vehicles
vehicle_idx, capacity, cost_per_unit_distance
1,100,1
2,100,1
3,100,1
depot
node_idx,x,y
0,82,76
home delivery customers
node_idx,x,y,service_time,demand
1,57,69,15,20
2,80,55,15,2
3,98,5,15,9
4,14,24,15,6
5,20,70,15,2
6,98,14,15,12
7,5,42,15,4
8,49,8,15,6
self pickup customers
node_idx,x,y,service_time,demand,locker_idxs
9,91,2,15,19,13-18
10,42,9,15,8,16-18-20-21-19
11,61,59,15,3,15-17-20-21-19
flexible customers
node_idx,x,y,service_time,demand,locker_idxs
12,50,5,15,21,18-19-21-20-16
lockers
node_idx,x,y,service_time,capacity,cost_per_unit_good
13,93,12,10,90,100
14,22,88,10,70,100
15,65,88,10,90,100
16,25,15,10,99,100
17,77,88,10,72,100
18,72,14,10,98,100
19,55,36,10,89,100
20,43,40,10,86,100
21,50,34,10,100,100
mrt lines
start_node_idx,end_node_idx,freight_capacity,cost_per_unit_good
13,14,90,1
14,13,90,1
15,16,99,1
16,15,99,1
17,18,98,1
18,17,98,1
distance matrix
,0,1,2,3,4,5,6,7,8,9,10,11,12,13,14,15,16,17,18,19,20,21,
0,0.0,25.96,21.1,72.78,85.6,62.29,64.03,84.17,75.58,74.55,78.03,27.02,77.88,64.94,61.19,20.81,83.49,13.0,62.8,48.26,53.08,52.8
1,25.96,0.0,26.93,76.01,62.24,37.01,68.6,58.59,61.52,75.13,61.85,10.77,64.38,67.42,39.82,20.62,62.77,27.59,57.01,33.06,32.2,35.69
2,21.1,26.93,0.0,53.14,72.92,61.85,44.78,76.12,56.3,54.13,59.67,19.42,58.31,44.92,66.73,36.25,68.01,33.14,41.77,31.4,39.92,36.62
3,72.78,76.01,53.14,0.0,86.12,101.53,9.0,100.09,49.09,7.62,56.14,65.46,48.0,8.6,112.54,89.32,73.68,85.62,27.51,53.01,65.19,56.08
4,85.6,62.24,72.92,86.12,0.0,46.39,84.59,20.12,38.48,80.08,31.76,58.6,40.71,79.91,64.5,81.84,14.21,89.81,58.86,42.72,33.12,37.36
5,62.29,37.01,61.85,101.53,46.39,0.0,96.02,31.76,68.45,98.31,64.85,42.45,71.59,93.24,18.11,48.47,55.23,59.77,76.42,48.8,37.8,46.86
6,64.03,68.6,44.78,9.0,84.59,96.02,0.0,97.12,49.37,13.89,56.22,58.26,48.84,5.39,106.08,81.02,73.01,76.92,26.0,48.3,60.84,52.0
7,84.17,58.59,76.12,100.09,20.12,31.76,97.12,0.0,55.61,94.85,49.58,58.52,58.26,92.97,49.04,75.6,33.6,85.44,72.62,50.36,38.05,45.71
8,75.58,61.52,56.3,49.09,38.48,68.45,49.37,55.61,0.0,42.43,7.07,52.39,3.16,44.18,84.43,81.58,25.0,84.76,23.77,28.64,32.56,26.02
9,74.55,75.13,54.13,7.62,80.08,98.31,13.89,94.85,42.43,0.0,49.5,64.41,41.11,10.2,110.26,89.84,67.27,87.13,22.47,49.52,61.22,52.01
10,78.03,61.85,59.67,56.14,31.76,64.85,56.22,49.58,7.07,49.5,0.0,53.49,8.94,51.09,81.49,82.28,18.03,86.41,30.41,29.97,31.02,26.25
11,27.02,10.77,19.42,65.46,58.6,42.45,58.26,58.52,52.39,64.41,53.49,0.0,55.11,56.86,48.6,29.27,56.85,33.12,46.32,23.77,26.17,27.31
12,77.88,64.38,58.31,48.0,40.71,71.59,48.84,58.26,3.16,41.11,8.94,55.11,0.0,43.57,87.6,84.34,26.93,87.28,23.77,31.4,35.69,29.0
13,64.94,67.42,44.92,8.6,79.91,93.24,5.39,92.97,44.18,10.2,51.09,56.86,43.57,0.0,104.0,80.99,68.07,77.67,21.1,44.94,57.31,48.3
14,61.19,39.82,66.73,112.54,64.5,18.11,106.08,49.04,84.43,110.26,81.49,48.6,87.6,104.0,0.0,43.0,73.06,55.0,89.31,61.59,52.39,60.83
15,20.81,20.62,36.25,89.32,81.84,48.47,81.02,75.6,81.58,89.84,82.28,29.27,84.34,80.99,43.0,0.0,83.24,12.0,74.33,52.95,52.8,56.04
16,83.49,62.77,68.01,73.68,14.21,55.23,73.01,33.6,25.0,67.27,18.03,56.85,26.93,68.07,73.06,83.24,0.0,89.63,47.01,36.62,30.81,31.4
17,13.0,27.59,33.14,85.62,89.81,59.77,76.92,85.44,84.76,87.13,86.41,33.12,87.28,77.67,55.0,12.0,89.63,0.0,74.17,56.46,58.82,60.37
18,62.8,57.01,41.77,27.51,58.86,76.42,26.0,72.62,23.77,22.47,30.41,46.32,23.77,21.1,89.31,74.33,47.01,74.17,0.0,27.8,38.95,29.73
19,48.26,33.06,31.4,53.01,42.72,48.8,48.3,50.36,28.64,49.52,29.97,23.77,31.4,44.94,61.59,52.95,36.62,56.46,27.8,0.0,12.65,5.39
20,53.08,32.2,39.92,65.19,33.12,37.8,60.84,38.05,32.56,61.22,31.02,26.17,35.69,57.31,52.39,52.8,30.81,58.82,38.95,12.65,0.0,9.22
21,52.8,35.69,36.62,56.08,37.36,46.86,52.0,45.71,26.02,52.01,26.25,27.31,29.0,48.3,60.83,56.04,31.4,60.37,29.73,5.39,9.22,0.0
