set K:= 1	2	3;
set C_H:= 1	2	3	4	5	6	7	8	9;
set C_S:= 10	11	12	13;
set C_F:= 14;
set M:= 15	16	17	18;
set L_B:= 19	20	21;
set A1:=
(0,*) 1 2 3 4 5 6 7 8 9 14 15 16 17 18 19 20 21
(1,*) 0 2 3 4 5 6 7 8 9 14 15 16 17 18 19 20 21
(2,*) 0 1 3 4 5 6 7 8 9 14 15 16 17 18 19 20 21
(3,*) 0 1 2 4 5 6 7 8 9 14 15 16 17 18 19 20 21
(4,*) 0 1 2 3 5 6 7 8 9 14 15 16 17 18 19 20 21
(5,*) 0 1 2 3 4 6 7 8 9 14 15 16 17 18 19 20 21
(6,*) 0 1 2 3 4 5 7 8 9 14 15 16 17 18 19 20 21
(7,*) 0 1 2 3 4 5 6 8 9 14 15 16 17 18 19 20 21
(8,*) 0 1 2 3 4 5 6 7 9 14 15 16 17 18 19 20 21
(9,*) 0 1 2 3 4 5 6 7 8 14 15 16 17 18 19 20 21
(14,*) 0 1 2 3 4 5 6 7 8 9 15 16 17 18 19 20 21
(15,*) 0 1 2 3 4 5 6 7 8 9 14 16 17 18 19 20 21
(16,*) 0 1 2 3 4 5 6 7 8 9 14 15 17 18 19 20 21
(17,*) 0 1 2 3 4 5 6 7 8 9 14 15 16 18 19 20 21
(18,*) 0 1 2 3 4 5 6 7 8 9 14 15 16 17 19 20 21
(19,*) 0 1 2 3 4 5 6 7 8 9 14 15 16 17 18 20 21
(20,*) 0 1 2 3 4 5 6 7 8 9 14 15 16 17 18 19 21
(21,*) 0 1 2 3 4 5 6 7 8 9 14 15 16 17 18 19 20
;
set A2:=
(15,*) 16
(16,*) 15
(17,*) 18
(18,*) 17
;
param BigM:=99999;
param n:= 3;
param d:=
1	8
2	24
3	18
4	1
5	14
6	9
7	6
8	19
9	16
10	19
11	22
12	21
13	2
14	14
;
param Q:=100;
param w:=
[15,*] 16 1
[16,*] 15 1
[17,*] 18 1
[18,*] 17 1
;
param V:=
[15,*] 16 83
[16,*] 15 83
[17,*] 18 96
[18,*] 17 96
;
param f:=
15	100
16	100
17	100
18	100
19	100
20	100
21	100
;
param e:
	15	16	17	18	19	20	21:=
10	1	0	0	0	0	0	0	
11	0	1	0	0	0	0	1	
12	0	0	0	1	0	0	0	
13	0	0	1	0	1	1	0	
14	0	0	1	0	0	1	0	
;
param p:=
1	1
2	1
3	1
;
param G:=
15	75
16	83
17	96
18	87
19	73
20	87
21	99
;
param s:=
0	0
1	15
2	15
3	15
4	15
5	15
6	15
7	15
8	15
9	15
14	15
15	10
16	10
17	10
18	10
19	10
20	10
21	10
;
param t:
	0	1	2	3	4	5	6	7	8	9	10	11	12	13	14	15	16	17	18	19	20	21:=
0	0.0	79.23	73.82	25.71	76.84	101.41	72.78	85.6	97.58	37.05	74.55	81.74	77.88	21.1	16.28	64.94	61.19	20.81	83.49	45.97	27.46	55.54
1	79.23	0.0	119.75	90.48	52.5	72.03	122.29	59.03	75.66	91.71	118.93	17.12	90.21	81.6	84.9	114.02	19.92	62.29	70.52	59.67	59.81	39.6
2	73.82	119.75	0.0	48.26	79.48	88.28	5.39	81.74	80.1	37.11	2.24	110.94	43.05	53.6	57.56	9.0	110.75	89.49	69.05	60.14	67.23	80.28
3	25.71	90.48	48.26	0.0	71.57	92.57	47.07	78.77	86.95	12.65	49.09	88.12	59.67	8.94	9.49	39.32	75.66	43.57	72.56	39.62	30.68	57.08
4	76.84	52.5	79.48	71.57	0.0	26.08	83.49	9.43	25.71	65.38	78.0	37.59	41.11	65.19	71.69	76.66	56.08	72.47	18.03	32.31	49.41	25.06
5	101.41	72.03	88.28	92.57	26.08	0.0	93.13	16.64	8.54	84.15	86.37	55.15	45.28	87.46	94.34	88.02	79.83	98.41	20.62	55.61	74.28	51.11
6	72.78	122.29	5.39	47.07	83.49	93.13	0.0	86.12	85.02	36.77	7.62	114.06	48.0	53.14	56.52	8.6	112.54	89.32	73.68	62.63	68.24	83.01
7	85.6	59.03	81.74	78.77	9.43	16.64	86.12	0.0	17.03	71.59	80.08	43.01	40.71	72.92	79.61	79.91	64.5	81.84	14.21	40.31	58.26	34.48
8	97.58	75.66	80.1	86.95	25.71	8.54	85.02	17.03	0.0	77.88	78.16	59.23	37.05	82.42	89.4	80.16	81.5	96.25	14.42	51.62	70.94	50.33
9	37.05	91.71	37.11	12.65	65.38	84.15	36.77	71.59	77.88	0.0	37.66	86.98	48.08	16.49	21.02	28.46	79.03	52.55	63.69	35.36	33.3	55.08
10	74.55	118.93	2.24	49.09	78.0	86.37	7.62	80.08	78.16	37.66	0.0	109.86	41.11	54.13	58.31	10.2	110.26	89.84	67.27	59.4	67.12	79.4
11	81.74	17.12	110.94	88.12	37.59	55.15	114.06	43.01	59.23	86.98	109.86	0.0	77.47	79.63	84.15	106.17	31.14	68.01	55.46	52.39	58.14	31.95
12	77.88	90.21	43.05	59.67	41.11	45.28	48.0	40.71	37.05	48.08	41.11	77.47	0.0	58.31	65.19	43.57	87.6	84.34	26.93	39.01	56.72	52.55
13	21.1	81.6	53.6	8.94	65.19	87.46	53.14	72.92	82.42	16.49	54.13	79.63	58.31	0.0	7.07	44.92	66.73	36.25	68.01	32.89	21.84	49.01
14	16.28	84.9	57.56	9.49	71.69	94.34	56.52	79.61	89.4	21.02	58.31	84.15	65.19	7.07	0.0	48.66	68.94	34.41	75.0	39.4	26.02	54.33
15	64.94	114.02	9.0	39.32	76.66	88.02	8.6	79.91	80.16	28.46	10.2	106.17	43.57	44.92	48.66	0.0	104.0	80.99	68.07	54.41	59.64	74.89
16	61.19	19.92	110.75	75.66	56.08	79.83	112.54	64.5	81.5	79.03	110.26	31.14	87.6	66.73	68.94	104.0	0.0	43.0	73.06	51.62	45.8	35.17
17	20.81	62.29	89.49	43.57	72.47	98.41	89.32	81.84	96.25	52.55	89.84	68.01	84.34	36.25	34.41	80.99	43.0	0.0	83.24	46.82	27.66	48.08
18	83.49	70.52	69.05	72.56	18.03	20.62	73.68	14.21	14.42	63.69	67.27	55.46	26.93	68.01	75.0	68.07	73.06	83.24	0.0	37.64	57.2	39.46
19	45.97	59.67	60.14	39.62	32.31	55.61	62.63	40.31	51.62	35.36	59.4	52.39	39.01	32.89	39.4	54.41	51.62	46.82	37.64	0.0	19.72	20.59
20	27.46	59.81	67.23	30.68	49.41	74.28	68.24	58.26	70.94	33.3	67.12	58.14	56.72	21.84	26.02	59.64	45.8	27.66	57.2	19.72	0.0	28.86
21	55.54	39.6	80.28	57.08	25.06	51.11	83.01	34.48	50.33	55.08	79.4	31.95	52.55	49.01	54.33	74.89	35.17	48.08	39.46	20.59	28.86	0.0
;
