vehicles
vehicle_idx, capacity, cost_per_unit_distance
1,100,1
2,100,1
3,100,1
depot
node_idx,x,y
0,82,76
home delivery customers
node_idx,x,y,service_time,demand
1,5,42,15,4
2,42,9,15,8
3,93,3,15,24
4,20,70,15,2
5,96,44,15,19
6,1,65,15,22
7,49,8,15,6
self pickup customers
node_idx,x,y,service_time,demand,locker_idxs
8,2,39,15,16,15
9,84,25,15,16,12-20-17
10,50,5,15,21,15-18-17
flexible customers
node_idx,x,y,service_time,demand,locker_idxs
11,29,89,15,7,14-19-13
lockers
node_idx,x,y,service_time,capacity,cost_per_unit_good
12,93,12,10,81,100
13,22,88,10,88,100
14,65,88,10,79,100
15,25,15,10,84,100
16,77,88,10,93,100
17,72,14,10,77,100
18,45,40,10,71,100
19,46,75,10,71,100
20,59,48,10,94,100
mrt lines
start_node_idx,end_node_idx,freight_capacity,cost_per_unit_good
12,13,88,1
13,12,88,1
14,15,84,1
15,14,84,1
16,17,93,1
17,16,93,1
distance matrix
,0,1,2,3,4,5,6,7,8,9,10,11,12,13,14,15,16,17,18,19,20,
0,0.0,84.17,78.03,73.82,62.29,34.93,81.74,75.58,88.14,51.04,77.88,54.57,64.94,61.19,20.81,83.49,13.0,62.8,51.62,36.01,36.24
1,84.17,0.0,49.58,96.25,31.76,91.02,23.35,55.61,4.24,80.81,58.26,52.77,92.97,49.04,75.6,33.6,85.44,72.62,40.05,52.63,54.33
2,78.03,49.58,0.0,51.35,64.85,64.35,69.4,7.07,50.0,44.94,8.94,81.05,51.09,81.49,82.28,18.03,86.41,30.41,31.14,66.12,42.54
3,73.82,96.25,51.35,0.0,99.09,41.11,110.94,44.28,97.86,23.77,43.05,107.2,9.0,110.75,89.49,69.05,86.49,23.71,60.61,85.98,56.4
4,62.29,31.76,64.85,99.09,0.0,80.32,19.65,68.45,35.85,78.24,71.59,21.02,93.24,18.11,48.47,55.23,59.77,76.42,39.05,26.48,44.78
5,34.93,91.02,64.35,41.11,80.32,0.0,97.29,59.2,94.13,22.47,60.31,80.71,32.14,86.09,53.82,76.69,47.93,38.42,51.16,58.83,37.22
6,81.74,23.35,69.4,110.94,19.65,97.29,0.0,74.52,26.02,92.14,77.47,36.88,106.17,31.14,68.01,55.46,79.4,87.42,50.61,46.1,60.44
7,75.58,55.61,7.07,44.28,68.45,59.2,74.52,0.0,56.3,38.91,3.16,83.43,44.18,84.43,81.58,25.0,84.76,23.77,32.25,67.07,41.23
8,88.14,4.24,50.0,97.86,35.85,94.13,26.02,56.3,0.0,83.19,58.82,56.82,94.92,52.92,79.81,33.24,89.59,74.33,43.01,56.85,57.71
9,51.04,80.81,44.94,23.77,78.24,22.47,92.14,38.91,83.19,0.0,39.45,84.39,15.81,88.39,65.8,59.84,63.39,16.28,41.79,62.8,33.97
10,77.88,58.26,8.94,43.05,71.59,60.31,77.47,3.16,58.82,39.45,0.0,86.59,43.57,87.6,84.34,26.93,87.28,23.77,35.36,70.11,43.93
11,54.57,52.77,81.05,107.2,21.02,80.71,36.88,83.43,56.82,84.39,86.59,0.0,100.12,7.07,36.01,74.11,48.01,86.45,51.55,22.02,50.8
12,64.94,92.97,51.09,9.0,93.24,32.14,106.17,44.18,94.92,15.81,43.57,100.12,0.0,104.0,80.99,68.07,77.67,21.1,55.57,78.6,49.52
13,61.19,49.04,81.49,110.75,18.11,86.09,31.14,84.43,52.92,88.39,87.6,7.07,104.0,0.0,43.0,73.06,55.0,89.31,53.23,27.29,54.49
14,20.81,75.6,82.28,89.49,48.47,53.82,68.01,81.58,79.81,65.8,84.34,36.01,80.99,43.0,0.0,83.24,12.0,74.33,52.0,23.02,40.45
15,83.49,33.6,18.03,69.05,55.23,76.69,55.46,25.0,33.24,59.84,26.93,74.11,68.07,73.06,83.24,0.0,89.63,47.01,32.02,63.57,47.38
16,13.0,85.44,86.41,86.49,59.77,47.93,79.4,84.76,89.59,63.39,87.28,48.01,77.67,55.0,12.0,89.63,0.0,74.17,57.69,33.62,43.86
17,62.8,72.62,30.41,23.71,76.42,38.42,87.42,23.77,74.33,16.28,23.77,86.45,21.1,89.31,74.33,47.01,74.17,0.0,37.48,66.31,36.4
18,51.62,40.05,31.14,60.61,39.05,51.16,50.61,32.25,43.01,41.79,35.36,51.55,55.57,53.23,52.0,32.02,57.69,37.48,0.0,35.01,16.12
19,36.01,52.63,66.12,85.98,26.48,58.83,46.1,67.07,56.85,62.8,70.11,22.02,78.6,27.29,23.02,63.57,33.62,66.31,35.01,0.0,29.97
20,36.24,54.33,42.54,56.4,44.78,37.22,60.44,41.23,57.71,33.97,43.93,50.8,49.52,54.49,40.45,47.38,43.86,36.4,16.12,29.97,0.0
