set K:= 1	2	3;
set C_H:= 1	2	3	4	5	6	7	8	9;
set C_S:= 10	11	12	13;
set C_F:= 14;
set M:= 15	16;
set L_B:= 17	18	19;
set A1:=
(0,*) 1 2 3 4 5 6 7 8 9 14 15 16 17 18 19
(1,*) 0 2 3 4 5 6 7 8 9 14 15 16 17 18 19
(2,*) 0 1 3 4 5 6 7 8 9 14 15 16 17 18 19
(3,*) 0 1 2 4 5 6 7 8 9 14 15 16 17 18 19
(4,*) 0 1 2 3 5 6 7 8 9 14 15 16 17 18 19
(5,*) 0 1 2 3 4 6 7 8 9 14 15 16 17 18 19
(6,*) 0 1 2 3 4 5 7 8 9 14 15 16 17 18 19
(7,*) 0 1 2 3 4 5 6 8 9 14 15 16 17 18 19
(8,*) 0 1 2 3 4 5 6 7 9 14 15 16 17 18 19
(9,*) 0 1 2 3 4 5 6 7 8 14 15 16 17 18 19
(14,*) 0 1 2 3 4 5 6 7 8 9 15 16 17 18 19
(15,*) 0 1 2 3 4 5 6 7 8 9 14 16 17 18 19
(16,*) 0 1 2 3 4 5 6 7 8 9 14 15 17 18 19
(17,*) 0 1 2 3 4 5 6 7 8 9 14 15 16 18 19
(18,*) 0 1 2 3 4 5 6 7 8 9 14 15 16 17 19
(19,*) 0 1 2 3 4 5 6 7 8 9 14 15 16 17 18
;
set A2:=
(15,*) 16
(16,*) 15
;
param BigM:=99999;
param n:= 3;
param d:=
1	1
2	21
3	16
4	9
5	12
6	19
7	24
8	6
9	3
10	2
11	12
12	8
13	16
14	21
;
param Q:=100;
param w:=
[15,*] 16 1
[16,*] 15 1
;
param V:=
[15,*] 16 88
[16,*] 15 88
;
param f:=
15	100
16	100
17	100
18	100
19	100
;
param e:
	15	16	17	18	19:=
10	0	1	0	0	1	
11	0	0	1	1	1	
12	0	1	0	0	0	
13	0	0	0	0	1	
14	0	0	0	1	0	
;
param p:=
1	1
2	1
3	1
;
param G:=
15	88
16	70
17	85
18	93
19	76
;
param s:=
0	0
1	15
2	15
3	15
4	15
5	15
6	15
7	15
8	15
9	15
14	15
15	10
16	10
17	10
18	10
19	10
;
param t:
	0	1	2	3	4	5	6	7	8	9	10	11	12	13	14	15	16	17	18	19:=
0	0.0	76.84	77.88	37.05	72.78	64.03	34.93	25.24	75.58	27.02	62.29	51.88	79.23	88.14	28.84	64.94	61.19	43.86	33.42	52.33
1	76.84	0.0	41.11	65.38	83.49	81.02	77.93	51.61	38.42	49.93	38.01	39.05	52.5	18.38	81.49	76.66	56.08	35.11	45.69	26.4
2	77.88	41.11	0.0	48.08	48.0	48.84	60.31	58.05	3.16	55.11	71.59	26.25	90.21	58.82	67.18	43.57	87.6	39.05	46.32	50.29
3	37.05	65.38	48.08	0.0	36.77	28.65	13.0	32.53	46.75	30.48	71.11	27.51	91.71	82.0	19.1	28.46	79.03	32.39	25.5	50.96
4	72.78	83.49	48.0	36.77	0.0	9.0	39.05	67.96	49.09	65.46	101.53	47.17	122.29	101.84	47.0	8.6	112.54	60.31	58.26	79.2
5	64.03	81.02	48.84	28.65	9.0	0.0	30.07	60.61	49.37	58.26	96.02	43.08	116.83	99.2	38.0	5.39	106.08	54.92	51.62	74.09
6	34.93	77.93	60.31	13.0	39.05	30.07	0.0	39.36	59.2	38.08	80.32	40.5	100.46	94.13	8.25	32.14	86.09	44.0	35.51	61.66
7	25.24	51.61	58.05	32.53	67.96	60.61	39.36	0.0	55.32	3.0	41.77	32.14	61.35	63.32	38.33	59.36	46.87	20.12	12.0	27.51
8	75.58	38.42	3.16	46.75	49.09	49.37	59.2	55.32	0.0	52.39	68.45	23.77	87.13	56.3	65.86	44.18	84.43	36.12	43.68	47.13
9	27.02	49.93	55.11	30.48	65.46	58.26	38.08	3.0	52.39	0.0	42.45	29.15	62.39	62.3	37.66	56.86	48.6	17.49	9.0	26.68
10	62.29	38.01	71.59	71.11	101.53	96.02	80.32	41.77	68.45	42.45	0.0	55.17	20.81	35.85	80.05	93.24	18.11	41.23	45.62	22.67
11	51.88	39.05	26.25	27.51	47.17	43.08	40.5	32.14	23.77	29.15	55.17	0.0	75.69	56.72	45.65	39.36	68.26	15.23	20.22	32.53
12	79.23	52.5	90.21	91.71	122.29	116.83	100.46	61.35	87.13	62.39	20.81	75.69	0.0	43.01	99.62	114.02	19.92	62.01	66.24	43.19
13	88.14	18.38	58.82	82.0	101.84	99.2	94.13	63.32	56.3	62.3	35.85	56.72	43.01	0.0	96.88	94.92	52.92	50.25	60.02	35.85
14	28.84	81.49	67.18	19.1	47.0	38.0	8.25	38.33	65.86	37.66	80.05	45.65	99.62	96.88	0.0	40.31	84.1	46.69	37.05	63.01
15	64.94	76.66	43.57	28.46	8.6	5.39	32.14	59.36	44.18	56.86	93.24	39.36	114.02	94.92	40.31	0.0	104.0	52.01	49.68	71.03
16	61.19	56.08	87.6	79.03	112.54	106.08	86.09	46.87	84.43	48.6	18.11	68.26	19.92	52.92	84.1	104.0	0.0	53.25	54.45	37.34
17	43.86	35.11	39.05	32.39	60.31	54.92	44.0	20.12	36.12	17.49	41.23	15.23	62.01	50.25	46.69	52.01	53.25	0.0	10.82	19.24
18	33.42	45.69	46.32	25.5	58.26	51.62	35.51	12.0	43.68	9.0	45.62	20.22	66.24	60.02	37.05	49.68	54.45	10.82	0.0	26.17
19	52.33	26.4	50.29	50.96	79.2	74.09	61.66	27.51	47.13	26.68	22.67	32.53	43.19	35.85	63.01	71.03	37.34	19.24	26.17	0.0
;
