set K:= 1	2	3;
set C_H:= 1	2	3	4	5	6	7;
set C_S:= 8	9	10;
set C_F:= 11;
set M:= 12	13	14	15;
set L_B:= 16	17	18;
set A1:=
(0,*) 1 2 3 4 5 6 7 11 12 13 14 15 16 17 18
(1,*) 0 2 3 4 5 6 7 11 12 13 14 15 16 17 18
(2,*) 0 1 3 4 5 6 7 11 12 13 14 15 16 17 18
(3,*) 0 1 2 4 5 6 7 11 12 13 14 15 16 17 18
(4,*) 0 1 2 3 5 6 7 11 12 13 14 15 16 17 18
(5,*) 0 1 2 3 4 6 7 11 12 13 14 15 16 17 18
(6,*) 0 1 2 3 4 5 7 11 12 13 14 15 16 17 18
(7,*) 0 1 2 3 4 5 6 11 12 13 14 15 16 17 18
(11,*) 0 1 2 3 4 5 6 7 12 13 14 15 16 17 18
(12,*) 0 1 2 3 4 5 6 7 11 13 14 15 16 17 18
(13,*) 0 1 2 3 4 5 6 7 11 12 14 15 16 17 18
(14,*) 0 1 2 3 4 5 6 7 11 12 13 15 16 17 18
(15,*) 0 1 2 3 4 5 6 7 11 12 13 14 16 17 18
(16,*) 0 1 2 3 4 5 6 7 11 12 13 14 15 17 18
(17,*) 0 1 2 3 4 5 6 7 11 12 13 14 15 16 18
(18,*) 0 1 2 3 4 5 6 7 11 12 13 14 15 16 17
;
set A2:=
(12,*) 13
(13,*) 12
(14,*) 15
(15,*) 14
;
param BigM:=99999;
param n:= 3;
param d:=
1	6
2	21
3	8
4	2
5	24
6	16
7	3
8	14
9	9
10	19
11	7
;
param Q:=100;
param w:=
[12,*] 13 1
[13,*] 12 1
[14,*] 15 1
[15,*] 14 1
;
param V:=
[12,*] 13 100
[13,*] 12 100
[14,*] 15 97
[15,*] 14 97
;
param f:=
12	100
13	100
14	100
15	100
16	100
17	100
18	100
;
param e:
	12	13	14	15	16	17	18:=
8	0	0	1	0	1	0	1	
9	1	0	0	0	0	0	0	
10	1	0	0	0	0	0	0	
11	0	1	1	0	0	1	0	
;
param p:=
1	1
2	1
3	1
;
param G:=
12	100
13	85
14	97
15	93
16	86
17	80
18	81
;
param s:=
0	0
1	15
2	15
3	15
4	15
5	15
6	15
7	15
11	15
12	10
13	10
14	10
15	10
16	10
17	10
18	10
;
param t:
	0	1	2	3	4	5	6	7	8	9	10	11	12	13	14	15	16	17	18:=
0	0.0	75.58	28.84	78.03	21.1	73.82	88.14	27.02	16.28	72.78	34.93	54.57	64.94	61.19	20.81	83.49	39.6	43.83	13.04
1	75.58	0.0	65.86	7.07	56.3	44.28	56.3	52.39	63.25	49.09	59.2	83.43	44.18	84.43	81.58	25.0	40.31	48.37	83.17
2	28.84	65.86	0.0	70.6	18.25	49.25	96.88	37.66	15.26	47.0	8.25	78.29	40.31	84.1	48.84	81.84	44.18	55.15	41.88
3	78.03	7.07	70.6	0.0	59.67	51.35	50.0	53.49	66.71	56.14	64.35	81.05	51.09	81.49	82.28	18.03	40.8	47.01	84.69
4	21.1	56.3	18.25	59.67	0.0	53.6	79.62	19.42	7.07	53.14	19.42	61.29	44.92	66.73	36.25	68.01	26.93	37.01	32.39
5	73.82	44.28	49.25	51.35	53.6	0.0	97.86	64.5	57.56	5.39	41.11	107.2	9.0	110.75	89.49	69.05	59.55	72.86	85.91
6	88.14	56.3	96.88	50.0	79.62	97.86	0.0	62.3	85.62	101.84	94.13	56.82	94.92	52.92	79.81	33.24	52.77	44.38	87.37
7	27.02	52.39	37.66	53.49	19.42	64.5	62.3	0.0	24.02	65.46	38.08	43.86	56.86	48.6	29.27	56.85	13.04	18.25	31.3
8	16.28	63.25	15.26	66.71	7.07	57.56	85.62	24.02	0.0	56.52	19.42	63.06	48.66	68.94	34.41	75.0	33.24	42.19	28.79
9	72.78	49.09	47.0	56.14	53.14	5.39	101.84	65.46	56.52	0.0	39.05	108.71	8.6	112.54	89.32	73.68	61.52	75.01	85.16
10	34.93	59.2	8.25	64.35	19.42	41.11	94.13	38.08	19.42	39.05	0.0	80.71	32.14	86.09	53.82	76.69	42.19	54.34	47.85
11	54.57	83.43	78.29	81.05	61.29	107.2	56.82	43.86	63.06	108.71	80.71	0.0	100.12	7.07	36.01	74.11	48.02	35.85	46.04
12	64.94	44.18	40.31	51.09	44.92	9.0	94.92	56.86	48.66	8.6	32.14	100.12	0.0	104.0	80.99	68.07	53.08	66.6	77.13
13	61.19	84.43	84.1	81.49	66.73	110.75	52.92	48.6	68.94	112.54	86.09	7.07	104.0	0.0	43.0	73.06	51.22	38.28	53.01
14	20.81	81.58	48.84	82.28	36.25	89.49	79.81	29.27	34.41	89.32	53.82	36.01	80.99	43.0	0.0	83.24	41.48	38.83	10.05
15	83.49	25.0	81.84	18.03	68.01	69.05	33.24	56.85	75.0	73.68	76.69	74.11	68.07	73.06	83.24	0.0	43.93	44.78	87.66
16	39.6	40.31	44.18	40.8	26.93	59.55	52.77	13.04	33.24	61.52	42.19	48.02	53.08	51.22	41.48	43.93	0.0	13.6	44.29
17	43.83	48.37	55.15	47.01	37.01	72.86	44.38	18.25	42.19	75.01	54.34	35.85	66.6	38.28	38.83	44.78	13.6	0.0	44.55
18	13.04	83.17	41.88	84.69	32.39	85.91	87.37	31.3	28.79	85.16	47.85	46.04	77.13	53.01	10.05	87.66	44.29	44.55	0.0
;
