set K:= 1	2	3	4;
set C_H:= 1	2	3	4;
set C_S:= 5	6	7	8;
set C_F:= 9	10	11	12;
set M:= 13	14	15	16	17	18;
set L_B:= 19	20	21	22;
set A1:=
(0,*) 1 2 3 4 9 10 11 12 13 14 15 16 17 18 19 20 21 22 23
(1,*) 0 2 3 4 9 10 11 12 13 14 15 16 17 18 19 20 21 22 23
(2,*) 0 1 3 4 9 10 11 12 13 14 15 16 17 18 19 20 21 22 23
(3,*) 0 1 2 4 9 10 11 12 13 14 15 16 17 18 19 20 21 22 23
(4,*) 0 1 2 3 9 10 11 12 13 14 15 16 17 18 19 20 21 22 23
(9,*) 0 1 2 3 4 10 11 12 13 14 15 16 17 18 19 20 21 22 23
(10,*) 0 1 2 3 4 9 11 12 13 14 15 16 17 18 19 20 21 22 23
(11,*) 0 1 2 3 4 9 10 12 13 14 15 16 17 18 19 20 21 22 23
(12,*) 0 1 2 3 4 9 10 11 13 14 15 16 17 18 19 20 21 22 23
(13,*) 0 1 2 3 4 9 10 11 12 14 15 16 17 18 19 20 21 22 23
(14,*) 0 1 2 3 4 9 10 11 12 13 15 16 17 18 19 20 21 22 23
(15,*) 0 1 2 3 4 9 10 11 12 13 14 16 17 18 19 20 21 22 23
(16,*) 0 1 2 3 4 9 10 11 12 13 14 15 17 18 19 20 21 22 23
(17,*) 0 1 2 3 4 9 10 11 12 13 14 15 16 18 19 20 21 22 23
(18,*) 0 1 2 3 4 9 10 11 12 13 14 15 16 17 19 20 21 22 23
(19,*) 0 1 2 3 4 9 10 11 12 13 14 15 16 17 18 20 21 22 23
(20,*) 0 1 2 3 4 9 10 11 12 13 14 15 16 17 18 19 21 22 23
(21,*) 0 1 2 3 4 9 10 11 12 13 14 15 16 17 18 19 20 22 23
(22,*) 0 1 2 3 4 9 10 11 12 13 14 15 16 17 18 19 20 21 23
(23,*) 0 1 2 3 4 9 10 11 12 13 14 15 16 17 18 19 20 21 22
;
set A2:=
(13,*) 14
(14,*) 13
(15,*) 16
(16,*) 15
;
param BigM:=99999;
param n:= 4;
param d:=
1	6
2	21
3	21
4	18
5	9
6	12
7	15
8	24
9	14
10	2
11	19
12	19
;
param Q:=100;
param w:=
[13,*] 14 1.5
[14,*] 13 1.5
[15,*] 16 1.5
[16,*] 15 1.5
;
param V:=
[13,*] 14 88
[14,*] 13 88
[15,*] 16 88
[16,*] 15 88
;
param e:
	13	14	15	16	17	18	19	20	21	22:=
5		0		0		1		0		0		0		0		0		0		0	
6		0		0		0		0		0		0		1		0		0		0	
7		0		1		0		0		0		0		0		0		0		0	
8		0		0		0		1		0		0		0		0		0		0	
9		0		0		0		0		0		0		0		0		1		0	
10		0		0		0		0		0		0		0		0		1		1	
11		0		1		0		0		0		0		0		0		0		0	
12		0		0		1		0		0		0		0		0		0		0	
;
param p:=
1	1
2	1
3	1
4	1
;
param G:=
13	70
14	88
15	88
16	85
17	79
18	87
19	86
20	91
21	79
22	80
;
param s:=
0	0
1	10
2	10
3	10
4	10
9	10
10	10
11	10
12	10
13	10
14	10
15	10
16	10
17	10
18	10
19	10
20	10
21	10
22	10
;
param t:
	0	1	2	3	4	5	6	7	8	9	10	11	12	13	14	15	16	17	18	19	20	21	22	23:=
0	0.0	85.6	28.84	77.88	25.71	72.78	51.88	84.86	75.96	16.28	21.1	97.58	34.93	20.81	83.49	64.94	61.19	13.0	62.8	42.45	44.6	28.28	32.45	0.0
1	85.6	0.0	88.54	40.71	78.77	86.12	44.41	12.73	73.17	79.61	72.92	17.03	84.4	81.84	14.21	79.91	64.5	89.81	58.86	44.29	71.87	57.69	53.26	85.6
2	28.84	88.54	0.0	67.18	10.05	47.0	45.65	83.63	99.73	15.26	18.25	96.18	8.25	48.84	81.84	40.31	84.1	41.68	46.04	45.54	69.89	36.22	43.42	28.84
3	77.88	40.71	67.18	0.0	59.67	48.0	26.25	28.79	100.72	65.19	58.31	37.05	60.31	84.34	26.93	43.57	87.6	87.28	23.77	40.11	86.58	52.39	53.24	77.88
4	25.71	78.77	10.05	59.67	0.0	47.07	36.62	74.3	91.42	9.49	8.94	86.95	10.63	43.57	72.56	39.32	75.66	38.6	40.31	35.51	62.48	26.48	33.73	25.71
5	72.78	86.12	47.0	48.0	47.07	0.0	47.17	75.66	128.0	56.52	53.14	85.02	39.05	89.32	73.68	8.6	112.54	85.62	27.51	60.21	103.73	62.43	68.25	72.78
6	51.88	44.41	45.65	26.25	36.62	47.17	0.0	38.08	83.01	40.36	33.3	50.54	40.5	58.42	36.25	39.36	68.26	61.03	21.26	15.81	63.6	26.31	28.16	51.88
7	84.86	12.73	83.63	28.79	74.3	75.66	38.08	0.0	83.19	76.61	69.63	12.81	78.55	84.22	2.0	70.06	73.01	90.8	49.01	42.43	77.88	56.59	53.6	84.86
8	75.96	73.17	99.73	100.72	91.42	128.0	83.01	83.19	0.0	84.53	82.49	90.09	101.87	56.72	83.55	119.5	15.81	68.59	104.2	68.12	31.58	67.01	60.31	75.96
9	16.28	79.61	15.26	65.19	9.49	56.52	40.36	76.61	84.53	0.0	7.07	89.4	19.42	34.41	75.0	48.66	68.94	29.12	47.8	35.34	54.64	23.35	30.07	16.28
10	21.1	72.92	18.25	58.31	8.94	53.14	33.3	69.63	82.49	7.07	0.0	82.42	19.42	36.25	68.01	44.92	66.73	33.14	41.77	28.79	53.81	18.03	25.18	21.1
11	97.58	17.03	96.18	37.05	86.95	85.02	50.54	12.81	90.09	89.4	82.42	0.0	90.87	96.25	14.42	80.16	81.5	103.23	59.41	55.17	88.23	69.3	66.07	97.58
12	34.93	84.4	8.25	60.31	10.63	39.05	40.5	78.55	101.87	19.42	19.42	90.87	0.0	53.82	76.69	32.14	86.09	47.93	38.42	43.01	73.11	36.06	43.32	34.93
13	20.81	81.84	48.84	84.34	43.57	89.32	58.42	84.22	56.72	34.41	36.25	96.25	53.82	0.0	83.24	80.99	43.0	12.0	74.33	44.64	25.18	32.14	31.62	20.81
14	83.49	14.21	81.84	26.93	72.56	73.68	36.25	2.0	83.55	75.0	68.01	14.42	76.69	83.24	0.0	68.07	73.06	89.63	47.01	41.04	77.47	55.23	52.43	83.49
15	64.94	79.91	40.31	43.57	39.32	8.6	39.36	70.06	119.5	48.66	44.92	80.16	32.14	80.99	68.07	0.0	104.0	77.67	21.1	51.86	95.13	53.82	59.67	64.94
16	61.19	64.5	84.1	87.6	75.66	112.54	68.26	73.01	15.81	68.94	66.73	81.5	86.09	43.0	73.06	104.0	0.0	55.0	89.31	53.01	18.25	51.22	44.6	61.19
17	13.0	89.81	41.68	87.28	38.6	85.62	61.03	90.8	68.59	29.12	33.14	103.23	47.93	12.0	89.63	77.67	55.0	0.0	74.17	49.24	37.12	35.34	37.2	13.0
18	62.8	58.86	46.04	23.77	40.31	27.51	21.26	49.01	104.2	47.8	41.77	59.41	38.42	74.33	47.01	21.1	89.31	74.17	0.0	36.36	83.38	43.17	47.17	62.8
19	42.45	44.29	45.54	40.11	35.51	60.21	15.81	42.43	68.12	35.34	28.79	55.17	43.01	44.64	41.04	51.86	53.01	49.24	36.36	0.0	47.8	14.21	13.15	42.45
20	44.6	71.87	69.89	86.58	62.48	103.73	63.6	77.88	31.58	54.64	53.81	88.23	73.11	25.18	77.47	95.13	18.25	37.12	83.38	47.8	0.0	41.34	36.25	44.6
21	28.28	57.69	36.22	52.39	26.48	62.43	26.31	56.59	67.01	23.35	18.03	69.3	36.06	32.14	55.23	53.82	51.22	35.34	43.17	14.21	41.34	0.0	7.28	28.28
22	32.45	53.26	43.42	53.24	33.73	68.25	28.16	53.6	60.31	30.07	25.18	66.07	43.32	31.62	52.43	59.67	44.6	37.2	47.17	13.15	36.25	7.28	0.0	32.45
;
