vehicles
vehicle_idx, capacity, cost_per_unit_distance
1,100,1
2,100,1
3,100,1
4,100,1
depot
node_idx,x,y
0,82,76
home delivery customers
node_idx,x,y,service_time,demand
1,98,52,10,21
2,50,5,10,21
3,2,39,10,16
4,20,70,10,2
5,98,5,10,9
6,98,14,10,12
self pickup customers
node_idx,x,y,service_time,demand,locker_idxs
7,88,51,10,18,24
8,50,93,10,8,17-21
9,1,65,10,22,20
10,19,32,10,1,25-18
11,29,89,10,7,20
flexible customers
node_idx,x,y,service_time,demand,locker_idxs
12,23,15,10,15,18
13,80,55,10,2,26-24
14,3,82,10,8,20
15,84,39,10,16,26
16,96,44,10,19,19
lockers
node_idx,x,y,service_time,capacity,cost_per_unit_good
17,65,88,10,88
18,25,15,10,82
19,93,12,10,71
20,22,88,10,78
21,77,88,10,98
22,72,14,10,84
23,49,49,10,80
24,66,63,10,97
25,30,41,10,84
26,64,38,10,99
mrt lines
start_node_idx,end_node_idx,freight_capacity,cost_per_unit_good
17,18,88,1.5
18,17,88,1.5
distance matrix
,0,1,2,3,4,5,6,7,8,9,10,11,12,13,14,15,16,17,18,19,20,21,22,23,24,25,26,
0,0.0,28.84,77.88,88.14,62.29,72.78,64.03,25.71,36.24,81.74,76.84,54.57,84.86,21.1,79.23,37.05,34.93,20.81,83.49,64.94,61.19,13.0,62.8,42.64,20.62,62.68,42.05
1,28.84,0.0,67.18,96.88,80.05,47.0,38.0,10.05,63.13,97.87,81.49,78.29,83.63,18.25,99.62,19.1,8.25,48.84,81.84,40.31,84.1,41.68,46.04,49.09,33.84,68.88,36.77
2,77.88,67.18,0.0,58.82,71.59,48.0,48.84,59.67,88.0,77.47,41.11,86.59,28.79,58.31,90.21,48.08,60.31,84.34,26.93,43.57,87.6,87.28,23.77,44.01,60.17,41.18,35.85
3,88.14,96.88,58.82,0.0,35.85,101.84,99.2,86.83,72.25,26.02,18.38,56.82,31.89,79.62,43.01,82.0,94.13,79.81,33.24,94.92,52.92,89.59,74.33,48.05,68.35,28.07,62.01
4,62.29,80.05,71.59,35.85,0.0,101.53,96.02,70.6,37.8,19.65,38.01,21.02,55.08,61.85,20.81,71.11,80.32,48.47,55.23,93.24,18.11,59.77,76.42,35.81,46.53,30.68,54.41
5,72.78,47.0,48.0,101.84,101.53,0.0,9.0,47.07,100.24,114.06,83.49,108.71,75.66,53.14,122.29,36.77,39.05,89.32,73.68,8.6,112.54,85.62,27.51,65.86,66.24,76.94,47.38
6,64.03,38.0,48.84,99.2,96.02,9.0,0.0,38.33,92.44,109.59,81.02,101.91,75.01,44.78,116.83,28.65,30.07,81.02,73.01,5.39,106.08,76.92,26.0,60.22,58.52,73.16,41.62
7,25.71,10.05,59.67,86.83,70.6,47.07,38.33,0.0,56.64,88.12,71.57,70.18,74.3,8.94,90.48,12.65,10.63,43.57,72.56,39.32,75.66,38.6,40.31,39.05,25.06,58.86,27.29
8,36.24,63.13,88.0,72.25,37.8,100.24,92.44,56.64,0.0,56.44,68.43,21.38,82.54,48.41,48.27,63.81,67.21,15.81,81.91,91.71,28.44,27.46,82.01,44.01,34.0,55.71,56.75
9,81.74,97.87,77.47,26.02,19.65,114.06,109.59,88.12,56.44,0.0,37.59,36.88,54.63,79.63,17.12,86.98,97.29,68.01,55.46,106.17,31.14,79.4,87.42,50.6,65.03,37.64,68.54
10,76.84,81.49,41.11,18.38,38.01,83.49,81.02,71.57,68.43,37.59,0.0,57.87,17.46,65.19,52.5,65.38,77.93,72.47,18.03,76.66,56.08,80.62,55.97,34.48,56.3,14.21,45.4
11,54.57,78.29,86.59,56.82,21.02,108.71,101.91,70.18,21.38,36.88,57.87,0.0,74.24,61.29,26.93,74.33,80.71,36.01,74.11,100.12,7.07,48.01,86.45,44.72,45.22,48.01,61.85
12,84.86,83.63,28.79,31.89,55.08,75.66,75.01,74.3,82.54,54.63,17.46,74.24,0.0,69.63,69.92,65.55,78.55,84.22,2.0,70.06,73.01,90.8,49.01,42.8,64.44,26.93,47.01
13,21.1,18.25,58.31,79.62,61.85,53.14,44.78,8.94,48.41,79.63,65.19,61.29,69.63,0.0,81.6,16.49,19.42,36.25,68.01,44.92,66.73,33.14,41.77,31.58,16.12,51.92,23.35
14,79.23,99.62,90.21,43.01,20.81,122.29,116.83,90.48,48.27,17.12,52.5,26.93,69.92,81.6,0.0,91.71,100.46,62.29,70.52,114.02,19.92,74.24,96.88,56.61,65.8,49.09,75.21
15,37.05,19.1,48.08,82.0,71.11,36.77,28.65,12.65,63.81,86.98,65.38,74.33,65.55,16.49,91.71,0.0,13.0,52.55,63.69,28.46,79.03,49.5,27.73,36.4,30.0,54.04,20.02
16,34.93,8.25,60.31,94.13,80.32,39.05,30.07,10.63,67.21,97.29,77.93,80.71,78.55,19.42,100.46,13.0,0.0,53.82,76.69,32.14,86.09,47.93,38.42,47.27,35.51,66.07,32.56
17,20.81,48.84,84.34,79.81,48.47,89.32,81.02,43.57,15.81,68.01,72.47,36.01,84.22,36.25,62.29,52.55,53.82,0.0,83.24,80.99,43.0,12.0,74.33,42.15,25.02,58.6,50.01
18,83.49,81.84,26.93,33.24,55.23,73.68,73.01,72.56,81.91,55.46,18.03,74.11,2.0,68.01,70.52,63.69,76.69,83.24,0.0,68.07,73.06,89.63,47.01,41.62,63.13,26.48,45.28
19,64.94,40.31,43.57,94.92,93.24,8.6,5.39,39.32,91.71,106.17,76.66,100.12,70.06,44.92,114.02,28.46,32.14,80.99,68.07,0.0,104.0,77.67,21.1,57.49,57.71,69.35,38.95
20,61.19,84.1,87.6,52.92,18.11,112.54,106.08,75.66,28.44,31.14,56.08,7.07,73.01,66.73,19.92,79.03,86.09,43.0,73.06,104.0,0.0,55.0,89.31,47.43,50.61,47.68,65.3
21,13.0,41.68,87.28,89.59,59.77,85.62,76.92,38.6,27.46,79.4,80.62,48.01,90.8,33.14,74.24,49.5,47.93,12.0,89.63,77.67,55.0,0.0,74.17,48.01,27.31,66.47,51.66
22,62.8,46.04,23.77,74.33,76.42,27.51,26.0,40.31,82.01,87.42,55.97,86.45,49.01,41.77,96.88,27.73,38.42,74.33,47.01,21.1,89.31,74.17,0.0,41.88,49.37,49.93,25.3
23,42.64,49.09,44.01,48.05,35.81,65.86,60.22,39.05,44.01,50.6,34.48,44.72,42.8,31.58,56.61,36.4,47.27,42.15,41.62,57.49,47.43,48.01,41.88,0.0,22.02,20.62,18.6
24,20.62,33.84,60.17,68.35,46.53,66.24,58.52,25.06,34.0,65.03,56.3,45.22,64.44,16.12,65.8,30.0,35.51,25.02,63.13,57.71,50.61,27.31,49.37,22.02,0.0,42.19,25.08
25,62.68,68.88,41.18,28.07,30.68,76.94,73.16,58.86,55.71,37.64,14.21,48.01,26.93,51.92,49.09,54.04,66.07,58.6,26.48,69.35,47.68,66.47,49.93,20.62,42.19,0.0,34.13
26,42.05,36.77,35.85,62.01,54.41,47.38,41.62,27.29,56.75,68.54,45.4,61.85,47.01,23.35,75.21,20.02,32.56,50.01,45.28,38.95,65.3,51.66,25.3,18.6,25.08,34.13,0.0
