vehicles
vehicle_idx, capacity, cost_per_unit_distance
1,100,1
2,100,1
3,100,1
4,100,1
depot
node_idx,x,y
0,82,76
home delivery customers
node_idx,x,y,service_time,demand
1,1,65,10,22
2,93,3,10,24
3,98,5,10,9
4,2,39,10,16
5,61,59,10,3
6,49,8,10,6
7,61,62,10,24
self pickup customers
node_idx,x,y,service_time,demand,locker_idxs
8,58,30,10,12,26
9,91,2,10,19,22-25
10,42,9,10,8,21
11,9,97,10,24,23
12,3,82,10,8,23
13,85,60,10,14,24
flexible customers
node_idx,x,y,service_time,demand,locker_idxs
14,19,32,10,1,21
15,98,52,10,21,22
16,57,69,10,20,28-27-29-20
17,98,14,10,12,22-25
18,13,7,10,19,21
19,88,51,10,18,24
lockers
node_idx,x,y,service_time,capacity,cost_per_unit_good
20,65,88,10,71
21,25,15,10,90
22,93,12,10,74
23,22,88,10,92
24,77,88,10,77
25,72,14,10,91
26,56,43,10,99
27,46,53,10,78
28,38,53,10,87
29,50,48,10,93
mrt lines
start_node_idx,end_node_idx,freight_capacity,cost_per_unit_good
20,21,90,1.5
21,20,90,1.5
22,23,92,1.5
23,22,92,1.5
distance matrix
,0,1,2,3,4,5,6,7,8,9,10,11,12,13,14,15,16,17,18,19,20,21,22,23,24,25,26,27,28,29,
0,0.0,81.74,73.82,72.78,88.14,27.02,75.58,25.24,51.88,74.55,78.03,75.96,79.23,16.28,76.84,28.84,25.96,64.03,97.58,25.71,20.81,83.49,64.94,61.19,13.0,62.8,42.01,42.72,49.65,42.52
1,81.74,0.0,110.94,114.06,26.02,60.3,74.52,60.07,66.89,109.86,69.4,32.98,17.12,84.15,37.59,97.87,56.14,109.59,59.23,88.12,68.01,55.46,106.17,31.14,79.4,87.42,59.24,46.57,38.9,51.87
2,73.82,110.94,0.0,5.39,97.86,64.5,44.28,67.12,44.2,2.24,51.35,126.06,119.75,57.56,79.48,49.25,75.18,12.08,80.1,48.26,89.49,69.05,9.0,110.75,86.49,23.71,54.49,68.62,74.33,62.24
3,72.78,114.06,5.39,0.0,101.84,65.46,49.09,67.96,47.17,7.62,56.14,128.0,122.29,56.52,83.49,47.0,76.01,9.0,85.02,47.07,89.32,73.68,8.6,112.54,85.62,27.51,56.64,70.77,76.84,64.44
4,88.14,26.02,97.86,101.84,0.0,62.3,56.3,63.32,56.72,96.38,50.0,58.42,43.01,85.62,18.38,96.88,62.65,99.2,33.84,86.83,79.81,33.24,94.92,52.92,89.59,74.33,54.15,46.17,38.63,48.84
5,27.02,60.3,64.5,65.46,62.3,0.0,52.39,3.0,29.15,64.41,53.49,64.4,62.39,24.02,49.93,37.66,10.77,58.26,70.77,28.16,29.27,56.85,56.86,48.6,33.12,46.32,16.76,16.16,23.77,15.56
6,75.58,74.52,44.28,49.09,56.3,52.39,0.0,55.32,23.77,42.43,7.07,97.58,87.13,63.25,38.42,65.86,61.52,49.37,36.01,58.05,81.58,25.0,44.18,84.43,84.76,23.77,35.69,45.1,46.32,40.01
7,25.24,60.07,67.12,67.96,63.32,3.0,55.32,0.0,32.14,67.08,56.3,62.68,61.35,24.08,51.61,38.33,8.06,60.61,73.0,29.15,26.31,59.2,59.36,46.87,30.53,49.24,19.65,17.49,24.7,17.8
8,51.88,66.89,44.2,47.17,56.72,29.15,23.77,32.14,0.0,43.28,26.4,83.01,75.69,40.36,39.05,45.65,39.01,43.08,50.54,36.62,58.42,36.25,39.36,68.26,61.03,21.26,13.15,25.94,30.48,19.7
9,74.55,109.86,2.24,7.62,96.38,64.41,42.43,67.08,43.28,0.0,49.5,125.5,118.93,58.31,78.0,50.49,75.13,13.89,78.16,49.09,89.84,67.27,10.2,110.26,87.13,22.47,53.91,68.01,73.55,61.62
10,78.03,69.4,51.35,56.14,50.0,53.49,7.07,56.3,26.4,49.5,0.0,93.98,82.76,66.71,32.53,70.6,61.85,56.22,29.07,62.29,82.28,18.03,51.09,81.49,86.41,30.41,36.77,44.18,44.18,39.81
11,75.96,32.98,126.06,128.0,58.42,64.4,97.58,62.68,83.01,125.5,93.98,0.0,16.16,84.53,65.76,99.73,55.57,121.7,90.09,91.42,56.72,83.55,119.5,15.81,68.59,104.2,71.59,57.49,52.7,63.89
12,79.23,17.12,119.75,122.29,43.01,62.39,87.13,61.35,75.69,118.93,82.76,16.16,0.0,84.9,52.5,99.62,55.54,116.83,75.66,90.48,62.29,70.52,114.02,19.92,74.24,96.88,65.8,51.87,45.45,58.01
13,16.28,84.15,57.56,56.52,85.62,24.02,63.25,24.08,40.36,58.31,66.71,84.53,84.9,0.0,71.69,15.26,29.41,47.8,89.4,9.49,34.41,75.0,48.66,68.94,29.12,47.8,33.62,39.62,47.52,37.0
14,76.84,37.59,79.48,83.49,18.38,49.93,38.42,51.61,39.05,78.0,32.53,65.76,52.5,71.69,0.0,81.49,53.04,81.02,25.71,71.57,72.47,18.03,76.66,56.08,80.62,55.97,38.6,34.21,28.32,34.89
15,28.84,97.87,49.25,47.0,96.88,37.66,65.86,38.33,45.65,50.49,70.6,99.73,99.62,15.26,81.49,0.0,44.38,38.0,96.18,10.05,48.84,81.84,40.31,84.1,41.68,46.04,42.95,52.01,60.01,48.17
16,25.96,56.14,75.18,76.01,62.65,10.77,61.52,8.06,39.01,75.13,61.85,55.57,55.54,29.41,53.04,44.38,0.0,68.6,76.03,35.85,20.62,62.77,67.42,39.82,27.59,57.01,26.02,19.42,24.84,22.14
17,64.03,109.59,12.08,9.0,99.2,58.26,49.37,60.61,43.08,13.89,56.22,121.7,116.83,47.8,81.02,38.0,68.6,0.0,85.29,38.33,81.02,73.01,5.39,106.08,76.92,26.0,51.04,65.0,71.56,58.82
18,97.58,59.23,80.1,85.02,33.84,70.77,36.01,73.0,50.54,78.16,29.07,90.09,75.66,89.4,25.71,96.18,76.03,85.29,0.0,86.95,96.25,14.42,80.16,81.5,103.23,59.41,56.08,56.61,52.35,55.23
19,25.71,88.12,48.26,47.07,86.83,28.16,58.05,29.15,36.62,49.09,62.29,91.42,90.48,9.49,71.57,10.05,35.85,38.33,86.95,0.0,43.57,72.56,39.32,75.66,38.6,40.31,32.98,42.05,50.04,38.12
20,20.81,68.01,89.49,89.32,79.81,29.27,81.58,26.31,58.42,89.84,82.28,56.72,62.29,34.41,72.47,48.84,20.62,81.02,96.25,43.57,0.0,83.24,80.99,43.0,12.0,74.33,45.89,39.82,44.2,42.72
21,83.49,55.46,69.05,73.68,33.24,56.85,25.0,59.2,36.25,67.27,18.03,83.55,70.52,75.0,18.03,81.84,62.77,73.01,14.42,72.56,83.24,0.0,68.07,73.06,89.63,47.01,41.77,43.42,40.16,41.4
22,64.94,106.17,9.0,8.6,94.92,56.86,44.18,59.36,39.36,10.2,51.09,119.5,114.02,48.66,76.66,40.31,67.42,5.39,80.16,39.32,80.99,68.07,0.0,104.0,77.67,21.1,48.27,62.37,68.6,56.08
23,61.19,31.14,110.75,112.54,52.92,48.6,84.43,46.87,68.26,110.26,81.49,15.81,19.92,68.94,56.08,84.1,39.82,106.08,81.5,75.66,43.0,73.06,104.0,0.0,55.0,89.31,56.4,42.44,38.48,48.83
24,13.0,79.4,86.49,85.62,89.59,33.12,84.76,30.53,61.03,87.13,86.41,68.59,74.24,29.12,80.62,41.68,27.59,76.92,103.23,38.6,12.0,89.63,77.67,55.0,0.0,74.17,49.66,46.75,52.4,48.26
25,62.8,87.42,23.71,27.51,74.33,46.32,23.77,49.24,21.26,22.47,30.41,104.2,96.88,47.8,55.97,46.04,57.01,26.0,59.41,40.31,74.33,47.01,21.1,89.31,74.17,0.0,33.12,46.87,51.74,40.5
26,42.01,59.24,54.49,56.64,54.15,16.76,35.69,19.65,13.15,53.91,36.77,71.59,65.8,33.62,38.6,42.95,26.02,51.04,56.08,32.98,45.89,41.77,48.27,56.4,49.66,33.12,0.0,14.14,20.59,7.81
27,42.72,46.57,68.62,70.77,46.17,16.16,45.1,17.49,25.94,68.01,44.18,57.49,51.87,39.62,34.21,52.01,19.42,65.0,56.61,42.05,39.82,43.42,62.37,42.44,46.75,46.87,14.14,0.0,8.0,6.4
28,49.65,38.9,74.33,76.84,38.63,23.77,46.32,24.7,30.48,73.55,44.18,52.7,45.45,47.52,28.32,60.01,24.84,71.56,52.35,50.04,44.2,40.16,68.6,38.48,52.4,51.74,20.59,8.0,0.0,13.0
29,42.52,51.87,62.24,64.44,48.84,15.56,40.01,17.8,19.7,61.62,39.81,63.89,58.01,37.0,34.89,48.17,22.14,58.82,55.23,38.12,42.72,41.4,56.08,48.83,48.26,40.5,7.81,6.4,13.0,0.0
