vehicles
vehicle_idx, capacity, cost_per_unit_distance
1,100,1
2,100,1
3,100,1
4,100,1
depot
node_idx,x,y
0,82,76
home delivery customers
node_idx,x,y,service_time,demand
1,29,89,10,7
2,5,10,10,14
3,93,3,10,24
4,14,24,10,6
5,85,60,10,14
6,3,82,10,8
7,88,51,10,18
8,9,97,10,24
self pickup customers
node_idx,x,y,service_time,demand,locker_idxs
9,19,32,10,1,22
10,13,7,10,19,22
11,98,14,10,12,23-26
12,91,2,10,19,23-26
13,42,9,10,8,22
14,57,69,10,20,30-21
flexible customers
node_idx,x,y,service_time,demand,locker_idxs
15,61,62,10,24,28-27-30
16,98,5,10,9,23
17,50,5,10,21,26
18,98,52,10,21,23
19,61,59,10,3,28-29-30-27
20,5,42,10,4,22
lockers
node_idx,x,y,service_time,capacity,cost_per_unit_good
21,65,88,10,97
22,25,15,10,71
23,93,12,10,88
24,22,88,10,92
25,77,88,10,93
26,72,14,10,99
27,56,37,10,81
28,45,50,10,97
29,44,41,10,97
30,57,51,10,92
mrt lines
start_node_idx,end_node_idx,freight_capacity,cost_per_unit_good
21,22,97,1.5
22,21,97,1.5
distance matrix
,0,1,2,3,4,5,6,7,8,9,10,11,12,13,14,15,16,17,18,19,20,21,22,23,24,25,26,27,28,29,30,
0,0.0,54.57,101.41,73.82,85.6,16.28,79.23,25.71,75.96,76.84,97.58,64.03,74.55,78.03,25.96,25.24,72.78,77.88,28.84,27.02,84.17,20.81,83.49,64.94,61.19,13.0,62.8,46.87,45.22,51.66,35.36
1,54.57,0.0,82.57,107.2,66.71,63.06,26.93,70.18,21.54,57.87,83.55,101.91,106.83,81.05,34.41,41.87,108.71,86.59,78.29,43.86,52.77,36.01,74.11,100.12,7.07,48.01,86.45,58.59,42.15,50.29,47.2
2,101.41,82.57,0.0,88.28,16.64,94.34,72.03,92.57,87.09,26.08,8.54,93.09,86.37,37.01,78.64,76.42,93.13,45.28,102.04,74.41,32.0,98.41,20.62,88.02,79.83,106.15,67.12,57.71,56.57,49.82,66.22
3,73.82,107.2,88.28,0.0,81.74,57.56,119.75,48.26,126.06,79.48,80.1,12.08,2.24,51.35,75.18,67.12,5.39,43.05,49.25,64.5,96.25,89.49,69.05,9.0,110.75,86.49,23.71,50.25,67.18,62.01,60.0
4,85.6,66.71,16.64,81.74,0.0,79.61,59.03,78.77,73.17,9.43,17.03,84.59,80.08,31.76,62.24,60.44,86.12,40.71,88.54,58.6,20.12,81.84,14.21,79.91,64.5,89.81,58.86,43.97,40.46,34.48,50.77
5,16.28,63.06,94.34,57.56,79.61,0.0,84.9,9.49,84.53,71.69,89.4,47.8,58.31,66.71,29.41,24.08,56.52,65.19,15.26,24.02,82.0,34.41,75.0,48.66,68.94,29.12,47.8,37.01,41.23,45.19,29.41
6,79.23,26.93,72.03,119.75,59.03,84.9,0.0,90.48,16.16,52.5,75.66,116.83,118.93,82.76,55.54,61.35,122.29,90.21,99.62,62.39,40.05,62.29,70.52,114.02,19.92,74.24,96.88,69.53,52.8,57.98,62.27
7,25.71,70.18,92.57,48.26,78.77,9.49,90.48,0.0,91.42,71.57,86.95,38.33,49.09,62.29,35.85,29.15,47.07,59.67,10.05,28.16,83.49,43.57,72.56,39.32,75.66,38.6,40.31,34.93,43.01,45.12,31.0
8,75.96,21.54,87.09,126.06,73.17,84.53,16.16,91.42,0.0,65.76,90.09,121.7,125.5,93.98,55.57,62.68,128.0,100.72,99.73,64.4,55.15,56.72,83.55,119.5,15.81,68.59,104.2,76.22,59.2,66.04,66.48
9,76.84,57.87,26.08,79.48,9.43,71.69,52.5,71.57,65.76,0.0,25.71,81.02,78.0,32.53,53.04,51.61,83.49,41.11,81.49,49.93,17.2,72.47,18.03,76.66,56.08,80.62,55.97,37.34,31.62,26.57,42.49
10,97.58,83.55,8.54,80.1,17.03,89.4,75.66,86.95,90.09,25.71,0.0,85.29,78.16,29.07,76.03,73.0,85.02,37.05,96.18,70.77,35.9,96.25,14.42,80.16,81.5,103.23,59.41,52.43,53.6,46.01,62.23
11,64.03,101.91,93.09,12.08,84.59,47.8,116.83,38.33,121.7,81.02,85.29,0.0,13.89,56.22,68.6,60.61,9.0,48.84,38.0,58.26,97.12,81.02,73.01,5.39,106.08,76.92,26.0,47.89,64.07,60.37,55.23
12,74.55,106.83,86.37,2.24,80.08,58.31,118.93,49.09,125.5,78.0,78.16,13.89,0.0,49.5,75.13,67.08,7.62,41.11,50.49,64.41,94.85,89.84,67.27,10.2,110.26,87.13,22.47,49.5,66.48,61.07,59.64
13,78.03,81.05,37.01,51.35,31.76,66.71,82.76,62.29,93.98,32.53,29.07,56.22,49.5,0.0,61.85,56.3,56.14,8.94,70.6,53.49,49.58,82.28,18.03,51.09,81.49,86.41,30.41,31.3,41.11,32.06,44.6
14,25.96,34.41,78.64,75.18,62.24,29.41,55.54,35.85,55.57,53.04,76.03,68.6,75.13,61.85,0.0,8.06,76.01,64.38,44.38,10.77,58.59,20.62,62.77,67.42,39.82,27.59,57.01,32.02,22.47,30.87,18.0
15,25.24,41.87,76.42,67.12,60.44,24.08,61.35,29.15,62.68,51.61,73.0,60.61,67.08,56.3,8.06,0.0,67.96,58.05,38.33,3.0,59.46,26.31,59.2,59.36,46.87,30.53,49.24,25.5,20.0,27.02,11.7
16,72.78,108.71,93.13,5.39,86.12,56.52,122.29,47.07,128.0,83.49,85.02,9.0,7.62,56.14,76.01,67.96,0.0,48.0,47.0,65.46,100.09,89.32,73.68,8.6,112.54,85.62,27.51,52.8,69.53,64.9,61.62
17,77.88,86.59,45.28,43.05,40.71,65.19,90.21,59.67,100.72,41.11,37.05,48.84,41.11,8.94,64.38,58.05,48.0,0.0,67.18,55.11,58.26,84.34,26.93,43.57,87.6,87.28,23.77,32.56,45.28,36.5,46.53
18,28.84,78.29,102.04,49.25,88.54,15.26,99.62,10.05,99.73,81.49,96.18,38.0,50.49,70.6,44.38,38.33,47.0,67.18,0.0,37.66,93.54,48.84,81.84,40.31,84.1,41.68,46.04,44.6,53.04,55.11,41.01
19,27.02,43.86,74.41,64.5,58.6,24.02,62.39,28.16,64.4,49.93,70.77,58.26,64.41,53.49,10.77,3.0,65.46,55.11,37.66,0.0,58.52,29.27,56.85,56.86,48.6,33.12,46.32,22.56,18.36,24.76,8.94
20,84.17,52.77,32.0,96.25,20.12,82.0,40.05,83.49,55.15,17.2,35.9,97.12,94.85,49.58,58.59,59.46,100.09,58.26,93.54,58.52,0.0,75.6,33.6,92.97,49.04,85.44,72.62,51.24,40.79,39.01,52.77
21,20.81,36.01,98.41,89.49,81.84,34.41,62.29,43.57,56.72,72.47,96.25,81.02,89.84,82.28,20.62,26.31,89.32,84.34,48.84,29.27,75.6,0.0,83.24,80.99,43.0,12.0,74.33,51.79,42.94,51.48,37.85
22,83.49,74.11,20.62,69.05,14.21,75.0,70.52,72.56,83.55,18.03,14.42,73.01,67.27,18.03,62.77,59.2,73.68,26.93,81.84,56.85,33.6,83.24,0.0,68.07,73.06,89.63,47.01,38.01,40.31,32.2,48.17
23,64.94,100.12,88.02,9.0,79.91,48.66,114.02,39.32,119.5,76.66,80.16,5.39,10.2,51.09,67.42,59.36,8.6,43.57,40.31,56.86,92.97,80.99,68.07,0.0,104.0,77.67,21.1,44.65,61.22,56.94,53.08
24,61.19,7.07,79.83,110.75,64.5,68.94,19.92,75.66,15.81,56.08,81.5,106.08,110.26,81.49,39.82,46.87,112.54,87.6,84.1,48.6,49.04,43.0,73.06,104.0,0.0,55.0,89.31,61.29,44.42,51.89,50.93
25,13.0,48.01,106.15,86.49,89.81,29.12,74.24,38.6,68.59,80.62,103.23,76.92,87.13,86.41,27.59,30.53,85.62,87.28,41.68,33.12,85.44,12.0,89.63,77.67,55.0,0.0,74.17,55.15,49.68,57.43,42.06
26,62.8,86.45,67.12,23.71,58.86,47.8,96.88,40.31,104.2,55.97,59.41,26.0,22.47,30.41,57.01,49.24,27.51,23.77,46.04,46.32,72.62,74.33,47.01,21.1,89.31,74.17,0.0,28.02,45.0,38.9,39.92
27,46.87,58.59,57.71,50.25,43.97,37.01,69.53,34.93,76.22,37.34,52.43,47.89,49.5,31.3,32.02,25.5,52.8,32.56,44.6,22.56,51.24,51.79,38.01,44.65,61.29,55.15,28.02,0.0,17.03,12.65,14.04
28,45.22,42.15,56.57,67.18,40.46,41.23,52.8,43.01,59.2,31.62,53.6,64.07,66.48,41.11,22.47,20.0,69.53,45.28,53.04,18.36,40.79,42.94,40.31,61.22,44.42,49.68,45.0,17.03,0.0,9.06,12.04
29,51.66,50.29,49.82,62.01,34.48,45.19,57.98,45.12,66.04,26.57,46.01,60.37,61.07,32.06,30.87,27.02,64.9,36.5,55.11,24.76,39.01,51.48,32.2,56.94,51.89,57.43,38.9,12.65,9.06,0.0,16.4
30,35.36,47.2,66.22,60.0,50.77,29.41,62.27,31.0,66.48,42.49,62.23,55.23,59.64,44.6,18.0,11.7,61.62,46.53,41.01,8.94,52.77,37.85,48.17,53.08,50.93,42.06,39.92,14.04,12.04,16.4,0.0
