set K:= 1	2	3	4	5;
set C_H:= 1	2	3	4	5	6	7	8	9	10	11	12	13	14;
set C_S:= 15	16	17	18	19	20	21	22	23	24	25	26;
set C_F:= 27	28	29	30	31	32	33	34	35	36	37	38;
set M:= 39	40	41	42	43	44;
set L_B:= 45	46	47	48	49;
set A1:=
(0,*) 1 2 3 4 5 6 7 8 9 10 11 12 13 14 27 28 29 30 31 32 33 34 35 36 37 38 39 40 41 42 43 44 45 46 47 48 49 50
(1,*) 0 2 3 4 5 6 7 8 9 10 11 12 13 14 27 28 29 30 31 32 33 34 35 36 37 38 39 40 41 42 43 44 45 46 47 48 49 50
(2,*) 0 1 3 4 5 6 7 8 9 10 11 12 13 14 27 28 29 30 31 32 33 34 35 36 37 38 39 40 41 42 43 44 45 46 47 48 49 50
(3,*) 0 1 2 4 5 6 7 8 9 10 11 12 13 14 27 28 29 30 31 32 33 34 35 36 37 38 39 40 41 42 43 44 45 46 47 48 49 50
(4,*) 0 1 2 3 5 6 7 8 9 10 11 12 13 14 27 28 29 30 31 32 33 34 35 36 37 38 39 40 41 42 43 44 45 46 47 48 49 50
(5,*) 0 1 2 3 4 6 7 8 9 10 11 12 13 14 27 28 29 30 31 32 33 34 35 36 37 38 39 40 41 42 43 44 45 46 47 48 49 50
(6,*) 0 1 2 3 4 5 7 8 9 10 11 12 13 14 27 28 29 30 31 32 33 34 35 36 37 38 39 40 41 42 43 44 45 46 47 48 49 50
(7,*) 0 1 2 3 4 5 6 8 9 10 11 12 13 14 27 28 29 30 31 32 33 34 35 36 37 38 39 40 41 42 43 44 45 46 47 48 49 50
(8,*) 0 1 2 3 4 5 6 7 9 10 11 12 13 14 27 28 29 30 31 32 33 34 35 36 37 38 39 40 41 42 43 44 45 46 47 48 49 50
(9,*) 0 1 2 3 4 5 6 7 8 10 11 12 13 14 27 28 29 30 31 32 33 34 35 36 37 38 39 40 41 42 43 44 45 46 47 48 49 50
(10,*) 0 1 2 3 4 5 6 7 8 9 11 12 13 14 27 28 29 30 31 32 33 34 35 36 37 38 39 40 41 42 43 44 45 46 47 48 49 50
(11,*) 0 1 2 3 4 5 6 7 8 9 10 12 13 14 27 28 29 30 31 32 33 34 35 36 37 38 39 40 41 42 43 44 45 46 47 48 49 50
(12,*) 0 1 2 3 4 5 6 7 8 9 10 11 13 14 27 28 29 30 31 32 33 34 35 36 37 38 39 40 41 42 43 44 45 46 47 48 49 50
(13,*) 0 1 2 3 4 5 6 7 8 9 10 11 12 14 27 28 29 30 31 32 33 34 35 36 37 38 39 40 41 42 43 44 45 46 47 48 49 50
(14,*) 0 1 2 3 4 5 6 7 8 9 10 11 12 13 27 28 29 30 31 32 33 34 35 36 37 38 39 40 41 42 43 44 45 46 47 48 49 50
(27,*) 0 1 2 3 4 5 6 7 8 9 10 11 12 13 14 28 29 30 31 32 33 34 35 36 37 38 39 40 41 42 43 44 45 46 47 48 49 50
(28,*) 0 1 2 3 4 5 6 7 8 9 10 11 12 13 14 27 29 30 31 32 33 34 35 36 37 38 39 40 41 42 43 44 45 46 47 48 49 50
(29,*) 0 1 2 3 4 5 6 7 8 9 10 11 12 13 14 27 28 30 31 32 33 34 35 36 37 38 39 40 41 42 43 44 45 46 47 48 49 50
(30,*) 0 1 2 3 4 5 6 7 8 9 10 11 12 13 14 27 28 29 31 32 33 34 35 36 37 38 39 40 41 42 43 44 45 46 47 48 49 50
(31,*) 0 1 2 3 4 5 6 7 8 9 10 11 12 13 14 27 28 29 30 32 33 34 35 36 37 38 39 40 41 42 43 44 45 46 47 48 49 50
(32,*) 0 1 2 3 4 5 6 7 8 9 10 11 12 13 14 27 28 29 30 31 33 34 35 36 37 38 39 40 41 42 43 44 45 46 47 48 49 50
(33,*) 0 1 2 3 4 5 6 7 8 9 10 11 12 13 14 27 28 29 30 31 32 34 35 36 37 38 39 40 41 42 43 44 45 46 47 48 49 50
(34,*) 0 1 2 3 4 5 6 7 8 9 10 11 12 13 14 27 28 29 30 31 32 33 35 36 37 38 39 40 41 42 43 44 45 46 47 48 49 50
(35,*) 0 1 2 3 4 5 6 7 8 9 10 11 12 13 14 27 28 29 30 31 32 33 34 36 37 38 39 40 41 42 43 44 45 46 47 48 49 50
(36,*) 0 1 2 3 4 5 6 7 8 9 10 11 12 13 14 27 28 29 30 31 32 33 34 35 37 38 39 40 41 42 43 44 45 46 47 48 49 50
(37,*) 0 1 2 3 4 5 6 7 8 9 10 11 12 13 14 27 28 29 30 31 32 33 34 35 36 38 39 40 41 42 43 44 45 46 47 48 49 50
(38,*) 0 1 2 3 4 5 6 7 8 9 10 11 12 13 14 27 28 29 30 31 32 33 34 35 36 37 39 40 41 42 43 44 45 46 47 48 49 50
(39,*) 0 1 2 3 4 5 6 7 8 9 10 11 12 13 14 27 28 29 30 31 32 33 34 35 36 37 38 40 41 42 43 44 45 46 47 48 49 50
(40,*) 0 1 2 3 4 5 6 7 8 9 10 11 12 13 14 27 28 29 30 31 32 33 34 35 36 37 38 39 41 42 43 44 45 46 47 48 49 50
(41,*) 0 1 2 3 4 5 6 7 8 9 10 11 12 13 14 27 28 29 30 31 32 33 34 35 36 37 38 39 40 42 43 44 45 46 47 48 49 50
(42,*) 0 1 2 3 4 5 6 7 8 9 10 11 12 13 14 27 28 29 30 31 32 33 34 35 36 37 38 39 40 41 43 44 45 46 47 48 49 50
(43,*) 0 1 2 3 4 5 6 7 8 9 10 11 12 13 14 27 28 29 30 31 32 33 34 35 36 37 38 39 40 41 42 44 45 46 47 48 49 50
(44,*) 0 1 2 3 4 5 6 7 8 9 10 11 12 13 14 27 28 29 30 31 32 33 34 35 36 37 38 39 40 41 42 43 45 46 47 48 49 50
(45,*) 0 1 2 3 4 5 6 7 8 9 10 11 12 13 14 27 28 29 30 31 32 33 34 35 36 37 38 39 40 41 42 43 44 46 47 48 49 50
(46,*) 0 1 2 3 4 5 6 7 8 9 10 11 12 13 14 27 28 29 30 31 32 33 34 35 36 37 38 39 40 41 42 43 44 45 47 48 49 50
(47,*) 0 1 2 3 4 5 6 7 8 9 10 11 12 13 14 27 28 29 30 31 32 33 34 35 36 37 38 39 40 41 42 43 44 45 46 48 49 50
(48,*) 0 1 2 3 4 5 6 7 8 9 10 11 12 13 14 27 28 29 30 31 32 33 34 35 36 37 38 39 40 41 42 43 44 45 46 47 49 50
(49,*) 0 1 2 3 4 5 6 7 8 9 10 11 12 13 14 27 28 29 30 31 32 33 34 35 36 37 38 39 40 41 42 43 44 45 46 47 48 50
(50,*) 0 1 2 3 4 5 6 7 8 9 10 11 12 13 14 27 28 29 30 31 32 33 34 35 36 37 38 39 40 41 42 43 44 45 46 47 48 49
;
set A2:=
(39,*) 40
(40,*) 39
(41,*) 42
(42,*) 41
;
param BigM:=99999;
param n:= 5;
param d:=
1	24
2	26
3	3
4	20
5	24
6	14
7	13
8	3
9	20
10	24
11	13
12	7
13	19
14	7
15	20
16	23
17	16
18	9
19	3
20	6
21	5
22	3
23	16
24	10
25	1
26	2
27	5
28	3
29	15
30	21
31	6
32	20
33	22
34	12
35	6
36	6
37	24
38	4
;
param Q:=100;
param w:=
[39,*] 40 1.5
[40,*] 39 1.5
[41,*] 42 1.5
[42,*] 41 1.5
;
param V:=
[39,*] 40 78
[40,*] 39 78
[41,*] 42 76
[42,*] 41 76
;
param e:
	39	40	41	42	43	44	45	46	47	48	49:=
15		0		1		0		0		0		0		0		0		0		0		0	
16		0		0		0		1		0		0		0		0		0		0		0	
17		0		0		0		0		0		1		0		0		0		0		1	
18		0		0		0		0		0		0		0		1		0		0		0	
19		0		0		0		1		0		0		0		0		0		0		0	
20		0		0		0		0		0		0		1		0		0		1		0	
21		0		1		0		0		0		0		0		0		0		0		0	
22		0		0		0		0		0		0		0		0		1		0		0	
23		0		0		0		0		0		0		0		0		1		0		0	
24		0		1		0		0		0		0		0		0		0		0		0	
25		0		0		0		1		0		0		0		0		0		0		0	
26		0		1		0		0		0		0		0		0		1		0		0	
27		0		0		0		0		0		0		0		0		1		0		1	
28		0		0		1		0		0		1		0		0		0		0		0	
29		0		0		1		0		0		1		0		0		0		0		0	
30		0		1		0		0		0		0		0		0		1		0		0	
31		0		0		1		0		0		1		0		0		0		0		0	
32		0		0		1		0		0		1		0		0		0		0		0	
33		0		0		0		0		0		0		0		1		0		0		0	
34		0		0		0		0		0		0		1		1		0		1		0	
35		0		0		0		0		0		0		0		0		1		0		1	
36		1		0		0		0		1		0		0		0		0		0		0	
37		0		0		1		0		0		0		0		0		0		0		0	
38		0		0		0		0		1		0		0		0		0		0		0	
;
param p:=
1	1
2	1
3	1
4	1
5	1
;
param G:=
39	77
40	78
41	76
42	75
43	76
44	91
45	82
46	81
47	97
48	72
49	94
;
param s:=
0	0
1	10
2	10
3	10
4	10
5	10
6	10
7	10
8	10
9	10
10	10
11	10
12	10
13	10
14	10
27	10
28	10
29	10
30	10
31	10
32	10
33	10
34	10
35	10
36	10
37	10
38	10
39	10
40	10
41	10
42	10
43	10
44	10
45	10
46	10
47	10
48	10
49	10
;
param t:
	0	1	2	3	4	5	6	7	8	9	10	11	12	13	14	15	16	17	18	19	20	21	22	23	24	25	26	27	28	29	30	31	32	33	34	35	36	37	38	39	40	41	42	43	44	45	46	47	48	49	50:=
0	0.0	70.0	62.03	22.8	18.0	2.0	45.12	16.12	14.42	73.76	63.15	65.51	18.87	61.06	36.5	4.0	47.41	61.19	27.2	48.37	40.5	14.42	43.27	41.23	34.53	36.5	32.25	37.58	88.54	77.25	19.7	69.57	86.35	68.96	52.8	50.99	76.16	85.16	95.85	77.1	25.61	87.09	54.57	86.21	66.41	39.81	48.38	43.28	37.59	45.54	0.0
1	70.0	0.0	25.06	53.85	52.0	72.0	27.86	54.04	78.92	60.17	84.9	15.23	62.1	64.4	34.53	66.0	63.78	15.62	50.6	80.0	34.93	78.92	41.62	46.04	83.26	84.1	44.94	39.4	31.3	28.07	52.61	22.36	24.41	20.4	42.52	32.56	38.21	19.8	42.05	54.82	57.58	26.93	77.83	53.04	22.14	38.01	28.3	46.4	41.15	25.96	70.0
2	62.03	25.06	0.0	53.81	45.65	63.91	18.44	46.52	74.24	78.64	95.77	10.0	48.37	78.43	27.2	58.31	73.43	10.2	52.35	87.2	41.18	66.75	22.09	26.31	65.12	86.37	30.59	24.74	26.68	15.23	42.38	8.0	26.08	42.76	56.32	12.0	60.53	44.41	67.08	75.03	42.05	26.02	87.46	75.66	5.1	44.78	38.9	25.71	47.17	19.85	62.03
3	22.8	53.85	53.81	0.0	14.0	24.41	35.38	16.12	26.08	51.61	48.37	53.85	31.05	40.5	26.91	19.8	28.28	49.4	4.47	36.06	20.0	36.77	42.05	42.38	53.67	32.56	31.62	34.0	78.23	68.41	22.0	60.0	74.24	48.37	30.0	45.61	53.67	66.0	74.0	54.45	34.06	75.66	39.32	63.41	57.01	18.25	28.02	44.6	15.52	34.21	22.8
4	18.0	52.0	45.65	14.0	0.0	20.0	27.86	2.83	28.64	63.53	62.29	48.08	17.89	53.85	18.97	14.0	42.19	43.68	16.49	49.48	24.41	28.64	30.0	29.53	41.62	43.27	18.87	22.63	71.69	60.83	8.0	52.8	68.96	52.0	40.0	35.61	61.22	67.47	79.65	65.22	20.1	69.89	53.24	72.86	49.66	24.76	31.76	31.76	23.43	27.89	18.0
5	2.0	72.0	63.91	24.41	20.0	0.0	47.07	18.11	13.42	75.07	63.56	67.47	20.0	62.13	38.47	6.0	48.37	63.15	28.84	48.66	42.38	13.42	44.94	42.8	34.23	36.22	34.0	39.4	90.44	79.12	21.54	71.47	88.29	70.88	54.41	52.8	77.9	87.13	97.69	78.57	26.91	89.02	55.08	87.8	68.31	41.63	50.29	44.82	39.36	47.52	2.0
6	45.12	27.86	18.44	35.38	27.86	47.07	0.0	29.12	56.46	66.12	78.79	20.4	34.53	63.15	8.94	41.23	56.46	16.12	34.06	69.34	24.74	52.04	16.12	20.0	55.46	67.94	17.09	11.66	43.86	33.29	26.08	25.06	41.23	37.2	42.05	12.17	52.8	46.65	65.12	64.13	29.73	42.06	70.21	67.42	21.95	28.16	25.08	21.1	30.08	3.16	45.12
7	16.12	54.04	46.52	16.12	2.83	18.11	29.12	0.0	27.78	66.24	64.12	49.48	15.23	56.32	20.4	12.17	44.41	45.12	18.97	50.99	27.2	26.0	29.73	28.84	38.83	43.91	18.44	22.8	72.8	61.74	6.32	53.85	70.34	54.63	42.8	36.06	64.03	69.86	82.37	68.01	18.0	71.17	55.08	75.69	50.7	27.59	34.48	31.06	26.25	29.43	16.12
8	14.42	78.92	74.24	26.08	28.64	13.42	56.46	27.78	0.0	71.22	53.85	76.55	33.29	56.57	47.54	16.97	42.43	72.11	30.27	38.63	46.04	24.0	56.85	55.17	46.04	24.08	45.61	50.48	100.32	89.44	32.8	81.44	97.41	74.43	53.85	63.81	78.43	92.02	99.46	76.01	40.0	98.43	46.07	86.35	78.29	44.28	54.08	57.28	41.44	56.3	14.42
9	73.76	60.17	78.64	51.61	63.53	75.07	66.12	66.24	71.22	0.0	36.5	71.81	81.41	16.49	63.15	71.22	29.53	69.05	47.71	42.76	43.17	88.09	80.89	83.55	104.96	57.58	74.73	73.35	91.39	87.36	70.68	80.05	84.1	40.25	24.74	78.03	25.46	55.32	43.86	8.54	82.46	86.82	35.13	20.22	78.45	40.8	41.05	85.33	40.85	63.07	73.76
10	63.15	84.9	95.77	48.37	62.29	63.56	78.79	64.12	53.85	36.5	0.0	92.09	78.03	22.36	72.11	62.51	22.36	88.2	47.07	15.23	54.59	76.66	89.29	90.24	97.67	31.62	79.62	81.04	115.26	108.17	70.26	99.86	109.12	68.41	42.43	90.62	59.09	86.53	79.7	44.91	82.1	111.4	9.06	56.72	97.42	51.0	58.01	92.42	48.75	76.49	63.15
11	65.51	15.23	10.0	53.85	48.08	67.47	20.4	49.48	76.55	71.81	92.09	0.0	54.04	73.35	29.12	61.61	70.0	4.47	51.61	84.9	38.21	72.03	29.73	34.18	72.8	86.02	36.06	30.07	24.41	16.12	46.39	8.25	20.88	34.06	50.99	19.7	52.04	34.41	57.27	67.48	48.37	21.93	84.2	67.12	7.07	41.77	34.13	34.01	44.55	20.25	65.51
12	18.87	62.1	48.37	31.05	17.89	20.0	34.53	15.23	33.29	81.41	78.03	54.04	0.0	71.47	27.86	17.09	59.23	50.16	34.18	64.12	41.04	18.44	27.2	24.17	24.08	54.41	18.0	24.0	74.97	63.15	11.31	56.32	74.11	66.57	57.69	36.5	77.79	79.85	94.87	82.93	7.21	74.33	69.07	90.14	53.24	42.01	47.51	25.94	41.05	36.14	18.87
13	61.06	64.4	78.43	40.5	53.85	62.13	63.15	56.32	56.57	16.49	22.36	73.35	71.47	0.0	58.14	59.06	14.14	69.86	37.36	26.31	38.47	75.47	76.11	78.0	94.02	41.23	68.12	68.03	95.41	89.44	61.61	81.44	88.81	46.69	22.36	75.31	36.77	64.4	57.72	24.02	73.76	91.26	19.03	36.01	79.31	35.23	39.56	80.01	34.01	60.42	61.06
14	36.5	34.53	27.2	26.91	18.97	38.47	8.94	20.4	47.54	63.15	72.11	29.12	27.86	58.14	0.0	32.56	50.0	24.74	26.08	61.77	20.1	44.41	18.0	20.4	50.48	59.4	12.81	10.2	52.8	42.19	18.11	34.0	50.0	39.7	38.47	18.87	53.25	52.0	68.12	62.3	24.41	50.92	63.32	67.12	30.89	23.0	23.26	22.2	24.19	9.06	36.5
15	4.0	66.0	58.31	19.8	14.0	6.0	41.23	12.17	16.97	71.22	62.51	61.61	17.09	59.06	32.56	0.0	45.69	57.27	24.08	48.04	36.77	16.97	40.0	38.21	35.44	37.36	28.84	34.0	84.76	73.54	16.12	65.79	82.46	65.15	49.68	47.41	72.72	81.22	92.2	74.25	23.32	83.24	53.76	83.1	62.63	36.24	44.6	40.31	34.13	41.59	4.0
16	47.41	63.78	73.43	28.28	42.19	48.37	56.46	44.41	42.43	29.53	22.36	70.0	59.23	14.14	50.0	45.69	0.0	66.03	26.0	17.09	32.25	61.77	67.47	68.73	80.99	28.64	58.31	59.23	93.51	86.02	50.16	77.67	87.68	49.19	22.36	68.35	44.18	68.03	66.12	35.74	62.29	89.83	14.21	47.3	75.17	28.65	36.12	70.86	26.4	54.13	47.41
17	61.19	15.62	10.2	49.4	43.68	63.15	16.12	45.12	72.11	69.05	88.2	4.47	50.16	69.86	24.74	57.27	66.03	0.0	47.2	80.72	34.06	68.0	26.83	31.3	69.57	81.61	32.25	26.31	28.84	20.0	42.19	11.66	25.3	32.56	47.54	17.2	50.36	35.38	57.31	65.12	44.72	26.4	80.21	65.49	9.49	37.64	30.41	31.38	40.36	15.81	61.19
18	27.2	50.6	52.35	4.47	16.49	28.84	34.06	18.97	30.27	47.71	47.07	51.61	34.18	37.36	26.08	24.08	26.0	47.2	0.0	35.78	16.12	41.04	42.38	43.17	57.31	34.41	32.56	34.18	76.03	66.6	24.33	58.14	71.69	44.18	25.61	44.94	49.19	62.03	69.57	50.25	36.5	73.25	38.08	59.03	55.23	14.04	24.02	45.35	11.18	32.53	27.2
19	48.37	80.0	87.2	36.06	49.48	48.66	69.34	50.99	38.63	42.76	15.23	84.9	64.12	26.31	61.77	48.04	17.09	80.72	35.78	0.0	46.69	61.61	78.0	78.43	82.87	16.97	67.68	69.86	108.9	100.66	57.27	92.2	103.48	66.21	39.4	80.62	60.83	85.09	82.61	50.25	68.73	105.48	8.6	62.2	89.5	43.14	51.86	80.65	40.36	67.42	48.37
20	40.5	34.93	41.18	20.0	24.41	42.38	24.74	27.2	46.04	43.17	54.59	38.21	41.04	38.47	20.1	36.77	32.25	34.06	16.12	46.69	0.0	52.84	38.05	40.45	65.12	49.19	31.62	30.27	62.29	54.04	29.73	45.61	57.2	28.64	18.44	36.88	36.88	46.0	55.46	42.95	40.5	59.03	46.32	49.2	43.01	3.61	8.06	42.3	6.4	22.14	40.5
21	14.42	78.92	66.75	36.77	28.64	13.42	52.04	26.0	24.0	88.09	76.66	72.03	18.44	75.47	44.41	16.97	61.77	68.0	41.04	61.61	52.84	0.0	45.61	42.38	22.09	48.04	36.22	42.19	93.38	81.58	26.31	74.67	92.35	80.62	66.6	54.92	89.31	95.6	108.24	91.22	25.3	92.66	68.31	100.0	71.57	52.7	60.37	44.01	50.8	53.24	14.42
22	43.27	41.62	22.09	42.05	30.0	44.94	16.12	29.73	56.85	80.89	89.29	29.73	27.2	76.11	18.0	40.0	67.47	26.83	42.38	78.0	38.05	45.61	0.0	4.47	43.17	73.24	11.31	8.25	48.17	36.22	24.08	30.07	48.17	53.25	56.32	10.2	68.88	61.22	80.92	79.56	20.4	48.01	80.36	83.38	27.17	41.0	40.26	5.0	42.11	19.24	43.27
23	41.23	46.04	26.31	42.38	29.53	42.8	20.0	28.84	55.17	83.55	90.24	34.18	24.17	78.0	20.4	38.21	68.73	31.3	43.17	78.43	40.45	42.38	4.47	0.0	38.83	72.72	10.77	10.2	52.04	40.05	22.8	34.23	52.35	57.2	58.86	14.56	72.47	65.6	85.04	82.57	17.09	52.09	81.25	86.82	31.4	43.19	43.32	2.24	44.01	23.02	41.23
24	34.53	83.26	65.12	53.67	41.62	34.23	55.46	38.83	46.04	104.96	97.67	72.8	24.08	94.02	50.48	35.44	80.99	69.57	57.31	82.87	65.12	22.09	43.17	38.83	0.0	70.0	38.47	43.86	90.2	78.23	35.38	72.99	91.08	90.0	81.61	53.37	101.82	102.0	118.41	106.83	26.08	90.67	89.05	114.21	70.21	66.07	71.45	39.46	65.0	57.71	34.53
25	36.5	84.1	86.37	32.56	43.27	36.22	67.94	43.91	24.08	57.58	31.62	86.02	54.41	41.23	59.4	37.36	28.64	81.61	34.41	16.97	49.19	48.04	73.24	72.72	70.0	0.0	62.13	65.6	110.44	100.9	50.12	92.46	106.0	73.76	48.17	77.9	72.03	92.65	94.02	64.29	60.17	107.62	25.5	75.93	89.5	46.1	56.08	74.95	42.95	66.71	36.5
26	32.25	44.94	30.59	31.62	18.87	34.0	17.09	18.44	45.61	74.73	79.62	36.06	18.0	68.12	12.81	28.84	58.31	32.25	32.56	67.68	31.62	36.22	11.31	10.77	38.47	62.13	0.0	6.0	57.27	45.61	12.81	38.47	56.14	52.35	50.0	18.97	66.03	63.53	80.72	74.46	12.65	56.44	70.61	79.76	35.36	33.96	35.85	13.0	34.37	19.24	32.25
27	37.58	39.4	24.74	34.0	22.63	39.4	11.66	22.8	50.48	73.35	81.04	30.07	24.0	68.03	10.2	34.0	59.23	26.31	34.18	69.86	30.27	42.19	8.25	10.2	43.86	65.6	6.0	0.0	51.42	39.85	17.89	32.56	50.16	48.17	48.66	13.42	62.77	58.31	76.37	72.42	18.44	50.49	72.12	76.92	29.43	33.06	33.24	12.04	34.01	14.21	37.58
28	88.54	31.3	26.68	78.23	71.69	90.44	43.86	72.8	100.32	91.39	115.26	24.41	74.97	95.41	52.8	84.76	93.51	28.84	76.03	108.9	62.29	93.38	48.17	52.04	90.2	110.44	57.27	51.42	0.0	12.0	68.96	18.97	8.0	51.26	73.24	38.47	68.41	42.0	66.12	85.7	68.47	5.0	107.71	82.57	22.14	65.8	57.38	51.0	68.68	44.29	88.54
29	77.25	28.07	15.23	68.41	60.83	79.12	33.29	61.74	89.44	87.36	108.17	16.12	63.15	89.44	42.19	73.54	86.02	20.0	66.6	100.66	54.04	81.58	36.22	40.05	78.23	100.9	45.61	39.85	12.0	0.0	57.58	8.49	14.42	48.37	67.08	26.68	66.27	43.68	67.91	82.57	56.57	13.0	100.21	81.1	11.4	57.63	50.25	39.0	60.31	34.21	77.25
30	19.7	52.61	42.38	22.0	8.0	21.54	26.08	6.32	32.8	70.68	70.26	46.39	11.31	61.61	18.11	16.12	50.16	42.19	24.33	57.27	29.73	26.31	24.08	22.8	35.38	50.12	12.81	17.89	68.96	57.58	0.0	50.0	67.08	55.57	46.65	31.3	66.48	69.57	83.76	71.87	12.17	67.68	61.2	78.87	46.84	30.81	36.24	25.0	30.02	27.02	19.7
31	69.57	22.36	8.0	60.0	52.8	71.47	25.06	53.85	81.44	80.05	99.86	8.25	56.32	81.44	34.0	65.79	77.67	11.66	58.14	92.2	45.61	74.67	30.07	34.23	72.99	92.46	38.47	32.56	18.97	8.49	50.0	0.0	18.11	42.0	59.09	20.0	60.0	40.25	63.91	75.66	50.04	18.03	91.84	75.03	3.16	49.2	42.06	33.54	51.86	25.81	69.57
32	86.35	24.41	26.08	74.24	68.96	88.29	41.23	70.34	97.41	84.1	109.12	20.88	74.11	88.81	50.0	82.46	87.68	25.3	71.69	103.48	57.2	92.35	48.17	52.35	91.08	106.0	56.14	50.16	8.0	14.42	67.08	18.11	0.0	43.86	66.84	38.05	60.73	34.0	58.14	78.19	68.0	3.0	101.83	74.73	21.02	60.61	51.66	51.62	63.6	41.11	86.35
33	68.96	20.4	42.76	48.37	52.0	70.88	37.2	54.63	74.43	40.25	68.41	34.06	66.57	46.69	39.7	65.15	49.19	32.56	44.18	66.21	28.64	80.62	53.25	57.2	90.0	73.76	52.35	48.17	51.26	48.37	55.57	42.0	43.86	0.0	26.83	46.52	18.0	18.97	28.43	34.48	64.03	46.62	62.43	33.06	41.11	30.15	20.62	58.25	33.06	34.21	68.96
34	52.8	42.52	56.32	30.0	40.0	54.41	42.05	42.8	53.85	24.74	42.43	50.99	57.69	22.36	38.47	49.68	22.36	47.54	25.61	39.4	18.44	66.6	56.32	58.86	81.61	48.17	50.0	48.66	73.24	67.08	46.65	59.09	66.84	26.83	0.0	54.15	24.74	45.69	46.39	25.24	58.14	69.2	35.81	33.42	57.01	16.16	17.46	60.67	16.64	39.12	52.8
35	50.99	32.56	12.0	45.61	35.61	52.8	12.17	36.06	63.81	78.03	90.62	19.7	36.5	75.31	18.87	47.41	68.35	17.2	44.94	80.62	36.88	54.92	10.2	14.56	53.37	77.9	18.97	13.42	38.47	26.68	31.3	20.0	38.05	46.52	54.15	0.0	63.25	52.35	73.24	75.66	30.07	38.01	81.94	78.16	17.03	40.26	37.0	14.32	42.06	15.03	50.99
36	76.16	38.21	60.53	53.67	61.22	77.9	52.8	64.03	78.43	25.46	59.09	52.04	77.79	36.77	53.25	72.72	44.18	50.36	49.19	60.83	36.88	89.31	68.88	72.47	101.82	72.03	66.03	62.77	68.41	66.27	66.48	60.0	60.73	18.0	24.74	63.25	0.0	30.0	22.0	18.03	76.58	63.6	55.08	15.13	59.08	36.62	30.48	73.79	38.59	49.66	76.16
37	85.16	19.8	44.41	66.0	67.47	87.13	46.65	69.86	92.02	55.32	86.53	34.41	79.85	64.4	52.0	81.22	68.03	35.38	62.03	85.09	46.0	95.6	61.22	65.6	102.0	92.65	63.53	58.31	42.0	43.68	69.57	40.25	34.0	18.97	45.69	52.35	30.0	0.0	24.33	48.01	76.03	37.0	81.01	42.15	40.82	48.09	38.01	66.07	51.16	44.29	85.16
38	95.85	42.05	67.08	74.0	79.65	97.69	65.12	82.37	99.46	43.86	79.7	57.27	94.87	57.72	68.12	92.2	66.12	57.31	69.57	82.61	55.46	108.24	80.92	85.04	118.41	94.02	80.72	76.37	66.12	67.91	83.76	63.91	58.14	28.43	46.39	73.24	22.0	24.33	0.0	35.34	92.46	61.13	76.49	25.0	64.08	56.08	47.89	85.91	58.52	62.24	95.85
39	77.1	54.82	75.03	54.45	65.22	78.57	64.13	68.01	76.01	8.54	44.91	67.48	82.93	24.02	62.3	74.25	35.74	65.12	50.25	50.25	42.95	91.22	79.56	82.57	106.83	64.29	74.46	72.42	85.7	82.57	71.87	75.66	78.19	34.48	25.24	75.66	18.03	48.01	35.34	0.0	83.24	80.99	43.0	12.0	74.33	41.18	39.29	84.2	41.88	61.0	77.1
40	25.61	57.58	42.05	34.06	20.1	26.91	29.73	18.0	40.0	82.46	82.1	48.37	7.21	73.76	24.41	23.32	62.29	44.72	36.5	68.73	40.5	25.3	20.4	17.09	26.08	60.17	12.65	18.44	68.47	56.57	12.17	50.04	68.0	64.03	58.14	30.07	76.58	76.03	92.46	83.24	0.0	68.07	73.06	89.63	47.01	42.06	46.1	18.79	41.63	31.78	25.61
41	87.09	26.93	26.02	75.66	69.89	89.02	42.06	71.17	98.43	86.82	111.4	21.93	74.33	91.26	50.92	83.24	89.83	26.4	73.25	105.48	59.03	92.66	48.01	52.09	90.67	107.62	56.44	50.49	5.0	13.0	67.68	18.03	3.0	46.62	69.2	38.01	63.6	37.0	61.13	80.99	68.07	0.0	104.0	77.67	21.1	62.48	53.74	51.24	65.44	42.15	87.09
42	54.57	77.83	87.46	39.32	53.24	55.08	70.21	55.08	46.07	35.13	9.06	84.2	69.07	19.03	63.32	53.76	14.21	80.21	38.08	8.6	46.32	68.31	80.36	81.25	89.05	25.5	70.61	72.12	107.71	100.21	61.2	91.84	101.83	62.43	35.81	81.94	55.08	81.01	76.49	43.0	73.06	104.0	0.0	55.0	89.31	42.72	50.33	83.43	40.31	68.0	54.57
43	86.21	53.04	75.66	63.41	72.86	87.8	67.42	75.69	86.35	20.22	56.72	67.12	90.14	36.01	67.12	83.1	47.3	65.49	59.03	62.2	49.2	100.0	83.38	86.82	114.21	75.93	79.76	76.92	82.57	81.1	78.87	75.03	74.73	33.06	33.42	78.16	15.13	42.15	25.0	12.0	89.63	77.67	55.0	0.0	74.17	48.17	43.91	88.24	49.5	64.26	86.21
44	66.41	22.14	5.1	57.01	49.66	68.31	21.95	50.7	78.29	78.45	97.42	7.07	53.24	79.31	30.89	62.63	75.17	9.49	55.23	89.5	43.01	71.57	27.17	31.4	70.21	89.5	35.36	29.43	22.14	11.4	46.84	3.16	21.02	41.11	57.01	17.03	59.08	40.82	64.08	74.33	47.01	21.1	89.31	74.17	0.0	46.62	39.81	30.81	49.2	22.8	66.41
45	39.81	38.01	44.78	18.25	24.76	41.63	28.16	27.59	44.28	40.8	51.0	41.77	42.01	35.23	23.0	36.24	28.65	37.64	14.04	43.14	3.61	52.7	41.0	43.19	66.07	46.1	33.96	33.06	65.8	57.63	30.81	49.2	60.61	30.15	16.16	40.26	36.62	48.09	56.08	41.18	42.06	62.48	42.72	48.17	46.62	0.0	10.2	45.1	3.16	25.63	39.81
46	48.38	28.3	38.9	28.02	31.76	50.29	25.08	34.48	54.08	41.05	58.01	34.13	47.51	39.56	23.26	44.6	36.12	30.41	24.02	51.86	8.06	60.37	40.26	43.32	71.45	56.08	35.85	33.24	57.38	50.25	36.24	42.06	51.66	20.62	17.46	37.0	30.48	38.01	47.89	39.29	46.1	53.74	50.33	43.91	39.81	10.2	0.0	44.92	13.34	22.02	48.38
47	43.28	46.4	25.71	44.6	31.76	44.82	21.1	31.06	57.28	85.33	92.42	34.01	25.94	80.01	22.2	40.31	70.86	31.38	45.35	80.65	42.3	44.01	5.0	2.24	39.46	74.95	13.0	12.04	51.0	39.0	25.0	33.54	51.62	58.25	60.67	14.32	73.79	66.07	85.91	84.2	18.79	51.24	83.43	88.24	30.81	45.1	44.92	0.0	46.0	24.19	43.28
48	37.59	41.15	47.17	15.52	23.43	39.36	30.08	26.25	41.44	40.85	48.75	44.55	41.05	34.01	24.19	34.13	26.4	40.36	11.18	40.36	6.4	50.8	42.11	44.01	65.0	42.95	34.37	34.01	68.68	60.31	30.02	51.86	63.6	33.06	16.64	42.06	38.59	51.16	58.52	41.88	41.63	65.44	40.31	49.5	49.2	3.16	13.34	46.0	0.0	27.73	37.59
49	45.54	25.96	19.85	34.21	27.89	47.52	3.16	29.43	56.3	63.07	76.49	20.25	36.14	60.42	9.06	41.59	54.13	15.81	32.53	67.42	22.14	53.24	19.24	23.02	57.71	66.71	19.24	14.21	44.29	34.21	27.02	25.81	41.11	34.21	39.12	15.03	49.66	44.29	62.24	61.0	31.78	42.15	68.0	64.26	22.8	25.63	22.02	24.19	27.73	0.0	45.54
;
