set K:= 1	2	3	4	5	6;
set C_H:= 1	2	3	4	5	6	7	8	9	10	11	12;
set C_S:= 13	14	15	16	17	18	19	20	21	22;
set C_F:= 23	24	25	26	27	28	29	30	31	32;
set M:= 33	34	35	36	37	38;
set L_B:= 39	40	41	42	43	44;
set A1:=
(0,*) 1 2 3 4 5 6 7 8 9 10 11 12 23 24 25 26 27 28 29 30 31 32 33 34 35 36 37 38 39 40 41 42 43 44 45
(1,*) 0 2 3 4 5 6 7 8 9 10 11 12 23 24 25 26 27 28 29 30 31 32 33 34 35 36 37 38 39 40 41 42 43 44 45
(2,*) 0 1 3 4 5 6 7 8 9 10 11 12 23 24 25 26 27 28 29 30 31 32 33 34 35 36 37 38 39 40 41 42 43 44 45
(3,*) 0 1 2 4 5 6 7 8 9 10 11 12 23 24 25 26 27 28 29 30 31 32 33 34 35 36 37 38 39 40 41 42 43 44 45
(4,*) 0 1 2 3 5 6 7 8 9 10 11 12 23 24 25 26 27 28 29 30 31 32 33 34 35 36 37 38 39 40 41 42 43 44 45
(5,*) 0 1 2 3 4 6 7 8 9 10 11 12 23 24 25 26 27 28 29 30 31 32 33 34 35 36 37 38 39 40 41 42 43 44 45
(6,*) 0 1 2 3 4 5 7 8 9 10 11 12 23 24 25 26 27 28 29 30 31 32 33 34 35 36 37 38 39 40 41 42 43 44 45
(7,*) 0 1 2 3 4 5 6 8 9 10 11 12 23 24 25 26 27 28 29 30 31 32 33 34 35 36 37 38 39 40 41 42 43 44 45
(8,*) 0 1 2 3 4 5 6 7 9 10 11 12 23 24 25 26 27 28 29 30 31 32 33 34 35 36 37 38 39 40 41 42 43 44 45
(9,*) 0 1 2 3 4 5 6 7 8 10 11 12 23 24 25 26 27 28 29 30 31 32 33 34 35 36 37 38 39 40 41 42 43 44 45
(10,*) 0 1 2 3 4 5 6 7 8 9 11 12 23 24 25 26 27 28 29 30 31 32 33 34 35 36 37 38 39 40 41 42 43 44 45
(11,*) 0 1 2 3 4 5 6 7 8 9 10 12 23 24 25 26 27 28 29 30 31 32 33 34 35 36 37 38 39 40 41 42 43 44 45
(12,*) 0 1 2 3 4 5 6 7 8 9 10 11 23 24 25 26 27 28 29 30 31 32 33 34 35 36 37 38 39 40 41 42 43 44 45
(23,*) 0 1 2 3 4 5 6 7 8 9 10 11 12 24 25 26 27 28 29 30 31 32 33 34 35 36 37 38 39 40 41 42 43 44 45
(24,*) 0 1 2 3 4 5 6 7 8 9 10 11 12 23 25 26 27 28 29 30 31 32 33 34 35 36 37 38 39 40 41 42 43 44 45
(25,*) 0 1 2 3 4 5 6 7 8 9 10 11 12 23 24 26 27 28 29 30 31 32 33 34 35 36 37 38 39 40 41 42 43 44 45
(26,*) 0 1 2 3 4 5 6 7 8 9 10 11 12 23 24 25 27 28 29 30 31 32 33 34 35 36 37 38 39 40 41 42 43 44 45
(27,*) 0 1 2 3 4 5 6 7 8 9 10 11 12 23 24 25 26 28 29 30 31 32 33 34 35 36 37 38 39 40 41 42 43 44 45
(28,*) 0 1 2 3 4 5 6 7 8 9 10 11 12 23 24 25 26 27 29 30 31 32 33 34 35 36 37 38 39 40 41 42 43 44 45
(29,*) 0 1 2 3 4 5 6 7 8 9 10 11 12 23 24 25 26 27 28 30 31 32 33 34 35 36 37 38 39 40 41 42 43 44 45
(30,*) 0 1 2 3 4 5 6 7 8 9 10 11 12 23 24 25 26 27 28 29 31 32 33 34 35 36 37 38 39 40 41 42 43 44 45
(31,*) 0 1 2 3 4 5 6 7 8 9 10 11 12 23 24 25 26 27 28 29 30 32 33 34 35 36 37 38 39 40 41 42 43 44 45
(32,*) 0 1 2 3 4 5 6 7 8 9 10 11 12 23 24 25 26 27 28 29 30 31 33 34 35 36 37 38 39 40 41 42 43 44 45
(33,*) 0 1 2 3 4 5 6 7 8 9 10 11 12 23 24 25 26 27 28 29 30 31 32 34 35 36 37 38 39 40 41 42 43 44 45
(34,*) 0 1 2 3 4 5 6 7 8 9 10 11 12 23 24 25 26 27 28 29 30 31 32 33 35 36 37 38 39 40 41 42 43 44 45
(35,*) 0 1 2 3 4 5 6 7 8 9 10 11 12 23 24 25 26 27 28 29 30 31 32 33 34 36 37 38 39 40 41 42 43 44 45
(36,*) 0 1 2 3 4 5 6 7 8 9 10 11 12 23 24 25 26 27 28 29 30 31 32 33 34 35 37 38 39 40 41 42 43 44 45
(37,*) 0 1 2 3 4 5 6 7 8 9 10 11 12 23 24 25 26 27 28 29 30 31 32 33 34 35 36 38 39 40 41 42 43 44 45
(38,*) 0 1 2 3 4 5 6 7 8 9 10 11 12 23 24 25 26 27 28 29 30 31 32 33 34 35 36 37 39 40 41 42 43 44 45
(39,*) 0 1 2 3 4 5 6 7 8 9 10 11 12 23 24 25 26 27 28 29 30 31 32 33 34 35 36 37 38 40 41 42 43 44 45
(40,*) 0 1 2 3 4 5 6 7 8 9 10 11 12 23 24 25 26 27 28 29 30 31 32 33 34 35 36 37 38 39 41 42 43 44 45
(41,*) 0 1 2 3 4 5 6 7 8 9 10 11 12 23 24 25 26 27 28 29 30 31 32 33 34 35 36 37 38 39 40 42 43 44 45
(42,*) 0 1 2 3 4 5 6 7 8 9 10 11 12 23 24 25 26 27 28 29 30 31 32 33 34 35 36 37 38 39 40 41 43 44 45
(43,*) 0 1 2 3 4 5 6 7 8 9 10 11 12 23 24 25 26 27 28 29 30 31 32 33 34 35 36 37 38 39 40 41 42 44 45
(44,*) 0 1 2 3 4 5 6 7 8 9 10 11 12 23 24 25 26 27 28 29 30 31 32 33 34 35 36 37 38 39 40 41 42 43 45
(45,*) 0 1 2 3 4 5 6 7 8 9 10 11 12 23 24 25 26 27 28 29 30 31 32 33 34 35 36 37 38 39 40 41 42 43 44
;
set A2:=
(33,*) 34
(34,*) 33
(35,*) 36
(36,*) 35
(37,*) 38
(38,*) 37
;
param BigM:=99999;
param n:= 6;
param d:=
1	26
2	17
3	15
4	17
5	16
6	10
7	7
8	21
9	21
10	22
11	25
12	2
13	5
14	16
15	1
16	66
17	17
18	25
19	16
20	11
21	21
22	22
23	6
24	15
25	7
26	21
27	25
28	11
29	7
30	17
31	22
32	11
;
param Q:=100;
param w:=
[33,*] 34 1.5
[34,*] 33 1.5
[35,*] 36 1.5
[36,*] 35 1.5
[37,*] 38 1.5
[38,*] 37 1.5
;
param V:=
[33,*] 34 91
[34,*] 33 91
[35,*] 36 92
[36,*] 35 92
[37,*] 38 86
[38,*] 37 86
;
param e:
	33	34	35	36	37	38	39	40	41	42	43	44:=
13		0		0		0		0		0		0		1		0		0		0		0		0	
14		0		0		0		0		1		0		0		0		0		0		0		0	
15		0		0		0		0		0		0		1		0		0		0		1		0	
16		0		1		0		0		0		0		0		0		0		0		1		0	
17		0		0		0		0		0		0		1		0		0		0		0		0	
18		0		0		0		0		0		0		0		0		0		0		1		0	
19		0		0		0		0		0		1		0		0		0		0		0		0	
20		0		1		0		0		0		0		0		0		0		0		0		0	
21		0		1		0		0		0		0		1		0		0		0		0		1	
22		0		1		0		0		0		0		1		1		1		0		1		1	
23		1		0		0		0		1		0		0		0		0		0		0		0	
24		0		0		0		0		1		0		0		0		0		0		0		0	
25		0		0		0		0		0		0		1		1		1		1		0		1	
26		0		0		0		0		0		0		0		0		0		0		1		0	
27		0		0		0		0		0		0		1		1		1		1		0		1	
28		1		0		0		0		1		0		0		0		0		0		0		0	
29		0		1		0		0		0		0		0		0		0		0		0		0	
30		0		0		0		0		0		0		0		1		1		1		1		1	
31		0		0		0		0		0		0		0		1		0		1		0		0	
32		0		1		0		0		0		0		0		0		0		0		0		0	
;
param p:=
1	1
2	1
3	1
4	1
5	1
6	1
;
param G:=
33	80
34	95
35	81
36	92
37	86
38	84
39	78
40	91
41	72
42	79
43	90
44	72
;
param s:=
0	0
1	10
2	10
3	10
4	10
5	10
6	10
7	10
8	10
9	10
10	10
11	10
12	10
23	10
24	10
25	10
26	10
27	10
28	10
29	10
30	10
31	10
32	10
33	10
34	10
35	10
36	10
37	10
38	10
39	10
40	10
41	10
42	10
43	10
44	10
;
param t:
	0	1	2	3	4	5	6	7	8	9	10	11	12	13	14	15	16	17	18	19	20	21	22	23	24	25	26	27	28	29	30	31	32	33	34	35	36	37	38	39	40	41	42	43	44	45:=
0	0.0	26.4	60.8	36.67	71.85	14.04	61.91	55.15	42.45	57.72	68.35	37.54	31.06	31.02	56.61	12.73	35.47	30.08	23.35	49.34	21.47	5.83	9.43	61.07	59.17	34.66	43.01	28.02	64.64	39.66	24.7	41.48	36.36	64.88	18.36	61.98	58.25	71.4	41.63	14.87	21.1	20.52	24.19	22.67	13.42	0.0
1	26.4	0.0	35.36	10.3	46.1	14.14	35.81	60.21	46.1	46.1	53.15	62.63	50.36	5.0	36.14	25.0	45.35	4.0	39.45	37.11	45.34	32.2	26.87	39.0	40.45	14.0	37.64	5.1	38.95	63.66	20.02	16.0	62.65	38.59	44.72	64.44	40.22	45.97	49.09	19.24	6.0	10.77	3.16	26.93	13.0	26.4
2	60.8	35.36	0.0	25.61	11.18	49.5	5.66	71.59	60.21	40.31	61.85	97.84	77.37	32.02	18.87	60.21	77.83	32.65	74.2	35.74	80.66	66.61	62.23	14.87	24.21	27.31	62.59	32.8	4.12	99.01	51.97	26.57	97.08	9.43	79.06	71.78	48.66	10.63	66.03	49.19	39.82	40.82	36.88	60.21	47.63	60.8
3	36.67	10.3	25.61	0.0	36.07	24.21	25.61	64.35	50.61	44.28	50.61	72.8	59.01	6.4	30.0	34.66	52.92	7.07	48.6	35.85	55.44	42.49	36.88	31.58	35.13	12.73	41.05	10.0	29.0	73.66	26.93	8.6	72.95	28.3	55.01	67.48	36.88	36.12	54.63	28.07	15.81	19.03	12.65	34.89	23.26	36.67
4	71.85	46.1	11.18	36.07	0.0	60.21	10.82	80.62	70.0	47.43	65.19	108.71	88.32	42.43	26.48	70.71	87.13	43.14	84.39	44.41	91.44	77.67	72.92	20.88	30.68	38.48	70.23	43.83	7.21	109.71	61.61	35.51	108.17	10.2	90.14	80.05	53.04	2.83	76.06	60.37	50.8	51.97	47.8	70.0	58.6	71.85
5	14.04	14.14	49.5	24.21	60.21	0.0	49.82	61.03	47.17	55.0	55.9	48.6	43.08	18.03	48.85	11.18	34.01	17.2	26.0	46.01	31.24	19.42	12.73	52.35	52.5	26.0	33.42	17.49	53.08	49.52	13.45	27.86	49.24	52.43	31.62	66.73	44.92	60.11	48.27	15.81	10.77	14.0	13.04	16.28	5.39	14.04
6	61.91	35.81	5.66	25.61	10.82	49.82	0.0	76.4	64.63	45.79	57.07	98.41	80.41	31.89	24.41	60.14	76.32	32.65	73.66	40.85	81.06	67.74	62.48	20.52	29.83	29.83	59.77	34.0	5.0	99.25	50.8	24.7	98.27	4.12	80.26	76.9	44.18	11.7	70.26	51.26	40.82	42.54	37.74	59.2	48.55	61.91
7	55.15	60.21	71.59	64.35	80.62	61.03	76.4	0.0	14.14	35.36	113.36	79.1	34.37	64.03	54.23	67.08	90.62	63.25	78.11	36.22	70.86	56.32	64.47	60.13	51.0	51.97	94.4	56.22	75.31	84.01	74.4	72.95	70.71	80.52	60.21	8.25	100.26	78.41	13.6	45.22	55.87	50.21	57.31	76.16	55.8	55.15
8	42.45	46.1	60.21	50.61	70.0	47.17	64.63	14.14	0.0	29.15	99.25	70.41	28.3	50.0	44.28	53.85	77.79	49.2	65.73	26.68	60.01	44.41	51.55	50.36	42.2	38.48	80.45	42.2	64.12	74.81	60.46	59.17	63.25	68.73	50.25	19.7	86.21	68.03	6.71	31.38	41.73	36.07	43.19	62.61	41.88	42.45
9	57.72	46.1	40.31	44.28	47.43	55.0	45.79	35.36	29.15	0.0	94.34	92.61	55.87	47.43	21.47	65.19	89.01	47.13	79.63	9.06	78.75	61.98	64.63	26.57	16.76	32.57	83.68	41.0	43.38	96.01	65.62	51.97	87.46	49.74	71.59	33.14	80.45	44.92	35.85	42.95	45.18	41.0	44.55	71.06	50.04	57.72
10	68.35	53.15	61.85	50.61	65.19	55.9	57.07	113.36	99.25	94.34	0.0	89.09	98.9	49.5	76.56	57.01	51.79	50.21	60.01	86.27	74.17	72.12	61.13	75.27	82.35	63.25	29.02	57.28	61.98	86.47	43.66	42.44	95.13	55.44	81.39	117.38	13.89	67.36	102.0	70.18	57.8	63.41	56.08	47.85	60.03	68.35
11	37.54	62.63	97.84	72.8	108.71	48.6	98.41	79.1	70.41	92.61	89.09	0.0	45.01	66.61	94.02	38.95	38.33	65.8	29.43	85.0	17.49	32.02	36.06	98.6	96.26	72.18	60.07	65.12	101.53	5.83	51.62	75.8	10.82	101.02	21.02	87.21	83.55	108.47	66.48	51.61	58.05	58.05	60.96	43.97	50.25	37.54
12	31.06	50.36	77.37	59.01	88.32	43.08	80.41	34.37	28.3	55.87	98.9	45.01	0.0	55.33	65.74	43.6	63.41	54.33	50.0	50.8	39.4	29.0	39.82	71.59	65.51	50.64	74.06	49.01	81.49	50.16	55.47	66.27	36.35	84.17	27.86	42.58	87.92	86.98	22.85	31.14	44.41	40.05	47.27	53.6	39.56	31.06
13	31.02	5.0	32.02	6.4	42.43	18.03	31.89	64.03	50.0	47.43	49.5	66.61	55.33	0.0	35.23	28.28	46.82	1.0	42.2	38.63	49.2	36.77	30.61	37.36	40.01	14.87	36.5	7.81	35.38	67.36	20.88	11.0	67.08	34.41	49.24	67.88	36.24	42.52	53.34	24.19	11.0	15.52	8.06	28.64	17.72	31.02
14	56.61	36.14	18.87	30.0	26.48	48.85	24.41	54.23	44.28	21.47	76.56	94.02	65.74	35.23	0.0	60.01	81.49	35.36	74.85	18.03	77.94	62.01	60.83	6.08	5.83	22.85	71.03	31.62	21.93	96.26	55.9	35.69	91.22	28.3	73.66	53.6	62.77	24.19	50.64	42.52	38.08	36.36	36.06	63.06	45.18	56.61
15	12.73	25.0	60.21	34.66	70.71	11.18	60.14	67.08	53.85	65.19	57.01	38.95	43.6	28.28	60.01	0.0	24.33	27.59	14.87	56.32	21.47	15.23	4.12	63.53	63.57	37.16	30.53	28.65	63.66	39.2	14.0	36.89	41.23	62.48	25.0	73.54	48.09	70.77	53.71	23.35	21.93	24.52	24.19	10.0	15.3	12.73
16	35.47	45.35	77.83	52.92	87.13	34.01	76.32	90.62	77.79	89.01	51.79	38.33	63.41	46.82	81.49	24.33	0.0	46.49	13.45	80.02	26.93	34.99	26.25	84.12	85.7	59.03	23.41	50.01	80.62	35.0	26.0	51.62	46.17	77.67	37.64	97.41	48.75	87.82	77.08	47.68	44.28	48.01	45.71	18.44	39.01	35.47
17	30.08	4.0	32.65	7.07	43.14	17.2	32.65	63.25	49.2	47.13	50.21	65.8	54.33	1.0	35.36	27.59	46.49	0.0	41.62	38.28	48.41	35.85	29.83	37.64	40.05	14.56	36.67	7.07	36.07	66.6	20.62	12.0	66.19	35.23	48.33	67.18	37.01	43.19	52.48	23.19	10.0	14.56	7.07	28.23	16.76	30.08
18	23.35	39.45	74.2	48.6	84.39	26.0	73.66	78.11	65.73	79.63	60.01	29.43	50.0	42.2	74.85	14.87	13.45	41.62	0.0	70.86	14.56	21.93	15.03	78.26	78.43	52.0	31.06	43.38	77.47	27.86	23.6	49.52	35.23	75.66	24.41	85.16	54.13	84.65	64.51	37.01	36.77	39.29	38.91	15.26	30.08	23.35
19	49.34	37.11	35.74	35.85	44.41	46.01	40.85	36.22	26.68	9.06	86.27	85.0	50.8	38.63	18.03	56.32	80.02	38.28	70.86	0.0	70.58	53.85	55.9	24.0	15.52	23.77	74.73	32.02	39.29	88.14	56.57	43.83	80.45	44.94	64.01	36.06	72.42	42.19	33.24	34.48	36.12	32.02	35.51	62.03	41.11	49.34
20	21.47	45.34	80.66	55.44	91.44	31.24	81.06	70.86	60.01	78.75	74.17	17.49	39.4	49.2	77.94	21.47	26.93	48.41	14.56	70.58	0.0	16.76	18.6	82.2	80.62	55.61	45.4	48.1	84.29	18.44	34.48	58.31	21.0	83.6	11.66	78.52	67.36	91.29	57.43	36.25	41.04	41.62	43.84	27.29	33.3	21.47
21	5.83	32.2	66.61	42.49	77.67	19.42	67.74	56.32	44.41	61.98	72.12	32.02	29.0	36.77	62.01	15.23	34.99	35.85	21.93	53.85	16.76	0.0	11.18	66.6	64.35	40.31	45.65	33.84	70.46	34.48	28.64	47.13	30.53	70.71	12.53	63.56	62.65	77.2	42.72	19.72	26.93	26.17	30.02	25.06	19.24	5.83
22	9.43	26.87	62.23	36.88	72.92	12.73	62.48	64.47	51.55	64.63	61.13	36.06	39.82	30.61	60.83	4.12	26.25	29.83	15.03	55.9	18.6	11.18	0.0	64.66	64.08	38.08	34.48	30.0	65.8	36.8	18.03	39.82	37.64	65.0	21.02	71.17	52.15	72.84	50.99	22.0	23.02	24.7	25.61	13.89	15.65	9.43
23	61.07	39.0	14.87	31.58	20.88	52.35	20.52	60.13	50.36	26.57	75.27	98.6	71.59	37.36	6.08	63.53	84.12	37.64	78.26	24.0	82.2	66.6	64.66	0.0	9.85	26.63	72.11	34.89	17.2	100.6	58.24	36.01	96.21	24.08	78.49	59.23	61.68	18.44	56.72	47.38	41.68	40.61	39.36	65.79	49.09	61.07
24	59.17	40.45	24.21	35.13	30.68	52.5	29.83	51.0	42.2	16.76	82.35	96.26	65.51	40.01	5.83	63.57	85.7	40.05	78.43	15.52	80.62	64.35	64.08	9.85	0.0	26.68	76.16	35.69	26.93	98.79	60.41	41.23	92.85	33.6	75.6	49.65	68.54	28.16	48.76	44.65	41.76	39.4	40.02	67.27	48.47	59.17
25	34.66	14.0	27.31	12.73	38.48	26.0	29.83	51.97	38.48	32.57	63.25	72.18	50.64	14.87	22.85	37.16	59.03	14.56	52.0	23.77	55.61	40.31	38.08	26.63	26.68	0.0	51.2	9.06	31.38	74.03	34.01	21.26	70.43	33.54	52.5	54.82	49.58	37.59	43.01	21.95	15.23	14.14	13.34	40.61	22.47	34.66
26	43.01	37.64	62.59	41.05	70.23	33.42	59.77	94.4	80.45	83.68	29.02	60.07	74.06	36.5	71.03	30.53	23.41	36.67	31.06	74.73	45.4	45.65	34.48	72.11	76.16	51.2	0.0	42.72	64.56	57.56	20.0	36.35	66.27	60.17	53.45	99.86	25.55	71.47	81.69	49.2	39.81	45.18	39.56	20.59	38.6	43.01
27	28.02	5.1	32.8	10.0	43.83	17.49	34.0	56.22	42.2	41.0	57.28	65.12	49.01	7.81	31.62	28.65	50.01	7.07	43.38	32.02	48.1	33.84	30.0	34.89	35.69	9.06	42.72	0.0	36.62	66.53	25.0	17.72	64.35	37.16	46.32	60.11	44.05	43.42	45.65	18.11	7.07	9.06	4.47	31.58	14.87	28.02
28	64.64	38.95	4.12	29.0	7.21	53.08	5.0	75.31	64.12	43.38	61.98	101.53	81.49	35.38	21.93	63.66	80.62	36.07	77.47	39.29	84.29	70.46	65.8	17.2	26.93	31.38	64.56	36.62	0.0	102.59	54.92	29.07	100.96	7.21	82.93	75.29	49.16	7.21	70.01	53.23	43.6	44.78	40.61	63.25	51.4	64.64
29	39.66	63.66	99.01	73.66	109.71	49.52	99.25	84.01	74.81	96.01	86.47	5.83	50.16	67.36	96.26	39.2	35.0	66.6	27.86	88.14	18.44	34.48	36.8	100.6	98.79	74.03	57.56	66.53	102.59	0.0	51.0	76.03	16.64	101.67	24.74	92.05	81.74	109.62	71.18	54.2	59.46	60.0	62.24	42.95	51.74	39.66
30	24.7	20.02	51.97	26.93	61.61	13.45	50.8	74.4	60.46	65.62	43.66	51.62	55.47	20.88	55.9	14.0	26.0	20.62	23.6	56.57	34.48	28.64	18.03	58.24	60.41	34.01	20.0	25.0	54.92	51.0	0.0	26.25	54.92	52.5	39.0	79.92	34.13	62.13	61.72	29.21	20.62	25.63	21.1	8.49	18.6	24.7
31	41.48	16.0	26.57	8.6	35.51	27.86	24.7	72.95	59.17	51.97	42.44	75.8	66.27	11.0	35.69	36.89	51.62	12.0	49.52	43.83	58.31	47.13	39.82	36.01	41.23	21.26	36.35	17.72	29.07	76.03	26.25	0.0	77.08	26.25	59.46	76.06	28.6	36.24	63.07	35.13	22.0	26.31	19.03	34.71	28.44	41.48
32	36.36	62.65	97.08	72.95	108.17	49.24	98.27	70.71	63.25	87.46	95.13	10.82	36.35	67.08	91.22	41.23	46.17	66.19	35.23	80.45	21.0	30.53	37.64	96.21	92.85	70.43	66.27	64.35	100.96	16.64	54.92	77.08	0.0	101.21	18.03	78.92	88.28	107.65	58.69	48.84	57.45	56.4	60.54	48.17	49.74	36.36
33	64.88	38.59	9.43	28.3	10.2	52.43	4.12	80.52	68.73	49.74	55.44	101.02	84.17	34.41	28.3	62.48	77.67	35.23	75.66	44.94	83.6	70.71	65.0	24.08	33.6	33.54	60.17	37.16	7.21	101.67	52.5	26.25	101.21	0.0	83.24	80.99	43.0	12.0	74.33	54.71	43.83	45.88	40.71	60.96	51.48	64.88
34	18.36	44.72	79.06	55.01	90.14	31.62	80.26	60.21	50.25	71.59	81.39	21.02	27.86	49.24	73.66	25.0	37.64	48.33	24.41	64.01	11.66	12.53	21.02	78.49	75.6	52.5	53.45	46.32	82.93	24.74	39.0	59.46	18.03	83.24	0.0	68.07	73.06	89.63	47.01	31.14	39.45	38.42	42.54	33.54	31.76	18.36
35	61.98	64.44	71.78	67.48	80.05	66.73	76.9	8.25	19.7	33.14	117.38	87.21	42.58	67.88	53.6	73.54	97.41	67.18	85.16	36.06	78.52	63.56	71.17	59.23	49.65	54.82	99.86	60.11	75.29	92.05	79.92	76.06	78.92	80.99	68.07	0.0	104.0	77.67	21.1	51.0	60.61	55.0	61.72	82.29	61.4	61.98
36	58.25	40.22	48.66	36.88	53.04	44.92	44.18	100.26	86.21	80.45	13.89	83.55	87.92	36.24	62.77	48.09	48.75	37.01	54.13	72.42	67.36	62.65	52.15	61.68	68.54	49.58	25.55	44.05	49.16	81.74	34.13	28.6	88.28	43.0	73.06	104.0	0.0	55.0	89.31	58.14	45.28	50.77	43.27	40.11	48.47	58.25
37	71.4	45.97	10.63	36.12	2.83	60.11	11.7	78.41	68.03	44.92	67.36	108.47	86.98	42.52	24.19	70.77	87.82	43.19	84.65	42.19	91.29	77.2	72.84	18.44	28.16	37.59	71.47	43.42	7.21	109.62	62.13	36.24	107.65	12.0	89.63	77.67	55.0	0.0	74.17	59.54	50.45	51.31	47.51	70.46	58.26	71.4
38	41.63	49.09	66.03	54.63	76.06	48.27	70.26	13.6	6.71	35.85	102.0	66.48	22.85	53.34	50.64	53.71	77.08	52.48	64.51	33.24	57.43	42.72	50.99	56.72	48.76	43.01	81.69	45.65	70.01	71.18	61.72	63.07	58.69	74.33	47.01	21.1	89.31	74.17	0.0	32.56	44.2	38.6	46.04	62.97	43.19	41.63
39	14.87	19.24	49.19	28.07	60.37	15.81	51.26	45.22	31.38	42.95	70.18	51.61	31.14	24.19	42.52	23.35	47.68	23.19	37.01	34.48	36.25	19.72	22.0	47.38	44.65	21.95	49.2	18.11	53.23	54.2	29.21	35.13	48.84	54.71	31.14	51.0	58.14	59.54	32.56	0.0	13.34	9.06	16.12	31.38	10.63	14.87
40	21.1	6.0	39.82	15.81	50.8	10.77	40.82	55.87	41.73	45.18	57.8	58.05	44.41	11.0	38.08	21.93	44.28	10.0	36.77	36.12	41.04	26.93	23.02	41.68	41.76	15.23	39.81	7.07	43.6	59.46	20.62	22.0	57.45	43.83	39.45	60.61	45.28	50.45	44.2	13.34	0.0	5.66	3.16	26.02	7.81	21.1
41	20.52	10.77	40.82	19.03	51.97	14.0	42.54	50.21	36.07	41.0	63.41	58.05	40.05	15.52	36.36	24.52	48.01	14.56	39.29	32.02	41.62	26.17	24.7	40.61	39.4	14.14	45.18	9.06	44.78	60.0	25.63	26.31	56.4	45.88	38.42	55.0	50.77	51.31	38.6	9.06	5.66	0.0	7.62	30.15	9.22	20.52
42	24.19	3.16	36.88	12.65	47.8	13.04	37.74	57.31	43.19	44.55	56.08	60.96	47.27	8.06	36.06	24.19	45.71	7.07	38.91	35.51	43.84	30.02	25.61	39.36	40.02	13.34	39.56	4.47	40.61	62.24	21.1	19.03	60.54	40.71	42.54	61.72	43.27	47.51	46.04	16.12	3.16	7.62	0.0	27.29	10.82	24.19
43	22.67	26.93	60.21	34.89	70.0	16.28	59.2	76.16	62.61	71.06	47.85	43.97	53.6	28.64	63.06	10.0	18.44	28.23	15.26	62.03	27.29	25.06	13.89	65.79	67.27	40.61	20.59	31.58	63.25	42.95	8.49	34.71	48.17	60.96	33.54	82.29	40.11	70.46	62.97	31.38	26.02	30.15	27.29	0.0	21.59	22.67
44	13.42	13.0	47.63	23.26	58.6	5.39	48.55	55.8	41.88	50.04	60.03	50.25	39.56	17.72	45.18	15.3	39.01	16.76	30.08	41.11	33.3	19.24	15.65	49.09	48.47	22.47	38.6	14.87	51.4	51.74	18.6	28.44	49.74	51.48	31.76	61.4	48.47	58.26	43.19	10.63	7.81	9.22	10.82	21.59	0.0	13.42
;
