vehicles
vehicle_idx, capacity, cost_per_unit_distance
1,100,1
2,100,1
3,100,1
4,100,1
5,100,1
6,100,1
7,100,1
depot
node_idx,x,y
0,61,99
home delivery customers
node_idx,x,y,service_time,demand
1,45,87,10,1
2,15,47,10,16
3,39,75,10,23
4,55,23,10,12
5,87,79,10,5
6,75,63,10,1
7,65,61,10,13
8,75,77,10,7
9,79,81,10,20
10,45,5,10,19
11,63,25,10,26
12,93,33,10,17
13,41,13,10,12
14,67,75,10,14
15,49,77,10,17
16,93,89,10,10
self pickup customers
node_idx,x,y,service_time,demand,locker_idxs
17,95,7,10,14,53-47
18,29,71,10,6,48
19,89,43,10,24,53-57
20,93,69,10,13,52
21,39,45,10,22,51
22,29,19,10,20,46
23,33,9,10,22,46
24,41,27,10,25,51
25,45,5,10,20,46
26,81,61,10,2,52
27,57,81,10,9,56-45
28,17,13,10,6,46-50
29,89,27,10,11,53-47
30,7,25,10,21,46
flexible customers
node_idx,x,y,service_time,demand,locker_idxs
31,73,35,10,20,53-57-50
32,17,35,10,14,46
33,39,99,10,18,56
34,49,37,10,8,57-55-51-54
35,85,31,10,21,53-47-50
36,89,71,10,8,52
37,49,69,10,3,52-54
38,89,33,10,8,53-47-50
39,47,77,10,16,54-45
40,13,65,10,12,48
41,63,9,10,20,50
42,57,81,10,19,56-52-45-49
43,83,7,10,15,47-50
44,35,35,10,24,55-51-46
lockers
node_idx,x,y,service_time,capacity,cost_per_unit_good
45,65,88,10,93
46,25,15,10,97
47,93,12,10,80
48,22,88,10,91
49,77,88,10,70
50,72,14,10,90
51,44,34,10,87
52,70,73,10,81
53,80,24,10,88
54,48,57,10,78
55,52,38,10,74
56,57,102,10,94
57,64,40,10,83
mrt lines
start_node_idx,end_node_idx,freight_capacity,cost_per_unit_good
45,46,93,1.5
46,45,93,1.5
distance matrix
,0,1,2,3,4,5,6,7,8,9,10,11,12,13,14,15,16,17,18,19,20,21,22,23,24,25,26,27,28,29,30,31,32,33,34,35,36,37,38,39,40,41,42,43,44,45,46,47,48,49,50,51,52,53,54,55,56,57,
0,0.0,20.0,69.43,32.56,76.24,32.8,38.63,38.21,26.08,25.46,95.35,74.03,73.35,88.29,24.74,25.06,33.53,98.08,42.52,62.61,43.86,58.31,86.16,94.25,74.73,95.35,42.94,18.44,96.6,77.25,91.61,65.12,77.67,22.0,63.15,72.11,39.6,32.31,71.69,26.08,58.82,90.02,18.44,94.59,69.08,11.7,91.39,92.7,40.52,19.42,85.71,67.19,27.51,77.37,43.97,61.66,5.0,59.08
1,20.0,0.0,50.0,13.42,64.78,42.76,38.42,32.8,31.62,34.53,82.0,64.56,72.25,74.11,25.06,10.77,48.04,94.34,22.63,62.23,51.26,42.43,69.86,78.92,60.13,82.0,44.41,13.42,79.12,74.4,72.72,59.06,59.06,13.42,50.16,68.82,46.82,18.44,69.66,10.2,38.83,80.05,13.42,88.57,52.95,20.02,74.73,89.04,23.02,32.02,77.83,53.01,28.65,72.07,30.15,49.5,19.21,50.7
2,69.43,50.0,0.0,36.88,46.65,78.79,62.1,51.92,67.08,72.47,51.61,52.8,79.25,42.8,59.06,45.34,88.59,89.44,27.78,74.11,81.04,24.08,31.3,42.05,32.8,51.61,67.47,54.04,34.06,76.66,23.41,59.23,12.17,57.27,35.44,71.81,77.79,40.5,75.31,43.86,18.11,61.22,54.04,78.89,23.32,64.66,33.53,85.49,41.59,74.33,65.86,31.78,60.84,68.95,34.48,38.08,69.2,49.5
3,32.56,13.42,36.88,0.0,54.41,48.17,37.95,29.53,36.06,40.45,70.26,55.46,68.41,62.03,28.0,10.2,55.79,88.09,10.77,59.36,54.33,30.0,56.89,66.27,48.04,70.26,44.27,18.97,65.79,69.31,59.36,52.5,45.65,24.0,39.29,63.66,50.16,11.66,65.3,8.25,27.86,70.23,18.97,80.99,40.2,29.07,61.61,82.98,21.4,40.16,69.35,41.3,31.06,65.44,20.12,39.22,32.45,43.01
4,76.24,64.78,46.65,54.41,0.0,64.5,44.72,39.29,57.58,62.77,20.59,8.25,39.29,17.2,53.37,54.33,76.16,43.08,54.59,39.45,59.67,27.2,26.31,26.08,14.56,20.59,46.04,58.03,39.29,34.23,48.04,21.63,39.85,77.67,15.23,31.05,58.82,46.39,35.44,54.59,59.4,16.12,58.03,32.25,23.32,65.76,31.05,39.56,72.9,68.62,19.24,15.56,52.2,25.02,34.71,15.3,79.03,19.24
5,32.8,42.76,78.79,48.17,64.5,0.0,20.0,28.43,12.17,8.25,85.09,59.09,46.39,80.45,20.4,38.05,11.66,72.44,58.55,36.06,11.66,58.82,83.45,88.41,69.43,85.09,18.97,30.07,96.21,52.04,96.52,46.17,82.68,52.0,56.64,48.04,8.25,39.29,46.04,40.05,75.31,74.0,30.07,72.11,68.12,23.77,89.11,67.27,65.62,13.45,66.71,62.24,18.03,55.44,44.78,53.91,37.8,45.28
6,38.63,38.42,62.1,37.95,44.72,20.0,0.0,10.2,14.0,18.44,65.3,39.85,34.99,60.46,14.42,29.53,31.62,59.46,46.69,24.41,18.97,40.25,63.66,68.41,49.52,65.3,6.32,25.46,76.58,38.63,77.9,28.07,64.4,50.91,36.77,33.53,16.12,26.68,33.11,31.3,62.03,55.32,25.46,56.57,48.83,26.93,69.31,54.08,58.6,25.08,49.09,42.45,11.18,39.32,27.66,33.97,42.95,25.5
7,38.21,32.8,51.92,29.53,39.29,28.43,10.2,0.0,18.87,24.41,59.46,36.06,39.6,53.67,14.14,22.63,39.6,61.77,37.36,30.0,29.12,30.53,55.32,61.06,41.62,59.46,16.0,21.54,67.88,41.62,68.26,27.2,54.59,46.04,28.84,36.06,26.0,17.89,36.88,24.08,52.15,52.04,21.54,56.92,39.7,27.0,60.96,56.44,50.77,29.55,47.52,34.21,13.0,39.92,17.46,26.42,41.77,21.02
8,26.08,31.62,67.08,36.06,57.58,12.17,14.0,18.87,0.0,5.66,78.0,53.37,47.54,72.47,8.25,26.0,21.63,72.8,46.39,36.77,19.7,48.17,74.03,79.92,60.46,78.0,17.09,18.44,86.37,51.92,85.6,42.05,71.61,42.19,47.71,47.07,15.23,27.2,46.17,28.0,63.15,69.05,18.44,70.46,58.0,14.87,79.65,67.45,54.13,11.18,63.07,53.01,6.4,53.24,33.6,45.28,30.81,38.6
9,25.46,34.53,72.47,40.45,62.77,8.25,18.44,24.41,5.66,0.0,83.26,58.24,50.0,77.9,13.42,30.27,16.12,75.71,50.99,39.29,18.44,53.81,79.65,85.44,66.03,83.26,20.1,22.0,92.02,54.92,91.21,46.39,77.2,43.86,53.25,50.36,14.14,32.31,49.03,32.25,67.91,73.76,22.0,74.11,63.66,15.65,85.28,70.41,57.43,7.28,67.36,58.6,12.04,57.01,39.2,50.77,30.41,43.66
10,95.35,82.0,51.61,70.26,20.59,85.09,65.3,59.46,78.0,83.26,0.0,26.91,55.57,8.94,73.38,72.11,96.75,50.04,67.91,58.14,80.0,40.45,21.26,12.65,22.36,0.0,66.57,76.94,29.12,49.19,42.94,41.04,41.04,94.19,32.25,47.71,79.32,64.12,52.15,72.03,68.0,18.44,76.94,38.05,31.62,85.38,22.36,48.51,86.13,88.96,28.46,29.02,72.45,39.82,52.09,33.73,97.74,39.82
11,74.03,64.56,52.8,55.46,8.25,59.09,39.85,36.06,53.37,58.24,26.91,0.0,31.05,25.06,50.16,53.85,70.68,36.72,57.2,31.62,53.25,31.24,34.53,34.0,22.09,26.91,40.25,56.32,47.54,26.08,56.0,14.14,47.07,77.79,18.44,22.8,52.84,46.17,27.2,54.41,64.03,16.0,56.32,26.91,29.73,63.03,39.29,32.7,75.17,64.54,14.21,21.02,48.51,17.03,35.34,17.03,77.23,15.03
12,73.35,72.25,79.25,68.41,39.29,46.39,34.99,39.6,47.54,50.0,55.57,31.05,0.0,55.71,49.4,62.23,56.0,26.08,74.43,10.77,36.0,55.32,65.51,64.62,52.35,55.57,30.46,60.0,78.59,7.21,86.37,20.1,76.03,85.28,44.18,8.25,38.21,56.85,4.0,63.66,86.16,38.42,60.0,27.86,58.03,61.72,70.34,21.0,89.81,57.28,28.32,49.01,46.14,15.81,51.0,41.3,77.83,29.83
13,88.29,74.11,42.8,62.03,17.2,80.45,60.46,53.67,72.47,77.9,8.94,25.06,55.71,0.0,67.23,64.5,92.09,54.33,59.23,56.6,76.42,32.06,13.42,8.94,14.0,8.94,62.48,69.86,24.0,50.0,36.06,38.83,32.56,86.02,25.3,47.54,75.29,56.57,52.0,64.28,59.06,22.36,69.86,42.43,22.8,78.75,16.12,52.01,77.37,83.19,31.02,21.21,66.64,40.52,44.55,27.31,90.43,35.47
14,24.74,25.06,59.06,28.0,53.37,20.4,14.42,14.14,8.25,13.42,73.38,50.16,49.4,67.23,0.0,18.11,29.53,73.54,38.21,38.83,26.68,41.04,67.68,74.24,54.59,73.38,19.8,11.66,79.65,52.8,78.1,40.45,64.03,36.88,42.05,47.54,22.36,18.97,47.41,20.1,54.92,66.12,11.66,69.86,51.22,13.15,73.24,68.15,46.84,16.4,61.2,47.01,3.61,52.63,26.17,39.92,28.79,35.13
15,25.06,10.77,45.34,10.2,54.33,38.05,29.53,22.63,26.0,30.27,72.11,53.85,62.23,64.5,18.11,0.0,45.61,83.76,20.88,52.5,44.72,33.53,61.35,69.86,50.64,72.11,35.78,8.94,71.55,64.03,66.84,48.37,52.8,24.17,40.0,58.41,40.45,8.0,59.46,2.0,37.95,69.43,8.94,77.82,44.27,19.42,66.48,78.49,29.15,30.08,67.07,43.29,21.38,61.4,20.02,39.12,26.25,39.92
16,33.53,48.04,88.59,55.79,76.16,11.66,31.62,39.6,21.63,16.12,96.75,70.68,56.0,92.09,29.53,45.61,0.0,82.02,66.48,46.17,20.0,69.66,94.85,100.0,80.92,96.75,30.46,36.88,107.48,62.13,107.2,57.58,93.23,54.92,68.12,58.55,18.44,48.33,56.14,47.54,83.52,85.44,36.88,82.61,79.25,28.02,100.5,77.0,71.01,16.03,77.88,73.66,28.02,66.29,55.22,65.44,38.28,56.94
17,98.08,94.34,89.44,88.09,43.08,72.44,59.46,61.77,72.8,75.71,50.04,36.72,26.08,54.33,73.54,83.76,82.02,0.0,91.93,36.5,62.03,67.68,67.08,62.03,57.58,50.04,55.79,83.19,78.23,20.88,89.82,35.61,82.87,107.7,54.92,26.0,64.28,77.2,26.68,84.88,100.44,32.06,83.19,12.0,66.21,86.38,70.46,5.39,109.04,82.98,24.04,57.71,70.58,22.67,68.62,53.01,102.32,45.28
18,42.52,22.63,27.78,10.77,54.59,58.55,46.69,37.36,46.39,50.99,67.91,57.2,74.43,59.23,38.21,20.88,66.48,91.93,0.0,66.21,64.03,27.86,52.0,62.13,45.61,67.91,52.95,29.73,59.23,74.4,50.99,56.85,37.95,29.73,39.45,68.82,60.0,20.1,71.02,18.97,17.09,70.71,29.73,83.74,36.5,39.81,56.14,87.05,18.38,50.92,71.4,39.92,41.05,69.35,23.6,40.22,41.77,46.75
19,62.61,62.23,74.11,59.36,39.45,36.06,24.41,30.0,36.77,39.29,58.14,31.62,10.77,56.6,38.83,52.5,46.17,36.5,66.21,0.0,26.31,50.04,64.62,65.51,50.6,58.14,19.7,49.68,78.0,16.0,83.95,17.89,72.44,75.07,40.45,12.65,28.0,47.71,10.0,54.04,79.12,42.8,49.68,36.5,54.59,51.0,69.86,31.26,80.71,46.57,33.62,45.89,35.51,21.02,43.32,37.34,67.12,25.18
20,43.86,51.26,81.04,54.33,59.67,11.66,18.97,29.12,19.7,18.44,80.0,53.25,36.0,76.42,26.68,44.72,20.0,62.03,64.03,26.31,0.0,59.09,81.22,84.85,66.84,80.0,14.42,37.95,94.4,42.19,96.6,39.45,83.26,61.77,54.41,38.83,4.47,44.0,36.22,46.69,80.1,67.08,37.95,62.8,67.23,33.84,86.83,57.0,73.5,24.84,58.87,60.22,23.35,46.84,46.57,51.4,48.84,41.01
21,58.31,42.43,24.08,30.0,27.2,58.82,40.25,30.53,48.17,53.81,40.45,31.24,55.32,32.06,41.04,33.53,69.66,67.68,27.86,50.04,59.09,0.0,27.86,36.5,18.11,40.45,44.94,40.25,38.83,53.14,37.74,35.44,24.17,54.0,12.81,48.08,56.36,26.0,51.42,32.98,32.8,43.27,40.25,58.14,10.77,50.25,33.11,63.29,46.24,57.38,45.28,12.08,41.77,46.07,15.0,14.76,59.77,25.5
22,86.16,69.86,31.3,56.89,26.31,83.45,63.66,55.32,74.03,79.65,21.26,34.53,65.51,13.42,67.68,61.35,94.85,67.08,52.0,64.62,81.22,27.86,0.0,10.77,14.42,21.26,66.84,68.03,13.42,60.53,22.8,46.82,20.0,80.62,26.91,57.27,79.4,53.85,61.61,60.73,48.7,35.44,68.03,55.32,17.09,77.83,5.66,64.38,69.35,84.05,43.29,21.21,67.8,51.24,42.49,29.83,87.6,40.82
23,94.25,78.92,42.05,66.27,26.08,88.41,68.41,61.06,79.92,85.44,12.65,34.0,64.62,8.94,74.24,69.86,100.0,62.03,62.13,65.51,84.85,36.5,10.77,0.0,19.7,12.65,70.77,75.89,16.49,58.82,30.53,47.71,30.53,90.2,32.25,56.46,83.55,62.1,60.93,69.43,59.46,30.0,75.89,50.04,26.08,85.23,10.0,60.07,79.76,90.43,39.32,27.31,73.93,49.34,50.29,34.67,96.05,43.84
24,74.73,60.13,32.8,48.04,14.56,69.43,49.52,41.62,60.46,66.03,22.36,22.09,52.35,14.0,54.59,50.64,80.92,57.58,45.61,50.6,66.84,18.11,14.42,19.7,0.0,22.36,52.5,56.32,27.78,48.0,34.06,32.98,25.3,72.03,12.81,44.18,65.12,42.76,48.37,50.36,47.2,28.43,56.32,46.52,10.0,65.55,20.0,54.12,63.89,70.83,33.62,7.62,54.38,39.12,30.81,15.56,76.69,26.42
25,95.35,82.0,51.61,70.26,20.59,85.09,65.3,59.46,78.0,83.26,0.0,26.91,55.57,8.94,73.38,72.11,96.75,50.04,67.91,58.14,80.0,40.45,21.26,12.65,22.36,0.0,66.57,76.94,29.12,49.19,42.94,41.04,41.04,94.19,32.25,47.71,79.32,64.12,52.15,72.03,68.0,18.44,76.94,38.05,31.62,85.38,22.36,48.51,86.13,88.96,28.46,29.02,72.45,39.82,52.09,33.73,97.74,39.82
26,42.94,44.41,67.47,44.27,46.04,18.97,6.32,16.0,17.09,20.1,66.57,40.25,30.46,62.48,19.8,35.78,30.46,55.79,52.95,19.7,14.42,44.94,66.84,70.77,52.5,66.57,0.0,31.24,80.0,34.93,82.29,27.2,69.08,56.64,40.0,30.27,12.81,32.98,29.12,37.58,68.12,55.03,31.24,54.04,52.84,31.38,72.47,50.45,64.88,27.29,47.85,45.8,16.28,37.01,33.24,37.01,47.51,27.02
27,18.44,13.42,54.04,18.97,58.03,30.07,25.46,21.54,18.44,22.0,76.94,56.32,60.0,69.86,11.66,8.94,36.88,83.19,29.73,49.68,37.95,40.25,68.03,75.89,56.32,76.94,31.24,0.0,78.89,62.77,75.07,48.7,60.96,25.46,44.72,57.31,33.53,14.42,57.69,10.77,46.82,72.25,0.0,78.43,50.99,10.63,73.35,77.83,35.69,21.19,68.66,48.76,15.26,61.47,25.63,43.29,21.0,41.59
28,96.6,79.12,34.06,65.79,39.29,96.21,76.58,67.88,86.37,92.02,29.12,47.54,78.59,24.0,79.65,71.55,107.48,78.23,59.23,78.0,94.4,38.83,13.42,16.49,27.78,29.12,80.0,78.89,0.0,73.35,15.62,60.17,22.0,88.77,40.0,70.34,92.46,64.5,74.73,70.68,52.15,46.17,78.89,66.27,28.43,89.04,8.25,76.01,75.17,96.05,55.01,34.21,80.06,63.95,53.82,43.01,97.58,54.2
29,77.25,74.4,76.66,69.31,34.23,52.04,38.63,41.62,51.92,54.92,49.19,26.08,7.21,50.0,52.8,64.03,62.13,20.88,74.4,16.0,42.19,53.14,60.53,58.82,48.0,49.19,34.93,62.77,73.35,0.0,82.02,17.89,72.44,87.66,41.23,5.66,44.0,58.0,6.0,65.3,84.97,31.62,62.77,20.88,54.59,65.55,65.12,15.52,90.61,62.17,21.4,45.54,49.77,9.49,50.8,38.6,81.54,28.18
30,91.61,72.72,23.41,59.36,48.04,96.52,77.9,68.26,85.6,91.21,42.94,56.0,86.37,36.06,78.1,66.84,107.2,89.82,50.99,83.95,96.6,37.74,22.8,30.53,34.06,42.94,82.29,75.07,15.62,82.02,0.0,66.75,14.14,80.62,43.68,78.23,94.02,60.83,82.39,65.6,40.45,58.24,75.07,78.1,29.73,85.63,20.59,86.98,64.76,94.18,65.92,38.08,79.2,73.01,52.01,46.84,91.81,58.94
31,65.12,59.06,59.23,52.5,21.63,46.17,28.07,27.2,42.05,46.39,41.04,14.14,20.1,38.83,40.45,48.37,57.58,35.61,56.85,17.89,39.45,35.44,46.82,47.71,32.98,41.04,27.2,48.7,60.17,17.89,66.75,0.0,56.0,72.47,24.08,12.65,39.4,41.62,16.12,49.4,67.08,27.86,48.7,29.73,38.0,53.6,52.0,30.48,73.55,53.15,21.02,29.02,38.12,13.04,33.3,21.21,68.88,10.3
32,77.67,59.06,12.17,45.65,39.85,82.68,64.4,54.59,71.61,77.2,41.04,47.07,76.03,32.56,64.03,52.8,93.23,82.87,37.95,72.44,83.26,24.17,20.0,30.53,25.3,41.04,69.08,60.96,22.0,72.44,14.14,56.0,0.0,67.68,32.06,68.12,80.5,46.69,72.03,51.61,30.27,52.84,60.96,71.69,18.0,71.51,21.54,79.4,53.24,80.06,58.87,27.02,65.22,63.95,38.01,35.13,78.03,47.27
33,22.0,13.42,57.27,24.0,77.67,52.0,50.91,46.04,42.19,43.86,94.19,77.79,85.28,86.02,36.88,24.17,54.92,107.7,29.73,75.07,61.77,54.0,80.62,90.2,72.03,94.19,56.64,25.46,88.77,87.66,80.62,72.47,67.68,0.0,62.8,82.1,57.31,31.62,82.8,23.41,42.8,93.15,25.46,101.98,64.12,28.23,85.16,102.4,20.25,39.56,91.18,65.19,40.46,85.48,42.95,62.37,18.25,64.08
34,63.15,50.16,35.44,39.29,15.23,56.64,36.77,28.84,47.71,53.25,32.25,18.44,44.18,25.3,42.05,40.0,68.12,54.92,39.45,40.45,54.41,12.81,26.91,32.25,12.81,32.25,40.0,44.72,40.0,41.23,43.68,24.08,32.06,62.8,0.0,36.5,52.5,32.0,40.2,40.05,45.61,31.3,44.72,45.34,14.14,53.45,32.56,50.61,57.71,58.18,32.53,5.83,41.68,33.62,20.02,3.16,65.49,15.3
35,72.11,68.82,71.81,63.66,31.05,48.04,33.53,36.06,47.07,50.36,47.71,22.8,8.25,47.54,47.54,58.41,58.55,26.0,68.82,12.65,38.83,48.08,57.27,56.46,44.18,47.71,30.27,57.31,70.34,5.66,78.23,12.65,68.12,82.1,36.5,0.0,40.2,52.35,4.47,59.67,79.62,31.11,57.31,24.08,50.16,60.41,62.1,20.62,84.96,57.56,21.4,41.11,44.6,8.6,45.22,33.73,76.32,22.85
36,39.6,46.82,77.79,50.16,58.82,8.25,16.12,26.0,15.23,14.14,79.32,52.84,38.21,75.29,22.36,40.45,18.44,64.28,60.0,28.0,4.47,56.36,79.4,83.55,65.12,79.32,12.81,33.53,92.46,44.0,94.02,39.4,80.5,57.31,52.5,40.2,0.0,40.05,38.0,42.43,76.24,67.23,33.53,64.28,64.9,29.41,85.04,59.14,69.12,20.81,59.48,58.26,19.1,47.85,43.32,49.58,44.55,39.82
37,32.31,18.44,40.5,11.66,46.39,39.29,26.68,17.89,27.2,32.31,64.12,46.17,56.85,56.57,18.97,8.0,48.33,77.2,20.1,47.71,44.0,26.0,53.85,62.1,42.76,64.12,32.98,14.42,64.5,58.0,60.83,41.62,46.69,31.62,32.0,52.35,40.05,0.0,53.81,8.25,36.22,61.61,14.42,70.71,36.77,24.84,59.09,72.01,33.02,33.84,59.62,35.36,21.38,54.64,12.04,31.14,33.96,32.65
38,71.69,69.66,75.31,65.3,35.44,46.04,33.11,36.88,46.17,49.03,52.15,27.2,4.0,52.0,47.41,59.46,56.14,26.68,71.02,10.0,36.22,51.42,61.61,60.93,48.37,52.15,29.12,57.69,74.73,6.0,82.39,16.12,72.03,82.8,40.2,4.47,38.0,53.81,0.0,60.83,82.46,35.38,57.69,26.68,54.04,60.01,66.48,21.38,86.68,56.29,25.5,45.01,44.28,12.73,47.51,37.34,76.06,25.96
39,26.08,10.2,43.86,8.25,54.59,40.05,31.3,24.08,28.0,32.25,72.03,54.41,63.66,64.28,20.1,2.0,47.54,84.88,18.97,54.04,46.69,32.98,60.73,69.43,50.36,72.03,37.58,10.77,70.68,65.3,65.6,49.4,51.61,23.41,40.05,59.67,42.43,8.25,60.83,0.0,36.06,69.86,10.77,78.71,43.68,21.1,65.79,79.63,27.31,31.95,67.78,43.1,23.35,62.43,20.02,39.32,26.93,40.72
40,58.82,38.83,18.11,27.86,59.4,75.31,62.03,52.15,63.15,67.91,68.0,64.03,86.16,59.06,54.92,37.95,83.52,100.44,17.09,79.12,80.1,32.8,48.7,59.46,47.2,68.0,68.12,46.82,52.15,84.97,40.45,67.08,30.27,42.8,45.61,79.62,76.24,36.22,82.46,36.06,0.0,75.07,46.82,90.91,37.2,56.86,51.42,95.96,24.7,68.01,77.99,43.84,57.56,78.55,35.9,47.43,57.49,56.8
41,90.02,80.05,61.22,70.23,16.12,74.0,55.32,52.04,69.05,73.76,18.44,16.0,38.42,22.36,66.12,69.43,85.44,32.06,70.71,42.8,67.08,43.27,35.44,30.0,28.43,18.44,55.03,72.25,46.17,31.62,58.24,27.86,52.84,93.15,31.3,31.11,67.23,61.61,35.38,69.86,75.07,0.0,72.25,20.1,38.21,79.03,38.47,30.15,89.01,80.23,10.3,31.4,64.38,22.67,50.29,31.02,93.19,31.02
42,18.44,13.42,54.04,18.97,58.03,30.07,25.46,21.54,18.44,22.0,76.94,56.32,60.0,69.86,11.66,8.94,36.88,83.19,29.73,49.68,37.95,40.25,68.03,75.89,56.32,76.94,31.24,0.0,78.89,62.77,75.07,48.7,60.96,25.46,44.72,57.31,33.53,14.42,57.69,10.77,46.82,72.25,0.0,78.43,50.99,10.63,73.35,77.83,35.69,21.19,68.66,48.76,15.26,61.47,25.63,43.29,21.0,41.59
43,94.59,88.57,78.89,80.99,32.25,72.11,56.57,56.92,70.46,74.11,38.05,26.91,27.86,42.43,69.86,77.82,82.61,12.0,83.74,36.5,62.8,58.14,55.32,50.04,46.52,38.05,54.04,78.43,66.27,20.88,78.1,29.73,71.69,101.98,45.34,24.08,64.28,70.71,26.68,78.71,90.91,20.1,78.43,0.0,55.57,82.98,58.55,11.18,101.4,81.22,13.04,47.43,67.27,17.26,61.03,43.84,98.49,38.08
44,69.08,52.95,23.32,40.2,23.32,68.12,48.83,39.7,58.0,63.66,31.62,29.73,58.03,22.8,51.22,44.27,79.25,66.21,36.5,54.59,67.23,10.77,17.09,26.08,10.0,31.62,52.84,50.99,28.43,54.59,29.73,38.0,18.0,64.12,14.14,50.16,64.9,36.77,54.04,43.68,37.2,38.21,50.99,55.57,0.0,60.9,22.36,62.39,54.57,67.62,42.54,9.06,51.66,46.32,25.55,17.26,70.52,29.43
45,11.7,20.02,64.66,29.07,65.76,23.77,26.93,27.0,14.87,15.65,85.38,63.03,61.72,78.75,13.15,19.42,28.02,86.38,39.81,51.0,33.84,50.25,77.83,85.23,65.55,85.38,31.38,10.63,89.04,65.55,85.63,53.6,71.51,28.23,53.45,60.41,29.41,24.84,60.01,21.1,56.86,79.03,10.63,82.98,60.9,0.0,83.24,80.99,43.0,12.0,74.33,57.94,15.81,65.73,35.36,51.66,16.12,48.01
46,91.39,74.73,33.53,61.61,31.05,89.11,69.31,60.96,79.65,85.28,22.36,39.29,70.34,16.12,73.24,66.48,100.5,70.46,56.14,69.86,86.83,33.11,5.66,10.0,20.0,22.36,72.47,73.35,8.25,65.12,20.59,52.0,21.54,85.16,32.56,62.1,85.04,59.09,66.48,65.79,51.42,38.47,73.35,58.55,22.36,83.24,0.0,68.07,73.06,89.63,47.01,26.87,73.41,55.73,47.89,35.47,92.7,46.32
47,92.7,89.04,85.49,82.98,39.56,67.27,54.08,56.44,67.45,70.41,48.51,32.7,21.0,52.01,68.15,78.49,77.0,5.39,87.05,31.26,57.0,63.29,64.38,60.07,54.12,48.51,50.45,77.83,76.01,15.52,86.98,30.48,79.4,102.4,50.61,20.62,59.14,72.01,21.38,79.63,95.96,30.15,77.83,11.18,62.39,80.99,68.07,0.0,104.0,77.67,21.1,53.71,65.19,17.69,63.64,48.55,96.93,40.31
48,40.52,23.02,41.59,21.4,72.9,65.62,58.6,50.77,54.13,57.43,86.13,75.17,89.81,77.37,46.84,29.15,71.01,109.04,18.38,80.71,73.5,46.24,69.35,79.76,63.89,86.13,64.88,35.69,75.17,90.61,64.76,73.55,53.24,20.25,57.71,84.96,69.12,33.02,86.68,27.31,24.7,89.01,35.69,101.4,54.57,43.0,73.06,104.0,0.0,55.0,89.31,58.31,50.29,86.37,40.46,58.31,37.7,63.78
49,19.42,32.02,74.33,40.16,68.62,13.45,25.08,29.55,11.18,7.28,88.96,64.54,57.28,83.19,16.4,30.08,16.03,82.98,50.92,46.57,24.84,57.38,84.05,90.43,70.83,88.96,27.29,21.19,96.05,62.17,94.18,53.15,80.06,39.56,58.18,57.56,20.81,33.84,56.29,31.95,68.01,80.23,21.19,81.22,67.62,12.0,89.63,77.67,55.0,0.0,74.17,63.29,16.55,64.07,42.45,55.9,24.41,49.73
50,85.71,77.83,65.86,69.35,19.24,66.71,49.09,47.52,63.07,67.36,28.46,14.21,28.32,31.02,61.2,67.07,77.88,24.04,71.4,33.62,58.87,45.28,43.29,39.32,33.62,28.46,47.85,68.66,55.01,21.4,65.92,21.02,58.87,91.18,32.53,21.4,59.48,59.62,25.5,67.78,77.99,10.3,68.66,13.04,42.54,74.33,47.01,21.1,89.31,74.17,0.0,34.41,59.03,12.81,49.24,31.24,89.27,27.2
51,67.19,53.01,31.78,41.3,15.56,62.24,42.45,34.21,53.01,58.6,29.02,21.02,49.01,21.21,47.01,43.29,73.66,57.71,39.92,45.89,60.22,12.08,21.21,27.31,7.62,29.02,45.8,48.76,34.21,45.54,38.08,29.02,27.02,65.19,5.83,41.11,58.26,35.36,45.01,43.1,43.84,31.4,48.76,47.43,9.06,57.94,26.87,53.71,58.31,63.29,34.41,0.0,46.87,37.36,23.35,8.94,69.23,20.88
52,27.51,28.65,60.84,31.06,52.2,18.03,11.18,13.0,6.4,12.04,72.45,48.51,46.14,66.64,3.61,21.38,28.02,70.58,41.05,35.51,23.35,41.77,67.8,73.93,54.38,72.45,16.28,15.26,80.06,49.77,79.2,38.12,65.22,40.46,41.68,44.6,19.1,21.38,44.28,23.35,57.56,64.38,15.26,67.27,51.66,15.81,73.41,65.19,50.29,16.55,59.03,46.87,0.0,50.01,27.2,39.36,31.78,33.54
53,77.37,72.07,68.95,65.44,25.02,55.44,39.32,39.92,53.24,57.01,39.82,17.03,15.81,40.52,52.63,61.4,66.29,22.67,69.35,21.02,46.84,46.07,51.24,49.34,39.12,39.82,37.01,61.47,63.95,9.49,73.01,13.04,63.95,85.48,33.62,8.6,47.85,54.64,12.73,62.43,78.55,22.67,61.47,17.26,46.32,65.73,55.73,17.69,86.37,64.07,12.81,37.36,50.01,0.0,45.97,31.3,81.32,22.63
54,43.97,30.15,34.48,20.12,34.71,44.78,27.66,17.46,33.6,39.2,52.09,35.34,51.0,44.55,26.17,20.02,55.22,68.62,23.6,43.32,46.57,15.0,42.49,50.29,30.81,52.09,33.24,25.63,53.82,50.8,52.01,33.3,38.01,42.95,20.02,45.22,43.32,12.04,47.51,20.02,35.9,50.29,25.63,61.03,25.55,35.36,47.89,63.64,40.46,42.45,49.24,23.35,27.2,45.97,0.0,19.42,45.89,23.35
55,61.66,49.5,38.08,39.22,15.3,53.91,33.97,26.42,45.28,50.77,33.73,17.03,41.3,27.31,39.92,39.12,65.44,53.01,40.22,37.34,51.4,14.76,29.83,34.67,15.56,33.73,37.01,43.29,43.01,38.6,46.84,21.21,35.13,62.37,3.16,33.73,49.58,31.14,37.34,39.32,47.43,31.02,43.29,43.84,17.26,51.66,35.47,48.55,58.31,55.9,31.24,8.94,39.36,31.3,19.42,0.0,64.2,12.17
56,5.0,19.21,69.2,32.45,79.03,37.8,42.95,41.77,30.81,30.41,97.74,77.23,77.83,90.43,28.79,26.25,38.28,102.32,41.77,67.12,48.84,59.77,87.6,96.05,76.69,97.74,47.51,21.0,97.58,81.54,91.81,68.88,78.03,18.25,65.49,76.32,44.55,33.96,76.06,26.93,57.49,93.19,21.0,98.49,70.52,16.12,92.7,96.93,37.7,24.41,89.27,69.23,31.78,81.32,45.89,64.2,0.0,62.39
57,59.08,50.7,49.5,43.01,19.24,45.28,25.5,21.02,38.6,43.66,39.82,15.03,29.83,35.47,35.13,39.92,56.94,45.28,46.75,25.18,41.01,25.5,40.82,43.84,26.42,39.82,27.02,41.59,54.2,28.18,58.94,10.3,47.27,64.08,15.3,22.85,39.82,32.65,25.96,40.72,56.8,31.02,41.59,38.08,29.43,48.01,46.32,40.31,63.78,49.73,27.2,20.88,33.54,22.63,23.35,12.17,62.39,0.0
