vehicles
vehicle_idx, capacity, cost_per_unit_distance
1,100,1
2,100,1
3,100,1
4,100,1
5,100,1
6,100,1
depot
node_idx,x,y
0,14,68
home delivery customers
node_idx,x,y,service_time,demand
1,58,98,10,9
2,18,98,10,9
3,17,28,10,3
4,72,67,10,14
5,78,63,10,8
6,42,48,10,8
7,79,92,10,2
8,22,39,10,9
9,63,59,10,8
10,32,88,10,14
11,63,32,10,24
12,58,78,10,13
13,17,32,10,18
14,98,77,10,14
15,34,12,10,18
self pickup customers
node_idx,x,y,service_time,demand,locker_idxs
16,73,2,10,8,49-46
17,33,42,10,18,54-52-55
18,1,2,10,13,45
19,2,28,10,18,45
20,87,1,10,8,46-49
21,42,77,10,18,50-53-47
22,58,32,10,18,54-49
23,53,84,10,3,44-48
24,38,37,10,24,54
25,22,73,10,23,47
26,88,94,10,9,48-44
27,73,1,10,14,49-46
28,48,23,10,13,51-45-49
29,7,37,10,4,45
flexible customers
node_idx,x,y,service_time,demand,locker_idxs
30,13,47,10,24,54-45
31,37,44,10,9,53-50-55-52-54-51
32,34,63,10,19,50-55-52-53-54
33,24,79,10,14,47
34,32,82,10,4,47
35,97,38,10,24,46
36,39,53,10,14,51-54-52-55-50-53
37,83,27,10,13,49-46
38,42,88,10,24,47-44
39,38,23,10,13,45
40,43,62,10,14,51-52-54-55-50-53
41,87,79,10,24,48-44
42,12,24,10,4,45
43,48,53,10,8,53-50-55-52-51-54
lockers
node_idx,x,y,service_time,capacity,cost_per_unit_good
44,65,88,10,85
45,25,15,10,80
46,93,12,10,86
47,22,88,10,85
48,77,88,10,83
49,72,14,10,90
50,48,55,10,94
51,62,44,10,85
52,50,49,10,71
53,45,55,10,85
54,41,42,10,96
55,50,50,10,71
mrt lines
start_node_idx,end_node_idx,freight_capacity,cost_per_unit_good
44,45,85,1.5
45,44,85,1.5
46,47,86,1.5
47,46,86,1.5
48,49,90,1.5
49,48,90,1.5
distance matrix
,0,1,2,3,4,5,6,7,8,9,10,11,12,13,14,15,16,17,18,19,20,21,22,23,24,25,26,27,28,29,30,31,32,33,34,35,36,37,38,39,40,41,42,43,44,45,46,47,48,49,50,51,52,53,54,55,
0,0.0,53.25,30.27,40.11,58.01,64.2,34.41,69.29,30.08,49.82,26.91,60.8,45.12,36.12,84.48,59.46,88.53,32.2,67.27,41.76,99.09,29.41,56.85,42.15,39.2,9.43,78.43,89.27,56.4,31.78,21.02,33.24,20.62,14.87,22.8,88.26,29.15,80.26,34.41,51.0,29.61,73.82,44.05,37.16,54.78,54.13,96.83,21.54,66.1,79.25,36.4,53.67,40.71,33.62,37.48,40.25
1,53.25,0.0,40.0,81.12,34.01,40.31,52.5,21.84,69.12,39.32,27.86,66.19,20.0,77.7,45.18,89.29,97.16,61.33,111.65,89.64,101.24,26.4,66.0,14.87,64.2,43.83,30.27,98.15,75.66,79.51,68.01,57.94,42.44,38.95,30.53,71.56,48.85,75.27,18.87,77.62,39.0,34.67,87.13,46.1,12.21,89.32,92.85,37.36,21.47,85.16,44.15,54.15,49.65,44.92,58.52,48.66
2,30.27,40.0,0.0,70.01,62.27,69.46,55.46,61.29,59.14,59.55,17.2,79.88,44.72,66.01,82.71,87.48,110.64,57.97,97.49,71.81,119.04,31.89,77.18,37.7,64.2,25.32,70.11,111.51,80.78,61.98,51.24,57.25,38.48,19.92,21.26,99.2,49.66,96.26,26.0,77.62,43.83,71.57,74.24,54.08,48.05,83.29,114.11,10.77,59.84,99.86,52.43,69.66,58.52,50.77,60.54,57.69
3,40.11,81.12,70.01,0.0,67.42,70.33,32.02,89.11,12.08,55.47,61.85,46.17,64.66,4.0,94.67,23.35,61.74,21.26,30.53,15.0,75.03,55.01,41.19,66.57,22.85,45.28,96.94,62.17,31.4,13.45,19.42,25.61,38.91,51.48,56.04,80.62,33.3,66.01,65.0,21.59,42.8,86.61,6.4,39.82,76.84,15.26,77.67,60.21,84.85,56.75,41.11,47.76,39.12,38.9,27.78,39.66
4,58.01,34.01,62.27,67.42,0.0,7.21,35.51,25.96,57.31,12.04,45.18,36.14,17.8,65.19,27.86,66.85,65.01,46.32,96.26,80.13,67.68,31.62,37.7,25.5,45.34,50.36,31.38,66.01,50.12,71.59,62.3,41.88,38.21,49.48,42.72,38.29,35.85,41.48,36.62,55.61,29.43,19.21,73.82,27.78,22.14,70.09,58.87,54.23,21.59,53.0,26.83,25.08,28.43,29.55,39.82,27.8
5,64.2,40.31,69.46,70.33,7.21,0.0,39.0,29.02,60.93,15.52,52.35,34.44,25.0,68.43,24.41,67.36,61.2,49.66,98.23,83.67,62.65,38.63,36.89,32.65,47.71,56.89,32.57,62.2,50.0,75.61,66.94,45.19,44.0,56.32,49.77,31.4,40.26,36.35,43.83,56.57,35.01,18.36,76.66,31.62,28.18,71.51,53.16,61.33,25.02,49.37,31.05,24.84,31.3,33.96,42.54,30.87
6,34.41,52.5,55.46,32.02,35.51,39.0,0.0,57.49,21.93,23.71,41.23,26.4,34.0,29.68,63.06,36.88,55.47,10.82,61.62,44.72,65.07,29.0,22.63,37.64,11.7,32.02,65.05,56.3,25.71,36.69,29.02,6.4,17.0,35.85,35.44,55.9,5.83,46.07,40.0,25.32,14.04,54.64,38.42,7.81,46.14,37.12,62.43,44.72,53.15,45.34,9.22,20.4,8.06,7.62,6.08,8.25
7,69.29,21.84,61.29,89.11,25.96,29.02,57.49,0.0,77.83,36.67,47.17,62.1,25.24,86.28,24.21,91.79,90.2,67.94,119.1,100.12,91.35,39.92,63.57,27.2,68.6,60.08,9.22,91.2,75.64,90.6,79.88,63.78,53.54,56.52,48.05,56.92,55.87,65.12,37.22,80.26,46.86,15.26,95.46,49.82,14.56,94.05,81.22,57.14,4.47,78.31,48.27,50.92,51.87,50.25,62.8,51.04
8,30.08,69.12,59.14,12.08,57.31,60.93,21.93,77.83,0.0,45.62,50.01,41.59,53.08,8.6,84.97,29.55,63.01,11.4,42.54,22.83,75.29,42.94,36.67,54.64,16.12,34.0,85.91,63.6,30.53,15.13,12.04,15.81,26.83,40.05,44.15,75.01,22.02,62.17,52.92,22.63,31.14,76.32,18.03,29.53,65.19,24.19,75.96,49.0,73.66,55.9,30.53,40.31,29.73,28.02,19.24,30.08
9,49.82,39.32,59.55,55.47,12.04,15.52,23.71,36.67,45.62,0.0,42.45,27.0,19.65,53.34,39.36,55.23,57.87,34.48,84.22,68.43,62.77,27.66,27.46,26.93,33.3,43.32,43.01,58.86,39.0,60.17,51.42,30.02,29.27,43.83,38.6,39.96,24.74,37.74,35.81,43.83,20.22,31.24,61.85,16.16,29.07,58.14,55.76,50.22,32.2,45.89,15.52,15.03,16.4,18.44,27.8,15.81
10,26.91,27.86,17.2,61.85,45.18,52.35,41.23,47.17,50.01,42.45,0.0,64.01,27.86,57.97,66.91,76.03,95.27,46.01,91.42,67.08,102.93,14.87,61.74,21.38,51.35,18.03,56.32,96.18,66.94,56.8,45.19,44.28,25.08,12.04,6.0,82.01,35.69,79.51,10.0,65.28,28.23,55.73,67.05,38.48,33.0,73.33,97.45,10.0,45.0,84.12,36.67,53.25,42.95,35.47,46.87,42.05
11,60.8,66.19,79.88,46.17,36.14,34.44,26.4,62.1,41.59,27.0,64.01,0.0,46.27,46.0,57.01,35.23,31.62,31.62,68.88,61.13,39.2,49.66,5.0,52.95,25.5,57.98,66.85,32.57,17.49,56.22,52.2,28.64,42.45,61.07,58.83,34.53,31.89,20.62,59.81,26.57,36.06,52.77,51.62,25.81,56.04,41.63,36.06,69.4,57.72,20.12,27.46,12.04,21.4,29.21,24.17,22.2
12,45.12,20.0,44.72,64.66,17.8,25.0,34.0,25.24,53.08,19.65,27.86,46.27,0.0,61.62,40.01,70.23,77.47,43.83,95.0,75.07,82.28,16.03,46.0,7.81,45.62,36.35,34.0,78.45,55.9,65.44,54.64,39.96,28.3,34.01,26.31,55.87,31.4,56.8,18.87,58.52,21.93,29.02,70.94,26.93,12.21,71.12,74.71,37.36,21.47,65.51,25.08,34.23,30.08,26.42,39.81,29.12
13,36.12,77.7,66.01,4.0,65.19,68.43,29.68,86.28,8.6,53.34,57.97,46.0,61.62,0.0,92.66,26.25,63.53,18.87,34.0,15.52,76.56,51.48,41.0,63.25,21.59,41.3,94.26,64.01,32.28,11.18,15.52,23.32,35.36,47.52,52.2,80.22,30.41,66.19,61.33,22.85,39.7,84.31,9.43,37.44,73.76,18.79,78.59,56.22,82.07,57.87,38.6,46.57,37.12,36.24,26.0,37.59
14,84.48,45.18,82.71,94.67,27.86,24.41,63.06,24.21,84.97,39.36,66.91,57.01,40.01,92.66,0.0,91.22,79.06,73.82,122.61,107.78,76.79,56.0,60.21,45.54,72.11,76.11,19.72,80.01,73.59,99.4,90.14,69.35,65.51,74.03,66.19,39.01,63.69,52.2,57.07,80.72,57.01,11.18,101.02,55.46,34.79,95.78,65.19,76.79,23.71,68.15,54.63,48.84,55.57,57.38,66.89,55.07
15,59.46,89.29,87.48,23.35,66.85,67.36,36.88,91.79,29.55,55.23,76.03,35.23,70.23,26.25,91.22,0.0,40.26,30.02,34.48,35.78,54.13,65.49,31.24,74.46,25.32,62.17,98.18,40.52,17.8,36.8,40.82,32.14,51.0,67.74,70.03,68.15,41.3,51.24,76.42,11.7,50.8,85.43,25.06,43.32,82.08,9.49,59.0,76.94,87.32,38.05,45.22,42.52,40.31,44.38,30.81,41.23
16,88.53,97.16,110.64,61.74,65.01,61.2,55.47,90.2,63.01,57.87,95.27,31.62,77.47,63.53,79.06,40.26,0.0,56.57,72.0,75.61,14.04,81.15,33.54,84.4,49.5,87.42,93.21,1.0,32.65,74.71,75.0,55.32,72.4,91.27,89.89,43.27,61.29,26.93,91.42,40.82,67.08,78.26,64.85,56.8,86.37,49.73,22.36,99.98,86.09,12.04,58.6,43.42,52.33,59.94,51.22,53.23
17,32.2,61.33,57.97,21.26,46.32,49.66,10.82,67.94,11.4,34.48,46.01,31.62,43.83,18.87,73.82,30.02,56.57,0.0,51.22,34.01,67.8,36.14,26.93,46.52,7.07,32.89,75.69,57.28,24.21,26.48,20.62,4.47,21.02,38.08,40.01,64.12,12.53,52.2,46.87,19.65,22.36,65.46,27.66,18.6,56.04,28.16,67.08,47.3,63.66,48.01,19.85,29.07,18.38,17.69,8.0,18.79
18,67.27,111.65,97.49,30.53,96.26,98.23,61.62,119.1,42.54,84.22,91.42,68.88,95.0,34.0,122.61,34.48,72.0,51.22,0.0,26.02,86.01,85.48,64.41,97.1,50.93,74.04,126.62,72.01,51.48,35.51,46.57,55.32,69.35,80.36,85.8,102.53,63.6,85.73,95.27,42.54,73.24,115.43,24.6,69.35,107.2,27.29,92.54,88.53,114.77,72.01,70.84,74.06,67.9,68.88,56.57,68.59
19,41.76,89.64,71.81,15.0,80.13,83.67,44.72,100.12,22.83,68.43,67.08,61.13,75.07,15.52,107.78,35.78,75.61,34.01,26.02,0.0,89.19,63.25,56.14,75.74,37.11,49.24,108.41,75.96,46.27,10.3,21.95,38.48,47.42,55.54,61.77,95.52,44.65,81.01,72.11,36.35,53.26,99.13,10.77,52.35,87.0,26.42,92.4,63.25,96.05,71.39,53.34,62.1,52.39,50.77,41.44,52.8
20,99.09,101.24,119.04,75.03,67.68,62.65,65.07,91.35,75.29,62.77,102.93,39.2,82.28,76.56,76.79,54.13,14.04,67.8,86.01,89.19,0.0,88.32,42.45,89.69,60.8,97.0,93.01,14.0,44.78,87.73,87.13,65.95,81.57,100.26,97.91,38.33,70.77,26.31,97.95,53.71,75.21,78.0,78.45,65.0,89.74,63.56,12.53,108.6,87.57,19.85,66.61,49.74,60.61,68.41,61.62,61.4
21,29.41,26.4,31.89,55.01,31.62,38.63,29.0,39.92,42.94,27.66,14.87,49.66,16.03,51.48,56.0,65.49,81.15,36.14,85.48,63.25,88.32,0.0,47.76,13.04,40.2,20.4,49.04,82.08,54.33,53.15,41.73,33.38,16.12,18.11,11.18,67.42,24.19,64.66,11.0,54.15,15.03,45.04,60.9,24.74,25.5,64.29,82.62,22.83,36.69,69.78,22.8,38.59,29.12,22.2,35.01,28.16
22,56.85,66.0,77.18,41.19,37.7,36.89,22.63,63.57,36.67,27.46,61.74,5.0,46.0,41.0,60.21,31.24,33.54,26.93,64.41,56.14,42.45,47.76,0.0,52.24,20.62,54.56,68.88,34.44,13.45,51.24,47.43,24.19,39.2,58.01,56.36,39.46,28.32,25.5,58.24,21.93,33.54,55.23,46.69,23.26,56.44,37.12,40.31,66.57,59.14,22.8,25.08,12.65,18.79,26.42,19.72,19.7
23,42.15,14.87,37.7,66.57,25.5,32.65,37.64,27.2,54.64,26.93,21.38,52.95,7.81,63.25,45.54,74.46,84.4,46.52,97.1,75.74,89.69,13.04,52.24,0.0,49.34,32.89,36.4,85.38,61.2,65.76,54.49,43.08,28.32,29.43,21.1,63.66,34.01,64.41,11.7,62.82,24.17,34.37,72.67,31.4,12.65,74.46,82.37,31.26,24.33,72.53,29.43,41.0,35.13,30.08,43.68,34.13
24,39.2,64.2,64.2,22.85,45.34,47.71,11.7,68.6,16.12,33.3,51.35,25.5,45.62,21.59,72.11,25.32,49.5,7.07,50.93,37.11,60.8,40.2,20.62,49.34,0.0,39.4,75.82,50.21,17.2,31.0,26.93,7.07,26.31,44.27,45.4,59.01,16.03,46.1,51.16,14.0,25.5,64.54,29.07,18.87,57.71,25.55,60.42,53.45,64.2,41.05,20.59,25.0,16.97,19.31,5.83,17.69
25,9.43,43.83,25.32,45.28,50.36,56.89,32.02,60.08,34.0,43.32,18.03,57.98,36.35,41.3,76.11,62.17,87.42,32.89,74.04,49.24,97.0,20.4,54.56,32.89,39.4,0.0,69.26,88.23,56.36,39.0,27.51,32.65,15.62,6.32,13.45,82.76,26.25,76.4,25.0,52.5,23.71,65.28,50.01,32.8,45.54,58.08,93.61,15.0,57.01,77.34,31.62,49.41,36.88,29.21,36.36,36.24
26,78.43,30.27,70.11,96.94,31.38,32.57,65.05,9.22,85.91,43.01,56.32,66.85,34.0,94.26,19.72,98.18,93.21,75.69,126.62,108.41,93.01,49.04,68.88,36.4,75.82,69.26,0.0,94.2,81.49,99.05,88.51,71.42,62.27,65.73,57.27,56.72,63.89,67.19,46.39,86.84,55.22,15.03,103.32,57.28,23.77,101.04,82.15,66.27,12.53,81.58,55.87,56.36,58.9,58.05,70.09,58.14
27,89.27,98.15,111.51,62.17,66.01,62.2,56.3,91.2,63.6,58.86,96.18,32.57,78.45,64.01,80.01,40.52,1.0,57.28,72.01,75.96,14.0,82.08,34.44,85.38,50.21,88.23,94.2,0.0,33.3,75.18,75.6,56.08,73.25,92.11,90.79,44.1,62.13,27.86,92.36,41.34,67.98,79.25,65.19,57.7,87.37,50.0,22.83,100.85,87.09,13.04,59.51,44.38,53.23,60.83,52.01,54.13
28,56.4,75.66,80.78,31.4,50.12,50.0,25.71,75.64,30.53,39.0,66.94,17.49,55.9,32.28,73.59,17.8,32.65,24.21,51.48,46.27,44.78,54.33,13.45,61.2,17.2,56.36,81.49,33.3,0.0,43.32,42.44,23.71,42.38,60.93,61.13,51.24,31.32,35.23,65.28,10.0,39.32,68.24,36.01,30.0,67.19,24.35,46.32,70.01,71.18,25.63,32.0,25.24,26.08,32.14,20.25,27.07
29,31.78,79.51,61.98,13.45,71.59,75.61,36.69,90.6,15.13,60.17,56.8,56.22,65.44,11.18,99.4,36.8,74.71,26.48,35.51,10.3,87.73,53.15,51.24,65.76,31.0,39.0,99.05,75.18,43.32,0.0,11.66,30.81,37.48,45.31,51.48,90.01,35.78,76.66,61.85,34.01,43.83,90.35,13.93,44.01,77.23,28.43,89.56,53.16,86.61,68.95,44.78,55.44,44.64,42.05,34.37,44.92
30,21.02,68.01,51.24,19.42,62.3,66.94,29.02,79.88,12.04,51.42,45.19,52.2,54.64,15.52,90.14,40.82,75.0,20.62,46.57,21.95,87.13,41.73,47.43,54.49,26.93,27.51,88.51,75.6,42.44,11.66,0.0,24.19,26.4,33.84,39.82,84.48,26.68,72.8,50.22,34.66,33.54,80.62,23.02,35.51,66.22,34.18,87.32,41.98,76.01,67.6,35.9,49.09,37.05,32.98,28.44,37.12
31,33.24,57.94,57.25,25.61,41.88,45.19,6.4,63.78,15.81,30.02,44.28,28.64,39.96,23.32,69.35,32.14,55.32,4.47,55.32,38.48,65.95,33.38,24.19,43.08,7.07,32.65,71.42,56.08,23.71,30.81,24.19,0.0,19.24,37.34,38.33,60.3,9.22,49.04,44.28,21.02,18.97,61.03,32.02,14.21,52.15,31.38,64.5,46.49,59.46,46.1,15.56,25.0,13.93,13.6,4.47,14.32
32,20.62,42.44,38.48,38.91,38.21,44.0,17.0,53.54,26.83,29.27,25.08,42.45,28.3,35.36,65.51,51.0,72.4,21.02,69.35,47.42,81.57,16.12,39.2,28.32,26.31,15.62,62.27,73.25,42.38,37.48,26.4,19.24,0.0,18.87,19.1,67.78,11.18,60.8,26.25,40.2,9.06,55.36,44.78,17.2,39.82,48.84,77.99,27.73,49.74,62.01,16.12,33.84,21.26,13.6,22.14,20.62
33,14.87,38.95,19.92,51.48,49.48,56.32,35.85,56.52,40.05,43.83,12.04,61.07,34.01,47.52,74.03,67.74,91.27,38.08,80.36,55.54,100.26,18.11,58.01,29.43,44.27,6.32,65.73,92.11,60.93,45.31,33.84,37.34,18.87,0.0,8.54,83.73,30.02,78.64,20.12,57.72,25.5,63.0,56.29,35.38,41.98,64.01,96.18,9.22,53.76,80.8,33.94,51.66,39.7,31.89,40.72,38.95
34,22.8,30.53,21.26,56.04,42.72,49.77,35.44,48.05,44.15,38.6,6.0,58.83,26.31,52.2,66.19,70.03,89.89,40.01,85.8,61.77,97.91,11.18,56.36,21.1,45.4,13.45,57.27,90.79,61.13,51.48,39.82,38.33,19.1,8.54,0.0,78.49,29.83,75.01,11.66,59.3,22.83,55.08,61.35,33.12,33.54,67.36,92.85,11.66,45.4,78.89,31.38,48.41,37.59,29.97,41.0,36.72
35,88.26,71.56,99.2,80.62,38.29,31.4,55.9,56.92,75.01,39.96,82.01,34.53,55.87,80.22,39.01,68.15,43.27,64.12,102.53,95.52,38.33,67.42,39.46,63.66,59.01,82.76,56.72,44.1,51.24,90.01,84.48,60.3,67.78,83.73,78.49,0.0,59.91,17.8,74.33,60.88,59.09,42.2,86.15,51.24,59.36,75.58,26.31,90.14,53.85,34.66,51.87,35.51,48.27,54.71,56.14,48.51
36,29.15,48.85,49.66,33.3,35.85,40.26,5.83,55.87,22.02,24.74,35.69,31.89,31.4,30.41,63.69,41.3,61.29,12.53,63.6,44.65,70.77,24.19,28.32,34.01,16.03,26.25,63.89,62.13,31.32,35.78,26.68,9.22,11.18,30.02,29.83,59.91,0.0,51.11,35.13,30.02,9.85,54.59,39.62,9.0,43.6,40.5,67.8,38.91,51.66,51.09,9.22,24.7,11.7,6.32,11.18,11.4
37,80.26,75.27,96.26,66.01,41.48,36.35,46.07,65.12,62.17,37.74,79.51,20.62,56.8,66.19,52.2,51.24,26.93,52.2,85.73,81.01,26.31,64.66,25.5,64.41,46.1,76.4,67.19,27.86,35.23,76.66,72.8,49.04,60.8,78.64,75.01,17.8,51.11,0.0,73.5,45.18,53.15,52.15,71.06,43.6,63.6,59.23,18.03,86.27,61.29,17.03,44.82,27.02,39.66,47.2,44.6,40.22
38,34.41,18.87,26.0,65.0,36.62,43.83,40.0,37.22,52.92,35.81,10.0,59.81,18.87,61.33,57.07,76.42,91.42,46.87,95.27,72.11,97.95,11.0,58.24,11.7,51.16,25.0,46.39,92.36,65.28,61.85,50.22,44.28,26.25,20.12,11.66,74.33,35.13,73.5,0.0,65.12,26.02,45.89,70.68,35.51,23.0,74.95,91.53,20.0,35.0,79.85,33.54,48.33,39.81,33.14,46.01,38.83
39,51.0,77.62,77.62,21.59,55.61,56.57,25.32,80.26,22.63,43.83,65.28,26.57,58.52,22.85,80.72,11.7,40.82,19.65,42.54,36.35,53.71,54.15,21.93,62.82,14.0,52.5,86.84,41.34,10.0,34.01,34.66,21.02,40.2,57.72,59.3,60.88,30.02,45.18,65.12,0.0,39.32,74.41,26.02,31.62,70.38,15.26,56.09,66.94,75.8,35.17,33.53,31.89,28.64,32.76,19.24,29.55
40,29.61,39.0,43.83,42.8,29.43,35.01,14.04,46.86,31.14,20.22,28.23,36.06,21.93,39.7,57.01,50.8,67.08,22.36,73.24,53.26,75.21,15.03,33.54,24.17,25.5,23.71,55.22,67.98,39.32,43.83,33.54,18.97,9.06,25.5,22.83,59.09,9.85,53.15,26.02,39.32,0.0,47.17,49.04,10.3,34.06,50.33,70.71,33.42,42.8,56.08,8.6,26.17,14.76,7.28,20.1,13.89
41,73.82,34.67,71.57,86.61,19.21,18.36,54.64,15.26,76.32,31.24,55.73,52.77,29.02,84.31,11.18,85.43,78.26,65.46,115.43,99.13,78.0,45.04,55.23,34.37,64.54,65.28,15.03,79.25,68.24,90.35,80.62,61.03,55.36,63.0,55.08,42.2,54.59,52.15,45.89,74.41,47.17,0.0,93.01,46.87,23.77,89.11,67.27,65.62,13.45,66.71,45.79,43.01,47.63,48.37,59.03,47.01
42,44.05,87.13,74.24,6.4,73.82,76.66,38.42,95.46,18.03,61.85,67.05,51.62,70.94,9.43,101.02,25.06,64.85,27.66,24.6,10.77,78.45,60.9,46.69,72.67,29.07,50.01,103.32,65.19,36.01,13.93,23.02,32.02,44.78,56.29,61.35,86.15,39.62,71.06,70.68,26.02,49.04,93.01,0.0,46.23,83.1,15.81,81.88,64.78,91.22,60.83,47.51,53.85,45.49,45.28,34.13,46.04
43,37.16,46.1,54.08,39.82,27.78,31.62,7.81,49.82,29.53,16.16,38.48,25.81,26.93,37.44,55.46,43.32,56.8,18.6,69.35,52.35,65.0,24.74,23.26,31.4,18.87,32.8,57.28,57.7,30.0,44.01,35.51,14.21,17.2,35.38,33.12,51.24,9.0,43.6,35.51,31.62,10.3,46.87,46.23,0.0,38.91,44.42,60.88,43.6,45.45,45.79,2.0,16.64,4.47,3.61,13.04,3.61
44,54.78,12.21,48.05,76.84,22.14,28.18,46.14,14.56,65.19,29.07,33.0,56.04,12.21,73.76,34.79,82.08,86.37,56.04,107.2,87.0,89.74,25.5,56.44,12.65,57.71,45.54,23.77,87.37,67.19,77.23,66.22,52.15,39.82,41.98,33.54,59.36,43.6,63.6,23.0,70.38,34.06,23.77,83.1,38.91,0.0,83.24,80.99,43.0,12.0,74.33,37.12,44.1,41.79,38.59,51.88,40.85
45,54.13,89.32,83.29,15.26,70.09,71.51,37.12,94.05,24.19,58.14,73.33,41.63,71.12,18.79,95.78,9.49,49.73,28.16,27.29,26.42,63.56,64.29,37.12,74.46,25.55,58.08,101.04,50.0,24.35,28.43,34.18,31.38,48.84,64.01,67.36,75.58,40.5,59.23,74.95,15.26,50.33,89.11,15.81,44.42,83.24,0.0,68.07,73.06,89.63,47.01,46.14,47.01,42.2,44.72,31.38,43.01
46,96.83,92.85,114.11,77.67,58.87,53.16,62.43,81.22,75.96,55.76,97.45,36.06,74.71,78.59,65.19,59.0,22.36,67.08,92.54,92.4,12.53,82.62,40.31,82.37,60.42,93.61,82.15,22.83,46.32,89.56,87.32,64.5,77.99,96.18,92.85,26.31,67.8,18.03,91.53,56.09,70.71,67.27,81.88,60.88,80.99,68.07,0.0,104.0,77.67,21.1,62.24,44.55,56.73,64.44,60.03,57.38
47,21.54,37.36,10.77,60.21,54.23,61.33,44.72,57.14,49.0,50.22,10.0,69.4,37.36,56.22,76.79,76.94,99.98,47.3,88.53,63.25,108.6,22.83,66.57,31.26,53.45,15.0,66.27,100.85,70.01,53.16,41.98,46.49,27.73,9.22,11.66,90.14,38.91,86.27,20.0,66.94,33.42,65.62,64.78,43.6,43.0,73.06,104.0,0.0,55.0,89.31,42.01,59.46,48.01,40.22,49.77,47.2
48,66.1,21.47,59.84,84.85,21.59,25.02,53.15,4.47,73.66,32.2,45.0,57.72,21.47,82.07,23.71,87.32,86.09,63.66,114.77,96.05,87.57,36.69,59.14,24.33,64.2,57.01,12.53,87.09,71.18,86.61,76.01,59.46,49.74,53.76,45.4,53.85,51.66,61.29,35.0,75.8,42.8,13.45,91.22,45.45,12.0,89.63,77.67,55.0,0.0,74.17,43.93,46.49,47.43,45.97,58.41,46.62
49,79.25,85.16,99.86,56.75,53.0,49.37,45.34,78.31,55.9,45.89,84.12,20.12,65.51,57.87,68.15,38.05,12.04,48.01,72.01,71.39,19.85,69.78,22.8,72.53,41.05,77.34,81.58,13.04,25.63,68.95,67.6,46.1,62.01,80.8,78.89,34.66,51.09,17.03,79.85,35.17,56.08,66.71,60.83,45.79,74.33,47.01,21.1,89.31,74.17,0.0,47.51,31.62,41.34,49.09,41.77,42.19
50,36.4,44.15,52.43,41.11,26.83,31.05,9.22,48.27,30.53,15.52,36.67,27.46,25.08,38.6,54.63,45.22,58.6,19.85,70.84,53.34,66.61,22.8,25.08,29.43,20.59,31.62,55.87,59.51,32.0,44.78,35.9,15.56,16.12,33.94,31.38,51.87,9.22,44.82,33.54,33.53,8.6,45.79,47.51,2.0,37.12,46.14,62.24,42.01,43.93,47.51,0.0,17.8,6.32,3.0,14.76,5.39
51,53.67,54.15,69.66,47.76,25.08,24.84,20.4,50.92,40.31,15.03,53.25,12.04,34.23,46.57,48.84,42.52,43.42,29.07,74.06,62.1,49.74,38.59,12.65,41.0,25.0,49.41,56.36,44.38,25.24,55.44,49.09,25.0,33.84,51.66,48.41,35.51,24.7,27.02,48.33,31.89,26.17,43.01,53.85,16.64,44.1,47.01,44.55,59.46,46.49,31.62,17.8,0.0,13.0,20.25,21.1,13.42
52,40.71,49.65,58.52,39.12,28.43,31.3,8.06,51.87,29.73,16.4,42.95,21.4,30.08,37.12,55.57,40.31,52.33,18.38,67.9,52.39,60.61,29.12,18.79,35.13,16.97,36.88,58.9,53.23,26.08,44.64,37.05,13.93,21.26,39.7,37.59,48.27,11.7,39.66,39.81,28.64,14.76,47.63,45.49,4.47,41.79,42.2,56.73,48.01,47.43,41.34,6.32,13.0,0.0,7.81,11.4,1.0
53,33.62,44.92,50.77,38.9,29.55,33.96,7.62,50.25,28.02,18.44,35.47,29.21,26.42,36.24,57.38,44.38,59.94,17.69,68.88,50.77,68.41,22.2,26.42,30.08,19.31,29.21,58.05,60.83,32.14,42.05,32.98,13.6,13.6,31.89,29.97,54.71,6.32,47.2,33.14,32.76,7.28,48.37,45.28,3.61,38.59,44.72,64.44,40.22,45.97,49.09,3.0,20.25,7.81,0.0,13.6,7.07
54,37.48,58.52,60.54,27.78,39.82,42.54,6.08,62.8,19.24,27.8,46.87,24.17,39.81,26.0,66.89,30.81,51.22,8.0,56.57,41.44,61.62,35.01,19.72,43.68,5.83,36.36,70.09,52.01,20.25,34.37,28.44,4.47,22.14,40.72,41.0,56.14,11.18,44.6,46.01,19.24,20.1,59.03,34.13,13.04,51.88,31.38,60.03,49.77,58.41,41.77,14.76,21.1,11.4,13.6,0.0,12.04
55,40.25,48.66,57.69,39.66,27.8,30.87,8.25,51.04,30.08,15.81,42.05,22.2,29.12,37.59,55.07,41.23,53.23,18.79,68.59,52.8,61.4,28.16,19.7,34.13,17.69,36.24,58.14,54.13,27.07,44.92,37.12,14.32,20.62,38.95,36.72,48.51,11.4,40.22,38.83,29.55,13.89,47.01,46.04,3.61,40.85,43.01,57.38,47.2,46.62,42.19,5.39,13.42,1.0,7.07,12.04,0.0
