set K:= 1	2	3	4	5	6	7;
set C_H:= 1	2	3	4	5	6	7	8	9	10	11	12	13	14	15;
set C_S:= 16	17	18	19	20	21	22	23	24	25	26	27	28	29	30;
set C_F:= 31	32	33	34	35	36	37	38	39	40	41	42	43	44	45;
set M:= 46	47	48	49	50	51;
set L_B:= 52	53	54	55	56	57	58;
set A1:=
(0,*) 1 2 3 4 5 6 7 8 9 10 11 12 13 14 15 31 32 33 34 35 36 37 38 39 40 41 42 43 44 45 46 47 48 49 50 51 52 53 54 55 56 57 58 59
(1,*) 0 2 3 4 5 6 7 8 9 10 11 12 13 14 15 31 32 33 34 35 36 37 38 39 40 41 42 43 44 45 46 47 48 49 50 51 52 53 54 55 56 57 58 59
(2,*) 0 1 3 4 5 6 7 8 9 10 11 12 13 14 15 31 32 33 34 35 36 37 38 39 40 41 42 43 44 45 46 47 48 49 50 51 52 53 54 55 56 57 58 59
(3,*) 0 1 2 4 5 6 7 8 9 10 11 12 13 14 15 31 32 33 34 35 36 37 38 39 40 41 42 43 44 45 46 47 48 49 50 51 52 53 54 55 56 57 58 59
(4,*) 0 1 2 3 5 6 7 8 9 10 11 12 13 14 15 31 32 33 34 35 36 37 38 39 40 41 42 43 44 45 46 47 48 49 50 51 52 53 54 55 56 57 58 59
(5,*) 0 1 2 3 4 6 7 8 9 10 11 12 13 14 15 31 32 33 34 35 36 37 38 39 40 41 42 43 44 45 46 47 48 49 50 51 52 53 54 55 56 57 58 59
(6,*) 0 1 2 3 4 5 7 8 9 10 11 12 13 14 15 31 32 33 34 35 36 37 38 39 40 41 42 43 44 45 46 47 48 49 50 51 52 53 54 55 56 57 58 59
(7,*) 0 1 2 3 4 5 6 8 9 10 11 12 13 14 15 31 32 33 34 35 36 37 38 39 40 41 42 43 44 45 46 47 48 49 50 51 52 53 54 55 56 57 58 59
(8,*) 0 1 2 3 4 5 6 7 9 10 11 12 13 14 15 31 32 33 34 35 36 37 38 39 40 41 42 43 44 45 46 47 48 49 50 51 52 53 54 55 56 57 58 59
(9,*) 0 1 2 3 4 5 6 7 8 10 11 12 13 14 15 31 32 33 34 35 36 37 38 39 40 41 42 43 44 45 46 47 48 49 50 51 52 53 54 55 56 57 58 59
(10,*) 0 1 2 3 4 5 6 7 8 9 11 12 13 14 15 31 32 33 34 35 36 37 38 39 40 41 42 43 44 45 46 47 48 49 50 51 52 53 54 55 56 57 58 59
(11,*) 0 1 2 3 4 5 6 7 8 9 10 12 13 14 15 31 32 33 34 35 36 37 38 39 40 41 42 43 44 45 46 47 48 49 50 51 52 53 54 55 56 57 58 59
(12,*) 0 1 2 3 4 5 6 7 8 9 10 11 13 14 15 31 32 33 34 35 36 37 38 39 40 41 42 43 44 45 46 47 48 49 50 51 52 53 54 55 56 57 58 59
(13,*) 0 1 2 3 4 5 6 7 8 9 10 11 12 14 15 31 32 33 34 35 36 37 38 39 40 41 42 43 44 45 46 47 48 49 50 51 52 53 54 55 56 57 58 59
(14,*) 0 1 2 3 4 5 6 7 8 9 10 11 12 13 15 31 32 33 34 35 36 37 38 39 40 41 42 43 44 45 46 47 48 49 50 51 52 53 54 55 56 57 58 59
(15,*) 0 1 2 3 4 5 6 7 8 9 10 11 12 13 14 31 32 33 34 35 36 37 38 39 40 41 42 43 44 45 46 47 48 49 50 51 52 53 54 55 56 57 58 59
(31,*) 0 1 2 3 4 5 6 7 8 9 10 11 12 13 14 15 32 33 34 35 36 37 38 39 40 41 42 43 44 45 46 47 48 49 50 51 52 53 54 55 56 57 58 59
(32,*) 0 1 2 3 4 5 6 7 8 9 10 11 12 13 14 15 31 33 34 35 36 37 38 39 40 41 42 43 44 45 46 47 48 49 50 51 52 53 54 55 56 57 58 59
(33,*) 0 1 2 3 4 5 6 7 8 9 10 11 12 13 14 15 31 32 34 35 36 37 38 39 40 41 42 43 44 45 46 47 48 49 50 51 52 53 54 55 56 57 58 59
(34,*) 0 1 2 3 4 5 6 7 8 9 10 11 12 13 14 15 31 32 33 35 36 37 38 39 40 41 42 43 44 45 46 47 48 49 50 51 52 53 54 55 56 57 58 59
(35,*) 0 1 2 3 4 5 6 7 8 9 10 11 12 13 14 15 31 32 33 34 36 37 38 39 40 41 42 43 44 45 46 47 48 49 50 51 52 53 54 55 56 57 58 59
(36,*) 0 1 2 3 4 5 6 7 8 9 10 11 12 13 14 15 31 32 33 34 35 37 38 39 40 41 42 43 44 45 46 47 48 49 50 51 52 53 54 55 56 57 58 59
(37,*) 0 1 2 3 4 5 6 7 8 9 10 11 12 13 14 15 31 32 33 34 35 36 38 39 40 41 42 43 44 45 46 47 48 49 50 51 52 53 54 55 56 57 58 59
(38,*) 0 1 2 3 4 5 6 7 8 9 10 11 12 13 14 15 31 32 33 34 35 36 37 39 40 41 42 43 44 45 46 47 48 49 50 51 52 53 54 55 56 57 58 59
(39,*) 0 1 2 3 4 5 6 7 8 9 10 11 12 13 14 15 31 32 33 34 35 36 37 38 40 41 42 43 44 45 46 47 48 49 50 51 52 53 54 55 56 57 58 59
(40,*) 0 1 2 3 4 5 6 7 8 9 10 11 12 13 14 15 31 32 33 34 35 36 37 38 39 41 42 43 44 45 46 47 48 49 50 51 52 53 54 55 56 57 58 59
(41,*) 0 1 2 3 4 5 6 7 8 9 10 11 12 13 14 15 31 32 33 34 35 36 37 38 39 40 42 43 44 45 46 47 48 49 50 51 52 53 54 55 56 57 58 59
(42,*) 0 1 2 3 4 5 6 7 8 9 10 11 12 13 14 15 31 32 33 34 35 36 37 38 39 40 41 43 44 45 46 47 48 49 50 51 52 53 54 55 56 57 58 59
(43,*) 0 1 2 3 4 5 6 7 8 9 10 11 12 13 14 15 31 32 33 34 35 36 37 38 39 40 41 42 44 45 46 47 48 49 50 51 52 53 54 55 56 57 58 59
(44,*) 0 1 2 3 4 5 6 7 8 9 10 11 12 13 14 15 31 32 33 34 35 36 37 38 39 40 41 42 43 45 46 47 48 49 50 51 52 53 54 55 56 57 58 59
(45,*) 0 1 2 3 4 5 6 7 8 9 10 11 12 13 14 15 31 32 33 34 35 36 37 38 39 40 41 42 43 44 46 47 48 49 50 51 52 53 54 55 56 57 58 59
(46,*) 0 1 2 3 4 5 6 7 8 9 10 11 12 13 14 15 31 32 33 34 35 36 37 38 39 40 41 42 43 44 45 47 48 49 50 51 52 53 54 55 56 57 58 59
(47,*) 0 1 2 3 4 5 6 7 8 9 10 11 12 13 14 15 31 32 33 34 35 36 37 38 39 40 41 42 43 44 45 46 48 49 50 51 52 53 54 55 56 57 58 59
(48,*) 0 1 2 3 4 5 6 7 8 9 10 11 12 13 14 15 31 32 33 34 35 36 37 38 39 40 41 42 43 44 45 46 47 49 50 51 52 53 54 55 56 57 58 59
(49,*) 0 1 2 3 4 5 6 7 8 9 10 11 12 13 14 15 31 32 33 34 35 36 37 38 39 40 41 42 43 44 45 46 47 48 50 51 52 53 54 55 56 57 58 59
(50,*) 0 1 2 3 4 5 6 7 8 9 10 11 12 13 14 15 31 32 33 34 35 36 37 38 39 40 41 42 43 44 45 46 47 48 49 51 52 53 54 55 56 57 58 59
(51,*) 0 1 2 3 4 5 6 7 8 9 10 11 12 13 14 15 31 32 33 34 35 36 37 38 39 40 41 42 43 44 45 46 47 48 49 50 52 53 54 55 56 57 58 59
(52,*) 0 1 2 3 4 5 6 7 8 9 10 11 12 13 14 15 31 32 33 34 35 36 37 38 39 40 41 42 43 44 45 46 47 48 49 50 51 53 54 55 56 57 58 59
(53,*) 0 1 2 3 4 5 6 7 8 9 10 11 12 13 14 15 31 32 33 34 35 36 37 38 39 40 41 42 43 44 45 46 47 48 49 50 51 52 54 55 56 57 58 59
(54,*) 0 1 2 3 4 5 6 7 8 9 10 11 12 13 14 15 31 32 33 34 35 36 37 38 39 40 41 42 43 44 45 46 47 48 49 50 51 52 53 55 56 57 58 59
(55,*) 0 1 2 3 4 5 6 7 8 9 10 11 12 13 14 15 31 32 33 34 35 36 37 38 39 40 41 42 43 44 45 46 47 48 49 50 51 52 53 54 56 57 58 59
(56,*) 0 1 2 3 4 5 6 7 8 9 10 11 12 13 14 15 31 32 33 34 35 36 37 38 39 40 41 42 43 44 45 46 47 48 49 50 51 52 53 54 55 57 58 59
(57,*) 0 1 2 3 4 5 6 7 8 9 10 11 12 13 14 15 31 32 33 34 35 36 37 38 39 40 41 42 43 44 45 46 47 48 49 50 51 52 53 54 55 56 58 59
(58,*) 0 1 2 3 4 5 6 7 8 9 10 11 12 13 14 15 31 32 33 34 35 36 37 38 39 40 41 42 43 44 45 46 47 48 49 50 51 52 53 54 55 56 57 59
(59,*) 0 1 2 3 4 5 6 7 8 9 10 11 12 13 14 15 31 32 33 34 35 36 37 38 39 40 41 42 43 44 45 46 47 48 49 50 51 52 53 54 55 56 57 58
;
set A2:=
;
param BigM:=99999;
param n:= 7;
param d:=
1	20
2	7
3	24
4	12
5	19
6	22
7	18
8	24
9	4
10	3
11	18
12	23
13	1
14	17
15	21
16	12
17	26
18	20
19	13
20	15
21	10
22	23
23	13
24	9
25	12
26	6
27	20
28	20
29	12
30	13
31	1
32	2
33	10
34	7
35	9
36	19
37	10
38	15
39	13
40	7
41	3
42	6
43	22
44	20
45	2
;
param Q:=100;
param e:
	46	47	48	49	50	51	52	53	54	55	56	57	58:=
16		0		0		0		1		0		0		0		0		0		0		1		0		0	
17		0		0		1		0		0		1		0		1		0		0		0		0		0	
18		0		0		0		0		0		1		0		1		0		0		0		0		0	
19		0		0		1		0		0		0		0		0		0		1		0		0		0	
20		0		1		0		0		0		0		0		0		0		0		0		0		0	
21		0		0		0		0		0		0		0		1		0		0		0		0		0	
22		0		0		0		0		0		0		0		0		1		0		0		0		0	
23		0		0		0		0		0		0		0		0		1		0		0		0		0	
24		0		1		0		0		0		0		0		0		0		0		0		0		0	
25		0		0		0		0		0		0		0		0		0		0		0		0		1	
26		0		0		0		1		0		0		0		0		0		0		0		0		0	
27		0		1		0		0		0		0		0		0		0		0		0		0		0	
28		0		0		0		1		0		0		0		0		0		0		0		0		0	
29		0		0		0		0		0		1		0		0		0		0		0		1		0	
30		0		0		0		1		0		0		0		0		0		0		0		0		0	
31		0		0		0		0		0		1		0		0		0		0		1		1		1	
32		0		0		0		0		0		0		1		0		0		1		1		1		1	
33		0		0		0		0		1		0		0		0		0		0		0		0		0	
34		0		0		0		0		0		0		1		0		1		0		1		0		1	
35		1		0		0		0		0		0		0		0		0		0		0		0		0	
36		0		0		0		0		0		0		0		0		1		0		0		0		0	
37		0		0		0		1		0		0		0		0		0		0		0		0		0	
38		0		0		1		0		0		1		0		1		0		0		0		1		0	
39		0		0		0		1		0		0		0		0		0		0		0		0		0	
40		0		0		0		1		0		0		0		0		0		0		0		0		0	
41		0		0		0		0		0		0		1		0		0		1		1		1		1	
42		0		0		0		1		0		0		0		0		0		0		0		0		0	
43		0		0		0		0		0		0		0		0		1		0		0		0		1	
44		0		0		0		0		0		0		0		0		0		1		0		1		0	
45		0		0		0		0		0		0		0		0		0		1		0		0		0	
;
param p:=
1	1
2	1
3	1
4	1
5	1
6	1
7	1
;
param G:=
46	89
47	90
48	90
49	100
50	81
51	72
52	89
53	85
54	100
55	74
56	75
57	84
58	72
;
param s:=
0	0
1	10
2	10
3	10
4	10
5	10
6	10
7	10
8	10
9	10
10	10
11	10
12	10
13	10
14	10
15	10
31	10
32	10
33	10
34	10
35	10
36	10
37	10
38	10
39	10
40	10
41	10
42	10
43	10
44	10
45	10
46	10
47	10
48	10
49	10
50	10
51	10
52	10
53	10
54	10
55	10
56	10
57	10
58	10
;
param t:
	0	1	2	3	4	5	6	7	8	9	10	11	12	13	14	15	16	17	18	19	20	21	22	23	24	25	26	27	28	29	30	31	32	33	34	35	36	37	38	39	40	41	42	43	44	45	46	47	48	49	50	51	52	53	54	55	56	57	58	59:=
0	0.0	46.69	40.05	53.67	16.97	26.08	39.7	6.32	25.61	19.8	48.04	69.86	54.59	16.12	38.21	73.54	70.88	54.04	30.59	20.59	56.64	31.24	52.95	66.12	90.0	34.53	52.84	73.59	63.78	28.84	79.62	38.42	24.08	8.25	38.21	46.65	68.12	63.56	32.98	66.03	75.18	21.26	52.8	58.86	21.26	22.8	34.48	64.03	46.62	62.43	33.06	41.11	30.41	44.27	42.0	18.87	41.23	34.01	42.95	0.0
1	46.69	0.0	32.98	18.87	49.19	67.08	7.21	49.68	50.0	51.26	35.78	32.56	31.24	38.47	8.94	26.91	64.9	39.45	38.21	55.46	10.0	52.95	48.33	45.34	44.72	40.05	61.61	27.2	77.67	18.87	78.89	8.94	22.63	54.04	30.59	74.43	46.86	65.39	40.05	75.29	77.82	25.61	66.75	35.38	52.0	67.2	70.52	18.97	50.8	70.21	75.13	29.83	29.07	46.69	35.44	45.69	8.0	31.0	17.46	46.69
2	40.05	32.98	0.0	23.41	52.95	47.2	31.3	46.0	58.82	30.53	8.0	35.38	61.06	44.27	26.83	51.42	35.61	66.84	53.85	58.55	40.05	63.91	16.97	26.08	61.06	10.0	28.64	50.0	44.72	32.56	48.17	32.25	28.84	43.17	2.83	44.94	28.07	33.29	56.6	42.38	46.04	26.83	34.06	19.7	57.27	62.51	46.1	39.29	71.03	37.34	54.67	53.76	10.44	67.2	2.83	51.92	25.3	50.45	16.03	40.05
3	53.67	18.87	23.41	0.0	61.19	67.94	22.8	58.31	64.12	50.99	22.0	16.49	50.0	50.64	20.1	28.28	48.33	58.31	54.33	67.47	20.59	68.0	34.23	26.91	38.42	33.11	50.04	26.68	66.0	32.0	62.77	24.74	32.56	59.36	22.36	68.35	28.28	50.99	56.57	62.29	62.64	33.53	56.32	17.2	64.78	76.16	68.51	16.12	68.68	57.22	75.82	48.1	26.17	64.56	24.74	58.55	16.12	48.05	10.82	53.67
4	16.97	49.19	52.95	61.19	0.0	40.5	42.05	11.66	8.94	36.77	60.83	77.67	46.52	10.77	42.38	75.47	86.16	43.17	18.97	6.32	58.31	14.42	67.68	78.41	93.91	49.4	69.34	76.16	80.72	30.46	95.77	40.25	28.64	22.36	50.64	63.25	80.4	79.65	20.4	82.8	91.59	28.07	69.66	70.03	4.47	20.59	50.09	68.03	31.58	79.06	46.1	32.65	42.58	30.07	55.32	4.47	46.17	25.55	51.35	16.97
5	26.08	67.08	47.2	67.94	40.5	0.0	60.93	29.12	49.4	16.97	53.85	82.22	80.22	42.19	58.14	92.65	66.27	80.1	56.57	41.18	76.94	54.63	52.5	70.68	106.3	37.74	44.0	92.09	48.7	51.92	70.46	60.17	46.17	18.44	46.86	26.08	72.5	56.0	58.86	53.37	64.78	42.38	40.45	66.57	43.86	31.24	10.63	81.61	71.84	51.48	8.06	67.01	41.77	69.86	47.71	43.68	60.03	60.01	57.49	26.08
6	39.7	7.21	31.3	22.8	42.05	60.93	0.0	42.52	43.17	45.61	35.61	38.05	30.0	31.3	4.47	34.06	65.3	36.88	32.0	48.33	16.97	46.39	47.71	47.71	51.88	36.88	59.46	34.41	75.29	11.66	78.82	2.0	15.62	47.2	28.64	70.03	49.4	64.5	34.06	73.54	77.18	18.87	64.03	37.74	44.94	60.0	65.0	26.0	45.88	68.54	68.94	25.5	25.32	41.76	34.0	38.63	7.21	25.32	17.69	39.7
7	6.32	49.68	46.0	58.31	11.66	29.12	42.52	0.0	20.59	25.61	54.0	74.67	53.85	14.56	41.62	76.58	77.2	52.15	28.0	14.42	59.46	26.08	59.23	72.03	93.74	40.79	59.06	76.84	69.66	31.11	85.91	41.04	27.2	10.77	44.05	51.61	74.03	69.86	30.07	72.11	81.41	25.06	58.82	64.5	15.62	17.89	38.48	67.68	42.72	68.6	35.23	40.02	36.12	40.79	48.04	14.56	44.94	32.76	47.76	6.32
8	25.61	50.0	58.82	64.12	8.94	49.4	43.17	20.59	0.0	45.34	66.48	80.4	41.62	14.56	44.41	75.15	93.04	36.77	14.14	10.2	58.31	5.66	74.32	83.55	94.34	56.36	77.2	76.16	89.11	32.25	103.25	41.23	32.06	31.3	56.32	72.11	85.51	87.13	14.42	90.91	99.3	32.56	77.9	74.67	6.0	26.68	59.03	68.96	23.09	87.01	54.82	28.32	48.38	22.09	61.35	7.21	48.37	22.02	55.04	25.61
9	19.8	51.26	30.53	50.99	36.77	16.97	45.61	25.61	45.34	0.0	37.58	65.3	68.26	34.0	42.38	76.16	54.33	69.86	48.33	40.0	60.93	50.99	38.21	55.03	89.38	21.54	34.18	75.47	44.05	38.05	61.35	45.12	32.06	17.09	30.0	27.86	56.92	45.61	50.99	46.65	56.46	28.07	33.29	50.12	41.04	36.88	19.42	64.9	65.37	43.38	24.84	56.09	24.84	62.61	31.3	38.42	43.86	49.73	40.61	19.8
10	48.04	35.78	8.0	22.0	60.83	53.85	35.61	54.0	66.48	37.58	0.0	30.53	65.6	51.92	31.24	50.16	29.73	72.14	60.83	66.48	41.23	71.47	12.65	18.11	57.27	16.12	28.07	48.37	44.0	38.83	43.27	36.88	35.78	50.99	10.2	48.37	20.1	29.73	63.53	40.45	42.05	34.18	34.53	12.81	65.12	70.46	51.66	38.05	77.7	35.36	61.03	59.55	18.25	73.78	6.32	59.67	28.84	56.86	18.36	48.04
11	69.86	32.56	35.38	16.49	77.67	82.22	38.05	74.67	80.4	65.3	30.53	0.0	61.74	67.08	36.06	26.83	48.17	70.94	70.03	83.95	29.53	84.1	39.85	24.08	27.2	45.34	56.92	24.17	71.81	48.17	62.51	40.05	49.03	75.18	35.38	78.89	24.33	54.33	72.11	66.75	64.03	50.0	63.91	18.97	81.22	92.48	81.47	18.44	83.36	61.98	89.87	62.37	41.05	79.25	35.61	74.97	32.06	63.29	26.93	69.86
12	54.59	31.24	61.06	50.0	46.52	80.22	30.0	53.85	41.62	68.26	65.6	61.74	0.0	39.29	34.41	44.05	95.27	10.0	27.78	51.11	32.31	41.04	77.67	76.58	64.0	65.39	88.57	46.17	104.0	31.05	108.81	28.84	36.88	62.8	58.31	95.35	78.1	94.34	27.2	102.86	107.07	40.79	92.48	66.6	46.65	67.08	87.02	44.27	28.23	97.95	87.57	13.93	53.71	25.06	63.81	42.05	36.88	21.19	47.51	54.59
13	16.12	38.47	44.27	50.64	10.77	42.19	31.3	14.56	14.56	34.0	51.92	67.08	39.29	0.0	31.62	64.9	78.71	38.0	14.56	17.09	47.71	19.7	59.93	69.05	83.19	42.19	63.78	65.51	76.58	19.7	89.31	29.53	18.11	24.0	41.76	61.74	71.02	73.24	17.09	77.79	85.6	18.11	65.12	60.3	14.14	29.73	50.45	57.27	31.38	73.66	49.0	25.5	33.84	28.64	46.82	8.0	35.44	18.25	41.05	16.12
14	38.21	8.94	26.83	20.1	42.38	58.14	4.47	41.62	44.41	42.38	31.24	36.06	34.41	31.62	0.0	35.38	60.96	41.04	34.23	48.7	18.87	48.04	43.27	43.91	52.15	32.56	55.03	35.38	70.88	12.17	74.4	5.66	14.42	45.34	24.17	66.12	45.65	60.03	36.5	69.08	72.72	16.97	59.67	34.0	45.61	59.36	61.68	26.08	49.04	64.08	66.19	29.15	21.1	44.94	29.53	39.29	4.0	28.16	13.6	38.21
15	73.54	26.91	51.42	28.28	75.47	92.65	34.06	76.58	75.15	76.16	50.16	26.83	44.05	64.9	35.38	0.0	73.76	54.04	62.03	81.63	17.2	77.25	62.0	50.0	20.1	60.73	78.23	2.83	94.09	45.61	88.29	35.61	49.52	80.72	50.0	96.17	50.6	78.23	63.25	90.02	89.11	52.35	84.59	42.43	77.9	94.02	94.81	12.17	70.58	85.01	100.7	50.22	51.89	66.75	52.95	71.69	32.8	54.08	36.4	73.54
16	70.88	64.9	35.61	48.33	86.16	66.27	65.3	77.2	93.04	54.33	29.73	48.17	95.27	78.71	60.96	73.76	0.0	101.86	89.31	91.08	68.88	98.39	18.87	24.08	74.11	36.77	22.8	71.39	29.73	68.12	14.56	66.6	64.4	71.02	38.42	48.33	24.0	11.66	92.09	22.8	16.12	62.13	28.64	31.62	90.62	91.08	59.44	62.64	106.61	19.85	71.2	89.14	45.49	102.8	32.8	85.91	58.41	86.05	47.8	70.88
17	54.04	39.45	66.84	58.31	43.17	80.1	36.88	52.15	36.77	69.86	72.14	70.94	10.0	38.0	41.04	54.04	101.86	0.0	24.33	46.82	41.76	34.99	83.74	84.4	74.0	69.97	93.3	56.14	108.24	34.99	114.98	35.38	40.25	62.0	64.03	97.53	86.02	100.0	22.8	107.7	112.8	43.86	96.6	74.4	42.38	63.25	87.82	53.85	19.42	102.93	87.0	13.93	58.52	16.97	69.66	38.83	44.05	20.22	54.56	54.04
18	30.59	38.21	53.85	54.33	18.97	56.57	32.0	28.0	14.14	48.33	60.83	70.03	27.78	14.56	34.23	62.03	89.31	24.33	0.0	23.32	45.61	15.23	70.46	76.55	81.61	53.81	76.42	63.25	90.0	22.8	100.9	30.0	25.06	38.21	51.11	76.16	78.43	85.04	2.83	90.69	97.67	27.2	78.41	67.05	18.87	39.4	65.0	56.89	17.69	86.31	63.13	14.21	43.83	14.42	56.6	14.56	38.21	8.06	46.57	30.59
19	20.59	55.46	58.55	67.47	6.32	41.18	48.33	14.42	10.2	40.0	66.48	83.95	51.11	17.09	48.7	81.63	91.08	46.82	23.32	0.0	64.5	14.14	72.8	84.21	100.18	54.41	73.43	82.37	84.02	36.77	100.18	46.52	34.93	24.08	56.32	65.3	86.21	84.1	24.17	86.53	95.77	34.23	73.24	76.0	4.47	16.49	51.31	74.32	33.0	83.01	45.88	37.44	48.26	32.25	60.83	10.0	52.5	30.61	57.56	20.59
20	56.64	10.0	40.05	20.59	58.31	76.94	16.97	59.46	58.31	60.93	41.23	29.53	32.31	47.71	18.87	17.2	68.88	41.76	45.61	64.5	0.0	60.73	53.85	47.2	36.06	48.17	68.47	17.89	84.59	28.43	83.26	18.44	32.56	64.03	38.0	83.19	48.41	70.88	47.07	81.58	82.87	35.61	74.11	37.74	60.83	76.84	80.06	12.17	56.01	76.49	85.0	35.01	37.85	52.0	42.19	54.59	17.09	37.85	24.02	56.64
21	31.24	52.95	63.91	68.0	14.42	54.63	46.39	26.08	5.66	50.99	71.47	84.1	41.04	19.7	48.04	77.25	98.39	34.99	15.23	14.14	60.73	0.0	79.62	88.29	96.77	61.77	82.8	78.43	94.76	36.0	108.76	44.41	36.5	36.72	61.35	77.67	90.24	92.65	14.42	96.54	104.86	37.36	83.55	79.25	10.77	30.07	64.41	71.81	19.1	92.62	59.77	28.6	53.49	18.97	66.48	12.81	52.04	23.26	59.3	31.24
22	52.95	48.33	16.97	34.23	67.68	52.5	47.71	59.23	74.32	38.21	12.65	39.85	77.67	59.93	43.27	62.0	18.87	83.74	70.46	72.8	53.85	79.62	0.0	19.8	67.05	18.44	17.09	60.03	32.25	49.52	31.24	48.83	45.61	54.04	19.8	41.04	21.26	17.09	73.24	28.07	29.53	43.27	24.17	20.88	72.11	74.11	47.89	50.04	87.8	23.02	58.69	70.72	26.63	84.02	14.14	67.23	41.18	67.36	30.87	52.95
23	66.12	45.34	26.08	26.91	78.41	70.68	47.71	72.03	83.55	55.03	18.11	24.08	76.58	69.05	43.91	50.0	24.08	84.4	76.55	84.21	47.2	88.29	19.8	0.0	50.36	33.53	36.06	47.54	49.4	53.85	38.47	49.4	51.92	69.05	28.0	60.83	2.0	31.05	79.12	43.68	40.0	50.99	43.27	10.0	82.61	88.57	67.12	39.4	92.61	39.22	77.41	73.06	36.01	88.57	24.33	76.94	40.5	71.59	30.41	66.12
24	90.0	44.72	61.06	38.42	93.91	106.3	51.88	93.74	94.34	89.38	57.27	27.2	64.0	83.19	52.15	20.1	74.11	74.0	81.61	100.18	36.06	96.77	67.05	50.36	0.0	71.02	84.12	18.44	98.95	63.53	88.0	53.67	66.57	96.54	60.46	105.55	50.16	81.22	82.97	93.74	90.2	68.82	91.08	46.17	96.66	111.52	106.83	26.08	90.67	89.05	114.21	70.21	64.54	86.83	61.77	90.38	48.83	73.76	48.84	90.0
25	34.53	40.05	10.0	33.11	49.4	37.74	36.88	40.79	56.36	21.54	16.12	45.34	65.39	42.19	32.56	60.73	36.77	69.97	53.81	54.41	48.17	61.77	18.44	33.53	71.02	0.0	23.32	59.46	38.63	34.99	47.2	37.36	30.0	36.06	10.77	35.44	35.44	31.24	56.64	37.74	43.86	26.91	27.2	28.84	53.85	56.0	36.12	48.7	71.45	33.02	45.0	56.3	11.7	67.88	10.0	49.19	32.06	51.86	24.52	34.53
26	52.84	61.61	28.64	50.04	69.34	44.0	59.46	59.06	77.2	34.18	28.07	56.92	88.57	63.78	55.03	78.23	22.8	93.3	76.42	73.43	68.47	82.8	17.09	36.06	84.12	23.32	0.0	76.42	16.12	58.31	27.2	60.17	53.25	51.26	31.05	26.08	37.2	12.0	79.25	14.42	22.36	50.0	7.21	37.95	73.78	70.88	36.67	66.12	94.11	9.9	48.51	79.61	34.89	90.69	26.31	70.0	53.85	75.0	44.55	52.84
27	73.59	27.2	50.0	26.68	76.16	92.09	34.41	76.84	76.16	75.47	48.37	24.17	46.17	65.51	35.38	2.83	71.39	56.14	63.25	82.37	17.89	78.43	60.03	47.54	18.44	59.46	76.42	0.0	92.2	46.04	85.91	36.06	49.68	80.62	48.7	94.87	48.08	76.11	64.56	88.0	86.83	52.35	82.87	40.2	78.71	94.4	93.94	10.77	72.34	83.01	100.12	51.79	51.0	68.47	51.42	72.47	32.56	55.36	35.34	73.59
28	63.78	77.67	44.72	66.0	80.72	48.7	75.29	69.66	89.11	44.05	44.0	71.81	104.0	76.58	70.88	94.09	29.73	108.24	90.0	84.02	84.59	94.76	32.25	49.4	98.95	38.63	16.12	92.2	0.0	73.35	25.3	75.89	68.0	60.46	47.07	24.08	50.16	18.87	92.8	7.21	18.97	64.5	11.66	52.95	85.04	78.71	39.05	82.02	107.62	10.3	50.8	94.41	50.33	104.4	42.43	82.02	69.86	89.36	60.67	63.78
29	28.84	18.87	32.56	32.0	30.46	51.92	11.66	31.11	32.25	38.05	38.83	48.17	31.05	19.7	12.17	45.61	68.12	34.99	22.8	36.77	28.43	36.0	49.52	53.85	63.53	34.99	58.31	46.04	73.35	0.0	80.62	10.0	6.0	36.72	29.73	64.5	55.71	65.3	25.3	72.72	78.1	10.0	61.74	44.27	33.53	48.41	57.31	37.58	38.95	67.96	59.77	21.4	23.6	34.99	35.38	27.2	16.12	18.03	23.77	28.84
30	79.62	78.89	48.17	62.77	95.77	70.46	78.82	85.91	103.25	61.35	43.27	62.51	108.81	89.31	74.4	88.29	14.56	114.98	100.9	100.18	83.26	108.76	31.24	38.47	88.0	47.2	27.2	85.91	25.3	80.62	0.0	80.0	76.42	78.43	50.99	48.37	38.21	16.12	103.71	18.44	6.32	73.76	30.07	46.17	100.24	98.08	62.01	77.2	118.44	19.03	74.01	101.91	57.31	114.77	45.34	96.04	72.11	98.31	61.59	79.62
31	38.42	8.94	32.25	24.74	40.25	60.17	2.0	41.04	41.23	45.12	36.88	40.05	28.84	29.53	5.66	35.61	66.6	35.38	30.0	46.52	18.44	44.41	48.83	49.4	53.67	37.36	60.17	36.06	75.89	10.0	80.0	0.0	14.42	46.04	29.53	70.0	51.11	65.51	32.06	74.32	78.23	17.89	64.56	39.45	43.08	58.41	64.54	27.86	43.97	69.35	68.15	23.71	25.71	39.85	34.99	36.77	8.94	23.35	19.21	38.42
32	24.08	22.63	28.84	32.56	28.64	46.17	15.62	27.2	32.06	32.06	35.78	49.03	36.88	18.11	14.42	49.52	64.4	40.25	25.06	34.93	32.56	36.5	45.61	51.92	66.57	30.0	53.25	49.68	68.0	6.0	76.42	14.42	0.0	31.62	26.08	58.55	53.85	60.83	27.78	67.68	73.59	4.0	56.36	42.76	32.25	44.94	51.35	40.5	42.2	63.01	54.08	26.42	19.1	38.42	31.62	26.08	17.89	21.93	23.0	24.08
33	8.25	54.04	43.17	59.36	22.36	18.44	47.2	10.77	31.3	17.09	50.99	75.18	62.8	24.0	45.34	80.72	71.02	62.0	38.21	24.08	64.03	36.72	54.04	69.05	96.54	36.06	51.26	80.62	60.46	36.72	78.43	46.04	31.62	0.0	41.76	41.23	71.02	62.64	40.45	63.53	73.54	28.43	50.12	62.64	26.08	20.1	27.73	70.77	53.45	60.42	25.0	49.25	34.54	51.42	44.72	25.3	48.08	42.11	48.55	8.25
34	38.21	30.59	2.83	22.36	50.64	46.86	28.64	44.05	56.32	30.0	10.2	35.38	58.31	41.76	24.17	50.0	38.42	64.03	51.11	56.32	38.0	61.35	19.8	28.0	60.46	10.77	31.05	48.7	47.07	29.73	50.99	29.53	26.08	41.76	0.0	46.17	30.0	36.06	53.85	44.94	48.83	24.17	36.22	20.88	54.92	60.83	46.4	37.95	68.24	39.92	54.49	50.93	8.06	64.4	5.66	49.48	22.8	47.63	14.04	38.21
35	46.65	74.43	44.94	68.35	63.25	26.08	70.03	51.61	72.11	27.86	48.37	78.89	95.35	61.74	66.12	96.17	48.33	97.53	76.16	65.3	83.19	77.67	41.04	60.83	105.55	35.44	26.08	94.87	24.08	64.5	48.37	70.0	58.55	41.23	46.17	0.0	62.23	36.77	78.79	30.07	42.19	54.59	19.7	60.46	67.2	57.2	15.65	84.12	93.02	29.83	26.93	83.68	45.4	90.38	43.86	65.51	66.48	77.49	59.91	46.65
36	68.12	46.86	28.07	28.28	80.4	72.5	49.4	74.03	85.51	56.92	20.1	24.33	78.1	71.02	45.65	50.6	24.0	86.02	78.43	86.21	48.41	90.24	21.26	2.0	50.16	35.44	37.2	48.08	50.16	55.71	38.21	51.11	53.85	71.02	30.0	62.23	0.0	31.62	80.99	44.27	40.05	52.95	44.41	11.66	84.59	90.55	68.8	40.25	94.43	39.92	79.18	74.79	38.01	90.38	26.31	78.92	42.19	73.41	32.2	68.12
37	63.56	65.39	33.29	50.99	79.65	56.0	64.5	69.86	87.13	45.61	29.73	54.33	94.34	73.24	60.03	78.23	11.66	100.0	85.04	84.1	70.88	92.65	17.09	31.05	81.22	31.24	12.0	76.11	18.87	65.3	16.12	65.51	60.83	62.64	36.06	36.77	31.62	0.0	87.86	12.65	12.81	58.0	17.09	36.0	84.12	82.46	48.51	66.48	102.65	8.6	60.41	86.68	41.77	99.04	30.53	79.92	58.14	82.76	47.93	63.56
38	32.98	40.05	56.6	56.57	20.4	58.86	34.06	30.07	14.42	50.99	63.53	72.11	27.2	17.09	36.5	63.25	92.09	22.8	2.83	24.17	47.07	14.42	73.24	79.12	82.97	56.64	79.25	64.56	92.8	25.3	103.71	32.06	27.78	40.45	53.85	78.79	80.99	87.86	0.0	93.51	100.5	30.0	81.22	69.57	19.7	40.5	67.45	58.55	14.87	89.14	65.28	14.21	46.62	11.66	59.36	16.12	40.45	9.22	49.04	32.98
39	66.03	75.29	42.38	62.29	82.8	53.37	73.54	72.11	90.91	46.65	40.45	66.75	102.86	77.79	69.08	90.02	22.8	107.7	90.69	86.53	81.58	96.54	28.07	43.68	93.74	37.74	14.42	88.0	7.21	72.72	18.44	74.32	67.68	63.53	44.94	30.07	44.27	12.65	93.51	0.0	12.17	64.4	13.42	48.17	87.2	82.46	44.28	78.1	108.37	5.1	56.22	94.03	49.24	105.0	39.85	83.74	67.68	89.4	57.97	66.03
40	75.18	77.82	46.04	62.64	91.59	64.78	77.18	81.41	99.3	56.46	42.05	64.03	107.07	85.6	72.72	89.11	16.12	112.8	97.67	95.77	82.87	104.86	29.53	40.0	90.2	43.86	22.36	86.83	18.97	78.1	6.32	78.23	73.59	73.54	48.83	42.19	40.05	12.81	100.5	12.17	0.0	70.71	24.33	46.69	96.04	92.97	56.08	77.67	115.31	13.34	68.07	99.49	54.56	111.73	43.27	92.09	70.71	95.52	60.37	75.18
41	21.26	25.61	26.83	33.53	28.07	42.38	18.87	25.06	32.56	28.07	34.18	50.0	40.79	18.11	16.97	52.35	62.13	43.86	27.2	34.23	35.61	37.36	43.27	50.99	68.82	26.91	50.0	52.35	64.5	10.0	73.76	17.89	4.0	28.43	24.17	54.59	52.95	58.0	30.0	64.4	70.71	0.0	52.84	42.19	32.0	42.94	47.38	42.8	44.69	59.82	50.33	29.97	16.64	41.04	29.53	26.08	20.0	25.0	23.35	21.26
42	52.8	66.75	34.06	56.32	69.66	40.45	64.03	58.82	77.9	33.29	34.53	63.91	92.48	65.12	59.67	84.59	28.64	96.6	78.41	73.24	74.11	83.55	24.17	43.27	91.08	27.2	7.21	82.87	11.66	61.74	30.07	64.56	56.36	50.12	36.22	19.7	44.41	17.09	81.22	13.42	24.33	52.84	0.0	44.94	74.03	69.08	32.02	72.44	96.05	11.05	44.01	82.76	38.9	92.8	32.0	70.77	58.86	77.7	50.09	52.8
43	58.86	35.38	19.7	17.2	70.03	66.57	37.74	64.5	74.67	50.12	12.81	18.97	66.6	60.3	34.0	42.43	31.62	74.4	67.05	76.0	37.74	79.25	20.88	10.0	46.17	28.84	37.95	40.2	52.95	44.27	46.17	39.45	42.76	62.64	20.88	60.46	11.66	36.0	69.57	48.17	46.69	42.19	44.94	0.0	74.11	81.58	64.44	31.05	82.86	43.29	73.82	63.13	28.44	78.79	18.87	68.26	30.53	61.85	20.62	58.86
44	21.26	52.0	57.27	64.78	4.47	43.86	44.94	15.62	6.0	41.04	65.12	81.22	46.65	14.14	45.61	77.9	90.62	42.38	18.87	4.47	60.83	10.77	72.11	82.61	96.66	53.85	73.78	78.71	85.04	33.53	100.24	43.08	32.25	26.08	54.92	67.2	84.59	84.12	19.7	87.2	96.04	32.0	74.03	74.11	0.0	20.88	53.71	70.94	29.07	83.49	49.04	33.02	46.87	28.07	59.67	6.32	49.48	26.25	55.15	21.26
45	22.8	67.2	62.51	76.16	20.59	31.24	60.0	17.89	26.68	36.88	70.46	92.48	67.08	29.73	59.36	94.02	91.08	63.25	39.4	16.49	76.84	30.07	74.11	88.57	111.52	56.0	70.88	94.4	78.71	48.41	98.08	58.41	44.94	20.1	60.83	57.2	90.55	82.46	40.5	82.46	92.97	42.94	69.08	81.58	20.88	0.0	41.87	85.44	49.16	79.71	33.6	53.24	53.15	48.66	64.28	25.06	62.77	46.14	65.55	22.8
46	34.48	70.52	46.1	68.51	50.09	10.63	65.0	38.48	59.03	19.42	51.66	81.47	87.02	50.45	61.68	94.81	59.44	87.82	65.0	51.31	80.06	64.41	47.89	67.12	106.83	36.12	36.67	93.94	39.05	57.31	62.01	64.54	51.35	27.73	46.4	15.65	68.8	48.51	67.45	44.28	56.08	47.38	32.02	64.44	53.71	41.87	0.0	83.24	80.99	43.0	12.0	74.33	42.94	78.75	45.97	52.92	62.97	67.6	58.67	34.48
47	64.03	18.97	39.29	16.12	68.03	81.61	26.0	67.68	68.96	64.9	38.05	18.44	44.27	57.27	26.08	12.17	62.64	53.85	56.89	74.32	12.17	71.81	50.04	39.4	26.08	48.7	66.12	10.77	82.02	37.58	77.2	27.86	40.5	70.77	37.95	84.12	40.25	66.48	58.55	78.1	77.67	42.8	72.44	31.05	70.94	85.44	83.24	0.0	68.07	73.06	89.63	47.01	40.31	64.03	40.79	64.62	22.8	49.37	24.6	64.03
48	46.62	50.8	71.03	68.68	31.58	71.84	45.88	42.72	23.09	65.37	77.7	83.36	28.23	31.38	49.04	70.58	106.61	19.42	17.69	33.0	56.01	19.1	87.8	92.61	90.67	71.45	94.11	72.34	107.62	38.95	118.44	43.97	42.2	53.45	68.24	93.02	94.43	102.65	14.87	108.37	115.31	44.69	96.05	82.86	29.07	49.16	80.99	68.07	0.0	104.0	77.67	21.1	61.22	4.12	73.82	28.16	52.81	21.02	62.24	46.62
49	62.43	70.21	37.34	57.22	79.06	51.48	68.54	68.6	87.01	43.38	35.36	61.98	97.95	73.66	64.08	85.01	19.85	102.93	86.31	83.01	76.49	92.62	23.02	39.22	89.05	33.02	9.9	83.01	10.3	67.96	19.03	69.35	63.01	60.42	39.92	29.83	39.92	8.6	89.14	5.1	13.34	59.82	11.05	43.29	83.49	79.71	43.0	73.06	104.0	0.0	55.0	89.31	44.42	100.57	34.79	79.81	62.63	84.81	52.89	62.43
50	33.06	75.13	54.67	75.82	46.1	8.06	68.94	35.23	54.82	24.84	61.03	89.87	87.57	49.0	66.19	100.7	71.2	87.0	63.13	45.88	85.0	59.77	58.69	77.41	114.21	45.0	48.51	100.12	50.8	59.77	74.01	68.15	54.08	25.0	54.49	26.93	79.18	60.41	65.28	56.22	68.07	50.33	44.01	73.82	49.04	33.6	12.0	89.63	77.67	55.0	0.0	74.17	49.68	75.95	55.0	49.65	68.1	67.07	65.44	33.06
51	41.11	29.83	53.76	48.1	32.65	67.01	25.5	40.02	28.32	56.09	59.55	62.37	13.93	25.5	29.15	50.22	89.14	13.93	14.21	37.44	35.01	28.6	70.72	73.06	70.21	56.3	79.61	51.79	94.41	21.4	101.91	23.71	26.42	49.25	50.93	83.68	74.79	86.68	14.21	94.03	99.49	29.97	82.76	63.13	33.02	53.24	74.33	47.01	21.1	89.31	74.17	0.0	45.0	17.03	56.59	28.18	32.65	7.28	42.72	41.11
52	30.41	29.07	10.44	26.17	42.58	41.77	25.32	36.12	48.38	24.84	18.25	41.05	53.71	33.84	21.1	51.89	45.49	58.52	43.83	48.26	37.85	53.49	26.63	36.01	64.54	11.7	34.89	51.0	50.33	23.6	57.31	25.71	19.1	34.54	8.06	45.4	38.01	41.77	46.62	49.24	54.56	16.64	38.9	28.44	46.87	53.15	42.94	40.31	61.22	44.42	49.68	45.0	0.0	57.49	13.0	41.48	21.1	41.01	15.81	30.41
53	44.27	46.69	67.2	64.56	30.07	69.86	41.76	40.79	22.09	62.61	73.78	79.25	25.06	28.64	44.94	66.75	102.8	16.97	14.42	32.25	52.0	18.97	84.02	88.57	86.83	67.88	90.69	68.47	104.4	34.99	114.77	39.85	38.42	51.42	64.4	90.38	90.38	99.04	11.66	105.0	111.73	41.04	92.8	78.79	28.07	48.66	78.75	64.03	4.12	100.57	75.95	17.03	57.49	0.0	70.0	26.31	48.7	17.0	58.18	44.27
54	42.0	35.44	2.83	24.74	55.32	47.71	34.0	48.04	61.35	31.3	6.32	35.61	63.81	46.82	29.53	52.95	32.8	69.66	56.6	60.83	42.19	66.48	14.14	24.33	61.77	10.0	26.31	51.42	42.43	35.38	45.34	34.99	31.62	44.72	5.66	43.86	26.31	30.53	59.36	39.85	43.27	29.53	32.0	18.87	59.67	64.28	45.97	40.79	73.82	34.79	55.0	56.59	13.0	70.0	0.0	54.41	27.86	53.26	18.25	42.0
55	18.87	45.69	51.92	58.55	4.47	43.68	38.63	14.56	7.21	38.42	59.67	74.97	42.05	8.0	39.29	71.69	85.91	38.83	14.56	10.0	54.59	12.81	67.23	76.94	90.38	49.19	70.0	72.47	82.02	27.2	96.04	36.77	26.08	25.3	49.48	65.51	78.92	79.92	16.12	83.74	92.09	26.08	70.77	68.26	6.32	25.06	52.92	64.62	28.16	79.81	49.65	28.18	41.48	26.31	54.41	0.0	43.17	21.1	49.04	18.87
56	41.23	8.0	25.3	16.12	46.17	60.03	7.21	44.94	48.37	43.86	28.84	32.06	36.88	35.44	4.0	32.8	58.41	44.05	38.21	52.5	17.09	52.04	41.18	40.5	48.83	32.06	53.85	32.56	69.86	16.12	72.11	8.94	17.89	48.08	22.8	66.48	42.19	58.14	40.45	67.68	70.71	20.0	58.86	30.53	49.48	62.77	62.97	22.8	52.81	62.63	68.1	32.65	21.1	48.7	27.86	43.17	0.0	32.02	10.63	41.23
57	34.01	31.0	50.45	48.05	25.55	60.01	25.32	32.76	22.02	49.73	56.86	63.29	21.19	18.25	28.16	54.08	86.05	20.22	8.06	30.61	37.85	23.26	67.36	71.59	73.76	51.86	75.0	55.36	89.36	18.03	98.31	23.35	21.93	42.11	47.63	77.49	73.41	82.76	9.22	89.4	95.52	25.0	77.7	61.85	26.25	46.14	67.6	49.37	21.02	84.81	67.07	7.28	41.01	17.0	53.26	21.1	32.02	0.0	41.23	34.01
58	42.95	17.46	16.03	10.82	51.35	57.49	17.69	47.76	55.04	40.61	18.36	26.93	47.51	41.05	13.6	36.4	47.8	54.56	46.57	57.56	24.02	59.3	30.87	30.41	48.84	24.52	44.55	35.34	60.67	23.77	61.59	19.21	23.0	48.55	14.04	59.91	32.2	47.93	49.04	57.97	60.37	23.35	50.09	20.62	55.15	65.55	58.67	24.6	62.24	52.89	65.44	42.72	15.81	58.18	18.25	49.04	10.63	41.23	0.0	42.95
;
