vehicles
vehicle_idx, capacity, cost_per_unit_distance
1,100,1
2,100,1
3,100,1
4,100,1
5,100,1
6,100,1
7,100,1
8,100,1
9,100,1
depot
node_idx,x,y
0,61,37
home delivery customers
node_idx,x,y,service_time,demand
1,29,73,10,3
2,23,71,10,24
3,67,45,10,11
4,25,39,10,16
5,63,9,10,19
6,39,69,10,9
7,49,3,10,18
8,19,33,10,19
9,31,5,10,15
10,73,73,10,8
11,35,95,10,18
12,5,43,10,12
13,27,73,10,14
14,1,49,10,19
15,79,71,10,10
16,65,23,10,7
17,97,23,10,16
18,23,71,10,23
19,57,85,10,6
20,13,49,10,9
self pickup customers
node_idx,x,y,service_time,demand,locker_idxs
21,23,43,10,12,70
22,47,37,10,24,71
23,85,69,10,16,65
24,81,27,10,4,67-71-66-63
25,77,79,10,9,65-61
26,45,43,10,18,71
27,33,47,10,19,72
28,49,87,10,2,72-61
29,87,39,10,18,69-75-67
30,97,35,10,18,63
31,35,25,10,4,62
32,79,61,10,12,69-75
33,19,45,10,72,70
34,35,63,10,5,73-70-72
35,47,9,10,19,71-62
36,63,73,10,12,73-61
37,21,55,10,20,68
38,65,47,10,13,71
39,51,65,10,27,69
40,91,41,10,15,69
flexible customers
node_idx,x,y,service_time,demand,locker_idxs
41,93,57,10,23,69
42,15,67,10,17,68-72-74-64
43,53,5,10,6,71
44,13,75,10,22,68-72-64
45,21,49,10,7,68-72-74-70-62
46,93,43,10,12,69
47,67,13,10,8,71-66-63
48,69,25,10,14,71-67-75-66
49,53,35,10,20,70-73-71-75-67-69
50,31,75,10,14,68-72-74-64
51,49,99,10,10,61
52,47,37,10,22,71-70-67-73-75
53,37,91,10,11,64
54,71,39,10,2,71-69-67-75-73-66
55,31,21,10,11,62
56,87,45,10,16,67-69-75-63
57,1,77,10,3,68
58,5,81,10,22,68-64
59,53,27,10,18,71-67
60,89,23,10,12,63-66
lockers
node_idx,x,y,service_time,capacity,cost_per_unit_good
61,65,88,10,89
62,25,15,10,73
63,93,12,10,86
64,22,88,10,89
65,77,88,10,91
66,72,14,10,85
67,66,40,10,78
68,18,71,10,96
69,73,51,10,85
70,39,58,10,91
71,57,24,10,70
72,28,73,10,81
73,56,54,10,77
74,31,63,10,98
75,66,51,10,99
mrt lines
start_node_idx,end_node_idx,freight_capacity,cost_per_unit_good
61,62,89,1.5
62,61,89,1.5
63,64,89,1.5
64,63,89,1.5
distance matrix
,0,1,2,3,4,5,6,7,8,9,10,11,12,13,14,15,16,17,18,19,20,21,22,23,24,25,26,27,28,29,30,31,32,33,34,35,36,37,38,39,40,41,42,43,44,45,46,47,48,49,50,51,52,53,54,55,56,57,58,59,60,61,62,63,64,65,66,67,68,69,70,71,72,73,74,75,
0,0.0,48.17,50.99,10.0,36.06,28.07,38.83,36.06,42.19,43.86,37.95,63.56,56.32,49.52,61.19,38.47,14.56,38.63,50.99,48.17,49.48,38.47,14.0,40.0,22.36,44.94,17.09,29.73,51.42,26.08,36.06,28.64,30.0,42.76,36.77,31.3,36.06,43.86,10.77,29.73,30.27,37.74,54.92,32.98,61.22,41.76,32.56,24.74,14.42,8.25,48.41,63.15,14.0,59.09,10.2,34.0,27.2,72.11,71.22,12.81,31.3,51.16,42.19,40.61,64.2,53.45,25.5,5.83,54.82,18.44,30.41,13.6,48.84,17.72,39.7,14.87
1,48.17,0.0,6.32,47.2,34.23,72.47,10.77,72.8,41.23,68.03,44.0,22.8,38.42,2.0,36.88,50.04,61.61,84.4,6.32,30.46,28.84,30.59,40.25,56.14,69.43,48.37,34.0,26.31,24.41,67.23,77.9,48.37,51.42,29.73,11.66,66.48,34.0,19.7,44.41,23.41,69.77,65.97,15.23,72.11,16.12,25.3,70.68,71.02,62.48,44.94,2.83,32.8,40.25,19.7,54.04,52.04,64.4,28.28,25.3,51.88,78.1,39.0,58.14,88.41,16.55,50.29,73.01,49.58,11.18,49.19,18.03,56.44,1.0,33.02,10.2,43.05
2,50.99,6.32,0.0,51.11,32.06,73.78,16.12,72.8,38.21,66.48,50.04,26.83,33.29,4.47,31.11,56.0,63.78,88.2,0.0,36.77,24.17,28.0,41.62,62.03,72.8,54.59,35.61,26.0,30.53,71.55,82.29,47.54,56.89,26.31,14.42,66.48,40.05,16.12,48.37,28.64,74.32,71.39,8.94,72.5,10.77,22.09,75.39,72.8,65.05,46.86,8.94,38.21,41.62,24.41,57.69,50.64,69.08,22.8,20.59,53.25,81.61,45.31,56.04,91.55,17.03,56.61,75.17,53.01,5.0,53.85,20.62,58.01,5.39,37.12,11.31,47.42
3,10.0,47.2,51.11,0.0,42.43,36.22,36.88,45.69,49.48,53.81,28.64,59.36,62.03,48.83,66.12,28.64,22.09,37.2,51.11,41.23,54.15,44.05,21.54,30.0,22.8,35.44,22.09,34.06,45.69,20.88,31.62,37.74,20.0,48.0,36.72,41.18,28.28,47.07,2.83,25.61,24.33,28.64,56.46,42.38,61.77,46.17,26.08,32.0,20.1,17.2,46.86,56.92,21.54,54.92,7.21,43.27,20.0,73.35,71.69,22.8,31.11,43.05,51.61,42.01,62.24,44.15,31.4,5.1,55.47,8.49,30.87,23.26,48.01,14.21,40.25,6.08
4,36.06,34.23,32.06,42.43,0.0,48.41,33.11,43.27,8.49,34.53,58.82,56.89,20.4,34.06,26.0,62.77,43.08,73.76,32.06,56.04,15.62,4.47,22.09,67.08,57.27,65.6,20.4,11.31,53.67,62.0,72.11,17.2,58.31,8.49,26.0,37.2,50.99,16.49,40.79,36.77,66.03,70.34,29.73,44.05,37.95,10.77,68.12,49.4,46.17,28.28,36.5,64.62,22.09,53.37,46.0,18.97,62.29,44.94,46.52,30.46,65.97,63.25,24.0,73.16,49.09,71.45,53.24,41.01,32.76,49.48,23.6,35.34,34.13,34.44,24.74,42.72
5,28.07,72.47,73.78,36.22,48.41,0.0,64.62,15.23,50.12,32.25,64.78,90.44,67.23,73.43,73.78,64.03,14.14,36.77,73.78,76.24,64.03,52.5,32.25,63.91,25.46,71.39,38.47,48.41,79.25,38.42,42.8,32.25,54.41,56.85,60.83,16.0,64.0,62.29,38.05,57.27,42.52,56.6,75.29,10.77,82.8,58.0,45.34,5.66,17.09,27.86,73.35,91.08,32.25,86.02,31.05,34.18,43.27,92.02,92.46,20.59,29.53,79.03,38.47,30.15,89.01,80.23,10.3,31.14,76.61,43.17,54.56,16.16,72.95,45.54,62.77,42.11
6,38.83,10.77,16.12,36.88,33.11,64.62,0.0,66.75,41.18,64.5,34.23,26.31,42.8,12.65,42.94,40.05,52.84,74.03,16.12,24.08,32.8,30.53,32.98,46.0,59.4,39.29,26.68,22.8,20.59,56.6,67.23,44.18,40.79,31.24,7.21,60.53,24.33,22.8,34.06,12.65,59.06,55.32,24.08,65.51,26.68,26.91,59.93,62.61,53.25,36.77,10.0,31.62,32.98,22.09,43.86,48.66,53.67,38.83,36.06,44.27,67.94,32.2,55.79,78.52,25.5,42.49,64.14,39.62,21.1,38.47,11.0,48.47,11.7,22.67,10.0,32.45
7,36.06,72.8,72.8,45.69,43.27,15.23,66.75,0.0,42.43,18.11,74.0,93.06,59.46,73.38,66.48,74.32,25.61,52.0,72.8,82.39,58.41,47.71,34.06,75.18,40.0,80.99,40.2,46.82,84.0,52.35,57.69,26.08,65.3,51.61,61.61,6.32,71.39,59.06,46.82,62.03,56.64,69.66,72.47,4.47,80.5,53.85,59.46,20.59,29.73,32.25,74.22,96.0,34.06,88.81,42.19,25.46,56.64,88.2,89.55,24.33,44.72,86.49,26.83,44.91,89.19,89.49,25.5,40.72,74.73,53.67,55.9,22.47,73.08,51.48,62.64,50.92
8,42.19,41.23,38.21,49.48,8.49,50.12,41.18,42.43,0.0,30.46,67.2,64.03,17.2,40.79,24.08,71.02,47.07,78.64,38.21,64.4,17.09,10.77,28.28,75.18,62.29,74.03,27.86,19.8,61.77,68.26,78.03,17.89,66.21,12.0,34.0,36.88,59.46,22.09,48.08,45.25,72.44,77.79,34.23,44.05,42.43,16.12,74.67,52.0,50.64,34.06,43.68,72.5,28.28,60.73,52.35,16.97,69.05,47.54,50.0,34.53,70.71,71.7,18.97,76.92,55.08,79.93,56.3,47.52,38.01,56.92,32.02,39.05,41.0,42.54,32.31,50.33
9,43.86,68.03,66.48,53.81,34.53,32.25,64.5,18.11,30.46,0.0,79.92,90.09,46.04,68.12,53.25,81.61,38.47,68.41,66.48,84.12,47.54,38.83,35.78,83.74,54.63,87.13,40.5,42.05,83.95,65.51,72.5,20.4,73.76,41.76,58.14,16.49,75.15,50.99,54.04,63.25,69.97,80.92,64.03,22.0,72.28,45.12,72.72,36.88,42.94,37.2,70.0,95.71,35.78,86.21,52.5,16.0,68.82,78.0,80.32,31.11,60.73,89.69,11.66,62.39,83.49,94.89,41.98,49.5,67.27,62.29,53.6,32.2,68.07,55.01,58.0,57.8
10,37.95,44.0,50.04,28.64,58.82,64.78,34.23,74.0,67.2,79.92,0.0,43.91,74.32,46.0,75.89,6.32,50.64,55.46,50.04,20.0,64.62,58.31,44.41,12.65,46.69,7.21,41.04,47.71,27.78,36.77,44.94,61.22,13.42,60.83,39.29,69.08,10.0,55.03,27.2,23.41,36.72,25.61,58.31,70.88,60.03,57.27,36.06,60.3,48.17,42.94,42.05,35.38,44.41,40.25,34.06,66.84,31.3,72.11,68.47,50.16,52.5,17.0,75.29,64.2,53.16,15.52,59.01,33.73,55.04,22.0,37.16,51.55,45.0,25.5,43.17,23.09
11,63.56,22.8,26.83,59.36,56.89,90.44,26.31,93.06,64.03,90.09,43.91,0.0,60.03,23.41,57.2,50.12,78.0,95.02,26.83,24.17,50.99,53.37,59.23,56.36,82.1,44.94,52.95,48.04,16.12,76.42,86.28,70.0,55.61,52.5,32.0,86.83,35.61,42.38,56.6,34.0,77.79,69.34,34.41,91.78,29.73,48.08,77.9,88.02,77.82,62.64,20.4,14.56,59.23,4.47,66.57,74.11,72.14,38.47,33.11,70.34,90.0,30.81,80.62,101.26,14.76,42.58,89.05,63.13,29.41,58.14,37.22,74.33,23.09,46.07,32.25,53.82
12,56.32,38.42,33.29,62.03,20.4,67.23,42.8,59.46,17.2,46.04,74.32,60.03,0.0,37.2,7.21,79.12,63.25,94.15,33.29,66.84,10.0,18.0,42.43,84.12,77.67,80.5,40.0,28.28,62.23,82.1,92.35,34.99,76.16,14.14,36.06,54.04,65.3,20.0,60.13,50.99,86.02,89.11,26.0,61.22,32.98,17.09,88.0,68.88,66.48,48.66,41.23,71.22,42.43,57.69,66.12,34.06,82.02,34.23,38.0,50.6,86.35,75.0,34.41,93.3,48.1,84.91,73.01,61.07,30.87,68.47,37.16,55.36,37.8,52.17,32.8,61.52
13,49.52,2.0,4.47,48.83,34.06,73.43,12.65,73.38,40.79,68.12,46.0,23.41,37.2,0.0,35.38,52.04,62.8,86.02,4.47,32.31,27.78,30.27,41.18,58.14,70.94,50.36,34.99,26.68,26.08,68.96,79.65,48.66,53.37,29.12,12.81,67.05,36.0,18.97,46.04,25.3,71.55,67.91,13.42,72.8,14.14,24.74,72.5,72.11,63.78,46.04,4.47,34.06,41.18,20.59,55.61,52.15,66.21,26.31,23.41,52.84,79.65,40.85,58.03,89.87,15.81,52.2,74.2,51.09,9.22,50.99,19.21,57.45,1.0,34.67,10.77,44.78
14,61.19,36.88,31.11,66.12,26.0,73.78,42.94,66.48,24.08,53.25,75.89,57.2,7.21,35.38,0.0,81.04,69.08,99.46,31.11,66.57,12.0,22.8,47.54,86.35,82.97,81.71,44.41,32.06,61.22,86.58,97.02,41.62,78.92,18.44,36.77,60.96,66.48,20.88,64.03,52.5,90.35,92.35,22.8,68.12,28.64,20.0,92.2,75.18,72.11,53.85,39.7,69.31,47.54,55.32,70.71,41.04,86.09,28.0,32.25,56.46,91.76,74.95,41.62,99.16,44.29,85.42,79.16,65.62,27.8,72.03,39.05,61.33,36.12,55.23,33.11,65.03
15,38.47,50.04,56.0,28.64,62.77,64.03,40.05,74.32,71.02,81.61,6.32,50.12,79.12,52.04,81.04,0.0,50.0,51.26,56.0,26.08,69.57,62.61,46.69,6.32,44.05,8.25,44.05,51.88,34.0,32.98,40.25,63.66,10.0,65.39,44.72,69.77,16.12,60.17,27.78,28.64,32.31,19.8,64.12,70.94,66.12,62.03,31.3,59.23,47.07,44.41,48.17,41.04,46.69,46.52,32.98,69.31,27.2,78.23,74.67,51.11,49.03,22.02,77.79,60.64,59.48,17.12,57.43,33.62,61.0,20.88,42.06,51.89,51.04,28.6,48.66,23.85
16,14.56,61.61,63.78,22.09,43.08,14.14,52.84,25.61,47.07,38.47,50.64,78.0,63.25,62.8,69.08,50.0,0.0,32.0,63.78,62.51,58.14,46.52,22.8,50.16,16.49,57.27,28.28,40.0,65.97,27.2,34.18,30.07,40.5,50.99,50.0,22.8,50.04,54.41,24.0,44.27,31.62,44.05,66.6,21.63,73.54,51.11,34.41,10.2,4.47,16.97,62.13,77.67,22.8,73.54,17.09,34.06,31.11,83.74,83.45,12.65,24.0,65.0,40.79,30.08,77.94,66.1,11.4,17.03,67.18,29.12,43.6,8.06,62.2,32.28,52.5,28.02
17,38.63,84.4,88.2,37.2,73.76,36.77,74.03,52.0,78.64,68.41,55.46,95.02,94.15,86.02,99.46,51.26,32.0,0.0,88.2,73.78,87.93,76.66,51.92,47.54,16.49,59.46,55.71,68.35,80.0,18.87,12.0,62.03,42.05,81.04,73.78,51.92,60.46,82.46,40.0,62.29,18.97,34.23,93.06,47.54,98.79,80.32,20.4,31.62,28.07,45.61,84.02,89.89,51.92,90.69,30.53,66.03,24.17,110.15,108.76,44.18,8.0,72.45,72.44,11.7,99.25,68.01,26.57,35.36,92.44,36.88,67.74,40.01,85.21,51.4,77.18,41.77
18,50.99,6.32,0.0,51.11,32.06,73.78,16.12,72.8,38.21,66.48,50.04,26.83,33.29,4.47,31.11,56.0,63.78,88.2,0.0,36.77,24.17,28.0,41.62,62.03,72.8,54.59,35.61,26.0,30.53,71.55,82.29,47.54,56.89,26.31,14.42,66.48,40.05,16.12,48.37,28.64,74.32,71.39,8.94,72.5,10.77,22.09,75.39,72.8,65.05,46.86,8.94,38.21,41.62,24.41,57.69,50.64,69.08,22.8,20.59,53.25,81.61,45.31,56.04,91.55,17.03,56.61,75.17,53.01,5.0,53.85,20.62,58.01,5.39,37.12,11.31,47.42
19,48.17,30.46,36.77,41.23,56.04,76.24,24.08,82.39,64.4,84.12,20.0,24.17,66.84,32.31,66.57,26.08,62.51,73.78,36.77,0.0,56.85,54.04,49.03,32.25,62.77,20.88,43.68,44.94,8.25,54.92,64.03,63.91,32.56,55.17,31.11,76.66,13.42,46.86,38.83,20.88,55.61,45.61,45.69,80.1,45.12,50.91,55.32,72.69,61.19,50.16,27.86,16.12,49.03,20.88,48.08,69.08,50.0,56.57,52.15,58.14,69.77,8.54,76.97,81.39,35.13,20.22,72.57,45.89,41.44,37.58,32.45,61.0,31.38,31.02,34.06,35.17
20,49.48,28.84,24.17,54.15,15.62,64.03,32.8,58.41,17.09,47.54,64.62,50.99,10.0,27.78,12.0,69.57,58.14,87.93,24.17,56.85,0.0,11.66,36.06,74.73,71.47,70.68,32.56,20.1,52.35,74.67,85.16,32.56,67.08,7.21,26.08,52.5,55.46,10.0,52.04,41.23,78.41,80.4,18.11,59.46,26.0,8.0,80.22,64.9,60.93,42.38,31.62,61.61,36.06,48.37,58.86,33.29,74.11,30.46,32.98,45.65,80.32,65.0,36.06,88.14,40.02,74.95,68.6,53.76,22.56,60.03,27.51,50.61,28.3,43.29,22.8,53.04
21,38.47,30.59,28.0,44.05,4.47,52.5,30.53,47.71,10.77,38.83,58.31,53.37,18.0,30.27,22.8,62.61,46.52,76.66,28.0,54.04,11.66,0.0,24.74,67.23,60.17,64.9,22.0,10.77,51.11,64.12,74.43,21.63,58.82,4.47,23.32,41.62,50.0,12.17,42.19,35.61,68.03,71.39,25.3,48.41,33.53,6.32,70.0,53.25,49.4,31.05,32.98,61.74,24.74,50.0,48.17,23.41,64.03,40.5,42.05,34.0,68.96,61.55,28.07,76.56,45.01,70.29,56.94,43.1,28.44,50.64,21.93,38.95,30.41,34.79,21.54,43.74
22,14.0,40.25,41.62,21.54,22.09,32.25,32.98,34.06,28.28,35.78,44.41,59.23,42.43,41.18,47.54,46.69,22.8,51.92,41.62,49.03,36.06,24.74,0.0,49.68,35.44,51.61,6.32,17.2,50.04,40.05,50.04,16.97,40.0,29.12,28.64,28.0,39.4,31.62,20.59,28.28,44.18,50.16,43.86,32.56,50.99,28.64,46.39,31.24,25.06,6.32,41.23,62.03,0.0,54.92,24.08,22.63,40.79,60.96,60.83,11.66,44.27,54.08,31.11,52.35,56.8,59.17,33.97,19.24,44.69,29.53,22.47,16.4,40.71,19.24,30.53,23.6
23,40.0,56.14,62.03,30.0,67.08,63.91,46.0,75.18,75.18,83.74,12.65,56.36,84.12,58.14,86.35,6.32,50.16,47.54,62.03,32.25,74.73,67.23,49.68,0.0,42.19,12.81,47.71,56.46,40.25,30.07,36.06,66.6,10.0,70.23,50.36,71.02,22.36,65.51,29.73,34.23,28.64,14.42,70.03,71.55,72.25,67.05,27.2,58.82,46.82,46.69,54.33,46.86,49.68,52.8,33.11,72.25,24.08,84.38,80.89,52.8,46.17,27.59,80.72,57.56,65.8,20.62,56.52,34.67,67.03,21.63,47.3,53.0,57.14,32.65,54.33,26.17
24,22.36,69.43,72.8,22.8,57.27,25.46,59.4,40.0,62.29,54.63,46.69,82.1,77.67,70.94,82.97,44.05,16.49,16.49,72.8,62.77,71.47,60.17,35.44,42.19,0.0,52.15,39.4,52.0,68.0,13.42,17.89,46.04,34.06,64.56,58.41,38.47,49.4,66.21,25.61,48.41,17.2,32.31,77.18,35.61,83.23,63.91,20.0,19.8,12.17,29.12,69.31,78.79,35.44,77.67,15.62,50.36,18.97,94.34,93.23,28.0,8.94,63.06,57.27,19.21,84.86,61.13,15.81,19.85,76.84,25.3,52.2,24.19,70.18,36.8,61.61,28.3
25,44.94,48.37,54.59,35.44,65.6,71.39,39.29,80.99,74.03,87.13,7.21,44.94,80.5,50.36,81.71,8.25,57.27,59.46,54.59,20.88,70.68,64.9,51.61,12.81,52.15,0.0,48.17,54.41,29.12,41.23,48.33,68.41,18.11,67.23,44.94,76.16,15.23,60.93,34.18,29.53,40.5,27.2,63.15,77.79,64.12,63.53,39.4,66.75,54.59,50.12,46.17,34.41,51.61,41.76,40.45,74.03,35.44,76.03,72.03,57.27,57.27,15.0,82.46,68.88,55.73,9.0,65.19,40.52,59.54,28.28,43.42,58.52,49.37,32.65,48.7,30.08
26,17.09,34.0,35.61,22.09,20.4,38.47,26.68,40.2,27.86,40.5,41.04,52.95,40.0,34.99,44.41,44.05,28.28,55.71,35.61,43.68,32.56,22.0,6.32,47.71,39.4,48.17,0.0,12.65,44.18,42.19,52.61,20.59,38.47,26.08,22.36,34.06,34.99,26.83,20.4,22.8,46.04,50.0,38.42,38.83,45.25,24.74,48.0,37.2,30.0,11.31,34.93,56.14,6.32,48.66,26.31,26.08,42.05,55.61,55.17,17.89,48.33,49.24,34.41,57.14,50.54,55.22,39.62,21.21,38.9,29.12,16.16,22.47,34.48,15.56,24.41,22.47
27,29.73,26.31,26.0,34.06,11.31,48.41,22.8,46.82,19.8,42.05,47.71,48.04,28.28,26.68,32.06,51.88,40.0,68.35,26.0,44.94,20.1,10.77,17.2,56.46,52.0,54.41,12.65,0.0,43.08,54.59,65.12,22.09,48.08,14.14,16.12,40.5,39.7,14.42,32.0,25.46,58.31,60.83,26.91,46.52,34.41,12.17,60.13,48.08,42.19,23.32,28.07,54.41,17.2,44.18,38.83,26.08,54.04,43.86,44.05,28.28,60.93,52.01,32.98,69.46,42.45,60.14,51.09,33.73,28.3,40.2,12.53,33.24,26.48,24.04,16.12,33.24
28,51.42,24.41,30.53,45.69,53.67,79.25,20.59,84.0,61.77,83.95,27.78,16.12,62.23,26.08,61.22,34.0,65.97,80.0,30.53,8.25,52.35,51.11,50.04,40.25,68.0,29.12,44.18,43.08,0.0,61.22,70.77,63.56,39.7,51.61,27.78,78.03,19.8,42.52,43.08,22.09,62.29,53.25,39.45,82.1,37.95,47.2,62.23,76.16,65.15,52.15,21.63,12.0,50.04,12.65,52.8,68.41,56.64,49.03,44.41,60.13,75.47,16.03,75.89,86.95,27.02,28.02,76.54,49.98,34.89,43.27,30.68,63.51,25.24,33.73,30.0,39.81
29,26.08,67.23,71.55,20.88,62.0,38.42,56.6,52.35,68.26,65.51,36.77,76.42,82.1,68.96,86.58,32.98,27.2,18.87,71.55,54.92,74.67,64.12,40.05,30.07,13.42,41.23,42.19,54.59,61.22,0.0,10.77,53.85,23.41,68.26,57.27,50.0,41.62,67.91,23.41,44.41,4.47,18.97,77.25,48.08,82.29,66.75,7.21,32.8,22.8,34.23,66.57,71.02,40.05,72.14,16.0,58.82,6.0,94.02,92.13,36.06,16.12,53.71,66.48,27.66,81.4,50.01,29.15,21.02,76.06,18.44,51.62,33.54,68.1,34.44,60.93,24.19
30,36.06,77.9,82.29,31.62,72.11,42.8,67.23,57.69,78.03,72.5,44.94,86.28,92.35,79.65,97.02,40.25,34.18,12.0,82.29,64.03,85.16,74.43,50.04,36.06,17.89,48.33,52.61,65.12,70.77,10.77,0.0,62.8,31.62,78.64,68.03,56.36,50.99,78.59,34.18,54.92,8.49,22.36,88.02,53.25,93.04,77.28,8.94,37.2,29.73,44.0,77.18,80.0,50.04,82.07,26.31,67.47,14.14,104.79,102.86,44.72,14.42,61.91,74.73,23.35,91.84,56.65,32.65,31.4,86.82,28.84,62.39,41.48,78.77,45.19,71.69,34.89
31,28.64,48.37,47.54,37.74,17.2,32.25,44.18,26.08,17.89,20.4,61.22,70.0,34.99,48.66,41.62,63.66,30.07,62.03,47.54,63.91,32.56,21.63,16.97,66.6,46.04,68.41,20.59,22.09,63.56,53.85,62.8,0.0,56.85,25.61,38.0,20.0,55.57,33.11,37.2,43.08,58.24,66.24,46.52,26.91,54.63,27.78,60.73,34.18,34.0,20.59,50.16,75.31,16.97,66.03,38.63,5.66,55.71,62.13,63.53,18.11,54.04,69.78,14.14,59.44,64.33,75.72,38.6,34.44,49.04,46.04,33.24,22.02,48.51,35.81,38.21,40.46
32,30.0,51.42,56.89,20.0,58.31,54.41,40.79,65.3,66.21,73.76,13.42,55.61,76.16,53.37,78.92,10.0,40.5,42.05,56.89,32.56,67.08,58.82,40.0,10.0,34.06,18.11,38.47,48.08,39.7,23.41,31.62,56.85,0.0,62.1,44.05,61.06,20.0,58.31,19.8,28.28,23.32,14.56,64.28,61.74,67.47,59.23,22.8,49.48,37.36,36.77,50.0,48.41,40.0,51.61,23.41,62.48,17.89,79.62,76.66,42.8,39.29,30.41,70.94,50.96,63.07,27.07,47.52,24.7,61.81,11.66,40.11,43.05,52.39,24.04,48.04,16.4
33,42.76,29.73,26.31,48.0,8.49,56.85,31.24,51.61,12.0,41.76,60.83,52.5,14.14,29.12,18.44,65.39,50.99,81.04,26.31,55.17,7.21,4.47,29.12,70.23,64.56,67.23,26.08,14.14,51.61,68.26,78.64,25.61,62.1,0.0,24.08,45.61,52.15,10.2,46.04,37.74,72.11,74.97,22.36,52.5,30.59,4.47,74.03,57.69,53.85,35.44,32.31,61.77,29.12,49.4,52.35,26.83,68.0,36.72,38.63,38.47,73.38,62.97,30.59,81.02,43.1,72.2,61.4,47.27,26.02,54.33,23.85,43.42,29.41,38.08,21.63,47.38
34,36.77,11.66,14.42,36.72,26.0,60.83,7.21,61.61,34.0,58.14,39.29,32.0,36.06,12.81,36.77,44.72,50.0,73.78,14.42,31.11,26.08,23.32,28.64,50.36,58.41,44.94,22.36,16.12,27.78,57.27,68.03,38.0,44.05,24.08,0.0,55.32,29.73,16.12,34.0,16.12,60.17,58.31,20.4,60.73,25.06,19.8,61.35,59.36,50.99,33.29,12.65,38.63,28.64,28.07,43.27,42.19,55.03,36.77,34.99,40.25,67.2,39.05,49.03,77.23,28.18,48.88,61.4,38.6,18.79,39.85,6.4,44.78,12.21,22.85,4.0,33.24
35,31.3,66.48,66.48,41.18,37.2,16.0,60.53,6.32,36.88,16.49,69.08,86.83,54.04,67.05,60.96,69.77,22.8,51.92,66.48,76.66,52.5,41.62,28.0,71.02,38.47,76.16,34.06,40.5,78.03,50.0,56.36,20.0,61.06,45.61,55.32,0.0,65.97,52.84,42.05,56.14,54.41,66.48,66.24,7.21,74.24,47.71,57.2,20.4,27.2,26.68,67.91,90.02,28.0,82.61,38.42,20.0,53.81,82.1,83.35,18.97,44.27,81.02,22.8,46.1,82.86,84.5,25.5,36.36,68.45,49.4,49.65,18.03,66.76,45.89,56.32,46.1
36,36.06,34.0,40.05,28.28,50.99,64.0,24.33,71.39,59.46,75.15,10.0,35.61,65.3,36.0,66.48,16.12,50.04,60.46,40.05,13.42,55.46,50.0,39.4,22.36,49.4,15.23,34.99,39.7,19.8,41.62,50.99,55.57,20.0,52.15,29.73,65.97,0.0,45.69,26.08,14.42,42.52,34.0,48.37,68.73,50.04,48.37,42.43,60.13,48.37,39.29,32.06,29.53,39.4,31.62,34.93,61.06,36.88,62.13,58.55,47.07,56.36,15.13,69.34,67.98,43.66,20.52,59.68,33.14,45.04,24.17,28.3,49.37,35.0,20.25,33.53,22.2
37,43.86,19.7,16.12,47.07,16.49,62.29,22.8,59.06,22.09,50.99,55.03,42.38,20.0,18.97,20.88,60.17,54.41,82.46,16.12,46.86,10.0,12.17,31.62,65.51,66.21,60.93,26.83,14.42,42.52,67.91,78.59,33.11,58.31,10.2,16.12,52.84,45.69,0.0,44.72,31.62,71.39,72.03,13.42,59.36,21.54,6.0,72.99,62.29,56.6,37.74,22.36,52.15,31.62,39.4,52.5,35.44,66.75,29.73,30.53,42.52,75.15,55.0,40.2,83.86,33.02,65.0,65.44,47.43,16.28,52.15,18.25,47.51,19.31,35.01,12.81,45.18
38,10.77,44.41,48.37,2.83,40.79,38.05,34.06,46.82,48.08,54.04,27.2,56.6,60.13,46.04,64.03,27.78,24.0,40.0,48.37,38.83,52.04,42.19,20.59,29.73,25.61,34.18,20.4,32.0,43.08,23.41,34.18,37.2,19.8,46.04,34.0,42.05,26.08,44.72,0.0,22.8,26.68,29.73,53.85,43.68,59.06,44.05,28.28,34.06,22.36,16.97,44.05,54.41,20.59,52.15,10.0,42.8,22.09,70.68,68.96,23.32,33.94,41.0,51.22,44.82,59.41,42.72,33.73,7.07,52.77,8.94,28.23,24.35,45.22,11.4,37.58,4.12
39,29.73,23.41,28.64,25.61,36.77,57.27,12.65,62.03,45.25,63.25,23.41,34.0,50.99,25.3,52.5,28.64,44.27,62.29,28.64,20.88,41.23,35.61,28.28,34.23,48.41,29.53,22.8,25.46,22.09,44.41,54.92,43.08,28.28,37.74,16.12,56.14,14.42,31.62,22.8,0.0,46.65,42.76,36.06,60.03,39.29,34.0,47.41,54.41,43.86,30.07,22.36,34.06,28.28,29.53,32.8,48.33,41.18,51.42,48.7,38.05,56.64,26.93,56.36,67.62,37.01,34.71,55.15,29.15,33.54,26.08,13.89,41.44,24.35,12.08,20.1,20.52
40,30.27,69.77,74.32,24.33,66.03,42.52,59.06,56.64,72.44,69.97,36.72,77.79,86.02,71.55,90.35,32.31,31.62,18.97,74.32,55.61,78.41,68.03,44.18,28.64,17.2,40.5,46.04,58.31,62.29,4.47,8.49,58.24,23.32,72.11,60.17,54.41,42.52,71.39,26.68,46.65,0.0,16.12,80.32,52.35,85.09,70.46,2.83,36.88,27.2,38.47,68.96,71.61,44.18,73.59,20.1,63.25,5.66,96.93,94.85,40.5,18.11,53.71,70.94,29.07,83.49,49.04,33.02,25.02,78.92,20.59,54.71,38.01,70.66,37.34,63.91,26.93
41,37.74,65.97,71.39,28.64,70.34,56.6,55.32,69.66,77.79,80.92,25.61,69.34,89.11,67.91,92.35,19.8,44.05,34.23,71.39,45.61,80.4,71.39,50.16,14.42,32.31,27.2,50.0,60.83,53.25,18.97,22.36,66.24,14.56,74.97,58.31,66.48,34.0,72.03,29.73,42.76,16.12,0.0,78.64,65.6,82.0,72.44,14.0,51.11,40.0,45.65,64.56,60.83,50.16,65.51,28.43,71.69,13.42,94.15,91.21,50.0,34.23,41.77,79.92,45.0,77.47,34.89,47.85,31.91,76.3,20.88,54.01,48.84,66.94,37.12,62.29,27.66
42,54.92,15.23,8.94,56.46,29.73,75.29,24.08,72.47,34.23,64.03,58.31,34.41,26.0,13.42,22.8,64.12,66.6,93.06,8.94,45.69,18.11,25.3,43.86,70.03,77.18,63.15,38.42,26.91,39.45,77.25,88.02,46.52,64.28,22.36,20.4,66.24,48.37,13.42,53.85,36.06,80.32,78.64,0.0,72.72,8.25,18.97,81.61,74.97,68.41,49.68,17.89,46.69,43.86,32.56,62.61,48.7,75.29,17.2,17.2,55.17,86.09,54.23,52.95,95.44,22.14,65.46,77.83,57.71,5.0,60.17,25.63,60.11,14.32,43.01,16.49,53.45
43,32.98,72.11,72.5,42.38,44.05,10.77,65.51,4.47,44.05,22.0,70.88,91.78,61.22,72.8,68.12,70.94,21.63,47.54,72.5,80.1,59.46,48.41,32.56,71.55,35.61,77.79,38.83,46.52,82.1,48.08,53.25,26.91,61.74,52.5,60.73,7.21,68.73,59.36,43.68,60.03,52.35,65.6,72.72,0.0,80.62,54.41,55.17,16.12,25.61,30.0,73.38,94.09,32.56,87.48,38.47,27.2,52.5,88.81,89.89,22.0,40.25,83.86,29.73,40.61,88.6,86.4,21.02,37.34,74.71,50.16,54.82,19.42,72.45,49.09,62.03,47.8
44,61.22,16.12,10.77,61.77,37.95,82.8,26.68,80.5,42.43,72.28,60.03,29.73,32.98,14.14,28.64,66.12,73.54,98.79,10.77,45.12,26.0,33.53,50.99,72.25,83.23,64.12,45.25,34.41,37.95,82.29,93.04,54.63,67.47,30.59,25.06,74.24,50.04,21.54,59.06,39.29,85.09,82.0,8.25,80.62,0.0,27.2,86.16,82.22,75.07,56.57,18.0,43.27,50.99,28.84,68.26,56.92,79.85,12.17,10.0,62.48,92.09,53.6,61.19,101.83,15.81,65.31,84.86,63.51,6.4,64.62,31.06,67.36,15.13,47.85,21.63,58.18
45,41.76,25.3,22.09,46.17,10.77,58.0,26.91,53.85,16.12,45.12,57.27,48.08,17.09,24.74,20.0,62.03,51.11,80.32,22.09,50.91,8.0,6.32,28.64,67.05,63.91,63.53,24.74,12.17,47.2,66.75,77.28,27.78,59.23,4.47,19.8,47.71,48.37,6.0,44.05,34.0,70.46,72.44,18.97,54.41,27.2,0.0,72.25,58.41,53.67,34.93,27.86,57.31,28.64,44.94,50.99,29.73,66.12,34.41,35.78,38.83,72.8,58.8,34.23,80.95,39.01,68.24,61.85,45.89,22.2,52.04,20.12,43.83,25.0,35.36,17.2,45.04
46,32.56,70.68,75.39,26.08,68.12,45.34,59.93,59.46,74.67,72.72,36.06,77.9,88.0,72.5,92.2,31.3,34.41,20.4,75.39,55.32,80.22,70.0,46.39,27.2,20.0,39.4,48.0,60.13,62.23,7.21,8.94,60.73,22.8,74.03,61.35,57.2,42.43,72.99,28.28,47.41,2.83,14.0,81.61,55.17,86.16,72.25,0.0,39.7,30.0,40.79,69.77,71.22,46.39,73.76,22.36,65.79,6.32,98.08,95.85,43.08,20.4,53.0,73.54,31.0,84.06,47.76,35.81,27.17,80.06,21.54,56.04,40.71,71.59,38.6,65.15,28.16
47,24.74,71.02,72.8,32.0,49.4,5.66,62.61,20.59,52.0,36.88,60.3,88.02,68.88,72.11,75.18,59.23,10.2,31.62,72.8,72.69,64.9,53.25,31.24,58.82,19.8,66.75,37.2,48.08,76.16,32.8,37.2,34.18,49.48,57.69,59.36,20.4,60.13,62.29,34.06,54.41,36.88,51.11,74.97,16.12,82.22,58.41,39.7,0.0,12.17,26.08,71.69,87.86,31.24,83.57,26.31,36.88,37.74,91.93,92.02,19.8,24.17,75.03,42.05,26.02,87.46,75.66,5.1,27.02,75.93,38.47,53.0,14.87,71.56,42.45,61.61,38.01
48,14.42,62.48,65.05,20.1,46.17,17.09,53.25,29.73,50.64,42.94,48.17,77.82,66.48,63.78,72.11,47.07,4.47,28.07,65.05,61.19,60.93,49.4,25.06,46.82,12.17,54.59,30.0,42.19,65.15,22.8,29.73,34.0,37.36,53.85,50.99,27.2,48.37,56.6,22.36,43.86,27.2,40.0,68.41,25.61,75.07,53.67,30.0,12.17,0.0,18.87,62.8,76.66,25.06,73.35,14.14,38.21,26.91,85.6,85.04,16.12,20.1,63.13,45.12,27.29,78.6,63.51,11.4,15.3,68.68,26.31,44.6,12.04,63.13,31.78,53.74,26.17
49,8.25,44.94,46.86,17.2,28.28,27.86,36.77,32.25,34.06,37.2,42.94,62.64,48.66,46.04,53.85,44.41,16.97,45.61,46.86,50.16,42.38,31.05,6.32,46.69,29.12,50.12,11.31,23.32,52.15,34.23,44.0,20.59,36.77,35.44,33.29,26.68,39.29,37.74,16.97,30.07,38.47,45.65,49.68,30.0,56.57,34.93,40.79,26.08,18.87,0.0,45.65,64.12,6.32,58.24,18.44,26.08,35.44,66.84,66.48,8.0,37.95,54.34,34.41,46.14,61.4,58.18,28.32,13.93,50.21,25.61,26.93,11.7,45.49,19.24,35.61,20.62
50,48.41,2.83,8.94,46.86,36.5,73.35,10.0,74.22,43.68,70.0,42.05,20.4,41.23,4.47,39.7,48.17,62.13,84.02,8.94,27.86,31.62,32.98,41.23,54.33,69.31,46.17,34.93,28.07,21.63,66.57,77.18,50.16,50.0,32.31,12.65,67.91,32.06,22.36,44.05,22.36,68.96,64.56,17.89,73.38,18.0,27.86,69.77,71.69,62.8,45.65,0.0,30.0,41.23,17.09,53.81,54.0,63.53,30.07,26.68,52.8,77.9,36.4,60.3,88.39,15.81,47.8,73.5,49.5,13.6,48.37,18.79,57.25,3.61,32.65,12.0,42.44
51,63.15,32.8,38.21,56.92,64.62,91.08,31.62,96.0,72.5,95.71,35.38,14.56,71.22,34.06,69.31,41.04,77.67,89.89,38.21,16.12,61.61,61.74,62.03,46.86,78.79,34.41,56.14,54.41,12.0,71.02,80.0,75.31,48.41,61.77,38.63,90.02,29.53,52.15,54.41,34.06,71.61,60.83,46.69,94.09,43.27,57.31,71.22,87.86,76.66,64.12,30.0,0.0,62.03,14.42,63.91,80.05,66.03,52.8,47.54,72.11,85.88,19.42,87.36,97.49,29.15,30.08,88.06,61.4,41.77,53.67,42.2,75.43,33.42,45.54,40.25,50.92
52,14.0,40.25,41.62,21.54,22.09,32.25,32.98,34.06,28.28,35.78,44.41,59.23,42.43,41.18,47.54,46.69,22.8,51.92,41.62,49.03,36.06,24.74,0.0,49.68,35.44,51.61,6.32,17.2,50.04,40.05,50.04,16.97,40.0,29.12,28.64,28.0,39.4,31.62,20.59,28.28,44.18,50.16,43.86,32.56,50.99,28.64,46.39,31.24,25.06,6.32,41.23,62.03,0.0,54.92,24.08,22.63,40.79,60.96,60.83,11.66,44.27,54.08,31.11,52.35,56.8,59.17,33.97,19.24,44.69,29.53,22.47,16.4,40.71,19.24,30.53,23.6
53,59.09,19.7,24.41,54.92,53.37,86.02,22.09,88.81,60.73,86.21,40.25,4.47,57.69,20.59,55.32,46.52,73.54,90.69,24.41,20.88,48.37,50.0,54.92,52.8,77.67,41.76,48.66,44.18,12.65,72.14,82.07,66.03,51.61,49.4,28.07,82.61,31.62,39.4,52.15,29.53,73.59,65.51,32.56,87.48,28.84,44.94,73.76,83.57,73.35,58.24,17.09,14.42,54.92,0.0,62.13,70.26,67.94,38.63,33.53,65.97,85.6,28.16,76.94,96.83,15.3,40.11,84.58,58.67,27.59,53.81,33.06,69.92,20.12,41.59,28.64,49.41
54,10.2,54.04,57.69,7.21,46.0,31.05,43.86,42.19,52.35,52.5,34.06,66.57,66.12,55.61,70.71,32.98,17.09,30.53,57.69,48.08,58.86,48.17,24.08,33.11,15.62,40.45,26.31,38.83,52.8,16.0,26.31,38.63,23.41,52.35,43.27,38.42,34.93,52.5,10.0,32.8,20.1,28.43,62.61,38.47,68.26,50.99,22.36,26.31,14.14,18.44,53.81,63.91,24.08,62.13,0.0,43.86,17.09,79.65,78.23,21.63,24.08,49.37,51.88,34.83,69.3,49.37,25.02,5.1,61.91,12.17,37.22,20.52,54.82,21.21,46.65,13.0
55,34.0,52.04,50.64,43.27,18.97,34.18,48.66,25.46,16.97,16.0,66.84,74.11,34.06,52.15,41.04,69.31,34.06,66.03,50.64,69.08,33.29,23.41,22.63,72.25,50.36,74.03,26.08,26.08,68.41,58.82,67.47,5.66,62.48,26.83,42.19,20.0,61.06,35.44,42.8,48.33,63.25,71.69,48.7,27.2,56.92,29.73,65.79,36.88,38.21,26.08,54.0,80.05,22.63,70.26,43.86,0.0,60.93,63.53,65.39,22.8,58.03,75.13,8.49,62.65,67.6,81.27,41.59,39.82,51.66,51.61,37.85,26.17,52.09,41.4,42.0,46.1
56,27.2,64.4,69.08,20.0,62.29,43.27,53.67,56.64,69.05,68.82,31.3,72.14,82.02,66.21,86.09,27.2,31.11,24.17,69.08,50.0,74.11,64.03,40.79,24.08,18.97,35.44,42.05,54.04,56.64,6.0,14.14,55.71,17.89,68.0,55.03,53.81,36.88,66.75,22.09,41.18,5.66,13.42,75.29,52.5,79.85,66.12,6.32,37.74,26.91,35.44,63.53,66.03,40.79,67.94,17.09,60.93,0.0,91.76,89.55,38.47,22.09,48.3,68.88,33.54,77.94,44.15,34.44,21.59,73.74,15.23,49.73,36.62,65.31,32.28,58.82,21.84
57,72.11,28.28,22.8,73.35,44.94,92.02,38.83,88.2,47.54,78.0,72.11,38.47,34.23,26.31,28.0,78.23,83.74,110.15,22.8,56.57,30.46,40.5,60.96,84.38,94.34,76.03,55.61,43.86,49.03,94.02,104.79,62.13,79.62,36.72,36.77,82.1,62.13,29.73,70.68,51.42,96.93,94.15,17.2,88.81,12.17,34.41,98.08,91.93,85.6,66.84,30.07,52.8,60.96,38.63,79.65,63.53,91.76,0.0,5.66,72.14,103.25,64.94,66.48,112.65,23.71,76.79,94.92,74.79,18.03,76.55,42.49,77.1,27.29,59.62,33.11,70.01
58,71.22,25.3,20.59,71.69,46.52,92.46,36.06,89.55,50.0,80.32,68.47,33.11,38.0,23.41,32.25,74.67,83.45,108.76,20.59,52.15,32.98,42.05,60.83,80.89,93.23,72.03,55.17,44.05,44.41,92.13,102.86,63.53,76.66,38.63,34.99,83.35,58.55,30.53,68.96,48.7,94.85,91.21,17.2,89.89,10.0,35.78,95.85,92.02,85.04,66.48,26.68,47.54,60.83,33.53,78.23,65.39,89.55,5.66,0.0,72.25,102.08,60.41,68.96,111.83,18.38,72.34,94.75,73.5,16.4,74.32,41.05,77.16,24.35,57.71,31.62,67.98
59,12.81,51.88,53.25,22.8,30.46,20.59,44.27,24.33,34.53,31.11,50.16,70.34,50.6,52.84,56.46,51.11,12.65,44.18,53.25,58.14,45.65,34.0,11.66,52.8,28.0,57.27,17.89,28.28,60.13,36.06,44.72,18.11,42.8,38.47,40.25,18.97,47.07,42.52,23.32,38.05,40.5,50.0,55.17,22.0,62.48,38.83,43.08,19.8,16.12,8.0,52.8,72.11,11.66,65.97,21.63,22.8,38.47,72.14,72.25,0.0,36.22,62.17,30.46,42.72,68.43,65.55,23.02,18.38,56.22,31.24,34.01,5.0,52.35,27.17,42.19,27.29
60,31.3,78.1,81.61,31.11,65.97,29.53,67.94,44.72,70.71,60.73,52.5,90.0,86.35,79.65,91.76,49.03,24.0,8.0,81.61,69.77,80.32,68.96,44.27,46.17,8.94,57.27,48.33,60.93,75.47,16.12,14.42,54.04,39.29,73.38,67.2,44.27,56.36,75.15,33.94,56.64,18.11,34.23,86.09,40.25,92.09,72.8,20.4,24.17,20.1,37.95,77.9,85.88,44.27,85.6,24.08,58.03,22.09,103.25,102.08,36.22,0.0,69.29,64.5,11.7,93.35,66.1,19.24,28.6,85.7,32.25,61.03,32.02,78.87,45.28,70.46,36.24
61,51.16,39.0,45.31,43.05,63.25,79.03,32.2,86.49,71.7,89.69,17.0,30.81,75.0,40.85,74.95,22.02,65.0,72.45,45.31,8.54,65.0,61.55,54.08,27.59,63.06,15.0,49.24,52.01,16.03,53.71,61.91,69.78,30.41,62.97,39.05,81.02,15.13,55.0,41.0,26.93,53.71,41.77,54.23,83.86,53.6,58.8,53.0,75.03,63.13,54.34,36.4,19.42,54.08,28.16,49.37,75.13,48.3,64.94,60.41,62.17,69.29,0.0,83.24,80.99,43.0,12.0,74.33,48.01,49.98,37.85,39.7,64.5,39.92,35.17,42.2,37.01
62,42.19,58.14,56.04,51.61,24.0,38.47,55.79,26.83,18.97,11.66,75.29,80.62,34.41,58.03,41.62,77.79,40.79,72.44,56.04,76.97,36.06,28.07,31.11,80.72,57.27,82.46,34.41,32.98,75.89,66.48,74.73,14.14,70.94,30.59,49.03,22.8,69.34,40.2,51.22,56.36,70.94,79.92,52.95,29.73,61.19,34.23,73.54,42.05,45.12,34.41,60.3,87.36,31.11,76.94,51.88,8.49,68.88,66.48,68.96,30.46,64.5,83.24,0.0,68.07,73.06,89.63,47.01,48.02,56.44,60.0,45.22,33.24,58.08,49.82,48.37,54.56
63,40.61,88.41,91.55,42.01,73.16,30.15,78.52,44.91,76.92,62.39,64.2,101.26,93.3,89.87,99.16,60.64,30.08,11.7,91.55,81.39,88.14,76.56,52.35,57.56,19.21,68.88,57.14,69.46,86.95,27.66,23.35,59.44,50.96,81.02,77.23,46.1,67.98,83.86,44.82,67.62,29.07,45.0,95.44,40.61,101.83,80.95,31.0,26.02,27.29,46.14,88.39,97.49,52.35,96.83,34.83,62.65,33.54,112.65,111.83,42.72,11.7,80.99,68.07,0.0,104.0,77.67,21.1,38.9,95.43,43.83,70.94,37.95,89.14,55.97,80.28,47.43
64,64.2,16.55,17.03,62.24,49.09,89.01,25.5,89.19,55.08,83.49,53.16,14.76,48.1,15.81,44.29,59.48,77.94,99.25,17.03,35.13,40.02,45.01,56.8,65.8,84.86,55.73,50.54,42.45,27.02,81.4,91.84,64.33,63.07,43.1,28.18,82.86,43.66,33.02,59.41,37.01,83.49,77.47,22.14,88.6,15.81,39.01,84.06,87.46,78.6,61.4,15.81,29.15,56.8,15.3,69.3,67.6,77.94,23.71,18.38,68.43,93.35,43.0,73.06,104.0,0.0,55.0,89.31,65.12,17.46,63.01,34.48,72.95,16.16,48.08,26.57,57.49
65,53.45,50.29,56.61,44.15,71.45,80.23,42.49,89.49,79.93,94.89,15.52,42.58,84.91,52.2,85.42,17.12,66.1,68.01,56.61,20.22,74.95,70.29,59.17,20.62,61.13,9.0,55.22,60.14,28.02,50.01,56.65,75.72,27.07,72.2,48.88,84.5,20.52,65.0,42.72,34.71,49.04,34.89,65.46,86.4,65.31,68.24,47.76,75.66,63.51,58.18,47.8,30.08,59.17,40.11,49.37,81.27,44.15,76.79,72.34,65.55,66.1,12.0,89.63,77.67,55.0,0.0,74.17,49.24,61.4,37.22,48.41,67.05,51.24,39.96,52.35,38.6
66,25.5,73.01,75.17,31.4,53.24,10.3,64.14,25.5,56.3,41.98,59.01,89.05,73.01,74.2,79.16,57.43,11.4,26.57,75.17,72.57,68.6,56.94,33.97,56.52,15.81,65.19,39.62,51.09,76.54,29.15,32.65,38.6,47.52,61.4,61.4,25.5,59.68,65.44,33.73,55.15,33.02,47.85,77.83,21.02,84.86,61.85,35.81,5.1,11.4,28.32,73.5,88.06,33.97,84.58,25.02,41.59,34.44,94.92,94.75,23.02,19.24,74.33,47.01,21.1,89.31,74.17,0.0,26.68,78.52,37.01,55.0,18.03,73.6,43.08,63.89,37.48
67,5.83,49.58,53.01,5.1,41.01,31.14,39.62,40.72,47.52,49.5,33.73,63.13,61.07,51.09,65.62,33.62,17.03,35.36,53.01,45.89,53.76,43.1,19.24,34.67,19.85,40.52,21.21,33.73,49.98,21.02,31.4,34.44,24.7,47.27,38.6,36.36,33.14,47.43,7.07,29.15,25.02,31.91,57.71,37.34,63.51,45.89,27.17,27.02,15.3,13.93,49.5,61.4,19.24,58.67,5.1,39.82,21.59,74.79,73.5,18.38,28.6,48.01,48.02,38.9,65.12,49.24,26.68,0.0,57.14,13.04,32.45,18.36,50.33,17.2,41.88,11.0
68,54.82,11.18,5.0,55.47,32.76,76.61,21.1,74.73,38.01,67.27,55.04,29.41,30.87,9.22,27.8,61.0,67.18,92.44,5.0,41.44,22.56,28.44,44.69,67.03,76.84,59.54,38.9,28.3,34.89,76.06,86.82,49.04,61.81,26.02,18.79,68.45,45.04,16.28,52.77,33.54,78.92,76.3,5.0,74.71,6.4,22.2,80.06,75.93,68.68,50.21,13.6,41.77,44.69,27.59,61.91,51.66,73.74,18.03,16.4,56.22,85.7,49.98,56.44,95.43,17.46,61.4,78.52,57.14,0.0,58.52,24.7,61.07,10.2,41.63,15.26,52.0
69,18.44,49.19,53.85,8.49,49.48,43.17,38.47,53.67,56.92,62.29,22.0,58.14,68.47,50.99,72.03,20.88,29.12,36.88,53.85,37.58,60.03,50.64,29.53,21.63,25.3,28.28,29.12,40.2,43.27,18.44,28.84,46.04,11.66,54.33,39.85,49.4,24.17,52.15,8.94,26.08,20.59,20.88,60.17,50.16,64.62,52.04,21.54,38.47,26.31,25.61,48.37,53.67,29.53,53.81,12.17,51.61,15.23,76.55,74.32,31.24,32.25,37.85,60.0,43.83,63.01,37.22,37.01,13.04,58.52,0.0,34.71,31.38,50.09,17.26,43.68,7.0
70,30.41,18.03,20.62,30.87,23.6,54.56,11.0,55.9,32.02,53.6,37.16,37.22,37.16,19.21,39.05,42.06,43.6,67.74,20.62,32.45,27.51,21.93,22.47,47.3,52.2,43.42,16.16,12.53,30.68,51.62,62.39,33.24,40.11,23.85,6.4,49.65,28.3,18.25,28.23,13.89,54.71,54.01,25.63,54.82,31.06,20.12,56.04,53.0,44.6,26.93,18.79,42.2,22.47,33.06,37.22,37.85,49.73,42.49,41.05,34.01,61.03,39.7,45.22,70.94,34.48,48.41,55.0,32.45,24.7,34.71,0.0,38.47,18.6,17.46,9.43,27.89
71,13.6,56.44,58.01,23.26,35.34,16.16,48.47,22.47,39.05,32.2,51.55,74.33,55.36,57.45,61.33,51.89,8.06,40.01,58.01,61.0,50.61,38.95,16.4,53.0,24.19,58.52,22.47,33.24,63.51,33.54,41.48,22.02,43.05,43.42,44.78,18.03,49.37,47.51,24.35,41.44,38.01,48.84,60.11,19.42,67.36,43.83,40.71,14.87,12.04,11.7,57.25,75.43,16.4,69.92,20.52,26.17,36.62,77.1,77.16,5.0,32.02,64.5,33.24,37.95,72.95,67.05,18.03,18.36,61.07,31.38,38.47,0.0,56.94,30.02,46.87,28.46
72,48.84,1.0,5.39,48.01,34.13,72.95,11.7,73.08,41.0,68.07,45.0,23.09,37.8,1.0,36.12,51.04,62.2,85.21,5.39,31.38,28.3,30.41,40.71,57.14,70.18,49.37,34.48,26.48,25.24,68.1,78.77,48.51,52.39,29.41,12.21,66.76,35.0,19.31,45.22,24.35,70.66,66.94,14.32,72.45,15.13,25.0,71.59,71.56,63.13,45.49,3.61,33.42,40.71,20.12,54.82,52.09,65.31,27.29,24.35,52.35,78.87,39.92,58.08,89.14,16.16,51.24,73.6,50.33,10.2,50.09,18.6,56.94,0.0,33.84,10.44,43.91
73,17.72,33.02,37.12,14.21,34.44,45.54,22.67,51.48,42.54,55.01,25.5,46.07,52.17,34.67,55.23,28.6,32.28,51.4,37.12,31.02,43.29,34.79,19.24,32.65,36.8,32.65,15.56,24.04,33.73,34.44,45.19,35.81,24.04,38.08,22.85,45.89,20.25,35.01,11.4,12.08,37.34,37.12,43.01,49.09,47.85,35.36,38.6,42.45,31.78,19.24,32.65,45.54,19.24,41.59,21.21,41.4,32.28,59.62,57.71,27.17,45.28,35.17,49.82,55.97,48.08,39.96,43.08,17.2,41.63,17.26,17.46,30.02,33.84,0.0,26.57,10.44
74,39.7,10.2,11.31,40.25,24.74,62.77,10.0,62.64,32.31,58.0,43.17,32.25,32.8,10.77,33.11,48.66,52.5,77.18,11.31,34.06,22.8,21.54,30.53,54.33,61.61,48.7,24.41,16.12,30.0,60.93,71.69,38.21,48.04,21.63,4.0,56.32,33.53,12.81,37.58,20.1,63.91,62.29,16.49,62.03,21.63,17.2,65.15,61.61,53.74,35.61,12.0,40.25,30.53,28.64,46.65,42.0,58.82,33.11,31.62,42.19,70.46,42.2,48.37,80.28,26.57,52.35,63.89,41.88,15.26,43.68,9.43,46.87,10.44,26.57,0.0,37.0
75,14.87,43.05,47.42,6.08,42.72,42.11,32.45,50.92,50.33,57.8,23.09,53.82,61.52,44.78,65.03,23.85,28.02,41.77,47.42,35.17,53.04,43.74,23.6,26.17,28.3,30.08,22.47,33.24,39.81,24.19,34.89,40.46,16.4,47.38,33.24,46.1,22.2,45.18,4.12,20.52,26.93,27.66,53.45,47.8,58.18,45.04,28.16,38.01,26.17,20.62,42.44,50.92,23.6,49.41,13.0,46.1,21.84,70.01,67.98,27.29,36.24,37.01,54.56,47.43,57.49,38.6,37.48,11.0,52.0,7.0,27.89,28.46,43.91,10.44,37.0,0.0
