set K:= 1	2	3	4	5	6	7	8;
set C_H:= 1	2	3	4	5	6	7	8	9	10	11	12	13	14	15	16	17	18	19	20	21;
set C_S:= 22	23	24	25	26	27	28	29	30	31	32	33	34	35	36	37	38	39	40	41;
set C_F:= 42	43	44	45	46	47	48	49	50	51	52	53	54	55	56	57	58	59	60	61;
set M:= 62	63	64	65	66	67;
set L_B:= 68	69	70	71	72	73	74	75;
set A1:=
(0,*) 1 2 3 4 5 6 7 8 9 10 11 12 13 14 15 16 17 18 19 20 21 42 43 44 45 46 47 48 49 50 51 52 53 54 55 56 57 58 59 60 61 62 63 64 65 66 67 68 69 70 71 72 73 74 75 76
(1,*) 0 2 3 4 5 6 7 8 9 10 11 12 13 14 15 16 17 18 19 20 21 42 43 44 45 46 47 48 49 50 51 52 53 54 55 56 57 58 59 60 61 62 63 64 65 66 67 68 69 70 71 72 73 74 75 76
(2,*) 0 1 3 4 5 6 7 8 9 10 11 12 13 14 15 16 17 18 19 20 21 42 43 44 45 46 47 48 49 50 51 52 53 54 55 56 57 58 59 60 61 62 63 64 65 66 67 68 69 70 71 72 73 74 75 76
(3,*) 0 1 2 4 5 6 7 8 9 10 11 12 13 14 15 16 17 18 19 20 21 42 43 44 45 46 47 48 49 50 51 52 53 54 55 56 57 58 59 60 61 62 63 64 65 66 67 68 69 70 71 72 73 74 75 76
(4,*) 0 1 2 3 5 6 7 8 9 10 11 12 13 14 15 16 17 18 19 20 21 42 43 44 45 46 47 48 49 50 51 52 53 54 55 56 57 58 59 60 61 62 63 64 65 66 67 68 69 70 71 72 73 74 75 76
(5,*) 0 1 2 3 4 6 7 8 9 10 11 12 13 14 15 16 17 18 19 20 21 42 43 44 45 46 47 48 49 50 51 52 53 54 55 56 57 58 59 60 61 62 63 64 65 66 67 68 69 70 71 72 73 74 75 76
(6,*) 0 1 2 3 4 5 7 8 9 10 11 12 13 14 15 16 17 18 19 20 21 42 43 44 45 46 47 48 49 50 51 52 53 54 55 56 57 58 59 60 61 62 63 64 65 66 67 68 69 70 71 72 73 74 75 76
(7,*) 0 1 2 3 4 5 6 8 9 10 11 12 13 14 15 16 17 18 19 20 21 42 43 44 45 46 47 48 49 50 51 52 53 54 55 56 57 58 59 60 61 62 63 64 65 66 67 68 69 70 71 72 73 74 75 76
(8,*) 0 1 2 3 4 5 6 7 9 10 11 12 13 14 15 16 17 18 19 20 21 42 43 44 45 46 47 48 49 50 51 52 53 54 55 56 57 58 59 60 61 62 63 64 65 66 67 68 69 70 71 72 73 74 75 76
(9,*) 0 1 2 3 4 5 6 7 8 10 11 12 13 14 15 16 17 18 19 20 21 42 43 44 45 46 47 48 49 50 51 52 53 54 55 56 57 58 59 60 61 62 63 64 65 66 67 68 69 70 71 72 73 74 75 76
(10,*) 0 1 2 3 4 5 6 7 8 9 11 12 13 14 15 16 17 18 19 20 21 42 43 44 45 46 47 48 49 50 51 52 53 54 55 56 57 58 59 60 61 62 63 64 65 66 67 68 69 70 71 72 73 74 75 76
(11,*) 0 1 2 3 4 5 6 7 8 9 10 12 13 14 15 16 17 18 19 20 21 42 43 44 45 46 47 48 49 50 51 52 53 54 55 56 57 58 59 60 61 62 63 64 65 66 67 68 69 70 71 72 73 74 75 76
(12,*) 0 1 2 3 4 5 6 7 8 9 10 11 13 14 15 16 17 18 19 20 21 42 43 44 45 46 47 48 49 50 51 52 53 54 55 56 57 58 59 60 61 62 63 64 65 66 67 68 69 70 71 72 73 74 75 76
(13,*) 0 1 2 3 4 5 6 7 8 9 10 11 12 14 15 16 17 18 19 20 21 42 43 44 45 46 47 48 49 50 51 52 53 54 55 56 57 58 59 60 61 62 63 64 65 66 67 68 69 70 71 72 73 74 75 76
(14,*) 0 1 2 3 4 5 6 7 8 9 10 11 12 13 15 16 17 18 19 20 21 42 43 44 45 46 47 48 49 50 51 52 53 54 55 56 57 58 59 60 61 62 63 64 65 66 67 68 69 70 71 72 73 74 75 76
(15,*) 0 1 2 3 4 5 6 7 8 9 10 11 12 13 14 16 17 18 19 20 21 42 43 44 45 46 47 48 49 50 51 52 53 54 55 56 57 58 59 60 61 62 63 64 65 66 67 68 69 70 71 72 73 74 75 76
(16,*) 0 1 2 3 4 5 6 7 8 9 10 11 12 13 14 15 17 18 19 20 21 42 43 44 45 46 47 48 49 50 51 52 53 54 55 56 57 58 59 60 61 62 63 64 65 66 67 68 69 70 71 72 73 74 75 76
(17,*) 0 1 2 3 4 5 6 7 8 9 10 11 12 13 14 15 16 18 19 20 21 42 43 44 45 46 47 48 49 50 51 52 53 54 55 56 57 58 59 60 61 62 63 64 65 66 67 68 69 70 71 72 73 74 75 76
(18,*) 0 1 2 3 4 5 6 7 8 9 10 11 12 13 14 15 16 17 19 20 21 42 43 44 45 46 47 48 49 50 51 52 53 54 55 56 57 58 59 60 61 62 63 64 65 66 67 68 69 70 71 72 73 74 75 76
(19,*) 0 1 2 3 4 5 6 7 8 9 10 11 12 13 14 15 16 17 18 20 21 42 43 44 45 46 47 48 49 50 51 52 53 54 55 56 57 58 59 60 61 62 63 64 65 66 67 68 69 70 71 72 73 74 75 76
(20,*) 0 1 2 3 4 5 6 7 8 9 10 11 12 13 14 15 16 17 18 19 21 42 43 44 45 46 47 48 49 50 51 52 53 54 55 56 57 58 59 60 61 62 63 64 65 66 67 68 69 70 71 72 73 74 75 76
(21,*) 0 1 2 3 4 5 6 7 8 9 10 11 12 13 14 15 16 17 18 19 20 42 43 44 45 46 47 48 49 50 51 52 53 54 55 56 57 58 59 60 61 62 63 64 65 66 67 68 69 70 71 72 73 74 75 76
(42,*) 0 1 2 3 4 5 6 7 8 9 10 11 12 13 14 15 16 17 18 19 20 21 43 44 45 46 47 48 49 50 51 52 53 54 55 56 57 58 59 60 61 62 63 64 65 66 67 68 69 70 71 72 73 74 75 76
(43,*) 0 1 2 3 4 5 6 7 8 9 10 11 12 13 14 15 16 17 18 19 20 21 42 44 45 46 47 48 49 50 51 52 53 54 55 56 57 58 59 60 61 62 63 64 65 66 67 68 69 70 71 72 73 74 75 76
(44,*) 0 1 2 3 4 5 6 7 8 9 10 11 12 13 14 15 16 17 18 19 20 21 42 43 45 46 47 48 49 50 51 52 53 54 55 56 57 58 59 60 61 62 63 64 65 66 67 68 69 70 71 72 73 74 75 76
(45,*) 0 1 2 3 4 5 6 7 8 9 10 11 12 13 14 15 16 17 18 19 20 21 42 43 44 46 47 48 49 50 51 52 53 54 55 56 57 58 59 60 61 62 63 64 65 66 67 68 69 70 71 72 73 74 75 76
(46,*) 0 1 2 3 4 5 6 7 8 9 10 11 12 13 14 15 16 17 18 19 20 21 42 43 44 45 47 48 49 50 51 52 53 54 55 56 57 58 59 60 61 62 63 64 65 66 67 68 69 70 71 72 73 74 75 76
(47,*) 0 1 2 3 4 5 6 7 8 9 10 11 12 13 14 15 16 17 18 19 20 21 42 43 44 45 46 48 49 50 51 52 53 54 55 56 57 58 59 60 61 62 63 64 65 66 67 68 69 70 71 72 73 74 75 76
(48,*) 0 1 2 3 4 5 6 7 8 9 10 11 12 13 14 15 16 17 18 19 20 21 42 43 44 45 46 47 49 50 51 52 53 54 55 56 57 58 59 60 61 62 63 64 65 66 67 68 69 70 71 72 73 74 75 76
(49,*) 0 1 2 3 4 5 6 7 8 9 10 11 12 13 14 15 16 17 18 19 20 21 42 43 44 45 46 47 48 50 51 52 53 54 55 56 57 58 59 60 61 62 63 64 65 66 67 68 69 70 71 72 73 74 75 76
(50,*) 0 1 2 3 4 5 6 7 8 9 10 11 12 13 14 15 16 17 18 19 20 21 42 43 44 45 46 47 48 49 51 52 53 54 55 56 57 58 59 60 61 62 63 64 65 66 67 68 69 70 71 72 73 74 75 76
(51,*) 0 1 2 3 4 5 6 7 8 9 10 11 12 13 14 15 16 17 18 19 20 21 42 43 44 45 46 47 48 49 50 52 53 54 55 56 57 58 59 60 61 62 63 64 65 66 67 68 69 70 71 72 73 74 75 76
(52,*) 0 1 2 3 4 5 6 7 8 9 10 11 12 13 14 15 16 17 18 19 20 21 42 43 44 45 46 47 48 49 50 51 53 54 55 56 57 58 59 60 61 62 63 64 65 66 67 68 69 70 71 72 73 74 75 76
(53,*) 0 1 2 3 4 5 6 7 8 9 10 11 12 13 14 15 16 17 18 19 20 21 42 43 44 45 46 47 48 49 50 51 52 54 55 56 57 58 59 60 61 62 63 64 65 66 67 68 69 70 71 72 73 74 75 76
(54,*) 0 1 2 3 4 5 6 7 8 9 10 11 12 13 14 15 16 17 18 19 20 21 42 43 44 45 46 47 48 49 50 51 52 53 55 56 57 58 59 60 61 62 63 64 65 66 67 68 69 70 71 72 73 74 75 76
(55,*) 0 1 2 3 4 5 6 7 8 9 10 11 12 13 14 15 16 17 18 19 20 21 42 43 44 45 46 47 48 49 50 51 52 53 54 56 57 58 59 60 61 62 63 64 65 66 67 68 69 70 71 72 73 74 75 76
(56,*) 0 1 2 3 4 5 6 7 8 9 10 11 12 13 14 15 16 17 18 19 20 21 42 43 44 45 46 47 48 49 50 51 52 53 54 55 57 58 59 60 61 62 63 64 65 66 67 68 69 70 71 72 73 74 75 76
(57,*) 0 1 2 3 4 5 6 7 8 9 10 11 12 13 14 15 16 17 18 19 20 21 42 43 44 45 46 47 48 49 50 51 52 53 54 55 56 58 59 60 61 62 63 64 65 66 67 68 69 70 71 72 73 74 75 76
(58,*) 0 1 2 3 4 5 6 7 8 9 10 11 12 13 14 15 16 17 18 19 20 21 42 43 44 45 46 47 48 49 50 51 52 53 54 55 56 57 59 60 61 62 63 64 65 66 67 68 69 70 71 72 73 74 75 76
(59,*) 0 1 2 3 4 5 6 7 8 9 10 11 12 13 14 15 16 17 18 19 20 21 42 43 44 45 46 47 48 49 50 51 52 53 54 55 56 57 58 60 61 62 63 64 65 66 67 68 69 70 71 72 73 74 75 76
(60,*) 0 1 2 3 4 5 6 7 8 9 10 11 12 13 14 15 16 17 18 19 20 21 42 43 44 45 46 47 48 49 50 51 52 53 54 55 56 57 58 59 61 62 63 64 65 66 67 68 69 70 71 72 73 74 75 76
(61,*) 0 1 2 3 4 5 6 7 8 9 10 11 12 13 14 15 16 17 18 19 20 21 42 43 44 45 46 47 48 49 50 51 52 53 54 55 56 57 58 59 60 62 63 64 65 66 67 68 69 70 71 72 73 74 75 76
(62,*) 0 1 2 3 4 5 6 7 8 9 10 11 12 13 14 15 16 17 18 19 20 21 42 43 44 45 46 47 48 49 50 51 52 53 54 55 56 57 58 59 60 61 63 64 65 66 67 68 69 70 71 72 73 74 75 76
(63,*) 0 1 2 3 4 5 6 7 8 9 10 11 12 13 14 15 16 17 18 19 20 21 42 43 44 45 46 47 48 49 50 51 52 53 54 55 56 57 58 59 60 61 62 64 65 66 67 68 69 70 71 72 73 74 75 76
(64,*) 0 1 2 3 4 5 6 7 8 9 10 11 12 13 14 15 16 17 18 19 20 21 42 43 44 45 46 47 48 49 50 51 52 53 54 55 56 57 58 59 60 61 62 63 65 66 67 68 69 70 71 72 73 74 75 76
(65,*) 0 1 2 3 4 5 6 7 8 9 10 11 12 13 14 15 16 17 18 19 20 21 42 43 44 45 46 47 48 49 50 51 52 53 54 55 56 57 58 59 60 61 62 63 64 66 67 68 69 70 71 72 73 74 75 76
(66,*) 0 1 2 3 4 5 6 7 8 9 10 11 12 13 14 15 16 17 18 19 20 21 42 43 44 45 46 47 48 49 50 51 52 53 54 55 56 57 58 59 60 61 62 63 64 65 67 68 69 70 71 72 73 74 75 76
(67,*) 0 1 2 3 4 5 6 7 8 9 10 11 12 13 14 15 16 17 18 19 20 21 42 43 44 45 46 47 48 49 50 51 52 53 54 55 56 57 58 59 60 61 62 63 64 65 66 68 69 70 71 72 73 74 75 76
(68,*) 0 1 2 3 4 5 6 7 8 9 10 11 12 13 14 15 16 17 18 19 20 21 42 43 44 45 46 47 48 49 50 51 52 53 54 55 56 57 58 59 60 61 62 63 64 65 66 67 69 70 71 72 73 74 75 76
(69,*) 0 1 2 3 4 5 6 7 8 9 10 11 12 13 14 15 16 17 18 19 20 21 42 43 44 45 46 47 48 49 50 51 52 53 54 55 56 57 58 59 60 61 62 63 64 65 66 67 68 70 71 72 73 74 75 76
(70,*) 0 1 2 3 4 5 6 7 8 9 10 11 12 13 14 15 16 17 18 19 20 21 42 43 44 45 46 47 48 49 50 51 52 53 54 55 56 57 58 59 60 61 62 63 64 65 66 67 68 69 71 72 73 74 75 76
(71,*) 0 1 2 3 4 5 6 7 8 9 10 11 12 13 14 15 16 17 18 19 20 21 42 43 44 45 46 47 48 49 50 51 52 53 54 55 56 57 58 59 60 61 62 63 64 65 66 67 68 69 70 72 73 74 75 76
(72,*) 0 1 2 3 4 5 6 7 8 9 10 11 12 13 14 15 16 17 18 19 20 21 42 43 44 45 46 47 48 49 50 51 52 53 54 55 56 57 58 59 60 61 62 63 64 65 66 67 68 69 70 71 73 74 75 76
(73,*) 0 1 2 3 4 5 6 7 8 9 10 11 12 13 14 15 16 17 18 19 20 21 42 43 44 45 46 47 48 49 50 51 52 53 54 55 56 57 58 59 60 61 62 63 64 65 66 67 68 69 70 71 72 74 75 76
(74,*) 0 1 2 3 4 5 6 7 8 9 10 11 12 13 14 15 16 17 18 19 20 21 42 43 44 45 46 47 48 49 50 51 52 53 54 55 56 57 58 59 60 61 62 63 64 65 66 67 68 69 70 71 72 73 75 76
(75,*) 0 1 2 3 4 5 6 7 8 9 10 11 12 13 14 15 16 17 18 19 20 21 42 43 44 45 46 47 48 49 50 51 52 53 54 55 56 57 58 59 60 61 62 63 64 65 66 67 68 69 70 71 72 73 74 76
(76,*) 0 1 2 3 4 5 6 7 8 9 10 11 12 13 14 15 16 17 18 19 20 21 42 43 44 45 46 47 48 49 50 51 52 53 54 55 56 57 58 59 60 61 62 63 64 65 66 67 68 69 70 71 72 73 74 75
;
set A2:=
(62,*) 63
(63,*) 62
(64,*) 65
(65,*) 64
;
param BigM:=99999;
param n:= 8;
param d:=
1	26
2	18
3	11
4	4
5	2
6	22
7	23
8	20
9	1
10	12
11	22
12	11
13	12
14	2
15	9
16	2
17	16
18	9
19	12
20	23
21	16
22	8
23	7
24	9
25	6
26	4
27	3
28	6
29	2
30	14
31	18
32	18
33	3
34	21
35	24
36	16
37	6
38	2
39	2
40	2
41	7
42	16
43	9
44	16
45	7
46	1
47	7
48	2
49	14
50	20
51	19
52	4
53	26
54	23
55	16
56	10
57	24
58	19
59	2
60	26
61	21
;
param Q:=100;
param w:=
[62,*] 63 1.5
[63,*] 62 1.5
[64,*] 65 1.5
[65,*] 64 1.5
;
param V:=
[62,*] 63 88
[63,*] 62 88
[64,*] 65 96
[65,*] 64 96
;
param e:
	62	63	64	65	66	67	68	69	70	71	72	73	74	75:=
22		0		0		0		0		0		0		0		0		0		1		0		0		1		0	
23		0		0		0		0		0		0		0		0		0		1		0		0		0		0	
24		0		1		0		0		0		0		0		0		1		0		0		0		0		0	
25		0		0		0		0		0		0		0		0		0		0		0		0		0		1	
26		0		0		1		0		0		1		0		0		0		0		0		0		0		0	
27		1		0		0		0		0		0		0		0		0		0		0		0		0		0	
28		0		0		0		0		0		0		0		0		0		1		0		0		1		0	
29		0		1		0		0		0		0		0		0		1		0		0		0		0		0	
30		0		0		0		0		0		0		0		0		0		0		1		0		0		1	
31		0		0		0		0		0		0		0		0		0		0		0		0		1		0	
32		0		0		0		0		0		0		0		1		0		0		0		0		0		0	
33		0		0		0		0		1		0		0		0		0		0		0		0		0		0	
34		1		0		0		0		1		0		0		0		0		0		0		0		0		0	
35		0		0		0		0		0		0		0		0		0		0		0		1		0		0	
36		0		0		0		0		0		0		0		0		1		0		0		0		0		0	
37		0		0		0		0		0		0		0		1		0		0		0		0		0		0	
38		0		0		0		0		0		0		0		0		0		0		0		1		0		0	
39		1		0		0		0		1		0		0		0		0		0		0		0		0		0	
40		1		0		0		0		0		0		0		0		0		0		1		0		0		0	
41		0		1		0		0		0		0		0		0		0		0		0		1		0		0	
42		1		0		0		0		1		0		0		0		0		0		0		0		0		0	
43		0		0		0		0		1		0		1		0		0		1		0		0		1		0	
44		0		0		0		0		0		0		0		0		1		0		0		1		0		0	
45		0		0		0		0		0		0		1		0		0		1		0		0		1		0	
46		0		0		0		0		0		0		0		0		0		0		1		0		0		1	
47		0		1		0		0		0		0		0		0		1		0		0		1		0		0	
48		0		0		0		1		0		0		0		0		0		0		0		0		0		0	
49		0		1		0		0		0		0		0		0		1		0		0		0		0		0	
50		0		0		1		0		0		1		0		0		0		0		0		0		0		0	
51		0		0		0		1		0		0		0		1		0		0		0		0		0		0	
52		0		0		0		0		0		0		0		1		0		0		1		0		0		1	
53		0		1		0		0		0		0		0		0		0		0		0		1		0		0	
54		1		0		0		0		1		0		0		0		0		0		0		0		0		0	
55		0		1		0		0		0		0		0		0		0		0		0		0		0		0	
56		0		0		0		1		0		0		0		1		0		0		1		0		0		0	
57		1		0		0		0		1		0		0		0		0		0		0		0		0		0	
58		0		0		0		0		0		0		1		0		0		1		0		0		1		0	
59		0		0		1		0		0		1		0		0		0		0		0		0		0		0	
60		0		0		1		0		0		1		0		0		0		0		0		0		0		0	
61		0		0		1		0		0		1		0		0		0		0		0		0		0		0	
;
param p:=
1	1
2	1
3	1
4	1
5	1
6	1
7	1
8	1
;
param G:=
62	88
63	80
64	96
65	85
66	70
67	72
68	71
69	99
70	93
71	82
72	95
73	74
74	84
75	82
;
param s:=
0	0
1	10
2	10
3	10
4	10
5	10
6	10
7	10
8	10
9	10
10	10
11	10
12	10
13	10
14	10
15	10
16	10
17	10
18	10
19	10
20	10
21	10
42	10
43	10
44	10
45	10
46	10
47	10
48	10
49	10
50	10
51	10
52	10
53	10
54	10
55	10
56	10
57	10
58	10
59	10
60	10
61	10
62	10
63	10
64	10
65	10
66	10
67	10
68	10
69	10
70	10
71	10
72	10
73	10
74	10
75	10
;
param t:
	0	1	2	3	4	5	6	7	8	9	10	11	12	13	14	15	16	17	18	19	20	21	22	23	24	25	26	27	28	29	30	31	32	33	34	35	36	37	38	39	40	41	42	43	44	45	46	47	48	49	50	51	52	53	54	55	56	57	58	59	60	61	62	63	64	65	66	67	68	69	70	71	72	73	74	75	76:=
0	0.0	66.13	46.75	52.35	9.43	40.31	3.16	37.01	39.12	95.34	102.16	85.44	75.61	102.0	59.03	53.08	56.44	95.52	70.18	94.89	31.02	67.21	94.89	51.48	47.27	29.12	101.98	52.8	66.12	2.0	55.46	91.27	40.52	98.98	64.9	28.44	18.11	25.08	25.0	75.03	52.24	39.2	85.48	73.76	24.08	80.4	38.63	13.89	52.39	43.91	93.98	26.68	37.74	43.28	81.01	50.7	51.97	83.41	83.01	74.09	99.81	72.8	74.63	40.22	97.86	44.72	85.0	77.82	64.0	38.01	25.94	77.03	39.66	27.66	70.03	45.54	0.0
1	66.13	0.0	33.24	66.31	64.88	28.43	62.97	64.54	29.07	30.07	36.24	25.08	49.82	37.54	25.18	67.23	30.59	32.8	24.7	72.12	38.01	70.21	33.53	19.42	90.27	37.16	73.41	14.04	19.42	64.26	12.04	41.73	53.45	32.98	15.26	38.47	76.01	52.0	41.23	8.94	20.59	66.03	22.2	9.49	76.22	23.43	27.51	58.31	48.02	72.95	61.74	56.08	30.15	58.67	18.36	82.15	42.19	28.28	30.41	50.49	70.26	49.37	17.03	68.24	65.74	45.31	21.4	57.56	23.09	46.32	67.94	25.81	29.02	57.98	22.47	20.62	66.13
2	46.75	33.24	0.0	73.17	50.25	31.32	44.05	32.06	14.14	61.81	63.2	42.45	72.95	60.42	46.4	74.17	48.88	52.89	24.6	96.25	34.0	82.98	66.73	34.41	86.02	27.17	99.81	21.4	46.75	45.45	21.95	73.24	20.4	63.13	23.02	30.15	62.43	24.19	28.86	39.81	36.62	66.37	44.41	42.72	65.74	55.95	21.59	46.1	16.4	73.55	88.73	26.57	15.03	63.03	40.2	82.87	11.18	38.48	62.13	72.72	96.83	71.34	32.39	68.47	92.96	12.08	44.28	79.26	48.1	14.04	61.03	56.61	13.15	53.94	51.09	23.32	46.75
3	52.35	66.31	73.17	0.0	43.14	43.19	51.09	83.63	59.08	84.29	97.2	91.39	37.0	101.55	42.72	1.0	36.89	98.41	85.7	47.68	39.32	15.26	77.23	47.43	32.28	46.69	56.32	61.19	51.61	50.99	63.56	63.13	80.96	90.14	76.16	43.74	42.94	66.31	46.57	73.36	45.88	13.89	88.1	67.74	36.77	63.66	52.0	39.2	87.3	14.0	52.24	70.68	58.14	10.44	84.58	19.24	83.6	93.92	61.07	34.79	55.08	34.18	82.54	13.93	55.04	79.62	87.21	34.23	47.2	74.46	28.3	57.28	60.07	25.0	52.5	53.46	52.35
4	9.43	64.88	50.25	43.14	0.0	37.34	9.22	45.4	40.31	93.05	101.12	86.05	68.41	101.79	54.33	43.84	51.01	95.8	72.25	86.76	27.51	58.14	91.44	48.38	39.0	28.02	94.15	52.43	62.17	8.54	55.22	86.01	47.38	97.17	65.86	26.42	12.21	31.4	24.21	73.82	48.76	29.83	85.45	71.69	16.28	76.69	38.01	7.07	58.24	34.48	86.68	34.01	38.9	34.41	81.02	41.44	57.01	84.86	78.52	66.76	92.11	65.52	75.29	30.81	90.44	50.29	84.88	70.01	59.54	43.68	16.55	72.69	41.04	18.87	65.76	44.42	9.43
5	40.31	28.43	31.32	43.19	37.34	0.0	37.22	52.01	17.46	55.71	64.35	52.01	43.84	65.95	20.25	44.18	20.0	60.83	43.01	66.71	9.85	51.79	54.59	11.18	62.68	12.37	71.45	18.79	26.02	38.33	21.47	52.39	44.69	59.93	34.01	12.0	47.89	34.99	16.12	37.2	12.0	39.4	50.21	34.44	47.8	40.11	9.85	30.46	47.01	46.62	61.22	39.96	17.0	33.73	46.01	56.08	42.38	52.84	43.19	43.19	68.68	41.77	41.88	41.63	65.44	40.31	49.5	49.2	24.52	37.01	39.6	37.12	18.38	29.83	30.15	10.44	40.31
6	3.16	62.97	44.05	51.09	9.22	37.22	0.0	36.22	36.06	92.18	99.01	82.38	73.16	98.88	56.08	51.86	53.6	92.44	67.27	92.78	28.0	65.76	91.79	48.37	48.04	25.96	99.73	49.66	63.07	1.41	52.33	88.36	38.83	95.82	61.85	25.32	19.65	23.09	21.84	71.87	49.16	38.28	82.37	70.6	25.02	77.32	35.47	12.04	50.33	43.38	91.55	25.18	34.67	41.73	77.9	50.6	49.65	80.43	80.0	71.69	97.51	70.38	71.56	39.45	95.46	42.54	81.88	75.59	61.01	35.85	25.63	74.01	36.62	26.17	67.01	42.38	3.16
7	37.01	64.54	32.06	83.63	45.4	52.01	36.22	0.0	37.58	93.77	95.05	73.55	95.67	91.66	71.56	84.53	72.01	83.86	54.74	118.09	48.17	96.9	97.98	60.03	84.21	41.01	123.33	51.24	74.69	37.12	52.63	101.98	12.17	95.19	55.01	43.19	55.01	17.8	39.05	71.7	61.91	72.45	76.11	73.98	61.07	86.03	43.57	45.88	24.6	78.45	113.23	13.04	37.12	73.36	72.03	86.35	28.16	68.45	91.39	94.85	120.62	93.43	64.07	74.0	117.44	21.21	76.06	100.41	74.79	18.25	61.39	85.49	37.16	59.24	79.16	49.19	37.01
8	39.12	29.07	14.14	59.08	40.31	17.46	36.06	37.58	0.0	59.14	63.89	46.32	60.44	63.07	34.71	60.07	36.24	56.44	32.02	83.6	20.1	68.88	61.52	22.8	73.54	13.93	87.78	15.03	37.12	37.44	17.26	64.4	28.43	61.81	25.81	16.76	52.4	23.09	16.64	37.48	24.84	52.77	46.52	38.01	54.64	48.76	7.62	35.0	29.55	60.02	77.08	27.46	1.41	49.0	42.05	69.43	25.0	44.6	53.85	60.0	84.9	58.6	35.51	54.92	81.32	23.02	46.1	66.29	37.44	20.62	48.75	47.93	1.0	40.8	41.59	11.66	39.12
9	95.34	30.07	61.81	84.29	93.05	55.71	92.18	93.77	59.14	0.0	15.13	29.0	55.15	23.09	42.64	85.04	48.17	26.0	44.29	71.57	65.55	83.01	12.17	44.78	112.93	66.22	69.0	44.1	33.42	93.41	42.01	32.02	82.2	6.32	39.56	67.05	103.37	82.02	70.34	22.09	44.72	88.09	23.35	21.59	102.47	20.81	57.07	86.16	74.63	94.18	58.14	86.01	60.21	79.31	25.24	102.53	68.96	36.77	25.63	56.86	66.01	56.36	32.65	90.14	61.01	73.55	22.67	62.97	37.54	75.54	93.3	27.46	59.08	83.01	31.83	50.01	95.34
10	102.16	36.24	63.2	97.2	101.12	64.35	99.01	95.05	63.89	15.13	0.0	22.8	69.89	8.94	54.67	98.01	60.44	15.0	41.44	86.7	74.09	97.06	27.0	54.2	124.46	73.35	84.02	49.4	45.61	100.32	46.82	47.1	83.01	9.0	40.2	74.71	112.16	85.7	77.39	27.29	54.67	99.7	19.03	30.48	112.07	34.93	63.56	94.51	73.44	106.15	73.25	89.11	65.15	91.35	23.02	114.87	68.18	30.08	40.52	71.51	81.06	70.94	31.0	101.83	76.06	74.0	19.0	77.79	50.0	77.23	103.41	41.63	63.6	93.24	44.94	56.8	102.16
11	85.44	25.08	42.45	91.39	86.05	52.01	82.38	73.55	46.32	29.0	22.8	0.0	72.01	18.11	49.73	92.31	55.36	10.44	19.0	92.66	60.88	94.83	39.66	44.29	114.62	58.14	92.2	33.94	42.43	83.76	31.11	56.3	61.4	26.63	20.59	60.14	97.84	66.13	61.85	19.1	45.62	90.74	5.83	26.02	98.99	38.83	48.17	80.06	51.04	97.75	80.6	68.96	47.71	83.65	7.07	107.04	46.01	7.81	46.32	73.06	89.05	72.11	10.82	92.96	84.17	52.35	6.71	80.02	46.69	56.29	91.44	44.28	45.79	81.84	44.05	42.45	85.44
12	75.61	49.82	72.95	37.0	68.41	43.84	73.16	95.67	60.44	55.15	69.89	72.01	0.0	76.4	26.83	37.34	24.21	75.8	74.22	23.32	48.26	29.73	45.28	38.59	69.26	54.82	27.66	53.23	30.41	73.74	54.23	27.59	88.46	61.47	64.29	53.01	73.44	78.24	57.43	53.01	36.36	47.27	67.12	46.0	69.03	35.17	53.15	61.98	89.31	50.45	18.38	83.24	60.31	38.05	65.0	56.08	84.06	77.16	29.55	2.24	25.0	3.0	66.48	48.51	22.36	83.41	66.12	8.06	26.93	80.72	59.08	28.64	61.22	50.64	28.02	49.65	75.61
13	102.0	37.54	60.42	101.55	101.79	65.95	98.88	91.66	63.07	23.09	8.94	18.11	76.4	0.0	58.83	102.4	64.66	8.06	37.05	94.26	75.43	102.55	35.23	56.59	127.48	73.78	92.02	49.4	50.12	100.24	46.65	55.01	79.51	17.46	37.95	75.45	113.23	83.82	77.7	29.0	57.38	102.94	16.55	33.84	113.7	41.23	63.81	95.44	69.0	109.64	81.02	86.83	64.4	95.0	21.02	118.6	64.07	24.19	47.52	77.88	89.01	77.2	28.16	105.12	84.01	70.46	17.0	84.4	54.59	74.33	105.48	47.8	62.65	95.48	50.16	57.43	102.0
14	59.03	25.18	46.4	42.72	54.33	20.25	56.08	71.56	34.71	42.64	54.67	49.73	26.83	58.83	0.0	43.57	5.83	55.95	48.37	50.12	28.16	45.12	38.08	12.04	70.29	32.57	53.41	26.4	9.22	57.04	27.51	32.39	63.13	48.1	38.33	31.78	63.06	55.01	36.14	31.02	9.9	45.45	45.88	25.06	61.1	23.26	28.02	47.27	62.8	51.62	42.45	59.94	34.83	36.77	42.72	60.21	57.43	53.46	24.19	26.93	50.45	25.63	42.19	47.51	46.69	57.31	44.94	33.84	5.39	55.32	51.48	18.44	35.38	41.23	11.7	23.35	59.03
15	53.08	67.23	74.17	1.0	43.84	44.18	51.86	84.53	60.07	85.04	98.01	92.31	37.34	102.4	43.57	0.0	37.74	99.3	86.68	47.52	40.31	14.76	77.9	48.38	32.02	47.68	56.22	62.17	52.43	51.74	64.54	63.63	81.91	90.91	77.13	44.72	43.42	67.23	47.54	74.24	46.82	14.42	89.0	68.6	37.16	64.38	53.0	40.0	88.28	14.04	52.35	71.59	59.14	11.4	85.49	18.79	84.59	94.87	61.72	35.11	55.04	34.54	83.49	14.32	55.08	80.6	88.1	34.37	48.01	75.43	28.84	57.98	61.07	25.81	53.26	54.45	53.08
16	56.44	30.59	48.88	36.89	51.01	20.0	53.6	72.01	36.24	48.17	60.44	55.36	24.21	64.66	5.83	37.74	0.0	61.74	53.08	47.43	26.25	39.62	42.94	14.87	64.82	31.76	51.62	30.08	14.87	54.45	31.58	35.0	64.35	53.74	43.05	30.46	59.03	54.92	34.93	36.77	12.65	40.0	51.62	30.89	56.61	28.3	29.0	44.0	65.19	46.01	41.23	59.91	36.12	31.14	48.38	54.49	60.03	58.86	28.16	23.85	48.8	22.47	47.52	42.01	45.45	59.2	50.7	30.41	10.63	56.59	46.82	22.85	37.01	36.69	16.64	25.55	56.44
17	95.52	32.8	52.89	98.41	95.8	60.83	92.44	83.86	56.44	26.0	15.0	10.44	75.8	8.06	55.95	99.3	61.74	0.0	29.15	95.01	70.04	100.57	37.95	52.2	123.07	67.8	93.54	43.42	47.76	93.81	40.61	56.72	71.7	21.63	30.87	69.66	107.45	76.55	71.61	25.06	53.25	98.81	10.63	31.02	108.3	41.05	57.8	89.64	61.01	105.68	82.22	79.4	57.8	91.27	14.87	114.83	56.14	16.12	48.01	77.1	90.45	76.3	21.02	101.02	85.48	62.65	11.4	83.86	52.2	66.71	100.42	47.27	55.95	90.61	48.51	51.74	95.52
18	70.18	24.7	24.6	85.7	72.25	43.01	67.27	54.74	32.02	44.29	41.44	19.0	74.22	37.05	48.37	86.68	53.08	29.15	0.0	96.77	50.09	92.09	52.63	39.05	104.66	45.49	98.09	24.52	43.97	68.68	22.2	65.22	42.58	43.66	10.05	48.02	84.39	48.76	48.6	25.5	41.01	82.28	22.56	31.62	86.61	46.62	36.24	67.01	32.06	89.54	86.41	51.08	33.42	76.66	19.31	99.02	27.02	13.93	54.08	74.73	94.94	73.55	11.66	84.5	90.38	33.54	22.8	81.79	47.3	37.95	80.26	50.12	31.24	71.55	47.17	32.57	70.18
19	94.89	72.12	96.25	47.68	86.76	66.71	92.78	118.09	83.6	71.57	86.7	92.66	23.32	94.26	50.12	47.52	47.43	95.01	96.77	0.0	70.09	34.0	60.02	61.91	78.01	77.08	9.22	76.48	52.81	93.15	77.39	39.81	111.4	77.78	86.98	75.01	89.49	100.45	79.31	74.15	59.68	60.88	87.37	67.08	83.93	54.08	76.22	81.01	112.61	61.52	13.93	105.42	83.41	53.14	85.84	64.01	107.38	98.48	47.0	23.6	9.43	25.0	88.29	61.39	12.81	106.61	86.37	17.69	49.77	103.71	74.63	48.37	84.4	68.03	49.73	72.95	94.89
20	31.02	38.01	34.0	39.32	27.51	9.85	28.0	48.17	20.1	65.55	74.09	60.88	48.26	75.43	28.16	40.31	26.25	70.04	50.09	70.09	0.0	50.33	64.13	20.88	54.59	7.62	75.8	27.02	35.13	29.02	29.83	60.53	42.94	69.78	41.88	5.0	38.08	30.41	9.22	46.87	21.38	32.76	59.46	44.28	38.29	49.5	13.93	20.62	48.05	40.02	66.37	35.36	19.03	29.07	55.17	49.48	44.28	61.03	52.0	47.2	73.24	45.8	50.45	34.93	70.49	40.52	58.8	52.4	33.02	35.85	30.61	46.01	21.1	21.47	39.01	18.44	31.02
21	67.21	70.21	82.98	15.26	58.14	51.79	65.76	96.9	68.88	83.01	97.06	94.83	29.73	102.55	45.12	14.76	39.62	100.57	92.09	34.0	50.33	0.0	74.2	53.04	44.01	57.94	43.05	68.01	52.81	65.76	70.01	57.31	93.11	89.19	82.15	55.15	58.18	79.26	58.6	75.96	51.09	29.15	90.8	69.57	51.89	62.27	61.39	53.76	98.08	28.16	41.11	83.86	68.15	24.08	87.8	30.02	93.86	98.48	58.01	27.59	42.3	27.59	87.13	29.07	43.17	90.76	89.84	24.19	48.38	86.16	43.57	55.57	69.86	39.6	52.39	61.29	67.21
22	94.89	33.53	66.73	77.23	91.44	54.59	91.79	97.98	61.52	12.17	27.0	39.66	45.28	35.23	38.08	77.9	42.94	37.95	52.63	60.02	64.13	74.2	0.0	43.42	107.34	66.19	57.04	46.87	29.41	92.91	45.35	20.22	86.98	18.0	46.14	66.48	100.88	84.59	70.26	27.78	42.76	82.68	33.84	24.04	99.16	14.87	58.01	84.4	80.96	88.23	46.39	88.96	62.39	73.5	34.71	96.05	75.15	47.2	16.28	47.17	54.08	46.87	41.11	84.6	49.09	78.77	33.02	52.77	32.7	79.81	89.55	20.25	61.66	79.31	26.4	51.04	94.89
23	51.48	19.42	34.41	47.43	48.38	11.18	48.37	60.03	22.8	44.78	54.2	44.29	38.59	56.59	12.04	48.38	14.87	52.2	39.05	61.91	20.88	53.04	43.42	0.0	70.94	23.02	65.44	15.3	15.3	49.5	17.03	42.38	51.22	49.24	29.15	23.09	58.6	44.01	27.0	27.59	2.24	46.62	41.62	23.85	57.98	29.02	16.55	41.44	50.8	53.54	54.49	48.85	23.02	39.36	37.74	62.77	45.49	46.49	32.56	38.47	62.48	37.12	35.11	48.83	58.73	45.28	40.8	45.19	14.76	43.42	49.2	26.48	23.43	39.05	19.65	11.31	51.48
24	47.27	90.27	86.02	32.28	39.0	62.68	48.04	84.21	73.54	112.93	124.46	114.62	69.26	127.48	70.29	32.02	64.82	123.07	104.66	78.01	54.59	44.01	107.34	70.94	0.0	59.62	87.05	81.3	79.51	47.1	84.06	94.85	86.21	118.34	96.38	56.86	29.83	70.18	57.25	98.49	70.09	24.84	112.45	94.05	23.19	93.01	68.43	40.61	96.34	19.24	84.17	73.01	72.24	33.84	108.41	14.0	94.37	115.43	91.59	67.05	86.21	66.41	104.56	22.8	86.7	88.28	111.66	66.29	75.43	81.88	25.0	87.09	74.46	33.12	81.4	72.72	47.27
25	29.12	37.16	27.17	46.69	28.02	12.37	25.96	41.01	13.93	66.22	73.35	58.14	54.82	73.78	32.57	47.68	31.76	67.8	45.49	77.08	7.62	57.94	66.19	23.02	59.62	0.0	82.46	24.41	38.21	27.2	27.2	64.76	35.36	69.89	38.21	3.0	39.7	23.43	4.12	46.1	24.19	39.2	57.43	44.64	41.23	52.0	10.0	21.93	40.61	46.39	72.67	28.43	12.65	36.35	53.01	55.73	37.05	57.38	55.44	53.91	79.81	52.5	47.42	41.3	76.84	32.98	56.86	59.4	36.88	28.23	34.89	49.37	14.87	26.93	42.43	16.55	29.12
26	101.98	73.41	99.81	56.32	94.15	71.45	99.73	123.33	87.78	69.0	84.02	92.2	27.66	92.02	53.41	56.22	51.62	93.54	98.09	9.22	75.8	43.05	57.04	65.44	87.05	82.46	0.0	79.32	54.59	100.18	79.92	37.01	115.97	75.03	88.57	80.6	97.53	105.89	85.0	74.33	63.25	69.23	86.68	67.36	92.2	53.37	80.62	88.14	116.21	70.26	11.7	110.89	87.73	61.13	85.62	73.06	110.8	98.49	45.89	28.6	3.16	30.0	88.87	69.87	8.06	110.63	85.7	24.17	52.15	108.21	82.71	48.38	88.53	75.61	50.99	76.69	101.98
27	52.8	14.04	21.4	61.19	52.43	18.79	49.66	51.24	15.03	44.1	49.4	33.94	53.23	49.4	26.4	62.17	30.08	43.42	24.52	76.48	27.02	68.01	46.87	15.3	81.3	24.41	79.32	0.0	25.46	50.99	2.83	51.87	40.72	46.87	15.23	26.25	64.03	38.01	28.3	22.56	17.46	58.18	33.02	23.09	65.05	34.93	14.42	46.23	37.48	65.39	68.01	42.19	16.12	52.2	28.6	74.85	31.83	34.13	40.82	53.31	76.28	52.0	23.43	60.42	72.2	33.29	32.45	60.17	27.2	33.24	57.63	35.23	15.0	48.26	29.73	8.6	52.8
28	66.12	19.42	46.75	51.61	62.17	26.02	63.07	74.69	37.12	33.42	45.61	42.43	30.41	50.12	9.22	52.43	14.87	47.76	43.97	52.81	35.13	52.81	29.41	15.3	79.51	38.21	54.59	25.46	0.0	64.12	25.61	27.31	65.19	38.9	34.18	38.01	71.47	59.14	42.11	23.35	14.04	54.67	38.08	16.76	69.86	14.56	31.62	55.11	62.94	60.83	43.05	63.91	37.58	45.97	35.36	69.35	57.28	47.0	17.26	31.14	51.48	30.07	36.12	56.73	47.17	58.41	37.11	38.21	4.47	57.45	60.37	11.18	37.59	50.09	4.47	25.5	66.12
29	2.0	64.26	45.45	50.99	8.54	38.33	1.41	37.12	37.44	93.41	100.32	83.76	73.74	100.24	57.04	51.74	54.45	93.81	68.68	93.15	29.02	65.76	92.91	49.5	47.1	27.2	100.18	50.99	64.12	0.0	53.67	89.27	40.02	97.08	63.25	26.48	18.44	24.35	23.09	73.16	50.25	38.01	83.73	71.84	24.0	78.41	36.77	12.21	51.62	42.94	92.11	26.31	36.06	41.77	79.26	49.98	51.0	81.84	81.01	72.24	97.99	70.94	72.95	39.12	96.01	43.86	83.24	76.03	62.0	37.16	25.08	75.03	38.01	26.17	68.03	43.66	2.0
30	55.46	12.04	21.95	63.56	55.22	21.47	52.33	52.63	17.26	42.01	46.82	31.11	54.23	46.65	27.51	64.54	31.58	40.61	22.2	77.39	29.83	70.01	45.35	17.03	84.06	27.2	79.92	2.83	25.61	53.67	0.0	51.4	41.79	44.55	12.65	29.07	66.84	40.01	31.06	20.22	19.1	60.84	30.23	21.38	67.88	34.0	17.2	49.04	37.64	68.03	68.51	44.05	18.44	54.71	25.81	77.47	31.89	31.38	40.22	54.42	76.85	53.14	20.62	63.07	72.67	34.0	29.68	61.35	27.78	34.48	60.44	34.83	17.12	51.04	29.73	11.4	55.46
31	91.27	41.73	73.24	63.13	86.01	52.39	88.36	101.98	64.4	32.02	47.1	56.3	27.59	55.01	32.39	63.63	35.0	56.72	65.22	39.81	60.53	57.31	20.22	42.38	94.85	64.76	37.01	51.87	27.31	89.27	51.4	0.0	92.28	38.12	56.73	64.13	93.65	86.38	68.45	39.96	40.8	71.17	50.6	33.6	90.61	18.6	58.87	79.0	89.02	75.64	26.17	91.18	64.88	61.68	50.16	82.37	83.24	63.16	11.31	29.73	34.0	29.83	54.71	72.8	29.0	85.15	49.65	34.21	27.89	84.6	80.6	16.64	64.85	70.86	22.85	52.8	91.27
32	40.52	53.45	20.4	80.96	47.38	44.69	38.83	12.17	28.43	82.2	83.01	61.4	88.46	79.51	63.13	81.91	64.35	71.7	42.58	111.4	42.94	93.11	86.98	51.22	86.21	35.36	115.97	40.72	65.19	40.02	41.79	92.28	0.0	83.38	43.1	38.01	58.46	16.03	34.54	60.21	53.26	71.2	64.03	62.94	63.64	75.64	35.36	46.01	13.45	77.78	105.42	13.93	28.32	70.52	60.0	86.37	16.16	56.29	81.41	87.86	113.14	86.45	52.01	72.99	109.66	9.06	64.01	93.86	65.8	7.81	62.01	75.66	27.8	57.87	69.64	40.0	40.52
33	98.98	32.98	63.13	90.14	97.17	59.93	95.82	95.19	61.81	6.32	9.0	26.63	61.47	17.46	48.1	90.91	53.74	21.63	43.66	77.78	69.78	89.19	18.0	49.24	118.34	69.89	75.03	46.87	38.9	97.08	44.55	38.12	83.38	0.0	40.31	70.94	107.78	84.38	74.0	24.33	49.4	93.51	21.47	25.5	107.19	26.93	60.44	90.38	74.95	99.72	64.28	88.14	62.97	84.86	24.35	108.21	69.43	34.41	31.95	63.16	72.06	62.65	32.28	95.59	67.07	74.55	21.02	69.29	43.14	77.06	98.18	33.62	61.66	87.92	37.64	53.45	98.98
34	64.9	15.26	23.02	76.16	65.86	34.01	61.85	55.01	25.81	39.56	40.2	20.59	64.29	37.95	38.33	77.13	43.05	30.87	10.05	86.98	41.88	82.15	46.14	29.15	96.38	38.21	88.57	15.23	34.18	63.25	12.65	56.73	43.1	40.31	0.0	40.46	77.79	45.88	41.73	18.36	31.06	73.41	21.59	23.35	79.4	38.21	28.43	60.11	35.11	80.62	76.92	49.03	27.2	67.36	17.26	90.08	29.41	19.21	45.45	64.76	85.43	63.56	9.85	75.64	80.95	34.23	21.38	71.81	37.36	37.05	72.42	41.05	25.24	63.29	37.58	23.71	64.9
35	28.44	38.47	30.15	43.74	26.42	12.0	25.32	43.19	16.76	67.05	74.71	60.14	53.01	75.45	31.78	44.72	30.46	69.66	48.02	75.01	5.0	55.15	66.48	23.09	56.86	3.0	80.6	26.25	38.01	26.48	29.07	64.13	38.01	70.94	40.46	0.0	37.8	25.46	4.47	47.41	24.0	36.22	59.2	45.54	38.95	52.09	12.04	20.0	43.57	43.42	71.02	30.41	15.52	33.38	54.82	52.77	40.05	59.67	55.15	52.01	78.01	50.61	49.5	38.33	75.17	35.9	58.6	57.31	36.35	31.02	32.25	49.09	17.72	24.04	42.11	18.03	28.44
36	18.11	76.01	62.43	42.94	12.21	47.89	19.65	55.01	52.4	103.37	112.16	97.84	73.44	113.23	63.06	43.42	59.03	107.45	84.39	89.49	38.08	58.18	100.88	58.6	29.83	39.7	97.53	64.03	71.47	18.44	66.84	93.65	58.46	107.78	77.79	37.8	0.0	42.72	36.07	84.91	58.69	29.07	97.01	82.3	7.21	86.02	49.68	17.8	69.89	31.24	91.24	44.72	50.99	36.4	92.62	35.81	68.94	96.88	87.1	71.57	95.8	70.46	87.11	29.15	94.73	62.03	96.4	73.76	68.41	55.36	14.87	81.49	53.15	23.0	74.73	55.8	18.11
37	25.08	52.0	24.19	66.31	31.4	34.99	23.09	17.8	23.09	82.02	85.7	66.13	78.24	83.82	55.01	67.23	54.92	76.55	48.76	100.45	30.41	79.26	84.59	44.01	70.18	23.43	105.89	38.01	59.14	24.35	40.01	86.38	16.03	84.38	45.88	25.46	42.72	0.0	21.26	60.13	45.69	55.79	67.45	61.07	47.68	71.59	27.51	30.07	27.31	62.17	96.02	5.0	22.2	55.95	63.06	70.58	27.2	62.61	76.24	77.34	103.23	75.93	55.66	57.49	100.21	19.72	67.19	82.76	58.69	13.04	46.04	70.21	23.02	42.45	63.57	33.96	25.08
38	25.0	41.23	28.86	46.57	24.21	16.12	21.84	39.05	16.64	70.34	77.39	61.85	57.43	77.7	36.14	47.54	34.93	71.61	48.6	79.31	9.22	58.6	70.26	27.0	57.25	4.12	85.0	28.3	42.11	23.09	31.06	68.45	34.54	74.0	41.73	4.47	36.07	21.26	0.0	50.16	28.07	38.0	61.29	48.76	38.01	56.01	13.89	18.44	41.11	45.04	75.47	26.17	15.26	36.14	56.86	54.23	38.05	60.83	59.3	56.4	82.42	55.0	51.09	40.01	79.61	33.24	60.75	61.62	40.61	27.89	32.31	53.24	17.49	25.18	46.27	20.62	25.0
39	75.03	8.94	39.81	73.36	73.82	37.2	71.87	71.7	37.48	22.09	27.29	19.1	53.01	29.0	31.02	74.24	36.77	25.06	25.5	74.15	46.87	75.96	27.78	27.59	98.49	46.1	74.33	22.56	23.35	73.16	20.22	39.96	60.21	24.33	18.36	47.41	84.91	60.13	50.16	0.0	28.43	74.03	14.87	7.07	85.0	21.47	36.4	67.23	53.31	80.8	62.64	64.01	38.64	66.29	12.04	89.87	47.54	24.33	29.07	54.01	71.17	53.04	14.76	76.22	66.41	51.66	13.93	61.0	27.66	53.46	76.58	25.96	37.34	66.53	25.0	29.55	75.03
40	52.24	20.59	36.62	45.88	48.76	12.0	49.16	61.91	24.84	44.72	54.67	45.62	36.36	57.38	9.9	46.82	12.65	53.25	41.01	59.68	21.38	51.09	42.76	2.24	70.09	24.19	63.25	17.46	14.04	50.25	19.1	40.8	53.26	49.4	31.06	24.0	58.69	45.69	28.07	28.43	0.0	45.61	42.72	24.21	57.8	28.16	18.36	41.76	53.01	52.43	52.35	50.57	25.0	38.08	38.95	61.59	47.71	48.08	31.26	36.24	60.31	34.89	36.69	47.8	56.59	47.42	41.88	42.95	13.0	45.45	48.83	25.18	25.5	38.6	18.25	13.45	52.24
41	39.2	66.03	66.37	13.89	29.83	39.4	38.28	72.45	52.77	88.09	99.7	90.74	47.27	102.94	45.45	14.42	40.0	98.81	82.28	60.88	32.76	29.15	82.68	46.62	24.84	39.2	69.23	58.18	54.67	38.01	60.84	71.17	71.2	93.51	73.41	36.22	29.07	55.79	38.0	74.03	45.61	0.0	88.23	69.35	23.09	68.24	46.57	26.83	79.06	7.28	64.03	59.77	51.62	9.49	84.31	16.76	76.03	92.13	67.12	45.18	67.74	44.28	81.01	2.24	67.19	71.11	87.42	46.1	50.61	65.38	14.42	62.43	53.76	13.34	56.61	49.77	39.2
42	85.48	22.2	44.41	88.1	85.45	50.21	82.37	76.11	46.52	23.35	19.03	5.83	67.12	16.55	45.88	89.0	51.62	10.63	22.56	87.37	59.46	90.8	33.84	41.62	112.45	57.43	86.68	33.02	38.08	83.73	30.23	50.6	64.03	21.47	21.59	59.2	97.01	67.45	61.29	14.87	42.72	88.23	0.0	21.38	97.74	33.38	47.43	79.2	54.45	95.13	75.13	70.61	47.85	80.78	4.47	104.31	49.16	13.45	40.79	68.26	83.55	67.36	12.04	90.44	78.64	55.01	1.0	75.17	42.45	58.42	89.81	39.05	46.1	79.98	39.32	41.23	85.48
43	73.76	9.49	42.72	67.74	71.69	34.44	70.6	73.98	38.01	21.59	30.48	26.02	46.0	33.84	25.06	68.6	30.89	31.02	31.62	67.08	44.28	69.57	24.04	23.85	94.05	44.64	67.36	23.09	16.76	71.84	21.38	33.6	62.94	25.5	23.35	45.54	82.3	61.07	48.76	7.07	24.21	69.35	21.38	0.0	81.84	15.0	35.51	64.88	57.31	75.93	55.66	65.28	39.0	61.22	19.0	84.81	51.48	31.4	22.47	47.04	64.2	46.1	21.54	71.51	59.46	54.78	20.4	54.01	21.19	55.79	73.01	18.97	38.05	62.8	18.03	28.44	73.76
44	24.08	76.22	65.74	36.77	16.28	47.8	25.02	61.07	54.64	102.47	112.07	98.99	69.03	113.7	61.1	37.16	56.61	108.3	86.61	83.93	38.29	51.89	99.16	57.98	23.19	41.23	92.2	65.05	69.86	24.0	67.88	90.61	63.64	107.19	79.4	38.95	7.21	47.68	38.01	85.0	57.8	23.09	97.74	81.84	0.0	84.31	50.99	19.72	74.46	24.41	86.47	50.16	53.25	31.26	93.43	28.6	73.05	98.6	84.77	67.07	90.61	66.03	88.41	22.85	89.81	66.48	97.08	68.73	66.48	59.91	10.05	79.38	55.47	19.92	72.8	56.59	24.08
45	80.4	23.43	55.95	63.66	76.69	40.11	77.32	86.03	48.76	20.81	34.93	38.83	35.17	41.23	23.26	64.38	28.3	41.05	46.62	54.08	49.5	62.27	14.87	29.02	93.01	52.0	53.37	34.93	14.56	78.41	34.0	18.6	75.64	26.93	38.21	52.09	86.02	71.59	56.01	21.47	28.16	68.24	33.38	15.0	84.31	0.0	44.41	69.63	71.28	74.03	41.77	76.16	49.48	59.2	32.28	82.13	65.46	45.22	7.62	36.69	50.22	36.06	36.24	70.21	45.35	68.0	32.39	43.17	17.89	68.15	74.73	6.71	49.04	64.47	11.66	37.66	80.4
46	38.63	27.51	21.59	52.0	38.01	9.85	35.47	43.57	7.62	57.07	63.56	48.17	53.15	63.81	28.02	53.0	29.0	57.8	36.24	76.22	13.93	61.39	58.01	16.55	68.43	10.0	80.62	14.42	31.62	36.77	17.2	58.87	35.36	60.44	28.43	12.04	49.68	27.51	13.89	36.4	18.36	46.57	47.43	35.51	50.99	44.41	0.0	31.89	37.16	53.85	70.09	32.31	7.21	42.11	43.01	63.32	32.57	47.63	48.76	52.63	77.78	51.22	37.48	48.76	74.33	30.53	46.87	58.82	31.3	27.59	44.1	42.72	8.54	35.34	36.06	7.07	38.63
47	13.89	58.31	46.1	39.2	7.07	30.46	12.04	45.88	35.0	86.16	94.51	80.06	61.98	95.44	47.27	40.0	44.0	89.64	67.01	81.01	20.62	53.76	84.4	41.44	40.61	21.93	88.14	46.23	55.11	12.21	49.04	79.0	46.01	90.38	60.11	20.0	17.8	30.07	18.44	67.23	41.76	26.83	79.2	64.88	19.72	69.63	31.89	0.0	55.73	32.57	80.32	33.54	33.6	29.7	74.81	40.61	53.85	79.25	71.45	60.41	86.01	59.14	69.35	28.23	84.15	47.68	78.6	63.98	52.47	41.3	16.0	65.62	35.81	14.21	58.69	38.01	13.89
48	52.39	48.02	16.4	87.3	58.24	47.01	50.33	24.6	29.55	74.63	73.44	51.04	89.31	69.0	62.8	88.28	65.19	61.01	32.06	112.61	48.05	98.08	80.96	50.8	96.34	40.61	116.21	37.48	62.94	51.62	37.64	89.02	13.45	74.95	35.11	43.57	69.89	27.31	41.11	53.31	53.01	79.06	54.45	57.31	74.46	71.28	37.16	55.73	0.0	86.01	105.12	26.63	30.08	76.94	50.8	95.02	5.83	45.1	77.8	89.04	113.23	87.66	42.76	81.02	109.34	8.06	54.59	95.52	64.44	14.56	71.57	72.47	28.64	66.0	67.21	39.66	52.39
49	43.91	72.95	73.55	14.0	34.48	46.62	43.38	78.45	60.02	94.18	106.15	97.75	50.45	109.64	51.62	14.04	46.01	105.68	89.54	61.52	40.02	28.16	88.23	53.54	19.24	46.39	70.26	65.39	60.83	42.94	68.03	75.64	77.78	99.72	80.62	43.42	31.24	62.17	45.04	80.8	52.43	7.28	95.13	75.93	24.41	74.03	53.85	32.57	86.01	0.0	66.19	65.97	58.86	14.87	91.27	9.49	83.1	99.28	72.4	48.27	69.07	47.54	88.12	5.1	69.03	78.03	94.3	48.17	56.64	72.17	18.03	68.01	61.0	20.02	62.48	57.01	43.91
50	93.98	61.74	88.73	52.24	86.68	61.22	91.55	113.23	77.08	58.14	73.25	80.6	18.38	81.02	42.45	52.35	41.23	82.22	86.41	13.93	66.37	41.11	46.39	54.49	84.17	72.67	11.7	68.01	43.05	92.11	68.51	26.17	105.42	64.28	76.92	71.02	91.24	96.02	75.47	62.64	52.35	64.03	75.13	55.66	86.47	41.77	70.09	80.32	105.12	66.19	0.0	101.02	77.1	55.23	73.98	70.41	99.64	86.83	34.37	19.92	8.54	21.19	77.16	65.0	4.24	99.76	74.15	18.03	40.8	97.62	76.66	36.69	77.78	68.66	39.36	65.8	93.98
51	26.68	56.08	26.57	70.68	34.01	39.96	25.18	13.04	27.46	86.01	89.11	68.96	83.24	86.83	59.94	71.59	59.91	79.4	51.08	105.42	35.36	83.86	88.96	48.85	73.01	28.43	110.89	42.19	63.91	26.31	44.05	91.18	13.93	88.14	49.03	30.41	44.72	5.0	26.17	64.01	50.57	59.77	70.61	65.28	50.16	76.16	32.31	33.54	26.63	65.97	101.02	0.0	26.68	60.37	66.29	74.15	27.59	65.0	80.96	82.33	108.23	80.92	58.69	61.4	105.21	19.8	70.41	87.73	63.56	13.6	49.37	74.95	27.29	46.49	68.35	38.6	26.68
52	37.74	30.15	15.03	58.14	38.9	17.0	34.67	37.12	1.41	60.21	65.15	47.71	60.31	64.4	34.83	59.14	36.12	57.8	33.42	83.41	19.03	68.15	62.39	23.02	72.24	12.65	87.73	16.12	37.58	36.06	18.44	64.88	28.32	62.97	27.2	15.52	50.99	22.2	15.26	38.64	25.0	51.62	47.85	39.0	53.25	49.48	7.21	33.6	30.08	58.86	77.1	26.68	0.0	48.01	43.38	68.25	25.71	46.01	54.42	59.82	84.86	58.41	36.89	53.76	81.34	23.32	47.42	66.03	37.74	20.52	47.42	48.47	2.24	39.56	42.05	12.08	37.74
53	43.28	58.67	63.03	10.44	34.41	33.73	41.73	73.36	49.0	79.31	91.35	83.65	38.05	95.0	36.77	11.4	31.14	91.27	76.66	53.14	29.07	24.08	73.5	39.36	33.84	36.35	61.13	52.2	45.97	41.77	54.71	61.68	70.52	84.86	67.36	33.38	36.4	55.95	36.14	66.29	38.08	9.49	80.78	61.22	31.26	59.2	42.11	29.7	76.94	14.87	55.23	60.37	48.01	0.0	77.03	23.6	73.33	85.62	57.8	36.01	59.44	35.06	74.32	11.18	58.55	69.23	79.92	37.48	41.77	64.03	21.59	53.25	50.0	15.62	47.63	44.15	43.28
54	81.01	18.36	40.2	84.58	81.02	46.01	77.9	72.03	42.05	25.24	23.02	7.07	65.0	21.02	42.72	85.49	48.38	14.87	19.31	85.84	55.17	87.8	34.71	37.74	108.41	53.01	85.62	28.6	35.36	79.26	25.81	50.16	60.0	24.35	17.26	54.82	92.62	63.06	56.86	12.04	38.95	84.31	4.47	19.0	93.43	32.28	43.01	74.81	50.8	91.27	73.98	66.29	43.38	77.03	0.0	100.5	45.4	13.0	39.85	66.03	82.46	65.07	8.06	86.53	77.62	51.01	4.12	73.01	39.62	54.23	85.59	37.48	41.63	75.82	37.01	36.88	81.01
55	50.7	82.15	82.87	19.24	41.44	56.08	50.6	86.35	69.43	102.53	114.87	107.04	56.08	118.6	60.21	18.79	54.49	114.83	99.02	64.01	49.48	30.02	96.05	62.77	14.0	55.73	73.06	74.85	69.35	49.98	77.47	82.37	86.37	108.21	90.08	52.77	35.81	70.58	54.23	89.87	61.59	16.76	104.31	84.81	28.6	82.13	63.32	40.61	95.02	9.49	70.41	74.15	68.25	23.6	100.5	0.0	92.27	108.69	80.0	53.85	72.25	53.31	97.49	14.56	72.84	87.01	103.46	52.63	65.07	81.02	25.0	75.93	70.41	29.07	70.72	66.48	50.7
56	51.97	42.19	11.18	83.6	57.01	42.38	49.65	28.16	25.0	68.96	68.18	46.01	84.06	64.07	57.43	84.59	60.03	56.14	27.02	107.38	44.28	93.86	75.15	45.49	94.37	37.05	110.8	31.83	57.28	51.0	31.89	83.24	16.16	69.43	29.41	40.05	68.94	27.2	38.05	47.54	47.71	76.03	49.16	51.48	73.05	65.46	32.57	53.85	5.83	83.1	99.64	27.59	25.71	73.33	45.4	92.27	0.0	40.45	72.01	83.86	107.8	82.49	37.34	78.06	103.86	7.81	49.25	90.43	58.9	14.21	69.43	66.71	24.04	63.2	61.52	34.48	51.97
57	83.41	28.28	38.48	93.92	84.86	52.84	80.43	68.45	44.6	36.77	30.08	7.81	77.16	24.19	53.46	94.87	58.86	16.12	13.93	98.48	61.03	98.48	47.2	46.49	115.43	57.38	98.49	34.13	47.0	81.84	31.38	63.16	56.29	34.41	19.21	59.67	96.88	62.61	60.83	24.33	48.08	92.13	13.45	31.4	98.6	45.22	47.63	79.25	45.1	99.28	86.83	65.0	46.01	85.62	13.0	108.69	40.45	0.0	52.81	78.06	95.34	77.03	11.4	94.37	90.52	47.3	14.21	85.09	51.04	51.87	91.61	50.22	43.93	82.38	49.16	42.72	83.41
58	83.01	30.41	62.13	61.07	78.52	43.19	80.0	91.39	53.85	25.63	40.52	46.32	29.55	47.52	24.19	61.72	28.16	48.01	54.08	47.0	52.0	58.01	16.28	32.56	91.59	55.44	45.89	40.82	17.26	81.01	40.22	11.31	81.41	31.95	45.45	55.15	87.1	76.24	59.3	29.07	31.26	67.12	40.79	22.47	84.77	7.62	48.76	71.45	77.8	72.4	34.37	80.96	54.42	57.8	39.85	80.0	72.01	52.81	0.0	31.3	42.76	30.89	43.83	68.96	37.85	74.09	39.81	37.34	19.03	73.79	74.95	6.08	54.23	64.85	13.04	42.38	83.01
