set K:= 1	2	3	4	5	6	7	8	9;
set C_H:= 1	2	3	4	5	6	7	8	9	10	11	12	13	14	15	16	17	18	19	20	21;
set C_S:= 22	23	24	25	26	27	28	29	30	31	32	33	34	35	36	37	38	39	40	41	42;
set C_F:= 43	44	45	46	47	48	49	50	51	52	53	54	55	56	57	58	59	60	61	62	63;
set M:= 64	65	66	67	68	69;
set L_B:= 70	71	72	73	74	75	76	77	78;
set A1:=
(0,*) 1 2 3 4 5 6 7 8 9 10 11 12 13 14 15 16 17 18 19 20 21 43 44 45 46 47 48 49 50 51 52 53 54 55 56 57 58 59 60 61 62 63 64 65 66 67 68 69 70 71 72 73 74 75 76 77 78 79
(1,*) 0 2 3 4 5 6 7 8 9 10 11 12 13 14 15 16 17 18 19 20 21 43 44 45 46 47 48 49 50 51 52 53 54 55 56 57 58 59 60 61 62 63 64 65 66 67 68 69 70 71 72 73 74 75 76 77 78 79
(2,*) 0 1 3 4 5 6 7 8 9 10 11 12 13 14 15 16 17 18 19 20 21 43 44 45 46 47 48 49 50 51 52 53 54 55 56 57 58 59 60 61 62 63 64 65 66 67 68 69 70 71 72 73 74 75 76 77 78 79
(3,*) 0 1 2 4 5 6 7 8 9 10 11 12 13 14 15 16 17 18 19 20 21 43 44 45 46 47 48 49 50 51 52 53 54 55 56 57 58 59 60 61 62 63 64 65 66 67 68 69 70 71 72 73 74 75 76 77 78 79
(4,*) 0 1 2 3 5 6 7 8 9 10 11 12 13 14 15 16 17 18 19 20 21 43 44 45 46 47 48 49 50 51 52 53 54 55 56 57 58 59 60 61 62 63 64 65 66 67 68 69 70 71 72 73 74 75 76 77 78 79
(5,*) 0 1 2 3 4 6 7 8 9 10 11 12 13 14 15 16 17 18 19 20 21 43 44 45 46 47 48 49 50 51 52 53 54 55 56 57 58 59 60 61 62 63 64 65 66 67 68 69 70 71 72 73 74 75 76 77 78 79
(6,*) 0 1 2 3 4 5 7 8 9 10 11 12 13 14 15 16 17 18 19 20 21 43 44 45 46 47 48 49 50 51 52 53 54 55 56 57 58 59 60 61 62 63 64 65 66 67 68 69 70 71 72 73 74 75 76 77 78 79
(7,*) 0 1 2 3 4 5 6 8 9 10 11 12 13 14 15 16 17 18 19 20 21 43 44 45 46 47 48 49 50 51 52 53 54 55 56 57 58 59 60 61 62 63 64 65 66 67 68 69 70 71 72 73 74 75 76 77 78 79
(8,*) 0 1 2 3 4 5 6 7 9 10 11 12 13 14 15 16 17 18 19 20 21 43 44 45 46 47 48 49 50 51 52 53 54 55 56 57 58 59 60 61 62 63 64 65 66 67 68 69 70 71 72 73 74 75 76 77 78 79
(9,*) 0 1 2 3 4 5 6 7 8 10 11 12 13 14 15 16 17 18 19 20 21 43 44 45 46 47 48 49 50 51 52 53 54 55 56 57 58 59 60 61 62 63 64 65 66 67 68 69 70 71 72 73 74 75 76 77 78 79
(10,*) 0 1 2 3 4 5 6 7 8 9 11 12 13 14 15 16 17 18 19 20 21 43 44 45 46 47 48 49 50 51 52 53 54 55 56 57 58 59 60 61 62 63 64 65 66 67 68 69 70 71 72 73 74 75 76 77 78 79
(11,*) 0 1 2 3 4 5 6 7 8 9 10 12 13 14 15 16 17 18 19 20 21 43 44 45 46 47 48 49 50 51 52 53 54 55 56 57 58 59 60 61 62 63 64 65 66 67 68 69 70 71 72 73 74 75 76 77 78 79
(12,*) 0 1 2 3 4 5 6 7 8 9 10 11 13 14 15 16 17 18 19 20 21 43 44 45 46 47 48 49 50 51 52 53 54 55 56 57 58 59 60 61 62 63 64 65 66 67 68 69 70 71 72 73 74 75 76 77 78 79
(13,*) 0 1 2 3 4 5 6 7 8 9 10 11 12 14 15 16 17 18 19 20 21 43 44 45 46 47 48 49 50 51 52 53 54 55 56 57 58 59 60 61 62 63 64 65 66 67 68 69 70 71 72 73 74 75 76 77 78 79
(14,*) 0 1 2 3 4 5 6 7 8 9 10 11 12 13 15 16 17 18 19 20 21 43 44 45 46 47 48 49 50 51 52 53 54 55 56 57 58 59 60 61 62 63 64 65 66 67 68 69 70 71 72 73 74 75 76 77 78 79
(15,*) 0 1 2 3 4 5 6 7 8 9 10 11 12 13 14 16 17 18 19 20 21 43 44 45 46 47 48 49 50 51 52 53 54 55 56 57 58 59 60 61 62 63 64 65 66 67 68 69 70 71 72 73 74 75 76 77 78 79
(16,*) 0 1 2 3 4 5 6 7 8 9 10 11 12 13 14 15 17 18 19 20 21 43 44 45 46 47 48 49 50 51 52 53 54 55 56 57 58 59 60 61 62 63 64 65 66 67 68 69 70 71 72 73 74 75 76 77 78 79
(17,*) 0 1 2 3 4 5 6 7 8 9 10 11 12 13 14 15 16 18 19 20 21 43 44 45 46 47 48 49 50 51 52 53 54 55 56 57 58 59 60 61 62 63 64 65 66 67 68 69 70 71 72 73 74 75 76 77 78 79
(18,*) 0 1 2 3 4 5 6 7 8 9 10 11 12 13 14 15 16 17 19 20 21 43 44 45 46 47 48 49 50 51 52 53 54 55 56 57 58 59 60 61 62 63 64 65 66 67 68 69 70 71 72 73 74 75 76 77 78 79
(19,*) 0 1 2 3 4 5 6 7 8 9 10 11 12 13 14 15 16 17 18 20 21 43 44 45 46 47 48 49 50 51 52 53 54 55 56 57 58 59 60 61 62 63 64 65 66 67 68 69 70 71 72 73 74 75 76 77 78 79
(20,*) 0 1 2 3 4 5 6 7 8 9 10 11 12 13 14 15 16 17 18 19 21 43 44 45 46 47 48 49 50 51 52 53 54 55 56 57 58 59 60 61 62 63 64 65 66 67 68 69 70 71 72 73 74 75 76 77 78 79
(21,*) 0 1 2 3 4 5 6 7 8 9 10 11 12 13 14 15 16 17 18 19 20 43 44 45 46 47 48 49 50 51 52 53 54 55 56 57 58 59 60 61 62 63 64 65 66 67 68 69 70 71 72 73 74 75 76 77 78 79
(43,*) 0 1 2 3 4 5 6 7 8 9 10 11 12 13 14 15 16 17 18 19 20 21 44 45 46 47 48 49 50 51 52 53 54 55 56 57 58 59 60 61 62 63 64 65 66 67 68 69 70 71 72 73 74 75 76 77 78 79
(44,*) 0 1 2 3 4 5 6 7 8 9 10 11 12 13 14 15 16 17 18 19 20 21 43 45 46 47 48 49 50 51 52 53 54 55 56 57 58 59 60 61 62 63 64 65 66 67 68 69 70 71 72 73 74 75 76 77 78 79
(45,*) 0 1 2 3 4 5 6 7 8 9 10 11 12 13 14 15 16 17 18 19 20 21 43 44 46 47 48 49 50 51 52 53 54 55 56 57 58 59 60 61 62 63 64 65 66 67 68 69 70 71 72 73 74 75 76 77 78 79
(46,*) 0 1 2 3 4 5 6 7 8 9 10 11 12 13 14 15 16 17 18 19 20 21 43 44 45 47 48 49 50 51 52 53 54 55 56 57 58 59 60 61 62 63 64 65 66 67 68 69 70 71 72 73 74 75 76 77 78 79
(47,*) 0 1 2 3 4 5 6 7 8 9 10 11 12 13 14 15 16 17 18 19 20 21 43 44 45 46 48 49 50 51 52 53 54 55 56 57 58 59 60 61 62 63 64 65 66 67 68 69 70 71 72 73 74 75 76 77 78 79
(48,*) 0 1 2 3 4 5 6 7 8 9 10 11 12 13 14 15 16 17 18 19 20 21 43 44 45 46 47 49 50 51 52 53 54 55 56 57 58 59 60 61 62 63 64 65 66 67 68 69 70 71 72 73 74 75 76 77 78 79
(49,*) 0 1 2 3 4 5 6 7 8 9 10 11 12 13 14 15 16 17 18 19 20 21 43 44 45 46 47 48 50 51 52 53 54 55 56 57 58 59 60 61 62 63 64 65 66 67 68 69 70 71 72 73 74 75 76 77 78 79
(50,*) 0 1 2 3 4 5 6 7 8 9 10 11 12 13 14 15 16 17 18 19 20 21 43 44 45 46 47 48 49 51 52 53 54 55 56 57 58 59 60 61 62 63 64 65 66 67 68 69 70 71 72 73 74 75 76 77 78 79
(51,*) 0 1 2 3 4 5 6 7 8 9 10 11 12 13 14 15 16 17 18 19 20 21 43 44 45 46 47 48 49 50 52 53 54 55 56 57 58 59 60 61 62 63 64 65 66 67 68 69 70 71 72 73 74 75 76 77 78 79
(52,*) 0 1 2 3 4 5 6 7 8 9 10 11 12 13 14 15 16 17 18 19 20 21 43 44 45 46 47 48 49 50 51 53 54 55 56 57 58 59 60 61 62 63 64 65 66 67 68 69 70 71 72 73 74 75 76 77 78 79
(53,*) 0 1 2 3 4 5 6 7 8 9 10 11 12 13 14 15 16 17 18 19 20 21 43 44 45 46 47 48 49 50 51 52 54 55 56 57 58 59 60 61 62 63 64 65 66 67 68 69 70 71 72 73 74 75 76 77 78 79
(54,*) 0 1 2 3 4 5 6 7 8 9 10 11 12 13 14 15 16 17 18 19 20 21 43 44 45 46 47 48 49 50 51 52 53 55 56 57 58 59 60 61 62 63 64 65 66 67 68 69 70 71 72 73 74 75 76 77 78 79
(55,*) 0 1 2 3 4 5 6 7 8 9 10 11 12 13 14 15 16 17 18 19 20 21 43 44 45 46 47 48 49 50 51 52 53 54 56 57 58 59 60 61 62 63 64 65 66 67 68 69 70 71 72 73 74 75 76 77 78 79
(56,*) 0 1 2 3 4 5 6 7 8 9 10 11 12 13 14 15 16 17 18 19 20 21 43 44 45 46 47 48 49 50 51 52 53 54 55 57 58 59 60 61 62 63 64 65 66 67 68 69 70 71 72 73 74 75 76 77 78 79
(57,*) 0 1 2 3 4 5 6 7 8 9 10 11 12 13 14 15 16 17 18 19 20 21 43 44 45 46 47 48 49 50 51 52 53 54 55 56 58 59 60 61 62 63 64 65 66 67 68 69 70 71 72 73 74 75 76 77 78 79
(58,*) 0 1 2 3 4 5 6 7 8 9 10 11 12 13 14 15 16 17 18 19 20 21 43 44 45 46 47 48 49 50 51 52 53 54 55 56 57 59 60 61 62 63 64 65 66 67 68 69 70 71 72 73 74 75 76 77 78 79
(59,*) 0 1 2 3 4 5 6 7 8 9 10 11 12 13 14 15 16 17 18 19 20 21 43 44 45 46 47 48 49 50 51 52 53 54 55 56 57 58 60 61 62 63 64 65 66 67 68 69 70 71 72 73 74 75 76 77 78 79
(60,*) 0 1 2 3 4 5 6 7 8 9 10 11 12 13 14 15 16 17 18 19 20 21 43 44 45 46 47 48 49 50 51 52 53 54 55 56 57 58 59 61 62 63 64 65 66 67 68 69 70 71 72 73 74 75 76 77 78 79
(61,*) 0 1 2 3 4 5 6 7 8 9 10 11 12 13 14 15 16 17 18 19 20 21 43 44 45 46 47 48 49 50 51 52 53 54 55 56 57 58 59 60 62 63 64 65 66 67 68 69 70 71 72 73 74 75 76 77 78 79
(62,*) 0 1 2 3 4 5 6 7 8 9 10 11 12 13 14 15 16 17 18 19 20 21 43 44 45 46 47 48 49 50 51 52 53 54 55 56 57 58 59 60 61 63 64 65 66 67 68 69 70 71 72 73 74 75 76 77 78 79
(63,*) 0 1 2 3 4 5 6 7 8 9 10 11 12 13 14 15 16 17 18 19 20 21 43 44 45 46 47 48 49 50 51 52 53 54 55 56 57 58 59 60 61 62 64 65 66 67 68 69 70 71 72 73 74 75 76 77 78 79
(64,*) 0 1 2 3 4 5 6 7 8 9 10 11 12 13 14 15 16 17 18 19 20 21 43 44 45 46 47 48 49 50 51 52 53 54 55 56 57 58 59 60 61 62 63 65 66 67 68 69 70 71 72 73 74 75 76 77 78 79
(65,*) 0 1 2 3 4 5 6 7 8 9 10 11 12 13 14 15 16 17 18 19 20 21 43 44 45 46 47 48 49 50 51 52 53 54 55 56 57 58 59 60 61 62 63 64 66 67 68 69 70 71 72 73 74 75 76 77 78 79
(66,*) 0 1 2 3 4 5 6 7 8 9 10 11 12 13 14 15 16 17 18 19 20 21 43 44 45 46 47 48 49 50 51 52 53 54 55 56 57 58 59 60 61 62 63 64 65 67 68 69 70 71 72 73 74 75 76 77 78 79
(67,*) 0 1 2 3 4 5 6 7 8 9 10 11 12 13 14 15 16 17 18 19 20 21 43 44 45 46 47 48 49 50 51 52 53 54 55 56 57 58 59 60 61 62 63 64 65 66 68 69 70 71 72 73 74 75 76 77 78 79
(68,*) 0 1 2 3 4 5 6 7 8 9 10 11 12 13 14 15 16 17 18 19 20 21 43 44 45 46 47 48 49 50 51 52 53 54 55 56 57 58 59 60 61 62 63 64 65 66 67 69 70 71 72 73 74 75 76 77 78 79
(69,*) 0 1 2 3 4 5 6 7 8 9 10 11 12 13 14 15 16 17 18 19 20 21 43 44 45 46 47 48 49 50 51 52 53 54 55 56 57 58 59 60 61 62 63 64 65 66 67 68 70 71 72 73 74 75 76 77 78 79
(70,*) 0 1 2 3 4 5 6 7 8 9 10 11 12 13 14 15 16 17 18 19 20 21 43 44 45 46 47 48 49 50 51 52 53 54 55 56 57 58 59 60 61 62 63 64 65 66 67 68 69 71 72 73 74 75 76 77 78 79
(71,*) 0 1 2 3 4 5 6 7 8 9 10 11 12 13 14 15 16 17 18 19 20 21 43 44 45 46 47 48 49 50 51 52 53 54 55 56 57 58 59 60 61 62 63 64 65 66 67 68 69 70 72 73 74 75 76 77 78 79
(72,*) 0 1 2 3 4 5 6 7 8 9 10 11 12 13 14 15 16 17 18 19 20 21 43 44 45 46 47 48 49 50 51 52 53 54 55 56 57 58 59 60 61 62 63 64 65 66 67 68 69 70 71 73 74 75 76 77 78 79
(73,*) 0 1 2 3 4 5 6 7 8 9 10 11 12 13 14 15 16 17 18 19 20 21 43 44 45 46 47 48 49 50 51 52 53 54 55 56 57 58 59 60 61 62 63 64 65 66 67 68 69 70 71 72 74 75 76 77 78 79
(74,*) 0 1 2 3 4 5 6 7 8 9 10 11 12 13 14 15 16 17 18 19 20 21 43 44 45 46 47 48 49 50 51 52 53 54 55 56 57 58 59 60 61 62 63 64 65 66 67 68 69 70 71 72 73 75 76 77 78 79
(75,*) 0 1 2 3 4 5 6 7 8 9 10 11 12 13 14 15 16 17 18 19 20 21 43 44 45 46 47 48 49 50 51 52 53 54 55 56 57 58 59 60 61 62 63 64 65 66 67 68 69 70 71 72 73 74 76 77 78 79
(76,*) 0 1 2 3 4 5 6 7 8 9 10 11 12 13 14 15 16 17 18 19 20 21 43 44 45 46 47 48 49 50 51 52 53 54 55 56 57 58 59 60 61 62 63 64 65 66 67 68 69 70 71 72 73 74 75 77 78 79
(77,*) 0 1 2 3 4 5 6 7 8 9 10 11 12 13 14 15 16 17 18 19 20 21 43 44 45 46 47 48 49 50 51 52 53 54 55 56 57 58 59 60 61 62 63 64 65 66 67 68 69 70 71 72 73 74 75 76 78 79
(78,*) 0 1 2 3 4 5 6 7 8 9 10 11 12 13 14 15 16 17 18 19 20 21 43 44 45 46 47 48 49 50 51 52 53 54 55 56 57 58 59 60 61 62 63 64 65 66 67 68 69 70 71 72 73 74 75 76 77 79
(79,*) 0 1 2 3 4 5 6 7 8 9 10 11 12 13 14 15 16 17 18 19 20 21 43 44 45 46 47 48 49 50 51 52 53 54 55 56 57 58 59 60 61 62 63 64 65 66 67 68 69 70 71 72 73 74 75 76 77 78
;
set A2:=
;
param BigM:=99999;
param n:= 9;
param d:=
1	10
2	15
3	23
4	23
5	24
6	4
7	5
8	8
9	4
10	2
11	21
12	5
13	8
14	16
15	17
16	5
17	24
18	18
19	15
20	11
21	54
22	1
23	4
24	18
25	26
26	16
27	8
28	26
29	12
30	3
31	19
32	2
33	7
34	8
35	4
36	12
37	26
38	8
39	9
40	19
41	5
42	12
43	17
44	2
45	18
46	9
47	23
48	13
49	16
50	23
51	8
52	26
53	16
54	5
55	23
56	8
57	8
58	3
59	19
60	19
61	5
62	22
63	8
;
param Q:=100;
param e:
	64	65	66	67	68	69	70	71	72	73	74	75	76	77	78:=
22		0		0		0		1		0		0		0		0		0		0		0		0		0		0		0	
23		0		0		0		0		0		0		0		0		0		1		0		0		0		0		0	
24		1		0		0		0		1		0		1		0		0		0		0		0		0		0		1	
25		0		0		0		0		0		0		1		0		0		0		0		0		0		0		0	
26		0		0		0		0		0		0		0		0		0		0		0		0		1		0		0	
27		0		0		0		0		0		1		0		0		0		0		0		0		0		0		0	
28		0		0		0		0		0		0		0		0		0		0		0		0		1		0		0	
29		0		0		0		0		0		0		1		0		0		0		0		0		0		0		0	
30		0		0		0		1		0		0		0		0		0		0		0		0		0		0		0	
31		1		0		0		0		1		0		0		0		0		0		0		0		0		0		0	
32		0		0		0		1		0		0		0		0		0		0		0		0		0		0		0	
33		1		0		0		0		1		0		0		0		0		0		0		0		0		0		0	
34		0		0		0		0		0		0		0		0		0		0		0		0		0		1		0	
35		0		1		0		0		0		0		0		0		0		0		0		0		0		0		0	
36		0		1		0		0		0		0		0		0		0		0		0		0		0		0		0	
37		0		0		0		0		0		0		0		0		0		0		1		0		0		0		0	
38		0		0		0		0		0		0		1		0		0		0		1		0		0		0		1	
39		0		0		0		0		0		0		1		0		0		0		1		0		0		0		0	
40		1		0		0		0		0		0		0		0		0		0		0		0		1		0		1	
41		0		0		0		0		0		0		1		0		0		0		0		0		0		0		0	
42		0		0		0		0		0		1		0		0		0		0		0		0		0		0		0	
43		0		0		1		0		0		0		0		0		0		0		0		0		0		1		0	
44		0		0		0		0		0		0		0		1		1		0		1		1		1		0		0	
45		1		0		0		0		0		0		1		0		1		0		0		0		1		0		1	
46		1		0		0		0		1		0		0		0		0		0		0		0		0		0		0	
47		1		0		0		0		0		0		1		0		0		0		1		0		1		0		1	
48		0		0		0		0		0		0		0		0		1		0		0		0		1		0		1	
49		0		0		0		0		1		0		0		0		0		0		0		0		0		0		0	
50		1		0		0		0		1		0		0		0		0		0		0		0		0		0		0	
51		0		0		0		0		0		0		1		1		1		0		1		0		1		0		0	
52		0		1		0		0		0		0		0		0		0		1		0		1		0		0		0	
53		0		0		0		0		1		0		0		0		0		0		0		0		0		0		0	
54		0		0		0		1		0		0		0		0		0		0		0		0		0		0		0	
55		0		0		0		0		0		0		0		0		0		0		0		0		0		1		0	
56		0		0		0		0		0		0		1		0		1		0		1		0		1		0		1	
57		0		0		0		0		0		0		1		1		1		0		1		0		1		0		0	
58		0		0		0		0		0		1		0		0		0		0		0		0		0		1		0	
59		0		0		0		0		0		0		0		1		1		0		0		0		1		1		0	
60		0		0		0		0		0		0		1		0		0		0		1		0		0		0		0	
61		0		0		1		0		0		1		0		0		0		0		0		0		0		1		0	
62		0		1		0		0		0		0		0		0		0		0		0		0		0		0		0	
63		0		1		0		0		0		0		0		0		0		0		0		0		0		0		0	
;
param p:=
1	1
2	1
3	1
4	1
5	1
6	1
7	1
8	1
9	1
;
param G:=
64	96
65	100
66	74
67	95
68	97
69	100
70	89
71	81
72	88
73	88
74	76
75	100
76	88
77	91
78	74
;
param s:=
0	0
1	10
2	10
3	10
4	10
5	10
6	10
7	10
8	10
9	10
10	10
11	10
12	10
13	10
14	10
15	10
16	10
17	10
18	10
19	10
20	10
21	10
43	10
44	10
45	10
46	10
47	10
48	10
49	10
50	10
51	10
52	10
53	10
54	10
55	10
56	10
57	10
58	10
59	10
60	10
61	10
62	10
63	10
64	10
65	10
66	10
67	10
68	10
69	10
70	10
71	10
72	10
73	10
74	10
75	10
76	10
77	10
78	10
;
param t:
	0	1	2	3	4	5	6	7	8	9	10	11	12	13	14	15	16	17	18	19	20	21	22	23	24	25	26	27	28	29	30	31	32	33	34	35	36	37	38	39	40	41	42	43	44	45	46	47	48	49	50	51	52	53	54	55	56	57	58	59	60	61	62	63	64	65	66	67	68	69	70	71	72	73	74	75	76	77	78	79:=
0	0.0	62.48	96.0	48.37	68.12	76.24	75.29	12.81	34.99	95.27	67.94	69.34	79.12	86.28	88.57	38.0	87.82	50.99	27.78	88.02	70.68	48.7	108.76	75.15	59.67	50.64	46.69	47.54	29.73	60.53	99.54	42.38	99.54	63.81	31.62	77.67	91.76	87.36	45.65	74.67	49.52	75.29	49.19	5.66	50.16	43.86	61.74	69.43	35.38	50.16	62.8	59.23	58.14	21.63	86.28	22.8	57.69	61.61	22.63	33.53	78.0	31.24	76.0	88.57	63.63	74.22	21.38	93.01	58.52	31.4	62.43	49.16	50.6	67.36	68.71	48.85	49.24	22.14	59.03	0.0
1	62.48	0.0	73.76	24.08	52.15	55.32	76.97	63.53	66.75	36.06	10.2	10.2	44.41	24.41	41.23	48.04	36.22	39.29	76.55	66.48	81.61	32.56	52.95	84.76	2.83	41.23	40.45	60.3	39.85	44.72	52.95	27.2	52.95	8.49	33.11	73.43	88.2	50.12	26.0	37.2	13.42	41.23	70.11	56.85	45.12	18.87	16.12	12.17	27.78	36.06	33.11	40.25	74.97	41.04	25.06	39.7	17.89	39.45	68.35	38.83	36.72	74.73	60.0	75.29	10.63	73.35	77.83	35.69	21.19	68.66	19.85	52.77	32.98	73.05	33.24	67.19	24.19	58.19	12.53	62.48
2	96.0	73.76	0.0	59.09	28.28	20.88	32.56	86.37	68.41	63.91	65.05	82.02	29.73	71.69	41.23	58.0	48.33	47.07	85.44	8.25	43.86	52.5	58.14	42.52	74.03	46.69	50.64	51.42	68.73	36.88	38.21	91.24	38.21	82.22	72.28	25.61	27.2	26.83	60.17	36.77	71.69	32.56	56.46	92.09	46.17	73.35	89.64	63.66	74.0	104.71	106.02	39.85	51.11	85.91	68.96	83.95	57.69	38.63	81.58	64.78	38.42	79.7	20.0	12.81	84.39	30.0	94.37	58.87	93.81	73.5	54.2	47.17	50.6	38.28	40.61	54.42	58.18	75.33	62.2	96.0
3	48.37	24.08	59.09	0.0	32.8	38.47	54.92	45.25	43.68	48.17	23.41	34.23	34.06	42.05	40.5	24.33	39.45	16.12	55.57	50.99	58.31	8.94	60.46	61.74	22.36	17.89	16.49	36.22	19.8	24.08	51.92	32.25	51.92	31.05	17.09	52.5	67.94	42.0	2.83	28.07	14.42	30.07	46.04	42.94	21.54	14.42	35.78	24.17	16.0	46.04	49.68	20.0	50.99	30.59	41.18	28.64	10.0	20.59	47.71	17.2	30.59	52.8	41.62	57.2	32.57	51.61	58.9	45.28	38.01	46.24	14.21	28.86	10.0	50.09	22.02	43.1	1.0	37.44	13.6	48.37
4	68.12	52.15	28.28	32.8	0.0	8.25	26.31	59.23	43.91	56.32	45.69	61.77	19.7	58.55	36.06	30.27	40.79	18.97	60.83	20.1	34.23	25.06	59.09	36.0	51.61	18.44	22.36	27.2	40.45	8.94	41.62	64.9	41.62	60.46	44.27	21.54	36.06	25.61	33.29	22.09	46.69	18.44	35.38	64.0	18.0	47.2	66.84	44.94	46.52	78.82	82.02	12.81	34.0	57.72	56.32	55.79	34.41	12.81	55.71	36.5	26.31	55.57	8.94	24.41	62.43	22.36	68.71	51.48	70.04	48.76	32.65	20.62	23.32	25.32	21.38	32.53	32.02	48.27	39.66	68.12
5	76.24	55.32	20.88	38.47	8.25	0.0	28.28	67.47	51.88	54.04	47.71	64.4	16.0	58.24	32.25	38.47	38.0	26.31	68.88	12.65	37.95	31.62	54.41	38.83	55.17	26.08	30.07	34.99	48.17	16.12	35.78	70.71	35.78	63.78	51.42	22.0	34.18	19.7	39.4	20.88	51.61	16.49	42.52	72.03	26.08	52.84	70.71	46.65	53.14	84.38	86.56	18.97	40.0	65.12	55.79	63.15	38.21	17.89	63.91	44.18	24.33	63.53	6.0	20.0	65.86	24.33	76.9	49.01	74.41	56.8	35.47	28.79	29.73	29.55	22.47	39.82	37.59	56.52	43.14	76.24
6	75.29	76.97	32.56	54.92	26.31	28.28	0.0	63.56	42.19	82.02	71.47	86.93	44.18	84.85	60.53	40.5	66.12	38.83	58.03	28.84	11.31	46.04	82.46	10.77	76.03	37.2	39.7	27.86	54.41	32.31	63.25	84.9	63.25	84.97	60.96	7.21	16.49	47.54	54.41	48.04	69.34	44.0	28.0	72.8	34.06	68.41	90.55	70.88	65.05	99.04	104.4	36.77	20.4	72.11	82.61	70.46	59.09	37.95	56.32	51.22	52.0	52.04	22.36	20.0	86.77	4.0	68.01	77.06	92.91	47.1	58.19	29.21	44.94	8.06	47.68	27.17	54.38	53.16	64.47	75.29
7	12.81	63.53	86.37	45.25	59.23	67.47	63.56	0.0	22.36	93.38	67.2	71.69	72.5	86.02	83.76	29.12	84.02	43.86	16.49	78.64	58.31	43.27	105.26	62.77	60.83	43.08	39.4	36.22	25.46	52.5	94.02	48.17	94.02	66.48	30.53	66.48	80.05	80.62	42.43	68.96	50.12	68.88	36.77	13.42	41.76	44.72	65.97	68.41	35.78	58.31	70.0	52.0	45.69	26.08	85.6	26.31	55.17	54.63	10.0	28.43	72.72	18.87	66.48	78.03	66.73	62.8	14.32	90.52	63.79	18.6	59.41	39.2	44.94	55.54	63.29	36.69	45.97	11.05	57.63	12.81
8	34.99	66.75	68.41	43.68	43.91	51.88	42.19	22.36	0.0	89.55	67.05	76.42	60.96	85.44	75.07	19.7	77.2	34.41	17.09	61.35	36.06	37.58	98.08	40.5	64.5	32.8	30.53	17.09	28.07	39.7	83.55	60.17	83.55	72.11	36.22	46.04	58.55	68.41	41.23	59.46	54.15	58.0	14.56	34.06	29.73	50.0	74.11	67.68	42.19	72.8	82.46	41.04	23.41	40.25	84.31	39.4	53.14	43.86	14.14	28.07	63.78	11.66	49.4	58.55	73.03	42.0	26.17	85.76	73.68	5.1	55.95	23.6	38.47	34.13	54.82	15.03	43.97	14.21	57.28	34.99
9	95.27	36.06	63.91	48.17	56.32	54.04	82.02	93.38	89.55	0.0	27.78	36.06	38.05	14.14	22.8	69.97	16.12	55.46	103.23	59.67	90.55	52.15	18.11	92.2	38.63	57.27	59.06	77.25	67.94	53.85	28.43	63.25	28.43	40.45	63.78	76.03	87.13	37.36	50.99	34.23	46.65	38.05	87.32	89.64	60.93	52.15	48.17	26.08	60.0	70.71	64.03	50.6	88.77	74.89	12.0	73.24	38.21	48.08	95.6	65.3	30.07	99.86	60.03	71.39	42.3	78.03	107.06	5.1	54.23	92.96	34.21	68.71	51.11	81.61	36.4	84.15	47.51	85.43	36.24	95.27
10	67.94	10.2	65.05	23.41	45.69	47.71	71.47	67.2	67.05	27.78	0.0	16.97	35.38	18.87	31.05	47.54	26.08	36.0	78.71	58.14	77.28	30.27	43.68	80.05	12.0	38.0	38.21	58.14	42.19	39.29	42.76	36.5	42.76	17.89	36.88	67.23	81.41	40.5	26.0	28.28	18.87	32.56	68.26	62.29	42.0	24.41	26.0	2.0	32.56	46.17	43.08	34.93	72.03	47.2	18.44	45.61	14.14	33.53	70.71	40.25	27.2	76.16	52.84	67.68	20.12	67.68	81.27	26.57	31.32	69.64	13.34	50.01	30.07	68.45	25.24	65.19	23.09	60.42	9.85	67.94
11	69.34	10.2	82.02	34.23	61.77	64.4	86.93	71.69	76.42	36.06	16.97	0.0	52.35	22.36	46.52	58.0	40.5	49.48	85.44	75.07	91.76	42.76	54.0	94.87	12.0	51.42	50.64	70.46	49.03	54.63	57.58	30.0	57.58	5.66	41.76	83.19	97.75	57.2	36.06	45.25	22.36	49.52	80.22	63.81	55.32	27.2	12.17	18.44	36.06	34.93	28.28	50.16	85.16	47.71	24.08	46.65	27.86	49.19	77.2	48.37	44.05	83.95	69.34	84.4	6.71	83.26	86.01	37.12	18.25	78.09	29.15	62.97	43.17	83.17	42.01	77.32	34.37	67.19	22.47	69.34
12	79.12	44.41	29.73	34.06	19.7	16.0	44.18	72.5	60.96	38.05	35.38	52.35	0.0	43.08	16.49	43.91	22.0	28.64	77.2	23.32	53.37	30.59	39.4	54.59	44.94	29.53	33.11	45.34	49.48	21.26	22.63	64.56	22.63	52.8	50.16	38.0	49.48	8.25	36.0	7.21	44.27	4.0	54.41	74.22	31.62	47.07	60.46	33.94	50.04	77.25	77.18	20.59	53.67	64.12	40.5	62.13	29.73	17.89	71.02	45.61	8.94	72.47	22.0	34.18	55.0	40.2	83.86	33.02	65.0	65.44	25.5	37.48	28.64	44.64	12.37	51.4	33.06	62.18	33.54	79.12
13	86.28	24.41	71.69	42.05	58.55	58.24	84.85	86.02	85.44	14.14	18.87	22.36	43.08	0.0	31.24	65.79	24.08	52.95	97.53	66.21	92.09	48.08	32.25	94.34	27.2	54.92	55.79	75.31	61.06	54.0	40.0	50.99	40.0	27.2	55.61	79.62	92.35	44.94	44.72	37.36	36.77	41.76	85.51	80.62	58.86	42.43	34.53	17.89	50.99	57.27	50.0	50.04	88.36	65.12	2.83	63.66	32.31	48.0	89.55	59.06	34.18	94.85	64.03	77.25	28.86	80.89	100.12	16.55	40.61	88.24	29.83	66.91	47.54	83.1	37.22	82.38	41.63	79.26	28.65	86.28
14	88.57	41.23	41.23	40.5	36.06	32.25	60.53	83.76	75.07	22.8	31.05	46.52	16.49	31.24	0.0	56.64	7.21	41.04	90.55	36.88	69.86	40.5	23.32	71.02	42.76	42.43	45.34	60.46	59.06	36.06	12.0	66.03	12.0	48.7	57.58	54.15	64.5	14.56	43.08	15.62	46.04	17.89	69.97	83.26	45.34	50.36	56.92	29.12	55.79	76.94	74.0	34.06	69.86	70.88	28.43	68.96	32.56	31.24	83.74	55.57	11.31	86.28	38.21	48.66	50.92	56.57	96.21	17.72	62.36	79.21	27.46	52.2	38.83	61.13	20.62	66.89	39.56	74.2	34.01	88.57
15	38.0	48.04	58.0	24.33	30.27	38.47	40.5	29.12	19.7	69.97	47.54	58.0	43.91	65.79	56.64	0.0	58.14	15.62	33.94	50.04	39.7	17.89	79.25	43.86	46.0	14.42	11.31	14.42	14.14	23.41	66.03	46.65	66.03	54.15	21.63	41.23	56.36	51.88	22.09	41.23	36.22	40.5	22.8	34.23	12.65	32.98	57.27	48.08	26.83	60.46	68.03	23.32	29.53	31.62	64.62	30.0	33.53	26.08	27.2	11.66	45.34	30.0	38.0	50.99	55.33	38.47	39.96	66.29	57.87	23.02	36.25	11.7	18.87	33.42	36.07	20.25	24.52	18.38	37.85	38.0
16	87.82	36.22	48.33	39.45	40.79	38.0	66.12	84.02	77.2	16.12	26.08	40.5	22.0	24.08	7.21	58.14	0.0	42.8	92.02	43.68	74.97	41.04	21.26	76.42	38.05	44.41	46.86	63.53	58.82	39.4	17.09	62.13	17.09	43.17	56.36	60.0	71.02	21.54	42.19	18.97	42.76	22.36	73.35	82.37	47.71	47.54	51.42	24.08	53.85	72.25	68.41	36.72	74.0	69.08	21.26	67.23	30.46	34.0	84.85	55.61	14.56	88.09	44.0	55.32	45.35	62.13	97.0	11.05	57.07	81.06	25.5	55.07	39.6	66.1	22.47	70.21	38.59	75.01	30.81	87.82
17	50.99	39.29	47.07	16.12	18.97	26.31	38.83	43.86	34.41	55.46	36.0	49.48	28.64	52.95	41.04	15.62	42.8	0.0	49.52	38.83	42.38	7.21	63.78	45.69	37.95	2.0	4.47	22.36	22.0	10.2	50.48	46.86	50.48	46.82	25.3	36.77	52.35	36.77	15.62	25.61	30.53	25.06	32.56	46.39	6.0	29.73	51.88	36.06	27.78	60.96	65.6	8.25	36.06	38.83	51.42	36.88	22.09	10.77	42.8	18.0	29.73	45.34	27.86	42.94	48.47	35.61	55.47	51.48	54.08	38.29	23.19	14.04	6.32	34.01	20.52	29.43	15.65	33.62	27.29	50.99
18	27.78	76.55	85.44	55.57	60.83	68.88	58.03	16.49	17.09	103.23	78.71	85.44	77.2	97.53	90.55	33.94	92.02	49.52	0.0	78.43	50.36	51.22	113.17	54.59	74.0	48.17	45.25	34.18	36.77	56.04	99.64	64.0	99.64	80.52	43.68	62.51	74.03	84.88	52.84	75.07	63.25	74.03	30.07	29.73	45.61	58.24	80.89	79.65	49.48	74.67	86.09	56.85	38.05	42.05	96.75	42.0	65.51	59.67	8.25	38.47	79.25	6.0	66.48	75.31	81.02	58.31	10.44	99.81	79.23	12.08	69.07	40.31	52.5	50.09	70.01	31.4	56.08	18.38	68.88	27.78
19	88.02	66.48	8.25	50.99	20.1	12.65	28.84	78.64	61.35	59.67	58.14	75.07	23.32	66.21	36.88	50.04	43.68	38.83	78.43	0.0	40.0	44.27	56.14	39.45	66.6	38.47	42.43	44.27	60.53	28.64	36.22	83.19	36.22	74.97	64.03	21.63	28.0	22.36	52.0	30.0	63.81	25.61	50.12	84.02	38.05	65.3	82.22	56.85	65.79	96.75	98.41	31.62	45.61	77.67	63.56	75.71	50.0	30.46	74.22	56.57	32.25	72.8	12.17	12.0	77.1	25.61	87.09	54.57	86.21	66.41	46.75	39.46	42.38	33.24	33.24	47.85	50.09	67.6	54.67	88.02
20	70.68	81.61	43.86	58.31	34.23	37.95	11.31	58.31	36.06	90.55	77.28	91.76	53.37	92.09	69.86	39.7	74.97	42.38	50.36	40.0	0.0	49.4	92.35	4.47	80.32	40.5	42.05	25.46	53.81	38.21	73.54	86.02	73.54	89.2	61.22	18.44	24.33	57.58	57.27	56.32	72.5	52.61	21.54	68.96	36.77	70.71	94.02	76.94	66.03	100.0	106.68	42.43	12.65	70.77	90.02	69.31	64.03	44.18	50.0	51.22	60.53	44.41	32.31	31.24	90.82	14.42	60.67	85.71	95.71	40.52	63.95	30.02	48.7	9.0	55.0	21.95	57.94	48.76	69.38	70.68
21	48.7	32.56	52.5	8.94	25.06	31.62	46.04	43.27	37.58	52.15	30.27	42.76	30.59	48.08	40.5	17.89	41.04	7.21	51.22	44.27	49.4	0.0	62.29	52.8	31.05	8.94	8.0	28.0	18.97	16.12	50.99	40.0	50.99	39.85	20.1	43.86	59.4	38.83	8.49	26.0	23.32	26.68	38.05	43.68	12.65	22.63	44.72	30.59	21.54	54.04	58.41	12.65	42.43	34.06	46.82	32.06	16.12	14.14	43.86	15.23	29.53	47.71	34.0	49.4	41.44	42.8	55.97	48.6	46.87	40.82	18.38	20.22	2.0	41.15	20.12	35.01	8.54	33.97	21.0	48.7
22	108.76	52.95	58.14	60.46	59.09	54.41	82.46	105.26	98.08	18.11	43.68	54.0	39.4	32.25	23.32	79.25	21.26	63.78	113.17	56.14	92.35	62.29	0.0	93.15	55.32	65.3	67.94	83.76	80.0	59.36	20.0	80.05	20.0	58.14	77.18	75.71	84.1	34.93	63.25	38.83	62.03	41.18	93.3	103.25	68.41	67.23	66.03	41.76	74.24	88.36	82.1	57.2	93.04	89.44	30.07	87.66	51.11	54.41	106.08	76.84	34.41	109.12	60.17	68.12	60.07	78.59	118.26	17.26	72.06	102.07	46.32	75.45	60.83	83.82	43.28	90.21	59.64	96.26	50.57	108.76
23	75.15	84.76	42.52	61.74	36.0	38.83	10.77	62.77	40.5	92.2	80.05	94.87	54.59	94.34	71.02	43.86	76.42	45.69	54.59	39.45	4.47	52.8	93.15	0.0	83.57	43.86	45.65	29.73	58.0	40.79	74.0	90.0	74.0	92.48	65.3	17.89	20.88	58.24	60.83	58.03	76.03	54.15	26.0	73.43	40.25	74.43	97.51	79.62	70.0	104.02	110.45	45.12	17.09	75.07	92.2	73.59	67.05	46.69	54.41	55.32	62.13	48.66	32.98	29.73	94.15	14.56	64.94	87.28	99.36	44.92	66.71	33.84	52.0	11.7	57.14	26.42	61.33	53.24	72.42	75.15
24	59.67	2.83	74.03	22.36	51.61	55.17	76.03	60.83	64.5	38.63	12.0	12.0	44.94	27.2	42.76	46.0	38.05	37.95	74.0	66.6	80.32	31.05	55.32	83.57	0.0	39.85	38.83	58.55	37.36	43.91	54.59	24.74	54.59	8.94	30.46	72.72	87.66	50.99	24.08	37.74	10.77	41.62	68.26	54.04	43.68	16.12	15.62	14.0	25.06	34.23	32.25	39.45	73.35	38.21	27.78	36.88	17.2	38.83	65.79	36.5	37.58	72.28	59.67	75.07	10.82	72.47	75.13	38.08	20.12	66.29	19.85	51.2	31.62	71.87	33.42	65.38	22.56	55.66	12.04	59.67
25	50.64	41.23	46.69	17.89	18.44	26.08	37.2	43.08	32.8	57.27	38.0	51.42	29.53	54.92	42.43	14.42	44.41	2.0	48.17	38.47	40.5	8.94	65.3	43.86	39.85	0.0	4.0	20.4	22.09	10.0	51.61	48.17	51.61	48.7	26.0	35.38	50.99	37.58	17.2	26.91	32.25	26.08	30.59	46.17	4.0	31.24	53.67	38.05	28.84	62.29	67.2	8.94	34.06	39.29	53.37	37.36	24.08	11.66	41.62	18.11	31.11	43.86	27.2	42.05	50.33	34.06	54.38	53.24	55.76	36.8	25.18	12.04	8.25	32.2	22.02	27.46	17.46	32.65	29.27	50.64
26	46.69	40.45	50.64	16.49	22.36	30.07	39.7	39.4	30.53	59.06	38.21	50.64	33.11	55.79	45.34	11.31	46.86	4.47	45.25	42.43	42.05	8.0	67.94	45.65	38.83	4.0	0.0	20.0	18.11	14.0	54.92	45.25	54.92	47.54	22.36	38.42	54.04	41.23	15.23	30.0	30.46	29.53	30.07	42.19	5.66	28.84	52.0	38.47	25.61	59.4	64.9	12.65	34.53	35.44	54.41	33.53	24.08	15.23	38.42	14.14	34.06	41.23	31.05	45.69	49.04	36.77	51.04	55.23	53.71	34.21	25.96	12.37	8.25	34.13	24.76	27.02	16.28	29.15	29.0	46.69
27	47.54	60.3	51.42	36.22	27.2	34.99	27.86	36.22	17.09	77.25	58.14	70.46	45.34	75.31	60.46	14.42	63.53	22.36	34.18	44.27	25.46	28.0	83.76	29.73	58.55	20.4	20.0	0.0	28.43	24.41	67.94	61.06	67.94	67.08	36.06	30.27	44.27	52.35	34.53	44.94	49.48	42.8	10.2	44.94	16.49	46.82	70.88	58.31	41.18	74.89	82.29	26.83	15.23	45.34	73.76	43.86	44.05	29.53	30.27	26.08	49.4	28.64	32.31	42.05	68.45	26.68	42.95	73.01	71.87	22.14	45.54	8.54	28.07	20.12	41.15	7.07	36.12	25.5	49.0	47.54
28	29.73	39.85	68.73	19.8	40.45	48.17	54.41	25.46	28.07	67.94	42.19	49.03	49.48	61.06	59.06	14.14	58.82	22.0	36.77	60.53	53.81	18.97	80.0	58.0	37.36	22.09	18.11	28.43	0.0	32.06	69.86	33.11	69.86	44.41	8.25	54.59	69.97	57.72	16.97	44.94	26.68	45.61	35.78	24.74	22.8	22.09	46.04	43.27	14.14	46.65	55.03	30.07	43.27	17.89	60.46	16.12	29.73	32.25	28.64	4.0	48.33	34.93	49.03	63.25	45.18	52.15	39.2	65.07	45.71	29.15	33.97	25.24	20.88	47.51	39.0	33.62	20.52	18.38	32.45	29.73
29	60.53	44.72	36.88	24.08	8.94	16.12	32.31	52.5	39.7	53.85	39.29	54.63	21.26	54.0	36.06	23.41	39.4	10.2	56.04	28.64	38.21	16.12	59.36	40.79	43.91	10.0	14.0	24.41	32.06	0.0	43.86	56.04	43.86	52.84	35.44	28.84	44.05	28.84	24.41	20.59	38.21	18.44	34.0	56.14	10.77	38.42	58.82	38.83	37.58	70.0	73.59	4.47	34.93	49.03	52.04	47.07	26.83	6.0	50.12	28.07	25.06	51.22	17.89	33.29	54.71	28.64	63.06	49.34	61.72	44.2	25.96	16.28	14.42	29.27	17.46	30.89	23.35	41.79	32.2	60.53
30	99.54	52.95	38.21	51.92	41.62	35.78	63.25	94.02	83.55	28.43	42.76	57.58	22.63	40.0	12.0	66.03	17.09	50.48	99.64	36.22	73.54	50.99	20.0	74.0	54.59	51.61	54.92	67.94	69.86	43.86	0.0	78.03	0.0	60.17	68.96	56.32	64.12	16.12	54.41	25.06	58.03	25.61	76.84	94.34	54.04	62.29	68.41	40.79	67.47	88.81	85.44	42.8	75.47	82.46	37.2	80.52	44.41	40.0	93.23	66.21	21.54	95.02	41.23	48.17	62.36	59.46	105.95	24.04	73.98	87.97	39.32	60.11	49.19	65.31	30.87	73.88	50.96	84.06	46.01	99.54
31	42.38	27.2	91.24	32.25	64.9	70.71	84.9	48.17	60.17	63.25	36.5	30.0	64.56	50.99	66.03	46.65	62.13	46.86	64.0	83.19	86.02	40.0	80.05	90.0	24.74	48.17	45.25	61.06	33.11	56.04	78.03	0.0	78.03	24.41	25.06	83.55	99.16	71.81	31.62	57.72	20.4	60.73	68.88	37.36	50.91	17.89	20.0	38.47	20.0	14.14	22.36	52.15	76.16	22.09	52.0	22.0	34.93	52.84	56.04	34.99	58.86	64.28	73.78	89.31	23.43	82.02	61.81	62.82	16.16	60.02	39.62	56.22	41.62	78.87	52.2	66.65	33.12	47.52	32.14	42.38
32	99.54	52.95	38.21	51.92	41.62	35.78	63.25	94.02	83.55	28.43	42.76	57.58	22.63	40.0	12.0	66.03	17.09	50.48	99.64	36.22	73.54	50.99	20.0	74.0	54.59	51.61	54.92	67.94	69.86	43.86	0.0	78.03	0.0	60.17	68.96	56.32	64.12	16.12	54.41	25.06	58.03	25.61	76.84	94.34	54.04	62.29	68.41	40.79	67.47	88.81	85.44	42.8	75.47	82.46	37.2	80.52	44.41	40.0	93.23	66.21	21.54	95.02	41.23	48.17	62.36	59.46	105.95	24.04	73.98	87.97	39.32	60.11	49.19	65.31	30.87	73.88	50.96	84.06	46.01	99.54
33	63.81	8.49	82.22	31.05	60.46	63.78	84.97	66.48	72.11	40.45	17.89	5.66	52.8	27.2	48.7	54.15	43.17	46.82	80.52	74.97	89.2	39.85	58.14	92.48	8.94	48.7	47.54	67.08	44.41	52.84	60.17	24.41	60.17	0.0	36.88	81.63	96.52	58.31	32.56	45.61	18.0	49.68	76.66	58.31	52.5	22.36	8.25	19.7	31.05	30.27	25.3	48.37	82.0	42.19	28.64	41.18	26.08	47.71	72.28	44.05	44.94	79.25	68.41	83.74	2.24	81.41	80.78	41.01	14.04	73.55	28.32	59.91	40.5	80.78	41.73	73.82	31.32	62.37	20.81	63.81
34	31.62	33.11	72.28	17.09	44.27	51.42	60.96	30.53	36.22	63.78	36.88	41.76	50.16	55.61	57.58	21.63	56.36	25.3	43.68	64.03	61.22	20.1	77.18	65.3	30.46	26.0	22.36	36.06	8.25	35.44	68.96	25.06	68.96	36.88	0.0	60.46	76.03	58.31	14.56	44.72	19.7	46.17	43.86	26.08	27.78	14.56	38.0	38.21	6.0	38.83	46.82	32.56	51.11	14.0	55.32	12.0	26.08	34.23	35.44	10.0	47.54	42.43	53.14	68.03	37.48	58.41	44.78	61.4	37.48	37.01	30.89	31.83	22.09	54.45	38.64	41.59	18.03	25.5	27.59	31.62
35	77.67	73.43	25.61	52.5	21.54	22.0	7.21	66.48	46.04	76.03	67.23	83.19	38.0	79.62	54.15	41.23	60.0	36.77	62.51	21.63	18.44	43.86	75.71	17.89	72.72	35.38	38.42	30.27	54.59	28.84	56.32	83.55	56.32	81.63	60.46	0.0	15.62	40.79	52.35	42.43	66.84	38.21	32.56	74.73	32.8	66.48	87.66	66.48	64.03	97.67	102.18	33.29	26.0	72.47	77.28	70.71	55.57	34.0	60.0	51.11	46.17	56.57	16.0	13.42	83.53	4.47	72.17	71.01	90.43	51.09	54.13	29.55	42.52	13.0	42.72	31.14	51.86	55.73	60.9	77.67
36	91.76	88.2	27.2	67.94	36.06	34.18	16.49	80.05	58.55	87.13	81.41	97.75	49.48	92.35	64.5	56.36	71.02	52.35	74.03	28.0	24.33	59.4	84.1	20.88	87.66	50.99	54.04	44.27	69.97	44.05	64.12	99.16	64.12	96.52	76.03	15.62	0.0	50.16	67.88	55.03	82.22	50.6	44.18	89.2	48.41	82.02	102.8	80.5	79.65	113.28	117.59	48.41	36.0	87.82	89.84	86.09	70.46	48.83	72.69	66.57	58.24	68.03	28.64	16.0	98.47	17.89	84.15	82.04	105.76	63.39	68.6	44.78	58.0	24.52	56.36	43.57	67.27	69.64	75.72	91.76
37	87.36	50.12	26.83	42.0	25.61	19.7	47.54	80.62	68.41	37.36	40.5	57.2	8.25	44.94	14.56	51.88	21.54	36.77	84.88	22.36	57.58	38.83	34.93	58.24	50.99	37.58	41.23	52.35	57.72	28.84	16.12	71.81	16.12	58.31	58.31	40.79	50.16	0.0	44.05	14.14	51.42	12.17	60.96	82.46	39.45	54.59	66.24	38.83	58.0	84.12	83.19	28.64	59.36	72.25	42.19	70.26	36.88	26.0	78.89	53.85	13.42	80.0	25.3	34.23	60.54	43.68	91.79	32.28	71.11	73.01	32.28	44.82	36.88	49.24	20.02	58.05	41.0	70.21	40.16	87.36
38	45.65	26.0	60.17	2.83	33.29	39.4	54.41	42.43	41.23	50.99	26.0	36.06	36.0	44.72	43.08	22.09	42.19	15.62	52.84	52.0	57.27	8.49	63.25	60.83	24.08	17.2	15.23	34.53	16.97	24.41	54.41	31.62	54.41	32.56	14.56	52.35	67.88	44.05	0.0	30.27	15.23	32.0	44.18	40.25	20.59	14.14	36.77	26.83	14.14	45.61	50.0	20.59	49.48	28.28	43.91	26.31	12.81	21.54	44.94	14.42	32.98	50.16	42.19	57.69	33.96	51.22	56.08	48.1	38.59	43.66	17.03	27.51	10.0	49.24	24.19	41.3	3.61	34.67	16.16	45.65
39	74.67	37.2	36.77	28.07	22.09	20.88	48.04	68.96	59.46	34.23	28.28	45.25	7.21	37.36	15.62	41.23	18.97	25.61	75.07	30.0	56.32	26.0	38.83	58.03	37.74	26.91	30.0	44.94	44.94	20.59	25.06	57.72	25.06	45.61	44.72	42.43	55.03	14.14	30.27	0.0	37.36	4.47	54.59	69.57	29.73	40.45	53.25	26.91	44.05	70.23	69.97	18.44	55.03	58.55	34.93	56.57	22.8	15.62	68.41	41.23	4.47	70.71	26.68	40.25	47.8	44.05	81.02	29.43	57.8	63.64	18.38	36.62	24.17	47.38	6.08	51.48	27.07	59.08	26.4	74.67
40	49.52	13.42	71.69	14.42	46.69	51.61	69.34	50.12	54.15	46.65	18.87	22.36	44.27	36.77	46.04	36.22	42.76	30.53	63.25	63.81	72.5	23.32	62.03	76.03	10.77	32.25	30.46	49.48	26.68	38.21	58.03	20.4	58.03	18.0	19.7	66.84	82.22	51.42	15.23	37.36	0.0	40.5	58.86	43.86	35.78	5.66	21.54	20.59	14.42	33.11	35.38	33.94	64.56	28.43	36.88	26.91	14.56	34.06	55.03	26.08	38.47	61.61	55.32	70.94	19.1	66.03	64.41	45.19	23.6	55.73	19.24	42.72	24.41	64.41	31.95	56.09	15.0	44.92	12.04	49.52
41	75.29	41.23	32.56	30.07	18.44	16.49	44.0	68.88	58.0	38.05	32.56	49.52	4.0	41.76	17.89	40.5	22.36	25.06	74.03	25.61	52.61	26.68	41.18	54.15	41.62	26.08	29.53	42.8	45.61	18.44	25.61	60.73	25.61	49.68	46.17	38.21	50.6	12.17	32.0	4.47	40.5	0.0	52.15	70.34	28.43	43.17	57.2	31.24	46.04	73.54	73.78	17.2	52.0	60.13	39.29	58.14	26.0	14.42	67.68	41.76	8.0	69.43	22.36	35.78	51.86	40.0	80.45	33.14	61.59	62.37	21.95	34.71	24.74	43.74	8.54	49.09	29.07	58.67	30.02	75.29
42	49.19	70.11	56.46	46.04	35.38	42.52	28.0	36.77	14.56	87.32	68.26	80.22	54.41	85.51	69.97	22.8	73.35	32.56	30.07	50.12	21.54	38.05	93.3	26.0	68.26	30.59	30.07	10.2	35.78	34.0	76.84	68.88	76.84	76.66	43.86	32.56	44.18	60.96	44.18	54.59	58.86	52.15	0.0	47.71	26.68	55.79	80.05	68.47	49.4	82.37	90.62	36.77	8.94	51.22	83.95	50.0	54.15	39.4	28.64	34.18	59.06	24.08	38.83	45.61	77.93	28.28	40.01	83.01	80.65	19.24	55.73	18.68	38.21	20.02	51.08	3.16	46.01	27.46	59.03	49.19
43	5.66	56.85	92.09	42.94	64.0	72.03	72.8	13.42	34.06	89.64	62.29	63.81	74.22	80.62	83.26	34.23	82.37	46.39	29.73	84.02	68.96	43.68	103.25	73.43	54.04	46.17	42.19	44.94	24.74	56.14	94.34	37.36	94.34	58.31	26.08	74.73	89.2	82.46	40.25	69.57	43.86	70.34	47.71	0.0	46.0	38.21	56.46	63.78	29.73	46.0	58.31	54.59	56.6	16.12	80.62	17.2	52.15	56.89	23.32	28.64	72.8	32.25	72.11	85.16	58.18	71.47	25.0	87.42	53.45	31.14	56.94	45.71	45.61	65.0	63.57	47.01	43.83	20.25	53.41	5.66
44	50.16	45.12	46.17	21.54	18.0	26.08	34.06	41.76	29.73	60.93	42.0	55.32	31.62	58.86	45.34	12.65	47.71	6.0	45.61	38.05	36.77	12.65	68.41	40.25	43.68	4.0	5.66	16.49	22.8	10.77	54.04	50.91	54.04	52.5	27.78	32.8	48.41	39.45	20.59	29.73	35.78	28.43	26.68	46.0	0.0	34.41	57.27	42.05	31.24	65.05	70.46	11.31	30.07	40.5	57.27	38.63	28.07	14.14	39.45	18.97	34.06	41.04	26.31	40.5	54.08	31.11	52.35	56.8	59.17	33.97	29.15	8.06	12.17	28.65	25.24	23.54	21.19	31.02	33.24	50.16
45	43.86	18.87	73.35	14.42	47.2	52.84	68.41	44.72	50.0	52.15	24.41	27.2	47.07	42.43	50.36	32.98	47.54	29.73	58.24	65.3	70.71	22.63	67.23	74.43	16.12	31.24	28.84	46.82	22.09	38.42	62.29	17.89	62.29	22.36	14.56	66.48	82.02	54.59	14.14	40.45	5.66	43.17	55.79	38.21	34.41	0.0	24.33	26.08	8.94	31.62	36.06	34.41	62.03	22.8	42.52	21.26	18.0	34.99	50.0	22.09	42.05	56.89	56.04	71.61	23.09	65.3	59.03	50.54	25.08	51.24	23.02	40.71	24.08	62.97	34.71	53.16	15.26	40.02	16.76	43.86
46	61.74	16.12	89.64	35.78	66.84	70.71	90.55	65.97	74.11	48.17	26.0	12.17	60.46	34.53	56.92	57.27	51.42	51.88	80.89	82.22	94.02	44.72	66.03	97.51	15.62	53.67	52.0	70.88	46.04	58.82	68.41	20.0	68.41	8.25	38.0	87.66	102.8	66.24	36.77	53.25	21.54	57.2	80.05	56.46	57.27	24.33	0.0	27.86	32.0	22.8	17.09	54.41	86.02	40.5	36.22	39.85	32.56	54.04	72.69	46.39	52.84	80.22	75.07	90.55	6.08	87.13	80.08	49.01	6.08	75.01	35.47	64.26	45.65	85.87	49.04	77.37	36.24	63.2	27.59	61.74
47	69.43	12.17	63.66	24.17	44.94	46.65	70.88	68.41	67.68	26.08	2.0	18.44	33.94	17.89	29.12	48.08	24.08	36.06	79.65	56.85	76.94	30.59	41.76	79.62	14.0	38.05	38.47	58.31	43.27	38.83	40.79	38.47	40.79	19.7	38.21	66.48	80.5	38.83	26.83	26.91	20.59	31.24	68.47	63.78	42.05	26.08	27.86	0.0	34.06	48.17	44.94	34.53	72.0	48.83	17.2	47.2	14.56	32.98	71.69	41.18	25.61	76.97	51.88	66.57	21.93	67.05	82.42	24.7	33.24	70.38	13.04	50.09	30.27	68.07	24.19	65.38	23.77	61.4	10.82	69.43
48	35.38	27.78	74.0	16.0	46.52	53.14	65.05	35.78	42.19	60.0	32.56	36.06	50.04	50.99	55.79	26.83	53.85	27.78	49.48	65.79	66.03	21.54	74.24	70.0	25.06	28.84	25.61	41.18	14.14	37.58	67.47	20.0	67.47	31.05	6.0	64.03	79.65	58.0	14.14	44.05	14.42	46.04	49.4	29.73	31.24	8.94	32.0	34.06	0.0	34.06	41.23	34.18	56.36	15.23	50.91	13.42	23.41	35.44	41.23	15.23	46.39	48.37	55.46	70.71	31.58	62.29	50.09	57.98	31.58	43.01	28.46	36.24	23.41	58.9	38.01	47.01	17.0	31.4	23.85	35.38
49	50.16	36.06	104.71	46.04	78.82	84.38	99.04	58.31	72.8	70.71	46.17	34.93	77.25	57.27	76.94	60.46	72.25	60.96	74.67	96.75	100.0	54.04	88.36	104.02	34.23	62.29	59.4	74.89	46.65	70.0	88.81	14.14	88.81	30.27	38.83	97.67	113.28	84.12	45.61	70.23	33.11	73.54	82.37	46.0	65.05	31.62	22.8	48.17	34.06	0.0	13.42	66.03	89.89	32.98	58.86	33.53	47.54	66.57	67.08	48.83	70.88	75.71	87.66	103.23	28.44	96.17	71.0	71.18	16.76	72.12	51.87	70.29	55.61	92.96	65.0	80.26	46.87	59.48	43.97	50.16
50	62.8	33.11	106.02	49.68	82.02	86.56	104.4	70.0	82.46	64.03	43.08	28.28	77.18	50.0	74.0	68.03	68.41	65.6	86.09	98.41	106.68	58.41	82.1	110.45	32.25	67.2	64.9	82.29	55.03	73.59	85.44	22.36	85.44	25.3	46.82	102.18	117.59	83.19	50.0	69.97	35.38	73.78	90.62	58.31	70.46	36.06	17.09	44.94	41.23	13.42	0.0	69.31	97.51	44.05	52.04	44.18	48.41	69.31	78.23	56.46	69.77	86.58	90.55	106.15	23.09	101.21	83.22	65.38	12.21	82.38	51.87	76.66	59.67	99.02	65.46	88.24	50.33	69.87	43.83	62.8
51	59.23	40.25	39.85	20.0	12.81	18.97	36.77	52.0	41.04	50.6	34.93	50.16	20.59	50.04	34.06	23.32	36.72	8.25	56.85	31.62	42.43	12.65	57.2	45.12	39.45	8.94	12.65	26.83	30.07	4.47	42.8	52.15	42.8	48.37	32.56	33.29	48.41	28.64	20.59	18.44	33.94	17.2	36.77	54.59	11.31	34.41	54.41	34.53	34.18	66.03	69.31	0.0	38.47	46.39	48.17	44.41	22.36	2.83	50.48	26.08	22.8	52.35	21.63	37.2	50.25	33.11	63.29	46.24	57.38	45.28	21.59	18.36	10.77	33.54	14.32	33.62	19.21	41.59	27.73	59.23
52	58.14	74.97	51.11	50.99	34.0	40.0	20.4	45.69	23.41	88.77	72.03	85.16	53.67	88.36	69.86	29.53	74.0	36.06	38.05	45.61	12.65	42.43	93.04	17.09	73.35	34.06	34.53	15.23	43.27	34.93	75.47	76.16	75.47	82.0	51.11	26.0	36.0	59.36	49.48	55.03	64.56	52.0	8.94	56.6	30.07	62.03	86.02	72.0	56.36	89.89	97.51	38.47	0.0	59.46	86.58	58.14	58.14	40.79	37.36	41.18	59.46	32.06	35.38	39.4	83.43	21.54	48.26	84.2	87.09	27.89	59.01	22.2	42.19	13.0	52.39	9.9	50.8	36.36	63.29	58.14
53	21.63	41.04	85.91	30.59	57.72	65.12	72.11	26.08	40.25	74.89	47.2	47.71	64.12	65.12	70.88	31.62	69.08	38.83	42.05	77.67	70.77	34.06	89.44	75.07	38.21	39.29	35.44	45.34	17.89	49.03	82.46	22.09	82.46	42.19	14.0	72.47	87.82	72.25	28.28	58.55	28.43	60.13	51.22	16.12	40.5	22.8	40.5	48.83	15.23	32.98	44.05	46.39	59.46	0.0	65.3	2.0	38.63	48.17	34.23	21.54	61.19	42.76	66.48	80.99	42.06	69.97	39.81	73.06	37.85	39.22	43.66	43.05	36.06	65.0	52.47	49.58	31.58	26.57	38.95	21.63
54	86.28	25.06	68.96	41.18	56.32	55.79	82.61	85.6	84.31	12.0	18.44	24.08	40.5	2.83	28.43	64.62	21.26	51.42	96.75	63.56	90.02	46.82	30.07	92.2	27.78	53.37	54.41	73.76	60.46	52.04	37.2	52.0	37.2	28.64	55.32	77.28	89.84	42.19	43.91	34.93	36.88	39.29	83.95	80.62	57.27	42.52	36.22	17.2	50.91	58.86	52.04	48.17	86.58	65.3	0.0	63.78	31.3	46.04	88.84	58.31	31.62	93.91	61.61	74.67	30.41	78.64	99.62	13.93	42.3	87.24	28.46	65.31	46.17	81.02	35.06	80.81	40.71	78.55	28.02	86.28
55	22.8	39.7	83.95	28.64	55.79	63.15	70.46	26.31	39.4	73.24	45.61	46.65	62.13	63.66	68.96	30.0	67.23	36.88	42.0	75.71	69.31	32.06	87.66	73.59	36.88	37.36	33.53	43.86	16.12	47.07	80.52	22.0	80.52	41.18	12.0	70.71	86.09	70.26	26.31	56.57	26.91	58.14	50.0	17.2	38.63	21.26	39.85	47.2	13.42	33.53	44.18	44.41	58.14	2.0	63.78	0.0	36.77	46.17	34.06	19.7	59.23	42.43	64.56	79.12	41.15	68.26	40.26	71.34	37.48	38.6	41.79	41.34	34.06	63.41	50.49	48.27	29.61	25.96	37.22	22.8
