vehicles
vehicle_idx, capacity, cost_per_unit_distance
1,100,1
2,100,1
depot
node_idx,x,y
0,82,76
home delivery customers
node_idx,x,y,service_time,demand
1,14,24,10,6
2,5,10,10,14
self pickup customers
node_idx,x,y,service_time,demand,locker_idxs
3,42,9,10,8,8
4,84,39,10,16,12
flexible customers
node_idx,x,y,service_time,demand,locker_idxs
5,3,82,10,8,10
6,61,59,10,3,13
lockers
node_idx,x,y,service_time,capacity,cost_per_unit_good
7,65,88,10,87
8,25,15,10,100
9,93,12,10,74
10,22,88,10,100
11,77,88,10,76
12,72,14,10,87
13,44,40,10,97
14,26,63,10,83
mrt lines
start_node_idx,end_node_idx,freight_capacity,cost_per_unit_good
7,8,100,1.5
8,7,100,1.5
distance matrix
,0,1,2,3,4,5,6,7,8,9,10,11,12,13,14,
0,0.0,85.6,101.41,78.03,37.05,79.23,27.02,20.81,83.49,64.94,61.19,13.0,62.8,52.35,57.49
1,85.6,0.0,16.64,31.76,71.59,59.03,58.6,81.84,14.21,79.91,64.5,89.81,58.86,34.0,40.8
2,101.41,16.64,0.0,37.01,84.15,72.03,74.41,98.41,20.62,88.02,79.83,106.15,67.12,49.2,57.01
3,78.03,31.76,37.01,0.0,51.61,82.76,53.49,82.28,18.03,51.09,81.49,86.41,30.41,31.06,56.32
4,37.05,71.59,84.15,51.61,0.0,91.71,30.48,52.55,63.69,28.46,79.03,49.5,27.73,40.01,62.77
5,79.23,59.03,72.03,82.76,91.71,0.0,62.39,62.29,70.52,114.02,19.92,74.24,96.88,58.69,29.83
6,27.02,58.6,74.41,53.49,30.48,62.39,0.0,29.27,56.85,56.86,48.6,33.12,46.32,25.5,35.23
7,20.81,81.84,98.41,82.28,52.55,62.29,29.27,0.0,83.24,80.99,43.0,12.0,74.33,52.39,46.32
8,83.49,14.21,20.62,18.03,63.69,70.52,56.85,83.24,0.0,68.07,73.06,89.63,47.01,31.4,48.01
9,64.94,79.91,88.02,51.09,28.46,114.02,56.86,80.99,68.07,0.0,104.0,77.67,21.1,56.44,84.2
10,61.19,64.5,79.83,81.49,79.03,19.92,48.6,43.0,73.06,104.0,0.0,55.0,89.31,52.8,25.32
11,13.0,89.81,106.15,86.41,49.5,74.24,33.12,12.0,89.63,77.67,55.0,0.0,74.17,58.25,56.8
12,62.8,58.86,67.12,30.41,27.73,96.88,46.32,74.33,47.01,21.1,89.31,74.17,0.0,38.21,67.21
13,52.35,34.0,49.2,31.06,40.01,58.69,25.5,52.39,31.4,56.44,52.8,58.25,38.21,0.0,29.21
14,57.49,40.8,57.01,56.32,62.77,29.83,35.23,46.32,48.01,84.2,25.32,56.8,67.21,29.21,0.0
