set K:= 1	2	3	4	5	6	7	8	9	10;
set C_H:= 1	2	3	4	5	6	7	8	9	10	11	12	13	14	15	16	17	18	19	20	21	22	23	24	25	26	27;
set C_S:= 28	29	30	31	32	33	34	35	36	37	38	39	40	41	42	43	44	45	46	47	48	49	50	51	52	53;
set C_F:= 54	55	56	57	58	59	60	61	62	63	64	65	66	67	68	69	70	71	72	73	74	75	76	77	78	79;
set M:= 80	81	82	83	84	85;
set L_B:= 86	87	88	89	90	91	92	93	94	95;
set A1:=
(0,*) 1 2 3 4 5 6 7 8 9 10 11 12 13 14 15 16 17 18 19 20 21 22 23 24 25 26 27 54 55 56 57 58 59 60 61 62 63 64 65 66 67 68 69 70 71 72 73 74 75 76 77 78 79 80 81 82 83 84 85 86 87 88 89 90 91 92 93 94 95 96
(1,*) 0 2 3 4 5 6 7 8 9 10 11 12 13 14 15 16 17 18 19 20 21 22 23 24 25 26 27 54 55 56 57 58 59 60 61 62 63 64 65 66 67 68 69 70 71 72 73 74 75 76 77 78 79 80 81 82 83 84 85 86 87 88 89 90 91 92 93 94 95 96
(2,*) 0 1 3 4 5 6 7 8 9 10 11 12 13 14 15 16 17 18 19 20 21 22 23 24 25 26 27 54 55 56 57 58 59 60 61 62 63 64 65 66 67 68 69 70 71 72 73 74 75 76 77 78 79 80 81 82 83 84 85 86 87 88 89 90 91 92 93 94 95 96
(3,*) 0 1 2 4 5 6 7 8 9 10 11 12 13 14 15 16 17 18 19 20 21 22 23 24 25 26 27 54 55 56 57 58 59 60 61 62 63 64 65 66 67 68 69 70 71 72 73 74 75 76 77 78 79 80 81 82 83 84 85 86 87 88 89 90 91 92 93 94 95 96
(4,*) 0 1 2 3 5 6 7 8 9 10 11 12 13 14 15 16 17 18 19 20 21 22 23 24 25 26 27 54 55 56 57 58 59 60 61 62 63 64 65 66 67 68 69 70 71 72 73 74 75 76 77 78 79 80 81 82 83 84 85 86 87 88 89 90 91 92 93 94 95 96
(5,*) 0 1 2 3 4 6 7 8 9 10 11 12 13 14 15 16 17 18 19 20 21 22 23 24 25 26 27 54 55 56 57 58 59 60 61 62 63 64 65 66 67 68 69 70 71 72 73 74 75 76 77 78 79 80 81 82 83 84 85 86 87 88 89 90 91 92 93 94 95 96
(6,*) 0 1 2 3 4 5 7 8 9 10 11 12 13 14 15 16 17 18 19 20 21 22 23 24 25 26 27 54 55 56 57 58 59 60 61 62 63 64 65 66 67 68 69 70 71 72 73 74 75 76 77 78 79 80 81 82 83 84 85 86 87 88 89 90 91 92 93 94 95 96
(7,*) 0 1 2 3 4 5 6 8 9 10 11 12 13 14 15 16 17 18 19 20 21 22 23 24 25 26 27 54 55 56 57 58 59 60 61 62 63 64 65 66 67 68 69 70 71 72 73 74 75 76 77 78 79 80 81 82 83 84 85 86 87 88 89 90 91 92 93 94 95 96
(8,*) 0 1 2 3 4 5 6 7 9 10 11 12 13 14 15 16 17 18 19 20 21 22 23 24 25 26 27 54 55 56 57 58 59 60 61 62 63 64 65 66 67 68 69 70 71 72 73 74 75 76 77 78 79 80 81 82 83 84 85 86 87 88 89 90 91 92 93 94 95 96
(9,*) 0 1 2 3 4 5 6 7 8 10 11 12 13 14 15 16 17 18 19 20 21 22 23 24 25 26 27 54 55 56 57 58 59 60 61 62 63 64 65 66 67 68 69 70 71 72 73 74 75 76 77 78 79 80 81 82 83 84 85 86 87 88 89 90 91 92 93 94 95 96
(10,*) 0 1 2 3 4 5 6 7 8 9 11 12 13 14 15 16 17 18 19 20 21 22 23 24 25 26 27 54 55 56 57 58 59 60 61 62 63 64 65 66 67 68 69 70 71 72 73 74 75 76 77 78 79 80 81 82 83 84 85 86 87 88 89 90 91 92 93 94 95 96
(11,*) 0 1 2 3 4 5 6 7 8 9 10 12 13 14 15 16 17 18 19 20 21 22 23 24 25 26 27 54 55 56 57 58 59 60 61 62 63 64 65 66 67 68 69 70 71 72 73 74 75 76 77 78 79 80 81 82 83 84 85 86 87 88 89 90 91 92 93 94 95 96
(12,*) 0 1 2 3 4 5 6 7 8 9 10 11 13 14 15 16 17 18 19 20 21 22 23 24 25 26 27 54 55 56 57 58 59 60 61 62 63 64 65 66 67 68 69 70 71 72 73 74 75 76 77 78 79 80 81 82 83 84 85 86 87 88 89 90 91 92 93 94 95 96
(13,*) 0 1 2 3 4 5 6 7 8 9 10 11 12 14 15 16 17 18 19 20 21 22 23 24 25 26 27 54 55 56 57 58 59 60 61 62 63 64 65 66 67 68 69 70 71 72 73 74 75 76 77 78 79 80 81 82 83 84 85 86 87 88 89 90 91 92 93 94 95 96
(14,*) 0 1 2 3 4 5 6 7 8 9 10 11 12 13 15 16 17 18 19 20 21 22 23 24 25 26 27 54 55 56 57 58 59 60 61 62 63 64 65 66 67 68 69 70 71 72 73 74 75 76 77 78 79 80 81 82 83 84 85 86 87 88 89 90 91 92 93 94 95 96
(15,*) 0 1 2 3 4 5 6 7 8 9 10 11 12 13 14 16 17 18 19 20 21 22 23 24 25 26 27 54 55 56 57 58 59 60 61 62 63 64 65 66 67 68 69 70 71 72 73 74 75 76 77 78 79 80 81 82 83 84 85 86 87 88 89 90 91 92 93 94 95 96
(16,*) 0 1 2 3 4 5 6 7 8 9 10 11 12 13 14 15 17 18 19 20 21 22 23 24 25 26 27 54 55 56 57 58 59 60 61 62 63 64 65 66 67 68 69 70 71 72 73 74 75 76 77 78 79 80 81 82 83 84 85 86 87 88 89 90 91 92 93 94 95 96
(17,*) 0 1 2 3 4 5 6 7 8 9 10 11 12 13 14 15 16 18 19 20 21 22 23 24 25 26 27 54 55 56 57 58 59 60 61 62 63 64 65 66 67 68 69 70 71 72 73 74 75 76 77 78 79 80 81 82 83 84 85 86 87 88 89 90 91 92 93 94 95 96
(18,*) 0 1 2 3 4 5 6 7 8 9 10 11 12 13 14 15 16 17 19 20 21 22 23 24 25 26 27 54 55 56 57 58 59 60 61 62 63 64 65 66 67 68 69 70 71 72 73 74 75 76 77 78 79 80 81 82 83 84 85 86 87 88 89 90 91 92 93 94 95 96
(19,*) 0 1 2 3 4 5 6 7 8 9 10 11 12 13 14 15 16 17 18 20 21 22 23 24 25 26 27 54 55 56 57 58 59 60 61 62 63 64 65 66 67 68 69 70 71 72 73 74 75 76 77 78 79 80 81 82 83 84 85 86 87 88 89 90 91 92 93 94 95 96
(20,*) 0 1 2 3 4 5 6 7 8 9 10 11 12 13 14 15 16 17 18 19 21 22 23 24 25 26 27 54 55 56 57 58 59 60 61 62 63 64 65 66 67 68 69 70 71 72 73 74 75 76 77 78 79 80 81 82 83 84 85 86 87 88 89 90 91 92 93 94 95 96
(21,*) 0 1 2 3 4 5 6 7 8 9 10 11 12 13 14 15 16 17 18 19 20 22 23 24 25 26 27 54 55 56 57 58 59 60 61 62 63 64 65 66 67 68 69 70 71 72 73 74 75 76 77 78 79 80 81 82 83 84 85 86 87 88 89 90 91 92 93 94 95 96
(22,*) 0 1 2 3 4 5 6 7 8 9 10 11 12 13 14 15 16 17 18 19 20 21 23 24 25 26 27 54 55 56 57 58 59 60 61 62 63 64 65 66 67 68 69 70 71 72 73 74 75 76 77 78 79 80 81 82 83 84 85 86 87 88 89 90 91 92 93 94 95 96
(23,*) 0 1 2 3 4 5 6 7 8 9 10 11 12 13 14 15 16 17 18 19 20 21 22 24 25 26 27 54 55 56 57 58 59 60 61 62 63 64 65 66 67 68 69 70 71 72 73 74 75 76 77 78 79 80 81 82 83 84 85 86 87 88 89 90 91 92 93 94 95 96
(24,*) 0 1 2 3 4 5 6 7 8 9 10 11 12 13 14 15 16 17 18 19 20 21 22 23 25 26 27 54 55 56 57 58 59 60 61 62 63 64 65 66 67 68 69 70 71 72 73 74 75 76 77 78 79 80 81 82 83 84 85 86 87 88 89 90 91 92 93 94 95 96
(25,*) 0 1 2 3 4 5 6 7 8 9 10 11 12 13 14 15 16 17 18 19 20 21 22 23 24 26 27 54 55 56 57 58 59 60 61 62 63 64 65 66 67 68 69 70 71 72 73 74 75 76 77 78 79 80 81 82 83 84 85 86 87 88 89 90 91 92 93 94 95 96
(26,*) 0 1 2 3 4 5 6 7 8 9 10 11 12 13 14 15 16 17 18 19 20 21 22 23 24 25 27 54 55 56 57 58 59 60 61 62 63 64 65 66 67 68 69 70 71 72 73 74 75 76 77 78 79 80 81 82 83 84 85 86 87 88 89 90 91 92 93 94 95 96
(27,*) 0 1 2 3 4 5 6 7 8 9 10 11 12 13 14 15 16 17 18 19 20 21 22 23 24 25 26 54 55 56 57 58 59 60 61 62 63 64 65 66 67 68 69 70 71 72 73 74 75 76 77 78 79 80 81 82 83 84 85 86 87 88 89 90 91 92 93 94 95 96
(54,*) 0 1 2 3 4 5 6 7 8 9 10 11 12 13 14 15 16 17 18 19 20 21 22 23 24 25 26 27 55 56 57 58 59 60 61 62 63 64 65 66 67 68 69 70 71 72 73 74 75 76 77 78 79 80 81 82 83 84 85 86 87 88 89 90 91 92 93 94 95 96
(55,*) 0 1 2 3 4 5 6 7 8 9 10 11 12 13 14 15 16 17 18 19 20 21 22 23 24 25 26 27 54 56 57 58 59 60 61 62 63 64 65 66 67 68 69 70 71 72 73 74 75 76 77 78 79 80 81 82 83 84 85 86 87 88 89 90 91 92 93 94 95 96
(56,*) 0 1 2 3 4 5 6 7 8 9 10 11 12 13 14 15 16 17 18 19 20 21 22 23 24 25 26 27 54 55 57 58 59 60 61 62 63 64 65 66 67 68 69 70 71 72 73 74 75 76 77 78 79 80 81 82 83 84 85 86 87 88 89 90 91 92 93 94 95 96
(57,*) 0 1 2 3 4 5 6 7 8 9 10 11 12 13 14 15 16 17 18 19 20 21 22 23 24 25 26 27 54 55 56 58 59 60 61 62 63 64 65 66 67 68 69 70 71 72 73 74 75 76 77 78 79 80 81 82 83 84 85 86 87 88 89 90 91 92 93 94 95 96
(58,*) 0 1 2 3 4 5 6 7 8 9 10 11 12 13 14 15 16 17 18 19 20 21 22 23 24 25 26 27 54 55 56 57 59 60 61 62 63 64 65 66 67 68 69 70 71 72 73 74 75 76 77 78 79 80 81 82 83 84 85 86 87 88 89 90 91 92 93 94 95 96
(59,*) 0 1 2 3 4 5 6 7 8 9 10 11 12 13 14 15 16 17 18 19 20 21 22 23 24 25 26 27 54 55 56 57 58 60 61 62 63 64 65 66 67 68 69 70 71 72 73 74 75 76 77 78 79 80 81 82 83 84 85 86 87 88 89 90 91 92 93 94 95 96
(60,*) 0 1 2 3 4 5 6 7 8 9 10 11 12 13 14 15 16 17 18 19 20 21 22 23 24 25 26 27 54 55 56 57 58 59 61 62 63 64 65 66 67 68 69 70 71 72 73 74 75 76 77 78 79 80 81 82 83 84 85 86 87 88 89 90 91 92 93 94 95 96
(61,*) 0 1 2 3 4 5 6 7 8 9 10 11 12 13 14 15 16 17 18 19 20 21 22 23 24 25 26 27 54 55 56 57 58 59 60 62 63 64 65 66 67 68 69 70 71 72 73 74 75 76 77 78 79 80 81 82 83 84 85 86 87 88 89 90 91 92 93 94 95 96
(62,*) 0 1 2 3 4 5 6 7 8 9 10 11 12 13 14 15 16 17 18 19 20 21 22 23 24 25 26 27 54 55 56 57 58 59 60 61 63 64 65 66 67 68 69 70 71 72 73 74 75 76 77 78 79 80 81 82 83 84 85 86 87 88 89 90 91 92 93 94 95 96
(63,*) 0 1 2 3 4 5 6 7 8 9 10 11 12 13 14 15 16 17 18 19 20 21 22 23 24 25 26 27 54 55 56 57 58 59 60 61 62 64 65 66 67 68 69 70 71 72 73 74 75 76 77 78 79 80 81 82 83 84 85 86 87 88 89 90 91 92 93 94 95 96
(64,*) 0 1 2 3 4 5 6 7 8 9 10 11 12 13 14 15 16 17 18 19 20 21 22 23 24 25 26 27 54 55 56 57 58 59 60 61 62 63 65 66 67 68 69 70 71 72 73 74 75 76 77 78 79 80 81 82 83 84 85 86 87 88 89 90 91 92 93 94 95 96
(65,*) 0 1 2 3 4 5 6 7 8 9 10 11 12 13 14 15 16 17 18 19 20 21 22 23 24 25 26 27 54 55 56 57 58 59 60 61 62 63 64 66 67 68 69 70 71 72 73 74 75 76 77 78 79 80 81 82 83 84 85 86 87 88 89 90 91 92 93 94 95 96
(66,*) 0 1 2 3 4 5 6 7 8 9 10 11 12 13 14 15 16 17 18 19 20 21 22 23 24 25 26 27 54 55 56 57 58 59 60 61 62 63 64 65 67 68 69 70 71 72 73 74 75 76 77 78 79 80 81 82 83 84 85 86 87 88 89 90 91 92 93 94 95 96
(67,*) 0 1 2 3 4 5 6 7 8 9 10 11 12 13 14 15 16 17 18 19 20 21 22 23 24 25 26 27 54 55 56 57 58 59 60 61 62 63 64 65 66 68 69 70 71 72 73 74 75 76 77 78 79 80 81 82 83 84 85 86 87 88 89 90 91 92 93 94 95 96
(68,*) 0 1 2 3 4 5 6 7 8 9 10 11 12 13 14 15 16 17 18 19 20 21 22 23 24 25 26 27 54 55 56 57 58 59 60 61 62 63 64 65 66 67 69 70 71 72 73 74 75 76 77 78 79 80 81 82 83 84 85 86 87 88 89 90 91 92 93 94 95 96
(69,*) 0 1 2 3 4 5 6 7 8 9 10 11 12 13 14 15 16 17 18 19 20 21 22 23 24 25 26 27 54 55 56 57 58 59 60 61 62 63 64 65 66 67 68 70 71 72 73 74 75 76 77 78 79 80 81 82 83 84 85 86 87 88 89 90 91 92 93 94 95 96
(70,*) 0 1 2 3 4 5 6 7 8 9 10 11 12 13 14 15 16 17 18 19 20 21 22 23 24 25 26 27 54 55 56 57 58 59 60 61 62 63 64 65 66 67 68 69 71 72 73 74 75 76 77 78 79 80 81 82 83 84 85 86 87 88 89 90 91 92 93 94 95 96
(71,*) 0 1 2 3 4 5 6 7 8 9 10 11 12 13 14 15 16 17 18 19 20 21 22 23 24 25 26 27 54 55 56 57 58 59 60 61 62 63 64 65 66 67 68 69 70 72 73 74 75 76 77 78 79 80 81 82 83 84 85 86 87 88 89 90 91 92 93 94 95 96
(72,*) 0 1 2 3 4 5 6 7 8 9 10 11 12 13 14 15 16 17 18 19 20 21 22 23 24 25 26 27 54 55 56 57 58 59 60 61 62 63 64 65 66 67 68 69 70 71 73 74 75 76 77 78 79 80 81 82 83 84 85 86 87 88 89 90 91 92 93 94 95 96
(73,*) 0 1 2 3 4 5 6 7 8 9 10 11 12 13 14 15 16 17 18 19 20 21 22 23 24 25 26 27 54 55 56 57 58 59 60 61 62 63 64 65 66 67 68 69 70 71 72 74 75 76 77 78 79 80 81 82 83 84 85 86 87 88 89 90 91 92 93 94 95 96
(74,*) 0 1 2 3 4 5 6 7 8 9 10 11 12 13 14 15 16 17 18 19 20 21 22 23 24 25 26 27 54 55 56 57 58 59 60 61 62 63 64 65 66 67 68 69 70 71 72 73 75 76 77 78 79 80 81 82 83 84 85 86 87 88 89 90 91 92 93 94 95 96
(75,*) 0 1 2 3 4 5 6 7 8 9 10 11 12 13 14 15 16 17 18 19 20 21 22 23 24 25 26 27 54 55 56 57 58 59 60 61 62 63 64 65 66 67 68 69 70 71 72 73 74 76 77 78 79 80 81 82 83 84 85 86 87 88 89 90 91 92 93 94 95 96
(76,*) 0 1 2 3 4 5 6 7 8 9 10 11 12 13 14 15 16 17 18 19 20 21 22 23 24 25 26 27 54 55 56 57 58 59 60 61 62 63 64 65 66 67 68 69 70 71 72 73 74 75 77 78 79 80 81 82 83 84 85 86 87 88 89 90 91 92 93 94 95 96
(77,*) 0 1 2 3 4 5 6 7 8 9 10 11 12 13 14 15 16 17 18 19 20 21 22 23 24 25 26 27 54 55 56 57 58 59 60 61 62 63 64 65 66 67 68 69 70 71 72 73 74 75 76 78 79 80 81 82 83 84 85 86 87 88 89 90 91 92 93 94 95 96
(78,*) 0 1 2 3 4 5 6 7 8 9 10 11 12 13 14 15 16 17 18 19 20 21 22 23 24 25 26 27 54 55 56 57 58 59 60 61 62 63 64 65 66 67 68 69 70 71 72 73 74 75 76 77 79 80 81 82 83 84 85 86 87 88 89 90 91 92 93 94 95 96
(79,*) 0 1 2 3 4 5 6 7 8 9 10 11 12 13 14 15 16 17 18 19 20 21 22 23 24 25 26 27 54 55 56 57 58 59 60 61 62 63 64 65 66 67 68 69 70 71 72 73 74 75 76 77 78 80 81 82 83 84 85 86 87 88 89 90 91 92 93 94 95 96
(80,*) 0 1 2 3 4 5 6 7 8 9 10 11 12 13 14 15 16 17 18 19 20 21 22 23 24 25 26 27 54 55 56 57 58 59 60 61 62 63 64 65 66 67 68 69 70 71 72 73 74 75 76 77 78 79 81 82 83 84 85 86 87 88 89 90 91 92 93 94 95 96
(81,*) 0 1 2 3 4 5 6 7 8 9 10 11 12 13 14 15 16 17 18 19 20 21 22 23 24 25 26 27 54 55 56 57 58 59 60 61 62 63 64 65 66 67 68 69 70 71 72 73 74 75 76 77 78 79 80 82 83 84 85 86 87 88 89 90 91 92 93 94 95 96
(82,*) 0 1 2 3 4 5 6 7 8 9 10 11 12 13 14 15 16 17 18 19 20 21 22 23 24 25 26 27 54 55 56 57 58 59 60 61 62 63 64 65 66 67 68 69 70 71 72 73 74 75 76 77 78 79 80 81 83 84 85 86 87 88 89 90 91 92 93 94 95 96
(83,*) 0 1 2 3 4 5 6 7 8 9 10 11 12 13 14 15 16 17 18 19 20 21 22 23 24 25 26 27 54 55 56 57 58 59 60 61 62 63 64 65 66 67 68 69 70 71 72 73 74 75 76 77 78 79 80 81 82 84 85 86 87 88 89 90 91 92 93 94 95 96
(84,*) 0 1 2 3 4 5 6 7 8 9 10 11 12 13 14 15 16 17 18 19 20 21 22 23 24 25 26 27 54 55 56 57 58 59 60 61 62 63 64 65 66 67 68 69 70 71 72 73 74 75 76 77 78 79 80 81 82 83 85 86 87 88 89 90 91 92 93 94 95 96
(85,*) 0 1 2 3 4 5 6 7 8 9 10 11 12 13 14 15 16 17 18 19 20 21 22 23 24 25 26 27 54 55 56 57 58 59 60 61 62 63 64 65 66 67 68 69 70 71 72 73 74 75 76 77 78 79 80 81 82 83 84 86 87 88 89 90 91 92 93 94 95 96
(86,*) 0 1 2 3 4 5 6 7 8 9 10 11 12 13 14 15 16 17 18 19 20 21 22 23 24 25 26 27 54 55 56 57 58 59 60 61 62 63 64 65 66 67 68 69 70 71 72 73 74 75 76 77 78 79 80 81 82 83 84 85 87 88 89 90 91 92 93 94 95 96
(87,*) 0 1 2 3 4 5 6 7 8 9 10 11 12 13 14 15 16 17 18 19 20 21 22 23 24 25 26 27 54 55 56 57 58 59 60 61 62 63 64 65 66 67 68 69 70 71 72 73 74 75 76 77 78 79 80 81 82 83 84 85 86 88 89 90 91 92 93 94 95 96
(88,*) 0 1 2 3 4 5 6 7 8 9 10 11 12 13 14 15 16 17 18 19 20 21 22 23 24 25 26 27 54 55 56 57 58 59 60 61 62 63 64 65 66 67 68 69 70 71 72 73 74 75 76 77 78 79 80 81 82 83 84 85 86 87 89 90 91 92 93 94 95 96
(89,*) 0 1 2 3 4 5 6 7 8 9 10 11 12 13 14 15 16 17 18 19 20 21 22 23 24 25 26 27 54 55 56 57 58 59 60 61 62 63 64 65 66 67 68 69 70 71 72 73 74 75 76 77 78 79 80 81 82 83 84 85 86 87 88 90 91 92 93 94 95 96
(90,*) 0 1 2 3 4 5 6 7 8 9 10 11 12 13 14 15 16 17 18 19 20 21 22 23 24 25 26 27 54 55 56 57 58 59 60 61 62 63 64 65 66 67 68 69 70 71 72 73 74 75 76 77 78 79 80 81 82 83 84 85 86 87 88 89 91 92 93 94 95 96
(91,*) 0 1 2 3 4 5 6 7 8 9 10 11 12 13 14 15 16 17 18 19 20 21 22 23 24 25 26 27 54 55 56 57 58 59 60 61 62 63 64 65 66 67 68 69 70 71 72 73 74 75 76 77 78 79 80 81 82 83 84 85 86 87 88 89 90 92 93 94 95 96
(92,*) 0 1 2 3 4 5 6 7 8 9 10 11 12 13 14 15 16 17 18 19 20 21 22 23 24 25 26 27 54 55 56 57 58 59 60 61 62 63 64 65 66 67 68 69 70 71 72 73 74 75 76 77 78 79 80 81 82 83 84 85 86 87 88 89 90 91 93 94 95 96
(93,*) 0 1 2 3 4 5 6 7 8 9 10 11 12 13 14 15 16 17 18 19 20 21 22 23 24 25 26 27 54 55 56 57 58 59 60 61 62 63 64 65 66 67 68 69 70 71 72 73 74 75 76 77 78 79 80 81 82 83 84 85 86 87 88 89 90 91 92 94 95 96
(94,*) 0 1 2 3 4 5 6 7 8 9 10 11 12 13 14 15 16 17 18 19 20 21 22 23 24 25 26 27 54 55 56 57 58 59 60 61 62 63 64 65 66 67 68 69 70 71 72 73 74 75 76 77 78 79 80 81 82 83 84 85 86 87 88 89 90 91 92 93 95 96
(95,*) 0 1 2 3 4 5 6 7 8 9 10 11 12 13 14 15 16 17 18 19 20 21 22 23 24 25 26 27 54 55 56 57 58 59 60 61 62 63 64 65 66 67 68 69 70 71 72 73 74 75 76 77 78 79 80 81 82 83 84 85 86 87 88 89 90 91 92 93 94 96
(96,*) 0 1 2 3 4 5 6 7 8 9 10 11 12 13 14 15 16 17 18 19 20 21 22 23 24 25 26 27 54 55 56 57 58 59 60 61 62 63 64 65 66 67 68 69 70 71 72 73 74 75 76 77 78 79 80 81 82 83 84 85 86 87 88 89 90 91 92 93 94 95
;
set A2:=
(80,*) 81
(81,*) 80
;
param BigM:=99999;
param n:= 10;
param d:=
1	23
2	26
3	23
4	12
5	6
6	26
7	15
8	7
9	4
10	4
11	10
12	2
13	13
14	23
15	23
16	11
17	2
18	13
19	14
20	7
21	22
22	18
23	2
24	9
25	5
26	12
27	2
28	24
29	22
30	5
31	16
32	26
33	17
34	9
35	1
36	2
37	12
38	14
39	21
40	6
41	10
42	3
43	13
44	7
45	21
46	22
47	6
48	9
49	12
50	19
51	6
52	14
53	2
54	11
55	23
56	9
57	9
58	14
59	2
60	2
61	20
62	12
63	13
64	12
65	20
66	9
67	2
68	23
69	13
70	3
71	7
72	6
73	2
74	22
75	13
76	11
77	5
78	2
79	24
;
param Q:=100;
param w:=
[80,*] 81 1.5
[81,*] 80 1.5
;
param V:=
[80,*] 81 99
[81,*] 80 99
;
param e:
	80	81	82	83	84	85	86	87	88	89	90	91	92	93	94	95:=
28		0		0		0		0		1		0		0		0		0		0		0		0		0		0		0		0	
29		0		0		1		0		0		1		0		0		0		0		0		0		0		0		0		0	
30		0		0		0		1		0		0		0		0		0		0		0		0		0		0		0		0	
31		0		0		0		0		0		0		1		0		0		1		0		0		1		0		0		1	
32		0		0		0		1		0		0		0		0		0		0		0		0		0		0		0		0	
33		0		0		0		0		0		0		0		0		0		1		0		0		0		0		0		0	
34		0		0		0		1		0		0		0		1		0		0		0		0		0		0		0		0	
35		0		0		0		0		0		0		0		0		0		0		0		1		0		0		0		0	
36		0		0		0		0		0		0		0		0		1		0		0		0		0		0		0		0	
37		1		0		0		0		1		0		0		0		0		0		1		0		0		0		0		0	
38		0		0		1		0		0		1		1		0		0		0		0		0		0		0		0		1	
39		1		0		0		0		0		0		0		0		0		0		1		0		0		0		0		0	
40		0		0		0		0		0		0		1		0		0		1		0		0		1		1		0		1	
41		0		0		0		1		0		0		0		1		0		0		0		0		0		0		0		0	
42		1		0		0		0		0		0		0		0		0		0		0		0		0		1		0		0	
43		1		0		0		0		1		0		0		0		0		0		0		0		0		0		0		0	
44		0		1		0		0		0		0		0		0		0		0		0		0		0		0		0		0	
45		0		1		0		0		0		0		0		0		1		0		0		0		0		0		0		0	
46		0		0		0		0		0		1		0		0		0		0		0		0		1		0		0		0	
47		0		0		0		0		0		0		0		0		0		0		0		0		0		0		1		0	
48		0		1		0		0		0		1		0		0		0		0		0		0		0		0		0		0	
49		1		0		0		0		1		0		0		0		0		0		0		0		0		0		0		0	
50		0		0		0		0		0		0		0		0		0		1		0		0		0		1		0		1	
51		0		1		0		0		0		0		0		0		0		0		0		0		0		0		1		0	
52		0		0		0		1		0		0		0		1		0		0		1		0		0		0		0		0	
53		0		0		0		0		0		0		0		0		0		0		1		0		0		1		0		0	
54		0		0		0		0		0		1		1		0		0		1		0		0		1		0		0		1	
55		0		0		0		0		0		1		1		0		0		1		0		0		0		0		0		1	
56		0		0		0		0		0		1		0		0		0		0		0		0		0		0		0		0	
57		0		0		1		0		0		0		1		0		0		0		0		0		1		0		0		1	
58		0		0		0		0		0		1		1		0		0		1		0		0		1		0		0		1	
59		0		0		1		0		0		0		0		0		0		0		0		0		1		0		0		0	
60		0		0		0		0		0		0		0		0		0		0		0		1		0		0		1		0	
61		0		0		0		0		0		0		0		0		0		1		0		0		0		1		0		1	
62		0		1		0		0		0		0		0		0		0		0		0		0		0		0		1		0	
63		0		0		0		0		1		0		0		0		0		0		0		0		0		0		0		0	
64		0		0		0		0		0		0		0		0		0		0		0		1		0		0		1		0	
65		0		0		1		0		0		1		1		0		0		0		0		0		1		0		0		0	
66		0		0		0		0		0		1		1		0		0		1		0		0		0		0		0		1	
67		0		0		0		0		0		0		0		0		0		1		0		1		0		1		1		1	
68		0		0		0		1		0		0		0		1		0		0		1		0		0		0		0		0	
69		0		0		0		0		1		0		0		0		0		0		0		0		0		0		0		0	
70		0		1		0		0		0		0		0		0		0		0		0		0		0		0		0		0	
71		0		0		1		0		0		0		0		0		0		0		0		0		1		0		0		0	
72		0		0		1		0		0		1		1		0		0		0		0		0		1		0		0		1	
73		0		0		0		0		0		0		0		0		0		0		0		1		0		0		0		0	
74		0		0		0		0		0		0		1		0		0		1		0		0		0		0		1		1	
75		0		0		0		0		0		0		0		0		0		1		1		1		0		1		0		0	
76		1		0		0		0		0		0		0		1		0		0		1		0		0		1		0		0	
77		1		0		0		0		0		0		0		1		0		0		1		0		0		1		0		0	
78		0		1		0		0		0		1		0		0		0		0		0		0		0		0		0		1	
79		0		0		1		0		0		1		1		0		0		0		0		0		1		0		0		0	
;
param p:=
1	1
2	1
3	1
4	1
5	1
6	1
7	1
8	1
9	1
10	1
;
param G:=
80	99
81	96
82	93
83	86
84	72
85	91
86	75
87	83
88	92
89	71
90	79
91	94
92	73
93	71
94	96
95	84
;
param s:=
0	0
1	10
2	10
3	10
4	10
5	10
6	10
7	10
8	10
9	10
10	10
11	10
12	10
13	10
14	10
15	10
16	10
17	10
18	10
19	10
20	10
21	10
22	10
23	10
24	10
25	10
26	10
27	10
54	10
55	10
56	10
57	10
58	10
59	10
60	10
61	10
62	10
63	10
64	10
65	10
66	10
67	10
68	10
69	10
70	10
71	10
72	10
73	10
74	10
75	10
76	10
77	10
78	10
79	10
80	10
81	10
82	10
83	10
84	10
85	10
86	10
87	10
88	10
89	10
90	10
91	10
92	10
93	10
94	10
95	10
;
param t:
	0	1	2	3	4	5	6	7	8	9	10	11	12	13	14	15	16	17	18	19	20	21	22	23	24	25	26	27	28	29	30	31	32	33	34	35	36	37	38	39	40	41	42	43	44	45	46	47	48	49	50	51	52	53	54	55	56	57	58	59	60	61	62	63	64	65	66	67	68	69	70	71	72	73	74	75	76	77	78	79	80	81	82	83	84	85	86	87	88	89	90	91	92	93	94	95	96:=
0	0.0	48.1	40.01	96.77	22.2	103.08	92.14	90.43	73.68	113.9	72.42	59.41	75.5	85.28	28.02	78.23	80.06	103.48	11.66	94.51	56.01	97.64	54.41	119.97	110.8	47.54	62.03	67.91	34.23	88.77	92.2	56.36	81.3	61.47	75.01	82.49	125.87	30.36	89.29	58.14	57.71	69.35	37.01	39.81	105.21	101.4	58.69	71.85	97.53	17.0	53.91	91.68	65.12	42.01	62.27	75.03	95.86	54.08	65.12	67.36	87.09	65.3	101.83	32.02	84.96	75.06	74.25	66.6	51.09	19.92	104.81	87.09	73.17	82.28	74.06	58.73	41.23	41.23	86.35	81.15	27.29	102.07	80.01	70.11	15.52	80.52	65.0	57.08	115.97	60.93	42.06	81.12	65.62	51.87	91.44	65.46	0.0
1	48.1	0.0	34.71	54.23	26.63	58.52	71.28	43.42	38.9	65.95	26.93	15.0	45.62	37.44	20.81	50.77	32.02	55.44	46.32	49.04	39.96	52.2	26.87	72.01	63.29	23.71	47.01	35.36	31.02	54.57	69.07	19.24	52.84	26.83	52.5	37.11	77.78	24.74	54.13	10.3	19.7	42.8	11.66	16.03	57.8	54.59	36.07	25.3	54.13	37.59	8.0	44.42	35.81	7.28	21.38	37.85	57.04	43.42	38.6	54.04	40.31	18.38	53.81	43.05	36.88	52.8	34.13	19.24	39.4	43.32	60.44	66.61	50.0	42.19	28.86	10.63	23.54	23.54	43.42	56.6	30.08	54.41	59.2	45.45	35.23	47.43	35.51	37.2	67.9	25.5	20.62	35.9	41.23	8.94	43.42	32.2	48.1
2	40.01	34.71	0.0	88.02	25.06	70.72	52.35	63.13	37.2	88.19	45.19	34.93	36.77	66.49	32.56	84.17	60.42	81.93	46.87	81.3	68.6	66.84	19.21	98.23	91.76	53.0	22.2	69.29	6.71	50.57	101.97	26.93	86.54	27.8	84.6	70.03	101.12	41.77	51.43	43.05	28.23	75.58	32.76	41.88	86.83	72.67	19.7	58.01	64.35	43.08	34.01	64.88	68.94	34.93	33.11	39.7	59.36	14.56	26.4	28.16	71.57	42.2	77.39	12.73	64.29	35.06	41.11	44.15	65.95	22.14	72.12	47.27	33.24	76.79	46.07	42.0	49.2	49.2	53.81	41.19	44.41	75.66	40.05	77.83	38.63	42.49	27.46	67.12	91.24	28.02	47.43	69.01	26.25	43.42	70.88	29.73	40.01
3	96.77	54.23	88.02	0.0	78.59	63.01	108.41	46.67	73.35	46.32	51.48	54.92	82.29	28.02	69.57	33.84	32.65	31.95	90.43	11.4	51.09	56.85	74.33	39.12	28.0	50.25	94.11	31.83	85.09	82.42	44.1	64.13	32.02	68.68	41.44	18.44	50.01	66.64	80.8	45.0	63.35	36.89	61.85	57.01	24.33	51.31	82.46	30.15	64.44	81.41	54.08	45.28	36.07	57.27	60.17	69.77	76.42	93.38	81.27	100.28	20.25	48.51	39.36	97.25	32.2	93.62	63.95	46.57	55.9	96.88	64.64	105.12	91.0	15.0	52.33	46.04	56.44	56.44	61.22	94.37	70.71	44.78	99.32	38.95	81.44	79.76	77.16	47.42	44.55	67.45	55.01	19.24	84.43	46.87	29.73	72.11	96.77
4	22.2	26.63	25.06	78.59	0.0	81.01	76.16	68.25	52.95	91.92	50.22	37.2	56.04	64.07	10.2	66.1	58.6	82.01	24.19	74.85	47.01	75.47	34.13	98.6	89.89	33.54	46.49	53.04	18.36	68.59	82.57	34.54	68.88	40.26	64.85	62.77	104.06	18.36	68.88	36.89	35.85	57.07	16.76	23.02	84.38	79.2	40.2	51.43	75.58	18.44	31.83	69.53	51.35	21.54	40.25	53.85	74.73	39.4	46.01	52.92	66.65	43.19	79.93	24.7	63.41	57.87	52.55	44.55	43.42	19.03	82.76	71.06	55.58	64.94	51.87	37.2	28.16	28.16	64.4	63.51	19.8	79.98	63.56	58.69	14.14	60.41	45.1	46.49	94.11	39.56	27.46	61.47	47.17	31.95	70.0	44.72	22.2
5	103.08	58.52	70.72	63.01	81.01	0.0	57.08	18.44	34.67	26.68	31.62	44.38	39.92	37.7	78.55	86.98	36.88	33.42	103.87	51.61	90.09	7.07	51.62	41.76	43.57	77.23	60.37	74.33	73.0	30.15	103.08	46.87	86.98	43.19	92.89	50.7	38.01	83.24	28.16	51.62	45.49	83.74	69.89	73.76	42.64	12.04	53.01	48.51	6.71	95.63	50.92	18.97	77.93	65.8	40.82	31.4	19.03	65.19	47.17	62.97	44.72	40.26	24.84	83.45	33.84	50.96	29.73	39.81	92.01	90.91	2.0	56.04	49.65	65.0	29.73	49.82	79.91	79.91	17.03	47.68	88.6	19.21	53.76	86.88	92.7	33.84	44.41	86.15	30.81	43.28	76.94	51.26	49.24	60.67	33.62	41.11	103.08
6	92.14	71.28	52.35	108.41	76.16	57.08	0.0	64.51	35.61	83.49	57.43	59.46	26.91	80.53	80.99	119.52	75.8	86.4	99.14	97.95	111.22	58.86	45.18	98.15	97.53	94.87	30.15	104.0	58.69	27.66	137.89	52.2	120.92	44.82	122.67	90.97	95.08	89.69	29.61	72.92	52.01	112.7	76.92	85.48	94.87	66.91	36.77	81.84	51.35	94.59	64.82	66.41	105.65	76.16	52.35	38.83	38.05	38.05	32.76	25.08	88.19	63.03	78.34	61.07	76.48	18.79	44.65	64.54	110.28	73.01	57.01	5.1	21.47	103.41	56.3	70.77	93.54	93.54	48.7	14.87	93.64	73.55	12.65	115.62	90.24	28.65	35.81	108.47	87.57	46.23	90.92	90.7	30.41	79.2	80.62	39.7	92.14
7	90.43	43.42	63.13	46.67	68.25	18.44	64.51	0.0	33.02	25.06	18.44	31.14	41.11	19.72	64.14	68.62	18.44	22.2	89.69	35.38	72.0	11.4	44.28	36.5	33.38	59.84	58.69	55.9	63.82	37.16	85.0	36.62	68.71	35.85	74.46	32.65	38.01	67.62	35.34	35.11	35.23	65.31	55.07	57.58	30.36	11.18	48.76	30.15	18.03	81.01	36.62	2.0	59.54	50.54	30.23	29.02	29.83	61.4	44.55	63.13	27.2	25.24	15.13	75.47	15.65	53.15	24.33	24.19	74.17	80.92	20.4	62.1	51.04	46.96	17.2	33.62	63.06	63.06	15.81	51.97	73.01	12.53	57.71	68.45	78.55	36.67	40.79	68.01	28.23	35.34	60.17	33.11	47.38	43.97	17.03	36.14	90.43
8	73.68	38.9	37.2	73.35	52.95	34.67	35.61	33.02	0.0	56.52	21.95	25.06	8.94	45.88	54.0	84.39	40.72	55.04	77.1	63.32	78.29	32.31	19.31	69.35	66.12	62.39	26.25	69.03	40.71	16.03	102.65	20.22	85.63	13.0	88.01	55.57	69.38	61.29	16.03	38.28	19.42	78.01	47.38	54.57	62.51	39.56	18.44	46.23	28.02	70.26	31.38	35.01	71.03	45.12	17.89	4.0	22.36	30.53	12.53	30.15	53.31	27.59	48.09	49.82	42.06	20.62	9.49	29.0	78.19	58.67	35.81	31.91	18.25	67.8	21.02	36.06	62.36	62.36	18.97	21.1	66.12	44.55	26.0	81.02	66.48	8.54	9.9	75.13	60.21	14.04	59.48	55.23	14.87	45.62	47.07	8.25	73.68
9	113.9	65.95	88.19	46.32	91.92	26.68	83.49	25.06	56.52	0.0	43.27	55.44	63.64	31.38	86.68	77.0	34.99	15.0	112.0	36.22	86.83	25.02	69.32	15.23	20.25	77.88	82.71	68.07	88.75	56.08	90.09	61.59	76.06	60.84	84.05	41.59	13.0	88.75	54.08	56.4	60.21	76.53	77.47	78.23	22.14	17.12	73.39	46.1	32.14	103.0	60.11	23.32	72.37	72.62	55.23	52.63	45.54	86.03	68.68	86.49	34.53	48.84	12.21	100.5	30.02	75.43	48.7	47.38	90.14	105.6	27.2	82.1	73.68	54.01	42.19	55.44	82.3	82.3	37.66	73.03	94.03	12.53	79.06	79.4	101.04	58.22	65.15	82.71	4.12	60.37	79.65	42.76	71.31	64.35	24.7	60.75	113.9
10	72.42	26.93	45.19	51.48	50.22	31.62	57.43	18.44	21.95	43.27	0.0	13.04	30.89	24.52	47.01	64.07	18.97	37.11	72.45	41.76	61.61	25.5	26.93	53.14	47.52	47.17	44.1	49.24	45.49	33.6	82.01	18.36	65.0	19.1	68.48	33.62	56.08	51.66	32.45	21.1	17.0	58.59	38.28	42.43	43.1	29.07	33.02	24.76	27.29	64.08	19.31	20.0	51.89	34.21	12.08	18.6	32.28	45.28	30.41	49.65	31.62	9.0	32.2	57.31	21.1	42.15	12.81	9.22	62.65	62.48	33.53	53.85	39.56	46.1	2.0	19.03	49.04	49.04	17.03	43.05	57.01	30.81	47.85	61.72	61.27	29.07	26.31	57.97	46.14	18.25	46.04	33.29	33.54	30.02	27.02	21.21	72.42
11	59.41	15.0	34.93	54.92	37.2	44.38	59.46	31.14	25.06	55.44	13.04	0.0	32.8	31.58	34.18	60.11	25.5	47.42	59.51	47.01	53.31	38.47	19.42	63.95	56.92	37.64	39.56	44.55	34.01	40.16	78.52	9.22	61.62	15.0	63.25	36.5	68.01	39.46	39.56	13.45	8.54	53.26	25.71	31.02	51.92	42.01	27.86	25.0	39.56	51.26	7.0	32.53	46.23	22.09	7.21	23.41	42.05	38.47	28.02	46.1	37.01	7.28	43.83	46.24	29.41	41.87	19.24	9.22	53.45	50.22	46.24	55.15	39.05	46.1	14.76	11.31	38.33	38.33	28.64	44.6	44.72	43.19	48.17	56.22	48.33	33.54	24.21	50.09	58.01	13.6	35.36	35.69	31.06	20.62	36.06	19.8	59.41
12	75.5	45.62	36.77	82.29	56.04	39.92	26.91	41.11	8.94	63.64	30.89	32.8	0.0	54.78	58.55	92.7	49.66	63.29	80.16	72.24	85.48	38.83	22.02	77.06	74.43	69.32	20.81	77.23	41.48	13.89	111.04	26.4	94.05	18.79	96.05	64.5	76.3	66.49	15.0	46.23	25.94	86.05	52.89	60.75	71.02	46.53	17.09	55.0	33.24	74.03	38.59	43.1	79.03	51.26	25.61	12.65	24.08	26.91	10.44	23.09	62.24	36.12	56.01	48.76	50.92	12.04	18.38	37.64	85.0	58.87	40.72	23.02	10.05	76.61	29.97	44.05	68.71	68.71	26.08	12.21	71.02	52.09	17.09	89.02	70.0	6.4	11.05	82.49	67.48	20.12	65.92	64.14	10.82	53.0	55.79	13.42	75.5
13	85.28	37.44	66.49	28.02	64.07	37.7	80.53	19.72	45.88	31.38	24.52	31.58	54.78	0.0	57.38	49.48	6.08	18.44	82.07	17.46	55.9	30.87	50.04	34.71	25.94	46.52	68.47	38.0	65.15	54.41	65.39	40.2	49.34	43.1	55.73	13.0	41.62	58.26	52.8	27.2	39.12	47.1	48.27	47.63	20.62	27.46	57.14	14.76	37.74	72.92	33.62	18.79	42.05	43.28	35.0	42.15	48.84	69.0	54.92	74.15	7.81	24.33	19.65	77.49	4.24	66.41	36.4	22.36	58.94	80.06	39.56	77.39	63.89	27.31	25.0	26.93	51.11	51.11	33.3	66.71	63.41	23.02	71.87	50.16	71.42	51.88	50.8	51.79	32.25	42.05	48.55	13.6	58.05	33.97	6.71	45.71	85.28
14	28.02	20.81	32.56	69.57	10.2	78.55	80.99	64.14	54.0	86.68	47.01	34.18	58.55	57.38	0.0	55.9	52.33	75.69	25.55	66.65	37.12	72.5	36.67	92.1	82.8	23.35	52.35	43.0	26.17	70.01	72.42	34.13	58.69	41.0	54.71	54.59	98.35	9.22	70.01	30.41	35.23	46.87	9.22	13.04	77.2	75.29	44.27	43.83	73.68	17.09	27.73	65.19	41.19	14.14	38.83	54.15	74.67	46.04	49.24	59.17	59.08	38.95	74.52	34.44	57.28	62.3	51.79	39.96	33.84	29.15	80.41	75.96	59.77	55.54	48.85	31.24	18.03	18.03	62.64	67.45	12.65	75.21	68.35	48.51	14.42	62.07	47.52	36.4	88.53	40.01	17.26	53.24	50.96	23.85	63.66	46.04	28.02
15	78.23	50.77	84.17	33.84	66.1	86.98	119.52	68.62	84.39	77.0	64.07	60.11	92.7	49.48	55.9	0.0	50.33	62.0	69.05	41.19	23.09	80.01	77.2	72.37	61.0	32.56	97.65	15.62	79.12	97.65	18.44	68.12	3.16	75.01	7.62	36.67	82.87	49.09	96.52	46.69	68.01	9.06	51.87	43.42	56.44	76.9	86.4	39.82	86.16	61.29	55.44	68.01	15.23	49.24	67.18	81.84	95.29	94.15	87.86	104.62	43.42	56.85	67.36	89.56	53.16	101.91	76.4	55.61	28.46	85.0	88.89	115.26	99.09	23.02	65.73	48.8	38.21	38.21	79.18	104.66	51.04	71.85	108.25	8.25	63.03	92.46	84.22	21.21	76.11	73.59	38.64	35.9	90.79	41.88	54.74	79.91	78.23
16	80.06	32.02	60.42	32.65	58.6	36.88	75.8	18.44	40.72	34.99	18.97	25.5	49.66	6.08	52.33	50.33	0.0	23.43	77.34	22.8	54.15	29.83	44.01	40.0	31.78	43.32	62.65	37.48	59.14	50.33	67.12	34.13	50.57	37.22	56.04	15.56	46.1	53.82	48.84	21.93	33.06	46.87	43.14	43.27	26.57	28.02	51.24	12.04	35.85	68.25	27.73	18.11	41.19	38.18	29.02	37.12	45.8	63.01	49.24	68.45	12.65	18.25	22.83	71.47	5.0	61.1	31.3	16.28	56.72	74.24	38.83	72.47	58.52	29.41	19.7	21.4	47.42	47.42	29.83	61.72	59.08	25.0	66.71	50.01	66.53	47.17	45.12	50.09	36.4	36.12	44.72	15.62	52.39	29.41	11.4	40.02	80.06
17	103.48	55.44	81.93	31.95	82.01	33.42	86.4	22.2	55.04	15.0	37.11	47.42	63.29	18.44	75.69	62.0	23.43	0.0	100.5	21.38	72.42	28.65	64.03	16.64	11.18	64.5	80.22	53.37	81.44	58.82	75.31	55.03	61.07	56.09	69.07	26.93	23.32	76.69	56.92	45.34	53.76	61.66	66.53	66.07	9.22	21.4	69.72	33.02	36.72	91.35	50.77	20.22	57.72	61.55	49.04	51.04	50.09	82.2	66.12	85.01	19.92	40.25	8.6	93.62	18.6	75.33	46.01	38.47	75.96	97.25	34.71	84.17	73.17	39.01	36.67	44.82	69.34	69.34	37.85	74.15	81.84	14.21	79.91	64.5	89.81	58.86	62.2	68.31	14.56	55.32	66.85	28.16	69.07	52.4	12.04	57.31	103.48
18	11.66	46.32	46.87	90.43	24.19	103.87	99.14	89.69	77.1	112.0	72.45	59.51	80.16	82.07	25.55	69.05	77.34	100.5	0.0	89.4	46.27	97.94	58.31	116.67	106.89	40.25	69.05	60.17	40.45	92.78	82.0	58.24	72.18	64.33	65.19	77.62	123.43	24.21	93.06	55.61	59.48	60.42	34.67	34.71	101.24	100.85	64.01	67.9	98.79	9.22	53.24	90.74	56.92	39.41	63.57	77.88	98.72	61.39	70.03	74.95	82.88	64.5	99.81	41.15	82.33	81.3	76.24	65.51	41.11	29.68	105.7	94.05	79.16	75.59	74.25	56.61	34.0	34.0	87.66	87.14	19.72	100.69	86.7	60.83	11.18	84.59	69.26	47.85	113.7	63.56	35.51	76.22	71.01	48.1	88.53	68.88	11.66
19	94.51	49.04	81.3	11.4	74.85	51.61	97.95	35.38	63.32	36.22	41.76	47.01	72.24	17.46	66.65	41.19	22.8	21.38	89.4	0.0	54.59	45.45	66.19	31.62	20.25	50.21	85.33	34.89	79.08	71.56	53.94	56.08	40.01	59.84	48.51	12.08	41.77	65.22	69.89	39.05	55.15	42.06	58.18	54.92	15.3	39.96	73.82	23.77	53.08	80.21	47.38	33.94	39.36	53.31	51.48	59.62	65.19	85.29	72.03	91.22	10.2	40.11	28.23	91.41	21.47	83.82	53.85	38.12	58.83	92.35	53.25	94.85	81.27	18.68	42.38	39.62	55.97	55.97	50.22	84.17	69.81	33.54	89.32	44.64	79.61	69.32	67.91	50.61	35.0	58.69	54.04	13.42	75.19	42.95	18.38	62.82	94.51
20	56.01	39.96	68.6	51.09	47.01	90.09	111.22	72.0	78.29	86.83	61.61	53.31	85.48	55.9	37.12	23.09	54.15	72.42	46.27	54.59	0.0	83.05	66.4	85.91	74.69	16.4	85.63	19.72	62.68	93.41	36.35	59.17	26.25	66.73	19.0	45.54	95.27	28.79	92.7	40.8	59.54	15.26	36.12	26.91	69.35	82.15	75.43	42.11	87.57	39.01	46.96	72.03	15.26	35.47	60.42	76.69	93.86	80.66	78.49	92.7	52.5	52.89	75.5	71.55	58.42	92.66	72.11	52.39	5.39	65.15	92.09	106.51	89.87	36.62	63.56	43.01	19.42	19.42	78.45	96.57	29.43	78.77	99.05	14.87	41.3	86.82	75.47	4.12	86.98	65.37	21.26	44.27	81.02	32.7	62.37	72.07	56.01
21	97.64	52.2	66.84	56.85	75.47	7.07	58.86	11.4	32.31	25.02	25.5	38.47	38.83	30.87	72.5	80.01	29.83	28.65	97.94	45.45	83.05	0.0	47.63	39.32	39.4	70.35	58.52	67.27	68.59	31.26	96.25	41.87	80.06	39.05	85.87	43.86	37.48	76.84	29.27	44.91	40.46	76.69	63.69	67.19	37.74	8.06	50.12	41.44	8.06	89.55	44.78	12.08	70.86	59.46	35.61	28.64	21.54	62.61	44.78	61.85	38.08	33.84	20.12	79.51	26.93	50.49	25.81	33.24	85.02	86.31	9.06	57.22	48.84	58.18	23.71	43.17	73.16	73.16	13.42	48.01	82.22	14.87	54.04	79.83	86.76	33.24	41.59	79.1	29.0	38.95	70.21	44.38	47.17	53.94	27.2	37.74	97.64
22	54.41	26.87	19.21	74.33	34.13	51.62	45.18	44.28	19.31	69.32	26.93	19.42	22.02	50.04	36.67	77.2	44.01	64.03	58.31	66.19	66.4	47.63	0.0	80.01	74.33	50.0	20.59	61.61	21.63	34.53	95.6	10.2	79.06	8.6	79.31	55.9	82.29	44.92	34.93	31.3	11.05	69.53	31.78	40.31	69.72	53.54	9.22	44.38	45.34	52.01	21.95	46.1	62.48	31.06	15.13	21.1	41.63	19.1	12.65	27.46	56.08	26.08	58.87	31.89	47.27	26.42	21.93	28.07	65.19	39.66	53.08	40.31	23.71	65.19	27.51	29.55	48.37	48.37	34.66	31.02	49.24	56.8	32.76	72.25	48.01	26.31	11.0	63.89	72.5	8.94	45.79	55.11	14.76	35.47	53.6	11.18	54.41
23	119.97	72.01	98.23	39.12	98.6	41.76	98.15	36.5	69.35	15.23	53.14	63.95	77.06	34.71	92.1	72.37	40.0	16.64	116.67	31.62	85.91	39.32	80.01	0.0	11.4	79.63	95.19	66.31	97.94	70.58	83.0	71.31	70.86	71.84	79.83	40.82	11.18	92.7	68.59	61.85	70.01	73.68	82.98	82.07	16.55	31.26	85.15	48.84	46.87	107.49	67.42	34.53	70.77	77.99	65.19	65.38	60.42	97.74	81.05	99.5	34.41	56.82	21.38	110.07	35.23	89.02	60.83	55.07	89.89	113.88	42.38	96.52	87.09	50.29	52.5	61.4	84.81	84.81	51.01	87.09	97.74	25.0	93.05	76.24	106.1	72.01	77.28	81.86	11.18	71.17	82.46	42.19	83.86	68.59	28.6	72.57	119.97
24	110.8	63.29	91.76	28.0	89.89	43.57	97.53	33.38	66.12	20.25	47.52	56.92	74.43	25.94	82.8	61.0	31.78	11.18	106.89	20.25	74.69	39.4	74.33	11.4	0.0	69.03	91.09	55.04	90.82	69.92	72.06	65.0	59.54	66.61	68.45	30.0	22.02	82.76	68.01	53.0	63.79	62.3	73.82	72.18	5.66	31.76	80.4	39.05	47.42	97.67	59.51	31.4	59.51	68.82	59.23	62.13	60.93	92.78	77.03	96.01	24.04	49.65	19.31	103.12	27.51	86.47	57.01	47.76	78.77	105.99	44.65	95.34	84.29	38.9	47.27	52.84	74.41	74.41	49.03	85.33	87.68	24.6	91.08	64.85	96.54	70.04	73.06	70.66	17.46	65.76	72.18	31.4	80.01	59.03	20.88	68.12	110.8
25	47.54	23.71	53.0	50.25	33.54	77.23	94.87	59.84	62.39	77.88	47.17	37.64	69.32	46.52	23.35	32.56	43.32	64.5	40.25	50.21	16.4	70.35	50.0	79.63	69.03	0.0	69.31	20.4	47.41	77.79	49.4	42.94	35.36	50.54	31.78	39.05	87.82	17.26	77.2	26.08	43.38	23.54	20.25	11.18	63.41	70.61	59.03	31.78	74.0	31.38	31.02	60.21	18.0	19.1	44.6	61.03	79.08	64.54	62.13	76.38	45.22	38.21	65.92	57.25	48.1	76.28	56.75	38.05	15.81	52.47	79.23	90.14	73.5	35.36	49.16	28.16	6.32	6.32	64.2	80.26	20.62	68.31	82.66	25.3	32.02	70.94	59.17	14.21	78.71	49.19	6.08	37.64	64.64	17.26	53.23	55.9	47.54
26	62.03	47.01	22.2	94.11	46.49	60.37	30.15	58.69	26.25	82.71	44.1	39.56	20.81	68.47	52.35	97.65	62.65	80.22	69.05	85.33	85.63	58.52	20.59	95.19	91.09	69.31	0.0	82.1	28.64	33.94	116.02	30.46	99.57	25.5	99.49	75.69	95.6	61.4	35.38	51.88	31.02	89.81	49.82	58.9	87.0	65.8	11.7	64.51	53.67	64.85	42.54	60.67	82.8	50.21	33.96	30.08	44.82	8.06	14.14	7.07	75.13	45.61	73.82	31.58	65.19	13.93	34.37	47.54	83.87	43.19	61.29	25.08	13.04	85.62	44.01	50.09	66.84	66.84	45.22	20.25	64.85	70.61	18.03	92.46	60.44	27.2	18.03	83.44	86.35	26.68	64.54	75.0	11.4	55.8	71.03	23.0	62.03
27	67.91	35.36	69.29	31.83	53.04	74.33	104.0	55.9	69.03	68.07	49.24	44.55	77.23	38.0	43.0	15.62	37.48	53.37	60.17	34.89	19.72	67.27	61.61	66.31	55.04	20.4	82.1	0.0	64.56	82.68	34.06	52.5	17.49	59.41	19.24	26.48	75.89	37.66	81.63	31.11	52.4	9.49	37.66	30.02	49.77	65.19	70.8	25.96	72.8	51.55	39.82	55.58	4.47	34.48	51.66	66.61	81.02	78.77	72.25	89.05	33.54	41.62	57.22	75.5	41.11	86.31	61.29	40.5	24.21	72.06	76.3	99.7	83.49	17.03	51.0	33.24	26.68	26.68	65.0	89.14	40.8	61.01	92.66	12.65	52.39	77.2	68.62	15.81	67.91	58.0	26.17	25.32	75.17	26.42	44.1	64.35	67.91
28	34.23	31.02	6.71	85.09	18.36	73.0	58.69	63.82	40.71	88.75	45.49	34.01	41.48	65.15	26.17	79.12	59.14	81.44	40.45	79.08	62.68	68.59	21.63	97.94	90.82	47.41	28.64	64.56	0.0	55.03	96.66	27.2	81.6	29.83	79.16	67.48	101.55	35.36	55.71	40.2	28.6	70.38	27.31	36.24	85.7	73.88	24.52	55.44	66.84	36.4	31.78	65.46	63.91	30.08	33.6	42.72	63.06	21.19	31.05	34.79	69.63	41.23	77.52	12.37	63.32	41.01	43.28	43.08	59.82	18.03	74.52	53.6	39.01	73.17	46.62	39.46	43.27	43.27	55.97	47.01	37.8	76.28	46.27	72.5	31.95	46.82	31.38	61.4	91.59	29.73	41.68	66.37	31.4	39.32	70.01	32.76	34.23
29	88.77	54.57	50.57	82.42	68.59	30.15	27.66	37.16	16.03	56.08	33.6	40.16	13.89	54.41	70.01	97.65	50.33	58.82	92.78	71.56	93.41	31.26	34.53	70.58	69.92	77.79	33.94	82.68	55.03	0.0	115.6	36.22	98.6	29.02	101.87	65.86	68.03	77.32	2.0	52.8	35.36	91.92	63.39	70.41	67.42	39.32	30.87	58.26	24.0	86.15	46.84	39.0	85.09	61.0	33.24	16.76	11.7	40.61	24.17	34.67	62.2	41.18	50.7	62.65	50.22	21.95	21.47	42.19	93.61	72.62	30.41	26.02	21.4	79.21	32.02	50.57	78.1	78.1	21.47	17.72	82.15	45.89	23.77	95.02	82.3	8.25	23.77	90.08	60.13	30.07	75.19	65.8	24.7	60.75	53.71	24.02	88.77
30	92.2	69.07	101.97	44.1	82.57	103.08	137.89	85.0	102.65	90.09	82.01	78.52	111.04	65.39	72.42	18.44	67.12	75.31	82.0	53.94	36.35	96.25	95.6	83.0	72.06	49.4	116.02	34.06	96.66	115.6	0.0	86.56	17.03	93.43	17.72	52.39	94.02	64.76	114.4	65.12	86.45	26.42	69.35	60.54	68.36	92.36	104.81	57.43	102.86	75.24	73.88	84.17	33.29	67.12	85.56	100.0	112.68	112.36	106.3	123.0	58.52	75.07	81.74	106.63	69.35	120.34	94.49	73.76	41.11	101.14	104.92	133.66	117.52	38.08	83.6	67.21	54.41	54.41	96.57	123.04	65.76	86.68	126.67	24.17	77.65	110.63	102.65	36.14	88.57	92.02	55.36	51.89	109.22	60.22	69.89	98.31	92.2
31	56.36	19.24	26.93	64.13	34.54	46.87	52.2	36.62	20.22	61.59	18.36	9.22	26.4	40.2	34.13	68.12	34.13	55.03	58.24	56.08	59.17	41.87	10.2	71.31	65.0	42.94	30.46	52.5	27.2	36.22	86.56	0.0	69.81	7.62	70.72	45.71	74.43	41.11	36.06	21.63	1.41	60.81	27.17	34.48	60.21	46.75	18.79	34.21	41.18	50.8	12.73	38.28	53.74	25.0	6.4	20.02	40.61	29.27	19.8	37.12	46.01	16.0	50.54	38.95	37.66	33.97	18.03	18.0	58.6	44.55	48.55	47.63	31.14	55.15	19.42	19.72	42.38	42.38	30.02	37.44	46.01	49.09	40.36	63.66	47.3	28.64	16.4	56.3	64.5	6.32	39.56	44.91	22.67	27.02	44.15	13.0	56.36
32	81.3	52.84	86.54	32.02	68.88	86.98	120.92	68.71	85.63	76.06	65.0	61.62	94.05	49.34	58.69	3.16	50.57	61.07	72.18	40.01	26.25	80.06	79.06	70.86	59.54	35.36	99.57	17.49	81.6	98.6	17.03	69.81	0.0	76.58	10.0	36.4	81.5	52.04	97.42	48.27	69.66	12.0	54.41	46.1	55.15	76.66	88.23	40.5	86.41	64.38	57.2	68.01	17.72	51.62	68.62	82.98	95.88	96.25	89.5	106.51	42.95	58.05	66.75	92.18	53.14	103.48	77.47	56.73	31.62	87.82	88.87	116.73	100.66	22.36	66.61	50.33	41.11	41.11	79.76	106.08	54.08	71.39	109.79	11.4	66.07	93.61	85.8	24.33	75.01	75.17	41.44	35.74	92.46	43.91	54.34	81.39	81.3
33	61.47	26.83	27.8	68.68	40.26	43.19	44.82	35.85	13.0	60.84	19.1	15.0	18.79	43.1	41.0	75.01	37.22	56.09	64.33	59.84	66.73	39.05	8.6	71.84	66.61	50.54	25.5	59.41	29.83	29.02	93.43	7.62	76.58	0.0	77.9	50.29	73.82	48.37	29.02	28.32	7.21	67.94	34.53	42.06	62.2	44.94	14.04	39.4	37.01	57.31	20.0	37.7	60.88	32.57	8.54	13.6	34.48	26.17	13.04	31.62	49.65	20.25	50.6	40.46	40.0	26.91	13.45	22.14	66.21	47.8	44.69	40.36	24.08	60.83	19.42	26.25	49.98	49.98	26.17	30.0	53.15	48.33	33.24	70.84	53.6	21.21	9.22	63.81	64.08	1.41	47.17	49.65	16.12	34.41	46.1	5.39	61.47
34	75.01	52.5	84.6	41.44	64.85	92.89	122.67	74.46	88.01	84.05	68.48	63.25	96.05	55.73	54.71	7.62	56.04	69.07	65.19	48.51	19.0	85.87	79.31	79.83	68.45	31.78	99.49	19.24	79.16	101.87	17.72	70.72	10.0	77.9	0.0	43.19	90.26	47.07	100.85	49.82	70.77	10.0	51.88	42.95	63.79	83.19	88.53	44.94	91.71	58.01	58.0	73.98	17.03	49.93	70.43	85.7	100.22	95.44	90.52	106.53	50.09	60.75	74.11	88.96	59.23	104.69	80.45	59.68	24.08	83.43	94.83	118.26	101.86	30.07	70.24	52.01	36.69	36.69	84.17	107.81	48.26	78.41	111.07	7.07	60.21	96.26	87.05	18.44	83.29	76.49	37.7	42.3	93.34	43.86	61.29	82.98	75.01
35	82.49	37.11	70.03	18.44	62.77	50.7	90.97	32.65	55.57	41.59	33.62	36.5	64.5	13.0	54.59	36.67	15.56	26.93	77.62	12.08	45.54	43.86	55.9	40.82	30.0	39.05	75.69	26.48	67.48	65.86	52.39	45.71	36.4	50.29	43.19	0.0	49.77	53.41	64.38	27.29	44.91	35.06	46.1	43.01	24.41	40.26	64.03	12.04	50.61	68.41	36.01	31.78	30.81	41.23	41.76	52.15	61.22	74.97	62.97	81.91	7.07	30.08	31.0	79.76	17.0	75.58	46.32	28.16	49.24	80.36	52.55	87.46	72.92	14.32	34.67	28.07	44.55	44.55	45.34	76.66	58.14	35.23	81.41	38.01	67.68	62.43	58.87	41.44	41.48	49.04	42.45	1.41	66.13	30.87	18.11	53.85	82.49
