set K:= 1	2	3;
set C_H:= 1	2	3;
set C_S:= 4	5;
set C_F:= 6	7;
set M:= 8	9	10	11	12	13;
set L_B:= 14	15	16;
set A1:=
(0,*) 1 2 3 6 7 8 9 10 11 12 13 14 15 16 17
(1,*) 0 2 3 6 7 8 9 10 11 12 13 14 15 16 17
(2,*) 0 1 3 6 7 8 9 10 11 12 13 14 15 16 17
(3,*) 0 1 2 6 7 8 9 10 11 12 13 14 15 16 17
(6,*) 0 1 2 3 7 8 9 10 11 12 13 14 15 16 17
(7,*) 0 1 2 3 6 8 9 10 11 12 13 14 15 16 17
(8,*) 0 1 2 3 6 7 9 10 11 12 13 14 15 16 17
(9,*) 0 1 2 3 6 7 8 10 11 12 13 14 15 16 17
(10,*) 0 1 2 3 6 7 8 9 11 12 13 14 15 16 17
(11,*) 0 1 2 3 6 7 8 9 10 12 13 14 15 16 17
(12,*) 0 1 2 3 6 7 8 9 10 11 13 14 15 16 17
(13,*) 0 1 2 3 6 7 8 9 10 11 12 14 15 16 17
(14,*) 0 1 2 3 6 7 8 9 10 11 12 13 15 16 17
(15,*) 0 1 2 3 6 7 8 9 10 11 12 13 14 16 17
(16,*) 0 1 2 3 6 7 8 9 10 11 12 13 14 15 17
(17,*) 0 1 2 3 6 7 8 9 10 11 12 13 14 15 16
;
set A2:=
(8,*) 9
(9,*) 8
(10,*) 11
(11,*) 10
;
param BigM:=99999;
param n:= 3;
param d:=
1	19
2	12
3	8
4	15
5	20
6	16
7	3
;
param Q:=100;
param w:=
[8,*] 9 1.5
[9,*] 8 1.5
[10,*] 11 1.5
[11,*] 10 1.5
;
param V:=
[8,*] 9 90
[9,*] 8 90
[10,*] 11 89
[11,*] 10 89
;
param e:
	8	9	10	11	12	13	14	15	16:=
4		0		1		0		0		0		0		0		0		0	
5		0		0		0		0		0		0		1		1		1	
6		0		0		1		0		0		1		0		0		0	
7		0		0		0		0		0		0		1		1		1	
;
param p:=
1	1
2	1
3	1
;
param G:=
8	82
9	90
10	72
11	89
12	89
13	92
14	97
15	81
16	83
;
param s:=
0	0
1	10
2	10
3	10
6	10
7	10
8	10
9	10
10	10
11	10
12	10
13	10
14	10
15	10
16	10
;
param t:
	0	1	2	3	4	5	6	7	8	9	10	11	12	13	14	15	16	17:=
0	0.0	34.93	51.88	36.24	84.86	25.96	51.04	27.02	20.81	83.49	64.94	61.19	13.0	62.8	32.56	31.58	31.4	0.0
1	34.93	0.0	40.5	67.21	78.55	46.32	22.47	38.08	53.82	76.69	32.14	86.09	47.93	38.42	36.88	51.97	41.11	34.93
2	51.88	40.5	0.0	63.51	38.08	39.01	26.48	29.15	58.42	36.25	39.36	68.26	61.03	21.26	22.09	40.61	27.02	51.88
3	36.24	67.21	63.51	0.0	82.54	25.0	76.03	35.74	15.81	81.91	91.71	28.44	27.46	82.01	42.2	23.02	36.67	36.24
4	84.86	78.55	38.08	82.54	0.0	63.81	61.81	58.14	84.22	2.0	70.06	73.01	90.8	49.01	52.33	61.72	54.04	84.86
5	25.96	46.32	39.01	25.0	63.81	0.0	51.62	10.77	20.62	62.77	67.42	39.82	27.59	57.01	17.26	6.08	12.0	25.96
6	51.04	22.47	26.48	76.03	61.81	51.62	0.0	41.05	65.8	59.84	15.81	88.39	63.39	16.28	36.12	55.8	41.87	51.04
7	27.02	38.08	29.15	35.74	58.14	10.77	41.05	0.0	29.27	56.85	56.86	48.6	33.12	46.32	7.07	14.87	4.47	27.02
8	20.81	53.82	58.42	15.81	84.22	20.62	65.8	29.27	0.0	83.24	80.99	43.0	12.0	74.33	36.35	22.8	32.02	20.81
9	83.49	76.69	36.25	81.91	2.0	62.77	59.84	56.85	83.24	0.0	68.07	73.06	89.63	47.01	50.93	60.84	52.8	83.49
10	64.94	32.14	39.36	91.71	70.06	67.42	15.81	56.86	80.99	68.07	0.0	104.0	77.67	21.1	51.86	71.61	57.63	64.94
11	61.19	86.09	68.26	28.44	73.01	39.82	88.39	48.6	43.0	73.06	104.0	0.0	55.0	89.31	52.35	34.13	46.75	61.19
12	13.0	47.93	61.03	27.46	90.8	27.59	63.39	33.12	12.0	89.63	77.67	55.0	0.0	74.17	39.81	31.62	36.89	13.0
13	62.8	38.42	21.26	82.01	49.01	57.01	16.28	46.32	74.33	47.01	21.1	89.31	74.17	0.0	39.85	59.81	45.54	62.8
14	32.56	36.88	22.09	42.2	52.33	17.26	36.12	7.07	36.35	50.93	51.86	52.35	39.81	39.85	0.0	20.12	5.83	32.56
15	31.58	51.97	40.61	23.02	61.72	6.08	55.8	14.87	22.8	60.84	71.61	34.13	31.62	59.81	20.12	0.0	14.32	31.58
16	31.4	41.11	27.02	36.67	54.04	12.0	41.87	4.47	32.02	52.8	57.63	46.75	36.89	45.54	5.83	14.32	0.0	31.4
;
