vehicles
vehicle_idx, capacity, cost_per_unit_distance
1,100,3
2,100,3
3,100,3
depot
node_idx,x,y
0,82,76
home delivery customers
node_idx,x,y,service_time,demand
1,23,15,15,15
2,2,39,15,16
3,91,2,15,19
4,84,25,15,16
5,50,5,15,21
self pickup customers
node_idx,x,y,service_time,demand,locker_idxs
6,20,70,15,2,12
7,84,39,15,16,12
8,58,30,15,12,13-12-14
flexible customers
node_idx,x,y,service_time,demand,locker_idxs
9,5,42,15,4,14
10,42,9,15,8,14
11,98,5,15,9,12
lockers
node_idx,x,y,service_time,capacity,cost_per_unit_good
0,93,12,10,92
1,22,88,10,94
2,65,88,10,77
3,25,15,10,84
4,77,88,10,99
5,72,14,10,74
18,46,34,10,74
19,60,48,10,99
20,57,17,10,70
mrt lines
start_node_idx,end_node_idx,freight_capacity,cost_per_unit_good
0,1,94,0.5
1,0,94,0.5
2,3,84,0.5
3,2,84,0.5
4,5,99,0.5
5,4,99,0.5
distance matrix
,0,1,2,3,4,5,6,7,8,9,10,11,12,13,14,15,16,17,18,19,20,
0,0.0,84.86,88.14,74.55,51.04,77.88,62.29,37.05,51.88,84.17,78.03,72.78,64.94,61.19,20.81,83.49,13.0,62.8,55.32,35.61,64.08
1,84.86,0.0,31.89,69.23,61.81,28.79,55.08,65.55,38.08,32.45,19.92,75.66,70.06,73.01,84.22,2.0,90.8,49.01,29.83,49.58,34.06
2,88.14,31.89,0.0,96.38,83.19,58.82,35.85,82.0,56.72,4.24,50.0,101.84,94.92,52.92,79.81,33.24,89.59,74.33,44.28,58.69,59.24
3,74.55,69.23,96.38,0.0,24.04,41.11,98.31,37.66,43.28,94.85,49.5,7.62,10.2,110.26,89.84,67.27,87.13,22.47,55.22,55.47,37.16
4,51.04,61.81,83.19,24.04,0.0,39.45,78.24,14.0,26.48,80.81,44.94,24.41,15.81,88.39,65.8,59.84,63.39,16.28,39.05,33.24,28.16
5,77.88,28.79,58.82,41.11,39.45,0.0,71.59,48.08,26.25,58.26,8.94,48.0,43.57,87.6,84.34,26.93,87.28,23.77,29.27,44.15,13.89
6,62.29,55.08,35.85,98.31,78.24,71.59,0.0,71.11,55.17,31.76,64.85,101.53,93.24,18.11,48.47,55.23,59.77,76.42,44.41,45.65,64.64
7,37.05,65.55,82.0,37.66,14.0,48.08,71.11,0.0,27.51,79.06,51.61,36.77,28.46,79.03,52.55,63.69,49.5,27.73,38.33,25.63,34.83
8,51.88,38.08,56.72,43.28,26.48,26.25,55.17,27.51,0.0,54.34,26.4,47.17,39.36,68.26,58.42,36.25,61.03,21.26,12.65,18.11,13.04
9,84.17,32.45,4.24,94.85,80.81,58.26,31.76,79.06,54.34,0.0,49.58,100.09,92.97,49.04,75.6,33.6,85.44,72.62,41.77,55.33,57.7
10,78.03,19.92,50.0,49.5,44.94,8.94,64.85,51.61,26.4,49.58,0.0,56.14,51.09,81.49,82.28,18.03,86.41,30.41,25.32,42.95,17.0
11,72.78,75.66,101.84,7.62,24.41,48.0,101.53,36.77,47.17,100.09,56.14,0.0,8.6,112.54,89.32,73.68,85.62,27.51,59.54,57.38,42.72
12,64.94,70.06,94.92,10.2,15.81,43.57,93.24,28.46,39.36,92.97,51.09,8.6,0.0,104.0,80.99,68.07,77.67,21.1,51.89,48.84,36.35
13,61.19,73.01,52.92,110.26,88.39,87.6,18.11,79.03,68.26,49.04,81.49,112.54,104.0,0.0,43.0,73.06,55.0,89.31,59.09,55.17,79.16
14,20.81,84.22,79.81,89.84,65.8,84.34,48.47,52.55,58.42,75.6,82.28,89.32,80.99,43.0,0.0,83.24,12.0,74.33,57.25,40.31,71.45
15,83.49,2.0,33.24,67.27,59.84,26.93,55.23,63.69,36.25,33.6,18.03,73.68,68.07,73.06,83.24,0.0,89.63,47.01,28.32,48.1,32.06
16,13.0,90.8,89.59,87.13,63.39,87.28,59.77,49.5,61.03,85.44,86.41,85.62,77.67,55.0,12.0,89.63,0.0,74.17,62.27,43.46,73.76
17,62.8,49.01,74.33,22.47,16.28,23.77,76.42,27.73,21.26,72.62,30.41,27.51,21.1,89.31,74.33,47.01,74.17,0.0,32.8,36.06,15.3
18,55.32,29.83,44.28,55.22,39.05,29.27,44.41,38.33,12.65,41.77,25.32,59.54,51.89,59.09,57.25,28.32,62.27,32.8,0.0,19.8,20.25
19,35.61,49.58,58.69,55.47,33.24,44.15,45.65,25.63,18.11,55.33,42.95,57.38,48.84,55.17,40.31,48.1,43.46,36.06,19.8,0.0,31.14
20,64.08,34.06,59.24,37.16,28.16,13.89,64.64,34.83,13.04,57.7,17.0,42.72,36.35,79.16,71.45,32.06,73.76,15.3,20.25,31.14,0.0
