vehicles
vehicle_idx, capacity, cost_per_unit_distance
1,100,3
2,100,3
3,100,3
4,100,3
depot
node_idx,x,y
0,82,76
home delivery customers
node_idx,x,y,service_time,demand
1,58,30,10,12
2,61,62,10,24
3,61,59,10,3
4,57,69,10,20
5,42,9,10,8
self pickup customers
node_idx,x,y,service_time,demand,locker_idxs
6,19,32,10,1,17
7,2,39,10,16,17
8,13,7,10,19,17
9,85,60,10,14,23
10,98,14,10,12,18-21
flexible customers
node_idx,x,y,service_time,demand,locker_idxs
11,50,5,10,21,24
12,5,42,10,4,17
13,91,2,10,19,18-21
14,23,15,10,15,17
15,50,93,10,8,16
lockers
node_idx,x,y,service_time,capacity,cost_per_unit_good
16,65,88,10,92
17,25,15,10,92
18,93,12,10,81
19,22,88,10,96
20,77,88,10,90
21,72,14,10,84
22,50,49,10,79
23,57,58,10,96
24,40,25,10,75
25,50,48,10,87
mrt lines
start_node_idx,end_node_idx,freight_capacity,cost_per_unit_good
16,17,92,0.1
17,16,92,0.1
distance matrix
,0,1,2,3,4,5,6,7,8,9,10,11,12,13,14,15,16,17,18,19,20,21,22,23,24,25,
0,0.0,51.88,25.24,27.02,25.96,78.03,76.84,88.14,97.58,16.28,64.03,77.88,84.17,74.55,84.86,36.24,20.81,83.49,64.94,61.19,13.0,62.8,41.87,30.81,66.07,42.52
1,51.88,0.0,32.14,29.15,39.01,26.4,39.05,56.72,50.54,40.36,43.08,26.25,54.34,43.28,38.08,63.51,58.42,36.25,39.36,68.26,61.03,21.26,20.62,28.02,18.68,19.7
2,25.24,32.14,0.0,3.0,8.06,56.3,51.61,63.32,73.0,24.08,60.61,58.05,59.46,67.08,60.44,32.89,26.31,59.2,59.36,46.87,30.53,49.24,17.03,5.66,42.54,17.8
3,27.02,29.15,3.0,0.0,10.77,53.49,49.93,62.3,70.77,24.02,58.26,55.11,58.52,64.41,58.14,35.74,29.27,56.85,56.86,48.6,33.12,46.32,14.87,4.12,39.96,15.56
4,25.96,39.01,8.06,10.77,0.0,61.85,53.04,62.65,76.03,29.41,68.6,64.38,58.59,75.13,63.81,25.0,20.62,62.77,67.42,39.82,27.59,57.01,21.19,11.0,47.17,22.14
5,78.03,26.4,56.3,53.49,61.85,0.0,32.53,50.0,29.07,66.71,56.22,8.94,49.58,49.5,19.92,84.38,82.28,18.03,51.09,81.49,86.41,30.41,40.79,51.24,16.12,39.81
6,76.84,39.05,51.61,49.93,53.04,32.53,0.0,18.38,25.71,71.69,81.02,41.11,17.2,78.0,17.46,68.43,72.47,18.03,76.66,56.08,80.62,55.97,35.36,46.04,22.14,34.89
7,88.14,56.72,63.32,62.3,62.65,50.0,18.38,0.0,33.84,85.62,99.2,58.82,4.24,96.38,31.89,72.25,79.81,33.24,94.92,52.92,89.59,74.33,49.03,58.19,40.5,48.84
8,97.58,50.54,73.0,70.77,76.03,29.07,25.71,33.84,0.0,89.4,85.29,37.05,35.9,78.16,12.81,93.62,96.25,14.42,80.16,81.5,103.23,59.41,55.97,67.36,32.45,55.23
9,16.28,40.36,24.08,24.02,29.41,66.71,71.69,85.62,89.4,0.0,47.8,65.19,82.0,58.31,76.61,48.1,34.41,75.0,48.66,68.94,29.12,47.8,36.69,28.07,57.01,37.0
10,64.03,43.08,60.61,58.26,68.6,56.22,81.02,99.2,85.29,47.8,0.0,48.84,97.12,13.89,75.01,92.44,81.02,73.01,5.39,106.08,76.92,26.0,59.41,60.14,59.03,58.82
11,77.88,26.25,58.05,55.11,64.38,8.94,41.11,58.82,37.05,65.19,48.84,0.0,58.26,41.11,28.79,88.0,84.34,26.93,43.57,87.6,87.28,23.77,44.0,53.46,22.36,43.0
12,84.17,54.34,59.46,58.52,58.59,49.58,17.2,4.24,35.9,82.0,97.12,58.26,0.0,94.85,32.45,68.01,75.6,33.6,92.97,49.04,85.44,72.62,45.54,54.41,38.91,45.4
13,74.55,43.28,67.08,64.41,75.13,49.5,78.0,96.38,78.16,58.31,13.89,41.11,94.85,0.0,69.23,99.81,89.84,67.27,10.2,110.26,87.13,22.47,62.37,65.51,55.95,61.62
14,84.86,38.08,60.44,58.14,63.81,19.92,17.46,31.89,12.81,76.61,75.01,28.79,32.45,69.23,0.0,82.54,84.22,2.0,70.06,73.01,90.8,49.01,43.42,54.82,19.72,42.64
15,36.24,63.51,32.89,35.74,25.0,84.38,68.43,72.25,93.62,48.1,92.44,88.0,68.01,99.81,82.54,0.0,15.81,81.91,91.71,28.44,27.46,82.01,44.0,35.69,68.73,45.0
16,20.81,58.42,26.31,29.27,20.62,82.28,72.47,79.81,96.25,34.41,81.02,84.34,75.6,89.84,84.22,15.81,0.0,83.24,80.99,43.0,12.0,74.33,41.79,31.05,67.78,42.72
17,83.49,36.25,59.2,56.85,62.77,18.03,18.03,33.24,14.42,75.0,73.01,26.93,33.6,67.27,2.0,81.91,83.24,0.0,68.07,73.06,89.63,47.01,42.2,53.6,18.03,41.4
18,64.94,39.36,59.36,56.86,67.42,51.09,76.66,94.92,80.16,48.66,5.39,43.57,92.97,10.2,70.06,91.71,80.99,68.07,0.0,104.0,77.67,21.1,56.73,58.41,54.57,56.08
19,61.19,68.26,46.87,48.6,39.82,81.49,56.08,52.92,81.5,68.94,106.08,87.6,49.04,110.26,73.01,28.44,43.0,73.06,104.0,0.0,55.0,89.31,48.01,46.1,65.52,48.83
20,13.0,61.03,30.53,33.12,27.59,86.41,80.62,89.59,103.23,29.12,76.92,87.28,85.44,87.13,90.8,27.46,12.0,89.63,77.67,55.0,0.0,74.17,47.43,36.06,73.06,48.26
21,62.8,21.26,49.24,46.32,57.01,30.41,55.97,74.33,59.41,47.8,26.0,23.77,72.62,22.47,49.01,82.01,74.33,47.01,21.1,89.31,74.17,0.0,41.34,46.49,33.84,40.5
22,41.87,20.62,17.03,14.87,21.19,40.79,35.36,49.03,55.97,36.69,59.41,44.0,45.54,62.37,43.42,44.0,41.79,42.2,56.73,48.01,47.43,41.34,0.0,11.4,26.0,1.0
23,30.81,28.02,5.66,4.12,11.0,51.24,46.04,58.19,67.36,28.07,60.14,53.46,54.41,65.51,54.82,35.69,31.05,53.6,58.41,46.1,36.06,46.49,11.4,0.0,37.12,12.21
24,66.07,18.68,42.54,39.96,47.17,16.12,22.14,40.5,32.45,57.01,59.03,22.36,38.91,55.95,19.72,68.73,67.78,18.03,54.57,65.52,73.06,33.84,26.0,37.12,0.0,25.08
25,42.52,19.7,17.8,15.56,22.14,39.81,34.89,48.84,55.23,37.0,58.82,43.0,45.4,61.62,42.64,45.0,42.72,41.4,56.08,48.83,48.26,40.5,1.0,12.21,25.08,0.0
