vehicles
vehicle_idx, capacity, cost_per_unit_distance
1,100,1
2,100,1
3,100,1
4,100,1
depot
node_idx,x,y
0,82,76
home delivery customers
node_idx,x,y,service_time,demand
1,9,97,10,24
2,98,5,10,9
3,98,14,10,12
4,96,44,10,19
5,61,59,10,3
6,84,39,10,16
self pickup customers
node_idx,x,y,service_time,demand,locker_idxs
7,98,52,10,21,21
8,57,69,10,20,26
9,58,30,10,12,24
10,85,60,10,14,27
11,91,2,10,19,21-24
12,13,7,10,19,20
flexible customers
node_idx,x,y,service_time,demand,locker_idxs
13,1,65,10,22,22
14,42,9,10,8,20
15,88,51,10,18,27
16,61,62,10,24,28-26-27
17,14,24,10,6,20
18,3,82,10,8,22
lockers
node_idx,x,y,service_time,capacity,cost_per_unit_good
19,65,88,10,91
20,25,15,10,85
21,93,12,10,84
22,22,88,10,72
23,77,88,10,99
24,72,14,10,82
25,35,42,10,79
26,54,60,10,84
27,71,47,10,95
28,48,49,10,80
mrt lines
start_node_idx,end_node_idx,freight_capacity,cost_per_unit_good
19,20,91,1.5
20,19,91,1.5
21,22,84,1.5
22,21,84,1.5
distance matrix
,0,1,2,3,4,5,6,7,8,9,10,11,12,13,14,15,16,17,18,19,20,21,22,23,24,25,26,27,28,
0,0.0,75.96,72.78,64.03,34.93,27.02,37.05,28.84,25.96,51.88,16.28,74.55,97.58,81.74,78.03,25.71,25.24,85.6,79.23,20.81,83.49,64.94,61.19,13.0,62.8,58.01,32.25,31.02,43.42
1,75.96,0.0,128.0,121.7,101.87,64.4,94.81,99.73,55.57,83.01,84.53,125.5,90.09,32.98,93.98,91.42,62.68,73.17,16.16,56.72,83.55,119.5,15.81,68.59,104.2,60.84,58.26,79.65,61.85
2,72.78,128.0,0.0,9.0,39.05,65.46,36.77,47.0,76.01,47.17,56.52,7.62,85.02,114.06,56.14,47.07,67.96,86.12,122.29,89.32,73.68,8.6,112.54,85.62,27.51,73.06,70.43,49.93,66.6
3,64.03,121.7,9.0,0.0,30.07,58.26,28.65,38.0,68.6,43.08,47.8,13.89,85.29,109.59,56.22,38.33,60.61,84.59,116.83,81.02,73.01,5.39,106.08,76.92,26.0,68.94,63.66,42.64,61.03
4,34.93,101.87,39.05,30.07,0.0,38.08,13.0,8.25,46.32,40.5,19.42,42.3,90.87,97.29,64.35,10.63,39.36,84.4,100.46,53.82,76.69,32.14,86.09,47.93,38.42,61.03,44.94,25.18,48.26
5,27.02,64.4,65.46,58.26,38.08,0.0,30.48,37.66,10.77,29.15,24.02,64.41,70.77,60.3,53.49,28.16,3.0,58.6,62.39,29.27,56.85,56.86,48.6,33.12,46.32,31.06,7.07,15.62,16.4
6,37.05,94.81,36.77,28.65,13.0,30.48,0.0,19.1,40.36,27.51,21.02,37.66,77.88,86.98,51.61,12.65,32.53,71.59,91.71,52.55,63.69,28.46,79.03,49.5,27.73,49.09,36.62,15.26,37.36
7,28.84,99.73,47.0,38.0,8.25,37.66,19.1,0.0,44.38,45.65,15.26,50.49,96.18,97.87,70.6,10.05,38.33,88.54,99.62,48.84,81.84,40.31,84.1,41.68,46.04,63.79,44.72,27.46,50.09
8,25.96,55.57,76.01,68.6,46.32,10.77,40.36,44.38,0.0,39.01,29.41,75.13,76.03,56.14,61.85,35.85,8.06,62.24,55.54,20.62,62.77,67.42,39.82,27.59,57.01,34.83,9.49,26.08,21.93
9,51.88,83.01,47.17,43.08,40.5,29.15,27.51,45.65,39.01,0.0,40.36,43.28,50.54,66.89,26.4,36.62,32.14,44.41,75.69,58.42,36.25,39.36,68.26,61.03,21.26,25.94,30.27,21.4,21.47
10,16.28,84.53,56.52,47.8,19.42,24.02,21.02,15.26,29.41,40.36,0.0,58.31,89.4,84.15,66.71,9.49,24.08,79.61,84.9,34.41,75.0,48.66,68.94,29.12,47.8,53.14,31.0,19.1,38.6
11,74.55,125.5,7.62,13.89,42.3,64.41,37.66,50.49,75.13,43.28,58.31,0.0,78.16,109.86,49.5,49.09,67.08,80.08,118.93,89.84,67.27,10.2,110.26,87.13,22.47,68.82,68.8,49.24,63.7
12,97.58,90.09,85.02,85.29,90.87,70.77,77.88,96.18,76.03,50.54,89.4,78.16,0.0,59.23,29.07,86.95,73.0,17.03,75.66,96.25,14.42,80.16,81.5,103.23,59.41,41.34,67.01,70.46,54.67
13,81.74,32.98,114.06,109.59,97.29,60.3,86.98,97.87,56.14,66.89,84.15,109.86,59.23,0.0,69.4,88.12,60.07,43.01,17.12,68.01,55.46,106.17,31.14,79.4,87.42,41.05,53.24,72.28,49.65
14,78.03,93.98,56.14,56.22,64.35,53.49,51.61,70.6,61.85,26.4,66.71,49.5,29.07,69.4,0.0,62.29,56.3,31.76,82.76,82.28,18.03,51.09,81.49,86.41,30.41,33.73,52.39,47.8,40.45
15,25.71,91.42,47.07,38.33,10.63,28.16,12.65,10.05,35.85,36.62,9.49,49.09,86.95,88.12,62.29,0.0,29.15,78.77,90.48,43.57,72.56,39.32,75.66,38.6,40.31,53.76,35.17,17.46,40.05
16,25.24,62.68,67.96,60.61,39.36,3.0,32.53,38.33,8.06,32.14,24.08,67.08,73.0,60.07,56.3,29.15,0.0,60.44,61.35,26.31,59.2,59.36,46.87,30.53,49.24,32.8,7.28,18.03,18.38
17,85.6,73.17,86.12,84.59,84.4,58.6,71.59,88.54,62.24,44.41,79.61,80.08,17.03,43.01,31.76,78.77,60.44,0.0,59.03,81.84,14.21,79.91,64.5,89.81,58.86,27.66,53.81,61.47,42.2
18,79.23,16.16,122.29,116.83,100.46,62.39,91.71,99.62,55.54,75.69,84.9,118.93,75.66,17.12,82.76,90.48,61.35,59.03,0.0,62.29,70.52,114.02,19.92,74.24,96.88,51.22,55.54,76.48,55.8
19,20.81,56.72,89.32,81.02,53.82,29.27,52.55,48.84,20.62,58.42,34.41,89.84,96.25,68.01,82.28,43.57,26.31,81.84,62.29,0.0,83.24,80.99,43.0,12.0,74.33,54.92,30.08,41.44,42.54
20,83.49,83.55,73.68,73.01,76.69,56.85,63.69,81.84,62.77,36.25,75.0,67.27,14.42,55.46,18.03,72.56,59.2,14.21,70.52,83.24,0.0,68.07,73.06,89.63,47.01,28.79,53.54,56.04,41.05
21,64.94,119.5,8.6,5.39,32.14,56.86,28.46,40.31,67.42,39.36,48.66,10.2,80.16,106.17,51.09,39.32,59.36,79.91,114.02,80.99,68.07,0.0,104.0,77.67,21.1,65.3,61.85,41.34,58.26
22,61.19,15.81,112.54,106.08,86.09,48.6,79.03,84.1,39.82,68.26,68.94,110.26,81.5,31.14,81.49,75.66,46.87,64.5,19.92,43.0,73.06,104.0,0.0,55.0,89.31,47.8,42.52,63.89,46.87
23,13.0,68.59,85.62,76.92,47.93,33.12,49.5,41.68,27.59,61.03,29.12,87.13,103.23,79.4,86.41,38.6,30.53,89.81,74.24,12.0,89.63,77.67,55.0,0.0,74.17,62.29,36.24,41.44,48.6
24,62.8,104.2,27.51,26.0,38.42,46.32,27.73,46.04,57.01,21.26,47.8,22.47,59.41,87.42,30.41,40.31,49.24,58.86,96.88,74.33,47.01,21.1,89.31,74.17,0.0,46.4,49.4,33.02,42.44
25,58.01,60.84,73.06,68.94,61.03,31.06,49.09,63.79,34.83,25.94,53.14,68.82,41.34,41.05,33.73,53.76,32.8,27.66,51.22,54.92,28.79,65.3,47.8,62.29,46.4,0.0,26.17,36.35,14.76
26,32.25,58.26,70.43,63.66,44.94,7.07,36.62,44.72,9.49,30.27,31.0,68.8,67.01,53.24,52.39,35.17,7.28,53.81,55.54,30.08,53.54,61.85,42.52,36.24,49.4,26.17,0.0,21.4,12.53
27,31.02,79.65,49.93,42.64,25.18,15.62,15.26,27.46,26.08,21.4,19.1,49.24,70.46,72.28,47.8,17.46,18.03,61.47,76.48,41.44,56.04,41.34,63.89,41.44,33.02,36.35,21.4,0.0,23.09
28,43.42,61.85,66.6,61.03,48.26,16.4,37.36,50.09,21.93,21.47,38.6,63.7,54.67,49.65,40.45,40.05,18.38,42.2,55.8,42.54,41.05,58.26,46.87,48.6,42.44,14.76,12.53,23.09,0.0
