vehicles
vehicle_idx, capacity, cost_per_unit_distance
1,100,3
2,100,3
3,100,3
depot
node_idx,x,y
0,82,76
home delivery customers
node_idx,x,y,service_time,demand
1,5,10,10,14
2,13,7,10,19
3,88,51,10,18
4,61,59,10,3
5,20,70,10,2
self pickup customers
node_idx,x,y,service_time,demand,locker_idxs
6,19,32,10,1,18-3
7,80,55,10,2,19-4
8,5,42,10,4,19-3
flexible customers
node_idx,x,y,service_time,demand,locker_idxs
9,93,3,10,24,19-0
10,3,82,10,8,18-1
11,85,60,10,14,19
lockers
node_idx,x,y,service_time,capacity,cost_per_unit_good
12,93,12,10,96
13,22,88,10,75
14,65,88,10,93
15,25,15,10,81
16,77,88,10,74
17,72,14,10,82
18,42,42,10,85
19,65,57,10,99
20,62,39,10,93
mrt lines
start_node_idx,end_node_idx,freight_capacity,cost_per_unit_good
12,13,96,0.5
13,12,96,0.5
14,15,93,0.5
15,14,93,0.5
16,17,82,0.5
17,16,82,0.5
distance matrix
,0,1,2,3,4,5,6,7,8,9,10,11,12,13,14,15,16,17,18,19,20,
0,0.0,101.41,97.58,25.71,27.02,62.29,76.84,21.1,84.17,73.82,79.23,16.28,64.94,61.19,20.81,83.49,13.0,62.8,52.5,25.5,42.06
1,101.41,0.0,8.54,92.57,74.41,61.85,26.08,87.46,32.0,88.28,72.03,94.34,88.02,79.83,98.41,20.62,106.15,67.12,48.92,76.22,63.95
2,97.58,8.54,0.0,86.95,70.77,63.39,25.71,82.42,35.9,80.1,75.66,89.4,80.16,81.5,96.25,14.42,103.23,59.41,45.45,72.14,58.52
3,25.71,92.57,86.95,0.0,28.16,70.6,71.57,8.94,83.49,48.26,90.48,9.49,39.32,75.66,43.57,72.56,38.6,40.31,46.87,23.77,28.64
4,27.02,74.41,70.77,28.16,0.0,42.45,49.93,19.42,58.52,64.5,62.39,24.02,56.86,48.6,29.27,56.85,33.12,46.32,25.5,4.47,20.02
5,62.29,61.85,63.39,70.6,42.45,0.0,38.01,61.85,31.76,99.09,20.81,65.76,93.24,18.11,48.47,55.23,59.77,76.42,35.61,46.84,52.2
6,76.84,26.08,25.71,71.57,49.93,38.01,0.0,65.19,17.2,79.48,52.5,71.69,76.66,56.08,72.47,18.03,80.62,55.97,25.08,52.35,43.57
7,21.1,87.46,82.42,8.94,19.42,61.85,65.19,0.0,76.12,53.6,81.6,7.07,44.92,66.73,36.25,68.01,33.14,41.77,40.16,15.13,24.08
8,84.17,32.0,35.9,83.49,58.52,31.76,17.2,76.12,0.0,96.25,40.05,82.0,92.97,49.04,75.6,33.6,85.44,72.62,37.0,61.85,57.08
9,73.82,88.28,80.1,48.26,64.5,99.09,79.48,53.6,96.25,0.0,119.75,57.56,9.0,110.75,89.49,69.05,86.49,23.71,64.2,60.83,47.51
10,79.23,72.03,75.66,90.48,62.39,20.81,52.5,81.6,40.05,119.75,0.0,84.9,114.02,19.92,62.29,70.52,74.24,96.88,55.87,66.85,73.01
11,16.28,94.34,89.4,9.49,24.02,65.76,71.69,7.07,82.0,57.56,84.9,0.0,48.66,68.94,34.41,75.0,29.12,47.8,46.62,20.22,31.14
12,64.94,88.02,80.16,39.32,56.86,93.24,76.66,44.92,92.97,9.0,114.02,48.66,0.0,104.0,80.99,68.07,77.67,21.1,59.17,53.0,41.11
13,61.19,79.83,81.5,75.66,48.6,18.11,56.08,66.73,49.04,110.75,19.92,68.94,104.0,0.0,43.0,73.06,55.0,89.31,50.16,53.01,63.25
14,20.81,98.41,96.25,43.57,29.27,48.47,72.47,36.25,75.6,89.49,62.29,34.41,80.99,43.0,0.0,83.24,12.0,74.33,51.43,31.0,49.09
15,83.49,20.62,14.42,72.56,56.85,55.23,18.03,68.01,33.6,69.05,70.52,75.0,68.07,73.06,83.24,0.0,89.63,47.01,31.91,58.0,44.1
16,13.0,106.15,103.23,38.6,33.12,59.77,80.62,33.14,85.44,86.49,74.24,29.12,77.67,55.0,12.0,89.63,0.0,74.17,57.8,33.24,51.24
17,62.8,67.12,59.41,40.31,46.32,76.42,55.97,41.77,72.62,23.71,96.88,47.8,21.1,89.31,74.33,47.01,74.17,0.0,41.04,43.57,26.93
18,52.5,48.92,45.45,46.87,25.5,35.61,25.08,40.16,37.0,64.2,55.87,46.62,59.17,50.16,51.43,31.91,57.8,41.04,0.0,27.46,20.22
19,25.5,76.22,72.14,23.77,4.47,46.84,52.35,15.13,61.85,60.83,66.85,20.22,53.0,53.01,31.0,58.0,33.24,43.57,27.46,0.0,18.25
20,42.06,63.95,58.52,28.64,20.02,52.2,43.57,24.08,57.08,47.51,73.01,31.14,41.11,63.25,49.09,44.1,51.24,26.93,20.22,18.25,0.0
