vehicles
vehicle_idx, capacity, cost_per_unit_distance
1,100,3
2,100,3
3,100,3
depot
node_idx,x,y
0,82,76
home delivery customers
node_idx,x,y,service_time,demand
1,61,59,10,3
2,85,60,10,14
3,98,5,10,9
4,96,44,10,19
5,9,97,10,24
self pickup customers
node_idx,x,y,service_time,demand,locker_idxs
6,23,15,10,15,16
7,19,32,10,1,15
8,57,69,10,20,14-16
flexible customers
node_idx,x,y,service_time,demand,locker_idxs
9,29,89,10,7,13
10,84,39,10,16,16
11,61,62,10,24,16-14
lockers
node_idx,x,y,service_time,capacity,cost_per_unit_good
12,93,12,10,93
13,22,88,10,97
14,54,51,10,87
15,22,48,10,93
16,64,53,10,92
mrt lines
start_node_idx,end_node_idx,freight_capacity,cost_per_unit_good
12,13,97,0.5
13,12,97,0.5
distance matrix
,0,1,2,3,4,5,6,7,8,9,10,11,12,13,14,15,16,
0,0.0,27.02,16.28,72.78,34.93,75.96,84.86,76.84,25.96,54.57,37.05,25.24,64.94,61.19,37.54,66.21,29.21
1,27.02,0.0,24.02,65.46,38.08,64.4,58.14,49.93,10.77,43.86,30.48,3.0,56.86,48.6,10.63,40.52,6.71
2,16.28,24.02,0.0,56.52,19.42,84.53,76.61,71.69,29.41,63.06,21.02,24.08,48.66,68.94,32.28,64.13,22.14
3,72.78,65.46,56.52,0.0,39.05,128.0,75.66,83.49,76.01,108.71,36.77,67.96,8.6,112.54,63.66,87.32,58.82
4,34.93,38.08,19.42,39.05,0.0,101.87,78.55,77.93,46.32,80.71,13.0,39.36,32.14,86.09,42.58,74.11,33.24
5,75.96,64.4,84.53,128.0,101.87,0.0,83.19,65.76,55.57,21.54,94.81,62.68,119.5,15.81,64.35,50.7,70.43
6,84.86,58.14,76.61,75.66,78.55,83.19,0.0,17.46,63.81,74.24,65.55,60.44,70.06,73.01,47.51,33.02,55.9
7,76.84,49.93,71.69,83.49,77.93,65.76,17.46,0.0,53.04,57.87,65.38,51.61,76.66,56.08,39.82,16.28,49.66
8,25.96,10.77,29.41,76.01,46.32,55.57,63.81,53.04,0.0,34.41,40.36,8.06,67.42,39.82,18.25,40.82,17.46
9,54.57,43.86,63.06,108.71,80.71,21.54,74.24,57.87,34.41,0.0,74.33,41.87,100.12,7.07,45.49,41.59,50.21
10,37.05,30.48,21.02,36.77,13.0,94.81,65.55,65.38,40.36,74.33,0.0,32.53,28.46,79.03,32.31,62.65,24.41
11,25.24,3.0,24.08,67.96,39.36,62.68,60.44,51.61,8.06,41.87,32.53,0.0,59.36,46.87,13.04,41.44,9.49
12,64.94,56.86,48.66,8.6,32.14,119.5,70.06,76.66,67.42,100.12,28.46,59.36,0.0,104.0,55.15,79.61,50.22
13,61.19,48.6,68.94,112.54,86.09,15.81,73.01,56.08,39.82,7.07,79.03,46.87,104.0,0.0,48.92,40.0,54.67
14,37.54,10.63,32.28,63.66,42.58,64.35,47.51,39.82,18.25,45.49,32.31,13.04,55.15,48.92,0.0,32.14,10.2
15,66.21,40.52,64.13,87.32,74.11,50.7,33.02,16.28,40.82,41.59,62.65,41.44,79.61,40.0,32.14,0.0,42.3
16,29.21,6.71,22.14,58.82,33.24,70.43,55.9,49.66,17.46,50.21,24.41,9.49,50.22,54.67,10.2,42.3,0.0
