set K:= 1	2	3	4;
set C_H:= 1	2	3	4	5	6	7;
set C_S:= 8	9	10	11	12;
set C_F:= 13	14	15	16	17;
set M:= 18	19	20	21	22	23;
set L_B:= 24	25	26	27;
set A1:=
(0,*) 1 2 3 4 5 6 7 13 14 15 16 17 18 19 20 21 22 23 24 25 26 27
(1,*) 0 2 3 4 5 6 7 13 14 15 16 17 18 19 20 21 22 23 24 25 26 27
(2,*) 0 1 3 4 5 6 7 13 14 15 16 17 18 19 20 21 22 23 24 25 26 27
(3,*) 0 1 2 4 5 6 7 13 14 15 16 17 18 19 20 21 22 23 24 25 26 27
(4,*) 0 1 2 3 5 6 7 13 14 15 16 17 18 19 20 21 22 23 24 25 26 27
(5,*) 0 1 2 3 4 6 7 13 14 15 16 17 18 19 20 21 22 23 24 25 26 27
(6,*) 0 1 2 3 4 5 7 13 14 15 16 17 18 19 20 21 22 23 24 25 26 27
(7,*) 0 1 2 3 4 5 6 13 14 15 16 17 18 19 20 21 22 23 24 25 26 27
(13,*) 0 1 2 3 4 5 6 7 14 15 16 17 18 19 20 21 22 23 24 25 26 27
(14,*) 0 1 2 3 4 5 6 7 13 15 16 17 18 19 20 21 22 23 24 25 26 27
(15,*) 0 1 2 3 4 5 6 7 13 14 16 17 18 19 20 21 22 23 24 25 26 27
(16,*) 0 1 2 3 4 5 6 7 13 14 15 17 18 19 20 21 22 23 24 25 26 27
(17,*) 0 1 2 3 4 5 6 7 13 14 15 16 18 19 20 21 22 23 24 25 26 27
(18,*) 0 1 2 3 4 5 6 7 13 14 15 16 17 19 20 21 22 23 24 25 26 27
(19,*) 0 1 2 3 4 5 6 7 13 14 15 16 17 18 20 21 22 23 24 25 26 27
(20,*) 0 1 2 3 4 5 6 7 13 14 15 16 17 18 19 21 22 23 24 25 26 27
(21,*) 0 1 2 3 4 5 6 7 13 14 15 16 17 18 19 20 22 23 24 25 26 27
(22,*) 0 1 2 3 4 5 6 7 13 14 15 16 17 18 19 20 21 23 24 25 26 27
(23,*) 0 1 2 3 4 5 6 7 13 14 15 16 17 18 19 20 21 22 24 25 26 27
(24,*) 0 1 2 3 4 5 6 7 13 14 15 16 17 18 19 20 21 22 23 25 26 27
(25,*) 0 1 2 3 4 5 6 7 13 14 15 16 17 18 19 20 21 22 23 24 26 27
(26,*) 0 1 2 3 4 5 6 7 13 14 15 16 17 18 19 20 21 22 23 24 25 27
(27,*) 0 1 2 3 4 5 6 7 13 14 15 16 17 18 19 20 21 22 23 24 25 26
;
param BigM:=99999;
param n:= 4;
param d:=
1	14
2	24
3	15
4	6
5	16
6	7
7	24
8	4
9	19
10	18
11	24
12	8
13	6
14	16
15	2
16	9
17	8
;
param Q:=100;
param e:
	18	19	20	21	22	23	24	25	26	27:=
8		0		1		0		0		0		0		0		0		0		0	
9		0		0		0		0		0		0		0		1		0		0	
10		0		0		0		0		0		0		0		1		0		0	
11		0		0		0		1		0		0		0		0		0		0	
12		1		0		0		0		0		0		0		0		0		0	
13		0		1		0		0		0		0		0		0		0		0	
14		0		0		1		0		0		1		0		0		0		0	
15		0		0		0		0		0		0		0		1		0		0	
16		0		0		1		0		0		0		0		0		0		0	
17		0		0		0		1		0		0		0		0		0		0	
;
param p:=
1	3
2	3
3	3
4	3
;
param G:=
18	83
19	88
20	81
21	70
22	93
23	94
24	72
25	76
26	75
27	92
;
param s:=
0	0
1	10
2	10
3	10
4	10
5	10
6	10
7	10
13	10
14	10
15	10
16	10
17	10
18	10
19	10
20	10
21	10
22	10
23	10
24	10
25	10
26	10
27	10
;
param t:
	0	1	2	3	4	5	6	7	8	9	10	11	12	13	14	15	16	17	18	19	20	21	22	23	24	25	26	27:=
0	0.0	16.28	73.82	84.86	75.58	88.14	54.57	25.24	84.17	34.93	25.71	75.96	36.24	85.6	51.04	21.1	72.78	79.23	20.81	83.49	64.94	61.19	13.0	62.8	44.65	22.85	43.86	49.52
1	16.28	0.0	57.56	76.61	63.25	85.62	63.06	24.08	82.0	19.42	9.49	84.53	48.1	79.61	35.01	7.07	56.52	84.9	34.41	75.0	48.66	68.94	29.12	47.8	41.0	13.0	36.67	42.06
2	73.82	57.56	0.0	71.02	44.28	97.86	107.2	67.12	96.25	41.11	48.26	126.06	99.74	81.74	23.77	53.6	5.39	119.75	89.49	69.05	9.0	110.75	86.49	23.71	67.88	55.71	57.98	58.26
3	84.86	76.61	71.02	0.0	26.93	31.89	74.24	60.44	32.45	78.55	74.3	83.19	82.54	12.73	61.81	69.63	75.66	69.92	84.22	2.0	70.06	73.01	90.8	49.01	42.19	64.03	41.01	35.36
4	75.58	63.25	44.28	26.93	0.0	56.3	83.43	55.32	55.61	59.2	58.05	97.58	85.01	38.48	38.91	56.3	49.09	87.13	81.58	25.0	44.18	84.43	84.76	23.77	43.19	52.77	36.12	32.02
5	88.14	85.62	97.86	31.89	56.3	0.0	56.82	63.32	4.24	94.13	86.83	58.42	72.25	19.21	83.19	79.62	101.84	43.01	79.81	33.24	94.92	52.92	89.59	74.33	44.64	72.78	50.25	46.01
6	54.57	63.06	107.2	74.24	83.43	56.82	0.0	41.87	52.77	80.71	70.18	21.54	21.38	66.71	84.39	61.29	108.71	26.93	36.01	74.11	100.12	7.07	48.01	86.45	41.23	55.61	50.54	52.55
7	25.24	24.08	67.12	60.44	55.32	63.32	41.87	0.0	59.46	39.36	29.15	62.68	32.89	60.44	43.57	20.25	67.96	61.35	26.31	59.2	59.36	46.87	30.53	49.24	19.42	13.89	20.12	25.55
8	84.17	82.0	96.25	32.45	55.61	4.24	52.77	59.46	0.0	91.02	83.49	55.15	68.01	20.12	80.81	76.12	100.09	40.05	75.6	33.6	92.97	49.04	85.44	72.62	41.0	69.23	47.04	43.05
9	34.93	19.42	41.11	78.55	59.2	94.13	80.71	39.36	91.02	0.0	10.63	101.87	67.21	84.4	22.47	19.42	39.05	100.46	53.82	76.69	32.14	86.09	47.93	38.42	51.48	25.5	44.0	48.17
10	25.71	9.49	48.26	74.3	58.05	86.83	70.18	29.15	83.49	10.63	0.0	91.42	56.64	78.77	26.31	8.94	47.07	90.48	43.57	72.56	39.32	75.66	38.6	40.31	43.0	15.52	36.67	41.48
11	75.96	84.53	126.06	83.19	97.58	58.42	21.54	62.68	55.15	101.87	91.42	0.0	41.19	73.17	103.97	82.49	128.0	16.16	56.72	83.55	119.5	15.81	68.59	104.2	58.41	76.55	68.25	69.07
12	36.24	48.1	99.74	82.54	85.01	72.25	21.38	32.89	68.01	67.21	56.64	41.19	0.0	77.83	76.03	48.41	100.24	48.27	15.81	81.91	91.71	28.44	27.46	82.01	42.3	44.42	49.04	53.04
13	85.6	79.61	81.74	12.73	38.48	19.21	66.71	60.44	20.12	84.4	78.77	73.17	77.83	0.0	70.01	72.92	86.12	59.03	81.84	14.21	79.91	64.5	89.81	58.86	41.11	66.65	42.94	37.58
14	51.04	35.01	23.77	61.81	38.91	83.19	84.39	43.57	80.81	22.47	26.31	103.97	76.03	70.01	0.0	30.27	24.41	99.05	65.8	59.84	15.81	88.39	63.39	16.28	46.87	31.95	37.22	39.0
15	21.1	7.07	53.6	69.63	56.3	79.62	61.29	20.25	76.12	19.42	8.94	82.49	48.41	72.92	30.27	0.0	53.14	81.6	36.25	68.01	44.92	66.73	33.14	41.77	35.23	7.0	30.08	35.34
16	72.78	56.52	5.39	75.66	49.09	101.84	108.71	67.96	100.09	39.05	47.07	128.0	100.24	86.12	24.41	53.14	0.0	122.29	89.32	73.68	8.6	112.54	85.62	27.51	70.18	55.9	60.31	61.03
17	79.23	84.9	119.75	69.92	87.13	43.01	26.93	61.35	40.05	100.46	90.48	16.16	48.27	59.03	99.05	81.6	122.29	0.0	62.29	70.52	114.02	19.92	74.24	96.88	52.2	75.03	62.01	61.55
18	20.81	34.41	89.49	84.22	81.58	79.81	36.01	26.31	75.6	53.82	43.57	56.72	15.81	81.84	65.8	36.25	89.32	62.29	0.0	83.24	80.99	43.0	12.0	74.33	42.06	33.96	45.88	50.92
19	83.49	75.0	69.05	2.0	25.0	33.24	74.11	59.2	33.6	76.69	72.56	83.55	81.91	14.21	59.84	68.01	73.68	70.52	83.24	0.0	68.07	73.06	89.63	47.01	41.18	62.48	39.62	33.97
20	64.94	48.66	9.0	70.06	44.18	94.92	100.12	59.36	92.97	32.14	39.32	119.5	91.71	79.91	15.81	44.92	8.6	114.02	80.99	68.07	0.0	104.0	77.67	21.1	61.85	47.42	52.01	53.0
21	61.19	68.94	110.75	73.01	84.43	52.92	7.07	46.87	49.04	86.09	75.66	15.81	28.44	64.5	88.39	66.73	112.54	19.92	43.0	73.06	104.0	0.0	55.0	89.31	43.57	60.75	53.25	54.59
22	13.0	29.12	86.49	90.8	84.76	89.59	48.01	30.53	85.44	47.93	38.6	68.59	27.46	89.81	63.39	33.14	85.62	74.24	12.0	89.63	77.67	55.0	0.0	74.17	48.92	33.24	50.61	56.08
23	62.8	47.8	23.71	49.01	23.77	74.33	86.45	49.24	72.62	38.42	40.31	104.2	82.01	58.86	16.28	41.77	27.51	96.88	74.33	47.01	21.1	89.31	74.17	0.0	45.8	41.01	36.06	35.38
24	44.65	41.0	67.88	42.19	43.19	44.64	41.23	19.42	41.0	51.48	43.0	58.41	42.3	41.11	46.87	35.23	70.18	52.2	42.06	41.18	61.85	43.57	48.92	45.8	0.0	28.28	9.9	11.4
25	22.85	13.0	55.71	64.03	52.77	72.78	55.61	13.89	69.23	25.5	15.52	76.55	44.42	66.65	31.95	7.0	55.9	75.03	33.96	62.48	47.42	60.75	33.24	41.01	28.28	0.0	23.71	29.15
26	43.86	36.67	57.98	41.01	36.12	50.25	50.54	20.12	47.04	44.0	36.67	68.25	49.04	42.94	37.22	30.08	60.31	62.01	45.88	39.62	52.01	53.25	50.61	36.06	9.9	23.71	0.0	5.66
27	49.52	42.06	58.26	35.36	32.02	46.01	52.55	25.55	43.05	48.17	41.48	69.07	53.04	37.58	39.0	35.34	61.03	61.55	50.92	33.97	53.0	54.59	56.08	35.38	11.4	29.15	5.66	0.0
;
