set K:= 1	2	3	4;
set C_H:= 1	2	3	4;
set C_S:= 5	6	7	8	9;
set C_F:= 10	11	12	13	14;
set M:= 15	16	17	18	19	20;
set L_B:= 21;
set A1:=
(0,*) 1 2 3 4 10 11 12 13 14 15 16 17 18 19 20 21 22
(1,*) 0 2 3 4 10 11 12 13 14 15 16 17 18 19 20 21 22
(2,*) 0 1 3 4 10 11 12 13 14 15 16 17 18 19 20 21 22
(3,*) 0 1 2 4 10 11 12 13 14 15 16 17 18 19 20 21 22
(4,*) 0 1 2 3 10 11 12 13 14 15 16 17 18 19 20 21 22
(10,*) 0 1 2 3 4 11 12 13 14 15 16 17 18 19 20 21 22
(11,*) 0 1 2 3 4 10 12 13 14 15 16 17 18 19 20 21 22
(12,*) 0 1 2 3 4 10 11 13 14 15 16 17 18 19 20 21 22
(13,*) 0 1 2 3 4 10 11 12 14 15 16 17 18 19 20 21 22
(14,*) 0 1 2 3 4 10 11 12 13 15 16 17 18 19 20 21 22
(15,*) 0 1 2 3 4 10 11 12 13 14 16 17 18 19 20 21 22
(16,*) 0 1 2 3 4 10 11 12 13 14 15 17 18 19 20 21 22
(17,*) 0 1 2 3 4 10 11 12 13 14 15 16 18 19 20 21 22
(18,*) 0 1 2 3 4 10 11 12 13 14 15 16 17 19 20 21 22
(19,*) 0 1 2 3 4 10 11 12 13 14 15 16 17 18 20 21 22
(20,*) 0 1 2 3 4 10 11 12 13 14 15 16 17 18 19 21 22
(21,*) 0 1 2 3 4 10 11 12 13 14 15 16 17 18 19 20 22
(22,*) 0 1 2 3 4 10 11 12 13 14 15 16 17 18 19 20 21
;
set A2:=
(15,*) 16
(16,*) 15
(17,*) 18
(18,*) 17
(19,*) 20
(20,*) 19
;
param BigM:=99999;
param n:= 4;
param d:=
1	13
2	24
3	12
4	13
5	26
6	2
7	12
8	23
9	21
10	10
11	7
12	12
13	22
14	12
;
param Q:=100;
param w:=
[15,*] 16 2
[16,*] 15 2
[17,*] 18 2
[18,*] 17 2
[19,*] 20 2
[20,*] 19 2
;
param V:=
[15,*] 16 84
[16,*] 15 84
[17,*] 18 93
[18,*] 17 93
[19,*] 20 78
[20,*] 19 78
;
param e:
	15	16	17	18	19	20	21:=
5		0		0		1		0		0		0		0	
6		0		1		1		0		0		1		0	
7		0		1		0		0		0		0		0	
8		0		0		0		1		0		0		1	
9		0		1		0		0		0		1		0	
10		1		0		0		1		0		0		1	
11		0		0		1		0		0		1		0	
12		1		0		0		0		0		0		0	
13		0		0		1		0		1		1		0	
14		0		1		0		0		0		1		0	
;
param p:=
1	1
2	1
3	1
4	1
;
param G:=
15	84
16	78
17	76
18	93
19	70
20	78
21	99
;
param s:=
0	0
1	10
2	10
3	10
4	10
10	10
11	10
12	10
13	10
14	10
15	10
16	10
17	10
18	10
19	10
20	10
21	10
;
param t:
	0	1	2	3	4	5	6	7	8	9	10	11	12	13	14	15	16	17	18	19	20	21	22:=
0	0.0	11.66	34.23	17.0	19.92	92.14	86.35	101.83	96.77	101.4	69.35	87.09	30.36	58.69	84.96	27.29	102.07	80.01	70.11	15.52	80.52	73.16	0.0
1	11.66	0.0	40.45	9.22	29.68	99.14	87.66	99.81	90.43	100.85	60.42	94.05	24.21	64.01	82.33	19.72	100.69	86.7	60.83	11.18	84.59	64.43	11.66
2	34.23	40.45	0.0	36.4	18.03	58.69	55.97	77.52	85.09	73.88	70.38	53.6	35.36	24.52	63.32	37.8	76.28	46.27	72.5	31.95	46.82	72.81	34.23
3	17.0	9.22	36.4	0.0	29.83	94.59	79.7	90.8	81.41	92.18	52.47	89.5	15.0	58.55	73.25	10.77	91.81	82.0	53.15	4.47	78.06	56.34	17.0
4	19.92	29.68	18.03	29.83	0.0	73.01	73.88	94.05	96.88	91.29	75.95	68.03	36.4	41.79	78.77	36.25	93.24	61.2	77.47	25.81	64.47	79.12	19.92
5	92.14	99.14	58.69	94.59	73.01	0.0	48.7	78.34	108.41	66.91	112.7	5.1	89.69	36.77	76.48	93.64	73.55	12.65	115.62	90.24	28.65	113.26	92.14
6	86.35	87.66	55.97	79.7	73.88	48.7	0.0	30.15	61.22	20.62	74.46	46.32	68.07	36.72	29.07	73.35	26.02	42.19	77.62	76.55	21.1	73.64	86.35
7	101.83	99.81	77.52	90.8	94.05	78.34	30.15	0.0	39.36	12.81	66.03	76.3	76.55	63.79	17.89	81.84	5.66	72.34	69.01	88.87	51.24	63.56	101.83
8	96.77	90.43	85.09	81.41	96.88	108.41	61.22	39.36	0.0	51.31	36.89	105.12	66.64	82.46	32.2	70.71	44.78	99.32	38.95	81.44	79.76	32.95	96.77
9	101.4	100.85	73.88	92.18	91.29	66.91	20.62	12.81	51.31	0.0	74.43	65.28	78.79	56.86	24.08	84.17	7.21	62.01	77.52	89.69	41.11	72.47	101.4
10	69.35	60.42	70.38	52.47	75.95	112.7	74.46	66.03	36.89	74.43	0.0	108.3	40.05	78.75	50.36	42.11	70.03	101.14	3.16	54.08	86.27	4.31	69.35
11	87.09	94.05	53.6	89.5	68.03	5.1	46.32	76.3	105.12	65.28	108.3	0.0	84.69	31.78	73.41	88.6	71.7	7.62	111.2	85.15	25.63	108.96	87.09
12	30.36	24.21	35.36	15.0	36.4	89.69	68.07	76.55	66.64	78.79	40.05	84.69	0.0	52.92	58.82	5.39	77.9	77.08	41.3	14.87	69.58	43.55	30.36
13	58.69	64.01	24.52	58.55	41.79	36.77	36.72	63.79	82.46	56.86	78.75	31.78	52.92	0.0	54.01	56.92	61.03	24.17	81.47	54.33	22.83	79.97	58.69
14	84.96	82.33	63.32	73.25	78.77	76.48	29.07	17.89	32.2	24.08	50.36	73.41	58.82	54.01	0.0	64.07	20.4	68.01	53.46	71.51	47.85	48.49	84.96
15	27.29	19.72	37.8	10.77	36.25	93.64	73.35	81.84	70.71	84.17	42.11	88.6	5.39	56.92	64.07	0.0	83.24	80.99	43.0	12.0	74.33	45.87	27.29
16	102.07	100.69	76.28	91.81	93.24	73.55	26.02	5.66	44.78	7.21	70.03	71.7	77.9	61.03	20.4	83.24	0.0	68.07	73.06	89.63	47.01	67.77	102.07
17	80.01	86.7	46.27	82.0	61.2	12.65	42.19	72.34	99.32	62.01	101.14	7.62	77.08	24.17	68.01	80.99	68.07	0.0	104.0	77.67	21.1	101.91	80.01
18	70.11	60.83	72.5	53.15	77.47	115.62	77.62	69.01	38.95	77.52	3.16	111.2	41.3	81.47	53.46	43.0	73.06	104.0	0.0	55.0	89.31	6.02	70.11
19	15.52	11.18	31.95	4.47	25.81	90.24	76.55	88.87	81.44	89.69	54.08	85.15	14.87	54.33	71.51	12.0	89.63	77.67	55.0	0.0	74.17	57.8	15.52
20	80.52	84.59	46.82	78.06	64.47	28.65	21.1	51.24	79.76	41.11	86.27	25.63	69.58	22.83	47.85	74.33	47.01	21.1	89.31	74.17	0.0	86.37	80.52
21	73.16	64.43	72.81	56.34	79.12	113.26	73.64	63.56	32.95	72.47	4.31	108.96	43.55	79.97	48.49	45.87	67.77	101.91	6.02	57.8	86.37	0.0	73.16
;
