set K:= 1	2	3	4;
set C_H:= 1	2	3	4	5	6;
set C_S:= 7	8	9	10;
set C_F:= 11	12	13	14;
set M:= 15	16	17	18	19	20;
set L_B:= 21	22	23	24;
set A1:=
(0,*) 1 2 3 4 5 6 11 12 13 14 15 16 17 18 19 20 21 22 23 24
(1,*) 0 2 3 4 5 6 11 12 13 14 15 16 17 18 19 20 21 22 23 24
(2,*) 0 1 3 4 5 6 11 12 13 14 15 16 17 18 19 20 21 22 23 24
(3,*) 0 1 2 4 5 6 11 12 13 14 15 16 17 18 19 20 21 22 23 24
(4,*) 0 1 2 3 5 6 11 12 13 14 15 16 17 18 19 20 21 22 23 24
(5,*) 0 1 2 3 4 6 11 12 13 14 15 16 17 18 19 20 21 22 23 24
(6,*) 0 1 2 3 4 5 11 12 13 14 15 16 17 18 19 20 21 22 23 24
(11,*) 0 1 2 3 4 5 6 12 13 14 15 16 17 18 19 20 21 22 23 24
(12,*) 0 1 2 3 4 5 6 11 13 14 15 16 17 18 19 20 21 22 23 24
(13,*) 0 1 2 3 4 5 6 11 12 14 15 16 17 18 19 20 21 22 23 24
(14,*) 0 1 2 3 4 5 6 11 12 13 15 16 17 18 19 20 21 22 23 24
(15,*) 0 1 2 3 4 5 6 11 12 13 14 16 17 18 19 20 21 22 23 24
(16,*) 0 1 2 3 4 5 6 11 12 13 14 15 17 18 19 20 21 22 23 24
(17,*) 0 1 2 3 4 5 6 11 12 13 14 15 16 18 19 20 21 22 23 24
(18,*) 0 1 2 3 4 5 6 11 12 13 14 15 16 17 19 20 21 22 23 24
(19,*) 0 1 2 3 4 5 6 11 12 13 14 15 16 17 18 20 21 22 23 24
(20,*) 0 1 2 3 4 5 6 11 12 13 14 15 16 17 18 19 21 22 23 24
(21,*) 0 1 2 3 4 5 6 11 12 13 14 15 16 17 18 19 20 22 23 24
(22,*) 0 1 2 3 4 5 6 11 12 13 14 15 16 17 18 19 20 21 23 24
(23,*) 0 1 2 3 4 5 6 11 12 13 14 15 16 17 18 19 20 21 22 24
(24,*) 0 1 2 3 4 5 6 11 12 13 14 15 16 17 18 19 20 21 22 23
;
set A2:=
(15,*) 16
(16,*) 15
(17,*) 18
(18,*) 17
(19,*) 20
(20,*) 19
;
param BigM:=99999;
param n:= 4;
param d:=
1	24
2	4
3	8
4	2
5	19
6	18
7	8
8	16
9	1
10	21
11	19
12	16
13	16
14	21
;
param Q:=100;
param w:=
[15,*] 16 0.1
[16,*] 15 0.1
[17,*] 18 0.1
[18,*] 17 0.1
[19,*] 20 0.1
[20,*] 19 0.1
;
param V:=
[15,*] 16 90
[16,*] 15 90
[17,*] 18 92
[18,*] 17 92
[19,*] 20 92
[20,*] 19 92
;
param e:
	15	16	17	18	19	20	21	22	23	24:=
7		0		1		0		0		0		0		0		0		0		0	
8		0		0		1		0		0		1		0		0		0		0	
9		0		1		0		0		0		0		0		0		0		0	
10		0		0		1		0		0		0		0		0		0		0	
11		0		1		0		0		0		0		0		0		0		0	
12		0		1		0		0		0		0		0		0		0		0	
13		0		0		0		0		0		1		0		0		0		0	
14		0		0		0		0		0		1		0		0		0		0	
;
param p:=
1	3
2	3
3	3
4	3
;
param G:=
15	90
16	87
17	92
18	90
19	83
20	92
21	89
22	96
23	97
24	83
;
param s:=
0	0
1	10
2	10
3	10
4	10
5	10
6	10
11	10
12	10
13	10
14	10
15	10
16	10
17	10
18	10
19	10
20	10
21	10
22	10
23	10
24	10
;
param t:
	0	1	2	3	4	5	6	7	8	9	10	11	12	13	14	15	16	17	18	19	20	21	22	23	24:=
0	0.0	25.24	84.17	36.24	62.29	34.93	25.71	78.03	51.04	76.84	28.84	97.58	88.14	37.05	77.88	20.81	83.49	64.94	61.19	13.0	62.8	36.07	48.92	51.97	41.23
1	25.24	0.0	59.46	32.89	41.77	39.36	29.15	56.3	43.57	51.61	38.33	73.0	63.32	32.53	58.05	26.31	59.2	59.36	46.87	30.53	49.24	12.08	24.08	26.83	16.28
2	84.17	59.46	0.0	68.01	31.76	91.02	83.49	49.58	80.81	17.2	93.54	35.9	4.24	79.06	58.26	75.6	33.6	92.97	49.04	85.44	72.62	51.79	40.05	32.98	45.71
3	36.24	32.89	68.01	0.0	37.8	67.21	56.64	84.38	76.03	68.43	63.13	93.62	72.25	63.81	88.0	15.81	81.91	91.71	28.44	27.46	82.01	42.43	49.25	44.92	43.0
4	62.29	41.77	31.76	37.8	0.0	80.32	70.6	64.85	78.24	38.01	80.05	63.39	35.85	71.11	71.59	48.47	55.23	93.24	18.11	59.77	76.42	40.71	36.07	26.25	36.06
5	34.93	39.36	91.02	67.21	80.32	0.0	10.63	64.35	22.47	77.93	8.25	90.87	94.13	13.0	60.31	53.82	76.69	32.14	86.09	47.93	38.42	40.61	51.0	59.3	46.39
6	25.71	29.15	83.49	56.64	70.6	10.63	0.0	62.29	26.31	71.57	10.05	86.95	86.83	12.65	59.67	43.57	72.56	39.32	75.66	38.6	40.31	32.0	43.57	51.01	38.01
7	78.03	56.3	49.58	84.38	64.85	64.35	62.29	0.0	44.94	32.53	70.6	29.07	50.0	51.61	8.94	82.28	18.03	51.09	81.49	86.41	30.41	44.27	35.13	41.3	41.77
8	51.04	43.57	80.81	76.03	78.24	22.47	26.31	44.94	0.0	65.38	30.41	73.25	83.19	14.0	39.45	65.8	59.84	15.81	88.39	63.39	16.28	38.21	43.38	53.24	42.2
9	76.84	51.61	17.2	68.43	38.01	77.93	71.57	32.53	65.38	0.0	81.49	25.71	18.38	65.38	41.11	72.47	18.03	76.66	56.08	80.62	55.97	41.59	28.64	25.46	35.85
10	28.84	38.33	93.54	63.13	80.05	8.25	10.05	70.6	30.41	81.49	0.0	96.18	96.88	19.1	67.18	48.84	81.84	40.31	84.1	41.68	46.04	42.01	53.6	61.03	48.04
11	97.58	73.0	35.9	93.62	63.39	90.87	86.95	29.07	73.25	25.71	96.18	0.0	33.84	77.88	37.05	96.25	14.42	80.16	81.5	103.23	59.41	61.52	48.92	49.24	56.73
12	88.14	63.32	4.24	72.25	35.85	94.13	86.83	50.0	83.19	18.38	96.88	33.84	0.0	82.0	58.82	79.81	33.24	94.92	52.92	89.59	74.33	55.32	43.29	36.69	49.24
13	37.05	32.53	79.06	63.81	71.11	13.0	12.65	51.61	14.0	65.38	19.1	77.88	82.0	0.0	48.08	52.55	63.69	28.46	79.03	49.5	27.73	30.46	39.32	48.27	35.74
14	77.88	58.05	58.26	88.0	71.59	60.31	59.67	8.94	39.45	41.11	67.18	37.05	58.82	48.08	0.0	84.34	26.93	43.57	87.6	87.28	23.77	46.39	39.32	46.84	45.0
15	20.81	26.31	75.6	15.81	48.47	53.82	43.57	82.28	65.8	72.47	48.84	96.25	79.81	52.55	84.34	0.0	83.24	80.99	43.0	12.0	74.33	38.08	48.33	47.2	40.85
16	83.49	59.2	33.6	81.91	55.23	76.69	72.56	18.03	59.84	18.03	81.84	14.42	33.24	63.69	26.93	83.24	0.0	68.07	73.06	89.63	47.01	47.51	35.23	37.0	43.01
17	64.94	59.36	92.97	91.71	93.24	32.14	39.32	51.09	15.81	76.66	40.31	80.16	94.92	28.46	43.57	80.99	68.07	0.0	104.0	77.67	21.1	53.76	57.69	67.68	57.38
18	61.19	46.87	49.04	28.44	18.11	86.09	75.66	81.49	88.39	56.08	84.1	81.5	52.92	79.03	87.6	43.0	73.06	104.0	0.0	55.0	89.31	50.25	49.65	40.85	47.2
19	13.0	30.53	85.44	27.46	59.77	47.93	38.6	86.41	63.39	80.62	41.68	103.23	89.59	49.5	87.28	12.0	89.63	77.67	55.0	0.0	74.17	42.54	54.41	55.17	46.62
20	62.8	49.24	72.62	82.01	76.42	38.42	40.31	30.41	16.28	55.97	46.04	59.41	74.33	27.73	23.77	74.33	47.01	21.1	89.31	74.17	0.0	40.31	40.36	50.21	42.19
21	36.07	12.08	51.79	42.43	40.71	40.61	32.0	44.27	38.21	41.59	42.01	61.52	55.32	30.46	46.39	38.08	47.51	53.76	50.25	42.54	40.31	0.0	13.04	19.03	6.08
22	48.92	24.08	40.05	49.25	36.07	51.0	43.57	35.13	43.38	28.64	53.6	48.92	43.29	39.32	39.32	48.33	35.23	57.69	49.65	54.41	40.36	13.04	0.0	10.0	7.81
23	51.97	26.83	32.98	44.92	26.25	59.3	51.01	41.3	53.24	25.46	61.03	49.24	36.69	48.27	46.84	47.2	37.0	67.68	40.85	55.17	50.21	19.03	10.0	0.0	13.0
24	41.23	16.28	45.71	43.0	36.06	46.39	38.01	41.77	42.2	35.85	48.04	56.73	49.24	35.74	45.0	40.85	43.01	57.38	47.2	46.62	42.19	6.08	7.81	13.0	0.0
;
