vehicles
vehicle_idx, capacity, cost_per_unit_distance
1,100,1
2,100,1
3,100,1
4,100,1
depot
node_idx,x,y
0,82,76
home delivery customers
node_idx,x,y,service_time,demand
1,20,70,10,2
2,80,55,10,2
3,42,9,10,8
4,9,97,10,24
5,84,39,10,16
self pickup customers
node_idx,x,y,service_time,demand,locker_idxs
6,93,3,10,24,18-21
7,85,60,10,14,20
8,13,7,10,19,17
9,14,24,10,6,17
10,98,14,10,12,18-21
flexible customers
node_idx,x,y,service_time,demand,locker_idxs
11,1,65,10,22,19
12,23,15,10,15,17
13,84,25,10,16,18-21
14,88,51,10,18,20
15,29,89,10,7,19
lockers
node_idx,x,y,service_time,capacity,cost_per_unit_good
16,65,88,10,78
17,25,15,10,85
18,93,12,10,90
19,22,88,10,74
20,77,88,10,75
21,72,14,10,88
22,54,54,10,82
23,46,50,10,96
24,49,47,10,77
25,63,34,10,95
mrt lines
start_node_idx,end_node_idx,freight_capacity,cost_per_unit_good
16,17,85,0.5
17,16,85,0.5
18,19,90,0.5
19,18,90,0.5
20,21,88,0.5
21,20,88,0.5
distance matrix
,0,1,2,3,4,5,6,7,8,9,10,11,12,13,14,15,16,17,18,19,20,21,22,23,24,25,
0,0.0,62.29,21.1,78.03,75.96,37.05,73.82,16.28,97.58,85.6,64.03,81.74,84.86,51.04,25.71,54.57,20.81,83.49,64.94,61.19,13.0,62.8,35.61,44.41,43.93,46.1
1,62.29,0.0,61.85,64.85,29.15,71.11,99.09,65.76,63.39,46.39,96.02,19.65,55.08,78.24,70.6,21.02,48.47,55.23,93.24,18.11,59.77,76.42,37.58,32.8,37.01,56.08
2,21.1,61.85,0.0,59.67,82.49,16.49,53.6,7.07,82.42,72.92,44.78,79.63,69.63,30.27,8.94,61.29,36.25,68.01,44.92,66.73,33.14,41.77,26.02,34.37,32.02,27.02
3,78.03,64.85,59.67,0.0,93.98,51.61,51.35,66.71,29.07,31.76,56.22,69.4,19.92,44.94,62.29,81.05,82.28,18.03,51.09,81.49,86.41,30.41,46.57,41.19,38.64,32.65
4,75.96,29.15,82.49,93.98,0.0,94.81,126.06,84.53,90.09,73.17,121.7,32.98,83.19,103.97,91.42,21.54,56.72,83.55,119.5,15.81,68.59,104.2,62.24,59.82,64.03,82.98
5,37.05,71.11,16.49,51.61,94.81,0.0,37.11,21.02,77.88,71.59,28.65,86.98,65.55,14.0,12.65,74.33,52.55,63.69,28.46,79.03,49.5,27.73,33.54,39.56,35.9,21.59
6,73.82,99.09,53.6,51.35,126.06,37.11,0.0,57.56,80.1,81.74,12.08,110.94,71.02,23.77,48.26,107.2,89.49,69.05,9.0,110.75,86.49,23.71,64.2,66.47,62.23,43.14
7,16.28,65.76,7.07,66.71,84.53,21.02,57.56,0.0,89.4,79.61,47.8,84.15,76.61,35.01,9.49,63.06,34.41,75.0,48.66,68.94,29.12,47.8,31.58,40.26,38.28,34.06
8,97.58,63.39,82.42,29.07,90.09,77.88,80.1,89.4,0.0,17.03,85.29,59.23,12.81,73.25,86.95,83.55,96.25,14.42,80.16,81.5,103.23,59.41,62.37,54.2,53.81,56.82
9,85.6,46.39,72.92,31.76,73.17,71.59,81.74,79.61,17.03,0.0,84.59,43.01,12.73,70.01,78.77,66.71,81.84,14.21,79.91,64.5,89.81,58.86,50.0,41.23,41.88,50.01
10,64.03,96.02,44.78,56.22,121.7,28.65,12.08,47.8,85.29,84.59,0.0,109.59,75.01,17.8,38.33,101.91,81.02,73.01,5.39,106.08,76.92,26.0,59.46,63.25,59.08,40.31
11,81.74,19.65,79.63,69.4,32.98,86.98,110.94,84.15,59.23,43.01,109.59,0.0,54.63,92.14,88.12,36.88,68.01,55.46,106.17,31.14,79.4,87.42,54.13,47.43,51.26,69.32
12,84.86,55.08,69.63,19.92,83.19,65.55,71.02,76.61,12.81,12.73,75.01,54.63,0.0,61.81,74.3,74.24,84.22,2.0,70.06,73.01,90.8,49.01,49.82,41.88,41.23,44.28
13,51.04,78.24,30.27,44.94,103.97,14.0,23.77,35.01,73.25,70.01,17.8,92.14,61.81,0.0,26.31,84.39,65.8,59.84,15.81,88.39,63.39,16.28,41.73,45.49,41.34,22.85
14,25.71,70.6,8.94,62.29,91.42,12.65,48.26,9.49,86.95,78.77,38.33,88.12,74.3,26.31,0.0,70.18,43.57,72.56,39.32,75.66,38.6,40.31,34.13,42.01,39.2,30.23
15,54.57,21.02,61.29,81.05,21.54,74.33,107.2,63.06,83.55,66.71,101.91,36.88,74.24,84.39,70.18,0.0,36.01,74.11,100.12,7.07,48.01,86.45,43.01,42.54,46.52,64.66
16,20.81,48.47,36.25,82.28,56.72,52.55,89.49,34.41,96.25,81.84,81.02,68.01,84.22,65.8,43.57,36.01,0.0,83.24,80.99,43.0,12.0,74.33,35.74,42.49,44.01,54.04
17,83.49,55.23,68.01,18.03,83.55,63.69,69.05,75.0,14.42,14.21,73.01,55.46,2.0,59.84,72.56,74.11,83.24,0.0,68.07,73.06,89.63,47.01,48.6,40.82,40.0,42.49
18,64.94,93.24,44.92,51.09,119.5,28.46,9.0,48.66,80.16,79.91,5.39,106.17,70.06,15.81,39.32,100.12,80.99,68.07,0.0,104.0,77.67,21.1,57.31,60.44,56.22,37.2
19,61.19,18.11,66.73,81.49,15.81,79.03,110.75,68.94,81.5,64.5,106.08,31.14,73.01,88.39,75.66,7.07,43.0,73.06,104.0,0.0,55.0,89.31,46.69,44.94,49.09,67.8
20,13.0,59.77,33.14,86.41,68.59,49.5,86.49,29.12,103.23,89.81,76.92,79.4,90.8,63.39,38.6,48.01,12.0,89.63,77.67,55.0,0.0,74.17,41.05,49.04,49.65,55.79
21,62.8,76.42,41.77,30.41,104.2,27.73,23.71,47.8,59.41,58.86,26.0,87.42,49.01,16.28,40.31,86.45,74.33,47.01,21.1,89.31,74.17,0.0,43.86,44.41,40.22,21.93
22,35.61,37.58,26.02,46.57,62.24,33.54,64.2,31.58,62.37,50.0,59.46,54.13,49.82,41.73,34.13,43.01,35.74,48.6,57.31,46.69,41.05,43.86,0.0,8.94,8.6,21.93
23,44.41,32.8,34.37,41.19,59.82,39.56,66.47,40.26,54.2,41.23,63.25,47.43,41.88,45.49,42.01,42.54,42.49,40.82,60.44,44.94,49.04,44.41,8.94,0.0,4.24,23.35
24,43.93,37.01,32.02,38.64,64.03,35.9,62.23,38.28,53.81,41.88,59.08,51.26,41.23,41.34,39.2,46.52,44.01,40.0,56.22,49.09,49.65,40.22,8.6,4.24,0.0,19.1
25,46.1,56.08,27.02,32.65,82.98,21.59,43.14,34.06,56.82,50.01,40.31,69.32,44.28,22.85,30.23,64.66,54.04,42.49,37.2,67.8,55.79,21.93,21.93,23.35,19.1,0.0
