set K:= 1	2	3;
set C_H:= 1	2	3	4;
set C_S:= 5	6	7	8;
set C_F:= 9	10	11	12;
set M:= 0	1	2	3;
set L_B:= 4	5	19	20	21;
set A1:=
(0,*) 2 3 4 9 10 11 12 2 3 4 5 19 20 21
(1,*) 2 3 4 9 10 11 12 2 3 4 5 19 20 21
(2,*) 0 1 4 9 10 11 12 0 1 4 5 19 20 21
(3,*) 0 1 4 9 10 11 12 0 1 4 5 19 20 21
(4,*) 0 1 2 3 9 10 11 12 0 1 2 3 5 19 20 21
(9,*) 0 1 2 3 4 10 11 12 0 1 2 3 4 5 19 20 21
(10,*) 0 1 2 3 4 9 11 12 0 1 2 3 4 5 19 20 21
(11,*) 0 1 2 3 4 9 10 12 0 1 2 3 4 5 19 20 21
(12,*) 0 1 2 3 4 9 10 11 0 1 2 3 4 5 19 20 21
(0,*) 2 3 4 9 10 11 12 2 3 4 5 19 20 21
(1,*) 2 3 4 9 10 11 12 2 3 4 5 19 20 21
(2,*) 0 1 4 9 10 11 12 0 1 4 5 19 20 21
(3,*) 0 1 4 9 10 11 12 0 1 4 5 19 20 21
(4,*) 0 1 2 3 9 10 11 12 0 1 2 3 5 19 20 21
(5,*) 0 1 2 3 4 9 10 11 12 0 1 2 3 4 19 20 21
(19,*) 0 1 2 3 4 9 10 11 12 0 1 2 3 4 5 20 21
(20,*) 0 1 2 3 4 9 10 11 12 0 1 2 3 4 5 19 21
(21,*) 0 1 2 3 4 9 10 11 12 0 1 2 3 4 5 19 20
;
set A2:=
(0,*) 1
(1,*) 0
(2,*) 3
(3,*) 2
;
param BigM:=99999;
param n:= 3;
param d:=
1	18
2	8
3	19
4	21
5	7
6	9
7	3
8	16
9	22
10	1
11	2
12	24
;
param Q:=100;
param w:=
[0,*] 1 0.5
[1,*] 0 0.5
[2,*] 3 0.5
[3,*] 2 0.5
;
param V:=
[0,*] 1 79
[1,*] 0 79
[2,*] 3 99
[3,*] 2 99
;
param e:
	0	1	2	3	4	5	19	20	21:=
5	0	0	0	0	0	0	0	0	0	
6	0	0	0	0	0	0	0	0	0	
7	0	0	0	0	0	0	0	0	0	
8	0	0	0	0	0	0	0	0	0	
9	0	0	0	0	0	0	0	0	0	
10	0	0	0	0	0	0	0	0	0	
11	0	0	0	0	0	0	0	0	0	
12	0	0	0	0	0	0	0	0	0	
;
param p:=
1	3
2	3
3	3
;
param G:=
0	79
1	71
2	81
3	99
4	81
5	74
19	98
20	93
21	74
;
param s:=
0	0
1	15
2	15
3	15
4	15
9	15
10	15
11	15
12	15
0	10
1	10
2	10
3	10
4	10
5	10
19	10
20	10
21	10
;
param t:
	0	1	2	3	4	5	6	7	8	9	10	11	12	13	14	15	16	17	18	19	20	21:=
0	0.0	25.71	36.24	97.58	77.88	54.57	72.78	27.02	88.14	81.74	76.84	21.1	73.82	64.94	61.19	20.81	83.49	13.0	62.8	42.01	40.05	47.2
1	25.71	0.0	56.64	86.95	59.67	70.18	47.07	28.16	86.83	88.12	71.57	8.94	48.26	39.32	75.66	43.57	72.56	38.6	40.31	39.01	17.0	44.1
2	36.24	56.64	0.0	93.62	88.0	21.38	100.24	35.74	72.25	56.44	68.43	48.41	99.74	91.71	28.44	15.81	81.91	27.46	82.01	43.01	64.41	45.4
3	97.58	86.95	93.62	0.0	37.05	83.55	85.02	70.77	33.84	59.23	25.71	82.42	80.1	80.16	81.5	96.25	14.42	103.23	59.41	56.08	73.01	51.4
4	77.88	59.67	88.0	37.05	0.0	86.59	48.0	55.11	58.82	77.47	41.11	58.31	43.05	43.57	87.6	84.34	26.93	87.28	23.77	45.01	43.14	43.42
5	54.57	70.18	21.38	83.55	86.59	0.0	108.71	43.86	56.82	36.88	57.87	61.29	107.2	100.12	7.07	36.01	74.11	48.01	86.45	43.83	73.55	43.66
6	72.78	47.07	100.24	85.02	48.0	108.71	0.0	65.46	101.84	114.06	83.49	53.14	5.39	8.6	112.54	89.32	73.68	85.62	27.51	66.53	35.85	69.03
7	27.02	28.16	35.74	70.77	55.11	43.86	65.46	0.0	62.3	60.3	49.93	19.42	64.5	56.86	48.6	29.27	56.85	33.12	46.32	15.0	29.83	20.25
8	88.14	86.83	72.25	33.84	58.82	56.82	101.84	62.3	0.0	26.02	18.38	79.62	97.86	94.92	52.92	79.81	33.24	89.59	74.33	48.27	78.06	42.95
9	81.74	88.12	56.44	59.23	77.47	36.88	114.06	60.3	26.02	0.0	37.59	79.63	110.94	106.17	31.14	68.01	55.46	79.4	87.42	50.29	84.15	46.24
10	76.84	71.57	68.43	25.71	41.11	57.87	83.49	49.93	18.38	37.59	0.0	65.19	79.48	76.66	56.08	72.47	18.03	80.62	55.97	34.99	61.13	29.68
11	21.1	8.94	48.41	82.42	58.31	61.29	53.14	19.42	79.62	79.63	65.19	0.0	53.6	44.92	66.73	36.25	68.01	33.14	41.77	31.4	19.0	36.67
12	73.82	48.26	99.74	80.1	43.05	107.2	5.39	64.5	97.86	110.94	79.48	53.6	0.0	9.0	110.75	89.49	69.05	86.49	23.71	64.38	35.47	66.53
13	64.94	39.32	91.71	80.16	43.57	100.12	8.6	56.86	94.92	106.17	76.66	44.92	9.0	0.0	104.0	80.99	68.07	77.67	21.1	58.14	27.29	60.8
14	61.19	75.66	28.44	81.5	87.6	7.07	112.54	48.6	52.92	31.14	56.08	66.73	110.75	104.0	0.0	43.0	73.06	55.0	89.31	46.62	77.9	45.65
15	20.81	43.57	15.81	96.25	84.34	36.01	89.32	29.27	79.81	68.01	72.47	36.25	89.49	80.99	43.0	0.0	83.24	12.0	74.33	41.23	54.12	45.18
16	83.49	72.56	81.91	14.42	26.93	74.11	73.68	56.85	33.24	55.46	18.03	68.01	69.05	68.07	73.06	83.24	0.0	89.63	47.01	42.44	58.87	38.08
17	13.0	38.6	27.46	103.23	87.28	48.01	85.62	33.12	89.59	79.4	80.62	33.14	86.49	77.67	55.0	12.0	89.63	0.0	74.17	47.2	52.09	51.86
18	62.8	40.31	82.01	59.41	23.77	86.45	27.51	46.32	74.33	87.42	55.97	41.77	23.71	21.1	89.31	74.33	47.01	74.17	0.0	42.72	23.41	44.05
19	42.01	39.01	43.01	56.08	45.01	43.83	66.53	15.0	48.27	50.29	34.99	31.4	64.38	58.14	46.62	41.23	42.44	47.2	42.72	0.0	34.01	5.39
20	40.05	17.0	64.41	73.01	43.14	73.55	35.85	29.83	78.06	84.15	61.13	19.0	35.47	27.29	77.9	54.12	58.87	52.09	23.41	34.01	0.0	37.95
21	47.2	44.1	45.4	51.4	43.42	43.66	69.03	20.25	42.95	46.24	29.68	36.67	66.53	60.8	45.65	45.18	38.08	51.86	44.05	5.39	37.95	0.0
;
