vehicles
vehicle_idx, capacity, cost_per_unit_distance
1,100,1
2,100,1
3,100,1
depot
node_idx,x,y
0,82,76
home delivery customers
node_idx,x,y,service_time,demand
1,5,42,15,4
2,57,69,15,20
3,1,65,15,22
4,13,7,15,19
5,98,52,15,21
6,91,2,15,19
7,93,3,15,24
8,98,14,15,12
self pickup customers
node_idx,x,y,service_time,demand,locker_idxs
9,20,70,15,2,14-17-16
10,42,9,15,8,16-15
11,50,93,15,8,14
flexible customers
node_idx,x,y,service_time,demand,locker_idxs
12,49,8,15,6,15
lockers
node_idx,x,y,service_time,capacity,cost_per_unit_good
13,93,12,10,97,100
14,22,88,10,77,100
15,64,38,10,87,100
16,25,40,10,88,100
17,46,50,10,79,100
mrt lines
start_node_idx,end_node_idx,freight_capacity,cost_per_unit_good
13,14,97,1
14,13,97,1
distance matrix
,0,1,2,3,4,5,6,7,8,9,10,11,12,13,14,15,16,17,
0,0.0,84.17,25.96,81.74,97.58,28.84,74.55,73.82,64.03,62.29,78.03,36.24,75.58,64.94,61.19,42.05,67.42,44.41
1,84.17,0.0,58.59,23.35,35.9,93.54,94.85,96.25,97.12,31.76,49.58,68.01,55.61,92.97,49.04,59.14,20.1,41.77
2,25.96,58.59,0.0,56.14,76.03,44.38,75.13,75.18,68.6,37.01,61.85,25.0,61.52,67.42,39.82,31.78,43.19,21.95
3,81.74,23.35,56.14,0.0,59.23,97.87,109.86,110.94,109.59,19.65,69.4,56.44,74.52,106.17,31.14,68.54,34.66,47.43
4,97.58,35.9,76.03,59.23,0.0,96.18,78.16,80.1,85.29,63.39,29.07,93.62,36.01,80.16,81.5,59.68,35.11,54.2
5,28.84,93.54,44.38,97.87,96.18,0.0,50.49,49.25,38.0,80.05,70.6,63.13,65.86,40.31,84.1,36.77,73.98,52.04
6,74.55,94.85,75.13,109.86,78.16,50.49,0.0,2.24,13.89,98.31,49.5,99.81,42.43,10.2,110.26,45.0,76.16,65.8
7,73.82,96.25,75.18,110.94,80.1,49.25,2.24,0.0,12.08,99.09,51.35,99.74,44.28,9.0,110.75,45.45,77.41,66.47
8,64.03,97.12,68.6,109.59,85.29,38.0,13.89,12.08,0.0,96.02,56.22,92.44,49.37,5.39,106.08,41.62,77.49,63.25
9,62.29,31.76,37.01,19.65,63.39,80.05,98.31,99.09,96.02,0.0,64.85,37.8,68.45,93.24,18.11,54.41,30.41,32.8
10,78.03,49.58,61.85,69.4,29.07,70.6,49.5,51.35,56.22,64.85,0.0,84.38,7.07,51.09,81.49,36.4,35.36,41.19
11,36.24,68.01,25.0,56.44,93.62,63.13,99.81,99.74,92.44,37.8,84.38,0.0,85.01,91.71,28.44,56.75,58.6,43.19
12,75.58,55.61,61.52,74.52,36.01,65.86,42.43,44.28,49.37,68.45,7.07,85.01,0.0,44.18,84.43,33.54,40.0,42.11
13,64.94,92.97,67.42,106.17,80.16,40.31,10.2,9.0,5.39,93.24,51.09,91.71,44.18,0.0,104.0,38.95,73.54,60.44
14,61.19,49.04,39.82,31.14,81.5,84.1,110.26,110.75,106.08,18.11,81.49,28.44,84.43,104.0,0.0,65.3,48.09,44.94
15,42.05,59.14,31.78,68.54,59.68,36.77,45.0,45.45,41.62,54.41,36.4,56.75,33.54,38.95,65.3,0.0,39.05,21.63
16,67.42,20.1,43.19,34.66,35.11,73.98,76.16,77.41,77.49,30.41,35.36,58.6,40.0,73.54,48.09,39.05,0.0,23.26
17,44.41,41.77,21.95,47.43,54.2,52.04,65.8,66.47,63.25,32.8,41.19,43.19,42.11,60.44,44.94,21.63,23.26,0.0
