set K:= 1	2	3;
set C_H:= 1	2	3	4;
set C_S:= 5	6	7	8;
set C_F:= 9	10	11	12;
set M:= 13	14;
set L_B:= 15	16	17;
set A1:=
(0,*) 1 2 3 4 9 10 11 12 13 14 15 16 17
(1,*) 0 2 3 4 9 10 11 12 13 14 15 16 17
(2,*) 0 1 3 4 9 10 11 12 13 14 15 16 17
(3,*) 0 1 2 4 9 10 11 12 13 14 15 16 17
(4,*) 0 1 2 3 9 10 11 12 13 14 15 16 17
(9,*) 0 1 2 3 4 10 11 12 13 14 15 16 17
(10,*) 0 1 2 3 4 9 11 12 13 14 15 16 17
(11,*) 0 1 2 3 4 9 10 12 13 14 15 16 17
(12,*) 0 1 2 3 4 9 10 11 13 14 15 16 17
(13,*) 0 1 2 3 4 9 10 11 12 14 15 16 17
(14,*) 0 1 2 3 4 9 10 11 12 13 15 16 17
(15,*) 0 1 2 3 4 9 10 11 12 13 14 16 17
(16,*) 0 1 2 3 4 9 10 11 12 13 14 15 17
(17,*) 0 1 2 3 4 9 10 11 12 13 14 15 16
;
set A2:=
(13,*) 14
(14,*) 13
;
param BigM:=99999;
param n:= 3;
param d:=
1	24
2	8
3	21
4	16
5	24
6	14
7	6
8	7
9	14
10	12
11	6
12	19
;
param Q:=100;
param w:=
[13,*] 14 0.5
[14,*] 13 0.5
;
param V:=
[13,*] 14 91
[14,*] 13 91
;
param e:
	13	14	15	16	17:=
5	0	1	0	1	0	
6	0	1	0	0	1	
7	1	1	0	0	1	
8	1	1	0	1	0	
9	1	0	0	0	1	
10	1	1	1	1	0	
11	1	1	0	1	0	
12	1	1	0	0	1	
;
param p:=
1	3
2	3
3	3
;
param G:=
13	75
14	91
15	76
16	87
17	90
;
param s:=
0	0
1	10
2	10
3	10
4	10
9	10
10	10
11	10
12	10
13	10
14	10
15	10
16	10
17	10
;
param t:
	0	1	2	3	4	5	6	7	8	9	10	11	12	13	14	15	16	17:=
0	0.0	73.82	79.23	28.84	51.04	75.96	101.41	85.6	54.57	16.28	51.88	75.58	34.93	64.94	61.19	39.82	59.93	27.46
1	73.82	0.0	119.75	49.25	23.77	126.06	88.28	81.74	107.2	57.56	44.2	44.28	41.11	9.0	110.75	63.78	41.59	77.9
2	79.23	119.75	0.0	99.62	99.05	16.16	72.03	59.03	26.93	84.9	75.69	87.13	100.46	114.02	19.92	57.14	80.06	53.15
3	28.84	49.25	99.62	0.0	30.41	99.73	102.04	88.54	78.29	15.26	45.65	65.86	8.25	40.31	84.1	47.01	51.61	47.01
4	51.04	23.77	99.05	30.41	0.0	103.97	80.41	70.01	84.39	35.01	26.48	38.91	22.47	15.81	88.39	42.01	28.16	54.38
5	75.96	126.06	16.16	99.73	103.97	0.0	87.09	73.17	21.54	84.53	83.01	97.58	101.87	119.5	15.81	62.29	88.51	52.84
6	101.41	88.28	72.03	102.04	80.41	87.09	0.0	16.64	82.57	94.34	56.65	44.05	97.14	88.02	79.83	61.62	52.39	78.87
7	85.6	81.74	59.03	88.54	70.01	73.17	16.64	0.0	66.71	79.61	44.41	38.48	84.4	79.91	64.5	45.8	42.05	62.37
8	54.57	107.2	26.93	78.29	84.39	21.54	82.57	66.71	0.0	63.06	65.74	83.43	80.71	100.12	7.07	43.91	72.24	31.62
9	16.28	57.56	84.9	15.26	35.01	84.53	94.34	79.61	63.06	0.0	40.36	63.25	19.42	48.66	68.94	35.17	47.8	31.95
10	51.88	44.2	75.69	45.65	26.48	83.01	56.65	44.41	65.74	40.36	0.0	23.77	40.5	39.36	68.26	22.14	8.25	41.11
11	75.58	44.28	87.13	65.86	38.91	97.58	44.05	38.48	83.43	63.25	23.77	0.0	59.2	44.18	84.43	43.05	15.65	63.29
12	34.93	41.11	100.46	8.25	22.47	101.87	97.14	84.4	80.71	19.42	40.5	59.2	0.0	32.14	86.09	45.54	45.65	49.09
13	64.94	9.0	114.02	40.31	15.81	119.5	88.02	79.91	100.12	48.66	39.36	44.18	32.14	0.0	104.0	57.31	38.33	70.18
14	61.19	110.75	19.92	84.1	88.39	15.81	79.83	64.5	7.07	68.94	68.26	84.43	86.09	104.0	0.0	47.01	74.24	37.12
15	39.82	63.78	57.14	47.01	42.01	62.29	61.62	45.8	43.91	35.17	22.14	43.05	45.54	57.31	47.01	0.0	29.43	20.4
16	59.93	41.59	80.06	51.61	28.16	88.51	52.39	42.05	72.24	47.8	8.25	15.65	45.65	38.33	74.24	29.43	0.0	49.01
17	27.46	77.9	53.15	47.01	54.38	52.84	78.87	62.37	31.62	31.95	41.11	63.29	49.09	70.18	37.12	20.4	49.01	0.0
;
