vehicles
vehicle_idx, capacity, cost_per_unit_distance
1,100,3
2,100,3
3,100,3
4,100,3
depot
node_idx,x,y
0,82,76
home delivery customers
node_idx,x,y,service_time,demand
1,49,8,10,6
2,5,10,10,14
3,58,30,10,12
4,2,39,10,16
5,20,70,10,2
self pickup customers
node_idx,x,y,service_time,demand,locker_idxs
6,57,69,10,20,19
7,84,39,10,16,17
8,61,62,10,24,21-12
flexible customers
node_idx,x,y,service_time,demand,locker_idxs
9,19,32,10,1,20
10,98,14,10,12,14
11,80,55,10,2,16
lockers
node_idx,x,y,service_time,capacity,cost_per_unit_good
12,65,88,10,100
13,25,15,10,83
14,93,12,10,96
15,22,88,10,83
16,77,88,10,72
17,72,14,10,91
18,50,39,10,94
19,40,73,10,93
20,36,34,10,99
21,49,51,10,70
mrt lines
start_node_idx,end_node_idx,freight_capacity,cost_per_unit_good
12,13,100,0.1
13,12,100,0.1
distance matrix
,0,1,2,3,4,5,6,7,8,9,10,11,12,13,14,15,16,17,18,19,20,21,
0,0.0,75.58,101.41,51.88,88.14,62.29,25.96,37.05,25.24,76.84,64.03,21.1,20.81,83.49,64.94,61.19,13.0,62.8,48.92,42.11,62.29,41.4
1,75.58,0.0,44.05,23.77,56.3,68.45,61.52,46.75,55.32,38.42,49.37,56.3,81.58,25.0,44.18,84.43,84.76,23.77,31.02,65.62,29.07,43.0
2,101.41,44.05,0.0,56.65,29.15,61.85,78.64,84.15,76.42,26.08,93.09,87.46,98.41,20.62,88.02,79.83,106.15,67.12,53.54,72.07,39.2,60.14
3,51.88,23.77,56.65,0.0,56.72,55.17,39.01,27.51,32.14,39.05,43.08,33.3,58.42,36.25,39.36,68.26,61.03,21.26,12.04,46.62,22.36,22.85
4,88.14,56.3,29.15,56.72,0.0,35.85,62.65,82.0,63.32,18.38,99.2,79.62,79.81,33.24,94.92,52.92,89.59,74.33,48.0,50.99,34.37,48.51
5,62.29,68.45,61.85,55.17,35.85,0.0,37.01,71.11,41.77,38.01,96.02,61.85,48.47,55.23,93.24,18.11,59.77,76.42,43.14,20.22,39.4,34.67
6,25.96,61.52,78.64,39.01,62.65,37.01,0.0,40.36,8.06,53.04,68.6,26.93,20.62,62.77,67.42,39.82,27.59,57.01,30.81,17.46,40.82,19.7
7,37.05,46.75,84.15,27.51,82.0,71.11,40.36,0.0,32.53,65.38,28.65,16.49,52.55,63.69,28.46,79.03,49.5,27.73,34.0,55.61,48.26,37.0
8,25.24,55.32,76.42,32.14,63.32,41.77,8.06,32.53,0.0,51.61,60.61,20.25,26.31,59.2,59.36,46.87,30.53,49.24,25.5,23.71,37.54,16.28
9,76.84,38.42,26.08,39.05,18.38,38.01,53.04,65.38,51.61,0.0,81.02,65.19,72.47,18.03,76.66,56.08,80.62,55.97,31.78,46.07,17.12,35.51
10,64.03,49.37,93.09,43.08,99.2,96.02,68.6,28.65,60.61,81.02,0.0,44.78,81.02,73.01,5.39,106.08,76.92,26.0,54.12,82.73,65.15,61.4
11,21.1,56.3,87.46,33.3,79.62,61.85,26.93,16.49,20.25,65.19,44.78,0.0,36.25,68.01,44.92,66.73,33.14,41.77,34.0,43.86,48.75,31.26
12,20.81,81.58,98.41,58.42,79.81,48.47,20.62,52.55,26.31,72.47,81.02,36.25,0.0,83.24,80.99,43.0,12.0,74.33,51.24,29.15,61.29,40.31
13,83.49,25.0,20.62,36.25,33.24,55.23,62.77,63.69,59.2,18.03,73.01,68.01,83.24,0.0,68.07,73.06,89.63,47.01,34.66,59.91,21.95,43.27
14,64.94,44.18,88.02,39.36,94.92,93.24,67.42,28.46,59.36,76.66,5.39,44.92,80.99,68.07,0.0,104.0,77.67,21.1,50.77,80.81,61.1,58.8
15,61.19,84.43,79.83,68.26,52.92,18.11,39.82,79.03,46.87,56.08,106.08,66.73,43.0,73.06,104.0,0.0,55.0,89.31,56.44,23.43,55.79,45.8
16,13.0,84.76,106.15,61.03,89.59,59.77,27.59,49.5,30.53,80.62,76.92,33.14,12.0,89.63,77.67,55.0,0.0,74.17,55.95,39.92,67.8,46.4
17,62.8,23.77,67.12,21.26,74.33,76.42,57.01,27.73,49.24,55.97,26.0,41.77,74.33,47.01,21.1,89.31,74.17,0.0,33.3,67.12,41.18,43.57
18,48.92,31.02,53.54,12.04,48.0,43.14,30.81,34.0,25.5,31.78,54.12,34.0,51.24,34.66,50.77,56.44,55.95,33.3,0.0,35.44,14.87,12.04
19,42.11,65.62,72.07,46.62,50.99,20.22,17.46,55.61,23.71,46.07,82.73,43.86,29.15,59.91,80.81,23.43,39.92,67.12,35.44,0.0,39.2,23.77
20,62.29,29.07,39.2,22.36,34.37,39.4,40.82,48.26,37.54,17.12,65.15,48.75,61.29,21.95,61.1,55.79,67.8,41.18,14.87,39.2,0.0,21.4
21,41.4,43.0,60.14,22.85,48.51,34.67,19.7,37.0,16.28,35.51,61.4,31.26,40.31,43.27,58.8,45.8,46.4,43.57,12.04,23.77,21.4,0.0
