set K:= 1	2	3	4;
set C_H:= 1	2	3	4	5	6;
set C_S:= 7	8	9	10	11	12;
set C_F:= 13	14	15	16	17	18;
set M:= 19	20	21	22	23	24;
set L_B:= 25	26	27	28;
set A1:=
(0,*) 1 2 3 4 5 6 13 14 15 16 17 18 19 20 21 22 23 24 25 26 27 28 29
(1,*) 0 2 3 4 5 6 13 14 15 16 17 18 19 20 21 22 23 24 25 26 27 28 29
(2,*) 0 1 3 4 5 6 13 14 15 16 17 18 19 20 21 22 23 24 25 26 27 28 29
(3,*) 0 1 2 4 5 6 13 14 15 16 17 18 19 20 21 22 23 24 25 26 27 28 29
(4,*) 0 1 2 3 5 6 13 14 15 16 17 18 19 20 21 22 23 24 25 26 27 28 29
(5,*) 0 1 2 3 4 6 13 14 15 16 17 18 19 20 21 22 23 24 25 26 27 28 29
(6,*) 0 1 2 3 4 5 13 14 15 16 17 18 19 20 21 22 23 24 25 26 27 28 29
(13,*) 0 1 2 3 4 5 6 14 15 16 17 18 19 20 21 22 23 24 25 26 27 28 29
(14,*) 0 1 2 3 4 5 6 13 15 16 17 18 19 20 21 22 23 24 25 26 27 28 29
(15,*) 0 1 2 3 4 5 6 13 14 16 17 18 19 20 21 22 23 24 25 26 27 28 29
(16,*) 0 1 2 3 4 5 6 13 14 15 17 18 19 20 21 22 23 24 25 26 27 28 29
(17,*) 0 1 2 3 4 5 6 13 14 15 16 18 19 20 21 22 23 24 25 26 27 28 29
(18,*) 0 1 2 3 4 5 6 13 14 15 16 17 19 20 21 22 23 24 25 26 27 28 29
(19,*) 0 1 2 3 4 5 6 13 14 15 16 17 18 20 21 22 23 24 25 26 27 28 29
(20,*) 0 1 2 3 4 5 6 13 14 15 16 17 18 19 21 22 23 24 25 26 27 28 29
(21,*) 0 1 2 3 4 5 6 13 14 15 16 17 18 19 20 22 23 24 25 26 27 28 29
(22,*) 0 1 2 3 4 5 6 13 14 15 16 17 18 19 20 21 23 24 25 26 27 28 29
(23,*) 0 1 2 3 4 5 6 13 14 15 16 17 18 19 20 21 22 24 25 26 27 28 29
(24,*) 0 1 2 3 4 5 6 13 14 15 16 17 18 19 20 21 22 23 25 26 27 28 29
(25,*) 0 1 2 3 4 5 6 13 14 15 16 17 18 19 20 21 22 23 24 26 27 28 29
(26,*) 0 1 2 3 4 5 6 13 14 15 16 17 18 19 20 21 22 23 24 25 27 28 29
(27,*) 0 1 2 3 4 5 6 13 14 15 16 17 18 19 20 21 22 23 24 25 26 28 29
(28,*) 0 1 2 3 4 5 6 13 14 15 16 17 18 19 20 21 22 23 24 25 26 27 29
(29,*) 0 1 2 3 4 5 6 13 14 15 16 17 18 19 20 21 22 23 24 25 26 27 28
;
set A2:=
(19,*) 20
(20,*) 19
(21,*) 22
(22,*) 21
(23,*) 24
(24,*) 23
;
param BigM:=99999;
param n:= 4;
param d:=
1	12
2	24
3	22
4	6
5	16
6	12
7	16
8	8
9	6
10	2
11	21
12	18
13	1
14	24
15	14
16	9
17	4
18	15
;
param Q:=100;
param w:=
[19,*] 20 2
[20,*] 19 2
[21,*] 22 2
[22,*] 21 2
[23,*] 24 2
[24,*] 23 2
;
param V:=
[19,*] 20 91
[20,*] 19 91
[21,*] 22 75
[22,*] 21 75
[23,*] 24 82
[24,*] 23 82
;
param e:
	19	20	21	22	23	24	25	26	27	28:=
7		0		0		1		0		0		1		0		0		0		0	
8		0		0		0		1		0		0		0		0		0		0	
9		0		1		0		0		0		0		0		0		0		0	
10		0		0		0		0		0		0		1		0		0		0	
11		0		0		1		0		0		0		0		0		0		0	
12		0		0		0		0		0		0		0		1		0		0	
13		0		1		0		0		0		0		0		0		0		0	
14		0		0		0		1		0		0		0		0		0		0	
15		0		0		0		0		0		0		1		0		0		0	
16		0		0		1		0		0		0		0		0		0		0	
17		0		1		0		0		0		0		0		0		0		0	
18		0		1		0		0		0		0		0		0		0		0	
;
param p:=
1	1
2	1
3	1
4	1
;
param G:=
19	91
20	72
21	74
22	75
23	72
24	82
25	91
26	73
27	99
28	90
;
param s:=
0	0
1	10
2	10
3	10
4	10
5	10
6	10
13	10
14	10
15	10
16	10
17	10
18	10
19	10
20	10
21	10
22	10
23	10
24	10
25	10
26	10
27	10
28	10
;
param t:
	0	1	2	3	4	5	6	7	8	9	10	11	12	13	14	15	16	17	18	19	20	21	22	23	24	25	26	27	28	29:=
0	0.0	64.03	25.24	81.74	75.58	88.14	51.88	51.04	79.23	85.6	21.1	28.84	25.71	76.84	75.96	16.28	72.78	84.17	84.86	20.81	83.49	64.94	61.19	13.0	62.8	25.55	41.88	55.9	42.64	0.0
1	64.03	0.0	60.61	109.59	49.37	99.2	43.08	17.8	116.83	84.59	44.78	38.0	38.33	81.02	121.7	47.8	9.0	97.12	75.01	81.02	73.01	5.39	106.08	76.92	26.0	62.01	47.43	75.66	60.22	64.03
2	25.24	60.61	0.0	60.07	55.32	63.32	32.14	43.57	61.35	60.44	20.25	38.33	29.15	51.61	62.68	24.08	67.96	59.46	60.44	26.31	59.2	59.36	46.87	30.53	49.24	1.41	21.1	31.02	17.69	25.24
3	81.74	109.59	60.07	0.0	74.52	26.02	66.89	92.14	17.12	43.01	79.63	97.87	88.12	37.59	32.98	84.15	114.06	23.35	54.63	68.01	55.46	106.17	31.14	79.4	87.42	59.03	62.77	34.01	50.6	81.74
4	75.58	49.37	55.32	74.52	0.0	56.3	23.77	38.91	87.13	38.48	56.3	65.86	58.05	38.42	97.58	63.25	49.09	55.61	26.93	81.58	25.0	44.18	84.43	84.76	23.77	56.09	34.48	46.24	41.0	75.58
5	88.14	99.2	63.32	26.02	56.3	0.0	56.72	83.19	43.01	19.21	79.62	96.88	86.83	18.38	58.42	85.62	101.84	4.24	31.89	79.81	33.24	94.92	52.92	89.59	74.33	62.77	57.04	32.31	48.05	88.14
6	51.88	43.08	32.14	66.89	23.77	56.72	0.0	26.48	75.69	44.41	33.3	45.65	36.62	39.05	83.01	40.36	47.17	54.34	38.08	58.42	36.25	39.36	68.26	61.03	21.26	33.06	11.05	33.42	21.02	51.88
7	51.04	17.8	43.57	92.14	38.91	83.19	26.48	0.0	99.05	70.01	30.27	30.41	26.31	65.38	103.97	35.01	24.41	80.81	61.81	65.8	59.84	15.81	88.39	63.39	16.28	44.94	29.68	58.14	42.44	51.04
8	79.23	116.83	61.35	17.12	87.13	43.01	75.69	99.05	0.0	59.03	81.6	99.62	90.48	52.5	16.16	84.9	122.29	40.05	69.92	62.29	70.52	114.02	19.92	74.24	96.88	60.08	69.4	42.45	56.61	79.23
9	85.6	84.59	60.44	43.01	38.48	19.21	44.41	70.01	59.03	0.0	72.92	88.54	78.77	9.43	73.17	79.61	86.12	20.12	12.73	81.84	14.21	79.91	64.5	89.81	58.86	60.31	48.1	32.45	43.01	85.6
10	21.1	44.78	20.25	79.63	56.3	79.62	33.3	30.27	81.6	72.92	0.0	18.25	8.94	65.19	82.49	7.07	53.14	76.12	69.63	36.25	68.01	44.92	66.73	33.14	41.77	21.54	25.24	48.17	31.58	21.1
11	28.84	38.0	38.33	97.87	65.86	96.88	45.65	30.41	99.62	88.54	18.25	0.0	10.05	81.49	99.73	15.26	47.0	93.54	83.63	48.84	81.84	40.31	84.1	41.68	46.04	39.56	40.52	66.01	49.09	28.84
12	25.71	38.33	29.15	88.12	58.05	86.83	36.62	26.31	90.48	78.77	8.94	10.05	0.0	71.57	91.42	9.49	47.07	83.49	74.3	43.57	72.56	39.32	75.66	38.6	40.31	30.46	30.68	56.0	39.05	25.71
13	76.84	81.02	51.61	37.59	38.42	18.38	39.05	65.38	52.5	9.43	65.19	81.49	71.57	0.0	65.76	71.69	83.49	17.2	17.46	72.47	18.03	76.66	56.08	80.62	55.97	51.4	41.0	23.02	34.48	76.84
14	75.96	121.7	62.68	32.98	97.58	58.42	83.01	103.97	16.16	73.17	82.49	99.73	91.42	65.76	0.0	84.53	128.0	55.15	83.19	56.72	83.55	119.5	15.81	68.59	104.2	61.29	75.07	51.43	62.48	75.96
15	16.28	47.8	24.08	84.15	63.25	85.62	40.36	35.01	84.9	79.61	7.07	15.26	9.49	71.69	84.53	0.0	56.52	82.0	76.61	34.41	75.0	48.66	68.94	29.12	47.8	25.18	32.2	53.76	37.64	16.28
16	72.78	9.0	67.96	114.06	49.09	101.84	47.17	24.41	122.29	86.12	53.14	47.0	47.07	83.49	128.0	56.52	0.0	100.09	75.66	89.32	73.68	8.6	112.54	85.62	27.51	69.34	53.08	80.45	65.86	72.78
17	84.17	97.12	59.46	23.35	55.61	4.24	54.34	80.81	40.05	20.12	76.12	93.54	83.49	17.2	55.15	82.0	100.09	0.0	32.45	75.6	33.6	92.97	49.04	85.44	72.62	58.87	54.01	28.46	44.55	84.17
18	84.86	75.01	60.44	54.63	26.93	31.89	38.08	61.81	69.92	12.73	69.63	83.63	74.3	17.46	83.19	76.61	75.66	32.45	0.0	84.22	2.0	70.06	73.01	90.8	49.01	60.61	44.41	37.11	42.8	84.86
19	20.81	81.02	26.31	68.01	81.58	79.81	58.42	65.8	62.29	81.84	36.25	48.84	43.57	72.47	56.72	34.41	89.32	75.6	84.22	0.0	83.24	80.99	43.0	12.0	74.33	25.5	47.38	49.58	42.15	20.81
20	83.49	73.01	59.2	55.46	25.0	33.24	36.25	59.84	70.52	14.21	68.01	81.84	72.56	18.03	83.55	75.0	73.68	33.6	2.0	83.24	0.0	68.07	73.06	89.63	47.01	59.41	42.8	36.67	41.62	83.49
21	64.94	5.39	59.36	106.17	44.18	94.92	39.36	15.81	114.02	79.91	44.92	40.31	39.32	76.66	119.5	48.66	8.6	92.97	70.06	80.99	68.07	0.0	104.0	77.67	21.1	60.75	44.69	72.4	57.49	64.94
22	61.19	106.08	46.87	31.14	84.43	52.92	68.26	88.39	19.92	64.5	66.73	84.1	75.66	56.08	15.81	68.94	112.54	49.04	73.01	43.0	73.06	104.0	0.0	55.0	89.31	45.49	59.82	38.33	47.43	61.19
23	13.0	76.92	30.53	79.4	84.76	89.59	61.03	63.39	74.24	89.81	33.14	41.68	38.6	80.62	68.59	29.12	85.62	85.44	90.8	12.0	89.63	77.67	55.0	0.0	74.17	30.23	50.33	58.26	48.01	13.0
24	62.8	26.0	49.24	87.42	23.77	74.33	21.26	16.28	96.88	58.86	41.77	46.04	40.31	55.97	104.2	47.8	27.51	72.62	49.01	74.33	47.01	21.1	89.31	74.17	0.0	50.45	29.97	54.49	41.88	62.8
25	25.55	62.01	1.41	59.03	56.09	62.77	33.06	44.94	60.08	60.31	21.54	39.56	30.46	51.4	61.29	25.18	69.34	58.87	60.61	25.5	59.41	60.75	45.49	30.23	50.45	0.0	22.02	30.46	17.8	25.55
26	41.88	47.43	21.1	62.77	34.48	57.04	11.05	29.68	69.4	48.1	25.24	40.52	30.68	41.0	75.07	32.2	53.08	54.01	44.41	47.38	42.8	44.69	59.82	50.33	29.97	22.02	0.0	28.79	12.81	41.88
27	55.9	75.66	31.02	34.01	46.24	32.31	33.42	58.14	42.45	32.45	48.17	66.01	56.0	23.02	51.43	53.76	80.45	28.46	37.11	49.58	36.67	72.4	38.33	58.26	54.49	30.46	28.79	0.0	17.12	55.9
28	42.64	60.22	17.69	50.6	41.0	48.05	21.02	42.44	56.61	43.01	31.58	49.09	39.05	34.48	62.48	37.64	65.86	44.55	42.8	42.15	41.62	57.49	47.43	48.01	41.88	17.8	12.81	17.12	0.0	42.64
;
