set K:= 1	2	3	4;
set C_H:= 1	2	3	4;
set C_S:= 5	6	7	8;
set C_F:= 9	10	11	12;
set M:= 13	14	15	16	17	18;
set L_B:= 19	20	21	22;
set A1:=
(0,*) 1 2 3 4 9 10 11 12 13 14 15 16 17 18 19 20 21 22 23
(1,*) 0 2 3 4 9 10 11 12 13 14 15 16 17 18 19 20 21 22 23
(2,*) 0 1 3 4 9 10 11 12 13 14 15 16 17 18 19 20 21 22 23
(3,*) 0 1 2 4 9 10 11 12 13 14 15 16 17 18 19 20 21 22 23
(4,*) 0 1 2 3 9 10 11 12 13 14 15 16 17 18 19 20 21 22 23
(9,*) 0 1 2 3 4 10 11 12 13 14 15 16 17 18 19 20 21 22 23
(10,*) 0 1 2 3 4 9 11 12 13 14 15 16 17 18 19 20 21 22 23
(11,*) 0 1 2 3 4 9 10 12 13 14 15 16 17 18 19 20 21 22 23
(12,*) 0 1 2 3 4 9 10 11 13 14 15 16 17 18 19 20 21 22 23
(13,*) 0 1 2 3 4 9 10 11 12 14 15 16 17 18 19 20 21 22 23
(14,*) 0 1 2 3 4 9 10 11 12 13 15 16 17 18 19 20 21 22 23
(15,*) 0 1 2 3 4 9 10 11 12 13 14 16 17 18 19 20 21 22 23
(16,*) 0 1 2 3 4 9 10 11 12 13 14 15 17 18 19 20 21 22 23
(17,*) 0 1 2 3 4 9 10 11 12 13 14 15 16 18 19 20 21 22 23
(18,*) 0 1 2 3 4 9 10 11 12 13 14 15 16 17 19 20 21 22 23
(19,*) 0 1 2 3 4 9 10 11 12 13 14 15 16 17 18 20 21 22 23
(20,*) 0 1 2 3 4 9 10 11 12 13 14 15 16 17 18 19 21 22 23
(21,*) 0 1 2 3 4 9 10 11 12 13 14 15 16 17 18 19 20 22 23
(22,*) 0 1 2 3 4 9 10 11 12 13 14 15 16 17 18 19 20 21 23
(23,*) 0 1 2 3 4 9 10 11 12 13 14 15 16 17 18 19 20 21 22
;
set A2:=
;
param BigM:=99999;
param n:= 4;
param d:=
1	21
2	19
3	21
4	16
5	9
6	2
7	12
8	16
9	7
10	3
11	2
12	22
;
param Q:=100;
param e:
	13	14	15	16	17	18	19	20	21	22:=
5		0		0		1		0		0		0		0		0		0		0	
6		0		0		0		0		0		0		0		1		0		0	
7		0		0		1		0		0		0		0		0		0		0	
8		0		0		0		0		0		0		0		0		1		0	
9		0		0		0		1		0		0		0		0		0		0	
10		1		0		0		0		0		0		1		1		0		1	
11		0		0		0		1		0		0		0		0		0		0	
12		0		0		0		0		0		0		0		0		1		0	
;
param p:=
1	3
2	3
3	3
4	3
;
param G:=
13	93
14	99
15	92
16	79
17	89
18	72
19	81
20	98
21	73
22	86
;
param s:=
0	0
1	10
2	10
3	10
4	10
9	10
10	10
11	10
12	10
13	10
14	10
15	10
16	10
17	10
18	10
19	10
20	10
21	10
22	10
;
param t:
	0	1	2	3	4	5	6	7	8	9	10	11	12	13	14	15	16	17	18	19	20	21	22	23:=
0	0.0	28.84	34.93	77.88	37.05	72.78	21.1	64.03	88.14	54.57	27.02	62.29	81.74	20.81	83.49	64.94	61.19	13.0	62.8	47.63	32.45	63.56	48.88	0.0
1	28.84	0.0	8.25	67.18	19.1	47.0	18.25	38.0	96.88	78.29	37.66	80.05	97.87	48.84	81.84	40.31	84.1	41.68	46.04	47.8	43.42	74.03	58.01	28.84
2	34.93	8.25	0.0	60.31	13.0	39.05	19.42	30.07	94.13	80.71	38.08	80.32	97.29	53.82	76.69	32.14	86.09	47.93	38.42	44.28	43.32	72.25	56.44	34.93
3	77.88	67.18	60.31	0.0	48.08	48.0	58.31	48.84	58.82	86.59	55.11	71.59	77.47	84.34	26.93	43.57	87.6	87.28	23.77	34.06	53.24	51.97	47.07	77.88
4	37.05	19.1	13.0	48.08	0.0	36.77	16.49	28.65	82.0	74.33	30.48	71.11	86.98	52.55	63.69	28.46	79.03	49.5	27.73	32.0	34.67	61.0	45.61	37.05
5	72.78	47.0	39.05	48.0	36.77	0.0	53.14	9.0	101.84	108.71	65.46	101.53	114.06	89.32	73.68	8.6	112.54	85.62	27.51	57.2	68.25	86.61	74.03	72.78
6	21.1	18.25	19.42	58.31	16.49	53.14	0.0	44.78	79.62	61.29	19.42	61.85	79.63	36.25	68.01	44.92	66.73	33.14	41.77	32.25	25.18	56.22	40.2	21.1
7	64.03	38.0	30.07	48.84	28.65	9.0	44.78	0.0	99.2	101.91	58.26	96.02	109.59	81.02	73.01	5.39	106.08	76.92	26.0	52.35	61.52	82.29	68.8	64.03
8	88.14	96.88	94.13	58.82	82.0	101.84	79.62	99.2	0.0	56.82	62.3	35.85	26.02	79.81	33.24	94.92	52.92	89.59	74.33	50.0	56.3	24.6	39.85	88.14
9	54.57	78.29	80.71	86.59	74.33	108.71	61.29	101.91	56.82	0.0	43.86	21.02	36.88	36.01	74.11	100.12	7.07	48.01	86.45	55.04	40.46	39.32	39.56	54.57
10	27.02	37.66	38.08	55.11	30.48	65.46	19.42	58.26	62.3	43.86	0.0	42.45	60.3	29.27	56.85	56.86	48.6	33.12	46.32	21.93	6.08	38.08	22.47	27.02
11	62.29	80.05	80.32	71.59	71.11	101.53	61.85	96.02	35.85	21.02	42.45	0.0	19.65	48.47	55.23	93.24	18.11	59.77	76.42	44.55	37.0	20.4	27.59	62.29
12	81.74	97.87	97.29	77.47	86.98	114.06	79.63	109.59	26.02	36.88	60.3	19.65	0.0	68.01	55.46	106.17	31.14	79.4	87.42	57.25	54.45	27.46	41.44	81.74
13	20.81	48.84	53.82	84.34	52.55	89.32	36.25	81.02	79.81	36.01	29.27	48.47	68.01	0.0	83.24	80.99	43.0	12.0	74.33	50.7	31.62	55.9	44.65	20.81
14	83.49	81.84	76.69	26.93	63.69	73.68	68.01	73.01	33.24	74.11	56.85	55.23	55.46	83.24	0.0	68.07	73.06	89.63	47.01	36.12	52.43	35.01	39.0	83.49
15	64.94	40.31	32.14	43.57	28.46	8.6	44.92	5.39	94.92	100.12	56.86	93.24	106.17	80.99	68.07	0.0	104.0	77.67	21.1	49.09	59.67	78.77	65.8	64.94
16	61.19	84.1	86.09	87.6	79.03	112.54	66.73	106.08	52.92	7.07	48.6	18.11	31.14	43.0	73.06	104.0	0.0	55.0	89.31	57.45	44.6	38.05	41.15	61.19
17	13.0	41.68	47.93	87.28	49.5	85.62	33.14	76.92	89.59	48.01	33.12	59.77	79.4	12.0	89.63	77.67	55.0	0.0	74.17	55.01	37.2	65.22	52.33	13.0
18	62.8	46.04	38.42	23.77	27.73	27.51	41.77	26.0	74.33	86.45	46.32	76.42	87.42	74.33	47.01	21.1	89.31	74.17	0.0	32.02	47.17	60.0	48.92	62.8
19	47.63	47.8	44.28	34.06	32.0	57.2	32.25	52.35	50.0	55.04	21.93	44.55	57.25	50.7	36.12	49.09	57.45	55.01	32.02	0.0	19.24	30.08	16.97	47.63
20	32.45	43.42	43.32	53.24	34.67	68.25	25.18	61.52	56.3	40.46	6.08	37.0	54.45	31.62	52.43	59.67	44.6	37.2	47.17	19.24	0.0	32.02	16.55	32.45
21	63.56	74.03	72.25	51.97	61.0	86.61	56.22	82.29	24.6	39.32	38.08	20.4	27.46	55.9	35.01	78.77	38.05	65.22	60.0	30.08	32.02	0.0	16.03	63.56
22	48.88	58.01	56.44	47.07	45.61	74.03	40.2	68.8	39.85	39.56	22.47	27.59	41.44	44.65	39.0	65.8	41.15	52.33	48.92	16.97	16.55	16.03	0.0	48.88
;
