set K:= 1	2	3	4;
set C_H:= 1	2	3	4	5	6	7;
set C_S:= 8	9	10	11	12	13;
set C_F:= 14	15	16	17	18	19;
set M:= 20	21	22	23	24	25;
set M_B:= 26	27	28	29	30	31;
set L_B:= 32	33	34	35;
set A1:=
(0,*) 1 2 3 4 5 6 7 14 15 16 17 18 19 20 21 22 23 24 25 26 27 28 29 30 31 32 33 34 35
(1,*) 0 2 3 4 5 6 7 14 15 16 17 18 19 20 21 22 23 24 25 26 27 28 29 30 31 32 33 34 35
(2,*) 0 1 3 4 5 6 7 14 15 16 17 18 19 20 21 22 23 24 25 26 27 28 29 30 31 32 33 34 35
(3,*) 0 1 2 4 5 6 7 14 15 16 17 18 19 20 21 22 23 24 25 26 27 28 29 30 31 32 33 34 35
(4,*) 0 1 2 3 5 6 7 14 15 16 17 18 19 20 21 22 23 24 25 26 27 28 29 30 31 32 33 34 35
(5,*) 0 1 2 3 4 6 7 14 15 16 17 18 19 20 21 22 23 24 25 26 27 28 29 30 31 32 33 34 35
(6,*) 0 1 2 3 4 5 7 14 15 16 17 18 19 20 21 22 23 24 25 26 27 28 29 30 31 32 33 34 35
(7,*) 0 1 2 3 4 5 6 14 15 16 17 18 19 20 21 22 23 24 25 26 27 28 29 30 31 32 33 34 35
(14,*) 0 1 2 3 4 5 6 7 15 16 17 18 19 20 21 22 23 24 25 26 27 28 29 30 31 32 33 34 35
(15,*) 0 1 2 3 4 5 6 7 14 16 17 18 19 20 21 22 23 24 25 26 27 28 29 30 31 32 33 34 35
(16,*) 0 1 2 3 4 5 6 7 14 15 17 18 19 20 21 22 23 24 25 26 27 28 29 30 31 32 33 34 35
(17,*) 0 1 2 3 4 5 6 7 14 15 16 18 19 20 21 22 23 24 25 26 27 28 29 30 31 32 33 34 35
(18,*) 0 1 2 3 4 5 6 7 14 15 16 17 19 20 21 22 23 24 25 26 27 28 29 30 31 32 33 34 35
(19,*) 0 1 2 3 4 5 6 7 14 15 16 17 18 20 21 22 23 24 25 26 27 28 29 30 31 32 33 34 35
(20,*) 0 1 2 3 4 5 6 7 14 15 16 17 18 19 21 22 23 24 25 26 27 28 29 30 31 32 33 34 35
(21,*) 0 1 2 3 4 5 6 7 14 15 16 17 18 19 20 22 23 24 25 26 27 28 29 30 31 32 33 34 35
(22,*) 0 1 2 3 4 5 6 7 14 15 16 17 18 19 20 21 23 24 25 26 27 28 29 30 31 32 33 34 35
(23,*) 0 1 2 3 4 5 6 7 14 15 16 17 18 19 20 21 22 24 25 26 27 28 29 30 31 32 33 34 35
(24,*) 0 1 2 3 4 5 6 7 14 15 16 17 18 19 20 21 22 23 25 26 27 28 29 30 31 32 33 34 35
(25,*) 0 1 2 3 4 5 6 7 14 15 16 17 18 19 20 21 22 23 24 26 27 28 29 30 31 32 33 34 35
(26,*) 0 1 2 3 4 5 6 7 14 15 16 17 18 19 20 21 22 23 24 25 27 28 29 30 31 32 33 34 35
(27,*) 0 1 2 3 4 5 6 7 14 15 16 17 18 19 20 21 22 23 24 25 26 28 29 30 31 32 33 34 35
(28,*) 0 1 2 3 4 5 6 7 14 15 16 17 18 19 20 21 22 23 24 25 26 27 29 30 31 32 33 34 35
(29,*) 0 1 2 3 4 5 6 7 14 15 16 17 18 19 20 21 22 23 24 25 26 27 28 30 31 32 33 34 35
(30,*) 0 1 2 3 4 5 6 7 14 15 16 17 18 19 20 21 22 23 24 25 26 27 28 29 31 32 33 34 35
(31,*) 0 1 2 3 4 5 6 7 14 15 16 17 18 19 20 21 22 23 24 25 26 27 28 29 30 32 33 34 35
(32,*) 0 1 2 3 4 5 6 7 14 15 16 17 18 19 20 21 22 23 24 25 26 27 28 29 30 31 33 34 35
(33,*) 0 1 2 3 4 5 6 7 14 15 16 17 18 19 20 21 22 23 24 25 26 27 28 29 30 31 32 34 35
(34,*) 0 1 2 3 4 5 6 7 14 15 16 17 18 19 20 21 22 23 24 25 26 27 28 29 30 31 32 33 35
(35,*) 0 1 2 3 4 5 6 7 14 15 16 17 18 19 20 21 22 23 24 25 26 27 28 29 30 31 32 33 34
;
set A2:=
(20,*) 21
(21,*) 20
(22,*) 23
(23,*) 22
(24,*) 25
(25,*) 24
;
param BigM:=99999;
param n:= 4;
param d:=
1	20
2	2
3	4
4	24
5	16
6	14
7	11
8	12
9	6
10	5
11	5
12	11
13	23
14	7
15	13
16	12
17	9
18	23
19	9
;
param Q:=100;
param w:=
[20,*] 21 0.1
[21,*] 20 0.1
[22,*] 23 0.1
[23,*] 22 0.1
[24,*] 25 0.1
[25,*] 24 0.1
;
param V:=
[20,*] 21 89
[21,*] 20 89
[22,*] 23 100
[23,*] 22 100
[24,*] 25 85
[25,*] 24 85
;
param e:
	20	21	22	23	24	25	26	27	28	29	30	31	32	33	34	35:=
8		1		0		0		0		1		0		1		0		0		0		1		0		0		1		0		0	
9		0		1		0		0		0		1		0		1		0		0		0		1		0		0		1		0	
10		1		0		0		1		0		0		1		0		0		1		0		0		0		1		0		0	
11		1		0		0		0		1		0		1		0		0		0		1		0		0		1		0		0	
12		1		0		0		0		1		0		1		0		0		0		1		0		0		1		0		0	
13		1		0		0		1		0		0		1		0		0		1		0		0		0		1		0		0	
14		1		0		0		1		0		0		1		0		0		1		0		0		0		1		0		0	
15		1		0		0		1		1		0		1		0		0		1		1		0		0		1		0		0	
16		1		0		0		0		1		0		1		0		0		0		1		0		0		1		0		0	
17		0		1		1		0		0		1		0		1		1		0		0		1		1		0		0		1	
18		0		0		1		0		0		1		0		0		1		0		0		1		1		0		0		1	
19		0		0		1		0		0		1		0		0		1		0		0		1		1		0		0		0	
;
param p:=
1	3
2	3
3	3
4	3
;
param G:=
20	70
21	89
22	100
23	83
24	82
25	85
26	70
27	89
28	100
29	83
30	82
31	85
32	72
33	86
34	71
35	70
;
param s:=
0	0
1	10
2	10
3	10
4	10
5	10
6	10
7	10
14	10
15	10
16	10
17	10
18	10
19	10
20	10
21	10
22	10
23	10
24	10
25	10
26	10
27	10
28	10
29	10
30	10
31	10
32	10
33	10
34	10
35	10
;
param t:
	0	1	2	3	4	5	6	7	8	9	10	11	12	13	14	15	16	17	18	19	20	21	22	23	24	25	26	27	28	29	30	31	32	33	34	35:=
0	0.0	75.06	66.6	72.42	34.23	56.36	65.12	62.27	22.2	103.08	47.54	41.23	41.23	51.09	56.01	39.81	30.36	74.25	75.03	95.86	27.29	102.07	80.01	70.11	15.52	80.52	27.29	102.07	80.01	70.11	15.52	80.52	73.01	45.22	94.18	53.45
1	75.06	0.0	48.02	42.15	41.01	33.97	14.21	35.0	57.87	50.96	76.28	74.79	74.79	91.59	92.66	66.73	70.94	30.08	24.52	33.54	74.95	64.03	6.4	97.62	72.01	17.26	74.95	64.03	6.4	97.62	72.01	17.26	14.56	72.95	68.07	27.29
2	66.6	48.02	0.0	9.22	43.08	18.0	34.93	13.6	44.55	39.81	38.05	40.2	40.2	53.46	52.39	33.96	43.66	20.81	26.25	41.48	49.04	35.47	54.08	52.84	54.38	36.88	49.04	35.47	54.08	52.84	54.38	36.88	34.21	36.01	29.07	28.02
3	72.42	42.15	9.22	0.0	45.49	18.36	30.41	12.08	50.22	31.62	47.17	49.04	49.04	62.65	61.61	42.43	51.66	12.81	18.6	32.28	57.01	30.81	47.85	61.72	61.27	29.07	57.01	30.81	47.85	61.72	61.27	29.07	27.73	45.01	28.28	27.2
4	34.23	41.01	43.08	45.49	0.0	27.2	31.05	33.6	18.36	73.0	47.41	43.27	43.27	59.82	62.68	36.24	35.36	43.28	42.72	63.06	37.8	76.28	46.27	72.5	31.95	46.82	37.8	76.28	46.27	72.5	31.95	46.82	39.22	43.83	72.09	20.81
5	56.36	33.97	18.0	18.36	27.2	0.0	19.8	6.4	34.54	46.87	42.94	42.38	42.38	58.6	59.17	34.48	41.11	18.03	20.02	40.61	46.01	49.09	40.36	63.66	47.3	28.64	46.01	49.09	40.36	63.66	47.3	28.64	22.85	39.81	45.88	10.05
6	65.12	14.21	34.93	30.41	31.05	19.8	0.0	21.47	46.01	47.17	62.13	60.83	60.83	77.52	78.49	52.77	57.57	20.22	16.16	33.42	61.85	56.52	20.62	83.45	60.07	16.12	61.85	56.52	20.62	83.45	60.07	16.12	8.6	58.83	58.01	13.6
7	62.27	35.0	13.6	12.08	33.6	6.4	21.47	0.0	40.25	40.82	44.6	44.91	44.91	60.41	60.42	37.34	45.04	13.04	16.49	36.06	50.16	42.72	41.23	63.41	52.5	26.4	50.16	42.72	41.23	63.41	52.5	26.4	22.02	41.76	40.02	15.3
8	22.2	57.87	44.55	50.22	18.36	34.54	46.01	40.25	0.0	81.01	33.54	28.16	28.16	43.42	47.01	23.02	18.36	52.55	53.85	74.73	19.8	79.98	63.56	58.69	14.14	60.41	19.8	79.98	63.56	58.69	14.14	60.41	53.15	30.27	72.62	33.14
9	103.08	50.96	39.81	31.62	73.0	46.87	47.17	40.82	81.01	0.0	77.23	79.91	79.91	92.01	90.09	73.76	83.24	29.73	31.4	19.03	88.6	19.21	53.76	86.88	92.7	33.84	88.6	19.21	53.76	86.88	92.7	33.84	39.36	75.54	31.62	52.35
10	47.54	76.28	38.05	47.17	47.41	42.94	62.13	44.6	33.54	77.23	0.0	6.32	6.32	15.81	16.4	11.18	17.26	56.75	61.03	79.08	20.62	68.31	82.66	25.3	32.02	70.94	20.62	68.31	82.66	25.3	32.02	70.94	65.74	3.61	56.36	49.2
11	41.23	74.79	40.2	49.04	43.27	42.38	60.83	44.91	28.16	79.91	6.32	0.0	0.0	17.03	19.42	8.06	11.05	57.56	61.39	80.31	14.32	72.24	81.12	30.59	25.71	70.88	14.32	72.24	81.12	30.59	25.71	70.88	65.19	5.0	60.9	47.51
12	41.23	74.79	40.2	49.04	43.27	42.38	60.83	44.91	28.16	79.91	6.32	0.0	0.0	17.03	19.42	8.06	11.05	57.56	61.39	80.31	14.32	72.24	81.12	30.59	25.71	70.88	14.32	72.24	81.12	30.59	25.71	70.88	65.19	5.0	60.9	47.51
13	51.09	91.59	53.46	62.65	59.82	58.6	77.52	60.41	43.42	92.01	15.81	17.03	17.03	0.0	5.39	25.0	25.06	72.53	76.84	94.73	25.0	81.58	97.94	20.25	36.67	86.73	25.0	81.58	97.94	20.25	36.67	86.73	81.44	18.79	68.68	64.35
14	56.01	92.66	52.39	61.61	62.68	59.17	78.49	60.42	47.01	90.09	16.4	19.42	19.42	5.39	0.0	26.91	28.79	72.11	76.69	93.86	29.43	78.77	99.05	14.87	41.3	86.82	29.43	78.77	99.05	14.87	41.3	86.82	81.88	19.85	65.51	65.6
15	39.81	66.73	33.96	42.43	36.24	34.48	52.77	37.34	23.02	73.76	11.18	8.06	8.06	25.0	26.91	0.0	10.63	50.16	53.76	73.06	15.81	67.54	73.06	36.4	24.7	63.06	15.81	67.54	73.06	36.4	24.7	63.06	57.25	7.62	57.2	39.45
16	30.36	70.94	43.66	51.66	35.36	41.11	57.57	45.04	18.36	83.24	17.26	11.05	11.05	25.06	28.79	10.63	0.0	58.08	61.03	81.1	5.39	77.9	77.08	41.3	14.87	69.58	5.39	77.9	77.08	41.3	14.87	69.58	63.15	14.87	67.8	43.97
17	74.25	30.08	20.81	12.81	43.28	18.03	20.22	13.04	52.55	29.73	56.75	57.56	57.56	72.53	72.11	50.16	58.08	0.0	5.83	23.02	63.2	36.4	35.47	73.57	65.25	16.28	63.2	36.4	35.47	73.57	65.25	16.28	15.52	54.13	38.21	22.63
18	75.03	24.52	26.25	18.6	42.72	20.02	16.16	16.49	53.85	31.4	61.03	61.39	61.39	76.84	76.69	53.76	61.03	5.83	0.0	20.88	66.0	40.61	29.73	78.77	67.08	10.63	66.0	40.61	29.73	78.77	67.08	10.63	10.05	58.24	43.57	21.95
19	95.86	33.54	41.48	32.28	63.06	40.61	33.42	36.06	74.73	19.03	79.08	80.31	80.31	94.73	93.86	73.06	81.1	23.02	20.88	0.0	86.21	36.4	35.44	93.62	87.86	17.69	86.21	36.4	35.44	93.62	87.86	17.69	24.84	76.66	45.8	42.54
20	27.29	74.95	49.04	57.01	37.8	46.01	61.85	50.16	19.8	88.6	20.62	14.32	14.32	25.0	29.43	15.81	5.39	63.2	66.0	86.21	0.0	83.24	80.99	43.0	12.0	74.33	0.0	83.24	80.99	43.0	12.0	74.33	67.74	18.87	73.01	48.27
21	102.07	64.03	35.47	30.81	76.28	49.09	56.52	42.72	79.98	19.21	68.31	72.24	72.24	81.58	78.77	67.54	77.9	36.4	40.61	36.4	83.24	0.0	68.07	73.06	89.63	47.01	83.24	0.0	68.07	73.06	89.63	47.01	50.36	67.42	14.32	57.25
22	80.01	6.4	54.08	47.85	46.27	40.36	20.62	41.23	63.56	53.76	82.66	81.12	81.12	97.94	99.05	73.06	77.08	35.47	29.73	35.44	80.99	68.07	0.0	104.0	77.67	21.1	80.99	68.07	0.0	104.0	77.67	21.1	20.12	79.32	73.01	33.62
23	70.11	97.62	52.84	61.72	72.5	63.66	83.45	63.41	58.69	86.88	25.3	30.59	30.59	20.25	14.87	36.4	41.3	73.57	78.77	93.62	43.0	73.06	104.0	0.0	55.0	89.31	43.0	73.06	104.0	0.0	55.0	89.31	85.43	28.79	59.0	71.59
24	15.52	72.01	54.38	61.27	31.95	47.3	60.07	52.5	14.14	92.7	32.02	25.71	25.71	36.67	41.3	24.7	14.87	65.25	67.08	87.86	12.0	89.63	77.67	55.0	0.0	74.17	12.0	89.63	77.67	55.0	0.0	74.17	67.03	29.73	80.66	47.01
25	80.52	17.26	36.88	29.07	46.82	28.64	16.12	26.4	60.41	33.84	70.94	70.88	70.88	86.73	86.82	63.06	69.58	16.28	10.63	17.69	74.33	47.01	21.1	89.31	74.17	0.0	74.33	47.01	21.1	89.31	74.17	0.0	7.62	68.01	52.2	27.29
26	27.29	74.95	49.04	57.01	37.8	46.01	61.85	50.16	19.8	88.6	20.62	14.32	14.32	25.0	29.43	15.81	5.39	63.2	66.0	86.21	0.0	83.24	80.99	43.0	12.0	74.33	0.0	83.24	80.99	43.0	12.0	74.33	67.74	18.87	73.01	48.27
27	102.07	64.03	35.47	30.81	76.28	49.09	56.52	42.72	79.98	19.21	68.31	72.24	72.24	81.58	78.77	67.54	77.9	36.4	40.61	36.4	83.24	0.0	68.07	73.06	89.63	47.01	83.24	0.0	68.07	73.06	89.63	47.01	50.36	67.42	14.32	57.25
28	80.01	6.4	54.08	47.85	46.27	40.36	20.62	41.23	63.56	53.76	82.66	81.12	81.12	97.94	99.05	73.06	77.08	35.47	29.73	35.44	80.99	68.07	0.0	104.0	77.67	21.1	80.99	68.07	0.0	104.0	77.67	21.1	20.12	79.32	73.01	33.62
29	70.11	97.62	52.84	61.72	72.5	63.66	83.45	63.41	58.69	86.88	25.3	30.59	30.59	20.25	14.87	36.4	41.3	73.57	78.77	93.62	43.0	73.06	104.0	0.0	55.0	89.31	43.0	73.06	104.0	0.0	55.0	89.31	85.43	28.79	59.0	71.59
30	15.52	72.01	54.38	61.27	31.95	47.3	60.07	52.5	14.14	92.7	32.02	25.71	25.71	36.67	41.3	24.7	14.87	65.25	67.08	87.86	12.0	89.63	77.67	55.0	0.0	74.17	12.0	89.63	77.67	55.0	0.0	74.17	67.03	29.73	80.66	47.01
31	80.52	17.26	36.88	29.07	46.82	28.64	16.12	26.4	60.41	33.84	70.94	70.88	70.88	86.73	86.82	63.06	69.58	16.28	10.63	17.69	74.33	47.01	21.1	89.31	74.17	0.0	74.33	47.01	21.1	89.31	74.17	0.0	7.62	68.01	52.2	27.29
32	73.01	14.56	34.21	27.73	39.22	22.85	8.6	22.02	53.15	39.36	65.74	65.19	65.19	81.44	81.88	57.25	63.15	15.52	10.05	24.84	67.74	50.36	20.12	85.43	67.03	7.62	67.74	50.36	20.12	85.43	67.03	7.62	0.0	62.65	53.6	20.02
33	45.22	72.95	36.01	45.01	43.83	39.81	58.83	41.76	30.27	75.54	3.61	5.0	5.0	18.79	19.85	7.62	14.87	54.13	58.24	76.66	18.87	67.42	79.32	28.79	29.73	68.01	18.87	67.42	79.32	28.79	29.73	68.01	62.65	0.0	55.95	45.8
34	94.18	68.07	29.07	28.28	72.09	45.88	58.01	40.02	72.62	31.62	56.36	60.9	60.9	68.68	65.51	57.2	67.8	38.21	43.57	45.8	73.01	14.32	73.01	59.0	80.66	52.2	73.01	14.32	73.01	59.0	80.66	52.2	53.6	55.95	0.0	55.32
35	53.45	27.29	28.02	27.2	20.81	10.05	13.6	15.3	33.14	52.35	49.2	47.51	47.51	64.35	65.6	39.45	43.97	22.63	21.95	42.54	48.27	57.25	33.62	71.59	47.01	27.29	48.27	57.25	33.62	71.59	47.01	27.29	20.02	45.8	55.32	0.0
;
