set K:= 1	2	3;
set C_H:= 1	2	3	4	5	6	7	8;
set C_S:= 9	10	11;
set C_F:= 12;
set M:= 13	14	15	16;
set L_B:= 17	18	19;
set A1:=
(0,*) 1 2 3 4 5 6 7 8 12 13 14 15 16 17 18 19
(1,*) 0 2 3 4 5 6 7 8 12 13 14 15 16 17 18 19
(2,*) 0 1 3 4 5 6 7 8 12 13 14 15 16 17 18 19
(3,*) 0 1 2 4 5 6 7 8 12 13 14 15 16 17 18 19
(4,*) 0 1 2 3 5 6 7 8 12 13 14 15 16 17 18 19
(5,*) 0 1 2 3 4 6 7 8 12 13 14 15 16 17 18 19
(6,*) 0 1 2 3 4 5 7 8 12 13 14 15 16 17 18 19
(7,*) 0 1 2 3 4 5 6 8 12 13 14 15 16 17 18 19
(8,*) 0 1 2 3 4 5 6 7 12 13 14 15 16 17 18 19
(12,*) 0 1 2 3 4 5 6 7 8 13 14 15 16 17 18 19
(13,*) 0 1 2 3 4 5 6 7 8 12 14 15 16 17 18 19
(14,*) 0 1 2 3 4 5 6 7 8 12 13 15 16 17 18 19
(15,*) 0 1 2 3 4 5 6 7 8 12 13 14 16 17 18 19
(16,*) 0 1 2 3 4 5 6 7 8 12 13 14 15 17 18 19
(17,*) 0 1 2 3 4 5 6 7 8 12 13 14 15 16 18 19
(18,*) 0 1 2 3 4 5 6 7 8 12 13 14 15 16 17 19
(19,*) 0 1 2 3 4 5 6 7 8 12 13 14 15 16 17 18
;
set A2:=
(13,*) 14
(14,*) 13
(15,*) 16
(16,*) 15
;
param BigM:=99999;
param n:= 3;
param d:=
1	24
2	2
3	21
4	9
5	24
6	19
7	14
8	6
9	20
10	24
11	2
12	8
;
param Q:=100;
param w:=
[13,*] 14 1
[14,*] 13 1
[15,*] 16 1
[16,*] 15 1
;
param V:=
[13,*] 14 97
[14,*] 13 97
[15,*] 16 86
[16,*] 15 86
;
param f:=
13	100
14	100
15	100
16	100
17	100
18	100
19	100
;
param e:
	13	14	15	16	17	18	19:=
9	0	0	1	0	1	1	1	
10	1	0	0	0	0	0	0	
11	0	0	1	0	1	1	1	
12	0	0	0	1	0	0	0	
;
param p:=
1	1
2	1
3	1
;
param G:=
13	80
14	97
15	86
16	71
17	98
18	92
19	82
;
param s:=
0	0
1	15
2	15
3	15
4	15
5	15
6	15
7	15
8	15
12	15
13	10
14	10
15	10
16	10
17	10
18	10
19	10
;
param t:
	0	1	2	3	4	5	6	7	8	9	10	11	12	13	14	15	16	17	18	19:=
0	0.0	75.96	62.29	28.84	72.78	25.24	97.58	16.28	85.6	25.96	73.82	21.1	78.03	64.94	61.19	20.81	83.49	38.9	40.52	23.19
1	75.96	0.0	29.15	99.73	128.0	62.68	90.09	84.53	73.17	55.57	126.06	82.49	93.98	119.5	15.81	56.72	83.55	65.8	86.28	55.46
2	62.29	29.15	0.0	80.05	101.53	41.77	63.39	65.76	46.39	37.01	99.09	61.85	64.85	93.24	18.11	48.47	55.23	39.96	60.75	39.12
3	28.84	99.73	80.05	0.0	47.0	38.33	96.18	15.26	88.54	44.38	49.25	18.25	70.6	40.31	84.1	48.84	81.84	44.1	30.89	44.29
4	72.78	128.0	101.53	47.0	0.0	67.96	85.02	56.52	86.12	76.01	5.39	53.14	56.14	8.6	112.54	89.32	73.68	62.23	41.87	78.39
5	25.24	62.68	41.77	38.33	67.96	0.0	73.0	24.08	60.44	8.06	67.12	20.25	56.3	59.36	46.87	26.31	59.2	14.76	26.93	11.18
6	97.58	90.09	63.39	96.18	85.02	73.0	0.0	89.4	17.03	76.03	80.1	82.42	29.07	80.16	81.5	96.25	14.42	58.69	65.3	80.45
7	16.28	84.53	65.76	15.26	56.52	24.08	89.4	0.0	79.61	29.41	57.56	7.07	66.71	48.66	68.94	34.41	75.0	32.89	26.93	29.07
8	85.6	73.17	46.39	88.54	86.12	60.44	17.03	79.61	0.0	62.24	81.74	72.92	31.76	79.91	64.5	81.84	14.21	47.17	58.46	66.53
9	25.96	55.57	37.01	44.38	76.01	8.06	76.03	29.41	62.24	0.0	75.18	26.93	61.85	67.42	39.82	20.62	62.77	20.22	34.93	4.47
10	73.82	126.06	99.09	49.25	5.39	67.12	80.1	57.56	81.74	75.18	0.0	53.6	51.35	9.0	110.75	89.49	69.05	60.31	40.5	77.82
11	21.1	82.49	61.85	18.25	53.14	20.25	82.42	7.07	72.92	26.93	53.6	0.0	59.67	44.92	66.73	36.25	68.01	26.68	20.12	27.66
12	78.03	93.98	64.85	70.6	56.14	56.3	29.07	66.71	31.76	61.85	51.35	59.67	0.0	51.09	81.49	82.28	18.03	41.76	40.31	66.22
13	64.94	119.5	93.24	40.31	8.6	59.36	80.16	48.66	79.91	67.42	9.0	44.92	51.09	0.0	104.0	80.99	68.07	53.76	33.3	69.84
14	61.19	15.81	18.11	84.1	112.54	46.87	81.5	68.94	64.5	39.82	110.75	66.73	81.49	104.0	0.0	43.0	73.06	50.45	70.72	39.92
15	20.81	56.72	48.47	48.84	89.32	26.31	96.25	34.41	81.84	20.62	89.49	36.25	82.28	80.99	43.0	0.0	83.24	40.52	51.35	16.16
16	83.49	83.55	55.23	81.84	73.68	59.2	14.42	75.0	14.21	62.77	69.05	68.01	18.03	68.07	73.06	83.24	0.0	44.69	50.99	67.23
17	38.9	65.8	39.96	44.1	62.23	14.76	58.69	32.89	47.17	20.22	60.31	26.68	41.76	53.76	50.45	40.52	44.69	0.0	20.81	24.52
18	40.52	86.28	60.75	30.89	41.87	26.93	65.3	26.93	58.46	34.93	40.5	20.12	40.31	33.3	70.72	51.35	50.99	20.81	0.0	37.95
19	23.19	55.46	39.12	44.29	78.39	11.18	80.45	29.07	66.53	4.47	77.82	27.66	66.22	69.84	39.92	16.16	67.23	24.52	37.95	0.0
;
