vehicles
vehicle_idx, capacity, cost_per_unit_distance
1,100,1
2,100,1
3,100,1
4,100,1
depot
node_idx,x,y
0,82,76
home delivery customers
node_idx,x,y,service_time,demand
1,5,10,10,14
2,9,97,10,24
3,13,7,10,19
4,29,89,10,7
5,88,51,10,18
6,23,15,10,15
self pickup customers
node_idx,x,y,service_time,demand,locker_idxs
7,85,60,10,14,19
8,61,59,10,3,22
9,3,82,10,8,24-18
10,5,42,10,4,24
flexible customers
node_idx,x,y,service_time,demand,locker_idxs
11,42,9,10,8,16
12,91,2,10,19,17-20
13,98,52,10,21,17
14,84,25,10,16,17-20
lockers
node_idx,x,y,service_time,capacity,cost_per_unit_good
15,65,88,10,93
16,25,15,10,90
17,93,12,10,94
18,22,88,10,97
19,77,88,10,75
20,72,14,10,80
21,51,52,10,83
22,57,35,10,76
23,52,46,10,75
24,33,51,10,80
mrt lines
start_node_idx,end_node_idx,freight_capacity,cost_per_unit_good
distance matrix
,0,1,2,3,4,5,6,7,8,9,10,11,12,13,14,15,16,17,18,19,20,21,22,23,24,
0,0.0,101.41,75.96,97.58,54.57,25.71,84.86,16.28,27.02,79.23,84.17,78.03,74.55,28.84,51.04,20.81,83.49,64.94,61.19,13.0,62.8,39.2,48.02,42.43,55.01
1,101.41,0.0,87.09,8.54,82.57,92.57,18.68,94.34,74.41,72.03,32.0,37.01,86.37,102.04,80.41,98.41,20.62,88.02,79.83,106.15,67.12,62.29,57.7,59.2,49.65
2,75.96,87.09,0.0,90.09,21.54,91.42,83.19,84.53,64.4,16.16,55.15,93.98,125.5,99.73,103.97,56.72,83.55,119.5,15.81,68.59,104.2,61.55,78.41,66.71,51.88
3,97.58,8.54,90.09,0.0,83.55,86.95,12.81,89.4,70.77,75.66,35.9,29.07,78.16,96.18,73.25,96.25,14.42,80.16,81.5,103.23,59.41,58.9,52.15,55.15,48.33
4,54.57,82.57,21.54,83.55,0.0,70.18,74.24,63.06,43.86,26.93,52.77,81.05,106.83,78.29,84.39,36.01,74.11,100.12,7.07,48.01,86.45,43.05,60.83,48.76,38.21
5,25.71,92.57,91.42,86.95,70.18,0.0,74.3,9.49,28.16,90.48,83.49,62.29,49.09,10.05,26.31,43.57,72.56,39.32,75.66,38.6,40.31,37.01,34.89,36.35,55.0
6,84.86,18.68,83.19,12.81,74.24,74.3,0.0,76.61,58.14,69.92,32.45,19.92,69.23,83.63,61.81,84.22,2.0,70.06,73.01,90.8,49.01,46.4,39.45,42.45,37.36
7,16.28,94.34,84.53,89.4,63.06,9.49,76.61,0.0,24.02,84.9,82.0,66.71,58.31,15.26,35.01,34.41,75.0,48.66,68.94,29.12,47.8,34.93,37.54,35.85,52.77
8,27.02,74.41,64.4,70.77,43.86,28.16,58.14,24.02,0.0,62.39,58.52,53.49,64.41,37.66,41.05,29.27,56.85,56.86,48.6,33.12,46.32,12.21,24.33,15.81,29.12
9,79.23,72.03,16.16,75.66,26.93,90.48,69.92,84.9,62.39,0.0,40.05,82.76,118.93,99.62,99.05,62.29,70.52,114.02,19.92,74.24,96.88,56.6,71.59,60.8,43.14
10,84.17,32.0,55.15,35.9,52.77,83.49,32.45,82.0,58.52,40.05,0.0,49.58,94.85,93.54,80.81,75.6,33.6,92.97,49.04,85.44,72.62,47.07,52.47,47.17,29.41
11,78.03,37.01,93.98,29.07,81.05,62.29,19.92,66.71,53.49,82.76,49.58,0.0,49.5,70.6,44.94,82.28,18.03,51.09,81.49,86.41,30.41,43.93,30.02,38.33,42.95
12,74.55,86.37,125.5,78.16,106.83,49.09,69.23,58.31,64.41,118.93,94.85,49.5,0.0,50.49,24.04,89.84,67.27,10.2,110.26,87.13,22.47,64.03,47.38,58.8,75.93
13,28.84,102.04,99.73,96.18,78.29,10.05,83.63,15.26,37.66,99.62,93.54,70.6,50.49,0.0,30.41,48.84,81.84,40.31,84.1,41.68,46.04,47.0,44.38,46.39,65.01
14,51.04,80.41,103.97,73.25,84.39,26.31,61.81,35.01,41.05,99.05,80.81,44.94,24.04,30.41,0.0,65.8,59.84,15.81,88.39,63.39,16.28,42.64,28.79,38.28,57.25
15,20.81,98.41,56.72,96.25,36.01,43.57,84.22,34.41,29.27,62.29,75.6,82.28,89.84,48.84,65.8,0.0,83.24,80.99,43.0,12.0,74.33,38.63,53.6,43.97,48.92
16,83.49,20.62,83.55,14.42,74.11,72.56,2.0,75.0,56.85,70.52,33.6,18.03,67.27,81.84,59.84,83.24,0.0,68.07,73.06,89.63,47.01,45.22,37.74,41.11,36.88
17,64.94,88.02,119.5,80.16,100.12,39.32,70.06,48.66,56.86,114.02,92.97,51.09,10.2,40.31,15.81,80.99,68.07,0.0,104.0,77.67,21.1,58.0,42.72,53.26,71.56
18,61.19,79.83,15.81,81.5,7.07,75.66,73.01,68.94,48.6,19.92,49.04,81.49,110.26,84.1,88.39,43.0,73.06,104.0,0.0,55.0,89.31,46.23,63.51,51.61,38.6
19,13.0,106.15,68.59,103.23,48.01,38.6,90.8,29.12,33.12,74.24,85.44,86.41,87.13,41.68,63.39,12.0,89.63,77.67,55.0,0.0,74.17,44.41,56.65,48.88,57.49
20,62.8,67.12,104.2,59.41,86.45,40.31,49.01,47.8,46.32,96.88,72.62,30.41,22.47,46.04,16.28,74.33,47.01,21.1,89.31,74.17,0.0,43.42,25.81,37.74,53.76
21,39.2,62.29,61.55,58.9,43.05,37.01,46.4,34.93,12.21,56.6,47.07,43.93,64.03,47.0,42.64,38.63,45.22,58.0,46.23,44.41,43.42,0.0,18.03,6.08,18.03
22,48.02,57.7,78.41,52.15,60.83,34.89,39.45,37.54,24.33,71.59,52.47,30.02,47.38,44.38,28.79,53.6,37.74,42.72,63.51,56.65,25.81,18.03,0.0,12.08,28.84
23,42.43,59.2,66.71,55.15,48.76,36.35,42.45,35.85,15.81,60.8,47.17,38.33,58.8,46.39,38.28,43.97,41.11,53.26,51.61,48.88,37.74,6.08,12.08,0.0,19.65
24,55.01,49.65,51.88,48.33,38.21,55.0,37.36,52.77,29.12,43.14,29.41,42.95,75.93,65.01,57.25,48.92,36.88,71.56,38.6,57.49,53.76,18.03,28.84,19.65,0.0
