set K:= 1	2	3	4;
set C_H:= 1	2	3	4	5	6	7;
set C_S:= 8	9	10	11	12	13;
set C_F:= 14	15	16	17	18	19;
set M:= 20	21	22	23	24	25;
set L_B:= 26	27	28	29;
set A1:=
(0,*) 1 2 3 4 5 6 7 14 15 16 17 18 19 20 21 22 23 24 25 26 27 28 29
(1,*) 0 2 3 4 5 6 7 14 15 16 17 18 19 20 21 22 23 24 25 26 27 28 29
(2,*) 0 1 3 4 5 6 7 14 15 16 17 18 19 20 21 22 23 24 25 26 27 28 29
(3,*) 0 1 2 4 5 6 7 14 15 16 17 18 19 20 21 22 23 24 25 26 27 28 29
(4,*) 0 1 2 3 5 6 7 14 15 16 17 18 19 20 21 22 23 24 25 26 27 28 29
(5,*) 0 1 2 3 4 6 7 14 15 16 17 18 19 20 21 22 23 24 25 26 27 28 29
(6,*) 0 1 2 3 4 5 7 14 15 16 17 18 19 20 21 22 23 24 25 26 27 28 29
(7,*) 0 1 2 3 4 5 6 14 15 16 17 18 19 20 21 22 23 24 25 26 27 28 29
(14,*) 0 1 2 3 4 5 6 7 15 16 17 18 19 20 21 22 23 24 25 26 27 28 29
(15,*) 0 1 2 3 4 5 6 7 14 16 17 18 19 20 21 22 23 24 25 26 27 28 29
(16,*) 0 1 2 3 4 5 6 7 14 15 17 18 19 20 21 22 23 24 25 26 27 28 29
(17,*) 0 1 2 3 4 5 6 7 14 15 16 18 19 20 21 22 23 24 25 26 27 28 29
(18,*) 0 1 2 3 4 5 6 7 14 15 16 17 19 20 21 22 23 24 25 26 27 28 29
(19,*) 0 1 2 3 4 5 6 7 14 15 16 17 18 20 21 22 23 24 25 26 27 28 29
(20,*) 0 1 2 3 4 5 6 7 14 15 16 17 18 19 21 22 23 24 25 26 27 28 29
(21,*) 0 1 2 3 4 5 6 7 14 15 16 17 18 19 20 22 23 24 25 26 27 28 29
(22,*) 0 1 2 3 4 5 6 7 14 15 16 17 18 19 20 21 23 24 25 26 27 28 29
(23,*) 0 1 2 3 4 5 6 7 14 15 16 17 18 19 20 21 22 24 25 26 27 28 29
(24,*) 0 1 2 3 4 5 6 7 14 15 16 17 18 19 20 21 22 23 25 26 27 28 29
(25,*) 0 1 2 3 4 5 6 7 14 15 16 17 18 19 20 21 22 23 24 26 27 28 29
(26,*) 0 1 2 3 4 5 6 7 14 15 16 17 18 19 20 21 22 23 24 25 27 28 29
(27,*) 0 1 2 3 4 5 6 7 14 15 16 17 18 19 20 21 22 23 24 25 26 28 29
(28,*) 0 1 2 3 4 5 6 7 14 15 16 17 18 19 20 21 22 23 24 25 26 27 29
(29,*) 0 1 2 3 4 5 6 7 14 15 16 17 18 19 20 21 22 23 24 25 26 27 28
;
set A2:=
(20,*) 21
(21,*) 20
(22,*) 23
(23,*) 22
;
param BigM:=99999;
param n:= 4;
param d:=
1	24
2	6
3	16
4	24
5	20
6	14
7	19
8	12
9	1
10	14
11	12
12	16
13	21
14	19
15	8
16	15
17	2
18	18
19	2
;
param Q:=100;
param w:=
[20,*] 21 0.1
[21,*] 20 0.1
[22,*] 23 0.1
[23,*] 22 0.1
;
param V:=
[20,*] 21 95
[21,*] 20 95
[22,*] 23 71
[23,*] 22 71
;
param e:
	20	21	22	23	24	25	26	27	28	29:=
8		0		0		1		0		0		0		0		0		0		0	
9		0		1		0		0		0		0		0		0		0		0	
10		0		1		0		0		0		0		0		0		0		0	
11		0		0		0		0		0		0		1		0		0		0	
12		0		0		0		0		0		1		0		0		0		0	
13		0		0		0		0		0		1		0		0		0		0	
14		0		0		1		0		0		1		0		0		0		0	
15		0		0		0		1		0		0		0		0		0		0	
16		0		1		0		0		0		0		0		0		0		0	
17		0		0		0		1		0		0		0		0		0		0	
18		0		0		0		0		1		0		0		0		0		0	
19		0		0		0		0		0		0		0		0		0		1	
;
param p:=
1	3
2	3
3	3
4	3
;
param G:=
20	95
21	84
22	70
23	71
24	73
25	89
26	85
27	86
28	94
29	94
;
param s:=
0	0
1	10
2	10
3	10
4	10
5	10
6	10
7	10
14	10
15	10
16	10
17	10
18	10
19	10
20	10
21	10
22	10
23	10
24	10
25	10
26	10
27	10
28	10
29	10
;
param t:
	0	1	2	3	4	5	6	7	8	9	10	11	12	13	14	15	16	17	18	19	20	21	22	23	24	25	26	27	28	29:=
0	0.0	73.82	85.6	51.04	25.24	25.96	16.28	34.93	64.03	76.84	101.41	51.88	37.05	77.88	74.55	79.23	84.86	62.29	25.71	21.1	20.81	83.49	64.94	61.19	13.0	62.8	48.92	51.08	45.28	41.87
1	73.82	0.0	81.74	23.77	67.12	75.18	57.56	41.11	12.08	79.48	88.28	44.2	37.11	43.05	2.24	119.75	71.02	99.09	48.26	53.6	89.49	69.05	9.0	110.75	86.49	23.71	56.08	78.57	58.0	55.9
2	85.6	81.74	0.0	70.01	60.44	62.24	79.61	84.4	84.59	9.43	16.64	44.41	71.59	40.71	80.08	59.03	12.73	46.39	78.77	72.92	81.84	14.21	79.91	64.5	89.81	58.86	39.0	38.28	41.59	45.62
3	51.04	23.77	70.01	0.0	43.57	51.62	35.01	22.47	17.8	65.38	80.41	26.48	14.0	39.45	24.04	99.05	61.81	78.24	26.31	30.27	65.8	59.84	15.81	88.39	63.39	16.28	36.77	57.98	37.59	34.67
4	25.24	67.12	60.44	43.57	0.0	8.06	24.08	39.36	60.61	51.61	76.42	32.14	32.53	58.05	67.08	61.35	60.44	41.77	29.15	20.25	26.31	59.2	59.36	46.87	30.53	49.24	25.5	26.68	21.47	18.97
5	25.96	75.18	62.24	51.62	8.06	0.0	29.41	46.32	68.6	53.04	78.64	39.01	40.36	64.38	75.13	55.54	63.81	37.01	35.85	26.93	20.62	62.77	67.42	39.82	27.59	57.01	30.81	25.55	26.68	25.08
6	16.28	57.56	79.61	35.01	24.08	29.41	0.0	19.42	47.8	71.69	94.34	40.36	21.02	65.19	58.31	84.9	76.61	65.76	9.49	7.07	34.41	75.0	48.66	68.94	29.12	47.8	40.82	50.16	38.01	34.0
7	34.93	41.11	84.4	22.47	39.36	46.32	19.42	0.0	30.07	77.93	97.14	40.5	13.0	60.31	42.3	100.46	78.55	80.32	10.63	19.42	53.82	76.69	32.14	86.09	47.93	38.42	46.27	62.17	45.01	41.0
8	64.03	12.08	84.59	17.8	60.61	68.6	47.8	30.07	0.0	81.02	93.09	43.08	28.65	48.84	13.89	116.83	75.01	96.02	38.33	44.78	81.02	73.01	5.39	106.08	76.92	26.0	54.12	75.72	55.23	52.43
9	76.84	79.48	9.43	65.38	51.61	53.04	71.69	77.93	81.02	0.0	26.08	39.05	65.38	41.11	78.0	52.5	17.46	38.01	71.57	65.19	72.47	18.03	76.66	56.08	80.62	55.97	31.78	28.84	33.84	37.95
10	101.41	88.28	16.64	80.41	76.42	78.64	94.34	97.14	93.09	26.08	0.0	56.65	84.15	45.28	86.37	72.03	18.68	61.85	92.57	87.46	98.41	20.62	88.02	79.83	106.15	67.12	53.54	54.92	56.61	60.46
11	51.88	44.2	44.41	26.48	32.14	39.01	40.36	40.5	43.08	39.05	56.65	0.0	27.51	26.25	43.28	75.69	38.08	55.17	36.62	33.3	58.42	36.25	39.36	68.26	61.03	21.26	12.04	34.71	14.76	14.32
12	37.05	37.11	71.59	14.0	32.53	40.36	21.02	13.0	28.65	65.38	84.15	27.51	0.0	48.08	37.66	91.71	65.55	71.11	12.65	16.49	52.55	63.69	28.46	79.03	49.5	27.73	34.0	51.87	33.24	29.43
13	77.88	43.05	40.71	39.45	58.05	64.38	65.19	60.31	48.84	41.11	45.28	26.25	48.08	0.0	41.11	90.21	28.79	71.59	59.67	58.31	84.34	26.93	43.57	87.6	87.28	23.77	34.0	53.16	38.01	39.32
14	74.55	2.24	80.08	24.04	67.08	75.13	58.31	42.3	13.89	78.0	86.37	43.28	37.66	41.11	0.0	118.93	69.23	98.31	49.09	54.13	89.84	67.27	10.2	110.26	87.13	22.47	55.23	77.79	57.28	55.32
15	79.23	119.75	59.03	99.05	61.35	55.54	84.9	100.46	116.83	52.5	72.03	75.69	91.71	90.21	118.93	0.0	69.92	20.81	90.48	81.6	62.29	70.52	114.02	19.92	74.24	96.88	63.7	41.23	61.85	64.4
16	84.86	71.02	12.73	61.81	60.44	63.81	76.61	78.55	75.01	17.46	18.68	38.08	65.55	28.79	69.23	69.92	0.0	55.08	74.3	69.63	84.22	2.0	70.06	73.01	90.8	49.01	36.12	42.72	39.6	43.19
17	62.29	99.09	46.39	78.24	41.77	37.01	65.76	80.32	96.02	38.01	61.85	55.17	71.11	71.59	98.31	20.81	55.08	0.0	70.6	61.85	48.47	55.23	93.24	18.11	59.77	76.42	43.14	20.52	41.11	43.6
18	25.71	48.26	78.77	26.31	29.15	35.85	9.49	10.63	38.33	71.57	92.57	36.62	12.65	59.67	49.09	90.48	74.3	70.6	0.0	8.94	43.57	72.56	39.32	75.66	38.6	40.31	39.85	53.24	37.85	33.73
19	21.1	53.6	72.92	30.27	20.25	26.93	7.07	19.42	44.78	65.19	87.46	33.3	16.49	58.31	54.13	81.6	69.63	61.85	8.94	0.0	36.25	68.01	44.92	66.73	33.14	41.77	34.0	45.01	31.38	27.31
20	20.81	89.49	81.84	65.8	26.31	20.62	34.41	53.82	81.02	72.47	98.41	58.42	52.55	84.34	89.84	62.29	84.22	48.47	43.57	36.25	0.0	83.24	80.99	43.0	12.0	74.33	51.24	43.86	47.13	45.12
21	83.49	69.05	14.21	59.84	59.2	62.77	75.0	76.69	73.01	18.03	20.62	36.25	63.69	26.93	67.27	70.52	2.0	55.23	72.56	68.01	83.24	0.0	68.07	73.06	89.63	47.01	34.66	42.2	38.21	41.73
22	64.94	9.0	79.91	15.81	59.36	67.42	48.66	32.14	5.39	76.66	88.02	39.36	28.46	43.57	10.2	114.02	70.06	93.24	39.32	44.92	80.99	68.07	0.0	104.0	77.67	21.1	50.77	72.8	52.2	49.68
23	61.19	110.75	64.5	88.39	46.87	39.82	68.94	86.09	106.08	56.08	79.83	68.26	79.03	87.6	110.26	19.92	73.01	18.11	75.66	66.73	43.0	73.06	104.0	0.0	55.0	89.31	56.44	34.54	53.54	55.0
24	13.0	86.49	89.81	63.39	30.53	27.59	29.12	47.93	76.92	80.62	106.15	61.03	49.5	87.28	87.13	74.24	90.8	59.77	38.6	33.14	12.0	89.63	77.67	55.0	0.0	74.17	55.95	52.8	51.97	49.19
25	62.8	23.71	58.86	16.28	49.24	57.01	47.8	38.42	26.0	55.97	67.12	21.26	27.73	23.77	22.47	96.88	49.01	76.42	40.31	41.77	74.33	47.01	21.1	89.31	74.17	0.0	33.3	55.97	35.81	34.48
26	48.92	56.08	39.0	36.77	25.5	30.81	40.82	46.27	54.12	31.78	53.54	12.04	34.0	34.0	55.23	63.7	36.12	43.14	39.85	34.0	51.24	34.66	50.77	56.44	55.95	33.3	0.0	22.67	4.12	7.07
27	51.08	78.57	38.28	57.98	26.68	25.55	50.16	62.17	75.72	28.84	54.92	34.71	51.87	53.16	77.79	41.23	42.72	20.52	53.24	45.01	43.86	42.2	72.8	34.54	52.8	55.97	22.67	0.0	20.62	23.32
28	45.28	58.0	41.59	37.59	21.47	26.68	38.01	45.01	55.23	33.84	56.61	14.76	33.24	38.01	57.28	61.85	39.6	41.11	37.85	31.38	47.13	38.21	52.2	53.54	51.97	35.81	4.12	20.62	0.0	4.12
29	41.87	55.9	45.62	34.67	18.97	25.08	34.0	41.0	52.43	37.95	60.46	14.32	29.43	39.32	55.32	64.4	43.19	43.6	33.73	27.31	45.12	41.73	49.68	55.0	49.19	34.48	7.07	23.32	4.12	0.0
;
