vehicles
vehicle_idx, capacity, cost_per_unit_distance
1,100,3
2,100,3
3,100,3
4,100,3
depot
node_idx,x,y
0,82,76
home delivery customers
node_idx,x,y,service_time,demand
1,57,69,10,20
2,1,65,10,22
3,80,55,10,2
4,98,14,10,12
5,13,7,10,19
6,5,42,10,4
7,96,44,10,19
self pickup customers
node_idx,x,y,service_time,demand,locker_idxs
8,3,82,10,8,23
9,91,2,10,19,22-25
10,50,5,10,21,25
11,93,3,10,24,22-25
12,61,59,10,3,29
13,19,32,10,1,28
flexible customers
node_idx,x,y,service_time,demand,locker_idxs
14,61,62,10,24,26-27-29
15,23,15,10,15,21
16,49,8,10,6,25-21
17,85,60,10,14,29
18,98,5,10,9,22
19,5,10,10,14,21
lockers
node_idx,x,y,service_time,capacity,cost_per_unit_good
20,65,88,10,87
21,25,15,10,89
22,93,12,10,86
23,22,88,10,73
24,77,88,10,77
25,72,14,10,81
26,51,51,10,97
27,53,43,10,90
28,21,32,10,78
29,66,45,10,79
mrt lines
start_node_idx,end_node_idx,freight_capacity,cost_per_unit_good
20,21,89,0.1
21,20,89,0.1
distance matrix
,0,1,2,3,4,5,6,7,8,9,10,11,12,13,14,15,16,17,18,19,20,21,22,23,24,25,26,27,28,29,
0,0.0,25.96,81.74,21.1,64.03,97.58,84.17,34.93,79.23,74.55,77.88,73.82,27.02,76.84,25.24,84.86,75.58,16.28,72.78,101.41,20.81,83.49,64.94,61.19,13.0,62.8,39.82,43.93,75.21,34.89
1,25.96,0.0,56.14,26.93,68.6,76.03,58.59,46.32,55.54,75.13,64.38,75.18,10.77,53.04,8.06,63.81,61.52,29.41,76.01,78.64,20.62,62.77,67.42,39.82,27.59,57.01,18.97,26.31,51.62,25.63
2,81.74,56.14,0.0,79.63,109.59,59.23,23.35,97.29,17.12,109.86,77.47,110.94,60.3,37.59,60.07,54.63,74.52,84.15,114.06,55.15,68.01,55.46,106.17,31.14,79.4,87.42,51.92,56.46,38.59,68.01
3,21.1,26.93,79.63,0.0,44.78,82.42,76.12,19.42,81.6,54.13,58.31,53.6,19.42,65.19,20.25,69.63,56.3,7.07,53.14,87.46,36.25,68.01,44.92,66.73,33.14,41.77,29.27,29.55,63.32,17.2
4,64.03,68.6,109.59,44.78,0.0,85.29,97.12,30.07,116.83,13.89,48.84,12.08,58.26,81.02,60.61,75.01,49.37,47.8,9.0,93.09,81.02,73.01,5.39,106.08,76.92,26.0,59.82,53.54,79.08,44.55
5,97.58,76.03,59.23,82.42,85.29,0.0,35.9,90.87,75.66,78.16,37.05,80.1,70.77,25.71,73.0,12.81,36.01,89.4,85.02,8.54,96.25,14.42,80.16,81.5,103.23,59.41,58.14,53.81,26.25,65.22
6,84.17,58.59,23.35,76.12,97.12,35.9,0.0,91.02,40.05,94.85,58.26,96.25,58.52,17.2,59.46,32.45,55.61,82.0,100.09,32.0,75.6,33.6,92.97,49.04,85.44,72.62,46.87,48.01,18.87,61.07
7,34.93,46.32,97.29,19.42,30.07,90.87,91.02,0.0,100.46,42.3,60.31,41.11,38.08,77.93,39.36,78.55,59.2,19.42,39.05,97.14,53.82,76.69,32.14,86.09,47.93,38.42,45.54,43.01,75.95,30.02
8,79.23,55.54,17.12,81.6,116.83,75.66,40.05,100.46,0.0,118.93,90.21,119.75,62.39,52.5,61.35,69.92,87.13,84.9,122.29,72.03,62.29,70.52,114.02,19.92,74.24,96.88,57.14,63.41,53.14,73.06
9,74.55,75.13,109.86,54.13,13.89,78.16,94.85,42.3,118.93,0.0,41.11,2.24,64.41,78.0,67.08,69.23,42.43,58.31,7.62,86.37,89.84,67.27,10.2,110.26,87.13,22.47,63.25,55.9,76.16,49.74
10,77.88,64.38,77.47,58.31,48.84,37.05,58.26,60.31,90.21,41.11,0.0,43.05,55.11,41.11,58.05,28.79,3.16,65.19,48.0,45.28,84.34,26.93,43.57,87.6,87.28,23.77,46.01,38.12,39.62,43.08
11,73.82,75.18,110.94,53.6,12.08,80.1,96.25,41.11,119.75,2.24,43.05,0.0,64.5,79.48,67.12,71.02,44.28,57.56,5.39,88.28,89.49,69.05,9.0,110.75,86.49,23.71,63.78,56.57,77.62,49.93
12,27.02,10.77,60.3,19.42,58.26,70.77,58.52,38.08,62.39,64.41,55.11,64.5,0.0,49.93,3.0,58.14,52.39,24.02,65.46,74.41,29.27,56.85,56.86,48.6,33.12,46.32,12.81,17.89,48.26,14.87
13,76.84,53.04,37.59,65.19,81.02,25.71,17.2,77.93,52.5,78.0,41.11,79.48,49.93,0.0,51.61,17.46,38.42,71.69,83.49,26.08,72.47,18.03,76.66,56.08,80.62,55.97,37.22,35.74,2.0,48.76
14,25.24,8.06,60.07,20.25,60.61,73.0,59.46,39.36,61.35,67.08,58.05,67.12,3.0,51.61,0.0,60.44,55.32,24.08,67.96,76.42,26.31,59.2,59.36,46.87,30.53,49.24,14.87,20.62,50.0,17.72
15,84.86,63.81,54.63,69.63,75.01,12.81,32.45,78.55,69.92,69.23,28.79,71.02,58.14,17.46,60.44,0.0,26.93,76.61,75.66,18.68,84.22,2.0,70.06,73.01,90.8,49.01,45.61,41.04,17.12,52.43
16,75.58,61.52,74.52,56.3,49.37,36.01,55.61,59.2,87.13,42.43,3.16,44.28,52.39,38.42,55.32,26.93,0.0,63.25,49.09,44.05,81.58,25.0,44.18,84.43,84.76,23.77,43.05,35.23,36.88,40.72
17,16.28,29.41,84.15,7.07,47.8,89.4,82.0,19.42,84.9,58.31,65.19,57.56,24.02,71.69,24.08,76.61,63.25,0.0,56.52,94.34,34.41,75.0,48.66,68.94,29.12,47.8,35.17,36.24,69.86,24.21
18,72.78,76.01,114.06,53.14,9.0,85.02,100.09,39.05,122.29,7.62,48.0,5.39,65.46,83.49,67.96,75.66,49.09,56.52,0.0,93.13,89.32,73.68,8.6,112.54,85.62,27.51,65.76,58.9,81.6,51.22
19,101.41,78.64,55.15,87.46,93.09,8.54,32.0,97.14,72.03,86.37,45.28,88.28,74.41,26.08,76.42,18.68,44.05,94.34,93.13,0.0,98.41,20.62,88.02,79.83,106.15,67.12,61.62,58.25,27.2,70.33
20,20.81,20.62,68.01,36.25,81.02,96.25,75.6,53.82,62.29,89.84,84.34,89.49,29.27,72.47,26.31,84.22,81.58,34.41,89.32,98.41,0.0,83.24,80.99,43.0,12.0,74.33,39.56,46.57,71.22,43.01
21,83.49,62.77,55.46,68.01,73.01,14.42,33.6,76.69,70.52,67.27,26.93,69.05,56.85,18.03,59.2,2.0,25.0,75.0,73.68,20.62,83.24,0.0,68.07,73.06,89.63,47.01,44.41,39.6,17.46,50.8
22,64.94,67.42,106.17,44.92,5.39,80.16,92.97,32.14,114.02,10.2,43.57,9.0,56.86,76.66,59.36,70.06,44.18,48.66,8.6,88.02,80.99,68.07,0.0,104.0,77.67,21.1,57.31,50.61,74.73,42.64
23,61.19,39.82,31.14,66.73,106.08,81.5,49.04,86.09,19.92,110.26,87.6,110.75,48.6,56.08,46.87,73.01,84.43,68.94,112.54,79.83,43.0,73.06,104.0,0.0,55.0,89.31,47.01,54.64,56.01,61.52
24,13.0,27.59,79.4,33.14,76.92,103.23,85.44,47.93,74.24,87.13,87.28,86.49,33.12,80.62,30.53,90.8,84.76,29.12,85.62,106.15,12.0,89.63,77.67,55.0,0.0,74.17,45.22,51.0,79.2,44.38
25,62.8,57.01,87.42,41.77,26.0,59.41,72.62,38.42,96.88,22.47,23.77,23.71,46.32,55.97,49.24,49.01,23.77,47.8,27.51,67.12,74.33,47.01,21.1,89.31,74.17,0.0,42.54,34.67,54.08,31.58
26,39.82,18.97,51.92,29.27,59.82,58.14,46.87,45.54,57.14,63.25,46.01,63.78,12.81,37.22,14.87,45.61,43.05,35.17,65.76,61.62,39.56,44.41,57.31,47.01,45.22,42.54,0.0,8.25,35.51,16.16
27,43.93,26.31,56.46,29.55,53.54,53.81,48.01,43.01,63.41,55.9,38.12,56.57,17.89,35.74,20.62,41.04,35.23,36.24,58.9,58.25,46.57,39.6,50.61,54.64,51.0,34.67,8.25,0.0,33.84,13.15
28,75.21,51.62,38.59,63.32,79.08,26.25,18.87,75.95,53.14,76.16,39.62,77.62,48.26,2.0,50.0,17.12,36.88,69.86,81.6,27.2,71.22,17.46,74.73,56.01,79.2,54.08,35.51,33.84,0.0,46.84
29,34.89,25.63,68.01,17.2,44.55,65.22,61.07,30.02,73.06,49.74,43.08,49.93,14.87,48.76,17.72,52.43,40.72,24.21,51.22,70.33,43.01,50.8,42.64,61.52,44.38,31.58,16.16,13.15,46.84,0.0
