vehicles
vehicle_idx, capacity, cost_per_unit_distance
1,100,1
2,100,1
3,100,1
4,100,1
depot
node_idx,x,y
0,82,76
home delivery customers
node_idx,x,y,service_time,demand
1,58,30,10,12
2,3,82,10,8
3,80,55,10,2
4,9,97,10,24
self pickup customers
node_idx,x,y,service_time,demand,locker_idxs
5,23,15,10,15,12
6,42,9,10,8,18
7,98,14,10,12,13-16
flexible customers
node_idx,x,y,service_time,demand,locker_idxs
8,85,60,10,14,15
9,50,5,10,21,18
10,13,7,10,19,12
lockers
node_idx,x,y,service_time,capacity,cost_per_unit_good
11,65,88,10,81
12,25,15,10,82
13,93,12,10,89
14,22,88,10,93
15,77,88,10,75
16,72,14,10,98
17,55,64,10,79
18,42,25,10,78
19,45,53,10,92
20,47,49,10,84
mrt lines
start_node_idx,end_node_idx,freight_capacity,cost_per_unit_good
11,12,82,1.5
12,11,82,1.5
13,14,93,1.5
14,13,93,1.5
15,16,98,1.5
16,15,98,1.5
distance matrix
,0,1,2,3,4,5,6,7,8,9,10,11,12,13,14,15,16,17,18,19,20,
0,0.0,51.88,79.23,21.1,75.96,84.86,78.03,64.03,16.28,77.88,97.58,20.81,83.49,64.94,61.19,13.0,62.8,29.55,64.82,43.57,44.2
1,51.88,0.0,75.69,33.3,83.01,38.08,26.4,43.08,40.36,26.25,50.54,58.42,36.25,39.36,68.26,61.03,21.26,34.13,16.76,26.42,21.95
2,79.23,75.69,0.0,81.6,16.16,69.92,82.76,116.83,84.9,90.21,75.66,62.29,70.52,114.02,19.92,74.24,96.88,55.03,69.07,51.04,55.0
3,21.1,33.3,81.6,0.0,82.49,69.63,59.67,44.78,7.07,58.31,82.42,36.25,68.01,44.92,66.73,33.14,41.77,26.57,48.41,35.06,33.54
4,75.96,83.01,16.16,82.49,0.0,83.19,93.98,121.7,84.53,100.72,90.09,56.72,83.55,119.5,15.81,68.59,104.2,56.61,79.2,56.85,61.22
5,84.86,38.08,69.92,69.63,83.19,0.0,19.92,75.01,76.61,28.79,12.81,84.22,2.0,70.06,73.01,90.8,49.01,58.52,21.47,43.91,41.62
6,78.03,26.4,82.76,59.67,93.98,19.92,0.0,56.22,66.71,8.94,29.07,82.28,18.03,51.09,81.49,86.41,30.41,56.52,16.0,44.1,40.31
7,64.03,43.08,116.83,44.78,121.7,75.01,56.22,0.0,47.8,48.84,85.29,81.02,73.01,5.39,106.08,76.92,26.0,65.95,57.07,65.8,61.85
8,16.28,40.36,84.9,7.07,84.53,76.61,66.71,47.8,0.0,65.19,89.4,34.41,75.0,48.66,68.94,29.12,47.8,30.27,55.44,40.61,39.56
9,77.88,26.25,90.21,58.31,100.72,28.79,8.94,48.84,65.19,0.0,37.05,84.34,26.93,43.57,87.6,87.28,23.77,59.21,21.54,48.26,44.1
10,97.58,50.54,75.66,82.42,90.09,12.81,29.07,85.29,89.4,37.05,0.0,96.25,14.42,80.16,81.5,103.23,59.41,70.8,34.13,56.04,54.04
11,20.81,58.42,62.29,36.25,56.72,84.22,82.28,81.02,34.41,84.34,96.25,0.0,83.24,80.99,43.0,12.0,74.33,26.0,67.07,40.31,42.95
12,83.49,36.25,70.52,68.01,83.55,2.0,18.03,73.01,75.0,26.93,14.42,83.24,0.0,68.07,73.06,89.63,47.01,57.45,19.72,42.94,40.5
13,64.94,39.36,114.02,44.92,119.5,70.06,51.09,5.39,48.66,43.57,80.16,80.99,68.07,0.0,104.0,77.67,21.1,64.4,52.63,63.13,59.03
14,61.19,68.26,19.92,66.73,15.81,73.01,81.49,106.08,68.94,87.6,81.5,43.0,73.06,104.0,0.0,55.0,89.31,40.8,66.1,41.88,46.32
15,13.0,61.03,74.24,33.14,68.59,90.8,86.41,76.92,29.12,87.28,103.23,12.0,89.63,77.67,55.0,0.0,74.17,32.56,72.07,47.42,49.2
16,62.8,21.26,96.88,41.77,104.2,49.01,30.41,26.0,47.8,23.77,59.41,74.33,47.01,21.1,89.31,74.17,0.0,52.81,31.95,47.43,43.01
17,29.55,34.13,55.03,26.57,56.61,58.52,56.52,65.95,30.27,59.21,70.8,26.0,57.45,64.4,40.8,32.56,52.81,0.0,41.11,14.87,17.0
18,64.82,16.76,69.07,48.41,79.2,21.47,16.0,57.07,55.44,21.54,34.13,67.07,19.72,52.63,66.1,72.07,31.95,41.11,0.0,28.16,24.52
19,43.57,26.42,51.04,35.06,56.85,43.91,44.1,65.8,40.61,48.26,56.04,40.31,42.94,63.13,41.88,47.42,47.43,14.87,28.16,0.0,4.47
20,44.2,21.95,55.0,33.54,61.22,41.62,40.31,61.85,39.56,44.1,54.04,42.95,40.5,59.03,46.32,49.2,43.01,17.0,24.52,4.47,0.0
