vehicles
vehicle_idx, capacity, cost_per_unit_distance
1,100,1
2,100,1
3,100,1
4,100,1
depot
node_idx,x,y
0,82,76
home delivery customers
node_idx,x,y,service_time,demand
1,61,62,10,24
2,88,51,10,18
3,29,89,10,7
4,50,93,10,8
5,13,7,10,19
self pickup customers
node_idx,x,y,service_time,demand,locker_idxs
6,98,14,10,12,18-21
7,3,82,10,8,19
8,2,39,10,16,17
9,19,32,10,1,17
10,50,5,10,21,21
flexible customers
node_idx,x,y,service_time,demand,locker_idxs
11,9,97,10,24,19
12,49,8,10,6,21-17
13,20,70,10,2,19
14,98,5,10,9,18-21
15,23,15,10,15,17
lockers
node_idx,x,y,service_time,capacity,cost_per_unit_good
16,65,88,10,100
17,25,15,10,98
18,93,12,10,77
19,22,88,10,70
20,77,88,10,90
21,72,14,10,84
22,48,49,10,94
23,61,57,10,87
24,69,31,10,70
25,49,51,10,88
mrt lines
start_node_idx,end_node_idx,freight_capacity,cost_per_unit_good
distance matrix
,0,1,2,3,4,5,6,7,8,9,10,11,12,13,14,15,16,17,18,19,20,21,22,23,24,25,
0,0.0,25.24,25.71,54.57,36.24,97.58,64.03,79.23,88.14,76.84,77.88,75.96,75.58,62.29,72.78,84.86,20.81,83.49,64.94,61.19,13.0,62.8,43.42,28.32,46.84,41.4
1,25.24,0.0,29.15,41.87,32.89,73.0,60.61,61.35,63.32,51.61,58.05,62.68,55.32,41.77,67.96,60.44,26.31,59.2,59.36,46.87,30.53,49.24,18.38,5.0,32.02,16.28
2,25.71,29.15,0.0,70.18,56.64,86.95,38.33,90.48,86.83,71.57,59.67,91.42,58.05,70.6,47.07,74.3,43.57,72.56,39.32,75.66,38.6,40.31,40.05,27.66,27.59,39.0
3,54.57,41.87,70.18,0.0,21.38,83.55,101.91,26.93,56.82,57.87,86.59,21.54,83.43,21.02,108.71,74.24,36.01,74.11,100.12,7.07,48.01,86.45,44.28,45.25,70.46,42.94
4,36.24,32.89,56.64,21.38,0.0,93.62,92.44,48.27,72.25,68.43,88.0,41.19,85.01,37.8,100.24,82.54,15.81,81.91,91.71,28.44,27.46,82.01,44.05,37.64,64.85,42.01
5,97.58,73.0,86.95,83.55,93.62,0.0,85.29,75.66,33.84,25.71,37.05,90.09,36.01,63.39,85.02,12.81,96.25,14.42,80.16,81.5,103.23,59.41,54.67,69.31,60.93,56.85
6,64.03,60.61,38.33,101.91,92.44,85.29,0.0,116.83,99.2,81.02,48.84,121.7,49.37,96.02,9.0,75.01,81.02,73.01,5.39,106.08,76.92,26.0,61.03,56.73,33.62,61.4
7,79.23,61.35,90.48,26.93,48.27,75.66,116.83,0.0,43.01,52.5,90.21,16.16,87.13,20.81,122.29,69.92,62.29,70.52,114.02,19.92,74.24,96.88,55.8,63.16,83.41,55.47
8,88.14,63.32,86.83,56.82,72.25,33.84,99.2,43.01,0.0,18.38,58.82,58.42,56.3,35.85,101.84,31.89,79.81,33.24,94.92,52.92,89.59,74.33,47.07,61.68,67.48,48.51
9,76.84,51.61,71.57,57.87,68.43,25.71,81.02,52.5,18.38,0.0,41.11,65.76,38.42,38.01,83.49,17.46,72.47,18.03,76.66,56.08,80.62,55.97,33.62,48.88,50.01,35.51
10,77.88,58.05,59.67,86.59,88.0,37.05,48.84,90.21,58.82,41.11,0.0,100.72,3.16,71.59,48.0,28.79,84.34,26.93,43.57,87.6,87.28,23.77,44.05,53.15,32.2,46.01
11,75.96,62.68,91.42,21.54,41.19,90.09,121.7,16.16,58.42,65.76,100.72,0.0,97.58,29.15,128.0,83.19,56.72,83.55,119.5,15.81,68.59,104.2,61.85,65.6,89.2,60.96
12,75.58,55.32,58.05,83.43,85.01,36.01,49.37,87.13,56.3,38.42,3.16,97.58,0.0,68.45,49.09,26.93,81.58,25.0,44.18,84.43,84.76,23.77,41.01,50.45,30.48,43.0
13,62.29,41.77,70.6,21.02,37.8,63.39,96.02,20.81,35.85,38.01,71.59,29.15,68.45,0.0,101.53,55.08,48.47,55.23,93.24,18.11,59.77,76.42,35.0,43.01,62.63,34.67
14,72.78,67.96,47.07,108.71,100.24,85.02,9.0,122.29,101.84,83.49,48.0,128.0,49.09,101.53,0.0,75.66,89.32,73.68,8.6,112.54,85.62,27.51,66.6,63.82,38.95,67.21
15,84.86,60.44,74.3,74.24,82.54,12.81,75.01,69.92,31.89,17.46,28.79,83.19,26.93,55.08,75.66,0.0,84.22,2.0,70.06,73.01,90.8,49.01,42.2,56.64,48.7,44.41
16,20.81,26.31,43.57,36.01,15.81,96.25,81.02,62.29,79.81,72.47,84.34,56.72,81.58,48.47,89.32,84.22,0.0,83.24,80.99,43.0,12.0,74.33,42.54,31.26,57.14,40.31
17,83.49,59.2,72.56,74.11,81.91,14.42,73.01,70.52,33.24,18.03,26.93,83.55,25.0,55.23,73.68,2.0,83.24,0.0,68.07,73.06,89.63,47.01,41.05,55.32,46.82,43.27
18,64.94,59.36,39.32,100.12,91.71,80.16,5.39,114.02,94.92,76.66,43.57,119.5,44.18,93.24,8.6,70.06,80.99,68.07,0.0,104.0,77.67,21.1,58.26,55.22,30.61,58.8
19,61.19,46.87,75.66,7.07,28.44,81.5,106.08,19.92,52.92,56.08,87.6,15.81,84.43,18.11,112.54,73.01,43.0,73.06,104.0,0.0,55.0,89.31,46.87,49.82,73.88,45.8
20,13.0,30.53,38.6,48.01,27.46,103.23,76.92,74.24,89.59,80.62,87.28,68.59,84.76,59.77,85.62,90.8,12.0,89.63,77.67,55.0,0.0,74.17,48.6,34.89,57.56,46.4
21,62.8,49.24,40.31,86.45,82.01,59.41,26.0,96.88,74.33,55.97,23.77,104.2,23.77,76.42,27.51,49.01,74.33,47.01,21.1,89.31,74.17,0.0,42.44,44.38,17.26,43.57
22,43.42,18.38,40.05,44.28,44.05,54.67,61.03,55.8,47.07,33.62,44.05,61.85,41.01,35.0,66.6,42.2,42.54,41.05,58.26,46.87,48.6,42.44,0.0,15.26,27.66,2.24
23,28.32,5.0,27.66,45.25,37.64,69.31,56.73,63.16,61.68,48.88,53.15,65.6,50.45,43.01,63.82,56.64,31.26,55.32,55.22,49.82,34.89,44.38,15.26,0.0,27.2,13.42
24,46.84,32.02,27.59,70.46,64.85,60.93,33.62,83.41,67.48,50.01,32.2,89.2,30.48,62.63,38.95,48.7,57.14,46.82,30.61,73.88,57.56,17.26,27.66,27.2,0.0,28.28
25,41.4,16.28,39.0,42.94,42.01,56.85,61.4,55.47,48.51,35.51,46.01,60.96,43.0,34.67,67.21,44.41,40.31,43.27,58.8,45.8,46.4,43.57,2.24,13.42,28.28,0.0
