set K:= 1	2	3;
set C_H:= 1	2	3	4;
set C_S:= 5	6	7	8;
set C_F:= 9	10	11	12;
set M:= 13	14;
set L_B:= 15	16	17;
set A1:=
(0,*) 1 2 3 4 9 10 11 12 13 14 15 16 17
(1,*) 0 2 3 4 9 10 11 12 13 14 15 16 17
(2,*) 0 1 3 4 9 10 11 12 13 14 15 16 17
(3,*) 0 1 2 4 9 10 11 12 13 14 15 16 17
(4,*) 0 1 2 3 9 10 11 12 13 14 15 16 17
(9,*) 0 1 2 3 4 10 11 12 13 14 15 16 17
(10,*) 0 1 2 3 4 9 11 12 13 14 15 16 17
(11,*) 0 1 2 3 4 9 10 12 13 14 15 16 17
(12,*) 0 1 2 3 4 9 10 11 13 14 15 16 17
(13,*) 0 1 2 3 4 9 10 11 12 14 15 16 17
(14,*) 0 1 2 3 4 9 10 11 12 13 15 16 17
(15,*) 0 1 2 3 4 9 10 11 12 13 14 16 17
(16,*) 0 1 2 3 4 9 10 11 12 13 14 15 17
(17,*) 0 1 2 3 4 9 10 11 12 13 14 15 16
;
set A2:=
(13,*) 14
(14,*) 13
;
param BigM:=99999;
param n:= 3;
param d:=
1	24
2	19
3	3
4	16
5	9
6	16
7	14
8	22
9	8
10	4
11	12
12	21
;
param Q:=100;
param w:=
[13,*] 14 0.5
[14,*] 13 0.5
;
param V:=
[13,*] 14 87
[14,*] 13 87
;
param e:
	13	14	15	16	17:=
5	0	0	0	1	0	
6	0	0	0	1	0	
7	0	0	1	0	0	
8	0	0	1	0	0	
9	0	0	0	1	0	
10	0	0	0	1	0	
11	0	0	1	1	1	
12	0	0	1	0	0	
;
param p:=
1	3
2	3
3	3
;
param G:=
13	86
14	87
15	95
16	100
17	92
;
param s:=
0	0
1	10
2	10
3	10
4	10
9	10
10	10
11	10
12	10
13	10
14	10
15	10
16	10
17	10
;
param t:
	0	1	2	3	4	5	6	7	8	9	10	11	12	13	14	15	16	17:=
0	0.0	73.82	34.93	27.02	88.14	72.78	37.05	16.28	81.74	78.03	84.17	51.88	28.84	64.94	61.19	52.33	55.57	56.22
1	73.82	0.0	41.11	64.5	97.86	5.39	37.11	57.56	110.94	51.35	96.25	44.2	49.25	9.0	110.75	60.0	46.32	54.38
2	34.93	41.11	0.0	38.08	94.13	39.05	13.0	19.42	97.29	64.35	91.02	40.5	8.25	32.14	86.09	51.24	44.94	50.45
3	27.02	64.5	38.08	0.0	62.3	65.46	30.48	24.02	60.3	53.49	58.52	29.15	37.66	56.86	48.6	25.61	31.78	30.41
4	88.14	97.86	94.13	62.3	0.0	101.84	82.0	85.62	26.02	50.0	4.24	56.72	96.88	94.92	52.92	43.0	53.15	45.54
5	72.78	5.39	39.05	65.46	101.84	0.0	36.77	56.52	114.06	56.14	100.09	47.17	47.0	8.6	112.54	62.97	49.65	57.71
6	37.05	37.11	13.0	30.48	82.0	36.77	0.0	21.02	86.98	51.61	79.06	27.51	19.1	28.46	79.03	39.0	31.95	37.66
7	16.28	57.56	19.42	24.02	85.62	56.52	21.02	0.0	84.15	66.71	82.0	40.36	15.26	48.66	68.94	45.18	44.55	47.2
8	81.74	110.94	97.29	60.3	26.02	114.06	86.98	84.15	0.0	69.4	23.35	66.89	97.87	106.17	31.14	51.11	64.64	56.61
9	78.03	51.35	64.35	53.49	50.0	56.14	51.61	66.71	69.4	0.0	49.58	26.4	70.6	51.09	81.49	30.15	22.47	23.54
10	84.17	96.25	91.02	58.52	4.24	100.09	79.06	82.0	23.35	49.58	0.0	54.34	93.54	92.97	49.04	40.11	50.96	43.17
11	51.88	44.2	40.5	29.15	56.72	47.17	27.51	40.36	66.89	26.4	54.34	0.0	45.65	39.36	68.26	15.81	4.47	11.18
12	28.84	49.25	8.25	37.66	96.88	47.0	19.1	15.26	97.87	70.6	93.54	45.65	0.0	40.31	84.1	54.57	50.12	54.78
13	64.94	9.0	32.14	56.86	94.92	8.6	28.46	48.66	106.17	51.09	92.97	39.36	40.31	0.0	104.0	55.07	42.15	50.16
14	61.19	110.75	86.09	48.6	52.92	112.54	79.03	68.94	31.14	81.49	49.04	68.26	84.1	104.0	0.0	54.13	68.0	61.33
15	52.33	60.0	51.24	25.61	43.0	62.97	39.0	45.18	51.11	30.15	40.11	15.81	54.57	55.07	54.13	0.0	14.21	7.28
16	55.57	46.32	44.94	31.78	53.15	49.65	31.95	44.55	64.64	22.47	50.96	4.47	50.12	42.15	68.0	14.21	0.0	8.06
17	56.22	54.38	50.45	30.41	45.54	57.71	37.66	47.2	56.61	23.54	43.17	11.18	54.78	50.16	61.33	7.28	8.06	0.0
;
