vehicles
vehicle_idx, capacity, cost_per_unit_distance
1,100,3
2,100,3
3,100,3
depot
node_idx,x,y
0,82,76
home delivery customers
node_idx,x,y,service_time,demand
1,91,2,10,19
2,88,51,10,18
3,5,42,10,4
4,23,15,10,15
5,29,89,10,7
6,5,10,10,14
self pickup customers
node_idx,x,y,service_time,demand,locker_idxs
7,14,24,10,6,19-16
8,57,69,10,20,19-15
9,84,39,10,16,18-15
10,80,55,10,2,18-15
flexible customers
node_idx,x,y,service_time,demand,locker_idxs
11,98,5,10,9,19-16
12,96,44,10,19,18-15
13,20,70,10,2,18-15
14,13,7,10,19,19-16
lockers
node_idx,x,y,service_time,capacity,cost_per_unit_good
15,65,88,10,72
16,25,15,10,73
17,48,39,10,95
18,42,28,10,87
19,56,43,10,83
mrt lines
start_node_idx,end_node_idx,freight_capacity,cost_per_unit_good
15,16,73,0.1
16,15,73,0.1
distance matrix
,0,1,2,3,4,5,6,7,8,9,10,11,12,13,14,15,16,17,18,19,
0,0.0,74.55,25.71,84.17,84.86,54.57,101.41,85.6,25.96,37.05,21.1,72.78,34.93,62.29,97.58,20.81,83.49,50.25,62.48,42.01
1,74.55,0.0,49.09,94.85,69.23,106.83,86.37,80.08,75.13,37.66,54.13,7.62,42.3,98.31,78.16,89.84,67.27,56.73,55.47,53.91
2,25.71,49.09,0.0,83.49,74.3,70.18,92.57,78.77,35.85,12.65,8.94,47.07,10.63,70.6,86.95,43.57,72.56,41.76,51.43,32.98
3,84.17,94.85,83.49,0.0,32.45,52.77,32.0,20.12,58.59,79.06,76.12,100.09,91.02,31.76,35.9,75.6,33.6,43.1,39.56,51.01
4,84.86,69.23,74.3,32.45,0.0,74.24,18.68,12.73,63.81,65.55,69.63,75.66,78.55,55.08,12.81,84.22,2.0,34.66,23.02,43.28
5,54.57,106.83,70.18,52.77,74.24,0.0,82.57,66.71,34.41,74.33,61.29,108.71,80.71,21.02,83.55,36.01,74.11,53.49,62.37,53.34
6,101.41,86.37,92.57,32.0,18.68,82.57,0.0,16.64,78.64,84.15,87.46,93.13,97.14,61.85,8.54,98.41,20.62,51.87,41.15,60.75
7,85.6,80.08,78.77,20.12,12.73,66.71,16.64,0.0,62.24,71.59,72.92,86.12,84.4,46.39,17.03,81.84,14.21,37.16,28.28,46.1
8,25.96,75.13,35.85,58.59,63.81,34.41,78.64,62.24,0.0,40.36,26.93,76.01,46.32,37.01,76.03,20.62,62.77,31.32,43.66,26.02
9,37.05,37.66,12.65,79.06,65.55,74.33,84.15,71.59,40.36,0.0,16.49,36.77,13.0,71.11,77.88,52.55,63.69,36.0,43.42,28.28
10,21.1,54.13,8.94,76.12,69.63,61.29,87.46,72.92,26.93,16.49,0.0,53.14,19.42,61.85,82.42,36.25,68.01,35.78,46.62,26.83
11,72.78,7.62,47.07,100.09,75.66,108.71,93.13,86.12,76.01,36.77,53.14,0.0,39.05,101.53,85.02,89.32,73.68,60.46,60.54,56.64
12,34.93,42.3,10.63,91.02,78.55,80.71,97.14,84.4,46.32,13.0,19.42,39.05,0.0,80.32,90.87,53.82,76.69,48.26,56.32,40.01
13,62.29,98.31,70.6,31.76,55.08,21.02,61.85,46.39,37.01,71.11,61.85,101.53,80.32,0.0,63.39,48.47,55.23,41.77,47.41,45.0
14,97.58,78.16,86.95,35.9,12.81,83.55,8.54,17.03,76.03,77.88,82.42,85.02,90.87,63.39,0.0,96.25,14.42,47.42,35.81,56.08
15,20.81,89.84,43.57,75.6,84.22,36.01,98.41,81.84,20.62,52.55,36.25,89.32,53.82,48.47,96.25,0.0,83.24,51.87,64.26,45.89
16,83.49,67.27,72.56,33.6,2.0,74.11,20.62,14.21,62.77,63.69,68.01,73.68,76.69,55.23,14.42,83.24,0.0,33.24,21.4,41.77
17,50.25,56.73,41.76,43.1,34.66,53.49,51.87,37.16,31.32,36.0,35.78,60.46,48.26,41.77,47.42,51.87,33.24,0.0,12.53,8.94
18,62.48,55.47,51.43,39.56,23.02,62.37,41.15,28.28,43.66,43.42,46.62,60.54,56.32,47.41,35.81,64.26,21.4,12.53,0.0,20.52
19,42.01,53.91,32.98,51.01,43.28,53.34,60.75,46.1,26.02,28.28,26.83,56.64,40.01,45.0,56.08,45.89,41.77,8.94,20.52,0.0
