set K:= 1	2	3	4;
set C_H:= 1	2	3	4;
set C_S:= 5	6	7	8;
set C_F:= 9	10	11	12;
set M:= 13	14	15	16	17	18;
set L_B:= 19	20	21	22;
set A1:=
(0,*) 1 2 3 4 9 10 11 12 13 14 15 16 17 18 19 20 21 22
(1,*) 0 2 3 4 9 10 11 12 13 14 15 16 17 18 19 20 21 22
(2,*) 0 1 3 4 9 10 11 12 13 14 15 16 17 18 19 20 21 22
(3,*) 0 1 2 4 9 10 11 12 13 14 15 16 17 18 19 20 21 22
(4,*) 0 1 2 3 9 10 11 12 13 14 15 16 17 18 19 20 21 22
(9,*) 0 1 2 3 4 10 11 12 13 14 15 16 17 18 19 20 21 22
(10,*) 0 1 2 3 4 9 11 12 13 14 15 16 17 18 19 20 21 22
(11,*) 0 1 2 3 4 9 10 12 13 14 15 16 17 18 19 20 21 22
(12,*) 0 1 2 3 4 9 10 11 13 14 15 16 17 18 19 20 21 22
(13,*) 0 1 2 3 4 9 10 11 12 14 15 16 17 18 19 20 21 22
(14,*) 0 1 2 3 4 9 10 11 12 13 15 16 17 18 19 20 21 22
(15,*) 0 1 2 3 4 9 10 11 12 13 14 16 17 18 19 20 21 22
(16,*) 0 1 2 3 4 9 10 11 12 13 14 15 17 18 19 20 21 22
(17,*) 0 1 2 3 4 9 10 11 12 13 14 15 16 18 19 20 21 22
(18,*) 0 1 2 3 4 9 10 11 12 13 14 15 16 17 19 20 21 22
(19,*) 0 1 2 3 4 9 10 11 12 13 14 15 16 17 18 20 21 22
(20,*) 0 1 2 3 4 9 10 11 12 13 14 15 16 17 18 19 21 22
(21,*) 0 1 2 3 4 9 10 11 12 13 14 15 16 17 18 19 20 22
(22,*) 0 1 2 3 4 9 10 11 12 13 14 15 16 17 18 19 20 21
;
set A2:=
(13,*) 14
(14,*) 13
(15,*) 16
(16,*) 15
(17,*) 18
(18,*) 17
;
param BigM:=99999;
param n:= 4;
param d:=
1	2
2	5
3	5
4	19
5	11
6	23
7	7
8	13
9	12
10	9
11	23
12	9
;
param Q:=100;
param w:=
[13,*] 14 0.1
[14,*] 13 0.1
[15,*] 16 0.1
[16,*] 15 0.1
[17,*] 18 0.1
[18,*] 17 0.1
;
param V:=
[13,*] 14 98
[14,*] 13 98
[15,*] 16 96
[16,*] 15 96
[17,*] 18 98
[18,*] 17 98
;
param e:
	13	14	15	16	17	18	19	20	21	22:=
5		1		0		0		0		1		0		0		1		0		0	
6		1		0		0		1		0		0		0		1		0		0	
7		1		0		0		1		0		0		0		1		0		0	
8		1		0		0		0		1		0		0		1		0		0	
9		1		0		0		0		1		0		0		1		0		0	
10		0		0		1		0		0		1		1		0		0		1	
11		0		0		1		0		0		1		1		0		0		1	
12		0		1		1		0		0		1		0		0		0		1	
;
param p:=
1	3
2	3
3	3
4	3
;
param G:=
13	96
14	98
15	96
16	88
17	98
18	96
19	96
20	98
21	96
22	88
23	98
24	96
25	74
26	100
27	76
28	90
;
param s:=
0	0
1	10
2	10
3	10
4	10
9	10
10	10
11	10
12	10
13	10
14	10
15	10
16	10
17	10
18	10
19	10
20	10
21	10
22	10
23	10
24	10
25	10
26	10
27	10
28	10
;
param t:
	0	1	2	3	4	5	6	7	8	9	10	11	12	13	14	15	16	17	18	19	20	21	22:=
0	0.0	86.35	41.23	47.54	53.91	41.23	51.09	56.01	39.81	30.36	74.25	75.03	95.86	27.29	102.07	80.01	70.11	15.52	80.52	59.14	51.62	100.66	79.62
1	86.35	0.0	66.01	64.2	35.51	66.01	79.63	78.45	59.21	68.07	12.73	15.23	16.12	73.35	26.02	42.19	77.62	76.55	21.1	29.73	84.59	36.4	25.08
2	41.23	66.01	0.0	6.32	31.4	0.0	17.03	19.42	8.06	11.05	57.56	61.39	80.31	14.32	72.24	81.12	30.59	25.71	70.88	50.57	21.1	66.57	72.11
3	47.54	64.2	6.32	0.0	31.02	6.32	15.81	16.4	11.18	17.26	56.75	61.03	79.08	20.62	68.31	82.66	25.3	32.02	70.94	51.62	20.62	61.77	72.5
4	53.91	35.51	31.4	31.02	0.0	31.4	46.82	46.96	24.02	32.56	26.17	30.08	49.04	37.85	48.17	53.08	50.93	42.06	39.92	21.93	51.55	48.02	41.59
5	41.23	66.01	0.0	6.32	31.4	0.0	17.03	19.42	8.06	11.05	57.56	61.39	80.31	14.32	72.24	81.12	30.59	25.71	70.88	50.57	21.1	66.57	72.11
6	51.09	79.63	17.03	15.81	46.82	17.03	0.0	5.39	25.0	25.06	72.53	76.84	94.73	25.0	81.58	97.94	20.25	36.67	86.73	67.12	5.0	73.39	88.24
7	56.01	78.45	19.42	16.4	46.96	19.42	5.39	0.0	26.91	28.79	72.11	76.69	93.86	29.43	78.77	99.05	14.87	41.3	86.82	67.96	8.6	69.92	88.55
8	39.81	59.21	8.06	11.18	24.02	8.06	25.0	26.91	0.0	10.63	50.16	53.76	73.06	15.81	67.54	73.06	36.4	24.7	63.06	42.54	29.15	63.25	64.2
9	30.36	68.07	11.05	17.26	32.56	11.05	25.06	28.79	10.63	0.0	58.08	61.03	81.1	5.39	77.9	77.08	41.3	14.87	69.58	48.05	27.8	73.88	70.21
10	74.25	12.73	57.56	56.75	26.17	57.56	72.53	72.11	50.16	58.08	0.0	5.83	23.02	63.2	36.4	35.47	73.57	65.25	16.28	17.03	77.37	44.01	19.42
11	75.03	15.23	61.39	61.03	30.08	61.39	76.84	76.69	53.76	61.03	5.83	0.0	20.88	66.0	40.61	29.73	78.77	67.08	10.63	16.12	81.61	49.16	13.6
12	95.86	16.12	80.31	79.08	49.04	80.31	94.73	93.86	73.06	81.1	23.02	20.88	0.0	86.21	36.4	35.44	93.62	87.86	17.69	36.77	99.64	49.24	20.81
13	27.29	73.35	14.32	20.62	37.85	14.32	25.0	29.43	15.81	5.39	63.2	66.0	86.21	0.0	83.24	80.99	43.0	12.0	74.33	52.61	26.83	79.03	74.81
14	102.07	26.02	72.24	68.31	48.17	72.24	81.58	78.77	67.54	77.9	36.4	40.61	36.4	83.24	0.0	68.07	73.06	89.63	47.01	52.39	86.49	14.21	51.01
15	80.01	42.19	81.12	82.66	53.08	81.12	97.94	99.05	73.06	77.08	35.47	29.73	35.44	80.99	68.07	0.0	104.0	77.67	21.1	31.24	102.22	78.26	17.12
16	70.11	77.62	30.59	25.3	50.93	30.59	20.25	14.87	36.4	41.3	73.57	78.77	93.62	43.0	73.06	104.0	0.0	55.0	89.31	72.84	22.47	62.29	91.61
17	15.52	76.55	25.71	32.02	42.06	25.71	36.67	41.3	24.7	14.87	65.25	67.08	87.86	12.0	89.63	77.67	55.0	0.0	74.17	52.15	37.95	86.98	74.01
18	80.52	21.1	70.88	70.94	39.92	70.88	86.73	86.82	63.06	69.58	16.28	10.63	17.69	74.33	47.01	21.1	89.31	74.17	0.0	22.02	91.42	57.27	4.0
19	59.14	29.73	50.57	51.62	21.93	50.57	67.12	67.96	42.54	48.05	17.03	16.12	36.77	52.61	52.39	31.24	72.84	52.15	22.02	0.0	71.55	57.87	22.2
20	51.62	84.59	21.1	20.62	51.55	21.1	5.0	8.6	29.15	27.8	77.37	81.61	99.64	26.83	86.49	102.22	22.47	37.95	91.42	71.55	0.0	78.11	92.85
21	100.66	36.4	66.57	61.77	48.02	66.57	73.39	69.92	63.25	73.88	44.01	49.16	49.24	79.03	14.21	78.26	62.29	86.98	57.27	57.87	78.11	0.0	61.19
22	79.62	25.08	72.11	72.5	41.59	72.11	88.24	88.55	64.2	70.21	19.42	13.6	20.81	74.81	51.01	17.12	91.61	74.01	4.0	22.2	92.85	61.19	0.0
;
