set K:= 1	2	3	4;
set C_H:= 1	2	3	4	5	6;
set C_S:= 7	8	9	10	11;
set C_F:= 12	13	14	15	16;
set M:= 17	18	19	20	21	22;
set L_B:= 23	24	25	26;
set A1:=
(0,*) 1 2 3 4 5 6 12 13 14 15 16 17 18 19 20 21 22 23 24 25 26 27
(1,*) 0 2 3 4 5 6 12 13 14 15 16 17 18 19 20 21 22 23 24 25 26 27
(2,*) 0 1 3 4 5 6 12 13 14 15 16 17 18 19 20 21 22 23 24 25 26 27
(3,*) 0 1 2 4 5 6 12 13 14 15 16 17 18 19 20 21 22 23 24 25 26 27
(4,*) 0 1 2 3 5 6 12 13 14 15 16 17 18 19 20 21 22 23 24 25 26 27
(5,*) 0 1 2 3 4 6 12 13 14 15 16 17 18 19 20 21 22 23 24 25 26 27
(6,*) 0 1 2 3 4 5 12 13 14 15 16 17 18 19 20 21 22 23 24 25 26 27
(12,*) 0 1 2 3 4 5 6 13 14 15 16 17 18 19 20 21 22 23 24 25 26 27
(13,*) 0 1 2 3 4 5 6 12 14 15 16 17 18 19 20 21 22 23 24 25 26 27
(14,*) 0 1 2 3 4 5 6 12 13 15 16 17 18 19 20 21 22 23 24 25 26 27
(15,*) 0 1 2 3 4 5 6 12 13 14 16 17 18 19 20 21 22 23 24 25 26 27
(16,*) 0 1 2 3 4 5 6 12 13 14 15 17 18 19 20 21 22 23 24 25 26 27
(17,*) 0 1 2 3 4 5 6 12 13 14 15 16 18 19 20 21 22 23 24 25 26 27
(18,*) 0 1 2 3 4 5 6 12 13 14 15 16 17 19 20 21 22 23 24 25 26 27
(19,*) 0 1 2 3 4 5 6 12 13 14 15 16 17 18 20 21 22 23 24 25 26 27
(20,*) 0 1 2 3 4 5 6 12 13 14 15 16 17 18 19 21 22 23 24 25 26 27
(21,*) 0 1 2 3 4 5 6 12 13 14 15 16 17 18 19 20 22 23 24 25 26 27
(22,*) 0 1 2 3 4 5 6 12 13 14 15 16 17 18 19 20 21 23 24 25 26 27
(23,*) 0 1 2 3 4 5 6 12 13 14 15 16 17 18 19 20 21 22 24 25 26 27
(24,*) 0 1 2 3 4 5 6 12 13 14 15 16 17 18 19 20 21 22 23 25 26 27
(25,*) 0 1 2 3 4 5 6 12 13 14 15 16 17 18 19 20 21 22 23 24 26 27
(26,*) 0 1 2 3 4 5 6 12 13 14 15 16 17 18 19 20 21 22 23 24 25 27
(27,*) 0 1 2 3 4 5 6 12 13 14 15 16 17 18 19 20 21 22 23 24 25 26
;
set A2:=
(17,*) 18
(18,*) 17
;
param BigM:=99999;
param n:= 4;
param d:=
1	8
2	20
3	12
4	19
5	22
6	9
7	6
8	19
9	14
10	15
11	21
12	3
13	16
14	24
15	19
16	1
;
param Q:=100;
param w:=
[17,*] 18 2
[18,*] 17 2
;
param V:=
[17,*] 18 92
[18,*] 17 92
;
param e:
	17	18	19	20	21	22	23	24	25	26:=
7		0		1		0		0		0		0		0		0		0		0	
8		0		0		1		0		0		1		0		0		0		0	
9		0		0		0		0		0		0		0		1		0		0	
10		0		1		0		0		0		1		0		0		0		0	
11		0		0		1		0		0		0		0		0		0		0	
12		0		0		0		0		0		0		1		1		0		1	
13		0		1		0		0		0		0		0		0		0		0	
14		0		0		0		1		0		0		0		0		0		0	
15		0		1		0		0		0		1		0		0		0		0	
16		0		1		0		0		0		0		0		0		0		0	
;
param p:=
1	1
2	1
3	1
4	1
;
param G:=
17	92
18	84
19	99
20	92
21	81
22	72
23	95
24	86
25	71
26	93
;
param s:=
0	0
1	10
2	10
3	10
4	10
5	10
6	10
12	10
13	10
14	10
15	10
16	10
17	10
18	10
19	10
20	10
21	10
22	10
23	10
24	10
25	10
26	10
;
param t:
	0	1	2	3	4	5	6	7	8	9	10	11	12	13	14	15	16	17	18	19	20	21	22	23	24	25	26	27:=
0	0.0	36.24	25.96	51.88	34.93	81.74	72.78	85.6	74.55	16.28	84.86	28.84	27.02	88.14	75.96	97.58	76.84	20.81	83.49	64.94	61.19	13.0	62.8	48.41	33.84	54.45	44.82	0.0
1	36.24	0.0	25.0	63.51	67.21	56.44	100.24	77.83	99.81	48.1	82.54	63.13	35.74	72.25	41.19	93.62	68.43	15.81	81.91	91.71	28.44	27.46	82.01	47.38	46.84	56.32	45.1	36.24
2	25.96	25.0	0.0	39.01	46.32	56.14	76.01	62.24	75.13	29.41	63.81	44.38	10.77	62.65	55.57	76.03	53.04	20.62	62.77	67.42	39.82	27.59	57.01	26.42	21.84	34.54	23.26	25.96
3	51.88	63.51	39.01	0.0	40.5	66.89	47.17	44.41	43.28	40.36	38.08	45.65	29.15	56.72	83.01	50.54	39.05	58.42	36.25	39.36	68.26	61.03	21.26	21.26	18.68	15.65	21.1	51.88
4	34.93	67.21	46.32	40.5	0.0	97.29	39.05	84.4	42.3	19.42	78.55	8.25	38.08	94.13	101.87	90.87	77.93	53.82	76.69	32.14	86.09	47.93	38.42	52.04	33.24	52.47	49.16	34.93
5	81.74	56.44	56.14	66.89	97.29	0.0	114.06	43.01	109.86	84.15	54.63	97.87	60.3	26.02	32.98	59.23	37.59	68.01	55.46	106.17	31.14	79.4	87.42	47.01	64.29	51.31	49.04	81.74
6	72.78	100.24	76.01	47.17	39.05	114.06	0.0	86.12	7.62	56.52	75.66	47.0	65.46	101.84	128.0	85.02	83.49	89.32	73.68	8.6	112.54	85.62	27.51	67.8	55.44	62.77	66.71	72.78
7	85.6	77.83	62.24	44.41	84.4	43.01	86.12	0.0	80.08	79.61	12.73	88.54	58.6	19.21	73.17	17.03	9.43	81.84	14.21	79.91	64.5	89.81	58.86	37.2	54.56	32.7	40.8	85.6
8	74.55	99.81	75.13	43.28	42.3	109.86	7.62	80.08	0.0	58.31	69.23	50.49	64.41	96.38	125.5	78.16	78.0	89.84	67.27	10.2	110.26	87.13	22.47	64.38	53.85	58.6	63.66	74.55
9	16.28	48.1	29.41	40.36	19.42	84.15	56.52	79.61	58.31	0.0	76.61	15.26	24.02	85.62	84.53	89.4	71.69	34.41	75.0	48.66	68.94	29.12	47.8	43.32	25.06	47.01	39.85	16.28
10	84.86	82.54	63.81	38.08	78.55	54.63	75.66	12.73	69.23	76.61	0.0	83.63	58.14	31.89	83.19	12.81	17.46	84.22	2.0	70.06	73.01	90.8	49.01	37.44	51.86	30.41	40.8	84.86
11	28.84	63.13	44.38	45.65	8.25	97.87	47.0	88.54	50.49	15.26	83.63	0.0	37.66	96.88	99.73	96.18	81.49	48.84	81.84	40.31	84.1	41.68	46.04	54.33	35.23	56.04	51.16	28.84
12	27.02	35.74	10.77	29.15	38.08	60.3	65.46	58.6	64.41	24.02	58.14	37.66	0.0	62.3	64.4	70.77	49.93	29.27	56.85	56.86	48.6	33.12	46.32	21.4	11.18	27.8	17.8	27.02
13	88.14	72.25	62.65	56.72	94.13	26.02	101.84	19.21	96.38	85.62	31.89	96.88	62.3	0.0	58.42	33.84	18.38	79.81	33.24	94.92	52.92	89.59	74.33	42.58	61.66	42.05	45.89	88.14
14	75.96	41.19	55.57	83.01	101.87	32.98	128.0	73.17	125.5	84.53	83.19	99.73	64.4	58.42	0.0	90.09	65.76	56.72	83.55	119.5	15.81	68.59	104.2	61.85	72.92	69.46	62.01	75.96
15	97.58	93.62	76.03	50.54	90.87	59.23	85.02	17.03	78.16	89.4	12.81	96.18	70.77	33.84	90.09	0.0	25.71	96.25	14.42	80.16	81.5	103.23	59.41	49.82	64.66	43.14	53.26	97.58
16	76.84	68.43	53.04	39.05	77.93	37.59	83.49	9.43	78.0	71.69	17.46	81.49	49.93	18.38	65.76	25.71	0.0	72.47	18.03	76.66	56.08	80.62	55.97	28.65	46.82	25.5	32.25	76.84
17	20.81	15.81	20.62	58.42	53.82	68.01	89.32	81.84	89.84	34.41	84.22	48.84	29.27	79.81	56.72	96.25	72.47	0.0	83.24	80.99	43.0	12.0	74.33	46.96	40.05	55.15	43.86	20.81
18	83.49	81.91	62.77	36.25	76.69	55.46	73.68	14.21	67.27	75.0	2.0	81.84	56.85	33.24	83.55	14.42	18.03	83.24	0.0	68.07	73.06	89.63	47.01	36.36	50.33	29.07	39.66	83.49
19	64.94	91.71	67.42	39.36	32.14	106.17	8.6	79.91	10.2	48.66	70.06	40.31	56.86	94.92	119.5	80.16	76.66	80.99	68.07	0.0	104.0	77.67	21.1	59.64	46.86	55.01	58.41	64.94
20	61.19	28.44	39.82	68.26	86.09	31.14	112.54	64.5	110.26	68.94	73.01	84.1	48.6	52.92	15.81	81.5	56.08	43.0	73.06	104.0	0.0	55.0	89.31	47.41	57.28	55.54	47.17	61.19
21	13.0	27.46	27.59	61.03	47.93	79.4	85.62	89.81	87.13	29.12	90.8	41.68	33.12	89.59	68.59	103.23	80.62	12.0	89.63	77.67	55.0	0.0	74.17	53.41	42.38	60.75	50.0	13.0
22	62.8	82.01	57.01	21.26	38.42	87.42	27.51	58.86	22.47	47.8	49.01	46.04	46.32	74.33	104.2	59.41	55.97	74.33	47.01	21.1	89.31	74.17	0.0	42.52	35.17	36.24	42.2	62.8
23	48.41	47.38	26.42	21.26	52.04	47.01	67.8	37.2	64.38	43.32	37.44	54.33	21.4	42.58	61.85	49.82	28.65	46.96	36.36	59.64	47.41	53.41	42.52	0.0	19.1	9.0	3.61	48.41
24	33.84	46.84	21.84	18.68	33.24	64.29	55.44	54.56	53.85	25.06	51.86	35.23	11.18	61.66	72.92	64.66	46.82	40.05	50.33	46.86	57.28	42.38	35.17	19.1	0.0	21.95	16.0	33.84
25	54.45	56.32	34.54	15.65	52.47	51.31	62.77	32.7	58.6	47.01	30.41	56.04	27.8	42.05	69.46	43.14	25.5	55.15	29.07	55.01	55.54	60.75	36.24	9.0	21.95	0.0	11.4	54.45
26	44.82	45.1	23.26	21.1	49.16	49.04	66.71	40.8	63.66	39.85	40.8	51.16	17.8	45.89	62.01	53.26	32.25	43.86	39.66	58.41	47.17	50.0	42.2	3.61	16.0	11.4	0.0	44.82
;
