set K:= 1	2	3	4;
set C_H:= 1	2	3	4;
set C_S:= 5	6	7	8;
set C_F:= 9	10	11	12;
set M:= 13	14	15	16	17	18;
set L_B:= 19	20	21	22;
set A1:=
(0,*) 1 2 3 4 9 10 11 12 13 14 15 16 17 18 19 20 21 22
(1,*) 0 2 3 4 9 10 11 12 13 14 15 16 17 18 19 20 21 22
(2,*) 0 1 3 4 9 10 11 12 13 14 15 16 17 18 19 20 21 22
(3,*) 0 1 2 4 9 10 11 12 13 14 15 16 17 18 19 20 21 22
(4,*) 0 1 2 3 9 10 11 12 13 14 15 16 17 18 19 20 21 22
(9,*) 0 1 2 3 4 10 11 12 13 14 15 16 17 18 19 20 21 22
(10,*) 0 1 2 3 4 9 11 12 13 14 15 16 17 18 19 20 21 22
(11,*) 0 1 2 3 4 9 10 12 13 14 15 16 17 18 19 20 21 22
(12,*) 0 1 2 3 4 9 10 11 13 14 15 16 17 18 19 20 21 22
(13,*) 0 1 2 3 4 9 10 11 12 14 15 16 17 18 19 20 21 22
(14,*) 0 1 2 3 4 9 10 11 12 13 15 16 17 18 19 20 21 22
(15,*) 0 1 2 3 4 9 10 11 12 13 14 16 17 18 19 20 21 22
(16,*) 0 1 2 3 4 9 10 11 12 13 14 15 17 18 19 20 21 22
(17,*) 0 1 2 3 4 9 10 11 12 13 14 15 16 18 19 20 21 22
(18,*) 0 1 2 3 4 9 10 11 12 13 14 15 16 17 19 20 21 22
(19,*) 0 1 2 3 4 9 10 11 12 13 14 15 16 17 18 20 21 22
(20,*) 0 1 2 3 4 9 10 11 12 13 14 15 16 17 18 19 21 22
(21,*) 0 1 2 3 4 9 10 11 12 13 14 15 16 17 18 19 20 22
(22,*) 0 1 2 3 4 9 10 11 12 13 14 15 16 17 18 19 20 21
;
param BigM:=99999;
param n:= 4;
param d:=
1	24
2	21
3	22
4	14
5	7
6	8
7	6
8	16
9	8
10	18
11	19
12	1
;
param Q:=100;
param e:
	13	14	15	16	17	18	19	20	21	22:=
5		0		0		0		1		0		0		0		0		0		0	
6		0		0		0		1		0		0		1		0		0		0	
7		0		1		0		0		0		1		0		0		0		0	
8		0		0		0		0		0		1		0		0		0		0	
9		0		1		0		0		0		0		0		0		0		0	
10		0		0		0		0		1		0		0		0		0		0	
11		0		0		1		0		0		0		0		0		0		0	
12		0		1		0		0		0		0		0		0		1		0	
;
param p:=
1	3
2	3
3	3
4	3
;
param G:=
13	75
14	96
15	96
16	94
17	89
18	98
19	90
20	98
21	75
22	81
;
param s:=
0	0
1	10
2	10
3	10
4	10
9	10
10	10
11	10
12	10
13	10
14	10
15	10
16	10
17	10
18	10
19	10
20	10
21	10
22	10
;
param t:
	0	1	2	3	4	5	6	7	8	9	10	11	12	13	14	15	16	17	18	19	20	21	22:=
0	0.0	75.96	77.88	81.74	16.28	54.57	79.23	75.58	37.05	78.03	25.71	34.93	76.84	20.81	83.49	64.94	61.19	13.0	62.8	43.28	19.24	33.94	45.88
1	75.96	0.0	100.72	32.98	84.53	21.54	16.16	97.58	94.81	93.98	91.42	101.87	65.76	56.72	83.55	119.5	15.81	68.59	104.2	63.25	57.27	66.53	44.69
2	77.88	100.72	0.0	77.47	65.19	86.59	90.21	3.16	48.08	8.94	59.67	60.31	41.11	84.34	26.93	43.57	87.6	87.28	23.77	43.01	81.39	47.68	59.23
3	81.74	32.98	77.47	0.0	84.15	36.88	17.12	74.52	86.98	69.4	88.12	97.29	37.59	68.01	55.46	106.17	31.14	79.4	87.42	50.92	67.05	58.46	37.05
4	16.28	84.53	65.19	84.15	0.0	63.06	84.9	63.25	21.02	66.71	9.49	19.42	71.69	34.41	75.0	48.66	68.94	29.12	47.8	37.95	32.02	28.16	47.1
5	54.57	21.54	86.59	36.88	63.06	0.0	26.93	83.43	74.33	81.05	70.18	80.71	57.87	36.01	74.11	100.12	7.07	48.01	86.45	45.62	36.22	47.01	27.51
6	79.23	16.16	90.21	17.12	84.9	26.93	0.0	87.13	91.71	82.76	90.48	100.46	52.5	62.29	70.52	114.02	19.92	74.24	96.88	57.2	62.07	62.65	39.82
7	75.58	97.58	3.16	74.52	63.25	83.43	87.13	0.0	46.75	7.07	58.05	59.2	38.42	81.58	25.0	44.18	84.43	84.76	23.77	40.0	78.64	44.91	56.09
8	37.05	94.81	48.08	86.98	21.02	74.33	91.71	46.75	0.0	51.61	12.65	13.0	65.38	52.55	63.69	28.46	79.03	49.5	27.73	36.14	49.77	29.07	51.88
9	78.03	93.98	8.94	69.4	66.71	81.05	82.76	7.07	51.61	0.0	62.29	64.35	32.53	82.28	18.03	51.09	81.49	86.41	30.41	39.62	79.4	45.88	54.15
10	25.71	91.42	59.67	88.12	9.49	70.18	90.48	58.05	12.65	62.29	0.0	10.63	71.57	43.57	72.56	39.32	75.66	38.6	40.31	39.12	41.05	30.02	51.42
11	34.93	101.87	60.31	97.29	19.42	80.71	100.46	59.2	13.0	64.35	10.63	0.0	77.93	53.82	76.69	32.14	86.09	47.93	38.42	47.17	51.4	38.83	61.03
12	76.84	65.76	41.11	37.59	71.69	57.87	52.5	38.42	65.38	32.53	71.57	77.93	0.0	72.47	18.03	76.66	56.08	80.62	55.97	34.0	70.18	43.83	36.36
13	20.81	56.72	84.34	68.01	34.41	36.01	62.29	81.58	52.55	82.28	43.57	53.82	72.47	0.0	83.24	80.99	43.0	12.0	74.33	43.08	3.0	36.67	36.8
14	83.49	83.55	26.93	55.46	75.0	74.11	70.52	25.0	63.69	18.03	72.56	76.69	18.03	83.24	0.0	68.07	73.06	89.63	47.01	40.8	80.62	49.58	49.73
15	64.94	119.5	43.57	106.17	48.66	100.12	114.02	44.18	28.46	51.09	39.32	32.14	76.66	80.99	68.07	0.0	104.0	77.67	21.1	56.85	78.19	53.15	75.01
16	61.19	15.81	87.6	31.14	68.94	7.07	19.92	84.43	79.03	81.49	75.66	86.09	56.08	43.0	73.06	104.0	0.0	55.0	89.31	48.26	43.1	50.91	29.68
17	13.0	68.59	87.28	79.4	29.12	48.01	74.24	84.76	49.5	86.41	38.6	47.93	80.62	12.0	89.63	77.67	55.0	0.0	74.17	48.83	12.37	40.71	46.32
18	62.8	104.2	23.77	87.42	47.8	86.45	96.88	23.77	27.73	30.41	40.31	38.42	55.97	74.33	47.01	21.1	89.31	74.17	0.0	41.05	71.34	40.5	59.64
19	43.28	63.25	43.01	50.92	37.95	45.62	57.2	40.0	36.14	39.62	39.12	47.17	34.0	43.08	40.8	56.85	48.26	48.83	41.05	0.0	40.31	9.85	18.6
20	19.24	57.27	81.39	67.05	32.02	36.22	62.07	78.64	49.77	79.4	41.05	51.4	70.18	3.0	80.62	78.19	43.1	12.37	71.34	40.31	0.0	33.73	34.83
21	33.94	66.53	47.68	58.46	28.16	47.01	62.65	44.91	29.07	45.88	30.02	38.83	43.83	36.67	49.58	53.15	50.91	40.71	40.5	9.85	33.73	0.0	22.83
22	45.88	44.69	59.23	37.05	47.1	27.51	39.82	56.09	51.88	54.15	51.42	61.03	36.36	36.8	49.73	75.01	29.68	46.32	59.64	18.6	34.83	22.83	0.0
;
