vehicles
vehicle_idx, capacity, cost_per_unit_distance
1,100,3
2,100,3
3,100,3
depot
node_idx,x,y
0,82,76
home delivery customers
node_idx,x,y,service_time,demand
1,9,97,10,24
2,84,25,10,16
3,58,30,10,12
4,13,7,10,19
5,3,82,10,8
6,98,5,10,9
self pickup customers
node_idx,x,y,service_time,demand,locker_idxs
7,23,15,10,15,21-18
8,20,70,10,2,21-16
9,91,2,10,19,19-15
10,1,65,10,22,21-16
flexible customers
node_idx,x,y,service_time,demand,locker_idxs
11,19,32,10,1,21-18-16
12,93,3,10,24,19-15
13,61,62,10,24,20-19-17
14,57,69,10,20,20-19-17
lockers
node_idx,x,y,service_time,capacity,cost_per_unit_good
15,93,12,10,81
16,22,88,10,82
17,65,88,10,74
18,25,15,10,82
19,53,46,10,85
20,74,78,10,88
21,4,51,10,75
mrt lines
start_node_idx,end_node_idx,freight_capacity,cost_per_unit_good
15,16,82,0.5
16,15,82,0.5
17,18,82,0.5
18,17,82,0.5
distance matrix
,0,1,2,3,4,5,6,7,8,9,10,11,12,13,14,15,16,17,18,19,20,21,
0,0.0,75.96,51.04,51.88,97.58,79.23,72.78,84.86,62.29,74.55,81.74,76.84,73.82,25.24,25.96,64.94,61.19,20.81,83.49,41.73,8.25,81.91
1,75.96,0.0,103.97,83.01,90.09,16.16,128.0,83.19,29.15,125.5,32.98,65.76,126.06,62.68,55.57,119.5,15.81,56.72,83.55,67.36,67.72,46.27
2,51.04,103.97,0.0,26.48,73.25,99.05,24.41,61.81,78.24,24.04,92.14,65.38,23.77,43.57,51.62,15.81,88.39,65.8,59.84,37.44,53.94,84.12
3,51.88,83.01,26.48,0.0,50.54,75.69,47.17,38.08,55.17,43.28,66.89,39.05,44.2,32.14,39.01,39.36,68.26,58.42,36.25,16.76,50.6,57.94
4,97.58,90.09,73.25,50.54,0.0,75.66,85.02,12.81,63.39,78.16,59.23,25.71,80.1,73.0,76.03,80.16,81.5,96.25,14.42,55.87,93.61,44.91
5,79.23,16.16,99.05,75.69,75.66,0.0,122.29,69.92,20.81,118.93,17.12,52.5,119.75,61.35,55.54,114.02,19.92,62.29,70.52,61.61,71.11,31.02
6,72.78,128.0,24.41,47.17,85.02,122.29,0.0,75.66,101.53,7.62,114.06,83.49,5.39,67.96,76.01,8.6,112.54,89.32,73.68,60.88,76.84,104.65
7,84.86,83.19,61.81,38.08,12.81,69.92,75.66,0.0,55.08,69.23,54.63,17.46,71.02,60.44,63.81,70.06,73.01,84.22,2.0,43.14,81.06,40.71
8,62.29,29.15,78.24,55.17,63.39,20.81,101.53,55.08,0.0,98.31,19.65,38.01,99.09,41.77,37.01,93.24,18.11,48.47,55.23,40.8,54.59,24.84
9,74.55,125.5,24.04,43.28,78.16,118.93,7.62,69.23,98.31,0.0,109.86,78.0,2.24,67.08,75.13,10.2,110.26,89.84,67.27,58.14,77.88,99.85
10,81.74,32.98,92.14,66.89,59.23,17.12,114.06,54.63,19.65,109.86,0.0,37.59,110.94,60.07,56.14,106.17,31.14,68.01,55.46,55.36,74.15,14.32
11,76.84,65.76,65.38,39.05,25.71,52.5,83.49,17.46,38.01,78.0,37.59,0.0,79.48,51.61,53.04,76.66,56.08,72.47,18.03,36.77,71.7,24.21
12,73.82,126.06,23.77,44.2,80.1,119.75,5.39,71.02,99.09,2.24,110.94,79.48,0.0,67.12,75.18,9.0,110.75,89.49,69.05,58.73,77.37,101.12
13,25.24,62.68,43.57,32.14,73.0,61.35,67.96,60.44,41.77,67.08,60.07,51.61,67.12,0.0,8.06,59.36,46.87,26.31,59.2,17.89,20.62,58.05
14,25.96,55.57,51.62,39.01,76.03,55.54,76.01,63.81,37.01,75.13,56.14,53.04,75.18,8.06,0.0,67.42,39.82,20.62,62.77,23.35,19.24,55.97
15,64.94,119.5,15.81,39.36,80.16,114.02,8.6,70.06,93.24,10.2,106.17,76.66,9.0,59.36,67.42,0.0,104.0,80.99,68.07,52.5,68.68,97.17
16,61.19,15.81,88.39,68.26,81.5,19.92,112.54,73.01,18.11,110.26,31.14,56.08,110.75,46.87,39.82,104.0,0.0,43.0,73.06,52.2,52.95,41.15
17,20.81,56.72,65.8,58.42,96.25,62.29,89.32,84.22,48.47,89.84,68.01,72.47,89.49,26.31,20.62,80.99,43.0,0.0,83.24,43.68,13.45,71.34
18,83.49,83.55,59.84,36.25,14.42,70.52,73.68,2.0,55.23,67.27,55.46,18.03,69.05,59.2,62.77,68.07,73.06,83.24,0.0,41.77,79.81,41.68
19,41.73,67.36,37.44,16.76,55.87,61.61,60.88,43.14,40.8,58.14,55.36,36.77,58.73,17.89,23.35,52.5,52.2,43.68,41.77,0.0,38.28,49.25
20,8.25,67.72,53.94,50.6,93.61,71.11,76.84,81.06,54.59,77.88,74.15,71.7,77.37,20.62,19.24,68.68,52.95,13.45,79.81,38.28,0.0,75.03
21,81.91,46.27,84.12,57.94,44.91,31.02,104.65,40.71,24.84,99.85,14.32,24.21,101.12,58.05,55.97,97.17,41.15,71.34,41.68,49.25,75.03,0.0
