set K:= 1	2	3	4;
set C_H:= 1	2	3	4;
set C_S:= 5	6	7	8;
set C_F:= 9	10	11	12;
set M:= 13	14	15	16	17	18;
set L_B:= 19;
set A1:=
(0,*) 1 2 3 4 9 10 11 12 13 14 15 16 17 18 19 20
(1,*) 0 2 3 4 9 10 11 12 13 14 15 16 17 18 19 20
(2,*) 0 1 3 4 9 10 11 12 13 14 15 16 17 18 19 20
(3,*) 0 1 2 4 9 10 11 12 13 14 15 16 17 18 19 20
(4,*) 0 1 2 3 9 10 11 12 13 14 15 16 17 18 19 20
(9,*) 0 1 2 3 4 10 11 12 13 14 15 16 17 18 19 20
(10,*) 0 1 2 3 4 9 11 12 13 14 15 16 17 18 19 20
(11,*) 0 1 2 3 4 9 10 12 13 14 15 16 17 18 19 20
(12,*) 0 1 2 3 4 9 10 11 13 14 15 16 17 18 19 20
(13,*) 0 1 2 3 4 9 10 11 12 14 15 16 17 18 19 20
(14,*) 0 1 2 3 4 9 10 11 12 13 15 16 17 18 19 20
(15,*) 0 1 2 3 4 9 10 11 12 13 14 16 17 18 19 20
(16,*) 0 1 2 3 4 9 10 11 12 13 14 15 17 18 19 20
(17,*) 0 1 2 3 4 9 10 11 12 13 14 15 16 18 19 20
(18,*) 0 1 2 3 4 9 10 11 12 13 14 15 16 17 19 20
(19,*) 0 1 2 3 4 9 10 11 12 13 14 15 16 17 18 20
(20,*) 0 1 2 3 4 9 10 11 12 13 14 15 16 17 18 19
;
set A2:=
(13,*) 14
(14,*) 13
(15,*) 16
(16,*) 15
;
param BigM:=99999;
param n:= 4;
param d:=
1	13
2	12
3	13
4	12
5	12
6	23
7	10
8	23
9	21
10	12
11	9
12	24
;
param Q:=100;
param w:=
[13,*] 14 1
[14,*] 13 1
[15,*] 16 1
[16,*] 15 1
;
param V:=
[13,*] 14 85
[14,*] 13 85
[15,*] 16 96
[16,*] 15 96
;
param e:
	13	14	15	16	17	18	19:=
5		1		0		0		0		1		0		0	
6		0		0		0		1		0		0		1	
7		0		0		0		1		0		0		0	
8		0		1		1		0		0		1		0	
9		0		1		0		0		0		1		0	
10		0		1		0		0		0		1		0	
11		0		0		0		1		0		0		0	
12		0		0		1		0		0		1		0	
;
param p:=
1	1
2	1
3	1
4	1
;
param G:=
13	85
14	81
15	96
16	74
17	82
18	96
19	73
;
param s:=
0	0
1	10
2	10
3	10
4	10
9	10
10	10
11	10
12	10
13	10
14	10
15	10
16	10
17	10
18	10
19	10
;
param t:
	0	1	2	3	4	5	6	7	8	9	10	11	12	13	14	15	16	17	18	19	20:=
0	0.0	11.66	17.0	19.92	22.2	30.36	78.23	69.35	75.03	101.4	101.83	75.01	81.15	27.29	102.07	80.01	70.11	15.52	80.52	73.16	0.0
1	11.66	0.0	9.22	29.68	24.19	24.21	69.05	60.42	77.88	100.85	99.81	65.19	87.14	19.72	100.69	86.7	60.83	11.18	84.59	64.43	11.66
2	17.0	9.22	0.0	29.83	18.44	15.0	61.29	52.47	70.71	92.18	90.8	58.01	81.88	10.77	91.81	82.0	53.15	4.47	78.06	56.34	17.0
3	19.92	29.68	29.83	0.0	19.03	36.4	85.0	75.95	60.75	91.29	94.05	83.43	62.97	36.25	93.24	61.2	77.47	25.81	64.47	79.12	19.92
4	22.2	24.19	18.44	19.03	0.0	18.36	66.1	57.07	53.85	79.2	79.93	64.85	63.51	19.8	79.98	63.56	58.69	14.14	60.41	60.16	22.2
5	30.36	24.21	15.0	36.4	18.36	0.0	49.09	40.05	61.03	78.79	76.55	47.07	75.89	5.39	77.9	77.08	41.3	14.87	69.58	43.55	30.36
6	78.23	69.05	61.29	85.0	66.1	49.09	0.0	9.06	81.84	76.9	67.36	7.62	104.66	51.04	71.85	108.25	8.25	63.03	92.46	6.46	78.23
7	69.35	60.42	52.47	75.95	57.07	40.05	9.06	0.0	75.72	74.43	66.03	10.0	97.84	42.11	70.03	101.14	3.16	54.08	86.27	4.31	69.35
8	75.03	77.88	70.71	60.75	53.85	61.03	81.84	75.72	0.0	35.74	44.1	85.7	24.6	66.0	40.61	29.73	78.77	67.08	10.63	75.76	75.03
9	101.4	100.85	92.18	91.29	79.2	78.79	76.9	74.43	35.74	0.0	12.81	83.19	56.0	84.17	7.21	62.01	77.52	89.69	41.11	72.47	101.4
10	101.83	99.81	90.8	94.05	79.93	76.55	67.36	66.03	44.1	12.81	0.0	74.11	66.48	81.84	5.66	72.34	69.01	88.87	51.24	63.56	101.83
11	75.01	65.19	58.01	83.43	64.85	47.07	7.62	10.0	85.7	83.19	74.11	0.0	107.81	48.26	78.41	111.07	7.07	60.21	96.26	10.74	75.01
12	81.15	87.14	81.88	62.97	63.51	75.89	104.66	97.84	24.6	56.0	66.48	107.81	0.0	80.08	62.13	6.08	100.77	77.65	15.3	98.39	81.15
13	27.29	19.72	10.77	36.25	19.8	5.39	51.04	42.11	66.0	84.17	81.84	48.26	80.08	0.0	83.24	80.99	43.0	12.0	74.33	45.87	27.29
14	102.07	100.69	91.81	93.24	79.98	77.9	71.85	70.03	40.61	7.21	5.66	78.41	62.13	83.24	0.0	68.07	73.06	89.63	47.01	67.77	102.07
15	80.01	86.7	82.0	61.2	63.56	77.08	108.25	101.14	29.73	62.01	72.34	111.07	6.08	80.99	68.07	0.0	104.0	77.67	21.1	101.91	80.01
16	70.11	60.83	53.15	77.47	58.69	41.3	8.25	3.16	78.77	77.52	69.01	7.07	100.77	43.0	73.06	104.0	0.0	55.0	89.31	6.02	70.11
17	15.52	11.18	4.47	25.81	14.14	14.87	63.03	54.08	67.08	89.69	88.87	60.21	77.65	12.0	89.63	77.67	55.0	0.0	74.17	57.8	15.52
18	80.52	84.59	78.06	64.47	60.41	69.58	92.46	86.27	10.63	41.11	51.24	96.26	15.3	74.33	47.01	21.1	89.31	74.17	0.0	86.37	80.52
19	73.16	64.43	56.34	79.12	60.16	43.55	6.46	4.31	75.76	72.47	63.56	10.74	98.39	45.87	67.77	101.91	6.02	57.8	86.37	0.0	73.16
;
