vehicles
vehicle_idx, capacity, cost_per_unit_distance
1,100,3
2,100,3
3,100,3
depot
node_idx,x,y
0,82,76
home delivery customers
node_idx,x,y,service_time,demand
1,96,44,15,19
2,88,51,15,18
3,80,55,15,2
4,91,2,15,19
5,14,24,15,6
self pickup customers
node_idx,x,y,service_time,demand,locker_idxs
6,58,30,15,12,12
7,9,97,15,24,12
8,50,93,15,8,14
flexible customers
node_idx,x,y,service_time,demand,locker_idxs
9,23,15,15,15,13
10,2,39,15,16,13
11,1,65,15,22,12
lockers
node_idx,x,y,service_time,capacity,cost_per_unit_good
12,93,12,10,80
13,22,88,10,99
14,65,88,10,92
15,25,15,10,96
16,77,88,10,100
17,72,14,10,95
18,53,50,10,89
19,8,37,10,75
20,56,68,10,89
mrt lines
start_node_idx,end_node_idx,freight_capacity,cost_per_unit_good
12,13,99,0.5
13,12,99,0.5
14,15,96,0.5
15,14,96,0.5
distance matrix
,0,1,2,3,4,5,6,7,8,9,10,11,12,13,14,15,16,17,18,19,20,
0,0.0,34.93,25.71,21.1,74.55,85.6,51.88,75.96,36.24,84.86,88.14,81.74,64.94,61.19,20.81,83.49,13.0,62.8,38.95,83.65,27.2
1,34.93,0.0,10.63,19.42,42.3,84.4,40.5,101.87,67.21,78.55,94.13,97.29,32.14,86.09,53.82,76.69,47.93,38.42,43.42,88.28,46.65
2,25.71,10.63,0.0,8.94,49.09,78.77,36.62,91.42,56.64,74.3,86.83,88.12,39.32,75.66,43.57,72.56,38.6,40.31,35.01,81.22,36.24
3,21.1,19.42,8.94,0.0,54.13,72.92,33.3,82.49,48.41,69.63,79.62,79.63,44.92,66.73,36.25,68.01,33.14,41.77,27.46,74.22,27.29
4,74.55,42.3,49.09,54.13,0.0,80.08,43.28,125.5,99.81,69.23,96.38,109.86,10.2,110.26,89.84,67.27,87.13,22.47,61.22,90.08,74.71
5,85.6,84.4,78.77,72.92,80.08,0.0,44.41,73.17,77.83,12.73,19.21,43.01,79.91,64.5,81.84,14.21,89.81,58.86,46.87,14.32,60.83
6,51.88,40.5,36.62,33.3,43.28,44.41,0.0,83.01,63.51,38.08,56.72,66.89,39.36,68.26,58.42,36.25,61.03,21.26,20.62,50.49,38.05
7,75.96,101.87,91.42,82.49,125.5,73.17,83.01,0.0,41.19,83.19,58.42,32.98,119.5,15.81,56.72,83.55,68.59,104.2,64.38,60.01,55.23
8,36.24,67.21,56.64,48.41,99.81,77.83,63.51,41.19,0.0,82.54,72.25,56.44,91.71,28.44,15.81,81.91,27.46,82.01,43.1,70.0,25.71
9,84.86,78.55,74.3,69.63,69.23,12.73,38.08,83.19,82.54,0.0,31.89,54.63,70.06,73.01,84.22,2.0,90.8,49.01,46.1,26.63,62.43
10,88.14,94.13,86.83,79.62,96.38,19.21,56.72,58.42,72.25,31.89,0.0,26.02,94.92,52.92,79.81,33.24,89.59,74.33,52.17,6.32,61.29
11,81.74,97.29,88.12,79.63,109.86,43.01,66.89,32.98,56.44,54.63,26.02,0.0,106.17,31.14,68.01,55.46,79.4,87.42,54.12,28.86,55.08
12,64.94,32.14,39.32,44.92,10.2,79.91,39.36,119.5,91.71,70.06,94.92,106.17,0.0,104.0,80.99,68.07,77.67,21.1,55.17,88.6,67.12
13,61.19,86.09,75.66,66.73,110.26,64.5,68.26,15.81,28.44,73.01,52.92,31.14,104.0,0.0,43.0,73.06,55.0,89.31,49.04,52.89,39.45
14,20.81,53.82,43.57,36.25,89.84,81.84,58.42,56.72,15.81,84.22,79.81,68.01,80.99,43.0,0.0,83.24,12.0,74.33,39.85,76.49,21.93
15,83.49,76.69,72.56,68.01,67.27,14.21,36.25,83.55,81.91,2.0,33.24,55.46,68.07,73.06,83.24,0.0,89.63,47.01,44.82,27.8,61.4
16,13.0,47.93,38.6,33.14,87.13,89.81,61.03,68.59,27.46,90.8,89.59,79.4,77.67,55.0,12.0,89.63,0.0,74.17,44.94,85.8,29.0
17,62.8,38.42,40.31,41.77,22.47,58.86,21.26,104.2,82.01,49.01,74.33,87.42,21.1,89.31,74.33,47.01,74.17,0.0,40.71,68.01,56.32
18,38.95,43.42,35.01,27.46,61.22,46.87,20.62,64.38,43.1,46.1,52.17,54.12,55.17,49.04,39.85,44.82,44.94,40.71,0.0,46.84,18.25
19,83.65,88.28,81.22,74.22,90.08,14.32,50.49,60.01,70.0,26.63,6.32,28.86,88.6,52.89,76.49,27.8,85.8,68.01,46.84,0.0,57.14
20,27.2,46.65,36.24,27.29,74.71,60.83,38.05,55.23,25.71,62.43,61.29,55.08,67.12,39.45,21.93,61.4,29.0,56.32,18.25,57.14,0.0
