set K:= 1	2	3;
set C_H:= 1	2	3	4	5;
set C_S:= 6	7	8;
set C_F:= 9	10	11;
set M:= 12	13;
set M_B:= 14	15;
set L_B:= 16	17	18;
set A1:=
(0,*) 1 2 3 4 5 9 10 11 12 13 14 15 16 17 18
(1,*) 0 2 3 4 5 9 10 11 12 13 14 15 16 17 18
(2,*) 0 1 3 4 5 9 10 11 12 13 14 15 16 17 18
(3,*) 0 1 2 4 5 9 10 11 12 13 14 15 16 17 18
(4,*) 0 1 2 3 5 9 10 11 12 13 14 15 16 17 18
(5,*) 0 1 2 3 4 9 10 11 12 13 14 15 16 17 18
(9,*) 0 1 2 3 4 5 10 11 12 13 14 15 16 17 18
(10,*) 0 1 2 3 4 5 9 11 12 13 14 15 16 17 18
(11,*) 0 1 2 3 4 5 9 10 12 13 14 15 16 17 18
(12,*) 0 1 2 3 4 5 9 10 11 13 14 15 16 17 18
(13,*) 0 1 2 3 4 5 9 10 11 12 14 15 16 17 18
(14,*) 0 1 2 3 4 5 9 10 11 12 13 15 16 17 18
(15,*) 0 1 2 3 4 5 9 10 11 12 13 14 16 17 18
(16,*) 0 1 2 3 4 5 9 10 11 12 13 14 15 17 18
(17,*) 0 1 2 3 4 5 9 10 11 12 13 14 15 16 18
(18,*) 0 1 2 3 4 5 9 10 11 12 13 14 15 16 17
;
param BigM:=99999;
param n:= 3;
param d:=
1	15
2	8
3	9
4	19
5	1
6	7
7	24
8	14
9	20
10	16
11	14
;
param Q:=100;
param e:
	12	13	14	15	16	17	18:=
6		1		0		1		0		0		1		0	
7		1		0		1		0		1		0		1	
8		0		1		0		1		0		0		1	
9		1		0		1		0		1		0		1	
10		0		1		0		1		0		1		0	
11		1		0		1		0		1		0		0	
;
param p:=
1	3
2	3
3	3
;
param G:=
12	83
13	94
14	83
15	94
16	90
17	70
18	80
;
param s:=
0	0
1	10
2	10
3	10
4	10
5	10
9	10
10	10
11	10
12	10
13	10
14	10
15	10
16	10
17	10
18	10
;
param t:
	0	1	2	3	4	5	6	7	8	9	10	11	12	13	14	15	16	17	18:=
0	0.0	84.86	79.23	72.78	34.93	76.84	54.57	25.24	101.41	25.96	51.04	16.28	20.81	83.49	20.81	83.49	44.6	67.12	37.8
1	84.86	0.0	69.92	75.66	78.55	17.46	74.24	60.44	18.68	63.81	61.81	76.61	84.22	2.0	84.22	2.0	40.46	24.19	47.51
2	79.23	69.92	0.0	122.29	100.46	52.5	26.93	61.35	72.03	55.54	99.05	84.9	62.29	70.52	62.29	70.52	58.41	48.76	66.57
3	72.78	75.66	122.29	0.0	39.05	83.49	108.71	67.96	93.13	76.01	24.41	56.52	89.32	73.68	89.32	73.68	63.89	79.62	56.59
4	34.93	78.55	100.46	39.05	0.0	77.93	80.71	39.36	97.14	46.32	22.47	19.42	53.82	76.69	53.82	76.69	47.04	70.18	37.05
5	76.84	17.46	52.5	83.49	77.93	0.0	57.87	51.61	26.08	53.04	65.38	71.69	72.47	18.03	72.47	18.03	33.11	9.9	42.38
6	54.57	74.24	26.93	108.71	80.71	57.87	0.0	41.87	82.57	34.41	84.39	63.06	36.01	74.11	36.01	74.11	47.42	50.09	52.43
7	25.24	60.44	61.35	67.96	39.36	51.61	41.87	0.0	76.42	8.06	43.57	24.08	26.31	59.2	26.31	59.2	20.0	41.88	16.12
8	101.41	18.68	72.03	93.13	97.14	26.08	82.57	76.42	0.0	78.64	80.41	94.34	98.41	20.62	98.41	20.62	56.85	35.81	64.9
9	25.96	63.81	55.54	76.01	46.32	53.04	34.41	8.06	78.64	0.0	51.62	29.41	20.62	62.77	20.62	62.77	24.35	43.14	23.09
10	51.04	61.81	99.05	24.41	22.47	65.38	84.39	43.57	80.41	51.62	0.0	35.01	65.8	59.84	65.8	59.84	40.82	59.67	32.65
11	16.28	76.61	84.9	56.52	19.42	71.69	63.06	24.08	94.34	29.41	35.01	0.0	34.41	75.0	34.41	75.0	38.63	62.63	29.53
12	20.81	84.22	62.29	89.32	53.82	72.47	36.01	26.31	98.41	20.62	65.8	34.41	0.0	83.24	0.0	83.24	44.94	62.63	42.43
13	83.49	2.0	70.52	73.68	76.69	18.03	74.11	59.2	20.62	62.77	59.84	75.0	83.24	0.0	83.24	0.0	39.2	24.02	46.01
14	20.81	84.22	62.29	89.32	53.82	72.47	36.01	26.31	98.41	20.62	65.8	34.41	0.0	83.24	0.0	83.24	44.94	62.63	42.43
15	83.49	2.0	70.52	73.68	76.69	18.03	74.11	59.2	20.62	62.77	59.84	75.0	83.24	0.0	83.24	0.0	39.2	24.02	46.01
16	44.6	40.46	58.41	63.89	47.04	33.11	47.42	20.0	56.85	24.35	40.82	38.63	44.94	39.2	44.94	39.2	0.0	24.04	10.0
17	67.12	24.19	48.76	79.62	70.18	9.9	50.09	41.88	35.81	43.14	59.67	62.63	62.63	24.02	62.63	24.02	24.04	0.0	33.73
18	37.8	47.51	66.57	56.59	37.05	42.38	52.43	16.12	64.9	23.09	32.65	29.53	42.43	46.01	42.43	46.01	10.0	33.73	0.0
;
