vehicles
vehicle_idx, capacity, cost_per_unit_distance
1,100,1
2,100,1
3,100,1
4,100,1
depot
node_idx,x,y
0,92,92
home delivery customers
node_idx,x,y,service_time,demand
1,82,98,10,13
2,75,92,10,12
3,98,73,10,13
4,79,74,10,12
5,69,76,10,23
self pickup customers
node_idx,x,y,service_time,demand,locker_idxs
6,68,6,10,14,23-20
7,99,25,10,2,20-23
8,57,51,10,19,18-23
9,70,6,10,22,23
10,23,85,10,10,21-24
11,14,86,10,23,24-21-18
flexible customers
node_idx,x,y,service_time,demand,locker_idxs
12,21,19,10,12,19-23
13,89,17,10,20,20
14,65,22,10,23,23-20-19
15,77,18,10,2,23-20-19
16,96,5,10,7,20
17,17,93,10,9,21
lockers
node_idx,x,y,service_time,capacity,cost_per_unit_good
18,65,88,10,73
19,25,15,10,85
20,93,12,10,97
21,22,88,10,75
22,77,88,10,97
23,72,14,10,100
24,19.454545454545453,82.54545454545453,10,90
mrt lines
start_node_idx,end_node_idx,freight_capacity,cost_per_unit_good
18,19,85,1
19,18,85,1
distance matrix
,0,1,2,3,4,5,6,7,8,9,10,11,12,13,14,15,16,17,18,19,20,21,22,23,24,
0,0.0,11.66,17.0,19.92,22.2,28.02,89.29,67.36,53.91,88.77,69.35,78.23,101.83,75.06,75.03,75.5,87.09,75.01,27.29,102.07,80.01,70.11,15.52,80.52,73.16
1,11.66,0.0,9.22,29.68,24.19,25.55,93.06,74.95,53.24,92.78,60.42,69.05,99.81,81.3,77.88,80.16,94.05,65.19,19.72,100.69,86.7,60.83,11.18,84.59,64.43
2,17.0,9.22,0.0,29.83,18.44,17.09,86.28,71.17,44.78,86.15,52.47,61.29,90.8,76.3,70.71,74.03,89.5,58.01,10.77,91.81,82.0,53.15,4.47,78.06,56.34
3,19.92,29.68,29.83,0.0,19.03,29.15,73.41,48.01,46.53,72.62,75.95,85.0,94.05,56.72,60.75,58.87,68.03,83.43,36.25,93.24,61.2,77.47,25.81,64.47,79.12
4,22.2,24.19,18.44,19.03,0.0,10.2,68.88,52.92,31.83,68.59,57.07,66.1,79.93,57.87,53.85,56.04,71.06,64.85,19.8,79.98,63.56,58.69,14.14,60.41,60.16
5,28.02,25.55,17.09,29.15,10.2,0.0,70.01,59.17,27.73,70.01,46.87,55.9,74.52,62.3,54.15,58.55,75.96,54.71,12.65,75.21,68.35,48.51,14.42,62.07,49.98
6,89.29,93.06,86.28,73.41,68.88,70.01,0.0,36.36,46.32,2.0,90.92,96.52,48.76,23.71,16.28,15.0,28.02,100.85,82.05,43.93,25.71,94.02,82.49,8.94,90.64
7,67.36,74.95,71.17,48.01,52.92,59.17,36.36,0.0,49.4,34.67,96.83,104.62,78.23,12.81,34.13,23.09,20.22,106.53,71.59,74.67,14.32,99.49,66.73,29.15,98.18
8,53.91,53.24,44.78,46.53,31.83,27.73,46.32,49.4,0.0,46.84,48.08,55.44,48.17,46.69,30.08,38.59,60.31,58.0,37.85,48.17,53.08,50.93,42.06,39.92,49.04
9,88.77,92.78,86.15,72.62,68.59,70.01,2.0,34.67,46.84,0.0,91.92,97.65,50.7,21.95,16.76,13.89,26.02,101.87,82.15,45.89,23.77,95.02,82.3,8.25,91.73
10,69.35,60.42,52.47,75.95,57.07,46.87,90.92,96.83,48.08,91.92,0.0,9.06,66.03,94.76,75.72,86.05,108.3,10.0,42.11,70.03,101.14,3.16,54.08,86.27,4.31
11,78.23,69.05,61.29,85.0,66.1,55.9,96.52,104.62,55.44,97.65,9.06,0.0,67.36,101.91,81.84,92.7,115.26,7.62,51.04,71.85,108.25,8.25,63.03,92.46,6.46
12,101.83,99.81,90.8,94.05,79.93,74.52,48.76,78.23,48.17,50.7,66.03,67.36,0.0,68.03,44.1,56.01,76.3,74.11,81.84,5.66,72.34,69.01,88.87,51.24,63.56
13,75.06,81.3,76.3,56.72,57.87,62.3,23.71,12.81,46.69,21.95,94.76,101.91,68.03,0.0,24.52,12.04,13.89,104.69,74.95,64.03,6.4,97.62,72.01,17.26,95.57
14,75.03,77.88,70.71,60.75,53.85,54.15,16.28,34.13,30.08,16.76,75.72,81.84,44.1,24.52,0.0,12.65,35.36,85.7,66.0,40.61,29.73,78.77,67.08,10.63,75.76
15,75.5,80.16,74.03,58.87,56.04,58.55,15.0,23.09,38.59,13.89,86.05,92.7,56.01,12.04,12.65,0.0,23.02,96.05,71.02,52.09,17.09,89.02,70.0,6.4,86.47
16,87.09,94.05,89.5,68.03,71.06,75.96,28.02,20.22,60.31,26.02,108.3,115.26,76.3,13.89,35.36,23.02,0.0,118.26,88.6,71.7,7.62,111.2,85.15,25.63,108.96
17,75.01,65.19,58.01,83.43,64.85,54.71,100.85,106.53,58.0,101.87,10.0,7.62,74.11,104.69,85.7,96.05,118.26,0.0,48.26,78.41,111.07,7.07,60.21,96.26,10.74
18,27.29,19.72,10.77,36.25,19.8,12.65,82.05,71.59,37.85,82.15,42.11,51.04,81.84,74.95,66.0,71.02,88.6,48.26,0.0,83.24,80.99,43.0,12.0,74.33,45.87
19,102.07,100.69,91.81,93.24,79.98,75.21,43.93,74.67,48.17,45.89,70.03,71.85,5.66,64.03,40.61,52.09,71.7,78.41,83.24,0.0,68.07,73.06,89.63,47.01,67.77
20,80.01,86.7,82.0,61.2,63.56,68.35,25.71,14.32,53.08,23.77,101.14,108.25,72.34,6.4,29.73,17.09,7.62,111.07,80.99,68.07,0.0,104.0,77.67,21.1,101.91
21,70.11,60.83,53.15,77.47,58.69,48.51,94.02,99.49,50.93,95.02,3.16,8.25,69.01,97.62,78.77,89.02,111.2,7.07,43.0,73.06,104.0,0.0,55.0,89.31,6.02
22,15.52,11.18,4.47,25.81,14.14,14.42,82.49,66.73,42.06,82.3,54.08,63.03,88.87,72.01,67.08,70.0,85.15,60.21,12.0,89.63,77.67,55.0,0.0,74.17,57.8
23,80.52,84.59,78.06,64.47,60.41,62.07,8.94,29.15,39.92,8.25,86.27,92.46,51.24,17.26,10.63,6.4,25.63,96.26,74.33,47.01,21.1,89.31,74.17,0.0,86.37
24,73.16,64.43,56.34,79.12,60.16,49.98,90.64,98.18,49.04,91.73,4.31,6.46,63.56,95.57,75.76,86.47,108.96,10.74,45.87,67.77,101.91,6.02,57.8,86.37,0.0
