vehicles
vehicle_idx, capacity, cost_per_unit_distance
1,100,3
2,100,3
3,100,3
4,100,3
depot
node_idx,x,y
0,82,76
home delivery customers
node_idx,x,y,service_time,demand
1,96,44,10,19
2,9,97,10,24
3,5,42,10,4
4,50,93,10,8
self pickup customers
node_idx,x,y,service_time,demand,locker_idxs
5,42,9,10,8,12
6,50,5,10,21,16
7,20,70,10,2,14
flexible customers
node_idx,x,y,service_time,demand,locker_idxs
8,58,30,10,12,20-18-19
9,5,10,10,14,12
10,19,32,10,1,12
lockers
node_idx,x,y,service_time,capacity,cost_per_unit_good
11,65,88,10,90
12,25,15,10,75
13,93,12,10,90
14,22,88,10,70
15,77,88,10,98
16,72,14,10,96
17,51,55,10,99
18,72,39,10,93
19,55,47,10,98
20,57,34,10,91
mrt lines
start_node_idx,end_node_idx,freight_capacity,cost_per_unit_good
11,12,90,0.1
12,11,90,0.1
13,14,90,0.1
14,13,90,0.1
15,16,98,0.1
16,15,98,0.1
distance matrix
,0,1,2,3,4,5,6,7,8,9,10,11,12,13,14,15,16,17,18,19,20,
0,0.0,34.93,75.96,84.17,36.24,78.03,77.88,62.29,51.88,101.41,76.84,20.81,83.49,64.94,61.19,13.0,62.8,37.44,38.33,39.62,48.88
1,34.93,0.0,101.87,91.02,67.21,64.35,60.31,80.32,40.5,97.14,77.93,53.82,76.69,32.14,86.09,47.93,38.42,46.32,24.52,41.11,40.26
2,75.96,101.87,0.0,55.15,41.19,93.98,100.72,29.15,83.01,87.09,65.76,56.72,83.55,119.5,15.81,68.59,104.2,59.4,85.63,67.94,79.2
3,84.17,91.02,55.15,0.0,68.01,49.58,58.26,31.76,54.34,32.0,17.2,75.6,33.6,92.97,49.04,85.44,72.62,47.8,67.07,50.25,52.61
4,36.24,67.21,41.19,68.01,0.0,84.38,88.0,37.8,63.51,94.41,68.43,15.81,81.91,91.71,28.44,27.46,82.01,38.01,58.31,46.27,59.41
5,78.03,64.35,93.98,49.58,84.38,0.0,8.94,64.85,26.4,37.01,32.53,82.28,18.03,51.09,81.49,86.41,30.41,46.87,42.43,40.16,29.15
6,77.88,60.31,100.72,58.26,88.0,8.94,0.0,71.59,26.25,45.28,41.11,84.34,26.93,43.57,87.6,87.28,23.77,50.01,40.5,42.3,29.83
7,62.29,80.32,29.15,31.76,37.8,64.85,71.59,0.0,55.17,61.85,38.01,48.47,55.23,93.24,18.11,59.77,76.42,34.44,60.54,41.88,51.62
8,51.88,40.5,83.01,54.34,63.51,26.4,26.25,55.17,0.0,56.65,39.05,58.42,36.25,39.36,68.26,61.03,21.26,25.96,16.64,17.26,4.12
9,101.41,97.14,87.09,32.0,94.41,37.01,45.28,61.85,56.65,0.0,26.08,98.41,20.62,88.02,79.83,106.15,67.12,64.35,73.01,62.2,57.27
10,76.84,77.93,65.76,17.2,68.43,32.53,41.11,38.01,39.05,26.08,0.0,72.47,18.03,76.66,56.08,80.62,55.97,39.41,53.46,39.0,38.05
11,20.81,53.82,56.72,75.6,15.81,82.28,84.34,48.47,58.42,98.41,72.47,0.0,83.24,80.99,43.0,12.0,74.33,35.85,49.5,42.2,54.59
12,83.49,76.69,83.55,33.6,81.91,18.03,26.93,55.23,36.25,20.62,18.03,83.24,0.0,68.07,73.06,89.63,47.01,47.71,52.77,43.86,37.22
13,64.94,32.14,119.5,92.97,91.71,51.09,43.57,93.24,39.36,88.02,76.66,80.99,68.07,0.0,104.0,77.67,21.1,60.11,34.21,51.66,42.19
14,61.19,86.09,15.81,49.04,28.44,81.49,87.6,18.11,68.26,79.83,56.08,43.0,73.06,104.0,0.0,55.0,89.31,43.93,70.01,52.63,64.35
15,13.0,47.93,68.59,85.44,27.46,86.41,87.28,59.77,61.03,106.15,80.62,12.0,89.63,77.67,55.0,0.0,74.17,42.01,49.25,46.53,57.58
16,62.8,38.42,104.2,72.62,82.01,30.41,23.77,76.42,21.26,67.12,55.97,74.33,47.01,21.1,89.31,74.17,0.0,46.07,25.0,37.12,25.0
17,37.44,46.32,59.4,47.8,38.01,46.87,50.01,34.44,25.96,64.35,39.41,35.85,47.71,60.11,43.93,42.01,46.07,0.0,26.4,8.94,21.84
18,38.33,24.52,85.63,67.07,58.31,42.43,40.5,60.54,16.64,73.01,53.46,49.5,52.77,34.21,70.01,49.25,25.0,26.4,0.0,18.79,15.81
19,39.62,41.11,67.94,50.25,46.27,40.16,42.3,41.88,17.26,62.2,39.0,42.2,43.86,51.66,52.63,46.53,37.12,8.94,18.79,0.0,13.15
20,48.88,40.26,79.2,52.61,59.41,29.15,29.83,51.62,4.12,57.27,38.05,54.59,37.22,42.19,64.35,57.58,25.0,21.84,15.81,13.15,0.0
