set K:= 1	2	3;
set C_H:= 1	2	3	4	5;
set C_S:= 6	7	8	9;
set C_F:= 10	11	12	13;
set M:= 14	15;
set L_B:= 16	17	18;
set A1:=
(0,*) 1 2 3 4 5 10 11 12 13 14 15 16 17 18
(1,*) 0 2 3 4 5 10 11 12 13 14 15 16 17 18
(2,*) 0 1 3 4 5 10 11 12 13 14 15 16 17 18
(3,*) 0 1 2 4 5 10 11 12 13 14 15 16 17 18
(4,*) 0 1 2 3 5 10 11 12 13 14 15 16 17 18
(5,*) 0 1 2 3 4 10 11 12 13 14 15 16 17 18
(10,*) 0 1 2 3 4 5 11 12 13 14 15 16 17 18
(11,*) 0 1 2 3 4 5 10 12 13 14 15 16 17 18
(12,*) 0 1 2 3 4 5 10 11 13 14 15 16 17 18
(13,*) 0 1 2 3 4 5 10 11 12 14 15 16 17 18
(14,*) 0 1 2 3 4 5 10 11 12 13 16 17 18
(15,*) 0 1 2 3 4 5 10 11 12 13 16 17 18
(16,*) 0 1 2 3 4 5 10 11 12 13 14 15 17 18
(17,*) 0 1 2 3 4 5 10 11 12 13 14 15 16 18
(18,*) 0 1 2 3 4 5 10 11 12 13 14 15 16 17
;
param BigM:=99999;
param n:= 3;
param d:=
1	8
2	16
3	9
4	24
5	21
6	19
7	1
8	12
9	21
10	4
11	18
12	2
13	22
;
param Q:=100;
param e:
	14	15	16	17	18:=
6	1	0	0	1	0	
7	0	1	0	0	1	
8	1	1	0	1	0	
9	1	0	0	0	1	
10	1	1	1	0	0	
11	1	0	0	1	0	
12	1	1	0	1	0	
13	1	1	1	0	0	
;
param p:=
1	3
2	3
3	3
;
param G:=
14	94
15	88
16	76
17	80
18	87
;
param s:=
0	0
1	10
2	10
3	10
4	10
5	10
10	10
11	10
12	10
13	10
14	10
15	10
16	10
17	10
18	10
;
param t:
	0	1	2	3	4	5	6	7	8	9	10	11	12	13	14	15	16	17	18:=
0	0.0	79.23	37.05	72.78	25.24	77.88	97.58	76.84	51.88	28.84	84.17	25.71	62.29	81.74	64.94	61.19	49.4	50.93	38.42
1	79.23	0.0	91.71	122.29	61.35	90.21	75.66	52.5	75.69	99.62	40.05	90.48	20.81	17.12	114.02	19.92	71.51	58.69	65.73
2	37.05	91.71	0.0	36.77	32.53	48.08	77.88	65.38	27.51	19.1	79.06	12.65	71.11	86.98	28.46	79.03	28.44	39.05	26.93
3	72.78	122.29	36.77	0.0	67.96	48.0	85.02	83.49	47.17	47.0	100.09	47.07	101.53	114.06	8.6	112.54	51.04	64.07	57.28
4	25.24	61.35	32.53	67.96	0.0	58.05	73.0	51.61	32.14	38.33	59.46	29.15	41.77	60.07	59.36	46.87	28.44	26.4	16.28
5	77.88	90.21	48.08	48.0	58.05	0.0	37.05	41.11	26.25	67.18	58.26	59.67	71.59	77.47	43.57	87.6	29.61	36.35	41.77
6	97.58	75.66	77.88	85.02	73.0	37.05	0.0	25.71	50.54	96.18	35.9	86.95	63.39	59.23	80.16	81.5	50.77	46.69	59.55
7	76.84	52.5	65.38	83.49	51.61	41.11	25.71	0.0	39.05	81.49	17.2	71.57	38.01	37.59	76.66	56.08	37.05	27.51	41.44
8	51.88	75.69	27.51	47.17	32.14	26.25	50.54	39.05	0.0	45.65	54.34	36.62	55.17	66.89	39.36	68.26	4.47	17.03	16.0
9	28.84	99.62	19.1	47.0	38.33	67.18	96.18	81.49	45.65	0.0	93.54	10.05	80.05	97.87	40.31	84.1	45.69	54.13	40.45
10	84.17	40.05	79.06	100.09	59.46	58.26	35.9	17.2	54.34	93.54	0.0	83.49	31.76	23.35	92.97	49.04	51.62	40.01	53.15
11	25.71	90.48	12.65	47.07	29.15	59.67	86.95	71.57	36.62	10.05	83.49	0.0	70.6	88.12	39.32	75.66	36.24	44.15	30.41
12	62.29	20.81	71.11	101.53	41.77	71.59	63.39	38.01	55.17	80.05	31.76	70.6	0.0	19.65	93.24	18.11	50.91	38.29	44.94
13	81.74	17.12	86.98	114.06	60.07	77.47	59.23	37.59	66.89	97.87	23.35	88.12	19.65	0.0	106.17	31.14	63.13	50.12	60.08
14	64.94	114.02	28.46	8.6	59.36	43.57	80.16	76.66	39.36	40.31	92.97	39.32	93.24	106.17	0.0	104.0	43.05	56.08	48.8
15	61.19	19.92	79.03	112.54	46.87	87.6	81.5	56.08	68.26	84.1	49.04	75.66	18.11	31.14	104.0	0.0	63.81	52.33	55.32
16	49.4	71.51	28.44	51.04	28.44	29.61	50.77	37.05	4.47	45.69	51.62	36.24	50.91	63.13	43.05	63.81	0.0	13.04	12.17
17	50.93	58.69	39.05	64.07	26.4	36.35	46.69	27.51	17.03	54.13	40.01	44.15	38.29	50.12	56.08	52.33	13.04	0.0	13.93
18	38.42	65.73	26.93	57.28	16.28	41.77	59.55	41.44	16.0	40.45	53.15	30.41	44.94	60.08	48.8	55.32	12.17	13.93	0.0
;
