vehicles
vehicle_idx, capacity, cost_per_unit_distance
1,100,1
2,100,1
3,100,1
4,100,1
depot
node_idx,x,y
0,82,76
home delivery customers
node_idx,x,y,service_time,demand
1,61,62,10,24
2,20,70,10,2
3,14,24,10,6
4,23,15,10,15
5,91,2,10,19
6,57,69,10,20
self pickup customers
node_idx,x,y,service_time,demand,locker_idxs
7,93,3,10,24,19-22
8,9,97,10,24,20
9,85,60,10,14,26
10,88,51,10,18,26
11,50,5,10,21,22
flexible customers
node_idx,x,y,service_time,demand,locker_idxs
12,58,30,10,12,23-25
13,98,14,10,12,19-22
14,19,32,10,1,18
15,98,52,10,21,26
16,96,44,10,19,19
lockers
node_idx,x,y,service_time,capacity,cost_per_unit_good
17,65,88,10,96
18,25,15,10,72
19,93,12,10,71
20,22,88,10,98
21,77,88,10,71
22,72,14,10,74
23,49,43,10,72
24,51,58,10,90
25,50,49,10,83
26,75,71,10,73
mrt lines
start_node_idx,end_node_idx,freight_capacity,cost_per_unit_good
17,18,96,0.5
18,17,96,0.5
19,20,98,0.5
20,19,98,0.5
21,22,74,0.5
22,21,74,0.5
distance matrix
,0,1,2,3,4,5,6,7,8,9,10,11,12,13,14,15,16,17,18,19,20,21,22,23,24,25,26,
0,0.0,25.24,62.29,85.6,84.86,74.55,25.96,73.82,75.96,16.28,25.71,77.88,51.88,64.03,76.84,28.84,34.93,20.81,83.49,64.94,61.19,13.0,62.8,46.67,35.85,41.87,8.6
1,25.24,0.0,41.77,60.44,60.44,67.08,8.06,67.12,62.68,24.08,29.15,58.05,32.14,60.61,51.61,38.33,39.36,26.31,59.2,59.36,46.87,30.53,49.24,22.47,10.77,17.03,16.64
2,62.29,41.77,0.0,46.39,55.08,98.31,37.01,99.09,29.15,65.76,70.6,71.59,55.17,96.02,38.01,80.05,80.32,48.47,55.23,93.24,18.11,59.77,76.42,39.62,33.24,36.62,55.01
3,85.6,60.44,46.39,0.0,12.73,80.08,62.24,81.74,73.17,79.61,78.77,40.71,44.41,84.59,9.43,88.54,84.4,81.84,14.21,79.91,64.5,89.81,58.86,39.82,50.25,43.83,77.01
4,84.86,60.44,55.08,12.73,0.0,69.23,63.81,71.02,83.19,76.61,74.3,28.79,38.08,75.01,17.46,83.63,78.55,84.22,2.0,70.06,73.01,90.8,49.01,38.21,51.31,43.42,76.42
5,74.55,67.08,98.31,80.08,69.23,0.0,75.13,2.24,125.5,58.31,49.09,41.11,43.28,13.89,78.0,50.49,42.3,89.84,67.27,10.2,110.26,87.13,22.47,58.69,68.82,62.37,70.83
6,25.96,8.06,37.01,62.24,63.81,75.13,0.0,75.18,55.57,29.41,35.85,64.38,39.01,68.6,53.04,44.38,46.32,20.62,62.77,67.42,39.82,27.59,57.01,27.2,12.53,21.19,18.11
7,73.82,67.12,99.09,81.74,71.02,2.24,75.18,0.0,126.06,57.56,48.26,43.05,44.2,12.08,79.48,49.25,41.11,89.49,69.05,9.0,110.75,86.49,23.71,59.46,69.2,62.97,70.34
8,75.96,62.68,29.15,73.17,83.19,125.5,55.57,126.06,0.0,84.53,91.42,100.72,83.01,121.7,65.76,99.73,101.87,56.72,83.55,119.5,15.81,68.59,104.2,67.2,57.31,63.13,70.94
9,16.28,24.08,65.76,79.61,76.61,58.31,29.41,57.56,84.53,0.0,9.49,65.19,40.36,47.8,71.69,15.26,19.42,34.41,75.0,48.66,68.94,29.12,47.8,39.81,34.06,36.69,14.87
10,25.71,29.15,70.6,78.77,74.3,49.09,35.85,48.26,91.42,9.49,0.0,59.67,36.62,38.33,71.57,10.05,10.63,43.57,72.56,39.32,75.66,38.6,40.31,39.81,37.66,38.05,23.85
11,77.88,58.05,71.59,40.71,28.79,41.11,64.38,43.05,100.72,65.19,59.67,0.0,26.25,48.84,41.11,67.18,60.31,84.34,26.93,43.57,87.6,87.28,23.77,38.01,53.01,44.0,70.58
12,51.88,32.14,55.17,44.41,38.08,43.28,39.01,44.2,83.01,40.36,36.62,26.25,0.0,43.08,39.05,45.65,40.5,58.42,36.25,39.36,68.26,61.03,21.26,15.81,28.86,20.62,44.38
13,64.03,60.61,96.02,84.59,75.01,13.89,68.6,12.08,121.7,47.8,38.33,48.84,43.08,0.0,81.02,38.0,30.07,81.02,73.01,5.39,106.08,76.92,26.0,56.94,64.38,59.41,61.47
14,76.84,51.61,38.01,9.43,17.46,78.0,53.04,79.48,65.76,71.69,71.57,41.11,39.05,81.02,0.0,81.49,77.93,72.47,18.03,76.66,56.08,80.62,55.97,31.95,41.23,35.36,68.24
15,28.84,38.33,80.05,88.54,83.63,50.49,44.38,49.25,99.73,15.26,10.05,67.18,45.65,38.0,81.49,0.0,8.25,48.84,81.84,40.31,84.1,41.68,46.04,49.82,47.38,48.09,29.83
16,34.93,39.36,80.32,84.4,78.55,42.3,46.32,41.11,101.87,19.42,10.63,60.31,40.5,30.07,77.93,8.25,0.0,53.82,76.69,32.14,86.09,47.93,38.42,47.01,47.13,46.27,34.21
17,20.81,26.31,48.47,81.84,84.22,89.84,20.62,89.49,56.72,34.41,43.57,84.34,58.42,81.02,72.47,48.84,53.82,0.0,83.24,80.99,43.0,12.0,74.33,47.76,33.11,41.79,19.72
18,83.49,59.2,55.23,14.21,2.0,67.27,62.77,69.05,83.55,75.0,72.56,26.93,36.25,73.01,18.03,81.84,76.69,83.24,0.0,68.07,73.06,89.63,47.01,36.88,50.25,42.2,75.07
19,64.94,59.36,93.24,79.91,70.06,10.2,67.42,9.0,119.5,48.66,39.32,43.57,39.36,5.39,76.66,40.31,32.14,80.99,68.07,0.0,104.0,77.67,21.1,53.82,62.29,56.73,61.68
20,61.19,46.87,18.11,64.5,73.01,110.26,39.82,110.75,15.81,68.94,75.66,87.6,68.26,106.08,56.08,84.1,86.09,43.0,73.06,104.0,0.0,55.0,89.31,52.48,41.73,48.01,55.66
21,13.0,30.53,59.77,89.81,90.8,87.13,27.59,86.49,68.59,29.12,38.6,87.28,61.03,76.92,80.62,41.68,47.93,12.0,89.63,77.67,55.0,0.0,74.17,53.0,39.7,47.43,17.12
22,62.8,49.24,76.42,58.86,49.01,22.47,57.01,23.71,104.2,47.8,40.31,23.77,21.26,26.0,55.97,46.04,38.42,74.33,47.01,21.1,89.31,74.17,0.0,37.01,48.75,41.34,57.08
23,46.67,22.47,39.62,39.82,38.21,58.69,27.2,59.46,67.2,39.81,39.81,38.01,15.81,56.94,31.95,49.82,47.01,47.76,36.88,53.82,52.48,53.0,37.01,0.0,15.13,6.08,38.21
24,35.85,10.77,33.24,50.25,51.31,68.82,12.53,69.2,57.31,34.06,37.66,53.01,28.86,64.38,41.23,47.38,47.13,33.11,50.25,62.29,41.73,39.7,48.75,15.13,0.0,9.06,27.29
25,41.87,17.03,36.62,43.83,43.42,62.37,21.19,62.97,63.13,36.69,38.05,44.0,20.62,59.41,35.36,48.09,46.27,41.79,42.2,56.73,48.01,47.43,41.34,6.08,9.06,0.0,33.3
26,8.6,16.64,55.01,77.01,76.42,70.83,18.11,70.34,70.94,14.87,23.85,70.58,44.38,61.47,68.24,29.83,34.21,19.72,75.07,61.68,55.66,17.12,57.08,38.21,27.29,33.3,0.0
