set K:= 1	2	3	4;
set C_H:= 1	2	3	4	5	6	7;
set C_S:= 8	9	10	11	12	13;
set C_F:= 14	15	16	17	18	19;
set M:= 20	21	22	23	24	25;
set L_B:= 26	27	28	29;
set A1:=
(0,*) 1 2 3 4 5 6 7 14 15 16 17 18 19 20 21 22 23 24 25 26 27 28 29 30
(1,*) 0 2 3 4 5 6 7 14 15 16 17 18 19 20 21 22 23 24 25 26 27 28 29 30
(2,*) 0 1 3 4 5 6 7 14 15 16 17 18 19 20 21 22 23 24 25 26 27 28 29 30
(3,*) 0 1 2 4 5 6 7 14 15 16 17 18 19 20 21 22 23 24 25 26 27 28 29 30
(4,*) 0 1 2 3 5 6 7 14 15 16 17 18 19 20 21 22 23 24 25 26 27 28 29 30
(5,*) 0 1 2 3 4 6 7 14 15 16 17 18 19 20 21 22 23 24 25 26 27 28 29 30
(6,*) 0 1 2 3 4 5 7 14 15 16 17 18 19 20 21 22 23 24 25 26 27 28 29 30
(7,*) 0 1 2 3 4 5 6 14 15 16 17 18 19 20 21 22 23 24 25 26 27 28 29 30
(14,*) 0 1 2 3 4 5 6 7 15 16 17 18 19 20 21 22 23 24 25 26 27 28 29 30
(15,*) 0 1 2 3 4 5 6 7 14 16 17 18 19 20 21 22 23 24 25 26 27 28 29 30
(16,*) 0 1 2 3 4 5 6 7 14 15 17 18 19 20 21 22 23 24 25 26 27 28 29 30
(17,*) 0 1 2 3 4 5 6 7 14 15 16 18 19 20 21 22 23 24 25 26 27 28 29 30
(18,*) 0 1 2 3 4 5 6 7 14 15 16 17 19 20 21 22 23 24 25 26 27 28 29 30
(19,*) 0 1 2 3 4 5 6 7 14 15 16 17 18 20 21 22 23 24 25 26 27 28 29 30
(20,*) 0 1 2 3 4 5 6 7 14 15 16 17 18 19 21 22 23 24 25 26 27 28 29 30
(21,*) 0 1 2 3 4 5 6 7 14 15 16 17 18 19 20 22 23 24 25 26 27 28 29 30
(22,*) 0 1 2 3 4 5 6 7 14 15 16 17 18 19 20 21 23 24 25 26 27 28 29 30
(23,*) 0 1 2 3 4 5 6 7 14 15 16 17 18 19 20 21 22 24 25 26 27 28 29 30
(24,*) 0 1 2 3 4 5 6 7 14 15 16 17 18 19 20 21 22 23 25 26 27 28 29 30
(25,*) 0 1 2 3 4 5 6 7 14 15 16 17 18 19 20 21 22 23 24 26 27 28 29 30
(26,*) 0 1 2 3 4 5 6 7 14 15 16 17 18 19 20 21 22 23 24 25 27 28 29 30
(27,*) 0 1 2 3 4 5 6 7 14 15 16 17 18 19 20 21 22 23 24 25 26 28 29 30
(28,*) 0 1 2 3 4 5 6 7 14 15 16 17 18 19 20 21 22 23 24 25 26 27 29 30
(29,*) 0 1 2 3 4 5 6 7 14 15 16 17 18 19 20 21 22 23 24 25 26 27 28 30
(30,*) 0 1 2 3 4 5 6 7 14 15 16 17 18 19 20 21 22 23 24 25 26 27 28 29
;
set A2:=
(20,*) 21
(21,*) 20
(22,*) 23
(23,*) 22
(24,*) 25
(25,*) 24
;
param BigM:=99999;
param n:= 4;
param d:=
1	8
2	4
3	8
4	24
5	22
6	7
7	6
8	16
9	24
10	12
11	12
12	3
13	9
14	6
15	24
16	14
17	19
18	20
19	2
;
param Q:=100;
param w:=
[20,*] 21 2
[21,*] 20 2
[22,*] 23 2
[23,*] 22 2
[24,*] 25 2
[25,*] 24 2
;
param V:=
[20,*] 21 86
[21,*] 20 86
[22,*] 23 90
[23,*] 22 90
[24,*] 25 79
[25,*] 24 79
;
param e:
	20	21	22	23	24	25	26	27	28	29:=
8		0		0		1		0		0		1		0		0		0		0	
9		0		0		1		0		0		1		0		0		0		0	
10		0		0		0		0		0		1		0		0		0		0	
11		0		0		1		0		0		1		0		0		0		0	
12		0		0		0		0		0		0		0		0		1		0	
13		0		0		1		0		0		1		0		0		0		0	
14		0		1		0		0		0		1		0		0		0		0	
15		0		0		0		1		0		0		0		0		0		0	
16		0		1		0		0		0		0		0		0		0		0	
17		0		1		0		0		0		0		0		0		0		0	
18		0		0		0		0		0		0		1		1		1		1	
19		0		0		0		1		0		0		0		0		0		0	
;
param p:=
1	1
2	1
3	1
4	1
;
param G:=
20	86
21	81
22	72
23	90
24	71
25	79
26	100
27	97
28	72
29	81
;
param s:=
0	0
1	10
2	10
3	10
4	10
5	10
6	10
7	10
14	10
15	10
16	10
17	10
18	10
19	10
20	10
21	10
22	10
23	10
24	10
25	10
26	10
27	10
28	10
29	10
;
param t:
	0	1	2	3	4	5	6	7	8	9	10	11	12	13	14	15	16	17	18	19	20	21	22	23	24	25	26	27	28	29	30:=
0	0.0	78.03	84.17	36.24	25.24	81.74	54.57	85.6	51.04	73.82	51.88	64.03	27.02	72.78	75.58	75.96	101.41	97.58	25.96	62.29	20.81	83.49	64.94	61.19	13.0	62.8	43.01	36.67	26.4	29.97	0.0
1	78.03	0.0	49.58	84.38	56.3	69.4	81.05	31.76	44.94	51.35	26.4	56.22	53.49	56.14	7.07	93.98	37.01	29.07	61.85	64.85	82.28	18.03	51.09	81.49	86.41	30.41	42.3	74.11	51.88	55.54	78.03
2	84.17	49.58	0.0	68.01	59.46	23.35	52.77	20.12	80.81	96.25	54.34	97.12	58.52	100.09	55.61	55.15	32.0	35.9	58.59	31.76	75.6	33.6	92.97	49.04	85.44	72.62	42.95	57.98	62.37	54.23	84.17
3	36.24	84.38	68.01	0.0	32.89	56.44	21.38	77.83	76.03	99.74	63.51	92.44	35.74	100.24	85.01	41.19	94.41	93.62	25.0	37.8	15.81	81.91	91.71	28.44	27.46	82.01	42.11	10.77	41.23	30.41	36.24
4	25.24	56.3	59.46	32.89	0.0	60.07	41.87	60.44	43.57	67.12	32.14	60.61	3.0	67.96	55.32	62.68	76.42	73.0	8.06	41.77	26.31	59.2	59.36	46.87	30.53	49.24	17.8	25.81	8.6	6.08	25.24
5	81.74	69.4	23.35	56.44	60.07	0.0	36.88	43.01	92.14	110.94	66.89	109.59	60.3	114.06	74.52	32.98	55.15	59.23	56.14	19.65	68.01	55.46	106.17	31.14	79.4	87.42	48.08	48.47	65.76	54.04	81.74
6	54.57	81.05	52.77	21.38	41.87	36.88	0.0	66.71	84.39	107.2	65.74	101.91	43.86	108.71	83.43	21.54	82.57	83.55	34.41	21.02	36.01	74.11	100.12	7.07	48.01	86.45	42.05	18.03	50.25	36.77	54.57
7	85.6	31.76	20.12	77.83	60.44	43.01	66.71	0.0	70.01	81.74	44.41	84.59	58.6	86.12	38.48	73.17	16.64	17.03	62.24	46.39	81.84	14.21	79.91	64.5	89.81	58.86	42.64	67.12	60.54	56.59	85.6
8	51.04	44.94	80.81	76.03	43.57	92.14	84.39	70.01	0.0	23.77	26.48	17.8	41.05	24.41	38.91	103.97	80.41	73.25	51.62	78.24	65.8	59.84	15.81	88.39	63.39	16.28	45.22	69.34	34.99	47.8	51.04
9	73.82	51.35	96.25	99.74	67.12	110.94	107.2	81.74	23.77	0.0	44.2	12.08	64.5	5.39	44.28	126.06	88.28	80.1	75.18	99.09	89.49	69.05	9.0	110.75	86.49	23.71	66.48	92.78	58.59	71.02	73.82
10	51.88	26.4	54.34	63.51	32.14	66.89	65.74	44.41	26.48	44.2	0.0	43.08	29.15	47.17	23.77	83.01	56.65	50.54	39.01	55.17	58.42	36.25	39.36	68.26	61.03	21.26	23.71	54.34	26.25	33.14	51.88
11	64.03	56.22	97.12	92.44	60.61	109.59	101.91	84.59	17.8	12.08	43.08	0.0	58.26	9.0	49.37	121.7	93.09	85.29	68.6	96.02	81.02	73.01	5.39	106.08	76.92	26.0	63.01	86.4	52.01	65.19	64.03
12	27.02	53.49	58.52	35.74	3.0	60.3	43.86	58.6	41.05	64.5	29.15	58.26	0.0	65.46	52.39	64.4	74.41	70.77	10.77	42.45	29.27	56.85	56.86	48.6	33.12	46.32	16.12	28.3	6.4	7.21	27.02
13	72.78	56.14	100.09	100.24	67.96	114.06	108.71	86.12	24.41	5.39	47.17	9.0	65.46	0.0	49.09	128.0	93.13	85.02	76.01	101.53	89.32	73.68	8.6	112.54	85.62	27.51	68.68	93.74	59.36	72.2	72.78
14	75.58	7.07	55.61	85.01	55.32	74.52	83.43	38.48	38.91	44.28	23.77	49.37	52.39	49.09	0.0	97.58	44.05	36.01	61.52	68.45	81.58	25.0	44.18	84.43	84.76	23.77	43.05	75.06	49.98	55.33	75.58
15	75.96	93.98	55.15	41.19	62.68	32.98	21.54	73.17	103.97	126.06	83.01	121.7	64.4	128.0	97.58	0.0	87.09	90.09	55.57	29.15	56.72	83.55	119.5	15.81	68.59	104.2	59.67	39.56	70.8	57.2	75.96
16	101.41	37.01	32.0	94.41	76.42	55.15	82.57	16.64	80.41	88.28	56.65	93.09	74.41	93.13	44.05	87.09	0.0	8.54	78.64	61.85	98.41	20.62	88.02	79.83	106.15	67.12	58.69	83.73	75.8	72.86	101.41
17	97.58	29.07	35.9	93.62	73.0	59.23	83.55	17.03	73.25	80.1	50.54	85.29	70.77	85.02	36.01	90.09	8.54	0.0	76.03	63.39	96.25	14.42	80.16	81.5	103.23	59.41	55.61	82.86	71.51	70.0	97.58
18	25.96	61.85	58.59	25.0	8.06	56.14	34.41	62.24	51.62	75.18	39.01	68.6	10.77	76.01	61.52	55.57	78.64	76.03	0.0	37.01	20.62	62.77	67.42	39.82	27.59	57.01	20.59	17.8	16.64	6.32	25.96
19	62.29	64.85	31.76	37.8	41.77	19.65	21.02	46.39	78.24	99.09	55.17	96.02	42.45	101.53	68.45	29.15	61.85	63.39	37.01	0.0	48.47	55.23	93.24	18.11	59.77	76.42	33.02	29.07	48.38	35.69	62.29
20	20.81	82.28	75.6	15.81	26.31	68.01	36.01	81.84	65.8	89.49	58.42	81.02	29.27	89.32	81.58	56.72	98.41	96.25	20.62	48.47	0.0	83.24	80.99	43.0	12.0	74.33	41.15	19.65	33.02	26.93	20.81
21	83.49	18.03	33.6	81.91	59.2	55.46	74.11	14.21	59.84	69.05	36.25	73.01	56.85	73.68	25.0	83.55	20.62	14.42	62.77	55.23	83.24	0.0	68.07	73.06	89.63	47.01	42.19	71.17	57.28	56.6	83.49
22	64.94	51.09	92.97	91.71	59.36	106.17	100.12	79.91	15.81	9.0	39.36	5.39	56.86	8.6	44.18	119.5	88.02	80.16	67.42	93.24	80.99	68.07	0.0	104.0	77.67	21.1	60.31	85.15	50.77	63.6	64.94
23	61.19	81.49	49.04	28.44	46.87	31.14	7.07	64.5	88.39	110.75	68.26	106.08	48.6	112.54	84.43	15.81	79.83	81.5	39.82	18.11	43.0	73.06	104.0	0.0	55.0	89.31	44.65	24.52	55.0	41.4	61.19
24	13.0	86.41	85.44	27.46	30.53	79.4	48.01	89.81	63.39	86.49	61.03	76.92	33.12	85.62	84.76	68.59	106.15	103.23	27.59	59.77	12.0	89.63	77.67	55.0	0.0	74.17	47.63	31.4	34.79	33.3	13.0
25	62.8	30.41	72.62	82.01	49.24	87.42	86.45	58.86	16.28	23.71	21.26	26.0	46.32	27.51	23.77	104.2	67.12	59.41	57.01	76.42	74.33	47.01	21.1	89.31	74.17	0.0	44.65	73.74	41.44	51.87	62.8
26	43.01	42.3	42.95	42.11	17.8	48.08	42.05	42.64	45.22	66.48	23.71	63.01	16.12	68.68	43.05	59.67	58.69	55.61	20.59	33.02	41.15	42.19	60.31	44.65	47.63	44.65	0.0	32.02	19.42	14.42	43.01
27	36.67	74.11	57.98	10.77	25.81	48.47	18.03	67.12	69.34	92.78	54.34	86.4	28.3	93.74	75.06	39.56	83.73	82.86	17.8	29.07	19.65	71.17	85.15	24.52	31.4	73.74	32.02	0.0	34.41	21.93	36.67
28	26.4	51.88	62.37	41.23	8.6	65.76	50.25	60.54	34.99	58.59	26.25	52.01	6.4	59.36	49.98	70.8	75.8	71.51	16.64	48.38	33.02	57.28	50.77	55.0	34.79	41.44	19.42	34.41	0.0	13.6	26.4
29	29.97	55.54	54.23	30.41	6.08	54.04	36.77	56.59	47.8	71.02	33.14	65.19	7.21	72.2	55.33	57.2	72.86	70.0	6.32	35.69	26.93	56.6	63.6	41.4	33.3	51.87	14.42	21.93	13.6	0.0	29.97
;
