set K:= 1	2	3;
set C_H:= 1	2	3	4	5	6;
set C_S:= 7	8	9	10;
set C_F:= 11	12	13	14;
set M:= 15	16	17	18	19	20;
set L_B:= 21	22	23;
set A1:=
(0,*) 1 2 3 4 5 6 11 12 13 14 15 16 17 18 19 20 21 22 23
(1,*) 0 2 3 4 5 6 11 12 13 14 15 16 17 18 19 20 21 22 23
(2,*) 0 1 3 4 5 6 11 12 13 14 15 16 17 18 19 20 21 22 23
(3,*) 0 1 2 4 5 6 11 12 13 14 15 16 17 18 19 20 21 22 23
(4,*) 0 1 2 3 5 6 11 12 13 14 15 16 17 18 19 20 21 22 23
(5,*) 0 1 2 3 4 6 11 12 13 14 15 16 17 18 19 20 21 22 23
(6,*) 0 1 2 3 4 5 11 12 13 14 15 16 17 18 19 20 21 22 23
(11,*) 0 1 2 3 4 5 6 12 13 14 15 16 17 18 19 20 21 22 23
(12,*) 0 1 2 3 4 5 6 11 13 14 15 16 17 18 19 20 21 22 23
(13,*) 0 1 2 3 4 5 6 11 12 14 15 16 17 18 19 20 21 22 23
(14,*) 0 1 2 3 4 5 6 11 12 13 15 16 17 18 19 20 21 22 23
(15,*) 0 1 2 3 4 5 6 11 12 13 14 16 17 18 19 20 21 22 23
(16,*) 0 1 2 3 4 5 6 11 12 13 14 15 17 18 19 20 21 22 23
(17,*) 0 1 2 3 4 5 6 11 12 13 14 15 16 18 19 20 21 22 23
(18,*) 0 1 2 3 4 5 6 11 12 13 14 15 16 17 19 20 21 22 23
(19,*) 0 1 2 3 4 5 6 11 12 13 14 15 16 17 18 20 21 22 23
(20,*) 0 1 2 3 4 5 6 11 12 13 14 15 16 17 18 19 21 22 23
(21,*) 0 1 2 3 4 5 6 11 12 13 14 15 16 17 18 19 20 22 23
(22,*) 0 1 2 3 4 5 6 11 12 13 14 15 16 17 18 19 20 21 23
(23,*) 0 1 2 3 4 5 6 11 12 13 14 15 16 17 18 19 20 21 22
;
set A2:=
(15,*) 16
(16,*) 15
(17,*) 18
(18,*) 17
(19,*) 20
(20,*) 19
;
param BigM:=99999;
param n:= 3;
param d:=
1	9
2	24
3	6
4	21
5	3
6	14
7	8
8	12
9	18
10	2
11	6
12	16
13	19
14	15
;
param Q:=100;
param w:=
[15,*] 16 0.5
[16,*] 15 0.5
[17,*] 18 0.5
[18,*] 17 0.5
[19,*] 20 0.5
[20,*] 19 0.5
;
param V:=
[15,*] 16 96
[16,*] 15 96
[17,*] 18 96
[18,*] 17 96
[19,*] 20 91
[20,*] 19 91
;
param e:
	15	16	17	18	19	20	21	22	23:=
7	0	0	0	0	0	0	1	0	0	
8	0	0	0	0	0	0	0	1	0	
9	0	0	0	0	0	0	1	0	0	
10	0	0	0	0	0	0	0	1	0	
11	0	0	0	0	0	0	0	1	0	
12	0	0	0	0	0	0	1	0	0	
13	0	0	0	0	0	0	0	1	0	
14	0	0	0	0	0	0	1	0	0	
;
param p:=
1	3
2	3
3	3
;
param G:=
15	96
16	89
17	92
18	96
19	91
20	80
21	89
22	100
23	77
;
param s:=
0	0
1	10
2	10
3	10
4	10
5	10
6	10
11	10
12	10
13	10
14	10
15	10
16	10
17	10
18	10
19	10
20	10
21	10
22	10
23	10
;
param t:
	0	1	2	3	4	5	6	7	8	9	10	11	12	13	14	15	16	17	18	19	20	21	22	23:=
0	0.0	72.78	25.24	75.58	28.84	27.02	101.41	79.23	64.03	25.71	62.29	85.6	37.05	97.58	84.86	64.94	61.19	20.81	83.49	13.0	62.8	50.99	29.07	41.11
1	72.78	0.0	67.96	49.09	47.0	65.46	93.13	122.29	9.0	47.07	101.53	86.12	36.77	85.02	75.66	8.6	112.54	89.32	73.68	85.62	27.51	59.91	71.61	64.38
2	25.24	67.96	0.0	55.32	38.33	3.0	76.42	61.35	60.61	29.15	41.77	60.44	32.53	73.0	60.44	59.36	46.87	26.31	59.2	30.53	49.24	27.29	5.1	16.4
3	75.58	49.09	55.32	0.0	65.86	52.39	44.05	87.13	49.37	58.05	68.45	38.48	46.75	36.01	26.93	44.18	84.43	81.58	25.0	84.76	23.77	30.02	55.44	41.05
4	28.84	47.0	38.33	65.86	0.0	37.66	102.04	99.62	38.0	10.05	80.05	88.54	19.1	96.18	83.63	40.31	84.1	48.84	81.84	41.68	46.04	51.92	43.42	47.1
5	27.02	65.46	3.0	52.39	37.66	0.0	74.41	62.39	58.26	28.16	42.45	58.6	30.48	70.77	58.14	56.86	48.6	29.27	56.85	33.12	46.32	24.7	6.4	14.14
6	101.41	93.13	76.42	44.05	102.04	74.41	0.0	72.03	93.09	92.57	61.85	16.64	84.15	8.54	18.68	88.02	79.83	98.41	20.62	106.15	67.12	51.31	73.55	60.31
7	79.23	122.29	61.35	87.13	99.62	62.39	72.03	0.0	116.83	90.48	20.81	59.03	91.71	75.66	69.92	114.02	19.92	62.29	70.52	74.24	96.88	62.94	56.3	58.25
8	64.03	9.0	60.61	49.37	38.0	58.26	93.09	116.83	0.0	38.33	96.02	84.59	28.65	85.29	75.01	5.39	106.08	81.02	73.01	76.92	26.0	55.46	64.54	58.6
9	25.71	47.07	29.15	58.05	10.05	28.16	92.57	90.48	38.33	0.0	70.6	78.77	12.65	86.95	74.3	39.32	75.66	43.57	72.56	38.6	40.31	42.06	34.18	37.05
10	62.29	101.53	41.77	68.45	80.05	42.45	61.85	20.81	96.02	70.6	0.0	46.39	71.11	63.39	55.08	93.24	18.11	48.47	55.23	59.77	76.42	42.52	36.67	37.44
11	85.6	86.12	60.44	38.48	88.54	58.6	16.64	59.03	84.59	78.77	46.39	0.0	71.59	17.03	12.73	79.91	64.5	81.84	14.21	89.81	58.86	36.77	57.31	44.65
12	37.05	36.77	32.53	46.75	19.1	30.48	84.15	91.71	28.65	12.65	71.11	71.59	0.0	77.88	65.55	28.46	79.03	52.55	63.69	49.5	27.73	36.01	36.88	34.48
13	97.58	85.02	73.0	36.01	96.18	70.77	8.54	75.66	85.29	86.95	63.39	17.03	77.88	0.0	12.81	80.16	81.5	96.25	14.42	103.23	59.41	46.75	70.6	56.64
14	84.86	75.66	60.44	26.93	83.63	58.14	18.68	69.92	75.01	74.3	55.08	12.73	65.55	12.81	0.0	70.06	73.01	84.22	2.0	90.8	49.01	33.97	58.25	44.05
15	64.94	8.6	59.36	44.18	40.31	56.86	88.02	114.02	5.39	39.32	93.24	79.91	28.46	80.16	70.06	0.0	104.0	80.99	68.07	77.67	21.1	51.97	63.01	55.97
16	61.19	112.54	46.87	84.43	84.1	48.6	79.83	19.92	106.08	75.66	18.11	64.5	79.03	81.5	73.01	104.0	0.0	43.0	73.06	55.0	89.31	56.36	42.2	48.6
17	20.81	89.32	26.31	81.58	48.84	29.27	98.41	62.29	81.02	43.57	48.47	81.84	52.55	96.25	84.22	80.99	43.0	0.0	83.24	12.0	74.33	52.81	26.57	41.44
18	83.49	73.68	59.2	25.0	81.84	56.85	20.62	70.52	73.01	72.56	55.23	14.21	63.69	14.42	2.0	68.07	73.06	83.24	0.0	89.63	47.01	32.53	57.14	42.8
19	13.0	85.62	30.53	84.76	41.68	33.12	106.15	74.24	76.92	38.6	59.77	89.81	49.5	103.23	90.8	77.67	55.0	12.0	89.63	0.0	74.17	57.8	32.65	46.87
20	62.8	27.51	49.24	23.77	46.04	46.32	67.12	96.88	26.0	40.31	76.42	58.86	27.73	59.41	49.01	21.1	89.31	74.33	47.01	74.17	0.0	33.94	51.55	40.82
21	50.99	59.91	27.29	30.02	51.92	24.7	51.31	62.94	55.46	42.06	42.52	36.77	36.01	46.75	33.97	51.97	56.36	52.81	32.53	57.8	33.94	0.0	26.25	11.4
22	29.07	71.61	5.1	55.44	43.42	6.4	73.55	56.3	64.54	34.18	36.67	57.31	36.88	70.6	58.25	63.01	42.2	26.57	57.14	32.65	51.55	26.25	0.0	14.87
23	41.11	64.38	16.4	41.05	47.1	14.14	60.31	58.25	58.6	37.05	37.44	44.65	34.48	56.64	44.05	55.97	48.6	41.44	42.8	46.87	40.82	11.4	14.87	0.0
;
