set K:= 1	2	3	4;
set C_H:= 1	2	3	4	5;
set C_S:= 6	7	8;
set C_F:= 9	10	11;
set M:= 12	13	14	15	16	17;
set L_B:= 18	19	20	21;
set A1:=
(0,*) 1 2 3 4 5 9 10 11 12 13 14 15 16 17 18 19 20 21 22
(1,*) 0 2 3 4 5 9 10 11 12 13 14 15 16 17 18 19 20 21 22
(2,*) 0 1 3 4 5 9 10 11 12 13 14 15 16 17 18 19 20 21 22
(3,*) 0 1 2 4 5 9 10 11 12 13 14 15 16 17 18 19 20 21 22
(4,*) 0 1 2 3 5 9 10 11 12 13 14 15 16 17 18 19 20 21 22
(5,*) 0 1 2 3 4 9 10 11 12 13 14 15 16 17 18 19 20 21 22
(9,*) 0 1 2 3 4 5 10 11 12 13 14 15 16 17 18 19 20 21 22
(10,*) 0 1 2 3 4 5 9 11 12 13 14 15 16 17 18 19 20 21 22
(11,*) 0 1 2 3 4 5 9 10 12 13 14 15 16 17 18 19 20 21 22
(12,*) 0 1 2 3 4 5 9 10 11 13 14 15 16 17 18 19 20 21 22
(13,*) 0 1 2 3 4 5 9 10 11 12 14 15 16 17 18 19 20 21 22
(14,*) 0 1 2 3 4 5 9 10 11 12 13 15 16 17 18 19 20 21 22
(15,*) 0 1 2 3 4 5 9 10 11 12 13 14 16 17 18 19 20 21 22
(16,*) 0 1 2 3 4 5 9 10 11 12 13 14 15 17 18 19 20 21 22
(17,*) 0 1 2 3 4 5 9 10 11 12 13 14 15 16 18 19 20 21 22
(18,*) 0 1 2 3 4 5 9 10 11 12 13 14 15 16 17 19 20 21 22
(19,*) 0 1 2 3 4 5 9 10 11 12 13 14 15 16 17 18 20 21 22
(20,*) 0 1 2 3 4 5 9 10 11 12 13 14 15 16 17 18 19 21 22
(21,*) 0 1 2 3 4 5 9 10 11 12 13 14 15 16 17 18 19 20 22
(22,*) 0 1 2 3 4 5 9 10 11 12 13 14 15 16 17 18 19 20 21
;
set A2:=
(12,*) 13
(13,*) 12
;
param BigM:=99999;
param n:= 4;
param d:=
1	9
2	3
3	19
4	6
5	7
6	16
7	14
8	20
9	18
10	14
11	6
;
param Q:=100;
param w:=
[12,*] 13 0.5
[13,*] 12 0.5
;
param V:=
[12,*] 13 89
[13,*] 12 89
;
param e:
	12	13	14	15	16	17	18	19	20	21:=
6		0		0		0		0		0		1		0		0		0		0	
7		0		0		0		0		1		0		0		0		0		0	
8		1		0		0		0		0		0		0		0		0		1	
9		0		0		0		0		0		0		0		0		1		0	
10		0		1		0		0		0		0		0		0		0		0	
11		0		1		0		0		0		0		0		0		0		0	
;
param p:=
1	1
2	1
3	1
4	1
;
param G:=
12	89
13	76
14	70
15	94
16	79
17	97
18	100
19	95
20	81
21	74
;
param s:=
0	0
1	10
2	10
3	10
4	10
5	10
9	10
10	10
11	10
12	10
13	10
14	10
15	10
16	10
17	10
18	10
19	10
20	10
21	10
;
param t:
	0	1	2	3	4	5	6	7	8	9	10	11	12	13	14	15	16	17	18	19	20	21	22:=
0	0.0	72.78	27.02	74.55	75.58	54.57	37.05	16.28	25.96	25.71	101.41	85.6	20.81	83.49	64.94	61.19	13.0	62.8	38.95	74.09	46.75	36.0	0.0
1	72.78	0.0	65.46	7.62	49.09	108.71	36.77	56.52	76.01	47.07	93.13	86.12	89.32	73.68	8.6	112.54	85.62	27.51	59.4	95.71	59.2	88.01	72.78
2	27.02	65.46	0.0	64.41	52.39	43.86	30.48	24.02	10.77	28.16	74.41	58.6	29.27	56.85	56.86	48.6	33.12	46.32	13.0	49.03	20.59	22.67	27.02
3	74.55	7.62	64.41	0.0	42.43	106.83	37.66	58.31	75.13	49.09	86.37	80.08	89.84	67.27	10.2	110.26	87.13	22.47	57.01	91.07	55.87	86.61	74.55
4	75.58	49.09	52.39	42.43	0.0	83.43	46.75	63.25	61.52	58.05	44.05	38.48	81.58	25.0	44.18	84.43	84.76	23.77	39.62	54.56	33.06	68.07	75.58
5	54.57	108.71	43.86	106.83	83.43	0.0	74.33	63.06	34.41	70.18	82.57	66.71	36.01	74.11	100.12	7.07	48.01	86.45	49.93	43.08	52.8	21.4	54.57
6	37.05	36.77	30.48	37.66	46.75	74.33	0.0	21.02	40.36	12.65	84.15	71.59	52.55	63.69	28.46	79.03	49.5	27.73	29.12	71.7	33.06	53.04	37.05
7	16.28	56.52	24.02	58.31	63.25	63.06	21.02	0.0	29.41	9.49	94.34	79.61	34.41	75.0	48.66	68.94	29.12	47.8	31.78	72.84	38.95	42.15	16.28
8	25.96	76.01	10.77	75.13	61.52	34.41	40.36	29.41	0.0	35.85	78.64	62.24	20.62	62.77	67.42	39.82	27.59	57.01	22.02	48.33	28.64	13.04	25.96
9	25.71	47.07	28.16	49.09	58.05	70.18	12.65	9.49	35.85	0.0	92.57	78.77	43.57	72.56	39.32	75.66	38.6	40.31	32.25	75.03	38.33	48.88	25.71
10	101.41	93.13	74.41	86.37	44.05	82.57	84.15	94.34	78.64	92.57	0.0	16.64	98.41	20.62	88.02	79.83	106.15	67.12	63.01	39.81	55.47	77.7	101.41
11	85.6	86.12	58.6	80.08	38.48	66.71	71.59	79.61	62.24	78.77	16.64	0.0	81.84	14.21	79.91	64.5	89.81	58.86	47.89	25.02	40.72	61.06	85.6
12	20.81	89.32	29.27	89.84	81.58	36.01	52.55	34.41	20.62	43.57	98.41	81.84	0.0	83.24	80.99	43.0	12.0	74.33	41.98	65.0	49.04	22.47	20.81
13	83.49	73.68	56.85	67.27	25.0	74.11	63.69	75.0	62.77	72.56	20.62	14.21	83.24	0.0	68.07	73.06	89.63	47.01	44.55	36.06	36.77	64.51	83.49
14	64.94	8.6	56.86	10.2	44.18	100.12	28.46	48.66	67.42	39.32	88.02	79.91	80.99	68.07	0.0	104.0	77.67	21.1	50.93	88.14	51.04	79.4	64.94
15	61.19	112.54	48.6	110.26	84.43	7.07	79.03	68.94	39.82	75.66	79.83	64.5	43.0	73.06	104.0	0.0	55.0	89.31	53.26	40.02	55.23	26.83	61.19
16	13.0	85.62	33.12	87.13	84.76	48.01	49.5	29.12	27.59	38.6	106.15	89.81	12.0	89.63	77.67	55.0	0.0	74.17	46.07	74.95	53.71	33.24	13.0
17	62.8	27.51	46.32	22.47	23.77	86.45	27.73	47.8	57.01	40.31	67.12	58.86	74.33	47.01	21.1	89.31	74.17	0.0	36.67	68.6	34.21	67.23	62.8
18	38.95	59.4	13.0	57.01	39.62	49.93	29.12	31.78	22.02	32.25	63.01	47.89	41.98	44.55	50.93	53.26	46.07	36.67	0.0	43.05	7.81	30.68	38.95
19	74.09	95.71	49.03	91.07	54.56	43.08	71.7	72.84	48.33	75.03	39.81	25.02	65.0	36.06	88.14	40.02	74.95	68.6	43.05	0.0	38.83	42.64	74.09
20	46.75	59.2	20.59	55.87	33.06	52.8	33.06	38.95	28.64	38.33	55.47	40.72	49.04	36.77	51.04	55.23	53.71	34.21	7.81	38.83	0.0	35.36	46.75
21	36.0	88.01	22.67	86.61	68.07	21.4	53.04	42.15	13.04	48.88	77.7	61.06	22.47	64.51	79.4	26.83	33.24	67.23	30.68	42.64	35.36	0.0	36.0
;
