set K:= 1	2	3;
set C_H:= 1	2	3	4;
set C_S:= 5	6	7	8;
set C_F:= 9	10	11	12;
set M:= 13	14	15	16	17	18;
set M_B:= 19	20	21	22	23	24;
set L_B:= 25	26	27;
set A1:=
(0,*) 1 2 3 4 9 10 11 12 13 14 15 16 17 18 19 20 21 22 23 24 25 26 27
(1,*) 0 2 3 4 9 10 11 12 13 14 15 16 17 18 19 20 21 22 23 24 25 26 27
(2,*) 0 1 3 4 9 10 11 12 13 14 15 16 17 18 19 20 21 22 23 24 25 26 27
(3,*) 0 1 2 4 9 10 11 12 13 14 15 16 17 18 19 20 21 22 23 24 25 26 27
(4,*) 0 1 2 3 9 10 11 12 13 14 15 16 17 18 19 20 21 22 23 24 25 26 27
(9,*) 0 1 2 3 4 10 11 12 13 14 15 16 17 18 19 20 21 22 23 24 25 26 27
(10,*) 0 1 2 3 4 9 11 12 13 14 15 16 17 18 19 20 21 22 23 24 25 26 27
(11,*) 0 1 2 3 4 9 10 12 13 14 15 16 17 18 19 20 21 22 23 24 25 26 27
(12,*) 0 1 2 3 4 9 10 11 13 14 15 16 17 18 19 20 21 22 23 24 25 26 27
(13,*) 0 1 2 3 4 9 10 11 12 14 15 16 17 18 19 20 21 22 23 24 25 26 27
(14,*) 0 1 2 3 4 9 10 11 12 13 15 16 17 18 19 20 21 22 23 24 25 26 27
(15,*) 0 1 2 3 4 9 10 11 12 13 14 16 17 18 19 20 21 22 23 24 25 26 27
(16,*) 0 1 2 3 4 9 10 11 12 13 14 15 17 18 19 20 21 22 23 24 25 26 27
(17,*) 0 1 2 3 4 9 10 11 12 13 14 15 16 18 19 20 21 22 23 24 25 26 27
(18,*) 0 1 2 3 4 9 10 11 12 13 14 15 16 17 19 20 21 22 23 24 25 26 27
(19,*) 0 1 2 3 4 9 10 11 12 13 14 15 16 17 18 20 21 22 23 24 25 26 27
(20,*) 0 1 2 3 4 9 10 11 12 13 14 15 16 17 18 19 21 22 23 24 25 26 27
(21,*) 0 1 2 3 4 9 10 11 12 13 14 15 16 17 18 19 20 22 23 24 25 26 27
(22,*) 0 1 2 3 4 9 10 11 12 13 14 15 16 17 18 19 20 21 23 24 25 26 27
(23,*) 0 1 2 3 4 9 10 11 12 13 14 15 16 17 18 19 20 21 22 24 25 26 27
(24,*) 0 1 2 3 4 9 10 11 12 13 14 15 16 17 18 19 20 21 22 23 25 26 27
(25,*) 0 1 2 3 4 9 10 11 12 13 14 15 16 17 18 19 20 21 22 23 24 26 27
(26,*) 0 1 2 3 4 9 10 11 12 13 14 15 16 17 18 19 20 21 22 23 24 25 27
(27,*) 0 1 2 3 4 9 10 11 12 13 14 15 16 17 18 19 20 21 22 23 24 25 26
;
set A2:=
(13,*) 14
(14,*) 13
(15,*) 16
(16,*) 15
(17,*) 18
(18,*) 17
;
param BigM:=99999;
param n:= 3;
param d:=
1	24
2	19
3	16
4	8
5	20
6	16
7	24
8	16
9	8
10	21
11	12
12	2
;
param Q:=100;
param w:=
[13,*] 14 0.1
[14,*] 13 0.1
[15,*] 16 0.1
[16,*] 15 0.1
[17,*] 18 0.1
[18,*] 17 0.1
;
param V:=
[13,*] 14 77
[14,*] 13 77
[15,*] 16 79
[16,*] 15 79
[17,*] 18 96
[18,*] 17 96
;
param e:
	13	14	15	16	17	18	19	20	21	22	23	24	25	26	27:=
5		1		0		0		0		0		0		1		0		0		0		0		0		0		1		0	
6		0		1		0		0		0		0		0		1		0		0		0		0		0		1		0	
7		1		0		0		0		0		0		1		0		0		0		0		0		0		0		1	
8		0		0		1		0		0		1		0		0		1		0		0		1		0		1		0	
9		0		0		0		1		0		0		0		0		0		1		0		0		0		1		0	
10		0		0		1		0		0		0		0		0		1		0		0		0		0		0		1	
11		0		0		0		0		0		1		0		0		0		0		0		1		0		1		0	
12		0		0		0		1		0		0		0		0		0		1		0		0		0		0		1	
;
param p:=
1	3
2	3
3	3
;
param G:=
13	77
14	74
15	79
16	76
17	91
18	96
19	77
20	74
21	79
22	76
23	91
24	96
25	76
26	75
27	99
;
param s:=
0	0
1	10
2	10
3	10
4	10
9	10
10	10
11	10
12	10
13	10
14	10
15	10
16	10
17	10
18	10
19	10
20	10
21	10
22	10
23	10
24	10
25	10
26	10
27	10
;
param t:
	0	1	2	3	4	5	6	7	8	9	10	11	12	13	14	15	16	17	18	19	20	21	22	23	24	25	26	27:=
0	0.0	75.96	34.93	37.05	36.24	25.96	88.14	25.24	51.04	79.23	28.84	51.88	62.29	20.81	83.49	64.94	61.19	13.0	62.8	20.81	83.49	64.94	61.19	13.0	62.8	36.4	22.2	44.72
1	75.96	0.0	101.87	94.81	41.19	55.57	58.42	62.68	103.97	16.16	99.73	83.01	29.15	56.72	83.55	119.5	15.81	68.59	104.2	56.72	83.55	119.5	15.81	68.59	104.2	49.04	56.36	41.01
2	34.93	101.87	0.0	13.0	67.21	46.32	94.13	39.36	22.47	100.46	8.25	40.5	80.32	53.82	76.69	32.14	86.09	47.93	38.42	53.82	76.69	32.14	86.09	47.93	38.42	53.71	46.23	62.77
3	37.05	94.81	13.0	0.0	63.81	40.36	82.0	32.53	14.0	91.71	19.1	27.51	71.11	52.55	63.69	28.46	79.03	49.5	27.73	52.55	63.69	28.46	79.03	49.5	27.73	45.8	41.62	54.38
4	36.24	41.19	67.21	63.81	0.0	25.0	72.25	32.89	76.03	48.27	63.13	63.51	37.8	15.81	81.91	91.71	28.44	27.46	82.01	15.81	81.91	91.71	28.44	27.46	82.01	27.17	22.36	27.73
5	25.96	55.57	46.32	40.36	25.0	0.0	62.65	8.06	51.62	55.54	44.38	39.01	37.01	20.62	62.77	67.42	39.82	27.59	57.01	20.62	62.77	67.42	39.82	27.59	57.01	10.44	5.0	19.03
6	88.14	58.42	94.13	82.0	72.25	62.65	0.0	63.32	83.19	43.01	96.88	56.72	35.85	79.81	33.24	94.92	52.92	89.59	74.33	79.81	33.24	94.92	52.92	89.59	74.33	52.48	67.23	46.23
7	25.24	62.68	39.36	32.53	32.89	8.06	63.32	0.0	43.57	61.35	38.33	32.14	41.77	26.31	59.2	59.36	46.87	30.53	49.24	26.31	59.2	59.36	46.87	30.53	49.24	14.56	11.05	23.77
8	51.04	103.97	22.47	14.0	76.03	51.62	83.19	43.57	0.0	99.05	30.41	26.48	78.24	65.8	59.84	15.81	88.39	63.39	16.28	65.8	59.84	15.81	88.39	63.39	16.28	55.23	53.67	62.97
9	79.23	16.16	100.46	91.71	48.27	55.54	43.01	61.35	99.05	0.0	99.62	75.69	20.81	62.29	70.52	114.02	19.92	74.24	96.88	62.29	70.52	114.02	19.92	74.24	96.88	46.82	57.71	37.7
10	28.84	99.73	8.25	19.1	63.13	44.38	96.88	38.33	30.41	99.62	0.0	45.65	80.05	48.84	81.84	40.31	84.1	41.68	46.04	48.84	81.84	40.31	84.1	41.68	46.04	52.89	43.42	62.1
11	51.88	83.01	40.5	27.51	63.51	39.01	56.72	32.14	26.48	75.69	45.65	0.0	55.17	58.42	36.25	39.36	68.26	61.03	21.26	58.42	36.25	39.36	68.26	61.03	21.26	37.64	43.05	42.94
12	62.29	29.15	80.32	71.11	37.8	37.01	35.85	41.77	78.24	20.81	80.05	55.17	0.0	48.47	55.23	93.24	18.11	59.77	76.42	48.47	55.23	93.24	18.11	59.77	76.42	27.29	40.11	18.11
13	20.81	56.72	53.82	52.55	15.81	20.62	79.81	26.31	65.8	62.29	48.84	58.42	48.47	0.0	83.24	80.99	43.0	12.0	74.33	0.0	83.24	80.99	43.0	12.0	74.33	28.43	15.81	33.6
14	83.49	83.55	76.69	63.69	81.91	62.77	33.24	59.2	59.84	70.52	81.84	36.25	55.23	83.24	0.0	68.07	73.06	89.63	47.01	83.24	0.0	68.07	73.06	89.63	47.01	55.54	67.74	54.57
15	64.94	119.5	32.14	28.46	91.71	67.42	94.92	59.36	15.81	114.02	40.31	39.36	93.24	80.99	68.07	0.0	104.0	77.67	21.1	80.99	68.07	0.0	104.0	77.67	21.1	70.94	69.35	78.49
16	61.19	15.81	86.09	79.03	28.44	39.82	52.92	46.87	88.39	19.92	84.1	68.26	18.11	43.0	73.06	104.0	0.0	55.0	89.31	43.0	73.06	104.0	0.0	55.0	89.31	33.3	40.85	25.61
17	13.0	68.59	47.93	49.5	27.46	27.59	89.59	30.53	63.39	74.24	41.68	61.03	59.77	12.0	89.63	77.67	55.0	0.0	74.17	12.0	89.63	77.67	55.0	0.0	74.17	37.2	22.67	43.83
18	62.8	104.2	38.42	27.73	82.01	57.01	74.33	49.24	16.28	96.88	46.04	21.26	76.42	74.33	47.01	21.1	89.31	74.17	0.0	74.33	47.01	21.1	89.31	74.17	0.0	57.7	60.21	63.81
19	20.81	56.72	53.82	52.55	15.81	20.62	79.81	26.31	65.8	62.29	48.84	58.42	48.47	0.0	83.24	80.99	43.0	12.0	74.33	0.0	83.24	80.99	43.0	12.0	74.33	28.43	15.81	33.6
20	83.49	83.55	76.69	63.69	81.91	62.77	33.24	59.2	59.84	70.52	81.84	36.25	55.23	83.24	0.0	68.07	73.06	89.63	47.01	83.24	0.0	68.07	73.06	89.63	47.01	55.54	67.74	54.57
21	64.94	119.5	32.14	28.46	91.71	67.42	94.92	59.36	15.81	114.02	40.31	39.36	93.24	80.99	68.07	0.0	104.0	77.67	21.1	80.99	68.07	0.0	104.0	77.67	21.1	70.94	69.35	78.49
22	61.19	15.81	86.09	79.03	28.44	39.82	52.92	46.87	88.39	19.92	84.1	68.26	18.11	43.0	73.06	104.0	0.0	55.0	89.31	43.0	73.06	104.0	0.0	55.0	89.31	33.3	40.85	25.61
23	13.0	68.59	47.93	49.5	27.46	27.59	89.59	30.53	63.39	74.24	41.68	61.03	59.77	12.0	89.63	77.67	55.0	0.0	74.17	12.0	89.63	77.67	55.0	0.0	74.17	37.2	22.67	43.83
24	62.8	104.2	38.42	27.73	82.01	57.01	74.33	49.24	16.28	96.88	46.04	21.26	76.42	74.33	47.01	21.1	89.31	74.17	0.0	74.33	47.01	21.1	89.31	74.17	0.0	57.7	60.21	63.81
25	36.4	49.04	53.71	45.8	27.17	10.44	52.48	14.56	55.23	46.82	52.89	37.64	27.29	28.43	55.54	70.94	33.3	37.2	57.7	28.43	55.54	70.94	33.3	37.2	57.7	0.0	14.76	9.22
26	22.2	56.36	46.23	41.62	22.36	5.0	67.23	11.05	53.67	57.71	43.42	43.05	40.11	15.81	67.74	69.35	40.85	22.67	60.21	15.81	67.74	69.35	40.85	22.67	60.21	14.76	0.0	22.56
27	44.72	41.01	62.77	54.38	27.73	19.03	46.23	23.77	62.97	37.7	62.1	42.94	18.11	33.6	54.57	78.49	25.61	43.83	63.81	33.6	54.57	78.49	25.61	43.83	63.81	9.22	22.56	0.0
;
