vehicles
vehicle_idx, capacity, cost_per_unit_distance
1,100,1
2,100,1
3,100,1
4,100,1
depot
node_idx,x,y
0,82,76
home delivery customers
node_idx,x,y,service_time,demand
1,98,52,10,21
2,84,25,10,16
3,19,32,10,1
4,96,44,10,19
5,98,14,10,12
6,42,9,10,8
7,49,8,10,6
self pickup customers
node_idx,x,y,service_time,demand,locker_idxs
8,23,15,10,15,19
9,58,30,10,12,23
10,85,60,10,14,22
11,61,59,10,3,26-27-24
12,1,65,10,22,21
flexible customers
node_idx,x,y,service_time,demand,locker_idxs
13,3,82,10,8,21
14,9,97,10,24,21
15,98,5,10,9,20
16,29,89,10,7,21
17,5,10,10,14,19
lockers
node_idx,x,y,service_time,capacity,cost_per_unit_good
18,65,88,10,82
19,25,15,10,99
20,93,12,10,81
21,22,88,10,93
22,77,88,10,96
23,72,14,10,91
24,58,40,10,100
25,26,20,10,93
26,41,61,10,88
27,51,53,10,77
mrt lines
start_node_idx,end_node_idx,freight_capacity,cost_per_unit_good
18,19,99,1.5
19,18,99,1.5
20,21,93,1.5
21,20,93,1.5
22,23,96,1.5
23,22,96,1.5
distance matrix
,0,1,2,3,4,5,6,7,8,9,10,11,12,13,14,15,16,17,18,19,20,21,22,23,24,25,26,27,
0,0.0,28.84,51.04,76.84,34.93,64.03,78.03,75.58,84.86,51.88,16.28,27.02,81.74,79.23,75.96,72.78,54.57,101.41,20.81,83.49,64.94,61.19,13.0,62.8,43.27,79.2,43.66,38.6
1,28.84,0.0,30.41,81.49,8.25,38.0,70.6,65.86,83.63,45.65,15.26,37.66,97.87,99.62,99.73,47.0,78.29,102.04,48.84,81.84,40.31,84.1,41.68,46.04,41.76,78.79,57.71,47.01
2,51.04,30.41,0.0,65.38,22.47,17.8,44.94,38.91,61.81,26.48,35.01,41.05,92.14,99.05,103.97,24.41,84.39,80.41,65.8,59.84,15.81,88.39,63.39,16.28,30.02,58.22,56.08,43.28
3,76.84,81.49,65.38,0.0,77.93,81.02,32.53,38.42,17.46,39.05,71.69,49.93,37.59,52.5,65.76,83.49,57.87,26.08,72.47,18.03,76.66,56.08,80.62,55.97,39.81,13.89,36.4,38.28
4,34.93,8.25,22.47,77.93,0.0,30.07,64.35,59.2,78.55,40.5,19.42,38.08,97.29,100.46,101.87,39.05,80.71,97.14,53.82,76.69,32.14,86.09,47.93,38.42,38.21,74.0,57.57,45.89
5,64.03,38.0,17.8,81.02,30.07,0.0,56.22,49.37,75.01,43.08,47.8,58.26,109.59,116.83,121.7,9.0,101.91,93.09,81.02,73.01,5.39,106.08,76.92,26.0,47.71,72.25,73.88,61.07
6,78.03,70.6,44.94,32.53,64.35,56.22,0.0,7.07,19.92,26.4,66.71,53.49,69.4,82.76,93.98,56.14,81.05,37.01,82.28,18.03,51.09,81.49,86.41,30.41,34.89,19.42,52.01,44.91
7,75.58,65.86,38.91,38.42,59.2,49.37,7.07,0.0,26.93,23.77,63.25,52.39,74.52,87.13,97.58,49.09,83.43,44.05,81.58,25.0,44.18,84.43,84.76,23.77,33.24,25.94,53.6,45.04
8,84.86,83.63,61.81,17.46,78.55,75.01,19.92,26.93,0.0,38.08,76.61,58.14,54.63,69.92,83.19,75.66,74.24,18.68,84.22,2.0,70.06,73.01,90.8,49.01,43.01,5.83,49.4,47.2
9,51.88,45.65,26.48,39.05,40.5,43.08,26.4,23.77,38.08,0.0,40.36,29.15,66.89,75.69,83.01,47.17,65.74,56.65,58.42,36.25,39.36,68.26,61.03,21.26,10.0,33.53,35.36,24.04
10,16.28,15.26,35.01,71.69,19.42,47.8,66.71,63.25,76.61,40.36,0.0,24.02,84.15,84.9,84.53,56.52,63.06,94.34,34.41,75.0,48.66,68.94,29.12,47.8,33.6,71.28,44.01,34.71
11,27.02,37.66,41.05,49.93,38.08,58.26,53.49,52.39,58.14,29.15,24.02,0.0,60.3,62.39,64.4,65.46,43.86,74.41,29.27,56.85,56.86,48.6,33.12,46.32,19.24,52.4,20.1,11.66
12,81.74,97.87,92.14,37.59,97.29,109.59,69.4,74.52,54.63,66.89,84.15,60.3,0.0,17.12,32.98,114.06,36.88,55.15,68.01,55.46,106.17,31.14,79.4,87.42,62.24,51.48,40.2,51.42
13,79.23,99.62,99.05,52.5,100.46,116.83,82.76,87.13,69.92,75.69,84.9,62.39,17.12,0.0,16.16,122.29,26.93,72.03,62.29,70.52,114.02,19.92,74.24,96.88,69.2,66.13,43.42,56.08
14,75.96,99.73,103.97,65.76,101.87,121.7,93.98,97.58,83.19,83.01,84.53,64.4,32.98,16.16,0.0,128.0,21.54,87.09,56.72,83.55,119.5,15.81,68.59,104.2,75.17,78.85,48.17,60.83
15,72.78,47.0,24.41,83.49,39.05,9.0,56.14,49.09,75.66,47.17,56.52,65.46,114.06,122.29,128.0,0.0,108.71,93.13,89.32,73.68,8.6,112.54,85.62,27.51,53.15,73.55,79.91,67.18
16,54.57,78.29,84.39,57.87,80.71,101.91,81.05,83.43,74.24,65.74,63.06,43.86,36.88,26.93,21.54,108.71,0.0,82.57,36.01,74.11,100.12,7.07,48.01,86.45,56.94,69.07,30.46,42.19
17,101.41,102.04,80.41,26.08,97.14,93.09,37.01,44.05,18.68,56.65,94.34,74.41,55.15,72.03,87.09,93.13,82.57,0.0,98.41,20.62,88.02,79.83,106.15,67.12,60.9,23.26,62.43,62.97
18,20.81,48.84,65.8,72.47,53.82,81.02,82.28,81.58,84.22,58.42,34.41,29.27,68.01,62.29,56.72,89.32,36.01,98.41,0.0,83.24,80.99,43.0,12.0,74.33,48.51,78.39,36.12,37.7
19,83.49,81.84,59.84,18.03,76.69,73.01,18.03,25.0,2.0,36.25,75.0,56.85,55.46,70.52,83.55,73.68,74.11,20.62,83.24,0.0,68.07,73.06,89.63,47.01,41.4,5.1,48.7,46.04
20,64.94,40.31,15.81,76.66,32.14,5.39,51.09,44.18,70.06,39.36,48.66,56.86,106.17,114.02,119.5,8.6,100.12,88.02,80.99,68.07,0.0,104.0,77.67,21.1,44.82,67.48,71.45,58.69
21,61.19,84.1,88.39,56.08,86.09,106.08,81.49,84.43,73.01,68.26,68.94,48.6,31.14,19.92,15.81,112.54,7.07,79.83,43.0,73.06,104.0,0.0,55.0,89.31,60.0,68.12,33.02,45.45
22,13.0,41.68,63.39,80.62,47.93,76.92,86.41,84.76,90.8,61.03,29.12,33.12,79.4,74.24,68.59,85.62,48.01,106.15,12.0,89.63,77.67,55.0,0.0,74.17,51.62,85.0,45.0,43.6
23,62.8,46.04,16.28,55.97,38.42,26.0,30.41,23.77,49.01,21.26,47.8,46.32,87.42,96.88,104.2,27.51,86.45,67.12,74.33,47.01,21.1,89.31,74.17,0.0,29.53,46.39,56.3,44.29
24,43.27,41.76,30.02,39.81,38.21,47.71,34.89,33.24,43.01,10.0,33.6,19.24,62.24,69.2,75.17,53.15,56.94,60.9,48.51,41.4,44.82,60.0,51.62,29.53,0.0,37.74,27.02,14.76
25,79.2,78.79,58.22,13.89,74.0,72.25,19.42,25.94,5.83,33.53,71.28,52.4,51.48,66.13,78.85,73.55,69.07,23.26,78.39,5.1,67.48,68.12,85.0,46.39,37.74,0.0,43.66,41.4
26,43.66,57.71,56.08,36.4,57.57,73.88,52.01,53.6,49.4,35.36,44.01,20.1,40.2,43.42,48.17,79.91,30.46,62.43,36.12,48.7,71.45,33.02,45.0,56.3,27.02,43.66,0.0,12.81
27,38.6,47.01,43.28,38.28,45.89,61.07,44.91,45.04,47.2,24.04,34.71,11.66,51.42,56.08,60.83,67.18,42.19,62.97,37.7,46.04,58.69,45.45,43.6,44.29,14.76,41.4,12.81,0.0
