vehicles
vehicle_idx, capacity, cost_per_unit_distance
1,100,3
2,100,3
3,100,3
depot
node_idx,x,y
0,82,76
home delivery customers
node_idx,x,y,service_time,demand
1,29,89,10,7
2,5,42,10,4
3,20,70,10,2
4,61,62,10,24
5,84,25,10,16
self pickup customers
node_idx,x,y,service_time,demand,locker_idxs
6,49,8,10,6,20-19
7,57,69,10,20,20-16
8,96,44,10,19,22-14
9,61,59,10,3,22-20-16
flexible customers
node_idx,x,y,service_time,demand,locker_idxs
10,42,9,10,8,22-17
11,19,32,10,1,21-17
12,3,82,10,8,20-15
13,98,52,10,21,22-14
lockers
node_idx,x,y,service_time,capacity,cost_per_unit_good
14,93,12,10,89
15,22,88,10,98
16,65,88,10,88
17,25,15,10,70
18,77,88,10,73
19,72,14,10,91
20,48,49,10,82
21,52,35,10,88
22,78,41,10,73
mrt lines
start_node_idx,end_node_idx,freight_capacity,cost_per_unit_good
14,15,98,0.5
15,14,98,0.5
16,17,88,0.5
17,16,88,0.5
18,19,91,0.5
19,18,91,0.5
distance matrix
,0,1,2,3,4,5,6,7,8,9,10,11,12,13,14,15,16,17,18,19,20,21,22,
0,0.0,54.57,84.17,62.29,25.24,51.04,75.58,25.96,34.93,27.02,78.03,76.84,79.23,28.84,64.94,61.19,20.81,83.49,13.0,62.8,43.42,50.8,35.23
1,54.57,0.0,52.77,21.02,41.87,84.39,83.43,34.41,80.71,43.86,81.05,57.87,26.93,78.29,100.12,7.07,36.01,74.11,48.01,86.45,44.28,58.69,68.59
2,84.17,52.77,0.0,31.76,59.46,80.81,55.61,58.59,91.02,58.52,49.58,17.2,40.05,93.54,92.97,49.04,75.6,33.6,85.44,72.62,43.57,47.52,73.01
3,62.29,21.02,31.76,0.0,41.77,78.24,68.45,37.01,80.32,42.45,64.85,38.01,20.81,80.05,93.24,18.11,48.47,55.23,59.77,76.42,35.0,47.42,64.85
4,25.24,41.87,59.46,41.77,0.0,43.57,55.32,8.06,39.36,3.0,56.3,51.61,61.35,38.33,59.36,46.87,26.31,59.2,30.53,49.24,18.38,28.46,27.02
5,51.04,84.39,80.81,78.24,43.57,0.0,38.91,51.62,22.47,41.05,44.94,65.38,99.05,30.41,15.81,88.39,65.8,59.84,63.39,16.28,43.27,33.53,17.09
6,75.58,83.43,55.61,68.45,55.32,38.91,0.0,61.52,59.2,52.39,7.07,38.42,87.13,65.86,44.18,84.43,81.58,25.0,84.76,23.77,41.01,27.17,43.93
7,25.96,34.41,58.59,37.01,8.06,51.62,61.52,0.0,46.32,10.77,61.85,53.04,55.54,44.38,67.42,39.82,20.62,62.77,27.59,57.01,21.93,34.37,35.0
8,34.93,80.71,91.02,80.32,39.36,22.47,59.2,46.32,0.0,38.08,64.35,77.93,100.46,8.25,32.14,86.09,53.82,76.69,47.93,38.42,48.26,44.91,18.25
9,27.02,43.86,58.52,42.45,3.0,41.05,52.39,10.77,38.08,0.0,53.49,49.93,62.39,37.66,56.86,48.6,29.27,56.85,33.12,46.32,16.4,25.63,24.76
10,78.03,81.05,49.58,64.85,56.3,44.94,7.07,61.85,64.35,53.49,0.0,32.53,82.76,70.6,51.09,81.49,82.28,18.03,86.41,30.41,40.45,27.86,48.17
11,76.84,57.87,17.2,38.01,51.61,65.38,38.42,53.04,77.93,49.93,32.53,0.0,52.5,81.49,76.66,56.08,72.47,18.03,80.62,55.97,33.62,33.14,59.68
12,79.23,26.93,40.05,20.81,61.35,99.05,87.13,55.54,100.46,62.39,82.76,52.5,0.0,99.62,114.02,19.92,62.29,70.52,74.24,96.88,55.8,67.9,85.48
13,28.84,78.29,93.54,80.05,38.33,30.41,65.86,44.38,8.25,37.66,70.6,81.49,99.62,0.0,40.31,84.1,48.84,81.84,41.68,46.04,50.09,49.04,22.83
14,64.94,100.12,92.97,93.24,59.36,15.81,44.18,67.42,32.14,56.86,51.09,76.66,114.02,40.31,0.0,104.0,80.99,68.07,77.67,21.1,58.26,47.01,32.65
15,61.19,7.07,49.04,18.11,46.87,88.39,84.43,39.82,86.09,48.6,81.49,56.08,19.92,84.1,104.0,0.0,43.0,73.06,55.0,89.31,46.87,60.9,73.11
16,20.81,36.01,75.6,48.47,26.31,65.8,81.58,20.62,53.82,29.27,82.28,72.47,62.29,48.84,80.99,43.0,0.0,83.24,12.0,74.33,42.54,54.57,48.76
17,83.49,74.11,33.6,55.23,59.2,59.84,25.0,62.77,76.69,56.85,18.03,18.03,70.52,81.84,68.07,73.06,83.24,0.0,89.63,47.01,41.05,33.6,59.03
18,13.0,48.01,85.44,59.77,30.53,63.39,84.76,27.59,47.93,33.12,86.41,80.62,74.24,41.68,77.67,55.0,12.0,89.63,0.0,74.17,48.6,58.6,47.01
19,62.8,86.45,72.62,76.42,49.24,16.28,23.77,57.01,38.42,46.32,30.41,55.97,96.88,46.04,21.1,89.31,74.33,47.01,74.17,0.0,42.44,29.0,27.66
20,43.42,44.28,43.57,35.0,18.38,43.27,41.01,21.93,48.26,16.4,40.45,33.62,55.8,50.09,58.26,46.87,42.54,41.05,48.6,42.44,0.0,14.56,31.05
21,50.8,58.69,47.52,47.42,28.46,33.53,27.17,34.37,44.91,25.63,27.86,33.14,67.9,49.04,47.01,60.9,54.57,33.6,58.6,29.0,14.56,0.0,26.68
22,35.23,68.59,73.01,64.85,27.02,17.09,43.93,35.0,18.25,24.76,48.17,59.68,85.48,22.83,32.65,73.11,48.76,59.03,47.01,27.66,31.05,26.68,0.0
