set K:= 1	2	3	4;
set C_H:= 1	2	3	4	5	6;
set C_S:= 7	8	9	10	11	12;
set C_F:= 13	14	15	16	17	18;
set M:= 19	20	21	22	23	24;
set L_B:= 25	26	27	28;
set A1:=
(0,*) 1 2 3 4 5 6 13 14 15 16 17 18 19 20 21 22 23 24 25 26 27 28 29
(1,*) 0 2 3 4 5 6 13 14 15 16 17 18 19 20 21 22 23 24 25 26 27 28 29
(2,*) 0 1 3 4 5 6 13 14 15 16 17 18 19 20 21 22 23 24 25 26 27 28 29
(3,*) 0 1 2 4 5 6 13 14 15 16 17 18 19 20 21 22 23 24 25 26 27 28 29
(4,*) 0 1 2 3 5 6 13 14 15 16 17 18 19 20 21 22 23 24 25 26 27 28 29
(5,*) 0 1 2 3 4 6 13 14 15 16 17 18 19 20 21 22 23 24 25 26 27 28 29
(6,*) 0 1 2 3 4 5 13 14 15 16 17 18 19 20 21 22 23 24 25 26 27 28 29
(13,*) 0 1 2 3 4 5 6 14 15 16 17 18 19 20 21 22 23 24 25 26 27 28 29
(14,*) 0 1 2 3 4 5 6 13 15 16 17 18 19 20 21 22 23 24 25 26 27 28 29
(15,*) 0 1 2 3 4 5 6 13 14 16 17 18 19 20 21 22 23 24 25 26 27 28 29
(16,*) 0 1 2 3 4 5 6 13 14 15 17 18 19 20 21 22 23 24 25 26 27 28 29
(17,*) 0 1 2 3 4 5 6 13 14 15 16 18 19 20 21 22 23 24 25 26 27 28 29
(18,*) 0 1 2 3 4 5 6 13 14 15 16 17 19 20 21 22 23 24 25 26 27 28 29
(19,*) 0 1 2 3 4 5 6 13 14 15 16 17 18 20 21 22 23 24 25 26 27 28 29
(20,*) 0 1 2 3 4 5 6 13 14 15 16 17 18 19 21 22 23 24 25 26 27 28 29
(21,*) 0 1 2 3 4 5 6 13 14 15 16 17 18 19 20 22 23 24 25 26 27 28 29
(22,*) 0 1 2 3 4 5 6 13 14 15 16 17 18 19 20 21 23 24 25 26 27 28 29
(23,*) 0 1 2 3 4 5 6 13 14 15 16 17 18 19 20 21 22 24 25 26 27 28 29
(24,*) 0 1 2 3 4 5 6 13 14 15 16 17 18 19 20 21 22 23 25 26 27 28 29
(25,*) 0 1 2 3 4 5 6 13 14 15 16 17 18 19 20 21 22 23 24 26 27 28 29
(26,*) 0 1 2 3 4 5 6 13 14 15 16 17 18 19 20 21 22 23 24 25 27 28 29
(27,*) 0 1 2 3 4 5 6 13 14 15 16 17 18 19 20 21 22 23 24 25 26 28 29
(28,*) 0 1 2 3 4 5 6 13 14 15 16 17 18 19 20 21 22 23 24 25 26 27 29
(29,*) 0 1 2 3 4 5 6 13 14 15 16 17 18 19 20 21 22 23 24 25 26 27 28
;
set A2:=
(19,*) 20
(20,*) 19
(21,*) 22
(22,*) 21
;
param BigM:=99999;
param n:= 4;
param d:=
1	12
2	8
3	2
4	22
5	16
6	1
7	3
8	19
9	19
10	21
11	6
12	24
13	16
14	9
15	4
16	8
17	24
18	8
;
param Q:=100;
param w:=
[19,*] 20 0.1
[20,*] 19 0.1
[21,*] 22 0.1
[22,*] 21 0.1
;
param V:=
[19,*] 20 87
[20,*] 19 87
[21,*] 22 88
[22,*] 21 88
;
param e:
	19	20	21	22	23	24	25	26	27	28:=
7		0		0		0		0		0		0		0		1		0		0	
8		0		0		1		0		0		1		0		0		0		0	
9		0		0		1		0		0		0		0		0		0		0	
10		0		0		0		0		0		1		0		0		0		0	
11		0		1		0		0		0		0		0		0		0		0	
12		0		0		0		0		0		0		0		0		1		0	
13		0		0		1		0		0		1		0		0		0		0	
14		0		0		1		0		0		0		0		0		0		0	
15		0		1		0		0		0		0		0		0		0		0	
16		1		0		0		0		0		0		0		0		0		0	
17		0		0		1		0		0		1		0		0		0		0	
18		0		0		0		1		0		0		0		0		0		0	
;
param p:=
1	3
2	3
3	3
4	3
;
param G:=
19	87
20	87
21	88
22	79
23	94
24	81
25	91
26	100
27	75
28	92
;
param s:=
0	0
1	10
2	10
3	10
4	10
5	10
6	10
13	10
14	10
15	10
16	10
17	10
18	10
19	10
20	10
21	10
22	10
23	10
24	10
25	10
26	10
27	10
28	10
;
param t:
	0	1	2	3	4	5	6	7	8	9	10	11	12	13	14	15	16	17	18	19	20	21	22	23	24	25	26	27	28	29:=
0	0.0	64.03	78.03	62.29	81.74	37.05	76.84	27.02	74.55	34.93	77.88	85.6	25.24	51.04	72.78	84.17	36.24	73.82	79.23	20.81	83.49	64.94	61.19	13.0	62.8	41.04	51.43	33.12	48.92	0.0
1	64.03	0.0	56.22	96.02	109.59	28.65	81.02	58.26	13.89	30.07	48.84	84.59	60.61	17.8	9.0	97.12	92.44	12.08	116.83	81.02	73.01	5.39	106.08	76.92	26.0	57.2	73.25	64.35	60.9	64.03
2	78.03	56.22	0.0	64.85	69.4	51.61	32.53	53.49	49.5	64.35	8.94	31.76	56.3	44.94	56.14	49.58	84.38	51.35	82.76	82.28	18.03	51.09	81.49	86.41	30.41	40.26	44.41	52.17	35.13	78.03
3	62.29	96.02	64.85	0.0	19.65	71.11	38.01	42.45	98.31	80.32	71.59	46.39	41.77	78.24	101.53	31.76	37.8	99.09	20.81	48.47	55.23	93.24	18.11	59.77	76.42	38.83	23.35	34.48	36.07	62.29
4	81.74	109.59	69.4	19.65	0.0	86.98	37.59	60.3	109.86	97.29	77.47	43.01	60.07	92.14	114.06	23.35	56.44	110.94	17.12	68.01	55.46	106.17	31.14	79.4	87.42	53.76	37.0	52.24	48.75	81.74
5	37.05	28.65	51.61	71.11	86.98	0.0	65.38	30.48	37.66	13.0	48.08	71.59	32.53	14.0	36.77	79.06	63.81	37.11	91.71	52.55	63.69	28.46	79.03	49.5	27.73	33.24	50.0	37.44	39.32	37.05
6	76.84	81.02	32.53	38.01	37.59	65.38	0.0	49.93	78.0	77.93	41.11	9.43	51.61	65.38	83.49	17.2	68.43	79.48	52.5	72.47	18.03	76.66	56.08	80.62	55.97	36.67	27.02	44.05	28.64	76.84
7	27.02	58.26	53.49	42.45	60.3	30.48	49.93	0.0	64.41	38.08	55.11	58.6	3.0	41.05	65.46	58.52	35.74	64.5	62.39	29.27	56.85	56.86	48.6	33.12	46.32	14.21	25.71	8.06	21.93	27.02
8	74.55	13.89	49.5	98.31	109.86	37.66	78.0	64.41	0.0	42.3	41.11	80.08	67.08	24.04	7.62	94.85	99.81	2.24	118.93	89.84	67.27	10.2	110.26	87.13	22.47	60.31	75.01	69.34	62.29	74.55
9	34.93	30.07	64.35	80.32	97.29	13.0	77.93	38.08	42.3	0.0	60.31	84.4	39.36	22.47	39.05	91.02	67.21	41.11	100.46	53.82	76.69	32.14	86.09	47.93	38.42	44.18	60.67	45.88	51.0	34.93
10	77.88	48.84	8.94	71.59	77.47	48.08	41.11	55.11	41.11	60.31	0.0	40.71	58.05	39.45	48.0	58.26	88.0	43.05	90.21	84.34	26.93	43.57	87.6	87.28	23.77	43.05	50.0	55.08	39.32	77.88
11	85.6	84.59	31.76	46.39	43.01	71.59	9.43	58.6	80.08	84.4	40.71	0.0	60.44	70.01	86.12	20.12	77.83	81.74	59.03	81.84	14.21	79.91	64.5	89.81	58.86	44.94	36.4	53.08	36.89	85.6
12	25.24	60.61	56.3	41.77	60.07	32.53	51.61	3.0	67.08	39.36	58.05	60.44	0.0	43.57	67.96	59.46	32.89	67.12	61.35	26.31	59.2	59.36	46.87	30.53	49.24	16.64	26.57	8.25	24.08	25.24
13	51.04	17.8	44.94	78.24	92.14	14.0	65.38	41.05	24.04	22.47	39.45	70.01	43.57	0.0	24.41	80.81	76.03	23.77	99.05	65.8	59.84	15.81	88.39	63.39	16.28	39.41	55.57	46.75	43.38	51.04
14	72.78	9.0	56.14	101.53	114.06	36.77	83.49	65.46	7.62	39.05	48.0	86.12	67.96	24.41	0.0	100.09	100.24	5.39	122.29	89.32	73.68	8.6	112.54	85.62	27.51	62.97	78.41	71.06	65.8	72.78
15	84.17	97.12	49.58	31.76	23.35	79.06	17.2	58.52	94.85	91.02	58.26	20.12	59.46	80.81	100.09	0.0	68.01	96.25	40.05	75.6	33.6	92.97	49.04	85.44	72.62	47.38	32.89	51.26	40.05	84.17
16	36.24	92.44	84.38	37.8	56.44	63.81	68.43	35.74	99.81	67.21	88.0	77.83	32.89	76.03	100.24	68.01	0.0	99.74	48.27	15.81	81.91	91.71	28.44	27.46	82.01	45.04	42.38	33.14	49.25	36.24
17	73.82	12.08	51.35	99.09	110.94	37.11	79.48	64.5	2.24	41.11	43.05	81.74	67.12	23.77	5.39	96.25	99.74	0.0	119.75	89.49	69.05	9.0	110.75	86.49	23.71	60.88	75.82	69.63	63.13	73.82
18	79.23	116.83	82.76	20.81	17.12	91.71	52.5	62.39	118.93	100.46	90.21	59.03	61.35	99.05	122.29	40.05	48.27	119.75	0.0	62.29	70.52	114.02	19.92	74.24	96.88	59.64	43.93	54.63	56.64	79.23
19	20.81	81.02	82.28	48.47	68.01	52.55	72.47	29.27	89.84	53.82	84.34	81.84	26.31	65.8	89.32	75.6	15.81	89.49	62.29	0.0	83.24	80.99	43.0	12.0	74.33	42.06	45.45	30.46	48.33	20.81
20	83.49	73.01	18.03	55.23	55.46	63.69	18.03	56.85	67.27	76.69	26.93	14.21	59.2	59.84	73.68	33.6	81.91	69.05	70.52	83.24	0.0	68.07	73.06	89.63	47.01	42.64	39.56	53.0	35.23	83.49
21	64.94	5.39	51.09	93.24	106.17	28.46	76.66	56.86	10.2	32.14	43.57	79.91	59.36	15.81	8.6	92.97	91.71	9.0	114.02	80.99	68.07	0.0	104.0	77.67	21.1	54.56	70.21	62.48	57.69	64.94
22	61.19	106.08	81.49	18.11	31.14	79.03	56.08	48.6	110.26	86.09	87.6	64.5	46.87	88.39	112.54	49.04	28.44	110.75	19.92	43.0	73.06	104.0	0.0	55.0	89.31	50.0	37.7	41.77	49.65	61.19
23	13.0	76.92	86.41	59.77	79.4	49.5	80.62	33.12	87.13	47.93	87.28	89.81	30.53	63.39	85.62	85.44	27.46	86.49	74.24	12.0	89.63	77.67	55.0	0.0	74.17	47.17	53.91	36.88	54.41	13.0
24	62.8	26.0	30.41	76.42	87.42	27.73	55.97	46.32	22.47	38.42	23.77	58.86	49.24	16.28	27.51	72.62	82.01	23.71	96.88	74.33	47.01	21.1	89.31	74.17	0.0	39.45	53.08	49.77	40.36	62.8
25	41.04	57.2	40.26	38.83	53.76	33.24	36.67	14.21	60.31	44.18	43.05	44.94	16.64	39.41	62.97	47.38	45.04	60.88	59.64	42.06	42.64	54.56	50.0	47.17	39.45	0.0	16.76	12.04	8.06	41.04
26	51.43	73.25	44.41	23.35	37.0	50.0	27.02	25.71	75.01	60.67	50.0	36.4	26.57	55.57	78.41	32.89	42.38	75.82	43.93	45.45	39.56	70.21	37.7	53.91	53.08	16.76	0.0	18.38	12.73	51.43
27	33.12	64.35	52.17	34.48	52.24	37.44	44.05	8.06	69.34	45.88	55.08	53.08	8.25	46.75	71.06	51.26	33.14	69.63	54.63	30.46	53.0	62.48	41.77	36.88	49.77	12.04	18.38	0.0	17.89	33.12
28	48.92	60.9	35.13	36.07	48.75	39.32	28.64	21.93	62.29	51.0	39.32	36.89	24.08	43.38	65.8	40.05	49.25	63.13	56.64	48.33	35.23	57.69	49.65	54.41	40.36	8.06	12.73	17.89	0.0	48.92
;
