vehicles
vehicle_idx, capacity, cost_per_unit_distance
1,100,3
2,100,3
3,100,3
depot
node_idx,x,y
0,82,76
home delivery customers
node_idx,x,y,service_time,demand
1,84,25,10,16
2,98,5,10,9
3,50,5,10,21
4,3,82,10,8
self pickup customers
node_idx,x,y,service_time,demand,locker_idxs
5,49,8,10,6,15-13
6,29,89,10,7,15-14-13
7,23,15,10,15,15-13
8,5,10,10,14,17-14-13
flexible customers
node_idx,x,y,service_time,demand,locker_idxs
9,5,42,10,4,15-14-13
10,9,97,10,24,17-14
11,20,70,10,2,17-14-13
12,14,24,10,6,16-14
lockers
node_idx,x,y,service_time,capacity,cost_per_unit_good
13,93,12,10,72
14,22,88,10,74
15,57,42,10,76
16,44,54,10,75
17,39,59,10,93
mrt lines
start_node_idx,end_node_idx,freight_capacity,cost_per_unit_good
distance matrix
,0,1,2,3,4,5,6,7,8,9,10,11,12,13,14,15,16,17,
0,0.0,51.04,72.78,77.88,79.23,75.58,54.57,84.86,101.41,84.17,75.96,62.29,85.6,64.94,61.19,42.2,43.91,46.24
1,51.04,0.0,24.41,39.45,99.05,38.91,84.39,61.81,80.41,80.81,103.97,78.24,70.01,15.81,88.39,31.91,49.41,56.4
2,72.78,24.41,0.0,48.0,122.29,49.09,108.71,75.66,93.13,100.09,128.0,101.53,86.12,8.6,112.54,55.23,72.92,79.98
3,77.88,39.45,48.0,0.0,90.21,3.16,86.59,28.79,45.28,58.26,100.72,71.59,40.71,43.57,87.6,37.66,49.37,55.11
4,79.23,99.05,122.29,90.21,0.0,87.13,26.93,69.92,72.03,40.05,16.16,20.81,59.03,114.02,19.92,67.2,49.65,42.72
5,75.58,38.91,49.09,3.16,87.13,0.0,83.43,26.93,44.05,55.61,97.58,68.45,38.48,44.18,84.43,34.93,46.27,51.97
6,54.57,84.39,108.71,86.59,26.93,83.43,0.0,74.24,82.57,52.77,21.54,21.02,66.71,100.12,7.07,54.71,38.08,31.62
7,84.86,61.81,75.66,28.79,69.92,26.93,74.24,0.0,18.68,32.45,83.19,55.08,12.73,70.06,73.01,43.42,44.29,46.82
8,101.41,80.41,93.13,45.28,72.03,44.05,82.57,18.68,0.0,32.0,87.09,61.85,16.64,88.02,79.83,61.06,58.8,59.64
9,84.17,80.81,100.09,58.26,40.05,55.61,52.77,32.45,32.0,0.0,55.15,31.76,20.12,92.97,49.04,52.0,40.8,38.01
10,75.96,103.97,128.0,100.72,16.16,97.58,21.54,83.19,87.09,55.15,0.0,29.15,73.17,119.5,15.81,73.0,55.44,48.41
11,62.29,78.24,101.53,71.59,20.81,68.45,21.02,55.08,61.85,31.76,29.15,0.0,46.39,93.24,18.11,46.4,28.84,21.95
12,85.6,70.01,86.12,40.71,59.03,38.48,66.71,12.73,16.64,20.12,73.17,46.39,0.0,79.91,64.5,46.62,42.43,43.01
13,64.94,15.81,8.6,43.57,114.02,44.18,100.12,70.06,88.02,92.97,119.5,93.24,79.91,0.0,104.0,46.86,64.54,71.59
14,61.19,88.39,112.54,87.6,19.92,84.43,7.07,73.01,79.83,49.04,15.81,18.11,64.5,104.0,0.0,57.8,40.5,33.62
15,42.2,31.91,55.23,37.66,67.2,34.93,54.71,43.42,61.06,52.0,73.0,46.4,46.62,46.86,57.8,0.0,17.69,24.76
16,43.91,49.41,72.92,49.37,49.65,46.27,38.08,44.29,58.8,40.8,55.44,28.84,42.43,64.54,40.5,17.69,0.0,7.07
17,46.24,56.4,79.98,55.11,42.72,51.97,31.62,46.82,59.64,38.01,48.41,21.95,43.01,71.59,33.62,24.76,7.07,0.0
