vehicles
vehicle_idx, capacity, cost_per_unit_distance
1,100,3
2,100,3
3,100,3
depot
node_idx,x,y
0,82,76
home delivery customers
node_idx,x,y,service_time,demand
1,85,60,10,14
2,50,5,10,21
3,98,52,10,21
4,3,82,10,8
5,23,15,10,15
6,61,62,10,24
self pickup customers
node_idx,x,y,service_time,demand,locker_idxs
7,13,7,10,19,21-18
8,80,55,10,2,21-17
9,84,39,10,16,21-15-17
10,29,89,10,7,20-16
flexible customers
node_idx,x,y,service_time,demand,locker_idxs
11,96,44,10,19,19-15-17
12,91,2,10,19,21-15
13,1,65,10,22,19-16-18
14,9,97,10,24,21-16
lockers
node_idx,x,y,service_time,capacity,cost_per_unit_good
15,93,12,10,100
16,22,88,10,91
17,65,88,10,90
18,25,15,10,95
19,37,49,10,83
20,41,65,10,77
21,58,55,10,84
mrt lines
start_node_idx,end_node_idx,freight_capacity,cost_per_unit_good
15,16,100,0.5
16,15,100,0.5
17,18,95,0.5
18,17,95,0.5
distance matrix
,0,1,2,3,4,5,6,7,8,9,10,11,12,13,14,15,16,17,18,19,20,21,
0,0.0,16.28,77.88,28.84,79.23,84.86,25.24,97.58,21.1,37.05,54.57,34.93,74.55,81.74,75.96,64.94,61.19,20.81,83.49,52.48,42.45,31.89
1,16.28,0.0,65.19,15.26,84.9,76.61,24.08,89.4,7.07,21.02,63.06,19.42,58.31,84.15,84.53,48.66,68.94,34.41,75.0,49.24,44.28,27.46
2,77.88,65.19,0.0,67.18,90.21,28.79,58.05,37.05,58.31,48.08,86.59,60.31,41.11,77.47,100.72,43.57,87.6,84.34,26.93,45.88,60.67,50.64
3,28.84,15.26,67.18,0.0,99.62,83.63,38.33,96.18,18.25,19.1,78.29,8.25,50.49,97.87,99.73,40.31,84.1,48.84,81.84,61.07,58.46,40.11
4,79.23,84.9,90.21,99.62,0.0,69.92,61.35,75.66,81.6,91.71,26.93,100.46,118.93,17.12,16.16,114.02,19.92,62.29,70.52,47.38,41.63,61.27
5,84.86,76.61,28.79,83.63,69.92,0.0,60.44,12.81,69.63,65.55,74.24,78.55,69.23,54.63,83.19,70.06,73.01,84.22,2.0,36.77,53.14,53.15
6,25.24,24.08,58.05,38.33,61.35,60.44,0.0,73.0,20.25,32.53,41.87,39.36,67.08,60.07,62.68,59.36,46.87,26.31,59.2,27.29,20.22,7.62
7,97.58,89.4,37.05,96.18,75.66,12.81,73.0,0.0,82.42,77.88,83.55,90.87,78.16,59.23,90.09,80.16,81.5,96.25,14.42,48.37,64.4,65.8
8,21.1,7.07,58.31,18.25,81.6,69.63,20.25,82.42,0.0,16.49,61.29,19.42,54.13,79.63,82.49,44.92,66.73,36.25,68.01,43.42,40.26,22.0
9,37.05,21.02,48.08,19.1,91.71,65.55,32.53,77.88,16.49,0.0,74.33,13.0,37.66,86.98,94.81,28.46,79.03,52.55,63.69,48.05,50.25,30.53
10,54.57,63.06,86.59,78.29,26.93,74.24,41.87,83.55,61.29,74.33,0.0,80.71,106.83,36.88,21.54,100.12,7.07,36.01,74.11,40.79,26.83,44.69
11,34.93,19.42,60.31,8.25,100.46,78.55,39.36,90.87,19.42,13.0,80.71,0.0,42.3,97.29,101.87,32.14,86.09,53.82,76.69,59.21,58.87,39.56
12,74.55,58.31,41.11,50.49,118.93,69.23,67.08,78.16,54.13,37.66,106.83,42.3,0.0,109.86,125.5,10.2,110.26,89.84,67.27,71.59,80.43,62.43
13,81.74,84.15,77.47,97.87,17.12,54.63,60.07,59.23,79.63,86.98,36.88,97.29,109.86,0.0,32.98,106.17,31.14,68.01,55.46,39.4,40.0,57.87
14,75.96,84.53,100.72,99.73,16.16,83.19,62.68,90.09,82.49,94.81,21.54,101.87,125.5,32.98,0.0,119.5,15.81,56.72,83.55,55.57,45.25,64.54
15,64.94,48.66,43.57,40.31,114.02,70.06,59.36,80.16,44.92,28.46,100.12,32.14,10.2,106.17,119.5,0.0,104.0,80.99,68.07,67.12,74.25,55.44
16,61.19,68.94,87.6,84.1,19.92,73.01,46.87,81.5,66.73,79.03,7.07,86.09,110.26,31.14,15.81,104.0,0.0,43.0,73.06,41.79,29.83,48.84
17,20.81,34.41,84.34,48.84,62.29,84.22,26.31,96.25,36.25,52.55,36.01,53.82,89.84,68.01,56.72,80.99,43.0,0.0,83.24,48.01,33.24,33.73
18,83.49,75.0,26.93,81.84,70.52,2.0,59.2,14.42,68.01,63.69,74.11,76.69,67.27,55.46,83.55,68.07,73.06,83.24,0.0,36.06,52.5,51.86
19,52.48,49.24,45.88,61.07,47.38,36.77,27.29,48.37,43.42,48.05,40.79,59.21,71.59,39.4,55.57,67.12,41.79,48.01,36.06,0.0,16.49,21.84
20,42.45,44.28,60.67,58.46,41.63,53.14,20.22,64.4,40.26,50.25,26.83,58.87,80.43,40.0,45.25,74.25,29.83,33.24,52.5,16.49,0.0,19.72
21,31.89,27.46,50.64,40.11,61.27,53.15,7.62,65.8,22.0,30.53,44.69,39.56,62.43,57.87,64.54,55.44,48.84,33.73,51.86,21.84,19.72,0.0
