vehicles
vehicle_idx, capacity, cost_per_unit_distance
1,100,3
2,100,3
3,100,3
depot
node_idx,x,y
0,82,76
home delivery customers
node_idx,x,y,service_time,demand
1,98,14,10,12
2,9,97,10,24
3,49,8,10,6
4,88,51,10,18
self pickup customers
node_idx,x,y,service_time,demand,locker_idxs
5,85,60,10,14,21-17-15
6,50,93,10,8,20-15
7,1,65,10,22,21-14
8,13,7,10,19,19-16
flexible customers
node_idx,x,y,service_time,demand,locker_idxs
9,98,52,10,21,19-13
10,23,15,10,15,20-16-18
11,58,30,10,12,21-19-18
12,84,25,10,16,21-13-18
lockers
node_idx,x,y,service_time,capacity,cost_per_unit_good
13,93,12,10,73
14,22,88,10,82
15,65,88,10,83
16,25,15,10,74
17,77,88,10,82
18,72,14,10,93
19,51,51,10,71
20,33,71,10,71
21,61,12,10,84
mrt lines
start_node_idx,end_node_idx,freight_capacity,cost_per_unit_good
13,14,82,0.5
14,13,82,0.5
15,16,83,0.5
16,15,83,0.5
17,18,93,0.5
18,17,93,0.5
distance matrix
,0,1,2,3,4,5,6,7,8,9,10,11,12,13,14,15,16,17,18,19,20,21,
0,0.0,64.03,75.96,75.58,25.71,16.28,36.24,81.74,97.58,28.84,84.86,51.88,51.04,64.94,61.19,20.81,83.49,13.0,62.8,39.82,49.25,67.36
1,64.03,0.0,121.7,49.37,38.33,47.8,92.44,109.59,85.29,38.0,75.01,43.08,17.8,5.39,106.08,81.02,73.01,76.92,26.0,59.82,86.45,37.05
2,75.96,121.7,0.0,97.58,91.42,84.53,41.19,32.98,90.09,99.73,83.19,83.01,103.97,119.5,15.81,56.72,83.55,68.59,104.2,62.29,35.38,99.64
3,75.58,49.37,97.58,0.0,58.05,63.25,85.01,74.52,36.01,65.86,26.93,23.77,38.91,44.18,84.43,81.58,25.0,84.76,23.77,43.05,65.0,12.65
4,25.71,38.33,91.42,58.05,0.0,9.49,56.64,88.12,86.95,10.05,74.3,36.62,26.31,39.32,75.66,43.57,72.56,38.6,40.31,37.0,58.52,47.43
5,16.28,47.8,84.53,63.25,9.49,0.0,48.1,84.15,89.4,15.26,76.61,40.36,35.01,48.66,68.94,34.41,75.0,29.12,47.8,35.17,53.15,53.67
6,36.24,92.44,41.19,85.01,56.64,48.1,0.0,56.44,93.62,63.13,82.54,63.51,76.03,91.71,28.44,15.81,81.91,27.46,82.01,42.01,27.8,81.74
7,81.74,109.59,32.98,74.52,88.12,84.15,56.44,0.0,59.23,97.87,54.63,66.89,92.14,106.17,31.14,68.01,55.46,79.4,87.42,51.92,32.56,80.06
8,97.58,85.29,90.09,36.01,86.95,89.4,93.62,59.23,0.0,96.18,12.81,50.54,73.25,80.16,81.5,96.25,14.42,103.23,59.41,58.14,67.05,48.26
9,28.84,38.0,99.73,65.86,10.05,15.26,63.13,97.87,96.18,0.0,83.63,45.65,30.41,40.31,84.1,48.84,81.84,41.68,46.04,47.01,67.72,54.49
10,84.86,75.01,83.19,26.93,74.3,76.61,82.54,54.63,12.81,83.63,0.0,38.08,61.81,70.06,73.01,84.22,2.0,90.8,49.01,45.61,56.89,38.12
11,51.88,43.08,83.01,23.77,36.62,40.36,63.51,66.89,50.54,45.65,38.08,0.0,26.48,39.36,68.26,58.42,36.25,61.03,21.26,22.14,48.02,18.25
12,51.04,17.8,103.97,38.91,26.31,35.01,76.03,92.14,73.25,30.41,61.81,26.48,0.0,15.81,88.39,65.8,59.84,63.39,16.28,42.01,68.68,26.42
13,64.94,5.39,119.5,44.18,39.32,48.66,91.71,106.17,80.16,40.31,70.06,39.36,15.81,0.0,104.0,80.99,68.07,77.67,21.1,57.31,84.15,32.0
14,61.19,106.08,15.81,84.43,75.66,68.94,28.44,31.14,81.5,84.1,73.01,68.26,88.39,104.0,0.0,43.0,73.06,55.0,89.31,47.01,20.25,85.42
15,20.81,81.02,56.72,81.58,43.57,34.41,15.81,68.01,96.25,48.84,84.22,58.42,65.8,80.99,43.0,0.0,83.24,12.0,74.33,39.56,36.24,76.11
16,83.49,73.01,83.55,25.0,72.56,75.0,81.91,55.46,14.42,81.84,2.0,36.25,59.84,68.07,73.06,83.24,0.0,89.63,47.01,44.41,56.57,36.12
17,13.0,76.92,68.59,84.76,38.6,29.12,27.46,79.4,103.23,41.68,90.8,61.03,63.39,77.67,55.0,12.0,89.63,0.0,74.17,45.22,47.17,77.67
18,62.8,26.0,104.2,23.77,40.31,47.8,82.01,87.42,59.41,46.04,49.01,21.26,16.28,21.1,89.31,74.33,47.01,74.17,0.0,42.54,69.07,11.18
19,39.82,59.82,62.29,43.05,37.0,35.17,42.01,51.92,58.14,47.01,45.61,22.14,42.01,57.31,47.01,39.56,44.41,45.22,42.54,0.0,26.91,40.26
20,49.25,86.45,35.38,65.0,58.52,53.15,27.8,32.56,67.05,67.72,56.89,48.02,68.68,84.15,20.25,36.24,56.57,47.17,69.07,26.91,0.0,65.31
21,67.36,37.05,99.64,12.65,47.43,53.67,81.74,80.06,48.26,54.49,38.12,18.25,26.42,32.0,85.42,76.11,36.12,77.67,11.18,40.26,65.31,0.0
