set K:= 1	2	3	4;
set C_H:= 1	2	3	4	5	6	7;
set C_S:= 8	9	10	11	12	13;
set C_F:= 14	15	16	17	18	19;
set M:= 20	21	22	23	24	25;
set L_B:= 26	27	28	29;
set A1:=
(0,*) 1 2 3 4 5 6 7 14 15 16 17 18 19 20 21 22 23 24 25 26 27 28 29 30
(1,*) 0 2 3 4 5 6 7 14 15 16 17 18 19 20 21 22 23 24 25 26 27 28 29 30
(2,*) 0 1 3 4 5 6 7 14 15 16 17 18 19 20 21 22 23 24 25 26 27 28 29 30
(3,*) 0 1 2 4 5 6 7 14 15 16 17 18 19 20 21 22 23 24 25 26 27 28 29 30
(4,*) 0 1 2 3 5 6 7 14 15 16 17 18 19 20 21 22 23 24 25 26 27 28 29 30
(5,*) 0 1 2 3 4 6 7 14 15 16 17 18 19 20 21 22 23 24 25 26 27 28 29 30
(6,*) 0 1 2 3 4 5 7 14 15 16 17 18 19 20 21 22 23 24 25 26 27 28 29 30
(7,*) 0 1 2 3 4 5 6 14 15 16 17 18 19 20 21 22 23 24 25 26 27 28 29 30
(14,*) 0 1 2 3 4 5 6 7 15 16 17 18 19 20 21 22 23 24 25 26 27 28 29 30
(15,*) 0 1 2 3 4 5 6 7 14 16 17 18 19 20 21 22 23 24 25 26 27 28 29 30
(16,*) 0 1 2 3 4 5 6 7 14 15 17 18 19 20 21 22 23 24 25 26 27 28 29 30
(17,*) 0 1 2 3 4 5 6 7 14 15 16 18 19 20 21 22 23 24 25 26 27 28 29 30
(18,*) 0 1 2 3 4 5 6 7 14 15 16 17 19 20 21 22 23 24 25 26 27 28 29 30
(19,*) 0 1 2 3 4 5 6 7 14 15 16 17 18 20 21 22 23 24 25 26 27 28 29 30
(20,*) 0 1 2 3 4 5 6 7 14 15 16 17 18 19 21 22 23 24 25 26 27 28 29 30
(21,*) 0 1 2 3 4 5 6 7 14 15 16 17 18 19 20 22 23 24 25 26 27 28 29 30
(22,*) 0 1 2 3 4 5 6 7 14 15 16 17 18 19 20 21 23 24 25 26 27 28 29 30
(23,*) 0 1 2 3 4 5 6 7 14 15 16 17 18 19 20 21 22 24 25 26 27 28 29 30
(24,*) 0 1 2 3 4 5 6 7 14 15 16 17 18 19 20 21 22 23 25 26 27 28 29 30
(25,*) 0 1 2 3 4 5 6 7 14 15 16 17 18 19 20 21 22 23 24 26 27 28 29 30
(26,*) 0 1 2 3 4 5 6 7 14 15 16 17 18 19 20 21 22 23 24 25 27 28 29 30
(27,*) 0 1 2 3 4 5 6 7 14 15 16 17 18 19 20 21 22 23 24 25 26 28 29 30
(28,*) 0 1 2 3 4 5 6 7 14 15 16 17 18 19 20 21 22 23 24 25 26 27 29 30
(29,*) 0 1 2 3 4 5 6 7 14 15 16 17 18 19 20 21 22 23 24 25 26 27 28 30
(30,*) 0 1 2 3 4 5 6 7 14 15 16 17 18 19 20 21 22 23 24 25 26 27 28 29
;
set A2:=
(20,*) 21
(21,*) 20
(22,*) 23
(23,*) 22
(24,*) 25
(25,*) 24
;
param BigM:=99999;
param n:= 4;
param d:=
1	20
2	12
3	4
4	24
5	8
6	19
7	22
8	8
9	15
10	6
11	19
12	16
13	3
14	16
15	7
16	12
17	2
18	14
19	24
;
param Q:=100;
param w:=
[20,*] 21 0.5
[21,*] 20 0.5
[22,*] 23 0.5
[23,*] 22 0.5
[24,*] 25 0.5
[25,*] 24 0.5
;
param V:=
[20,*] 21 84
[21,*] 20 84
[22,*] 23 79
[23,*] 22 79
[24,*] 25 92
[25,*] 24 92
;
param e:
	20	21	22	23	24	25	26	27	28	29:=
8		0		1		0		0		0		0		0		0		0		0	
9		0		1		0		0		0		0		0		0		0		0	
10		0		1		0		0		0		1		0		0		0		0	
11		0		0		0		0		0		0		0		1		0		0	
12		0		0		1		0		0		0		0		1		0		0	
13		0		0		0		0		0		0		0		0		1		1	
14		0		0		0		0		0		0		0		1		0		0	
15		0		0		0		1		0		0		0		0		0		0	
16		0		0		1		0		0		0		0		1		0		0	
17		0		0		0		1		0		0		0		0		0		0	
18		0		1		0		0		0		0		0		0		0		0	
19		0		0		0		0		0		0		0		0		1		1	
;
param p:=
1	1
2	1
3	1
4	1
;
param G:=
20	84
21	83
22	73
23	79
24	92
25	84
26	72
27	98
28	70
29	87
;
param s:=
0	0
1	10
2	10
3	10
4	10
5	10
6	10
7	10
14	10
15	10
16	10
17	10
18	10
19	10
20	10
21	10
22	10
23	10
24	10
25	10
26	10
27	10
28	10
29	10
;
param t:
	0	1	2	3	4	5	6	7	8	9	10	11	12	13	14	15	16	17	18	19	20	21	22	23	24	25	26	27	28	29	30:=
0	0.0	25.96	51.88	84.17	75.96	36.24	97.58	81.74	78.03	84.86	75.58	34.93	51.04	27.02	37.05	54.57	64.03	62.29	101.41	25.24	20.81	83.49	64.94	61.19	13.0	62.8	52.33	45.22	40.61	38.28	0.0
1	25.96	0.0	39.01	58.59	55.57	25.0	76.03	56.14	61.85	63.81	61.52	46.32	51.62	10.77	40.36	34.41	68.6	37.01	78.64	8.06	20.62	62.77	67.42	39.82	27.59	57.01	27.2	53.08	19.31	15.65	25.96
2	51.88	39.01	0.0	54.34	83.01	63.51	50.54	66.89	26.4	38.08	23.77	40.5	26.48	29.15	27.51	65.74	43.08	55.17	56.65	32.14	58.42	36.25	39.36	68.26	61.03	21.26	32.53	38.12	22.47	26.25	51.88
3	84.17	58.59	54.34	0.0	55.15	68.01	35.9	23.35	49.58	32.45	55.61	91.02	80.81	58.52	79.06	52.77	97.12	31.76	32.0	59.46	75.6	33.6	92.97	49.04	85.44	72.62	31.95	91.44	45.89	46.84	84.17
4	75.96	55.57	83.01	55.15	0.0	41.19	90.09	32.98	93.98	83.19	97.58	101.87	103.97	64.4	94.81	21.54	121.7	29.15	87.09	62.68	56.72	83.55	119.5	15.81	68.59	104.2	51.11	108.0	61.62	58.69	75.96
5	36.24	25.0	63.51	68.01	41.19	0.0	93.62	56.44	84.38	82.54	85.01	67.21	76.03	35.74	63.81	21.38	92.44	37.8	94.41	32.89	15.81	81.91	91.71	28.44	27.46	82.01	42.72	75.6	42.0	38.0	36.24
6	97.58	76.03	50.54	35.9	90.09	93.62	0.0	59.23	29.07	12.81	36.01	90.87	73.25	70.77	77.88	83.55	85.29	63.39	8.54	73.0	96.25	14.42	80.16	81.5	103.23	59.41	50.99	86.98	57.49	60.61	97.58
7	81.74	56.14	66.89	23.35	32.98	56.44	59.23	0.0	69.4	54.63	74.52	97.29	92.14	60.3	86.98	36.88	109.59	19.65	55.15	60.07	68.01	55.46	106.17	31.14	79.4	87.42	36.06	100.24	50.96	50.01	81.74
8	78.03	61.85	26.4	49.58	93.98	84.38	29.07	69.4	0.0	19.92	7.07	64.35	44.94	53.49	51.61	81.05	56.22	64.85	37.01	56.3	82.28	18.03	51.09	81.49	86.41	30.41	44.55	59.09	42.76	46.69	78.03
9	84.86	63.81	38.08	32.45	83.19	82.54	12.81	54.63	19.92	0.0	26.93	78.55	61.81	58.14	65.55	74.24	75.01	55.08	18.68	60.44	84.22	2.0	70.06	73.01	90.8	49.01	39.85	75.19	45.0	48.26	84.86
10	75.58	61.52	23.77	55.61	97.58	85.01	36.01	74.52	7.07	26.93	0.0	59.2	38.91	52.39	46.75	83.43	49.37	68.45	44.05	55.32	81.58	25.0	44.18	84.43	84.76	23.77	47.13	53.24	43.01	47.01	75.58
11	34.93	46.32	40.5	91.02	101.87	67.21	90.87	97.29	64.35	78.55	59.2	0.0	22.47	38.08	13.0	80.71	30.07	80.32	97.14	39.36	53.82	76.69	32.14	86.09	47.93	38.42	61.66	11.0	46.53	47.3	34.93
12	51.04	51.62	26.48	80.81	103.97	76.03	73.25	92.14	44.94	61.81	38.91	22.47	0.0	41.05	14.0	84.39	17.8	78.24	80.41	43.57	65.8	59.84	15.81	88.39	63.39	16.28	56.44	14.42	42.8	45.34	51.04
13	27.02	10.77	29.15	58.52	64.4	35.74	70.77	60.3	53.49	58.14	52.39	38.08	41.05	0.0	30.48	43.86	58.26	42.45	74.41	3.0	29.27	56.85	56.86	48.6	33.12	46.32	26.68	43.6	13.6	11.7	27.02
14	37.05	40.36	27.51	79.06	94.81	63.81	77.88	86.98	51.61	65.55	46.75	13.0	14.0	30.48	0.0	74.33	28.65	71.11	84.15	32.53	52.55	63.69	28.46	79.03	49.5	27.73	50.96	13.42	36.06	37.58	37.05
15	54.57	34.41	65.74	52.77	21.54	21.38	83.55	36.88	81.05	74.24	83.43	80.71	84.39	43.86	74.33	0.0	101.91	21.02	82.57	41.87	36.01	74.11	100.12	7.07	48.01	86.45	36.5	87.32	43.42	39.96	54.57
16	64.03	68.6	43.08	97.12	121.7	92.44	85.29	109.59	56.22	75.01	49.37	30.07	17.8	58.26	28.65	101.91	0.0	96.02	93.09	60.61	81.02	73.01	5.39	106.08	76.92	26.0	74.09	19.1	60.61	63.13	64.03
17	62.29	37.01	55.17	31.76	29.15	37.8	63.39	19.65	64.85	55.08	68.45	80.32	78.24	42.45	71.11	21.02	96.02	0.0	61.85	41.77	48.47	55.23	93.24	18.11	59.77	76.42	22.67	84.53	35.51	33.54	62.29
18	101.41	78.64	56.65	32.0	87.09	94.41	8.54	55.15	37.01	18.68	44.05	97.14	80.41	74.41	84.15	82.57	93.09	61.85	0.0	76.42	98.41	20.62	88.02	79.83	106.15	67.12	52.43	93.86	60.88	63.64	101.41
19	25.24	8.06	32.14	59.46	62.68	32.89	73.0	60.07	56.3	60.44	55.32	39.36	43.57	3.0	32.53	41.87	60.61	41.77	76.42	0.0	26.31	59.2	59.36	46.87	30.53	49.24	27.51	45.45	15.56	13.04	25.24
20	20.81	20.62	58.42	75.6	56.72	15.81	96.25	68.01	82.28	84.22	81.58	53.82	65.8	29.27	52.55	36.01	81.02	48.47	98.41	26.31	0.0	83.24	80.99	43.0	12.0	74.33	46.1	63.13	39.92	36.25	20.81
21	83.49	62.77	36.25	33.6	83.55	81.91	14.42	55.46	18.03	2.0	25.0	76.69	59.84	56.85	63.69	74.11	73.01	55.23	20.62	59.2	83.24	0.0	68.07	73.06	89.63	47.01	39.29	73.25	43.83	47.17	83.49
22	64.94	67.42	39.36	92.97	119.5	91.71	80.16	106.17	51.09	70.06	44.18	32.14	15.81	56.86	28.46	100.12	5.39	93.24	88.02	59.36	80.99	68.07	0.0	104.0	77.67	21.1	71.03	21.21	58.05	60.81	64.94
23	61.19	39.82	68.26	49.04	15.81	28.44	81.5	31.14	81.49	73.01	84.43	86.09	88.39	48.6	79.03	7.07	106.08	18.11	79.83	46.87	43.0	73.06	104.0	0.0	55.0	89.31	37.34	92.2	46.4	43.28	61.19
24	13.0	27.59	61.03	85.44	68.59	27.46	103.23	79.4	86.41	90.8	84.76	47.93	63.39	33.12	49.5	48.01	76.92	59.77	106.15	30.53	12.0	89.63	77.67	55.0	0.0	74.17	54.67	58.19	45.8	42.64	13.0
25	62.8	57.01	21.26	72.62	104.2	82.01	59.41	87.42	30.41	49.01	23.77	38.42	16.28	46.32	27.73	86.45	26.0	76.42	67.12	49.24	74.33	47.01	21.1	89.31	74.17	0.0	53.76	30.61	43.05	46.53	62.8
26	52.33	27.2	32.53	31.95	51.11	42.72	50.99	36.06	44.55	39.85	47.13	61.66	56.44	26.68	50.96	36.5	74.09	22.67	52.43	27.51	46.1	39.29	71.03	37.34	54.67	53.76	0.0	64.2	15.13	15.13	52.33
27	45.22	53.08	38.12	91.44	108.0	75.6	86.98	100.24	59.09	75.19	53.24	11.0	14.42	43.6	13.42	87.32	19.1	84.53	93.86	45.45	63.13	73.25	21.21	92.2	58.19	30.61	64.2	0.0	49.4	50.99	45.22
28	40.61	19.31	22.47	45.89	61.62	42.0	57.49	50.96	42.76	45.0	43.01	46.53	42.8	13.6	36.06	43.42	60.61	35.51	60.88	15.56	39.92	43.83	58.05	46.4	45.8	43.05	15.13	49.4	0.0	4.0	40.61
29	38.28	15.65	26.25	46.84	58.69	38.0	60.61	50.01	46.69	48.26	47.01	47.3	45.34	11.7	37.58	39.96	63.13	33.54	63.64	13.04	36.25	47.17	60.81	43.28	42.64	46.53	15.13	50.99	4.0	0.0	38.28
;
