vehicles
vehicle_idx, capacity, cost_per_unit_distance
1,100,3
2,100,3
3,100,3
depot
node_idx,x,y
0,82,76
home delivery customers
node_idx,x,y,service_time,demand
1,50,5,15,21
2,5,42,15,4
3,57,69,15,20
4,14,24,15,6
self pickup customers
node_idx,x,y,service_time,demand,locker_idxs
5,98,52,15,21,14
6,23,15,15,15,15
7,20,70,15,2,13
8,98,5,15,9,15
flexible customers
node_idx,x,y,service_time,demand,locker_idxs
9,61,62,15,24,13
10,98,14,15,12,15
11,1,65,15,22,13
12,50,93,15,8,14
lockers
node_idx,x,y,service_time,capacity,cost_per_unit_good
13,93,12,10,84
14,22,88,10,74
15,65,88,10,70
16,25,15,10,83
17,77,88,10,92
18,72,14,10,80
19,48,50,10,82
20,71,10,10,76
21,25,24,10,86
mrt lines
start_node_idx,end_node_idx,freight_capacity,cost_per_unit_good
distance matrix
,0,1,2,3,4,5,6,7,8,9,10,11,12,13,14,15,16,17,18,19,20,21,
0,0.0,77.88,84.17,25.96,85.6,28.84,84.86,62.29,72.78,25.24,64.03,81.74,36.24,64.94,61.19,20.81,83.49,13.0,62.8,42.8,66.91,77.16
1,77.88,0.0,58.26,64.38,40.71,67.18,28.79,71.59,48.0,58.05,48.84,77.47,88.0,43.57,87.6,84.34,26.93,87.28,23.77,45.04,21.59,31.4
2,84.17,58.26,0.0,58.59,20.12,93.54,32.45,31.76,100.09,59.46,97.12,23.35,68.01,92.97,49.04,75.6,33.6,85.44,72.62,43.74,73.35,26.91
3,25.96,64.38,58.59,0.0,62.24,44.38,63.81,37.01,76.01,8.06,68.6,56.14,25.0,67.42,39.82,20.62,62.77,27.59,57.01,21.02,60.64,55.22
4,85.6,40.71,20.12,62.24,0.0,88.54,12.73,46.39,86.12,60.44,84.59,43.01,77.83,79.91,64.5,81.84,14.21,89.81,58.86,42.8,58.69,11.0
5,28.84,67.18,93.54,44.38,88.54,0.0,83.63,80.05,47.0,38.33,38.0,97.87,63.13,40.31,84.1,48.84,81.84,41.68,46.04,50.04,49.93,78.19
6,84.86,28.79,32.45,63.81,12.73,83.63,0.0,55.08,75.66,60.44,75.01,54.63,82.54,70.06,73.01,84.22,2.0,90.8,49.01,43.01,48.26,9.22
7,62.29,71.59,31.76,37.01,46.39,80.05,55.08,0.0,101.53,41.77,96.02,19.65,37.8,93.24,18.11,48.47,55.23,59.77,76.42,34.41,78.75,46.27
8,72.78,48.0,100.09,76.01,86.12,47.0,75.66,101.53,0.0,67.96,9.0,114.06,100.24,8.6,112.54,89.32,73.68,85.62,27.51,67.27,27.46,75.43
9,25.24,58.05,59.46,8.06,60.44,38.33,60.44,41.77,67.96,0.0,60.61,60.07,32.89,59.36,46.87,26.31,59.2,30.53,49.24,17.69,52.95,52.35
10,64.03,48.84,97.12,68.6,84.59,38.0,75.01,96.02,9.0,60.61,0.0,109.59,92.44,5.39,106.08,81.02,73.01,76.92,26.0,61.61,27.29,73.68
11,81.74,77.47,23.35,56.14,43.01,97.87,54.63,19.65,114.06,60.07,109.59,0.0,56.44,106.17,31.14,68.01,55.46,79.4,87.42,49.34,89.02,47.51
12,36.24,88.0,68.01,25.0,77.83,63.13,82.54,37.8,100.24,32.89,92.44,56.44,0.0,91.71,28.44,15.81,81.91,27.46,82.01,43.05,85.62,73.39
13,64.94,43.57,92.97,67.42,79.91,40.31,70.06,93.24,8.6,59.36,5.39,106.17,91.71,0.0,104.0,80.99,68.07,77.67,21.1,58.9,22.09,69.05
14,61.19,87.6,49.04,39.82,64.5,84.1,73.01,18.11,112.54,46.87,106.08,31.14,28.44,104.0,0.0,43.0,73.06,55.0,89.31,46.04,92.11,64.07
15,20.81,84.34,75.6,20.62,81.84,48.84,84.22,48.47,89.32,26.31,81.02,68.01,15.81,80.99,43.0,0.0,83.24,12.0,74.33,41.63,78.23,75.47
16,83.49,26.93,33.6,62.77,14.21,81.84,2.0,55.23,73.68,59.2,73.01,55.46,81.91,68.07,73.06,83.24,0.0,89.63,47.01,41.88,46.27,9.0
17,13.0,87.28,85.44,27.59,89.81,41.68,90.8,59.77,85.62,30.53,76.92,79.4,27.46,77.67,55.0,12.0,89.63,0.0,74.17,47.8,78.23,82.46
18,62.8,23.77,72.62,57.01,58.86,46.04,49.01,76.42,27.51,49.24,26.0,87.42,82.01,21.1,89.31,74.33,47.01,74.17,0.0,43.27,4.12,48.05
19,42.8,45.04,43.74,21.02,42.8,50.04,43.01,34.41,67.27,17.69,61.61,49.34,43.05,58.9,46.04,41.63,41.88,47.8,43.27,0.0,46.14,34.71
20,66.91,21.59,73.35,60.64,58.69,49.93,48.26,78.75,27.46,52.95,27.29,89.02,85.62,22.09,92.11,78.23,46.27,78.23,4.12,46.14,0.0,48.08
21,77.16,31.4,26.91,55.22,11.0,78.19,9.22,46.27,75.43,52.35,73.68,47.51,73.39,69.05,64.07,75.47,9.0,82.46,48.05,34.71,48.08,0.0
