set K:= 1	2	3	4;
set C_H:= 1	2	3	4	5;
set C_S:= 6	7	8	9;
set C_F:= 10	11	12	13;
set M:= 14	15	16	17;
set L_B:= 18	19	20	21;
set A1:=
(0,*) 1 2 3 4 5 10 11 12 13 14 15 16 17 18 19 20 21
(1,*) 0 2 3 4 5 10 11 12 13 14 15 16 17 18 19 20 21
(2,*) 0 1 3 4 5 10 11 12 13 14 15 16 17 18 19 20 21
(3,*) 0 1 2 4 5 10 11 12 13 14 15 16 17 18 19 20 21
(4,*) 0 1 2 3 5 10 11 12 13 14 15 16 17 18 19 20 21
(5,*) 0 1 2 3 4 10 11 12 13 14 15 16 17 18 19 20 21
(10,*) 0 1 2 3 4 5 11 12 13 14 15 16 17 18 19 20 21
(11,*) 0 1 2 3 4 5 10 12 13 14 15 16 17 18 19 20 21
(12,*) 0 1 2 3 4 5 10 11 13 14 15 16 17 18 19 20 21
(13,*) 0 1 2 3 4 5 10 11 12 14 15 16 17 18 19 20 21
(14,*) 0 1 2 3 4 5 10 11 12 13 15 16 17 18 19 20 21
(15,*) 0 1 2 3 4 5 10 11 12 13 14 16 17 18 19 20 21
(16,*) 0 1 2 3 4 5 10 11 12 13 14 15 17 18 19 20 21
(17,*) 0 1 2 3 4 5 10 11 12 13 14 15 16 18 19 20 21
(18,*) 0 1 2 3 4 5 10 11 12 13 14 15 16 17 19 20 21
(19,*) 0 1 2 3 4 5 10 11 12 13 14 15 16 17 18 20 21
(20,*) 0 1 2 3 4 5 10 11 12 13 14 15 16 17 18 19 21
(21,*) 0 1 2 3 4 5 10 11 12 13 14 15 16 17 18 19 20
;
set A2:=
(14,*) 15
(15,*) 14
(16,*) 17
(17,*) 16
;
param BigM:=99999;
param n:= 4;
param d:=
1	11
2	12
3	6
4	5
5	5
6	11
7	23
8	7
9	13
10	12
11	9
12	23
13	9
;
param Q:=100;
param w:=
[14,*] 15 0.1
[15,*] 14 0.1
[16,*] 17 0.1
[17,*] 16 0.1
;
param V:=
[14,*] 15 96
[15,*] 14 96
[16,*] 17 93
[17,*] 16 93
;
param e:
	14	15	16	17	18	19	20	21:=
6		1		0		0		0		0		1		0		0	
7		0		0		0		1		0		1		0		0	
8		0		0		0		1		0		1		0		0	
9		1		0		0		0		0		1		0		0	
10		1		0		0		0		0		1		0		0	
11		0		0		1		0		1		0		0		1	
12		0		0		1		0		1		0		0		1	
13		0		0		1		0		1		0		0		1	
;
param p:=
1	3
2	3
3	3
4	3
;
param G:=
14	96
15	95
16	74
17	93
18	96
19	95
20	74
21	93
22	74
23	80
24	82
25	90
;
param s:=
0	0
1	10
2	10
3	10
4	10
5	10
10	10
11	10
12	10
13	10
14	10
15	10
16	10
17	10
18	10
19	10
20	10
21	10
22	10
23	10
24	10
25	10
;
param t:
	0	1	2	3	4	5	6	7	8	9	10	11	12	13	14	15	16	17	18	19	20	21:=
0	0.0	62.27	22.2	103.08	47.54	41.23	41.23	51.09	56.01	39.81	30.36	74.25	75.03	95.86	27.29	102.07	80.01	70.11	65.8	41.23	97.01	79.03
1	62.27	0.0	40.25	40.82	44.6	44.91	44.91	60.41	60.42	37.34	45.04	13.04	16.49	36.06	50.16	42.72	41.23	63.41	15.0	44.91	46.27	38.29
2	22.2	40.25	0.0	81.01	33.54	28.16	28.16	43.42	47.01	23.02	18.36	52.55	53.85	74.73	19.8	79.98	63.56	58.69	45.4	28.16	76.01	61.98
3	103.08	40.82	81.01	0.0	77.23	79.91	79.91	92.01	90.09	73.76	83.24	29.73	31.4	19.03	88.6	19.21	53.76	86.88	42.01	79.91	39.05	50.99
4	47.54	44.6	33.54	77.23	0.0	6.32	6.32	15.81	16.4	11.18	17.26	56.75	61.03	79.08	20.62	68.31	82.66	25.3	57.71	6.32	56.3	80.16
5	41.23	44.91	28.16	79.91	6.32	0.0	0.0	17.03	19.42	8.06	11.05	57.56	61.39	80.31	14.32	72.24	81.12	30.59	57.01	0.0	61.4	78.77
6	41.23	44.91	28.16	79.91	6.32	0.0	0.0	17.03	19.42	8.06	11.05	57.56	61.39	80.31	14.32	72.24	81.12	30.59	57.01	0.0	61.4	78.77
7	51.09	60.41	43.42	92.01	15.81	17.03	17.03	0.0	5.39	25.0	25.06	72.53	76.84	94.73	25.0	81.58	97.94	20.25	73.35	17.03	67.23	95.52
8	56.01	60.42	47.01	90.09	16.4	19.42	19.42	5.39	0.0	26.91	28.79	72.11	76.69	93.86	29.43	78.77	99.05	14.87	73.93	19.42	63.57	96.52
9	39.81	37.34	23.02	73.76	11.18	8.06	8.06	25.0	26.91	0.0	10.63	50.16	53.76	73.06	15.81	67.54	73.06	36.4	49.04	8.06	58.69	70.71
10	30.36	45.04	18.36	83.24	17.26	11.05	11.05	25.06	28.79	10.63	0.0	58.08	61.03	81.1	5.39	77.9	77.08	41.3	54.92	11.05	69.31	75.03
11	74.25	13.04	52.55	29.73	56.75	57.56	57.56	72.53	72.11	50.16	58.08	0.0	5.83	23.02	63.2	36.4	35.47	73.57	13.6	57.56	45.71	32.31
12	75.03	16.49	53.85	31.4	61.03	61.39	61.39	76.84	76.69	53.76	61.03	5.83	0.0	20.88	66.0	40.61	29.73	78.77	10.63	61.39	51.2	26.57
13	95.86	36.06	74.73	19.03	79.08	80.31	80.31	94.73	93.86	73.06	81.1	23.02	20.88	0.0	86.21	36.4	35.44	93.62	30.41	80.31	53.82	32.89
14	27.29	50.16	19.8	88.6	20.62	14.32	14.32	25.0	29.43	15.81	5.39	63.2	66.0	86.21	0.0	83.24	80.99	43.0	59.54	14.32	74.33	79.06
15	102.07	42.72	79.98	19.21	68.31	72.24	72.24	81.58	78.77	67.54	77.9	36.4	40.61	36.4	83.24	0.0	68.07	73.06	50.0	72.24	20.59	65.03
16	80.01	41.23	63.56	53.76	82.66	81.12	81.12	97.94	99.05	73.06	77.08	35.47	29.73	35.44	80.99	68.07	0.0	104.0	26.25	81.12	80.78	3.16
17	70.11	63.41	58.69	86.88	25.3	30.59	30.59	20.25	14.87	36.4	41.3	73.57	78.77	93.62	43.0	73.06	104.0	0.0	77.99	30.59	55.44	101.24
18	65.8	15.0	45.4	42.01	57.71	57.01	57.01	73.35	73.93	49.04	54.92	13.6	10.63	30.41	59.54	50.0	26.25	77.99	0.0	57.01	58.14	23.35
19	41.23	44.91	28.16	79.91	6.32	0.0	0.0	17.03	19.42	8.06	11.05	57.56	61.39	80.31	14.32	72.24	81.12	30.59	57.01	0.0	61.4	78.77
20	97.01	46.27	76.01	39.05	56.3	61.4	61.4	67.23	63.57	58.69	69.31	45.71	51.2	53.82	74.33	20.59	80.78	55.44	58.14	61.4	0.0	77.62
21	79.03	38.29	61.98	50.99	80.16	78.77	78.77	95.52	96.52	70.71	75.03	32.31	26.57	32.89	79.06	65.03	3.16	101.24	23.35	78.77	77.62	0.0
;
