set K:= 1	2	3	4;
set C_H:= 1	2	3	4	5;
set C_S:= 6	7	8;
set C_F:= 9	10	11;
set M:= 12	13	14	15	16	17;
set L_B:= 18	19	20	21;
set A1:=
(0,*) 1 2 3 4 5 9 10 11 12 13 14 15 16 17 18 19 20 21 22
(1,*) 0 2 3 4 5 9 10 11 12 13 14 15 16 17 18 19 20 21 22
(2,*) 0 1 3 4 5 9 10 11 12 13 14 15 16 17 18 19 20 21 22
(3,*) 0 1 2 4 5 9 10 11 12 13 14 15 16 17 18 19 20 21 22
(4,*) 0 1 2 3 5 9 10 11 12 13 14 15 16 17 18 19 20 21 22
(5,*) 0 1 2 3 4 9 10 11 12 13 14 15 16 17 18 19 20 21 22
(9,*) 0 1 2 3 4 5 10 11 12 13 14 15 16 17 18 19 20 21 22
(10,*) 0 1 2 3 4 5 9 11 12 13 14 15 16 17 18 19 20 21 22
(11,*) 0 1 2 3 4 5 9 10 12 13 14 15 16 17 18 19 20 21 22
(12,*) 0 1 2 3 4 5 9 10 11 13 14 15 16 17 18 19 20 21 22
(13,*) 0 1 2 3 4 5 9 10 11 12 14 15 16 17 18 19 20 21 22
(14,*) 0 1 2 3 4 5 9 10 11 12 13 15 16 17 18 19 20 21 22
(15,*) 0 1 2 3 4 5 9 10 11 12 13 14 16 17 18 19 20 21 22
(16,*) 0 1 2 3 4 5 9 10 11 12 13 14 15 17 18 19 20 21 22
(17,*) 0 1 2 3 4 5 9 10 11 12 13 14 15 16 18 19 20 21 22
(18,*) 0 1 2 3 4 5 9 10 11 12 13 14 15 16 17 19 20 21 22
(19,*) 0 1 2 3 4 5 9 10 11 12 13 14 15 16 17 18 20 21 22
(20,*) 0 1 2 3 4 5 9 10 11 12 13 14 15 16 17 18 19 21 22
(21,*) 0 1 2 3 4 5 9 10 11 12 13 14 15 16 17 18 19 20 22
(22,*) 0 1 2 3 4 5 9 10 11 12 13 14 15 16 17 18 19 20 21
;
set A2:=
;
param BigM:=99999;
param n:= 4;
param d:=
1	14
2	6
3	6
4	16
5	15
6	14
7	3
8	8
9	1
10	19
11	7
;
param Q:=100;
param e:
	12	13	14	15	16	17	18	19	20	21:=
6		0		1		0		0		0		0		0		0		0		0	
7		0		0		0		0		0		0		1		1		1		1	
8		0		0		0		1		0		0		0		0		0		0	
9		0		1		0		0		0		0		0		0		0		0	
10		0		0		0		0		0		0		0		0		0		1	
11		0		0		0		1		0		0		0		0		0		0	
;
param p:=
1	3
2	3
3	3
4	3
;
param G:=
12	93
13	100
14	75
15	89
16	91
17	96
18	83
19	95
20	94
21	100
;
param s:=
0	0
1	10
2	10
3	10
4	10
5	10
9	10
10	10
11	10
12	10
13	10
14	10
15	10
16	10
17	10
18	10
19	10
20	10
21	10
;
param t:
	0	1	2	3	4	5	6	7	8	9	10	11	12	13	14	15	16	17	18	19	20	21	22:=
0	0.0	16.28	85.6	75.58	51.04	84.86	101.41	27.02	79.23	76.84	34.93	54.57	20.81	83.49	64.94	61.19	13.0	62.8	45.0	42.45	50.48	29.61	0.0
1	16.28	0.0	79.61	63.25	35.01	76.61	94.34	24.02	84.9	71.69	19.42	63.06	34.41	75.0	48.66	68.94	29.12	47.8	36.06	44.28	46.57	15.81	16.28
2	85.6	79.61	0.0	38.48	70.01	12.73	16.64	58.6	59.03	9.43	84.4	66.71	81.84	14.21	79.91	64.5	89.81	58.86	44.01	49.09	35.38	66.13	85.6
3	75.58	63.25	38.48	0.0	38.91	26.93	44.05	52.39	87.13	38.42	59.2	83.43	81.58	25.0	44.18	84.43	84.76	23.77	32.56	57.56	41.0	47.43	75.58
4	51.04	35.01	70.01	38.91	0.0	61.81	80.41	41.05	99.05	65.38	22.47	84.39	65.8	59.84	15.81	88.39	63.39	16.28	32.65	58.73	49.65	23.41	51.04
5	84.86	76.61	12.73	26.93	61.81	0.0	18.68	58.14	69.92	17.46	78.55	74.24	84.22	2.0	70.06	73.01	90.8	49.01	40.61	53.14	37.12	61.91	84.86
6	101.41	94.34	16.64	44.05	80.41	18.68	0.0	74.41	72.03	26.08	97.14	82.57	98.41	20.62	88.02	79.83	106.15	67.12	58.31	65.73	51.66	80.06	101.41
7	27.02	24.02	58.6	52.39	41.05	58.14	74.41	0.0	62.39	49.93	38.08	43.86	29.27	56.85	56.86	48.6	33.12	46.32	19.92	20.88	23.71	19.21	27.02
8	79.23	84.9	59.03	87.13	99.05	69.92	72.03	62.39	0.0	52.5	100.46	26.93	62.29	70.52	114.02	19.92	74.24	96.88	66.84	41.63	50.25	80.96	79.23
9	76.84	71.69	9.43	38.42	65.38	17.46	26.08	49.93	52.5	0.0	77.93	57.87	72.47	18.03	76.66	56.08	80.62	55.97	36.88	39.66	26.4	58.94	76.84
10	34.93	19.42	84.4	59.2	22.47	78.55	97.14	38.08	100.46	77.93	0.0	80.71	53.82	76.69	32.14	86.09	47.93	38.42	41.19	58.87	56.14	20.22	34.93
11	54.57	63.06	66.71	83.43	84.39	74.24	82.57	43.86	26.93	57.87	80.71	0.0	36.01	74.11	100.12	7.07	48.01	86.45	55.47	26.83	42.45	63.03	54.57
12	20.81	34.41	81.84	81.58	65.8	84.22	98.41	29.27	62.29	72.47	53.82	36.01	0.0	83.24	80.99	43.0	12.0	74.33	49.03	33.24	47.17	42.45	20.81
13	83.49	75.0	14.21	25.0	59.84	2.0	20.62	56.85	70.52	18.03	76.69	74.11	83.24	0.0	68.07	73.06	89.63	47.01	39.05	52.5	36.25	60.21	83.49
14	64.94	48.66	79.91	44.18	15.81	70.06	88.02	56.86	114.02	76.66	32.14	100.12	80.99	68.07	0.0	104.0	77.67	21.1	47.2	74.25	64.07	38.91	64.94
15	61.19	68.94	64.5	84.43	88.39	73.01	79.83	48.6	19.92	56.08	86.09	7.07	43.0	73.06	104.0	0.0	55.0	89.31	58.25	29.83	43.86	67.8	61.19
16	13.0	29.12	89.81	84.76	63.39	90.8	106.15	33.12	74.24	80.62	47.93	48.01	12.0	89.63	77.67	55.0	0.0	74.17	52.8	42.72	54.49	41.01	13.0
17	62.8	47.8	58.86	23.77	16.28	49.01	67.12	46.32	96.88	55.97	38.42	86.45	74.33	47.01	21.1	89.31	74.17	0.0	31.06	59.68	46.69	33.24	62.8
18	45.0	36.06	44.01	32.56	32.65	40.61	58.31	19.92	66.84	36.88	41.19	55.47	49.03	39.05	47.2	58.25	52.8	31.06	0.0	28.65	17.0	22.14	45.0
19	42.45	44.28	49.09	57.56	58.73	53.14	65.73	20.88	41.63	39.66	58.87	26.83	33.24	52.5	74.25	29.83	42.72	59.68	28.65	0.0	17.03	39.36	42.45
20	50.48	46.57	35.38	41.0	49.65	37.12	51.66	23.71	50.25	26.4	56.14	42.45	47.17	36.25	64.07	43.86	54.49	46.69	17.0	17.03	0.0	36.01	50.48
21	29.61	15.81	66.13	47.43	23.41	61.91	80.06	19.21	80.96	58.94	20.22	63.03	42.45	60.21	38.91	67.8	41.01	33.24	22.14	39.36	36.01	0.0	29.61
;
