set K:= 1	2	3	4;
set C_H:= 1	2	3	4	5	6;
set C_S:= 7	8	9	10;
set C_F:= 11	12	13	14;
set M:= 15	16	17	18	19	20;
set L_B:= 21	22	23	24;
set A1:=
(0,*) 1 2 3 4 5 6 11 12 13 14 15 16 17 18 19 20 21 22 23 24 25
(1,*) 0 2 3 4 5 6 11 12 13 14 15 16 17 18 19 20 21 22 23 24 25
(2,*) 0 1 3 4 5 6 11 12 13 14 15 16 17 18 19 20 21 22 23 24 25
(3,*) 0 1 2 4 5 6 11 12 13 14 15 16 17 18 19 20 21 22 23 24 25
(4,*) 0 1 2 3 5 6 11 12 13 14 15 16 17 18 19 20 21 22 23 24 25
(5,*) 0 1 2 3 4 6 11 12 13 14 15 16 17 18 19 20 21 22 23 24 25
(6,*) 0 1 2 3 4 5 11 12 13 14 15 16 17 18 19 20 21 22 23 24 25
(11,*) 0 1 2 3 4 5 6 12 13 14 15 16 17 18 19 20 21 22 23 24 25
(12,*) 0 1 2 3 4 5 6 11 13 14 15 16 17 18 19 20 21 22 23 24 25
(13,*) 0 1 2 3 4 5 6 11 12 14 15 16 17 18 19 20 21 22 23 24 25
(14,*) 0 1 2 3 4 5 6 11 12 13 15 16 17 18 19 20 21 22 23 24 25
(15,*) 0 1 2 3 4 5 6 11 12 13 14 16 17 18 19 20 21 22 23 24 25
(16,*) 0 1 2 3 4 5 6 11 12 13 14 15 17 18 19 20 21 22 23 24 25
(17,*) 0 1 2 3 4 5 6 11 12 13 14 15 16 18 19 20 21 22 23 24 25
(18,*) 0 1 2 3 4 5 6 11 12 13 14 15 16 17 19 20 21 22 23 24 25
(19,*) 0 1 2 3 4 5 6 11 12 13 14 15 16 17 18 20 21 22 23 24 25
(20,*) 0 1 2 3 4 5 6 11 12 13 14 15 16 17 18 19 21 22 23 24 25
(21,*) 0 1 2 3 4 5 6 11 12 13 14 15 16 17 18 19 20 22 23 24 25
(22,*) 0 1 2 3 4 5 6 11 12 13 14 15 16 17 18 19 20 21 23 24 25
(23,*) 0 1 2 3 4 5 6 11 12 13 14 15 16 17 18 19 20 21 22 24 25
(24,*) 0 1 2 3 4 5 6 11 12 13 14 15 16 17 18 19 20 21 22 23 25
(25,*) 0 1 2 3 4 5 6 11 12 13 14 15 16 17 18 19 20 21 22 23 24
;
set A2:=
(15,*) 16
(16,*) 15
;
param BigM:=99999;
param n:= 4;
param d:=
1	9
2	6
3	3
4	8
5	8
6	14
7	16
8	24
9	20
10	15
11	21
12	16
13	8
14	18
;
param Q:=100;
param w:=
[15,*] 16 1.5
[16,*] 15 1.5
;
param V:=
[15,*] 16 98
[16,*] 15 98
;
param e:
	15	16	17	18	19	20	21	22	23	24:=
7		0		0		1		0		0		1		0		0		0		0	
8		0		0		0		1		0		0		0		0		0		0	
9		0		0		0		0		0		0		1		1		0		1	
10		0		1		0		0		0		0		0		0		0		0	
11		0		0		0		0		0		1		0		0		0		0	
12		0		1		0		0		0		0		0		0		0		0	
13		1		0		0		0		0		0		0		0		0		0	
14		0		0		0		0		0		0		0		1		0		0	
;
param p:=
1	1
2	1
3	1
4	1
;
param G:=
15	88
16	98
17	85
18	98
19	100
20	93
21	86
22	76
23	100
24	98
;
param s:=
0	0
1	10
2	10
3	10
4	10
5	10
6	10
11	10
12	10
13	10
14	10
15	10
16	10
17	10
18	10
19	10
20	10
21	10
22	10
23	10
24	10
;
param t:
	0	1	2	3	4	5	6	7	8	9	10	11	12	13	14	15	16	17	18	19	20	21	22	23	24	25:=
0	0.0	72.78	85.6	27.02	79.23	78.03	101.41	51.04	75.96	25.96	84.86	77.88	88.14	36.24	25.71	20.81	83.49	64.94	61.19	13.0	62.8	39.2	30.81	47.42	42.2	0.0
1	72.78	0.0	86.12	65.46	122.29	56.14	93.13	24.41	128.0	76.01	75.66	48.0	101.84	100.24	47.07	89.32	73.68	8.6	112.54	85.62	27.51	66.47	57.2	64.2	67.94	72.78
2	85.6	86.12	0.0	58.6	59.03	31.76	16.64	70.01	73.17	62.24	12.73	40.71	19.21	77.83	78.77	81.84	14.21	79.91	64.5	89.81	58.86	46.4	56.82	38.59	43.42	85.6
3	27.02	65.46	58.6	0.0	62.39	53.49	74.41	41.05	64.4	10.77	58.14	55.11	62.3	35.74	28.16	29.27	56.85	56.86	48.6	33.12	46.32	12.21	8.54	20.52	15.26	27.02
4	79.23	122.29	59.03	62.39	0.0	82.76	72.03	99.05	16.16	55.54	69.92	90.21	43.01	48.27	90.48	62.29	70.52	114.02	19.92	74.24	96.88	56.6	68.43	58.14	54.64	79.23
5	78.03	56.14	31.76	53.49	82.76	0.0	37.01	44.94	93.98	61.85	19.92	8.94	50.0	84.38	62.29	82.28	18.03	51.09	81.49	86.41	30.41	43.93	47.41	35.36	42.43	78.03
6	101.41	93.13	16.64	74.41	72.03	37.01	0.0	80.41	87.09	78.64	18.68	45.28	29.15	94.41	92.57	98.41	20.62	88.02	79.83	106.15	67.12	62.29	71.85	54.04	59.41	101.41
7	51.04	24.41	70.01	41.05	99.05	44.94	80.41	0.0	103.97	51.62	61.81	39.45	83.19	76.03	26.31	65.8	59.84	15.81	88.39	63.39	16.28	42.64	32.8	41.59	44.41	51.04
8	75.96	128.0	73.17	64.4	16.16	93.98	87.09	103.97	0.0	55.57	83.19	100.72	58.42	41.19	91.42	56.72	83.55	119.5	15.81	68.59	104.2	61.55	71.7	65.22	60.31	75.96
9	25.96	76.01	62.24	10.77	55.54	61.85	78.64	51.62	55.57	0.0	63.81	64.38	62.65	25.0	35.85	20.62	62.77	67.42	39.82	27.59	57.01	18.03	19.31	26.93	20.12	25.96
10	84.86	75.66	12.73	58.14	69.92	19.92	18.68	61.81	83.19	63.81	0.0	28.79	31.89	82.54	74.3	84.22	2.0	70.06	73.01	90.8	49.01	46.4	54.56	37.64	43.83	84.86
11	77.88	48.0	40.71	55.11	90.21	8.94	45.28	39.45	100.72	64.38	28.79	0.0	58.82	88.0	59.67	84.34	26.93	43.57	87.6	87.28	23.77	47.01	48.08	39.12	46.04	77.88
12	88.14	101.84	19.21	62.3	43.01	50.0	29.15	83.19	58.42	62.65	31.89	58.82	0.0	72.25	86.83	79.81	33.24	94.92	52.92	89.59	74.33	50.7	63.15	45.28	47.54	88.14
13	36.24	100.24	77.83	35.74	48.27	84.38	94.41	76.03	41.19	25.0	82.54	88.0	72.25	0.0	56.64	15.81	81.91	91.71	28.44	27.46	82.01	41.01	44.27	49.09	42.05	36.24
14	25.71	47.07	78.77	28.16	90.48	62.29	92.57	26.31	91.42	35.85	74.3	59.67	86.83	56.64	0.0	43.57	72.56	39.32	75.66	38.6	40.31	37.01	24.0	41.59	40.0	25.71
15	20.81	89.32	81.84	29.27	62.29	82.28	98.41	65.8	56.72	20.62	84.22	84.34	79.81	15.81	43.57	0.0	83.24	80.99	43.0	12.0	74.33	38.63	37.01	47.54	40.72	20.81
16	83.49	73.68	14.21	56.85	70.52	18.03	20.62	59.84	83.55	62.77	2.0	26.93	33.24	81.91	72.56	83.24	0.0	68.07	73.06	89.63	47.01	45.22	53.08	36.4	42.72	83.49
17	64.94	8.6	79.91	56.86	114.02	51.09	88.02	15.81	119.5	67.42	70.06	43.57	94.92	91.71	39.32	80.99	68.07	0.0	104.0	77.67	21.1	58.0	48.6	56.04	59.55	64.94
18	61.19	112.54	64.5	48.6	19.92	81.49	79.83	88.39	15.81	39.82	73.01	87.6	52.92	28.44	75.66	43.0	73.06	104.0	0.0	55.0	89.31	46.23	55.97	50.61	45.22	61.19
19	13.0	85.62	89.81	33.12	74.24	86.41	106.15	63.39	68.59	27.59	90.8	87.28	89.59	27.46	38.6	12.0	89.63	77.67	55.0	0.0	74.17	44.41	39.22	53.25	47.01	13.0
20	62.8	27.51	58.86	46.32	96.88	30.41	67.12	16.28	104.2	57.01	49.01	23.77	74.33	82.01	40.31	74.33	47.01	21.1	89.31	74.17	0.0	43.42	37.85	39.05	44.1	62.8
21	39.2	66.47	46.4	12.21	56.6	43.93	62.29	42.64	61.55	18.03	46.4	47.01	50.7	41.01	37.01	38.63	45.22	58.0	46.23	44.41	43.42	0.0	13.04	8.94	3.16	39.2
22	30.81	57.2	56.82	8.54	68.43	47.41	71.85	32.8	71.7	19.31	54.56	48.08	63.15	44.27	24.0	37.01	53.08	48.6	55.97	39.22	37.85	13.04	0.0	18.38	16.0	30.81
23	47.42	64.2	38.59	20.52	58.14	35.36	54.04	41.59	65.22	26.93	37.64	39.12	45.28	49.09	41.59	47.54	36.4	56.04	50.61	53.25	39.05	8.94	18.38	0.0	7.07	47.42
24	42.2	67.94	43.42	15.26	54.64	42.43	59.41	44.41	60.31	20.12	43.83	46.04	47.54	42.05	40.0	40.72	42.72	59.55	45.22	47.01	44.1	3.16	16.0	7.07	0.0	42.2
;
