set K:= 1	2	3;
set C_H:= 1	2	3	4;
set C_S:= 5	6	7	8;
set C_F:= 9	10	11	12;
set M:= 13	14;
set L_B:= 15	16	17;
set A1:=
(0,*) 1 2 3 4 9 10 11 12 13 14 15 16 17
(1,*) 0 2 3 4 9 10 11 12 13 14 15 16 17
(2,*) 0 1 3 4 9 10 11 12 13 14 15 16 17
(3,*) 0 1 2 4 9 10 11 12 13 14 15 16 17
(4,*) 0 1 2 3 9 10 11 12 13 14 15 16 17
(9,*) 0 1 2 3 4 10 11 12 13 14 15 16 17
(10,*) 0 1 2 3 4 9 11 12 13 14 15 16 17
(11,*) 0 1 2 3 4 9 10 12 13 14 15 16 17
(12,*) 0 1 2 3 4 9 10 11 13 14 15 16 17
(13,*) 0 1 2 3 4 9 10 11 12 15 16 17
(14,*) 0 1 2 3 4 9 10 11 12 15 16 17
(15,*) 0 1 2 3 4 9 10 11 12 13 14 16 17
(16,*) 0 1 2 3 4 9 10 11 12 13 14 15 17
(17,*) 0 1 2 3 4 9 10 11 12 13 14 15 16
;
set A2:=
(13,*) 14
(14,*) 13
;
param BigM:=99999;
param n:= 3;
param d:=
1	12
2	24
3	6
4	18
5	14
6	8
7	22
8	19
9	21
10	15
11	12
12	16
;
param Q:=100;
param w:=
[13,*] 14 0.5
[14,*] 13 0.5
;
param V:=
[13,*] 14 88
[14,*] 13 88
;
param e:
	13	14	15	16	17:=
5	1	0	0	0	0	
6	0	0	0	1	0	
7	0	1	0	0	0	
8	0	0	1	0	0	
9	1	0	0	0	0	
10	0	0	0	1	0	
11	0	0	1	0	1	
12	1	0	0	0	0	
;
param p:=
1	3
2	3
3	3
;
param G:=
13	88
14	81
15	71
16	71
17	84
;
param s:=
0	0
1	10
2	10
3	10
4	10
9	10
10	10
11	10
12	10
13	10
14	10
15	10
16	10
17	10
;
param t:
	0	1	2	3	4	5	6	7	8	9	10	11	12	13	14	15	16	17:=
0	0.0	64.03	75.96	75.58	25.71	16.28	36.24	81.74	97.58	28.84	84.86	51.88	51.04	64.94	61.19	39.82	49.25	67.36
1	64.03	0.0	121.7	49.37	38.33	47.8	92.44	109.59	85.29	38.0	75.01	43.08	17.8	5.39	106.08	59.82	86.45	37.05
2	75.96	121.7	0.0	97.58	91.42	84.53	41.19	32.98	90.09	99.73	83.19	83.01	103.97	119.5	15.81	62.29	35.38	99.64
3	75.58	49.37	97.58	0.0	58.05	63.25	85.01	74.52	36.01	65.86	26.93	23.77	38.91	44.18	84.43	43.05	65.0	12.65
4	25.71	38.33	91.42	58.05	0.0	9.49	56.64	88.12	86.95	10.05	74.3	36.62	26.31	39.32	75.66	37.0	58.52	47.43
5	16.28	47.8	84.53	63.25	9.49	0.0	48.1	84.15	89.4	15.26	76.61	40.36	35.01	48.66	68.94	35.17	53.15	53.67
6	36.24	92.44	41.19	85.01	56.64	48.1	0.0	56.44	93.62	63.13	82.54	63.51	76.03	91.71	28.44	42.01	27.8	81.74
7	81.74	109.59	32.98	74.52	88.12	84.15	56.44	0.0	59.23	97.87	54.63	66.89	92.14	106.17	31.14	51.92	32.56	80.06
8	97.58	85.29	90.09	36.01	86.95	89.4	93.62	59.23	0.0	96.18	12.81	50.54	73.25	80.16	81.5	58.14	67.05	48.26
9	28.84	38.0	99.73	65.86	10.05	15.26	63.13	97.87	96.18	0.0	83.63	45.65	30.41	40.31	84.1	47.01	67.72	54.49
10	84.86	75.01	83.19	26.93	74.3	76.61	82.54	54.63	12.81	83.63	0.0	38.08	61.81	70.06	73.01	45.61	56.89	38.12
11	51.88	43.08	83.01	23.77	36.62	40.36	63.51	66.89	50.54	45.65	38.08	0.0	26.48	39.36	68.26	22.14	48.02	18.25
12	51.04	17.8	103.97	38.91	26.31	35.01	76.03	92.14	73.25	30.41	61.81	26.48	0.0	15.81	88.39	42.01	68.68	26.42
13	64.94	5.39	119.5	44.18	39.32	48.66	91.71	106.17	80.16	40.31	70.06	39.36	15.81	0.0	104.0	57.31	84.15	32.0
14	61.19	106.08	15.81	84.43	75.66	68.94	28.44	31.14	81.5	84.1	73.01	68.26	88.39	104.0	0.0	47.01	20.25	85.42
15	39.82	59.82	62.29	43.05	37.0	35.17	42.01	51.92	58.14	47.01	45.61	22.14	42.01	57.31	47.01	0.0	26.91	40.26
16	49.25	86.45	35.38	65.0	58.52	53.15	27.8	32.56	67.05	67.72	56.89	48.02	68.68	84.15	20.25	26.91	0.0	65.31
17	67.36	37.05	99.64	12.65	47.43	53.67	81.74	80.06	48.26	54.49	38.12	18.25	26.42	32.0	85.42	40.26	65.31	0.0
;
