set K:= 1	2	3	4;
set C_H:= 1	2	3	4	5;
set C_S:= 6	7	8	9	10;
set C_F:= 11	12	13	14	15;
set M:= 16	17	18	19;
set M_B:= 20	21	22	23;
set L_B:= 24	25	26	27;
set A1:=
(0,*) 1 2 3 4 5 11 12 13 14 15 16 17 18 19 20 21 22 23 24 25 26 27
(1,*) 0 2 3 4 5 11 12 13 14 15 16 17 18 19 20 21 22 23 24 25 26 27
(2,*) 0 1 3 4 5 11 12 13 14 15 16 17 18 19 20 21 22 23 24 25 26 27
(3,*) 0 1 2 4 5 11 12 13 14 15 16 17 18 19 20 21 22 23 24 25 26 27
(4,*) 0 1 2 3 5 11 12 13 14 15 16 17 18 19 20 21 22 23 24 25 26 27
(5,*) 0 1 2 3 4 11 12 13 14 15 16 17 18 19 20 21 22 23 24 25 26 27
(11,*) 0 1 2 3 4 5 12 13 14 15 16 17 18 19 20 21 22 23 24 25 26 27
(12,*) 0 1 2 3 4 5 11 13 14 15 16 17 18 19 20 21 22 23 24 25 26 27
(13,*) 0 1 2 3 4 5 11 12 14 15 16 17 18 19 20 21 22 23 24 25 26 27
(14,*) 0 1 2 3 4 5 11 12 13 15 16 17 18 19 20 21 22 23 24 25 26 27
(15,*) 0 1 2 3 4 5 11 12 13 14 16 17 18 19 20 21 22 23 24 25 26 27
(16,*) 0 1 2 3 4 5 11 12 13 14 15 17 18 19 20 21 22 23 24 25 26 27
(17,*) 0 1 2 3 4 5 11 12 13 14 15 16 18 19 20 21 22 23 24 25 26 27
(18,*) 0 1 2 3 4 5 11 12 13 14 15 16 17 19 20 21 22 23 24 25 26 27
(19,*) 0 1 2 3 4 5 11 12 13 14 15 16 17 18 20 21 22 23 24 25 26 27
(20,*) 0 1 2 3 4 5 11 12 13 14 15 16 17 18 19 21 22 23 24 25 26 27
(21,*) 0 1 2 3 4 5 11 12 13 14 15 16 17 18 19 20 22 23 24 25 26 27
(22,*) 0 1 2 3 4 5 11 12 13 14 15 16 17 18 19 20 21 23 24 25 26 27
(23,*) 0 1 2 3 4 5 11 12 13 14 15 16 17 18 19 20 21 22 24 25 26 27
(24,*) 0 1 2 3 4 5 11 12 13 14 15 16 17 18 19 20 21 22 23 25 26 27
(25,*) 0 1 2 3 4 5 11 12 13 14 15 16 17 18 19 20 21 22 23 24 26 27
(26,*) 0 1 2 3 4 5 11 12 13 14 15 16 17 18 19 20 21 22 23 24 25 27
(27,*) 0 1 2 3 4 5 11 12 13 14 15 16 17 18 19 20 21 22 23 24 25 26
;
set A2:=
(16,*) 17
(17,*) 16
(18,*) 19
(19,*) 18
;
param BigM:=99999;
param n:= 4;
param d:=
1	16
2	14
3	11
4	12
5	6
6	5
7	5
8	11
9	23
10	7
11	13
12	12
13	9
14	23
15	9
;
param Q:=100;
param w:=
[16,*] 17 0.1
[17,*] 16 0.1
[18,*] 19 0.1
[19,*] 18 0.1
;
param V:=
[16,*] 17 81
[17,*] 16 81
[18,*] 19 86
[19,*] 18 86
;
param e:
	16	17	18	19	20	21	22	23	24	25	26	27:=
6		1		0		0		0		1		0		0		0		0		1		0		0	
7		1		0		0		0		1		0		0		0		0		1		0		0	
8		1		0		0		0		1		0		0		0		0		1		0		0	
9		0		0		0		1		0		0		0		1		0		1		0		0	
10		0		0		0		1		0		0		0		1		0		1		0		0	
11		1		0		0		0		1		0		0		0		0		1		0		0	
12		1		0		0		0		1		0		0		0		0		1		0		0	
13		0		0		1		0		0		0		1		0		1		0		0		1	
14		0		0		1		0		0		0		1		0		1		0		0		1	
15		0		0		1		0		0		0		1		0		1		0		0		1	
;
param p:=
1	3
2	3
3	3
4	3
;
param G:=
16	74
17	81
18	85
19	86
20	74
21	81
22	85
23	86
24	99
25	84
26	80
27	84
;
param s:=
0	0
1	10
2	10
3	10
4	10
5	10
11	10
12	10
13	10
14	10
15	10
16	10
17	10
18	10
19	10
20	10
21	10
22	10
23	10
24	10
25	10
26	10
27	10
;
param t:
	0	1	2	3	4	5	6	7	8	9	10	11	12	13	14	15	16	17	18	19	20	21	22	23	24	25	26	27:=
0	0.0	56.36	65.12	62.27	22.2	103.08	47.54	41.23	41.23	51.09	56.01	39.81	30.36	74.25	75.03	95.86	27.29	102.07	80.01	70.11	27.29	102.07	80.01	70.11	64.85	53.01	100.26	68.88
1	56.36	0.0	19.8	6.4	34.54	46.87	42.94	42.38	42.38	58.6	59.17	34.48	41.11	18.03	20.02	40.61	46.01	49.09	40.36	63.66	46.01	49.09	40.36	63.66	11.7	55.95	53.6	23.43
2	65.12	19.8	0.0	21.47	46.01	47.17	62.13	60.83	60.83	77.52	78.49	52.77	57.57	20.22	16.16	33.42	61.85	56.52	20.62	83.45	61.85	56.52	20.62	83.45	10.44	75.17	66.01	4.12
3	62.27	6.4	21.47	0.0	40.25	40.82	44.6	44.91	44.91	60.41	60.42	37.34	45.04	13.04	16.49	36.06	50.16	42.72	41.23	63.41	50.16	42.72	41.23	63.41	11.4	57.38	47.85	24.41
4	22.2	34.54	46.01	40.25	0.0	81.01	33.54	28.16	28.16	43.42	47.01	23.02	18.36	52.55	53.85	74.73	19.8	79.98	63.56	58.69	19.8	79.98	63.56	58.69	43.93	43.46	79.06	50.04
5	103.08	46.87	47.17	40.82	81.01	0.0	77.23	79.91	79.91	92.01	90.09	73.76	83.24	29.73	31.4	19.03	88.6	19.21	53.76	86.88	88.6	19.21	53.76	86.88	41.04	88.01	36.77	46.07
6	47.54	42.94	62.13	44.6	33.54	77.23	0.0	6.32	6.32	15.81	16.4	11.18	17.26	56.75	61.03	79.08	20.62	68.31	82.66	25.3	20.62	68.31	82.66	25.3	54.56	13.04	60.21	66.04
7	41.23	42.38	60.83	44.91	28.16	79.91	6.32	0.0	0.0	17.03	19.42	8.06	11.05	57.56	61.39	80.31	14.32	72.24	81.12	30.59	14.32	72.24	81.12	30.59	54.08	15.81	65.22	64.85
8	41.23	42.38	60.83	44.91	28.16	79.91	6.32	0.0	0.0	17.03	19.42	8.06	11.05	57.56	61.39	80.31	14.32	72.24	81.12	30.59	14.32	72.24	81.12	30.59	54.08	15.81	65.22	64.85
9	51.09	58.6	77.52	60.41	43.42	92.01	15.81	17.03	17.03	0.0	5.39	25.0	25.06	72.53	76.84	94.73	25.0	81.58	97.94	20.25	25.0	81.58	97.94	20.25	70.26	4.47	71.31	81.49
10	56.01	59.17	78.49	60.42	47.01	90.09	16.4	19.42	19.42	5.39	0.0	26.91	28.79	72.11	76.69	93.86	29.43	78.77	99.05	14.87	29.43	78.77	99.05	14.87	70.71	3.61	67.68	82.38
11	39.81	34.48	52.77	37.34	23.02	73.76	11.18	8.06	8.06	25.0	26.91	0.0	10.63	50.16	53.76	73.06	15.81	67.54	73.06	36.4	15.81	67.54	73.06	36.4	46.17	23.35	62.29	56.8
12	30.36	41.11	57.57	45.04	18.36	83.24	17.26	11.05	11.05	25.06	28.79	10.63	0.0	58.08	61.03	81.1	5.39	77.9	77.08	41.3	5.39	77.9	77.08	41.3	52.47	25.3	72.92	61.68
13	74.25	18.03	20.22	13.04	52.55	29.73	56.75	57.56	57.56	72.53	72.11	50.16	58.08	0.0	5.83	23.02	63.2	36.4	35.47	73.57	63.2	36.4	35.47	73.57	11.66	69.26	46.17	21.02
14	75.03	20.02	16.16	16.49	53.85	31.4	61.03	61.39	61.39	76.84	76.69	53.76	61.03	5.83	0.0	20.88	66.0	40.61	29.73	78.77	66.0	40.61	29.73	78.77	10.3	73.74	51.48	16.12
15	95.86	40.61	33.42	36.06	74.73	19.03	79.08	80.31	80.31	94.73	93.86	73.06	81.1	23.02	20.88	0.0	86.21	36.4	35.44	93.62	86.21	36.4	35.44	93.62	31.02	91.22	52.48	31.11
16	27.29	46.01	61.85	50.16	19.8	88.6	20.62	14.32	14.32	25.0	29.43	15.81	5.39	63.2	66.0	86.21	0.0	83.24	80.99	43.0	0.0	83.24	80.99	43.0	57.22	26.17	77.99	65.97
17	102.07	49.09	56.52	42.72	79.98	19.21	68.31	72.24	72.24	81.58	78.77	67.54	77.9	36.4	40.61	36.4	83.24	0.0	68.07	73.06	83.24	0.0	68.07	73.06	47.76	77.28	17.8	56.72
18	80.01	40.36	20.62	41.23	63.56	53.76	82.66	81.12	81.12	97.94	99.05	73.06	77.08	35.47	29.73	35.44	80.99	68.07	0.0	104.0	80.99	68.07	0.0	104.0	29.83	95.69	80.81	16.97
19	70.11	63.66	83.45	63.41	58.69	86.88	25.3	30.59	30.59	20.25	14.87	36.4	41.3	73.57	78.77	93.62	43.0	73.06	104.0	0.0	43.0	73.06	104.0	0.0	74.52	17.26	59.54	87.05
20	27.29	46.01	61.85	50.16	19.8	88.6	20.62	14.32	14.32	25.0	29.43	15.81	5.39	63.2	66.0	86.21	0.0	83.24	80.99	43.0	0.0	83.24	80.99	43.0	57.22	26.17	77.99	65.97
21	102.07	49.09	56.52	42.72	79.98	19.21	68.31	72.24	72.24	81.58	78.77	67.54	77.9	36.4	40.61	36.4	83.24	0.0	68.07	73.06	83.24	0.0	68.07	73.06	47.76	77.28	17.8	56.72
22	80.01	40.36	20.62	41.23	63.56	53.76	82.66	81.12	81.12	97.94	99.05	73.06	77.08	35.47	29.73	35.44	80.99	68.07	0.0	104.0	80.99	68.07	0.0	104.0	29.83	95.69	80.81	16.97
23	70.11	63.66	83.45	63.41	58.69	86.88	25.3	30.59	30.59	20.25	14.87	36.4	41.3	73.57	78.77	93.62	43.0	73.06	104.0	0.0	43.0	73.06	104.0	0.0	74.52	17.26	59.54	87.05
24	64.85	11.7	10.44	11.4	43.93	41.04	54.56	54.08	54.08	70.26	70.71	46.17	52.47	11.66	10.3	31.02	57.22	47.76	29.83	74.52	57.22	47.76	29.83	74.52	0.0	67.54	56.04	13.04
25	53.01	55.95	75.17	57.38	43.46	88.01	13.04	15.81	15.81	4.47	3.61	23.35	25.3	69.26	73.74	91.22	26.17	77.28	95.69	17.26	26.17	77.28	95.69	17.26	67.54	0.0	66.85	79.08
26	100.26	53.6	66.01	47.85	79.06	36.77	60.21	65.22	65.22	71.31	67.68	62.29	72.92	46.17	51.48	52.48	77.99	17.8	80.81	59.54	77.99	17.8	80.81	59.54	56.04	66.85	0.0	67.19
27	68.88	23.43	4.12	24.41	50.04	46.07	66.04	64.85	64.85	81.49	82.38	56.8	61.68	21.02	16.12	31.11	65.97	56.72	16.97	87.05	65.97	56.72	16.97	87.05	13.04	79.08	67.19	0.0
;
