set K:= 1	2	3	4;
set C_H:= 1	2	3	4	5	6;
set C_S:= 7	8	9	10	11	12;
set C_F:= 13	14	15	16	17	18;
set M:= 19	20	21	22	23	24;
set L_B:= 25	26	27	28;
set A1:=
(0,*) 1 2 3 4 5 6 13 14 15 16 17 18 19 20 21 22 23 24 25 26 27 28
(1,*) 0 2 3 4 5 6 13 14 15 16 17 18 19 20 21 22 23 24 25 26 27 28
(2,*) 0 1 3 4 5 6 13 14 15 16 17 18 19 20 21 22 23 24 25 26 27 28
(3,*) 0 1 2 4 5 6 13 14 15 16 17 18 19 20 21 22 23 24 25 26 27 28
(4,*) 0 1 2 3 5 6 13 14 15 16 17 18 19 20 21 22 23 24 25 26 27 28
(5,*) 0 1 2 3 4 6 13 14 15 16 17 18 19 20 21 22 23 24 25 26 27 28
(6,*) 0 1 2 3 4 5 13 14 15 16 17 18 19 20 21 22 23 24 25 26 27 28
(13,*) 0 1 2 3 4 5 6 14 15 16 17 18 19 20 21 22 23 24 25 26 27 28
(14,*) 0 1 2 3 4 5 6 13 15 16 17 18 19 20 21 22 23 24 25 26 27 28
(15,*) 0 1 2 3 4 5 6 13 14 16 17 18 19 20 21 22 23 24 25 26 27 28
(16,*) 0 1 2 3 4 5 6 13 14 15 17 18 19 20 21 22 23 24 25 26 27 28
(17,*) 0 1 2 3 4 5 6 13 14 15 16 18 19 20 21 22 23 24 25 26 27 28
(18,*) 0 1 2 3 4 5 6 13 14 15 16 17 19 20 21 22 23 24 25 26 27 28
(19,*) 0 1 2 3 4 5 6 13 14 15 16 17 18 20 21 22 23 24 25 26 27 28
(20,*) 0 1 2 3 4 5 6 13 14 15 16 17 18 19 21 22 23 24 25 26 27 28
(21,*) 0 1 2 3 4 5 6 13 14 15 16 17 18 19 20 22 23 24 25 26 27 28
(22,*) 0 1 2 3 4 5 6 13 14 15 16 17 18 19 20 21 23 24 25 26 27 28
(23,*) 0 1 2 3 4 5 6 13 14 15 16 17 18 19 20 21 22 24 25 26 27 28
(24,*) 0 1 2 3 4 5 6 13 14 15 16 17 18 19 20 21 22 23 25 26 27 28
(25,*) 0 1 2 3 4 5 6 13 14 15 16 17 18 19 20 21 22 23 24 26 27 28
(26,*) 0 1 2 3 4 5 6 13 14 15 16 17 18 19 20 21 22 23 24 25 27 28
(27,*) 0 1 2 3 4 5 6 13 14 15 16 17 18 19 20 21 22 23 24 25 26 28
(28,*) 0 1 2 3 4 5 6 13 14 15 16 17 18 19 20 21 22 23 24 25 26 27
;
set A2:=
(19,*) 20
(20,*) 19
(21,*) 22
(22,*) 21
;
param BigM:=99999;
param n:= 4;
param d:=
1	19
2	12
3	14
4	15
5	4
6	21
7	8
8	6
9	16
10	21
11	2
12	20
13	14
14	12
15	1
16	24
17	19
18	16
;
param Q:=100;
param w:=
[19,*] 20 0.1
[20,*] 19 0.1
[21,*] 22 0.1
[22,*] 21 0.1
;
param V:=
[19,*] 20 90
[20,*] 19 90
[21,*] 22 95
[22,*] 21 95
;
param e:
	19	20	21	22	23	24	25	26	27	28:=
7		0		1		0		0		0		0		0		0		0		0	
8		0		1		0		0		0		0		0		0		0		0	
9		0		0		0		0		0		1		0		0		0		0	
10		0		0		0		0		0		0		0		1		0		0	
11		0		0		0		1		0		0		0		0		0		0	
12		1		0		0		0		0		0		0		0		0		0	
13		0		1		0		0		0		0		0		0		0		1	
14		0		0		1		0		0		0		0		0		0		0	
15		0		1		0		0		0		0		0		0		0		0	
16		0		0		1		0		0		1		0		0		0		0	
17		0		0		1		0		0		1		0		0		0		0	
18		0		1		0		0		0		0		0		0		0		0	
;
param p:=
1	3
2	3
3	3
4	3
;
param G:=
19	90
20	70
21	71
22	95
23	94
24	71
25	99
26	96
27	73
28	77
;
param s:=
0	0
1	10
2	10
3	10
4	10
5	10
6	10
13	10
14	10
15	10
16	10
17	10
18	10
19	10
20	10
21	10
22	10
23	10
24	10
25	10
26	10
27	10
28	10
;
param t:
	0	1	2	3	4	5	6	7	8	9	10	11	12	13	14	15	16	17	18	19	20	21	22	23	24	25	26	27	28:=
0	0.0	97.58	51.88	16.28	84.86	84.17	28.84	78.03	85.6	37.05	77.88	62.29	25.96	101.41	64.03	76.84	73.82	74.55	88.14	20.81	83.49	64.94	61.19	13.0	62.8	47.71	56.36	51.62	67.01
1	97.58	0.0	50.54	89.4	12.81	35.9	96.18	29.07	17.03	77.88	37.05	63.39	76.03	8.54	85.29	25.71	80.1	78.16	33.84	96.25	14.42	80.16	81.5	103.23	59.41	51.87	48.47	45.97	32.25
2	51.88	50.54	0.0	40.36	38.08	54.34	45.65	26.4	44.41	27.51	26.25	55.17	39.01	56.65	43.08	39.05	44.2	43.28	56.72	58.42	36.25	39.36	68.26	61.03	21.26	6.32	5.0	16.4	18.38
3	16.28	89.4	40.36	0.0	76.61	82.0	15.26	66.71	79.61	21.02	65.19	65.76	29.41	94.34	47.8	71.69	57.56	58.31	85.62	34.41	75.0	48.66	68.94	29.12	47.8	37.64	44.2	44.72	57.49
4	84.86	12.81	38.08	76.61	0.0	32.45	83.63	19.92	12.73	65.55	28.79	55.08	63.81	18.68	75.01	17.46	71.02	69.23	31.89	84.22	2.0	70.06	73.01	90.8	49.01	39.12	36.4	33.3	19.7
5	84.17	35.9	54.34	82.0	32.45	0.0	93.54	49.58	20.12	79.06	58.26	31.76	58.59	32.0	97.12	17.2	96.25	94.85	4.24	75.6	33.6	92.97	49.04	85.44	72.62	51.35	55.66	40.05	40.71
6	28.84	96.18	45.65	15.26	83.63	93.54	0.0	70.6	88.54	19.1	67.18	80.05	44.38	102.04	38.0	81.49	49.25	50.49	96.88	48.84	81.84	40.31	84.1	41.68	46.04	44.94	48.26	54.34	63.95
7	78.03	29.07	26.4	66.71	19.92	49.58	70.6	0.0	31.76	51.61	8.94	64.85	61.85	37.01	56.22	32.53	51.35	49.5	50.0	82.28	18.03	51.09	81.49	86.41	30.41	30.41	22.63	31.14	14.04
8	85.6	17.03	44.41	79.61	12.73	20.12	88.54	31.76	0.0	71.59	40.71	46.39	62.24	16.64	84.59	9.43	81.74	80.08	19.21	81.84	14.21	79.91	64.5	89.81	58.86	43.68	44.01	34.89	27.02
9	37.05	77.88	27.51	21.02	65.55	79.06	19.1	51.61	71.59	0.0	48.08	71.11	40.36	84.15	28.65	65.38	37.11	37.66	82.0	52.55	63.69	28.46	79.03	49.5	27.73	28.16	29.53	39.01	45.88
10	77.88	37.05	26.25	65.19	28.79	58.26	67.18	8.94	40.71	48.08	0.0	71.59	64.38	45.28	48.84	41.11	43.05	41.11	58.82	84.34	26.93	43.57	87.6	87.28	23.77	31.58	21.54	35.36	20.12
11	62.29	63.39	55.17	65.76	55.08	31.76	80.05	64.85	46.39	71.11	71.59	0.0	37.01	61.85	96.02	38.01	99.09	98.31	35.85	48.47	55.23	93.24	18.11	59.77	76.42	49.52	58.9	39.05	51.48
12	25.96	76.03	39.01	29.41	63.81	58.59	44.38	61.85	62.24	40.36	64.38	37.01	0.0	78.64	68.6	53.04	75.18	75.13	62.65	20.62	62.77	67.42	39.82	27.59	57.01	33.02	44.01	31.38	48.7
13	101.41	8.54	56.65	94.34	18.68	32.0	102.04	37.01	16.64	84.15	45.28	61.85	78.64	0.0	93.09	26.08	88.28	86.37	29.15	98.41	20.62	88.02	79.83	106.15	67.12	57.25	55.08	50.0	38.28
14	64.03	85.29	43.08	47.8	75.01	97.12	38.0	56.22	84.59	28.65	48.84	96.02	68.6	93.09	0.0	81.02	12.08	13.89	99.2	81.02	73.01	5.39	106.08	76.92	26.0	47.41	41.48	59.03	57.71
15	76.84	25.71	39.05	71.69	17.46	17.2	81.49	32.53	9.43	65.38	41.11	38.01	53.04	26.08	81.02	0.0	79.48	78.0	18.38	72.47	18.03	76.66	56.08	80.62	55.97	37.22	39.62	27.2	23.77
16	73.82	80.1	44.2	57.56	71.02	96.25	49.25	51.35	81.74	37.11	43.05	99.09	75.18	88.28	12.08	79.48	0.0	2.24	97.86	89.49	69.05	9.0	110.75	86.49	23.71	49.58	41.34	60.61	55.71
17	74.55	78.16	43.28	58.31	69.23	94.85	50.49	49.5	80.08	37.66	41.11	98.31	75.13	86.37	13.89	78.0	2.24	0.0	96.38	89.84	67.27	10.2	110.26	87.13	22.47	48.8	40.22	59.67	54.23
18	88.14	33.84	56.72	85.62	31.89	4.24	96.88	50.0	19.21	82.0	58.82	35.85	62.65	29.15	99.2	18.38	97.86	96.38	0.0	79.81	33.24	94.92	52.92	89.59	74.33	54.08	57.72	43.01	42.15
19	20.81	96.25	58.42	34.41	84.22	75.6	48.84	82.28	81.84	52.55	84.34	48.47	20.62	98.41	81.02	72.47	89.49	89.84	79.81	0.0	83.24	80.99	43.0	12.0	74.33	52.77	63.39	52.0	69.29
20	83.49	14.42	36.25	75.0	2.0	33.6	81.84	18.03	14.21	63.69	26.93	55.23	62.77	20.62	73.01	18.03	69.05	67.27	33.24	83.24	0.0	68.07	73.06	89.63	47.01	37.44	34.48	32.02	17.89
21	64.94	80.16	39.36	48.66	70.06	92.97	40.31	51.09	79.91	28.46	43.57	93.24	67.42	88.02	5.39	76.66	9.0	10.2	94.92	80.99	68.07	0.0	104.0	77.67	21.1	44.1	37.34	55.57	53.15
22	61.19	81.5	68.26	68.94	73.01	49.04	84.1	81.49	64.5	79.03	87.6	18.11	39.82	79.83	106.08	56.08	110.75	110.26	52.92	43.0	73.06	104.0	0.0	55.0	89.31	62.13	72.56	53.23	67.72
23	13.0	103.23	61.03	29.12	90.8	85.44	41.68	86.41	89.81	49.5	87.28	59.77	27.59	106.15	76.92	80.62	86.49	87.13	89.59	12.0	89.63	77.67	55.0	0.0	74.17	56.08	65.8	57.69	74.3
24	62.8	59.41	21.26	47.8	49.01	72.62	46.04	30.41	58.86	27.73	23.77	76.42	57.01	67.12	26.0	55.97	23.71	22.47	74.33	74.33	47.01	21.1	89.31	74.17	0.0	27.2	17.8	37.48	32.28
25	47.71	51.87	6.32	37.64	39.12	51.35	44.94	30.41	43.68	28.16	31.58	49.52	33.02	57.25	47.41	37.22	49.58	48.8	54.08	52.77	37.44	44.1	62.13	56.08	27.2	0.0	11.18	11.7	19.85
26	56.36	48.47	5.0	44.2	36.4	55.66	48.26	22.63	44.01	29.53	21.54	58.9	44.01	55.08	41.48	39.62	41.34	40.22	57.72	63.39	34.48	37.34	72.56	65.8	17.8	11.18	0.0	19.85	17.12
27	51.62	45.97	16.4	44.72	33.3	40.05	54.34	31.14	34.89	39.01	35.36	39.05	31.38	50.0	59.03	27.2	60.61	59.67	43.01	52.0	32.02	55.57	53.23	57.69	37.48	11.7	19.85	0.0	17.46
28	67.01	32.25	18.38	57.49	19.7	40.71	63.95	14.04	27.02	45.88	20.12	51.48	48.7	38.28	57.71	23.77	55.71	54.23	42.15	69.29	17.89	53.15	67.72	74.3	32.28	19.85	17.12	17.46	0.0
;
