vehicles
vehicle_idx, capacity, cost_per_unit_distance
1,100,1
2,100,1
3,100,1
4,100,1
depot
node_idx,x,y
0,82,76
home delivery customers
node_idx,x,y,service_time,demand
1,93,3,10,24
2,61,62,10,24
3,98,52,10,21
4,91,2,10,19
5,58,30,10,12
self pickup customers
node_idx,x,y,service_time,demand,locker_idxs
6,5,10,10,14,13
7,2,39,10,16,13
8,96,44,10,19,14
flexible customers
node_idx,x,y,service_time,demand,locker_idxs
9,23,15,10,15,13
10,13,7,10,19,13
11,50,5,10,21,17
lockers
node_idx,x,y,service_time,capacity,cost_per_unit_good
12,65,88,10,95
13,25,15,10,90
14,93,12,10,70
15,22,88,10,75
16,77,88,10,88
17,72,14,10,93
18,47,29,10,94
19,68,62,10,81
20,67,36,10,83
21,36,45,10,83
mrt lines
start_node_idx,end_node_idx,freight_capacity,cost_per_unit_good
12,13,95,2
13,12,95,2
14,15,75,2
15,14,75,2
16,17,93,2
17,16,93,2
distance matrix
,0,1,2,3,4,5,6,7,8,9,10,11,12,13,14,15,16,17,18,19,20,21,
0,0.0,73.82,25.24,28.84,74.55,51.88,101.41,88.14,34.93,84.86,97.58,77.88,20.81,83.49,64.94,61.19,13.0,62.8,58.6,19.8,42.72,55.47
1,73.82,0.0,67.12,49.25,2.24,44.2,88.28,97.86,41.11,71.02,80.1,43.05,89.49,69.05,9.0,110.75,86.49,23.71,52.84,64.08,42.01,70.8
2,25.24,67.12,0.0,38.33,67.08,32.14,76.42,63.32,39.36,60.44,73.0,58.05,26.31,59.2,59.36,46.87,30.53,49.24,35.85,7.0,26.68,30.23
3,28.84,49.25,38.33,0.0,50.49,45.65,102.04,96.88,8.25,83.63,96.18,67.18,48.84,81.84,40.31,84.1,41.68,46.04,55.95,31.62,34.89,62.39
4,74.55,2.24,67.08,50.49,0.0,43.28,86.37,96.38,42.3,69.23,78.16,41.11,89.84,67.27,10.2,110.26,87.13,22.47,51.62,64.26,41.62,69.81
5,51.88,44.2,32.14,45.65,43.28,0.0,56.65,56.72,40.5,38.08,50.54,26.25,58.42,36.25,39.36,68.26,61.03,21.26,11.05,33.53,10.82,26.63
6,101.41,88.28,76.42,102.04,86.37,56.65,0.0,29.15,97.14,18.68,8.54,45.28,98.41,20.62,88.02,79.83,106.15,67.12,46.1,81.69,67.23,46.75
7,88.14,97.86,63.32,96.88,96.38,56.72,29.15,0.0,94.13,31.89,33.84,58.82,79.81,33.24,94.92,52.92,89.59,74.33,46.1,69.89,65.07,34.53
8,34.93,41.11,39.36,8.25,42.3,40.5,97.14,94.13,0.0,78.55,90.87,60.31,53.82,76.69,32.14,86.09,47.93,38.42,51.24,33.29,30.08,60.01
9,84.86,71.02,60.44,83.63,69.23,38.08,18.68,31.89,78.55,0.0,12.81,28.79,84.22,2.0,70.06,73.01,90.8,49.01,27.78,65.07,48.75,32.7
10,97.58,80.1,73.0,96.18,78.16,50.54,8.54,33.84,90.87,12.81,0.0,37.05,96.25,14.42,80.16,81.5,103.23,59.41,40.5,77.78,61.29,44.42
11,77.88,43.05,58.05,67.18,41.11,26.25,45.28,58.82,60.31,28.79,37.05,0.0,84.34,26.93,43.57,87.6,87.28,23.77,24.19,59.77,35.36,42.38
12,20.81,89.49,26.31,48.84,89.84,58.42,98.41,79.81,53.82,84.22,96.25,84.34,0.0,83.24,80.99,43.0,12.0,74.33,61.68,26.17,52.04,51.87
13,83.49,69.05,59.2,81.84,67.27,36.25,20.62,33.24,76.69,2.0,14.42,26.93,83.24,0.0,68.07,73.06,89.63,47.01,26.08,63.7,46.96,31.95
14,64.94,9.0,59.36,40.31,10.2,39.36,88.02,94.92,32.14,70.06,80.16,43.57,80.99,68.07,0.0,104.0,77.67,21.1,49.04,55.9,35.38,65.86
15,61.19,110.75,46.87,84.1,110.26,68.26,79.83,52.92,86.09,73.01,81.5,87.6,43.0,73.06,104.0,0.0,55.0,89.31,64.08,52.84,68.77,45.22
16,13.0,86.49,30.53,41.68,87.13,61.03,106.15,89.59,47.93,90.8,103.23,87.28,12.0,89.63,77.67,55.0,0.0,74.17,66.19,27.51,52.95,59.41
17,62.8,23.71,49.24,46.04,22.47,21.26,67.12,74.33,38.42,49.01,59.41,23.77,74.33,47.01,21.1,89.31,74.17,0.0,29.15,48.17,22.56,47.51
18,58.6,52.84,35.85,55.95,51.62,11.05,46.1,46.1,51.24,27.78,40.5,24.19,61.68,26.08,49.04,64.08,66.19,29.15,0.0,39.12,21.19,19.42
19,19.8,64.08,7.0,31.62,64.26,33.53,81.69,69.89,33.29,65.07,77.78,59.77,26.17,63.7,55.9,52.84,27.51,48.17,39.12,0.0,26.02,36.24
20,42.72,42.01,26.68,34.89,41.62,10.82,67.23,65.07,30.08,48.75,61.29,35.36,52.04,46.96,35.38,68.77,52.95,22.56,21.19,26.02,0.0,32.28
21,55.47,70.8,30.23,62.39,69.81,26.63,46.75,34.53,60.01,32.7,44.42,42.38,51.87,31.95,65.86,45.22,59.41,47.51,19.42,36.24,32.28,0.0
