vehicles
vehicle_idx, capacity, cost_per_unit_distance
1,100,3
2,100,3
3,100,3
depot
node_idx,x,y
0,82,76
home delivery customers
node_idx,x,y,service_time,demand
1,42,9,10,8
2,93,3,10,24
3,14,24,10,6
4,1,65,10,22
5,96,44,10,19
self pickup customers
node_idx,x,y,service_time,demand,locker_idxs
6,50,5,10,21,19-17
7,5,42,10,4,19-15-13
8,23,15,10,15,19-15-17
flexible customers
node_idx,x,y,service_time,demand,locker_idxs
9,29,89,10,7,20-13
10,5,10,10,14,18-15-17
11,85,60,10,14,19-16
lockers
node_idx,x,y,service_time,capacity,cost_per_unit_good
12,93,12,10,78
13,22,88,10,77
14,65,88,10,75
15,25,15,10,83
16,77,88,10,73
17,72,14,10,92
18,50,48,10,79
19,46,40,10,88
20,49,48,10,74
mrt lines
start_node_idx,end_node_idx,freight_capacity,cost_per_unit_good
12,13,78,0.5
13,12,78,0.5
14,15,83,0.5
15,14,83,0.5
16,17,92,0.5
17,16,92,0.5
distance matrix
,0,1,2,3,4,5,6,7,8,9,10,11,12,13,14,15,16,17,18,19,20,
0,0.0,78.03,73.82,85.6,81.74,34.93,77.88,84.17,84.86,54.57,101.41,16.28,64.94,61.19,20.81,83.49,13.0,62.8,42.52,50.91,43.28
1,78.03,0.0,51.35,31.76,69.4,64.35,8.94,49.58,19.92,81.05,37.01,66.71,51.09,81.49,82.28,18.03,86.41,30.41,39.81,31.26,39.62
2,73.82,51.35,0.0,81.74,110.94,41.11,43.05,96.25,71.02,107.2,88.28,57.56,9.0,110.75,89.49,69.05,86.49,23.71,62.24,59.82,62.94
3,85.6,31.76,81.74,0.0,43.01,84.4,40.71,20.12,12.73,66.71,16.64,79.61,79.91,64.5,81.84,14.21,89.81,58.86,43.27,35.78,42.44
4,81.74,69.4,110.94,43.01,0.0,97.29,77.47,23.35,54.63,36.88,55.15,84.15,106.17,31.14,68.01,55.46,79.4,87.42,51.87,51.48,50.92
5,34.93,64.35,41.11,84.4,97.29,0.0,60.31,91.02,78.55,80.71,97.14,19.42,32.14,86.09,53.82,76.69,47.93,38.42,46.17,50.16,47.17
6,77.88,8.94,43.05,40.71,77.47,60.31,0.0,58.26,28.79,86.59,45.28,65.19,43.57,87.6,84.34,26.93,87.28,23.77,43.0,35.23,43.01
7,84.17,49.58,96.25,20.12,23.35,91.02,58.26,0.0,32.45,52.77,32.0,82.0,92.97,49.04,75.6,33.6,85.44,72.62,45.4,41.05,44.41
8,84.86,19.92,71.02,12.73,54.63,78.55,28.79,32.45,0.0,74.24,18.68,76.61,70.06,73.01,84.22,2.0,90.8,49.01,42.64,33.97,42.01
9,54.57,81.05,107.2,66.71,36.88,80.71,86.59,52.77,74.24,0.0,82.57,63.06,100.12,7.07,36.01,74.11,48.01,86.45,46.07,51.87,45.62
10,101.41,37.01,88.28,16.64,55.15,97.14,45.28,32.0,18.68,82.57,0.0,94.34,88.02,79.83,98.41,20.62,106.15,67.12,58.9,50.8,58.14
11,16.28,66.71,57.56,79.61,84.15,19.42,65.19,82.0,76.61,63.06,94.34,0.0,48.66,68.94,34.41,75.0,29.12,47.8,37.0,43.83,37.95
12,64.94,51.09,9.0,79.91,106.17,32.14,43.57,92.97,70.06,100.12,88.02,48.66,0.0,104.0,80.99,68.07,77.67,21.1,56.08,54.71,56.85
13,61.19,81.49,110.75,64.5,31.14,86.09,87.6,49.04,73.01,7.07,79.83,68.94,104.0,0.0,43.0,73.06,55.0,89.31,48.83,53.67,48.26
14,20.81,82.28,89.49,81.84,68.01,53.82,84.34,75.6,84.22,36.01,98.41,34.41,80.99,43.0,0.0,83.24,12.0,74.33,42.72,51.62,43.08
15,83.49,18.03,69.05,14.21,55.46,76.69,26.93,33.6,2.0,74.11,20.62,75.0,68.07,73.06,83.24,0.0,89.63,47.01,41.4,32.65,40.8
16,13.0,86.41,86.49,89.81,79.4,47.93,87.28,85.44,90.8,48.01,106.15,29.12,77.67,55.0,12.0,89.63,0.0,74.17,48.26,57.14,48.83
17,62.8,30.41,23.71,58.86,87.42,38.42,23.77,72.62,49.01,86.45,67.12,47.8,21.1,89.31,74.33,47.01,74.17,0.0,40.5,36.77,41.05
18,42.52,39.81,62.24,43.27,51.87,46.17,43.0,45.4,42.64,46.07,58.9,37.0,56.08,48.83,42.72,41.4,48.26,40.5,0.0,8.94,1.0
19,50.91,31.26,59.82,35.78,51.48,50.16,35.23,41.05,33.97,51.87,50.8,43.83,54.71,53.67,51.62,32.65,57.14,36.77,8.94,0.0,8.54
20,43.28,39.62,62.94,42.44,50.92,47.17,43.01,44.41,42.01,45.62,58.14,37.95,56.85,48.26,43.08,40.8,48.83,41.05,1.0,8.54,0.0
