set K:= 1	2	3	4;
set C_H:= 1	2	3	4;
set C_S:= 5	6	7	8	9	10;
set C_F:= 11	12	13	14	15	16;
set M:= 17	18	19	20	21	22;
set L_B:= 23;
set A1:=
(0,*) 1 2 3 4 11 12 13 14 15 16 17 18 19 20 21 22 23 24
(1,*) 0 2 3 4 11 12 13 14 15 16 17 18 19 20 21 22 23 24
(2,*) 0 1 3 4 11 12 13 14 15 16 17 18 19 20 21 22 23 24
(3,*) 0 1 2 4 11 12 13 14 15 16 17 18 19 20 21 22 23 24
(4,*) 0 1 2 3 11 12 13 14 15 16 17 18 19 20 21 22 23 24
(11,*) 0 1 2 3 4 12 13 14 15 16 17 18 19 20 21 22 23 24
(12,*) 0 1 2 3 4 11 13 14 15 16 17 18 19 20 21 22 23 24
(13,*) 0 1 2 3 4 11 12 14 15 16 17 18 19 20 21 22 23 24
(14,*) 0 1 2 3 4 11 12 13 15 16 17 18 19 20 21 22 23 24
(15,*) 0 1 2 3 4 11 12 13 14 16 17 18 19 20 21 22 23 24
(16,*) 0 1 2 3 4 11 12 13 14 15 17 18 19 20 21 22 23 24
(17,*) 0 1 2 3 4 11 12 13 14 15 16 18 19 20 21 22 23 24
(18,*) 0 1 2 3 4 11 12 13 14 15 16 17 19 20 21 22 23 24
(19,*) 0 1 2 3 4 11 12 13 14 15 16 17 18 20 21 22 23 24
(20,*) 0 1 2 3 4 11 12 13 14 15 16 17 18 19 21 22 23 24
(21,*) 0 1 2 3 4 11 12 13 14 15 16 17 18 19 20 22 23 24
(22,*) 0 1 2 3 4 11 12 13 14 15 16 17 18 19 20 21 23 24
(23,*) 0 1 2 3 4 11 12 13 14 15 16 17 18 19 20 21 22 24
(24,*) 0 1 2 3 4 11 12 13 14 15 16 17 18 19 20 21 22 23
;
set A2:=
;
param BigM:=99999;
param n:= 4;
param d:=
1	13
2	13
3	12
4	12
5	12
6	5
7	26
8	12
9	20
10	24
11	21
12	2
13	10
14	7
15	2
16	2
;
param Q:=100;
param e:
	17	18	19	20	21	22	23:=
5		0		1		0		0		0		0		0	
6		1		0		0		1		1		0		0	
7		0		0		0		0		0		0		1	
8		1		0		0		1		1		0		0	
9		0		0		1		0		0		0		0	
10		0		0		1		0		0		0		0	
11		0		1		0		0		0		1		0	
12		0		1		0		0		0		0		0	
13		0		0		0		1		0		0		0	
14		0		0		1		0		0		1		0	
15		1		0		0		1		0		0		1	
16		0		0		1		0		0		1		0	
;
param p:=
1	1
2	1
3	1
4	1
;
param G:=
17	88
18	73
19	84
20	78
21	86
22	93
23	75
;
param s:=
0	0
1	10
2	10
3	10
4	10
11	10
12	10
13	10
14	10
15	10
16	10
17	10
18	10
19	10
20	10
21	10
22	10
23	10
;
param t:
	0	1	2	3	4	5	6	7	8	9	10	11	12	13	14	15	16	17	18	19	20	21	22	23	24:=
0	0.0	11.66	19.92	17.0	22.2	101.83	41.23	81.3	30.36	75.06	81.15	101.4	103.48	69.35	87.09	67.91	75.5	27.29	102.07	80.01	70.11	15.52	80.52	73.16	0.0
1	11.66	0.0	29.68	9.22	24.19	99.81	34.0	72.18	24.21	81.3	87.14	100.85	100.5	60.42	94.05	60.17	80.16	19.72	100.69	86.7	60.83	11.18	84.59	64.43	11.66
2	19.92	29.68	0.0	29.83	19.03	94.05	46.87	87.82	36.4	56.72	62.97	91.29	97.25	75.95	68.03	72.06	58.87	36.25	93.24	61.2	77.47	25.81	64.47	79.12	19.92
3	17.0	9.22	29.83	0.0	18.44	90.8	25.08	64.38	15.0	76.3	81.88	92.18	91.35	52.47	89.5	51.55	74.03	10.77	91.81	82.0	53.15	4.47	78.06	56.34	17.0
4	22.2	24.19	19.03	18.44	0.0	79.93	28.16	68.88	18.36	57.87	63.51	79.2	82.01	57.07	71.06	53.04	56.04	19.8	79.98	63.56	58.69	14.14	60.41	60.16	22.2
5	101.83	99.81	94.05	90.8	79.93	0.0	70.21	66.75	76.55	68.03	66.48	12.81	8.6	66.03	76.3	57.22	56.01	81.84	5.66	72.34	69.01	88.87	51.24	63.56	101.83
6	41.23	34.0	46.87	25.08	28.16	70.21	0.0	41.11	11.05	74.79	79.16	74.04	69.34	29.15	88.68	26.68	68.71	14.32	72.24	81.12	30.59	25.71	70.88	32.55	41.23
7	81.3	72.18	87.82	64.38	68.88	66.75	41.11	0.0	52.04	103.48	106.08	76.66	61.07	12.0	116.73	17.49	94.05	54.08	71.39	109.79	11.4	66.07	93.61	8.8	81.3
8	30.36	24.21	36.4	15.0	18.36	76.55	11.05	52.04	0.0	70.94	75.89	78.79	76.69	40.05	84.69	37.66	66.49	5.39	77.9	77.08	41.3	14.87	69.58	43.55	30.36
9	75.06	81.3	56.72	76.3	57.87	68.03	74.79	103.48	70.94	0.0	6.32	58.31	75.33	94.76	13.89	86.31	12.04	74.95	64.03	6.4	97.62	72.01	17.26	95.57	75.06
10	81.15	87.14	62.97	81.88	63.51	66.48	79.16	106.08	75.89	6.32	0.0	56.0	74.15	97.84	10.82	89.14	12.21	80.08	62.13	6.08	100.77	77.65	15.3	98.39	81.15
11	101.4	100.85	91.29	92.18	79.2	12.81	74.04	76.66	78.79	58.31	56.0	0.0	21.4	74.43	65.28	65.19	46.53	84.17	7.21	62.01	77.52	89.69	41.11	72.47	101.4
12	103.48	100.5	97.25	91.35	82.01	8.6	69.34	61.07	76.69	75.33	74.15	21.4	0.0	61.66	84.17	53.37	63.29	81.84	14.21	79.91	64.5	89.81	58.86	58.8	103.48
13	69.35	60.42	75.95	52.47	57.07	66.03	29.15	12.0	40.05	94.76	97.84	74.43	61.66	0.0	108.3	9.49	86.05	42.11	70.03	101.14	3.16	54.08	86.27	4.31	69.35
14	87.09	94.05	68.03	89.5	71.06	76.3	88.68	116.73	84.69	13.89	10.82	65.28	84.17	108.3	0.0	99.7	23.02	88.6	71.7	7.62	111.2	85.15	25.63	108.96	87.09
15	67.91	60.17	72.06	51.55	53.04	57.22	26.68	17.49	37.66	86.31	89.14	65.19	53.37	9.49	99.7	0.0	77.23	40.8	61.01	92.66	12.65	52.39	77.2	9.26	67.91
16	75.5	80.16	58.87	74.03	56.04	56.01	68.71	94.05	66.49	12.04	12.21	46.53	63.29	86.05	23.02	77.23	0.0	71.02	52.09	17.09	89.02	70.0	6.4	86.47	75.5
17	27.29	19.72	36.25	10.77	19.8	81.84	14.32	54.08	5.39	74.95	80.08	84.17	81.84	42.11	88.6	40.8	71.02	0.0	83.24	80.99	43.0	12.0	74.33	45.87	27.29
18	102.07	100.69	93.24	91.81	79.98	5.66	72.24	71.39	77.9	64.03	62.13	7.21	14.21	70.03	71.7	61.01	52.09	83.24	0.0	68.07	73.06	89.63	47.01	67.77	102.07
19	80.01	86.7	61.2	82.0	63.56	72.34	81.12	109.79	77.08	6.4	6.08	62.01	79.91	101.14	7.62	92.66	17.09	80.99	68.07	0.0	104.0	77.67	21.1	101.91	80.01
20	70.11	60.83	77.47	53.15	58.69	69.01	30.59	11.4	41.3	97.62	100.77	77.52	64.5	3.16	111.2	12.65	89.02	43.0	73.06	104.0	0.0	55.0	89.31	6.02	70.11
21	15.52	11.18	25.81	4.47	14.14	88.87	25.71	66.07	14.87	72.01	77.65	89.69	89.81	54.08	85.15	52.39	70.0	12.0	89.63	77.67	55.0	0.0	74.17	57.8	15.52
22	80.52	84.59	64.47	78.06	60.41	51.24	70.88	93.61	69.58	17.26	15.3	41.11	58.86	86.27	25.63	77.2	6.4	74.33	47.01	21.1	89.31	74.17	0.0	86.37	80.52
23	73.16	64.43	79.12	56.34	60.16	63.56	32.55	8.8	43.55	95.57	98.39	72.47	58.8	4.31	108.96	9.26	86.47	45.87	67.77	101.91	6.02	57.8	86.37	0.0	73.16
;
