vehicles
vehicle_idx, capacity, cost_per_unit_distance
1,100,1
2,100,1
3,100,1
4,100,1
depot
node_idx,x,y
0,82,76
home delivery customers
node_idx,x,y,service_time,demand
1,3,82,10,8
2,96,44,10,19
3,61,59,10,3
4,50,93,10,8
self pickup customers
node_idx,x,y,service_time,demand,locker_idxs
5,84,39,10,16,16
6,80,55,10,2,19
7,49,8,10,6,16-12
flexible customers
node_idx,x,y,service_time,demand,locker_idxs
8,61,62,10,24,19-17-18-20
9,84,25,10,16,13-16
10,93,3,10,24,13-16
lockers
node_idx,x,y,service_time,capacity,cost_per_unit_good
11,65,88,10,94
12,25,15,10,92
13,93,12,10,81
14,22,88,10,95
15,77,88,10,98
16,72,14,10,87
17,45,44,10,84
18,52,54,10,78
19,52,43,10,87
20,50,55,10,84
mrt lines
start_node_idx,end_node_idx,freight_capacity,cost_per_unit_good
11,12,94,2
12,11,94,2
distance matrix
,0,1,2,3,4,5,6,7,8,9,10,11,12,13,14,15,16,17,18,19,20,
0,0.0,79.23,34.93,27.02,36.24,37.05,21.1,75.58,25.24,51.04,73.82,20.81,83.49,64.94,61.19,13.0,62.8,48.92,37.2,44.6,38.28
1,79.23,0.0,100.46,62.39,48.27,91.71,81.6,87.13,61.35,99.05,119.75,62.29,70.52,114.02,19.92,74.24,96.88,56.64,56.44,62.63,54.2
2,34.93,100.46,0.0,38.08,67.21,13.0,19.42,59.2,39.36,22.47,41.11,53.82,76.69,32.14,86.09,47.93,38.42,51.0,45.12,44.01,47.3
3,27.02,62.39,38.08,0.0,35.74,30.48,19.42,52.39,3.0,41.05,64.5,29.27,56.85,56.86,48.6,33.12,46.32,21.93,10.3,18.36,11.7
4,36.24,48.27,67.21,35.74,0.0,63.81,48.41,85.01,32.89,76.03,99.74,15.81,81.91,91.71,28.44,27.46,82.01,49.25,39.05,50.04,38.0
5,37.05,91.71,13.0,30.48,63.81,0.0,16.49,46.75,32.53,14.0,37.11,52.55,63.69,28.46,79.03,49.5,27.73,39.32,35.34,32.25,37.58
6,21.1,81.6,19.42,19.42,48.41,16.49,0.0,56.3,20.25,30.27,53.6,36.25,68.01,44.92,66.73,33.14,41.77,36.69,28.02,30.46,30.0
7,75.58,87.13,59.2,52.39,85.01,46.75,56.3,0.0,55.32,38.91,44.28,81.58,25.0,44.18,84.43,84.76,23.77,36.22,46.1,35.13,47.01
8,25.24,61.35,39.36,3.0,32.89,32.53,20.25,55.32,0.0,43.57,67.12,26.31,59.2,59.36,46.87,30.53,49.24,24.08,12.04,21.02,13.04
9,51.04,99.05,22.47,41.05,76.03,14.0,30.27,38.91,43.57,0.0,23.77,65.8,59.84,15.81,88.39,63.39,16.28,43.38,43.19,36.72,45.34
10,73.82,119.75,41.11,64.5,99.74,37.11,53.6,44.28,67.12,23.77,0.0,89.49,69.05,9.0,110.75,86.49,23.71,63.13,65.44,57.28,67.48
11,20.81,62.29,53.82,29.27,15.81,52.55,36.25,81.58,26.31,65.8,89.49,0.0,83.24,80.99,43.0,12.0,74.33,48.33,36.4,46.84,36.25
12,83.49,70.52,76.69,56.85,81.91,63.69,68.01,25.0,59.2,59.84,69.05,83.24,0.0,68.07,73.06,89.63,47.01,35.23,47.43,38.9,47.17
13,64.94,114.02,32.14,56.86,91.71,28.46,44.92,44.18,59.36,15.81,9.0,80.99,68.07,0.0,104.0,77.67,21.1,57.69,58.69,51.4,60.81
14,61.19,19.92,86.09,48.6,28.44,79.03,66.73,84.43,46.87,88.39,110.75,43.0,73.06,104.0,0.0,55.0,89.31,49.65,45.34,54.08,43.28
15,13.0,74.24,47.93,33.12,27.46,49.5,33.14,84.76,30.53,63.39,86.49,12.0,89.63,77.67,55.0,0.0,74.17,54.41,42.2,51.48,42.64
16,62.8,96.88,38.42,46.32,82.01,27.73,41.77,23.77,49.24,16.28,23.71,74.33,47.01,21.1,89.31,74.17,0.0,40.36,44.72,35.23,46.53
17,48.92,56.64,51.0,21.93,49.25,39.32,36.69,36.22,24.08,43.38,63.13,48.33,35.23,57.69,49.65,54.41,40.36,0.0,12.21,7.07,12.08
18,37.2,56.44,45.12,10.3,39.05,35.34,28.02,46.1,12.04,43.19,65.44,36.4,47.43,58.69,45.34,42.2,44.72,12.21,0.0,11.0,2.24
19,44.6,62.63,44.01,18.36,50.04,32.25,30.46,35.13,21.02,36.72,57.28,46.84,38.9,51.4,54.08,51.48,35.23,7.07,11.0,0.0,12.17
20,38.28,54.2,47.3,11.7,38.0,37.58,30.0,47.01,13.04,45.34,67.48,36.25,47.17,60.81,43.28,42.64,46.53,12.08,2.24,12.17,0.0
