vehicles
vehicle_idx, capacity, cost_per_unit_distance
1,100,1
2,100,1
3,100,1
depot
node_idx,x,y
0,82,76
home delivery customers
node_idx,x,y,service_time,demand
1,50,5,15,21
2,23,15,15,15
3,5,10,15,14
4,80,55,15,2
5,42,9,15,8
6,88,51,15,18
7,5,42,15,4
8,29,89,15,7
9,85,60,15,14
self pickup customers
node_idx,x,y,service_time,demand,locker_idxs
10,20,70,15,2,15-17-16
11,1,65,15,22,15-17
12,9,97,15,24,15-17
flexible customers
node_idx,x,y,service_time,demand,locker_idxs
13,98,14,15,12,14
lockers
node_idx,x,y,service_time,capacity,cost_per_unit_good
14,93,12,10,74,100
15,22,88,10,92,100
16,50,49,10,99,100
17,35,78,10,100,100
18,97,71,10,84,100
mrt lines
start_node_idx,end_node_idx,freight_capacity,cost_per_unit_good
14,15,92,1
15,14,92,1
distance matrix
,0,1,2,3,4,5,6,7,8,9,10,11,12,13,14,15,16,17,18,
0,0.0,77.88,84.86,101.41,21.1,78.03,25.71,84.17,54.57,16.28,62.29,81.74,75.96,64.03,64.94,61.19,41.87,47.04,15.81
1,77.88,0.0,28.79,45.28,58.31,8.94,59.67,58.26,86.59,65.19,71.59,77.47,100.72,48.84,43.57,87.6,44.0,74.53,81.02
2,84.86,28.79,0.0,18.68,69.63,19.92,74.3,32.45,74.24,76.61,55.08,54.63,83.19,75.01,70.06,73.01,43.42,64.13,92.8
3,101.41,45.28,18.68,0.0,87.46,37.01,92.57,32.0,82.57,94.34,61.85,55.15,87.09,93.09,88.02,79.83,59.55,74.32,110.39
4,21.1,58.31,69.63,87.46,0.0,59.67,8.94,76.12,61.29,7.07,61.85,79.63,82.49,44.78,44.92,66.73,30.59,50.54,23.35
5,78.03,8.94,19.92,37.01,59.67,0.0,62.29,49.58,81.05,66.71,64.85,69.4,93.98,56.22,51.09,81.49,40.79,69.35,82.88
6,25.71,59.67,74.3,92.57,8.94,62.29,0.0,83.49,70.18,9.49,70.6,88.12,91.42,38.33,39.32,75.66,38.05,59.48,21.93
7,84.17,58.26,32.45,32.0,76.12,49.58,83.49,0.0,52.77,82.0,31.76,23.35,55.15,97.12,92.97,49.04,45.54,46.86,96.46
8,54.57,86.59,74.24,82.57,61.29,81.05,70.18,52.77,0.0,63.06,21.02,36.88,21.54,101.91,100.12,7.07,45.18,12.53,70.34
9,16.28,65.19,76.61,94.34,7.07,66.71,9.49,82.0,63.06,0.0,65.76,84.15,84.53,47.8,48.66,68.94,36.69,53.14,16.28
10,62.29,71.59,55.08,61.85,61.85,64.85,70.6,31.76,21.02,65.76,0.0,19.65,29.15,96.02,93.24,18.11,36.62,17.0,77.01
11,81.74,77.47,54.63,55.15,79.63,69.4,88.12,23.35,36.88,84.15,19.65,0.0,32.98,109.59,106.17,31.14,51.55,36.4,96.19
12,75.96,100.72,83.19,87.09,82.49,93.98,91.42,55.15,21.54,84.53,29.15,32.98,0.0,121.7,119.5,15.81,63.13,32.2,91.76
13,64.03,48.84,75.01,93.09,44.78,56.22,38.33,97.12,101.91,47.8,96.02,109.59,121.7,0.0,5.39,106.08,59.41,89.81,57.01
14,64.94,43.57,70.06,88.02,44.92,51.09,39.32,92.97,100.12,48.66,93.24,106.17,119.5,5.39,0.0,104.0,56.73,87.86,59.14
15,61.19,87.6,73.01,79.83,66.73,81.49,75.66,49.04,7.07,68.94,18.11,31.14,15.81,106.08,104.0,0.0,48.01,16.4,76.9
16,41.87,44.0,43.42,59.55,30.59,40.79,38.05,45.54,45.18,36.69,36.62,51.55,63.13,59.41,56.73,48.01,0.0,32.65,51.89
17,47.04,74.53,64.13,74.32,50.54,69.35,59.48,46.86,12.53,53.14,17.0,36.4,32.2,89.81,87.86,16.4,32.65,0.0,62.39
18,15.81,81.02,92.8,110.39,23.35,82.88,21.93,96.46,70.34,16.28,77.01,96.19,91.76,57.01,59.14,76.9,51.89,62.39,0.0
