vehicles
vehicle_idx, capacity, cost_per_unit_distance
1,100,3
2,100,3
3,100,3
4,100,3
depot
node_idx,x,y
0,92,92
home delivery customers
node_idx,x,y,service_time,demand
1,52,82,10,11
2,57,51,10,19
3,59,66,10,2
4,51,16,10,2
5,46,80,10,5
6,56,75,10,13
self pickup customers
node_idx,x,y,service_time,demand,locker_idxs
7,63,83,10,12,15
8,41,95,10,23,18
9,36,93,10,7,18
10,60,25,10,9,17
flexible customers
node_idx,x,y,service_time,demand,locker_idxs
11,61,38,10,11,16-17
12,65,22,10,23,16-17
13,91,52,10,26,20
14,59,2,10,9,17
lockers
node_idx,x,y,service_time,capacity,cost_per_unit_good
15,65,88,10,100
16,25,15,10,84
17,59,34,10,97
18,50,101,10,98
19,9,36,10,82
20,104,34,10,76
mrt lines
start_node_idx,end_node_idx,freight_capacity,cost_per_unit_good
distance matrix
,0,1,2,3,4,5,6,7,8,9,10,11,12,13,14,15,16,17,18,19,20,
0,0.0,41.23,53.91,42.01,86.35,47.54,39.81,30.36,51.09,56.01,74.25,62.27,75.03,40.01,95.86,27.29,102.07,66.73,42.95,100.12,59.23
1,41.23,0.0,31.4,17.46,66.01,6.32,8.06,11.05,17.03,19.42,57.56,44.91,61.39,49.2,80.31,14.32,72.24,48.51,19.1,62.97,70.77
2,53.91,31.4,0.0,15.13,35.51,31.02,24.02,32.56,46.82,46.96,26.17,13.6,30.08,34.01,49.04,37.85,48.17,17.12,50.49,50.29,49.98
3,42.01,17.46,15.13,0.0,50.64,19.1,9.49,17.46,34.13,35.47,41.01,28.07,44.41,34.93,64.0,22.8,61.29,32.0,36.14,58.31,55.22
4,86.35,66.01,35.51,50.64,0.0,64.2,59.21,68.07,79.63,78.45,12.73,24.17,15.23,53.81,16.12,73.35,26.02,19.7,85.01,46.52,55.97
5,47.54,6.32,31.02,19.1,64.2,0.0,11.18,17.26,15.81,16.4,56.75,44.6,61.03,53.0,79.08,20.62,68.31,47.8,21.38,57.49,74.03
6,39.81,8.06,24.02,9.49,59.21,11.18,0.0,10.63,25.0,26.91,50.16,37.34,53.76,41.88,73.06,15.81,67.54,41.11,26.68,61.07,63.13
7,30.36,11.05,32.56,17.46,68.07,17.26,10.63,0.0,25.06,28.79,58.08,45.04,61.03,41.77,81.1,5.39,77.9,49.16,22.2,71.59,63.89
8,51.09,17.03,46.82,34.13,79.63,15.81,25.0,25.06,0.0,5.39,72.53,60.41,76.84,65.95,94.73,25.0,81.58,63.6,10.82,67.12,87.69
9,56.01,19.42,46.96,35.47,78.45,16.4,26.91,28.79,5.39,0.0,72.11,60.42,76.69,68.6,93.86,29.43,78.77,63.32,16.12,63.07,90.03
10,74.25,57.56,26.17,41.01,12.73,56.75,50.16,58.08,72.53,72.11,0.0,13.04,5.83,41.11,23.02,63.2,36.4,9.06,76.66,52.17,44.91
11,62.27,44.91,13.6,28.07,24.17,44.6,37.34,45.04,60.41,60.42,13.04,0.0,16.49,33.11,36.06,50.16,42.72,4.47,63.95,52.04,43.19
12,75.03,61.39,30.08,44.41,15.23,61.03,53.76,61.03,76.84,76.69,5.83,16.49,0.0,39.7,20.88,66.0,40.61,13.42,80.41,57.72,40.8
13,40.01,49.2,34.01,34.93,53.81,53.0,41.88,41.77,65.95,68.6,41.11,33.11,39.7,0.0,59.36,44.41,75.66,36.72,63.89,83.55,22.2
14,95.86,80.31,49.04,64.0,16.12,79.08,73.06,81.1,94.73,93.86,23.02,36.06,20.88,59.36,0.0,86.21,36.4,32.0,99.41,60.46,55.22
15,27.29,14.32,37.85,22.8,73.35,20.62,15.81,5.39,25.0,29.43,63.2,50.16,66.0,44.41,86.21,0.0,83.24,54.33,19.85,76.42,66.61
16,102.07,72.24,48.17,61.29,26.02,68.31,67.54,77.9,81.58,78.77,36.4,42.72,40.61,75.66,36.4,83.24,0.0,38.95,89.56,26.4,81.25
17,66.73,48.51,17.12,32.0,19.7,47.8,41.11,49.16,63.6,63.32,9.06,4.47,13.42,36.72,32.0,54.33,38.95,0.0,67.6,50.04,45.0
18,42.95,19.1,50.49,36.14,85.01,21.38,26.68,22.2,10.82,16.12,76.66,63.95,80.41,63.89,99.41,19.85,89.56,67.6,0.0,76.85,86.05
19,100.12,62.97,50.29,58.31,46.52,57.49,61.07,71.59,67.12,63.07,52.17,52.04,57.72,83.55,60.46,76.42,26.4,50.04,76.85,0.0,95.02
20,59.23,70.77,49.98,55.22,55.97,74.03,63.13,63.89,87.69,90.03,44.91,43.19,40.8,22.2,55.22,66.61,81.25,45.0,86.05,95.02,0.0
