set K:= 1	2	3;
set C_H:= 1	2	3	4	5	6;
set C_S:= 7	8	9	10;
set C_F:= 11	12	13	14;
set M:= 15	16;
set L_B:= 17	18	19;
set A1:=
(0,*) 1 2 3 4 5 6 11 12 13 14 15 16 17 18 19
(1,*) 0 2 3 4 5 6 11 12 13 14 15 16 17 18 19
(2,*) 0 1 3 4 5 6 11 12 13 14 15 16 17 18 19
(3,*) 0 1 2 4 5 6 11 12 13 14 15 16 17 18 19
(4,*) 0 1 2 3 5 6 11 12 13 14 15 16 17 18 19
(5,*) 0 1 2 3 4 6 11 12 13 14 15 16 17 18 19
(6,*) 0 1 2 3 4 5 11 12 13 14 15 16 17 18 19
(11,*) 0 1 2 3 4 5 6 12 13 14 15 16 17 18 19
(12,*) 0 1 2 3 4 5 6 11 13 14 15 16 17 18 19
(13,*) 0 1 2 3 4 5 6 11 12 14 15 16 17 18 19
(14,*) 0 1 2 3 4 5 6 11 12 13 15 16 17 18 19
(15,*) 0 1 2 3 4 5 6 11 12 13 14 16 17 18 19
(16,*) 0 1 2 3 4 5 6 11 12 13 14 15 17 18 19
(17,*) 0 1 2 3 4 5 6 11 12 13 14 15 16 18 19
(18,*) 0 1 2 3 4 5 6 11 12 13 14 15 16 17 19
(19,*) 0 1 2 3 4 5 6 11 12 13 14 15 16 17 18
;
set A2:=
(15,*) 16
(16,*) 15
;
param BigM:=99999;
param n:= 3;
param d:=
1	8
2	19
3	12
4	2
5	16
6	2
7	21
8	19
9	4
10	14
11	8
12	7
13	18
14	14
;
param Q:=100;
param w:=
[15,*] 16 0.5
[16,*] 15 0.5
;
param V:=
[15,*] 16 95
[16,*] 15 95
;
param e:
	15	16	17	18	19:=
7	1	1	0	0	1	
8	1	1	0	1	0	
9	0	1	0	1	0	
10	1	0	1	0	0	
11	1	1	0	1	0	
12	0	1	0	0	1	
13	1	1	0	0	1	
14	1	1	0	0	1	
;
param p:=
1	3
2	3
3	3
;
param G:=
15	95
16	74
17	71
18	92
19	91
;
param s:=
0	0
1	10
2	10
3	10
4	10
5	10
6	10
11	10
12	10
13	10
14	10
15	10
16	10
17	10
18	10
19	10
;
param t:
	0	1	2	3	4	5	6	7	8	9	10	11	12	13	14	15	16	17	18	19:=
0	0.0	36.24	74.55	51.88	62.29	88.14	21.1	28.84	34.93	84.17	16.28	78.03	54.57	25.71	101.41	64.94	61.19	48.01	65.19	35.61
1	36.24	0.0	99.81	63.51	37.8	72.25	48.41	63.13	67.21	68.01	48.1	84.38	21.38	56.64	94.41	91.71	28.44	45.54	72.06	39.2
2	74.55	99.81	0.0	43.28	98.31	96.38	54.13	50.49	42.3	94.85	58.31	49.5	106.83	49.09	86.37	10.2	110.26	66.48	47.93	63.82
3	51.88	63.51	43.28	0.0	55.17	56.72	33.3	45.65	40.5	54.34	40.36	26.4	65.74	36.62	56.65	39.36	68.26	23.43	14.21	24.33
4	62.29	37.8	98.31	55.17	0.0	35.85	61.85	80.05	80.32	31.76	65.76	64.85	21.02	70.6	61.85	93.24	18.11	31.83	55.95	37.58
5	88.14	72.25	96.38	56.72	35.85	0.0	79.62	96.88	94.13	4.24	85.62	50.0	56.82	86.83	29.15	94.92	52.92	41.98	48.47	54.12
6	21.1	48.41	54.13	33.3	61.85	79.62	0.0	18.25	19.42	76.12	7.07	59.67	61.29	8.94	87.46	44.92	66.73	37.66	47.38	26.02
7	28.84	63.13	50.49	45.65	80.05	96.88	18.25	0.0	8.25	93.54	15.26	70.6	78.29	10.05	102.04	40.31	84.1	55.15	59.68	44.05
8	34.93	67.21	42.3	40.5	80.32	94.13	19.42	8.25	0.0	91.02	19.42	64.35	80.71	10.63	97.14	32.14	86.09	53.15	54.13	43.17
9	84.17	68.01	94.85	54.34	31.76	4.24	76.12	93.54	91.02	0.0	82.0	49.58	52.77	83.49	32.0	92.97	49.04	38.47	46.96	50.45
10	16.28	48.1	58.31	40.36	65.76	85.62	7.07	15.26	19.42	82.0	0.0	66.71	63.06	9.49	94.34	48.66	68.94	43.68	54.45	31.58
11	78.03	84.38	49.5	26.4	64.85	50.0	59.67	70.6	64.35	49.58	66.71	0.0	81.05	62.29	37.01	51.09	81.49	39.01	13.0	46.57
12	54.57	21.38	106.83	65.74	21.02	56.82	61.29	78.29	80.71	52.77	63.06	81.05	0.0	70.18	82.57	100.12	7.07	43.32	70.34	43.01
13	25.71	56.64	49.09	36.62	70.6	86.83	8.94	10.05	10.63	83.49	9.49	62.29	70.18	0.0	92.57	39.32	75.66	45.1	50.8	34.13
14	101.41	94.41	86.37	56.65	61.85	29.15	87.46	102.04	97.14	32.0	94.34	37.01	82.57	92.57	0.0	88.02	79.83	53.74	43.42	65.86
15	64.94	91.71	10.2	39.36	93.24	94.92	44.92	40.31	32.14	92.97	48.66	51.09	100.12	39.32	88.02	0.0	104.0	61.61	46.87	57.31
16	61.19	28.44	110.26	68.26	18.11	52.92	66.73	84.1	86.09	49.04	68.94	81.49	7.07	75.66	79.83	104.0	0.0	45.18	71.51	46.69
17	48.01	45.54	66.48	23.43	31.83	41.98	37.66	55.15	53.15	38.47	43.68	39.01	43.32	45.1	53.74	61.61	45.18	0.0	27.29	12.53
18	65.19	72.06	47.93	14.21	55.95	48.47	47.38	59.68	54.13	46.96	54.45	13.0	70.34	50.8	43.42	46.87	71.51	27.29	0.0	33.73
19	35.61	39.2	63.82	24.33	37.58	54.12	26.02	44.05	43.17	50.45	31.58	46.57	43.01	34.13	65.86	57.31	46.69	12.53	33.73	0.0
;
