set K:= 1	2	3	4;
set C_H:= 1	2	3	4	5;
set C_S:= 6	7	8	9	10;
set C_F:= 11	12	13	14	15;
set M:= 16	17	18	19	20	21;
set L_B:= 22	23	24	25;
set A1:=
(0,*) 1 2 3 4 5 11 12 13 14 15 16 17 18 19 20 21 22 23 24 25
(1,*) 0 2 3 4 5 11 12 13 14 15 16 17 18 19 20 21 22 23 24 25
(2,*) 0 1 3 4 5 11 12 13 14 15 16 17 18 19 20 21 22 23 24 25
(3,*) 0 1 2 4 5 11 12 13 14 15 16 17 18 19 20 21 22 23 24 25
(4,*) 0 1 2 3 5 11 12 13 14 15 16 17 18 19 20 21 22 23 24 25
(5,*) 0 1 2 3 4 11 12 13 14 15 16 17 18 19 20 21 22 23 24 25
(11,*) 0 1 2 3 4 5 12 13 14 15 16 17 18 19 20 21 22 23 24 25
(12,*) 0 1 2 3 4 5 11 13 14 15 16 17 18 19 20 21 22 23 24 25
(13,*) 0 1 2 3 4 5 11 12 14 15 16 17 18 19 20 21 22 23 24 25
(14,*) 0 1 2 3 4 5 11 12 13 15 16 17 18 19 20 21 22 23 24 25
(15,*) 0 1 2 3 4 5 11 12 13 14 16 17 18 19 20 21 22 23 24 25
(16,*) 0 1 2 3 4 5 11 12 13 14 15 17 18 19 20 21 22 23 24 25
(17,*) 0 1 2 3 4 5 11 12 13 14 15 16 18 19 20 21 22 23 24 25
(18,*) 0 1 2 3 4 5 11 12 13 14 15 16 17 19 20 21 22 23 24 25
(19,*) 0 1 2 3 4 5 11 12 13 14 15 16 17 18 20 21 22 23 24 25
(20,*) 0 1 2 3 4 5 11 12 13 14 15 16 17 18 19 21 22 23 24 25
(21,*) 0 1 2 3 4 5 11 12 13 14 15 16 17 18 19 20 22 23 24 25
(22,*) 0 1 2 3 4 5 11 12 13 14 15 16 17 18 19 20 21 23 24 25
(23,*) 0 1 2 3 4 5 11 12 13 14 15 16 17 18 19 20 21 22 24 25
(24,*) 0 1 2 3 4 5 11 12 13 14 15 16 17 18 19 20 21 22 23 25
(25,*) 0 1 2 3 4 5 11 12 13 14 15 16 17 18 19 20 21 22 23 24
;
set A2:=
(16,*) 17
(17,*) 16
;
param BigM:=99999;
param n:= 4;
param d:=
1	4
2	7
3	8
4	24
5	19
6	2
7	1
8	9
9	14
10	12
11	6
12	19
13	2
14	16
15	16
;
param Q:=100;
param w:=
[16,*] 17 0.1
[17,*] 16 0.1
;
param V:=
[16,*] 17 100
[17,*] 16 100
;
param e:
	16	17	18	19	20	21	22	23	24	25:=
6		0		0		0		1		0		0		0		0		0		0	
7		0		0		0		0		0		0		0		1		0		0	
8		0		0		1		0		0		1		0		0		0		0	
9		0		1		0		0		0		0		0		0		0		0	
10		0		0		1		0		0		0		0		0		0		0	
11		0		1		0		0		0		1		0		0		0		0	
12		0		0		1		0		0		0		0		0		0		0	
13		0		0		0		0		0		0		0		0		0		1	
14		0		0		0		0		0		1		0		0		0		0	
15		0		0		1		0		0		1		0		0		0		0	
;
param p:=
1	3
2	3
3	3
4	3
;
param G:=
16	91
17	100
18	88
19	92
20	71
21	100
22	82
23	99
24	95
25	70
;
param s:=
0	0
1	10
2	10
3	10
4	10
5	10
11	10
12	10
13	10
14	10
15	10
16	10
17	10
18	10
19	10
20	10
21	10
22	10
23	10
24	10
25	10
;
param t:
	0	1	2	3	4	5	6	7	8	9	10	11	12	13	14	15	16	17	18	19	20	21	22	23	24	25:=
0	0.0	84.17	54.57	79.23	25.24	97.58	62.29	76.84	72.78	101.41	64.03	75.58	34.93	21.1	37.05	51.04	20.81	83.49	64.94	61.19	13.0	62.8	41.73	64.2	47.43	48.83
1	84.17	0.0	52.77	40.05	59.46	35.9	31.76	17.2	100.09	32.0	97.12	55.61	91.02	76.12	79.06	80.81	75.6	33.6	92.97	49.04	85.44	72.62	48.17	26.48	38.64	49.37
2	54.57	52.77	0.0	26.93	41.87	83.55	21.02	57.87	108.71	82.57	101.91	83.43	80.71	61.29	74.33	84.39	36.01	74.11	100.12	7.07	48.01	86.45	49.24	52.04	42.38	58.6
3	79.23	40.05	26.93	0.0	61.35	75.66	20.81	52.5	122.29	72.03	116.83	87.13	100.46	81.6	91.71	99.05	62.29	70.52	114.02	19.92	74.24	96.88	61.61	53.0	51.86	68.68
4	25.24	59.46	41.87	61.35	0.0	73.0	41.77	51.61	67.96	76.42	60.61	55.32	39.36	20.25	32.53	43.57	26.31	59.2	59.36	46.87	30.53	49.24	17.89	39.05	22.2	26.93
5	97.58	35.9	83.55	75.66	73.0	0.0	63.39	25.71	85.02	8.54	85.29	36.01	90.87	82.42	77.88	73.25	96.25	14.42	80.16	81.5	103.23	59.41	55.87	34.99	51.61	50.22
6	62.29	31.76	21.02	20.81	41.77	63.39	0.0	38.01	101.53	61.85	96.02	68.45	80.32	61.85	71.11	78.24	48.47	55.23	93.24	18.11	59.77	76.42	40.8	34.79	31.14	48.08
7	76.84	17.2	57.87	52.5	51.61	25.71	38.01	0.0	83.49	26.08	81.02	38.42	77.93	65.19	65.38	65.38	72.47	18.03	76.66	56.08	80.62	55.97	36.77	13.0	29.41	35.23
8	72.78	100.09	108.71	122.29	67.96	85.02	101.53	83.49	0.0	93.13	9.0	49.09	39.05	53.14	36.77	24.41	89.32	73.68	8.6	112.54	85.62	27.51	60.88	74.25	70.43	53.82
9	101.41	32.0	82.57	72.03	76.42	8.54	61.85	26.08	93.13	0.0	93.09	44.05	97.14	87.46	84.15	80.41	98.41	20.62	88.02	79.83	106.15	67.12	60.0	37.48	54.45	55.47
10	64.03	97.12	101.91	116.83	60.61	85.29	96.02	81.02	9.0	93.09	0.0	49.37	30.07	44.78	28.65	17.8	81.02	73.01	5.39	106.08	76.92	26.0	55.22	70.84	65.19	49.19
11	75.58	55.61	83.43	87.13	55.32	36.01	68.45	38.42	49.09	44.05	49.37	0.0	59.2	56.3	46.75	38.91	81.58	25.0	44.18	84.43	84.76	23.77	38.21	34.13	41.44	28.44
12	34.93	91.02	80.71	100.46	39.36	90.87	80.32	77.93	39.05	97.14	30.07	59.2	0.0	19.42	13.0	22.47	53.82	76.69	32.14	86.09	47.93	38.42	43.05	65.38	53.24	42.76
13	21.1	76.12	61.29	81.6	20.25	82.42	61.85	65.19	53.14	87.46	44.78	56.3	19.42	0.0	16.49	30.27	36.25	68.01	44.92	66.73	33.14	41.77	28.46	52.2	37.48	32.2
14	37.05	79.06	74.33	91.71	32.53	77.88	71.11	65.38	36.77	84.15	28.65	46.75	13.0	16.49	0.0	14.0	52.55	63.69	28.46	79.03	49.5	27.73	31.78	53.04	42.2	30.15
15	51.04	80.81	84.39	99.05	43.57	73.25	78.24	65.38	24.41	80.41	17.8	38.91	22.47	30.27	14.0	0.0	65.8	59.84	15.81	88.39	63.39	16.28	37.44	54.34	47.51	31.95
16	20.81	75.6	36.01	62.29	26.31	96.25	48.47	72.47	89.32	98.41	81.02	81.58	53.82	36.25	52.55	65.8	0.0	83.24	80.99	43.0	12.0	74.33	43.68	61.29	44.78	53.15
17	83.49	33.6	74.11	70.52	59.2	14.42	55.23	18.03	73.68	20.62	73.01	25.0	76.69	68.01	63.69	59.84	83.24	0.0	68.07	73.06	89.63	47.01	41.77	22.8	38.47	35.81
18	64.94	92.97	100.12	114.02	59.36	80.16	93.24	76.66	8.6	88.02	5.39	44.18	32.14	44.92	28.46	15.81	80.99	68.07	0.0	104.0	77.67	21.1	52.5	66.85	62.2	45.79
19	61.19	49.04	7.07	19.92	46.87	81.5	18.11	56.08	112.54	79.83	106.08	84.43	86.09	66.73	79.03	88.39	43.0	73.06	104.0	0.0	55.0	89.31	52.2	51.79	44.29	61.06
20	13.0	85.44	48.01	74.24	30.53	103.23	59.77	80.62	85.62	106.15	76.92	84.76	47.93	33.14	49.5	63.39	12.0	89.63	77.67	55.0	0.0	74.17	48.37	68.68	51.74	56.86
21	62.8	72.62	86.45	96.88	49.24	59.41	76.42	55.97	27.51	67.12	26.0	23.77	38.42	41.77	27.73	16.28	74.33	47.01	21.1	89.31	74.17	0.0	37.22	47.01	45.45	28.43
22	41.73	48.17	49.24	61.61	17.89	55.87	40.8	36.77	60.88	60.0	55.22	38.21	43.05	28.46	31.78	37.44	43.68	41.77	52.5	52.2	48.37	37.22	0.0	23.77	10.44	10.05
23	64.2	26.48	52.04	53.0	39.05	34.99	34.79	13.0	74.25	37.48	70.84	34.13	65.38	52.2	53.04	54.34	61.29	22.8	66.85	51.79	68.68	47.01	23.77	0.0	16.97	23.02
24	47.43	38.64	42.38	51.86	22.2	51.61	31.14	29.41	70.43	54.45	65.19	41.44	53.24	37.48	42.2	47.51	44.78	38.47	62.2	44.29	51.74	45.45	10.44	16.97	0.0	17.03
25	48.83	49.37	58.6	68.68	26.93	50.22	48.08	35.23	53.82	55.47	49.19	28.44	42.76	32.2	30.15	31.95	53.15	35.81	45.79	61.06	56.86	28.43	10.05	23.02	17.03	0.0
;
