vehicles
vehicle_idx, capacity, cost_per_unit_distance
1,100,1
2,100,1
3,100,1
4,100,1
depot
node_idx,x,y
0,92,92
home delivery customers
node_idx,x,y,service_time,demand
1,82,98,10,13
2,88,58,10,24
3,75,92,10,12
4,98,73,10,13
self pickup customers
node_idx,x,y,service_time,demand,locker_idxs
5,97,0,10,26,17
6,51,16,10,2,20-16-17
7,21,19,10,12,16
8,3,54,10,23,21-18
9,31,11,10,21,16-20
flexible customers
node_idx,x,y,service_time,demand,locker_idxs
10,23,85,10,10,18-21-15
11,96,5,10,7,17-20
12,63,83,10,12,15
13,83,34,10,22,20-17-19
14,29,35,10,12,16-20
lockers
node_idx,x,y,service_time,capacity,cost_per_unit_good
15,65,88,10,84
16,25,15,10,78
17,93,12,10,76
18,22,88,10,93
19,77,88,10,70
20,72,14,10,78
21,19.454545454545453,82.54545454545453,10,99
mrt lines
start_node_idx,end_node_idx,freight_capacity,cost_per_unit_good
distance matrix
,0,1,2,3,4,5,6,7,8,9,10,11,12,13,14,15,16,17,18,19,20,21,
0,0.0,11.66,34.23,17.0,19.92,92.14,86.35,101.83,96.77,101.4,69.35,87.09,30.36,58.69,84.96,27.29,102.07,80.01,70.11,15.52,80.52,73.16
1,11.66,0.0,40.45,9.22,29.68,99.14,87.66,99.81,90.43,100.85,60.42,94.05,24.21,64.01,82.33,19.72,100.69,86.7,60.83,11.18,84.59,64.43
2,34.23,40.45,0.0,36.4,18.03,58.69,55.97,77.52,85.09,73.88,70.38,53.6,35.36,24.52,63.32,37.8,76.28,46.27,72.5,31.95,46.82,72.81
3,17.0,9.22,36.4,0.0,29.83,94.59,79.7,90.8,81.41,92.18,52.47,89.5,15.0,58.55,73.25,10.77,91.81,82.0,53.15,4.47,78.06,56.34
4,19.92,29.68,18.03,29.83,0.0,73.01,73.88,94.05,96.88,91.29,75.95,68.03,36.4,41.79,78.77,36.25,93.24,61.2,77.47,25.81,64.47,79.12
5,92.14,99.14,58.69,94.59,73.01,0.0,48.7,78.34,108.41,66.91,112.7,5.1,89.69,36.77,76.48,93.64,73.55,12.65,115.62,90.24,28.65,113.26
6,86.35,87.66,55.97,79.7,73.88,48.7,0.0,30.15,61.22,20.62,74.46,46.32,68.07,36.72,29.07,73.35,26.02,42.19,77.62,76.55,21.1,73.64
7,101.83,99.81,77.52,90.8,94.05,78.34,30.15,0.0,39.36,12.81,66.03,76.3,76.55,63.79,17.89,81.84,5.66,72.34,69.01,88.87,51.24,63.56
8,96.77,90.43,85.09,81.41,96.88,108.41,61.22,39.36,0.0,51.31,36.89,105.12,66.64,82.46,32.2,70.71,44.78,99.32,38.95,81.44,79.76,32.95
9,101.4,100.85,73.88,92.18,91.29,66.91,20.62,12.81,51.31,0.0,74.43,65.28,78.79,56.86,24.08,84.17,7.21,62.01,77.52,89.69,41.11,72.47
10,69.35,60.42,70.38,52.47,75.95,112.7,74.46,66.03,36.89,74.43,0.0,108.3,40.05,78.75,50.36,42.11,70.03,101.14,3.16,54.08,86.27,4.31
11,87.09,94.05,53.6,89.5,68.03,5.1,46.32,76.3,105.12,65.28,108.3,0.0,84.69,31.78,73.41,88.6,71.7,7.62,111.2,85.15,25.63,108.96
12,30.36,24.21,35.36,15.0,36.4,89.69,68.07,76.55,66.64,78.79,40.05,84.69,0.0,52.92,58.82,5.39,77.9,77.08,41.3,14.87,69.58,43.55
13,58.69,64.01,24.52,58.55,41.79,36.77,36.72,63.79,82.46,56.86,78.75,31.78,52.92,0.0,54.01,56.92,61.03,24.17,81.47,54.33,22.83,79.97
14,84.96,82.33,63.32,73.25,78.77,76.48,29.07,17.89,32.2,24.08,50.36,73.41,58.82,54.01,0.0,64.07,20.4,68.01,53.46,71.51,47.85,48.49
15,27.29,19.72,37.8,10.77,36.25,93.64,73.35,81.84,70.71,84.17,42.11,88.6,5.39,56.92,64.07,0.0,83.24,80.99,43.0,12.0,74.33,45.87
16,102.07,100.69,76.28,91.81,93.24,73.55,26.02,5.66,44.78,7.21,70.03,71.7,77.9,61.03,20.4,83.24,0.0,68.07,73.06,89.63,47.01,67.77
17,80.01,86.7,46.27,82.0,61.2,12.65,42.19,72.34,99.32,62.01,101.14,7.62,77.08,24.17,68.01,80.99,68.07,0.0,104.0,77.67,21.1,101.91
18,70.11,60.83,72.5,53.15,77.47,115.62,77.62,69.01,38.95,77.52,3.16,111.2,41.3,81.47,53.46,43.0,73.06,104.0,0.0,55.0,89.31,6.02
19,15.52,11.18,31.95,4.47,25.81,90.24,76.55,88.87,81.44,89.69,54.08,85.15,14.87,54.33,71.51,12.0,89.63,77.67,55.0,0.0,74.17,57.8
20,80.52,84.59,46.82,78.06,64.47,28.65,21.1,51.24,79.76,41.11,86.27,25.63,69.58,22.83,47.85,74.33,47.01,21.1,89.31,74.17,0.0,86.37
21,73.16,64.43,72.81,56.34,79.12,113.26,73.64,63.56,32.95,72.47,4.31,108.96,43.55,79.97,48.49,45.87,67.77,101.91,6.02,57.8,86.37,0.0
