vehicles
vehicle_idx, capacity, cost_per_unit_distance
1,100,1
2,100,1
3,100,1
4,100,1
depot
node_idx,x,y
0,82,76
home delivery customers
node_idx,x,y,service_time,demand
1,88,51,10,18
2,57,69,10,20
3,13,7,10,19
4,20,70,10,2
self pickup customers
node_idx,x,y,service_time,demand,locker_idxs
5,5,10,10,14,14
6,93,3,10,24,15-18
7,42,9,10,8,14
8,3,82,10,8,16
flexible customers
node_idx,x,y,service_time,demand,locker_idxs
9,98,14,10,12,15
10,19,32,10,1,22-14
11,5,42,10,4,22
12,23,15,10,15,14
lockers
node_idx,x,y,service_time,capacity,cost_per_unit_good
13,65,88,10,82
14,25,15,10,93
15,93,12,10,84
16,22,88,10,84
17,77,88,10,77
18,72,14,10,75
19,55,48,10,99
20,46,42,10,92
21,63,20,10,74
22,29,38,10,92
mrt lines
start_node_idx,end_node_idx,freight_capacity,cost_per_unit_good
distance matrix
,0,1,2,3,4,5,6,7,8,9,10,11,12,13,14,15,16,17,18,19,20,21,22,
0,0.0,25.71,25.96,97.58,62.29,101.41,73.82,78.03,79.23,64.03,76.84,84.17,84.86,20.81,83.49,64.94,61.19,13.0,62.8,38.9,49.52,59.14,65.22
1,25.71,0.0,35.85,86.95,70.6,92.57,48.26,62.29,90.48,38.33,71.57,83.49,74.3,43.57,72.56,39.32,75.66,38.6,40.31,33.14,42.95,39.82,60.42
2,25.96,35.85,0.0,76.03,37.01,78.64,75.18,61.85,55.54,68.6,53.04,58.59,63.81,20.62,62.77,67.42,39.82,27.59,57.01,21.1,29.15,49.37,41.77
3,97.58,86.95,76.03,0.0,63.39,8.54,80.1,29.07,75.66,85.29,25.71,35.9,12.81,96.25,14.42,80.16,81.5,103.23,59.41,58.69,48.1,51.66,34.89
4,62.29,70.6,37.01,63.39,0.0,61.85,99.09,64.85,20.81,96.02,38.01,31.76,55.08,48.47,55.23,93.24,18.11,59.77,76.42,41.34,38.21,65.95,33.24
5,101.41,92.57,78.64,8.54,61.85,0.0,88.28,37.01,72.03,93.09,26.08,32.0,18.68,98.41,20.62,88.02,79.83,106.15,67.12,62.8,52.01,58.86,36.88
6,73.82,48.26,75.18,80.1,99.09,88.28,0.0,51.35,119.75,12.08,79.48,96.25,71.02,89.49,69.05,9.0,110.75,86.49,23.71,58.9,61.07,34.48,72.95
7,78.03,62.29,61.85,29.07,64.85,37.01,51.35,0.0,82.76,56.22,32.53,49.58,19.92,82.28,18.03,51.09,81.49,86.41,30.41,41.11,33.24,23.71,31.78
8,79.23,90.48,55.54,75.66,20.81,72.03,119.75,82.76,0.0,116.83,52.5,40.05,69.92,62.29,70.52,114.02,19.92,74.24,96.88,62.13,58.73,86.28,51.11
9,64.03,38.33,68.6,85.29,96.02,93.09,12.08,56.22,116.83,0.0,81.02,97.12,75.01,81.02,73.01,5.39,106.08,76.92,26.0,54.82,59.06,35.51,73.05
10,76.84,71.57,53.04,25.71,38.01,26.08,79.48,32.53,52.5,81.02,0.0,17.2,17.46,72.47,18.03,76.66,56.08,80.62,55.97,39.4,28.79,45.61,11.66
11,84.17,83.49,58.59,35.9,31.76,32.0,96.25,49.58,40.05,97.12,17.2,0.0,32.45,75.6,33.6,92.97,49.04,85.44,72.62,50.36,41.0,62.03,24.33
12,84.86,74.3,63.81,12.81,55.08,18.68,71.02,19.92,69.92,75.01,17.46,32.45,0.0,84.22,2.0,70.06,73.01,90.8,49.01,45.97,35.47,40.31,23.77
13,20.81,43.57,20.62,96.25,48.47,98.41,89.49,82.28,62.29,81.02,72.47,75.6,84.22,0.0,83.24,80.99,43.0,12.0,74.33,41.23,49.77,68.03,61.61
14,83.49,72.56,62.77,14.42,55.23,20.62,69.05,18.03,70.52,73.01,18.03,33.6,2.0,83.24,0.0,68.07,73.06,89.63,47.01,44.6,34.21,38.33,23.35
15,64.94,39.32,67.42,80.16,93.24,88.02,9.0,51.09,114.02,5.39,76.66,92.97,70.06,80.99,68.07,0.0,104.0,77.67,21.1,52.35,55.76,31.05,69.08
16,61.19,75.66,39.82,81.5,18.11,79.83,110.75,81.49,19.92,106.08,56.08,49.04,73.01,43.0,73.06,104.0,0.0,55.0,89.31,51.86,51.88,79.4,50.49
17,13.0,38.6,27.59,103.23,59.77,106.15,86.49,86.41,74.24,76.92,80.62,85.44,90.8,12.0,89.63,77.67,55.0,0.0,74.17,45.65,55.47,69.43,69.31
18,62.8,40.31,57.01,59.41,76.42,67.12,23.71,30.41,96.88,26.0,55.97,72.62,49.01,74.33,47.01,21.1,89.31,74.17,0.0,38.01,38.21,10.82,49.24
19,38.9,33.14,21.1,58.69,41.34,62.8,58.9,41.11,62.13,54.82,39.4,50.36,45.97,41.23,44.6,52.35,51.86,45.65,38.01,0.0,10.82,29.12,27.86
20,49.52,42.95,29.15,48.1,38.21,52.01,61.07,33.24,58.73,59.06,28.79,41.0,35.47,49.77,34.21,55.76,51.88,55.47,38.21,10.82,0.0,27.8,17.46
21,59.14,39.82,49.37,51.66,65.95,58.86,34.48,23.71,86.28,35.51,45.61,62.03,40.31,68.03,38.33,31.05,79.4,69.43,10.82,29.12,27.8,0.0,38.47
22,65.22,60.42,41.77,34.89,33.24,36.88,72.95,31.78,51.11,73.05,11.66,24.33,23.77,61.61,23.35,69.08,50.49,69.31,49.24,27.86,17.46,38.47,0.0
