set K:= 1	2	3	4;
set C_H:= 1	2	3	4;
set C_S:= 5	6	7;
set C_F:= 8	9	10;
set M:= 11	12;
set L_B:= 13	14	15	16;
set A1:=
(0,*) 1 2 3 4 8 9 10 11 12 13 14 15 16
(1,*) 0 2 3 4 8 9 10 11 12 13 14 15 16
(2,*) 0 1 3 4 8 9 10 11 12 13 14 15 16
(3,*) 0 1 2 4 8 9 10 11 12 13 14 15 16
(4,*) 0 1 2 3 8 9 10 11 12 13 14 15 16
(8,*) 0 1 2 3 4 9 10 11 12 13 14 15 16
(9,*) 0 1 2 3 4 8 10 11 12 13 14 15 16
(10,*) 0 1 2 3 4 8 9 11 12 13 14 15 16
(11,*) 0 1 2 3 4 8 9 10 12 13 14 15 16
(12,*) 0 1 2 3 4 8 9 10 11 13 14 15 16
(13,*) 0 1 2 3 4 8 9 10 11 12 14 15 16
(14,*) 0 1 2 3 4 8 9 10 11 12 13 15 16
(15,*) 0 1 2 3 4 8 9 10 11 12 13 14 16
(16,*) 0 1 2 3 4 8 9 10 11 12 13 14 15
;
set A2:=
(11,*) 12
(12,*) 11
;
param BigM:=99999;
param n:= 4;
param d:=
1	5
2	5
3	11
4	23
5	7
6	13
7	12
8	9
9	23
10	9
;
param Q:=100;
param w:=
[11,*] 12 0.1
[12,*] 11 0.1
;
param V:=
[11,*] 12 91
[12,*] 11 91
;
param e:
	11	12	13	14	15	16:=
5		0		0		0		1		0		0	
6		0		0		0		1		0		0	
7		1		0		0		0		0		0	
8		0		0		1		0		0		1	
9		0		0		1		0		0		1	
10		0		0		1		0		0		1	
;
param p:=
1	3
2	3
3	3
4	3
;
param G:=
11	91
12	83
13	91
14	83
15	84
16	93
17	81
18	94
;
param s:=
0	0
1	10
2	10
3	10
4	10
8	10
9	10
10	10
11	10
12	10
13	10
14	10
15	10
16	10
17	10
18	10
;
param t:
	0	1	2	3	4	5	6	7	8	9	10	11	12	13	14	15	16:=
0	0.0	47.54	41.23	41.23	51.09	56.01	39.81	30.36	74.25	75.03	95.86	27.29	102.07	60.88	44.94	106.79	72.09
1	47.54	0.0	6.32	6.32	15.81	16.4	11.18	17.26	56.75	61.03	79.08	20.62	68.31	56.3	5.66	69.32	56.61
2	41.23	6.32	0.0	0.0	17.03	19.42	8.06	11.05	57.56	61.39	80.31	14.32	72.24	55.01	6.32	73.93	57.07
3	41.23	6.32	0.0	0.0	17.03	19.42	8.06	11.05	57.56	61.39	80.31	14.32	72.24	55.01	6.32	73.93	57.07
4	51.09	15.81	17.03	17.03	0.0	5.39	25.0	25.06	72.53	76.84	94.73	25.0	81.58	71.69	21.02	81.27	72.42
5	56.01	16.4	19.42	19.42	5.39	0.0	26.91	28.79	72.11	76.69	93.86	29.43	78.77	72.67	22.02	77.88	72.24
6	39.81	11.18	8.06	8.06	25.0	26.91	0.0	10.63	50.16	53.76	73.06	15.81	67.54	46.96	6.08	70.21	49.5
7	30.36	17.26	11.05	11.05	25.06	28.79	10.63	0.0	58.08	61.03	81.1	5.39	77.9	51.92	14.76	80.8	57.0
8	74.25	56.75	57.56	57.56	72.53	72.11	50.16	58.08	0.0	5.83	23.02	63.2	36.4	18.79	51.97	45.54	3.16
9	75.03	61.03	61.39	61.39	76.84	76.69	53.76	61.03	5.83	0.0	20.88	66.0	40.61	16.28	56.04	50.16	4.47
10	95.86	79.08	80.31	80.31	94.73	93.86	73.06	81.1	23.02	20.88	0.0	86.21	36.4	35.85	74.55	46.82	24.33
11	27.29	20.62	14.32	14.32	25.0	29.43	15.81	5.39	63.2	66.0	86.21	0.0	83.24	56.29	19.21	86.02	62.03
12	102.07	68.31	72.24	72.24	81.58	78.77	67.54	77.9	36.4	40.61	36.4	83.24	0.0	55.03	65.92	10.44	39.56
13	60.88	56.3	55.01	55.01	71.69	72.67	46.96	51.92	18.79	16.28	35.85	56.29	55.03	0.0	50.77	63.79	15.65
14	44.94	5.66	6.32	6.32	21.02	22.02	6.08	14.76	51.97	56.04	74.55	19.21	65.92	50.77	0.0	67.74	51.66
15	106.79	69.32	73.93	73.93	81.27	77.88	70.21	80.8	45.54	50.16	46.82	86.02	10.44	63.79	67.74	0.0	48.66
16	72.09	56.61	57.07	57.07	72.42	72.24	49.5	57.0	3.16	4.47	24.33	62.03	39.56	15.65	51.66	48.66	0.0
;
