vehicles
vehicle_idx, capacity, cost_per_unit_distance
1,100,3
2,100,3
3,100,3
depot
node_idx,x,y
0,82,76
home delivery customers
node_idx,x,y,service_time,demand
1,9,97,10,24
2,96,44,10,19
3,84,39,10,16
4,50,93,10,8
self pickup customers
node_idx,x,y,service_time,demand,locker_idxs
5,57,69,10,20,16-13
6,2,39,10,16,16-14
7,61,62,10,24,17-13
8,84,25,10,16,16-14
flexible customers
node_idx,x,y,service_time,demand,locker_idxs
9,3,82,10,8,16-13
10,98,52,10,21,17-13
11,58,30,10,12,16-14
12,20,70,10,2,17-13
lockers
node_idx,x,y,service_time,capacity,cost_per_unit_good
13,65,88,10,77
14,25,15,10,98
15,47,66,10,76
16,60,73,10,75
17,38,68,10,99
mrt lines
start_node_idx,end_node_idx,freight_capacity,cost_per_unit_good
13,14,98,0.1
14,13,98,0.1
distance matrix
,0,1,2,3,4,5,6,7,8,9,10,11,12,13,14,15,16,17,
0,0.0,75.96,34.93,37.05,36.24,25.96,88.14,25.24,51.04,79.23,28.84,51.88,62.29,20.81,83.49,36.4,22.2,44.72
1,75.96,0.0,101.87,94.81,41.19,55.57,58.42,62.68,103.97,16.16,99.73,83.01,29.15,56.72,83.55,49.04,56.36,41.01
2,34.93,101.87,0.0,13.0,67.21,46.32,94.13,39.36,22.47,100.46,8.25,40.5,80.32,53.82,76.69,53.71,46.23,62.77
3,37.05,94.81,13.0,0.0,63.81,40.36,82.0,32.53,14.0,91.71,19.1,27.51,71.11,52.55,63.69,45.8,41.62,54.38
4,36.24,41.19,67.21,63.81,0.0,25.0,72.25,32.89,76.03,48.27,63.13,63.51,37.8,15.81,81.91,27.17,22.36,27.73
5,25.96,55.57,46.32,40.36,25.0,0.0,62.65,8.06,51.62,55.54,44.38,39.01,37.01,20.62,62.77,10.44,5.0,19.03
6,88.14,58.42,94.13,82.0,72.25,62.65,0.0,63.32,83.19,43.01,96.88,56.72,35.85,79.81,33.24,52.48,67.23,46.23
7,25.24,62.68,39.36,32.53,32.89,8.06,63.32,0.0,43.57,61.35,38.33,32.14,41.77,26.31,59.2,14.56,11.05,23.77
8,51.04,103.97,22.47,14.0,76.03,51.62,83.19,43.57,0.0,99.05,30.41,26.48,78.24,65.8,59.84,55.23,53.67,62.97
9,79.23,16.16,100.46,91.71,48.27,55.54,43.01,61.35,99.05,0.0,99.62,75.69,20.81,62.29,70.52,46.82,57.71,37.7
10,28.84,99.73,8.25,19.1,63.13,44.38,96.88,38.33,30.41,99.62,0.0,45.65,80.05,48.84,81.84,52.89,43.42,62.1
11,51.88,83.01,40.5,27.51,63.51,39.01,56.72,32.14,26.48,75.69,45.65,0.0,55.17,58.42,36.25,37.64,43.05,42.94
12,62.29,29.15,80.32,71.11,37.8,37.01,35.85,41.77,78.24,20.81,80.05,55.17,0.0,48.47,55.23,27.29,40.11,18.11
13,20.81,56.72,53.82,52.55,15.81,20.62,79.81,26.31,65.8,62.29,48.84,58.42,48.47,0.0,83.24,28.43,15.81,33.6
14,83.49,83.55,76.69,63.69,81.91,62.77,33.24,59.2,59.84,70.52,81.84,36.25,55.23,83.24,0.0,55.54,67.74,54.57
15,36.4,49.04,53.71,45.8,27.17,10.44,52.48,14.56,55.23,46.82,52.89,37.64,27.29,28.43,55.54,0.0,14.76,9.22
16,22.2,56.36,46.23,41.62,22.36,5.0,67.23,11.05,53.67,57.71,43.42,43.05,40.11,15.81,67.74,14.76,0.0,22.56
17,44.72,41.01,62.77,54.38,27.73,19.03,46.23,23.77,62.97,37.7,62.1,42.94,18.11,33.6,54.57,9.22,22.56,0.0
