set K:= 1	2	3	4;
set C_H:= 1	2	3	4	5;
set C_S:= 6	7	8	9;
set C_F:= 10	11	12	13;
set M:= 14	15	16	17	18	19;
set L_B:= 20	21	22	23;
set A1:=
(0,*) 1 2 3 4 5 10 11 12 13 14 15 16 17 18 19 20 21 22 23 24
(1,*) 0 2 3 4 5 10 11 12 13 14 15 16 17 18 19 20 21 22 23 24
(2,*) 0 1 3 4 5 10 11 12 13 14 15 16 17 18 19 20 21 22 23 24
(3,*) 0 1 2 4 5 10 11 12 13 14 15 16 17 18 19 20 21 22 23 24
(4,*) 0 1 2 3 5 10 11 12 13 14 15 16 17 18 19 20 21 22 23 24
(5,*) 0 1 2 3 4 10 11 12 13 14 15 16 17 18 19 20 21 22 23 24
(10,*) 0 1 2 3 4 5 11 12 13 14 15 16 17 18 19 20 21 22 23 24
(11,*) 0 1 2 3 4 5 10 12 13 14 15 16 17 18 19 20 21 22 23 24
(12,*) 0 1 2 3 4 5 10 11 13 14 15 16 17 18 19 20 21 22 23 24
(13,*) 0 1 2 3 4 5 10 11 12 14 15 16 17 18 19 20 21 22 23 24
(14,*) 0 1 2 3 4 5 10 11 12 13 15 16 17 18 19 20 21 22 23 24
(15,*) 0 1 2 3 4 5 10 11 12 13 14 16 17 18 19 20 21 22 23 24
(16,*) 0 1 2 3 4 5 10 11 12 13 14 15 17 18 19 20 21 22 23 24
(17,*) 0 1 2 3 4 5 10 11 12 13 14 15 16 18 19 20 21 22 23 24
(18,*) 0 1 2 3 4 5 10 11 12 13 14 15 16 17 19 20 21 22 23 24
(19,*) 0 1 2 3 4 5 10 11 12 13 14 15 16 17 18 20 21 22 23 24
(20,*) 0 1 2 3 4 5 10 11 12 13 14 15 16 17 18 19 21 22 23 24
(21,*) 0 1 2 3 4 5 10 11 12 13 14 15 16 17 18 19 20 22 23 24
(22,*) 0 1 2 3 4 5 10 11 12 13 14 15 16 17 18 19 20 21 23 24
(23,*) 0 1 2 3 4 5 10 11 12 13 14 15 16 17 18 19 20 21 22 24
(24,*) 0 1 2 3 4 5 10 11 12 13 14 15 16 17 18 19 20 21 22 23
;
set A2:=
(14,*) 15
(15,*) 14
(16,*) 17
(17,*) 16
(18,*) 19
(19,*) 18
;
param BigM:=99999;
param n:= 4;
param d:=
1	12
2	4
3	21
4	8
5	12
6	3
7	14
8	16
9	8
10	16
11	21
12	7
13	6
;
param Q:=100;
param w:=
[14,*] 15 2
[15,*] 14 2
[16,*] 17 2
[17,*] 16 2
[18,*] 19 2
[19,*] 18 2
;
param V:=
[14,*] 15 96
[15,*] 14 96
[16,*] 17 99
[17,*] 16 99
[18,*] 19 82
[19,*] 18 82
;
param e:
	14	15	16	17	18	19	20	21	22	23:=
6		0		0		0		0		0		0		0		0		1		0	
7		0		0		0		0		1		0		0		0		0		0	
8		0		0		0		0		0		1		0		0		0		0	
9		1		0		0		0		0		0		0		0		0		0	
10		0		0		1		0		0		1		0		0		0		0	
11		0		0		1		0		0		0		0		0		0		0	
12		0		0		0		1		0		0		0		0		0		0	
13		0		1		0		0		0		0		0		0		0		0	
;
param p:=
1	1
2	1
3	1
4	1
;
param G:=
14	96
15	81
16	90
17	99
18	75
19	82
20	86
21	76
22	78
23	96
;
param s:=
0	0
1	10
2	10
3	10
4	10
5	10
10	10
11	10
12	10
13	10
14	10
15	10
16	10
17	10
18	10
19	10
20	10
21	10
22	10
23	10
;
param t:
	0	1	2	3	4	5	6	7	8	9	10	11	12	13	14	15	16	17	18	19	20	21	22	23	24:=
0	0.0	51.88	84.17	77.88	78.03	64.03	27.02	16.28	37.05	36.24	51.04	28.84	54.57	85.6	20.81	83.49	64.94	61.19	13.0	62.8	41.11	58.26	34.93	37.2	0.0
1	51.88	0.0	54.34	26.25	26.4	43.08	29.15	40.36	27.51	63.51	26.48	45.65	65.74	44.41	58.42	36.25	39.36	68.26	61.03	21.26	20.25	13.04	32.98	24.74	51.88
2	84.17	54.34	0.0	58.26	49.58	97.12	58.52	82.0	79.06	68.01	80.81	93.54	52.77	20.12	75.6	33.6	92.97	49.04	85.44	72.62	46.53	41.48	49.24	48.51	84.17
3	77.88	26.25	58.26	0.0	8.94	48.84	55.11	65.19	48.08	88.0	39.45	67.18	86.59	40.71	84.34	26.93	43.57	87.6	87.28	23.77	44.01	26.48	57.0	49.04	77.88
4	78.03	26.4	49.58	8.94	0.0	56.22	53.49	66.71	51.61	84.38	44.94	70.6	81.05	31.76	82.28	18.03	51.09	81.49	86.41	30.41	41.0	22.2	53.6	46.1	78.03
5	64.03	43.08	97.12	48.84	56.22	0.0	58.26	47.8	28.65	92.44	17.8	38.0	101.91	84.59	81.02	73.01	5.39	106.08	76.92	26.0	58.6	55.66	67.88	60.96	64.03
6	27.02	29.15	58.52	55.11	53.49	58.26	0.0	24.02	30.48	35.74	41.05	37.66	43.86	58.6	29.27	56.85	56.86	48.6	33.12	46.32	14.14	32.25	11.4	10.3	27.02
7	16.28	40.36	82.0	65.19	66.71	47.8	24.02	0.0	21.02	48.1	35.01	15.26	63.06	79.61	34.41	75.0	48.66	68.94	29.12	47.8	35.74	49.41	35.06	33.54	16.28
8	37.05	27.51	79.06	48.08	51.61	28.65	30.48	21.02	0.0	63.81	14.0	19.1	74.33	71.59	52.55	63.69	28.46	79.03	49.5	27.73	34.48	39.81	41.05	35.34	37.05
9	36.24	63.51	68.01	88.0	84.38	92.44	35.74	48.1	63.81	0.0	76.03	63.13	21.38	77.83	15.81	81.91	91.71	28.44	27.46	82.01	44.01	62.2	31.0	39.05	36.24
10	51.04	26.48	80.81	39.45	44.94	17.8	41.05	35.01	14.0	76.03	0.0	30.41	84.39	70.01	65.8	59.84	15.81	88.39	63.39	16.28	40.8	39.46	50.25	43.19	51.04
11	28.84	45.65	93.54	67.18	70.6	38.0	37.66	15.26	19.1	63.13	30.41	0.0	78.29	88.54	48.84	81.84	40.31	84.1	41.68	46.04	47.1	57.01	49.03	46.04	28.84
12	54.57	65.74	52.77	86.59	81.05	101.91	43.86	63.06	74.33	21.38	84.39	78.29	0.0	66.71	36.01	74.11	100.12	7.07	48.01	86.45	45.65	60.17	34.21	41.88	54.57
13	85.6	44.41	20.12	40.71	31.76	84.59	58.6	79.61	71.59	77.83	70.01	88.54	66.71	0.0	81.84	14.21	79.91	64.5	89.81	58.86	44.65	31.78	52.35	48.41	85.6
14	20.81	58.42	75.6	84.34	82.28	81.02	29.27	34.41	52.55	15.81	65.8	48.84	36.01	81.84	0.0	83.24	80.99	43.0	12.0	74.33	41.44	60.41	30.02	36.4	20.81
15	83.49	36.25	33.6	26.93	18.03	73.01	56.85	75.0	63.69	81.91	59.84	81.84	74.11	14.21	83.24	0.0	68.07	73.06	89.63	47.01	42.8	25.61	53.24	47.43	83.49
16	64.94	39.36	92.97	43.57	51.09	5.39	56.86	48.66	28.46	91.71	15.81	40.31	100.12	79.91	80.99	68.07	0.0	104.0	77.67	21.1	55.97	51.62	65.95	58.69	64.94
17	61.19	68.26	49.04	87.6	81.49	106.08	48.6	68.94	79.03	28.44	88.39	84.1	7.07	64.5	43.0	73.06	104.0	0.0	55.0	89.31	48.6	61.47	38.21	45.34	61.19
18	13.0	61.03	85.44	87.28	86.41	76.92	33.12	29.12	49.5	27.46	63.39	41.68	48.01	89.81	12.0	89.63	77.67	55.0	0.0	74.17	46.87	65.37	37.48	42.2	13.0
19	62.8	21.26	72.62	23.77	30.41	26.0	46.32	47.8	27.73	82.01	16.28	46.04	86.45	58.86	74.33	47.01	21.1	89.31	74.17	0.0	40.82	31.91	52.8	44.72	62.8
20	41.11	20.25	46.53	44.01	41.0	58.6	14.14	35.74	34.48	44.01	40.8	47.1	45.65	44.65	41.44	42.8	55.97	48.6	46.87	40.82	0.0	18.97	13.04	5.1	41.11
21	58.26	13.04	41.48	26.48	22.2	55.66	32.25	49.41	39.81	62.2	39.46	57.01	60.17	31.78	60.41	25.61	51.62	61.47	65.37	31.91	18.97	0.0	31.4	24.04	58.26
22	34.93	32.98	49.24	57.0	53.6	67.88	11.4	35.06	41.05	31.0	50.25	49.03	34.21	52.35	30.02	53.24	65.95	38.21	37.48	52.8	13.04	31.4	0.0	8.25	34.93
23	37.2	24.74	48.51	49.04	46.1	60.96	10.3	33.54	35.34	39.05	43.19	46.04	41.88	48.41	36.4	47.43	58.69	45.34	42.2	44.72	5.1	24.04	8.25	0.0	37.2
;
