set K:= 1	2	3	4;
set C_H:= 1	2	3	4	5;
set C_S:= 6	7	8;
set C_F:= 9	10	11;
set M:= 12	13	14	15	16	17;
set L_B:= 18	19	20	21;
set A1:=
(0,*) 1 2 3 4 5 9 10 11 12 13 14 15 16 17 18 19 20 21
(1,*) 0 2 3 4 5 9 10 11 12 13 14 15 16 17 18 19 20 21
(2,*) 0 1 3 4 5 9 10 11 12 13 14 15 16 17 18 19 20 21
(3,*) 0 1 2 4 5 9 10 11 12 13 14 15 16 17 18 19 20 21
(4,*) 0 1 2 3 5 9 10 11 12 13 14 15 16 17 18 19 20 21
(5,*) 0 1 2 3 4 9 10 11 12 13 14 15 16 17 18 19 20 21
(9,*) 0 1 2 3 4 5 10 11 12 13 14 15 16 17 18 19 20 21
(10,*) 0 1 2 3 4 5 9 11 12 13 14 15 16 17 18 19 20 21
(11,*) 0 1 2 3 4 5 9 10 12 13 14 15 16 17 18 19 20 21
(12,*) 0 1 2 3 4 5 9 10 11 13 14 15 16 17 18 19 20 21
(13,*) 0 1 2 3 4 5 9 10 11 12 14 15 16 17 18 19 20 21
(14,*) 0 1 2 3 4 5 9 10 11 12 13 15 16 17 18 19 20 21
(15,*) 0 1 2 3 4 5 9 10 11 12 13 14 16 17 18 19 20 21
(16,*) 0 1 2 3 4 5 9 10 11 12 13 14 15 17 18 19 20 21
(17,*) 0 1 2 3 4 5 9 10 11 12 13 14 15 16 18 19 20 21
(18,*) 0 1 2 3 4 5 9 10 11 12 13 14 15 16 17 19 20 21
(19,*) 0 1 2 3 4 5 9 10 11 12 13 14 15 16 17 18 20 21
(20,*) 0 1 2 3 4 5 9 10 11 12 13 14 15 16 17 18 19 21
(21,*) 0 1 2 3 4 5 9 10 11 12 13 14 15 16 17 18 19 20
;
set A2:=
(12,*) 13
(13,*) 12
(14,*) 15
(15,*) 14
(16,*) 17
(17,*) 16
;
param BigM:=99999;
param n:= 4;
param d:=
1	6
2	5
3	5
4	11
5	23
6	7
7	13
8	12
9	9
10	23
11	9
;
param Q:=100;
param w:=
[12,*] 13 0.1
[13,*] 12 0.1
[14,*] 15 0.1
[15,*] 14 0.1
[16,*] 17 0.1
[17,*] 16 0.1
;
param V:=
[12,*] 13 99
[13,*] 12 99
[14,*] 15 93
[15,*] 14 93
[16,*] 17 98
[17,*] 16 98
;
param e:
	12	13	14	15	16	17	18	19	20	21:=
6		1		0		0		1		0		0		0		1		0		0	
7		1		0		0		0		1		0		0		1		0		0	
8		1		0		0		0		1		0		0		1		0		0	
9		0		0		1		0		0		1		1		0		0		1	
10		0		0		1		0		0		1		1		0		0		1	
11		0		0		1		0		0		1		1		0		0		1	
;
param p:=
1	3
2	3
3	3
4	3
;
param G:=
12	99
13	91
14	93
15	72
16	82
17	98
18	99
19	91
20	93
21	72
22	82
23	98
24	90
25	77
26	84
27	79
;
param s:=
0	0
1	10
2	10
3	10
4	10
5	10
9	10
10	10
11	10
12	10
13	10
14	10
15	10
16	10
17	10
18	10
19	10
20	10
21	10
22	10
23	10
24	10
25	10
26	10
27	10
;
param t:
	0	1	2	3	4	5	6	7	8	9	10	11	12	13	14	15	16	17	18	19	20	21:=
0	0.0	103.08	47.54	41.23	41.23	51.09	56.01	39.81	30.36	74.25	75.03	95.86	27.29	102.07	80.01	70.11	15.52	80.52	62.63	44.29	108.98	92.42
1	103.08	0.0	77.23	79.91	79.91	92.01	90.09	73.76	83.24	29.73	31.4	19.03	88.6	19.21	53.76	86.88	92.7	33.84	43.14	69.23	31.76	31.02
2	47.54	77.23	0.0	6.32	6.32	15.81	16.4	11.18	17.26	56.75	61.03	79.08	20.62	68.31	82.66	25.3	32.02	70.94	53.24	11.4	70.71	81.91
3	41.23	79.91	6.32	0.0	0.0	17.03	19.42	8.06	11.05	57.56	61.39	80.31	14.32	72.24	81.12	30.59	25.71	70.88	52.55	11.05	75.47	82.23
4	41.23	79.91	6.32	0.0	0.0	17.03	19.42	8.06	11.05	57.56	61.39	80.31	14.32	72.24	81.12	30.59	25.71	70.88	52.55	11.05	75.47	82.23
5	51.09	92.01	15.81	17.03	17.03	0.0	5.39	25.0	25.06	72.53	76.84	94.73	25.0	81.58	97.94	20.25	36.67	86.73	68.88	26.83	82.28	97.72
6	56.01	90.09	16.4	19.42	19.42	5.39	0.0	26.91	28.79	72.11	76.69	93.86	29.43	78.77	99.05	14.87	41.3	86.82	69.46	27.8	78.75	97.5
7	39.81	73.76	11.18	8.06	8.06	25.0	26.91	0.0	10.63	50.16	53.76	73.06	15.81	67.54	73.06	36.4	24.7	63.06	44.6	5.0	72.01	74.53
8	30.36	83.24	17.26	11.05	11.05	25.06	28.79	10.63	0.0	58.08	61.03	81.1	5.39	77.9	77.08	41.3	14.87	69.58	50.64	15.62	82.62	81.39
9	74.25	29.73	56.75	57.56	57.56	72.53	72.11	50.16	58.08	0.0	5.83	23.02	63.2	36.4	35.47	73.57	65.25	16.28	13.6	46.53	48.51	25.5
10	75.03	31.4	61.03	61.39	61.39	76.84	76.69	53.76	61.03	5.83	0.0	20.88	66.0	40.61	29.73	78.77	67.08	10.63	12.53	50.45	53.15	20.88
11	95.86	19.03	79.08	80.31	80.31	94.73	93.86	73.06	81.1	23.02	20.88	0.0	86.21	36.4	35.44	93.62	87.86	17.69	33.24	69.26	49.65	12.0
12	27.29	88.6	20.62	14.32	14.32	25.0	29.43	15.81	5.39	63.2	66.0	86.21	0.0	83.24	80.99	43.0	12.0	74.33	55.33	20.81	87.8	86.21
13	102.07	19.21	68.31	72.24	72.24	81.58	78.77	67.54	77.9	36.4	40.61	36.4	83.24	0.0	68.07	73.06	89.63	47.01	49.4	62.61	13.34	47.8
14	80.01	53.76	82.66	81.12	81.12	97.94	99.05	73.06	77.08	35.47	29.73	35.44	80.99	68.07	0.0	104.0	77.67	21.1	30.41	71.28	81.22	24.17
15	70.11	86.88	25.3	30.59	30.59	20.25	14.87	36.4	41.3	73.57	78.77	93.62	43.0	73.06	104.0	0.0	55.0	89.31	73.66	35.36	70.71	98.98
16	15.52	92.7	32.02	25.71	25.71	36.67	41.3	24.7	14.87	65.25	67.08	87.86	12.0	89.63	77.67	55.0	0.0	74.17	55.33	29.41	95.52	86.21
17	80.52	33.84	70.94	70.88	70.88	86.73	86.82	63.06	69.58	16.28	10.63	17.69	74.33	47.01	21.1	89.31	74.17	0.0	19.03	60.08	60.13	12.04
18	62.63	43.14	53.24	52.55	52.55	68.88	69.46	44.6	50.64	13.6	12.53	33.24	55.33	49.4	30.41	73.66	55.33	19.03	0.0	42.05	60.88	31.0
19	44.29	69.23	11.4	11.05	11.05	26.83	27.8	5.0	15.62	46.53	50.45	69.26	20.81	62.61	71.28	35.36	29.41	60.08	42.05	0.0	67.01	71.31
20	108.98	31.76	70.71	75.47	75.47	82.28	78.75	72.01	82.62	48.51	53.15	49.65	87.8	13.34	81.22	70.71	95.52	60.13	60.88	67.01	0.0	61.13
21	92.42	31.02	81.91	82.23	82.23	97.72	97.5	74.53	81.39	25.5	20.88	12.0	86.21	47.8	24.17	98.98	86.21	12.04	31.0	71.31	61.13	0.0
;
