vehicles
vehicle_idx, capacity, cost_per_unit_distance
1,100,3
2,100,3
3,100,3
depot
node_idx,x,y
0,82,76
home delivery customers
node_idx,x,y,service_time,demand
1,50,93,10,8
2,91,2,10,19
3,58,30,10,12
4,20,70,10,2
5,2,39,10,16
6,80,55,10,2
self pickup customers
node_idx,x,y,service_time,demand,locker_idxs
7,98,52,10,21,21-15-17
8,96,44,10,19,20-15-17
9,5,42,10,4,20-18-16
10,85,60,10,14,19-17-15
flexible customers
node_idx,x,y,service_time,demand,locker_idxs
11,42,9,10,8,20-18
12,29,89,10,7,21-16
13,88,51,10,18,21-15-17
14,5,10,10,14,21-18
lockers
node_idx,x,y,service_time,capacity,cost_per_unit_good
15,93,12,10,73
16,22,88,10,71
17,65,88,10,89
18,25,15,10,88
19,43,48,10,71
20,47,21,10,92
21,54,54,10,91
mrt lines
start_node_idx,end_node_idx,freight_capacity,cost_per_unit_good
15,16,73,0.5
16,15,73,0.5
17,18,89,0.5
18,17,89,0.5
distance matrix
,0,1,2,3,4,5,6,7,8,9,10,11,12,13,14,15,16,17,18,19,20,21,
0,0.0,36.24,74.55,51.88,62.29,88.14,21.1,28.84,34.93,84.17,16.28,78.03,54.57,25.71,101.41,64.94,61.19,20.81,83.49,48.01,65.19,35.61
1,36.24,0.0,99.81,63.51,37.8,72.25,48.41,63.13,67.21,68.01,48.1,84.38,21.38,56.64,94.41,91.71,28.44,15.81,81.91,45.54,72.06,39.2
2,74.55,99.81,0.0,43.28,98.31,96.38,54.13,50.49,42.3,94.85,58.31,49.5,106.83,49.09,86.37,10.2,110.26,89.84,67.27,66.48,47.93,63.82
3,51.88,63.51,43.28,0.0,55.17,56.72,33.3,45.65,40.5,54.34,40.36,26.4,65.74,36.62,56.65,39.36,68.26,58.42,36.25,23.43,14.21,24.33
4,62.29,37.8,98.31,55.17,0.0,35.85,61.85,80.05,80.32,31.76,65.76,64.85,21.02,70.6,61.85,93.24,18.11,48.47,55.23,31.83,55.95,37.58
5,88.14,72.25,96.38,56.72,35.85,0.0,79.62,96.88,94.13,4.24,85.62,50.0,56.82,86.83,29.15,94.92,52.92,79.81,33.24,41.98,48.47,54.12
6,21.1,48.41,54.13,33.3,61.85,79.62,0.0,18.25,19.42,76.12,7.07,59.67,61.29,8.94,87.46,44.92,66.73,36.25,68.01,37.66,47.38,26.02
7,28.84,63.13,50.49,45.65,80.05,96.88,18.25,0.0,8.25,93.54,15.26,70.6,78.29,10.05,102.04,40.31,84.1,48.84,81.84,55.15,59.68,44.05
8,34.93,67.21,42.3,40.5,80.32,94.13,19.42,8.25,0.0,91.02,19.42,64.35,80.71,10.63,97.14,32.14,86.09,53.82,76.69,53.15,54.13,43.17
9,84.17,68.01,94.85,54.34,31.76,4.24,76.12,93.54,91.02,0.0,82.0,49.58,52.77,83.49,32.0,92.97,49.04,75.6,33.6,38.47,46.96,50.45
10,16.28,48.1,58.31,40.36,65.76,85.62,7.07,15.26,19.42,82.0,0.0,66.71,63.06,9.49,94.34,48.66,68.94,34.41,75.0,43.68,54.45,31.58
11,78.03,84.38,49.5,26.4,64.85,50.0,59.67,70.6,64.35,49.58,66.71,0.0,81.05,62.29,37.01,51.09,81.49,82.28,18.03,39.01,13.0,46.57
12,54.57,21.38,106.83,65.74,21.02,56.82,61.29,78.29,80.71,52.77,63.06,81.05,0.0,70.18,82.57,100.12,7.07,36.01,74.11,43.32,70.34,43.01
13,25.71,56.64,49.09,36.62,70.6,86.83,8.94,10.05,10.63,83.49,9.49,62.29,70.18,0.0,92.57,39.32,75.66,43.57,72.56,45.1,50.8,34.13
14,101.41,94.41,86.37,56.65,61.85,29.15,87.46,102.04,97.14,32.0,94.34,37.01,82.57,92.57,0.0,88.02,79.83,98.41,20.62,53.74,43.42,65.86
15,64.94,91.71,10.2,39.36,93.24,94.92,44.92,40.31,32.14,92.97,48.66,51.09,100.12,39.32,88.02,0.0,104.0,80.99,68.07,61.61,46.87,57.31
16,61.19,28.44,110.26,68.26,18.11,52.92,66.73,84.1,86.09,49.04,68.94,81.49,7.07,75.66,79.83,104.0,0.0,43.0,73.06,45.18,71.51,46.69
17,20.81,15.81,89.84,58.42,48.47,79.81,36.25,48.84,53.82,75.6,34.41,82.28,36.01,43.57,98.41,80.99,43.0,0.0,83.24,45.65,69.38,35.74
18,83.49,81.91,67.27,36.25,55.23,33.24,68.01,81.84,76.69,33.6,75.0,18.03,74.11,72.56,20.62,68.07,73.06,83.24,0.0,37.59,22.8,48.6
19,48.01,45.54,66.48,23.43,31.83,41.98,37.66,55.15,53.15,38.47,43.68,39.01,43.32,45.1,53.74,61.61,45.18,45.65,37.59,0.0,27.29,12.53
20,65.19,72.06,47.93,14.21,55.95,48.47,47.38,59.68,54.13,46.96,54.45,13.0,70.34,50.8,43.42,46.87,71.51,69.38,22.8,27.29,0.0,33.73
21,35.61,39.2,63.82,24.33,37.58,54.12,26.02,44.05,43.17,50.45,31.58,46.57,43.01,34.13,65.86,57.31,46.69,35.74,48.6,12.53,33.73,0.0
