vehicles
vehicle_idx, capacity, cost_per_unit_distance
1,100,1
2,100,1
3,100,1
4,100,1
depot
node_idx,x,y
0,82,76
home delivery customers
node_idx,x,y,service_time,demand
1,19,32,10,1
2,50,93,10,8
3,13,7,10,19
4,91,2,10,19
5,88,51,10,18
6,96,44,10,19
7,49,8,10,6
self pickup customers
node_idx,x,y,service_time,demand,locker_idxs
8,23,15,10,15,19
9,98,5,10,9,20
10,93,3,10,24,20-23
11,9,97,10,24,21
12,14,24,10,6,19
flexible customers
node_idx,x,y,service_time,demand,locker_idxs
13,50,5,10,21,23-19
14,84,25,10,16,20-23
15,57,69,10,20,25-18
16,1,65,10,22,21
17,5,10,10,14,19
lockers
node_idx,x,y,service_time,capacity,cost_per_unit_good
18,65,88,10,87
19,25,15,10,79
20,93,12,10,92
21,22,88,10,70
22,77,88,10,93
23,72,14,10,77
24,33,30,10,100
25,52,52,10,82
26,64,36,10,94
27,40,48,10,87
mrt lines
start_node_idx,end_node_idx,freight_capacity,cost_per_unit_good
18,19,87,2
19,18,87,2
20,21,92,2
21,20,92,2
distance matrix
,0,1,2,3,4,5,6,7,8,9,10,11,12,13,14,15,16,17,18,19,20,21,22,23,24,25,26,27,
0,0.0,76.84,36.24,97.58,74.55,25.71,34.93,75.58,84.86,72.78,73.82,75.96,85.6,77.88,51.04,25.96,81.74,101.41,20.81,83.49,64.94,61.19,13.0,62.8,67.21,38.42,43.86,50.48
1,76.84,0.0,68.43,25.71,78.0,71.57,77.93,38.42,17.46,83.49,79.48,65.76,9.43,41.11,65.38,53.04,37.59,26.08,72.47,18.03,76.66,56.08,80.62,55.97,14.14,38.59,45.18,26.4
2,36.24,68.43,0.0,93.62,99.81,56.64,67.21,85.01,82.54,100.24,99.74,41.19,77.83,88.0,76.03,25.0,56.44,94.41,15.81,81.91,91.71,28.44,27.46,82.01,65.25,41.05,58.69,46.1
3,97.58,25.71,93.62,0.0,78.16,86.95,90.87,36.01,12.81,85.02,80.1,90.09,17.03,37.05,73.25,76.03,59.23,8.54,96.25,14.42,80.16,81.5,103.23,59.41,30.48,59.55,58.67,49.09
4,74.55,78.0,99.81,78.16,0.0,49.09,42.3,42.43,69.23,7.62,2.24,125.5,80.08,41.11,24.04,75.13,109.86,86.37,89.84,67.27,10.2,110.26,87.13,22.47,64.4,63.41,43.42,68.68
5,25.71,71.57,56.64,86.95,49.09,0.0,10.63,58.05,74.3,47.07,48.26,91.42,78.77,59.67,26.31,35.85,88.12,92.57,43.57,72.56,39.32,75.66,38.6,40.31,58.87,36.01,28.3,48.09
6,34.93,77.93,67.21,90.87,42.3,10.63,0.0,59.2,78.55,39.05,41.11,101.87,84.4,60.31,22.47,46.32,97.29,97.14,53.82,76.69,32.14,86.09,47.93,38.42,64.54,44.72,32.98,56.14
7,75.58,38.42,85.01,36.01,42.43,58.05,59.2,0.0,26.93,49.09,44.28,97.58,38.48,3.16,38.91,61.52,74.52,44.05,81.58,25.0,44.18,84.43,84.76,23.77,27.2,44.1,31.76,41.0
8,84.86,17.46,82.54,12.81,69.23,74.3,78.55,26.93,0.0,75.66,71.02,83.19,12.73,28.79,61.81,63.81,54.63,18.68,84.22,2.0,70.06,73.01,90.8,49.01,18.03,47.01,46.07,37.12
9,72.78,83.49,100.24,85.02,7.62,47.07,39.05,49.09,75.66,0.0,5.39,128.0,86.12,48.0,24.41,76.01,114.06,93.13,89.32,73.68,8.6,112.54,85.62,27.51,69.64,65.76,46.01,72.2
10,73.82,79.48,99.74,80.1,2.24,48.26,41.11,44.28,71.02,5.39,0.0,126.06,81.74,43.05,23.77,75.18,110.94,88.28,89.49,69.05,9.0,110.75,86.49,23.71,65.8,63.89,43.93,69.53
11,75.96,65.76,41.19,90.09,125.5,91.42,101.87,97.58,83.19,128.0,126.06,0.0,73.17,100.72,103.97,55.57,32.98,87.09,56.72,83.55,119.5,15.81,68.59,104.2,71.17,62.24,82.13,57.98
12,85.6,9.43,77.83,17.03,80.08,78.77,84.4,38.48,12.73,86.12,81.74,73.17,0.0,40.71,70.01,62.24,43.01,16.64,81.84,14.21,79.91,64.5,89.81,58.86,19.92,47.2,51.42,35.38
13,77.88,41.11,88.0,37.05,41.11,59.67,60.31,3.16,28.79,48.0,43.05,100.72,40.71,0.0,39.45,64.38,77.47,45.28,84.34,26.93,43.57,87.6,87.28,23.77,30.23,47.04,34.01,44.15
14,51.04,65.38,76.03,73.25,24.04,26.31,22.47,38.91,61.81,24.41,23.77,103.97,70.01,39.45,0.0,51.62,92.14,80.41,65.8,59.84,15.81,88.39,63.39,16.28,51.24,41.87,22.83,49.65
15,25.96,53.04,25.0,76.03,75.13,35.85,46.32,61.52,63.81,76.01,75.18,55.57,62.24,64.38,51.62,0.0,56.14,78.64,20.62,62.77,67.42,39.82,27.59,57.01,45.79,17.72,33.73,27.02
16,81.74,37.59,56.44,59.23,109.86,88.12,97.29,74.52,54.63,114.06,110.94,32.98,43.01,77.47,92.14,56.14,0.0,55.15,68.01,55.46,106.17,31.14,79.4,87.42,47.42,52.63,69.35,42.54
17,101.41,26.08,94.41,8.54,86.37,92.57,97.14,44.05,18.68,93.13,88.28,87.09,16.64,45.28,80.41,78.64,55.15,0.0,98.41,20.62,88.02,79.83,106.15,67.12,34.41,63.03,64.47,51.66
18,20.81,72.47,15.81,96.25,89.84,43.57,53.82,81.58,84.22,89.32,89.49,56.72,81.84,84.34,65.8,20.62,68.01,98.41,0.0,83.24,80.99,43.0,12.0,74.33,66.24,38.28,52.01,47.17
19,83.49,18.03,81.91,14.42,67.27,72.56,76.69,25.0,2.0,73.68,69.05,83.55,14.21,26.93,59.84,62.77,55.46,20.62,83.24,0.0,68.07,73.06,89.63,47.01,17.0,45.8,44.29,36.25
20,64.94,76.66,91.71,80.16,10.2,39.32,32.14,44.18,70.06,8.6,9.0,119.5,79.91,43.57,15.81,67.42,106.17,88.02,80.99,68.07,0.0,104.0,77.67,21.1,62.64,57.28,37.64,64.07
21,61.19,56.08,28.44,81.5,110.26,75.66,86.09,84.43,73.01,112.54,110.75,15.81,64.5,87.6,88.39,39.82,31.14,79.83,43.0,73.06,104.0,0.0,55.0,89.31,59.03,46.86,66.84,43.86
22,13.0,80.62,27.46,103.23,87.13,38.6,47.93,84.76,90.8,85.62,86.49,68.59,89.81,87.28,63.39,27.59,79.4,106.15,12.0,89.63,77.67,55.0,0.0,74.17,72.8,43.83,53.6,54.49
23,62.8,55.97,82.01,59.41,22.47,40.31,38.42,23.77,49.01,27.51,23.71,104.2,58.86,23.77,16.28,57.01,87.42,67.12,74.33,47.01,21.1,89.31,74.17,0.0,42.15,42.94,23.41,46.69
24,67.21,14.14,65.25,30.48,64.4,58.87,64.54,27.2,18.03,69.64,65.8,71.17,19.92,30.23,51.24,45.79,47.42,34.41,66.24,17.0,62.64,59.03,72.8,42.15,0.0,29.07,31.58,19.31
25,38.42,38.59,41.05,59.55,63.41,36.01,44.72,44.1,47.01,65.76,63.89,62.24,47.2,47.04,41.87,17.72,52.63,63.03,38.28,45.8,57.28,46.86,43.83,42.94,29.07,0.0,20.0,12.65
26,43.86,45.18,58.69,58.67,43.42,28.3,32.98,31.76,46.07,46.01,43.93,82.13,51.42,34.01,22.83,33.73,69.35,64.47,52.01,44.29,37.64,66.84,53.6,23.41,31.58,20.0,0.0,26.83
27,50.48,26.4,46.1,49.09,68.68,48.09,56.14,41.0,37.12,72.2,69.53,57.98,35.38,44.15,49.65,27.02,42.54,51.66,47.17,36.25,64.07,43.86,54.49,46.69,19.31,12.65,26.83,0.0
