set K:= 1	2	3	4;
set C_H:= 1	2	3	4	5	6;
set C_S:= 7	8	9	10;
set C_F:= 11	12	13	14;
set M:= 15	16	17	18	19	20;
set L_B:= 21	22	23	24;
set A1:=
(0,*) 1 2 3 4 5 6 11 12 13 14 15 16 17 18 19 20 21 22 23 24 25
(1,*) 0 2 3 4 5 6 11 12 13 14 15 16 17 18 19 20 21 22 23 24 25
(2,*) 0 1 3 4 5 6 11 12 13 14 15 16 17 18 19 20 21 22 23 24 25
(3,*) 0 1 2 4 5 6 11 12 13 14 15 16 17 18 19 20 21 22 23 24 25
(4,*) 0 1 2 3 5 6 11 12 13 14 15 16 17 18 19 20 21 22 23 24 25
(5,*) 0 1 2 3 4 6 11 12 13 14 15 16 17 18 19 20 21 22 23 24 25
(6,*) 0 1 2 3 4 5 11 12 13 14 15 16 17 18 19 20 21 22 23 24 25
(11,*) 0 1 2 3 4 5 6 12 13 14 15 16 17 18 19 20 21 22 23 24 25
(12,*) 0 1 2 3 4 5 6 11 13 14 15 16 17 18 19 20 21 22 23 24 25
(13,*) 0 1 2 3 4 5 6 11 12 14 15 16 17 18 19 20 21 22 23 24 25
(14,*) 0 1 2 3 4 5 6 11 12 13 15 16 17 18 19 20 21 22 23 24 25
(15,*) 0 1 2 3 4 5 6 11 12 13 14 16 17 18 19 20 21 22 23 24 25
(16,*) 0 1 2 3 4 5 6 11 12 13 14 15 17 18 19 20 21 22 23 24 25
(17,*) 0 1 2 3 4 5 6 11 12 13 14 15 16 18 19 20 21 22 23 24 25
(18,*) 0 1 2 3 4 5 6 11 12 13 14 15 16 17 19 20 21 22 23 24 25
(19,*) 0 1 2 3 4 5 6 11 12 13 14 15 16 17 18 20 21 22 23 24 25
(20,*) 0 1 2 3 4 5 6 11 12 13 14 15 16 17 18 19 21 22 23 24 25
(21,*) 0 1 2 3 4 5 6 11 12 13 14 15 16 17 18 19 20 22 23 24 25
(22,*) 0 1 2 3 4 5 6 11 12 13 14 15 16 17 18 19 20 21 23 24 25
(23,*) 0 1 2 3 4 5 6 11 12 13 14 15 16 17 18 19 20 21 22 24 25
(24,*) 0 1 2 3 4 5 6 11 12 13 14 15 16 17 18 19 20 21 22 23 25
(25,*) 0 1 2 3 4 5 6 11 12 13 14 15 16 17 18 19 20 21 22 23 24
;
set A2:=
(15,*) 16
(16,*) 15
(17,*) 18
(18,*) 17
;
param BigM:=99999;
param n:= 4;
param d:=
1	8
2	6
3	15
4	16
5	14
6	21
7	8
8	9
9	19
10	14
11	7
12	24
13	2
14	19
;
param Q:=100;
param w:=
[15,*] 16 0.5
[16,*] 15 0.5
[17,*] 18 0.5
[18,*] 17 0.5
;
param V:=
[15,*] 16 93
[16,*] 15 93
[17,*] 18 81
[18,*] 17 81
;
param e:
	15	16	17	18	19	20	21	22	23	24:=
7		0		1		0		0		0		0		0		0		0		0	
8		0		0		1		0		0		0		0		0		0		0	
9		0		1		0		0		0		0		0		0		0		0	
10		0		0		0		0		1		0		0		0		0		0	
11		1		0		0		1		0		0		0		0		0		0	
12		0		0		0		1		0		0		0		0		0		0	
13		0		0		0		0		0		0		0		0		1		0	
14		0		0		1		0		0		0		0		0		0		0	
;
param p:=
1	1
2	1
3	1
4	1
;
param G:=
15	88
16	93
17	77
18	81
19	98
20	94
21	72
22	100
23	72
24	81
;
param s:=
0	0
1	10
2	10
3	10
4	10
5	10
6	10
11	10
12	10
13	10
14	10
15	10
16	10
17	10
18	10
19	10
20	10
21	10
22	10
23	10
24	10
;
param t:
	0	1	2	3	4	5	6	7	8	9	10	11	12	13	14	15	16	17	18	19	20	21	22	23	24	25:=
0	0.0	79.23	85.6	84.86	88.14	101.41	77.88	78.03	72.78	97.58	16.28	54.57	75.96	21.1	34.93	20.81	83.49	64.94	61.19	13.0	62.8	43.28	70.58	42.45	42.49	0.0
1	79.23	0.0	59.03	69.92	43.01	72.03	90.21	82.76	122.29	75.66	84.9	26.93	16.16	81.6	100.46	62.29	70.52	114.02	19.92	74.24	96.88	57.2	33.62	59.41	48.02	79.23
2	85.6	59.03	0.0	12.73	19.21	16.64	40.71	31.76	86.12	17.03	79.61	66.71	73.17	72.92	84.4	81.84	14.21	79.91	64.5	89.81	58.86	42.44	27.07	43.57	44.6	85.6
3	84.86	69.92	12.73	0.0	31.89	18.68	28.79	19.92	75.66	12.81	76.61	74.24	83.19	69.63	78.55	84.22	2.0	70.06	73.01	90.8	49.01	42.01	36.67	42.52	46.96	84.86
4	88.14	43.01	19.21	31.89	0.0	29.15	58.82	50.0	101.84	33.84	85.62	56.82	58.42	79.62	94.13	79.81	33.24	94.92	52.92	89.59	74.33	47.85	18.44	49.65	45.69	88.14
5	101.41	72.03	16.64	18.68	29.15	0.0	45.28	37.01	93.13	8.54	94.34	82.57	87.09	87.46	97.14	98.41	20.62	88.02	79.83	106.15	67.12	58.14	42.45	59.03	61.07	101.41
6	77.88	90.21	40.71	28.79	58.82	45.28	0.0	8.94	48.0	37.05	65.19	86.59	100.72	58.31	60.31	84.34	26.93	43.57	87.6	87.28	23.77	43.01	57.2	42.01	52.35	77.88
7	78.03	82.76	31.76	19.92	50.0	37.01	8.94	0.0	56.14	29.07	66.71	81.05	93.98	59.67	64.35	82.28	18.03	51.09	81.49	86.41	30.41	39.62	49.4	39.05	48.04	78.03
8	72.78	122.29	86.12	75.66	101.84	93.13	48.0	56.14	0.0	85.02	56.52	108.71	128.0	53.14	39.05	89.32	73.68	8.6	112.54	85.62	27.51	65.19	94.02	63.03	74.97	72.78
9	97.58	75.66	17.03	12.81	33.84	8.54	37.05	29.07	85.02	0.0	89.4	83.55	90.09	82.42	90.87	96.25	14.42	80.16	81.5	103.23	59.41	54.56	44.1	55.17	58.83	97.58
10	16.28	84.9	79.61	76.61	85.62	94.34	65.19	66.71	56.52	89.4	0.0	63.06	84.53	7.07	19.42	34.41	75.0	48.66	68.94	29.12	47.8	37.95	69.58	36.4	41.11	16.28
11	54.57	26.93	66.71	74.24	56.82	82.57	86.59	81.05	108.71	83.55	63.06	0.0	21.54	61.29	80.71	36.01	74.11	100.12	7.07	48.01	86.45	45.62	40.16	47.41	35.34	54.57
12	75.96	16.16	73.17	83.19	58.42	87.09	100.72	93.98	128.0	90.09	84.53	21.54	0.0	82.49	101.87	56.72	83.55	119.5	15.81	68.59	104.2	63.25	46.53	65.3	53.15	75.96
13	21.1	81.6	72.92	69.63	79.62	87.46	58.31	59.67	53.14	82.42	7.07	61.29	82.49	0.0	19.42	36.25	68.01	44.92	66.73	33.14	41.77	31.78	64.12	30.08	36.06	21.1
14	34.93	100.46	84.4	78.55	94.13	97.14	60.31	64.35	39.05	90.87	19.42	80.71	101.87	19.42	0.0	53.82	76.69	32.14	86.09	47.93	38.42	47.17	80.31	45.1	53.6	34.93
15	20.81	62.29	81.84	84.22	79.81	98.41	84.34	82.28	89.32	96.25	34.41	36.01	56.72	36.25	53.82	0.0	83.24	80.99	43.0	12.0	74.33	43.08	61.4	43.32	37.44	20.81
16	83.49	70.52	14.21	2.0	33.24	20.62	26.93	18.03	73.68	14.42	75.0	74.11	83.55	68.01	76.69	83.24	0.0	68.07	73.06	89.63	47.01	40.8	37.11	41.23	46.1	83.49
17	64.94	114.02	79.91	70.06	94.92	88.02	43.57	51.09	8.6	80.16	48.66	100.12	119.5	44.92	32.14	80.99	68.07	0.0	104.0	77.67	21.1	56.85	86.31	54.67	66.53	64.94
18	61.19	19.92	64.5	73.01	52.92	79.83	87.6	81.49	112.54	81.5	68.94	7.07	15.81	66.73	86.09	43.0	73.06	104.0	0.0	55.0	89.31	48.26	37.48	50.22	38.01	61.19
19	13.0	74.24	89.81	90.8	89.59	106.15	87.28	86.41	85.62	103.23	29.12	48.01	68.59	33.14	47.93	12.0	89.63	77.67	55.0	0.0	74.17	48.83	71.34	48.55	45.28	13.0
20	62.8	96.88	58.86	49.01	74.33	67.12	23.77	30.41	27.51	59.41	47.8	86.45	104.2	41.77	38.42	74.33	47.01	21.1	89.31	74.17	0.0	41.05	67.12	39.12	51.31	62.8
21	43.28	57.2	42.44	42.01	47.85	58.14	43.01	39.62	65.19	54.56	37.95	45.62	63.25	31.78	47.17	43.08	40.8	56.85	48.26	48.83	41.05	0.0	33.14	2.24	10.3	43.28
22	70.58	33.62	27.07	36.67	18.44	42.45	57.2	49.4	94.02	44.1	69.58	40.16	46.53	64.12	80.31	61.4	37.11	86.31	37.48	71.34	67.12	33.14	0.0	35.23	28.64	70.58
23	42.45	59.41	43.57	42.52	49.65	59.03	42.01	39.05	63.03	55.17	36.4	47.41	65.3	30.08	45.1	43.32	41.23	54.67	50.22	48.55	39.12	2.24	35.23	0.0	12.21	42.45
24	42.49	48.02	44.6	46.96	45.69	61.07	52.35	48.04	74.97	58.83	41.11	35.34	53.15	36.06	53.6	37.44	46.1	66.53	38.01	45.28	51.31	10.3	28.64	12.21	0.0	42.49
;
