set K:= 1	2	3	4;
set C_H:= 1	2	3	4	5	6;
set C_S:= 7	8	9	10;
set C_F:= 11	12	13	14;
set M:= 15	16	17	18	19	20;
set L_B:= 21	22	23	24;
set A1:=
(0,*) 1 2 3 4 5 6 11 12 13 14 15 16 17 18 19 20 21 22 23 24 25
(1,*) 0 2 3 4 5 6 11 12 13 14 15 16 17 18 19 20 21 22 23 24 25
(2,*) 0 1 3 4 5 6 11 12 13 14 15 16 17 18 19 20 21 22 23 24 25
(3,*) 0 1 2 4 5 6 11 12 13 14 15 16 17 18 19 20 21 22 23 24 25
(4,*) 0 1 2 3 5 6 11 12 13 14 15 16 17 18 19 20 21 22 23 24 25
(5,*) 0 1 2 3 4 6 11 12 13 14 15 16 17 18 19 20 21 22 23 24 25
(6,*) 0 1 2 3 4 5 11 12 13 14 15 16 17 18 19 20 21 22 23 24 25
(11,*) 0 1 2 3 4 5 6 12 13 14 15 16 17 18 19 20 21 22 23 24 25
(12,*) 0 1 2 3 4 5 6 11 13 14 15 16 17 18 19 20 21 22 23 24 25
(13,*) 0 1 2 3 4 5 6 11 12 14 15 16 17 18 19 20 21 22 23 24 25
(14,*) 0 1 2 3 4 5 6 11 12 13 15 16 17 18 19 20 21 22 23 24 25
(15,*) 0 1 2 3 4 5 6 11 12 13 14 16 17 18 19 20 21 22 23 24 25
(16,*) 0 1 2 3 4 5 6 11 12 13 14 15 17 18 19 20 21 22 23 24 25
(17,*) 0 1 2 3 4 5 6 11 12 13 14 15 16 18 19 20 21 22 23 24 25
(18,*) 0 1 2 3 4 5 6 11 12 13 14 15 16 17 19 20 21 22 23 24 25
(19,*) 0 1 2 3 4 5 6 11 12 13 14 15 16 17 18 20 21 22 23 24 25
(20,*) 0 1 2 3 4 5 6 11 12 13 14 15 16 17 18 19 21 22 23 24 25
(21,*) 0 1 2 3 4 5 6 11 12 13 14 15 16 17 18 19 20 22 23 24 25
(22,*) 0 1 2 3 4 5 6 11 12 13 14 15 16 17 18 19 20 21 23 24 25
(23,*) 0 1 2 3 4 5 6 11 12 13 14 15 16 17 18 19 20 21 22 24 25
(24,*) 0 1 2 3 4 5 6 11 12 13 14 15 16 17 18 19 20 21 22 23 25
(25,*) 0 1 2 3 4 5 6 11 12 13 14 15 16 17 18 19 20 21 22 23 24
;
set A2:=
(15,*) 16
(16,*) 15
;
param BigM:=99999;
param n:= 4;
param d:=
1	8
2	16
3	6
4	12
5	21
6	22
7	24
8	7
9	4
10	2
11	19
12	8
13	16
14	2
;
param Q:=100;
param w:=
[15,*] 16 0.1
[16,*] 15 0.1
;
param V:=
[15,*] 16 80
[16,*] 15 80
;
param e:
	15	16	17	18	19	20	21	22	23	24:=
7		0		0		0		0		0		0		1		0		0		0	
8		0		0		0		1		0		0		0		0		0		0	
9		0		1		0		0		0		0		0		1		0		0	
10		0		0		0		1		0		0		0		0		0		0	
11		0		0		1		0		0		1		0		0		0		0	
12		1		0		0		0		0		0		0		0		0		0	
13		0		0		0		0		0		0		1		0		0		0	
14		0		0		0		0		0		0		1		0		1		0	
;
param p:=
1	3
2	3
3	3
4	3
;
param G:=
15	71
16	80
17	84
18	92
19	98
20	99
21	96
22	91
23	93
24	70
;
param s:=
0	0
1	10
2	10
3	10
4	10
5	10
6	10
11	10
12	10
13	10
14	10
15	10
16	10
17	10
18	10
19	10
20	10
21	10
22	10
23	10
24	10
;
param t:
	0	1	2	3	4	5	6	7	8	9	10	11	12	13	14	15	16	17	18	19	20	21	22	23	24	25:=
0	0.0	78.03	88.14	85.6	64.03	28.84	81.74	25.24	54.57	84.17	62.29	74.55	36.24	37.05	21.1	20.81	83.49	64.94	61.19	13.0	62.8	28.23	62.37	38.95	42.72	0.0
1	78.03	0.0	50.0	31.76	56.22	70.6	69.4	56.3	81.05	49.58	64.85	49.5	84.38	51.61	59.67	82.28	18.03	51.09	81.49	86.41	30.41	50.22	26.93	40.5	44.18	78.03
2	88.14	50.0	0.0	19.21	99.2	96.88	26.02	63.32	56.82	4.24	35.85	96.38	72.25	82.0	79.62	79.81	33.24	94.92	52.92	89.59	74.33	69.87	33.24	54.59	46.17	88.14
3	85.6	31.76	19.21	0.0	84.59	88.54	43.01	60.44	66.71	20.12	46.39	80.08	77.83	71.59	72.92	81.84	14.21	79.91	64.5	89.81	58.86	62.65	23.71	47.89	43.19	85.6
4	64.03	56.22	99.2	84.59	0.0	38.0	109.59	60.61	101.91	97.12	96.02	13.89	92.44	28.65	44.78	81.02	73.01	5.39	106.08	76.92	26.0	45.0	66.41	53.41	65.0	64.03
5	28.84	70.6	96.88	88.54	38.0	0.0	97.87	38.33	78.29	93.54	80.05	50.49	63.13	19.1	18.25	48.84	81.84	40.31	84.1	41.68	46.04	27.07	65.25	42.3	52.01	28.84
6	81.74	69.4	26.02	43.01	109.59	97.87	0.0	60.07	36.88	23.35	19.65	109.86	56.44	86.98	79.63	68.01	55.46	106.17	31.14	79.4	87.42	71.59	45.34	57.87	46.57	81.74
7	25.24	56.3	63.32	60.44	60.61	38.33	60.07	0.0	41.87	59.46	41.77	67.08	32.89	32.53	20.25	26.31	59.2	59.36	46.87	30.53	49.24	15.62	37.48	15.81	17.49	25.24
8	54.57	81.05	56.82	66.71	101.91	78.29	36.88	41.87	0.0	52.77	21.02	106.83	21.38	74.33	61.29	36.01	74.11	100.12	7.07	48.01	86.45	57.31	54.33	49.93	39.81	54.57
9	84.17	49.58	4.24	20.12	97.12	93.54	23.35	59.46	52.77	0.0	31.76	94.85	68.01	79.06	76.12	75.6	33.6	92.97	49.04	85.44	72.62	66.48	30.81	51.24	42.45	84.17
10	62.29	64.85	35.85	46.39	96.02	80.05	19.65	41.77	21.02	31.76	0.0	98.31	37.8	71.11	61.85	48.47	55.23	93.24	18.11	59.77	76.42	54.78	38.08	42.72	31.06	62.29
11	74.55	49.5	96.38	80.08	13.89	50.49	109.86	67.08	106.83	94.85	98.31	0.0	99.81	37.66	54.13	89.84	67.27	10.2	110.26	87.13	22.47	52.0	65.0	57.01	68.01	74.55
12	36.24	84.38	72.25	77.83	92.44	63.13	56.44	32.89	21.38	68.01	37.8	99.81	0.0	63.81	48.41	15.81	81.91	91.71	28.44	27.46	82.01	47.85	59.91	46.39	40.2	36.24
13	37.05	51.61	82.0	71.59	28.65	19.1	86.98	32.53	74.33	79.06	71.11	37.66	63.81	0.0	16.49	52.55	63.69	28.46	79.03	49.5	27.73	17.03	49.16	29.12	40.5	37.05
14	21.1	59.67	79.62	72.92	44.78	18.25	79.63	20.25	61.29	76.12	61.85	54.13	48.41	16.49	0.0	36.25	68.01	44.92	66.73	33.14	41.77	10.3	49.24	25.3	34.06	21.1
15	20.81	82.28	79.81	81.84	81.02	48.84	68.01	26.31	36.01	75.6	48.47	89.84	15.81	52.55	36.25	0.0	83.24	80.99	43.0	12.0	74.33	38.47	60.9	41.98	39.82	20.81
16	83.49	18.03	33.24	14.21	73.01	81.84	55.46	59.2	74.11	33.6	55.23	67.27	81.91	63.69	68.01	83.24	0.0	68.07	73.06	89.63	47.01	57.8	22.36	44.55	43.42	83.49
17	64.94	51.09	94.92	79.91	5.39	40.31	106.17	59.36	100.12	92.97	93.24	10.2	91.71	28.46	44.92	80.99	68.07	0.0	104.0	77.67	21.1	43.91	62.39	50.93	62.37	64.94
18	61.19	81.49	52.92	64.5	106.08	84.1	31.14	46.87	7.07	49.04	18.11	110.26	28.44	79.03	66.73	43.0	73.06	104.0	0.0	55.0	89.31	62.01	54.57	53.26	42.44	61.19
19	13.0	86.41	89.59	89.81	76.92	41.68	79.4	30.53	48.01	85.44	59.77	87.13	27.46	49.5	33.14	12.0	89.63	77.67	55.0	0.0	74.17	38.47	67.62	46.07	46.75	13.0
20	62.8	30.41	74.33	58.86	26.0	46.04	87.42	49.24	86.45	72.62	76.42	22.47	82.01	27.73	41.77	74.33	47.01	21.1	89.31	74.17	0.0	36.01	42.54	36.67	46.87	62.8
21	28.23	50.22	69.87	62.65	45.0	27.07	71.59	15.62	57.31	66.48	54.78	52.0	47.85	17.03	10.3	38.47	57.8	43.91	62.01	38.47	36.01	0.0	39.0	15.3	25.18	28.23
22	62.37	26.93	33.24	23.71	66.41	65.25	45.34	37.48	54.33	30.81	38.08	65.0	59.91	49.16	49.24	60.9	22.36	62.39	54.57	67.62	42.54	39.0	0.0	24.19	21.1	62.37
23	38.95	40.5	54.59	47.89	53.41	42.3	57.87	15.81	49.93	51.24	42.72	57.01	46.39	29.12	25.3	41.98	44.55	50.93	53.26	46.07	36.67	15.3	24.19	0.0	11.66	38.95
24	42.72	44.18	46.17	43.19	65.0	52.01	46.57	17.49	39.81	42.45	31.06	68.01	40.2	40.5	34.06	39.82	43.42	62.37	42.44	46.75	46.87	25.18	21.1	11.66	0.0	42.72
;
