vehicles
vehicle_idx, capacity, cost_per_unit_distance
1,100,3
2,100,3
3,100,3
depot
node_idx,x,y
0,82,76
home delivery customers
node_idx,x,y,service_time,demand
1,50,5,10,21
2,84,39,10,16
3,1,65,10,22
4,98,14,10,12
5,29,89,10,7
self pickup customers
node_idx,x,y,service_time,demand,locker_idxs
6,61,62,10,24,16-14
7,85,60,10,14,18-14
8,80,55,10,2,18-14
9,58,30,10,12,16-17-18-15
flexible customers
node_idx,x,y,service_time,demand,locker_idxs
10,93,3,10,24,16-15
11,50,93,10,8,16-14
12,88,51,10,18,18-14
13,84,25,10,16,18-15
lockers
node_idx,x,y,service_time,capacity,cost_per_unit_good
14,65,88,10,78
15,25,15,10,89
16,49,48,10,72
17,55,40,10,77
18,60,43,10,74
mrt lines
start_node_idx,end_node_idx,freight_capacity,cost_per_unit_good
14,15,89,0.1
15,14,89,0.1
distance matrix
,0,1,2,3,4,5,6,7,8,9,10,11,12,13,14,15,16,17,18,
0,0.0,77.88,37.05,81.74,64.03,54.57,25.24,16.28,21.1,51.88,73.82,36.24,25.71,51.04,20.81,83.49,43.28,45.0,39.66
1,77.88,0.0,48.08,77.47,48.84,86.59,58.05,65.19,58.31,26.25,43.05,88.0,59.67,39.45,84.34,26.93,43.01,35.36,39.29
2,37.05,48.08,0.0,86.98,28.65,74.33,32.53,21.02,16.49,27.51,37.11,63.81,12.65,14.0,52.55,63.69,36.14,29.02,24.33
3,81.74,77.47,86.98,0.0,109.59,36.88,60.07,84.15,79.63,66.89,110.94,56.44,88.12,92.14,68.01,55.46,50.92,59.51,62.97
4,64.03,48.84,28.65,109.59,0.0,101.91,60.61,47.8,44.78,43.08,12.08,92.44,38.33,17.8,81.02,73.01,59.64,50.25,47.8
5,54.57,86.59,74.33,36.88,101.91,0.0,41.87,63.06,61.29,65.74,107.2,21.38,70.18,84.39,36.01,74.11,45.62,55.47,55.47
6,25.24,58.05,32.53,60.07,60.61,41.87,0.0,24.08,20.25,32.14,67.12,32.89,29.15,43.57,26.31,59.2,18.44,22.8,19.03
7,16.28,65.19,21.02,84.15,47.8,63.06,24.08,0.0,7.07,40.36,57.56,48.1,9.49,35.01,34.41,75.0,37.95,36.06,30.23
8,21.1,58.31,16.49,79.63,44.78,61.29,20.25,7.07,0.0,33.3,53.6,48.41,8.94,30.27,36.25,68.01,31.78,29.15,23.32
9,51.88,26.25,27.51,66.89,43.08,65.74,32.14,40.36,33.3,0.0,44.2,63.51,36.62,26.48,58.42,36.25,20.12,10.44,13.15
10,73.82,43.05,37.11,110.94,12.08,107.2,67.12,57.56,53.6,44.2,0.0,99.74,48.26,23.77,89.49,69.05,62.94,53.04,51.86
11,36.24,88.0,63.81,56.44,92.44,21.38,32.89,48.1,48.41,63.51,99.74,0.0,56.64,76.03,15.81,81.91,45.01,53.24,50.99
12,25.71,59.67,12.65,88.12,38.33,70.18,29.15,9.49,8.94,36.62,48.26,56.64,0.0,26.31,43.57,72.56,39.12,34.79,29.12
13,51.04,39.45,14.0,92.14,17.8,84.39,43.57,35.01,30.27,26.48,23.77,76.03,26.31,0.0,65.8,59.84,41.88,32.65,30.0
14,20.81,84.34,52.55,68.01,81.02,36.01,26.31,34.41,36.25,58.42,89.49,15.81,43.57,65.8,0.0,83.24,43.08,49.03,45.28
15,83.49,26.93,63.69,55.46,73.01,74.11,59.2,75.0,68.01,36.25,69.05,81.91,72.56,59.84,83.24,0.0,40.8,39.05,44.82
16,43.28,43.01,36.14,50.92,59.64,45.62,18.44,37.95,31.78,20.12,62.94,45.01,39.12,41.88,43.08,40.8,0.0,10.0,12.08
17,45.0,35.36,29.02,59.51,50.25,55.47,22.8,36.06,29.15,10.44,53.04,53.24,34.79,32.65,49.03,39.05,10.0,0.0,5.83
18,39.66,39.29,24.33,62.97,47.8,55.47,19.03,30.23,23.32,13.15,51.86,50.99,29.12,30.0,45.28,44.82,12.08,5.83,0.0
