vehicles
vehicle_idx, capacity, cost_per_unit_distance
1,100,3
2,100,3
3,100,3
4,100,3
depot
node_idx,x,y
0,82,76
home delivery customers
node_idx,x,y,service_time,demand
1,5,42,10,4
2,61,59,10,3
3,29,89,10,7
4,91,2,10,19
5,98,14,10,12
self pickup customers
node_idx,x,y,service_time,demand,locker_idxs
6,13,7,10,19,15
7,49,8,10,6,19-15
8,50,5,10,21,19-15
9,85,60,10,14,23
flexible customers
node_idx,x,y,service_time,demand,locker_idxs
10,96,44,10,19,23
11,80,55,10,2,23-20
12,88,51,10,18,23
13,5,10,10,14,21-15
lockers
node_idx,x,y,service_time,capacity,cost_per_unit_good
14,65,88,10,76
15,25,15,10,82
16,93,12,10,80
17,22,88,10,80
18,77,88,10,79
19,72,14,10,96
20,63,45,10,86
21,43,43,10,85
22,48,59,10,73
23,75,46,10,77
mrt lines
start_node_idx,end_node_idx,freight_capacity,cost_per_unit_good
14,15,82,0.1
15,14,82,0.1
16,17,80,0.1
17,16,80,0.1
18,19,96,0.1
19,18,96,0.1
distance matrix
,0,1,2,3,4,5,6,7,8,9,10,11,12,13,14,15,16,17,18,19,20,21,22,23,
0,0.0,84.17,27.02,54.57,74.55,64.03,97.58,75.58,77.88,16.28,34.93,21.1,25.71,101.41,20.81,83.49,64.94,61.19,13.0,62.8,36.36,51.09,38.01,30.81
1,84.17,0.0,58.52,52.77,94.85,97.12,35.9,55.61,58.26,82.0,91.02,76.12,83.49,32.0,75.6,33.6,92.97,49.04,85.44,72.62,58.08,38.01,46.24,70.11
2,27.02,58.52,0.0,43.86,64.41,58.26,70.77,52.39,55.11,24.02,38.08,19.42,28.16,74.41,29.27,56.85,56.86,48.6,33.12,46.32,14.14,24.08,13.0,19.1
3,54.57,52.77,43.86,0.0,106.83,101.91,83.55,83.43,86.59,63.06,80.71,61.29,70.18,82.57,36.01,74.11,100.12,7.07,48.01,86.45,55.61,48.08,35.51,62.97
4,74.55,94.85,64.41,106.83,0.0,13.89,78.16,42.43,41.11,58.31,42.3,54.13,49.09,86.37,89.84,67.27,10.2,110.26,87.13,22.47,51.31,63.13,71.4,46.82
5,64.03,97.12,58.26,101.91,13.89,0.0,85.29,49.37,48.84,47.8,30.07,44.78,38.33,93.09,81.02,73.01,5.39,106.08,76.92,26.0,46.75,62.18,67.27,39.41
6,97.58,35.9,70.77,83.55,78.16,85.29,0.0,36.01,37.05,89.4,90.87,82.42,86.95,8.54,96.25,14.42,80.16,81.5,103.23,59.41,62.8,46.86,62.68,73.25
7,75.58,55.61,52.39,83.43,42.43,49.37,36.01,0.0,3.16,63.25,59.2,56.3,58.05,44.05,81.58,25.0,44.18,84.43,84.76,23.77,39.56,35.51,51.01,46.04
8,77.88,58.26,55.11,86.59,41.11,48.84,37.05,3.16,0.0,65.19,60.31,58.31,59.67,45.28,84.34,26.93,43.57,87.6,87.28,23.77,42.06,38.64,54.04,48.02
9,16.28,82.0,24.02,63.06,58.31,47.8,89.4,63.25,65.19,0.0,19.42,7.07,9.49,94.34,34.41,75.0,48.66,68.94,29.12,47.8,26.63,45.31,37.01,17.2
10,34.93,91.02,38.08,80.71,42.3,30.07,90.87,59.2,60.31,19.42,0.0,19.42,10.63,97.14,53.82,76.69,32.14,86.09,47.93,38.42,33.02,53.01,50.29,21.1
11,21.1,76.12,19.42,61.29,54.13,44.78,82.42,56.3,58.31,7.07,19.42,0.0,8.94,87.46,36.25,68.01,44.92,66.73,33.14,41.77,19.72,38.9,32.25,10.3
12,25.71,83.49,28.16,70.18,49.09,38.33,86.95,58.05,59.67,9.49,10.63,8.94,0.0,92.57,43.57,72.56,39.32,75.66,38.6,40.31,25.71,45.71,40.79,13.93
13,101.41,32.0,74.41,82.57,86.37,93.09,8.54,44.05,45.28,94.34,97.14,87.46,92.57,0.0,98.41,20.62,88.02,79.83,106.15,67.12,67.74,50.33,65.19,78.71
14,20.81,75.6,29.27,36.01,89.84,81.02,96.25,81.58,84.34,34.41,53.82,36.25,43.57,98.41,0.0,83.24,80.99,43.0,12.0,74.33,43.05,50.09,33.62,43.17
15,83.49,33.6,56.85,74.11,67.27,73.01,14.42,25.0,26.93,75.0,76.69,68.01,72.56,20.62,83.24,0.0,68.07,73.06,89.63,47.01,48.41,33.29,49.65,58.83
16,64.94,92.97,56.86,100.12,10.2,5.39,80.16,44.18,43.57,48.66,32.14,44.92,39.32,88.02,80.99,68.07,0.0,104.0,77.67,21.1,44.6,58.83,65.07,38.47
17,61.19,49.04,48.6,7.07,110.26,106.08,81.5,84.43,87.6,68.94,86.09,66.73,75.66,79.83,43.0,73.06,104.0,0.0,55.0,89.31,59.41,49.66,38.95,67.62
18,13.0,85.44,33.12,48.01,87.13,76.92,103.23,84.76,87.28,29.12,47.93,33.14,38.6,106.15,12.0,89.63,77.67,55.0,0.0,74.17,45.22,56.4,41.01,42.05
19,62.8,72.62,46.32,86.45,22.47,26.0,59.41,23.77,23.77,47.8,38.42,41.77,40.31,67.12,74.33,47.01,21.1,89.31,74.17,0.0,32.28,41.01,51.0,32.14
20,36.36,58.08,14.14,55.61,51.31,46.75,62.8,39.56,42.06,26.63,33.02,19.72,25.71,67.74,43.05,48.41,44.6,59.41,45.22,32.28,0.0,20.1,20.52,12.04
21,51.09,38.01,24.08,48.08,63.13,62.18,46.86,35.51,38.64,45.31,53.01,38.9,45.71,50.33,50.09,33.29,58.83,49.66,56.4,41.01,20.1,0.0,16.76,32.14
22,38.01,46.24,13.0,35.51,71.4,67.27,62.68,51.01,54.04,37.01,50.29,32.25,40.79,65.19,33.62,49.65,65.07,38.95,41.01,51.0,20.52,16.76,0.0,29.97
23,30.81,70.11,19.1,62.97,46.82,39.41,73.25,46.04,48.02,17.2,21.1,10.3,13.93,78.71,43.17,58.83,38.47,67.62,42.05,32.14,12.04,32.14,29.97,0.0
