set K:= 1	2	3;
set C_H:= 1	2	3	4	5	6	7	8	9;
set C_S:= 10	11	12;
set C_F:= 13;
set M:= 14	15	16	17;
set L_B:= 18	19	20;
set A1:=
(0,*) 1 2 3 4 5 6 7 8 9 13 14 15 16 17 18 19 20
(1,*) 0 2 3 4 5 6 7 8 9 13 14 15 16 17 18 19 20
(2,*) 0 1 3 4 5 6 7 8 9 13 14 15 16 17 18 19 20
(3,*) 0 1 2 4 5 6 7 8 9 13 14 15 16 17 18 19 20
(4,*) 0 1 2 3 5 6 7 8 9 13 14 15 16 17 18 19 20
(5,*) 0 1 2 3 4 6 7 8 9 13 14 15 16 17 18 19 20
(6,*) 0 1 2 3 4 5 7 8 9 13 14 15 16 17 18 19 20
(7,*) 0 1 2 3 4 5 6 8 9 13 14 15 16 17 18 19 20
(8,*) 0 1 2 3 4 5 6 7 9 13 14 15 16 17 18 19 20
(9,*) 0 1 2 3 4 5 6 7 8 13 14 15 16 17 18 19 20
(13,*) 0 1 2 3 4 5 6 7 8 9 14 15 16 17 18 19 20
(14,*) 0 1 2 3 4 5 6 7 8 9 13 15 16 17 18 19 20
(15,*) 0 1 2 3 4 5 6 7 8 9 13 14 16 17 18 19 20
(16,*) 0 1 2 3 4 5 6 7 8 9 13 14 15 17 18 19 20
(17,*) 0 1 2 3 4 5 6 7 8 9 13 14 15 16 18 19 20
(18,*) 0 1 2 3 4 5 6 7 8 9 13 14 15 16 17 19 20
(19,*) 0 1 2 3 4 5 6 7 8 9 13 14 15 16 17 18 20
(20,*) 0 1 2 3 4 5 6 7 8 9 13 14 15 16 17 18 19
;
set A2:=
(14,*) 15
(15,*) 14
(16,*) 17
(17,*) 16
;
param BigM:=99999;
param n:= 3;
param d:=
1	15
2	4
3	12
4	22
5	14
6	8
7	12
8	16
9	2
10	20
11	3
12	24
13	1
;
param Q:=100;
param w:=
[14,*] 15 1
[15,*] 14 1
[16,*] 17 1
[17,*] 16 1
;
param V:=
[14,*] 15 96
[15,*] 14 96
[16,*] 17 90
[17,*] 16 90
;
param f:=
14	100
15	100
16	100
17	100
18	100
19	100
20	100
;
param e:
	14	15	16	17	18	19	20:=
10	0	0	1	0	1	1	1	
11	0	0	1	0	1	1	1	
12	0	0	1	0	1	1	1	
13	0	0	0	1	1	0	1	
;
param p:=
1	1
2	1
3	1
;
param G:=
14	72
15	96
16	90
17	80
18	100
19	75
20	82
;
param s:=
0	0
1	15
2	15
3	15
4	15
5	15
6	15
7	15
8	15
9	15
13	15
14	10
15	10
16	10
17	10
18	10
19	10
20	10
;
param t:
	0	1	2	3	4	5	6	7	8	9	10	11	12	13	14	15	16	17	18	19	20:=
0	0.0	84.86	84.17	64.03	81.74	16.28	78.03	51.88	51.04	62.29	25.96	27.02	25.24	76.84	64.94	61.19	20.81	83.49	49.68	34.48	54.82
1	84.86	0.0	32.45	75.01	54.63	76.61	19.92	38.08	61.81	55.08	63.81	58.14	60.44	17.46	70.06	73.01	84.22	2.0	35.47	52.7	30.81
2	84.17	32.45	0.0	97.12	23.35	82.0	49.58	54.34	80.81	31.76	58.59	58.52	59.46	17.2	92.97	49.04	75.6	33.6	45.18	49.98	43.93
3	64.03	75.01	97.12	0.0	109.59	47.8	56.22	43.08	17.8	96.02	68.6	58.26	60.61	81.02	5.39	106.08	81.02	73.01	53.67	64.35	53.49
4	81.74	54.63	23.35	109.59	0.0	84.15	69.4	66.89	92.14	19.65	56.14	60.3	60.07	37.59	106.17	31.14	68.01	55.46	55.95	51.35	56.86
5	16.28	76.61	82.0	47.8	84.15	0.0	66.71	40.36	35.01	65.76	29.41	24.02	24.08	71.69	48.66	68.94	34.41	75.0	41.34	33.02	45.8
6	78.03	19.92	49.58	56.22	69.4	66.71	0.0	26.4	44.94	64.85	61.85	53.49	56.3	32.53	51.09	81.49	82.28	18.03	30.08	50.99	24.74
7	51.88	38.08	54.34	43.08	66.89	40.36	26.4	0.0	26.48	55.17	39.01	29.15	32.14	39.05	39.36	68.26	58.42	36.25	11.31	29.61	10.44
8	51.04	61.81	80.81	17.8	92.14	35.01	44.94	26.48	0.0	78.24	51.62	41.05	43.57	65.38	15.81	88.39	65.8	59.84	36.4	46.69	36.88
9	62.29	55.08	31.76	96.02	19.65	65.76	64.85	55.17	78.24	0.0	37.01	42.45	41.77	38.01	93.24	18.11	48.47	55.23	43.86	33.84	46.4
10	25.96	63.81	58.59	68.6	56.14	29.41	61.85	39.01	51.62	37.01	0.0	10.77	8.06	53.04	67.42	39.82	20.62	62.77	31.78	11.18	37.11
11	27.02	58.14	58.52	58.26	60.3	24.02	53.49	29.15	41.05	42.45	10.77	0.0	3.0	49.93	56.86	48.6	29.27	56.85	23.71	9.0	29.07
12	25.24	60.44	59.46	60.61	60.07	24.08	56.3	32.14	43.57	41.77	8.06	3.0	0.0	51.61	59.36	46.87	26.31	59.2	26.4	9.49	31.78
13	76.84	17.46	17.2	81.02	37.59	71.69	32.53	39.05	65.38	38.01	53.04	49.93	51.61	0.0	76.66	56.08	72.47	18.03	31.58	42.64	29.02
14	64.94	70.06	92.97	5.39	106.17	48.66	51.09	39.36	15.81	93.24	67.42	56.86	59.36	76.66	0.0	104.0	80.99	68.07	50.25	62.37	49.66
15	61.19	73.01	49.04	106.08	31.14	68.94	81.49	68.26	88.39	18.11	39.82	48.6	46.87	56.08	104.0	0.0	43.0	73.06	57.31	41.73	60.84
16	20.81	84.22	75.6	81.02	68.01	34.41	82.28	58.42	65.8	48.47	20.62	29.27	26.31	72.47	80.99	43.0	0.0	83.24	52.2	31.78	57.57
17	83.49	2.0	33.6	73.01	55.46	75.0	18.03	36.25	59.84	55.23	62.77	56.85	59.2	18.03	68.07	73.06	83.24	0.0	33.97	51.62	29.21
18	49.68	35.47	45.18	53.67	55.95	41.34	30.08	11.31	36.4	43.86	31.78	23.71	26.4	31.58	50.25	57.31	52.2	33.97	0.0	21.1	5.39
19	34.48	52.7	49.98	64.35	51.35	33.02	50.99	29.61	46.69	33.84	11.18	9.0	9.49	42.64	62.37	41.73	31.78	51.62	21.1	0.0	26.31
20	54.82	30.81	43.93	53.49	56.86	45.8	24.74	10.44	36.88	46.4	37.11	29.07	31.78	29.02	49.66	60.84	57.57	29.21	5.39	26.31	0.0
;
