set K:= 1	2	3	4;
set C_H:= 1	2	3	4	5;
set C_S:= 6	7	8	9;
set C_F:= 10	11	12	13;
set M:= 14	15	16	17	18	19;
set L_B:= 20	21	22	23;
set A1:=
(0,*) 1 2 3 4 5 10 11 12 13 14 15 16 17 18 19 20 21 22 23 24
(1,*) 0 2 3 4 5 10 11 12 13 14 15 16 17 18 19 20 21 22 23 24
(2,*) 0 1 3 4 5 10 11 12 13 14 15 16 17 18 19 20 21 22 23 24
(3,*) 0 1 2 4 5 10 11 12 13 14 15 16 17 18 19 20 21 22 23 24
(4,*) 0 1 2 3 5 10 11 12 13 14 15 16 17 18 19 20 21 22 23 24
(5,*) 0 1 2 3 4 10 11 12 13 14 15 16 17 18 19 20 21 22 23 24
(10,*) 0 1 2 3 4 5 11 12 13 14 15 16 17 18 19 20 21 22 23 24
(11,*) 0 1 2 3 4 5 10 12 13 14 15 16 17 18 19 20 21 22 23 24
(12,*) 0 1 2 3 4 5 10 11 13 14 15 16 17 18 19 20 21 22 23 24
(13,*) 0 1 2 3 4 5 10 11 12 14 15 16 17 18 19 20 21 22 23 24
(14,*) 0 1 2 3 4 5 10 11 12 13 15 16 17 18 19 20 21 22 23 24
(15,*) 0 1 2 3 4 5 10 11 12 13 14 16 17 18 19 20 21 22 23 24
(16,*) 0 1 2 3 4 5 10 11 12 13 14 15 17 18 19 20 21 22 23 24
(17,*) 0 1 2 3 4 5 10 11 12 13 14 15 16 18 19 20 21 22 23 24
(18,*) 0 1 2 3 4 5 10 11 12 13 14 15 16 17 19 20 21 22 23 24
(19,*) 0 1 2 3 4 5 10 11 12 13 14 15 16 17 18 20 21 22 23 24
(20,*) 0 1 2 3 4 5 10 11 12 13 14 15 16 17 18 19 21 22 23 24
(21,*) 0 1 2 3 4 5 10 11 12 13 14 15 16 17 18 19 20 22 23 24
(22,*) 0 1 2 3 4 5 10 11 12 13 14 15 16 17 18 19 20 21 23 24
(23,*) 0 1 2 3 4 5 10 11 12 13 14 15 16 17 18 19 20 21 22 24
(24,*) 0 1 2 3 4 5 10 11 12 13 14 15 16 17 18 19 20 21 22 23
;
set A2:=
(14,*) 15
(15,*) 14
;
param BigM:=99999;
param n:= 4;
param d:=
1	22
2	15
3	21
4	4
5	24
6	8
7	18
8	14
9	14
10	20
11	24
12	24
13	16
;
param Q:=100;
param w:=
[14,*] 15 0.1
[15,*] 14 0.1
;
param V:=
[14,*] 15 84
[15,*] 14 84
;
param e:
	14	15	16	17	18	19	20	21	22	23:=
6		0		1		0		0		0		0		0		0		0		0	
7		0		0		0		0		1		0		0		0		0		0	
8		0		0		0		0		1		0		0		0		0		0	
9		0		1		0		0		0		0		0		0		0		0	
10		1		0		0		0		0		0		0		0		1		0	
11		0		0		0		0		0		0		1		0		1		1	
12		0		0		0		1		0		0		0		0		0		0	
13		0		0		1		0		0		1		0		0		0		0	
;
param p:=
1	3
2	3
3	3
4	3
;
param G:=
14	70
15	84
16	77
17	88
18	85
19	91
20	90
21	97
22	79
23	82
;
param s:=
0	0
1	10
2	10
3	10
4	10
5	10
10	10
11	10
12	10
13	10
14	10
15	10
16	10
17	10
18	10
19	10
20	10
21	10
22	10
23	10
;
param t:
	0	1	2	3	4	5	6	7	8	9	10	11	12	13	14	15	16	17	18	19	20	21	22	23	24:=
0	0.0	81.74	84.86	77.88	84.17	73.82	78.03	25.71	16.28	101.41	25.96	25.24	75.96	51.04	20.81	83.49	64.94	61.19	13.0	62.8	42.72	55.9	38.48	47.01	0.0
1	81.74	0.0	54.63	77.47	23.35	110.94	69.4	88.12	84.15	55.15	56.14	60.07	32.98	92.14	68.01	55.46	106.17	31.14	79.4	87.42	63.16	34.01	46.27	47.54	81.74
2	84.86	54.63	0.0	28.79	32.45	71.02	19.92	74.3	76.61	18.68	63.81	60.44	83.19	61.81	84.22	2.0	70.06	73.01	90.8	49.01	43.83	37.11	51.0	38.83	84.86
3	77.88	77.47	28.79	0.0	58.26	43.05	8.94	59.67	65.19	45.28	64.38	58.05	100.72	39.45	84.34	26.93	43.57	87.6	87.28	23.77	36.14	49.4	55.08	42.3	77.88
4	84.17	23.35	32.45	58.26	0.0	96.25	49.58	83.49	82.0	32.0	58.59	59.46	55.15	80.81	75.6	33.6	92.97	49.04	85.44	72.62	54.04	28.46	45.69	40.31	84.17
5	73.82	110.94	71.02	43.05	96.25	0.0	51.35	48.26	57.56	88.28	75.18	67.12	126.06	23.77	89.49	69.05	9.0	110.75	86.49	23.71	50.25	77.62	73.25	65.12	73.82
6	78.03	69.4	19.92	8.94	49.58	51.35	0.0	62.29	66.71	37.01	61.85	56.3	93.98	44.94	82.28	18.03	51.09	81.49	86.41	30.41	35.36	43.17	51.24	38.12	78.03
7	25.71	88.12	74.3	59.67	83.49	48.26	62.29	0.0	9.49	92.57	35.85	29.15	91.42	26.31	43.57	72.56	39.32	75.66	38.6	40.31	31.02	56.0	41.98	43.19	25.71
8	16.28	84.15	76.61	65.19	82.0	57.56	66.71	9.49	0.0	94.34	29.41	24.08	84.53	35.01	34.41	75.0	48.66	68.94	29.12	47.8	32.8	53.76	38.0	42.06	16.28
9	101.41	55.15	18.68	45.28	32.0	88.28	37.01	92.57	94.34	0.0	78.64	76.42	87.09	80.41	98.41	20.62	88.02	79.83	106.15	67.12	61.77	49.09	65.3	54.49	101.41
10	25.96	56.14	63.81	64.38	58.59	75.18	61.85	35.85	29.41	78.64	0.0	8.06	55.57	51.62	20.62	62.77	67.42	39.82	27.59	57.01	29.07	30.81	13.45	25.06	25.96
11	25.24	60.07	60.44	58.05	59.46	67.12	56.3	29.15	24.08	76.42	8.06	0.0	62.68	43.57	26.31	59.2	59.36	46.87	30.53	49.24	22.09	31.02	14.14	21.93	25.24
12	75.96	32.98	83.19	100.72	55.15	126.06	93.98	91.42	84.53	87.09	55.57	62.68	0.0	103.97	56.72	83.55	119.5	15.81	68.59	104.2	75.82	51.43	53.04	61.61	75.96
13	51.04	92.14	61.81	39.45	80.81	23.77	44.94	26.31	35.01	80.41	51.62	43.57	103.97	0.0	65.8	59.84	15.81	88.39	63.39	16.28	29.15	58.14	50.93	44.78	51.04
14	20.81	68.01	84.22	84.34	75.6	89.49	82.28	43.57	34.41	98.41	20.62	26.31	56.72	65.8	0.0	83.24	80.99	43.0	12.0	74.33	48.37	49.58	33.29	45.62	20.81
15	83.49	55.46	2.0	26.93	33.6	69.05	18.03	72.56	75.0	20.62	62.77	59.2	83.55	59.84	83.24	0.0	68.07	73.06	89.63	47.01	42.2	36.67	50.09	37.74	83.49
16	64.94	106.17	70.06	43.57	92.97	9.0	51.09	39.32	48.66	88.02	67.42	59.36	119.5	15.81	80.99	68.07	0.0	104.0	77.67	21.1	44.05	72.4	66.48	59.41	64.94
17	61.19	31.14	73.01	87.6	49.04	110.75	81.49	75.66	68.94	79.83	39.82	46.87	15.81	88.39	43.0	73.06	104.0	0.0	55.0	89.31	60.61	38.33	37.54	47.01	61.19
18	13.0	79.4	90.8	87.28	85.44	86.49	86.41	38.6	29.12	106.15	27.59	30.53	68.59	63.39	12.0	89.63	77.67	55.0	0.0	74.17	51.26	58.26	41.04	52.01	13.0
19	62.8	87.42	49.01	23.77	72.62	23.71	30.41	40.31	47.8	67.12	57.01	49.24	104.2	16.28	74.33	47.01	21.1	89.31	74.17	0.0	29.07	54.49	52.35	42.64	62.8
20	42.72	63.16	43.83	36.14	54.04	50.25	35.36	31.02	32.8	61.77	29.07	22.09	75.82	29.15	48.37	42.2	44.05	60.61	51.26	29.07	0.0	29.15	23.32	15.65	42.72
21	55.9	34.01	37.11	49.4	28.46	77.62	43.17	56.0	53.76	49.09	30.81	31.02	51.43	58.14	49.58	36.67	72.4	38.33	58.26	54.49	29.15	0.0	17.49	13.6	55.9
22	38.48	46.27	51.0	55.08	45.69	73.25	51.24	41.98	38.0	65.3	13.45	14.14	53.04	50.93	33.29	50.09	66.48	37.54	41.04	52.35	23.32	17.49	0.0	13.15	38.48
23	47.01	47.54	38.83	42.3	40.31	65.12	38.12	43.19	42.06	54.49	25.06	21.93	61.61	44.78	45.62	37.74	59.41	47.01	52.01	42.64	15.65	13.6	13.15	0.0	47.01
;
