set K:= 1	2	3	4;
set C_H:= 1	2	3	4	5	6	7;
set C_S:= 8	9	10	11	12;
set C_F:= 13	14	15	16	17;
set M:= 18	19	20	21	22	23;
set M_B:= 24	25	26	27	28	29;
set L_B:= 30	31	32	33;
set A1:=
(0,*) 1 2 3 4 5 6 7 13 14 15 16 17 18 19 20 21 22 23 24 25 26 27 28 29 30 31 32 33
(1,*) 0 2 3 4 5 6 7 13 14 15 16 17 18 19 20 21 22 23 24 25 26 27 28 29 30 31 32 33
(2,*) 0 1 3 4 5 6 7 13 14 15 16 17 18 19 20 21 22 23 24 25 26 27 28 29 30 31 32 33
(3,*) 0 1 2 4 5 6 7 13 14 15 16 17 18 19 20 21 22 23 24 25 26 27 28 29 30 31 32 33
(4,*) 0 1 2 3 5 6 7 13 14 15 16 17 18 19 20 21 22 23 24 25 26 27 28 29 30 31 32 33
(5,*) 0 1 2 3 4 6 7 13 14 15 16 17 18 19 20 21 22 23 24 25 26 27 28 29 30 31 32 33
(6,*) 0 1 2 3 4 5 7 13 14 15 16 17 18 19 20 21 22 23 24 25 26 27 28 29 30 31 32 33
(7,*) 0 1 2 3 4 5 6 13 14 15 16 17 18 19 20 21 22 23 24 25 26 27 28 29 30 31 32 33
(13,*) 0 1 2 3 4 5 6 7 14 15 16 17 18 19 20 21 22 23 24 25 26 27 28 29 30 31 32 33
(14,*) 0 1 2 3 4 5 6 7 13 15 16 17 18 19 20 21 22 23 24 25 26 27 28 29 30 31 32 33
(15,*) 0 1 2 3 4 5 6 7 13 14 16 17 18 19 20 21 22 23 24 25 26 27 28 29 30 31 32 33
(16,*) 0 1 2 3 4 5 6 7 13 14 15 17 18 19 20 21 22 23 24 25 26 27 28 29 30 31 32 33
(17,*) 0 1 2 3 4 5 6 7 13 14 15 16 18 19 20 21 22 23 24 25 26 27 28 29 30 31 32 33
(18,*) 0 1 2 3 4 5 6 7 13 14 15 16 17 19 20 21 22 23 24 25 26 27 28 29 30 31 32 33
(19,*) 0 1 2 3 4 5 6 7 13 14 15 16 17 18 20 21 22 23 24 25 26 27 28 29 30 31 32 33
(20,*) 0 1 2 3 4 5 6 7 13 14 15 16 17 18 19 21 22 23 24 25 26 27 28 29 30 31 32 33
(21,*) 0 1 2 3 4 5 6 7 13 14 15 16 17 18 19 20 22 23 24 25 26 27 28 29 30 31 32 33
(22,*) 0 1 2 3 4 5 6 7 13 14 15 16 17 18 19 20 21 23 24 25 26 27 28 29 30 31 32 33
(23,*) 0 1 2 3 4 5 6 7 13 14 15 16 17 18 19 20 21 22 24 25 26 27 28 29 30 31 32 33
(24,*) 0 1 2 3 4 5 6 7 13 14 15 16 17 18 19 20 21 22 23 25 26 27 28 29 30 31 32 33
(25,*) 0 1 2 3 4 5 6 7 13 14 15 16 17 18 19 20 21 22 23 24 26 27 28 29 30 31 32 33
(26,*) 0 1 2 3 4 5 6 7 13 14 15 16 17 18 19 20 21 22 23 24 25 27 28 29 30 31 32 33
(27,*) 0 1 2 3 4 5 6 7 13 14 15 16 17 18 19 20 21 22 23 24 25 26 28 29 30 31 32 33
(28,*) 0 1 2 3 4 5 6 7 13 14 15 16 17 18 19 20 21 22 23 24 25 26 27 29 30 31 32 33
(29,*) 0 1 2 3 4 5 6 7 13 14 15 16 17 18 19 20 21 22 23 24 25 26 27 28 30 31 32 33
(30,*) 0 1 2 3 4 5 6 7 13 14 15 16 17 18 19 20 21 22 23 24 25 26 27 28 29 31 32 33
(31,*) 0 1 2 3 4 5 6 7 13 14 15 16 17 18 19 20 21 22 23 24 25 26 27 28 29 30 32 33
(32,*) 0 1 2 3 4 5 6 7 13 14 15 16 17 18 19 20 21 22 23 24 25 26 27 28 29 30 31 33
(33,*) 0 1 2 3 4 5 6 7 13 14 15 16 17 18 19 20 21 22 23 24 25 26 27 28 29 30 31 32
;
set A2:=
(18,*) 19
(19,*) 18
(20,*) 21
(21,*) 20
(22,*) 23
(23,*) 22
;
param BigM:=99999;
param n:= 4;
param d:=
1	23
2	22
3	9
4	14
5	12
6	6
7	7
8	10
9	9
10	11
11	23
12	16
13	26
14	23
15	24
16	21
17	13
;
param Q:=100;
param w:=
[18,*] 19 0.1
[19,*] 18 0.1
[20,*] 21 0.1
[21,*] 20 0.1
[22,*] 23 0.1
[23,*] 22 0.1
;
param V:=
[18,*] 19 86
[19,*] 18 86
[20,*] 21 95
[21,*] 20 95
[22,*] 23 99
[23,*] 22 99
;
param e:
	18	19	20	21	22	23	24	25	26	27	28	29	30	31	32	33:=
8		0		1		0		0		0		1		0		1		0		0		0		1		1		0		1		0	
9		0		1		1		0		0		1		0		1		1		0		0		1		1		0		0		0	
10		0		0		1		0		0		1		0		0		1		0		0		1		1		0		1		0	
11		0		1		1		0		0		1		0		1		1		0		0		1		1		0		0		0	
12		1		0		1		0		0		1		1		0		1		0		0		1		1		0		1		0	
13		0		0		1		0		1		1		0		0		1		0		1		1		1		0		0		1	
14		1		0		0		1		1		0		1		0		0		1		1		0		1		1		1		0	
15		1		0		1		0		1		0		1		0		1		0		1		0		1		0		0		1	
16		1		1		0		1		1		1		1		1		0		1		1		1		1		0		1		0	
17		1		1		0		1		0		1		1		1		0		1		0		1		1		0		1		0	
;
param p:=
1	3
2	3
3	3
4	3
;
param G:=
18	78
19	86
20	95
21	81
22	99
23	93
24	78
25	86
26	95
27	81
28	99
29	93
30	79
31	84
32	71
33	98
;
param s:=
0	0
1	10
2	10
3	10
4	10
5	10
6	10
7	10
13	10
14	10
15	10
16	10
17	10
18	10
19	10
20	10
21	10
22	10
23	10
24	10
25	10
26	10
27	10
28	10
29	10
30	10
31	10
32	10
33	10
;
param t:
	0	1	2	3	4	5	6	7	8	9	10	11	12	13	14	15	16	17	18	19	20	21	22	23	24	25	26	27	28	29	30	31	32	33:=
0	0.0	51.09	88.77	95.86	89.29	30.36	57.71	73.68	59.41	74.25	62.27	75.03	56.36	40.01	48.1	34.23	58.14	58.73	27.29	102.07	80.01	70.11	15.52	80.52	27.29	102.07	80.01	70.11	15.52	80.52	69.46	34.93	93.61	49.04
1	51.09	0.0	93.61	94.73	93.01	25.06	59.09	78.19	53.45	72.53	60.41	76.84	58.6	65.95	39.4	59.82	41.59	43.74	25.0	81.58	97.94	20.25	36.67	86.73	25.0	81.58	97.94	20.25	36.67	86.73	71.17	17.72	67.05	91.68
2	88.77	93.61	0.0	11.7	2.0	77.32	35.36	16.03	40.16	21.47	33.24	16.76	36.22	50.57	54.57	55.03	52.8	50.57	82.15	45.89	23.77	95.02	82.3	8.25	82.15	45.89	23.77	95.02	82.3	8.25	22.56	94.76	55.01	71.51
3	95.86	94.73	11.7	0.0	9.85	81.1	39.46	22.36	42.05	23.02	36.06	20.88	40.61	59.36	57.04	63.06	53.15	50.99	86.21	36.4	35.44	93.62	87.86	17.69	86.21	36.4	35.44	93.62	87.86	17.69	26.68	98.01	47.8	82.46
4	89.29	93.01	2.0	9.85	0.0	77.16	35.13	16.03	39.56	20.62	32.76	16.28	36.06	51.43	54.13	55.71	52.0	49.77	82.05	43.93	25.71	94.02	82.49	8.94	82.05	43.93	25.71	94.02	82.49	8.94	22.2	94.53	53.24	73.0
5	30.36	25.06	77.32	81.1	77.16	0.0	42.05	61.29	39.46	58.08	45.04	61.03	41.11	41.77	24.74	35.36	32.65	34.01	5.39	77.9	77.08	41.3	14.87	69.58	5.39	77.9	77.08	41.3	14.87	69.58	55.04	17.72	66.84	66.64
6	57.71	59.09	35.36	39.46	35.13	42.05	0.0	19.42	8.54	16.76	5.0	19.0	1.41	28.23	19.7	28.6	21.4	19.42	47.0	47.71	40.31	63.7	48.51	27.89	47.0	47.71	40.31	63.7	48.51	27.89	13.0	59.41	45.12	59.44
7	73.68	78.19	16.03	22.36	16.03	61.29	19.42	0.0	25.06	9.49	17.89	4.0	20.22	37.2	38.9	40.71	38.28	36.06	66.12	44.55	26.0	81.02	66.48	8.54	66.12	44.55	26.0	81.02	66.48	8.54	7.21	78.77	48.84	62.77
8	59.41	53.45	40.16	42.05	39.56	39.46	8.54	25.06	0.0	19.24	7.21	23.41	9.22	34.93	15.0	34.01	13.45	11.31	44.72	43.19	48.17	56.22	48.33	33.54	44.72	43.19	48.17	56.22	48.33	33.54	17.89	56.01	38.28	66.75
9	74.25	72.53	21.47	23.02	20.62	58.08	16.76	9.49	19.24	0.0	13.04	5.83	18.03	41.11	34.13	43.28	31.38	29.15	63.2	36.4	35.47	73.57	65.25	16.28	63.2	36.4	35.47	73.57	65.25	16.28	5.83	75.03	39.46	69.35
10	62.27	60.41	33.24	36.06	32.76	45.04	5.0	17.89	7.21	13.04	0.0	16.49	6.4	33.11	21.38	33.6	20.62	18.44	50.16	42.72	41.23	63.41	52.5	26.4	50.16	42.72	41.23	63.41	52.5	26.4	10.77	62.07	40.61	64.03
11	75.03	76.84	16.76	20.88	16.28	61.03	19.0	4.0	23.41	5.83	16.49	0.0	20.02	39.7	37.85	42.72	36.24	34.0	66.0	40.61	29.73	78.77	67.08	10.63	66.0	40.61	29.73	78.77	67.08	10.63	6.0	78.31	44.91	66.24
12	56.36	58.6	36.22	40.61	36.06	41.11	1.41	20.22	9.22	18.03	6.4	20.02	0.0	26.93	19.24	27.2	21.63	19.72	46.01	49.09	40.36	63.66	47.3	28.64	46.01	49.09	40.36	63.66	47.3	28.64	14.04	58.55	46.32	58.25
13	40.01	65.95	50.57	59.36	51.43	41.77	28.23	37.2	34.93	41.11	33.11	39.7	26.93	0.0	34.71	6.71	43.05	42.0	44.41	75.66	40.05	77.83	38.63	42.49	44.41	75.66	40.05	77.83	38.63	42.49	35.38	58.25	73.08	32.06
14	48.1	39.4	54.57	57.04	54.13	24.74	19.7	38.9	15.0	34.13	21.38	37.85	19.24	34.71	0.0	31.02	10.3	10.63	30.08	54.41	59.2	45.45	35.23	47.43	30.08	54.41	59.2	45.45	35.23	47.43	32.02	41.01	45.61	66.19
15	34.23	59.82	55.03	63.06	55.71	35.36	28.6	40.71	34.01	43.28	33.6	42.72	27.2	6.71	31.02	0.0	40.2	39.46	37.8	76.28	46.27	72.5	31.95	46.82	37.8	76.28	46.27	72.5	31.95	46.82	37.8	51.61	72.24	35.23
16	58.14	41.59	52.8	53.15	52.0	32.65	21.4	38.28	13.45	31.38	20.62	36.24	21.63	43.05	10.3	40.2	0.0	2.24	38.01	45.28	61.55	42.8	44.69	46.65	38.01	45.28	61.55	42.8	44.69	46.65	31.06	47.07	35.47	75.0
17	58.73	43.74	50.57	50.99	49.77	34.01	19.42	36.06	11.31	29.15	18.44	34.0	19.72	42.0	10.63	39.46	2.24	0.0	39.4	44.1	59.46	45.0	45.61	44.42	39.4	44.1	59.46	45.0	45.61	44.42	28.84	48.84	35.0	74.03
18	27.29	25.0	82.15	86.21	82.05	5.39	47.0	66.12	44.72	63.2	50.16	66.0	46.01	44.41	30.08	37.8	38.01	39.4	0.0	83.24	80.99	43.0	12.0	74.33	0.0	83.24	80.99	43.0	12.0	74.33	60.0	13.89	72.01	67.23
19	102.07	81.58	45.89	36.4	43.93	77.9	47.71	44.55	43.19	36.4	42.72	40.61	49.09	75.66	54.41	76.28	45.28	44.1	83.24	0.0	68.07	73.06	89.63	47.01	83.24	0.0	68.07	73.06	89.63	47.01	42.06	91.18	16.49	105.48
20	80.01	97.94	23.77	35.44	25.71	77.08	40.31	26.0	48.17	35.47	41.23	29.73	40.36	40.05	59.2	46.27	61.55	59.46	80.99	68.07	0.0	104.0	77.67	21.1	80.99	68.07	0.0	104.0	77.67	21.1	32.25	94.7	74.46	51.61
21	70.11	20.25	95.02	93.62	94.02	41.3	63.7	81.02	56.22	73.57	63.41	78.77	63.66	77.83	45.45	72.5	42.8	45.0	43.0	73.06	104.0	0.0	55.0	89.31	43.0	73.06	104.0	0.0	55.0	89.31	73.82	37.95	57.01	106.57
22	15.52	36.67	82.3	87.86	82.49	14.87	48.51	66.48	48.33	65.25	52.5	67.08	47.3	38.63	35.23	31.95	44.69	45.61	12.0	89.63	77.67	55.0	0.0	74.17	12.0	89.63	77.67	55.0	0.0	74.17	61.19	22.47	79.91	57.2
23	80.52	86.73	8.25	17.69	8.94	69.58	27.89	8.54	33.54	16.28	26.4	10.63	28.64	42.49	47.43	46.82	46.65	44.42	74.33	47.01	21.1	89.31	74.17	0.0	74.33	47.01	21.1	89.31	74.17	0.0	15.65	87.13	53.76	64.82
24	27.29	25.0	82.15	86.21	82.05	5.39	47.0	66.12	44.72	63.2	50.16	66.0	46.01	44.41	30.08	37.8	38.01	39.4	0.0	83.24	80.99	43.0	12.0	74.33	0.0	83.24	80.99	43.0	12.0	74.33	60.0	13.89	72.01	67.23
25	102.07	81.58	45.89	36.4	43.93	77.9	47.71	44.55	43.19	36.4	42.72	40.61	49.09	75.66	54.41	76.28	45.28	44.1	83.24	0.0	68.07	73.06	89.63	47.01	83.24	0.0	68.07	73.06	89.63	47.01	42.06	91.18	16.49	105.48
26	80.01	97.94	23.77	35.44	25.71	77.08	40.31	26.0	48.17	35.47	41.23	29.73	40.36	40.05	59.2	46.27	61.55	59.46	80.99	68.07	0.0	104.0	77.67	21.1	80.99	68.07	0.0	104.0	77.67	21.1	32.25	94.7	74.46	51.61
27	70.11	20.25	95.02	93.62	94.02	41.3	63.7	81.02	56.22	73.57	63.41	78.77	63.66	77.83	45.45	72.5	42.8	45.0	43.0	73.06	104.0	0.0	55.0	89.31	43.0	73.06	104.0	0.0	55.0	89.31	73.82	37.95	57.01	106.57
28	15.52	36.67	82.3	87.86	82.49	14.87	48.51	66.48	48.33	65.25	52.5	67.08	47.3	38.63	35.23	31.95	44.69	45.61	12.0	89.63	77.67	55.0	0.0	74.17	12.0	89.63	77.67	55.0	0.0	74.17	61.19	22.47	79.91	57.2
29	80.52	86.73	8.25	17.69	8.94	69.58	27.89	8.54	33.54	16.28	26.4	10.63	28.64	42.49	47.43	46.82	46.65	44.42	74.33	47.01	21.1	89.31	74.17	0.0	74.33	47.01	21.1	89.31	74.17	0.0	15.65	87.13	53.76	64.82
30	69.46	71.17	22.56	26.68	22.2	55.04	13.0	7.21	17.89	5.83	10.77	6.0	14.04	35.38	32.02	37.8	31.06	28.84	60.0	42.06	32.25	73.82	61.19	15.65	60.0	42.06	32.25	73.82	61.19	15.65	0.0	72.34	44.1	63.56
31	34.93	17.72	94.76	98.01	94.53	17.72	59.41	78.77	56.01	75.03	62.07	78.31	58.55	58.25	41.01	51.61	47.07	48.84	13.89	91.18	94.7	37.95	22.47	87.13	13.89	91.18	94.7	37.95	22.47	87.13	72.34	0.0	78.29	79.63
32	93.61	67.05	55.01	47.8	53.24	66.84	45.12	48.84	38.28	39.46	40.61	44.91	46.32	73.08	45.61	72.24	35.47	35.0	72.01	16.49	74.46	57.01	79.91	53.76	72.01	16.49	74.46	57.01	79.91	53.76	44.1	78.29	0.0	104.56
33	49.04	91.68	71.51	82.46	73.0	66.64	59.44	62.77	66.75	69.35	64.03	66.24	58.25	32.06	66.19	35.23	75.0	74.03	67.23	105.48	51.61	106.57	57.2	64.82	67.23	105.48	51.61	106.57	57.2	64.82	63.56	79.63	104.56	0.0
;
