set K:= 1	2	3;
set C_H:= 1	2	3	4	5;
set C_S:= 6	7	8	9;
set C_F:= 10	11	12	13;
set M:= 14	15;
set L_B:= 16	17	18	19	20	21	22;
set A1:=
(0,*) 1 2 3 4 5 10 11 12 13 14 15 16 17 18 19 20 21 22
(1,*) 0 2 3 4 5 10 11 12 13 14 15 16 17 18 19 20 21 22
(2,*) 0 1 3 4 5 10 11 12 13 14 15 16 17 18 19 20 21 22
(3,*) 0 1 2 4 5 10 11 12 13 14 15 16 17 18 19 20 21 22
(4,*) 0 1 2 3 5 10 11 12 13 14 15 16 17 18 19 20 21 22
(5,*) 0 1 2 3 4 10 11 12 13 14 15 16 17 18 19 20 21 22
(10,*) 0 1 2 3 4 5 11 12 13 14 15 16 17 18 19 20 21 22
(11,*) 0 1 2 3 4 5 10 12 13 14 15 16 17 18 19 20 21 22
(12,*) 0 1 2 3 4 5 10 11 13 14 15 16 17 18 19 20 21 22
(13,*) 0 1 2 3 4 5 10 11 12 14 15 16 17 18 19 20 21 22
(14,*) 0 1 2 3 4 5 10 11 12 13 15 16 17 18 19 20 21 22
(15,*) 0 1 2 3 4 5 10 11 12 13 14 16 17 18 19 20 21 22
(16,*) 0 1 2 3 4 5 10 11 12 13 14 15 17 18 19 20 21 22
(17,*) 0 1 2 3 4 5 10 11 12 13 14 15 16 18 19 20 21 22
(18,*) 0 1 2 3 4 5 10 11 12 13 14 15 16 17 19 20 21 22
(19,*) 0 1 2 3 4 5 10 11 12 13 14 15 16 17 18 20 21 22
(20,*) 0 1 2 3 4 5 10 11 12 13 14 15 16 17 18 19 21 22
(21,*) 0 1 2 3 4 5 10 11 12 13 14 15 16 17 18 19 20 22
(22,*) 0 1 2 3 4 5 10 11 12 13 14 15 16 17 18 19 20 21
;
set A2:=
(14,*) 15
(15,*) 14
;
param BigM:=99999;
param n:= 3;
param d:=
1	22
2	7
3	12
4	14
5	4
6	19
7	24
8	16
9	12
10	21
11	15
12	21
13	8
;
param Q:=100;
param w:=
[14,*] 15 0.5
[15,*] 14 0.5
;
param V:=
[14,*] 15 94
[15,*] 14 94
;
param e:
	14	15	16	17	18	19	20	21	22:=
6	1	0	0	0	0	0	0	0	0	
7	0	1	0	0	0	0	0	0	0	
8	0	0	1	0	0	0	0	0	0	
9	1	0	0	0	0	0	0	0	0	
10	1	0	0	0	0	0	0	0	0	
11	0	0	1	0	0	0	0	0	0	
12	0	0	1	0	0	0	0	0	0	
13	0	1	0	0	0	0	0	0	0	
;
param p:=
1	3
2	3
3	3
;
param G:=
14	94
15	81
16	88
17	79
18	76
19	73
20	92
21	76
22	73
;
param s:=
0	0
1	15
2	15
3	15
4	15
5	15
10	15
11	15
12	15
13	15
14	10
15	10
16	10
17	10
18	10
19	10
20	10
21	10
22	10
;
param t:
	0	1	2	3	4	5	6	7	8	9	10	11	12	13	14	15	16	17	18	19	20	21	22:=
0	0.0	81.74	54.57	64.03	16.28	84.17	34.93	73.82	88.14	51.88	77.88	84.86	28.84	36.24	64.94	61.19	20.81	83.49	13.0	62.8	46.1	26.17	25.46
1	81.74	0.0	36.88	109.59	84.15	23.35	97.29	110.94	26.02	66.89	77.47	54.63	97.87	56.44	106.17	31.14	68.01	55.46	79.4	87.42	49.77	56.75	63.39
2	54.57	36.88	0.0	101.91	63.06	52.77	80.71	107.2	56.82	65.74	86.59	74.24	78.29	21.38	100.12	7.07	36.01	74.11	48.01	86.45	46.62	28.79	46.75
3	64.03	109.59	101.91	0.0	47.8	97.12	30.07	12.08	99.2	43.08	48.84	75.01	38.0	92.44	5.39	106.08	81.02	73.01	76.92	26.0	60.21	77.39	55.61
4	16.28	84.15	63.06	47.8	0.0	82.0	19.42	57.56	85.62	40.36	65.19	76.61	15.26	48.1	48.66	68.94	34.41	75.0	29.12	47.8	40.5	34.67	21.1
5	84.17	23.35	52.77	97.12	82.0	0.0	91.02	96.25	4.24	54.34	58.26	32.45	93.54	68.01	92.97	49.04	75.6	33.6	85.44	72.62	42.19	63.01	61.13
6	34.93	97.29	80.71	30.07	19.42	91.02	0.0	41.11	94.13	40.5	60.31	78.55	8.25	67.21	32.14	86.09	53.82	76.69	47.93	38.42	49.04	53.15	34.93
7	73.82	110.94	107.2	12.08	57.56	96.25	41.11	0.0	97.86	44.2	43.05	71.02	49.25	99.74	9.0	110.75	89.49	69.05	86.49	23.71	62.97	84.53	62.18
8	88.14	26.02	56.82	99.2	85.62	4.24	94.13	97.86	0.0	56.72	58.82	31.89	96.88	72.25	94.92	52.92	79.81	33.24	89.59	74.33	45.54	67.2	64.85
9	51.88	66.89	65.74	43.08	40.36	54.34	40.5	44.2	56.72	0.0	26.25	38.08	45.65	63.51	39.36	68.26	58.42	36.25	61.03	21.26	19.42	49.04	28.64
10	77.88	77.47	86.59	48.84	65.19	58.26	60.31	43.05	58.82	26.25	0.0	28.79	67.18	88.0	43.57	87.6	84.34	26.93	87.28	23.77	41.11	74.24	54.82
11	84.86	54.63	74.24	75.01	76.61	32.45	78.55	71.02	31.89	38.08	28.79	0.0	83.63	82.54	70.06	73.01	84.22	2.0	90.8	49.01	39.2	72.01	59.41
12	28.84	97.87	78.29	38.0	15.26	93.54	8.25	49.25	96.88	45.65	67.18	83.63	0.0	63.13	40.31	84.1	48.84	81.84	41.68	46.04	51.35	49.93	34.53
13	36.24	56.44	21.38	92.44	48.1	68.01	67.21	99.74	72.25	63.51	88.0	82.54	63.13	0.0	91.71	28.44	15.81	81.91	27.46	82.01	47.1	15.23	37.7
14	64.94	106.17	100.12	5.39	48.66	92.97	32.14	9.0	94.92	39.36	43.57	70.06	40.31	91.71	0.0	104.0	80.99	68.07	77.67	21.1	57.2	76.54	54.38
15	61.19	31.14	7.07	106.08	68.94	49.04	86.09	110.75	52.92	68.26	87.6	73.01	84.1	28.44	104.0	0.0	43.0	73.06	55.0	89.31	48.88	35.17	51.61
16	20.81	68.01	36.01	81.02	34.41	75.6	53.82	89.49	79.81	58.42	84.34	84.22	48.84	15.81	80.99	43.0	0.0	83.24	12.0	74.33	45.69	12.73	30.02
17	83.49	55.46	74.11	73.01	75.0	33.6	76.69	69.05	33.24	36.25	26.93	2.0	81.84	81.91	68.07	73.06	83.24	0.0	89.63	47.01	38.01	71.11	58.05
18	13.0	79.4	48.01	76.92	29.12	85.44	47.93	86.49	89.59	61.03	87.28	90.8	41.68	27.46	77.67	55.0	12.0	89.63	0.0	74.17	51.61	22.85	32.7
19	62.8	87.42	86.45	26.0	47.8	72.62	38.42	23.71	74.33	21.26	23.77	49.01	46.04	82.01	21.1	89.31	74.33	47.01	74.17	0.0	40.61	66.94	44.72
20	46.1	49.77	46.62	60.21	40.5	42.19	49.04	62.97	45.54	19.42	41.11	39.2	51.35	47.1	57.2	48.88	45.69	38.01	51.61	40.61	0.0	34.21	20.81
21	26.17	56.75	28.79	77.39	34.67	63.01	53.15	84.53	67.2	49.04	74.24	72.01	49.93	15.23	76.54	35.17	12.73	71.11	22.85	66.94	34.21	0.0	22.47
22	25.46	63.39	46.75	55.61	21.1	61.13	34.93	62.18	64.85	28.64	54.82	59.41	34.53	37.7	54.38	51.61	30.02	58.05	32.7	44.72	20.81	22.47	0.0
;
