set K:= 1	2	3	4;
set C_H:= 1	2	3	4	5	6;
set C_S:= 7	8	9	10	11	12;
set C_F:= 13	14	15	16	17	18;
set M:= 19	20	21	22	23	24;
set M_B:= 25	26	27	28	29	30;
set L_B:= 31	32	33	34;
set A1:=
(0,*) 1 2 3 4 5 6 13 14 15 16 17 18 19 20 21 22 23 24 25 26 27 28 29 30 31 32 33 34
(1,*) 0 2 3 4 5 6 13 14 15 16 17 18 19 20 21 22 23 24 25 26 27 28 29 30 31 32 33 34
(2,*) 0 1 3 4 5 6 13 14 15 16 17 18 19 20 21 22 23 24 25 26 27 28 29 30 31 32 33 34
(3,*) 0 1 2 4 5 6 13 14 15 16 17 18 19 20 21 22 23 24 25 26 27 28 29 30 31 32 33 34
(4,*) 0 1 2 3 5 6 13 14 15 16 17 18 19 20 21 22 23 24 25 26 27 28 29 30 31 32 33 34
(5,*) 0 1 2 3 4 6 13 14 15 16 17 18 19 20 21 22 23 24 25 26 27 28 29 30 31 32 33 34
(6,*) 0 1 2 3 4 5 13 14 15 16 17 18 19 20 21 22 23 24 25 26 27 28 29 30 31 32 33 34
(13,*) 0 1 2 3 4 5 6 14 15 16 17 18 19 20 21 22 23 24 25 26 27 28 29 30 31 32 33 34
(14,*) 0 1 2 3 4 5 6 13 15 16 17 18 19 20 21 22 23 24 25 26 27 28 29 30 31 32 33 34
(15,*) 0 1 2 3 4 5 6 13 14 16 17 18 19 20 21 22 23 24 25 26 27 28 29 30 31 32 33 34
(16,*) 0 1 2 3 4 5 6 13 14 15 17 18 19 20 21 22 23 24 25 26 27 28 29 30 31 32 33 34
(17,*) 0 1 2 3 4 5 6 13 14 15 16 18 19 20 21 22 23 24 25 26 27 28 29 30 31 32 33 34
(18,*) 0 1 2 3 4 5 6 13 14 15 16 17 19 20 21 22 23 24 25 26 27 28 29 30 31 32 33 34
(19,*) 0 1 2 3 4 5 6 13 14 15 16 17 18 20 21 22 23 24 25 26 27 28 29 30 31 32 33 34
(20,*) 0 1 2 3 4 5 6 13 14 15 16 17 18 19 21 22 23 24 25 26 27 28 29 30 31 32 33 34
(21,*) 0 1 2 3 4 5 6 13 14 15 16 17 18 19 20 22 23 24 25 26 27 28 29 30 31 32 33 34
(22,*) 0 1 2 3 4 5 6 13 14 15 16 17 18 19 20 21 23 24 25 26 27 28 29 30 31 32 33 34
(23,*) 0 1 2 3 4 5 6 13 14 15 16 17 18 19 20 21 22 24 25 26 27 28 29 30 31 32 33 34
(24,*) 0 1 2 3 4 5 6 13 14 15 16 17 18 19 20 21 22 23 25 26 27 28 29 30 31 32 33 34
(25,*) 0 1 2 3 4 5 6 13 14 15 16 17 18 19 20 21 22 23 24 26 27 28 29 30 31 32 33 34
(26,*) 0 1 2 3 4 5 6 13 14 15 16 17 18 19 20 21 22 23 24 25 27 28 29 30 31 32 33 34
(27,*) 0 1 2 3 4 5 6 13 14 15 16 17 18 19 20 21 22 23 24 25 26 28 29 30 31 32 33 34
(28,*) 0 1 2 3 4 5 6 13 14 15 16 17 18 19 20 21 22 23 24 25 26 27 29 30 31 32 33 34
(29,*) 0 1 2 3 4 5 6 13 14 15 16 17 18 19 20 21 22 23 24 25 26 27 28 30 31 32 33 34
(30,*) 0 1 2 3 4 5 6 13 14 15 16 17 18 19 20 21 22 23 24 25 26 27 28 29 31 32 33 34
(31,*) 0 1 2 3 4 5 6 13 14 15 16 17 18 19 20 21 22 23 24 25 26 27 28 29 30 32 33 34
(32,*) 0 1 2 3 4 5 6 13 14 15 16 17 18 19 20 21 22 23 24 25 26 27 28 29 30 31 33 34
(33,*) 0 1 2 3 4 5 6 13 14 15 16 17 18 19 20 21 22 23 24 25 26 27 28 29 30 31 32 34
(34,*) 0 1 2 3 4 5 6 13 14 15 16 17 18 19 20 21 22 23 24 25 26 27 28 29 30 31 32 33
;
set A2:=
(19,*) 20
(20,*) 19
(21,*) 22
(22,*) 21
(23,*) 24
(24,*) 23
;
param BigM:=99999;
param n:= 4;
param d:=
1	2
2	4
3	24
4	16
5	14
6	11
7	12
8	6
9	5
10	5
11	11
12	23
13	7
14	13
15	12
16	9
17	23
18	9
;
param Q:=100;
param w:=
[19,*] 20 0.1
[20,*] 19 0.1
[21,*] 22 0.1
[22,*] 21 0.1
[23,*] 24 0.1
[24,*] 23 0.1
;
param V:=
[19,*] 20 96
[20,*] 19 96
[21,*] 22 87
[22,*] 21 87
[23,*] 24 83
[24,*] 23 83
;
param e:
	19	20	21	22	23	24	25	26	27	28	29	30	31	32	33	34:=
7		1		0		0		0		1		0		1		0		0		0		1		0		0		0		0		0	
8		0		1		0		0		0		1		0		1		0		0		0		1		0		0		1		0	
9		1		0		0		1		0		0		1		0		0		1		0		0		0		1		0		0	
10		1		0		0		0		1		0		1		0		0		0		1		0		0		1		0		0	
11		1		0		0		0		1		0		1		0		0		0		1		0		0		1		0		0	
12		1		0		0		1		0		0		1		0		0		1		0		0		0		1		0		0	
13		1		0		0		1		0		0		1		0		0		1		0		0		0		1		0		0	
14		1		0		0		0		1		0		1		0		0		0		1		0		0		1		0		0	
15		1		0		0		0		1		0		1		0		0		0		1		0		0		1		0		0	
16		0		0		1		0		0		1		0		0		1		0		0		1		1		0		0		1	
17		0		0		1		0		0		1		0		0		1		0		0		1		1		0		0		1	
18		0		0		1		0		0		1		0		0		1		0		0		1		1		0		0		1	
;
param p:=
1	3
2	3
3	3
4	3
;
param G:=
19	79
20	96
21	87
22	77
23	83
24	78
25	79
26	96
27	87
28	77
29	83
30	78
31	84
32	80
33	85
34	74
;
param s:=
0	0
1	10
2	10
3	10
4	10
5	10
6	10
13	10
14	10
15	10
16	10
17	10
18	10
19	10
20	10
21	10
22	10
23	10
24	10
25	10
26	10
27	10
28	10
29	10
30	10
31	10
32	10
33	10
34	10
;
param t:
	0	1	2	3	4	5	6	7	8	9	10	11	12	13	14	15	16	17	18	19	20	21	22	23	24	25	26	27	28	29	30	31	32	33	34:=
0	0.0	66.6	72.42	34.23	56.36	65.12	62.27	22.2	103.08	47.54	41.23	41.23	51.09	56.01	39.81	30.36	74.25	75.03	95.86	27.29	102.07	80.01	70.11	15.52	80.52	27.29	102.07	80.01	70.11	15.52	80.52	61.61	54.41	103.25	66.76
1	66.6	0.0	9.22	43.08	18.0	34.93	13.6	44.55	39.81	38.05	40.2	40.2	53.46	52.39	33.96	43.66	20.81	26.25	41.48	49.04	35.47	54.08	52.84	54.38	36.88	49.04	35.47	54.08	52.84	54.38	36.88	31.62	34.93	37.2	28.65
2	72.42	9.22	0.0	45.49	18.36	30.41	12.08	50.22	31.62	47.17	49.04	49.04	62.65	61.61	42.43	51.66	12.81	18.6	32.28	57.01	30.81	47.85	61.72	61.27	29.07	57.01	30.81	47.85	61.72	61.27	29.07	28.02	44.15	34.54	23.54
3	34.23	43.08	45.49	0.0	27.2	31.05	33.6	18.36	73.0	47.41	43.27	43.27	59.82	62.68	36.24	35.36	43.28	42.72	63.06	37.8	76.28	46.27	72.5	31.95	46.82	37.8	76.28	46.27	72.5	31.95	46.82	27.86	51.26	79.65	33.54
4	56.36	18.0	18.36	27.2	0.0	19.8	6.4	34.54	46.87	42.94	42.38	42.38	58.6	59.17	34.48	41.11	18.03	20.02	40.61	46.01	49.09	40.36	63.66	47.3	28.64	46.01	49.09	40.36	63.66	47.3	28.64	15.62	42.8	52.8	15.65
5	65.12	34.93	30.41	31.05	19.8	0.0	21.47	46.01	47.17	62.13	60.83	60.83	77.52	78.49	52.77	57.57	20.22	16.16	33.42	61.85	56.52	20.62	83.45	60.07	16.12	61.85	56.52	20.62	83.45	60.07	16.12	4.47	62.48	62.51	7.0
6	62.27	13.6	12.08	33.6	6.4	21.47	0.0	40.25	40.82	44.6	44.91	44.91	60.41	60.42	37.34	45.04	13.04	16.49	36.06	50.16	42.72	41.23	63.41	52.5	26.4	50.16	42.72	41.23	63.41	52.5	26.4	18.03	43.42	46.62	15.62
7	22.2	44.55	50.22	18.36	34.54	46.01	40.25	0.0	81.01	33.54	28.16	28.16	43.42	47.01	23.02	18.36	52.55	53.85	74.73	19.8	79.98	63.56	58.69	14.14	60.41	19.8	79.98	63.56	58.69	14.14	60.41	42.01	39.05	81.47	46.39
8	103.08	39.81	31.62	73.0	46.87	47.17	40.82	81.01	0.0	77.23	79.91	79.91	92.01	90.09	73.76	83.24	29.73	31.4	19.03	88.6	19.21	53.76	86.88	92.7	33.84	88.6	19.21	53.76	86.88	92.7	33.84	47.8	73.0	27.8	41.4
9	47.54	38.05	47.17	47.41	42.94	62.13	44.6	33.54	77.23	0.0	6.32	6.32	15.81	16.4	11.18	17.26	56.75	61.03	79.08	20.62	68.31	82.66	25.3	32.02	70.94	20.62	68.31	82.66	25.3	32.02	70.94	57.69	7.21	66.21	58.59
10	41.23	40.2	49.04	43.27	42.38	60.83	44.91	28.16	79.91	6.32	0.0	0.0	17.03	19.42	8.06	11.05	57.56	61.39	80.31	14.32	72.24	81.12	30.59	25.71	70.88	14.32	72.24	81.12	30.59	25.71	70.88	56.36	13.42	70.71	57.94
11	41.23	40.2	49.04	43.27	42.38	60.83	44.91	28.16	79.91	6.32	0.0	0.0	17.03	19.42	8.06	11.05	57.56	61.39	80.31	14.32	72.24	81.12	30.59	25.71	70.88	14.32	72.24	81.12	30.59	25.71	70.88	56.36	13.42	70.71	57.94
12	51.09	53.46	62.65	59.82	58.6	77.52	60.41	43.42	92.01	15.81	17.03	17.03	0.0	5.39	25.0	25.06	72.53	76.84	94.73	25.0	81.58	97.94	20.25	36.67	86.73	25.0	81.58	97.94	20.25	36.67	86.73	73.06	19.03	78.45	74.25
13	56.01	52.39	61.61	62.68	59.17	78.49	60.42	47.01	90.09	16.4	19.42	19.42	5.39	0.0	26.91	28.79	72.11	76.69	93.86	29.43	78.77	99.05	14.87	41.3	86.82	29.43	78.77	99.05	14.87	41.3	86.82	74.06	17.46	75.19	74.79
14	39.81	33.96	42.43	36.24	34.48	52.77	37.34	23.02	73.76	11.18	8.06	8.06	25.0	26.91	0.0	10.63	50.16	53.76	73.06	15.81	67.54	73.06	36.4	24.7	63.06	15.81	67.54	73.06	36.4	24.7	63.06	48.3	16.03	66.85	49.98
15	30.36	43.66	51.66	35.36	41.11	57.57	45.04	18.36	83.24	17.26	11.05	11.05	25.06	28.79	10.63	0.0	58.08	61.03	81.1	5.39	77.9	77.08	41.3	14.87	69.58	5.39	77.9	77.08	41.3	14.87	69.58	53.16	24.04	77.42	55.9
16	74.25	20.81	12.81	43.28	18.03	20.22	13.04	52.55	29.73	56.75	57.56	57.56	72.53	72.11	50.16	58.08	0.0	5.83	23.02	63.2	36.4	35.47	73.57	65.25	16.28	63.2	36.4	35.47	73.57	65.25	16.28	19.31	54.78	42.3	13.34
17	75.03	26.25	18.6	42.72	20.02	16.16	16.49	53.85	31.4	61.03	61.39	61.39	76.84	76.69	53.76	61.03	5.83	0.0	20.88	66.0	40.61	29.73	78.77	67.08	10.63	66.0	40.61	29.73	78.77	67.08	10.63	16.4	59.51	47.04	10.0
18	95.86	41.48	32.28	63.06	40.61	33.42	36.06	74.73	19.03	79.08	80.31	80.31	94.73	93.86	73.06	81.1	23.02	20.88	0.0	86.21	36.4	35.44	93.62	87.86	17.69	86.21	36.4	35.44	93.62	87.86	17.69	35.51	76.4	44.78	29.53
19	27.29	49.04	57.01	37.8	46.01	61.85	50.16	19.8	88.6	20.62	14.32	14.32	25.0	29.43	15.81	5.39	63.2	66.0	86.21	0.0	83.24	80.99	43.0	12.0	74.33	0.0	83.24	80.99	43.0	12.0	74.33	57.49	27.73	82.66	60.53
20	102.07	35.47	30.81	76.28	49.09	56.52	42.72	79.98	19.21	68.31	72.24	72.24	81.58	78.77	67.54	77.9	36.4	40.61	36.4	83.24	0.0	68.07	73.06	89.63	47.01	83.24	0.0	68.07	73.06	89.63	47.01	55.66	62.82	8.6	49.73
21	80.01	54.08	47.85	46.27	40.36	20.62	41.23	63.56	53.76	82.66	81.12	81.12	97.94	99.05	73.06	77.08	35.47	29.73	35.44	80.99	68.07	0.0	104.0	77.67	21.1	80.99	68.07	0.0	104.0	77.67	21.1	25.0	83.1	75.43	25.61
22	70.11	52.84	61.72	72.5	63.66	83.45	63.41	58.69	86.88	25.3	30.59	30.59	20.25	14.87	36.4	41.3	73.57	78.77	93.62	43.0	73.06	104.0	0.0	55.0	89.31	43.0	73.06	104.0	0.0	55.0	89.31	79.2	21.63	68.12	78.75
23	15.52	54.38	61.27	31.95	47.3	60.07	52.5	14.14	92.7	32.02	25.71	25.71	36.67	41.3	24.7	14.87	65.25	67.08	87.86	12.0	89.63	77.67	55.0	0.0	74.17	12.0	89.63	77.67	55.0	0.0	74.17	56.01	38.9	90.03	60.13
24	80.52	36.88	29.07	46.82	28.64	16.12	26.4	60.41	33.84	70.94	70.88	70.88	86.73	86.82	63.06	69.58	16.28	10.63	17.69	74.33	47.01	21.1	89.31	74.17	0.0	74.33	47.01	21.1	89.31	74.17	0.0	18.97	69.77	54.33	14.04
25	27.29	49.04	57.01	37.8	46.01	61.85	50.16	19.8	88.6	20.62	14.32	14.32	25.0	29.43	15.81	5.39	63.2	66.0	86.21	0.0	83.24	80.99	43.0	12.0	74.33	0.0	83.24	80.99	43.0	12.0	74.33	57.49	27.73	82.66	60.53
26	102.07	35.47	30.81	76.28	49.09	56.52	42.72	79.98	19.21	68.31	72.24	72.24	81.58	78.77	67.54	77.9	36.4	40.61	36.4	83.24	0.0	68.07	73.06	89.63	47.01	83.24	0.0	68.07	73.06	89.63	47.01	55.66	62.82	8.6	49.73
27	80.01	54.08	47.85	46.27	40.36	20.62	41.23	63.56	53.76	82.66	81.12	81.12	97.94	99.05	73.06	77.08	35.47	29.73	35.44	80.99	68.07	0.0	104.0	77.67	21.1	80.99	68.07	0.0	104.0	77.67	21.1	25.0	83.1	75.43	25.61
28	70.11	52.84	61.72	72.5	63.66	83.45	63.41	58.69	86.88	25.3	30.59	30.59	20.25	14.87	36.4	41.3	73.57	78.77	93.62	43.0	73.06	104.0	0.0	55.0	89.31	43.0	73.06	104.0	0.0	55.0	89.31	79.2	21.63	68.12	78.75
29	15.52	54.38	61.27	31.95	47.3	60.07	52.5	14.14	92.7	32.02	25.71	25.71	36.67	41.3	24.7	14.87	65.25	67.08	87.86	12.0	89.63	77.67	55.0	0.0	74.17	12.0	89.63	77.67	55.0	0.0	74.17	56.01	38.9	90.03	60.13
30	80.52	36.88	29.07	46.82	28.64	16.12	26.4	60.41	33.84	70.94	70.88	70.88	86.73	86.82	63.06	69.58	16.28	10.63	17.69	74.33	47.01	21.1	89.31	74.17	0.0	74.33	47.01	21.1	89.31	74.17	0.0	18.97	69.77	54.33	14.04
31	61.61	31.62	28.02	27.86	15.62	4.47	18.03	42.01	47.8	57.69	56.36	56.36	73.06	74.06	48.3	53.16	19.31	16.4	35.51	57.49	55.66	25.0	79.2	56.01	18.97	57.49	55.66	25.0	79.2	56.01	18.97	0.0	58.14	61.19	6.4
32	54.41	34.93	44.15	51.26	42.8	62.48	43.42	39.05	73.0	7.21	13.42	13.42	19.03	17.46	16.03	24.04	54.78	59.51	76.4	27.73	62.82	83.1	21.63	38.9	69.77	27.73	62.82	83.1	21.63	38.9	69.77	58.14	0.0	60.17	58.25
33	103.25	37.2	34.54	79.65	52.8	62.51	46.62	81.47	27.8	66.21	70.71	70.71	78.45	75.19	66.85	77.42	42.3	47.04	44.78	82.66	8.6	75.43	68.12	90.03	54.33	82.66	8.6	75.43	68.12	90.03	54.33	61.19	60.17	0.0	55.58
34	66.76	28.65	23.54	33.54	15.65	7.0	15.62	46.39	41.4	58.59	57.94	57.94	74.25	74.79	49.98	55.9	13.34	10.0	29.53	60.53	49.73	25.61	78.75	60.13	14.04	60.53	49.73	25.61	78.75	60.13	14.04	6.4	58.25	55.58	0.0
;
