set K:= 1	2	3	4;
set C_H:= 1	2	3	4	5	6;
set C_S:= 7	8	9	10	11;
set C_F:= 12	13	14	15	16;
set M:= 17	18	19	20	21	22;
set M_B:= 23	24	25	26	27	28;
set L_B:= 29	30	31	32;
set A1:=
(0,*) 1 2 3 4 5 6 12 13 14 15 16 17 18 19 20 21 22 23 24 25 26 27 28 29 30 31 32
(1,*) 0 2 3 4 5 6 12 13 14 15 16 17 18 19 20 21 22 23 24 25 26 27 28 29 30 31 32
(2,*) 0 1 3 4 5 6 12 13 14 15 16 17 18 19 20 21 22 23 24 25 26 27 28 29 30 31 32
(3,*) 0 1 2 4 5 6 12 13 14 15 16 17 18 19 20 21 22 23 24 25 26 27 28 29 30 31 32
(4,*) 0 1 2 3 5 6 12 13 14 15 16 17 18 19 20 21 22 23 24 25 26 27 28 29 30 31 32
(5,*) 0 1 2 3 4 6 12 13 14 15 16 17 18 19 20 21 22 23 24 25 26 27 28 29 30 31 32
(6,*) 0 1 2 3 4 5 12 13 14 15 16 17 18 19 20 21 22 23 24 25 26 27 28 29 30 31 32
(12,*) 0 1 2 3 4 5 6 13 14 15 16 17 18 19 20 21 22 23 24 25 26 27 28 29 30 31 32
(13,*) 0 1 2 3 4 5 6 12 14 15 16 17 18 19 20 21 22 23 24 25 26 27 28 29 30 31 32
(14,*) 0 1 2 3 4 5 6 12 13 15 16 17 18 19 20 21 22 23 24 25 26 27 28 29 30 31 32
(15,*) 0 1 2 3 4 5 6 12 13 14 16 17 18 19 20 21 22 23 24 25 26 27 28 29 30 31 32
(16,*) 0 1 2 3 4 5 6 12 13 14 15 17 18 19 20 21 22 23 24 25 26 27 28 29 30 31 32
(17,*) 0 1 2 3 4 5 6 12 13 14 15 16 18 19 20 21 22 23 24 25 26 27 28 29 30 31 32
(18,*) 0 1 2 3 4 5 6 12 13 14 15 16 17 19 20 21 22 23 24 25 26 27 28 29 30 31 32
(19,*) 0 1 2 3 4 5 6 12 13 14 15 16 17 18 20 21 22 23 24 25 26 27 28 29 30 31 32
(20,*) 0 1 2 3 4 5 6 12 13 14 15 16 17 18 19 21 22 23 24 25 26 27 28 29 30 31 32
(21,*) 0 1 2 3 4 5 6 12 13 14 15 16 17 18 19 20 22 23 24 25 26 27 28 29 30 31 32
(22,*) 0 1 2 3 4 5 6 12 13 14 15 16 17 18 19 20 21 23 24 25 26 27 28 29 30 31 32
(23,*) 0 1 2 3 4 5 6 12 13 14 15 16 17 18 19 20 21 22 24 25 26 27 28 29 30 31 32
(24,*) 0 1 2 3 4 5 6 12 13 14 15 16 17 18 19 20 21 22 23 25 26 27 28 29 30 31 32
(25,*) 0 1 2 3 4 5 6 12 13 14 15 16 17 18 19 20 21 22 23 24 26 27 28 29 30 31 32
(26,*) 0 1 2 3 4 5 6 12 13 14 15 16 17 18 19 20 21 22 23 24 25 27 28 29 30 31 32
(27,*) 0 1 2 3 4 5 6 12 13 14 15 16 17 18 19 20 21 22 23 24 25 26 28 29 30 31 32
(28,*) 0 1 2 3 4 5 6 12 13 14 15 16 17 18 19 20 21 22 23 24 25 26 27 29 30 31 32
(29,*) 0 1 2 3 4 5 6 12 13 14 15 16 17 18 19 20 21 22 23 24 25 26 27 28 30 31 32
(30,*) 0 1 2 3 4 5 6 12 13 14 15 16 17 18 19 20 21 22 23 24 25 26 27 28 29 31 32
(31,*) 0 1 2 3 4 5 6 12 13 14 15 16 17 18 19 20 21 22 23 24 25 26 27 28 29 30 32
(32,*) 0 1 2 3 4 5 6 12 13 14 15 16 17 18 19 20 21 22 23 24 25 26 27 28 29 30 31
;
set A2:=
(17,*) 18
(18,*) 17
(19,*) 20
(20,*) 19
(21,*) 22
(22,*) 21
;
param BigM:=99999;
param n:= 4;
param d:=
1	24
2	16
3	14
4	11
5	12
6	6
7	5
8	5
9	11
10	23
11	7
12	13
13	12
14	9
15	23
16	9
;
param Q:=100;
param w:=
[17,*] 18 0.1
[18,*] 17 0.1
[19,*] 20 0.1
[20,*] 19 0.1
[21,*] 22 0.1
[22,*] 21 0.1
;
param V:=
[17,*] 18 80
[18,*] 17 80
[19,*] 20 84
[20,*] 19 84
[21,*] 22 89
[22,*] 21 89
;
param e:
	17	18	19	20	21	22	23	24	25	26	27	28	29	30	31	32:=
7		1		0		0		1		0		0		1		0		0		1		0		0		0		1		0		0	
8		1		0		0		0		1		0		1		0		0		0		1		0		0		1		0		0	
9		1		0		0		0		1		0		1		0		0		0		1		0		0		1		0		0	
10		1		0		0		1		0		0		1		0		0		1		0		0		0		1		0		0	
11		1		0		0		1		0		0		1		0		0		1		0		0		0		1		0		0	
12		1		0		0		0		1		0		1		0		0		0		1		0		0		1		0		0	
13		1		0		0		0		1		0		1		0		0		0		1		0		0		1		0		0	
14		0		0		1		0		0		1		0		0		1		0		0		1		1		0		0		1	
15		0		0		1		0		0		1		0		0		1		0		0		1		1		0		0		1	
16		0		0		1		0		0		1		0		0		1		0		0		1		1		0		0		1	
;
param p:=
1	3
2	3
3	3
4	3
;
param G:=
17	79
18	80
19	84
20	78
21	89
22	86
23	79
24	80
25	84
26	78
27	89
28	86
29	93
30	91
31	70
32	86
;
param s:=
0	0
1	10
2	10
3	10
4	10
5	10
6	10
12	10
13	10
14	10
15	10
16	10
17	10
18	10
19	10
20	10
21	10
22	10
23	10
24	10
25	10
26	10
27	10
28	10
29	10
30	10
31	10
32	10
;
param t:
	0	1	2	3	4	5	6	7	8	9	10	11	12	13	14	15	16	17	18	19	20	21	22	23	24	25	26	27	28	29	30	31	32:=
0	0.0	34.23	56.36	65.12	62.27	22.2	103.08	47.54	41.23	41.23	51.09	56.01	39.81	30.36	74.25	75.03	95.86	27.29	102.07	80.01	70.11	15.52	80.52	27.29	102.07	80.01	70.11	15.52	80.52	65.46	47.17	98.08	86.35
1	34.23	0.0	27.2	31.05	33.6	18.36	73.0	47.41	43.27	43.27	59.82	62.68	36.24	35.36	43.28	42.72	63.06	37.8	76.28	46.27	72.5	31.95	46.82	37.8	76.28	46.27	72.5	31.95	46.82	32.76	43.46	77.25	52.5
2	56.36	27.2	0.0	19.8	6.4	34.54	46.87	42.94	42.38	42.38	58.6	59.17	34.48	41.11	18.03	20.02	40.61	46.01	49.09	40.36	63.66	47.3	28.64	46.01	49.09	40.36	63.66	47.3	28.64	13.0	37.59	51.42	34.53
3	65.12	31.05	19.8	0.0	21.47	46.01	47.17	62.13	60.83	60.83	77.52	78.49	52.77	57.57	20.22	16.16	33.42	61.85	56.52	20.62	83.45	60.07	16.12	61.85	56.52	20.62	83.45	60.07	16.12	9.22	56.86	64.03	21.54
4	62.27	33.6	6.4	21.47	0.0	40.25	40.82	44.6	44.91	44.91	60.41	60.42	37.34	45.04	13.04	16.49	36.06	50.16	42.72	41.23	63.41	52.5	26.4	50.16	42.72	41.23	63.41	52.5	26.4	12.81	39.22	45.71	31.95
5	22.2	18.36	34.54	46.01	40.25	0.0	81.01	33.54	28.16	28.16	43.42	47.01	23.02	18.36	52.55	53.85	74.73	19.8	79.98	63.56	58.69	14.14	60.41	19.8	79.98	63.56	58.69	14.14	60.41	44.72	31.02	76.84	66.37
6	103.08	73.0	46.87	47.17	40.82	81.01	0.0	77.23	79.91	79.91	92.01	90.09	73.76	83.24	29.73	31.4	19.03	88.6	19.21	53.76	86.88	92.7	33.84	88.6	19.21	53.76	86.88	92.7	33.84	41.11	72.44	36.12	32.39
7	47.54	47.41	42.94	62.13	44.6	33.54	77.23	0.0	6.32	6.32	15.81	16.4	11.18	17.26	56.75	61.03	79.08	20.62	68.31	82.66	25.3	32.02	70.94	20.62	68.31	82.66	25.3	32.02	70.94	55.9	5.39	58.31	76.55
8	41.23	43.27	42.38	60.83	44.91	28.16	79.91	6.32	0.0	0.0	17.03	19.42	8.06	11.05	57.56	61.39	80.31	14.32	72.24	81.12	30.59	25.71	70.88	14.32	72.24	81.12	30.59	25.71	70.88	55.36	8.06	63.25	76.66
9	41.23	43.27	42.38	60.83	44.91	28.16	79.91	6.32	0.0	0.0	17.03	19.42	8.06	11.05	57.56	61.39	80.31	14.32	72.24	81.12	30.59	25.71	70.88	14.32	72.24	81.12	30.59	25.71	70.88	55.36	8.06	63.25	76.66
10	51.09	59.82	58.6	77.52	60.41	43.42	92.01	15.81	17.03	17.03	0.0	5.39	25.0	25.06	72.53	76.84	94.73	25.0	81.58	97.94	20.25	36.67	86.73	25.0	81.58	97.94	20.25	36.67	86.73	71.59	21.19	69.64	92.36
11	56.01	62.68	59.17	78.49	60.42	47.01	90.09	16.4	19.42	19.42	5.39	0.0	26.91	28.79	72.11	76.69	93.86	29.43	78.77	99.05	14.87	41.3	86.82	29.43	78.77	99.05	14.87	41.3	86.82	72.07	21.63	66.1	92.31
12	39.81	36.24	34.48	52.77	37.34	23.02	73.76	11.18	8.06	8.06	25.0	26.91	0.0	10.63	50.16	53.76	73.06	15.81	67.54	73.06	36.4	24.7	63.06	15.81	67.54	73.06	36.4	24.7	63.06	47.43	8.0	60.21	68.88
13	30.36	35.36	41.11	57.57	45.04	18.36	83.24	17.26	11.05	11.05	25.06	28.79	10.63	0.0	58.08	61.03	81.1	5.39	77.9	77.08	41.3	14.87	69.58	5.39	77.9	77.08	41.3	14.87	69.58	53.6	17.0	70.84	75.54
14	74.25	43.28	18.03	20.22	13.04	52.55	29.73	56.75	57.56	57.56	72.53	72.11	50.16	58.08	0.0	5.83	23.02	63.2	36.4	35.47	73.57	65.25	16.28	63.2	36.4	35.47	73.57	65.25	16.28	12.08	51.42	44.28	20.81
15	75.03	42.72	20.02	16.16	16.49	53.85	31.4	61.03	61.39	61.39	76.84	76.69	53.76	61.03	5.83	0.0	20.88	66.0	40.61	29.73	78.77	67.08	10.63	66.0	40.61	29.73	78.77	67.08	10.63	10.0	55.66	49.65	15.65
16	95.86	63.06	40.61	33.42	36.06	74.73	19.03	79.08	80.31	80.31	94.73	93.86	73.06	81.1	23.02	20.88	0.0	86.21	36.4	35.44	93.62	87.86	17.69	86.21	36.4	35.44	93.62	87.86	17.69	30.46	73.82	51.31	14.32
17	27.29	37.8	46.01	61.85	50.16	19.8	88.6	20.62	14.32	14.32	25.0	29.43	15.81	5.39	63.2	66.0	86.21	0.0	83.24	80.99	43.0	12.0	74.33	0.0	83.24	80.99	43.0	12.0	74.33	58.31	21.4	75.93	80.31
18	102.07	76.28	49.09	56.52	42.72	79.98	19.21	68.31	72.24	72.24	81.58	78.77	67.54	77.9	36.4	40.61	36.4	83.24	0.0	68.07	73.06	89.63	47.01	83.24	0.0	68.07	73.06	89.63	47.01	48.38	64.26	17.49	47.52
19	80.01	46.27	40.36	20.62	41.23	63.56	53.76	82.66	81.12	81.12	97.94	99.05	73.06	77.08	35.47	29.73	35.44	80.99	68.07	0.0	104.0	77.67	21.1	80.99	68.07	0.0	104.0	77.67	21.1	28.43	77.42	79.08	21.38
20	70.11	72.5	63.66	83.45	63.41	58.69	86.88	25.3	30.59	30.59	20.25	14.87	36.4	41.3	73.57	78.77	93.62	43.0	73.06	104.0	0.0	55.0	89.31	43.0	73.06	104.0	0.0	55.0	89.31	75.93	29.07	58.31	94.34
21	15.52	31.95	47.3	60.07	52.5	14.14	92.7	32.02	25.71	25.71	36.67	41.3	24.7	14.87	65.25	67.08	87.86	12.0	89.63	77.67	55.0	0.0	74.17	12.0	89.63	77.67	55.0	0.0	74.17	58.31	31.78	84.17	80.16
22	80.52	46.82	28.64	16.12	26.4	60.41	33.84	70.94	70.88	70.88	86.73	86.82	63.06	69.58	16.28	10.63	17.69	74.33	47.01	21.1	89.31	74.17	0.0	74.33	47.01	21.1	89.31	74.17	0.0	16.03	65.55	58.24	6.0
23	27.29	37.8	46.01	61.85	50.16	19.8	88.6	20.62	14.32	14.32	25.0	29.43	15.81	5.39	63.2	66.0	86.21	0.0	83.24	80.99	43.0	12.0	74.33	0.0	83.24	80.99	43.0	12.0	74.33	58.31	21.4	75.93	80.31
24	102.07	76.28	49.09	56.52	42.72	79.98	19.21	68.31	72.24	72.24	81.58	78.77	67.54	77.9	36.4	40.61	36.4	83.24	0.0	68.07	73.06	89.63	47.01	83.24	0.0	68.07	73.06	89.63	47.01	48.38	64.26	17.49	47.52
25	80.01	46.27	40.36	20.62	41.23	63.56	53.76	82.66	81.12	81.12	97.94	99.05	73.06	77.08	35.47	29.73	35.44	80.99	68.07	0.0	104.0	77.67	21.1	80.99	68.07	0.0	104.0	77.67	21.1	28.43	77.42	79.08	21.38
26	70.11	72.5	63.66	83.45	63.41	58.69	86.88	25.3	30.59	30.59	20.25	14.87	36.4	41.3	73.57	78.77	93.62	43.0	73.06	104.0	0.0	55.0	89.31	43.0	73.06	104.0	0.0	55.0	89.31	75.93	29.07	58.31	94.34
27	15.52	31.95	47.3	60.07	52.5	14.14	92.7	32.02	25.71	25.71	36.67	41.3	24.7	14.87	65.25	67.08	87.86	12.0	89.63	77.67	55.0	0.0	74.17	12.0	89.63	77.67	55.0	0.0	74.17	58.31	31.78	84.17	80.16
28	80.52	46.82	28.64	16.12	26.4	60.41	33.84	70.94	70.88	70.88	86.73	86.82	63.06	69.58	16.28	10.63	17.69	74.33	47.01	21.1	89.31	74.17	0.0	74.33	47.01	21.1	89.31	74.17	0.0	16.03	65.55	58.24	6.0
29	65.46	32.76	13.0	9.22	12.81	44.72	41.11	55.9	55.36	55.36	71.59	72.07	47.43	53.6	12.08	10.0	30.46	58.31	48.38	28.43	75.93	58.31	16.03	58.31	48.38	28.43	75.93	58.31	16.03	0.0	50.54	55.0	22.02
30	47.17	43.46	37.59	56.86	39.22	31.02	72.44	5.39	8.06	8.06	21.19	21.63	8.0	17.0	51.42	55.66	73.82	21.4	64.26	77.42	29.07	31.78	65.55	21.4	64.26	77.42	29.07	31.78	65.55	50.54	0.0	55.22	71.17
31	98.08	77.25	51.42	64.03	45.71	76.84	36.12	58.31	63.25	63.25	69.64	66.1	60.21	70.84	44.28	49.65	51.31	75.93	17.49	79.08	58.31	84.17	58.24	75.93	17.49	79.08	58.31	84.17	58.24	55.0	55.22	0.0	60.17
32	86.35	52.5	34.53	21.54	31.95	66.37	32.39	76.55	76.66	76.66	92.36	92.31	68.88	75.54	20.81	15.65	14.32	80.31	47.52	21.38	94.34	80.16	6.0	80.31	47.52	21.38	94.34	80.16	6.0	22.02	71.17	60.17	0.0
;
