vehicles
vehicle_idx, capacity, cost_per_unit_distance
1,100,3
2,100,3
3,100,3
depot
node_idx,x,y
0,82,76
home delivery customers
node_idx,x,y,service_time,demand
1,96,44,10,19
2,3,82,10,8
3,19,32,10,1
4,13,7,10,19
5,88,51,10,18
self pickup customers
node_idx,x,y,service_time,demand,locker_idxs
6,50,5,10,21,20-17-14
7,98,5,10,9,19-14-17
8,14,24,10,6,19-17
9,20,70,10,2,19-15-16
flexible customers
node_idx,x,y,service_time,demand,locker_idxs
10,50,93,10,8,20-16
11,2,39,10,16,18-17
12,29,89,10,7,18-15-16
13,98,14,10,12,19-14-17
lockers
node_idx,x,y,service_time,capacity,cost_per_unit_good
14,93,12,10,70
15,22,88,10,97
16,65,88,10,99
17,25,15,10,85
18,53,40,10,87
19,38,55,10,92
20,76,67,10,89
mrt lines
start_node_idx,end_node_idx,freight_capacity,cost_per_unit_good
14,15,97,0.5
15,14,97,0.5
16,17,99,0.5
17,16,99,0.5
distance matrix
,0,1,2,3,4,5,6,7,8,9,10,11,12,13,14,15,16,17,18,19,20,
0,0.0,34.93,79.23,76.84,97.58,25.71,77.88,72.78,85.6,62.29,36.24,88.14,54.57,64.03,64.94,61.19,20.81,83.49,46.23,48.75,10.82
1,34.93,0.0,100.46,77.93,90.87,10.63,60.31,39.05,84.4,80.32,67.21,94.13,80.71,30.07,32.14,86.09,53.82,76.69,43.19,59.03,30.48
2,79.23,100.46,0.0,52.5,75.66,90.48,90.21,122.29,59.03,20.81,48.27,43.01,26.93,116.83,114.02,19.92,62.29,70.52,65.3,44.2,74.53
3,76.84,77.93,52.5,0.0,25.71,71.57,41.11,83.49,9.43,38.01,68.43,18.38,57.87,81.02,76.66,56.08,72.47,18.03,34.93,29.83,66.89
4,97.58,90.87,75.66,25.71,0.0,86.95,37.05,85.02,17.03,63.39,93.62,33.84,83.55,85.29,80.16,81.5,96.25,14.42,51.86,54.12,87.0
5,25.71,10.63,90.48,71.57,86.95,0.0,59.67,47.07,78.77,70.6,56.64,86.83,70.18,38.33,39.32,75.66,43.57,72.56,36.69,50.16,20.0
6,77.88,60.31,90.21,41.11,37.05,59.67,0.0,48.0,40.71,71.59,88.0,58.82,86.59,48.84,43.57,87.6,84.34,26.93,35.13,51.42,67.23
7,72.78,39.05,122.29,83.49,85.02,47.07,48.0,0.0,86.12,101.53,100.24,101.84,108.71,9.0,8.6,112.54,89.32,73.68,57.01,78.1,65.79
8,85.6,84.4,59.03,9.43,17.03,78.77,40.71,86.12,0.0,46.39,77.83,19.21,66.71,84.59,79.91,64.5,81.84,14.21,42.15,39.2,75.45
9,62.29,80.32,20.81,38.01,63.39,70.6,71.59,101.53,46.39,0.0,37.8,35.85,21.02,96.02,93.24,18.11,48.47,55.23,44.6,23.43,56.08
10,36.24,67.21,48.27,68.43,93.62,56.64,88.0,100.24,77.83,37.8,0.0,72.25,21.38,92.44,91.71,28.44,15.81,81.91,53.08,39.85,36.77
11,88.14,94.13,43.01,18.38,33.84,86.83,58.82,101.84,19.21,35.85,72.25,0.0,56.82,99.2,94.92,52.92,79.81,33.24,51.01,39.4,79.12
12,54.57,80.71,26.93,57.87,83.55,70.18,86.59,108.71,66.71,21.02,21.38,56.82,0.0,101.91,100.12,7.07,36.01,74.11,54.56,35.17,51.89
13,64.03,30.07,116.83,81.02,85.29,38.33,48.84,9.0,84.59,96.02,92.44,99.2,101.91,0.0,5.39,106.08,81.02,73.01,51.97,72.67,57.38
14,64.94,32.14,114.02,76.66,80.16,39.32,43.57,8.6,79.91,93.24,91.71,94.92,100.12,5.39,0.0,104.0,80.99,68.07,48.83,69.81,57.57
15,61.19,86.09,19.92,56.08,81.5,75.66,87.6,112.54,64.5,18.11,28.44,52.92,7.07,106.08,104.0,0.0,43.0,73.06,57.14,36.67,57.94
16,20.81,53.82,62.29,72.47,96.25,43.57,84.34,89.32,81.84,48.47,15.81,79.81,36.01,81.02,80.99,43.0,0.0,83.24,49.48,42.64,23.71
17,83.49,76.69,70.52,18.03,14.42,72.56,26.93,73.68,14.21,55.23,81.91,33.24,74.11,73.01,68.07,73.06,83.24,0.0,37.54,42.06,72.84
18,46.23,43.19,65.3,34.93,51.86,36.69,35.13,57.01,42.15,44.6,53.08,51.01,54.56,51.97,48.83,57.14,49.48,37.54,0.0,21.21,35.47
19,48.75,59.03,44.2,29.83,54.12,50.16,51.42,78.1,39.2,23.43,39.85,39.4,35.17,72.67,69.81,36.67,42.64,42.06,21.21,0.0,39.85
20,10.82,30.48,74.53,66.89,87.0,20.0,67.23,65.79,75.45,56.08,36.77,79.12,51.89,57.38,57.57,57.94,23.71,72.84,35.47,39.85,0.0
