set K:= 1	2	3;
set C_H:= 1	2	3	4	5;
set C_S:= 6	7	8	9;
set C_F:= 10	11	12	13;
set M:= 14	15;
set L_B:= 16	17	18;
set A1:=
(0,*) 1 2 3 4 5 10 11 12 13 14 15 16 17 18
(1,*) 0 2 3 4 5 10 11 12 13 14 15 16 17 18
(2,*) 0 1 3 4 5 10 11 12 13 14 15 16 17 18
(3,*) 0 1 2 4 5 10 11 12 13 14 15 16 17 18
(4,*) 0 1 2 3 5 10 11 12 13 14 15 16 17 18
(5,*) 0 1 2 3 4 10 11 12 13 14 15 16 17 18
(10,*) 0 1 2 3 4 5 11 12 13 14 15 16 17 18
(11,*) 0 1 2 3 4 5 10 12 13 14 15 16 17 18
(12,*) 0 1 2 3 4 5 10 11 13 14 15 16 17 18
(13,*) 0 1 2 3 4 5 10 11 12 14 15 16 17 18
(14,*) 0 1 2 3 4 5 10 11 12 13 16 17 18
(15,*) 0 1 2 3 4 5 10 11 12 13 16 17 18
(16,*) 0 1 2 3 4 5 10 11 12 13 14 15 17 18
(17,*) 0 1 2 3 4 5 10 11 12 13 14 15 16 18
(18,*) 0 1 2 3 4 5 10 11 12 13 14 15 16 17
;
set A2:=
(14,*) 15
(15,*) 14
;
param BigM:=99999;
param n:= 3;
param d:=
1	2
2	19
3	7
4	18
5	4
6	14
7	24
8	9
9	20
10	16
11	24
12	8
13	3
;
param Q:=100;
param w:=
[14,*] 15 0.5
[15,*] 14 0.5
;
param V:=
[14,*] 15 81
[15,*] 14 81
;
param e:
	14	15	16	17	18:=
6	0	0	1	0	0	
7	0	0	1	0	0	
8	0	0	0	1	0	
9	0	0	0	1	0	
10	0	0	0	1	0	
11	0	0	1	1	1	
12	0	0	1	0	0	
13	0	0	1	0	1	
;
param p:=
1	3
2	3
3	3
;
param G:=
14	81
15	73
16	99
17	97
18	79
;
param s:=
0	0
1	10
2	10
3	10
4	10
5	10
10	10
11	10
12	10
13	10
14	10
15	10
16	10
17	10
18	10
;
param t:
	0	1	2	3	4	5	6	7	8	9	10	11	12	13	14	15	16	17	18:=
0	0.0	21.1	74.55	54.57	25.71	84.17	16.28	73.82	72.78	25.96	88.14	25.24	36.24	27.02	64.94	61.19	44.1	48.05	46.69
1	21.1	0.0	54.13	61.29	8.94	76.12	7.07	53.6	53.14	26.93	79.62	20.25	48.41	19.42	44.92	66.73	27.2	46.32	33.84
2	74.55	54.13	0.0	106.83	49.09	94.85	58.31	2.24	7.62	75.13	96.38	67.08	99.81	64.41	10.2	110.26	49.58	85.04	60.11
3	54.57	61.29	106.83	0.0	70.18	52.77	63.06	107.2	108.71	34.41	56.82	41.87	21.38	43.86	100.12	7.07	57.8	23.77	48.85
4	25.71	8.94	49.09	70.18	0.0	83.49	9.49	48.26	47.07	35.85	86.83	29.15	56.64	28.16	39.32	75.66	32.31	55.08	40.61
5	84.17	76.12	94.85	52.77	83.49	0.0	82.0	96.25	100.09	58.59	4.24	59.46	68.01	58.52	92.97	49.04	53.08	38.42	43.05
6	16.28	7.07	58.31	63.06	9.49	82.0	0.0	57.56	56.52	29.41	85.62	24.08	48.1	24.02	48.66	68.94	34.21	50.36	40.31
7	73.82	53.6	2.24	107.2	48.26	96.25	57.56	0.0	5.39	75.18	97.86	67.12	99.74	64.5	9.0	110.75	50.21	85.63	60.88
8	72.78	53.14	7.62	108.71	47.07	100.09	56.52	5.39	0.0	76.01	101.84	67.96	100.24	65.46	8.6	112.54	52.5	87.69	63.41
9	25.96	26.93	75.13	34.41	35.85	58.59	29.41	75.18	76.01	0.0	62.65	8.06	25.0	10.77	67.42	39.82	30.02	22.2	26.57
10	88.14	79.62	96.38	56.82	86.83	4.24	85.62	97.86	101.84	62.65	0.0	63.32	72.25	62.3	94.92	52.92	56.0	42.64	46.27
11	25.24	20.25	67.08	41.87	29.15	59.46	24.08	67.12	67.96	8.06	63.32	0.0	32.89	3.0	59.36	46.87	23.19	26.31	22.2
12	36.24	48.41	99.81	21.38	56.64	68.01	48.1	99.74	100.24	25.0	72.25	32.89	0.0	35.74	91.71	28.44	54.59	30.89	49.04
13	27.02	19.42	64.41	43.86	28.16	58.52	24.02	64.5	65.46	10.77	62.3	3.0	35.74	0.0	56.86	48.6	20.22	26.93	19.85
14	64.94	44.92	10.2	100.12	39.32	92.97	48.66	9.0	8.6	67.42	94.92	59.36	91.71	56.86	0.0	104.0	44.2	79.25	55.22
15	61.19	66.73	110.26	7.07	75.66	49.04	68.94	110.75	112.54	39.82	52.92	46.87	28.44	48.6	104.0	0.0	60.8	25.55	51.11
16	44.1	27.2	49.58	57.8	32.31	53.08	34.21	50.21	52.5	30.02	56.0	23.19	54.59	20.22	44.2	60.8	0.0	35.47	11.18
17	48.05	46.32	85.04	23.77	55.08	38.42	50.36	85.63	87.69	22.2	42.64	26.31	30.89	26.93	79.25	25.55	35.47	0.0	25.55
18	46.69	33.84	60.11	48.85	40.61	43.05	40.31	60.88	63.41	26.57	46.27	22.2	49.04	19.85	55.22	51.11	11.18	25.55	0.0
;
