vehicles
vehicle_idx, capacity, cost_per_unit_distance
1,100,1
2,100,1
3,100,1
4,100,1
depot
node_idx,x,y
0,82,76
home delivery customers
node_idx,x,y,service_time,demand
1,61,59,10,3
2,80,55,10,2
3,5,42,10,4
4,5,10,10,14
5,23,15,10,15
self pickup customers
node_idx,x,y,service_time,demand,locker_idxs
6,20,70,10,2,17
7,42,9,10,8,15
8,61,62,10,24,20
9,9,97,10,24,17
flexible customers
node_idx,x,y,service_time,demand,locker_idxs
10,58,30,10,12,20-19
11,96,44,10,19,16
12,84,25,10,16,16-19
13,93,3,10,24,16-19
lockers
node_idx,x,y,service_time,capacity,cost_per_unit_good
14,65,88,10,85
15,25,15,10,96
16,93,12,10,98
17,22,88,10,80
18,77,88,10,95
19,72,14,10,72
20,54,48,10,77
21,45,47,10,81
22,78,100,10,87
23,45,55,10,81
mrt lines
start_node_idx,end_node_idx,freight_capacity,cost_per_unit_good
14,15,96,0.5
15,14,96,0.5
16,17,98,0.5
17,16,98,0.5
18,19,95,0.5
19,18,95,0.5
distance matrix
,0,1,2,3,4,5,6,7,8,9,10,11,12,13,14,15,16,17,18,19,20,21,22,23,
0,0.0,27.02,21.1,84.17,101.41,84.86,62.29,78.03,25.24,75.96,51.88,34.93,51.04,73.82,20.81,83.49,64.94,61.19,13.0,62.8,39.6,47.01,24.33,42.54
1,27.02,0.0,19.42,58.52,74.41,58.14,42.45,53.49,3.0,64.4,29.15,38.08,41.05,64.5,29.27,56.85,56.86,48.6,33.12,46.32,13.04,20.0,44.38,16.49
2,21.1,19.42,0.0,76.12,87.46,69.63,61.85,59.67,20.25,82.49,33.3,19.42,30.27,53.6,36.25,68.01,44.92,66.73,33.14,41.77,26.93,35.9,45.04,35.0
3,84.17,58.52,76.12,0.0,32.0,32.45,31.76,49.58,59.46,55.15,54.34,91.02,80.81,96.25,75.6,33.6,92.97,49.04,85.44,72.62,49.37,40.31,93.24,42.06
4,101.41,74.41,87.46,32.0,0.0,18.68,61.85,37.01,76.42,87.09,56.65,97.14,80.41,88.28,98.41,20.62,88.02,79.83,106.15,67.12,62.01,54.49,115.88,60.21
5,84.86,58.14,69.63,32.45,18.68,0.0,55.08,19.92,60.44,83.19,38.08,78.55,61.81,71.02,84.22,2.0,70.06,73.01,90.8,49.01,45.28,38.83,101.24,45.65
6,62.29,42.45,61.85,31.76,61.85,55.08,0.0,64.85,41.77,29.15,55.17,80.32,78.24,99.09,48.47,55.23,93.24,18.11,59.77,76.42,40.5,33.97,65.3,29.15
7,78.03,53.49,59.67,49.58,37.01,19.92,64.85,0.0,56.3,93.98,26.4,64.35,44.94,51.35,82.28,18.03,51.09,81.49,86.41,30.41,40.8,38.12,97.86,46.1
8,25.24,3.0,20.25,59.46,76.42,60.44,41.77,56.3,0.0,62.68,32.14,39.36,43.57,67.12,26.31,59.2,59.36,46.87,30.53,49.24,15.65,21.93,41.63,17.46
9,75.96,64.4,82.49,55.15,87.09,83.19,29.15,93.98,62.68,0.0,83.01,101.87,103.97,126.06,56.72,83.55,119.5,15.81,68.59,104.2,66.53,61.61,69.07,55.32
10,51.88,29.15,33.3,54.34,56.65,38.08,55.17,26.4,32.14,83.01,0.0,40.5,26.48,44.2,58.42,36.25,39.36,68.26,61.03,21.26,18.44,21.4,72.8,28.18
11,34.93,38.08,19.42,91.02,97.14,78.55,80.32,64.35,39.36,101.87,40.5,0.0,22.47,41.11,53.82,76.69,32.14,86.09,47.93,38.42,42.19,51.09,58.82,52.17
12,51.04,41.05,30.27,80.81,80.41,61.81,78.24,44.94,43.57,103.97,26.48,22.47,0.0,23.77,65.8,59.84,15.81,88.39,63.39,16.28,37.8,44.78,75.24,49.2
13,73.82,64.5,53.6,96.25,88.28,71.02,99.09,51.35,67.12,126.06,44.2,41.11,23.77,0.0,89.49,69.05,9.0,110.75,86.49,23.71,59.55,65.12,98.15,70.77
14,20.81,29.27,36.25,75.6,98.41,84.22,48.47,82.28,26.31,56.72,58.42,53.82,65.8,89.49,0.0,83.24,80.99,43.0,12.0,74.33,41.48,45.62,17.69,38.59
15,83.49,56.85,68.01,33.6,20.62,2.0,55.23,18.03,59.2,83.55,36.25,76.69,59.84,69.05,83.24,0.0,68.07,73.06,89.63,47.01,43.93,37.74,100.17,44.72
16,64.94,56.86,44.92,92.97,88.02,70.06,93.24,51.09,59.36,119.5,39.36,32.14,15.81,9.0,80.99,68.07,0.0,104.0,77.67,21.1,53.08,59.41,89.27,64.44
17,61.19,48.6,66.73,49.04,79.83,73.01,18.11,81.49,46.87,15.81,68.26,86.09,88.39,110.75,43.0,73.06,104.0,0.0,55.0,89.31,51.22,47.01,57.27,40.22
18,13.0,33.12,33.14,85.44,106.15,90.8,59.77,86.41,30.53,68.59,61.03,47.93,63.39,86.49,12.0,89.63,77.67,55.0,0.0,74.17,46.14,52.01,12.04,45.97
19,62.8,46.32,41.77,72.62,67.12,49.01,76.42,30.41,49.24,104.2,21.26,38.42,16.28,23.71,74.33,47.01,21.1,89.31,74.17,0.0,38.47,42.64,86.21,49.09
20,39.6,13.04,26.93,49.37,62.01,45.28,40.5,40.8,15.65,66.53,18.44,42.19,37.8,59.55,41.48,43.93,53.08,51.22,46.14,38.47,0.0,9.06,57.27,11.4
21,47.01,20.0,35.9,40.31,54.49,38.83,33.97,38.12,21.93,61.61,21.4,51.09,44.78,65.12,45.62,37.74,59.41,47.01,52.01,42.64,9.06,0.0,62.43,8.0
22,24.33,44.38,45.04,93.24,115.88,101.24,65.3,97.86,41.63,69.07,72.8,58.82,75.24,98.15,17.69,100.17,89.27,57.27,12.04,86.21,57.27,62.43,0.0,55.8
23,42.54,16.49,35.0,42.06,60.21,45.65,29.15,46.1,17.46,55.32,28.18,52.17,49.2,70.77,38.59,44.72,64.44,40.22,45.97,49.09,11.4,8.0,55.8,0.0
