vehicles
vehicle_idx, capacity, cost_per_unit_distance
1,100,1
2,100,1
3,100,1
4,100,1
depot
node_idx,x,y
0,82,76
home delivery customers
node_idx,x,y,service_time,demand
1,5,42,10,4
2,58,30,10,12
3,98,52,10,21
4,5,10,10,14
self pickup customers
node_idx,x,y,service_time,demand,locker_idxs
5,80,55,10,2,22
6,3,82,10,8,16
7,23,15,10,15,14
8,1,65,10,22,16
flexible customers
node_idx,x,y,service_time,demand,locker_idxs
9,57,69,10,20,22-13
10,98,5,10,9,15-18
11,14,24,10,6,14
12,85,60,10,14,22
lockers
node_idx,x,y,service_time,capacity,cost_per_unit_good
13,65,88,10,74
14,25,15,10,80
15,93,12,10,86
16,22,88,10,76
17,77,88,10,92
18,72,14,10,98
19,53,47,10,75
20,45,26,10,73
21,36,42,10,100
22,74,56,10,100
mrt lines
start_node_idx,end_node_idx,freight_capacity,cost_per_unit_good
distance matrix
,0,1,2,3,4,5,6,7,8,9,10,11,12,13,14,15,16,17,18,19,20,21,22,
0,0.0,84.17,51.88,28.84,101.41,21.1,79.23,84.86,81.74,25.96,72.78,85.6,16.28,20.81,83.49,64.94,61.19,13.0,62.8,41.01,62.2,57.2,21.54
1,84.17,0.0,54.34,93.54,32.0,76.12,40.05,32.45,23.35,58.59,100.09,20.12,82.0,75.6,33.6,92.97,49.04,85.44,72.62,48.26,43.08,31.0,70.41
2,51.88,54.34,0.0,45.65,56.65,33.3,75.69,38.08,66.89,39.01,47.17,44.41,40.36,58.42,36.25,39.36,68.26,61.03,21.26,17.72,13.6,25.06,30.53
3,28.84,93.54,45.65,0.0,102.04,18.25,99.62,83.63,97.87,44.38,47.0,88.54,15.26,48.84,81.84,40.31,84.1,41.68,46.04,45.28,59.03,62.8,24.33
4,101.41,32.0,56.65,102.04,0.0,87.46,72.03,18.68,55.15,78.64,93.13,16.64,94.34,98.41,20.62,88.02,79.83,106.15,67.12,60.61,43.08,44.55,82.93
5,21.1,76.12,33.3,18.25,87.46,0.0,81.6,69.63,79.63,26.93,53.14,72.92,7.07,36.25,68.01,44.92,66.73,33.14,41.77,28.16,45.45,45.88,6.08
6,79.23,40.05,75.69,99.62,72.03,81.6,0.0,69.92,17.12,55.54,122.29,59.03,84.9,62.29,70.52,114.02,19.92,74.24,96.88,61.03,70.0,51.86,75.61
7,84.86,32.45,38.08,83.63,18.68,69.63,69.92,0.0,54.63,63.81,75.66,12.73,76.61,84.22,2.0,70.06,73.01,90.8,49.01,43.86,24.6,29.97,65.44
8,81.74,23.35,66.89,97.87,55.15,79.63,17.12,54.63,0.0,56.14,114.06,43.01,84.15,68.01,55.46,106.17,31.14,79.4,87.42,55.03,58.8,41.88,73.55
9,25.96,58.59,39.01,44.38,78.64,26.93,55.54,63.81,56.14,0.0,76.01,62.24,29.41,20.62,62.77,67.42,39.82,27.59,57.01,22.36,44.64,34.21,21.4
10,72.78,100.09,47.17,47.0,93.13,53.14,122.29,75.66,114.06,76.01,0.0,86.12,56.52,89.32,73.68,8.6,112.54,85.62,27.51,61.55,57.01,72.2,56.36
11,85.6,20.12,44.41,88.54,16.64,72.92,59.03,12.73,43.01,62.24,86.12,0.0,79.61,81.84,14.21,79.91,64.5,89.81,58.86,45.28,31.06,28.43,68.0
12,16.28,82.0,40.36,15.26,94.34,7.07,84.9,76.61,84.15,29.41,56.52,79.61,0.0,34.41,75.0,48.66,68.94,29.12,47.8,34.54,52.5,52.2,11.7
13,20.81,75.6,58.42,48.84,98.41,36.25,62.29,84.22,68.01,20.62,89.32,81.84,34.41,0.0,83.24,80.99,43.0,12.0,74.33,42.72,65.15,54.38,33.24
14,83.49,33.6,36.25,81.84,20.62,68.01,70.52,2.0,55.46,62.77,73.68,14.21,75.0,83.24,0.0,68.07,73.06,89.63,47.01,42.52,22.83,29.15,63.89
15,64.94,92.97,39.36,40.31,88.02,44.92,114.02,70.06,106.17,67.42,8.6,79.91,48.66,80.99,68.07,0.0,104.0,77.67,21.1,53.15,50.0,64.41,47.93
16,61.19,49.04,68.26,84.1,79.83,66.73,19.92,73.01,31.14,39.82,112.54,64.5,68.94,43.0,73.06,104.0,0.0,55.0,89.31,51.4,66.13,48.08,61.06
17,13.0,85.44,61.03,41.68,106.15,33.14,74.24,90.8,79.4,27.59,85.62,89.81,29.12,12.0,89.63,77.67,55.0,0.0,74.17,47.51,69.77,61.62,32.14
18,62.8,72.62,21.26,46.04,67.12,41.77,96.88,49.01,87.42,57.01,27.51,58.86,47.8,74.33,47.01,21.1,89.31,74.17,0.0,38.08,29.55,45.61,42.05
19,41.01,48.26,17.72,45.28,60.61,28.16,61.03,43.86,55.03,22.36,61.55,45.28,34.54,42.72,42.52,53.15,51.4,47.51,38.08,0.0,22.47,17.72,22.85
20,62.2,43.08,13.6,59.03,43.08,45.45,70.0,24.6,58.8,44.64,57.01,31.06,52.5,65.15,22.83,50.0,66.13,69.77,29.55,22.47,0.0,18.36,41.73
21,57.2,31.0,25.06,62.8,44.55,45.88,51.86,29.97,41.88,34.21,72.2,28.43,52.2,54.38,29.15,64.41,48.08,61.62,45.61,17.72,18.36,0.0,40.5
22,21.54,70.41,30.53,24.33,82.93,6.08,75.61,65.44,73.55,21.4,56.36,68.0,11.7,33.24,63.89,47.93,61.06,32.14,42.05,22.85,41.73,40.5,0.0
