set K:= 1	2	3;
set C_H:= 1	2	3	4	5;
set C_S:= 6	7	8;
set C_F:= 9	10	11;
set M:= 12	13	14	15;
set L_B:= 16	17	18;
set A1:=
(0,*) 1 2 3 4 5 9 10 11 12 13 14 15 16 17 18
(1,*) 0 2 3 4 5 9 10 11 12 13 14 15 16 17 18
(2,*) 0 1 3 4 5 9 10 11 12 13 14 15 16 17 18
(3,*) 0 1 2 4 5 9 10 11 12 13 14 15 16 17 18
(4,*) 0 1 2 3 5 9 10 11 12 13 14 15 16 17 18
(5,*) 0 1 2 3 4 9 10 11 12 13 14 15 16 17 18
(9,*) 0 1 2 3 4 5 10 11 12 13 14 15 16 17 18
(10,*) 0 1 2 3 4 5 9 11 12 13 14 15 16 17 18
(11,*) 0 1 2 3 4 5 9 10 12 13 14 15 16 17 18
(12,*) 0 1 2 3 4 5 9 10 11 13 14 15 16 17 18
(13,*) 0 1 2 3 4 5 9 10 11 12 14 15 16 17 18
(14,*) 0 1 2 3 4 5 9 10 11 12 13 15 16 17 18
(15,*) 0 1 2 3 4 5 9 10 11 12 13 14 16 17 18
(16,*) 0 1 2 3 4 5 9 10 11 12 13 14 15 17 18
(17,*) 0 1 2 3 4 5 9 10 11 12 13 14 15 16 18
(18,*) 0 1 2 3 4 5 9 10 11 12 13 14 15 16 17
;
set A2:=
(12,*) 13
(13,*) 12
(14,*) 15
(15,*) 14
;
param BigM:=99999;
param n:= 3;
param d:=
1	3
2	14
3	9
4	19
5	24
6	15
7	1
8	20
9	7
10	16
11	24
;
param Q:=100;
param w:=
[12,*] 13 0.5
[13,*] 12 0.5
[14,*] 15 0.5
[15,*] 14 0.5
;
param V:=
[12,*] 13 92
[13,*] 12 92
[14,*] 15 100
[15,*] 14 100
;
param e:
	12	13	14	15	16	17	18:=
6	0	0	0	1	0	0	1	
7	0	0	0	1	0	1	0	
8	0	0	1	0	1	0	1	
9	0	1	0	0	0	0	1	
10	1	0	0	0	0	0	1	
11	0	0	1	0	1	0	1	
;
param p:=
1	3
2	3
3	3
;
param G:=
12	92
13	84
14	92
15	100
16	87
17	93
18	92
;
param s:=
0	0
1	10
2	10
3	10
4	10
5	10
9	10
10	10
11	10
12	10
13	10
14	10
15	10
16	10
17	10
18	10
;
param t:
	0	1	2	3	4	5	6	7	8	9	10	11	12	13	14	15	16	17	18:=
0	0.0	27.02	16.28	72.78	34.93	75.96	84.86	76.84	25.96	54.57	37.05	25.24	64.94	61.19	20.81	83.49	37.54	66.21	29.21
1	27.02	0.0	24.02	65.46	38.08	64.4	58.14	49.93	10.77	43.86	30.48	3.0	56.86	48.6	29.27	56.85	10.63	40.52	6.71
2	16.28	24.02	0.0	56.52	19.42	84.53	76.61	71.69	29.41	63.06	21.02	24.08	48.66	68.94	34.41	75.0	32.28	64.13	22.14
3	72.78	65.46	56.52	0.0	39.05	128.0	75.66	83.49	76.01	108.71	36.77	67.96	8.6	112.54	89.32	73.68	63.66	87.32	58.82
4	34.93	38.08	19.42	39.05	0.0	101.87	78.55	77.93	46.32	80.71	13.0	39.36	32.14	86.09	53.82	76.69	42.58	74.11	33.24
5	75.96	64.4	84.53	128.0	101.87	0.0	83.19	65.76	55.57	21.54	94.81	62.68	119.5	15.81	56.72	83.55	64.35	50.7	70.43
6	84.86	58.14	76.61	75.66	78.55	83.19	0.0	17.46	63.81	74.24	65.55	60.44	70.06	73.01	84.22	2.0	47.51	33.02	55.9
7	76.84	49.93	71.69	83.49	77.93	65.76	17.46	0.0	53.04	57.87	65.38	51.61	76.66	56.08	72.47	18.03	39.82	16.28	49.66
8	25.96	10.77	29.41	76.01	46.32	55.57	63.81	53.04	0.0	34.41	40.36	8.06	67.42	39.82	20.62	62.77	18.25	40.82	17.46
9	54.57	43.86	63.06	108.71	80.71	21.54	74.24	57.87	34.41	0.0	74.33	41.87	100.12	7.07	36.01	74.11	45.49	41.59	50.21
10	37.05	30.48	21.02	36.77	13.0	94.81	65.55	65.38	40.36	74.33	0.0	32.53	28.46	79.03	52.55	63.69	32.31	62.65	24.41
11	25.24	3.0	24.08	67.96	39.36	62.68	60.44	51.61	8.06	41.87	32.53	0.0	59.36	46.87	26.31	59.2	13.04	41.44	9.49
12	64.94	56.86	48.66	8.6	32.14	119.5	70.06	76.66	67.42	100.12	28.46	59.36	0.0	104.0	80.99	68.07	55.15	79.61	50.22
13	61.19	48.6	68.94	112.54	86.09	15.81	73.01	56.08	39.82	7.07	79.03	46.87	104.0	0.0	43.0	73.06	48.92	40.0	54.67
14	20.81	29.27	34.41	89.32	53.82	56.72	84.22	72.47	20.62	36.01	52.55	26.31	80.99	43.0	0.0	83.24	38.6	58.73	35.01
15	83.49	56.85	75.0	73.68	76.69	83.55	2.0	18.03	62.77	74.11	63.69	59.2	68.07	73.06	83.24	0.0	46.23	33.14	54.45
16	37.54	10.63	32.28	63.66	42.58	64.35	47.51	39.82	18.25	45.49	32.31	13.04	55.15	48.92	38.6	46.23	0.0	32.14	10.2
17	66.21	40.52	64.13	87.32	74.11	50.7	33.02	16.28	40.82	41.59	62.65	41.44	79.61	40.0	58.73	33.14	32.14	0.0	42.3
18	29.21	6.71	22.14	58.82	33.24	70.43	55.9	49.66	17.46	50.21	24.41	9.49	50.22	54.67	35.01	54.45	10.2	42.3	0.0
;
