vehicles
vehicle_idx, capacity, cost_per_unit_distance
1,100,3
2,100,3
3,100,3
depot
node_idx,x,y
0,82,76
home delivery customers
node_idx,x,y,service_time,demand
1,50,93,10,8
2,91,2,10,19
3,58,30,10,12
4,20,70,10,2
5,2,39,10,16
6,80,55,10,2
self pickup customers
node_idx,x,y,service_time,demand,locker_idxs
7,98,52,10,21,23-15
8,96,44,10,19,22-15
9,5,42,10,4,22-18-16
10,85,60,10,14,21-19-17
flexible customers
node_idx,x,y,service_time,demand,locker_idxs
11,42,9,10,8,22-18
12,29,89,10,7,23-16-17
13,88,51,10,18,23-19-15
14,5,10,10,14,23-18
lockers
node_idx,x,y,service_time,capacity,cost_per_unit_good
15,93,12,10,89
16,22,88,10,82
17,65,88,10,97
18,25,15,10,79
19,77,88,10,75
20,72,14,10,100
21,43,48,10,71
22,47,21,10,92
23,54,54,10,91
mrt lines
start_node_idx,end_node_idx,freight_capacity,cost_per_unit_good
15,16,89,0.5
16,15,89,0.5
17,18,97,0.5
18,17,97,0.5
19,20,100,0.5
20,19,100,0.5
distance matrix
,0,1,2,3,4,5,6,7,8,9,10,11,12,13,14,15,16,17,18,19,20,21,22,23,
0,0.0,36.24,74.55,51.88,62.29,88.14,21.1,28.84,34.93,84.17,16.28,78.03,54.57,25.71,101.41,64.94,61.19,20.81,83.49,13.0,62.8,48.01,65.19,35.61
1,36.24,0.0,99.81,63.51,37.8,72.25,48.41,63.13,67.21,68.01,48.1,84.38,21.38,56.64,94.41,91.71,28.44,15.81,81.91,27.46,82.01,45.54,72.06,39.2
2,74.55,99.81,0.0,43.28,98.31,96.38,54.13,50.49,42.3,94.85,58.31,49.5,106.83,49.09,86.37,10.2,110.26,89.84,67.27,87.13,22.47,66.48,47.93,63.82
3,51.88,63.51,43.28,0.0,55.17,56.72,33.3,45.65,40.5,54.34,40.36,26.4,65.74,36.62,56.65,39.36,68.26,58.42,36.25,61.03,21.26,23.43,14.21,24.33
4,62.29,37.8,98.31,55.17,0.0,35.85,61.85,80.05,80.32,31.76,65.76,64.85,21.02,70.6,61.85,93.24,18.11,48.47,55.23,59.77,76.42,31.83,55.95,37.58
5,88.14,72.25,96.38,56.72,35.85,0.0,79.62,96.88,94.13,4.24,85.62,50.0,56.82,86.83,29.15,94.92,52.92,79.81,33.24,89.59,74.33,41.98,48.47,54.12
6,21.1,48.41,54.13,33.3,61.85,79.62,0.0,18.25,19.42,76.12,7.07,59.67,61.29,8.94,87.46,44.92,66.73,36.25,68.01,33.14,41.77,37.66,47.38,26.02
7,28.84,63.13,50.49,45.65,80.05,96.88,18.25,0.0,8.25,93.54,15.26,70.6,78.29,10.05,102.04,40.31,84.1,48.84,81.84,41.68,46.04,55.15,59.68,44.05
8,34.93,67.21,42.3,40.5,80.32,94.13,19.42,8.25,0.0,91.02,19.42,64.35,80.71,10.63,97.14,32.14,86.09,53.82,76.69,47.93,38.42,53.15,54.13,43.17
9,84.17,68.01,94.85,54.34,31.76,4.24,76.12,93.54,91.02,0.0,82.0,49.58,52.77,83.49,32.0,92.97,49.04,75.6,33.6,85.44,72.62,38.47,46.96,50.45
10,16.28,48.1,58.31,40.36,65.76,85.62,7.07,15.26,19.42,82.0,0.0,66.71,63.06,9.49,94.34,48.66,68.94,34.41,75.0,29.12,47.8,43.68,54.45,31.58
11,78.03,84.38,49.5,26.4,64.85,50.0,59.67,70.6,64.35,49.58,66.71,0.0,81.05,62.29,37.01,51.09,81.49,82.28,18.03,86.41,30.41,39.01,13.0,46.57
12,54.57,21.38,106.83,65.74,21.02,56.82,61.29,78.29,80.71,52.77,63.06,81.05,0.0,70.18,82.57,100.12,7.07,36.01,74.11,48.01,86.45,43.32,70.34,43.01
13,25.71,56.64,49.09,36.62,70.6,86.83,8.94,10.05,10.63,83.49,9.49,62.29,70.18,0.0,92.57,39.32,75.66,43.57,72.56,38.6,40.31,45.1,50.8,34.13
14,101.41,94.41,86.37,56.65,61.85,29.15,87.46,102.04,97.14,32.0,94.34,37.01,82.57,92.57,0.0,88.02,79.83,98.41,20.62,106.15,67.12,53.74,43.42,65.86
15,64.94,91.71,10.2,39.36,93.24,94.92,44.92,40.31,32.14,92.97,48.66,51.09,100.12,39.32,88.02,0.0,104.0,80.99,68.07,77.67,21.1,61.61,46.87,57.31
16,61.19,28.44,110.26,68.26,18.11,52.92,66.73,84.1,86.09,49.04,68.94,81.49,7.07,75.66,79.83,104.0,0.0,43.0,73.06,55.0,89.31,45.18,71.51,46.69
17,20.81,15.81,89.84,58.42,48.47,79.81,36.25,48.84,53.82,75.6,34.41,82.28,36.01,43.57,98.41,80.99,43.0,0.0,83.24,12.0,74.33,45.65,69.38,35.74
18,83.49,81.91,67.27,36.25,55.23,33.24,68.01,81.84,76.69,33.6,75.0,18.03,74.11,72.56,20.62,68.07,73.06,83.24,0.0,89.63,47.01,37.59,22.8,48.6
19,13.0,27.46,87.13,61.03,59.77,89.59,33.14,41.68,47.93,85.44,29.12,86.41,48.01,38.6,106.15,77.67,55.0,12.0,89.63,0.0,74.17,52.5,73.41,41.05
20,62.8,82.01,22.47,21.26,76.42,74.33,41.77,46.04,38.42,72.62,47.8,30.41,86.45,40.31,67.12,21.1,89.31,74.33,47.01,74.17,0.0,44.69,25.96,43.86
21,48.01,45.54,66.48,23.43,31.83,41.98,37.66,55.15,53.15,38.47,43.68,39.01,43.32,45.1,53.74,61.61,45.18,45.65,37.59,52.5,44.69,0.0,27.29,12.53
22,65.19,72.06,47.93,14.21,55.95,48.47,47.38,59.68,54.13,46.96,54.45,13.0,70.34,50.8,43.42,46.87,71.51,69.38,22.8,73.41,25.96,27.29,0.0,33.73
23,35.61,39.2,63.82,24.33,37.58,54.12,26.02,44.05,43.17,50.45,31.58,46.57,43.01,34.13,65.86,57.31,46.69,35.74,48.6,41.05,43.86,12.53,33.73,0.0
