vehicles
vehicle_idx, capacity, cost_per_unit_distance
1,100,1
2,100,1
3,100,1
4,100,1
depot
node_idx,x,y
0,82,76
home delivery customers
node_idx,x,y,service_time,demand
1,3,82,10,8
2,1,65,10,22
3,58,30,10,12
4,23,15,10,15
self pickup customers
node_idx,x,y,service_time,demand,locker_idxs
5,42,9,10,8,20
6,80,55,10,2,15-11
7,57,69,10,20,11
flexible customers
node_idx,x,y,service_time,demand,locker_idxs
8,61,59,10,3,17
9,50,93,10,8,19-11
10,50,5,10,21,20
lockers
node_idx,x,y,service_time,capacity,cost_per_unit_good
11,65,88,10,95
12,25,15,10,80
13,93,12,10,74
14,22,88,10,83
15,77,88,10,79
16,72,14,10,88
17,43,49,10,88
18,23,43,10,98
19,50,89,10,75
20,49,22,10,76
mrt lines
start_node_idx,end_node_idx,freight_capacity,cost_per_unit_good
11,12,95,0.5
12,11,95,0.5
distance matrix
,0,1,2,3,4,5,6,7,8,9,10,11,12,13,14,15,16,17,18,19,20,
0,0.0,79.23,81.74,51.88,84.86,78.03,21.1,25.96,27.02,36.24,77.88,20.81,83.49,64.94,61.19,13.0,62.8,47.43,67.6,34.54,63.29
1,79.23,0.0,17.12,75.69,69.92,82.76,81.6,55.54,62.39,48.27,90.21,62.29,70.52,114.02,19.92,74.24,96.88,51.86,43.83,47.52,75.6
2,81.74,17.12,0.0,66.89,54.63,69.4,79.63,56.14,60.3,56.44,77.47,68.01,55.46,106.17,31.14,79.4,87.42,44.94,31.11,54.56,64.44
3,51.88,75.69,66.89,0.0,38.08,26.4,33.3,39.01,29.15,63.51,26.25,58.42,36.25,39.36,68.26,61.03,21.26,24.21,37.34,59.54,12.04
4,84.86,69.92,54.63,38.08,0.0,19.92,69.63,63.81,58.14,82.54,28.79,84.22,2.0,70.06,73.01,90.8,49.01,39.45,28.0,78.77,26.93
5,78.03,82.76,69.4,26.4,19.92,0.0,59.67,61.85,53.49,84.38,8.94,82.28,18.03,51.09,81.49,86.41,30.41,40.01,38.95,80.4,14.76
6,21.1,81.6,79.63,33.3,69.63,59.67,0.0,26.93,19.42,48.41,58.31,36.25,68.01,44.92,66.73,33.14,41.77,37.48,58.25,45.34,45.28
7,25.96,55.54,56.14,39.01,63.81,61.85,26.93,0.0,10.77,25.0,64.38,20.62,62.77,67.42,39.82,27.59,57.01,24.41,42.8,21.19,47.68
8,27.02,62.39,60.3,29.15,58.14,53.49,19.42,10.77,0.0,35.74,55.11,29.27,56.85,56.86,48.6,33.12,46.32,20.59,41.23,31.95,38.9
9,36.24,48.27,56.44,63.51,82.54,84.38,48.41,25.0,35.74,0.0,88.0,15.81,81.91,91.71,28.44,27.46,82.01,44.55,56.82,4.0,71.01
10,77.88,90.21,77.47,26.25,28.79,8.94,58.31,64.38,55.11,88.0,0.0,84.34,26.93,43.57,87.6,87.28,23.77,44.55,46.62,84.0,17.03
11,20.81,62.29,68.01,58.42,84.22,82.28,36.25,20.62,29.27,15.81,84.34,0.0,83.24,80.99,43.0,12.0,74.33,44.78,61.55,15.03,67.91
12,83.49,70.52,55.46,36.25,2.0,18.03,68.01,62.77,56.85,81.91,26.93,83.24,0.0,68.07,73.06,89.63,47.01,38.47,28.07,78.11,25.0
13,64.94,114.02,106.17,39.36,70.06,51.09,44.92,67.42,56.86,91.71,43.57,80.99,68.07,0.0,104.0,77.67,21.1,62.2,76.56,88.19,45.12
14,61.19,19.92,31.14,68.26,73.01,81.49,66.73,39.82,48.6,28.44,87.6,43.0,73.06,104.0,0.0,55.0,89.31,44.29,45.01,28.02,71.31
15,13.0,74.24,79.4,61.03,90.8,86.41,33.14,27.59,33.12,27.46,87.28,12.0,89.63,77.67,55.0,0.0,74.17,51.74,70.29,27.02,71.69
16,62.8,96.88,87.42,21.26,49.01,30.41,41.77,57.01,46.32,82.01,23.77,74.33,47.01,21.1,89.31,74.17,0.0,45.45,56.94,78.16,24.35
17,47.43,51.86,44.94,24.21,39.45,40.01,37.48,24.41,20.59,44.55,44.55,44.78,38.47,62.2,44.29,51.74,45.45,0.0,20.88,40.61,27.66
18,67.6,43.83,31.11,37.34,28.0,38.95,58.25,42.8,41.23,56.82,46.62,61.55,28.07,76.56,45.01,70.29,56.94,20.88,0.0,53.34,33.42
19,34.54,47.52,54.56,59.54,78.77,80.4,45.34,21.19,31.95,4.0,84.0,15.03,78.11,88.19,28.02,27.02,78.16,40.61,53.34,0.0,67.01
20,63.29,75.6,64.44,12.04,26.93,14.76,45.28,47.68,38.9,71.01,17.03,67.91,25.0,45.12,71.31,71.69,24.35,27.66,33.42,67.01,0.0
