vehicles
vehicle_idx, capacity, cost_per_unit_distance
1,100,1
2,100,1
3,100,1
4,100,1
depot
node_idx,x,y
0,82,76
home delivery customers
node_idx,x,y,service_time,demand
1,88,51,10,18
2,20,70,10,2
3,61,59,10,3
4,14,24,10,6
5,96,44,10,19
6,9,97,10,24
7,58,30,10,12
self pickup customers
node_idx,x,y,service_time,demand,locker_idxs
8,84,25,10,16,20-23
9,29,89,10,7,21
10,80,55,10,2,24
11,98,14,10,12,20-23
12,91,2,10,19,20-23
flexible customers
node_idx,x,y,service_time,demand,locker_idxs
13,85,60,10,14,25
14,61,62,10,24,25-27-26-24
15,98,5,10,9,20
16,93,3,10,24,20-23
17,13,7,10,19,19
lockers
node_idx,x,y,service_time,capacity,cost_per_unit_good
18,65,88,10,84
19,25,15,10,72
20,93,12,10,88
21,22,88,10,75
22,77,88,10,75
23,72,14,10,72
24,60,42,10,85
25,60,65,10,71
26,52,48,10,83
27,53,64,10,87
mrt lines
start_node_idx,end_node_idx,freight_capacity,cost_per_unit_good
18,19,84,0.5
19,18,84,0.5
20,21,88,0.5
21,20,88,0.5
22,23,75,0.5
23,22,75,0.5
distance matrix
,0,1,2,3,4,5,6,7,8,9,10,11,12,13,14,15,16,17,18,19,20,21,22,23,24,25,26,27,
0,0.0,25.71,62.29,27.02,85.6,34.93,75.96,51.88,51.04,54.57,21.1,64.03,74.55,16.28,25.24,72.78,73.82,97.58,20.81,83.49,64.94,61.19,13.0,62.8,40.5,24.6,41.04,31.38
1,25.71,0.0,70.6,28.16,78.77,10.63,91.42,36.62,26.31,70.18,8.94,38.33,49.09,9.49,29.15,47.07,48.26,86.95,43.57,72.56,39.32,75.66,38.6,40.31,29.41,31.3,36.12,37.34
2,62.29,70.6,0.0,42.45,46.39,80.32,29.15,55.17,78.24,21.02,61.85,96.02,98.31,65.76,41.77,101.53,99.09,63.39,48.47,55.23,93.24,18.11,59.77,76.42,48.83,40.31,38.83,33.54
3,27.02,28.16,42.45,0.0,58.6,38.08,64.4,29.15,41.05,43.86,19.42,58.26,64.41,24.02,3.0,65.46,64.5,70.77,29.27,56.85,56.86,48.6,33.12,46.32,17.03,6.08,14.21,9.43
4,85.6,78.77,46.39,58.6,0.0,84.4,73.17,44.41,70.01,66.71,72.92,84.59,80.08,79.61,60.44,86.12,81.74,17.03,81.84,14.21,79.91,64.5,89.81,58.86,49.4,61.62,44.94,55.87
5,34.93,10.63,80.32,38.08,84.4,0.0,101.87,40.5,22.47,80.71,19.42,30.07,42.3,19.42,39.36,39.05,41.11,90.87,53.82,76.69,32.14,86.09,47.93,38.42,36.06,41.68,44.18,47.42
6,75.96,91.42,29.15,64.4,73.17,101.87,0.0,83.01,103.97,21.54,82.49,121.7,125.5,84.53,62.68,128.0,126.06,90.09,56.72,83.55,119.5,15.81,68.59,104.2,75.01,60.21,65.19,55.0
7,51.88,36.62,55.17,29.15,44.41,40.5,83.01,0.0,26.48,65.74,33.3,43.08,43.28,40.36,32.14,47.17,44.2,50.54,58.42,36.25,39.36,68.26,61.03,21.26,12.17,35.06,18.97,34.37
8,51.04,26.31,78.24,41.05,70.01,22.47,103.97,26.48,0.0,84.39,30.27,17.8,24.04,35.01,43.57,24.41,23.77,73.25,65.8,59.84,15.81,88.39,63.39,16.28,29.41,46.65,39.41,49.82
9,54.57,70.18,21.02,43.86,66.71,80.71,21.54,65.74,84.39,0.0,61.29,101.91,106.83,63.06,41.87,108.71,107.2,83.55,36.01,74.11,100.12,7.07,48.01,86.45,56.3,39.2,47.01,34.66
10,21.1,8.94,61.85,19.42,72.92,19.42,82.49,33.3,30.27,61.29,0.0,44.78,54.13,7.07,20.25,53.14,53.6,82.42,36.25,68.01,44.92,66.73,33.14,41.77,23.85,22.36,28.86,28.46
11,64.03,38.33,96.02,58.26,84.59,30.07,121.7,43.08,17.8,101.91,44.78,0.0,13.89,47.8,60.61,9.0,12.08,85.29,81.02,73.01,5.39,106.08,76.92,26.0,47.2,63.6,57.2,67.27
12,74.55,49.09,98.31,64.41,80.08,42.3,125.5,43.28,24.04,106.83,54.13,13.89,0.0,58.31,67.08,7.62,2.24,78.16,89.84,67.27,10.2,110.26,87.13,22.47,50.61,70.21,60.31,72.72
13,16.28,9.49,65.76,24.02,79.61,19.42,84.53,40.36,35.01,63.06,7.07,47.8,58.31,0.0,24.08,56.52,57.56,89.4,34.41,75.0,48.66,68.94,29.12,47.8,30.81,25.5,35.11,32.25
14,25.24,29.15,41.77,3.0,60.44,39.36,62.68,32.14,43.57,41.87,20.25,60.61,67.08,24.08,0.0,67.96,67.12,73.0,26.31,59.2,59.36,46.87,30.53,49.24,20.02,3.16,16.64,8.25
15,72.78,47.07,101.53,65.46,86.12,39.05,128.0,47.17,24.41,108.71,53.14,9.0,7.62,56.52,67.96,0.0,5.39,85.02,89.32,73.68,8.6,112.54,85.62,27.51,53.04,71.02,62.97,74.2
16,73.82,48.26,99.09,64.5,81.74,41.11,126.06,44.2,23.77,107.2,53.6,12.08,2.24,57.56,67.12,5.39,0.0,80.1,89.49,69.05,9.0,110.75,86.49,23.71,51.09,70.24,60.88,72.95
17,97.58,86.95,63.39,70.77,17.03,90.87,90.09,50.54,73.25,83.55,82.42,85.29,78.16,89.4,73.0,85.02,80.1,0.0,96.25,14.42,80.16,81.5,103.23,59.41,58.6,74.65,56.59,69.63
18,20.81,43.57,48.47,29.27,81.84,53.82,56.72,58.42,65.8,36.01,36.25,81.02,89.84,34.41,26.31,89.32,89.49,96.25,0.0,83.24,80.99,43.0,12.0,74.33,46.27,23.54,42.06,26.83
19,83.49,72.56,55.23,56.85,14.21,76.69,83.55,36.25,59.84,74.11,68.01,73.01,67.27,75.0,59.2,73.68,69.05,14.42,83.24,0.0,68.07,73.06,89.63,47.01,44.2,61.03,42.64,56.44
20,64.94,39.32,93.24,56.86,79.91,32.14,119.5,39.36,15.81,100.12,44.92,5.39,10.2,48.66,59.36,8.6,9.0,80.16,80.99,68.07,0.0,104.0,77.67,21.1,44.6,62.43,54.56,65.6
21,61.19,75.66,18.11,48.6,64.5,86.09,15.81,68.26,88.39,7.07,66.73,106.08,110.26,68.94,46.87,112.54,110.75,81.5,43.0,73.06,104.0,0.0,55.0,89.31,59.67,44.42,50.0,39.2
22,13.0,38.6,59.77,33.12,89.81,47.93,68.59,61.03,63.39,48.01,33.14,76.92,87.13,29.12,30.53,85.62,86.49,103.23,12.0,89.63,77.67,55.0,0.0,74.17,49.04,28.6,47.17,33.94
23,62.8,40.31,76.42,46.32,58.86,38.42,104.2,21.26,16.28,86.45,41.77,26.0,22.47,47.8,49.24,27.51,23.71,59.41,74.33,47.01,21.1,89.31,74.17,0.0,30.46,52.39,39.45,53.49
24,40.5,29.41,48.83,17.03,49.4,36.06,75.01,12.17,29.41,56.3,23.85,47.2,50.61,30.81,20.02,53.04,51.09,58.6,46.27,44.2,44.6,59.67,49.04,30.46,0.0,23.0,10.0,23.09
25,24.6,31.3,40.31,6.08,61.62,41.68,60.21,35.06,46.65,39.2,22.36,63.6,70.21,25.5,3.16,71.02,70.24,74.65,23.54,61.03,62.43,44.42,28.6,52.39,23.0,0.0,18.79,7.07
26,41.04,36.12,38.83,14.21,44.94,44.18,65.19,18.97,39.41,47.01,28.86,57.2,60.31,35.11,16.64,62.97,60.88,56.59,42.06,42.64,54.56,50.0,47.17,39.45,10.0,18.79,0.0,16.03
27,31.38,37.34,33.54,9.43,55.87,47.42,55.0,34.37,49.82,34.66,28.46,67.27,72.72,32.25,8.25,74.2,72.95,69.63,26.83,56.44,65.6,39.2,33.94,53.49,23.09,7.07,16.03,0.0
