set K:= 1	2	3	4;
set C_H:= 1	2	3	4	5;
set C_S:= 6	7	8	9	10;
set C_F:= 11	12	13	14	15;
set M:= 16	17	18	19	20	21;
set L_B:= 22;
set A1:=
(0,*) 1 2 3 4 5 11 12 13 14 15 16 17 18 19 20 21 22 23
(1,*) 0 2 3 4 5 11 12 13 14 15 16 17 18 19 20 21 22 23
(2,*) 0 1 3 4 5 11 12 13 14 15 16 17 18 19 20 21 22 23
(3,*) 0 1 2 4 5 11 12 13 14 15 16 17 18 19 20 21 22 23
(4,*) 0 1 2 3 5 11 12 13 14 15 16 17 18 19 20 21 22 23
(5,*) 0 1 2 3 4 11 12 13 14 15 16 17 18 19 20 21 22 23
(11,*) 0 1 2 3 4 5 12 13 14 15 16 17 18 19 20 21 22 23
(12,*) 0 1 2 3 4 5 11 13 14 15 16 17 18 19 20 21 22 23
(13,*) 0 1 2 3 4 5 11 12 14 15 16 17 18 19 20 21 22 23
(14,*) 0 1 2 3 4 5 11 12 13 15 16 17 18 19 20 21 22 23
(15,*) 0 1 2 3 4 5 11 12 13 14 16 17 18 19 20 21 22 23
(16,*) 0 1 2 3 4 5 11 12 13 14 15 17 18 19 20 21 22 23
(17,*) 0 1 2 3 4 5 11 12 13 14 15 16 18 19 20 21 22 23
(18,*) 0 1 2 3 4 5 11 12 13 14 15 16 17 19 20 21 22 23
(19,*) 0 1 2 3 4 5 11 12 13 14 15 16 17 18 20 21 22 23
(20,*) 0 1 2 3 4 5 11 12 13 14 15 16 17 18 19 21 22 23
(21,*) 0 1 2 3 4 5 11 12 13 14 15 16 17 18 19 20 22 23
(22,*) 0 1 2 3 4 5 11 12 13 14 15 16 17 18 19 20 21 23
(23,*) 0 1 2 3 4 5 11 12 13 14 15 16 17 18 19 20 21 22
;
set A2:=
(16,*) 17
(17,*) 16
(18,*) 19
(19,*) 18
;
param BigM:=99999;
param n:= 4;
param d:=
1	13
2	12
3	13
4	12
5	23
6	5
7	23
8	23
9	6
10	10
11	12
12	24
13	2
14	13
15	12
;
param Q:=100;
param w:=
[16,*] 17 2
[17,*] 16 2
[18,*] 19 2
[19,*] 18 2
;
param V:=
[16,*] 17 76
[17,*] 16 76
[18,*] 19 97
[19,*] 18 97
;
param e:
	16	17	18	19	20	21	22:=
6		0		0		0		1		0		0		1	
7		0		0		0		1		0		0		0	
8		0		0		0		1		0		0		1	
9		0		0		1		0		0		1		0	
10		0		0		0		1		0		0		0	
11		0		1		0		0		0		1		0	
12		0		0		1		0		0		1		0	
13		0		1		1		0		0		1		0	
14		1		0		1		0		1		0		0	
15		1		0		0		1		1		0		0	
;
param p:=
1	1
2	1
3	1
4	1
;
param G:=
16	76
17	71
18	86
19	97
20	83
21	90
22	74
;
param s:=
0	0
1	10
2	10
3	10
4	10
5	10
11	10
12	10
13	10
14	10
15	10
16	10
17	10
18	10
19	10
20	10
21	10
22	10
;
param t:
	0	1	2	3	4	5	6	7	8	9	10	11	12	13	14	15	16	17	18	19	20	21	22	23:=
0	0.0	11.66	17.0	19.92	22.2	28.02	92.2	51.09	78.23	73.17	69.35	101.83	81.15	75.5	32.02	30.36	27.29	102.07	80.01	70.11	15.52	80.52	73.16	0.0
1	11.66	0.0	9.22	29.68	24.19	25.55	82.0	41.11	69.05	79.16	60.42	99.81	87.14	80.16	41.15	24.21	19.72	100.69	86.7	60.83	11.18	84.59	64.43	11.66
2	17.0	9.22	0.0	29.83	18.44	17.09	75.24	34.13	61.29	73.98	52.47	90.8	81.88	74.03	39.82	15.0	10.77	91.81	82.0	53.15	4.47	78.06	56.34	17.0
3	19.92	29.68	29.83	0.0	19.03	29.15	101.14	61.1	85.0	55.11	75.95	94.05	62.97	58.87	12.17	36.4	36.25	93.24	61.2	77.47	25.81	64.47	79.12	19.92
4	22.2	24.19	18.44	19.03	0.0	10.2	82.57	43.42	66.1	55.58	57.07	79.93	63.51	56.04	24.7	18.36	19.8	79.98	63.56	58.69	14.14	60.41	60.16	22.2
5	28.02	25.55	17.09	29.15	10.2	0.0	72.42	33.84	55.9	59.77	46.87	74.52	67.45	58.55	34.44	9.22	12.65	75.21	68.35	48.51	14.42	62.07	49.98	28.02
6	92.2	82.0	75.24	101.14	82.57	72.42	0.0	41.11	18.44	117.52	26.42	81.74	123.04	111.04	106.63	64.76	65.76	86.68	126.67	24.17	77.65	110.63	24.85	92.2
7	51.09	41.11	34.13	61.1	43.42	33.84	41.11	0.0	28.46	88.84	20.59	78.59	95.77	85.0	68.1	25.06	25.0	81.58	97.94	20.25	36.67	86.73	24.89	51.09
8	78.23	69.05	61.29	85.0	66.1	55.9	18.44	28.46	0.0	99.09	9.06	67.36	104.66	92.7	89.56	49.09	51.04	71.85	108.25	8.25	63.03	92.46	6.46	78.23
9	73.17	79.16	73.98	55.11	55.58	59.77	117.52	88.84	99.09	0.0	91.93	66.0	8.0	10.05	43.97	68.35	72.42	62.13	9.22	94.79	69.72	15.81	92.74	73.17
10	69.35	60.42	52.47	75.95	57.07	46.87	26.42	20.59	9.06	91.93	0.0	66.03	97.84	86.05	80.65	40.05	42.11	70.03	101.14	3.16	54.08	86.27	4.31	69.35
11	101.83	99.81	90.8	94.05	79.93	74.52	81.74	78.59	67.36	66.0	66.03	0.0	66.48	56.01	89.47	76.55	81.84	5.66	72.34	69.01	88.87	51.24	63.56	101.83
12	81.15	87.14	81.88	62.97	63.51	67.45	123.04	95.77	104.66	8.0	97.84	66.48	0.0	12.21	51.66	75.89	80.08	62.13	6.08	100.77	77.65	15.3	98.39	81.15
13	75.5	80.16	74.03	58.87	56.04	58.55	111.04	85.0	92.7	10.05	86.05	56.01	12.21	0.0	48.76	66.49	71.02	52.09	17.09	89.02	70.0	6.4	86.47	75.5
14	32.02	41.15	39.82	12.17	24.7	34.44	106.63	68.1	89.56	43.97	80.65	89.47	51.66	48.76	0.0	43.05	44.2	87.98	49.5	82.54	35.47	54.71	83.38	32.02
15	30.36	24.21	15.0	36.4	18.36	9.22	64.76	25.06	49.09	68.35	40.05	76.55	75.89	66.49	43.05	0.0	5.39	77.9	77.08	41.3	14.87	69.58	43.55	30.36
16	27.29	19.72	10.77	36.25	19.8	12.65	65.76	25.0	51.04	72.42	42.11	81.84	80.08	71.02	44.2	5.39	0.0	83.24	80.99	43.0	12.0	74.33	45.87	27.29
17	102.07	100.69	91.81	93.24	79.98	75.21	86.68	81.58	71.85	62.13	70.03	5.66	62.13	52.09	87.98	77.9	83.24	0.0	68.07	73.06	89.63	47.01	67.77	102.07
18	80.01	86.7	82.0	61.2	63.56	68.35	126.67	97.94	108.25	9.22	101.14	72.34	6.08	17.09	49.5	77.08	80.99	68.07	0.0	104.0	77.67	21.1	101.91	80.01
19	70.11	60.83	53.15	77.47	58.69	48.51	24.17	20.25	8.25	94.79	3.16	69.01	100.77	89.02	82.54	41.3	43.0	73.06	104.0	0.0	55.0	89.31	6.02	70.11
20	15.52	11.18	4.47	25.81	14.14	14.42	77.65	36.67	63.03	69.72	54.08	88.87	77.65	70.0	35.47	14.87	12.0	89.63	77.67	55.0	0.0	74.17	57.8	15.52
21	80.52	84.59	78.06	64.47	60.41	62.07	110.63	86.73	92.46	15.81	86.27	51.24	15.3	6.4	54.71	69.58	74.33	47.01	21.1	89.31	74.17	0.0	86.37	80.52
22	73.16	64.43	56.34	79.12	60.16	49.98	24.85	24.89	6.46	92.74	4.31	63.56	98.39	86.47	83.38	43.55	45.87	67.77	101.91	6.02	57.8	86.37	0.0	73.16
;
