vehicles
vehicle_idx, capacity, cost_per_unit_distance
1,100,1
2,100,1
3,100,1
4,100,1
depot
node_idx,x,y
0,82,76
home delivery customers
node_idx,x,y,service_time,demand
1,50,5,10,21
2,42,9,10,8
3,61,59,10,3
4,49,8,10,6
5,19,32,10,1
6,85,60,10,14
7,88,51,10,18
8,98,14,10,12
self pickup customers
node_idx,x,y,service_time,demand,locker_idxs
9,23,15,10,15,26
10,3,82,10,8,28
11,57,69,10,20,25
12,5,42,10,4,26
13,93,3,10,24,27-30
14,84,39,10,16,30
15,9,97,10,24,28
16,1,65,10,22,28
flexible customers
node_idx,x,y,service_time,demand,locker_idxs
17,96,44,10,19,27
18,13,7,10,19,26
19,14,24,10,6,26
20,5,10,10,14,26
21,20,70,10,2,28
22,29,89,10,7,28
23,50,93,10,8,25
24,91,2,10,19,27-30
lockers
node_idx,x,y,service_time,capacity,cost_per_unit_good
25,65,88,10,80
26,25,15,10,93
27,93,12,10,85
28,22,88,10,75
29,77,88,10,96
30,72,14,10,77
31,55,45,10,97
32,47,51,10,79
33,49,47,10,85
34,42,29,10,99
mrt lines
start_node_idx,end_node_idx,freight_capacity,cost_per_unit_good
25,26,93,2
26,25,93,2
27,28,85,2
28,27,85,2
distance matrix
,0,1,2,3,4,5,6,7,8,9,10,11,12,13,14,15,16,17,18,19,20,21,22,23,24,25,26,27,28,29,30,31,32,33,34,
0,0.0,77.88,78.03,27.02,75.58,76.84,16.28,25.71,64.03,84.86,79.23,25.96,84.17,73.82,37.05,75.96,81.74,34.93,97.58,85.6,101.41,62.29,54.57,36.24,74.55,20.81,83.49,64.94,61.19,13.0,62.8,41.11,43.01,43.93,61.72
1,77.88,0.0,8.94,55.11,3.16,41.11,65.19,59.67,48.84,28.79,90.21,64.38,58.26,43.05,48.08,100.72,77.47,60.31,37.05,40.71,45.28,71.59,86.59,88.0,41.11,84.34,26.93,43.57,87.6,87.28,23.77,40.31,46.1,42.01,25.3
2,78.03,8.94,0.0,53.49,7.07,32.53,66.71,62.29,56.22,19.92,82.76,61.85,49.58,51.35,51.61,93.98,69.4,64.35,29.07,31.76,37.01,64.85,81.05,84.38,49.5,82.28,18.03,51.09,81.49,86.41,30.41,38.28,42.3,38.64,20.0
3,27.02,55.11,53.49,0.0,52.39,49.93,24.02,28.16,58.26,58.14,62.39,10.77,58.52,64.5,30.48,64.4,60.3,38.08,70.77,58.6,74.41,42.45,43.86,35.74,64.41,29.27,56.85,56.86,48.6,33.12,46.32,15.23,16.12,16.97,35.51
4,75.58,3.16,7.07,52.39,0.0,38.42,63.25,58.05,49.37,26.93,87.13,61.52,55.61,44.28,46.75,97.58,74.52,59.2,36.01,38.48,44.05,68.45,83.43,85.01,42.43,81.58,25.0,44.18,84.43,84.76,23.77,37.48,43.05,39.0,22.14
5,76.84,41.11,32.53,49.93,38.42,0.0,71.69,71.57,81.02,17.46,52.5,53.04,17.2,79.48,65.38,65.76,37.59,77.93,25.71,9.43,26.08,38.01,57.87,68.43,78.0,72.47,18.03,76.66,56.08,80.62,55.97,38.28,33.84,33.54,23.19
6,16.28,65.19,66.71,24.02,63.25,71.69,0.0,9.49,47.8,76.61,84.9,29.41,82.0,57.56,21.02,84.53,84.15,19.42,89.4,79.61,94.34,65.76,63.06,48.1,58.31,34.41,75.0,48.66,68.94,29.12,47.8,33.54,39.05,38.28,53.01
7,25.71,59.67,62.29,28.16,58.05,71.57,9.49,0.0,38.33,74.3,90.48,35.85,83.49,48.26,12.65,91.42,88.12,10.63,86.95,78.77,92.57,70.6,70.18,56.64,49.09,43.57,72.56,39.32,75.66,38.6,40.31,33.54,41.0,39.2,50.99
8,64.03,48.84,56.22,58.26,49.37,81.02,47.8,38.33,0.0,75.01,116.83,68.6,97.12,12.08,28.65,121.7,109.59,30.07,85.29,84.59,93.09,96.02,101.91,92.44,13.89,81.02,73.01,5.39,106.08,76.92,26.0,53.01,63.01,59.08,57.97
9,84.86,28.79,19.92,58.14,26.93,17.46,76.61,74.3,75.01,0.0,69.92,63.81,32.45,71.02,65.55,83.19,54.63,78.55,12.81,12.73,18.68,55.08,74.24,82.54,69.23,84.22,2.0,70.06,73.01,90.8,49.01,43.86,43.27,41.23,23.6
10,79.23,90.21,82.76,62.39,87.13,52.5,84.9,90.48,116.83,69.92,0.0,55.54,40.05,119.75,91.71,16.16,17.12,100.46,75.66,59.03,72.03,20.81,26.93,48.27,118.93,62.29,70.52,114.02,19.92,74.24,96.88,63.82,53.82,57.8,65.8
11,25.96,64.38,61.85,10.77,61.52,53.04,29.41,35.85,68.6,63.81,55.54,0.0,58.59,75.18,40.36,55.57,56.14,46.32,76.03,62.24,78.64,37.01,34.41,25.0,75.13,20.62,62.77,67.42,39.82,27.59,57.01,24.08,20.59,23.41,42.72
12,84.17,58.26,49.58,58.52,55.61,17.2,82.0,83.49,97.12,32.45,40.05,58.59,0.0,96.25,79.06,55.15,23.35,91.02,35.9,20.12,32.0,31.76,52.77,68.01,94.85,75.6,33.6,92.97,49.04,85.44,72.62,50.09,42.95,44.28,39.22
13,73.82,43.05,51.35,64.5,44.28,79.48,57.56,48.26,12.08,71.02,119.75,75.18,96.25,0.0,37.11,126.06,110.94,41.11,80.1,81.74,88.28,99.09,107.2,99.74,2.24,89.49,69.05,9.0,110.75,86.49,23.71,56.64,66.48,62.23,57.25
14,37.05,48.08,51.61,30.48,46.75,65.38,21.02,12.65,28.65,65.55,91.71,40.36,79.06,37.11,0.0,94.81,86.98,13.0,77.88,71.59,84.15,71.11,74.33,63.81,37.66,52.55,63.69,28.46,79.03,49.5,27.73,29.61,38.9,35.9,43.17
15,75.96,100.72,93.98,64.4,97.58,65.76,84.53,91.42,121.7,83.19,16.16,55.57,55.15,126.06,94.81,0.0,32.98,101.87,90.09,73.17,87.09,29.15,21.54,41.19,125.5,56.72,83.55,119.5,15.81,68.59,104.2,69.43,59.67,64.03,75.58
16,81.74,77.47,69.4,60.3,74.52,37.59,84.15,88.12,109.59,54.63,17.12,56.14,23.35,110.94,86.98,32.98,0.0,97.29,59.23,43.01,55.15,19.65,36.88,56.44,109.86,68.01,55.46,106.17,31.14,79.4,87.42,57.58,48.08,51.26,54.56
17,34.93,60.31,64.35,38.08,59.2,77.93,19.42,10.63,30.07,78.55,100.46,46.32,91.02,41.11,13.0,101.87,97.29,0.0,90.87,84.4,97.14,80.32,80.71,67.21,42.3,53.82,76.69,32.14,86.09,47.93,38.42,41.01,49.5,47.1,56.04
18,97.58,37.05,29.07,70.77,36.01,25.71,89.4,86.95,85.29,12.81,75.66,76.03,35.9,80.1,77.88,90.09,59.23,90.87,0.0,17.03,8.54,63.39,83.55,93.62,78.16,96.25,14.42,80.16,81.5,103.23,59.41,56.64,55.61,53.81,36.4
19,85.6,40.71,31.76,58.6,38.48,9.43,79.61,78.77,84.59,12.73,59.03,62.24,20.12,81.74,71.59,73.17,43.01,84.4,17.03,0.0,16.64,46.39,66.71,77.83,80.08,81.84,14.21,79.91,64.5,89.81,58.86,46.07,42.64,41.88,28.44
20,101.41,45.28,37.01,74.41,44.05,26.08,94.34,92.57,93.09,18.68,72.03,78.64,32.0,88.28,84.15,87.09,55.15,97.14,8.54,16.64,0.0,61.85,82.57,94.41,86.37,98.41,20.62,88.02,79.83,106.15,67.12,61.03,58.69,57.49,41.59
21,62.29,71.59,64.85,42.45,68.45,38.01,65.76,70.6,96.02,55.08,20.81,37.01,31.76,99.09,71.11,29.15,19.65,80.32,63.39,46.39,61.85,0.0,21.02,37.8,98.31,48.47,55.23,93.24,18.11,59.77,76.42,43.01,33.02,37.01,46.53
22,54.57,86.59,81.05,43.86,83.43,57.87,63.06,70.18,101.91,74.24,26.93,34.41,52.77,107.2,74.33,21.54,36.88,80.71,83.55,66.71,82.57,21.02,0.0,21.38,106.83,36.01,74.11,100.12,7.07,48.01,86.45,51.11,42.05,46.52,61.39
23,36.24,88.0,84.38,35.74,85.01,68.43,48.1,56.64,92.44,82.54,48.27,25.0,68.01,99.74,63.81,41.19,56.44,67.21,93.62,77.83,94.41,37.8,21.38,0.0,99.81,15.81,81.91,91.71,28.44,27.46,82.01,48.26,42.11,46.01,64.5
24,74.55,41.11,49.5,64.41,42.43,78.0,58.31,49.09,13.89,69.23,118.93,75.13,94.85,2.24,37.66,125.5,109.86,42.3,78.16,80.08,86.37,98.31,106.83,99.81,0.0,89.84,67.27,10.2,110.26,87.13,22.47,56.08,65.86,61.55,55.95
25,20.81,84.34,82.28,29.27,81.58,72.47,34.41,43.57,81.02,84.22,62.29,20.62,75.6,89.49,52.55,56.72,68.01,53.82,96.25,81.84,98.41,48.47,36.01,15.81,89.84,0.0,83.24,80.99,43.0,12.0,74.33,44.15,41.15,44.01,63.32
26,83.49,26.93,18.03,56.85,25.0,18.03,75.0,72.56,73.01,2.0,70.52,62.77,33.6,69.05,63.69,83.55,55.46,76.69,14.42,14.21,20.62,55.23,74.11,81.91,67.27,83.24,0.0,68.07,73.06,89.63,47.01,42.43,42.19,40.0,22.02
27,64.94,43.57,51.09,56.86,44.18,76.66,48.66,39.32,5.39,70.06,114.02,67.42,92.97,9.0,28.46,119.5,106.17,32.14,80.16,79.91,88.02,93.24,100.12,91.71,10.2,80.99,68.07,0.0,104.0,77.67,21.1,50.33,60.31,56.22,53.76
28,61.19,87.6,81.49,48.6,84.43,56.08,68.94,75.66,106.08,73.01,19.92,39.82,49.04,110.75,79.03,15.81,31.14,86.09,81.5,64.5,79.83,18.11,7.07,28.44,110.26,43.0,73.06,104.0,0.0,55.0,89.31,54.2,44.65,49.09,62.3
29,13.0,87.28,86.41,33.12,84.76,80.62,29.12,38.6,76.92,90.8,74.24,27.59,85.44,86.49,49.5,68.59,79.4,47.93,103.23,89.81,106.15,59.77,48.01,27.46,87.13,12.0,89.63,77.67,55.0,0.0,74.17,48.3,47.63,49.65,68.6
30,62.8,23.77,30.41,46.32,23.77,55.97,47.8,40.31,26.0,49.01,96.88,57.01,72.62,23.71,27.73,104.2,87.42,38.42,59.41,58.86,67.12,76.42,86.45,82.01,22.47,74.33,47.01,21.1,89.31,74.17,0.0,35.36,44.65,40.22,33.54
31,41.11,40.31,38.28,15.23,37.48,38.28,33.54,33.54,53.01,43.86,63.82,24.08,50.09,56.64,29.61,69.43,57.58,41.01,56.64,46.07,61.03,43.01,51.11,48.26,56.08,44.15,42.43,50.33,54.2,48.3,35.36,0.0,10.0,6.32,20.62
32,43.01,46.1,42.3,16.12,43.05,33.84,39.05,41.0,63.01,43.27,53.82,20.59,42.95,66.48,38.9,59.67,48.08,49.5,55.61,42.64,58.69,33.02,42.05,42.11,65.86,41.15,42.19,60.31,44.65,47.63,44.65,10.0,0.0,4.47,22.56
33,43.93,42.01,38.64,16.97,39.0,33.54,38.28,39.2,59.08,41.23,57.8,23.41,44.28,62.23,35.9,64.03,51.26,47.1,53.81,41.88,57.49,37.01,46.52,46.01,61.55,44.01,40.0,56.22,49.09,49.65,40.22,6.32,4.47,0.0,19.31
34,61.72,25.3,20.0,35.51,22.14,23.19,53.01,50.99,57.97,23.6,65.8,42.72,39.22,57.25,43.17,75.58,54.56,56.04,36.4,28.44,41.59,46.53,61.39,64.5,55.95,63.32,22.02,53.76,62.3,68.6,33.54,20.62,22.56,19.31,0.0
