vehicles
vehicle_idx, capacity, cost_per_unit_distance
1,100,3
2,100,3
3,100,3
4,100,3
depot
node_idx,x,y
0,92,92
home delivery customers
node_idx,x,y,service_time,demand
1,97,0,10,26
2,89,17,10,20
3,48,42,10,2
4,50,33,10,4
5,88,58,10,24
6,66,42,10,16
7,80,28,10,14
8,61,38,10,11
self pickup customers
node_idx,x,y,service_time,demand,locker_idxs
9,79,74,10,12,28-21-25
10,40,3,10,6,26-30-22
11,46,80,10,5,24-21-28
12,52,82,10,5,25-21-28
13,52,82,10,11,25-21-28
14,41,95,10,23,21-24-28
flexible customers
node_idx,x,y,service_time,demand,locker_idxs
15,36,93,10,7,21-24-28
16,56,75,10,13,25-28-21
17,63,83,10,12,28-25-21
18,60,25,10,9,23-27-26-30
19,65,22,10,23,23-27-26-30
20,59,2,10,9,22-23-30-26
lockers
node_idx,x,y,service_time,capacity,cost_per_unit_good
21,65,88,10,84
22,25,15,10,82
23,93,12,10,70
24,22,88,10,71
25,77,88,10,77
26,72,14,10,75
27,83,35,10,83
28,43,85,10,78
29,11,29,10,84
30,64,22,10,84
mrt lines
start_node_idx,end_node_idx,freight_capacity,cost_per_unit_good
21,22,84,0.1
22,21,84,0.1
23,24,71,0.1
24,23,71,0.1
25,26,77,0.1
26,25,77,0.1
distance matrix
,0,1,2,3,4,5,6,7,8,9,10,11,12,13,14,15,16,17,18,19,20,21,22,23,24,25,26,27,28,29,30,
0,0.0,92.14,75.06,66.6,72.42,34.23,56.36,65.12,62.27,22.2,103.08,47.54,41.23,41.23,51.09,56.01,39.81,30.36,74.25,75.03,95.86,27.29,102.07,80.01,70.11,15.52,80.52,57.71,49.5,102.62,75.39
1,92.14,0.0,18.79,64.54,57.43,58.69,52.2,32.76,52.35,76.16,57.08,94.87,93.54,93.54,110.28,111.22,85.48,89.69,44.65,38.83,38.05,93.64,73.55,12.65,115.62,90.24,28.65,37.7,100.7,90.76,39.66
2,75.06,18.79,0.0,48.02,42.15,41.01,33.97,14.21,35.0,57.87,50.96,76.28,74.79,74.79,91.59,92.66,66.73,70.94,30.08,24.52,33.54,74.95,64.03,6.4,97.62,72.01,17.26,18.97,82.1,78.92,25.5
3,66.6,64.54,48.02,0.0,9.22,43.08,18.0,34.93,13.6,44.55,39.81,38.05,40.2,40.2,53.46,52.39,33.96,43.66,20.81,26.25,41.48,49.04,35.47,54.08,52.84,54.38,36.88,35.69,43.29,39.22,25.61
4,72.42,57.43,42.15,9.22,0.0,45.49,18.36,30.41,12.08,50.22,31.62,47.17,49.04,49.04,62.65,61.61,42.43,51.66,12.81,18.6,32.28,57.01,30.81,47.85,61.72,61.27,29.07,33.06,52.47,39.2,17.8
5,34.23,58.69,41.01,43.08,45.49,0.0,27.2,31.05,33.6,18.36,73.0,47.41,43.27,43.27,59.82,62.68,36.24,35.36,43.28,42.72,63.06,37.8,76.28,46.27,72.5,31.95,46.82,23.54,52.48,82.28,43.27
6,56.36,52.2,33.97,18.0,18.36,27.2,0.0,19.8,6.4,34.54,46.87,42.94,42.38,42.38,58.6,59.17,34.48,41.11,18.03,20.02,40.61,46.01,49.09,40.36,63.66,47.3,28.64,18.38,48.76,56.52,20.1
7,65.12,32.76,14.21,34.93,30.41,31.05,19.8,0.0,21.47,46.01,47.17,62.13,60.83,60.83,77.52,78.49,52.77,57.57,20.22,16.16,33.42,61.85,56.52,20.62,83.45,60.07,16.12,7.62,67.96,69.01,17.09
8,62.27,52.35,35.0,13.6,12.08,33.6,6.4,21.47,0.0,40.25,40.82,44.6,44.91,44.91,60.41,60.42,37.34,45.04,13.04,16.49,36.06,50.16,42.72,41.23,63.41,52.5,26.4,22.2,50.33,50.8,16.28
9,22.2,76.16,57.87,44.55,50.22,18.36,34.54,46.01,40.25,0.0,81.01,33.54,28.16,28.16,43.42,47.01,23.02,18.36,52.55,53.85,74.73,19.8,79.98,63.56,58.69,14.14,60.41,39.2,37.64,81.54,54.12
10,103.08,57.08,50.96,39.81,31.62,73.0,46.87,47.17,40.82,81.01,0.0,77.23,79.91,79.91,92.01,90.09,73.76,83.24,29.73,31.4,19.03,88.6,19.21,53.76,86.88,92.7,33.84,53.6,82.05,38.95,30.61
11,47.54,94.87,76.28,38.05,47.17,47.41,42.94,62.13,44.6,33.54,77.23,0.0,6.32,6.32,15.81,16.4,11.18,17.26,56.75,61.03,79.08,20.62,68.31,82.66,25.3,32.02,70.94,58.26,5.83,61.85,60.73
12,41.23,93.54,74.79,40.2,49.04,43.27,42.38,60.83,44.91,28.16,79.91,6.32,0.0,0.0,17.03,19.42,8.06,11.05,57.56,61.39,80.31,14.32,72.24,81.12,30.59,25.71,70.88,56.3,9.49,67.01,61.19
13,41.23,93.54,74.79,40.2,49.04,43.27,42.38,60.83,44.91,28.16,79.91,6.32,0.0,0.0,17.03,19.42,8.06,11.05,57.56,61.39,80.31,14.32,72.24,81.12,30.59,25.71,70.88,56.3,9.49,67.01,61.19
14,51.09,110.28,91.59,53.46,62.65,59.82,58.6,77.52,60.41,43.42,92.01,15.81,17.03,17.03,0.0,5.39,25.0,25.06,72.53,76.84,94.73,25.0,81.58,97.94,20.25,36.67,86.73,73.24,10.2,72.5,76.54
15,56.01,111.22,92.66,52.39,61.61,62.68,59.17,78.49,60.42,47.01,90.09,16.4,19.42,19.42,5.39,0.0,26.91,28.79,72.11,76.69,93.86,29.43,78.77,99.05,14.87,41.3,86.82,74.65,10.63,68.71,76.32
16,39.81,85.48,66.73,33.96,42.43,36.24,34.48,52.77,37.34,23.02,73.76,11.18,8.06,8.06,25.0,26.91,0.0,10.63,50.16,53.76,73.06,15.81,67.54,73.06,36.4,24.7,63.06,48.26,16.4,64.35,53.6
17,30.36,89.69,70.94,43.66,51.66,35.36,41.11,57.57,45.04,18.36,83.24,17.26,11.05,11.05,25.06,28.79,10.63,0.0,58.08,61.03,81.1,5.39,77.9,77.08,41.3,14.87,69.58,52.0,20.1,74.97,61.01
18,74.25,44.65,30.08,20.81,12.81,43.28,18.03,20.22,13.04,52.55,29.73,56.75,57.56,57.56,72.53,72.11,50.16,58.08,0.0,5.83,23.02,63.2,36.4,35.47,73.57,65.25,16.28,25.08,62.36,49.16,5.0
19,75.03,38.83,24.52,26.25,18.6,42.72,20.02,16.16,16.49,53.85,31.4,61.03,61.39,61.39,76.84,76.69,53.76,61.03,5.83,0.0,20.88,66.0,40.61,29.73,78.77,67.08,10.63,22.2,66.73,54.45,1.0
20,95.86,38.05,33.54,41.48,32.28,63.06,40.61,33.42,36.06,74.73,19.03,79.08,80.31,80.31,94.73,93.86,73.06,81.1,23.02,20.88,0.0,86.21,36.4,35.44,93.62,87.86,17.69,40.8,84.53,55.07,20.62
21,27.29,93.64,74.95,49.04,57.01,37.8,46.01,61.85,50.16,19.8,88.6,20.62,14.32,14.32,25.0,29.43,15.81,5.39,63.2,66.0,86.21,0.0,83.24,80.99,43.0,12.0,74.33,55.97,22.2,79.98,66.01
22,102.07,73.55,64.03,35.47,30.81,76.28,49.09,56.52,42.72,79.98,19.21,68.31,72.24,72.24,81.58,78.77,67.54,77.9,36.4,40.61,36.4,83.24,0.0,68.07,73.06,89.63,47.01,61.35,72.28,19.8,39.62
23,80.01,12.65,6.4,54.08,47.85,46.27,40.36,20.62,41.23,63.56,53.76,82.66,81.12,81.12,97.94,99.05,73.06,77.08,35.47,29.73,35.44,80.99,68.07,0.0,104.0,77.67,21.1,25.08,88.48,83.74,30.68
24,70.11,115.62,97.62,52.84,61.72,72.5,63.66,83.45,63.41,58.69,86.88,25.3,30.59,30.59,20.25,14.87,36.4,41.3,73.57,78.77,93.62,43.0,73.06,104.0,0.0,55.0,89.31,80.81,21.21,60.02,78.23
25,15.52,90.24,72.01,54.38,61.27,31.95,47.3,60.07,52.5,14.14,92.7,32.02,25.71,25.71,36.67,41.3,24.7,14.87,65.25,67.08,87.86,12.0,89.63,77.67,55.0,0.0,74.17,53.34,34.13,88.53,67.27
26,80.52,28.65,17.26,36.88,29.07,46.82,28.64,16.12,26.4,60.41,33.84,70.94,70.88,70.88,86.73,86.82,63.06,69.58,16.28,10.63,17.69,74.33,47.01,21.1,89.31,74.17,0.0,23.71,76.69,62.82,11.31
27,57.71,37.7,18.97,35.69,33.06,23.54,18.38,7.62,22.2,39.2,53.6,58.26,56.3,56.3,73.24,74.65,48.26,52.0,25.08,22.2,40.8,55.97,61.35,25.08,80.81,53.34,23.71,0.0,64.03,72.25,23.02
28,49.5,100.7,82.1,43.29,52.47,52.48,48.76,67.96,50.33,37.64,82.05,5.83,9.49,9.49,10.2,10.63,16.4,20.1,62.36,66.73,84.53,22.2,72.28,88.48,21.21,34.13,76.69,64.03,0.0,64.5,66.41
29,102.62,90.76,78.92,39.22,39.2,82.28,56.52,69.01,50.8,81.54,38.95,61.85,67.01,67.01,72.5,68.71,64.35,74.97,49.16,54.45,55.07,79.98,19.8,83.74,60.02,88.53,62.82,72.25,64.5,0.0,53.46
30,75.39,39.66,25.5,25.61,17.8,43.27,20.1,17.09,16.28,54.12,30.61,60.73,61.19,61.19,76.54,76.32,53.6,61.01,5.0,1.0,20.62,66.01,39.62,30.68,78.23,67.27,11.31,23.02,66.41,53.46,0.0
