set K:= 1	2	3	4;
set C_H:= 1	2	3	4	5	6	7	8	9;
set C_S:= 10	11	12	13	14	15	16;
set C_F:= 17	18	19	20	21	22	23;
set M:= 24	25	26	27	28	29;
set L_B:= 30	31	32	33;
set A1:=
(0,*) 1 2 3 4 5 6 7 8 9 17 18 19 20 21 22 23 24 25 26 27 28 29 30 31 32 33 34
(1,*) 0 2 3 4 5 6 7 8 9 17 18 19 20 21 22 23 24 25 26 27 28 29 30 31 32 33 34
(2,*) 0 1 3 4 5 6 7 8 9 17 18 19 20 21 22 23 24 25 26 27 28 29 30 31 32 33 34
(3,*) 0 1 2 4 5 6 7 8 9 17 18 19 20 21 22 23 24 25 26 27 28 29 30 31 32 33 34
(4,*) 0 1 2 3 5 6 7 8 9 17 18 19 20 21 22 23 24 25 26 27 28 29 30 31 32 33 34
(5,*) 0 1 2 3 4 6 7 8 9 17 18 19 20 21 22 23 24 25 26 27 28 29 30 31 32 33 34
(6,*) 0 1 2 3 4 5 7 8 9 17 18 19 20 21 22 23 24 25 26 27 28 29 30 31 32 33 34
(7,*) 0 1 2 3 4 5 6 8 9 17 18 19 20 21 22 23 24 25 26 27 28 29 30 31 32 33 34
(8,*) 0 1 2 3 4 5 6 7 9 17 18 19 20 21 22 23 24 25 26 27 28 29 30 31 32 33 34
(9,*) 0 1 2 3 4 5 6 7 8 17 18 19 20 21 22 23 24 25 26 27 28 29 30 31 32 33 34
(17,*) 0 1 2 3 4 5 6 7 8 9 18 19 20 21 22 23 24 25 26 27 28 29 30 31 32 33 34
(18,*) 0 1 2 3 4 5 6 7 8 9 17 19 20 21 22 23 24 25 26 27 28 29 30 31 32 33 34
(19,*) 0 1 2 3 4 5 6 7 8 9 17 18 20 21 22 23 24 25 26 27 28 29 30 31 32 33 34
(20,*) 0 1 2 3 4 5 6 7 8 9 17 18 19 21 22 23 24 25 26 27 28 29 30 31 32 33 34
(21,*) 0 1 2 3 4 5 6 7 8 9 17 18 19 20 22 23 24 25 26 27 28 29 30 31 32 33 34
(22,*) 0 1 2 3 4 5 6 7 8 9 17 18 19 20 21 23 24 25 26 27 28 29 30 31 32 33 34
(23,*) 0 1 2 3 4 5 6 7 8 9 17 18 19 20 21 22 24 25 26 27 28 29 30 31 32 33 34
(24,*) 0 1 2 3 4 5 6 7 8 9 17 18 19 20 21 22 23 25 26 27 28 29 30 31 32 33 34
(25,*) 0 1 2 3 4 5 6 7 8 9 17 18 19 20 21 22 23 24 26 27 28 29 30 31 32 33 34
(26,*) 0 1 2 3 4 5 6 7 8 9 17 18 19 20 21 22 23 24 25 27 28 29 30 31 32 33 34
(27,*) 0 1 2 3 4 5 6 7 8 9 17 18 19 20 21 22 23 24 25 26 28 29 30 31 32 33 34
(28,*) 0 1 2 3 4 5 6 7 8 9 17 18 19 20 21 22 23 24 25 26 27 29 30 31 32 33 34
(29,*) 0 1 2 3 4 5 6 7 8 9 17 18 19 20 21 22 23 24 25 26 27 28 30 31 32 33 34
(30,*) 0 1 2 3 4 5 6 7 8 9 17 18 19 20 21 22 23 24 25 26 27 28 29 31 32 33 34
(31,*) 0 1 2 3 4 5 6 7 8 9 17 18 19 20 21 22 23 24 25 26 27 28 29 30 32 33 34
(32,*) 0 1 2 3 4 5 6 7 8 9 17 18 19 20 21 22 23 24 25 26 27 28 29 30 31 33 34
(33,*) 0 1 2 3 4 5 6 7 8 9 17 18 19 20 21 22 23 24 25 26 27 28 29 30 31 32 34
(34,*) 0 1 2 3 4 5 6 7 8 9 17 18 19 20 21 22 23 24 25 26 27 28 29 30 31 32 33
;
set A2:=
(24,*) 25
(25,*) 24
;
param BigM:=99999;
param n:= 4;
param d:=
1	21
2	14
3	19
4	7
5	24
6	6
7	14
8	12
9	2
10	15
11	19
12	16
13	16
14	19
15	6
16	24
17	2
18	9
19	1
20	16
21	8
22	8
23	18
;
param Q:=100;
param w:=
[24,*] 25 0.5
[25,*] 24 0.5
;
param V:=
[24,*] 25 95
[25,*] 24 95
;
param e:
	24	25	26	27	28	29	30	31	32	33:=
10		0		1		0		0		0		0		0		0		0		0	
11		0		0		1		0		0		1		0		0		0		0	
12		0		1		0		0		0		0		0		0		0		0	
13		0		0		0		0		0		0		0		0		1		0	
14		0		1		0		0		0		0		0		0		0		0	
15		0		1		0		0		0		1		0		0		0		0	
16		0		0		0		1		0		0		0		0		0		0	
17		0		0		0		1		0		0		0		0		0		0	
18		0		0		1		0		0		0		0		0		0		0	
19		0		1		0		0		0		0		0		0		0		0	
20		0		0		1		0		0		1		0		0		0		0	
21		1		0		0		0		0		0		0		0		0		0	
22		0		0		0		1		0		0		0		0		0		0	
23		0		0		0		0		0		0		0		1		1		0	
;
param p:=
1	1
2	1
3	1
4	1
;
param G:=
24	95
25	76
26	84
27	83
28	95
29	93
30	96
31	96
32	79
33	71
;
param s:=
0	0
1	10
2	10
3	10
4	10
5	10
6	10
7	10
8	10
9	10
17	10
18	10
19	10
20	10
21	10
22	10
23	10
24	10
25	10
26	10
27	10
28	10
29	10
30	10
31	10
32	10
33	10
;
param t:
	0	1	2	3	4	5	6	7	8	9	10	11	12	13	14	15	16	17	18	19	20	21	22	23	24	25	26	27	28	29	30	31	32	33	34:=
0	0.0	77.88	101.41	34.93	54.57	25.24	85.6	16.28	64.03	21.1	84.86	74.55	88.14	37.05	97.58	75.58	75.96	62.29	72.78	76.84	51.04	36.24	79.23	25.71	20.81	83.49	64.94	61.19	13.0	62.8	44.05	22.2	38.48	39.82	0.0
1	77.88	0.0	45.28	60.31	86.59	58.05	40.71	65.19	48.84	58.31	28.79	41.11	58.82	48.08	37.05	3.16	100.72	71.59	48.0	41.11	39.45	88.0	90.21	59.67	84.34	26.93	43.57	87.6	87.28	23.77	43.05	59.67	39.4	46.01	77.88
2	101.41	45.28	0.0	97.14	82.57	76.42	16.64	94.34	93.09	87.46	18.68	86.37	29.15	84.15	8.54	44.05	87.09	61.85	93.13	26.08	80.41	94.41	72.03	92.57	98.41	20.62	88.02	79.83	106.15	67.12	57.38	79.31	68.43	61.62	101.41
3	34.93	60.31	97.14	0.0	80.71	39.36	84.4	19.42	30.07	19.42	78.55	42.3	94.13	13.0	90.87	59.2	101.87	80.32	39.05	77.93	22.47	67.21	100.46	10.63	53.82	76.69	32.14	86.09	47.93	38.42	48.17	37.22	30.15	45.54	34.93
4	54.57	86.59	82.57	80.71	0.0	41.87	66.71	63.06	101.91	61.29	74.24	106.83	56.82	74.33	83.55	83.43	21.54	21.02	108.71	57.87	84.39	21.38	26.93	70.18	36.01	74.11	100.12	7.07	48.01	86.45	45.19	43.6	60.61	43.91	54.57
5	25.24	58.05	76.42	39.36	41.87	0.0	60.44	24.08	60.61	20.25	60.44	67.08	63.32	32.53	73.0	55.32	62.68	41.77	67.96	51.61	43.57	32.89	61.35	29.15	26.31	59.2	59.36	46.87	30.53	49.24	19.1	3.16	21.59	14.87	25.24
6	85.6	40.71	16.64	84.4	66.71	60.44	0.0	79.61	84.59	72.92	12.73	80.08	19.21	71.59	17.03	38.48	73.17	46.39	86.12	9.43	70.01	77.83	59.03	78.77	81.84	14.21	79.91	64.5	89.81	58.86	41.62	63.41	54.71	45.8	85.6
7	16.28	65.19	94.34	19.42	63.06	24.08	79.61	0.0	47.8	7.07	76.61	58.31	85.62	21.02	89.4	63.25	84.53	65.76	56.52	71.69	35.01	48.1	84.9	9.49	34.41	75.0	48.66	68.94	29.12	47.8	38.9	21.21	26.87	35.17	16.28
8	64.03	48.84	93.09	30.07	101.91	60.61	84.59	47.8	0.0	44.78	75.01	13.89	99.2	28.65	85.29	49.37	121.7	96.02	9.0	81.02	17.8	92.44	116.83	38.33	81.02	73.01	5.39	106.08	76.92	26.0	60.46	59.64	41.87	59.82	64.03
9	21.1	58.31	87.46	19.42	61.29	20.25	72.92	7.07	44.78	0.0	69.63	54.13	79.62	16.49	82.42	56.3	82.49	61.85	53.14	65.19	30.27	48.41	81.6	8.94	36.25	68.01	44.92	66.73	33.14	41.77	32.76	17.89	19.8	29.27	21.1
10	84.86	28.79	18.68	78.55	74.24	60.44	12.73	76.61	75.01	69.63	0.0	69.23	31.89	65.55	12.81	26.93	83.19	55.08	75.66	17.46	61.81	82.54	69.92	74.3	84.22	2.0	70.06	73.01	90.8	49.01	41.4	63.13	50.25	45.61	84.86
11	74.55	41.11	86.37	42.3	106.83	67.08	80.08	58.31	13.89	54.13	69.23	0.0	96.38	37.66	78.16	42.43	125.5	98.31	7.62	78.0	24.04	99.81	118.93	49.09	89.84	67.27	10.2	110.26	87.13	22.47	62.97	66.71	46.32	63.25	74.55
12	88.14	58.82	29.15	94.13	56.82	63.32	19.21	85.62	99.2	79.62	31.89	96.38	0.0	82.0	33.84	56.3	58.42	35.85	101.84	18.38	83.19	72.25	43.01	86.83	79.81	33.24	94.92	52.92	89.59	74.33	46.87	66.48	64.03	50.45	88.14
13	37.05	48.08	84.15	13.0	74.33	32.53	71.59	21.02	28.65	16.49	65.55	37.66	82.0	0.0	77.88	46.75	94.81	71.11	36.77	65.38	14.0	63.81	91.71	12.65	52.55	63.69	28.46	79.03	49.5	27.73	37.11	31.24	18.11	35.11	37.05
14	97.58	37.05	8.54	90.87	83.55	73.0	17.03	89.4	85.29	82.42	12.81	78.16	33.84	77.88	0.0	36.01	90.09	63.39	85.02	25.71	73.25	93.62	75.66	86.95	96.25	14.42	80.16	81.5	103.23	59.41	53.91	75.74	62.97	58.14	97.58
15	75.58	3.16	44.05	59.2	83.43	55.32	38.48	63.25	49.37	56.3	26.93	42.43	56.3	46.75	36.01	0.0	97.58	68.45	49.09	38.42	38.91	85.01	87.13	58.05	81.58	25.0	44.18	84.43	84.76	23.77	40.01	57.01	37.12	43.05	75.58
16	75.96	100.72	87.09	101.87	21.54	62.68	73.17	84.53	121.7	82.49	83.19	125.5	58.42	94.81	90.09	97.58	0.0	29.15	128.0	65.76	103.97	41.19	16.16	91.42	56.72	83.55	119.5	15.81	68.59	104.2	62.63	64.66	79.91	62.29	75.96
17	62.29	71.59	61.85	80.32	21.02	41.77	46.39	65.76	96.02	61.85	55.08	98.31	35.85	71.11	63.39	68.45	29.15	0.0	101.53	38.01	78.24	37.8	20.81	70.6	48.47	55.23	93.24	18.11	59.77	76.42	35.61	44.55	54.38	36.36	62.29
18	72.78	48.0	93.13	39.05	108.71	67.96	86.12	56.52	9.0	53.14	75.66	7.62	101.84	36.77	85.02	49.09	128.0	101.53	0.0	83.49	24.41	100.24	122.29	47.07	89.32	73.68	8.6	112.54	85.62	27.51	65.95	67.23	48.17	65.76	72.78
19	76.84	41.11	26.08	77.93	57.87	51.61	9.43	71.69	81.02	65.19	17.46	78.0	18.38	65.38	25.71	38.42	65.76	38.01	83.49	0.0	65.38	68.43	52.5	71.57	72.47	18.03	76.66	56.08	80.62	55.97	33.12	54.64	47.85	37.22	76.84
20	51.04	39.45	80.41	22.47	84.39	43.57	70.01	35.01	17.8	30.27	61.81	24.04	83.19	14.0	73.25	38.91	103.97	78.24	24.41	65.38	0.0	76.03	99.05	26.31	65.8	59.84	15.81	88.39	63.39	16.28	42.72	42.94	24.08	42.01	51.04
21	36.24	88.0	94.41	67.21	21.38	32.89	77.83	48.1	92.44	48.41	82.54	99.81	72.25	63.81	93.62	85.01	41.19	37.8	100.24	68.43	76.03	0.0	48.27	56.64	15.81	81.91	91.71	28.44	27.46	82.01	45.04	33.11	54.41	42.01	36.24
22	79.23	90.21	72.03	100.46	26.93	61.35	59.03	84.9	116.83	81.6	69.92	118.93	43.01	91.71	75.66	87.13	16.16	20.81	122.29	52.5	99.05	48.27	0.0	90.48	62.29	70.52	114.02	19.92	74.24	96.88	56.4	63.89	75.17	57.14	79.23
23	25.71	59.67	92.57	10.63	70.18	29.15	78.77	9.49	38.33	8.94	74.3	49.09	86.83	12.65	86.95	58.05	91.42	70.6	47.07	71.57	26.31	56.64	90.48	0.0	43.57	72.56	39.32	75.66	38.6	40.31	40.11	26.83	24.17	37.0	25.71
24	20.81	84.34	98.41	53.82	36.01	26.31	81.84	34.41	81.02	36.25	84.22	89.84	79.81	52.55	96.25	81.58	56.72	48.47	89.32	72.47	65.8	15.81	62.29	43.57	0.0	83.24	80.99	43.0	12.0	74.33	43.46	25.02	47.01	39.56	20.81
25	83.49	26.93	20.62	76.69	74.11	59.2	14.21	75.0	73.01	68.01	2.0	67.27	33.24	63.69	14.42	25.0	83.55	55.23	73.68	18.03	59.84	81.91	70.52	72.56	83.24	0.0	68.07	73.06	89.63	47.01	40.22	61.85	48.55	44.41	83.49
26	64.94	43.57	88.02	32.14	100.12	59.36	79.91	48.66	5.39	44.92	70.06	10.2	94.92	28.46	80.16	44.18	119.5	93.24	8.6	76.66	15.81	91.71	114.02	39.32	80.99	68.07	0.0	104.0	77.67	21.1	57.63	58.67	39.62	57.31	64.94
27	61.19	87.6	79.83	86.09	7.07	46.87	64.5	68.94	106.08	66.73	73.01	110.26	52.92	79.03	81.5	84.43	15.81	18.11	112.54	56.08	88.39	28.44	19.92	75.66	43.0	73.06	104.0	0.0	55.0	89.31	47.71	48.88	64.38	47.01	61.19
28	13.0	87.28	106.15	47.93	48.01	30.53	89.81	29.12	76.92	33.14	90.8	87.13	89.59	49.5	103.23	84.76	68.59	59.77	85.62	80.62	63.39	27.46	74.24	38.6	12.0	89.63	77.67	55.0	0.0	74.17	49.41	28.18	48.27	45.22	13.0
29	62.8	23.77	67.12	38.42	86.45	49.24	58.86	47.8	26.0	41.77	49.01	22.47	74.33	27.73	59.41	23.77	104.2	76.42	27.51	55.97	16.28	82.01	96.88	40.31	74.33	47.01	21.1	89.31	74.17	0.0	41.62	49.65	27.66	42.54	62.8
30	44.05	43.05	57.38	48.17	45.19	19.1	41.62	38.9	60.46	32.76	41.4	62.97	46.87	37.11	53.91	40.01	62.63	35.61	65.95	33.12	42.72	45.04	56.4	40.11	43.46	40.22	57.63	47.71	49.41	41.62	0.0	21.93	19.31	4.24	44.05
31	22.2	59.67	79.31	37.22	43.6	3.16	63.41	21.21	59.64	17.89	63.13	66.71	66.48	31.24	75.74	57.01	64.66	44.55	67.23	54.64	42.94	33.11	63.89	26.83	25.02	61.85	58.67	48.88	28.18	49.65	21.93	0.0	22.09	17.69	22.2
32	38.48	39.4	68.43	30.15	60.61	21.59	54.71	26.87	41.87	19.8	50.25	46.32	64.03	18.11	62.97	37.12	79.91	54.38	48.17	47.85	24.08	54.41	75.17	24.17	47.01	48.55	39.62	64.38	48.27	27.66	19.31	22.09	0.0	18.03	38.48
33	39.82	46.01	61.62	45.54	43.91	14.87	45.8	35.17	59.82	29.27	45.61	63.25	50.45	35.11	58.14	43.05	62.29	36.36	65.76	37.22	42.01	42.01	57.14	37.0	39.56	44.41	57.31	47.01	45.22	42.54	4.24	17.69	18.03	0.0	39.82
;
