vehicles
vehicle_idx, capacity, cost_per_unit_distance
1,100,3
2,100,3
3,100,3
4,100,3
depot
node_idx,x,y
0,82,76
home delivery customers
node_idx,x,y,service_time,demand
1,91,2,10,19
2,13,7,10,19
3,1,65,10,22
4,98,5,10,9
5,93,3,10,24
6,98,14,10,12
7,29,89,10,7
8,61,59,10,3
9,49,8,10,6
self pickup customers
node_idx,x,y,service_time,demand,locker_idxs
10,84,39,10,16,29
11,84,25,10,16,29
12,88,51,10,18,24
13,96,44,10,19,29
14,20,70,10,2,24
15,9,97,10,24,24
16,3,82,10,8,27
flexible customers
node_idx,x,y,service_time,demand,locker_idxs
17,80,55,10,2,26
18,98,52,10,21,29
19,61,62,10,24,27-26
20,57,69,10,20,27-26
21,19,32,10,1,28
22,2,39,10,16,28
23,5,10,10,14,25
lockers
node_idx,x,y,service_time,capacity,cost_per_unit_good
24,65,88,10,73
25,25,15,10,95
26,53,50,10,97
27,47,61,10,82
28,15,30,10,74
29,65,24,10,93
mrt lines
start_node_idx,end_node_idx,freight_capacity,cost_per_unit_good
distance matrix
,0,1,2,3,4,5,6,7,8,9,10,11,12,13,14,15,16,17,18,19,20,21,22,23,24,25,26,27,28,29,
0,0.0,74.55,97.58,81.74,72.78,73.82,64.03,54.57,27.02,75.58,37.05,51.04,25.71,34.93,62.29,75.96,79.23,21.1,28.84,25.24,25.96,76.84,88.14,101.41,20.81,83.49,38.95,38.08,81.27,54.71
1,74.55,0.0,78.16,109.86,7.62,2.24,13.89,106.83,64.41,42.43,37.66,24.04,49.09,42.3,98.31,125.5,118.93,54.13,50.49,67.08,75.13,78.0,96.38,86.37,89.84,67.27,61.22,73.6,80.99,34.06
2,97.58,78.16,0.0,59.23,85.02,80.1,85.29,83.55,70.77,36.01,77.88,73.25,86.95,90.87,63.39,90.09,75.66,82.42,96.18,73.0,76.03,25.71,33.84,8.54,96.25,14.42,58.73,63.81,23.09,54.71
3,81.74,109.86,59.23,0.0,114.06,110.94,109.59,36.88,60.3,74.52,86.98,92.14,88.12,97.29,19.65,32.98,17.12,79.63,97.87,60.07,56.14,37.59,26.02,55.15,68.01,55.46,54.12,46.17,37.7,76.01
4,72.78,7.62,85.02,114.06,0.0,5.39,9.0,108.71,65.46,49.09,36.77,24.41,47.07,39.05,101.53,128.0,122.29,53.14,47.0,67.96,76.01,83.49,101.84,93.13,89.32,73.68,63.64,75.74,86.68,38.08
5,73.82,2.24,80.1,110.94,5.39,0.0,12.08,107.2,64.5,44.28,37.11,23.77,48.26,41.11,99.09,126.06,119.75,53.6,49.25,67.12,75.18,79.48,97.86,88.28,89.49,69.05,61.72,74.03,82.54,35.0
6,64.03,13.89,85.29,109.59,9.0,12.08,0.0,101.91,58.26,49.37,28.65,17.8,38.33,30.07,96.02,121.7,116.83,44.78,38.0,60.61,68.6,81.02,99.2,93.09,81.02,73.01,57.63,69.35,84.53,34.48
7,54.57,106.83,83.55,36.88,108.71,107.2,101.91,0.0,43.86,83.43,74.33,84.39,70.18,80.71,21.02,21.54,26.93,61.29,78.29,41.87,34.41,57.87,56.82,82.57,36.01,74.11,45.79,33.29,60.64,74.3
8,27.02,64.41,70.77,60.3,65.46,64.5,58.26,43.86,0.0,52.39,30.48,41.05,28.16,38.08,42.45,64.4,62.39,19.42,37.66,3.0,10.77,49.93,62.3,74.41,29.27,56.85,12.04,14.14,54.38,35.23
9,75.58,42.43,36.01,74.52,49.09,44.28,49.37,83.43,52.39,0.0,46.75,38.91,58.05,59.2,68.45,97.58,87.13,56.3,65.86,55.32,61.52,38.42,56.3,44.05,81.58,25.0,42.19,53.04,40.5,22.63
10,37.05,37.66,77.88,86.98,36.77,37.11,28.65,74.33,30.48,46.75,0.0,14.0,12.65,13.0,71.11,94.81,91.71,16.49,19.1,32.53,40.36,65.38,82.0,84.15,52.55,63.69,32.89,43.05,69.58,24.21
11,51.04,24.04,73.25,92.14,24.41,23.77,17.8,84.39,41.05,38.91,14.0,0.0,26.31,22.47,78.24,103.97,99.05,30.27,30.41,43.57,51.62,65.38,83.19,80.41,65.8,59.84,39.82,51.62,69.18,19.03
12,25.71,49.09,86.95,88.12,47.07,48.26,38.33,70.18,28.16,58.05,12.65,26.31,0.0,10.63,70.6,91.42,90.48,8.94,10.05,29.15,35.85,71.57,86.83,92.57,43.57,72.56,35.01,42.2,75.96,35.47
13,34.93,42.3,90.87,97.29,39.05,41.11,30.07,80.71,38.08,59.2,13.0,22.47,10.63,0.0,80.32,101.87,100.46,19.42,8.25,39.36,46.32,77.93,94.13,97.14,53.82,76.69,43.42,51.87,82.2,36.89
14,62.29,98.31,63.39,19.65,101.53,99.09,96.02,21.02,42.45,68.45,71.11,78.24,70.6,80.32,0.0,29.15,20.81,61.85,80.05,41.77,37.01,38.01,35.85,61.85,48.47,55.23,38.59,28.46,40.31,64.35
15,75.96,125.5,90.09,32.98,128.0,126.06,121.7,21.54,64.4,97.58,94.81,103.97,91.42,101.87,29.15,0.0,16.16,82.49,99.73,62.68,55.57,65.76,58.42,87.09,56.72,83.55,64.38,52.35,67.27,92.01
16,79.23,118.93,75.66,17.12,122.29,119.75,116.83,26.93,62.39,87.13,91.71,99.05,90.48,100.46,20.81,16.16,0.0,81.6,99.62,61.35,55.54,52.5,43.01,72.03,62.29,70.52,59.36,48.75,53.37,84.9
17,21.1,54.13,82.42,79.63,53.14,53.6,44.78,61.29,19.42,56.3,16.49,30.27,8.94,19.42,61.85,82.49,81.6,0.0,18.25,20.25,26.93,65.19,79.62,87.46,36.25,68.01,27.46,33.54,69.64,34.44
18,28.84,50.49,96.18,97.87,47.0,49.25,38.0,78.29,37.66,65.86,19.1,30.41,10.05,8.25,80.05,99.73,99.62,18.25,0.0,38.33,44.38,81.49,96.88,102.04,48.84,81.84,45.04,51.79,85.87,43.28
19,25.24,67.08,73.0,60.07,67.96,67.12,60.61,41.87,3.0,55.32,32.53,43.57,29.15,39.36,41.77,62.68,61.35,20.25,38.33,0.0,8.06,51.61,63.32,76.42,26.31,59.2,14.42,14.04,56.04,38.21
20,25.96,75.13,76.03,56.14,76.01,75.18,68.6,34.41,10.77,61.52,40.36,51.62,35.85,46.32,37.01,55.57,55.54,26.93,44.38,8.06,0.0,53.04,62.65,78.64,20.62,62.77,19.42,12.81,57.31,45.71
21,76.84,78.0,25.71,37.59,83.49,79.48,81.02,57.87,49.93,38.42,65.38,65.38,71.57,77.93,38.01,65.76,52.5,65.19,81.49,51.61,53.04,0.0,18.38,26.08,72.47,18.03,38.47,40.31,4.47,46.69
22,88.14,96.38,33.84,26.02,101.84,97.86,99.2,56.82,62.3,56.3,82.0,83.19,86.83,94.13,35.85,58.42,43.01,79.62,96.88,63.32,62.65,18.38,0.0,29.15,79.81,33.24,52.17,50.09,15.81,64.76
23,101.41,86.37,8.54,55.15,93.13,88.28,93.09,82.57,74.41,44.05,84.15,80.41,92.57,97.14,61.85,87.09,72.03,87.46,102.04,76.42,78.64,26.08,29.15,0.0,98.41,20.62,62.48,66.07,22.36,61.61
24,20.81,89.84,96.25,68.01,89.32,89.49,81.02,36.01,29.27,81.58,52.55,65.8,43.57,53.82,48.47,56.72,62.29,36.25,48.84,26.31,20.62,72.47,79.81,98.41,0.0,83.24,39.85,32.45,76.58,64.0
25,83.49,67.27,14.42,55.46,73.68,69.05,73.01,74.11,56.85,25.0,63.69,59.84,72.56,76.69,55.23,83.55,70.52,68.01,81.84,59.2,62.77,18.03,33.24,20.62,83.24,0.0,44.82,50.99,18.03,41.0
26,38.95,61.22,58.73,54.12,63.64,61.72,57.63,45.79,12.04,42.19,32.89,39.82,35.01,43.42,38.59,64.38,59.36,27.46,45.04,14.42,19.42,38.47,52.17,62.48,39.85,44.82,0.0,12.53,42.94,28.64
27,38.08,73.6,63.81,46.17,75.74,74.03,69.35,33.29,14.14,53.04,43.05,51.62,42.2,51.87,28.46,52.35,48.75,33.54,51.79,14.04,12.81,40.31,50.09,66.07,32.45,50.99,12.53,0.0,44.55,41.15
28,81.27,80.99,23.09,37.7,86.68,82.54,84.53,60.64,54.38,40.5,69.58,69.18,75.96,82.2,40.31,67.27,53.37,69.64,85.87,56.04,57.31,4.47,15.81,22.36,76.58,18.03,42.94,44.55,0.0,50.36
29,54.71,34.06,54.71,76.01,38.08,35.0,34.48,74.3,35.23,22.63,24.21,19.03,35.47,36.89,64.35,92.01,84.9,34.44,43.28,38.21,45.71,46.69,64.76,61.61,64.0,41.0,28.64,41.15,50.36,0.0
