set K:= 1	2	3	4;
set C_H:= 1	2	3	4	5	6	7	8;
set C_S:= 9	10	11	12	13	14	15	16;
set C_F:= 17	18	19	20	21	22	23	24;
set M:= 25	26	27	28	29	30;
set L_B:= 31;
set A1:=
(0,*) 1 2 3 4 5 6 7 8 17 18 19 20 21 22 23 24 25 26 27 28 29 30 31 32
(1,*) 0 2 3 4 5 6 7 8 17 18 19 20 21 22 23 24 25 26 27 28 29 30 31 32
(2,*) 0 1 3 4 5 6 7 8 17 18 19 20 21 22 23 24 25 26 27 28 29 30 31 32
(3,*) 0 1 2 4 5 6 7 8 17 18 19 20 21 22 23 24 25 26 27 28 29 30 31 32
(4,*) 0 1 2 3 5 6 7 8 17 18 19 20 21 22 23 24 25 26 27 28 29 30 31 32
(5,*) 0 1 2 3 4 6 7 8 17 18 19 20 21 22 23 24 25 26 27 28 29 30 31 32
(6,*) 0 1 2 3 4 5 7 8 17 18 19 20 21 22 23 24 25 26 27 28 29 30 31 32
(7,*) 0 1 2 3 4 5 6 8 17 18 19 20 21 22 23 24 25 26 27 28 29 30 31 32
(8,*) 0 1 2 3 4 5 6 7 17 18 19 20 21 22 23 24 25 26 27 28 29 30 31 32
(17,*) 0 1 2 3 4 5 6 7 8 18 19 20 21 22 23 24 25 26 27 28 29 30 31 32
(18,*) 0 1 2 3 4 5 6 7 8 17 19 20 21 22 23 24 25 26 27 28 29 30 31 32
(19,*) 0 1 2 3 4 5 6 7 8 17 18 20 21 22 23 24 25 26 27 28 29 30 31 32
(20,*) 0 1 2 3 4 5 6 7 8 17 18 19 21 22 23 24 25 26 27 28 29 30 31 32
(21,*) 0 1 2 3 4 5 6 7 8 17 18 19 20 22 23 24 25 26 27 28 29 30 31 32
(22,*) 0 1 2 3 4 5 6 7 8 17 18 19 20 21 23 24 25 26 27 28 29 30 31 32
(23,*) 0 1 2 3 4 5 6 7 8 17 18 19 20 21 22 24 25 26 27 28 29 30 31 32
(24,*) 0 1 2 3 4 5 6 7 8 17 18 19 20 21 22 23 25 26 27 28 29 30 31 32
(25,*) 0 1 2 3 4 5 6 7 8 17 18 19 20 21 22 23 24 26 27 28 29 30 31 32
(26,*) 0 1 2 3 4 5 6 7 8 17 18 19 20 21 22 23 24 25 27 28 29 30 31 32
(27,*) 0 1 2 3 4 5 6 7 8 17 18 19 20 21 22 23 24 25 26 28 29 30 31 32
(28,*) 0 1 2 3 4 5 6 7 8 17 18 19 20 21 22 23 24 25 26 27 29 30 31 32
(29,*) 0 1 2 3 4 5 6 7 8 17 18 19 20 21 22 23 24 25 26 27 28 30 31 32
(30,*) 0 1 2 3 4 5 6 7 8 17 18 19 20 21 22 23 24 25 26 27 28 29 31 32
(31,*) 0 1 2 3 4 5 6 7 8 17 18 19 20 21 22 23 24 25 26 27 28 29 30 32
(32,*) 0 1 2 3 4 5 6 7 8 17 18 19 20 21 22 23 24 25 26 27 28 29 30 31
;
set A2:=
(25,*) 26
(26,*) 25
(27,*) 28
(28,*) 27
(29,*) 30
(30,*) 29
;
param BigM:=99999;
param n:= 4;
param d:=
1	12
2	13
3	13
4	12
5	12
6	13
7	24
8	23
9	9
10	24
11	21
12	12
13	23
14	26
15	14
16	26
17	14
18	15
19	20
20	6
21	2
22	10
23	9
24	7
;
param Q:=100;
param w:=
[25,*] 26 2
[26,*] 25 2
[27,*] 28 2
[28,*] 27 2
[29,*] 30 2
[30,*] 29 2
;
param V:=
[25,*] 26 86
[26,*] 25 86
[27,*] 28 93
[28,*] 27 93
[29,*] 30 92
[30,*] 29 92
;
param e:
	25	26	27	28	29	30	31:=
9		0		0		0		0		0		1		0	
10		0		0		1		0		0		1		0	
11		0		1		0		0		0		1		0	
12		0		1		0		0		0		1		0	
13		0		0		0		0		0		0		1	
14		0		0		0		1		0		0		1	
15		0		0		0		1		0		0		1	
16		0		0		1		0		0		1		0	
17		0		0		0		0		0		1		0	
18		0		1		0		0		0		1		0	
19		0		0		1		0		0		1		0	
20		0		1		0		0		0		1		0	
21		0		0		1		0		0		1		0	
22		0		0		0		1		0		0		0	
23		0		0		0		1		0		0		0	
24		0		1		1		0		0		1		0	
;
param p:=
1	1
2	1
3	1
4	1
;
param G:=
25	83
26	86
27	92
28	93
29	83
30	92
31	86
;
param s:=
0	0
1	10
2	10
3	10
4	10
5	10
6	10
7	10
8	10
17	10
18	10
19	10
20	10
21	10
22	10
23	10
24	10
25	10
26	10
27	10
28	10
29	10
30	10
31	10
;
param t:
	0	1	2	3	4	5	6	7	8	9	10	11	12	13	14	15	16	17	18	19	20	21	22	23	24	25	26	27	28	29	30	31	32:=
0	0.0	17.0	11.66	19.92	22.2	30.36	32.02	34.23	28.02	74.25	81.15	101.4	101.83	78.23	81.3	65.12	92.14	65.12	90.43	75.06	91.68	75.5	69.35	75.01	73.68	27.29	102.07	80.01	70.11	15.52	80.52	73.16	0.0
1	17.0	0.0	9.22	29.83	18.44	15.0	39.82	36.4	17.09	68.66	81.88	92.18	90.8	61.29	64.38	48.51	94.59	64.2	81.01	76.3	81.99	74.03	52.47	58.01	70.26	10.77	91.81	82.0	53.15	4.47	78.06	56.34	17.0
2	11.66	9.22	0.0	29.68	24.19	24.21	41.15	40.45	25.55	76.24	87.14	100.85	99.81	69.05	72.18	56.92	99.14	70.03	89.69	81.3	90.74	80.16	60.42	65.19	77.1	19.72	100.69	86.7	60.83	11.18	84.59	64.43	11.66
3	19.92	29.83	29.68	0.0	19.03	36.4	12.17	18.03	29.15	61.22	62.97	91.29	94.05	85.0	87.82	70.35	73.01	48.47	80.92	56.72	82.46	58.87	75.95	83.43	58.67	36.25	93.24	61.2	77.47	25.81	64.47	79.12	19.92
4	22.2	18.44	24.19	19.03	0.0	18.36	24.7	18.36	10.2	52.55	63.51	79.2	79.93	66.1	68.88	51.35	76.16	46.01	68.25	57.87	69.53	56.04	57.07	64.85	52.95	19.8	79.98	63.56	58.69	14.14	60.41	60.16	22.2
5	30.36	15.0	24.21	36.4	18.36	0.0	43.05	35.36	9.22	58.08	75.89	78.79	76.55	49.09	52.04	35.13	89.69	57.57	67.62	70.94	68.45	66.49	40.05	47.07	61.29	5.39	77.9	77.08	41.3	14.87	69.58	43.55	30.36
6	32.02	39.82	41.15	12.17	24.7	43.05	0.0	12.37	34.44	53.81	51.66	85.21	89.47	89.56	92.18	74.46	61.07	38.59	75.47	45.35	77.18	48.76	80.65	88.96	49.82	44.2	87.98	49.5	82.54	35.47	54.71	83.38	32.02
7	34.23	36.4	40.45	18.03	18.36	35.36	12.37	0.0	26.17	43.28	47.01	73.88	77.52	79.12	81.6	63.91	58.69	31.05	63.82	41.01	65.46	41.48	70.38	79.16	40.71	37.8	76.28	46.27	72.5	31.95	46.82	72.81	34.23
8	28.02	17.09	25.55	29.15	10.2	9.22	34.44	26.17	0.0	51.79	67.45	75.29	74.52	55.9	58.69	41.19	80.99	49.24	64.14	62.3	65.19	58.55	46.87	54.71	54.0	12.65	75.21	68.35	48.51	14.42	62.07	49.98	28.02
9	74.25	68.66	76.24	61.22	52.55	58.08	53.81	43.28	51.79	0.0	30.41	32.2	39.46	76.4	77.47	63.63	44.65	20.22	24.33	30.08	26.31	18.38	70.49	80.45	9.49	63.2	36.4	35.47	73.57	65.25	16.28	70.39	74.25
10	81.15	81.88	87.14	62.97	63.51	75.89	51.66	47.01	67.45	30.41	0.0	56.0	66.48	104.66	106.08	90.79	14.87	18.38	51.97	6.32	53.94	12.21	97.84	107.81	21.1	80.08	62.13	6.08	100.77	77.65	15.3	98.39	81.15
11	101.4	92.18	100.85	91.29	79.2	78.79	85.21	73.88	75.29	32.2	56.0	0.0	12.81	76.9	76.66	69.07	66.91	51.87	11.18	58.31	10.44	46.53	74.43	83.19	39.56	84.17	7.21	62.01	77.52	89.69	41.11	72.47	101.4
12	101.83	90.8	99.81	94.05	79.93	76.55	89.47	77.52	74.52	39.46	66.48	12.81	0.0	67.36	66.75	61.4	78.34	59.68	15.13	68.03	13.15	56.01	66.03	74.11	48.09	81.84	5.66	72.34	69.01	88.87	51.24	63.56	101.83
13	78.23	61.29	69.05	85.0	66.1	49.09	89.56	79.12	55.9	76.4	104.66	76.9	67.36	0.0	3.16	15.23	119.52	87.86	68.62	101.91	68.01	92.7	9.06	7.62	84.39	51.04	71.85	108.25	8.25	63.03	92.46	6.46	78.23
14	81.3	64.38	72.18	87.82	68.88	52.04	92.18	81.6	58.69	77.47	106.08	76.66	66.75	3.16	0.0	17.72	120.92	89.5	68.71	103.48	68.01	94.05	12.0	10.0	85.63	54.08	71.39	109.79	11.4	66.07	93.61	8.8	81.3
15	65.12	48.51	56.92	70.35	51.35	35.13	74.46	63.91	41.19	63.63	90.79	69.07	61.4	15.23	17.72	0.0	105.65	73.54	59.54	87.69	59.3	79.03	7.07	17.03	71.03	37.85	65.07	94.07	10.0	49.65	79.32	8.92	65.12
16	92.14	94.59	99.14	73.01	76.16	89.69	61.07	58.69	80.99	44.65	14.87	66.91	78.34	119.52	120.92	105.65	0.0	32.76	64.51	18.79	66.41	26.91	112.7	122.67	35.61	93.64	73.55	12.65	115.62	90.24	28.65	113.26	92.14
17	65.12	64.2	70.03	48.47	46.01	57.57	38.59	31.05	49.24	20.22	18.38	51.87	59.68	87.86	89.5	73.54	32.76	0.0	44.55	14.21	46.53	10.44	80.61	90.52	12.53	61.85	56.52	20.62	83.45	60.07	16.12	81.49	65.12
18	90.43	81.01	89.69	80.92	68.25	67.62	75.47	63.82	64.14	24.33	51.97	11.18	15.13	68.62	68.71	59.54	64.51	44.55	0.0	53.15	2.0	41.11	65.31	74.46	33.02	73.01	12.53	57.71	68.45	78.55	36.67	63.73	90.43
19	75.06	76.3	81.3	56.72	57.87	70.94	45.35	41.01	62.3	30.08	6.32	58.31	68.03	101.91	103.48	87.69	18.79	14.21	53.15	0.0	55.15	12.04	94.76	104.69	20.62	74.95	64.03	6.4	97.62	72.01	17.26	95.57	75.06
20	91.68	81.99	90.74	82.46	69.53	68.45	77.18	65.46	65.19	26.31	53.94	10.44	13.15	68.01	68.01	59.3	66.41	46.53	2.0	55.15	0.0	43.1	64.94	73.98	35.01	73.82	10.82	59.68	68.07	79.61	38.64	63.24	91.68
21	75.5	74.03	80.16	58.87	56.04	66.49	48.76	41.48	58.55	18.38	12.21	46.53	56.01	92.7	94.05	79.03	26.91	10.44	41.11	12.04	43.1	0.0	86.05	96.05	8.94	71.02	52.09	17.09	89.02	70.0	6.4	86.47	75.5
22	69.35	52.47	60.42	75.95	57.07	40.05	80.65	70.38	46.87	70.49	97.84	74.43	66.03	9.06	12.0	7.07	112.7	80.61	65.31	94.76	64.94	86.05	0.0	10.0	78.01	42.11	70.03	101.14	3.16	54.08	86.27	4.31	69.35
23	75.01	58.01	65.19	83.43	64.85	47.07	88.96	79.16	54.71	80.45	107.81	83.19	74.11	7.62	10.0	17.03	122.67	90.52	74.46	104.69	73.98	96.05	10.0	0.0	88.01	48.26	78.41	111.07	7.07	60.21	96.26	10.74	75.01
24	73.68	70.26	77.1	58.67	52.95	61.29	49.82	40.71	54.0	9.49	21.1	39.56	48.09	84.39	85.63	71.03	35.61	12.53	33.02	20.62	35.01	8.94	78.01	88.01	0.0	66.12	44.55	26.0	81.02	66.48	8.54	78.23	73.68
25	27.29	10.77	19.72	36.25	19.8	5.39	44.2	37.8	12.65	63.2	80.08	84.17	81.84	51.04	54.08	37.85	93.64	61.85	73.01	74.95	73.82	71.02	42.11	48.26	66.12	0.0	83.24	80.99	43.0	12.0	74.33	45.87	27.29
26	102.07	91.81	100.69	93.24	79.98	77.9	87.98	76.28	75.21	36.4	62.13	7.21	5.66	71.85	71.39	65.07	73.55	56.52	12.53	64.03	10.82	52.09	70.03	78.41	44.55	83.24	0.0	68.07	73.06	89.63	47.01	67.77	102.07
27	80.01	82.0	86.7	61.2	63.56	77.08	49.5	46.27	68.35	35.47	6.08	62.01	72.34	108.25	109.79	94.07	12.65	20.62	57.71	6.4	59.68	17.09	101.14	111.07	26.0	80.99	68.07	0.0	104.0	77.67	21.1	101.91	80.01
28	70.11	53.15	60.83	77.47	58.69	41.3	82.54	72.5	48.51	73.57	100.77	77.52	69.01	8.25	11.4	10.0	115.62	83.45	68.45	97.62	68.07	89.02	3.16	7.07	81.02	43.0	73.06	104.0	0.0	55.0	89.31	6.02	70.11
29	15.52	4.47	11.18	25.81	14.14	14.87	35.47	31.95	14.42	65.25	77.65	89.69	88.87	63.03	66.07	49.65	90.24	60.07	78.55	72.01	79.61	70.0	54.08	60.21	66.48	12.0	89.63	77.67	55.0	0.0	74.17	57.8	15.52
30	80.52	78.06	84.59	64.47	60.41	69.58	54.71	46.82	62.07	16.28	15.3	41.11	51.24	92.46	93.61	79.32	28.65	16.12	36.67	17.26	38.64	6.4	86.27	96.26	8.54	74.33	47.01	21.1	89.31	74.17	0.0	86.37	80.52
31	73.16	56.34	64.43	79.12	60.16	43.55	83.38	72.81	49.98	70.39	98.39	72.47	63.56	6.46	8.8	8.92	113.26	81.49	63.73	95.57	63.24	86.47	4.31	10.74	78.23	45.87	67.77	101.91	6.02	57.8	86.37	0.0	73.16
;
