vehicles
vehicle_idx, capacity, cost_per_unit_distance
1,100,3
2,100,3
3,100,3
4,100,3
depot
node_idx,x,y
0,82,76
home delivery customers
node_idx,x,y,service_time,demand
1,19,32,10,1
2,23,15,10,15
3,80,55,10,2
4,13,7,10,19
5,61,59,10,3
6,57,69,10,20
7,50,5,10,21
self pickup customers
node_idx,x,y,service_time,demand,locker_idxs
8,42,9,10,8,29-3
9,61,62,10,24,27-2
10,49,8,10,6,29-3
11,14,24,10,6,29-3
12,50,93,10,8,27-2
13,5,10,10,14,28-3
14,1,65,10,22,29
flexible customers
node_idx,x,y,service_time,demand,locker_idxs
15,98,52,10,21,27-0
16,29,89,10,7,27-1
17,84,25,10,16,29-0
18,93,3,10,24,29-0
19,2,39,10,16,28
20,98,5,10,9,29-0
21,88,51,10,18,27
lockers
node_idx,x,y,service_time,capacity,cost_per_unit_good
22,93,12,10,94
23,22,88,10,78
24,65,88,10,73
25,25,15,10,78
26,49,46,10,81
27,74,54,10,74
28,44,56,10,88
29,45,22,10,95
mrt lines
start_node_idx,end_node_idx,freight_capacity,cost_per_unit_good
22,23,94,0.5
23,22,94,0.5
24,25,78,0.5
25,24,78,0.5
distance matrix
,0,1,2,3,4,5,6,7,8,9,10,11,12,13,14,15,16,17,18,19,20,21,22,23,24,25,26,27,28,29,
0,0.0,76.84,84.86,21.1,97.58,27.02,25.96,77.88,78.03,25.24,75.58,85.6,36.24,101.41,81.74,28.84,54.57,51.04,73.82,88.14,72.78,25.71,64.94,61.19,20.81,83.49,44.6,23.41,42.94,65.46
1,76.84,0.0,17.46,65.19,25.71,49.93,53.04,41.11,32.53,51.61,38.42,9.43,68.43,26.08,37.59,81.49,57.87,65.38,79.48,18.38,83.49,71.57,76.66,56.08,72.47,18.03,33.11,59.24,34.66,27.86
2,84.86,17.46,0.0,69.63,12.81,58.14,63.81,28.79,19.92,60.44,26.93,12.73,82.54,18.68,54.63,83.63,74.24,61.81,71.02,31.89,75.66,74.3,70.06,73.01,84.22,2.0,40.46,64.2,46.07,23.09
3,21.1,65.19,69.63,0.0,82.42,19.42,26.93,58.31,59.67,20.25,56.3,72.92,48.41,87.46,79.63,18.25,61.29,30.27,53.6,79.62,53.14,8.94,44.92,66.73,36.25,68.01,32.28,6.08,36.01,48.1
4,97.58,25.71,12.81,82.42,0.0,70.77,76.03,37.05,29.07,73.0,36.01,17.03,93.62,8.54,59.23,96.18,83.55,73.25,80.1,33.84,85.02,86.95,80.16,81.5,96.25,14.42,53.08,77.01,57.98,35.34
5,27.02,49.93,58.14,19.42,70.77,0.0,10.77,55.11,53.49,3.0,52.39,58.6,35.74,74.41,60.3,37.66,43.86,41.05,64.5,62.3,65.46,28.16,56.86,48.6,29.27,56.85,17.69,13.93,17.26,40.31
6,25.96,53.04,63.81,26.93,76.03,10.77,0.0,64.38,61.85,8.06,61.52,62.24,25.0,78.64,56.14,44.38,34.41,51.62,75.18,62.65,76.01,35.85,67.42,39.82,20.62,62.77,24.35,22.67,18.38,48.51
7,77.88,41.11,28.79,58.31,37.05,55.11,64.38,0.0,8.94,58.05,3.16,40.71,88.0,45.28,77.47,67.18,86.59,39.45,43.05,58.82,48.0,59.67,43.57,87.6,84.34,26.93,41.01,54.56,51.35,17.72
8,78.03,32.53,19.92,59.67,29.07,53.49,61.85,8.94,0.0,56.3,7.07,31.76,84.38,37.01,69.4,70.6,81.05,44.94,51.35,50.0,56.14,62.29,51.09,81.49,82.28,18.03,37.66,55.22,47.04,13.34
9,25.24,51.61,60.44,20.25,73.0,3.0,8.06,58.05,56.3,0.0,55.32,60.44,32.89,76.42,60.07,38.33,41.87,43.57,67.12,63.32,67.96,29.15,59.36,46.87,26.31,59.2,20.0,15.26,18.03,43.08
10,75.58,38.42,26.93,56.3,36.01,52.39,61.52,3.16,7.07,55.32,0.0,38.48,85.01,44.05,74.52,65.86,83.43,38.91,44.28,56.3,49.09,58.05,44.18,84.43,81.58,25.0,38.0,52.35,48.26,14.56
11,85.6,9.43,12.73,72.92,17.03,58.6,62.24,40.71,31.76,60.44,38.48,0.0,77.83,16.64,43.01,88.54,66.71,70.01,81.74,19.21,86.12,78.77,79.91,64.5,81.84,14.21,41.34,67.08,43.86,31.06
12,36.24,68.43,82.54,48.41,93.62,35.74,25.0,88.0,84.38,32.89,85.01,77.83,0.0,94.41,56.44,63.13,21.38,76.03,99.74,72.25,100.24,56.64,91.71,28.44,15.81,81.91,47.01,45.79,37.48,71.18
13,101.41,26.08,18.68,87.46,8.54,74.41,78.64,45.28,37.01,76.42,44.05,16.64,94.41,0.0,55.15,102.04,82.57,80.41,88.28,29.15,93.13,92.57,88.02,79.83,98.41,20.62,56.85,81.84,60.31,41.76
14,81.74,37.59,54.63,79.63,59.23,60.3,56.14,77.47,69.4,60.07,74.52,43.01,56.44,55.15,0.0,97.87,36.88,92.14,110.94,26.02,114.06,88.12,106.17,31.14,68.01,55.46,51.62,73.82,43.93,61.52
15,28.84,81.49,83.63,18.25,96.18,37.66,44.38,67.18,70.6,38.33,65.86,88.54,63.13,102.04,97.87,0.0,78.29,30.41,49.25,96.88,47.0,10.05,40.31,84.1,48.84,81.84,49.37,24.08,54.15,60.9
16,54.57,57.87,74.24,61.29,83.55,43.86,34.41,86.59,81.05,41.87,83.43,66.71,21.38,82.57,36.88,78.29,0.0,84.39,107.2,56.82,108.71,70.18,100.12,7.07,36.01,74.11,47.42,57.01,36.25,68.88
17,51.04,65.38,61.81,30.27,73.25,41.05,51.62,39.45,44.94,43.57,38.91,70.01,76.03,80.41,92.14,30.41,84.39,0.0,23.77,83.19,24.41,26.31,15.81,88.39,65.8,59.84,40.82,30.68,50.61,39.12
18,73.82,79.48,71.02,53.6,80.1,64.5,75.18,43.05,51.35,67.12,44.28,81.74,99.74,88.28,110.94,49.25,107.2,23.77,0.0,97.86,5.39,48.26,9.0,110.75,89.49,69.05,61.52,54.42,72.18,51.62
19,88.14,18.38,31.89,79.62,33.84,62.3,62.65,58.82,50.0,63.32,56.3,19.21,72.25,29.15,26.02,96.88,56.82,83.19,97.86,0.0,101.84,86.83,94.92,52.92,79.81,33.24,47.52,73.55,45.31,46.24
20,72.78,83.49,75.66,53.14,85.02,65.46,76.01,48.0,56.14,67.96,49.09,86.12,100.24,93.13,114.06,47.0,108.71,24.41,5.39,101.84,0.0,47.07,8.6,112.54,89.32,73.68,63.89,54.56,74.28,55.66
21,25.71,71.57,74.3,8.94,86.95,28.16,35.85,59.67,62.29,29.15,58.05,78.77,56.64,92.57,88.12,10.05,70.18,26.31,48.26,86.83,47.07,0.0,39.32,75.66,43.57,72.56,39.32,14.32,44.28,51.87
22,64.94,76.66,70.06,44.92,80.16,56.86,67.42,43.57,51.09,59.36,44.18,79.91,91.71,88.02,106.17,40.31,100.12,15.81,9.0,94.92,8.6,39.32,0.0,104.0,80.99,68.07,55.61,46.1,65.86,49.03
23,61.19,56.08,73.01,66.73,81.5,48.6,39.82,87.6,81.49,46.87,84.43,64.5,28.44,79.83,31.14,84.1,7.07,88.39,110.75,52.92,112.54,75.66,104.0,0.0,43.0,73.06,49.93,62.13,38.83,69.89
24,20.81,72.47,84.22,36.25,96.25,29.27,20.62,84.34,82.28,26.31,81.58,81.84,15.81,98.41,68.01,48.84,36.01,65.8,89.49,79.81,89.32,43.57,80.99,43.0,0.0,83.24,44.94,35.17,38.28,68.96
25,83.49,18.03,2.0,68.01,14.42,56.85,62.77,26.93,18.03,59.2,25.0,14.21,81.91,20.62,55.46,81.84,74.11,59.84,69.05,33.24,73.68,72.56,68.07,73.06,83.24,0.0,39.2,62.63,45.19,21.19
26,44.6,33.11,40.46,32.28,53.08,17.69,24.35,41.01,37.66,20.0,38.0,41.34,47.01,56.85,51.62,49.37,47.42,40.82,61.52,47.52,63.89,39.32,55.61,49.93,44.94,39.2,0.0,26.25,11.18,24.33
27,23.41,59.24,64.2,6.08,77.01,13.93,22.67,54.56,55.22,15.26,52.35,67.08,45.79,81.84,73.82,24.08,57.01,30.68,54.42,73.55,54.56,14.32,46.1,62.13,35.17,62.63,26.25,0.0,30.07,43.19
28,42.94,34.66,46.07,36.01,57.98,17.26,18.38,51.35,47.04,18.03,48.26,43.86,37.48,60.31,43.93,54.15,36.25,50.61,72.18,45.31,74.28,44.28,65.86,38.83,38.28,45.19,11.18,30.07,0.0,34.01
29,65.46,27.86,23.09,48.1,35.34,40.31,48.51,17.72,13.34,43.08,14.56,31.06,71.18,41.76,61.52,60.9,68.88,39.12,51.62,46.24,55.66,51.87,49.03,69.89,68.96,21.19,24.33,43.19,34.01,0.0
