set K:= 1	2	3	4;
set C_H:= 1	2	3	4	5	6	7;
set C_S:= 8	9	10	11	12	13	14;
set C_F:= 15	16	17	18	19	20	21;
set M:= 22	23	24	25	26	27;
set L_B:= 28	29	30	31;
set A1:=
(0,*) 1 2 3 4 5 6 7 15 16 17 18 19 20 21 22 23 24 25 26 27 28 29 30 31
(1,*) 0 2 3 4 5 6 7 15 16 17 18 19 20 21 22 23 24 25 26 27 28 29 30 31
(2,*) 0 1 3 4 5 6 7 15 16 17 18 19 20 21 22 23 24 25 26 27 28 29 30 31
(3,*) 0 1 2 4 5 6 7 15 16 17 18 19 20 21 22 23 24 25 26 27 28 29 30 31
(4,*) 0 1 2 3 5 6 7 15 16 17 18 19 20 21 22 23 24 25 26 27 28 29 30 31
(5,*) 0 1 2 3 4 6 7 15 16 17 18 19 20 21 22 23 24 25 26 27 28 29 30 31
(6,*) 0 1 2 3 4 5 7 15 16 17 18 19 20 21 22 23 24 25 26 27 28 29 30 31
(7,*) 0 1 2 3 4 5 6 15 16 17 18 19 20 21 22 23 24 25 26 27 28 29 30 31
(15,*) 0 1 2 3 4 5 6 7 16 17 18 19 20 21 22 23 24 25 26 27 28 29 30 31
(16,*) 0 1 2 3 4 5 6 7 15 17 18 19 20 21 22 23 24 25 26 27 28 29 30 31
(17,*) 0 1 2 3 4 5 6 7 15 16 18 19 20 21 22 23 24 25 26 27 28 29 30 31
(18,*) 0 1 2 3 4 5 6 7 15 16 17 19 20 21 22 23 24 25 26 27 28 29 30 31
(19,*) 0 1 2 3 4 5 6 7 15 16 17 18 20 21 22 23 24 25 26 27 28 29 30 31
(20,*) 0 1 2 3 4 5 6 7 15 16 17 18 19 21 22 23 24 25 26 27 28 29 30 31
(21,*) 0 1 2 3 4 5 6 7 15 16 17 18 19 20 22 23 24 25 26 27 28 29 30 31
(22,*) 0 1 2 3 4 5 6 7 15 16 17 18 19 20 21 23 24 25 26 27 28 29 30 31
(23,*) 0 1 2 3 4 5 6 7 15 16 17 18 19 20 21 22 24 25 26 27 28 29 30 31
(24,*) 0 1 2 3 4 5 6 7 15 16 17 18 19 20 21 22 23 25 26 27 28 29 30 31
(25,*) 0 1 2 3 4 5 6 7 15 16 17 18 19 20 21 22 23 24 26 27 28 29 30 31
(26,*) 0 1 2 3 4 5 6 7 15 16 17 18 19 20 21 22 23 24 25 27 28 29 30 31
(27,*) 0 1 2 3 4 5 6 7 15 16 17 18 19 20 21 22 23 24 25 26 28 29 30 31
(28,*) 0 1 2 3 4 5 6 7 15 16 17 18 19 20 21 22 23 24 25 26 27 29 30 31
(29,*) 0 1 2 3 4 5 6 7 15 16 17 18 19 20 21 22 23 24 25 26 27 28 30 31
(30,*) 0 1 2 3 4 5 6 7 15 16 17 18 19 20 21 22 23 24 25 26 27 28 29 31
(31,*) 0 1 2 3 4 5 6 7 15 16 17 18 19 20 21 22 23 24 25 26 27 28 29 30
;
set A2:=
(22,*) 23
(23,*) 22
(24,*) 25
(25,*) 24
;
param BigM:=99999;
param n:= 4;
param d:=
1	2
2	3
3	12
4	7
5	9
6	16
7	6
8	14
9	6
10	21
11	8
12	2
13	16
14	1
15	8
16	24
17	19
18	19
19	18
20	4
21	19
;
param Q:=100;
param w:=
[22,*] 23 0.1
[23,*] 22 0.1
[24,*] 25 0.1
[25,*] 24 0.1
;
param V:=
[22,*] 23 86
[23,*] 22 86
[24,*] 25 83
[25,*] 24 83
;
param e:
	22	23	24	25	26	27	28	29	30	31:=
8		0		1		0		0		0		0		0		0		0		0	
9		0		1		0		0		0		1		0		0		0		0	
10		0		0		1		0		0		0		0		0		0		0	
11		0		1		0		0		0		0		0		0		0		0	
12		0		0		0		0		0		0		0		0		1		0	
13		0		0		0		0		0		0		1		0		0		0	
14		0		1		0		0		0		0		0		0		0		0	
15		1		0		0		0		0		0		0		0		0		0	
16		0		0		1		0		0		1		0		0		0		0	
17		0		0		1		0		0		1		0		0		0		0	
18		0		1		0		0		0		0		0		0		0		0	
19		0		0		0		0		0		0		0		0		1		0	
20		0		1		0		0		0		0		0		0		0		0	
21		0		0		1		0		0		0		0		0		0		0	
;
param p:=
1	3
2	3
3	3
4	3
;
param G:=
22	80
23	86
24	82
25	83
26	70
27	93
28	81
29	71
30	87
31	98
;
param s:=
0	0
1	10
2	10
3	10
4	10
5	10
6	10
7	10
15	10
16	10
17	10
18	10
19	10
20	10
21	10
22	10
23	10
24	10
25	10
26	10
27	10
28	10
29	10
30	10
31	10
;
param t:
	0	1	2	3	4	5	6	7	8	9	10	11	12	13	14	15	16	17	18	19	20	21	22	23	24	25	26	27	28	29	30	31:=
0	0.0	62.29	27.02	51.88	54.57	72.78	51.04	85.6	101.41	75.58	28.84	78.03	21.1	37.05	76.84	36.24	73.82	74.55	97.58	25.71	84.17	34.93	20.81	83.49	64.94	61.19	13.0	62.8	42.44	44.41	32.53	49.52
1	62.29	0.0	42.45	55.17	21.02	101.53	78.24	46.39	61.85	68.45	80.05	64.85	61.85	71.11	38.01	37.8	99.09	98.31	63.39	70.6	31.76	80.32	48.47	55.23	93.24	18.11	59.77	76.42	47.8	32.8	42.54	41.04
2	27.02	42.45	0.0	29.15	43.86	65.46	41.05	58.6	74.41	52.39	37.66	53.49	19.42	30.48	49.93	35.74	64.5	64.41	70.77	28.16	58.52	38.08	29.27	56.85	56.86	48.6	33.12	46.32	18.25	17.49	6.32	23.02
3	51.88	55.17	29.15	0.0	65.74	47.17	26.48	44.41	56.65	23.77	45.65	26.4	33.3	27.51	39.05	63.51	44.2	43.28	50.54	36.62	54.34	40.5	58.42	36.25	39.36	68.26	61.03	21.26	11.0	23.32	23.02	14.14
4	54.57	21.02	43.86	65.74	0.0	108.71	84.39	66.71	82.57	83.43	78.29	81.05	61.29	74.33	57.87	21.38	107.2	106.83	83.55	70.18	52.77	80.71	36.01	74.11	100.12	7.07	48.01	86.45	56.08	42.54	46.86	52.55
5	72.78	101.53	65.46	47.17	108.71	0.0	24.41	86.12	93.13	49.09	47.0	56.14	53.14	36.77	83.49	100.24	5.39	7.62	85.02	47.07	100.09	39.05	89.32	73.68	8.6	112.54	85.62	27.51	53.81	68.77	61.85	61.03
6	51.04	78.24	41.05	26.48	84.39	24.41	0.0	70.01	80.41	38.91	30.41	44.94	30.27	14.0	65.38	76.03	23.77	24.04	73.25	26.31	80.81	22.47	65.8	59.84	15.81	88.39	63.39	16.28	30.53	45.49	37.54	39.0
7	85.6	46.39	58.6	44.41	66.71	86.12	70.01	0.0	16.64	38.48	88.54	31.76	72.92	71.59	9.43	77.83	81.74	80.08	17.03	78.77	20.12	84.4	81.84	14.21	79.91	64.5	89.81	58.86	47.17	41.23	53.54	37.58
8	101.41	61.85	74.41	56.65	82.57	93.13	80.41	16.64	0.0	44.05	102.04	37.01	87.46	84.15	26.08	94.41	88.28	86.37	8.54	92.57	32.0	97.14	98.41	20.62	88.02	79.83	106.15	67.12	61.4	57.28	69.03	52.43
9	75.58	68.45	52.39	23.77	83.43	49.09	38.91	38.48	44.05	0.0	65.86	7.07	56.3	46.75	38.42	85.01	44.28	42.43	36.01	58.05	55.61	59.2	81.58	25.0	44.18	84.43	84.76	23.77	34.21	42.11	46.1	32.02
10	28.84	80.05	37.66	45.65	78.29	47.0	30.41	88.54	102.04	65.86	0.0	70.6	18.25	19.1	81.49	63.13	49.25	50.49	96.18	10.05	93.54	8.25	48.84	81.84	40.31	84.1	41.68	46.04	41.48	52.04	39.01	51.42
11	78.03	64.85	53.49	26.4	81.05	56.14	44.94	31.76	37.01	7.07	70.6	0.0	59.67	51.61	32.53	84.38	51.35	49.5	29.07	62.29	49.58	64.35	82.28	18.03	51.09	81.49	86.41	30.41	35.78	41.19	47.17	31.58
12	21.1	61.85	19.42	33.3	61.29	53.14	30.27	72.92	87.46	56.3	18.25	59.67	0.0	16.49	65.19	48.41	53.6	54.13	82.42	8.94	76.12	19.42	36.25	68.01	44.92	66.73	33.14	41.77	26.08	34.37	21.1	35.34
13	37.05	71.11	30.48	27.51	74.33	36.77	14.0	71.59	84.15	46.75	19.1	51.61	16.49	0.0	65.38	63.81	37.11	37.66	77.88	12.65	79.06	13.0	52.55	63.69	28.46	79.03	49.5	27.73	26.08	39.56	28.65	36.01
14	76.84	38.01	49.93	39.05	57.87	83.49	65.38	9.43	26.08	38.42	81.49	32.53	65.19	65.38	0.0	68.43	79.48	78.0	25.71	71.57	17.2	77.93	72.47	18.03	76.66	56.08	80.62	55.97	40.02	32.45	45.18	30.08
15	36.24	37.8	35.74	63.51	21.38	100.24	76.03	77.83	94.41	85.01	63.13	84.38	48.41	63.81	68.43	0.0	99.74	99.81	93.62	56.64	68.01	67.21	15.81	81.91	91.71	28.44	27.46	82.01	52.61	43.19	41.0	53.04
16	73.82	99.09	64.5	44.2	107.2	5.39	23.77	81.74	88.28	44.28	49.25	51.35	53.6	37.11	79.48	99.74	0.0	2.24	80.1	48.26	96.25	41.11	89.49	69.05	9.0	110.75	86.49	23.71	51.66	66.47	60.46	58.26
17	74.55	98.31	64.41	43.28	106.83	7.62	24.04	80.08	86.37	42.43	50.49	49.5	54.13	37.66	78.0	99.81	2.24	0.0	78.16	49.09	94.85	42.3	89.84	67.27	10.2	110.26	87.13	22.47	51.09	65.8	60.21	57.38
18	97.58	63.39	70.77	50.54	83.55	85.02	73.25	17.03	8.54	36.01	96.18	29.07	82.42	77.88	25.71	93.62	80.1	78.16	0.0	86.95	35.9	90.87	96.25	14.42	80.16	81.5	103.23	59.41	56.4	54.2	65.05	48.1
19	25.71	70.6	28.16	36.62	70.18	47.07	26.31	78.77	92.57	58.05	10.05	62.29	8.94	12.65	71.57	56.64	48.26	49.09	86.95	0.0	83.49	10.63	43.57	72.56	39.32	75.66	38.6	40.31	31.62	42.01	29.07	41.48
20	84.17	31.76	58.52	54.34	52.77	100.09	80.81	20.12	32.0	55.61	93.54	49.58	76.12	79.06	17.2	68.01	96.25	94.85	35.9	83.49	0.0	91.02	75.6	33.6	92.97	49.04	85.44	72.62	53.01	41.77	55.11	43.05
21	34.93	80.32	38.08	40.5	80.71	39.05	22.47	84.4	97.14	59.2	8.25	64.35	19.42	13.0	77.93	67.21	41.11	42.3	90.87	10.63	91.02	0.0	53.82	76.69	32.14	86.09	47.93	38.42	38.12	50.36	38.08	48.17
22	20.81	48.47	29.27	58.42	36.01	89.32	65.8	81.84	98.41	81.58	48.84	82.28	36.25	52.55	72.47	15.81	89.49	89.84	96.25	43.57	75.6	53.82	0.0	83.24	80.99	43.0	12.0	74.33	47.52	42.49	35.51	50.92
23	83.49	55.23	56.85	36.25	74.11	73.68	59.84	14.21	20.62	25.0	81.84	18.03	68.01	63.69	18.03	81.91	69.05	67.27	14.42	72.56	33.6	76.69	83.24	0.0	68.07	73.06	89.63	47.01	42.01	40.82	50.99	33.97
24	64.94	93.24	56.86	39.36	100.12	8.6	15.81	79.91	88.02	44.18	40.31	51.09	44.92	28.46	76.66	91.71	9.0	10.2	80.16	39.32	92.97	32.14	80.99	68.07	0.0	104.0	77.67	21.1	45.45	60.44	53.26	53.0
25	61.19	18.11	48.6	68.26	7.07	112.54	88.39	64.5	79.83	84.43	84.1	81.49	66.73	79.03	56.08	28.44	110.75	110.26	81.5	75.66	49.04	86.09	43.0	73.06	104.0	0.0	55.0	89.31	59.2	44.94	50.93	54.59
26	13.0	59.77	33.12	61.03	48.01	85.62	63.39	89.81	106.15	84.76	41.68	86.41	33.14	49.5	80.62	27.46	86.49	87.13	103.23	38.6	85.44	47.93	12.0	89.63	77.67	55.0	0.0	74.17	50.7	49.04	39.36	56.08
27	62.8	76.42	46.32	21.26	86.45	27.51	16.28	58.86	67.12	23.77	46.04	30.41	41.77	27.73	55.97	82.01	23.71	22.47	59.41	40.31	72.62	38.42	74.33	47.01	21.1	89.31	74.17	0.0	30.41	44.41	41.11	35.38
28	42.44	47.8	18.25	11.0	56.08	53.81	30.53	47.17	61.4	34.21	41.48	35.78	26.08	26.08	40.02	52.61	51.66	51.09	56.4	31.62	53.01	38.12	47.52	42.01	45.45	59.2	50.7	30.41	0.0	15.0	12.04	10.05
29	44.41	32.8	17.49	23.32	42.54	68.77	45.49	41.23	57.28	42.11	52.04	41.19	34.37	39.56	32.45	43.19	66.47	65.8	54.2	42.01	41.77	50.36	42.49	40.82	60.44	44.94	49.04	44.41	15.0	0.0	13.34	10.2
30	32.53	42.54	6.32	23.02	46.86	61.85	37.54	53.54	69.03	46.1	39.01	47.17	21.1	28.65	45.18	41.0	60.46	60.21	65.05	29.07	55.11	38.08	35.51	50.99	53.26	50.93	39.36	41.11	12.04	13.34	0.0	17.03
31	49.52	41.04	23.02	14.14	52.55	61.03	39.0	37.58	52.43	32.02	51.42	31.58	35.34	36.01	30.08	53.04	58.26	57.38	48.1	41.48	43.05	48.17	50.92	33.97	53.0	54.59	56.08	35.38	10.05	10.2	17.03	0.0
;
