vehicles
vehicle_idx, capacity, cost_per_unit_distance
1,100,3
2,100,3
3,100,3
4,100,3
depot
node_idx,x,y
0,82,76
home delivery customers
node_idx,x,y,service_time,demand
1,5,10,10,14
2,19,32,10,1
3,13,7,10,19
4,1,65,10,22
5,29,89,10,7
6,9,97,10,24
7,57,69,10,20
8,49,8,10,6
9,61,62,10,24
self pickup customers
node_idx,x,y,service_time,demand,locker_idxs
10,42,9,10,8,27
11,96,44,10,19,28
12,91,2,10,19,28-31
13,58,30,10,12,33
14,14,24,10,6,27
15,84,39,10,16,31
16,98,14,10,12,28-31
17,98,52,10,21,28
flexible customers
node_idx,x,y,service_time,demand,locker_idxs
18,3,82,10,8,35-29
19,20,70,10,2,29
20,2,39,10,16,27
21,50,93,10,8,26
22,50,5,10,21,31-27
23,5,42,10,4,27
24,93,3,10,24,28-31
25,85,60,10,14,30
lockers
node_idx,x,y,service_time,capacity,cost_per_unit_good
26,65,88,10,79
27,25,15,10,94
28,93,12,10,74
29,22,88,10,78
30,77,88,10,70
31,72,14,10,96
32,47,57,10,84
33,56,46,10,77
34,49,49,10,88
35,54,53,10,79
mrt lines
start_node_idx,end_node_idx,freight_capacity,cost_per_unit_good
distance matrix
,0,1,2,3,4,5,6,7,8,9,10,11,12,13,14,15,16,17,18,19,20,21,22,23,24,25,26,27,28,29,30,31,32,33,34,35,
0,0.0,101.41,76.84,97.58,81.74,54.57,75.96,25.96,75.58,25.24,78.03,34.93,74.55,51.88,85.6,37.05,64.03,28.84,79.23,62.29,88.14,36.24,77.88,84.17,73.82,16.28,20.81,83.49,64.94,61.19,13.0,62.8,39.82,39.7,42.64,36.24
1,101.41,0.0,26.08,8.54,55.15,82.57,87.09,78.64,44.05,76.42,37.01,97.14,86.37,56.65,16.64,84.15,93.09,102.04,72.03,61.85,29.15,94.41,45.28,32.0,88.28,94.34,98.41,20.62,88.02,79.83,106.15,67.12,63.03,62.43,58.8,65.19
2,76.84,26.08,0.0,25.71,37.59,57.87,65.76,53.04,38.42,51.61,32.53,77.93,78.0,39.05,9.43,65.38,81.02,81.49,52.5,38.01,18.38,68.43,41.11,17.2,79.48,71.69,72.47,18.03,76.66,56.08,80.62,55.97,37.54,39.56,34.48,40.82
3,97.58,8.54,25.71,0.0,59.23,83.55,90.09,76.03,36.01,73.0,29.07,90.87,78.16,50.54,17.03,77.88,85.29,96.18,75.66,63.39,33.84,93.62,37.05,35.9,80.1,89.4,96.25,14.42,80.16,81.5,103.23,59.41,60.46,58.05,55.32,61.62
4,81.74,55.15,37.59,59.23,0.0,36.88,32.98,56.14,74.52,60.07,69.4,97.29,109.86,66.89,43.01,86.98,109.59,97.87,17.12,19.65,26.02,56.44,77.47,23.35,110.94,84.15,68.01,55.46,106.17,31.14,79.4,87.42,46.69,58.19,50.6,54.34
5,54.57,82.57,57.87,83.55,36.88,0.0,21.54,34.41,83.43,41.87,81.05,80.71,106.83,65.74,66.71,74.33,101.91,78.29,26.93,21.02,56.82,21.38,86.59,52.77,107.2,63.06,36.01,74.11,100.12,7.07,48.01,86.45,36.72,50.77,44.72,43.83
6,75.96,87.09,65.76,90.09,32.98,21.54,0.0,55.57,97.58,62.68,93.98,101.87,125.5,83.01,73.17,94.81,121.7,99.73,16.16,29.15,58.42,41.19,100.72,55.15,126.06,84.53,56.72,83.55,119.5,15.81,68.59,104.2,55.17,69.35,62.48,62.94
7,25.96,78.64,53.04,76.03,56.14,34.41,55.57,0.0,61.52,8.06,61.85,46.32,75.13,39.01,62.24,40.36,68.6,44.38,55.54,37.01,62.65,25.0,64.38,58.59,75.18,29.41,20.62,62.77,67.42,39.82,27.59,57.01,15.62,23.02,21.54,16.28
8,75.58,44.05,38.42,36.01,74.52,83.43,97.58,61.52,0.0,55.32,7.07,59.2,42.43,23.77,38.48,46.75,49.37,65.86,87.13,68.45,56.3,85.01,3.16,55.61,44.28,63.25,81.58,25.0,44.18,84.43,84.76,23.77,49.04,38.64,41.0,45.28
9,25.24,76.42,51.61,73.0,60.07,41.87,62.68,8.06,55.32,0.0,56.3,39.36,67.08,32.14,60.44,32.53,60.61,38.33,61.35,41.77,63.32,32.89,58.05,59.46,67.12,24.08,26.31,59.2,59.36,46.87,30.53,49.24,14.87,16.76,17.69,11.4
10,78.03,37.01,32.53,29.07,69.4,81.05,93.98,61.85,7.07,56.3,0.0,64.35,49.5,26.4,31.76,51.61,56.22,70.6,82.76,64.85,50.0,84.38,8.94,49.58,51.35,66.71,82.28,18.03,51.09,81.49,86.41,30.41,48.26,39.56,40.61,45.61
11,34.93,97.14,77.93,90.87,97.29,80.71,101.87,46.32,59.2,39.36,64.35,0.0,42.3,40.5,84.4,13.0,30.07,8.25,100.46,80.32,94.13,67.21,60.31,91.02,41.11,19.42,53.82,76.69,32.14,86.09,47.93,38.42,50.7,40.05,47.27,42.95
12,74.55,86.37,78.0,78.16,109.86,106.83,125.5,75.13,42.43,67.08,49.5,42.3,0.0,43.28,80.08,37.66,13.89,50.49,118.93,98.31,96.38,99.81,41.11,94.85,2.24,58.31,89.84,67.27,10.2,110.26,87.13,22.47,70.43,56.22,63.03,63.01
13,51.88,56.65,39.05,50.54,66.89,65.74,83.01,39.01,23.77,32.14,26.4,40.5,43.28,0.0,44.41,27.51,43.08,45.65,75.69,55.17,56.72,63.51,26.25,54.34,44.2,40.36,58.42,36.25,39.36,68.26,61.03,21.26,29.15,16.12,21.02,23.35
14,85.6,16.64,9.43,17.03,43.01,66.71,73.17,62.24,38.48,60.44,31.76,84.4,80.08,44.41,0.0,71.59,84.59,88.54,59.03,46.39,19.21,77.83,40.71,20.12,81.74,79.61,81.84,14.21,79.91,64.5,89.81,58.86,46.67,47.41,43.01,49.41
15,37.05,84.15,65.38,77.88,86.98,74.33,94.81,40.36,46.75,32.53,51.61,13.0,37.66,27.51,71.59,0.0,28.65,19.1,91.71,71.11,82.0,63.81,48.08,79.06,37.11,21.02,52.55,63.69,28.46,79.03,49.5,27.73,41.15,28.86,36.4,33.11
16,64.03,93.09,81.02,85.29,109.59,101.91,121.7,68.6,49.37,60.61,56.22,30.07,13.89,43.08,84.59,28.65,0.0,38.0,116.83,96.02,99.2,92.44,48.84,97.12,12.08,47.8,81.02,73.01,5.39,106.08,76.92,26.0,66.71,52.8,60.22,58.8
17,28.84,102.04,81.49,96.18,97.87,78.29,99.73,44.38,65.86,38.33,70.6,8.25,50.49,45.65,88.54,19.1,38.0,0.0,99.62,80.05,96.88,63.13,67.18,93.54,49.25,15.26,48.84,81.84,40.31,84.1,41.68,46.04,51.24,42.43,49.09,44.01
18,79.23,72.03,52.5,75.66,17.12,26.93,16.16,55.54,87.13,61.35,82.76,100.46,118.93,75.69,59.03,91.71,116.83,99.62,0.0,20.81,43.01,48.27,90.21,40.05,119.75,84.9,62.29,70.52,114.02,19.92,74.24,96.88,50.61,64.07,56.61,58.67
19,62.29,61.85,38.01,63.39,19.65,21.02,29.15,37.01,68.45,41.77,64.85,80.32,98.31,55.17,46.39,71.11,96.02,80.05,20.81,0.0,35.85,37.8,71.59,31.76,99.09,65.76,48.47,55.23,93.24,18.11,59.77,76.42,29.97,43.27,35.81,38.01
20,88.14,29.15,18.38,33.84,26.02,56.82,58.42,62.65,56.3,63.32,50.0,94.13,96.38,56.72,19.21,82.0,99.2,96.88,43.01,35.85,0.0,72.25,58.82,4.24,97.86,85.62,79.81,33.24,94.92,52.92,89.59,74.33,48.47,54.45,48.05,53.85
21,36.24,94.41,68.43,93.62,56.44,21.38,41.19,25.0,85.01,32.89,84.38,67.21,99.81,63.51,77.83,63.81,92.44,63.13,48.27,37.8,72.25,0.0,88.0,68.01,99.74,48.1,15.81,81.91,91.71,28.44,27.46,82.01,36.12,47.38,44.01,40.2
22,77.88,45.28,41.11,37.05,77.47,86.59,100.72,64.38,3.16,58.05,8.94,60.31,41.11,26.25,40.71,48.08,48.84,67.18,90.21,71.59,58.82,88.0,0.0,58.26,43.05,65.19,84.34,26.93,43.57,87.6,87.28,23.77,52.09,41.44,44.01,48.17
23,84.17,32.0,17.2,35.9,23.35,52.77,55.15,58.59,55.61,59.46,49.58,91.02,94.85,54.34,20.12,79.06,97.12,93.54,40.05,31.76,4.24,68.01,58.26,0.0,96.25,82.0,75.6,33.6,92.97,49.04,85.44,72.62,44.6,51.16,44.55,50.22
24,73.82,88.28,79.48,80.1,110.94,107.2,126.06,75.18,44.28,67.12,51.35,41.11,2.24,44.2,81.74,37.11,12.08,49.25,119.75,99.09,97.86,99.74,43.05,96.25,0.0,57.56,89.49,69.05,9.0,110.75,86.49,23.71,70.94,56.73,63.66,63.41
25,16.28,94.34,71.69,89.4,84.15,63.06,84.53,29.41,63.25,24.08,66.71,19.42,58.31,40.36,79.61,21.02,47.8,15.26,84.9,65.76,85.62,48.1,65.19,82.0,57.56,0.0,34.41,75.0,48.66,68.94,29.12,47.8,38.12,32.2,37.64,31.78
26,20.81,98.41,72.47,96.25,68.01,36.01,56.72,20.62,81.58,26.31,82.28,53.82,89.84,58.42,81.84,52.55,81.02,48.84,62.29,48.47,79.81,15.81,84.34,75.6,89.49,34.41,0.0,83.24,80.99,43.0,12.0,74.33,35.85,42.95,42.15,36.69
27,83.49,20.62,18.03,14.42,55.46,74.11,83.55,62.77,25.0,59.2,18.03,76.69,67.27,36.25,14.21,63.69,73.01,81.84,70.52,55.23,33.24,81.91,26.93,33.6,69.05,75.0,83.24,0.0,68.07,73.06,89.63,47.01,47.41,43.84,41.62,47.8
28,64.94,88.02,76.66,80.16,106.17,100.12,119.5,67.42,44.18,59.36,51.09,32.14,10.2,39.36,79.91,28.46,5.39,40.31,114.02,93.24,94.92,91.71,43.57,92.97,9.0,48.66,80.99,68.07,0.0,104.0,77.67,21.1,64.35,50.25,57.49,56.59
29,61.19,79.83,56.08,81.5,31.14,7.07,15.81,39.82,84.43,46.87,81.49,86.09,110.26,68.26,64.5,79.03,106.08,84.1,19.92,18.11,52.92,28.44,87.6,49.04,110.75,68.94,43.0,73.06,104.0,0.0,55.0,89.31,39.82,54.04,47.43,47.42
30,13.0,106.15,80.62,103.23,79.4,48.01,68.59,27.59,84.76,30.53,86.41,47.93,87.13,61.03,89.81,49.5,76.92,41.68,74.24,59.77,89.59,27.46,87.28,85.44,86.49,29.12,12.0,89.63,77.67,55.0,0.0,74.17,43.14,46.96,48.01,41.88
31,62.8,67.12,55.97,59.41,87.42,86.45,104.2,57.01,23.77,49.24,30.41,38.42,22.47,21.26,58.86,27.73,26.0,46.04,96.88,76.42,74.33,82.01,23.77,72.62,23.71,47.8,74.33,47.01,21.1,89.31,74.17,0.0,49.74,35.78,41.88,42.95
32,39.82,63.03,37.54,60.46,46.69,36.72,55.17,15.62,49.04,14.87,48.26,50.7,70.43,29.15,46.67,41.15,66.71,51.24,50.61,29.97,48.47,36.12,52.09,44.6,70.94,38.12,35.85,47.41,64.35,39.82,43.14,49.74,0.0,14.21,8.25,8.06
33,39.7,62.43,39.56,58.05,58.19,50.77,69.35,23.02,38.64,16.76,39.56,40.05,56.22,16.12,47.41,28.86,52.8,42.43,64.07,43.27,54.45,47.38,41.44,51.16,56.73,32.2,42.95,43.84,50.25,54.04,46.96,35.78,14.21,0.0,7.62,7.28
34,42.64,58.8,34.48,55.32,50.6,44.72,62.48,21.54,41.0,17.69,40.61,47.27,63.03,21.02,43.01,36.4,60.22,49.09,56.61,35.81,48.05,44.01,44.01,44.55,63.66,37.64,42.15,41.62,57.49,47.43,48.01,41.88,8.25,7.62,0.0,6.4
35,36.24,65.19,40.82,61.62,54.34,43.83,62.94,16.28,45.28,11.4,45.61,42.95,63.01,23.35,49.41,33.11,58.8,44.01,58.67,38.01,53.85,40.2,48.17,50.22,63.41,31.78,36.69,47.8,56.59,47.42,41.88,42.95,8.06,7.28,6.4,0.0
