vehicles
vehicle_idx, capacity, cost_per_unit_distance
1,100,1
2,100,1
3,100,1
4,100,1
depot
node_idx,x,y
0,82,76
home delivery customers
node_idx,x,y,service_time,demand
1,23,15,10,15
2,2,39,10,16
3,20,70,10,2
4,61,59,10,3
5,5,42,10,4
6,84,25,10,16
7,91,2,10,19
8,88,51,10,18
9,98,5,10,9
self pickup customers
node_idx,x,y,service_time,demand,locker_idxs
10,29,89,10,7,29
11,5,10,10,14,32-27
12,50,93,10,8,26
13,13,7,10,19,27
14,14,24,10,6,27
15,96,44,10,19,28
16,93,3,10,24,28-31
17,57,69,10,20,33-34-26
flexible customers
node_idx,x,y,service_time,demand,locker_idxs
18,1,65,10,22,29
19,9,97,10,24,29
20,85,60,10,14,30
21,50,5,10,21,31-27
22,98,14,10,12,28-31
23,42,9,10,8,27
24,19,32,10,1,27
25,49,8,10,6,31-27
lockers
node_idx,x,y,service_time,capacity,cost_per_unit_good
26,65,88,10,82
27,25,15,10,76
28,93,12,10,81
29,22,88,10,84
30,77,88,10,76
31,72,14,10,76
32,48,48,10,79
33,53,56,10,72
34,53,51,10,75
35,52,37,10,72
mrt lines
start_node_idx,end_node_idx,freight_capacity,cost_per_unit_good
26,27,82,2
27,26,82,2
distance matrix
,0,1,2,3,4,5,6,7,8,9,10,11,12,13,14,15,16,17,18,19,20,21,22,23,24,25,26,27,28,29,30,31,32,33,34,35,
0,0.0,84.86,88.14,62.29,27.02,84.17,51.04,74.55,25.71,72.78,54.57,101.41,36.24,97.58,85.6,34.93,73.82,25.96,81.74,75.96,16.28,77.88,64.03,78.03,76.84,75.58,20.81,83.49,64.94,61.19,13.0,62.8,44.05,35.23,38.29,49.2
1,84.86,0.0,31.89,55.08,58.14,32.45,61.81,69.23,74.3,75.66,74.24,18.68,82.54,12.81,12.73,78.55,71.02,63.81,54.63,83.19,76.61,28.79,75.01,19.92,17.46,26.93,84.22,2.0,70.06,73.01,90.8,49.01,41.4,50.8,46.86,36.4
2,88.14,31.89,0.0,35.85,62.3,4.24,83.19,96.38,86.83,101.84,56.82,29.15,72.25,33.84,19.21,94.13,97.86,62.65,26.02,58.42,85.62,58.82,99.2,50.0,18.38,56.3,79.81,33.24,94.92,52.92,89.59,74.33,46.87,53.76,52.39,50.04
3,62.29,55.08,35.85,0.0,42.45,31.76,78.24,98.31,70.6,101.53,21.02,61.85,37.8,63.39,46.39,80.32,99.09,37.01,19.65,29.15,65.76,71.59,96.02,64.85,38.01,68.45,48.47,55.23,93.24,18.11,59.77,76.42,35.61,35.85,38.08,45.97
4,27.02,58.14,62.3,42.45,0.0,58.52,41.05,64.41,28.16,65.46,43.86,74.41,35.74,70.77,58.6,38.08,64.5,10.77,60.3,64.4,24.02,55.11,58.26,53.49,49.93,52.39,29.27,56.85,56.86,48.6,33.12,46.32,17.03,8.54,11.31,23.77
5,84.17,32.45,4.24,31.76,58.52,0.0,80.81,94.85,83.49,100.09,52.77,32.0,68.01,35.9,20.12,91.02,96.25,58.59,23.35,55.15,82.0,58.26,97.12,49.58,17.2,55.61,75.6,33.6,92.97,49.04,85.44,72.62,43.42,50.0,48.84,47.27
6,51.04,61.81,83.19,78.24,41.05,80.81,0.0,24.04,26.31,24.41,84.39,80.41,76.03,73.25,70.01,22.47,23.77,51.62,92.14,103.97,35.01,39.45,17.8,44.94,65.38,38.91,65.8,59.84,15.81,88.39,63.39,16.28,42.72,43.84,40.46,34.18
7,74.55,69.23,96.38,98.31,64.41,94.85,24.04,0.0,49.09,7.62,106.83,86.37,99.81,78.16,80.08,42.3,2.24,75.13,109.86,125.5,58.31,41.11,13.89,49.5,78.0,42.43,89.84,67.27,10.2,110.26,87.13,22.47,62.97,66.03,62.01,52.4
8,25.71,74.3,86.83,70.6,28.16,83.49,26.31,49.09,0.0,47.07,70.18,92.57,56.64,86.95,78.77,10.63,48.26,35.85,88.12,91.42,9.49,59.67,38.33,62.29,71.57,58.05,43.57,72.56,39.32,75.66,38.6,40.31,40.11,35.36,35.0,38.63
9,72.78,75.66,101.84,101.53,65.46,100.09,24.41,7.62,47.07,0.0,108.71,93.13,100.24,85.02,86.12,39.05,5.39,76.01,114.06,128.0,56.52,48.0,9.0,56.14,83.49,49.09,89.32,73.68,8.6,112.54,85.62,27.51,65.95,68.01,64.35,56.04
10,54.57,74.24,56.82,21.02,43.86,52.77,84.39,106.83,70.18,108.71,0.0,82.57,21.38,83.55,66.71,80.71,107.2,34.41,36.88,21.54,63.06,86.59,101.91,81.05,57.87,83.43,36.01,74.11,100.12,7.07,48.01,86.45,45.19,40.8,44.94,56.86
11,101.41,18.68,29.15,61.85,74.41,32.0,80.41,86.37,92.57,93.13,82.57,0.0,94.41,8.54,16.64,97.14,88.28,78.64,55.15,87.09,94.34,45.28,93.09,37.01,26.08,44.05,98.41,20.62,88.02,79.83,106.15,67.12,57.38,66.48,63.13,54.2
12,36.24,82.54,72.25,37.8,35.74,68.01,76.03,99.81,56.64,100.24,21.38,94.41,0.0,93.62,77.83,67.21,99.74,25.0,56.44,41.19,48.1,88.0,92.44,84.38,68.43,85.01,15.81,81.91,91.71,28.44,27.46,82.01,45.04,37.12,42.11,56.04
13,97.58,12.81,33.84,63.39,70.77,35.9,73.25,78.16,86.95,85.02,83.55,8.54,93.62,0.0,17.03,90.87,80.1,76.03,59.23,90.09,89.4,37.05,85.29,29.07,25.71,36.01,96.25,14.42,80.16,81.5,103.23,59.41,53.91,63.25,59.46,49.2
14,85.6,12.73,19.21,46.39,58.6,20.12,70.01,80.08,78.77,86.12,66.71,16.64,77.83,17.03,0.0,84.4,81.74,62.24,43.01,73.17,79.61,40.71,84.59,31.76,9.43,38.48,81.84,14.21,79.91,64.5,89.81,58.86,41.62,50.45,47.43,40.16
15,34.93,78.55,94.13,80.32,38.08,91.02,22.47,42.3,10.63,39.05,80.71,97.14,67.21,90.87,84.4,0.0,41.11,46.32,97.29,101.87,19.42,60.31,30.07,64.35,77.93,59.2,53.82,76.69,32.14,86.09,47.93,38.42,48.17,44.64,43.57,44.55
16,73.82,71.02,97.86,99.09,64.5,96.25,23.77,2.24,48.26,5.39,107.2,88.28,99.74,80.1,81.74,41.11,0.0,75.18,110.94,126.06,57.56,43.05,12.08,51.35,79.48,44.28,89.49,69.05,9.0,110.75,86.49,23.71,63.64,66.4,62.48,53.26
17,25.96,63.81,62.65,37.01,10.77,58.59,51.62,75.13,35.85,76.01,34.41,78.64,25.0,76.03,62.24,46.32,75.18,0.0,56.14,55.57,29.41,64.38,68.6,61.85,53.04,61.52,20.62,62.77,67.42,39.82,27.59,57.01,22.85,13.6,18.44,32.39
18,81.74,54.63,26.02,19.65,60.3,23.35,92.14,109.86,88.12,114.06,36.88,55.15,56.44,59.23,43.01,97.29,110.94,56.14,0.0,32.98,84.15,77.47,109.59,69.4,37.59,74.52,68.01,55.46,106.17,31.14,79.4,87.42,49.98,52.77,53.85,58.18
19,75.96,83.19,58.42,29.15,64.4,55.15,103.97,125.5,91.42,128.0,21.54,87.09,41.19,90.09,73.17,101.87,126.06,55.57,32.98,0.0,84.53,100.72,121.7,93.98,65.76,97.58,56.72,83.55,119.5,15.81,68.59,104.2,62.63,60.14,63.66,73.82
20,16.28,76.61,85.62,65.76,24.02,82.0,35.01,58.31,9.49,56.52,63.06,94.34,48.1,89.4,79.61,19.42,57.56,29.41,84.15,84.53,0.0,65.19,47.8,66.71,71.69,63.25,34.41,75.0,48.66,68.94,29.12,47.8,38.9,32.25,33.24,40.22
21,77.88,28.79,58.82,71.59,55.11,58.26,39.45,41.11,59.67,48.0,86.59,45.28,88.0,37.05,40.71,60.31,43.05,64.38,77.47,100.72,65.19,0.0,48.84,8.94,41.11,3.16,84.34,26.93,43.57,87.6,87.28,23.77,43.05,51.09,46.1,32.06
22,64.03,75.01,99.2,96.02,58.26,97.12,17.8,13.89,38.33,9.0,101.91,93.09,92.44,85.29,84.59,30.07,12.08,68.6,109.59,121.7,47.8,48.84,0.0,56.22,81.02,49.37,81.02,73.01,5.39,106.08,76.92,26.0,60.46,61.55,58.26,51.43
23,78.03,19.92,50.0,64.85,53.49,49.58,44.94,49.5,62.29,56.14,81.05,37.01,84.38,29.07,31.76,64.35,51.35,61.85,69.4,93.98,66.71,8.94,56.22,0.0,32.53,7.07,82.28,18.03,51.09,81.49,86.41,30.41,39.46,48.27,43.42,29.73
24,76.84,17.46,18.38,38.01,49.93,17.2,65.38,78.0,71.57,83.49,57.87,26.08,68.43,25.71,9.43,77.93,79.48,53.04,37.59,65.76,71.69,41.11,81.02,32.53,0.0,38.42,72.47,18.03,76.66,56.08,80.62,55.97,33.12,41.62,38.95,33.38
25,75.58,26.93,56.3,68.45,52.39,55.61,38.91,42.43,58.05,49.09,83.43,44.05,85.01,36.01,38.48,59.2,44.28,61.52,74.52,97.58,63.25,3.16,49.37,7.07,38.42,0.0,81.58,25.0,44.18,84.43,84.76,23.77,40.01,48.17,43.19,29.15
26,20.81,84.22,79.81,48.47,29.27,75.6,65.8,89.84,43.57,89.32,36.01,98.41,15.81,96.25,81.84,53.82,89.49,20.62,68.01,56.72,34.41,84.34,81.02,82.28,72.47,81.58,0.0,83.24,80.99,43.0,12.0,74.33,43.46,34.18,38.9,52.63
27,83.49,2.0,33.24,55.23,56.85,33.6,59.84,67.27,72.56,73.68,74.11,20.62,81.91,14.42,14.21,76.69,69.05,62.77,55.46,83.55,75.0,26.93,73.01,18.03,18.03,25.0,83.24,0.0,68.07,73.06,89.63,47.01,40.22,49.65,45.61,34.83
28,64.94,70.06,94.92,93.24,56.86,92.97,15.81,10.2,39.32,8.6,100.12,88.02,91.71,80.16,79.91,32.14,9.0,67.42,106.17,119.5,48.66,43.57,5.39,51.09,76.66,44.18,80.99,68.07,0.0,104.0,77.67,21.1,57.63,59.46,55.87,48.02
29,61.19,73.01,52.92,18.11,48.6,49.04,88.39,110.26,75.66,112.54,7.07,79.83,28.44,81.5,64.5,86.09,110.75,39.82,31.14,15.81,68.94,87.6,106.08,81.49,56.08,84.43,43.0,73.06,104.0,0.0,55.0,89.31,47.71,44.55,48.27,59.17
30,13.0,90.8,89.59,59.77,33.12,85.44,63.39,87.13,38.6,85.62,48.01,106.15,27.46,103.23,89.81,47.93,86.49,27.59,79.4,68.59,29.12,87.28,76.92,86.41,80.62,84.76,12.0,89.63,77.67,55.0,0.0,74.17,49.41,40.0,44.1,56.8
31,62.8,49.01,74.33,76.42,46.32,72.62,16.28,22.47,40.31,27.51,86.45,67.12,82.01,59.41,58.86,38.42,23.71,57.01,87.42,104.2,47.8,23.77,26.0,30.41,55.97,23.77,74.33,47.01,21.1,89.31,74.17,0.0,41.62,46.1,41.59,30.48
32,44.05,41.4,46.87,35.61,17.03,43.42,42.72,62.97,40.11,65.95,45.19,57.38,45.04,53.91,41.62,48.17,63.64,22.85,49.98,62.63,38.9,43.05,60.46,39.46,33.12,40.01,43.46,40.22,57.63,47.71,49.41,41.62,0.0,9.43,5.83,11.7
33,35.23,50.8,53.76,35.85,8.54,50.0,43.84,66.03,35.36,68.01,40.8,66.48,37.12,63.25,50.45,44.64,66.4,13.6,52.77,60.14,32.25,51.09,61.55,48.27,41.62,48.17,34.18,49.65,59.46,44.55,40.0,46.1,9.43,0.0,5.0,19.03
34,38.29,46.86,52.39,38.08,11.31,48.84,40.46,62.01,35.0,64.35,44.94,63.13,42.11,59.46,47.43,43.57,62.48,18.44,53.85,63.66,33.24,46.1,58.26,43.42,38.95,43.19,38.9,45.61,55.87,48.27,44.1,41.59,5.83,5.0,0.0,14.04
35,49.2,36.4,50.04,45.97,23.77,47.27,34.18,52.4,38.63,56.04,56.86,54.2,56.04,49.2,40.16,44.55,53.26,32.39,58.18,73.82,40.22,32.06,51.43,29.73,33.38,29.15,52.63,34.83,48.02,59.17,56.8,30.48,11.7,19.03,14.04,0.0
