set K:= 1	2	3	4;
set C_H:= 1	2	3	4	5;
set C_S:= 6	7	8	9	10	11	12;
set C_F:= 13	14	15	16	17	18	19;
set M:= 20	21	22	23	24	25;
set L_B:= 26;
set A1:=
(0,*) 1 2 3 4 5 13 14 15 16 17 18 19 20 21 22 23 24 25 26 27
(1,*) 0 2 3 4 5 13 14 15 16 17 18 19 20 21 22 23 24 25 26 27
(2,*) 0 1 3 4 5 13 14 15 16 17 18 19 20 21 22 23 24 25 26 27
(3,*) 0 1 2 4 5 13 14 15 16 17 18 19 20 21 22 23 24 25 26 27
(4,*) 0 1 2 3 5 13 14 15 16 17 18 19 20 21 22 23 24 25 26 27
(5,*) 0 1 2 3 4 13 14 15 16 17 18 19 20 21 22 23 24 25 26 27
(13,*) 0 1 2 3 4 5 14 15 16 17 18 19 20 21 22 23 24 25 26 27
(14,*) 0 1 2 3 4 5 13 15 16 17 18 19 20 21 22 23 24 25 26 27
(15,*) 0 1 2 3 4 5 13 14 16 17 18 19 20 21 22 23 24 25 26 27
(16,*) 0 1 2 3 4 5 13 14 15 17 18 19 20 21 22 23 24 25 26 27
(17,*) 0 1 2 3 4 5 13 14 15 16 18 19 20 21 22 23 24 25 26 27
(18,*) 0 1 2 3 4 5 13 14 15 16 17 19 20 21 22 23 24 25 26 27
(19,*) 0 1 2 3 4 5 13 14 15 16 17 18 20 21 22 23 24 25 26 27
(20,*) 0 1 2 3 4 5 13 14 15 16 17 18 19 21 22 23 24 25 26 27
(21,*) 0 1 2 3 4 5 13 14 15 16 17 18 19 20 22 23 24 25 26 27
(22,*) 0 1 2 3 4 5 13 14 15 16 17 18 19 20 21 23 24 25 26 27
(23,*) 0 1 2 3 4 5 13 14 15 16 17 18 19 20 21 22 24 25 26 27
(24,*) 0 1 2 3 4 5 13 14 15 16 17 18 19 20 21 22 23 25 26 27
(25,*) 0 1 2 3 4 5 13 14 15 16 17 18 19 20 21 22 23 24 26 27
(26,*) 0 1 2 3 4 5 13 14 15 16 17 18 19 20 21 22 23 24 25 27
(27,*) 0 1 2 3 4 5 13 14 15 16 17 18 19 20 21 22 23 24 25 26
;
set A2:=
(20,*) 21
(21,*) 20
(22,*) 23
(23,*) 22
(24,*) 25
(25,*) 24
;
param BigM:=99999;
param n:= 4;
param d:=
1	13
2	12
3	13
4	12
5	23
6	24
7	20
8	22
9	12
10	12
11	10
12	2
13	9
14	14
15	7
16	5
17	23
18	7
19	21
;
param Q:=100;
param w:=
[20,*] 21 1
[21,*] 20 1
[22,*] 23 1
[23,*] 22 1
[24,*] 25 1
[25,*] 24 1
;
param V:=
[20,*] 21 88
[21,*] 20 88
[22,*] 23 95
[23,*] 22 95
[24,*] 25 73
[25,*] 24 73
;
param e:
	20	21	22	23	24	25	26:=
6		0		0		1		0		0		0		0	
7		0		0		1		0		0		1		0	
8		0		0		0		0		0		1		0	
9		0		1		0		0		0		1		0	
10		1		0		0		0		0		0		0	
11		0		0		0		1		0		0		0	
12		1		0		0		1		0		0		1	
13		1		0		0		1		0		0		1	
14		0		0		0		0		0		1		0	
15		0		0		0		0		0		1		0	
16		1		0		0		1		0		0		1	
17		1		0		0		1		0		0		1	
18		0		0		1		0		0		1		0	
19		0		1		0		0		0		1		0	
;
param p:=
1	1
2	1
3	1
4	1
;
param G:=
20	88
21	75
22	78
23	95
24	72
25	73
26	90
;
param s:=
0	0
1	10
2	10
3	10
4	10
5	10
13	10
14	10
15	10
16	10
17	10
18	10
19	10
20	10
21	10
22	10
23	10
24	10
25	10
26	10
;
param t:
	0	1	2	3	4	5	6	7	8	9	10	11	12	13	14	15	16	17	18	19	20	21	22	23	24	25	26	27:=
0	0.0	11.66	17.0	19.92	22.2	28.02	81.15	75.06	88.77	101.83	30.36	69.35	67.91	75.01	89.29	73.68	47.54	78.23	87.09	101.4	27.29	102.07	80.01	70.11	15.52	80.52	73.16	0.0
1	11.66	0.0	9.22	29.68	24.19	25.55	87.14	81.3	92.78	99.81	24.21	60.42	60.17	65.19	93.06	77.1	40.25	69.05	94.05	100.85	19.72	100.69	86.7	60.83	11.18	84.59	64.43	11.66
2	17.0	9.22	0.0	29.83	18.44	17.09	81.88	76.3	86.15	90.8	15.0	52.47	51.55	58.01	86.28	70.26	31.38	61.29	89.5	92.18	10.77	91.81	82.0	53.15	4.47	78.06	56.34	17.0
3	19.92	29.68	29.83	0.0	19.03	29.15	62.97	56.72	72.62	94.05	36.4	75.95	72.06	83.43	73.41	58.67	52.47	85.0	68.03	91.29	36.25	93.24	61.2	77.47	25.81	64.47	79.12	19.92
4	22.2	24.19	18.44	19.03	0.0	10.2	63.51	57.87	68.59	79.93	18.36	57.07	53.04	64.85	68.88	52.95	33.54	66.1	71.06	79.2	19.8	79.98	63.56	58.69	14.14	60.41	60.16	22.2
5	28.02	25.55	17.09	29.15	10.2	0.0	67.45	62.3	70.01	74.52	9.22	46.87	43.0	54.71	70.01	54.0	23.35	55.9	75.96	75.29	12.65	75.21	68.35	48.51	14.42	62.07	49.98	28.02
6	81.15	87.14	81.88	62.97	63.51	67.45	0.0	6.32	17.72	66.48	75.89	97.84	89.14	107.81	19.65	21.1	80.26	104.66	10.82	56.0	80.08	62.13	6.08	100.77	77.65	15.3	98.39	81.15
7	75.06	81.3	76.3	56.72	57.87	62.3	6.32	0.0	21.95	68.03	70.94	94.76	86.31	104.69	23.71	20.62	76.28	101.91	13.89	58.31	74.95	64.03	6.4	97.62	72.01	17.26	95.57	75.06
8	88.77	92.78	86.15	72.62	68.59	70.01	17.72	21.95	0.0	50.7	77.32	91.92	82.68	101.87	2.0	16.03	77.79	97.65	26.02	39.32	82.15	45.89	23.77	95.02	82.3	8.25	91.73	88.77
9	101.83	99.81	90.8	94.05	79.93	74.52	66.48	68.03	50.7	0.0	76.55	66.03	57.22	74.11	48.76	48.09	65.92	67.36	76.3	12.81	81.84	5.66	72.34	69.01	88.87	51.24	63.56	101.83
10	30.36	24.21	15.0	36.4	18.36	9.22	75.89	70.94	77.32	76.55	0.0	40.05	37.66	47.07	77.16	61.29	17.26	49.09	84.69	78.79	5.39	77.9	77.08	41.3	14.87	69.58	43.55	30.36
11	69.35	60.42	52.47	75.95	57.07	46.87	97.84	94.76	91.92	66.03	40.05	0.0	9.49	10.0	90.92	78.01	23.54	9.06	108.3	74.43	42.11	70.03	101.14	3.16	54.08	86.27	4.31	69.35
12	67.91	60.17	51.55	72.06	53.04	43.0	89.14	86.31	82.68	57.22	37.66	9.49	0.0	19.24	81.63	69.03	20.4	15.62	99.7	65.19	40.8	61.01	92.66	12.65	52.39	77.2	9.26	67.91
13	75.01	65.19	58.01	83.43	64.85	54.71	107.81	104.69	101.87	74.11	47.07	10.0	19.24	0.0	100.85	88.01	31.78	7.62	118.26	83.19	48.26	78.41	111.07	7.07	60.21	96.26	10.74	75.01
14	89.29	93.06	86.28	73.41	68.88	70.01	19.65	23.71	2.0	48.76	77.16	90.92	81.63	100.85	0.0	16.03	77.2	96.52	28.02	37.34	82.05	43.93	25.71	94.02	82.49	8.94	90.64	89.29
15	73.68	77.1	70.26	58.67	52.95	54.0	21.1	20.62	16.03	48.09	61.29	78.01	69.03	88.01	16.03	0.0	62.39	84.39	31.91	39.56	66.12	44.55	26.0	81.02	66.48	8.54	78.23	73.68
16	47.54	40.25	31.38	52.47	33.54	23.35	80.26	76.28	77.79	65.92	17.26	23.54	20.4	31.78	77.2	62.39	0.0	32.56	90.14	70.61	20.62	68.31	82.66	25.3	32.02	70.94	26.67	47.54
17	78.23	69.05	61.29	85.0	66.1	55.9	104.66	101.91	97.65	67.36	49.09	9.06	15.62	7.62	96.52	84.39	32.56	0.0	115.26	76.9	51.04	71.85	108.25	8.25	63.03	92.46	6.46	78.23
18	87.09	94.05	89.5	68.03	71.06	75.96	10.82	13.89	26.02	76.3	84.69	108.3	99.7	118.26	28.02	31.91	90.14	115.26	0.0	65.28	88.6	71.7	7.62	111.2	85.15	25.63	108.96	87.09
19	101.4	100.85	92.18	91.29	79.2	75.29	56.0	58.31	39.32	12.81	78.79	74.43	65.19	83.19	37.34	39.56	70.61	76.9	65.28	0.0	84.17	7.21	62.01	77.52	89.69	41.11	72.47	101.4
20	27.29	19.72	10.77	36.25	19.8	12.65	80.08	74.95	82.15	81.84	5.39	42.11	40.8	48.26	82.05	66.12	20.62	51.04	88.6	84.17	0.0	83.24	80.99	43.0	12.0	74.33	45.87	27.29
21	102.07	100.69	91.81	93.24	79.98	75.21	62.13	64.03	45.89	5.66	77.9	70.03	61.01	78.41	43.93	44.55	68.31	71.85	71.7	7.21	83.24	0.0	68.07	73.06	89.63	47.01	67.77	102.07
22	80.01	86.7	82.0	61.2	63.56	68.35	6.08	6.4	23.77	72.34	77.08	101.14	92.66	111.07	25.71	26.0	82.66	108.25	7.62	62.01	80.99	68.07	0.0	104.0	77.67	21.1	101.91	80.01
23	70.11	60.83	53.15	77.47	58.69	48.51	100.77	97.62	95.02	69.01	41.3	3.16	12.65	7.07	94.02	81.02	25.3	8.25	111.2	77.52	43.0	73.06	104.0	0.0	55.0	89.31	6.02	70.11
24	15.52	11.18	4.47	25.81	14.14	14.42	77.65	72.01	82.3	88.87	14.87	54.08	52.39	60.21	82.49	66.48	32.02	63.03	85.15	89.69	12.0	89.63	77.67	55.0	0.0	74.17	57.8	15.52
25	80.52	84.59	78.06	64.47	60.41	62.07	15.3	17.26	8.25	51.24	69.58	86.27	77.2	96.26	8.94	8.54	70.94	92.46	25.63	41.11	74.33	47.01	21.1	89.31	74.17	0.0	86.37	80.52
26	73.16	64.43	56.34	79.12	60.16	49.98	98.39	95.57	91.73	63.56	43.55	4.31	9.26	10.74	90.64	78.23	26.67	6.46	108.96	72.47	45.87	67.77	101.91	6.02	57.8	86.37	0.0	73.16
;
