set K:= 1	2	3	4;
set C_H:= 1	2	3	4	5	6	7	8;
set C_S:= 9	10	11	12	13	14	15	16;
set C_F:= 17	18	19	20	21	22	23	24;
set M:= 0	1;
set M_B:= 2	3;
set L_B:= 27	28	29	30	31	32;
set A1:=
(0,*) 1 2 3 4 5 6 7 8 17 18 19 20 21 22 23 24 1 2 3 27 28 29 30 31 32
(1,*) 0 2 3 4 5 6 7 8 17 18 19 20 21 22 23 24 0 2 3 27 28 29 30 31 32
(2,*) 0 1 3 4 5 6 7 8 17 18 19 20 21 22 23 24 0 1 3 27 28 29 30 31 32
(3,*) 0 1 2 4 5 6 7 8 17 18 19 20 21 22 23 24 0 1 2 27 28 29 30 31 32
(4,*) 0 1 2 3 5 6 7 8 17 18 19 20 21 22 23 24 0 1 2 3 27 28 29 30 31 32
(5,*) 0 1 2 3 4 6 7 8 17 18 19 20 21 22 23 24 0 1 2 3 27 28 29 30 31 32
(6,*) 0 1 2 3 4 5 7 8 17 18 19 20 21 22 23 24 0 1 2 3 27 28 29 30 31 32
(7,*) 0 1 2 3 4 5 6 8 17 18 19 20 21 22 23 24 0 1 2 3 27 28 29 30 31 32
(8,*) 0 1 2 3 4 5 6 7 17 18 19 20 21 22 23 24 0 1 2 3 27 28 29 30 31 32
(17,*) 0 1 2 3 4 5 6 7 8 18 19 20 21 22 23 24 0 1 2 3 27 28 29 30 31 32
(18,*) 0 1 2 3 4 5 6 7 8 17 19 20 21 22 23 24 0 1 2 3 27 28 29 30 31 32
(19,*) 0 1 2 3 4 5 6 7 8 17 18 20 21 22 23 24 0 1 2 3 27 28 29 30 31 32
(20,*) 0 1 2 3 4 5 6 7 8 17 18 19 21 22 23 24 0 1 2 3 27 28 29 30 31 32
(21,*) 0 1 2 3 4 5 6 7 8 17 18 19 20 22 23 24 0 1 2 3 27 28 29 30 31 32
(22,*) 0 1 2 3 4 5 6 7 8 17 18 19 20 21 23 24 0 1 2 3 27 28 29 30 31 32
(23,*) 0 1 2 3 4 5 6 7 8 17 18 19 20 21 22 24 0 1 2 3 27 28 29 30 31 32
(24,*) 0 1 2 3 4 5 6 7 8 17 18 19 20 21 22 23 0 1 2 3 27 28 29 30 31 32
(0,*) 1 2 3 4 5 6 7 8 17 18 19 20 21 22 23 24 1 2 3 27 28 29 30 31 32
(1,*) 0 2 3 4 5 6 7 8 17 18 19 20 21 22 23 24 0 2 3 27 28 29 30 31 32
(2,*) 0 1 3 4 5 6 7 8 17 18 19 20 21 22 23 24 0 1 3 27 28 29 30 31 32
(3,*) 0 1 2 4 5 6 7 8 17 18 19 20 21 22 23 24 0 1 2 27 28 29 30 31 32
(27,*) 0 1 2 3 4 5 6 7 8 17 18 19 20 21 22 23 24 0 1 2 3 28 29 30 31 32
(28,*) 0 1 2 3 4 5 6 7 8 17 18 19 20 21 22 23 24 0 1 2 3 27 29 30 31 32
(29,*) 0 1 2 3 4 5 6 7 8 17 18 19 20 21 22 23 24 0 1 2 3 27 28 30 31 32
(30,*) 0 1 2 3 4 5 6 7 8 17 18 19 20 21 22 23 24 0 1 2 3 27 28 29 31 32
(31,*) 0 1 2 3 4 5 6 7 8 17 18 19 20 21 22 23 24 0 1 2 3 27 28 29 30 32
(32,*) 0 1 2 3 4 5 6 7 8 17 18 19 20 21 22 23 24 0 1 2 3 27 28 29 30 31
;
set A2:=
(0,*) 1
;
param BigM:=99999;
param n:= 4;
param d:=
1	8
2	24
3	6
4	2
5	14
6	18
7	12
8	22
9	14
10	7
11	9
12	24
13	19
14	15
15	24
16	3
17	16
18	8
19	2
20	20
21	4
22	6
23	12
24	21
;
param Q:=100;
param w:=
[0,*] 1 0.1
;
param V:=
[0,*] 1 88
;
param e:
	25	26	27	28	29	30	31	32:=
9		0		0		0		0		0		0		1		0	
10		1		0		1		0		0		0		0		0	
11		0		1		0		1		0		1		0		0	
12		1		0		1		0		0		0		0		0	
13		0		1		0		1		0		0		0		0	
14		0		1		0		1		0		0		1		0	
15		0		0		0		0		1		1		0		1	
16		0		0		0		0		0		0		1		0	
17		0		0		0		0		0		0		1		0	
18		0		0		0		0		1		0		0		0	
19		0		0		0		0		0		0		1		0	
20		1		0		1		0		1		0		1		1	
21		0		1		0		1		0		0		0		0	
22		0		1		0		1		0		0		0		0	
23		0		0		0		0		1		1		1		1	
24		0		1		0		1		0		0		0		0	
;
param p:=
1	3
2	3
3	3
4	3
;
param G:=
25	88
26	84
27	88
28	84
29	91
30	87
31	80
32	96
;
param s:=
0	0
1	10
2	10
3	10
4	10
5	10
6	10
7	10
8	10
17	10
18	10
19	10
20	10
21	10
22	10
23	10
24	10
25	10
26	10
27	10
28	10
29	10
30	10
31	10
32	10
;
param t:
	0	1	2	3	4	5	6	7	8	9	10	11	12	13	14	15	16	17	18	19	20	21	22	23	24	25	26	27	28	29	30	31	32:=
0	0.0	36.24	73.82	75.58	62.29	101.41	25.71	64.03	81.74	16.28	54.57	72.78	75.96	97.58	84.86	25.24	27.02	51.04	79.23	21.1	25.96	84.17	85.6	51.88	77.88	20.81	83.49	20.81	83.49	44.41	41.04	29.21	39.82
1	36.24	0.0	99.74	85.01	37.8	94.41	56.64	92.44	56.44	48.1	21.38	100.24	41.19	93.62	82.54	32.89	35.74	76.03	48.27	48.41	25.0	68.01	77.83	63.51	88.0	15.81	81.91	15.81	81.91	43.19	47.17	42.38	42.01
2	73.82	99.74	0.0	44.28	99.09	88.28	48.26	12.08	110.94	57.56	107.2	5.39	126.06	80.1	71.02	67.12	64.5	23.77	119.75	53.6	75.18	96.25	81.74	44.2	43.05	89.49	69.05	89.49	69.05	66.47	58.05	57.8	63.78
3	75.58	85.01	44.28	0.0	68.45	44.05	58.05	49.37	74.52	63.25	83.43	49.09	97.58	36.01	26.93	55.32	52.39	38.91	87.13	56.3	61.52	55.61	38.48	23.77	3.16	81.58	25.0	81.58	25.0	42.11	38.33	47.43	43.05
4	62.29	37.8	99.09	68.45	0.0	61.85	70.6	96.02	19.65	65.76	21.02	101.53	29.15	63.39	55.08	41.77	42.45	78.24	20.81	61.85	37.01	31.76	46.39	55.17	71.59	48.47	55.23	48.47	55.23	32.8	41.62	47.17	36.36
5	101.41	94.41	88.28	44.05	61.85	0.0	92.57	93.09	55.15	94.34	82.57	93.13	87.09	8.54	18.68	76.42	74.41	80.41	72.03	87.46	78.64	32.0	16.64	56.65	45.28	98.41	20.62	98.41	20.62	57.28	60.8	73.01	61.62
6	25.71	56.64	48.26	58.05	70.6	92.57	0.0	38.33	88.12	9.49	70.18	47.07	91.42	86.95	74.3	29.15	28.16	26.31	90.48	8.94	35.85	83.49	78.77	36.62	59.67	43.57	72.56	43.57	72.56	42.01	34.37	24.08	37.0
7	64.03	92.44	12.08	49.37	96.02	93.09	38.33	0.0	109.59	47.8	101.91	9.0	121.7	85.29	75.01	60.61	58.26	17.8	116.83	44.78	68.6	97.12	84.59	43.08	48.84	81.02	73.01	81.02	73.01	63.25	54.41	51.74	59.82
8	81.74	56.44	110.94	74.52	19.65	55.15	88.12	109.59	0.0	84.15	36.88	114.06	32.98	59.23	54.63	60.07	60.3	92.14	17.12	79.63	56.14	23.35	43.01	66.89	77.47	68.01	55.46	68.01	55.46	47.43	56.3	64.13	51.92
9	16.28	48.1	57.56	63.25	65.76	94.34	9.49	47.8	84.15	0.0	63.06	56.52	84.53	89.4	76.61	24.08	24.02	35.01	84.9	7.07	29.41	82.0	79.61	40.36	65.19	34.41	75.0	34.41	75.0	40.26	34.01	22.14	35.17
10	54.57	21.38	107.2	83.43	21.02	82.57	70.18	101.91	36.88	63.06	0.0	108.71	21.54	83.55	74.24	41.87	43.86	84.39	26.93	61.29	34.41	52.77	66.71	65.74	86.59	36.01	74.11	36.01	74.11	42.54	49.74	50.21	43.91
11	72.78	100.24	5.39	49.09	101.53	93.13	47.07	9.0	114.06	56.52	108.71	0.0	128.0	85.02	75.66	67.96	65.46	24.41	122.29	53.14	76.01	100.09	86.12	47.17	48.0	89.32	73.68	89.32	73.68	68.77	60.14	58.82	65.76
12	75.96	41.19	126.06	97.58	29.15	87.09	91.42	121.7	32.98	84.53	21.54	128.0	0.0	90.09	83.19	62.68	64.4	103.97	16.16	82.49	55.57	55.15	73.17	83.01	100.72	56.72	83.55	56.72	83.55	59.82	68.01	70.43	62.29
13	97.58	93.62	80.1	36.01	63.39	8.54	86.95	85.29	59.23	89.4	83.55	85.02	90.09	0.0	12.81	73.0	70.77	73.25	75.66	82.42	76.03	35.9	17.03	50.54	37.05	96.25	14.42	96.25	14.42	54.2	56.59	68.68	58.14
14	84.86	82.54	71.02	26.93	55.08	18.68	74.3	75.01	54.63	76.61	74.24	75.66	83.19	12.81	0.0	60.44	58.14	61.81	69.92	69.63	63.81	32.45	12.73	38.08	28.79	84.22	2.0	84.22	2.0	41.88	43.84	55.9	45.61
15	25.24	32.89	67.12	55.32	41.77	76.42	29.15	60.61	60.07	24.08	41.87	67.96	62.68	73.0	60.44	0.0	3.0	43.57	61.35	20.25	8.06	59.46	60.44	32.14	58.05	26.31	59.2	26.31	59.2	19.21	17.46	9.49	14.87
16	27.02	35.74	64.5	52.39	42.45	74.41	28.16	58.26	60.3	24.02	43.86	65.46	64.4	70.77	58.14	3.0	0.0	41.05	62.39	19.42	10.77	58.52	58.6	29.15	55.11	29.27	56.85	29.27	56.85	17.49	14.76	6.71	12.81
17	51.04	76.03	23.77	38.91	78.24	80.41	26.31	17.8	92.14	35.01	84.39	24.41	103.97	73.25	61.81	43.57	41.05	0.0	99.05	30.27	51.62	80.81	70.01	26.48	39.45	65.8	59.84	65.8	59.84	45.49	36.62	34.41	42.01
18	79.23	48.27	119.75	87.13	20.81	72.03	90.48	116.83	17.12	84.9	26.93	122.29	16.16	75.66	69.92	61.35	62.39	99.05	0.0	81.6	55.54	40.05	59.03	75.69	90.21	62.29	70.52	62.29	70.52	53.6	62.43	67.54	57.14
19	21.1	48.41	53.6	56.3	61.85	87.46	8.94	44.78	79.63	7.07	61.29	53.14	82.49	82.42	69.63	20.25	19.42	30.27	81.6	0.0	26.93	76.12	72.92	33.3	58.31	36.25	68.01	36.25	68.01	34.37	27.51	16.12	29.27
20	25.96	25.0	75.18	61.52	37.01	78.64	35.85	68.6	56.14	29.41	34.41	76.01	55.57	76.03	63.81	8.06	10.77	51.62	55.54	26.93	0.0	58.59	62.24	39.01	64.38	20.62	62.77	20.62	62.77	21.95	23.19	17.46	18.97
21	84.17	68.01	96.25	55.61	31.76	32.0	83.49	97.12	23.35	82.0	52.77	100.09	55.15	35.9	32.45	59.46	58.52	80.81	40.05	76.12	58.59	0.0	20.12	54.34	58.26	75.6	33.6	75.6	33.6	41.77	49.16	60.02	46.87
22	85.6	77.83	81.74	38.48	46.39	16.64	78.77	84.59	43.01	79.61	66.71	86.12	73.17	17.03	12.73	60.44	58.6	70.01	59.03	72.92	62.24	20.12	0.0	44.41	40.71	81.84	14.21	81.84	14.21	41.23	45.65	57.8	45.8
23	51.88	63.51	44.2	23.77	55.17	56.65	36.62	43.08	66.89	40.36	65.74	47.17	83.01	50.54	38.08	32.14	29.15	26.48	75.69	33.3	39.01	54.34	44.41	0.0	26.25	58.42	36.25	58.42	36.25	23.32	16.49	23.77	22.14
24	77.88	88.0	43.05	3.16	71.59	45.28	59.67	48.84	77.47	65.19	86.59	48.0	100.72	37.05	28.79	58.05	55.11	39.45	90.21	58.31	64.38	58.26	40.71	26.25	0.0	84.34	26.93	84.34	26.93	45.18	41.19	50.0	46.01
25	20.81	15.81	89.49	81.58	48.47	98.41	43.57	81.02	68.01	34.41	36.01	89.32	56.72	96.25	84.22	26.31	29.27	65.8	62.29	36.25	20.62	75.6	81.84	58.42	84.34	0.0	83.24	0.0	83.24	42.49	43.42	35.01	39.56
26	83.49	81.91	69.05	25.0	55.23	20.62	72.56	73.01	55.46	75.0	74.11	73.68	83.55	14.42	2.0	59.2	56.85	59.84	70.52	68.01	62.77	33.6	14.21	36.25	26.93	83.24	0.0	83.24	0.0	40.82	42.45	54.45	44.41
27	20.81	15.81	89.49	81.58	48.47	98.41	43.57	81.02	68.01	34.41	36.01	89.32	56.72	96.25	84.22	26.31	29.27	65.8	62.29	36.25	20.62	75.6	81.84	58.42	84.34	0.0	83.24	0.0	83.24	42.49	43.42	35.01	39.56
28	83.49	81.91	69.05	25.0	55.23	20.62	72.56	73.01	55.46	75.0	74.11	73.68	83.55	14.42	2.0	59.2	56.85	59.84	70.52	68.01	62.77	33.6	14.21	36.25	26.93	83.24	0.0	83.24	0.0	40.82	42.45	54.45	44.41
29	44.41	43.19	66.47	42.11	32.8	57.28	42.01	63.25	47.43	40.26	42.54	68.77	59.82	54.2	41.88	19.21	17.49	45.49	53.6	34.37	21.95	41.77	41.23	23.32	45.18	42.49	40.82	42.49	40.82	0.0	8.94	18.25	5.1
30	41.04	47.17	58.05	38.33	41.62	60.8	34.37	54.41	56.3	34.01	49.74	60.14	68.01	56.59	43.84	17.46	14.76	36.62	62.43	27.51	23.19	49.16	45.65	16.49	41.19	43.42	42.45	43.42	42.45	8.94	0.0	12.21	5.83
31	29.21	42.38	57.8	47.43	47.17	73.01	24.08	51.74	64.13	22.14	50.21	58.82	70.43	68.68	55.9	9.49	6.71	34.41	67.54	16.12	17.46	60.02	57.8	23.77	50.0	35.01	54.45	35.01	54.45	18.25	12.21	0.0	13.15
32	39.82	42.01	63.78	43.05	36.36	61.62	37.0	59.82	51.92	35.17	43.91	65.76	62.29	58.14	45.61	14.87	12.81	42.01	57.14	29.27	18.97	46.87	45.8	22.14	46.01	39.56	44.41	39.56	44.41	5.1	5.83	13.15	0.0
;
