vehicles
vehicle_idx, capacity, cost_per_unit_distance
1,100,3
2,100,3
3,100,3
4,100,3
depot
node_idx,x,y
0,82,76
home delivery customers
node_idx,x,y,service_time,demand
1,88,51,10,18
2,98,5,10,9
3,96,44,10,19
4,5,10,10,14
5,9,97,10,24
6,85,60,10,14
7,98,52,10,21
8,84,25,10,16
self pickup customers
node_idx,x,y,service_time,demand,locker_idxs
9,13,7,10,19,22
10,42,9,10,8,22
11,58,30,10,12,26
12,5,42,10,4,28-22
13,19,32,10,1,28
14,93,3,10,24,23-26
flexible customers
node_idx,x,y,service_time,demand,locker_idxs
15,61,59,10,3,30-27
16,29,89,10,7,24
17,84,39,10,16,27
18,91,2,10,19,23-26
19,80,55,10,2,27
20,50,93,10,8,21
lockers
node_idx,x,y,service_time,capacity,cost_per_unit_good
21,65,88,10,78
22,25,15,10,88
23,93,12,10,94
24,22,88,10,93
25,77,88,10,86
26,72,14,10,91
27,66,52,10,70
28,36,34,10,96
29,36,111,10,73
30,44,54,10,100
mrt lines
start_node_idx,end_node_idx,freight_capacity,cost_per_unit_good
21,22,88,0.1
22,21,88,0.1
23,24,94,0.1
24,23,94,0.1
25,26,91,0.1
26,25,91,0.1
distance matrix
,0,1,2,3,4,5,6,7,8,9,10,11,12,13,14,15,16,17,18,19,20,21,22,23,24,25,26,27,28,29,30,
0,0.0,25.71,72.78,34.93,101.41,75.96,16.28,28.84,51.04,97.58,78.03,51.88,84.17,76.84,73.82,27.02,54.57,37.05,74.55,21.1,36.24,20.81,83.49,64.94,61.19,13.0,62.8,28.84,62.29,57.8,43.91
1,25.71,0.0,47.07,10.63,92.57,91.42,9.49,10.05,26.31,86.95,62.29,36.62,83.49,71.57,48.26,28.16,70.18,12.65,49.09,8.94,56.64,43.57,72.56,39.32,75.66,38.6,40.31,22.02,54.71,79.4,44.1
2,72.78,47.07,0.0,39.05,93.13,128.0,56.52,47.0,24.41,85.02,56.14,47.17,100.09,83.49,5.39,65.46,108.71,36.77,7.62,53.14,100.24,89.32,73.68,8.6,112.54,85.62,27.51,56.86,68.45,122.8,72.92
3,34.93,10.63,39.05,0.0,97.14,101.87,19.42,8.25,22.47,90.87,64.35,40.5,91.02,77.93,41.11,38.08,80.71,13.0,42.3,19.42,67.21,53.82,76.69,32.14,86.09,47.93,38.42,31.05,60.83,89.94,52.95
4,101.41,92.57,93.13,97.14,0.0,87.09,94.34,102.04,80.41,8.54,37.01,56.65,32.0,26.08,88.28,74.41,82.57,84.15,86.37,87.46,94.41,98.41,20.62,88.02,79.83,106.15,67.12,74.06,39.2,105.65,58.8
5,75.96,91.42,128.0,101.87,87.09,0.0,84.53,99.73,103.97,90.09,93.98,83.01,55.15,65.76,126.06,64.4,21.54,94.81,125.5,82.49,41.19,56.72,83.55,119.5,15.81,68.59,104.2,72.62,68.54,30.41,55.44
6,16.28,9.49,56.52,19.42,94.34,84.53,0.0,15.26,35.01,89.4,66.71,40.36,82.0,71.69,57.56,24.02,63.06,21.02,58.31,7.07,48.1,34.41,75.0,48.66,68.94,29.12,47.8,20.62,55.47,70.72,41.44
7,28.84,10.05,47.0,8.25,102.04,99.73,15.26,0.0,30.41,96.18,70.6,45.65,93.54,81.49,49.25,37.66,78.29,19.1,50.49,18.25,63.13,48.84,81.84,40.31,84.1,41.68,46.04,32.0,64.56,85.59,54.04
8,51.04,26.31,24.41,22.47,80.41,103.97,35.01,30.41,0.0,73.25,44.94,26.48,80.81,65.38,23.77,41.05,84.39,14.0,24.04,30.27,76.03,65.8,59.84,15.81,88.39,63.39,16.28,32.45,48.84,98.49,49.41
9,97.58,86.95,85.02,90.87,8.54,90.09,89.4,96.18,73.25,0.0,29.07,50.54,35.9,25.71,80.1,70.77,83.55,77.88,78.16,82.42,93.62,96.25,14.42,80.16,81.5,103.23,59.41,69.53,35.47,106.51,56.3
10,78.03,62.29,56.14,64.35,37.01,93.98,66.71,70.6,44.94,29.07,0.0,26.4,49.58,32.53,51.35,53.49,81.05,51.61,49.5,59.67,84.38,82.28,18.03,51.09,81.49,86.41,30.41,49.24,25.71,102.18,45.04
11,51.88,36.62,47.17,40.5,56.65,83.01,40.36,45.65,26.48,50.54,26.4,0.0,54.34,39.05,44.2,29.15,65.74,27.51,43.28,33.3,63.51,58.42,36.25,39.36,68.26,61.03,21.26,23.41,22.36,83.93,27.78
12,84.17,83.49,100.09,91.02,32.0,55.15,82.0,93.54,80.81,35.9,49.58,54.34,0.0,17.2,96.25,58.52,52.77,79.06,94.85,76.12,68.01,75.6,33.6,92.97,49.04,85.44,72.62,61.81,32.02,75.64,40.8
13,76.84,71.57,83.49,77.93,26.08,65.76,71.69,81.49,65.38,25.71,32.53,39.05,17.2,0.0,79.48,49.93,57.87,65.38,78.0,65.19,68.43,72.47,18.03,76.66,56.08,80.62,55.97,51.08,17.12,80.81,33.3
14,73.82,48.26,5.39,41.11,88.28,126.06,57.56,49.25,23.77,80.1,51.35,44.2,96.25,79.48,0.0,64.5,107.2,37.11,2.24,53.6,99.74,89.49,69.05,9.0,110.75,86.49,23.71,55.95,64.88,122.12,70.72
15,27.02,28.16,65.46,38.08,74.41,64.4,24.02,37.66,41.05,70.77,53.49,29.15,58.52,49.93,64.5,0.0,43.86,30.48,64.41,19.42,35.74,29.27,56.85,56.86,48.6,33.12,46.32,8.6,35.36,57.7,17.72
16,54.57,70.18,108.71,80.71,82.57,21.54,63.06,78.29,84.39,83.55,81.05,65.74,52.77,57.87,107.2,43.86,0.0,74.33,106.83,61.29,21.38,36.01,74.11,100.12,7.07,48.01,86.45,52.33,55.44,23.09,38.08
17,37.05,12.65,36.77,13.0,84.15,94.81,21.02,19.1,14.0,77.88,51.61,27.51,79.06,65.38,37.11,30.48,74.33,0.0,37.66,16.49,63.81,52.55,63.69,28.46,79.03,49.5,27.73,22.2,48.26,86.53,42.72
18,74.55,49.09,7.62,42.3,86.37,125.5,58.31,50.49,24.04,78.16,49.5,43.28,94.85,78.0,2.24,64.41,106.83,37.66,0.0,54.13,99.81,89.84,67.27,10.2,110.26,87.13,22.47,55.9,63.63,122.09,70.09
19,21.1,8.94,53.14,19.42,87.46,82.49,7.07,18.25,30.27,82.42,59.67,33.3,76.12,65.19,53.6,19.42,61.29,16.49,54.13,0.0,48.41,36.25,68.01,44.92,66.73,33.14,41.77,14.32,48.75,71.22,36.01
20,36.24,56.64,100.24,67.21,94.41,41.19,48.1,63.13,76.03,93.62,84.38,63.51,68.01,68.43,99.74,35.74,21.38,63.81,99.81,48.41,0.0,15.81,81.91,91.71,28.44,27.46,82.01,44.01,60.64,22.8,39.46
21,20.81,43.57,89.32,53.82,98.41,56.72,34.41,48.84,65.8,96.25,82.28,58.42,75.6,72.47,89.49,29.27,36.01,52.55,89.84,36.25,15.81,0.0,83.24,80.99,43.0,12.0,74.33,36.01,61.29,37.01,39.96
22,83.49,72.56,73.68,76.69,20.62,83.55,75.0,81.84,59.84,14.42,18.03,36.25,33.6,18.03,69.05,56.85,74.11,63.69,67.27,68.01,81.91,83.24,0.0,68.07,73.06,89.63,47.01,55.23,21.95,96.63,43.38
23,64.94,39.32,8.6,32.14,88.02,119.5,48.66,40.31,15.81,80.16,51.09,39.36,92.97,76.66,9.0,56.86,100.12,28.46,10.2,44.92,91.71,80.99,68.07,0.0,104.0,77.67,21.1,48.26,61.1,114.24,64.54
24,61.19,75.66,112.54,86.09,79.83,15.81,68.94,84.1,88.39,81.5,81.49,68.26,49.04,56.08,110.75,48.6,7.07,79.03,110.26,66.73,28.44,43.0,73.06,104.0,0.0,55.0,89.31,56.85,55.79,26.93,40.5
25,13.0,38.6,85.62,47.93,106.15,68.59,29.12,41.68,63.39,103.23,86.41,61.03,85.44,80.62,86.49,33.12,48.01,49.5,87.13,33.14,27.46,12.0,89.63,77.67,55.0,0.0,74.17,37.64,67.8,47.01,47.38
26,62.8,40.31,27.51,38.42,67.12,104.2,47.8,46.04,16.28,59.41,30.41,21.26,72.62,55.97,23.71,46.32,86.45,27.73,22.47,41.77,82.01,74.33,47.01,21.1,89.31,74.17,0.0,38.47,41.18,103.46,48.83
27,28.84,22.02,56.86,31.05,74.06,72.62,20.62,32.0,32.45,69.53,49.24,23.41,61.81,51.08,55.95,8.6,52.33,22.2,55.9,14.32,44.01,36.01,55.23,48.26,56.85,37.64,38.47,0.0,34.99,66.19,22.09
28,62.29,54.71,68.45,60.83,39.2,68.54,55.47,64.56,48.84,35.47,25.71,22.36,32.02,17.12,64.88,35.36,55.44,48.26,63.63,48.75,60.64,61.29,21.95,61.1,55.79,67.8,41.18,34.99,0.0,77.0,21.54
29,57.8,79.4,122.8,89.94,105.65,30.41,70.72,85.59,98.49,106.51,102.18,83.93,75.64,80.81,122.12,57.7,23.09,86.53,122.09,71.22,22.8,37.01,96.63,114.24,26.93,47.01,103.46,66.19,77.0,0.0,57.56
30,43.91,44.1,72.92,52.95,58.8,55.44,41.44,54.04,49.41,56.3,45.04,27.78,40.8,33.3,70.72,17.72,38.08,42.72,70.09,36.01,39.46,39.96,43.38,64.54,40.5,47.38,48.83,22.09,21.54,57.56,0.0
