set K:= 1	2	3	4;
set C_H:= 1	2	3	4	5	6	7	8;
set C_S:= 9	10	11	12	13	14	15	16;
set C_F:= 17	18	19	20	21	22	23	24;
set M:= 25	26;
set M_B:= 27	28;
set L_B:= 29	30	31	32;
set A1:=
(0,*) 1 2 3 4 5 6 7 8 17 18 19 20 21 22 23 24 25 26 27 28 29 30 31 32
(1,*) 0 2 3 4 5 6 7 8 17 18 19 20 21 22 23 24 25 26 27 28 29 30 31 32
(2,*) 0 1 3 4 5 6 7 8 17 18 19 20 21 22 23 24 25 26 27 28 29 30 31 32
(3,*) 0 1 2 4 5 6 7 8 17 18 19 20 21 22 23 24 25 26 27 28 29 30 31 32
(4,*) 0 1 2 3 5 6 7 8 17 18 19 20 21 22 23 24 25 26 27 28 29 30 31 32
(5,*) 0 1 2 3 4 6 7 8 17 18 19 20 21 22 23 24 25 26 27 28 29 30 31 32
(6,*) 0 1 2 3 4 5 7 8 17 18 19 20 21 22 23 24 25 26 27 28 29 30 31 32
(7,*) 0 1 2 3 4 5 6 8 17 18 19 20 21 22 23 24 25 26 27 28 29 30 31 32
(8,*) 0 1 2 3 4 5 6 7 17 18 19 20 21 22 23 24 25 26 27 28 29 30 31 32
(17,*) 0 1 2 3 4 5 6 7 8 18 19 20 21 22 23 24 25 26 27 28 29 30 31 32
(18,*) 0 1 2 3 4 5 6 7 8 17 19 20 21 22 23 24 25 26 27 28 29 30 31 32
(19,*) 0 1 2 3 4 5 6 7 8 17 18 20 21 22 23 24 25 26 27 28 29 30 31 32
(20,*) 0 1 2 3 4 5 6 7 8 17 18 19 21 22 23 24 25 26 27 28 29 30 31 32
(21,*) 0 1 2 3 4 5 6 7 8 17 18 19 20 22 23 24 25 26 27 28 29 30 31 32
(22,*) 0 1 2 3 4 5 6 7 8 17 18 19 20 21 23 24 25 26 27 28 29 30 31 32
(23,*) 0 1 2 3 4 5 6 7 8 17 18 19 20 21 22 24 25 26 27 28 29 30 31 32
(24,*) 0 1 2 3 4 5 6 7 8 17 18 19 20 21 22 23 25 26 27 28 29 30 31 32
(25,*) 0 1 2 3 4 5 6 7 8 17 18 19 20 21 22 23 24 26 27 28 29 30 31 32
(26,*) 0 1 2 3 4 5 6 7 8 17 18 19 20 21 22 23 24 25 27 28 29 30 31 32
(27,*) 0 1 2 3 4 5 6 7 8 17 18 19 20 21 22 23 24 25 26 28 29 30 31 32
(28,*) 0 1 2 3 4 5 6 7 8 17 18 19 20 21 22 23 24 25 26 27 29 30 31 32
(29,*) 0 1 2 3 4 5 6 7 8 17 18 19 20 21 22 23 24 25 26 27 28 30 31 32
(30,*) 0 1 2 3 4 5 6 7 8 17 18 19 20 21 22 23 24 25 26 27 28 29 31 32
(31,*) 0 1 2 3 4 5 6 7 8 17 18 19 20 21 22 23 24 25 26 27 28 29 30 32
(32,*) 0 1 2 3 4 5 6 7 8 17 18 19 20 21 22 23 24 25 26 27 28 29 30 31
;
set A2:=
(25,*) 26
(26,*) 25
;
param BigM:=99999;
param n:= 4;
param d:=
1	16
2	24
3	8
4	24
5	1
6	20
7	6
8	15
9	12
10	4
11	19
12	18
13	16
14	2
15	8
16	7
17	24
18	2
19	14
20	16
21	3
22	6
23	21
24	22
;
param Q:=100;
param w:=
[25,*] 26 0.1
[26,*] 25 0.1
;
param V:=
[25,*] 26 99
[26,*] 25 99
;
param e:
	25	26	27	28	29	30	31	32:=
9		0		0		0		0		0		0		1		0	
10		0		0		0		0		0		1		0		0	
11		0		1		0		1		0		0		0		0	
12		0		0		0		0		1		0		0		0	
13		1		0		1		0		0		0		0		0	
14		0		0		0		0		0		0		0		1	
15		0		0		0		0		0		1		0		0	
16		1		0		1		0		0		0		0		0	
17		1		0		1		0		0		0		0		0	
18		0		0		0		0		0		1		0		0	
19		0		1		0		1		0		0		0		0	
20		0		1		0		1		0		1		0		0	
21		0		0		0		0		1		0		0		1	
22		0		1		0		1		0		0		0		0	
23		0		1		0		1		0		0		0		0	
24		0		0		0		0		0		0		0		1	
;
param p:=
1	3
2	3
3	3
4	3
;
param G:=
25	84
26	99
27	84
28	99
29	83
30	78
31	85
32	85
;
param s:=
0	0
1	10
2	10
3	10
4	10
5	10
6	10
7	10
8	10
17	10
18	10
19	10
20	10
21	10
22	10
23	10
24	10
25	10
26	10
27	10
28	10
29	10
30	10
31	10
32	10
;
param t:
	0	1	2	3	4	5	6	7	8	9	10	11	12	13	14	15	16	17	18	19	20	21	22	23	24	25	26	27	28	29	30	31	32:=
0	0.0	51.04	25.24	78.03	73.82	76.84	25.96	85.6	84.86	51.88	84.17	74.55	25.71	37.05	21.1	79.23	54.57	75.96	62.29	101.41	88.14	27.02	75.58	77.88	81.74	20.81	83.49	20.81	83.49	40.36	78.1	57.2	36.67
1	51.04	0.0	43.57	44.94	23.77	65.38	51.62	70.01	61.81	26.48	80.81	24.04	26.31	14.0	30.27	99.05	84.39	103.97	78.24	80.41	83.19	41.05	38.91	39.45	92.14	65.8	59.84	65.8	59.84	40.0	62.01	50.92	49.5
2	25.24	43.57	0.0	56.3	67.12	51.61	8.06	60.44	60.44	32.14	59.46	67.08	29.15	32.53	20.25	61.35	41.87	62.68	41.77	76.42	63.32	3.0	55.32	58.05	60.07	26.31	59.2	26.31	59.2	15.81	53.08	32.02	12.17
3	78.03	44.94	56.3	0.0	51.35	32.53	61.85	31.76	19.92	26.4	49.58	49.5	62.29	51.61	59.67	82.76	81.05	93.98	64.85	37.01	50.0	53.49	7.07	8.94	69.4	82.28	18.03	82.28	18.03	41.23	26.25	33.54	51.48
4	73.82	23.77	67.12	51.35	0.0	79.48	75.18	81.74	71.02	44.2	96.25	2.24	48.26	37.11	53.6	119.75	107.2	126.06	99.09	88.28	97.86	64.5	44.28	43.05	110.94	89.49	69.05	89.49	69.05	61.62	74.63	69.07	72.01
5	76.84	65.38	51.61	32.53	79.48	0.0	53.04	9.43	17.46	39.05	17.2	78.0	71.57	65.38	65.19	52.5	57.87	65.76	38.01	26.08	18.38	49.93	38.42	41.11	37.59	72.47	18.03	72.47	18.03	37.12	6.71	19.72	41.04
6	25.96	51.62	8.06	61.85	75.18	53.04	0.0	62.24	63.81	39.01	58.59	75.13	35.85	40.36	26.93	55.54	34.41	55.57	37.01	78.64	62.65	10.77	61.52	64.38	56.14	20.62	62.77	20.62	62.77	20.62	55.44	34.21	12.04
7	85.6	70.01	60.44	31.76	81.74	9.43	62.24	0.0	12.73	44.41	20.12	80.08	78.77	71.59	72.92	59.03	66.71	73.17	46.39	16.64	19.21	58.6	38.48	40.71	43.01	81.84	14.21	81.84	14.21	45.49	8.25	28.43	50.21
8	84.86	61.81	60.44	19.92	71.02	17.46	63.81	12.73	0.0	38.08	32.45	69.23	74.3	65.55	69.63	69.92	74.24	83.19	55.08	18.68	31.89	58.14	26.93	28.79	54.63	84.22	2.0	84.22	2.0	44.69	11.05	29.97	51.97
9	51.88	26.48	32.14	26.4	44.2	39.05	39.01	44.41	38.08	0.0	54.34	43.28	36.62	27.51	33.3	75.69	65.74	83.01	55.17	56.65	56.72	29.15	23.77	26.25	66.89	58.42	36.25	58.42	36.25	19.92	36.22	25.06	31.32
10	84.17	80.81	59.46	49.58	96.25	17.2	58.59	20.12	32.45	54.34	0.0	94.85	83.49	79.06	76.12	40.05	52.77	55.15	31.76	32.0	4.24	58.52	55.61	58.26	23.35	75.6	33.6	75.6	33.6	47.52	23.35	31.0	47.54
11	74.55	24.04	67.08	49.5	2.24	78.0	75.13	80.08	69.23	43.28	94.85	0.0	49.09	37.66	54.13	118.93	106.83	125.5	98.31	86.37	96.38	64.41	42.43	41.11	109.86	89.84	67.27	89.84	67.27	61.07	73.05	68.01	71.61
12	25.71	26.31	29.15	62.29	48.26	71.57	35.85	78.77	74.3	36.62	83.49	49.09	0.0	12.65	8.94	90.48	70.18	91.42	70.6	92.57	86.83	28.16	58.05	59.67	88.12	43.57	72.56	43.57	72.56	36.06	70.58	52.77	40.02
13	37.05	14.0	32.53	51.61	37.11	65.38	40.36	71.59	65.55	27.51	79.06	37.66	12.65	0.0	16.49	91.71	74.33	94.81	71.11	84.15	82.0	30.48	46.75	48.08	86.98	52.55	63.69	52.55	63.69	33.53	63.35	48.09	40.82
14	21.1	30.27	20.25	59.67	53.6	65.19	26.93	72.92	69.63	33.3	76.12	54.13	8.94	16.49	0.0	81.6	61.29	82.49	61.85	87.46	79.62	19.42	56.3	58.31	79.63	36.25	68.01	36.25	68.01	28.64	64.85	45.88	31.4
15	79.23	99.05	61.35	82.76	119.75	52.5	55.54	59.03	69.92	75.69	40.05	118.93	90.48	91.71	81.6	0.0	26.93	16.16	20.81	72.03	43.01	62.39	87.13	90.21	17.12	62.29	70.52	62.29	70.52	59.08	59.14	51.86	50.99
16	54.57	84.39	41.87	81.05	107.2	57.87	34.41	66.71	74.24	65.74	52.77	106.83	70.18	74.33	61.29	26.93	0.0	21.54	21.02	82.57	56.82	43.86	83.43	86.59	36.88	36.01	74.11	36.01	74.11	46.14	63.39	47.52	35.23
17	75.96	103.97	62.68	93.98	126.06	65.76	55.57	73.17	83.19	83.01	55.15	125.5	91.42	94.81	82.49	16.16	21.54	0.0	29.15	87.09	58.42	64.4	97.58	100.72	32.98	56.72	83.55	56.72	83.55	64.44	72.18	61.27	54.49
18	62.29	78.24	41.77	64.85	99.09	38.01	37.01	46.39	55.08	55.17	31.76	98.31	70.6	71.11	61.85	20.81	21.02	29.15	0.0	61.85	35.85	42.45	68.45	71.59	19.65	48.47	55.23	48.47	55.23	38.28	44.05	32.25	30.68
19	101.41	80.41	76.42	37.01	88.28	26.08	78.64	16.64	18.68	56.65	32.0	86.37	92.57	84.15	87.46	72.03	82.57	87.09	61.85	0.0	29.15	74.41	44.05	45.28	55.15	98.41	20.62	98.41	20.62	61.07	23.35	44.55	66.6
20	88.14	83.19	63.32	50.0	97.86	18.38	62.65	19.21	31.89	56.72	4.24	96.38	86.83	82.0	79.62	43.01	56.82	58.42	35.85	29.15	0.0	62.3	56.3	58.82	26.02	79.81	33.24	79.81	33.24	50.99	23.85	34.13	51.48
21	27.02	41.05	3.0	53.49	64.5	49.93	10.77	58.6	58.14	29.15	58.52	64.41	28.16	30.48	19.42	62.39	43.86	64.4	42.45	74.41	62.3	0.0	52.39	55.11	60.3	29.27	56.85	29.27	56.85	13.45	51.09	30.23	12.04
22	75.58	38.91	55.32	7.07	44.28	38.42	61.52	38.48	26.93	23.77	55.61	42.43	58.05	46.75	56.3	87.13	83.43	97.58	68.45	44.05	56.3	52.39	0.0	3.16	74.52	81.58	25.0	81.58	25.0	41.11	32.45	36.4	52.0
23	77.88	39.45	58.05	8.94	43.05	41.11	64.38	40.71	28.79	26.25	58.26	41.11	59.67	48.08	58.31	90.21	86.59	100.72	71.59	45.28	58.82	55.11	3.16	0.0	77.47	84.34	26.93	84.34	26.93	44.05	35.0	39.56	55.01
24	81.74	92.14	60.07	69.4	110.94	37.59	56.14	43.01	54.63	66.89	23.35	109.86	88.12	86.98	79.63	17.12	36.88	32.98	19.65	55.15	26.02	60.3	74.52	77.47	0.0	68.01	55.46	68.01	55.46	53.45	44.29	41.88	48.26
25	20.81	65.8	26.31	82.28	89.49	72.47	20.62	81.84	84.22	58.42	75.6	89.84	43.57	52.55	36.25	62.29	36.01	56.72	48.47	98.41	79.81	29.27	81.58	84.34	68.01	0.0	83.24	0.0	83.24	41.11	75.45	54.38	32.25
26	83.49	59.84	59.2	18.03	69.05	18.03	62.77	14.21	2.0	36.25	33.6	67.27	72.56	63.69	68.01	70.52	74.11	83.55	55.23	20.62	33.24	56.85	25.0	26.93	55.46	83.24	0.0	83.24	0.0	43.42	11.4	29.15	51.0
27	20.81	65.8	26.31	82.28	89.49	72.47	20.62	81.84	84.22	58.42	75.6	89.84	43.57	52.55	36.25	62.29	36.01	56.72	48.47	98.41	79.81	29.27	81.58	84.34	68.01	0.0	83.24	0.0	83.24	41.11	75.45	54.38	32.25
28	83.49	59.84	59.2	18.03	69.05	18.03	62.77	14.21	2.0	36.25	33.6	67.27	72.56	63.69	68.01	70.52	74.11	83.55	55.23	20.62	33.24	56.85	25.0	26.93	55.46	83.24	0.0	83.24	0.0	43.42	11.4	29.15	51.0
29	40.36	40.0	15.81	41.23	61.62	37.12	20.62	45.49	44.69	19.92	47.52	61.07	36.06	33.53	28.64	59.08	46.14	64.44	38.28	61.07	50.99	13.45	41.11	44.05	53.45	41.11	43.42	41.11	43.42	0.0	37.8	17.46	11.4
30	78.1	62.01	53.08	26.25	74.63	6.71	55.44	8.25	11.05	36.22	23.35	73.05	70.58	63.35	64.85	59.14	63.39	72.18	44.05	23.35	23.85	51.09	32.45	35.0	44.29	75.45	11.4	75.45	11.4	37.8	0.0	21.26	43.42
31	57.2	50.92	32.02	33.54	69.07	19.72	34.21	28.43	29.97	25.06	31.0	68.01	52.77	48.09	45.88	51.86	47.52	61.27	32.25	44.55	34.13	30.23	36.4	39.56	41.88	54.38	29.15	54.38	29.15	17.46	21.26	0.0	22.2
32	36.67	49.5	12.17	51.48	72.01	41.04	12.04	50.21	51.97	31.32	47.54	71.61	40.02	40.82	31.4	50.99	35.23	54.49	30.68	66.6	51.48	12.04	52.0	55.01	48.26	32.25	51.0	32.25	51.0	11.4	43.42	22.2	0.0
;
