set K:= 1	2	3	4;
set C_H:= 1	2	3	4	5	6	7	8	9;
set C_S:= 10	11	12	13	14	15	16	17;
set C_F:= 18	19	20	21	22	23	24	25;
set M:= 0	1;
set M_B:= 2	3;
set L_B:= 28	29	30	31	32	33;
set A1:=
(0,*) 1 2 3 4 5 6 7 8 9 18 19 20 21 22 23 24 25 1 2 3 28 29 30 31 32 33
(1,*) 0 2 3 4 5 6 7 8 9 18 19 20 21 22 23 24 25 0 2 3 28 29 30 31 32 33
(2,*) 0 1 3 4 5 6 7 8 9 18 19 20 21 22 23 24 25 0 1 3 28 29 30 31 32 33
(3,*) 0 1 2 4 5 6 7 8 9 18 19 20 21 22 23 24 25 0 1 2 28 29 30 31 32 33
(4,*) 0 1 2 3 5 6 7 8 9 18 19 20 21 22 23 24 25 0 1 2 3 28 29 30 31 32 33
(5,*) 0 1 2 3 4 6 7 8 9 18 19 20 21 22 23 24 25 0 1 2 3 28 29 30 31 32 33
(6,*) 0 1 2 3 4 5 7 8 9 18 19 20 21 22 23 24 25 0 1 2 3 28 29 30 31 32 33
(7,*) 0 1 2 3 4 5 6 8 9 18 19 20 21 22 23 24 25 0 1 2 3 28 29 30 31 32 33
(8,*) 0 1 2 3 4 5 6 7 9 18 19 20 21 22 23 24 25 0 1 2 3 28 29 30 31 32 33
(9,*) 0 1 2 3 4 5 6 7 8 18 19 20 21 22 23 24 25 0 1 2 3 28 29 30 31 32 33
(18,*) 0 1 2 3 4 5 6 7 8 9 19 20 21 22 23 24 25 0 1 2 3 28 29 30 31 32 33
(19,*) 0 1 2 3 4 5 6 7 8 9 18 20 21 22 23 24 25 0 1 2 3 28 29 30 31 32 33
(20,*) 0 1 2 3 4 5 6 7 8 9 18 19 21 22 23 24 25 0 1 2 3 28 29 30 31 32 33
(21,*) 0 1 2 3 4 5 6 7 8 9 18 19 20 22 23 24 25 0 1 2 3 28 29 30 31 32 33
(22,*) 0 1 2 3 4 5 6 7 8 9 18 19 20 21 23 24 25 0 1 2 3 28 29 30 31 32 33
(23,*) 0 1 2 3 4 5 6 7 8 9 18 19 20 21 22 24 25 0 1 2 3 28 29 30 31 32 33
(24,*) 0 1 2 3 4 5 6 7 8 9 18 19 20 21 22 23 25 0 1 2 3 28 29 30 31 32 33
(25,*) 0 1 2 3 4 5 6 7 8 9 18 19 20 21 22 23 24 0 1 2 3 28 29 30 31 32 33
(0,*) 1 2 3 4 5 6 7 8 9 18 19 20 21 22 23 24 25 1 2 3 28 29 30 31 32 33
(1,*) 0 2 3 4 5 6 7 8 9 18 19 20 21 22 23 24 25 0 2 3 28 29 30 31 32 33
(2,*) 0 1 3 4 5 6 7 8 9 18 19 20 21 22 23 24 25 0 1 3 28 29 30 31 32 33
(3,*) 0 1 2 4 5 6 7 8 9 18 19 20 21 22 23 24 25 0 1 2 28 29 30 31 32 33
(28,*) 0 1 2 3 4 5 6 7 8 9 18 19 20 21 22 23 24 25 0 1 2 3 29 30 31 32 33
(29,*) 0 1 2 3 4 5 6 7 8 9 18 19 20 21 22 23 24 25 0 1 2 3 28 30 31 32 33
(30,*) 0 1 2 3 4 5 6 7 8 9 18 19 20 21 22 23 24 25 0 1 2 3 28 29 31 32 33
(31,*) 0 1 2 3 4 5 6 7 8 9 18 19 20 21 22 23 24 25 0 1 2 3 28 29 30 32 33
(32,*) 0 1 2 3 4 5 6 7 8 9 18 19 20 21 22 23 24 25 0 1 2 3 28 29 30 31 33
(33,*) 0 1 2 3 4 5 6 7 8 9 18 19 20 21 22 23 24 25 0 1 2 3 28 29 30 31 32
;
set A2:=
(0,*) 1
;
param BigM:=99999;
param n:= 4;
param d:=
1	6
2	4
3	9
4	1
5	12
6	7
7	18
8	21
9	16
10	22
11	8
12	3
13	8
14	8
15	16
16	12
17	2
18	19
19	14
20	6
21	21
22	2
23	24
24	24
25	14
;
param Q:=100;
param w:=
[0,*] 1 0.1
;
param V:=
[0,*] 1 92
;
param e:
	26	27	28	29	30	31	32	33:=
10		0		0		0		0		0		0		0		1	
11		0		1		0		1		0		0		0		0	
12		0		0		0		0		0		0		0		1	
13		0		0		0		0		0		0		0		1	
14		1		0		1		0		0		0		0		0	
15		0		1		0		1		1		0		0		0	
16		0		0		0		0		0		0		0		1	
17		1		0		1		0		0		0		0		0	
18		0		0		0		0		0		1		0		0	
19		0		1		0		1		0		0		0		0	
20		0		1		0		1		0		0		0		0	
21		0		0		0		0		1		0		0		0	
22		0		0		0		0		1		0		0		0	
23		1		0		1		0		0		0		0		0	
24		0		0		0		0		0		1		0		0	
25		1		0		1		0		0		0		0		0	
;
param p:=
1	3
2	3
3	3
4	3
;
param G:=
26	92
27	81
28	92
29	81
30	74
31	93
32	80
33	91
;
param s:=
0	0
1	10
2	10
3	10
4	10
5	10
6	10
7	10
8	10
9	10
18	10
19	10
20	10
21	10
22	10
23	10
24	10
25	10
26	10
27	10
28	10
29	10
30	10
31	10
32	10
33	10
;
param t:
	0	1	2	3	4	5	6	7	8	9	10	11	12	13	14	15	16	17	18	19	20	21	22	23	24	25	26	27	28	29	30	31	32	33:=
0	0.0	85.6	84.17	72.78	76.84	64.03	54.57	25.71	77.88	37.05	81.74	78.03	27.02	79.23	36.24	88.14	51.88	21.1	74.55	101.41	75.58	28.84	62.29	75.96	73.82	16.28	20.81	83.49	20.81	83.49	40.0	75.01	49.04	53.91
1	85.6	0.0	20.12	86.12	9.43	84.59	66.71	78.77	40.71	71.59	43.01	31.76	58.6	59.03	77.83	19.21	44.41	72.92	80.08	16.64	38.48	88.54	46.39	73.17	81.74	79.61	81.84	14.21	81.84	14.21	45.61	70.84	39.56	31.91
2	84.17	20.12	0.0	100.09	17.2	97.12	52.77	83.49	58.26	79.06	23.35	49.58	58.52	40.05	68.01	4.24	54.34	76.12	94.85	32.0	55.61	93.54	31.76	55.15	96.25	82.0	75.6	33.6	75.6	33.6	46.1	86.35	46.17	36.01
3	72.78	86.12	100.09	0.0	83.49	9.0	108.71	47.07	48.0	36.77	114.06	56.14	65.46	122.29	100.24	101.84	47.17	53.14	7.62	93.13	49.09	47.0	101.53	128.0	5.39	56.52	89.32	73.68	89.32	73.68	67.18	17.46	57.43	67.42
4	76.84	9.43	17.2	83.49	0.0	81.02	57.87	71.57	41.11	65.38	37.59	32.53	49.93	52.5	68.43	18.38	39.05	65.19	78.0	26.08	38.42	81.49	38.01	65.76	79.48	71.69	72.47	18.03	72.47	18.03	36.89	69.32	32.56	23.77
5	64.03	84.59	97.12	9.0	81.02	0.0	101.91	38.33	48.84	28.65	109.59	56.22	58.26	116.83	92.44	99.2	43.08	44.78	13.89	93.09	49.37	38.0	96.02	121.7	12.08	47.8	81.02	73.01	81.02	73.01	61.22	21.4	52.77	63.07
6	54.57	66.71	52.77	108.71	57.87	101.91	0.0	70.18	86.59	74.33	36.88	81.05	43.86	26.93	21.38	56.82	65.74	61.29	106.83	82.57	83.43	78.29	21.02	21.54	107.2	63.06	36.01	74.11	36.01	74.11	42.54	102.22	55.54	49.48
7	25.71	78.77	83.49	47.07	71.57	38.33	70.18	0.0	59.67	12.65	88.12	62.29	28.16	90.48	56.64	86.83	36.62	8.94	49.09	92.57	58.05	10.05	70.6	91.42	48.26	9.49	43.57	72.56	43.57	72.56	38.01	50.49	39.22	48.05
8	77.88	40.71	58.26	48.0	41.11	48.84	86.59	59.67	0.0	48.08	77.47	8.94	55.11	90.21	88.0	58.82	26.25	58.31	41.11	45.28	3.16	67.18	71.59	100.72	43.05	65.19	84.34	26.93	84.34	26.93	47.0	31.26	33.02	37.11
9	37.05	71.59	79.06	36.77	65.38	28.65	74.33	12.65	48.08	0.0	86.98	51.61	30.48	91.71	63.81	82.0	27.51	16.49	37.66	84.15	46.75	19.1	71.11	94.81	37.11	21.02	52.55	63.69	52.55	63.69	36.4	38.12	33.02	43.05
10	81.74	43.01	23.35	114.06	37.59	109.59	36.88	88.12	77.47	86.98	0.0	69.4	60.3	17.12	56.44	26.02	66.89	79.63	109.86	55.15	74.52	97.87	19.65	32.98	110.94	84.15	68.01	55.46	68.01	55.46	50.7	102.45	56.82	46.65
11	78.03	31.76	49.58	56.14	32.53	56.22	81.05	62.29	8.94	51.61	69.4	0.0	53.49	82.76	84.38	50.0	26.4	59.67	49.5	37.01	7.07	70.6	64.85	93.98	51.35	66.71	82.28	18.03	82.28	18.03	43.74	39.81	30.36	32.02
12	27.02	58.6	58.52	65.46	49.93	58.26	43.86	28.16	55.11	30.48	60.3	53.49	0.0	62.39	35.74	62.3	29.15	19.42	64.41	74.41	52.39	37.66	42.45	64.4	64.5	24.02	29.27	56.85	29.27	56.85	13.04	61.35	23.26	26.91
13	79.23	59.03	40.05	122.29	52.5	116.83	26.93	90.48	90.21	91.71	17.12	82.76	62.39	0.0	48.27	43.01	75.69	81.6	118.93	72.03	87.13	99.62	20.81	16.16	119.75	84.9	62.29	70.52	62.29	70.52	55.76	112.45	65.12	55.9
14	36.24	77.83	68.01	100.24	68.43	92.44	21.38	56.64	88.0	63.81	56.44	84.38	35.74	48.27	0.0	72.25	63.51	48.41	99.81	94.41	85.01	63.13	37.8	41.19	99.74	48.1	15.81	81.91	15.81	81.91	41.0	97.08	55.01	52.77
15	88.14	19.21	4.24	101.84	18.38	99.2	56.82	86.83	58.82	82.0	26.02	50.0	62.3	43.01	72.25	0.0	56.72	79.62	96.38	29.15	56.3	96.88	35.85	58.42	97.86	85.62	79.81	33.24	79.81	33.24	49.73	87.66	49.01	39.05
16	51.88	44.41	54.34	47.17	39.05	43.08	65.74	36.62	26.25	27.51	66.89	26.4	29.15	75.69	63.51	56.72	0.0	33.3	43.28	56.65	23.77	45.65	55.17	83.01	44.2	40.36	58.42	36.25	58.42	36.25	23.41	37.01	10.63	20.25
17	21.1	72.92	76.12	53.14	65.19	44.78	61.29	8.94	58.31	16.49	79.63	59.67	19.42	81.6	48.41	79.62	33.3	0.0	54.13	87.46	56.3	18.25	61.85	82.49	53.6	7.07	36.25	68.01	36.25	68.01	30.15	54.01	33.62	41.44
18	74.55	80.08	94.85	7.62	78.0	13.89	106.83	49.09	41.11	37.66	109.86	49.5	64.41	118.93	99.81	96.38	43.28	54.13	0.0	86.37	42.43	50.49	98.31	125.5	2.24	58.31	89.84	67.27	89.84	67.27	64.66	10.05	53.81	63.41
19	101.41	16.64	32.0	93.13	26.08	93.09	82.57	92.57	45.28	84.15	55.15	37.01	74.41	72.03	94.41	29.15	56.65	87.46	86.37	0.0	44.05	102.04	61.85	87.09	88.28	94.34	98.41	20.62	98.41	20.62	61.55	76.53	53.85	47.51
20	75.58	38.48	55.61	49.09	38.42	49.37	83.43	58.05	3.16	46.75	74.52	7.07	52.39	87.13	85.01	56.3	23.77	56.3	42.43	44.05	0.0	65.86	68.45	97.58	44.28	63.25	81.58	25.0	81.58	25.0	44.01	32.76	30.07	33.96
21	28.84	88.54	93.54	47.0	81.49	38.0	78.29	10.05	67.18	19.1	97.87	70.6	37.66	99.62	63.13	96.88	45.65	18.25	50.49	102.04	65.86	0.0	80.05	99.73	49.25	15.26	48.84	81.84	48.84	81.84	48.0	53.76	49.04	58.05
22	62.29	46.39	31.76	101.53	38.01	96.02	21.02	70.6	71.59	71.11	19.65	64.85	42.45	20.81	37.8	35.85	55.17	61.85	98.31	61.85	68.45	80.05	0.0	29.15	99.09	65.76	48.47	55.23	48.47	55.23	34.99	92.1	44.55	35.81
23	75.96	73.17	55.15	128.0	65.76	121.7	21.54	91.42	100.72	94.81	32.98	93.98	64.4	16.16	41.19	58.42	83.01	82.49	125.5	87.09	97.58	99.73	29.15	0.0	126.06	84.53	56.72	83.55	56.72	83.55	60.88	120.0	72.42	64.5
24	73.82	81.74	96.25	5.39	79.48	12.08	107.2	48.26	43.05	37.11	110.94	51.35	64.5	119.75	99.74	97.86	44.2	53.6	2.24	88.28	44.28	49.25	99.09	126.06	0.0	57.56	89.49	69.05	89.49	69.05	65.19	12.17	54.67	64.4
25	16.28	79.61	82.0	56.52	71.69	47.8	63.06	9.49	65.19	21.02	84.15	66.71	24.02	84.9	48.1	85.62	40.36	7.07	58.31	94.34	63.25	15.26	65.76	84.53	57.56	0.0	34.41	75.0	34.41	75.0	35.9	59.14	40.5	47.93
26	20.81	81.84	75.6	89.32	72.47	81.02	36.01	43.57	84.34	52.55	68.01	82.28	29.27	62.29	15.81	79.81	58.42	36.25	89.84	98.41	81.58	48.84	48.47	56.72	89.49	34.41	0.0	83.24	0.0	83.24	39.0	88.46	51.92	52.77
27	83.49	14.21	33.6	73.68	18.03	73.01	74.11	72.56	26.93	63.69	55.46	18.03	56.85	70.52	81.91	33.24	36.25	68.01	67.27	20.62	25.0	81.84	55.23	83.55	69.05	75.0	83.24	0.0	83.24	0.0	44.65	57.72	34.71	30.53
28	20.81	81.84	75.6	89.32	72.47	81.02	36.01	43.57	84.34	52.55	68.01	82.28	29.27	62.29	15.81	79.81	58.42	36.25	89.84	98.41	81.58	48.84	48.47	56.72	89.49	34.41	0.0	83.24	0.0	83.24	39.0	88.46	51.92	52.77
29	83.49	14.21	33.6	73.68	18.03	73.01	74.11	72.56	26.93	63.69	55.46	18.03	56.85	70.52	81.91	33.24	36.25	68.01	67.27	20.62	25.0	81.84	55.23	83.55	69.05	75.0	83.24	0.0	83.24	0.0	44.65	57.72	34.71	30.53
30	40.0	45.61	46.1	67.18	36.89	61.22	42.54	38.01	47.0	36.4	50.7	43.74	13.04	55.76	41.0	49.73	23.41	30.15	64.66	61.55	44.01	48.0	34.99	60.88	65.19	35.9	39.0	44.65	39.0	44.65	0.0	59.68	14.04	14.21
31	75.01	70.84	86.35	17.46	69.32	21.4	102.22	50.49	31.26	38.12	102.45	39.81	61.35	112.45	97.08	87.66	37.01	54.01	10.05	76.53	32.76	53.76	92.1	120.0	12.17	59.14	88.46	57.72	88.46	57.72	59.68	0.0	47.63	56.57
32	49.04	39.56	46.17	57.43	32.56	52.77	55.54	39.22	33.02	33.02	56.82	30.36	23.26	65.12	55.01	49.01	10.63	33.62	53.81	53.85	30.07	49.04	44.55	72.42	54.67	40.5	51.92	34.71	51.92	34.71	14.04	47.63	0.0	10.44
33	53.91	31.91	36.01	67.42	23.77	63.07	49.48	48.05	37.11	43.05	46.65	32.02	26.91	55.9	52.77	39.05	20.25	41.44	63.41	47.51	33.96	58.05	35.81	64.5	64.4	47.93	52.77	30.53	52.77	30.53	14.21	56.57	10.44	0.0
;
