set K:= 1	2	3	4;
set C_H:= 1	2	3	4	5	6	7	8	9;
set C_S:= 10	11	12	13	14	15	16;
set C_F:= 17	18	19	20	21	22	23;
set M:= 24	25	26	27	28	29;
set L_B:= 30	31	32	33;
set A1:=
(0,*) 1 2 3 4 5 6 7 8 9 17 18 19 20 21 22 23 24 25 26 27 28 29 30 31 32 33 34
(1,*) 0 2 3 4 5 6 7 8 9 17 18 19 20 21 22 23 24 25 26 27 28 29 30 31 32 33 34
(2,*) 0 1 3 4 5 6 7 8 9 17 18 19 20 21 22 23 24 25 26 27 28 29 30 31 32 33 34
(3,*) 0 1 2 4 5 6 7 8 9 17 18 19 20 21 22 23 24 25 26 27 28 29 30 31 32 33 34
(4,*) 0 1 2 3 5 6 7 8 9 17 18 19 20 21 22 23 24 25 26 27 28 29 30 31 32 33 34
(5,*) 0 1 2 3 4 6 7 8 9 17 18 19 20 21 22 23 24 25 26 27 28 29 30 31 32 33 34
(6,*) 0 1 2 3 4 5 7 8 9 17 18 19 20 21 22 23 24 25 26 27 28 29 30 31 32 33 34
(7,*) 0 1 2 3 4 5 6 8 9 17 18 19 20 21 22 23 24 25 26 27 28 29 30 31 32 33 34
(8,*) 0 1 2 3 4 5 6 7 9 17 18 19 20 21 22 23 24 25 26 27 28 29 30 31 32 33 34
(9,*) 0 1 2 3 4 5 6 7 8 17 18 19 20 21 22 23 24 25 26 27 28 29 30 31 32 33 34
(17,*) 0 1 2 3 4 5 6 7 8 9 18 19 20 21 22 23 24 25 26 27 28 29 30 31 32 33 34
(18,*) 0 1 2 3 4 5 6 7 8 9 17 19 20 21 22 23 24 25 26 27 28 29 30 31 32 33 34
(19,*) 0 1 2 3 4 5 6 7 8 9 17 18 20 21 22 23 24 25 26 27 28 29 30 31 32 33 34
(20,*) 0 1 2 3 4 5 6 7 8 9 17 18 19 21 22 23 24 25 26 27 28 29 30 31 32 33 34
(21,*) 0 1 2 3 4 5 6 7 8 9 17 18 19 20 22 23 24 25 26 27 28 29 30 31 32 33 34
(22,*) 0 1 2 3 4 5 6 7 8 9 17 18 19 20 21 23 24 25 26 27 28 29 30 31 32 33 34
(23,*) 0 1 2 3 4 5 6 7 8 9 17 18 19 20 21 22 24 25 26 27 28 29 30 31 32 33 34
(24,*) 0 1 2 3 4 5 6 7 8 9 17 18 19 20 21 22 23 25 26 27 28 29 30 31 32 33 34
(25,*) 0 1 2 3 4 5 6 7 8 9 17 18 19 20 21 22 23 24 26 27 28 29 30 31 32 33 34
(26,*) 0 1 2 3 4 5 6 7 8 9 17 18 19 20 21 22 23 24 25 27 28 29 30 31 32 33 34
(27,*) 0 1 2 3 4 5 6 7 8 9 17 18 19 20 21 22 23 24 25 26 28 29 30 31 32 33 34
(28,*) 0 1 2 3 4 5 6 7 8 9 17 18 19 20 21 22 23 24 25 26 27 29 30 31 32 33 34
(29,*) 0 1 2 3 4 5 6 7 8 9 17 18 19 20 21 22 23 24 25 26 27 28 30 31 32 33 34
(30,*) 0 1 2 3 4 5 6 7 8 9 17 18 19 20 21 22 23 24 25 26 27 28 29 31 32 33 34
(31,*) 0 1 2 3 4 5 6 7 8 9 17 18 19 20 21 22 23 24 25 26 27 28 29 30 32 33 34
(32,*) 0 1 2 3 4 5 6 7 8 9 17 18 19 20 21 22 23 24 25 26 27 28 29 30 31 33 34
(33,*) 0 1 2 3 4 5 6 7 8 9 17 18 19 20 21 22 23 24 25 26 27 28 29 30 31 32 34
(34,*) 0 1 2 3 4 5 6 7 8 9 17 18 19 20 21 22 23 24 25 26 27 28 29 30 31 32 33
;
set A2:=
(24,*) 25
(25,*) 24
;
param BigM:=99999;
param n:= 4;
param d:=
1	9
2	12
3	24
4	15
5	7
6	21
7	16
8	20
9	4
10	12
11	24
12	8
13	6
14	24
15	2
16	6
17	2
18	19
19	14
20	16
21	1
22	19
23	8
;
param Q:=100;
param w:=
[24,*] 25 2
[25,*] 24 2
;
param V:=
[24,*] 25 93
[25,*] 24 93
;
param e:
	24	25	26	27	28	29	30	31	32	33:=
10		0		0		1		0		0		1		0		0		0		0	
11		0		0		0		0		0		0		0		0		1		0	
12		0		1		0		0		0		0		0		0		0		0	
13		0		1		0		0		0		1		0		0		0		0	
14		0		0		0		1		0		0		0		0		0		0	
15		0		0		0		0		0		0		1		0		1		0	
16		0		1		0		0		0		0		0		0		0		0	
17		0		0		0		1		0		0		0		0		0		0	
18		0		0		1		0		0		1		0		0		0		0	
19		0		0		0		0		0		0		0		0		1		0	
20		0		0		1		0		0		1		0		0		0		0	
21		0		1		0		0		0		0		0		0		0		0	
22		0		0		1		0		0		0		0		0		0		0	
23		1		0		0		0		0		0		0		0		0		0	
;
param p:=
1	1
2	1
3	1
4	1
;
param G:=
24	73
25	93
26	92
27	88
28	78
29	91
30	93
31	70
32	89
33	86
;
param s:=
0	0
1	10
2	10
3	10
4	10
5	10
6	10
7	10
8	10
9	10
17	10
18	10
19	10
20	10
21	10
22	10
23	10
24	10
25	10
26	10
27	10
28	10
29	10
30	10
31	10
32	10
33	10
;
param t:
	0	1	2	3	4	5	6	7	8	9	10	11	12	13	14	15	16	17	18	19	20	21	22	23	24	25	26	27	28	29	30	31	32	33	34:=
0	0.0	72.78	51.88	73.82	84.86	54.57	28.84	88.14	25.96	84.17	64.03	25.24	78.03	75.58	75.96	21.1	85.6	62.29	74.55	16.28	51.04	76.84	34.93	36.24	20.81	83.49	64.94	61.19	13.0	62.8	40.46	44.78	16.16	40.36	0.0
1	72.78	0.0	47.17	5.39	75.66	108.71	47.0	101.84	76.01	100.09	9.0	67.96	56.14	49.09	128.0	53.14	86.12	101.53	7.62	56.52	24.41	83.49	39.05	100.24	89.32	73.68	8.6	112.54	85.62	27.51	58.0	77.83	72.01	63.66	72.78
2	51.88	47.17	0.0	44.2	38.08	65.74	45.65	56.72	39.01	54.34	43.08	32.14	26.4	23.77	83.01	33.3	44.41	55.17	43.28	40.36	26.48	39.05	40.5	63.51	58.42	36.25	39.36	68.26	61.03	21.26	15.13	32.76	41.0	19.92	51.88
3	73.82	5.39	44.2	0.0	71.02	107.2	49.25	97.86	75.18	96.25	12.08	67.12	51.35	44.28	126.06	53.6	81.74	99.09	2.24	57.56	23.77	79.48	41.11	99.74	89.49	69.05	9.0	110.75	86.49	23.71	55.97	75.69	71.87	61.62	73.82
4	84.86	75.66	38.08	71.02	0.0	74.24	83.63	31.89	63.81	32.45	75.01	60.44	19.92	26.93	83.19	69.63	12.73	55.08	69.23	76.61	61.81	17.46	78.55	82.54	84.22	2.0	70.06	73.01	90.8	49.01	44.6	46.62	70.43	44.69	84.86
5	54.57	108.71	65.74	107.2	74.24	0.0	78.29	56.82	34.41	52.77	101.91	41.87	81.05	83.43	21.54	61.29	66.71	21.02	106.83	63.06	84.39	57.87	80.71	21.38	36.01	74.11	100.12	7.07	48.01	86.45	51.62	33.24	42.49	46.14	54.57
6	28.84	47.0	45.65	49.25	83.63	78.29	0.0	96.88	44.38	93.54	38.0	38.33	70.6	65.86	99.73	18.25	88.54	80.05	50.49	15.26	30.41	81.49	8.25	63.13	48.84	81.84	40.31	84.1	41.68	46.04	42.58	57.31	35.85	46.1	28.84
7	88.14	101.84	56.72	97.86	31.89	56.82	96.88	0.0	62.65	4.24	99.2	63.32	50.0	56.3	58.42	79.62	19.21	35.85	96.38	85.62	83.19	18.38	94.13	72.25	79.81	33.24	94.92	52.92	89.59	74.33	54.33	43.38	72.01	50.99	88.14
8	25.96	76.01	39.01	75.18	63.81	34.41	44.38	62.65	0.0	58.59	68.6	8.06	61.85	61.52	55.57	26.93	62.24	37.01	75.13	29.41	51.62	53.04	46.32	25.0	20.62	62.77	67.42	39.82	27.59	57.01	24.02	19.42	10.05	20.62	25.96
9	84.17	100.09	54.34	96.25	32.45	52.77	93.54	4.24	58.59	0.0	97.12	59.46	49.58	55.61	55.15	76.12	20.12	31.76	94.85	82.0	80.81	17.2	91.02	68.01	75.6	33.6	92.97	49.04	85.44	72.62	51.09	39.4	68.03	47.52	84.17
10	64.03	9.0	43.08	12.08	75.01	101.91	38.0	99.2	68.6	97.12	0.0	60.61	56.22	49.37	121.7	44.78	84.59	96.02	13.89	47.8	17.8	81.02	30.07	92.44	81.02	73.01	5.39	106.08	76.92	26.0	52.2	72.01	64.01	57.8	64.03
11	25.24	67.96	32.14	67.12	60.44	41.87	38.33	63.32	8.06	59.46	60.61	0.0	56.3	55.32	62.68	20.25	60.44	41.77	67.08	24.08	43.57	51.61	39.36	32.89	26.31	59.2	59.36	46.87	30.53	49.24	17.72	20.4	10.0	15.81	25.24
12	78.03	56.14	26.4	51.35	19.92	81.05	70.6	50.0	61.85	49.58	56.22	56.3	0.0	7.07	93.98	59.67	31.76	64.85	49.5	66.71	44.94	32.53	64.35	84.38	82.28	18.03	51.09	81.49	86.41	30.41	38.63	49.01	65.92	41.23	78.03
13	75.58	49.09	23.77	44.28	26.93	83.43	65.86	56.3	61.52	55.61	49.37	55.32	7.07	0.0	97.58	56.3	38.48	68.45	42.43	63.25	38.91	38.42	59.2	85.01	81.58	25.0	44.18	84.43	84.76	23.77	37.66	50.64	64.56	41.11	75.58
14	75.96	128.0	83.01	126.06	83.19	21.54	99.73	58.42	55.57	55.15	121.7	62.68	93.98	97.58	0.0	82.49	73.17	29.15	125.5	84.53	103.97	65.76	101.87	41.19	56.72	83.55	119.5	15.81	68.59	104.2	70.09	50.45	63.98	64.44	75.96
15	21.1	53.14	33.3	53.6	69.63	61.29	18.25	79.62	26.93	76.12	44.78	20.25	59.67	56.3	82.49	0.0	72.92	61.85	54.13	7.07	30.27	65.19	19.42	48.41	36.25	68.01	44.92	66.73	33.14	41.77	26.0	39.12	19.85	28.64	21.1
16	85.6	86.12	44.41	81.74	12.73	66.71	88.54	19.21	62.24	20.12	84.59	60.44	31.76	38.48	73.17	72.92	0.0	46.39	80.08	79.61	70.01	9.43	84.4	77.83	81.84	14.21	79.91	64.5	89.81	58.86	46.96	43.42	70.18	45.49	85.6
17	62.29	101.53	55.17	99.09	55.08	21.02	80.05	35.85	37.01	31.76	96.02	41.77	64.85	68.45	29.15	61.85	46.39	0.0	98.31	65.76	78.24	38.01	80.32	37.8	48.47	55.23	93.24	18.11	59.77	76.42	43.83	24.19	47.0	38.28	62.29
18	74.55	7.62	43.28	2.24	69.23	106.83	50.49	96.38	75.13	94.85	13.89	67.08	49.5	42.43	125.5	54.13	80.08	98.31	0.0	58.31	24.04	78.0	42.3	99.81	89.84	67.27	10.2	110.26	87.13	22.47	55.44	75.07	72.11	61.07	74.55
19	16.28	56.52	40.36	57.56	76.61	63.06	15.26	85.62	29.41	82.0	47.8	24.08	66.71	63.25	84.53	7.07	79.61	65.76	58.31	0.0	35.01	71.69	19.42	48.1	34.41	75.0	48.66	68.94	29.12	47.8	32.65	44.05	20.59	34.79	16.28
20	51.04	24.41	26.48	23.77	61.81	84.39	30.41	83.19	51.62	80.81	17.8	43.57	44.94	38.91	103.97	30.27	70.01	78.24	24.04	35.01	0.0	65.38	22.47	76.03	65.8	59.84	15.81	88.39	63.39	16.28	34.41	54.2	48.1	40.0	51.04
21	76.84	83.49	39.05	79.48	17.46	57.87	81.49	18.38	53.04	17.2	81.02	51.61	32.53	38.42	65.76	65.19	9.43	38.01	78.0	71.69	65.38	0.0	77.93	68.43	72.47	18.03	76.66	56.08	80.62	55.97	39.22	34.06	61.22	37.12	76.84
22	34.93	39.05	40.5	41.11	78.55	80.71	8.25	94.13	46.32	91.02	30.07	39.36	64.35	59.2	101.87	19.42	84.4	80.32	42.3	19.42	22.47	77.93	0.0	67.21	53.82	76.69	32.14	86.09	47.93	38.42	40.01	56.75	38.95	44.28	34.93
23	36.24	100.24	63.51	99.74	82.54	21.38	63.13	72.25	25.0	68.01	92.44	32.89	84.38	85.01	41.19	48.41	77.83	37.8	99.81	48.1	76.03	68.43	67.21	0.0	15.81	81.91	91.71	28.44	27.46	82.01	48.37	36.14	28.6	44.05	36.24
24	20.81	89.32	58.42	89.49	84.22	36.01	48.84	79.81	20.62	75.6	81.02	26.31	82.28	81.58	56.72	36.25	81.84	48.47	89.84	34.41	65.8	72.47	53.82	15.81	0.0	83.24	80.99	43.0	12.0	74.33	43.93	38.42	18.11	41.11	20.81
25	83.49	73.68	36.25	69.05	2.0	74.11	81.84	33.24	62.77	33.6	73.01	59.2	18.03	25.0	83.55	68.01	14.21	55.23	67.27	75.0	59.84	18.03	76.69	81.91	83.24	0.0	68.07	73.06	89.63	47.01	43.14	45.88	69.2	43.42	83.49
26	64.94	8.6	39.36	9.0	70.06	100.12	40.31	94.92	67.42	92.97	5.39	59.36	51.09	44.18	119.5	44.92	79.91	93.24	10.2	48.66	15.81	76.66	32.14	91.71	80.99	68.07	0.0	104.0	77.67	21.1	49.58	69.43	63.56	55.23	64.94
27	61.19	112.54	68.26	110.75	73.01	7.07	84.1	52.92	39.82	49.04	106.08	46.87	81.49	84.43	15.81	66.73	64.5	18.11	110.26	68.94	88.39	56.08	86.09	28.44	43.0	73.06	104.0	0.0	55.0	89.31	54.82	35.51	48.47	49.2	61.19
28	13.0	85.62	61.03	86.49	90.8	48.01	41.68	89.59	27.59	85.44	76.92	30.53	86.41	84.76	68.59	33.14	89.81	59.77	87.13	29.12	63.39	80.62	47.93	27.46	12.0	89.63	77.67	55.0	0.0	74.17	47.85	46.86	20.59	46.32	13.0
29	62.8	27.51	21.26	23.71	49.01	86.45	46.04	74.33	57.01	72.62	26.0	49.24	30.41	23.77	104.2	41.77	58.86	76.42	22.47	47.8	16.28	55.97	38.42	82.01	74.33	47.01	21.1	89.31	74.17	0.0	34.89	53.82	56.22	40.31	62.8
30	40.46	58.0	15.13	55.97	44.6	51.62	42.58	54.33	24.02	51.09	52.2	17.72	38.63	37.66	70.09	26.0	46.96	43.83	55.44	32.65	34.41	39.22	40.01	48.37	43.93	43.14	49.58	54.82	47.85	34.89	0.0	19.85	27.31	5.66	40.46
31	44.78	77.83	32.76	75.69	46.62	33.24	57.31	43.38	19.42	39.4	72.01	20.4	49.01	50.64	50.45	39.12	43.42	24.19	75.07	44.05	54.2	34.06	56.75	36.14	38.42	45.88	69.43	35.51	46.86	53.82	19.85	0.0	28.64	14.21	44.78
32	16.16	72.01	41.0	71.87	70.43	42.49	35.85	72.01	10.05	68.03	64.01	10.0	65.92	64.56	63.98	19.85	70.18	47.0	72.11	20.59	48.1	61.22	38.95	28.6	18.11	69.2	63.56	48.47	20.59	56.22	27.31	28.64	0.0	25.81	16.16
33	40.36	63.66	19.92	61.62	44.69	46.14	46.1	50.99	20.62	47.52	57.8	15.81	41.23	41.11	64.44	28.64	45.49	38.28	61.07	34.79	40.0	37.12	44.28	44.05	41.11	43.42	55.23	49.2	46.32	40.31	5.66	14.21	25.81	0.0	40.36
;
