vehicles
vehicle_idx, capacity, cost_per_unit_distance
1,100,3
2,100,3
3,100,3
4,100,3
depot
node_idx,x,y
0,82,76
home delivery customers
node_idx,x,y,service_time,demand
1,61,62,10,24
2,98,14,10,12
3,49,8,10,6
4,84,25,10,16
5,91,2,10,19
6,93,3,10,24
7,20,70,10,2
8,50,5,10,21
9,13,7,10,19
self pickup customers
node_idx,x,y,service_time,demand,locker_idxs
10,42,9,10,8,29-25
11,58,30,10,12,30-25
12,85,60,10,14,28-24
13,14,24,10,6,31-25-27
14,5,10,10,14,31-25
15,23,15,10,15,31-25
16,50,93,10,8,28-24
flexible customers
node_idx,x,y,service_time,demand,locker_idxs
17,2,39,10,16,28-25
18,98,52,10,21,28-26
19,9,97,10,24,28-27
20,84,39,10,16,30-26
21,29,89,10,7,29-27
22,19,32,10,1,28-25
23,3,82,10,8,28-27
lockers
node_idx,x,y,service_time,capacity,cost_per_unit_good
24,65,88,10,77
25,25,15,10,86
26,93,12,10,93
27,22,88,10,76
28,35,45,10,79
29,58,65,10,77
30,50,49,10,76
31,58,53,10,97
mrt lines
start_node_idx,end_node_idx,freight_capacity,cost_per_unit_good
24,25,86,0.1
25,24,86,0.1
26,27,93,0.1
27,26,93,0.1
distance matrix
,0,1,2,3,4,5,6,7,8,9,10,11,12,13,14,15,16,17,18,19,20,21,22,23,24,25,26,27,28,29,30,31,
0,0.0,25.24,64.03,75.58,51.04,74.55,73.82,62.29,77.88,97.58,78.03,51.88,16.28,85.6,101.41,84.86,36.24,88.14,28.84,75.96,37.05,54.57,76.84,79.23,20.81,83.49,64.94,61.19,56.3,26.4,41.87,33.24
1,25.24,0.0,60.61,55.32,43.57,67.08,67.12,41.77,58.05,73.0,56.3,32.14,24.08,60.44,76.42,60.44,32.89,63.32,38.33,62.68,32.53,41.87,51.61,61.35,26.31,59.2,59.36,46.87,31.06,4.24,17.03,9.49
2,64.03,60.61,0.0,49.37,17.8,13.89,12.08,96.02,48.84,85.29,56.22,43.08,47.8,84.59,93.09,75.01,92.44,99.2,38.0,121.7,28.65,101.91,81.02,116.83,81.02,73.01,5.39,106.08,70.21,64.82,59.41,55.87
3,75.58,55.32,49.37,0.0,38.91,42.43,44.28,68.45,3.16,36.01,7.07,23.77,63.25,38.48,44.05,26.93,85.01,56.3,65.86,97.58,46.75,83.43,38.42,87.13,81.58,25.0,44.18,84.43,39.56,57.71,41.01,45.89
4,51.04,43.57,17.8,38.91,0.0,24.04,23.77,78.24,39.45,73.25,44.94,26.48,35.01,70.01,80.41,61.81,76.03,83.19,30.41,103.97,14.0,84.39,65.38,99.05,65.8,59.84,15.81,88.39,52.92,47.71,41.62,38.21
5,74.55,67.08,13.89,42.43,24.04,0.0,2.24,98.31,41.11,78.16,49.5,43.28,58.31,80.08,86.37,69.23,99.81,96.38,50.49,125.5,37.66,106.83,78.0,118.93,89.84,67.27,10.2,110.26,70.6,71.12,62.37,60.75
6,73.82,67.12,12.08,44.28,23.77,2.24,0.0,99.09,43.05,80.1,51.35,44.2,57.56,81.74,88.28,71.02,99.74,97.86,49.25,126.06,37.11,107.2,79.48,119.75,89.49,69.05,9.0,110.75,71.61,71.2,62.97,61.03
7,62.29,41.77,96.02,68.45,78.24,98.31,99.09,0.0,71.59,63.39,64.85,55.17,65.76,46.39,61.85,55.08,37.8,35.85,80.05,29.15,71.11,21.02,38.01,20.81,48.47,55.23,93.24,18.11,29.15,38.33,36.62,41.63
8,77.88,58.05,48.84,3.16,39.45,41.11,43.05,71.59,0.0,37.05,8.94,26.25,65.19,40.71,45.28,28.79,88.0,58.82,67.18,100.72,48.08,86.59,41.11,90.21,84.34,26.93,43.57,87.6,42.72,60.53,44.0,48.66
9,97.58,73.0,85.29,36.01,73.25,78.16,80.1,63.39,37.05,0.0,29.07,50.54,89.4,17.03,8.54,12.81,93.62,33.84,96.18,90.09,77.88,83.55,25.71,75.66,96.25,14.42,80.16,81.5,43.91,73.41,55.97,64.35
10,78.03,56.3,56.22,7.07,44.94,49.5,51.35,64.85,8.94,29.07,0.0,26.4,66.71,31.76,37.01,19.92,84.38,50.0,70.6,93.98,51.61,81.05,32.53,82.76,82.28,18.03,51.09,81.49,36.67,58.24,40.79,46.82
11,51.88,32.14,43.08,23.77,26.48,43.28,44.2,55.17,26.25,50.54,26.4,0.0,40.36,44.41,56.65,38.08,63.51,56.72,45.65,83.01,27.51,65.74,39.05,75.69,58.42,36.25,39.36,68.26,27.46,35.0,20.62,23.0
12,16.28,24.08,47.8,63.25,35.01,58.31,57.56,65.76,65.19,89.4,66.71,40.36,0.0,79.61,94.34,76.61,48.1,85.62,15.26,84.53,21.02,63.06,71.69,84.9,34.41,75.0,48.66,68.94,52.2,27.46,36.69,27.89
13,85.6,60.44,84.59,38.48,70.01,80.08,81.74,46.39,40.71,17.03,31.76,44.41,79.61,0.0,16.64,12.73,77.83,19.21,88.54,73.17,71.59,66.71,9.43,59.03,81.84,14.21,79.91,64.5,29.7,60.14,43.83,52.7
14,101.41,76.42,93.09,44.05,80.41,86.37,88.28,61.85,45.28,8.54,37.01,56.65,94.34,16.64,0.0,18.68,94.41,29.15,102.04,87.09,84.15,82.57,26.08,72.03,98.41,20.62,88.02,79.83,46.1,76.38,59.55,68.25
15,84.86,60.44,75.01,26.93,61.81,69.23,71.02,55.08,28.79,12.81,19.92,38.08,76.61,12.73,18.68,0.0,82.54,31.89,83.63,83.19,65.55,74.24,17.46,69.92,84.22,2.0,70.06,73.01,32.31,61.03,43.42,51.66
16,36.24,32.89,92.44,85.01,76.03,99.81,99.74,37.8,88.0,93.62,84.38,63.51,48.1,77.83,94.41,82.54,0.0,72.25,63.13,41.19,63.81,21.38,68.43,48.27,15.81,81.91,91.71,28.44,50.29,29.12,44.0,40.79
17,88.14,63.32,99.2,56.3,83.19,96.38,97.86,35.85,58.82,33.84,50.0,56.72,85.62,19.21,29.15,31.89,72.25,0.0,96.88,58.42,82.0,56.82,18.38,43.01,79.81,33.24,94.92,52.92,33.54,61.74,49.03,57.72
18,28.84,38.33,38.0,65.86,30.41,50.49,49.25,80.05,67.18,96.18,70.6,45.65,15.26,88.54,102.04,83.63,63.13,96.88,0.0,99.73,19.1,78.29,81.49,99.62,48.84,81.84,40.31,84.1,63.39,42.06,48.09,40.01
19,75.96,62.68,121.7,97.58,103.97,125.5,126.06,29.15,100.72,90.09,93.98,83.01,84.53,73.17,87.09,83.19,41.19,58.42,99.73,0.0,94.81,21.54,65.76,16.16,56.72,83.55,119.5,15.81,58.14,58.52,63.13,65.86
20,37.05,32.53,28.65,46.75,14.0,37.66,37.11,71.11,48.08,77.88,51.61,27.51,21.02,71.59,84.15,65.55,63.81,82.0,19.1,94.81,0.0,74.33,65.38,91.71,52.55,63.69,28.46,79.03,49.37,36.77,35.44,29.53
21,54.57,41.87,101.91,83.43,84.39,106.83,107.2,21.02,86.59,83.55,81.05,65.74,63.06,66.71,82.57,74.24,21.38,56.82,78.29,21.54,74.33,0.0,57.87,26.93,36.01,74.11,100.12,7.07,44.41,37.64,45.18,46.23
22,76.84,51.61,81.02,38.42,65.38,78.0,79.48,38.01,41.11,25.71,32.53,39.05,71.69,9.43,26.08,17.46,68.43,18.38,81.49,65.76,65.38,57.87,0.0,52.5,72.47,18.03,76.66,56.08,20.62,51.09,35.36,44.29
23,79.23,61.35,116.83,87.13,99.05,118.93,119.75,20.81,90.21,75.66,82.76,75.69,84.9,59.03,72.03,69.92,48.27,43.01,99.62,16.16,91.71,26.93,52.5,0.0,62.29,70.52,114.02,19.92,48.92,57.57,57.43,62.18
24,20.81,26.31,81.02,81.58,65.8,89.84,89.49,48.47,84.34,96.25,82.28,58.42,34.41,81.84,98.41,84.22,15.81,79.81,48.84,56.72,52.55,36.01,72.47,62.29,0.0,83.24,80.99,43.0,52.43,24.04,41.79,35.69
25,83.49,59.2,73.01,25.0,59.84,67.27,69.05,55.23,26.93,14.42,18.03,36.25,75.0,14.21,20.62,2.0,81.91,33.24,81.84,83.55,63.69,74.11,18.03,70.52,83.24,0.0,68.07,73.06,31.62,59.91,42.2,50.33
26,64.94,59.36,5.39,44.18,15.81,10.2,9.0,93.24,43.57,80.16,51.09,39.36,48.66,79.91,88.02,70.06,91.71,94.92,40.31,119.5,28.46,100.12,76.66,114.02,80.99,68.07,0.0,104.0,66.73,63.51,56.73,53.91
27,61.19,46.87,106.08,84.43,88.39,110.26,110.75,18.11,87.6,81.5,81.49,68.26,68.94,64.5,79.83,73.01,28.44,52.92,84.1,15.81,79.03,7.07,56.08,19.92,43.0,73.06,104.0,0.0,44.92,42.72,48.01,50.21
28,56.3,31.06,70.21,39.56,52.92,70.6,71.61,29.15,42.72,43.91,36.67,27.46,52.2,29.7,46.1,32.31,50.29,33.54,63.39,58.14,49.37,44.41,20.62,48.92,52.43,31.62,66.73,44.92,0.0,30.48,15.52,24.35
29,26.4,4.24,64.82,57.71,47.71,71.12,71.2,38.33,60.53,73.41,58.24,35.0,27.46,60.14,76.38,61.03,29.12,61.74,42.06,58.52,36.77,37.64,51.09,57.57,24.04,59.91,63.51,42.72,30.48,0.0,17.89,12.0
30,41.87,17.03,59.41,41.01,41.62,62.37,62.97,36.62,44.0,55.97,40.79,20.62,36.69,43.83,59.55,43.42,44.0,49.03,48.09,63.13,35.44,45.18,35.36,57.43,41.79,42.2,56.73,48.01,15.52,17.89,0.0,8.94
31,33.24,9.49,55.87,45.89,38.21,60.75,61.03,41.63,48.66,64.35,46.82,23.0,27.89,52.7,68.25,51.66,40.79,57.72,40.01,65.86,29.53,46.23,44.29,62.18,35.69,50.33,53.91,50.21,24.35,12.0,8.94,0.0
