vehicles
vehicle_idx, capacity, cost_per_unit_distance
1,100,3
2,100,3
3,100,3
4,100,3
depot
node_idx,x,y
0,82,76
home delivery customers
node_idx,x,y,service_time,demand
1,1,65,10,22
2,19,32,10,1
3,61,62,10,24
4,5,42,10,4
5,98,14,10,12
6,50,5,10,21
7,29,89,10,7
self pickup customers
node_idx,x,y,service_time,demand,locker_idxs
8,98,5,10,9,24
9,91,2,10,19,24
10,58,30,10,12,28
11,42,9,10,8,23
12,49,8,10,6,28
13,57,69,10,20,26
14,96,44,10,19,27
flexible customers
node_idx,x,y,service_time,demand,locker_idxs
15,84,25,10,16,24
16,50,93,10,8,22
17,3,82,10,8,25
18,80,55,10,2,27-29
19,88,51,10,18,27
20,98,52,10,21,24
21,14,24,10,6,23
lockers
node_idx,x,y,service_time,capacity,cost_per_unit_good
22,65,88,10,85
23,25,15,10,83
24,93,12,10,92
25,22,88,10,91
26,50,55,10,90
27,72,39,10,74
28,58,31,10,74
29,56,45,10,74
mrt lines
start_node_idx,end_node_idx,freight_capacity,cost_per_unit_good
22,23,85,0.1
23,22,85,0.1
24,25,92,0.1
25,24,92,0.1
distance matrix
,0,1,2,3,4,5,6,7,8,9,10,11,12,13,14,15,16,17,18,19,20,21,22,23,24,25,26,27,28,29,
0,0.0,81.74,76.84,25.24,84.17,64.03,77.88,54.57,72.78,74.55,51.88,78.03,75.58,25.96,34.93,51.04,36.24,79.23,21.1,25.71,28.84,85.6,20.81,83.49,64.94,61.19,38.28,38.33,51.0,40.46
1,81.74,0.0,37.59,60.07,23.35,109.59,77.47,36.88,114.06,109.86,66.89,69.4,74.52,56.14,97.29,92.14,56.44,17.12,79.63,88.12,97.87,43.01,68.01,55.46,106.17,31.14,50.01,75.61,66.37,58.52
2,76.84,37.59,0.0,51.61,17.2,81.02,41.11,57.87,83.49,78.0,39.05,32.53,38.42,53.04,77.93,65.38,68.43,52.5,65.19,71.57,81.49,9.43,72.47,18.03,76.66,56.08,38.6,53.46,39.01,39.22
3,25.24,60.07,51.61,0.0,59.46,60.61,58.05,41.87,67.96,67.08,32.14,56.3,55.32,8.06,39.36,43.57,32.89,61.35,20.25,29.15,38.33,60.44,26.31,59.2,59.36,46.87,13.04,25.5,31.14,17.72
4,84.17,23.35,17.2,59.46,0.0,97.12,58.26,52.77,100.09,94.85,54.34,49.58,55.61,58.59,91.02,80.81,68.01,40.05,76.12,83.49,93.54,20.12,75.6,33.6,92.97,49.04,46.84,67.07,54.13,51.09
5,64.03,109.59,81.02,60.61,97.12,0.0,48.84,101.91,9.0,13.89,43.08,56.22,49.37,68.6,30.07,17.8,92.44,116.83,44.78,38.33,38.0,84.59,81.02,73.01,5.39,106.08,63.13,36.07,43.46,52.2
6,77.88,77.47,41.11,58.05,58.26,48.84,0.0,86.59,48.0,41.11,26.25,8.94,3.16,64.38,60.31,39.45,88.0,90.21,58.31,59.67,67.18,40.71,84.34,26.93,43.57,87.6,50.0,40.5,27.2,40.45
7,54.57,36.88,57.87,41.87,52.77,101.91,86.59,0.0,108.71,106.83,65.74,81.05,83.43,34.41,80.71,84.39,21.38,26.93,61.29,70.18,78.29,66.71,36.01,74.11,100.12,7.07,39.96,65.95,64.85,51.62
8,72.78,114.06,83.49,67.96,100.09,9.0,48.0,108.71,0.0,7.62,47.17,56.14,49.09,76.01,39.05,24.41,100.24,122.29,53.14,47.07,47.0,86.12,89.32,73.68,8.6,112.54,69.31,42.8,47.71,58.0
9,74.55,109.86,78.0,67.08,94.85,13.89,41.11,106.83,7.62,0.0,43.28,49.5,42.43,75.13,42.3,24.04,99.81,118.93,54.13,49.09,50.49,80.08,89.84,67.27,10.2,110.26,67.01,41.59,43.93,55.44
10,51.88,66.89,39.05,32.14,54.34,43.08,26.25,65.74,47.17,43.28,0.0,26.4,23.77,39.01,40.5,26.48,63.51,75.69,33.3,36.62,45.65,44.41,58.42,36.25,39.36,68.26,26.25,16.64,1.0,15.13
11,78.03,69.4,32.53,56.3,49.58,56.22,8.94,81.05,56.14,49.5,26.4,0.0,7.07,61.85,64.35,44.94,84.38,82.76,59.67,62.29,70.6,31.76,82.28,18.03,51.09,81.49,46.69,42.43,27.2,38.63
12,75.58,74.52,38.42,55.32,55.61,49.37,3.16,83.43,49.09,42.43,23.77,7.07,0.0,61.52,59.2,38.91,85.01,87.13,56.3,58.05,65.86,38.48,81.58,25.0,44.18,84.43,47.01,38.6,24.7,37.66
13,25.96,56.14,53.04,8.06,58.59,68.6,64.38,34.41,76.01,75.13,39.01,61.85,61.52,0.0,46.32,51.62,25.0,55.54,26.93,35.85,44.38,62.24,20.62,62.77,67.42,39.82,15.65,33.54,38.01,24.02
14,34.93,97.29,77.93,39.36,91.02,30.07,60.31,80.71,39.05,42.3,40.5,64.35,59.2,46.32,0.0,22.47,67.21,100.46,19.42,10.63,8.25,84.4,53.82,76.69,32.14,86.09,47.3,24.52,40.16,40.01
15,51.04,92.14,65.38,43.57,80.81,17.8,39.45,84.39,24.41,24.04,26.48,44.94,38.91,51.62,22.47,0.0,76.03,99.05,30.27,26.31,30.41,70.01,65.8,59.84,15.81,88.39,45.34,18.44,26.68,34.41
16,36.24,56.44,68.43,32.89,68.01,92.44,88.0,21.38,100.24,99.81,63.51,84.38,85.01,25.0,67.21,76.03,0.0,48.27,48.41,56.64,63.13,77.83,15.81,81.91,91.71,28.44,38.0,58.31,62.51,48.37
17,79.23,17.12,52.5,61.35,40.05,116.83,90.21,26.93,122.29,118.93,75.69,82.76,87.13,55.54,100.46,99.05,48.27,0.0,81.6,90.48,99.62,59.03,62.29,70.52,114.02,19.92,54.2,81.3,75.01,64.64
18,21.1,79.63,65.19,20.25,76.12,44.78,58.31,61.29,53.14,54.13,33.3,59.67,56.3,26.93,19.42,30.27,48.41,81.6,0.0,8.94,18.25,72.92,36.25,68.01,44.92,66.73,30.0,17.89,32.56,26.0
19,25.71,88.12,71.57,29.15,83.49,38.33,59.67,70.18,47.07,49.09,36.62,62.29,58.05,35.85,10.63,26.31,56.64,90.48,8.94,0.0,10.05,78.77,43.57,72.56,39.32,75.66,38.21,20.0,36.06,32.56
20,28.84,97.87,81.49,38.33,93.54,38.0,67.18,78.29,47.0,50.49,45.65,70.6,65.86,44.38,8.25,30.41,63.13,99.62,18.25,10.05,0.0,88.54,48.84,81.84,40.31,84.1,48.09,29.07,45.18,42.58
21,85.6,43.01,9.43,60.44,20.12,84.59,40.71,66.71,86.12,80.08,44.41,31.76,38.48,62.24,84.4,70.01,77.83,59.03,72.92,78.77,88.54,0.0,81.84,14.21,79.91,64.5,47.51,59.91,44.55,46.96
22,20.81,68.01,72.47,26.31,75.6,81.02,84.34,36.01,89.32,89.84,58.42,82.28,81.58,20.62,53.82,65.8,15.81,62.29,36.25,43.57,48.84,81.84,0.0,83.24,80.99,43.0,36.25,49.5,57.43,43.93
23,83.49,55.46,18.03,59.2,33.6,73.01,26.93,74.11,73.68,67.27,36.25,18.03,25.0,62.77,76.69,59.84,81.91,70.52,68.01,72.56,81.84,14.21,83.24,0.0,68.07,73.06,47.17,52.77,36.67,43.14
24,64.94,106.17,76.66,59.36,92.97,5.39,43.57,100.12,8.6,10.2,39.36,51.09,44.18,67.42,32.14,15.81,91.71,114.02,44.92,39.32,40.31,79.91,80.99,68.07,0.0,104.0,60.81,34.21,39.82,49.58
25,61.19,31.14,56.08,46.87,49.04,106.08,87.6,7.07,112.54,110.26,68.26,81.49,84.43,39.82,86.09,88.39,28.44,19.92,66.73,75.66,84.1,64.5,43.0,73.06,104.0,0.0,43.28,70.01,67.42,54.82
26,38.28,50.01,38.6,13.04,46.84,63.13,50.0,39.96,69.31,67.01,26.25,46.69,47.01,15.65,47.3,45.34,38.0,54.2,30.0,38.21,48.09,47.51,36.25,47.17,60.81,43.28,0.0,27.2,25.3,11.66
27,38.33,75.61,53.46,25.5,67.07,36.07,40.5,65.95,42.8,41.59,16.64,42.43,38.6,33.54,24.52,18.44,58.31,81.3,17.89,20.0,29.07,59.91,49.5,52.77,34.21,70.01,27.2,0.0,16.12,17.09
28,51.0,66.37,39.01,31.14,54.13,43.46,27.2,64.85,47.71,43.93,1.0,27.2,24.7,38.01,40.16,26.68,62.51,75.01,32.56,36.06,45.18,44.55,57.43,36.67,39.82,67.42,25.3,16.12,0.0,14.14
29,40.46,58.52,39.22,17.72,51.09,52.2,40.45,51.62,58.0,55.44,15.13,38.63,37.66,24.02,40.01,34.41,48.37,64.64,26.0,32.56,42.58,46.96,43.93,43.14,49.58,54.82,11.66,17.09,14.14,0.0
