vehicles
vehicle_idx, capacity, cost_per_unit_distance
1,100,3
2,100,3
3,100,3
4,100,3
depot
node_idx,x,y
0,82,76
home delivery customers
node_idx,x,y,service_time,demand
1,3,82,10,8
2,93,3,10,24
3,5,42,10,4
4,29,89,10,7
5,58,30,10,12
6,23,15,10,15
7,14,24,10,6
8,84,39,10,16
9,49,8,10,6
self pickup customers
node_idx,x,y,service_time,demand,locker_idxs
10,50,5,10,21,27
11,91,2,10,19,28
12,1,65,10,22,32
13,57,69,10,20,33-26
14,61,62,10,24,33-26
15,61,59,10,3,31
16,42,9,10,8,27
17,13,7,10,19,27
flexible customers
node_idx,x,y,service_time,demand,locker_idxs
18,88,51,10,18,31
19,5,10,10,14,27
20,19,32,10,1,27
21,80,55,10,2,31
22,84,25,10,16,28
23,50,93,10,8,26
24,96,44,10,19,31
25,20,70,10,2,29
lockers
node_idx,x,y,service_time,capacity,cost_per_unit_good
26,65,88,10,95
27,25,15,10,75
28,93,12,10,80
29,22,88,10,88
30,48,42,10,88
31,75,45,10,100
32,0,76,10,73
33,50,52,10,76
mrt lines
start_node_idx,end_node_idx,freight_capacity,cost_per_unit_good
26,27,95,0.1
27,26,95,0.1
28,29,88,0.1
29,28,88,0.1
distance matrix
,0,1,2,3,4,5,6,7,8,9,10,11,12,13,14,15,16,17,18,19,20,21,22,23,24,25,26,27,28,29,30,31,32,33,
0,0.0,79.23,73.82,84.17,54.57,51.88,84.86,85.6,37.05,75.58,77.88,74.55,81.74,25.96,25.24,27.02,78.03,97.58,25.71,101.41,76.84,21.1,51.04,36.24,34.93,62.29,20.81,83.49,64.94,61.19,48.08,31.78,82.0,40.0
1,79.23,0.0,119.75,40.05,26.93,75.69,69.92,59.03,91.71,87.13,90.21,118.93,17.12,55.54,61.35,62.39,82.76,75.66,90.48,72.03,52.5,81.6,99.05,48.27,100.46,20.81,62.29,70.52,114.02,19.92,60.21,80.95,6.71,55.76
2,73.82,119.75,0.0,96.25,107.2,44.2,71.02,81.74,37.11,44.28,43.05,2.24,110.94,75.18,67.12,64.5,51.35,80.1,48.26,88.28,79.48,53.6,23.77,99.74,41.11,99.09,89.49,69.05,9.0,110.75,59.55,45.69,118.23,65.19
3,84.17,40.05,96.25,0.0,52.77,54.34,32.45,20.12,79.06,55.61,58.26,94.85,23.35,58.59,59.46,58.52,49.58,35.9,83.49,32.0,17.2,76.12,80.81,68.01,91.02,31.76,75.6,33.6,92.97,49.04,43.0,70.06,34.37,46.1
4,54.57,26.93,107.2,52.77,0.0,65.74,74.24,66.71,74.33,83.43,86.59,106.83,36.88,34.41,41.87,43.86,81.05,83.55,70.18,82.57,57.87,61.29,84.39,21.38,80.71,21.02,36.01,74.11,100.12,7.07,50.7,63.66,31.78,42.54
5,51.88,75.69,44.2,54.34,65.74,0.0,38.08,44.41,27.51,23.77,26.25,43.28,66.89,39.01,32.14,29.15,26.4,50.54,36.62,56.65,39.05,33.3,26.48,63.51,40.5,55.17,58.42,36.25,39.36,68.26,15.62,22.67,74.03,23.41
6,84.86,69.92,71.02,32.45,74.24,38.08,0.0,12.73,65.55,26.93,28.79,69.23,54.63,63.81,60.44,58.14,19.92,12.81,74.3,18.68,17.46,69.63,61.81,82.54,78.55,55.08,84.22,2.0,70.06,73.01,36.8,60.03,65.19,45.8
7,85.6,59.03,81.74,20.12,66.71,44.41,12.73,0.0,71.59,38.48,40.71,80.08,43.01,62.24,60.44,58.6,31.76,17.03,78.77,16.64,9.43,72.92,70.01,77.83,84.4,46.39,81.84,14.21,79.91,64.5,38.47,64.51,53.85,45.61
8,37.05,91.71,37.11,79.06,74.33,27.51,65.55,71.59,0.0,46.75,48.08,37.66,86.98,40.36,32.53,30.48,51.61,77.88,12.65,84.15,65.38,16.49,14.0,63.81,13.0,71.11,52.55,63.69,28.46,79.03,36.12,10.82,91.79,36.4
9,75.58,87.13,44.28,55.61,83.43,23.77,26.93,38.48,46.75,0.0,3.16,42.43,74.52,61.52,55.32,52.39,7.07,36.01,58.05,44.05,38.42,56.3,38.91,85.01,59.2,68.45,81.58,25.0,44.18,84.43,34.01,45.22,83.82,44.01
10,77.88,90.21,43.05,58.26,86.59,26.25,28.79,40.71,48.08,3.16,0.0,41.11,77.47,64.38,58.05,55.11,8.94,37.05,59.67,45.28,41.11,58.31,39.45,88.0,60.31,71.59,84.34,26.93,43.57,87.6,37.05,47.17,86.84,47.0
11,74.55,118.93,2.24,94.85,106.83,43.28,69.23,80.08,37.66,42.43,41.11,0.0,109.86,75.13,67.08,64.41,49.5,78.16,49.09,86.37,78.0,54.13,24.04,99.81,42.3,98.31,89.84,67.27,10.2,110.26,58.73,45.88,117.29,64.66
12,81.74,17.12,110.94,23.35,36.88,66.89,54.63,43.01,86.98,74.52,77.47,109.86,0.0,56.14,60.07,60.3,69.4,59.23,88.12,55.15,37.59,79.63,92.14,56.44,97.29,19.65,68.01,55.46,106.17,31.14,52.33,76.66,11.05,50.7
13,25.96,55.54,75.18,58.59,34.41,39.01,63.81,62.24,40.36,61.52,64.38,75.13,56.14,0.0,8.06,10.77,61.85,76.03,35.85,78.64,53.04,26.93,51.62,25.0,46.32,37.01,20.62,62.77,67.42,39.82,28.46,30.0,57.43,18.38
14,25.24,61.35,67.12,59.46,41.87,32.14,60.44,60.44,32.53,55.32,58.05,67.08,60.07,8.06,0.0,3.0,56.3,73.0,29.15,76.42,51.61,20.25,43.57,32.89,39.36,41.77,26.31,59.2,59.36,46.87,23.85,22.02,62.59,14.87
15,27.02,62.39,64.5,58.52,43.86,29.15,58.14,58.6,30.48,52.39,55.11,64.41,60.3,10.77,3.0,0.0,53.49,70.77,28.16,74.41,49.93,19.42,41.05,35.74,38.08,42.45,29.27,56.85,56.86,48.6,21.4,19.8,63.32,13.04
16,78.03,82.76,51.35,49.58,81.05,26.4,19.92,31.76,51.61,7.07,8.94,49.5,69.4,61.85,56.3,53.49,0.0,29.07,62.29,37.01,32.53,59.67,44.94,84.38,64.35,64.85,82.28,18.03,51.09,81.49,33.54,48.84,79.08,43.74
17,97.58,75.66,80.1,35.9,83.55,50.54,12.81,17.03,77.88,36.01,37.05,78.16,59.23,76.03,73.0,70.77,29.07,0.0,86.95,8.54,25.71,82.42,73.25,93.62,90.87,63.39,96.25,14.42,80.16,81.5,49.5,72.72,70.21,58.26
18,25.71,90.48,48.26,83.49,70.18,36.62,74.3,78.77,12.65,58.05,59.67,49.09,88.12,35.85,29.15,28.16,62.29,86.95,0.0,92.57,71.57,8.94,26.31,56.64,10.63,70.6,43.57,72.56,39.32,75.66,41.0,14.32,91.48,38.01
19,101.41,72.03,88.28,32.0,82.57,56.65,18.68,16.64,84.15,44.05,45.28,86.37,55.15,78.64,76.42,74.41,37.01,8.54,92.57,0.0,26.08,87.46,80.41,94.41,97.14,61.85,98.41,20.62,88.02,79.83,53.6,78.26,66.19,61.55
20,76.84,52.5,79.48,17.2,57.87,39.05,17.46,9.43,65.38,38.42,41.11,78.0,37.59,53.04,51.61,49.93,32.53,25.71,71.57,26.08,0.0,65.19,65.38,68.43,77.93,38.01,72.47,18.03,76.66,56.08,30.68,57.49,47.93,36.89
21,21.1,81.6,53.6,76.12,61.29,33.3,69.63,72.92,16.49,56.3,58.31,54.13,79.63,26.93,20.25,19.42,59.67,82.42,8.94,87.46,65.19,0.0,30.27,48.41,19.42,61.85,36.25,68.01,44.92,66.73,34.54,11.18,82.71,30.15
22,51.04,99.05,23.77,80.81,84.39,26.48,61.81,70.01,14.0,38.91,39.45,24.04,92.14,51.62,43.57,41.05,44.94,73.25,26.31,80.41,65.38,30.27,0.0,76.03,22.47,78.24,65.8,59.84,15.81,88.39,39.81,21.93,98.27,43.42
23,36.24,48.27,99.74,68.01,21.38,63.51,82.54,77.83,63.81,85.01,88.0,99.81,56.44,25.0,32.89,35.74,84.38,93.62,56.64,94.41,68.43,48.41,76.03,0.0,67.21,37.8,15.81,81.91,91.71,28.44,51.04,54.12,52.81,41.0
24,34.93,100.46,41.11,91.02,80.71,40.5,78.55,84.4,13.0,59.2,60.31,42.3,97.29,46.32,39.36,38.08,64.35,90.87,10.63,97.14,77.93,19.42,22.47,67.21,0.0,80.32,53.82,76.69,32.14,86.09,48.04,21.02,101.19,46.69
25,62.29,20.81,99.09,31.76,21.02,55.17,55.08,46.39,71.11,68.45,71.59,98.31,19.65,37.01,41.77,42.45,64.85,63.39,70.6,61.85,38.01,61.85,78.24,37.8,80.32,0.0,48.47,55.23,93.24,18.11,39.6,60.42,20.88,34.99
26,20.81,62.29,89.49,75.6,36.01,58.42,84.22,81.84,52.55,81.58,84.34,89.84,68.01,20.62,26.31,29.27,82.28,96.25,43.57,98.41,72.47,36.25,65.8,15.81,53.82,48.47,0.0,83.24,80.99,43.0,49.04,44.15,66.1,39.0
27,83.49,70.52,69.05,33.6,74.11,36.25,2.0,14.21,63.69,25.0,26.93,67.27,55.46,62.77,59.2,56.85,18.03,14.42,72.56,20.62,18.03,68.01,59.84,81.91,76.69,55.23,83.24,0.0,68.07,73.06,35.47,58.31,65.92,44.65
28,64.94,114.02,9.0,92.97,100.12,39.36,70.06,79.91,28.46,44.18,43.57,10.2,106.17,67.42,59.36,56.86,51.09,80.16,39.32,88.02,76.66,44.92,15.81,91.71,32.14,93.24,80.99,68.07,0.0,104.0,54.08,37.59,112.89,58.73
29,61.19,19.92,110.75,49.04,7.07,68.26,73.01,64.5,79.03,84.43,87.6,110.26,31.14,39.82,46.87,48.6,81.49,81.5,75.66,79.83,56.08,66.73,88.39,28.44,86.09,18.11,43.0,73.06,104.0,0.0,52.84,68.25,25.06,45.61
30,48.08,60.21,59.55,43.0,50.7,15.62,36.8,38.47,36.12,34.01,37.05,58.73,52.33,28.46,23.85,21.4,33.54,49.5,41.0,53.6,30.68,34.54,39.81,51.04,48.04,39.6,49.04,35.47,54.08,52.84,0.0,27.17,58.82,10.2
31,31.78,80.95,45.69,70.06,63.66,22.67,60.03,64.51,10.82,45.22,47.17,45.88,76.66,30.0,22.02,19.8,48.84,72.72,14.32,78.26,57.49,11.18,21.93,54.12,21.02,60.42,44.15,58.31,37.59,68.25,27.17,0.0,81.15,25.96
32,82.0,6.71,118.23,34.37,31.78,74.03,65.19,53.85,91.79,83.82,86.84,117.29,11.05,57.43,62.59,63.32,79.08,70.21,91.48,66.19,47.93,82.71,98.27,52.81,101.19,20.88,66.1,65.92,112.89,25.06,58.82,81.15,0.0,55.46
33,40.0,55.76,65.19,46.1,42.54,23.41,45.8,45.61,36.4,44.01,47.0,64.66,50.7,18.38,14.87,13.04,43.74,58.26,38.01,61.55,36.89,30.15,43.42,41.0,46.69,34.99,39.0,44.65,58.73,45.61,10.2,25.96,55.46,0.0
