set K:= 1	2	3	4;
set C_H:= 1	2	3	4	5	6	7	8	9;
set C_S:= 10	11	12	13	14	15	16;
set C_F:= 17	18	19	20	21	22	23;
set M:= 24	25	26	27;
set L_B:= 28	29	30	31;
set A1:=
(0,*) 1 2 3 4 5 6 7 8 9 17 18 19 20 21 22 23 24 25 26 27 28 29 30 31
(1,*) 0 2 3 4 5 6 7 8 9 17 18 19 20 21 22 23 24 25 26 27 28 29 30 31
(2,*) 0 1 3 4 5 6 7 8 9 17 18 19 20 21 22 23 24 25 26 27 28 29 30 31
(3,*) 0 1 2 4 5 6 7 8 9 17 18 19 20 21 22 23 24 25 26 27 28 29 30 31
(4,*) 0 1 2 3 5 6 7 8 9 17 18 19 20 21 22 23 24 25 26 27 28 29 30 31
(5,*) 0 1 2 3 4 6 7 8 9 17 18 19 20 21 22 23 24 25 26 27 28 29 30 31
(6,*) 0 1 2 3 4 5 7 8 9 17 18 19 20 21 22 23 24 25 26 27 28 29 30 31
(7,*) 0 1 2 3 4 5 6 8 9 17 18 19 20 21 22 23 24 25 26 27 28 29 30 31
(8,*) 0 1 2 3 4 5 6 7 9 17 18 19 20 21 22 23 24 25 26 27 28 29 30 31
(9,*) 0 1 2 3 4 5 6 7 8 17 18 19 20 21 22 23 24 25 26 27 28 29 30 31
(17,*) 0 1 2 3 4 5 6 7 8 9 18 19 20 21 22 23 24 25 26 27 28 29 30 31
(18,*) 0 1 2 3 4 5 6 7 8 9 17 19 20 21 22 23 24 25 26 27 28 29 30 31
(19,*) 0 1 2 3 4 5 6 7 8 9 17 18 20 21 22 23 24 25 26 27 28 29 30 31
(20,*) 0 1 2 3 4 5 6 7 8 9 17 18 19 21 22 23 24 25 26 27 28 29 30 31
(21,*) 0 1 2 3 4 5 6 7 8 9 17 18 19 20 22 23 24 25 26 27 28 29 30 31
(22,*) 0 1 2 3 4 5 6 7 8 9 17 18 19 20 21 23 24 25 26 27 28 29 30 31
(23,*) 0 1 2 3 4 5 6 7 8 9 17 18 19 20 21 22 24 25 26 27 28 29 30 31
(24,*) 0 1 2 3 4 5 6 7 8 9 17 18 19 20 21 22 23 25 26 27 28 29 30 31
(25,*) 0 1 2 3 4 5 6 7 8 9 17 18 19 20 21 22 23 24 26 27 28 29 30 31
(26,*) 0 1 2 3 4 5 6 7 8 9 17 18 19 20 21 22 23 24 25 27 28 29 30 31
(27,*) 0 1 2 3 4 5 6 7 8 9 17 18 19 20 21 22 23 24 25 26 28 29 30 31
(28,*) 0 1 2 3 4 5 6 7 8 9 17 18 19 20 21 22 23 24 25 26 27 29 30 31
(29,*) 0 1 2 3 4 5 6 7 8 9 17 18 19 20 21 22 23 24 25 26 27 28 30 31
(30,*) 0 1 2 3 4 5 6 7 8 9 17 18 19 20 21 22 23 24 25 26 27 28 29 31
(31,*) 0 1 2 3 4 5 6 7 8 9 17 18 19 20 21 22 23 24 25 26 27 28 29 30
;
set A2:=
(24,*) 25
(25,*) 24
(26,*) 27
(27,*) 26
;
param BigM:=99999;
param n:= 4;
param d:=
1	12
2	16
3	8
4	14
5	7
6	12
7	8
8	3
9	20
10	16
11	21
12	19
13	16
14	6
15	24
16	4
17	9
18	6
19	14
20	2
21	8
22	22
23	19
;
param Q:=100;
param w:=
[24,*] 25 0.5
[25,*] 24 0.5
[26,*] 27 0.5
[27,*] 26 0.5
;
param V:=
[24,*] 25 78
[25,*] 24 78
[26,*] 27 95
[27,*] 26 95
;
param e:
	24	25	26	27	28	29	30	31:=
10	0	1	0	1	0	1	0	0	
11	0	0	0	1	0	1	0	0	
12	1	0	0	0	0	0	1	0	
13	1	0	0	0	0	0	0	1	
14	0	0	0	1	0	0	0	1	
15	0	1	0	0	0	1	0	0	
16	0	0	0	1	0	0	0	1	
17	1	0	0	0	0	0	1	0	
18	0	0	0	1	0	0	1	0	
19	0	0	1	0	0	0	0	1	
20	0	1	0	0	0	0	0	1	
21	0	0	0	1	0	1	0	0	
22	0	1	0	0	0	1	0	0	
23	0	0	0	1	0	0	0	1	
;
param p:=
1	3
2	3
3	3
4	3
;
param G:=
24	78
25	73
26	95
27	71
28	72
29	92
30	95
31	79
;
param s:=
0	0
1	10
2	10
3	10
4	10
5	10
6	10
7	10
8	10
9	10
17	10
18	10
19	10
20	10
21	10
22	10
23	10
24	10
25	10
26	10
27	10
28	10
29	10
30	10
31	10
;
param t:
	0	1	2	3	4	5	6	7	8	9	10	11	12	13	14	15	16	17	18	19	20	21	22	23	24	25	26	27	28	29	30	31:=
0	0.0	51.88	37.05	36.24	101.41	54.57	64.03	79.23	27.02	25.96	88.14	77.88	74.55	51.04	85.6	75.96	84.17	72.78	75.58	16.28	62.29	78.03	81.74	97.58	64.94	61.19	20.81	83.49	42.44	42.01	37.59	49.77
1	51.88	0.0	27.51	63.51	56.65	65.74	43.08	75.69	29.15	39.01	56.72	26.25	43.28	26.48	44.41	83.01	54.34	47.17	23.77	40.36	55.17	26.4	66.89	50.54	39.36	68.26	58.42	36.25	24.6	21.93	29.41	34.83
2	37.05	27.51	0.0	63.81	84.15	74.33	28.65	91.71	30.48	40.36	82.0	48.08	37.66	14.0	71.59	94.81	79.06	36.77	46.75	21.02	71.11	51.61	86.98	77.88	28.46	79.03	52.55	63.69	39.22	36.69	39.82	51.26
3	36.24	63.51	63.81	0.0	94.41	21.38	92.44	48.27	35.74	25.0	72.25	88.0	99.81	76.03	77.83	41.19	68.01	100.24	85.01	48.1	37.8	84.38	56.44	93.62	91.71	28.44	15.81	81.91	41.11	43.01	35.01	38.63
4	101.41	56.65	84.15	94.41	0.0	82.57	93.09	72.03	74.41	78.64	29.15	45.28	86.37	80.41	16.64	87.09	32.0	93.13	44.05	94.34	61.85	37.01	55.15	8.54	88.02	79.83	98.41	20.62	59.4	59.46	65.12	56.3
5	54.57	65.74	74.33	21.38	82.57	0.0	101.91	26.93	43.86	34.41	56.82	86.59	106.83	84.39	66.71	21.54	52.77	108.71	83.43	63.06	21.02	81.05	36.88	83.55	100.12	7.07	36.01	74.11	41.15	43.83	36.89	32.76
6	64.03	43.08	28.65	92.44	93.09	101.91	0.0	116.83	58.26	68.6	99.2	48.84	13.89	17.8	84.59	121.7	97.12	9.0	49.37	47.8	96.02	56.22	109.59	85.29	5.39	106.08	81.02	73.01	63.6	60.8	65.86	75.45
7	79.23	75.69	91.71	48.27	72.03	26.93	116.83	0.0	62.39	55.54	43.01	90.21	118.93	99.05	59.03	16.16	40.05	122.29	87.13	84.9	20.81	82.76	17.12	75.66	114.02	19.92	62.29	70.52	53.25	56.04	51.88	41.4
8	27.02	29.15	30.48	35.74	74.41	43.86	58.26	62.39	0.0	10.77	62.3	55.11	64.41	41.05	58.6	64.4	58.52	65.46	52.39	24.02	42.45	53.49	60.3	70.77	56.86	48.6	29.27	56.85	15.65	15.0	12.04	25.08
9	25.96	39.01	40.36	25.0	78.64	34.41	68.6	55.54	10.77	0.0	62.65	64.38	75.13	51.62	62.24	55.57	58.59	76.01	61.52	29.41	37.01	61.85	56.14	76.03	67.42	39.82	20.62	62.77	19.72	20.62	13.6	24.19
10	88.14	56.72	82.0	72.25	29.15	56.82	99.2	43.01	62.3	62.65	0.0	58.82	96.38	83.19	19.21	58.42	4.24	101.84	56.3	85.62	35.85	50.0	26.02	33.84	94.92	52.92	79.81	33.24	46.84	48.27	50.7	38.47
11	77.88	26.25	48.08	88.0	45.28	86.59	48.84	90.21	55.11	64.38	58.82	0.0	41.11	39.45	40.71	100.72	58.26	48.0	3.16	65.19	71.59	8.94	77.47	37.05	43.57	87.6	84.34	26.93	47.1	45.01	53.01	53.85
12	74.55	43.28	37.66	99.81	86.37	106.83	13.89	118.93	64.41	75.13	96.38	41.11	0.0	24.04	80.08	125.5	94.85	7.62	42.43	58.31	98.31	49.5	109.86	78.16	10.2	110.26	89.84	67.27	66.6	63.78	70.0	77.78
13	51.04	26.48	14.0	76.03	80.41	84.39	17.8	99.05	41.05	51.62	83.19	39.45	24.04	0.0	70.01	103.97	80.81	24.41	38.91	35.01	78.24	44.94	92.14	73.25	15.81	88.39	65.8	59.84	45.8	43.01	48.1	57.69
14	85.6	44.41	71.59	77.83	16.64	66.71	84.59	59.03	58.6	62.24	19.21	40.71	80.08	70.01	0.0	73.17	20.12	86.12	38.48	79.61	46.39	31.76	43.01	17.03	79.91	64.5	81.84	14.21	43.28	43.6	48.8	39.66
15	75.96	83.01	94.81	41.19	87.09	21.54	121.7	16.16	64.4	55.57	58.42	100.72	125.5	103.97	73.17	0.0	55.15	128.0	97.58	84.53	29.15	93.98	32.98	90.09	119.5	15.81	56.72	83.55	58.9	61.72	55.87	48.26
16	84.17	54.34	79.06	68.01	32.0	52.77	97.12	40.05	58.52	58.59	4.24	58.26	94.85	80.81	20.12	55.15	0.0	100.09	55.61	82.0	31.76	49.58	23.35	35.9	92.97	49.04	75.6	33.6	43.17	44.72	46.82	34.44
17	72.78	47.17	36.77	100.24	93.13	108.71	9.0	122.29	65.46	76.01	101.84	48.0	7.62	24.41	86.12	128.0	100.09	0.0	49.09	56.52	101.53	56.14	114.06	85.02	8.6	112.54	89.32	73.68	69.35	66.53	72.18	80.92
18	75.58	23.77	46.75	85.01	44.05	83.43	49.37	87.13	52.39	61.52	56.3	3.16	42.43	38.91	38.48	97.58	55.61	49.09	0.0	63.25	68.45	7.07	74.52	36.01	44.18	84.43	81.58	25.0	44.05	42.0	50.0	50.7
19	16.28	40.36	21.02	48.1	94.34	63.06	47.8	84.9	24.02	29.41	85.62	65.19	58.31	35.01	79.61	84.53	82.0	56.52	63.25	0.0	65.76	66.71	84.15	89.4	48.66	68.94	34.41	75.0	38.83	37.36	36.06	49.09
20	62.29	55.17	71.11	37.8	61.85	21.02	96.02	20.81	42.45	37.01	35.85	71.59	98.31	78.24	46.39	29.15	31.76	101.53	68.45	65.76	0.0	64.85	19.65	63.39	93.24	18.11	48.47	55.23	32.45	35.23	31.38	20.62
21	78.03	26.4	51.61	84.38	37.01	81.05	56.22	82.76	53.49	61.85	50.0	8.94	49.5	44.94	31.76	93.98	49.58	56.14	7.07	66.71	64.85	0.0	69.4	29.07	51.09	81.49	82.28	18.03	43.29	41.59	49.5	48.37
22	81.74	66.89	86.98	56.44	55.15	36.88	109.59	17.12	60.3	56.14	26.02	77.47	109.86	92.14	43.01	32.98	23.35	114.06	74.52	84.15	19.65	69.4	0.0	59.23	106.17	31.14	68.01	55.46	47.8	50.29	48.51	35.9
23	97.58	50.54	77.88	93.62	8.54	83.55	85.29	75.66	70.77	76.03	33.84	37.05	78.16	73.25	17.03	90.09	35.9	85.02	36.01	89.4	63.39	29.07	59.23	0.0	80.16	81.5	96.25	14.42	56.4	56.08	62.43	55.04
24	64.94	39.36	28.46	91.71	88.02	100.12	5.39	114.02	56.86	67.42	94.92	43.57	10.2	15.81	79.91	119.5	92.97	8.6	44.18	48.66	93.24	51.09	106.17	80.16	0.0	104.0	80.99	68.07	60.96	58.14	63.66	72.62
25	61.19	68.26	79.03	28.44	79.83	7.07	106.08	19.92	48.6	39.82	52.92	87.6	110.26	88.39	64.5	15.81	49.04	112.54	84.43	68.94	18.11	81.49	31.14	81.5	104.0	0.0	43.0	73.06	43.83	46.62	40.36	34.01
26	20.81	58.42	52.55	15.81	98.41	36.01	81.02	62.29	29.27	20.62	79.81	84.34	89.84	65.8	81.84	56.72	75.6	89.32	81.58	34.41	48.47	82.28	68.01	96.25	80.99	43.0	0.0	83.24	40.25	41.23	34.0	42.45
27	83.49	36.25	63.69	81.91	20.62	74.11	73.01	70.52	56.85	62.77	33.24	26.93	67.27	59.84	14.21	83.55	33.6	73.68	25.0	75.0	55.23	18.03	55.46	14.42	68.07	73.06	83.24	0.0	43.05	42.44	49.24	43.42
28	42.44	24.6	39.22	41.11	59.4	41.15	63.6	53.25	15.65	19.72	46.84	47.1	66.6	45.8	43.28	58.9	43.17	69.35	44.05	38.83	32.45	43.29	47.8	56.4	60.96	43.83	40.25	43.05	0.0	2.83	6.32	12.08
29	42.01	21.93	36.69	43.01	59.46	43.83	60.8	56.04	15.0	20.62	48.27	45.01	63.78	43.01	43.6	61.72	44.72	66.53	42.0	37.36	35.23	41.59	50.29	56.08	58.14	46.62	41.23	42.44	2.83	0.0	8.0	14.76
30	37.59	29.41	39.82	35.01	65.12	36.89	65.86	51.88	12.04	13.6	50.7	53.01	70.0	48.1	48.8	55.87	46.82	72.18	50.0	36.06	31.38	49.5	48.51	62.43	63.66	40.36	34.0	49.24	6.32	8.0	0.0	13.04
31	49.77	34.83	51.26	38.63	56.3	32.76	75.45	41.4	25.08	24.19	38.47	53.85	77.78	57.69	39.66	48.26	34.44	80.92	50.7	49.09	20.62	48.37	35.9	55.04	72.62	34.01	42.45	43.42	12.08	14.76	13.04	0.0
;
