set K:= 1	2	3	4;
set C_H:= 1	2	3	4	5	6	7	8;
set C_S:= 9	10	11	12	13	14	15;
set C_F:= 16	17	18	19	20	21	22;
set M:= 23	24	25	26;
set M_B:= 27	28	29	30;
set L_B:= 31	32	33	34;
set A1:=
(0,*) 1 2 3 4 5 6 7 8 16 17 18 19 20 21 22 23 24 25 26 27 28 29 30 31 32 33 34
(1,*) 0 2 3 4 5 6 7 8 16 17 18 19 20 21 22 23 24 25 26 27 28 29 30 31 32 33 34
(2,*) 0 1 3 4 5 6 7 8 16 17 18 19 20 21 22 23 24 25 26 27 28 29 30 31 32 33 34
(3,*) 0 1 2 4 5 6 7 8 16 17 18 19 20 21 22 23 24 25 26 27 28 29 30 31 32 33 34
(4,*) 0 1 2 3 5 6 7 8 16 17 18 19 20 21 22 23 24 25 26 27 28 29 30 31 32 33 34
(5,*) 0 1 2 3 4 6 7 8 16 17 18 19 20 21 22 23 24 25 26 27 28 29 30 31 32 33 34
(6,*) 0 1 2 3 4 5 7 8 16 17 18 19 20 21 22 23 24 25 26 27 28 29 30 31 32 33 34
(7,*) 0 1 2 3 4 5 6 8 16 17 18 19 20 21 22 23 24 25 26 27 28 29 30 31 32 33 34
(8,*) 0 1 2 3 4 5 6 7 16 17 18 19 20 21 22 23 24 25 26 27 28 29 30 31 32 33 34
(16,*) 0 1 2 3 4 5 6 7 8 17 18 19 20 21 22 23 24 25 26 27 28 29 30 31 32 33 34
(17,*) 0 1 2 3 4 5 6 7 8 16 18 19 20 21 22 23 24 25 26 27 28 29 30 31 32 33 34
(18,*) 0 1 2 3 4 5 6 7 8 16 17 19 20 21 22 23 24 25 26 27 28 29 30 31 32 33 34
(19,*) 0 1 2 3 4 5 6 7 8 16 17 18 20 21 22 23 24 25 26 27 28 29 30 31 32 33 34
(20,*) 0 1 2 3 4 5 6 7 8 16 17 18 19 21 22 23 24 25 26 27 28 29 30 31 32 33 34
(21,*) 0 1 2 3 4 5 6 7 8 16 17 18 19 20 22 23 24 25 26 27 28 29 30 31 32 33 34
(22,*) 0 1 2 3 4 5 6 7 8 16 17 18 19 20 21 23 24 25 26 27 28 29 30 31 32 33 34
(23,*) 0 1 2 3 4 5 6 7 8 16 17 18 19 20 21 22 24 25 26 27 28 29 30 31 32 33 34
(24,*) 0 1 2 3 4 5 6 7 8 16 17 18 19 20 21 22 23 25 26 27 28 29 30 31 32 33 34
(25,*) 0 1 2 3 4 5 6 7 8 16 17 18 19 20 21 22 23 24 26 27 28 29 30 31 32 33 34
(26,*) 0 1 2 3 4 5 6 7 8 16 17 18 19 20 21 22 23 24 25 27 28 29 30 31 32 33 34
(27,*) 0 1 2 3 4 5 6 7 8 16 17 18 19 20 21 22 23 24 25 26 28 29 30 31 32 33 34
(28,*) 0 1 2 3 4 5 6 7 8 16 17 18 19 20 21 22 23 24 25 26 27 29 30 31 32 33 34
(29,*) 0 1 2 3 4 5 6 7 8 16 17 18 19 20 21 22 23 24 25 26 27 28 30 31 32 33 34
(30,*) 0 1 2 3 4 5 6 7 8 16 17 18 19 20 21 22 23 24 25 26 27 28 29 31 32 33 34
(31,*) 0 1 2 3 4 5 6 7 8 16 17 18 19 20 21 22 23 24 25 26 27 28 29 30 32 33 34
(32,*) 0 1 2 3 4 5 6 7 8 16 17 18 19 20 21 22 23 24 25 26 27 28 29 30 31 33 34
(33,*) 0 1 2 3 4 5 6 7 8 16 17 18 19 20 21 22 23 24 25 26 27 28 29 30 31 32 34
(34,*) 0 1 2 3 4 5 6 7 8 16 17 18 19 20 21 22 23 24 25 26 27 28 29 30 31 32 33
;
set A2:=
(23,*) 24
(24,*) 23
(25,*) 26
(26,*) 25
;
param BigM:=99999;
param n:= 4;
param d:=
1	12
2	4
3	24
4	14
5	24
6	6
7	18
8	16
9	21
10	16
11	19
12	8
13	16
14	1
15	8
16	20
17	6
18	3
19	2
20	22
21	9
22	24
;
param Q:=100;
param w:=
[23,*] 24 0.1
[24,*] 23 0.1
[25,*] 26 0.1
[26,*] 25 0.1
;
param V:=
[23,*] 24 100
[24,*] 23 100
[25,*] 26 97
[26,*] 25 97
;
param e:
	23	24	25	26	27	28	29	30	31	32	33	34:=
9		0		0		1		0		0		0		1		0		0		0		1		0	
10		0		0		1		0		0		0		1		0		0		1		0		0	
11		0		1		0		0		0		1		0		0		0		1		0		0	
12		1		0		0		0		1		0		0		0		1		0		0		0	
13		0		1		0		0		0		1		0		0		0		0		1		0	
14		0		1		0		0		0		1		0		0		0		1		0		0	
15		1		0		0		1		1		0		0		1		1		0		0		0	
16		1		0		0		1		1		0		0		1		1		0		1		1	
17		0		1		0		0		0		1		0		0		1		0		0		0	
18		1		0		0		0		1		0		0		0		1		1		1		1	
19		1		0		0		0		1		0		0		0		0		1		0		0	
20		0		0		0		1		0		0		0		1		1		0		0		0	
21		0		0		1		0		0		0		1		0		0		1		0		0	
22		1		0		0		0		1		0		0		0		1		1		1		1	
;
param p:=
1	3
2	3
3	3
4	3
;
param G:=
23	88
24	100
25	97
26	82
27	88
28	100
29	97
30	82
31	96
32	93
33	76
34	83
;
param s:=
0	0
1	10
2	10
3	10
4	10
5	10
6	10
7	10
8	10
16	10
17	10
18	10
19	10
20	10
21	10
22	10
23	10
24	10
25	10
26	10
27	10
28	10
29	10
30	10
31	10
32	10
33	10
34	10
;
param t:
	0	1	2	3	4	5	6	7	8	9	10	11	12	13	14	15	16	17	18	19	20	21	22	23	24	25	26	27	28	29	30	31	32	33	34:=
0	0.0	51.88	84.17	75.96	16.28	73.82	85.6	25.71	37.05	28.84	51.04	97.58	36.24	88.14	76.84	79.23	25.96	75.58	27.02	21.1	81.74	72.78	25.24	20.81	83.49	64.94	61.19	20.81	83.49	64.94	61.19	40.46	51.87	44.6	46.04
1	51.88	0.0	54.34	83.01	40.36	44.2	44.41	36.62	27.51	45.65	26.48	50.54	63.51	56.72	39.05	75.69	39.01	23.77	29.15	33.3	66.89	47.17	32.14	58.42	36.25	39.36	68.26	58.42	36.25	39.36	68.26	21.19	25.5	18.36	24.41
2	84.17	54.34	0.0	55.15	82.0	96.25	20.12	83.49	79.06	93.54	80.81	35.9	68.01	4.24	17.2	40.05	58.59	55.61	58.52	76.12	23.35	100.09	59.46	75.6	33.6	92.97	49.04	75.6	33.6	92.97	49.04	46.69	34.37	44.18	39.81
3	75.96	83.01	55.15	0.0	84.53	126.06	73.17	91.42	94.81	99.73	103.97	90.09	41.19	58.42	65.76	16.16	55.57	97.58	64.4	82.49	32.98	128.0	62.68	56.72	83.55	119.5	15.81	56.72	83.55	119.5	15.81	63.03	58.31	64.82	58.6
4	16.28	40.36	82.0	84.53	0.0	57.56	79.61	9.49	21.02	15.26	35.01	89.4	48.1	85.62	71.69	84.9	29.41	63.25	24.02	7.07	84.15	56.52	24.08	34.41	75.0	48.66	68.94	34.41	75.0	48.66	68.94	35.44	47.8	38.63	42.2
5	73.82	44.2	96.25	126.06	57.56	0.0	81.74	48.26	37.11	49.25	23.77	80.1	99.74	97.86	79.48	119.75	75.18	44.28	64.5	53.6	110.94	5.39	67.12	89.49	69.05	9.0	110.75	89.49	69.05	9.0	110.75	63.03	69.66	61.52	67.9
6	85.6	44.41	20.12	73.17	79.61	81.74	0.0	78.77	71.59	88.54	70.01	17.03	77.83	19.21	9.43	59.03	62.24	38.48	58.6	72.92	43.01	86.12	60.44	81.84	14.21	79.91	64.5	81.84	14.21	79.91	64.5	45.22	33.97	41.34	39.7
7	25.71	36.62	83.49	91.42	9.49	48.26	78.77	0.0	12.65	10.05	26.31	86.95	56.64	86.83	71.57	90.48	35.85	58.05	28.16	8.94	88.12	47.07	29.15	43.57	72.56	39.32	75.66	43.57	72.56	39.32	75.66	37.01	49.16	39.32	44.01
8	37.05	27.51	79.06	94.81	21.02	37.11	71.59	12.65	0.0	19.1	14.0	77.88	63.81	82.0	65.38	91.71	40.36	46.75	30.48	16.49	86.98	36.77	32.53	52.55	63.69	28.46	79.03	52.55	63.69	28.46	79.03	34.79	45.71	35.69	41.48
9	28.84	45.65	93.54	99.73	15.26	49.25	88.54	10.05	19.1	0.0	30.41	96.18	63.13	96.88	81.49	99.62	44.38	65.86	37.66	18.25	97.87	47.0	38.33	48.84	81.84	40.31	84.1	48.84	81.84	40.31	84.1	47.04	59.21	49.37	54.04
10	51.04	26.48	80.81	103.97	35.01	23.77	70.01	26.31	14.0	30.41	0.0	73.25	76.03	83.19	65.38	99.05	51.62	38.91	41.05	30.27	92.14	24.41	43.57	65.8	59.84	15.81	88.39	65.8	59.84	15.81	88.39	41.4	50.09	40.82	47.17
11	97.58	50.54	35.9	90.09	89.4	80.1	17.03	86.95	77.88	96.18	73.25	0.0	93.62	33.84	25.71	75.66	76.03	36.01	70.77	82.42	59.23	85.02	73.0	96.25	14.42	80.16	81.5	96.25	14.42	80.16	81.5	57.38	47.71	53.08	53.01
12	36.24	63.51	68.01	41.19	48.1	99.74	77.83	56.64	63.81	63.13	76.03	93.62	0.0	72.25	68.43	48.27	25.0	85.01	35.74	48.41	56.44	100.24	32.89	15.81	81.91	91.71	28.44	15.81	81.91	91.71	28.44	43.01	47.3	47.01	43.42
13	88.14	56.72	4.24	58.42	85.62	97.86	19.21	86.83	82.0	96.88	83.19	33.84	72.25	0.0	18.38	43.01	62.65	56.3	62.3	79.62	26.02	101.84	63.32	79.81	33.24	94.92	52.92	79.81	33.24	94.92	52.92	50.22	37.85	47.52	43.42
14	76.84	39.05	17.2	65.76	71.69	79.48	9.43	71.57	65.38	81.49	65.38	25.71	68.43	18.38	0.0	52.5	53.04	38.42	49.93	65.19	37.59	83.49	51.61	72.47	18.03	76.66	56.08	72.47	18.03	76.66	56.08	36.72	25.0	33.11	30.81
15	79.23	75.69	40.05	16.16	84.9	119.75	59.03	90.48	91.71	99.62	99.05	75.66	48.27	43.01	52.5	0.0	55.54	87.13	62.39	81.6	17.12	122.29	61.35	62.29	70.52	114.02	19.92	62.29	70.52	114.02	19.92	57.69	50.21	58.41	52.01
16	25.96	39.01	58.59	55.57	29.41	75.18	62.24	35.85	40.36	44.38	51.62	76.03	25.0	62.65	53.04	55.54	0.0	61.52	10.77	26.93	56.14	76.01	8.06	20.62	62.77	67.42	39.82	20.62	62.77	67.42	39.82	19.92	28.43	24.35	23.02
17	75.58	23.77	55.61	97.58	63.25	44.28	38.48	58.05	46.75	65.86	38.91	36.01	85.01	56.3	38.42	87.13	61.52	0.0	52.39	56.3	74.52	49.09	55.32	81.58	25.0	44.18	84.43	81.58	25.0	44.18	84.43	42.05	40.26	38.0	42.3
18	27.02	29.15	58.52	64.4	24.02	64.5	58.6	28.16	30.48	37.66	41.05	70.77	35.74	62.3	49.93	62.39	10.77	52.39	0.0	19.42	60.3	65.46	3.0	29.27	56.85	56.86	48.6	29.27	56.85	56.86	48.6	13.45	25.06	17.69	19.24
19	21.1	33.3	76.12	82.49	7.07	53.6	72.92	8.94	16.49	18.25	30.27	82.42	48.41	79.62	65.19	81.6	26.93	56.3	19.42	0.0	79.63	53.14	20.25	36.25	68.01	44.92	66.73	36.25	68.01	44.92	66.73	29.43	41.77	32.28	36.35
20	81.74	66.89	23.35	32.98	84.15	110.94	43.01	88.12	86.98	97.87	92.14	59.23	56.44	26.02	37.59	17.12	56.14	74.52	60.3	79.63	0.0	114.06	60.07	68.01	55.46	106.17	31.14	68.01	55.46	106.17	31.14	52.2	42.05	51.62	45.54
21	72.78	47.17	100.09	128.0	56.52	5.39	86.12	47.07	36.77	47.0	24.41	85.02	100.24	101.84	83.49	122.29	76.01	49.09	65.46	53.14	114.06	0.0	67.96	89.32	73.68	8.6	112.54	89.32	73.68	8.6	112.54	65.07	72.42	63.89	70.29
22	25.24	32.14	59.46	62.68	24.08	67.12	60.44	29.15	32.53	38.33	43.57	73.0	32.89	63.32	51.61	61.35	8.06	55.32	3.0	20.25	60.07	67.96	0.0	26.31	59.2	59.36	46.87	26.31	59.2	59.36	46.87	15.62	26.63	20.0	20.81
23	20.81	58.42	75.6	56.72	34.41	89.49	81.84	43.57	52.55	48.84	65.8	96.25	15.81	79.81	72.47	62.29	20.62	81.58	29.27	36.25	68.01	89.32	26.31	0.0	83.24	80.99	43.0	0.0	83.24	80.99	43.0	40.5	48.55	44.94	43.42
24	83.49	36.25	33.6	83.55	75.0	69.05	14.21	72.56	63.69	81.84	59.84	14.42	81.91	33.24	18.03	70.52	62.77	25.0	56.85	68.01	55.46	73.68	59.2	83.24	0.0	68.07	73.06	83.24	0.0	68.07	73.06	43.6	34.93	39.2	39.82
25	64.94	39.36	92.97	119.5	48.66	9.0	79.91	39.32	28.46	40.31	15.81	80.16	91.71	94.92	76.66	114.02	67.42	44.18	56.86	44.92	106.17	8.6	59.36	80.99	68.07	0.0	104.0	80.99	68.07	0.0	104.0	56.64	64.35	55.61	62.01
26	61.19	68.26	49.04	15.81	68.94	110.75	64.5	75.66	79.03	84.1	88.39	81.5	28.44	52.92	56.08	19.92	39.82	84.43	48.6	66.73	31.14	112.54	46.87	43.0	73.06	104.0	0.0	43.0	73.06	104.0	0.0	47.8	44.38	49.93	43.91
27	20.81	58.42	75.6	56.72	34.41	89.49	81.84	43.57	52.55	48.84	65.8	96.25	15.81	79.81	72.47	62.29	20.62	81.58	29.27	36.25	68.01	89.32	26.31	0.0	83.24	80.99	43.0	0.0	83.24	80.99	43.0	40.5	48.55	44.94	43.42
28	83.49	36.25	33.6	83.55	75.0	69.05	14.21	72.56	63.69	81.84	59.84	14.42	81.91	33.24	18.03	70.52	62.77	25.0	56.85	68.01	55.46	73.68	59.2	83.24	0.0	68.07	73.06	83.24	0.0	68.07	73.06	43.6	34.93	39.2	39.82
29	64.94	39.36	92.97	119.5	48.66	9.0	79.91	39.32	28.46	40.31	15.81	80.16	91.71	94.92	76.66	114.02	67.42	44.18	56.86	44.92	106.17	8.6	59.36	80.99	68.07	0.0	104.0	80.99	68.07	0.0	104.0	56.64	64.35	55.61	62.01
30	61.19	68.26	49.04	15.81	68.94	110.75	64.5	75.66	79.03	84.1	88.39	81.5	28.44	52.92	56.08	19.92	39.82	84.43	48.6	66.73	31.14	112.54	46.87	43.0	73.06	104.0	0.0	43.0	73.06	104.0	0.0	47.8	44.38	49.93	43.91
31	40.46	21.19	46.69	63.03	35.44	63.03	45.22	37.01	34.79	47.04	41.4	57.38	43.01	50.22	36.72	57.69	19.92	42.05	13.45	29.43	52.2	65.07	15.62	40.5	43.6	56.64	47.8	40.5	43.6	56.64	47.8	0.0	12.37	4.47	7.0
32	51.87	25.5	34.37	58.31	47.8	69.66	33.97	49.16	45.71	59.21	50.09	47.71	47.3	37.85	25.0	50.21	28.43	40.26	25.06	41.77	42.05	72.42	26.63	48.55	34.93	64.35	44.38	48.55	34.93	64.35	44.38	12.37	0.0	10.05	5.83
33	44.6	18.36	44.18	64.82	38.63	61.52	41.34	39.32	35.69	49.37	40.82	53.08	47.01	47.52	33.11	58.41	24.35	38.0	17.69	32.28	51.62	63.89	20.0	44.94	39.2	55.61	49.93	44.94	39.2	55.61	49.93	4.47	10.05	0.0	6.4
34	46.04	24.41	39.81	58.6	42.2	67.9	39.7	44.01	41.48	54.04	47.17	53.01	43.42	43.42	30.81	52.01	23.02	42.3	19.24	36.35	45.54	70.29	20.81	43.42	39.82	62.01	43.91	43.42	39.82	62.01	43.91	7.0	5.83	6.4	0.0
;
