vehicles
vehicle_idx, capacity, cost_per_unit_distance
1,100,3
2,100,3
3,100,3
4,100,3
depot
node_idx,x,y
0,82,76
home delivery customers
node_idx,x,y,service_time,demand
1,88,51,10,18
2,91,2,10,19
3,85,60,10,14
4,42,9,10,8
5,98,14,10,12
6,84,25,10,16
7,19,32,10,1
8,98,52,10,21
self pickup customers
node_idx,x,y,service_time,demand,locker_idxs
9,61,62,10,24,28
10,5,10,10,14,24
11,2,39,10,16,24
12,5,42,10,4,24
13,14,24,10,6,24
14,93,3,10,24,25
15,29,89,10,7,26-23
flexible customers
node_idx,x,y,service_time,demand,locker_idxs
16,13,7,10,19,24
17,20,70,10,2,26
18,9,97,10,24,26
19,3,82,10,8,26
20,50,93,10,8,23
21,61,59,10,3,30-27-28
22,84,39,10,16,25
lockers
node_idx,x,y,service_time,capacity,cost_per_unit_good
23,65,88,10,100
24,25,15,10,91
25,93,12,10,100
26,22,88,10,81
27,55,50,10,93
28,49,50,10,76
29,43,35,10,95
30,53,61,10,77
mrt lines
start_node_idx,end_node_idx,freight_capacity,cost_per_unit_good
0,1,100,0.1
1,0,100,0.1
distance matrix
,0,1,2,3,4,5,6,7,8,9,10,11,12,13,14,15,16,17,18,19,20,21,22,23,24,25,26,27,28,29,30,
0,0.0,25.71,74.55,16.28,78.03,64.03,51.04,76.84,28.84,25.24,101.41,88.14,84.17,85.6,73.82,54.57,97.58,62.29,75.96,79.23,36.24,27.02,37.05,20.81,83.49,64.94,61.19,37.48,42.01,56.59,32.65
1,25.71,0.0,49.09,9.49,62.29,38.33,26.31,71.57,10.05,29.15,92.57,86.83,83.49,78.77,48.26,70.18,86.95,70.6,91.42,90.48,56.64,28.16,12.65,43.57,72.56,39.32,75.66,33.02,39.01,47.76,36.4
2,74.55,49.09,0.0,58.31,49.5,13.89,24.04,78.0,50.49,67.08,86.37,96.38,94.85,80.08,2.24,106.83,78.16,98.31,125.5,118.93,99.81,64.41,37.66,89.84,67.27,10.2,110.26,60.0,63.78,58.25,70.18
3,16.28,9.49,58.31,0.0,66.71,47.8,35.01,71.69,15.26,24.08,94.34,85.62,82.0,79.61,57.56,63.06,89.4,65.76,84.53,84.9,48.1,24.02,21.02,34.41,75.0,48.66,68.94,31.62,37.36,48.88,32.02
4,78.03,62.29,49.5,66.71,0.0,56.22,44.94,32.53,70.6,56.3,37.01,50.0,49.58,31.76,51.35,81.05,29.07,64.85,93.98,82.76,84.38,53.49,51.61,82.28,18.03,51.09,81.49,43.01,41.59,26.02,53.15
5,64.03,38.33,13.89,47.8,56.22,0.0,17.8,81.02,38.0,60.61,93.09,99.2,97.12,84.59,12.08,101.91,85.29,96.02,121.7,116.83,92.44,58.26,28.65,81.02,73.01,5.39,106.08,56.08,60.8,58.87,65.07
6,51.04,26.31,24.04,35.01,44.94,17.8,0.0,65.38,30.41,43.57,80.41,83.19,80.81,70.01,23.77,84.39,73.25,78.24,103.97,99.05,76.03,41.05,14.0,65.8,59.84,15.81,88.39,38.29,43.01,42.2,47.51
7,76.84,71.57,78.0,71.69,32.53,81.02,65.38,0.0,81.49,51.61,26.08,18.38,17.2,9.43,79.48,57.87,25.71,38.01,65.76,52.5,68.43,49.93,65.38,72.47,18.03,76.66,56.08,40.25,34.99,24.19,44.69
8,28.84,10.05,50.49,15.26,70.6,38.0,30.41,81.49,0.0,38.33,102.04,96.88,93.54,88.54,49.25,78.29,96.18,80.05,99.73,99.62,63.13,37.66,19.1,48.84,81.84,40.31,84.1,43.05,49.04,57.57,45.89
9,25.24,29.15,67.08,24.08,56.3,60.61,43.57,51.61,38.33,0.0,76.42,63.32,59.46,60.44,67.12,41.87,73.0,41.77,62.68,61.35,32.89,3.0,32.53,26.31,59.2,59.36,46.87,13.42,16.97,32.45,8.06
10,101.41,92.57,86.37,94.34,37.01,93.09,80.41,26.08,102.04,76.42,0.0,29.15,32.0,16.64,88.28,82.57,8.54,61.85,87.09,72.03,94.41,74.41,84.15,98.41,20.62,88.02,79.83,64.03,59.46,45.49,70.04
11,88.14,86.83,96.38,85.62,50.0,99.2,83.19,18.38,96.88,63.32,29.15,0.0,4.24,19.21,97.86,56.82,33.84,35.85,58.42,43.01,72.25,62.3,82.0,79.81,33.24,94.92,52.92,54.13,48.27,41.19,55.54
12,84.17,83.49,94.85,82.0,49.58,97.12,80.81,17.2,93.54,59.46,32.0,4.24,0.0,20.12,96.25,52.77,35.9,31.76,55.15,40.05,68.01,58.52,79.06,75.6,33.6,92.97,49.04,50.64,44.72,38.64,51.62
13,85.6,78.77,80.08,79.61,31.76,84.59,70.01,9.43,88.54,60.44,16.64,19.21,20.12,0.0,81.74,66.71,17.03,46.39,73.17,59.03,77.83,58.6,71.59,81.84,14.21,79.91,64.5,48.55,43.6,31.02,53.76
14,73.82,48.26,2.24,57.56,51.35,12.08,23.77,79.48,49.25,67.12,88.28,97.86,96.25,81.74,0.0,107.2,80.1,99.09,126.06,119.75,99.74,64.5,37.11,89.49,69.05,9.0,110.75,60.44,64.38,59.36,70.46
15,54.57,70.18,106.83,63.06,81.05,101.91,84.39,57.87,78.29,41.87,82.57,56.82,52.77,66.71,107.2,0.0,83.55,21.02,21.54,26.93,21.38,43.86,74.33,36.01,74.11,100.12,7.07,46.87,43.83,55.79,36.88
16,97.58,86.95,78.16,89.4,29.07,85.29,73.25,25.71,96.18,73.0,8.54,33.84,35.9,17.03,80.1,83.55,0.0,63.39,90.09,75.66,93.62,70.77,77.88,96.25,14.42,80.16,81.5,60.11,56.08,41.04,67.2
17,62.29,70.6,98.31,65.76,64.85,96.02,78.24,38.01,80.05,41.77,61.85,35.85,31.76,46.39,99.09,21.02,63.39,0.0,29.15,20.81,37.8,42.45,71.11,48.47,55.23,93.24,18.11,40.31,35.23,41.88,34.21
18,75.96,91.42,125.5,84.53,93.98,121.7,103.97,65.76,99.73,62.68,87.09,58.42,55.15,73.17,126.06,21.54,90.09,29.15,0.0,16.16,41.19,64.4,94.81,56.72,83.55,119.5,15.81,65.76,61.72,70.71,56.85
19,79.23,90.48,118.93,84.9,82.76,116.83,99.05,52.5,99.62,61.35,72.03,43.01,40.05,59.03,119.75,26.93,75.66,20.81,16.16,0.0,48.27,62.39,91.71,62.29,70.52,114.02,19.92,61.06,56.04,61.72,54.23
20,36.24,56.64,99.81,48.1,84.38,92.44,76.03,68.43,63.13,32.89,94.41,72.25,68.01,77.83,99.74,21.38,93.62,37.8,41.19,48.27,0.0,35.74,63.81,15.81,81.91,91.71,28.44,43.29,43.01,58.42,32.14
21,27.02,28.16,64.41,24.02,53.49,58.26,41.05,49.93,37.66,3.0,74.41,62.3,58.52,58.6,64.5,43.86,70.77,42.45,64.4,62.39,35.74,0.0,30.48,29.27,56.85,56.86,48.6,10.82,15.0,30.0,8.25
22,37.05,12.65,37.66,21.02,51.61,28.65,14.0,65.38,19.1,32.53,84.15,82.0,79.06,71.59,37.11,74.33,77.88,71.11,94.81,91.71,63.81,30.48,0.0,52.55,63.69,28.46,79.03,31.02,36.69,41.19,38.01
23,20.81,43.57,89.84,34.41,82.28,81.02,65.8,72.47,48.84,26.31,98.41,79.81,75.6,81.84,89.49,36.01,96.25,48.47,56.72,62.29,15.81,29.27,52.55,0.0,83.24,80.99,43.0,39.29,41.23,57.38,29.55
24,83.49,72.56,67.27,75.0,18.03,73.01,59.84,18.03,81.84,59.2,20.62,33.24,33.6,14.21,69.05,74.11,14.42,55.23,83.55,70.52,81.91,56.85,63.69,83.24,0.0,68.07,73.06,46.1,42.44,26.91,53.85
25,64.94,39.32,10.2,48.66,51.09,5.39,15.81,76.66,40.31,59.36,88.02,94.92,92.97,79.91,9.0,100.12,80.16,93.24,119.5,114.02,91.71,56.86,28.46,80.99,68.07,0.0,104.0,53.74,58.14,55.04,63.25
26,61.19,75.66,110.26,68.94,81.49,106.08,88.39,56.08,84.1,46.87,79.83,52.92,49.04,64.5,110.75,7.07,81.5,18.11,15.81,19.92,28.44,48.6,79.03,43.0,73.06,104.0,0.0,50.33,46.62,57.01,41.11
27,37.48,33.02,60.0,31.62,43.01,56.08,38.29,40.25,43.05,13.42,64.03,54.13,50.64,48.55,60.44,46.87,60.11,40.31,65.76,61.06,43.29,10.82,31.02,39.29,46.1,53.74,50.33,0.0,6.0,19.21,11.18
28,42.01,39.01,63.78,37.36,41.59,60.8,43.01,34.99,49.04,16.97,59.46,48.27,44.72,43.6,64.38,43.83,56.08,35.23,61.72,56.04,43.01,15.0,36.69,41.23,42.44,58.14,46.62,6.0,0.0,16.16,11.7
29,56.59,47.76,58.25,48.88,26.02,58.87,42.2,24.19,57.57,32.45,45.49,41.19,38.64,31.02,59.36,55.79,41.04,41.88,70.71,61.72,58.42,30.0,41.19,57.38,26.91,55.04,57.01,19.21,16.16,0.0,27.86
30,32.65,36.4,70.18,32.02,53.15,65.07,47.51,44.69,45.89,8.06,70.04,55.54,51.62,53.76,70.46,36.88,67.2,34.21,56.85,54.23,32.14,8.25,38.01,29.55,53.85,63.25,41.11,11.18,11.7,27.86,0.0
