vehicles
vehicle_idx, capacity, cost_per_unit_distance
1,100,3
2,100,3
3,100,3
4,100,3
depot
node_idx,x,y
0,82,76
home delivery customers
node_idx,x,y,service_time,demand
1,14,24,10,6
2,84,39,10,16
3,19,32,10,1
4,98,5,10,9
5,5,42,10,4
6,29,89,10,7
7,84,25,10,16
8,5,10,10,14
9,50,93,10,8
self pickup customers
node_idx,x,y,service_time,demand,locker_idxs
10,96,44,10,19,29-24
11,93,3,10,24,28-24
12,23,15,10,15,29-24
13,42,9,10,8,28-24
14,57,69,10,20,27-25
15,3,82,10,8,26-25
16,49,8,10,6,28-24-25
flexible customers
node_idx,x,y,service_time,demand,locker_idxs
17,88,51,10,18,29-24-25
18,80,55,10,2,27-24
19,61,59,10,3,26-28-27-25-24
20,61,62,10,24,26-27-25
21,2,39,10,16,29-25-24
22,50,5,10,21,28-24
23,20,70,10,2,27-25
lockers
node_idx,x,y,service_time,capacity,cost_per_unit_good
24,93,12,10,73
25,22,88,10,75
26,50,52,10,99
27,61,57,10,84
28,60,33,10,77
29,34,39,10,73
mrt lines
start_node_idx,end_node_idx,freight_capacity,cost_per_unit_good
24,25,75,0.5
25,24,75,0.5
distance matrix
,0,1,2,3,4,5,6,7,8,9,10,11,12,13,14,15,16,17,18,19,20,21,22,23,24,25,26,27,28,29,
0,0.0,85.6,37.05,76.84,72.78,84.17,54.57,51.04,101.41,36.24,34.93,73.82,84.86,78.03,25.96,79.23,75.58,25.71,21.1,27.02,25.24,88.14,77.88,62.29,64.94,61.19,40.0,28.32,48.3,60.61
1,85.6,0.0,71.59,9.43,86.12,20.12,66.71,70.01,16.64,77.83,84.4,81.74,12.73,31.76,62.24,59.03,38.48,78.77,72.92,58.6,60.44,19.21,40.71,46.39,79.91,64.5,45.61,57.43,46.87,25.0
2,37.05,71.59,0.0,65.38,36.77,79.06,74.33,14.0,84.15,63.81,13.0,37.11,65.55,51.61,40.36,91.71,46.75,12.65,16.49,30.48,32.53,82.0,48.08,71.11,28.46,79.03,36.4,29.21,24.74,50.0
3,76.84,9.43,65.38,0.0,83.49,17.2,57.87,65.38,26.08,68.43,77.93,79.48,17.46,32.53,53.04,52.5,38.42,71.57,65.19,49.93,51.61,18.38,41.11,38.01,76.66,56.08,36.89,48.88,41.01,16.55
4,72.78,86.12,36.77,83.49,0.0,100.09,108.71,24.41,93.13,100.24,39.05,5.39,75.66,56.14,76.01,122.29,49.09,47.07,53.14,65.46,67.96,101.84,48.0,101.53,8.6,112.54,67.18,63.82,47.2,72.47
5,84.17,20.12,79.06,17.2,100.09,0.0,52.77,80.81,32.0,68.01,91.02,96.25,32.45,49.58,58.59,40.05,55.61,83.49,76.12,58.52,59.46,4.24,58.26,31.76,92.97,49.04,46.1,57.97,55.73,29.15
6,54.57,66.71,74.33,57.87,108.71,52.77,0.0,84.39,82.57,21.38,80.71,107.2,74.24,81.05,34.41,26.93,83.43,70.18,61.29,43.86,41.87,56.82,86.59,21.02,100.12,7.07,42.54,45.25,64.01,50.25
7,51.04,70.01,14.0,65.38,24.41,80.81,84.39,0.0,80.41,76.03,22.47,23.77,61.81,44.94,51.62,99.05,38.91,26.31,30.27,41.05,43.57,83.19,39.45,78.24,15.81,88.39,43.42,39.41,25.3,51.92
8,101.41,16.64,84.15,26.08,93.13,32.0,82.57,80.41,0.0,94.41,97.14,88.28,18.68,37.01,78.64,72.03,44.05,92.57,87.46,74.41,76.42,29.15,45.28,61.85,88.02,79.83,61.55,73.11,59.62,41.01
9,36.24,77.83,63.81,68.43,100.24,68.01,21.38,76.03,94.41,0.0,67.21,99.74,82.54,84.38,25.0,48.27,85.01,56.64,48.41,35.74,32.89,72.25,88.0,37.8,91.71,28.44,41.0,37.64,60.83,56.32
10,34.93,84.4,13.0,77.93,39.05,91.02,80.71,22.47,97.14,67.21,0.0,41.11,78.55,64.35,46.32,100.46,59.2,10.63,19.42,38.08,39.36,94.13,60.31,80.32,32.14,86.09,46.69,37.34,37.64,62.2
11,73.82,81.74,37.11,79.48,5.39,96.25,107.2,23.77,88.28,99.74,41.11,0.0,71.02,51.35,75.18,119.75,44.28,48.26,53.6,64.5,67.12,97.86,43.05,99.09,9.0,110.75,65.19,62.77,44.6,69.12
12,84.86,12.73,65.55,17.46,75.66,32.45,74.24,61.81,18.68,82.54,78.55,71.02,0.0,19.92,63.81,69.92,26.93,74.3,69.63,58.14,60.44,31.89,28.79,55.08,70.06,73.01,45.8,56.64,41.15,26.4
13,78.03,31.76,51.61,32.53,56.14,49.58,81.05,44.94,37.01,84.38,64.35,51.35,19.92,0.0,61.85,82.76,7.07,62.29,59.67,53.49,56.3,50.0,8.94,64.85,51.09,81.49,43.74,51.62,30.0,31.05
14,25.96,62.24,40.36,53.04,76.01,58.59,34.41,51.62,78.64,25.0,46.32,75.18,63.81,61.85,0.0,55.54,61.52,35.85,26.93,10.77,8.06,62.65,64.38,37.01,67.42,39.82,18.38,12.65,36.12,37.8
15,79.23,59.03,91.71,52.5,122.29,40.05,26.93,99.05,72.03,48.27,100.46,119.75,69.92,82.76,55.54,0.0,87.13,90.48,81.6,62.39,61.35,43.01,90.21,20.81,114.02,19.92,55.76,63.16,75.17,53.01
16,75.58,38.48,46.75,38.42,49.09,55.61,83.43,38.91,44.05,85.01,59.2,44.28,26.93,7.07,61.52,87.13,0.0,58.05,56.3,52.39,55.32,56.3,3.16,68.45,44.18,84.43,44.01,50.45,27.31,34.44
17,25.71,78.77,12.65,71.57,47.07,83.49,70.18,26.31,92.57,56.64,10.63,48.26,74.3,62.29,35.85,90.48,58.05,0.0,8.94,28.16,29.15,86.83,59.67,70.6,39.32,75.66,38.01,27.66,33.29,55.32
18,21.1,72.92,16.49,65.19,53.14,76.12,61.29,30.27,87.46,48.41,19.42,53.6,69.63,59.67,26.93,81.6,56.3,8.94,0.0,19.42,20.25,79.62,58.31,61.85,44.92,66.73,30.15,19.1,29.73,48.7
19,27.02,58.6,30.48,49.93,65.46,58.52,43.86,41.05,74.41,35.74,38.08,64.5,58.14,53.49,10.77,62.39,52.39,28.16,19.42,0.0,3.0,62.3,55.11,42.45,56.86,48.6,13.04,2.0,26.02,33.6
20,25.24,60.44,32.53,51.61,67.96,59.46,41.87,43.57,76.42,32.89,39.36,67.12,60.44,56.3,8.06,61.35,55.32,29.15,20.25,3.0,0.0,63.32,58.05,41.77,59.36,46.87,14.87,5.0,29.02,35.47
21,88.14,19.21,82.0,18.38,101.84,4.24,56.82,83.19,29.15,72.25,94.13,97.86,31.89,50.0,62.65,43.01,56.3,86.83,79.62,62.3,63.32,0.0,58.82,35.85,94.92,52.92,49.73,61.68,58.31,32.0
22,77.88,40.71,48.08,41.11,48.0,58.26,86.59,39.45,45.28,88.0,60.31,43.05,28.79,8.94,64.38,90.21,3.16,59.67,58.31,55.11,58.05,58.82,0.0,71.59,43.57,87.6,47.0,53.15,29.73,37.58
23,62.29,46.39,71.11,38.01,101.53,31.76,21.02,78.24,61.85,37.8,80.32,99.09,55.08,64.85,37.01,20.81,68.45,70.6,61.85,42.45,41.77,35.85,71.59,0.0,93.24,18.11,34.99,43.01,54.49,34.01
24,64.94,79.91,28.46,76.66,8.6,92.97,100.12,15.81,88.02,91.71,32.14,9.0,70.06,51.09,67.42,114.02,44.18,39.32,44.92,56.86,59.36,94.92,43.57,93.24,0.0,104.0,58.73,55.22,39.12,64.88
25,61.19,64.5,79.03,56.08,112.54,49.04,7.07,88.39,79.83,28.44,86.09,110.75,73.01,81.49,39.82,19.92,84.43,75.66,66.73,48.6,46.87,52.92,87.6,18.11,104.0,0.0,45.61,49.82,66.85,50.45
26,40.0,45.61,36.4,36.89,67.18,46.1,42.54,43.42,61.55,41.0,46.69,65.19,45.8,43.74,18.38,55.76,44.01,38.01,30.15,13.04,14.87,49.73,47.0,34.99,58.73,45.61,0.0,12.08,21.47,20.62
27,28.32,57.43,29.21,48.88,63.82,57.97,45.25,39.41,73.11,37.64,37.34,62.77,56.64,51.62,12.65,63.16,50.45,27.66,19.1,2.0,5.0,61.68,53.15,43.01,55.22,49.82,12.08,0.0,24.02,32.45
28,48.3,46.87,24.74,41.01,47.2,55.73,64.01,25.3,59.62,60.83,37.64,44.6,41.15,30.0,36.12,75.17,27.31,33.29,29.73,26.02,29.02,58.31,29.73,54.49,39.12,66.85,21.47,24.02,0.0,26.68
29,60.61,25.0,50.0,16.55,72.47,29.15,50.25,51.92,41.01,56.32,62.2,69.12,26.4,31.05,37.8,53.01,34.44,55.32,48.7,33.6,35.47,32.0,37.58,34.01,64.88,50.45,20.62,32.45,26.68,0.0
