vehicles
vehicle_idx, capacity, cost_per_unit_distance
1,100,1
2,100,1
3,100,1
4,100,1
depot
node_idx,x,y
0,82,76
home delivery customers
node_idx,x,y,service_time,demand
1,9,97,10,24
2,5,10,10,14
3,84,25,10,16
4,58,30,10,12
5,91,2,10,19
6,1,65,10,22
7,42,9,10,8
8,29,89,10,7
self pickup customers
node_idx,x,y,service_time,demand,locker_idxs
9,85,60,10,14,29
10,14,24,10,6,26
11,57,69,10,20,32
12,3,82,10,8,28
13,96,44,10,19,27
14,50,5,10,21,30-26
15,98,52,10,21,27
16,20,70,10,2,28
flexible customers
node_idx,x,y,service_time,demand,locker_idxs
17,61,59,10,3,31-32-34-33
18,98,14,10,12,27-30
19,19,32,10,1,26
20,93,3,10,24,27-30
21,88,51,10,18,29
22,80,55,10,2,29
23,5,42,10,4,26
24,98,5,10,9,27
lockers
node_idx,x,y,service_time,capacity,cost_per_unit_good
25,65,88,10,73
26,25,15,10,78
27,93,12,10,70
28,22,88,10,82
29,77,88,10,73
30,72,14,10,98
31,45,40,10,74
32,42,69,10,76
33,49,52,10,87
34,48,52,10,90
mrt lines
start_node_idx,end_node_idx,freight_capacity,cost_per_unit_good
25,26,78,0.5
26,25,78,0.5
27,28,82,0.5
28,27,82,0.5
distance matrix
,0,1,2,3,4,5,6,7,8,9,10,11,12,13,14,15,16,17,18,19,20,21,22,23,24,25,26,27,28,29,30,31,32,33,34,
0,0.0,75.96,101.41,51.04,51.88,74.55,81.74,78.03,54.57,16.28,85.6,25.96,79.23,34.93,77.88,28.84,62.29,27.02,64.03,76.84,73.82,25.71,21.1,84.17,72.78,20.81,83.49,64.94,61.19,13.0,62.8,51.62,40.61,40.8,41.62
1,75.96,0.0,87.09,103.97,83.01,125.5,32.98,93.98,21.54,84.53,73.17,55.57,16.16,101.87,100.72,99.73,29.15,64.4,121.7,65.76,126.06,91.42,82.49,55.15,128.0,56.72,83.55,119.5,15.81,68.59,104.2,67.42,43.28,60.21,59.55
2,101.41,87.09,0.0,80.41,56.65,86.37,55.15,37.01,82.57,94.34,16.64,78.64,72.03,97.14,45.28,102.04,61.85,74.41,93.09,26.08,88.28,92.57,87.46,32.0,93.13,98.41,20.62,88.02,79.83,106.15,67.12,50.0,69.64,60.83,60.11
3,51.04,103.97,80.41,0.0,26.48,24.04,92.14,44.94,84.39,35.01,70.01,51.62,99.05,22.47,39.45,30.41,78.24,41.05,17.8,65.38,23.77,26.31,30.27,80.81,24.41,65.8,59.84,15.81,88.39,63.39,16.28,41.79,60.83,44.2,45.0
4,51.88,83.01,56.65,26.48,0.0,43.28,66.89,26.4,65.74,40.36,44.41,39.01,75.69,40.5,26.25,45.65,55.17,29.15,43.08,39.05,44.2,36.62,33.3,54.34,47.17,58.42,36.25,39.36,68.26,61.03,21.26,16.4,42.15,23.77,24.17
5,74.55,125.5,86.37,24.04,43.28,0.0,109.86,49.5,106.83,58.31,80.08,75.13,118.93,42.3,41.11,50.49,98.31,64.41,13.89,78.0,2.24,49.09,54.13,94.85,7.62,89.84,67.27,10.2,110.26,87.13,22.47,59.67,83.01,65.3,65.95
6,81.74,32.98,55.15,92.14,66.89,109.86,0.0,69.4,36.88,84.15,43.01,56.14,17.12,97.29,77.47,97.87,19.65,60.3,109.59,37.59,110.94,88.12,79.63,23.35,114.06,68.01,55.46,106.17,31.14,79.4,87.42,50.61,41.19,49.73,48.76
7,78.03,93.98,37.01,44.94,26.4,49.5,69.4,0.0,81.05,66.71,31.76,61.85,82.76,64.35,8.94,70.6,64.85,53.49,56.22,32.53,51.35,62.29,59.67,49.58,56.14,82.28,18.03,51.09,81.49,86.41,30.41,31.14,60.0,43.57,43.42
8,54.57,21.54,82.57,84.39,65.74,106.83,36.88,81.05,0.0,63.06,66.71,34.41,26.93,80.71,86.59,78.29,21.02,43.86,101.91,57.87,107.2,70.18,61.29,52.77,108.71,36.01,74.11,100.12,7.07,48.01,86.45,51.55,23.85,42.06,41.59
9,16.28,84.53,94.34,35.01,40.36,58.31,84.15,66.71,63.06,0.0,79.61,29.41,84.9,19.42,65.19,15.26,65.76,24.02,47.8,71.69,57.56,9.49,7.07,82.0,56.52,34.41,75.0,48.66,68.94,29.12,47.8,44.72,43.93,36.88,37.85
10,85.6,73.17,16.64,70.01,44.41,80.08,43.01,31.76,66.71,79.61,0.0,62.24,59.03,84.4,40.71,88.54,46.39,58.6,84.59,9.43,81.74,78.77,72.92,20.12,86.12,81.84,14.21,79.91,64.5,89.81,58.86,34.89,53.0,44.82,44.05
11,25.96,55.57,78.64,51.62,39.01,75.13,56.14,61.85,34.41,29.41,62.24,0.0,55.54,46.32,64.38,44.38,37.01,10.77,68.6,53.04,75.18,35.85,26.93,58.59,76.01,20.62,62.77,67.42,39.82,27.59,57.01,31.38,15.0,18.79,19.24
12,79.23,16.16,72.03,99.05,75.69,118.93,17.12,82.76,26.93,84.9,59.03,55.54,0.0,100.46,90.21,99.62,20.81,62.39,116.83,52.5,119.75,90.48,81.6,40.05,122.29,62.29,70.52,114.02,19.92,74.24,96.88,59.4,41.11,54.92,54.08
13,34.93,101.87,97.14,22.47,40.5,42.3,97.29,64.35,80.71,19.42,84.4,46.32,100.46,0.0,60.31,8.25,80.32,38.08,30.07,77.93,41.11,10.63,19.42,91.02,39.05,53.82,76.69,32.14,86.09,47.93,38.42,51.16,59.51,47.68,48.66
14,77.88,100.72,45.28,39.45,26.25,41.11,77.47,8.94,86.59,65.19,40.71,64.38,90.21,60.31,0.0,67.18,71.59,55.11,48.84,41.11,43.05,59.67,58.31,58.26,48.0,84.34,26.93,43.57,87.6,87.28,23.77,35.36,64.5,47.01,47.04
15,28.84,99.73,102.04,30.41,45.65,50.49,97.87,70.6,78.29,15.26,88.54,44.38,99.62,8.25,67.18,0.0,80.05,37.66,38.0,81.49,49.25,10.05,18.25,93.54,47.0,48.84,81.84,40.31,84.1,41.68,46.04,54.34,58.52,49.0,50.0
16,62.29,29.15,61.85,78.24,55.17,98.31,19.65,64.85,21.02,65.76,46.39,37.01,20.81,80.32,71.59,80.05,0.0,42.45,96.02,38.01,99.09,70.6,61.85,31.76,101.53,48.47,55.23,93.24,18.11,59.77,76.42,39.05,22.02,34.13,33.29
17,27.02,64.4,74.41,41.05,29.15,64.41,60.3,53.49,43.86,24.02,58.6,10.77,62.39,38.08,55.11,37.66,42.45,0.0,58.26,49.93,64.5,28.16,19.42,58.52,65.46,29.27,56.85,56.86,48.6,33.12,46.32,24.84,21.47,13.89,14.76
18,64.03,121.7,93.09,17.8,43.08,13.89,109.59,56.22,101.91,47.8,84.59,68.6,116.83,30.07,48.84,38.0,96.02,58.26,0.0,81.02,12.08,38.33,44.78,97.12,9.0,81.02,73.01,5.39,106.08,76.92,26.0,59.03,78.49,62.01,62.8
19,76.84,65.76,26.08,65.38,39.05,78.0,37.59,32.53,57.87,71.69,9.43,53.04,52.5,77.93,41.11,81.49,38.01,49.93,81.02,0.0,79.48,71.57,65.19,17.2,83.49,72.47,18.03,76.66,56.08,80.62,55.97,27.2,43.57,36.06,35.23
20,73.82,126.06,88.28,23.77,44.2,2.24,110.94,51.35,107.2,57.56,81.74,75.18,119.75,41.11,43.05,49.25,99.09,64.5,12.08,79.48,0.0,48.26,53.6,96.25,5.39,89.49,69.05,9.0,110.75,86.49,23.71,60.61,83.41,65.86,66.53
21,25.71,91.42,92.57,26.31,36.62,49.09,88.12,62.29,70.18,9.49,78.77,35.85,90.48,10.63,59.67,10.05,70.6,28.16,38.33,71.57,48.26,0.0,8.94,83.49,47.07,43.57,72.56,39.32,75.66,38.6,40.31,44.38,49.4,39.01,40.01
22,21.1,82.49,87.46,30.27,33.3,54.13,79.63,59.67,61.29,7.07,72.92,26.93,81.6,19.42,58.31,18.25,61.85,19.42,44.78,65.19,53.6,8.94,0.0,76.12,53.14,36.25,68.01,44.92,66.73,33.14,41.77,38.08,40.5,31.14,32.14
23,84.17,55.15,32.0,80.81,54.34,94.85,23.35,49.58,52.77,82.0,20.12,58.59,40.05,91.02,58.26,93.54,31.76,58.52,97.12,17.2,96.25,83.49,76.12,0.0,100.09,75.6,33.6,92.97,49.04,85.44,72.62,40.05,45.8,45.12,44.15
24,72.78,128.0,93.13,24.41,47.17,7.62,114.06,56.14,108.71,56.52,86.12,76.01,122.29,39.05,48.0,47.0,101.53,65.46,9.0,83.49,5.39,47.07,53.14,100.09,0.0,89.32,73.68,8.6,112.54,85.62,27.51,63.51,85.04,67.9,68.62
25,20.81,56.72,98.41,65.8,58.42,89.84,68.01,82.28,36.01,34.41,81.84,20.62,62.29,53.82,84.34,48.84,48.47,29.27,81.02,72.47,89.49,43.57,36.25,75.6,89.32,0.0,83.24,80.99,43.0,12.0,74.33,52.0,29.83,39.4,39.81
26,83.49,83.55,20.62,59.84,36.25,67.27,55.46,18.03,74.11,75.0,14.21,62.77,70.52,76.69,26.93,81.84,55.23,56.85,73.01,18.03,69.05,72.56,68.01,33.6,73.68,83.24,0.0,68.07,73.06,89.63,47.01,32.02,56.61,44.1,43.57
27,64.94,119.5,88.02,15.81,39.36,10.2,106.17,51.09,100.12,48.66,79.91,67.42,114.02,32.14,43.57,40.31,93.24,56.86,5.39,76.66,9.0,39.32,44.92,92.97,8.6,80.99,68.07,0.0,104.0,77.67,21.1,55.57,76.49,59.46,60.21
28,61.19,15.81,79.83,88.39,68.26,110.26,31.14,81.49,7.07,68.94,64.5,39.82,19.92,86.09,87.6,84.1,18.11,48.6,106.08,56.08,110.75,75.66,66.73,49.04,112.54,43.0,73.06,104.0,0.0,55.0,89.31,53.23,27.59,45.0,44.41
29,13.0,68.59,106.15,63.39,61.03,87.13,79.4,86.41,48.01,29.12,89.81,27.59,74.24,47.93,87.28,41.68,59.77,33.12,76.92,80.62,86.49,38.6,33.14,85.44,85.62,12.0,89.63,77.67,55.0,0.0,74.17,57.69,39.82,45.61,46.23
30,62.8,104.2,67.12,16.28,21.26,22.47,87.42,30.41,86.45,47.8,58.86,57.01,96.88,38.42,23.77,46.04,76.42,46.32,26.0,55.97,23.71,40.31,41.77,72.62,27.51,74.33,47.01,21.1,89.31,74.17,0.0,37.48,62.65,44.42,44.94
31,51.62,67.42,50.0,41.79,16.4,59.67,50.61,31.14,51.55,44.72,34.89,31.38,59.4,51.16,35.36,54.34,39.05,24.84,59.03,27.2,60.61,44.38,38.08,40.05,63.51,52.0,32.02,55.57,53.23,57.69,37.48,0.0,29.15,12.65,12.37
32,40.61,43.28,69.64,60.83,42.15,83.01,41.19,60.0,23.85,43.93,53.0,15.0,41.11,59.51,64.5,58.52,22.02,21.47,78.49,43.57,83.41,49.4,40.5,45.8,85.04,29.83,56.61,76.49,27.59,39.82,62.65,29.15,0.0,18.38,18.03
33,40.8,60.21,60.83,44.2,23.77,65.3,49.73,43.57,42.06,36.88,44.82,18.79,54.92,47.68,47.01,49.0,34.13,13.89,62.01,36.06,65.86,39.01,31.14,45.12,67.9,39.4,44.1,59.46,45.0,45.61,44.42,12.65,18.38,0.0,1.0
34,41.62,59.55,60.11,45.0,24.17,65.95,48.76,43.42,41.59,37.85,44.05,19.24,54.08,48.66,47.04,50.0,33.29,14.76,62.8,35.23,66.53,40.01,32.14,44.15,68.62,39.81,43.57,60.21,44.41,46.23,44.94,12.37,18.03,1.0,0.0
