set K:= 1	2	3	4;
set C_H:= 1	2	3	4	5	6	7	8;
set C_S:= 9	10	11	12	13	14	15;
set C_F:= 16	17	18	19	20	21	22;
set M:= 23	24	25	26	27	28;
set L_B:= 29	30	31	32;
set A1:=
(0,*) 1 2 3 4 5 6 7 8 16 17 18 19 20 21 22 23 24 25 26 27 28 29 30 31 32
(1,*) 0 2 3 4 5 6 7 8 16 17 18 19 20 21 22 23 24 25 26 27 28 29 30 31 32
(2,*) 0 1 3 4 5 6 7 8 16 17 18 19 20 21 22 23 24 25 26 27 28 29 30 31 32
(3,*) 0 1 2 4 5 6 7 8 16 17 18 19 20 21 22 23 24 25 26 27 28 29 30 31 32
(4,*) 0 1 2 3 5 6 7 8 16 17 18 19 20 21 22 23 24 25 26 27 28 29 30 31 32
(5,*) 0 1 2 3 4 6 7 8 16 17 18 19 20 21 22 23 24 25 26 27 28 29 30 31 32
(6,*) 0 1 2 3 4 5 7 8 16 17 18 19 20 21 22 23 24 25 26 27 28 29 30 31 32
(7,*) 0 1 2 3 4 5 6 8 16 17 18 19 20 21 22 23 24 25 26 27 28 29 30 31 32
(8,*) 0 1 2 3 4 5 6 7 16 17 18 19 20 21 22 23 24 25 26 27 28 29 30 31 32
(16,*) 0 1 2 3 4 5 6 7 8 17 18 19 20 21 22 23 24 25 26 27 28 29 30 31 32
(17,*) 0 1 2 3 4 5 6 7 8 16 18 19 20 21 22 23 24 25 26 27 28 29 30 31 32
(18,*) 0 1 2 3 4 5 6 7 8 16 17 19 20 21 22 23 24 25 26 27 28 29 30 31 32
(19,*) 0 1 2 3 4 5 6 7 8 16 17 18 20 21 22 23 24 25 26 27 28 29 30 31 32
(20,*) 0 1 2 3 4 5 6 7 8 16 17 18 19 21 22 23 24 25 26 27 28 29 30 31 32
(21,*) 0 1 2 3 4 5 6 7 8 16 17 18 19 20 22 23 24 25 26 27 28 29 30 31 32
(22,*) 0 1 2 3 4 5 6 7 8 16 17 18 19 20 21 23 24 25 26 27 28 29 30 31 32
(23,*) 0 1 2 3 4 5 6 7 8 16 17 18 19 20 21 22 25 26 27 28 29 30 31 32
(24,*) 0 1 2 3 4 5 6 7 8 16 17 18 19 20 21 22 25 26 27 28 29 30 31 32
(25,*) 0 1 2 3 4 5 6 7 8 16 17 18 19 20 21 22 23 24 27 28 29 30 31 32
(26,*) 0 1 2 3 4 5 6 7 8 16 17 18 19 20 21 22 23 24 27 28 29 30 31 32
(27,*) 0 1 2 3 4 5 6 7 8 16 17 18 19 20 21 22 23 24 25 26 29 30 31 32
(28,*) 0 1 2 3 4 5 6 7 8 16 17 18 19 20 21 22 23 24 25 26 29 30 31 32
(29,*) 0 1 2 3 4 5 6 7 8 16 17 18 19 20 21 22 23 24 25 26 27 28 30 31 32
(30,*) 0 1 2 3 4 5 6 7 8 16 17 18 19 20 21 22 23 24 25 26 27 28 29 31 32
(31,*) 0 1 2 3 4 5 6 7 8 16 17 18 19 20 21 22 23 24 25 26 27 28 29 30 32
(32,*) 0 1 2 3 4 5 6 7 8 16 17 18 19 20 21 22 23 24 25 26 27 28 29 30 31
;
set A2:=
(23,*) 24
(24,*) 23
(25,*) 26
(26,*) 25
(27,*) 28
(28,*) 27
;
param BigM:=99999;
param n:= 4;
param d:=
1	19
2	18
3	8
4	12
5	22
6	14
7	12
8	9
9	24
10	6
11	15
12	21
13	2
14	2
15	7
16	14
17	6
18	24
19	8
20	19
21	3
22	1
;
param Q:=100;
param w:=
[23,*] 24 0.5
[24,*] 23 0.5
[25,*] 26 0.5
[26,*] 25 0.5
[27,*] 28 0.5
[28,*] 27 0.5
;
param V:=
[23,*] 24 73
[24,*] 23 73
[25,*] 26 99
[26,*] 25 99
[27,*] 28 80
[28,*] 27 80
;
param e:
	23	24	25	26	27	28	29	30	31	32:=
9	0	1	1	0	0	0	0	1	0	0	
10	0	0	0	1	0	1	0	1	0	0	
11	0	0	0	1	0	0	0	1	0	0	
12	1	0	0	0	0	0	0	0	1	0	
13	0	0	0	0	1	0	0	0	1	0	
14	0	1	1	0	0	0	0	0	1	0	
15	0	1	0	0	0	0	1	0	0	0	
16	0	0	0	1	0	1	0	0	1	0	
17	0	0	0	1	0	1	0	0	0	1	
18	0	0	1	0	0	0	1	0	1	1	
19	0	1	1	0	0	0	0	1	0	0	
20	1	0	0	0	0	1	0	0	1	0	
21	0	0	1	0	0	0	1	0	1	1	
22	0	0	0	1	0	1	1	0	0	0	
;
param p:=
1	3
2	3
3	3
4	3
;
param G:=
23	73
24	72
25	73
26	99
27	80
28	74
29	100
30	82
31	75
32	82
;
param s:=
0	0
1	10
2	10
3	10
4	10
5	10
6	10
7	10
8	10
16	10
17	10
18	10
19	10
20	10
21	10
22	10
23	10
24	10
25	10
26	10
27	10
28	10
29	10
30	10
31	10
32	10
;
param t:
	0	1	2	3	4	5	6	7	8	9	10	11	12	13	14	15	16	17	18	19	20	21	22	23	24	25	26	27	28	29	30	31	32:=
0	0.0	74.55	25.71	78.03	64.03	81.74	16.28	51.88	72.78	75.96	75.58	84.86	28.84	21.1	62.29	54.57	101.41	85.6	25.24	79.23	34.93	27.02	76.84	64.94	61.19	20.81	83.49	13.0	62.8	42.2	81.12	28.46	19.31
1	74.55	0.0	49.09	49.5	13.89	109.86	58.31	43.28	7.62	125.5	42.43	69.23	50.49	54.13	98.31	106.83	86.37	80.08	67.08	118.93	42.3	64.41	78.0	10.2	110.26	89.84	67.27	87.13	22.47	65.19	50.16	50.33	85.38
2	25.71	49.09	0.0	62.29	38.33	88.12	9.49	36.62	47.07	91.42	58.05	74.3	10.05	8.94	70.6	70.18	92.57	78.77	29.15	90.48	10.63	28.16	71.57	39.32	75.66	43.57	72.56	38.6	40.31	40.0	65.07	15.13	40.0
3	78.03	49.5	62.29	0.0	56.22	69.4	66.71	26.4	56.14	93.98	7.07	19.92	70.6	59.67	64.85	81.05	37.01	31.76	56.3	82.76	64.35	53.49	32.53	51.09	81.49	82.28	18.03	86.41	30.41	42.43	3.16	50.61	77.2
4	64.03	13.89	38.33	56.22	0.0	109.59	47.8	43.08	9.0	121.7	49.37	75.01	38.0	44.78	96.02	101.91	93.09	84.59	60.61	116.83	30.07	58.26	81.02	5.39	106.08	81.02	73.01	76.92	26.0	62.2	57.56	43.01	76.92
5	81.74	109.86	88.12	69.4	109.59	0.0	84.15	66.89	114.06	32.98	74.52	54.63	97.87	79.63	19.65	36.88	55.15	43.01	60.07	17.12	97.29	60.3	37.59	106.17	31.14	68.01	55.46	79.4	87.42	49.04	71.28	73.76	65.52
6	16.28	58.31	9.49	66.71	47.8	84.15	0.0	40.36	56.52	84.53	63.25	76.61	15.26	7.07	65.76	63.06	94.34	79.61	24.08	84.9	19.42	24.02	71.69	48.66	68.94	34.41	75.0	29.12	47.8	38.08	69.66	16.28	31.14
7	51.88	43.28	36.62	26.4	43.08	66.89	40.36	0.0	47.17	83.01	23.77	38.08	45.65	33.3	55.17	65.74	56.65	44.41	32.14	75.69	40.5	29.15	39.05	39.36	68.26	58.42	36.25	61.03	21.26	23.26	29.41	24.21	53.34
8	72.78	7.62	47.07	56.14	9.0	114.06	56.52	47.17	0.0	128.0	49.09	75.66	47.0	53.14	101.53	108.71	93.13	86.12	67.96	122.29	39.05	65.46	83.49	8.6	112.54	89.32	73.68	85.62	27.51	67.94	57.01	50.61	85.09
9	75.96	125.5	91.42	93.98	121.7	32.98	84.53	83.01	128.0	0.0	97.58	83.19	99.73	82.49	29.15	21.54	87.09	73.17	62.68	16.16	101.87	64.4	65.76	119.5	15.81	56.72	83.55	68.59	104.2	60.31	96.46	80.0	56.75
10	75.58	42.43	58.05	7.07	49.37	74.52	63.25	23.77	49.09	97.58	0.0	26.93	65.86	56.3	68.45	83.43	44.05	38.48	55.32	87.13	59.2	52.39	38.42	44.18	84.43	81.58	25.0	84.76	23.77	43.01	8.25	47.51	76.49
11	84.86	69.23	74.3	19.92	75.01	54.63	76.61	38.08	75.66	83.19	26.93	0.0	83.63	69.63	55.08	74.24	18.68	12.73	60.44	69.92	78.55	58.14	17.46	70.06	73.01	84.22	2.0	90.8	49.01	43.83	20.12	60.46	79.4
12	28.84	50.49	10.05	70.6	38.0	97.87	15.26	45.65	47.0	99.73	65.86	83.63	0.0	18.25	80.05	78.29	102.04	88.54	38.33	99.62	8.25	37.66	81.49	40.31	84.1	48.84	81.84	41.68	46.04	50.01	73.25	25.18	46.01
13	21.1	54.13	8.94	59.67	44.78	79.63	7.07	33.3	53.14	82.49	56.3	69.63	18.25	0.0	61.85	61.29	87.46	72.92	20.25	81.6	19.42	19.42	65.19	44.92	66.73	36.25	68.01	33.14	41.77	32.25	62.63	9.22	32.25
14	62.29	98.31	70.6	64.85	96.02	19.65	65.76	55.17	101.53	29.15	68.45	55.08	80.05	61.85	0.0	21.02	61.85	46.39	41.77	20.81	80.32	42.45	38.01	93.24	18.11	48.47	55.23	59.77	76.42	33.84	67.36	57.01	45.88
15	54.57	106.83	70.18	81.05	101.91	36.88	63.06	65.74	108.71	21.54	83.43	74.24	78.29	61.29	21.02	0.0	82.57	66.71	41.87	26.93	80.71	43.86	57.87	100.12	7.07	36.01	74.11	48.01	86.45	42.49	83.86	59.46	35.51
16	101.41	86.37	92.57	37.01	93.09	55.15	94.34	56.65	93.13	87.09	44.05	18.68	102.04	87.46	61.85	82.57	0.0	16.64	76.42	72.03	97.14	74.41	26.08	88.02	79.83	98.41	20.62	106.15	67.12	59.41	36.22	78.39	93.86
17	85.6	80.08	78.77	31.76	84.59	43.01	79.61	44.41	86.12	73.17	38.48	12.73	88.54	72.92	46.39	66.71	16.64	0.0	60.44	59.03	84.4	58.6	9.43	79.91	64.5	81.84	14.21	89.81	58.86	43.42	32.45	64.08	77.34
18	25.24	67.08	29.15	56.3	60.61	60.07	24.08	32.14	67.96	62.68	55.32	60.44	38.33	20.25	41.77	41.87	76.42	60.44	0.0	61.35	39.36	3.0	51.61	59.36	46.87	26.31	59.2	30.53	49.24	17.03	59.46	17.69	21.21
19	79.23	118.93	90.48	82.76	116.83	17.12	84.9	75.69	122.29	16.16	87.13	69.92	99.62	81.6	20.81	26.93	72.03	59.03	61.35	0.0	100.46	62.39	52.5	114.02	19.92	62.29	70.52	74.24	96.88	54.64	84.97	77.39	61.01
20	34.93	42.3	10.63	64.35	30.07	97.29	19.42	40.5	39.05	101.87	59.2	78.55	8.25	19.42	80.32	80.71	97.14	84.4	39.36	100.46	0.0	38.08	77.93	32.14	86.09	53.82	76.69	47.93	38.42	48.51	66.85	23.54	50.45
21	27.02	64.41	28.16	53.49	58.26	60.3	24.02	29.15	65.46	64.4	52.39	58.14	37.66	19.42	42.45	43.86	74.41	58.6	3.0	62.39	38.08	0.0	49.93	56.86	48.6	29.27	56.85	33.12	46.32	15.26	56.65	15.62	24.19
22	76.84	78.0	71.57	32.53	81.02	37.59	71.69	39.05	83.49	65.76	38.42	17.46	81.49	65.19	38.01	57.87	26.08	9.43	51.61	52.5	77.93	49.93	0.0	76.66	56.08	72.47	18.03	80.62	55.97	34.67	34.06	56.61	68.01
23	64.94	10.2	39.32	51.09	5.39	106.17	48.66	39.36	8.6	119.5	44.18	70.06	40.31	44.92	93.24	100.12	88.02	79.91	59.36	114.02	32.14	56.86	76.66	0.0	104.0	80.99	68.07	77.67	21.1	59.55	52.35	42.06	76.69
24	61.19	110.26	75.66	81.49	106.08	31.14	68.94	68.26	112.54	15.81	84.43	73.01	84.1	66.73	18.11	7.07	79.83	64.5	46.87	19.92	86.09	48.6	56.08	104.0	0.0	43.0	73.06	55.0	89.31	45.22	84.17	64.2	42.3
25	20.81	89.84	43.57	82.28	81.02	68.01	34.41	58.42	89.32	56.72	81.58	84.22	48.84	36.25	48.47	36.01	98.41	81.84	26.31	62.29	53.82	29.27	72.47	80.99	43.0	0.0	83.24	12.0	74.33	40.72	85.44	39.81	5.1
26	83.49	67.27	72.56	18.03	73.01	55.46	75.0	36.25	73.68	83.55	25.0	2.0	81.84	68.01	55.23	74.11	20.62	14.21	59.2	70.52	76.69	56.85	18.03	68.07	73.06	83.24	0.0	89.63	47.01	42.72	18.36	58.82	78.39
27	13.0	87.13	38.6	86.41	76.92	79.4	29.12	61.03	85.62	68.59	84.76	90.8	41.68	33.14	59.77	48.01	106.15	89.81	30.53	74.24	47.93	33.12	80.62	77.67	55.0	12.0	89.63	0.0	74.17	47.01	89.55	39.2	13.93
28	62.8	22.47	40.31	30.41	26.0	87.42	47.8	21.26	27.51	104.2	23.77	49.01	46.04	41.77	76.42	86.45	67.12	58.86	49.24	96.88	38.42	46.32	55.97	21.1	89.31	74.33	47.01	74.17	0.0	44.1	32.02	35.01	69.46
29	42.2	65.19	40.0	42.43	62.2	49.04	38.08	23.26	67.94	60.31	43.01	43.83	50.01	32.25	33.84	42.49	59.41	43.42	17.03	54.64	48.51	15.26	34.67	59.55	45.22	40.72	42.72	47.01	44.1	0.0	45.54	25.08	35.78
30	81.12	50.16	65.07	3.16	57.56	71.28	69.66	29.41	57.01	96.46	8.25	20.12	73.25	62.63	67.36	83.86	36.22	32.45	59.46	84.97	66.85	56.65	34.06	52.35	84.17	85.44	18.36	89.55	32.02	45.54	0.0	53.6	80.36
31	28.46	50.33	15.13	50.61	43.01	73.76	16.28	24.21	50.61	80.0	47.51	60.46	25.18	9.22	57.01	59.46	78.39	64.08	17.69	77.39	23.54	15.62	56.61	42.06	64.2	39.81	58.82	39.2	35.01	25.08	53.6	0.0	35.17
32	19.31	85.38	40.0	77.2	76.92	65.52	31.14	53.34	85.09	56.75	76.49	79.4	46.01	32.25	45.88	35.51	93.86	77.34	21.21	61.01	50.45	24.19	68.01	76.69	42.3	5.1	78.39	13.93	69.46	35.78	80.36	35.17	0.0
;
