set K:= 1	2	3	4;
set C_H:= 1	2	3	4	5	6;
set C_S:= 7	8	9	10	11	12	13;
set C_F:= 14	15	16	17	18	19	20;
set M:= 21	22	23	24	25	26;
set L_B:= 27;
set A1:=
(0,*) 1 2 3 4 5 6 14 15 16 17 18 19 20 21 22 23 24 25 26 27 28
(1,*) 0 2 3 4 5 6 14 15 16 17 18 19 20 21 22 23 24 25 26 27 28
(2,*) 0 1 3 4 5 6 14 15 16 17 18 19 20 21 22 23 24 25 26 27 28
(3,*) 0 1 2 4 5 6 14 15 16 17 18 19 20 21 22 23 24 25 26 27 28
(4,*) 0 1 2 3 5 6 14 15 16 17 18 19 20 21 22 23 24 25 26 27 28
(5,*) 0 1 2 3 4 6 14 15 16 17 18 19 20 21 22 23 24 25 26 27 28
(6,*) 0 1 2 3 4 5 14 15 16 17 18 19 20 21 22 23 24 25 26 27 28
(14,*) 0 1 2 3 4 5 6 15 16 17 18 19 20 21 22 23 24 25 26 27 28
(15,*) 0 1 2 3 4 5 6 14 16 17 18 19 20 21 22 23 24 25 26 27 28
(16,*) 0 1 2 3 4 5 6 14 15 17 18 19 20 21 22 23 24 25 26 27 28
(17,*) 0 1 2 3 4 5 6 14 15 16 18 19 20 21 22 23 24 25 26 27 28
(18,*) 0 1 2 3 4 5 6 14 15 16 17 19 20 21 22 23 24 25 26 27 28
(19,*) 0 1 2 3 4 5 6 14 15 16 17 18 20 21 22 23 24 25 26 27 28
(20,*) 0 1 2 3 4 5 6 14 15 16 17 18 19 21 22 23 24 25 26 27 28
(21,*) 0 1 2 3 4 5 6 14 15 16 17 18 19 20 22 23 24 25 26 27 28
(22,*) 0 1 2 3 4 5 6 14 15 16 17 18 19 20 21 23 24 25 26 27 28
(23,*) 0 1 2 3 4 5 6 14 15 16 17 18 19 20 21 22 24 25 26 27 28
(24,*) 0 1 2 3 4 5 6 14 15 16 17 18 19 20 21 22 23 25 26 27 28
(25,*) 0 1 2 3 4 5 6 14 15 16 17 18 19 20 21 22 23 24 26 27 28
(26,*) 0 1 2 3 4 5 6 14 15 16 17 18 19 20 21 22 23 24 25 27 28
(27,*) 0 1 2 3 4 5 6 14 15 16 17 18 19 20 21 22 23 24 25 26 28
(28,*) 0 1 2 3 4 5 6 14 15 16 17 18 19 20 21 22 23 24 25 26 27
;
set A2:=
(21,*) 22
(22,*) 21
(23,*) 24
(24,*) 23
;
param BigM:=99999;
param n:= 4;
param d:=
1	13
2	12
3	12
4	13
5	23
6	12
7	14
8	6
9	26
10	12
11	24
12	21
13	10
14	2
15	7
16	4
17	9
18	20
19	26
20	2
;
param Q:=100;
param w:=
[21,*] 22 2
[22,*] 21 2
[23,*] 24 2
[24,*] 23 2
;
param V:=
[21,*] 22 96
[22,*] 21 96
[23,*] 24 84
[24,*] 23 84
;
param e:
	21	22	23	24	25	26	27:=
7		0		0		1		0		0		1		0	
8		0		0		1		0		0		1		0	
9		1		0		0		1		0		0		1	
10		0		1		0		0		0		0		0	
11		0		0		1		0		0		0		0	
12		0		1		0		0		0		0		0	
13		0		0		0		1		0		0		1	
14		0		1		1		0		0		1		0	
15		0		0		1		0		0		1		0	
16		0		1		0		0		0		0		0	
17		1		0		0		1		0		0		1	
18		0		0		1		0		0		0		0	
19		0		0		1		0		0		1		0	
20		1		0		0		1		0		0		1	
;
param p:=
1	1
2	1
3	1
4	1
;
param G:=
21	96
22	72
23	70
24	84
25	91
26	80
27	84
;
param s:=
0	0
1	10
2	10
3	10
4	10
5	10
6	10
14	10
15	10
16	10
17	10
18	10
19	10
20	10
21	10
22	10
23	10
24	10
25	10
26	10
27	10
;
param t:
	0	1	2	3	4	5	6	7	8	9	10	11	12	13	14	15	16	17	18	19	20	21	22	23	24	25	26	27	28:=
0	0.0	11.66	17.0	22.2	19.92	28.02	30.36	89.29	73.17	81.3	101.83	81.15	101.4	69.35	75.5	87.09	113.9	75.01	75.06	92.14	67.91	27.29	102.07	80.01	70.11	15.52	80.52	73.16	0.0
1	11.66	0.0	9.22	24.19	29.68	25.55	24.21	93.06	79.16	72.18	99.81	87.14	100.85	60.42	80.16	94.05	112.0	65.19	81.3	99.14	60.17	19.72	100.69	86.7	60.83	11.18	84.59	64.43	11.66
2	17.0	9.22	0.0	18.44	29.83	17.09	15.0	86.28	73.98	64.38	90.8	81.88	92.18	52.47	74.03	89.5	103.0	58.01	76.3	94.59	51.55	10.77	91.81	82.0	53.15	4.47	78.06	56.34	17.0
3	22.2	24.19	18.44	0.0	19.03	10.2	18.36	68.88	55.58	68.88	79.93	63.51	79.2	57.07	56.04	71.06	91.92	64.85	57.87	76.16	53.04	19.8	79.98	63.56	58.69	14.14	60.41	60.16	22.2
4	19.92	29.68	29.83	19.03	0.0	29.15	36.4	73.41	55.11	87.82	94.05	62.97	91.29	75.95	58.87	68.03	105.6	83.43	56.72	73.01	72.06	36.25	93.24	61.2	77.47	25.81	64.47	79.12	19.92
5	28.02	25.55	17.09	10.2	29.15	0.0	9.22	70.01	59.77	58.69	74.52	67.45	75.29	46.87	58.55	75.96	86.68	54.71	62.3	80.99	43.0	12.65	75.21	68.35	48.51	14.42	62.07	49.98	28.02
6	30.36	24.21	15.0	18.36	36.4	9.22	0.0	77.16	68.35	52.04	76.55	75.89	78.79	40.05	66.49	84.69	88.75	47.07	70.94	89.69	37.66	5.39	77.9	77.08	41.3	14.87	69.58	43.55	30.36
7	89.29	93.06	86.28	68.88	73.41	70.01	77.16	0.0	23.02	97.42	48.76	19.65	37.34	90.92	15.0	28.02	54.08	100.85	23.71	29.61	81.63	82.05	43.93	25.71	94.02	82.49	8.94	90.64	89.29
8	73.17	79.16	73.98	55.58	55.11	59.77	68.35	23.02	0.0	100.66	66.0	8.0	56.57	91.93	10.05	16.64	73.68	101.86	2.83	21.47	83.49	72.42	62.13	9.22	94.79	69.72	15.81	92.74	73.17
9	81.3	72.18	64.38	68.88	87.82	58.69	52.04	97.42	100.66	0.0	66.75	106.08	76.66	12.0	94.05	116.73	76.06	10.0	103.48	120.92	17.49	54.08	71.39	109.79	11.4	66.07	93.61	8.8	81.3
10	101.83	99.81	90.8	79.93	94.05	74.52	76.55	48.76	66.0	66.75	0.0	66.48	12.81	66.03	56.01	76.3	12.21	74.11	68.03	78.34	57.22	81.84	5.66	72.34	69.01	88.87	51.24	63.56	101.83
11	81.15	87.14	81.88	63.51	62.97	67.45	75.89	19.65	8.0	106.08	66.48	0.0	56.0	97.84	12.21	10.82	73.03	107.81	6.32	14.87	89.14	80.08	62.13	6.08	100.77	77.65	15.3	98.39	81.15
12	101.4	100.85	92.18	79.2	91.29	75.29	78.79	37.34	56.57	76.66	12.81	56.0	0.0	74.43	46.53	65.28	17.12	83.19	58.31	66.91	65.19	84.17	7.21	62.01	77.52	89.69	41.11	72.47	101.4
13	69.35	60.42	52.47	57.07	75.95	46.87	40.05	90.92	91.93	12.0	66.03	97.84	74.43	0.0	86.05	108.3	76.53	10.0	94.76	112.7	9.49	42.11	70.03	101.14	3.16	54.08	86.27	4.31	69.35
14	75.5	80.16	74.03	56.04	58.87	58.55	66.49	15.0	10.05	94.05	56.01	12.21	46.53	86.05	0.0	23.02	63.64	96.05	12.04	26.91	77.23	71.02	52.09	17.09	89.02	70.0	6.4	86.47	75.5
15	87.09	94.05	89.5	71.06	68.03	75.96	84.69	28.02	16.64	116.73	76.3	10.82	65.28	108.3	23.02	0.0	82.1	118.26	13.89	5.1	99.7	88.6	71.7	7.62	111.2	85.15	25.63	108.96	87.09
16	113.9	112.0	103.0	91.92	105.6	86.68	88.75	54.08	73.68	76.06	12.21	73.03	17.12	76.53	63.64	82.1	0.0	84.05	75.43	83.49	68.07	94.03	12.53	79.06	79.4	101.04	58.22	73.75	113.9
17	75.01	65.19	58.01	64.85	83.43	54.71	47.07	100.85	101.86	10.0	74.11	107.81	83.19	10.0	96.05	118.26	84.05	0.0	104.69	122.67	19.24	48.26	78.41	111.07	7.07	60.21	96.26	10.74	75.01
18	75.06	81.3	76.3	57.87	56.72	62.3	70.94	23.71	2.83	103.48	68.03	6.32	58.31	94.76	12.04	13.89	75.43	104.69	0.0	18.79	86.31	74.95	64.03	6.4	97.62	72.01	17.26	95.57	75.06
19	92.14	99.14	94.59	76.16	73.01	80.99	89.69	29.61	21.47	120.92	78.34	14.87	66.91	112.7	26.91	5.1	83.49	122.67	18.79	0.0	104.0	93.64	73.55	12.65	115.62	90.24	28.65	113.26	92.14
20	67.91	60.17	51.55	53.04	72.06	43.0	37.66	81.63	83.49	17.49	57.22	89.14	65.19	9.49	77.23	99.7	68.07	19.24	86.31	104.0	0.0	40.8	61.01	92.66	12.65	52.39	77.2	9.26	67.91
21	27.29	19.72	10.77	19.8	36.25	12.65	5.39	82.05	72.42	54.08	81.84	80.08	84.17	42.11	71.02	88.6	94.03	48.26	74.95	93.64	40.8	0.0	83.24	80.99	43.0	12.0	74.33	45.87	27.29
22	102.07	100.69	91.81	79.98	93.24	75.21	77.9	43.93	62.13	71.39	5.66	62.13	7.21	70.03	52.09	71.7	12.53	78.41	64.03	73.55	61.01	83.24	0.0	68.07	73.06	89.63	47.01	67.77	102.07
23	80.01	86.7	82.0	63.56	61.2	68.35	77.08	25.71	9.22	109.79	72.34	6.08	62.01	101.14	17.09	7.62	79.06	111.07	6.4	12.65	92.66	80.99	68.07	0.0	104.0	77.67	21.1	101.91	80.01
24	70.11	60.83	53.15	58.69	77.47	48.51	41.3	94.02	94.79	11.4	69.01	100.77	77.52	3.16	89.02	111.2	79.4	7.07	97.62	115.62	12.65	43.0	73.06	104.0	0.0	55.0	89.31	6.02	70.11
25	15.52	11.18	4.47	14.14	25.81	14.42	14.87	82.49	69.72	66.07	88.87	77.65	89.69	54.08	70.0	85.15	101.04	60.21	72.01	90.24	52.39	12.0	89.63	77.67	55.0	0.0	74.17	57.8	15.52
26	80.52	84.59	78.06	60.41	64.47	62.07	69.58	8.94	15.81	93.61	51.24	15.3	41.11	86.27	6.4	25.63	58.22	96.26	17.26	28.65	77.2	74.33	47.01	21.1	89.31	74.17	0.0	86.37	80.52
27	73.16	64.43	56.34	60.16	79.12	49.98	43.55	90.64	92.74	8.8	63.56	98.39	72.47	4.31	86.47	108.96	73.75	10.74	95.57	113.26	9.26	45.87	67.77	101.91	6.02	57.8	86.37	0.0	73.16
;
