set K:= 1	2	3	4;
set C_H:= 1	2	3	4	5	6	7	8	9;
set C_S:= 10	11	12	13	14	15	16;
set C_F:= 17	18	19	20	21	22	23;
set M:= 24	25	26	27	28	29;
set L_B:= 30	31	32	33;
set A1:=
(0,*) 1 2 3 4 5 6 7 8 9 17 18 19 20 21 22 23 24 25 26 27 28 29 30 31 32 33 34
(1,*) 0 2 3 4 5 6 7 8 9 17 18 19 20 21 22 23 24 25 26 27 28 29 30 31 32 33 34
(2,*) 0 1 3 4 5 6 7 8 9 17 18 19 20 21 22 23 24 25 26 27 28 29 30 31 32 33 34
(3,*) 0 1 2 4 5 6 7 8 9 17 18 19 20 21 22 23 24 25 26 27 28 29 30 31 32 33 34
(4,*) 0 1 2 3 5 6 7 8 9 17 18 19 20 21 22 23 24 25 26 27 28 29 30 31 32 33 34
(5,*) 0 1 2 3 4 6 7 8 9 17 18 19 20 21 22 23 24 25 26 27 28 29 30 31 32 33 34
(6,*) 0 1 2 3 4 5 7 8 9 17 18 19 20 21 22 23 24 25 26 27 28 29 30 31 32 33 34
(7,*) 0 1 2 3 4 5 6 8 9 17 18 19 20 21 22 23 24 25 26 27 28 29 30 31 32 33 34
(8,*) 0 1 2 3 4 5 6 7 9 17 18 19 20 21 22 23 24 25 26 27 28 29 30 31 32 33 34
(9,*) 0 1 2 3 4 5 6 7 8 17 18 19 20 21 22 23 24 25 26 27 28 29 30 31 32 33 34
(17,*) 0 1 2 3 4 5 6 7 8 9 18 19 20 21 22 23 24 25 26 27 28 29 30 31 32 33 34
(18,*) 0 1 2 3 4 5 6 7 8 9 17 19 20 21 22 23 24 25 26 27 28 29 30 31 32 33 34
(19,*) 0 1 2 3 4 5 6 7 8 9 17 18 20 21 22 23 24 25 26 27 28 29 30 31 32 33 34
(20,*) 0 1 2 3 4 5 6 7 8 9 17 18 19 21 22 23 24 25 26 27 28 29 30 31 32 33 34
(21,*) 0 1 2 3 4 5 6 7 8 9 17 18 19 20 22 23 24 25 26 27 28 29 30 31 32 33 34
(22,*) 0 1 2 3 4 5 6 7 8 9 17 18 19 20 21 23 24 25 26 27 28 29 30 31 32 33 34
(23,*) 0 1 2 3 4 5 6 7 8 9 17 18 19 20 21 22 24 25 26 27 28 29 30 31 32 33 34
(24,*) 0 1 2 3 4 5 6 7 8 9 17 18 19 20 21 22 23 25 26 27 28 29 30 31 32 33 34
(25,*) 0 1 2 3 4 5 6 7 8 9 17 18 19 20 21 22 23 24 26 27 28 29 30 31 32 33 34
(26,*) 0 1 2 3 4 5 6 7 8 9 17 18 19 20 21 22 23 24 25 27 28 29 30 31 32 33 34
(27,*) 0 1 2 3 4 5 6 7 8 9 17 18 19 20 21 22 23 24 25 26 28 29 30 31 32 33 34
(28,*) 0 1 2 3 4 5 6 7 8 9 17 18 19 20 21 22 23 24 25 26 27 29 30 31 32 33 34
(29,*) 0 1 2 3 4 5 6 7 8 9 17 18 19 20 21 22 23 24 25 26 27 28 30 31 32 33 34
(30,*) 0 1 2 3 4 5 6 7 8 9 17 18 19 20 21 22 23 24 25 26 27 28 29 31 32 33 34
(31,*) 0 1 2 3 4 5 6 7 8 9 17 18 19 20 21 22 23 24 25 26 27 28 29 30 32 33 34
(32,*) 0 1 2 3 4 5 6 7 8 9 17 18 19 20 21 22 23 24 25 26 27 28 29 30 31 33 34
(33,*) 0 1 2 3 4 5 6 7 8 9 17 18 19 20 21 22 23 24 25 26 27 28 29 30 31 32 34
(34,*) 0 1 2 3 4 5 6 7 8 9 17 18 19 20 21 22 23 24 25 26 27 28 29 30 31 32 33
;
set A2:=
(24,*) 25
(25,*) 24
;
param BigM:=99999;
param n:= 4;
param d:=
1	3
2	4
3	2
4	18
5	12
6	24
7	14
8	19
9	2
10	14
11	16
12	24
13	19
14	22
15	9
16	19
17	6
18	24
19	6
20	16
21	15
22	7
23	21
;
param Q:=100;
param w:=
[24,*] 25 0.1
[25,*] 24 0.1
;
param V:=
[24,*] 25 92
[25,*] 24 92
;
param e:
	24	25	26	27	28	29	30	31	32	33:=
10		0		0		0		0		1		0		0		0		0		0	
11		0		0		1		0		0		1		0		0		0		0	
12		0		0		0		0		0		0		1		0		0		0	
13		0		0		1		0		0		1		0		0		0		0	
14		0		0		0		1		0		0		0		0		0		0	
15		0		0		1		0		0		0		0		0		0		0	
16		0		0		1		0		0		0		0		0		0		0	
17		0		1		0		0		0		1		0		0		0		0	
18		0		0		0		1		0		0		0		0		0		0	
19		0		1		0		0		0		0		0		0		0		0	
20		0		0		0		0		0		1		0		0		0		0	
21		0		1		0		0		0		0		0		0		0		0	
22		0		0		0		1		0		0		0		0		0		0	
23		0		1		0		0		0		1		0		0		0		0	
;
param p:=
1	3
2	3
3	3
4	3
;
param G:=
24	92
25	73
26	93
27	88
28	76
29	93
30	97
31	90
32	100
33	81
;
param s:=
0	0
1	10
2	10
3	10
4	10
5	10
6	10
7	10
8	10
9	10
17	10
18	10
19	10
20	10
21	10
22	10
23	10
24	10
25	10
26	10
27	10
28	10
29	10
30	10
31	10
32	10
33	10
;
param t:
	0	1	2	3	4	5	6	7	8	9	10	11	12	13	14	15	16	17	18	19	20	21	22	23	24	25	26	27	28	29	30	31	32	33	34:=
0	0.0	27.02	84.17	62.29	25.71	51.88	73.82	101.41	97.58	21.1	16.28	51.04	25.24	74.55	81.74	72.78	34.93	75.58	75.96	85.6	37.05	84.86	54.57	77.88	20.81	83.49	64.94	61.19	13.0	62.8	45.28	17.12	54.08	35.47	0.0
1	27.02	0.0	58.52	42.45	28.16	29.15	64.5	74.41	70.77	19.42	24.02	41.05	3.0	64.41	60.3	65.46	38.08	52.39	64.4	58.6	30.48	58.14	43.86	55.11	29.27	56.85	56.86	48.6	33.12	46.32	18.87	38.95	30.02	8.49	27.02
2	84.17	58.52	0.0	31.76	83.49	54.34	96.25	32.0	35.9	76.12	82.0	80.81	59.46	94.85	23.35	100.09	91.02	55.61	55.15	20.12	79.06	32.45	52.77	58.26	75.6	33.6	92.97	49.04	85.44	72.62	46.01	90.7	30.53	51.2	84.17
3	62.29	42.45	31.76	0.0	70.6	55.17	99.09	61.85	63.39	61.85	65.76	78.24	41.77	98.31	19.65	101.53	80.32	68.45	29.15	46.39	71.11	55.08	21.02	71.59	48.47	55.23	93.24	18.11	59.77	76.42	41.11	64.26	16.28	38.91	62.29
4	25.71	28.16	83.49	70.6	0.0	36.62	48.26	92.57	86.95	8.94	9.49	26.31	29.15	49.09	88.12	47.07	10.63	58.05	91.42	78.77	12.65	74.3	70.18	59.67	43.57	72.56	39.32	75.66	38.6	40.31	37.85	42.76	57.43	33.06	25.71
5	51.88	29.15	54.34	55.17	36.62	0.0	44.2	56.65	50.54	33.3	40.36	26.48	32.14	43.28	66.89	47.17	40.5	23.77	83.01	44.41	27.51	38.08	65.74	26.25	58.42	36.25	39.36	68.26	61.03	21.26	14.76	66.73	38.9	23.19	51.88
6	73.82	64.5	96.25	99.09	48.26	44.2	0.0	88.28	80.1	53.6	57.56	23.77	67.12	2.24	110.94	5.39	41.11	44.28	126.06	81.74	37.11	71.02	107.2	43.05	89.49	69.05	9.0	110.75	86.49	23.71	58.0	90.93	82.88	62.8	73.82
7	101.41	74.41	32.0	61.85	92.57	56.65	88.28	0.0	8.54	87.46	94.34	80.41	76.42	86.37	55.15	93.13	97.14	44.05	87.09	16.64	84.15	18.68	82.57	45.28	98.41	20.62	88.02	79.83	106.15	67.12	56.61	111.87	54.59	65.95	101.41
8	97.58	70.77	35.9	63.39	86.95	50.54	80.1	8.54	0.0	82.42	89.4	73.25	73.0	78.16	59.23	85.02	90.87	36.01	90.09	17.03	77.88	12.81	83.55	37.05	96.25	14.42	80.16	81.5	103.23	59.41	52.35	109.02	54.08	62.29	97.58
9	21.1	19.42	76.12	61.85	8.94	33.3	53.6	87.46	82.42	0.0	7.07	30.27	20.25	54.13	79.63	53.14	19.42	56.3	82.49	72.92	16.49	69.63	61.29	58.31	36.25	68.01	44.92	66.73	33.14	41.77	31.38	38.0	49.09	25.08	21.1
10	16.28	24.02	82.0	65.76	9.49	40.36	57.56	94.34	89.4	7.07	0.0	35.01	24.08	58.31	84.15	56.52	19.42	63.25	84.53	79.61	21.02	76.61	63.06	65.19	34.41	75.0	48.66	68.94	29.12	47.8	38.01	33.38	54.04	30.81	16.28
11	51.04	41.05	80.81	78.24	26.31	26.48	23.77	80.41	73.25	30.27	35.01	0.0	43.57	24.04	92.14	24.41	22.47	38.91	103.97	70.01	14.0	61.81	84.39	39.45	65.8	59.84	15.81	88.39	63.39	16.28	37.59	68.12	62.43	40.31	51.04
12	25.24	3.0	59.46	41.77	29.15	32.14	67.12	76.42	73.0	20.25	24.08	43.57	0.0	67.08	60.07	67.96	39.36	55.32	62.68	60.44	32.53	60.44	41.87	58.05	26.31	59.2	59.36	46.87	30.53	49.24	21.47	36.36	30.27	10.82	25.24
13	74.55	64.41	94.85	98.31	49.09	43.28	2.24	86.37	78.16	54.13	58.31	24.04	67.08	0.0	109.86	7.62	42.3	42.43	125.5	80.08	37.66	69.23	106.83	41.11	89.84	67.27	10.2	110.26	87.13	22.47	57.28	91.66	82.07	62.43	74.55
14	81.74	60.3	23.35	19.65	88.12	66.89	110.94	55.15	59.23	79.63	84.15	92.14	60.07	109.86	0.0	114.06	97.29	74.52	32.98	43.01	86.98	54.63	36.88	77.47	68.01	55.46	106.17	31.14	79.4	87.42	54.63	83.82	30.81	55.32	81.74
15	72.78	65.46	100.09	101.53	47.07	47.17	5.39	93.13	85.02	53.14	56.52	24.41	67.96	7.62	114.06	0.0	39.05	49.09	128.0	86.12	36.77	75.66	108.71	48.0	89.32	73.68	8.6	112.54	85.62	27.51	60.44	89.82	85.43	64.44	72.78
16	34.93	38.08	91.02	80.32	10.63	40.5	41.11	97.14	90.87	19.42	19.42	22.47	39.36	42.3	97.29	39.05	0.0	59.2	101.87	84.4	13.0	78.55	80.71	60.31	53.82	76.69	32.14	86.09	47.93	38.42	45.01	51.55	66.49	41.98	34.93
17	75.58	52.39	55.61	68.45	58.05	23.77	44.28	44.05	36.01	56.3	63.25	38.91	55.32	42.43	74.52	49.09	59.2	0.0	97.58	38.48	46.75	26.93	83.43	3.16	81.58	25.0	44.18	84.43	84.76	23.77	35.06	90.48	53.14	45.4	75.58
18	75.96	64.4	55.15	29.15	91.42	83.01	126.06	87.09	90.09	82.49	84.53	103.97	62.68	125.5	32.98	128.0	101.87	97.58	0.0	73.17	94.81	83.19	21.54	100.72	56.72	83.55	119.5	15.81	68.59	104.2	68.41	71.11	44.78	63.66	75.96
19	85.6	58.6	20.12	46.39	78.77	44.41	81.74	16.64	17.03	72.92	79.61	70.01	60.44	80.08	43.01	86.12	84.4	38.48	73.17	0.0	71.59	12.73	66.71	40.71	81.84	14.21	79.91	64.5	89.81	58.86	41.59	95.48	38.01	50.22	85.6
20	37.05	30.48	79.06	71.11	12.65	27.51	37.11	84.15	77.88	16.49	21.02	14.0	32.53	37.66	86.98	36.77	13.0	46.75	94.81	71.59	0.0	65.55	74.33	48.08	52.55	63.69	28.46	79.03	49.5	27.73	33.24	54.15	56.3	32.2	37.05
21	84.86	58.14	32.45	55.08	74.3	38.08	71.02	18.68	12.81	69.63	76.61	61.81	60.44	69.23	54.63	75.66	78.55	26.93	83.19	12.73	65.55	0.0	74.24	28.79	84.22	2.0	70.06	73.01	90.8	49.01	39.6	96.61	43.74	49.68	84.86
22	54.57	43.86	52.77	21.02	70.18	65.74	107.2	82.57	83.55	61.29	63.06	84.39	41.87	106.83	36.88	108.71	80.71	83.43	21.54	66.71	74.33	74.24	0.0	86.59	36.01	74.11	100.12	7.07	48.01	86.45	50.99	51.16	31.06	44.41	54.57
23	77.88	55.11	58.26	71.59	59.67	26.25	43.05	45.28	37.05	58.31	65.19	39.45	58.05	41.11	77.47	48.0	60.31	3.16	100.72	40.71	48.08	28.79	86.59	0.0	84.34	26.93	43.57	87.6	87.28	23.77	38.01	92.97	56.3	48.26	77.88
24	20.81	29.27	75.6	48.47	43.57	58.42	89.49	98.41	96.25	36.25	34.41	65.8	26.31	89.84	68.01	89.32	53.82	81.58	56.72	81.84	52.55	84.22	36.01	84.34	0.0	83.24	80.99	43.0	12.0	74.33	47.13	15.81	45.34	36.4	20.81
25	83.49	56.85	33.6	55.23	72.56	36.25	69.05	20.62	14.42	68.01	75.0	59.84	59.2	67.27	55.46	73.68	76.69	25.0	83.55	14.21	63.69	2.0	74.11	26.93	83.24	0.0	68.07	73.06	89.63	47.01	38.21	95.44	43.42	48.41	83.49
26	64.94	56.86	92.97	93.24	39.32	39.36	9.0	88.02	80.16	44.92	48.66	15.81	59.36	10.2	106.17	8.6	32.14	44.18	119.5	79.91	28.46	70.06	100.12	43.57	80.99	68.07	0.0	104.0	77.67	21.1	52.2	82.04	77.2	55.9	64.94
27	61.19	48.6	49.04	18.11	75.66	68.26	110.75	79.83	81.5	66.73	68.94	88.39	46.87	110.26	31.14	112.54	86.09	84.43	15.81	64.5	79.03	73.01	7.07	87.6	43.0	73.06	104.0	0.0	55.0	89.31	53.54	58.22	31.32	48.1	61.19
28	13.0	33.12	85.44	59.77	38.6	61.03	86.49	106.15	103.23	33.14	29.12	63.39	30.53	87.13	79.4	85.62	47.93	84.76	68.59	89.81	49.5	90.8	48.01	87.28	12.0	89.63	77.67	55.0	0.0	74.17	51.97	5.83	54.92	41.34	13.0
29	62.8	46.32	72.62	76.42	40.31	21.26	23.71	67.12	59.41	41.77	47.8	16.28	49.24	22.47	87.42	27.51	38.42	23.77	104.2	58.86	27.73	49.01	86.45	23.77	74.33	47.01	21.1	89.31	74.17	0.0	35.81	79.4	60.14	42.54	62.8
30	45.28	18.87	46.01	41.11	37.85	14.76	58.0	56.61	52.35	31.38	38.01	37.59	21.47	57.28	54.63	60.44	45.01	35.06	68.41	41.59	33.24	39.6	50.99	38.01	47.13	38.21	52.2	53.54	51.97	35.81	0.0	57.8	25.0	10.77	45.28
31	17.12	38.95	90.7	64.26	42.76	66.73	90.93	111.87	109.02	38.0	33.38	68.12	36.36	91.66	83.82	89.82	51.55	90.48	71.11	95.48	54.15	96.61	51.16	92.97	15.81	95.44	82.04	58.22	5.83	79.4	57.8	0.0	60.22	47.17	17.12
32	54.08	30.02	30.53	16.28	57.43	38.9	82.88	54.59	54.08	49.09	54.04	62.43	30.27	82.07	30.81	85.43	66.49	53.14	44.78	38.01	56.3	43.74	31.06	56.3	45.34	43.42	77.2	31.32	54.92	60.14	25.0	60.22	0.0	24.52	54.08
33	35.47	8.49	51.2	38.91	33.06	23.19	62.8	65.95	62.29	25.08	30.81	40.31	10.82	62.43	55.32	64.44	41.98	45.4	63.66	50.22	32.2	49.68	44.41	48.26	36.4	48.41	55.9	48.1	41.34	42.54	10.77	47.17	24.52	0.0	35.47
;
