set K:= 1	2	3	4;
set C_H:= 1	2	3	4	5	6	7;
set C_S:= 8	9	10	11	12	13	14	15	16;
set C_F:= 17	18	19	20	21	22	23	24	25;
set M:= 26	27	28	29	30	31;
set L_B:= 32;
set A1:=
(0,*) 1 2 3 4 5 6 7 17 18 19 20 21 22 23 24 25 26 27 28 29 30 31 32 33
(1,*) 0 2 3 4 5 6 7 17 18 19 20 21 22 23 24 25 26 27 28 29 30 31 32 33
(2,*) 0 1 3 4 5 6 7 17 18 19 20 21 22 23 24 25 26 27 28 29 30 31 32 33
(3,*) 0 1 2 4 5 6 7 17 18 19 20 21 22 23 24 25 26 27 28 29 30 31 32 33
(4,*) 0 1 2 3 5 6 7 17 18 19 20 21 22 23 24 25 26 27 28 29 30 31 32 33
(5,*) 0 1 2 3 4 6 7 17 18 19 20 21 22 23 24 25 26 27 28 29 30 31 32 33
(6,*) 0 1 2 3 4 5 7 17 18 19 20 21 22 23 24 25 26 27 28 29 30 31 32 33
(7,*) 0 1 2 3 4 5 6 17 18 19 20 21 22 23 24 25 26 27 28 29 30 31 32 33
(17,*) 0 1 2 3 4 5 6 7 18 19 20 21 22 23 24 25 26 27 28 29 30 31 32 33
(18,*) 0 1 2 3 4 5 6 7 17 19 20 21 22 23 24 25 26 27 28 29 30 31 32 33
(19,*) 0 1 2 3 4 5 6 7 17 18 20 21 22 23 24 25 26 27 28 29 30 31 32 33
(20,*) 0 1 2 3 4 5 6 7 17 18 19 21 22 23 24 25 26 27 28 29 30 31 32 33
(21,*) 0 1 2 3 4 5 6 7 17 18 19 20 22 23 24 25 26 27 28 29 30 31 32 33
(22,*) 0 1 2 3 4 5 6 7 17 18 19 20 21 23 24 25 26 27 28 29 30 31 32 33
(23,*) 0 1 2 3 4 5 6 7 17 18 19 20 21 22 24 25 26 27 28 29 30 31 32 33
(24,*) 0 1 2 3 4 5 6 7 17 18 19 20 21 22 23 25 26 27 28 29 30 31 32 33
(25,*) 0 1 2 3 4 5 6 7 17 18 19 20 21 22 23 24 26 27 28 29 30 31 32 33
(26,*) 0 1 2 3 4 5 6 7 17 18 19 20 21 22 23 24 25 27 28 29 30 31 32 33
(27,*) 0 1 2 3 4 5 6 7 17 18 19 20 21 22 23 24 25 26 28 29 30 31 32 33
(28,*) 0 1 2 3 4 5 6 7 17 18 19 20 21 22 23 24 25 26 27 29 30 31 32 33
(29,*) 0 1 2 3 4 5 6 7 17 18 19 20 21 22 23 24 25 26 27 28 30 31 32 33
(30,*) 0 1 2 3 4 5 6 7 17 18 19 20 21 22 23 24 25 26 27 28 29 31 32 33
(31,*) 0 1 2 3 4 5 6 7 17 18 19 20 21 22 23 24 25 26 27 28 29 30 32 33
(32,*) 0 1 2 3 4 5 6 7 17 18 19 20 21 22 23 24 25 26 27 28 29 30 31 33
(33,*) 0 1 2 3 4 5 6 7 17 18 19 20 21 22 23 24 25 26 27 28 29 30 31 32
;
set A2:=
(26,*) 27
(27,*) 26
(28,*) 29
(29,*) 28
(30,*) 31
(31,*) 30
;
param BigM:=99999;
param n:= 4;
param d:=
1	13
2	12
3	13
4	12
5	23
6	12
7	13
8	9
9	22
10	24
11	10
12	2
13	14
14	14
15	13
16	12
17	21
18	2
19	5
20	20
21	22
22	7
23	3
24	26
25	6
;
param Q:=100;
param w:=
[26,*] 27 1
[27,*] 26 1
[28,*] 29 1
[29,*] 28 1
[30,*] 31 1
[31,*] 30 1
;
param V:=
[26,*] 27 78
[27,*] 26 78
[28,*] 29 76
[29,*] 28 76
[30,*] 31 93
[31,*] 30 93
;
param e:
	26	27	28	29	30	31	32:=
8		0		0		0		1		0		0		0	
9		0		0		1		0		0		1		0	
10		0		0		1		0		0		0		0	
11		1		0		0		1		0		0		1	
12		0		1		0		0		0		0		0	
13		0		1		1		0		0		1		0	
14		1		0		0		1		0		0		1	
15		0		1		0		0		0		0		0	
16		0		1		0		0		0		1		0	
17		0		1		0		0		0		0		0	
18		0		0		0		0		0		0		1	
19		0		0		0		1		0		0		1	
20		0		0		1		0		0		0		0	
21		0		1		1		0		0		1		0	
22		0		0		1		0		0		1		0	
23		1		0		0		0		1		0		0	
24		1		0		0		1		0		0		1	
25		0		1		0		0		0		1		0	
;
param p:=
1	1
2	1
3	1
4	1
;
param G:=
26	78
27	76
28	73
29	76
30	93
31	83
32	100
;
param s:=
0	0
1	10
2	10
3	10
4	10
5	10
6	10
7	10
17	10
18	10
19	10
20	10
21	10
22	10
23	10
24	10
25	10
26	10
27	10
28	10
29	10
30	10
31	10
32	10
;
param t:
	0	1	2	3	4	5	6	7	8	9	10	11	12	13	14	15	16	17	18	19	20	21	22	23	24	25	26	27	28	29	30	31	32	33:=
0	0.0	11.66	17.0	19.92	22.2	28.02	30.36	32.02	75.01	88.77	81.15	69.35	103.48	89.29	65.12	85.28	101.83	101.4	67.91	92.2	75.06	97.64	87.09	37.01	81.3	91.68	27.29	102.07	80.01	70.11	15.52	80.52	73.16	0.0
1	11.66	0.0	9.22	29.68	24.19	25.55	24.21	41.15	65.19	92.78	87.14	60.42	100.5	93.06	56.92	82.07	99.81	100.85	60.17	82.0	81.3	97.94	94.05	34.67	72.18	90.74	19.72	100.69	86.7	60.83	11.18	84.59	64.43	11.66
2	17.0	9.22	0.0	29.83	18.44	17.09	15.0	39.82	58.01	86.15	81.88	52.47	91.35	86.28	48.51	72.92	90.8	92.18	51.55	75.24	76.3	89.55	89.5	25.94	64.38	81.99	10.77	91.81	82.0	53.15	4.47	78.06	56.34	17.0
3	19.92	29.68	29.83	0.0	19.03	29.15	36.4	12.17	83.43	72.62	62.97	75.95	97.25	73.41	70.35	80.06	94.05	91.29	72.06	101.14	56.72	86.31	68.03	35.23	87.82	82.46	36.25	93.24	61.2	77.47	25.81	64.47	79.12	19.92
4	22.2	24.19	18.44	19.03	0.0	10.2	18.36	24.7	64.85	68.59	63.51	57.07	82.01	68.88	51.35	64.07	79.93	79.2	53.04	82.57	57.87	75.47	71.06	16.76	68.88	69.53	19.8	79.98	63.56	58.69	14.14	60.41	60.16	22.2
5	28.02	25.55	17.09	29.15	10.2	0.0	9.22	34.44	54.71	70.01	67.45	46.87	75.69	70.01	41.19	57.38	74.52	75.29	43.0	72.42	62.3	72.5	75.96	9.22	58.69	65.19	12.65	75.21	68.35	48.51	14.42	62.07	49.98	28.02
6	30.36	24.21	15.0	36.4	18.36	9.22	0.0	43.05	47.07	77.32	75.89	40.05	76.69	77.16	35.13	58.26	76.55	78.79	37.66	64.76	70.94	76.84	84.69	14.0	52.04	68.45	5.39	77.9	77.08	41.3	14.87	69.58	43.55	30.36
7	32.02	41.15	39.82	12.17	24.7	34.44	43.05	0.0	88.96	62.65	51.66	80.65	93.62	63.63	74.46	77.49	89.47	85.21	75.5	106.63	45.35	79.51	56.14	37.85	92.18	77.18	44.2	87.98	49.5	82.54	35.47	54.71	83.38	32.02
8	75.01	65.19	58.01	83.43	64.85	54.71	47.07	88.96	0.0	101.87	107.81	10.0	69.07	100.85	17.03	55.73	74.11	83.19	19.24	17.72	104.69	85.87	118.26	51.88	10.0	73.98	48.26	78.41	111.07	7.07	60.21	96.26	10.74	75.01
9	88.77	92.78	86.15	72.62	68.59	70.01	77.32	62.65	101.87	0.0	17.72	91.92	58.82	2.0	85.09	54.41	50.7	39.32	82.68	115.6	21.95	31.26	26.02	63.39	98.6	39.0	82.15	45.89	23.77	95.02	82.3	8.25	91.73	88.77
10	81.15	87.14	81.88	62.97	63.51	67.45	75.89	51.66	107.81	17.72	0.0	97.84	74.15	19.65	90.79	66.71	66.48	56.0	89.14	123.04	6.32	48.01	10.82	62.77	106.08	53.94	80.08	62.13	6.08	100.77	77.65	15.3	98.39	81.15
11	69.35	60.42	52.47	75.95	57.07	46.87	40.05	80.65	10.0	91.92	97.84	0.0	61.66	90.92	7.07	47.1	66.03	74.43	9.49	26.42	94.76	76.69	108.3	43.08	12.0	64.94	42.11	70.03	101.14	3.16	54.08	86.27	4.31	69.35
12	103.48	100.5	91.35	97.25	82.01	75.69	76.69	93.62	69.07	58.82	74.15	61.66	0.0	56.92	57.72	18.44	8.6	21.4	53.37	75.31	75.33	28.65	84.17	66.53	61.07	20.22	81.84	14.21	79.91	64.5	89.81	58.86	58.8	103.48
13	89.29	93.06	86.28	73.41	68.88	70.01	77.16	63.63	100.85	2.0	19.65	90.92	56.92	0.0	84.12	52.8	48.76	37.34	81.63	114.4	23.71	29.27	28.02	63.2	97.42	37.16	82.05	43.93	25.71	94.02	82.49	8.94	90.64	89.29
14	65.12	56.92	48.51	70.35	51.35	41.19	35.13	74.46	17.03	85.09	90.79	7.07	57.72	84.12	0.0	42.05	61.4	69.07	4.47	33.29	87.69	70.86	101.24	36.69	17.72	59.3	37.85	65.07	94.07	10.0	49.65	79.32	8.92	65.12
15	85.28	82.07	72.92	80.06	64.07	57.38	58.26	77.49	55.73	54.41	66.71	47.1	18.44	52.8	42.05	0.0	19.65	27.46	38.0	65.39	66.41	30.87	77.39	48.27	49.34	18.79	63.41	23.02	71.87	50.16	71.42	51.88	45.02	85.28
16	101.83	99.81	90.8	94.05	79.93	74.52	76.55	89.47	74.11	50.7	66.48	66.03	8.6	48.76	61.4	19.65	0.0	12.81	57.22	81.74	68.03	20.12	76.3	65.3	66.75	13.15	81.84	5.66	72.34	69.01	88.87	51.24	63.56	101.83
17	101.4	100.85	92.18	91.29	79.2	75.29	78.79	85.21	83.19	39.32	56.0	74.43	21.4	37.34	69.07	27.46	12.81	0.0	65.19	92.36	58.31	8.06	65.28	66.24	76.66	10.44	84.17	7.21	62.01	77.52	89.69	41.11	72.47	101.4
18	67.91	60.17	51.55	72.06	53.04	43.0	37.66	75.5	19.24	82.68	89.14	9.49	53.37	81.63	4.47	38.0	57.22	65.19	0.0	34.06	86.31	67.27	99.7	37.66	17.49	55.58	40.8	61.01	92.66	12.65	52.39	77.2	9.26	67.91
19	92.2	82.0	75.24	101.14	82.57	72.42	64.76	106.63	17.72	115.6	123.04	26.42	75.31	114.4	33.29	65.39	81.74	92.36	34.06	0.0	120.34	96.25	133.66	69.35	17.03	84.17	65.76	86.68	126.67	24.17	77.65	110.63	24.85	92.2
20	75.06	81.3	76.3	56.72	57.87	62.3	70.94	45.35	104.69	21.95	6.32	94.76	75.33	23.71	87.69	66.41	68.03	58.31	86.31	120.34	0.0	50.49	13.89	58.14	103.48	55.15	74.95	64.03	6.4	97.62	72.01	17.26	95.57	75.06
21	97.64	97.94	89.55	86.31	75.47	72.5	76.84	79.51	85.87	31.26	48.01	76.69	28.65	29.27	70.86	30.87	20.12	8.06	67.27	96.25	50.49	0.0	57.22	63.69	80.06	12.08	82.22	14.87	54.04	79.83	86.76	33.24	75.13	97.64
22	87.09	94.05	89.5	68.03	71.06	75.96	84.69	56.14	118.26	26.02	10.82	108.3	84.17	28.02	101.24	77.39	76.3	65.28	99.7	133.66	13.89	57.22	0.0	72.01	116.73	64.03	88.6	71.7	7.62	111.2	85.15	25.63	108.96	87.09
23	37.01	34.67	25.94	35.23	16.76	9.22	14.0	37.85	51.88	63.39	62.77	43.08	66.53	63.2	36.69	48.27	65.3	66.24	37.66	69.35	58.14	63.69	72.01	0.0	54.41	56.08	19.1	66.03	64.41	45.19	23.6	55.73	45.6	37.01
24	81.3	72.18	64.38	87.82	68.88	58.69	52.04	92.18	10.0	98.6	106.08	12.0	61.07	97.42	17.72	49.34	66.75	76.66	17.49	17.03	103.48	80.06	116.73	54.41	0.0	68.01	54.08	71.39	109.79	11.4	66.07	93.61	8.8	81.3
25	91.68	90.74	81.99	82.46	69.53	65.19	68.45	77.18	73.98	39.0	53.94	64.94	20.22	37.16	59.3	18.79	13.15	10.44	55.58	84.17	55.15	12.08	64.03	56.08	68.01	0.0	73.82	10.82	59.68	68.07	79.61	38.64	63.24	91.68
26	27.29	19.72	10.77	36.25	19.8	12.65	5.39	44.2	48.26	82.15	80.08	42.11	81.84	82.05	37.85	63.41	81.84	84.17	40.8	65.76	74.95	82.22	88.6	19.1	54.08	73.82	0.0	83.24	80.99	43.0	12.0	74.33	45.87	27.29
27	102.07	100.69	91.81	93.24	79.98	75.21	77.9	87.98	78.41	45.89	62.13	70.03	14.21	43.93	65.07	23.02	5.66	7.21	61.01	86.68	64.03	14.87	71.7	66.03	71.39	10.82	83.24	0.0	68.07	73.06	89.63	47.01	67.77	102.07
28	80.01	86.7	82.0	61.2	63.56	68.35	77.08	49.5	111.07	23.77	6.08	101.14	79.91	25.71	94.07	71.87	72.34	62.01	92.66	126.67	6.4	54.04	7.62	64.41	109.79	59.68	80.99	68.07	0.0	104.0	77.67	21.1	101.91	80.01
29	70.11	60.83	53.15	77.47	58.69	48.51	41.3	82.54	7.07	95.02	100.77	3.16	64.5	94.02	10.0	50.16	69.01	77.52	12.65	24.17	97.62	79.83	111.2	45.19	11.4	68.07	43.0	73.06	104.0	0.0	55.0	89.31	6.02	70.11
30	15.52	11.18	4.47	25.81	14.14	14.42	14.87	35.47	60.21	82.3	77.65	54.08	89.81	82.49	49.65	71.42	88.87	89.69	52.39	77.65	72.01	86.76	85.15	23.6	66.07	79.61	12.0	89.63	77.67	55.0	0.0	74.17	57.8	15.52
31	80.52	84.59	78.06	64.47	60.41	62.07	69.58	54.71	96.26	8.25	15.3	86.27	58.86	8.94	79.32	51.88	51.24	41.11	77.2	110.63	17.26	33.24	25.63	55.73	93.61	38.64	74.33	47.01	21.1	89.31	74.17	0.0	86.37	80.52
32	73.16	64.43	56.34	79.12	60.16	49.98	43.55	83.38	10.74	91.73	98.39	4.31	58.8	90.64	8.92	45.02	63.56	72.47	9.26	24.85	95.57	75.13	108.96	45.6	8.8	63.24	45.87	67.77	101.91	6.02	57.8	86.37	0.0	73.16
;
