vehicles
vehicle_idx, capacity, cost_per_unit_distance
1,100,3
2,100,3
3,100,3
4,100,3
depot
node_idx,x,y
0,82,76
home delivery customers
node_idx,x,y,service_time,demand
1,5,42,10,4
2,58,30,10,12
3,61,62,10,24
4,49,8,10,6
5,1,65,10,22
6,84,25,10,16
7,91,2,10,19
8,3,82,10,8
self pickup customers
node_idx,x,y,service_time,demand,locker_idxs
9,50,93,10,8,23
10,13,7,10,19,30
11,50,5,10,21,28-24
12,19,32,10,1,24
13,9,97,10,24,26
14,20,70,10,2,26
15,42,9,10,8,24
flexible customers
node_idx,x,y,service_time,demand,locker_idxs
16,14,24,10,6,30
17,61,59,10,3,32-31-29
18,98,5,10,9,25
19,93,3,10,24,25-28
20,23,15,10,15,24
21,5,10,10,14,30
22,80,55,10,2,29
lockers
node_idx,x,y,service_time,capacity,cost_per_unit_good
23,65,88,10,85
24,25,15,10,83
25,93,12,10,93
26,22,88,10,89
27,77,88,10,76
28,72,14,10,86
29,55,52,10,70
30,19,12,10,77
31,52,51,10,78
32,53,45,10,97
mrt lines
start_node_idx,end_node_idx,freight_capacity,cost_per_unit_good
23,24,85,0.1
24,23,85,0.1
25,26,93,0.1
26,25,93,0.1
27,28,86,0.1
28,27,86,0.1
distance matrix
,0,1,2,3,4,5,6,7,8,9,10,11,12,13,14,15,16,17,18,19,20,21,22,23,24,25,26,27,28,29,30,31,32,
0,0.0,84.17,51.88,25.24,75.58,81.74,51.04,74.55,79.23,36.24,97.58,77.88,76.84,75.96,62.29,78.03,85.6,27.02,72.78,73.82,84.86,101.41,21.1,20.81,83.49,64.94,61.19,13.0,62.8,36.12,89.81,39.05,42.45
1,84.17,0.0,54.34,59.46,55.61,23.35,80.81,94.85,40.05,68.01,35.9,58.26,17.2,55.15,31.76,49.58,20.12,58.52,100.09,96.25,32.45,32.0,76.12,75.6,33.6,92.97,49.04,85.44,72.62,50.99,33.11,47.85,48.09
2,51.88,54.34,0.0,32.14,23.77,66.89,26.48,43.28,75.69,63.51,50.54,26.25,39.05,83.01,55.17,26.4,44.41,29.15,47.17,44.2,38.08,56.65,33.3,58.42,36.25,39.36,68.26,61.03,21.26,22.2,42.95,21.84,15.81
3,25.24,59.46,32.14,0.0,55.32,60.07,43.57,67.08,61.35,32.89,73.0,58.05,51.61,62.68,41.77,56.3,60.44,3.0,67.96,67.12,60.44,76.42,20.25,26.31,59.2,59.36,46.87,30.53,49.24,11.66,65.3,14.21,18.79
4,75.58,55.61,23.77,55.32,0.0,74.52,38.91,42.43,87.13,85.01,36.01,3.16,38.42,97.58,68.45,7.07,38.48,52.39,49.09,44.28,26.93,44.05,56.3,81.58,25.0,44.18,84.43,84.76,23.77,44.41,30.27,43.1,37.22
5,81.74,23.35,66.89,60.07,74.52,0.0,92.14,109.86,17.12,56.44,59.23,77.47,37.59,32.98,19.65,69.4,43.01,60.3,114.06,110.94,54.63,55.15,79.63,68.01,55.46,106.17,31.14,79.4,87.42,55.54,55.97,52.89,55.71
6,51.04,80.81,26.48,43.57,38.91,92.14,0.0,24.04,99.05,76.03,73.25,39.45,65.38,103.97,78.24,44.94,70.01,41.05,24.41,23.77,61.81,80.41,30.27,65.8,59.84,15.81,88.39,63.39,16.28,39.62,66.29,41.23,36.89
7,74.55,94.85,43.28,67.08,42.43,109.86,24.04,0.0,118.93,99.81,78.16,41.11,78.0,125.5,98.31,49.5,80.08,64.41,7.62,2.24,69.23,86.37,54.13,89.84,67.27,10.2,110.26,87.13,22.47,61.61,72.69,62.63,57.38
8,79.23,40.05,75.69,61.35,87.13,17.12,99.05,118.93,0.0,48.27,75.66,90.21,52.5,16.16,20.81,82.76,59.03,62.39,122.29,119.75,69.92,72.03,81.6,62.29,70.52,114.02,19.92,74.24,96.88,60.03,71.81,57.98,62.2
9,36.24,68.01,63.51,32.89,85.01,56.44,76.03,99.81,48.27,0.0,93.62,88.0,68.43,41.19,37.8,84.38,77.83,35.74,100.24,99.74,82.54,94.41,48.41,15.81,81.91,91.71,28.44,27.46,82.01,41.3,86.73,42.05,48.09
10,97.58,35.9,50.54,73.0,36.01,59.23,73.25,78.16,75.66,93.62,0.0,37.05,25.71,90.09,63.39,29.07,17.03,70.77,85.02,80.1,12.81,8.54,82.42,96.25,14.42,80.16,81.5,103.23,59.41,61.55,7.81,58.8,55.17
11,77.88,58.26,26.25,58.05,3.16,77.47,39.45,41.11,90.21,88.0,37.05,0.0,41.11,100.72,71.59,8.94,40.71,55.11,48.0,43.05,28.79,45.28,58.31,84.34,26.93,43.57,87.6,87.28,23.77,47.27,31.78,46.04,40.11
12,76.84,17.2,39.05,51.61,38.42,37.59,65.38,78.0,52.5,68.43,25.71,41.11,0.0,65.76,38.01,32.53,9.43,49.93,83.49,79.48,17.46,26.08,65.19,72.47,18.03,76.66,56.08,80.62,55.97,41.18,20.0,38.08,36.4
13,75.96,55.15,83.01,62.68,97.58,32.98,103.97,125.5,16.16,41.19,90.09,100.72,65.76,0.0,29.15,93.98,73.17,64.4,128.0,126.06,83.19,87.09,82.49,56.72,83.55,119.5,15.81,68.59,104.2,64.35,85.59,62.97,68.12
14,62.29,31.76,55.17,41.77,68.45,19.65,78.24,98.31,20.81,37.8,63.39,71.59,38.01,29.15,0.0,64.85,46.39,42.45,101.53,99.09,55.08,61.85,61.85,48.47,55.23,93.24,18.11,59.77,76.42,39.36,58.01,37.22,41.4
15,78.03,49.58,26.4,56.3,7.07,69.4,44.94,49.5,82.76,84.38,29.07,8.94,32.53,93.98,64.85,0.0,31.76,53.49,56.14,51.35,19.92,37.01,59.67,82.28,18.03,51.09,81.49,86.41,30.41,44.92,23.19,43.17,37.64
16,85.6,20.12,44.41,60.44,38.48,43.01,70.01,80.08,59.03,77.83,17.03,40.71,9.43,73.17,46.39,31.76,0.0,58.6,86.12,81.74,12.73,16.64,72.92,81.84,14.21,79.91,64.5,89.81,58.86,49.65,13.0,46.62,44.29
17,27.02,58.52,29.15,3.0,52.39,60.3,41.05,64.41,62.39,35.74,70.77,55.11,49.93,64.4,42.45,53.49,58.6,0.0,65.46,64.5,58.14,74.41,19.42,29.27,56.85,56.86,48.6,33.12,46.32,9.22,63.03,12.04,16.12
18,72.78,100.09,47.17,67.96,49.09,114.06,24.41,7.62,122.29,100.24,85.02,48.0,83.49,128.0,101.53,56.14,86.12,65.46,0.0,5.39,75.66,93.13,53.14,89.32,73.68,8.6,112.54,85.62,27.51,63.7,79.31,65.05,60.21
19,73.82,96.25,44.2,67.12,44.28,110.94,23.77,2.24,119.75,99.74,80.1,43.05,79.48,126.06,99.09,51.35,81.74,64.5,5.39,0.0,71.02,88.28,53.6,89.49,69.05,9.0,110.75,86.49,23.71,62.01,74.55,63.13,58.0
20,84.86,32.45,38.08,60.44,26.93,54.63,61.81,69.23,69.92,82.54,12.81,28.79,17.46,83.19,55.08,19.92,12.73,58.14,75.66,71.02,0.0,18.68,69.63,84.22,2.0,70.06,73.01,90.8,49.01,48.92,5.0,46.23,42.43
21,101.41,32.0,56.65,76.42,44.05,55.15,80.41,86.37,72.03,94.41,8.54,45.28,26.08,87.09,61.85,37.01,16.64,74.41,93.13,88.28,18.68,0.0,87.46,98.41,20.62,88.02,79.83,106.15,67.12,65.3,14.14,62.37,59.41
22,21.1,76.12,33.3,20.25,56.3,79.63,30.27,54.13,81.6,48.41,82.42,58.31,65.19,82.49,61.85,59.67,72.92,19.42,53.14,53.6,69.63,87.46,0.0,36.25,68.01,44.92,66.73,33.14,41.77,25.18,74.63,28.28,28.79
23,20.81,75.6,58.42,26.31,81.58,68.01,65.8,89.84,62.29,15.81,96.25,84.34,72.47,56.72,48.47,82.28,81.84,29.27,89.32,89.49,84.22,98.41,36.25,0.0,83.24,80.99,43.0,12.0,74.33,37.36,88.84,39.22,44.64
24,83.49,33.6,36.25,59.2,25.0,55.46,59.84,67.27,70.52,81.91,14.42,26.93,18.03,83.55,55.23,18.03,14.21,56.85,73.68,69.05,2.0,20.62,68.01,83.24,0.0,68.07,73.06,89.63,47.01,47.63,6.71,45.0,41.04
25,64.94,92.97,39.36,59.36,44.18,106.17,15.81,10.2,114.02,91.71,80.16,43.57,76.66,119.5,93.24,51.09,79.91,56.86,8.6,9.0,70.06,88.02,44.92,80.99,68.07,0.0,104.0,77.67,21.1,55.17,74.0,56.59,51.86
26,61.19,49.04,68.26,46.87,84.43,31.14,88.39,110.26,19.92,28.44,81.5,87.6,56.08,15.81,18.11,81.49,64.5,48.6,112.54,110.75,73.01,79.83,66.73,43.0,73.06,104.0,0.0,55.0,89.31,48.84,76.06,47.63,53.01
27,13.0,85.44,61.03,30.53,84.76,79.4,63.39,87.13,74.24,27.46,103.23,87.28,80.62,68.59,59.77,86.41,89.81,33.12,85.62,86.49,90.8,106.15,33.14,12.0,89.63,77.67,55.0,0.0,74.17,42.19,95.6,44.65,49.24
28,62.8,72.62,21.26,49.24,23.77,87.42,16.28,22.47,96.88,82.01,59.41,23.77,55.97,104.2,76.42,30.41,58.86,46.32,27.51,23.71,49.01,67.12,41.77,74.33,47.01,21.1,89.31,74.17,0.0,41.63,53.04,42.06,36.36
29,36.12,50.99,22.2,11.66,44.41,55.54,39.62,61.61,60.03,41.3,61.55,47.27,41.18,64.35,39.36,44.92,49.65,9.22,63.7,62.01,48.92,65.3,25.18,37.36,47.63,55.17,48.84,42.19,41.63,0.0,53.81,3.16,7.28
30,89.81,33.11,42.95,65.3,30.27,55.97,66.29,72.69,71.81,86.73,7.81,31.78,20.0,85.59,58.01,23.19,13.0,63.03,79.31,74.55,5.0,14.14,74.63,88.84,6.71,74.0,76.06,95.6,53.04,53.81,0.0,51.09,47.38
31,39.05,47.85,21.84,14.21,43.1,52.89,41.23,62.63,57.98,42.05,58.8,46.04,38.08,62.97,37.22,43.17,46.62,12.04,65.05,63.13,46.23,62.37,28.28,39.22,45.0,56.59,47.63,44.65,42.06,3.16,51.09,0.0,6.08
32,42.45,48.09,15.81,18.79,37.22,55.71,36.89,57.38,62.2,48.09,55.17,40.11,36.4,68.12,41.4,37.64,44.29,16.12,60.21,58.0,42.43,59.41,28.79,44.64,41.04,51.86,53.01,49.24,36.36,7.28,47.38,6.08,0.0
