vehicles
vehicle_idx, capacity, cost_per_unit_distance
1,100,3
2,100,3
3,100,3
4,100,3
depot
node_idx,x,y
0,82,76
home delivery customers
node_idx,x,y,service_time,demand
1,98,14,10,12
2,57,69,10,20
3,50,5,10,21
4,3,82,10,8
5,19,32,10,1
6,98,52,10,21
7,85,60,10,14
self pickup customers
node_idx,x,y,service_time,demand,locker_idxs
8,98,5,10,9,22
9,42,9,10,8,26
10,50,93,10,8,23
11,20,70,10,2,23
12,61,62,10,24,25-23
13,58,30,10,12,24
14,13,7,10,19,25
flexible customers
node_idx,x,y,service_time,demand,locker_idxs
15,84,25,10,16,22
16,88,51,10,18,25
17,96,44,10,19,22
18,80,55,10,2,25-22
19,49,8,10,6,22
20,5,42,10,4,27
21,91,2,10,19,22
lockers
node_idx,x,y,service_time,capacity,cost_per_unit_good
22,93,12,10,89
23,22,88,10,73
24,41,39,10,97
25,66,49,10,89
26,53,48,10,92
27,49,45,10,84
mrt lines
start_node_idx,end_node_idx,freight_capacity,cost_per_unit_good
distance matrix
,0,1,2,3,4,5,6,7,8,9,10,11,12,13,14,15,16,17,18,19,20,21,22,23,24,25,26,27,
0,0.0,64.03,25.96,77.88,79.23,76.84,28.84,16.28,72.78,78.03,36.24,62.29,25.24,51.88,97.58,51.04,25.71,34.93,21.1,75.58,84.17,74.55,64.94,61.19,55.23,31.38,40.31,45.28
1,64.03,0.0,68.6,48.84,116.83,81.02,38.0,47.8,9.0,56.22,92.44,96.02,60.61,43.08,85.29,17.8,38.33,30.07,44.78,49.37,97.12,13.89,5.39,106.08,62.24,47.42,56.4,57.98
2,25.96,68.6,0.0,64.38,55.54,53.04,44.38,29.41,76.01,61.85,25.0,37.01,8.06,39.01,76.03,51.62,35.85,46.32,26.93,61.52,58.59,75.13,67.42,39.82,34.0,21.93,21.38,25.3
3,77.88,48.84,64.38,0.0,90.21,41.11,67.18,65.19,48.0,8.94,88.0,71.59,58.05,26.25,37.05,39.45,59.67,60.31,58.31,3.16,58.26,41.11,43.57,87.6,35.17,46.82,43.1,40.01
4,79.23,116.83,55.54,90.21,0.0,52.5,99.62,84.9,122.29,82.76,48.27,20.81,61.35,75.69,75.66,99.05,90.48,100.46,81.6,87.13,40.05,118.93,114.02,19.92,57.38,71.12,60.46,59.03
5,76.84,81.02,53.04,41.11,52.5,0.0,81.49,71.69,83.49,32.53,68.43,38.01,51.61,39.05,25.71,65.38,71.57,77.93,65.19,38.42,17.2,78.0,76.66,56.08,23.09,49.98,37.58,32.7
6,28.84,38.0,44.38,67.18,99.62,81.49,0.0,15.26,47.0,70.6,63.13,80.05,38.33,45.65,96.18,30.41,10.05,8.25,18.25,65.86,93.54,50.49,40.31,84.1,58.46,32.14,45.18,49.5
7,16.28,47.8,29.41,65.19,84.9,71.69,15.26,0.0,56.52,66.71,48.1,65.76,24.08,40.36,89.4,35.01,9.49,19.42,7.07,63.25,82.0,58.31,48.66,68.94,48.75,21.95,34.18,39.0
8,72.78,9.0,76.01,48.0,122.29,83.49,47.0,56.52,0.0,56.14,100.24,101.53,67.96,47.17,85.02,24.41,47.07,39.05,53.14,49.09,100.09,7.62,8.6,112.54,66.37,54.41,62.24,63.25
9,78.03,56.22,61.85,8.94,82.76,32.53,70.6,66.71,56.14,0.0,84.38,64.85,56.3,26.4,29.07,44.94,62.29,64.35,59.67,7.07,49.58,49.5,51.09,81.49,30.02,46.65,40.52,36.67
10,36.24,92.44,25.0,88.0,48.27,68.43,63.13,48.1,100.24,84.38,0.0,37.8,32.89,63.51,93.62,76.03,56.64,67.21,48.41,85.01,68.01,99.81,91.71,28.44,54.74,46.82,45.1,48.01
11,62.29,96.02,37.01,71.59,20.81,38.01,80.05,65.76,101.53,64.85,37.8,0.0,41.77,55.17,63.39,78.24,70.6,80.32,61.85,68.45,31.76,98.31,93.24,18.11,37.44,50.57,39.66,38.29
12,25.24,60.61,8.06,58.05,61.35,51.61,38.33,24.08,67.96,56.3,32.89,41.77,0.0,32.14,73.0,43.57,29.15,39.36,20.25,55.32,59.46,67.08,59.36,46.87,30.48,13.93,16.12,20.81
13,51.88,43.08,39.01,26.25,75.69,39.05,45.65,40.36,47.17,26.4,63.51,55.17,32.14,0.0,50.54,26.48,36.62,40.5,33.3,23.77,54.34,43.28,39.36,68.26,19.24,20.62,18.68,17.49
14,97.58,85.29,76.03,37.05,75.66,25.71,96.18,89.4,85.02,29.07,93.62,63.39,73.0,50.54,0.0,73.25,86.95,90.87,82.42,36.01,35.9,78.16,80.16,81.5,42.52,67.62,57.28,52.35
15,51.04,17.8,51.62,39.45,99.05,65.38,30.41,35.01,24.41,44.94,76.03,78.24,43.57,26.48,73.25,0.0,26.31,22.47,30.27,38.91,80.81,24.04,15.81,88.39,45.22,30.0,38.6,40.31
16,25.71,38.33,35.85,59.67,90.48,71.57,10.05,9.49,47.07,62.29,56.64,70.6,29.15,36.62,86.95,26.31,0.0,10.63,8.94,58.05,83.49,49.09,39.32,75.66,48.51,22.09,35.13,39.46
17,34.93,30.07,46.32,60.31,100.46,77.93,8.25,19.42,39.05,64.35,67.21,80.32,39.36,40.5,90.87,22.47,10.63,0.0,19.42,59.2,91.02,42.3,32.14,86.09,55.23,30.41,43.19,47.01
18,21.1,44.78,26.93,58.31,81.6,65.19,18.25,7.07,53.14,59.67,48.41,61.85,20.25,33.3,82.42,30.27,8.94,19.42,0.0,56.3,76.12,54.13,44.92,66.73,42.15,15.23,27.89,32.57
19,75.58,49.37,61.52,3.16,87.13,38.42,65.86,63.25,49.09,7.07,85.01,68.45,55.32,23.77,36.01,38.91,58.05,59.2,56.3,0.0,55.61,42.43,44.18,84.43,32.02,44.38,40.2,37.0
20,84.17,97.12,58.59,58.26,40.05,17.2,93.54,82.0,100.09,49.58,68.01,31.76,59.46,54.34,35.9,80.81,83.49,91.02,76.12,55.61,0.0,94.85,92.97,49.04,36.12,61.4,48.37,44.1
21,74.55,13.89,75.13,41.11,118.93,78.0,50.49,58.31,7.62,49.5,99.81,98.31,67.08,43.28,78.16,24.04,49.09,42.3,54.13,42.43,94.85,0.0,10.2,110.26,62.2,53.24,59.67,60.11
22,64.94,5.39,67.42,43.57,114.02,76.66,40.31,48.66,8.6,51.09,91.71,93.24,59.36,39.36,80.16,15.81,39.32,32.14,44.92,44.18,92.97,10.2,0.0,104.0,58.59,45.8,53.81,55.0
23,61.19,106.08,39.82,87.6,19.92,56.08,84.1,68.94,112.54,81.49,28.44,18.11,46.87,68.26,81.5,88.39,75.66,86.09,66.73,84.43,49.04,110.26,104.0,0.0,52.55,58.8,50.61,50.77
24,55.23,62.24,34.0,35.17,57.38,23.09,58.46,48.75,66.37,30.02,54.74,37.44,30.48,19.24,42.52,45.22,48.51,55.23,42.15,32.02,36.12,62.2,58.59,52.55,0.0,26.93,15.0,10.0
25,31.38,47.42,21.93,46.82,71.12,49.98,32.14,21.95,54.41,46.65,46.82,50.57,13.93,20.62,67.62,30.0,22.09,30.41,15.23,44.38,61.4,53.24,45.8,58.8,26.93,0.0,13.04,17.46
26,40.31,56.4,21.38,43.1,60.46,37.58,45.18,34.18,62.24,40.52,45.1,39.66,16.12,18.68,57.28,38.6,35.13,43.19,27.89,40.2,48.37,59.67,53.81,50.61,15.0,13.04,0.0,5.0
27,45.28,57.98,25.3,40.01,59.03,32.7,49.5,39.0,63.25,36.67,48.01,38.29,20.81,17.49,52.35,40.31,39.46,47.01,32.57,37.0,44.1,60.11,55.0,50.77,10.0,17.46,5.0,0.0
