set K:= 1	2	3	4;
set C_H:= 1	2	3	4	5	6	7	8	9;
set C_S:= 10	11	12	13	14	15	16;
set C_F:= 17	18	19	20	21	22	23;
set M:= 0	1;
set M_B:= 2	3;
set L_B:= 26	27	28	29	30	31;
set A1:=
(0,*) 1 2 3 4 5 6 7 8 9 17 18 19 20 21 22 23 1 2 3 26 27 28 29 30 31
(1,*) 0 2 3 4 5 6 7 8 9 17 18 19 20 21 22 23 0 2 3 26 27 28 29 30 31
(2,*) 0 1 3 4 5 6 7 8 9 17 18 19 20 21 22 23 0 1 3 26 27 28 29 30 31
(3,*) 0 1 2 4 5 6 7 8 9 17 18 19 20 21 22 23 0 1 2 26 27 28 29 30 31
(4,*) 0 1 2 3 5 6 7 8 9 17 18 19 20 21 22 23 0 1 2 3 26 27 28 29 30 31
(5,*) 0 1 2 3 4 6 7 8 9 17 18 19 20 21 22 23 0 1 2 3 26 27 28 29 30 31
(6,*) 0 1 2 3 4 5 7 8 9 17 18 19 20 21 22 23 0 1 2 3 26 27 28 29 30 31
(7,*) 0 1 2 3 4 5 6 8 9 17 18 19 20 21 22 23 0 1 2 3 26 27 28 29 30 31
(8,*) 0 1 2 3 4 5 6 7 9 17 18 19 20 21 22 23 0 1 2 3 26 27 28 29 30 31
(9,*) 0 1 2 3 4 5 6 7 8 17 18 19 20 21 22 23 0 1 2 3 26 27 28 29 30 31
(17,*) 0 1 2 3 4 5 6 7 8 9 18 19 20 21 22 23 0 1 2 3 26 27 28 29 30 31
(18,*) 0 1 2 3 4 5 6 7 8 9 17 19 20 21 22 23 0 1 2 3 26 27 28 29 30 31
(19,*) 0 1 2 3 4 5 6 7 8 9 17 18 20 21 22 23 0 1 2 3 26 27 28 29 30 31
(20,*) 0 1 2 3 4 5 6 7 8 9 17 18 19 21 22 23 0 1 2 3 26 27 28 29 30 31
(21,*) 0 1 2 3 4 5 6 7 8 9 17 18 19 20 22 23 0 1 2 3 26 27 28 29 30 31
(22,*) 0 1 2 3 4 5 6 7 8 9 17 18 19 20 21 23 0 1 2 3 26 27 28 29 30 31
(23,*) 0 1 2 3 4 5 6 7 8 9 17 18 19 20 21 22 0 1 2 3 26 27 28 29 30 31
(0,*) 1 2 3 4 5 6 7 8 9 17 18 19 20 21 22 23 1 2 3 26 27 28 29 30 31
(1,*) 0 2 3 4 5 6 7 8 9 17 18 19 20 21 22 23 0 2 3 26 27 28 29 30 31
(2,*) 0 1 3 4 5 6 7 8 9 17 18 19 20 21 22 23 0 1 3 26 27 28 29 30 31
(3,*) 0 1 2 4 5 6 7 8 9 17 18 19 20 21 22 23 0 1 2 26 27 28 29 30 31
(26,*) 0 1 2 3 4 5 6 7 8 9 17 18 19 20 21 22 23 0 1 2 3 27 28 29 30 31
(27,*) 0 1 2 3 4 5 6 7 8 9 17 18 19 20 21 22 23 0 1 2 3 26 28 29 30 31
(28,*) 0 1 2 3 4 5 6 7 8 9 17 18 19 20 21 22 23 0 1 2 3 26 27 29 30 31
(29,*) 0 1 2 3 4 5 6 7 8 9 17 18 19 20 21 22 23 0 1 2 3 26 27 28 30 31
(30,*) 0 1 2 3 4 5 6 7 8 9 17 18 19 20 21 22 23 0 1 2 3 26 27 28 29 31
(31,*) 0 1 2 3 4 5 6 7 8 9 17 18 19 20 21 22 23 0 1 2 3 26 27 28 29 30
;
set A2:=
(0,*) 1
;
param BigM:=99999;
param n:= 4;
param d:=
1	20
2	14
3	8
4	1
5	6
6	2
7	7
8	8
9	14
10	19
11	8
12	16
13	19
14	24
15	6
16	24
17	15
18	18
19	21
20	21
21	9
22	16
23	12
;
param Q:=100;
param w:=
[0,*] 1 0.1
;
param V:=
[0,*] 1 76
;
param e:
	24	25	26	27	28	29	30	31:=
10		0		1		0		1		1		0		0		0	
11		0		0		0		0		0		0		0		1	
12		0		0		0		0		1		0		0		0	
13		0		0		0		0		0		0		0		1	
14		0		0		0		0		0		0		0		1	
15		0		1		0		1		0		0		1		0	
16		1		0		1		0		0		0		0		0	
17		0		1		0		1		0		0		0		0	
18		0		0		0		0		0		0		1		0	
19		1		0		1		0		0		0		0		0	
20		0		1		0		1		0		0		0		0	
21		0		0		0		0		0		1		0		0	
22		0		0		0		0		0		1		0		0	
23		0		0		0		0		1		1		1		1	
;
param p:=
1	3
2	3
3	3
4	3
;
param G:=
24	74
25	76
26	74
27	76
28	78
29	91
30	93
31	87
;
param s:=
0	0
1	10
2	10
3	10
4	10
5	10
6	10
7	10
8	10
9	10
17	10
18	10
19	10
20	10
21	10
22	10
23	10
24	10
25	10
26	10
27	10
28	10
29	10
30	10
31	10
;
param t:
	0	1	2	3	4	5	6	7	8	9	10	11	12	13	14	15	16	17	18	19	20	21	22	23	24	25	26	27	28	29	30	31:=
0	0.0	25.96	101.41	36.24	76.84	85.6	21.1	54.57	78.03	16.28	97.58	79.23	51.04	74.55	73.82	75.58	75.96	84.86	25.71	28.84	77.88	72.78	37.05	51.88	20.81	83.49	20.81	83.49	40.0	49.41	38.29	50.0
1	25.96	0.0	78.64	25.0	53.04	62.24	26.93	34.41	61.85	29.41	76.03	55.54	51.62	75.13	75.18	61.52	55.57	63.81	35.85	44.38	64.38	76.01	40.36	39.01	20.62	62.77	20.62	62.77	18.38	33.24	22.0	27.46
2	101.41	78.64	0.0	94.41	26.08	16.64	87.46	82.57	37.01	94.34	8.54	72.03	80.41	86.37	88.28	44.05	87.09	18.68	92.57	102.04	45.28	93.13	84.15	56.65	98.41	20.62	98.41	20.62	61.55	54.59	63.82	51.62
3	36.24	25.0	94.41	0.0	68.43	77.83	48.41	21.38	84.38	48.1	93.62	48.27	76.03	99.81	99.74	85.01	41.19	82.54	56.64	63.13	88.0	100.24	63.81	63.51	15.81	81.91	15.81	81.91	41.0	57.08	46.53	47.68
4	76.84	53.04	26.08	68.43	0.0	9.43	65.19	57.87	32.53	71.69	25.71	52.5	65.38	78.0	79.48	38.42	65.76	17.46	71.57	81.49	41.11	83.49	65.38	39.05	72.47	18.03	72.47	18.03	36.89	34.23	40.85	26.93
5	85.6	62.24	16.64	77.83	9.43	0.0	72.92	66.71	31.76	79.61	17.03	59.03	70.01	80.08	81.74	38.48	73.17	12.73	78.77	88.54	40.71	86.12	71.59	44.41	81.84	14.21	81.84	14.21	45.61	40.8	48.76	35.61
6	21.1	26.93	87.46	48.41	65.19	72.92	0.0	61.29	59.67	7.07	82.42	81.6	30.27	54.13	53.6	56.3	82.49	69.63	8.94	18.25	58.31	53.14	16.49	33.3	36.25	68.01	36.25	68.01	30.15	33.02	24.35	39.05
7	54.57	34.41	82.57	21.38	57.87	66.71	61.29	0.0	81.05	63.06	83.55	26.93	84.39	106.83	107.2	83.43	21.54	74.24	70.18	78.29	86.59	108.71	74.33	65.74	36.01	74.11	36.01	74.11	42.54	58.18	50.48	44.92
8	78.03	61.85	37.01	84.38	32.53	31.76	59.67	81.05	0.0	66.71	29.07	82.76	44.94	49.5	51.35	7.07	93.98	19.92	62.29	70.6	8.94	56.14	51.61	26.4	82.28	18.03	82.28	18.03	43.74	29.15	40.85	37.0
9	16.28	29.41	94.34	48.1	71.69	79.61	7.07	63.06	66.71	0.0	89.4	84.9	35.01	58.31	57.56	63.25	84.53	76.61	9.49	15.26	65.19	56.52	21.02	40.36	34.41	75.0	34.41	75.0	35.9	40.0	30.87	45.22
10	97.58	76.03	8.54	93.62	25.71	17.03	82.42	83.55	29.07	89.4	0.0	75.66	73.25	78.16	80.1	36.01	90.09	12.81	86.95	96.18	37.05	85.02	77.88	50.54	96.25	14.42	96.25	14.42	58.26	49.41	59.46	48.6
11	79.23	55.54	72.03	48.27	52.5	59.03	81.6	26.93	82.76	84.9	75.66	0.0	99.05	118.93	119.75	87.13	16.16	69.92	90.48	99.62	90.21	122.29	91.71	75.69	62.29	70.52	62.29	70.52	55.76	67.94	64.35	53.08
12	51.04	51.62	80.41	76.03	65.38	70.01	30.27	84.39	44.94	35.01	73.25	99.05	0.0	24.04	23.77	38.91	103.97	61.81	26.31	30.41	39.45	24.41	14.0	26.48	65.8	59.84	65.8	59.84	43.42	32.89	34.83	46.96
13	74.55	75.13	86.37	99.81	78.0	80.08	54.13	106.83	49.5	58.31	78.16	118.93	24.04	0.0	2.24	42.43	125.5	69.23	49.09	50.49	41.11	7.62	37.66	43.28	89.84	67.27	89.84	67.27	64.66	50.99	56.4	65.86
14	73.82	75.18	88.28	99.74	79.48	81.74	53.6	107.2	51.35	57.56	80.1	119.75	23.77	2.24	0.0	44.28	126.06	71.02	48.26	49.25	43.05	5.39	37.11	44.2	89.49	69.05	89.49	69.05	65.19	51.86	56.85	66.71
15	75.58	61.52	44.05	85.01	38.42	38.48	56.3	83.43	7.07	63.25	36.01	87.13	38.91	42.43	44.28	0.0	97.58	26.93	58.05	65.86	3.16	49.09	46.75	23.77	81.58	25.0	81.58	25.0	44.01	28.28	39.81	38.64
16	75.96	55.57	87.09	41.19	65.76	73.17	82.49	21.54	93.98	84.53	90.09	16.16	103.97	125.5	126.06	97.58	0.0	83.19	91.42	99.73	100.72	128.0	94.81	83.01	56.72	83.55	56.72	83.55	60.88	75.21	69.31	60.75
17	84.86	63.81	18.68	82.54	17.46	12.73	69.63	74.24	19.92	76.61	12.81	69.92	61.81	69.23	71.02	26.93	83.19	0.0	74.3	83.63	28.79	75.66	65.55	38.08	84.22	2.0	84.22	2.0	45.8	36.62	46.69	36.36
18	25.71	35.85	92.57	56.64	71.57	78.77	8.94	70.18	62.29	9.49	86.95	90.48	26.31	49.09	48.26	58.05	91.42	74.3	0.0	10.05	59.67	47.07	12.65	36.62	43.57	72.56	43.57	72.56	38.01	38.08	31.26	46.27
19	28.84	44.38	102.04	63.13	81.49	88.54	18.25	78.29	70.6	15.26	96.18	99.62	30.41	50.49	49.25	65.86	99.73	83.63	10.05	0.0	67.18	47.0	19.1	45.65	48.84	81.84	48.84	81.84	48.0	47.76	41.3	56.32
20	77.88	64.38	45.28	88.0	41.11	40.71	58.31	86.59	8.94	65.19	37.05	90.21	39.45	41.11	43.05	3.16	100.72	28.79	59.67	67.18	0.0	48.0	48.08	26.25	84.34	26.93	84.34	26.93	47.0	31.14	42.58	41.77
21	72.78	76.01	93.13	100.24	83.49	86.12	53.14	108.71	56.14	56.52	85.02	122.29	24.41	7.62	5.39	49.09	128.0	75.66	47.07	47.0	48.0	0.0	36.77	47.17	89.32	73.68	89.32	73.68	67.18	54.64	58.69	69.4
22	37.05	40.36	84.15	63.81	65.38	71.59	16.49	74.33	51.61	21.02	77.88	91.71	14.0	37.66	37.11	46.75	94.81	65.55	12.65	19.1	48.08	36.77	0.0	27.51	52.55	63.69	52.55	63.69	36.4	31.14	28.16	42.58
23	51.88	39.01	56.65	63.51	39.05	44.41	33.3	65.74	26.4	40.36	50.54	75.69	26.48	43.28	44.2	23.77	83.01	38.08	36.62	45.65	26.25	47.17	27.51	0.0	58.42	36.25	58.42	36.25	23.41	7.81	17.03	22.63
24	20.81	20.62	98.41	15.81	72.47	81.84	36.25	36.01	82.28	34.41	96.25	62.29	65.8	89.84	89.49	81.58	56.72	84.22	43.57	48.84	84.34	89.32	52.55	58.42	0.0	83.24	0.0	83.24	39.0	53.37	41.77	47.89
25	83.49	62.77	20.62	81.91	18.03	14.21	68.01	74.11	18.03	75.0	14.42	70.52	59.84	67.27	69.05	25.0	83.55	2.0	72.56	81.84	26.93	73.68	63.69	36.25	83.24	0.0	83.24	0.0	44.65	35.0	45.25	35.36
26	20.81	20.62	98.41	15.81	72.47	81.84	36.25	36.01	82.28	34.41	96.25	62.29	65.8	89.84	89.49	81.58	56.72	84.22	43.57	48.84	84.34	89.32	52.55	58.42	0.0	83.24	0.0	83.24	39.0	53.37	41.77	47.89
27	83.49	62.77	20.62	81.91	18.03	14.21	68.01	74.11	18.03	75.0	14.42	70.52	59.84	67.27	69.05	25.0	83.55	2.0	72.56	81.84	26.93	73.68	63.69	36.25	83.24	0.0	83.24	0.0	44.65	35.0	45.25	35.36
28	40.0	18.38	61.55	41.0	36.89	45.61	30.15	42.54	43.74	35.9	58.26	55.76	43.42	64.66	65.19	44.01	60.88	45.8	38.01	48.0	47.0	67.18	36.4	23.41	39.0	44.65	39.0	44.65	0.0	16.28	8.6	10.0
29	49.41	33.24	54.59	57.08	34.23	40.8	33.02	58.18	29.15	40.0	49.41	67.94	32.89	50.99	51.86	28.28	75.21	36.62	38.08	47.76	31.14	54.64	31.14	7.81	53.37	35.0	53.37	35.0	16.28	0.0	11.7	14.87
30	38.29	22.0	63.82	46.53	40.85	48.76	24.35	50.48	40.85	30.87	59.46	64.35	34.83	56.4	56.85	39.81	69.31	46.69	31.26	41.3	42.58	58.69	28.16	17.03	41.77	45.25	41.77	45.25	8.6	11.7	0.0	15.03
31	50.0	27.46	51.62	47.68	26.93	35.61	39.05	44.92	37.0	45.22	48.6	53.08	46.96	65.86	66.71	38.64	60.75	36.36	46.27	56.32	41.77	69.4	42.58	22.63	47.89	35.36	47.89	35.36	10.0	14.87	15.03	0.0
;
