set K:= 1	2	3	4;
set C_H:= 1	2	3	4	5	6	7	8;
set C_S:= 9	10	11	12	13	14	15;
set C_F:= 16	17	18	19	20	21	22;
set M:= 23	24	25	26	27	28;
set L_B:= 29	30	31	32;
set A1:=
(0,*) 1 2 3 4 5 6 7 8 16 17 18 19 20 21 22 23 24 25 26 27 28 29 30 31 32
(1,*) 0 2 3 4 5 6 7 8 16 17 18 19 20 21 22 23 24 25 26 27 28 29 30 31 32
(2,*) 0 1 3 4 5 6 7 8 16 17 18 19 20 21 22 23 24 25 26 27 28 29 30 31 32
(3,*) 0 1 2 4 5 6 7 8 16 17 18 19 20 21 22 23 24 25 26 27 28 29 30 31 32
(4,*) 0 1 2 3 5 6 7 8 16 17 18 19 20 21 22 23 24 25 26 27 28 29 30 31 32
(5,*) 0 1 2 3 4 6 7 8 16 17 18 19 20 21 22 23 24 25 26 27 28 29 30 31 32
(6,*) 0 1 2 3 4 5 7 8 16 17 18 19 20 21 22 23 24 25 26 27 28 29 30 31 32
(7,*) 0 1 2 3 4 5 6 8 16 17 18 19 20 21 22 23 24 25 26 27 28 29 30 31 32
(8,*) 0 1 2 3 4 5 6 7 16 17 18 19 20 21 22 23 24 25 26 27 28 29 30 31 32
(16,*) 0 1 2 3 4 5 6 7 8 17 18 19 20 21 22 23 24 25 26 27 28 29 30 31 32
(17,*) 0 1 2 3 4 5 6 7 8 16 18 19 20 21 22 23 24 25 26 27 28 29 30 31 32
(18,*) 0 1 2 3 4 5 6 7 8 16 17 19 20 21 22 23 24 25 26 27 28 29 30 31 32
(19,*) 0 1 2 3 4 5 6 7 8 16 17 18 20 21 22 23 24 25 26 27 28 29 30 31 32
(20,*) 0 1 2 3 4 5 6 7 8 16 17 18 19 21 22 23 24 25 26 27 28 29 30 31 32
(21,*) 0 1 2 3 4 5 6 7 8 16 17 18 19 20 22 23 24 25 26 27 28 29 30 31 32
(22,*) 0 1 2 3 4 5 6 7 8 16 17 18 19 20 21 23 24 25 26 27 28 29 30 31 32
(23,*) 0 1 2 3 4 5 6 7 8 16 17 18 19 20 21 22 24 25 26 27 28 29 30 31 32
(24,*) 0 1 2 3 4 5 6 7 8 16 17 18 19 20 21 22 23 25 26 27 28 29 30 31 32
(25,*) 0 1 2 3 4 5 6 7 8 16 17 18 19 20 21 22 23 24 26 27 28 29 30 31 32
(26,*) 0 1 2 3 4 5 6 7 8 16 17 18 19 20 21 22 23 24 25 27 28 29 30 31 32
(27,*) 0 1 2 3 4 5 6 7 8 16 17 18 19 20 21 22 23 24 25 26 28 29 30 31 32
(28,*) 0 1 2 3 4 5 6 7 8 16 17 18 19 20 21 22 23 24 25 26 27 29 30 31 32
(29,*) 0 1 2 3 4 5 6 7 8 16 17 18 19 20 21 22 23 24 25 26 27 28 30 31 32
(30,*) 0 1 2 3 4 5 6 7 8 16 17 18 19 20 21 22 23 24 25 26 27 28 29 31 32
(31,*) 0 1 2 3 4 5 6 7 8 16 17 18 19 20 21 22 23 24 25 26 27 28 29 30 32
(32,*) 0 1 2 3 4 5 6 7 8 16 17 18 19 20 21 22 23 24 25 26 27 28 29 30 31
;
set A2:=
(23,*) 24
(24,*) 23
(25,*) 26
(26,*) 25
(27,*) 28
(28,*) 27
;
param BigM:=99999;
param n:= 4;
param d:=
1	14
2	8
3	2
4	7
5	12
6	6
7	21
8	16
9	6
10	14
11	19
12	24
13	4
14	15
15	12
16	24
17	8
18	8
19	16
20	19
21	1
22	24
;
param Q:=100;
param w:=
[23,*] 24 0.1
[24,*] 23 0.1
[25,*] 26 0.1
[26,*] 25 0.1
[27,*] 28 0.1
[28,*] 27 0.1
;
param V:=
[23,*] 24 89
[24,*] 23 89
[25,*] 26 83
[26,*] 25 83
[27,*] 28 98
[28,*] 27 98
;
param e:
	23	24	25	26	27	28	29	30	31	32:=
9		0		1		0		0		0		1		0		0		0		0	
10		0		0		0		0		1		0		0		0		0		0	
11		0		0		1		0		0		1		0		0		0		0	
12		0		0		1		0		0		1		0		0		0		0	
13		0		1		0		0		0		0		0		0		0		0	
14		0		1		0		0		0		0		0		0		0		0	
15		0		0		0		0		0		1		1		1		1		1	
16		0		0		0		0		0		0		1		1		0		1	
17		0		1		0		0		0		0		0		0		0		0	
18		0		0		0		1		0		0		0		0		0		0	
19		0		1		0		0		0		0		0		0		0		0	
20		0		0		1		0		0		0		0		0		0		0	
21		0		1		0		0		0		0		0		0		0		0	
22		0		0		0		1		0		0		0		0		0		0	
;
param p:=
1	3
2	3
3	3
4	3
;
param G:=
23	89
24	84
25	73
26	83
27	98
28	79
29	84
30	89
31	90
32	99
;
param s:=
0	0
1	10
2	10
3	10
4	10
5	10
6	10
7	10
8	10
16	10
17	10
18	10
19	10
20	10
21	10
22	10
23	10
24	10
25	10
26	10
27	10
28	10
29	10
30	10
31	10
32	10
;
param t:
	0	1	2	3	4	5	6	7	8	9	10	11	12	13	14	15	16	17	18	19	20	21	22	23	24	25	26	27	28	29	30	31	32:=
0	0.0	101.41	36.24	21.1	54.57	64.03	85.6	28.84	51.04	75.58	16.28	74.55	73.82	84.17	84.86	51.88	25.24	78.03	79.23	88.14	34.93	76.84	75.96	20.81	83.49	64.94	61.19	13.0	62.8	42.44	49.68	56.89	48.27
1	101.41	0.0	94.41	87.46	82.57	93.09	16.64	102.04	80.41	44.05	94.34	86.37	88.28	32.0	18.68	56.65	76.42	37.01	72.03	29.15	97.14	26.08	87.09	98.41	20.62	88.02	79.83	106.15	67.12	59.4	51.74	67.74	54.38
2	36.24	94.41	0.0	48.41	21.38	92.44	77.83	63.13	76.03	85.01	48.1	99.81	99.74	68.01	82.54	63.51	32.89	84.38	48.27	72.25	67.21	68.43	41.19	15.81	81.91	91.71	28.44	27.46	82.01	41.11	49.37	76.24	54.01
3	21.1	87.46	48.41	0.0	61.29	44.78	72.92	18.25	30.27	56.3	7.07	54.13	53.6	76.12	69.63	33.3	20.25	59.67	81.6	79.62	19.42	65.19	82.49	36.25	68.01	44.92	66.73	33.14	41.77	33.14	37.64	35.9	33.12
4	54.57	82.57	21.38	61.29	0.0	101.91	66.71	78.29	84.39	83.43	63.06	106.83	107.2	52.77	74.24	65.74	41.87	81.05	26.93	56.82	80.71	57.87	21.54	36.01	74.11	100.12	7.07	48.01	86.45	41.15	47.43	81.3	54.63
5	64.03	93.09	92.44	44.78	101.91	0.0	84.59	38.0	17.8	49.37	47.8	13.89	12.08	97.12	75.01	43.08	60.61	56.22	116.83	99.2	30.07	81.02	121.7	81.02	73.01	5.39	106.08	76.92	26.0	63.6	61.77	26.68	53.24
6	85.6	16.64	77.83	72.92	66.71	84.59	0.0	88.54	70.01	38.48	79.61	80.08	81.74	20.12	12.73	44.41	60.44	31.76	59.03	19.21	84.4	9.43	73.17	81.84	14.21	79.91	64.5	89.81	58.86	43.28	36.06	58.14	39.92
7	28.84	102.04	63.13	18.25	78.29	38.0	88.54	0.0	30.41	65.86	15.26	50.49	49.25	93.54	83.63	45.65	38.33	70.6	99.62	96.88	8.25	81.49	99.73	48.84	81.84	40.31	84.1	41.68	46.04	51.0	54.59	41.23	48.76
8	51.04	80.41	76.03	30.27	84.39	17.8	70.01	30.41	0.0	38.91	35.01	24.04	23.77	80.81	61.81	26.48	43.57	44.94	99.05	83.19	22.47	65.38	103.97	65.8	59.84	15.81	88.39	63.39	16.28	45.8	44.28	13.0	35.85
9	75.58	44.05	85.01	56.3	83.43	49.37	38.48	65.86	38.91	0.0	63.25	42.43	44.28	55.61	26.93	23.77	55.32	7.07	87.13	56.3	59.2	38.42	97.58	81.58	25.0	44.18	84.43	84.76	23.77	44.05	36.35	25.94	31.06
10	16.28	94.34	48.1	7.07	63.06	47.8	79.61	15.26	35.01	63.25	0.0	58.31	57.56	82.0	76.61	40.36	24.08	66.71	84.9	85.62	19.42	71.69	84.53	34.41	75.0	48.66	68.94	29.12	47.8	38.83	44.01	42.06	39.96
11	74.55	86.37	99.81	54.13	106.83	13.89	80.08	50.49	24.04	42.43	58.31	0.0	2.24	94.85	69.23	43.28	67.08	49.5	118.93	96.38	42.3	78.0	125.5	89.84	67.27	10.2	110.26	87.13	22.47	66.6	63.03	26.17	54.49
12	73.82	88.28	99.74	53.6	107.2	12.08	81.74	49.25	23.77	44.28	57.56	2.24	0.0	96.25	71.02	44.2	67.12	51.35	119.75	97.86	41.11	79.48	126.06	89.49	69.05	9.0	110.75	86.49	23.71	67.21	63.89	27.02	55.32
13	84.17	32.0	68.01	76.12	52.77	97.12	20.12	93.54	80.81	55.61	82.0	94.85	96.25	0.0	32.45	54.34	59.46	49.58	40.05	4.24	91.02	17.2	55.15	75.6	33.6	92.97	49.04	85.44	72.62	43.17	39.05	70.52	46.1
14	84.86	18.68	82.54	69.63	74.24	75.01	12.73	83.63	61.81	26.93	76.61	69.23	71.02	32.45	0.0	38.08	60.44	19.92	69.92	31.89	78.55	17.46	83.19	84.22	2.0	70.06	73.01	90.8	49.01	44.1	35.81	49.25	36.88
15	51.88	56.65	63.51	33.3	65.74	43.08	44.41	45.65	26.48	23.77	40.36	43.28	44.2	54.34	38.08	0.0	32.14	26.4	75.69	56.72	40.5	39.05	83.01	58.42	36.25	39.36	68.26	61.03	21.26	24.6	19.8	17.2	11.4
16	25.24	76.42	32.89	20.25	41.87	60.61	60.44	38.33	43.57	55.32	24.08	67.08	67.12	59.46	60.44	32.14	0.0	56.3	61.35	63.32	39.36	51.61	62.68	26.31	59.2	59.36	46.87	30.53	49.24	17.2	24.76	43.42	25.08
17	78.03	37.01	84.38	59.67	81.05	56.22	31.76	70.6	44.94	7.07	66.71	49.5	51.35	49.58	19.92	26.4	56.3	0.0	82.76	50.0	64.35	32.53	93.98	82.28	18.03	51.09	81.49	86.41	30.41	43.29	35.06	31.95	31.32
18	79.23	72.03	48.27	81.6	26.93	116.83	59.03	99.62	99.05	87.13	84.9	118.93	119.75	40.05	69.92	75.69	61.35	82.76	0.0	43.01	100.46	52.5	16.16	62.29	70.52	114.02	19.92	74.24	96.88	53.25	55.9	92.76	64.44
19	88.14	29.15	72.25	79.62	56.82	99.2	19.21	96.88	83.19	56.3	85.62	96.38	97.86	4.24	31.89	56.72	63.32	50.0	43.01	0.0	94.13	18.38	58.42	79.81	33.24	94.92	52.92	89.59	74.33	46.84	42.3	72.53	49.0
20	34.93	97.14	67.21	19.42	80.71	30.07	84.4	8.25	22.47	59.2	19.42	42.3	41.11	91.02	78.55	40.5	39.36	64.35	100.46	94.13	0.0	77.93	101.87	53.82	76.69	32.14	86.09	47.93	38.42	49.65	52.0	33.94	45.28
21	76.84	26.08	68.43	65.19	57.87	81.02	9.43	81.49	65.38	38.42	71.69	78.0	79.48	17.2	17.46	39.05	51.61	32.53	52.5	18.38	77.93	0.0	65.76	72.47	18.03	76.66	56.08	80.62	55.97	34.41	27.73	54.34	32.76
22	75.96	87.09	41.19	82.49	21.54	121.7	73.17	99.73	103.97	97.58	84.53	125.5	126.06	55.15	83.19	83.01	62.68	93.98	16.16	58.42	101.87	65.76	0.0	56.72	83.55	119.5	15.81	68.59	104.2	58.9	63.51	99.49	71.61
23	20.81	98.41	15.81	36.25	36.01	81.02	81.84	48.84	65.8	81.58	34.41	89.84	89.49	75.6	84.22	58.42	26.31	82.28	62.29	79.81	53.82	72.47	56.72	0.0	83.24	80.99	43.0	12.0	74.33	40.25	48.75	68.36	50.96
24	83.49	20.62	81.91	68.01	74.11	73.01	14.21	81.84	59.84	25.0	75.0	67.27	69.05	33.6	2.0	36.25	59.2	18.03	70.52	33.24	76.69	18.03	83.55	83.24	0.0	68.07	73.06	89.63	47.01	43.05	34.67	47.27	35.38
25	64.94	88.02	91.71	44.92	100.12	5.39	79.91	40.31	15.81	44.18	48.66	10.2	9.0	92.97	70.06	39.36	59.36	51.09	114.02	94.92	32.14	76.66	119.5	80.99	68.07	0.0	104.0	77.67	21.1	60.96	58.52	22.47	49.93
26	61.19	79.83	28.44	66.73	7.07	106.08	64.5	84.1	88.39	84.43	68.94	110.26	110.75	49.04	73.01	68.26	46.87	81.49	19.92	52.92	86.09	56.08	15.81	43.0	73.06	104.0	0.0	55.0	89.31	43.83	49.19	84.4	56.94
27	13.0	106.15	27.46	33.14	48.01	76.92	89.81	41.68	63.39	84.76	29.12	87.13	86.49	85.44	90.8	61.03	30.53	86.41	74.24	89.59	47.93	80.62	68.59	12.0	89.63	77.67	55.0	0.0	74.17	46.86	55.0	68.18	55.47
28	62.8	67.12	82.01	41.77	86.45	26.0	58.86	46.04	16.28	23.77	47.8	22.47	23.71	72.62	49.01	21.26	49.24	30.41	96.88	74.33	38.42	55.97	104.2	74.33	47.01	21.1	89.31	74.17	0.0	45.49	41.04	6.0	32.65
29	42.44	59.4	41.11	33.14	41.15	63.6	43.28	51.0	45.8	44.05	38.83	66.6	67.21	43.17	44.1	24.6	17.2	43.29	53.25	46.84	49.65	34.41	58.9	40.25	43.05	60.96	43.83	46.86	45.49	0.0	8.54	40.61	13.6
30	49.68	51.74	49.37	37.64	47.43	61.77	36.06	54.59	44.28	36.35	44.01	63.03	63.89	39.05	35.81	19.8	24.76	35.06	55.9	42.3	52.0	27.73	63.51	48.75	34.67	58.52	49.19	55.0	41.04	8.54	0.0	36.88	8.6
31	56.89	67.74	76.24	35.9	81.3	26.68	58.14	41.23	13.0	25.94	42.06	26.17	27.02	70.52	49.25	17.2	43.42	31.95	92.76	72.53	33.94	54.34	99.49	68.36	47.27	22.47	84.4	68.18	6.0	40.61	36.88	0.0	28.32
32	48.27	54.38	54.01	33.12	54.63	53.24	39.92	48.76	35.85	31.06	39.96	54.49	55.32	46.1	36.88	11.4	25.08	31.32	64.44	49.0	45.28	32.76	71.61	50.96	35.38	49.93	56.94	55.47	32.65	13.6	8.6	28.32	0.0
;
