set K:= 1	2	3	4;
set C_H:= 1	2	3	4	5	6	7	8	9;
set C_S:= 10	11	12	13	14	15	16	17;
set C_F:= 18	19	20	21	22	23	24	25;
set M:= 26	27	28	29	30	31;
set L_B:= 32	33	34	35;
set A1:=
(0,*) 1 2 3 4 5 6 7 8 9 18 19 20 21 22 23 24 25 26 27 28 29 30 31 32 33 34 35 36
(1,*) 0 2 3 4 5 6 7 8 9 18 19 20 21 22 23 24 25 26 27 28 29 30 31 32 33 34 35 36
(2,*) 0 1 3 4 5 6 7 8 9 18 19 20 21 22 23 24 25 26 27 28 29 30 31 32 33 34 35 36
(3,*) 0 1 2 4 5 6 7 8 9 18 19 20 21 22 23 24 25 26 27 28 29 30 31 32 33 34 35 36
(4,*) 0 1 2 3 5 6 7 8 9 18 19 20 21 22 23 24 25 26 27 28 29 30 31 32 33 34 35 36
(5,*) 0 1 2 3 4 6 7 8 9 18 19 20 21 22 23 24 25 26 27 28 29 30 31 32 33 34 35 36
(6,*) 0 1 2 3 4 5 7 8 9 18 19 20 21 22 23 24 25 26 27 28 29 30 31 32 33 34 35 36
(7,*) 0 1 2 3 4 5 6 8 9 18 19 20 21 22 23 24 25 26 27 28 29 30 31 32 33 34 35 36
(8,*) 0 1 2 3 4 5 6 7 9 18 19 20 21 22 23 24 25 26 27 28 29 30 31 32 33 34 35 36
(9,*) 0 1 2 3 4 5 6 7 8 18 19 20 21 22 23 24 25 26 27 28 29 30 31 32 33 34 35 36
(18,*) 0 1 2 3 4 5 6 7 8 9 19 20 21 22 23 24 25 26 27 28 29 30 31 32 33 34 35 36
(19,*) 0 1 2 3 4 5 6 7 8 9 18 20 21 22 23 24 25 26 27 28 29 30 31 32 33 34 35 36
(20,*) 0 1 2 3 4 5 6 7 8 9 18 19 21 22 23 24 25 26 27 28 29 30 31 32 33 34 35 36
(21,*) 0 1 2 3 4 5 6 7 8 9 18 19 20 22 23 24 25 26 27 28 29 30 31 32 33 34 35 36
(22,*) 0 1 2 3 4 5 6 7 8 9 18 19 20 21 23 24 25 26 27 28 29 30 31 32 33 34 35 36
(23,*) 0 1 2 3 4 5 6 7 8 9 18 19 20 21 22 24 25 26 27 28 29 30 31 32 33 34 35 36
(24,*) 0 1 2 3 4 5 6 7 8 9 18 19 20 21 22 23 25 26 27 28 29 30 31 32 33 34 35 36
(25,*) 0 1 2 3 4 5 6 7 8 9 18 19 20 21 22 23 24 26 27 28 29 30 31 32 33 34 35 36
(26,*) 0 1 2 3 4 5 6 7 8 9 18 19 20 21 22 23 24 25 27 28 29 30 31 32 33 34 35 36
(27,*) 0 1 2 3 4 5 6 7 8 9 18 19 20 21 22 23 24 25 26 28 29 30 31 32 33 34 35 36
(28,*) 0 1 2 3 4 5 6 7 8 9 18 19 20 21 22 23 24 25 26 27 29 30 31 32 33 34 35 36
(29,*) 0 1 2 3 4 5 6 7 8 9 18 19 20 21 22 23 24 25 26 27 28 30 31 32 33 34 35 36
(30,*) 0 1 2 3 4 5 6 7 8 9 18 19 20 21 22 23 24 25 26 27 28 29 31 32 33 34 35 36
(31,*) 0 1 2 3 4 5 6 7 8 9 18 19 20 21 22 23 24 25 26 27 28 29 30 32 33 34 35 36
(32,*) 0 1 2 3 4 5 6 7 8 9 18 19 20 21 22 23 24 25 26 27 28 29 30 31 33 34 35 36
(33,*) 0 1 2 3 4 5 6 7 8 9 18 19 20 21 22 23 24 25 26 27 28 29 30 31 32 34 35 36
(34,*) 0 1 2 3 4 5 6 7 8 9 18 19 20 21 22 23 24 25 26 27 28 29 30 31 32 33 35 36
(35,*) 0 1 2 3 4 5 6 7 8 9 18 19 20 21 22 23 24 25 26 27 28 29 30 31 32 33 34 36
(36,*) 0 1 2 3 4 5 6 7 8 9 18 19 20 21 22 23 24 25 26 27 28 29 30 31 32 33 34 35
;
set A2:=
(26,*) 27
(27,*) 26
(28,*) 29
(29,*) 28
;
param BigM:=99999;
param n:= 4;
param d:=
1	6
2	8
3	16
4	3
5	12
6	4
7	15
8	21
9	19
10	19
11	24
12	14
13	8
14	7
15	16
16	12
17	14
18	8
19	21
20	22
21	2
22	18
23	9
24	2
25	6
;
param Q:=100;
param w:=
[26,*] 27 0.1
[27,*] 26 0.1
[28,*] 29 0.1
[29,*] 28 0.1
;
param V:=
[26,*] 27 78
[27,*] 26 78
[28,*] 29 87
[29,*] 28 87
;
param e:
	26	27	28	29	30	31	32	33	34	35:=
10		0		0		1		0		0		1		0		0		0		0	
11		0		0		1		0		0		1		0		0		0		0	
12		0		1		0		0		0		0		0		0		0		0	
13		0		1		0		0		0		0		0		0		0		0	
14		0		0		0		1		0		0		0		0		0		0	
15		0		0		1		0		0		1		0		0		0		0	
16		0		0		0		0		0		0		0		0		1		0	
17		0		0		0		0		1		0		0		0		0		0	
18		0		0		0		1		0		0		0		0		0		0	
19		0		0		1		0		0		0		0		0		0		0	
20		0		0		0		1		0		0		0		0		0		0	
21		0		0		0		1		0		0		0		0		0		0	
22		0		0		0		0		0		0		0		1		0		0	
23		0		0		1		0		0		0		0		0		0		0	
24		0		0		0		0		0		0		0		0		1		0	
25		0		1		0		0		0		0		0		0		0		0	
;
param p:=
1	3
2	3
3	3
4	3
;
param G:=
26	78
27	77
28	80
29	87
30	73
31	93
32	92
33	84
34	90
35	97
;
param s:=
0	0
1	10
2	10
3	10
4	10
5	10
6	10
7	10
8	10
9	10
18	10
19	10
20	10
21	10
22	10
23	10
24	10
25	10
26	10
27	10
28	10
29	10
30	10
31	10
32	10
33	10
34	10
35	10
;
param t:
	0	1	2	3	4	5	6	7	8	9	10	11	12	13	14	15	16	17	18	19	20	21	22	23	24	25	26	27	28	29	30	31	32	33	34	35	36:=
0	0.0	75.58	36.24	37.05	27.02	64.03	84.17	84.86	77.88	34.93	74.55	73.82	101.41	78.03	54.57	51.04	51.88	16.28	79.23	28.84	81.74	62.29	25.71	72.78	21.1	85.6	20.81	83.49	64.94	61.19	13.0	62.8	44.05	49.24	38.95	41.88	0.0
1	75.58	0.0	85.01	46.75	52.39	49.37	55.61	26.93	3.16	59.2	42.43	44.28	44.05	7.07	83.43	38.91	23.77	63.25	87.13	65.86	74.52	68.45	58.05	49.09	56.3	38.48	81.58	25.0	44.18	84.43	84.76	23.77	40.01	26.57	39.62	45.04	75.58
2	36.24	85.01	0.0	63.81	35.74	92.44	68.01	82.54	88.0	67.21	99.81	99.74	94.41	84.38	21.38	76.03	63.51	48.1	48.27	63.13	56.44	37.8	56.64	100.24	48.41	77.83	15.81	81.91	91.71	28.44	27.46	82.01	45.04	60.53	46.39	40.11	36.24
3	37.05	46.75	63.81	0.0	30.48	28.65	79.06	65.55	48.08	13.0	37.66	37.11	84.15	51.61	74.33	14.0	27.51	21.02	91.71	19.1	86.98	71.11	12.65	36.77	16.49	71.59	52.55	63.69	28.46	79.03	49.5	27.73	37.11	26.68	29.12	39.56	37.05
4	27.02	52.39	35.74	30.48	0.0	58.26	58.52	58.14	55.11	38.08	64.41	64.5	74.41	53.49	43.86	41.05	29.15	24.02	62.39	37.66	60.3	42.45	28.16	65.46	19.42	58.6	29.27	56.85	56.86	48.6	33.12	46.32	17.03	26.17	13.0	15.23	27.02
5	64.03	49.37	92.44	28.65	58.26	0.0	97.12	75.01	48.84	30.07	13.89	12.08	93.09	56.22	101.91	17.8	43.08	47.8	116.83	38.0	109.59	96.02	38.33	9.0	44.78	84.59	81.02	73.01	5.39	106.08	76.92	26.0	60.46	44.28	53.41	64.2	64.03
6	84.17	55.61	68.01	79.06	58.52	97.12	0.0	32.45	58.26	91.02	94.85	96.25	32.0	49.58	52.77	80.81	54.34	82.0	40.05	93.54	23.35	31.76	83.49	100.09	76.12	20.12	75.6	33.6	92.97	49.04	85.44	72.62	43.42	53.76	51.24	43.42	84.17
7	84.86	26.93	82.54	65.55	58.14	75.01	32.45	0.0	28.79	78.55	69.23	71.02	18.68	19.92	74.24	61.81	38.08	76.61	69.92	83.63	54.63	55.08	74.3	75.66	69.63	12.73	84.22	2.0	70.06	73.01	90.8	49.01	41.4	39.36	45.97	44.94	84.86
8	77.88	3.16	88.0	48.08	55.11	48.84	58.26	28.79	0.0	60.31	41.11	43.05	45.28	8.94	86.59	39.45	26.25	65.19	90.21	67.18	77.47	71.59	59.67	48.0	58.31	40.71	84.34	26.93	43.57	87.6	87.28	23.77	43.05	29.12	42.43	48.09	77.88
9	34.93	59.2	67.21	13.0	38.08	30.07	91.02	78.55	60.31	0.0	42.3	41.11	97.14	64.35	80.71	22.47	40.5	19.42	100.46	8.25	97.29	80.32	10.63	39.05	19.42	84.4	53.82	76.69	32.14	86.09	47.93	38.42	48.17	39.56	40.11	49.82	34.93
10	74.55	42.43	99.81	37.66	64.41	13.89	94.85	69.23	41.11	42.3	0.0	2.24	86.37	49.5	106.83	24.04	43.28	58.31	118.93	50.49	109.86	98.31	49.09	7.62	54.13	80.08	89.84	67.27	10.2	110.26	87.13	22.47	62.97	45.28	57.01	67.36	74.55
11	73.82	44.28	99.74	37.11	64.5	12.08	96.25	71.02	43.05	41.11	2.24	0.0	88.28	51.35	107.2	23.77	44.2	57.56	119.75	49.25	110.94	99.09	48.26	5.39	53.6	81.74	89.49	69.05	9.0	110.75	86.49	23.71	63.64	46.1	57.49	67.94	73.82
12	101.41	44.05	94.41	84.15	74.41	93.09	32.0	18.68	45.28	97.14	86.37	88.28	0.0	37.01	82.57	80.41	56.65	94.34	72.03	102.04	55.15	61.85	92.57	93.13	87.46	16.64	98.41	20.62	88.02	79.83	106.15	67.12	57.38	57.78	63.01	60.11	101.41
13	78.03	7.07	84.38	51.61	53.49	56.22	49.58	19.92	8.94	64.35	49.5	51.35	37.01	0.0	81.05	44.94	26.4	66.71	82.76	70.6	69.4	64.85	62.29	56.14	59.67	31.76	82.28	18.03	51.09	81.49	86.41	30.41	39.46	28.84	40.5	44.28	78.03
14	54.57	83.43	21.38	74.33	43.86	101.91	52.77	74.24	86.59	80.71	106.83	107.2	82.57	81.05	0.0	84.39	65.74	63.06	26.93	78.29	36.88	21.02	70.18	108.71	61.29	66.71	36.01	74.11	100.12	7.07	48.01	86.45	45.19	63.06	49.93	40.25	54.57
15	51.04	38.91	76.03	14.0	41.05	17.8	80.81	61.81	39.45	22.47	24.04	23.77	80.41	44.94	84.39	0.0	26.48	35.01	99.05	30.41	92.14	78.24	26.31	24.41	30.27	70.01	65.8	59.84	15.81	88.39	63.39	16.28	42.72	27.2	35.61	46.4	51.04
16	51.88	23.77	63.51	27.51	29.15	43.08	54.34	38.08	26.25	40.5	43.28	44.2	56.65	26.4	65.74	26.48	0.0	40.36	75.69	45.65	66.89	55.17	36.62	47.17	33.3	44.41	58.42	36.25	39.36	68.26	61.03	21.26	20.59	3.0	17.12	25.5	51.88
17	16.28	63.25	48.1	21.02	24.02	47.8	82.0	76.61	65.19	19.42	58.31	57.56	94.34	66.71	63.06	35.01	40.36	0.0	84.9	15.26	84.15	65.76	9.49	56.52	7.07	79.61	34.41	75.0	48.66	68.94	29.12	47.8	38.9	38.18	31.78	38.64	16.28
18	79.23	87.13	48.27	91.71	62.39	116.83	40.05	69.92	90.21	100.46	118.93	119.75	72.03	82.76	26.93	99.05	75.69	84.9	0.0	99.62	17.12	20.81	90.48	122.29	81.6	59.03	62.29	70.52	114.02	19.92	74.24	96.88	56.4	73.66	63.51	52.7	79.23
19	28.84	65.86	63.13	19.1	37.66	38.0	93.54	83.63	67.18	8.25	50.49	49.25	102.04	70.6	78.29	30.41	45.65	15.26	99.62	0.0	97.87	80.05	10.05	47.0	18.25	88.54	48.84	81.84	40.31	84.1	41.68	46.04	50.16	44.28	42.3	51.01	28.84
20	81.74	74.52	56.44	86.98	60.3	109.59	23.35	54.63	77.47	97.29	109.86	110.94	55.15	69.4	36.88	92.14	66.89	84.15	17.12	97.87	0.0	19.65	88.12	114.06	79.63	43.01	68.01	55.46	106.17	31.14	79.4	87.42	49.98	65.37	57.87	47.54	81.74
21	62.29	68.45	37.8	71.11	42.45	96.02	31.76	55.08	71.59	80.32	98.31	99.09	61.85	64.85	21.02	78.24	55.17	65.76	20.81	80.05	19.65	0.0	70.6	101.53	61.85	46.39	48.47	55.23	93.24	18.11	59.77	76.42	35.61	53.04	42.72	31.91	62.29
22	25.71	58.05	56.64	12.65	28.16	38.33	83.49	74.3	59.67	10.63	49.09	48.26	92.57	62.29	70.18	26.31	36.62	9.49	90.48	10.05	88.12	70.6	0.0	47.07	8.94	78.77	43.57	72.56	39.32	75.66	38.6	40.31	40.11	34.99	32.25	41.05	25.71
23	72.78	49.09	100.24	36.77	65.46	9.0	100.09	75.66	48.0	39.05	7.62	5.39	93.13	56.14	108.71	24.41	47.17	56.52	122.29	47.0	114.06	101.53	47.07	0.0	53.14	86.12	89.32	73.68	8.6	112.54	85.62	27.51	65.95	48.83	59.4	70.04	72.78
24	21.1	56.3	48.41	16.49	19.42	44.78	76.12	69.63	58.31	19.42	54.13	53.6	87.46	59.67	61.29	30.27	33.3	7.07	81.6	18.25	79.63	61.85	8.94	53.14	0.0	72.92	36.25	68.01	44.92	66.73	33.14	41.77	32.76	31.11	25.3	33.06	21.1
25	85.6	38.48	77.83	71.59	58.6	84.59	20.12	12.73	40.71	84.4	80.08	81.74	16.64	31.76	66.71	70.01	44.41	79.61	59.03	88.54	43.01	46.39	78.77	86.12	72.92	0.0	81.84	14.21	79.91	64.5	89.81	58.86	41.62	44.91	47.89	43.93	85.6
26	20.81	81.58	15.81	52.55	29.27	81.02	75.6	84.22	84.34	53.82	89.84	89.49	98.41	82.28	36.01	65.8	58.42	34.41	62.29	48.84	68.01	48.47	43.57	89.32	36.25	81.84	0.0	83.24	80.99	43.0	12.0	74.33	43.46	55.44	41.98	39.36	20.81
27	83.49	25.0	81.91	63.69	56.85	73.01	33.6	2.0	26.93	76.69	67.27	69.05	20.62	18.03	74.11	59.84	36.25	75.0	70.52	81.84	55.46	55.23	72.56	73.68	68.01	14.21	83.24	0.0	68.07	73.06	89.63	47.01	40.22	37.59	44.55	43.91	83.49
28	64.94	44.18	91.71	28.46	56.86	5.39	92.97	70.06	43.57	32.14	10.2	9.0	88.02	51.09	100.12	15.81	39.36	48.66	114.02	40.31	106.17	93.24	39.32	8.6	44.92	79.91	80.99	68.07	0.0	104.0	77.67	21.1	57.63	40.82	50.93	61.62	64.94
29	61.19	84.43	28.44	79.03	48.6	106.08	49.04	73.01	87.6	86.09	110.26	110.75	79.83	81.49	7.07	88.39	68.26	68.94	19.92	84.1	31.14	18.11	75.66	112.54	66.73	64.5	43.0	73.06	104.0	0.0	55.0	89.31	47.71	65.73	53.26	43.01	61.19
30	13.0	84.76	27.46	49.5	33.12	76.92	85.44	90.8	87.28	47.93	87.13	86.49	106.15	86.41	48.01	63.39	61.03	29.12	74.24	41.68	79.4	59.77	38.6	85.62	33.14	89.81	12.0	89.63	77.67	55.0	0.0	74.17	49.41	58.19	46.07	46.1	13.0
31	62.8	23.77	82.01	27.73	46.32	26.0	72.62	49.01	23.77	38.42	22.47	23.71	67.12	30.41	86.45	16.28	21.26	47.8	96.88	46.04	87.42	76.42	40.31	27.51	41.77	58.86	74.33	47.01	21.1	89.31	74.17	0.0	41.62	23.6	36.67	46.32	62.8
32	44.05	40.01	45.04	37.11	17.03	60.46	43.42	41.4	43.05	48.17	62.97	63.64	57.38	39.46	45.19	42.72	20.59	38.9	56.4	50.16	49.98	35.61	40.11	65.95	32.76	41.62	43.46	40.22	57.63	47.71	49.41	41.62	0.0	18.03	8.06	5.1	44.05
33	49.24	26.57	60.53	26.68	26.17	44.28	53.76	39.36	29.12	39.56	45.28	46.1	57.78	28.84	63.06	27.2	3.0	38.18	73.66	44.28	65.37	53.04	34.99	48.83	31.11	44.91	55.44	37.59	40.82	65.73	58.19	23.6	18.03	0.0	14.14	22.83	49.24
34	38.95	39.62	46.39	29.12	13.0	53.41	51.24	45.97	42.43	40.11	57.01	57.49	63.01	40.5	49.93	35.61	17.12	31.78	63.51	42.3	57.87	42.72	32.25	59.4	25.3	47.89	41.98	44.55	50.93	53.26	46.07	36.67	8.06	14.14	0.0	10.82	38.95
35	41.88	45.04	40.11	39.56	15.23	64.2	43.42	44.94	48.09	49.82	67.36	67.94	60.11	44.28	40.25	46.4	25.5	38.64	52.7	51.01	47.54	31.91	41.05	70.04	33.06	43.93	39.36	43.91	61.62	43.01	46.1	46.32	5.1	22.83	10.82	0.0	41.88
;
