set K:= 1	2	3	4;
set C_H:= 1	2	3	4	5	6	7	8;
set C_S:= 9	10	11	12	13	14;
set C_F:= 15	16	17	18	19	20;
set M:= 21	22	23	24	25	26;
set L_B:= 27	28	29	30;
set A1:=
(0,*) 1 2 3 4 5 6 7 8 15 16 17 18 19 20 21 22 23 24 25 26 27 28 29 30 31
(1,*) 0 2 3 4 5 6 7 8 15 16 17 18 19 20 21 22 23 24 25 26 27 28 29 30 31
(2,*) 0 1 3 4 5 6 7 8 15 16 17 18 19 20 21 22 23 24 25 26 27 28 29 30 31
(3,*) 0 1 2 4 5 6 7 8 15 16 17 18 19 20 21 22 23 24 25 26 27 28 29 30 31
(4,*) 0 1 2 3 5 6 7 8 15 16 17 18 19 20 21 22 23 24 25 26 27 28 29 30 31
(5,*) 0 1 2 3 4 6 7 8 15 16 17 18 19 20 21 22 23 24 25 26 27 28 29 30 31
(6,*) 0 1 2 3 4 5 7 8 15 16 17 18 19 20 21 22 23 24 25 26 27 28 29 30 31
(7,*) 0 1 2 3 4 5 6 8 15 16 17 18 19 20 21 22 23 24 25 26 27 28 29 30 31
(8,*) 0 1 2 3 4 5 6 7 15 16 17 18 19 20 21 22 23 24 25 26 27 28 29 30 31
(15,*) 0 1 2 3 4 5 6 7 8 16 17 18 19 20 21 22 23 24 25 26 27 28 29 30 31
(16,*) 0 1 2 3 4 5 6 7 8 15 17 18 19 20 21 22 23 24 25 26 27 28 29 30 31
(17,*) 0 1 2 3 4 5 6 7 8 15 16 18 19 20 21 22 23 24 25 26 27 28 29 30 31
(18,*) 0 1 2 3 4 5 6 7 8 15 16 17 19 20 21 22 23 24 25 26 27 28 29 30 31
(19,*) 0 1 2 3 4 5 6 7 8 15 16 17 18 20 21 22 23 24 25 26 27 28 29 30 31
(20,*) 0 1 2 3 4 5 6 7 8 15 16 17 18 19 21 22 23 24 25 26 27 28 29 30 31
(21,*) 0 1 2 3 4 5 6 7 8 15 16 17 18 19 20 22 23 24 25 26 27 28 29 30 31
(22,*) 0 1 2 3 4 5 6 7 8 15 16 17 18 19 20 21 23 24 25 26 27 28 29 30 31
(23,*) 0 1 2 3 4 5 6 7 8 15 16 17 18 19 20 21 22 24 25 26 27 28 29 30 31
(24,*) 0 1 2 3 4 5 6 7 8 15 16 17 18 19 20 21 22 23 25 26 27 28 29 30 31
(25,*) 0 1 2 3 4 5 6 7 8 15 16 17 18 19 20 21 22 23 24 26 27 28 29 30 31
(26,*) 0 1 2 3 4 5 6 7 8 15 16 17 18 19 20 21 22 23 24 25 27 28 29 30 31
(27,*) 0 1 2 3 4 5 6 7 8 15 16 17 18 19 20 21 22 23 24 25 26 28 29 30 31
(28,*) 0 1 2 3 4 5 6 7 8 15 16 17 18 19 20 21 22 23 24 25 26 27 29 30 31
(29,*) 0 1 2 3 4 5 6 7 8 15 16 17 18 19 20 21 22 23 24 25 26 27 28 30 31
(30,*) 0 1 2 3 4 5 6 7 8 15 16 17 18 19 20 21 22 23 24 25 26 27 28 29 31
(31,*) 0 1 2 3 4 5 6 7 8 15 16 17 18 19 20 21 22 23 24 25 26 27 28 29 30
;
set A2:=
(21,*) 22
(22,*) 21
(23,*) 24
(24,*) 23
(25,*) 26
(26,*) 25
;
param BigM:=99999;
param n:= 4;
param d:=
1	18
2	12
3	9
4	15
5	14
6	1
7	14
8	20
9	21
10	16
11	2
12	24
13	21
14	8
15	24
16	24
17	12
18	3
19	19
20	2
;
param Q:=100;
param w:=
[21,*] 22 0.1
[22,*] 21 0.1
[23,*] 24 0.1
[24,*] 23 0.1
[25,*] 26 0.1
[26,*] 25 0.1
;
param V:=
[21,*] 22 98
[22,*] 21 98
[23,*] 24 74
[24,*] 23 74
[25,*] 26 95
[26,*] 25 95
;
param e:
	21	22	23	24	25	26	27	28	29	30:=
9		0		0		0		0		0		1		0		0		0		0	
10		0		1		0		0		0		0		0		0		0		0	
11		0		0		0		1		0		0		0		0		0		0	
12		0		0		0		1		0		0		0		0		0		0	
13		0		0		1		0		0		0		0		0		0		0	
14		0		0		0		1		0		0		0		0		0		0	
15		0		0		0		0		0		0		1		1		1		0	
16		0		0		1		0		0		1		0		0		0		0	
17		0		0		1		0		0		1		0		0		0		0	
18		0		0		0		0		0		0		1		1		1		0	
19		0		0		1		0		0		0		0		0		0		0	
20		0		0		0		0		0		0		0		0		1		0	
;
param p:=
1	3
2	3
3	3
4	3
;
param G:=
21	82
22	98
23	74
24	74
25	85
26	95
27	93
28	99
29	89
30	78
;
param s:=
0	0
1	10
2	10
3	10
4	10
5	10
6	10
7	10
8	10
15	10
16	10
17	10
18	10
19	10
20	10
21	10
22	10
23	10
24	10
25	10
26	10
27	10
28	10
29	10
30	10
;
param t:
	0	1	2	3	4	5	6	7	8	9	10	11	12	13	14	15	16	17	18	19	20	21	22	23	24	25	26	27	28	29	30	31:=
0	0.0	25.71	51.88	72.78	84.86	16.28	76.84	101.41	25.96	77.88	88.14	62.29	75.96	28.84	79.23	25.24	73.82	64.03	27.02	34.93	21.1	20.81	83.49	64.94	61.19	13.0	62.8	41.11	32.02	35.61	59.41	0.0
1	25.71	0.0	36.62	47.07	74.3	9.49	71.57	92.57	35.85	59.67	86.83	70.6	91.42	10.05	90.48	29.15	48.26	38.33	28.16	10.63	8.94	43.57	72.56	39.32	75.66	38.6	40.31	37.05	40.72	34.13	51.55	25.71
2	51.88	36.62	0.0	47.17	38.08	40.36	39.05	56.65	39.01	26.25	56.72	55.17	83.01	45.65	75.69	32.14	44.2	43.08	29.15	40.5	33.3	58.42	36.25	39.36	68.26	61.03	21.26	20.25	38.64	24.33	19.65	51.88
3	72.78	47.07	47.17	0.0	75.66	56.52	83.49	93.13	76.01	48.0	101.84	101.53	128.0	47.0	122.29	67.96	5.39	9.0	65.46	39.05	53.14	89.32	73.68	8.6	112.54	85.62	27.51	64.38	78.6	65.86	66.19	72.78
4	84.86	74.3	38.08	75.66	0.0	76.61	17.46	18.68	63.81	28.79	31.89	55.08	83.19	83.63	69.92	60.44	71.02	75.01	58.14	78.55	69.63	84.22	2.0	70.06	73.01	90.8	49.01	44.05	59.94	49.82	25.61	84.86
5	16.28	9.49	40.36	56.52	76.61	0.0	71.69	94.34	29.41	65.19	85.62	65.76	84.53	15.26	84.9	24.08	57.56	47.8	24.02	19.42	7.07	34.41	75.0	48.66	68.94	29.12	47.8	35.74	34.93	31.58	52.35	16.28
6	76.84	71.57	39.05	83.49	17.46	71.69	0.0	26.08	53.04	41.11	18.38	38.01	65.76	81.49	52.5	51.61	79.48	81.02	49.93	77.93	65.19	72.47	18.03	76.66	56.08	80.62	55.97	36.24	48.17	41.34	20.22	76.84
7	101.41	92.57	56.65	93.13	18.68	94.34	26.08	0.0	78.64	45.28	29.15	61.85	87.09	102.04	72.03	76.42	88.28	93.09	74.41	97.14	87.46	98.41	20.62	88.02	79.83	106.15	67.12	60.31	74.03	65.86	42.2	101.41
8	25.96	35.85	39.01	76.01	63.81	29.41	53.04	78.64	0.0	64.38	62.65	37.01	55.57	44.38	55.54	8.06	75.18	68.6	10.77	46.32	26.93	20.62	62.77	67.42	39.82	27.59	57.01	20.88	6.08	15.3	38.47	25.96
9	77.88	59.67	26.25	48.0	28.79	65.19	41.11	45.28	64.38	0.0	58.82	71.59	100.72	67.18	90.21	58.05	43.05	48.84	55.11	60.31	58.31	84.34	26.93	43.57	87.6	87.28	23.77	44.01	63.01	49.16	31.95	77.88
10	88.14	86.83	56.72	101.84	31.89	85.62	18.38	29.15	62.65	58.82	0.0	35.85	58.42	96.88	43.01	63.32	97.86	99.2	62.3	94.13	79.62	79.81	33.24	94.92	52.92	89.59	74.33	50.01	56.94	54.12	37.22	88.14
11	62.29	70.6	55.17	101.53	55.08	65.76	38.01	61.85	37.01	71.59	35.85	0.0	29.15	80.05	20.81	41.77	99.09	96.02	42.45	80.32	61.85	48.47	55.23	93.24	18.11	59.77	76.42	37.44	31.06	37.58	39.82	62.29
12	75.96	91.42	83.01	128.0	83.19	84.53	65.76	87.09	55.57	100.72	58.42	29.15	0.0	99.73	16.16	62.68	126.06	121.7	64.4	101.87	82.49	56.72	83.55	119.5	15.81	68.59	104.2	63.78	51.04	62.24	68.88	75.96
13	28.84	10.05	45.65	47.0	83.63	15.26	81.49	102.04	44.38	67.18	96.88	80.05	99.73	0.0	99.62	38.33	49.25	38.0	37.66	8.25	18.25	48.84	81.84	40.31	84.1	41.68	46.04	47.1	49.65	44.05	61.4	28.84
14	79.23	90.48	75.69	122.29	69.92	84.9	52.5	72.03	55.54	90.21	43.01	20.81	16.16	99.62	0.0	61.35	119.75	116.83	62.39	100.46	81.6	62.29	70.52	114.02	19.92	74.24	96.88	58.25	50.0	58.18	59.2	79.23
15	25.24	29.15	32.14	67.96	60.44	24.08	51.61	76.42	8.06	58.05	63.32	41.77	62.68	38.33	61.35	0.0	67.12	60.61	3.0	39.36	20.25	26.31	59.2	59.36	46.87	30.53	49.24	16.4	11.66	10.63	34.83	25.24
16	73.82	48.26	44.2	5.39	71.02	57.56	79.48	88.28	75.18	43.05	97.86	99.09	126.06	49.25	119.75	67.12	0.0	12.08	64.5	41.11	53.6	89.49	69.05	9.0	110.75	86.49	23.71	62.29	77.39	64.2	62.77	73.82
17	64.03	38.33	43.08	9.0	75.01	47.8	81.02	93.09	68.6	48.84	99.2	96.02	121.7	38.0	116.83	60.61	12.08	0.0	58.26	30.07	44.78	81.02	73.01	5.39	106.08	76.92	26.0	58.6	71.59	59.46	62.63	64.03
18	27.02	28.16	29.15	65.46	58.14	24.02	49.93	74.41	10.77	55.11	62.3	42.45	64.4	37.66	62.39	3.0	64.5	58.26	0.0	38.08	19.42	29.27	56.85	56.86	48.6	33.12	46.32	14.14	13.45	8.6	32.56	27.02
19	34.93	10.63	40.5	39.05	78.55	19.42	77.93	97.14	46.32	60.31	94.13	80.32	101.87	8.25	100.46	39.36	41.11	30.07	38.08	0.0	19.42	53.82	76.69	32.14	86.09	47.93	38.42	45.28	51.0	43.17	57.71	34.93
20	21.1	8.94	33.3	53.14	69.63	7.07	65.19	87.46	26.93	58.31	79.62	61.85	82.49	18.25	81.6	20.25	53.6	44.78	19.42	19.42	0.0	36.25	68.01	44.92	66.73	33.14	41.77	29.61	31.78	26.02	45.62	21.1
21	20.81	43.57	58.42	89.32	84.22	34.41	72.47	98.41	20.62	84.34	79.81	48.47	56.72	48.84	62.29	26.31	89.49	81.02	29.27	53.82	36.25	0.0	83.24	80.99	43.0	12.0	74.33	41.44	24.41	35.74	59.03	20.81
22	83.49	72.56	36.25	73.68	2.0	75.0	18.03	20.62	62.77	26.93	33.24	55.23	83.55	81.84	70.52	59.2	69.05	73.01	56.85	76.69	68.01	83.24	0.0	68.07	73.06	89.63	47.01	42.8	59.03	48.6	24.41	83.49
23	64.94	39.32	39.36	8.6	70.06	48.66	76.66	88.02	67.42	43.57	94.92	93.24	119.5	40.31	114.02	59.36	9.0	5.39	56.86	32.14	44.92	80.99	68.07	0.0	104.0	77.67	21.1	55.97	70.0	57.31	58.69	64.94
24	61.19	75.66	68.26	112.54	73.01	68.94	56.08	79.83	39.82	87.6	52.92	18.11	15.81	84.1	19.92	46.87	110.75	106.08	48.6	86.09	66.73	43.0	73.06	104.0	0.0	55.0	89.31	48.6	35.23	46.69	55.66	61.19
25	13.0	38.6	61.03	85.62	90.8	29.12	80.62	106.15	27.59	87.28	89.59	59.77	68.59	41.68	74.24	30.53	86.49	76.92	33.12	47.93	33.14	12.0	89.63	77.67	55.0	0.0	74.17	46.87	32.8	41.05	65.22	13.0
26	62.8	40.31	21.26	27.51	49.01	47.8	55.97	67.12	57.01	23.77	74.33	76.42	104.2	46.04	96.88	49.24	23.71	26.0	46.32	38.42	41.77	74.33	47.01	21.1	89.31	74.17	0.0	40.82	57.94	43.86	39.12	62.8
27	41.11	37.05	20.25	64.38	44.05	35.74	36.24	60.31	20.88	44.01	50.01	37.44	63.78	47.1	58.25	16.4	62.29	58.6	14.14	45.28	29.61	41.44	42.8	55.97	48.6	46.87	40.82	0.0	19.0	5.83	18.44	41.11
28	32.02	40.72	38.64	78.6	59.94	34.93	48.17	74.03	6.08	63.01	56.94	31.06	51.04	49.65	50.0	11.66	77.39	71.59	13.45	51.0	31.78	24.41	59.03	70.0	35.23	32.8	57.94	19.0	0.0	14.32	35.11	32.02
29	35.61	34.13	24.33	65.86	49.82	31.58	41.34	65.86	15.3	49.16	54.12	37.58	62.24	44.05	58.18	10.63	64.2	59.46	8.6	43.17	26.02	35.74	48.6	57.31	46.69	41.05	43.86	5.83	14.32	0.0	24.21	35.61
30	59.41	51.55	19.65	66.19	25.61	52.35	20.22	42.2	38.47	31.95	37.22	39.82	68.88	61.4	59.2	34.83	62.77	62.63	32.56	57.71	45.62	59.03	24.41	58.69	55.66	65.22	39.12	18.44	35.11	24.21	0.0	59.41
;
