set K:= 1	2	3	4;
set C_H:= 1	2	3	4	5	6	7	8	9;
set C_S:= 10	11	12	13	14	15	16	17;
set C_F:= 18	19	20	21	22	23	24	25;
set M:= 26	27	28	29	30	31;
set L_B:= 32	33	34	35;
set A1:=
(0,*) 1 2 3 4 5 6 7 8 9 18 19 20 21 22 23 24 25 26 27 28 29 30 31 32 33 34 35 36
(1,*) 0 2 3 4 5 6 7 8 9 18 19 20 21 22 23 24 25 26 27 28 29 30 31 32 33 34 35 36
(2,*) 0 1 3 4 5 6 7 8 9 18 19 20 21 22 23 24 25 26 27 28 29 30 31 32 33 34 35 36
(3,*) 0 1 2 4 5 6 7 8 9 18 19 20 21 22 23 24 25 26 27 28 29 30 31 32 33 34 35 36
(4,*) 0 1 2 3 5 6 7 8 9 18 19 20 21 22 23 24 25 26 27 28 29 30 31 32 33 34 35 36
(5,*) 0 1 2 3 4 6 7 8 9 18 19 20 21 22 23 24 25 26 27 28 29 30 31 32 33 34 35 36
(6,*) 0 1 2 3 4 5 7 8 9 18 19 20 21 22 23 24 25 26 27 28 29 30 31 32 33 34 35 36
(7,*) 0 1 2 3 4 5 6 8 9 18 19 20 21 22 23 24 25 26 27 28 29 30 31 32 33 34 35 36
(8,*) 0 1 2 3 4 5 6 7 9 18 19 20 21 22 23 24 25 26 27 28 29 30 31 32 33 34 35 36
(9,*) 0 1 2 3 4 5 6 7 8 18 19 20 21 22 23 24 25 26 27 28 29 30 31 32 33 34 35 36
(18,*) 0 1 2 3 4 5 6 7 8 9 19 20 21 22 23 24 25 26 27 28 29 30 31 32 33 34 35 36
(19,*) 0 1 2 3 4 5 6 7 8 9 18 20 21 22 23 24 25 26 27 28 29 30 31 32 33 34 35 36
(20,*) 0 1 2 3 4 5 6 7 8 9 18 19 21 22 23 24 25 26 27 28 29 30 31 32 33 34 35 36
(21,*) 0 1 2 3 4 5 6 7 8 9 18 19 20 22 23 24 25 26 27 28 29 30 31 32 33 34 35 36
(22,*) 0 1 2 3 4 5 6 7 8 9 18 19 20 21 23 24 25 26 27 28 29 30 31 32 33 34 35 36
(23,*) 0 1 2 3 4 5 6 7 8 9 18 19 20 21 22 24 25 26 27 28 29 30 31 32 33 34 35 36
(24,*) 0 1 2 3 4 5 6 7 8 9 18 19 20 21 22 23 25 26 27 28 29 30 31 32 33 34 35 36
(25,*) 0 1 2 3 4 5 6 7 8 9 18 19 20 21 22 23 24 26 27 28 29 30 31 32 33 34 35 36
(26,*) 0 1 2 3 4 5 6 7 8 9 18 19 20 21 22 23 24 25 27 28 29 30 31 32 33 34 35 36
(27,*) 0 1 2 3 4 5 6 7 8 9 18 19 20 21 22 23 24 25 26 28 29 30 31 32 33 34 35 36
(28,*) 0 1 2 3 4 5 6 7 8 9 18 19 20 21 22 23 24 25 26 27 29 30 31 32 33 34 35 36
(29,*) 0 1 2 3 4 5 6 7 8 9 18 19 20 21 22 23 24 25 26 27 28 30 31 32 33 34 35 36
(30,*) 0 1 2 3 4 5 6 7 8 9 18 19 20 21 22 23 24 25 26 27 28 29 31 32 33 34 35 36
(31,*) 0 1 2 3 4 5 6 7 8 9 18 19 20 21 22 23 24 25 26 27 28 29 30 32 33 34 35 36
(32,*) 0 1 2 3 4 5 6 7 8 9 18 19 20 21 22 23 24 25 26 27 28 29 30 31 33 34 35 36
(33,*) 0 1 2 3 4 5 6 7 8 9 18 19 20 21 22 23 24 25 26 27 28 29 30 31 32 34 35 36
(34,*) 0 1 2 3 4 5 6 7 8 9 18 19 20 21 22 23 24 25 26 27 28 29 30 31 32 33 35 36
(35,*) 0 1 2 3 4 5 6 7 8 9 18 19 20 21 22 23 24 25 26 27 28 29 30 31 32 33 34 36
(36,*) 0 1 2 3 4 5 6 7 8 9 18 19 20 21 22 23 24 25 26 27 28 29 30 31 32 33 34 35
;
set A2:=
(26,*) 27
(27,*) 26
(28,*) 29
(29,*) 28
;
param BigM:=99999;
param n:= 4;
param d:=
1	9
2	19
3	16
4	8
5	8
6	12
7	6
8	14
9	6
10	4
11	7
12	22
13	8
14	14
15	1
16	2
17	19
18	24
19	12
20	16
21	15
22	20
23	21
24	16
25	24
;
param Q:=100;
param w:=
[26,*] 27 0.5
[27,*] 26 0.5
[28,*] 29 0.5
[29,*] 28 0.5
;
param V:=
[26,*] 27 85
[27,*] 26 85
[28,*] 29 90
[29,*] 28 90
;
param e:
	26	27	28	29	30	31	32	33	34	35:=
10		0		1		0		0		0		0		0		0		0		0	
11		0		0		0		1		0		0		0		0		0		0	
12		0		0		0		1		0		0		0		0		0		0	
13		0		1		0		0		0		0		0		0		1		0	
14		1		0		0		0		1		0		0		0		0		0	
15		0		1		0		0		0		0		0		0		0		0	
16		0		0		0		0		0		0		0		1		0		0	
17		0		1		0		0		0		0		0		0		0		0	
18		0		0		0		0		0		0		1		0		0		0	
19		0		0		0		0		0		0		1		0		0		1	
20		0		0		1		0		0		1		0		0		0		0	
21		0		1		0		0		0		0		0		0		0		0	
22		1		0		0		0		0		0		1		0		0		0	
23		0		0		1		0		0		0		0		0		0		0	
24		0		1		0		0		0		0		0		0		0		0	
25		0		0		1		0		0		1		0		0		0		0	
;
param p:=
1	1
2	1
3	1
4	1
;
param G:=
26	71
27	85
28	73
29	90
30	87
31	96
32	93
33	75
34	73
35	91
;
param s:=
0	0
1	10
2	10
3	10
4	10
5	10
6	10
7	10
8	10
9	10
18	10
19	10
20	10
21	10
22	10
23	10
24	10
25	10
26	10
27	10
28	10
29	10
30	10
31	10
32	10
33	10
34	10
35	10
;
param t:
	0	1	2	3	4	5	6	7	8	9	10	11	12	13	14	15	16	17	18	19	20	21	22	23	24	25	26	27	28	29	30	31	32	33	34	35	36:=
0	0.0	72.78	34.93	37.05	36.24	79.23	64.03	75.58	101.41	85.6	84.17	54.57	81.74	78.03	16.28	76.84	62.29	97.58	25.24	51.88	51.04	84.86	25.96	28.84	88.14	73.82	20.81	83.49	64.94	61.19	13.0	62.8	41.77	50.92	79.03	59.14	0.0
1	72.78	0.0	39.05	36.77	100.24	122.29	9.0	49.09	93.13	86.12	100.09	108.71	114.06	56.14	56.52	83.49	101.53	85.02	67.96	47.17	24.41	75.66	76.01	47.0	101.84	5.39	89.32	73.68	8.6	112.54	85.62	27.51	63.7	83.74	65.62	38.08	72.78
2	34.93	39.05	0.0	13.0	67.21	100.46	30.07	59.2	97.14	84.4	91.02	80.71	97.29	64.35	19.42	77.93	80.32	90.87	39.36	40.5	22.47	78.55	46.32	8.25	94.13	41.11	53.82	76.69	32.14	86.09	47.93	38.42	45.18	63.79	69.78	40.8	34.93
3	37.05	36.77	13.0	0.0	63.81	91.71	28.65	46.75	84.15	71.59	79.06	74.33	86.98	51.61	21.02	65.38	71.11	77.88	32.53	27.51	14.0	65.55	40.36	19.1	82.0	37.11	52.55	63.69	28.46	79.03	49.5	27.73	34.21	53.85	56.8	28.32	37.05
4	36.24	100.24	67.21	63.81	0.0	48.27	92.44	85.01	94.41	77.83	68.01	21.38	56.44	84.38	48.1	68.43	37.8	93.62	32.89	63.51	76.03	82.54	25.0	63.13	72.25	99.74	15.81	81.91	91.71	28.44	27.46	82.01	45.01	37.58	80.81	74.15	36.24
5	79.23	122.29	100.46	91.71	48.27	0.0	116.83	87.13	72.03	59.03	40.05	26.93	17.12	82.76	84.9	52.5	20.81	75.66	61.35	75.69	99.05	69.92	55.54	99.62	43.01	119.75	62.29	70.52	114.02	19.92	74.24	96.88	58.82	38.6	74.32	86.28	79.23
6	64.03	9.0	30.07	28.65	92.44	116.83	0.0	49.37	93.09	84.59	97.12	101.91	109.59	56.22	47.8	81.02	96.02	85.29	60.61	43.08	17.8	75.01	68.6	38.0	99.2	12.08	81.02	73.01	5.39	106.08	76.92	26.0	58.01	78.24	65.0	35.51	64.03
7	75.58	49.09	59.2	46.75	85.01	87.13	49.37	0.0	44.05	38.48	55.61	83.43	74.52	7.07	63.25	38.42	68.45	36.01	55.32	23.77	38.91	26.93	61.52	65.86	56.3	44.28	81.58	25.0	44.18	84.43	84.76	23.77	40.05	53.16	17.09	18.44	75.58
8	101.41	93.13	97.14	84.15	94.41	72.03	93.09	44.05	0.0	16.64	32.0	82.57	55.15	37.01	94.34	26.08	61.85	8.54	76.42	56.65	80.41	18.68	78.64	102.04	29.15	88.28	98.41	20.62	88.02	79.83	106.15	67.12	59.67	56.94	28.28	58.86	101.41
9	85.6	86.12	84.4	71.59	77.83	59.03	84.59	38.48	16.64	0.0	20.12	66.71	43.01	31.76	79.61	9.43	46.39	17.03	60.44	44.41	70.01	12.73	62.24	88.54	19.21	81.74	81.84	14.21	79.91	64.5	89.81	58.86	44.1	40.31	21.47	49.16	85.6
10	84.17	100.09	91.02	79.06	68.01	40.05	97.12	55.61	32.0	20.12	0.0	52.77	23.35	49.58	82.0	17.2	31.76	35.9	59.46	54.34	80.81	32.45	58.59	93.54	4.24	96.25	75.6	33.6	92.97	49.04	85.44	72.62	46.39	33.62	39.6	62.03	84.17
11	54.57	108.71	80.71	74.33	21.38	26.93	101.91	83.43	82.57	66.71	52.77	0.0	36.88	81.05	63.06	57.87	21.02	83.55	41.87	65.74	84.39	74.24	34.41	78.29	56.82	107.2	36.01	74.11	100.12	7.07	48.01	86.45	46.53	30.41	75.11	76.92	54.57
12	81.74	114.06	97.29	86.98	56.44	17.12	109.59	74.52	55.15	43.01	23.35	36.88	0.0	69.4	84.15	37.59	19.65	59.23	60.07	66.89	92.14	54.63	56.14	97.87	26.02	110.94	68.01	55.46	106.17	31.14	79.4	87.42	52.81	33.54	60.21	76.61	81.74
13	78.03	56.14	64.35	51.61	84.38	82.76	56.22	7.07	37.01	31.76	49.58	81.05	69.4	0.0	66.71	32.53	64.85	29.07	56.3	26.4	44.94	19.92	61.85	70.6	50.0	51.35	82.28	18.03	51.09	81.49	86.41	30.41	40.02	50.64	10.3	23.71	78.03
14	16.28	56.52	19.42	21.02	48.1	84.9	47.8	63.25	94.34	79.61	82.0	63.06	84.15	66.71	0.0	71.69	65.76	89.4	24.08	40.36	35.01	76.61	29.41	15.26	85.62	57.56	34.41	75.0	48.66	68.94	29.12	47.8	36.06	51.01	69.43	45.65	16.28
15	76.84	83.49	77.93	65.38	68.43	52.5	81.02	38.42	26.08	9.43	17.2	57.87	37.59	32.53	71.69	0.0	38.01	25.71	51.61	39.05	65.38	17.46	53.04	81.49	18.38	79.48	72.47	18.03	76.66	56.08	80.62	55.97	35.78	30.89	22.8	45.61	76.84
16	62.29	101.53	80.32	71.11	37.8	20.81	96.02	68.45	61.85	46.39	31.76	21.02	19.65	64.85	65.76	38.01	0.0	63.39	41.77	55.17	78.24	55.08	37.01	80.05	35.85	99.09	48.47	55.23	93.24	18.11	59.77	76.42	38.01	17.8	57.49	65.95	62.29
17	97.58	85.02	90.87	77.88	93.62	75.66	85.29	36.01	8.54	17.03	35.9	83.55	59.23	29.07	89.4	25.71	63.39	0.0	73.0	50.54	73.25	12.81	76.03	96.18	33.84	80.1	96.25	14.42	80.16	81.5	103.23	59.41	55.9	56.08	21.19	51.66	97.58
18	25.24	67.96	39.36	32.53	32.89	61.35	60.61	55.32	76.42	60.44	59.46	41.87	60.07	56.3	24.08	51.61	41.77	73.0	0.0	32.14	43.57	60.44	8.06	38.33	63.32	67.12	26.31	59.2	59.36	46.87	30.53	49.24	17.2	27.17	55.57	42.05	25.24
19	51.88	47.17	40.5	27.51	63.51	75.69	43.08	23.77	56.65	44.41	54.34	65.74	66.89	26.4	40.36	39.05	55.17	50.54	32.14	0.0	26.48	38.08	39.01	45.65	56.72	44.2	58.42	36.25	39.36	68.26	61.03	21.26	19.31	37.64	29.68	11.18	51.88
20	51.04	24.41	22.47	14.0	76.03	99.05	17.8	38.91	80.41	70.01	80.81	84.39	92.14	44.94	35.01	65.38	78.24	73.25	43.57	26.48	0.0	61.81	51.62	30.41	83.19	23.77	65.8	59.84	15.81	88.39	63.39	16.28	40.22	60.46	52.17	21.59	51.04
21	84.86	75.66	78.55	65.55	82.54	69.92	75.01	26.93	18.68	12.73	32.45	74.24	54.63	19.92	76.61	17.46	55.08	12.81	60.44	38.08	61.81	0.0	63.81	83.63	31.89	71.02	84.22	2.0	70.06	73.01	90.8	49.01	43.28	45.35	10.05	40.31	84.86
22	25.96	76.01	46.32	40.36	25.0	55.54	68.6	61.52	78.64	62.24	58.59	34.41	56.14	61.85	29.41	53.04	37.01	76.03	8.06	39.01	51.62	63.81	0.0	44.38	62.65	75.18	20.62	62.77	67.42	39.82	27.59	57.01	21.84	25.08	60.01	49.37	25.96
23	28.84	47.0	8.25	19.1	63.13	99.62	38.0	65.86	102.04	88.54	93.54	78.29	97.87	70.6	15.26	81.49	80.05	96.18	38.33	45.65	30.41	83.63	44.38	0.0	96.88	49.25	48.84	81.84	40.31	84.1	41.68	46.04	47.17	64.38	75.29	47.42	28.84
24	88.14	101.84	94.13	82.0	72.25	43.01	99.2	56.3	29.15	19.21	4.24	56.82	26.02	50.0	85.62	18.38	35.85	33.84	63.32	56.72	83.19	31.89	62.65	96.88	0.0	97.86	79.81	33.24	94.92	52.92	89.59	74.33	49.82	37.74	39.82	63.89	88.14
25	73.82	5.39	41.11	37.11	99.74	119.75	12.08	44.28	88.28	81.74	96.25	107.2	110.94	51.35	57.56	79.48	99.09	80.1	67.12	44.2	23.77	71.02	75.18	49.25	97.86	0.0	89.49	69.05	9.0	110.75	86.49	23.71	61.55	81.34	61.0	34.48	73.82
26	20.81	89.32	53.82	52.55	15.81	62.29	81.02	81.58	98.41	81.84	75.6	36.01	68.01	82.28	34.41	72.47	48.47	96.25	26.31	58.42	65.8	84.22	20.62	48.84	79.81	89.49	0.0	83.24	80.99	43.0	12.0	74.33	42.38	42.45	80.62	68.03	20.81
27	83.49	73.68	76.69	63.69	81.91	70.52	73.01	25.0	20.62	14.21	33.6	74.11	55.46	18.03	75.0	18.03	55.23	14.42	59.2	36.25	59.84	2.0	62.77	81.84	33.24	69.05	83.24	0.0	68.07	73.06	89.63	47.01	42.01	44.91	8.06	38.33	83.49
28	64.94	8.6	32.14	28.46	91.71	114.02	5.39	44.18	88.02	79.91	92.97	100.12	106.17	51.09	48.66	76.66	93.24	80.16	59.36	39.36	15.81	70.06	67.42	40.31	94.92	9.0	80.99	68.07	0.0	104.0	77.67	21.1	55.32	75.43	60.03	31.05	64.94
29	61.19	112.54	86.09	79.03	28.44	19.92	106.08	84.43	79.83	64.5	49.04	7.07	31.14	81.49	68.94	56.08	18.11	81.5	46.87	68.26	88.39	73.01	39.82	84.1	52.92	110.75	43.0	73.06	104.0	0.0	55.0	89.31	49.41	31.38	74.81	79.4	61.19
30	13.0	85.62	47.93	49.5	27.46	74.24	76.92	84.76	106.15	89.81	85.44	48.01	79.4	86.41	29.12	80.62	59.77	103.23	30.53	61.03	63.39	90.8	27.59	41.68	89.59	86.49	12.0	89.63	77.67	55.0	0.0	74.17	47.71	51.87	86.09	69.43	13.0
31	62.8	27.51	38.42	27.73	82.01	96.88	26.0	23.77	67.12	58.86	72.62	86.45	87.42	30.41	47.8	55.97	76.42	59.41	49.24	21.26	16.28	49.01	57.01	46.04	74.33	23.71	74.33	47.01	21.1	89.31	74.17	0.0	39.96	58.9	39.0	10.82	62.8
32	41.77	63.7	45.18	34.21	45.01	58.82	58.01	40.05	59.67	44.1	46.39	46.53	52.81	40.02	36.06	35.78	38.01	55.9	17.2	19.31	40.22	43.28	21.84	47.17	49.82	61.55	42.38	42.01	55.32	49.41	47.71	39.96	0.0	20.25	38.47	30.46	41.77
33	50.92	83.74	63.79	53.85	37.58	38.6	78.24	53.16	56.94	40.31	33.62	30.41	33.54	50.64	51.01	30.89	17.8	56.08	27.17	37.64	60.46	45.35	25.08	64.38	37.74	81.34	42.45	44.91	75.43	31.38	51.87	58.9	20.25	0.0	45.01	48.6	50.92
34	79.03	65.62	69.78	56.8	80.81	74.32	65.0	17.09	28.28	21.47	39.6	75.11	60.21	10.3	69.43	22.8	57.49	21.19	55.57	29.68	52.17	10.05	60.01	75.29	39.82	61.0	80.62	8.06	60.03	74.81	86.09	39.0	38.47	45.01	0.0	30.59	79.03
35	59.14	38.08	40.8	28.32	74.15	86.28	35.51	18.44	58.86	49.16	62.03	76.92	76.61	23.71	45.65	45.61	65.95	51.66	42.05	11.18	21.59	40.31	49.37	47.42	63.89	34.48	68.03	38.33	31.05	79.4	69.43	10.82	30.46	48.6	30.59	0.0	59.14
;
