vehicles
vehicle_idx, capacity, cost_per_unit_distance
1,100,3
2,100,3
3,100,3
4,100,3
depot
node_idx,x,y
0,82,76
home delivery customers
node_idx,x,y,service_time,demand
1,14,24,15,6
2,2,39,15,16
3,57,69,15,20
4,29,89,15,7
5,23,15,15,15
6,93,3,15,24
7,98,52,15,21
8,85,60,15,14
9,5,10,15,14
self pickup customers
node_idx,x,y,service_time,demand,locker_idxs
10,84,39,15,16,26
11,58,30,15,12,26
12,98,14,15,12,25
13,98,5,15,9,25
14,61,59,15,3,26
15,50,93,15,8,26
16,49,8,15,6,26
flexible customers
node_idx,x,y,service_time,demand,locker_idxs
17,20,70,15,2,26
18,50,5,15,21,24
19,1,65,15,22,26
20,13,7,15,19,27
21,61,62,15,24,25-27-26
22,88,51,15,18,26
23,19,32,15,1,24
lockers
node_idx,x,y,service_time,capacity,cost_per_unit_good
0,93,12,10,84
1,22,88,10,98
2,65,88,10,95
3,25,15,10,86
4,77,88,10,77
5,72,14,10,77
30,39,38,10,75
31,48,60,10,87
32,72,49,10,70
33,48,47,10,86
mrt lines
start_node_idx,end_node_idx,freight_capacity,cost_per_unit_good
distance matrix
,0,1,2,3,4,5,6,7,8,9,10,11,12,13,14,15,16,17,18,19,20,21,22,23,24,25,26,27,28,29,30,31,32,33,
0,0.0,85.6,88.14,25.96,54.57,84.86,73.82,28.84,16.28,101.41,37.05,51.88,64.03,72.78,27.02,36.24,75.58,62.29,77.88,81.74,97.58,25.24,25.71,76.84,64.94,61.19,20.81,83.49,13.0,62.8,57.38,37.58,28.79,44.69
1,85.6,0.0,19.21,62.24,66.71,12.73,81.74,88.54,79.61,16.64,71.59,44.41,84.59,86.12,58.6,77.83,38.48,46.39,40.71,43.01,17.03,60.44,78.77,9.43,79.91,64.5,81.84,14.21,89.81,58.86,28.65,49.52,63.16,41.05
2,88.14,19.21,0.0,62.65,56.82,31.89,97.86,96.88,85.62,29.15,82.0,56.72,99.2,101.84,62.3,72.25,56.3,35.85,58.82,26.02,33.84,63.32,86.83,18.38,94.92,52.92,79.81,33.24,89.59,74.33,37.01,50.57,70.71,46.69
3,25.96,62.24,62.65,0.0,34.41,63.81,75.18,44.38,29.41,78.64,40.36,39.01,68.6,76.01,10.77,25.0,61.52,37.01,64.38,56.14,76.03,8.06,35.85,53.04,67.42,39.82,20.62,62.77,27.59,57.01,35.85,12.73,25.0,23.77
4,54.57,66.71,56.82,34.41,0.0,74.24,107.2,78.29,63.06,82.57,74.33,65.74,101.91,108.71,43.86,21.38,83.43,21.02,86.59,36.88,83.55,41.87,70.18,57.87,100.12,7.07,36.01,74.11,48.01,86.45,51.97,34.67,58.73,46.1
5,84.86,12.73,31.89,63.81,74.24,0.0,71.02,83.63,76.61,18.68,65.55,38.08,75.01,75.66,58.14,82.54,26.93,55.08,28.79,54.63,12.81,60.44,74.3,17.46,70.06,73.01,84.22,2.0,90.8,49.01,28.02,51.48,59.64,40.61
6,73.82,81.74,97.86,75.18,107.2,71.02,0.0,49.25,57.56,88.28,37.11,44.2,12.08,5.39,64.5,99.74,44.28,99.09,43.05,110.94,80.1,67.12,48.26,79.48,9.0,110.75,89.49,69.05,86.49,23.71,64.35,72.62,50.57,62.94
7,28.84,88.54,96.88,44.38,78.29,83.63,49.25,0.0,15.26,102.04,19.1,45.65,38.0,47.0,37.66,63.13,65.86,80.05,67.18,97.87,96.18,38.33,10.05,81.49,40.31,84.1,48.84,81.84,41.68,46.04,60.64,50.64,26.17,50.25
8,16.28,79.61,85.62,29.41,63.06,76.61,57.56,15.26,0.0,94.34,21.02,40.36,47.8,56.52,24.02,48.1,63.25,65.76,65.19,84.15,89.4,24.08,9.49,71.69,48.66,68.94,34.41,75.0,29.12,47.8,50.99,37.0,17.03,39.22
9,101.41,16.64,29.15,78.64,82.57,18.68,88.28,102.04,94.34,0.0,84.15,56.65,93.09,93.13,74.41,94.41,44.05,61.85,45.28,55.15,8.54,76.42,92.57,26.08,88.02,79.83,98.41,20.62,106.15,67.12,44.05,65.95,77.52,56.73
10,37.05,71.59,82.0,40.36,74.33,65.55,37.11,19.1,21.02,84.15,0.0,27.51,28.65,36.77,30.48,63.81,46.75,71.11,48.08,86.98,77.88,32.53,12.65,65.38,28.46,79.03,52.55,63.69,49.5,27.73,45.01,41.68,15.62,36.88
11,51.88,44.41,56.72,39.01,65.74,38.08,44.2,45.65,40.36,56.65,27.51,0.0,43.08,47.17,29.15,63.51,23.77,55.17,26.25,66.89,50.54,32.14,36.62,39.05,39.36,68.26,58.42,36.25,61.03,21.26,20.62,31.62,23.6,19.72
12,64.03,84.59,99.2,68.6,101.91,75.01,12.08,38.0,47.8,93.09,28.65,43.08,0.0,9.0,58.26,92.44,49.37,96.02,48.84,109.59,85.29,60.61,38.33,81.02,5.39,106.08,81.02,73.01,76.92,26.0,63.69,67.94,43.6,59.91
13,72.78,86.12,101.84,76.01,108.71,75.66,5.39,47.0,56.52,93.13,36.77,47.17,9.0,0.0,65.46,100.24,49.09,101.53,48.0,114.06,85.02,67.96,47.07,83.49,8.6,112.54,89.32,73.68,85.62,27.51,67.6,74.33,51.11,65.3
14,27.02,58.6,62.3,10.77,43.86,58.14,64.5,37.66,24.02,74.41,30.48,29.15,58.26,65.46,0.0,35.74,52.39,42.45,55.11,60.3,70.77,3.0,28.16,49.93,56.86,48.6,29.27,56.85,33.12,46.32,30.41,13.04,14.87,17.69
15,36.24,77.83,72.25,25.0,21.38,82.54,99.74,63.13,48.1,94.41,63.81,63.51,92.44,100.24,35.74,0.0,85.01,37.8,88.0,56.44,93.62,32.89,56.64,68.43,91.71,28.44,15.81,81.91,27.46,82.01,56.09,33.06,49.19,46.04
16,75.58,38.48,56.3,61.52,83.43,26.93,44.28,65.86,63.25,44.05,46.75,23.77,49.37,49.09,52.39,85.01,0.0,68.45,3.16,74.52,36.01,55.32,58.05,38.42,44.18,84.43,81.58,25.0,84.76,23.77,31.62,52.01,47.01,39.01
17,62.29,46.39,35.85,37.01,21.02,55.08,99.09,80.05,65.76,61.85,71.11,55.17,96.02,101.53,42.45,37.8,68.45,0.0,71.59,19.65,63.39,41.77,70.6,38.01,93.24,18.11,48.47,55.23,59.77,76.42,37.22,29.73,56.08,36.24
18,77.88,40.71,58.82,64.38,86.59,28.79,43.05,67.18,65.19,45.28,48.08,26.25,48.84,48.0,55.11,88.0,3.16,71.59,0.0,77.47,37.05,58.05,59.67,41.11,43.57,87.6,84.34,26.93,87.28,23.77,34.79,55.04,49.19,42.05
19,81.74,43.01,26.02,56.14,36.88,54.63,110.94,97.87,84.15,55.15,86.98,66.89,109.59,114.06,60.3,56.44,74.52,19.65,77.47,0.0,59.23,60.07,88.12,37.59,106.17,31.14,68.01,55.46,79.4,87.42,46.62,47.27,72.78,50.33
20,97.58,17.03,33.84,76.03,83.55,12.81,80.1,96.18,89.4,8.54,77.88,50.54,85.29,85.02,70.77,93.62,36.01,63.39,37.05,59.23,0.0,73.0,86.95,25.71,80.16,81.5,96.25,14.42,103.23,59.41,40.46,63.51,72.42,53.15
21,25.24,60.44,63.32,8.06,41.87,60.44,67.12,38.33,24.08,76.42,32.53,32.14,60.61,67.96,3.0,32.89,55.32,41.77,58.05,60.07,73.0,0.0,29.15,51.61,59.36,46.87,26.31,59.2,30.53,49.24,32.56,13.15,17.03,19.85
22,25.71,78.77,86.83,35.85,70.18,74.3,48.26,10.05,9.49,92.57,12.65,36.62,38.33,47.07,28.16,56.64,58.05,70.6,59.67,88.12,86.95,29.15,0.0,71.57,39.32,75.66,43.57,72.56,38.6,40.31,50.7,41.0,16.12,40.2
23,76.84,9.43,18.38,53.04,57.87,17.46,79.48,81.49,71.69,26.08,65.38,39.05,81.02,83.49,49.93,68.43,38.42,38.01,41.11,37.59,25.71,51.61,71.57,0.0,76.66,56.08,72.47,18.03,80.62,55.97,20.88,40.31,55.66,32.65
24,64.94,79.91,94.92,67.42,100.12,70.06,9.0,40.31,48.66,88.02,28.46,39.36,5.39,8.6,56.86,91.71,44.18,93.24,43.57,106.17,80.16,59.36,39.32,76.66,0.0,104.0,80.99,68.07,77.67,21.1,59.93,65.8,42.54,57.01
25,61.19,64.5,52.92,39.82,7.07,73.01,110.75,84.1,68.94,79.83,79.03,68.26,106.08,112.54,48.6,28.44,84.43,18.11,87.6,31.14,81.5,46.87,75.66,56.08,104.0,0.0,43.0,73.06,55.0,89.31,52.81,38.21,63.41,48.55
26,20.81,81.84,79.81,20.62,36.01,84.22,89.49,48.84,34.41,98.41,52.55,58.42,81.02,89.32,29.27,15.81,81.58,48.47,84.34,68.01,96.25,26.31,43.57,72.47,80.99,43.0,0.0,83.24,12.0,74.33,56.36,32.76,39.62,44.38
27,83.49,14.21,33.24,62.77,74.11,2.0,69.05,81.84,75.0,20.62,63.69,36.25,73.01,73.68,56.85,81.91,25.0,55.23,26.93,55.46,14.42,59.2,72.56,18.03,68.07,73.06,83.24,0.0,89.63,47.01,26.93,50.54,58.01,39.41
28,13.0,89.81,89.59,27.59,48.01,90.8,86.49,41.68,29.12,106.15,49.5,61.03,76.92,85.62,33.12,27.46,84.76,59.77,87.28,79.4,103.23,30.53,38.6,80.62,77.67,55.0,12.0,89.63,0.0,74.17,62.8,40.31,39.32,50.22
29,62.8,58.86,74.33,57.01,86.45,49.01,23.71,46.04,47.8,67.12,27.73,21.26,26.0,27.51,46.32,82.01,23.77,76.42,23.77,87.42,59.41,49.24,40.31,55.97,21.1,89.31,74.33,47.01,74.17,0.0,40.8,51.88,35.0,40.8
30,57.38,28.65,37.01,35.85,51.97,28.02,64.35,60.64,50.99,44.05,45.01,20.62,63.69,67.6,30.41,56.09,31.62,37.22,34.79,46.62,40.46,32.56,50.7,20.88,59.93,52.81,56.36,26.93,62.8,40.8,0.0,23.77,34.79,12.73
31,37.58,49.52,50.57,12.73,34.67,51.48,72.62,50.64,37.0,65.95,41.68,31.62,67.94,74.33,13.04,33.06,52.01,29.73,55.04,47.27,63.51,13.15,41.0,40.31,65.8,38.21,32.76,50.54,40.31,51.88,23.77,0.0,26.4,13.0
32,28.79,63.16,70.71,25.0,58.73,59.64,50.57,26.17,17.03,77.52,15.62,23.6,43.6,51.11,14.87,49.19,47.01,56.08,49.19,72.78,72.42,17.03,16.12,55.66,42.54,63.41,39.62,58.01,39.32,35.0,34.79,26.4,0.0,24.08
33,44.69,41.05,46.69,23.77,46.1,40.61,62.94,50.25,39.22,56.73,36.88,19.72,59.91,65.3,17.69,46.04,39.01,36.24,42.05,50.33,53.15,19.85,40.2,32.65,57.01,48.55,44.38,39.41,50.22,40.8,12.73,13.0,24.08,0.0
