set K:= 1	2	3	4;
set C_H:= 1	2	3	4	5	6	7	8;
set C_S:= 9	10	11	12	13	14	15;
set C_F:= 16	17	18	19	20	21	22;
set M:= 23	24	25	26	27	28;
set L_B:= 29	30	31	32;
set A1:=
(0,*) 1 2 3 4 5 6 7 8 16 17 18 19 20 21 22 23 24 25 26 27 28 29 30 31 32 33
(1,*) 0 2 3 4 5 6 7 8 16 17 18 19 20 21 22 23 24 25 26 27 28 29 30 31 32 33
(2,*) 0 1 3 4 5 6 7 8 16 17 18 19 20 21 22 23 24 25 26 27 28 29 30 31 32 33
(3,*) 0 1 2 4 5 6 7 8 16 17 18 19 20 21 22 23 24 25 26 27 28 29 30 31 32 33
(4,*) 0 1 2 3 5 6 7 8 16 17 18 19 20 21 22 23 24 25 26 27 28 29 30 31 32 33
(5,*) 0 1 2 3 4 6 7 8 16 17 18 19 20 21 22 23 24 25 26 27 28 29 30 31 32 33
(6,*) 0 1 2 3 4 5 7 8 16 17 18 19 20 21 22 23 24 25 26 27 28 29 30 31 32 33
(7,*) 0 1 2 3 4 5 6 8 16 17 18 19 20 21 22 23 24 25 26 27 28 29 30 31 32 33
(8,*) 0 1 2 3 4 5 6 7 16 17 18 19 20 21 22 23 24 25 26 27 28 29 30 31 32 33
(16,*) 0 1 2 3 4 5 6 7 8 17 18 19 20 21 22 23 24 25 26 27 28 29 30 31 32 33
(17,*) 0 1 2 3 4 5 6 7 8 16 18 19 20 21 22 23 24 25 26 27 28 29 30 31 32 33
(18,*) 0 1 2 3 4 5 6 7 8 16 17 19 20 21 22 23 24 25 26 27 28 29 30 31 32 33
(19,*) 0 1 2 3 4 5 6 7 8 16 17 18 20 21 22 23 24 25 26 27 28 29 30 31 32 33
(20,*) 0 1 2 3 4 5 6 7 8 16 17 18 19 21 22 23 24 25 26 27 28 29 30 31 32 33
(21,*) 0 1 2 3 4 5 6 7 8 16 17 18 19 20 22 23 24 25 26 27 28 29 30 31 32 33
(22,*) 0 1 2 3 4 5 6 7 8 16 17 18 19 20 21 23 24 25 26 27 28 29 30 31 32 33
(23,*) 0 1 2 3 4 5 6 7 8 16 17 18 19 20 21 22 24 25 26 27 28 29 30 31 32 33
(24,*) 0 1 2 3 4 5 6 7 8 16 17 18 19 20 21 22 23 25 26 27 28 29 30 31 32 33
(25,*) 0 1 2 3 4 5 6 7 8 16 17 18 19 20 21 22 23 24 26 27 28 29 30 31 32 33
(26,*) 0 1 2 3 4 5 6 7 8 16 17 18 19 20 21 22 23 24 25 27 28 29 30 31 32 33
(27,*) 0 1 2 3 4 5 6 7 8 16 17 18 19 20 21 22 23 24 25 26 28 29 30 31 32 33
(28,*) 0 1 2 3 4 5 6 7 8 16 17 18 19 20 21 22 23 24 25 26 27 29 30 31 32 33
(29,*) 0 1 2 3 4 5 6 7 8 16 17 18 19 20 21 22 23 24 25 26 27 28 30 31 32 33
(30,*) 0 1 2 3 4 5 6 7 8 16 17 18 19 20 21 22 23 24 25 26 27 28 29 31 32 33
(31,*) 0 1 2 3 4 5 6 7 8 16 17 18 19 20 21 22 23 24 25 26 27 28 29 30 32 33
(32,*) 0 1 2 3 4 5 6 7 8 16 17 18 19 20 21 22 23 24 25 26 27 28 29 30 31 33
(33,*) 0 1 2 3 4 5 6 7 8 16 17 18 19 20 21 22 23 24 25 26 27 28 29 30 31 32
;
set A2:=
(23,*) 24
(24,*) 23
(25,*) 26
(26,*) 25
;
param BigM:=99999;
param n:= 4;
param d:=
1	16
2	3
3	18
4	7
5	19
6	4
7	16
8	20
9	8
10	6
11	8
12	21
13	2
14	15
15	14
16	9
17	24
18	19
19	12
20	12
21	21
22	2
;
param Q:=100;
param w:=
[23,*] 24 2
[24,*] 23 2
[25,*] 26 2
[26,*] 25 2
;
param V:=
[23,*] 24 98
[24,*] 23 98
[25,*] 26 100
[26,*] 25 100
;
param e:
	23	24	25	26	27	28	29	30	31	32:=
9		1		0		0		0		0		0		0		0		0		0	
10		0		1		0		0		0		1		0		0		0		0	
11		0		1		0		0		0		0		0		0		0		0	
12		0		0		0		0		0		1		0		0		0		0	
13		0		0		0		0		0		0		0		0		1		0	
14		0		1		0		0		0		0		0		0		0		0	
15		0		0		0		0		1		0		0		0		0		0	
16		0		0		1		0		0		0		0		0		0		0	
17		0		0		0		1		0		0		0		0		0		0	
18		0		1		0		0		0		0		0		0		0		0	
19		0		0		1		0		0		1		0		0		0		0	
20		0		0		0		0		0		1		0		0		0		1	
21		0		0		1		0		0		0		0		0		0		0	
22		0		0		0		0		0		0		0		0		0		1	
;
param p:=
1	1
2	1
3	1
4	1
;
param G:=
23	83
24	98
25	78
26	100
27	93
28	93
29	74
30	74
31	96
32	73
;
param s:=
0	0
1	10
2	10
3	10
4	10
5	10
6	10
7	10
8	10
16	10
17	10
18	10
19	10
20	10
21	10
22	10
23	10
24	10
25	10
26	10
27	10
28	10
29	10
30	10
31	10
32	10
;
param t:
	0	1	2	3	4	5	6	7	8	9	10	11	12	13	14	15	16	17	18	19	20	21	22	23	24	25	26	27	28	29	30	31	32	33:=
0	0.0	37.05	27.02	25.71	54.57	34.93	84.17	88.14	25.96	36.24	75.58	78.03	77.88	62.29	84.86	16.28	72.78	75.96	97.58	64.03	51.88	28.84	21.1	20.81	83.49	64.94	61.19	13.0	62.8	38.28	49.24	53.6	32.65	0.0
1	37.05	0.0	30.48	12.65	74.33	13.0	79.06	82.0	40.36	63.81	46.75	51.61	48.08	71.11	65.55	21.02	36.77	94.81	77.88	28.65	27.51	19.1	16.49	52.55	63.69	28.46	79.03	49.5	27.73	37.58	46.84	59.09	31.38	37.05
2	27.02	30.48	0.0	28.16	43.86	38.08	58.52	62.3	10.77	35.74	52.39	53.49	55.11	42.45	58.14	24.02	65.46	64.4	70.77	58.26	29.15	37.66	19.42	29.27	56.85	56.86	48.6	33.12	46.32	11.7	23.09	31.26	5.66	27.02
3	25.71	12.65	28.16	0.0	70.18	10.63	83.49	86.83	35.85	56.64	58.05	62.29	59.67	70.6	74.3	9.49	47.07	91.42	86.95	38.33	36.62	10.05	8.94	43.57	72.56	39.32	75.66	38.6	40.31	38.21	49.01	59.23	31.26	25.71
4	54.57	74.33	43.86	70.18	0.0	80.71	52.77	56.82	34.41	21.38	83.43	81.05	86.59	21.02	74.24	63.06	108.71	21.54	83.55	101.91	65.74	78.29	61.29	36.01	74.11	100.12	7.07	48.01	86.45	39.96	38.33	26.02	44.05	54.57
5	34.93	13.0	38.08	10.63	80.71	0.0	91.02	94.13	46.32	67.21	59.2	64.35	60.31	80.32	78.55	19.42	39.05	101.87	90.87	30.07	40.5	8.25	19.42	53.82	76.69	32.14	86.09	47.93	38.42	47.3	57.56	68.68	40.52	34.93
6	84.17	79.06	58.52	83.49	52.77	91.02	0.0	4.24	58.59	68.01	55.61	49.58	58.26	31.76	32.45	82.0	100.09	55.15	35.9	97.12	54.34	93.54	76.12	75.6	33.6	92.97	49.04	85.44	72.62	46.84	35.44	32.65	53.6	84.17
7	88.14	82.0	62.3	86.83	56.82	94.13	4.24	0.0	62.65	72.25	56.3	50.0	58.82	35.85	31.89	85.62	101.84	58.42	33.84	99.2	56.72	96.88	79.62	79.81	33.24	94.92	52.92	89.59	74.33	50.6	39.22	36.88	57.28	88.14
8	25.96	40.36	10.77	35.85	34.41	46.32	58.59	62.65	0.0	25.0	61.52	61.85	64.38	37.01	63.81	29.41	76.01	55.57	76.03	68.6	39.01	44.38	26.93	20.62	62.77	67.42	39.82	27.59	57.01	15.65	24.76	27.66	14.0	25.96
9	36.24	63.81	35.74	56.64	21.38	67.21	68.01	72.25	25.0	0.0	85.01	84.38	88.0	37.8	82.54	48.1	100.24	41.19	93.62	92.44	63.51	63.13	48.41	15.81	81.91	91.71	28.44	27.46	82.01	38.0	42.45	36.06	38.64	36.24
10	75.58	46.75	52.39	58.05	83.43	59.2	55.61	56.3	61.52	85.01	0.0	7.07	3.16	68.45	26.93	63.25	49.09	97.58	36.01	49.37	23.77	65.86	56.3	81.58	25.0	44.18	84.43	84.76	23.77	47.01	45.12	58.19	47.68	75.58
11	78.03	51.61	53.49	62.29	81.05	64.35	49.58	50.0	61.85	84.38	7.07	0.0	8.94	64.85	19.92	66.71	56.14	93.98	29.07	56.22	26.4	70.6	59.67	82.28	18.03	51.09	81.49	86.41	30.41	46.69	43.1	55.32	48.38	78.03
12	77.88	48.08	55.11	59.67	86.59	60.31	58.26	58.82	64.38	88.0	3.16	8.94	0.0	71.59	28.79	65.19	48.0	100.72	37.05	48.84	26.25	67.18	58.31	84.34	26.93	43.57	87.6	87.28	23.77	50.0	48.27	61.35	50.49	77.88
13	62.29	71.11	42.45	70.6	21.02	80.32	31.76	35.85	37.01	37.8	68.45	64.85	71.59	0.0	55.08	65.76	101.53	29.15	63.39	96.02	55.17	80.05	61.85	48.47	55.23	93.24	18.11	59.77	76.42	33.54	26.17	12.21	39.92	62.29
14	84.86	65.55	58.14	74.3	74.24	78.55	32.45	31.89	63.81	82.54	26.93	19.92	28.79	55.08	0.0	76.61	75.66	83.19	12.81	75.01	38.08	83.63	69.63	84.22	2.0	70.06	73.01	90.8	49.01	48.26	40.31	48.51	52.5	84.86
15	16.28	21.02	24.02	9.49	63.06	19.42	82.0	85.62	29.41	48.1	63.25	66.71	65.19	65.76	76.61	0.0	56.52	84.53	89.4	47.8	40.36	15.26	7.07	34.41	75.0	48.66	68.94	29.12	47.8	35.36	46.69	55.08	28.44	16.28
16	72.78	36.77	65.46	47.07	108.71	39.05	100.09	101.84	76.01	100.24	49.09	56.14	48.0	101.53	75.66	56.52	0.0	128.0	85.02	9.0	47.17	47.0	53.14	89.32	73.68	8.6	112.54	85.62	27.51	69.31	75.43	89.38	64.66	72.78
17	75.96	94.81	64.4	91.42	21.54	101.87	55.15	58.42	55.57	41.19	97.58	93.98	100.72	29.15	83.19	84.53	128.0	0.0	90.09	121.7	83.01	99.73	82.49	56.72	83.55	119.5	15.81	68.59	104.2	58.69	54.08	39.96	63.78	75.96
18	97.58	77.88	70.77	86.95	83.55	90.87	35.9	33.84	76.03	93.62	36.01	29.07	37.05	63.39	12.81	89.4	85.02	90.09	0.0	85.29	50.54	96.18	82.42	96.25	14.42	80.16	81.5	103.23	59.41	60.61	51.97	58.52	65.12	97.58
19	64.03	28.65	58.26	38.33	101.91	30.07	97.12	99.2	68.6	92.44	49.37	56.22	48.84	96.02	75.01	47.8	9.0	121.7	85.29	0.0	43.08	38.0	44.78	81.02	73.01	5.39	106.08	76.92	26.0	63.13	70.18	83.82	57.98	64.03
20	51.88	27.51	29.15	36.62	65.74	40.5	54.34	56.72	39.01	63.51	23.77	26.4	26.25	55.17	38.08	40.36	47.17	83.01	50.54	43.08	0.0	45.65	33.3	58.42	36.25	39.36	68.26	61.03	21.26	26.25	29.07	43.28	25.02	51.88
21	28.84	19.1	37.66	10.05	78.29	8.25	93.54	96.88	44.38	63.13	65.86	70.6	67.18	80.05	83.63	15.26	47.0	99.73	96.18	38.0	45.65	0.0	18.25	48.84	81.84	40.31	84.1	41.68	46.04	48.09	59.0	68.88	41.11	28.84
22	21.1	16.49	19.42	8.94	61.29	19.42	76.12	79.62	26.93	48.41	56.3	59.67	58.31	61.85	69.63	7.07	53.14	82.49	82.42	44.78	33.3	18.25	0.0	36.25	68.01	44.92	66.73	33.14	41.77	30.0	41.11	50.64	23.0	21.1
23	20.81	52.55	29.27	43.57	36.01	53.82	75.6	79.81	20.62	15.81	81.58	82.28	84.34	48.47	84.22	34.41	89.32	56.72	96.25	81.02	58.42	48.84	36.25	0.0	83.24	80.99	43.0	12.0	74.33	36.25	44.41	43.01	33.96	20.81
24	83.49	63.69	56.85	72.56	74.11	76.69	33.6	33.24	62.77	81.91	25.0	18.03	26.93	55.23	2.0	75.0	73.68	83.55	14.42	73.01	36.25	81.84	68.01	83.24	0.0	68.07	73.06	89.63	47.01	47.17	39.56	48.26	51.22	83.49
25	64.94	28.46	56.86	39.32	100.12	32.14	92.97	94.92	67.42	91.71	44.18	51.09	43.57	93.24	70.06	48.66	8.6	119.5	80.16	5.39	39.36	40.31	44.92	80.99	68.07	0.0	104.0	77.67	21.1	60.81	67.2	81.06	56.08	64.94
26	61.19	79.03	48.6	75.66	7.07	86.09	49.04	52.92	39.82	28.44	84.43	81.49	87.6	18.11	73.01	68.94	112.54	15.81	81.5	106.08	68.26	84.1	66.73	43.0	73.06	104.0	0.0	55.0	89.31	43.28	39.81	26.25	48.1	61.19
27	13.0	49.5	33.12	38.6	48.01	47.93	85.44	89.59	27.59	27.46	84.76	86.41	87.28	59.77	90.8	29.12	85.62	68.59	103.23	76.92	61.03	41.68	33.14	12.0	89.63	77.67	55.0	0.0	74.17	42.64	52.35	53.24	38.59	13.0
28	62.8	27.73	46.32	40.31	86.45	38.42	72.62	74.33	57.01	82.01	23.77	30.41	23.77	76.42	49.01	47.8	27.51	104.2	59.41	26.0	21.26	46.04	41.77	74.33	47.01	21.1	89.31	74.17	0.0	46.53	50.33	64.54	43.66	62.8
29	38.28	37.58	11.7	38.21	39.96	47.3	46.84	50.6	15.65	38.0	47.01	46.69	50.0	33.54	48.26	35.36	69.31	58.69	60.61	63.13	26.25	48.09	30.0	36.25	47.17	60.81	43.28	42.64	46.53	0.0	11.4	21.54	7.0	38.28
30	49.24	46.84	23.09	49.01	38.33	57.56	35.44	39.22	24.76	42.45	45.12	43.1	48.27	26.17	40.31	46.69	75.43	54.08	51.97	70.18	29.07	59.0	41.11	44.41	39.56	67.2	39.81	52.35	50.33	11.4	0.0	14.21	18.25	49.24
31	53.6	59.09	31.26	59.23	26.02	68.68	32.65	36.88	27.66	36.06	58.19	55.32	61.35	12.21	48.51	55.08	89.38	39.96	58.52	83.82	43.28	68.88	50.64	43.01	48.26	81.06	26.25	53.24	64.54	21.54	14.21	0.0	28.16	53.6
32	32.65	31.38	5.66	31.26	44.05	40.52	53.6	57.28	14.0	38.64	47.68	48.38	50.49	39.92	52.5	28.44	64.66	63.78	65.12	57.98	25.02	41.11	23.0	33.96	51.22	56.08	48.1	38.59	43.66	7.0	18.25	28.16	0.0	32.65
;
