set K:= 1	2	3	4;
set C_H:= 1	2	3	4	5	6	7;
set C_S:= 8	9	10	11	12	13	14	15;
set C_F:= 16	17	18	19	20	21	22	23;
set M:= 24	25	26	27	28	29;
set L_B:= 30;
set A1:=
(0,*) 1 2 3 4 5 6 7 16 17 18 19 20 21 22 23 24 25 26 27 28 29 30 31
(1,*) 0 2 3 4 5 6 7 16 17 18 19 20 21 22 23 24 25 26 27 28 29 30 31
(2,*) 0 1 3 4 5 6 7 16 17 18 19 20 21 22 23 24 25 26 27 28 29 30 31
(3,*) 0 1 2 4 5 6 7 16 17 18 19 20 21 22 23 24 25 26 27 28 29 30 31
(4,*) 0 1 2 3 5 6 7 16 17 18 19 20 21 22 23 24 25 26 27 28 29 30 31
(5,*) 0 1 2 3 4 6 7 16 17 18 19 20 21 22 23 24 25 26 27 28 29 30 31
(6,*) 0 1 2 3 4 5 7 16 17 18 19 20 21 22 23 24 25 26 27 28 29 30 31
(7,*) 0 1 2 3 4 5 6 16 17 18 19 20 21 22 23 24 25 26 27 28 29 30 31
(16,*) 0 1 2 3 4 5 6 7 17 18 19 20 21 22 23 24 25 26 27 28 29 30 31
(17,*) 0 1 2 3 4 5 6 7 16 18 19 20 21 22 23 24 25 26 27 28 29 30 31
(18,*) 0 1 2 3 4 5 6 7 16 17 19 20 21 22 23 24 25 26 27 28 29 30 31
(19,*) 0 1 2 3 4 5 6 7 16 17 18 20 21 22 23 24 25 26 27 28 29 30 31
(20,*) 0 1 2 3 4 5 6 7 16 17 18 19 21 22 23 24 25 26 27 28 29 30 31
(21,*) 0 1 2 3 4 5 6 7 16 17 18 19 20 22 23 24 25 26 27 28 29 30 31
(22,*) 0 1 2 3 4 5 6 7 16 17 18 19 20 21 23 24 25 26 27 28 29 30 31
(23,*) 0 1 2 3 4 5 6 7 16 17 18 19 20 21 22 24 25 26 27 28 29 30 31
(24,*) 0 1 2 3 4 5 6 7 16 17 18 19 20 21 22 23 25 26 27 28 29 30 31
(25,*) 0 1 2 3 4 5 6 7 16 17 18 19 20 21 22 23 24 26 27 28 29 30 31
(26,*) 0 1 2 3 4 5 6 7 16 17 18 19 20 21 22 23 24 25 27 28 29 30 31
(27,*) 0 1 2 3 4 5 6 7 16 17 18 19 20 21 22 23 24 25 26 28 29 30 31
(28,*) 0 1 2 3 4 5 6 7 16 17 18 19 20 21 22 23 24 25 26 27 29 30 31
(29,*) 0 1 2 3 4 5 6 7 16 17 18 19 20 21 22 23 24 25 26 27 28 30 31
(30,*) 0 1 2 3 4 5 6 7 16 17 18 19 20 21 22 23 24 25 26 27 28 29 31
(31,*) 0 1 2 3 4 5 6 7 16 17 18 19 20 21 22 23 24 25 26 27 28 29 30
;
set A2:=
;
param BigM:=99999;
param n:= 4;
param d:=
1	13
2	12
3	13
4	12
5	12
6	13
7	23
8	23
9	9
10	2
11	7
12	7
13	13
14	12
15	10
16	26
17	23
18	21
19	20
20	2
21	14
22	15
23	3
;
param Q:=100;
param e:
	24	25	26	27	28	29	30:=
8		1		0		0		1		0		0		1	
9		0		0		0		1		0		0		0	
10		0		1		1		0		0		1		0	
11		0		0		1		0		0		1		0	
12		0		0		0		0		0		1		0	
13		1		0		0		0		0		0		0	
14		0		1		0		0		0		1		0	
15		0		0		0		1		0		0		1	
16		1		0		0		1		0		0		1	
17		0		0		0		0		0		0		1	
18		0		1		0		0		0		1		0	
19		0		0		1		0		0		0		0	
20		1		1		0		0		0		1		0	
21		0		0		0		0		0		1		0	
22		0		1		0		0		0		0		0	
23		1		0		0		1		1		0		0	
;
param p:=
1	1
2	1
3	1
4	1
;
param G:=
24	83
25	89
26	74
27	97
28	76
29	84
30	84
;
param s:=
0	0
1	10
2	10
3	10
4	10
5	10
6	10
7	10
16	10
17	10
18	10
19	10
20	10
21	10
22	10
23	10
24	10
25	10
26	10
27	10
28	10
29	10
30	10
;
param t:
	0	1	2	3	4	5	6	7	8	9	10	11	12	13	14	15	16	17	18	19	20	21	22	23	24	25	26	27	28	29	30	31:=
0	0.0	11.66	17.0	19.92	22.2	30.36	32.02	28.02	51.09	75.01	75.5	87.09	73.68	39.81	101.83	69.35	81.3	78.23	101.4	75.06	66.6	89.29	90.43	37.01	27.29	102.07	80.01	70.11	15.52	80.52	73.16	0.0
1	11.66	0.0	9.22	29.68	24.19	24.21	41.15	25.55	41.11	65.19	80.16	94.05	77.1	34.71	99.81	60.42	72.18	69.05	100.85	81.3	65.51	93.06	89.69	34.67	19.72	100.69	86.7	60.83	11.18	84.59	64.43	11.66
2	17.0	9.22	0.0	29.83	18.44	15.0	39.82	17.09	34.13	58.01	74.03	89.5	70.26	25.5	90.8	52.47	64.38	61.29	92.18	76.3	56.82	86.28	81.01	25.94	10.77	91.81	82.0	53.15	4.47	78.06	56.34	17.0
3	19.92	29.68	29.83	0.0	19.03	36.4	12.17	29.15	61.1	83.43	58.87	68.03	58.67	42.05	94.05	75.95	87.82	85.0	91.29	56.72	58.83	73.41	80.92	35.23	36.25	93.24	61.2	77.47	25.81	64.47	79.12	19.92
4	22.2	24.19	18.44	19.03	0.0	18.36	24.7	10.2	43.42	64.85	56.04	71.06	52.95	23.02	79.93	57.07	68.88	66.1	79.2	57.87	44.55	68.88	68.25	16.76	19.8	79.98	63.56	58.69	14.14	60.41	60.16	22.2
5	30.36	24.21	15.0	36.4	18.36	0.0	43.05	9.22	25.06	47.07	66.49	84.69	61.29	10.63	76.55	40.05	52.04	49.09	78.79	70.94	43.66	77.16	67.62	14.0	5.39	77.9	77.08	41.3	14.87	69.58	43.55	30.36
6	32.02	41.15	39.82	12.17	24.7	43.05	0.0	34.44	68.1	88.96	48.76	56.14	49.82	46.17	89.47	80.65	92.18	89.56	85.21	45.35	55.36	63.63	75.47	37.85	44.2	87.98	49.5	82.54	35.47	54.71	83.38	32.02
7	28.02	25.55	17.09	29.15	10.2	9.22	34.44	0.0	33.84	54.71	58.55	75.96	54.0	13.04	74.52	46.87	58.69	55.9	75.29	62.3	39.96	70.01	64.14	9.22	12.65	75.21	68.35	48.51	14.42	62.07	49.98	28.02
8	51.09	41.11	34.13	61.1	43.42	25.06	68.1	33.84	0.0	24.08	85.0	105.48	78.19	25.0	78.59	20.59	31.62	28.46	84.59	91.59	53.46	93.01	74.17	34.06	25.0	81.58	97.94	20.25	36.67	86.73	24.89	51.09
9	75.01	65.19	58.01	83.43	64.85	47.07	88.96	54.71	24.08	0.0	96.05	118.26	88.01	42.95	74.11	10.0	10.0	7.62	83.19	104.69	59.68	100.85	74.46	51.88	48.26	78.41	111.07	7.07	60.21	96.26	10.74	75.01
10	75.5	80.16	74.03	58.87	56.04	66.49	48.76	58.55	85.0	96.05	0.0	23.02	8.94	60.75	56.01	86.05	94.05	92.7	46.53	12.04	37.64	15.0	41.11	52.89	71.02	52.09	17.09	89.02	70.0	6.4	86.47	75.5
11	87.09	94.05	89.5	68.03	71.06	84.69	56.14	75.96	105.48	118.26	23.02	0.0	31.91	80.62	76.3	108.3	116.73	115.26	65.28	13.89	60.61	28.02	62.1	72.01	88.6	71.7	7.62	111.2	85.15	25.63	108.96	87.09
12	73.68	77.1	70.26	58.67	52.95	61.29	49.82	54.0	78.19	88.01	8.94	31.91	0.0	54.57	48.09	78.01	85.63	84.39	39.56	20.62	29.0	16.03	33.02	47.38	66.12	44.55	26.0	81.02	66.48	8.54	78.23	73.68
13	39.81	34.71	25.5	42.05	23.02	10.63	46.17	13.04	25.0	42.95	60.75	80.62	54.57	0.0	66.04	34.48	46.1	43.42	68.71	66.73	33.96	70.04	57.58	9.22	15.81	67.54	73.06	36.4	24.7	63.06	37.32	39.81
14	101.83	99.81	90.8	94.05	79.93	76.55	89.47	74.52	78.59	74.11	56.01	76.3	48.09	66.04	0.0	66.03	66.75	67.36	12.81	68.03	35.47	48.76	15.13	65.3	81.84	5.66	72.34	69.01	88.87	51.24	63.56	101.83
15	69.35	60.42	52.47	75.95	57.07	40.05	80.65	46.87	20.59	10.0	86.05	108.3	78.01	34.48	66.03	0.0	12.0	9.06	74.43	94.76	49.74	90.92	65.31	43.08	42.11	70.03	101.14	3.16	54.08	86.27	4.31	69.35
16	81.3	72.18	64.38	87.82	68.88	52.04	92.18	58.69	31.62	10.0	94.05	116.73	85.63	46.1	66.75	12.0	0.0	3.16	76.66	103.48	56.73	97.42	68.71	54.41	54.08	71.39	109.79	11.4	66.07	93.61	8.8	81.3
17	78.23	69.05	61.29	85.0	66.1	49.09	89.56	55.9	28.46	7.62	92.7	115.26	84.39	43.42	67.36	9.06	3.16	0.0	76.9	101.91	55.61	96.52	68.62	51.87	51.04	71.85	108.25	8.25	63.03	92.46	6.46	78.23
18	101.4	100.85	92.18	91.29	79.2	78.79	85.21	75.29	84.59	83.19	46.53	65.28	39.56	68.71	12.81	74.43	76.66	76.9	0.0	58.31	35.36	37.34	11.18	66.24	84.17	7.21	62.01	77.52	89.69	41.11	72.47	101.4
19	75.06	81.3	76.3	56.72	57.87	70.94	45.35	62.3	91.59	104.69	12.04	13.89	20.62	66.73	68.03	94.76	103.48	101.91	58.31	0.0	48.02	23.71	53.15	58.14	74.95	64.03	6.4	97.62	72.01	17.26	95.57	75.06
20	66.6	65.51	56.82	58.83	44.55	43.66	55.36	39.96	53.46	59.68	37.64	60.61	29.0	33.96	35.47	49.74	56.73	55.61	35.36	48.02	0.0	41.18	24.19	30.89	49.04	35.47	54.08	52.84	54.38	36.88	49.59	66.6
21	89.29	93.06	86.28	73.41	68.88	77.16	63.63	70.01	93.01	100.85	15.0	28.02	16.03	70.04	48.76	90.92	97.42	96.52	37.34	23.71	41.18	0.0	35.34	63.2	82.05	43.93	25.71	94.02	82.49	8.94	90.64	89.29
22	90.43	89.69	81.01	80.92	68.25	67.62	75.47	64.14	74.17	74.46	41.11	62.1	33.02	57.58	15.13	65.31	68.71	68.62	11.18	53.15	24.19	35.34	0.0	55.07	73.01	12.53	57.71	68.45	78.55	36.67	63.73	90.43
23	37.01	34.67	25.94	35.23	16.76	14.0	37.85	9.22	34.06	51.88	52.89	72.01	47.38	9.22	65.3	43.08	54.41	51.87	66.24	58.14	30.89	63.2	55.07	0.0	19.1	66.03	64.41	45.19	23.6	55.73	45.6	37.01
24	27.29	19.72	10.77	36.25	19.8	5.39	44.2	12.65	25.0	48.26	71.02	88.6	66.12	15.81	81.84	42.11	54.08	51.04	84.17	74.95	49.04	82.05	73.01	19.1	0.0	83.24	80.99	43.0	12.0	74.33	45.87	27.29
25	102.07	100.69	91.81	93.24	79.98	77.9	87.98	75.21	81.58	78.41	52.09	71.7	44.55	67.54	5.66	70.03	71.39	71.85	7.21	64.03	35.47	43.93	12.53	66.03	83.24	0.0	68.07	73.06	89.63	47.01	67.77	102.07
26	80.01	86.7	82.0	61.2	63.56	77.08	49.5	68.35	97.94	111.07	17.09	7.62	26.0	73.06	72.34	101.14	109.79	108.25	62.01	6.4	54.08	25.71	57.71	64.41	80.99	68.07	0.0	104.0	77.67	21.1	101.91	80.01
27	70.11	60.83	53.15	77.47	58.69	41.3	82.54	48.51	20.25	7.07	89.02	111.2	81.02	36.4	69.01	3.16	11.4	8.25	77.52	97.62	52.84	94.02	68.45	45.19	43.0	73.06	104.0	0.0	55.0	89.31	6.02	70.11
28	15.52	11.18	4.47	25.81	14.14	14.87	35.47	14.42	36.67	60.21	70.0	85.15	66.48	24.7	88.87	54.08	66.07	63.03	89.69	72.01	54.38	82.49	78.55	23.6	12.0	89.63	77.67	55.0	0.0	74.17	57.8	15.52
29	80.52	84.59	78.06	64.47	60.41	69.58	54.71	62.07	86.73	96.26	6.4	25.63	8.54	63.06	51.24	86.27	93.61	92.46	41.11	17.26	36.88	8.94	36.67	55.73	74.33	47.01	21.1	89.31	74.17	0.0	86.37	80.52
30	73.16	64.43	56.34	79.12	60.16	43.55	83.38	49.98	24.89	10.74	86.47	108.96	78.23	37.32	63.56	4.31	8.8	6.46	72.47	95.57	49.59	90.64	63.73	45.6	45.87	67.77	101.91	6.02	57.8	86.37	0.0	73.16
;
