set K:= 1	2	3	4;
set C_H:= 1	2	3	4	5	6	7;
set C_S:= 8	9	10	11	12	13	14;
set C_F:= 15	16	17	18	19	20	21;
set M:= 22	23	24	25	26	27;
set L_B:= 28	29	30	31;
set A1:=
(0,*) 1 2 3 4 5 6 7 15 16 17 18 19 20 21 22 23 24 25 26 27 28 29 30 31
(1,*) 0 2 3 4 5 6 7 15 16 17 18 19 20 21 22 23 24 25 26 27 28 29 30 31
(2,*) 0 1 3 4 5 6 7 15 16 17 18 19 20 21 22 23 24 25 26 27 28 29 30 31
(3,*) 0 1 2 4 5 6 7 15 16 17 18 19 20 21 22 23 24 25 26 27 28 29 30 31
(4,*) 0 1 2 3 5 6 7 15 16 17 18 19 20 21 22 23 24 25 26 27 28 29 30 31
(5,*) 0 1 2 3 4 6 7 15 16 17 18 19 20 21 22 23 24 25 26 27 28 29 30 31
(6,*) 0 1 2 3 4 5 7 15 16 17 18 19 20 21 22 23 24 25 26 27 28 29 30 31
(7,*) 0 1 2 3 4 5 6 15 16 17 18 19 20 21 22 23 24 25 26 27 28 29 30 31
(15,*) 0 1 2 3 4 5 6 7 16 17 18 19 20 21 22 23 24 25 26 27 28 29 30 31
(16,*) 0 1 2 3 4 5 6 7 15 17 18 19 20 21 22 23 24 25 26 27 28 29 30 31
(17,*) 0 1 2 3 4 5 6 7 15 16 18 19 20 21 22 23 24 25 26 27 28 29 30 31
(18,*) 0 1 2 3 4 5 6 7 15 16 17 19 20 21 22 23 24 25 26 27 28 29 30 31
(19,*) 0 1 2 3 4 5 6 7 15 16 17 18 20 21 22 23 24 25 26 27 28 29 30 31
(20,*) 0 1 2 3 4 5 6 7 15 16 17 18 19 21 22 23 24 25 26 27 28 29 30 31
(21,*) 0 1 2 3 4 5 6 7 15 16 17 18 19 20 22 23 24 25 26 27 28 29 30 31
(22,*) 0 1 2 3 4 5 6 7 15 16 17 18 19 20 21 23 24 25 26 27 28 29 30 31
(23,*) 0 1 2 3 4 5 6 7 15 16 17 18 19 20 21 22 24 25 26 27 28 29 30 31
(24,*) 0 1 2 3 4 5 6 7 15 16 17 18 19 20 21 22 23 25 26 27 28 29 30 31
(25,*) 0 1 2 3 4 5 6 7 15 16 17 18 19 20 21 22 23 24 26 27 28 29 30 31
(26,*) 0 1 2 3 4 5 6 7 15 16 17 18 19 20 21 22 23 24 25 27 28 29 30 31
(27,*) 0 1 2 3 4 5 6 7 15 16 17 18 19 20 21 22 23 24 25 26 28 29 30 31
(28,*) 0 1 2 3 4 5 6 7 15 16 17 18 19 20 21 22 23 24 25 26 27 29 30 31
(29,*) 0 1 2 3 4 5 6 7 15 16 17 18 19 20 21 22 23 24 25 26 27 28 30 31
(30,*) 0 1 2 3 4 5 6 7 15 16 17 18 19 20 21 22 23 24 25 26 27 28 29 31
(31,*) 0 1 2 3 4 5 6 7 15 16 17 18 19 20 21 22 23 24 25 26 27 28 29 30
;
set A2:=
(22,*) 23
(23,*) 22
(24,*) 25
(25,*) 24
(26,*) 27
(27,*) 26
;
param BigM:=99999;
param n:= 4;
param d:=
1	20
2	24
3	12
4	7
5	22
6	16
7	24
8	8
9	18
10	9
11	1
12	2
13	19
14	24
15	14
16	15
17	21
18	8
19	16
20	21
21	14
;
param Q:=100;
param w:=
[22,*] 23 0.5
[23,*] 22 0.5
[24,*] 25 0.5
[25,*] 24 0.5
[26,*] 27 0.5
[27,*] 26 0.5
;
param V:=
[22,*] 23 98
[23,*] 22 98
[24,*] 25 98
[25,*] 24 98
[26,*] 27 85
[27,*] 26 85
;
param e:
	22	23	24	25	26	27	28	29	30	31:=
8	0	0	0	1	0	0	0	1	0	0	
9	1	0	0	0	1	0	0	0	0	1	
10	1	0	0	0	0	1	0	0	0	1	
11	0	0	0	1	0	1	0	1	0	0	
12	0	0	1	0	1	0	0	0	0	1	
13	1	0	0	0	0	1	0	0	0	1	
14	0	1	1	0	0	0	1	0	0	0	
15	0	0	0	1	0	1	0	1	0	0	
16	0	0	0	1	0	1	0	1	0	0	
17	1	0	0	0	1	0	0	0	0	1	
18	0	1	1	0	0	0	0	1	0	0	
19	0	1	0	1	0	0	0	0	0	1	
20	0	0	0	1	0	1	0	0	0	1	
21	0	0	1	0	1	0	0	0	1	0	
;
param p:=
1	3
2	3
3	3
4	3
;
param G:=
22	98
23	84
24	79
25	98
26	77
27	85
28	70
29	89
30	93
31	84
;
param s:=
0	0
1	10
2	10
3	10
4	10
5	10
6	10
7	10
15	10
16	10
17	10
18	10
19	10
20	10
21	10
22	10
23	10
24	10
25	10
26	10
27	10
28	10
29	10
30	10
31	10
;
param t:
	0	1	2	3	4	5	6	7	8	9	10	11	12	13	14	15	16	17	18	19	20	21	22	23	24	25	26	27	28	29	30	31:=
0	0.0	25.96	73.82	51.88	54.57	81.74	37.05	25.24	78.03	25.71	72.78	76.84	21.1	34.93	75.96	101.41	84.86	28.84	79.23	88.14	77.88	16.28	64.94	61.19	20.81	83.49	13.0	62.8	32.45	60.83	38.83	39.66
1	25.96	0.0	75.18	39.01	34.41	56.14	40.36	8.06	61.85	35.85	76.01	53.04	26.93	46.32	55.57	78.64	63.81	44.38	55.54	62.65	64.38	29.41	67.42	39.82	20.62	62.77	27.59	57.01	11.18	39.82	16.55	26.17
2	73.82	75.18	0.0	44.2	107.2	110.94	37.11	67.12	51.35	48.26	5.39	79.48	53.6	41.11	126.06	88.28	71.02	49.25	119.75	97.86	43.05	57.56	9.0	110.75	89.49	69.05	86.49	23.71	66.85	63.13	66.71	51.86
3	51.88	39.01	44.2	0.0	65.74	66.89	27.51	32.14	26.4	36.62	47.17	39.05	33.3	40.5	83.01	56.65	38.08	45.65	75.69	56.72	26.25	40.36	39.36	68.26	58.42	36.25	61.03	21.26	28.16	20.4	25.3	13.15
4	54.57	34.41	107.2	65.74	0.0	36.88	74.33	41.87	81.05	70.18	108.71	57.87	61.29	80.71	21.54	82.57	74.24	78.29	26.93	56.82	86.59	63.06	100.12	7.07	36.01	74.11	48.01	86.45	40.46	55.73	40.82	55.47
5	81.74	56.14	110.94	66.89	36.88	0.0	86.98	60.07	69.4	88.12	114.06	37.59	79.63	97.29	32.98	55.15	54.63	97.87	17.12	26.02	77.47	84.15	106.17	31.14	68.01	55.46	79.4	87.42	54.45	48.27	50.22	62.97
6	37.05	40.36	37.11	27.51	74.33	86.98	0.0	32.53	51.61	12.65	36.77	65.38	16.49	13.0	94.81	84.15	65.55	19.1	91.71	82.0	48.08	21.02	28.46	79.03	52.55	63.69	49.5	27.73	34.67	46.27	37.16	24.33
7	25.24	8.06	67.12	32.14	41.87	60.07	32.53	0.0	56.3	29.15	67.96	51.61	20.25	39.36	62.68	76.42	60.44	38.33	61.35	63.32	58.05	24.08	59.36	46.87	26.31	59.2	30.53	49.24	7.21	36.24	13.6	19.03
8	78.03	61.85	51.35	26.4	81.05	69.4	51.61	56.3	0.0	62.29	56.14	32.53	59.67	64.35	93.98	37.01	19.92	70.6	82.76	50.0	8.94	66.71	51.09	81.49	82.28	18.03	86.41	30.41	50.7	25.32	45.71	38.47
9	25.71	35.85	48.26	36.62	70.18	88.12	12.65	29.15	62.29	0.0	47.07	71.57	8.94	10.63	91.42	92.57	74.3	10.05	90.48	86.83	59.67	9.49	39.32	75.66	43.57	72.56	38.6	40.31	33.73	52.81	38.12	29.12
10	72.78	76.01	5.39	47.17	108.71	114.06	36.77	67.96	56.14	47.07	0.0	83.49	53.14	39.05	128.0	93.13	75.66	47.0	122.29	101.84	48.0	56.52	8.6	112.54	89.32	73.68	85.62	27.51	68.25	66.64	68.59	53.74
11	76.84	53.04	79.48	39.05	57.87	37.59	65.38	51.61	32.53	71.57	83.49	0.0	65.19	77.93	65.76	26.08	17.46	81.49	52.5	18.38	41.11	71.69	76.66	56.08	72.47	18.03	80.62	55.97	44.41	19.1	38.01	42.45
12	21.1	26.93	53.6	33.3	61.29	79.63	16.49	20.25	59.67	8.94	53.14	65.19	0.0	19.42	82.49	87.46	69.63	18.25	81.6	79.62	58.31	7.07	44.92	66.73	36.25	68.01	33.14	41.77	25.18	46.96	30.02	23.32
13	34.93	46.32	41.11	40.5	80.71	97.29	13.0	39.36	64.35	10.63	39.05	77.93	19.42	0.0	101.87	97.14	78.55	8.25	100.46	94.13	60.31	19.42	32.14	86.09	53.82	76.69	47.93	38.42	43.32	58.86	47.07	36.01
14	75.96	55.57	126.06	83.01	21.54	32.98	94.81	62.68	93.98	91.42	128.0	65.76	82.49	101.87	0.0	87.09	83.19	99.73	16.16	58.42	100.72	84.53	119.5	15.81	56.72	83.55	68.59	104.2	60.31	69.35	59.41	74.28
15	101.41	78.64	88.28	56.65	82.57	55.15	84.15	76.42	37.01	92.57	93.13	26.08	87.46	97.14	87.09	0.0	18.68	102.04	72.03	29.15	45.28	94.34	88.02	79.83	98.41	20.62	106.15	67.12	69.31	40.8	62.94	64.14
16	84.86	63.81	71.02	38.08	74.24	54.63	65.55	60.44	19.92	74.3	75.66	17.46	69.63	78.55	83.19	18.68	0.0	83.63	69.92	31.89	28.79	76.61	70.06	73.01	84.22	2.0	90.8	49.01	53.6	24.21	47.43	46.4
17	28.84	44.38	49.25	45.65	78.29	97.87	19.1	38.33	70.6	10.05	47.0	81.49	18.25	8.25	99.73	102.04	83.63	0.0	99.62	96.88	67.18	15.26	40.31	84.1	48.84	81.84	41.68	46.04	43.42	62.64	48.04	39.05
18	79.23	55.54	119.75	75.69	26.93	17.12	91.71	61.35	82.76	90.48	122.29	52.5	81.6	100.46	16.16	72.03	69.92	99.62	0.0	43.01	90.21	84.9	114.02	19.92	62.29	70.52	74.24	96.88	57.27	59.41	54.71	69.07
19	88.14	62.65	97.86	56.72	56.82	26.02	82.0	63.32	50.0	86.83	101.84	18.38	79.62	94.13	58.42	29.15	31.89	96.88	43.01	0.0	58.82	85.62	94.92	52.92	79.81	33.24	89.59	74.33	56.3	36.35	50.29	58.14
20	77.88	64.38	43.05	26.25	86.59	77.47	48.08	58.05	8.94	59.67	48.0	41.11	58.31	60.31	100.72	45.28	28.79	67.18	90.21	58.82	0.0	65.19	43.57	87.6	84.34	26.93	87.28	23.77	53.24	31.38	49.0	39.29
21	16.28	29.41	57.56	40.36	63.06	84.15	21.02	24.08	66.71	9.49	56.52	71.69	7.07	19.42	84.53	94.34	76.61	15.26	84.9	85.62	65.19	0.0	48.66	68.94	34.41	75.0	29.12	47.8	30.07	53.71	35.51	30.23
22	64.94	67.42	9.0	39.36	100.12	106.17	28.46	59.36	51.09	39.32	8.6	76.66	44.92	32.14	119.5	88.02	70.06	40.31	114.02	94.92	43.57	48.66	0.0	104.0	80.99	68.07	77.67	21.1	59.67	59.24	60.11	45.28
23	61.19	39.82	110.75	68.26	7.07	31.14	79.03	46.87	81.49	75.66	112.54	56.08	66.73	86.09	15.81	79.83	73.01	84.1	19.92	52.92	87.6	68.94	104.0	0.0	43.0	73.06	55.0	89.31	44.6	56.32	44.05	58.9
24	20.81	20.62	89.49	58.42	36.01	68.01	52.55	26.31	82.28	43.57	89.32	72.47	36.25	53.82	56.72	98.41	84.22	48.84	62.29	79.81	84.34	34.41	80.99	43.0	0.0	83.24	12.0	74.33	31.62	60.37	37.16	45.28
25	83.49	62.77	69.05	36.25	74.11	55.46	63.69	59.2	18.03	72.56	73.68	18.03	68.01	76.69	83.55	20.62	2.0	81.84	70.52	33.24	26.93	75.0	68.07	73.06	83.24	0.0	89.63	47.01	52.43	23.02	46.32	44.82
26	13.0	27.59	86.49	61.03	48.01	79.4	49.5	30.53	86.41	38.6	85.62	80.62	33.14	47.93	68.59	106.15	90.8	41.68	74.24	89.59	87.28	29.12	77.67	55.0	12.0	89.63	0.0	74.17	37.2	66.61	43.42	48.1
27	62.8	57.01	23.71	21.26	86.45	87.42	27.73	49.24	30.41	40.31	27.51	55.97	41.77	38.42	104.2	67.12	49.01	46.04	96.88	74.33	23.77	47.8	21.1	89.31	74.33	47.01	74.17	0.0	47.17	39.45	45.65	31.38
28	32.45	11.18	66.85	28.16	40.46	54.45	34.67	7.21	50.7	33.73	68.25	44.41	25.18	43.32	60.31	69.31	53.6	43.42	57.27	56.3	53.24	30.07	59.67	44.6	31.62	52.43	37.2	47.17	0.0	29.41	6.4	15.81
29	60.83	39.82	63.13	20.4	55.73	48.27	46.27	36.24	25.32	52.81	66.64	19.1	46.96	58.86	69.35	40.8	24.21	62.64	59.41	36.35	31.38	53.71	59.24	56.32	60.37	23.02	66.61	39.45	29.41	0.0	23.32	23.77
30	38.83	16.55	66.71	25.3	40.82	50.22	37.16	13.6	45.71	38.12	68.59	38.01	30.02	47.07	59.41	62.94	47.43	48.04	54.71	50.29	49.0	35.51	60.11	44.05	37.16	46.32	43.42	45.65	6.4	23.32	0.0	14.87
31	39.66	26.17	51.86	13.15	55.47	62.97	24.33	19.03	38.47	29.12	53.74	42.45	23.32	36.01	74.28	64.14	46.4	39.05	69.07	58.14	39.29	30.23	45.28	58.9	45.28	44.82	48.1	31.38	15.81	23.77	14.87	0.0
;
