set K:= 1	2	3	4;
set C_H:= 1	2	3	4	5	6	7;
set C_S:= 8	9	10	11	12	13	14;
set C_F:= 15	16	17	18	19	20	21;
set M:= 22	23;
set M_B:= 24	25;
set L_B:= 26	27	28	29;
set A1:=
(0,*) 1 2 3 4 5 6 7 15 16 17 18 19 20 21 22 23 24 25 26 27 28 29
(1,*) 0 2 3 4 5 6 7 15 16 17 18 19 20 21 22 23 24 25 26 27 28 29
(2,*) 0 1 3 4 5 6 7 15 16 17 18 19 20 21 22 23 24 25 26 27 28 29
(3,*) 0 1 2 4 5 6 7 15 16 17 18 19 20 21 22 23 24 25 26 27 28 29
(4,*) 0 1 2 3 5 6 7 15 16 17 18 19 20 21 22 23 24 25 26 27 28 29
(5,*) 0 1 2 3 4 6 7 15 16 17 18 19 20 21 22 23 24 25 26 27 28 29
(6,*) 0 1 2 3 4 5 7 15 16 17 18 19 20 21 22 23 24 25 26 27 28 29
(7,*) 0 1 2 3 4 5 6 15 16 17 18 19 20 21 22 23 24 25 26 27 28 29
(15,*) 0 1 2 3 4 5 6 7 16 17 18 19 20 21 22 23 24 25 26 27 28 29
(16,*) 0 1 2 3 4 5 6 7 15 17 18 19 20 21 22 23 24 25 26 27 28 29
(17,*) 0 1 2 3 4 5 6 7 15 16 18 19 20 21 22 23 24 25 26 27 28 29
(18,*) 0 1 2 3 4 5 6 7 15 16 17 19 20 21 22 23 24 25 26 27 28 29
(19,*) 0 1 2 3 4 5 6 7 15 16 17 18 20 21 22 23 24 25 26 27 28 29
(20,*) 0 1 2 3 4 5 6 7 15 16 17 18 19 21 22 23 24 25 26 27 28 29
(21,*) 0 1 2 3 4 5 6 7 15 16 17 18 19 20 22 23 24 25 26 27 28 29
(22,*) 0 1 2 3 4 5 6 7 15 16 17 18 19 20 21 23 24 25 26 27 28 29
(23,*) 0 1 2 3 4 5 6 7 15 16 17 18 19 20 21 22 24 25 26 27 28 29
(24,*) 0 1 2 3 4 5 6 7 15 16 17 18 19 20 21 22 23 25 26 27 28 29
(25,*) 0 1 2 3 4 5 6 7 15 16 17 18 19 20 21 22 23 24 26 27 28 29
(26,*) 0 1 2 3 4 5 6 7 15 16 17 18 19 20 21 22 23 24 25 27 28 29
(27,*) 0 1 2 3 4 5 6 7 15 16 17 18 19 20 21 22 23 24 25 26 28 29
(28,*) 0 1 2 3 4 5 6 7 15 16 17 18 19 20 21 22 23 24 25 26 27 29
(29,*) 0 1 2 3 4 5 6 7 15 16 17 18 19 20 21 22 23 24 25 26 27 28
;
param BigM:=99999;
param n:= 4;
param d:=
1	2
2	2
3	21
4	22
5	14
6	7
7	24
8	1
9	18
10	19
11	4
12	8
13	6
14	15
15	3
16	19
17	20
18	8
19	19
20	6
21	21
;
param Q:=100;
param e:
	22	23	24	25	26	27	28	29:=
8		0		1		0		1		0		0		1		0	
9		1		0		1		0		1		0		0		0	
10		1		0		1		0		0		0		0		1	
11		0		1		0		1		0		0		1		0	
12		1		0		1		0		0		1		0		0	
13		0		1		0		1		0		1		0		0	
14		0		1		0		1		0		0		0		1	
15		1		0		1		0		1		1		1		0	
16		0		1		0		1		1		0		0		0	
17		1		0		1		0		1		1		0		0	
18		0		1		0		1		0		0		0		1	
19		0		1		0		1		0		1		0		0	
20		0		1		0		1		0		0		0		1	
21		1		0		1		0		0		0		0		1	
;
param p:=
1	3
2	3
3	3
4	3
;
param G:=
22	90
23	89
24	90
25	89
26	71
27	81
28	74
29	78
;
param s:=
0	0
1	10
2	10
3	10
4	10
5	10
6	10
7	10
15	10
16	10
17	10
18	10
19	10
20	10
21	10
22	10
23	10
24	10
25	10
26	10
27	10
28	10
29	10
;
param t:
	0	1	2	3	4	5	6	7	8	9	10	11	12	13	14	15	16	17	18	19	20	21	22	23	24	25	26	27	28	29:=
0	0.0	62.29	21.1	77.88	81.74	16.28	54.57	73.82	76.84	25.71	34.93	84.17	79.23	85.6	84.86	27.02	74.55	25.96	78.03	97.58	75.58	28.84	20.81	83.49	20.81	83.49	44.55	34.48	51.86	59.68
1	62.29	0.0	61.85	71.59	19.65	65.76	21.02	99.09	38.01	70.6	80.32	31.76	20.81	46.39	55.08	42.45	98.31	37.01	64.85	63.39	68.45	80.05	48.47	55.23	48.47	55.23	40.46	29.27	34.83	54.64
2	21.1	61.85	0.0	58.31	79.63	7.07	61.29	53.6	65.19	8.94	19.42	76.12	81.6	72.92	69.63	19.42	54.13	26.93	59.67	82.42	56.3	18.25	36.25	68.01	36.25	68.01	31.02	32.89	39.85	41.73
3	77.88	71.59	58.31	0.0	77.47	65.19	86.59	43.05	41.11	59.67	60.31	58.26	90.21	40.71	28.79	55.11	41.11	64.38	8.94	37.05	3.16	67.18	84.34	26.93	84.34	26.93	39.01	61.01	38.83	20.02
4	81.74	19.65	79.63	77.47	0.0	84.15	36.88	110.94	37.59	88.12	97.29	23.35	17.12	43.01	54.63	60.3	109.86	56.14	69.4	59.23	74.52	97.87	68.01	55.46	68.01	55.46	54.23	48.01	46.53	64.03
5	16.28	65.76	7.07	65.19	84.15	0.0	63.06	57.56	71.69	9.49	19.42	82.0	84.9	79.61	76.61	24.02	58.31	29.41	66.71	89.4	63.25	15.26	34.41	75.0	34.41	75.0	37.58	36.5	46.24	48.8
6	54.57	21.02	61.29	86.59	36.88	63.06	0.0	107.2	57.87	70.18	80.71	52.77	26.93	66.71	74.24	43.86	106.83	34.41	81.05	83.55	83.43	78.29	36.01	74.11	36.01	74.11	50.09	30.48	47.8	67.68
7	73.82	99.09	53.6	43.05	110.94	57.56	107.2	0.0	79.48	48.26	41.11	96.25	119.75	81.74	71.02	64.5	2.24	75.18	51.35	80.1	44.28	49.25	89.49	69.05	89.49	69.05	58.69	76.84	64.82	47.41
8	76.84	38.01	65.19	41.11	37.59	71.69	57.87	79.48	0.0	71.57	77.93	17.2	52.5	9.43	17.46	49.93	78.0	53.04	32.53	25.71	38.42	81.49	72.47	18.03	72.47	18.03	34.18	45.34	25.5	32.76
9	25.71	70.6	8.94	59.67	88.12	9.49	70.18	48.26	71.57	0.0	10.63	83.49	90.48	78.77	74.3	28.16	49.09	35.85	62.29	86.95	58.05	10.05	43.57	72.56	43.57	72.56	37.66	41.79	46.69	45.22
10	34.93	80.32	19.42	60.31	97.29	19.42	80.71	41.11	77.93	10.63	0.0	91.02	100.46	84.4	78.55	38.08	42.3	46.32	64.35	90.87	59.2	8.25	53.82	76.69	53.82	76.69	45.0	51.89	54.01	48.85
11	84.17	31.76	76.12	58.26	23.35	82.0	52.77	96.25	17.2	83.49	91.02	0.0	40.05	20.12	32.45	58.52	94.85	58.59	49.58	35.9	55.61	93.54	75.6	33.6	75.6	33.6	46.04	50.12	37.01	49.04
12	79.23	20.81	81.6	90.21	17.12	84.9	26.93	119.75	52.5	90.48	100.46	40.05	0.0	59.03	69.92	62.39	118.93	55.54	82.76	75.66	87.13	99.62	62.29	70.52	62.29	70.52	61.22	48.7	55.15	74.52
13	85.6	46.39	72.92	40.71	43.01	79.61	66.71	81.74	9.43	78.77	84.4	20.12	59.03	0.0	12.73	58.6	80.08	62.24	31.76	17.03	38.48	88.54	81.84	14.21	81.84	14.21	42.06	54.67	33.84	37.01
14	84.86	55.08	69.63	28.79	54.63	76.61	74.24	71.02	17.46	74.3	78.55	32.45	69.92	12.73	0.0	58.14	69.23	63.81	19.92	12.81	26.93	83.63	84.22	2.0	84.22	2.0	40.31	57.25	33.84	29.73
15	27.02	42.45	19.42	55.11	60.3	24.02	43.86	64.5	49.93	28.16	38.08	58.52	62.39	58.6	58.14	0.0	64.41	10.77	53.49	70.77	52.39	37.66	29.27	56.85	29.27	56.85	18.03	13.89	24.84	35.44
16	74.55	98.31	54.13	41.11	109.86	58.31	106.83	2.24	78.0	49.09	42.3	94.85	118.93	80.08	69.23	64.41	0.0	75.13	49.5	78.16	42.43	50.49	89.84	67.27	89.84	67.27	58.0	76.55	63.89	46.14
17	25.96	37.01	26.93	64.38	56.14	29.41	34.41	75.18	53.04	35.85	46.32	58.59	55.54	62.24	63.81	10.77	75.13	0.0	61.85	76.03	61.52	44.38	20.62	62.77	20.62	62.77	25.71	8.54	30.02	44.41
18	78.03	64.85	59.67	8.94	69.4	66.71	81.05	51.35	32.53	62.29	64.35	49.58	82.76	31.76	19.92	53.49	49.5	61.85	0.0	29.07	7.07	70.6	82.28	18.03	82.28	18.03	36.14	57.43	34.0	18.36
19	97.58	63.39	82.42	37.05	59.23	89.4	83.55	80.1	25.71	86.95	90.87	35.9	75.66	17.03	12.81	70.77	78.16	76.03	29.07	0.0	36.01	96.18	96.25	14.42	96.25	14.42	53.04	69.12	46.23	42.05
20	75.58	68.45	56.3	3.16	74.52	63.25	83.43	44.28	38.42	58.05	59.2	55.61	87.13	38.48	26.93	52.39	42.43	61.52	7.07	36.01	0.0	65.86	81.58	25.0	81.58	25.0	36.06	58.0	35.69	17.12
21	28.84	80.05	18.25	67.18	97.87	15.26	78.29	49.25	81.49	10.05	8.25	93.54	99.62	88.54	83.63	37.66	50.49	44.38	70.6	96.18	65.86	0.0	48.84	81.84	48.84	81.84	47.68	50.96	56.72	54.2
22	20.81	48.47	36.25	84.34	68.01	34.41	36.01	89.49	72.47	43.57	53.82	75.6	62.29	81.84	84.22	29.27	89.84	20.62	82.28	96.25	81.58	48.84	0.0	83.24	0.0	83.24	46.17	27.2	50.54	64.54
23	83.49	55.23	68.01	26.93	55.46	75.0	74.11	69.05	18.03	72.56	76.69	33.6	70.52	14.21	2.0	56.85	67.27	62.77	18.03	14.42	25.0	81.84	83.24	0.0	83.24	0.0	38.95	56.36	32.76	27.86
24	20.81	48.47	36.25	84.34	68.01	34.41	36.01	89.49	72.47	43.57	53.82	75.6	62.29	81.84	84.22	29.27	89.84	20.62	82.28	96.25	81.58	48.84	0.0	83.24	0.0	83.24	46.17	27.2	50.54	64.54
25	83.49	55.23	68.01	26.93	55.46	75.0	74.11	69.05	18.03	72.56	76.69	33.6	70.52	14.21	2.0	56.85	67.27	62.77	18.03	14.42	25.0	81.84	83.24	0.0	83.24	0.0	38.95	56.36	32.76	27.86
26	44.55	40.46	31.02	39.01	54.23	37.58	50.09	58.69	34.18	37.66	45.0	46.04	61.22	42.06	40.31	18.03	58.0	25.71	36.14	53.04	36.06	47.68	46.17	38.95	46.17	38.95	0.0	22.09	9.06	19.0
27	34.48	29.27	32.89	61.01	48.01	36.5	30.48	76.84	45.34	41.79	51.89	50.12	48.7	54.67	57.25	13.89	76.55	8.54	57.43	69.12	58.0	50.96	27.2	56.36	27.2	56.36	22.09	0.0	24.04	41.05
28	51.86	34.83	39.85	38.83	46.53	46.24	47.8	64.82	25.5	46.69	54.01	37.01	55.15	33.84	33.84	24.84	63.89	30.02	34.0	46.23	35.69	56.72	50.54	32.76	50.54	32.76	9.06	24.04	0.0	20.12
29	59.68	54.64	41.73	20.02	64.03	48.8	67.68	47.41	32.76	45.22	48.85	49.04	74.52	37.01	29.73	35.44	46.14	44.41	18.36	42.05	17.12	54.2	64.54	27.86	64.54	27.86	19.0	41.05	20.12	0.0
;
