set K:= 1	2	3	4;
set C_H:= 1	2	3	4	5	6	7	8;
set C_S:= 9	10	11	12	13	14	15;
set C_F:= 16	17	18	19	20	21	22;
set M:= 23	24;
set L_B:= 25	26	27	28;
set A1:=
(0,*) 1 2 3 4 5 6 7 8 16 17 18 19 20 21 22 23 24 25 26 27 28
(1,*) 0 2 3 4 5 6 7 8 16 17 18 19 20 21 22 23 24 25 26 27 28
(2,*) 0 1 3 4 5 6 7 8 16 17 18 19 20 21 22 23 24 25 26 27 28
(3,*) 0 1 2 4 5 6 7 8 16 17 18 19 20 21 22 23 24 25 26 27 28
(4,*) 0 1 2 3 5 6 7 8 16 17 18 19 20 21 22 23 24 25 26 27 28
(5,*) 0 1 2 3 4 6 7 8 16 17 18 19 20 21 22 23 24 25 26 27 28
(6,*) 0 1 2 3 4 5 7 8 16 17 18 19 20 21 22 23 24 25 26 27 28
(7,*) 0 1 2 3 4 5 6 8 16 17 18 19 20 21 22 23 24 25 26 27 28
(8,*) 0 1 2 3 4 5 6 7 16 17 18 19 20 21 22 23 24 25 26 27 28
(16,*) 0 1 2 3 4 5 6 7 8 17 18 19 20 21 22 23 24 25 26 27 28
(17,*) 0 1 2 3 4 5 6 7 8 16 18 19 20 21 22 23 24 25 26 27 28
(18,*) 0 1 2 3 4 5 6 7 8 16 17 19 20 21 22 23 24 25 26 27 28
(19,*) 0 1 2 3 4 5 6 7 8 16 17 18 20 21 22 23 24 25 26 27 28
(20,*) 0 1 2 3 4 5 6 7 8 16 17 18 19 21 22 23 24 25 26 27 28
(21,*) 0 1 2 3 4 5 6 7 8 16 17 18 19 20 22 23 24 25 26 27 28
(22,*) 0 1 2 3 4 5 6 7 8 16 17 18 19 20 21 23 24 25 26 27 28
(23,*) 0 1 2 3 4 5 6 7 8 16 17 18 19 20 21 22 24 25 26 27 28
(24,*) 0 1 2 3 4 5 6 7 8 16 17 18 19 20 21 22 23 25 26 27 28
(25,*) 0 1 2 3 4 5 6 7 8 16 17 18 19 20 21 22 23 24 26 27 28
(26,*) 0 1 2 3 4 5 6 7 8 16 17 18 19 20 21 22 23 24 25 27 28
(27,*) 0 1 2 3 4 5 6 7 8 16 17 18 19 20 21 22 23 24 25 26 28
(28,*) 0 1 2 3 4 5 6 7 8 16 17 18 19 20 21 22 23 24 25 26 27
;
set A2:=
(23,*) 24
(24,*) 23
;
param BigM:=99999;
param n:= 4;
param d:=
1	16
2	12
3	4
4	2
5	24
6	20
7	3
8	18
9	12
10	6
11	21
12	15
13	14
14	16
15	16
16	19
17	24
18	8
19	1
20	8
21	6
22	2
;
param Q:=100;
param w:=
[23,*] 24 0.5
[24,*] 23 0.5
;
param V:=
[23,*] 24 98
[24,*] 23 98
;
param e:
	23	24	25	26	27	28:=
9	0	0	1	0	0	0	
10	0	0	0	0	1	0	
11	1	0	0	0	0	0	
12	0	0	0	1	0	0	
13	0	0	0	0	1	0	
14	1	0	0	0	0	0	
15	1	0	0	0	0	0	
16	0	0	0	1	0	0	
17	0	1	0	0	0	0	
18	0	1	0	0	0	0	
19	0	0	0	1	0	0	
20	0	0	0	0	1	0	
21	0	0	0	0	1	0	
22	0	1	0	0	0	0	
;
param p:=
1	3
2	3
3	3
4	3
;
param G:=
23	76
24	98
25	89
26	70
27	72
28	91
;
param s:=
0	0
1	10
2	10
3	10
4	10
5	10
6	10
7	10
8	10
16	10
17	10
18	10
19	10
20	10
21	10
22	10
23	10
24	10
25	10
26	10
27	10
28	10
;
param t:
	0	1	2	3	4	5	6	7	8	9	10	11	12	13	14	15	16	17	18	19	20	21	22	23	24	25	26	27	28:=
0	0.0	88.14	64.03	84.17	21.1	73.82	25.96	27.02	25.71	51.88	75.58	28.84	84.86	101.41	51.04	37.05	97.58	75.96	36.24	76.84	78.03	85.6	62.29	64.94	61.19	36.62	40.31	50.22	42.19
1	88.14	0.0	99.2	4.24	79.62	97.86	62.65	62.3	86.83	56.72	56.3	96.88	31.89	29.15	83.19	82.0	33.84	58.42	72.25	18.38	50.0	19.21	35.85	94.92	52.92	52.5	51.79	51.16	46.49
2	64.03	99.2	0.0	97.12	44.78	12.08	68.6	58.26	38.33	43.08	49.37	38.0	75.01	93.09	17.8	28.65	85.29	121.7	92.44	81.02	56.22	84.59	96.02	5.39	106.08	61.62	56.4	49.66	65.6
3	84.17	4.24	97.12	0.0	76.12	96.25	58.59	58.52	83.49	54.34	55.61	93.54	32.45	32.0	80.81	79.06	35.9	55.15	68.01	17.2	49.58	20.12	31.76	92.97	49.04	48.76	48.37	48.51	42.72
4	21.1	79.62	44.78	76.12	0.0	53.6	26.93	19.42	8.94	33.3	56.3	18.25	69.63	87.46	30.27	16.49	82.42	82.49	48.41	65.19	59.67	72.92	61.85	44.92	66.73	28.0	27.89	33.6	34.01
5	73.82	97.86	12.08	96.25	53.6	0.0	75.18	64.5	48.26	44.2	44.28	49.25	71.02	88.28	23.77	37.11	80.1	126.06	99.74	79.48	51.35	81.74	99.09	9.0	110.75	66.22	60.21	51.22	69.35
6	25.96	62.65	68.6	58.59	26.93	75.18	0.0	10.77	35.85	39.01	61.52	44.38	63.81	78.64	51.62	40.36	76.03	55.57	25.0	53.04	61.85	62.24	37.01	67.42	39.82	14.87	21.38	34.23	18.6
7	27.02	62.3	58.26	58.52	19.42	64.5	10.77	0.0	28.16	29.15	52.39	37.66	58.14	74.41	41.05	30.48	70.77	64.4	35.74	49.93	53.49	58.6	42.45	56.86	48.6	9.85	13.6	25.3	15.81
8	25.71	86.83	38.33	83.49	8.94	48.26	35.85	28.16	0.0	36.62	58.05	10.05	74.3	92.57	26.31	12.65	86.95	91.42	56.64	71.57	62.29	78.77	70.6	39.32	75.66	36.22	35.13	38.48	42.11
9	51.88	56.72	43.08	54.34	33.3	44.2	39.01	29.15	36.62	0.0	23.77	45.65	38.08	56.65	26.48	27.51	50.54	83.01	63.51	39.05	26.4	44.41	55.17	39.36	68.26	25.71	18.68	7.07	26.83
10	75.58	56.3	49.37	55.61	56.3	44.28	61.52	52.39	58.05	23.77	0.0	65.86	26.93	44.05	38.91	46.75	36.01	97.58	85.01	38.42	7.07	38.48	68.45	44.18	84.43	47.1	40.2	27.29	46.1
11	28.84	96.88	38.0	93.54	18.25	49.25	44.38	37.66	10.05	45.65	65.86	0.0	83.63	102.04	30.41	19.1	96.18	99.73	63.13	81.49	70.6	88.54	80.05	40.31	84.1	46.1	45.18	48.1	52.04
12	84.86	31.89	75.01	32.45	69.63	71.02	63.81	58.14	74.3	38.08	26.93	83.63	0.0	18.68	61.81	65.55	12.81	83.19	82.54	17.46	19.92	12.73	55.08	70.06	73.01	49.41	44.6	36.06	45.28
13	101.41	29.15	93.09	32.0	87.46	88.28	78.64	74.41	92.57	56.65	44.05	102.04	18.68	0.0	80.41	84.15	8.54	87.09	94.41	26.08	37.01	16.64	61.85	88.02	79.83	65.07	61.22	54.12	60.14
14	51.04	83.19	17.8	80.81	30.27	23.77	51.62	41.05	26.31	26.48	38.91	30.41	61.81	80.41	0.0	14.0	73.25	103.97	76.03	65.38	44.94	70.01	78.24	15.81	88.39	43.86	38.6	32.57	47.8
15	37.05	82.0	28.65	79.06	16.49	37.11	40.36	30.48	12.65	27.51	46.75	19.1	65.55	84.15	14.0	0.0	77.88	94.81	63.81	65.38	51.61	71.59	71.11	28.46	79.03	35.78	32.28	31.26	40.85
16	97.58	33.84	85.29	35.9	82.42	80.1	76.03	70.77	86.95	50.54	36.01	96.18	12.81	8.54	73.25	77.88	0.0	90.09	93.62	25.71	29.07	17.03	63.39	80.16	81.5	61.85	57.28	48.83	57.43
17	75.96	58.42	121.7	55.15	82.49	126.06	55.57	64.4	91.42	83.01	97.58	99.73	83.19	87.09	103.97	94.81	90.09	0.0	41.19	65.76	93.98	73.17	29.15	119.5	15.81	60.11	65.86	76.03	56.73
18	36.24	72.25	92.44	68.01	48.41	99.74	25.0	35.74	56.64	63.51	85.01	63.13	82.54	94.41	76.03	63.81	93.62	41.19	0.0	68.43	84.38	77.83	37.8	91.71	28.44	38.05	45.1	58.08	39.2
19	76.84	18.38	81.02	17.2	65.19	79.48	53.04	49.93	71.57	39.05	38.42	81.49	17.46	26.08	65.38	65.38	25.71	65.76	68.43	0.0	32.53	9.43	38.01	76.66	56.08	40.22	37.58	34.13	34.83
20	78.03	50.0	56.22	49.58	59.67	51.35	61.85	53.49	62.29	26.4	7.07	70.6	19.92	37.01	44.94	51.61	29.07	93.98	84.38	32.53	0.0	31.76	64.85	51.09	81.49	47.07	40.52	28.23	45.18
21	85.6	19.21	84.59	20.12	72.92	81.74	62.24	58.6	78.77	44.41	38.48	88.54	12.73	16.64	70.01	71.59	17.03	73.17	77.83	9.43	31.76	0.0	46.39	79.91	64.5	49.04	45.79	40.52	43.86
22	62.29	35.85	96.02	31.76	61.85	99.09	37.01	42.45	70.6	55.17	68.45	80.05	55.08	61.85	78.24	71.11	63.39	29.15	37.8	38.01	64.85	46.39	0.0	93.24	18.11	35.34	39.66	48.1	30.53
23	64.94	94.92	5.39	92.97	44.92	9.0	67.42	56.86	39.32	39.36	44.18	40.31	70.06	88.02	15.81	28.46	80.16	119.5	91.71	76.66	51.09	79.91	93.24	0.0	104.0	59.41	53.81	46.14	63.03
24	61.19	52.92	106.08	49.04	66.73	110.75	39.82	48.6	75.66	68.26	84.43	84.1	73.01	79.83	88.39	79.03	81.5	15.81	28.44	56.08	81.49	64.5	18.11	104.0	0.0	44.6	50.61	61.4	41.62
25	36.62	52.5	61.62	48.76	28.0	66.22	14.87	9.85	36.22	25.71	47.1	46.1	49.41	65.07	43.86	35.78	61.85	60.11	38.05	40.22	47.07	49.04	35.34	59.41	44.6	0.0	7.07	20.02	6.08
26	40.31	51.79	56.4	48.37	27.89	60.21	21.38	13.6	35.13	18.68	40.2	45.18	44.6	61.22	38.6	32.28	57.28	65.86	45.1	37.58	40.52	45.79	39.66	53.81	50.61	7.07	0.0	13.0	9.22
27	50.22	51.16	49.66	48.51	33.6	51.22	34.23	25.3	38.48	7.07	27.29	48.1	36.06	54.12	32.57	31.26	48.83	76.03	58.08	34.13	28.23	40.52	48.1	46.14	61.4	20.02	13.0	0.0	20.25
28	42.19	46.49	65.6	42.72	34.01	69.35	18.6	15.81	42.11	26.83	46.1	52.04	45.28	60.14	47.8	40.85	57.43	56.73	39.2	34.83	45.18	43.86	30.53	63.03	41.62	6.08	9.22	20.25	0.0
;
