set K:= 1	2	3	4;
set C_H:= 1	2	3	4	5	6	7	8;
set C_S:= 9	10	11	12	13	14	15;
set C_F:= 16	17	18	19	20	21	22;
set M:= 0	1	2	3	4	5;
set L_B:= 29	30	31	32;
set A1:=
(0,*) 1 2 3 4 5 6 7 8 16 17 18 19 20 21 22 1 2 3 4 5 29 30 31 32
(1,*) 0 2 3 4 5 6 7 8 16 17 18 19 20 21 22 0 2 3 4 5 29 30 31 32
(2,*) 0 1 3 4 5 6 7 8 16 17 18 19 20 21 22 0 1 3 4 5 29 30 31 32
(3,*) 0 1 2 4 5 6 7 8 16 17 18 19 20 21 22 0 1 2 4 5 29 30 31 32
(4,*) 0 1 2 3 5 6 7 8 16 17 18 19 20 21 22 0 1 2 3 5 29 30 31 32
(5,*) 0 1 2 3 4 6 7 8 16 17 18 19 20 21 22 0 1 2 3 4 29 30 31 32
(6,*) 0 1 2 3 4 5 7 8 16 17 18 19 20 21 22 0 1 2 3 4 5 29 30 31 32
(7,*) 0 1 2 3 4 5 6 8 16 17 18 19 20 21 22 0 1 2 3 4 5 29 30 31 32
(8,*) 0 1 2 3 4 5 6 7 16 17 18 19 20 21 22 0 1 2 3 4 5 29 30 31 32
(16,*) 0 1 2 3 4 5 6 7 8 17 18 19 20 21 22 0 1 2 3 4 5 29 30 31 32
(17,*) 0 1 2 3 4 5 6 7 8 16 18 19 20 21 22 0 1 2 3 4 5 29 30 31 32
(18,*) 0 1 2 3 4 5 6 7 8 16 17 19 20 21 22 0 1 2 3 4 5 29 30 31 32
(19,*) 0 1 2 3 4 5 6 7 8 16 17 18 20 21 22 0 1 2 3 4 5 29 30 31 32
(20,*) 0 1 2 3 4 5 6 7 8 16 17 18 19 21 22 0 1 2 3 4 5 29 30 31 32
(21,*) 0 1 2 3 4 5 6 7 8 16 17 18 19 20 22 0 1 2 3 4 5 29 30 31 32
(22,*) 0 1 2 3 4 5 6 7 8 16 17 18 19 20 21 0 1 2 3 4 5 29 30 31 32
(0,*) 1 2 3 4 5 6 7 8 16 17 18 19 20 21 22 1 2 3 4 5 29 30 31 32
(1,*) 0 2 3 4 5 6 7 8 16 17 18 19 20 21 22 0 2 3 4 5 29 30 31 32
(2,*) 0 1 3 4 5 6 7 8 16 17 18 19 20 21 22 0 1 3 4 5 29 30 31 32
(3,*) 0 1 2 4 5 6 7 8 16 17 18 19 20 21 22 0 1 2 4 5 29 30 31 32
(4,*) 0 1 2 3 5 6 7 8 16 17 18 19 20 21 22 0 1 2 3 5 29 30 31 32
(5,*) 0 1 2 3 4 6 7 8 16 17 18 19 20 21 22 0 1 2 3 4 29 30 31 32
(29,*) 0 1 2 3 4 5 6 7 8 16 17 18 19 20 21 22 0 1 2 3 4 5 30 31 32
(30,*) 0 1 2 3 4 5 6 7 8 16 17 18 19 20 21 22 0 1 2 3 4 5 29 31 32
(31,*) 0 1 2 3 4 5 6 7 8 16 17 18 19 20 21 22 0 1 2 3 4 5 29 30 32
(32,*) 0 1 2 3 4 5 6 7 8 16 17 18 19 20 21 22 0 1 2 3 4 5 29 30 31
;
set A2:=
(0,*) 1
(1,*) 0
(2,*) 3
(3,*) 2
(4,*) 5
(5,*) 4
;
param BigM:=99999;
param n:= 4;
param d:=
1	2
2	1
3	4
4	7
5	14
6	21
7	16
8	19
9	16
10	22
11	8
12	19
13	19
14	20
15	14
16	15
17	24
18	6
19	3
20	18
21	16
22	6
;
param Q:=100;
param w:=
[0,*] 1 0.5
[1,*] 0 0.5
[2,*] 3 0.5
[3,*] 2 0.5
[4,*] 5 0.5
[5,*] 4 0.5
;
param V:=
[0,*] 1 94
[1,*] 0 94
[2,*] 3 100
[3,*] 2 100
[4,*] 5 87
[5,*] 4 87
;
param e:
	0	1	2	3	4	5	29	30	31	32:=
9	0	0	0	0	0	0	0	0	0	0	
10	0	0	0	0	0	0	0	0	0	0	
11	0	0	0	0	0	0	0	0	0	0	
12	0	0	0	0	0	0	0	0	0	0	
13	0	0	0	0	0	0	0	0	0	0	
14	0	0	0	0	0	0	0	0	0	0	
15	0	0	0	0	0	0	0	0	0	0	
16	0	0	0	0	0	0	0	0	0	0	
17	0	0	0	0	0	0	0	0	0	0	
18	0	0	0	0	0	0	0	0	0	0	
19	0	0	0	0	0	0	0	0	0	0	
20	0	0	0	0	0	0	0	0	0	0	
21	0	0	0	0	0	0	0	0	0	0	
22	0	0	0	0	0	0	0	0	0	0	
;
param p:=
1	3
2	3
3	3
4	3
;
param G:=
0	89
1	94
2	93
3	100
4	87
5	77
29	96
30	85
31	83
32	70
;
param s:=
0	0
1	15
2	15
3	15
4	15
5	15
6	15
7	15
8	15
16	15
17	15
18	15
19	15
20	15
21	15
22	15
0	10
1	10
2	10
3	10
4	10
5	10
29	10
30	10
31	10
32	10
;
param t:
	0	1	2	3	4	5	6	7	8	9	10	11	12	13	14	15	16	17	18	19	20	21	22	23	24	25	26	27	28	29	30	31	32:=
0	0.0	21.1	76.84	84.17	54.57	16.28	28.84	37.05	34.93	51.04	81.74	79.23	74.55	97.58	25.96	101.41	84.86	75.96	85.6	27.02	25.71	88.14	75.58	64.94	61.19	20.81	83.49	13.0	62.8	45.28	41.04	25.06	60.88
1	21.1	0.0	65.19	76.12	61.29	7.07	18.25	16.49	19.42	30.27	79.63	81.6	54.13	82.42	26.93	87.46	69.63	82.49	72.92	19.42	8.94	79.62	56.3	44.92	66.73	36.25	68.01	33.14	41.77	37.05	27.51	10.05	47.42
2	76.84	65.19	0.0	17.2	57.87	71.69	81.49	65.38	77.93	65.38	37.59	52.5	78.0	25.71	53.04	26.08	17.46	65.76	9.43	49.93	71.57	18.38	38.42	76.66	56.08	72.47	18.03	80.62	55.97	31.89	37.7	55.54	18.25
3	84.17	76.12	17.2	0.0	52.77	82.0	93.54	79.06	91.02	80.81	23.35	40.05	94.85	35.9	58.59	32.0	32.45	55.15	20.12	58.52	83.49	4.24	55.61	92.97	49.04	75.6	33.6	85.44	72.62	39.56	49.16	66.1	32.76
4	54.57	61.29	57.87	52.77	0.0	63.06	78.29	74.33	80.71	84.39	36.88	26.93	106.83	83.55	34.41	82.57	74.24	21.54	66.71	43.86	70.18	56.82	83.43	100.12	7.07	36.01	74.11	48.01	86.45	38.63	49.74	53.91	54.59
5	16.28	7.07	71.69	82.0	63.06	0.0	15.26	21.02	19.42	35.01	84.15	84.9	58.31	89.4	29.41	94.34	76.61	84.53	79.61	24.02	9.49	85.62	63.25	48.66	68.94	34.41	75.0	29.12	47.8	42.58	34.01	16.16	54.12
6	28.84	18.25	81.49	93.54	78.29	15.26	0.0	19.1	8.25	30.41	97.87	99.62	50.49	96.18	44.38	102.04	83.63	99.73	88.54	37.66	10.05	96.88	65.86	40.31	84.1	48.84	81.84	41.68	46.04	55.01	44.41	28.07	63.32
7	37.05	16.49	65.38	79.06	74.33	21.02	19.1	0.0	13.0	14.0	86.98	91.71	37.66	77.88	40.36	84.15	65.55	94.81	71.59	30.48	12.65	82.0	46.75	28.46	79.03	52.55	63.69	49.5	27.73	43.32	30.81	20.52	47.17
8	34.93	19.42	77.93	91.02	80.71	19.42	8.25	13.0	0.0	22.47	97.29	100.46	42.3	90.87	46.32	97.14	78.55	101.87	84.4	38.08	10.63	94.13	59.2	32.14	86.09	53.82	76.69	47.93	38.42	53.76	42.05	27.86	59.68
9	51.04	30.27	65.38	80.81	84.39	35.01	30.41	14.0	22.47	0.0	92.14	99.05	24.04	73.25	51.62	80.41	61.81	103.97	70.01	41.05	26.31	83.19	38.91	15.81	88.39	65.8	59.84	63.39	16.28	49.65	36.62	32.2	48.05
10	81.74	79.63	37.59	23.35	36.88	84.15	97.87	86.98	97.29	92.14	0.0	17.12	109.86	59.23	56.14	55.15	54.63	32.98	43.01	60.3	88.12	26.02	74.52	106.17	31.14	68.01	55.46	79.4	87.42	43.68	56.3	69.87	46.86
11	79.23	81.6	52.5	40.05	26.93	84.9	99.62	91.71	100.46	99.05	17.12	0.0	118.93	75.66	55.54	72.03	69.92	16.16	59.03	62.39	90.48	43.01	87.13	114.02	19.92	62.29	70.52	74.24	96.88	49.41	62.43	72.62	58.01
12	74.55	54.13	78.0	94.85	106.83	58.31	50.49	37.66	42.3	24.04	109.86	118.93	0.0	78.16	75.13	86.37	69.23	125.5	80.08	64.41	49.09	96.38	42.43	10.2	110.26	89.84	67.27	87.13	22.47	70.04	57.49	56.08	63.29
13	97.58	82.42	25.71	35.9	83.55	89.4	96.18	77.88	90.87	73.25	59.23	75.66	78.16	0.0	76.03	8.54	12.81	90.09	17.03	70.77	86.95	33.84	36.01	80.16	81.5	96.25	14.42	103.23	59.41	54.92	56.59	73.88	36.88
14	25.96	26.93	53.04	58.59	34.41	29.41	44.38	40.36	46.32	51.62	56.14	55.54	75.13	76.03	0.0	78.64	63.81	55.57	62.24	10.77	35.85	62.65	61.52	67.42	39.82	20.62	62.77	27.59	57.01	21.26	23.19	19.85	39.45
15	101.41	87.46	26.08	32.0	82.57	94.34	102.04	84.15	97.14	80.41	55.15	72.03	86.37	8.54	78.64	0.0	18.68	87.09	16.64	74.41	92.57	29.15	44.05	88.02	79.83	98.41	20.62	106.15	67.12	57.38	60.8	78.49	40.61
16	84.86	69.63	17.46	32.45	74.24	76.61	83.63	65.55	78.55	61.81	54.63	69.92	69.23	12.81	63.81	18.68	0.0	83.19	12.73	58.14	74.3	31.89	26.93	70.06	73.01	84.22	2.0	90.8	49.01	42.94	43.84	61.07	24.41
17	75.96	82.49	65.76	55.15	21.54	84.53	99.73	94.81	101.87	103.97	32.98	16.16	125.5	90.09	55.57	87.09	83.19	0.0	73.17	64.4	91.42	58.42	97.58	119.5	15.81	56.72	83.55	68.59	104.2	55.61	68.01	74.63	68.03
18	85.6	72.92	9.43	20.12	66.71	79.61	88.54	71.59	84.4	70.01	43.01	59.03	80.08	17.03	62.24	16.64	12.73	73.17	0.0	58.6	78.77	19.21	38.48	79.91	64.5	81.84	14.21	89.81	58.86	41.01	45.65	63.53	25.5
19	27.02	19.42	49.93	58.52	43.86	24.02	37.66	30.48	38.08	41.05	60.3	62.39	64.41	70.77	10.77	74.41	58.14	64.4	58.6	0.0	28.16	62.3	52.39	56.86	48.6	29.27	56.85	33.12	46.32	18.97	14.76	10.3	33.94
20	25.71	8.94	71.57	83.49	70.18	9.49	10.05	12.65	10.63	26.31	88.12	90.48	49.09	86.95	35.85	92.57	74.3	91.42	78.77	28.16	0.0	86.83	58.05	39.32	75.66	43.57	72.56	38.6	40.31	45.04	34.37	18.25	53.45
21	88.14	79.62	18.38	4.24	56.82	85.62	96.88	82.0	94.13	83.19	26.02	43.01	96.38	33.84	62.65	29.15	31.89	58.42	19.21	62.3	86.83	0.0	56.3	94.92	52.92	79.81	33.24	89.59	74.33	43.32	52.47	69.63	35.23
22	75.58	56.3	38.42	55.61	83.43	63.25	65.86	46.75	59.2	38.91	74.52	87.13	42.43	36.01	61.52	44.05	26.93	97.58	38.48	52.39	58.05	56.3	0.0	44.18	84.43	81.58	25.0	84.76	23.77	45.4	38.33	50.57	29.55
23	64.94	44.92	76.66	92.97	100.12	48.66	40.31	28.46	32.14	15.81	106.17	114.02	10.2	80.16	67.42	88.02	70.06	119.5	79.91	56.86	39.32	94.92	44.18	0.0	104.0	80.99	68.07	77.67	21.1	64.66	51.74	47.89	60.54
24	61.19	66.73	56.08	49.04	7.07	68.94	84.1	79.03	86.09	88.39	31.14	19.92	110.26	81.5	39.82	79.83	73.01	15.81	64.5	48.6	75.66	52.92	84.43	104.0	0.0	43.0	73.06	55.0	89.31	40.82	52.8	58.82	55.08
25	20.81	36.25	72.47	75.6	36.01	34.41	48.84	52.55	53.82	65.8	68.01	62.29	89.84	96.25	20.62	98.41	84.22	56.72	81.84	29.27	43.57	79.81	81.58	80.99	43.0	0.0	83.24	12.0	74.33	41.34	43.42	34.37	59.94
26	83.49	68.01	18.03	33.6	74.11	75.0	81.84	63.69	76.69	59.84	55.46	70.52	67.27	14.42	62.77	20.62	2.0	83.55	14.21	56.85	72.56	33.24	25.0	68.07	73.06	83.24	0.0	89.63	47.01	42.05	42.45	59.55	23.32
27	13.0	33.14	80.62	85.44	48.01	29.12	41.68	49.5	47.93	63.39	79.4	74.24	87.13	103.23	27.59	106.15	90.8	68.59	89.81	33.12	38.6	89.59	84.76	77.67	55.0	12.0	89.63	0.0	74.17	48.8	47.89	34.71	66.4
28	62.8	41.77	55.97	72.62	86.45	47.8	46.04	27.73	38.42	16.28	87.42	96.88	22.47	59.41	57.01	67.12	49.01	104.2	58.86	46.32	40.31	74.33	23.77	21.1	89.31	74.33	47.01	74.17	0.0	48.6	36.72	40.05	40.82
29	45.28	37.05	31.89	39.56	38.63	42.58	55.01	43.32	53.76	49.65	43.68	49.41	70.04	54.92	21.26	57.38	42.94	55.61	41.01	18.97	45.04	43.32	45.4	64.66	40.82	41.34	42.05	48.8	48.6	0.0	13.04	27.02	18.97
30	41.04	27.51	37.7	49.16	49.74	34.01	44.41	30.81	42.05	36.62	56.3	62.43	57.49	56.59	23.19	60.8	43.84	68.01	45.65	14.76	34.37	52.47	38.33	51.74	52.8	43.42	42.45	47.89	36.72	13.04	0.0	17.89	20.25
31	25.06	10.05	55.54	66.1	53.91	16.16	28.07	20.52	27.86	32.2	69.87	72.62	56.08	73.88	19.85	78.49	61.07	74.63	63.53	10.3	18.25	69.63	50.57	47.89	58.82	34.37	59.55	34.71	40.05	27.02	17.89	0.0	38.08
32	60.88	47.42	18.25	32.76	54.59	54.12	63.32	47.17	59.68	48.05	46.86	58.01	63.29	36.88	39.45	40.61	24.41	68.03	25.5	33.94	53.45	35.23	29.55	60.54	55.08	59.94	23.32	66.4	40.82	18.97	20.25	38.08	0.0
;
