vehicles
vehicle_idx, capacity, cost_per_unit_distance
1,100,1
2,100,1
3,100,1
4,100,1
depot
node_idx,x,y
0,82,76
home delivery customers
node_idx,x,y,service_time,demand
1,5,42,10,4
2,49,8,10,6
3,42,9,10,8
4,50,5,10,21
5,91,2,10,19
6,29,89,10,7
7,9,97,10,24
8,98,52,10,21
9,20,70,10,2
self pickup customers
node_idx,x,y,service_time,demand,locker_idxs
10,98,14,10,12,28-31
11,58,30,10,12,31
12,50,93,10,8,26
13,57,69,10,20,33-26
14,5,10,10,14,27
15,19,32,10,1,27
16,80,55,10,2,33
17,14,24,10,6,34-27
flexible customers
node_idx,x,y,service_time,demand,locker_idxs
18,96,44,10,19,28
19,1,65,10,22,29
20,93,3,10,24,28-31
21,61,62,10,24,34-32-33
22,2,39,10,16,27
23,23,15,10,15,27
24,61,59,10,3,33-34-32
25,85,60,10,14,30
lockers
node_idx,x,y,service_time,capacity,cost_per_unit_good
26,65,88,10,73
27,25,15,10,77
28,93,12,10,93
29,22,88,10,91
30,77,88,10,78
31,72,14,10,78
32,48,48,10,73
33,48,51,10,95
34,50,46,10,85
35,42,38,10,84
mrt lines
start_node_idx,end_node_idx,freight_capacity,cost_per_unit_good
26,27,77,1.5
27,26,77,1.5
distance matrix
,0,1,2,3,4,5,6,7,8,9,10,11,12,13,14,15,16,17,18,19,20,21,22,23,24,25,26,27,28,29,30,31,32,33,34,35,
0,0.0,84.17,75.58,78.03,77.88,74.55,54.57,75.96,28.84,62.29,64.03,51.88,36.24,25.96,101.41,76.84,21.1,85.6,34.93,81.74,73.82,25.24,88.14,84.86,27.02,16.28,20.81,83.49,64.94,61.19,13.0,62.8,44.05,42.2,43.86,55.17
1,84.17,0.0,55.61,49.58,58.26,94.85,52.77,55.15,93.54,31.76,97.12,54.34,68.01,58.59,32.0,17.2,76.12,20.12,91.02,23.35,96.25,59.46,4.24,32.45,58.52,82.0,75.6,33.6,92.97,49.04,85.44,72.62,43.42,43.93,45.18,37.22
2,75.58,55.61,0.0,7.07,3.16,42.43,83.43,97.58,65.86,68.45,49.37,23.77,85.01,61.52,44.05,38.42,56.3,38.48,59.2,74.52,44.28,55.32,56.3,26.93,52.39,63.25,81.58,25.0,44.18,84.43,84.76,23.77,40.01,43.01,38.01,30.81
3,78.03,49.58,7.07,0.0,8.94,49.5,81.05,93.98,70.6,64.85,56.22,26.4,84.38,61.85,37.01,32.53,59.67,31.76,64.35,69.4,51.35,56.3,50.0,19.92,53.49,66.71,82.28,18.03,51.09,81.49,86.41,30.41,39.46,42.43,37.85,29.0
4,77.88,58.26,3.16,8.94,0.0,41.11,86.59,100.72,67.18,71.59,48.84,26.25,88.0,64.38,45.28,41.11,58.31,40.71,60.31,77.47,43.05,58.05,58.82,28.79,55.11,65.19,84.34,26.93,43.57,87.6,87.28,23.77,43.05,46.04,41.0,33.96
5,74.55,94.85,42.43,49.5,41.11,0.0,106.83,125.5,50.49,98.31,13.89,43.28,99.81,75.13,86.37,78.0,54.13,80.08,42.3,109.86,2.24,67.08,96.38,69.23,64.41,58.31,89.84,67.27,10.2,110.26,87.13,22.47,62.97,65.19,60.14,60.8
6,54.57,52.77,83.43,81.05,86.59,106.83,0.0,21.54,78.29,21.02,101.91,65.74,21.38,34.41,82.57,57.87,61.29,66.71,80.71,36.88,107.2,41.87,56.82,74.24,43.86,63.06,36.01,74.11,100.12,7.07,48.01,86.45,45.19,42.49,47.85,52.63
7,75.96,55.15,97.58,93.98,100.72,125.5,21.54,0.0,99.73,29.15,121.7,83.01,41.19,55.57,87.09,65.76,82.49,73.17,101.87,32.98,126.06,62.68,58.42,83.19,64.4,84.53,56.72,83.55,119.5,15.81,68.59,104.2,62.63,60.31,65.44,67.6
8,28.84,93.54,65.86,70.6,67.18,50.49,78.29,99.73,0.0,80.05,38.0,45.65,63.13,44.38,102.04,81.49,18.25,88.54,8.25,97.87,49.25,38.33,96.88,83.63,37.66,15.26,48.84,81.84,40.31,84.1,41.68,46.04,50.16,50.01,48.37,57.72
9,62.29,31.76,68.45,64.85,71.59,98.31,21.02,29.15,80.05,0.0,96.02,55.17,37.8,37.01,61.85,38.01,61.85,46.39,80.32,19.65,99.09,41.77,35.85,55.08,42.45,65.76,48.47,55.23,93.24,18.11,59.77,76.42,35.61,33.84,38.42,38.83
10,64.03,97.12,49.37,56.22,48.84,13.89,101.91,121.7,38.0,96.02,0.0,43.08,92.44,68.6,93.09,81.02,44.78,84.59,30.07,109.59,12.08,60.61,99.2,75.01,58.26,47.8,81.02,73.01,5.39,106.08,76.92,26.0,60.46,62.2,57.69,60.93
11,51.88,54.34,23.77,26.4,26.25,43.28,65.74,83.01,45.65,55.17,43.08,0.0,63.51,39.01,56.65,39.05,33.3,44.41,40.5,66.89,44.2,32.14,56.72,38.08,29.15,40.36,58.42,36.25,39.36,68.26,61.03,21.26,20.59,23.26,17.89,17.89
12,36.24,68.01,85.01,84.38,88.0,99.81,21.38,41.19,63.13,37.8,92.44,63.51,0.0,25.0,94.41,68.43,48.41,77.83,67.21,56.44,99.74,32.89,72.25,82.54,35.74,48.1,15.81,81.91,91.71,28.44,27.46,82.01,45.04,42.05,47.0,55.58
13,25.96,58.59,61.52,61.85,64.38,75.13,34.41,55.57,44.38,37.01,68.6,39.01,25.0,0.0,78.64,53.04,26.93,62.24,46.32,56.14,75.18,8.06,62.65,63.81,10.77,29.41,20.62,62.77,67.42,39.82,27.59,57.01,22.85,20.12,24.04,34.44
14,101.41,32.0,44.05,37.01,45.28,86.37,82.57,87.09,102.04,61.85,93.09,56.65,94.41,78.64,0.0,26.08,87.46,16.64,97.14,55.15,88.28,76.42,29.15,18.68,74.41,94.34,98.41,20.62,88.02,79.83,106.15,67.12,57.38,59.41,57.63,46.4
15,76.84,17.2,38.42,32.53,41.11,78.0,57.87,65.76,81.49,38.01,81.02,39.05,68.43,53.04,26.08,0.0,65.19,9.43,77.93,37.59,79.48,51.61,18.38,17.46,49.93,71.69,72.47,18.03,76.66,56.08,80.62,55.97,33.12,34.67,34.01,23.77
16,21.1,76.12,56.3,59.67,58.31,54.13,61.29,82.49,18.25,61.85,44.78,33.3,48.41,26.93,87.46,65.19,0.0,72.92,19.42,79.63,53.6,20.25,79.62,69.63,19.42,7.07,36.25,68.01,44.92,66.73,33.14,41.77,32.76,32.25,31.32,41.63
17,85.6,20.12,38.48,31.76,40.71,80.08,66.71,73.17,88.54,46.39,84.59,44.41,77.83,62.24,16.64,9.43,72.92,0.0,84.4,43.01,81.74,60.44,19.21,12.73,58.6,79.61,81.84,14.21,79.91,64.5,89.81,58.86,41.62,43.42,42.19,31.3
18,34.93,91.02,59.2,64.35,60.31,42.3,80.71,101.87,8.25,80.32,30.07,40.5,67.21,46.32,97.14,77.93,19.42,84.4,0.0,97.29,41.11,39.36,94.13,78.55,38.08,19.42,53.82,76.69,32.14,86.09,47.93,38.42,48.17,48.51,46.04,54.33
19,81.74,23.35,74.52,69.4,77.47,109.86,36.88,32.98,97.87,19.65,109.59,66.89,56.44,56.14,55.15,37.59,79.63,43.01,97.29,0.0,110.94,60.07,26.02,54.63,60.3,84.15,68.01,55.46,106.17,31.14,79.4,87.42,49.98,49.04,52.55,49.09
20,73.82,96.25,44.28,51.35,43.05,2.24,107.2,126.06,49.25,99.09,12.08,44.2,99.74,75.18,88.28,79.48,53.6,81.74,41.11,110.94,0.0,67.12,97.86,71.02,64.5,57.56,89.49,69.05,9.0,110.75,86.49,23.71,63.64,65.8,60.81,61.85
21,25.24,59.46,55.32,56.3,58.05,67.08,41.87,62.68,38.33,41.77,60.61,32.14,32.89,8.06,76.42,51.61,20.25,60.44,39.36,60.07,67.12,0.0,63.32,60.44,3.0,24.08,26.31,59.2,59.36,46.87,30.53,49.24,19.1,17.03,19.42,30.61
22,88.14,4.24,56.3,50.0,58.82,96.38,56.82,58.42,96.88,35.85,99.2,56.72,72.25,62.65,29.15,18.38,79.62,19.21,94.13,26.02,97.86,63.32,0.0,31.89,62.3,85.62,79.81,33.24,94.92,52.92,89.59,74.33,46.87,47.54,48.51,40.01
23,84.86,32.45,26.93,19.92,28.79,69.23,74.24,83.19,83.63,55.08,75.01,38.08,82.54,63.81,18.68,17.46,69.63,12.73,78.55,54.63,71.02,60.44,31.89,0.0,58.14,76.61,84.22,2.0,70.06,73.01,90.8,49.01,41.4,43.83,41.11,29.83
24,27.02,58.52,52.39,53.49,55.11,64.41,43.86,64.4,37.66,42.45,58.26,29.15,35.74,10.77,74.41,49.93,19.42,58.6,38.08,60.3,64.5,3.0,62.3,58.14,0.0,24.02,29.27,56.85,56.86,48.6,33.12,46.32,17.03,15.26,17.03,28.32
25,16.28,82.0,63.25,66.71,65.19,58.31,63.06,84.53,15.26,65.76,47.8,40.36,48.1,29.41,94.34,71.69,7.07,79.61,19.42,84.15,57.56,24.08,85.62,76.61,24.02,0.0,34.41,75.0,48.66,68.94,29.12,47.8,38.9,38.08,37.7,48.3
26,20.81,75.6,81.58,82.28,84.34,89.84,36.01,56.72,48.84,48.47,81.02,58.42,15.81,20.62,98.41,72.47,36.25,81.84,53.82,68.01,89.49,26.31,79.81,84.22,29.27,34.41,0.0,83.24,80.99,43.0,12.0,74.33,43.46,40.72,44.6,55.04
27,83.49,33.6,25.0,18.03,26.93,67.27,74.11,83.55,81.84,55.23,73.01,36.25,81.91,62.77,20.62,18.03,68.01,14.21,76.69,55.46,69.05,59.2,33.24,2.0,56.85,75.0,83.24,0.0,68.07,73.06,89.63,47.01,40.22,42.72,39.82,28.6
28,64.94,92.97,44.18,51.09,43.57,10.2,100.12,119.5,40.31,93.24,5.39,39.36,91.71,67.42,88.02,76.66,44.92,79.91,32.14,106.17,9.0,59.36,94.92,70.06,56.86,48.66,80.99,68.07,0.0,104.0,77.67,21.1,57.63,59.55,54.82,57.25
29,61.19,49.04,84.43,81.49,87.6,110.26,7.07,15.81,84.1,18.11,106.08,68.26,28.44,39.82,79.83,56.08,66.73,64.5,86.09,31.14,110.75,46.87,52.92,73.01,48.6,68.94,43.0,73.06,104.0,0.0,55.0,89.31,47.71,45.22,50.48,53.85
30,13.0,85.44,84.76,86.41,87.28,87.13,48.01,68.59,41.68,59.77,76.92,61.03,27.46,27.59,106.15,80.62,33.14,89.81,47.93,79.4,86.49,30.53,89.59,90.8,33.12,29.12,12.0,89.63,77.67,55.0,0.0,74.17,49.41,47.01,49.93,61.03
31,62.8,72.62,23.77,30.41,23.77,22.47,86.45,104.2,46.04,76.42,26.0,21.26,82.01,57.01,67.12,55.97,41.77,58.86,38.42,87.42,23.71,49.24,74.33,49.01,46.32,47.8,74.33,47.01,21.1,89.31,74.17,0.0,41.62,44.1,38.83,38.42
32,44.05,43.42,40.01,39.46,43.05,62.97,45.19,62.63,50.16,35.61,60.46,20.59,45.04,22.85,57.38,33.12,32.76,41.62,48.17,49.98,63.64,19.1,46.87,41.4,17.03,38.9,43.46,40.22,57.63,47.71,49.41,41.62,0.0,3.0,2.83,11.66
33,42.2,43.93,43.01,42.43,46.04,65.19,42.49,60.31,50.01,33.84,62.2,23.26,42.05,20.12,59.41,34.67,32.25,43.42,48.51,49.04,65.8,17.03,47.54,43.83,15.26,38.08,40.72,42.72,59.55,45.22,47.01,44.1,3.0,0.0,5.39,14.32
34,43.86,45.18,38.01,37.85,41.0,60.14,47.85,65.44,48.37,38.42,57.69,17.89,47.0,24.04,57.63,34.01,31.32,42.19,46.04,52.55,60.81,19.42,48.51,41.11,17.03,37.7,44.6,39.82,54.82,50.48,49.93,38.83,2.83,5.39,0.0,11.31
35,55.17,37.22,30.81,29.0,33.96,60.8,52.63,67.6,57.72,38.83,60.93,17.89,55.58,34.44,46.4,23.77,41.63,31.3,54.33,49.09,61.85,30.61,40.01,29.83,28.32,48.3,55.04,28.6,57.25,53.85,61.03,38.42,11.66,14.32,11.31,0.0
