vehicles
vehicle_idx, capacity, cost_per_unit_distance
1,100,3
2,100,3
3,100,3
4,100,3
depot
node_idx,x,y
0,82,76
home delivery customers
node_idx,x,y,service_time,demand
1,14,24,15,6
2,50,5,15,21
3,23,15,15,15
4,50,93,15,8
5,57,69,15,20
6,5,42,15,4
7,20,70,15,2
8,98,14,15,12
9,3,82,15,8
self pickup customers
node_idx,x,y,service_time,demand,locker_idxs
10,96,44,15,19,26
11,61,59,15,3,27
12,98,52,15,21,24
13,9,97,15,24,27
14,29,89,15,7,27
15,61,62,15,24,25-27-24
16,2,39,15,16,26
flexible customers
node_idx,x,y,service_time,demand,locker_idxs
17,98,5,15,9,25
18,19,32,15,1,26
19,13,7,15,19,25
20,49,8,15,6,25
21,84,39,15,16,25
22,1,65,15,22,26
23,42,9,15,8,27
lockers
node_idx,x,y,service_time,capacity,cost_per_unit_good
24,93,12,10,72
25,22,88,10,87
26,65,88,10,90
27,25,15,10,96
28,77,88,10,83
29,72,14,10,73
30,52,42,10,74
31,60,52,10,70
32,6,55,10,89
33,48,61,10,77
mrt lines
start_node_idx,end_node_idx,freight_capacity,cost_per_unit_good
24,25,87,0.5
25,24,87,0.5
distance matrix
,0,1,2,3,4,5,6,7,8,9,10,11,12,13,14,15,16,17,18,19,20,21,22,23,24,25,26,27,28,29,30,31,32,33,
0,0.0,85.6,77.88,84.86,36.24,25.96,84.17,62.29,64.03,79.23,34.93,27.02,28.84,75.96,54.57,25.24,88.14,72.78,76.84,97.58,75.58,37.05,81.74,78.03,64.94,61.19,20.81,83.49,13.0,62.8,45.34,32.56,78.85,37.16
1,85.6,0.0,40.71,12.73,77.83,62.24,20.12,46.39,84.59,59.03,84.4,58.6,88.54,73.17,66.71,60.44,19.21,86.12,9.43,17.03,38.48,71.59,43.01,31.76,79.91,64.5,81.84,14.21,89.81,58.86,42.05,53.85,32.02,50.25
2,77.88,40.71,0.0,28.79,88.0,64.38,58.26,71.59,48.84,90.21,60.31,55.11,67.18,100.72,86.59,58.05,58.82,48.0,41.11,37.05,3.16,48.08,77.47,8.94,43.57,87.6,84.34,26.93,87.28,23.77,37.05,48.05,66.6,56.04
3,84.86,12.73,28.79,0.0,82.54,63.81,32.45,55.08,75.01,69.92,78.55,58.14,83.63,83.19,74.24,60.44,31.89,75.66,17.46,12.81,26.93,65.55,54.63,19.92,70.06,73.01,84.22,2.0,90.8,49.01,39.62,52.33,43.46,52.35
4,36.24,77.83,88.0,82.54,0.0,25.0,68.01,37.8,92.44,48.27,67.21,35.74,63.13,41.19,21.38,32.89,72.25,100.24,68.43,93.62,85.01,63.81,56.44,84.38,91.71,28.44,15.81,81.91,27.46,82.01,51.04,42.2,58.14,32.06
5,25.96,62.24,64.38,63.81,25.0,0.0,58.59,37.01,68.6,55.54,46.32,10.77,44.38,55.57,34.41,8.06,62.65,76.01,53.04,76.03,61.52,40.36,56.14,61.85,67.42,39.82,20.62,62.77,27.59,57.01,27.46,17.26,52.89,12.04
6,84.17,20.12,58.26,32.45,68.01,58.59,0.0,31.76,97.12,40.05,91.02,58.52,93.54,55.15,52.77,59.46,4.24,100.09,17.2,35.9,55.61,79.06,23.35,49.58,92.97,49.04,75.6,33.6,85.44,72.62,47.0,55.9,13.04,47.01
7,62.29,46.39,71.59,55.08,37.8,37.01,31.76,0.0,96.02,20.81,80.32,42.45,80.05,29.15,21.02,41.77,35.85,101.53,38.01,63.39,68.45,71.11,19.65,64.85,93.24,18.11,48.47,55.23,59.77,76.42,42.52,43.86,20.52,29.41
8,64.03,84.59,48.84,75.01,92.44,68.6,97.12,96.02,0.0,116.83,30.07,58.26,38.0,121.7,101.91,60.61,99.2,9.0,81.02,85.29,49.37,28.65,109.59,56.22,5.39,106.08,81.02,73.01,76.92,26.0,53.85,53.74,100.72,68.62
9,79.23,59.03,90.21,69.92,48.27,55.54,40.05,20.81,116.83,0.0,100.46,62.39,99.62,16.16,26.93,61.35,43.01,122.29,52.5,75.66,87.13,91.71,17.12,82.76,114.02,19.92,62.29,70.52,74.24,96.88,63.25,64.41,27.17,49.66
10,34.93,84.4,60.31,78.55,67.21,46.32,91.02,80.32,30.07,100.46,0.0,38.08,8.25,101.87,80.71,39.36,94.13,39.05,77.93,90.87,59.2,13.0,97.29,64.35,32.14,86.09,53.82,76.69,47.93,38.42,44.05,36.88,90.67,50.92
11,27.02,58.6,55.11,58.14,35.74,10.77,58.52,42.45,58.26,62.39,38.08,0.0,37.66,64.4,43.86,3.0,62.3,65.46,49.93,70.77,52.39,30.48,60.3,53.49,56.86,48.6,29.27,56.85,33.12,46.32,19.24,7.07,55.15,13.15
12,28.84,88.54,67.18,83.63,63.13,44.38,93.54,80.05,38.0,99.62,8.25,37.66,0.0,99.73,78.29,38.33,96.88,47.0,81.49,96.18,65.86,19.1,97.87,70.6,40.31,84.1,48.84,81.84,41.68,46.04,47.07,38.0,92.05,50.8
13,75.96,73.17,100.72,83.19,41.19,55.57,55.15,29.15,121.7,16.16,101.87,64.4,99.73,0.0,21.54,62.68,58.42,128.0,65.76,90.09,97.58,94.81,32.98,93.98,119.5,15.81,56.72,83.55,68.59,104.2,69.81,68.01,42.11,53.08
14,54.57,66.71,86.59,74.24,21.38,34.41,52.77,21.02,101.91,26.93,80.71,43.86,78.29,21.54,0.0,41.87,56.82,108.71,57.87,83.55,83.43,74.33,36.88,81.05,100.12,7.07,36.01,74.11,48.01,86.45,52.33,48.27,41.05,33.84
15,25.24,60.44,58.05,60.44,32.89,8.06,59.46,41.77,60.61,61.35,39.36,3.0,38.33,62.68,41.87,0.0,63.32,67.96,51.61,73.0,55.32,32.53,60.07,56.3,59.36,46.87,26.31,59.2,30.53,49.24,21.93,10.05,55.44,13.04
16,88.14,19.21,58.82,31.89,72.25,62.65,4.24,35.85,99.2,43.01,94.13,62.3,96.88,58.42,56.82,63.32,0.0,101.84,18.38,33.84,56.3,82.0,26.02,50.0,94.92,52.92,79.81,33.24,89.59,74.33,50.09,59.44,16.49,50.99
17,72.78,86.12,48.0,75.66,100.24,76.01,100.09,101.53,9.0,122.29,39.05,65.46,47.0,128.0,108.71,67.96,101.84,0.0,83.49,85.02,49.09,36.77,114.06,56.14,8.6,112.54,89.32,73.68,85.62,27.51,59.03,60.44,104.71,75.07
18,76.84,9.43,41.11,17.46,68.43,53.04,17.2,38.01,81.02,52.5,77.93,49.93,81.49,65.76,57.87,51.61,18.38,83.49,0.0,25.71,38.42,65.38,37.59,32.53,76.66,56.08,72.47,18.03,80.62,55.97,34.48,45.62,26.42,41.01
19,97.58,17.03,37.05,12.81,93.62,76.03,35.9,63.39,85.29,75.66,90.87,70.77,96.18,90.09,83.55,73.0,33.84,85.02,25.71,0.0,36.01,77.88,59.23,29.07,80.16,81.5,96.25,14.42,103.23,59.41,52.4,65.07,48.51,64.35
20,75.58,38.48,3.16,26.93,85.01,61.52,55.61,68.45,49.37,87.13,59.2,52.39,65.86,97.58,83.43,55.32,56.3,49.09,38.42,36.01,0.0,46.75,74.52,7.07,44.18,84.43,81.58,25.0,84.76,23.77,34.13,45.35,63.7,53.01
21,37.05,71.59,48.08,65.55,63.81,40.36,79.06,71.11,28.65,91.71,13.0,30.48,19.1,94.81,74.33,32.53,82.0,36.77,65.38,77.88,46.75,0.0,86.98,51.61,28.46,79.03,52.55,63.69,49.5,27.73,32.14,27.29,79.62,42.19
22,81.74,43.01,77.47,54.63,56.44,56.14,23.35,19.65,109.59,17.12,97.29,60.3,97.87,32.98,36.88,60.07,26.02,114.06,37.59,59.23,74.52,86.98,0.0,69.4,106.17,31.14,68.01,55.46,79.4,87.42,55.95,60.42,11.18,47.17
23,78.03,31.76,8.94,19.92,84.38,61.85,49.58,64.85,56.22,82.76,64.35,53.49,70.6,93.98,81.05,56.3,50.0,56.14,32.53,29.07,7.07,51.61,69.4,0.0,51.09,81.49,82.28,18.03,86.41,30.41,34.48,46.62,58.41,52.35
24,64.94,79.91,43.57,70.06,91.71,67.42,92.97,93.24,5.39,114.02,32.14,56.86,40.31,119.5,100.12,59.36,94.92,8.6,76.66,80.16,44.18,28.46,106.17,51.09,0.0,104.0,80.99,68.07,77.67,21.1,50.8,51.86,97.05,66.53
25,61.19,64.5,87.6,73.01,28.44,39.82,49.04,18.11,106.08,19.92,86.09,48.6,84.1,15.81,7.07,46.87,52.92,112.54,56.08,81.5,84.43,79.03,31.14,81.49,104.0,0.0,43.0,73.06,55.0,89.31,54.92,52.35,36.67,37.48
26,20.81,81.84,84.34,84.22,15.81,20.62,75.6,48.47,81.02,62.29,53.82,29.27,48.84,56.72,36.01,26.31,79.81,89.32,72.47,96.25,81.58,52.55,68.01,82.28,80.99,43.0,0.0,83.24,12.0,74.33,47.8,36.35,67.6,31.91
27,83.49,14.21,26.93,2.0,81.91,62.77,33.6,55.23,73.01,70.52,76.69,56.85,81.84,83.55,74.11,59.2,33.24,73.68,18.03,14.42,25.0,63.69,55.46,18.03,68.07,73.06,83.24,0.0,89.63,47.01,38.18,50.93,44.28,51.43
28,13.0,89.81,87.28,90.8,27.46,27.59,85.44,59.77,76.92,74.24,47.93,33.12,41.68,68.59,48.01,30.53,89.59,85.62,80.62,103.23,84.76,49.5,79.4,86.41,77.67,55.0,12.0,89.63,0.0,74.17,52.35,39.81,78.29,39.62
29,62.8,58.86,23.77,49.01,82.01,57.01,72.62,76.42,26.0,96.88,38.42,46.32,46.04,104.2,86.45,49.24,74.33,27.51,55.97,59.41,23.77,27.73,87.42,30.41,21.1,89.31,74.33,47.01,74.17,0.0,34.41,39.85,77.7,52.77
30,45.34,42.05,37.05,39.62,51.04,27.46,47.0,42.52,53.85,63.25,44.05,19.24,47.07,69.81,52.33,21.93,50.09,59.03,34.48,52.4,34.13,32.14,55.95,34.48,50.8,54.92,47.8,38.18,52.35,34.41,0.0,12.81,47.8,19.42
31,32.56,53.85,48.05,52.33,42.2,17.26,55.9,43.86,53.74,64.41,36.88,7.07,38.0,68.01,48.27,10.05,59.44,60.44,45.62,65.07,45.35,27.29,60.42,46.62,51.86,52.35,36.35,50.93,39.81,39.85,12.81,0.0,54.08,15.0
32,78.85,32.02,66.6,43.46,58.14,52.89,13.04,20.52,100.72,27.17,90.67,55.15,92.05,42.11,41.05,55.44,16.49,104.71,26.42,48.51,63.7,79.62,11.18,58.41,97.05,36.67,67.6,44.28,78.29,77.7,47.8,54.08,0.0,42.43
33,37.16,50.25,56.04,52.35,32.06,12.04,47.01,29.41,68.62,49.66,50.92,13.15,50.8,53.08,33.84,13.04,50.99,75.07,41.01,64.35,53.01,42.19,47.17,52.35,66.53,37.48,31.91,51.43,39.62,52.77,19.42,15.0,42.43,0.0
