vehicles
vehicle_idx, capacity, cost_per_unit_distance
1,100,3
2,100,3
3,100,3
4,100,3
depot
node_idx,x,y
0,82,76
home delivery customers
node_idx,x,y,service_time,demand
1,29,89,10,7
2,80,55,10,2
3,14,24,10,6
4,5,42,10,4
5,50,5,10,21
6,57,69,10,20
7,19,32,10,1
8,88,51,10,18
9,93,3,10,24
self pickup customers
node_idx,x,y,service_time,demand,locker_idxs
10,61,59,10,3,32
11,98,5,10,9,30-0
12,98,14,10,12,33-0
13,58,30,10,12,32-5
14,42,9,10,8,32-3
15,5,10,10,14,31-3
16,98,52,10,21,33-0
flexible customers
node_idx,x,y,service_time,demand,locker_idxs
17,9,97,10,24,32-1
18,1,65,10,22,32
19,13,7,10,19,30-3
20,96,44,10,19,32-0
21,91,2,10,19,32-0
22,85,60,10,14,32-4
23,84,39,10,16,32
lockers
node_idx,x,y,service_time,capacity,cost_per_unit_good
24,93,12,10,73
25,22,88,10,85
26,65,88,10,100
27,25,15,10,72
28,77,88,10,73
29,72,14,10,71
30,48,50,10,95
31,43,66,10,76
32,53,35,10,82
33,46,42,10,82
mrt lines
start_node_idx,end_node_idx,freight_capacity,cost_per_unit_good
24,25,85,0.5
25,24,85,0.5
26,27,100,0.5
27,26,100,0.5
28,29,73,0.5
29,28,73,0.5
distance matrix
,0,1,2,3,4,5,6,7,8,9,10,11,12,13,14,15,16,17,18,19,20,21,22,23,24,25,26,27,28,29,30,31,32,33,
0,0.0,54.57,21.1,85.6,84.17,77.88,25.96,76.84,25.71,73.82,27.02,72.78,64.03,51.88,78.03,101.41,28.84,75.96,81.74,97.58,34.93,74.55,16.28,37.05,64.94,61.19,20.81,83.49,13.0,62.8,42.8,40.26,50.22,49.52
1,54.57,0.0,61.29,66.71,52.77,86.59,34.41,57.87,70.18,107.2,43.86,108.71,101.91,65.74,81.05,82.57,78.29,21.54,36.88,83.55,80.71,106.83,63.06,74.33,100.12,7.07,36.01,74.11,48.01,86.45,43.38,26.93,59.09,49.98
2,21.1,61.29,0.0,72.92,76.12,58.31,26.93,65.19,8.94,53.6,19.42,53.14,44.78,33.3,59.67,87.46,18.25,82.49,79.63,82.42,19.42,54.13,7.07,16.49,44.92,66.73,36.25,68.01,33.14,41.77,32.39,38.6,33.6,36.4
3,85.6,66.71,72.92,0.0,20.12,40.71,62.24,9.43,78.77,81.74,58.6,86.12,84.59,44.41,31.76,16.64,88.54,73.17,43.01,17.03,84.4,80.08,79.61,71.59,79.91,64.5,81.84,14.21,89.81,58.86,42.8,51.04,40.52,36.72
4,84.17,52.77,76.12,20.12,0.0,58.26,58.59,17.2,83.49,96.25,58.52,100.09,97.12,54.34,49.58,32.0,93.54,55.15,23.35,35.9,91.02,94.85,82.0,79.06,92.97,49.04,75.6,33.6,85.44,72.62,43.74,44.94,48.51,41.0
5,77.88,86.59,58.31,40.71,58.26,0.0,64.38,41.11,59.67,43.05,55.11,48.0,48.84,26.25,8.94,45.28,67.18,100.72,77.47,37.05,60.31,41.11,65.19,48.08,43.57,87.6,84.34,26.93,87.28,23.77,45.04,61.4,30.15,37.22
6,25.96,34.41,26.93,62.24,58.59,64.38,0.0,53.04,35.85,75.18,10.77,76.01,68.6,39.01,61.85,78.64,44.38,55.57,56.14,76.03,46.32,75.13,29.41,40.36,67.42,39.82,20.62,62.77,27.59,57.01,21.02,14.32,34.23,29.15
7,76.84,57.87,65.19,9.43,17.2,41.11,53.04,0.0,71.57,79.48,49.93,83.49,81.02,39.05,32.53,26.08,81.49,65.76,37.59,25.71,77.93,78.0,71.69,65.38,76.66,56.08,72.47,18.03,80.62,55.97,34.13,41.62,34.13,28.79
8,25.71,70.18,8.94,78.77,83.49,59.67,35.85,71.57,0.0,48.26,28.16,47.07,38.33,36.62,62.29,92.57,10.05,91.42,88.12,86.95,10.63,49.09,9.49,12.65,39.32,75.66,43.57,72.56,38.6,40.31,40.01,47.43,38.48,42.95
9,73.82,107.2,53.6,81.74,96.25,43.05,75.18,79.48,48.26,0.0,64.5,5.39,12.08,44.2,51.35,88.28,49.25,126.06,110.94,80.1,41.11,2.24,57.56,37.11,9.0,110.75,89.49,69.05,86.49,23.71,65.07,80.43,51.22,61.07
10,27.02,43.86,19.42,58.6,58.52,55.11,10.77,49.93,28.16,64.5,0.0,65.46,58.26,29.15,53.49,74.41,37.66,64.4,60.3,70.77,38.08,64.41,24.02,30.48,56.86,48.6,29.27,56.85,33.12,46.32,15.81,19.31,25.3,22.67
11,72.78,108.71,53.14,86.12,100.09,48.0,76.01,83.49,47.07,5.39,65.46,0.0,9.0,47.17,56.14,93.13,47.0,128.0,114.06,85.02,39.05,7.62,56.52,36.77,8.6,112.54,89.32,73.68,85.62,27.51,67.27,82.13,54.08,63.82
12,64.03,101.91,44.78,84.59,97.12,48.84,68.6,81.02,38.33,12.08,58.26,9.0,0.0,43.08,56.22,93.09,38.0,121.7,109.59,85.29,30.07,13.89,47.8,28.65,5.39,106.08,81.02,73.01,76.92,26.0,61.61,75.69,49.66,59.06
13,51.88,65.74,33.3,44.41,54.34,26.25,39.01,39.05,36.62,44.2,29.15,47.17,43.08,0.0,26.4,56.65,45.65,83.01,66.89,50.54,40.5,43.28,40.36,27.51,39.36,68.26,58.42,36.25,61.03,21.26,22.36,39.0,7.07,16.97
14,78.03,81.05,59.67,31.76,49.58,8.94,61.85,32.53,62.29,51.35,53.49,56.14,56.22,26.4,0.0,37.01,70.6,93.98,69.4,29.07,64.35,49.5,66.71,51.61,51.09,81.49,82.28,18.03,86.41,30.41,41.44,57.01,28.23,33.24
15,101.41,82.57,87.46,16.64,32.0,45.28,78.64,26.08,92.57,88.28,74.41,93.13,93.09,56.65,37.01,0.0,102.04,87.09,55.15,8.54,97.14,86.37,94.34,84.15,88.02,79.83,98.41,20.62,106.15,67.12,58.73,67.68,54.12,52.01
16,28.84,78.29,18.25,88.54,93.54,67.18,44.38,81.49,10.05,49.25,37.66,47.0,38.0,45.65,70.6,102.04,0.0,99.73,97.87,96.18,8.25,50.49,15.26,19.1,40.31,84.1,48.84,81.84,41.68,46.04,50.04,56.75,48.1,52.95
17,75.96,21.54,82.49,73.17,55.15,100.72,55.57,65.76,91.42,126.06,64.4,128.0,121.7,83.01,93.98,87.09,99.73,0.0,32.98,90.09,101.87,125.5,84.53,94.81,119.5,15.81,56.72,83.55,68.59,104.2,61.07,46.01,76.03,66.29
18,81.74,36.88,79.63,43.01,23.35,77.47,56.14,37.59,88.12,110.94,60.3,114.06,109.59,66.89,69.4,55.15,97.87,32.98,0.0,59.23,97.29,109.86,84.15,86.98,106.17,31.14,68.01,55.46,79.4,87.42,49.34,42.01,60.03,50.54
19,97.58,83.55,82.42,17.03,35.9,37.05,76.03,25.71,86.95,80.1,70.77,85.02,85.29,50.54,29.07,8.54,96.18,90.09,59.23,0.0,90.87,78.16,89.4,77.88,80.16,81.5,96.25,14.42,103.23,59.41,55.44,66.19,48.83,48.1
20,34.93,80.71,19.42,84.4,91.02,60.31,46.32,77.93,10.63,41.11,38.08,39.05,30.07,40.5,64.35,97.14,8.25,101.87,97.29,90.87,0.0,42.3,19.42,13.0,32.14,86.09,53.82,76.69,47.93,38.42,48.37,57.38,43.93,50.04
21,74.55,106.83,54.13,80.08,94.85,41.11,75.13,78.0,49.09,2.24,64.41,7.62,13.89,43.28,49.5,86.37,50.49,125.5,109.86,78.16,42.3,0.0,58.31,37.66,10.2,110.26,89.84,67.27,87.13,22.47,64.44,80.0,50.33,60.21
22,16.28,63.06,7.07,79.61,82.0,65.19,29.41,71.69,9.49,57.56,24.02,56.52,47.8,40.36,66.71,94.34,15.26,84.53,84.15,89.4,19.42,58.31,0.0,21.02,48.66,68.94,34.41,75.0,29.12,47.8,38.33,42.43,40.61,42.95
23,37.05,74.33,16.49,71.59,79.06,48.08,40.36,65.38,12.65,37.11,30.48,36.77,28.65,27.51,51.61,84.15,19.1,94.81,86.98,77.88,13.0,37.66,21.02,0.0,28.46,79.03,52.55,63.69,49.5,27.73,37.64,49.09,31.26,38.12
24,64.94,100.12,44.92,79.91,92.97,43.57,67.42,76.66,39.32,9.0,56.86,8.6,5.39,39.36,51.09,88.02,40.31,119.5,106.17,80.16,32.14,10.2,48.66,28.46,0.0,104.0,80.99,68.07,77.67,21.1,58.9,73.59,46.14,55.76
25,61.19,7.07,66.73,64.5,49.04,87.6,39.82,56.08,75.66,110.75,48.6,112.54,106.08,68.26,81.49,79.83,84.1,15.81,31.14,81.5,86.09,110.26,68.94,79.03,104.0,0.0,43.0,73.06,55.0,89.31,46.04,30.41,61.4,51.88
26,20.81,36.01,36.25,81.84,75.6,84.34,20.62,72.47,43.57,89.49,29.27,89.32,81.02,58.42,82.28,98.41,48.84,56.72,68.01,96.25,53.82,89.84,34.41,52.55,80.99,43.0,0.0,83.24,12.0,74.33,41.63,31.11,54.34,49.77
27,83.49,74.11,68.01,14.21,33.6,26.93,62.77,18.03,72.56,69.05,56.85,73.68,73.01,36.25,18.03,20.62,81.84,83.55,55.46,14.42,76.69,67.27,75.0,63.69,68.07,73.06,83.24,0.0,89.63,47.01,41.88,54.08,34.41,34.21
28,13.0,48.01,33.14,89.81,85.44,87.28,27.59,80.62,38.6,86.49,33.12,85.62,76.92,61.03,86.41,106.15,41.68,68.59,79.4,103.23,47.93,87.13,29.12,49.5,77.67,55.0,12.0,89.63,0.0,74.17,47.8,40.5,58.18,55.47
29,62.8,86.45,41.77,58.86,72.62,23.77,57.01,55.97,40.31,23.71,46.32,27.51,26.0,21.26,30.41,67.12,46.04,104.2,87.42,59.41,38.42,22.47,47.8,27.73,21.1,89.31,74.33,47.01,74.17,0.0,43.27,59.54,28.32,38.21
30,42.8,43.38,32.39,42.8,43.74,45.04,21.02,34.13,40.01,65.07,15.81,67.27,61.61,22.36,41.44,58.73,50.04,61.07,49.34,55.44,48.37,64.44,38.33,37.64,58.9,46.04,41.63,41.88,47.8,43.27,0.0,16.76,15.81,8.25
31,40.26,26.93,38.6,51.04,44.94,61.4,14.32,41.62,47.43,80.43,19.31,82.13,75.69,39.0,57.01,67.68,56.75,46.01,42.01,66.19,57.38,80.0,42.43,49.09,73.59,30.41,31.11,54.08,40.5,59.54,16.76,0.0,32.57,24.19
32,50.22,59.09,33.6,40.52,48.51,30.15,34.23,34.13,38.48,51.22,25.3,54.08,49.66,7.07,28.23,54.12,48.1,76.03,60.03,48.83,43.93,50.33,40.61,31.26,46.14,61.4,54.34,34.41,58.18,28.32,15.81,32.57,0.0,9.9
33,49.52,49.98,36.4,36.72,41.0,37.22,29.15,28.79,42.95,61.07,22.67,63.82,59.06,16.97,33.24,52.01,52.95,66.29,50.54,48.1,50.04,60.21,42.95,38.12,55.76,51.88,49.77,34.21,55.47,38.21,8.25,24.19,9.9,0.0
