set K:= 1	2	3	4;
set C_H:= 1	2	3	4	5	6;
set C_S:= 7	8	9	10	11	12	13	14;
set C_F:= 15	16	17	18	19	20	21	22;
set M:= 23	24	25	26	27	28;
set L_B:= 29;
set A1:=
(0,*) 1 2 3 4 5 6 15 16 17 18 19 20 21 22 23 24 25 26 27 28 29 30
(1,*) 0 2 3 4 5 6 15 16 17 18 19 20 21 22 23 24 25 26 27 28 29 30
(2,*) 0 1 3 4 5 6 15 16 17 18 19 20 21 22 23 24 25 26 27 28 29 30
(3,*) 0 1 2 4 5 6 15 16 17 18 19 20 21 22 23 24 25 26 27 28 29 30
(4,*) 0 1 2 3 5 6 15 16 17 18 19 20 21 22 23 24 25 26 27 28 29 30
(5,*) 0 1 2 3 4 6 15 16 17 18 19 20 21 22 23 24 25 26 27 28 29 30
(6,*) 0 1 2 3 4 5 15 16 17 18 19 20 21 22 23 24 25 26 27 28 29 30
(15,*) 0 1 2 3 4 5 6 16 17 18 19 20 21 22 23 24 25 26 27 28 29 30
(16,*) 0 1 2 3 4 5 6 15 17 18 19 20 21 22 23 24 25 26 27 28 29 30
(17,*) 0 1 2 3 4 5 6 15 16 18 19 20 21 22 23 24 25 26 27 28 29 30
(18,*) 0 1 2 3 4 5 6 15 16 17 19 20 21 22 23 24 25 26 27 28 29 30
(19,*) 0 1 2 3 4 5 6 15 16 17 18 20 21 22 23 24 25 26 27 28 29 30
(20,*) 0 1 2 3 4 5 6 15 16 17 18 19 21 22 23 24 25 26 27 28 29 30
(21,*) 0 1 2 3 4 5 6 15 16 17 18 19 20 22 23 24 25 26 27 28 29 30
(22,*) 0 1 2 3 4 5 6 15 16 17 18 19 20 21 23 24 25 26 27 28 29 30
(23,*) 0 1 2 3 4 5 6 15 16 17 18 19 20 21 22 24 25 26 27 28 29 30
(24,*) 0 1 2 3 4 5 6 15 16 17 18 19 20 21 22 23 25 26 27 28 29 30
(25,*) 0 1 2 3 4 5 6 15 16 17 18 19 20 21 22 23 24 26 27 28 29 30
(26,*) 0 1 2 3 4 5 6 15 16 17 18 19 20 21 22 23 24 25 27 28 29 30
(27,*) 0 1 2 3 4 5 6 15 16 17 18 19 20 21 22 23 24 25 26 28 29 30
(28,*) 0 1 2 3 4 5 6 15 16 17 18 19 20 21 22 23 24 25 26 27 29 30
(29,*) 0 1 2 3 4 5 6 15 16 17 18 19 20 21 22 23 24 25 26 27 28 30
(30,*) 0 1 2 3 4 5 6 15 16 17 18 19 20 21 22 23 24 25 26 27 28 29
;
set A2:=
(23,*) 24
(24,*) 23
(25,*) 26
(26,*) 25
;
param BigM:=99999;
param n:= 4;
param d:=
1	13
2	12
3	13
4	23
5	12
6	24
7	14
8	14
9	21
10	23
11	7
12	9
13	24
14	23
15	4
16	20
17	12
18	2
19	26
20	2
21	12
22	10
;
param Q:=100;
param w:=
[23,*] 24 2
[24,*] 23 2
[25,*] 26 2
[26,*] 25 2
;
param V:=
[23,*] 24 81
[24,*] 23 81
[25,*] 26 92
[26,*] 25 92
;
param e:
	23	24	25	26	27	28	29:=
7		0		0		1		0		0		1		0	
8		1		0		0		1		0		0		1	
9		0		1		0		0		0		1		0	
10		1		0		0		0		1		0		0	
11		0		0		1		0		0		1		0	
12		0		0		0		1		0		0		0	
13		0		0		1		0		0		1		0	
14		0		0		0		0		0		0		1	
15		0		1		0		0		0		1		0	
16		0		0		1		0		0		1		0	
17		0		1		0		0		0		1		0	
18		1		0		0		1		0		0		1	
19		0		0		0		1		0		0		1	
20		0		0		0		0		0		1		0	
21		1		0		0		0		1		0		0	
22		0		0		0		1		0		0		1	
;
param p:=
1	1
2	1
3	1
4	1
;
param G:=
23	71
24	81
25	92
26	71
27	71
28	100
29	73
;
param s:=
0	0
1	10
2	10
3	10
4	10
5	10
6	10
15	10
16	10
17	10
18	10
19	10
20	10
21	10
22	10
23	10
24	10
25	10
26	10
27	10
28	10
29	10
;
param t:
	0	1	2	3	4	5	6	7	8	9	10	11	12	13	14	15	16	17	18	19	20	21	22	23	24	25	26	27	28	29	30:=
0	0.0	11.66	17.0	19.92	28.02	22.2	34.23	65.12	65.12	101.4	48.1	87.09	75.01	81.15	78.23	113.9	75.06	101.83	67.91	81.3	75.5	30.36	69.35	27.29	102.07	80.01	70.11	15.52	80.52	73.16	0.0
1	11.66	0.0	9.22	29.68	25.55	24.19	40.45	70.03	56.92	100.85	46.32	94.05	65.19	87.14	69.05	112.0	81.3	99.81	60.17	72.18	80.16	24.21	60.42	19.72	100.69	86.7	60.83	11.18	84.59	64.43	11.66
2	17.0	9.22	0.0	29.83	17.09	18.44	36.4	64.2	48.51	92.18	37.59	89.5	58.01	81.88	61.29	103.0	76.3	90.8	51.55	64.38	74.03	15.0	52.47	10.77	91.81	82.0	53.15	4.47	78.06	56.34	17.0
3	19.92	29.68	29.83	0.0	29.15	19.03	18.03	48.47	70.35	91.29	43.32	68.03	83.43	62.97	85.0	105.6	56.72	94.05	72.06	87.82	58.87	36.4	75.95	36.25	93.24	61.2	77.47	25.81	64.47	79.12	19.92
4	28.02	25.55	17.09	29.15	0.0	10.2	26.17	49.24	41.19	75.29	20.81	75.96	54.71	67.45	55.9	86.68	62.3	74.52	43.0	58.69	58.55	9.22	46.87	12.65	75.21	68.35	48.51	14.42	62.07	49.98	28.02
5	22.2	24.19	18.44	19.03	10.2	0.0	18.36	46.01	51.35	79.2	26.63	71.06	64.85	63.51	66.1	91.92	57.87	79.93	53.04	68.88	56.04	18.36	57.07	19.8	79.98	63.56	58.69	14.14	60.41	60.16	22.2
6	34.23	40.45	36.4	18.03	26.17	18.36	0.0	31.05	63.91	73.88	31.02	53.6	79.16	47.01	79.12	88.75	41.01	77.52	64.56	81.6	41.48	35.36	70.38	37.8	76.28	46.27	72.5	31.95	46.82	72.81	34.23
7	65.12	70.03	64.2	48.47	49.24	46.01	31.05	0.0	73.54	51.87	38.6	28.02	90.52	18.38	87.86	68.68	14.21	59.68	72.25	89.5	10.44	57.57	80.61	61.85	56.52	20.62	83.45	60.07	16.12	81.49	65.12
8	65.12	56.92	48.51	70.35	41.19	51.35	63.91	73.54	0.0	69.07	35.81	101.24	17.03	90.79	15.23	72.37	87.69	61.4	4.47	17.72	79.03	35.13	7.07	37.85	65.07	94.07	10.0	49.65	79.32	8.92	65.12
9	101.4	100.85	92.18	91.29	75.29	79.2	73.88	51.87	69.07	0.0	54.59	65.28	83.19	56.0	76.9	17.12	58.31	12.81	65.19	76.66	46.53	78.79	74.43	84.17	7.21	62.01	77.52	89.69	41.11	72.47	101.4
10	48.1	46.32	37.59	43.32	20.81	26.63	31.02	38.6	35.81	54.59	0.0	66.61	52.5	56.6	50.77	65.95	52.8	53.81	35.36	52.84	45.62	24.74	42.8	30.08	54.41	59.2	45.45	35.23	47.43	44.32	48.1
11	87.09	94.05	89.5	68.03	75.96	71.06	53.6	28.02	101.24	65.28	66.61	0.0	118.26	10.82	115.26	82.1	13.89	76.3	99.7	116.73	23.02	84.69	108.3	88.6	71.7	7.62	111.2	85.15	25.63	108.96	87.09
12	75.01	65.19	58.01	83.43	54.71	64.85	79.16	90.52	17.03	83.19	52.5	118.26	0.0	107.81	7.62	84.05	104.69	74.11	19.24	10.0	96.05	47.07	10.0	48.26	78.41	111.07	7.07	60.21	96.26	10.74	75.01
13	81.15	87.14	81.88	62.97	67.45	63.51	47.01	18.38	90.79	56.0	56.6	10.82	107.81	0.0	104.66	73.03	6.32	66.48	89.14	106.08	12.21	75.89	97.84	80.08	62.13	6.08	100.77	77.65	15.3	98.39	81.15
14	78.23	69.05	61.29	85.0	55.9	66.1	79.12	87.86	15.23	76.9	50.77	115.26	7.62	104.66	0.0	77.0	101.91	67.36	15.62	3.16	92.7	49.09	9.06	51.04	71.85	108.25	8.25	63.03	92.46	6.46	78.23
15	113.9	112.0	103.0	105.6	86.68	91.92	88.75	68.68	72.37	17.12	65.95	82.1	84.05	73.03	77.0	0.0	75.43	12.21	68.07	76.06	63.64	88.75	76.53	94.03	12.53	79.06	79.4	101.04	58.22	73.75	113.9
16	75.06	81.3	76.3	56.72	62.3	57.87	41.01	14.21	87.69	58.31	52.8	13.89	104.69	6.32	101.91	75.43	0.0	68.03	86.31	103.48	12.04	70.94	94.76	74.95	64.03	6.4	97.62	72.01	17.26	95.57	75.06
17	101.83	99.81	90.8	94.05	74.52	79.93	77.52	59.68	61.4	12.81	53.81	76.3	74.11	66.48	67.36	12.21	68.03	0.0	57.22	66.75	56.01	76.55	66.03	81.84	5.66	72.34	69.01	88.87	51.24	63.56	101.83
18	67.91	60.17	51.55	72.06	43.0	53.04	64.56	72.25	4.47	65.19	35.36	99.7	19.24	89.14	15.62	68.07	86.31	57.22	0.0	17.49	77.23	37.66	9.49	40.8	61.01	92.66	12.65	52.39	77.2	9.26	67.91
19	81.3	72.18	64.38	87.82	58.69	68.88	81.6	89.5	17.72	76.66	52.84	116.73	10.0	106.08	3.16	76.06	103.48	66.75	17.49	0.0	94.05	52.04	12.0	54.08	71.39	109.79	11.4	66.07	93.61	8.8	81.3
20	75.5	80.16	74.03	58.87	58.55	56.04	41.48	10.44	79.03	46.53	45.62	23.02	96.05	12.21	92.7	63.64	12.04	56.01	77.23	94.05	0.0	66.49	86.05	71.02	52.09	17.09	89.02	70.0	6.4	86.47	75.5
21	30.36	24.21	15.0	36.4	9.22	18.36	35.36	57.57	35.13	78.79	24.74	84.69	47.07	75.89	49.09	88.75	70.94	76.55	37.66	52.04	66.49	0.0	40.05	5.39	77.9	77.08	41.3	14.87	69.58	43.55	30.36
22	69.35	60.42	52.47	75.95	46.87	57.07	70.38	80.61	7.07	74.43	42.8	108.3	10.0	97.84	9.06	76.53	94.76	66.03	9.49	12.0	86.05	40.05	0.0	42.11	70.03	101.14	3.16	54.08	86.27	4.31	69.35
23	27.29	19.72	10.77	36.25	12.65	19.8	37.8	61.85	37.85	84.17	30.08	88.6	48.26	80.08	51.04	94.03	74.95	81.84	40.8	54.08	71.02	5.39	42.11	0.0	83.24	80.99	43.0	12.0	74.33	45.87	27.29
24	102.07	100.69	91.81	93.24	75.21	79.98	76.28	56.52	65.07	7.21	54.41	71.7	78.41	62.13	71.85	12.53	64.03	5.66	61.01	71.39	52.09	77.9	70.03	83.24	0.0	68.07	73.06	89.63	47.01	67.77	102.07
25	80.01	86.7	82.0	61.2	68.35	63.56	46.27	20.62	94.07	62.01	59.2	7.62	111.07	6.08	108.25	79.06	6.4	72.34	92.66	109.79	17.09	77.08	101.14	80.99	68.07	0.0	104.0	77.67	21.1	101.91	80.01
26	70.11	60.83	53.15	77.47	48.51	58.69	72.5	83.45	10.0	77.52	45.45	111.2	7.07	100.77	8.25	79.4	97.62	69.01	12.65	11.4	89.02	41.3	3.16	43.0	73.06	104.0	0.0	55.0	89.31	6.02	70.11
27	15.52	11.18	4.47	25.81	14.42	14.14	31.95	60.07	49.65	89.69	35.23	85.15	60.21	77.65	63.03	101.04	72.01	88.87	52.39	66.07	70.0	14.87	54.08	12.0	89.63	77.67	55.0	0.0	74.17	57.8	15.52
28	80.52	84.59	78.06	64.47	62.07	60.41	46.82	16.12	79.32	41.11	47.43	25.63	96.26	15.3	92.46	58.22	17.26	51.24	77.2	93.61	6.4	69.58	86.27	74.33	47.01	21.1	89.31	74.17	0.0	86.37	80.52
29	73.16	64.43	56.34	79.12	49.98	60.16	72.81	81.49	8.92	72.47	44.32	108.96	10.74	98.39	6.46	73.75	95.57	63.56	9.26	8.8	86.47	43.55	4.31	45.87	67.77	101.91	6.02	57.8	86.37	0.0	73.16
;
