set K:= 1	2	3	4;
set C_H:= 1	2	3	4	5	6	7	8;
set C_S:= 9	10	11	12	13	14	15;
set C_F:= 16	17	18	19	20	21	22;
set M:= 23	24;
set L_B:= 25	26	27	28	29	30	31	32;
set A1:=
(0,*) 1 2 3 4 5 6 7 8 16 17 18 19 20 21 22 23 24 25 26 27 28 29 30 31 32
(1,*) 0 2 3 4 5 6 7 8 16 17 18 19 20 21 22 23 24 25 26 27 28 29 30 31 32
(2,*) 0 1 3 4 5 6 7 8 16 17 18 19 20 21 22 23 24 25 26 27 28 29 30 31 32
(3,*) 0 1 2 4 5 6 7 8 16 17 18 19 20 21 22 23 24 25 26 27 28 29 30 31 32
(4,*) 0 1 2 3 5 6 7 8 16 17 18 19 20 21 22 23 24 25 26 27 28 29 30 31 32
(5,*) 0 1 2 3 4 6 7 8 16 17 18 19 20 21 22 23 24 25 26 27 28 29 30 31 32
(6,*) 0 1 2 3 4 5 7 8 16 17 18 19 20 21 22 23 24 25 26 27 28 29 30 31 32
(7,*) 0 1 2 3 4 5 6 8 16 17 18 19 20 21 22 23 24 25 26 27 28 29 30 31 32
(8,*) 0 1 2 3 4 5 6 7 16 17 18 19 20 21 22 23 24 25 26 27 28 29 30 31 32
(16,*) 0 1 2 3 4 5 6 7 8 17 18 19 20 21 22 23 24 25 26 27 28 29 30 31 32
(17,*) 0 1 2 3 4 5 6 7 8 16 18 19 20 21 22 23 24 25 26 27 28 29 30 31 32
(18,*) 0 1 2 3 4 5 6 7 8 16 17 19 20 21 22 23 24 25 26 27 28 29 30 31 32
(19,*) 0 1 2 3 4 5 6 7 8 16 17 18 20 21 22 23 24 25 26 27 28 29 30 31 32
(20,*) 0 1 2 3 4 5 6 7 8 16 17 18 19 21 22 23 24 25 26 27 28 29 30 31 32
(21,*) 0 1 2 3 4 5 6 7 8 16 17 18 19 20 22 23 24 25 26 27 28 29 30 31 32
(22,*) 0 1 2 3 4 5 6 7 8 16 17 18 19 20 21 23 24 25 26 27 28 29 30 31 32
(23,*) 0 1 2 3 4 5 6 7 8 16 17 18 19 20 21 22 25 26 27 28 29 30 31 32
(24,*) 0 1 2 3 4 5 6 7 8 16 17 18 19 20 21 22 25 26 27 28 29 30 31 32
(25,*) 0 1 2 3 4 5 6 7 8 16 17 18 19 20 21 22 23 24 26 27 28 29 30 31 32
(26,*) 0 1 2 3 4 5 6 7 8 16 17 18 19 20 21 22 23 24 25 27 28 29 30 31 32
(27,*) 0 1 2 3 4 5 6 7 8 16 17 18 19 20 21 22 23 24 25 26 28 29 30 31 32
(28,*) 0 1 2 3 4 5 6 7 8 16 17 18 19 20 21 22 23 24 25 26 27 29 30 31 32
(29,*) 0 1 2 3 4 5 6 7 8 16 17 18 19 20 21 22 23 24 25 26 27 28 30 31 32
(30,*) 0 1 2 3 4 5 6 7 8 16 17 18 19 20 21 22 23 24 25 26 27 28 29 31 32
(31,*) 0 1 2 3 4 5 6 7 8 16 17 18 19 20 21 22 23 24 25 26 27 28 29 30 32
(32,*) 0 1 2 3 4 5 6 7 8 16 17 18 19 20 21 22 23 24 25 26 27 28 29 30 31
;
set A2:=
(23,*) 24
(24,*) 23
;
param BigM:=99999;
param n:= 4;
param d:=
1	24
2	22
3	2
4	8
5	6
6	20
7	4
8	15
9	8
10	19
11	16
12	19
13	9
14	16
15	6
16	14
17	8
18	21
19	1
20	24
21	2
22	19
;
param Q:=100;
param w:=
[23,*] 24 0.5
[24,*] 23 0.5
;
param V:=
[23,*] 24 98
[24,*] 23 98
;
param e:
	23	24	25	26	27	28	29	30	31	32:=
9	0	1	0	0	0	0	0	0	0	0	
10	1	0	0	0	0	0	0	0	0	0	
11	1	0	0	0	0	0	0	0	0	0	
12	0	0	0	1	0	0	0	0	0	0	
13	1	0	0	0	0	0	0	0	0	0	
14	0	1	0	0	0	0	0	0	0	0	
15	1	0	0	0	0	0	0	0	0	0	
16	1	0	0	0	0	0	0	0	0	0	
17	0	0	1	0	0	0	0	0	0	0	
18	1	0	0	0	0	0	0	0	0	0	
19	1	0	0	0	0	0	0	0	0	0	
20	1	1	1	1	0	0	0	0	0	0	
21	0	1	0	1	0	0	0	0	0	0	
22	0	1	0	0	0	0	0	0	0	0	
;
param p:=
1	3
2	3
3	3
4	3
;
param G:=
23	86
24	98
25	74
26	89
27	97
28	82
29	89
30	80
31	88
32	88
;
param s:=
0	0
1	15
2	15
3	15
4	15
5	15
6	15
7	15
8	15
16	15
17	15
18	15
19	15
20	15
21	15
22	15
23	10
24	10
25	10
26	10
27	10
28	10
29	10
30	10
31	10
32	10
;
param t:
	0	1	2	3	4	5	6	7	8	9	10	11	12	13	14	15	16	17	18	19	20	21	22	23	24	25	26	27	28	29	30	31	32:=
0	0.0	73.82	81.74	62.29	36.24	85.6	25.96	84.17	84.86	78.03	97.58	88.14	74.55	72.78	37.05	75.58	101.41	79.23	77.88	76.84	25.24	21.1	34.93	64.94	61.19	20.81	83.49	13.0	62.8	43.93	41.05	43.28	29.0
1	73.82	0.0	110.94	99.09	99.74	81.74	75.18	96.25	71.02	51.35	80.1	97.86	2.24	5.39	37.11	44.28	88.28	119.75	43.05	79.48	67.12	53.6	41.11	9.0	110.75	89.49	69.05	86.49	23.71	62.23	51.74	55.87	60.54
2	81.74	110.94	0.0	19.65	56.44	43.01	56.14	23.35	54.63	69.4	59.23	26.02	109.86	114.06	86.98	74.52	55.15	17.12	77.47	37.59	60.07	79.63	97.29	106.17	31.14	68.01	55.46	79.4	87.42	51.26	62.39	57.38	61.81
3	62.29	99.09	19.65	0.0	37.8	46.39	37.01	31.76	55.08	64.85	63.39	35.85	98.31	101.53	71.11	68.45	61.85	20.81	71.59	38.01	41.77	61.85	80.32	93.24	18.11	48.47	55.23	59.77	76.42	37.01	48.01	43.42	44.6
4	36.24	99.74	56.44	37.8	0.0	77.83	25.0	68.01	82.54	84.38	93.62	72.25	99.81	100.24	63.81	85.01	94.41	48.27	88.0	68.43	32.89	48.41	67.21	91.71	28.44	15.81	81.91	27.46	82.01	46.01	51.79	50.16	39.85
5	85.6	81.74	43.01	46.39	77.83	0.0	62.24	20.12	12.73	31.76	17.03	19.21	80.08	86.12	71.59	38.48	16.64	59.03	40.71	9.43	60.44	72.92	84.4	79.91	64.5	81.84	14.21	89.81	58.86	41.88	48.47	44.28	57.14
6	25.96	75.18	56.14	37.01	25.0	62.24	0.0	58.59	63.81	61.85	76.03	62.65	75.13	76.01	40.36	61.52	78.64	55.54	64.38	53.04	8.06	26.93	46.32	67.42	39.82	20.62	62.77	27.59	57.01	23.41	27.07	26.17	14.87
7	84.17	96.25	23.35	31.76	68.01	20.12	58.59	0.0	32.45	49.58	35.9	4.24	94.85	100.09	79.06	55.61	32.0	40.05	58.26	17.2	59.46	76.12	91.02	92.97	49.04	75.6	33.6	85.44	72.62	44.28	54.0	49.01	58.46
8	84.86	71.02	54.63	55.08	82.54	12.73	63.81	32.45	0.0	19.92	12.81	31.89	69.23	75.66	65.55	26.93	18.68	69.92	28.79	17.46	60.44	69.63	78.55	70.06	73.01	84.22	2.0	90.8	49.01	41.23	45.0	41.77	55.87
9	78.03	51.35	69.4	64.85	84.38	31.76	61.85	49.58	19.92	0.0	29.07	50.0	49.5	56.14	51.61	7.07	37.01	82.76	8.94	32.53	56.3	59.67	64.35	51.09	81.49	82.28	18.03	86.41	30.41	38.64	37.12	36.06	50.16
10	97.58	80.1	59.23	63.39	93.62	17.03	76.03	35.9	12.81	29.07	0.0	33.84	78.16	85.02	77.88	36.01	8.54	75.66	37.05	25.71	73.0	82.42	90.87	80.16	81.5	96.25	14.42	103.23	59.41	53.81	57.8	54.56	68.59
11	88.14	97.86	26.02	35.85	72.25	19.21	62.65	4.24	31.89	50.0	33.84	0.0	96.38	101.84	82.0	56.3	29.15	43.01	58.82	18.38	63.32	79.62	94.13	94.92	52.92	79.81	33.24	89.59	74.33	47.68	57.08	52.15	62.1
12	74.55	2.24	109.86	98.31	99.81	80.08	75.13	94.85	69.23	49.5	78.16	96.38	0.0	7.62	37.66	42.43	86.37	118.93	41.11	78.0	67.08	54.13	42.3	10.2	110.26	89.84	67.27	87.13	22.47	61.55	51.22	55.23	60.42
13	72.78	5.39	114.06	101.53	100.24	86.12	76.01	100.09	75.66	56.14	85.02	101.84	7.62	0.0	36.77	49.09	93.13	122.29	48.0	83.49	67.96	53.14	39.05	8.6	112.54	89.32	73.68	85.62	27.51	64.54	53.76	58.14	61.61
14	37.05	37.11	86.98	71.11	63.81	71.59	40.36	79.06	65.55	51.61	77.88	82.0	37.66	36.77	0.0	46.75	84.15	91.71	48.08	65.38	32.53	16.49	13.0	28.46	79.03	52.55	63.69	49.5	27.73	35.9	25.18	30.27	27.2
15	75.58	44.28	74.52	68.45	85.01	38.48	61.52	55.61	26.93	7.07	36.01	56.3	42.43	49.09	46.75	0.0	44.05	87.13	3.16	38.42	55.32	56.3	59.2	44.18	84.43	81.58	25.0	84.76	23.77	39.0	35.44	35.36	48.76
16	101.41	88.28	55.15	61.85	94.41	16.64	78.64	32.0	18.68	37.01	8.54	29.15	86.37	93.13	84.15	44.05	0.0	72.03	45.28	26.08	76.42	87.46	97.14	88.02	79.83	98.41	20.62	106.15	67.12	57.49	62.77	59.08	72.62
17	79.23	119.75	17.12	20.81	48.27	59.03	55.54	40.05	69.92	82.76	75.66	43.01	118.93	122.29	91.71	87.13	72.03	0.0	90.21	52.5	61.35	81.6	100.46	114.02	19.92	62.29	70.52	74.24	96.88	57.8	68.82	64.2	64.88
18	77.88	43.05	77.47	71.59	88.0	40.71	64.38	58.26	28.79	8.94	37.05	58.82	41.11	48.0	48.08	3.16	45.28	90.21	0.0	41.11	58.05	58.31	60.31	43.57	87.6	84.34	26.93	87.28	23.77	42.01	38.08	38.21	51.42
19	76.84	79.48	37.59	38.01	68.43	9.43	53.04	17.2	17.46	32.53	25.71	18.38	78.0	83.49	65.38	38.42	26.08	52.5	41.11	0.0	51.61	65.19	77.93	76.66	56.08	72.47	18.03	80.62	55.97	33.54	41.23	36.69	48.76
20	25.24	67.12	60.07	41.77	32.89	60.44	8.06	59.46	60.44	56.3	73.0	63.32	67.08	67.96	32.53	55.32	76.42	61.35	58.05	51.61	0.0	20.25	39.36	59.36	46.87	26.31	59.2	30.53	49.24	19.21	20.1	20.25	7.07
21	21.1	53.6	79.63	61.85	48.41	72.92	26.93	76.12	69.63	59.67	82.42	79.62	54.13	53.14	16.49	56.3	87.46	81.6	58.31	65.19	20.25	0.0	19.42	44.92	66.73	36.25	68.01	33.14	41.77	32.02	24.7	28.64	18.0
22	34.93	41.11	97.29	80.32	67.21	84.4	46.32	91.02	78.55	64.35	90.87	94.13	42.3	39.05	13.0	59.2	97.14	100.46	60.31	77.93	39.36	19.42	0.0	32.14	86.09	53.82	76.69	47.93	38.42	47.1	37.05	42.01	35.74
23	64.94	9.0	106.17	93.24	91.71	79.91	67.42	92.97	70.06	51.09	80.16	94.92	10.2	8.6	28.46	44.18	88.02	114.02	43.57	76.66	59.36	44.92	32.14	0.0	104.0	80.99	68.07	77.67	21.1	56.22	45.34	49.82	53.01
24	61.19	110.75	31.14	18.11	28.44	64.5	39.82	49.04	73.01	81.49	81.5	52.92	110.26	112.54	79.03	84.43	79.83	19.92	87.6	56.08	46.87	66.73	86.09	104.0	0.0	43.0	73.06	55.0	89.31	49.09	59.03	55.22	51.86
25	20.81	89.49	68.01	48.47	15.81	81.84	20.62	75.6	84.22	82.28	96.25	79.81	89.84	89.32	52.55	81.58	98.41	62.29	84.34	72.47	26.31	36.25	53.82	80.99	43.0	0.0	83.24	12.0	74.33	44.01	46.39	46.32	33.14
26	83.49	69.05	55.46	55.23	81.91	14.21	62.77	33.6	2.0	18.03	14.42	33.24	67.27	73.68	63.69	25.0	20.62	70.52	26.93	18.03	59.2	68.01	76.69	68.07	73.06	83.24	0.0	89.63	47.01	40.0	43.42	40.31	54.49
27	13.0	86.49	79.4	59.77	27.46	89.81	27.59	85.44	90.8	86.41	103.23	89.59	87.13	85.62	49.5	84.76	106.15	74.24	87.28	80.62	30.53	33.14	47.93	77.67	55.0	12.0	89.63	0.0	74.17	49.65	49.4	50.54	36.25
28	62.8	23.71	87.42	76.42	82.01	58.86	57.01	72.62	49.01	30.41	59.41	74.33	22.47	27.51	27.73	23.77	67.12	96.88	23.77	55.97	49.24	41.77	38.42	21.1	89.31	74.33	47.01	74.17	0.0	40.22	30.87	34.13	42.2
29	43.93	62.23	51.26	37.01	46.01	41.88	23.41	44.28	41.23	38.64	53.81	47.68	61.55	64.54	35.9	39.0	57.49	57.8	42.01	33.54	19.21	32.02	47.1	56.22	49.09	44.01	40.0	49.65	40.22	0.0	11.18	6.4	15.26
30	41.05	51.74	62.39	48.01	51.79	48.47	27.07	54.0	45.0	37.12	57.8	57.08	51.22	53.76	25.18	35.44	62.77	68.82	38.08	41.23	20.1	24.7	37.05	45.34	59.03	46.39	43.42	49.4	30.87	11.18	0.0	5.1	13.34
31	43.28	55.87	57.38	43.42	50.16	44.28	26.17	49.01	41.77	36.06	54.56	52.15	55.23	58.14	30.27	35.36	59.08	64.2	38.21	36.69	20.25	28.64	42.01	49.82	55.22	46.32	40.31	50.54	34.13	6.4	5.1	0.0	14.42
32	29.0	60.54	61.81	44.6	39.85	57.14	14.87	58.46	55.87	50.16	68.59	62.1	60.42	61.61	27.2	48.76	72.62	64.88	51.42	48.76	7.07	18.0	35.74	53.01	51.86	33.14	54.49	36.25	42.2	15.26	13.34	14.42	0.0
;
