vehicles
vehicle_idx, capacity, cost_per_unit_distance
1,100,3
2,100,3
3,100,3
4,100,3
5,100,3
6,100,3
depot
node_idx,x,y
0,86,22
home delivery customers
node_idx,x,y,service_time,demand
1,29,17,10,1
2,4,50,10,23
3,42,76,10,19
4,40,86,10,16
5,63,57,10,26
6,66,34,10,8
7,46,39,10,10
8,21,54,10,19
9,1,82,10,9
10,47,38,10,21
11,68,89,10,21
12,51,38,10,19
self pickup customers
node_idx,x,y,service_time,demand,locker_idxs
13,13,7,10,7,41-37-38
14,84,38,10,12,43-37-38
15,61,85,10,19,40-38
16,87,38,10,17,43-37-38
17,54,39,10,14,39-37-38
18,19,83,10,12,42-38-37
19,94,28,10,18,44-37-38
20,41,59,10,20,42-38-37
21,100,77,10,8,40-37
22,1,57,10,3,44-38
23,57,82,10,26,40-38
24,16,36,10,8,41-38-37
flexible customers
node_idx,x,y,service_time,demand,locker_idxs
25,25,13,10,23,41-37-38
26,67,37,10,5,39-44-42-43-37-38
27,62,15,10,18,40-37-38
28,34,3,10,20,41-37-38
29,19,45,10,19,44-38
30,25,94,10,2,40-38-37
31,75,24,10,13,43-37
32,47,17,10,5,41-37-38
33,82,72,10,4,43-37-38
34,96,7,10,18,41-37-38
35,83,74,10,66,43-38
36,84,2,10,21,41-37
lockers
node_idx,x,y,service_time,capacity,cost_per_unit_good
37,93,12,10,73
38,22,88,10,84
39,49,48,10,97
40,51,87,10,75
41,30,20,10,76
42,60,51,10,70
43,76,58,10,75
44,51,47,10,75
mrt lines
start_node_idx,end_node_idx,freight_capacity,cost_per_unit_good
37,38,84,0.5
38,37,84,0.5
distance matrix
,0,1,2,3,4,5,6,7,8,9,10,11,12,13,14,15,16,17,18,19,20,21,22,23,24,25,26,27,28,29,30,31,32,33,34,35,36,37,38,39,40,41,42,43,44,
0,0.0,57.22,86.65,69.66,78.82,41.88,23.32,43.46,72.45,104.04,42.15,69.38,38.48,74.53,16.12,67.78,16.03,36.24,90.61,10.0,58.26,56.75,91.92,66.64,71.39,61.66,24.21,25.0,55.36,70.84,94.37,11.18,39.32,50.16,18.03,52.09,20.1,12.21,91.93,45.22,73.82,56.04,38.95,37.36,43.01
1,57.22,0.0,41.4,60.42,69.87,52.5,40.72,27.8,37.85,70.77,27.66,81.88,30.41,18.87,58.87,75.15,61.68,33.3,66.75,65.92,43.68,92.96,48.83,70.77,23.02,5.66,42.94,33.06,14.87,29.73,77.1,46.53,18.0,76.38,67.74,78.52,57.01,64.2,71.34,36.89,73.38,3.16,46.01,62.37,37.2
2,86.65,41.4,0.0,46.04,50.91,59.41,64.03,43.42,17.46,32.14,44.64,74.95,48.51,43.93,80.89,66.89,83.86,51.2,36.25,92.65,38.08,99.72,7.62,61.91,18.44,42.54,64.33,67.74,55.76,15.81,48.75,75.61,54.2,81.04,101.55,82.57,93.3,96.77,42.05,45.04,59.82,39.7,56.01,72.44,47.1
3,69.66,60.42,46.04,0.0,10.2,28.32,48.37,37.22,30.41,41.44,38.33,29.07,39.05,74.85,56.64,21.02,58.9,38.9,24.04,70.77,17.03,58.01,45.19,16.16,47.71,65.25,46.32,64.2,73.44,38.6,24.76,61.59,59.21,40.2,87.62,41.05,85.09,81.84,23.32,28.86,14.21,57.27,30.81,38.47,30.36
4,78.82,69.87,50.91,10.2,0.0,37.01,58.14,47.38,37.22,39.2,48.51,28.16,49.24,83.49,65.12,21.02,67.18,49.04,21.21,79.25,27.02,60.67,48.6,17.46,55.46,74.53,55.95,74.33,83.22,46.07,17.0,71.2,69.35,44.27,96.83,44.64,94.83,91.02,18.11,39.05,11.05,66.75,40.31,45.61,40.52
5,41.88,52.5,59.41,28.32,37.01,0.0,23.19,24.76,42.11,66.85,24.84,32.39,22.47,70.71,28.32,28.07,30.61,20.12,51.11,42.45,22.09,42.06,62.0,25.71,51.48,58.14,20.4,42.01,61.29,45.61,53.04,35.11,43.08,24.21,59.91,26.25,58.87,54.08,51.4,16.64,32.31,49.58,6.71,13.04,15.62
6,23.32,40.72,64.03,48.37,58.14,23.19,0.0,20.62,49.24,80.8,19.42,55.04,15.52,59.48,18.44,51.24,21.38,13.0,67.9,28.64,35.36,54.82,68.95,48.84,50.04,46.07,3.16,19.42,44.55,48.27,72.67,13.45,25.5,41.23,40.36,43.46,36.72,34.83,69.66,22.02,55.08,38.63,18.03,26.0,19.85
7,43.46,27.8,43.42,37.22,47.38,24.76,20.62,0.0,29.15,62.24,1.41,54.63,5.1,45.97,38.01,48.38,41.01,8.0,51.62,49.24,20.62,66.03,48.47,44.38,30.15,33.42,21.1,28.84,37.95,27.66,58.87,32.65,22.02,48.84,59.36,50.93,53.04,54.2,54.56,9.49,48.26,24.84,18.44,35.51,9.43
8,72.45,37.85,17.46,30.41,37.22,42.11,49.24,29.15,0.0,34.41,30.53,58.6,34.0,47.68,65.0,50.61,67.91,36.25,29.07,77.49,20.62,82.28,20.22,45.61,18.68,41.19,49.04,56.59,52.63,9.22,40.2,61.77,45.22,63.6,88.51,65.15,81.69,83.35,34.01,28.64,44.6,35.17,39.12,55.15,30.81
9,104.04,70.77,32.14,41.44,39.2,66.85,80.8,62.24,34.41,0.0,63.66,67.36,66.6,75.95,93.94,60.07,96.6,68.25,18.03,107.54,46.14,99.13,25.0,56.0,48.38,73.05,79.88,90.61,85.62,41.15,26.83,94.02,79.63,81.61,121.04,82.39,115.28,115.6,21.84,58.82,50.25,68.45,66.65,78.75,61.03
10,42.15,27.66,44.64,38.33,48.51,24.84,19.42,1.41,30.53,63.66,0.0,55.15,4.0,46.01,37.0,49.04,40.0,7.07,53.0,48.05,21.84,65.8,49.77,45.12,31.06,33.3,20.02,27.46,37.34,28.86,60.17,31.3,21.0,48.8,57.98,50.91,51.62,52.84,55.9,10.2,49.16,24.76,18.38,35.23,9.85
11,69.38,81.88,74.95,29.07,28.16,32.39,55.04,54.63,58.6,67.36,55.15,0.0,53.76,98.74,53.45,8.06,54.42,51.92,49.37,66.31,40.36,34.18,74.25,13.04,74.25,87.32,52.01,74.24,92.48,65.86,43.29,65.38,75.0,22.02,86.65,21.21,88.46,80.96,46.01,45.19,17.12,78.77,38.83,32.02,45.31
12,38.48,30.41,48.51,39.05,49.24,22.47,15.52,5.1,34.0,66.6,4.0,53.76,0.0,49.04,33.0,48.05,36.0,3.16,55.22,44.15,23.26,62.63,53.49,44.41,35.06,36.07,16.03,25.5,38.91,32.76,61.74,27.78,21.38,46.01,54.64,48.17,48.84,49.4,57.8,10.2,49.0,27.66,15.81,32.02,9.0
13,74.53,18.87,43.93,74.85,83.49,70.71,59.48,45.97,47.68,75.95,46.01,98.74,49.04,0.0,77.47,91.59,80.23,52.01,76.24,83.68,59.06,111.66,51.42,86.95,29.15,13.42,61.77,49.65,21.38,38.47,87.82,64.29,35.44,94.79,83.0,96.9,71.18,80.16,81.5,54.56,88.57,21.4,64.38,81.06,55.17
14,16.12,58.87,80.89,56.64,65.12,28.32,18.44,38.01,65.0,93.94,37.0,53.45,33.0,77.47,0.0,52.33,3.0,30.02,79.06,14.14,47.85,42.15,85.15,51.62,68.03,64.08,17.03,31.83,61.03,65.38,81.34,16.64,42.54,34.06,33.24,36.01,36.0,27.51,79.65,36.4,59.08,56.92,27.29,21.54,34.21
15,67.78,75.15,66.89,21.02,21.02,28.07,51.24,48.38,50.61,60.07,49.04,8.06,48.05,91.59,52.33,0.0,53.71,46.53,42.05,65.86,32.8,39.81,66.21,5.0,66.53,80.5,48.37,70.01,86.33,58.0,37.11,62.59,69.43,24.7,85.49,24.6,86.13,79.71,39.12,38.9,10.2,72.01,34.01,30.89,39.29
16,16.03,61.68,83.86,58.9,67.18,30.61,21.38,41.01,67.91,96.6,40.0,54.42,36.0,80.23,3.0,53.71,0.0,33.02,81.54,12.21,50.57,41.11,88.07,53.25,71.03,66.85,20.02,33.97,63.51,68.36,83.55,18.44,45.18,34.37,32.28,36.22,36.12,26.68,82.01,39.29,60.8,59.77,29.97,22.83,37.11
17,36.24,33.3,51.2,38.9,49.04,20.12,13.0,8.0,36.25,68.25,7.07,51.92,3.16,52.01,30.02,46.53,33.02,0.0,56.22,41.48,23.85,59.67,55.97,43.1,38.12,38.95,13.15,25.3,41.18,35.51,62.18,25.81,23.09,43.28,52.8,45.45,47.63,47.43,58.52,10.3,48.09,30.61,13.42,29.07,8.54
18,90.61,66.75,36.25,24.04,21.21,51.11,67.9,51.62,29.07,18.03,53.0,49.37,55.22,76.24,79.06,42.05,81.54,56.22,0.0,93.01,32.56,81.22,31.62,38.01,47.1,70.26,66.48,80.45,81.39,38.0,12.53,81.34,71.69,63.95,108.19,64.63,103.86,102.55,5.83,46.1,32.25,63.95,52.01,62.24,48.17
19,10.0,65.92,92.65,70.77,79.25,42.45,28.64,49.24,77.49,107.54,48.05,66.31,44.15,83.68,14.14,65.86,12.21,41.48,93.01,0.0,61.4,49.37,97.42,65.46,78.41,70.61,28.46,34.54,65.0,76.9,95.48,19.42,48.27,45.61,21.1,47.3,27.86,16.03,93.72,49.24,73.01,64.5,41.05,34.99,47.01
20,58.26,43.68,38.08,17.03,27.02,22.09,35.36,20.62,20.62,46.14,21.84,40.36,23.26,59.06,47.85,32.8,50.57,23.85,32.56,61.4,0.0,61.68,40.05,28.02,33.97,48.7,34.06,48.75,56.44,26.08,38.48,48.8,42.43,43.01,75.69,44.6,71.4,70.09,34.67,13.6,29.73,40.52,20.62,35.01,15.62
21,56.75,92.96,99.72,58.01,60.67,42.06,54.82,66.03,82.28,99.13,65.8,34.18,62.63,111.66,42.15,39.81,41.11,59.67,81.22,49.37,61.68,0.0,101.0,43.29,93.47,98.6,51.86,72.72,99.16,87.09,76.9,58.6,80.06,18.68,70.11,17.26,76.69,65.38,78.77,58.67,50.01,90.27,47.71,30.61,57.45
22,91.92,48.83,7.62,45.19,48.6,62.0,68.95,48.47,20.22,25.0,49.77,74.25,53.49,51.42,85.15,66.21,88.07,55.97,31.62,97.42,40.05,101.0,0.0,61.33,25.81,50.12,68.96,74.06,63.29,21.63,44.1,81.02,60.96,82.38,107.35,83.74,99.57,102.42,37.44,48.84,58.31,47.01,59.3,75.01,50.99
23,66.64,70.77,61.91,16.16,17.46,25.71,48.84,44.38,45.61,56.0,45.12,13.04,44.41,86.95,51.62,5.0,53.25,43.1,38.01,65.46,28.02,43.29,61.33,0.0,61.62,76.06,46.1,67.19,82.28,53.04,34.18,60.73,65.76,26.93,84.53,27.2,84.43,78.71,35.51,34.93,7.81,67.62,31.14,30.61,35.51
24,71.39,23.02,18.44,47.71,55.46,51.48,50.04,30.15,18.68,48.38,31.06,74.25,35.06,29.15,68.03,66.53,71.03,38.12,47.1,78.41,33.97,93.47,25.81,61.62,0.0,24.7,51.01,50.57,37.59,9.49,58.69,60.21,36.36,75.18,85.09,77.03,76.03,80.65,52.35,35.11,61.85,21.26,46.49,63.91,36.69
25,61.66,5.66,42.54,65.25,74.53,58.14,46.07,33.42,41.19,73.05,33.3,87.32,36.07,13.42,64.08,80.5,66.85,38.95,70.26,70.61,48.7,98.6,50.12,76.06,24.7,0.0,48.37,37.05,13.45,32.56,81.0,51.2,22.36,82.04,71.25,84.17,60.02,68.01,75.06,42.44,78.43,8.6,51.66,68.01,42.8
26,24.21,42.94,64.33,46.32,55.95,20.4,3.16,21.1,49.04,79.88,20.02,52.01,16.03,61.77,17.03,48.37,20.02,13.15,66.48,28.46,34.06,51.86,68.96,46.1,51.01,48.37,0.0,22.56,47.38,48.66,70.8,15.26,28.28,38.08,41.73,40.31,38.91,36.07,68.01,21.1,52.5,40.72,15.65,22.85,18.87
27,25.0,33.06,67.74,64.2,74.33,42.01,19.42,28.84,56.59,90.61,27.46,74.24,25.5,49.65,31.83,70.01,33.97,25.3,80.45,34.54,48.75,72.72,74.06,67.19,50.57,37.05,22.56,0.0,30.46,52.43,87.24,15.81,15.13,60.41,34.93,62.63,25.55,31.14,83.24,35.47,72.84,32.39,36.06,45.22,33.84
28,55.36,14.87,55.76,73.44,83.22,61.29,44.55,37.95,52.63,85.62,37.34,92.48,38.91,21.38,61.03,86.33,63.51,41.18,81.39,65.0,56.44,99.16,63.29,82.28,37.59,13.45,47.38,30.46,0.0,44.6,91.44,46.07,19.1,84.05,62.13,86.27,50.01,59.68,85.84,47.43,85.7,17.46,54.59,69.2,47.17
29,70.84,29.73,15.81,38.6,46.07,45.61,48.27,27.66,9.22,41.15,28.86,65.86,32.76,38.47,65.38,58.0,68.36,35.51,38.0,76.9,26.08,87.09,21.63,53.04,9.49,32.56,48.66,52.43,44.6,0.0,49.37,59.81,39.6,68.54,85.87,70.26,77.94,81.02,43.1,30.15,52.8,27.31,41.44,58.46,32.06
30,94.37,77.1,48.75,24.76,17.0,53.04,72.67,58.87,40.2,26.83,60.17,43.29,61.74,87.82,81.34,37.11,83.55,62.18,12.53,95.48,38.48,76.9,44.1,34.18,58.69,81.0,70.8,87.24,91.44,49.37,0.0,86.02,80.08,61.1,112.29,61.35,109.29,106.53,6.71,51.88,26.93,74.17,55.44,62.43,53.71
31,11.18,46.53,75.61,61.59,71.2,35.11,13.45,32.65,61.77,94.02,31.3,65.38,27.78,64.29,16.64,62.59,18.44,25.81,81.34,19.42,48.8,58.6,81.02,60.73,60.21,51.2,15.26,15.81,46.07,59.81,86.02,0.0,28.86,48.51,27.02,50.64,23.77,21.63,83.1,35.38,67.42,45.18,30.89,34.01,33.24
32,39.32,18.0,54.2,59.21,69.35,43.08,25.5,22.02,45.22,79.63,21.0,75.0,21.38,35.44,42.54,69.43,45.18,23.09,71.69,48.27,42.43,80.06,60.96,65.76,36.36,22.36,28.28,15.13,19.1,39.6,80.08,28.86,0.0,65.19,50.01,67.42,39.92,46.27,75.27,31.06,70.11,17.26,36.4,50.22,30.27
33,50.16,76.38,81.04,40.2,44.27,24.21,41.23,48.84,63.6,81.61,48.8,22.02,46.01,94.79,34.06,24.7,34.37,43.28,63.95,45.61,43.01,18.68,82.38,26.93,75.18,82.04,38.08,60.41,84.05,68.54,61.1,48.51,65.19,0.0,66.49,2.24,70.03,61.0,62.1,40.8,34.44,73.54,30.41,15.23,39.82
34,18.03,67.74,101.55,87.62,96.83,59.91,40.36,59.36,88.51,121.04,57.98,86.65,54.64,83.0,33.24,85.49,32.28,52.8,108.19,21.1,75.69,70.11,107.35,84.53,85.09,71.25,41.73,34.93,62.13,85.87,112.29,27.02,50.01,66.49,0.0,68.25,13.0,5.83,109.71,62.37,91.79,67.27,56.85,54.78,60.21
35,52.09,78.52,82.57,41.05,44.64,26.25,43.46,50.93,65.15,82.39,50.91,21.21,48.17,96.9,36.01,24.6,36.22,45.45,64.63,47.3,44.6,17.26,83.74,27.2,77.03,84.17,40.31,62.63,86.27,70.26,61.35,50.64,67.42,2.24,68.25,0.0,72.01,62.8,62.59,42.8,34.54,75.66,32.53,17.46,41.87
36,20.1,57.01,93.3,85.09,94.83,58.87,36.72,53.04,81.69,115.28,51.62,88.46,48.84,71.18,36.0,86.13,36.12,47.63,103.86,27.86,71.4,76.69,99.57,84.43,76.03,60.02,38.91,25.55,50.01,77.94,109.29,23.77,39.92,70.03,13.0,72.01,0.0,13.45,106.02,57.8,91.18,56.92,54.56,56.57,55.8
37,12.21,64.2,96.77,81.84,91.02,54.08,34.83,54.2,83.35,115.6,52.84,80.96,49.4,80.16,27.51,79.71,26.68,47.43,102.55,16.03,70.09,65.38,102.42,78.71,80.65,68.01,36.07,31.14,59.68,81.02,106.53,21.63,46.27,61.0,5.83,62.8,13.45,0.0,104.0,56.85,85.96,63.51,51.09,49.04,54.67
38,91.93,71.34,42.05,23.32,18.11,51.4,69.66,54.56,34.01,21.84,55.9,46.01,57.8,81.5,79.65,39.12,82.01,58.52,5.83,93.72,34.67,78.77,37.44,35.51,52.35,75.06,68.01,83.24,85.84,43.1,6.71,83.1,75.27,62.1,109.71,62.59,106.02,104.0,0.0,48.26,29.02,68.47,53.04,61.77,50.22
39,45.22,36.89,45.04,28.86,39.05,16.64,22.02,9.49,28.64,58.82,10.2,45.19,10.2,54.56,36.4,38.9,39.29,10.3,46.1,49.24,13.6,58.67,48.84,34.93,35.11,42.44,21.1,35.47,47.43,30.15,51.88,35.38,31.06,40.8,62.37,42.8,57.8,56.85,48.26,0.0,39.05,33.84,11.4,28.79,2.24
40,73.82,73.38,59.82,14.21,11.05,32.31,55.08,48.26,44.6,50.25,49.16,17.12,49.0,88.57,59.08,10.2,60.8,48.09,32.25,73.01,29.73,50.01,58.31,7.81,61.85,78.43,52.5,72.84,85.7,52.8,26.93,67.42,70.11,34.44,91.79,34.54,91.18,85.96,29.02,39.05,0.0,70.21,37.11,38.29,40.0
41,56.04,3.16,39.7,57.27,66.75,49.58,38.63,24.84,35.17,68.45,24.76,78.77,27.66,21.4,56.92,72.01,59.77,30.61,63.95,64.5,40.52,90.27,47.01,67.62,21.26,8.6,40.72,32.39,17.46,27.31,74.17,45.18,17.26,73.54,67.27,75.66,56.92,63.51,68.47,33.84,70.21,0.0,43.14,59.67,34.21
42,38.95,46.01,56.01,30.81,40.31,6.71,18.03,18.44,39.12,66.65,18.38,38.83,15.81,64.38,27.29,34.01,29.97,13.42,52.01,41.05,20.62,47.71,59.3,31.14,46.49,51.66,15.65,36.06,54.59,41.44,55.44,30.89,36.4,30.41,56.85,32.53,54.56,51.09,53.04,11.4,37.11,43.14,0.0,17.46,9.85
43,37.36,62.37,72.44,38.47,45.61,13.04,26.0,35.51,55.15,78.75,35.23,32.02,32.02,81.06,21.54,30.89,22.83,29.07,62.24,34.99,35.01,30.61,75.01,30.61,63.91,68.01,22.85,45.22,69.2,58.46,62.43,34.01,50.22,15.23,54.78,17.46,56.57,49.04,61.77,28.79,38.29,59.67,17.46,0.0,27.31
44,43.01,37.2,47.1,30.36,40.52,15.62,19.85,9.43,30.81,61.03,9.85,45.31,9.0,55.17,34.21,39.29,37.11,8.54,48.17,47.01,15.62,57.45,50.99,35.51,36.69,42.8,18.87,33.84,47.17,32.06,53.71,33.24,30.27,39.82,60.21,41.87,55.8,54.67,50.22,2.24,40.0,34.21,9.85,27.31,0.0
