set K:= 1	2	3	4	5;
set C_H:= 1	2	3	4	5	6	7	8	9	10	11;
set C_S:= 12	13	14	15	16	17	18	19	20	21;
set C_F:= 22	23	24	25	26	27	28	29	30	31;
set M:= 32	33	34	35	36	37;
set L_B:= 38	39	40	41	42;
set A1:=
(0,*) 1 2 3 4 5 6 7 8 9 10 11 22 23 24 25 26 27 28 29 30 31 32 33 34 35 36 37 38 39 40 41 42 43
(1,*) 0 2 3 4 5 6 7 8 9 10 11 22 23 24 25 26 27 28 29 30 31 32 33 34 35 36 37 38 39 40 41 42 43
(2,*) 0 1 3 4 5 6 7 8 9 10 11 22 23 24 25 26 27 28 29 30 31 32 33 34 35 36 37 38 39 40 41 42 43
(3,*) 0 1 2 4 5 6 7 8 9 10 11 22 23 24 25 26 27 28 29 30 31 32 33 34 35 36 37 38 39 40 41 42 43
(4,*) 0 1 2 3 5 6 7 8 9 10 11 22 23 24 25 26 27 28 29 30 31 32 33 34 35 36 37 38 39 40 41 42 43
(5,*) 0 1 2 3 4 6 7 8 9 10 11 22 23 24 25 26 27 28 29 30 31 32 33 34 35 36 37 38 39 40 41 42 43
(6,*) 0 1 2 3 4 5 7 8 9 10 11 22 23 24 25 26 27 28 29 30 31 32 33 34 35 36 37 38 39 40 41 42 43
(7,*) 0 1 2 3 4 5 6 8 9 10 11 22 23 24 25 26 27 28 29 30 31 32 33 34 35 36 37 38 39 40 41 42 43
(8,*) 0 1 2 3 4 5 6 7 9 10 11 22 23 24 25 26 27 28 29 30 31 32 33 34 35 36 37 38 39 40 41 42 43
(9,*) 0 1 2 3 4 5 6 7 8 10 11 22 23 24 25 26 27 28 29 30 31 32 33 34 35 36 37 38 39 40 41 42 43
(10,*) 0 1 2 3 4 5 6 7 8 9 11 22 23 24 25 26 27 28 29 30 31 32 33 34 35 36 37 38 39 40 41 42 43
(11,*) 0 1 2 3 4 5 6 7 8 9 10 22 23 24 25 26 27 28 29 30 31 32 33 34 35 36 37 38 39 40 41 42 43
(22,*) 0 1 2 3 4 5 6 7 8 9 10 11 23 24 25 26 27 28 29 30 31 32 33 34 35 36 37 38 39 40 41 42 43
(23,*) 0 1 2 3 4 5 6 7 8 9 10 11 22 24 25 26 27 28 29 30 31 32 33 34 35 36 37 38 39 40 41 42 43
(24,*) 0 1 2 3 4 5 6 7 8 9 10 11 22 23 25 26 27 28 29 30 31 32 33 34 35 36 37 38 39 40 41 42 43
(25,*) 0 1 2 3 4 5 6 7 8 9 10 11 22 23 24 26 27 28 29 30 31 32 33 34 35 36 37 38 39 40 41 42 43
(26,*) 0 1 2 3 4 5 6 7 8 9 10 11 22 23 24 25 27 28 29 30 31 32 33 34 35 36 37 38 39 40 41 42 43
(27,*) 0 1 2 3 4 5 6 7 8 9 10 11 22 23 24 25 26 28 29 30 31 32 33 34 35 36 37 38 39 40 41 42 43
(28,*) 0 1 2 3 4 5 6 7 8 9 10 11 22 23 24 25 26 27 29 30 31 32 33 34 35 36 37 38 39 40 41 42 43
(29,*) 0 1 2 3 4 5 6 7 8 9 10 11 22 23 24 25 26 27 28 30 31 32 33 34 35 36 37 38 39 40 41 42 43
(30,*) 0 1 2 3 4 5 6 7 8 9 10 11 22 23 24 25 26 27 28 29 31 32 33 34 35 36 37 38 39 40 41 42 43
(31,*) 0 1 2 3 4 5 6 7 8 9 10 11 22 23 24 25 26 27 28 29 30 32 33 34 35 36 37 38 39 40 41 42 43
(32,*) 0 1 2 3 4 5 6 7 8 9 10 11 22 23 24 25 26 27 28 29 30 31 33 34 35 36 37 38 39 40 41 42 43
(33,*) 0 1 2 3 4 5 6 7 8 9 10 11 22 23 24 25 26 27 28 29 30 31 32 34 35 36 37 38 39 40 41 42 43
(34,*) 0 1 2 3 4 5 6 7 8 9 10 11 22 23 24 25 26 27 28 29 30 31 32 33 35 36 37 38 39 40 41 42 43
(35,*) 0 1 2 3 4 5 6 7 8 9 10 11 22 23 24 25 26 27 28 29 30 31 32 33 34 36 37 38 39 40 41 42 43
(36,*) 0 1 2 3 4 5 6 7 8 9 10 11 22 23 24 25 26 27 28 29 30 31 32 33 34 35 37 38 39 40 41 42 43
(37,*) 0 1 2 3 4 5 6 7 8 9 10 11 22 23 24 25 26 27 28 29 30 31 32 33 34 35 36 38 39 40 41 42 43
(38,*) 0 1 2 3 4 5 6 7 8 9 10 11 22 23 24 25 26 27 28 29 30 31 32 33 34 35 36 37 39 40 41 42 43
(39,*) 0 1 2 3 4 5 6 7 8 9 10 11 22 23 24 25 26 27 28 29 30 31 32 33 34 35 36 37 38 40 41 42 43
(40,*) 0 1 2 3 4 5 6 7 8 9 10 11 22 23 24 25 26 27 28 29 30 31 32 33 34 35 36 37 38 39 41 42 43
(41,*) 0 1 2 3 4 5 6 7 8 9 10 11 22 23 24 25 26 27 28 29 30 31 32 33 34 35 36 37 38 39 40 42 43
(42,*) 0 1 2 3 4 5 6 7 8 9 10 11 22 23 24 25 26 27 28 29 30 31 32 33 34 35 36 37 38 39 40 41 43
(43,*) 0 1 2 3 4 5 6 7 8 9 10 11 22 23 24 25 26 27 28 29 30 31 32 33 34 35 36 37 38 39 40 41 42
;
set A2:=
(32,*) 33
(33,*) 32
(34,*) 35
(35,*) 34
;
param BigM:=99999;
param n:= 5;
param d:=
1	6
2	19
3	12
4	8
5	18
6	19
7	24
8	8
9	12
10	2
11	14
12	16
13	6
14	16
15	14
16	21
17	16
18	22
19	20
20	15
21	9
22	19
23	21
24	7
25	3
26	1
27	4
28	8
29	24
30	24
31	2
;
param Q:=100;
param w:=
[32,*] 33 0.1
[33,*] 32 0.1
[34,*] 35 0.1
[35,*] 34 0.1
;
param V:=
[32,*] 33 91
[33,*] 32 91
[34,*] 35 95
[35,*] 34 95
;
param e:
	32	33	34	35	36	37	38	39	40	41	42:=
12		0		0		0		0		0		1		0		0		0		0		0	
13		0		1		0		0		0		0		0		0		0		0		0	
14		0		1		0		0		0		0		0		0		0		0		0	
15		0		1		0		0		0		0		0		0		0		0		0	
16		0		0		1		0		0		0		0		0		0		0		0	
17		0		0		1		0		0		1		0		0		0		0		0	
18		0		0		0		1		0		0		0		0		0		0		0	
19		1		0		0		0		0		0		0		0		0		0		0	
20		0		1		0		0		0		0		0		0		0		0		0	
21		0		0		1		0		0		0		0		0		0		0		0	
22		0		0		1		0		0		0		0		0		0		0		0	
23		0		0		0		0		0		1		0		0		0		1		0	
24		0		0		0		1		0		0		0		0		0		0		0	
25		0		0		0		0		0		0		1		1		1		0		1	
26		0		1		0		0		0		0		0		0		0		0		0	
27		0		1		0		0		0		0		0		0		0		0		0	
28		0		1		0		0		0		0		0		0		0		0		0	
29		0		0		0		0		0		0		1		1		1		0		1	
30		0		0		0		1		0		0		0		0		0		0		0	
31		0		0		0		1		0		0		0		0		0		0		0	
;
param p:=
1	3
2	3
3	3
4	3
5	3
;
param G:=
32	91
33	73
34	95
35	77
36	73
37	81
38	85
39	91
40	77
41	78
42	96
;
param s:=
0	0
1	10
2	10
3	10
4	10
5	10
6	10
7	10
8	10
9	10
10	10
11	10
22	10
23	10
24	10
25	10
26	10
27	10
28	10
29	10
30	10
31	10
32	10
33	10
34	10
35	10
36	10
37	10
38	10
39	10
40	10
41	10
42	10
;
param t:
	0	1	2	3	4	5	6	7	8	9	10	11	12	13	14	15	16	17	18	19	20	21	22	23	24	25	26	27	28	29	30	31	32	33	34	35	36	37	38	39	40	41	42	43:=
0	0.0	75.58	97.58	51.88	79.23	25.71	74.55	73.82	36.24	64.03	21.1	16.28	37.05	85.6	88.14	101.41	28.84	51.04	81.74	25.96	84.86	72.78	34.93	77.88	54.57	27.02	76.84	84.17	78.03	25.24	75.96	62.29	20.81	83.49	64.94	61.19	13.0	62.8	41.04	44.64	49.65	59.03	43.6	0.0
1	75.58	0.0	36.01	23.77	87.13	58.05	42.43	44.28	85.01	49.37	56.3	63.25	46.75	38.48	56.3	44.05	65.86	38.91	74.52	61.52	26.93	49.09	59.2	3.16	83.43	52.39	38.42	55.61	7.07	55.32	97.58	68.45	81.58	25.0	44.18	84.43	84.76	23.77	38.33	56.89	40.79	22.36	42.05	75.58
2	97.58	36.01	0.0	50.54	75.66	86.95	78.16	80.1	93.62	85.29	82.42	89.4	77.88	17.03	33.84	8.54	96.18	73.25	59.23	76.03	12.81	85.02	90.87	37.05	83.55	70.77	25.71	35.9	29.07	73.0	90.09	63.39	96.25	14.42	80.16	81.5	103.23	59.41	56.59	62.65	49.65	39.41	54.82	97.58
3	51.88	23.77	50.54	0.0	75.69	36.62	43.28	44.2	63.51	43.08	33.3	40.36	27.51	44.41	56.72	56.65	45.65	26.48	66.89	39.01	38.08	47.17	40.5	26.25	65.74	29.15	39.05	54.34	26.4	32.14	83.01	55.17	58.42	36.25	39.36	68.26	61.03	21.26	16.49	38.95	24.76	13.0	22.83	51.88
4	79.23	87.13	75.66	75.69	0.0	90.48	118.93	119.75	48.27	116.83	81.6	84.9	91.71	59.03	43.01	72.03	99.62	99.05	17.12	55.54	69.92	122.29	100.46	90.21	26.93	62.39	52.5	40.05	82.76	61.35	16.16	20.81	62.29	70.52	114.02	19.92	74.24	96.88	62.43	40.25	50.99	66.84	54.41	79.23
5	25.71	58.05	86.95	36.62	90.48	0.0	49.09	48.26	56.64	38.33	8.94	9.49	12.65	78.77	86.83	92.57	10.05	26.31	88.12	35.85	74.3	47.07	10.63	59.67	70.18	28.16	71.57	83.49	62.29	29.15	91.42	70.6	43.57	72.56	39.32	75.66	38.6	40.31	34.37	50.7	47.1	47.85	41.01	25.71
6	74.55	42.43	78.16	43.28	118.93	49.09	0.0	2.24	99.81	13.89	54.13	58.31	37.66	80.08	96.38	86.37	50.49	24.04	109.86	75.13	69.23	7.62	42.3	41.11	106.83	64.41	78.0	94.85	49.5	67.08	125.5	98.31	89.84	67.27	10.2	110.26	87.13	22.47	57.49	80.92	67.94	53.85	65.12	74.55
7	73.82	44.28	80.1	44.2	119.75	48.26	2.24	0.0	99.74	12.08	53.6	57.56	37.11	81.74	97.86	88.28	49.25	23.77	110.94	75.18	71.02	5.39	41.11	43.05	107.2	64.5	79.48	96.25	51.35	67.12	126.06	99.09	89.49	69.05	9.0	110.75	86.49	23.71	58.05	81.47	68.77	55.07	65.76	73.82
8	36.24	85.01	93.62	63.51	48.27	56.64	99.81	99.74	0.0	92.44	48.41	48.1	63.81	77.83	72.25	94.41	63.13	76.03	56.44	25.0	82.54	100.24	67.21	88.0	21.38	35.74	68.43	68.01	84.38	32.89	41.19	37.8	15.81	81.91	91.71	28.44	27.46	82.01	47.17	31.02	45.89	63.2	43.1	36.24
9	64.03	49.37	85.29	43.08	116.83	38.33	13.89	12.08	92.44	0.0	44.78	47.8	28.65	84.59	99.2	93.09	38.0	17.8	109.59	68.6	75.01	9.0	30.07	48.84	101.91	58.26	81.02	97.12	56.22	60.61	121.7	96.02	81.02	73.01	5.39	106.08	76.92	26.0	54.41	77.34	66.37	55.36	62.43	64.03
10	21.1	56.3	82.42	33.3	81.6	8.94	54.13	53.6	48.41	44.78	0.0	7.07	16.49	72.92	79.62	87.46	18.25	30.27	79.63	26.93	69.63	53.14	19.42	58.31	61.29	19.42	65.19	76.12	59.67	20.25	82.49	61.85	36.25	68.01	44.92	66.73	33.14	41.77	27.51	41.98	39.62	43.01	33.38	21.1
11	16.28	63.25	89.4	40.36	84.9	9.49	58.31	57.56	48.1	47.8	7.07	0.0	21.02	79.61	85.62	94.34	15.26	35.01	84.15	29.41	76.61	56.52	19.42	65.19	63.06	24.02	71.69	82.0	66.71	24.08	84.53	65.76	34.41	75.0	48.66	68.94	29.12	47.8	34.01	46.17	45.61	50.0	39.29	16.28
12	37.05	46.75	77.88	27.51	91.71	12.65	37.66	37.11	63.81	28.65	16.49	21.02	0.0	71.59	82.0	84.15	19.1	14.0	86.98	40.36	65.55	36.77	13.0	48.08	74.33	30.48	65.38	79.06	51.61	32.53	94.81	71.11	52.55	63.69	28.46	79.03	49.5	27.73	30.81	51.48	43.93	40.02	38.6	37.05
13	85.6	38.48	17.03	44.41	59.03	78.77	80.08	81.74	77.83	84.59	72.92	79.61	71.59	0.0	19.21	16.64	88.54	70.01	43.01	62.24	12.73	86.12	84.4	40.71	66.71	58.6	9.43	20.12	31.76	60.44	73.17	46.39	81.84	14.21	79.91	64.5	89.81	58.86	45.65	47.17	36.12	31.58	42.01	85.6
14	88.14	56.3	33.84	56.72	43.01	86.83	96.38	97.86	72.25	99.2	79.62	85.62	82.0	19.21	0.0	29.15	96.88	83.19	26.02	62.65	31.89	101.84	94.13	58.82	56.82	62.3	18.38	4.24	50.0	63.32	58.42	35.85	79.81	33.24	94.92	52.92	89.59	74.33	52.47	44.65	40.02	43.93	46.32	88.14
15	101.41	44.05	8.54	56.65	72.03	92.57	86.37	88.28	94.41	93.09	87.46	94.34	84.15	16.64	29.15	0.0	102.04	80.41	55.15	78.64	18.68	93.13	97.14	45.28	82.57	74.41	26.08	32.0	37.01	76.42	87.09	61.85	98.41	20.62	88.02	79.83	106.15	67.12	60.8	63.81	52.35	44.72	58.0	101.41
16	28.84	65.86	96.18	45.65	99.62	10.05	50.49	49.25	63.13	38.0	18.25	15.26	19.1	88.54	96.88	102.04	0.0	30.41	97.87	44.38	83.63	47.0	8.25	67.18	78.29	37.66	81.49	93.54	70.6	38.33	99.73	80.05	48.84	81.84	40.31	84.1	41.68	46.04	44.41	60.21	57.14	57.38	51.04	28.84
17	51.04	38.91	73.25	26.48	99.05	26.31	24.04	23.77	76.03	17.8	30.27	35.01	14.0	70.01	83.19	80.41	30.41	0.0	92.14	51.62	61.81	24.41	22.47	39.45	84.39	41.05	65.38	80.81	44.94	43.57	103.97	78.24	65.8	59.84	15.81	88.39	63.39	16.28	36.62	59.55	48.76	39.32	44.65	51.04
18	81.74	74.52	59.23	66.89	17.12	88.12	109.86	110.94	56.44	109.59	79.63	84.15	86.98	43.01	26.02	55.15	97.87	92.14	0.0	56.14	54.63	114.06	97.29	77.47	36.88	60.3	37.59	23.35	69.4	60.07	32.98	19.65	68.01	55.46	106.17	31.14	79.4	87.42	56.3	38.01	43.46	56.22	48.38	81.74
19	25.96	61.52	76.03	39.01	55.54	35.85	75.13	75.18	25.0	68.6	26.93	29.41	40.36	62.24	62.65	78.64	44.38	51.62	56.14	0.0	63.81	76.01	46.32	64.38	34.41	10.77	53.04	58.59	61.85	8.06	55.57	37.01	20.62	62.77	67.42	39.82	27.59	57.01	23.19	18.68	26.4	40.8	21.47	25.96
20	84.86	26.93	12.81	38.08	69.92	74.3	69.23	71.02	82.54	75.01	69.63	76.61	65.55	12.73	31.89	18.68	83.63	61.81	54.63	63.81	0.0	75.66	78.55	28.79	74.24	58.14	17.46	32.45	19.92	60.44	83.19	55.08	84.22	2.0	70.06	73.01	90.8	49.01	43.84	51.55	37.59	26.63	42.44	84.86
21	72.78	49.09	85.02	47.17	122.29	47.07	7.62	5.39	100.24	9.0	53.14	56.52	36.77	86.12	101.84	93.13	47.0	24.41	114.06	76.01	75.66	0.0	39.05	48.0	108.71	65.46	83.49	100.09	56.14	67.96	128.0	101.53	89.32	73.68	8.6	112.54	85.62	27.51	60.14	83.44	71.4	58.6	68.01	72.78
22	34.93	59.2	90.87	40.5	100.46	10.63	42.3	41.11	67.21	30.07	19.42	19.42	13.0	84.4	94.13	97.14	8.25	22.47	97.29	46.32	78.55	39.05	0.0	60.31	80.71	38.08	77.93	91.02	64.35	39.36	101.87	80.32	53.82	76.69	32.14	86.09	47.93	38.42	42.05	60.41	55.15	52.89	49.37	34.93
23	77.88	3.16	37.05	26.25	90.21	59.67	41.11	43.05	88.0	48.84	58.31	65.19	48.08	40.71	58.82	45.28	67.18	39.45	77.47	64.38	28.79	48.0	60.31	0.0	86.59	55.11	41.11	58.26	8.94	58.05	100.72	71.59	84.34	26.93	43.57	87.6	87.28	23.77	41.19	60.02	43.93	25.5	45.1	77.88
24	54.57	83.43	83.55	65.74	26.93	70.18	106.83	107.2	21.38	101.91	61.29	63.06	74.33	66.71	56.82	82.57	78.29	84.39	36.88	34.41	74.24	108.71	80.71	86.59	0.0	43.86	57.87	52.77	81.05	41.87	21.54	21.02	36.01	74.11	100.12	7.07	48.01	86.45	49.74	26.93	42.72	61.13	42.95	54.57
25	27.02	52.39	70.77	29.15	62.39	28.16	64.41	64.5	35.74	58.26	19.42	24.02	30.48	58.6	62.3	74.41	37.66	41.05	60.3	10.77	58.14	65.46	38.08	55.11	43.86	0.0	49.93	58.52	53.49	3.0	64.4	42.45	29.27	56.85	56.86	48.6	33.12	46.32	14.76	22.56	22.83	33.12	16.64	27.02
26	76.84	38.42	25.71	39.05	52.5	71.57	78.0	79.48	68.43	81.02	65.19	71.69	65.38	9.43	18.38	26.08	81.49	65.38	37.59	53.04	17.46	83.49	77.93	41.11	57.87	49.93	0.0	17.2	32.53	51.61	65.76	38.01	72.47	18.03	76.66	56.08	80.62	55.97	37.7	37.74	27.2	26.08	33.29	76.84
27	84.17	55.61	35.9	54.34	40.05	83.49	94.85	96.25	68.01	97.12	76.12	82.0	79.06	20.12	4.24	32.0	93.54	80.81	23.35	58.59	32.45	100.09	91.02	58.26	52.77	58.52	17.2	0.0	49.58	59.46	55.15	31.76	75.6	33.6	92.97	49.04	85.44	72.62	49.16	40.5	36.5	41.76	42.76	84.17
28	78.03	7.07	29.07	26.4	82.76	62.29	49.5	51.35	84.38	56.22	59.67	66.71	51.61	31.76	50.0	37.01	70.6	44.94	69.4	61.85	19.92	56.14	64.35	8.94	81.05	53.49	32.53	49.58	0.0	56.3	93.98	64.85	82.28	18.03	51.09	81.49	86.41	30.41	38.9	55.08	39.01	21.21	41.3	78.03
29	25.24	55.32	73.0	32.14	61.35	29.15	67.08	67.12	32.89	60.61	20.25	24.08	32.53	60.44	63.32	76.42	38.33	43.57	60.07	8.06	60.44	67.96	39.36	58.05	41.87	3.0	51.61	59.46	56.3	0.0	62.68	41.77	26.31	59.2	59.36	46.87	30.53	49.24	17.46	22.09	24.41	35.78	18.44	25.24
30	75.96	97.58	90.09	83.01	16.16	91.42	125.5	126.06	41.19	121.7	82.49	84.53	94.81	73.17	58.42	87.09	99.73	103.97	32.98	55.57	83.19	128.0	101.87	100.72	21.54	64.4	65.76	55.15	93.98	62.68	0.0	29.15	56.72	83.55	119.5	15.81	68.59	104.2	68.01	44.6	58.52	76.06	60.44	75.96
31	62.29	68.45	63.39	55.17	20.81	70.6	98.31	99.09	37.8	96.02	61.85	65.76	71.11	46.39	35.85	61.85	80.05	78.24	19.65	37.01	55.08	101.53	80.32	71.59	21.02	42.45	38.01	31.76	64.85	41.77	29.15	0.0	48.47	55.23	93.24	18.11	59.77	76.42	41.62	19.92	30.41	47.17	33.6	62.29
32	20.81	81.58	96.25	58.42	62.29	43.57	89.84	89.49	15.81	81.02	36.25	34.41	52.55	81.84	79.81	98.41	48.84	65.8	68.01	20.62	84.22	89.32	53.82	84.34	36.01	29.27	72.47	75.6	82.28	26.31	56.72	48.47	0.0	83.24	80.99	43.0	12.0	74.33	43.42	35.38	46.65	61.35	42.05	20.81
33	83.49	25.0	14.42	36.25	70.52	72.56	67.27	69.05	81.91	73.01	68.01	75.0	63.69	14.21	33.24	20.62	81.84	59.84	55.46	62.77	2.0	73.68	76.69	26.93	74.11	56.85	18.03	33.6	18.03	59.2	83.55	55.23	83.24	0.0	68.07	73.06	89.63	47.01	42.45	50.96	36.67	25.0	41.34	83.49
34	64.94	44.18	80.16	39.36	114.02	39.32	10.2	9.0	91.71	5.39	44.92	48.66	28.46	79.91	94.92	88.02	40.31	15.81	106.17	67.42	70.06	8.6	32.14	43.57	100.12	56.86	76.66	92.97	51.09	59.36	119.5	93.24	80.99	68.07	0.0	104.0	77.67	21.1	51.74	74.97	63.25	51.26	59.67	64.94
35	61.19	84.43	81.5	68.26	19.92	75.66	110.26	110.75	28.44	106.08	66.73	68.94	79.03	64.5	52.92	79.83	84.1	88.39	31.14	39.82	73.01	112.54	86.09	87.6	7.07	48.6	56.08	49.04	81.49	46.87	15.81	18.11	43.0	73.06	104.0	0.0	55.0	89.31	52.8	29.41	44.28	62.39	45.49	61.19
36	13.0	84.76	103.23	61.03	74.24	38.6	87.13	86.49	27.46	76.92	33.14	29.12	49.5	89.81	89.59	106.15	41.68	63.39	79.4	27.59	90.8	85.62	47.93	87.28	48.01	33.12	80.62	85.44	86.41	30.53	68.59	59.77	12.0	89.63	77.67	55.0	0.0	74.17	47.89	44.94	53.81	66.24	48.41	13.0
37	62.8	23.77	59.41	21.26	96.88	40.31	22.47	23.71	82.01	26.0	41.77	47.8	27.73	58.86	74.33	67.12	46.04	16.28	87.42	57.01	49.01	27.51	38.42	23.77	86.45	46.32	55.97	72.62	30.41	49.24	104.2	76.42	74.33	47.01	21.1	89.31	74.17	0.0	36.72	59.91	46.01	31.38	43.83	62.8
38	41.04	38.33	56.59	16.49	62.43	34.37	57.49	58.05	47.17	54.41	27.51	34.01	30.81	45.65	52.47	60.8	44.41	36.62	56.3	23.19	43.84	60.14	42.05	41.19	49.74	14.76	37.7	49.16	38.9	17.46	68.01	41.62	43.42	42.45	51.74	52.8	47.89	36.72	0.0	23.43	13.15	18.36	8.06	41.04
39	44.64	56.89	62.65	38.95	40.25	50.7	80.92	81.47	31.02	77.34	41.98	46.17	51.48	47.17	44.65	63.81	60.21	59.55	38.01	18.68	51.55	83.44	60.41	60.02	26.93	22.56	37.74	40.5	55.08	22.09	44.6	19.92	35.38	50.96	74.97	29.41	44.94	59.91	23.43	0.0	16.12	34.53	16.12	44.64
40	49.65	40.79	49.65	24.76	50.99	47.1	67.94	68.77	45.89	66.37	39.62	45.61	43.93	36.12	40.02	52.35	57.14	48.76	43.46	26.4	37.59	71.4	55.15	43.93	42.72	22.83	27.2	36.5	39.01	24.41	58.52	30.41	46.65	36.67	63.25	44.28	53.81	46.01	13.15	16.12	0.0	18.44	6.32	49.65
41	59.03	22.36	39.41	13.0	66.84	47.85	53.85	55.07	63.2	55.36	43.01	50.0	40.02	31.58	43.93	44.72	57.38	39.32	56.22	40.8	26.63	58.6	52.89	25.5	61.13	33.12	26.08	41.76	21.21	35.78	76.06	47.17	61.35	25.0	51.26	62.39	66.24	31.38	18.36	34.53	18.44	0.0	20.1	59.03
42	43.6	42.05	54.82	22.83	54.41	41.01	65.12	65.76	43.1	62.43	33.38	39.29	38.6	42.01	46.32	58.0	51.04	44.65	48.38	21.47	42.44	68.01	49.37	45.1	42.95	16.64	33.29	42.76	41.3	18.44	60.44	33.6	42.05	41.34	59.67	45.49	48.41	43.83	8.06	16.12	6.32	20.1	0.0	43.6
;
