vehicles
vehicle_idx, capacity, cost_per_unit_distance
1,100,1
2,100,1
3,100,1
4,100,1
5,100,1
depot
node_idx,x,y
0,15,19
home delivery customers
node_idx,x,y,service_time,demand
1,23,13,10,23
2,33,31,10,18
3,3,25,10,10
4,29,17,10,13
5,29,9,10,22
6,19,47,10,12
7,41,23,10,20
8,27,49,10,19
9,1,49,10,1
10,55,47,10,18
11,19,65,10,13
self pickup customers
node_idx,x,y,service_time,demand,locker_idxs
12,19,91,10,4,39
13,15,79,10,11,39
14,21,91,10,11,39
15,71,61,10,2,36-40
16,93,7,10,7,38-41
17,65,43,10,14,41-38
18,91,21,10,11,38-41
19,67,91,10,2,36-40
20,79,47,10,6,41-38-40
21,19,75,10,15,39
22,25,65,10,8,39-42-36
23,87,25,10,14,38-41
flexible customers
node_idx,x,y,service_time,demand,locker_idxs
24,59,51,10,15,36-41-40
25,61,83,10,21,36
26,71,41,10,23,41-38
27,15,83,10,12,39-36
28,69,1,10,9,41-38-37
29,93,91,10,11,40-36
30,57,63,10,21,36-40
31,21,81,10,19,39-36-42
32,27,95,10,18,39-36-40
33,5,95,10,2,39
34,69,65,10,15,36
35,31,87,10,2,39
lockers
node_idx,x,y,service_time,capacity,cost_per_unit_good
36,65,88,10,99
37,25,15,10,79
38,93,12,10,96
39,22,88,10,70
40,77,88,10,77
41,72,14,10,100
42,22.777777777777782,29.22222222222222,10,73
mrt lines
start_node_idx,end_node_idx,freight_capacity,cost_per_unit_good
36,37,99,1
37,36,99,1
distance matrix
,0,1,2,3,4,5,6,7,8,9,10,11,12,13,14,15,16,17,18,19,20,21,22,23,24,25,26,27,28,29,30,31,32,33,34,35,36,37,38,39,40,41,42,
0,0.0,10.0,21.63,13.42,14.14,17.2,28.28,26.31,32.31,33.11,48.83,46.17,72.11,60.0,72.25,70.0,78.92,55.46,76.03,88.81,69.86,56.14,47.07,72.25,54.41,78.82,60.17,64.0,56.92,106.15,60.83,62.29,76.94,76.66,70.94,69.86,85.21,10.77,78.31,69.35,92.76,57.22,12.84
1,10.0,0.0,20.59,23.32,7.21,7.21,34.23,20.59,36.22,42.19,46.69,52.15,78.1,66.48,78.03,67.88,70.26,51.61,68.47,89.55,65.51,62.13,52.04,65.12,52.35,79.65,55.57,70.46,47.54,104.8,60.46,68.03,82.1,83.95,69.43,74.43,85.96,2.83,70.01,75.01,92.42,49.01,16.22
2,21.63,20.59,0.0,30.59,14.56,22.36,21.26,11.31,18.97,36.72,27.2,36.77,61.61,51.26,61.19,48.41,64.62,34.18,58.86,68.96,48.7,46.17,34.93,54.33,32.8,59.06,39.29,55.03,46.86,84.85,40.0,51.42,64.28,69.86,49.52,56.04,65.37,17.89,62.94,58.05,72.01,42.54,10.38
3,13.42,23.32,30.59,0.0,27.2,30.53,27.2,38.05,33.94,24.08,56.46,43.08,67.91,55.32,68.41,76.94,91.78,64.56,88.09,91.93,79.12,52.5,45.65,84.0,61.74,82.02,69.86,59.23,70.23,111.61,66.03,58.82,74.0,70.03,77.18,68.03,88.39,24.17,90.93,65.8,97.19,69.87,20.22
4,14.14,7.21,14.56,27.2,0.0,8.0,31.62,13.42,32.06,42.52,39.7,49.03,74.67,63.56,74.43,60.83,64.78,44.41,62.13,83.19,58.31,58.86,48.17,58.55,45.34,73.35,48.37,67.47,43.08,97.84,53.85,64.5,78.03,81.61,62.48,70.03,79.61,4.47,64.2,71.34,85.7,43.1,13.71
5,17.2,7.21,22.36,30.53,8.0,0.0,39.29,18.44,40.05,48.83,46.04,56.89,82.61,71.39,82.39,66.84,64.03,49.52,63.15,90.38,62.8,66.75,56.14,60.17,51.61,80.62,52.8,75.31,40.79,104.02,60.83,72.44,86.02,89.29,68.82,78.03,86.82,7.21,64.07,79.31,92.44,43.29,21.16
6,28.28,34.23,21.26,27.2,31.62,39.29,0.0,32.56,8.25,18.11,36.0,18.0,44.0,32.25,44.05,53.85,84.12,46.17,76.55,65.12,60.0,28.0,18.97,71.47,40.2,55.32,52.35,36.22,67.94,86.09,41.23,34.06,48.66,50.0,53.14,41.76,61.62,32.56,81.86,41.11,71.03,62.43,18.17
7,26.31,20.59,11.31,38.05,13.42,18.44,32.56,0.0,29.53,47.71,27.78,47.41,71.47,61.74,70.88,48.41,54.41,31.24,50.04,72.8,44.94,56.46,44.94,46.04,33.29,63.25,34.99,65.39,35.61,85.6,43.08,61.35,73.35,80.5,50.48,64.78,69.29,17.89,53.15,67.72,74.3,32.28,19.26
8,32.31,36.22,18.97,33.94,32.06,40.05,8.25,29.53,0.0,26.0,28.07,17.89,42.76,32.31,42.43,45.61,78.23,38.47,69.86,58.0,52.04,27.2,16.12,64.62,32.06,48.08,44.72,36.06,63.78,78.23,33.11,32.56,46.0,50.99,44.94,38.21,54.45,34.06,75.66,39.32,63.41,57.01,20.22
9,33.11,42.19,36.72,24.08,42.52,48.83,18.11,47.71,26.0,0.0,54.04,24.08,45.69,33.11,46.52,71.02,101.13,64.28,94.25,78.23,78.03,31.62,28.84,89.29,58.03,68.96,70.46,36.77,83.23,101.13,57.72,37.74,52.84,46.17,69.86,48.41,74.95,41.62,99.16,44.29,85.42,79.16,29.42
10,48.83,46.69,27.2,56.46,39.7,46.04,36.0,27.78,28.07,54.04,0.0,40.25,56.85,51.22,55.61,21.26,55.17,10.77,44.41,45.61,24.0,45.61,34.99,38.83,5.66,36.5,17.09,53.81,48.08,58.14,16.12,48.08,55.57,69.31,22.8,46.65,42.2,43.86,51.66,52.63,46.53,37.12,36.8
11,46.17,52.15,36.77,43.08,49.03,56.89,18.0,47.41,17.89,24.08,40.25,0.0,26.0,14.56,26.08,52.15,94.02,50.99,84.38,54.59,62.64,10.0,6.0,78.89,42.38,45.69,57.27,18.44,81.22,78.43,38.05,16.12,31.05,33.11,50.0,25.06,51.43,50.36,91.02,23.19,62.39,73.55,35.98
12,72.11,78.1,61.61,67.91,74.67,82.61,44.0,71.47,42.76,45.69,56.85,26.0,0.0,12.65,2.0,60.03,111.95,66.48,100.42,48.0,74.4,16.0,26.68,94.76,56.57,42.76,72.14,8.94,102.96,74.0,47.2,10.2,8.94,14.56,56.36,12.65,46.1,76.24,108.25,4.24,58.08,93.48,61.89
13,60.0,66.48,51.26,55.32,63.56,71.39,32.25,61.74,32.31,33.11,51.22,14.56,12.65,0.0,13.42,58.82,106.15,61.61,95.6,53.37,71.55,5.66,17.2,90.0,52.15,46.17,67.68,4.0,94.87,78.92,44.94,6.32,20.0,18.87,55.79,17.89,50.8,64.78,102.83,11.4,62.65,86.45,50.38
14,72.25,78.03,61.19,68.41,74.43,82.39,44.05,70.88,42.43,46.52,55.61,26.08,2.0,13.42,0.0,58.31,110.63,65.12,98.99,46.0,72.8,16.12,26.31,93.34,55.17,40.79,70.71,10.0,102.0,72.0,45.61,10.0,7.21,16.49,54.59,10.77,44.1,76.11,106.89,3.16,56.08,92.36,61.8
15,70.0,67.88,48.41,76.94,60.83,66.84,53.85,48.41,45.61,71.02,21.26,52.15,60.03,58.82,58.31,0.0,58.31,18.97,44.72,30.27,16.12,53.85,46.17,39.4,15.62,24.17,20.0,60.17,60.03,37.2,14.14,53.85,55.61,74.24,4.47,47.71,27.66,65.05,53.71,55.95,27.66,47.01,57.75
16,78.92,70.26,64.62,91.78,64.78,64.03,84.12,54.41,78.23,101.13,55.17,94.02,111.95,106.15,110.63,58.31,0.0,45.61,14.14,87.93,42.38,100.5,89.38,18.97,55.61,82.46,40.5,108.9,24.74,84.0,66.57,103.25,110.0,124.45,62.77,101.21,85.7,68.47,5.0,107.71,82.57,22.14,73.65
17,55.46,51.61,34.18,64.56,44.41,49.52,46.17,31.24,38.47,64.28,10.77,50.99,66.48,61.61,65.12,18.97,45.61,0.0,34.06,48.04,14.56,56.04,45.65,28.43,10.0,40.2,6.32,64.03,42.19,55.57,21.54,58.14,64.4,79.4,22.36,55.61,45.0,48.83,41.77,62.24,46.57,29.83,44.41
18,76.03,68.47,58.86,88.09,62.13,63.15,76.55,50.04,69.86,94.25,44.41,84.38,100.42,95.6,98.99,44.72,14.14,34.06,0.0,74.0,28.64,90.0,79.32,5.66,43.86,68.88,28.28,98.08,29.73,70.03,54.04,92.2,97.84,113.45,49.19,89.2,71.87,66.27,9.22,96.18,68.45,20.25,68.72
19,88.81,89.55,68.96,91.93,83.19,90.38,65.12,72.8,58.0,78.23,45.61,54.59,48.0,53.37,46.0,30.27,87.93,48.04,74.0,0.0,45.61,50.6,49.4,68.96,40.79,10.0,50.16,52.61,90.02,26.0,29.73,47.07,40.2,62.13,26.08,36.22,3.61,86.83,83.17,45.1,10.44,77.16,75.97
20,69.86,65.51,48.7,79.12,58.31,62.8,60.0,44.94,52.04,78.03,24.0,62.64,74.4,71.55,72.8,16.12,42.38,14.56,28.64,45.61,0.0,66.21,56.92,23.41,20.4,40.25,10.0,73.43,47.07,46.17,27.2,67.23,70.77,88.2,20.59,62.48,43.32,62.77,37.7,70.21,41.05,33.73,58.97
21,56.14,62.13,46.17,52.5,58.86,66.75,28.0,56.46,27.2,31.62,45.61,10.0,16.0,5.66,16.12,53.85,100.5,56.04,90.0,50.6,66.21,0.0,11.66,84.4,46.65,42.76,62.13,8.94,89.31,75.71,39.85,6.32,21.54,24.41,50.99,16.97,47.8,60.3,97.19,13.34,59.44,80.81,45.93
22,47.07,52.04,34.93,45.65,48.17,56.14,18.97,44.94,16.12,28.84,34.99,6.0,26.68,17.2,26.31,46.17,89.38,45.65,79.32,49.4,56.92,11.66,0.0,73.78,36.77,40.25,51.88,20.59,77.67,72.8,32.06,16.49,30.07,36.06,44.0,22.8,46.14,50.0,86.21,23.19,56.86,69.35,35.85
23,72.25,65.12,54.33,84.0,58.55,60.17,71.47,46.04,64.62,89.29,38.83,78.89,94.76,90.0,93.34,39.4,18.97,28.43,5.66,68.96,23.41,84.4,73.78,0.0,38.21,63.56,22.63,92.46,30.0,66.27,48.41,86.56,92.2,107.81,43.86,83.55,66.73,62.8,14.32,90.52,63.79,18.6,64.36
24,54.41,52.35,32.8,61.74,45.34,51.61,40.2,33.29,32.06,58.03,5.66,42.38,56.57,52.15,55.17,15.62,55.61,10.0,43.86,40.79,20.4,46.65,36.77,38.21,0.0,32.06,15.62,54.41,50.99,52.5,12.17,48.41,54.41,69.66,17.2,45.61,37.48,49.52,51.74,52.33,41.15,39.22,42.26
25,78.82,79.65,59.06,82.02,73.35,80.62,55.32,63.25,48.08,68.96,36.5,45.69,42.76,46.17,40.79,24.17,82.46,40.2,68.88,10.0,40.25,42.76,40.25,63.56,32.06,0.0,43.17,46.0,82.39,32.98,20.4,40.05,36.06,57.27,19.7,30.27,6.4,76.94,77.88,39.32,16.76,69.87,65.98
26,60.17,55.57,39.29,69.86,48.37,52.8,52.35,34.99,44.72,70.46,17.09,57.27,72.14,67.68,70.71,20.0,40.5,6.32,28.28,50.16,10.0,62.13,51.88,22.63,15.62,43.17,0.0,70.0,40.05,54.63,26.08,64.03,69.66,85.28,24.08,60.96,47.38,52.84,36.4,67.9,47.38,27.02,49.64
27,64.0,70.46,55.03,59.23,67.47,75.31,36.22,65.39,36.06,36.77,53.81,18.44,8.94,4.0,10.0,60.17,108.9,64.03,98.08,52.61,73.43,8.94,20.59,92.46,54.41,46.0,70.0,0.0,98.18,78.41,46.52,6.32,16.97,15.62,56.92,16.49,50.25,68.73,105.48,8.6,62.2,89.5,54.34
28,56.92,47.54,46.86,70.23,43.08,40.79,67.94,35.61,63.78,83.23,48.08,81.22,102.96,94.87,102.0,60.03,24.74,42.19,29.73,90.02,47.07,89.31,77.67,30.0,50.99,82.39,40.05,98.18,0.0,93.15,63.15,93.3,102.96,113.72,64.0,94.02,87.09,46.17,26.4,98.88,87.37,13.34,54.16
29,106.15,104.8,84.85,111.61,97.84,104.02,86.09,85.6,78.23,101.13,58.14,78.43,74.0,78.92,72.0,37.2,84.0,55.57,70.03,26.0,46.17,75.71,72.8,66.27,52.5,32.98,54.63,78.41,93.15,0.0,45.61,72.69,66.12,88.09,35.38,62.13,28.16,101.98,79.0,71.06,16.28,79.81,93.53
30,60.83,60.46,40.0,66.03,53.85,60.83,41.23,43.08,33.11,57.72,16.12,38.05,47.2,44.94,45.61,14.14,66.57,21.54,54.04,29.73,27.2,39.85,32.06,48.41,12.17,20.4,26.08,46.52,63.15,45.61,0.0,40.25,43.86,61.06,12.17,35.38,26.25,57.69,62.43,43.01,32.02,51.24,48.08
31,62.29,68.03,51.42,58.82,64.5,72.44,34.06,61.35,32.56,37.74,48.08,16.12,10.2,6.32,10.0,53.85,103.25,58.14,92.2,47.07,67.23,6.32,16.49,86.56,48.41,40.05,64.03,6.32,93.3,72.69,40.25,0.0,15.23,21.26,50.6,11.66,44.55,66.12,99.72,7.07,56.44,84.2,51.81
32,76.94,82.1,64.28,74.0,78.03,86.02,48.66,73.35,46.0,52.84,55.57,31.05,8.94,20.0,7.21,55.61,110.0,64.4,97.84,40.2,70.77,21.54,30.07,92.2,54.41,36.06,69.66,16.97,102.96,66.12,43.86,15.23,0.0,22.0,51.61,8.94,38.64,80.02,106.04,8.6,50.49,92.66,65.91
33,76.66,83.95,69.86,70.03,81.61,89.29,50.0,80.5,50.99,46.17,69.31,33.11,14.56,18.87,16.49,74.24,124.45,79.4,113.45,62.13,88.2,24.41,36.06,107.81,69.66,57.27,85.28,15.62,113.72,88.09,61.06,21.26,22.0,0.0,70.68,27.2,60.41,82.46,120.97,18.38,72.34,105.12,68.14
34,70.94,69.43,49.52,77.18,62.48,68.82,53.14,50.48,44.94,69.86,22.8,50.0,56.36,55.79,54.59,4.47,62.77,22.36,49.19,26.08,20.59,50.99,44.0,43.86,17.2,19.7,24.08,56.92,64.0,35.38,12.17,50.6,51.61,70.68,0.0,43.91,23.35,66.6,58.18,52.33,24.35,51.09,58.45
35,69.86,74.43,56.04,68.03,70.03,78.03,41.76,64.78,38.21,48.41,46.65,25.06,12.65,17.89,10.77,47.71,101.21,55.61,89.2,36.22,62.48,16.97,22.8,83.55,45.61,30.27,60.96,16.49,94.02,62.13,35.38,11.66,8.94,27.2,43.91,0.0,34.01,72.25,97.31,9.06,46.01,83.73,58.36
36,85.21,85.96,65.37,88.39,79.61,86.82,61.62,69.29,54.45,74.95,42.2,51.43,46.1,50.8,44.1,27.66,85.7,45.0,71.87,3.61,43.32,47.8,46.14,66.73,37.48,6.4,47.38,50.25,87.09,28.16,26.25,44.55,38.64,60.41,23.35,34.01,0.0,83.24,80.99,43.0,12.0,74.33,72.37
37,10.77,2.83,17.89,24.17,4.47,7.21,32.56,17.89,34.06,41.62,43.86,50.36,76.24,64.78,76.11,65.05,68.47,48.83,66.27,86.83,62.77,60.3,50.0,62.8,49.52,76.94,52.84,68.73,46.17,101.98,57.69,66.12,80.02,82.46,66.6,72.25,83.24,0.0,68.07,73.06,89.63,47.01,14.39
38,78.31,70.01,62.94,90.93,64.2,64.07,81.86,53.15,75.66,99.16,51.66,91.02,108.25,102.83,106.89,53.71,5.0,41.77,9.22,83.17,37.7,97.19,86.21,14.32,51.74,77.88,36.4,105.48,26.4,79.0,62.43,99.72,106.04,120.97,58.18,97.31,80.99,68.07,0.0,104.0,77.67,21.1,72.3
39,69.35,75.01,58.05,65.8,71.34,79.31,41.11,67.72,39.32,44.29,52.63,23.19,4.24,11.4,3.16,55.95,107.71,62.24,96.18,45.1,70.21,13.34,23.19,90.52,52.33,39.32,67.9,8.6,98.88,71.06,43.01,7.07,8.6,18.38,52.33,9.06,43.0,73.06,104.0,0.0,55.0,89.31,58.78
40,92.76,92.42,72.01,97.19,85.7,92.44,71.03,74.3,63.41,85.42,46.53,62.39,58.08,62.65,56.08,27.66,82.57,46.57,68.45,10.44,41.05,59.44,56.86,63.79,41.15,16.76,47.38,62.2,87.37,16.28,32.02,56.44,50.49,72.34,24.35,46.01,12.0,89.63,77.67,55.0,0.0,74.17,79.97
41,57.22,49.01,42.54,69.87,43.1,43.29,62.43,32.28,57.01,79.16,37.12,73.55,93.48,86.45,92.36,47.01,22.14,29.83,20.25,77.16,33.73,80.81,69.35,18.6,39.22,69.87,27.02,89.5,13.34,79.81,51.24,84.2,92.66,105.12,51.09,83.73,74.33,47.01,21.1,89.31,74.17,0.0,51.52
42,12.84,16.22,10.38,20.22,13.71,21.16,18.17,19.26,20.22,29.42,36.8,35.98,61.89,50.38,61.8,57.75,73.65,44.41,68.72,75.97,58.97,45.93,35.85,64.36,42.26,65.98,49.64,54.34,54.16,93.53,48.08,51.81,65.91,68.14,58.45,58.36,72.37,14.39,72.3,58.78,79.97,51.52,0.0
