set K:= 1	2	3	4	5	6;
set C_H:= 1	2	3	4	5	6	7	8	9	10	11	12;
set C_S:= 13	14	15	16	17	18	19	20	21	22	23	24;
set C_F:= 25	26	27	28	29	30	31	32	33	34	35	36;
set M:= 37	38	39	40;
set M_B:= 41	42	43	44;
set L_B:= 45	46	47	48	49	50;
set A1:=
(0,*) 1 2 3 4 5 6 7 8 9 10 11 12 25 26 27 28 29 30 31 32 33 34 35 36 37 38 39 40 41 42 43 44 45 46 47 48 49 50
(1,*) 0 2 3 4 5 6 7 8 9 10 11 12 25 26 27 28 29 30 31 32 33 34 35 36 37 38 39 40 41 42 43 44 45 46 47 48 49 50
(2,*) 0 1 3 4 5 6 7 8 9 10 11 12 25 26 27 28 29 30 31 32 33 34 35 36 37 38 39 40 41 42 43 44 45 46 47 48 49 50
(3,*) 0 1 2 4 5 6 7 8 9 10 11 12 25 26 27 28 29 30 31 32 33 34 35 36 37 38 39 40 41 42 43 44 45 46 47 48 49 50
(4,*) 0 1 2 3 5 6 7 8 9 10 11 12 25 26 27 28 29 30 31 32 33 34 35 36 37 38 39 40 41 42 43 44 45 46 47 48 49 50
(5,*) 0 1 2 3 4 6 7 8 9 10 11 12 25 26 27 28 29 30 31 32 33 34 35 36 37 38 39 40 41 42 43 44 45 46 47 48 49 50
(6,*) 0 1 2 3 4 5 7 8 9 10 11 12 25 26 27 28 29 30 31 32 33 34 35 36 37 38 39 40 41 42 43 44 45 46 47 48 49 50
(7,*) 0 1 2 3 4 5 6 8 9 10 11 12 25 26 27 28 29 30 31 32 33 34 35 36 37 38 39 40 41 42 43 44 45 46 47 48 49 50
(8,*) 0 1 2 3 4 5 6 7 9 10 11 12 25 26 27 28 29 30 31 32 33 34 35 36 37 38 39 40 41 42 43 44 45 46 47 48 49 50
(9,*) 0 1 2 3 4 5 6 7 8 10 11 12 25 26 27 28 29 30 31 32 33 34 35 36 37 38 39 40 41 42 43 44 45 46 47 48 49 50
(10,*) 0 1 2 3 4 5 6 7 8 9 11 12 25 26 27 28 29 30 31 32 33 34 35 36 37 38 39 40 41 42 43 44 45 46 47 48 49 50
(11,*) 0 1 2 3 4 5 6 7 8 9 10 12 25 26 27 28 29 30 31 32 33 34 35 36 37 38 39 40 41 42 43 44 45 46 47 48 49 50
(12,*) 0 1 2 3 4 5 6 7 8 9 10 11 25 26 27 28 29 30 31 32 33 34 35 36 37 38 39 40 41 42 43 44 45 46 47 48 49 50
(25,*) 0 1 2 3 4 5 6 7 8 9 10 11 12 26 27 28 29 30 31 32 33 34 35 36 37 38 39 40 41 42 43 44 45 46 47 48 49 50
(26,*) 0 1 2 3 4 5 6 7 8 9 10 11 12 25 27 28 29 30 31 32 33 34 35 36 37 38 39 40 41 42 43 44 45 46 47 48 49 50
(27,*) 0 1 2 3 4 5 6 7 8 9 10 11 12 25 26 28 29 30 31 32 33 34 35 36 37 38 39 40 41 42 43 44 45 46 47 48 49 50
(28,*) 0 1 2 3 4 5 6 7 8 9 10 11 12 25 26 27 29 30 31 32 33 34 35 36 37 38 39 40 41 42 43 44 45 46 47 48 49 50
(29,*) 0 1 2 3 4 5 6 7 8 9 10 11 12 25 26 27 28 30 31 32 33 34 35 36 37 38 39 40 41 42 43 44 45 46 47 48 49 50
(30,*) 0 1 2 3 4 5 6 7 8 9 10 11 12 25 26 27 28 29 31 32 33 34 35 36 37 38 39 40 41 42 43 44 45 46 47 48 49 50
(31,*) 0 1 2 3 4 5 6 7 8 9 10 11 12 25 26 27 28 29 30 32 33 34 35 36 37 38 39 40 41 42 43 44 45 46 47 48 49 50
(32,*) 0 1 2 3 4 5 6 7 8 9 10 11 12 25 26 27 28 29 30 31 33 34 35 36 37 38 39 40 41 42 43 44 45 46 47 48 49 50
(33,*) 0 1 2 3 4 5 6 7 8 9 10 11 12 25 26 27 28 29 30 31 32 34 35 36 37 38 39 40 41 42 43 44 45 46 47 48 49 50
(34,*) 0 1 2 3 4 5 6 7 8 9 10 11 12 25 26 27 28 29 30 31 32 33 35 36 37 38 39 40 41 42 43 44 45 46 47 48 49 50
(35,*) 0 1 2 3 4 5 6 7 8 9 10 11 12 25 26 27 28 29 30 31 32 33 34 36 37 38 39 40 41 42 43 44 45 46 47 48 49 50
(36,*) 0 1 2 3 4 5 6 7 8 9 10 11 12 25 26 27 28 29 30 31 32 33 34 35 37 38 39 40 41 42 43 44 45 46 47 48 49 50
(37,*) 0 1 2 3 4 5 6 7 8 9 10 11 12 25 26 27 28 29 30 31 32 33 34 35 36 38 39 40 41 42 43 44 45 46 47 48 49 50
(38,*) 0 1 2 3 4 5 6 7 8 9 10 11 12 25 26 27 28 29 30 31 32 33 34 35 36 37 39 40 41 42 43 44 45 46 47 48 49 50
(39,*) 0 1 2 3 4 5 6 7 8 9 10 11 12 25 26 27 28 29 30 31 32 33 34 35 36 37 38 40 41 42 43 44 45 46 47 48 49 50
(40,*) 0 1 2 3 4 5 6 7 8 9 10 11 12 25 26 27 28 29 30 31 32 33 34 35 36 37 38 39 41 42 43 44 45 46 47 48 49 50
(41,*) 0 1 2 3 4 5 6 7 8 9 10 11 12 25 26 27 28 29 30 31 32 33 34 35 36 37 38 39 40 42 43 44 45 46 47 48 49 50
(42,*) 0 1 2 3 4 5 6 7 8 9 10 11 12 25 26 27 28 29 30 31 32 33 34 35 36 37 38 39 40 41 43 44 45 46 47 48 49 50
(43,*) 0 1 2 3 4 5 6 7 8 9 10 11 12 25 26 27 28 29 30 31 32 33 34 35 36 37 38 39 40 41 42 44 45 46 47 48 49 50
(44,*) 0 1 2 3 4 5 6 7 8 9 10 11 12 25 26 27 28 29 30 31 32 33 34 35 36 37 38 39 40 41 42 43 45 46 47 48 49 50
(45,*) 0 1 2 3 4 5 6 7 8 9 10 11 12 25 26 27 28 29 30 31 32 33 34 35 36 37 38 39 40 41 42 43 44 46 47 48 49 50
(46,*) 0 1 2 3 4 5 6 7 8 9 10 11 12 25 26 27 28 29 30 31 32 33 34 35 36 37 38 39 40 41 42 43 44 45 47 48 49 50
(47,*) 0 1 2 3 4 5 6 7 8 9 10 11 12 25 26 27 28 29 30 31 32 33 34 35 36 37 38 39 40 41 42 43 44 45 46 48 49 50
(48,*) 0 1 2 3 4 5 6 7 8 9 10 11 12 25 26 27 28 29 30 31 32 33 34 35 36 37 38 39 40 41 42 43 44 45 46 47 49 50
(49,*) 0 1 2 3 4 5 6 7 8 9 10 11 12 25 26 27 28 29 30 31 32 33 34 35 36 37 38 39 40 41 42 43 44 45 46 47 48 50
(50,*) 0 1 2 3 4 5 6 7 8 9 10 11 12 25 26 27 28 29 30 31 32 33 34 35 36 37 38 39 40 41 42 43 44 45 46 47 48 49
;
set A2:=
(37,*) 38
(38,*) 37
(39,*) 40
(40,*) 39
;
param BigM:=99999;
param n:= 6;
param d:=
1	5
2	12
3	19
4	19
5	16
6	8
7	18
8	3
9	26
10	21
11	66
12	21
13	1
14	23
15	18
16	20
17	13
18	17
19	14
20	5
21	19
22	8
23	21
24	19
25	23
26	7
27	2
28	26
29	19
30	10
31	12
32	9
33	4
34	20
35	18
36	8
;
param Q:=100;
param w:=
[37,*] 38 0.1
[38,*] 37 0.1
[39,*] 40 0.1
[40,*] 39 0.1
;
param V:=
[37,*] 38 97
[38,*] 37 97
[39,*] 40 92
[40,*] 39 92
;
param e:
	37	38	39	40	41	42	43	44	45	46	47	48	49	50:=
13		0		1		0		0		0		1		0		0		0		0		0		0		0		0	
14		0		1		0		0		0		1		0		0		0		0		0		0		0		0	
15		0		0		0		0		0		0		0		0		0		1		0		0		0		0	
16		0		1		0		0		0		1		0		0		0		0		0		0		0		0	
17		0		0		0		0		0		0		0		0		0		1		0		0		0		0	
18		0		0		1		0		0		0		1		0		0		0		0		0		0		0	
19		0		0		0		0		0		0		0		0		1		0		0		0		0		0	
20		0		0		0		0		0		0		0		0		0		1		0		0		0		0	
21		0		0		0		0		0		0		0		0		1		0		0		0		0		0	
22		1		0		0		0		1		0		0		0		0		0		0		0		0		0	
23		1		0		0		0		1		0		0		0		0		0		0		0		0		0	
24		0		0		0		0		0		0		0		0		1		0		0		0		0		0	
25		0		1		0		0		0		1		0		0		0		0		0		0		0		0	
26		0		1		0		0		0		1		0		0		0		0		0		0		0		0	
27		0		0		0		1		0		0		0		1		0		0		0		0		0		0	
28		0		0		0		0		0		0		0		0		1		0		1		1		1		1	
29		1		0		0		0		1		0		0		0		0		0		0		0		0		0	
30		0		0		0		0		0		0		0		0		1		1		1		1		1		1	
31		0		0		0		1		0		0		0		1		0		0		0		0		0		0	
32		0		0		0		1		0		0		0		1		0		0		0		0		0		0	
33		1		0		0		0		1		0		0		0		0		0		0		0		0		0	
34		0		0		0		0		0		0		0		0		1		0		1		1		1		1	
35		0		0		1		0		0		0		1		0		0		0		0		0		0		0	
36		0		1		0		0		0		1		0		0		0		0		0		0		0		0	
;
param p:=
1	3
2	3
3	3
4	3
5	3
6	3
;
param G:=
37	82
38	97
39	92
40	84
41	82
42	97
43	92
44	84
45	73
46	89
47	73
48	74
49	79
50	91
;
param s:=
0	0
1	10
2	10
3	10
4	10
5	10
6	10
7	10
8	10
9	10
10	10
11	10
12	10
25	10
26	10
27	10
28	10
29	10
30	10
31	10
32	10
33	10
34	10
35	10
36	10
37	10
38	10
39	10
40	10
41	10
42	10
43	10
44	10
45	10
46	10
47	10
48	10
49	10
50	10
;
param t:
	0	1	2	3	4	5	6	7	8	9	10	11	12	13	14	15	16	17	18	19	20	21	22	23	24	25	26	27	28	29	30	31	32	33	34	35	36	37	38	39	40	41	42	43	44	45	46	47	48	49	50:=
0	0.0	24.21	16.12	70.84	69.66	78.82	23.32	10.0	91.92	66.64	42.15	52.09	20.1	57.22	86.65	25.0	55.36	11.18	16.03	36.24	39.32	72.45	56.75	69.38	38.48	61.66	74.53	94.37	41.88	67.78	43.46	90.61	104.04	50.16	58.26	18.03	71.39	69.26	61.4	12.21	91.93	69.26	61.4	12.21	91.93	48.1	30.81	37.64	37.01	42.2	42.8
1	24.21	0.0	17.03	48.66	46.32	55.95	3.16	28.46	68.96	46.1	20.02	40.31	38.91	42.94	64.33	22.56	47.38	15.26	20.02	13.15	28.28	49.04	51.86	52.01	16.03	48.37	61.77	70.8	20.4	48.37	21.1	66.48	79.88	38.08	34.06	41.73	51.01	51.04	47.41	36.07	68.01	51.04	47.41	36.07	68.01	24.08	13.6	13.45	12.81	18.03	18.6
2	16.12	17.03	0.0	65.38	56.64	65.12	18.44	14.14	85.15	51.62	37.0	36.01	36.0	58.87	80.89	31.83	61.03	16.64	3.0	30.02	42.54	65.0	42.15	53.45	33.0	64.08	77.47	81.34	28.32	52.33	38.01	79.06	93.94	34.06	47.85	33.24	68.03	53.49	63.32	27.51	79.65	53.49	63.32	27.51	79.65	37.12	29.41	28.16	27.89	33.24	33.53
3	70.84	48.66	65.38	0.0	38.6	46.07	48.27	76.9	21.63	53.04	28.86	70.26	77.94	29.73	15.81	52.43	44.6	59.81	68.36	35.51	39.6	9.22	87.09	65.86	32.76	32.56	38.47	49.37	45.61	58.0	27.66	38.0	41.15	68.54	26.08	85.87	9.49	62.97	30.59	81.02	43.1	62.97	30.59	81.02	43.1	33.53	40.31	38.01	38.0	33.06	33.14
4	69.66	46.32	56.64	38.6	0.0	10.2	48.37	70.77	45.19	16.16	38.33	41.05	85.09	60.42	46.04	64.2	73.44	61.59	58.9	38.9	59.21	30.41	58.01	29.07	39.05	65.25	74.85	24.76	28.32	21.02	37.22	24.04	41.44	40.2	17.03	87.62	47.71	25.94	63.32	81.84	23.32	25.94	63.32	81.84	23.32	22.85	49.04	33.54	34.44	30.68	29.73
5	78.82	55.95	65.12	46.07	10.2	0.0	58.14	79.25	48.6	17.46	48.51	44.64	94.83	69.87	50.91	74.33	83.22	71.2	67.18	49.04	69.35	37.22	60.67	28.16	49.24	74.53	83.49	17.0	37.01	21.02	47.38	21.21	39.2	44.27	27.02	96.83	55.46	25.08	72.57	91.02	18.11	25.08	72.57	91.02	18.11	32.89	59.2	43.46	44.38	40.8	39.85
6	23.32	3.16	18.44	48.27	48.37	58.14	0.0	28.64	68.95	48.84	19.42	43.46	36.72	40.72	64.03	19.42	44.55	13.45	21.38	13.0	25.5	49.24	54.82	55.04	15.52	46.07	59.48	72.67	23.19	51.24	20.62	67.9	80.8	41.23	35.36	40.36	50.04	54.01	45.19	34.83	69.66	54.01	45.19	34.83	69.66	25.81	11.18	15.0	14.21	19.1	19.8
7	10.0	28.46	14.14	76.9	70.77	79.25	28.64	0.0	97.42	65.46	48.05	47.3	27.86	65.92	92.65	34.54	65.0	19.42	12.21	41.48	48.27	77.49	49.37	66.31	44.15	70.61	83.68	95.48	42.45	65.86	49.24	93.01	107.54	45.61	61.4	21.1	78.41	66.64	70.21	16.03	93.72	66.64	70.21	16.03	93.72	50.77	38.01	41.15	40.72	46.1	46.52
8	91.92	68.96	85.15	21.63	45.19	48.6	68.95	97.42	0.0	61.33	49.77	83.74	99.57	48.83	7.62	74.06	63.29	81.02	88.07	55.97	60.96	20.22	101.0	74.25	53.49	50.12	51.42	44.1	62.0	66.21	48.47	31.62	25.0	82.38	40.05	107.35	25.81	71.11	48.37	102.42	37.44	71.11	48.37	102.42	37.44	50.04	61.72	57.07	57.27	51.97	51.79
9	66.64	46.1	51.62	53.04	16.16	17.46	48.84	65.46	61.33	0.0	45.12	27.2	84.43	70.77	61.91	67.19	82.28	60.73	53.25	43.1	65.76	45.61	43.29	13.04	44.41	76.06	86.95	34.18	25.71	5.0	44.38	38.01	56.0	26.93	28.02	84.53	61.62	10.0	74.25	78.71	35.51	10.0	74.25	78.71	35.51	27.66	53.01	36.0	37.0	35.36	34.37
10	42.15	20.02	37.0	28.86	38.33	48.51	19.42	48.05	49.77	45.12	0.0	50.91	51.62	27.66	44.64	27.46	37.34	31.3	40.0	7.07	21.0	30.53	65.8	55.15	4.0	33.3	46.01	60.17	24.84	49.04	1.41	53.0	63.66	48.8	21.84	57.98	31.06	53.14	31.83	52.84	55.9	53.14	31.83	52.84	55.9	17.46	12.73	12.81	12.21	10.3	11.18
11	52.09	40.31	36.01	70.26	41.05	44.64	43.46	47.3	83.74	27.2	50.91	0.0	72.01	78.52	82.57	62.63	86.27	50.64	36.22	45.45	67.42	65.15	17.26	21.21	48.17	84.17	96.9	61.35	26.25	24.6	50.93	64.63	82.39	2.24	44.6	68.25	77.03	22.8	82.73	62.8	62.59	22.8	82.73	62.8	62.59	37.22	52.48	38.21	38.95	41.11	40.46
12	20.1	38.91	36.0	77.94	85.09	94.83	36.72	27.86	99.57	84.43	51.62	72.01	0.0	57.01	93.3	25.55	50.01	23.77	36.12	47.63	39.92	81.69	76.69	88.46	48.84	60.02	71.18	109.29	58.87	86.13	53.04	103.86	115.28	70.03	71.4	13.0	76.03	88.07	60.42	13.45	106.02	88.07	60.42	13.45	106.02	62.43	38.9	51.62	50.77	55.22	56.04
13	57.22	42.94	58.87	29.73	60.42	69.87	40.72	65.92	48.83	70.77	27.66	78.52	57.01	0.0	41.4	33.06	14.87	46.53	61.68	33.3	18.0	37.85	92.96	81.88	30.41	5.66	18.87	77.1	52.5	75.15	27.8	66.75	70.77	76.38	43.68	67.74	23.02	79.61	4.47	64.2	71.34	79.61	4.47	64.2	71.34	43.91	29.55	40.31	39.6	37.8	38.6
14	86.65	64.33	80.89	15.81	46.04	50.91	64.03	92.65	7.62	61.91	44.64	82.57	93.3	41.4	0.0	67.74	55.76	75.61	83.86	51.2	54.2	17.46	99.72	74.95	48.51	42.54	43.93	48.75	59.41	66.89	43.42	36.25	32.14	81.04	38.08	101.55	18.44	71.87	40.82	96.77	42.05	71.87	40.82	96.77	42.05	47.27	56.08	53.15	53.24	48.09	48.04
15	25.0	22.56	31.83	52.43	64.2	74.33	19.42	34.54	74.06	67.19	27.46	62.63	25.55	33.06	67.74	0.0	30.46	15.81	33.97	25.3	15.13	56.59	72.72	74.24	25.5	37.05	49.65	87.24	42.01	70.01	28.84	80.45	90.61	60.41	48.75	34.93	50.57	73.06	37.0	31.14	83.24	73.06	37.0	31.14	83.24	41.48	15.23	31.4	30.41	33.53	34.48
16	55.36	47.38	61.03	44.6	73.44	83.22	44.55	65.0	63.29	82.28	37.34	86.27	50.01	14.87	55.76	30.46	0.0	46.07	63.51	41.18	19.1	52.63	99.16	92.48	38.91	13.45	21.38	91.44	61.29	86.33	37.95	81.39	85.62	84.05	56.44	62.13	37.59	90.48	15.0	59.68	85.84	90.48	15.0	59.68	85.84	54.71	34.06	48.76	47.89	47.54	48.47
17	11.18	15.26	16.64	59.81	61.59	71.2	13.45	19.42	81.02	60.73	31.3	50.64	23.77	46.53	75.61	15.81	46.07	0.0	18.44	25.81	28.86	61.77	58.6	65.38	27.78	51.2	64.29	86.02	35.11	62.59	32.65	81.34	94.02	48.51	48.8	27.02	60.21	64.78	50.8	21.63	83.1	64.78	50.8	21.63	83.1	39.2	19.65	28.43	27.66	32.53	33.24
18	16.03	20.02	3.0	68.36	58.9	67.18	21.38	12.21	88.07	53.25	40.0	36.22	36.12	61.68	83.86	33.97	63.51	18.44	0.0	33.02	45.18	67.91	41.11	54.42	36.0	66.85	80.23	83.55	30.61	53.71	41.01	81.54	96.6	34.37	50.57	32.28	71.03	54.63	66.13	26.68	82.01	54.63	66.13	26.68	82.01	39.81	32.28	31.05	30.81	36.14	36.4
19	36.24	13.15	30.02	35.51	38.9	49.04	13.0	41.48	55.97	43.1	7.07	45.45	47.63	33.3	51.2	25.3	41.18	25.81	33.02	0.0	23.09	36.25	59.67	51.92	3.16	38.95	52.01	62.18	20.12	46.53	8.0	56.22	68.25	43.28	23.85	52.8	38.12	50.22	37.64	47.43	58.52	50.22	37.64	47.43	58.52	16.28	10.2	7.62	6.71	8.25	9.22
20	39.32	28.28	42.54	39.6	59.21	69.35	25.5	48.27	60.96	65.76	21.0	67.42	39.92	18.0	54.2	15.13	19.1	28.86	45.18	23.09	0.0	45.22	80.06	75.0	21.38	22.36	35.44	80.08	43.08	69.43	22.02	71.69	79.63	65.19	42.43	50.01	36.36	73.25	22.09	46.27	75.27	73.25	22.09	46.27	75.27	38.21	15.0	30.68	29.73	30.41	31.4
21	72.45	49.04	65.0	9.22	30.41	37.22	49.24	77.49	20.22	45.61	30.53	65.15	81.69	37.85	17.46	56.59	52.63	61.77	67.91	36.25	45.22	0.0	82.28	58.6	34.0	41.19	47.68	40.2	42.11	50.61	29.15	29.07	34.41	63.6	20.62	88.51	18.68	55.61	39.2	83.35	34.01	55.61	39.2	83.35	34.01	30.02	43.01	36.88	37.11	31.78	31.58
22	56.75	51.86	42.15	87.09	58.01	60.67	54.82	49.37	101.0	43.29	65.8	17.26	76.69	92.96	99.72	72.72	99.16	58.6	41.11	59.67	80.06	82.28	0.0	34.18	62.63	98.6	111.66	76.9	42.06	39.81	66.03	81.22	99.13	18.68	61.68	70.11	93.47	36.69	97.31	65.38	78.77	36.69	97.31	65.38	78.77	53.71	65.12	53.01	53.6	56.6	56.08
23	69.38	52.01	53.45	65.86	29.07	28.16	55.04	66.31	74.25	13.04	55.15	21.21	88.46	81.88	74.95	74.24	92.48	65.38	54.42	51.92	75.0	58.6	34.18	0.0	53.76	87.32	98.74	43.29	32.39	8.06	54.63	49.37	67.36	22.02	40.36	86.65	74.25	3.16	85.59	80.96	46.01	3.16	85.59	80.96	46.01	38.01	61.19	44.38	45.35	44.94	44.01
24	38.48	16.03	33.0	32.76	39.05	49.24	15.52	44.15	53.49	44.41	4.0	48.17	48.84	30.41	48.51	25.5	38.91	27.78	36.0	3.16	21.38	34.0	62.63	53.76	0.0	36.07	49.04	61.74	22.47	48.05	5.1	55.22	66.6	46.01	23.26	54.64	35.06	51.92	34.71	49.4	57.8	51.92	34.71	49.4	57.8	17.0	10.3	10.0	9.22	9.06	10.05
25	61.66	48.37	64.08	32.56	65.25	74.53	46.07	70.61	50.12	76.06	33.3	84.17	60.02	5.66	42.54	37.05	13.45	51.2	66.85	38.95	22.36	41.19	98.6	87.32	36.07	0.0	13.42	81.0	58.14	80.5	33.42	70.26	73.05	82.04	48.7	71.25	24.7	85.0	2.0	68.01	75.06	85.0	2.0	68.01	75.06	49.4	34.89	45.97	45.25	43.42	44.2
26	74.53	61.77	77.47	38.47	74.85	83.49	59.48	83.68	51.42	86.95	46.01	96.9	71.18	18.87	43.93	49.65	21.38	64.29	80.23	52.01	35.44	47.68	111.66	98.74	49.04	13.42	0.0	87.82	70.71	91.59	45.97	76.24	75.95	94.79	59.06	83.0	29.15	96.25	14.42	80.16	81.5	96.25	14.42	80.16	81.5	61.22	48.3	58.8	58.14	55.87	56.59
27	94.37	70.8	81.34	49.37	24.76	17.0	72.67	95.48	44.1	34.18	60.17	61.35	109.29	77.1	48.75	87.24	91.44	86.02	83.55	62.18	80.08	40.2	76.9	43.29	61.74	81.0	87.82	0.0	53.04	37.11	58.87	12.53	26.83	61.1	38.48	112.29	58.69	40.45	79.0	106.53	6.71	40.45	79.0	106.53	6.71	46.87	72.01	57.69	58.52	54.2	53.34
28	41.88	20.4	28.32	45.61	28.32	37.01	23.19	42.45	62.0	25.71	24.84	26.25	58.87	52.5	59.41	42.01	61.29	35.11	30.61	20.12	43.08	42.11	42.06	32.39	22.47	58.14	70.71	53.04	0.0	28.07	24.76	51.11	66.85	24.21	22.09	59.91	51.48	31.06	56.64	54.08	51.4	31.06	56.64	54.08	51.4	12.17	28.86	12.53	13.42	14.87	14.21
29	67.78	48.37	52.33	58.0	21.02	21.02	51.24	65.86	66.21	5.0	49.04	24.6	86.13	75.15	66.89	70.01	86.33	62.59	53.71	46.53	69.43	50.61	39.81	8.06	48.05	80.5	91.59	37.11	28.07	0.0	48.38	42.05	60.07	24.7	32.8	85.49	66.53	5.0	78.71	79.71	39.12	5.0	78.71	79.71	39.12	31.62	56.22	39.2	40.2	39.05	38.08
30	43.46	21.1	38.01	27.66	37.22	47.38	20.62	49.24	48.47	44.38	1.41	50.93	53.04	27.8	43.42	28.84	37.95	32.65	41.01	8.0	22.02	29.15	66.03	54.63	5.1	33.42	45.97	58.87	24.76	48.38	0.0	51.62	62.24	48.84	20.62	59.36	30.15	52.55	31.89	54.2	54.56	52.55	31.89	54.2	54.56	16.76	14.14	13.04	12.53	10.0	10.82
31	90.61	66.48	79.06	38.0	24.04	21.21	67.9	93.01	31.62	38.01	53.0	64.63	103.86	66.75	36.25	80.45	81.39	81.34	81.54	56.22	71.69	29.07	81.22	49.37	55.22	70.26	76.24	12.53	51.11	42.05	51.62	0.0	18.03	63.95	32.56	108.19	47.1	46.27	68.26	102.55	5.83	46.27	68.26	102.55	5.83	42.52	65.46	53.04	53.74	48.84	48.1
32	104.04	79.88	93.94	41.15	41.44	39.2	80.8	107.54	25.0	56.0	63.66	82.39	115.28	70.77	32.14	90.61	85.62	94.02	96.6	68.25	79.63	34.41	99.13	67.36	66.6	73.05	75.95	26.83	66.85	60.07	62.24	18.03	0.0	81.61	46.14	121.04	48.38	64.28	71.17	115.6	21.84	64.28	71.17	115.6	21.84	56.82	76.38	66.57	67.12	61.85	61.29
33	50.16	38.08	34.06	68.54	40.2	44.27	41.23	45.61	82.38	26.93	48.8	2.24	70.03	76.38	81.04	60.41	84.05	48.51	34.37	43.28	65.19	63.6	18.68	22.02	46.01	82.04	94.79	61.1	24.21	24.7	48.84	63.95	81.61	0.0	43.01	66.49	75.18	23.35	80.61	61.0	62.1	23.35	80.61	61.0	62.1	35.36	50.25	36.07	36.8	39.05	38.42
34	58.26	34.06	47.85	26.08	17.03	27.02	35.36	61.4	40.05	28.02	21.84	44.6	71.4	43.68	38.08	48.75	56.44	48.8	50.57	23.85	42.43	20.62	61.68	40.36	23.26	48.7	59.06	38.48	22.09	32.8	20.62	32.56	46.14	43.01	0.0	75.69	33.97	37.64	46.82	70.09	34.67	37.64	46.82	70.09	34.67	10.77	33.54	20.62	21.26	16.28	15.56
35	18.03	41.73	33.24	85.87	87.62	96.83	40.36	21.1	107.35	84.53	57.98	68.25	13.0	67.74	101.55	34.93	62.13	27.02	32.28	52.8	50.01	88.51	70.11	86.65	54.64	71.25	83.0	112.29	59.91	85.49	59.36	108.19	121.04	66.49	75.69	0.0	85.09	86.73	71.45	5.83	109.71	86.73	71.45	5.83	109.71	65.8	45.65	55.15	54.45	59.46	60.14
36	71.39	51.01	68.03	9.49	47.71	55.46	50.04	78.41	25.81	61.62	31.06	77.03	76.03	23.02	18.44	50.57	37.59	60.21	71.03	38.12	36.36	18.68	93.47	74.25	35.06	24.7	29.15	58.69	51.48	66.53	30.15	47.1	48.38	75.18	33.97	85.09	0.0	71.45	22.85	80.65	52.35	71.45	22.85	80.65	52.35	39.82	40.61	42.2	41.98	37.64	37.95
37	69.26	51.04	53.49	62.97	25.94	25.08	54.01	66.64	71.11	10.0	53.14	22.8	88.07	79.61	71.87	73.06	90.48	64.78	54.63	50.22	73.25	55.61	36.69	3.16	51.92	85.0	96.25	40.45	31.06	5.0	52.55	46.27	64.28	23.35	37.64	86.73	71.45	0.0	83.24	80.99	43.0	0.0	83.24	80.99	43.0	35.85	59.68	42.76	43.74	43.01	42.06
38	61.4	47.41	63.32	30.59	63.32	72.57	45.19	70.21	48.37	74.25	31.83	82.73	60.42	4.47	40.82	37.0	15.0	50.8	66.13	37.64	22.09	39.2	97.31	85.59	34.71	2.0	14.42	79.0	56.64	78.71	31.89	68.26	71.17	80.61	46.82	71.45	22.85	83.24	0.0	68.07	73.06	83.24	0.0	68.07	73.06	47.71	34.01	44.55	43.86	41.87	42.64
39	12.21	36.07	27.51	81.02	81.84	91.02	34.83	16.03	102.42	78.71	52.84	62.8	13.45	64.2	96.77	31.14	59.68	21.63	26.68	47.43	46.27	83.35	65.38	80.96	49.4	68.01	80.16	106.53	54.08	79.71	54.2	102.55	115.6	61.0	70.09	5.83	80.65	80.99	68.07	0.0	104.0	80.99	68.07	0.0	104.0	60.11	40.72	49.52	48.84	53.91	54.56
40	91.93	68.01	79.65	43.1	23.32	18.11	69.66	93.72	37.44	35.51	55.9	62.59	106.02	71.34	42.05	83.24	85.84	83.1	82.01	58.52	75.27	34.01	78.77	46.01	57.8	75.06	81.5	6.71	51.4	39.12	54.56	5.83	21.84	62.1	34.67	109.71	52.35	43.0	73.06	104.0	0.0	43.0	73.06	104.0	0.0	43.93	68.1	54.67	55.44	50.8	50.0
41	69.26	51.04	53.49	62.97	25.94	25.08	54.01	66.64	71.11	10.0	53.14	22.8	88.07	79.61	71.87	73.06	90.48	64.78	54.63	50.22	73.25	55.61	36.69	3.16	51.92	85.0	96.25	40.45	31.06	5.0	52.55	46.27	64.28	23.35	37.64	86.73	71.45	0.0	83.24	80.99	43.0	0.0	83.24	80.99	43.0	35.85	59.68	42.76	43.74	43.01	42.06
42	61.4	47.41	63.32	30.59	63.32	72.57	45.19	70.21	48.37	74.25	31.83	82.73	60.42	4.47	40.82	37.0	15.0	50.8	66.13	37.64	22.09	39.2	97.31	85.59	34.71	2.0	14.42	79.0	56.64	78.71	31.89	68.26	71.17	80.61	46.82	71.45	22.85	83.24	0.0	68.07	73.06	83.24	0.0	68.07	73.06	47.71	34.01	44.55	43.86	41.87	42.64
43	12.21	36.07	27.51	81.02	81.84	91.02	34.83	16.03	102.42	78.71	52.84	62.8	13.45	64.2	96.77	31.14	59.68	21.63	26.68	47.43	46.27	83.35	65.38	80.96	49.4	68.01	80.16	106.53	54.08	79.71	54.2	102.55	115.6	61.0	70.09	5.83	80.65	80.99	68.07	0.0	104.0	80.99	68.07	0.0	104.0	60.11	40.72	49.52	48.84	53.91	54.56
44	91.93	68.01	79.65	43.1	23.32	18.11	69.66	93.72	37.44	35.51	55.9	62.59	106.02	71.34	42.05	83.24	85.84	83.1	82.01	58.52	75.27	34.01	78.77	46.01	57.8	75.06	81.5	6.71	51.4	39.12	54.56	5.83	21.84	62.1	34.67	109.71	52.35	43.0	73.06	104.0	0.0	43.0	73.06	104.0	0.0	43.93	68.1	54.67	55.44	50.8	50.0
45	48.1	24.08	37.12	33.53	22.85	32.89	25.81	50.77	50.04	27.66	17.46	37.22	62.43	43.91	47.27	41.48	54.71	39.2	39.81	16.28	38.21	30.02	53.71	38.01	17.0	49.4	61.22	46.87	12.17	31.62	16.76	42.52	56.82	35.36	10.77	65.8	39.82	35.85	47.71	60.11	43.93	35.85	47.71	60.11	43.93	0.0	26.48	10.82	11.66	8.06	7.07
46	30.81	13.6	29.41	40.31	49.04	59.2	11.18	38.01	61.72	53.01	12.73	52.48	38.9	29.55	56.08	15.23	34.06	19.65	32.28	10.2	15.0	43.01	65.12	61.19	10.3	34.89	48.3	72.01	28.86	56.22	14.14	65.46	76.38	50.25	33.54	45.65	40.61	59.68	34.01	40.72	68.1	59.68	34.01	40.72	68.1	26.48	0.0	17.03	16.03	18.44	19.42
47	37.64	13.45	28.16	38.01	33.54	43.46	15.0	41.15	57.07	36.0	12.81	38.21	51.62	40.31	53.15	31.4	48.76	28.43	31.05	7.62	30.68	36.88	53.01	44.38	10.0	45.97	58.8	57.69	12.53	39.2	13.04	53.04	66.57	36.07	20.62	55.15	42.2	42.76	44.55	49.52	54.67	42.76	44.55	49.52	54.67	10.82	17.03	0.0	1.0	5.1	5.39
48	37.01	12.81	27.89	38.0	34.44	44.38	14.21	40.72	57.27	37.0	12.21	38.95	50.77	39.6	53.24	30.41	47.89	27.66	30.81	6.71	29.73	37.11	53.6	45.35	9.22	45.25	58.14	58.52	13.42	40.2	12.53	53.74	67.12	36.8	21.26	54.45	41.98	43.74	43.86	48.84	55.44	43.74	43.86	48.84	55.44	11.66	16.03	1.0	0.0	5.39	5.83
49	42.2	18.03	33.24	33.06	30.68	40.8	19.1	46.1	51.97	35.36	10.3	41.11	55.22	37.8	48.09	33.53	47.54	32.53	36.14	8.25	30.41	31.78	56.6	44.94	9.06	43.42	55.87	54.2	14.87	39.05	10.0	48.84	61.85	39.05	16.28	59.46	37.64	43.01	41.87	53.91	50.8	43.01	41.87	53.91	50.8	8.06	18.44	5.1	5.39	0.0	1.0
50	42.8	18.6	33.53	33.14	29.73	39.85	19.8	46.52	51.79	34.37	11.18	40.46	56.04	38.6	48.04	34.48	48.47	33.24	36.4	9.22	31.4	31.58	56.08	44.01	10.05	44.2	56.59	53.34	14.21	38.08	10.82	48.1	61.29	38.42	15.56	60.14	37.95	42.06	42.64	54.56	50.0	42.06	42.64	54.56	50.0	7.07	19.42	5.39	5.83	1.0	0.0
;
