set K:= 1	2	3	4	5;
set C_H:= 1	2	3	4	5	6	7	8	9	10	11	12;
set C_S:= 13	14	15	16	17	18	19	20	21	22;
set C_F:= 23	24	25	26	27	28	29	30	31	32;
set L_B:= 33	34	35	36	37	38	39;
set A1:=
(0,*) 1 2 3 4 5 6 7 8 9 10 11 12 23 24 25 26 27 28 29 30 31 32 33 34 35 36 37 38 39
(1,*) 0 2 3 4 5 6 7 8 9 10 11 12 23 24 25 26 27 28 29 30 31 32 33 34 35 36 37 38 39
(2,*) 0 1 3 4 5 6 7 8 9 10 11 12 23 24 25 26 27 28 29 30 31 32 33 34 35 36 37 38 39
(3,*) 0 1 2 4 5 6 7 8 9 10 11 12 23 24 25 26 27 28 29 30 31 32 33 34 35 36 37 38 39
(4,*) 0 1 2 3 5 6 7 8 9 10 11 12 23 24 25 26 27 28 29 30 31 32 33 34 35 36 37 38 39
(5,*) 0 1 2 3 4 6 7 8 9 10 11 12 23 24 25 26 27 28 29 30 31 32 33 34 35 36 37 38 39
(6,*) 0 1 2 3 4 5 7 8 9 10 11 12 23 24 25 26 27 28 29 30 31 32 33 34 35 36 37 38 39
(7,*) 0 1 2 3 4 5 6 8 9 10 11 12 23 24 25 26 27 28 29 30 31 32 33 34 35 36 37 38 39
(8,*) 0 1 2 3 4 5 6 7 9 10 11 12 23 24 25 26 27 28 29 30 31 32 33 34 35 36 37 38 39
(9,*) 0 1 2 3 4 5 6 7 8 10 11 12 23 24 25 26 27 28 29 30 31 32 33 34 35 36 37 38 39
(10,*) 0 1 2 3 4 5 6 7 8 9 11 12 23 24 25 26 27 28 29 30 31 32 33 34 35 36 37 38 39
(11,*) 0 1 2 3 4 5 6 7 8 9 10 12 23 24 25 26 27 28 29 30 31 32 33 34 35 36 37 38 39
(12,*) 0 1 2 3 4 5 6 7 8 9 10 11 23 24 25 26 27 28 29 30 31 32 33 34 35 36 37 38 39
(23,*) 0 1 2 3 4 5 6 7 8 9 10 11 12 24 25 26 27 28 29 30 31 32 33 34 35 36 37 38 39
(24,*) 0 1 2 3 4 5 6 7 8 9 10 11 12 23 25 26 27 28 29 30 31 32 33 34 35 36 37 38 39
(25,*) 0 1 2 3 4 5 6 7 8 9 10 11 12 23 24 26 27 28 29 30 31 32 33 34 35 36 37 38 39
(26,*) 0 1 2 3 4 5 6 7 8 9 10 11 12 23 24 25 27 28 29 30 31 32 33 34 35 36 37 38 39
(27,*) 0 1 2 3 4 5 6 7 8 9 10 11 12 23 24 25 26 28 29 30 31 32 33 34 35 36 37 38 39
(28,*) 0 1 2 3 4 5 6 7 8 9 10 11 12 23 24 25 26 27 29 30 31 32 33 34 35 36 37 38 39
(29,*) 0 1 2 3 4 5 6 7 8 9 10 11 12 23 24 25 26 27 28 30 31 32 33 34 35 36 37 38 39
(30,*) 0 1 2 3 4 5 6 7 8 9 10 11 12 23 24 25 26 27 28 29 31 32 33 34 35 36 37 38 39
(31,*) 0 1 2 3 4 5 6 7 8 9 10 11 12 23 24 25 26 27 28 29 30 32 33 34 35 36 37 38 39
(32,*) 0 1 2 3 4 5 6 7 8 9 10 11 12 23 24 25 26 27 28 29 30 31 33 34 35 36 37 38 39
(33,*) 0 1 2 3 4 5 6 7 8 9 10 11 12 23 24 25 26 27 28 29 30 31 32 34 35 36 37 38 39
(34,*) 0 1 2 3 4 5 6 7 8 9 10 11 12 23 24 25 26 27 28 29 30 31 32 33 35 36 37 38 39
(35,*) 0 1 2 3 4 5 6 7 8 9 10 11 12 23 24 25 26 27 28 29 30 31 32 33 34 36 37 38 39
(36,*) 0 1 2 3 4 5 6 7 8 9 10 11 12 23 24 25 26 27 28 29 30 31 32 33 34 35 37 38 39
(37,*) 0 1 2 3 4 5 6 7 8 9 10 11 12 23 24 25 26 27 28 29 30 31 32 33 34 35 36 38 39
(38,*) 0 1 2 3 4 5 6 7 8 9 10 11 12 23 24 25 26 27 28 29 30 31 32 33 34 35 36 37 39
(39,*) 0 1 2 3 4 5 6 7 8 9 10 11 12 23 24 25 26 27 28 29 30 31 32 33 34 35 36 37 38
;
param BigM:=99999;
param n:= 5;
param d:=
1	5
2	23
3	13
4	8
5	9
6	18
7	10
8	14
9	14
10	2
11	20
12	3
13	10
14	18
15	20
16	5
17	9
18	24
19	13
20	19
21	13
22	8
23	14
24	18
25	19
26	23
27	10
28	14
29	8
30	23
31	15
32	24
;
param Q:=100;
param e:
	33	34	35	36	37	38	39:=
13	0	1	0	0	1	0	0	
14	1	1	0	0	0	1	0	
15	1	1	0	1	0	1	0	
16	0	1	0	0	1	0	0	
17	1	1	0	1	0	0	0	
18	1	0	0	0	0	1	0	
19	0	1	1	0	0	0	1	
20	1	1	1	0	0	0	1	
21	0	1	0	0	1	0	0	
22	1	0	0	0	0	0	1	
23	1	1	0	0	0	1	0	
24	1	1	0	0	1	0	0	
25	1	1	0	1	0	0	0	
26	0	1	0	0	0	1	0	
27	1	0	1	0	0	1	1	
28	0	1	0	0	1	0	0	
29	1	1	0	0	1	0	0	
30	1	1	0	1	0	0	0	
31	1	1	1	0	1	0	1	
32	0	1	0	0	1	0	1	
;
param p:=
1	3
2	3
3	3
4	3
5	3
;
param G:=
33	90
34	85
35	73
36	76
37	90
38	78
39	85
;
param s:=
0	0
1	10
2	10
3	10
4	10
5	10
6	10
7	10
8	10
9	10
10	10
11	10
12	10
23	10
24	10
25	10
26	10
27	10
28	10
29	10
30	10
31	10
32	10
33	10
34	10
35	10
36	10
37	10
38	10
39	10
;
param t:
	0	1	2	3	4	5	6	7	8	9	10	11	12	13	14	15	16	17	18	19	20	21	22	23	24	25	26	27	28	29	30	31	32	33	34	35	36	37	38	39:=
0	0.0	45.45	14.56	36.4	60.83	41.11	20.0	39.7	10.77	61.07	65.0	61.0	40.31	64.35	64.82	55.33	17.8	39.05	72.01	19.24	7.81	22.36	40.01	45.45	24.0	73.36	56.22	39.05	33.12	31.4	61.13	17.09	29.53	75.74	28.28	17.0	51.04	13.6	51.48	19.92
1	45.45	0.0	59.08	78.24	99.73	79.65	50.54	9.06	35.36	97.69	107.34	96.57	85.45	108.58	80.16	88.87	28.3	10.05	94.09	26.91	46.1	45.89	30.41	58.0	35.36	116.61	101.14	54.23	19.0	76.37	98.09	29.83	17.49	86.49	55.73	42.06	88.14	32.45	74.67	38.48
2	14.56	59.08	0.0	31.26	56.14	38.6	28.64	52.5	25.3	58.05	57.07	58.69	26.4	54.23	71.59	54.78	30.81	51.74	75.8	33.62	19.1	24.33	54.08	55.01	31.3	64.2	45.18	48.75	44.6	21.59	57.87	31.62	43.86	83.24	24.74	29.27	48.51	26.63	56.59	33.06
3	36.4	78.24	31.26	0.0	25.0	9.22	29.07	74.3	43.83	26.93	29.15	27.86	29.15	31.4	52.5	25.61	53.31	73.82	50.8	51.62	32.65	55.0	60.46	45.4	59.84	38.42	26.57	41.23	69.08	13.45	26.68	48.55	60.8	64.51	55.9	36.8	17.89	49.4	36.4	41.01
4	60.83	99.73	56.14	25.0	0.0	20.25	49.19	96.93	67.05	7.07	15.0	10.05	47.17	25.71	50.8	16.76	76.92	96.57	41.3	74.09	56.04	80.0	77.34	54.64	84.59	24.52	29.68	53.15	92.72	36.14	6.08	70.94	82.29	61.13	80.62	57.7	12.04	73.25	38.08	61.29
5	41.11	79.65	38.6	9.22	20.25	0.0	29.15	76.69	46.84	20.0	29.07	20.22	38.28	34.54	44.15	16.64	56.75	76.32	41.62	53.85	35.9	61.4	58.73	39.85	65.07	39.2	32.14	36.67	72.53	22.63	20.02	50.7	62.18	56.04	63.32	37.59	10.05	53.15	28.28	41.34
6	20.0	50.54	28.64	29.07	49.19	29.15	0.0	48.08	20.1	47.43	57.49	46.57	47.17	60.44	44.82	39.46	30.02	47.8	52.55	25.5	12.21	42.19	31.76	26.42	41.76	67.21	54.71	20.12	45.18	32.28	47.76	22.36	33.11	55.87	48.17	8.54	37.7	27.29	31.78	12.21
7	39.7	9.06	52.5	74.3	96.93	76.69	48.08	0.0	30.53	95.51	103.45	94.64	78.87	103.81	82.2	87.32	21.93	1.0	95.13	22.85	41.68	37.36	34.01	59.68	26.68	112.36	95.9	55.15	10.05	71.06	95.82	26.0	16.0	89.56	47.07	39.56	85.7	26.17	75.01	36.67
8	10.77	35.36	25.3	43.83	67.05	46.84	20.1	30.53	0.0	66.29	72.95	65.76	51.0	73.41	62.65	59.14	10.05	30.02	72.12	8.6	11.18	25.61	30.41	41.4	22.36	81.84	65.8	35.23	25.71	41.01	66.49	6.32	18.87	72.67	34.0	13.0	56.29	7.28	51.24	13.45
9	61.07	97.69	58.05	26.93	7.07	20.0	47.43	95.51	66.29	0.0	22.02	3.0	52.01	32.76	44.15	10.82	76.3	95.21	34.23	72.8	55.58	81.3	73.82	49.68	85.05	31.26	36.24	48.84	91.98	39.4	1.0	69.64	80.41	54.23	82.76	55.97	10.05	72.84	32.25	59.24
10	65.0	107.34	57.07	29.15	15.0	29.07	57.49	103.45	72.95	22.02	0.0	25.02	41.23	11.66	65.62	31.4	82.29	102.96	56.22	80.78	61.77	81.39	87.78	67.54	87.64	10.3	18.87	65.19	97.99	35.51	21.02	77.7	89.87	76.11	80.16	65.6	24.7	78.29	52.2	69.66
11	61.0	96.57	58.69	27.86	10.05	20.22	46.57	94.64	65.76	3.0	25.02	0.0	53.91	35.69	41.23	8.49	75.8	94.37	31.26	72.03	55.23	81.61	72.11	47.42	85.0	34.23	38.91	46.86	91.41	40.71	4.0	68.88	79.38	51.24	83.43	55.08	10.2	72.44	29.68	58.19
12	40.31	85.45	26.4	29.15	47.17	38.28	47.17	78.87	51.0	52.01	41.23	53.91	0.0	34.0	81.15	53.91	57.2	78.1	79.88	59.54	42.38	47.17	77.37	70.58	56.22	45.01	24.0	65.19	70.72	16.76	51.4	57.25	69.84	93.23	42.72	51.42	45.28	53.01	65.0	55.79
13	64.35	108.58	54.23	31.4	25.71	34.54	60.44	103.81	73.41	32.76	11.66	35.69	34.0	0.0	75.06	41.01	82.1	103.23	66.91	81.69	62.48	78.11	91.84	74.33	85.49	11.05	10.0	71.18	97.42	33.12	31.78	78.75	91.35	86.02	75.5	67.94	33.14	77.94	60.67	72.25
14	64.82	80.16	71.59	52.5	50.8	44.15	44.82	82.2	62.65	44.15	65.62	41.23	81.15	75.06	0.0	34.23	71.18	82.38	16.64	64.26	57.01	86.84	50.0	22.56	85.0	75.31	75.33	27.86	83.52	64.47	45.12	61.85	66.49	12.08	92.96	49.74	42.0	69.77	16.16	49.66
15	55.33	88.87	54.78	25.61	16.76	16.64	39.46	87.32	59.14	10.82	31.4	8.49	53.91	41.01	34.23	0.0	69.18	87.1	26.93	64.94	49.01	76.69	63.81	38.95	79.23	41.23	42.45	38.42	84.59	39.05	11.66	61.81	71.84	45.01	79.38	47.85	8.94	66.03	21.47	50.7
16	17.8	28.3	30.81	53.31	76.92	56.75	30.02	21.93	10.05	76.3	82.29	75.8	57.2	82.1	71.18	69.18	0.0	21.26	81.49	7.81	20.88	21.84	32.65	49.24	14.87	90.92	74.03	43.38	15.81	49.2	76.49	9.43	15.0	80.62	31.58	22.36	66.29	4.24	60.64	21.54
17	39.05	10.05	51.74	73.82	96.57	76.32	47.8	1.0	30.02	95.21	102.96	94.37	78.1	103.23	82.38	87.1	21.26	0.0	95.19	22.47	41.18	36.4	34.44	59.84	25.71	111.83	95.27	55.23	9.06	70.43	95.51	25.63	16.03	89.84	46.1	39.29	85.38	25.5	75.0	36.5
18	72.01	94.09	75.8	50.8	41.3	41.62	52.55	95.13	72.12	34.23	56.22	31.26	79.88	66.91	16.64	26.93	81.49	95.19	0.0	75.31	64.47	94.37	64.63	36.22	94.24	65.0	69.26	40.01	95.19	64.03	35.23	72.57	79.16	21.93	99.13	59.2	35.85	79.4	20.88	60.21
19	19.24	26.91	33.62	51.62	74.09	53.85	25.5	22.85	8.6	72.8	80.78	72.03	59.54	81.69	64.26	64.94	7.81	22.47	75.31	0.0	19.21	29.15	25.08	42.05	22.67	89.87	74.25	36.4	20.02	49.52	73.08	3.16	10.3	73.36	38.6	17.12	62.94	9.22	54.59	15.13
20	7.81	46.1	19.1	32.65	56.04	35.9	12.21	41.68	11.18	55.58	61.77	55.23	42.38	62.48	57.01	49.01	20.88	41.18	64.47	19.21	0.0	30.02	35.36	37.8	30.41	70.72	55.17	31.4	36.69	30.61	55.73	16.28	29.0	67.94	36.07	10.2	45.54	17.26	43.83	14.0
21	22.36	45.89	24.33	55.0	80.0	61.4	42.19	37.36	25.61	81.3	81.39	81.61	47.17	78.11	86.84	76.69	21.84	36.4	94.37	29.15	30.02	0.0	54.23	66.53	10.77	88.32	68.71	60.21	27.51	45.89	81.22	29.53	36.5	97.45	10.0	37.54	71.45	20.12	73.82	38.95
22	40.01	30.41	54.08	60.46	77.34	58.73	31.76	34.01	30.41	73.82	87.78	72.11	77.37	91.84	50.0	63.81	32.65	34.44	64.63	25.08	35.36	54.23	0.0	28.44	47.17	97.84	86.45	26.0	38.42	63.69	74.4	25.0	20.52	56.09	63.57	25.96	65.3	34.18	46.49	21.59
23	45.45	58.0	55.01	45.4	54.64	39.85	26.42	59.68	41.4	49.68	67.54	47.42	70.58	74.33	22.56	38.95	49.24	59.84	36.22	42.05	37.8	66.53	28.44	0.0	63.51	77.83	71.59	6.4	61.03	54.15	50.45	39.82	43.93	31.38	73.66	29.0	43.05	48.26	18.87	28.02
24	24.0	35.36	31.3	59.84	84.59	65.07	41.76	26.68	22.36	85.05	87.64	85.0	56.22	85.49	85.0	79.23	14.87	25.71	94.24	22.67	30.41	10.77	47.17	63.51	0.0	95.27	76.48	57.45	16.76	52.55	85.09	24.08	27.86	94.87	20.4	35.34	75.03	15.26	73.39	35.51
25	73.36	116.61	64.2	38.42	24.52	39.2	67.21	112.36	81.84	31.26	10.3	34.23	45.01	11.05	75.31	41.23	90.92	111.83	65.0	89.87	70.72	88.32	97.84	77.83	95.27	0.0	21.02	75.47	106.47	42.72	30.27	86.84	99.2	85.48	86.15	75.17	34.93	86.83	62.3	79.31
26	56.22	101.14	45.18	26.57	29.68	32.14	54.71	95.9	65.8	36.24	18.87	38.91	24.0	10.0	75.33	42.45	74.03	95.27	69.26	74.25	55.17	68.71	86.45	71.59	76.48	21.02	0.0	67.72	89.05	24.84	35.36	71.42	84.17	86.83	65.73	61.61	33.73	69.81	60.01	66.03
27	39.05	54.23	48.75	41.23	53.15	36.67	20.12	55.15	35.23	48.84	65.19	46.86	65.19	71.18	27.86	38.42	43.38	55.23	40.01	36.4	31.4	60.21	26.0	6.4	57.45	75.47	67.72	0.0	55.79	49.0	49.52	34.01	39.2	37.44	67.27	22.67	41.23	42.19	20.62	21.95
28	33.12	19.0	44.6	69.08	92.72	72.53	45.18	10.05	25.71	91.98	97.99	91.41	70.72	97.42	83.52	84.59	15.81	9.06	95.19	20.02	36.69	27.51	38.42	61.03	16.76	106.47	89.05	55.79	0.0	64.35	92.2	23.0	18.03	91.92	37.11	37.01	82.0	19.7	74.55	35.13
29	31.4	76.37	21.59	13.45	36.14	22.63	32.28	71.06	41.01	39.4	35.51	40.71	16.76	33.12	64.47	39.05	49.2	70.43	64.03	49.52	30.61	45.89	63.69	54.15	52.55	42.72	24.84	49.0	64.35	0.0	39.0	46.75	59.55	76.56	45.01	38.01	31.06	45.0	48.33	42.49
30	61.13	98.09	57.87	26.68	6.08	20.02	47.76	95.82	66.49	1.0	21.02	4.0	51.4	31.78	45.12	11.66	76.49	95.51	35.23	73.08	55.73	81.22	74.4	50.45	85.09	30.27	35.36	49.52	92.2	39.0	0.0	69.92	80.78	55.23	82.57	56.3	10.2	72.99	33.12	59.62
31	17.09	29.83	31.62	48.55	70.94	50.7	22.36	26.0	6.32	69.64	77.7	68.88	57.25	78.75	61.85	61.81	9.43	25.63	72.57	3.16	16.28	29.53	25.0	39.82	24.08	86.84	71.42	34.01	23.0	46.75	69.92	0.0	12.81	71.2	38.63	14.04	59.77	9.43	51.79	12.37
32	29.53	17.49	43.86	60.8	82.29	62.18	33.11	16.0	18.87	80.41	89.87	79.38	69.84	91.35	66.49	71.84	15.0	16.03	79.16	10.3	29.0	36.5	20.52	43.93	27.86	99.2	84.17	39.2	18.03	59.55	80.78	12.81	0.0	74.33	46.39	24.6	70.77	18.25	59.01	21.19
33	75.74	86.49	83.24	64.51	61.13	56.04	55.87	89.56	72.67	54.23	76.11	51.24	93.23	86.02	12.08	45.01	80.62	89.84	21.93	73.36	67.94	97.45	56.09	31.38	94.87	85.48	86.83	37.44	91.92	76.56	55.23	71.2	74.33	0.0	104.0	60.0	53.24	79.61	28.23	59.36
34	28.28	55.73	24.74	55.9	80.62	63.32	48.17	47.07	34.0	82.76	80.16	83.43	42.72	75.5	92.96	79.38	31.58	46.1	99.13	38.6	36.07	10.0	63.57	73.66	20.4	86.15	65.73	67.27	37.11	45.01	82.57	38.63	46.39	104.0	0.0	44.82	73.25	29.41	79.06	46.87
35	17.0	42.06	29.27	36.8	57.7	37.59	8.54	39.56	13.0	55.97	65.6	55.08	51.42	67.94	49.74	47.85	22.36	39.29	59.2	17.12	10.2	37.54	25.96	29.0	35.34	75.17	61.61	22.67	37.01	38.01	56.3	14.04	24.6	60.0	44.82	0.0	46.24	20.25	38.33	4.47
36	51.04	88.14	48.51	17.89	12.04	10.05	37.7	85.7	56.29	10.05	24.7	10.2	45.28	33.14	42.0	8.94	66.29	85.38	35.85	62.94	45.54	71.45	65.3	43.05	75.03	34.93	33.73	41.23	82.0	31.06	10.2	59.77	70.77	53.24	73.25	46.24	0.0	62.8	27.66	49.66
37	13.6	32.45	26.63	49.4	73.25	53.15	27.29	26.17	7.28	72.84	78.29	72.44	53.01	77.94	69.77	66.03	4.24	25.5	79.4	9.22	17.26	20.12	34.18	48.26	15.26	86.83	69.81	42.19	19.7	45.0	72.99	9.43	18.25	79.61	29.41	20.25	62.8	0.0	58.52	20.25
38	51.48	74.67	56.59	36.4	38.08	28.28	31.78	75.01	51.24	32.25	52.2	29.68	65.0	60.67	16.16	21.47	60.64	75.0	20.88	54.59	43.83	73.82	46.49	18.87	73.39	62.3	60.01	20.62	74.55	48.33	33.12	51.79	59.01	28.23	79.06	38.33	27.66	58.52	0.0	39.46
39	19.92	38.48	33.06	41.01	61.29	41.34	12.21	36.67	13.45	59.24	69.66	58.19	55.79	72.25	49.66	50.7	21.54	36.5	60.21	15.13	14.0	38.95	21.59	28.02	35.51	79.31	66.03	21.95	35.13	42.49	59.62	12.37	21.19	59.36	46.87	4.47	49.66	20.25	39.46	0.0
;
