set K:= 1	2	3	4	5;
set C_H:= 1	2	3	4	5	6	7	8	9	10	11	12	13	14;
set C_S:= 15	16	17	18	19	20	21	22	23	24	25	26;
set C_F:= 27	28	29	30	31	32	33	34	35	36	37	38;
set M:= 39	40	41	42	43	44;
set M_B:= 45	46	47	48	49	50;
set L_B:= 51	52	53	54	55;
set A1:=
(0,*) 1 2 3 4 5 6 7 8 9 10 11 12 13 14 27 28 29 30 31 32 33 34 35 36 37 38 39 40 41 42 43 44 45 46 47 48 49 50 51 52 53 54 55
(1,*) 0 2 3 4 5 6 7 8 9 10 11 12 13 14 27 28 29 30 31 32 33 34 35 36 37 38 39 40 41 42 43 44 45 46 47 48 49 50 51 52 53 54 55
(2,*) 0 1 3 4 5 6 7 8 9 10 11 12 13 14 27 28 29 30 31 32 33 34 35 36 37 38 39 40 41 42 43 44 45 46 47 48 49 50 51 52 53 54 55
(3,*) 0 1 2 4 5 6 7 8 9 10 11 12 13 14 27 28 29 30 31 32 33 34 35 36 37 38 39 40 41 42 43 44 45 46 47 48 49 50 51 52 53 54 55
(4,*) 0 1 2 3 5 6 7 8 9 10 11 12 13 14 27 28 29 30 31 32 33 34 35 36 37 38 39 40 41 42 43 44 45 46 47 48 49 50 51 52 53 54 55
(5,*) 0 1 2 3 4 6 7 8 9 10 11 12 13 14 27 28 29 30 31 32 33 34 35 36 37 38 39 40 41 42 43 44 45 46 47 48 49 50 51 52 53 54 55
(6,*) 0 1 2 3 4 5 7 8 9 10 11 12 13 14 27 28 29 30 31 32 33 34 35 36 37 38 39 40 41 42 43 44 45 46 47 48 49 50 51 52 53 54 55
(7,*) 0 1 2 3 4 5 6 8 9 10 11 12 13 14 27 28 29 30 31 32 33 34 35 36 37 38 39 40 41 42 43 44 45 46 47 48 49 50 51 52 53 54 55
(8,*) 0 1 2 3 4 5 6 7 9 10 11 12 13 14 27 28 29 30 31 32 33 34 35 36 37 38 39 40 41 42 43 44 45 46 47 48 49 50 51 52 53 54 55
(9,*) 0 1 2 3 4 5 6 7 8 10 11 12 13 14 27 28 29 30 31 32 33 34 35 36 37 38 39 40 41 42 43 44 45 46 47 48 49 50 51 52 53 54 55
(10,*) 0 1 2 3 4 5 6 7 8 9 11 12 13 14 27 28 29 30 31 32 33 34 35 36 37 38 39 40 41 42 43 44 45 46 47 48 49 50 51 52 53 54 55
(11,*) 0 1 2 3 4 5 6 7 8 9 10 12 13 14 27 28 29 30 31 32 33 34 35 36 37 38 39 40 41 42 43 44 45 46 47 48 49 50 51 52 53 54 55
(12,*) 0 1 2 3 4 5 6 7 8 9 10 11 13 14 27 28 29 30 31 32 33 34 35 36 37 38 39 40 41 42 43 44 45 46 47 48 49 50 51 52 53 54 55
(13,*) 0 1 2 3 4 5 6 7 8 9 10 11 12 14 27 28 29 30 31 32 33 34 35 36 37 38 39 40 41 42 43 44 45 46 47 48 49 50 51 52 53 54 55
(14,*) 0 1 2 3 4 5 6 7 8 9 10 11 12 13 27 28 29 30 31 32 33 34 35 36 37 38 39 40 41 42 43 44 45 46 47 48 49 50 51 52 53 54 55
(27,*) 0 1 2 3 4 5 6 7 8 9 10 11 12 13 14 28 29 30 31 32 33 34 35 36 37 38 39 40 41 42 43 44 45 46 47 48 49 50 51 52 53 54 55
(28,*) 0 1 2 3 4 5 6 7 8 9 10 11 12 13 14 27 29 30 31 32 33 34 35 36 37 38 39 40 41 42 43 44 45 46 47 48 49 50 51 52 53 54 55
(29,*) 0 1 2 3 4 5 6 7 8 9 10 11 12 13 14 27 28 30 31 32 33 34 35 36 37 38 39 40 41 42 43 44 45 46 47 48 49 50 51 52 53 54 55
(30,*) 0 1 2 3 4 5 6 7 8 9 10 11 12 13 14 27 28 29 31 32 33 34 35 36 37 38 39 40 41 42 43 44 45 46 47 48 49 50 51 52 53 54 55
(31,*) 0 1 2 3 4 5 6 7 8 9 10 11 12 13 14 27 28 29 30 32 33 34 35 36 37 38 39 40 41 42 43 44 45 46 47 48 49 50 51 52 53 54 55
(32,*) 0 1 2 3 4 5 6 7 8 9 10 11 12 13 14 27 28 29 30 31 33 34 35 36 37 38 39 40 41 42 43 44 45 46 47 48 49 50 51 52 53 54 55
(33,*) 0 1 2 3 4 5 6 7 8 9 10 11 12 13 14 27 28 29 30 31 32 34 35 36 37 38 39 40 41 42 43 44 45 46 47 48 49 50 51 52 53 54 55
(34,*) 0 1 2 3 4 5 6 7 8 9 10 11 12 13 14 27 28 29 30 31 32 33 35 36 37 38 39 40 41 42 43 44 45 46 47 48 49 50 51 52 53 54 55
(35,*) 0 1 2 3 4 5 6 7 8 9 10 11 12 13 14 27 28 29 30 31 32 33 34 36 37 38 39 40 41 42 43 44 45 46 47 48 49 50 51 52 53 54 55
(36,*) 0 1 2 3 4 5 6 7 8 9 10 11 12 13 14 27 28 29 30 31 32 33 34 35 37 38 39 40 41 42 43 44 45 46 47 48 49 50 51 52 53 54 55
(37,*) 0 1 2 3 4 5 6 7 8 9 10 11 12 13 14 27 28 29 30 31 32 33 34 35 36 38 39 40 41 42 43 44 45 46 47 48 49 50 51 52 53 54 55
(38,*) 0 1 2 3 4 5 6 7 8 9 10 11 12 13 14 27 28 29 30 31 32 33 34 35 36 37 39 40 41 42 43 44 45 46 47 48 49 50 51 52 53 54 55
(39,*) 0 1 2 3 4 5 6 7 8 9 10 11 12 13 14 27 28 29 30 31 32 33 34 35 36 37 38 40 41 42 43 44 45 46 47 48 49 50 51 52 53 54 55
(40,*) 0 1 2 3 4 5 6 7 8 9 10 11 12 13 14 27 28 29 30 31 32 33 34 35 36 37 38 39 41 42 43 44 45 46 47 48 49 50 51 52 53 54 55
(41,*) 0 1 2 3 4 5 6 7 8 9 10 11 12 13 14 27 28 29 30 31 32 33 34 35 36 37 38 39 40 42 43 44 45 46 47 48 49 50 51 52 53 54 55
(42,*) 0 1 2 3 4 5 6 7 8 9 10 11 12 13 14 27 28 29 30 31 32 33 34 35 36 37 38 39 40 41 43 44 45 46 47 48 49 50 51 52 53 54 55
(43,*) 0 1 2 3 4 5 6 7 8 9 10 11 12 13 14 27 28 29 30 31 32 33 34 35 36 37 38 39 40 41 42 44 45 46 47 48 49 50 51 52 53 54 55
(44,*) 0 1 2 3 4 5 6 7 8 9 10 11 12 13 14 27 28 29 30 31 32 33 34 35 36 37 38 39 40 41 42 43 45 46 47 48 49 50 51 52 53 54 55
(45,*) 0 1 2 3 4 5 6 7 8 9 10 11 12 13 14 27 28 29 30 31 32 33 34 35 36 37 38 39 40 41 42 43 44 46 47 48 49 50 51 52 53 54 55
(46,*) 0 1 2 3 4 5 6 7 8 9 10 11 12 13 14 27 28 29 30 31 32 33 34 35 36 37 38 39 40 41 42 43 44 45 47 48 49 50 51 52 53 54 55
(47,*) 0 1 2 3 4 5 6 7 8 9 10 11 12 13 14 27 28 29 30 31 32 33 34 35 36 37 38 39 40 41 42 43 44 45 46 48 49 50 51 52 53 54 55
(48,*) 0 1 2 3 4 5 6 7 8 9 10 11 12 13 14 27 28 29 30 31 32 33 34 35 36 37 38 39 40 41 42 43 44 45 46 47 49 50 51 52 53 54 55
(49,*) 0 1 2 3 4 5 6 7 8 9 10 11 12 13 14 27 28 29 30 31 32 33 34 35 36 37 38 39 40 41 42 43 44 45 46 47 48 50 51 52 53 54 55
(50,*) 0 1 2 3 4 5 6 7 8 9 10 11 12 13 14 27 28 29 30 31 32 33 34 35 36 37 38 39 40 41 42 43 44 45 46 47 48 49 51 52 53 54 55
(51,*) 0 1 2 3 4 5 6 7 8 9 10 11 12 13 14 27 28 29 30 31 32 33 34 35 36 37 38 39 40 41 42 43 44 45 46 47 48 49 50 52 53 54 55
(52,*) 0 1 2 3 4 5 6 7 8 9 10 11 12 13 14 27 28 29 30 31 32 33 34 35 36 37 38 39 40 41 42 43 44 45 46 47 48 49 50 51 53 54 55
(53,*) 0 1 2 3 4 5 6 7 8 9 10 11 12 13 14 27 28 29 30 31 32 33 34 35 36 37 38 39 40 41 42 43 44 45 46 47 48 49 50 51 52 54 55
(54,*) 0 1 2 3 4 5 6 7 8 9 10 11 12 13 14 27 28 29 30 31 32 33 34 35 36 37 38 39 40 41 42 43 44 45 46 47 48 49 50 51 52 53 55
(55,*) 0 1 2 3 4 5 6 7 8 9 10 11 12 13 14 27 28 29 30 31 32 33 34 35 36 37 38 39 40 41 42 43 44 45 46 47 48 49 50 51 52 53 54
;
set A2:=
(39,*) 40
(40,*) 39
(41,*) 42
(42,*) 41
(43,*) 44
(44,*) 43
;
param BigM:=99999;
param n:= 5;
param d:=
1	5
2	3
3	20
4	3
5	21
6	3
7	20
8	10
9	12
10	20
11	6
12	6
13	4
14	7
15	24
16	20
17	9
18	3
19	24
20	6
21	6
22	5
23	3
24	2
25	7
26	24
27	26
28	23
29	15
30	16
31	14
32	13
33	16
34	22
35	24
36	1
37	13
38	19
;
param Q:=100;
param w:=
[39,*] 40 0.1
[40,*] 39 0.1
[41,*] 42 0.1
[42,*] 41 0.1
[43,*] 44 0.1
[44,*] 43 0.1
;
param V:=
[39,*] 40 92
[40,*] 39 92
[41,*] 42 99
[42,*] 41 99
[43,*] 44 94
[44,*] 43 94
;
param e:
	39	40	41	42	43	44	45	46	47	48	49	50	51	52	53	54	55:=
15		0		0		1		0		0		1		0		0		1		0		0		1		0		1		0		0		0	
16		0		1		0		0		0		0		0		1		0		0		0		0		1		0		0		0		0	
17		0		1		0		0		0		0		0		1		0		0		0		0		1		0		0		0		0	
18		0		0		0		1		0		0		0		0		0		1		0		0		1		0		0		0		0	
19		0		1		0		0		0		0		0		1		0		0		0		0		0		0		0		1		0	
20		0		0		1		0		0		1		0		0		1		0		0		1		0		1		0		0		0	
21		0		1		0		0		0		0		0		1		0		0		0		0		0		0		1		0		0	
22		0		1		0		0		0		0		0		1		0		0		0		0		0		0		0		1		0	
23		0		1		0		0		0		0		0		1		0		0		0		0		0		0		1		0		0	
24		0		1		0		0		0		1		0		1		0		0		0		1		0		0		0		1		0	
25		0		1		0		0		0		0		0		1		0		0		0		0		0		0		0		1		0	
26		0		0		1		0		0		0		0		0		1		0		0		0		0		1		0		0		0	
27		0		0		1		0		0		1		0		0		1		0		0		1		0		1		0		1		0	
28		0		0		0		1		0		0		0		0		0		1		0		0		0		0		1		0		0	
29		0		0		1		0		0		1		0		0		1		0		0		1		0		1		0		0		0	
30		0		0		1		0		0		1		0		0		1		0		0		1		0		1		0		1		1	
31		0		0		0		0		0		1		0		0		0		0		0		1		1		0		0		1		1	
32		0		1		0		0		0		0		0		1		0		0		0		0		0		0		1		0		0	
33		0		1		0		0		0		0		0		1		0		0		0		0		0		0		0		1		0	
34		0		0		0		0		1		0		0		0		0		0		1		0		1		0		0		0		1	
35		0		0		0		1		0		0		0		0		0		1		0		0		1		0		0		0		0	
36		0		0		0		1		0		0		0		0		0		1		0		0		1		0		0		0		0	
37		0		0		1		0		0		1		0		0		1		0		0		1		0		1		0		1		1	
38		1		0		0		1		0		0		1		0		0		1		0		0		0		0		1		0		0	
;
param p:=
1	3
2	3
3	3
4	3
5	3
;
param G:=
39	91
40	92
41	99
42	96
43	94
44	79
45	91
46	92
47	99
48	96
49	94
50	79
51	79
52	77
53	92
54	71
55	77
;
param s:=
0	0
1	10
2	10
3	10
4	10
5	10
6	10
7	10
8	10
9	10
10	10
11	10
12	10
13	10
14	10
27	10
28	10
29	10
30	10
31	10
32	10
33	10
34	10
35	10
36	10
37	10
38	10
39	10
40	10
41	10
42	10
43	10
44	10
45	10
46	10
47	10
48	10
49	10
50	10
51	10
52	10
53	10
54	10
55	10
;
param t:
	0	1	2	3	4	5	6	7	8	9	10	11	12	13	14	15	16	17	18	19	20	21	22	23	24	25	26	27	28	29	30	31	32	33	34	35	36	37	38	39	40	41	42	43	44	45	46	47	48	49	50	51	52	53	54	55:=
0	0.0	37.58	88.54	4.0	22.8	19.7	43.27	86.35	34.53	52.8	73.76	50.99	76.16	95.85	36.5	70.0	18.0	27.2	48.37	2.0	69.57	40.5	14.42	14.42	32.25	18.87	85.16	62.03	47.41	77.25	61.19	45.12	16.12	41.23	68.96	63.15	36.5	65.51	61.06	77.1	25.61	87.09	54.57	86.21	66.41	77.1	25.61	87.09	54.57	86.21	66.41	42.06	74.33	55.32	46.17	54.33
1	37.58	0.0	51.42	34.0	34.0	17.89	8.25	50.16	43.86	48.66	73.35	13.42	62.77	76.37	10.2	39.4	22.63	34.18	69.86	39.4	32.56	30.27	42.19	50.48	6.0	24.0	58.31	24.74	59.23	39.85	26.31	11.66	22.8	10.2	48.17	81.04	65.6	30.07	68.03	72.42	18.44	50.49	72.12	76.92	29.43	72.42	18.44	50.49	72.12	76.92	29.43	29.61	41.0	52.61	16.97	29.73
2	88.54	51.42	0.0	84.76	78.23	68.96	48.17	8.0	90.2	73.24	91.39	38.47	68.41	66.12	52.8	31.3	71.69	76.03	108.9	90.44	18.97	62.29	93.38	100.32	57.27	74.97	42.0	26.68	93.51	12.0	28.84	43.86	72.8	52.04	51.26	115.26	110.44	24.41	95.41	85.7	68.47	5.0	107.71	82.57	22.14	85.7	68.47	5.0	107.71	82.57	22.14	60.14	23.26	76.55	44.94	45.34
3	4.0	34.0	84.76	0.0	19.8	16.12	40.0	82.46	35.44	49.68	71.22	47.41	72.72	92.2	32.56	66.0	14.0	24.08	48.04	6.0	65.79	36.77	16.97	16.97	28.84	17.09	81.22	58.31	45.69	73.54	57.27	41.23	12.17	38.21	65.15	62.51	37.36	61.61	59.06	74.25	23.32	83.24	53.76	83.1	62.63	74.25	23.32	83.24	53.76	83.1	62.63	38.28	70.35	52.35	42.19	50.36
4	22.8	34.0	78.23	19.8	0.0	22.0	42.05	74.24	53.67	30.0	51.61	45.61	53.67	74.0	26.91	53.85	14.0	4.47	36.06	24.41	60.0	20.0	36.77	26.08	31.62	31.05	66.0	53.81	28.28	68.41	49.4	35.38	16.12	42.38	48.37	48.37	32.56	53.85	40.5	54.45	34.06	75.66	39.32	63.41	57.01	54.45	34.06	75.66	39.32	63.41	57.01	22.02	59.81	32.56	33.29	36.88
5	19.7	17.89	68.96	16.12	22.0	0.0	24.08	67.08	35.38	46.65	70.68	31.3	66.48	83.76	18.11	52.61	8.0	24.33	57.27	21.54	50.0	29.73	26.31	32.8	12.81	11.31	69.57	42.38	50.16	57.58	42.19	26.08	6.32	22.8	55.57	70.26	50.12	46.39	61.61	71.87	12.17	67.68	61.2	78.87	46.84	71.87	12.17	67.68	61.2	78.87	46.84	30.41	56.01	50.12	28.28	38.63
6	43.27	8.25	48.17	40.0	42.05	24.08	0.0	48.17	43.17	56.32	80.89	10.2	68.88	80.92	18.0	41.62	30.0	42.38	78.0	44.94	30.07	38.05	45.61	56.85	11.31	27.2	61.22	22.09	67.47	36.22	26.83	16.12	29.73	4.47	53.25	89.29	73.24	29.73	76.11	79.56	20.4	48.01	80.36	83.38	27.17	79.56	20.4	48.01	80.36	83.38	27.17	37.22	41.63	60.3	22.36	34.99
7	86.35	50.16	8.0	82.46	74.24	67.08	48.17	0.0	91.08	66.84	84.1	38.05	60.73	58.14	50.0	24.41	68.96	71.69	103.48	88.29	18.11	57.2	92.35	97.41	56.14	74.11	34.0	26.08	87.68	14.42	25.3	41.23	70.34	52.35	43.86	109.12	106.0	20.88	88.81	78.19	68.0	3.0	101.83	74.73	21.02	78.19	68.0	3.0	101.83	74.73	21.02	55.0	16.4	70.0	41.23	39.7
8	34.53	43.86	90.2	35.44	53.67	35.38	43.17	91.08	0.0	81.61	104.96	53.37	101.82	118.41	50.48	83.26	41.62	57.31	82.87	34.23	72.99	65.12	22.09	46.04	38.47	24.08	102.0	65.12	80.99	78.23	69.57	55.46	38.83	38.83	90.0	97.67	70.0	72.8	94.02	106.83	26.08	90.67	89.05	114.21	70.21	106.83	26.08	90.67	89.05	114.21	70.21	65.76	84.43	84.88	60.03	72.11
9	52.8	48.66	73.24	49.68	30.0	46.65	56.32	66.84	81.61	0.0	24.74	54.15	24.74	46.39	38.47	42.52	40.0	25.61	39.4	54.41	59.09	18.44	66.6	53.85	50.0	57.69	45.69	56.32	22.36	67.08	47.54	42.05	42.8	58.86	26.83	42.43	48.17	50.99	22.36	25.24	58.14	69.2	35.81	33.42	57.01	25.24	58.14	69.2	35.81	33.42	57.01	19.1	50.45	4.0	36.22	28.64
10	73.76	73.35	91.39	71.22	51.61	70.68	80.89	84.1	104.96	24.74	0.0	78.03	25.46	43.86	63.15	60.17	63.53	47.71	42.76	75.07	80.05	43.17	88.09	71.22	74.73	81.41	55.32	78.64	29.53	87.36	69.05	66.12	66.24	83.55	40.25	36.5	57.58	71.81	16.49	8.54	82.46	86.82	35.13	20.22	78.45	8.54	82.46	86.82	35.13	20.22	78.45	43.74	68.15	20.88	60.03	50.36
11	50.99	13.42	38.47	47.41	45.61	31.3	10.2	38.05	53.37	54.15	78.03	0.0	63.25	73.24	18.87	32.56	35.61	44.94	80.62	52.8	20.0	36.88	54.92	63.81	18.97	36.5	52.35	12.0	68.35	26.68	17.2	12.17	36.06	14.56	46.52	90.62	77.9	19.7	75.31	75.66	30.07	38.01	81.94	78.16	17.03	75.66	30.07	38.01	81.94	78.16	17.03	35.51	31.76	58.14	18.0	29.12
12	76.16	62.77	68.41	72.72	53.67	66.48	68.88	60.73	101.82	24.74	25.46	63.25	0.0	22.0	53.25	38.21	61.22	49.19	60.83	77.9	60.0	36.88	89.31	78.43	66.03	77.79	30.0	60.53	44.18	66.27	50.36	52.8	64.03	72.47	18.0	59.09	72.03	52.04	36.77	18.03	76.58	63.6	55.08	15.13	59.08	18.03	76.58	63.6	55.08	15.13	59.08	36.07	45.71	24.08	46.52	34.18
13	95.85	76.37	66.12	92.2	74.0	83.76	80.92	58.14	118.41	46.39	43.86	73.24	22.0	0.0	68.12	42.05	79.65	69.57	82.61	97.69	63.91	55.46	108.24	99.46	80.72	94.87	24.33	67.08	66.12	67.91	57.31	65.12	82.37	85.04	28.43	79.7	94.02	57.27	57.72	35.34	92.46	61.13	76.49	25.0	64.08	35.34	92.46	61.13	76.49	25.0	64.08	54.12	47.13	46.04	59.4	46.69
14	36.5	10.2	52.8	32.56	26.91	18.11	18.0	50.0	50.48	38.47	63.15	18.87	53.25	68.12	0.0	34.53	18.97	26.08	61.77	38.47	34.0	20.1	44.41	47.54	12.81	27.86	52.0	27.2	50.0	42.19	24.74	8.94	20.4	20.4	39.7	72.11	59.4	29.12	58.14	62.3	24.41	50.92	63.32	67.12	30.89	62.3	24.41	50.92	63.32	67.12	30.89	19.42	38.01	42.43	10.2	21.63
15	70.0	39.4	31.3	66.0	53.85	52.61	41.62	24.41	83.26	42.52	60.17	32.56	38.21	42.05	34.53	0.0	52.0	50.6	80.0	72.0	22.36	34.93	78.92	78.92	44.94	62.1	19.8	25.06	63.78	28.07	15.62	27.86	54.04	46.04	20.4	84.9	84.1	15.23	64.4	54.82	57.58	26.93	77.83	53.04	22.14	54.82	57.58	26.93	77.83	53.04	22.14	32.7	8.06	45.61	24.33	17.09
16	18.0	22.63	71.69	14.0	14.0	8.0	30.0	68.96	41.62	40.0	63.53	35.61	61.22	79.65	18.97	52.0	0.0	16.49	49.48	20.0	52.8	24.41	28.64	28.64	18.87	17.89	67.47	45.65	42.19	60.83	43.68	27.86	2.83	29.53	52.0	62.29	43.27	48.08	53.85	65.22	20.1	69.89	53.24	72.86	49.66	65.22	20.1	69.89	53.24	72.86	49.66	25.55	56.44	43.27	28.28	36.5
17	27.2	34.18	76.03	24.08	4.47	24.33	42.38	71.69	57.31	25.61	47.71	44.94	49.19	69.57	26.08	50.6	16.49	0.0	35.78	28.84	58.14	16.12	41.04	30.27	32.56	34.18	62.03	52.35	26.0	66.6	47.2	34.06	18.97	43.17	44.18	47.07	34.41	51.61	37.36	50.25	36.5	73.25	38.08	59.03	55.23	50.25	36.5	73.25	38.08	59.03	55.23	18.25	56.86	28.28	31.24	33.53
18	48.37	69.86	108.9	48.04	36.06	57.27	78.0	103.48	82.87	39.4	42.76	80.62	60.83	82.61	61.77	80.0	49.48	35.78	0.0	48.66	92.2	46.69	61.61	38.63	67.68	64.12	85.09	87.2	17.09	100.66	80.72	69.34	50.99	78.43	66.21	15.23	16.97	84.9	26.31	50.25	68.73	105.48	8.6	62.2	89.5	50.25	68.73	105.48	8.6	62.2	89.5	48.8	87.46	37.95	65.6	63.78
19	2.0	39.4	90.44	6.0	24.41	21.54	44.94	88.29	34.23	54.41	75.07	52.8	77.9	97.69	38.47	72.0	20.0	28.84	48.66	0.0	71.47	42.38	13.42	13.42	34.0	20.0	87.13	63.91	48.37	79.12	63.15	47.07	18.11	42.8	70.88	63.56	36.22	67.47	62.13	78.57	26.91	89.02	55.08	87.8	68.31	78.57	26.91	89.02	55.08	87.8	68.31	43.97	76.32	56.85	48.17	56.32
20	69.57	32.56	18.97	65.79	60.0	50.0	30.07	18.11	72.99	59.09	80.05	20.0	60.0	63.91	34.0	22.36	52.8	58.14	92.2	71.47	0.0	45.61	74.67	81.44	38.47	56.32	40.25	8.0	77.67	8.49	11.66	25.06	53.85	34.23	42.0	99.86	92.46	8.25	81.44	75.66	50.04	18.03	91.84	75.03	3.16	75.66	50.04	18.03	91.84	75.03	3.16	43.6	17.0	62.77	26.91	30.46
21	40.5	30.27	62.29	36.77	20.0	29.73	38.05	57.2	65.12	18.44	43.17	36.88	36.88	55.46	20.1	34.93	24.41	16.12	46.69	42.38	45.61	0.0	52.84	46.04	31.62	41.04	46.0	41.18	32.25	54.04	34.06	24.74	27.2	40.45	28.64	54.59	49.19	38.21	38.47	42.95	40.5	59.03	46.32	49.2	43.01	42.95	40.5	59.03	46.32	49.2	43.01	2.24	41.68	22.36	19.7	17.89
22	14.42	42.19	93.38	16.97	36.77	26.31	45.61	92.35	22.09	66.6	88.09	54.92	89.31	108.24	44.41	78.92	28.64	41.04	61.61	13.42	74.67	52.84	0.0	24.0	36.22	18.44	95.6	66.75	61.77	81.58	68.0	52.04	26.0	42.38	80.62	76.66	48.04	72.03	75.47	91.22	25.3	92.66	68.31	100.0	71.57	91.22	25.3	92.66	68.31	100.0	71.57	54.12	82.15	69.31	54.59	64.56
23	14.42	50.48	100.32	16.97	26.08	32.8	56.85	97.41	46.04	53.85	71.22	63.81	78.43	99.46	47.54	78.92	28.64	30.27	38.63	13.42	81.44	46.04	24.0	0.0	45.61	33.29	92.02	74.24	42.43	89.44	72.11	56.46	27.78	55.17	74.43	53.85	24.08	76.55	56.57	76.01	40.0	98.43	46.07	86.35	78.29	76.01	40.0	98.43	46.07	86.35	78.29	48.01	84.17	55.46	56.32	62.29
24	32.25	6.0	57.27	28.84	31.62	12.81	11.31	56.14	38.47	50.0	74.73	18.97	66.03	80.72	12.81	44.94	18.87	32.56	67.68	34.0	38.47	31.62	36.22	45.61	0.0	18.0	63.53	30.59	58.31	45.61	32.25	17.09	18.44	10.77	52.35	79.62	62.13	36.06	68.12	74.46	12.65	56.44	70.61	79.76	35.36	74.46	12.65	56.44	70.61	79.76	35.36	31.38	46.87	53.85	21.63	34.06
25	18.87	24.0	74.97	17.09	31.05	11.31	27.2	74.11	24.08	57.69	81.41	36.5	77.79	94.87	27.86	62.1	17.89	34.18	64.12	20.0	56.32	41.04	18.44	33.29	18.0	0.0	79.85	48.37	59.23	63.15	50.16	34.53	15.23	24.17	66.57	78.03	54.41	54.04	71.47	82.93	7.21	74.33	69.07	90.14	53.24	82.93	7.21	74.33	69.07	90.14	53.24	41.73	64.63	61.06	37.95	49.19
26	85.16	58.31	42.0	81.22	66.0	69.57	61.22	34.0	102.0	45.69	55.32	52.35	30.0	24.33	52.0	19.8	67.47	62.03	85.09	87.13	40.25	46.0	95.6	92.02	63.53	79.85	0.0	44.41	68.03	43.68	35.38	46.65	69.86	65.6	18.97	86.53	92.65	34.41	64.4	48.01	76.03	37.0	81.01	42.15	40.82	48.01	76.03	37.0	81.01	42.15	40.82	44.01	23.26	47.41	42.05	31.05
27	62.03	24.74	26.68	58.31	53.81	42.38	22.09	26.08	65.12	56.32	78.64	12.0	60.53	67.08	27.2	25.06	45.65	52.35	87.2	63.91	8.0	41.18	66.75	74.24	30.59	48.37	44.41	0.0	73.43	15.23	10.2	18.44	46.52	26.31	42.76	95.77	86.37	10.0	78.43	75.03	42.05	26.02	87.46	75.66	5.1	75.03	42.05	26.02	87.46	75.66	5.1	39.36	21.93	60.17	21.63	28.28
28	47.41	59.23	93.51	45.69	28.28	50.16	67.47	87.68	80.99	22.36	29.53	68.35	44.18	66.12	50.0	63.78	42.19	26.0	17.09	48.37	77.67	32.25	61.77	42.43	58.31	59.23	68.03	73.43	0.0	86.02	66.03	56.46	44.41	68.73	49.19	22.36	28.64	70.0	14.14	35.74	62.29	89.83	14.21	47.3	75.17	35.74	62.29	89.83	14.21	47.3	75.17	34.13	71.45	20.88	51.88	48.17
29	77.25	39.85	12.0	73.54	68.41	57.58	36.22	14.42	78.23	67.08	87.36	26.68	66.27	67.91	42.19	28.07	60.83	66.6	100.66	79.12	8.49	54.04	81.58	89.44	45.61	63.15	43.68	15.23	86.02	0.0	20.0	33.29	61.74	40.05	48.37	108.17	100.9	16.12	89.44	82.57	56.57	13.0	100.21	81.1	11.4	82.57	56.57	13.0	100.21	81.1	11.4	52.01	21.1	70.68	35.38	38.47
30	61.19	26.31	28.84	57.27	49.4	42.19	26.83	25.3	69.57	47.54	69.05	17.2	50.36	57.31	24.74	15.62	43.68	47.2	80.72	63.15	11.66	34.06	68.0	72.11	32.25	50.16	35.38	10.2	66.03	20.0	0.0	16.12	45.12	31.3	32.56	88.2	81.61	4.47	69.86	65.12	44.72	26.4	80.21	65.49	9.49	65.12	44.72	26.4	80.21	65.49	9.49	32.02	14.87	51.26	16.12	18.97
31	45.12	11.66	43.86	41.23	35.38	26.08	16.12	41.23	55.46	42.05	66.12	12.17	52.8	65.12	8.94	27.86	27.86	34.06	69.34	47.07	25.06	24.74	52.04	56.46	17.09	34.53	46.65	18.44	56.46	33.29	16.12	0.0	29.12	20.0	37.2	78.79	67.94	20.4	63.15	64.13	29.73	42.06	70.21	67.42	21.95	64.13	29.73	42.06	70.21	67.42	21.95	23.35	30.15	46.04	6.32	18.87
32	16.12	22.8	72.8	12.17	16.12	6.32	29.73	70.34	38.83	42.8	66.24	36.06	64.03	82.37	20.4	54.04	2.83	18.97	50.99	18.11	53.85	27.2	26.0	27.78	18.44	15.23	69.86	46.52	44.41	61.74	45.12	29.12	0.0	28.84	54.63	64.12	43.91	49.48	56.32	68.01	18.0	71.17	55.08	75.69	50.7	68.01	18.0	71.17	55.08	75.69	50.7	28.3	58.22	46.04	30.07	38.83
33	41.23	10.2	52.04	38.21	42.38	22.8	4.47	52.35	38.83	58.86	83.55	14.56	72.47	85.04	20.4	46.04	29.53	43.17	78.43	42.8	34.23	40.45	42.38	55.17	10.77	24.17	65.6	26.31	68.73	40.05	31.3	20.0	28.84	0.0	57.2	90.24	72.72	34.18	78.0	82.57	17.09	52.09	81.25	86.82	31.4	82.57	17.09	52.09	81.25	86.82	31.4	39.81	46.1	62.8	26.08	38.83
34	68.96	48.17	51.26	65.15	48.37	55.57	53.25	43.86	90.0	26.83	40.25	46.52	18.0	28.43	39.7	20.4	52.0	44.18	66.21	70.88	42.0	28.64	80.62	74.43	52.35	66.57	18.97	42.76	49.19	48.37	32.56	37.2	54.63	57.2	0.0	68.41	73.76	34.06	46.69	34.48	64.03	46.62	62.43	33.06	41.11	34.48	64.03	46.62	62.43	33.06	41.11	26.93	28.16	28.84	31.24	18.44
35	63.15	81.04	115.26	62.51	48.37	70.26	89.29	109.12	97.67	42.43	36.5	90.62	59.09	79.7	72.11	84.9	62.29	47.07	15.23	63.56	99.86	54.59	76.66	53.85	79.62	78.03	86.53	95.77	22.36	108.17	88.2	78.79	64.12	90.24	68.41	0.0	31.62	92.09	22.36	44.91	82.1	111.4	9.06	56.72	97.42	44.91	82.1	111.4	9.06	56.72	97.42	56.44	92.76	39.7	74.24	70.0
36	36.5	65.6	110.44	37.36	32.56	50.12	73.24	106.0	70.0	48.17	57.58	77.9	72.03	94.02	59.4	84.1	43.27	34.41	16.97	36.22	92.46	49.19	48.04	24.08	62.13	54.41	92.65	86.37	28.64	100.9	81.61	67.94	43.91	72.72	73.76	31.62	0.0	86.02	41.23	64.29	60.17	107.62	25.5	75.93	89.5	64.29	60.17	107.62	25.5	75.93	89.5	51.43	90.82	48.0	65.6	67.08
37	65.51	30.07	24.41	61.61	53.85	46.39	29.73	20.88	72.8	50.99	71.81	19.7	52.04	57.27	29.12	15.23	48.08	51.61	84.9	67.47	8.25	38.21	72.03	76.55	36.06	54.04	34.41	10.0	70.0	16.12	4.47	20.4	49.48	34.18	34.06	92.09	86.02	0.0	73.35	67.48	48.37	21.93	84.2	67.12	7.07	67.48	48.37	21.93	84.2	67.12	7.07	36.12	12.21	54.63	20.59	22.36
38	61.06	68.03	95.41	59.06	40.5	61.61	76.11	88.81	94.02	22.36	16.49	75.31	36.77	57.72	58.14	64.4	53.85	37.36	26.31	62.13	81.44	38.47	75.47	56.57	68.12	71.47	64.4	78.43	14.14	89.44	69.86	63.15	56.32	78.0	46.69	22.36	41.23	73.35	0.0	24.02	73.76	91.26	19.03	36.01	79.31	24.02	73.76	91.26	19.03	36.01	79.31	39.81	72.42	18.87	57.72	50.99
39	77.1	72.42	85.7	74.25	54.45	71.87	79.56	78.19	106.83	25.24	8.54	75.66	18.03	35.34	62.3	54.82	65.22	50.25	50.25	78.57	75.66	42.95	91.22	76.01	74.46	82.93	48.01	75.03	35.74	82.57	65.12	64.13	68.01	82.57	34.48	44.91	64.29	67.48	24.02	0.0	83.24	80.99	43.0	12.0	74.33	0.0	83.24	80.99	43.0	12.0	74.33	43.08	62.64	22.02	57.87	47.04
40	25.61	18.44	68.47	23.32	34.06	12.17	20.4	68.0	26.08	58.14	82.46	30.07	76.58	92.46	24.41	57.58	20.1	36.5	68.73	26.91	50.04	40.5	25.3	40.0	12.65	7.21	76.03	42.05	62.29	56.57	44.72	29.73	18.0	17.09	64.03	82.1	60.17	48.37	73.76	83.24	0.0	68.07	73.06	89.63	47.01	83.24	0.0	68.07	73.06	89.63	47.01	40.8	59.44	61.74	34.0	46.04
41	87.09	50.49	5.0	83.24	75.66	67.68	48.01	3.0	90.67	69.2	86.82	38.01	63.6	61.13	50.92	26.93	69.89	73.25	105.48	89.02	18.03	59.03	92.66	98.43	56.44	74.33	37.0	26.02	89.83	13.0	26.4	42.06	71.17	52.09	46.62	111.4	107.62	21.93	91.26	80.99	68.07	0.0	104.0	77.67	21.1	80.99	68.07	0.0	104.0	77.67	21.1	56.85	18.87	72.42	42.49	41.73
42	54.57	72.12	107.71	53.76	39.32	61.2	80.36	101.83	89.05	35.81	35.13	81.94	55.08	76.49	63.32	77.83	53.24	38.08	8.6	55.08	91.84	46.32	68.31	46.07	70.61	69.07	81.01	87.46	14.21	100.21	80.21	70.21	55.08	81.25	62.43	9.06	25.5	84.2	19.03	43.0	73.06	104.0	0.0	55.0	89.31	43.0	73.06	104.0	0.0	55.0	89.31	48.26	85.56	33.62	65.86	62.37
43	86.21	76.92	82.57	83.1	63.41	78.87	83.38	74.73	114.21	33.42	20.22	78.16	15.13	25.0	67.12	53.04	72.86	59.03	62.2	87.8	75.03	49.2	100.0	86.35	79.76	90.14	42.15	75.66	47.3	81.1	65.49	67.42	75.69	86.82	33.06	56.72	75.93	67.12	36.01	12.0	89.63	77.67	55.0	0.0	74.17	12.0	89.63	77.67	55.0	0.0	74.17	48.83	60.3	31.06	61.1	49.04
44	66.41	29.43	22.14	62.63	57.01	46.84	27.17	21.02	70.21	57.01	78.45	17.03	59.08	64.08	30.89	22.14	49.66	55.23	89.5	68.31	3.16	43.01	71.57	78.29	35.36	53.24	40.82	5.1	75.17	11.4	9.49	21.95	50.7	31.4	41.11	97.42	89.5	7.07	79.31	74.33	47.01	21.1	89.31	74.17	0.0	74.33	47.01	21.1	89.31	74.17	0.0	41.05	17.8	60.75	24.04	28.46
45	77.1	72.42	85.7	74.25	54.45	71.87	79.56	78.19	106.83	25.24	8.54	75.66	18.03	35.34	62.3	54.82	65.22	50.25	50.25	78.57	75.66	42.95	91.22	76.01	74.46	82.93	48.01	75.03	35.74	82.57	65.12	64.13	68.01	82.57	34.48	44.91	64.29	67.48	24.02	0.0	83.24	80.99	43.0	12.0	74.33	0.0	83.24	80.99	43.0	12.0	74.33	43.08	62.64	22.02	57.87	47.04
46	25.61	18.44	68.47	23.32	34.06	12.17	20.4	68.0	26.08	58.14	82.46	30.07	76.58	92.46	24.41	57.58	20.1	36.5	68.73	26.91	50.04	40.5	25.3	40.0	12.65	7.21	76.03	42.05	62.29	56.57	44.72	29.73	18.0	17.09	64.03	82.1	60.17	48.37	73.76	83.24	0.0	68.07	73.06	89.63	47.01	83.24	0.0	68.07	73.06	89.63	47.01	40.8	59.44	61.74	34.0	46.04
47	87.09	50.49	5.0	83.24	75.66	67.68	48.01	3.0	90.67	69.2	86.82	38.01	63.6	61.13	50.92	26.93	69.89	73.25	105.48	89.02	18.03	59.03	92.66	98.43	56.44	74.33	37.0	26.02	89.83	13.0	26.4	42.06	71.17	52.09	46.62	111.4	107.62	21.93	91.26	80.99	68.07	0.0	104.0	77.67	21.1	80.99	68.07	0.0	104.0	77.67	21.1	56.85	18.87	72.42	42.49	41.73
48	54.57	72.12	107.71	53.76	39.32	61.2	80.36	101.83	89.05	35.81	35.13	81.94	55.08	76.49	63.32	77.83	53.24	38.08	8.6	55.08	91.84	46.32	68.31	46.07	70.61	69.07	81.01	87.46	14.21	100.21	80.21	70.21	55.08	81.25	62.43	9.06	25.5	84.2	19.03	43.0	73.06	104.0	0.0	55.0	89.31	43.0	73.06	104.0	0.0	55.0	89.31	48.26	85.56	33.62	65.86	62.37
49	86.21	76.92	82.57	83.1	63.41	78.87	83.38	74.73	114.21	33.42	20.22	78.16	15.13	25.0	67.12	53.04	72.86	59.03	62.2	87.8	75.03	49.2	100.0	86.35	79.76	90.14	42.15	75.66	47.3	81.1	65.49	67.42	75.69	86.82	33.06	56.72	75.93	67.12	36.01	12.0	89.63	77.67	55.0	0.0	74.17	12.0	89.63	77.67	55.0	0.0	74.17	48.83	60.3	31.06	61.1	49.04
50	66.41	29.43	22.14	62.63	57.01	46.84	27.17	21.02	70.21	57.01	78.45	17.03	59.08	64.08	30.89	22.14	49.66	55.23	89.5	68.31	3.16	43.01	71.57	78.29	35.36	53.24	40.82	5.1	75.17	11.4	9.49	21.95	50.7	31.4	41.11	97.42	89.5	7.07	79.31	74.33	47.01	21.1	89.31	74.17	0.0	74.33	47.01	21.1	89.31	74.17	0.0	41.05	17.8	60.75	24.04	28.46
51	42.06	29.61	60.14	38.28	22.02	30.41	37.22	55.0	65.76	19.1	43.74	35.51	36.07	54.12	19.42	32.7	25.55	18.25	48.8	43.97	43.6	2.24	54.12	48.01	31.38	41.73	44.01	39.36	34.13	52.01	32.02	23.35	28.3	39.81	26.93	56.44	51.43	36.12	39.81	43.08	40.8	56.85	48.26	48.83	41.05	43.08	40.8	56.85	48.26	48.83	41.05	0.0	39.45	23.09	18.03	15.65
52	74.33	41.0	23.26	70.35	59.81	56.01	41.63	16.4	84.43	50.45	68.15	31.76	45.71	47.13	38.01	8.06	56.44	56.86	87.46	76.32	17.0	41.68	82.15	84.17	46.87	64.63	23.26	21.93	71.45	21.1	14.87	30.15	58.22	46.1	28.16	92.76	90.82	12.21	72.42	62.64	59.44	18.87	85.56	60.3	17.8	62.64	59.44	18.87	85.56	60.3	17.8	39.45	0.0	53.6	28.16	23.85
53	55.32	52.61	76.55	52.35	32.56	50.12	60.3	70.0	84.88	4.0	20.88	58.14	24.08	46.04	42.43	45.61	43.27	28.28	37.95	56.85	62.77	22.36	69.31	55.46	53.85	61.06	47.41	60.17	20.88	70.68	51.26	46.04	46.04	62.8	28.84	39.7	48.0	54.63	18.87	22.02	61.74	72.42	33.62	31.06	60.75	22.02	61.74	72.42	33.62	31.06	60.75	23.09	53.6	0.0	40.2	32.31
54	46.17	16.97	44.94	42.19	33.29	28.28	22.36	41.23	60.03	36.22	60.03	18.0	46.52	59.4	10.2	24.33	28.28	31.24	65.6	48.17	26.91	19.7	54.59	56.32	21.63	37.95	42.05	21.63	51.88	35.38	16.12	6.32	30.07	26.08	31.24	74.24	65.6	20.59	57.72	57.87	34.0	42.49	65.86	61.1	24.04	57.87	34.0	42.49	65.86	61.1	24.04	18.03	28.16	40.2	0.0	12.81
55	54.33	29.73	45.34	50.36	36.88	38.63	34.99	39.7	72.11	28.64	50.36	29.12	34.18	46.69	21.63	17.09	36.5	33.53	63.78	56.32	30.46	17.89	64.56	62.29	34.06	49.19	31.05	28.28	48.17	38.47	18.97	18.87	38.83	38.83	18.44	70.0	67.08	22.36	50.99	47.04	46.04	41.73	62.37	49.04	28.46	47.04	46.04	41.73	62.37	49.04	28.46	15.65	23.85	32.31	12.81	0.0
;
