vehicles
vehicle_idx, capacity, cost_per_unit_distance
1,100,1
2,100,1
3,100,1
4,100,1
5,100,1
depot
node_idx,x,y
0,69,63
home delivery customers
node_idx,x,y,service_time,demand
1,3,35,10,12
2,1,47,10,8
3,11,15,10,12
4,37,33,10,12
5,41,51,10,8
6,93,9,10,25
7,63,95,10,13
8,47,41,10,19
9,95,23,10,20
10,71,69,10,8
11,35,39,10,19
12,33,51,10,25
13,37,37,10,24
self pickup customers
node_idx,x,y,service_time,demand,locker_idxs
14,71,79,10,5,38-42
15,87,23,10,18,40-43
16,35,81,10,19,41
17,55,71,10,23,47
18,11,49,10,1,39
19,97,95,10,13,42
20,19,83,10,21,41
21,27,19,10,12,39
22,59,29,10,4,43
23,61,21,10,7,43
24,21,91,10,13,41
25,67,95,10,14,38-42
flexible customers
node_idx,x,y,service_time,demand,locker_idxs
26,87,29,10,11,40-43
27,75,89,10,5,42-38
28,75,69,10,17,44-42-38
29,15,13,10,9,39
30,45,41,10,5,45-46-44-48
31,89,43,10,26,40
32,45,59,10,9,48-46-45-47-44
33,17,57,10,13,47
34,93,15,10,12,40-43
35,89,53,10,3,45
36,33,85,10,2,47-41
37,61,15,10,14,43
lockers
node_idx,x,y,service_time,capacity,cost_per_unit_good
38,65,88,10,81
39,25,15,10,98
40,93,12,10,79
41,22,88,10,94
42,77,88,10,75
43,72,14,10,71
44,55,56,10,100
45,55,53,10,84
46,50,54,10,91
47,45,69,10,87
48,44,62,10,70
mrt lines
start_node_idx,end_node_idx,freight_capacity,cost_per_unit_good
38,39,98,1.5
39,38,98,1.5
40,41,94,1.5
41,40,94,1.5
42,43,75,1.5
43,42,75,1.5
distance matrix
,0,1,2,3,4,5,6,7,8,9,10,11,12,13,14,15,16,17,18,19,20,21,22,23,24,25,26,27,28,29,30,31,32,33,34,35,36,37,38,39,40,41,42,43,44,45,46,47,48,
0,0.0,71.69,69.86,75.29,43.86,30.46,59.09,32.56,31.11,47.71,6.32,41.62,37.95,41.23,16.12,43.86,38.47,16.12,59.67,42.52,53.85,60.83,35.44,42.76,55.57,32.06,38.47,26.68,8.49,73.59,32.56,28.28,24.33,52.35,53.67,22.36,42.19,48.66,25.32,65.12,56.36,53.24,26.25,49.09,15.65,17.2,21.02,24.74,25.02
1,71.69,0.0,12.17,21.54,34.06,41.23,93.68,84.85,44.41,92.78,76.03,32.25,34.0,34.06,80.99,84.85,56.04,63.25,16.12,111.52,50.6,28.84,56.32,59.67,58.82,87.73,84.21,90.0,79.62,25.06,42.43,86.37,48.37,26.08,92.2,87.86,58.31,61.35,81.57,29.73,92.89,56.3,91.02,72.12,56.08,55.03,50.7,54.04,49.09
2,69.86,12.17,0.0,33.53,38.63,40.2,99.54,78.41,46.39,97.02,73.38,34.93,32.25,37.36,76.97,89.29,48.08,59.09,10.2,107.33,40.25,38.21,60.73,65.39,48.33,81.61,87.86,85.09,77.2,36.77,44.41,88.09,45.61,18.87,97.41,88.2,49.68,68.0,76.01,40.0,98.43,46.07,86.35,78.29,54.74,54.33,49.5,49.19,45.54
3,75.29,21.54,33.53,0.0,31.62,46.86,82.22,95.41,44.41,84.38,80.72,33.94,42.19,34.06,87.73,76.42,70.23,71.22,34.0,117.46,68.47,16.49,50.0,50.36,76.66,97.65,77.28,97.84,83.74,4.47,42.8,82.87,55.61,42.43,82.0,86.76,73.38,50.0,90.8,14.0,82.05,73.82,98.41,61.01,60.14,58.14,55.15,63.81,57.43
4,43.86,34.06,38.63,31.62,0.0,18.44,60.93,67.23,12.81,58.86,49.52,6.32,18.44,4.0,57.2,50.99,48.04,42.05,30.53,86.28,53.14,17.2,22.36,26.83,60.17,68.88,50.16,67.68,52.35,29.73,11.31,52.95,27.2,31.24,58.82,55.71,52.15,30.0,61.72,21.63,59.81,57.01,68.01,39.82,29.21,26.91,24.7,36.88,29.83
5,30.46,41.23,40.2,46.86,18.44,0.0,66.84,49.19,11.66,60.83,34.99,13.42,8.0,14.56,41.04,53.85,30.59,24.41,30.07,71.22,38.83,34.93,28.43,36.06,44.72,51.11,50.99,50.99,38.47,46.04,10.77,48.66,8.94,24.74,63.25,48.04,34.93,41.18,44.1,39.4,65.0,41.59,51.62,48.27,14.87,14.14,9.49,18.44,11.4
6,59.09,93.68,99.54,82.22,60.93,66.84,0.0,91.08,56.04,14.14,63.91,65.3,73.24,62.61,73.38,15.23,92.46,72.72,91.24,86.09,104.65,66.75,39.45,34.18,109.12,89.84,20.88,82.0,62.64,78.1,57.69,34.23,69.31,89.89,6.0,44.18,96.83,32.56,83.82,68.26,3.0,106.22,80.6,21.59,60.44,58.14,62.24,76.84,72.18
7,32.56,84.85,78.41,95.41,67.23,49.19,91.08,0.0,56.32,78.79,27.2,62.61,53.25,63.56,17.89,75.89,31.3,25.3,69.43,34.0,45.61,84.1,66.12,74.03,42.19,4.0,70.23,13.42,28.64,95.02,56.92,58.14,40.25,59.67,85.44,49.4,31.62,80.02,7.28,88.57,88.26,41.59,15.65,81.5,39.81,42.76,43.01,31.62,38.08
8,31.11,44.41,46.39,44.41,12.81,11.66,56.04,56.32,0.0,51.26,36.88,12.17,17.2,10.77,44.94,43.86,41.76,31.05,36.88,73.59,50.48,29.73,16.97,24.41,56.36,57.58,41.76,55.57,39.6,42.52,2.0,42.05,18.11,34.0,52.84,43.68,46.17,29.53,50.33,34.06,54.38,53.24,55.76,36.8,17.0,14.42,13.34,28.07,21.21
9,47.71,92.78,97.02,84.38,58.86,60.83,14.14,78.79,51.26,0.0,51.88,62.1,68.03,59.67,60.93,8.0,83.45,62.48,87.93,72.03,96.83,68.12,36.5,34.06,100.5,77.25,10.0,68.96,50.16,80.62,53.14,20.88,61.61,85.09,8.25,30.59,87.68,34.93,71.59,70.46,11.18,97.74,67.45,24.7,51.86,50.0,54.64,67.94,64.2
10,6.32,76.03,73.38,80.72,49.52,34.99,63.91,27.2,36.88,51.88,0.0,46.86,42.05,46.69,10.0,48.7,37.95,16.12,63.25,36.77,53.85,66.6,41.76,49.03,54.63,26.31,43.08,20.4,4.0,79.2,38.21,31.62,27.86,55.32,58.31,24.08,41.23,54.92,19.92,70.94,61.1,52.55,19.92,55.01,20.62,22.63,25.81,26.0,27.89
11,41.62,32.25,34.93,33.94,6.32,13.42,65.3,62.61,12.17,62.1,46.86,0.0,12.17,2.83,53.81,54.41,42.0,37.74,26.0,83.55,46.82,21.54,26.0,31.62,53.85,64.5,52.95,64.03,50.0,32.8,10.2,54.15,22.36,25.46,62.77,55.79,46.04,35.38,57.45,26.0,63.98,50.7,64.54,44.65,26.25,24.41,21.21,31.62,24.7
12,37.95,34.0,32.25,42.19,18.44,8.0,73.24,53.25,17.2,68.03,42.05,12.17,0.0,14.56,47.2,60.83,30.07,29.73,22.09,77.67,34.93,32.56,34.06,41.04,41.76,55.61,58.31,56.64,45.69,42.05,15.62,56.57,14.42,17.09,69.97,56.04,34.0,45.61,48.92,36.88,71.56,38.6,57.49,53.76,22.56,22.09,17.26,21.63,15.56
13,41.23,34.06,37.36,34.06,4.0,14.56,62.61,63.56,10.77,59.67,46.69,2.83,14.56,0.0,54.04,51.92,44.05,38.47,28.64,83.45,49.4,20.59,23.41,28.84,56.32,65.3,50.64,64.4,49.68,32.56,8.94,52.35,23.41,28.28,60.17,54.41,48.17,32.56,58.18,25.06,61.33,53.16,64.82,41.88,26.17,24.08,21.4,32.98,25.96
14,16.12,80.99,76.97,87.73,57.2,41.04,73.38,17.89,44.94,60.93,10.0,53.81,47.2,54.04,0.0,58.24,36.06,17.89,67.08,30.53,52.15,74.4,51.42,58.86,51.42,16.49,52.5,10.77,10.77,86.56,46.04,40.25,32.8,58.31,67.68,31.62,38.47,64.78,10.82,78.82,70.52,49.82,10.82,65.01,28.02,30.53,32.65,27.86,31.91
15,43.86,84.85,89.29,76.42,50.99,53.85,15.23,75.89,43.86,8.0,48.7,54.41,60.83,51.92,58.24,0.0,77.9,57.69,80.32,72.69,90.69,60.13,28.64,26.08,94.76,74.73,6.0,67.08,47.54,72.69,45.69,20.1,55.32,77.82,10.0,30.07,82.22,27.2,68.62,62.51,12.53,91.92,65.76,17.49,45.97,43.86,48.27,62.29,58.05
16,38.47,56.04,48.08,70.23,48.04,30.59,92.46,31.3,41.76,83.45,37.95,42.0,30.07,44.05,36.06,77.9,0.0,22.36,40.0,63.56,16.12,62.51,57.27,65.39,17.2,34.93,73.54,40.79,41.76,70.88,41.23,66.03,24.17,30.0,87.86,60.83,4.47,70.94,30.81,66.75,90.14,14.76,42.58,76.54,32.02,34.41,30.89,15.62,21.02
17,16.12,63.25,59.09,71.22,42.05,24.41,72.72,25.3,31.05,62.48,16.12,37.74,29.73,38.47,17.89,57.69,22.36,0.0,49.19,48.37,37.95,59.06,42.19,50.36,39.45,26.83,52.8,26.91,20.1,70.46,31.62,44.05,15.62,40.5,67.68,38.47,26.08,56.32,19.72,63.53,70.18,37.12,27.8,59.48,15.0,18.0,17.72,10.2,14.21
18,59.67,16.12,10.2,34.0,30.53,30.07,91.24,69.43,36.88,87.93,63.25,26.0,22.09,28.64,67.08,80.32,40.0,49.19,0.0,97.53,34.93,34.0,52.0,57.31,43.17,72.47,78.59,75.47,67.05,36.22,34.93,78.23,35.44,10.0,88.77,78.1,42.19,60.46,66.61,36.77,89.96,40.52,76.66,70.33,44.55,44.18,39.32,39.45,35.47
19,42.52,111.52,107.33,117.46,86.28,71.22,86.09,34.0,73.59,72.03,36.77,83.55,77.67,83.45,30.53,72.69,63.56,48.37,97.53,0.0,78.92,103.32,76.16,82.29,76.11,30.0,66.75,22.8,34.06,115.97,74.97,52.61,63.25,88.57,80.1,42.76,64.78,87.73,32.76,107.63,83.1,75.33,21.19,84.77,57.31,59.4,62.37,58.14,62.43
20,53.85,50.6,40.25,68.47,53.14,38.83,104.65,45.61,50.48,96.83,53.85,46.82,34.93,49.4,52.15,90.69,16.12,37.95,34.93,78.92,0.0,64.5,67.2,74.89,8.25,49.48,86.83,56.32,57.72,70.11,49.4,80.62,35.38,26.08,100.5,76.16,14.14,79.92,46.27,68.26,102.55,5.83,58.22,87.01,45.0,46.86,42.45,29.53,32.65
21,60.83,28.84,38.21,16.49,17.2,34.93,66.75,84.1,29.73,68.12,66.6,21.54,32.56,20.59,74.4,60.13,62.51,59.06,34.0,103.32,64.5,0.0,33.53,34.06,72.25,85.88,60.83,84.88,69.31,13.42,28.43,66.48,43.86,39.29,66.12,70.71,66.27,34.23,78.77,4.47,66.37,69.18,85.21,45.28,46.4,44.05,41.88,53.14,46.24
22,35.44,56.32,60.73,50.0,22.36,28.43,39.45,66.12,16.97,36.5,41.76,26.0,34.06,23.41,51.42,28.64,57.27,42.19,52.0,76.16,67.2,33.53,0.0,8.25,72.72,66.48,28.0,62.1,43.08,46.82,18.44,33.11,33.11,50.48,36.77,38.42,61.74,14.14,59.3,36.77,38.01,69.64,61.68,19.85,27.29,24.33,26.57,42.38,36.25
23,42.76,59.67,65.39,50.36,26.83,36.06,34.18,74.03,24.41,34.06,49.03,31.62,41.04,28.84,58.86,26.08,65.39,50.36,57.31,82.29,74.89,34.06,8.25,0.0,80.62,74.24,27.2,69.43,50.0,46.69,25.61,35.61,41.23,56.85,32.56,42.52,69.86,6.0,67.12,36.5,33.24,77.52,68.88,13.04,35.51,32.56,34.79,50.6,44.38
24,55.57,58.82,48.33,76.66,60.17,44.72,109.12,42.19,56.36,100.5,54.63,53.85,41.76,56.32,51.42,94.76,17.2,39.45,43.17,76.11,8.25,72.25,72.72,80.62,0.0,46.17,90.55,54.04,58.31,78.23,55.46,83.23,40.0,34.23,104.69,77.9,13.42,85.88,44.1,76.11,106.89,3.16,56.08,92.36,48.8,50.99,47.01,32.56,37.01
25,32.06,87.73,81.61,97.65,68.88,51.11,89.84,4.0,57.58,77.25,26.31,64.5,55.61,65.3,16.49,74.73,34.93,26.83,72.47,30.0,49.48,85.88,66.48,74.24,46.17,0.0,68.96,10.0,27.2,97.1,58.31,56.46,42.19,62.8,84.12,47.41,35.44,80.22,7.28,90.35,86.98,45.54,12.21,81.15,40.8,43.68,44.38,34.06,40.22
26,38.47,84.21,87.86,77.28,50.16,50.99,20.88,70.23,41.76,10.0,43.08,52.95,58.31,50.64,52.5,6.0,73.54,52.8,78.59,66.75,86.83,60.83,28.0,27.2,90.55,68.96,0.0,61.19,41.76,73.76,43.68,14.14,51.61,75.39,15.23,24.08,77.79,29.53,62.97,63.56,18.03,87.78,59.84,21.21,41.87,40.0,44.65,58.0,54.2
27,26.68,90.0,85.09,97.84,67.68,50.99,82.0,13.42,55.57,68.96,20.4,64.03,56.64,64.4,10.77,67.08,40.79,26.91,75.47,22.8,56.32,84.88,62.1,69.43,54.04,10.0,61.19,0.0,20.0,96.83,56.6,48.08,42.43,66.24,76.16,38.63,42.19,75.31,10.05,89.31,79.08,53.01,2.24,75.06,38.59,41.18,43.01,36.06,41.11
28,8.49,79.62,77.2,83.74,52.35,38.47,62.64,28.64,39.6,50.16,4.0,50.0,45.69,49.68,10.77,47.54,41.76,20.1,67.05,34.06,57.72,69.31,43.08,50.0,58.31,27.2,41.76,20.0,0.0,82.07,41.04,29.53,31.62,59.23,56.92,21.26,44.94,55.79,21.47,73.59,59.77,56.3,19.1,55.08,23.85,25.61,29.15,30.0,31.78
29,73.59,25.06,36.77,4.47,29.73,46.04,78.1,95.02,42.52,80.62,79.2,32.8,42.05,32.56,86.56,72.69,70.88,70.46,36.22,115.97,70.11,13.42,46.82,46.69,78.23,97.1,73.76,96.83,82.07,0.0,41.04,79.85,54.92,44.05,78.03,84.12,74.22,46.04,90.14,10.2,78.01,75.33,97.31,57.01,58.73,56.57,53.91,63.53,56.94
30,32.56,42.43,44.41,42.8,11.31,10.77,57.69,56.92,2.0,53.14,38.21,10.2,15.62,8.94,46.04,45.69,41.23,31.62,34.93,74.97,49.4,28.43,18.44,25.61,55.46,58.31,43.68,56.6,41.04,41.04,0.0,44.05,18.0,32.25,54.59,45.61,45.61,30.53,51.08,32.8,56.08,52.33,56.86,38.18,18.03,15.62,13.93,28.0,21.02
31,28.28,86.37,88.09,82.87,52.95,48.66,34.23,58.14,42.05,20.88,31.62,54.15,56.57,52.35,40.25,20.1,66.03,44.05,78.23,52.61,80.62,66.48,33.11,35.61,83.23,56.46,14.14,48.08,29.53,79.85,44.05,0.0,46.82,73.35,28.28,10.0,70.0,39.6,51.0,69.86,31.26,80.71,46.57,33.62,36.4,35.44,40.52,51.11,48.85
32,24.33,48.37,45.61,55.61,27.2,8.94,69.31,40.25,18.11,61.61,27.86,22.36,14.42,23.41,32.8,55.32,24.17,15.62,35.44,63.25,35.38,43.86,33.11,41.23,40.0,42.19,51.61,42.43,31.62,54.92,18.0,46.82,0.0,28.07,65.12,44.41,28.64,46.82,35.23,48.33,67.18,37.01,43.19,52.48,10.44,11.66,7.07,10.0,3.16
33,52.35,26.08,18.87,42.43,31.24,24.74,89.89,59.67,34.0,85.09,55.32,25.46,17.09,28.28,58.31,77.82,30.0,40.5,10.0,88.57,26.08,39.29,50.48,56.85,34.23,62.8,75.39,66.24,59.23,44.05,32.25,73.35,28.07,0.0,86.83,72.11,32.25,60.83,57.14,42.76,88.32,31.4,67.54,69.81,38.01,38.21,33.14,30.46,27.46
34,53.67,92.2,97.41,82.0,58.82,63.25,6.0,85.44,52.84,8.25,58.31,62.77,69.97,60.17,67.68,10.0,87.86,67.68,88.77,80.1,100.5,66.12,36.77,32.56,104.69,84.12,15.23,76.16,56.92,78.03,54.59,28.28,65.12,86.83,0.0,38.21,92.2,32.0,78.19,68.0,3.0,101.83,74.73,21.02,55.9,53.74,58.05,72.25,67.9
35,22.36,87.86,88.2,86.76,55.71,48.04,44.18,49.4,43.68,30.59,24.08,55.79,56.04,54.41,31.62,30.07,60.83,38.47,78.1,42.76,76.16,70.71,38.42,42.52,77.9,47.41,24.08,38.63,21.26,84.12,45.61,10.0,44.41,72.11,38.21,0.0,64.5,47.2,42.44,74.43,41.19,75.59,37.0,42.54,34.13,34.0,39.01,46.82,45.89
36,42.19,58.31,49.68,73.38,52.15,34.93,96.83,31.62,46.17,87.68,41.23,46.04,34.0,48.17,38.47,82.22,4.47,26.08,42.19,64.78,14.14,66.27,61.74,69.86,13.42,35.44,77.79,42.19,44.94,74.22,45.61,70.0,28.64,32.25,92.2,64.5,0.0,75.39,32.14,70.46,94.49,11.4,44.1,81.01,36.4,38.83,35.36,20.0,25.5
37,48.66,61.35,68.0,50.0,30.0,41.18,32.56,80.02,29.53,34.93,54.92,35.38,45.61,32.56,64.78,27.2,70.94,56.32,60.46,87.73,79.92,34.23,14.14,6.0,85.88,80.22,29.53,75.31,55.79,46.04,30.53,39.6,46.82,60.83,32.0,47.2,75.39,0.0,73.11,36.0,32.14,82.76,74.73,11.05,41.44,38.47,40.52,56.32,49.98
38,25.32,81.57,76.01,90.8,61.72,44.1,83.82,7.28,50.33,71.59,19.92,57.45,48.92,58.18,10.82,68.62,30.81,19.72,66.61,32.76,46.27,78.77,59.3,67.12,44.1,7.28,62.97,10.05,21.47,90.14,51.08,51.0,35.23,57.14,78.19,42.44,32.14,73.11,0.0,83.24,80.99,43.0,12.0,74.33,33.53,36.4,37.16,27.59,33.42
39,65.12,29.73,40.0,14.0,21.63,39.4,68.26,88.57,34.06,70.46,70.94,26.0,36.88,25.06,78.82,62.51,66.75,63.53,36.77,107.63,68.26,4.47,36.77,36.5,76.11,90.35,63.56,89.31,73.59,10.2,32.8,69.86,48.33,42.76,68.0,74.43,70.46,36.0,83.24,0.0,68.07,73.06,89.63,47.01,50.8,48.41,46.32,57.58,50.7
40,56.36,92.89,98.43,82.05,59.81,65.0,3.0,88.26,54.38,11.18,61.1,63.98,71.56,61.33,70.52,12.53,90.14,70.18,89.96,83.1,102.55,66.37,38.01,33.24,106.89,86.98,18.03,79.08,59.77,78.01,56.08,31.26,67.18,88.32,3.0,41.19,94.49,32.14,80.99,68.07,0.0,104.0,77.67,21.1,58.14,55.9,60.11,74.52,70.01
41,53.24,56.3,46.07,73.82,57.01,41.59,106.22,41.59,53.24,97.74,52.55,50.7,38.6,53.16,49.82,91.92,14.76,37.12,40.52,75.33,5.83,69.18,69.64,77.52,3.16,45.54,87.78,53.01,56.3,75.33,52.33,80.71,37.01,31.4,101.83,75.59,11.4,82.76,43.0,73.06,104.0,0.0,55.0,89.31,45.97,48.1,44.05,29.83,34.06
42,26.25,91.02,86.35,98.41,68.01,51.62,80.6,15.65,55.76,67.45,19.92,64.54,57.49,64.82,10.82,65.76,42.58,27.8,76.66,21.19,58.22,85.21,61.68,68.88,56.08,12.21,59.84,2.24,19.1,97.31,56.86,46.57,43.19,67.54,74.73,37.0,44.1,74.73,12.0,89.63,77.67,55.0,0.0,74.17,38.83,41.34,43.42,37.22,42.01
43,49.09,72.12,78.29,61.01,39.82,48.27,21.59,81.5,36.8,24.7,55.01,44.65,53.76,41.88,65.01,17.49,76.54,59.48,70.33,84.77,87.01,45.28,19.85,13.04,92.36,81.15,21.21,75.06,55.08,57.01,38.18,33.62,52.48,69.81,21.02,42.54,81.01,11.05,74.33,47.01,21.1,89.31,74.17,0.0,45.31,42.54,45.65,61.27,55.57
44,15.65,56.08,54.74,60.14,29.21,14.87,60.44,39.81,17.0,51.86,20.62,26.25,22.56,26.17,28.02,45.97,32.02,15.0,44.55,57.31,45.0,46.4,27.29,35.51,48.8,40.8,41.87,38.59,23.85,58.73,18.03,36.4,10.44,38.01,55.9,34.13,36.4,41.44,33.53,50.8,58.14,45.97,38.83,45.31,0.0,3.0,5.39,16.4,12.53
45,17.2,55.03,54.33,58.14,26.91,14.14,58.14,42.76,14.42,50.0,22.63,24.41,22.09,24.08,30.53,43.86,34.41,18.0,44.18,59.4,46.86,44.05,24.33,32.56,50.99,43.68,40.0,41.18,25.61,56.57,15.62,35.44,11.66,38.21,53.74,34.0,38.83,38.47,36.4,48.41,55.9,48.1,41.34,42.54,3.0,0.0,5.1,18.87,14.21
46,21.02,50.7,49.5,55.15,24.7,9.49,62.24,43.01,13.34,54.64,25.81,21.21,17.26,21.4,32.65,48.27,30.89,17.72,39.32,62.37,42.45,41.88,26.57,34.79,47.01,44.38,44.65,43.01,29.15,53.91,13.93,40.52,7.07,33.14,58.05,39.01,35.36,40.52,37.16,46.32,60.11,44.05,43.42,45.65,5.39,5.1,0.0,15.81,10.0
47,24.74,54.04,49.19,63.81,36.88,18.44,76.84,31.62,28.07,67.94,26.0,31.62,21.63,32.98,27.86,62.29,15.62,10.2,39.45,58.14,29.53,53.14,42.38,50.6,32.56,34.06,58.0,36.06,30.0,63.53,28.0,51.11,10.0,30.46,72.25,46.82,20.0,56.32,27.59,57.58,74.52,29.83,37.22,61.27,16.4,18.87,15.81,0.0,7.07
48,25.02,49.09,45.54,57.43,29.83,11.4,72.18,38.08,21.21,64.2,27.89,24.7,15.56,25.96,31.91,58.05,21.02,14.21,35.47,62.43,32.65,46.24,36.25,44.38,37.01,40.22,54.2,41.11,31.78,56.94,21.02,48.85,3.16,27.46,67.9,45.89,25.5,49.98,33.42,50.7,70.01,34.06,42.01,55.57,12.53,14.21,10.0,7.07,0.0
