vehicles
vehicle_idx, capacity, cost_per_unit_distance
1,100,3
2,100,3
3,100,3
4,100,3
5,100,3
depot
node_idx,x,y
0,42,68
home delivery customers
node_idx,x,y,service_time,demand
1,77,97,10,5
2,32,33,10,13
3,32,8,10,8
4,8,3,10,19
5,48,13,10,20
6,39,27,10,9
7,7,24,10,23
8,68,98,10,10
9,52,72,10,14
10,39,7,10,14
11,38,7,10,23
12,58,74,10,15
self pickup customers
node_idx,x,y,service_time,demand,locker_idxs
13,42,92,10,18,41-36
14,53,82,10,5,41-33
15,67,98,10,9,41-33-37
16,73,3,10,24,38-35
17,59,77,10,13,41-43-33
18,23,43,10,8,42
19,17,8,10,2,40
20,82,67,10,8,39-37
21,42,7,10,20,34
22,7,48,10,3,34
flexible customers
node_idx,x,y,service_time,demand,locker_idxs
23,28,64,10,23,36
24,77,39,10,14,38
25,7,14,10,10,40
26,82,17,10,18,38-35
27,54,52,10,18,42-39-43
28,72,43,10,10,39
29,58,97,10,14,41-33-37
30,47,62,10,19,43-39
31,32,88,10,13,36
32,68,82,10,24,41-43-33-37
lockers
node_idx,x,y,service_time,capacity,cost_per_unit_good
33,65,88,10,89
34,25,15,10,95
35,93,12,10,85
36,22,88,10,100
37,77,88,10,99
38,72,14,10,100
39,60,63,10,78
40,18,3,10,77
41,61,89,10,96
42,39,33,10,76
43,61,75,10,70
mrt lines
start_node_idx,end_node_idx,freight_capacity,cost_per_unit_good
33,34,95,0.1
34,33,95,0.1
35,36,100,0.1
36,35,100,0.1
distance matrix
,0,1,2,3,4,5,6,7,8,9,10,11,12,13,14,15,16,17,18,19,20,21,22,23,24,25,26,27,28,29,30,31,32,33,34,35,36,37,38,39,40,41,42,43,
0,0.0,45.45,36.4,60.83,73.36,55.33,41.11,56.22,39.7,10.77,61.07,61.13,17.09,24.0,17.8,39.05,72.01,19.24,31.4,65.0,40.01,61.0,40.31,14.56,45.45,64.35,64.82,20.0,39.05,33.12,7.81,22.36,29.53,30.48,55.66,75.74,28.28,40.31,61.77,18.68,69.29,28.32,35.13,20.25
1,45.45,0.0,78.24,99.73,116.61,88.87,79.65,101.14,9.06,35.36,97.69,98.09,29.83,35.36,28.3,10.05,94.09,26.91,76.37,107.34,30.41,96.57,85.45,59.08,58.0,108.58,80.16,50.54,54.23,19.0,46.1,45.89,17.49,15.0,97.1,86.49,55.73,9.0,83.15,38.01,110.98,17.89,74.43,27.2
2,36.4,78.24,0.0,25.0,38.42,25.61,9.22,26.57,74.3,43.83,26.93,26.68,48.55,59.84,53.31,73.82,50.8,51.62,13.45,29.15,60.46,27.86,29.15,31.26,45.4,31.4,52.5,29.07,41.23,69.08,32.65,55.0,60.8,64.14,19.31,64.51,55.9,71.06,44.28,41.04,33.11,63.06,7.0,51.04
3,60.83,99.73,25.0,0.0,24.52,16.76,20.25,29.68,96.93,67.05,7.07,6.08,70.94,84.59,76.92,96.57,41.3,74.09,36.14,15.0,77.34,10.05,47.17,56.14,54.64,25.71,50.8,49.19,53.15,92.72,56.04,80.0,82.29,86.54,9.9,61.13,80.62,91.79,40.45,61.72,14.87,86.03,25.96,73.01
4,73.36,116.61,38.42,24.52,0.0,41.23,39.2,21.02,112.36,81.84,31.26,30.27,86.84,95.27,90.92,111.83,65.0,89.87,42.72,10.3,97.84,34.23,45.01,64.2,77.83,11.05,75.31,67.21,75.47,106.47,70.72,88.32,99.2,102.34,20.81,85.48,86.15,109.48,64.94,79.4,10.0,101.02,43.14,89.4
5,55.33,88.87,25.61,16.76,41.23,0.0,16.64,42.45,87.32,59.14,10.82,11.66,61.81,79.23,69.18,87.1,26.93,64.94,39.05,31.4,63.81,8.49,53.91,54.78,38.95,41.01,34.23,39.46,38.42,84.59,49.01,76.69,71.84,76.9,23.09,45.01,79.38,80.41,24.02,51.42,31.62,77.1,21.93,63.35
6,41.11,79.65,9.22,20.25,39.2,16.64,0.0,32.14,76.69,46.84,20.0,20.02,50.7,65.07,56.75,76.32,41.62,53.85,22.63,29.07,58.73,20.22,38.28,38.6,39.85,34.54,44.15,29.15,36.67,72.53,35.9,61.4,62.18,66.31,18.44,56.04,63.32,71.87,35.47,41.68,31.89,65.79,6.0,52.8
7,56.22,101.14,26.57,29.68,21.02,42.45,32.14,0.0,95.9,65.8,36.24,35.36,71.42,76.48,74.03,95.27,69.26,74.25,24.84,18.87,86.45,38.91,24.0,45.18,71.59,10.0,75.33,54.71,67.72,89.05,55.17,68.71,84.17,86.37,20.12,86.83,65.73,94.85,65.76,65.8,23.71,84.5,33.24,74.28
8,39.7,9.06,74.3,96.93,112.36,87.32,76.69,95.9,0.0,30.53,95.51,95.82,26.0,26.68,21.93,1.0,95.13,22.85,71.06,103.45,34.01,94.64,78.87,52.5,59.68,103.81,82.2,48.08,55.15,10.05,41.68,37.36,16.0,10.44,93.48,89.56,47.07,13.45,84.1,35.9,107.35,11.4,71.18,24.04
9,10.77,35.36,43.83,67.05,81.84,59.14,46.84,65.8,30.53,0.0,66.29,66.49,6.32,22.36,10.05,30.02,72.12,8.6,41.01,72.95,30.41,65.76,51.0,25.3,41.4,73.41,62.65,20.1,35.23,25.71,11.18,25.61,18.87,20.62,63.07,72.67,34.0,29.68,61.35,12.04,76.92,19.24,41.11,9.49
10,61.07,97.69,26.93,7.07,31.26,10.82,20.0,36.24,95.51,66.29,0.0,1.0,69.64,85.05,76.3,95.21,34.23,72.8,39.4,22.02,73.82,3.0,52.01,58.05,49.68,32.76,44.15,47.43,48.84,91.98,55.58,81.3,80.41,85.07,16.12,54.23,82.76,89.47,33.73,59.81,21.38,84.9,26.0,71.47
11,61.13,98.09,26.68,6.08,30.27,11.66,20.02,35.36,95.82,66.49,1.0,0.0,69.92,85.09,76.49,95.51,35.23,73.08,39.0,21.02,74.4,4.0,51.4,57.87,50.45,31.78,45.12,47.76,49.52,92.2,55.73,81.22,80.78,85.38,15.26,55.23,82.57,89.9,34.71,60.17,20.4,85.16,26.02,71.78
12,17.09,29.83,48.55,70.94,86.84,61.81,50.7,71.42,26.0,6.32,69.64,69.92,0.0,24.08,9.43,25.63,72.57,3.16,46.75,77.7,25.0,68.88,57.25,31.62,39.82,78.75,61.85,22.36,34.01,23.0,16.28,29.53,12.81,15.65,67.6,71.2,38.63,23.6,61.61,11.18,81.49,15.3,45.19,3.16
13,24.0,35.36,59.84,84.59,95.27,79.23,65.07,76.48,26.68,22.36,85.05,85.09,24.08,0.0,14.87,25.71,94.24,22.67,52.55,87.64,47.17,85.0,56.22,31.3,63.51,85.49,85.0,41.76,57.45,16.76,30.41,10.77,27.86,23.35,78.85,94.87,20.4,35.23,83.57,34.13,92.18,19.24,59.08,25.5
14,17.8,28.3,53.31,76.92,90.92,69.18,56.75,74.03,21.93,10.05,76.3,76.49,9.43,14.87,0.0,21.26,81.49,7.81,49.2,82.29,32.65,75.8,57.2,30.81,49.24,82.1,71.18,30.02,43.38,15.81,20.88,21.84,15.0,13.42,72.62,80.62,31.58,24.74,70.6,20.25,86.41,10.63,50.96,10.63
15,39.05,10.05,73.82,96.57,111.83,87.1,76.32,95.27,1.0,30.02,95.21,95.51,25.63,25.71,21.26,0.0,95.19,22.47,70.43,102.96,34.44,94.37,78.1,51.74,59.84,103.23,82.38,47.8,55.23,9.06,41.18,36.4,16.03,10.2,93.02,89.84,46.1,14.14,84.15,35.69,106.89,10.82,70.77,23.77
16,72.01,94.09,50.8,41.3,65.0,26.93,41.62,69.26,95.13,72.12,34.23,35.23,72.57,94.24,81.49,95.19,0.0,75.31,64.03,56.22,64.63,31.26,79.88,75.8,36.22,66.91,16.64,52.55,40.01,95.19,64.47,94.37,79.16,85.38,49.48,21.93,99.13,85.09,11.05,61.39,55.0,86.83,45.34,72.99
17,19.24,26.91,51.62,74.09,89.87,64.94,53.85,74.25,22.85,8.6,72.8,73.08,3.16,22.67,7.81,22.47,75.31,0.0,49.52,80.78,25.08,72.03,59.54,33.62,42.05,81.69,64.26,25.5,36.4,20.02,19.21,29.15,10.3,12.53,70.71,73.36,38.6,21.1,64.33,14.04,84.6,12.17,48.33,2.83
18,31.4,76.37,13.45,36.14,42.72,39.05,22.63,24.84,71.06,41.01,39.4,39.0,46.75,52.55,49.2,70.43,64.03,49.52,0.0,35.51,63.69,40.71,16.76,21.59,54.15,33.12,64.47,32.28,49.0,64.35,30.61,45.89,59.55,61.55,28.07,76.56,45.01,70.29,56.94,42.06,40.31,59.67,18.87,49.68
19,65.0,107.34,29.15,15.0,10.3,31.4,29.07,18.87,103.45,72.95,22.02,21.02,77.7,87.64,82.29,102.96,56.22,80.78,35.51,0.0,87.78,25.02,41.23,57.07,67.54,11.66,65.62,57.49,65.19,97.99,61.77,81.39,89.87,93.3,10.63,76.11,80.16,100.0,55.33,69.81,5.1,92.18,33.3,80.16
20,40.01,30.41,60.46,77.34,97.84,63.81,58.73,86.45,34.01,30.41,73.82,74.4,25.0,47.17,32.65,34.44,64.63,25.08,63.69,87.78,0.0,72.11,77.37,54.08,28.44,91.84,50.0,31.76,26.0,38.42,35.36,54.23,20.52,27.02,77.16,56.09,63.57,21.59,53.94,22.36,90.51,30.41,54.82,22.47
21,61.0,96.57,27.86,10.05,34.23,8.49,20.22,38.91,94.64,65.76,3.0,4.0,68.88,85.0,75.8,94.37,31.26,72.03,40.71,25.02,72.11,0.0,53.91,58.69,47.42,35.69,41.23,46.57,46.86,91.41,55.23,81.61,79.38,84.2,18.79,51.24,83.43,88.24,30.81,58.82,24.33,84.17,26.17,70.6
22,40.31,85.45,29.15,47.17,45.01,53.91,38.28,24.0,78.87,51.0,52.01,51.4,57.25,56.22,57.2,78.1,79.88,59.54,16.76,41.23,77.37,53.91,0.0,26.4,70.58,34.0,81.15,47.17,65.19,70.72,42.38,47.17,69.84,70.46,37.59,93.23,42.72,80.62,73.36,55.08,46.32,67.8,35.34,60.37
23,14.56,59.08,31.26,56.14,64.2,54.78,38.6,45.18,52.5,25.3,58.05,57.87,31.62,31.3,30.81,51.74,75.8,33.62,21.59,57.07,54.08,58.69,26.4,0.0,55.01,54.23,71.59,28.64,48.75,44.6,19.1,24.33,43.86,44.1,49.09,83.24,24.74,54.56,66.6,32.02,61.81,41.4,32.89,34.79
24,45.45,58.0,45.4,54.64,77.83,38.95,39.85,71.59,59.68,41.4,49.68,50.45,39.82,63.51,49.24,59.84,36.22,42.05,54.15,67.54,28.44,47.42,70.58,55.01,0.0,74.33,22.56,26.42,6.4,61.03,37.8,66.53,43.93,50.45,57.27,31.38,73.66,49.0,25.5,29.41,69.12,52.5,38.47,39.4
25,64.35,108.58,31.4,25.71,11.05,41.01,34.54,10.0,103.81,73.41,32.76,31.78,78.75,85.49,82.1,103.23,66.91,81.69,33.12,11.66,91.84,35.69,34.0,54.23,74.33,0.0,75.06,60.44,71.18,97.42,62.48,78.11,91.35,94.02,18.03,86.02,75.5,101.86,65.0,72.18,15.56,92.42,37.22,81.47
26,64.82,80.16,52.5,50.8,75.31,34.23,44.15,75.33,82.2,62.65,44.15,45.12,61.85,85.0,71.18,82.38,16.64,64.26,64.47,65.62,50.0,41.23,81.15,71.59,22.56,75.06,0.0,44.82,27.86,83.52,57.01,86.84,66.49,73.01,57.04,12.08,92.96,71.18,10.44,50.99,65.51,75.0,45.88,61.68
27,20.0,50.54,29.07,49.19,67.21,39.46,29.15,54.71,48.08,20.1,47.43,47.76,22.36,41.76,30.02,47.8,52.55,25.5,32.28,57.49,31.76,46.57,47.17,28.64,26.42,60.44,44.82,0.0,20.12,45.18,12.21,42.19,33.11,37.64,47.01,55.87,48.17,42.72,42.05,12.53,60.8,37.66,24.21,24.04
28,39.05,54.23,41.23,53.15,75.47,38.42,36.67,67.72,55.15,35.23,48.84,49.52,34.01,57.45,43.38,55.23,40.01,36.4,49.0,65.19,26.0,46.86,65.19,48.75,6.4,71.18,27.86,20.12,0.0,55.79,31.4,60.21,39.2,45.54,54.71,37.44,67.27,45.28,29.0,23.32,67.2,47.3,34.48,33.84
29,33.12,19.0,69.08,92.72,106.47,84.59,72.53,89.05,10.05,25.71,91.98,92.2,23.0,16.76,15.81,9.06,95.19,20.02,64.35,97.99,38.42,91.41,70.72,44.6,61.03,97.42,83.52,45.18,55.79,0.0,36.69,27.51,18.03,11.4,88.39,91.92,37.11,21.02,84.17,34.06,102.16,8.54,66.76,22.2
30,7.81,46.1,32.65,56.04,70.72,49.01,35.9,55.17,41.68,11.18,55.58,55.73,16.28,30.41,20.88,41.18,64.47,19.21,30.61,61.77,35.36,55.23,42.38,19.1,37.8,62.48,57.01,12.21,31.4,36.69,0.0,30.02,29.0,31.62,51.89,67.94,36.07,39.7,54.12,13.04,65.74,30.41,30.08,19.1
31,22.36,45.89,55.0,80.0,88.32,76.69,61.4,68.71,37.36,25.61,81.3,81.22,29.53,10.77,21.84,36.4,94.37,29.15,45.89,81.39,54.23,81.61,47.17,24.33,66.53,78.11,86.84,42.19,60.21,27.51,30.02,0.0,36.5,33.0,73.33,97.45,10.0,45.0,84.12,37.54,86.15,29.02,55.44,31.78
32,29.53,17.49,60.8,82.29,99.2,71.84,62.18,84.17,16.0,18.87,80.41,80.78,12.81,27.86,15.0,16.03,79.16,10.3,59.55,89.87,20.52,79.38,69.84,43.86,43.93,91.35,66.49,33.11,39.2,18.03,29.0,36.5,0.0,6.71,79.61,74.33,46.39,10.82,68.12,20.62,93.49,9.9,56.94,9.9
33,30.48,15.0,64.14,86.54,102.34,76.9,66.31,86.37,10.44,20.62,85.07,85.38,15.65,23.35,13.42,10.2,85.38,12.53,61.55,93.3,27.02,84.2,70.46,44.1,50.45,94.02,73.01,37.64,45.54,11.4,31.62,33.0,6.71,0.0,83.24,80.99,43.0,12.0,74.33,25.5,97.13,4.12,60.84,13.6
34,55.66,97.1,19.31,9.9,20.81,23.09,18.44,20.12,93.48,63.07,16.12,15.26,67.6,78.85,72.62,93.02,49.48,70.71,28.07,10.63,77.16,18.79,37.59,49.09,57.27,18.03,57.04,47.01,54.71,88.39,51.89,73.33,79.61,83.24,0.0,68.07,73.06,89.63,47.01,59.41,13.89,82.29,22.8,69.97
35,75.74,86.49,64.51,61.13,85.48,45.01,56.04,86.83,89.56,72.67,54.23,55.23,71.2,94.87,80.62,89.84,21.93,73.36,76.56,76.11,56.09,51.24,93.23,83.24,31.38,86.02,12.08,55.87,37.44,91.92,67.94,97.45,74.33,80.99,68.07,0.0,104.0,77.67,21.1,60.75,75.54,83.38,57.94,70.66
36,28.28,55.73,55.9,80.62,86.15,79.38,63.32,65.73,47.07,34.0,82.76,82.57,38.63,20.4,31.58,46.1,99.13,38.6,45.01,80.16,63.57,83.43,42.72,24.74,73.66,75.5,92.96,48.17,67.27,37.11,36.07,10.0,46.39,43.0,73.06,104.0,0.0,55.0,89.31,45.49,85.09,39.01,57.57,41.11
37,40.31,9.0,71.06,91.79,109.48,80.41,71.87,94.85,13.45,29.68,89.47,89.9,23.6,35.23,24.74,14.14,85.09,21.1,70.29,100.0,21.59,88.24,80.62,54.56,49.0,101.86,71.18,42.72,45.28,21.02,39.7,45.0,10.82,12.0,89.63,77.67,55.0,0.0,74.17,30.23,103.47,16.03,66.85,20.62
38,61.77,83.15,44.28,40.45,64.94,24.02,35.47,65.76,84.1,61.35,33.73,34.71,61.61,83.57,70.6,84.15,11.05,64.33,56.94,55.33,53.94,30.81,73.36,66.6,25.5,65.0,10.44,42.05,29.0,84.17,54.12,84.12,68.12,74.33,47.01,21.1,89.31,74.17,0.0,50.45,55.11,75.8,38.08,61.98
39,18.68,38.01,41.04,61.72,79.4,51.42,41.68,65.8,35.9,12.04,59.81,60.17,11.18,34.13,20.25,35.69,61.39,14.04,42.06,69.81,22.36,58.82,55.08,32.02,29.41,72.18,50.99,12.53,23.32,34.06,13.04,37.54,20.62,25.5,59.41,60.75,45.49,30.23,50.45,0.0,73.24,26.02,36.62,12.04
40,69.29,110.98,33.11,14.87,10.0,31.62,31.89,23.71,107.35,76.92,21.38,20.4,81.49,92.18,86.41,106.89,55.0,84.6,40.31,5.1,90.51,24.33,46.32,61.81,69.12,15.56,65.51,60.8,67.2,102.16,65.74,86.15,93.49,97.13,13.89,75.54,85.09,103.47,55.11,73.24,0.0,96.15,36.62,83.86
41,28.32,17.89,63.06,86.03,101.02,77.1,65.79,84.5,11.4,19.24,84.9,85.16,15.3,19.24,10.63,10.82,86.83,12.17,59.67,92.18,30.41,84.17,67.8,41.4,52.5,92.42,75.0,37.66,47.3,8.54,30.41,29.02,9.9,4.12,82.29,83.38,39.01,16.03,75.8,26.02,96.15,0.0,60.17,14.0
42,35.13,74.43,7.0,25.96,43.14,21.93,6.0,33.24,71.18,41.11,26.0,26.02,45.19,59.08,50.96,70.77,45.34,48.33,18.87,33.3,54.82,26.17,35.34,32.89,38.47,37.22,45.88,24.21,34.48,66.76,30.08,55.44,56.94,60.84,22.8,57.94,57.57,66.85,38.08,36.62,36.62,60.17,0.0,47.41
43,20.25,27.2,51.04,73.01,89.4,63.35,52.8,74.28,24.04,9.49,71.47,71.78,3.16,25.5,10.63,23.77,72.99,2.83,49.68,80.16,22.47,70.6,60.37,34.79,39.4,81.47,61.68,24.04,33.84,22.2,19.1,31.78,9.9,13.6,69.97,70.66,41.11,20.62,61.98,12.04,83.86,14.0,47.41,0.0
