set K:= 1	2	3	4	5;
set C_H:= 1	2	3	4	5	6	7	8	9	10	11	12;
set C_S:= 13	14	15	16	17	18	19	20	21	22;
set C_F:= 23	24	25	26	27	28	29	30	31	32;
set M:= 33	34	35	36	37	38;
set L_B:= 39	40	41	42	43;
set A1:=
(0,*) 1 2 3 4 5 6 7 8 9 10 11 12 23 24 25 26 27 28 29 30 31 32 33 34 35 36 37 38 39 40 41 42 43 44
(1,*) 0 2 3 4 5 6 7 8 9 10 11 12 23 24 25 26 27 28 29 30 31 32 33 34 35 36 37 38 39 40 41 42 43 44
(2,*) 0 1 3 4 5 6 7 8 9 10 11 12 23 24 25 26 27 28 29 30 31 32 33 34 35 36 37 38 39 40 41 42 43 44
(3,*) 0 1 2 4 5 6 7 8 9 10 11 12 23 24 25 26 27 28 29 30 31 32 33 34 35 36 37 38 39 40 41 42 43 44
(4,*) 0 1 2 3 5 6 7 8 9 10 11 12 23 24 25 26 27 28 29 30 31 32 33 34 35 36 37 38 39 40 41 42 43 44
(5,*) 0 1 2 3 4 6 7 8 9 10 11 12 23 24 25 26 27 28 29 30 31 32 33 34 35 36 37 38 39 40 41 42 43 44
(6,*) 0 1 2 3 4 5 7 8 9 10 11 12 23 24 25 26 27 28 29 30 31 32 33 34 35 36 37 38 39 40 41 42 43 44
(7,*) 0 1 2 3 4 5 6 8 9 10 11 12 23 24 25 26 27 28 29 30 31 32 33 34 35 36 37 38 39 40 41 42 43 44
(8,*) 0 1 2 3 4 5 6 7 9 10 11 12 23 24 25 26 27 28 29 30 31 32 33 34 35 36 37 38 39 40 41 42 43 44
(9,*) 0 1 2 3 4 5 6 7 8 10 11 12 23 24 25 26 27 28 29 30 31 32 33 34 35 36 37 38 39 40 41 42 43 44
(10,*) 0 1 2 3 4 5 6 7 8 9 11 12 23 24 25 26 27 28 29 30 31 32 33 34 35 36 37 38 39 40 41 42 43 44
(11,*) 0 1 2 3 4 5 6 7 8 9 10 12 23 24 25 26 27 28 29 30 31 32 33 34 35 36 37 38 39 40 41 42 43 44
(12,*) 0 1 2 3 4 5 6 7 8 9 10 11 23 24 25 26 27 28 29 30 31 32 33 34 35 36 37 38 39 40 41 42 43 44
(23,*) 0 1 2 3 4 5 6 7 8 9 10 11 12 24 25 26 27 28 29 30 31 32 33 34 35 36 37 38 39 40 41 42 43 44
(24,*) 0 1 2 3 4 5 6 7 8 9 10 11 12 23 25 26 27 28 29 30 31 32 33 34 35 36 37 38 39 40 41 42 43 44
(25,*) 0 1 2 3 4 5 6 7 8 9 10 11 12 23 24 26 27 28 29 30 31 32 33 34 35 36 37 38 39 40 41 42 43 44
(26,*) 0 1 2 3 4 5 6 7 8 9 10 11 12 23 24 25 27 28 29 30 31 32 33 34 35 36 37 38 39 40 41 42 43 44
(27,*) 0 1 2 3 4 5 6 7 8 9 10 11 12 23 24 25 26 28 29 30 31 32 33 34 35 36 37 38 39 40 41 42 43 44
(28,*) 0 1 2 3 4 5 6 7 8 9 10 11 12 23 24 25 26 27 29 30 31 32 33 34 35 36 37 38 39 40 41 42 43 44
(29,*) 0 1 2 3 4 5 6 7 8 9 10 11 12 23 24 25 26 27 28 30 31 32 33 34 35 36 37 38 39 40 41 42 43 44
(30,*) 0 1 2 3 4 5 6 7 8 9 10 11 12 23 24 25 26 27 28 29 31 32 33 34 35 36 37 38 39 40 41 42 43 44
(31,*) 0 1 2 3 4 5 6 7 8 9 10 11 12 23 24 25 26 27 28 29 30 32 33 34 35 36 37 38 39 40 41 42 43 44
(32,*) 0 1 2 3 4 5 6 7 8 9 10 11 12 23 24 25 26 27 28 29 30 31 33 34 35 36 37 38 39 40 41 42 43 44
(33,*) 0 1 2 3 4 5 6 7 8 9 10 11 12 23 24 25 26 27 28 29 30 31 32 34 35 36 37 38 39 40 41 42 43 44
(34,*) 0 1 2 3 4 5 6 7 8 9 10 11 12 23 24 25 26 27 28 29 30 31 32 33 35 36 37 38 39 40 41 42 43 44
(35,*) 0 1 2 3 4 5 6 7 8 9 10 11 12 23 24 25 26 27 28 29 30 31 32 33 34 36 37 38 39 40 41 42 43 44
(36,*) 0 1 2 3 4 5 6 7 8 9 10 11 12 23 24 25 26 27 28 29 30 31 32 33 34 35 37 38 39 40 41 42 43 44
(37,*) 0 1 2 3 4 5 6 7 8 9 10 11 12 23 24 25 26 27 28 29 30 31 32 33 34 35 36 38 39 40 41 42 43 44
(38,*) 0 1 2 3 4 5 6 7 8 9 10 11 12 23 24 25 26 27 28 29 30 31 32 33 34 35 36 37 39 40 41 42 43 44
(39,*) 0 1 2 3 4 5 6 7 8 9 10 11 12 23 24 25 26 27 28 29 30 31 32 33 34 35 36 37 38 40 41 42 43 44
(40,*) 0 1 2 3 4 5 6 7 8 9 10 11 12 23 24 25 26 27 28 29 30 31 32 33 34 35 36 37 38 39 41 42 43 44
(41,*) 0 1 2 3 4 5 6 7 8 9 10 11 12 23 24 25 26 27 28 29 30 31 32 33 34 35 36 37 38 39 40 42 43 44
(42,*) 0 1 2 3 4 5 6 7 8 9 10 11 12 23 24 25 26 27 28 29 30 31 32 33 34 35 36 37 38 39 40 41 43 44
(43,*) 0 1 2 3 4 5 6 7 8 9 10 11 12 23 24 25 26 27 28 29 30 31 32 33 34 35 36 37 38 39 40 41 42 44
(44,*) 0 1 2 3 4 5 6 7 8 9 10 11 12 23 24 25 26 27 28 29 30 31 32 33 34 35 36 37 38 39 40 41 42 43
;
set A2:=
(33,*) 34
(34,*) 33
;
param BigM:=99999;
param n:= 5;
param d:=
1	13
2	18
3	20
4	9
5	23
6	10
7	24
8	14
9	8
10	13
11	23
12	8
13	5
14	14
15	18
16	10
17	9
18	10
19	19
20	14
21	24
22	3
23	23
24	8
25	19
26	5
27	18
28	13
29	14
30	2
31	15
32	20
;
param Q:=100;
param w:=
[33,*] 34 0.1
[34,*] 33 0.1
;
param V:=
[33,*] 34 97
[34,*] 33 97
;
param e:
	33	34	35	36	37	38	39	40	41	42	43:=
13		1		0		0		0		1		0		0		0		0		0		0	
14		0		0		0		0		0		1		0		0		0		1		0	
15		0		0		0		1		0		0		0		0		1		0		1	
16		0		1		0		0		0		0		0		1		0		0		0	
17		1		0		0		0		1		0		0		0		0		0		0	
18		1		0		0		0		1		0		0		0		0		0		0	
19		0		0		0		0		0		0		0		0		0		0		1	
20		0		0		0		0		0		0		0		1		0		0		0	
21		1		0		0		0		1		0		1		0		1		0		0	
22		0		1		0		0		0		0		0		0		0		0		0	
23		0		0		0		1		0		0		0		0		0		0		0	
24		0		1		0		0		0		0		0		0		0		0		0	
25		0		1		0		0		0		0		0		0		0		0		0	
26		1		0		0		0		0		0		1		0		1		0		1	
27		0		0		0		0		0		0		1		0		0		1		1	
28		1		0		0		0		0		0		1		0		1		0		1	
29		0		0		0		0		0		0		1		0		1		0		1	
30		0		1		0		0		0		0		0		0		0		0		0	
31		1		0		0		0		0		0		1		0		1		0		1	
32		0		0		0		0		0		0		0		1		0		0		0	
;
param p:=
1	3
2	3
3	3
4	3
5	3
;
param G:=
33	83
34	97
35	76
36	92
37	75
38	77
39	80
40	90
41	91
42	84
43	79
;
param s:=
0	0
1	10
2	10
3	10
4	10
5	10
6	10
7	10
8	10
9	10
10	10
11	10
12	10
23	10
24	10
25	10
26	10
27	10
28	10
29	10
30	10
31	10
32	10
33	10
34	10
35	10
36	10
37	10
38	10
39	10
40	10
41	10
42	10
43	10
;
param t:
	0	1	2	3	4	5	6	7	8	9	10	11	12	13	14	15	16	17	18	19	20	21	22	23	24	25	26	27	28	29	30	31	32	33	34	35	36	37	38	39	40	41	42	43	44:=
0	0.0	36.4	64.82	55.33	41.11	56.22	39.05	72.01	33.12	31.4	22.36	61.13	40.01	45.45	45.45	24.0	64.35	39.05	39.7	7.81	61.07	29.53	40.31	14.56	60.83	73.36	17.8	20.0	19.24	10.77	65.0	17.09	61.0	30.48	55.66	75.74	28.28	40.31	61.77	17.26	48.04	23.6	37.36	15.26	0.0
1	36.4	0.0	52.5	25.61	9.22	26.57	41.23	50.8	69.08	13.45	55.0	26.68	60.46	78.24	45.4	59.84	31.4	73.82	74.3	32.65	26.93	60.8	29.15	31.26	25.0	38.42	53.31	29.07	51.62	43.83	29.15	48.55	27.86	64.14	19.31	64.51	55.9	71.06	44.28	46.62	15.26	59.09	20.02	48.76	36.4
2	64.82	52.5	0.0	34.23	44.15	75.33	27.86	16.64	83.52	64.47	86.84	45.12	50.0	80.16	22.56	85.0	75.06	82.38	82.2	57.01	44.15	66.49	81.15	71.59	50.8	75.31	71.18	44.82	64.26	62.65	65.62	61.85	41.23	73.01	57.04	12.08	92.96	71.18	10.44	58.69	42.11	74.67	33.54	64.88	64.82
3	55.33	25.61	34.23	0.0	16.64	42.45	38.42	26.93	84.59	39.05	76.69	11.66	63.81	88.87	38.95	79.23	41.01	87.1	87.32	49.01	10.82	71.84	53.91	54.78	16.76	41.23	69.18	39.46	64.94	59.14	31.4	61.81	8.49	76.9	23.09	45.01	79.38	80.41	24.02	59.03	10.63	74.43	19.42	63.39	55.33
4	41.11	9.22	44.15	16.64	0.0	32.14	36.67	41.62	72.53	22.63	61.4	20.02	58.73	79.65	39.85	65.07	34.54	76.32	76.69	35.9	20.0	62.18	38.28	38.6	20.25	39.2	56.75	29.15	53.85	46.84	29.07	50.7	20.22	66.31	18.44	56.04	63.32	71.87	35.47	48.33	7.07	62.36	13.93	51.55	41.11
5	56.22	26.57	75.33	42.45	32.14	0.0	67.72	69.26	89.05	24.84	68.71	35.36	86.45	101.14	71.59	76.48	10.0	95.27	95.9	55.17	36.24	84.17	24.0	45.18	29.68	21.02	74.03	54.71	74.25	65.8	18.87	71.42	38.91	86.37	20.12	86.83	65.73	94.85	65.76	70.09	33.24	79.81	45.71	70.77	56.22
6	39.05	41.23	27.86	38.42	36.67	67.72	0.0	40.01	55.79	49.0	60.21	49.52	26.0	54.23	6.4	57.45	71.18	55.23	55.15	31.4	48.84	39.2	65.19	48.75	53.15	75.47	43.38	20.12	36.4	35.23	65.19	34.01	46.86	45.54	54.71	37.44	67.27	45.28	29.0	30.87	39.41	46.82	22.83	37.12	39.05
7	72.01	50.8	16.64	26.93	41.62	69.26	40.01	0.0	95.19	64.03	94.37	35.23	64.63	94.09	36.22	94.24	66.91	95.19	95.13	64.47	34.23	79.16	79.88	75.8	41.3	65.0	81.49	52.55	75.31	72.12	56.22	72.57	31.26	85.38	49.48	21.93	99.13	85.09	11.05	69.43	37.12	85.7	35.81	75.19	72.01
8	33.12	69.08	83.52	84.59	72.53	89.05	55.79	95.19	0.0	64.35	27.51	92.2	38.42	19.0	61.03	16.76	97.42	9.06	10.05	36.69	91.98	18.03	70.72	44.6	92.72	106.47	15.81	45.18	20.02	25.71	97.99	23.0	91.41	11.4	88.39	91.92	37.11	21.02	84.17	26.02	79.08	10.2	65.28	21.21	33.12
9	31.4	13.45	64.47	39.05	22.63	24.84	49.0	64.03	64.35	0.0	45.89	39.0	63.69	76.37	54.15	52.55	33.12	70.43	71.06	30.61	39.4	59.55	16.76	21.59	36.14	42.72	49.2	32.28	49.52	41.01	35.51	46.75	40.71	61.55	28.07	76.56	45.01	70.29	56.94	45.61	28.6	55.0	31.02	45.97	31.4
10	22.36	55.0	86.84	76.69	61.4	68.71	60.21	94.37	27.51	45.89	0.0	81.22	54.23	45.89	66.53	10.77	78.11	36.4	37.36	30.02	81.3	36.5	47.17	24.33	80.0	88.32	21.84	42.19	29.15	25.61	81.39	29.53	81.61	33.0	73.33	97.45	10.0	45.0	84.12	31.91	68.47	24.02	59.46	25.94	22.36
11	61.13	26.68	45.12	11.66	20.02	35.36	49.52	35.23	92.2	39.0	81.22	0.0	74.4	98.09	50.45	85.09	31.78	95.51	95.82	55.73	1.0	80.78	51.4	57.87	6.08	30.27	76.49	47.76	73.08	66.49	21.02	69.92	4.0	85.38	15.26	55.23	82.57	89.9	34.71	67.36	13.15	82.0	28.65	71.06	61.13
12	40.01	60.46	50.0	63.81	58.73	86.45	26.0	64.63	38.42	63.69	54.23	74.4	0.0	30.41	28.44	47.17	91.84	34.44	34.01	35.36	73.82	20.52	77.37	54.08	77.34	97.84	32.65	31.76	25.08	30.41	87.78	25.0	72.11	27.02	77.16	56.09	63.57	21.59	53.94	23.35	63.03	32.8	46.1	28.46	40.01
13	45.45	78.24	80.16	88.87	79.65	101.14	54.23	94.09	19.0	76.37	45.89	98.09	30.41	0.0	58.0	35.36	108.58	10.05	9.06	46.1	97.69	17.49	85.45	59.08	99.73	116.61	28.3	50.54	26.91	35.36	107.34	29.83	96.57	15.0	97.1	86.49	55.73	9.0	83.15	31.62	85.43	23.26	69.64	30.41	45.45
14	45.45	45.4	22.56	38.95	39.85	71.59	6.4	36.22	61.03	54.15	66.53	50.45	28.44	58.0	0.0	63.51	74.33	59.84	59.68	37.8	49.68	43.93	70.58	55.01	54.64	77.83	49.24	26.42	42.05	41.4	67.54	39.82	47.42	50.45	57.27	31.38	73.66	49.0	25.5	36.72	41.59	52.39	25.96	43.05	45.45
15	24.0	59.84	85.0	79.23	65.07	76.48	57.45	94.24	16.76	52.55	10.77	85.09	47.17	35.36	63.51	0.0	85.49	25.71	26.68	30.41	85.05	27.86	56.22	31.3	84.59	95.27	14.87	41.76	22.67	22.36	87.64	24.08	85.0	23.35	78.85	94.87	20.4	35.23	83.57	27.02	72.03	14.87	60.83	20.62	24.0
16	64.35	31.4	75.06	41.01	34.54	10.0	71.18	66.91	97.42	33.12	78.11	31.78	91.84	108.58	74.33	85.49	0.0	103.23	103.81	62.48	32.76	91.35	34.0	54.23	25.71	11.05	82.1	60.44	81.69	73.41	11.66	78.75	35.69	94.02	18.03	86.02	75.5	101.86	65.0	77.16	33.54	87.92	48.47	78.41	64.35
17	39.05	73.82	82.38	87.1	76.32	95.27	55.23	95.19	9.06	70.43	36.4	95.51	34.44	10.05	59.84	25.71	103.23	0.0	1.0	41.18	95.21	16.03	78.1	51.74	96.57	111.83	21.26	47.8	22.47	30.02	102.96	25.63	94.37	10.2	93.02	89.84	46.1	14.14	84.15	28.16	82.54	15.56	67.68	25.06	39.05
18	39.7	74.3	82.2	87.32	76.69	95.9	55.15	95.13	10.05	71.06	37.36	95.82	34.01	9.06	59.68	26.68	103.81	1.0	0.0	41.68	95.51	16.0	78.87	52.5	96.93	112.36	21.93	48.08	22.85	30.53	103.45	26.0	94.64	10.44	93.48	89.56	47.07	13.45	84.1	28.46	82.87	16.28	67.91	25.55	39.7
19	7.81	32.65	57.01	49.01	35.9	55.17	31.4	64.47	36.69	30.61	30.02	55.73	35.36	46.1	37.8	30.41	62.48	41.18	41.68	0.0	55.58	29.0	42.38	19.1	56.04	70.72	20.88	12.21	19.21	11.18	61.77	16.28	55.23	31.62	51.89	67.94	36.07	39.7	54.12	15.0	42.58	26.57	30.41	16.12	7.81
20	61.07	26.93	44.15	10.82	20.0	36.24	48.84	34.23	91.98	39.4	81.3	1.0	73.82	97.69	49.68	85.05	32.76	95.21	95.51	55.58	0.0	80.41	52.01	58.05	7.07	31.26	76.3	47.43	72.8	66.29	22.02	69.64	3.0	85.07	16.12	54.23	82.76	89.47	33.73	67.05	13.04	81.79	28.18	70.83	61.07
21	29.53	60.8	66.49	71.84	62.18	84.17	39.2	79.16	18.03	59.55	36.5	80.78	20.52	17.49	43.93	27.86	91.35	16.03	16.0	29.0	80.41	0.0	69.84	43.86	82.29	99.2	15.0	33.11	10.3	18.87	89.87	12.81	79.38	6.71	79.61	74.33	46.39	10.82	68.12	14.21	68.03	13.0	52.5	14.32	29.53
22	40.31	29.15	81.15	53.91	38.28	24.0	65.19	79.88	70.72	16.76	47.17	51.4	77.37	85.45	70.58	56.22	34.0	78.1	78.87	42.38	52.01	69.84	0.0	26.4	47.17	45.01	57.2	47.17	59.54	51.0	41.23	57.25	53.91	70.46	37.59	93.23	42.72	80.62	73.36	56.86	43.28	62.63	47.76	55.57	40.31
23	14.56	31.26	71.59	54.78	38.6	45.18	48.75	75.8	44.6	21.59	24.33	57.87	54.08	59.08	55.01	31.3	54.23	51.74	52.5	19.1	58.05	43.86	26.4	0.0	56.14	64.2	30.81	28.64	33.62	25.3	57.07	31.62	58.69	44.1	49.09	83.24	24.74	54.56	66.6	31.78	45.61	36.24	40.0	29.55	14.56
24	60.83	25.0	50.8	16.76	20.25	29.68	53.15	41.3	92.72	36.14	80.0	6.08	77.34	99.73	54.64	84.59	25.71	96.57	96.93	56.04	7.07	82.29	47.17	56.14	0.0	24.52	76.92	49.19	74.09	67.05	15.0	70.94	10.05	86.54	9.9	61.13	80.62	91.79	40.45	68.54	14.42	82.57	31.24	71.78	60.83
25	73.36	38.42	75.31	41.23	39.2	21.02	75.47	65.0	106.47	42.72	88.32	30.27	97.84	116.61	77.83	95.27	11.05	111.83	112.36	70.72	31.26	99.2	45.01	64.2	24.52	0.0	90.92	67.21	89.87	81.84	10.3	86.84	34.23	102.34	20.81	85.48	86.15	109.48	64.94	85.0	36.24	96.75	52.7	86.82	73.36
26	17.8	53.31	71.18	69.18	56.75	74.03	43.38	81.49	15.81	49.2	21.84	76.49	32.65	28.3	49.24	14.87	82.1	21.26	21.93	20.88	76.3	15.0	57.2	30.81	76.92	90.92	0.0	30.02	7.81	10.05	82.29	9.43	75.8	13.42	72.62	80.62	31.58	24.74	70.6	12.53	63.35	5.83	50.01	6.32	17.8
27	20.0	29.07	44.82	39.46	29.15	54.71	20.12	52.55	45.18	32.28	42.19	47.76	31.76	50.54	26.42	41.76	60.44	47.8	48.08	12.21	47.43	33.11	47.17	28.64	49.19	67.21	30.02	0.0	25.5	20.1	57.49	22.36	46.57	37.64	47.01	55.87	48.17	42.72	42.05	19.65	34.93	35.06	20.1	24.02	20.0
28	19.24	51.62	64.26	64.94	53.85	74.25	36.4	75.31	20.02	49.52	29.15	73.08	25.08	26.91	42.05	22.67	81.69	22.47	22.85	19.21	72.8	10.3	59.54	33.62	74.09	89.87	7.81	25.5	0.0	8.6	80.78	3.16	72.03	12.53	70.71	73.36	38.6	21.1	64.33	6.0	60.08	10.44	45.54	4.12	19.24
29	10.77	43.83	62.65	59.14	46.84	65.8	35.23	72.12	25.71	41.01	25.61	66.49	30.41	35.36	41.4	22.36	73.41	30.02	30.53	11.18	66.29	18.87	51.0	25.3	67.05	81.84	10.05	20.1	8.6	0.0	72.95	6.32	65.76	20.62	63.07	72.67	34.0	29.68	61.35	7.07	53.37	15.52	40.0	5.0	10.77
30	65.0	29.15	65.62	31.4	29.07	18.87	65.19	56.22	97.99	35.51	81.39	21.02	87.78	107.34	67.54	87.64	11.66	102.96	103.45	61.77	22.02	89.87	41.23	57.07	15.0	10.3	82.29	57.49	80.78	72.95	0.0	77.7	25.02	93.3	10.63	76.11	80.16	100.0	55.33	75.72	25.94	88.1	42.44	77.9	65.0
31	17.09	48.55	61.85	61.81	50.7	71.42	34.01	72.57	23.0	46.75	29.53	69.92	25.0	29.83	39.82	24.08	78.75	25.63	26.0	16.28	69.64	12.81	57.25	31.62	70.94	86.84	9.43	22.36	3.16	6.32	77.7	0.0	68.88	15.65	67.6	71.2	38.63	23.6	61.61	3.16	56.92	13.15	42.43	3.61	17.09
32	61.0	27.86	41.23	8.49	20.22	38.91	46.86	31.26	91.41	40.71	81.61	4.0	72.11	96.57	47.42	85.0	35.69	94.37	94.64	55.23	3.0	79.38	53.91	58.69	10.05	34.23	75.8	46.57	72.03	65.76	25.02	68.88	0.0	84.2	18.79	51.24	83.43	88.24	30.81	66.22	13.15	81.22	26.93	70.21	61.0
33	30.48	64.14	73.01	76.9	66.31	86.37	45.54	85.38	11.4	61.55	33.0	85.38	27.02	15.0	50.45	23.35	94.02	10.2	10.44	31.62	85.07	6.71	70.46	44.1	86.54	102.34	13.42	37.64	12.53	20.62	93.3	15.65	84.2	0.0	83.24	80.99	43.0	12.0	74.33	18.03	72.45	9.06	57.49	15.62	30.48
34	55.66	19.31	57.04	23.09	18.44	20.12	54.71	49.48	88.39	28.07	73.33	15.26	77.16	97.1	57.27	78.85	18.03	93.02	93.48	51.89	16.12	79.61	37.59	49.09	9.9	20.81	72.62	47.01	70.71	63.07	10.63	67.6	18.79	83.24	0.0	68.07	73.06	89.63	47.01	65.51	15.81	78.39	31.91	67.98	55.66
35	75.74	64.51	12.08	45.01	56.04	86.83	37.44	21.93	91.92	76.56	97.45	55.23	56.09	86.49	31.38	94.87	86.02	89.84	89.56	67.94	54.23	74.33	93.23	83.24	61.13	85.48	80.62	55.87	73.36	72.67	76.11	71.2	51.24	80.99	68.07	0.0	104.0	77.67	21.1	68.1	53.6	83.63	45.62	74.43	75.74
36	28.28	55.9	92.96	79.38	63.32	65.73	67.27	99.13	37.11	45.01	10.0	82.57	63.57	55.73	73.66	20.4	75.5	46.1	47.07	36.07	82.76	46.39	42.72	24.74	80.62	86.15	31.58	48.17	38.6	34.0	80.16	38.63	83.43	43.0	73.06	104.0	0.0	55.0	89.31	40.72	70.34	34.01	63.53	35.11	28.28
37	40.31	71.06	71.18	80.41	71.87	94.85	45.28	85.09	21.02	70.29	45.0	89.9	21.59	9.0	49.0	35.23	101.86	14.14	13.45	39.7	89.47	10.82	80.62	54.56	91.79	109.48	24.74	42.72	21.1	29.68	100.0	23.6	88.24	12.0	89.63	77.67	55.0	0.0	74.17	24.76	77.41	21.02	61.33	25.06	40.31
38	61.77	44.28	10.44	24.02	35.47	65.76	29.0	11.05	84.17	56.94	84.12	34.71	53.94	83.15	25.5	83.57	65.0	84.15	84.1	54.12	33.73	68.12	73.36	66.6	40.45	64.94	70.6	42.05	64.33	61.35	55.33	61.61	30.81	74.33	47.01	21.1	89.31	74.17	0.0	58.46	32.56	74.73	26.91	64.29	61.77
39	17.26	46.62	58.69	59.03	48.33	70.09	30.87	69.43	26.02	45.61	31.91	67.36	23.35	31.62	36.72	27.02	77.16	28.16	28.46	15.0	67.05	14.21	56.86	31.78	68.54	85.0	12.53	19.65	6.0	7.07	75.72	3.16	66.22	18.03	65.51	68.1	40.72	24.76	58.46	0.0	54.42	16.28	39.62	6.4	17.26
40	48.04	15.26	42.11	10.63	7.07	33.24	39.41	37.12	79.08	28.6	68.47	13.15	63.03	85.43	41.59	72.03	33.54	82.54	82.87	42.58	13.04	68.03	43.28	45.61	14.42	36.24	63.35	34.93	60.08	53.37	25.94	56.92	13.15	72.45	15.81	53.6	70.34	77.41	32.56	54.42	0.0	68.88	16.97	57.97	48.04
41	23.6	59.09	74.67	74.43	62.36	79.81	46.82	85.7	10.2	55.0	24.02	82.0	32.8	23.26	52.39	14.87	87.92	15.56	16.28	26.57	81.79	13.0	62.63	36.24	82.57	96.75	5.83	35.06	10.44	15.52	88.1	13.15	81.22	9.06	78.39	83.63	34.01	21.02	74.73	16.28	68.88	0.0	55.15	11.05	23.6
42	37.36	20.02	33.54	19.42	13.93	45.71	22.83	35.81	65.28	31.02	59.46	28.65	46.1	69.64	25.96	60.83	48.47	67.68	67.91	30.41	28.18	52.5	47.76	40.0	31.24	52.7	50.01	20.1	45.54	40.0	42.44	42.43	26.93	57.49	31.91	45.62	63.53	61.33	26.91	39.62	16.97	55.15	0.0	44.1	37.36
43	15.26	48.76	64.88	63.39	51.55	70.77	37.12	75.19	21.21	45.97	25.94	71.06	28.46	30.41	43.05	20.62	78.41	25.06	25.55	16.12	70.83	14.32	55.57	29.55	71.78	86.82	6.32	24.02	4.12	5.0	77.9	3.61	70.21	15.62	67.98	74.43	35.11	25.06	64.29	6.4	57.97	11.05	44.1	0.0	15.26
;
