set K:= 1	2	3	4	5;
set C_H:= 1	2	3	4	5	6	7	8	9	10	11	12	13;
set C_S:= 14	15	16	17	18	19	20	21	22	23	24	25;
set C_F:= 26	27	28	29	30	31	32	33	34	35	36	37;
set M:= 38	39;
set M_B:= 40	41;
set L_B:= 42	43	44	45	46;
set A1:=
(0,*) 1 2 3 4 5 6 7 8 9 10 11 12 13 26 27 28 29 30 31 32 33 34 35 36 37 38 39 40 41 42 43 44 45 46
(1,*) 0 2 3 4 5 6 7 8 9 10 11 12 13 26 27 28 29 30 31 32 33 34 35 36 37 38 39 40 41 42 43 44 45 46
(2,*) 0 1 3 4 5 6 7 8 9 10 11 12 13 26 27 28 29 30 31 32 33 34 35 36 37 38 39 40 41 42 43 44 45 46
(3,*) 0 1 2 4 5 6 7 8 9 10 11 12 13 26 27 28 29 30 31 32 33 34 35 36 37 38 39 40 41 42 43 44 45 46
(4,*) 0 1 2 3 5 6 7 8 9 10 11 12 13 26 27 28 29 30 31 32 33 34 35 36 37 38 39 40 41 42 43 44 45 46
(5,*) 0 1 2 3 4 6 7 8 9 10 11 12 13 26 27 28 29 30 31 32 33 34 35 36 37 38 39 40 41 42 43 44 45 46
(6,*) 0 1 2 3 4 5 7 8 9 10 11 12 13 26 27 28 29 30 31 32 33 34 35 36 37 38 39 40 41 42 43 44 45 46
(7,*) 0 1 2 3 4 5 6 8 9 10 11 12 13 26 27 28 29 30 31 32 33 34 35 36 37 38 39 40 41 42 43 44 45 46
(8,*) 0 1 2 3 4 5 6 7 9 10 11 12 13 26 27 28 29 30 31 32 33 34 35 36 37 38 39 40 41 42 43 44 45 46
(9,*) 0 1 2 3 4 5 6 7 8 10 11 12 13 26 27 28 29 30 31 32 33 34 35 36 37 38 39 40 41 42 43 44 45 46
(10,*) 0 1 2 3 4 5 6 7 8 9 11 12 13 26 27 28 29 30 31 32 33 34 35 36 37 38 39 40 41 42 43 44 45 46
(11,*) 0 1 2 3 4 5 6 7 8 9 10 12 13 26 27 28 29 30 31 32 33 34 35 36 37 38 39 40 41 42 43 44 45 46
(12,*) 0 1 2 3 4 5 6 7 8 9 10 11 13 26 27 28 29 30 31 32 33 34 35 36 37 38 39 40 41 42 43 44 45 46
(13,*) 0 1 2 3 4 5 6 7 8 9 10 11 12 26 27 28 29 30 31 32 33 34 35 36 37 38 39 40 41 42 43 44 45 46
(26,*) 0 1 2 3 4 5 6 7 8 9 10 11 12 13 27 28 29 30 31 32 33 34 35 36 37 38 39 40 41 42 43 44 45 46
(27,*) 0 1 2 3 4 5 6 7 8 9 10 11 12 13 26 28 29 30 31 32 33 34 35 36 37 38 39 40 41 42 43 44 45 46
(28,*) 0 1 2 3 4 5 6 7 8 9 10 11 12 13 26 27 29 30 31 32 33 34 35 36 37 38 39 40 41 42 43 44 45 46
(29,*) 0 1 2 3 4 5 6 7 8 9 10 11 12 13 26 27 28 30 31 32 33 34 35 36 37 38 39 40 41 42 43 44 45 46
(30,*) 0 1 2 3 4 5 6 7 8 9 10 11 12 13 26 27 28 29 31 32 33 34 35 36 37 38 39 40 41 42 43 44 45 46
(31,*) 0 1 2 3 4 5 6 7 8 9 10 11 12 13 26 27 28 29 30 32 33 34 35 36 37 38 39 40 41 42 43 44 45 46
(32,*) 0 1 2 3 4 5 6 7 8 9 10 11 12 13 26 27 28 29 30 31 33 34 35 36 37 38 39 40 41 42 43 44 45 46
(33,*) 0 1 2 3 4 5 6 7 8 9 10 11 12 13 26 27 28 29 30 31 32 34 35 36 37 38 39 40 41 42 43 44 45 46
(34,*) 0 1 2 3 4 5 6 7 8 9 10 11 12 13 26 27 28 29 30 31 32 33 35 36 37 38 39 40 41 42 43 44 45 46
(35,*) 0 1 2 3 4 5 6 7 8 9 10 11 12 13 26 27 28 29 30 31 32 33 34 36 37 38 39 40 41 42 43 44 45 46
(36,*) 0 1 2 3 4 5 6 7 8 9 10 11 12 13 26 27 28 29 30 31 32 33 34 35 37 38 39 40 41 42 43 44 45 46
(37,*) 0 1 2 3 4 5 6 7 8 9 10 11 12 13 26 27 28 29 30 31 32 33 34 35 36 38 39 40 41 42 43 44 45 46
(38,*) 0 1 2 3 4 5 6 7 8 9 10 11 12 13 26 27 28 29 30 31 32 33 34 35 36 37 39 40 41 42 43 44 45 46
(39,*) 0 1 2 3 4 5 6 7 8 9 10 11 12 13 26 27 28 29 30 31 32 33 34 35 36 37 38 40 41 42 43 44 45 46
(40,*) 0 1 2 3 4 5 6 7 8 9 10 11 12 13 26 27 28 29 30 31 32 33 34 35 36 37 38 39 41 42 43 44 45 46
(41,*) 0 1 2 3 4 5 6 7 8 9 10 11 12 13 26 27 28 29 30 31 32 33 34 35 36 37 38 39 40 42 43 44 45 46
(42,*) 0 1 2 3 4 5 6 7 8 9 10 11 12 13 26 27 28 29 30 31 32 33 34 35 36 37 38 39 40 41 43 44 45 46
(43,*) 0 1 2 3 4 5 6 7 8 9 10 11 12 13 26 27 28 29 30 31 32 33 34 35 36 37 38 39 40 41 42 44 45 46
(44,*) 0 1 2 3 4 5 6 7 8 9 10 11 12 13 26 27 28 29 30 31 32 33 34 35 36 37 38 39 40 41 42 43 45 46
(45,*) 0 1 2 3 4 5 6 7 8 9 10 11 12 13 26 27 28 29 30 31 32 33 34 35 36 37 38 39 40 41 42 43 44 46
(46,*) 0 1 2 3 4 5 6 7 8 9 10 11 12 13 26 27 28 29 30 31 32 33 34 35 36 37 38 39 40 41 42 43 44 45
;
set A2:=
(38,*) 39
(39,*) 38
;
param BigM:=99999;
param n:= 5;
param d:=
1	12
2	8
3	11
4	19
5	13
6	9
7	13
8	19
9	26
10	20
11	12
12	3
13	14
14	5
15	12
16	23
17	25
18	5
19	9
20	8
21	12
22	19
23	25
24	7
25	13
26	18
27	12
28	8
29	1
30	5
31	17
32	21
33	13
34	4
35	2
36	24
37	14
;
param Q:=100;
param w:=
[38,*] 39 0.1
[39,*] 38 0.1
;
param V:=
[38,*] 39 99
[39,*] 38 99
;
param e:
	38	39	40	41	42	43	44	45	46:=
14		1		0		1		0		0		0		0		0		0	
15		0		1		0		1		0		0		0		0		0	
16		1		0		1		0		0		0		0		0		0	
17		0		1		0		1		0		0		0		0		0	
18		0		0		0		0		0		0		0		0		1	
19		0		0		0		0		0		0		0		1		0	
20		0		0		0		0		0		0		0		1		0	
21		0		1		0		1		0		0		0		0		0	
22		0		0		0		0		1		0		0		0		0	
23		0		0		0		0		1		0		1		0		1	
24		0		0		0		0		0		1		0		0		0	
25		1		0		1		0		0		0		0		1		0	
26		0		0		0		0		0		1		0		0		0	
27		0		1		0		1		0		0		1		0		1	
28		0		0		0		0		1		0		1		1		1	
29		0		1		0		1		0		0		0		0		0	
30		1		0		1		0		0		0		0		0		0	
31		1		0		1		0		0		0		0		1		0	
32		0		0		0		0		1		0		0		0		0	
33		0		0		0		0		1		0		0		0		0	
34		0		0		0		0		0		1		1		1		1	
35		1		0		1		0		0		0		0		0		0	
36		0		0		0		0		1		0		1		0		1	
37		0		0		0		0		0		1		0		0		0	
;
param p:=
1	3
2	3
3	3
4	3
5	3
;
param G:=
38	99
39	89
40	99
41	89
42	93
43	70
44	92
45	98
46	70
;
param s:=
0	0
1	10
2	10
3	10
4	10
5	10
6	10
7	10
8	10
9	10
10	10
11	10
12	10
13	10
26	10
27	10
28	10
29	10
30	10
31	10
32	10
33	10
34	10
35	10
36	10
37	10
38	10
39	10
40	10
41	10
42	10
43	10
44	10
45	10
46	10
;
param t:
	0	1	2	3	4	5	6	7	8	9	10	11	12	13	14	15	16	17	18	19	20	21	22	23	24	25	26	27	28	29	30	31	32	33	34	35	36	37	38	39	40	41	42	43	44	45	46:=
0	0.0	71.69	69.86	38.47	38.47	42.52	73.59	32.56	31.11	28.28	47.71	53.67	22.36	32.06	16.12	75.29	16.12	59.09	32.56	24.33	6.32	60.83	41.62	37.95	42.76	55.57	43.86	43.86	30.46	59.67	26.68	8.49	53.85	52.35	35.44	42.19	41.23	48.66	25.32	65.12	25.32	65.12	32.76	26.02	21.93	10.77	43.14
1	71.69	0.0	12.17	84.21	56.04	111.52	25.06	84.85	44.41	86.37	92.78	92.2	87.86	87.73	80.99	21.54	63.25	93.68	42.43	48.37	76.03	28.84	32.25	34.0	59.67	58.82	84.85	34.06	41.23	16.12	90.0	79.62	50.6	26.08	56.32	58.31	34.06	61.35	81.57	29.73	81.57	29.73	39.96	67.03	51.66	64.56	35.06
2	69.86	12.17	0.0	87.86	48.08	107.33	36.77	78.41	46.39	88.09	97.02	97.41	88.2	81.61	76.97	33.53	59.09	99.54	44.41	45.61	73.38	38.21	34.93	32.25	65.39	48.33	89.29	38.63	40.2	10.2	85.09	77.2	40.25	18.87	60.73	49.68	37.36	68.0	76.01	40.0	76.01	40.0	37.11	69.72	52.01	64.28	39.56
3	38.47	84.21	87.86	0.0	73.54	66.75	73.76	70.23	41.76	14.14	10.0	15.23	24.08	68.96	52.5	77.28	52.8	20.88	43.68	51.61	43.08	60.83	52.95	58.31	27.2	90.55	6.0	50.16	50.99	78.59	61.19	41.76	86.83	75.39	28.0	77.79	50.64	29.53	62.97	63.56	62.97	63.56	56.82	18.79	38.95	32.56	49.16
4	38.47	56.04	48.08	73.54	0.0	63.56	70.88	31.3	41.76	66.03	83.45	87.86	60.83	34.93	36.06	70.23	22.36	92.46	41.23	24.17	37.95	62.51	42.0	30.07	65.39	17.2	77.9	48.04	30.59	40.0	40.79	41.76	16.12	30.0	57.27	4.47	44.05	70.94	30.81	66.75	30.81	66.75	25.08	56.22	37.59	41.04	48.09
5	42.52	111.52	107.33	66.75	63.56	0.0	115.97	34.0	73.59	52.61	72.03	80.1	42.76	30.0	30.53	117.46	48.37	86.09	74.97	63.25	36.77	103.32	83.55	77.67	82.29	76.11	72.69	86.28	71.22	97.53	22.8	34.06	78.92	88.57	76.16	64.78	83.45	87.73	32.76	107.63	32.76	107.63	71.56	63.98	64.38	52.8	85.59
6	73.59	25.06	36.77	73.76	70.88	115.97	0.0	95.02	42.52	79.85	80.62	78.03	84.12	97.1	86.56	4.47	70.46	78.1	41.04	54.92	79.2	13.42	32.8	42.05	46.69	78.23	72.69	29.73	46.04	36.22	96.83	82.07	70.11	44.05	46.82	74.22	32.56	46.04	90.14	10.2	90.14	10.2	48.3	60.01	51.66	64.03	30.48
7	32.56	84.85	78.41	70.23	31.3	34.0	95.02	0.0	56.32	58.14	78.79	85.44	49.4	4.0	17.89	95.41	25.3	91.08	56.92	40.25	27.2	84.1	62.61	53.25	74.03	42.19	75.89	67.23	49.19	69.43	13.42	28.64	45.61	59.67	66.12	31.62	63.56	80.02	7.28	88.57	7.28	88.57	46.87	58.42	48.05	42.05	66.85
8	31.11	44.41	46.39	41.76	41.76	73.59	42.52	56.32	0.0	42.05	51.26	52.84	43.68	57.58	44.94	44.41	31.05	56.04	2.0	18.11	36.88	29.73	12.17	17.2	24.41	56.36	43.86	12.81	11.66	36.88	55.57	39.6	50.48	34.0	16.97	46.17	10.77	29.53	50.33	34.06	50.33	34.06	18.03	23.35	9.22	21.63	12.04
9	28.28	86.37	88.09	14.14	66.03	52.61	79.85	58.14	42.05	0.0	20.88	28.28	10.0	56.46	40.25	82.87	44.05	34.23	44.05	46.82	31.62	66.48	54.15	56.57	35.61	83.23	20.1	52.95	48.66	78.23	48.08	29.53	80.62	73.35	33.11	70.0	52.35	39.6	51.0	69.86	51.0	69.86	53.6	19.92	36.35	26.0	51.97
10	47.71	92.78	97.02	10.0	83.45	72.03	80.62	78.79	51.26	20.88	0.0	8.25	30.59	77.25	60.93	84.38	62.48	14.14	53.14	61.61	51.88	68.12	62.1	68.03	34.06	100.5	8.0	58.86	60.83	87.93	68.96	50.16	96.83	85.09	36.5	87.68	59.67	34.93	71.59	70.46	71.59	70.46	66.73	28.65	48.88	42.43	57.87
11	53.67	92.2	97.41	15.23	87.86	80.1	78.03	85.44	52.84	28.28	8.25	0.0	38.21	84.12	67.68	82.0	67.68	6.0	54.59	65.12	58.31	66.12	62.77	69.97	32.56	104.69	10.0	58.82	63.25	88.77	76.16	56.92	100.5	86.83	36.77	92.2	60.17	32.0	78.19	68.0	78.19	68.0	69.4	31.83	51.86	47.2	57.87
12	22.36	87.86	88.2	24.08	60.83	42.76	84.12	49.4	43.68	10.0	30.59	38.21	0.0	47.41	31.62	86.76	38.47	44.18	45.61	44.41	24.08	70.71	55.79	56.04	42.52	77.9	30.07	55.71	48.04	78.1	38.63	21.26	76.16	72.11	38.42	64.5	54.41	47.2	42.44	74.43	42.44	74.43	52.09	24.84	36.35	24.0	54.78
13	32.06	87.73	81.61	68.96	34.93	30.0	97.1	4.0	57.58	56.46	77.25	84.12	47.41	0.0	16.49	97.65	26.83	89.84	58.31	42.19	26.31	85.88	64.5	55.61	74.24	46.17	74.73	68.88	51.11	72.47	10.0	27.2	49.48	62.8	66.48	35.44	65.3	80.22	7.28	90.35	7.28	90.35	49.2	58.08	49.04	42.05	68.45
14	16.12	80.99	76.97	52.5	36.06	30.53	86.56	17.89	44.94	40.25	60.93	67.68	31.62	16.49	0.0	87.73	17.89	73.38	46.04	32.8	10.0	74.4	53.81	47.2	58.86	51.42	58.24	57.2	41.04	67.08	10.77	10.77	52.15	58.31	51.42	38.47	54.04	64.78	10.82	78.82	10.82	78.82	41.05	42.01	35.85	26.68	56.61
15	75.29	21.54	33.53	77.28	70.23	117.46	4.47	95.41	44.41	82.87	84.38	82.0	86.76	97.65	87.73	0.0	71.22	82.22	42.8	55.61	80.72	16.49	33.94	42.19	50.36	76.66	76.42	31.62	46.86	34.0	97.84	83.74	68.47	42.43	50.0	73.38	34.06	50.0	90.8	14.0	90.8	14.0	48.55	62.97	53.41	66.03	32.45
16	16.12	63.25	59.09	52.8	22.36	48.37	70.46	25.3	31.05	44.05	62.48	67.68	38.47	26.83	17.89	71.22	0.0	72.72	31.62	15.62	16.12	59.06	37.74	29.73	50.36	39.45	57.69	42.05	24.41	49.19	26.91	20.1	37.95	40.5	42.19	26.08	38.47	56.32	19.72	63.53	19.72	63.53	23.43	37.16	23.09	20.59	41.63
17	59.09	93.68	99.54	20.88	92.46	86.09	78.1	91.08	56.04	34.23	14.14	6.0	44.18	89.84	73.38	82.22	72.72	0.0	57.69	69.31	63.91	66.75	65.3	73.24	34.18	109.12	15.23	60.93	66.84	91.24	82.0	62.64	104.65	89.89	39.45	96.83	62.61	32.56	83.82	68.26	83.82	68.26	73.11	36.24	55.87	52.15	60.01
18	32.56	42.43	44.41	43.68	41.23	74.97	41.04	56.92	2.0	44.05	53.14	54.59	45.61	58.31	46.04	42.8	31.62	57.69	0.0	18.0	38.21	28.43	10.2	15.62	25.61	55.46	45.69	11.31	10.77	34.93	56.6	41.04	49.4	32.25	18.44	45.61	8.94	30.53	51.08	32.8	51.08	32.8	17.0	25.32	10.63	23.32	10.63
19	24.33	48.37	45.61	51.61	24.17	63.25	54.92	40.25	18.11	46.82	61.61	65.12	44.41	42.19	32.8	55.61	15.62	69.31	18.0	0.0	27.86	43.86	22.36	14.42	41.23	40.0	55.32	27.2	8.94	35.44	42.43	31.62	35.38	28.07	33.11	28.64	23.41	46.82	35.23	48.33	35.23	48.33	8.54	33.3	13.6	20.88	26.93
20	6.32	76.03	73.38	43.08	37.95	36.77	79.2	27.2	36.88	31.62	51.88	58.31	24.08	26.31	10.0	80.72	16.12	63.91	38.21	27.86	0.0	66.6	46.86	42.05	49.03	54.63	48.7	49.52	34.99	63.25	20.4	4.0	53.85	55.32	41.76	41.23	46.69	54.92	19.92	70.94	19.92	70.94	36.4	32.02	27.66	17.09	48.84
21	60.83	28.84	38.21	60.83	62.51	103.32	13.42	84.1	29.73	66.48	68.12	66.12	70.71	85.88	74.4	16.49	59.06	66.75	28.43	43.86	66.6	0.0	21.54	32.56	34.06	72.25	60.13	17.2	34.93	34.0	84.88	69.31	64.5	39.29	33.53	66.27	20.59	34.23	78.77	4.47	78.77	4.47	38.33	46.62	38.95	50.99	17.8
22	41.62	32.25	34.93	52.95	42.0	83.55	32.8	62.61	12.17	54.15	62.1	62.77	55.79	64.5	53.81	33.94	37.74	65.3	10.2	22.36	46.86	21.54	0.0	12.17	31.62	53.85	54.41	6.32	13.42	26.0	64.03	50.0	46.82	25.46	26.0	46.04	2.83	35.38	57.45	26.0	57.45	26.0	17.12	35.06	20.12	33.11	6.71
23	37.95	34.0	32.25	58.31	30.07	77.67	42.05	53.25	17.2	56.57	68.03	69.97	56.04	55.61	47.2	42.19	29.73	73.24	15.62	14.42	42.05	32.56	12.17	0.0	41.04	41.76	60.83	18.44	8.0	22.09	56.64	45.69	34.93	17.09	34.06	34.0	14.56	45.61	48.92	36.88	48.92	36.88	6.4	39.56	20.22	32.06	18.68
24	42.76	59.67	65.39	27.2	65.39	82.29	46.69	74.03	24.41	35.61	34.06	32.56	42.52	74.24	58.86	50.36	50.36	34.18	25.61	41.23	49.03	34.06	31.62	41.04	0.0	80.62	26.08	26.83	36.06	57.31	69.43	50.0	74.89	56.85	8.25	69.86	28.84	6.0	67.12	36.5	67.12	36.5	42.44	18.36	28.16	32.25	25.94
25	55.57	58.82	48.33	90.55	17.2	76.11	78.23	42.19	56.36	83.23	100.5	104.69	77.9	46.17	51.42	76.66	39.45	109.12	55.46	40.0	54.63	72.25	53.85	41.76	80.62	0.0	94.76	60.17	44.72	43.17	54.04	58.31	8.25	34.23	72.72	13.42	56.32	85.88	44.1	76.11	44.1	76.11	38.48	72.92	53.6	58.14	60.44
26	43.86	84.85	89.29	6.0	77.9	72.69	72.69	75.89	43.86	20.1	8.0	10.0	30.07	74.73	58.24	76.42	57.69	15.23	45.69	55.32	48.7	60.13	54.41	60.83	26.08	94.76	0.0	50.99	53.85	80.32	67.08	47.54	90.69	77.82	28.64	82.22	51.92	27.2	68.62	62.51	68.62	62.51	59.91	22.02	42.2	37.2	50.01
27	43.86	34.06	38.63	50.16	48.04	86.28	29.73	67.23	12.81	52.95	58.86	58.82	55.71	68.88	57.2	31.62	42.05	60.93	11.31	27.2	49.52	17.2	6.32	18.44	26.83	60.17	50.99	0.0	18.44	30.53	67.68	52.35	53.14	31.24	22.36	52.15	4.0	30.0	61.72	21.63	61.72	21.63	23.0	33.24	21.93	34.41	1.0
28	30.46	41.23	40.2	50.99	30.59	71.22	46.04	49.19	11.66	48.66	60.83	63.25	48.04	51.11	41.04	46.86	24.41	66.84	10.77	8.94	34.99	34.93	13.42	8.0	36.06	44.72	53.85	18.44	0.0	30.07	50.99	38.47	38.83	24.74	28.43	34.93	14.56	41.18	44.1	39.4	44.1	39.4	6.4	32.2	12.37	24.08	18.25
29	59.67	16.12	10.2	78.59	40.0	97.53	36.22	69.43	36.88	78.23	87.93	88.77	78.1	72.47	67.08	34.0	49.19	91.24	34.93	35.44	63.25	34.0	26.0	22.09	57.31	43.17	80.32	30.53	30.07	0.0	75.47	67.05	34.93	10.0	52.0	42.19	28.64	60.46	66.61	36.77	66.61	36.77	26.93	60.21	42.01	54.15	31.38
30	26.68	90.0	85.09	61.19	40.79	22.8	96.83	13.42	55.57	48.08	68.96	76.16	38.63	10.0	10.77	97.84	26.91	82.0	56.6	42.43	20.4	84.88	64.03	56.64	69.43	54.04	67.08	67.68	50.99	75.47	0.0	20.0	56.32	66.24	62.1	42.19	64.4	75.31	10.05	89.31	10.05	89.31	50.33	52.24	46.53	37.36	67.12
31	8.49	79.62	77.2	41.76	41.76	34.06	82.07	28.64	39.6	29.53	50.16	56.92	21.26	27.2	10.77	83.74	20.1	62.64	41.04	31.62	4.0	69.31	50.0	45.69	50.0	58.31	47.54	52.35	38.47	67.05	20.0	0.0	57.72	59.23	43.08	44.94	49.68	55.79	21.47	73.59	21.47	73.59	40.16	32.39	30.41	18.87	51.62
32	53.85	50.6	40.25	86.83	16.12	78.92	70.11	45.61	50.48	80.62	96.83	100.5	76.16	49.48	52.15	68.47	37.95	104.65	49.4	35.38	53.85	64.5	46.82	34.93	74.89	8.25	90.69	53.14	38.83	34.93	56.32	57.72	0.0	26.08	67.2	14.14	49.4	79.92	46.27	68.26	46.27	68.26	32.45	68.68	48.8	54.92	53.49
33	52.35	26.08	18.87	75.39	30.0	88.57	44.05	59.67	34.0	73.35	85.09	86.83	72.11	62.8	58.31	42.43	40.5	89.89	32.25	28.07	55.32	39.29	25.46	17.09	56.85	34.23	77.82	31.24	24.74	10.0	66.24	59.23	26.08	0.0	50.48	32.25	28.28	60.83	57.14	42.76	57.14	42.76	20.02	56.65	37.11	48.17	31.89
34	35.44	56.32	60.73	28.0	57.27	76.16	46.82	66.12	16.97	33.11	36.5	36.77	38.42	66.48	51.42	50.0	42.19	39.45	18.44	33.11	41.76	33.53	26.0	34.06	8.25	72.72	28.64	22.36	28.43	52.0	62.1	43.08	67.2	50.48	0.0	61.74	23.41	14.14	59.3	36.77	59.3	36.77	34.83	13.6	19.92	24.74	21.38
35	42.19	58.31	49.68	77.79	4.47	64.78	74.22	31.62	46.17	70.0	87.68	92.2	64.5	35.44	38.47	73.38	26.08	96.83	45.61	28.64	41.23	66.27	46.04	34.0	69.86	13.42	82.22	52.15	34.93	42.19	42.19	44.94	14.14	32.25	61.74	0.0	48.17	75.39	32.14	70.46	32.14	70.46	29.27	60.61	42.06	45.25	52.24
36	41.23	34.06	37.36	50.64	44.05	83.45	32.56	63.56	10.77	52.35	59.67	60.17	54.41	65.3	54.04	34.06	38.47	62.61	8.94	23.41	46.69	20.59	2.83	14.56	28.84	56.32	51.92	4.0	14.56	28.64	64.4	49.68	49.4	28.28	23.41	48.17	0.0	32.56	58.18	25.06	58.18	25.06	19.0	33.0	19.42	32.25	4.12
37	48.66	61.35	68.0	29.53	70.94	87.73	46.04	80.02	29.53	39.6	34.93	32.0	47.2	80.22	64.78	50.0	56.32	32.56	30.53	46.82	54.92	34.23	35.38	45.61	6.0	85.88	27.2	30.0	41.18	60.46	75.31	55.79	79.92	60.83	14.14	75.39	32.56	0.0	73.11	36.0	73.11	36.0	47.51	23.77	33.96	38.21	29.21
38	25.32	81.57	76.01	62.97	30.81	32.76	90.14	7.28	50.33	51.0	71.59	78.19	42.44	7.28	10.82	90.8	19.72	83.82	51.08	35.23	19.92	78.77	57.45	48.92	67.12	44.1	68.62	61.72	44.1	66.61	10.05	21.47	46.27	57.14	59.3	32.14	58.18	73.11	0.0	83.24	0.0	83.24	42.52	51.24	41.76	35.0	61.27
39	65.12	29.73	40.0	63.56	66.75	107.63	10.2	88.57	34.06	69.86	70.46	68.0	74.43	90.35	78.82	14.0	63.53	68.26	32.8	48.33	70.94	4.47	26.0	36.88	36.5	76.11	62.51	21.63	39.4	36.77	89.31	73.59	68.26	42.76	36.77	70.46	25.06	36.0	83.24	0.0	83.24	0.0	42.72	50.09	43.28	55.17	22.2
40	25.32	81.57	76.01	62.97	30.81	32.76	90.14	7.28	50.33	51.0	71.59	78.19	42.44	7.28	10.82	90.8	19.72	83.82	51.08	35.23	19.92	78.77	57.45	48.92	67.12	44.1	68.62	61.72	44.1	66.61	10.05	21.47	46.27	57.14	59.3	32.14	58.18	73.11	0.0	83.24	0.0	83.24	42.52	51.24	41.76	35.0	61.27
41	65.12	29.73	40.0	63.56	66.75	107.63	10.2	88.57	34.06	69.86	70.46	68.0	74.43	90.35	78.82	14.0	63.53	68.26	32.8	48.33	70.94	4.47	26.0	36.88	36.5	76.11	62.51	21.63	39.4	36.77	89.31	73.59	68.26	42.76	36.77	70.46	25.06	36.0	83.24	0.0	83.24	0.0	42.72	50.09	43.28	55.17	22.2
42	32.76	39.96	37.11	56.82	25.08	71.56	48.3	46.87	18.03	53.6	66.73	69.4	52.09	49.2	41.05	48.55	23.43	73.11	17.0	8.54	36.4	38.33	17.12	6.4	42.44	38.48	59.91	23.0	6.4	26.93	50.33	40.16	32.45	20.02	34.83	29.27	19.0	47.51	42.52	42.72	42.52	42.72	0.0	38.08	17.89	28.16	23.02
43	26.02	67.03	69.72	18.79	56.22	63.98	60.01	58.42	23.35	19.92	28.65	31.83	24.84	58.08	42.01	62.97	37.16	36.24	25.32	33.3	32.02	46.62	35.06	39.56	18.36	72.92	22.02	33.24	32.2	60.21	52.24	32.39	68.68	56.65	13.6	60.61	33.0	23.77	51.24	50.09	51.24	50.09	38.08	0.0	20.25	16.76	32.25
44	21.93	51.66	52.01	38.95	37.59	64.38	51.66	48.05	9.22	36.35	48.88	51.86	36.35	49.04	35.85	53.41	23.09	55.87	10.63	13.6	27.66	38.95	20.12	20.22	28.16	53.6	42.2	21.93	12.37	42.01	46.53	30.41	48.8	37.11	19.92	42.06	19.42	33.96	41.76	43.28	41.76	43.28	17.89	20.25	0.0	13.0	21.21
45	10.77	64.56	64.28	32.56	41.04	52.8	64.03	42.05	21.63	26.0	42.43	47.2	24.0	42.05	26.68	66.03	20.59	52.15	23.32	20.88	17.09	50.99	33.11	32.06	32.25	58.14	37.2	34.41	24.08	54.15	37.36	18.87	54.92	48.17	24.74	45.25	32.25	38.21	35.0	55.17	35.0	55.17	28.16	16.76	13.0	0.0	33.6
46	43.14	35.06	39.56	49.16	48.09	85.59	30.48	66.85	12.04	51.97	57.87	57.87	54.78	68.45	56.61	32.45	41.63	60.01	10.63	26.93	48.84	17.8	6.71	18.68	25.94	60.44	50.01	1.0	18.25	31.38	67.12	51.62	53.49	31.89	21.38	52.24	4.12	29.21	61.27	22.2	61.27	22.2	23.02	32.25	21.21	33.6	0.0
;
