set K:= 1	2	3	4	5;
set C_H:= 1	2	3	4	5	6	7	8	9	10	11	12;
set C_S:= 13	14	15	16	17	18	19	20	21	22	23	24	25;
set C_F:= 26	27	28	29	30	31	32	33	34	35	36	37	38;
set M:= 39	40	41	42	43	44;
set L_B:= 45;
set A1:=
(0,*) 1 2 3 4 5 6 7 8 9 10 11 12 26 27 28 29 30 31 32 33 34 35 36 37 38 39 40 41 42 43 44 45 46
(1,*) 0 2 3 4 5 6 7 8 9 10 11 12 26 27 28 29 30 31 32 33 34 35 36 37 38 39 40 41 42 43 44 45 46
(2,*) 0 1 3 4 5 6 7 8 9 10 11 12 26 27 28 29 30 31 32 33 34 35 36 37 38 39 40 41 42 43 44 45 46
(3,*) 0 1 2 4 5 6 7 8 9 10 11 12 26 27 28 29 30 31 32 33 34 35 36 37 38 39 40 41 42 43 44 45 46
(4,*) 0 1 2 3 5 6 7 8 9 10 11 12 26 27 28 29 30 31 32 33 34 35 36 37 38 39 40 41 42 43 44 45 46
(5,*) 0 1 2 3 4 6 7 8 9 10 11 12 26 27 28 29 30 31 32 33 34 35 36 37 38 39 40 41 42 43 44 45 46
(6,*) 0 1 2 3 4 5 7 8 9 10 11 12 26 27 28 29 30 31 32 33 34 35 36 37 38 39 40 41 42 43 44 45 46
(7,*) 0 1 2 3 4 5 6 8 9 10 11 12 26 27 28 29 30 31 32 33 34 35 36 37 38 39 40 41 42 43 44 45 46
(8,*) 0 1 2 3 4 5 6 7 9 10 11 12 26 27 28 29 30 31 32 33 34 35 36 37 38 39 40 41 42 43 44 45 46
(9,*) 0 1 2 3 4 5 6 7 8 10 11 12 26 27 28 29 30 31 32 33 34 35 36 37 38 39 40 41 42 43 44 45 46
(10,*) 0 1 2 3 4 5 6 7 8 9 11 12 26 27 28 29 30 31 32 33 34 35 36 37 38 39 40 41 42 43 44 45 46
(11,*) 0 1 2 3 4 5 6 7 8 9 10 12 26 27 28 29 30 31 32 33 34 35 36 37 38 39 40 41 42 43 44 45 46
(12,*) 0 1 2 3 4 5 6 7 8 9 10 11 26 27 28 29 30 31 32 33 34 35 36 37 38 39 40 41 42 43 44 45 46
(26,*) 0 1 2 3 4 5 6 7 8 9 10 11 12 27 28 29 30 31 32 33 34 35 36 37 38 39 40 41 42 43 44 45 46
(27,*) 0 1 2 3 4 5 6 7 8 9 10 11 12 26 28 29 30 31 32 33 34 35 36 37 38 39 40 41 42 43 44 45 46
(28,*) 0 1 2 3 4 5 6 7 8 9 10 11 12 26 27 29 30 31 32 33 34 35 36 37 38 39 40 41 42 43 44 45 46
(29,*) 0 1 2 3 4 5 6 7 8 9 10 11 12 26 27 28 30 31 32 33 34 35 36 37 38 39 40 41 42 43 44 45 46
(30,*) 0 1 2 3 4 5 6 7 8 9 10 11 12 26 27 28 29 31 32 33 34 35 36 37 38 39 40 41 42 43 44 45 46
(31,*) 0 1 2 3 4 5 6 7 8 9 10 11 12 26 27 28 29 30 32 33 34 35 36 37 38 39 40 41 42 43 44 45 46
(32,*) 0 1 2 3 4 5 6 7 8 9 10 11 12 26 27 28 29 30 31 33 34 35 36 37 38 39 40 41 42 43 44 45 46
(33,*) 0 1 2 3 4 5 6 7 8 9 10 11 12 26 27 28 29 30 31 32 34 35 36 37 38 39 40 41 42 43 44 45 46
(34,*) 0 1 2 3 4 5 6 7 8 9 10 11 12 26 27 28 29 30 31 32 33 35 36 37 38 39 40 41 42 43 44 45 46
(35,*) 0 1 2 3 4 5 6 7 8 9 10 11 12 26 27 28 29 30 31 32 33 34 36 37 38 39 40 41 42 43 44 45 46
(36,*) 0 1 2 3 4 5 6 7 8 9 10 11 12 26 27 28 29 30 31 32 33 34 35 37 38 39 40 41 42 43 44 45 46
(37,*) 0 1 2 3 4 5 6 7 8 9 10 11 12 26 27 28 29 30 31 32 33 34 35 36 38 39 40 41 42 43 44 45 46
(38,*) 0 1 2 3 4 5 6 7 8 9 10 11 12 26 27 28 29 30 31 32 33 34 35 36 37 39 40 41 42 43 44 45 46
(39,*) 0 1 2 3 4 5 6 7 8 9 10 11 12 26 27 28 29 30 31 32 33 34 35 36 37 38 40 41 42 43 44 45 46
(40,*) 0 1 2 3 4 5 6 7 8 9 10 11 12 26 27 28 29 30 31 32 33 34 35 36 37 38 39 41 42 43 44 45 46
(41,*) 0 1 2 3 4 5 6 7 8 9 10 11 12 26 27 28 29 30 31 32 33 34 35 36 37 38 39 40 42 43 44 45 46
(42,*) 0 1 2 3 4 5 6 7 8 9 10 11 12 26 27 28 29 30 31 32 33 34 35 36 37 38 39 40 41 43 44 45 46
(43,*) 0 1 2 3 4 5 6 7 8 9 10 11 12 26 27 28 29 30 31 32 33 34 35 36 37 38 39 40 41 42 44 45 46
(44,*) 0 1 2 3 4 5 6 7 8 9 10 11 12 26 27 28 29 30 31 32 33 34 35 36 37 38 39 40 41 42 43 45 46
(45,*) 0 1 2 3 4 5 6 7 8 9 10 11 12 26 27 28 29 30 31 32 33 34 35 36 37 38 39 40 41 42 43 44 46
(46,*) 0 1 2 3 4 5 6 7 8 9 10 11 12 26 27 28 29 30 31 32 33 34 35 36 37 38 39 40 41 42 43 44 45
;
set A2:=
(39,*) 40
(40,*) 39
(41,*) 42
(42,*) 41
;
param BigM:=99999;
param n:= 5;
param d:=
1	24
2	20
3	13
4	5
5	3
6	21
7	20
8	7
9	3
10	9
11	2
12	7
13	23
14	24
15	26
16	19
17	12
18	3
19	16
20	14
21	3
22	22
23	6
24	24
25	3
26	4
27	5
28	20
29	1
30	16
31	24
32	6
33	6
34	15
35	6
36	20
37	13
38	10
;
param Q:=100;
param w:=
[39,*] 40 2
[40,*] 39 2
[41,*] 42 2
[42,*] 41 2
;
param V:=
[39,*] 40 81
[40,*] 39 81
[41,*] 42 92
[42,*] 41 92
;
param e:
	39	40	41	42	43	44	45:=
13		1		0		0		1		0		0		0	
14		1		0		0		1		1		0		0	
15		0		1		1		0		0		1		0	
16		1		0		0		1		0		0		0	
17		1		0		0		0		1		0		0	
18		0		1		0		0		0		0		1	
19		0		0		0		0		0		1		0	
20		0		0		0		0		0		1		0	
21		0		0		1		0		0		1		0	
22		1		0		0		0		1		1		0	
23		0		1		0		0		0		1		0	
24		0		0		1		0		0		0		0	
25		1		0		0		1		0		0		1	
26		1		0		0		0		1		0		0	
27		0		1		0		0		0		0		0	
28		0		0		1		0		0		0		0	
29		0		0		0		1		0		0		1	
30		0		1		0		0		0		0		1	
31		0		0		0		0		0		1		0	
32		1		0		0		0		1		0		0	
33		0		1		0		0		0		0		1	
34		0		1		1		0		0		1		0	
35		0		0		1		0		0		1		0	
36		1		0		0		0		1		0		0	
37		0		0		1		0		0		1		0	
38		0		1		0		0		0		0		1	
;
param p:=
1	1
2	1
3	1
4	1
5	1
;
param G:=
39	81
40	78
41	92
42	92
43	94
44	100
45	80
;
param s:=
0	0
1	10
2	10
3	10
4	10
5	10
6	10
7	10
8	10
9	10
10	10
11	10
12	10
26	10
27	10
28	10
29	10
30	10
31	10
32	10
33	10
34	10
35	10
36	10
37	10
38	10
39	10
40	10
41	10
42	10
43	10
44	10
45	10
;
param t:
	0	1	2	3	4	5	6	7	8	9	10	11	12	13	14	15	16	17	18	19	20	21	22	23	24	25	26	27	28	29	30	31	32	33	34	35	36	37	38	39	40	41	42	43	44	45	46:=
0	0.0	2.0	4.0	16.12	14.42	14.42	19.7	18.0	18.87	22.8	27.2	32.25	36.5	47.41	63.15	62.03	61.06	52.8	43.27	61.19	45.12	88.54	68.96	50.99	85.16	48.37	95.85	37.58	86.35	36.5	41.23	70.0	76.16	40.5	77.25	69.57	73.76	65.51	34.53	77.1	25.61	87.09	54.57	86.21	66.41	17.9	0.0
1	2.0	0.0	6.0	18.11	13.42	13.42	21.54	20.0	20.0	24.41	28.84	34.0	38.47	48.37	63.56	63.91	62.13	54.41	44.94	63.15	47.07	90.44	70.88	52.8	87.13	48.66	97.69	39.4	88.29	36.22	42.8	72.0	77.9	42.38	79.12	71.47	75.07	67.47	34.23	78.57	26.91	89.02	55.08	87.8	68.31	19.79	2.0
2	4.0	6.0	0.0	12.17	16.97	16.97	16.12	14.0	17.09	19.8	24.08	28.84	32.56	45.69	62.51	58.31	59.06	49.68	40.0	57.27	41.23	84.76	65.15	47.41	81.22	48.04	92.2	34.0	82.46	37.36	38.21	66.0	72.72	36.77	73.54	65.79	71.22	61.61	35.44	74.25	23.32	83.24	53.76	83.1	62.63	14.21	4.0
3	16.12	18.11	12.17	0.0	26.0	27.78	6.32	2.83	15.23	16.12	18.97	18.44	20.4	44.41	64.12	46.52	56.32	42.8	29.73	45.12	29.12	72.8	54.63	36.06	69.86	50.99	82.37	22.8	70.34	43.91	28.84	54.04	64.03	27.2	61.74	53.85	66.24	49.48	38.83	68.01	18.0	71.17	55.08	75.69	50.7	4.2	16.12
4	14.42	13.42	16.97	26.0	0.0	24.0	26.31	28.64	18.44	36.77	41.04	36.22	44.41	61.77	76.66	66.75	75.47	66.6	45.61	68.0	52.04	93.38	80.62	54.92	95.6	61.61	108.24	42.19	92.35	48.04	42.38	78.92	89.31	52.84	81.58	74.67	88.09	72.03	22.09	91.22	25.3	92.66	68.31	100.0	71.57	25.51	14.42
5	14.42	13.42	16.97	27.78	24.0	0.0	32.8	28.64	33.29	26.08	30.27	45.61	47.54	42.43	53.85	74.24	56.57	53.85	56.85	72.11	56.46	100.32	74.43	63.81	92.02	38.63	99.46	50.48	97.41	24.08	55.17	78.92	78.43	46.04	89.44	81.44	71.22	76.55	46.04	76.01	40.0	98.43	46.07	86.35	78.29	30.73	14.42
6	19.7	21.54	16.12	6.32	26.31	32.8	0.0	8.0	11.31	22.0	24.33	12.81	18.11	50.16	70.26	42.38	61.61	46.65	24.08	42.19	26.08	68.96	55.57	31.3	69.57	57.27	83.76	17.89	67.08	50.12	22.8	52.61	66.48	29.73	57.58	50.0	70.68	46.39	35.38	71.87	12.17	67.68	61.2	78.87	46.84	2.22	19.7
7	18.0	20.0	14.0	2.83	28.64	28.64	8.0	0.0	17.89	14.0	16.49	18.87	18.97	42.19	62.29	45.65	53.85	40.0	30.0	43.68	27.86	71.69	52.0	35.61	67.47	49.48	79.65	22.63	68.96	43.27	29.53	52.0	61.22	24.41	60.83	52.8	63.53	48.08	41.62	65.22	20.1	69.89	53.24	72.86	49.66	6.23	18.0
8	18.87	20.0	17.09	15.23	18.44	33.29	11.31	17.89	0.0	31.05	34.18	18.0	27.86	59.23	78.03	48.37	71.47	57.69	27.2	50.16	34.53	74.97	66.57	36.5	79.85	64.12	94.87	24.0	74.11	54.41	24.17	62.1	77.79	41.04	63.15	56.32	81.41	54.04	24.08	82.93	7.21	74.33	69.07	90.14	53.24	12.01	18.87
9	22.8	24.41	19.8	16.12	36.77	26.08	22.0	14.0	31.05	0.0	4.47	31.62	26.91	28.28	48.37	53.81	40.5	30.0	42.05	49.4	35.38	78.23	48.37	45.61	66.0	36.06	74.0	34.0	74.24	32.56	42.38	53.85	53.67	20.0	68.41	60.0	51.61	53.85	53.67	54.45	34.06	75.66	39.32	63.41	57.01	20.15	22.8
10	27.2	28.84	24.08	18.97	41.04	30.27	24.33	16.49	34.18	4.47	0.0	32.56	26.08	26.0	47.07	52.35	37.36	25.61	42.38	47.2	34.06	76.03	44.18	44.94	62.03	35.78	69.57	34.18	71.69	34.41	43.17	50.6	49.19	16.12	66.6	58.14	47.71	51.61	57.31	50.25	36.5	73.25	38.08	59.03	55.23	22.72	27.2
11	32.25	34.0	28.84	18.44	36.22	45.61	12.81	18.87	18.0	31.62	32.56	0.0	12.81	58.31	79.62	30.59	68.12	50.0	11.31	32.25	17.09	57.27	52.35	18.97	63.53	67.68	80.72	6.0	56.14	62.13	10.77	44.94	66.03	31.62	45.61	38.47	74.73	36.06	38.47	74.46	12.65	56.44	70.61	79.76	35.36	14.92	32.25
12	36.5	38.47	32.56	20.4	44.41	47.54	18.11	18.97	27.86	26.91	26.08	12.81	0.0	50.0	72.11	27.2	58.14	38.47	18.0	24.74	8.94	52.8	39.7	18.87	52.0	61.77	68.12	10.2	50.0	59.4	20.4	34.53	53.25	20.1	42.19	34.0	63.15	29.12	50.48	62.3	24.41	50.92	63.32	67.12	30.89	19.18	36.5
13	47.41	48.37	45.69	44.41	61.77	42.43	50.16	42.19	59.23	28.28	26.0	58.31	50.0	0.0	22.36	73.43	14.14	22.36	67.47	66.03	56.46	93.51	49.19	68.35	68.03	17.09	66.12	59.23	87.68	28.64	68.73	63.78	44.18	32.25	86.02	77.67	29.53	70.0	80.99	35.74	62.29	89.83	14.21	47.3	75.17	48.4	47.41
14	63.15	63.56	62.51	64.12	76.66	53.85	70.26	62.29	78.03	48.37	47.07	79.62	72.11	22.36	0.0	95.77	22.36	42.43	89.29	88.2	78.79	115.26	68.41	90.62	86.53	15.23	79.7	81.04	109.12	31.62	90.24	84.9	59.09	54.59	108.17	99.86	36.5	92.09	97.67	44.91	82.1	111.4	9.06	56.72	97.42	68.29	63.15
15	62.03	63.91	58.31	46.52	66.75	74.24	42.38	45.65	48.37	53.81	52.35	30.59	27.2	73.43	95.77	0.0	78.43	56.32	22.09	10.2	18.44	26.68	42.76	12.0	44.41	87.2	67.08	24.74	26.08	86.37	26.31	25.06	60.53	41.18	15.23	8.0	78.64	10.0	65.12	75.03	42.05	26.02	87.46	75.66	5.1	44.13	62.03
16	61.06	62.13	59.06	56.32	75.47	56.57	61.61	53.85	71.47	40.5	37.36	68.12	58.14	14.14	22.36	78.43	0.0	22.36	76.11	69.86	63.15	95.41	46.69	75.31	64.4	26.31	57.72	68.03	88.81	41.23	78.0	64.4	36.77	38.47	89.44	81.44	16.49	73.35	94.02	24.02	73.76	91.26	19.03	36.01	79.31	60.07	61.06
17	52.8	54.41	49.68	42.8	66.6	53.85	46.65	40.0	57.69	30.0	25.61	50.0	38.47	22.36	42.43	56.32	22.36	0.0	56.32	47.54	42.05	73.24	26.83	54.15	45.69	39.4	46.39	48.66	66.84	48.17	58.86	42.52	24.74	18.44	67.08	59.09	24.74	50.99	81.61	25.24	58.14	69.2	35.81	33.42	57.01	45.68	52.8
18	43.27	44.94	40.0	29.73	45.61	56.85	24.08	30.0	27.2	42.05	42.38	11.31	18.0	67.47	89.29	22.09	76.11	56.32	0.0	26.83	16.12	48.17	53.25	10.2	61.22	78.0	80.92	8.25	48.17	73.24	4.47	41.62	68.88	38.05	36.22	30.07	80.89	29.73	43.17	79.56	20.4	48.01	80.36	83.38	27.17	26.22	43.27
19	61.19	63.15	57.27	45.12	68.0	72.11	42.19	43.68	50.16	49.4	47.2	32.25	24.74	66.03	88.2	10.2	69.86	47.54	26.83	0.0	16.12	28.84	32.56	17.2	35.38	80.72	57.31	26.31	25.3	81.61	31.3	15.62	50.36	34.06	20.0	11.66	69.05	4.47	69.57	65.12	44.72	26.4	80.21	65.49	9.49	43.58	61.19
20	45.12	47.07	41.23	29.12	52.04	56.46	26.08	27.86	34.53	35.38	34.06	17.09	8.94	56.46	78.79	18.44	63.15	42.05	16.12	16.12	0.0	43.86	37.2	12.17	46.65	69.34	65.12	11.66	41.23	67.94	20.0	27.86	52.8	24.74	33.29	25.06	66.12	20.4	55.46	64.13	29.73	42.06	70.21	67.42	21.95	27.45	45.12
21	88.54	90.44	84.76	72.8	93.38	100.32	68.96	71.69	74.97	78.23	76.03	57.27	52.8	93.51	115.26	26.68	95.41	73.24	48.17	28.84	43.86	0.0	51.26	38.47	42.0	108.9	66.12	51.42	8.0	110.44	52.04	31.3	68.41	62.29	12.0	18.97	91.39	24.41	90.2	85.7	68.47	5.0	107.71	82.57	22.14	70.65	88.54
22	68.96	70.88	65.15	54.63	80.62	74.43	55.57	52.0	66.57	48.37	44.18	52.35	39.7	49.19	68.41	42.76	46.69	26.83	53.25	32.56	37.2	51.26	0.0	46.52	18.97	66.21	28.43	48.17	43.86	73.76	57.2	20.4	18.0	28.64	48.37	42.0	40.25	34.06	90.0	34.48	64.03	46.62	62.43	33.06	41.11	55.68	68.96
23	50.99	52.8	47.41	36.06	54.92	63.81	31.3	35.61	36.5	45.61	44.94	18.97	18.87	68.35	90.62	12.0	75.31	54.15	10.2	17.2	12.17	38.47	46.52	0.0	52.35	80.62	73.24	13.42	38.05	77.9	14.56	32.56	63.25	36.88	26.68	20.0	78.03	19.7	53.37	75.66	30.07	38.01	81.94	78.16	17.03	33.22	50.99
24	85.16	87.13	81.22	69.86	95.6	92.02	69.57	67.47	79.85	66.0	62.03	63.53	52.0	68.03	86.53	44.41	64.4	45.69	61.22	35.38	46.65	42.0	18.97	52.35	0.0	85.09	24.33	58.31	34.0	92.65	65.6	19.8	30.0	46.0	43.68	40.25	55.32	34.41	102.0	48.01	76.03	37.0	81.01	42.15	40.82	70.12	85.16
25	48.37	48.66	48.04	50.99	61.61	38.63	57.27	49.48	64.12	36.06	35.78	67.68	61.77	17.09	15.23	87.2	26.31	39.4	78.0	80.72	69.34	108.9	66.21	80.62	85.09	0.0	82.61	69.86	103.48	16.97	78.43	80.0	60.83	46.69	100.66	92.2	42.76	84.9	82.87	50.25	68.73	105.48	8.6	62.2	89.5	55.19	48.37
26	95.85	97.69	92.2	82.37	108.24	99.46	83.76	79.65	94.87	74.0	69.57	80.72	68.12	66.12	79.7	67.08	57.72	46.39	80.92	57.31	65.12	66.12	28.43	73.24	24.33	82.61	0.0	76.37	58.14	94.02	85.04	42.05	22.0	55.46	67.91	63.91	43.86	57.27	118.41	35.34	92.46	61.13	76.49	25.0	64.08	83.74	95.85
27	37.58	39.4	34.0	22.8	42.19	50.48	17.89	22.63	24.0	34.0	34.18	6.0	10.2	59.23	81.04	24.74	68.03	48.66	8.25	26.31	11.66	51.42	48.17	13.42	58.31	69.86	76.37	0.0	50.16	65.6	10.2	39.4	62.77	30.27	39.85	32.56	73.35	30.07	43.86	72.42	18.44	50.49	72.12	76.92	29.43	19.82	37.58
28	86.35	88.29	82.46	70.34	92.35	97.41	67.08	68.96	74.11	74.24	71.69	56.14	50.0	87.68	109.12	26.08	88.81	66.84	48.17	25.3	41.23	8.0	43.86	38.05	34.0	103.48	58.14	50.16	0.0	106.0	52.35	24.41	60.73	57.2	14.42	18.11	84.1	20.88	91.08	78.19	68.0	3.0	101.83	74.73	21.02	68.6	86.35
29	36.5	36.22	37.36	43.91	48.04	24.08	50.12	43.27	54.41	32.56	34.41	62.13	59.4	28.64	31.62	86.37	41.23	48.17	73.24	81.61	67.94	110.44	73.76	77.9	92.65	16.97	94.02	65.6	106.0	0.0	72.72	84.1	72.03	49.19	100.9	92.46	57.58	86.02	70.0	64.29	60.17	107.62	25.5	75.93	89.5	47.9	36.5
30	41.23	42.8	38.21	28.84	42.38	55.17	22.8	29.53	24.17	42.38	43.17	10.77	20.4	68.73	90.24	26.31	78.0	58.86	4.47	31.3	20.0	52.04	57.2	14.56	65.6	78.43	85.04	10.2	52.35	72.72	0.0	46.04	72.47	40.45	40.05	34.23	83.55	34.18	38.83	82.57	17.09	52.09	81.25	86.82	31.4	25.01	41.23
31	70.0	72.0	66.0	54.04	78.92	78.92	52.61	52.0	62.1	53.85	50.6	44.94	34.53	63.78	84.9	25.06	64.4	42.52	41.62	15.62	27.86	31.3	20.4	32.56	19.8	80.0	42.05	39.4	24.41	84.1	46.04	0.0	38.21	34.93	28.07	22.36	60.17	15.23	83.26	54.82	57.58	26.93	77.83	53.04	22.14	53.53	70.0
32	76.16	77.9	72.72	64.03	89.31	78.43	66.48	61.22	77.79	53.67	49.19	66.03	53.25	44.18	59.09	60.53	36.77	24.74	68.88	50.36	52.8	68.41	18.0	63.25	30.0	60.83	22.0	62.77	60.73	72.03	72.47	38.21	0.0	36.88	66.27	60.0	25.46	52.04	101.82	18.03	76.58	63.6	55.08	15.13	59.08	66.07	76.16
33	40.5	42.38	36.77	27.2	52.84	46.04	29.73	24.41	41.04	20.0	16.12	31.62	20.1	32.25	54.59	41.18	38.47	18.44	38.05	34.06	24.74	62.29	28.64	36.88	46.0	46.69	55.46	30.27	57.2	49.19	40.45	34.93	36.88	0.0	54.04	45.61	43.17	38.21	65.12	42.95	40.5	59.03	46.32	49.2	43.01	29.21	40.5
34	77.25	79.12	73.54	61.74	81.58	89.44	57.58	60.83	63.15	68.41	66.6	45.61	42.19	86.02	108.17	15.23	89.44	67.08	36.22	20.0	33.29	12.0	48.37	26.68	43.68	100.66	67.91	39.85	14.42	100.9	40.05	28.07	66.27	54.04	0.0	8.49	87.36	16.12	78.23	82.57	56.57	13.0	100.21	81.1	11.4	59.36	77.25
35	69.57	71.47	65.79	53.85	74.67	81.44	50.0	52.8	56.32	60.0	58.14	38.47	34.0	77.67	99.86	8.0	81.44	59.09	30.07	11.66	25.06	18.97	42.0	20.0	40.25	92.2	63.91	32.56	18.11	92.46	34.23	22.36	60.0	45.61	8.49	0.0	80.05	8.25	72.99	75.66	50.04	18.03	91.84	75.03	3.16	51.68	69.57
36	73.76	75.07	71.22	66.24	88.09	71.22	70.68	63.53	81.41	51.61	47.71	74.73	63.15	29.53	36.5	78.64	16.49	24.74	80.89	69.05	66.12	91.39	40.25	78.03	55.32	42.76	43.86	73.35	84.1	57.58	83.55	60.17	25.46	43.17	87.36	80.05	0.0	71.81	104.96	8.54	82.46	86.82	35.13	20.22	78.45	69.5	73.76
37	65.51	67.47	61.61	49.48	72.03	76.55	46.39	48.08	54.04	53.85	51.61	36.06	29.12	70.0	92.09	10.0	73.35	50.99	29.73	4.47	20.4	24.41	34.06	19.7	34.41	84.9	57.27	30.07	20.88	86.02	34.18	15.23	52.04	38.21	16.12	8.25	71.81	0.0	72.8	67.48	48.37	21.93	84.2	67.12	7.07	47.83	65.51
38	34.53	34.23	35.44	38.83	22.09	46.04	35.38	41.62	24.08	53.67	57.31	38.47	50.48	80.99	97.67	65.12	94.02	81.61	43.17	69.57	55.46	90.2	90.0	53.37	102.0	82.87	118.41	43.86	91.08	70.0	38.83	83.26	101.82	65.12	78.23	72.99	104.96	72.8	0.0	106.83	26.08	90.67	89.05	114.21	70.21	36.03	34.53
39	77.1	78.57	74.25	68.01	91.22	76.01	71.87	65.22	82.93	54.45	50.25	74.46	62.3	35.74	44.91	75.03	24.02	25.24	79.56	65.12	64.13	85.7	34.48	75.66	48.01	50.25	35.34	72.42	78.19	64.29	82.57	54.82	18.03	42.95	82.57	75.66	8.54	67.48	106.83	0.0	83.24	80.99	43.0	12.0	74.33	70.92	77.1
40	25.61	26.91	23.32	18.0	25.3	40.0	12.17	20.1	7.21	34.06	36.5	12.65	24.41	62.29	82.1	42.05	73.76	58.14	20.4	44.72	29.73	68.47	64.03	30.07	76.03	68.73	92.46	18.44	68.0	60.17	17.09	57.58	76.58	40.5	56.57	50.04	82.46	48.37	26.08	83.24	0.0	68.07	73.06	89.63	47.01	13.91	25.61
41	87.09	89.02	83.24	71.17	92.66	98.43	67.68	69.89	74.33	75.66	73.25	56.44	50.92	89.83	111.4	26.02	91.26	69.2	48.01	26.4	42.06	5.0	46.62	38.01	37.0	105.48	61.13	50.49	3.0	107.62	52.09	26.93	63.6	59.03	13.0	18.03	86.82	21.93	90.67	80.99	68.07	0.0	104.0	77.67	21.1	69.27	87.09
42	54.57	55.08	53.76	55.08	68.31	46.07	61.2	53.24	69.07	39.32	38.08	70.61	63.32	14.21	9.06	87.46	19.03	35.81	80.36	80.21	70.21	107.71	62.43	81.94	81.01	8.6	76.49	72.12	101.83	25.5	81.25	77.83	55.08	46.32	100.21	91.84	35.13	84.2	89.05	43.0	73.06	104.0	0.0	55.0	89.31	59.24	54.57
43	86.21	87.8	83.1	75.69	100.0	86.35	78.87	72.86	90.14	63.41	59.03	79.76	67.12	47.3	56.72	75.66	36.01	33.42	83.38	65.49	67.42	82.57	33.06	78.16	42.15	62.2	25.0	76.92	74.73	75.93	86.82	53.04	15.13	49.2	81.1	75.03	20.22	67.12	114.21	12.0	89.63	77.67	55.0	0.0	74.17	78.19	86.21
44	66.41	68.31	62.63	50.7	71.57	78.29	46.84	49.66	53.24	57.01	55.23	35.36	30.89	75.17	97.42	5.1	79.31	57.01	27.17	9.49	21.95	22.14	41.11	17.03	40.82	89.5	64.08	29.43	21.02	89.5	31.4	22.14	59.08	43.01	11.4	3.16	78.45	7.07	70.21	74.33	47.01	21.1	89.31	74.17	0.0	48.52	66.41
45	17.9	19.79	14.21	4.2	25.51	30.73	2.22	6.23	12.01	20.15	22.72	14.92	19.18	48.4	68.29	44.13	60.07	45.68	26.22	43.58	27.45	70.65	55.68	33.22	70.12	55.19	83.74	19.82	68.6	47.9	25.01	53.53	66.07	29.21	59.36	51.68	69.5	47.83	36.03	70.92	13.91	69.27	59.24	78.19	48.52	0.0	17.9
;
