set K:= 1	2	3	4	5;
set C_H:= 1	2	3	4	5	6	7	8	9	10	11	12	13;
set C_S:= 14	15	16	17	18	19	20	21	22	23	24	25;
set C_F:= 26	27	28	29	30	31	32	33	34	35	36	37;
set M:= 38	39	40	41;
set L_B:= 42	43	44	45	46;
set A1:=
(0,*) 1 2 3 4 5 6 7 8 9 10 11 12 13 26 27 28 29 30 31 32 33 34 35 36 37 38 39 40 41 42 43 44 45 46
(1,*) 0 2 3 4 5 6 7 8 9 10 11 12 13 26 27 28 29 30 31 32 33 34 35 36 37 38 39 40 41 42 43 44 45 46
(2,*) 0 1 3 4 5 6 7 8 9 10 11 12 13 26 27 28 29 30 31 32 33 34 35 36 37 38 39 40 41 42 43 44 45 46
(3,*) 0 1 2 4 5 6 7 8 9 10 11 12 13 26 27 28 29 30 31 32 33 34 35 36 37 38 39 40 41 42 43 44 45 46
(4,*) 0 1 2 3 5 6 7 8 9 10 11 12 13 26 27 28 29 30 31 32 33 34 35 36 37 38 39 40 41 42 43 44 45 46
(5,*) 0 1 2 3 4 6 7 8 9 10 11 12 13 26 27 28 29 30 31 32 33 34 35 36 37 38 39 40 41 42 43 44 45 46
(6,*) 0 1 2 3 4 5 7 8 9 10 11 12 13 26 27 28 29 30 31 32 33 34 35 36 37 38 39 40 41 42 43 44 45 46
(7,*) 0 1 2 3 4 5 6 8 9 10 11 12 13 26 27 28 29 30 31 32 33 34 35 36 37 38 39 40 41 42 43 44 45 46
(8,*) 0 1 2 3 4 5 6 7 9 10 11 12 13 26 27 28 29 30 31 32 33 34 35 36 37 38 39 40 41 42 43 44 45 46
(9,*) 0 1 2 3 4 5 6 7 8 10 11 12 13 26 27 28 29 30 31 32 33 34 35 36 37 38 39 40 41 42 43 44 45 46
(10,*) 0 1 2 3 4 5 6 7 8 9 11 12 13 26 27 28 29 30 31 32 33 34 35 36 37 38 39 40 41 42 43 44 45 46
(11,*) 0 1 2 3 4 5 6 7 8 9 10 12 13 26 27 28 29 30 31 32 33 34 35 36 37 38 39 40 41 42 43 44 45 46
(12,*) 0 1 2 3 4 5 6 7 8 9 10 11 13 26 27 28 29 30 31 32 33 34 35 36 37 38 39 40 41 42 43 44 45 46
(13,*) 0 1 2 3 4 5 6 7 8 9 10 11 12 26 27 28 29 30 31 32 33 34 35 36 37 38 39 40 41 42 43 44 45 46
(26,*) 0 1 2 3 4 5 6 7 8 9 10 11 12 13 27 28 29 30 31 32 33 34 35 36 37 38 39 40 41 42 43 44 45 46
(27,*) 0 1 2 3 4 5 6 7 8 9 10 11 12 13 26 28 29 30 31 32 33 34 35 36 37 38 39 40 41 42 43 44 45 46
(28,*) 0 1 2 3 4 5 6 7 8 9 10 11 12 13 26 27 29 30 31 32 33 34 35 36 37 38 39 40 41 42 43 44 45 46
(29,*) 0 1 2 3 4 5 6 7 8 9 10 11 12 13 26 27 28 30 31 32 33 34 35 36 37 38 39 40 41 42 43 44 45 46
(30,*) 0 1 2 3 4 5 6 7 8 9 10 11 12 13 26 27 28 29 31 32 33 34 35 36 37 38 39 40 41 42 43 44 45 46
(31,*) 0 1 2 3 4 5 6 7 8 9 10 11 12 13 26 27 28 29 30 32 33 34 35 36 37 38 39 40 41 42 43 44 45 46
(32,*) 0 1 2 3 4 5 6 7 8 9 10 11 12 13 26 27 28 29 30 31 33 34 35 36 37 38 39 40 41 42 43 44 45 46
(33,*) 0 1 2 3 4 5 6 7 8 9 10 11 12 13 26 27 28 29 30 31 32 34 35 36 37 38 39 40 41 42 43 44 45 46
(34,*) 0 1 2 3 4 5 6 7 8 9 10 11 12 13 26 27 28 29 30 31 32 33 35 36 37 38 39 40 41 42 43 44 45 46
(35,*) 0 1 2 3 4 5 6 7 8 9 10 11 12 13 26 27 28 29 30 31 32 33 34 36 37 38 39 40 41 42 43 44 45 46
(36,*) 0 1 2 3 4 5 6 7 8 9 10 11 12 13 26 27 28 29 30 31 32 33 34 35 37 38 39 40 41 42 43 44 45 46
(37,*) 0 1 2 3 4 5 6 7 8 9 10 11 12 13 26 27 28 29 30 31 32 33 34 35 36 38 39 40 41 42 43 44 45 46
(38,*) 0 1 2 3 4 5 6 7 8 9 10 11 12 13 26 27 28 29 30 31 32 33 34 35 36 37 39 40 41 42 43 44 45 46
(39,*) 0 1 2 3 4 5 6 7 8 9 10 11 12 13 26 27 28 29 30 31 32 33 34 35 36 37 38 40 41 42 43 44 45 46
(40,*) 0 1 2 3 4 5 6 7 8 9 10 11 12 13 26 27 28 29 30 31 32 33 34 35 36 37 38 39 41 42 43 44 45 46
(41,*) 0 1 2 3 4 5 6 7 8 9 10 11 12 13 26 27 28 29 30 31 32 33 34 35 36 37 38 39 40 42 43 44 45 46
(42,*) 0 1 2 3 4 5 6 7 8 9 10 11 12 13 26 27 28 29 30 31 32 33 34 35 36 37 38 39 40 41 43 44 45 46
(43,*) 0 1 2 3 4 5 6 7 8 9 10 11 12 13 26 27 28 29 30 31 32 33 34 35 36 37 38 39 40 41 42 44 45 46
(44,*) 0 1 2 3 4 5 6 7 8 9 10 11 12 13 26 27 28 29 30 31 32 33 34 35 36 37 38 39 40 41 42 43 45 46
(45,*) 0 1 2 3 4 5 6 7 8 9 10 11 12 13 26 27 28 29 30 31 32 33 34 35 36 37 38 39 40 41 42 43 44 46
(46,*) 0 1 2 3 4 5 6 7 8 9 10 11 12 13 26 27 28 29 30 31 32 33 34 35 36 37 38 39 40 41 42 43 44 45
;
set A2:=
(38,*) 39
(39,*) 38
(40,*) 41
(41,*) 40
;
param BigM:=99999;
param n:= 5;
param d:=
1	5
2	8
3	12
4	11
5	19
6	23
7	1
8	5
9	12
10	13
11	12
12	24
13	14
14	12
15	8
16	25
17	17
18	19
19	26
20	20
21	21
22	4
23	19
24	3
25	13
26	18
27	12
28	5
29	13
30	9
31	13
32	9
33	8
34	25
35	7
36	2
37	14
;
param Q:=100;
param w:=
[38,*] 39 0.5
[39,*] 38 0.5
[40,*] 41 0.5
[41,*] 40 0.5
;
param V:=
[38,*] 39 90
[39,*] 38 90
[40,*] 41 83
[41,*] 40 83
;
param e:
	38	39	40	41	42	43	44	45	46:=
14	0	0	0	1	0	0	1	0	0	
15	0	0	0	1	0	1	0	0	0	
16	1	0	0	0	0	0	1	0	0	
17	0	0	1	0	0	1	0	0	0	
18	0	0	0	1	0	0	1	0	0	
19	1	0	0	0	0	1	0	0	0	
20	1	0	0	0	0	0	1	0	0	
21	0	1	0	0	0	0	0	1	0	
22	0	0	0	1	0	0	0	0	1	
23	0	0	0	1	1	0	0	0	0	
24	1	0	0	0	0	0	0	0	1	
25	0	1	0	0	0	0	0	1	0	
26	1	0	0	0	0	1	0	0	0	
27	0	0	0	1	1	0	1	1	0	
28	0	0	1	0	1	0	0	0	0	
29	0	0	1	0	0	0	0	0	1	
30	0	0	0	1	0	0	1	0	0	
31	0	0	1	0	0	0	0	1	0	
32	0	0	1	0	1	1	0	1	1	
33	0	0	1	0	0	1	0	0	1	
34	0	0	0	1	1	0	1	1	0	
35	1	0	0	0	0	0	0	0	1	
36	0	1	0	0	0	0	0	1	0	
37	1	0	0	0	0	1	0	0	0	
;
param p:=
1	3
2	3
3	3
4	3
5	3
;
param G:=
38	90
39	90
40	83
41	83
42	90
43	96
44	74
45	91
46	89
;
param s:=
0	0
1	10
2	10
3	10
4	10
5	10
6	10
7	10
8	10
9	10
10	10
11	10
12	10
13	10
26	10
27	10
28	10
29	10
30	10
31	10
32	10
33	10
34	10
35	10
36	10
37	10
38	10
39	10
40	10
41	10
42	10
43	10
44	10
45	10
46	10
;
param t:
	0	1	2	3	4	5	6	7	8	9	10	11	12	13	14	15	16	17	18	19	20	21	22	23	24	25	26	27	28	29	30	31	32	33	34	35	36	37	38	39	40	41	42	43	44	45	46:=
0	0.0	16.12	69.86	75.29	38.47	38.47	16.12	59.67	32.56	60.83	52.35	53.67	41.23	32.06	71.69	30.46	59.09	8.49	31.11	28.28	47.71	53.85	35.44	41.62	22.36	55.57	43.86	43.86	26.68	42.52	73.59	32.56	24.33	6.32	37.95	42.76	42.19	48.66	56.36	53.24	25.32	65.12	23.71	9.22	51.62	35.51	16.4
1	16.12	0.0	76.97	87.73	52.5	36.06	17.89	67.08	46.04	74.4	58.31	67.68	54.04	16.49	80.99	41.04	73.38	10.77	44.94	40.25	60.93	52.15	51.42	53.81	31.62	51.42	58.24	57.2	10.77	30.53	86.56	17.89	32.8	10.0	47.2	58.86	38.47	64.78	70.52	49.82	10.82	78.82	35.47	23.77	62.97	47.42	31.38
2	69.86	76.97	0.0	33.53	87.86	48.08	59.09	10.2	44.41	38.21	18.87	97.41	37.36	81.61	12.17	40.2	99.54	77.2	46.39	88.09	97.02	40.25	60.73	34.93	88.2	48.33	89.29	38.63	85.09	107.33	36.77	78.41	45.61	73.38	32.25	65.39	49.68	68.0	98.43	46.07	76.01	40.0	47.27	61.81	26.4	38.12	58.08
3	75.29	87.73	33.53	0.0	77.28	70.23	71.22	34.0	42.8	16.49	42.43	82.0	34.06	97.65	21.54	46.86	82.22	83.74	44.41	82.87	84.38	68.47	50.0	33.94	86.76	76.66	76.42	31.62	97.84	117.46	4.47	95.41	55.61	80.72	42.19	50.36	73.38	50.0	82.05	73.82	90.8	14.0	52.33	66.07	25.24	40.31	59.41
4	38.47	52.5	87.86	77.28	0.0	73.54	52.8	78.59	43.68	60.83	75.39	15.23	50.64	68.96	84.21	50.99	20.88	41.76	41.76	14.14	10.0	86.83	28.0	52.95	24.08	90.55	6.0	50.16	61.19	66.75	73.76	70.23	51.61	43.08	58.31	27.2	77.79	29.53	18.03	87.78	62.97	63.56	45.28	37.54	62.39	50.29	35.0
5	38.47	36.06	48.08	70.23	73.54	0.0	22.36	40.0	41.23	62.51	30.0	87.86	44.05	34.93	56.04	30.59	92.46	41.76	41.76	66.03	83.45	16.12	57.27	42.0	60.83	17.2	77.9	48.04	40.79	63.56	70.88	31.3	24.17	37.95	30.07	65.39	4.47	70.94	90.14	14.76	30.81	66.75	31.78	36.12	46.1	37.22	39.2
6	16.12	17.89	59.09	71.22	52.8	22.36	0.0	49.19	31.62	59.06	40.5	67.68	38.47	26.83	63.25	24.41	72.72	20.1	31.05	44.05	62.48	37.95	42.19	37.74	38.47	39.45	57.69	42.05	26.91	48.37	70.46	25.3	15.62	16.12	29.73	50.36	26.08	56.32	70.18	37.12	19.72	63.53	20.25	15.65	46.1	31.38	21.38
7	59.67	67.08	10.2	34.0	78.59	40.0	49.19	0.0	34.93	34.0	10.0	88.77	28.64	72.47	16.12	30.07	91.24	67.05	36.88	78.23	87.93	34.93	52.0	26.0	78.1	43.17	80.32	30.53	75.47	97.53	36.22	69.43	35.44	63.25	22.09	57.31	42.19	60.46	89.96	40.52	66.61	36.77	37.12	51.62	19.1	28.44	48.01
8	32.56	46.04	44.41	42.8	43.68	41.23	31.62	34.93	0.0	28.43	32.25	54.59	8.94	58.31	42.43	10.77	57.69	41.04	2.0	44.05	53.14	49.4	18.44	10.2	45.61	55.46	45.69	11.31	56.6	74.97	41.04	56.92	18.0	38.21	15.62	25.61	45.61	30.53	56.08	52.33	51.08	32.8	11.4	23.35	20.62	6.71	16.64
9	60.83	74.4	38.21	16.49	60.83	62.51	59.06	34.0	28.43	0.0	39.29	66.12	20.59	85.88	28.84	34.93	66.75	69.31	29.73	66.48	68.12	64.5	33.53	21.54	70.71	72.25	60.13	17.2	84.88	103.32	13.42	84.1	43.86	66.6	32.56	34.06	66.27	34.23	66.37	69.18	78.77	4.47	39.12	51.66	17.12	27.73	44.55
10	52.35	58.31	18.87	42.43	75.39	30.0	40.5	10.0	32.25	39.29	0.0	86.83	28.28	62.8	26.08	24.74	89.89	59.23	34.0	73.35	85.09	26.08	50.48	25.46	72.11	34.23	77.82	31.24	66.24	88.57	44.05	59.67	28.07	55.32	17.09	56.85	32.25	60.83	88.32	31.4	57.14	42.76	31.4	45.0	22.47	25.55	42.58
11	53.67	67.68	97.41	82.0	15.23	87.86	67.68	88.77	54.59	66.12	86.83	0.0	60.17	84.12	92.2	63.25	6.0	56.92	52.84	28.28	8.25	100.5	36.77	62.77	38.21	104.69	10.0	58.82	76.16	80.1	78.03	85.44	65.12	58.31	69.97	32.56	92.2	32.0	3.0	101.83	78.19	68.0	58.26	52.2	71.17	61.29	48.8
12	41.23	54.04	37.36	34.06	50.64	44.05	38.47	28.64	8.94	20.59	28.28	60.17	0.0	65.3	34.06	14.56	62.61	49.68	10.77	52.35	59.67	49.4	23.41	2.83	54.41	56.32	51.92	4.0	64.4	83.45	32.56	63.56	23.41	46.69	14.56	28.84	48.17	32.56	61.33	53.16	58.18	25.06	18.6	32.02	12.04	7.28	25.55
13	32.06	16.49	81.61	97.65	68.96	34.93	26.83	72.47	58.31	85.88	62.8	84.12	65.3	0.0	87.73	51.11	89.84	27.2	57.58	56.46	77.25	49.48	66.48	64.5	47.41	46.17	74.73	68.88	10.0	30.0	97.1	4.0	42.19	26.31	55.61	74.24	35.44	80.22	86.98	45.54	7.28	90.35	47.01	38.33	72.42	58.18	45.71
14	71.69	80.99	12.17	21.54	84.21	56.04	63.25	16.12	42.43	28.84	26.08	92.2	34.06	87.73	0.0	41.23	93.68	79.62	44.41	86.37	92.78	50.6	56.32	32.25	87.86	58.82	84.85	34.06	90.0	111.52	25.06	84.85	48.37	76.03	34.0	59.67	58.31	61.35	92.89	56.3	81.57	29.73	48.1	62.97	22.02	37.11	57.97
15	30.46	41.04	40.2	46.86	50.99	30.59	24.41	30.07	10.77	34.93	24.74	63.25	14.56	51.11	41.23	0.0	66.84	38.47	11.66	48.66	60.83	38.83	28.43	13.42	48.04	44.72	53.85	18.44	50.99	71.22	46.04	49.19	8.94	34.99	8.0	36.06	34.93	41.18	65.0	41.59	44.1	39.4	7.07	21.84	21.93	7.28	18.03
16	59.09	73.38	99.54	82.22	20.88	92.46	72.72	91.24	57.69	66.75	89.89	6.0	62.61	89.84	93.68	66.84	0.0	62.64	56.04	34.23	14.14	104.65	39.45	65.3	44.18	109.12	15.23	60.93	82.0	86.09	78.1	91.08	69.31	63.91	73.24	34.18	96.83	32.56	3.0	106.22	83.82	68.26	62.24	57.14	73.16	64.35	53.26
17	8.49	10.77	77.2	83.74	41.76	41.76	20.1	67.05	41.04	69.31	59.23	56.92	49.68	27.2	79.62	38.47	62.64	0.0	39.6	29.53	50.16	57.72	43.08	50.0	21.26	58.31	47.54	52.35	20.0	34.06	82.07	28.64	31.62	4.0	45.69	50.0	44.94	55.79	59.77	56.3	21.47	73.59	31.91	17.69	59.91	43.83	24.84
18	31.11	44.94	46.39	44.41	41.76	41.76	31.05	36.88	2.0	29.73	34.0	52.84	10.77	57.58	44.41	11.66	56.04	39.6	0.0	42.05	51.26	50.48	16.97	12.17	43.68	56.36	43.86	12.81	55.57	73.59	42.52	56.32	18.11	36.88	17.2	24.41	46.17	29.53	54.38	53.24	50.33	34.06	11.05	21.93	22.56	8.54	15.0
19	28.28	40.25	88.09	82.87	14.14	66.03	44.05	78.23	44.05	66.48	73.35	28.28	52.35	56.46	86.37	48.66	34.23	29.53	42.05	0.0	20.88	80.62	33.11	54.15	10.0	83.23	20.1	52.95	48.08	52.61	79.85	58.14	46.82	31.62	56.57	35.61	70.0	39.6	31.26	80.71	51.0	69.86	41.98	30.41	64.38	50.01	30.81
20	47.71	60.93	97.02	84.38	10.0	83.45	62.48	87.93	53.14	68.12	85.09	8.25	59.67	77.25	92.78	60.83	14.14	50.16	51.26	20.88	0.0	96.83	36.5	62.1	30.59	100.5	8.0	58.86	68.96	72.03	80.62	78.79	61.61	51.88	68.03	34.06	87.68	34.93	11.18	97.74	71.59	70.46	55.23	47.38	71.2	59.81	45.0
21	53.85	52.15	40.25	68.47	86.83	16.12	37.95	34.93	49.4	64.5	26.08	100.5	49.4	49.48	50.6	38.83	104.65	57.72	50.48	80.62	96.83	0.0	67.2	46.82	76.16	8.25	90.69	53.14	56.32	78.92	70.11	45.61	35.38	53.85	34.93	74.89	14.14	79.92	102.55	5.83	46.27	68.26	42.45	50.25	47.38	43.83	51.86
22	35.44	51.42	60.73	50.0	28.0	57.27	42.19	52.0	18.44	33.53	50.48	36.77	23.41	66.48	56.32	28.43	39.45	43.08	16.97	33.11	36.5	67.2	0.0	26.0	38.42	72.72	28.64	22.36	62.1	76.16	46.82	66.12	33.11	41.76	34.06	8.25	61.74	14.14	38.01	69.64	59.3	36.77	25.5	28.16	34.71	25.0	21.0
23	41.62	53.81	34.93	33.94	52.95	42.0	37.74	26.0	10.2	21.54	25.46	62.77	2.83	64.5	32.25	13.42	65.3	50.0	12.17	54.15	62.1	46.82	26.0	0.0	55.79	53.85	54.41	6.32	64.03	83.55	32.8	62.61	22.36	46.86	12.17	31.62	46.04	35.38	63.98	50.7	57.45	26.0	18.38	32.45	10.44	6.4	26.4
24	22.36	31.62	88.2	86.76	24.08	60.83	38.47	78.1	45.61	70.71	72.11	38.21	54.41	47.41	87.86	48.04	44.18	21.26	43.68	10.0	30.59	76.16	38.42	55.79	0.0	77.9	30.07	55.71	38.63	42.76	84.12	49.4	44.41	24.08	56.04	42.52	64.5	47.2	41.19	75.59	42.44	74.43	41.01	27.29	66.22	50.8	30.15
25	55.57	51.42	48.33	76.66	90.55	17.2	39.45	43.17	55.46	72.25	34.23	104.69	56.32	46.17	58.82	44.72	109.12	58.31	56.36	83.23	100.5	8.25	72.72	53.85	77.9	0.0	94.76	60.17	54.04	76.11	78.23	42.19	40.0	54.63	41.76	80.62	13.42	85.88	106.89	3.16	44.1	76.11	47.43	53.26	55.15	50.33	55.9
26	43.86	58.24	89.29	76.42	6.0	77.9	57.69	80.32	45.69	60.13	77.82	10.0	51.92	74.73	84.85	53.85	15.23	47.54	43.86	20.1	8.0	90.69	28.64	54.41	30.07	94.76	0.0	50.99	67.08	72.69	72.69	75.89	55.32	48.7	60.83	26.08	82.22	27.2	12.53	91.92	68.62	62.51	48.6	42.2	63.35	52.39	38.9
27	43.86	57.2	38.63	31.62	50.16	48.04	42.05	30.53	11.31	17.2	31.24	58.82	4.0	68.88	34.06	18.44	60.93	52.35	12.81	52.95	58.86	53.14	22.36	6.32	55.71	60.17	50.99	0.0	67.68	86.28	29.73	67.23	27.2	49.52	18.44	26.83	52.15	30.0	59.81	57.01	61.72	21.63	21.95	34.66	12.37	11.18	27.8
28	26.68	10.77	85.09	97.84	61.19	40.79	26.91	75.47	56.6	84.88	66.24	76.16	64.4	10.0	90.0	50.99	82.0	20.0	55.57	48.08	68.96	56.32	62.1	64.03	38.63	54.04	67.08	67.68	0.0	22.8	96.83	13.42	42.43	20.4	56.64	69.43	42.19	75.31	79.08	53.01	10.05	89.31	45.8	34.54	72.86	57.63	42.15
29	42.52	30.53	107.33	117.46	66.75	63.56	48.37	97.53	74.97	103.32	88.57	80.1	83.45	30.0	111.52	71.22	86.09	34.06	73.59	52.61	72.03	78.92	76.16	83.55	42.76	76.11	72.69	86.28	22.8	0.0	115.97	34.0	63.25	36.77	77.67	82.29	64.78	87.73	83.1	75.33	32.76	107.63	65.19	51.66	93.09	77.23	58.9
30	73.59	86.56	36.77	4.47	73.76	70.88	70.46	36.22	41.04	13.42	44.05	78.03	32.56	97.1	25.06	46.04	78.1	82.07	42.52	79.85	80.62	70.11	46.82	32.8	84.12	78.23	72.69	29.73	96.83	115.97	0.0	95.02	54.92	79.2	42.05	46.69	74.22	46.04	78.01	75.33	90.14	10.2	51.09	64.38	25.08	39.2	57.49
31	32.56	17.89	78.41	95.41	70.23	31.3	25.3	69.43	56.92	84.1	59.67	85.44	63.56	4.0	84.85	49.19	91.08	28.64	56.32	58.14	78.79	45.61	66.12	62.61	49.4	42.19	75.89	67.23	13.42	34.0	95.02	0.0	40.25	27.2	53.25	74.03	31.62	80.02	88.26	41.59	7.28	88.57	45.54	38.01	70.18	56.36	45.18
32	24.33	32.8	45.61	55.61	51.61	24.17	15.62	35.44	18.0	43.86	28.07	65.12	23.41	42.19	48.37	8.94	69.31	31.62	18.11	46.82	61.61	35.38	33.11	22.36	44.41	40.0	55.32	27.2	42.43	63.25	54.92	40.25	0.0	27.86	14.42	41.23	28.64	46.82	67.18	37.01	35.23	48.33	7.62	17.12	30.48	16.16	16.64
33	6.32	10.0	73.38	80.72	43.08	37.95	16.12	63.25	38.21	66.6	55.32	58.31	46.69	26.31	76.03	34.99	63.91	4.0	36.88	31.62	51.88	53.85	41.76	46.86	24.08	54.63	48.7	49.52	20.4	36.77	79.2	27.2	27.86	0.0	42.05	49.03	41.23	54.92	61.1	52.55	19.92	70.94	28.6	15.0	56.61	40.61	22.47
34	37.95	47.2	32.25	42.19	58.31	30.07	29.73	22.09	15.62	32.56	17.09	69.97	14.56	55.61	34.0	8.0	73.24	45.69	17.2	56.57	68.03	34.93	34.06	12.17	56.04	41.76	60.83	18.44	56.64	77.67	42.05	53.25	14.42	42.05	0.0	41.04	34.0	45.61	71.56	38.6	48.92	36.88	15.03	29.61	17.0	9.22	26.02
35	42.76	58.86	65.39	50.36	27.2	65.39	50.36	57.31	25.61	34.06	56.85	32.56	28.84	74.24	59.67	36.06	34.18	50.0	24.41	35.61	34.06	74.89	8.25	31.62	42.52	80.62	26.08	26.83	69.43	82.29	46.69	74.03	41.23	49.03	41.04	0.0	69.86	6.0	33.24	77.52	67.12	36.5	33.62	36.01	39.0	31.83	29.07
36	42.19	38.47	49.68	73.38	77.79	4.47	26.08	42.19	45.61	66.27	32.25	92.2	48.17	35.44	58.31	34.93	96.83	44.94	46.17	70.0	87.68	14.14	61.74	46.04	64.5	13.42	82.22	52.15	42.19	64.78	74.22	31.62	28.64	41.23	34.0	69.86	0.0	75.39	94.49	11.4	32.14	70.46	36.25	40.31	49.65	41.44	43.6
37	48.66	64.78	68.0	50.0	29.53	70.94	56.32	60.46	30.53	34.23	60.83	32.0	32.56	80.22	61.35	41.18	32.56	55.79	29.53	39.6	34.93	79.92	14.14	35.38	47.2	85.88	27.2	30.0	75.31	87.73	46.04	80.02	46.82	54.92	45.61	6.0	75.39	0.0	32.14	82.76	73.11	36.0	39.22	42.01	41.68	36.4	35.06
38	56.36	70.52	98.43	82.05	18.03	90.14	70.18	89.96	56.08	66.37	88.32	3.0	61.33	86.98	92.89	65.0	3.0	59.77	54.38	31.26	11.18	102.55	38.01	63.98	41.19	106.89	12.53	59.81	79.08	83.1	78.01	88.26	67.18	61.1	71.56	33.24	94.49	32.14	0.0	104.0	80.99	68.07	60.21	54.64	72.11	62.77	50.99
39	53.24	49.82	46.07	73.82	87.78	14.76	37.12	40.52	52.33	69.18	31.4	101.83	53.16	45.54	56.3	41.59	106.22	56.3	53.24	80.71	97.74	5.83	69.64	50.7	75.59	3.16	91.92	57.01	53.01	75.33	75.33	41.59	37.01	52.55	38.6	77.52	11.4	82.76	104.0	0.0	43.0	73.06	44.41	50.61	52.09	47.17	53.04
40	25.32	10.82	76.01	90.8	62.97	30.81	19.72	66.61	51.08	78.77	57.14	78.19	58.18	7.28	81.57	44.1	83.82	21.47	50.33	51.0	71.59	46.27	59.3	57.45	42.44	44.1	68.62	61.72	10.05	32.76	90.14	7.28	35.23	19.92	48.92	67.12	32.14	73.11	80.99	43.0	0.0	83.24	39.81	31.14	65.6	51.11	38.47
41	65.12	78.82	40.0	14.0	63.56	66.75	63.53	36.77	32.8	4.47	42.76	68.0	25.06	90.35	29.73	39.4	68.26	73.59	34.06	69.86	70.46	68.26	36.77	26.0	74.43	76.11	62.51	21.63	89.31	107.63	10.2	88.57	48.33	70.94	36.88	36.5	70.46	36.0	68.07	73.06	83.24	0.0	43.57	55.97	21.0	32.2	48.8
42	23.71	35.47	47.27	52.33	45.28	31.78	20.25	37.12	11.4	39.12	31.4	58.26	18.6	47.01	48.1	7.07	62.24	31.91	11.05	41.98	55.23	42.45	25.5	18.38	41.01	47.43	48.6	21.95	45.8	65.19	51.09	45.54	7.62	28.6	15.03	33.62	36.25	39.22	60.21	44.41	39.81	43.57	0.0	14.87	28.02	12.04	11.18
43	9.22	23.77	61.81	66.07	37.54	36.12	15.65	51.62	23.35	51.66	45.0	52.2	32.02	38.33	62.97	21.84	57.14	17.69	21.93	30.41	47.38	50.25	28.16	32.45	27.29	53.26	42.2	34.66	34.54	51.66	64.38	38.01	17.12	15.0	29.61	36.01	40.31	42.01	54.64	50.61	31.14	55.97	14.87	0.0	42.54	26.42	7.62
44	51.62	62.97	26.4	25.24	62.39	46.1	46.1	19.1	20.62	17.12	22.47	71.17	12.04	72.42	22.02	21.93	73.16	59.91	22.56	64.38	71.2	47.38	34.71	10.44	66.22	55.15	63.35	12.37	72.86	93.09	25.08	70.18	30.48	56.61	17.0	39.0	49.65	41.68	72.11	52.09	65.6	21.0	28.02	42.54	0.0	16.12	36.77
45	35.51	47.42	38.12	40.31	50.29	37.22	31.38	28.44	6.71	27.73	25.55	61.29	7.28	58.18	37.11	7.28	64.35	43.83	8.54	50.01	59.81	43.83	25.0	6.4	50.8	50.33	52.39	11.18	57.63	77.23	39.2	56.36	16.16	40.61	9.22	31.83	41.44	36.4	62.77	47.17	51.11	32.2	12.04	26.42	16.12	0.0	20.88
46	16.4	31.38	58.08	59.41	35.0	39.2	21.38	48.01	16.64	44.55	42.58	48.8	25.55	45.71	57.97	18.03	53.26	24.84	15.0	30.81	45.0	51.86	21.0	26.4	30.15	55.9	38.9	27.8	42.15	58.9	57.49	45.18	16.64	22.47	26.02	29.07	43.6	35.06	50.99	53.04	38.47	48.8	11.18	7.62	36.77	20.88	0.0
;
