set K:= 1	2	3	4	5;
set C_H:= 1	2	3	4	5	6	7	8	9	10	11	12	13;
set C_S:= 14	15	16	17	18	19	20	21	22	23	24;
set C_F:= 25	26	27	28	29	30	31	32	33	34	35;
set M:= 36	37	38	39;
set L_B:= 40	41	42	43	44;
set A1:=
(0,*) 1 2 3 4 5 6 7 8 9 10 11 12 13 25 26 27 28 29 30 31 32 33 34 35 36 37 38 39 40 41 42 43 44
(1,*) 0 2 3 4 5 6 7 8 9 10 11 12 13 25 26 27 28 29 30 31 32 33 34 35 36 37 38 39 40 41 42 43 44
(2,*) 0 1 3 4 5 6 7 8 9 10 11 12 13 25 26 27 28 29 30 31 32 33 34 35 36 37 38 39 40 41 42 43 44
(3,*) 0 1 2 4 5 6 7 8 9 10 11 12 13 25 26 27 28 29 30 31 32 33 34 35 36 37 38 39 40 41 42 43 44
(4,*) 0 1 2 3 5 6 7 8 9 10 11 12 13 25 26 27 28 29 30 31 32 33 34 35 36 37 38 39 40 41 42 43 44
(5,*) 0 1 2 3 4 6 7 8 9 10 11 12 13 25 26 27 28 29 30 31 32 33 34 35 36 37 38 39 40 41 42 43 44
(6,*) 0 1 2 3 4 5 7 8 9 10 11 12 13 25 26 27 28 29 30 31 32 33 34 35 36 37 38 39 40 41 42 43 44
(7,*) 0 1 2 3 4 5 6 8 9 10 11 12 13 25 26 27 28 29 30 31 32 33 34 35 36 37 38 39 40 41 42 43 44
(8,*) 0 1 2 3 4 5 6 7 9 10 11 12 13 25 26 27 28 29 30 31 32 33 34 35 36 37 38 39 40 41 42 43 44
(9,*) 0 1 2 3 4 5 6 7 8 10 11 12 13 25 26 27 28 29 30 31 32 33 34 35 36 37 38 39 40 41 42 43 44
(10,*) 0 1 2 3 4 5 6 7 8 9 11 12 13 25 26 27 28 29 30 31 32 33 34 35 36 37 38 39 40 41 42 43 44
(11,*) 0 1 2 3 4 5 6 7 8 9 10 12 13 25 26 27 28 29 30 31 32 33 34 35 36 37 38 39 40 41 42 43 44
(12,*) 0 1 2 3 4 5 6 7 8 9 10 11 13 25 26 27 28 29 30 31 32 33 34 35 36 37 38 39 40 41 42 43 44
(13,*) 0 1 2 3 4 5 6 7 8 9 10 11 12 25 26 27 28 29 30 31 32 33 34 35 36 37 38 39 40 41 42 43 44
(25,*) 0 1 2 3 4 5 6 7 8 9 10 11 12 13 26 27 28 29 30 31 32 33 34 35 36 37 38 39 40 41 42 43 44
(26,*) 0 1 2 3 4 5 6 7 8 9 10 11 12 13 25 27 28 29 30 31 32 33 34 35 36 37 38 39 40 41 42 43 44
(27,*) 0 1 2 3 4 5 6 7 8 9 10 11 12 13 25 26 28 29 30 31 32 33 34 35 36 37 38 39 40 41 42 43 44
(28,*) 0 1 2 3 4 5 6 7 8 9 10 11 12 13 25 26 27 29 30 31 32 33 34 35 36 37 38 39 40 41 42 43 44
(29,*) 0 1 2 3 4 5 6 7 8 9 10 11 12 13 25 26 27 28 30 31 32 33 34 35 36 37 38 39 40 41 42 43 44
(30,*) 0 1 2 3 4 5 6 7 8 9 10 11 12 13 25 26 27 28 29 31 32 33 34 35 36 37 38 39 40 41 42 43 44
(31,*) 0 1 2 3 4 5 6 7 8 9 10 11 12 13 25 26 27 28 29 30 32 33 34 35 36 37 38 39 40 41 42 43 44
(32,*) 0 1 2 3 4 5 6 7 8 9 10 11 12 13 25 26 27 28 29 30 31 33 34 35 36 37 38 39 40 41 42 43 44
(33,*) 0 1 2 3 4 5 6 7 8 9 10 11 12 13 25 26 27 28 29 30 31 32 34 35 36 37 38 39 40 41 42 43 44
(34,*) 0 1 2 3 4 5 6 7 8 9 10 11 12 13 25 26 27 28 29 30 31 32 33 35 36 37 38 39 40 41 42 43 44
(35,*) 0 1 2 3 4 5 6 7 8 9 10 11 12 13 25 26 27 28 29 30 31 32 33 34 36 37 38 39 40 41 42 43 44
(36,*) 0 1 2 3 4 5 6 7 8 9 10 11 12 13 25 26 27 28 29 30 31 32 33 34 35 38 39 40 41 42 43 44
(37,*) 0 1 2 3 4 5 6 7 8 9 10 11 12 13 25 26 27 28 29 30 31 32 33 34 35 38 39 40 41 42 43 44
(38,*) 0 1 2 3 4 5 6 7 8 9 10 11 12 13 25 26 27 28 29 30 31 32 33 34 35 36 37 40 41 42 43 44
(39,*) 0 1 2 3 4 5 6 7 8 9 10 11 12 13 25 26 27 28 29 30 31 32 33 34 35 36 37 40 41 42 43 44
(40,*) 0 1 2 3 4 5 6 7 8 9 10 11 12 13 25 26 27 28 29 30 31 32 33 34 35 36 37 38 39 41 42 43 44
(41,*) 0 1 2 3 4 5 6 7 8 9 10 11 12 13 25 26 27 28 29 30 31 32 33 34 35 36 37 38 39 40 42 43 44
(42,*) 0 1 2 3 4 5 6 7 8 9 10 11 12 13 25 26 27 28 29 30 31 32 33 34 35 36 37 38 39 40 41 43 44
(43,*) 0 1 2 3 4 5 6 7 8 9 10 11 12 13 25 26 27 28 29 30 31 32 33 34 35 36 37 38 39 40 41 42 44
(44,*) 0 1 2 3 4 5 6 7 8 9 10 11 12 13 25 26 27 28 29 30 31 32 33 34 35 36 37 38 39 40 41 42 43
;
set A2:=
(36,*) 37
(37,*) 36
(38,*) 39
(39,*) 38
;
param BigM:=99999;
param n:= 5;
param d:=
1	22
2	7
3	23
4	14
5	10
6	19
7	11
8	8
9	15
10	11
11	2
12	23
13	11
14	1
15	21
16	2
17	4
18	20
19	6
20	13
21	19
22	13
23	21
24	12
25	14
26	15
27	11
28	18
29	2
30	18
31	12
32	9
33	2
34	15
35	18
;
param Q:=100;
param w:=
[36,*] 37 0.5
[37,*] 36 0.5
[38,*] 39 0.5
[39,*] 38 0.5
;
param V:=
[36,*] 37 91
[37,*] 36 91
[38,*] 39 94
[39,*] 38 94
;
param e:
	36	37	38	39	40	41	42	43	44:=
14	0	0	0	0	0	1	0	0	0	
15	0	0	0	0	0	0	1	0	0	
16	0	0	0	0	0	0	0	0	1	
17	0	0	0	0	0	1	0	0	0	
18	0	0	0	0	0	1	0	0	0	
19	0	0	0	0	0	0	1	0	0	
20	0	0	0	0	0	0	0	0	1	
21	0	0	0	0	0	1	0	0	0	
22	0	0	0	0	1	0	0	0	0	
23	0	0	0	0	0	0	1	0	0	
24	0	0	0	0	0	0	1	0	0	
25	0	0	0	0	0	1	0	0	0	
26	0	0	0	0	1	0	0	0	0	
27	0	0	0	0	0	0	0	0	1	
28	0	0	0	0	0	1	0	1	1	
29	0	0	0	0	1	0	0	0	0	
30	0	0	0	0	1	1	1	1	1	
31	0	0	0	0	0	0	0	0	1	
32	0	0	0	0	0	1	0	0	0	
33	0	0	0	0	0	0	1	0	0	
34	0	0	0	0	0	0	1	0	0	
35	0	0	0	0	0	1	0	0	0	
;
param p:=
1	3
2	3
3	3
4	3
5	3
;
param G:=
36	91
37	91
38	94
39	94
40	98
41	75
42	86
43	72
44	83
;
param s:=
0	0
1	10
2	10
3	10
4	10
5	10
6	10
7	10
8	10
9	10
10	10
11	10
12	10
13	10
25	10
26	10
27	10
28	10
29	10
30	10
31	10
32	10
33	10
34	10
35	10
36	10
37	10
38	10
39	10
40	10
41	10
42	10
43	10
44	10
;
param t:
	0	1	2	3	4	5	6	7	8	9	10	11	12	13	14	15	16	17	18	19	20	21	22	23	24	25	26	27	28	29	30	31	32	33	34	35	36	37	38	39	40	41	42	43	44:=
0	0.0	17.2	78.92	10.0	55.46	13.42	62.29	60.0	47.07	54.41	72.25	69.86	60.17	76.03	33.11	60.83	76.66	72.11	26.31	69.86	46.17	32.31	14.14	78.82	64.0	72.25	70.94	106.15	21.63	70.0	48.83	28.28	56.92	88.81	56.14	76.94	78.31	69.35	85.21	10.77	52.5	39.82	52.33	41.77	31.76
1	17.2	0.0	64.03	7.21	49.52	30.53	72.44	71.39	56.14	51.61	82.39	78.03	52.8	63.15	48.83	60.83	89.29	82.61	18.44	62.8	56.89	40.05	8.0	80.62	75.31	60.17	68.82	104.02	22.36	66.84	46.04	39.29	40.79	90.38	66.75	86.02	64.07	79.31	86.82	7.21	53.85	35.81	57.71	41.63	38.01
2	78.92	64.03	0.0	70.26	45.61	91.78	103.25	106.15	89.38	55.61	110.63	101.21	40.5	14.14	101.13	66.57	124.45	111.95	54.41	42.38	94.02	78.23	64.78	82.46	108.9	18.97	62.77	84.0	64.62	58.31	55.17	84.12	24.74	87.93	100.5	110.0	5.0	107.71	85.7	68.47	68.12	53.01	80.66	61.72	74.63
3	10.0	7.21	70.26	0.0	51.61	23.32	68.03	66.48	52.04	52.35	78.03	74.43	55.57	68.47	42.19	60.46	83.95	78.1	20.59	65.51	52.15	36.22	7.21	79.65	70.46	65.12	69.43	104.8	20.59	67.88	46.69	34.23	47.54	89.55	62.13	82.1	70.01	75.01	85.96	2.83	52.84	36.8	55.08	41.05	34.71
4	55.46	49.52	45.61	51.61	0.0	64.56	58.14	61.61	45.65	10.0	65.12	55.61	6.32	34.06	64.28	21.54	79.4	66.48	31.24	14.56	50.99	38.47	44.41	40.2	64.03	28.43	22.36	55.57	34.18	18.97	10.77	46.17	42.19	48.04	56.04	64.4	41.77	62.24	45.0	48.83	22.63	15.81	35.47	19.42	35.23
5	13.42	30.53	91.78	23.32	64.56	0.0	58.82	55.32	45.65	61.74	68.41	68.03	69.86	88.09	24.08	66.03	70.03	67.91	38.05	79.12	43.08	33.94	27.2	82.02	59.23	84.0	77.18	111.61	30.59	76.94	56.46	27.2	70.23	91.93	52.5	74.0	90.93	65.8	88.39	24.17	57.2	48.76	53.91	48.3	34.83
6	62.29	72.44	103.25	68.03	58.14	58.82	0.0	6.32	16.49	48.41	10.0	11.66	64.03	92.2	37.74	40.25	21.26	10.2	61.35	67.23	16.12	32.56	64.5	40.05	6.32	86.56	50.6	72.69	51.42	53.85	48.08	34.06	93.3	47.07	6.32	15.23	99.72	7.07	44.55	66.12	35.61	51.87	22.67	42.2	35.17
7	60.0	71.39	106.15	66.48	61.61	55.32	6.32	0.0	17.2	52.15	13.42	17.89	67.68	95.6	33.11	44.94	18.87	12.65	61.74	71.55	14.56	32.31	63.56	46.17	4.0	90.0	55.79	78.92	51.26	58.82	51.22	32.25	94.87	53.37	5.66	20.0	102.83	11.4	50.8	64.78	39.45	53.91	26.42	44.55	35.34
8	47.07	56.14	89.38	52.04	45.65	45.65	16.49	17.2	0.0	36.77	26.31	22.8	51.88	79.32	28.84	32.06	36.06	26.68	44.94	56.92	6.0	16.12	48.17	40.25	20.59	73.78	44.0	72.8	34.93	46.17	34.99	18.97	77.67	49.4	11.66	30.07	86.21	23.19	46.14	50.0	24.74	36.8	13.04	27.66	18.68
9	54.41	51.61	55.61	52.35	10.0	61.74	48.41	52.15	36.77	0.0	55.17	45.61	15.62	43.86	58.03	12.17	69.66	56.57	33.29	20.4	42.38	32.06	45.34	32.06	54.41	38.21	17.2	52.5	32.8	15.62	5.66	40.2	50.99	40.79	46.65	54.41	51.74	52.33	37.48	49.52	12.81	15.81	25.81	13.6	29.27
10	72.25	82.39	110.63	78.03	65.12	68.41	10.0	13.42	26.31	55.17	0.0	10.77	70.71	98.99	46.52	45.61	16.49	2.0	70.88	72.8	26.08	42.43	74.43	40.79	10.0	93.34	54.59	72.0	61.19	58.31	55.61	44.05	102.0	46.0	16.12	7.21	106.89	3.16	44.1	76.11	42.52	60.42	30.23	50.61	44.91
11	69.86	78.03	101.21	74.43	55.61	68.03	11.66	17.89	22.8	45.61	10.77	0.0	60.96	89.2	48.41	35.38	27.2	12.65	64.78	62.48	25.06	38.21	70.03	30.27	16.49	83.55	43.91	62.13	56.04	47.71	46.65	41.76	94.02	36.22	16.97	8.94	97.31	9.06	34.01	72.25	33.29	52.55	22.14	42.72	40.01
12	60.17	52.8	40.5	55.57	6.32	69.86	64.03	67.68	51.88	15.62	70.71	60.96	0.0	28.28	70.46	26.08	85.28	72.14	34.99	10.0	57.27	44.72	48.37	43.17	70.0	22.63	24.08	54.63	39.29	20.0	17.09	52.35	40.05	50.16	62.13	69.66	36.4	67.9	47.38	52.84	28.43	21.21	41.4	25.71	41.44
13	76.03	63.15	14.14	68.47	34.06	88.09	92.2	95.6	79.32	43.86	98.99	89.2	28.28	0.0	94.25	54.04	113.45	100.42	50.04	28.64	84.38	69.86	62.13	68.88	98.08	5.66	49.19	70.03	58.86	44.72	44.41	76.55	29.73	74.0	90.0	97.84	9.22	96.18	71.87	66.27	56.64	44.38	69.53	51.97	66.31
14	33.11	48.83	101.13	42.19	64.28	24.08	37.74	33.11	28.84	58.03	46.52	48.41	70.46	94.25	0.0	57.72	46.17	45.69	47.71	78.03	24.08	26.0	42.52	68.96	36.77	89.29	69.86	101.13	36.72	71.02	54.04	18.11	83.23	78.23	31.62	52.84	99.16	44.29	74.95	41.62	49.03	50.22	40.72	45.04	29.07
15	60.83	60.83	66.57	60.46	21.54	66.03	40.25	44.94	32.06	12.17	45.61	35.38	26.08	54.04	57.72	0.0	61.06	47.2	43.08	27.2	38.05	33.11	53.85	20.4	46.52	48.41	12.17	45.61	40.0	14.14	16.12	41.23	63.15	29.73	39.85	43.86	62.43	43.01	26.25	57.69	8.94	25.96	19.24	19.42	31.38
16	76.66	89.29	124.45	83.95	79.4	70.03	21.26	18.87	36.06	69.66	16.49	27.2	85.28	113.45	46.17	61.06	0.0	14.56	80.5	88.2	33.11	50.99	81.61	57.27	15.62	107.81	70.68	88.09	69.86	74.24	69.31	50.0	113.72	62.13	24.41	22.0	120.97	18.38	60.41	82.46	56.85	72.62	43.93	63.13	54.12
17	72.11	82.61	111.95	78.1	66.48	67.91	10.2	12.65	26.68	56.57	2.0	12.65	72.14	100.42	45.69	47.2	14.56	0.0	71.47	74.4	26.0	42.76	74.67	42.76	8.94	94.76	56.36	74.0	61.61	60.03	56.85	44.0	102.96	48.0	16.0	8.94	108.25	4.24	46.1	76.24	43.86	61.4	31.4	51.62	45.35
18	26.31	18.44	54.41	20.59	31.24	38.05	61.35	61.74	44.94	33.29	70.88	64.78	34.99	50.04	47.71	43.08	80.5	71.47	0.0	44.94	47.41	29.53	13.42	63.25	65.39	46.04	50.48	85.6	11.31	48.41	27.78	32.56	35.61	72.8	56.46	73.35	53.15	67.72	69.29	17.89	36.88	17.49	43.1	24.52	26.4
19	69.86	62.8	42.38	65.51	14.56	79.12	67.23	71.55	56.92	20.4	72.8	62.48	10.0	28.64	78.03	27.2	88.2	74.4	44.94	0.0	62.64	52.04	58.31	40.25	73.43	23.41	20.59	46.17	48.7	16.12	24.0	60.0	47.07	45.61	66.21	70.77	37.7	70.21	43.32	62.77	32.31	30.36	45.19	33.0	49.0
20	46.17	56.89	94.02	52.15	50.99	43.08	16.12	14.56	6.0	42.38	26.08	25.06	57.27	84.38	24.08	38.05	33.11	26.0	47.41	62.64	0.0	17.89	49.03	45.69	18.44	78.89	50.0	78.43	36.77	52.15	40.25	18.0	81.22	54.59	10.0	31.05	91.02	23.19	51.43	50.36	30.59	41.11	19.03	32.45	21.1
21	32.31	40.05	78.23	36.22	38.47	33.94	32.56	32.31	16.12	32.06	42.43	38.21	44.72	69.86	26.0	33.11	50.99	42.76	29.53	52.04	17.89	0.0	32.06	48.08	36.06	64.62	44.94	78.23	18.97	45.61	28.07	8.25	63.78	58.0	27.2	46.0	75.66	39.32	54.45	34.06	24.17	25.5	20.25	19.1	3.61
22	14.14	8.0	64.78	7.21	44.41	27.2	64.5	63.56	48.17	45.34	74.43	70.03	48.37	62.13	42.52	53.85	81.61	74.67	13.42	58.31	49.03	32.06	0.0	73.35	67.47	58.55	62.48	97.84	14.56	60.83	39.7	31.62	43.08	83.19	58.86	78.03	64.2	71.34	79.61	4.47	46.52	29.7	49.82	34.48	30.02
23	78.82	80.62	82.46	79.65	40.2	82.02	40.05	46.17	40.25	32.06	40.79	30.27	43.17	68.88	68.96	20.4	57.27	42.76	63.25	40.25	45.69	48.08	73.35	0.0	46.0	63.56	19.7	32.98	59.06	24.17	36.5	55.32	82.39	10.0	42.76	36.06	77.88	39.32	6.4	76.94	26.83	46.32	28.6	39.0	47.51
24	64.0	75.31	108.9	70.46	64.03	59.23	6.32	4.0	20.59	54.41	10.0	16.49	70.0	98.08	36.77	46.52	15.62	8.94	65.39	73.43	18.44	36.06	67.47	46.0	0.0	92.46	56.92	78.41	55.03	60.17	53.81	36.22	98.18	52.61	8.94	16.97	105.48	8.6	50.25	68.73	41.62	57.01	28.6	47.51	39.0
25	72.25	60.17	18.97	65.12	28.43	84.0	86.56	90.0	73.78	38.21	93.34	83.55	22.63	5.66	89.29	48.41	107.81	94.76	46.04	23.41	78.89	64.62	58.55	63.56	92.46	0.0	43.86	66.27	54.33	39.4	38.83	71.47	30.0	68.96	84.4	92.2	14.32	90.52	66.73	62.8	50.99	39.22	63.89	46.53	61.1
26	70.94	68.82	62.77	69.43	22.36	77.18	50.6	55.79	44.0	17.2	54.59	43.91	24.08	49.19	69.86	12.17	70.68	56.36	50.48	20.59	50.0	44.94	62.48	19.7	56.92	43.86	0.0	35.38	49.52	4.47	22.8	53.14	64.0	26.08	50.99	51.61	58.18	52.33	23.35	66.6	20.88	33.02	31.02	29.21	42.95
27	106.15	104.02	84.0	104.8	55.57	111.61	72.69	78.92	72.8	52.5	72.0	62.13	54.63	70.03	101.13	45.61	88.09	74.0	85.6	46.17	78.43	78.23	97.84	32.98	78.41	66.27	35.38	0.0	84.85	37.2	58.14	86.09	93.15	26.0	75.71	66.12	79.0	71.06	28.16	101.98	54.41	68.25	60.42	64.38	76.84
28	21.63	22.36	64.62	20.59	34.18	30.59	51.42	51.26	34.93	32.8	61.19	56.04	39.29	58.86	36.72	40.0	69.86	61.61	11.31	48.7	36.77	18.97	14.56	59.06	55.03	54.33	49.52	84.85	0.0	48.41	27.2	21.26	46.86	68.96	46.17	64.28	62.94	58.05	65.37	17.89	32.25	18.38	35.36	20.62	16.28
29	70.0	66.84	58.31	67.88	18.97	76.94	53.85	58.82	46.17	15.62	58.31	47.71	20.0	44.72	71.02	14.14	74.24	60.03	48.41	16.12	52.15	45.61	60.83	24.17	60.17	39.4	4.47	37.2	48.41	0.0	21.26	53.85	60.03	30.27	53.85	55.61	53.71	55.95	27.66	65.05	22.09	31.14	33.38	28.65	43.32
30	48.83	46.04	55.17	46.69	10.77	56.46	48.08	51.22	34.99	5.66	55.61	46.65	17.09	44.41	54.04	16.12	69.31	56.85	27.78	24.0	40.25	28.07	39.7	36.5	53.81	38.83	22.8	58.14	27.2	21.26	0.0	36.0	48.08	45.61	45.61	55.57	51.66	52.63	42.2	43.86	13.42	10.3	25.5	9.0	25.0
31	28.28	39.29	84.12	34.23	46.17	27.2	34.06	32.25	18.97	40.2	44.05	41.76	52.35	76.55	18.11	41.23	50.0	44.0	32.56	60.0	18.0	8.25	31.62	55.32	36.22	71.47	53.14	86.09	21.26	53.85	36.0	0.0	67.94	65.12	28.0	48.66	81.86	41.11	61.62	32.56	32.31	32.28	26.87	27.0	11.0
32	56.92	40.79	24.74	47.54	42.19	70.23	93.3	94.87	77.67	50.99	102.0	94.02	40.05	29.73	83.23	63.15	113.72	102.96	35.61	47.07	81.22	63.78	43.08	82.39	98.18	30.0	64.0	93.15	46.86	60.03	48.08	67.94	0.0	90.02	89.31	102.96	26.4	98.88	87.09	46.17	61.35	41.59	72.01	51.43	60.31
33	88.81	90.38	87.93	89.55	48.04	91.93	47.07	53.37	49.4	40.79	46.0	36.22	50.16	74.0	78.23	29.73	62.13	48.0	72.8	45.61	54.59	58.0	83.19	10.0	52.61	68.96	26.08	26.0	68.96	30.27	45.61	65.12	90.02	0.0	50.6	40.2	83.17	45.1	3.61	86.83	36.72	55.66	38.29	48.75	57.49
34	56.14	66.75	100.5	62.13	56.04	52.5	6.32	5.66	11.66	46.65	16.12	16.97	62.13	90.0	31.62	39.85	24.41	16.0	56.46	66.21	10.0	27.2	58.86	42.76	8.94	84.4	50.99	75.71	46.17	53.85	45.61	28.0	89.31	50.6	0.0	21.54	97.19	13.34	47.8	60.3	34.0	48.27	21.02	38.9	30.08
35	76.94	86.02	110.0	82.1	64.4	74.0	15.23	20.0	30.07	54.41	7.21	8.94	69.66	97.84	52.84	43.86	22.0	8.94	73.35	70.77	31.05	46.0	78.03	36.06	16.97	92.2	51.61	66.12	64.28	55.61	55.57	48.66	102.96	40.2	21.54	0.0	106.04	8.6	38.64	80.02	42.19	61.47	31.02	51.62	48.09
36	78.31	64.07	5.0	70.01	41.77	90.93	99.72	102.83	86.21	51.74	106.89	97.31	36.4	9.22	99.16	62.43	120.97	108.25	53.15	37.7	91.02	75.66	64.2	77.88	105.48	14.32	58.18	79.0	62.94	53.71	51.66	81.86	26.4	83.17	97.19	106.04	0.0	104.0	80.99	68.07	64.38	50.25	77.08	58.6	72.07
37	69.35	79.31	107.71	75.01	62.24	65.8	7.07	11.4	23.19	52.33	3.16	9.06	67.9	96.18	44.29	43.01	18.38	4.24	67.72	70.21	23.19	39.32	71.34	39.32	8.6	90.52	52.33	71.06	58.05	55.95	52.63	41.11	98.88	45.1	13.34	8.6	104.0	0.0	43.0	73.06	39.62	57.31	27.2	47.51	41.77
38	85.21	86.82	85.7	85.96	45.0	88.39	44.55	50.8	46.14	37.48	44.1	34.01	47.38	71.87	74.95	26.25	60.41	46.1	69.29	43.32	51.43	54.45	79.61	6.4	50.25	66.73	23.35	28.16	65.37	27.66	42.2	61.62	87.09	3.61	47.8	38.64	80.99	43.0	0.0	83.24	33.12	52.2	34.83	45.19	53.91
39	10.77	7.21	68.47	2.83	48.83	24.17	66.12	64.78	50.0	49.52	76.11	72.25	52.84	66.27	41.62	57.69	82.46	76.24	17.89	62.77	50.36	34.06	4.47	76.94	68.73	62.8	66.6	101.98	17.89	65.05	43.86	32.56	46.17	86.83	60.3	80.02	68.07	73.06	83.24	0.0	50.12	33.97	52.63	38.28	32.39
40	52.5	53.85	68.12	52.84	22.63	57.2	35.61	39.45	24.74	12.81	42.52	33.29	28.43	56.64	49.03	8.94	56.85	43.86	36.88	32.31	30.59	24.17	46.52	26.83	41.62	50.99	20.88	54.41	32.25	22.09	13.42	32.31	61.35	36.72	34.0	42.19	64.38	39.62	33.12	50.12	0.0	21.02	13.04	12.37	22.47
41	39.82	35.81	53.01	36.8	15.81	48.76	51.87	53.91	36.8	15.81	60.42	52.55	21.21	44.38	50.22	25.96	72.62	61.4	17.49	30.36	41.11	25.5	29.7	46.32	57.01	39.22	33.02	68.25	18.38	31.14	10.3	32.28	41.59	55.66	48.27	61.47	50.25	57.31	52.2	33.97	21.02	0.0	30.46	9.85	21.93
42	52.33	57.71	80.66	55.08	35.47	53.91	22.67	26.42	13.04	25.81	30.23	22.14	41.4	69.53	40.72	19.24	43.93	31.4	43.1	45.19	19.03	20.25	49.82	28.6	28.6	63.89	31.02	60.42	35.36	33.38	25.5	26.87	72.01	38.29	21.02	31.02	77.08	27.2	34.83	52.63	13.04	30.46	0.0	20.62	20.62
43	41.77	41.63	61.72	41.05	19.42	48.3	42.2	44.55	27.66	13.6	50.61	42.72	25.71	51.97	45.04	19.42	63.13	51.62	24.52	33.0	32.45	19.1	34.48	39.0	47.51	46.53	29.21	64.38	20.62	28.65	9.0	27.0	51.43	48.75	38.9	51.62	58.6	47.51	45.19	38.28	12.37	9.85	20.62	0.0	16.0
44	31.76	38.01	74.63	34.71	35.23	34.83	35.17	35.34	18.68	29.27	44.91	40.01	41.44	66.31	29.07	31.38	54.12	45.35	26.4	49.0	21.1	3.61	30.02	47.51	39.0	61.1	42.95	76.84	16.28	43.32	25.0	11.0	60.31	57.49	30.08	48.09	72.07	41.77	53.91	32.39	22.47	21.93	20.62	16.0	0.0
;
