set K:= 1	2	3	4	5	6;
set C_H:= 1	2	3	4	5	6	7	8	9	10	11	12	13	14;
set C_S:= 15	16	17	18	19	20	21	22	23	24	25	26;
set C_F:= 27	28	29	30	31	32	33	34	35	36	37	38;
set M:= 39	40	41	42	43	44;
set L_B:= 45	46	47	48	49	50;
set A1:=
(0,*) 1 2 3 4 5 6 7 8 9 10 11 12 13 14 27 28 29 30 31 32 33 34 35 36 37 38 39 40 41 42 43 44 45 46 47 48 49 50 51
(1,*) 0 2 3 4 5 6 7 8 9 10 11 12 13 14 27 28 29 30 31 32 33 34 35 36 37 38 39 40 41 42 43 44 45 46 47 48 49 50 51
(2,*) 0 1 3 4 5 6 7 8 9 10 11 12 13 14 27 28 29 30 31 32 33 34 35 36 37 38 39 40 41 42 43 44 45 46 47 48 49 50 51
(3,*) 0 1 2 4 5 6 7 8 9 10 11 12 13 14 27 28 29 30 31 32 33 34 35 36 37 38 39 40 41 42 43 44 45 46 47 48 49 50 51
(4,*) 0 1 2 3 5 6 7 8 9 10 11 12 13 14 27 28 29 30 31 32 33 34 35 36 37 38 39 40 41 42 43 44 45 46 47 48 49 50 51
(5,*) 0 1 2 3 4 6 7 8 9 10 11 12 13 14 27 28 29 30 31 32 33 34 35 36 37 38 39 40 41 42 43 44 45 46 47 48 49 50 51
(6,*) 0 1 2 3 4 5 7 8 9 10 11 12 13 14 27 28 29 30 31 32 33 34 35 36 37 38 39 40 41 42 43 44 45 46 47 48 49 50 51
(7,*) 0 1 2 3 4 5 6 8 9 10 11 12 13 14 27 28 29 30 31 32 33 34 35 36 37 38 39 40 41 42 43 44 45 46 47 48 49 50 51
(8,*) 0 1 2 3 4 5 6 7 9 10 11 12 13 14 27 28 29 30 31 32 33 34 35 36 37 38 39 40 41 42 43 44 45 46 47 48 49 50 51
(9,*) 0 1 2 3 4 5 6 7 8 10 11 12 13 14 27 28 29 30 31 32 33 34 35 36 37 38 39 40 41 42 43 44 45 46 47 48 49 50 51
(10,*) 0 1 2 3 4 5 6 7 8 9 11 12 13 14 27 28 29 30 31 32 33 34 35 36 37 38 39 40 41 42 43 44 45 46 47 48 49 50 51
(11,*) 0 1 2 3 4 5 6 7 8 9 10 12 13 14 27 28 29 30 31 32 33 34 35 36 37 38 39 40 41 42 43 44 45 46 47 48 49 50 51
(12,*) 0 1 2 3 4 5 6 7 8 9 10 11 13 14 27 28 29 30 31 32 33 34 35 36 37 38 39 40 41 42 43 44 45 46 47 48 49 50 51
(13,*) 0 1 2 3 4 5 6 7 8 9 10 11 12 14 27 28 29 30 31 32 33 34 35 36 37 38 39 40 41 42 43 44 45 46 47 48 49 50 51
(14,*) 0 1 2 3 4 5 6 7 8 9 10 11 12 13 27 28 29 30 31 32 33 34 35 36 37 38 39 40 41 42 43 44 45 46 47 48 49 50 51
(27,*) 0 1 2 3 4 5 6 7 8 9 10 11 12 13 14 28 29 30 31 32 33 34 35 36 37 38 39 40 41 42 43 44 45 46 47 48 49 50 51
(28,*) 0 1 2 3 4 5 6 7 8 9 10 11 12 13 14 27 29 30 31 32 33 34 35 36 37 38 39 40 41 42 43 44 45 46 47 48 49 50 51
(29,*) 0 1 2 3 4 5 6 7 8 9 10 11 12 13 14 27 28 30 31 32 33 34 35 36 37 38 39 40 41 42 43 44 45 46 47 48 49 50 51
(30,*) 0 1 2 3 4 5 6 7 8 9 10 11 12 13 14 27 28 29 31 32 33 34 35 36 37 38 39 40 41 42 43 44 45 46 47 48 49 50 51
(31,*) 0 1 2 3 4 5 6 7 8 9 10 11 12 13 14 27 28 29 30 32 33 34 35 36 37 38 39 40 41 42 43 44 45 46 47 48 49 50 51
(32,*) 0 1 2 3 4 5 6 7 8 9 10 11 12 13 14 27 28 29 30 31 33 34 35 36 37 38 39 40 41 42 43 44 45 46 47 48 49 50 51
(33,*) 0 1 2 3 4 5 6 7 8 9 10 11 12 13 14 27 28 29 30 31 32 34 35 36 37 38 39 40 41 42 43 44 45 46 47 48 49 50 51
(34,*) 0 1 2 3 4 5 6 7 8 9 10 11 12 13 14 27 28 29 30 31 32 33 35 36 37 38 39 40 41 42 43 44 45 46 47 48 49 50 51
(35,*) 0 1 2 3 4 5 6 7 8 9 10 11 12 13 14 27 28 29 30 31 32 33 34 36 37 38 39 40 41 42 43 44 45 46 47 48 49 50 51
(36,*) 0 1 2 3 4 5 6 7 8 9 10 11 12 13 14 27 28 29 30 31 32 33 34 35 37 38 39 40 41 42 43 44 45 46 47 48 49 50 51
(37,*) 0 1 2 3 4 5 6 7 8 9 10 11 12 13 14 27 28 29 30 31 32 33 34 35 36 38 39 40 41 42 43 44 45 46 47 48 49 50 51
(38,*) 0 1 2 3 4 5 6 7 8 9 10 11 12 13 14 27 28 29 30 31 32 33 34 35 36 37 39 40 41 42 43 44 45 46 47 48 49 50 51
(39,*) 0 1 2 3 4 5 6 7 8 9 10 11 12 13 14 27 28 29 30 31 32 33 34 35 36 37 38 40 41 42 43 44 45 46 47 48 49 50 51
(40,*) 0 1 2 3 4 5 6 7 8 9 10 11 12 13 14 27 28 29 30 31 32 33 34 35 36 37 38 39 41 42 43 44 45 46 47 48 49 50 51
(41,*) 0 1 2 3 4 5 6 7 8 9 10 11 12 13 14 27 28 29 30 31 32 33 34 35 36 37 38 39 40 42 43 44 45 46 47 48 49 50 51
(42,*) 0 1 2 3 4 5 6 7 8 9 10 11 12 13 14 27 28 29 30 31 32 33 34 35 36 37 38 39 40 41 43 44 45 46 47 48 49 50 51
(43,*) 0 1 2 3 4 5 6 7 8 9 10 11 12 13 14 27 28 29 30 31 32 33 34 35 36 37 38 39 40 41 42 44 45 46 47 48 49 50 51
(44,*) 0 1 2 3 4 5 6 7 8 9 10 11 12 13 14 27 28 29 30 31 32 33 34 35 36 37 38 39 40 41 42 43 45 46 47 48 49 50 51
(45,*) 0 1 2 3 4 5 6 7 8 9 10 11 12 13 14 27 28 29 30 31 32 33 34 35 36 37 38 39 40 41 42 43 44 46 47 48 49 50 51
(46,*) 0 1 2 3 4 5 6 7 8 9 10 11 12 13 14 27 28 29 30 31 32 33 34 35 36 37 38 39 40 41 42 43 44 45 47 48 49 50 51
(47,*) 0 1 2 3 4 5 6 7 8 9 10 11 12 13 14 27 28 29 30 31 32 33 34 35 36 37 38 39 40 41 42 43 44 45 46 48 49 50 51
(48,*) 0 1 2 3 4 5 6 7 8 9 10 11 12 13 14 27 28 29 30 31 32 33 34 35 36 37 38 39 40 41 42 43 44 45 46 47 49 50 51
(49,*) 0 1 2 3 4 5 6 7 8 9 10 11 12 13 14 27 28 29 30 31 32 33 34 35 36 37 38 39 40 41 42 43 44 45 46 47 48 50 51
(50,*) 0 1 2 3 4 5 6 7 8 9 10 11 12 13 14 27 28 29 30 31 32 33 34 35 36 37 38 39 40 41 42 43 44 45 46 47 48 49 51
(51,*) 0 1 2 3 4 5 6 7 8 9 10 11 12 13 14 27 28 29 30 31 32 33 34 35 36 37 38 39 40 41 42 43 44 45 46 47 48 49 50
;
set A2:=
(39,*) 40
(40,*) 39
;
param BigM:=99999;
param n:= 6;
param d:=
1	16
2	22
3	6
4	6
5	72
6	16
7	4
8	7
9	11
10	5
11	9
12	9
13	7
14	10
15	18
16	3
17	19
18	12
19	18
20	23
21	1
22	22
23	7
24	10
25	3
26	2
27	24
28	6
29	16
30	7
31	22
32	23
33	11
34	16
35	15
36	22
37	11
38	15
;
param Q:=100;
param w:=
[39,*] 40 0.1
[40,*] 39 0.1
;
param V:=
[39,*] 40 98
[40,*] 39 98
;
param e:
	39	40	41	42	43	44	45	46	47	48	49	50:=
15		0		0		1		0		0		1		0		0		0		0		0		0	
16		0		1		0		0		0		0		0		0		0		0		0		0	
17		0		0		1		0		0		1		0		0		0		0		0		0	
18		1		0		0		0		1		0		0		0		0		0		0		0	
19		0		0		0		0		0		1		0		0		0		0		0		0	
20		1		0		0		0		1		0		0		0		0		0		0		0	
21		0		0		1		0		0		1		0		0		0		0		0		0	
22		0		1		0		0		0		0		0		0		0		0		0		0	
23		0		0		0		0		1		0		0		0		0		0		0		0	
24		0		0		0		0		0		0		0		0		0		0		1		0	
25		0		0		0		0		1		0		0		0		0		0		0		0	
26		0		0		0		0		0		0		0		0		0		0		0		1	
27		1		0		0		0		1		0		0		0		0		0		0		0	
28		1		0		0		0		0		0		0		1		0		0		1		0	
29		0		0		0		0		0		0		0		0		0		0		0		1	
30		0		0		0		1		0		0		0		0		0		0		0		0	
31		0		0		0		0		0		0		1		0		0		0		0		0	
32		1		0		0		0		0		0		0		0		0		0		0		0	
33		0		0		1		0		0		1		0		0		0		0		0		0	
34		0		0		0		1		0		0		0		0		0		0		0		0	
35		0		1		0		0		0		0		0		0		0		0		0		0	
36		0		1		0		0		0		0		0		0		0		0		0		0	
37		0		0		0		0		0		0		1		1		1		0		0		0	
38		0		0		1		0		0		1		0		0		0		0		0		0	
;
param p:=
1	3
2	3
3	3
4	3
5	3
6	3
;
param G:=
39	98
40	76
41	86
42	86
43	97
44	77
45	92
46	81
47	73
48	71
49	100
50	84
;
param s:=
0	0
1	10
2	10
3	10
4	10
5	10
6	10
7	10
8	10
9	10
10	10
11	10
12	10
13	10
14	10
27	10
28	10
29	10
30	10
31	10
32	10
33	10
34	10
35	10
36	10
37	10
38	10
39	10
40	10
41	10
42	10
43	10
44	10
45	10
46	10
47	10
48	10
49	10
50	10
;
param t:
	0	1	2	3	4	5	6	7	8	9	10	11	12	13	14	15	16	17	18	19	20	21	22	23	24	25	26	27	28	29	30	31	32	33	34	35	36	37	38	39	40	41	42	43	44	45	46	47	48	49	50	51:=
0	0.0	60.03	18.44	57.72	42.05	12.17	8.25	54.33	28.84	45.12	32.31	18.44	74.24	85.09	46.69	40.0	15.23	30.07	67.2	24.41	87.13	48.17	8.94	60.83	49.4	64.9	38.83	77.79	56.92	42.05	56.32	52.84	72.69	61.77	80.52	10.2	26.68	45.25	42.76	73.74	14.56	54.45	71.06	78.77	33.38	26.42	36.88	28.86	16.28	43.1	23.32	0.0
1	60.03	0.0	50.6	12.65	87.66	48.0	52.15	84.02	38.63	65.3	78.79	42.05	14.56	40.25	42.8	71.02	74.43	68.03	38.47	76.16	46.17	72.47	56.89	45.69	33.29	57.27	50.99	26.08	17.09	58.0	18.97	55.61	14.42	60.03	28.43	70.0	71.69	41.04	78.89	25.63	65.97	84.81	21.02	37.11	72.01	38.6	24.74	32.39	44.28	17.72	42.38	60.03
2	18.44	50.6	0.0	52.15	38.42	16.0	12.65	70.34	32.31	58.03	28.84	18.97	65.15	68.96	28.43	55.32	27.2	46.17	68.41	42.8	86.28	62.51	10.0	65.3	32.31	72.11	20.59	72.72	52.8	24.74	42.05	61.61	64.62	70.34	66.27	27.2	21.63	50.16	59.46	69.63	16.0	70.6	57.08	77.16	49.98	29.15	32.56	26.4	11.7	32.89	8.25	18.44
3	57.72	12.65	52.15	0.0	90.44	45.61	50.6	73.78	32.06	54.92	80.99	39.29	19.7	52.8	50.99	61.74	72.8	60.17	26.08	70.26	36.72	62.13	56.46	33.11	42.38	44.72	57.2	20.59	4.47	64.4	30.07	43.86	16.49	47.71	40.5	67.08	73.78	30.0	69.86	17.69	66.21	74.63	33.62	27.29	63.89	33.02	20.88	28.86	43.46	21.4	44.41	57.72
4	42.05	87.66	38.42	90.44	0.0	50.0	44.41	92.78	68.41	86.65	10.0	55.32	101.98	96.08	52.35	80.05	32.25	69.86	106.15	58.14	124.58	88.77	37.2	101.61	61.19	106.68	40.45	110.94	91.21	36.0	75.29	94.83	102.0	103.77	97.67	40.79	16.97	86.02	80.62	108.0	27.78	92.66	89.5	115.52	72.18	65.44	70.94	64.35	48.8	70.33	46.04	42.05
5	12.17	48.0	16.0	45.61	50.0	0.0	5.66	55.03	18.44	42.05	40.0	6.32	62.13	75.18	40.5	39.85	27.2	31.3	56.64	31.62	76.03	46.69	12.81	51.61	41.04	57.27	35.44	65.79	44.94	40.45	45.69	46.17	60.53	55.03	69.57	22.0	33.29	36.06	44.72	61.85	22.63	55.36	60.08	67.42	35.36	15.56	24.74	16.76	6.4	31.4	16.12	12.17
6	8.25	52.15	12.65	50.6	44.41	5.66	0.0	57.72	24.08	46.04	34.41	11.66	66.48	76.97	39.7	42.76	22.36	33.53	62.29	31.11	81.61	50.16	7.21	57.2	41.62	62.61	33.11	70.94	50.16	37.36	48.08	51.26	65.12	60.17	72.28	18.44	27.78	41.62	46.82	67.12	16.97	57.97	62.82	72.95	37.34	21.21	29.73	21.93	8.06	35.01	15.62	8.25
7	54.33	84.02	70.34	73.78	92.78	55.03	57.72	0.0	48.41	18.87	84.21	55.46	93.3	121.66	94.85	15.23	60.53	24.33	61.61	34.93	80.4	11.66	62.8	49.03	93.3	42.0	90.44	85.44	69.97	95.08	92.2	32.98	89.55	36.0	111.95	52.15	80.0	43.91	12.17	80.06	68.03	1.0	103.28	76.69	21.02	50.22	62.29	58.01	61.1	75.17	70.94	54.33
8	28.84	38.63	32.31	32.06	68.41	18.44	24.08	48.41	0.0	31.3	58.41	13.42	50.99	73.59	49.03	33.94	43.91	29.53	38.42	38.21	58.31	37.74	31.24	33.29	45.69	39.85	48.04	50.64	30.07	54.33	43.86	30.07	48.37	38.47	64.9	36.77	51.61	17.89	41.23	46.1	41.04	49.04	55.8	50.09	33.62	3.16	14.42	9.85	20.62	26.87	28.28	28.84
9	45.12	65.3	58.03	54.92	86.65	42.05	46.04	18.87	31.3	0.0	77.2	40.79	74.43	103.48	79.7	10.77	55.46	18.44	44.18	33.94	64.03	7.21	52.35	32.0	76.97	27.86	76.94	67.05	51.11	82.39	74.4	16.12	70.71	22.36	93.38	46.52	71.81	25.06	18.11	61.68	59.67	19.72	84.86	59.3	18.6	33.62	44.41	41.15	47.38	57.43	56.89	45.12
10	32.31	78.79	28.84	80.99	10.0	40.0	34.41	84.21	58.41	77.2	0.0	45.34	93.23	90.09	46.04	71.02	24.08	60.83	96.21	50.04	114.77	79.62	27.2	91.61	54.15	96.75	34.06	101.55	81.61	31.05	67.47	84.97	93.04	93.91	90.55	32.06	7.21	76.03	72.11	98.47	17.89	84.15	82.04	105.76	63.39	55.44	61.22	54.49	38.9	61.27	36.72	32.31
11	18.44	42.05	18.97	39.29	55.32	6.32	11.66	55.46	13.42	40.79	45.34	0.0	56.04	71.02	39.4	40.25	33.53	32.8	50.91	35.78	70.0	46.17	18.44	46.65	38.42	53.14	36.22	59.46	38.63	42.0	41.18	42.76	54.33	51.42	64.62	28.07	38.42	31.3	46.04	55.54	28.43	55.9	55.15	61.29	37.01	10.3	18.44	10.44	7.28	25.96	16.12	18.44
12	74.24	14.56	65.15	19.7	101.98	62.13	66.48	93.3	50.99	74.43	93.23	56.04	0.0	40.2	55.17	81.44	88.81	79.7	39.45	89.11	40.0	81.63	71.39	49.68	45.25	61.22	64.4	18.0	23.32	71.22	29.73	62.48	4.47	65.12	26.31	84.1	86.16	49.4	89.55	20.62	80.52	94.15	23.54	32.39	83.49	51.48	38.05	46.01	58.69	32.28	56.92	74.24
13	85.09	40.25	68.96	52.8	96.08	75.18	76.97	121.66	73.59	103.48	90.09	71.02	40.2	0.0	44.05	107.52	96.17	102.45	77.79	106.68	80.1	110.45	78.43	85.91	36.88	97.51	56.04	58.14	57.27	60.13	30.0	95.41	44.41	100.24	14.0	95.08	84.38	80.45	114.77	60.67	84.4	122.35	19.24	72.56	106.67	72.35	59.4	64.66	69.32	46.75	62.03	85.09
14	46.69	42.8	28.43	50.99	52.35	40.5	39.7	94.85	49.03	79.7	46.04	39.4	55.17	44.05	0.0	79.62	54.59	71.69	74.73	70.77	87.66	85.44	38.42	76.42	10.0	86.02	12.0	68.82	53.85	17.09	25.61	78.41	56.64	86.09	45.61	55.61	40.45	64.03	85.09	67.74	42.05	95.27	38.08	78.26	75.8	46.32	40.05	39.46	34.13	30.36	24.41	46.69
15	40.0	71.02	55.32	61.74	80.05	39.85	42.76	15.23	33.94	10.77	71.02	40.25	81.44	107.52	79.62	0.0	48.08	10.2	54.0	24.41	74.24	8.94	48.17	42.19	78.23	38.63	75.29	75.71	58.31	80.05	77.79	26.68	78.0	33.11	98.41	39.29	66.27	32.98	8.25	70.41	54.15	15.65	89.5	69.03	8.6	35.47	48.17	43.28	45.88	60.81	55.71	40.0
16	15.23	74.43	27.2	72.8	32.25	27.2	22.36	60.53	43.91	55.46	24.08	33.53	88.81	96.17	54.59	48.08	0.0	37.95	82.1	26.0	102.22	56.92	18.11	75.07	59.46	78.1	44.41	92.97	72.11	45.25	68.73	65.6	87.48	74.4	93.06	8.94	21.54	59.67	48.37	88.96	12.81	60.41	83.73	93.94	40.02	41.59	51.92	43.97	30.15	57.08	34.53	15.23
17	30.07	68.03	46.17	60.17	69.86	31.3	33.53	24.33	29.53	18.44	60.83	32.8	79.7	102.45	71.69	10.2	37.95	0.0	56.89	15.62	77.67	18.97	38.47	46.17	71.22	44.94	66.48	76.24	57.27	70.88	72.47	32.25	76.66	40.0	94.34	29.12	56.14	34.06	13.42	71.11	44.05	24.52	85.15	71.45	4.24	30.23	43.91	37.8	37.59	55.8	47.41	30.07
18	67.2	38.47	68.41	26.08	106.15	56.64	62.29	61.61	38.42	44.18	96.21	50.91	39.45	77.79	74.73	54.0	82.1	56.89	0.0	70.88	20.88	50.64	69.31	12.65	67.08	22.8	78.79	25.61	22.0	85.91	56.0	28.64	34.99	27.78	64.62	74.43	89.2	23.41	62.03	20.52	79.25	62.59	58.94	15.13	59.41	41.11	36.72	42.01	57.38	44.38	62.13	67.2
19	24.41	76.16	42.8	70.26	58.14	31.62	31.11	34.93	38.21	33.94	50.04	35.78	89.11	106.68	70.77	24.41	26.0	15.62	70.88	0.0	91.76	33.29	33.29	60.93	72.47	60.46	63.25	88.09	68.03	66.24	76.94	47.71	86.58	55.61	100.32	18.44	46.69	47.54	22.8	83.22	35.44	34.71	90.87	84.93	15.81	37.66	51.42	43.97	37.8	61.47	46.69	24.41
20	87.13	46.17	86.28	36.72	124.58	76.03	81.61	80.4	58.31	64.03	114.77	70.0	40.0	80.1	87.66	74.24	102.22	77.67	20.88	91.76	0.0	70.03	88.41	32.06	78.79	38.83	93.74	22.0	34.41	100.96	65.15	48.0	36.06	44.72	66.12	94.83	107.63	44.27	82.1	20.62	98.41	81.39	63.2	9.43	80.06	60.75	53.74	60.31	75.93	57.98	79.25	87.13
21	48.17	72.47	62.51	62.13	88.77	46.69	50.16	11.66	37.74	7.21	79.62	46.17	81.63	110.45	85.44	8.94	56.92	18.97	50.64	33.29	70.03	0.0	56.0	38.21	83.19	32.56	82.0	74.0	58.31	87.13	81.22	22.09	77.9	26.68	100.5	48.08	74.67	32.25	13.42	68.62	62.51	12.53	91.92	65.76	17.49	39.82	51.22	47.51	52.39	64.2	62.1	48.17
22	8.94	56.89	10.0	56.46	37.2	12.81	7.21	62.8	31.24	52.35	27.2	18.44	71.39	78.43	38.42	48.17	18.11	38.47	69.31	33.29	88.41	56.0	0.0	64.4	42.05	69.77	30.0	76.97	56.36	33.11	50.64	58.31	70.34	67.23	74.97	17.2	20.59	48.83	51.42	73.36	10.0	62.97	65.62	79.63	41.98	28.32	35.78	28.3	13.0	39.32	16.49	8.94
23	60.83	45.69	65.3	33.11	101.61	51.61	57.2	49.03	33.29	32.0	91.61	46.65	49.68	85.91	76.42	42.19	75.07	46.17	12.65	60.93	32.06	38.21	64.4	0.0	70.0	11.66	78.59	37.74	28.64	85.44	61.19	16.12	45.34	15.62	73.43	66.84	84.88	15.62	50.04	32.45	74.03	50.01	66.71	27.66	48.27	36.36	36.5	39.56	53.71	47.01	60.17	60.83
24	49.4	33.29	32.31	42.38	61.19	41.04	41.62	93.3	45.69	76.97	54.15	38.42	45.25	36.88	10.0	78.23	59.46	71.22	67.08	72.47	78.79	83.19	42.05	70.0	0.0	80.22	20.88	59.36	45.61	26.83	15.62	73.76	46.86	80.89	36.5	59.06	48.0	58.86	84.4	58.59	47.54	93.81	28.46	69.46	75.43	43.38	34.53	35.85	34.71	23.02	26.08	49.4
25	64.9	57.27	72.11	44.72	106.68	57.27	62.61	42.0	39.85	27.86	96.75	53.14	61.22	97.51	86.02	38.63	78.1	44.94	22.8	60.46	38.83	32.56	69.77	11.66	80.22	0.0	87.13	48.41	40.25	93.74	72.28	12.81	56.85	6.0	85.09	69.43	90.35	22.36	45.61	43.28	78.89	43.0	78.29	36.67	46.07	43.01	46.0	47.68	60.41	57.43	67.91	64.9
26	38.83	50.99	20.59	57.2	40.45	35.44	33.11	90.44	48.04	76.94	34.06	36.22	64.4	56.04	12.0	75.29	44.41	66.48	78.79	63.25	93.74	82.0	30.0	78.59	20.88	87.13	0.0	76.42	59.36	7.21	35.78	78.1	65.3	86.37	57.27	46.69	28.64	64.78	79.85	74.65	31.62	90.76	49.34	84.31	70.38	45.01	42.38	39.46	29.61	35.81	20.1	38.83
27	77.79	26.08	72.72	20.59	110.94	65.79	70.94	85.44	50.64	67.05	101.55	59.46	18.0	58.14	68.82	75.71	92.97	76.24	25.61	88.09	22.0	74.0	76.97	37.74	59.36	48.41	76.42	0.0	20.88	83.55	44.72	52.8	14.14	53.25	44.18	86.83	94.34	42.76	83.95	5.39	86.76	86.38	41.3	14.87	79.51	52.17	41.23	49.04	63.98	41.11	64.9	77.79
28	56.92	17.09	52.8	4.47	91.21	44.94	50.16	69.97	30.07	51.11	81.61	38.63	23.32	57.27	53.85	58.31	72.11	57.27	22.0	68.03	34.41	58.31	56.36	28.64	45.61	40.25	59.36	20.88	0.0	66.57	34.0	39.6	19.7	43.27	44.94	65.97	74.4	26.08	66.48	17.0	66.24	70.83	38.08	25.0	60.88	31.4	20.59	28.23	43.42	23.71	45.34	56.92
29	42.05	58.0	24.74	64.4	36.0	40.45	37.36	95.08	54.33	82.39	31.05	42.0	71.22	60.13	17.09	80.05	45.25	70.88	85.91	66.24	100.96	87.13	33.11	85.44	26.83	93.74	7.21	83.55	66.57	0.0	42.19	84.38	72.25	92.78	62.64	48.83	26.83	71.39	84.12	81.84	32.56	95.34	55.15	91.53	74.63	51.24	49.4	46.1	35.06	43.01	26.08	42.05
30	56.32	18.97	42.05	30.07	75.29	45.69	48.08	92.2	43.86	74.4	67.47	41.18	29.73	30.0	25.61	77.79	68.73	72.47	56.0	76.94	65.15	81.22	50.64	61.19	15.62	72.28	35.78	44.72	34.0	42.19	0.0	68.03	31.62	74.0	24.33	66.48	60.83	52.8	84.9	44.6	58.03	92.85	15.03	56.04	76.69	42.45	30.0	34.71	40.16	17.03	34.23	56.32
31	52.84	55.61	61.61	43.86	94.83	46.17	51.26	32.98	30.07	16.12	84.97	42.76	62.48	95.41	78.41	26.68	65.6	32.25	28.64	47.71	48.0	22.09	58.31	16.12	73.76	12.81	78.1	52.8	39.6	84.38	68.03	0.0	58.41	8.94	84.02	56.85	78.79	15.23	34.23	47.42	67.08	33.96	76.28	43.74	33.62	33.14	39.29	39.05	50.01	51.87	58.31	52.84
32	72.69	14.42	64.62	16.49	102.0	60.53	65.12	89.55	48.37	70.71	93.04	54.33	4.47	44.41	56.64	78.0	87.48	76.66	34.99	86.58	36.06	77.9	70.34	45.34	46.86	56.85	65.3	14.14	19.7	72.25	31.62	58.41	0.0	60.83	30.59	82.39	85.91	45.65	86.16	16.28	79.7	90.43	27.17	28.16	80.36	49.09	36.06	44.1	57.49	31.78	56.46	72.69
33	61.77	60.03	70.34	47.71	103.77	55.03	60.17	36.0	38.47	22.36	93.91	51.42	65.12	100.24	86.09	33.11	74.4	40.0	27.78	55.61	44.72	26.68	67.23	15.62	80.89	6.0	86.37	53.25	43.27	92.78	74.0	8.94	60.83	0.0	88.2	65.6	87.73	22.09	39.85	48.01	76.03	37.0	81.01	42.15	40.82	41.59	46.39	47.04	58.69	58.46	66.75	61.77
34	80.52	28.43	66.27	40.5	97.67	69.57	72.28	111.95	64.9	93.38	90.55	64.62	26.31	14.0	45.61	98.41	93.06	94.34	64.62	100.32	66.12	100.5	74.97	73.43	36.5	85.09	57.27	44.18	44.94	62.64	24.33	84.02	30.59	88.2	0.0	90.71	84.21	69.43	106.02	46.87	82.22	112.7	9.49	58.69	98.48	64.14	50.48	56.82	64.29	38.91	58.55	80.52
35	10.2	70.0	27.2	67.08	40.79	22.0	18.44	52.15	36.77	46.52	32.06	28.07	84.1	95.08	55.61	39.29	8.94	29.12	74.43	18.44	94.83	48.08	17.2	66.84	59.06	69.43	46.69	86.83	65.97	48.83	66.48	56.85	82.39	65.6	90.71	0.0	28.28	51.61	40.05	82.57	17.09	52.09	81.25	86.82	31.4	34.79	46.39	38.33	26.48	53.24	33.11	10.2
36	26.68	71.69	21.63	73.78	16.97	33.29	27.78	80.0	51.61	71.81	7.21	38.42	86.16	84.38	40.45	66.27	21.54	56.14	89.2	46.69	107.63	74.67	20.59	84.88	48.0	90.35	28.64	94.34	74.4	26.83	60.83	78.79	85.91	87.73	84.21	28.28	0.0	69.34	68.03	91.26	12.17	80.01	75.54	98.6	59.01	48.6	54.04	47.38	31.83	54.13	29.53	26.68
37	45.25	41.04	50.16	30.0	86.02	36.06	41.62	43.91	17.89	25.06	76.03	31.3	49.4	80.45	64.03	32.98	59.67	34.06	23.41	47.54	44.27	32.25	48.83	15.62	58.86	22.36	64.78	42.76	26.08	71.39	52.8	15.23	45.65	22.09	69.43	51.61	69.34	0.0	41.23	37.48	58.41	44.78	61.4	37.48	37.01	21.02	24.33	25.32	38.48	36.69	45.61	45.25
38	42.76	78.89	59.46	69.86	80.62	44.72	46.82	12.17	41.23	18.11	72.11	46.04	89.55	114.77	85.09	8.25	48.37	13.42	62.03	22.8	82.1	13.42	51.42	50.04	84.4	45.61	79.85	83.95	66.48	84.12	84.9	34.23	86.16	39.85	106.02	40.05	68.03	41.23	0.0	78.64	56.14	12.04	97.01	77.1	9.49	42.45	55.61	50.21	51.0	68.01	60.83	42.76
39	73.74	25.63	69.63	17.69	108.0	61.85	67.12	80.06	46.1	61.68	98.47	55.54	20.62	60.67	67.74	70.41	88.96	71.11	20.52	83.22	20.62	68.62	73.36	32.45	58.59	43.28	74.65	5.39	17.0	81.84	44.6	47.42	16.28	48.01	46.87	82.57	91.26	37.48	78.64	0.0	83.24	80.99	43.0	12.0	74.33	47.8	37.59	45.19	60.42	38.95	62.01	73.74
40	14.56	65.97	16.0	66.21	27.78	22.63	16.97	68.03	41.04	59.67	17.89	28.43	80.52	84.4	42.05	54.15	12.81	44.05	79.25	35.44	98.41	62.51	10.0	74.03	47.54	78.89	31.62	86.76	66.24	32.56	58.03	67.08	79.7	76.03	82.22	17.09	12.17	58.41	56.14	83.24	0.0	68.07	73.06	89.63	47.01	38.18	45.65	38.28	22.83	48.27	24.08	14.56
41	54.45	84.81	70.6	74.63	92.66	55.36	57.97	1.0	49.04	19.72	84.15	55.9	94.15	122.35	95.27	15.65	60.41	24.52	62.59	34.71	81.39	12.53	62.97	50.01	93.81	43.0	90.76	86.38	70.83	95.34	92.85	33.96	90.43	37.0	112.7	52.09	80.01	44.78	12.04	80.99	68.07	0.0	104.0	77.67	21.1	50.8	62.97	58.6	61.47	75.82	71.31	54.45
42	71.06	21.02	57.08	33.62	89.5	60.08	62.82	103.28	55.8	84.86	82.04	55.15	23.54	19.24	38.08	89.5	83.73	85.15	58.94	90.87	63.2	91.92	65.62	66.71	28.46	78.29	49.34	41.3	38.08	55.15	15.03	76.28	27.17	81.01	9.49	81.25	75.54	61.4	97.01	43.0	73.06	104.0	0.0	55.0	89.31	54.92	41.4	47.51	54.82	29.53	49.25	71.06
43	78.77	37.11	77.16	27.29	115.52	67.42	72.95	76.69	50.09	59.3	105.76	61.29	32.39	72.56	78.26	69.03	93.94	71.45	15.13	84.93	9.43	65.76	79.63	27.66	69.46	36.67	84.31	14.87	25.0	91.53	56.04	43.74	28.16	42.15	58.69	86.82	98.6	37.48	77.1	12.0	89.63	77.67	55.0	0.0	74.17	52.35	44.6	51.4	67.01	48.55	70.01	78.77
44	33.38	72.01	49.98	63.89	72.18	35.36	37.34	21.02	33.62	18.6	63.39	37.01	83.49	106.67	75.8	8.6	40.02	4.24	59.41	15.81	80.06	17.49	41.98	48.27	75.43	46.07	70.38	79.51	60.88	74.63	76.69	33.62	80.36	40.82	98.48	31.4	59.01	37.01	9.49	74.33	47.01	21.1	89.31	74.17	0.0	34.41	48.02	42.01	41.68	60.0	51.48	33.38
45	26.42	38.6	29.15	33.02	65.44	15.56	21.21	50.22	3.16	33.62	55.44	10.3	51.48	72.35	46.32	35.47	41.59	30.23	41.11	37.66	60.75	39.82	28.32	36.36	43.38	43.01	45.01	52.17	31.4	51.24	42.45	33.14	49.09	41.59	64.14	34.79	48.6	21.02	42.45	47.8	38.18	50.8	54.92	52.35	34.41	0.0	13.93	7.81	17.46	25.61	25.18	26.42
46	36.88	24.74	32.56	20.88	70.94	24.74	29.73	62.29	14.42	44.41	61.22	18.44	38.05	59.4	40.05	48.17	51.92	43.91	36.72	51.42	53.74	51.22	35.78	36.5	34.53	46.0	42.38	41.23	20.59	49.4	30.0	39.29	36.06	46.39	50.48	46.39	54.04	24.33	55.61	37.59	45.65	62.97	41.4	44.6	48.02	13.93	0.0	8.06	22.83	13.04	25.61	36.88
47	28.86	32.39	26.4	28.86	64.35	16.76	21.93	58.01	9.85	41.15	54.49	10.44	46.01	64.66	39.46	43.28	43.97	37.8	42.01	43.97	60.31	47.51	28.3	39.56	35.85	47.68	39.46	49.04	28.23	46.1	34.71	39.05	44.1	47.04	56.82	38.33	47.38	25.32	50.21	45.19	38.28	58.6	47.51	51.4	42.01	7.81	8.06	0.0	15.62	18.03	20.62	28.86
48	16.28	44.28	11.7	43.46	48.8	6.4	8.06	61.1	20.62	47.38	38.9	7.28	58.69	69.32	34.13	45.88	30.15	37.59	57.38	37.8	75.93	52.39	13.0	53.71	34.71	60.41	29.61	63.98	43.42	35.06	40.16	50.01	57.49	58.69	64.29	26.48	31.83	38.48	51.0	60.42	22.83	61.47	54.82	67.01	41.68	17.46	22.83	15.62	0.0	27.0	9.85	16.28
49	43.1	17.72	32.89	21.4	70.33	31.4	35.01	75.17	26.87	57.43	61.27	25.96	32.28	46.75	30.36	60.81	57.08	55.8	44.38	61.47	57.98	64.2	39.32	47.01	23.02	57.43	35.81	41.11	23.71	43.01	17.03	51.87	31.78	58.46	38.91	53.24	54.13	36.69	68.01	38.95	48.27	75.82	29.53	48.55	60.0	25.61	13.04	18.03	27.0	0.0	24.7	43.1
50	23.32	42.38	8.25	44.41	46.04	16.12	15.62	70.94	28.28	56.89	36.72	16.12	56.92	62.03	24.41	55.71	34.53	47.41	62.13	46.69	79.25	62.1	16.49	60.17	26.08	67.91	20.1	64.9	45.34	26.08	34.23	58.31	56.46	66.75	58.55	33.11	29.53	45.61	60.83	62.01	24.08	71.31	49.25	70.01	51.48	25.18	25.61	20.62	9.85	24.7	0.0	23.32
;
