set K:= 1	2	3	4	5;
set C_H:= 1	2	3	4	5	6	7	8	9	10	11	12	13	14;
set C_S:= 15	16	17	18	19	20	21	22	23	24	25	26;
set C_F:= 27	28	29	30	31	32	33	34	35	36	37	38;
set L_B:= 39	40	41	42	43	44	45;
set A1:=
(0,*) 1 2 3 4 5 6 7 8 9 10 11 12 13 14 27 28 29 30 31 32 33 34 35 36 37 38 39 40 41 42 43 44 45
(1,*) 0 2 3 4 5 6 7 8 9 10 11 12 13 14 27 28 29 30 31 32 33 34 35 36 37 38 39 40 41 42 43 44 45
(2,*) 0 1 3 4 5 6 7 8 9 10 11 12 13 14 27 28 29 30 31 32 33 34 35 36 37 38 39 40 41 42 43 44 45
(3,*) 0 1 2 4 5 6 7 8 9 10 11 12 13 14 27 28 29 30 31 32 33 34 35 36 37 38 39 40 41 42 43 44 45
(4,*) 0 1 2 3 5 6 7 8 9 10 11 12 13 14 27 28 29 30 31 32 33 34 35 36 37 38 39 40 41 42 43 44 45
(5,*) 0 1 2 3 4 6 7 8 9 10 11 12 13 14 27 28 29 30 31 32 33 34 35 36 37 38 39 40 41 42 43 44 45
(6,*) 0 1 2 3 4 5 7 8 9 10 11 12 13 14 27 28 29 30 31 32 33 34 35 36 37 38 39 40 41 42 43 44 45
(7,*) 0 1 2 3 4 5 6 8 9 10 11 12 13 14 27 28 29 30 31 32 33 34 35 36 37 38 39 40 41 42 43 44 45
(8,*) 0 1 2 3 4 5 6 7 9 10 11 12 13 14 27 28 29 30 31 32 33 34 35 36 37 38 39 40 41 42 43 44 45
(9,*) 0 1 2 3 4 5 6 7 8 10 11 12 13 14 27 28 29 30 31 32 33 34 35 36 37 38 39 40 41 42 43 44 45
(10,*) 0 1 2 3 4 5 6 7 8 9 11 12 13 14 27 28 29 30 31 32 33 34 35 36 37 38 39 40 41 42 43 44 45
(11,*) 0 1 2 3 4 5 6 7 8 9 10 12 13 14 27 28 29 30 31 32 33 34 35 36 37 38 39 40 41 42 43 44 45
(12,*) 0 1 2 3 4 5 6 7 8 9 10 11 13 14 27 28 29 30 31 32 33 34 35 36 37 38 39 40 41 42 43 44 45
(13,*) 0 1 2 3 4 5 6 7 8 9 10 11 12 14 27 28 29 30 31 32 33 34 35 36 37 38 39 40 41 42 43 44 45
(14,*) 0 1 2 3 4 5 6 7 8 9 10 11 12 13 27 28 29 30 31 32 33 34 35 36 37 38 39 40 41 42 43 44 45
(27,*) 0 1 2 3 4 5 6 7 8 9 10 11 12 13 14 28 29 30 31 32 33 34 35 36 37 38 39 40 41 42 43 44 45
(28,*) 0 1 2 3 4 5 6 7 8 9 10 11 12 13 14 27 29 30 31 32 33 34 35 36 37 38 39 40 41 42 43 44 45
(29,*) 0 1 2 3 4 5 6 7 8 9 10 11 12 13 14 27 28 30 31 32 33 34 35 36 37 38 39 40 41 42 43 44 45
(30,*) 0 1 2 3 4 5 6 7 8 9 10 11 12 13 14 27 28 29 31 32 33 34 35 36 37 38 39 40 41 42 43 44 45
(31,*) 0 1 2 3 4 5 6 7 8 9 10 11 12 13 14 27 28 29 30 32 33 34 35 36 37 38 39 40 41 42 43 44 45
(32,*) 0 1 2 3 4 5 6 7 8 9 10 11 12 13 14 27 28 29 30 31 33 34 35 36 37 38 39 40 41 42 43 44 45
(33,*) 0 1 2 3 4 5 6 7 8 9 10 11 12 13 14 27 28 29 30 31 32 34 35 36 37 38 39 40 41 42 43 44 45
(34,*) 0 1 2 3 4 5 6 7 8 9 10 11 12 13 14 27 28 29 30 31 32 33 35 36 37 38 39 40 41 42 43 44 45
(35,*) 0 1 2 3 4 5 6 7 8 9 10 11 12 13 14 27 28 29 30 31 32 33 34 36 37 38 39 40 41 42 43 44 45
(36,*) 0 1 2 3 4 5 6 7 8 9 10 11 12 13 14 27 28 29 30 31 32 33 34 35 37 38 39 40 41 42 43 44 45
(37,*) 0 1 2 3 4 5 6 7 8 9 10 11 12 13 14 27 28 29 30 31 32 33 34 35 36 38 39 40 41 42 43 44 45
(38,*) 0 1 2 3 4 5 6 7 8 9 10 11 12 13 14 27 28 29 30 31 32 33 34 35 36 37 39 40 41 42 43 44 45
(39,*) 0 1 2 3 4 5 6 7 8 9 10 11 12 13 14 27 28 29 30 31 32 33 34 35 36 37 38 40 41 42 43 44 45
(40,*) 0 1 2 3 4 5 6 7 8 9 10 11 12 13 14 27 28 29 30 31 32 33 34 35 36 37 38 39 41 42 43 44 45
(41,*) 0 1 2 3 4 5 6 7 8 9 10 11 12 13 14 27 28 29 30 31 32 33 34 35 36 37 38 39 40 42 43 44 45
(42,*) 0 1 2 3 4 5 6 7 8 9 10 11 12 13 14 27 28 29 30 31 32 33 34 35 36 37 38 39 40 41 43 44 45
(43,*) 0 1 2 3 4 5 6 7 8 9 10 11 12 13 14 27 28 29 30 31 32 33 34 35 36 37 38 39 40 41 42 44 45
(44,*) 0 1 2 3 4 5 6 7 8 9 10 11 12 13 14 27 28 29 30 31 32 33 34 35 36 37 38 39 40 41 42 43 45
(45,*) 0 1 2 3 4 5 6 7 8 9 10 11 12 13 14 27 28 29 30 31 32 33 34 35 36 37 38 39 40 41 42 43 44
;
param BigM:=99999;
param n:= 5;
param d:=
1	20
2	15
3	3
4	16
5	3
6	6
7	5
8	3
9	16
10	22
11	10
12	6
13	1
14	13
15	24
16	3
17	23
18	20
19	21
20	24
21	14
22	3
23	20
24	7
25	19
26	7
27	5
28	26
29	9
30	6
31	13
32	20
33	12
34	24
35	2
36	6
37	24
38	4
;
param Q:=100;
param e:
	39	40	41	42	43	44	45:=
15	0	0	0	0	0	0	1	
16	0	0	0	0	0	0	1	
17	0	0	1	0	0	0	0	
18	0	0	0	1	0	0	0	
19	0	0	0	0	1	0	0	
20	0	0	0	1	0	0	0	
21	0	0	0	0	0	0	1	
22	0	0	0	0	1	0	0	
23	0	0	1	0	0	0	0	
24	0	0	0	0	0	0	1	
25	0	0	1	0	0	0	0	
26	0	0	0	1	0	1	1	
27	0	0	0	0	1	0	0	
28	0	0	0	0	0	0	1	
29	0	0	0	1	0	1	0	
30	0	0	0	0	0	0	1	
31	0	0	0	1	0	0	0	
32	0	0	0	1	0	0	0	
33	0	0	1	1	0	1	0	
34	0	0	0	0	1	0	0	
35	0	0	0	0	0	0	1	
36	0	0	1	0	0	0	0	
37	0	0	1	0	0	0	0	
38	0	0	0	1	0	0	0	
;
param p:=
1	3
2	3
3	3
4	3
5	3
;
param G:=
39	91
40	96
41	77
42	95
43	78
44	85
45	95
;
param s:=
0	0
1	10
2	10
3	10
4	10
5	10
6	10
7	10
8	10
9	10
10	10
11	10
12	10
13	10
14	10
27	10
28	10
29	10
30	10
31	10
32	10
33	10
34	10
35	10
36	10
37	10
38	10
39	10
40	10
41	10
42	10
43	10
44	10
45	10
;
param t:
	0	1	2	3	4	5	6	7	8	9	10	11	12	13	14	15	16	17	18	19	20	21	22	23	24	25	26	27	28	29	30	31	32	33	34	35	36	37	38	39	40	41	42	43	44	45:=
0	0.0	4.0	77.25	22.8	61.19	48.37	40.5	14.42	14.42	41.23	68.96	34.53	50.99	36.5	65.51	70.0	88.54	47.41	18.0	19.7	2.0	45.12	43.27	73.76	18.87	61.06	36.5	37.58	62.03	27.2	69.57	16.12	86.35	52.8	63.15	32.25	76.16	85.16	95.85	87.09	54.57	54.41	39.56	27.89	45.88	55.33
1	4.0	0.0	73.54	19.8	57.27	48.04	36.77	16.97	16.97	38.21	65.15	35.44	47.41	37.36	61.61	66.0	84.76	45.69	14.0	16.12	6.0	41.23	40.0	71.22	17.09	59.06	32.56	34.0	58.31	24.08	65.79	12.17	82.46	49.68	62.51	28.84	72.72	81.22	92.2	83.24	53.76	51.22	35.74	29.15	42.15	51.35
2	77.25	73.54	0.0	68.41	20.0	100.66	54.04	81.58	89.44	40.05	48.37	78.23	26.68	100.9	16.12	28.07	12.0	86.02	60.83	57.58	79.12	33.29	36.22	87.36	63.15	89.44	42.19	39.85	15.23	66.6	8.49	61.74	14.42	67.08	108.17	45.61	66.27	43.68	67.91	13.0	100.21	66.21	51.74	96.26	52.7	38.01
3	22.8	19.8	68.41	0.0	49.4	36.06	20.0	36.77	26.08	42.38	48.37	53.67	45.61	32.56	53.85	53.85	78.23	28.28	14.0	22.0	24.41	35.38	42.05	51.61	31.05	40.5	26.91	34.0	53.81	4.47	60.0	16.12	74.24	30.0	48.37	31.62	53.67	66.0	74.0	75.66	39.32	31.62	20.22	28.18	25.08	37.85
4	61.19	57.27	20.0	49.4	0.0	80.72	34.06	68.0	72.11	31.3	32.56	69.57	17.2	81.61	4.47	15.62	28.84	66.03	43.68	42.19	63.15	16.12	26.83	69.05	50.16	69.86	24.74	26.31	10.2	47.2	11.66	45.12	25.3	47.54	88.2	32.25	50.36	35.38	57.31	26.4	80.21	46.82	31.83	77.52	32.76	18.68
5	48.37	48.04	100.66	36.06	80.72	0.0	46.69	61.61	38.63	78.43	66.21	82.87	80.62	16.97	84.9	80.0	108.9	17.09	49.48	57.27	48.66	69.34	78.0	42.76	64.12	26.31	61.77	69.86	87.2	35.78	92.2	50.99	103.48	39.4	15.23	67.68	60.83	85.09	82.61	105.48	8.6	41.23	48.92	24.7	48.92	64.54
6	40.5	36.77	54.04	20.0	34.06	46.69	0.0	52.84	46.04	40.45	28.64	65.12	36.88	49.19	38.21	34.93	62.29	32.25	24.41	29.73	42.38	24.74	38.05	43.17	41.04	38.47	20.1	30.27	41.18	16.12	45.61	27.2	57.2	18.44	54.59	31.62	36.88	46.0	55.46	59.03	46.32	18.97	3.0	46.84	5.39	18.79
7	14.42	16.97	81.58	36.77	68.0	61.61	52.84	0.0	24.0	42.38	80.62	22.09	54.92	48.04	72.03	78.92	93.38	61.77	28.64	26.31	13.42	52.04	45.61	88.09	18.44	75.47	44.41	42.19	66.75	41.04	74.67	26.0	92.35	66.6	76.66	36.22	89.31	95.6	108.24	92.66	68.31	68.12	51.43	39.01	58.18	65.52
8	14.42	16.97	89.44	26.08	72.11	38.63	46.04	24.0	0.0	55.17	74.43	46.04	63.81	24.08	76.55	78.92	100.32	42.43	28.64	32.8	13.42	56.46	56.85	71.22	33.29	56.57	47.54	50.48	74.24	30.27	81.44	27.78	97.41	53.85	53.85	45.61	78.43	92.02	99.46	98.43	46.07	55.71	46.01	15.03	51.16	63.29
9	41.23	38.21	40.05	42.38	31.3	78.43	40.45	42.38	55.17	0.0	57.2	38.83	14.56	72.72	34.18	46.04	52.04	68.73	29.53	22.8	42.8	20.0	4.47	83.55	24.17	78.0	20.4	10.2	26.31	43.17	34.23	28.84	52.35	58.86	90.24	10.77	72.47	65.6	85.04	52.09	81.25	59.23	37.48	65.8	43.42	39.41
10	68.96	65.15	48.37	48.37	32.56	66.21	28.64	80.62	74.43	57.2	0.0	90.0	46.52	73.76	34.06	20.4	51.26	49.19	52.0	55.57	70.88	37.2	53.25	40.25	66.57	46.69	39.7	48.17	42.76	44.18	42.0	54.63	43.86	26.83	68.41	52.35	18.0	18.97	28.43	46.62	62.43	25.06	29.41	73.33	23.35	17.8
11	34.53	35.44	78.23	53.67	69.57	82.87	65.12	22.09	46.04	38.83	90.0	0.0	53.37	70.0	72.8	83.26	90.2	80.99	41.62	35.38	34.23	55.46	43.17	104.96	24.08	94.02	50.48	43.86	65.12	57.31	72.99	38.83	91.08	81.61	97.67	38.47	101.82	102.0	118.41	90.67	89.05	82.8	62.94	61.01	70.01	72.95
12	50.99	47.41	26.68	45.61	17.2	80.62	36.88	54.92	63.81	14.56	46.52	53.37	0.0	77.9	19.7	32.56	38.47	68.35	35.61	31.3	52.8	12.17	10.2	78.03	36.5	75.31	18.87	13.42	12.0	44.94	20.0	36.06	38.05	54.15	90.62	18.97	63.25	52.35	73.24	38.01	81.94	54.04	33.96	72.18	38.12	29.41
13	36.5	37.36	100.9	32.56	81.61	16.97	49.19	48.04	24.08	72.72	73.76	70.0	77.9	0.0	86.02	84.1	110.44	28.64	43.27	50.12	36.22	67.94	73.24	57.58	54.41	41.23	59.4	65.6	86.37	34.41	92.46	43.91	106.0	48.17	31.62	62.13	72.03	92.65	94.02	107.62	25.5	50.16	50.61	9.06	52.92	67.98
14	65.51	61.61	16.12	53.85	4.47	84.9	38.21	72.03	76.55	34.18	34.06	72.8	19.7	86.02	0.0	15.23	24.41	70.0	48.08	46.39	67.47	20.4	29.73	71.81	54.04	73.35	29.12	30.07	10.0	51.61	8.25	49.48	20.88	50.99	92.09	36.06	52.04	34.41	57.27	21.93	84.2	50.16	36.07	81.99	36.62	21.93
15	70.0	66.0	28.07	53.85	15.62	80.0	34.93	78.92	78.92	46.04	20.4	83.26	32.56	84.1	15.23	0.0	31.3	63.78	52.0	52.61	72.0	27.86	41.62	60.17	62.1	64.4	34.53	39.4	25.06	50.6	22.36	54.04	24.41	42.52	84.9	44.94	38.21	19.8	42.05	26.93	77.83	41.23	33.84	81.6	31.38	16.16
16	88.54	84.76	12.0	78.23	28.84	108.9	62.29	93.38	100.32	52.04	51.26	90.2	38.47	110.44	24.41	31.3	0.0	93.51	71.69	68.96	90.44	43.86	48.17	91.39	74.97	95.41	52.8	51.42	26.68	76.03	18.97	72.8	8.0	73.24	115.26	57.27	68.41	42.0	66.12	5.0	107.71	72.11	60.31	106.33	60.14	44.69
17	47.41	45.69	86.02	28.28	66.03	17.09	32.25	61.77	42.43	68.73	49.19	80.99	68.35	28.64	70.0	63.78	93.51	0.0	42.19	50.16	48.37	56.46	67.47	29.53	59.23	14.14	50.0	59.23	73.43	26.0	77.67	44.41	87.68	22.36	22.36	58.31	44.18	68.03	66.12	89.83	14.21	24.17	34.89	32.65	33.42	48.84
18	18.0	14.0	60.83	14.0	43.68	49.48	24.41	28.64	28.64	29.53	52.0	41.62	35.61	43.27	48.08	52.0	71.69	42.19	0.0	8.0	20.0	27.86	30.0	63.53	17.89	53.85	18.97	22.63	45.65	16.49	52.8	2.83	68.96	40.0	62.29	18.87	61.22	67.47	79.65	69.89	53.24	41.23	22.83	36.8	29.68	37.48
19	19.7	16.12	57.58	22.0	42.19	57.27	29.73	26.31	32.8	22.8	55.57	35.38	31.3	50.12	46.39	52.61	68.96	50.16	8.0	0.0	21.54	26.08	24.08	70.68	11.31	61.61	18.11	17.89	42.38	24.33	50.0	6.32	67.08	46.65	70.26	12.81	66.48	69.57	83.76	67.68	61.2	47.71	27.59	43.01	34.66	39.56
20	2.0	6.0	79.12	24.41	63.15	48.66	42.38	13.42	13.42	42.8	70.88	34.23	52.8	36.22	67.47	72.0	90.44	48.37	20.0	21.54	0.0	47.07	44.94	75.07	20.0	62.13	38.47	39.4	63.91	28.84	71.47	18.11	88.29	54.41	63.56	34.0	77.9	87.13	97.69	89.02	55.08	56.04	41.48	27.46	47.76	57.31
21	45.12	41.23	33.29	35.38	16.12	69.34	24.74	52.04	56.46	20.0	37.2	55.46	12.17	67.94	20.4	27.86	43.86	56.46	27.86	26.08	47.07	0.0	16.12	66.12	34.53	63.15	8.94	11.66	18.44	34.06	25.06	29.12	41.23	42.05	78.79	17.09	52.8	46.65	65.12	42.06	70.21	42.0	21.84	63.01	26.02	19.42
22	43.27	40.0	36.22	42.05	26.83	78.0	38.05	45.61	56.85	4.47	53.25	43.17	10.2	73.24	29.73	41.62	48.17	67.47	30.0	24.08	44.94	16.12	0.0	80.89	27.2	76.11	18.0	8.25	22.09	42.38	30.07	29.73	48.17	56.32	89.29	11.31	68.88	61.22	80.92	48.01	80.36	56.57	35.06	66.71	40.61	35.51
23	73.76	71.22	87.36	51.61	69.05	42.76	43.17	88.09	71.22	83.55	40.25	104.96	78.03	57.58	71.81	60.17	91.39	29.53	63.53	70.68	75.07	66.12	80.89	0.0	81.41	16.49	63.15	73.35	78.64	47.71	80.05	66.24	84.1	24.74	36.5	74.73	25.46	55.32	43.86	86.82	35.13	24.33	46.1	62.18	40.31	50.49
24	18.87	17.09	63.15	31.05	50.16	64.12	41.04	18.44	33.29	24.17	66.57	24.08	36.5	54.41	54.04	62.1	74.97	59.23	17.89	11.31	20.0	34.53	27.2	81.41	0.0	71.47	27.86	24.0	48.37	34.18	56.32	15.23	74.11	57.69	78.03	18.0	77.79	79.85	94.87	74.33	69.07	58.82	38.9	46.24	45.97	50.09
25	61.06	59.06	89.44	40.5	69.86	26.31	38.47	75.47	56.57	78.0	46.69	94.02	75.31	41.23	73.35	64.4	95.41	14.14	53.85	61.61	62.13	63.15	76.11	16.49	71.47	0.0	58.14	68.03	78.43	37.36	81.44	56.32	88.81	22.36	22.36	68.12	36.77	64.4	57.72	91.26	19.03	23.32	41.44	46.32	37.64	51.43
26	36.5	32.56	42.19	26.91	24.74	61.77	20.1	44.41	47.54	20.4	39.7	50.48	18.87	59.4	29.12	34.53	52.8	50.0	18.97	18.11	38.47	8.94	18.0	63.15	27.86	58.14	0.0	10.2	27.2	26.08	34.0	20.4	50.0	38.47	72.11	12.81	53.25	52.0	68.12	50.92	63.32	38.83	17.12	54.2	23.09	22.47
27	37.58	34.0	39.85	34.0	26.31	69.86	30.27	42.19	50.48	10.2	48.17	43.86	13.42	65.6	30.07	39.4	51.42	59.23	22.63	17.89	39.4	11.66	8.25	73.35	24.0	68.03	10.2	0.0	24.74	34.18	32.56	22.8	50.16	48.66	81.04	6.0	62.77	58.31	76.37	50.49	72.12	49.03	27.29	59.41	33.24	30.41
28	62.03	58.31	15.23	53.81	10.2	87.2	41.18	66.75	74.24	26.31	42.76	65.12	12.0	86.37	10.0	25.06	26.68	73.43	45.65	42.38	63.91	18.44	22.09	78.64	48.37	78.43	27.2	24.74	0.0	52.35	8.0	46.52	26.08	56.32	95.77	30.59	60.53	44.41	67.08	26.02	87.46	55.79	38.59	81.4	40.85	28.16
29	27.2	24.08	66.6	4.47	47.2	35.78	16.12	41.04	30.27	43.17	44.18	57.31	44.94	34.41	51.61	50.6	76.03	26.0	16.49	24.33	28.84	34.06	42.38	47.71	34.18	37.36	26.08	34.18	52.35	0.0	58.14	18.97	71.69	25.61	47.07	32.56	49.19	62.03	69.57	73.25	38.08	27.2	16.76	31.02	21.0	34.48
30	69.57	65.79	8.49	60.0	11.66	92.2	45.61	74.67	81.44	34.23	42.0	72.99	20.0	92.46	8.25	22.36	18.97	77.67	52.8	50.0	71.47	25.06	30.07	80.05	56.32	81.44	34.0	32.56	8.0	58.14	0.0	53.85	18.11	59.09	99.86	38.47	60.0	40.25	63.91	18.03	91.84	58.31	43.28	87.92	44.42	30.08
31	16.12	12.17	61.74	16.12	45.12	50.99	27.2	26.0	27.78	28.84	54.63	38.83	36.06	43.91	49.48	54.04	72.8	44.41	2.83	6.32	18.11	29.12	29.73	66.24	15.23	56.32	20.4	22.8	46.52	18.97	53.85	0.0	70.34	42.8	64.12	18.44	64.03	69.86	82.37	71.17	55.08	44.05	25.55	37.01	32.45	39.81
32	86.35	82.46	14.42	74.24	25.3	103.48	57.2	92.35	97.41	52.35	43.86	91.08	38.05	106.0	20.88	24.41	8.0	87.68	68.96	67.08	88.29	41.23	48.17	84.1	74.11	88.81	50.0	50.16	26.08	71.69	18.11	70.34	0.0	66.84	109.12	56.14	60.73	34.0	58.14	3.0	101.83	65.6	55.47	102.42	54.56	38.95
33	52.8	49.68	67.08	30.0	47.54	39.4	18.44	66.6	53.85	58.86	26.83	81.61	54.15	48.17	50.99	42.52	73.24	22.36	40.0	46.65	54.41	42.05	56.32	24.74	57.69	22.36	38.47	48.66	56.32	25.61	59.09	42.8	66.84	0.0	42.43	50.0	24.74	45.69	46.39	69.2	35.81	2.0	21.38	49.25	16.03	29.07
34	63.15	62.51	108.17	48.37	88.2	15.23	54.59	76.66	53.85	90.24	68.41	97.67	90.62	31.62	92.09	84.9	115.26	22.36	62.29	70.26	63.56	78.79	89.29	36.5	78.03	22.36	72.11	81.04	95.77	47.07	99.86	64.12	109.12	42.43	0.0	79.62	59.09	86.53	79.7	111.4	9.06	43.86	57.25	39.82	55.47	70.6
35	32.25	28.84	45.61	31.62	32.25	67.68	31.62	36.22	45.61	10.77	52.35	38.47	18.97	62.13	36.06	44.94	57.27	58.31	18.87	12.81	34.0	17.09	11.31	74.73	18.0	68.12	12.81	6.0	30.59	32.56	38.47	18.44	56.14	50.0	79.62	0.0	66.03	63.53	80.72	56.44	70.61	50.6	28.79	55.44	35.34	34.83
36	76.16	72.72	66.27	53.67	50.36	60.83	36.88	89.31	78.43	72.47	18.0	101.82	63.25	72.03	52.04	38.21	68.41	44.18	61.22	66.48	77.9	52.8	68.88	25.46	77.79	36.77	53.25	62.77	60.53	49.19	60.0	64.03	60.73	24.74	59.09	66.03	0.0	30.0	22.0	63.6	55.08	22.8	38.9	73.82	31.83	33.84
37	85.16	81.22	43.68	66.0	35.38	85.09	46.0	95.6	92.02	65.6	18.97	102.0	52.35	92.65	34.41	19.8	42.0	68.03	67.47	69.57	87.13	46.65	61.22	55.32	79.85	64.4	52.0	58.31	44.41	62.03	40.25	69.86	34.0	45.69	86.53	63.53	30.0	0.0	24.33	37.0	81.01	43.86	46.1	91.92	41.05	30.08
38	95.85	92.2	67.91	74.0	57.31	82.61	55.46	108.24	99.46	85.04	28.43	118.41	73.24	94.02	57.27	42.05	66.12	66.12	79.65	83.76	97.69	65.12	80.92	43.86	94.87	57.72	68.12	76.37	67.08	69.57	63.91	82.37	58.14	46.39	79.7	80.72	22.0	24.33	0.0	61.13	76.49	44.41	56.82	95.63	50.09	45.97
39	87.09	83.24	13.0	75.66	26.4	105.48	59.03	92.66	98.43	52.09	46.62	90.67	38.01	107.62	21.93	26.93	5.0	89.83	69.89	67.68	89.02	42.06	48.01	86.82	74.33	91.26	50.92	50.49	26.02	73.25	18.03	71.17	3.0	69.2	111.4	56.44	63.6	37.0	61.13	0.0	104.0	68.01	57.2	103.83	56.59	41.01
40	54.57	53.76	100.21	39.32	80.21	8.6	46.32	68.31	46.07	81.25	62.43	89.05	81.94	25.5	84.2	77.83	107.71	14.21	53.24	61.2	55.08	70.21	80.36	35.13	69.07	19.03	63.32	72.12	87.46	38.08	91.84	55.08	101.83	35.81	9.06	70.61	55.08	81.01	76.49	104.0	0.0	37.44	48.88	32.8	47.63	63.03
41	54.41	51.22	66.21	31.62	46.82	41.23	18.97	68.12	55.71	59.23	25.06	82.8	54.04	50.16	50.16	41.23	72.11	24.17	41.23	47.71	56.04	42.0	56.57	24.33	58.82	23.32	38.83	49.03	55.79	27.2	58.31	44.05	65.6	2.0	43.86	50.6	22.8	43.86	44.41	68.01	37.44	0.0	21.84	51.24	16.03	28.23
42	39.56	35.74	51.74	20.22	31.83	48.92	3.0	51.43	46.01	37.48	29.41	62.94	33.96	50.61	36.07	33.84	60.31	34.89	22.83	27.59	41.48	21.84	35.06	46.1	38.9	41.44	17.12	27.29	38.59	16.76	43.28	25.55	55.47	21.38	57.25	28.79	38.9	46.1	56.82	57.2	48.88	21.84	0.0	47.76	7.07	17.72
43	27.89	29.15	96.26	28.18	77.52	24.7	46.84	39.01	15.03	65.8	73.33	61.01	72.18	9.06	81.99	81.6	106.33	32.65	36.8	43.01	27.46	63.01	66.71	62.18	46.24	46.32	54.2	59.41	81.4	31.02	87.92	37.01	102.42	49.25	39.82	55.44	73.82	91.92	95.63	103.83	32.8	51.24	47.76	0.0	51.2	65.46
44	45.88	42.15	52.7	25.08	32.76	48.92	5.39	58.18	51.16	43.42	23.35	70.01	38.12	52.92	36.62	31.38	60.14	33.42	29.68	34.66	47.76	26.02	40.61	40.31	45.97	37.64	23.09	33.24	40.85	21.0	44.42	32.45	54.56	16.03	55.47	35.34	31.83	41.05	50.09	56.59	47.63	16.03	7.07	51.2	0.0	15.62
45	55.33	51.35	38.01	37.85	18.68	64.54	18.79	65.52	63.29	39.41	17.8	72.95	29.41	67.98	21.93	16.16	44.69	48.84	37.48	39.56	57.31	19.42	35.51	50.49	50.09	51.43	22.47	30.41	28.16	34.48	30.08	39.81	38.95	29.07	70.6	34.83	33.84	30.08	45.97	41.01	63.03	28.23	17.72	65.46	15.62	0.0
;
