set K:= 1	2	3	4	5;
set C_H:= 1	2	3	4	5	6	7	8	9	10	11	12	13;
set C_S:= 14	15	16	17	18	19	20	21	22	23	24;
set C_F:= 25	26	27	28	29	30	31	32	33	34	35;
set M:= 0	1;
set M_B:= 2	3;
set L_B:= 38	39	40	41	42	43	44;
set A1:=
(0,*) 1 2 3 4 5 6 7 8 9 10 11 12 13 25 26 27 28 29 30 31 32 33 34 35 1 2 3 38 39 40 41 42 43 44
(1,*) 0 2 3 4 5 6 7 8 9 10 11 12 13 25 26 27 28 29 30 31 32 33 34 35 0 2 3 38 39 40 41 42 43 44
(2,*) 0 1 3 4 5 6 7 8 9 10 11 12 13 25 26 27 28 29 30 31 32 33 34 35 0 1 3 38 39 40 41 42 43 44
(3,*) 0 1 2 4 5 6 7 8 9 10 11 12 13 25 26 27 28 29 30 31 32 33 34 35 0 1 2 38 39 40 41 42 43 44
(4,*) 0 1 2 3 5 6 7 8 9 10 11 12 13 25 26 27 28 29 30 31 32 33 34 35 0 1 2 3 38 39 40 41 42 43 44
(5,*) 0 1 2 3 4 6 7 8 9 10 11 12 13 25 26 27 28 29 30 31 32 33 34 35 0 1 2 3 38 39 40 41 42 43 44
(6,*) 0 1 2 3 4 5 7 8 9 10 11 12 13 25 26 27 28 29 30 31 32 33 34 35 0 1 2 3 38 39 40 41 42 43 44
(7,*) 0 1 2 3 4 5 6 8 9 10 11 12 13 25 26 27 28 29 30 31 32 33 34 35 0 1 2 3 38 39 40 41 42 43 44
(8,*) 0 1 2 3 4 5 6 7 9 10 11 12 13 25 26 27 28 29 30 31 32 33 34 35 0 1 2 3 38 39 40 41 42 43 44
(9,*) 0 1 2 3 4 5 6 7 8 10 11 12 13 25 26 27 28 29 30 31 32 33 34 35 0 1 2 3 38 39 40 41 42 43 44
(10,*) 0 1 2 3 4 5 6 7 8 9 11 12 13 25 26 27 28 29 30 31 32 33 34 35 0 1 2 3 38 39 40 41 42 43 44
(11,*) 0 1 2 3 4 5 6 7 8 9 10 12 13 25 26 27 28 29 30 31 32 33 34 35 0 1 2 3 38 39 40 41 42 43 44
(12,*) 0 1 2 3 4 5 6 7 8 9 10 11 13 25 26 27 28 29 30 31 32 33 34 35 0 1 2 3 38 39 40 41 42 43 44
(13,*) 0 1 2 3 4 5 6 7 8 9 10 11 12 25 26 27 28 29 30 31 32 33 34 35 0 1 2 3 38 39 40 41 42 43 44
(25,*) 0 1 2 3 4 5 6 7 8 9 10 11 12 13 26 27 28 29 30 31 32 33 34 35 0 1 2 3 38 39 40 41 42 43 44
(26,*) 0 1 2 3 4 5 6 7 8 9 10 11 12 13 25 27 28 29 30 31 32 33 34 35 0 1 2 3 38 39 40 41 42 43 44
(27,*) 0 1 2 3 4 5 6 7 8 9 10 11 12 13 25 26 28 29 30 31 32 33 34 35 0 1 2 3 38 39 40 41 42 43 44
(28,*) 0 1 2 3 4 5 6 7 8 9 10 11 12 13 25 26 27 29 30 31 32 33 34 35 0 1 2 3 38 39 40 41 42 43 44
(29,*) 0 1 2 3 4 5 6 7 8 9 10 11 12 13 25 26 27 28 30 31 32 33 34 35 0 1 2 3 38 39 40 41 42 43 44
(30,*) 0 1 2 3 4 5 6 7 8 9 10 11 12 13 25 26 27 28 29 31 32 33 34 35 0 1 2 3 38 39 40 41 42 43 44
(31,*) 0 1 2 3 4 5 6 7 8 9 10 11 12 13 25 26 27 28 29 30 32 33 34 35 0 1 2 3 38 39 40 41 42 43 44
(32,*) 0 1 2 3 4 5 6 7 8 9 10 11 12 13 25 26 27 28 29 30 31 33 34 35 0 1 2 3 38 39 40 41 42 43 44
(33,*) 0 1 2 3 4 5 6 7 8 9 10 11 12 13 25 26 27 28 29 30 31 32 34 35 0 1 2 3 38 39 40 41 42 43 44
(34,*) 0 1 2 3 4 5 6 7 8 9 10 11 12 13 25 26 27 28 29 30 31 32 33 35 0 1 2 3 38 39 40 41 42 43 44
(35,*) 0 1 2 3 4 5 6 7 8 9 10 11 12 13 25 26 27 28 29 30 31 32 33 34 0 1 2 3 38 39 40 41 42 43 44
(0,*) 1 2 3 4 5 6 7 8 9 10 11 12 13 25 26 27 28 29 30 31 32 33 34 35 1 2 3 38 39 40 41 42 43 44
(1,*) 0 2 3 4 5 6 7 8 9 10 11 12 13 25 26 27 28 29 30 31 32 33 34 35 0 2 3 38 39 40 41 42 43 44
(2,*) 0 1 3 4 5 6 7 8 9 10 11 12 13 25 26 27 28 29 30 31 32 33 34 35 0 1 3 38 39 40 41 42 43 44
(3,*) 0 1 2 4 5 6 7 8 9 10 11 12 13 25 26 27 28 29 30 31 32 33 34 35 0 1 2 38 39 40 41 42 43 44
(38,*) 0 1 2 3 4 5 6 7 8 9 10 11 12 13 25 26 27 28 29 30 31 32 33 34 35 0 1 2 3 39 40 41 42 43 44
(39,*) 0 1 2 3 4 5 6 7 8 9 10 11 12 13 25 26 27 28 29 30 31 32 33 34 35 0 1 2 3 38 40 41 42 43 44
(40,*) 0 1 2 3 4 5 6 7 8 9 10 11 12 13 25 26 27 28 29 30 31 32 33 34 35 0 1 2 3 38 39 41 42 43 44
(41,*) 0 1 2 3 4 5 6 7 8 9 10 11 12 13 25 26 27 28 29 30 31 32 33 34 35 0 1 2 3 38 39 40 42 43 44
(42,*) 0 1 2 3 4 5 6 7 8 9 10 11 12 13 25 26 27 28 29 30 31 32 33 34 35 0 1 2 3 38 39 40 41 43 44
(43,*) 0 1 2 3 4 5 6 7 8 9 10 11 12 13 25 26 27 28 29 30 31 32 33 34 35 0 1 2 3 38 39 40 41 42 44
(44,*) 0 1 2 3 4 5 6 7 8 9 10 11 12 13 25 26 27 28 29 30 31 32 33 34 35 0 1 2 3 38 39 40 41 42 43
;
param BigM:=99999;
param n:= 5;
param d:=
1	14
2	2
3	7
4	18
5	23
6	21
7	14
8	4
9	15
10	11
11	13
12	19
13	21
14	1
15	15
16	18
17	22
18	9
19	10
20	19
21	2
22	6
23	15
24	18
25	11
26	12
27	2
28	20
29	13
30	8
31	11
32	12
33	2
34	23
35	11
;
param Q:=100;
param e:
	36	37	38	39	40	41	42	43	44:=
14		0		1		0		1		0		0		0		0		0	
15		1		0		1		0		0		0		0		1		0	
16		0		1		0		1		0		0		0		0		0	
17		0		1		0		1		0		0		0		0		0	
18		0		1		0		1		0		0		0		0		0	
19		0		1		0		1		0		0		0		0		0	
20		1		0		1		0		0		0		0		0		0	
21		1		0		1		0		0		0		0		0		0	
22		0		0		0		0		0		0		1		0		0	
23		0		0		0		0		1		1		1		1		1	
24		1		0		1		0		0		0		0		0		0	
25		1		0		1		0		0		0		0		0		0	
26		0		0		0		0		0		0		0		0		1	
27		0		0		0		0		0		0		0		0		1	
28		0		1		0		1		1		0		0		0		0	
29		0		1		0		1		0		0		0		0		0	
30		0		0		0		0		0		1		0		0		1	
31		1		0		1		0		0		0		0		0		0	
32		0		0		0		0		0		0		0		0		1	
33		1		0		1		0		0		0		0		0		0	
34		0		0		0		0		1		1		1		1		0	
35		0		0		0		0		0		0		1		0		0	
;
param p:=
1	3
2	3
3	3
4	3
5	3
;
param G:=
36	73
37	86
38	73
39	86
40	74
41	73
42	100
43	73
44	97
;
param s:=
0	0
1	10
2	10
3	10
4	10
5	10
6	10
7	10
8	10
9	10
10	10
11	10
12	10
13	10
25	10
26	10
27	10
28	10
29	10
30	10
31	10
32	10
33	10
34	10
35	10
36	10
37	10
38	10
39	10
40	10
41	10
42	10
43	10
44	10
;
param t:
	0	1	2	3	4	5	6	7	8	9	10	11	12	13	14	15	16	17	18	19	20	21	22	23	24	25	26	27	28	29	30	31	32	33	34	35	36	37	38	39	40	41	42	43	44:=
0	0.0	72.25	70.0	78.92	48.83	10.0	60.83	55.46	72.11	56.14	60.0	46.17	32.31	78.82	33.11	70.94	21.63	17.2	56.92	13.42	62.29	88.81	69.86	54.41	76.94	106.15	28.28	76.66	26.31	14.14	47.07	72.25	64.0	69.86	60.17	76.03	85.21	10.77	85.21	10.77	37.2	45.25	59.54	51.09	38.42
1	72.25	0.0	39.4	18.97	38.83	65.12	48.41	28.43	94.76	84.4	90.0	78.89	64.62	63.56	89.29	43.86	54.33	60.17	30.0	84.0	86.56	68.96	23.41	38.21	92.2	66.27	71.47	107.81	46.04	58.55	73.78	93.34	92.46	83.55	22.63	5.66	66.73	62.8	66.73	62.8	44.94	47.71	30.48	42.64	53.67
2	70.0	39.4	0.0	58.31	21.26	67.88	14.14	18.97	60.03	53.85	58.82	52.15	45.61	24.17	71.02	4.47	48.41	66.84	60.03	76.94	53.85	30.27	16.12	15.62	55.61	37.2	53.85	74.24	48.41	60.83	46.17	58.31	60.17	47.71	20.0	44.72	27.66	65.05	27.66	65.05	32.8	26.0	13.6	19.24	34.18
3	78.92	18.97	58.31	0.0	55.17	70.26	66.57	45.61	111.95	100.5	106.15	94.02	78.23	82.46	101.13	62.77	64.62	64.03	24.74	91.78	103.25	87.93	42.38	55.61	110.0	84.0	84.12	124.45	54.41	64.78	89.38	110.63	108.9	101.21	40.5	14.14	85.7	68.47	85.7	68.47	58.82	63.66	48.55	59.55	68.41
4	48.83	38.83	21.26	55.17	0.0	46.69	16.12	10.77	56.85	45.61	51.22	40.25	28.07	36.5	54.04	22.8	27.2	46.04	48.08	56.46	48.08	45.61	24.0	5.66	55.57	58.14	36.0	69.31	27.78	39.7	34.99	55.61	53.81	46.65	17.09	44.41	42.2	43.86	42.2	43.86	11.66	8.94	12.04	5.1	16.12
5	10.0	65.12	67.88	70.26	46.69	0.0	60.46	51.61	78.1	62.13	66.48	52.15	36.22	79.65	42.19	69.43	20.59	7.21	47.54	23.32	68.03	89.55	65.51	52.35	82.1	104.8	34.23	83.95	20.59	7.21	52.04	78.03	70.46	74.43	55.57	68.47	85.96	2.83	85.96	2.83	35.61	44.94	56.22	49.82	39.4
6	60.83	48.41	14.14	66.57	16.12	60.46	0.0	21.54	47.2	39.85	44.94	38.05	33.11	20.4	57.72	12.17	40.0	60.83	63.15	66.03	40.25	29.73	27.2	12.17	43.86	45.61	41.23	61.06	43.08	53.85	32.06	45.61	46.52	35.38	26.08	54.04	26.25	57.69	26.25	57.69	25.06	15.62	18.03	11.4	22.8
7	55.46	28.43	18.97	45.61	10.77	51.61	21.54	0.0	66.48	56.04	61.61	50.99	38.47	40.2	64.28	22.36	34.18	49.52	42.19	64.56	58.14	48.04	14.56	10.0	64.4	55.57	46.17	79.4	31.24	44.41	45.65	65.12	64.03	55.61	6.32	34.06	45.0	48.83	45.0	48.83	20.1	19.7	5.39	14.21	26.68
8	72.11	94.76	60.03	111.95	56.85	78.1	47.2	66.48	0.0	16.0	12.65	26.0	42.76	42.76	45.69	56.36	61.61	82.61	102.96	67.91	10.2	48.0	74.4	56.57	8.94	74.0	44.0	14.56	71.47	74.67	26.68	2.0	8.94	12.65	72.14	100.42	46.1	76.24	46.1	76.24	56.36	48.83	64.44	52.4	46.52
9	56.14	84.4	53.85	100.5	45.61	62.13	39.85	56.04	16.0	0.0	5.66	10.0	27.2	42.76	31.62	50.99	46.17	66.75	89.31	52.5	6.32	50.6	66.21	46.65	21.54	75.71	28.0	24.41	56.46	58.86	11.66	16.12	8.94	16.97	62.13	90.0	47.8	60.3	47.8	60.3	42.8	36.88	55.07	41.88	32.8
10	60.0	90.0	58.82	106.15	51.22	66.48	44.94	61.61	12.65	5.66	0.0	14.56	32.31	46.17	33.11	55.79	51.26	71.39	94.87	55.32	6.32	53.37	71.55	52.15	20.0	78.92	32.25	18.87	61.74	63.56	17.2	13.42	4.0	17.89	67.68	95.6	50.8	64.78	50.8	64.78	48.41	42.52	60.54	47.43	38.42
11	46.17	78.89	52.15	94.02	40.25	52.15	38.05	50.99	26.0	10.0	14.56	0.0	17.89	45.69	24.08	50.0	36.77	56.89	81.22	43.08	16.12	54.59	62.64	42.38	31.05	78.43	18.0	33.11	47.41	49.03	6.0	26.08	18.44	25.06	57.27	84.38	51.43	50.36	51.43	50.36	35.38	31.3	50.92	37.34	25.61
12	32.31	64.62	45.61	78.23	28.07	36.22	33.11	38.47	42.76	27.2	32.31	17.89	0.0	48.08	26.0	44.94	18.97	40.05	63.78	33.94	32.56	58.0	52.04	32.06	46.0	78.23	8.25	50.99	29.53	32.06	16.12	42.43	36.06	38.21	44.72	69.86	54.45	34.06	54.45	34.06	19.7	20.1	40.01	27.17	12.0
13	78.82	63.56	24.17	82.46	36.5	79.65	20.4	40.2	42.76	42.76	46.17	45.69	48.08	0.0	68.96	19.7	59.06	80.62	82.39	82.02	40.05	10.0	40.25	32.06	36.06	32.98	55.32	57.27	63.25	73.35	40.25	40.79	46.0	30.27	43.17	68.88	6.4	76.94	6.4	76.94	44.94	34.93	35.51	31.78	40.5
14	33.11	89.29	71.02	101.13	54.04	42.19	57.72	64.28	45.69	31.62	33.11	24.08	26.0	68.96	0.0	69.86	36.72	48.83	83.23	24.08	37.74	78.23	78.03	58.03	52.84	101.13	18.11	46.17	47.71	42.52	28.84	46.52	36.77	48.41	70.46	94.25	74.95	41.62	74.95	41.62	44.72	46.04	66.01	53.08	38.0
15	70.94	43.86	4.47	62.77	22.8	69.43	12.17	22.36	56.36	50.99	55.79	50.0	44.94	19.7	69.86	0.0	49.52	68.82	64.0	77.18	50.6	26.08	20.59	17.2	51.61	35.38	53.14	70.68	50.48	62.48	44.0	54.59	56.92	43.91	24.08	49.19	23.35	66.6	23.35	66.6	33.94	26.08	17.12	19.85	34.0
16	21.63	54.33	48.41	64.62	27.2	20.59	40.0	34.18	61.61	46.17	51.26	36.77	18.97	59.06	36.72	49.52	0.0	22.36	46.86	30.59	51.42	68.96	48.7	32.8	64.28	84.85	21.26	69.86	11.31	14.56	34.93	61.19	55.03	56.04	39.29	58.86	65.37	17.89	65.37	17.89	15.62	24.41	38.01	29.7	18.97
17	17.2	60.17	66.84	64.03	46.04	7.21	60.83	49.52	82.61	66.75	71.39	56.89	40.05	80.62	48.83	68.82	22.36	0.0	40.79	30.53	72.44	90.38	62.8	51.61	86.02	104.02	39.29	89.29	18.44	8.0	56.14	82.39	75.31	78.03	52.8	63.15	86.82	7.21	86.82	7.21	35.78	45.69	54.45	49.74	41.23
18	56.92	30.0	60.03	24.74	48.08	47.54	63.15	42.19	102.96	89.31	94.87	81.22	63.78	82.39	83.23	64.0	46.86	40.79	0.0	70.23	93.3	90.02	47.07	50.99	102.96	93.15	67.94	113.72	35.61	43.08	77.67	102.0	98.18	94.02	40.05	29.73	87.09	46.17	87.09	46.17	46.65	54.63	47.04	53.16	56.6
19	13.42	84.0	76.94	91.78	56.46	23.32	66.03	64.56	67.91	52.5	55.32	43.08	33.94	82.02	24.08	77.18	30.59	30.53	70.23	0.0	58.82	91.93	79.12	61.74	74.0	111.61	27.2	70.03	38.05	27.2	45.65	68.41	59.23	68.03	69.86	88.09	88.39	24.17	88.39	24.17	44.94	51.11	68.01	57.71	43.27
20	62.29	86.56	53.85	103.25	48.08	68.03	40.25	58.14	10.2	6.32	6.32	16.12	32.56	40.05	37.74	50.6	51.42	72.44	93.3	58.82	0.0	47.07	67.23	48.41	15.23	72.69	34.06	21.26	61.35	64.5	16.49	10.0	6.32	11.66	64.03	92.2	44.55	66.12	44.55	66.12	46.65	39.7	56.61	43.93	36.72
21	88.81	68.96	30.27	87.93	45.61	89.55	29.73	48.04	48.0	50.6	53.37	54.59	58.0	10.0	78.23	26.08	68.96	90.38	90.02	91.93	47.07	0.0	45.61	40.79	40.2	26.0	65.12	62.13	72.8	83.19	49.4	46.0	52.61	36.22	50.16	74.0	3.61	86.83	3.61	86.83	54.63	44.72	43.0	41.11	50.48
22	69.86	23.41	16.12	42.38	24.0	65.51	27.2	14.56	74.4	66.21	71.55	62.64	52.04	40.25	78.03	20.59	48.7	62.8	47.07	79.12	67.23	45.61	0.0	20.4	70.77	46.17	60.0	88.2	44.94	58.31	56.92	72.8	73.43	62.48	10.0	28.64	43.32	62.77	43.32	62.77	34.53	32.25	12.04	25.5	40.05
23	54.41	38.21	15.62	55.61	5.66	52.35	12.17	10.0	56.57	46.65	52.15	42.38	32.06	32.06	58.03	17.2	32.8	51.61	50.99	61.74	48.41	40.79	20.4	0.0	54.41	52.5	40.2	69.66	33.29	45.34	36.77	55.17	54.41	45.61	15.62	43.86	37.48	49.52	37.48	49.52	17.2	12.0	8.54	5.1	20.1
24	76.94	92.2	55.61	110.0	55.57	82.1	43.86	64.4	8.94	21.54	20.0	31.05	46.0	36.06	52.84	51.61	64.28	86.02	102.96	74.0	15.23	40.2	70.77	54.41	0.0	66.12	48.66	22.0	73.35	78.03	30.07	7.21	16.97	8.94	69.66	97.84	38.64	80.02	38.64	80.02	56.92	48.33	61.72	50.77	47.54
25	106.15	66.27	37.2	84.0	58.14	104.8	45.61	55.57	74.0	75.71	78.92	78.43	78.23	32.98	101.13	35.38	84.85	104.02	93.15	111.61	72.69	26.0	46.17	52.5	66.12	0.0	86.09	88.09	85.6	97.84	72.8	72.0	78.41	62.13	54.63	70.03	28.16	101.98	28.16	101.98	69.31	60.96	50.25	55.15	68.41
26	28.28	71.47	53.85	84.12	36.0	34.23	41.23	46.17	44.0	28.0	32.25	18.0	8.25	55.32	18.11	53.14	21.26	39.29	67.94	27.2	34.06	65.12	60.0	40.2	48.66	86.09	0.0	50.0	32.56	31.62	18.97	44.05	36.22	41.76	52.35	76.55	61.62	32.56	61.62	32.56	26.68	28.28	48.01	35.36	20.1
27	76.66	107.81	74.24	124.45	69.31	83.95	61.06	79.4	14.56	24.41	18.87	33.11	50.99	57.27	46.17	70.68	69.86	89.29	113.72	70.03	21.26	62.13	88.2	69.66	22.0	88.09	50.0	0.0	80.5	81.61	36.06	16.49	15.62	27.2	85.28	113.45	60.41	82.46	60.41	82.46	67.2	60.83	77.8	65.19	57.2
28	26.31	46.04	48.41	54.41	27.78	20.59	43.08	31.24	71.47	56.46	61.74	47.41	29.53	63.25	47.71	50.48	11.31	18.44	35.61	38.05	61.35	72.8	44.94	33.29	73.35	85.6	32.56	80.5	0.0	13.42	44.94	70.88	65.39	64.78	34.99	50.04	69.29	17.89	69.29	17.89	18.44	28.64	36.07	31.78	26.08
29	14.14	58.55	60.83	64.78	39.7	7.21	53.85	44.41	74.67	58.86	63.56	49.03	32.06	73.35	42.52	62.48	14.56	8.0	43.08	27.2	64.5	83.19	58.31	45.34	78.03	97.84	31.62	81.61	13.42	0.0	48.17	74.43	67.47	70.03	48.37	62.13	79.61	4.47	79.61	4.47	28.84	38.47	49.04	43.01	33.53
30	47.07	73.78	46.17	89.38	34.99	52.04	32.06	45.65	26.68	11.66	17.2	6.0	16.12	40.25	28.84	44.0	34.93	56.14	77.67	45.65	16.49	49.4	56.92	36.77	30.07	72.8	18.97	36.06	44.94	48.17	0.0	26.31	20.59	22.8	51.88	79.32	46.14	50.0	46.14	50.0	31.24	26.08	45.31	31.78	21.26
31	72.25	93.34	58.31	110.63	55.61	78.03	45.61	65.12	2.0	16.12	13.42	26.08	42.43	40.79	46.52	54.59	61.19	82.39	102.0	68.41	10.0	46.0	72.8	55.17	7.21	72.0	44.05	16.49	70.88	74.43	26.31	0.0	10.0	10.77	70.71	98.99	44.1	76.11	44.1	76.11	55.46	47.71	62.97	51.09	45.69
32	64.0	92.46	60.17	108.9	53.81	70.46	46.52	64.03	8.94	8.94	4.0	18.44	36.06	46.0	36.77	56.92	55.03	75.31	98.18	59.23	6.32	52.61	73.43	54.41	16.97	78.41	36.22	15.62	65.39	67.47	20.59	10.0	0.0	16.49	70.0	98.08	50.25	68.73	50.25	68.73	51.61	45.25	62.68	49.82	41.62
33	69.86	83.55	47.71	101.21	46.65	74.43	35.38	55.61	12.65	16.97	17.89	25.06	38.21	30.27	48.41	43.91	56.04	78.03	94.02	68.03	11.66	36.22	62.48	45.61	8.94	62.13	41.76	27.2	64.78	70.03	22.8	10.77	16.49	0.0	60.96	89.2	34.01	72.25	34.01	72.25	48.08	39.4	53.08	41.88	38.83
34	60.17	22.63	20.0	40.5	17.09	55.57	26.08	6.32	72.14	62.13	67.68	57.27	44.72	43.17	70.46	24.08	39.29	52.8	40.05	69.86	64.03	50.16	10.0	15.62	69.66	54.63	52.35	85.28	34.99	48.37	51.88	70.71	70.0	60.96	0.0	28.28	47.38	52.84	47.38	52.84	26.0	26.0	8.06	20.25	32.98
35	76.03	5.66	44.72	14.14	44.41	68.47	54.04	34.06	100.42	90.0	95.6	84.38	69.86	68.88	94.25	49.19	58.86	63.15	29.73	88.09	92.2	74.0	28.64	43.86	97.84	70.03	76.55	113.45	50.04	62.13	79.32	98.99	98.08	89.2	28.28	0.0	71.87	66.27	71.87	66.27	50.16	53.25	36.12	48.27	59.06
36	85.21	66.73	27.66	85.7	42.2	85.96	26.25	45.0	46.1	47.8	50.8	51.43	54.45	6.4	74.95	23.35	65.37	86.82	87.09	88.39	44.55	3.61	43.32	37.48	38.64	28.16	61.62	60.41	69.29	79.61	46.14	44.1	50.25	34.01	47.38	71.87	0.0	83.24	0.0	83.24	51.08	41.15	40.05	37.64	46.87
37	10.77	62.8	65.05	68.47	43.86	2.83	57.69	48.83	76.24	60.3	64.78	50.36	34.06	76.94	41.62	66.6	17.89	7.21	46.17	24.17	66.12	86.83	62.77	49.52	80.02	101.98	32.56	82.46	17.89	4.47	50.0	76.11	68.73	72.25	52.84	66.27	83.24	0.0	83.24	0.0	32.8	42.19	53.41	47.01	36.77
38	85.21	66.73	27.66	85.7	42.2	85.96	26.25	45.0	46.1	47.8	50.8	51.43	54.45	6.4	74.95	23.35	65.37	86.82	87.09	88.39	44.55	3.61	43.32	37.48	38.64	28.16	61.62	60.41	69.29	79.61	46.14	44.1	50.25	34.01	47.38	71.87	0.0	83.24	0.0	83.24	51.08	41.15	40.05	37.64	46.87
39	10.77	62.8	65.05	68.47	43.86	2.83	57.69	48.83	76.24	60.3	64.78	50.36	34.06	76.94	41.62	66.6	17.89	7.21	46.17	24.17	66.12	86.83	62.77	49.52	80.02	101.98	32.56	82.46	17.89	4.47	50.0	76.11	68.73	72.25	52.84	66.27	83.24	0.0	83.24	0.0	32.8	42.19	53.41	47.01	36.77
40	37.2	44.94	32.8	58.82	11.66	35.61	25.06	20.1	56.36	42.8	48.41	35.38	19.7	44.94	44.72	33.94	15.62	35.78	46.65	44.94	46.65	54.63	34.53	17.2	56.92	69.31	26.68	67.2	18.44	28.84	31.24	55.46	51.61	48.08	26.0	50.16	51.08	32.8	51.08	32.8	0.0	10.2	23.09	14.21	10.0
41	45.25	47.71	26.0	63.66	8.94	44.94	15.62	19.7	48.83	36.88	42.52	31.3	20.1	34.93	46.04	26.08	24.41	45.69	54.63	51.11	39.7	44.72	32.25	12.0	48.33	60.96	28.28	60.83	28.64	38.47	26.08	47.71	45.25	39.4	26.0	53.25	41.15	42.19	41.15	42.19	10.2	0.0	20.22	7.07	8.25
42	59.54	30.48	13.6	48.55	12.04	56.22	18.03	5.39	64.44	55.07	60.54	50.92	40.01	35.51	66.01	17.12	38.01	54.45	47.04	68.01	56.61	43.0	12.04	8.54	61.72	50.25	48.01	77.8	36.07	49.04	45.31	62.97	62.68	53.08	8.06	36.12	40.05	53.41	40.05	53.41	23.09	20.22	0.0	13.6	28.02
43	51.09	42.64	19.24	59.55	5.1	49.82	11.4	14.21	52.4	41.88	47.43	37.34	27.17	31.78	53.08	19.85	29.7	49.74	53.16	57.71	43.93	41.11	25.5	5.1	50.77	55.15	35.36	65.19	31.78	43.01	31.78	51.09	49.82	41.88	20.25	48.27	37.64	47.01	37.64	47.01	14.21	7.07	13.6	0.0	15.3
44	38.42	53.67	34.18	68.41	16.12	39.4	22.8	26.68	46.52	32.8	38.42	25.61	12.0	40.5	38.0	34.0	18.97	41.23	56.6	43.27	36.72	50.48	40.05	20.1	47.54	68.41	20.1	57.2	26.08	33.53	21.26	45.69	41.62	38.83	32.98	59.06	46.87	36.77	46.87	36.77	10.0	8.25	28.02	15.3	0.0
;
