vehicles
vehicle_idx, capacity, cost_per_unit_distance
0,100,1
1,100,1
2,100,1
3,100,1
4,100,1
depot
node_idx,x,y
0,82,76
home delivery customers
node_idx,x,y,service_time,demand
1,13,7,0,6
2,84,39,0,12
3,2,39,0,6
4,98,52,0,14
5,84,25,0,21
6,91,2,0,18
7,98,14,0,8
8,5,42,0,12
9,80,55,0,24
10,57,69,0,2
11,23,15,0,20
12,20,70,0,15
13,98,5,0,14
self pickup customers
node_idx,x,y,service_time,demand,locker_idxs
14,96,44,0,0,39-34
15,49,8,0,21,36-34-38
16,3,82,0,16,35-37
17,1,65,0,3,35
18,88,51,0,22,33-39-40
19,19,32,0,19,37-32-43-41-42-36-40
20,93,3,0,1,38-34
21,42,9,0,4,34-38-32-36
22,61,62,0,8,37-43-41-33-42-40-38-39
flexible customers
node_idx,x,y,service_time,demand,locker_idxs
23,50,5,0,19,34-36-38
24,29,89,0,19,35-37-42-41-43
25,58,30,0,7,34-38-39-36-40-42-41-43
26,14,24,0,16,32-43-36
27,5,10,0,8,32-36
28,61,59,0,16,33-39-37-41-42-43-40-38
29,50,93,0,24,33-39-42-41-37
30,9,97,0,24,37-35
31,85,60,0,2,42-33-40-38-39
lockers
node_idx,x,y,service_time,capacity,cost_per_unit_good
32,8.275000000000002,9.125,30,160,1
33,82.48,89.875,30,160,1
34,82.48,9.125,30,160,1
35,8.275000000000002,89.875,30,160,1
36,30.099999999999998,30.5,30,160,1
37,30.099999999999998,68.5,30,160,1
38,68.89999999999999,30.5,30,160,1
39,68.89999999999999,68.5,30,160,1
40,53,50,15,30,1
41,43,56,15,30,1
42,47,54,15,30,1
43,37,51,15,30,1
mrt lines
start_node_idx,end_node_idx,freight_capacity,cost_per_unit_good
32,33,160,10
33,32,160,10
34,35,160,10
35,34,160,10
36,37,160,10
37,36,160,10
38,39,160,10
39,38,160,10
distance matrix
,0,1,2,3,4,5,6,7,8,9,10,11,12,13,14,15,16,17,18,19,20,21,22,23,24,25,26,27,28,29,30,31,32,33,34,35,36,37,38,39,40,41,42,43,
0,0.0,97.58,37.05,88.14,28.84,51.04,74.55,64.03,84.17,21.1,25.96,84.86,62.29,72.78,34.93,75.58,79.23,81.74,25.71,76.84,73.82,78.03,25.24,77.88,54.57,51.88,85.6,101.41,27.02,36.24,75.96,16.28,99.54,13.88,66.88,75.02,69.02,52.44,47.35,15.1,38.95,43.83,41.34,51.48
1,97.58,0.0,77.88,33.84,96.18,73.25,78.16,85.29,35.9,82.42,76.03,12.81,63.39,85.02,90.87,36.01,75.66,59.23,86.95,25.71,80.1,29.07,73.0,37.05,83.55,50.54,17.03,8.54,70.77,93.62,90.09,89.4,5.18,108.15,69.51,83.01,29.06,63.83,60.64,83.11,58.73,57.45,58.01,50.12
2,37.05,77.88,0.0,82.0,19.1,14.0,37.66,28.65,79.06,16.49,40.36,65.55,71.11,36.77,13.0,46.75,91.71,86.98,12.65,65.38,37.11,51.61,32.53,48.08,74.33,27.51,71.59,84.15,30.48,63.81,94.81,21.02,81.41,50.9,29.91,91.23,54.57,61.44,17.33,33.14,32.89,44.38,39.92,48.51
3,88.14,33.84,82.0,0.0,96.88,83.19,96.38,99.2,4.24,79.62,62.65,31.89,35.85,101.84,94.13,56.3,43.01,26.02,86.83,18.38,97.86,50.0,63.32,58.82,56.82,56.72,19.21,29.15,62.3,72.25,58.42,85.62,30.53,95.21,85.85,51.26,29.36,40.74,67.44,73.12,52.17,44.38,47.43,37.0
4,28.84,96.18,19.1,96.88,0.0,30.41,50.49,38.0,93.54,18.25,44.38,83.63,80.05,47.0,8.25,65.86,99.62,97.87,10.05,81.49,49.25,70.6,38.33,67.18,78.29,45.65,88.54,102.04,37.66,63.13,99.73,15.26,99.44,40.93,45.6,97.39,71.22,69.88,36.18,33.45,45.04,55.15,51.04,61.01
5,51.04,73.25,14.0,83.19,30.41,0.0,24.04,17.8,80.81,30.27,51.62,61.81,78.24,24.41,22.47,38.91,99.05,92.14,26.31,65.38,23.77,44.94,43.57,39.45,84.39,26.48,70.01,80.41,41.05,76.03,103.97,35.01,77.37,64.89,15.95,99.71,54.18,69.26,16.07,46.05,39.82,51.4,47.01,53.71
6,74.55,78.16,37.66,96.38,50.49,24.04,0.0,13.89,94.85,54.13,75.13,69.23,98.31,7.62,42.3,42.43,118.93,109.86,49.09,78.0,2.24,49.5,67.08,41.11,106.83,43.28,80.08,86.37,64.41,99.81,125.5,58.31,83.03,88.29,11.11,120.69,67.24,90.17,36.06,70.08,61.22,72.25,68.12,72.92
7,64.03,85.29,28.65,99.2,38.0,17.8,13.89,0.0,97.12,44.78,68.6,75.01,96.02,9.0,30.07,49.37,116.83,109.59,38.33,81.02,12.08,56.22,60.61,48.84,101.91,43.08,84.59,93.09,58.26,92.44,121.7,47.8,89.86,77.45,16.27,117.51,69.88,87.07,33.45,61.78,57.63,69.2,64.82,71.34
8,84.17,35.9,79.06,4.24,93.54,80.81,94.85,97.12,0.0,76.12,58.59,32.45,31.76,100.09,91.02,55.61,40.05,23.35,83.49,17.2,96.25,49.58,59.46,58.26,52.77,54.34,20.12,32.0,58.52,68.01,55.15,82.0,33.04,91.08,84.17,47.99,27.61,36.5,64.93,69.18,48.66,40.5,43.68,33.24
9,21.1,82.42,16.49,79.62,18.25,30.27,54.13,44.78,76.12,0.0,26.93,69.63,61.85,53.14,19.42,56.3,81.6,79.63,8.94,65.19,53.6,59.67,20.25,58.31,61.29,33.3,72.92,87.46,19.42,48.41,82.49,7.07,85.14,34.96,45.94,79.75,55.59,51.69,26.9,17.48,27.46,37.01,33.02,43.19
10,25.96,76.03,40.36,62.65,44.38,51.62,75.13,68.6,58.59,26.93,0.0,63.81,37.01,76.01,46.32,61.52,55.54,56.14,35.85,53.04,75.18,61.85,8.06,64.38,34.41,39.01,62.24,78.64,10.77,25.0,55.57,29.41,77.2,32.94,65.07,53.01,46.97,26.9,40.3,11.91,19.42,19.1,18.03,26.91
11,84.86,12.81,65.55,31.89,83.63,61.81,69.23,75.01,32.45,69.63,63.81,0.0,55.08,75.66,78.55,26.93,69.92,54.63,74.3,17.46,71.02,19.92,60.44,28.79,74.24,38.08,12.73,18.68,58.14,82.54,83.19,76.61,15.85,95.62,59.77,76.31,17.05,53.97,48.45,70.49,46.1,45.62,45.79,38.63
12,62.29,63.39,71.11,35.85,80.05,78.24,98.31,96.02,31.76,61.85,37.01,55.08,0.0,101.53,80.32,68.45,20.81,19.65,70.6,38.01,99.09,64.85,41.77,71.59,21.02,55.17,46.39,61.85,42.45,37.8,29.15,65.76,61.99,65.56,87.23,23.08,40.77,10.21,62.86,48.92,38.59,26.93,31.38,25.5
13,72.78,85.02,36.77,101.84,47.0,24.41,7.62,9.0,100.09,53.14,76.01,75.66,101.53,0.0,39.05,49.09,122.29,114.06,47.07,83.49,5.39,56.14,67.96,48.0,108.71,47.17,86.12,93.13,65.46,100.24,128.0,56.52,89.82,86.28,16.06,123.51,72.53,92.97,38.69,69.85,63.64,75.01,70.72,76.4
14,34.93,90.87,13.0,94.13,8.25,22.47,42.3,30.07,91.02,19.42,46.32,78.55,80.32,39.05,0.0,59.2,100.46,97.29,10.63,77.93,41.11,64.35,39.36,60.31,80.71,40.5,84.4,97.14,38.08,67.21,101.87,19.42,94.4,47.83,37.4,99.0,67.27,70.31,30.28,36.53,43.42,54.34,50.01,59.41
15,75.58,36.01,46.75,56.3,65.86,38.91,42.43,49.37,55.61,56.3,61.52,26.93,68.45,49.09,59.2,0.0,87.13,74.52,58.05,38.42,44.28,7.07,55.32,3.16,83.43,23.77,38.48,44.05,52.39,85.01,97.58,63.25,40.74,88.46,33.5,91.44,29.38,63.38,30.04,63.69,42.19,48.37,46.04,44.64
16,79.23,75.66,91.71,43.01,99.62,99.05,118.93,116.83,40.05,81.6,55.54,69.92,20.81,122.29,100.46,87.13,0.0,17.12,90.48,52.5,119.75,82.76,61.35,90.21,26.93,75.69,59.03,72.03,62.39,48.27,16.16,84.9,73.07,79.87,107.83,9.48,58.2,30.28,83.64,67.27,59.36,47.71,52.15,46.01
17,81.74,59.23,86.98,26.02,97.87,92.14,109.86,109.59,23.35,79.63,56.14,54.63,19.65,114.06,97.29,74.52,17.12,0.0,88.12,37.59,110.94,69.4,60.07,77.47,36.88,66.89,43.01,55.15,60.3,56.44,32.98,84.15,56.35,85.19,98.8,25.92,45.13,29.31,76.16,67.99,54.12,42.95,47.3,38.63
18,25.71,86.95,12.65,86.83,10.05,26.31,49.09,38.33,83.49,8.94,35.85,74.3,70.6,47.07,10.63,58.05,90.48,88.12,0.0,71.57,48.26,62.29,29.15,59.67,70.18,36.62,78.77,92.57,28.16,56.64,91.42,9.49,90.05,39.26,42.24,88.7,61.42,60.49,28.02,25.9,35.01,45.28,41.11,51.0
19,76.84,25.71,65.38,18.38,81.49,65.38,78.0,81.02,17.2,65.19,53.04,17.46,38.01,83.49,77.93,38.42,52.5,37.59,71.57,0.0,79.48,32.53,51.61,41.11,57.87,39.05,9.43,26.08,49.93,68.43,65.76,71.69,25.26,85.9,67.48,58.86,11.2,38.15,49.92,61.82,38.47,33.94,35.61,26.17
20,73.82,80.1,37.11,97.86,49.25,23.77,2.24,12.08,96.25,53.6,75.18,71.02,99.09,5.39,41.11,44.28,119.75,110.94,48.26,79.48,0.0,51.35,67.12,43.05,107.2,44.2,81.74,88.28,64.5,99.74,126.06,57.56,84.95,87.51,12.17,121.35,68.65,90.81,36.57,69.79,61.72,72.86,68.68,73.76
21,78.03,29.07,51.61,50.0,70.6,44.94,49.5,56.22,49.58,59.67,61.85,19.92,64.85,56.14,64.35,7.07,82.76,69.4,62.29,32.53,51.35,0.0,56.3,8.94,81.05,26.4,31.76,37.01,53.49,84.38,93.98,66.71,33.73,90.44,40.48,87.63,24.57,60.68,34.44,65.3,42.45,47.01,45.28,42.3
22,25.24,73.0,32.53,63.32,38.33,43.57,67.08,60.61,59.46,20.25,8.06,60.44,41.77,67.96,39.36,55.32,61.35,60.07,29.15,51.61,67.12,56.3,0.0,58.05,41.87,32.14,60.44,76.42,3.0,32.89,62.68,24.08,74.67,35.19,57.07,59.64,44.13,31.58,32.48,10.23,14.42,18.97,16.12,26.4
23,77.88,37.05,48.08,58.82,67.18,39.45,41.11,48.84,58.26,58.31,64.38,28.79,71.59,48.0,60.31,3.16,90.21,77.47,59.67,41.11,43.05,8.94,58.05,0.0,86.59,26.25,40.71,45.28,55.11,88.0,100.72,65.19,41.93,90.88,32.74,94.58,32.35,66.55,31.74,66.25,45.1,51.48,49.09,47.8
24,54.57,83.55,74.33,56.82,78.29,84.39,106.83,101.91,52.77,61.29,34.41,74.24,21.02,108.71,80.71,83.43,26.93,36.88,70.18,57.87,107.2,81.05,41.87,86.59,0.0,65.74,66.71,82.57,43.86,21.38,21.54,63.06,82.52,53.49,96.13,20.74,58.51,20.53,70.81,44.86,45.79,35.85,39.36,38.83
25,51.88,50.54,27.51,56.72,45.65,26.48,43.28,43.08,54.34,33.3,39.01,38.08,55.17,47.17,40.5,23.77,75.69,66.89,36.62,39.05,44.2,26.4,32.14,26.25,65.74,0.0,44.41,56.65,29.15,63.51,83.01,40.36,53.93,64.69,32.17,77.83,27.9,47.55,10.91,40.01,20.62,30.02,26.4,29.7
26,85.6,17.03,71.59,19.21,88.54,70.01,80.08,84.59,20.12,72.92,62.24,12.73,46.39,86.12,84.4,38.48,59.03,43.01,78.77,9.43,81.74,31.76,60.44,40.71,66.71,44.41,0.0,16.64,58.6,77.83,73.17,79.61,15.94,95.02,70.08,66.12,17.36,47.32,55.28,70.67,46.87,43.19,44.6,35.47
27,101.41,8.54,84.15,29.15,102.04,80.41,86.37,93.09,32.0,87.46,78.64,18.68,61.85,93.13,97.14,44.05,72.03,55.15,92.57,26.08,88.28,37.01,76.42,45.28,82.57,56.65,16.64,0.0,74.41,94.41,87.09,94.34,3.39,111.28,77.48,79.94,32.41,63.66,67.11,86.63,62.48,59.67,60.83,52.01
28,27.02,70.77,30.48,62.3,37.66,41.05,64.41,58.26,58.52,19.42,10.77,58.14,42.45,65.46,38.08,52.39,62.39,60.3,28.16,49.93,64.5,53.49,3.0,55.11,43.86,29.15,58.6,74.41,0.0,35.74,64.4,24.02,72.58,37.61,54.3,61.1,42.04,32.33,29.57,12.36,12.04,18.25,14.87,25.3
29,36.24,93.62,63.81,72.25,63.13,76.03,99.81,92.44,68.01,48.41,25.0,82.54,37.8,100.24,67.21,85.01,48.27,56.44,56.64,68.43,99.74,84.38,32.89,88.0,21.38,63.51,77.83,94.41,35.74,0.0,41.19,48.1,93.68,32.63,89.94,41.84,65.59,31.56,65.3,30.94,43.1,37.66,39.12,43.97
30,75.96,90.09,94.81,58.42,99.73,103.97,125.5,121.7,55.15,82.49,55.57,83.19,29.15,128.0,101.87,97.58,16.16,32.98,91.42,65.76,126.06,93.98,62.68,100.72,21.54,83.01,73.17,87.09,64.4,41.19,0.0,84.53,87.88,73.82,114.55,7.16,69.77,35.46,89.5,66.33,64.38,53.26,57.38,53.85
31,16.28,89.4,21.02,85.62,15.26,35.01,58.31,47.8,82.0,7.07,29.41,76.61,65.76,56.52,19.42,63.25,84.9,84.15,9.49,71.69,57.56,66.71,24.08,65.19,63.06,40.36,79.61,94.34,24.02,48.1,84.53,0.0,92.06,29.98,50.94,82.34,62.32,55.55,33.61,18.21,33.53,42.19,38.47,48.84
32,99.54,5.18,81.41,30.53,99.44,77.37,83.03,89.86,33.04,85.14,77.2,15.85,61.99,89.82,94.4,40.74,73.07,56.35,90.05,25.26,84.95,33.73,74.67,41.93,82.52,53.93,15.94,3.39,72.58,93.68,87.88,92.06,0.0,109.67,74.2,80.75,30.55,63.26,64.28,84.86,60.59,58.34,59.27,50.78
33,13.88,108.15,50.9,95.21,40.93,64.89,88.29,77.45,91.08,34.96,32.94,95.62,65.56,86.28,47.83,88.46,79.87,85.19,39.26,85.9,87.51,90.44,35.19,90.88,53.49,64.69,95.02,111.28,37.61,32.63,73.82,29.98,109.67,0.0,80.75,74.2,79.18,56.57,60.91,25.32,49.59,52.02,50.46,59.83
34,66.88,69.51,29.91,85.85,45.6,15.95,11.11,16.27,84.17,45.94,65.07,59.77,87.23,16.06,37.4,33.5,107.83,98.8,42.24,67.48,12.17,40.48,57.07,32.74,96.13,32.17,70.08,77.48,54.3,89.94,114.55,50.94,74.2,80.75,0.0,109.67,56.57,79.18,25.32,60.91,50.4,61.29,57.21,61.82
35,75.02,83.01,91.23,51.26,97.39,99.71,120.69,117.51,47.99,79.75,53.01,76.31,23.08,123.51,99.0,91.44,9.48,25.92,88.7,58.86,121.35,87.63,59.64,94.58,20.74,77.83,66.12,79.94,61.1,41.84,7.16,82.34,80.75,74.2,109.67,0.0,63.26,30.55,84.86,64.28,59.92,48.51,52.79,48.34
36,69.02,29.06,54.57,29.36,71.22,54.18,67.24,69.88,27.61,55.59,46.97,17.05,40.77,72.53,67.27,29.38,58.2,45.13,61.42,11.2,68.65,24.57,44.13,32.35,58.51,27.9,17.36,32.41,42.04,65.59,69.77,62.32,30.55,79.18,56.57,63.26,0.0,38.0,38.8,54.31,30.08,28.58,28.95,21.63
37,52.44,63.83,61.44,40.74,69.88,69.26,90.17,87.07,36.5,51.69,26.9,53.97,10.21,92.97,70.31,63.38,30.28,29.31,60.49,38.15,90.81,60.68,31.58,66.55,20.53,47.55,47.32,63.66,32.33,31.56,35.46,55.55,63.26,56.57,79.18,30.55,38.0,0.0,54.31,38.8,29.44,17.96,22.27,18.81
38,47.35,60.64,17.33,67.44,36.18,16.07,36.06,33.45,64.93,26.9,40.3,48.45,62.86,38.69,30.28,30.04,83.64,76.16,28.02,49.92,36.57,34.44,32.48,31.74,70.81,10.91,55.28,67.11,29.57,65.3,89.5,33.61,64.28,60.91,25.32,84.86,38.8,54.31,0.0,38.0,25.16,36.35,32.12,37.92
39,15.1,83.11,33.14,73.12,33.45,46.05,70.08,61.78,69.18,17.48,11.91,70.49,48.92,69.85,36.53,63.69,67.27,67.99,25.9,61.82,69.79,65.3,10.23,66.25,44.86,40.01,70.67,86.63,12.36,30.94,66.33,18.21,84.86,25.32,60.91,64.28,54.31,38.8,38.0,0.0,24.39,28.76,26.27,36.38
40,38.95,58.73,32.89,52.17,45.04,39.82,61.22,57.63,48.66,27.46,19.42,46.1,38.59,63.64,43.42,42.19,59.36,54.12,35.01,38.47,61.72,42.45,14.42,45.1,45.79,20.62,46.87,62.48,12.04,43.1,64.38,33.53,60.59,49.59,50.4,59.92,30.08,29.44,25.16,24.39,0.0,11.66,7.21,16.03
41,43.83,57.45,44.38,44.38,55.15,51.4,72.25,69.2,40.5,37.01,19.1,45.62,26.93,75.01,54.34,48.37,47.71,42.95,45.28,33.94,72.86,47.01,18.97,51.48,35.85,30.02,43.19,59.67,18.25,37.66,53.26,42.19,58.34,52.02,61.29,48.51,28.58,17.96,36.35,28.76,11.66,0.0,4.47,7.81
42,41.34,58.01,39.92,47.43,51.04,47.01,68.12,64.82,43.68,33.02,18.03,45.79,31.38,70.72,50.01,46.04,52.15,47.3,41.11,35.61,68.68,45.28,16.12,49.09,39.36,26.4,44.6,60.83,14.87,39.12,57.38,38.47,59.27,50.46,57.21,52.79,28.95,22.27,32.12,26.27,7.21,4.47,0.0,10.44
43,51.48,50.12,48.51,37.0,61.01,53.71,72.92,71.34,33.24,43.19,26.91,38.63,25.5,76.4,59.41,44.64,46.01,38.63,51.0,26.17,73.76,42.3,26.4,47.8,38.83,29.7,35.47,52.01,25.3,43.97,53.85,48.84,50.78,59.83,61.82,48.34,21.63,18.81,37.92,36.38,16.03,7.81,10.44,0.0
