set K:= 1	2	3	4	5;
set C_H:= 1	2	3	4	5	6	7	8	9	10	11	12	13;
set C_S:= 14	15	16	17	18	19	20	21	22;
set C_F:= 23	24	25	26	27	28	29	30	31;
set M:= 32	33	34	35;
set L_B:= 36	37;
set A1:=
(0,*) 1 2 3 4 5 6 7 8 9 10 11 12 13 23 24 25 26 27 28 29 30 31 32 33 34 35 36 37
(1,*) 0 2 3 4 5 6 7 8 9 10 11 12 13 23 24 25 26 27 28 29 30 31 32 33 34 35 36 37
(2,*) 0 1 3 4 5 6 7 8 9 10 11 12 13 23 24 25 26 27 28 29 30 31 32 33 34 35 36 37
(3,*) 0 1 2 4 5 6 7 8 9 10 11 12 13 23 24 25 26 27 28 29 30 31 32 33 34 35 36 37
(4,*) 0 1 2 3 5 6 7 8 9 10 11 12 13 23 24 25 26 27 28 29 30 31 32 33 34 35 36 37
(5,*) 0 1 2 3 4 6 7 8 9 10 11 12 13 23 24 25 26 27 28 29 30 31 32 33 34 35 36 37
(6,*) 0 1 2 3 4 5 7 8 9 10 11 12 13 23 24 25 26 27 28 29 30 31 32 33 34 35 36 37
(7,*) 0 1 2 3 4 5 6 8 9 10 11 12 13 23 24 25 26 27 28 29 30 31 32 33 34 35 36 37
(8,*) 0 1 2 3 4 5 6 7 9 10 11 12 13 23 24 25 26 27 28 29 30 31 32 33 34 35 36 37
(9,*) 0 1 2 3 4 5 6 7 8 10 11 12 13 23 24 25 26 27 28 29 30 31 32 33 34 35 36 37
(10,*) 0 1 2 3 4 5 6 7 8 9 11 12 13 23 24 25 26 27 28 29 30 31 32 33 34 35 36 37
(11,*) 0 1 2 3 4 5 6 7 8 9 10 12 13 23 24 25 26 27 28 29 30 31 32 33 34 35 36 37
(12,*) 0 1 2 3 4 5 6 7 8 9 10 11 13 23 24 25 26 27 28 29 30 31 32 33 34 35 36 37
(13,*) 0 1 2 3 4 5 6 7 8 9 10 11 12 23 24 25 26 27 28 29 30 31 32 33 34 35 36 37
(23,*) 0 1 2 3 4 5 6 7 8 9 10 11 12 13 24 25 26 27 28 29 30 31 32 33 34 35 36 37
(24,*) 0 1 2 3 4 5 6 7 8 9 10 11 12 13 23 25 26 27 28 29 30 31 32 33 34 35 36 37
(25,*) 0 1 2 3 4 5 6 7 8 9 10 11 12 13 23 24 26 27 28 29 30 31 32 33 34 35 36 37
(26,*) 0 1 2 3 4 5 6 7 8 9 10 11 12 13 23 24 25 27 28 29 30 31 32 33 34 35 36 37
(27,*) 0 1 2 3 4 5 6 7 8 9 10 11 12 13 23 24 25 26 28 29 30 31 32 33 34 35 36 37
(28,*) 0 1 2 3 4 5 6 7 8 9 10 11 12 13 23 24 25 26 27 29 30 31 32 33 34 35 36 37
(29,*) 0 1 2 3 4 5 6 7 8 9 10 11 12 13 23 24 25 26 27 28 30 31 32 33 34 35 36 37
(30,*) 0 1 2 3 4 5 6 7 8 9 10 11 12 13 23 24 25 26 27 28 29 31 32 33 34 35 36 37
(31,*) 0 1 2 3 4 5 6 7 8 9 10 11 12 13 23 24 25 26 27 28 29 30 32 33 34 35 36 37
(32,*) 0 1 2 3 4 5 6 7 8 9 10 11 12 13 23 24 25 26 27 28 29 30 31 33 34 35 36 37
(33,*) 0 1 2 3 4 5 6 7 8 9 10 11 12 13 23 24 25 26 27 28 29 30 31 32 34 35 36 37
(34,*) 0 1 2 3 4 5 6 7 8 9 10 11 12 13 23 24 25 26 27 28 29 30 31 32 33 35 36 37
(35,*) 0 1 2 3 4 5 6 7 8 9 10 11 12 13 23 24 25 26 27 28 29 30 31 32 33 34 36 37
(36,*) 0 1 2 3 4 5 6 7 8 9 10 11 12 13 23 24 25 26 27 28 29 30 31 32 33 34 35 37
(37,*) 0 1 2 3 4 5 6 7 8 9 10 11 12 13 23 24 25 26 27 28 29 30 31 32 33 34 35 36
;
set A2:=
(32,*) 33
(33,*) 32
(34,*) 35
(35,*) 34
;
param BigM:=99999;
param n:= 5;
param d:=
1	21
2	6
3	19
4	7
5	16
6	16
7	18
8	19
9	1
10	8
11	20
12	15
13	2
14	16
15	14
16	3
17	22
18	24
19	8
20	4
21	24
22	24
23	19
24	12
25	6
26	8
27	21
28	12
29	2
30	14
31	9
;
param Q:=100
param w:=
[32,*] 33 5
[33,*] 32 5
[34,*] 35 5
[35,*] 34 5
;
param V:=
[32,*] 33 246
[33,*] 32 246
[34,*] 35 246
[35,*] 34 246
;
param f:=
32	100
33	100
34	100
35	100
36	100
37	100
;
param e:
	32	33	34	35	36	37:=
14	1	0	0	0	0	0	
15	1	0	0	0	0	0	
16	0	1	0	0	0	1	
17	0	0	0	1	0	0	
18	0	0	1	0	0	0	
19	0	1	0	0	0	1	
20	1	0	0	0	0	0	
21	0	1	0	0	1	1	
22	0	0	0	1	0	0	
23	0	0	1	0	0	0	
24	0	0	1	0	1	1	
25	1	0	0	0	0	0	
26	0	0	0	1	0	0	
27	1	0	0	0	0	0	
28	0	0	1	0	0	0	
29	0	1	0	0	1	1	
30	0	1	0	0	1	1	
31	0	0	1	0	0	0	
;
param r:
	32	33	34	35:=
32	0	1	0	0	
33	1	0	0	0	
34	0	0	0	1	
35	0	0	1	0	
;
param p:=
1	1
2	1
3	1
4	1
5	1
;
param G:=
32	246
33	246
34	246
35	246
36	61
37	61
;
param s:=
0	0
1	15
2	15
3	15
4	15
5	15
6	15
7	15
8	15
9	15
10	15
11	15
12	15
13	15
23	15
24	15
25	15
26	15
27	15
28	15
29	15
30	15
31	15
32	30
33	30
34	30
35	30
36	15
37	15
;
param t:
	0	1	2	3	4	5	6	7	8	9	10	11	12	13	14	15	16	17	18	19	20	21	22	23	24	25	26	27	28	29	30	31	32	33	34	35	36	37:=
0	0.0	77.88	75.58	97.58	54.57	37.05	51.04	25.71	74.55	76.84	78.03	25.96	84.86	62.29	88.14	101.41	27.02	81.74	73.82	36.24	84.17	25.24	75.96	34.93	51.88	85.6	79.23	28.84	64.03	21.1	16.28	72.78	99.54	13.88	66.88	75.02	41.87	25.08
1	77.88	0.0	3.16	37.05	86.59	48.08	39.45	59.67	41.11	41.11	8.94	64.38	28.79	71.59	58.82	45.28	55.11	77.47	43.05	88.0	58.26	58.05	100.72	60.31	26.25	40.71	90.21	67.18	48.84	58.31	65.19	48.0	41.93	90.88	32.74	94.58	44.0	61.66
2	75.58	3.16	0.0	36.01	83.43	46.75	38.91	58.05	42.43	38.42	7.07	61.52	26.93	68.45	56.3	44.05	52.39	74.52	44.28	85.01	55.61	55.32	97.58	59.2	23.77	38.48	87.13	65.86	49.37	56.3	63.25	49.09	40.74	88.46	33.5	91.44	41.01	58.86
3	97.58	37.05	36.01	0.0	83.55	77.88	73.25	86.95	78.16	25.71	29.07	76.03	12.81	63.39	33.84	8.54	70.77	59.23	80.1	93.62	35.9	73.0	90.09	90.87	50.54	17.03	75.66	96.18	85.29	82.42	89.4	85.02	5.18	108.15	69.51	83.01	55.97	74.81
4	54.57	86.59	83.43	83.55	0.0	74.33	84.39	70.18	106.83	57.87	81.05	34.41	74.24	21.02	56.82	82.57	43.86	36.88	107.2	21.38	52.77	41.87	21.54	80.71	65.74	66.71	26.93	78.29	101.91	61.29	63.06	108.71	82.52	53.49	96.13	20.74	45.18	37.8
5	37.05	48.08	46.75	77.88	74.33	0.0	14.0	12.65	37.66	65.38	51.61	40.36	65.55	71.11	82.0	84.15	30.48	86.98	37.11	63.81	79.06	32.53	94.81	13.0	27.51	71.59	91.71	19.1	28.65	16.49	21.02	36.77	81.41	50.9	29.91	91.23	35.44	36.8
6	51.04	39.45	38.91	73.25	84.39	14.0	0.0	26.31	24.04	65.38	44.94	51.62	61.81	78.24	83.19	80.41	41.05	92.14	23.77	76.03	80.81	43.57	103.97	22.47	26.48	70.01	99.05	30.41	17.8	30.27	35.01	24.41	77.37	64.89	15.95	99.71	41.62	48.02
7	25.71	59.67	58.05	86.95	70.18	12.65	26.31	0.0	49.09	71.57	62.29	35.85	74.3	70.6	86.83	92.57	28.16	88.12	48.26	56.64	83.49	29.15	91.42	10.63	36.62	78.77	90.48	10.05	38.33	8.94	9.49	47.07	90.05	39.26	42.24	88.7	38.05	32.65
8	74.55	41.11	42.43	78.16	106.83	37.66	24.04	49.09	0.0	78.0	49.5	75.13	69.23	98.31	96.38	86.37	64.41	109.86	2.24	99.81	94.85	67.08	125.5	42.3	43.28	80.08	118.93	50.49	13.89	54.13	58.31	7.62	83.03	88.29	11.11	120.69	62.37	71.55
9	76.84	41.11	38.42	25.71	57.87	65.38	65.38	71.57	78.0	0.0	32.53	53.04	17.46	38.01	18.38	26.08	49.93	37.59	79.48	68.43	17.2	51.61	65.76	77.93	39.05	9.43	52.5	81.49	81.02	65.19	71.69	83.49	25.26	85.9	67.48	58.86	35.36	52.5
10	78.03	8.94	7.07	29.07	81.05	51.61	44.94	62.29	49.5	32.53	0.0	61.85	19.92	64.85	50.0	37.01	53.49	69.4	51.35	84.38	49.58	56.3	93.98	64.35	26.4	31.76	82.76	70.6	56.22	59.67	66.71	56.14	33.73	90.44	40.48	87.63	40.79	59.48
11	25.96	64.38	61.52	76.03	34.41	40.36	51.62	35.85	75.13	53.04	61.85	0.0	63.81	37.01	62.65	78.64	10.77	56.14	75.18	25.0	58.59	8.06	55.57	46.32	39.01	62.24	55.54	44.38	68.6	26.93	29.41	76.01	77.2	32.94	65.07	53.01	21.19	3.61
12	84.86	28.79	26.93	12.81	74.24	65.55	61.81	74.3	69.23	17.46	19.92	63.81	0.0	55.08	31.89	18.68	58.14	54.63	71.02	82.54	32.45	60.44	83.19	78.55	38.08	12.73	69.92	83.63	75.01	69.63	76.61	75.66	15.85	95.62	59.77	76.31	43.42	62.43
13	62.29	71.59	68.45	63.39	21.02	71.11	78.24	70.6	98.31	38.01	64.85	37.01	55.08	0.0	35.85	61.85	42.45	19.65	99.09	37.8	31.76	41.77	29.15	80.32	55.17	46.39	20.81	80.05	96.02	61.85	65.76	101.53	61.99	65.56	87.23	23.08	36.62	39.2
14	88.14	58.82	56.3	33.84	56.82	82.0	83.19	86.83	96.38	18.38	50.0	62.65	31.89	35.85	0.0	29.15	62.3	26.02	97.86	72.25	4.24	63.32	58.42	94.13	56.72	19.21	43.01	96.88	99.2	79.62	85.62	101.84	30.53	95.21	85.85	51.26	49.03	63.07
15	101.41	45.28	44.05	8.54	82.57	84.15	80.41	92.57	86.37	26.08	37.01	78.64	18.68	61.85	29.15	0.0	74.41	55.15	88.28	94.41	32.0	76.42	87.09	97.14	56.65	16.64	72.03	102.04	93.09	87.46	94.34	93.13	3.39	111.28	77.48	79.94	59.55	77.79
16	27.02	55.11	52.39	70.77	43.86	30.48	41.05	28.16	64.41	49.93	53.49	10.77	58.14	42.45	62.3	74.41	0.0	60.3	64.5	35.74	58.52	3.0	64.4	38.08	29.15	58.6	62.39	37.66	58.26	19.42	24.02	65.46	72.58	37.61	54.3	61.1	14.87	7.28
17	81.74	77.47	74.52	59.23	36.88	86.98	92.14	88.12	109.86	37.59	69.4	56.14	54.63	19.65	26.02	55.15	60.3	0.0	110.94	56.44	23.35	60.07	32.98	97.29	66.89	43.01	17.12	97.87	109.59	79.63	84.15	114.06	56.35	85.19	98.8	25.92	51.55	58.01
18	73.82	43.05	44.28	80.1	107.2	37.11	23.77	48.26	2.24	79.48	51.35	75.18	71.02	99.09	97.86	88.28	64.5	110.94	0.0	99.74	96.25	67.12	126.06	41.11	44.2	81.74	119.75	49.25	12.08	53.6	57.56	5.39	84.95	87.51	12.17	121.35	62.97	71.59
19	36.24	88.0	85.01	93.62	21.38	63.81	76.03	56.64	99.81	68.43	84.38	25.0	82.54	37.8	72.25	94.41	35.74	56.44	99.74	0.0	68.01	32.89	41.19	67.21	63.51	77.83	48.27	63.13	92.44	48.41	48.1	100.24	93.68	32.63	89.94	41.84	44.0	28.46
20	84.17	58.26	55.61	35.9	52.77	79.06	80.81	83.49	94.85	17.2	49.58	58.59	32.45	31.76	4.24	32.0	58.52	23.35	96.25	68.01	0.0	59.46	55.15	91.02	54.34	20.12	40.05	93.54	97.12	76.12	82.0	100.09	33.04	91.08	84.17	47.99	45.54	59.09
21	25.24	58.05	55.32	73.0	41.87	32.53	43.57	29.15	67.08	51.61	56.3	8.06	60.44	41.77	63.32	76.42	3.0	60.07	67.12	32.89	59.46	0.0	62.68	39.36	32.14	60.44	61.35	38.33	60.61	20.25	24.08	67.96	74.67	35.19	57.07	59.64	17.03	4.47
22	75.96	100.72	97.58	90.09	21.54	94.81	103.97	91.42	125.5	65.76	93.98	55.57	83.19	29.15	58.42	87.09	64.4	32.98	126.06	41.19	55.15	62.68	0.0	101.87	83.01	73.17	16.16	99.73	121.7	82.49	84.53	128.0	87.88	73.82	114.55	7.16	63.13	58.83
23	34.93	60.31	59.2	90.87	80.71	13.0	22.47	10.63	42.3	77.93	64.35	46.32	78.55	80.32	94.13	97.14	38.08	97.29	41.11	67.21	91.02	39.36	101.87	0.0	40.5	84.4	100.46	8.25	30.07	19.42	19.42	39.05	94.4	47.83	37.4	99.0	46.27	43.05
24	51.88	26.25	23.77	50.54	65.74	27.51	26.48	36.62	43.28	39.05	26.4	39.01	38.08	55.17	56.72	56.65	29.15	66.89	44.2	63.51	54.34	32.14	83.01	40.5	0.0	44.41	75.69	45.65	43.08	33.3	40.36	47.17	53.93	64.69	32.17	77.83	20.62	36.01
25	85.6	40.71	38.48	17.03	66.71	71.59	70.01	78.77	80.08	9.43	31.76	62.24	12.73	46.39	19.21	16.64	58.6	43.01	81.74	77.83	20.12	60.44	73.17	84.4	44.41	0.0	59.03	88.54	84.59	72.92	79.61	86.12	15.94	95.02	70.08	66.12	43.83	61.55
26	79.23	90.21	87.13	75.66	26.93	91.71	99.05	90.48	118.93	52.5	82.76	55.54	69.92	20.81	43.01	72.03	62.39	17.12	119.75	48.27	40.05	61.35	16.16	100.46	75.69	59.03	0.0	99.62	116.83	81.6	84.9	122.29	73.07	79.87	107.83	9.48	57.43	58.24
27	28.84	67.18	65.86	96.18	78.29	19.1	30.41	10.05	50.49	81.49	70.6	44.38	83.63	80.05	96.88	102.04	37.66	97.87	49.25	63.13	93.54	38.33	99.73	8.25	45.65	88.54	99.62	0.0	38.0	18.25	15.26	47.0	99.44	40.93	45.6	97.39	48.09	41.44
28	64.03	48.84	49.37	85.29	101.91	28.65	17.8	38.33	13.89	81.02	56.22	68.6	75.01	96.02	99.2	93.09	58.26	109.59	12.08	92.44	97.12	60.61	121.7	30.07	43.08	84.59	116.83	38.0	0.0	44.78	47.8	9.0	89.86	77.45	16.27	117.51	59.41	65.0
29	21.1	58.31	56.3	82.42	61.29	16.49	30.27	8.94	54.13	65.19	59.67	26.93	69.63	61.85	79.62	87.46	19.42	79.63	53.6	48.41	76.12	20.25	82.49	19.42	33.3	72.92	81.6	18.25	44.78	0.0	7.07	53.14	85.14	34.96	45.94	79.75	30.59	23.71
30	16.28	65.19	63.25	89.4	63.06	21.02	35.01	9.49	58.31	71.69	66.71	29.41	76.61	65.76	85.62	94.34	24.02	84.15	57.56	48.1	82.0	24.08	84.53	19.42	40.36	79.61	84.9	15.26	47.8	7.07	0.0	56.52	92.06	29.98	50.94	82.34	36.69	26.68
31	72.78	48.0	49.09	85.02	108.71	36.77	24.41	47.07	7.62	83.49	56.14	76.01	75.66	101.53	101.84	93.13	65.46	114.06	5.39	100.24	100.09	67.96	128.0	39.05	47.17	86.12	122.29	47.0	9.0	53.14	56.52	0.0	89.82	86.28	16.06	123.51	65.12	72.4
32	99.54	41.93	40.74	5.18	82.52	81.41	77.37	90.05	83.03	25.26	33.73	77.2	15.85	61.99	30.53	3.39	72.58	56.35	84.95	93.68	33.04	74.67	87.88	94.4	53.93	15.94	73.07	99.44	89.86	85.14	92.06	89.82	0.0	109.67	74.2	80.75	57.71	76.21
33	13.88	90.88	88.46	108.15	53.49	50.9	64.89	39.26	88.29	85.9	90.44	32.94	95.62	65.56	95.21	111.28	37.61	85.19	87.51	32.63	91.08	35.19	73.82	47.83	64.69	95.02	79.87	40.93	77.45	34.96	29.98	86.28	109.67	0.0	80.75	74.2	52.21	33.49
34	66.88	32.74	33.5	69.51	96.13	29.91	15.95	42.24	11.11	67.48	40.48	65.07	59.77	87.23	85.85	77.48	54.3	98.8	12.17	89.94	84.17	57.07	114.55	37.4	32.17	70.08	107.83	45.6	16.27	45.94	50.94	16.06	74.2	80.75	0.0	109.67	51.43	61.53
35	75.02	94.58	91.44	83.01	20.74	91.23	99.71	88.7	120.69	58.86	87.63	53.01	76.31	23.08	51.26	79.94	61.1	25.92	121.35	41.84	47.99	59.64	7.16	99.0	77.83	66.12	9.48	97.39	117.51	79.75	82.34	123.51	80.75	74.2	109.67	0.0	58.41	56.06
36	41.87	44.0	41.01	55.97	45.18	35.44	41.62	38.05	62.37	35.36	40.79	21.19	43.42	36.62	49.03	59.55	14.87	51.55	62.97	44.0	45.54	17.03	63.13	46.27	20.62	43.83	57.43	48.09	59.41	30.59	36.69	65.12	57.71	52.21	51.43	58.41	0.0	19.24
37	25.08	61.66	58.86	74.81	37.8	36.8	48.02	32.65	71.55	52.5	59.48	3.61	62.43	39.2	63.07	77.79	7.28	58.01	71.59	28.46	59.09	4.47	58.83	43.05	36.01	61.55	58.24	41.44	65.0	23.71	26.68	72.4	76.21	33.49	61.53	56.06	19.24	0.0
;
