vehicles
vehicle_idx, capacity, cost_per_unit_distance
1,100,3
2,100,3
3,100,3
4,100,3
5,100,3
6,100,3
depot
node_idx,x,y
0,86,22
home delivery customers
node_idx,x,y,service_time,demand
1,29,17,10,1
2,13,7,10,7
3,84,38,10,12
4,19,45,10,19
5,75,24,10,13
6,61,85,10,19
7,21,54,10,19
8,19,83,10,12
9,82,72,10,4
10,100,77,10,8
11,96,7,10,18
12,83,74,10,66
self pickup customers
node_idx,x,y,service_time,demand,locker_idxs
13,4,50,10,23,38
14,62,15,10,18,47-42
15,25,94,10,2,40
16,63,57,10,26,46-47
17,87,38,10,17,39
18,47,17,10,5,44-47-38
19,1,82,10,9,40
20,94,28,10,18,39-42
21,41,59,10,20,44
22,1,57,10,3,40
23,68,89,10,21,37-41
24,84,2,10,21,39-42
flexible customers
node_idx,x,y,service_time,demand,locker_idxs
25,25,13,10,23,38
26,67,37,10,5,43-44-47-42
27,34,3,10,20,38
28,42,76,10,19,48-45-40
29,40,86,10,16,48-40
30,54,39,10,14,45-43-47-44
31,66,34,10,8,47-44-43-42
32,46,39,10,10,48-45-44-43-47
33,57,82,10,26,37-41
34,47,38,10,21,47-43-44-45
35,16,36,10,8,38
36,51,38,10,19,45-43-44-47
lockers
node_idx,x,y,service_time,capacity,cost_per_unit_good
37,65,88,10,87
38,25,15,10,82
39,93,12,10,92
40,22,88,10,72
41,77,88,10,83
42,72,14,10,95
43,52,48,10,70
44,47,37,10,84
45,48,51,10,86
46,88,67,10,96
47,56,40,10,72
48,38,64,10,85
mrt lines
start_node_idx,end_node_idx,freight_capacity,cost_per_unit_good
37,38,87,0.1
38,37,87,0.1
39,40,92,0.1
40,39,92,0.1
distance matrix
,0,1,2,3,4,5,6,7,8,9,10,11,12,13,14,15,16,17,18,19,20,21,22,23,24,25,26,27,28,29,30,31,32,33,34,35,36,37,38,39,40,41,42,43,44,45,46,47,48,
0,0.0,57.22,74.53,16.12,70.84,11.18,67.78,72.45,90.61,50.16,56.75,18.03,52.09,86.65,25.0,94.37,41.88,16.03,39.32,104.04,10.0,58.26,91.92,69.38,20.1,61.66,24.21,55.36,69.66,78.82,36.24,23.32,43.46,66.64,42.15,71.39,38.48,69.26,61.4,12.21,91.93,66.61,16.12,42.8,41.79,47.8,45.04,34.99,63.78
1,57.22,0.0,18.87,58.87,29.73,46.53,75.15,37.85,66.75,76.38,92.96,67.74,78.52,41.4,33.06,77.1,52.5,61.68,18.0,70.77,65.92,43.68,48.83,81.88,57.01,5.66,42.94,14.87,60.42,69.87,33.3,40.72,27.8,70.77,27.66,23.02,30.41,79.61,4.47,64.2,71.34,85.7,43.1,38.6,26.91,38.95,77.34,35.47,47.85
2,74.53,18.87,0.0,77.47,38.47,64.29,91.59,47.68,76.24,94.79,111.66,83.0,96.9,43.93,49.65,87.82,70.71,80.23,35.44,75.95,83.68,59.06,51.42,98.74,71.18,13.42,61.77,21.38,74.85,83.49,52.01,59.48,45.97,86.95,46.01,29.15,49.04,96.25,14.42,80.16,81.5,103.23,59.41,56.59,45.34,56.22,96.05,54.2,62.24
3,16.12,58.87,77.47,0.0,65.38,16.64,52.33,65.0,79.06,34.06,42.15,33.24,36.01,80.89,31.83,81.34,28.32,3.0,42.54,93.94,14.14,47.85,85.15,53.45,36.0,64.08,17.03,61.03,56.64,65.12,30.02,18.44,38.01,51.62,37.0,68.03,33.0,53.49,63.32,27.51,79.65,50.49,26.83,33.53,37.01,38.28,29.27,28.07,52.84
4,70.84,29.73,38.47,65.38,0.0,59.81,58.0,9.22,38.0,68.54,87.09,85.87,70.26,15.81,52.43,49.37,45.61,68.36,39.6,41.15,76.9,26.08,21.63,65.86,77.94,32.56,48.66,44.6,38.6,46.07,35.51,48.27,27.66,53.04,28.86,9.49,32.76,62.97,30.59,81.02,43.1,72.2,61.4,33.14,29.12,29.61,72.42,37.34,26.87
5,11.18,46.53,64.29,16.64,59.81,0.0,62.59,61.77,81.34,48.51,58.6,27.02,50.64,75.61,15.81,86.02,35.11,18.44,28.86,94.02,19.42,48.8,81.02,65.38,23.77,51.2,15.26,46.07,61.59,71.2,25.81,13.45,32.65,60.73,31.3,60.21,27.78,64.78,50.8,21.63,83.1,64.03,10.44,33.24,30.87,38.18,44.92,24.84,54.49
6,67.78,75.15,91.59,52.33,58.0,62.59,0.0,50.61,42.05,24.7,39.81,85.49,24.6,66.89,70.01,37.11,28.07,53.71,69.43,60.07,65.86,32.8,66.21,8.06,86.13,80.5,48.37,86.33,21.02,21.02,46.53,51.24,48.38,5.0,49.04,66.53,48.05,5.0,78.71,79.71,39.12,16.28,71.85,38.08,50.0,36.4,32.45,45.28,31.14
7,72.45,37.85,47.68,65.0,9.22,61.77,50.61,0.0,29.07,63.6,82.28,88.51,65.15,17.46,56.59,40.2,42.11,67.91,45.22,34.41,77.49,20.62,20.22,58.6,81.69,41.19,49.04,52.63,30.41,37.22,36.25,49.24,29.15,45.61,30.53,18.68,34.0,55.61,39.2,83.35,34.01,65.51,64.82,31.58,31.06,27.17,68.25,37.7,19.72
8,90.61,66.75,76.24,79.06,38.0,81.34,42.05,29.07,0.0,63.95,81.22,108.19,64.63,36.25,80.45,12.53,51.11,81.54,71.69,18.03,93.01,32.56,31.62,49.37,103.86,70.26,66.48,81.39,24.04,21.21,56.22,67.9,51.62,38.01,53.0,47.1,55.22,46.27,68.26,102.55,5.83,58.22,87.01,48.1,53.85,43.19,70.83,56.73,26.87
9,50.16,76.38,94.79,34.06,68.54,48.51,24.7,63.6,63.95,0.0,18.68,66.49,2.24,81.04,60.41,61.1,24.21,34.37,65.19,81.61,45.61,43.01,82.38,22.02,70.03,82.04,38.08,84.05,40.2,44.27,43.28,41.23,48.84,26.93,48.8,75.18,46.01,23.35,80.61,61.0,62.1,16.76,58.86,38.42,49.5,39.96,7.81,41.23,44.72
10,56.75,92.96,111.66,42.15,87.09,58.6,39.81,82.28,81.22,18.68,0.0,70.11,17.26,99.72,72.72,76.9,42.06,41.11,80.06,99.13,49.37,61.68,101.0,34.18,76.69,98.6,51.86,99.16,58.01,60.67,59.67,54.82,66.03,43.29,65.8,93.47,62.63,36.69,97.31,65.38,78.77,25.5,68.94,56.08,66.4,58.14,15.62,57.49,63.35
11,18.03,67.74,83.0,33.24,85.87,27.02,85.49,88.51,108.19,66.49,70.11,0.0,68.25,101.55,34.93,112.29,59.91,32.28,50.01,121.04,21.1,75.69,107.35,86.65,13.0,71.25,41.73,62.13,87.62,96.83,52.8,40.36,59.36,84.53,57.98,85.09,54.64,86.73,71.45,5.83,109.71,83.2,25.0,60.14,57.45,65.12,60.53,51.86,81.32
12,52.09,78.52,96.9,36.01,70.26,50.64,24.6,65.15,64.63,2.24,17.26,68.25,0.0,82.57,62.63,61.35,26.25,36.22,67.42,82.39,47.3,44.6,83.74,21.21,72.01,84.17,40.31,86.27,41.05,44.64,45.45,43.46,50.93,27.2,50.91,77.03,48.17,22.8,82.73,62.8,62.59,15.23,61.0,40.46,51.62,41.88,8.6,43.42,46.1
13,86.65,41.4,43.93,80.89,15.81,75.61,66.89,17.46,36.25,81.04,99.72,101.55,82.57,0.0,67.74,48.75,59.41,83.86,54.2,32.14,92.65,38.08,7.62,74.95,93.3,42.54,64.33,55.76,46.04,50.91,51.2,64.03,43.42,61.91,44.64,18.44,48.51,71.87,40.82,96.77,42.05,82.3,76.94,48.04,44.92,44.01,85.7,52.95,36.77
14,25.0,33.06,49.65,31.83,52.43,15.81,70.01,56.59,80.45,60.41,72.72,34.93,62.63,67.74,0.0,87.24,42.01,33.97,15.13,90.61,34.54,48.75,74.06,74.24,25.55,37.05,22.56,30.46,64.2,74.33,25.3,19.42,28.84,67.19,27.46,50.57,25.5,73.06,37.0,31.14,83.24,74.53,10.05,34.48,26.63,38.63,58.14,25.71,54.56
15,94.37,77.1,87.82,81.34,49.37,86.02,37.11,40.2,12.53,61.1,76.9,112.29,61.35,48.75,87.24,0.0,53.04,83.55,80.08,26.83,95.48,38.48,44.1,43.29,109.29,81.0,70.8,91.44,24.76,17.0,62.18,72.67,58.87,34.18,60.17,58.69,61.74,40.45,79.0,106.53,6.71,52.35,92.78,53.34,61.1,48.76,68.54,62.27,32.7
16,41.88,52.5,70.71,28.32,45.61,35.11,28.07,42.11,51.11,24.21,42.06,59.91,26.25,59.41,42.01,53.04,0.0,30.61,43.08,66.85,42.45,22.09,62.0,32.39,58.87,58.14,20.4,61.29,28.32,37.01,20.12,23.19,24.76,25.71,24.84,51.48,22.47,31.06,56.64,54.08,51.4,34.01,43.93,14.21,25.61,16.16,26.93,18.38,25.96
17,16.03,61.68,80.23,3.0,68.36,18.44,53.71,67.91,81.54,34.37,41.11,32.28,36.22,83.86,33.97,83.55,30.61,0.0,45.18,96.6,12.21,50.57,88.07,54.42,36.12,66.85,20.02,63.51,58.9,67.18,33.02,21.38,41.01,53.25,40.0,71.03,36.0,54.63,66.13,26.68,82.01,50.99,28.3,36.4,40.01,41.11,29.02,31.06,55.47
18,39.32,18.0,35.44,42.54,39.6,28.86,69.43,45.22,71.69,65.19,80.06,50.01,67.42,54.2,15.13,80.08,43.08,45.18,0.0,79.63,48.27,42.43,60.96,75.0,39.92,22.36,28.28,19.1,59.21,69.35,23.09,25.5,22.02,65.76,21.0,36.36,21.38,73.25,22.09,46.27,75.27,77.08,25.18,31.4,20.0,34.01,64.66,24.7,47.85
19,104.04,70.77,75.95,93.94,41.15,94.02,60.07,34.41,18.03,81.61,99.13,121.04,82.39,32.14,90.61,26.83,66.85,96.6,79.63,0.0,107.54,46.14,25.0,67.36,115.28,73.05,79.88,85.62,41.44,39.2,68.25,80.8,62.24,56.0,63.66,48.38,66.6,64.28,71.17,115.6,21.84,76.24,98.31,61.29,64.35,56.3,88.28,69.2,41.15
20,10.0,65.92,83.68,14.14,76.9,19.42,65.86,77.49,93.01,45.61,49.37,21.1,47.3,92.65,34.54,95.48,42.45,12.21,48.27,107.54,0.0,61.4,97.42,66.31,27.86,70.61,28.46,65.0,70.77,79.25,41.48,28.64,49.24,65.46,48.05,78.41,44.15,66.64,70.21,16.03,93.72,62.36,26.08,46.52,47.85,51.43,39.46,39.85,66.57
21,58.26,43.68,59.06,47.85,26.08,48.8,32.8,20.62,32.56,43.01,61.68,75.69,44.6,38.08,48.75,38.48,22.09,50.57,42.43,46.14,61.4,0.0,40.05,40.36,71.4,48.7,34.06,56.44,17.03,27.02,23.85,35.36,20.62,28.02,21.84,33.97,23.26,37.64,46.82,70.09,34.67,46.23,54.64,15.56,22.8,10.63,47.68,24.21,5.83
22,91.92,48.83,51.42,85.15,21.63,81.02,66.21,20.22,31.62,82.38,101.0,107.35,83.74,7.62,74.06,44.1,62.0,88.07,60.96,25.0,97.42,40.05,0.0,74.25,99.57,50.12,68.96,63.29,45.19,48.6,55.97,68.95,48.47,61.33,49.77,25.81,53.49,71.11,48.37,102.42,37.44,82.08,83.01,51.79,50.16,47.38,87.57,57.57,37.66
23,69.38,81.88,98.74,53.45,65.86,65.38,8.06,58.6,49.37,22.02,34.18,86.65,21.21,74.95,74.24,43.29,32.39,54.42,75.0,67.36,66.31,40.36,74.25,0.0,88.46,87.32,52.01,92.48,29.07,28.16,51.92,55.04,54.63,13.04,55.15,74.25,53.76,3.16,85.59,80.96,46.01,9.06,75.11,44.01,56.08,42.94,29.73,50.45,39.05
24,20.1,57.01,71.18,36.0,77.94,23.77,86.13,81.69,103.86,70.03,76.69,13.0,72.01,93.3,25.55,109.29,58.87,36.12,39.92,115.28,27.86,71.4,99.57,88.46,0.0,60.02,38.91,50.01,85.09,94.83,47.63,36.72,53.04,84.43,51.62,76.03,48.84,88.07,60.42,13.45,106.02,86.28,16.97,56.04,50.93,60.8,65.12,47.2,77.2
25,61.66,5.66,13.42,64.08,32.56,51.2,80.5,41.19,70.26,82.04,98.6,71.25,84.17,42.54,37.05,81.0,58.14,66.85,22.36,73.05,70.61,48.7,50.12,87.32,60.02,0.0,48.37,13.45,65.25,74.53,38.95,46.07,33.42,76.06,33.3,24.7,36.07,85.0,2.0,68.01,75.06,91.26,47.01,44.2,32.56,44.42,82.98,41.11,52.63
26,24.21,42.94,61.77,17.03,48.66,15.26,48.37,49.04,66.48,38.08,51.86,41.73,40.31,64.33,22.56,70.8,20.4,20.02,28.28,79.88,28.46,34.06,68.96,52.01,38.91,48.37,0.0,47.38,46.32,55.95,13.15,3.16,21.1,46.1,20.02,51.01,16.03,51.04,47.41,36.07,68.01,51.97,23.54,18.6,20.0,23.6,36.62,11.4,39.62
27,55.36,14.87,21.38,61.03,44.6,46.07,86.33,52.63,81.39,84.05,99.16,62.13,86.27,55.76,30.46,91.44,61.29,63.51,19.1,85.62,65.0,56.44,63.29,92.48,50.01,13.45,47.38,0.0,73.44,83.22,41.18,44.55,37.95,82.28,37.34,37.59,38.91,90.48,15.0,59.68,85.84,95.26,39.56,48.47,36.4,50.0,83.74,43.05,61.13
28,69.66,60.42,74.85,56.64,38.6,61.59,21.02,30.41,24.04,40.2,58.01,87.62,41.05,46.04,64.2,24.76,28.32,58.9,59.21,41.44,70.77,17.03,45.19,29.07,85.09,65.25,46.32,73.44,0.0,10.2,38.9,48.37,37.22,16.16,38.33,47.71,39.05,25.94,63.32,81.84,23.32,37.0,68.88,29.73,39.32,25.71,46.87,38.63,12.65
29,78.82,69.87,83.49,65.12,46.07,71.2,21.02,37.22,21.21,44.27,60.67,96.83,44.64,50.91,74.33,17.0,37.01,67.18,69.35,39.2,79.25,27.02,48.6,28.16,94.83,74.53,55.95,83.22,10.2,0.0,49.04,58.14,47.38,17.46,48.51,55.46,49.24,25.08,72.57,91.02,18.11,37.05,78.79,39.85,49.5,35.9,51.62,48.7,22.09
30,36.24,33.3,52.01,30.02,35.51,25.81,46.53,36.25,56.22,43.28,59.67,52.8,45.45,51.2,25.3,62.18,20.12,33.02,23.09,68.25,41.48,23.85,55.97,51.92,47.63,38.95,13.15,41.18,38.9,49.04,0.0,13.0,8.0,43.1,7.07,38.12,3.16,50.22,37.64,47.43,58.52,54.13,30.81,9.22,7.28,13.42,44.05,2.24,29.68
31,23.32,40.72,59.48,18.44,48.27,13.45,51.24,49.24,67.9,41.23,54.82,40.36,43.46,64.03,19.42,72.67,23.19,21.38,25.5,80.8,28.64,35.36,68.95,55.04,36.72,46.07,3.16,44.55,48.37,58.14,13.0,0.0,20.62,48.84,19.42,50.04,15.52,54.01,45.19,34.83,69.66,55.11,20.88,19.8,19.24,24.76,39.66,11.66,41.04
32,43.46,27.8,45.97,38.01,27.66,32.65,48.38,29.15,51.62,48.84,66.03,59.36,50.93,43.42,28.84,58.87,24.76,41.01,22.02,62.24,49.24,20.62,48.47,54.63,53.04,33.42,21.1,37.95,37.22,47.38,8.0,20.62,0.0,44.38,1.41,30.15,5.1,52.55,31.89,54.2,54.56,57.98,36.07,10.82,2.24,12.17,50.48,10.05,26.25
33,66.64,70.77,86.95,51.62,53.04,60.73,5.0,45.61,38.01,26.93,43.29,84.53,27.2,61.91,67.19,34.18,25.71,53.25,65.76,56.0,65.46,28.02,61.33,13.04,84.43,76.06,46.1,82.28,16.16,17.46,43.1,48.84,44.38,0.0,45.12,61.62,44.41,10.0,74.25,78.71,35.51,20.88,69.63,34.37,46.1,32.28,34.44,42.01,26.17
34,42.15,27.66,46.01,37.0,28.86,31.3,49.04,30.53,53.0,48.8,65.8,57.98,50.91,44.64,27.46,60.17,24.84,40.0,21.0,63.66,48.05,21.84,49.77,55.15,51.62,33.3,20.02,37.34,38.33,48.51,7.07,19.42,1.41,45.12,0.0,31.06,4.0,53.14,31.83,52.84,55.9,58.31,34.66,11.18,1.0,13.04,50.22,9.22,27.51
35,71.39,23.02,29.15,68.03,9.49,60.21,66.53,18.68,47.1,75.18,93.47,85.09,77.03,18.44,50.57,58.69,51.48,71.03,36.36,48.38,78.41,33.97,25.81,74.25,76.03,24.7,51.01,37.59,47.71,55.46,38.12,50.04,30.15,61.62,31.06,0.0,35.06,71.45,22.85,80.65,52.35,80.16,60.17,37.95,31.02,35.34,78.39,40.2,35.61
36,38.48,30.41,49.04,33.0,32.76,27.78,48.05,34.0,55.22,46.01,62.63,54.64,48.17,48.51,25.5,61.74,22.47,36.0,21.38,66.6,44.15,23.26,53.49,53.76,48.84,36.07,16.03,38.91,39.05,49.24,3.16,15.52,5.1,44.41,4.0,35.06,0.0,51.92,34.71,49.4,57.8,56.36,31.89,10.05,4.12,13.34,47.01,5.39,29.07
37,69.26,79.61,96.25,53.49,62.97,64.78,5.0,55.61,46.27,23.35,36.69,86.73,22.8,71.87,73.06,40.45,31.06,54.63,73.25,64.28,66.64,37.64,71.11,3.16,88.07,85.0,51.04,90.48,25.94,25.08,50.22,54.01,52.55,10.0,53.14,71.45,51.92,0.0,83.24,80.99,43.0,12.0,74.33,42.06,54.08,40.72,31.14,48.84,36.12
38,61.4,4.47,14.42,63.32,30.59,50.8,78.71,39.2,68.26,80.61,97.31,71.45,82.73,40.82,37.0,79.0,56.64,66.13,22.09,71.17,70.21,46.82,48.37,85.59,60.42,2.0,47.41,15.0,63.32,72.57,37.64,45.19,31.89,74.25,31.83,22.85,34.71,83.24,0.0,68.07,73.06,89.63,47.01,42.64,31.11,42.72,81.69,39.82,50.7
39,12.21,64.2,80.16,27.51,81.02,21.63,79.71,83.35,102.55,61.0,65.38,5.83,62.8,96.77,31.14,106.53,54.08,26.68,46.27,115.6,16.03,70.09,102.42,80.96,13.45,68.01,36.07,59.68,81.84,91.02,47.43,34.83,54.2,78.71,52.84,80.65,49.4,80.99,68.07,0.0,104.0,77.67,21.1,54.56,52.35,59.55,55.23,46.4,75.69
40,91.93,71.34,81.5,79.65,43.1,83.1,39.12,34.01,5.83,62.1,78.77,109.71,62.59,42.05,83.24,6.71,51.4,82.01,75.27,21.84,93.72,34.67,37.44,46.01,106.02,75.06,68.01,85.84,23.32,18.11,58.52,69.66,54.56,35.51,55.9,52.35,57.8,43.0,73.06,104.0,0.0,55.0,89.31,50.0,56.8,45.22,69.26,58.82,28.84
41,66.61,85.7,103.23,50.49,72.2,64.03,16.28,65.51,58.22,16.76,25.5,83.2,15.23,82.3,74.53,52.35,34.01,50.99,77.08,76.24,62.36,46.23,82.08,9.06,86.28,91.26,51.97,95.26,37.0,37.05,54.13,55.11,57.98,20.88,58.31,80.16,56.36,12.0,89.63,77.67,55.0,0.0,74.17,47.17,59.17,47.01,23.71,52.39,45.79
42,16.12,43.1,59.41,26.83,61.4,10.44,71.85,64.82,87.01,58.86,68.94,25.0,61.0,76.94,10.05,92.78,43.93,28.3,25.18,98.31,26.08,54.64,83.01,75.11,16.97,47.01,23.54,39.56,68.88,78.79,30.81,20.88,36.07,69.63,34.66,60.17,31.89,74.33,47.01,21.1,89.31,74.17,0.0,39.45,33.97,44.1,55.36,30.53,60.46
43,42.8,38.6,56.59,33.53,33.14,33.24,38.08,31.58,48.1,38.42,56.08,60.14,40.46,48.04,34.48,53.34,14.21,36.4,31.4,61.29,46.52,15.56,51.79,44.01,56.04,44.2,18.6,48.47,29.73,39.85,9.22,19.8,10.82,34.37,11.18,37.95,10.05,42.06,42.64,54.56,50.0,47.17,39.45,0.0,12.08,5.0,40.71,8.94,21.26
44,41.79,26.91,45.34,37.01,29.12,30.87,50.0,31.06,53.85,49.5,66.4,57.45,51.62,44.92,26.63,61.1,25.61,40.01,20.0,64.35,47.85,22.8,50.16,56.08,50.93,32.56,20.0,36.4,39.32,49.5,7.28,19.24,2.24,46.1,1.0,31.02,4.12,54.08,31.11,52.35,56.8,59.17,33.97,12.08,0.0,14.04,50.8,9.49,28.46
45,47.8,38.95,56.22,38.28,29.61,38.18,36.4,27.17,43.19,39.96,58.14,65.12,41.88,44.01,38.63,48.76,16.16,41.11,34.01,56.3,51.43,10.63,47.38,42.94,60.8,44.42,23.6,50.0,25.71,35.9,13.42,24.76,12.17,32.28,13.04,35.34,13.34,40.72,42.72,59.55,45.22,47.01,44.1,5.0,14.04,0.0,43.08,13.6,16.4
46,45.04,77.34,96.05,29.27,72.42,44.92,32.45,68.25,70.83,7.81,15.62,60.53,8.6,85.7,58.14,68.54,26.93,29.02,64.66,88.28,39.46,47.68,87.57,29.73,65.12,82.98,36.62,83.74,46.87,51.62,44.05,39.66,50.48,34.44,50.22,78.39,47.01,31.14,81.69,55.23,69.26,23.71,55.36,40.71,50.8,43.08,0.0,41.87,50.09
47,34.99,35.47,54.2,28.07,37.34,24.84,45.28,37.7,56.73,41.23,57.49,51.86,43.42,52.95,25.71,62.27,18.38,31.06,24.7,69.2,39.85,24.21,57.57,50.45,47.2,41.11,11.4,43.05,38.63,48.7,2.24,11.66,10.05,42.01,9.22,40.2,5.39,48.84,39.82,46.4,58.82,52.39,30.53,8.94,9.49,13.6,41.87,0.0,30.0
48,63.78,47.85,62.24,52.84,26.87,54.49,31.14,19.72,26.87,44.72,63.35,81.32,46.1,36.77,54.56,32.7,25.96,55.47,47.85,41.15,66.57,5.83,37.66,39.05,77.2,52.63,39.62,61.13,12.65,22.09,29.68,41.04,26.25,26.17,27.51,35.61,29.07,36.12,50.7,75.69,28.84,45.79,60.46,21.26,28.46,16.4,50.09,30.0,0.0
