vehicles
vehicle_idx, capacity, cost_per_unit_distance
1,100,3
2,100,3
3,100,3
4,100,3
5,100,3
6,100,3
depot
node_idx,x,y
0,34,31
home delivery customers
node_idx,x,y,service_time,demand
1,45,55,10,26
2,81,70,10,6
3,80,64,10,16
4,75,90,10,17
5,35,45,10,16
6,1,9,10,7
7,25,54,10,17
8,45,71,10,22
9,11,35,10,25
10,75,20,10,21
11,15,21,10,11
12,6,6,10,25
self pickup customers
node_idx,x,y,service_time,demand,locker_idxs
13,85,61,10,15,37
14,50,64,10,15,39-41-40-2
15,9,66,10,21,42-1
16,1,44,10,66,42
17,71,84,10,11,39-2
18,66,84,10,10,39-2
19,81,46,10,16,38-0
20,90,45,10,21,42
21,15,0,10,11,39-3
22,51,5,10,2,38-3
flexible customers
node_idx,x,y,service_time,demand,locker_idxs
23,70,80,10,17,39-2
24,59,55,10,7,42-38-37-40-41
25,45,60,10,5,39-41-40-37-38-42
26,25,40,10,1,39-40-41-37-3
27,50,54,10,25,38-42-40-37-41-39
28,45,59,10,17,38-42-40-37-41-39
29,85,10,10,7,42-0
30,31,26,10,21,39-40-41-3
31,10,95,10,22,38-1
32,26,36,10,22,39-41-37-40-3
lockers
node_idx,x,y,service_time,capacity,cost_per_unit_good
33,93,12,10,86
34,22,88,10,91
35,65,88,10,71
36,25,15,10,74
37,45,50,10,100
38,57,42,10,93
39,35,43,10,90
40,47,42,10,94
41,39,48,10,73
42,53,56,10,96
mrt lines
start_node_idx,end_node_idx,freight_capacity,cost_per_unit_good
33,34,91,0.5
34,33,91,0.5
35,36,74,0.5
36,35,74,0.5
distance matrix
,0,1,2,3,4,5,6,7,8,9,10,11,12,13,14,15,16,17,18,19,20,21,22,23,24,25,26,27,28,29,30,31,32,33,34,35,36,37,38,39,40,41,42,
0,0.0,26.4,61.07,56.61,71.85,14.04,39.66,24.7,41.48,23.35,42.45,21.47,37.54,59.17,36.67,43.01,35.47,64.64,61.91,49.34,57.72,36.36,31.06,60.8,34.66,31.02,12.73,28.02,30.08,55.15,5.83,68.35,9.43,61.98,58.25,64.88,18.36,21.95,25.5,12.04,17.03,17.72,31.4
1,26.4,0.0,39.0,36.14,46.1,14.14,63.66,20.02,16.0,39.45,46.1,45.34,62.63,40.45,10.3,37.64,45.35,38.95,35.81,37.11,46.1,62.65,50.36,35.36,14.0,5.0,25.0,5.1,4.0,60.21,32.2,53.15,26.87,64.44,40.22,38.59,44.72,5.0,17.69,15.62,13.15,9.22,8.06
2,61.07,39.0,0.0,6.08,20.88,52.35,100.6,58.24,36.01,78.26,50.36,82.2,98.6,9.85,31.58,72.11,84.12,17.2,20.52,24.0,26.57,96.21,71.59,14.87,26.63,37.36,63.53,34.89,37.64,60.13,66.6,75.27,64.66,59.23,61.68,24.08,78.49,41.18,36.88,53.34,44.05,47.41,31.3
3,56.61,36.14,6.08,0.0,26.48,48.85,96.26,55.9,35.69,74.85,44.28,77.94,94.02,5.83,30.0,71.03,81.49,21.93,24.41,18.03,21.47,91.22,65.74,18.87,22.85,35.23,60.01,31.62,35.36,54.23,62.01,76.56,60.83,53.6,62.77,28.3,73.66,37.7,31.83,49.66,39.66,44.01,28.16
4,71.85,46.1,20.88,26.48,0.0,60.21,109.71,61.61,35.51,84.39,70.0,91.44,108.71,30.68,36.07,70.23,87.13,7.21,10.82,44.41,47.43,108.17,88.32,11.18,38.48,42.43,70.71,43.83,43.14,80.62,77.67,65.19,72.92,80.05,53.04,10.2,90.14,50.0,51.26,61.72,55.57,55.32,40.5
5,14.04,14.14,52.35,48.85,60.21,0.0,49.52,13.45,27.86,26.0,47.17,31.24,48.6,52.5,24.21,33.42,34.01,53.08,49.82,46.01,55.0,49.24,43.08,49.5,26.0,18.03,11.18,17.49,17.2,61.03,19.42,55.9,12.73,66.73,44.92,52.43,31.62,11.18,22.2,2.0,12.37,5.0,21.1
6,39.66,63.66,100.6,96.26,109.71,49.52,0.0,51.0,76.03,27.86,74.81,18.44,5.83,98.79,73.66,57.56,35.0,102.59,99.25,88.14,96.01,16.64,50.16,99.01,74.03,67.36,39.2,66.53,66.6,84.01,34.48,86.47,36.8,92.05,81.74,101.67,24.74,60.14,65.0,48.08,56.61,54.45,70.09
7,24.7,20.02,58.24,55.9,61.61,13.45,51.0,0.0,26.25,23.6,60.46,34.48,51.62,60.41,26.93,20.0,26.0,54.92,50.8,56.57,65.62,54.92,55.47,51.97,34.01,20.88,14.0,25.0,20.62,74.4,28.64,43.66,18.03,79.92,34.13,52.5,39.0,20.4,34.18,14.87,25.06,15.23,28.07
8,41.48,16.0,36.01,35.69,35.51,27.86,76.03,26.25,0.0,49.52,59.17,58.31,75.8,41.23,8.6,36.35,51.62,29.07,24.7,43.83,51.97,77.08,66.27,26.57,21.26,11.0,36.89,17.72,12.0,72.95,47.13,42.44,39.82,76.06,28.6,26.25,59.46,21.0,31.38,29.73,29.07,23.77,17.0
9,23.35,39.45,78.26,74.85,84.39,26.0,27.86,23.6,49.52,0.0,65.73,14.56,29.43,78.43,48.6,31.06,13.45,77.47,73.66,70.86,79.63,35.23,50.0,74.2,52.0,42.2,14.87,43.38,41.62,78.11,21.93,60.01,15.03,85.16,54.13,75.66,24.41,37.16,46.53,25.3,36.67,30.87,46.96
10,42.45,46.1,50.36,44.28,70.0,47.17,74.81,60.46,59.17,65.73,0.0,60.01,70.41,42.2,50.61,80.45,77.79,64.12,64.63,26.68,29.15,63.25,28.3,60.21,38.48,50.0,53.85,42.2,49.2,14.14,44.41,99.25,51.55,19.7,86.21,68.73,50.25,42.43,28.43,46.14,35.61,45.61,42.19
11,21.47,45.34,82.2,77.94,91.44,31.24,18.44,34.48,58.31,14.56,60.01,0.0,17.49,80.62,55.44,45.4,26.93,84.29,81.06,70.58,78.75,21.0,39.4,80.66,55.61,49.2,21.47,48.1,48.41,70.86,16.76,74.17,18.6,78.52,67.36,83.6,11.66,41.73,46.96,29.73,38.28,36.12,51.66
12,37.54,62.63,98.6,94.02,108.71,48.6,5.83,51.62,75.8,29.43,70.41,17.49,0.0,96.26,72.8,60.07,38.33,101.53,98.41,85.0,92.61,10.82,45.01,97.84,72.18,66.61,38.95,65.12,65.8,79.1,32.02,89.09,36.06,87.21,83.55,101.02,21.02,58.8,62.43,47.01,54.56,53.41,68.62
13,59.17,40.45,9.85,5.83,30.68,52.5,98.79,60.41,41.23,78.43,42.2,80.62,96.26,0.0,35.13,76.16,85.7,26.93,29.83,15.52,16.76,92.85,65.51,24.21,26.68,40.01,63.57,35.69,40.05,51.0,64.35,82.35,64.08,49.65,68.54,33.6,75.6,41.48,33.84,53.14,42.49,47.8,32.39
14,36.67,10.3,31.58,30.0,36.07,24.21,73.66,26.93,8.6,48.6,50.61,55.44,72.8,35.13,0.0,41.05,52.92,29.0,25.61,35.85,44.28,72.95,59.01,25.61,12.73,6.4,34.66,10.0,7.07,64.35,42.49,50.61,36.88,67.48,36.88,28.3,55.01,14.87,23.09,25.81,22.2,19.42,8.54
15,43.01,37.64,72.11,71.03,70.23,33.42,57.56,20.0,36.35,31.06,80.45,45.4,60.07,76.16,41.05,0.0,23.41,64.56,59.77,74.73,83.68,66.27,74.06,62.59,51.2,36.5,30.53,42.72,36.67,94.4,45.65,29.02,34.48,99.86,25.55,60.17,53.45,39.4,53.67,34.71,44.94,34.99,45.12
16,35.47,45.35,84.12,81.49,87.13,34.01,35.0,26.0,51.62,13.45,77.79,26.93,38.33,85.7,52.92,23.41,0.0,80.62,76.32,80.02,89.01,46.17,63.41,77.83,59.03,46.82,24.33,50.01,46.49,90.62,34.99,51.79,26.25,97.41,48.75,77.67,37.64,44.41,56.04,34.01,46.04,38.21,53.37
17,64.64,38.95,17.2,21.93,7.21,53.08,102.59,54.92,29.07,77.47,64.12,84.29,101.53,26.93,29.0,64.56,80.62,0.0,5.0,39.29,43.38,100.96,81.49,4.12,31.38,35.38,63.66,36.62,36.07,75.31,70.46,61.98,65.8,75.29,49.16,7.21,82.93,42.8,44.27,54.56,48.37,48.17,33.29
18,61.91,35.81,20.52,24.41,10.82,49.82,99.25,50.8,24.7,73.66,64.63,81.06,98.41,29.83,25.61,59.77,76.32,5.0,0.0,40.85,45.79,98.27,80.41,5.66,29.83,31.89,60.14,34.0,32.65,76.4,67.74,57.07,62.48,76.9,44.18,4.12,80.26,39.96,42.95,51.4,46.1,45.0,30.87
19,49.34,37.11,24.0,18.03,44.41,46.01,88.14,56.57,43.83,70.86,26.68,70.58,85.0,15.52,35.85,74.73,80.02,39.29,40.85,0.0,9.06,80.45,50.8,35.74,23.77,38.63,56.32,32.02,38.28,36.22,53.85,86.27,55.9,36.06,72.42,44.94,64.01,36.22,24.33,46.1,34.23,42.05,29.73
20,57.72,46.1,26.57,21.47,47.43,55.0,96.01,65.62,51.97,79.63,29.15,78.75,92.61,16.76,44.28,83.68,89.01,43.38,45.79,9.06,0.0,87.46,55.87,40.31,32.57,47.43,65.19,41.0,47.13,35.36,61.98,94.34,64.63,33.14,80.45,49.74,71.59,45.28,33.14,55.04,43.1,51.09,38.6
21,36.36,62.65,96.21,91.22,108.17,49.24,16.64,54.92,77.08,35.23,63.25,21.0,10.82,92.85,72.95,66.27,46.17,100.96,98.27,80.45,87.46,0.0,36.35,97.08,70.43,67.08,41.23,64.35,66.19,70.71,30.53,95.13,37.64,78.92,88.28,101.21,18.03,58.31,59.4,47.42,52.8,53.67,67.68
22,31.06,50.36,71.59,65.74,88.32,43.08,50.16,55.47,66.27,50.0,28.3,39.4,45.01,65.51,59.01,74.06,63.41,81.49,80.41,50.8,55.87,36.35,0.0,77.37,50.64,55.33,43.6,49.01,54.33,34.37,29.0,98.9,39.82,42.58,87.92,84.17,27.86,45.4,37.48,41.23,37.22,44.64,51.04
23,60.8,35.36,14.87,18.87,11.18,49.5,99.01,51.97,26.57,74.2,60.21,80.66,97.84,24.21,25.61,62.59,77.83,4.12,5.66,35.74,40.31,97.08,77.37,0.0,27.31,32.02,60.21,32.8,32.65,71.59,66.61,61.85,62.23,71.78,48.66,9.43,79.06,39.05,40.16,50.93,44.42,44.55,29.41
24,34.66,14.0,26.63,22.85,38.48,26.0,74.03,34.01,21.26,52.0,38.48,55.61,72.18,26.68,12.73,51.2,59.03,31.38,29.83,23.77,32.57,70.43,50.64,27.31,0.0,14.87,37.16,9.06,14.56,51.97,40.31,63.25,38.08,54.82,49.58,33.54,52.5,14.87,13.15,26.83,17.69,21.19,6.08
25,31.02,5.0,37.36,35.23,42.43,18.03,67.36,20.88,11.0,42.2,50.0,49.2,66.61,40.01,6.4,36.5,46.82,35.38,31.89,38.63,47.43,67.08,55.33,32.02,14.87,0.0,28.28,7.81,1.0,64.03,36.77,49.5,30.61,67.88,36.24,34.41,49.24,10.0,21.63,19.72,18.11,13.42,8.94
26,12.73,25.0,63.53,60.01,70.71,11.18,39.2,14.0,36.89,14.87,53.85,21.47,38.95,63.57,34.66,30.53,24.33,63.66,60.14,56.32,65.19,41.23,43.6,60.21,37.16,28.28,0.0,28.65,27.59,67.08,15.23,57.01,4.12,73.54,48.09,62.48,25.0,22.36,32.06,10.44,22.09,16.12,32.25
27,28.02,5.1,34.89,31.62,43.83,17.49,66.53,25.0,17.72,43.38,42.2,48.1,65.12,35.69,10.0,42.72,50.01,36.62,34.0,32.02,41.0,64.35,49.01,32.8,9.06,7.81,28.65,0.0,7.07,56.22,33.84,57.28,30.0,60.11,44.05,37.16,46.32,6.4,13.89,18.6,12.37,12.53,3.61
28,30.08,4.0,37.64,35.36,43.14,17.2,66.6,20.62,12.0,41.62,49.2,48.41,65.8,40.05,7.07,36.67,46.49,36.07,32.65,38.28,47.13,66.19,54.33,32.65,14.56,1.0,27.59,7.07,0.0,63.25,35.85,50.21,29.83,67.18,37.01,35.23,48.33,9.0,20.81,18.87,17.12,12.53,8.54
29,55.15,60.21,60.13,54.23,80.62,61.03,84.01,74.4,72.95,78.11,14.14,70.86,79.1,51.0,64.35,94.4,90.62,75.31,76.4,36.22,35.36,70.71,34.37,71.59,51.97,64.03,67.08,56.22,63.25,0.0,56.32,113.36,64.47,8.25,100.26,80.52,60.21,56.57,42.52,59.91,49.68,59.67,56.04
30,5.83,32.2,66.6,62.01,77.67,19.42,34.48,28.64,47.13,21.93,44.41,16.76,32.02,64.35,42.49,45.65,34.99,70.46,67.74,53.85,61.98,30.53,29.0,66.61,40.31,36.77,15.23,33.84,35.85,56.32,0.0,72.12,11.18,63.56,62.65,70.71,12.53,27.78,30.53,17.46,22.63,23.41,37.2
31,68.35,53.15,75.27,76.56,65.19,55.9,86.47,43.66,42.44,60.01,99.25,74.17,89.09,82.35,50.61,29.02,51.79,61.98,57.07,86.27,94.34,95.13,98.9,61.85,63.25,49.5,57.01,57.28,50.21,113.36,72.12,0.0,61.13,117.38,13.89,55.44,81.39,57.01,70.84,57.7,64.64,55.23,58.05
32,9.43,26.87,64.66,60.83,72.92,12.73,36.8,18.03,39.82,15.03,51.55,18.6,36.06,64.08,36.88,34.48,26.25,65.8,62.48,55.9,64.63,37.64,39.82,62.23,38.08,30.61,4.12,30.0,29.83,64.47,11.18,61.13,0.0,71.17,52.15,65.0,21.02,23.6,31.58,11.4,21.84,17.69,33.6
33,61.98,64.44,59.23,53.6,80.05,66.73,92.05,79.92,76.06,85.16,19.7,78.52,87.21,49.65,67.48,99.86,97.41,75.29,76.9,36.06,33.14,78.92,42.58,71.78,54.82,67.88,73.54,60.11,67.18,8.25,63.56,117.38,71.17,0.0,104.0,80.99,68.07,61.22,46.86,65.76,54.92,64.9,59.46
34,58.25,40.22,61.68,62.77,53.04,44.92,81.74,34.13,28.6,54.13,86.21,67.36,83.55,68.54,36.88,25.55,48.75,49.16,44.18,72.42,80.45,88.28,87.92,48.66,49.58,36.24,48.09,44.05,37.01,100.26,62.65,13.89,52.15,104.0,0.0,43.0,73.06,44.42,57.8,46.84,52.35,43.46,44.55
35,64.88,38.59,24.08,28.3,10.2,52.43,101.67,52.5,26.25,75.66,68.73,83.6,101.02,33.6,28.3,60.17,77.67,7.21,4.12,44.94,49.74,101.21,84.17,9.43,33.54,34.41,62.48,37.16,35.23,80.52,70.71,55.44,65.0,80.99,43.0,0.0,83.24,42.94,46.69,54.08,49.4,47.71,34.18
36,18.36,44.72,78.49,73.66,90.14,31.62,24.74,39.0,59.46,24.41,50.25,11.66,21.02,75.6,55.01,53.45,37.64,82.93,80.26,64.01,71.59,18.03,27.86,79.06,52.5,49.24,25.0,46.32,48.33,60.21,12.53,81.39,21.02,68.07,73.06,83.24,0.0,40.31,41.87,29.73,34.83,35.85,49.65
37,21.95,5.0,41.18,37.7,50.0,11.18,60.14,20.4,21.0,37.16,42.43,41.73,58.8,41.48,14.87,39.4,44.41,42.8,39.96,36.22,45.28,58.31,45.4,39.05,14.87,10.0,22.36,6.4,9.0,56.57,27.78,57.01,23.6,61.22,44.42,42.94,40.31,0.0,14.42,12.21,8.25,6.32,10.0
38,25.5,17.69,36.88,31.83,51.26,22.2,65.0,34.18,31.38,46.53,28.43,46.96,62.43,33.84,23.09,53.67,56.04,44.27,42.95,24.33,33.14,59.4,37.48,40.16,13.15,21.63,32.06,13.89,20.81,42.52,30.53,70.84,31.58,46.86,57.8,46.69,41.87,14.42,0.0,22.02,10.0,18.97,14.56
39,12.04,15.62,53.34,49.66,61.72,2.0,48.08,14.87,29.73,25.3,46.14,29.73,47.01,53.14,25.81,34.71,34.01,54.56,51.4,46.1,55.04,47.42,41.23,50.93,26.83,19.72,10.44,18.6,18.87,59.91,17.46,57.7,11.4,65.76,46.84,54.08,29.73,12.21,22.02,0.0,12.04,6.4,22.2
40,17.03,13.15,44.05,39.66,55.57,12.37,56.61,25.06,29.07,36.67,35.61,38.28,54.56,42.49,22.2,44.94,46.04,48.37,46.1,34.23,43.1,52.8,37.22,44.42,17.69,18.11,22.09,12.37,17.12,49.68,22.63,64.64,21.84,54.92,52.35,49.4,34.83,8.25,10.0,12.04,0.0,10.0,15.23
41,17.72,9.22,47.41,44.01,55.32,5.0,54.45,15.23,23.77,30.87,45.61,36.12,53.41,47.8,19.42,34.99,38.21,48.17,45.0,42.05,51.09,53.67,44.64,44.55,21.19,13.42,16.12,12.53,12.53,59.67,23.41,55.23,17.69,64.9,43.46,47.71,35.85,6.32,18.97,6.4,10.0,0.0,16.12
42,31.4,8.06,31.3,28.16,40.5,21.1,70.09,28.07,17.0,46.96,42.19,51.66,68.62,32.39,8.54,45.12,53.37,33.29,30.87,29.73,38.6,67.68,51.04,29.41,6.08,8.94,32.25,3.61,8.54,56.04,37.2,58.05,33.6,59.46,44.55,34.18,49.65,10.0,14.56,22.2,15.23,16.12,0.0
