set K:= 1	2	3	4	5;
set C_H:= 1	2	3	4	5	6	7	8	9;
set C_S:= 10	11	12	13	14	15	16	17	18	19	20;
set C_F:= 21	22	23	24	25	26	27	28	29	30	31;
set M:= 32	33	34	35	36	37;
set L_B:= 38;
set A1:=
(0,*) 1 2 3 4 5 6 7 8 9 21 22 23 24 25 26 27 28 29 30 31 32 33 34 35 36 37 38 39
(1,*) 0 2 3 4 5 6 7 8 9 21 22 23 24 25 26 27 28 29 30 31 32 33 34 35 36 37 38 39
(2,*) 0 1 3 4 5 6 7 8 9 21 22 23 24 25 26 27 28 29 30 31 32 33 34 35 36 37 38 39
(3,*) 0 1 2 4 5 6 7 8 9 21 22 23 24 25 26 27 28 29 30 31 32 33 34 35 36 37 38 39
(4,*) 0 1 2 3 5 6 7 8 9 21 22 23 24 25 26 27 28 29 30 31 32 33 34 35 36 37 38 39
(5,*) 0 1 2 3 4 6 7 8 9 21 22 23 24 25 26 27 28 29 30 31 32 33 34 35 36 37 38 39
(6,*) 0 1 2 3 4 5 7 8 9 21 22 23 24 25 26 27 28 29 30 31 32 33 34 35 36 37 38 39
(7,*) 0 1 2 3 4 5 6 8 9 21 22 23 24 25 26 27 28 29 30 31 32 33 34 35 36 37 38 39
(8,*) 0 1 2 3 4 5 6 7 9 21 22 23 24 25 26 27 28 29 30 31 32 33 34 35 36 37 38 39
(9,*) 0 1 2 3 4 5 6 7 8 21 22 23 24 25 26 27 28 29 30 31 32 33 34 35 36 37 38 39
(21,*) 0 1 2 3 4 5 6 7 8 9 22 23 24 25 26 27 28 29 30 31 32 33 34 35 36 37 38 39
(22,*) 0 1 2 3 4 5 6 7 8 9 21 23 24 25 26 27 28 29 30 31 32 33 34 35 36 37 38 39
(23,*) 0 1 2 3 4 5 6 7 8 9 21 22 24 25 26 27 28 29 30 31 32 33 34 35 36 37 38 39
(24,*) 0 1 2 3 4 5 6 7 8 9 21 22 23 25 26 27 28 29 30 31 32 33 34 35 36 37 38 39
(25,*) 0 1 2 3 4 5 6 7 8 9 21 22 23 24 26 27 28 29 30 31 32 33 34 35 36 37 38 39
(26,*) 0 1 2 3 4 5 6 7 8 9 21 22 23 24 25 27 28 29 30 31 32 33 34 35 36 37 38 39
(27,*) 0 1 2 3 4 5 6 7 8 9 21 22 23 24 25 26 28 29 30 31 32 33 34 35 36 37 38 39
(28,*) 0 1 2 3 4 5 6 7 8 9 21 22 23 24 25 26 27 29 30 31 32 33 34 35 36 37 38 39
(29,*) 0 1 2 3 4 5 6 7 8 9 21 22 23 24 25 26 27 28 30 31 32 33 34 35 36 37 38 39
(30,*) 0 1 2 3 4 5 6 7 8 9 21 22 23 24 25 26 27 28 29 31 32 33 34 35 36 37 38 39
(31,*) 0 1 2 3 4 5 6 7 8 9 21 22 23 24 25 26 27 28 29 30 32 33 34 35 36 37 38 39
(32,*) 0 1 2 3 4 5 6 7 8 9 21 22 23 24 25 26 27 28 29 30 31 33 34 35 36 37 38 39
(33,*) 0 1 2 3 4 5 6 7 8 9 21 22 23 24 25 26 27 28 29 30 31 32 34 35 36 37 38 39
(34,*) 0 1 2 3 4 5 6 7 8 9 21 22 23 24 25 26 27 28 29 30 31 32 33 35 36 37 38 39
(35,*) 0 1 2 3 4 5 6 7 8 9 21 22 23 24 25 26 27 28 29 30 31 32 33 34 36 37 38 39
(36,*) 0 1 2 3 4 5 6 7 8 9 21 22 23 24 25 26 27 28 29 30 31 32 33 34 35 37 38 39
(37,*) 0 1 2 3 4 5 6 7 8 9 21 22 23 24 25 26 27 28 29 30 31 32 33 34 35 36 38 39
(38,*) 0 1 2 3 4 5 6 7 8 9 21 22 23 24 25 26 27 28 29 30 31 32 33 34 35 36 37 39
(39,*) 0 1 2 3 4 5 6 7 8 9 21 22 23 24 25 26 27 28 29 30 31 32 33 34 35 36 37 38
;
set A2:=
(32,*) 33
(33,*) 32
;
param BigM:=99999;
param n:= 5;
param d:=
1	14
2	2
3	18
4	24
5	20
6	3
7	21
8	16
9	8
10	15
11	6
12	8
13	19
14	12
15	4
16	7
17	16
18	9
19	22
20	19
21	12
22	2
23	6
24	16
25	14
26	21
27	24
28	19
29	24
30	1
31	8
;
param Q:=100;
param w:=
[32,*] 33 1
[33,*] 32 1
;
param V:=
[32,*] 33 79
[33,*] 32 79
;
param e:
	32	33	34	35	36	37	38:=
10		0		1		0		0		0		1		0	
11		0		0		0		0		0		1		0	
12		0		1		0		0		0		1		0	
13		0		0		1		0		1		1		0	
14		0		0		0		0		0		1		0	
15		0		1		0		1		0		0		1	
16		1		0		0		1		0		0		1	
17		0		1		0		1		0		0		1	
18		0		0		1		0		0		1		0	
19		0		0		0		1		0		0		1	
20		0		0		1		0		0		1		0	
21		0		0		1		0		0		1		0	
22		1		0		0		1		0		0		1	
23		0		1		0		0		0		1		1	
24		0		1		1		0		0		1		0	
25		0		1		0		0		0		0		0	
26		0		0		0		0		0		1		0	
27		0		0		1		0		0		0		0	
28		0		1		0		0		0		1		0	
29		0		0		0		1		0		0		0	
30		0		1		0		0		0		0		1	
31		0		0		0		0		0		0		1	
;
param p:=
1	1
2	1
3	1
4	1
5	1
;
param G:=
32	79
33	74
34	74
35	94
36	70
37	71
38	72
;
param s:=
0	0
1	10
2	10
3	10
4	10
5	10
6	10
7	10
8	10
9	10
21	10
22	10
23	10
24	10
25	10
26	10
27	10
28	10
29	10
30	10
31	10
32	10
33	10
34	10
35	10
36	10
37	10
38	10
;
param t:
	0	1	2	3	4	5	6	7	8	9	10	11	12	13	14	15	16	17	18	19	20	21	22	23	24	25	26	27	28	29	30	31	32	33	34	35	36	37	38	39:=
0	0.0	16.28	21.1	25.71	25.24	25.96	27.02	28.84	37.05	36.24	84.86	75.58	78.03	34.93	51.88	84.17	54.57	88.14	72.78	81.74	74.55	64.03	62.29	85.6	51.04	101.41	77.88	73.82	97.58	75.96	76.84	79.23	20.81	83.49	64.94	61.19	13.0	62.8	63.68	0.0
1	16.28	0.0	7.07	9.49	24.08	29.41	24.02	15.26	21.02	48.1	76.61	63.25	66.71	19.42	40.36	82.0	63.06	85.62	56.52	84.15	58.31	47.8	65.76	79.61	35.01	94.34	65.19	57.56	89.4	84.53	71.69	84.9	34.41	75.0	48.66	68.94	29.12	47.8	70.1	16.28
2	21.1	7.07	0.0	8.94	20.25	26.93	19.42	18.25	16.49	48.41	69.63	56.3	59.67	19.42	33.3	76.12	61.29	79.62	53.14	79.63	54.13	44.78	61.85	72.92	30.27	87.46	58.31	53.6	82.42	82.49	65.19	81.6	36.25	68.01	44.92	66.73	33.14	41.77	67.28	21.1
3	25.71	9.49	8.94	0.0	29.15	35.85	28.16	10.05	12.65	56.64	74.3	58.05	62.29	10.63	36.62	83.49	70.18	86.83	47.07	88.12	49.09	38.33	70.6	78.77	26.31	92.57	59.67	48.26	86.95	91.42	71.57	90.48	43.57	72.56	39.32	75.66	38.6	40.31	76.22	25.71
4	25.24	24.08	20.25	29.15	0.0	8.06	3.0	38.33	32.53	32.89	60.44	55.32	56.3	39.36	32.14	59.46	41.87	63.32	67.96	60.07	67.08	60.61	41.77	60.44	43.57	76.42	58.05	67.12	73.0	62.68	51.61	61.35	26.31	59.2	59.36	46.87	30.53	49.24	47.11	25.24
5	25.96	29.41	26.93	35.85	8.06	0.0	10.77	44.38	40.36	25.0	63.81	61.52	61.85	46.32	39.01	58.59	34.41	62.65	76.01	56.14	75.13	68.6	37.01	62.24	51.62	78.64	64.38	75.18	76.03	55.57	53.04	55.54	20.62	62.77	67.42	39.82	27.59	57.01	40.7	25.96
6	27.02	24.02	19.42	28.16	3.0	10.77	0.0	37.66	30.48	35.74	58.14	52.39	53.49	38.08	29.15	58.52	43.86	62.3	65.46	60.3	64.41	58.26	42.45	58.6	41.05	74.41	55.11	64.5	70.77	64.4	49.93	62.39	29.27	56.85	56.86	48.6	33.12	46.32	48.5	27.02
7	28.84	15.26	18.25	10.05	38.33	44.38	37.66	0.0	19.1	63.13	83.63	65.86	70.6	8.25	45.65	93.54	78.29	96.88	47.0	97.87	50.49	38.0	80.05	88.54	30.41	102.04	67.18	49.25	96.18	99.73	81.49	99.62	48.84	81.84	40.31	84.1	41.68	46.04	85.05	28.84
8	37.05	21.02	16.49	12.65	32.53	40.36	30.48	19.1	0.0	63.81	65.55	46.75	51.61	13.0	27.51	79.06	74.33	82.0	36.77	86.98	37.66	28.65	71.11	71.59	14.0	84.15	48.08	37.11	77.88	94.81	65.38	91.71	52.55	63.69	28.46	79.03	49.5	27.73	78.58	37.05
9	36.24	48.1	48.41	56.64	32.89	25.0	35.74	63.13	63.81	0.0	82.54	85.01	84.38	67.21	63.51	68.01	21.38	72.25	100.24	56.44	99.81	92.44	37.8	77.83	76.03	94.41	88.0	99.74	93.62	41.19	68.43	48.27	15.81	81.91	91.71	28.44	27.46	82.01	32.99	36.24
10	84.86	76.61	69.63	74.3	60.44	63.81	58.14	83.63	65.55	82.54	0.0	26.93	19.92	78.55	38.08	32.45	74.24	31.89	75.66	54.63	69.23	75.01	55.08	12.73	61.81	18.68	28.79	71.02	12.81	83.19	17.46	69.92	84.22	2.0	70.06	73.01	90.8	49.01	67.81	84.86
11	75.58	63.25	56.3	58.05	55.32	61.52	52.39	65.86	46.75	85.01	26.93	0.0	7.07	59.2	23.77	55.61	83.43	56.3	49.09	74.52	42.43	49.37	68.45	38.48	38.91	44.05	3.16	44.28	36.01	97.58	38.42	87.13	81.58	25.0	44.18	84.43	84.76	23.77	80.59	75.58
12	78.03	66.71	59.67	62.29	56.3	61.85	53.49	70.6	51.61	84.38	19.92	7.07	0.0	64.35	26.4	49.58	81.05	50.0	56.14	69.4	49.5	56.22	64.85	31.76	44.94	37.01	8.94	51.35	29.07	93.98	32.53	82.76	82.28	18.03	51.09	81.49	86.41	30.41	77.27	78.03
13	34.93	19.42	19.42	10.63	39.36	46.32	38.08	8.25	13.0	67.21	78.55	59.2	64.35	0.0	40.5	91.02	80.71	94.13	39.05	97.29	42.3	30.07	80.32	84.4	22.47	97.14	60.31	41.11	90.87	101.87	77.93	100.46	53.82	76.69	32.14	86.09	47.93	38.42	86.46	34.93
14	51.88	40.36	33.3	36.62	32.14	39.01	29.15	45.65	27.51	63.51	38.08	23.77	26.4	40.5	0.0	54.34	65.74	56.72	47.17	66.89	43.28	43.08	55.17	44.41	26.48	56.65	26.25	44.2	50.54	83.01	39.05	75.69	58.42	36.25	39.36	68.26	61.03	21.26	65.73	51.88
15	84.17	82.0	76.12	83.49	59.46	58.59	58.52	93.54	79.06	68.01	32.45	55.61	49.58	91.02	54.34	0.0	52.77	4.24	100.09	23.35	94.85	97.12	31.76	20.12	80.81	32.0	58.26	96.25	35.9	55.15	17.2	40.05	75.6	33.6	92.97	49.04	85.44	72.62	42.9	84.17
16	54.57	63.06	61.29	70.18	41.87	34.41	43.86	78.29	74.33	21.38	74.24	83.43	81.05	80.71	65.74	52.77	0.0	56.82	108.71	36.88	106.83	101.91	21.02	66.71	84.39	82.57	86.59	107.2	83.55	21.54	57.87	26.93	36.01	74.11	100.12	7.07	48.01	86.45	12.12	54.57
17	88.14	85.62	79.62	86.83	63.32	62.65	62.3	96.88	82.0	72.25	31.89	56.3	50.0	94.13	56.72	4.24	56.82	0.0	101.84	26.02	96.38	99.2	35.85	19.21	83.19	29.15	58.82	97.86	33.84	58.42	18.38	43.01	79.81	33.24	94.92	52.92	89.59	74.33	46.74	88.14
18	72.78	56.52	53.14	47.07	67.96	76.01	65.46	47.0	36.77	100.24	75.66	49.09	56.14	39.05	47.17	100.09	108.71	101.84	0.0	114.06	7.62	9.0	101.53	86.12	24.41	93.13	48.0	5.39	85.02	128.0	83.49	122.29	89.32	73.68	8.6	112.54	85.62	27.51	111.02	72.78
19	81.74	84.15	79.63	88.12	60.07	56.14	60.3	97.87	86.98	56.44	54.63	74.52	69.4	97.29	66.89	23.35	36.88	26.02	114.06	0.0	109.86	109.59	19.65	43.01	92.14	55.15	77.47	110.94	59.23	32.98	37.59	17.12	68.01	55.46	106.17	31.14	79.4	87.42	24.98	81.74
20	74.55	58.31	54.13	49.09	67.08	75.13	64.41	50.49	37.66	99.81	69.23	42.43	49.5	42.3	43.28	94.85	106.83	96.38	7.62	109.86	0.0	13.89	98.31	80.08	24.04	86.37	41.11	2.24	78.16	125.5	78.0	118.93	89.84	67.27	10.2	110.26	87.13	22.47	108.35	74.55
21	64.03	47.8	44.78	38.33	60.61	68.6	58.26	38.0	28.65	92.44	75.01	49.37	56.22	30.07	43.08	97.12	101.91	99.2	9.0	109.59	13.89	0.0	96.02	84.59	17.8	93.09	48.84	12.08	85.29	121.7	81.02	116.83	81.02	73.01	5.39	106.08	76.92	26.0	104.92	64.03
22	62.29	65.76	61.85	70.6	41.77	37.01	42.45	80.05	71.11	37.8	55.08	68.45	64.85	80.32	55.17	31.76	21.02	35.85	101.53	19.65	98.31	96.02	0.0	46.39	78.24	61.85	71.59	99.09	63.39	29.15	38.01	20.81	48.47	55.23	93.24	18.11	59.77	76.42	12.74	62.29
23	85.6	79.61	72.92	78.77	60.44	62.24	58.6	88.54	71.59	77.83	12.73	38.48	31.76	84.4	44.41	20.12	66.71	19.21	86.12	43.01	80.08	84.59	46.39	0.0	70.01	16.64	40.71	81.74	17.03	73.17	9.43	59.03	81.84	14.21	79.91	64.5	89.81	58.86	58.85	85.6
24	51.04	35.01	30.27	26.31	43.57	51.62	41.05	30.41	14.0	76.03	61.81	38.91	44.94	22.47	26.48	80.81	84.39	83.19	24.41	92.14	24.04	17.8	78.24	70.01	0.0	80.41	39.45	23.77	73.25	103.97	65.38	99.05	65.8	59.84	15.81	88.39	63.39	16.28	87.14	51.04
25	101.41	94.34	87.46	92.57	76.42	78.64	74.41	102.04	84.15	94.41	18.68	44.05	37.01	97.14	56.65	32.0	82.57	29.15	93.13	55.15	86.37	93.09	61.85	16.64	80.41	0.0	45.28	88.28	8.54	87.09	26.08	72.03	98.41	20.62	88.02	79.83	106.15	67.12	73.94	101.41
26	77.88	65.19	58.31	59.67	58.05	64.38	55.11	67.18	48.08	88.0	28.79	3.16	8.94	60.31	26.25	58.26	86.59	58.82	48.0	77.47	41.11	48.84	71.59	40.71	39.45	45.28	0.0	43.05	37.05	100.72	41.11	90.21	84.34	26.93	43.57	87.6	87.28	23.77	83.75	77.88
27	73.82	57.56	53.6	48.26	67.12	75.18	64.5	49.25	37.11	99.74	71.02	44.28	51.35	41.11	44.2	96.25	107.2	97.86	5.39	110.94	2.24	12.08	99.09	81.74	23.77	88.28	43.05	0.0	80.1	126.06	79.48	119.75	89.49	69.05	9.0	110.75	86.49	23.71	108.96	73.82
28	97.58	89.4	82.42	86.95	73.0	76.03	70.77	96.18	77.88	93.62	12.81	36.01	29.07	90.87	50.54	35.9	83.55	33.84	85.02	59.23	78.16	85.29	63.39	17.03	73.25	8.54	37.05	80.1	0.0	90.09	25.71	75.66	96.25	14.42	80.16	81.5	103.23	59.41	75.88	97.58
29	75.96	84.53	82.49	91.42	62.68	55.57	64.4	99.73	94.81	41.19	83.19	97.58	93.98	101.87	83.01	55.15	21.54	58.42	128.0	32.98	125.5	121.7	29.15	73.17	103.97	87.09	100.72	126.06	90.09	0.0	65.76	16.16	56.72	83.55	119.5	15.81	68.59	104.2	17.29	75.96
30	76.84	71.69	65.19	71.57	51.61	53.04	49.93	81.49	65.38	68.43	17.46	38.42	32.53	77.93	39.05	17.2	57.87	18.38	83.49	37.59	78.0	81.02	38.01	9.43	65.38	26.08	41.11	79.48	25.71	65.76	0.0	52.5	72.47	18.03	76.66	56.08	80.62	55.97	50.67	76.84
31	79.23	84.9	81.6	90.48	61.35	55.54	62.39	99.62	91.71	48.27	69.92	87.13	82.76	100.46	75.69	40.05	26.93	43.01	122.29	17.12	118.93	116.83	20.81	59.03	99.05	72.03	90.21	119.75	75.66	16.16	52.5	0.0	62.29	70.52	114.02	19.92	74.24	96.88	15.68	79.23
32	20.81	34.41	36.25	43.57	26.31	20.62	29.27	48.84	52.55	15.81	84.22	81.58	82.28	53.82	58.42	75.6	36.01	79.81	89.32	68.01	89.84	81.02	48.47	81.84	65.8	98.41	84.34	89.49	96.25	56.72	72.47	62.29	0.0	83.24	80.99	43.0	12.0	74.33	46.64	20.81
33	83.49	75.0	68.01	72.56	59.2	62.77	56.85	81.84	63.69	81.91	2.0	25.0	18.03	76.69	36.25	33.6	74.11	33.24	73.68	55.46	67.27	73.01	55.23	14.21	59.84	20.62	26.93	69.05	14.42	83.55	18.03	70.52	83.24	0.0	68.07	73.06	89.63	47.01	67.96	83.49
34	64.94	48.66	44.92	39.32	59.36	67.42	56.86	40.31	28.46	91.71	70.06	44.18	51.09	32.14	39.36	92.97	100.12	94.92	8.6	106.17	10.2	5.39	93.24	79.91	15.81	88.02	43.57	9.0	80.16	119.5	76.66	114.02	80.99	68.07	0.0	104.0	77.67	21.1	102.56	64.94
35	61.19	68.94	66.73	75.66	46.87	39.82	48.6	84.1	79.03	28.44	73.01	84.43	81.49	86.09	68.26	49.04	7.07	52.92	112.54	31.14	110.26	106.08	18.11	64.5	88.39	79.83	87.6	110.75	81.5	15.81	56.08	19.92	43.0	73.06	104.0	0.0	55.0	89.31	6.29	61.19
36	13.0	29.12	33.14	38.6	30.53	27.59	33.12	41.68	49.5	27.46	90.8	84.76	86.41	47.93	61.03	85.44	48.01	89.59	85.62	79.4	87.13	76.92	59.77	89.81	63.39	106.15	87.28	86.49	103.23	68.59	80.62	74.24	12.0	89.63	77.67	55.0	0.0	74.17	58.58	13.0
37	62.8	47.8	41.77	40.31	49.24	57.01	46.32	46.04	27.73	82.01	49.01	23.77	30.41	38.42	21.26	72.62	86.45	74.33	27.51	87.42	22.47	26.0	76.42	58.86	16.28	67.12	23.77	23.71	59.41	104.2	55.97	96.88	74.33	47.01	21.1	89.31	74.17	0.0	86.95	62.8
38	63.68	70.1	67.28	76.22	47.11	40.7	48.5	85.05	78.58	32.99	67.81	80.59	77.27	86.46	65.73	42.9	12.12	46.74	111.02	24.98	108.35	104.92	12.74	58.85	87.14	73.94	83.75	108.96	75.88	17.29	50.67	15.68	46.64	67.96	102.56	6.29	58.58	86.95	0.0	63.68
;
