vehicles
vehicle_idx, capacity, cost_per_unit_distance
1,100,3
2,100,3
3,100,3
4,100,3
5,100,3
depot
node_idx,x,y
0,38,46
home delivery customers
node_idx,x,y,service_time,demand
1,66,6,10,8
2,82,28,10,3
3,93,90,10,6
4,74,42,10,24
5,60,20,10,19
6,78,58,10,2
7,36,48,10,5
8,43,42,10,23
9,53,25,10,16
10,50,2,10,7
11,26,54,10,7
12,22,53,10,20
self pickup customers
node_idx,x,y,service_time,demand,locker_idxs
13,47,61,10,1,40-41-39-38-37
14,26,15,10,13,42-37-38
15,96,7,10,23,43-37
16,68,92,10,27,43-38-37
17,78,84,10,1,39-38-37
18,10,91,10,4,43-38-37
19,92,62,10,7,42-37
20,78,65,10,2,42-37-38
21,37,88,10,9,39-38-37
22,11,66,10,1,42-38-37
23,9,49,10,9,40-38
24,18,89,10,20,42-38
flexible customers
node_idx,x,y,service_time,demand,locker_idxs
25,59,46,10,16,43-42-39-41-40-37-38
26,96,42,10,18,43-37-38
27,37,25,10,7,42-41-37
28,45,36,10,16,42-39-41-40-37
29,73,57,10,7,41-39-43-37
30,98,51,10,22,43-37-38
31,72,79,10,2,43-38
32,16,73,10,2,43-38-37
33,75,96,10,12,40-38-37
34,25,72,10,23,40-38-37
35,8,68,10,6,42-38-37
36,12,61,10,19,40-38
lockers
node_idx,x,y,service_time,capacity,cost_per_unit_good
37,93,12,10,100
38,22,88,10,96
39,56,43,10,75
40,46,62,10,100
41,53,44,10,85
42,38,36,10,78
43,81,38,10,87
mrt lines
start_node_idx,end_node_idx,freight_capacity,cost_per_unit_good
37,38,100,0.5
38,37,100,0.5
distance matrix
,0,1,2,3,4,5,6,7,8,9,10,11,12,13,14,15,16,17,18,19,20,21,22,23,24,25,26,27,28,29,30,31,32,33,34,35,36,37,38,39,40,41,42,43,
0,0.0,48.83,47.54,70.43,36.22,34.06,41.76,2.83,6.4,25.81,45.61,14.42,17.46,17.49,33.24,69.89,54.92,55.17,53.0,56.32,44.28,42.01,33.6,29.15,47.42,21.0,58.14,21.02,12.21,36.69,60.21,47.38,34.83,62.2,29.07,37.2,30.02,64.66,44.94,18.25,17.89,15.13,10.0,43.74
1,48.83,0.0,27.2,88.23,36.88,15.23,53.37,51.61,42.72,23.02,16.49,62.48,64.38,58.19,41.0,30.02,86.02,78.92,101.79,61.74,60.21,86.98,81.39,71.4,95.88,40.61,46.86,34.67,36.62,51.48,55.22,73.25,83.6,90.45,77.7,84.9,77.08,27.66,93.06,38.33,59.46,40.16,41.04,35.34
2,47.54,27.2,0.0,62.97,16.12,23.41,30.27,50.16,41.44,29.15,41.23,61.74,65.0,48.1,57.49,25.24,65.51,56.14,95.67,35.44,37.22,75.0,80.53,75.96,88.41,29.21,19.8,45.1,37.85,30.36,28.02,51.97,79.88,68.36,72.01,84.12,77.39,19.42,84.85,30.02,49.52,33.12,44.72,10.05
3,70.43,88.23,62.97,0.0,51.62,77.39,35.34,70.8,69.31,76.32,97.94,76.06,80.06,54.38,100.57,83.05,25.08,16.16,83.01,28.02,29.15,56.04,85.44,93.47,75.01,55.61,48.09,85.8,72.25,38.59,39.32,23.71,78.85,18.97,70.34,87.8,86.03,78.0,71.03,59.82,54.71,60.96,77.08,53.37
4,36.22,36.88,16.12,51.62,0.0,26.08,16.49,38.47,31.0,27.02,46.65,49.48,53.15,33.02,55.07,41.34,50.36,42.19,80.6,26.91,23.35,59.03,67.42,65.38,73.11,15.52,22.0,40.72,29.61,15.03,25.63,37.05,65.76,54.01,57.45,70.94,64.85,35.51,69.43,18.03,34.41,21.1,36.5,8.06
5,34.06,15.23,23.41,77.39,26.08,0.0,42.05,36.88,27.8,8.6,20.59,48.08,50.33,43.01,34.37,38.28,72.44,66.48,86.84,52.8,48.47,71.78,67.21,58.67,80.78,26.02,42.19,23.54,21.93,39.22,49.04,60.21,68.88,77.47,62.68,70.77,63.13,33.96,77.9,23.35,44.27,25.0,27.2,27.66
6,41.76,53.37,30.27,35.34,16.49,42.05,0.0,43.17,38.48,41.4,62.61,52.15,56.22,31.14,67.48,54.08,35.44,26.0,75.58,14.56,7.0,50.8,67.48,69.58,67.54,22.47,24.08,52.63,39.66,5.1,21.19,21.84,63.79,38.12,54.82,70.71,66.07,48.38,63.53,26.63,32.25,28.65,45.65,20.22
7,2.83,51.61,50.16,70.8,38.47,36.88,43.17,0.0,9.22,28.6,48.08,11.66,14.87,17.03,34.48,72.67,54.41,55.32,50.25,57.72,45.31,40.01,30.81,27.02,44.78,23.09,60.3,23.02,15.0,38.08,62.07,47.51,32.02,61.85,26.4,34.41,27.29,67.42,42.38,20.62,17.2,17.46,12.17,46.1
8,6.4,42.72,41.44,69.31,31.0,27.8,38.48,9.22,0.0,19.72,40.61,20.81,23.71,19.42,31.91,63.51,55.9,54.67,59.08,52.92,41.88,46.39,40.0,34.71,53.24,16.49,53.0,18.03,6.32,33.54,55.73,47.01,41.11,62.77,34.99,43.6,36.36,58.31,50.57,13.04,20.22,10.2,7.81,38.21
9,25.81,23.02,29.15,76.32,27.02,8.6,41.4,28.6,19.72,0.0,23.19,39.62,41.77,36.5,28.79,46.62,68.66,64.08,78.77,53.76,47.17,65.0,58.69,50.12,72.95,21.84,46.24,16.0,13.6,37.74,51.97,57.25,60.61,74.33,54.71,62.24,54.56,42.06,70.21,18.25,37.66,19.0,18.6,30.87
10,45.61,16.49,41.23,97.94,46.65,20.59,62.61,48.08,40.61,23.19,0.0,57.27,58.18,59.08,27.29,46.27,91.78,86.65,97.58,73.24,68.94,86.98,74.95,62.37,92.7,44.91,60.96,26.42,34.37,59.62,68.59,80.08,78.72,97.27,74.33,78.23,70.18,44.15,90.44,41.44,60.13,42.11,36.06,47.51
11,14.42,62.48,61.74,76.06,49.48,48.08,52.15,11.66,20.81,39.62,57.27,0.0,4.12,22.14,39.0,84.31,56.64,60.03,40.31,66.48,53.15,35.74,19.21,17.72,35.9,33.96,71.02,31.02,26.17,47.1,72.06,52.35,21.47,64.54,18.03,22.8,15.65,79.08,34.23,31.95,21.54,28.79,21.63,57.28
12,17.46,64.38,65.0,80.06,53.15,50.33,56.22,14.87,23.71,41.77,58.18,4.12,0.0,26.25,38.21,87.13,60.31,64.01,39.85,70.58,57.27,38.08,17.03,13.6,36.22,37.66,74.81,31.76,28.6,51.16,76.03,56.36,20.88,68.25,19.24,20.52,12.81,81.99,35.0,35.44,25.63,32.28,23.35,60.88
13,17.49,58.19,48.1,54.38,33.02,43.01,31.14,17.03,19.42,36.5,59.08,22.14,26.25,0.0,50.57,72.92,37.44,38.6,47.63,45.01,31.26,28.79,36.35,39.85,40.31,19.21,52.55,37.36,25.08,26.31,51.97,30.81,33.24,44.82,24.6,39.62,35.0,67.21,36.8,20.12,1.41,18.03,26.57,41.05
14,33.24,41.0,57.49,100.57,55.07,34.37,67.48,34.48,31.91,28.79,27.29,39.0,38.21,50.57,0.0,70.46,87.71,86.4,77.67,81.02,72.14,73.82,53.16,38.01,74.43,45.28,75.03,14.87,28.32,63.03,80.5,78.82,58.86,94.67,57.01,55.97,48.08,67.07,73.11,41.04,51.08,39.62,24.19,59.62
15,69.89,30.02,25.24,83.05,41.34,38.28,54.08,72.67,63.51,46.62,46.27,84.31,87.13,72.92,70.46,0.0,89.49,79.08,120.22,55.15,60.73,100.21,103.47,96.61,113.17,53.76,35.0,61.68,58.67,55.04,44.05,75.89,103.71,91.44,96.26,107.07,99.86,5.83,109.71,53.81,74.33,56.73,64.85,34.44
16,54.92,86.02,65.51,25.08,50.36,72.44,35.44,54.41,55.9,68.66,91.78,56.64,60.31,37.44,87.71,89.49,0.0,12.81,58.01,38.42,28.79,31.26,62.65,73.01,50.09,46.87,57.31,73.82,60.54,35.36,50.8,13.6,55.36,8.06,47.42,64.62,64.01,83.82,46.17,50.45,37.2,50.29,63.53,55.54
17,55.17,78.92,56.14,16.16,42.19,66.48,26.0,55.32,54.67,64.08,86.65,60.03,64.01,38.6,86.4,79.08,12.81,0.0,68.36,26.08,19.0,41.19,69.38,77.37,60.21,42.49,45.69,71.85,58.25,27.46,38.59,7.81,62.97,12.37,54.34,71.81,69.89,73.55,56.14,46.53,38.83,47.17,62.48,46.1
18,53.0,101.79,95.67,83.01,80.6,86.84,75.58,50.25,59.08,78.77,97.58,40.31,39.85,47.63,77.67,120.22,58.01,68.36,0.0,86.98,72.8,27.17,25.02,42.01,8.25,66.53,98.98,71.31,65.19,71.59,96.66,63.15,18.97,65.19,24.21,23.09,30.07,114.59,12.37,66.48,46.23,63.7,61.72,88.6
19,56.32,61.74,35.44,28.02,26.91,52.8,14.56,57.72,52.92,53.76,73.24,66.48,70.58,45.01,81.02,55.15,38.42,26.08,86.98,0.0,14.32,60.84,81.1,84.01,78.77,36.67,20.4,66.29,53.71,19.65,12.53,26.25,76.79,38.01,67.74,84.21,80.01,50.01,74.67,40.71,46.0,42.95,59.93,26.4
20,44.28,60.21,37.22,29.15,23.35,48.47,7.0,45.31,41.88,47.17,68.94,53.15,57.27,31.26,72.14,60.73,28.79,19.0,72.8,14.32,0.0,47.01,67.01,70.83,64.62,26.87,29.21,57.28,43.93,9.43,24.41,15.23,62.51,31.14,53.46,70.06,66.12,55.08,60.54,31.11,32.14,32.65,49.41,27.17
21,42.01,86.98,75.0,56.04,59.03,71.78,50.8,40.01,46.39,65.0,86.98,35.74,38.08,28.79,73.82,100.21,31.26,41.19,27.17,60.84,47.01,0.0,34.06,48.01,19.03,47.41,74.81,63.0,52.61,47.51,71.34,36.14,25.81,38.83,20.0,35.23,36.8,94.4,15.0,48.85,27.51,46.82,52.01,66.6
22,33.6,81.39,80.53,85.44,67.42,67.21,67.48,30.81,40.0,58.69,74.95,19.21,17.03,36.35,53.16,103.47,62.65,69.38,25.02,81.1,67.01,34.06,0.0,17.12,24.04,52.0,88.32,48.55,45.34,62.65,88.28,62.37,8.6,70.68,15.23,3.61,5.1,98.18,24.6,50.54,35.23,47.41,40.36,75.39
23,29.15,71.4,75.96,93.47,65.38,58.67,69.58,27.02,34.71,50.12,62.37,17.72,13.6,39.85,38.01,96.61,73.01,77.37,42.01,84.01,70.83,48.01,17.12,0.0,41.0,50.09,87.28,36.88,38.28,64.5,89.02,69.78,25.0,81.02,28.02,19.03,12.37,91.79,41.11,47.38,39.22,44.28,31.78,72.84
24,47.42,95.88,88.41,75.01,73.11,80.78,67.54,44.78,53.24,72.95,92.7,35.9,36.22,40.31,74.43,113.17,50.09,60.21,8.25,78.77,64.62,19.03,24.04,41.0,0.0,59.41,91.07,66.76,59.48,63.63,88.57,54.92,16.12,57.43,18.38,23.26,28.64,107.49,4.12,59.67,38.9,57.01,56.65,81.06
25,21.0,40.61,29.21,55.61,15.52,26.02,22.47,23.09,16.49,21.84,44.91,33.96,37.66,19.21,45.28,53.76,46.87,42.49,66.53,36.67,26.87,47.41,52.0,50.09,59.41,0.0,37.22,30.41,17.2,17.8,39.32,35.47,50.77,52.5,42.8,55.54,49.34,48.08,55.97,4.24,20.62,6.32,23.26,23.41
26,58.14,46.86,19.8,48.09,22.0,42.19,24.08,60.3,53.0,46.24,60.96,71.02,74.81,52.55,75.03,35.0,57.31,45.69,98.98,20.4,29.21,74.81,88.32,87.28,91.07,37.22,0.0,61.4,51.35,27.46,9.22,44.1,85.8,57.94,77.08,91.76,86.12,30.15,87.13,40.01,53.85,43.05,58.31,15.52
27,21.02,34.67,45.1,85.8,40.72,23.54,52.63,23.02,18.03,16.0,26.42,31.02,31.76,37.36,14.87,61.68,73.82,71.85,71.31,66.29,57.28,63.0,48.55,36.88,66.76,30.41,61.4,0.0,13.6,48.17,66.31,64.35,52.39,80.53,48.51,51.87,43.83,57.49,64.76,26.17,38.08,24.84,11.05,45.88
28,12.21,36.62,37.85,72.25,29.61,21.93,39.66,15.0,6.32,13.6,34.37,26.17,28.6,25.08,28.32,58.67,60.54,58.25,65.19,53.71,43.93,52.61,45.34,38.28,59.48,17.2,51.35,13.6,0.0,35.0,55.08,50.77,47.01,67.08,41.18,48.92,41.4,53.67,56.86,13.04,26.02,11.31,7.0,36.06
29,36.69,51.48,30.36,38.59,15.03,39.22,5.1,38.08,33.54,37.74,59.62,47.1,51.16,26.31,63.03,55.04,35.36,27.46,71.59,19.65,9.43,47.51,62.65,64.5,63.63,17.8,27.46,48.17,35.0,0.0,25.71,22.02,59.2,39.05,50.29,65.92,61.13,49.24,59.68,22.02,27.46,23.85,40.82,20.62
30,60.21,55.22,28.02,39.32,25.63,49.04,21.19,62.07,55.73,51.97,68.59,72.06,76.03,51.97,80.5,44.05,50.8,38.59,96.66,12.53,24.41,71.34,88.28,89.02,88.57,39.32,9.22,66.31,55.08,25.71,0.0,38.21,84.9,50.54,75.96,91.59,86.58,39.32,84.53,42.76,53.15,45.54,61.85,21.4
31,47.38,73.25,51.97,23.71,37.05,60.21,21.84,47.51,47.01,57.25,80.08,52.35,56.36,30.81,78.82,75.89,13.6,7.81,63.15,26.25,15.23,36.14,62.37,69.78,54.92,35.47,44.1,64.35,50.77,22.02,38.21,0.0,56.32,17.26,47.52,64.94,62.64,70.21,50.8,39.4,31.06,39.82,54.82,41.98
32,34.83,83.6,79.88,78.85,65.76,68.88,63.79,32.02,41.11,60.61,78.72,21.47,20.88,33.24,58.86,103.71,55.36,62.97,18.97,76.79,62.51,25.81,8.6,25.0,16.12,50.77,85.8,52.39,47.01,59.2,84.9,56.32,0.0,63.32,9.06,9.43,12.65,98.23,16.16,50.0,31.95,47.01,43.05,73.82
33,62.2,90.45,68.36,18.97,54.01,77.47,38.12,61.85,62.77,74.33,97.27,64.54,68.25,44.82,94.67,91.44,8.06,12.37,65.19,38.01,31.14,38.83,70.68,81.02,57.43,52.5,57.94,80.53,67.08,39.05,50.54,17.26,63.32,0.0,55.46,72.62,72.07,85.91,53.6,56.3,44.69,56.46,70.49,58.31
34,29.07,77.7,72.01,70.34,57.45,62.68,54.82,26.4,34.99,54.71,74.33,18.03,19.24,24.6,57.01,96.26,47.42,54.34,24.21,67.74,53.46,20.0,15.23,28.02,18.38,42.8,77.08,48.51,41.18,50.29,75.96,47.52,9.06,55.46,0.0,17.46,17.03,90.69,16.28,42.45,23.26,39.6,38.28,65.51
35,37.2,84.9,84.12,87.8,70.94,70.77,70.71,34.41,43.6,62.24,78.23,22.8,20.52,39.62,55.97,107.07,64.62,71.81,23.09,84.21,70.06,35.23,3.61,19.03,23.26,55.54,91.76,51.87,48.92,65.92,91.59,64.94,9.43,72.62,17.46,0.0,8.06,101.79,24.41,54.12,38.47,51.0,43.86,78.92
36,30.02,77.08,77.39,86.03,64.85,63.13,66.07,27.29,36.36,54.56,70.18,15.65,12.81,35.0,48.08,99.86,64.01,69.89,30.07,80.01,66.12,36.8,5.1,12.37,28.64,49.34,86.12,43.83,41.4,61.13,86.58,62.64,12.65,72.07,17.03,8.06,0.0,94.67,28.79,47.54,34.01,44.38,36.07,72.73
37,64.66,27.66,19.42,78.0,35.51,33.96,48.38,67.42,58.31,42.06,44.15,79.08,81.99,67.21,67.07,5.83,83.82,73.55,114.59,50.01,55.08,94.4,98.18,91.79,107.49,48.08,30.15,57.49,53.67,49.24,39.32,70.21,98.23,85.91,90.69,101.79,94.67,0.0,104.0,48.27,68.62,51.22,60.01,28.64
38,44.94,93.06,84.85,71.03,69.43,77.9,63.53,42.38,50.57,70.21,90.44,34.23,35.0,36.8,73.11,109.71,46.17,56.14,12.37,74.67,60.54,15.0,24.6,41.11,4.12,55.97,87.13,64.76,56.86,59.68,84.53,50.8,16.16,53.6,16.28,24.41,28.79,104.0,0.0,56.4,35.38,53.82,54.41,77.34
39,18.25,38.33,30.02,59.82,18.03,23.35,26.63,20.62,13.04,18.25,41.44,31.95,35.44,20.12,41.04,53.81,50.45,46.53,66.48,40.71,31.11,48.85,50.54,47.38,59.67,4.24,40.01,26.17,13.04,22.02,42.76,39.4,50.0,56.3,42.45,54.12,47.54,48.27,56.4,0.0,21.47,3.16,19.31,25.5
40,17.89,59.46,49.52,54.71,34.41,44.27,32.25,17.2,20.22,37.66,60.13,21.54,25.63,1.41,51.08,74.33,37.2,38.83,46.23,46.0,32.14,27.51,35.23,39.22,38.9,20.62,53.85,38.08,26.02,27.46,53.15,31.06,31.95,44.69,23.26,38.47,34.01,68.62,35.38,21.47,0.0,19.31,27.2,42.44
41,15.13,40.16,33.12,60.96,21.1,25.0,28.65,17.46,10.2,19.0,42.11,28.79,32.28,18.03,39.62,56.73,50.29,47.17,63.7,42.95,32.65,46.82,47.41,44.28,57.01,6.32,43.05,24.84,11.31,23.85,45.54,39.82,47.01,56.46,39.6,51.0,44.38,51.22,53.82,3.16,19.31,0.0,17.0,28.64
42,10.0,41.04,44.72,77.08,36.5,27.2,45.65,12.17,7.81,18.6,36.06,21.63,23.35,26.57,24.19,64.85,63.53,62.48,61.72,59.93,49.41,52.01,40.36,31.78,56.65,23.26,58.31,11.05,7.0,40.82,61.85,54.82,43.05,70.49,38.28,43.86,36.07,60.01,54.41,19.31,27.2,17.0,0.0,43.05
43,43.74,35.34,10.05,53.37,8.06,27.66,20.22,46.1,38.21,30.87,47.51,57.28,60.88,41.05,59.62,34.44,55.54,46.1,88.6,26.4,27.17,66.6,75.39,72.84,81.06,23.41,15.52,45.88,36.06,20.62,21.4,41.98,73.82,58.31,65.51,78.92,72.73,28.64,77.34,25.5,42.44,28.64,43.05,0.0
