set K:= 1	2	3	4	5	6;
set C_H:= 1	2	3	4	5	6	7	8	9	10	11	12;
set C_S:= 13	14	15	16	17	18	19	20	21	22	23	24	25;
set C_F:= 26	27	28	29	30	31	32	33	34	35	36	37	38;
set M:= 39	40	41	42	43	44;
set L_B:= 45;
set A1:=
(0,*) 1 2 3 4 5 6 7 8 9 10 11 12 26 27 28 29 30 31 32 33 34 35 36 37 38 39 40 41 42 43 44 45 46
(1,*) 0 2 3 4 5 6 7 8 9 10 11 12 26 27 28 29 30 31 32 33 34 35 36 37 38 39 40 41 42 43 44 45 46
(2,*) 0 1 3 4 5 6 7 8 9 10 11 12 26 27 28 29 30 31 32 33 34 35 36 37 38 39 40 41 42 43 44 45 46
(3,*) 0 1 2 4 5 6 7 8 9 10 11 12 26 27 28 29 30 31 32 33 34 35 36 37 38 39 40 41 42 43 44 45 46
(4,*) 0 1 2 3 5 6 7 8 9 10 11 12 26 27 28 29 30 31 32 33 34 35 36 37 38 39 40 41 42 43 44 45 46
(5,*) 0 1 2 3 4 6 7 8 9 10 11 12 26 27 28 29 30 31 32 33 34 35 36 37 38 39 40 41 42 43 44 45 46
(6,*) 0 1 2 3 4 5 7 8 9 10 11 12 26 27 28 29 30 31 32 33 34 35 36 37 38 39 40 41 42 43 44 45 46
(7,*) 0 1 2 3 4 5 6 8 9 10 11 12 26 27 28 29 30 31 32 33 34 35 36 37 38 39 40 41 42 43 44 45 46
(8,*) 0 1 2 3 4 5 6 7 9 10 11 12 26 27 28 29 30 31 32 33 34 35 36 37 38 39 40 41 42 43 44 45 46
(9,*) 0 1 2 3 4 5 6 7 8 10 11 12 26 27 28 29 30 31 32 33 34 35 36 37 38 39 40 41 42 43 44 45 46
(10,*) 0 1 2 3 4 5 6 7 8 9 11 12 26 27 28 29 30 31 32 33 34 35 36 37 38 39 40 41 42 43 44 45 46
(11,*) 0 1 2 3 4 5 6 7 8 9 10 12 26 27 28 29 30 31 32 33 34 35 36 37 38 39 40 41 42 43 44 45 46
(12,*) 0 1 2 3 4 5 6 7 8 9 10 11 26 27 28 29 30 31 32 33 34 35 36 37 38 39 40 41 42 43 44 45 46
(26,*) 0 1 2 3 4 5 6 7 8 9 10 11 12 27 28 29 30 31 32 33 34 35 36 37 38 39 40 41 42 43 44 45 46
(27,*) 0 1 2 3 4 5 6 7 8 9 10 11 12 26 28 29 30 31 32 33 34 35 36 37 38 39 40 41 42 43 44 45 46
(28,*) 0 1 2 3 4 5 6 7 8 9 10 11 12 26 27 29 30 31 32 33 34 35 36 37 38 39 40 41 42 43 44 45 46
(29,*) 0 1 2 3 4 5 6 7 8 9 10 11 12 26 27 28 30 31 32 33 34 35 36 37 38 39 40 41 42 43 44 45 46
(30,*) 0 1 2 3 4 5 6 7 8 9 10 11 12 26 27 28 29 31 32 33 34 35 36 37 38 39 40 41 42 43 44 45 46
(31,*) 0 1 2 3 4 5 6 7 8 9 10 11 12 26 27 28 29 30 32 33 34 35 36 37 38 39 40 41 42 43 44 45 46
(32,*) 0 1 2 3 4 5 6 7 8 9 10 11 12 26 27 28 29 30 31 33 34 35 36 37 38 39 40 41 42 43 44 45 46
(33,*) 0 1 2 3 4 5 6 7 8 9 10 11 12 26 27 28 29 30 31 32 34 35 36 37 38 39 40 41 42 43 44 45 46
(34,*) 0 1 2 3 4 5 6 7 8 9 10 11 12 26 27 28 29 30 31 32 33 35 36 37 38 39 40 41 42 43 44 45 46
(35,*) 0 1 2 3 4 5 6 7 8 9 10 11 12 26 27 28 29 30 31 32 33 34 36 37 38 39 40 41 42 43 44 45 46
(36,*) 0 1 2 3 4 5 6 7 8 9 10 11 12 26 27 28 29 30 31 32 33 34 35 37 38 39 40 41 42 43 44 45 46
(37,*) 0 1 2 3 4 5 6 7 8 9 10 11 12 26 27 28 29 30 31 32 33 34 35 36 38 39 40 41 42 43 44 45 46
(38,*) 0 1 2 3 4 5 6 7 8 9 10 11 12 26 27 28 29 30 31 32 33 34 35 36 37 39 40 41 42 43 44 45 46
(39,*) 0 1 2 3 4 5 6 7 8 9 10 11 12 26 27 28 29 30 31 32 33 34 35 36 37 38 40 41 42 43 44 45 46
(40,*) 0 1 2 3 4 5 6 7 8 9 10 11 12 26 27 28 29 30 31 32 33 34 35 36 37 38 39 41 42 43 44 45 46
(41,*) 0 1 2 3 4 5 6 7 8 9 10 11 12 26 27 28 29 30 31 32 33 34 35 36 37 38 39 40 42 43 44 45 46
(42,*) 0 1 2 3 4 5 6 7 8 9 10 11 12 26 27 28 29 30 31 32 33 34 35 36 37 38 39 40 41 43 44 45 46
(43,*) 0 1 2 3 4 5 6 7 8 9 10 11 12 26 27 28 29 30 31 32 33 34 35 36 37 38 39 40 41 42 44 45 46
(44,*) 0 1 2 3 4 5 6 7 8 9 10 11 12 26 27 28 29 30 31 32 33 34 35 36 37 38 39 40 41 42 43 45 46
(45,*) 0 1 2 3 4 5 6 7 8 9 10 11 12 26 27 28 29 30 31 32 33 34 35 36 37 38 39 40 41 42 43 44 46
(46,*) 0 1 2 3 4 5 6 7 8 9 10 11 12 26 27 28 29 30 31 32 33 34 35 36 37 38 39 40 41 42 43 44 45
;
set A2:=
;
param BigM:=99999;
param n:= 6;
param d:=
1	22
2	16
3	15
4	72
5	3
6	22
7	22
8	9
9	7
10	18
11	19
12	5
13	22
14	3
15	10
16	2
17	9
18	6
19	1
20	7
21	16
22	7
23	7
24	23
25	16
26	24
27	11
28	15
29	11
30	23
31	16
32	6
33	11
34	4
35	18
36	10
37	12
38	6
;
param Q:=100;
param e:
	39	40	41	42	43	44	45:=
13		0		0		1		0		0		1		0	
14		0		0		0		0		1		0		0	
15		0		0		0		1		0		0		0	
16		0		0		0		0		0		0		1	
17		1		0		0		1		1		0		0	
18		1		0		0		1		1		0		0	
19		0		0		1		0		0		0		0	
20		1		0		0		1		0		0		1	
21		1		0		0		1		1		0		0	
22		1		0		0		0		1		1		0	
23		0		0		0		1		0		0		0	
24		1		0		0		0		1		0		0	
25		0		1		0		0		0		0		1	
26		1		0		0		1		1		0		0	
27		0		0		1		0		1		1		0	
28		0		0		1		0		0		1		0	
29		0		0		0		0		0		1		0	
30		1		0		0		1		0		0		0	
31		0		0		0		1		0		0		0	
32		1		0		0		0		1		0		0	
33		0		0		0		0		0		1		0	
34		0		0		1		0		0		0		0	
35		0		0		0		0		0		1		0	
36		0		0		0		1		0		0		1	
37		1		0		0		0		1		0		0	
38		0		1		0		0		0		0		1	
;
param p:=
1	1
2	1
3	1
4	1
5	1
6	1
;
param G:=
39	86
40	90
41	87
42	81
43	74
44	92
45	73
;
param s:=
0	0
1	10
2	10
3	10
4	10
5	10
6	10
7	10
8	10
9	10
10	10
11	10
12	10
26	10
27	10
28	10
29	10
30	10
31	10
32	10
33	10
34	10
35	10
36	10
37	10
38	10
39	10
40	10
41	10
42	10
43	10
44	10
45	10
;
param t:
	0	1	2	3	4	5	6	7	8	9	10	11	12	13	14	15	16	17	18	19	20	21	22	23	24	25	26	27	28	29	30	31	32	33	34	35	36	37	38	39	40	41	42	43	44	45	46:=
0	0.0	8.94	8.25	10.2	12.17	15.23	26.68	18.44	18.44	28.84	24.41	30.07	32.31	52.84	64.9	49.4	38.83	74.24	56.92	48.17	56.32	60.03	60.83	85.09	87.13	42.05	77.79	61.77	42.76	45.12	72.69	80.52	57.72	45.25	54.33	40.0	46.69	67.2	42.05	73.74	14.56	54.45	71.06	78.77	33.38	15.76	0.0
1	8.94	0.0	7.21	17.2	12.81	18.11	20.59	10.0	18.44	31.24	33.29	38.47	27.2	58.31	69.77	42.05	30.0	71.39	56.36	56.0	50.64	56.89	64.4	78.43	88.41	33.11	76.97	67.23	51.42	52.35	70.34	74.97	56.46	48.83	62.8	48.17	38.42	69.31	37.2	73.36	10.0	62.97	65.62	79.63	41.98	7.59	8.94
2	8.25	7.21	0.0	18.44	5.66	22.36	27.78	12.65	11.66	24.08	31.11	33.53	34.41	51.26	62.61	41.62	33.11	66.48	50.16	50.16	48.08	52.15	57.2	76.97	81.61	37.36	70.94	60.17	46.82	46.04	65.12	72.28	50.6	41.62	57.72	42.76	39.7	62.29	44.41	67.12	16.97	57.97	62.82	72.95	37.34	14.45	8.25
3	10.2	17.2	18.44	0.0	22.0	8.94	28.28	27.2	28.07	36.77	18.44	29.12	32.06	56.85	69.43	59.06	46.69	84.1	65.97	48.08	66.48	70.0	66.84	95.08	94.83	48.83	86.83	65.6	40.05	46.52	82.39	90.71	67.08	51.61	52.15	39.29	55.61	74.43	40.79	82.57	17.09	52.09	81.25	86.82	31.4	21.7	10.2
4	12.17	12.81	5.66	22.0	0.0	27.2	33.29	16.0	6.32	18.44	31.62	31.3	40.0	46.17	57.27	41.04	35.44	62.13	44.94	46.69	45.69	48.0	51.61	75.18	76.03	40.45	65.79	55.03	44.72	42.05	60.53	69.57	45.61	36.06	55.03	39.85	40.5	56.64	50.0	61.85	22.63	55.36	60.08	67.42	35.36	19.76	12.17
5	15.23	18.11	22.36	8.94	27.2	0.0	21.54	27.2	33.53	43.91	26.0	37.95	24.08	65.6	78.1	59.46	44.41	88.81	72.11	56.92	68.73	74.43	75.07	96.17	102.22	45.25	92.97	74.4	48.37	55.46	87.48	93.06	72.8	59.67	60.53	48.08	54.59	82.1	32.25	88.96	12.81	60.41	83.73	93.94	40.02	19.33	15.23
6	26.68	20.59	27.78	28.28	33.29	21.54	0.0	21.63	38.42	51.61	46.69	56.14	7.21	78.79	90.35	48.0	28.64	86.16	74.4	74.67	60.83	71.69	84.88	84.38	107.63	26.83	94.34	87.73	68.03	71.81	85.91	84.21	73.78	69.34	80.0	66.27	40.45	89.2	16.97	91.26	12.17	80.01	75.54	98.6	59.01	13.72	26.68
7	18.44	10.0	12.65	27.2	16.0	27.2	21.63	0.0	18.97	32.31	42.8	46.17	28.84	61.61	72.11	32.31	20.59	65.15	52.8	62.51	42.05	50.6	65.3	68.96	86.28	24.74	72.72	70.34	59.46	58.03	64.62	66.27	52.15	50.16	70.34	55.32	28.43	68.41	38.42	69.63	16.0	70.6	57.08	77.16	49.98	9.29	18.44
8	18.44	18.44	11.66	28.07	6.32	33.53	38.42	18.97	0.0	13.42	35.78	32.8	45.34	42.76	53.14	38.42	36.22	56.04	38.63	46.17	41.18	42.05	46.65	71.02	70.0	42.0	59.46	51.42	46.04	40.79	54.33	64.62	39.29	31.3	55.46	40.25	39.4	50.91	55.32	55.54	28.43	55.9	55.15	61.29	37.01	24.7	18.44
9	28.84	31.24	24.08	36.77	18.44	43.91	51.61	32.31	13.42	0.0	38.21	29.53	58.41	30.07	39.85	45.69	48.04	50.99	30.07	37.74	43.86	38.63	33.29	73.59	58.31	54.33	50.64	38.47	41.23	31.3	48.37	64.9	32.06	17.89	48.41	33.94	49.03	38.42	68.41	46.1	41.04	49.04	55.8	50.09	33.62	37.95	28.84
10	24.41	33.29	31.11	18.44	31.62	26.0	46.69	42.8	35.78	38.21	0.0	15.62	50.04	47.71	60.46	72.47	63.25	89.11	68.03	33.29	76.94	76.16	60.93	106.68	91.76	66.24	88.09	55.61	22.8	33.94	86.58	100.32	70.26	47.54	34.93	24.41	70.77	70.88	58.14	83.22	35.44	34.71	90.87	84.93	15.81	39.29	24.41
11	30.07	38.47	33.53	29.12	31.3	37.95	56.14	46.17	32.8	29.53	15.62	0.0	60.83	32.25	44.94	71.22	66.48	79.7	57.27	18.97	72.47	68.03	46.17	102.45	77.67	70.88	76.24	40.0	13.42	18.44	76.66	94.34	60.17	34.06	24.33	10.2	71.69	56.89	69.86	71.11	44.05	24.52	85.15	71.45	4.24	45.76	30.07
12	32.31	27.2	34.41	32.06	40.0	24.08	7.21	28.84	45.34	58.41	50.04	60.83	0.0	84.97	96.75	54.15	34.06	93.23	81.61	79.62	67.47	78.79	91.61	90.09	114.77	31.05	101.55	93.91	72.11	77.2	93.04	90.55	80.99	76.03	84.21	71.02	46.04	96.21	10.0	98.47	17.89	84.15	82.04	105.76	63.39	20.74	32.31
13	52.84	58.31	51.26	56.85	46.17	65.6	78.79	61.61	42.76	30.07	47.71	32.25	84.97	0.0	12.81	73.76	78.1	62.48	39.6	22.09	68.03	55.61	16.12	95.41	48.0	84.38	52.8	8.94	34.23	16.12	58.41	84.02	43.86	15.23	32.98	26.68	78.41	28.64	94.83	47.42	67.08	33.96	76.28	43.74	33.62	65.72	52.84
14	64.9	69.77	62.61	69.43	57.27	78.1	90.35	72.11	53.14	39.85	60.46	44.94	96.75	12.81	0.0	80.22	87.13	61.22	40.25	32.56	72.28	57.27	11.66	97.51	38.83	93.74	48.41	6.0	45.61	27.86	56.85	85.09	44.72	22.36	42.0	38.63	86.02	22.8	106.68	43.28	78.89	43.0	78.29	36.67	46.07	77.01	64.9
15	49.4	42.05	41.62	59.06	41.04	59.46	48.0	32.31	38.42	45.69	72.47	71.22	54.15	73.76	80.22	0.0	20.88	45.25	45.61	83.19	15.62	33.29	70.0	36.88	78.79	26.83	59.36	80.89	84.4	76.97	46.86	36.5	42.38	58.86	93.3	78.23	10.0	67.08	61.19	58.59	47.54	93.81	28.46	69.46	75.43	40.55	49.4
16	38.83	30.0	33.11	46.69	35.44	44.41	28.64	20.59	36.22	48.04	63.25	66.48	34.06	78.1	87.13	20.88	0.0	64.4	59.36	82.0	35.78	50.99	78.59	56.04	93.74	7.21	76.42	86.37	79.85	76.94	65.3	57.27	57.2	64.78	90.44	75.29	12.0	78.79	40.45	74.65	31.62	90.76	49.34	84.31	70.38	25.29	38.83
17	74.24	71.39	66.48	84.1	62.13	88.81	86.16	65.15	56.04	50.99	89.11	79.7	93.23	62.48	61.22	45.25	64.4	0.0	23.32	81.63	29.73	14.56	49.68	40.2	40.0	71.22	18.0	65.12	89.55	74.43	4.47	26.31	19.7	49.4	93.3	81.44	55.17	39.45	101.98	20.62	80.52	94.15	23.54	32.39	83.49	74.34	74.24
18	56.92	56.36	50.16	65.97	44.94	72.11	74.4	52.8	38.63	30.07	68.03	57.27	81.61	39.6	40.25	45.61	59.36	23.32	0.0	58.31	34.0	17.09	28.64	57.27	34.41	66.57	20.88	43.27	66.48	51.11	19.7	44.94	4.47	26.08	69.97	58.31	53.85	22.0	91.21	17.0	66.24	70.83	38.08	25.0	60.88	61.16	56.92
19	48.17	56.0	50.16	48.08	46.69	56.92	74.67	62.51	46.17	37.74	33.29	18.97	79.62	22.09	32.56	83.19	82.0	81.63	58.31	0.0	81.22	72.47	38.21	110.45	70.03	87.13	74.0	26.68	13.42	7.21	77.9	100.5	62.13	32.25	11.66	8.94	85.44	50.64	88.77	68.62	62.51	12.53	91.92	65.76	17.49	63.51	48.17
20	56.32	50.64	48.08	66.48	45.69	68.73	60.83	42.05	41.18	43.86	76.94	72.47	67.47	68.03	72.28	15.62	35.78	29.73	34.0	81.22	0.0	18.97	61.19	30.0	65.15	42.19	44.72	74.0	84.9	74.4	31.62	24.33	30.07	52.8	92.2	77.79	25.61	56.0	75.29	44.6	58.03	92.85	15.03	56.04	76.69	51.17	56.32
21	60.03	56.89	52.15	70.0	48.0	74.43	71.69	50.6	42.05	38.63	76.16	68.03	78.79	55.61	57.27	33.29	50.99	14.56	17.09	72.47	18.97	0.0	45.69	40.25	46.17	58.0	26.08	60.03	78.89	65.3	14.42	28.43	12.65	41.04	84.02	71.02	42.8	38.47	87.66	25.63	65.97	84.81	21.02	37.11	72.01	59.79	60.03
22	60.83	64.4	57.2	66.84	51.61	75.07	84.88	65.3	46.65	33.29	60.93	46.17	91.61	16.12	11.66	70.0	78.59	49.68	28.64	38.21	61.19	45.69	0.0	85.91	32.06	85.44	37.74	15.62	50.04	32.0	45.34	73.43	33.11	15.62	49.03	42.19	76.42	12.65	101.61	32.45	74.03	50.01	66.71	27.66	48.27	71.23	60.83
23	85.09	78.43	76.97	95.08	75.18	96.17	84.38	68.96	71.02	73.59	106.68	102.45	90.09	95.41	97.51	36.88	56.04	40.2	57.27	110.45	30.0	40.25	85.91	0.0	80.1	60.13	58.14	100.24	114.77	103.48	44.41	14.0	52.8	80.45	121.66	107.52	44.05	77.79	96.08	60.67	84.4	122.35	19.24	72.56	106.67	77.41	85.09
24	87.13	88.41	81.61	94.83	76.03	102.22	107.63	86.28	70.0	58.31	91.76	77.67	114.77	48.0	38.83	78.79	93.74	40.0	34.41	70.03	65.15	46.17	32.06	80.1	0.0	100.96	22.0	44.72	82.1	64.03	36.06	66.12	36.72	44.27	80.4	74.24	87.66	20.88	124.58	20.62	98.41	81.39	63.2	9.43	80.06	94.06	87.13
25	42.05	33.11	37.36	48.83	40.45	45.25	26.83	24.74	42.0	54.33	66.24	70.88	31.05	84.38	93.74	26.83	7.21	71.22	66.57	87.13	42.19	58.0	85.44	60.13	100.96	0.0	83.55	92.78	84.12	82.39	72.25	62.64	64.4	71.39	95.08	80.05	17.09	85.91	36.0	81.84	32.56	95.34	55.15	91.53	74.63	27.13	42.05
26	77.79	76.97	70.94	86.83	65.79	92.97	94.34	72.72	59.46	50.64	88.09	76.24	101.55	52.8	48.41	59.36	76.42	18.0	20.88	74.0	44.72	26.08	37.74	58.14	22.0	83.55	0.0	53.25	83.95	67.05	14.14	44.18	20.59	42.76	85.44	75.71	68.82	25.61	110.94	5.39	86.76	86.38	41.3	14.87	79.51	81.39	77.79
27	61.77	67.23	60.17	65.6	55.03	74.4	87.73	70.34	51.42	38.47	55.61	40.0	93.91	8.94	6.0	80.89	86.37	65.12	43.27	26.68	74.0	60.03	15.62	100.24	44.72	92.78	53.25	0.0	39.85	22.36	60.83	88.2	47.71	22.09	36.0	33.11	86.09	27.78	103.77	48.01	76.03	37.0	81.01	42.15	40.82	74.62	61.77
28	42.76	51.42	46.82	40.05	44.72	48.37	68.03	59.46	46.04	41.23	22.8	13.42	72.11	34.23	45.61	84.4	79.85	89.55	66.48	13.42	84.9	78.89	50.04	114.77	82.1	84.12	83.95	39.85	0.0	18.11	86.16	106.02	69.86	41.23	12.17	8.25	85.09	62.03	80.62	78.64	56.14	12.04	97.01	77.1	9.49	58.51	42.76
29	45.12	52.35	46.04	46.52	42.05	55.46	71.81	58.03	40.79	31.3	33.94	18.44	77.2	16.12	27.86	76.97	76.94	74.43	51.11	7.21	74.4	65.3	32.0	103.48	64.03	82.39	67.05	22.36	18.11	0.0	70.71	93.38	54.92	25.06	18.87	10.77	79.7	44.18	86.65	61.68	59.67	19.72	84.86	59.3	18.6	59.93	45.12
30	72.69	70.34	65.12	82.39	60.53	87.48	85.91	64.62	54.33	48.37	86.58	76.66	93.04	58.41	56.85	46.86	65.3	4.47	19.7	77.9	31.62	14.42	45.34	44.41	36.06	72.25	14.14	60.83	86.16	70.71	0.0	30.59	16.49	45.65	89.55	78.0	56.64	34.99	102.0	16.28	79.7	90.43	27.17	28.16	80.36	73.72	72.69
31	80.52	74.97	72.28	90.71	69.57	93.06	84.21	66.27	64.62	64.9	100.32	94.34	90.55	84.02	85.09	36.5	57.27	26.31	44.94	100.5	24.33	28.43	73.43	14.0	66.12	62.64	44.18	88.2	106.02	93.38	30.59	0.0	40.5	69.43	111.95	98.41	45.61	64.62	97.67	46.87	82.22	112.7	9.49	58.69	98.48	75.3	80.52
32	57.72	56.46	50.6	67.08	45.61	72.8	73.78	52.15	39.29	32.06	70.26	60.17	80.99	43.86	44.72	42.38	57.2	19.7	4.47	62.13	30.07	12.65	33.11	52.8	36.72	64.4	20.59	47.71	69.86	54.92	16.49	40.5	0.0	30.0	73.78	61.74	50.99	26.08	90.44	17.69	66.21	74.63	33.62	27.29	63.89	60.8	57.72
33	45.25	48.83	41.62	51.61	36.06	59.67	69.34	50.16	31.3	17.89	47.54	34.06	76.03	15.23	22.36	58.86	64.78	49.4	26.08	32.25	52.8	41.04	15.62	80.45	44.27	71.39	42.76	22.09	41.23	25.06	45.65	69.43	30.0	0.0	43.91	32.98	64.03	23.41	86.02	37.48	58.41	44.78	61.4	37.48	37.01	55.74	45.25
34	54.33	62.8	57.72	52.15	55.03	60.53	80.0	70.34	55.46	48.41	34.93	24.33	84.21	32.98	42.0	93.3	90.44	93.3	69.97	11.66	92.2	84.02	49.03	121.66	80.4	95.08	85.44	36.0	12.17	18.87	89.55	111.95	73.78	43.91	0.0	15.23	94.85	61.61	92.78	80.06	68.03	1.0	103.28	76.69	21.02	70.06	54.33
35	40.0	48.17	42.76	39.29	39.85	48.08	66.27	55.32	40.25	33.94	24.41	10.2	71.02	26.68	38.63	78.23	75.29	81.44	58.31	8.94	77.79	71.02	42.19	107.52	74.24	80.05	75.71	33.11	8.25	10.77	78.0	98.41	61.74	32.98	15.23	0.0	79.62	54.0	80.05	70.41	54.15	15.65	89.5	69.03	8.6	55.57	40.0
36	46.69	38.42	39.7	55.61	40.5	54.59	40.45	28.43	39.4	49.03	70.77	71.69	46.04	78.41	86.02	10.0	12.0	55.17	53.85	85.44	25.61	42.8	76.42	44.05	87.66	17.09	68.82	86.09	85.09	79.7	56.64	45.61	50.99	64.03	94.85	79.62	0.0	74.73	52.35	67.74	42.05	95.27	38.08	78.26	75.8	35.26	46.69
37	67.2	69.31	62.29	74.43	56.64	82.1	89.2	68.41	50.91	38.42	70.88	56.89	96.21	28.64	22.8	67.08	78.79	39.45	22.0	50.64	56.0	38.47	12.65	77.79	20.88	85.91	25.61	27.78	62.03	44.18	34.99	64.62	26.08	23.41	61.61	54.0	74.73	0.0	106.15	20.52	79.25	62.59	58.94	15.13	59.41	75.49	67.2
38	42.05	37.2	44.41	40.79	50.0	32.25	16.97	38.42	55.32	68.41	58.14	69.86	10.0	94.83	106.68	61.19	40.45	101.98	91.21	88.77	75.29	87.66	101.61	96.08	124.58	36.0	110.94	103.77	80.62	86.65	102.0	97.67	90.44	86.02	92.78	80.05	52.35	106.15	0.0	108.0	27.78	92.66	89.5	115.52	72.18	30.66	42.05
39	73.74	73.36	67.12	82.57	61.85	88.96	91.26	69.63	55.54	46.1	83.22	71.11	98.47	47.42	43.28	58.59	74.65	20.62	17.0	68.62	44.6	25.63	32.45	60.67	20.62	81.84	5.39	48.01	78.64	61.68	16.28	46.87	17.69	37.48	80.06	70.41	67.74	20.52	108.0	0.0	83.24	80.99	43.0	12.0	74.33	78.1	73.74
40	14.56	10.0	16.97	17.09	22.63	12.81	12.17	16.0	28.43	41.04	35.44	44.05	17.89	67.08	78.89	47.54	31.62	80.52	66.24	62.51	58.03	65.97	74.03	84.4	98.41	32.56	86.76	76.03	56.14	59.67	79.7	82.22	66.21	58.41	68.03	54.15	42.05	79.25	27.78	83.24	0.0	68.07	73.06	89.63	47.01	7.0	14.56
41	54.45	62.97	57.97	52.09	55.36	60.41	80.01	70.6	55.9	49.04	34.71	24.52	84.15	33.96	43.0	93.81	90.76	94.15	70.83	12.53	92.85	84.81	50.01	122.35	81.39	95.34	86.38	37.0	12.04	19.72	90.43	112.7	74.63	44.78	1.0	15.65	95.27	62.59	92.66	80.99	68.07	0.0	104.0	77.67	21.1	70.19	54.45
42	71.06	65.62	62.82	81.25	60.08	83.73	75.54	57.08	55.15	55.8	90.87	85.15	82.04	76.28	78.29	28.46	49.34	23.54	38.08	91.92	15.03	21.02	66.71	19.24	63.2	55.15	41.3	81.01	97.01	84.86	27.17	9.49	33.62	61.4	103.28	89.5	38.08	58.94	89.5	43.0	73.06	104.0	0.0	55.0	89.31	66.18	71.06
43	78.77	79.63	72.95	86.82	67.42	93.94	98.6	77.16	61.29	50.09	84.93	71.45	105.76	43.74	36.67	69.46	84.31	32.39	25.0	65.76	56.04	37.11	27.66	72.56	9.43	91.53	14.87	42.15	77.1	59.3	28.16	58.69	27.29	37.48	76.69	69.03	78.26	15.13	115.52	12.0	89.63	77.67	55.0	0.0	74.17	85.09	78.77
44	33.38	41.98	37.34	31.4	35.36	40.02	59.01	49.98	37.01	33.62	15.81	4.24	63.39	33.62	46.07	75.43	70.38	83.49	60.88	17.49	76.69	72.01	48.27	106.67	80.06	74.63	79.51	40.82	9.49	18.6	80.36	98.48	63.89	37.01	21.02	8.6	75.8	59.41	72.18	74.33	47.01	21.1	89.31	74.17	0.0	49.13	33.38
45	15.76	7.59	14.45	21.7	19.76	19.33	13.72	9.29	24.7	37.95	39.29	45.76	20.74	65.72	77.01	40.55	25.29	74.34	61.16	63.51	51.17	59.79	71.23	77.41	94.06	27.13	81.39	74.62	58.51	59.93	73.72	75.3	60.8	55.74	70.06	55.57	35.26	75.49	30.66	78.1	7.0	70.19	66.18	85.09	49.13	0.0	15.76
;
