vehicles
vehicle_idx, capacity, cost_per_unit_distance
1,100,3
2,100,3
3,100,3
4,100,3
5,100,3
depot
node_idx,x,y
0,42,68
home delivery customers
node_idx,x,y,service_time,demand
1,32,33,10,13
2,32,8,10,8
3,42,92,10,18
4,7,14,10,10
5,53,82,10,5
6,72,43,10,10
7,59,77,10,13
8,58,97,10,14
9,68,98,10,10
10,32,88,10,13
11,38,7,10,23
12,42,7,10,20
self pickup customers
node_idx,x,y,service_time,demand,locker_idxs
13,8,3,10,19,42-34
14,82,17,10,18,42-38-35
15,48,13,10,20,40-34-38
16,39,27,10,9,42-34
17,54,52,10,18,42-41-43-33
18,73,3,10,24,40-38-35
19,47,62,10,19,41-33
20,82,67,10,8,39-37
21,68,82,10,24,39-33-37
22,7,48,10,3,41-34
flexible customers
node_idx,x,y,service_time,demand,locker_idxs
23,77,97,10,5,40-37-33
24,28,64,10,23,41-36
25,77,39,10,14,42-38
26,7,24,10,23,40-34
27,67,98,10,9,40-33-37
28,23,43,10,8,42-34
29,52,72,10,14,39-41-43-33
30,39,7,10,14,42-40-34
31,17,8,10,2,41-34
32,58,74,10,15,41-43-39-33-37
lockers
node_idx,x,y,service_time,capacity,cost_per_unit_good
33,65,88,10,82
34,25,15,10,77
35,93,12,10,97
36,22,88,10,100
37,77,88,10,94
38,72,14,10,90
39,58,71,10,75
40,58,1,10,100
41,42,59,10,80
42,46,29,10,96
43,58,58,10,85
mrt lines
start_node_idx,end_node_idx,freight_capacity,cost_per_unit_good
33,34,82,0.1
34,33,82,0.1
35,36,100,0.1
36,35,100,0.1
37,38,94,0.1
38,37,94,0.1
distance matrix
,0,1,2,3,4,5,6,7,8,9,10,11,12,13,14,15,16,17,18,19,20,21,22,23,24,25,26,27,28,29,30,31,32,33,34,35,36,37,38,39,40,41,42,43,
0,0.0,36.4,60.83,24.0,64.35,17.8,39.05,19.24,33.12,39.7,22.36,61.13,61.0,73.36,64.82,55.33,41.11,20.0,72.01,7.81,40.01,29.53,40.31,45.45,14.56,45.45,56.22,39.05,31.4,10.77,61.07,65.0,17.09,30.48,55.66,75.74,28.28,40.31,61.77,16.28,68.88,9.0,39.2,18.87
1,36.4,0.0,25.0,59.84,31.4,53.31,41.23,51.62,69.08,74.3,55.0,26.68,27.86,38.42,52.5,25.61,9.22,29.07,50.8,32.65,60.46,60.8,29.15,78.24,31.26,45.4,26.57,73.82,13.45,43.83,26.93,29.15,48.55,64.14,19.31,64.51,55.9,71.06,44.28,46.04,41.23,27.86,14.56,36.07
2,60.83,25.0,0.0,84.59,25.71,76.92,53.15,74.09,92.72,96.93,80.0,6.08,10.05,24.52,50.8,16.76,20.25,49.19,41.3,56.04,77.34,82.29,47.17,99.73,56.14,54.64,29.68,96.57,36.14,67.05,7.07,15.0,70.94,86.54,9.9,61.13,80.62,91.79,40.45,68.15,26.93,51.97,25.24,56.36
3,24.0,59.84,84.59,0.0,85.49,14.87,57.45,22.67,16.76,26.68,10.77,85.09,85.0,95.27,85.0,79.23,65.07,41.76,94.24,30.41,47.17,27.86,56.22,35.36,31.3,63.51,76.48,25.71,52.55,22.36,85.05,87.64,24.08,23.35,78.85,94.87,20.4,35.23,83.57,26.4,92.4,33.0,63.13,37.58
4,64.35,31.4,25.71,85.49,0.0,82.1,71.18,81.69,97.42,103.81,78.11,31.78,35.69,11.05,75.06,41.01,34.54,60.44,66.91,62.48,91.84,91.35,34.0,108.58,54.23,74.33,10.0,103.23,33.12,73.41,32.76,11.66,78.75,94.02,18.03,86.02,75.5,101.86,65.0,76.49,52.63,57.01,41.79,67.36
5,17.8,53.31,76.92,14.87,82.1,0.0,43.38,7.81,15.81,21.93,21.84,76.49,75.8,90.92,71.18,69.18,56.75,30.02,81.49,20.88,32.65,15.0,57.2,28.3,30.81,49.24,74.03,21.26,49.2,10.05,76.3,82.29,9.43,13.42,72.62,80.62,31.58,24.74,70.6,12.08,81.15,25.5,53.46,24.52
6,39.05,41.23,53.15,57.45,71.18,43.38,0.0,36.4,55.79,55.15,60.21,49.52,46.86,75.47,27.86,38.42,36.67,20.12,40.01,31.4,26.0,39.2,65.19,54.23,48.75,6.4,67.72,55.23,49.0,35.23,48.84,65.19,34.01,45.54,54.71,37.44,67.27,45.28,29.0,31.3,44.27,34.0,29.53,20.52
7,19.24,51.62,74.09,22.67,81.69,7.81,36.4,0.0,20.02,22.85,29.15,73.08,72.03,89.87,64.26,64.94,53.85,25.5,75.31,19.21,25.08,10.3,59.54,26.91,33.62,42.05,74.25,22.47,49.52,8.6,72.8,80.78,3.16,12.53,70.71,73.36,38.6,21.1,64.33,6.08,76.01,24.76,49.73,19.03
8,33.12,69.08,92.72,16.76,97.42,15.81,55.79,20.02,0.0,10.05,27.51,92.2,91.41,106.47,83.52,84.59,72.53,45.18,95.19,36.69,38.42,18.03,70.72,19.0,44.6,61.03,89.05,9.06,64.35,25.71,91.98,97.99,23.0,11.4,88.39,91.92,37.11,21.02,84.17,26.0,96.0,41.23,69.05,39.0
9,39.7,74.3,96.93,26.68,103.81,21.93,55.15,22.85,10.05,0.0,37.36,95.82,94.64,112.36,82.2,87.32,76.69,48.08,95.13,41.68,34.01,16.0,78.87,9.06,52.5,59.68,95.9,1.0,71.06,30.53,95.51,103.45,26.0,10.44,93.48,89.56,47.07,13.45,84.1,28.79,97.51,46.87,72.42,41.23
10,22.36,55.0,80.0,10.77,78.11,21.84,60.21,29.15,27.51,37.36,0.0,81.22,81.61,88.32,86.84,76.69,61.4,42.19,94.37,30.02,54.23,36.5,47.17,45.89,24.33,66.53,68.71,36.4,45.89,25.61,81.3,81.39,29.53,33.0,73.33,97.45,10.0,45.0,84.12,31.06,90.8,30.68,60.64,39.7
11,61.13,26.68,6.08,85.09,31.78,76.49,49.52,73.08,92.2,95.82,81.22,0.0,4.0,30.27,45.12,11.66,20.02,47.76,35.23,55.73,74.4,80.78,51.4,98.09,57.87,50.45,35.36,95.51,39.0,66.49,1.0,21.02,69.92,85.38,15.26,55.23,82.57,89.9,34.71,67.05,20.88,52.15,23.41,54.78
12,61.0,27.86,10.05,85.0,35.69,75.8,46.86,72.03,91.41,94.64,81.61,4.0,0.0,34.23,41.23,8.49,20.22,46.57,31.26,55.23,72.11,79.38,53.91,96.57,58.69,47.42,38.91,94.37,40.71,65.76,3.0,25.02,68.88,84.2,18.79,51.24,83.43,88.24,30.81,65.97,17.09,52.0,22.36,53.45
13,73.36,38.42,24.52,95.27,11.05,90.92,75.47,89.87,106.47,112.36,88.32,30.27,34.23,0.0,75.31,41.23,39.2,67.21,65.0,70.72,97.84,99.2,45.01,116.61,64.2,77.83,21.02,111.83,42.72,81.84,31.26,10.3,86.84,102.34,20.81,85.48,86.15,109.48,64.94,84.4,50.04,65.51,46.04,74.33
14,64.82,52.5,50.8,85.0,75.06,71.18,27.86,64.26,83.52,82.2,86.84,45.12,41.23,75.31,0.0,34.23,44.15,44.82,16.64,57.01,50.0,66.49,81.15,80.16,71.59,22.56,75.33,82.38,64.47,62.65,44.15,65.62,61.85,73.01,57.04,12.08,92.96,71.18,10.44,59.09,28.84,58.0,37.95,47.51
15,55.33,25.61,16.76,79.23,41.01,69.18,38.42,64.94,84.59,87.32,76.69,11.66,8.49,41.23,34.23,0.0,16.64,39.46,26.93,49.01,63.81,71.84,53.91,88.87,54.78,38.95,42.45,87.1,39.05,59.14,10.82,31.4,61.81,76.9,23.09,45.01,79.38,80.41,24.02,58.86,15.62,46.39,16.12,46.1
16,41.11,9.22,20.25,65.07,34.54,56.75,36.67,53.85,72.53,76.69,61.4,20.02,20.22,39.2,44.15,16.64,0.0,29.15,41.62,35.9,58.73,62.18,38.28,79.65,38.6,39.85,32.14,76.32,22.63,46.84,20.0,29.07,50.7,66.31,18.44,56.04,63.32,71.87,35.47,47.93,32.2,32.14,7.28,36.36
17,20.0,29.07,49.19,41.76,60.44,30.02,20.12,25.5,45.18,48.08,42.19,47.76,46.57,67.21,44.82,39.46,29.15,0.0,52.55,12.21,31.76,33.11,47.17,50.54,28.64,26.42,54.71,47.8,32.28,20.1,47.43,57.49,22.36,37.64,47.01,55.87,48.17,42.72,42.05,19.42,51.16,13.89,24.35,7.21
18,72.01,50.8,41.3,94.24,66.91,81.49,40.01,75.31,95.19,95.13,94.37,35.23,31.26,65.0,16.64,26.93,41.62,52.55,0.0,64.47,64.63,79.16,79.88,94.09,75.8,36.22,69.26,95.19,64.03,72.12,34.23,56.22,72.57,85.38,49.48,21.93,99.13,85.09,11.05,69.63,15.13,64.01,37.48,57.01
19,7.81,32.65,56.04,30.41,62.48,20.88,31.4,19.21,36.69,41.68,30.02,55.73,55.23,70.72,57.01,49.01,35.9,12.21,64.47,0.0,35.36,29.0,42.38,46.1,19.1,37.8,55.17,41.18,30.61,11.18,55.58,61.77,16.28,31.62,51.89,67.94,36.07,39.7,54.12,14.21,61.98,5.83,33.02,11.7
20,40.01,60.46,77.34,47.17,91.84,32.65,26.0,25.08,38.42,34.01,54.23,74.4,72.11,97.84,50.0,63.81,58.73,31.76,64.63,35.36,0.0,20.52,77.37,30.41,54.08,28.44,86.45,34.44,63.69,30.41,73.82,87.78,25.0,27.02,77.16,56.09,63.57,21.59,53.94,24.33,70.23,40.79,52.35,25.63
21,29.53,60.8,82.29,27.86,91.35,15.0,39.2,10.3,18.03,16.0,36.5,80.78,79.38,99.2,66.49,71.84,62.18,33.11,79.16,29.0,20.52,0.0,69.84,17.49,43.86,43.93,84.17,16.03,59.55,18.87,80.41,89.87,12.81,6.71,79.61,74.33,46.39,10.82,68.12,14.87,81.61,34.71,57.38,26.0
22,40.31,29.15,47.17,56.22,34.0,57.2,65.19,59.54,70.72,78.87,47.17,51.4,53.91,45.01,81.15,53.91,38.28,47.17,79.88,42.38,77.37,69.84,0.0,85.45,26.4,70.58,24.0,78.1,16.76,51.0,52.01,41.23,57.25,70.46,37.59,93.23,42.72,80.62,73.36,55.95,69.35,36.69,43.38,51.97
23,45.45,78.24,99.73,35.36,108.58,28.3,54.23,26.91,19.0,9.06,45.89,98.09,96.57,116.61,80.16,88.87,79.65,50.54,94.09,46.1,30.41,17.49,85.45,0.0,59.08,58.0,101.14,10.05,76.37,35.36,97.69,107.34,29.83,15.0,97.1,86.49,55.73,9.0,83.15,32.2,97.86,51.66,74.73,43.38
24,14.56,31.26,56.14,31.3,54.23,30.81,48.75,33.62,44.6,52.5,24.33,57.87,58.69,64.2,71.59,54.78,38.6,28.64,75.8,19.1,54.08,43.86,26.4,59.08,0.0,55.01,45.18,51.74,21.59,25.3,58.05,57.07,31.62,44.1,49.09,83.24,24.74,54.56,66.6,30.81,69.78,14.87,39.36,30.59
25,45.45,45.4,54.64,63.51,74.33,49.24,6.4,42.05,61.03,59.68,66.53,50.45,47.42,77.83,22.56,38.95,39.85,26.42,36.22,37.8,28.44,43.93,70.58,58.0,55.01,0.0,71.59,59.84,54.15,41.4,49.68,67.54,39.82,50.45,57.27,31.38,73.66,49.0,25.5,37.22,42.49,40.31,32.57,26.87
26,56.22,26.57,29.68,76.48,10.0,74.03,67.72,74.25,89.05,95.9,68.71,35.36,38.91,21.02,75.33,42.45,32.14,54.71,69.26,55.17,86.45,84.17,24.0,101.14,45.18,71.59,0.0,95.27,24.84,65.8,36.24,18.87,71.42,86.37,20.12,86.83,65.73,94.85,65.76,69.35,55.95,49.5,39.32,61.29
27,39.05,73.82,96.57,25.71,103.23,21.26,55.23,22.47,9.06,1.0,36.4,95.51,94.37,111.83,82.38,87.1,76.32,47.8,95.19,41.18,34.44,16.03,78.1,10.05,51.74,59.84,95.27,0.0,70.43,30.02,95.21,102.96,25.63,10.2,93.02,89.84,46.1,14.14,84.15,28.46,97.42,46.32,72.12,41.0
28,31.4,13.45,36.14,52.55,33.12,49.2,49.0,49.52,64.35,71.06,45.89,39.0,40.71,42.72,64.47,39.05,22.63,32.28,64.03,30.61,63.69,59.55,16.76,76.37,21.59,54.15,24.84,70.43,0.0,41.01,39.4,35.51,46.75,61.55,28.07,76.56,45.01,70.29,56.94,44.82,54.67,24.84,26.93,38.08
29,10.77,43.83,67.05,22.36,73.41,10.05,35.23,8.6,25.71,30.53,25.61,66.49,65.76,81.84,62.65,59.14,46.84,20.1,72.12,11.18,30.41,18.87,51.0,35.36,25.3,41.4,65.8,30.02,41.01,0.0,66.29,72.95,6.32,20.62,63.07,72.67,34.0,29.68,61.35,6.08,71.25,16.4,43.42,15.23
30,61.07,26.93,7.07,85.05,32.76,76.3,48.84,72.8,91.98,95.51,81.3,1.0,3.0,31.26,44.15,10.82,20.0,47.43,34.23,55.58,73.82,80.41,52.01,97.69,58.05,49.68,36.24,95.21,39.4,66.29,0.0,22.02,69.64,85.07,16.12,54.23,82.76,89.47,33.73,66.76,19.92,52.09,23.09,54.42
31,65.0,29.15,15.0,87.64,11.66,82.29,65.19,80.78,97.99,103.45,81.39,21.02,25.02,10.3,65.62,31.4,29.07,57.49,56.22,61.77,87.78,89.87,41.23,107.34,57.07,67.54,18.87,102.96,35.51,72.95,22.02,0.0,77.7,93.3,10.63,76.11,80.16,100.0,55.33,75.17,41.59,56.8,35.81,64.66
32,17.09,48.55,70.94,24.08,78.75,9.43,34.01,3.16,23.0,26.0,29.53,69.92,68.88,86.84,61.85,61.81,50.7,22.36,72.57,16.28,25.0,12.81,57.25,29.83,31.62,39.82,71.42,25.63,46.75,6.32,69.64,77.7,0.0,15.65,67.6,71.2,38.63,23.6,61.61,3.0,73.0,21.93,46.57,16.0
33,30.48,64.14,86.54,23.35,94.02,13.42,45.54,12.53,11.4,10.44,33.0,85.38,84.2,102.34,73.01,76.9,66.31,37.64,85.38,31.62,27.02,6.71,70.46,15.0,44.1,50.45,86.37,10.2,61.55,20.62,85.07,93.3,15.65,0.0,83.24,80.99,43.0,12.0,74.33,18.38,87.28,37.01,61.98,30.81
34,55.66,19.31,9.9,78.85,18.03,72.62,54.71,70.71,88.39,93.48,73.33,15.26,18.79,20.81,57.04,23.09,18.44,47.01,49.48,51.89,77.16,79.61,37.59,97.1,49.09,57.27,20.12,93.02,28.07,63.07,16.12,10.63,67.6,83.24,0.0,68.07,73.06,89.63,47.01,65.0,35.85,47.17,25.24,54.2
35,75.74,64.51,61.13,94.87,86.02,80.62,37.44,73.36,91.92,89.56,97.45,55.23,51.24,85.48,12.08,45.01,56.04,55.87,21.93,67.94,56.09,74.33,93.23,86.49,83.24,31.38,86.83,89.84,76.56,72.67,54.23,76.11,71.2,80.99,68.07,0.0,104.0,77.67,21.1,68.6,36.69,69.35,49.98,57.8
36,28.28,55.9,80.62,20.4,75.5,31.58,67.27,38.6,37.11,47.07,10.0,82.57,83.43,86.15,92.96,79.38,63.32,48.17,99.13,36.07,63.57,46.39,42.72,55.73,24.74,73.66,65.73,46.1,45.01,34.0,82.76,80.16,38.63,43.0,73.06,104.0,0.0,55.0,89.31,39.81,94.15,35.23,63.69,46.86
37,40.31,71.06,91.79,35.23,101.86,24.74,45.28,21.1,21.02,13.45,45.0,89.9,88.24,109.48,71.18,80.41,71.87,42.72,85.09,39.7,21.59,10.82,80.62,9.0,54.56,49.0,94.85,14.14,70.29,29.68,89.47,100.0,23.6,12.0,89.63,77.67,55.0,0.0,74.17,25.5,89.05,45.45,66.65,35.51
38,61.77,44.28,40.45,83.57,65.0,70.6,29.0,64.33,84.17,84.1,84.12,34.71,30.81,64.94,10.44,24.02,35.47,42.05,11.05,54.12,53.94,68.12,73.36,83.15,66.6,25.5,65.76,84.15,56.94,61.35,33.73,55.33,61.61,74.33,47.01,21.1,89.31,74.17,0.0,58.69,19.1,54.08,30.02,46.17
39,16.28,46.04,68.15,26.4,76.49,12.08,31.3,6.08,26.0,28.79,31.06,67.05,65.97,84.4,59.09,58.86,47.93,19.42,69.63,14.21,24.33,14.87,55.95,32.2,30.81,37.22,69.35,28.46,44.82,6.08,66.76,75.17,3.0,18.38,65.0,68.6,39.81,25.5,58.69,0.0,70.0,20.0,43.68,13.0
40,68.88,41.23,26.93,92.4,52.63,81.15,44.27,76.01,96.0,97.51,90.8,20.88,17.09,50.04,28.84,15.62,32.2,51.16,15.13,61.98,70.23,81.61,69.35,97.86,69.78,42.49,55.95,97.42,54.67,71.25,19.92,41.59,73.0,87.28,35.85,36.69,94.15,89.05,19.1,70.0,0.0,60.17,30.46,57.0
41,9.0,27.86,51.97,33.0,57.01,25.5,34.0,24.76,41.23,46.87,30.68,52.15,52.0,65.51,58.0,46.39,32.14,13.89,64.01,5.83,40.79,34.71,36.69,51.66,14.87,40.31,49.5,46.32,24.84,16.4,52.09,56.8,21.93,37.01,47.17,69.35,35.23,45.45,54.08,20.0,60.17,0.0,30.27,16.03
42,39.2,14.56,25.24,63.13,41.79,53.46,29.53,49.73,69.05,72.42,60.64,23.41,22.36,46.04,37.95,16.12,7.28,24.35,37.48,33.02,52.35,57.38,43.38,74.73,39.36,32.57,39.32,72.12,26.93,43.42,23.09,35.81,46.57,61.98,25.24,49.98,63.69,66.65,30.02,43.68,30.46,30.27,0.0,31.38
43,18.87,36.07,56.36,37.58,67.36,24.52,20.52,19.03,39.0,41.23,39.7,54.78,53.45,74.33,47.51,46.1,36.36,7.21,57.01,11.7,25.63,26.0,51.97,43.38,30.59,26.87,61.29,41.0,38.08,15.23,54.42,64.66,16.0,30.81,54.2,57.8,46.86,35.51,46.17,13.0,57.0,16.03,31.38,0.0
