set K:= 1	2	3	4	5;
set C_H:= 1	2	3	4	5	6	7	8	9	10	11	12	13;
set C_S:= 14	15	16	17	18	19	20	21	22	23	24;
set C_F:= 25	26	27	28	29	30	31	32	33	34	35;
set M:= 36	37	38	39	40	41;
set L_B:= 42	43	44	45	46;
set A1:=
(0,*) 1 2 3 4 5 6 7 8 9 10 11 12 13 25 26 27 28 29 30 31 32 33 34 35 36 37 38 39 40 41 42 43 44 45 46 47
(1,*) 0 2 3 4 5 6 7 8 9 10 11 12 13 25 26 27 28 29 30 31 32 33 34 35 36 37 38 39 40 41 42 43 44 45 46 47
(2,*) 0 1 3 4 5 6 7 8 9 10 11 12 13 25 26 27 28 29 30 31 32 33 34 35 36 37 38 39 40 41 42 43 44 45 46 47
(3,*) 0 1 2 4 5 6 7 8 9 10 11 12 13 25 26 27 28 29 30 31 32 33 34 35 36 37 38 39 40 41 42 43 44 45 46 47
(4,*) 0 1 2 3 5 6 7 8 9 10 11 12 13 25 26 27 28 29 30 31 32 33 34 35 36 37 38 39 40 41 42 43 44 45 46 47
(5,*) 0 1 2 3 4 6 7 8 9 10 11 12 13 25 26 27 28 29 30 31 32 33 34 35 36 37 38 39 40 41 42 43 44 45 46 47
(6,*) 0 1 2 3 4 5 7 8 9 10 11 12 13 25 26 27 28 29 30 31 32 33 34 35 36 37 38 39 40 41 42 43 44 45 46 47
(7,*) 0 1 2 3 4 5 6 8 9 10 11 12 13 25 26 27 28 29 30 31 32 33 34 35 36 37 38 39 40 41 42 43 44 45 46 47
(8,*) 0 1 2 3 4 5 6 7 9 10 11 12 13 25 26 27 28 29 30 31 32 33 34 35 36 37 38 39 40 41 42 43 44 45 46 47
(9,*) 0 1 2 3 4 5 6 7 8 10 11 12 13 25 26 27 28 29 30 31 32 33 34 35 36 37 38 39 40 41 42 43 44 45 46 47
(10,*) 0 1 2 3 4 5 6 7 8 9 11 12 13 25 26 27 28 29 30 31 32 33 34 35 36 37 38 39 40 41 42 43 44 45 46 47
(11,*) 0 1 2 3 4 5 6 7 8 9 10 12 13 25 26 27 28 29 30 31 32 33 34 35 36 37 38 39 40 41 42 43 44 45 46 47
(12,*) 0 1 2 3 4 5 6 7 8 9 10 11 13 25 26 27 28 29 30 31 32 33 34 35 36 37 38 39 40 41 42 43 44 45 46 47
(13,*) 0 1 2 3 4 5 6 7 8 9 10 11 12 25 26 27 28 29 30 31 32 33 34 35 36 37 38 39 40 41 42 43 44 45 46 47
(25,*) 0 1 2 3 4 5 6 7 8 9 10 11 12 13 26 27 28 29 30 31 32 33 34 35 36 37 38 39 40 41 42 43 44 45 46 47
(26,*) 0 1 2 3 4 5 6 7 8 9 10 11 12 13 25 27 28 29 30 31 32 33 34 35 36 37 38 39 40 41 42 43 44 45 46 47
(27,*) 0 1 2 3 4 5 6 7 8 9 10 11 12 13 25 26 28 29 30 31 32 33 34 35 36 37 38 39 40 41 42 43 44 45 46 47
(28,*) 0 1 2 3 4 5 6 7 8 9 10 11 12 13 25 26 27 29 30 31 32 33 34 35 36 37 38 39 40 41 42 43 44 45 46 47
(29,*) 0 1 2 3 4 5 6 7 8 9 10 11 12 13 25 26 27 28 30 31 32 33 34 35 36 37 38 39 40 41 42 43 44 45 46 47
(30,*) 0 1 2 3 4 5 6 7 8 9 10 11 12 13 25 26 27 28 29 31 32 33 34 35 36 37 38 39 40 41 42 43 44 45 46 47
(31,*) 0 1 2 3 4 5 6 7 8 9 10 11 12 13 25 26 27 28 29 30 32 33 34 35 36 37 38 39 40 41 42 43 44 45 46 47
(32,*) 0 1 2 3 4 5 6 7 8 9 10 11 12 13 25 26 27 28 29 30 31 33 34 35 36 37 38 39 40 41 42 43 44 45 46 47
(33,*) 0 1 2 3 4 5 6 7 8 9 10 11 12 13 25 26 27 28 29 30 31 32 34 35 36 37 38 39 40 41 42 43 44 45 46 47
(34,*) 0 1 2 3 4 5 6 7 8 9 10 11 12 13 25 26 27 28 29 30 31 32 33 35 36 37 38 39 40 41 42 43 44 45 46 47
(35,*) 0 1 2 3 4 5 6 7 8 9 10 11 12 13 25 26 27 28 29 30 31 32 33 34 36 37 38 39 40 41 42 43 44 45 46 47
(36,*) 0 1 2 3 4 5 6 7 8 9 10 11 12 13 25 26 27 28 29 30 31 32 33 34 35 37 38 39 40 41 42 43 44 45 46 47
(37,*) 0 1 2 3 4 5 6 7 8 9 10 11 12 13 25 26 27 28 29 30 31 32 33 34 35 36 38 39 40 41 42 43 44 45 46 47
(38,*) 0 1 2 3 4 5 6 7 8 9 10 11 12 13 25 26 27 28 29 30 31 32 33 34 35 36 37 39 40 41 42 43 44 45 46 47
(39,*) 0 1 2 3 4 5 6 7 8 9 10 11 12 13 25 26 27 28 29 30 31 32 33 34 35 36 37 38 40 41 42 43 44 45 46 47
(40,*) 0 1 2 3 4 5 6 7 8 9 10 11 12 13 25 26 27 28 29 30 31 32 33 34 35 36 37 38 39 41 42 43 44 45 46 47
(41,*) 0 1 2 3 4 5 6 7 8 9 10 11 12 13 25 26 27 28 29 30 31 32 33 34 35 36 37 38 39 40 42 43 44 45 46 47
(42,*) 0 1 2 3 4 5 6 7 8 9 10 11 12 13 25 26 27 28 29 30 31 32 33 34 35 36 37 38 39 40 41 43 44 45 46 47
(43,*) 0 1 2 3 4 5 6 7 8 9 10 11 12 13 25 26 27 28 29 30 31 32 33 34 35 36 37 38 39 40 41 42 44 45 46 47
(44,*) 0 1 2 3 4 5 6 7 8 9 10 11 12 13 25 26 27 28 29 30 31 32 33 34 35 36 37 38 39 40 41 42 43 45 46 47
(45,*) 0 1 2 3 4 5 6 7 8 9 10 11 12 13 25 26 27 28 29 30 31 32 33 34 35 36 37 38 39 40 41 42 43 44 46 47
(46,*) 0 1 2 3 4 5 6 7 8 9 10 11 12 13 25 26 27 28 29 30 31 32 33 34 35 36 37 38 39 40 41 42 43 44 45 47
(47,*) 0 1 2 3 4 5 6 7 8 9 10 11 12 13 25 26 27 28 29 30 31 32 33 34 35 36 37 38 39 40 41 42 43 44 45 46
;
set A2:=
(36,*) 37
(37,*) 36
(38,*) 39
(39,*) 38
(40,*) 41
(41,*) 40
;
param BigM:=99999;
param n:= 5;
param d:=
1	1
2	18
3	7
4	12
5	14
6	9
7	4
8	11
9	19
10	8
11	15
12	2
13	23
14	14
15	11
16	23
17	2
18	19
19	2
20	15
21	6
22	13
23	21
24	12
25	15
26	2
27	22
28	18
29	21
30	10
31	20
32	13
33	18
34	11
35	11
;
param Q:=100;
param w:=
[36,*] 37 2
[37,*] 36 2
[38,*] 39 2
[39,*] 38 2
[40,*] 41 2
[41,*] 40 2
;
param V:=
[36,*] 37 86
[37,*] 36 86
[38,*] 39 76
[39,*] 38 76
[40,*] 41 77
[41,*] 40 77
;
param e:
	36	37	38	39	40	41	42	43	44	45	46:=
14		0		0		1		0		0		1		0		0		0		0		0	
15		0		0		0		0		1		0		0		0		0		0		0	
16		0		1		0		0		0		0		0		0		0		0		0	
17		0		0		0		1		0		0		0		0		0		0		0	
18		0		0		0		1		0		0		0		0		0		0		0	
19		1		0		0		0		1		0		0		0		0		0		0	
20		0		0		0		1		0		0		0		0		0		0		0	
21		0		0		0		0		0		0		0		0		1		0		0	
22		0		1		0		0		0		0		0		0		0		0		0	
23		1		0		0		0		1		0		0		0		0		0		0	
24		0		0		0		1		0		0		0		0		0		0		0	
25		1		0		0		0		0		0		0		0		1		0		0	
26		0		0		0		0		0		0		0		0		1		0		0	
27		0		1		0		0		0		0		0		0		0		0		0	
28		0		0		0		0		0		0		1		0		1		1		1	
29		1		0		0		0		0		0		1		0		1		0		0	
30		0		1		0		0		0		0		0		0		0		0		0	
31		0		1		0		0		0		0		0		1		0		0		1	
32		0		0		0		1		0		0		1		0		0		0		0	
33		0		0		0		1		0		0		0		0		0		0		0	
34		0		0		0		1		0		0		0		0		0		0		0	
35		0		0		1		0		0		1		0		0		0		0		0	
;
param p:=
1	1
2	1
3	1
4	1
5	1
;
param G:=
36	79
37	86
38	76
39	77
40	77
41	75
42	75
43	92
44	96
45	98
46	82
;
param s:=
0	0
1	10
2	10
3	10
4	10
5	10
6	10
7	10
8	10
9	10
10	10
11	10
12	10
13	10
25	10
26	10
27	10
28	10
29	10
30	10
31	10
32	10
33	10
34	10
35	10
36	10
37	10
38	10
39	10
40	10
41	10
42	10
43	10
44	10
45	10
46	10
;
param t:
	0	1	2	3	4	5	6	7	8	9	10	11	12	13	14	15	16	17	18	19	20	21	22	23	24	25	26	27	28	29	30	31	32	33	34	35	36	37	38	39	40	41	42	43	44	45	46	47:=
0	0.0	33.11	21.63	78.92	28.28	55.46	56.92	72.11	60.0	32.31	47.07	54.41	69.86	60.17	72.25	106.15	10.0	76.66	62.29	88.81	56.14	69.86	14.14	78.82	64.0	70.94	70.0	17.2	48.83	60.83	13.42	26.31	46.17	76.94	72.25	76.03	85.21	10.77	78.31	69.35	92.76	57.22	45.0	22.47	58.31	34.83	35.81	0.0
1	33.11	0.0	36.72	101.13	18.11	64.28	83.23	45.69	33.11	26.0	28.84	58.03	48.41	70.46	89.29	101.13	42.19	46.17	37.74	78.23	31.62	78.03	42.52	68.96	36.77	69.86	71.02	48.83	54.04	57.72	24.08	47.71	24.08	52.84	46.52	94.25	74.95	41.62	99.16	44.29	85.42	79.16	41.44	41.34	64.0	36.12	43.93	33.11
2	21.63	36.72	0.0	64.62	21.26	34.18	46.86	61.61	51.26	18.97	34.93	32.8	56.04	39.29	54.33	84.85	20.59	69.86	51.42	68.96	46.17	48.7	14.56	59.06	55.03	49.52	48.41	22.36	27.2	40.0	30.59	11.31	36.77	64.28	61.19	58.86	65.37	17.89	62.94	58.05	72.01	42.54	25.63	5.0	36.72	15.52	14.21	21.63
3	78.92	101.13	64.62	0.0	84.12	45.61	24.74	111.95	106.15	78.23	89.38	55.61	101.21	40.5	18.97	84.0	70.26	124.45	103.25	87.93	100.5	42.38	64.78	82.46	108.9	62.77	58.31	64.03	55.17	66.57	91.78	54.41	94.02	110.0	110.63	14.14	85.7	68.47	5.0	107.71	82.57	22.14	70.04	60.41	50.48	68.24	59.08	78.92
4	28.28	18.11	21.26	84.12	0.0	46.17	67.94	44.0	32.25	8.25	18.97	40.2	41.76	52.35	71.47	86.09	34.23	50.0	34.06	65.12	28.0	60.0	31.62	55.32	36.22	53.14	53.85	39.29	36.0	41.23	27.2	32.56	18.0	48.66	44.05	76.55	61.62	32.56	81.86	41.11	71.03	62.43	24.35	26.25	46.04	18.03	25.96	28.28
5	55.46	64.28	34.18	45.61	46.17	0.0	42.19	66.48	61.61	38.47	45.65	10.0	55.61	6.32	28.43	55.57	51.61	79.4	58.14	48.04	56.04	14.56	44.41	40.2	64.03	22.36	18.97	49.52	10.77	21.54	64.56	31.24	50.99	64.4	65.12	34.06	45.0	48.83	41.77	62.24	46.57	29.83	25.94	33.12	6.0	28.16	21.21	55.46
6	56.92	83.23	46.86	24.74	67.94	42.19	0.0	102.96	94.87	63.78	77.67	50.99	94.02	40.05	30.0	93.15	47.54	113.72	93.3	90.02	89.31	47.07	43.08	82.39	98.18	64.0	60.03	40.79	48.08	63.15	70.23	35.61	81.22	102.96	102.0	29.73	87.09	46.17	26.4	98.88	87.37	13.34	60.37	42.01	48.17	55.22	46.32	56.92
7	72.11	45.69	61.61	111.95	44.0	66.48	102.96	0.0	12.65	42.76	26.68	56.57	12.65	72.14	94.76	74.0	78.1	14.56	10.2	48.0	16.0	74.4	74.67	42.76	8.94	56.36	60.03	82.61	56.85	47.2	67.91	71.47	26.0	8.94	2.0	100.42	46.1	76.24	108.25	4.24	58.08	93.48	42.72	66.22	62.29	48.47	56.8	72.11
8	60.0	33.11	51.26	106.15	32.25	61.61	94.87	12.65	0.0	32.31	17.2	52.15	17.89	67.68	90.0	78.92	66.48	18.87	6.32	53.37	5.66	71.55	63.56	46.17	4.0	55.79	58.82	71.39	51.22	44.94	55.32	61.74	14.56	20.0	13.42	95.6	50.8	64.78	102.83	11.4	62.65	86.45	36.12	56.08	58.31	39.66	48.6	60.0
9	32.31	26.0	18.97	78.23	8.25	38.47	63.78	42.76	32.31	0.0	16.12	32.06	38.21	44.72	64.62	78.23	36.22	50.99	32.56	58.0	27.2	52.04	32.06	48.08	36.06	44.94	45.61	40.05	28.07	33.11	33.94	29.53	17.89	46.0	42.43	69.86	54.45	34.06	75.66	39.32	63.41	57.01	16.16	23.77	38.0	10.44	19.24	32.31
10	47.07	28.84	34.93	89.38	18.97	45.65	77.67	26.68	17.2	16.12	0.0	36.77	22.8	51.88	73.78	72.8	52.04	36.06	16.49	49.4	11.66	56.92	48.17	40.25	20.59	44.0	46.17	56.14	34.99	32.06	45.65	44.94	6.0	30.07	26.31	79.32	46.14	50.0	86.21	23.19	56.86	69.35	19.72	39.56	43.08	22.47	31.4	47.07
11	54.41	58.03	32.8	55.61	40.2	10.0	50.99	56.57	52.15	32.06	36.77	0.0	45.61	15.62	38.21	52.5	52.35	69.66	48.41	40.79	46.65	20.4	45.34	32.06	54.41	17.2	15.62	51.61	5.66	12.17	61.74	33.29	42.38	54.41	55.17	43.86	37.48	49.52	51.74	52.33	41.15	39.22	17.46	33.24	6.32	22.56	18.6	54.41
12	69.86	48.41	56.04	101.21	41.76	55.61	94.02	12.65	17.89	38.21	22.8	45.61	0.0	60.96	83.55	62.13	74.43	27.2	11.66	36.22	16.97	62.48	70.03	30.27	16.49	43.91	47.71	78.03	46.65	35.38	68.03	64.78	25.06	8.94	10.77	89.2	34.01	72.25	97.31	9.06	46.01	83.73	33.84	60.21	50.99	41.44	48.76	69.86
13	60.17	70.46	39.29	40.5	52.35	6.32	40.05	72.14	67.68	44.72	51.88	15.62	60.96	0.0	22.63	54.63	55.57	85.28	64.03	50.16	62.13	10.0	48.37	43.17	70.0	24.08	20.0	52.8	17.09	26.08	69.86	34.99	57.27	69.66	70.71	28.28	47.38	52.84	36.4	67.9	47.38	27.02	32.2	37.7	10.0	34.37	27.02	60.17
14	72.25	89.29	54.33	18.97	71.47	28.43	30.0	94.76	90.0	64.62	73.78	38.21	83.55	22.63	0.0	66.27	65.12	107.81	86.56	68.96	84.4	23.41	58.55	63.56	92.46	43.86	39.4	60.17	38.83	48.41	84.0	46.04	78.89	92.2	93.34	5.66	66.73	62.8	14.32	90.52	63.79	18.6	54.08	51.04	32.56	54.23	45.54	72.25
15	106.15	101.13	84.85	84.0	86.09	55.57	93.15	74.0	78.92	78.23	72.8	52.5	62.13	54.63	66.27	0.0	104.8	88.09	72.69	26.0	75.71	46.17	97.84	32.98	78.41	35.38	37.2	104.02	58.14	45.61	111.61	85.6	78.43	66.12	72.0	70.03	28.16	101.98	79.0	71.06	16.28	79.81	62.43	85.7	50.48	71.84	70.72	106.15
16	10.0	42.19	20.59	70.26	34.23	51.61	47.54	78.1	66.48	36.22	52.04	52.35	74.43	55.57	65.12	104.8	0.0	83.95	68.03	89.55	62.13	65.51	7.21	79.65	70.46	69.43	67.88	7.21	46.69	60.46	23.32	20.59	52.15	82.1	78.03	68.47	85.96	2.83	70.01	75.01	92.42	49.01	46.1	19.1	55.32	35.85	34.21	10.0
17	76.66	46.17	69.86	124.45	50.0	79.4	113.72	14.56	18.87	50.99	36.06	69.66	27.2	85.28	107.81	88.09	83.95	0.0	21.26	62.13	24.41	88.2	81.61	57.27	15.62	70.68	74.24	89.29	69.31	61.06	70.03	80.5	33.11	22.0	16.49	113.45	60.41	82.46	120.97	18.38	72.34	105.12	54.49	74.73	75.6	58.52	67.42	76.66
18	62.29	37.74	51.42	103.25	34.06	58.14	93.3	10.2	6.32	32.56	16.49	48.41	11.66	64.03	86.56	72.69	68.03	21.26	0.0	47.07	6.32	67.23	64.5	40.05	6.32	50.6	53.85	72.44	48.08	40.25	58.82	61.35	16.12	15.23	10.0	92.2	44.55	66.12	99.72	7.07	56.44	84.2	33.42	56.04	54.41	38.48	47.01	62.29
19	88.81	78.23	68.96	87.93	65.12	48.04	90.02	48.0	53.37	58.0	49.4	40.79	36.22	50.16	68.96	26.0	89.55	62.13	47.07	0.0	50.6	45.61	83.19	10.0	52.61	26.08	30.27	90.38	45.61	29.73	91.93	72.8	54.59	40.2	46.0	74.0	3.61	86.83	83.17	45.1	10.44	77.16	43.83	71.11	42.05	54.08	55.95	88.81
20	56.14	31.62	46.17	100.5	28.0	56.04	89.31	16.0	5.66	27.2	11.66	46.65	16.97	62.13	84.4	75.71	62.13	24.41	6.32	50.6	0.0	66.21	58.86	42.76	8.94	50.99	53.85	66.75	45.61	39.85	52.5	56.46	10.0	21.54	16.12	90.0	47.8	60.3	97.19	13.34	59.44	80.81	30.48	50.92	52.84	34.13	43.01	56.14
21	69.86	78.03	48.7	42.38	60.0	14.56	47.07	74.4	71.55	52.04	56.92	20.4	62.48	10.0	23.41	46.17	65.51	88.2	67.23	45.61	66.21	0.0	58.31	40.25	73.43	20.59	16.12	62.8	24.0	27.2	79.12	44.94	62.64	70.77	72.8	28.64	43.32	62.77	37.7	70.21	41.05	33.73	37.85	47.42	14.14	42.01	35.69	69.86
22	14.14	42.52	14.56	64.78	31.62	44.41	43.08	74.67	63.56	32.06	48.17	45.34	70.03	48.37	58.55	97.84	7.21	81.61	64.5	83.19	58.86	58.31	0.0	73.35	67.47	62.48	60.83	8.0	39.7	53.85	27.2	13.42	49.03	78.03	74.43	62.13	79.61	4.47	64.2	71.34	85.7	43.1	40.16	12.21	48.17	30.08	27.46	14.14
23	78.82	68.96	59.06	82.46	55.32	40.2	82.39	42.76	46.17	48.08	40.25	32.06	30.27	43.17	63.56	32.98	79.65	57.27	40.05	10.0	42.76	40.25	73.35	0.0	46.0	19.7	24.17	80.62	36.5	20.4	82.02	63.25	45.69	36.06	40.79	68.88	6.4	76.94	77.88	39.32	16.76	69.87	33.84	61.33	34.23	44.1	46.24	78.82
24	64.0	36.77	55.03	108.9	36.22	64.03	98.18	8.94	4.0	36.06	20.59	54.41	16.49	70.0	92.46	78.41	70.46	15.62	6.32	52.61	8.94	73.43	67.47	46.0	0.0	56.92	60.17	75.31	53.81	46.52	59.23	65.39	18.44	16.97	10.0	98.08	50.25	68.73	105.48	8.6	62.2	89.5	38.9	59.81	60.46	43.05	51.87	64.0
25	70.94	69.86	49.52	62.77	53.14	22.36	64.0	56.36	55.79	44.94	44.0	17.2	43.91	24.08	43.86	35.38	69.43	70.68	50.6	26.08	50.99	20.59	62.48	19.7	56.92	0.0	4.47	68.82	22.8	12.17	77.18	50.48	50.0	51.61	54.59	49.19	23.35	66.6	58.18	52.33	24.35	51.09	28.79	50.33	16.49	37.22	35.36	70.94
26	70.0	71.02	48.41	58.31	53.85	18.97	60.03	60.03	58.82	45.61	46.17	15.62	47.71	20.0	39.4	37.2	67.88	74.24	53.85	30.27	53.85	16.12	60.83	24.17	60.17	4.47	0.0	66.84	21.26	14.14	76.94	48.41	52.15	55.61	58.31	44.72	27.66	65.05	53.71	55.95	27.66	47.01	29.61	48.8	13.42	37.16	34.21	70.0
27	17.2	48.83	22.36	64.03	39.29	49.52	40.79	82.61	71.39	40.05	56.14	51.61	78.03	52.8	60.17	104.02	7.21	89.29	72.44	90.38	66.75	62.8	8.0	80.62	75.31	68.82	66.84	0.0	46.04	60.83	30.53	18.44	56.89	86.02	82.39	63.15	86.82	7.21	64.07	79.31	92.44	43.29	47.8	19.31	53.81	37.85	34.44	17.2
28	48.83	54.04	27.2	55.17	36.0	10.77	48.08	56.85	51.22	28.07	34.99	5.66	46.65	17.09	38.83	58.14	46.69	69.31	48.08	45.61	45.61	24.0	39.7	36.5	53.81	22.8	21.26	46.04	0.0	16.12	56.46	27.78	40.25	55.57	55.61	44.41	42.2	43.86	51.66	52.63	46.53	37.12	15.26	27.59	10.2	18.03	13.04	48.83
29	60.83	57.72	40.0	66.57	41.23	21.54	63.15	47.2	44.94	33.11	32.06	12.17	35.38	26.08	48.41	45.61	60.46	61.06	40.25	29.73	39.85	27.2	53.85	20.4	46.52	12.17	14.14	60.83	16.12	0.0	66.03	43.08	38.05	43.86	45.61	54.04	26.25	57.69	62.43	43.01	32.02	51.24	17.0	41.68	16.12	26.25	26.42	60.83
30	13.42	24.08	30.59	91.78	27.2	64.56	70.23	67.91	55.32	33.94	45.65	61.74	68.03	69.86	84.0	111.61	23.32	70.03	58.82	91.93	52.5	79.12	27.2	82.02	59.23	77.18	76.94	30.53	56.46	66.03	0.0	38.05	43.08	74.0	68.41	88.09	88.39	24.17	90.93	65.8	97.19	69.87	49.2	33.06	66.48	39.96	43.66	13.42
31	26.31	47.71	11.31	54.41	32.56	31.24	35.61	71.47	61.74	29.53	44.94	33.29	64.78	34.99	46.04	85.6	20.59	80.5	61.35	72.8	56.46	44.94	13.42	63.25	65.39	50.48	48.41	18.44	27.78	43.08	38.05	0.0	47.41	73.35	70.88	50.04	69.29	17.89	53.15	67.72	74.3	32.28	32.02	6.4	35.38	23.35	17.26	26.31
32	46.17	24.08	36.77	94.02	18.0	50.99	81.22	26.0	14.56	17.89	6.0	42.38	25.06	57.27	78.89	78.43	52.15	33.11	16.12	54.59	10.0	62.64	49.03	45.69	18.44	50.0	52.15	56.89	40.25	38.05	43.08	47.41	0.0	31.05	26.08	84.38	51.43	50.36	91.02	23.19	62.39	73.55	25.08	41.63	48.7	26.17	35.36	46.17
33	76.94	52.84	64.28	110.0	48.66	64.4	102.96	8.94	20.0	46.0	30.07	54.41	8.94	69.66	92.2	66.12	82.1	22.0	15.23	40.2	21.54	70.77	78.03	36.06	16.97	51.61	55.61	86.02	55.57	43.86	74.0	73.35	31.05	0.0	7.21	97.84	38.64	80.02	106.04	8.6	50.49	92.66	42.72	68.59	59.67	50.01	57.57	76.94
34	72.25	46.52	61.19	110.63	44.05	65.12	102.0	2.0	13.42	42.43	26.31	55.17	10.77	70.71	93.34	72.0	78.03	16.49	10.0	46.0	16.12	72.8	74.43	40.79	10.0	54.59	58.31	82.39	55.61	45.61	68.41	70.88	26.08	7.21	0.0	98.99	44.1	76.11	106.89	3.16	56.08	92.36	41.68	65.73	60.83	47.76	55.95	72.25
35	76.03	94.25	58.86	14.14	76.55	34.06	29.73	100.42	95.6	69.86	79.32	43.86	89.2	28.28	5.66	70.03	68.47	113.45	92.2	74.0	90.0	28.64	62.13	68.88	98.08	49.19	44.72	63.15	44.41	54.04	88.09	50.04	84.38	97.84	98.99	0.0	71.87	66.27	9.22	96.18	68.45	20.25	59.64	55.33	38.21	59.51	50.7	76.03
36	85.21	74.95	65.37	85.7	61.62	45.0	87.09	46.1	50.8	54.45	46.14	37.48	34.01	47.38	66.73	28.16	85.96	60.41	44.55	3.61	47.8	43.32	79.61	6.4	50.25	23.35	27.66	86.82	42.2	26.25	88.39	69.29	51.43	38.64	44.1	71.87	0.0	83.24	80.99	43.0	12.0	74.33	40.22	67.54	39.0	50.48	52.39	85.21
37	10.77	41.62	17.89	68.47	32.56	48.83	46.17	76.24	64.78	34.06	50.0	49.52	72.25	52.84	62.8	101.98	2.83	82.46	66.12	86.83	60.3	62.77	4.47	76.94	68.73	66.6	65.05	7.21	43.86	57.69	24.17	17.89	50.36	80.02	76.11	66.27	83.24	0.0	68.07	73.06	89.63	47.01	43.46	16.28	52.5	33.24	31.4	10.77
38	78.31	99.16	62.94	5.0	81.86	41.77	26.4	108.25	102.83	75.66	86.21	51.74	97.31	36.4	14.32	79.0	70.01	120.97	99.72	83.17	97.19	37.7	64.2	77.88	105.48	58.18	53.71	64.07	51.66	62.43	90.93	53.15	91.02	106.04	106.89	9.22	80.99	68.07	0.0	104.0	77.67	21.1	66.71	58.94	46.4	65.51	56.44	78.31
39	69.35	44.29	58.05	107.71	41.11	62.24	98.88	4.24	11.4	39.32	23.19	52.33	9.06	67.9	90.52	71.06	75.01	18.38	7.07	45.1	13.34	70.21	71.34	39.32	8.6	52.33	55.95	79.31	52.63	43.01	65.8	67.72	23.19	8.6	3.16	96.18	43.0	73.06	104.0	0.0	55.0	89.31	38.59	62.59	58.05	44.6	52.8	69.35
40	92.76	85.42	72.01	82.57	71.03	46.57	87.37	58.08	62.65	63.41	56.86	41.15	46.01	47.38	63.79	16.28	92.42	72.34	56.44	10.44	59.44	41.05	85.7	16.76	62.2	24.35	27.66	92.44	46.53	32.02	97.19	74.3	62.39	50.49	56.08	68.45	12.0	89.63	77.67	55.0	0.0	74.17	48.1	73.5	40.8	58.0	58.25	92.76
41	57.22	79.16	42.54	22.14	62.43	29.83	13.34	93.48	86.45	57.01	69.35	39.22	83.73	27.02	18.6	79.81	49.01	105.12	84.2	77.16	80.81	33.73	43.1	69.87	89.5	51.09	47.01	43.29	37.12	51.24	69.87	32.28	73.55	92.66	92.36	20.25	74.33	47.01	21.1	89.31	74.17	0.0	50.8	38.28	35.69	47.42	38.21	57.22
42	45.0	41.44	25.63	70.04	24.35	25.94	60.37	42.72	36.12	16.16	19.72	17.46	33.84	32.2	54.08	62.43	46.1	54.49	33.42	43.83	30.48	37.85	40.16	33.84	38.9	28.79	29.61	47.8	15.26	17.0	49.2	32.02	25.08	42.72	41.68	59.64	40.22	43.46	66.71	38.59	48.1	50.8	0.0	28.64	23.77	10.3	15.13	45.0
43	22.47	41.34	5.0	60.41	26.25	33.12	42.01	66.22	56.08	23.77	39.56	33.24	60.21	37.7	51.04	85.7	19.1	74.73	56.04	71.11	50.92	47.42	12.21	61.33	59.81	50.33	48.8	19.31	27.59	41.68	33.06	6.4	41.63	68.59	65.73	55.33	67.54	16.28	58.94	62.59	73.5	38.28	28.64	0.0	36.4	19.03	15.26	22.47
44	58.31	64.0	36.72	50.48	46.04	6.0	48.17	62.29	58.31	38.0	43.08	6.32	50.99	10.0	32.56	50.48	55.32	75.6	54.41	42.05	52.84	14.14	48.17	34.23	60.46	16.49	13.42	53.81	10.2	16.12	66.48	35.38	48.7	59.67	60.83	38.21	39.0	52.5	46.4	58.05	40.8	35.69	23.77	36.4	0.0	28.16	22.85	58.31
45	34.83	36.12	15.52	68.24	18.03	28.16	55.22	48.47	39.66	10.44	22.47	22.56	41.44	34.37	54.23	71.84	35.85	58.52	38.48	54.08	34.13	42.01	30.08	44.1	43.05	37.22	37.16	37.85	18.03	26.25	39.96	23.35	26.17	50.01	47.76	59.51	50.48	33.24	65.51	44.6	58.0	47.42	10.3	19.03	28.16	0.0	9.22	34.83
46	35.81	43.93	14.21	59.08	25.96	21.21	46.32	56.8	48.6	19.24	31.4	18.6	48.76	27.02	45.54	70.72	34.21	67.42	47.01	55.95	43.01	35.69	27.46	46.24	51.87	35.36	34.21	34.44	13.04	26.42	43.66	17.26	35.36	57.57	55.95	50.7	52.39	31.4	56.44	52.8	58.25	38.21	15.13	15.26	22.85	9.22	0.0	35.81
;
