set K:= 1	2	3	4	5;
set C_H:= 1	2	3	4	5	6	7	8	9	10	11	12	13;
set C_S:= 14	15	16	17	18	19	20	21	22	23	24	25;
set C_F:= 26	27	28	29	30	31	32	33	34	35	36	37;
set L_B:= 0	1	2	3	4	5	44	45	46	47	48;
set A1:=
(0,*) 1 2 3 4 5 6 7 8 9 10 11 12 13 26 27 28 29 30 31 32 33 34 35 36 37 1 2 3 4 5 44 45 46 47 48
(1,*) 0 2 3 4 5 6 7 8 9 10 11 12 13 26 27 28 29 30 31 32 33 34 35 36 37 0 2 3 4 5 44 45 46 47 48
(2,*) 0 1 3 4 5 6 7 8 9 10 11 12 13 26 27 28 29 30 31 32 33 34 35 36 37 0 1 3 4 5 44 45 46 47 48
(3,*) 0 1 2 4 5 6 7 8 9 10 11 12 13 26 27 28 29 30 31 32 33 34 35 36 37 0 1 2 4 5 44 45 46 47 48
(4,*) 0 1 2 3 5 6 7 8 9 10 11 12 13 26 27 28 29 30 31 32 33 34 35 36 37 0 1 2 3 5 44 45 46 47 48
(5,*) 0 1 2 3 4 6 7 8 9 10 11 12 13 26 27 28 29 30 31 32 33 34 35 36 37 0 1 2 3 4 44 45 46 47 48
(6,*) 0 1 2 3 4 5 7 8 9 10 11 12 13 26 27 28 29 30 31 32 33 34 35 36 37 0 1 2 3 4 5 44 45 46 47 48
(7,*) 0 1 2 3 4 5 6 8 9 10 11 12 13 26 27 28 29 30 31 32 33 34 35 36 37 0 1 2 3 4 5 44 45 46 47 48
(8,*) 0 1 2 3 4 5 6 7 9 10 11 12 13 26 27 28 29 30 31 32 33 34 35 36 37 0 1 2 3 4 5 44 45 46 47 48
(9,*) 0 1 2 3 4 5 6 7 8 10 11 12 13 26 27 28 29 30 31 32 33 34 35 36 37 0 1 2 3 4 5 44 45 46 47 48
(10,*) 0 1 2 3 4 5 6 7 8 9 11 12 13 26 27 28 29 30 31 32 33 34 35 36 37 0 1 2 3 4 5 44 45 46 47 48
(11,*) 0 1 2 3 4 5 6 7 8 9 10 12 13 26 27 28 29 30 31 32 33 34 35 36 37 0 1 2 3 4 5 44 45 46 47 48
(12,*) 0 1 2 3 4 5 6 7 8 9 10 11 13 26 27 28 29 30 31 32 33 34 35 36 37 0 1 2 3 4 5 44 45 46 47 48
(13,*) 0 1 2 3 4 5 6 7 8 9 10 11 12 26 27 28 29 30 31 32 33 34 35 36 37 0 1 2 3 4 5 44 45 46 47 48
(26,*) 0 1 2 3 4 5 6 7 8 9 10 11 12 13 27 28 29 30 31 32 33 34 35 36 37 0 1 2 3 4 5 44 45 46 47 48
(27,*) 0 1 2 3 4 5 6 7 8 9 10 11 12 13 26 28 29 30 31 32 33 34 35 36 37 0 1 2 3 4 5 44 45 46 47 48
(28,*) 0 1 2 3 4 5 6 7 8 9 10 11 12 13 26 27 29 30 31 32 33 34 35 36 37 0 1 2 3 4 5 44 45 46 47 48
(29,*) 0 1 2 3 4 5 6 7 8 9 10 11 12 13 26 27 28 30 31 32 33 34 35 36 37 0 1 2 3 4 5 44 45 46 47 48
(30,*) 0 1 2 3 4 5 6 7 8 9 10 11 12 13 26 27 28 29 31 32 33 34 35 36 37 0 1 2 3 4 5 44 45 46 47 48
(31,*) 0 1 2 3 4 5 6 7 8 9 10 11 12 13 26 27 28 29 30 32 33 34 35 36 37 0 1 2 3 4 5 44 45 46 47 48
(32,*) 0 1 2 3 4 5 6 7 8 9 10 11 12 13 26 27 28 29 30 31 33 34 35 36 37 0 1 2 3 4 5 44 45 46 47 48
(33,*) 0 1 2 3 4 5 6 7 8 9 10 11 12 13 26 27 28 29 30 31 32 34 35 36 37 0 1 2 3 4 5 44 45 46 47 48
(34,*) 0 1 2 3 4 5 6 7 8 9 10 11 12 13 26 27 28 29 30 31 32 33 35 36 37 0 1 2 3 4 5 44 45 46 47 48
(35,*) 0 1 2 3 4 5 6 7 8 9 10 11 12 13 26 27 28 29 30 31 32 33 34 36 37 0 1 2 3 4 5 44 45 46 47 48
(36,*) 0 1 2 3 4 5 6 7 8 9 10 11 12 13 26 27 28 29 30 31 32 33 34 35 37 0 1 2 3 4 5 44 45 46 47 48
(37,*) 0 1 2 3 4 5 6 7 8 9 10 11 12 13 26 27 28 29 30 31 32 33 34 35 36 0 1 2 3 4 5 44 45 46 47 48
(0,*) 1 2 3 4 5 6 7 8 9 10 11 12 13 26 27 28 29 30 31 32 33 34 35 36 37 1 2 3 4 5 44 45 46 47 48
(1,*) 0 2 3 4 5 6 7 8 9 10 11 12 13 26 27 28 29 30 31 32 33 34 35 36 37 0 2 3 4 5 44 45 46 47 48
(2,*) 0 1 3 4 5 6 7 8 9 10 11 12 13 26 27 28 29 30 31 32 33 34 35 36 37 0 1 3 4 5 44 45 46 47 48
(3,*) 0 1 2 4 5 6 7 8 9 10 11 12 13 26 27 28 29 30 31 32 33 34 35 36 37 0 1 2 4 5 44 45 46 47 48
(4,*) 0 1 2 3 5 6 7 8 9 10 11 12 13 26 27 28 29 30 31 32 33 34 35 36 37 0 1 2 3 5 44 45 46 47 48
(5,*) 0 1 2 3 4 6 7 8 9 10 11 12 13 26 27 28 29 30 31 32 33 34 35 36 37 0 1 2 3 4 44 45 46 47 48
(44,*) 0 1 2 3 4 5 6 7 8 9 10 11 12 13 26 27 28 29 30 31 32 33 34 35 36 37 0 1 2 3 4 5 45 46 47 48
(45,*) 0 1 2 3 4 5 6 7 8 9 10 11 12 13 26 27 28 29 30 31 32 33 34 35 36 37 0 1 2 3 4 5 44 46 47 48
(46,*) 0 1 2 3 4 5 6 7 8 9 10 11 12 13 26 27 28 29 30 31 32 33 34 35 36 37 0 1 2 3 4 5 44 45 47 48
(47,*) 0 1 2 3 4 5 6 7 8 9 10 11 12 13 26 27 28 29 30 31 32 33 34 35 36 37 0 1 2 3 4 5 44 45 46 48
(48,*) 0 1 2 3 4 5 6 7 8 9 10 11 12 13 26 27 28 29 30 31 32 33 34 35 36 37 0 1 2 3 4 5 44 45 46 47
;
param BigM:=99999;
param n:= 5;
param d:=
1	12
2	8
3	12
4	18
5	11
6	23
7	8
8	12
9	13
10	12
11	3
12	2
13	13
14	19
15	25
16	17
17	13
18	19
19	9
20	20
21	21
22	8
23	4
24	25
25	7
26	5
27	12
28	1
29	5
30	9
31	13
32	5
33	26
34	19
35	24
36	14
37	14
;
param Q:=100;
param V:=
;
param e:
	0	1	2	3	4	5	44	45	46	47	48:=
14	0	0	0	0	0	0	0	0	0	0	0	
15	0	0	0	0	0	0	0	0	0	0	0	
16	0	0	0	0	0	0	0	0	0	0	0	
17	0	0	0	0	0	0	0	0	0	0	0	
18	0	0	0	0	0	0	0	0	0	0	0	
19	0	0	0	0	0	0	0	0	0	0	0	
20	0	0	0	0	0	0	0	0	0	0	0	
21	0	0	0	0	0	0	0	0	0	0	0	
22	0	0	0	0	0	0	0	0	0	0	0	
23	0	0	0	0	0	0	0	0	0	0	0	
24	0	0	0	0	0	0	0	0	0	0	0	
25	0	0	0	0	0	0	0	0	0	0	0	
26	0	0	0	0	0	0	0	0	0	0	0	
27	0	0	0	0	0	0	0	0	0	0	0	
28	0	0	0	0	0	0	0	0	0	0	0	
29	0	0	0	0	0	0	0	0	0	0	0	
30	0	0	0	0	0	0	0	0	0	0	0	
31	0	0	0	0	0	0	0	0	0	0	0	
32	0	0	0	0	0	0	0	0	0	0	0	
33	0	0	0	0	0	0	0	0	0	0	0	
34	0	0	0	0	0	0	0	0	0	0	0	
35	0	0	0	0	0	0	0	0	0	0	0	
36	0	0	0	0	0	0	0	0	0	0	0	
37	0	0	0	0	0	0	0	0	0	0	0	
;
param p:=
1	3
2	3
3	3
4	3
5	3
;
param G:=
0	79
1	98
2	85
3	78
4	74
5	95
44	71
45	90
46	82
47	95
48	74
;
param s:=
0	0
1	15
2	15
3	15
4	15
5	15
6	15
7	15
8	15
9	15
10	15
11	15
12	15
13	15
26	15
27	15
28	15
29	15
30	15
31	15
32	15
33	15
34	15
35	15
36	15
37	15
0	10
1	10
2	10
3	10
4	10
5	10
44	10
45	10
46	10
47	10
48	10
;
param t:
	0	1	2	3	4	5	6	7	8	9	10	11	12	13	14	15	16	17	18	19	20	21	22	23	24	25	26	27	28	29	30	31	32	33	34	35	36	37	38	39	40	41	42	43	44	45	46	47	48:=
0	0.0	71.69	69.86	75.29	43.86	38.47	16.12	30.46	60.83	52.35	53.67	22.36	42.19	55.57	38.47	59.09	8.49	42.52	31.11	24.33	47.71	53.85	6.32	35.44	37.95	42.76	16.12	43.86	59.67	26.68	73.59	32.56	32.56	28.28	41.62	41.23	32.06	48.66	56.36	53.24	25.32	65.12	26.25	49.09	24.19	17.89	17.46	25.0	11.7
1	71.69	0.0	12.17	21.54	84.85	84.21	63.25	41.23	28.84	26.08	92.2	87.86	58.31	58.82	56.04	93.68	79.62	111.52	44.41	48.37	92.78	50.6	76.03	56.32	34.0	59.67	80.99	34.06	16.12	90.0	25.06	84.85	42.43	86.37	32.25	34.06	87.73	61.35	92.89	56.3	81.57	29.73	91.02	72.12	47.76	59.23	54.56	46.96	60.01
2	69.86	12.17	0.0	33.53	89.29	87.86	59.09	40.2	38.21	18.87	97.41	88.2	49.68	48.33	48.08	99.54	77.2	107.33	46.39	45.61	97.02	40.25	73.38	60.73	32.25	65.39	76.97	38.63	10.2	85.09	36.77	78.41	44.41	88.09	34.93	37.36	81.61	68.0	98.43	46.07	76.01	40.0	86.35	78.29	47.17	60.0	52.39	44.91	58.25
3	75.29	21.54	33.53	0.0	76.42	77.28	71.22	46.86	16.49	42.43	82.0	86.76	73.38	76.66	70.23	82.22	83.74	117.46	44.41	55.61	84.38	68.47	80.72	50.0	42.19	50.36	87.73	31.62	34.0	97.84	4.47	95.41	42.8	82.87	33.94	34.06	97.65	50.0	82.05	73.82	90.8	14.0	98.41	61.01	51.62	59.36	60.14	53.26	64.38
4	43.86	84.85	89.29	76.42	0.0	6.0	57.69	53.85	60.13	77.82	10.0	30.07	82.22	94.76	77.9	15.23	47.54	72.69	43.86	55.32	8.0	90.69	48.7	28.64	60.83	26.08	58.24	50.99	80.32	67.08	72.69	75.89	45.69	20.1	54.41	51.92	74.73	27.2	12.53	91.92	68.62	62.51	65.76	17.49	48.01	35.38	50.21	53.41	46.23
5	38.47	84.21	87.86	77.28	6.0	0.0	52.8	50.99	60.83	75.39	15.23	24.08	77.79	90.55	73.54	20.88	41.76	66.75	41.76	51.61	10.0	86.83	43.08	28.0	58.31	27.2	52.5	50.16	78.59	61.19	73.76	70.23	43.68	14.14	52.95	50.64	68.96	29.53	18.03	87.78	62.97	63.56	59.84	21.21	44.78	31.62	46.1	49.93	41.73
6	16.12	63.25	59.09	71.22	57.69	52.8	0.0	24.41	59.06	40.5	67.68	38.47	26.08	39.45	22.36	72.72	20.1	48.37	31.05	15.62	62.48	37.95	16.12	42.19	29.73	50.36	17.89	42.05	49.19	26.91	70.46	25.3	31.62	44.05	37.74	38.47	26.83	56.32	70.18	37.12	19.72	63.53	27.8	59.48	21.19	24.74	12.37	18.03	12.37
7	30.46	41.23	40.2	46.86	53.85	50.99	24.41	0.0	34.93	24.74	63.25	48.04	34.93	44.72	30.59	66.84	38.47	71.22	11.66	8.94	60.83	38.83	34.99	28.43	8.0	36.06	41.04	18.44	30.07	50.99	46.04	49.19	10.77	48.66	13.42	14.56	51.11	41.18	65.0	41.59	44.1	39.4	51.62	48.27	7.0	20.4	13.6	6.4	18.79
8	60.83	28.84	38.21	16.49	60.13	60.83	59.06	34.93	0.0	39.29	66.12	70.71	66.27	72.25	62.51	66.75	69.31	103.32	29.73	43.86	68.12	64.5	66.6	33.53	32.56	34.06	74.4	17.2	34.0	84.88	13.42	84.1	28.43	66.48	21.54	20.59	85.88	34.23	66.37	69.18	78.77	4.47	85.21	45.28	38.28	44.05	47.17	41.15	50.61
9	52.35	26.08	18.87	42.43	77.82	75.39	40.5	24.74	39.29	0.0	86.83	72.11	32.25	34.23	30.0	89.89	59.23	88.57	34.0	28.07	85.09	26.08	55.32	50.48	17.09	56.85	58.31	31.24	10.0	66.24	44.05	59.67	32.25	73.35	25.46	28.28	62.8	60.83	88.32	31.4	57.14	42.76	67.54	69.81	31.58	45.12	35.06	28.02	41.05
10	53.67	92.2	97.41	82.0	10.0	15.23	67.68	63.25	66.12	86.83	0.0	38.21	92.2	104.69	87.86	6.0	56.92	80.1	52.84	65.12	8.25	100.5	58.31	36.77	69.97	32.56	67.68	58.82	88.77	76.16	78.03	85.44	54.59	28.28	62.77	60.17	84.12	32.0	3.0	101.83	78.19	68.0	74.73	21.02	57.63	45.25	60.14	63.13	56.22
11	22.36	87.86	88.2	86.76	30.07	24.08	38.47	48.04	70.71	72.11	38.21	0.0	64.5	77.9	60.83	44.18	21.26	42.76	43.68	44.41	30.59	76.16	24.08	38.42	56.04	42.52	31.62	55.71	78.1	38.63	84.12	49.4	45.61	10.0	55.79	54.41	47.41	47.2	41.19	75.59	42.44	74.43	37.0	42.54	41.05	28.64	37.48	44.1	31.58
12	42.19	58.31	49.68	73.38	82.22	77.79	26.08	34.93	66.27	32.25	92.2	64.5	0.0	13.42	4.47	96.83	44.94	64.78	46.17	28.64	87.68	14.14	41.23	61.74	34.0	69.86	38.47	52.15	42.19	42.19	74.22	31.62	45.61	70.0	46.04	48.17	35.44	75.39	94.49	11.4	32.14	70.46	44.1	81.01	37.16	47.2	32.2	31.38	36.07
13	55.57	58.82	48.33	76.66	94.76	90.55	39.45	44.72	72.25	34.23	104.69	77.9	13.42	0.0	17.2	109.12	58.31	76.11	56.36	40.0	100.5	8.25	54.63	72.72	41.76	80.62	51.42	60.17	43.17	54.04	78.23	42.19	55.46	83.23	53.85	56.32	46.17	85.88	106.89	3.16	44.1	76.11	56.08	92.36	48.26	59.46	44.55	42.44	48.92
14	38.47	56.04	48.08	70.23	77.9	73.54	22.36	30.59	62.51	30.0	87.86	60.83	4.47	17.2	0.0	92.46	41.76	63.56	41.76	24.17	83.45	16.12	37.95	57.27	30.07	65.39	36.06	48.04	40.0	40.79	70.88	31.3	41.23	66.03	42.0	44.05	34.93	70.94	90.14	14.76	30.81	66.75	42.58	76.54	32.7	42.8	27.8	26.93	31.83
15	59.09	93.68	99.54	82.22	15.23	20.88	72.72	66.84	66.75	89.89	6.0	44.18	96.83	109.12	92.46	0.0	62.64	86.09	56.04	69.31	14.14	104.65	63.91	39.45	73.24	34.18	73.38	60.93	91.24	82.0	78.1	91.08	57.69	34.23	65.3	62.61	89.84	32.56	3.0	106.22	83.82	68.26	80.6	21.59	61.55	49.68	64.66	67.18	61.03
16	8.49	79.62	77.2	83.74	47.54	41.76	20.1	38.47	69.31	59.23	56.92	21.26	44.94	58.31	41.76	62.64	0.0	34.06	39.6	31.62	50.16	57.72	4.0	43.08	45.69	50.0	10.77	52.35	67.05	20.0	82.07	28.64	41.04	29.53	50.0	49.68	27.2	55.79	59.77	56.3	21.47	73.59	19.1	55.08	32.45	26.08	25.08	32.7	19.72
17	42.52	111.52	107.33	117.46	72.69	66.75	48.37	71.22	103.32	88.57	80.1	42.76	64.78	76.11	63.56	86.09	34.06	0.0	73.59	63.25	72.03	78.92	36.77	76.16	77.67	82.29	30.53	86.28	97.53	22.8	115.97	34.0	74.97	52.61	83.55	83.45	30.0	87.73	83.1	75.33	32.76	107.63	21.19	84.77	65.86	60.0	57.63	65.0	53.08
18	31.11	44.41	46.39	44.41	43.86	41.76	31.05	11.66	29.73	34.0	52.84	43.68	46.17	56.36	41.76	56.04	39.6	73.59	0.0	18.11	51.26	50.48	36.88	16.97	17.2	24.41	44.94	12.81	36.88	55.57	42.52	56.32	2.0	42.05	12.17	10.77	57.58	29.53	54.38	53.24	50.33	34.06	55.76	36.8	10.05	15.23	18.68	15.13	21.1
19	24.33	48.37	45.61	55.61	55.32	51.61	15.62	8.94	43.86	28.07	65.12	44.41	28.64	40.0	24.17	69.31	31.62	63.25	18.11	0.0	61.61	35.38	27.86	33.11	14.42	41.23	32.8	27.2	35.44	42.43	54.92	40.25	18.0	46.82	22.36	23.41	42.19	46.82	67.18	37.01	35.23	48.33	43.19	52.48	8.54	20.0	7.0	3.0	13.0
20	47.71	92.78	97.02	84.38	8.0	10.0	62.48	60.83	68.12	85.09	8.25	30.59	87.68	100.5	83.45	14.14	50.16	72.03	51.26	61.61	0.0	96.83	51.88	36.5	68.03	34.06	60.93	58.86	87.93	68.96	80.62	78.79	53.14	20.88	62.1	59.67	77.25	34.93	11.18	97.74	71.59	70.46	67.45	24.7	54.71	41.62	56.08	59.91	51.62
21	53.85	50.6	40.25	68.47	90.69	86.83	37.95	38.83	64.5	26.08	100.5	76.16	14.14	8.25	16.12	104.65	57.72	78.92	50.48	35.38	96.83	0.0	53.85	67.2	34.93	74.89	52.15	53.14	34.93	56.32	70.11	45.61	49.4	80.62	46.82	49.4	49.48	79.92	102.55	5.83	46.27	68.26	58.22	87.01	43.19	55.32	40.8	37.48	45.79
22	6.32	76.03	73.38	80.72	48.7	43.08	16.12	34.99	66.6	55.32	58.31	24.08	41.23	54.63	37.95	63.91	4.0	36.77	36.88	27.86	51.88	53.85	0.0	41.76	42.05	49.03	10.0	49.52	63.25	20.4	79.2	27.2	38.21	31.62	46.86	46.69	26.31	54.92	61.1	52.55	19.92	70.94	19.92	55.01	29.21	24.17	21.47	29.07	16.4
23	35.44	56.32	60.73	50.0	28.64	28.0	42.19	28.43	33.53	50.48	36.77	38.42	61.74	72.72	57.27	39.45	43.08	76.16	16.97	33.11	36.5	67.2	41.76	0.0	34.06	8.25	51.42	22.36	52.0	62.1	46.82	66.12	18.44	33.11	26.0	23.41	66.48	14.14	38.01	69.64	59.3	36.77	61.68	19.85	24.6	18.11	30.81	30.41	30.02
24	37.95	34.0	32.25	42.19	60.83	58.31	29.73	8.0	32.56	17.09	69.97	56.04	34.0	41.76	30.07	73.24	45.69	77.67	17.2	14.42	68.03	34.93	42.05	34.06	0.0	41.04	47.2	18.44	22.09	56.64	42.05	53.25	15.62	56.57	12.17	14.56	55.61	45.61	71.56	38.6	48.92	36.88	57.49	53.76	15.0	28.28	20.62	13.0	26.25
25	42.76	59.67	65.39	50.36	26.08	27.2	50.36	36.06	34.06	56.85	32.56	42.52	69.86	80.62	65.39	34.18	50.0	82.29	24.41	41.23	34.06	74.89	49.03	8.25	41.04	0.0	58.86	26.83	57.31	69.43	46.69	74.03	25.61	35.61	31.62	28.84	74.24	6.0	33.24	77.52	67.12	36.5	68.88	13.04	32.7	26.0	39.05	38.48	38.12
26	16.12	80.99	76.97	87.73	58.24	52.5	17.89	41.04	74.4	58.31	67.68	31.62	38.47	51.42	36.06	73.38	10.77	30.53	44.94	32.8	60.93	52.15	10.0	51.42	47.2	58.86	0.0	57.2	67.08	10.77	86.56	17.89	46.04	40.25	53.81	54.04	16.49	64.78	70.52	49.82	10.82	78.82	10.82	65.01	36.24	33.53	27.59	34.71	23.85
27	43.86	34.06	38.63	31.62	50.99	50.16	42.05	18.44	17.2	31.24	58.82	55.71	52.15	60.17	48.04	60.93	52.35	86.28	12.81	27.2	58.86	53.14	49.52	22.36	18.44	26.83	57.2	0.0	30.53	67.68	29.73	67.23	11.31	52.95	6.32	4.0	68.88	30.0	59.81	57.01	61.72	21.63	68.01	39.82	21.1	27.78	30.02	24.35	33.42
28	59.67	16.12	10.2	34.0	80.32	78.59	49.19	30.07	34.0	10.0	88.77	78.1	42.19	43.17	40.0	91.24	67.05	97.53	36.88	35.44	87.93	34.93	63.25	52.0	22.09	57.31	67.08	30.53	0.0	75.47	36.22	69.43	34.93	78.23	26.0	28.64	72.47	60.46	89.96	40.52	66.61	36.77	76.66	70.33	37.05	50.04	42.2	34.71	48.05
29	26.68	90.0	85.09	97.84	67.08	61.19	26.91	50.99	84.88	66.24	76.16	38.63	42.19	54.04	40.79	82.0	20.0	22.8	55.57	42.43	68.96	56.32	20.4	62.1	56.64	69.43	10.77	67.68	75.47	0.0	96.83	13.42	56.6	48.08	64.03	64.4	10.0	75.31	79.08	53.01	10.05	89.31	2.24	75.06	46.62	44.27	37.8	44.6	34.48
30	73.59	25.06	36.77	4.47	72.69	73.76	70.46	46.04	13.42	44.05	78.03	84.12	74.22	78.23	70.88	78.1	82.07	115.97	42.52	54.92	80.62	70.11	79.2	46.82	42.05	46.69	86.56	29.73	36.22	96.83	0.0	95.02	41.04	79.85	32.8	32.56	97.1	46.04	78.01	75.33	90.14	10.2	97.31	57.01	50.33	57.2	59.03	52.43	62.97
31	32.56	84.85	78.41	95.41	75.89	70.23	25.3	49.19	84.1	59.67	85.44	49.4	31.62	42.19	31.3	91.08	28.64	34.0	56.32	40.25	78.79	45.61	27.2	66.12	53.25	74.03	17.89	67.23	69.43	13.42	95.02	0.0	56.92	58.14	62.61	63.56	4.0	80.02	88.26	41.59	7.28	88.57	15.65	81.5	46.49	48.04	37.64	42.95	36.35
32	32.56	42.43	44.41	42.8	45.69	43.68	31.62	10.77	28.43	32.25	54.59	45.61	45.61	55.46	41.23	57.69	41.04	74.97	2.0	18.0	53.14	49.4	38.21	18.44	15.62	25.61	46.04	11.31	34.93	56.6	41.04	56.92	0.0	44.05	10.2	8.94	58.31	30.53	56.08	52.33	51.08	32.8	56.86	38.18	10.44	17.09	19.31	15.0	22.2
33	28.28	86.37	88.09	82.87	20.1	14.14	44.05	48.66	66.48	73.35	28.28	10.0	70.0	83.23	66.03	34.23	29.53	52.61	42.05	46.82	20.88	80.62	31.62	33.11	56.57	35.61	40.25	52.95	78.23	48.08	79.85	58.14	44.05	0.0	54.15	52.35	56.46	39.6	31.26	80.71	51.0	69.86	46.57	33.62	41.77	28.28	40.31	45.88	34.89
34	41.62	32.25	34.93	33.94	54.41	52.95	37.74	13.42	21.54	25.46	62.77	55.79	46.04	53.85	42.0	65.3	50.0	83.55	12.17	22.36	62.1	46.82	46.86	26.0	12.17	31.62	53.81	6.32	26.0	64.03	32.8	62.61	10.2	54.15	0.0	2.83	64.5	35.38	63.98	50.7	57.45	26.0	64.54	44.65	17.69	27.2	26.25	19.72	30.48
35	41.23	34.06	37.36	34.06	51.92	50.64	38.47	14.56	20.59	28.28	60.17	54.41	48.17	56.32	44.05	62.61	49.68	83.45	10.77	23.41	59.67	49.4	46.69	23.41	14.56	28.84	54.04	4.0	28.64	64.4	32.56	63.56	8.94	52.35	2.83	0.0	65.3	32.56	61.33	53.16	58.18	25.06	64.82	41.88	17.8	26.0	26.63	20.62	30.41
36	32.06	87.73	81.61	97.65	74.73	68.96	26.83	51.11	85.88	62.8	84.12	47.41	35.44	46.17	34.93	89.84	27.2	30.0	57.58	42.19	77.25	49.48	26.31	66.48	55.61	74.24	16.49	68.88	72.47	10.0	97.1	4.0	58.31	56.46	64.5	65.3	0.0	80.22	86.98	45.54	7.28	90.35	12.21	81.15	47.93	48.37	39.0	44.78	37.11
37	48.66	61.35	68.0	50.0	27.2	29.53	56.32	41.18	34.23	60.83	32.0	47.2	75.39	85.88	70.94	32.56	55.79	87.73	29.53	46.82	34.93	79.92	54.92	14.14	45.61	6.0	64.78	30.0	60.46	75.31	46.04	80.02	30.53	39.6	35.38	32.56	80.22	0.0	32.14	82.76	73.11	36.0	74.73	11.05	38.28	32.0	44.91	44.01	44.1
38	56.36	92.89	98.43	82.05	12.53	18.03	70.18	65.0	66.37	88.32	3.0	41.19	94.49	106.89	90.14	3.0	59.77	83.1	54.38	67.18	11.18	102.55	61.1	38.01	71.56	33.24	70.52	59.81	89.96	79.08	78.01	88.26	56.08	31.26	63.98	61.33	86.98	32.14	0.0	104.0	80.99	68.07	77.67	21.1	59.55	47.42	62.37	65.12	58.6
39	53.24	56.3	46.07	73.82	91.92	87.78	37.12	41.59	69.18	31.4	101.83	75.59	11.4	3.16	14.76	106.22	56.3	75.33	53.24	37.01	97.74	5.83	52.55	69.64	38.6	77.52	49.82	57.01	40.52	53.01	75.33	41.59	52.33	80.71	50.7	53.16	45.54	82.76	104.0	0.0	43.0	73.06	55.0	89.31	45.22	56.59	41.73	39.41	46.23
40	25.32	81.57	76.01	90.8	68.62	62.97	19.72	44.1	78.77	57.14	78.19	42.44	32.14	44.1	30.81	83.82	21.47	32.76	50.33	35.23	71.59	46.27	19.92	59.3	48.92	67.12	10.82	61.72	66.61	10.05	90.14	7.28	51.08	51.0	57.45	58.18	7.28	73.11	80.99	43.0	0.0	83.24	12.0	74.33	40.72	41.19	31.78	37.74	29.83
41	65.12	29.73	40.0	14.0	62.51	63.56	63.53	39.4	4.47	42.76	68.0	74.43	70.46	76.11	66.75	68.26	73.59	107.63	34.06	48.33	70.46	68.26	70.94	36.77	36.88	36.5	78.82	21.63	36.77	89.31	10.2	88.57	32.8	69.86	26.0	25.06	90.35	36.0	68.07	73.06	83.24	0.0	89.63	47.01	42.72	48.17	51.62	45.62	55.0
42	26.25	91.02	86.35	98.41	65.76	59.84	27.8	51.62	85.21	67.54	74.73	37.0	44.1	56.08	42.58	80.6	19.1	21.19	55.76	43.19	67.45	58.22	19.92	61.68	57.49	68.88	10.82	68.01	76.66	2.24	97.31	15.65	56.86	46.57	64.54	64.82	12.21	74.73	77.67	55.0	12.0	89.63	0.0	74.17	47.01	44.01	38.29	45.25	34.67
43	49.09	72.12	78.29	61.01	17.49	21.21	59.48	48.27	45.28	69.81	21.02	42.54	81.01	92.36	76.54	21.59	55.08	84.77	36.8	52.48	24.7	87.01	55.01	19.85	53.76	13.04	65.01	39.82	70.33	75.06	57.01	81.5	38.18	33.62	44.65	41.88	81.15	11.05	21.1	89.31	74.33	47.01	74.17	0.0	44.1	34.79	49.24	49.93	47.13
44	24.19	47.76	47.17	51.62	48.01	44.78	21.19	7.0	38.28	31.58	57.63	41.05	37.16	48.26	32.7	61.55	32.45	65.86	10.05	8.54	54.71	43.19	29.21	24.6	15.0	32.7	36.24	21.1	37.05	46.62	50.33	46.49	10.44	41.77	17.69	17.8	47.93	38.28	59.55	45.22	40.72	42.72	47.01	44.1	0.0	13.6	8.94	5.83	12.81
45	17.89	59.23	60.0	59.36	35.38	31.62	24.74	20.4	44.05	45.12	45.25	28.64	47.2	59.46	42.8	49.68	26.08	60.0	15.23	20.0	41.62	55.32	24.17	18.11	28.28	26.0	33.53	27.78	50.04	44.27	57.2	48.04	17.09	28.28	27.2	26.0	48.37	32.0	47.42	56.59	41.19	48.17	44.01	34.79	13.6	0.0	15.0	18.36	12.37
46	17.46	54.56	52.39	60.14	50.21	46.1	12.37	13.6	47.17	35.06	60.14	37.48	32.2	44.55	27.8	64.66	25.08	57.63	18.68	7.0	56.08	40.8	21.47	30.81	20.62	39.05	27.59	30.02	42.2	37.8	59.03	37.64	19.31	40.31	26.25	26.63	39.0	44.91	62.37	41.73	31.78	51.62	38.29	49.24	8.94	15.0	0.0	7.62	6.0
47	25.0	46.96	44.91	53.26	53.41	49.93	18.03	6.4	41.15	28.02	63.13	44.1	31.38	42.44	26.93	67.18	32.7	65.0	15.13	3.0	59.91	37.48	29.07	30.41	13.0	38.48	34.71	24.35	34.71	44.6	52.43	42.95	15.0	45.88	19.72	20.62	44.78	44.01	65.12	39.41	37.74	45.62	45.25	49.93	5.83	18.36	7.62	0.0	13.34
48	11.7	60.01	58.25	64.38	46.23	41.73	12.37	18.79	50.61	41.05	56.22	31.58	36.07	48.92	31.83	61.03	19.72	53.08	21.1	13.0	51.62	45.79	16.4	30.02	26.25	38.12	23.85	33.42	48.05	34.48	62.97	36.35	22.2	34.89	30.48	30.41	37.11	44.1	58.6	46.23	29.83	55.0	34.67	47.13	12.81	12.37	6.0	13.34	0.0
;
