set K:= 1	2	3	4	5;
set C_H:= 1	2	3	4	5	6	7	8	9	10	11	12	13	14;
set C_S:= 15	16	17	18	19	20	21	22	23	24	25	26;
set C_F:= 27	28	29	30	31	32	33	34	35	36	37	38;
set M:= 39	40	41	42	43	44;
set L_B:= 45	46	47	48	49;
set A1:=
(0,*) 1 2 3 4 5 6 7 8 9 10 11 12 13 14 27 28 29 30 31 32 33 34 35 36 37 38 39 40 41 42 43 44 45 46 47 48 49
(1,*) 0 2 3 4 5 6 7 8 9 10 11 12 13 14 27 28 29 30 31 32 33 34 35 36 37 38 39 40 41 42 43 44 45 46 47 48 49
(2,*) 0 1 3 4 5 6 7 8 9 10 11 12 13 14 27 28 29 30 31 32 33 34 35 36 37 38 39 40 41 42 43 44 45 46 47 48 49
(3,*) 0 1 2 4 5 6 7 8 9 10 11 12 13 14 27 28 29 30 31 32 33 34 35 36 37 38 39 40 41 42 43 44 45 46 47 48 49
(4,*) 0 1 2 3 5 6 7 8 9 10 11 12 13 14 27 28 29 30 31 32 33 34 35 36 37 38 39 40 41 42 43 44 45 46 47 48 49
(5,*) 0 1 2 3 4 6 7 8 9 10 11 12 13 14 27 28 29 30 31 32 33 34 35 36 37 38 39 40 41 42 43 44 45 46 47 48 49
(6,*) 0 1 2 3 4 5 7 8 9 10 11 12 13 14 27 28 29 30 31 32 33 34 35 36 37 38 39 40 41 42 43 44 45 46 47 48 49
(7,*) 0 1 2 3 4 5 6 8 9 10 11 12 13 14 27 28 29 30 31 32 33 34 35 36 37 38 39 40 41 42 43 44 45 46 47 48 49
(8,*) 0 1 2 3 4 5 6 7 9 10 11 12 13 14 27 28 29 30 31 32 33 34 35 36 37 38 39 40 41 42 43 44 45 46 47 48 49
(9,*) 0 1 2 3 4 5 6 7 8 10 11 12 13 14 27 28 29 30 31 32 33 34 35 36 37 38 39 40 41 42 43 44 45 46 47 48 49
(10,*) 0 1 2 3 4 5 6 7 8 9 11 12 13 14 27 28 29 30 31 32 33 34 35 36 37 38 39 40 41 42 43 44 45 46 47 48 49
(11,*) 0 1 2 3 4 5 6 7 8 9 10 12 13 14 27 28 29 30 31 32 33 34 35 36 37 38 39 40 41 42 43 44 45 46 47 48 49
(12,*) 0 1 2 3 4 5 6 7 8 9 10 11 13 14 27 28 29 30 31 32 33 34 35 36 37 38 39 40 41 42 43 44 45 46 47 48 49
(13,*) 0 1 2 3 4 5 6 7 8 9 10 11 12 14 27 28 29 30 31 32 33 34 35 36 37 38 39 40 41 42 43 44 45 46 47 48 49
(14,*) 0 1 2 3 4 5 6 7 8 9 10 11 12 13 27 28 29 30 31 32 33 34 35 36 37 38 39 40 41 42 43 44 45 46 47 48 49
(27,*) 0 1 2 3 4 5 6 7 8 9 10 11 12 13 14 28 29 30 31 32 33 34 35 36 37 38 39 40 41 42 43 44 45 46 47 48 49
(28,*) 0 1 2 3 4 5 6 7 8 9 10 11 12 13 14 27 29 30 31 32 33 34 35 36 37 38 39 40 41 42 43 44 45 46 47 48 49
(29,*) 0 1 2 3 4 5 6 7 8 9 10 11 12 13 14 27 28 30 31 32 33 34 35 36 37 38 39 40 41 42 43 44 45 46 47 48 49
(30,*) 0 1 2 3 4 5 6 7 8 9 10 11 12 13 14 27 28 29 31 32 33 34 35 36 37 38 39 40 41 42 43 44 45 46 47 48 49
(31,*) 0 1 2 3 4 5 6 7 8 9 10 11 12 13 14 27 28 29 30 32 33 34 35 36 37 38 39 40 41 42 43 44 45 46 47 48 49
(32,*) 0 1 2 3 4 5 6 7 8 9 10 11 12 13 14 27 28 29 30 31 33 34 35 36 37 38 39 40 41 42 43 44 45 46 47 48 49
(33,*) 0 1 2 3 4 5 6 7 8 9 10 11 12 13 14 27 28 29 30 31 32 34 35 36 37 38 39 40 41 42 43 44 45 46 47 48 49
(34,*) 0 1 2 3 4 5 6 7 8 9 10 11 12 13 14 27 28 29 30 31 32 33 35 36 37 38 39 40 41 42 43 44 45 46 47 48 49
(35,*) 0 1 2 3 4 5 6 7 8 9 10 11 12 13 14 27 28 29 30 31 32 33 34 36 37 38 39 40 41 42 43 44 45 46 47 48 49
(36,*) 0 1 2 3 4 5 6 7 8 9 10 11 12 13 14 27 28 29 30 31 32 33 34 35 37 38 39 40 41 42 43 44 45 46 47 48 49
(37,*) 0 1 2 3 4 5 6 7 8 9 10 11 12 13 14 27 28 29 30 31 32 33 34 35 36 38 39 40 41 42 43 44 45 46 47 48 49
(38,*) 0 1 2 3 4 5 6 7 8 9 10 11 12 13 14 27 28 29 30 31 32 33 34 35 36 37 39 40 41 42 43 44 45 46 47 48 49
(39,*) 0 1 2 3 4 5 6 7 8 9 10 11 12 13 14 27 28 29 30 31 32 33 34 35 36 37 38 40 41 42 43 44 45 46 47 48 49
(40,*) 0 1 2 3 4 5 6 7 8 9 10 11 12 13 14 27 28 29 30 31 32 33 34 35 36 37 38 39 41 42 43 44 45 46 47 48 49
(41,*) 0 1 2 3 4 5 6 7 8 9 10 11 12 13 14 27 28 29 30 31 32 33 34 35 36 37 38 39 40 42 43 44 45 46 47 48 49
(42,*) 0 1 2 3 4 5 6 7 8 9 10 11 12 13 14 27 28 29 30 31 32 33 34 35 36 37 38 39 40 41 43 44 45 46 47 48 49
(43,*) 0 1 2 3 4 5 6 7 8 9 10 11 12 13 14 27 28 29 30 31 32 33 34 35 36 37 38 39 40 41 42 44 45 46 47 48 49
(44,*) 0 1 2 3 4 5 6 7 8 9 10 11 12 13 14 27 28 29 30 31 32 33 34 35 36 37 38 39 40 41 42 43 45 46 47 48 49
(45,*) 0 1 2 3 4 5 6 7 8 9 10 11 12 13 14 27 28 29 30 31 32 33 34 35 36 37 38 39 40 41 42 43 44 46 47 48 49
(46,*) 0 1 2 3 4 5 6 7 8 9 10 11 12 13 14 27 28 29 30 31 32 33 34 35 36 37 38 39 40 41 42 43 44 45 47 48 49
(47,*) 0 1 2 3 4 5 6 7 8 9 10 11 12 13 14 27 28 29 30 31 32 33 34 35 36 37 38 39 40 41 42 43 44 45 46 48 49
(48,*) 0 1 2 3 4 5 6 7 8 9 10 11 12 13 14 27 28 29 30 31 32 33 34 35 36 37 38 39 40 41 42 43 44 45 46 47 49
(49,*) 0 1 2 3 4 5 6 7 8 9 10 11 12 13 14 27 28 29 30 31 32 33 34 35 36 37 38 39 40 41 42 43 44 45 46 47 48
;
set A2:=
(39,*) 40
(40,*) 39
(41,*) 42
(42,*) 41
;
param BigM:=99999;
param n:= 5;
param d:=
1	20
2	26
3	23
4	20
5	9
6	3
7	20
8	16
9	22
10	12
11	24
12	1
13	7
14	19
15	5
16	3
17	15
18	3
19	21
20	24
21	14
22	6
23	3
24	3
25	10
26	2
27	24
28	16
29	6
30	13
31	5
32	20
33	6
34	13
35	6
36	24
37	4
38	7
;
param Q:=100;
param w:=
[39,*] 40 0.1
[40,*] 39 0.1
[41,*] 42 0.1
[42,*] 41 0.1
;
param V:=
[39,*] 40 100
[40,*] 39 100
[41,*] 42 84
[42,*] 41 84
;
param e:
	39	40	41	42	43	44	45	46	47	48	49:=
15		0		1		0		0		0		0		0		0		0		0		0	
16		0		0		1		0		0		1		0		0		0		0		0	
17		0		0		1		0		0		1		0		0		0		0		0	
18		0		0		0		0		0		0		1		0		0		0		0	
19		0		1		0		0		0		0		0		0		0		0		0	
20		0		1		0		0		0		0		0		1		0		0		0	
21		0		0		0		0		0		1		0		0		0		0		0	
22		0		0		0		0		0		0		1		0		0		0		0	
23		0		1		0		0		0		0		0		0		0		0		0	
24		0		1		0		0		0		0		0		0		0		0		0	
25		0		1		0		0		0		0		1		0		0		0		0	
26		0		1		0		0		0		0		0		0		0		0		1	
27		0		0		1		0		0		1		0		0		0		0		0	
28		0		0		0		0		0		1		0		0		0		0		1	
29		0		0		1		0		0		1		0		0		0		0		0	
30		0		1		0		0		0		0		0		1		0		1		0	
31		0		1		0		0		0		0		0		0		0		0		0	
32		1		0		0		0		1		0		0		0		0		0		0	
33		0		0		0		0		0		1		0		0		0		0		0	
34		0		0		1		0		0		1		0		0		0		0		0	
35		1		0		0		0		1		0		0		0		0		0		0	
36		0		0		1		0		0		0		0		0		0		0		0	
37		0		0		0		0		1		0		0		0		0		0		0	
38		0		1		0		0		0		0		0		1		1		1		1	
;
param p:=
1	3
2	3
3	3
4	3
5	3
;
param G:=
39	100
40	70
41	70
42	84
43	72
44	92
45	89
46	86
47	78
48	91
49	84
;
param s:=
0	0
1	10
2	10
3	10
4	10
5	10
6	10
7	10
8	10
9	10
10	10
11	10
12	10
13	10
14	10
27	10
28	10
29	10
30	10
31	10
32	10
33	10
34	10
35	10
36	10
37	10
38	10
39	10
40	10
41	10
42	10
43	10
44	10
45	10
46	10
47	10
48	10
49	10
;
param t:
	0	1	2	3	4	5	6	7	8	9	10	11	12	13	14	15	16	17	18	19	20	21	22	23	24	25	26	27	28	29	30	31	32	33	34	35	36	37	38	39	40	41	42	43	44	45	46	47	48	49:=
0	0.0	4.0	62.03	47.41	18.0	27.2	48.37	86.35	41.23	68.96	52.8	63.15	36.5	18.87	61.06	37.58	88.54	77.25	22.8	19.7	2.0	45.12	40.5	43.27	14.42	34.53	32.25	70.0	61.19	69.57	16.12	14.42	73.76	50.99	65.51	76.16	85.16	95.85	36.5	77.1	25.61	87.09	54.57	86.21	66.41	44.28	31.95	43.66	40.16	42.19
1	4.0	0.0	58.31	45.69	14.0	24.08	48.04	82.46	38.21	65.15	49.68	62.51	37.36	17.09	59.06	34.0	84.76	73.54	19.8	16.12	6.0	41.23	36.77	40.0	16.97	35.44	28.84	66.0	57.27	65.79	12.17	16.97	71.22	47.41	61.61	72.72	81.22	92.2	32.56	74.25	23.32	83.24	53.76	83.1	62.63	40.71	28.23	39.92	36.4	38.21
2	62.03	58.31	0.0	73.43	45.65	52.35	87.2	26.08	26.31	42.76	56.32	95.77	86.37	48.37	78.43	24.74	26.68	15.23	53.81	42.38	63.91	18.44	41.18	22.09	74.24	65.12	30.59	25.06	10.2	8.0	46.52	66.75	78.64	12.0	10.0	60.53	44.41	67.08	27.2	75.03	42.05	26.02	87.46	75.66	5.1	44.78	43.28	40.72	40.31	30.53
3	47.41	45.69	73.43	0.0	42.19	26.0	17.09	87.68	68.73	49.19	22.36	22.36	28.64	59.23	14.14	59.23	93.51	86.02	28.28	50.16	48.37	56.46	32.25	67.47	42.43	80.99	58.31	63.78	66.03	77.67	44.41	61.77	29.53	68.35	70.0	44.18	68.03	66.12	50.0	35.74	62.29	89.83	14.21	47.3	75.17	29.21	32.02	33.02	33.12	42.94
4	18.0	14.0	45.65	42.19	0.0	16.49	49.48	68.96	29.53	52.0	40.0	62.29	43.27	17.89	53.85	22.63	71.69	60.83	14.0	8.0	20.0	27.86	24.41	30.0	28.64	41.62	18.87	52.0	43.68	52.8	2.83	28.64	63.53	35.61	48.08	61.22	67.47	79.65	18.97	65.22	20.1	69.89	53.24	72.86	49.66	29.07	16.28	27.46	23.85	24.33
5	27.2	24.08	52.35	26.0	16.49	0.0	35.78	71.69	43.17	44.18	25.61	47.07	34.41	34.18	37.36	34.18	76.03	66.6	4.47	24.33	28.84	34.06	16.12	42.38	30.27	57.31	32.56	50.6	47.2	58.14	18.97	41.04	47.71	44.94	51.61	49.19	62.03	69.57	26.08	50.25	36.5	73.25	38.08	59.03	55.23	18.25	9.43	19.03	16.28	23.32
6	48.37	48.04	87.2	17.09	49.48	35.78	0.0	103.48	78.43	66.21	39.4	15.23	16.97	64.12	26.31	69.86	108.9	100.66	36.06	57.27	48.66	69.34	46.69	78.0	38.63	82.87	67.68	80.0	80.72	92.2	50.99	61.61	42.76	80.62	84.9	60.83	85.09	82.61	61.77	50.25	68.73	105.48	8.6	62.2	89.5	44.69	44.1	48.1	47.42	56.85
7	86.35	82.46	26.08	87.68	68.96	71.69	103.48	0.0	52.35	43.86	66.84	109.12	106.0	74.11	88.81	50.16	8.0	14.42	74.24	67.08	88.29	41.23	57.2	48.17	97.41	91.08	56.14	24.41	25.3	18.11	70.34	92.35	84.1	38.05	20.88	60.73	34.0	58.14	50.0	78.19	68.0	3.0	101.83	74.73	21.02	58.8	62.27	55.44	56.61	48.37
8	41.23	38.21	26.31	68.73	29.53	43.17	78.43	52.35	0.0	57.2	58.86	90.24	72.72	24.17	78.0	10.2	52.04	40.05	42.38	22.8	42.8	20.0	40.45	4.47	55.17	38.83	10.77	46.04	31.3	34.23	28.84	42.38	83.55	14.56	34.18	72.47	65.6	85.04	20.4	82.57	17.09	52.09	81.25	86.82	31.4	45.71	37.05	41.98	39.46	31.62
9	68.96	65.15	42.76	49.19	52.0	44.18	66.21	43.86	57.2	0.0	26.83	68.41	73.76	66.57	46.69	48.17	51.26	48.37	48.37	55.57	70.88	37.2	28.64	53.25	74.43	90.0	52.35	20.4	32.56	42.0	54.63	80.62	40.25	46.52	34.06	18.0	18.97	28.43	39.7	34.48	64.03	46.62	62.43	33.06	41.11	26.02	37.11	25.5	28.86	28.84
10	52.8	49.68	56.32	22.36	40.0	25.61	39.4	66.84	58.86	26.83	0.0	42.43	48.17	57.69	22.36	48.66	73.24	67.08	30.0	46.65	54.41	42.05	18.44	56.32	53.85	81.61	50.0	42.52	47.54	59.09	42.8	66.6	24.74	54.15	50.99	24.74	45.69	46.39	38.47	25.24	58.14	69.2	35.81	33.42	57.01	13.15	24.19	17.03	19.42	28.0
11	63.15	62.51	95.77	22.36	62.29	47.07	15.23	109.12	90.24	68.41	42.43	0.0	31.62	78.03	22.36	81.04	115.26	108.17	48.37	70.26	63.56	78.79	54.59	89.29	53.85	97.67	79.62	84.9	88.2	99.86	64.12	76.66	36.5	90.62	92.09	59.09	86.53	79.7	72.11	44.91	82.1	111.4	9.06	56.72	97.42	51.31	54.08	55.23	55.47	65.3
12	36.5	37.36	86.37	28.64	43.27	34.41	16.97	106.0	72.72	73.76	48.17	31.62	0.0	54.41	41.23	65.6	110.44	100.9	32.56	50.12	36.22	67.94	49.19	73.24	24.08	70.0	62.13	84.1	81.61	92.46	43.91	48.04	57.58	77.9	86.02	72.03	92.65	94.02	59.4	64.29	60.17	107.62	25.5	75.93	89.5	49.04	43.83	51.48	49.65	57.69
13	18.87	17.09	48.37	59.23	17.89	34.18	64.12	74.11	24.17	66.57	57.69	78.03	54.41	0.0	71.47	24.0	74.97	63.15	31.05	11.31	20.0	34.53	41.04	27.2	33.29	24.08	18.0	62.1	50.16	56.32	15.23	18.44	81.41	36.5	54.04	77.79	79.85	94.87	27.86	82.93	7.21	74.33	69.07	90.14	53.24	46.1	33.6	43.84	40.31	37.74
14	61.06	59.06	78.43	14.14	53.85	37.36	26.31	88.81	78.0	46.69	22.36	22.36	41.23	71.47	0.0	68.03	95.41	89.44	40.5	61.61	62.13	63.15	38.47	76.11	56.57	94.02	68.12	64.4	69.86	81.44	56.32	75.47	16.49	75.31	73.35	36.77	64.4	57.72	58.14	24.02	73.76	91.26	19.03	36.01	79.31	33.96	41.05	38.08	39.46	49.03
15	37.58	34.0	24.74	59.23	22.63	34.18	69.86	50.16	10.2	48.17	48.66	81.04	65.6	24.0	68.03	0.0	51.42	39.85	34.0	17.89	39.4	11.66	30.27	8.25	50.48	43.86	6.0	39.4	26.31	32.56	22.8	42.19	73.35	13.42	30.07	62.77	58.31	76.37	10.2	72.42	18.44	50.49	72.12	76.92	29.43	35.51	27.29	31.78	29.27	21.54
16	88.54	84.76	26.68	93.51	71.69	76.03	108.9	8.0	52.04	51.26	73.24	115.26	110.44	74.97	95.41	51.42	0.0	12.0	78.23	68.96	90.44	43.86	62.29	48.17	100.32	90.2	57.27	31.3	28.84	18.97	72.8	93.38	91.39	38.47	24.41	68.41	42.0	66.12	52.8	85.7	68.47	5.0	107.71	82.57	22.14	64.38	66.61	60.81	61.62	52.8
17	77.25	73.54	15.23	86.02	60.83	66.6	100.66	14.42	40.05	48.37	67.08	108.17	100.9	63.15	89.44	39.85	12.0	0.0	68.41	57.58	79.12	33.29	54.04	36.22	89.44	78.23	45.61	28.07	20.0	8.49	61.74	81.58	87.36	26.68	16.12	66.27	43.68	67.91	42.19	82.57	56.57	13.0	100.21	81.1	11.4	56.86	57.31	53.01	53.26	43.86
18	22.8	19.8	53.81	28.28	14.0	4.47	36.06	74.24	42.38	48.37	30.0	48.37	32.56	31.05	40.5	34.0	78.23	68.41	0.0	22.0	24.41	35.38	20.0	42.05	26.08	53.67	31.62	53.85	49.4	60.0	16.12	36.77	51.61	45.61	53.85	53.67	66.0	74.0	26.91	54.45	34.06	75.66	39.32	63.41	57.01	22.56	12.37	23.02	20.02	26.0
19	19.7	16.12	42.38	50.16	8.0	24.33	57.27	67.08	22.8	55.57	46.65	70.26	50.12	11.31	61.61	17.89	68.96	57.58	22.0	0.0	21.54	26.08	29.73	24.08	32.8	35.38	12.81	52.61	42.19	50.0	6.32	26.31	70.68	31.3	46.39	66.48	69.57	83.76	18.11	71.87	12.17	67.68	61.2	78.87	46.84	34.83	22.47	32.53	29.0	26.83
20	2.0	6.0	63.91	48.37	20.0	28.84	48.66	88.29	42.8	70.88	54.41	63.56	36.22	20.0	62.13	39.4	90.44	79.12	24.41	21.54	0.0	47.07	42.38	44.94	13.42	34.23	34.0	72.0	63.15	71.47	18.11	13.42	75.07	52.8	67.47	77.9	87.13	97.69	38.47	78.57	26.91	89.02	55.08	87.8	68.31	46.1	33.84	45.54	42.06	44.18
21	45.12	41.23	18.44	56.46	27.86	34.06	69.34	41.23	20.0	37.2	42.05	78.79	67.94	34.53	63.15	11.66	43.86	33.29	35.38	26.08	47.07	0.0	24.74	16.12	56.46	55.46	17.09	27.86	16.12	25.06	29.12	52.04	66.12	12.17	20.4	52.8	46.65	65.12	8.94	64.13	29.73	42.06	70.21	67.42	21.95	29.27	25.24	25.18	23.77	14.14
22	40.5	36.77	41.18	32.25	24.41	16.12	46.69	57.2	40.45	28.64	18.44	54.59	49.19	41.04	38.47	30.27	62.29	54.04	20.0	29.73	42.38	24.74	0.0	38.05	46.04	65.12	31.62	34.93	34.06	45.61	27.2	52.84	43.17	36.88	38.21	36.88	46.0	55.46	20.1	42.95	40.5	59.03	46.32	49.2	43.01	5.39	8.54	3.16	1.0	10.77
23	43.27	40.0	22.09	67.47	30.0	42.38	78.0	48.17	4.47	53.25	56.32	89.29	73.24	27.2	76.11	8.25	48.17	36.22	42.05	24.08	44.94	16.12	38.05	0.0	56.85	43.17	11.31	41.62	26.83	30.07	29.73	45.61	80.89	10.2	29.73	68.88	61.22	80.92	18.0	79.56	20.4	48.01	80.36	83.38	27.17	43.19	35.51	39.32	37.05	28.64
24	14.42	16.97	74.24	42.43	28.64	30.27	38.63	97.41	55.17	74.43	53.85	53.85	24.08	33.29	56.57	50.48	100.32	89.44	26.08	32.8	13.42	56.46	46.04	56.85	0.0	46.04	45.61	78.92	72.11	81.44	27.78	24.0	71.22	63.81	76.55	78.43	92.02	99.46	47.54	76.01	40.0	98.43	46.07	86.35	78.29	48.51	38.01	49.09	46.01	50.64
25	34.53	35.44	65.12	80.99	41.62	57.31	82.87	91.08	38.83	90.0	81.61	97.67	70.0	24.08	94.02	43.86	90.2	78.23	53.67	35.38	34.23	55.46	65.12	43.17	46.04	0.0	38.47	83.26	69.57	72.99	38.83	22.09	104.96	53.37	72.8	101.82	102.0	118.41	50.48	106.83	26.08	90.67	89.05	114.21	70.21	70.18	57.63	67.9	64.38	61.22
26	32.25	28.84	30.59	58.31	18.87	32.56	67.68	56.14	10.77	52.35	50.0	79.62	62.13	18.0	68.12	6.0	57.27	45.61	31.62	12.81	34.0	17.09	31.62	11.31	45.61	38.47	0.0	44.94	32.25	38.47	18.44	36.22	74.73	18.97	36.06	66.03	63.53	80.72	12.81	74.46	12.65	56.44	70.61	79.76	35.36	37.0	27.07	33.62	30.68	24.41
27	70.0	66.0	25.06	63.78	52.0	50.6	80.0	24.41	46.04	20.4	42.52	84.9	84.1	62.1	64.4	39.4	31.3	28.07	53.85	52.61	72.0	27.86	34.93	41.62	78.92	83.26	44.94	0.0	15.62	22.36	54.04	78.92	60.17	32.56	15.23	38.21	19.8	42.05	34.53	54.82	57.58	26.93	77.83	53.04	22.14	35.51	41.48	32.65	34.54	28.28
28	61.19	57.27	10.2	66.03	43.68	47.2	80.72	25.3	31.3	32.56	47.54	88.2	81.61	50.16	69.86	26.31	28.84	20.0	49.4	42.19	63.15	16.12	34.06	26.83	72.11	69.57	32.25	15.62	0.0	11.66	45.12	68.0	69.05	17.2	4.47	50.36	35.38	57.31	24.74	65.12	44.72	26.4	80.21	65.49	9.49	36.89	37.8	33.02	33.3	24.08
29	69.57	65.79	8.0	77.67	52.8	58.14	92.2	18.11	34.23	42.0	59.09	99.86	92.46	56.32	81.44	32.56	18.97	8.49	60.0	50.0	71.47	25.06	45.61	30.07	81.44	72.99	38.47	22.36	11.66	0.0	53.85	74.67	80.05	20.0	8.25	60.0	40.25	63.91	34.0	75.66	50.04	18.03	91.84	75.03	3.16	48.55	48.84	44.65	44.82	35.38
30	16.12	12.17	46.52	44.41	2.83	18.97	50.99	70.34	28.84	54.63	42.8	64.12	43.91	15.23	56.32	22.8	72.8	61.74	16.12	6.32	18.11	29.12	27.2	29.73	27.78	38.83	18.44	54.04	45.12	53.85	0.0	26.0	66.24	36.06	49.48	64.03	69.86	82.37	20.4	68.01	18.0	71.17	55.08	75.69	50.7	31.89	19.1	30.23	26.63	26.68
31	14.42	16.97	66.75	61.77	28.64	41.04	61.61	92.35	42.38	80.62	66.6	76.66	48.04	18.44	75.47	42.19	93.38	81.58	36.77	26.31	13.42	52.04	52.84	45.61	24.0	22.09	36.22	78.92	68.0	74.67	26.0	0.0	88.09	54.92	72.03	89.31	95.6	108.24	44.41	91.22	25.3	92.66	68.31	100.0	71.57	57.14	44.42	55.95	52.35	52.5
32	73.76	71.22	78.64	29.53	63.53	47.71	42.76	84.1	83.55	40.25	24.74	36.5	57.58	81.41	16.49	73.35	91.39	87.36	51.61	70.68	75.07	66.12	43.17	80.89	71.22	104.96	74.73	60.17	69.05	80.05	66.24	88.09	0.0	78.03	71.81	25.46	55.32	43.86	63.15	8.54	82.46	86.82	35.13	20.22	78.45	37.85	48.47	41.59	44.15	52.35
33	50.99	47.41	12.0	68.35	35.61	44.94	80.62	38.05	14.56	46.52	54.15	90.62	77.9	36.5	75.31	13.42	38.47	26.68	45.61	31.3	52.8	12.17	36.88	10.2	63.81	53.37	18.97	32.56	17.2	20.0	36.06	54.92	78.03	0.0	19.7	63.25	52.35	73.24	18.87	75.66	30.07	38.01	81.94	78.16	17.03	41.44	36.67	37.34	35.9	26.31
34	65.51	61.61	10.0	70.0	48.08	51.61	84.9	20.88	34.18	34.06	50.99	92.09	86.02	54.04	73.35	30.07	24.41	16.12	53.85	46.39	67.47	20.4	38.21	29.73	76.55	72.8	36.06	15.23	4.47	8.25	49.48	72.03	71.81	19.7	0.0	52.04	34.41	57.27	29.12	67.48	48.37	21.93	84.2	67.12	7.07	40.8	42.2	37.01	37.48	28.43
35	76.16	72.72	60.53	44.18	61.22	49.19	60.83	60.73	72.47	18.0	24.74	59.09	72.03	77.79	36.77	62.77	68.41	66.27	53.67	66.48	77.9	52.8	36.88	68.88	78.43	101.82	66.03	38.21	50.36	60.0	64.03	89.31	25.46	63.25	52.04	0.0	30.0	22.0	53.25	18.03	76.58	63.6	55.08	15.13	59.08	32.2	45.0	33.97	37.54	41.62
36	85.16	81.22	44.41	68.03	67.47	62.03	85.09	34.0	65.6	18.97	45.69	86.53	92.65	79.85	64.4	58.31	42.0	43.68	66.0	69.57	87.13	46.65	46.0	61.22	92.02	102.0	63.53	19.8	35.38	40.25	69.86	95.6	55.32	52.35	34.41	30.0	0.0	24.33	52.0	48.01	76.03	37.0	81.01	42.15	40.82	44.28	54.08	43.01	46.01	43.17
37	95.85	92.2	67.08	66.12	79.65	69.57	82.61	58.14	85.04	28.43	46.39	79.7	94.02	94.87	57.72	76.37	66.12	67.91	74.0	83.76	97.69	65.12	55.46	80.92	99.46	118.41	80.72	42.05	57.31	63.91	82.37	108.24	43.86	73.24	57.27	22.0	24.33	0.0	68.12	35.34	92.46	61.13	76.49	25.0	64.08	51.62	63.98	52.33	55.9	57.2
38	36.5	32.56	27.2	50.0	18.97	26.08	61.77	50.0	20.4	39.7	38.47	72.11	59.4	27.86	58.14	10.2	52.8	42.19	26.91	18.11	38.47	8.94	20.1	18.0	47.54	50.48	12.81	34.53	24.74	34.0	20.4	44.41	63.15	18.87	29.12	53.25	52.0	68.12	0.0	62.3	24.41	50.92	63.32	67.12	30.89	25.32	18.03	21.59	19.1	11.66
39	77.1	74.25	75.03	35.74	65.22	50.25	50.25	78.19	82.57	34.48	25.24	44.91	64.29	82.93	24.02	72.42	85.7	82.57	54.45	71.87	78.57	64.13	42.95	79.56	76.01	106.83	74.46	54.82	65.12	75.66	68.01	91.22	8.54	75.66	67.48	18.03	48.01	35.34	62.3	0.0	83.24	80.99	43.0	12.0	74.33	37.58	49.4	40.85	43.86	50.96
40	25.61	23.32	42.05	62.29	20.1	36.5	68.73	68.0	17.09	64.03	58.14	82.1	60.17	7.21	73.76	18.44	68.47	56.57	34.06	12.17	26.91	29.73	40.5	20.4	40.0	26.08	12.65	57.58	44.72	50.04	18.0	25.3	82.46	30.07	48.37	76.58	76.03	92.46	24.41	83.24	0.0	68.07	73.06	89.63	47.01	45.79	34.01	43.01	39.66	35.38
41	87.09	83.24	26.02	89.83	69.89	73.25	105.48	3.0	52.09	46.62	69.2	111.4	107.62	74.33	91.26	50.49	5.0	13.0	75.66	67.68	89.02	42.06	59.03	48.01	98.43	90.67	56.44	26.93	26.4	18.03	71.17	92.66	86.82	38.01	21.93	63.6	37.0	61.13	50.92	80.99	68.07	0.0	104.0	77.67	21.1	60.83	63.81	57.38	58.41	49.93
42	54.57	53.76	87.46	14.21	53.24	38.08	8.6	101.83	81.25	62.43	35.81	9.06	25.5	69.07	19.03	72.12	107.71	100.21	39.32	61.2	55.08	70.21	46.32	80.36	46.07	89.05	70.61	77.83	80.21	91.84	55.08	68.31	35.13	81.94	84.2	55.08	81.01	76.49	63.32	43.0	73.06	104.0	0.0	55.0	89.31	43.42	45.31	47.2	47.17	56.94
43	86.21	83.1	75.66	47.3	72.86	59.03	62.2	74.73	86.82	33.06	33.42	56.72	75.93	90.14	36.01	76.92	82.57	81.1	63.41	78.87	87.8	67.42	49.2	83.38	86.35	114.21	79.76	53.04	65.49	75.03	75.69	100.0	20.22	78.16	67.12	15.13	42.15	25.0	67.12	12.0	89.63	77.67	55.0	0.0	74.17	44.05	56.64	46.62	50.0	55.47
44	66.41	62.63	5.1	75.17	49.66	55.23	89.5	21.02	31.4	41.11	57.01	97.42	89.5	53.24	79.31	29.43	22.14	11.4	57.01	46.84	68.31	21.95	43.01	27.17	78.29	70.21	35.36	22.14	9.49	3.16	50.7	71.57	78.45	17.03	7.07	59.08	40.82	64.08	30.89	74.33	47.01	21.1	89.31	74.17	0.0	46.14	45.97	42.19	42.2	32.65
45	44.28	40.71	44.78	29.21	29.07	18.25	44.69	58.8	45.71	26.02	13.15	51.31	49.04	46.1	33.96	35.51	64.38	56.86	22.56	34.83	46.1	29.27	5.39	43.19	48.51	70.18	37.0	35.51	36.89	48.55	31.89	57.14	37.85	41.44	40.8	32.2	44.28	51.62	25.32	37.58	45.79	60.83	43.42	44.05	46.14	0.0	12.81	4.12	6.32	15.13
46	31.95	28.23	43.28	32.02	16.28	9.43	44.1	62.27	37.05	37.11	24.19	54.08	43.83	33.6	41.05	27.29	66.61	57.31	12.37	22.47	33.84	25.24	8.54	35.51	38.01	57.63	27.07	41.48	37.8	48.84	19.1	44.42	48.47	36.67	42.2	45.0	54.08	63.98	18.03	49.4	34.01	63.81	45.31	56.64	45.97	12.81	0.0	11.7	8.25	13.89
47	43.66	39.92	40.72	33.02	27.46	19.03	48.1	55.44	41.98	25.5	17.03	55.23	51.48	43.84	38.08	31.78	60.81	53.01	23.02	32.53	45.54	25.18	3.16	39.32	49.09	67.9	33.62	32.65	33.02	44.65	30.23	55.95	41.59	37.34	37.01	33.97	43.01	52.33	21.59	40.85	43.01	57.38	47.2	46.62	42.19	4.12	11.7	0.0	3.61	11.05
48	40.16	36.4	40.31	33.12	23.85	16.28	47.42	56.61	39.46	28.86	19.42	55.47	49.65	40.31	39.46	29.27	61.62	53.26	20.02	29.0	42.06	23.77	1.0	37.05	46.01	64.38	30.68	34.54	33.3	44.82	26.63	52.35	44.15	35.9	37.48	37.54	46.01	55.9	19.1	43.86	39.66	58.41	47.17	50.0	42.2	6.32	8.25	3.61	0.0	9.85
49	42.19	38.21	30.53	42.94	24.33	23.32	56.85	48.37	31.62	28.84	28.0	65.3	57.69	37.74	49.03	21.54	52.8	43.86	26.0	26.83	44.18	14.14	10.77	28.64	50.64	61.22	24.41	28.28	24.08	35.38	26.68	52.5	52.35	26.31	28.43	41.62	43.17	57.2	11.66	50.96	35.38	49.93	56.94	55.47	32.65	15.13	13.89	11.05	9.85	0.0
;
