set K:= 1	2	3	4	5	6;
set C_H:= 1	2	3	4	5	6	7	8	9	10	11	12;
set C_S:= 13	14	15	16	17	18	19	20	21	22	23	24;
set C_F:= 25	26	27	28	29	30	31	32	33	34	35	36;
set M:= 37	38	39	40	41	42;
set L_B:= 43	44	45	46	47	48;
set A1:=
(0,*) 1 2 3 4 5 6 7 8 9 10 11 12 25 26 27 28 29 30 31 32 33 34 35 36 37 38 39 40 41 42 43 44 45 46 47 48
(1,*) 0 2 3 4 5 6 7 8 9 10 11 12 25 26 27 28 29 30 31 32 33 34 35 36 37 38 39 40 41 42 43 44 45 46 47 48
(2,*) 0 1 3 4 5 6 7 8 9 10 11 12 25 26 27 28 29 30 31 32 33 34 35 36 37 38 39 40 41 42 43 44 45 46 47 48
(3,*) 0 1 2 4 5 6 7 8 9 10 11 12 25 26 27 28 29 30 31 32 33 34 35 36 37 38 39 40 41 42 43 44 45 46 47 48
(4,*) 0 1 2 3 5 6 7 8 9 10 11 12 25 26 27 28 29 30 31 32 33 34 35 36 37 38 39 40 41 42 43 44 45 46 47 48
(5,*) 0 1 2 3 4 6 7 8 9 10 11 12 25 26 27 28 29 30 31 32 33 34 35 36 37 38 39 40 41 42 43 44 45 46 47 48
(6,*) 0 1 2 3 4 5 7 8 9 10 11 12 25 26 27 28 29 30 31 32 33 34 35 36 37 38 39 40 41 42 43 44 45 46 47 48
(7,*) 0 1 2 3 4 5 6 8 9 10 11 12 25 26 27 28 29 30 31 32 33 34 35 36 37 38 39 40 41 42 43 44 45 46 47 48
(8,*) 0 1 2 3 4 5 6 7 9 10 11 12 25 26 27 28 29 30 31 32 33 34 35 36 37 38 39 40 41 42 43 44 45 46 47 48
(9,*) 0 1 2 3 4 5 6 7 8 10 11 12 25 26 27 28 29 30 31 32 33 34 35 36 37 38 39 40 41 42 43 44 45 46 47 48
(10,*) 0 1 2 3 4 5 6 7 8 9 11 12 25 26 27 28 29 30 31 32 33 34 35 36 37 38 39 40 41 42 43 44 45 46 47 48
(11,*) 0 1 2 3 4 5 6 7 8 9 10 12 25 26 27 28 29 30 31 32 33 34 35 36 37 38 39 40 41 42 43 44 45 46 47 48
(12,*) 0 1 2 3 4 5 6 7 8 9 10 11 25 26 27 28 29 30 31 32 33 34 35 36 37 38 39 40 41 42 43 44 45 46 47 48
(25,*) 0 1 2 3 4 5 6 7 8 9 10 11 12 26 27 28 29 30 31 32 33 34 35 36 37 38 39 40 41 42 43 44 45 46 47 48
(26,*) 0 1 2 3 4 5 6 7 8 9 10 11 12 25 27 28 29 30 31 32 33 34 35 36 37 38 39 40 41 42 43 44 45 46 47 48
(27,*) 0 1 2 3 4 5 6 7 8 9 10 11 12 25 26 28 29 30 31 32 33 34 35 36 37 38 39 40 41 42 43 44 45 46 47 48
(28,*) 0 1 2 3 4 5 6 7 8 9 10 11 12 25 26 27 29 30 31 32 33 34 35 36 37 38 39 40 41 42 43 44 45 46 47 48
(29,*) 0 1 2 3 4 5 6 7 8 9 10 11 12 25 26 27 28 30 31 32 33 34 35 36 37 38 39 40 41 42 43 44 45 46 47 48
(30,*) 0 1 2 3 4 5 6 7 8 9 10 11 12 25 26 27 28 29 31 32 33 34 35 36 37 38 39 40 41 42 43 44 45 46 47 48
(31,*) 0 1 2 3 4 5 6 7 8 9 10 11 12 25 26 27 28 29 30 32 33 34 35 36 37 38 39 40 41 42 43 44 45 46 47 48
(32,*) 0 1 2 3 4 5 6 7 8 9 10 11 12 25 26 27 28 29 30 31 33 34 35 36 37 38 39 40 41 42 43 44 45 46 47 48
(33,*) 0 1 2 3 4 5 6 7 8 9 10 11 12 25 26 27 28 29 30 31 32 34 35 36 37 38 39 40 41 42 43 44 45 46 47 48
(34,*) 0 1 2 3 4 5 6 7 8 9 10 11 12 25 26 27 28 29 30 31 32 33 35 36 37 38 39 40 41 42 43 44 45 46 47 48
(35,*) 0 1 2 3 4 5 6 7 8 9 10 11 12 25 26 27 28 29 30 31 32 33 34 36 37 38 39 40 41 42 43 44 45 46 47 48
(36,*) 0 1 2 3 4 5 6 7 8 9 10 11 12 25 26 27 28 29 30 31 32 33 34 35 37 38 39 40 41 42 43 44 45 46 47 48
(37,*) 0 1 2 3 4 5 6 7 8 9 10 11 12 25 26 27 28 29 30 31 32 33 34 35 36 38 39 40 41 42 43 44 45 46 47 48
(38,*) 0 1 2 3 4 5 6 7 8 9 10 11 12 25 26 27 28 29 30 31 32 33 34 35 36 37 39 40 41 42 43 44 45 46 47 48
(39,*) 0 1 2 3 4 5 6 7 8 9 10 11 12 25 26 27 28 29 30 31 32 33 34 35 36 37 38 40 41 42 43 44 45 46 47 48
(40,*) 0 1 2 3 4 5 6 7 8 9 10 11 12 25 26 27 28 29 30 31 32 33 34 35 36 37 38 39 41 42 43 44 45 46 47 48
(41,*) 0 1 2 3 4 5 6 7 8 9 10 11 12 25 26 27 28 29 30 31 32 33 34 35 36 37 38 39 40 42 43 44 45 46 47 48
(42,*) 0 1 2 3 4 5 6 7 8 9 10 11 12 25 26 27 28 29 30 31 32 33 34 35 36 37 38 39 40 41 43 44 45 46 47 48
(43,*) 0 1 2 3 4 5 6 7 8 9 10 11 12 25 26 27 28 29 30 31 32 33 34 35 36 37 38 39 40 41 42 44 45 46 47 48
(44,*) 0 1 2 3 4 5 6 7 8 9 10 11 12 25 26 27 28 29 30 31 32 33 34 35 36 37 38 39 40 41 42 43 45 46 47 48
(45,*) 0 1 2 3 4 5 6 7 8 9 10 11 12 25 26 27 28 29 30 31 32 33 34 35 36 37 38 39 40 41 42 43 44 46 47 48
(46,*) 0 1 2 3 4 5 6 7 8 9 10 11 12 25 26 27 28 29 30 31 32 33 34 35 36 37 38 39 40 41 42 43 44 45 47 48
(47,*) 0 1 2 3 4 5 6 7 8 9 10 11 12 25 26 27 28 29 30 31 32 33 34 35 36 37 38 39 40 41 42 43 44 45 46 48
(48,*) 0 1 2 3 4 5 6 7 8 9 10 11 12 25 26 27 28 29 30 31 32 33 34 35 36 37 38 39 40 41 42 43 44 45 46 47
;
set A2:=
(37,*) 38
(38,*) 37
(39,*) 40
(40,*) 39
(41,*) 42
(42,*) 41
;
param BigM:=99999;
param n:= 6;
param d:=
1	5
2	7
3	20
4	19
5	16
6	17
7	14
8	8
9	19
10	20
11	8
12	21
13	23
14	23
15	12
16	13
17	12
18	9
19	3
20	18
21	26
22	21
23	8
24	66
25	1
26	18
27	19
28	2
29	26
30	19
31	10
32	5
33	18
34	4
35	19
36	21
;
param Q:=100;
param w:=
[37,*] 38 0.5
[38,*] 37 0.5
[39,*] 40 0.5
[40,*] 39 0.5
[41,*] 42 0.5
[42,*] 41 0.5
;
param V:=
[37,*] 38 90
[38,*] 37 90
[39,*] 40 100
[40,*] 39 100
[41,*] 42 93
[42,*] 41 93
;
param e:
	37	38	39	40	41	42	43	44	45	46	47	48:=
13	0	0	0	1	0	0	0	1	0	0	0	0	
14	0	0	0	1	0	0	0	0	0	0	1	0	
15	0	0	0	0	0	1	0	0	0	0	1	0	
16	1	0	0	0	0	1	0	0	0	1	0	0	
17	0	1	0	0	0	0	0	1	0	0	0	0	
18	0	1	0	0	0	0	0	1	0	0	0	0	
19	0	1	0	0	0	0	0	1	0	0	0	0	
20	1	0	0	0	0	1	0	0	0	1	0	0	
21	0	0	1	0	1	0	0	0	1	0	0	0	
22	0	0	1	0	1	0	0	0	1	0	0	0	
23	0	0	0	1	0	0	0	1	0	0	1	0	
24	0	0	1	0	1	0	1	0	0	0	0	0	
25	0	0	0	1	0	1	0	1	0	0	0	0	
26	0	0	0	0	0	1	0	0	0	0	1	0	
27	0	0	0	1	0	0	0	1	0	0	1	0	
28	0	1	0	0	0	0	0	0	0	1	0	0	
29	0	0	1	0	0	0	1	0	0	1	1	1	
30	0	0	1	0	1	0	0	0	1	0	0	0	
31	0	0	0	1	0	0	1	0	0	1	1	1	
32	0	0	0	1	0	1	0	0	0	1	0	0	
33	1	0	0	0	0	1	0	0	1	0	0	0	
34	0	0	1	0	1	0	0	0	1	0	0	0	
35	0	0	0	0	0	1	1	0	0	1	1	1	
36	1	0	0	0	0	1	0	0	1	0	0	0	
;
param p:=
1	3
2	3
3	3
4	3
5	3
6	3
;
param G:=
37	74
38	90
39	90
40	100
41	73
42	93
43	73
44	95
45	85
46	81
47	85
48	83
;
param s:=
0	0
1	10
2	10
3	10
4	10
5	10
6	10
7	10
8	10
9	10
10	10
11	10
12	10
25	10
26	10
27	10
28	10
29	10
30	10
31	10
32	10
33	10
34	10
35	10
36	10
37	10
38	10
39	10
40	10
41	10
42	10
43	10
44	10
45	10
46	10
47	10
48	10
;
param t:
	0	1	2	3	4	5	6	7	8	9	10	11	12	13	14	15	16	17	18	19	20	21	22	23	24	25	26	27	28	29	30	31	32	33	34	35	36	37	38	39	40	41	42	43	44	45	46	47	48:=
0	0.0	24.21	74.53	55.36	69.66	78.82	16.03	36.24	23.32	72.45	58.26	56.75	42.15	86.65	61.66	16.12	11.18	90.61	104.04	91.92	18.03	66.64	69.38	71.39	52.09	57.22	25.0	70.84	94.37	41.88	67.78	43.46	39.32	10.0	50.16	38.48	20.1	12.21	91.93	69.26	61.4	66.61	16.12	43.27	80.95	69.64	36.4	52.33	53.76
1	24.21	0.0	61.77	47.38	46.32	55.95	20.02	13.15	3.16	49.04	34.06	51.86	20.02	64.33	48.37	17.03	15.26	66.48	79.88	68.96	41.73	46.1	52.01	51.01	40.31	42.94	22.56	48.66	70.8	20.4	48.37	21.1	28.28	28.46	38.08	16.03	38.91	36.07	68.01	51.04	47.41	51.97	23.54	19.24	57.38	47.54	12.21	29.12	29.73
2	74.53	61.77	0.0	21.38	74.85	83.49	80.23	52.01	59.48	47.68	59.06	111.66	46.01	43.93	13.42	77.47	64.29	76.24	75.95	51.42	83.0	86.95	98.74	29.15	96.9	18.87	49.65	38.47	87.82	70.71	91.59	45.97	35.44	83.68	94.79	49.04	71.18	80.16	81.5	96.25	14.42	103.23	59.41	53.76	52.01	82.29	57.49	46.04	62.13
3	55.36	47.38	21.38	0.0	73.44	83.22	63.51	41.18	44.55	52.63	56.44	99.16	37.34	55.76	13.45	61.03	46.07	81.39	85.62	63.29	62.13	82.28	92.48	37.59	86.27	14.87	30.46	44.6	91.44	61.29	86.33	37.95	19.1	65.0	84.05	38.91	50.01	59.68	85.84	90.48	15.0	95.26	39.56	45.88	59.46	79.43	47.01	42.3	57.49
4	69.66	46.32	74.85	73.44	0.0	10.2	58.9	38.9	48.37	30.41	17.03	58.01	38.33	46.04	65.25	56.64	61.59	24.04	41.44	45.19	87.62	16.16	29.07	47.71	41.05	60.42	64.2	38.6	24.76	28.32	21.02	37.22	59.21	70.77	40.2	39.05	85.09	81.84	23.32	25.94	63.32	37.0	68.88	31.05	32.76	8.6	35.34	31.14	17.72
5	78.82	55.95	83.49	83.22	10.2	0.0	67.18	49.04	58.14	37.22	27.02	60.67	48.51	50.91	74.53	65.12	71.2	21.21	39.2	48.6	96.83	17.46	28.16	55.46	44.64	69.87	74.33	46.07	17.0	37.01	21.02	47.38	69.35	79.25	44.27	49.24	94.83	91.02	18.11	25.08	72.57	37.05	78.79	41.23	37.48	10.3	45.31	41.01	27.89
6	16.03	20.02	80.23	63.51	58.9	67.18	0.0	33.02	21.38	67.91	50.57	41.11	40.0	83.86	66.85	3.0	18.44	81.54	96.6	88.07	32.28	53.25	54.42	71.03	36.22	61.68	33.97	68.36	83.55	30.61	53.71	41.01	45.18	12.21	34.37	36.0	36.12	26.68	82.01	54.63	66.13	50.99	28.3	37.85	75.96	57.38	30.59	48.51	45.18
7	36.24	13.15	52.01	41.18	38.9	49.04	33.02	0.0	13.0	36.25	23.85	59.67	7.07	51.2	38.95	30.02	25.81	56.22	68.25	55.97	52.8	43.1	51.92	38.12	45.45	33.3	25.3	35.51	62.18	20.12	46.53	8.0	23.09	41.48	43.28	3.16	47.63	47.43	58.52	50.22	37.64	54.13	30.81	8.06	44.72	42.3	5.83	16.16	21.19
8	23.32	3.16	59.48	44.55	48.37	58.14	21.38	13.0	0.0	49.24	35.36	54.82	19.42	64.03	46.07	18.44	13.45	67.9	80.8	68.95	40.36	48.84	55.04	50.04	43.46	40.72	19.42	48.27	72.67	23.19	51.24	20.62	25.5	28.64	41.23	15.52	36.72	34.83	69.66	54.01	45.19	55.11	20.88	20.0	57.7	49.98	13.45	29.15	31.4
9	72.45	49.04	47.68	52.63	30.41	37.22	67.91	36.25	49.24	0.0	20.62	82.28	30.53	17.46	41.19	65.0	61.77	29.07	34.41	20.22	88.51	45.61	58.6	18.68	65.15	37.85	56.59	9.22	40.2	42.11	50.61	29.15	45.22	77.49	63.6	34.0	81.69	83.35	34.01	55.61	39.2	65.51	64.82	30.08	8.6	38.9	37.36	20.12	26.48
10	58.26	34.06	59.06	56.44	17.03	27.02	50.57	23.85	35.36	20.62	0.0	61.68	21.84	38.08	48.7	47.85	48.8	32.56	46.14	40.05	75.69	28.02	40.36	33.97	44.6	43.68	48.75	26.08	38.48	22.09	32.8	20.62	42.43	61.4	43.01	23.26	71.4	70.09	34.67	37.64	46.82	46.23	54.64	15.81	27.0	23.41	21.93	14.14	6.0
11	56.75	51.86	111.66	99.16	58.01	60.67	41.11	59.67	54.82	82.28	61.68	0.0	65.8	99.72	98.6	42.15	58.6	81.22	99.13	101.0	70.11	43.29	34.18	93.47	17.26	92.96	72.72	87.09	76.9	42.06	39.81	66.03	80.06	49.37	18.68	62.63	76.69	65.38	78.77	36.69	97.31	25.5	68.94	58.83	87.86	51.16	54.2	68.88	55.97
12	42.15	20.02	46.01	37.34	38.33	48.51	40.0	7.07	19.42	30.53	21.84	65.8	0.0	44.64	33.3	37.0	31.3	53.0	63.66	49.77	57.98	45.12	55.15	31.06	50.91	27.66	27.46	28.86	60.17	24.84	49.04	1.41	21.0	48.05	48.8	4.0	51.62	52.84	55.9	53.14	31.83	58.31	34.66	8.54	39.12	43.05	11.66	10.63	21.0
13	86.65	64.33	43.93	55.76	46.04	50.91	83.86	51.2	64.03	17.46	38.08	99.72	44.64	0.0	42.54	80.89	75.61	36.25	32.14	7.62	101.55	61.91	74.95	18.44	82.57	41.4	67.74	15.81	48.75	59.41	66.89	43.42	54.2	92.65	81.04	48.51	93.3	96.77	42.05	71.87	40.82	82.3	76.94	46.17	13.45	54.64	53.34	35.36	43.93
14	61.66	48.37	13.42	13.45	65.25	74.53	66.85	38.95	46.07	41.19	48.7	98.6	33.3	42.54	0.0	64.08	51.2	70.26	73.05	50.12	71.25	76.06	87.32	24.7	84.17	5.66	37.05	32.56	81.0	58.14	80.5	33.42	22.36	70.61	82.04	36.07	60.02	68.01	75.06	85.0	2.0	91.26	47.01	41.4	47.3	72.11	44.55	34.93	50.99
15	16.12	17.03	77.47	61.03	56.64	65.12	3.0	30.02	18.44	65.0	47.85	42.15	37.0	80.89	64.08	0.0	16.64	79.06	93.94	85.15	33.24	51.62	53.45	68.03	36.01	58.87	31.83	65.38	81.34	28.32	52.33	38.01	42.54	14.14	34.06	33.0	36.0	27.51	79.65	53.49	63.32	50.49	26.83	34.93	73.08	55.44	27.66	45.54	42.54
16	11.18	15.26	64.29	46.07	61.59	71.2	18.44	25.81	13.45	61.77	48.8	58.6	31.3	75.61	51.2	16.64	0.0	81.34	94.02	81.02	27.02	60.73	65.38	60.21	50.64	46.53	15.81	59.81	86.02	35.11	62.59	32.65	28.86	19.42	48.51	27.78	23.77	21.63	83.1	64.78	50.8	64.03	10.44	33.3	70.33	62.65	26.91	41.68	44.82
17	90.61	66.48	76.24	81.39	24.04	21.21	81.54	56.22	67.9	29.07	32.56	81.22	53.0	36.25	70.26	79.06	81.34	0.0	18.03	31.62	108.19	38.01	49.37	47.1	64.63	66.75	80.45	38.0	12.53	51.11	42.05	51.62	71.69	93.01	63.95	55.22	103.86	102.55	5.83	46.27	68.26	58.22	87.01	48.27	24.52	30.07	54.45	42.94	36.88
18	104.04	79.88	75.95	85.62	41.44	39.2	96.6	68.25	80.8	34.41	46.14	99.13	63.66	32.14	73.05	93.94	94.02	18.03	0.0	25.0	121.04	56.0	67.36	48.38	82.39	70.77	90.61	41.15	26.83	66.85	60.07	62.24	79.63	107.54	81.61	66.6	115.28	115.6	21.84	64.28	71.17	76.24	98.31	60.8	26.42	48.01	67.68	53.04	51.43
19	91.92	68.96	51.42	63.29	45.19	48.6	88.07	55.97	68.95	20.22	40.05	101.0	49.77	7.62	50.12	85.15	81.02	31.62	25.0	0.0	107.35	61.33	74.25	25.81	83.74	48.83	74.06	21.63	44.1	62.0	66.21	48.47	60.96	97.42	82.38	53.49	99.57	102.42	37.44	71.11	48.37	82.08	83.01	50.22	13.15	53.67	57.49	39.85	46.04
20	18.03	41.73	83.0	62.13	87.62	96.83	32.28	52.8	40.36	88.51	75.69	70.11	57.98	101.55	71.25	33.24	27.02	108.19	121.04	107.35	0.0	84.53	86.65	85.09	68.25	67.74	34.93	85.87	112.29	59.91	85.49	59.36	50.01	21.1	66.49	54.64	13.0	5.83	109.71	86.73	71.45	83.2	25.0	60.31	97.1	87.66	53.76	68.51	71.45
21	66.64	46.1	86.95	82.28	16.16	17.46	53.25	43.1	48.84	45.61	28.02	43.29	45.12	61.91	76.06	51.62	60.73	38.01	56.0	61.33	84.53	0.0	13.04	61.62	27.2	70.77	67.19	53.04	34.18	25.71	5.0	44.38	65.76	65.46	26.93	44.41	84.43	78.71	35.51	10.0	74.25	20.88	69.63	36.67	48.76	8.06	38.0	41.15	25.08
22	69.38	52.01	98.74	92.48	29.07	28.16	54.42	51.92	55.04	58.6	40.36	34.18	55.15	74.95	87.32	53.45	65.38	49.37	67.36	74.25	86.65	13.04	0.0	74.25	21.21	81.88	74.24	65.86	43.29	32.39	8.06	54.63	75.0	66.31	22.02	53.76	88.46	80.96	46.01	3.16	85.59	9.06	75.11	46.62	61.77	20.62	46.32	52.7	36.62
23	71.39	51.01	29.15	37.59	47.71	55.46	71.03	38.12	50.04	18.68	33.97	93.47	31.06	18.44	24.7	68.03	60.21	47.1	48.38	25.81	85.09	61.62	74.25	0.0	77.03	23.02	50.57	9.49	58.69	51.48	66.53	30.15	36.36	78.41	75.18	35.06	76.03	80.65	52.35	71.45	22.85	80.16	60.17	35.44	23.09	55.8	41.77	24.7	38.6
24	52.09	40.31	96.9	86.27	41.05	44.64	36.22	45.45	43.46	65.15	44.6	17.26	50.91	82.57	84.17	36.01	50.64	64.63	82.39	83.74	68.25	27.2	21.21	77.03	0.0	78.52	62.63	70.26	61.35	26.25	24.6	50.93	67.42	47.3	2.24	48.17	72.01	62.8	62.59	22.8	82.73	15.23	61.0	43.28	70.61	34.71	39.7	52.7	39.0
25	57.22	42.94	18.87	14.87	60.42	69.87	61.68	33.3	40.72	37.85	43.68	92.96	27.66	41.4	5.66	58.87	46.53	66.75	70.77	48.83	67.74	70.77	81.88	23.02	78.52	0.0	33.06	29.73	77.1	52.5	75.15	27.8	18.0	65.92	76.38	30.41	57.01	64.2	71.34	79.61	4.47	85.7	43.1	35.81	44.6	67.05	38.9	29.73	45.69
26	25.0	22.56	49.65	30.46	64.2	74.33	33.97	25.3	19.42	56.59	48.75	72.72	27.46	67.74	37.05	31.83	15.81	80.45	90.61	74.06	34.93	67.19	74.24	50.57	62.63	33.06	0.0	52.43	87.24	42.01	70.01	28.84	15.13	34.54	60.41	25.5	25.55	31.14	83.24	73.06	37.0	74.53	10.05	33.24	65.12	67.27	29.43	37.8	46.49
27	70.84	48.66	38.47	44.6	38.6	46.07	68.36	35.51	48.27	9.22	26.08	87.09	28.86	15.81	32.56	65.38	59.81	38.0	41.15	21.63	85.87	53.04	65.86	9.49	70.26	29.73	52.43	0.0	49.37	45.61	58.0	27.66	39.6	76.9	68.54	32.76	77.94	81.02	43.1	62.97	30.59	72.2	61.4	31.02	14.87	46.86	38.01	20.0	31.3
28	94.37	70.8	87.82	91.44	24.76	17.0	83.55	62.18	72.67	40.2	38.48	76.9	60.17	48.75	81.0	81.34	86.02	12.53	26.83	44.1	112.29	34.18	43.29	58.69	61.35	77.1	87.24	49.37	0.0	53.04	37.11	58.87	80.08	95.48	61.1	61.74	109.29	106.53	6.71	40.45	79.0	52.35	92.78	54.12	36.69	27.29	59.36	50.96	41.34
29	41.88	20.4	70.71	61.29	28.32	37.01	30.61	20.12	23.19	42.11	22.09	42.06	24.84	59.41	58.14	28.32	35.11	51.11	66.85	62.0	59.91	25.71	32.39	51.48	26.25	52.5	42.01	45.61	53.04	0.0	28.07	24.76	43.08	42.45	24.21	22.47	58.87	54.08	51.4	31.06	56.64	34.01	43.93	17.03	49.04	27.78	14.32	26.83	16.12
30	67.78	48.37	91.59	86.33	21.02	21.02	53.71	46.53	51.24	50.61	32.8	39.81	49.04	66.89	80.5	52.33	62.59	42.05	60.07	66.21	85.49	5.0	8.06	66.53	24.6	75.15	70.01	58.0	37.11	28.07	0.0	48.38	69.43	65.86	24.7	48.05	86.13	79.71	39.12	5.0	78.71	16.28	71.85	40.52	53.71	12.65	41.19	45.65	29.53
31	43.46	21.1	45.97	37.95	37.22	47.38	41.01	8.0	20.62	29.15	20.62	66.03	1.41	43.42	33.42	38.01	32.65	51.62	62.24	48.47	59.36	44.38	54.63	30.15	50.93	27.8	28.84	27.66	58.87	24.76	48.38	0.0	22.02	49.24	48.84	5.1	53.04	54.2	54.56	52.55	31.89	57.98	36.07	8.06	37.74	42.11	12.08	9.22	20.02
32	39.32	28.28	35.44	19.1	59.21	69.35	45.18	23.09	25.5	45.22	42.43	80.06	21.0	54.2	22.36	42.54	28.86	71.69	79.63	60.96	50.01	65.76	75.0	36.36	67.42	18.0	15.13	39.6	80.08	43.08	69.43	22.02	0.0	48.27	65.19	21.38	39.92	46.27	75.27	73.25	22.09	77.08	25.18	29.15	53.41	64.03	28.79	29.12	42.0
33	10.0	28.46	83.68	65.0	70.77	79.25	12.21	41.48	28.64	77.49	61.4	49.37	48.05	92.65	70.61	14.14	19.42	93.01	107.54	97.42	21.1	65.46	66.31	78.41	47.3	65.92	34.54	76.9	95.48	42.45	65.86	49.24	48.27	0.0	45.61	44.15	27.86	16.03	93.72	66.64	70.21	62.36	26.08	47.54	85.8	69.53	40.31	57.57	56.3
34	50.16	38.08	94.79	84.05	40.2	44.27	34.37	43.28	41.23	63.6	43.01	18.68	48.8	81.04	82.04	34.06	48.51	63.95	81.61	82.38	66.49	26.93	22.02	75.18	2.24	76.38	60.41	68.54	61.1	24.21	24.7	48.84	65.19	45.61	0.0	46.01	70.03	61.0	62.1	23.35	80.61	16.76	58.86	41.23	69.23	34.21	37.54	50.77	37.34
35	38.48	16.03	49.04	38.91	39.05	49.24	36.0	3.16	15.52	34.0	23.26	62.63	4.0	48.51	36.07	33.0	27.78	55.22	66.6	53.49	54.64	44.41	53.76	35.06	48.17	30.41	25.5	32.76	61.74	22.47	48.05	5.1	21.38	44.15	46.01	0.0	48.84	49.4	57.8	51.92	34.71	56.36	31.89	8.06	42.54	43.05	8.49	13.89	21.38
36	20.1	38.91	71.18	50.01	85.09	94.83	36.12	47.63	36.72	81.69	71.4	76.69	51.62	93.3	60.02	36.0	23.77	103.86	115.28	99.57	13.0	84.43	88.46	76.03	72.01	57.01	25.55	77.94	109.29	58.87	86.13	53.04	39.92	27.86	70.03	48.84	0.0	13.45	106.02	88.07	60.42	86.28	16.97	55.61	90.27	86.41	49.93	62.24	67.96
37	12.21	36.07	80.16	59.68	81.84	91.02	26.68	47.43	34.83	83.35	70.09	65.38	52.84	96.77	68.01	27.51	21.63	102.55	115.6	102.42	5.83	78.71	80.96	80.65	62.8	64.2	31.14	81.02	106.53	54.08	79.71	54.2	46.27	16.03	61.0	49.4	13.45	0.0	104.0	80.99	68.07	77.67	21.1	54.82	91.92	81.84	48.17	63.29	65.76
38	91.93	68.01	81.5	85.84	23.32	18.11	82.01	58.52	69.66	34.01	34.67	78.77	55.9	42.05	75.06	79.65	83.1	5.83	21.84	37.44	109.71	35.51	46.01	52.35	62.59	71.34	83.24	43.1	6.71	51.4	39.12	54.56	75.27	93.72	62.1	57.8	106.02	104.0	0.0	43.0	73.06	55.0	89.31	50.48	30.08	27.89	56.22	46.24	38.29
39	69.26	51.04	96.25	90.48	25.94	25.08	54.63	50.22	54.01	55.61	37.64	36.69	53.14	71.87	85.0	53.49	64.78	46.27	64.28	71.11	86.73	10.0	3.16	71.45	22.8	79.61	73.06	62.97	40.45	31.06	5.0	52.55	73.25	66.64	23.35	51.92	88.07	80.99	43.0	0.0	83.24	12.0	74.33	44.6	58.67	17.46	44.72	50.25	34.13
40	61.4	47.41	14.42	15.0	63.32	72.57	66.13	37.64	45.19	39.2	46.82	97.31	31.83	40.82	2.0	63.32	50.8	68.26	71.17	48.37	71.45	74.25	85.59	22.85	82.73	4.47	37.0	30.59	79.0	56.64	78.71	31.89	22.09	70.21	80.61	34.71	60.42	68.07	73.06	83.24	0.0	89.63	47.01	39.82	45.35	70.23	43.19	33.11	49.19
41	66.61	51.97	103.23	95.26	37.0	37.05	50.99	54.13	55.11	65.51	46.23	25.5	58.31	82.3	91.26	50.49	64.03	58.22	76.24	82.08	83.2	20.88	9.06	80.16	15.23	85.7	74.53	72.2	52.35	34.01	16.28	57.98	77.08	62.36	16.76	56.36	86.28	77.67	55.0	12.0	89.63	0.0	74.17	49.93	69.35	28.86	48.33	57.38	41.73
42	16.12	23.54	59.41	39.56	68.88	78.79	28.3	30.81	20.88	64.82	54.64	68.94	34.66	76.94	47.01	26.83	10.44	87.01	98.31	83.01	25.0	69.63	75.11	60.17	61.0	43.1	10.05	61.4	92.78	43.93	71.85	36.07	25.18	26.08	58.86	31.89	16.97	21.1	89.31	74.33	47.01	74.17	0.0	38.83	73.41	70.84	33.54	45.28	51.48
43	43.27	19.24	53.76	45.88	31.05	41.23	37.85	8.06	20.0	30.08	15.81	58.83	8.54	46.17	41.4	34.93	33.3	48.27	60.8	50.22	60.31	36.67	46.62	35.44	43.28	35.81	33.24	31.02	54.12	17.03	40.52	8.06	29.15	47.54	41.23	8.06	55.61	54.82	50.48	44.6	39.82	49.93	38.83	0.0	38.28	35.01	7.28	11.05	13.34
44	80.95	57.38	52.01	59.46	32.76	37.48	75.96	44.72	57.7	8.6	27.0	87.86	39.12	13.45	47.3	73.08	70.33	24.52	26.42	13.15	97.1	48.76	61.77	23.09	70.61	44.6	65.12	14.87	36.69	49.04	53.71	37.74	53.41	85.8	69.23	42.54	90.27	91.92	30.08	58.67	45.35	69.35	73.41	38.28	0.0	41.34	45.54	28.65	33.0
45	69.64	47.54	82.29	79.43	8.6	10.3	57.38	42.3	49.98	38.9	23.41	51.16	43.05	54.64	72.11	55.44	62.65	30.07	48.01	53.67	87.66	8.06	20.62	55.8	34.71	67.05	67.27	46.86	27.29	27.78	12.65	42.11	64.03	69.53	34.21	43.05	86.41	81.84	27.89	17.46	70.23	28.86	70.84	35.01	41.34	0.0	37.85	37.36	22.09
46	36.4	12.21	57.49	47.01	35.34	45.31	30.59	5.83	13.45	37.36	21.93	54.2	11.66	53.34	44.55	27.66	26.91	54.45	67.68	57.49	53.76	38.0	46.32	41.77	39.7	38.9	29.43	38.01	59.36	14.32	41.19	12.08	28.79	40.31	37.54	8.49	49.93	48.17	56.22	44.72	43.19	48.33	33.54	7.28	45.54	37.85	0.0	18.03	18.03
47	52.33	29.12	46.04	42.3	31.14	41.01	48.51	16.16	29.15	20.12	14.14	68.88	10.63	35.36	34.93	45.54	41.68	42.94	53.04	39.85	68.51	41.15	52.7	24.7	52.7	29.73	37.8	20.0	50.96	26.83	45.65	9.22	29.12	57.57	50.77	13.89	62.24	63.29	46.24	50.25	33.11	57.38	45.28	11.05	28.65	37.36	18.03	0.0	16.12
48	53.76	29.73	62.13	57.49	17.72	27.89	45.18	21.19	31.4	26.48	6.0	55.97	21.0	43.93	50.99	42.54	44.82	36.88	51.43	46.04	71.45	25.08	36.62	38.6	39.0	45.69	46.49	31.3	41.34	16.12	29.53	20.02	42.0	56.3	37.34	21.38	67.96	65.76	38.29	34.13	49.19	41.73	51.48	13.34	33.0	22.09	18.03	16.12	0.0
;
