set K:= 1	2	3	4	5;
set C_H:= 1	2	3	4	5	6	7	8	9	10	11	12	13;
set C_S:= 14	15	16	17	18	19	20	21	22	23	24	25;
set C_F:= 26	27	28	29	30	31	32	33	34	35	36	37;
set M:= 38	39	40	41	42	43;
set L_B:= 44	45	46	47	48;
set A1:=
(0,*) 1 2 3 4 5 6 7 8 9 10 11 12 13 26 27 28 29 30 31 32 33 34 35 36 37 38 39 40 41 42 43 44 45 46 47 48
(1,*) 0 2 3 4 5 6 7 8 9 10 11 12 13 26 27 28 29 30 31 32 33 34 35 36 37 38 39 40 41 42 43 44 45 46 47 48
(2,*) 0 1 3 4 5 6 7 8 9 10 11 12 13 26 27 28 29 30 31 32 33 34 35 36 37 38 39 40 41 42 43 44 45 46 47 48
(3,*) 0 1 2 4 5 6 7 8 9 10 11 12 13 26 27 28 29 30 31 32 33 34 35 36 37 38 39 40 41 42 43 44 45 46 47 48
(4,*) 0 1 2 3 5 6 7 8 9 10 11 12 13 26 27 28 29 30 31 32 33 34 35 36 37 38 39 40 41 42 43 44 45 46 47 48
(5,*) 0 1 2 3 4 6 7 8 9 10 11 12 13 26 27 28 29 30 31 32 33 34 35 36 37 38 39 40 41 42 43 44 45 46 47 48
(6,*) 0 1 2 3 4 5 7 8 9 10 11 12 13 26 27 28 29 30 31 32 33 34 35 36 37 38 39 40 41 42 43 44 45 46 47 48
(7,*) 0 1 2 3 4 5 6 8 9 10 11 12 13 26 27 28 29 30 31 32 33 34 35 36 37 38 39 40 41 42 43 44 45 46 47 48
(8,*) 0 1 2 3 4 5 6 7 9 10 11 12 13 26 27 28 29 30 31 32 33 34 35 36 37 38 39 40 41 42 43 44 45 46 47 48
(9,*) 0 1 2 3 4 5 6 7 8 10 11 12 13 26 27 28 29 30 31 32 33 34 35 36 37 38 39 40 41 42 43 44 45 46 47 48
(10,*) 0 1 2 3 4 5 6 7 8 9 11 12 13 26 27 28 29 30 31 32 33 34 35 36 37 38 39 40 41 42 43 44 45 46 47 48
(11,*) 0 1 2 3 4 5 6 7 8 9 10 12 13 26 27 28 29 30 31 32 33 34 35 36 37 38 39 40 41 42 43 44 45 46 47 48
(12,*) 0 1 2 3 4 5 6 7 8 9 10 11 13 26 27 28 29 30 31 32 33 34 35 36 37 38 39 40 41 42 43 44 45 46 47 48
(13,*) 0 1 2 3 4 5 6 7 8 9 10 11 12 26 27 28 29 30 31 32 33 34 35 36 37 38 39 40 41 42 43 44 45 46 47 48
(26,*) 0 1 2 3 4 5 6 7 8 9 10 11 12 13 27 28 29 30 31 32 33 34 35 36 37 38 39 40 41 42 43 44 45 46 47 48
(27,*) 0 1 2 3 4 5 6 7 8 9 10 11 12 13 26 28 29 30 31 32 33 34 35 36 37 38 39 40 41 42 43 44 45 46 47 48
(28,*) 0 1 2 3 4 5 6 7 8 9 10 11 12 13 26 27 29 30 31 32 33 34 35 36 37 38 39 40 41 42 43 44 45 46 47 48
(29,*) 0 1 2 3 4 5 6 7 8 9 10 11 12 13 26 27 28 30 31 32 33 34 35 36 37 38 39 40 41 42 43 44 45 46 47 48
(30,*) 0 1 2 3 4 5 6 7 8 9 10 11 12 13 26 27 28 29 31 32 33 34 35 36 37 38 39 40 41 42 43 44 45 46 47 48
(31,*) 0 1 2 3 4 5 6 7 8 9 10 11 12 13 26 27 28 29 30 32 33 34 35 36 37 38 39 40 41 42 43 44 45 46 47 48
(32,*) 0 1 2 3 4 5 6 7 8 9 10 11 12 13 26 27 28 29 30 31 33 34 35 36 37 38 39 40 41 42 43 44 45 46 47 48
(33,*) 0 1 2 3 4 5 6 7 8 9 10 11 12 13 26 27 28 29 30 31 32 34 35 36 37 38 39 40 41 42 43 44 45 46 47 48
(34,*) 0 1 2 3 4 5 6 7 8 9 10 11 12 13 26 27 28 29 30 31 32 33 35 36 37 38 39 40 41 42 43 44 45 46 47 48
(35,*) 0 1 2 3 4 5 6 7 8 9 10 11 12 13 26 27 28 29 30 31 32 33 34 36 37 38 39 40 41 42 43 44 45 46 47 48
(36,*) 0 1 2 3 4 5 6 7 8 9 10 11 12 13 26 27 28 29 30 31 32 33 34 35 37 38 39 40 41 42 43 44 45 46 47 48
(37,*) 0 1 2 3 4 5 6 7 8 9 10 11 12 13 26 27 28 29 30 31 32 33 34 35 36 38 39 40 41 42 43 44 45 46 47 48
(38,*) 0 1 2 3 4 5 6 7 8 9 10 11 12 13 26 27 28 29 30 31 32 33 34 35 36 37 39 40 41 42 43 44 45 46 47 48
(39,*) 0 1 2 3 4 5 6 7 8 9 10 11 12 13 26 27 28 29 30 31 32 33 34 35 36 37 38 40 41 42 43 44 45 46 47 48
(40,*) 0 1 2 3 4 5 6 7 8 9 10 11 12 13 26 27 28 29 30 31 32 33 34 35 36 37 38 39 41 42 43 44 45 46 47 48
(41,*) 0 1 2 3 4 5 6 7 8 9 10 11 12 13 26 27 28 29 30 31 32 33 34 35 36 37 38 39 40 42 43 44 45 46 47 48
(42,*) 0 1 2 3 4 5 6 7 8 9 10 11 12 13 26 27 28 29 30 31 32 33 34 35 36 37 38 39 40 41 43 44 45 46 47 48
(43,*) 0 1 2 3 4 5 6 7 8 9 10 11 12 13 26 27 28 29 30 31 32 33 34 35 36 37 38 39 40 41 42 44 45 46 47 48
(44,*) 0 1 2 3 4 5 6 7 8 9 10 11 12 13 26 27 28 29 30 31 32 33 34 35 36 37 38 39 40 41 42 43 45 46 47 48
(45,*) 0 1 2 3 4 5 6 7 8 9 10 11 12 13 26 27 28 29 30 31 32 33 34 35 36 37 38 39 40 41 42 43 44 46 47 48
(46,*) 0 1 2 3 4 5 6 7 8 9 10 11 12 13 26 27 28 29 30 31 32 33 34 35 36 37 38 39 40 41 42 43 44 45 47 48
(47,*) 0 1 2 3 4 5 6 7 8 9 10 11 12 13 26 27 28 29 30 31 32 33 34 35 36 37 38 39 40 41 42 43 44 45 46 48
(48,*) 0 1 2 3 4 5 6 7 8 9 10 11 12 13 26 27 28 29 30 31 32 33 34 35 36 37 38 39 40 41 42 43 44 45 46 47
;
set A2:=
(38,*) 39
(39,*) 38
(40,*) 41
(41,*) 40
(42,*) 43
(43,*) 42
;
param BigM:=99999;
param n:= 5;
param d:=
1	11
2	19
3	23
4	25
5	5
6	13
7	26
8	9
9	13
10	25
11	3
12	2
13	13
14	12
15	8
16	12
17	18
18	1
19	17
20	19
21	5
22	20
23	12
24	7
25	14
26	5
27	12
28	8
29	13
30	9
31	21
32	8
33	12
34	4
35	19
36	24
37	14
;
param Q:=100;
param w:=
[38,*] 39 0.1
[39,*] 38 0.1
[40,*] 41 0.1
[41,*] 40 0.1
[42,*] 43 0.1
[43,*] 42 0.1
;
param V:=
[38,*] 39 97
[39,*] 38 97
[40,*] 41 97
[41,*] 40 97
[42,*] 43 84
[43,*] 42 84
;
param e:
	38	39	40	41	42	43	44	45	46	47	48:=
14		0		1		0		0		0		0		0		0		0		0		0	
15		0		1		0		0		0		0		0		0		0		0		0	
16		0		1		0		0		0		0		0		0		0		0		0	
17		0		0		1		0		0		1		0		0		0		0		0	
18		0		1		0		0		0		0		0		0		0		0		0	
19		1		0		0		0		1		0		0		0		0		0		0	
20		0		0		0		0		0		0		1		0		0		0		0	
21		0		0		0		0		0		0		0		1		0		1		0	
22		0		0		1		0		0		1		0		0		0		0		0	
23		0		1		0		0		0		0		0		0		0		0		0	
24		0		0		0		0		0		0		0		0		0		1		0	
25		1		0		0		0		1		0		0		0		0		0		0	
26		1		0		0		0		1		0		0		0		0		0		0	
27		0		1		0		0		0		0		1		0		0		1		0	
28		0		0		0		0		0		0		1		0		1		1		1	
29		0		0		0		0		1		0		0		0		0		0		0	
30		0		1		0		0		0		0		0		0		0		0		0	
31		0		0		0		1		0		0		0		0		0		0		0	
32		1		0		0		0		1		0		0		0		0		0		1	
33		0		0		1		0		0		1		0		0		0		0		0	
34		0		0		0		0		0		0		0		1		1		1		0	
35		0		0		0		0		0		0		1		0		1		1		0	
36		0		0		0		0		0		0		1		0		1		1		0	
37		0		0		0		0		0		1		0		0		0		0		0	
;
param p:=
1	3
2	3
3	3
4	3
5	3
;
param G:=
38	97
39	76
40	97
41	95
42	84
43	73
44	80
45	70
46	88
47	72
48	92
;
param s:=
0	0
1	10
2	10
3	10
4	10
5	10
6	10
7	10
8	10
9	10
10	10
11	10
12	10
13	10
26	10
27	10
28	10
29	10
30	10
31	10
32	10
33	10
34	10
35	10
36	10
37	10
38	10
39	10
40	10
41	10
42	10
43	10
44	10
45	10
46	10
47	10
48	10
;
param t:
	0	1	2	3	4	5	6	7	8	9	10	11	12	13	14	15	16	17	18	19	20	21	22	23	24	25	26	27	28	29	30	31	32	33	34	35	36	37	38	39	40	41	42	43	44	45	46	47	48:=
0	0.0	38.47	38.47	16.12	59.09	26.68	32.56	28.28	24.33	52.35	37.95	22.36	42.19	55.57	71.69	69.86	75.29	43.86	59.67	8.49	31.11	32.56	47.71	60.83	42.76	32.06	16.12	43.86	30.46	42.52	73.59	53.85	6.32	53.67	35.44	41.62	41.23	48.66	25.32	65.12	56.36	53.24	26.25	49.09	31.02	18.03	21.21	38.01	18.11
1	38.47	0.0	73.54	52.8	20.88	61.19	70.23	14.14	51.61	75.39	58.31	24.08	77.79	90.55	84.21	87.86	77.28	6.0	78.59	41.76	41.76	43.68	10.0	60.83	27.2	68.96	52.5	50.16	50.99	66.75	73.76	86.83	43.08	15.23	28.0	52.95	50.64	29.53	62.97	63.56	18.03	87.78	59.84	21.21	52.33	24.84	38.08	35.0	48.17
2	38.47	73.54	0.0	22.36	92.46	40.79	31.3	66.03	24.17	30.0	30.07	60.83	4.47	17.2	56.04	48.08	70.23	77.9	40.0	41.76	41.76	41.23	83.45	62.51	65.39	34.93	36.06	48.04	30.59	63.56	70.88	16.12	37.95	87.86	57.27	42.0	44.05	70.94	30.81	66.75	90.14	14.76	42.58	76.54	29.43	48.84	38.08	54.71	25.61
3	16.12	52.8	22.36	0.0	72.72	26.91	25.3	44.05	15.62	40.5	29.73	38.47	26.08	39.45	63.25	59.09	71.22	57.69	49.19	20.1	31.05	31.62	62.48	59.06	50.36	26.83	17.89	42.05	24.41	48.37	70.46	37.95	16.12	67.68	42.19	37.74	38.47	56.32	19.72	63.53	70.18	37.12	27.8	59.48	24.21	29.07	23.02	42.11	10.77
4	59.09	20.88	92.46	72.72	0.0	82.0	91.08	34.23	69.31	89.89	73.24	44.18	96.83	109.12	93.68	99.54	82.22	15.23	91.24	62.64	56.04	57.69	14.14	66.75	34.18	89.84	73.38	60.93	66.84	86.09	78.1	104.65	63.91	6.0	39.45	65.3	62.61	32.56	83.82	68.26	3.0	106.22	80.6	21.59	68.25	43.83	55.15	45.62	66.84
5	26.68	61.19	40.79	26.91	82.0	0.0	13.42	48.08	42.43	66.24	56.64	38.63	42.19	54.04	90.0	85.09	97.84	67.08	75.47	20.0	55.57	56.6	68.96	84.88	69.43	10.0	10.77	67.68	50.99	22.8	96.83	56.32	20.4	76.16	62.1	64.03	64.4	75.31	10.05	89.31	79.08	53.01	2.24	75.06	50.93	44.55	46.07	64.26	36.88
6	32.56	70.23	31.3	25.3	91.08	13.42	0.0	58.14	40.25	59.67	53.25	49.4	31.62	42.19	84.85	78.41	95.41	75.89	69.43	28.64	56.32	56.92	78.79	84.1	74.03	4.0	17.89	67.23	49.19	34.0	95.02	45.61	27.2	85.44	66.12	62.61	63.56	80.02	7.28	88.57	88.26	41.59	15.65	81.5	48.76	50.25	47.85	66.91	36.06
7	28.28	14.14	66.03	44.05	34.23	48.08	58.14	0.0	46.82	73.35	56.57	10.0	70.0	83.23	86.37	88.09	82.87	20.1	78.23	29.53	42.05	44.05	20.88	66.48	35.61	56.46	40.25	52.95	48.66	52.61	79.85	80.62	31.62	28.28	33.11	54.15	52.35	39.6	51.0	69.86	31.26	80.71	46.57	33.62	49.82	21.1	35.36	39.56	42.05
8	24.33	51.61	24.17	15.62	69.31	42.43	40.25	46.82	0.0	28.07	14.42	44.41	28.64	40.0	48.37	45.61	55.61	55.32	35.44	31.62	18.11	18.0	61.61	43.86	41.23	42.19	32.8	27.2	8.94	63.25	54.92	35.38	27.86	65.12	33.11	22.36	23.41	46.82	35.23	48.33	67.18	37.01	43.19	52.48	8.6	26.93	14.21	30.81	6.32
9	52.35	75.39	30.0	40.5	89.89	66.24	59.67	73.35	28.07	0.0	17.09	72.11	32.25	34.23	26.08	18.87	42.43	77.82	10.0	59.23	34.0	32.25	85.09	39.29	56.85	62.8	58.31	31.24	24.74	88.57	44.05	26.08	55.32	86.83	50.48	25.46	28.28	60.83	57.14	42.76	88.32	31.4	67.54	69.81	23.54	52.39	38.08	44.82	34.23
10	37.95	58.31	30.07	29.73	73.24	56.64	53.25	56.57	14.42	17.09	0.0	56.04	34.0	41.76	34.0	32.25	42.19	60.83	22.09	45.69	17.2	15.62	68.03	32.56	41.04	55.61	47.2	18.44	8.0	77.67	42.05	34.93	42.05	69.97	34.06	12.17	14.56	45.61	48.92	36.88	71.56	38.6	57.49	53.76	7.07	35.51	21.21	29.07	20.59
11	22.36	24.08	60.83	38.47	44.18	38.63	49.4	10.0	44.41	72.11	56.04	0.0	64.5	77.9	87.86	88.2	86.76	30.07	78.1	21.26	43.68	45.61	30.59	70.71	42.52	47.41	31.62	55.71	48.04	42.76	84.12	76.16	24.08	38.21	38.42	55.79	54.41	47.2	42.44	74.43	41.19	75.59	37.0	42.54	49.01	22.47	35.36	44.1	38.83
12	42.19	77.79	4.47	26.08	96.83	42.19	31.62	70.0	28.64	32.25	34.0	64.5	0.0	13.42	58.31	49.68	73.38	82.22	42.19	44.94	46.17	45.61	87.68	66.27	69.86	35.44	38.47	52.15	34.93	64.78	74.22	14.14	41.23	92.2	61.74	46.04	48.17	75.39	32.14	70.46	94.49	11.4	44.1	81.01	33.73	53.15	42.54	59.14	30.0
13	55.57	90.55	17.2	39.45	109.12	54.04	42.19	83.23	40.0	34.23	41.76	77.9	13.42	0.0	58.82	48.33	76.66	94.76	43.17	58.31	56.36	55.46	100.5	72.25	80.62	46.17	51.42	60.17	44.72	76.11	78.23	8.25	54.63	104.69	72.72	53.85	56.32	85.88	44.1	76.11	106.89	3.16	56.08	92.36	43.38	65.76	54.2	69.32	42.43
14	71.69	84.21	56.04	63.25	93.68	90.0	84.85	86.37	48.37	26.08	34.0	87.86	58.31	58.82	0.0	12.17	21.54	84.85	16.12	79.62	44.41	42.43	92.78	28.84	59.67	87.73	80.99	34.06	41.23	111.52	25.06	50.6	76.03	92.2	56.32	32.25	34.06	61.35	81.57	29.73	92.89	56.3	91.02	72.12	40.72	65.76	52.63	49.37	54.59
15	69.86	87.86	48.08	59.09	99.54	85.09	78.41	88.09	45.61	18.87	32.25	88.2	49.68	48.33	12.17	0.0	33.53	89.29	10.2	77.2	46.39	44.41	97.02	38.21	65.39	81.61	76.97	38.63	40.2	107.33	36.77	40.25	73.38	97.41	60.73	34.93	37.36	68.0	76.01	40.0	98.43	46.07	86.35	78.29	39.32	67.03	53.01	54.08	51.92
16	75.29	77.28	70.23	71.22	82.22	97.84	95.41	82.87	55.61	42.43	42.19	86.76	73.38	76.66	21.54	33.53	0.0	76.42	34.0	83.74	44.41	42.8	84.38	16.49	50.36	97.65	87.73	31.62	46.86	117.46	4.47	68.47	80.72	82.0	50.0	33.94	34.06	50.0	90.8	14.0	82.05	73.82	98.41	61.01	47.01	64.41	54.2	43.32	60.96
17	43.86	6.0	77.9	57.69	15.23	67.08	75.89	20.1	55.32	77.82	60.83	30.07	82.22	94.76	84.85	89.29	76.42	0.0	80.32	47.54	43.86	45.69	8.0	60.13	26.08	74.73	58.24	50.99	53.85	72.69	72.69	90.69	48.7	10.0	28.64	54.41	51.92	27.2	68.62	62.51	12.53	91.92	65.76	17.49	55.23	29.07	41.4	35.51	52.35
18	59.67	78.59	40.0	49.19	91.24	75.47	69.43	78.23	35.44	10.0	22.09	78.1	42.19	43.17	16.12	10.2	34.0	80.32	0.0	67.05	36.88	34.93	87.93	34.0	57.31	72.47	67.08	30.53	30.07	97.53	36.22	34.93	63.25	88.77	52.0	26.0	28.64	60.46	66.61	36.77	89.96	40.52	76.66	70.33	29.15	57.14	43.01	45.62	41.76
19	8.49	41.76	41.76	20.1	62.64	20.0	28.64	29.53	31.62	59.23	45.69	21.26	44.94	58.31	79.62	77.2	83.74	47.54	67.05	0.0	39.6	41.04	50.16	69.31	50.0	27.2	10.77	52.35	38.47	34.06	82.07	57.72	4.0	56.92	43.08	50.0	49.68	55.79	21.47	73.59	59.77	56.3	19.1	55.08	38.91	25.0	29.7	46.14	25.3
20	31.11	41.76	41.76	31.05	56.04	55.57	56.32	42.05	18.11	34.0	17.2	43.68	46.17	56.36	44.41	46.39	44.41	43.86	36.88	39.6	0.0	2.0	51.26	29.73	24.41	57.58	44.94	12.81	11.66	73.59	42.52	50.48	36.88	52.84	16.97	12.17	10.77	29.53	50.33	34.06	54.38	53.24	55.76	36.8	13.04	21.38	9.9	13.0	20.4
21	32.56	43.68	41.23	31.62	57.69	56.6	56.92	44.05	18.0	32.25	15.62	45.61	45.61	55.46	42.43	44.41	42.8	45.69	34.93	41.04	2.0	0.0	53.14	28.43	25.61	58.31	46.04	11.31	10.77	74.97	41.04	49.4	38.21	54.59	18.44	10.2	8.94	30.53	51.08	32.8	56.08	52.33	56.86	38.18	12.08	23.35	11.4	13.89	20.88
22	47.71	10.0	83.45	62.48	14.14	68.96	78.79	20.88	61.61	85.09	68.03	30.59	87.68	100.5	92.78	97.02	84.38	8.0	87.93	50.16	51.26	53.14	0.0	68.12	34.06	77.25	60.93	58.86	60.83	72.03	80.62	96.83	51.88	8.25	36.5	62.1	59.67	34.93	71.59	70.46	11.18	97.74	67.45	24.7	62.18	34.83	48.02	43.42	58.14
23	60.83	60.83	62.51	59.06	66.75	84.88	84.1	66.48	43.86	39.29	32.56	70.71	66.27	72.25	28.84	38.21	16.49	60.13	34.0	69.31	29.73	28.43	68.12	0.0	34.06	85.88	74.4	17.2	34.93	103.32	13.42	64.5	66.6	66.12	33.53	21.54	20.59	34.23	78.77	4.47	66.37	69.18	85.21	45.28	35.47	48.55	39.62	26.93	48.37
24	42.76	27.2	65.39	50.36	34.18	69.43	74.03	35.61	41.23	56.85	41.04	42.52	69.86	80.62	59.67	65.39	50.36	26.08	57.31	50.0	24.41	25.61	34.06	34.06	0.0	74.24	58.86	26.83	36.06	82.29	46.69	74.89	49.03	32.56	8.25	31.62	28.84	6.0	67.12	36.5	33.24	77.52	68.88	13.04	37.44	25.0	27.89	12.04	41.23
25	32.06	68.96	34.93	26.83	89.84	10.0	4.0	56.46	42.19	62.8	55.61	47.41	35.44	46.17	87.73	81.61	97.65	74.73	72.47	27.2	57.58	58.31	77.25	85.88	74.24	0.0	16.49	68.88	51.11	30.0	97.1	49.48	26.31	84.12	66.48	64.5	65.3	80.22	7.28	90.35	86.98	45.54	12.21	81.15	50.77	50.01	48.76	67.68	37.58
26	16.12	52.5	36.06	17.89	73.38	10.77	17.89	40.25	32.8	58.31	47.2	31.62	38.47	51.42	80.99	76.97	87.73	58.24	67.08	10.77	44.94	46.04	60.93	74.4	58.86	16.49	0.0	57.2	41.04	30.53	86.56	52.15	10.0	67.68	51.42	53.81	54.04	64.78	10.82	78.82	70.52	49.82	10.82	65.01	41.11	34.13	35.36	53.49	26.91
27	43.86	50.16	48.04	42.05	60.93	67.68	67.23	52.95	27.2	31.24	18.44	55.71	52.15	60.17	34.06	38.63	31.62	50.99	30.53	52.35	12.81	11.31	58.86	17.2	26.83	68.88	57.2	0.0	18.44	86.28	29.73	53.14	49.52	58.82	22.36	6.32	4.0	30.0	61.72	21.63	59.81	57.01	68.01	39.82	19.24	33.24	22.67	15.52	31.3
28	30.46	50.99	30.59	24.41	66.84	50.99	49.19	48.66	8.94	24.74	8.0	48.04	34.93	44.72	41.23	40.2	46.86	53.85	30.07	38.47	11.66	10.77	60.83	34.93	36.06	51.11	41.04	18.44	0.0	71.22	46.04	38.83	34.99	63.25	28.43	13.42	14.56	41.18	44.1	39.4	65.0	41.59	51.62	48.27	1.41	27.66	13.34	24.6	14.14
29	42.52	66.75	63.56	48.37	86.09	22.8	34.0	52.61	63.25	88.57	77.67	42.76	64.78	76.11	111.52	107.33	117.46	72.69	97.53	34.06	73.59	74.97	72.03	103.32	82.29	30.0	30.53	86.28	71.22	0.0	115.97	78.92	36.77	80.1	76.16	83.55	83.45	87.73	32.76	107.63	83.1	75.33	21.19	84.77	71.4	57.8	63.7	79.88	57.2
30	73.59	73.76	70.88	70.46	78.1	96.83	95.02	79.85	54.92	44.05	42.05	84.12	74.22	78.23	25.06	36.77	4.47	72.69	36.22	82.07	42.52	41.04	80.62	13.42	46.69	97.1	86.56	29.73	46.04	115.97	0.0	70.11	79.2	78.03	46.82	32.8	32.56	46.04	90.14	10.2	78.01	75.33	97.31	57.01	46.32	61.91	52.4	40.31	60.0
31	53.85	86.83	16.12	37.95	104.65	56.32	45.61	80.62	35.38	26.08	34.93	76.16	14.14	8.25	50.6	40.25	68.47	90.69	34.93	57.72	50.48	49.4	96.83	64.5	74.89	49.48	52.15	53.14	38.83	78.92	70.11	0.0	53.85	100.5	67.2	46.82	49.4	79.92	46.27	68.26	102.55	5.83	58.22	87.01	37.44	62.01	49.5	63.29	38.83
32	6.32	43.08	37.95	16.12	63.91	20.4	27.2	31.62	27.86	55.32	42.05	24.08	41.23	54.63	76.03	73.38	80.72	48.7	63.25	4.0	36.88	38.21	51.88	66.6	49.03	26.31	10.0	49.52	34.99	36.77	79.2	53.85	0.0	58.31	41.76	46.86	46.69	54.92	19.92	70.94	61.1	52.55	19.92	55.01	35.36	24.19	27.02	44.28	21.54
33	53.67	15.23	87.86	67.68	6.0	76.16	85.44	28.28	65.12	86.83	69.97	38.21	92.2	104.69	92.2	97.41	82.0	10.0	88.77	56.92	52.84	54.59	8.25	66.12	32.56	84.12	67.68	58.82	63.25	80.1	78.03	100.5	58.31	0.0	36.77	62.77	60.17	32.0	78.19	68.0	3.0	101.83	74.73	21.02	64.64	39.05	51.09	43.32	62.29
34	35.44	28.0	57.27	42.19	39.45	62.1	66.12	33.11	33.11	50.48	34.06	38.42	61.74	72.72	56.32	60.73	50.0	28.64	52.0	43.08	16.97	18.44	36.5	33.53	8.25	66.48	51.42	22.36	28.43	76.16	46.82	67.2	41.76	36.77	0.0	26.0	23.41	14.14	59.3	36.77	38.01	69.64	61.68	19.85	29.83	18.36	19.65	7.0	32.98
35	41.62	52.95	42.0	37.74	65.3	64.03	62.61	54.15	22.36	25.46	12.17	55.79	46.04	53.85	32.25	34.93	33.94	54.41	26.0	50.0	12.17	10.2	62.1	21.54	31.62	64.5	53.81	6.32	13.42	83.55	32.8	46.82	46.86	62.77	26.0	0.0	2.83	35.38	57.45	26.0	63.98	50.7	64.54	44.65	13.93	33.54	21.02	19.72	27.2
36	41.23	50.64	44.05	38.47	62.61	64.4	63.56	52.35	23.41	28.28	14.56	54.41	48.17	56.32	34.06	37.36	34.06	51.92	28.64	49.68	10.77	8.94	59.67	20.59	28.84	65.3	54.04	4.0	14.56	83.45	32.56	49.4	46.69	60.17	23.41	2.83	0.0	32.56	58.18	25.06	61.33	53.16	64.82	41.88	15.3	32.02	20.25	17.0	27.78
37	48.66	29.53	70.94	56.32	32.56	75.31	80.02	39.6	46.82	60.83	45.61	47.2	75.39	85.88	61.35	68.0	50.0	27.2	60.46	55.79	29.53	30.53	34.93	34.23	6.0	80.22	64.78	30.0	41.18	87.73	46.04	79.92	54.92	32.0	14.14	35.38	32.56	0.0	73.11	36.0	32.14	82.76	74.73	11.05	42.54	30.81	33.73	16.64	47.07
38	25.32	62.97	30.81	19.72	83.82	10.05	7.28	51.0	35.23	57.14	48.92	42.44	32.14	44.1	81.57	76.01	90.8	68.62	66.61	21.47	50.33	51.08	71.59	78.77	67.12	7.28	10.82	61.72	44.1	32.76	90.14	46.27	19.92	78.19	59.3	57.45	58.18	73.11	0.0	83.24	80.99	43.0	12.0	74.33	43.83	43.1	41.48	60.42	30.41
39	65.12	63.56	66.75	63.53	68.26	89.31	88.57	69.86	48.33	42.76	36.88	74.43	70.46	76.11	29.73	40.0	14.0	62.51	36.77	73.59	34.06	32.8	70.46	4.47	36.5	90.35	78.82	21.63	39.4	107.63	10.2	68.26	70.94	68.0	36.77	26.0	25.06	36.0	83.24	0.0	68.07	73.06	89.63	47.01	39.92	52.43	43.93	30.41	52.84
40	56.36	18.03	90.14	70.18	3.0	79.08	88.26	31.26	67.18	88.32	71.56	41.19	94.49	106.89	92.89	98.43	82.05	12.53	89.96	59.77	54.38	56.08	11.18	66.37	33.24	86.98	70.52	59.81	65.0	83.1	78.01	102.55	61.1	3.0	38.01	63.98	61.33	32.14	80.99	68.07	0.0	104.0	77.67	21.1	66.4	41.4	53.08	44.38	64.54
41	53.24	87.78	14.76	37.12	106.22	53.01	41.59	80.71	37.01	31.4	38.6	75.59	11.4	3.16	56.3	46.07	73.82	91.92	40.52	56.3	53.24	52.33	97.74	69.18	77.52	45.54	49.82	57.01	41.59	75.33	75.33	5.83	52.55	101.83	69.64	50.7	53.16	82.76	43.0	73.06	104.0	0.0	55.0	89.31	40.25	62.97	51.22	66.19	39.62
42	26.25	59.84	42.58	27.8	80.6	2.24	15.65	46.57	43.19	67.54	57.49	37.0	44.1	56.08	91.02	86.35	98.41	65.76	76.66	19.1	55.76	56.86	67.45	85.21	68.88	12.21	10.82	68.01	51.62	21.19	97.31	58.22	19.92	74.73	61.68	64.54	64.82	74.73	12.0	89.63	77.67	55.0	0.0	74.17	51.62	43.93	46.14	64.08	37.48
43	49.09	21.21	76.54	59.48	21.59	75.06	81.5	33.62	52.48	69.81	53.76	42.54	81.01	92.36	72.12	78.29	61.01	17.49	70.33	55.08	36.8	38.18	24.7	45.28	13.04	81.15	65.01	39.82	48.27	84.77	57.01	87.01	55.01	21.02	19.85	44.65	41.88	11.05	74.33	47.01	21.1	89.31	74.17	0.0	49.68	31.26	38.47	25.0	51.48
44	31.02	52.33	29.43	24.21	68.25	50.93	48.76	49.82	8.6	23.54	7.07	49.01	33.73	43.38	40.72	39.32	47.01	55.23	29.15	38.91	13.04	12.08	62.18	35.47	37.44	50.77	41.11	19.24	1.41	71.4	46.32	37.44	35.36	64.64	29.83	13.93	15.3	42.54	43.83	39.92	66.4	40.25	51.62	49.68	0.0	28.86	14.56	25.94	14.21
45	18.03	24.84	48.84	29.07	43.83	44.55	50.25	21.1	26.93	52.39	35.51	22.47	53.15	65.76	65.76	67.03	64.41	29.07	57.14	25.0	21.38	23.35	34.83	48.55	25.0	50.01	34.13	33.24	27.66	57.8	61.91	62.01	24.19	39.05	18.36	33.54	32.02	30.81	43.1	52.43	41.4	62.97	43.93	31.26	28.86	0.0	14.32	22.63	23.35
46	21.21	38.08	38.08	23.02	55.15	46.07	47.85	35.36	14.21	38.08	21.21	35.36	42.54	54.2	52.63	53.01	54.2	41.4	43.01	29.7	9.9	11.4	48.02	39.62	27.89	48.76	35.36	22.67	13.34	63.7	52.4	49.5	27.02	51.09	19.65	21.02	20.25	33.73	41.48	43.93	53.08	51.22	46.14	38.47	14.56	14.32	0.0	19.1	13.34
47	38.01	35.0	54.71	42.11	45.62	64.26	66.91	39.56	30.81	44.82	29.07	44.1	59.14	69.32	49.37	54.08	43.32	35.51	45.62	46.14	13.0	13.89	43.42	26.93	12.04	67.68	53.49	15.52	24.6	79.88	40.31	63.29	44.28	43.32	7.0	19.72	17.0	16.64	60.42	30.41	44.38	66.19	64.08	25.0	25.94	22.63	19.1	0.0	32.02
48	18.11	48.17	25.61	10.77	66.84	36.88	36.06	42.05	6.32	34.23	20.59	38.83	30.0	42.43	54.59	51.92	60.96	52.35	41.76	25.3	20.4	20.88	58.14	48.37	41.23	37.58	26.91	31.3	14.14	57.2	60.0	38.83	21.54	62.29	32.98	27.2	27.78	47.07	30.41	52.84	64.54	39.62	37.48	51.48	14.21	23.35	13.34	32.02	0.0
;
