vehicles
vehicle_idx, capacity, cost_per_unit_distance
1,100,3
2,100,3
3,100,3
4,100,3
5,100,3
depot
node_idx,x,y
0,42,68
home delivery customers
node_idx,x,y,service_time,demand
1,77,97,10,5
2,42,92,10,18
3,8,3,10,19
4,82,17,10,18
5,39,27,10,9
6,7,24,10,23
7,54,52,10,18
8,59,77,10,13
9,38,7,10,23
10,82,67,10,8
11,68,82,10,24
12,7,48,10,3
self pickup customers
node_idx,x,y,service_time,demand,locker_idxs
13,32,8,10,8,40-36
14,7,14,10,10,40-36
15,48,13,10,20,42-36-38
16,53,82,10,5,41-39-35-37
17,67,98,10,9,39-35-37
18,72,43,10,10,39-38
19,23,43,10,8,40-36
20,68,98,10,10,39-35-37
21,52,72,10,14,39-41-35
22,42,7,10,20,40-42-36
flexible customers
node_idx,x,y,service_time,demand,locker_idxs
23,28,64,10,23,41-34
24,77,39,10,14,42-38
25,32,33,10,13,42-40-36
26,73,3,10,24,42-38-33
27,58,97,10,14,39-41-35-37
28,47,62,10,19,42-39-41-35
29,32,88,10,13,41-34
30,39,7,10,14,40-36
31,17,8,10,2,40-36
32,58,74,10,15,41-39-35-37
lockers
node_idx,x,y,service_time,capacity,cost_per_unit_good
33,93,12,10,70
34,22,88,10,81
35,65,88,10,74
36,25,15,10,76
37,77,88,10,90
38,72,14,10,93
39,65,71,10,100
40,34,16,10,76
41,50,67,10,87
42,61,33,10,95
43,43,153,10,91
mrt lines
start_node_idx,end_node_idx,freight_capacity,cost_per_unit_good
33,34,81,0.5
34,33,81,0.5
35,36,76,0.5
36,35,76,0.5
37,38,93,0.5
38,37,93,0.5
distance matrix
,0,1,2,3,4,5,6,7,8,9,10,11,12,13,14,15,16,17,18,19,20,21,22,23,24,25,26,27,28,29,30,31,32,33,34,35,36,37,38,39,40,41,42,43,
0,0.0,45.45,24.0,73.36,64.82,41.11,56.22,20.0,19.24,61.13,40.01,29.53,40.31,60.83,64.35,55.33,17.8,39.05,39.05,31.4,39.7,10.77,61.0,14.56,45.45,36.4,72.01,33.12,7.81,22.36,61.07,65.0,17.09,75.74,28.28,30.48,55.66,40.31,61.77,23.19,52.61,8.06,39.82,85.01
1,45.45,0.0,35.36,116.61,80.16,79.65,101.14,50.54,26.91,98.09,30.41,17.49,85.45,99.73,108.58,88.87,28.3,10.05,54.23,76.37,9.06,35.36,96.57,59.08,58.0,78.24,94.09,19.0,46.1,45.89,97.69,107.34,29.83,86.49,55.73,15.0,97.1,9.0,83.15,28.64,91.71,40.36,65.97,65.51
2,24.0,35.36,0.0,95.27,85.0,65.07,76.48,41.76,22.67,85.09,47.17,27.86,56.22,84.59,85.49,79.23,14.87,25.71,57.45,52.55,26.68,22.36,85.0,31.3,63.51,59.84,94.24,16.76,30.41,10.77,85.05,87.64,24.08,94.87,20.4,23.35,78.85,35.23,83.57,31.14,76.42,26.25,61.98,61.01
3,73.36,116.61,95.27,0.0,75.31,39.2,21.02,67.21,89.87,30.27,97.84,99.2,45.01,24.52,11.05,41.23,90.92,111.83,75.47,42.72,112.36,81.84,34.23,64.2,77.83,38.42,65.0,106.47,70.72,88.32,31.26,10.3,86.84,85.48,86.15,102.34,20.81,109.48,64.94,88.73,29.07,76.55,60.9,154.03
4,64.82,80.16,85.0,75.31,0.0,44.15,75.33,44.82,64.26,45.12,50.0,66.49,81.15,50.8,75.06,34.23,71.18,82.38,27.86,64.47,82.2,62.65,41.23,71.59,22.56,52.5,16.64,83.52,57.01,86.84,44.15,65.62,61.85,12.08,92.96,73.01,57.04,71.18,10.44,56.61,48.01,59.36,26.4,141.48
5,41.11,79.65,65.07,39.2,44.15,0.0,32.14,29.15,53.85,20.02,58.73,62.18,38.28,20.25,34.54,16.64,56.75,76.32,36.67,22.63,76.69,46.84,20.22,38.6,39.85,9.22,41.62,72.53,35.9,61.4,20.0,29.07,50.7,56.04,63.32,66.31,18.44,71.87,35.47,51.11,12.08,41.48,22.8,126.06
6,56.22,101.14,76.48,21.02,75.33,32.14,0.0,54.71,74.25,35.36,86.45,84.17,24.0,29.68,10.0,42.45,74.03,95.27,67.72,24.84,95.9,65.8,38.91,45.18,71.59,26.57,69.26,89.05,55.17,68.71,36.24,18.87,71.42,86.83,65.73,86.37,20.12,94.85,65.76,74.65,28.16,60.81,54.74,133.93
7,20.0,50.54,41.76,67.21,44.82,29.15,54.71,0.0,25.5,47.76,31.76,33.11,47.17,49.19,60.44,39.46,30.02,47.8,20.12,32.28,48.08,20.1,46.57,28.64,26.42,29.07,52.55,45.18,12.21,42.19,47.43,57.49,22.36,55.87,48.17,37.64,47.01,42.72,42.05,21.95,41.18,15.52,20.25,101.6
8,19.24,26.91,22.67,89.87,64.26,53.85,74.25,25.5,0.0,73.08,25.08,10.3,59.54,74.09,81.69,64.94,7.81,22.47,36.4,49.52,22.85,8.6,72.03,33.62,42.05,51.62,75.31,20.02,19.21,29.15,72.8,80.78,3.16,73.36,38.6,12.53,70.71,21.1,64.33,8.49,65.92,13.45,44.05,77.67
9,61.13,98.09,85.09,30.27,45.12,20.02,35.36,47.76,73.08,0.0,74.4,80.78,51.4,6.08,31.78,11.66,76.49,95.51,49.52,39.0,95.82,66.49,4.0,57.87,50.45,26.68,35.23,92.2,55.73,81.22,1.0,21.02,69.92,55.23,82.57,85.38,15.26,89.9,34.71,69.46,9.85,61.19,34.71,146.09
10,40.01,30.41,47.17,97.84,50.0,58.73,86.45,31.76,25.08,74.4,0.0,20.52,77.37,77.34,91.84,63.81,32.65,34.44,26.0,63.69,34.01,30.41,72.11,54.08,28.44,60.46,64.63,38.42,35.36,54.23,73.82,87.78,25.0,56.09,63.57,27.02,77.16,21.59,53.94,17.46,70.04,32.0,39.96,94.43
11,29.53,17.49,27.86,99.2,66.49,62.18,84.17,33.11,10.3,80.78,20.52,0.0,69.84,82.29,91.35,71.84,15.0,16.03,39.2,59.55,16.0,18.87,79.38,43.86,43.93,60.8,79.16,18.03,29.0,36.5,80.41,89.87,12.81,74.33,46.39,6.71,79.61,10.82,68.12,11.4,74.24,23.43,49.5,75.27
12,40.31,85.45,56.22,45.01,81.15,38.28,24.0,47.17,59.54,51.4,77.37,69.84,0.0,47.17,34.0,53.91,57.2,78.1,65.19,16.76,78.87,51.0,53.91,26.4,70.58,29.15,79.88,70.72,42.38,47.17,52.01,41.23,57.25,93.23,42.72,70.46,37.59,80.62,73.36,62.39,41.87,47.01,56.04,111.0
13,60.83,99.73,84.59,24.52,50.8,20.25,29.68,49.19,74.09,6.08,77.34,82.29,47.17,0.0,25.71,16.76,76.92,96.57,53.15,36.14,96.93,67.05,10.05,56.14,54.64,25.0,41.3,92.72,56.04,80.0,7.07,15.0,70.94,61.13,80.62,86.54,9.9,91.79,40.45,71.12,8.25,61.68,38.29,145.42
14,64.35,108.58,85.49,11.05,75.06,34.54,10.0,60.44,81.69,31.78,91.84,91.35,34.0,25.71,0.0,41.01,82.1,103.23,71.18,33.12,103.81,73.41,35.69,54.23,74.33,31.4,66.91,97.42,62.48,78.11,32.76,11.66,78.75,86.02,75.5,94.02,18.03,101.86,65.0,81.32,27.07,68.25,57.25,143.59
15,55.33,88.87,79.23,41.23,34.23,16.64,42.45,39.46,64.94,11.66,63.81,71.84,53.91,16.76,41.01,0.0,69.18,87.1,38.42,39.05,87.32,59.14,8.49,54.78,38.95,25.61,26.93,84.59,49.01,76.69,10.82,31.4,61.81,45.01,79.38,76.9,23.09,80.41,24.02,60.44,14.32,54.04,23.85,140.09
16,17.8,28.3,14.87,90.92,71.18,56.75,74.03,30.02,7.81,76.49,32.65,15.0,57.2,76.92,82.1,69.18,0.0,21.26,43.38,49.2,21.93,10.05,75.8,30.81,49.24,53.31,81.49,15.81,20.88,21.84,76.3,82.29,9.43,80.62,31.58,13.42,72.62,24.74,70.6,16.28,68.68,15.3,49.65,71.7
17,39.05,10.05,25.71,111.83,82.38,76.32,95.27,47.8,22.47,95.51,34.44,16.03,78.1,96.57,103.23,87.1,21.26,0.0,55.23,70.43,1.0,30.02,94.37,51.74,59.84,73.82,95.19,9.06,41.18,36.4,95.21,102.96,25.63,89.84,46.1,10.2,93.02,14.14,84.15,27.07,88.39,35.36,65.28,60.01
18,39.05,54.23,57.45,75.47,27.86,36.67,67.72,20.12,36.4,49.52,26.0,39.2,65.19,53.15,71.18,38.42,43.38,55.23,0.0,49.0,55.15,35.23,46.86,48.75,6.4,41.23,40.01,55.79,31.4,60.21,48.84,65.19,34.01,37.44,67.27,45.54,54.71,45.28,29.0,28.86,46.62,32.56,14.87,113.76
19,31.4,76.37,52.55,42.72,64.47,22.63,24.84,32.28,49.52,39.0,63.69,59.55,16.76,36.14,33.12,39.05,49.2,70.43,49.0,0.0,71.06,41.01,40.71,21.59,54.15,13.45,64.03,64.35,30.61,45.89,39.4,35.51,46.75,76.56,45.01,61.55,28.07,70.29,56.94,50.48,29.15,36.12,39.29,111.8
20,39.7,9.06,26.68,112.36,82.2,76.69,95.9,48.08,22.85,95.82,34.01,16.0,78.87,96.93,103.81,87.32,21.93,1.0,55.15,71.06,0.0,30.53,94.64,52.5,59.68,74.3,95.13,10.05,41.68,37.36,95.51,103.45,26.0,89.56,47.07,10.44,93.48,13.45,84.1,27.17,88.77,35.85,65.38,60.42
21,10.77,35.36,22.36,81.84,62.65,46.84,65.8,20.1,8.6,66.49,30.41,18.87,51.0,67.05,73.41,59.14,10.05,30.02,35.23,41.01,30.53,0.0,65.76,25.3,41.4,43.83,72.12,25.71,11.18,25.61,66.29,72.95,6.32,72.67,34.0,20.62,63.07,29.68,61.35,13.04,58.82,5.39,40.02,81.5
22,61.0,96.57,85.0,34.23,41.23,20.22,38.91,46.57,72.03,4.0,72.11,79.38,53.91,10.05,35.69,8.49,75.8,94.37,46.86,40.71,94.64,65.76,0.0,58.69,47.42,27.86,31.26,91.41,55.23,81.61,3.0,25.02,68.88,51.24,83.43,84.2,18.79,88.24,30.81,68.01,12.04,60.53,32.2,146.0
23,14.56,59.08,31.3,64.2,71.59,38.6,45.18,28.64,33.62,57.87,54.08,43.86,26.4,56.14,54.23,54.78,30.81,51.74,48.75,21.59,52.5,25.3,58.69,0.0,55.01,31.26,75.8,44.6,19.1,24.33,58.05,57.07,31.62,83.24,24.74,44.1,49.09,54.56,66.6,37.66,48.37,22.2,45.28,90.26
24,45.45,58.0,63.51,77.83,22.56,39.85,71.59,26.42,42.05,50.45,28.44,43.93,70.58,54.64,74.33,38.95,49.24,59.84,6.4,54.15,59.68,41.4,47.42,55.01,0.0,45.4,36.22,61.03,37.8,66.53,49.68,67.54,39.82,31.38,73.66,50.45,57.27,49.0,25.5,34.18,48.76,38.9,17.09,118.96
25,36.4,78.24,59.84,38.42,52.5,9.22,26.57,29.07,51.62,26.68,60.46,60.8,29.15,25.0,31.4,25.61,53.31,73.82,41.23,13.45,74.3,43.83,27.86,31.26,45.4,0.0,50.8,69.08,32.65,55.0,26.93,29.15,48.55,64.51,55.9,64.14,19.31,71.06,44.28,50.33,17.12,38.47,29.0,120.5
26,72.01,94.09,94.24,65.0,16.64,41.62,69.26,52.55,75.31,35.23,64.63,79.16,79.88,41.3,66.91,26.93,81.49,95.19,40.01,64.03,95.13,72.12,31.26,75.8,36.22,50.8,0.0,95.19,64.47,94.37,34.23,56.22,72.57,21.93,99.13,85.38,49.48,85.09,11.05,68.47,41.11,68.01,32.31,152.97
27,33.12,19.0,16.76,106.47,83.52,72.53,89.05,45.18,20.02,92.2,38.42,18.03,70.72,92.72,97.42,84.59,15.81,9.06,55.79,64.35,10.05,25.71,91.41,44.6,61.03,69.08,95.19,0.0,36.69,27.51,91.98,97.99,23.0,91.92,37.11,11.4,88.39,21.02,84.17,26.93,84.48,31.05,64.07,57.97
28,7.81,46.1,30.41,70.72,57.01,35.9,55.17,12.21,19.21,55.73,35.36,29.0,42.38,56.04,62.48,49.01,20.88,41.18,31.4,30.61,41.68,11.18,55.23,19.1,37.8,32.65,64.47,36.69,0.0,30.02,55.58,61.77,16.28,67.94,36.07,31.62,51.89,39.7,54.12,20.12,47.8,5.83,32.2,91.09
29,22.36,45.89,10.77,88.32,86.84,61.4,68.71,42.19,29.15,81.22,54.23,36.5,47.17,80.0,78.11,76.69,21.84,36.4,60.21,45.89,37.36,25.61,81.61,24.33,66.53,55.0,94.37,27.51,30.02,0.0,81.3,81.39,29.53,97.45,10.0,33.0,73.33,45.0,84.12,37.12,72.03,27.66,62.18,65.92
30,61.07,97.69,85.05,31.26,44.15,20.0,36.24,47.43,72.8,1.0,73.82,80.41,52.01,7.07,32.76,10.82,76.3,95.21,48.84,39.4,95.51,66.29,3.0,58.05,49.68,26.93,34.23,91.98,55.58,81.3,0.0,22.02,69.64,54.23,82.76,85.07,16.12,89.47,33.73,69.08,10.3,61.0,34.06,146.05
31,65.0,107.34,87.64,10.3,65.62,29.07,18.87,57.49,80.78,21.02,87.78,89.87,41.23,15.0,11.66,31.4,82.29,102.96,65.19,35.51,103.45,72.95,25.02,57.07,67.54,29.15,56.22,97.99,61.77,81.39,22.02,0.0,77.7,76.11,80.16,93.3,10.63,100.0,55.33,79.2,18.79,67.6,50.61,147.31
32,17.09,29.83,24.08,86.84,61.85,50.7,71.42,22.36,3.16,69.92,25.0,12.81,57.25,70.94,78.75,61.81,9.43,25.63,34.01,46.75,26.0,6.32,68.88,31.62,39.82,48.55,72.57,23.0,16.28,29.53,69.64,77.7,0.0,71.2,38.63,15.65,67.6,23.6,61.61,7.62,62.77,10.63,41.11,80.41
33,75.74,86.49,94.87,85.48,12.08,56.04,86.83,55.87,73.36,55.23,56.09,74.33,93.23,61.13,86.02,45.01,80.62,89.84,37.44,76.56,89.56,72.67,51.24,83.24,31.38,64.51,21.93,91.92,67.94,97.45,54.23,76.11,71.2,0.0,104.0,80.99,68.07,77.67,21.1,65.31,59.14,69.81,38.28,149.6
34,28.28,55.73,20.4,86.15,92.96,63.32,65.73,48.17,38.6,82.57,63.57,46.39,42.72,80.62,75.5,79.38,31.58,46.1,67.27,45.01,47.07,34.0,83.43,24.74,73.66,55.9,99.13,37.11,36.07,10.0,82.76,80.16,38.63,104.0,0.0,43.0,73.06,55.0,89.31,46.24,72.99,35.0,67.42,68.31
35,30.48,15.0,23.35,102.34,73.01,66.31,86.37,37.64,12.53,85.38,27.02,6.71,70.46,86.54,94.02,76.9,13.42,10.2,45.54,61.55,10.44,20.62,84.2,44.1,50.45,64.14,85.38,11.4,31.62,33.0,85.07,93.3,15.65,80.99,43.0,0.0,83.24,12.0,74.33,17.0,78.39,25.81,55.15,68.62
36,55.66,97.1,78.85,20.81,57.04,18.44,20.12,47.01,70.71,15.26,77.16,79.61,37.59,9.9,18.03,23.09,72.62,93.02,54.71,28.07,93.48,63.07,18.79,49.09,57.27,19.31,49.48,88.39,51.89,73.33,16.12,10.63,67.6,68.07,73.06,83.24,0.0,89.63,47.01,68.82,9.06,57.7,40.25,139.17
37,40.31,9.0,35.23,109.48,71.18,71.87,94.85,42.72,21.1,89.9,21.59,10.82,80.62,91.79,101.86,80.41,24.74,14.14,45.28,70.29,13.45,29.68,88.24,54.56,49.0,71.06,85.09,21.02,39.7,45.0,89.47,100.0,23.6,77.67,55.0,12.0,89.63,0.0,74.17,20.81,83.86,34.21,57.28,73.36
38,61.77,83.15,83.57,64.94,10.44,35.47,65.76,42.05,64.33,34.71,53.94,68.12,73.36,40.45,65.0,24.02,70.6,84.15,29.0,56.94,84.1,61.35,30.81,66.6,25.5,44.28,11.05,84.17,54.12,84.12,33.73,55.33,61.61,21.1,89.31,74.33,47.01,74.17,0.0,57.43,38.05,57.38,21.95,141.99
39,23.19,28.64,31.14,88.73,56.61,51.11,74.65,21.95,8.49,69.46,17.46,11.4,62.39,71.12,81.32,60.44,16.28,27.07,28.86,50.48,27.17,13.04,68.01,37.66,34.18,50.33,68.47,26.93,20.12,37.12,69.08,79.2,7.62,65.31,46.24,17.0,68.82,20.81,57.43,0.0,63.13,15.52,38.21,84.9
40,52.61,91.71,76.42,29.07,48.01,12.08,28.16,41.18,65.92,9.85,70.04,74.24,41.87,8.25,27.07,14.32,68.68,88.39,46.62,29.15,88.77,58.82,12.04,48.37,48.76,17.12,41.11,84.48,47.8,72.03,10.3,18.79,62.77,59.14,72.99,78.39,9.06,83.86,38.05,63.13,0.0,53.45,31.91,137.3
41,8.06,40.36,26.25,76.55,59.36,41.48,60.81,15.52,13.45,61.19,32.0,23.43,47.01,61.68,68.25,54.04,15.3,35.36,32.56,36.12,35.85,5.39,60.53,22.2,38.9,38.47,68.01,31.05,5.83,27.66,61.0,67.6,10.63,69.81,35.0,25.81,57.7,34.21,57.38,15.52,53.45,0.0,35.74,86.28
42,39.82,65.97,61.98,60.9,26.4,22.8,54.74,20.25,44.05,34.71,39.96,49.5,56.04,38.29,57.25,23.85,49.65,65.28,14.87,39.29,65.38,40.02,32.2,45.28,17.09,29.0,32.31,64.07,32.2,62.18,34.06,50.61,41.11,38.28,67.42,55.15,40.25,57.28,21.95,38.21,31.91,35.74,0.0,121.34
43,85.01,65.51,61.01,154.03,141.48,126.06,133.93,101.6,77.67,146.09,94.43,75.27,111.0,145.42,143.59,140.09,71.7,60.01,113.76,111.8,60.42,81.5,146.0,90.26,118.96,120.5,152.97,57.97,91.09,65.92,146.05,147.31,80.41,149.6,68.31,68.62,139.17,73.36,141.99,84.9,137.3,86.28,121.34,0.0
