vehicles
vehicle_idx, capacity, cost_per_unit_distance
1,100,3
2,100,3
3,100,3
4,100,3
5,100,3
6,100,3
depot
node_idx,x,y
0,86,22
home delivery customers
node_idx,x,y,service_time,demand
1,29,17,10,1
2,25,13,10,23
3,67,37,10,5
4,13,7,10,7
5,19,83,10,12
6,1,82,10,9
7,94,28,10,18
8,1,57,10,3
9,57,82,10,26
10,47,38,10,21
11,16,36,10,8
12,84,2,10,21
self pickup customers
node_idx,x,y,service_time,demand,locker_idxs
13,19,45,10,19,44
14,40,86,10,16,40-37
15,25,94,10,2,40
16,63,57,10,26,46
17,61,85,10,19,37-41
18,54,39,10,14,45
19,66,34,10,8,43
20,47,17,10,5,43-38
21,82,72,10,4,41-37
22,41,59,10,20,44
23,100,77,10,8,41
24,68,89,10,21,37-41
flexible customers
node_idx,x,y,service_time,demand,locker_idxs
25,4,50,10,23,47
26,62,15,10,18,42
27,84,38,10,12,42
28,34,3,10,20,38
29,42,76,10,19,47-44-46-40
30,75,24,10,13,42-39
31,87,38,10,17,39
32,46,39,10,10,44-46-47-48-45-43
33,21,54,10,19,44-47
34,96,7,10,18,39-42
35,51,38,10,19,43-44-47-48-45-46
36,83,74,10,66,41-37
lockers
node_idx,x,y,service_time,capacity,cost_per_unit_good
37,65,88,10,99
38,25,15,10,92
39,93,12,10,86
40,22,88,10,95
41,77,88,10,84
42,72,14,10,75
43,47,42,10,100
44,41,59,10,87
45,58,45,10,97
46,56,55,10,94
47,44,52,10,83
48,52,49,10,92
mrt lines
start_node_idx,end_node_idx,freight_capacity,cost_per_unit_good
0,1,99,0.1
1,0,99,0.1
2,3,95,0.1
distance matrix
,0,1,2,3,4,5,6,7,8,9,10,11,12,13,14,15,16,17,18,19,20,21,22,23,24,25,26,27,28,29,30,31,32,33,34,35,36,37,38,39,40,41,42,43,44,45,46,47,48,
0,0.0,57.22,61.66,24.21,74.53,90.61,104.04,10.0,91.92,66.64,42.15,71.39,20.1,70.84,78.82,94.37,41.88,67.78,36.24,23.32,39.32,50.16,58.26,56.75,69.38,86.65,25.0,16.12,55.36,69.66,11.18,16.03,43.46,72.45,18.03,38.48,52.09,69.26,61.4,12.21,91.93,66.61,16.12,43.83,58.26,36.24,44.6,51.61,43.42
1,57.22,0.0,5.66,42.94,18.87,66.75,70.77,65.92,48.83,70.77,27.66,23.02,57.01,29.73,69.87,77.1,52.5,75.15,33.3,40.72,18.0,76.38,43.68,92.96,81.88,41.4,33.06,58.87,14.87,60.42,46.53,61.68,27.8,37.85,67.74,30.41,78.52,79.61,4.47,64.2,71.34,85.7,43.1,30.81,43.68,40.31,46.62,38.08,39.41
2,61.66,5.66,0.0,48.37,13.42,70.26,73.05,70.61,50.12,76.06,33.3,24.7,60.02,32.56,74.53,81.0,58.14,80.5,38.95,46.07,22.36,82.04,48.7,98.6,87.32,42.54,37.05,64.08,13.45,65.25,51.2,66.85,33.42,41.19,71.25,36.07,84.17,85.0,2.0,68.01,75.06,91.26,47.01,36.4,48.7,45.97,52.2,43.38,45.0
3,24.21,42.94,48.37,0.0,61.77,66.48,79.88,28.46,68.96,46.1,20.02,51.01,38.91,48.66,55.95,70.8,20.4,48.37,13.15,3.16,28.28,38.08,34.06,51.86,52.01,64.33,22.56,17.03,47.38,46.32,15.26,20.02,21.1,49.04,41.73,16.03,40.31,51.04,47.41,36.07,68.01,51.97,23.54,20.62,34.06,12.04,21.1,27.46,19.21
4,74.53,18.87,13.42,61.77,0.0,76.24,75.95,83.68,51.42,86.95,46.01,29.15,71.18,38.47,83.49,87.82,70.71,91.59,52.01,59.48,35.44,94.79,59.06,111.66,98.74,43.93,49.65,77.47,21.38,74.85,64.29,80.23,45.97,47.68,83.0,49.04,96.9,96.25,14.42,80.16,81.5,103.23,59.41,48.8,59.06,58.9,64.44,54.64,57.31
5,90.61,66.75,70.26,66.48,76.24,0.0,18.03,93.01,31.62,38.01,53.0,47.1,103.86,38.0,21.21,12.53,51.11,42.05,56.22,67.9,71.69,63.95,32.56,81.22,49.37,36.25,80.45,79.06,81.39,24.04,81.34,81.54,51.62,29.07,108.19,55.22,64.63,46.27,68.26,102.55,5.83,58.22,87.01,49.65,32.56,54.45,46.4,39.82,47.38
6,104.04,70.77,73.05,79.88,75.95,18.03,0.0,107.54,25.0,56.0,63.66,48.38,115.28,41.15,39.2,26.83,66.85,60.07,68.25,80.8,79.63,81.61,46.14,99.13,67.36,32.14,90.61,93.94,85.62,41.44,94.02,96.6,62.24,34.41,121.04,66.6,82.39,64.28,71.17,115.6,21.84,76.24,98.31,60.96,46.14,67.96,61.27,52.43,60.75
7,10.0,65.92,70.61,28.46,83.68,93.01,107.54,0.0,97.42,65.46,48.05,78.41,27.86,76.9,79.25,95.48,42.45,65.86,41.48,28.64,48.27,45.61,61.4,49.37,66.31,92.65,34.54,14.14,65.0,70.77,19.42,12.21,49.24,77.49,21.1,44.15,47.3,66.64,70.21,16.03,93.72,62.36,26.08,49.04,61.4,39.81,46.62,55.46,46.96
8,91.92,48.83,50.12,68.96,51.42,31.62,25.0,97.42,0.0,61.33,49.77,25.81,99.57,21.63,48.6,44.1,62.0,66.21,55.97,68.95,60.96,82.38,40.05,101.0,74.25,7.62,74.06,85.15,63.29,45.19,81.02,88.07,48.47,20.22,107.35,53.49,83.74,71.11,48.37,102.42,37.44,82.08,83.01,48.38,40.05,58.25,55.04,43.29,51.62
9,66.64,70.77,76.06,46.1,86.95,38.01,56.0,65.46,61.33,0.0,45.12,61.62,84.43,53.04,17.46,34.18,25.71,5.0,43.1,48.84,65.76,26.93,28.02,43.29,13.04,61.91,67.19,51.62,82.28,16.16,60.73,53.25,44.38,45.61,84.53,44.41,27.2,10.0,74.25,78.71,35.51,20.88,69.63,41.23,28.02,37.01,27.02,32.7,33.38
10,42.15,27.66,33.3,20.02,46.01,53.0,63.66,48.05,49.77,45.12,0.0,31.06,51.62,28.86,48.51,60.17,24.84,49.04,7.07,19.42,21.0,48.8,21.84,65.8,55.15,44.64,27.46,37.0,37.34,38.33,31.3,40.0,1.41,30.53,57.98,4.0,50.91,53.14,31.83,52.84,55.9,58.31,34.66,4.0,21.84,13.04,19.24,14.32,12.08
11,71.39,23.02,24.7,51.01,29.15,47.1,48.38,78.41,25.81,61.62,31.06,0.0,76.03,9.49,55.46,58.69,51.48,66.53,38.12,50.04,36.36,75.18,33.97,93.47,74.25,18.44,50.57,68.03,37.59,47.71,60.21,71.03,30.15,18.68,85.09,35.06,77.03,71.45,22.85,80.65,52.35,80.16,60.17,31.58,33.97,42.95,44.28,32.25,38.28
12,20.1,57.01,60.02,38.91,71.18,103.86,115.28,27.86,99.57,84.43,51.62,76.03,0.0,77.94,94.83,109.29,58.87,86.13,47.63,36.72,39.92,70.03,71.4,76.69,88.46,93.3,25.55,36.0,50.01,85.09,23.77,36.12,53.04,81.69,13.0,48.84,72.01,88.07,60.42,13.45,106.02,86.28,16.97,54.49,71.4,50.25,59.94,64.03,56.86
13,70.84,29.73,32.56,48.66,38.47,38.0,41.15,76.9,21.63,53.04,28.86,9.49,77.94,0.0,46.07,49.37,45.61,58.0,35.51,48.27,39.6,68.54,26.08,87.09,65.86,15.81,52.43,65.38,44.6,38.6,59.81,68.36,27.66,9.22,85.87,32.76,70.26,62.97,30.59,81.02,43.1,72.2,61.4,28.16,26.08,39.0,38.33,25.96,33.24
14,78.82,69.87,74.53,55.95,83.49,21.21,39.2,79.25,48.6,17.46,48.51,55.46,94.83,46.07,0.0,17.0,37.01,21.02,49.04,58.14,69.35,44.27,27.02,60.67,28.16,50.91,74.33,65.12,83.22,10.2,71.2,67.18,47.38,37.22,96.83,49.24,44.64,25.08,72.57,91.02,18.11,37.05,78.79,44.55,27.02,44.78,34.89,34.23,38.9
15,94.37,77.1,81.0,70.8,87.82,12.53,26.83,95.48,44.1,34.18,60.17,58.69,109.29,49.37,17.0,0.0,53.04,37.11,62.18,72.67,80.08,61.1,38.48,76.9,43.29,48.75,87.24,81.34,91.44,24.76,86.02,83.55,58.87,40.2,112.29,61.74,61.35,40.45,79.0,106.53,6.71,52.35,92.78,56.46,38.48,59.08,49.82,46.1,52.48
16,41.88,52.5,58.14,20.4,70.71,51.11,66.85,42.45,62.0,25.71,24.84,51.48,58.87,45.61,37.01,53.04,0.0,28.07,20.12,23.19,43.08,24.21,22.09,42.06,32.39,59.41,42.01,28.32,61.29,28.32,35.11,30.61,24.76,42.11,59.91,22.47,26.25,31.06,56.64,54.08,51.4,34.01,43.93,21.93,22.09,13.0,7.28,19.65,13.6
17,67.78,75.15,80.5,48.37,91.59,42.05,60.07,65.86,66.21,5.0,49.04,66.53,86.13,58.0,21.02,37.11,28.07,0.0,46.53,51.24,69.43,24.7,32.8,39.81,8.06,66.89,70.01,52.33,86.33,21.02,62.59,53.71,48.38,50.61,85.49,48.05,24.6,5.0,78.71,79.71,39.12,16.28,71.85,45.22,32.8,40.11,30.41,37.12,37.11
18,36.24,33.3,38.95,13.15,52.01,56.22,68.25,41.48,55.97,43.1,7.07,38.12,47.63,35.51,49.04,62.18,20.12,46.53,0.0,13.0,23.09,43.28,23.85,59.67,51.92,51.2,25.3,30.02,41.18,38.9,25.81,33.02,8.0,36.25,52.8,3.16,45.45,50.22,37.64,47.43,58.52,54.13,30.81,7.62,23.85,7.21,16.12,16.4,10.2
19,23.32,40.72,46.07,3.16,59.48,67.9,80.8,28.64,68.95,48.84,19.42,50.04,36.72,48.27,58.14,72.67,23.19,51.24,13.0,0.0,25.5,41.23,35.36,54.82,55.04,64.03,19.42,18.44,44.55,48.37,13.45,21.38,20.62,49.24,40.36,15.52,43.46,54.01,45.19,34.83,69.66,55.11,20.88,20.62,35.36,13.6,23.26,28.43,20.52
20,39.32,18.0,22.36,28.28,35.44,71.69,79.63,48.27,60.96,65.76,21.0,36.36,39.92,39.6,69.35,80.08,43.08,69.43,23.09,25.5,0.0,65.19,42.43,80.06,75.0,54.2,15.13,42.54,19.1,59.21,28.86,45.18,22.02,45.22,50.01,21.38,67.42,73.25,22.09,46.27,75.27,77.08,25.18,25.0,42.43,30.08,39.05,35.13,32.39
21,50.16,76.38,82.04,38.08,94.79,63.95,81.61,45.61,82.38,26.93,48.8,75.18,70.03,68.54,44.27,61.1,24.21,24.7,43.28,41.23,65.19,0.0,43.01,18.68,22.02,81.04,60.41,34.06,84.05,40.2,48.51,34.37,48.84,63.6,66.49,46.01,2.24,23.35,80.61,61.0,62.1,16.76,58.86,46.1,43.01,36.12,31.06,42.94,37.8
22,58.26,43.68,48.7,34.06,59.06,32.56,46.14,61.4,40.05,28.02,21.84,33.97,71.4,26.08,27.02,38.48,22.09,32.8,23.85,35.36,42.43,43.01,0.0,61.68,40.36,38.08,48.75,47.85,56.44,17.03,48.8,50.57,20.62,20.62,75.69,23.26,44.6,37.64,46.82,70.09,34.67,46.23,54.64,18.03,0.0,22.02,15.52,7.62,14.87
23,56.75,92.96,98.6,51.86,111.66,81.22,99.13,49.37,101.0,43.29,65.8,93.47,76.69,87.09,60.67,76.9,42.06,39.81,59.67,54.82,80.06,18.68,61.68,0.0,34.18,99.72,72.72,42.15,99.16,58.01,58.6,41.11,66.03,82.28,70.11,62.63,17.26,36.69,97.31,65.38,78.77,25.5,68.94,63.51,61.68,52.8,49.19,61.33,55.57
24,69.38,81.88,87.32,52.01,98.74,49.37,67.36,66.31,74.25,13.04,55.15,74.25,88.46,65.86,28.16,43.29,32.39,8.06,51.92,55.04,75.0,22.02,40.36,34.18,0.0,74.95,74.24,53.45,92.48,29.07,65.38,54.42,54.63,58.6,86.65,53.76,21.21,3.16,85.59,80.96,46.01,9.06,75.11,51.48,40.36,45.12,36.06,44.1,43.08
25,86.65,41.4,42.54,64.33,43.93,36.25,32.14,92.65,7.62,61.91,44.64,18.44,93.3,15.81,50.91,48.75,59.41,66.89,51.2,64.03,54.2,81.04,38.08,99.72,74.95,0.0,67.74,80.89,55.76,46.04,75.61,83.86,43.42,17.46,101.55,48.51,82.57,71.87,40.82,96.77,42.05,82.3,76.94,43.74,38.08,54.23,52.24,40.05,48.01
26,25.0,33.06,37.05,22.56,49.65,80.45,90.61,34.54,74.06,67.19,27.46,50.57,25.55,52.43,74.33,87.24,42.01,70.01,25.3,19.42,15.13,60.41,48.75,72.72,74.24,67.74,0.0,31.83,30.46,64.2,15.81,33.97,28.84,56.59,34.93,25.5,62.63,73.06,37.0,31.14,83.24,74.53,10.05,30.89,48.75,30.27,40.45,41.15,35.44
27,16.12,58.87,64.08,17.03,77.47,79.06,93.94,14.14,85.15,51.62,37.0,68.03,36.0,65.38,65.12,81.34,28.32,52.33,30.02,18.44,42.54,34.06,47.85,42.15,53.45,80.89,31.83,0.0,61.03,56.64,16.64,3.0,38.01,65.0,33.24,33.0,36.01,53.49,63.32,27.51,79.65,50.49,26.83,37.22,47.85,26.93,32.76,42.38,33.84
28,55.36,14.87,13.45,47.38,21.38,81.39,85.62,65.0,63.29,82.28,37.34,37.59,50.01,44.6,83.22,91.44,61.29,86.33,41.18,44.55,19.1,84.05,56.44,99.16,92.48,55.76,30.46,61.03,0.0,73.44,46.07,63.51,37.95,52.63,62.13,38.91,86.27,90.48,15.0,59.68,85.84,95.26,39.56,41.11,56.44,48.37,56.46,50.01,49.4
29,69.66,60.42,65.25,46.32,74.85,24.04,41.44,70.77,45.19,16.16,38.33,47.71,85.09,38.6,10.2,24.76,28.32,21.02,38.9,48.37,59.21,40.2,17.03,58.01,29.07,46.04,64.2,56.64,73.44,0.0,61.59,58.9,37.22,30.41,87.62,39.05,41.05,25.94,63.32,81.84,23.32,37.0,68.88,34.37,17.03,34.89,25.24,24.08,28.79
30,11.18,46.53,51.2,15.26,64.29,81.34,94.02,19.42,81.02,60.73,31.3,60.21,23.77,59.81,71.2,86.02,35.11,62.59,25.81,13.45,28.86,48.51,48.8,58.6,65.38,75.61,15.81,16.64,46.07,61.59,0.0,18.44,32.65,61.77,27.02,27.78,50.64,64.78,50.8,21.63,83.1,64.03,10.44,33.29,48.8,27.02,36.36,41.77,33.97
31,16.03,61.68,66.85,20.02,80.23,81.54,96.6,12.21,88.07,53.25,40.0,71.03,36.12,68.36,67.18,83.55,30.61,53.71,33.02,21.38,45.18,34.37,50.57,41.11,54.42,83.86,33.97,3.0,63.51,58.9,18.44,0.0,41.01,67.91,32.28,36.0,36.22,54.63,66.13,26.68,82.01,50.99,28.3,40.2,50.57,29.83,35.36,45.22,36.69
32,43.46,27.8,33.42,21.1,45.97,51.62,62.24,49.24,48.47,44.38,1.41,30.15,53.04,27.66,47.38,58.87,24.76,48.38,8.0,20.62,22.02,48.84,20.62,66.03,54.63,43.42,28.84,38.01,37.95,37.22,32.65,41.01,0.0,29.15,59.36,5.1,50.93,52.55,31.89,54.2,54.56,57.98,36.07,3.16,20.62,13.42,18.87,13.15,11.66
33,72.45,37.85,41.19,49.04,47.68,29.07,34.41,77.49,20.22,45.61,30.53,18.68,81.69,9.22,37.22,40.2,42.11,50.61,36.25,49.24,45.22,63.6,20.62,82.28,58.6,17.46,56.59,65.0,52.63,30.41,61.77,67.91,29.15,0.0,88.51,34.0,65.15,55.61,39.2,83.35,34.01,65.51,64.82,28.64,20.62,38.08,35.01,23.09,31.4
34,18.03,67.74,71.25,41.73,83.0,108.19,121.04,21.1,107.35,84.53,57.98,85.09,13.0,85.87,96.83,112.29,59.91,85.49,52.8,40.36,50.01,66.49,75.69,70.11,86.65,101.55,34.93,33.24,62.13,87.62,27.02,32.28,59.36,88.51,0.0,54.64,68.25,86.73,71.45,5.83,109.71,83.2,25.0,60.22,75.69,53.74,62.48,68.77,60.83
35,38.48,30.41,36.07,16.03,49.04,55.22,66.6,44.15,53.49,44.41,4.0,35.06,48.84,32.76,49.24,61.74,22.47,48.05,3.16,15.52,21.38,46.01,23.26,62.63,53.76,48.51,25.5,33.0,38.91,39.05,27.78,36.0,5.1,34.0,54.64,0.0,48.17,51.92,34.71,49.4,57.8,56.36,31.89,5.66,23.26,9.9,17.72,15.65,11.05
36,52.09,78.52,84.17,40.31,96.9,64.63,82.39,47.3,83.74,27.2,50.91,77.03,72.01,70.26,44.64,61.35,26.25,24.6,45.45,43.46,67.42,2.24,44.6,17.26,21.21,82.57,62.63,36.01,86.27,41.05,50.64,36.22,50.93,65.15,68.25,48.17,0.0,22.8,82.73,62.8,62.59,15.23,61.0,48.17,44.6,38.29,33.02,44.78,39.82
37,69.26,79.61,85.0,51.04,96.25,46.27,64.28,66.64,71.11,10.0,53.14,71.45,88.07,62.97,25.08,40.45,31.06,5.0,50.22,54.01,73.25,23.35,37.64,36.69,3.16,71.87,73.06,53.49,90.48,25.94,64.78,54.63,52.55,55.61,86.73,51.92,22.8,0.0,83.24,80.99,43.0,12.0,74.33,49.4,37.64,43.57,34.21,41.68,41.11
38,61.4,4.47,2.0,47.41,14.42,68.26,71.17,70.21,48.37,74.25,31.83,22.85,60.42,30.59,72.57,79.0,56.64,78.71,37.64,45.19,22.09,80.61,46.82,97.31,85.59,40.82,37.0,63.32,15.0,63.32,50.8,66.13,31.89,39.2,71.45,34.71,82.73,83.24,0.0,68.07,73.06,89.63,47.01,34.83,46.82,44.6,50.61,41.59,43.42
39,12.21,64.2,68.01,36.07,80.16,102.55,115.6,16.03,102.42,78.71,52.84,80.65,13.45,81.02,91.02,106.53,54.08,79.71,47.43,34.83,46.27,61.0,70.09,65.38,80.96,96.77,31.14,27.51,59.68,81.84,21.63,26.68,54.2,83.35,5.83,49.4,62.8,80.99,68.07,0.0,104.0,77.67,21.1,54.92,70.09,48.1,56.73,63.25,55.23
40,91.93,71.34,75.06,68.01,81.5,5.83,21.84,93.72,37.44,35.51,55.9,52.35,106.02,43.1,18.11,6.71,51.4,39.12,58.52,69.66,75.27,62.1,34.67,78.77,46.01,42.05,83.24,79.65,85.84,23.32,83.1,82.01,54.56,34.01,109.71,57.8,62.59,43.0,73.06,104.0,0.0,55.0,89.31,52.35,34.67,56.08,47.38,42.19,49.2
41,66.61,85.7,91.26,51.97,103.23,58.22,76.24,62.36,82.08,20.88,58.31,80.16,86.28,72.2,37.05,52.35,34.01,16.28,54.13,55.11,77.08,16.76,46.23,25.5,9.06,82.3,74.53,50.49,95.26,37.0,64.03,50.99,57.98,65.51,83.2,56.36,15.23,12.0,89.63,77.67,55.0,0.0,74.17,54.92,46.23,47.01,39.12,48.84,46.32
42,16.12,43.1,47.01,23.54,59.41,87.01,98.31,26.08,83.01,69.63,34.66,60.17,16.97,61.4,78.79,92.78,43.93,71.85,30.81,20.88,25.18,58.86,54.64,68.94,75.11,76.94,10.05,26.83,39.56,68.88,10.44,28.3,36.07,64.82,25.0,31.89,61.0,74.33,47.01,21.1,89.31,74.17,0.0,37.54,54.64,34.01,44.01,47.2,40.31
43,43.83,30.81,36.4,20.62,48.8,49.65,60.96,49.04,48.38,41.23,4.0,31.58,54.49,28.16,44.55,56.46,21.93,45.22,7.62,20.62,25.0,46.1,18.03,63.51,51.48,43.74,30.89,37.22,41.11,34.37,33.29,40.2,3.16,28.64,60.22,5.66,48.17,49.4,34.83,54.92,52.35,54.92,37.54,0.0,18.03,11.4,15.81,10.44,8.6
44,58.26,43.68,48.7,34.06,59.06,32.56,46.14,61.4,40.05,28.02,21.84,33.97,71.4,26.08,27.02,38.48,22.09,32.8,23.85,35.36,42.43,43.01,0.0,61.68,40.36,38.08,48.75,47.85,56.44,17.03,48.8,50.57,20.62,20.62,75.69,23.26,44.6,37.64,46.82,70.09,34.67,46.23,54.64,18.03,0.0,22.02,15.52,7.62,14.87
45,36.24,40.31,45.97,12.04,58.9,54.45,67.96,39.81,58.25,37.01,13.04,42.95,50.25,39.0,44.78,59.08,13.0,40.11,7.21,13.6,30.08,36.12,22.02,52.8,45.12,54.23,30.27,26.93,48.37,34.89,27.02,29.83,13.42,38.08,53.74,9.9,38.29,43.57,44.6,48.1,56.08,47.01,34.01,11.4,22.02,0.0,10.2,15.65,7.21
46,44.6,46.62,52.2,21.1,64.44,46.4,61.27,46.62,55.04,27.02,19.24,44.28,59.94,38.33,34.89,49.82,7.28,30.41,16.12,23.26,39.05,31.06,15.52,49.19,36.06,52.24,40.45,32.76,56.46,25.24,36.36,35.36,18.87,35.01,62.48,17.72,33.02,34.21,50.61,56.73,47.38,39.12,44.01,15.81,15.52,10.2,0.0,12.37,7.21
47,51.61,38.08,43.38,27.46,54.64,39.82,52.43,55.46,43.29,32.7,14.32,32.25,64.03,25.96,34.23,46.1,19.65,37.12,16.4,28.43,35.13,42.94,7.62,61.33,44.1,40.05,41.15,42.38,50.01,24.08,41.77,45.22,13.15,23.09,68.77,15.65,44.78,41.68,41.59,63.25,42.19,48.84,47.2,10.44,7.62,15.65,12.37,0.0,8.54
48,43.42,39.41,45.0,19.21,57.31,47.38,60.75,46.96,51.62,33.38,12.08,38.28,56.86,33.24,38.9,52.48,13.6,37.11,10.2,20.52,32.39,37.8,14.87,55.57,43.08,48.01,35.44,33.84,49.4,28.79,33.97,36.69,11.66,31.4,60.83,11.05,39.82,41.11,43.42,55.23,49.2,46.32,40.31,8.6,14.87,7.21,7.21,8.54,0.0
