set K:= 1	2	3	4	5;
set C_H:= 1	2	3	4	5	6	7	8	9	10	11	12;
set C_S:= 13	14	15	16	17	18	19	20	21	22	23	24;
set C_F:= 25	26	27	28	29	30	31	32	33	34	35	36;
set M:= 37	38	39	40;
set L_B:= 41	42	43	44	45;
set A1:=
(0,*) 1 2 3 4 5 6 7 8 9 10 11 12 25 26 27 28 29 30 31 32 33 34 35 36 37 38 39 40 41 42 43 44 45
(1,*) 0 2 3 4 5 6 7 8 9 10 11 12 25 26 27 28 29 30 31 32 33 34 35 36 37 38 39 40 41 42 43 44 45
(2,*) 0 1 3 4 5 6 7 8 9 10 11 12 25 26 27 28 29 30 31 32 33 34 35 36 37 38 39 40 41 42 43 44 45
(3,*) 0 1 2 4 5 6 7 8 9 10 11 12 25 26 27 28 29 30 31 32 33 34 35 36 37 38 39 40 41 42 43 44 45
(4,*) 0 1 2 3 5 6 7 8 9 10 11 12 25 26 27 28 29 30 31 32 33 34 35 36 37 38 39 40 41 42 43 44 45
(5,*) 0 1 2 3 4 6 7 8 9 10 11 12 25 26 27 28 29 30 31 32 33 34 35 36 37 38 39 40 41 42 43 44 45
(6,*) 0 1 2 3 4 5 7 8 9 10 11 12 25 26 27 28 29 30 31 32 33 34 35 36 37 38 39 40 41 42 43 44 45
(7,*) 0 1 2 3 4 5 6 8 9 10 11 12 25 26 27 28 29 30 31 32 33 34 35 36 37 38 39 40 41 42 43 44 45
(8,*) 0 1 2 3 4 5 6 7 9 10 11 12 25 26 27 28 29 30 31 32 33 34 35 36 37 38 39 40 41 42 43 44 45
(9,*) 0 1 2 3 4 5 6 7 8 10 11 12 25 26 27 28 29 30 31 32 33 34 35 36 37 38 39 40 41 42 43 44 45
(10,*) 0 1 2 3 4 5 6 7 8 9 11 12 25 26 27 28 29 30 31 32 33 34 35 36 37 38 39 40 41 42 43 44 45
(11,*) 0 1 2 3 4 5 6 7 8 9 10 12 25 26 27 28 29 30 31 32 33 34 35 36 37 38 39 40 41 42 43 44 45
(12,*) 0 1 2 3 4 5 6 7 8 9 10 11 25 26 27 28 29 30 31 32 33 34 35 36 37 38 39 40 41 42 43 44 45
(25,*) 0 1 2 3 4 5 6 7 8 9 10 11 12 26 27 28 29 30 31 32 33 34 35 36 37 38 39 40 41 42 43 44 45
(26,*) 0 1 2 3 4 5 6 7 8 9 10 11 12 25 27 28 29 30 31 32 33 34 35 36 37 38 39 40 41 42 43 44 45
(27,*) 0 1 2 3 4 5 6 7 8 9 10 11 12 25 26 28 29 30 31 32 33 34 35 36 37 38 39 40 41 42 43 44 45
(28,*) 0 1 2 3 4 5 6 7 8 9 10 11 12 25 26 27 29 30 31 32 33 34 35 36 37 38 39 40 41 42 43 44 45
(29,*) 0 1 2 3 4 5 6 7 8 9 10 11 12 25 26 27 28 30 31 32 33 34 35 36 37 38 39 40 41 42 43 44 45
(30,*) 0 1 2 3 4 5 6 7 8 9 10 11 12 25 26 27 28 29 31 32 33 34 35 36 37 38 39 40 41 42 43 44 45
(31,*) 0 1 2 3 4 5 6 7 8 9 10 11 12 25 26 27 28 29 30 32 33 34 35 36 37 38 39 40 41 42 43 44 45
(32,*) 0 1 2 3 4 5 6 7 8 9 10 11 12 25 26 27 28 29 30 31 33 34 35 36 37 38 39 40 41 42 43 44 45
(33,*) 0 1 2 3 4 5 6 7 8 9 10 11 12 25 26 27 28 29 30 31 32 34 35 36 37 38 39 40 41 42 43 44 45
(34,*) 0 1 2 3 4 5 6 7 8 9 10 11 12 25 26 27 28 29 30 31 32 33 35 36 37 38 39 40 41 42 43 44 45
(35,*) 0 1 2 3 4 5 6 7 8 9 10 11 12 25 26 27 28 29 30 31 32 33 34 36 37 38 39 40 41 42 43 44 45
(36,*) 0 1 2 3 4 5 6 7 8 9 10 11 12 25 26 27 28 29 30 31 32 33 34 35 37 38 39 40 41 42 43 44 45
(37,*) 0 1 2 3 4 5 6 7 8 9 10 11 12 25 26 27 28 29 30 31 32 33 34 35 36 39 40 41 42 43 44 45
(38,*) 0 1 2 3 4 5 6 7 8 9 10 11 12 25 26 27 28 29 30 31 32 33 34 35 36 39 40 41 42 43 44 45
(39,*) 0 1 2 3 4 5 6 7 8 9 10 11 12 25 26 27 28 29 30 31 32 33 34 35 36 37 38 41 42 43 44 45
(40,*) 0 1 2 3 4 5 6 7 8 9 10 11 12 25 26 27 28 29 30 31 32 33 34 35 36 37 38 41 42 43 44 45
(41,*) 0 1 2 3 4 5 6 7 8 9 10 11 12 25 26 27 28 29 30 31 32 33 34 35 36 37 38 39 40 42 43 44 45
(42,*) 0 1 2 3 4 5 6 7 8 9 10 11 12 25 26 27 28 29 30 31 32 33 34 35 36 37 38 39 40 41 43 44 45
(43,*) 0 1 2 3 4 5 6 7 8 9 10 11 12 25 26 27 28 29 30 31 32 33 34 35 36 37 38 39 40 41 42 44 45
(44,*) 0 1 2 3 4 5 6 7 8 9 10 11 12 25 26 27 28 29 30 31 32 33 34 35 36 37 38 39 40 41 42 43 45
(45,*) 0 1 2 3 4 5 6 7 8 9 10 11 12 25 26 27 28 29 30 31 32 33 34 35 36 37 38 39 40 41 42 43 44
;
set A2:=
(37,*) 38
(38,*) 37
(39,*) 40
(40,*) 39
;
param BigM:=99999;
param n:= 5;
param d:=
1	16
2	1
3	23
4	19
5	7
6	22
7	12
8	9
9	23
10	7
11	20
12	20
13	18
14	27
15	3
16	6
17	24
18	5
19	16
20	7
21	23
22	2
23	2
24	1
25	13
26	8
27	7
28	1
29	2
30	4
31	16
32	9
33	2
34	6
35	19
36	7
;
param Q:=100;
param w:=
[37,*] 38 0.5
[38,*] 37 0.5
[39,*] 40 0.5
[40,*] 39 0.5
;
param V:=
[37,*] 38 92
[38,*] 37 92
[39,*] 40 75
[40,*] 39 75
;
param e:
	37	38	39	40	41	42	43	44	45:=
13	1	0	0	0	0	0	1	0	0	
14	0	0	1	0	1	0	0	0	0	
15	1	0	0	0	0	0	1	0	0	
16	0	0	1	0	0	0	0	1	0	
17	1	0	0	0	1	0	0	1	0	
18	0	0	0	1	0	0	0	0	1	
19	0	0	0	1	0	1	0	1	0	
20	0	0	1	0	0	0	1	0	0	
21	0	0	0	1	0	0	0	1	0	
22	0	0	1	0	0	0	1	0	0	
23	0	0	1	0	0	0	0	0	1	
24	0	1	0	0	0	0	0	0	1	
25	0	0	0	1	0	0	1	0	0	
26	1	0	0	1	0	0	1	0	0	
27	0	0	0	1	0	0	0	1	0	
28	0	0	1	0	0	0	1	0	0	
29	0	0	1	0	1	0	1	0	0	
30	0	1	0	0	0	1	0	0	0	
31	0	0	0	1	0	1	0	1	0	
32	0	1	0	0	0	0	1	0	0	
33	0	1	0	0	0	0	0	0	1	
34	0	1	0	0	0	0	0	0	1	
35	0	1	0	0	0	0	0	0	1	
36	0	0	0	1	0	0	0	0	1	
;
param p:=
1	3
2	3
3	3
4	3
5	3
;
param G:=
37	92
38	86
39	75
40	70
41	98
42	74
43	73
44	98
45	77
;
param s:=
0	0
1	10
2	10
3	10
4	10
5	10
6	10
7	10
8	10
9	10
10	10
11	10
12	10
25	10
26	10
27	10
28	10
29	10
30	10
31	10
32	10
33	10
34	10
35	10
36	10
37	10
38	10
39	10
40	10
41	10
42	10
43	10
44	10
45	10
;
param t:
	0	1	2	3	4	5	6	7	8	9	10	11	12	13	14	15	16	17	18	19	20	21	22	23	24	25	26	27	28	29	30	31	32	33	34	35	36	37	38	39	40	41	42	43	44	45:=
0	0.0	21.0	17.49	69.89	34.06	36.69	60.21	62.2	29.15	29.07	14.42	47.42	17.46	58.14	54.92	47.54	70.43	36.22	2.83	12.21	56.32	6.4	44.28	47.38	33.6	33.24	48.83	21.02	55.17	41.76	53.0	25.81	42.01	34.83	37.2	30.02	45.61	64.66	44.94	49.93	33.62	17.09	10.44	36.5	13.6	26.08
1	21.0	0.0	19.21	53.76	26.02	17.8	39.32	52.5	50.09	42.8	33.96	59.41	37.66	37.22	46.87	29.21	55.61	15.52	23.09	17.2	36.67	16.49	26.87	35.47	52.0	45.28	40.61	30.41	42.49	22.47	66.53	21.84	47.41	50.77	55.54	49.34	44.91	48.08	55.97	42.43	46.01	7.81	11.4	16.16	8.94	45.22
2	17.49	19.21	0.0	72.92	43.01	26.31	51.97	44.82	39.85	24.6	22.14	40.31	26.25	52.55	37.44	48.1	54.38	33.02	17.03	25.08	45.01	19.42	31.26	30.81	36.35	50.57	58.19	37.36	38.6	31.14	47.63	36.5	28.79	33.24	39.62	35.0	59.08	67.21	36.8	32.45	50.99	11.4	12.04	28.46	19.42	31.02
3	69.89	53.76	72.92	0.0	38.28	55.04	44.05	91.44	96.61	96.26	84.31	113.17	87.13	35.0	89.49	25.24	83.05	41.34	72.67	58.67	55.15	63.51	60.73	75.89	103.47	70.46	30.02	61.68	79.08	54.08	120.22	46.62	100.21	103.71	107.07	99.86	46.27	5.83	109.71	86.73	71.45	61.55	63.78	50.09	57.01	95.96
4	34.06	26.02	43.01	38.28	0.0	39.22	49.04	77.47	58.67	62.68	48.08	80.78	50.33	42.19	72.44	23.41	77.39	26.08	36.88	21.93	52.8	27.8	48.47	60.21	67.21	34.37	15.23	23.54	66.48	42.05	86.84	8.6	71.78	68.88	70.77	63.13	20.59	33.96	77.9	68.18	35.36	32.56	31.38	34.93	23.77	59.46
5	36.69	17.8	26.31	55.04	39.22	0.0	25.71	39.05	64.5	50.29	47.1	63.63	51.16	27.46	35.36	30.36	38.59	15.03	38.08	35.0	19.65	33.54	9.43	22.02	62.65	63.03	51.48	48.17	27.46	5.1	71.59	37.74	47.51	59.2	65.92	61.13	59.62	49.24	59.68	32.02	63.78	19.65	26.25	5.1	26.63	57.08
6	60.21	39.32	51.97	44.05	49.04	25.71	0.0	50.54	89.02	75.96	72.06	88.57	76.03	9.22	50.8	28.02	39.32	25.63	62.07	55.08	12.53	55.73	24.41	38.21	88.28	80.5	55.22	66.31	38.59	21.19	96.66	51.97	71.34	84.9	91.59	86.58	68.59	39.32	84.53	49.58	81.39	44.01	50.04	24.02	47.85	82.49
7	62.2	52.5	44.82	91.44	77.47	39.05	50.54	0.0	81.02	55.46	64.54	57.43	68.25	57.94	8.06	68.36	18.97	54.01	61.85	67.08	38.01	62.77	31.14	17.26	70.68	94.67	90.45	80.53	12.37	38.12	65.19	74.33	38.83	63.32	72.62	72.07	97.27	85.91	53.6	12.81	95.19	48.75	54.2	44.01	59.09	69.12
8	29.15	50.09	39.85	96.61	58.67	64.5	89.02	81.02	0.0	28.02	17.72	41.0	13.6	87.28	73.01	75.96	93.47	65.38	27.02	38.28	84.01	34.71	70.83	69.78	17.12	38.01	71.4	36.88	77.37	69.58	42.01	50.12	48.01	25.0	19.03	12.37	62.37	91.79	41.11	68.24	37.58	45.1	39.0	65.07	42.58	13.04
9	29.07	42.8	24.6	96.26	62.68	50.29	75.96	55.46	28.02	0.0	18.03	18.38	19.24	77.08	47.42	72.01	70.34	57.45	26.4	41.18	67.74	34.99	53.46	47.52	15.23	57.01	77.7	48.51	54.34	54.82	24.21	54.71	20.0	9.06	17.46	17.03	74.33	90.69	16.28	43.08	57.0	35.23	32.53	52.92	39.7	15.0
10	14.42	33.96	22.14	84.31	48.08	47.1	72.06	64.54	17.72	18.03	0.0	35.9	4.12	71.02	56.64	61.74	76.06	49.48	11.66	26.17	66.48	20.81	53.15	52.35	19.21	39.0	62.48	31.02	60.03	52.15	40.31	39.62	35.74	21.47	22.8	15.65	57.27	79.08	34.23	51.74	39.01	28.07	22.56	48.04	27.73	11.66
11	47.42	59.41	40.31	113.17	80.78	63.63	88.57	57.43	41.0	18.38	35.9	0.0	36.22	91.07	50.09	88.41	75.01	73.11	44.78	59.48	78.77	53.24	64.62	54.92	24.04	74.43	95.88	66.76	60.21	67.54	8.25	72.95	19.03	16.12	23.26	28.64	92.7	107.49	4.12	47.01	74.33	51.62	50.0	67.12	57.43	29.07
12	17.46	37.66	26.25	87.13	50.33	51.16	76.03	68.25	13.6	19.24	4.12	36.22	0.0	74.81	60.31	65.0	80.06	53.15	14.87	28.6	70.58	23.71	57.27	56.36	17.03	38.21	64.38	31.76	64.01	56.22	39.85	41.77	38.08	20.88	20.52	12.81	58.18	81.99	35.0	55.44	38.12	32.02	26.31	52.01	31.02	9.22
13	58.14	37.22	52.55	35.0	42.19	27.46	9.22	57.94	87.28	77.08	71.02	91.07	74.81	0.0	57.31	19.8	48.09	22.0	60.3	51.35	20.4	53.0	29.21	44.1	88.32	75.03	46.86	61.4	45.69	24.08	98.98	46.24	74.81	85.8	91.76	86.12	60.96	30.15	87.13	55.47	75.96	43.17	48.51	24.17	45.0	82.0
14	54.92	46.87	37.44	89.49	72.44	35.36	50.8	8.06	73.01	47.42	56.64	50.09	60.31	57.31	0.0	65.51	25.08	50.36	54.41	60.54	38.42	55.9	28.79	13.6	62.65	87.71	86.02	73.82	12.81	35.44	58.01	68.66	31.26	55.36	64.62	64.01	91.78	83.82	46.17	5.0	88.19	42.38	47.42	40.45	52.81	61.06
15	47.54	29.21	48.1	25.24	23.41	30.36	28.02	68.36	75.96	72.01	61.74	88.41	65.0	19.8	65.51	0.0	62.97	16.12	50.16	37.85	35.44	41.44	37.22	51.97	80.53	57.49	27.2	45.1	56.14	30.27	95.67	29.15	75.0	79.88	84.12	77.39	41.23	19.42	84.85	62.36	58.46	36.88	39.96	25.3	34.01	73.35
16	70.43	55.61	54.38	83.05	77.39	38.59	39.32	18.97	93.47	70.34	76.06	75.01	80.06	48.09	25.08	62.97	0.0	51.62	70.8	72.25	28.02	69.31	29.15	23.71	85.44	100.57	88.23	85.8	16.16	35.34	83.01	76.32	56.04	78.85	87.8	86.03	97.94	78.0	71.03	28.07	101.24	54.45	60.88	42.49	63.78	82.64
17	36.22	15.52	33.02	41.34	26.08	15.03	25.63	54.01	65.38	57.45	49.48	73.11	53.15	22.0	50.36	16.12	51.62	0.0	38.47	29.61	26.91	31.0	23.35	37.05	67.42	55.07	36.88	40.72	42.19	16.49	80.6	27.02	59.03	65.76	70.94	64.85	46.65	35.51	69.43	46.87	55.95	22.36	26.93	10.0	23.0	60.73
18	2.83	23.09	17.03	72.67	36.88	38.08	62.07	61.85	27.02	26.4	11.66	44.78	14.87	60.3	54.41	50.16	70.8	38.47	0.0	15.0	57.72	9.22	45.31	47.51	30.81	34.48	51.61	23.02	55.32	43.17	50.25	28.6	40.01	32.02	34.41	27.29	48.08	67.42	42.38	49.41	34.79	18.44	12.04	38.21	16.16	23.32
19	12.21	17.2	25.08	58.67	21.93	35.0	55.08	67.08	38.28	41.18	26.17	59.48	28.6	51.35	60.54	37.85	72.25	29.61	15.0	0.0	53.71	6.32	43.93	50.77	45.34	28.32	36.62	13.6	58.25	39.66	65.19	13.6	52.61	47.01	48.92	41.4	34.37	53.67	56.86	55.71	29.0	18.36	13.34	33.12	8.49	37.64
20	56.32	36.67	45.01	55.15	52.8	19.65	12.53	38.01	84.01	67.74	66.48	78.77	70.58	20.4	38.42	35.44	28.02	26.91	57.72	53.71	0.0	52.92	14.32	26.25	81.1	81.02	61.74	66.29	26.08	14.56	86.98	53.76	60.84	76.79	84.21	80.01	73.24	50.01	74.67	37.48	81.84	39.29	45.88	20.59	45.62	76.03
21	6.4	16.49	19.42	63.51	27.8	33.54	55.73	62.77	34.71	34.99	20.81	53.24	23.71	53.0	55.9	41.44	69.31	31.0	9.22	6.32	52.92	0.0	41.88	47.01	40.0	31.91	42.72	18.03	54.67	38.48	59.08	19.72	46.39	41.11	43.6	36.36	40.61	58.31	50.57	50.99	32.45	14.87	8.6	32.57	8.0	32.45
22	44.28	26.87	31.26	60.73	48.47	9.43	24.41	31.14	70.83	53.46	53.15	64.62	57.27	29.21	28.79	37.22	29.15	23.35	45.31	43.93	14.32	41.88	0.0	15.23	67.01	72.14	60.21	57.28	19.0	7.0	72.8	47.17	47.01	62.51	70.06	66.12	68.94	55.08	60.54	26.42	72.86	27.29	34.0	13.6	35.47	62.2
23	47.38	35.47	30.81	75.89	60.21	22.02	38.21	17.26	69.78	47.52	52.35	54.92	56.36	44.1	13.6	51.97	23.71	37.05	47.51	50.77	26.25	47.01	15.23	0.0	62.37	78.82	73.25	64.35	7.81	21.84	63.15	57.25	36.14	56.32	64.94	62.64	80.08	70.21	50.8	11.4	79.4	32.45	38.42	27.07	42.54	59.14
24	33.6	52.0	36.35	103.47	67.21	62.65	88.28	70.68	17.12	15.23	19.21	24.04	17.03	88.32	62.65	80.53	85.44	67.42	30.81	45.34	81.1	40.0	67.01	62.37	0.0	53.16	81.39	48.55	69.38	67.48	25.02	58.69	34.06	8.6	3.61	5.1	74.95	98.18	24.6	58.31	52.89	45.22	40.72	64.54	46.65	7.81
25	33.24	45.28	50.57	70.46	34.37	63.03	80.5	94.67	38.01	57.01	39.0	74.43	38.21	75.03	87.71	57.49	100.57	55.07	34.48	28.32	81.02	31.91	72.14	78.82	53.16	0.0	41.0	14.87	86.4	67.48	77.67	28.79	73.82	58.86	55.97	48.08	27.29	67.07	73.11	82.76	1.0	46.4	40.5	60.61	36.8	46.1
26	48.83	40.61	58.19	30.02	15.23	51.48	55.22	90.45	71.4	77.7	62.48	95.88	64.38	46.86	86.02	27.2	88.23	36.88	51.61	36.62	61.74	42.72	60.21	73.25	81.39	41.0	0.0	34.67	78.92	53.37	101.79	23.02	86.98	83.6	84.9	77.08	16.49	27.66	93.06	82.01	41.98	47.54	46.62	46.69	39.0	73.59
27	21.02	30.41	37.36	61.68	23.54	48.17	66.31	80.53	36.88	48.51	31.02	66.76	31.76	61.4	73.82	45.1	85.8	40.72	23.02	13.6	66.29	18.03	57.28	64.35	48.55	14.87	34.67	0.0	71.85	52.63	71.31	16.0	63.0	52.39	51.87	43.83	26.42	57.49	64.76	68.94	15.62	31.91	26.4	45.8	22.02	40.82
28	55.17	42.49	38.6	79.08	66.48	27.46	38.59	12.37	77.37	54.34	60.03	60.21	64.01	45.69	12.81	56.14	16.16	42.19	55.32	58.25	26.08	54.67	19.0	7.81	69.38	86.4	78.92	71.85	0.0	26.0	68.36	64.08	41.19	62.97	71.81	69.89	86.65	73.55	56.14	13.6	87.01	40.0	46.1	32.25	49.93	66.48
29	41.76	22.47	31.14	54.08	42.05	5.1	21.19	38.12	69.58	54.82	52.15	67.54	56.22	24.08	35.44	30.27	35.34	16.49	43.17	39.66	14.56	38.48	7.0	21.84	67.48	67.48	53.37	52.63	26.0	0.0	75.58	41.4	50.8	63.79	70.71	66.07	62.61	48.38	63.53	32.7	68.25	24.74	31.32	7.21	31.38	62.03
30	53.0	66.53	47.63	120.22	86.84	71.59	96.66	65.19	42.01	24.21	40.31	8.25	39.85	98.98	58.01	95.67	83.01	80.6	50.25	65.19	86.98	59.08	72.8	63.15	25.02	77.67	101.79	71.31	68.36	75.58	0.0	78.77	27.17	18.97	23.09	30.07	97.58	114.59	12.37	55.08	77.47	58.8	56.64	74.95	63.89	31.58
31	25.81	21.84	36.5	46.62	8.6	37.74	51.97	74.33	50.12	54.71	39.62	72.95	41.77	46.24	68.66	29.15	76.32	27.02	28.6	13.6	53.76	19.72	47.17	57.25	58.69	28.79	23.02	16.0	64.08	41.4	78.77	0.0	65.0	60.61	62.24	54.56	23.19	42.06	70.21	64.13	29.73	27.02	24.52	34.21	17.12	50.93
32	42.01	47.41	28.79	100.21	71.78	47.51	71.34	38.83	48.01	20.0	35.74	19.03	38.08	74.81	31.26	75.0	56.04	59.03	40.01	52.61	60.84	46.39	47.01	36.14	34.06	73.82	86.98	63.0	41.19	50.8	27.17	65.0	0.0	25.81	35.23	36.8	86.98	94.4	15.0	28.0	73.98	39.81	40.52	51.62	48.08	35.0
33	34.83	50.77	33.24	103.71	68.88	59.2	84.9	63.32	25.0	9.06	21.47	16.12	20.88	85.8	55.36	79.88	78.85	65.76	32.02	47.01	76.79	41.11	62.51	56.32	8.6	58.86	83.6	52.39	62.97	63.79	18.97	60.61	25.81	0.0	9.43	12.65	78.72	98.23	16.16	51.24	58.69	43.42	40.0	61.68	46.75	13.0
34	37.2	55.54	39.62	107.07	70.77	65.92	91.59	72.62	19.03	17.46	22.8	23.26	20.52	91.76	64.62	84.12	87.8	70.94	34.41	48.92	84.21	43.6	70.06	64.94	3.61	55.97	84.9	51.87	71.81	70.71	23.09	62.24	35.23	9.43	0.0	8.06	78.23	101.79	24.41	60.41	55.66	48.7	44.28	67.91	50.25	11.31
35	30.02	49.34	35.0	99.86	63.13	61.13	86.58	72.07	12.37	17.03	15.65	28.64	12.81	86.12	64.01	77.39	86.03	64.85	27.29	41.4	80.01	36.36	66.12	62.64	5.1	48.08	77.08	43.83	69.89	66.07	30.07	54.56	36.8	12.65	8.06	0.0	70.18	94.67	28.79	59.48	47.8	42.95	37.95	62.65	43.38	4.12
36	45.61	44.91	59.08	46.27	20.59	59.62	68.59	97.27	62.37	74.33	57.27	92.7	58.18	60.96	91.78	41.23	97.94	46.65	48.08	34.37	73.24	40.61	68.94	80.08	74.95	27.29	16.49	26.42	86.65	62.61	97.58	23.19	86.98	78.72	78.23	70.18	0.0	44.15	90.44	87.3	28.18	50.16	47.04	55.46	40.01	67.23
37	64.66	48.08	67.21	5.83	33.96	49.24	39.32	85.91	91.79	90.69	79.08	107.49	81.99	30.15	83.82	19.42	78.0	35.51	67.42	53.67	50.01	58.31	55.08	70.21	98.18	67.07	27.66	57.49	73.55	48.38	114.59	42.06	94.4	98.23	101.79	94.67	44.15	0.0	104.0	80.99	68.07	55.87	58.26	44.28	51.61	90.74
38	44.94	55.97	36.8	109.71	77.9	59.68	84.53	53.6	41.11	16.28	34.23	4.12	35.0	87.13	46.17	84.85	71.03	69.43	42.38	56.86	74.67	50.57	60.54	50.8	24.6	73.11	93.06	64.76	56.14	63.53	12.37	70.21	15.0	16.16	24.41	28.79	90.44	104.0	0.0	43.0	73.06	48.17	46.87	63.25	54.38	28.64
39	49.93	42.43	32.45	86.73	68.18	32.02	49.58	12.81	68.24	43.08	51.74	47.01	55.44	55.47	5.0	62.36	28.07	46.87	49.41	55.71	37.48	50.99	26.42	11.4	58.31	82.76	82.01	68.94	13.6	32.7	55.08	64.13	28.0	51.24	60.41	59.48	87.3	80.99	43.0	0.0	83.24	37.64	42.54	37.11	48.08	56.44
40	33.62	46.01	50.99	71.45	35.36	63.78	81.39	95.19	37.58	57.0	39.01	74.33	38.12	75.96	88.19	58.46	101.24	55.95	34.79	29.0	81.84	32.45	72.86	79.4	52.89	1.0	41.98	15.62	87.01	68.25	77.47	29.73	73.98	58.69	55.66	47.8	28.18	68.07	73.06	83.24	0.0	47.01	41.05	61.4	37.48	45.89
41	17.09	7.81	11.4	61.55	32.56	19.65	44.01	48.75	45.1	35.23	28.07	51.62	32.02	43.17	42.38	36.88	54.45	22.36	18.44	18.36	39.29	14.87	27.29	32.45	45.22	46.4	47.54	31.91	40.0	24.74	58.8	27.02	39.81	43.42	48.7	42.95	50.16	55.87	48.17	37.64	47.01	0.0	6.71	20.0	10.44	38.83
42	10.44	11.4	12.04	63.78	31.38	26.25	50.04	54.2	39.0	32.53	22.56	50.0	26.31	48.51	47.42	39.96	60.88	26.93	12.04	13.34	45.88	8.6	34.0	38.42	40.72	40.5	46.62	26.4	46.1	31.32	56.64	24.52	40.52	40.0	44.28	37.95	47.04	58.26	46.87	42.54	41.05	6.71	0.0	26.17	7.62	33.84
43	36.5	16.16	28.46	50.09	34.93	5.1	24.02	44.01	65.07	52.92	48.04	67.12	52.01	24.17	40.45	25.3	42.49	10.0	38.21	33.12	20.59	32.57	13.6	27.07	64.54	60.61	46.69	45.8	32.25	7.21	74.95	34.21	51.62	61.68	67.91	62.65	55.46	44.28	63.25	37.11	61.4	20.0	26.17	0.0	25.08	58.55
44	13.6	8.94	19.42	57.01	23.77	26.63	47.85	59.09	42.58	39.7	27.73	57.43	31.02	45.0	52.81	34.01	63.78	23.0	16.16	8.49	45.62	8.0	35.47	42.54	46.65	36.8	39.0	22.02	49.93	31.38	63.89	17.12	48.08	46.75	50.25	43.38	40.01	51.61	54.38	48.08	37.48	10.44	7.62	25.08	0.0	39.36
45	26.08	45.22	31.02	95.96	59.46	57.08	82.49	69.12	13.04	15.0	11.66	29.07	9.22	82.0	61.06	73.35	82.64	60.73	23.32	37.64	76.03	32.45	62.2	59.14	7.81	46.1	73.59	40.82	66.48	62.03	31.58	50.93	35.0	13.0	11.31	4.12	67.23	90.74	28.64	56.44	45.89	38.83	33.84	58.55	39.36	0.0
;
