vehicles
vehicle_idx, capacity, cost_per_unit_distance
1,100,3
2,100,3
3,100,3
4,100,3
5,100,3
6,100,3
depot
node_idx,x,y
0,39,19
home delivery customers
node_idx,x,y,service_time,demand
1,41,79,10,16
2,33,5,10,3
3,69,17,10,19
4,1,37,10,16
5,23,73,10,7
6,55,43,10,7
7,83,29,10,11
8,31,23,10,22
9,19,97,10,16
10,13,61,10,10
11,45,93,10,9
12,93,55,10,3
13,5,97,10,7
14,7,41,10,2
self pickup customers
node_idx,x,y,service_time,demand,locker_idxs
15,79,19,10,18,44-41
16,25,31,10,22,40
17,57,73,10,6,45-39
18,79,73,10,12,43-39
19,59,5,10,18,48
20,41,31,10,72,40
21,85,93,10,23,43-39
22,93,13,10,4,41-44
23,85,45,10,22,44
24,93,49,10,11,41
25,41,9,10,15,40
26,9,7,10,5,40
flexible customers
node_idx,x,y,service_time,demand,locker_idxs
27,63,93,10,24,39-43
28,53,75,10,6,45-39
29,1,1,10,6,40
30,37,27,10,16,50-49-47-40
31,49,91,10,23,39
32,87,23,10,1,41-44
33,83,61,10,7,43
34,13,13,10,22,40
35,43,37,10,9,47-49-45-50-46
36,71,51,10,11,49-50-46
37,81,11,10,15,44-41
38,7,53,10,10,42
lockers
node_idx,x,y,service_time,capacity,cost_per_unit_good
39,65,88,10,75
40,25,15,10,114
41,93,12,10,73
42,22,88,10,83
43,77,88,10,73
44,72,14,10,84
45,41,56,10,80
46,56,51,10,95
47,45,45,10,77
48,58,12,10,74
49,49,48,10,88
50,52,47,10,92
mrt lines
start_node_idx,end_node_idx,freight_capacity,cost_per_unit_good
distance matrix
,0,1,2,3,4,5,6,7,8,9,10,11,12,13,14,15,16,17,18,19,20,21,22,23,24,25,26,27,28,29,30,31,32,33,34,35,36,37,38,39,40,41,42,43,44,45,46,47,48,49,50,
0,0.0,60.03,15.23,30.07,42.05,56.32,28.84,45.12,8.94,80.52,49.4,74.24,64.9,85.09,38.83,40.0,18.44,56.92,67.2,24.41,12.17,87.13,54.33,52.84,61.77,10.2,32.31,77.79,57.72,42.05,8.25,72.69,48.17,60.83,26.68,18.44,45.25,42.76,46.69,73.74,14.56,54.45,71.06,78.77,33.38,37.05,36.24,26.68,20.25,30.68,30.87
1,60.03,0.0,74.43,68.03,58.0,18.97,38.63,65.3,56.89,28.43,33.29,14.56,57.27,40.25,50.99,71.02,50.6,17.09,38.47,76.16,48.0,46.17,84.02,55.61,60.03,70.0,78.79,26.08,12.65,87.66,52.15,14.42,72.47,45.69,71.69,42.05,41.04,78.89,42.8,25.63,65.97,84.81,21.02,37.11,72.01,23.0,31.76,34.23,69.12,32.02,33.84
2,15.23,74.43,0.0,37.95,45.25,68.73,43.91,55.46,18.11,93.06,59.46,88.81,78.1,96.17,44.41,48.08,27.2,72.11,82.1,26.0,27.2,102.22,60.53,65.6,74.4,8.94,24.08,92.97,72.8,32.25,22.36,87.48,56.92,75.07,21.54,33.53,59.67,48.37,54.59,88.96,12.81,60.41,83.73,93.94,40.02,51.62,51.43,41.76,25.96,45.88,46.1
3,30.07,68.03,37.95,0.0,70.88,72.47,29.53,18.44,38.47,94.34,71.22,79.7,44.94,102.45,66.48,10.2,46.17,57.27,56.89,15.62,31.3,77.67,24.33,32.25,40.0,29.12,60.83,76.24,60.17,69.86,33.53,76.66,18.97,46.17,56.14,32.8,34.06,13.42,71.69,71.11,44.05,24.52,85.15,71.45,4.24,48.01,36.4,36.88,12.08,36.89,34.48
4,42.05,58.0,45.25,70.88,0.0,42.19,54.33,82.39,33.11,62.64,26.83,71.22,93.74,60.13,7.21,80.05,24.74,66.57,85.91,66.24,40.45,100.96,95.08,84.38,92.78,48.83,31.05,83.55,64.4,36.0,37.36,72.25,87.13,85.44,26.83,42.0,71.39,84.12,17.09,81.84,32.56,95.34,55.15,91.53,74.63,44.28,56.75,44.72,62.24,49.24,51.97
5,56.32,18.97,68.73,72.47,42.19,0.0,43.86,74.4,50.64,24.33,15.62,29.73,72.28,30.0,35.78,77.79,42.05,34.0,56.0,76.94,45.69,65.15,92.2,68.03,74.0,66.48,67.47,44.72,30.07,75.29,48.08,31.62,81.22,61.19,60.83,41.18,52.8,84.9,25.61,44.6,58.03,92.85,15.03,56.04,76.69,24.76,39.66,35.61,70.33,36.07,38.95
6,28.84,38.63,43.91,29.53,54.33,43.86,0.0,31.3,31.24,64.9,45.69,50.99,39.85,73.59,48.04,33.94,32.31,30.07,38.42,38.21,18.44,58.31,48.41,30.07,38.47,36.77,58.41,50.64,32.06,68.41,24.08,48.37,37.74,33.29,51.61,13.42,17.89,41.23,49.03,46.1,41.04,49.04,55.8,50.09,33.62,19.1,8.06,10.2,31.14,7.81,5.0
7,45.12,65.3,55.46,18.44,82.39,74.4,31.3,0.0,52.35,93.38,76.97,74.43,27.86,103.48,76.94,10.77,58.03,51.11,44.18,33.94,42.05,64.03,18.87,16.12,22.36,46.52,77.2,67.05,54.92,86.65,46.04,70.71,7.21,32.0,71.81,40.79,25.06,18.11,79.7,61.68,59.67,19.72,84.86,59.3,18.6,49.93,34.83,41.23,30.23,38.95,35.85
8,8.94,56.89,18.11,38.47,33.11,50.64,31.24,52.35,0.0,74.97,42.05,71.39,69.77,78.43,30.0,48.17,10.0,56.36,69.31,33.29,12.81,88.41,62.8,58.31,67.23,17.2,27.2,76.97,56.46,37.2,7.21,70.34,56.0,64.4,20.59,18.44,48.83,51.42,38.42,73.36,10.0,62.97,65.62,79.63,41.98,34.48,37.54,26.08,29.15,30.81,31.89
9,80.52,28.43,93.06,94.34,62.64,24.33,64.9,93.38,74.97,0.0,36.5,26.31,85.09,14.0,57.27,98.41,66.27,44.94,64.62,100.32,69.57,66.12,111.95,84.02,88.2,90.71,90.55,44.18,40.5,97.67,72.28,30.59,100.5,73.43,84.21,64.62,69.43,106.02,45.61,46.87,82.22,112.7,9.49,58.69,98.48,46.53,59.03,58.14,93.52,57.45,59.91
10,49.4,33.29,59.46,71.22,26.83,15.62,45.69,76.97,42.05,36.5,0.0,45.25,80.22,36.88,20.88,78.23,32.31,45.61,67.08,72.47,41.04,78.79,93.3,73.76,80.89,59.06,54.15,59.36,42.38,61.19,41.62,46.86,83.19,70.0,48.0,38.42,58.86,84.4,10.0,58.59,47.54,93.81,28.46,69.46,75.43,28.44,44.15,35.78,66.53,38.28,41.44
11,74.24,14.56,88.81,79.7,71.22,29.73,50.99,74.43,71.39,26.31,45.25,0.0,61.22,40.2,64.4,81.44,65.15,23.32,39.45,89.11,62.13,40.0,93.3,62.48,65.12,84.1,93.23,18.0,19.7,101.98,66.48,4.47,81.63,49.68,86.16,56.04,49.4,89.55,55.17,20.62,80.52,94.15,23.54,32.39,83.49,37.22,43.42,48.0,82.04,45.18,46.53
12,64.9,57.27,78.1,44.94,93.74,72.28,39.85,27.86,69.77,85.09,80.22,61.22,0.0,97.51,87.13,38.63,72.11,40.25,22.8,60.46,57.27,38.83,42.0,12.81,6.0,69.43,96.75,48.41,44.72,106.68,62.61,56.85,32.56,11.66,90.35,53.14,22.36,45.61,86.02,43.28,78.89,43.0,78.29,36.67,46.07,52.01,37.22,49.03,55.44,44.55,41.77
13,85.09,40.25,96.17,102.45,60.13,30.0,73.59,103.48,78.43,14.0,36.88,40.2,97.51,0.0,56.04,107.52,68.96,57.27,77.79,106.68,75.18,80.1,121.66,95.41,100.24,95.08,90.09,58.14,52.8,96.08,76.97,44.41,110.45,85.91,84.38,71.02,80.45,114.77,44.05,60.67,84.4,122.35,19.24,72.56,106.67,54.56,68.68,65.6,100.17,65.86,68.62
14,38.83,50.99,44.41,66.48,7.21,35.78,48.04,76.94,30.0,57.27,20.88,64.4,87.13,56.04,0.0,75.29,20.59,59.36,78.79,63.25,35.44,93.74,90.44,78.1,86.37,46.69,34.06,76.42,57.2,40.45,33.11,65.3,82.0,78.59,28.64,36.22,64.78,79.85,12.0,74.65,31.62,90.76,49.34,84.31,70.38,37.16,50.01,38.21,58.67,42.58,45.4
15,40.0,71.02,48.08,10.2,80.05,77.79,33.94,10.77,48.17,98.41,78.23,81.44,38.63,107.52,75.29,0.0,55.32,58.31,54.0,24.41,39.85,74.24,15.23,26.68,33.11,39.29,71.02,75.71,61.74,80.05,42.76,78.0,8.94,42.19,66.27,40.25,32.98,8.25,79.62,70.41,54.15,15.65,89.5,69.03,8.6,53.04,39.41,42.8,22.14,41.73,38.9
16,18.44,50.6,27.2,46.17,24.74,42.05,32.31,58.03,10.0,66.27,32.31,65.15,72.11,68.96,20.59,55.32,0.0,52.8,68.41,42.8,16.0,86.28,70.34,61.61,70.34,27.2,28.84,72.72,52.15,38.42,12.65,64.62,62.51,65.3,21.63,18.97,50.16,59.46,28.43,69.63,16.0,70.6,57.08,77.16,49.98,29.68,36.89,24.41,38.08,29.41,31.38
17,56.92,17.09,72.11,57.27,66.57,34.0,30.07,51.11,56.36,44.94,45.61,23.32,40.25,57.27,59.36,58.31,52.8,0.0,22.0,68.03,44.94,34.41,69.97,39.6,43.27,65.97,81.61,20.88,4.47,91.21,50.16,19.7,58.31,28.64,74.4,38.63,26.08,66.48,53.85,17.0,66.24,70.83,38.08,25.0,60.88,23.35,22.02,30.46,61.01,26.25,26.48
18,67.2,38.47,82.1,56.89,85.91,56.0,38.42,44.18,69.31,64.62,67.08,39.45,22.8,77.79,78.79,54.0,68.41,22.0,0.0,70.88,56.64,20.88,61.61,28.64,27.78,74.43,96.21,25.61,26.08,106.15,62.29,34.99,50.64,12.65,89.2,50.91,23.41,62.03,74.73,20.52,79.25,62.59,58.94,15.13,59.41,41.63,31.83,44.05,64.51,39.05,37.48
19,24.41,76.16,26.0,15.62,66.24,76.94,38.21,33.94,33.29,100.32,72.47,89.11,60.46,106.68,63.25,24.41,42.8,68.03,70.88,0.0,31.62,91.76,34.93,47.71,55.61,18.44,50.04,88.09,70.26,58.14,31.11,86.58,33.29,60.93,46.69,35.78,47.54,22.8,70.77,83.22,35.44,34.71,90.87,84.93,15.81,54.08,46.1,42.38,7.07,44.15,42.58
20,12.17,48.0,27.2,31.3,40.45,45.69,18.44,42.05,12.81,69.57,41.04,62.13,57.27,75.18,35.44,39.85,16.0,44.94,56.64,31.62,0.0,76.03,55.03,46.17,55.03,22.0,40.0,65.79,45.61,50.0,5.66,60.53,46.69,51.61,33.29,6.32,36.06,44.72,40.5,61.85,22.63,55.36,60.08,67.42,35.36,25.0,25.0,14.56,25.5,18.79,19.42
21,87.13,46.17,102.22,77.67,100.96,65.15,58.31,64.03,88.41,66.12,78.79,40.0,38.83,80.1,93.74,74.24,86.28,34.41,20.88,91.76,76.03,0.0,80.4,48.0,44.72,94.83,114.77,22.0,36.72,124.58,81.61,36.06,70.03,32.06,107.63,70.0,44.27,82.1,87.66,20.62,98.41,81.39,63.2,9.43,80.06,57.49,51.04,62.48,85.38,57.63,56.61
22,54.33,84.02,60.53,24.33,95.08,92.2,48.41,18.87,62.8,111.95,93.3,93.3,42.0,121.66,90.44,15.23,70.34,69.97,61.61,34.93,55.03,80.4,0.0,32.98,36.0,52.15,84.21,85.44,73.78,92.78,57.72,89.55,11.66,49.03,80.0,55.46,43.91,12.17,94.85,80.06,68.03,1.0,103.28,76.69,21.02,67.48,53.04,57.69,35.01,56.22,53.26
23,52.84,55.61,65.6,32.25,84.38,68.03,30.07,16.12,58.31,84.02,73.76,62.48,12.81,95.41,78.1,26.68,61.61,39.6,28.64,47.71,46.17,48.0,32.98,0.0,8.94,56.85,84.97,52.8,43.86,94.83,51.26,58.41,22.09,16.12,78.79,42.76,15.23,34.23,78.41,47.42,67.08,33.96,76.28,43.74,33.62,45.35,29.61,40.0,42.64,36.12,33.06
24,61.77,60.03,74.4,40.0,92.78,74.0,38.47,22.36,67.23,88.2,80.89,65.12,6.0,100.24,86.37,33.11,70.34,43.27,27.78,55.61,55.03,44.72,36.0,8.94,0.0,65.6,93.91,53.25,47.71,103.77,60.17,60.83,26.68,15.62,87.73,51.42,22.09,39.85,86.09,48.01,76.03,37.0,81.01,42.15,40.82,52.47,37.05,48.17,50.93,44.01,41.05
25,10.2,70.0,8.94,29.12,48.83,66.48,36.77,46.52,17.2,90.71,59.06,84.1,69.43,95.08,46.69,39.29,27.2,65.97,74.43,18.44,22.0,94.83,52.15,56.85,65.6,0.0,32.06,86.83,67.08,40.79,18.44,82.39,48.08,66.84,28.28,28.07,51.61,40.05,55.61,82.57,17.09,52.09,81.25,86.82,31.4,47.0,44.6,36.22,17.26,39.81,39.56
26,32.31,78.79,24.08,60.83,31.05,67.47,58.41,77.2,27.2,90.55,54.15,93.23,96.75,90.09,34.06,71.02,28.84,81.61,96.21,50.04,40.0,114.77,84.21,84.97,93.91,32.06,0.0,101.55,80.99,10.0,34.41,93.04,79.62,91.61,7.21,45.34,76.03,72.11,46.04,98.47,17.89,84.15,82.04,105.76,63.39,58.52,64.38,52.35,49.25,57.28,58.73
27,77.79,26.08,92.97,76.24,83.55,44.72,50.64,67.05,76.97,44.18,59.36,18.0,48.41,58.14,76.42,75.71,72.72,20.88,25.61,88.09,65.79,22.0,85.44,52.8,53.25,86.83,101.55,0.0,20.59,110.94,70.94,14.14,74.0,37.74,94.34,59.46,42.76,83.95,68.82,5.39,86.76,86.38,41.3,14.87,79.51,43.05,42.58,51.26,81.15,47.13,47.3
28,57.72,12.65,72.8,60.17,64.4,30.07,32.06,54.92,56.46,40.5,42.38,19.7,44.72,52.8,57.2,61.74,52.15,4.47,26.08,70.26,45.61,36.72,73.78,43.86,47.71,67.08,80.99,20.59,0.0,90.44,50.6,16.49,62.13,33.11,73.78,39.29,30.0,69.86,50.99,17.69,66.21,74.63,33.62,27.29,63.89,22.47,24.19,31.05,63.2,27.29,28.02
29,42.05,87.66,32.25,69.86,36.0,75.29,68.41,86.65,37.2,97.67,61.19,101.98,106.68,96.08,40.45,80.05,38.42,91.21,106.15,58.14,50.0,124.58,92.78,94.83,103.77,40.79,10.0,110.94,90.44,0.0,44.41,102.0,88.77,101.61,16.97,55.32,86.02,80.62,52.35,108.0,27.78,92.66,89.5,115.52,72.18,68.01,74.33,62.23,58.05,67.18,68.68
30,8.25,52.15,22.36,33.53,37.36,48.08,24.08,46.04,7.21,72.28,41.62,66.48,62.61,76.97,33.11,42.76,12.65,50.16,62.29,31.11,5.66,81.61,57.72,51.26,60.17,18.44,34.41,70.94,50.6,44.41,0.0,65.12,50.16,57.2,27.78,11.66,41.62,46.82,39.7,67.12,16.97,57.97,62.82,72.95,37.34,29.27,30.61,19.7,25.81,24.19,25.0
31,72.69,14.42,87.48,76.66,72.25,31.62,48.37,70.71,70.34,30.59,46.86,4.47,56.85,44.41,65.3,78.0,64.62,19.7,34.99,86.58,60.53,36.06,89.55,58.41,60.83,82.39,93.04,14.14,16.49,102.0,65.12,0.0,77.9,45.34,85.91,54.33,45.65,86.16,56.64,16.28,79.7,90.43,27.17,28.16,80.36,35.9,40.61,46.17,79.51,43.0,44.1
32,48.17,72.47,56.92,18.97,87.13,81.22,37.74,7.21,56.0,100.5,83.19,81.63,32.56,110.45,82.0,8.94,62.51,58.31,50.64,33.29,46.69,70.03,11.66,22.09,26.68,48.08,79.62,74.0,62.13,88.77,50.16,77.9,0.0,38.21,74.67,46.17,32.25,13.42,85.44,68.62,62.51,12.53,91.92,65.76,17.49,56.61,41.77,47.41,31.02,45.49,42.44
33,60.83,45.69,75.07,46.17,85.44,61.19,33.29,32.0,64.4,73.43,70.0,49.68,11.66,85.91,78.59,42.19,65.3,28.64,12.65,60.93,51.61,32.06,49.03,16.12,15.62,66.84,91.61,37.74,33.11,101.61,57.2,45.34,38.21,0.0,84.88,46.65,15.62,50.04,76.42,32.45,74.03,50.01,66.71,27.66,48.27,42.3,28.79,41.23,55.01,36.4,34.01
34,26.68,71.69,21.54,56.14,26.83,60.83,51.61,71.81,20.59,84.21,48.0,86.16,90.35,84.38,28.64,66.27,21.63,74.4,89.2,46.69,33.29,107.63,80.0,78.79,87.73,28.28,7.21,94.34,73.78,16.97,27.78,85.91,74.67,84.88,0.0,38.42,69.34,68.03,40.45,91.26,12.17,80.01,75.54,98.6,59.01,51.31,57.38,45.25,45.01,50.21,51.74
35,18.44,42.05,33.53,32.8,42.0,41.18,13.42,40.79,18.44,64.62,38.42,56.04,53.14,71.02,36.22,40.25,18.97,38.63,50.91,35.78,6.32,70.0,55.46,42.76,51.42,28.07,45.34,59.46,39.29,55.32,11.66,54.33,46.17,46.65,38.42,0.0,31.3,46.04,39.4,55.54,28.43,55.9,55.15,61.29,37.01,19.1,19.1,8.25,29.15,12.53,13.45
36,45.25,41.04,59.67,34.06,71.39,52.8,17.89,25.06,48.83,69.43,58.86,49.4,22.36,80.45,64.78,32.98,50.16,26.08,23.41,47.54,36.06,44.27,43.91,15.23,22.09,51.61,76.03,42.76,30.0,86.02,41.62,45.65,32.25,15.62,69.34,31.3,0.0,41.23,64.03,37.48,58.41,44.78,61.4,37.48,37.01,30.41,15.0,26.68,41.11,22.2,19.42
37,42.76,78.89,48.37,13.42,84.12,84.9,41.23,18.11,51.42,106.02,84.4,89.55,45.61,114.77,79.85,8.25,59.46,66.48,62.03,22.8,44.72,82.1,12.17,34.23,39.85,40.05,72.11,83.95,69.86,80.62,46.82,86.16,13.42,50.04,68.03,46.04,41.23,0.0,85.09,78.64,56.14,12.04,97.01,77.1,9.49,60.21,47.17,49.52,23.02,48.92,46.23
38,46.69,42.8,54.59,71.69,17.09,25.61,49.03,79.7,38.42,45.61,10.0,55.17,86.02,44.05,12.0,79.62,28.43,53.85,74.73,70.77,40.5,87.66,94.85,78.41,86.09,55.61,46.04,68.82,50.99,52.35,39.7,56.64,85.44,76.42,40.45,39.4,64.03,85.09,0.0,67.74,42.05,95.27,38.08,78.26,75.8,34.13,49.04,38.83,65.44,42.3,45.4
39,73.74,25.63,88.96,71.11,81.84,44.6,46.1,61.68,73.36,46.87,58.59,20.62,43.28,60.67,74.65,70.41,69.63,17.0,20.52,83.22,61.85,20.62,80.06,47.42,48.01,82.57,98.47,5.39,17.69,108.0,67.12,16.28,68.62,32.45,91.26,55.54,37.48,78.64,67.74,0.0,83.24,80.99,43.0,12.0,74.33,40.0,38.08,47.42,76.32,43.08,43.01
40,14.56,65.97,12.81,44.05,32.56,58.03,41.04,59.67,10.0,82.22,47.54,80.52,78.89,84.4,31.62,54.15,16.0,66.24,79.25,35.44,22.63,98.41,68.03,67.08,76.03,17.09,17.89,86.76,66.21,27.78,16.97,79.7,62.51,74.03,12.17,28.43,58.41,56.14,42.05,83.24,0.0,68.07,73.06,89.63,47.01,44.01,47.51,36.06,33.14,40.8,41.87
41,54.45,84.81,60.41,24.52,95.34,92.85,49.04,19.72,62.97,112.7,93.81,94.15,43.0,122.35,90.76,15.65,70.6,70.83,62.59,34.71,55.36,81.39,1.0,33.96,37.0,52.09,84.15,86.38,74.63,92.66,57.97,90.43,12.53,50.01,80.01,55.9,44.78,12.04,95.27,80.99,68.07,0.0,104.0,77.67,21.1,68.12,53.76,58.25,35.0,56.85,53.91
42,71.06,21.02,83.73,85.15,55.15,15.03,55.8,84.86,65.62,9.49,28.46,23.54,78.29,19.24,49.34,89.5,57.08,38.08,58.94,90.87,60.08,63.2,103.28,76.28,81.01,81.25,82.04,41.3,33.62,89.5,62.82,27.17,91.92,66.71,75.54,55.15,61.4,97.01,38.08,43.0,73.06,104.0,0.0,55.0,89.31,37.22,50.25,48.76,84.1,48.26,50.8
43,78.77,37.11,93.94,71.45,91.53,56.04,50.09,59.3,79.63,58.69,69.46,32.39,36.67,72.56,84.31,69.03,77.16,25.0,15.13,84.93,67.42,9.43,76.69,43.74,42.15,86.82,105.76,14.87,27.29,115.52,72.95,28.16,65.76,27.66,98.6,61.29,37.48,77.1,78.26,12.0,89.63,77.67,55.0,0.0,74.17,48.17,42.54,53.6,78.34,48.83,48.02
44,33.38,72.01,40.02,4.24,74.63,76.69,33.62,18.6,41.98,98.48,75.43,83.49,46.07,106.67,70.38,8.6,49.98,60.88,59.41,15.81,35.36,80.06,21.02,33.62,40.82,31.4,63.39,79.51,63.89,72.18,37.34,80.36,17.49,48.27,59.01,37.01,37.01,9.49,75.8,74.33,47.01,21.1,89.31,74.17,0.0,52.2,40.31,41.11,14.14,41.05,38.59
45,37.05,23.0,51.62,48.01,44.28,24.76,19.1,49.93,34.48,46.53,28.44,37.22,52.01,54.56,37.16,53.04,29.68,23.35,41.63,54.08,25.0,57.49,67.48,45.35,52.47,47.0,58.52,43.05,22.47,68.01,29.27,35.9,56.61,42.3,51.31,19.1,30.41,60.21,34.13,40.0,44.01,68.12,37.22,48.17,52.2,0.0,15.81,11.7,47.17,11.31,14.21
46,36.24,31.76,51.43,36.4,56.75,39.66,8.06,34.83,37.54,59.03,44.15,43.42,37.22,68.68,50.01,39.41,36.89,22.02,31.83,46.1,25.0,51.04,53.04,29.61,37.05,44.6,64.38,42.58,24.19,74.33,30.61,40.61,41.77,28.79,57.38,19.1,15.0,47.17,49.04,38.08,47.51,53.76,50.25,42.54,40.31,15.81,0.0,12.53,39.05,7.62,5.66
47,26.68,34.23,41.76,36.88,44.72,35.61,10.2,41.23,26.08,58.14,35.78,48.0,49.03,65.6,38.21,42.8,24.41,30.46,44.05,42.38,14.56,62.48,57.69,40.0,48.17,36.22,52.35,51.26,31.05,62.23,19.7,46.17,47.41,41.23,45.25,8.25,26.68,49.52,38.83,47.42,36.06,58.25,48.76,53.6,41.11,11.7,12.53,0.0,35.47,5.0,7.28
48,20.25,69.12,25.96,12.08,62.24,70.33,31.14,30.23,29.15,93.52,66.53,82.04,55.44,100.17,58.67,22.14,38.08,61.01,64.51,7.07,25.5,85.38,35.01,42.64,50.93,17.26,49.25,81.15,63.2,58.05,25.81,79.51,31.02,55.01,45.01,29.15,41.11,23.02,65.44,76.32,33.14,35.0,84.1,78.34,14.14,47.17,39.05,35.47,0.0,37.11,35.51
49,30.68,32.02,45.88,36.89,49.24,36.07,7.81,38.95,30.81,57.45,38.28,45.18,44.55,65.86,42.58,41.73,29.41,26.25,39.05,44.15,18.79,57.63,56.22,36.12,44.01,39.81,57.28,47.13,27.29,67.18,24.19,43.0,45.49,36.4,50.21,12.53,22.2,48.92,42.3,43.08,40.8,56.85,48.26,48.83,41.05,11.31,7.62,5.0,37.11,0.0,3.16
50,30.87,33.84,46.1,34.48,51.97,38.95,5.0,35.85,31.89,59.91,41.44,46.53,41.77,68.62,45.4,38.9,31.38,26.48,37.48,42.58,19.42,56.61,53.26,33.06,41.05,39.56,58.73,47.3,28.02,68.68,25.0,44.1,42.44,34.01,51.74,13.45,19.42,46.23,45.4,43.01,41.87,53.91,50.8,48.02,38.59,14.21,5.66,7.28,35.51,3.16,0.0
