set K:= 1	2	3	4	5;
set C_H:= 1	2	3	4	5	6	7	8	9	10	11	12	13	14;
set C_S:= 15	16	17	18	19	20	21	22	23;
set C_F:= 24	25	26	27	28	29	30	31	32;
set M:= 33	34	35	36;
set L_B:= 37	38;
set A1:=
(0,*) 1 2 3 4 5 6 7 8 9 10 11 12 13 14 24 25 26 27 28 29 30 31 32 33 34 35 36 37 38
(1,*) 0 2 3 4 5 6 7 8 9 10 11 12 13 14 24 25 26 27 28 29 30 31 32 33 34 35 36 37 38
(2,*) 0 1 3 4 5 6 7 8 9 10 11 12 13 14 24 25 26 27 28 29 30 31 32 33 34 35 36 37 38
(3,*) 0 1 2 4 5 6 7 8 9 10 11 12 13 14 24 25 26 27 28 29 30 31 32 33 34 35 36 37 38
(4,*) 0 1 2 3 5 6 7 8 9 10 11 12 13 14 24 25 26 27 28 29 30 31 32 33 34 35 36 37 38
(5,*) 0 1 2 3 4 6 7 8 9 10 11 12 13 14 24 25 26 27 28 29 30 31 32 33 34 35 36 37 38
(6,*) 0 1 2 3 4 5 7 8 9 10 11 12 13 14 24 25 26 27 28 29 30 31 32 33 34 35 36 37 38
(7,*) 0 1 2 3 4 5 6 8 9 10 11 12 13 14 24 25 26 27 28 29 30 31 32 33 34 35 36 37 38
(8,*) 0 1 2 3 4 5 6 7 9 10 11 12 13 14 24 25 26 27 28 29 30 31 32 33 34 35 36 37 38
(9,*) 0 1 2 3 4 5 6 7 8 10 11 12 13 14 24 25 26 27 28 29 30 31 32 33 34 35 36 37 38
(10,*) 0 1 2 3 4 5 6 7 8 9 11 12 13 14 24 25 26 27 28 29 30 31 32 33 34 35 36 37 38
(11,*) 0 1 2 3 4 5 6 7 8 9 10 12 13 14 24 25 26 27 28 29 30 31 32 33 34 35 36 37 38
(12,*) 0 1 2 3 4 5 6 7 8 9 10 11 13 14 24 25 26 27 28 29 30 31 32 33 34 35 36 37 38
(13,*) 0 1 2 3 4 5 6 7 8 9 10 11 12 14 24 25 26 27 28 29 30 31 32 33 34 35 36 37 38
(14,*) 0 1 2 3 4 5 6 7 8 9 10 11 12 13 24 25 26 27 28 29 30 31 32 33 34 35 36 37 38
(24,*) 0 1 2 3 4 5 6 7 8 9 10 11 12 13 14 25 26 27 28 29 30 31 32 33 34 35 36 37 38
(25,*) 0 1 2 3 4 5 6 7 8 9 10 11 12 13 14 24 26 27 28 29 30 31 32 33 34 35 36 37 38
(26,*) 0 1 2 3 4 5 6 7 8 9 10 11 12 13 14 24 25 27 28 29 30 31 32 33 34 35 36 37 38
(27,*) 0 1 2 3 4 5 6 7 8 9 10 11 12 13 14 24 25 26 28 29 30 31 32 33 34 35 36 37 38
(28,*) 0 1 2 3 4 5 6 7 8 9 10 11 12 13 14 24 25 26 27 29 30 31 32 33 34 35 36 37 38
(29,*) 0 1 2 3 4 5 6 7 8 9 10 11 12 13 14 24 25 26 27 28 30 31 32 33 34 35 36 37 38
(30,*) 0 1 2 3 4 5 6 7 8 9 10 11 12 13 14 24 25 26 27 28 29 31 32 33 34 35 36 37 38
(31,*) 0 1 2 3 4 5 6 7 8 9 10 11 12 13 14 24 25 26 27 28 29 30 32 33 34 35 36 37 38
(32,*) 0 1 2 3 4 5 6 7 8 9 10 11 12 13 14 24 25 26 27 28 29 30 31 33 34 35 36 37 38
(33,*) 0 1 2 3 4 5 6 7 8 9 10 11 12 13 14 24 25 26 27 28 29 30 31 32 34 35 36 37 38
(34,*) 0 1 2 3 4 5 6 7 8 9 10 11 12 13 14 24 25 26 27 28 29 30 31 32 33 35 36 37 38
(35,*) 0 1 2 3 4 5 6 7 8 9 10 11 12 13 14 24 25 26 27 28 29 30 31 32 33 34 36 37 38
(36,*) 0 1 2 3 4 5 6 7 8 9 10 11 12 13 14 24 25 26 27 28 29 30 31 32 33 34 35 37 38
(37,*) 0 1 2 3 4 5 6 7 8 9 10 11 12 13 14 24 25 26 27 28 29 30 31 32 33 34 35 36 38
(38,*) 0 1 2 3 4 5 6 7 8 9 10 11 12 13 14 24 25 26 27 28 29 30 31 32 33 34 35 36 37
;
set A2:=
(33,*) 34
(34,*) 33
(35,*) 36
(36,*) 35
;
param BigM:=99999;
param n:= 5;
param d:=
1	5
2	14
3	8
4	18
5	19
6	10
7	18
8	9
9	10
10	14
11	14
12	23
13	8
14	20
15	23
16	20
17	5
18	18
19	13
20	19
21	13
22	24
23	3
24	13
25	9
26	23
27	24
28	8
29	10
30	14
31	2
32	15
;
param Q:=100;
param w:=
[33,*] 34 5
[34,*] 33 5
[35,*] 36 5
[36,*] 35 5
;
param V:=
[33,*] 34 267
[34,*] 33 267
[35,*] 36 267
[36,*] 35 267
;
param f:=
33	100
34	100
35	100
36	100
37	100
38	100
;
param e:
	33	34	35	36	37	38:=
15	0	0	0	1	0	0	
16	1	0	0	0	1	0	
17	0	1	0	0	0	1	
18	0	0	0	0	1	1	
19	0	1	0	0	0	1	
20	0	0	0	0	0	1	
21	0	0	0	1	0	1	
22	0	1	0	0	0	1	
23	0	0	1	0	0	0	
24	1	0	0	0	1	0	
25	1	0	1	0	1	0	
26	1	0	0	0	1	0	
27	0	0	1	0	0	0	
28	1	0	0	0	1	0	
29	0	1	0	0	0	1	
30	1	0	1	0	1	0	
31	1	0	0	0	1	0	
32	0	1	0	0	0	1	
;
param p:=
1	1
2	1
3	1
4	1
5	1
;
param G:=
33	267
34	267
35	267
36	267
37	66
38	66
;
param s:=
0	0
1	15
2	15
3	15
4	15
5	15
6	15
7	15
8	15
9	15
10	15
11	15
12	15
13	15
14	15
24	15
25	15
26	15
27	15
28	15
29	15
30	15
31	15
32	15
33	30
34	30
35	30
36	30
37	15
38	15
;
param t:
	0	1	2	3	4	5	6	7	8	9	10	11	12	13	14	15	16	17	18	19	20	21	22	23	24	25	26	27	28	29	30	31	32	33	34	35	36	37	38:=
0	0.0	45.45	45.45	60.83	24.0	73.36	64.35	64.82	39.05	39.05	33.12	10.77	61.13	40.01	61.0	14.56	55.33	17.8	20.0	19.24	7.81	22.36	29.53	40.31	36.4	41.11	56.22	72.01	31.4	39.7	61.07	65.0	17.09	64.9	36.16	64.29	37.23	43.0	29.68
1	45.45	0.0	58.0	99.73	35.36	116.61	108.58	80.16	10.05	54.23	19.0	35.36	98.09	30.41	96.57	59.08	88.87	28.3	50.54	26.91	46.1	45.89	17.49	85.45	78.24	79.65	101.14	94.09	76.37	9.06	97.69	107.34	29.83	108.13	9.3	87.16	64.67	80.06	16.4
2	45.45	58.0	0.0	54.64	63.51	77.83	74.33	22.56	59.84	6.4	61.03	41.4	50.45	28.44	47.42	55.01	38.95	49.24	26.42	42.05	37.8	66.53	43.93	70.58	45.4	39.85	71.59	36.22	54.15	59.68	49.68	67.54	39.82	70.55	52.35	29.71	82.68	37.7	46.1
3	60.83	99.73	54.64	0.0	84.59	24.52	25.71	50.8	96.57	53.15	92.72	67.05	6.08	77.34	10.05	56.14	16.76	76.92	49.19	74.09	56.04	80.0	82.29	47.17	25.0	20.25	29.68	41.3	36.14	96.93	7.07	15.0	70.94	19.49	91.17	38.06	85.11	19.72	83.67
4	24.0	35.36	63.51	84.59	0.0	95.27	85.49	85.0	25.71	57.45	16.76	22.36	85.09	47.17	85.0	31.3	79.23	14.87	41.76	22.67	30.41	10.77	27.86	56.22	59.84	65.07	76.48	94.24	52.55	26.68	85.05	87.64	24.08	86.99	28.02	86.53	29.4	67.0	26.25
5	73.36	116.61	77.83	24.52	95.27	0.0	11.05	75.31	111.83	75.47	106.47	81.84	30.27	97.84	34.23	64.2	41.23	90.92	67.21	89.87	70.72	88.32	99.2	45.01	38.42	39.2	21.02	65.0	42.72	112.36	31.26	10.3	86.84	8.49	107.55	62.41	88.0	40.5	100.21
6	64.35	108.58	74.33	25.71	85.49	11.05	0.0	75.06	103.23	71.18	97.42	73.41	31.78	91.84	35.69	54.23	41.01	82.1	60.44	81.69	62.48	78.11	91.35	34.0	31.4	34.54	10.0	66.91	33.12	103.81	32.76	11.66	78.75	6.83	99.39	63.12	77.08	36.69	92.2
7	64.82	80.16	22.56	50.8	85.0	75.31	75.06	0.0	82.38	27.86	83.52	62.65	45.12	50.0	41.23	71.59	34.23	71.18	44.82	64.26	57.01	86.84	66.49	81.15	52.5	44.15	75.33	16.64	64.47	82.2	44.15	65.62	61.85	69.71	74.84	13.83	101.34	40.79	68.66
8	39.05	10.05	59.84	96.57	25.71	111.83	103.23	82.38	0.0	55.23	9.06	30.02	95.51	34.44	94.37	51.74	87.1	21.26	47.8	22.47	41.18	36.4	16.03	78.1	73.82	76.32	95.27	95.19	70.43	1.0	95.21	102.96	25.63	103.34	7.73	87.93	54.84	77.16	14.0
9	39.05	54.23	6.4	53.15	57.45	75.47	71.18	27.86	55.23	0.0	55.79	35.23	49.52	26.0	46.86	48.75	38.42	43.38	20.12	36.4	31.4	60.21	39.2	65.19	41.23	36.67	67.72	40.01	49.0	55.15	48.84	65.19	34.01	67.87	47.92	32.94	76.27	34.99	41.3
10	33.12	19.0	61.03	92.72	16.76	106.47	97.42	83.52	9.06	55.79	0.0	25.71	92.2	38.42	91.41	44.6	84.59	15.81	45.18	20.02	36.69	27.51	18.03	70.72	69.08	72.53	89.05	95.19	64.35	10.05	91.98	97.99	23.0	98.01	13.47	87.7	45.79	73.76	15.81
11	10.77	35.36	41.4	67.05	22.36	81.84	73.41	62.65	30.02	35.23	25.71	0.0	66.49	30.41	65.76	25.3	59.14	10.05	20.1	8.6	11.18	25.61	18.87	51.0	43.83	46.84	65.8	72.12	41.01	30.53	66.29	72.95	6.32	73.34	26.08	64.44	43.67	48.05	19.21
12	61.13	98.09	50.45	6.08	85.09	30.27	31.78	45.12	95.51	49.52	92.2	66.49	0.0	74.4	4.0	57.87	11.66	76.49	47.76	73.08	55.73	81.22	80.78	51.4	26.68	20.02	35.36	35.23	39.0	95.82	1.0	21.02	69.92	25.57	89.77	32.15	87.63	18.44	82.28
13	40.01	30.41	28.44	77.34	47.17	97.84	91.84	50.0	34.44	26.0	38.42	30.41	74.4	0.0	72.11	54.08	63.81	32.65	31.76	25.08	35.36	54.23	20.52	77.37	60.46	58.73	86.45	64.63	63.69	34.01	73.82	87.78	25.0	89.71	26.72	58.13	73.37	58.0	22.67
14	61.0	96.57	47.42	10.05	85.0	34.23	35.69	41.23	94.37	46.86	91.41	65.76	4.0	72.11	0.0	58.69	8.49	75.8	46.57	72.03	55.23	81.61	79.38	53.91	27.86	20.22	38.91	31.26	40.71	94.64	3.0	25.02	68.88	29.54	88.43	28.17	88.87	18.0	80.96
15	14.56	59.08	55.01	56.14	31.3	64.2	54.23	71.59	51.74	48.75	44.6	25.3	57.87	54.08	58.69	0.0	54.78	30.81	28.64	33.62	19.1	24.33	43.86	26.4	31.26	38.6	45.18	75.8	21.59	52.5	58.05	57.07	31.62	56.03	49.86	68.31	30.96	41.44	43.83
16	55.33	88.87	38.95	16.76	79.23	41.23	41.01	34.23	87.1	38.42	84.59	59.14	11.66	63.81	8.49	54.78	0.0	69.18	39.46	64.94	49.01	76.69	71.84	53.91	25.61	16.64	42.45	26.93	39.05	87.32	10.82	31.4	61.81	35.49	80.92	22.19	85.53	13.42	73.5
17	17.8	28.3	49.24	76.92	14.87	90.92	82.1	71.18	21.26	43.38	15.81	10.05	76.49	32.65	75.8	30.81	69.18	0.0	30.02	7.81	20.88	21.84	15.0	57.2	53.31	56.75	74.03	81.49	49.2	21.93	76.3	82.29	9.43	82.44	19.18	73.86	41.34	58.05	14.14
18	20.0	50.54	26.42	49.19	41.76	67.21	60.44	44.82	47.8	20.12	45.18	20.1	47.76	31.76	46.57	28.64	39.46	30.02	0.0	25.5	12.21	42.19	33.11	47.17	29.07	29.15	54.71	52.55	32.28	48.08	47.43	57.49	22.36	58.87	42.04	44.83	56.77	29.55	34.54
19	19.24	26.91	42.05	74.09	22.67	89.87	81.69	64.26	22.47	36.4	20.02	8.6	73.08	25.08	72.03	33.62	64.94	7.81	25.5	0.0	19.21	29.15	10.3	59.54	51.62	53.85	74.25	75.31	49.52	22.85	72.8	80.78	3.16	81.38	17.71	67.77	48.41	54.71	10.63
20	7.81	46.1	37.8	56.04	30.41	70.72	62.48	57.01	41.18	31.4	36.69	11.18	55.73	35.36	55.23	19.1	49.01	20.88	12.21	19.21	0.0	30.02	29.0	42.38	32.65	35.9	55.17	64.47	30.61	41.68	55.58	61.77	16.28	62.23	36.92	56.75	44.89	37.34	29.73
21	22.36	45.89	66.53	80.0	10.77	88.32	78.11	86.84	36.4	60.21	27.51	25.61	81.22	54.23	81.61	24.33	76.69	21.84	42.19	29.15	30.02	0.0	36.5	47.17	55.0	61.4	68.71	94.37	45.89	37.36	81.3	81.39	29.53	80.25	38.11	86.65	19.59	63.79	35.23
22	29.53	17.49	43.93	82.29	27.86	99.2	91.35	66.49	16.03	39.2	18.03	18.87	80.78	20.52	79.38	43.86	71.84	15.0	33.11	10.3	29.0	36.5	0.0	69.84	60.8	62.18	84.17	79.16	59.55	16.0	80.41	89.87	12.81	90.73	9.1	71.9	56.08	62.65	2.24
23	40.31	85.45	70.58	47.17	56.22	45.01	34.0	81.15	78.1	65.19	70.72	51.0	51.4	77.37	53.91	26.4	53.91	57.2	47.17	59.54	42.38	47.17	69.84	0.0	29.15	38.28	24.0	79.88	16.76	78.87	52.01	41.23	57.25	38.29	76.21	73.51	43.24	41.88	69.97
24	36.4	78.24	45.4	25.0	59.84	38.42	31.4	52.5	73.82	41.23	69.08	43.83	26.68	60.46	27.86	31.26	25.61	53.31	29.07	51.62	32.65	55.0	60.8	29.15	0.0	9.22	26.57	50.8	13.45	74.3	26.93	29.15	48.55	29.98	69.24	44.35	61.03	12.81	61.85
25	41.11	79.65	39.85	20.25	65.07	39.2	34.54	44.15	76.32	36.67	72.53	46.84	20.02	58.73	20.22	38.6	16.64	56.75	29.15	53.85	35.9	61.4	62.18	38.28	9.22	0.0	32.14	41.62	22.63	76.69	20.0	29.07	50.7	31.31	71.0	35.3	69.11	3.61	63.51
26	56.22	101.14	71.59	29.68	76.48	21.02	10.0	75.33	95.27	67.72	89.05	65.8	35.36	86.45	38.91	45.18	42.45	74.03	54.71	74.25	55.17	68.71	84.17	24.0	26.57	32.14	0.0	69.26	24.84	95.9	36.24	18.87	71.42	14.97	91.88	64.51	67.11	35.01	84.85
27	72.01	94.09	36.22	41.3	94.24	65.0	66.91	16.64	95.19	40.01	95.19	72.12	35.23	64.63	31.26	75.8	26.93	81.49	52.55	75.31	64.47	94.37	79.16	79.88	50.8	41.62	69.26	0.0	64.03	95.13	34.23	56.22	72.57	60.79	87.93	7.73	106.62	38.01	81.22
28	31.4	76.37	54.15	36.14	52.55	42.72	33.12	64.47	70.43	49.0	64.35	41.01	39.0	63.69	40.71	21.59	39.05	49.2	32.28	49.52	30.61	45.89	59.55	16.76	13.45	22.63	24.84	64.03	0.0	71.06	39.4	35.51	46.75	34.47	67.09	57.36	48.99	26.17	60.14
29	39.7	9.06	59.68	96.93	26.68	112.36	103.81	82.2	1.0	55.15	10.05	30.53	95.82	34.01	94.64	52.5	87.32	21.93	48.08	22.85	41.68	37.36	16.0	78.87	74.3	76.69	95.9	95.13	71.06	0.0	95.51	103.45	26.0	103.87	7.4	87.9	55.83	77.49	14.04
30	61.07	97.69	49.68	7.07	85.05	31.26	32.76	44.15	95.21	48.84	91.98	66.29	1.0	73.82	3.0	58.05	10.82	76.3	47.43	72.8	55.58	81.3	80.41	52.01	26.93	20.0	36.24	34.23	39.4	95.51	0.0	22.02	69.64	26.56	89.42	31.16	87.92	18.25	81.93
31	65.0	107.34	67.54	15.0	87.64	10.3	11.66	65.62	102.96	65.19	97.99	72.95	21.02	87.78	25.02	57.07	31.4	82.29	57.49	80.78	61.77	81.39	89.87	41.23	29.15	29.07	18.87	56.22	35.51	103.45	22.02	0.0	77.7	4.86	98.37	53.04	82.99	30.23	90.97
32	17.09	29.83	39.82	70.94	24.08	86.84	78.75	61.85	25.63	34.01	23.0	6.32	69.92	25.0	68.88	31.62	61.81	9.43	22.36	3.16	16.28	29.53	12.81	57.25	48.55	50.7	71.42	72.57	46.75	26.0	69.64	77.7	0.0	78.35	20.71	64.99	48.41	51.55	13.45
33	64.9	108.13	70.55	19.49	86.99	8.49	6.83	69.71	103.34	67.87	98.01	73.34	25.57	89.71	29.54	56.03	35.49	82.44	58.87	81.38	62.23	80.25	90.73	38.29	29.98	31.31	14.97	60.79	34.47	103.87	26.56	4.86	78.35	0.0	99.06	57.38	80.75	32.93	91.73
34	36.16	9.3	52.35	91.17	28.02	107.55	99.39	74.84	7.73	47.92	13.47	26.08	89.77	26.72	88.43	49.86	80.92	19.18	42.04	17.71	36.92	38.11	9.1	76.21	69.24	71.0	91.88	87.93	67.09	7.4	89.42	98.37	20.71	99.06	0.0	80.75	57.38	71.58	7.5
35	64.29	87.16	29.71	38.06	86.53	62.41	63.12	13.83	87.93	32.94	87.7	64.44	32.15	58.13	28.17	68.31	22.19	73.86	44.83	67.77	56.75	86.65	71.9	73.51	44.35	35.3	64.51	7.73	57.36	87.9	31.16	53.04	64.99	57.38	80.75	0.0	99.06	31.71	73.94
36	37.23	64.67	82.68	85.11	29.4	88.0	77.08	101.34	54.84	76.27	45.79	43.67	87.63	73.37	88.87	30.96	85.53	41.34	56.77	48.41	44.89	19.59	56.08	43.24	61.03	69.11	67.11	106.62	48.99	55.83	87.92	82.99	48.41	80.75	57.38	99.06	0.0	72.13	54.81
37	43.0	80.06	37.7	19.72	67.0	40.5	36.69	40.79	77.16	34.99	73.76	48.05	18.44	58.0	18.0	41.44	13.42	58.05	29.55	54.71	37.34	63.79	62.65	41.88	12.81	3.61	35.01	38.01	26.17	77.49	18.25	30.23	51.55	32.93	71.58	31.71	72.13	0.0	64.08
38	29.68	16.4	46.1	83.67	26.25	100.21	92.2	68.66	14.0	41.3	15.81	19.21	82.28	22.67	80.96	43.83	73.5	14.14	34.54	10.63	29.73	35.23	2.24	69.97	61.85	63.51	84.85	81.22	60.14	14.04	81.93	90.97	13.45	91.73	7.5	73.94	54.81	64.08	0.0
;
