set K:= 1	2	3	4	5	6;
set C_H:= 1	2	3	4	5	6	7	8	9	10	11	12;
set C_S:= 13	14	15	16	17	18	19	20	21	22;
set C_F:= 23	24	25	26	27	28	29	30	31	32;
set M:= 33	34	35	36	37	38;
set L_B:= 39	40	41	42	43	44;
set A1:=
(0,*) 1 2 3 4 5 6 7 8 9 10 11 12 23 24 25 26 27 28 29 30 31 32 33 34 35 36 37 38 39 40 41 42 43 44 45
(1,*) 0 2 3 4 5 6 7 8 9 10 11 12 23 24 25 26 27 28 29 30 31 32 33 34 35 36 37 38 39 40 41 42 43 44 45
(2,*) 0 1 3 4 5 6 7 8 9 10 11 12 23 24 25 26 27 28 29 30 31 32 33 34 35 36 37 38 39 40 41 42 43 44 45
(3,*) 0 1 2 4 5 6 7 8 9 10 11 12 23 24 25 26 27 28 29 30 31 32 33 34 35 36 37 38 39 40 41 42 43 44 45
(4,*) 0 1 2 3 5 6 7 8 9 10 11 12 23 24 25 26 27 28 29 30 31 32 33 34 35 36 37 38 39 40 41 42 43 44 45
(5,*) 0 1 2 3 4 6 7 8 9 10 11 12 23 24 25 26 27 28 29 30 31 32 33 34 35 36 37 38 39 40 41 42 43 44 45
(6,*) 0 1 2 3 4 5 7 8 9 10 11 12 23 24 25 26 27 28 29 30 31 32 33 34 35 36 37 38 39 40 41 42 43 44 45
(7,*) 0 1 2 3 4 5 6 8 9 10 11 12 23 24 25 26 27 28 29 30 31 32 33 34 35 36 37 38 39 40 41 42 43 44 45
(8,*) 0 1 2 3 4 5 6 7 9 10 11 12 23 24 25 26 27 28 29 30 31 32 33 34 35 36 37 38 39 40 41 42 43 44 45
(9,*) 0 1 2 3 4 5 6 7 8 10 11 12 23 24 25 26 27 28 29 30 31 32 33 34 35 36 37 38 39 40 41 42 43 44 45
(10,*) 0 1 2 3 4 5 6 7 8 9 11 12 23 24 25 26 27 28 29 30 31 32 33 34 35 36 37 38 39 40 41 42 43 44 45
(11,*) 0 1 2 3 4 5 6 7 8 9 10 12 23 24 25 26 27 28 29 30 31 32 33 34 35 36 37 38 39 40 41 42 43 44 45
(12,*) 0 1 2 3 4 5 6 7 8 9 10 11 23 24 25 26 27 28 29 30 31 32 33 34 35 36 37 38 39 40 41 42 43 44 45
(23,*) 0 1 2 3 4 5 6 7 8 9 10 11 12 24 25 26 27 28 29 30 31 32 33 34 35 36 37 38 39 40 41 42 43 44 45
(24,*) 0 1 2 3 4 5 6 7 8 9 10 11 12 23 25 26 27 28 29 30 31 32 33 34 35 36 37 38 39 40 41 42 43 44 45
(25,*) 0 1 2 3 4 5 6 7 8 9 10 11 12 23 24 26 27 28 29 30 31 32 33 34 35 36 37 38 39 40 41 42 43 44 45
(26,*) 0 1 2 3 4 5 6 7 8 9 10 11 12 23 24 25 27 28 29 30 31 32 33 34 35 36 37 38 39 40 41 42 43 44 45
(27,*) 0 1 2 3 4 5 6 7 8 9 10 11 12 23 24 25 26 28 29 30 31 32 33 34 35 36 37 38 39 40 41 42 43 44 45
(28,*) 0 1 2 3 4 5 6 7 8 9 10 11 12 23 24 25 26 27 29 30 31 32 33 34 35 36 37 38 39 40 41 42 43 44 45
(29,*) 0 1 2 3 4 5 6 7 8 9 10 11 12 23 24 25 26 27 28 30 31 32 33 34 35 36 37 38 39 40 41 42 43 44 45
(30,*) 0 1 2 3 4 5 6 7 8 9 10 11 12 23 24 25 26 27 28 29 31 32 33 34 35 36 37 38 39 40 41 42 43 44 45
(31,*) 0 1 2 3 4 5 6 7 8 9 10 11 12 23 24 25 26 27 28 29 30 32 33 34 35 36 37 38 39 40 41 42 43 44 45
(32,*) 0 1 2 3 4 5 6 7 8 9 10 11 12 23 24 25 26 27 28 29 30 31 33 34 35 36 37 38 39 40 41 42 43 44 45
(33,*) 0 1 2 3 4 5 6 7 8 9 10 11 12 23 24 25 26 27 28 29 30 31 32 34 35 36 37 38 39 40 41 42 43 44 45
(34,*) 0 1 2 3 4 5 6 7 8 9 10 11 12 23 24 25 26 27 28 29 30 31 32 33 35 36 37 38 39 40 41 42 43 44 45
(35,*) 0 1 2 3 4 5 6 7 8 9 10 11 12 23 24 25 26 27 28 29 30 31 32 33 34 36 37 38 39 40 41 42 43 44 45
(36,*) 0 1 2 3 4 5 6 7 8 9 10 11 12 23 24 25 26 27 28 29 30 31 32 33 34 35 37 38 39 40 41 42 43 44 45
(37,*) 0 1 2 3 4 5 6 7 8 9 10 11 12 23 24 25 26 27 28 29 30 31 32 33 34 35 36 38 39 40 41 42 43 44 45
(38,*) 0 1 2 3 4 5 6 7 8 9 10 11 12 23 24 25 26 27 28 29 30 31 32 33 34 35 36 37 39 40 41 42 43 44 45
(39,*) 0 1 2 3 4 5 6 7 8 9 10 11 12 23 24 25 26 27 28 29 30 31 32 33 34 35 36 37 38 40 41 42 43 44 45
(40,*) 0 1 2 3 4 5 6 7 8 9 10 11 12 23 24 25 26 27 28 29 30 31 32 33 34 35 36 37 38 39 41 42 43 44 45
(41,*) 0 1 2 3 4 5 6 7 8 9 10 11 12 23 24 25 26 27 28 29 30 31 32 33 34 35 36 37 38 39 40 42 43 44 45
(42,*) 0 1 2 3 4 5 6 7 8 9 10 11 12 23 24 25 26 27 28 29 30 31 32 33 34 35 36 37 38 39 40 41 43 44 45
(43,*) 0 1 2 3 4 5 6 7 8 9 10 11 12 23 24 25 26 27 28 29 30 31 32 33 34 35 36 37 38 39 40 41 42 44 45
(44,*) 0 1 2 3 4 5 6 7 8 9 10 11 12 23 24 25 26 27 28 29 30 31 32 33 34 35 36 37 38 39 40 41 42 43 45
(45,*) 0 1 2 3 4 5 6 7 8 9 10 11 12 23 24 25 26 27 28 29 30 31 32 33 34 35 36 37 38 39 40 41 42 43 44
;
set A2:=
;
param BigM:=99999;
param n:= 6;
param d:=
1	26
2	17
3	5
4	25
5	16
6	17
7	10
8	25
9	7
10	11
11	21
12	22
13	15
14	15
15	16
16	17
17	1
18	11
19	17
20	22
21	16
22	21
23	6
24	7
25	21
26	66
27	7
28	21
29	11
30	22
31	25
32	2
;
param Q:=100;
param e:
	33	34	35	36	37	38	39	40	41	42	43	44:=
13		0		0		0		0		0		0		0		0		1		0		0		0	
14		0		0		0		0		0		0		0		0		0		0		0		1	
15		0		0		0		0		0		0		0		0		1		0		0		0	
16		1		0		0		0		1		0		0		0		0		0		0		0	
17		0		0		0		0		0		0		0		0		0		0		1		0	
18		0		0		0		0		1		0		0		0		1		0		0		0	
19		0		0		0		0		0		0		0		0		0		0		0		1	
20		1		0		0		0		0		0		0		0		0		1		0		0	
21		0		0		0		0		0		0		1		0		0		0		0		0	
22		0		0		1		0		0		0		0		0		0		0		0		0	
23		0		0		0		0		1		0		0		0		1		0		0		0	
24		0		0		0		0		0		0		1		1		0		1		0		1	
25		0		0		0		1		0		0		0		0		0		0		1		0	
26		0		1		0		0		0		0		0		0		0		0		0		0	
27		0		1		0		0		0		0		0		0		0		0		0		0	
28		0		0		1		0		0		1		0		0		0		0		0		0	
29		0		1		0		0		0		0		0		0		0		0		0		0	
30		0		0		0		1		0		0		0		0		0		0		0		0	
31		0		1		0		0		0		0		0		0		0		0		0		0	
32		0		0		0		0		0		1		0		0		0		0		0		0	
;
param p:=
1	3
2	3
3	3
4	3
5	3
6	3
;
param G:=
33	88
34	96
35	76
36	92
37	99
38	78
39	96
40	78
41	85
42	87
43	99
44	78
;
param s:=
0	0
1	10
2	10
3	10
4	10
5	10
6	10
7	10
8	10
9	10
10	10
11	10
12	10
23	10
24	10
25	10
26	10
27	10
28	10
29	10
30	10
31	10
32	10
33	10
34	10
35	10
36	10
37	10
38	10
39	10
40	10
41	10
42	10
43	10
44	10
;
param t:
	0	1	2	3	4	5	6	7	8	9	10	11	12	13	14	15	16	17	18	19	20	21	22	23	24	25	26	27	28	29	30	31	32	33	34	35	36	37	38	39	40	41	42	43	44	45:=
0	0.0	26.4	60.8	31.02	28.02	14.04	24.7	61.91	23.35	55.15	36.36	5.83	9.43	59.17	36.67	56.61	71.85	12.73	64.64	30.08	41.48	49.34	57.72	61.07	34.66	43.01	35.47	39.66	42.45	21.47	68.35	37.54	31.06	64.88	18.36	61.98	58.25	71.4	41.63	31.62	18.03	61.4	38.48	24.74	12.17	0.0
1	26.4	0.0	35.36	5.0	5.1	14.14	20.02	35.81	39.45	60.21	62.65	32.2	26.87	40.45	10.3	36.14	46.1	25.0	38.95	4.0	16.0	37.11	46.1	39.0	14.0	37.64	45.35	63.66	46.1	45.34	53.15	62.63	50.36	38.59	44.72	64.44	40.22	45.97	49.09	23.6	9.06	36.07	12.08	17.0	15.0	26.4
2	60.8	35.36	0.0	32.02	32.8	49.5	51.97	5.66	74.2	71.59	97.08	66.61	62.23	24.21	25.61	18.87	11.18	60.21	4.12	32.65	26.57	35.74	40.31	14.87	27.31	62.59	77.83	99.01	60.21	80.66	61.85	97.84	77.37	9.43	79.06	71.78	48.66	10.63	66.03	39.46	42.8	1.0	24.41	48.88	50.25	60.8
3	31.02	5.0	32.02	0.0	7.81	18.03	20.88	31.89	42.2	64.03	67.08	36.77	30.61	40.01	6.4	35.23	42.43	28.28	35.38	1.0	11.0	38.63	47.43	37.36	14.87	36.5	46.82	67.36	50.0	49.2	49.5	66.61	55.33	34.41	49.24	67.88	36.24	42.52	53.34	26.87	14.04	32.8	7.81	17.72	19.24	31.02
4	28.02	5.1	32.8	7.81	0.0	17.49	25.0	34.0	43.38	56.22	64.35	33.84	30.0	35.69	10.0	31.62	43.83	28.65	36.62	7.07	17.72	32.02	41.0	34.89	9.06	42.72	50.01	66.53	42.2	48.1	57.28	65.12	49.01	37.16	46.32	60.11	44.05	43.42	45.65	19.1	10.0	33.42	12.0	22.02	17.8	28.02
5	14.04	14.14	49.5	18.03	17.49	0.0	13.45	49.82	26.0	61.03	49.24	19.42	12.73	52.5	24.21	48.85	60.21	11.18	53.08	17.2	27.86	46.01	55.0	52.35	26.0	33.42	34.01	49.52	47.17	31.24	55.9	48.6	43.08	52.43	31.62	66.73	44.92	60.11	48.27	29.27	9.06	50.21	25.81	12.21	2.24	14.04
6	24.7	20.02	51.97	20.88	25.0	13.45	0.0	50.8	23.6	74.4	54.92	28.64	18.03	60.41	26.93	55.9	61.61	14.0	54.92	20.62	26.25	56.57	65.62	58.24	34.01	20.0	26.0	51.0	60.46	34.48	43.66	51.62	55.47	52.5	39.0	79.92	34.13	62.13	61.72	41.11	20.62	52.84	27.73	3.16	15.56	24.7
7	61.91	35.81	5.66	31.89	34.0	49.82	50.8	0.0	73.66	76.4	98.27	67.74	62.48	29.83	25.61	24.41	10.82	60.14	5.0	32.65	24.7	40.85	45.79	20.52	29.83	59.77	76.32	99.25	64.63	81.06	57.07	98.41	80.41	4.12	80.26	76.9	44.18	11.7	70.26	43.05	43.91	6.4	24.08	47.8	50.8	61.91
8	23.35	39.45	74.2	42.2	43.38	26.0	23.6	73.66	0.0	78.11	35.23	21.93	15.03	78.43	48.6	74.85	84.39	14.87	77.47	41.62	49.52	70.86	79.63	78.26	52.0	31.06	13.45	27.86	65.73	14.56	60.01	29.43	50.0	75.66	24.41	85.16	54.13	84.65	64.51	53.34	34.79	75.0	49.82	26.25	26.25	23.35
9	55.15	60.21	71.59	64.03	56.22	61.03	74.4	76.4	78.11	0.0	70.71	56.32	64.47	51.0	64.35	54.23	80.62	67.08	75.31	63.25	72.95	36.22	35.36	60.13	51.97	94.4	90.62	84.01	14.14	70.86	113.36	79.1	34.37	80.52	60.21	8.25	100.26	78.41	13.6	37.44	54.56	71.39	66.04	72.62	59.08	55.15
10	36.36	62.65	97.08	67.08	64.35	49.24	54.92	98.27	35.23	70.71	0.0	30.53	37.64	92.85	72.95	91.22	108.17	41.23	100.96	66.19	77.08	80.45	87.46	96.21	70.43	66.27	46.17	16.64	63.25	21.0	95.13	10.82	36.35	101.21	18.03	78.92	88.28	107.65	58.69	63.89	54.38	97.65	74.71	56.52	47.85	36.36
11	5.83	32.2	66.61	36.77	33.84	19.42	28.64	67.74	21.93	56.32	30.53	0.0	11.18	64.35	42.49	62.01	77.67	15.23	70.46	35.85	47.13	53.85	61.98	66.6	40.31	45.65	34.99	34.48	44.41	16.76	72.12	32.02	29.0	70.71	12.53	63.56	62.65	77.2	42.72	36.25	23.85	67.2	44.28	29.15	17.72	5.83
12	9.43	26.87	62.23	30.61	30.0	12.73	18.03	62.48	15.03	64.47	37.64	11.18	0.0	64.08	36.88	60.83	72.92	4.12	65.8	29.83	39.82	55.9	64.63	64.66	38.08	34.48	26.25	36.8	51.55	18.6	61.13	36.06	39.82	65.0	21.02	71.17	52.15	72.84	50.99	38.33	20.59	62.94	38.42	19.1	12.21	9.43
13	59.17	40.45	24.21	40.01	35.69	52.5	60.41	29.83	78.43	51.0	92.85	64.35	64.08	0.0	35.13	5.83	30.68	63.57	26.93	40.05	41.23	15.52	16.76	9.85	26.68	76.16	85.7	98.79	42.2	80.62	82.35	96.26	65.51	33.6	75.6	49.65	68.54	28.16	48.76	29.0	43.66	23.6	35.36	57.31	52.2	59.17
14	36.67	10.3	25.61	6.4	10.0	24.21	26.93	25.61	48.6	64.35	72.95	42.49	36.88	35.13	0.0	30.0	36.07	34.66	29.0	7.07	8.6	35.85	44.28	31.58	12.73	41.05	52.92	73.66	50.61	55.44	50.61	72.8	59.01	28.3	55.01	67.48	36.88	36.12	54.63	26.93	18.97	26.4	2.0	23.77	25.24	36.67
15	56.61	36.14	18.87	35.23	31.62	48.85	55.9	24.41	74.85	54.23	91.22	62.01	60.83	5.83	30.0	0.0	26.48	60.01	21.93	35.36	35.69	18.03	21.47	6.08	22.85	71.03	81.49	96.26	44.28	77.94	76.56	94.02	65.74	28.3	73.66	53.6	62.77	24.19	50.64	28.02	40.25	18.36	30.07	52.77	48.75	56.61
16	71.85	46.1	11.18	42.43	43.83	60.21	61.61	10.82	84.39	80.62	108.17	77.67	72.92	30.68	36.07	26.48	0.0	70.71	7.21	43.14	35.51	44.41	47.43	20.88	38.48	70.23	87.13	109.71	70.0	91.44	65.19	108.71	88.32	10.2	90.14	80.05	53.04	2.83	76.06	50.22	53.82	10.77	34.66	58.6	61.07	71.85
17	12.73	25.0	60.21	28.28	28.65	11.18	14.0	60.14	14.87	67.08	41.23	15.23	4.12	63.57	34.66	60.01	70.71	0.0	63.66	27.59	36.89	56.32	65.19	63.53	37.16	30.53	24.33	39.2	53.85	21.47	57.01	38.95	43.6	62.48	25.0	73.54	48.09	70.77	53.71	39.01	19.92	60.96	36.07	15.3	11.4	12.73
18	64.64	38.95	4.12	35.38	36.62	53.08	54.92	5.0	77.47	75.31	100.96	70.46	65.8	26.93	29.0	21.93	7.21	63.66	0.0	36.07	29.07	39.29	43.38	17.2	31.38	64.56	80.62	102.59	64.12	84.29	61.98	101.53	81.49	7.21	82.93	75.29	49.16	7.21	70.01	43.57	46.62	4.0	27.66	51.87	53.91	64.64
19	30.08	4.0	32.65	1.0	7.07	17.2	20.62	32.65	41.62	63.25	66.19	35.85	29.83	40.05	7.07	35.36	43.14	27.59	36.07	0.0	12.0	38.28	47.13	37.64	14.56	36.67	46.49	66.6	49.2	48.41	50.21	65.8	54.33	35.23	48.33	67.18	37.01	43.19	52.48	26.17	13.04	33.42	8.6	17.46	18.36	30.08
20	41.48	16.0	26.57	11.0	17.72	27.86	26.25	24.7	49.52	72.95	77.08	47.13	39.82	41.23	8.6	35.69	35.51	36.89	29.07	12.0	0.0	43.83	51.97	36.01	21.26	36.35	51.62	76.03	59.17	58.31	42.44	75.8	66.27	26.25	59.46	76.06	28.6	36.24	63.07	35.51	25.02	27.51	7.07	23.35	29.41	41.48
21	49.34	37.11	35.74	38.63	32.02	46.01	56.57	40.85	70.86	36.22	80.45	53.85	55.9	15.52	35.85	18.03	44.41	56.32	39.29	38.28	43.83	0.0	9.06	24.0	23.77	74.73	80.02	88.14	26.68	70.58	86.27	85.0	50.8	44.94	64.01	36.06	72.42	42.19	33.24	17.72	37.0	35.44	36.89	53.76	45.1	49.34
22	57.72	46.1	40.31	47.43	41.0	55.0	65.62	45.79	79.63	35.36	87.46	61.98	64.63	16.76	44.28	21.47	47.43	65.19	43.38	47.13	51.97	9.06	0.0	26.57	32.57	83.68	89.01	96.01	29.15	78.75	94.34	92.61	55.87	49.74	71.59	33.14	80.45	44.92	35.85	26.31	46.01	39.82	45.18	62.8	54.04	57.72
23	61.07	39.0	14.87	37.36	34.89	52.35	58.24	20.52	78.26	60.13	96.21	66.6	64.66	9.85	31.58	6.08	20.88	63.53	17.2	37.64	36.01	24.0	26.57	0.0	26.63	72.11	84.12	100.6	50.36	82.2	75.27	98.6	71.59	24.08	78.49	59.23	61.68	18.44	56.72	33.62	44.1	14.14	31.26	55.08	52.48	61.07
24	34.66	14.0	27.31	14.87	9.06	26.0	34.01	29.83	52.0	51.97	70.43	40.31	38.08	26.68	12.73	22.85	38.48	37.16	31.38	14.56	21.26	23.77	32.57	26.63	0.0	51.2	59.03	74.03	38.48	55.61	63.25	72.18	50.64	33.54	52.5	54.82	49.58	37.59	43.01	14.87	17.49	27.73	14.21	31.0	25.94	34.66
25	43.01	37.64	62.59	36.5	42.72	33.42	20.0	59.77	31.06	94.4	66.27	45.65	34.48	76.16	41.05	71.03	70.23	30.53	64.56	36.67	36.35	74.73	83.68	72.11	51.2	0.0	23.41	57.56	80.45	45.4	29.02	60.07	74.06	60.17	53.45	99.86	25.55	71.47	81.69	60.42	40.31	63.56	41.0	21.95	35.47	43.01
26	35.47	45.35	77.83	46.82	50.01	34.01	26.0	76.32	13.45	90.62	46.17	34.99	26.25	85.7	52.92	81.49	87.13	24.33	80.62	46.49	51.62	80.02	89.01	84.12	59.03	23.41	0.0	35.0	77.79	26.93	51.79	38.33	63.41	77.67	37.64	97.41	48.75	87.82	77.08	63.07	43.05	78.71	53.71	29.15	35.01	35.47
27	39.66	63.66	99.01	67.36	66.53	49.52	51.0	99.25	27.86	84.01	16.64	34.48	36.8	98.79	73.66	96.26	109.71	39.2	102.59	66.6	76.03	88.14	96.01	100.6	74.03	57.56	35.0	0.0	74.81	18.44	86.47	5.83	50.16	101.67	24.74	92.05	81.74	109.62	71.18	70.66	56.73	99.7	75.17	53.34	48.8	39.66
28	42.45	46.1	60.21	50.0	42.2	47.17	60.46	64.63	65.73	14.14	63.25	44.41	51.55	42.2	50.61	44.28	70.0	53.85	64.12	49.2	59.17	26.68	29.15	50.36	38.48	80.45	77.79	74.81	0.0	60.01	99.25	70.41	28.3	68.73	50.25	19.7	86.21	68.03	6.71	23.71	40.46	60.13	52.35	58.6	45.28	42.45
29	21.47	45.34	80.66	49.2	48.1	31.24	34.48	81.06	14.56	70.86	21.0	16.76	18.6	80.62	55.44	77.94	91.44	21.47	84.29	48.41	58.31	70.58	78.75	82.2	55.61	45.4	26.93	18.44	60.01	0.0	74.17	17.49	39.4	83.6	11.66	78.52	67.36	91.29	57.43	52.92	38.29	81.34	57.01	36.4	30.41	21.47
30	68.35	53.15	61.85	49.5	57.28	55.9	43.66	57.07	60.01	113.36	95.13	72.12	61.13	82.35	50.61	76.56	65.19	57.01	61.98	50.21	42.44	86.27	94.34	75.27	63.25	29.02	51.79	86.47	99.25	74.17	0.0	89.09	98.9	55.44	81.39	117.38	13.89	67.36	102.0	76.37	59.64	62.82	49.41	43.86	58.14	68.35
31	37.54	62.63	97.84	66.61	65.12	48.6	51.62	98.41	29.43	79.1	10.82	32.02	36.06	96.26	72.8	94.02	108.71	38.95	101.53	65.8	75.8	85.0	92.61	98.6	72.18	60.07	38.33	5.83	70.41	17.49	89.09	0.0	45.01	101.02	21.02	87.21	83.55	108.47	66.48	67.74	55.17	98.49	74.4	53.71	47.63	37.54
32	31.06	50.36	77.37	55.33	49.01	43.08	55.47	80.41	50.0	34.37	36.35	29.0	39.82	65.51	59.01	65.74	88.32	43.6	81.49	54.33	66.27	50.8	55.87	71.59	50.64	74.06	63.41	50.16	28.3	39.4	98.9	45.01	0.0	84.17	27.86	42.58	87.92	86.98	22.85	38.28	41.59	77.62	61.01	55.04	40.85	31.06
33	64.88	38.59	9.43	34.41	37.16	52.43	52.5	4.12	75.66	80.52	101.21	70.71	65.0	33.6	28.3	28.3	10.2	62.48	7.21	35.23	26.25	44.94	49.74	24.08	33.54	60.17	77.67	101.67	68.73	83.6	55.44	101.02	84.17	0.0	83.24	80.99	43.0	12.0	74.33	47.01	46.96	10.0	26.63	49.58	53.54	64.88
34	18.36	44.72	79.06	49.24	46.32	31.62	39.0	80.26	24.41	60.21	18.03	12.53	21.02	75.6	55.01	73.66	90.14	25.0	82.93	48.33	59.46	64.01	71.59	78.49	52.5	53.45	37.64	24.74	50.25	11.66	81.39	21.02	27.86	83.24	0.0	68.07	73.06	89.63	47.01	46.87	36.36	79.63	56.8	40.11	30.08	18.36
35	61.98	64.44	71.78	67.88	60.11	66.73	79.92	76.9	85.16	8.25	78.92	63.56	71.17	49.65	67.48	53.6	80.05	73.54	75.29	67.18	76.06	36.06	33.14	59.23	54.82	99.86	97.41	92.05	19.7	78.52	117.38	87.21	42.58	80.99	68.07	0.0	104.0	77.67	21.1	41.01	59.64	71.47	69.03	77.94	64.88	61.98
36	58.25	40.22	48.66	36.24	44.05	44.92	34.13	44.18	54.13	100.26	88.28	62.65	52.15	68.54	36.88	62.77	53.04	48.09	49.16	37.01	28.6	72.42	80.45	61.68	49.58	25.55	48.75	81.74	86.21	67.36	13.89	83.55	87.92	43.0	73.06	104.0	0.0	55.0	89.31	63.03	47.41	49.65	35.61	33.54	47.13	58.25
37	71.4	45.97	10.63	42.52	43.42	60.11	62.13	11.7	84.65	78.41	107.65	77.2	72.84	28.16	36.12	24.19	2.83	70.77	7.21	43.19	36.24	42.19	44.92	18.44	37.59	71.47	87.82	109.62	68.03	91.29	67.36	108.47	86.98	12.0	89.63	77.67	55.0	0.0	74.17	48.76	53.41	10.0	34.83	59.08	60.88	71.4
38	41.63	49.09	66.03	53.34	45.65	48.27	61.72	70.26	64.51	13.6	58.69	42.72	50.99	48.76	54.63	50.64	76.06	53.71	70.01	52.48	63.07	33.24	35.85	56.72	43.01	81.69	77.08	71.18	6.71	57.43	102.0	66.48	22.85	74.33	47.01	21.1	89.31	74.17	0.0	28.16	42.52	66.01	56.46	60.14	46.23	41.63
39	31.62	23.6	39.46	26.87	19.1	29.27	41.11	43.05	53.34	37.44	63.89	36.25	38.33	29.0	26.93	28.02	50.22	39.01	43.57	26.17	35.51	17.72	26.31	33.62	14.87	60.42	63.07	70.66	23.71	52.92	76.37	67.74	38.28	47.01	46.87	41.01	63.03	48.76	28.16	0.0	20.62	39.62	28.65	38.63	28.07	31.62
40	18.03	9.06	42.8	14.04	10.0	9.06	20.62	43.91	34.79	54.56	54.38	23.85	20.59	43.66	18.97	40.25	53.82	19.92	46.62	13.04	25.02	37.0	46.01	44.1	17.49	40.31	43.05	56.73	40.46	38.29	59.64	55.17	41.59	46.96	36.36	59.64	47.41	53.41	42.52	20.62	0.0	43.42	20.88	18.36	8.54	18.03
41	61.4	36.07	1.0	32.8	33.42	50.21	52.84	6.4	75.0	71.39	97.65	67.2	62.94	23.6	26.4	18.36	10.77	60.96	4.0	33.42	27.51	35.44	39.82	14.14	27.73	63.56	78.71	99.7	60.13	81.34	62.82	98.49	77.62	10.0	79.63	71.47	49.65	10.0	66.01	39.62	43.42	0.0	25.24	49.74	50.93	61.4
42	38.48	12.08	24.41	7.81	12.0	25.81	27.73	24.08	49.82	66.04	74.71	44.28	38.42	35.36	2.0	30.07	34.66	36.07	27.66	8.6	7.07	36.89	45.18	31.26	14.21	41.0	53.71	75.17	52.35	57.01	49.41	74.4	61.01	26.63	56.8	69.03	35.61	34.83	56.46	28.65	20.88	25.24	0.0	24.6	26.93	38.48
43	24.74	17.0	48.88	17.72	22.02	12.21	3.16	47.8	26.25	72.62	56.52	29.15	19.1	57.31	23.77	52.77	58.6	15.3	51.87	17.46	23.35	53.76	62.8	55.08	31.0	21.95	29.15	53.34	58.6	36.4	43.86	53.71	55.04	49.58	40.11	77.94	33.54	59.08	60.14	38.63	18.36	49.74	24.6	0.0	14.42	24.74
44	12.17	15.0	50.25	19.24	17.8	2.24	15.56	50.8	26.25	59.08	47.85	17.72	12.21	52.2	25.24	48.75	61.07	11.4	53.91	18.36	29.41	45.1	54.04	52.48	25.94	35.47	35.01	48.8	45.28	30.41	58.14	47.63	40.85	53.54	30.08	64.88	47.13	60.88	46.23	28.07	8.54	50.93	26.93	14.42	0.0	12.17
;
