set K:= 1	2	3	4	5	6;
set C_H:= 1	2	3	4	5	6	7	8	9	10	11	12	13	14;
set C_S:= 15	16	17	18	19	20	21	22	23	24	25	26;
set C_F:= 27	28	29	30	31	32	33	34	35	36	37	38;
set M:= 39	40;
set L_B:= 41	42	43	44	45	46	47	48	49	50;
set A1:=
(0,*) 1 2 3 4 5 6 7 8 9 10 11 12 13 14 27 28 29 30 31 32 33 34 35 36 37 38 39 40 41 42 43 44 45 46 47 48 49 50
(1,*) 0 2 3 4 5 6 7 8 9 10 11 12 13 14 27 28 29 30 31 32 33 34 35 36 37 38 39 40 41 42 43 44 45 46 47 48 49 50
(2,*) 0 1 3 4 5 6 7 8 9 10 11 12 13 14 27 28 29 30 31 32 33 34 35 36 37 38 39 40 41 42 43 44 45 46 47 48 49 50
(3,*) 0 1 2 4 5 6 7 8 9 10 11 12 13 14 27 28 29 30 31 32 33 34 35 36 37 38 39 40 41 42 43 44 45 46 47 48 49 50
(4,*) 0 1 2 3 5 6 7 8 9 10 11 12 13 14 27 28 29 30 31 32 33 34 35 36 37 38 39 40 41 42 43 44 45 46 47 48 49 50
(5,*) 0 1 2 3 4 6 7 8 9 10 11 12 13 14 27 28 29 30 31 32 33 34 35 36 37 38 39 40 41 42 43 44 45 46 47 48 49 50
(6,*) 0 1 2 3 4 5 7 8 9 10 11 12 13 14 27 28 29 30 31 32 33 34 35 36 37 38 39 40 41 42 43 44 45 46 47 48 49 50
(7,*) 0 1 2 3 4 5 6 8 9 10 11 12 13 14 27 28 29 30 31 32 33 34 35 36 37 38 39 40 41 42 43 44 45 46 47 48 49 50
(8,*) 0 1 2 3 4 5 6 7 9 10 11 12 13 14 27 28 29 30 31 32 33 34 35 36 37 38 39 40 41 42 43 44 45 46 47 48 49 50
(9,*) 0 1 2 3 4 5 6 7 8 10 11 12 13 14 27 28 29 30 31 32 33 34 35 36 37 38 39 40 41 42 43 44 45 46 47 48 49 50
(10,*) 0 1 2 3 4 5 6 7 8 9 11 12 13 14 27 28 29 30 31 32 33 34 35 36 37 38 39 40 41 42 43 44 45 46 47 48 49 50
(11,*) 0 1 2 3 4 5 6 7 8 9 10 12 13 14 27 28 29 30 31 32 33 34 35 36 37 38 39 40 41 42 43 44 45 46 47 48 49 50
(12,*) 0 1 2 3 4 5 6 7 8 9 10 11 13 14 27 28 29 30 31 32 33 34 35 36 37 38 39 40 41 42 43 44 45 46 47 48 49 50
(13,*) 0 1 2 3 4 5 6 7 8 9 10 11 12 14 27 28 29 30 31 32 33 34 35 36 37 38 39 40 41 42 43 44 45 46 47 48 49 50
(14,*) 0 1 2 3 4 5 6 7 8 9 10 11 12 13 27 28 29 30 31 32 33 34 35 36 37 38 39 40 41 42 43 44 45 46 47 48 49 50
(27,*) 0 1 2 3 4 5 6 7 8 9 10 11 12 13 14 28 29 30 31 32 33 34 35 36 37 38 39 40 41 42 43 44 45 46 47 48 49 50
(28,*) 0 1 2 3 4 5 6 7 8 9 10 11 12 13 14 27 29 30 31 32 33 34 35 36 37 38 39 40 41 42 43 44 45 46 47 48 49 50
(29,*) 0 1 2 3 4 5 6 7 8 9 10 11 12 13 14 27 28 30 31 32 33 34 35 36 37 38 39 40 41 42 43 44 45 46 47 48 49 50
(30,*) 0 1 2 3 4 5 6 7 8 9 10 11 12 13 14 27 28 29 31 32 33 34 35 36 37 38 39 40 41 42 43 44 45 46 47 48 49 50
(31,*) 0 1 2 3 4 5 6 7 8 9 10 11 12 13 14 27 28 29 30 32 33 34 35 36 37 38 39 40 41 42 43 44 45 46 47 48 49 50
(32,*) 0 1 2 3 4 5 6 7 8 9 10 11 12 13 14 27 28 29 30 31 33 34 35 36 37 38 39 40 41 42 43 44 45 46 47 48 49 50
(33,*) 0 1 2 3 4 5 6 7 8 9 10 11 12 13 14 27 28 29 30 31 32 34 35 36 37 38 39 40 41 42 43 44 45 46 47 48 49 50
(34,*) 0 1 2 3 4 5 6 7 8 9 10 11 12 13 14 27 28 29 30 31 32 33 35 36 37 38 39 40 41 42 43 44 45 46 47 48 49 50
(35,*) 0 1 2 3 4 5 6 7 8 9 10 11 12 13 14 27 28 29 30 31 32 33 34 36 37 38 39 40 41 42 43 44 45 46 47 48 49 50
(36,*) 0 1 2 3 4 5 6 7 8 9 10 11 12 13 14 27 28 29 30 31 32 33 34 35 37 38 39 40 41 42 43 44 45 46 47 48 49 50
(37,*) 0 1 2 3 4 5 6 7 8 9 10 11 12 13 14 27 28 29 30 31 32 33 34 35 36 38 39 40 41 42 43 44 45 46 47 48 49 50
(38,*) 0 1 2 3 4 5 6 7 8 9 10 11 12 13 14 27 28 29 30 31 32 33 34 35 36 37 39 40 41 42 43 44 45 46 47 48 49 50
(39,*) 0 1 2 3 4 5 6 7 8 9 10 11 12 13 14 27 28 29 30 31 32 33 34 35 36 37 38 41 42 43 44 45 46 47 48 49 50
(40,*) 0 1 2 3 4 5 6 7 8 9 10 11 12 13 14 27 28 29 30 31 32 33 34 35 36 37 38 41 42 43 44 45 46 47 48 49 50
(41,*) 0 1 2 3 4 5 6 7 8 9 10 11 12 13 14 27 28 29 30 31 32 33 34 35 36 37 38 39 40 42 43 44 45 46 47 48 49 50
(42,*) 0 1 2 3 4 5 6 7 8 9 10 11 12 13 14 27 28 29 30 31 32 33 34 35 36 37 38 39 40 41 43 44 45 46 47 48 49 50
(43,*) 0 1 2 3 4 5 6 7 8 9 10 11 12 13 14 27 28 29 30 31 32 33 34 35 36 37 38 39 40 41 42 44 45 46 47 48 49 50
(44,*) 0 1 2 3 4 5 6 7 8 9 10 11 12 13 14 27 28 29 30 31 32 33 34 35 36 37 38 39 40 41 42 43 45 46 47 48 49 50
(45,*) 0 1 2 3 4 5 6 7 8 9 10 11 12 13 14 27 28 29 30 31 32 33 34 35 36 37 38 39 40 41 42 43 44 46 47 48 49 50
(46,*) 0 1 2 3 4 5 6 7 8 9 10 11 12 13 14 27 28 29 30 31 32 33 34 35 36 37 38 39 40 41 42 43 44 45 47 48 49 50
(47,*) 0 1 2 3 4 5 6 7 8 9 10 11 12 13 14 27 28 29 30 31 32 33 34 35 36 37 38 39 40 41 42 43 44 45 46 48 49 50
(48,*) 0 1 2 3 4 5 6 7 8 9 10 11 12 13 14 27 28 29 30 31 32 33 34 35 36 37 38 39 40 41 42 43 44 45 46 47 49 50
(49,*) 0 1 2 3 4 5 6 7 8 9 10 11 12 13 14 27 28 29 30 31 32 33 34 35 36 37 38 39 40 41 42 43 44 45 46 47 48 50
(50,*) 0 1 2 3 4 5 6 7 8 9 10 11 12 13 14 27 28 29 30 31 32 33 34 35 36 37 38 39 40 41 42 43 44 45 46 47 48 49
;
set A2:=
(39,*) 40
(40,*) 39
;
param BigM:=99999;
param n:= 6;
param d:=
1	18
2	16
3	22
4	24
5	19
6	6
7	4
8	23
9	11
10	1
11	22
12	9
13	15
14	2
15	3
16	6
17	6
18	12
19	16
20	7
21	16
22	23
23	22
24	5
25	3
26	10
27	18
28	72
29	7
30	11
31	16
32	15
33	7
34	22
35	10
36	11
37	9
38	7
;
param Q:=100;
param w:=
[39,*] 40 0.5
[40,*] 39 0.5
;
param V:=
[39,*] 40 98
[40,*] 39 98
;
param e:
	39	40	41	42	43	44	45	46	47	48	49	50:=
15	0	0	0	0	1	0	0	0	0	0	0	0	
16	1	0	0	0	0	0	0	0	0	0	0	0	
17	0	1	0	0	0	0	0	0	0	0	0	0	
18	1	0	0	0	0	0	0	0	0	0	0	0	
19	0	0	0	0	1	0	0	0	0	0	0	0	
20	0	1	0	0	0	0	0	0	0	0	0	0	
21	0	1	0	0	0	0	0	0	0	0	0	0	
22	0	0	1	0	0	0	0	0	0	0	0	0	
23	1	0	0	0	0	0	0	0	0	0	0	0	
24	0	0	0	0	1	0	0	0	0	0	0	0	
25	1	0	0	0	0	0	0	0	0	0	0	0	
26	0	1	0	0	0	0	0	0	0	0	0	0	
27	0	0	0	0	1	0	0	0	0	0	0	0	
28	0	1	1	1	1	1	0	0	0	0	0	0	
29	0	0	1	1	1	1	0	0	0	0	0	0	
30	1	0	0	0	0	0	0	0	0	0	0	0	
31	0	1	0	0	0	0	0	0	0	0	0	0	
32	0	0	0	0	1	0	0	0	0	0	0	0	
33	1	0	0	0	0	0	0	0	0	0	0	0	
34	0	1	0	0	0	0	0	0	0	0	0	0	
35	0	1	0	0	0	0	0	0	0	0	0	0	
36	1	0	1	0	0	1	0	0	0	0	0	0	
37	1	0	0	0	0	0	0	0	0	0	0	0	
38	0	1	0	0	0	0	0	0	0	0	0	0	
;
param p:=
1	3
2	3
3	3
4	3
5	3
6	3
;
param G:=
39	98
40	92
41	94
42	100
43	81
44	70
45	93
46	74
47	88
48	85
49	80
50	86
;
param s:=
0	0
1	15
2	15
3	15
4	15
5	15
6	15
7	15
8	15
9	15
10	15
11	15
12	15
13	15
14	15
27	15
28	15
29	15
30	15
31	15
32	15
33	15
34	15
35	15
36	15
37	15
38	15
39	10
40	10
41	10
42	10
43	10
44	10
45	10
46	10
47	10
48	10
49	10
50	10
;
param t:
	0	1	2	3	4	5	6	7	8	9	10	11	12	13	14	15	16	17	18	19	20	21	22	23	24	25	26	27	28	29	30	31	32	33	34	35	36	37	38	39	40	41	42	43	44	45	46	47	48	49	50:=
0	0.0	40.0	60.03	18.44	77.79	30.07	57.72	54.33	72.69	45.12	48.17	8.94	18.44	42.76	38.83	15.23	56.92	42.05	67.2	42.05	56.32	8.25	87.13	52.84	32.31	64.9	46.69	24.41	12.17	28.84	61.77	80.52	10.2	60.83	26.68	49.4	45.25	74.24	85.09	54.45	71.06	73.74	14.56	78.77	33.38	56.73	30.46	36.67	23.19	16.64	29.61
1	40.0	0.0	71.02	55.32	75.71	10.2	61.74	15.23	78.0	10.77	8.94	48.17	40.25	8.25	75.29	48.08	58.31	80.05	54.0	80.05	77.79	42.76	74.24	26.68	71.02	38.63	79.62	24.41	39.85	33.94	33.11	98.41	39.29	42.19	66.27	78.23	32.98	81.44	107.52	15.65	89.5	70.41	54.15	69.03	8.6	43.1	59.06	48.84	43.57	27.51	44.69
2	60.03	71.02	0.0	50.6	26.08	68.03	12.65	84.02	14.42	65.3	72.47	56.89	42.05	78.89	50.99	74.43	17.09	87.66	38.47	58.0	18.97	52.15	46.17	55.61	78.79	57.27	42.8	76.16	48.0	38.63	60.03	28.43	70.0	45.69	71.69	33.29	41.04	14.56	40.25	84.81	21.02	25.63	65.97	37.11	72.01	38.91	34.93	24.52	37.01	52.39	31.26
3	18.44	55.32	50.6	0.0	72.72	46.17	52.15	70.34	64.62	58.03	62.51	10.0	18.97	59.46	20.59	27.2	52.8	38.42	68.41	24.74	42.05	12.65	86.28	61.61	28.84	72.11	28.43	42.8	16.0	32.31	70.34	66.27	27.2	65.3	21.63	32.31	50.16	65.15	68.96	70.6	57.08	69.63	16.0	77.16	49.98	59.68	16.12	31.89	20.25	28.16	26.25
4	77.79	75.71	26.08	72.72	0.0	76.24	20.59	85.44	14.14	67.05	74.0	76.97	59.46	83.95	76.42	92.97	20.88	110.94	25.61	83.55	44.72	70.94	22.0	52.8	101.55	48.41	68.82	88.09	65.79	50.64	53.25	44.18	86.83	37.74	94.34	59.36	42.76	18.0	58.14	86.38	41.3	5.39	86.76	14.87	79.51	33.62	58.41	41.63	55.15	65.76	48.47
5	30.07	10.2	68.03	46.17	76.24	0.0	60.17	24.33	76.66	18.44	18.97	38.47	32.8	13.42	66.48	37.95	57.27	69.86	56.89	70.88	72.47	33.53	77.67	32.25	60.83	44.94	71.69	15.62	31.3	29.53	40.0	94.34	29.12	46.17	56.14	71.22	34.06	79.7	102.45	24.52	85.15	71.11	44.05	71.45	4.24	45.54	51.61	44.42	36.8	19.42	39.2
6	57.72	61.74	12.65	52.15	20.59	60.17	0.0	73.78	16.49	54.92	62.13	56.46	39.29	69.86	57.2	72.8	4.47	90.44	26.08	64.4	30.07	50.6	36.72	43.86	80.99	44.72	50.99	70.26	45.61	32.06	47.71	40.5	67.08	33.11	73.78	42.38	30.0	19.7	52.8	74.63	33.62	17.69	66.21	27.29	63.89	26.42	38.21	21.19	34.79	47.0	28.16
7	54.33	15.23	84.02	70.34	85.44	24.33	73.78	0.0	89.55	18.87	11.66	62.8	55.46	12.17	90.44	60.53	69.97	92.78	61.61	95.08	92.2	57.72	80.4	32.98	84.21	42.0	94.85	34.93	55.03	48.41	36.0	111.95	52.15	49.03	80.0	93.3	43.91	93.3	121.66	1.0	103.28	80.06	68.03	76.69	21.02	51.87	74.24	63.03	58.67	42.72	59.41
8	72.69	78.0	14.42	64.62	14.14	76.66	16.49	89.55	0.0	70.71	77.9	70.34	54.33	86.16	65.3	87.48	19.7	102.0	34.99	72.25	31.62	65.12	36.06	58.41	93.04	56.85	56.64	86.58	60.53	48.37	60.83	30.59	82.39	45.34	85.91	46.86	45.65	4.47	44.41	90.43	27.17	16.28	79.7	28.16	80.36	39.62	49.19	36.12	49.5	63.13	43.19
9	45.12	10.77	65.3	58.03	67.05	18.44	54.92	18.87	70.71	0.0	7.21	52.35	40.79	18.11	76.94	55.46	51.11	86.65	44.18	82.39	74.4	46.04	64.03	16.12	77.2	27.86	79.7	33.94	42.05	31.3	22.36	93.38	46.52	32.0	71.81	76.97	25.06	74.43	103.48	19.72	84.86	61.68	59.67	59.3	18.6	33.73	58.82	45.22	43.01	30.02	42.49
10	48.17	8.94	72.47	62.51	74.0	18.97	62.13	11.66	77.9	7.21	0.0	56.0	46.17	13.42	82.0	56.92	58.31	88.77	50.64	87.13	81.22	50.16	70.03	22.09	79.62	32.56	85.44	33.29	46.69	37.74	26.68	100.5	48.08	38.21	74.67	83.19	32.25	81.63	110.45	12.53	91.92	68.62	62.51	65.76	17.49	40.52	64.62	52.01	48.85	34.37	48.88
11	8.94	48.17	56.89	10.0	76.97	38.47	56.46	62.8	70.34	52.35	56.0	0.0	18.44	51.42	30.0	18.11	56.36	37.2	69.31	33.11	50.64	7.21	88.41	58.31	27.2	69.77	38.42	33.29	12.81	31.24	67.23	74.97	17.2	64.4	20.59	42.05	48.83	71.39	78.43	62.97	65.62	73.36	10.0	79.63	41.98	59.55	24.33	35.34	21.95	22.56	28.65
12	18.44	40.25	42.05	18.97	59.46	32.8	39.29	55.46	54.33	40.79	46.17	18.44	0.0	46.04	36.22	33.53	38.63	55.32	50.91	42.0	41.18	11.66	70.0	42.76	45.34	53.14	39.4	35.78	6.32	13.42	51.42	64.62	28.07	46.65	38.42	38.42	31.3	56.04	71.02	55.9	55.15	55.54	28.43	61.29	37.01	41.4	18.87	18.25	5.1	13.45	11.18
13	42.76	8.25	78.89	59.46	83.95	13.42	69.86	12.17	86.16	18.11	13.42	51.42	46.04	0.0	79.85	48.37	66.48	80.62	62.03	84.12	84.9	46.82	82.1	34.23	72.11	45.61	85.09	22.8	44.72	41.23	39.85	106.02	40.05	50.04	68.03	84.4	41.23	89.55	114.77	12.04	97.01	78.64	56.14	77.1	9.49	51.24	64.9	56.22	49.82	32.76	51.62
14	38.83	75.29	50.99	20.59	76.42	66.48	57.2	90.44	65.3	76.94	82.0	30.0	36.22	79.85	0.0	44.41	59.36	40.45	78.79	7.21	35.78	33.11	93.74	78.1	34.06	87.13	12.0	63.25	35.44	48.04	86.37	57.27	46.69	78.59	28.64	20.88	64.78	64.4	56.04	90.76	49.34	74.65	31.62	84.31	70.38	72.12	20.88	41.44	35.01	47.8	38.64
15	15.23	48.08	74.43	27.2	92.97	37.95	72.8	60.53	87.48	55.46	56.92	18.11	33.53	48.37	44.41	0.0	72.11	32.25	82.1	45.25	68.73	22.36	102.22	65.6	24.08	78.1	54.59	26.0	27.2	43.91	74.4	93.06	8.94	75.07	21.54	59.46	59.67	88.81	96.17	60.41	83.73	88.96	12.81	93.94	40.02	71.4	42.43	51.66	38.08	30.48	44.64
16	56.92	58.31	17.09	52.8	20.88	57.27	4.47	69.97	19.7	51.11	58.31	56.36	38.63	66.48	59.36	72.11	0.0	91.21	22.0	66.57	34.0	50.16	34.41	39.6	81.61	40.25	53.85	68.03	44.94	30.07	43.27	44.94	65.97	28.64	74.4	45.61	26.08	23.32	57.27	70.83	38.08	17.0	66.24	25.0	60.88	21.95	39.7	21.1	34.44	45.18	27.73
17	42.05	80.05	87.66	38.42	110.94	69.86	90.44	92.78	102.0	86.65	88.77	37.2	55.32	80.62	40.45	32.25	91.21	0.0	106.15	36.0	75.29	44.41	124.58	94.83	10.0	106.68	52.35	58.14	50.0	68.41	103.77	97.67	40.79	101.61	16.97	61.19	86.02	101.98	96.08	92.66	89.5	108.0	27.78	115.52	72.18	96.67	52.84	70.29	57.98	58.59	64.38
18	67.2	54.0	38.47	68.41	25.61	56.89	26.08	61.61	34.99	44.18	50.64	69.31	50.91	62.03	78.79	82.1	22.0	106.15	0.0	85.91	56.0	62.29	20.88	28.64	96.21	22.8	74.73	70.88	56.64	38.42	27.78	64.62	74.43	12.65	89.2	67.08	23.41	39.45	77.79	62.59	58.94	20.52	79.25	15.13	59.41	11.4	58.14	37.59	48.27	51.97	42.2
19	42.05	80.05	58.0	24.74	83.55	70.88	64.4	95.08	72.25	82.39	87.13	33.11	42.0	84.12	7.21	45.25	66.57	36.0	85.91	0.0	42.19	37.36	100.96	84.38	31.05	93.74	17.09	66.24	40.45	54.33	92.78	62.64	48.83	85.44	26.83	26.83	71.39	71.22	60.13	95.34	55.15	81.84	32.56	91.53	74.63	79.06	27.86	48.47	41.3	52.77	45.35
20	56.32	77.79	18.97	42.05	44.72	72.47	30.07	92.2	31.62	74.4	81.22	50.64	41.18	84.9	35.78	68.73	34.0	75.29	56.0	42.19	0.0	48.08	65.15	68.03	67.47	72.28	25.61	76.94	45.69	43.86	74.0	24.33	66.48	61.19	60.83	15.62	52.8	29.73	30.0	92.85	15.03	44.6	58.03	56.04	76.69	54.13	26.31	29.21	36.36	54.08	33.3
21	8.25	42.76	52.15	12.65	70.94	33.53	50.6	57.72	65.12	46.04	50.16	7.21	11.66	46.82	33.11	22.36	50.16	44.41	62.29	37.36	48.08	0.0	81.61	51.26	34.41	62.61	39.7	31.11	5.66	24.08	60.17	72.28	18.44	57.2	27.78	41.62	41.62	66.48	76.97	57.97	62.82	67.12	16.97	72.95	37.34	52.4	22.36	29.41	15.81	16.03	22.47
22	87.13	74.24	46.17	86.28	22.0	77.67	36.72	80.4	36.06	64.03	70.03	88.41	70.0	82.1	93.74	102.22	34.41	124.58	20.88	100.96	65.15	81.61	0.0	48.0	114.77	38.83	87.66	91.76	76.03	58.31	44.72	66.12	94.83	32.06	107.63	78.79	44.27	40.0	80.1	81.39	63.2	20.62	98.41	9.43	80.06	32.28	74.03	54.45	66.71	72.45	60.21
23	52.84	26.68	55.61	61.61	52.8	32.25	43.86	32.98	58.41	16.12	22.09	58.31	42.76	34.23	78.1	65.6	39.6	94.83	28.64	84.38	68.03	51.26	48.0	0.0	84.97	12.81	78.41	47.71	46.17	30.07	8.94	84.02	56.85	16.12	78.79	73.76	15.23	62.48	95.41	33.96	76.28	47.42	67.08	43.74	33.62	19.24	58.03	40.26	43.1	36.24	40.11
24	32.31	71.02	78.79	28.84	101.55	60.83	80.99	84.21	93.04	77.2	79.62	27.2	45.34	72.11	34.06	24.08	81.61	10.0	96.21	31.05	67.47	34.41	114.77	84.97	0.0	96.75	46.04	50.04	40.0	58.41	93.91	90.55	32.06	91.61	7.21	54.15	76.03	93.23	90.09	84.15	82.04	98.47	17.89	105.76	63.39	86.68	43.86	60.61	48.1	48.75	54.56
25	64.9	38.63	57.27	72.11	48.41	44.94	44.72	42.0	56.85	27.86	32.56	69.77	53.14	45.61	87.13	78.1	40.25	106.68	22.8	93.74	72.28	62.61	38.83	12.81	96.75	0.0	86.02	60.46	57.27	39.85	6.0	85.09	69.43	11.66	90.35	80.22	22.36	61.22	97.51	43.0	78.29	43.28	78.89	36.67	46.07	18.38	66.48	47.0	52.63	48.26	48.51
26	46.69	79.62	42.8	28.43	68.82	71.69	50.99	94.85	56.64	79.7	85.44	38.42	39.4	85.09	12.0	54.59	53.85	52.35	74.73	17.09	25.61	39.7	87.66	78.41	46.04	86.02	0.0	70.77	40.5	49.03	86.09	45.61	55.61	76.42	40.45	10.0	64.03	55.17	44.05	95.27	38.08	67.74	42.05	78.26	75.8	69.58	20.88	39.05	36.69	52.35	38.33
27	24.41	24.41	76.16	42.8	88.09	15.62	70.26	34.93	86.58	33.94	33.29	33.29	35.78	22.8	63.25	26.0	68.03	58.14	70.88	66.24	76.94	31.11	91.76	47.71	50.04	60.46	70.77	0.0	31.62	38.21	55.61	100.32	18.44	60.93	46.69	72.47	47.54	89.11	106.68	34.71	90.87	83.22	35.44	84.93	15.81	59.48	52.8	51.66	40.72	23.77	45.22
28	12.17	39.85	48.0	16.0	65.79	31.3	45.61	55.03	60.53	42.05	46.69	12.81	6.32	44.72	35.44	27.2	44.94	50.0	56.64	40.45	45.69	5.66	76.03	46.17	40.0	57.27	40.5	31.62	0.0	18.44	55.03	69.57	22.0	51.61	33.29	41.04	36.06	62.13	75.18	55.36	60.08	61.85	22.63	67.42	35.36	46.75	21.26	24.52	11.05	12.37	17.46
29	28.84	33.94	38.63	32.31	50.64	29.53	32.06	48.41	48.37	31.3	37.74	31.24	13.42	41.23	48.04	43.91	30.07	68.41	38.42	54.33	43.86	24.08	58.31	30.07	58.41	39.85	49.03	38.21	18.44	0.0	38.47	64.9	36.77	33.29	51.61	45.69	17.89	50.99	73.59	49.04	55.8	46.1	41.04	50.09	33.62	28.32	28.28	15.0	13.04	15.13	11.18
30	61.77	33.11	60.03	70.34	53.25	40.0	47.71	36.0	60.83	22.36	26.68	67.23	51.42	39.85	86.37	74.4	43.27	103.77	27.78	92.78	74.0	60.17	44.72	8.94	93.91	6.0	86.09	55.61	55.03	38.47	0.0	88.2	65.6	15.62	87.73	80.89	22.09	65.12	100.24	37.0	81.01	48.01	76.03	42.15	40.82	21.4	66.03	47.38	51.48	45.18	48.01
31	80.52	98.41	28.43	66.27	44.18	94.34	40.5	111.95	30.59	93.38	100.5	74.97	64.62	106.02	57.27	93.06	44.94	97.67	64.62	62.64	24.33	72.28	66.12	84.02	90.55	85.09	45.61	100.32	69.57	64.9	88.2	0.0	90.71	73.43	84.21	36.5	69.43	26.31	14.0	112.7	9.49	46.87	82.22	58.69	98.48	66.89	50.64	49.93	59.62	76.92	55.47
32	10.2	39.29	70.0	27.2	86.83	29.12	67.08	52.15	82.39	46.52	48.08	17.2	28.07	40.05	46.69	8.94	65.97	40.79	74.43	48.83	66.48	18.44	94.83	56.85	32.06	69.43	55.61	18.44	22.0	36.77	65.6	90.71	0.0	66.84	28.28	59.06	51.61	84.1	95.08	52.09	81.25	82.57	17.09	86.82	31.4	63.51	40.5	46.27	33.02	22.47	39.2
33	60.83	42.19	45.69	65.3	37.74	46.17	33.11	49.03	45.34	32.0	38.21	64.4	46.65	50.04	78.59	75.07	28.64	101.61	12.65	85.44	61.19	57.2	32.06	16.12	91.61	11.66	76.42	60.93	51.61	33.29	15.62	73.43	66.84	0.0	84.88	70.0	15.62	49.68	85.91	50.01	66.71	32.45	74.03	27.66	48.27	7.07	57.72	37.48	45.19	44.6	40.16
34	26.68	66.27	71.69	21.63	94.34	56.14	73.78	80.0	85.91	71.81	74.67	20.59	38.42	68.03	28.64	21.54	74.4	16.97	89.2	26.83	60.83	27.78	107.63	78.79	7.21	90.35	40.45	46.69	33.29	51.61	87.73	84.21	28.28	84.88	0.0	48.0	69.34	86.16	84.38	80.01	75.54	91.26	12.17	98.6	59.01	79.81	36.77	53.41	41.01	42.72	47.42
35	49.4	78.23	33.29	32.31	59.36	71.22	42.38	93.3	46.86	76.97	83.19	42.05	38.42	84.4	20.88	59.46	45.61	61.19	67.08	26.83	15.62	41.62	78.79	73.76	54.15	80.22	10.0	72.47	41.04	45.69	80.89	36.5	59.06	70.0	48.0	0.0	58.86	45.25	36.88	93.81	28.46	58.59	47.54	69.46	75.43	63.01	19.8	33.54	34.67	51.86	34.54
36	45.25	32.98	41.04	50.16	42.76	34.06	30.0	43.91	45.65	25.06	32.25	48.83	31.3	41.23	64.78	59.67	26.08	86.02	23.41	71.39	52.8	41.62	44.27	15.23	76.03	22.36	64.03	47.54	36.06	17.89	22.09	69.43	51.61	15.62	69.34	58.86	0.0	49.4	80.45	44.78	61.4	37.48	58.41	37.48	37.01	12.08	44.18	25.32	30.36	29.21	26.17
37	74.24	81.44	14.56	65.15	18.0	79.7	19.7	93.3	4.47	74.43	81.63	71.39	56.04	89.55	64.4	88.81	23.32	101.98	39.45	71.22	29.73	66.48	40.0	62.48	93.23	61.22	55.17	89.11	62.13	50.99	65.12	26.31	84.1	49.68	86.16	45.25	49.4	0.0	40.2	94.15	23.54	20.62	80.52	32.39	83.49	43.84	49.4	38.01	51.09	65.49	45.0
38	85.09	107.52	40.25	68.96	58.14	102.45	52.8	121.66	44.41	103.48	110.45	78.43	71.02	114.77	56.04	96.17	57.27	96.08	77.79	60.13	30.0	76.97	80.1	95.41	90.09	97.51	44.05	106.68	75.18	73.59	100.24	14.0	95.08	85.91	84.38	36.88	80.45	40.2	0.0	122.35	19.24	60.67	84.4	72.56	106.67	79.16	54.63	58.69	66.29	84.05	63.25
39	54.45	15.65	84.81	70.6	86.38	24.52	74.63	1.0	90.43	19.72	12.53	62.97	55.9	12.04	90.76	60.41	70.83	92.66	62.59	95.34	92.85	57.97	81.39	33.96	84.15	43.0	95.27	34.71	55.36	49.04	37.0	112.7	52.09	50.01	80.01	93.81	44.78	94.15	122.35	0.0	104.0	80.99	68.07	77.67	21.1	52.81	74.71	63.7	59.17	43.08	60.0
40	71.06	89.5	21.02	57.08	41.3	85.15	33.62	103.28	27.17	84.86	91.92	65.62	55.15	97.01	49.34	83.73	38.08	89.5	58.94	55.15	15.03	62.82	63.2	76.28	82.04	78.29	38.08	90.87	60.08	55.8	81.01	9.49	81.25	66.71	75.54	28.46	61.4	23.54	19.24	104.0	0.0	43.0	73.06	55.0	89.31	59.93	41.3	40.8	50.16	67.54	46.14
41	73.74	70.41	25.63	69.63	5.39	71.11	17.69	80.06	16.28	61.68	68.62	73.36	55.54	78.64	74.65	88.96	17.0	108.0	20.52	81.84	44.6	67.12	20.62	47.42	98.47	43.28	67.74	83.22	61.85	46.1	48.01	46.87	82.57	32.45	91.26	58.59	37.48	20.62	60.67	80.99	43.0	0.0	83.24	12.0	74.33	28.23	55.9	38.08	51.43	61.19	44.72
42	14.56	54.15	65.97	16.0	86.76	44.05	66.21	68.03	79.7	59.67	62.51	10.0	28.43	56.14	31.62	12.81	66.24	27.78	79.25	32.56	58.03	16.97	98.41	67.08	17.89	78.89	42.05	35.44	22.63	41.04	76.03	82.22	17.09	74.03	12.17	47.54	58.41	80.52	84.4	68.07	73.06	83.24	0.0	89.63	47.01	69.35	32.06	45.18	31.91	30.87	38.59
43	78.77	69.03	37.11	77.16	14.87	71.45	27.29	76.69	28.16	59.3	65.76	79.63	61.29	77.1	84.31	93.94	25.0	115.52	15.13	91.53	56.04	72.95	9.43	43.74	105.76	36.67	78.26	84.93	67.42	50.09	42.15	58.69	86.82	27.66	98.6	69.46	37.48	32.39	72.56	77.67	55.0	12.0	89.63	0.0	74.17	26.02	64.66	45.28	57.8	64.62	51.22
44	33.38	8.6	72.01	49.98	79.51	4.24	63.89	21.02	80.36	18.6	17.49	41.98	37.01	9.49	70.38	40.02	60.88	72.18	59.41	74.63	76.69	37.34	80.06	33.62	63.39	46.07	75.8	15.81	35.36	33.62	40.82	98.48	31.4	48.27	59.01	75.43	37.01	83.49	106.67	21.1	89.31	74.33	47.01	74.17	0.0	48.17	55.8	48.55	41.04	23.6	43.42
45	56.73	43.1	38.91	59.68	33.62	45.54	26.42	51.87	39.62	33.73	40.52	59.55	41.4	51.24	72.12	71.4	21.95	96.67	11.4	79.06	54.13	52.4	32.28	19.24	86.68	18.38	69.58	59.48	46.75	28.32	21.4	66.89	63.51	7.07	79.81	63.01	12.08	43.84	79.16	52.81	59.93	28.23	69.35	26.02	48.17	0.0	51.24	30.81	39.45	41.05	34.01
46	30.46	59.06	34.93	16.12	58.41	51.61	38.21	74.24	49.19	58.82	64.62	24.33	18.87	64.9	20.88	42.43	39.7	52.84	58.14	27.86	26.31	22.36	74.03	58.03	43.86	66.48	20.88	52.8	21.26	28.28	66.03	50.64	40.5	57.72	36.77	19.8	44.18	49.4	54.63	74.71	41.3	55.9	32.06	64.66	55.8	51.24	0.0	20.62	15.81	32.2	18.03
47	36.67	48.84	24.52	31.89	41.63	44.42	21.19	63.03	36.12	45.22	52.01	35.34	18.25	56.22	41.44	51.66	21.1	70.29	37.59	48.47	29.21	29.41	54.45	40.26	60.61	47.0	39.05	51.66	24.52	15.0	47.38	49.93	46.27	37.48	53.41	33.54	25.32	38.01	58.69	63.7	40.8	38.08	45.18	45.28	48.55	30.81	20.62	0.0	13.6	27.89	7.07
48	23.19	43.57	37.01	20.25	55.15	36.8	34.79	58.67	49.5	43.01	48.85	21.95	5.1	49.82	35.01	38.08	34.44	57.98	48.27	41.3	36.36	15.81	66.71	43.1	48.1	52.63	36.69	40.72	11.05	13.04	51.48	59.62	33.02	45.19	41.01	34.67	30.36	51.09	66.29	59.17	50.16	51.43	31.91	57.8	41.04	39.45	15.81	13.6	0.0	17.8	6.71
49	16.64	27.51	52.39	28.16	65.76	19.42	47.0	42.72	63.13	30.02	34.37	22.56	13.45	32.76	47.8	30.48	45.18	58.59	51.97	52.77	54.08	16.03	72.45	36.24	48.75	48.26	52.35	23.77	12.37	15.13	45.18	76.92	22.47	44.6	42.72	51.86	29.21	65.49	84.05	43.08	67.54	61.19	30.87	64.62	23.6	41.05	32.2	27.89	17.8	0.0	21.54
50	29.61	44.69	31.26	26.25	48.47	39.2	28.16	59.41	43.19	42.49	48.88	28.65	11.18	51.62	38.64	44.64	27.73	64.38	42.2	45.35	33.3	22.47	60.21	40.11	54.56	48.51	38.33	45.22	17.46	11.18	48.01	55.47	39.2	40.16	47.42	34.54	26.17	45.0	63.25	60.0	46.14	44.72	38.59	51.22	43.42	34.01	18.03	7.07	6.71	21.54	0.0
;
