vehicles
vehicle_idx, capacity, cost_per_unit_distance
1,100,1
2,100,1
3,100,1
4,100,1
5,100,1
depot
node_idx,x,y
0,15,19
home delivery customers
node_idx,x,y,service_time,demand
1,87,25,15,14
2,69,65,15,15
3,93,91,15,11
4,23,13,15,23
5,65,43,15,14
6,69,1,15,9
7,21,81,15,19
8,19,75,15,15
9,79,47,15,6
10,19,65,15,13
11,29,17,15,13
12,59,51,15,15
13,61,83,15,21
14,15,83,15,12
15,31,87,15,2
self pickup customers
node_idx,x,y,service_time,demand,locker_idxs
16,71,61,15,2,37-40
17,29,9,15,22,36-40
18,55,47,15,18,40
19,19,47,15,12,40
20,57,63,15,21,37
21,5,95,15,2,39
22,3,25,15,10,36
23,41,23,15,20,36-41-40
24,25,65,15,8,39-40
25,21,91,15,11,39
flexible customers
node_idx,x,y,service_time,demand,locker_idxs
26,1,49,15,1,40
27,33,31,15,18,36-40-41
28,93,7,15,7,38
29,19,91,15,4,39
30,67,91,15,2,37
31,15,79,15,11,39-40
32,27,49,15,19,41-40
33,27,95,15,18,39
34,71,41,15,23,38-41-40
35,91,21,15,11,38
lockers
node_idx,x,y,service_time,capacity,cost_per_unit_good
36,7.900000000000001,8.05,30,265,100
37,78.28,87.95,30,265,100
38,78.28,8.05,30,265,100
39,7.900000000000001,87.95,30,265,100
40,37,47,15,66,100
41,61,48,15,66,100
mrt lines
start_node_idx,end_node_idx,freight_capacity,cost_per_unit_good
36,37,265,5
37,36,265,5
38,39,265,5
39,38,265,5
distance matrix
,0,1,2,3,4,5,6,7,8,9,10,11,12,13,14,15,16,17,18,19,20,21,22,23,24,25,26,27,28,29,30,31,32,33,34,35,36,37,38,39,40,41,
0,0.0,72.25,70.94,106.15,10.0,55.46,56.92,62.29,56.14,69.86,46.17,14.14,54.41,78.82,64.0,69.86,70.0,17.2,48.83,28.28,60.83,76.66,13.42,26.31,47.07,72.25,33.11,21.63,78.92,72.11,88.81,60.0,32.31,76.94,60.17,76.03,13.05,93.59,64.22,69.31,35.61,54.38
1,72.25,0.0,43.86,66.27,65.12,28.43,30.0,86.56,84.4,23.41,78.89,58.55,38.21,63.56,92.46,83.55,39.4,60.17,38.83,71.47,48.41,107.81,84.0,46.04,73.78,93.34,89.29,54.33,18.97,94.76,68.96,90.0,64.62,92.2,22.63,5.66,80.9,63.55,19.06,101.09,54.63,34.71
2,70.94,43.86,0.0,35.38,69.43,22.36,64.0,50.6,50.99,20.59,50.0,62.48,17.2,19.7,56.92,43.91,4.47,68.82,22.8,53.14,12.17,70.68,77.18,50.48,44.0,54.59,69.86,49.52,62.77,56.36,26.08,55.79,44.94,51.61,24.08,49.19,83.53,24.76,57.7,65.27,36.72,18.79
3,106.15,66.27,35.38,0.0,104.8,55.57,93.15,72.69,75.71,46.17,78.43,97.84,52.5,32.98,78.41,62.13,37.2,104.02,58.14,86.09,45.61,88.09,111.61,85.6,72.8,72.0,101.13,84.85,84.0,74.0,26.0,78.92,78.23,66.12,54.63,70.03,118.84,15.03,84.25,85.15,71.22,53.6
4,10.0,65.12,69.43,104.8,0.0,51.61,47.54,68.03,62.13,65.51,52.15,7.21,52.35,79.65,70.46,74.43,67.88,7.21,46.69,34.23,60.46,83.95,23.32,20.59,52.04,78.03,42.19,20.59,70.26,78.1,89.55,66.48,36.22,82.1,55.57,68.47,15.89,93.13,55.5,76.46,36.77,51.66
5,55.46,28.43,22.36,55.57,51.61,0.0,42.19,58.14,56.04,14.56,50.99,44.41,10.0,40.2,64.03,55.61,18.97,49.52,10.77,46.17,21.54,79.4,64.56,31.24,45.65,65.12,64.28,34.18,45.61,66.48,48.04,61.61,38.47,64.4,6.32,34.06,66.95,46.87,37.39,72.67,28.28,6.4
6,56.92,30.0,64.0,93.15,47.54,42.19,0.0,93.3,89.31,47.07,81.22,43.08,50.99,82.39,98.18,94.02,60.03,40.79,48.08,67.94,63.15,113.72,70.23,35.61,77.67,102.0,83.23,46.86,24.74,102.96,90.02,94.87,63.78,102.96,40.05,29.73,61.51,87.44,11.65,106.27,56.04,47.68
7,62.29,86.56,50.6,72.69,68.03,58.14,93.3,0.0,6.32,67.23,16.12,64.5,48.41,40.05,6.32,11.66,53.85,72.44,48.08,34.06,40.25,21.26,58.82,61.35,16.49,10.0,37.74,51.42,103.25,10.2,47.07,6.32,32.56,15.23,64.03,92.2,74.12,57.7,92.75,14.83,37.58,51.86
8,56.14,84.4,50.99,75.71,62.13,56.04,89.31,6.32,0.0,66.21,10.0,58.86,46.65,42.76,8.94,16.97,53.85,66.75,45.61,28.0,39.85,24.41,52.5,56.46,11.66,16.12,31.62,46.17,100.5,16.0,50.6,5.66,27.2,21.54,62.13,90.0,67.86,60.68,89.42,17.06,33.29,49.93
9,69.86,23.41,20.59,46.17,65.51,14.56,47.07,67.23,66.21,0.0,62.64,58.31,20.4,40.25,73.43,62.48,16.12,62.8,24.0,60.0,27.2,88.2,79.12,44.94,56.92,72.8,78.03,48.7,42.38,74.4,45.61,71.55,52.04,70.77,10.0,28.64,81.07,40.96,38.96,82.05,42.0,18.03
10,46.17,78.89,50.0,78.43,52.15,50.99,81.22,16.12,10.0,62.64,0.0,49.03,42.38,45.69,18.44,25.06,52.15,56.89,40.25,18.0,38.05,33.11,43.08,47.41,6.0,26.08,24.08,36.77,94.02,26.0,54.59,14.56,17.89,31.05,57.27,84.38,58.02,63.57,82.2,25.49,25.46,45.31
11,14.14,58.55,62.48,97.84,7.21,44.41,43.08,64.5,58.86,58.31,49.03,0.0,45.34,73.35,67.47,70.03,60.83,8.0,39.7,31.62,53.85,81.61,27.2,13.42,48.17,74.43,42.52,14.56,64.78,74.67,83.19,63.56,32.06,78.03,48.37,62.13,22.92,86.39,50.09,74.02,31.05,44.55
12,54.41,38.21,17.2,52.5,52.35,10.0,50.99,48.41,46.65,20.4,42.38,45.34,0.0,32.06,54.41,45.61,15.62,51.61,5.66,40.2,12.17,69.66,61.74,33.29,36.77,55.17,58.03,32.8,55.61,56.57,40.79,52.15,32.06,54.41,15.62,43.86,66.75,41.68,47.08,63.06,22.36,3.61
13,78.82,63.56,19.7,32.98,79.65,40.2,82.39,40.05,42.76,40.25,45.69,73.35,32.06,0.0,46.0,30.27,24.17,80.62,36.5,55.32,20.4,57.27,82.02,63.25,40.25,40.79,68.96,59.06,82.46,42.76,10.0,46.17,48.08,36.06,43.17,68.88,91.85,17.98,76.92,53.33,43.27,35.0
14,64.0,92.46,56.92,78.41,70.46,64.03,98.18,6.32,8.94,73.43,18.44,67.47,54.41,46.0,0.0,16.49,60.17,75.31,53.81,36.22,46.52,15.62,59.23,65.39,20.59,10.0,36.77,55.03,108.9,8.94,52.61,4.0,36.06,16.97,70.0,98.08,75.29,63.47,98.09,8.66,42.19,57.8
15,69.86,83.55,43.91,62.13,74.43,55.61,94.02,11.66,16.97,62.48,25.06,70.03,45.61,30.27,16.49,0.0,47.71,78.03,46.65,41.76,35.38,27.2,68.03,64.78,22.8,10.77,48.41,56.04,101.21,12.65,36.22,17.89,38.21,8.94,60.96,89.2,82.26,47.29,92.02,23.12,40.45,49.2
16,70.0,39.4,4.47,37.2,67.88,18.97,60.03,53.85,53.85,16.12,52.15,60.83,15.62,24.17,60.17,47.71,0.0,66.84,21.26,53.85,14.14,74.24,76.94,48.41,46.17,58.31,71.02,48.41,58.31,60.03,30.27,58.82,45.61,55.61,20.0,44.72,82.37,27.92,53.45,68.61,36.77,16.4
17,17.2,60.17,68.82,104.02,7.21,49.52,40.79,72.44,66.75,62.8,56.89,8.0,51.61,80.62,75.31,78.03,66.84,0.0,46.04,39.29,60.83,89.29,30.53,18.44,56.14,82.39,48.83,22.36,64.03,82.61,90.38,71.39,40.05,86.02,52.8,63.15,21.12,93.07,49.29,81.72,38.83,50.45
18,48.83,38.83,22.8,58.14,46.69,10.77,48.08,48.08,45.61,24.0,40.25,39.7,5.66,36.5,53.81,46.65,21.26,46.04,0.0,36.0,16.12,69.31,56.46,27.78,34.99,55.61,54.04,27.2,55.17,56.85,45.61,51.22,28.07,55.57,17.09,44.41,61.12,47.1,45.38,62.41,18.0,6.08
19,28.28,71.47,53.14,86.09,34.23,46.17,67.94,34.06,28.0,60.0,18.0,31.62,40.2,55.32,36.22,41.76,53.85,39.29,36.0,0.0,41.23,50.0,27.2,32.56,18.97,44.05,18.11,21.26,84.12,44.0,65.12,32.25,8.25,48.66,52.35,76.55,40.5,72.05,70.93,42.43,18.0,42.01
20,60.83,48.41,12.17,45.61,60.46,21.54,63.15,40.25,39.85,27.2,38.05,53.85,12.17,20.4,46.52,35.38,14.14,60.83,16.12,41.23,0.0,61.06,66.03,43.08,32.06,45.61,57.72,40.0,66.57,47.2,29.73,44.94,33.11,43.86,26.08,54.04,73.69,32.79,58.93,55.08,25.61,15.52
21,76.66,107.81,70.68,88.09,83.95,79.4,113.72,21.26,24.41,88.2,33.11,81.61,69.66,57.27,15.62,27.2,74.24,89.29,69.31,50.0,61.06,0.0,70.03,80.5,36.06,16.49,46.17,69.86,124.45,14.56,62.13,18.87,50.99,22.0,85.28,113.45,87.0,73.62,113.71,7.62,57.69,73.11
22,13.42,84.0,77.18,111.61,23.32,64.56,70.23,58.82,52.5,79.12,43.08,27.2,61.74,82.02,59.23,68.03,76.94,30.53,56.46,27.2,66.03,70.03,0.0,38.05,45.65,68.41,24.08,30.59,91.78,67.91,91.93,55.32,33.94,74.0,69.86,88.09,17.64,98.13,77.16,63.14,40.5,62.39
23,26.31,46.04,50.48,85.6,20.59,31.24,35.61,61.35,56.46,44.94,47.41,13.42,33.29,63.25,65.39,64.78,48.41,18.44,27.78,32.56,43.08,80.5,38.05,0.0,44.94,70.88,47.71,11.31,54.41,71.47,72.8,61.74,29.53,73.35,34.99,50.04,36.32,74.89,40.17,72.9,24.33,32.02
24,47.07,73.78,44.0,72.8,52.04,45.65,77.67,16.49,11.66,56.92,6.0,48.17,36.77,40.25,20.59,22.8,46.17,56.14,34.99,18.97,32.06,36.06,45.65,44.94,0.0,26.31,28.84,34.93,89.38,26.68,49.4,17.2,16.12,30.07,51.88,79.32,59.46,58.01,77.99,28.62,21.63,39.81
25,72.25,93.34,54.59,72.0,78.03,65.12,102.0,10.0,16.12,72.8,26.08,74.43,55.17,40.79,10.0,10.77,58.31,82.39,55.61,44.05,45.61,16.49,68.41,70.88,26.31,0.0,46.52,61.19,110.63,2.0,46.0,13.42,42.43,7.21,70.71,98.99,83.98,57.36,100.81,13.45,46.82,58.73
26,33.11,89.29,69.86,101.13,42.19,64.28,83.23,37.74,31.62,78.03,24.08,42.52,58.03,68.96,36.77,48.41,71.02,48.83,54.04,18.11,57.72,46.17,24.08,47.71,28.84,46.52,0.0,36.72,101.13,45.69,78.23,33.11,26.0,52.84,70.46,94.25,41.53,86.54,87.46,39.56,36.06,60.01
27,21.63,54.33,49.52,84.85,20.59,34.18,46.86,51.42,46.17,48.7,36.77,14.56,32.8,59.06,55.03,56.04,48.41,22.36,27.2,21.26,40.0,69.86,30.59,11.31,34.93,61.19,36.72,0.0,64.62,61.61,68.96,51.26,18.97,64.28,39.29,58.86,34.01,72.76,50.76,62.24,16.49,32.76
28,78.92,18.97,62.77,84.0,70.26,45.61,24.74,103.25,100.5,42.38,94.02,64.78,55.61,82.46,108.9,101.21,58.31,64.03,55.17,84.12,66.57,124.45,91.78,54.41,89.38,110.63,101.13,64.62,0.0,111.95,87.93,106.15,78.23,110.0,40.5,14.14,85.11,82.28,14.76,117.45,68.82,52.01
29,72.11,94.76,56.36,74.0,78.1,66.48,102.96,10.2,16.0,74.4,26.0,74.67,56.57,42.76,8.94,12.65,60.03,82.61,56.85,44.0,47.2,14.56,67.91,71.47,26.68,2.0,45.69,61.61,111.95,0.0,48.0,12.65,42.76,8.94,72.14,100.42,83.69,59.36,101.95,11.51,47.54,60.11
30,88.81,68.96,26.08,26.0,89.55,48.04,90.02,47.07,50.6,45.61,54.59,83.19,40.79,10.0,52.61,36.22,30.27,90.38,45.61,65.12,29.73,62.13,91.93,72.8,49.4,46.0,78.23,68.96,87.93,48.0,0.0,53.37,58.0,40.2,50.16,74.0,101.85,11.69,83.71,59.18,53.25,43.42
31,60.0,90.0,55.79,78.92,66.48,61.61,94.87,6.32,5.66,71.55,14.56,63.56,52.15,46.17,4.0,17.89,58.82,71.39,51.22,32.25,44.94,18.87,55.32,61.74,17.2,13.42,33.11,51.26,106.15,12.65,53.37,0.0,32.31,20.0,67.68,95.6,71.3,63.91,95.07,11.42,38.83,55.47
32,32.31,64.62,44.94,78.23,36.22,38.47,63.78,32.56,27.2,52.04,17.89,32.06,32.06,48.08,36.06,38.21,45.61,40.05,28.07,8.25,33.11,50.99,33.94,29.53,16.12,42.43,26.0,18.97,78.23,42.76,58.0,32.31,0.0,46.0,44.72,69.86,45.19,64.4,65.62,43.38,10.2,34.01
33,76.94,92.2,51.61,66.12,82.1,64.4,102.96,15.23,21.54,70.77,31.05,78.03,54.41,36.06,16.97,8.94,55.61,86.02,55.57,48.66,43.86,22.0,74.0,73.35,30.07,7.21,52.84,64.28,110.0,8.94,40.2,20.0,46.0,0.0,69.66,97.84,89.02,51.76,100.95,20.36,49.03,58.01
34,60.17,22.63,24.08,54.63,55.57,6.32,40.05,64.03,62.13,10.0,57.27,48.37,15.62,43.17,70.0,60.96,20.0,52.8,17.09,52.35,26.08,85.28,69.86,34.99,51.88,70.71,70.46,39.29,40.5,72.14,50.16,67.68,44.72,69.66,0.0,28.28,71.19,47.51,33.74,78.65,34.53,12.21
35,76.03,5.66,49.19,70.03,68.47,34.06,29.73,92.2,90.0,28.64,84.38,62.13,43.86,68.88,98.08,89.2,44.72,63.15,44.41,76.55,54.04,113.45,88.09,50.04,79.32,98.99,94.25,58.86,14.14,100.42,74.0,95.6,69.86,97.84,28.28,0.0,84.1,68.15,18.15,106.71,59.93,40.36
36,13.05,80.9,83.53,118.84,15.89,66.95,61.51,74.12,67.86,81.07,58.02,22.92,66.75,91.85,75.29,82.26,82.37,21.12,61.12,40.5,73.69,87.0,17.64,36.32,59.46,83.98,41.53,34.01,85.11,83.69,101.85,71.3,45.19,89.02,71.19,84.1,0.0,106.48,70.38,79.9,48.62,66.45
37,93.59,63.55,24.76,15.03,93.13,46.87,87.44,57.7,60.68,40.96,63.57,86.39,41.68,17.98,63.47,47.29,27.92,93.07,47.1,72.05,32.79,73.62,98.13,74.89,58.01,57.36,86.54,72.76,82.28,59.36,11.69,63.91,64.4,51.76,47.51,68.15,106.48,0.0,79.9,70.38,58.15,43.53
38,64.22,19.06,57.7,84.25,55.5,37.39,11.65,92.75,89.42,38.96,82.2,50.09,47.08,76.92,98.09,92.02,53.45,49.29,45.38,70.93,58.93,113.71,77.16,40.17,77.99,100.81,87.46,50.76,14.76,101.95,83.71,95.07,65.62,100.95,33.74,18.15,70.38,79.9,0.0,106.48,56.76,43.53
39,69.31,101.09,65.27,85.15,76.46,72.67,106.27,14.83,17.06,82.05,25.49,74.02,63.06,53.33,8.66,23.12,68.61,81.72,62.41,42.43,55.08,7.62,63.14,72.9,28.62,13.45,39.56,62.24,117.45,11.51,59.18,11.42,43.38,20.36,78.65,106.71,79.9,70.38,106.48,0.0,50.24,66.45
40,35.61,54.63,36.72,71.22,36.77,28.28,56.04,37.58,33.29,42.0,25.46,31.05,22.36,43.27,42.19,40.45,36.77,38.83,18.0,18.0,25.61,57.69,40.5,24.33,21.63,46.82,36.06,16.49,68.82,47.54,53.25,38.83,10.2,49.03,34.53,59.93,48.62,58.15,56.76,50.24,0.0,24.02
41,54.38,34.71,18.79,53.6,51.66,6.4,47.68,51.86,49.93,18.03,45.31,44.55,3.61,35.0,57.8,49.2,16.4,50.45,6.08,42.01,15.52,73.11,62.39,32.02,39.81,58.73,60.01,32.76,52.01,60.11,43.42,55.47,34.01,58.01,12.21,40.36,66.45,43.53,43.53,66.45,24.02,0.0
