set K:= 1	2	3	4	5;
set C_H:= 1	2	3	4	5	6	7	8	9	10	11	12	13;
set C_S:= 14	15	16	17	18	19	20	21	22	23	24;
set C_F:= 25	26	27	28	29	30	31	32	33	34	35;
set M:= 36	37;
set L_B:= 38	39	40	41	42;
set A1:=
(0,*) 1 2 3 4 5 6 7 8 9 10 11 12 13 25 26 27 28 29 30 31 32 33 34 35 36 37 38 39 40 41 42
(1,*) 0 2 3 4 5 6 7 8 9 10 11 12 13 25 26 27 28 29 30 31 32 33 34 35 36 37 38 39 40 41 42
(2,*) 0 1 3 4 5 6 7 8 9 10 11 12 13 25 26 27 28 29 30 31 32 33 34 35 36 37 38 39 40 41 42
(3,*) 0 1 2 4 5 6 7 8 9 10 11 12 13 25 26 27 28 29 30 31 32 33 34 35 36 37 38 39 40 41 42
(4,*) 0 1 2 3 5 6 7 8 9 10 11 12 13 25 26 27 28 29 30 31 32 33 34 35 36 37 38 39 40 41 42
(5,*) 0 1 2 3 4 6 7 8 9 10 11 12 13 25 26 27 28 29 30 31 32 33 34 35 36 37 38 39 40 41 42
(6,*) 0 1 2 3 4 5 7 8 9 10 11 12 13 25 26 27 28 29 30 31 32 33 34 35 36 37 38 39 40 41 42
(7,*) 0 1 2 3 4 5 6 8 9 10 11 12 13 25 26 27 28 29 30 31 32 33 34 35 36 37 38 39 40 41 42
(8,*) 0 1 2 3 4 5 6 7 9 10 11 12 13 25 26 27 28 29 30 31 32 33 34 35 36 37 38 39 40 41 42
(9,*) 0 1 2 3 4 5 6 7 8 10 11 12 13 25 26 27 28 29 30 31 32 33 34 35 36 37 38 39 40 41 42
(10,*) 0 1 2 3 4 5 6 7 8 9 11 12 13 25 26 27 28 29 30 31 32 33 34 35 36 37 38 39 40 41 42
(11,*) 0 1 2 3 4 5 6 7 8 9 10 12 13 25 26 27 28 29 30 31 32 33 34 35 36 37 38 39 40 41 42
(12,*) 0 1 2 3 4 5 6 7 8 9 10 11 13 25 26 27 28 29 30 31 32 33 34 35 36 37 38 39 40 41 42
(13,*) 0 1 2 3 4 5 6 7 8 9 10 11 12 25 26 27 28 29 30 31 32 33 34 35 36 37 38 39 40 41 42
(25,*) 0 1 2 3 4 5 6 7 8 9 10 11 12 13 26 27 28 29 30 31 32 33 34 35 36 37 38 39 40 41 42
(26,*) 0 1 2 3 4 5 6 7 8 9 10 11 12 13 25 27 28 29 30 31 32 33 34 35 36 37 38 39 40 41 42
(27,*) 0 1 2 3 4 5 6 7 8 9 10 11 12 13 25 26 28 29 30 31 32 33 34 35 36 37 38 39 40 41 42
(28,*) 0 1 2 3 4 5 6 7 8 9 10 11 12 13 25 26 27 29 30 31 32 33 34 35 36 37 38 39 40 41 42
(29,*) 0 1 2 3 4 5 6 7 8 9 10 11 12 13 25 26 27 28 30 31 32 33 34 35 36 37 38 39 40 41 42
(30,*) 0 1 2 3 4 5 6 7 8 9 10 11 12 13 25 26 27 28 29 31 32 33 34 35 36 37 38 39 40 41 42
(31,*) 0 1 2 3 4 5 6 7 8 9 10 11 12 13 25 26 27 28 29 30 32 33 34 35 36 37 38 39 40 41 42
(32,*) 0 1 2 3 4 5 6 7 8 9 10 11 12 13 25 26 27 28 29 30 31 33 34 35 36 37 38 39 40 41 42
(33,*) 0 1 2 3 4 5 6 7 8 9 10 11 12 13 25 26 27 28 29 30 31 32 34 35 36 37 38 39 40 41 42
(34,*) 0 1 2 3 4 5 6 7 8 9 10 11 12 13 25 26 27 28 29 30 31 32 33 35 36 37 38 39 40 41 42
(35,*) 0 1 2 3 4 5 6 7 8 9 10 11 12 13 25 26 27 28 29 30 31 32 33 34 36 37 38 39 40 41 42
(36,*) 0 1 2 3 4 5 6 7 8 9 10 11 12 13 25 26 27 28 29 30 31 32 33 34 35 38 39 40 41 42
(37,*) 0 1 2 3 4 5 6 7 8 9 10 11 12 13 25 26 27 28 29 30 31 32 33 34 35 38 39 40 41 42
(38,*) 0 1 2 3 4 5 6 7 8 9 10 11 12 13 25 26 27 28 29 30 31 32 33 34 35 36 37 39 40 41 42
(39,*) 0 1 2 3 4 5 6 7 8 9 10 11 12 13 25 26 27 28 29 30 31 32 33 34 35 36 37 38 40 41 42
(40,*) 0 1 2 3 4 5 6 7 8 9 10 11 12 13 25 26 27 28 29 30 31 32 33 34 35 36 37 38 39 41 42
(41,*) 0 1 2 3 4 5 6 7 8 9 10 11 12 13 25 26 27 28 29 30 31 32 33 34 35 36 37 38 39 40 42
(42,*) 0 1 2 3 4 5 6 7 8 9 10 11 12 13 25 26 27 28 29 30 31 32 33 34 35 36 37 38 39 40 41
;
set A2:=
(36,*) 37
(37,*) 36
;
param BigM:=99999;
param n:= 5;
param d:=
1	1
2	11
3	22
4	7
5	9
6	10
7	15
8	19
9	15
10	18
11	21
12	2
13	23
14	18
15	2
16	18
17	12
18	2
19	2
20	20
21	11
22	13
23	13
24	11
25	14
26	15
27	23
28	21
29	14
30	4
31	19
32	6
33	8
34	12
35	11
;
param Q:=100;
param w:=
[36,*] 37 0.5
[37,*] 36 0.5
;
param V:=
[36,*] 37 83
[37,*] 36 83
;
param e:
	36	37	38	39	40	41	42:=
14	0	0	0	0	0	1	0	
15	0	0	1	1	0	0	0	
16	0	0	1	1	1	1	0	
17	0	0	0	0	1	0	0	
18	0	1	0	0	0	0	1	
19	0	1	0	0	0	0	0	
20	0	0	0	0	0	0	1	
21	0	1	0	0	0	0	0	
22	0	1	0	0	0	0	0	
23	0	0	1	0	0	0	0	
24	0	1	1	0	0	0	0	
25	1	0	0	0	0	0	0	
26	0	0	1	1	0	0	0	
27	0	0	0	0	1	0	0	
28	0	0	1	1	0	1	0	
29	0	0	1	1	0	1	1	
30	0	1	0	0	0	0	0	
31	0	1	0	0	0	0	0	
32	0	0	0	1	0	0	1	
33	0	0	0	0	1	0	0	
34	0	1	0	0	0	0	0	
35	1	0	0	0	0	0	0	
;
param p:=
1	3
2	3
3	3
4	3
5	3
;
param G:=
36	71
37	83
38	82
39	98
40	85
41	93
42	80
;
param s:=
0	0
1	10
2	10
3	10
4	10
5	10
6	10
7	10
8	10
9	10
10	10
11	10
12	10
13	10
25	10
26	10
27	10
28	10
29	10
30	10
31	10
32	10
33	10
34	10
35	10
36	10
37	10
38	10
39	10
40	10
41	10
42	10
;
param t:
	0	1	2	3	4	5	6	7	8	9	10	11	12	13	14	15	16	17	18	19	20	21	22	23	24	25	26	27	28	29	30	31	32	33	34	35	36	37	38	39	40	41	42:=
0	0.0	33.11	106.15	17.2	78.92	56.92	13.42	56.14	32.31	54.41	76.94	78.82	69.86	60.17	21.63	70.0	48.83	28.28	76.66	88.81	26.31	60.0	46.17	14.14	72.25	72.25	70.94	10.0	60.83	55.46	72.11	62.29	69.86	47.07	64.0	76.03	78.31	69.35	55.23	49.82	35.0	40.46	46.32
1	33.11	0.0	101.13	48.83	101.13	83.23	24.08	31.62	26.0	58.03	52.84	68.96	48.41	70.46	36.72	71.02	54.04	18.11	46.17	78.23	47.71	33.11	24.08	42.52	46.52	89.29	69.86	42.19	57.72	64.28	45.69	37.74	78.03	28.84	36.77	94.25	99.16	44.29	52.17	53.01	35.06	45.18	61.98
2	106.15	101.13	0.0	104.02	84.0	93.15	111.61	75.71	78.23	52.5	66.12	32.98	62.13	54.63	84.85	37.2	58.14	86.09	88.09	26.0	85.6	78.92	78.43	97.84	72.0	66.27	35.38	104.8	45.61	55.57	74.0	72.69	46.17	72.8	78.41	70.03	79.0	71.06	51.4	56.59	72.01	65.76	69.35
3	17.2	48.83	104.02	0.0	64.03	40.79	30.53	66.75	40.05	51.61	86.02	80.62	78.03	52.8	22.36	66.84	46.04	39.29	89.29	90.38	18.44	71.39	56.89	8.0	82.39	60.17	68.82	7.21	60.83	49.52	82.61	72.44	62.8	56.14	75.31	63.15	64.07	79.31	55.95	48.02	38.64	39.81	37.44
4	78.92	101.13	84.0	64.03	0.0	24.74	91.78	100.5	78.23	55.61	110.0	82.46	101.21	40.5	64.62	58.31	55.17	84.12	124.45	87.93	54.41	106.15	94.02	64.78	110.63	18.97	62.77	70.26	66.57	45.61	111.95	103.25	42.38	89.38	108.9	14.14	5.0	107.71	67.01	58.05	69.63	60.44	40.22
5	56.92	83.23	93.15	40.79	24.74	0.0	70.23	89.31	63.78	50.99	102.96	82.39	94.02	40.05	46.86	60.03	48.08	67.94	113.72	90.02	35.61	94.87	81.22	43.08	102.0	30.0	64.0	47.54	63.15	42.19	102.96	93.3	47.07	77.67	98.18	29.73	26.4	98.88	61.4	51.24	56.61	49.65	30.36
6	13.42	24.08	111.61	30.53	91.78	70.23	0.0	52.5	33.94	61.74	74.0	82.02	68.03	69.86	30.59	76.94	56.46	27.2	70.03	91.93	38.05	55.32	43.08	27.2	68.41	84.0	77.18	23.32	66.03	64.56	67.91	58.82	79.12	45.65	59.23	88.09	90.93	65.8	60.22	56.8	39.66	47.42	57.22
7	56.14	31.62	75.71	66.75	100.5	89.31	52.5	0.0	27.2	46.65	21.54	42.76	16.97	62.13	46.17	53.85	45.61	28.0	24.41	50.6	56.46	5.66	10.0	58.86	16.12	84.4	50.99	62.13	39.85	56.04	16.0	6.32	66.21	11.66	8.94	90.0	97.19	13.34	36.25	43.01	32.76	40.36	60.88
8	32.31	26.0	78.23	40.05	78.23	63.78	33.94	27.2	0.0	32.06	46.0	48.08	38.21	44.72	18.97	45.61	28.07	8.25	50.99	58.0	29.53	32.31	17.89	32.06	42.43	64.62	44.94	36.22	33.11	38.47	42.76	32.56	52.04	16.12	36.06	69.86	75.66	39.32	27.31	27.02	9.22	19.42	38.08
9	54.41	58.03	52.5	51.61	55.61	50.99	61.74	46.65	32.06	0.0	54.41	32.06	45.61	15.62	32.8	15.62	5.66	40.2	69.66	40.79	33.29	52.15	42.38	45.34	55.17	38.21	17.2	52.35	12.17	10.0	56.57	48.41	20.4	36.77	54.41	43.86	51.74	52.33	11.4	5.1	23.35	14.32	21.02
10	76.94	52.84	66.12	86.02	110.0	102.96	74.0	21.54	46.0	54.41	0.0	36.06	8.94	69.66	64.28	55.61	55.57	48.66	22.0	40.2	73.35	20.0	31.05	78.03	7.21	92.2	51.61	82.1	43.86	64.4	8.94	15.23	70.77	30.07	16.97	97.84	106.04	8.6	43.01	52.48	48.84	53.49	72.9
11	78.82	68.96	32.98	80.62	82.46	82.39	82.02	42.76	48.08	32.06	36.06	0.0	30.27	43.17	59.06	24.17	36.5	55.32	57.27	10.0	63.25	46.17	45.69	73.35	40.79	63.56	19.7	79.65	20.4	40.2	42.76	40.05	40.25	40.25	46.0	68.88	77.88	39.32	24.7	33.73	43.83	40.85	53.01
12	69.86	48.41	62.13	78.03	101.21	94.02	68.03	16.97	38.21	45.61	8.94	30.27	0.0	60.96	56.04	47.71	46.65	41.76	27.2	36.22	64.78	17.89	25.06	70.03	10.77	83.55	43.91	74.43	35.38	55.61	12.65	11.66	62.48	22.8	16.49	89.2	97.31	9.06	34.21	43.57	40.31	44.6	63.95
13	60.17	70.46	54.63	52.8	40.5	40.05	69.86	62.13	44.72	15.62	69.66	43.17	60.96	0.0	39.29	20.0	17.09	52.35	85.28	50.16	34.99	67.68	57.27	48.37	70.71	22.63	24.08	55.57	26.08	6.32	72.14	64.03	10.0	51.88	70.0	28.28	36.4	67.9	26.87	19.24	35.51	25.32	15.56
14	21.63	36.72	84.85	22.36	64.62	46.86	30.59	46.17	18.97	32.8	64.28	59.06	56.04	39.29	0.0	48.41	27.2	21.26	69.86	68.96	11.31	51.26	36.77	14.56	61.19	54.33	49.52	20.59	40.0	34.18	61.61	51.42	48.7	34.93	55.03	58.86	62.94	58.05	34.67	28.32	16.28	19.1	27.02
15	70.0	71.02	37.2	66.84	58.31	60.03	76.94	53.85	45.61	15.62	55.61	24.17	47.71	20.0	48.41	0.0	21.26	53.85	74.24	30.27	48.41	58.82	52.15	60.83	58.31	39.4	4.47	67.88	14.14	18.97	60.03	53.85	16.12	46.17	60.17	44.72	53.71	55.95	19.03	20.25	37.7	29.68	32.89
16	48.83	54.04	58.14	46.04	55.17	48.08	56.46	45.61	28.07	5.66	55.57	36.5	46.65	17.09	27.2	21.26	0.0	36.0	69.31	45.61	27.78	51.22	40.25	39.7	55.61	38.83	22.8	46.69	16.12	10.77	56.85	48.08	24.0	34.99	53.81	44.41	51.66	52.63	13.34	3.16	19.0	9.22	17.72
17	28.28	18.11	86.09	39.29	84.12	67.94	27.2	28.0	8.25	40.2	48.66	55.32	41.76	52.35	21.26	53.85	36.0	0.0	50.0	65.12	32.56	32.25	18.0	31.62	44.05	71.47	53.14	34.23	41.23	46.17	44.0	34.06	60.0	18.97	36.22	76.55	81.86	41.11	35.47	35.13	17.0	27.07	44.38
18	76.66	46.17	88.09	89.29	124.45	113.72	70.03	24.41	50.99	69.66	22.0	57.27	27.2	85.28	69.86	74.24	69.31	50.0	0.0	62.13	80.5	18.87	33.11	81.61	16.49	107.81	70.68	83.95	61.06	79.4	14.56	21.26	88.2	36.06	15.62	113.45	120.97	18.38	58.6	66.53	57.14	64.66	85.15
19	88.81	78.23	26.0	90.38	87.93	90.02	91.93	50.6	58.0	40.79	40.2	10.0	36.22	50.16	68.96	30.27	45.61	65.12	62.13	0.0	72.8	53.37	54.59	83.19	46.0	68.96	26.08	89.55	29.73	48.04	48.0	47.07	45.61	49.4	52.61	74.0	83.17	45.1	34.44	43.01	53.82	50.57	61.4
20	26.31	47.71	85.6	18.44	54.41	35.61	38.05	56.46	29.53	33.29	73.35	63.25	64.78	34.99	11.31	48.41	27.78	32.56	80.5	72.8	0.0	61.74	47.41	13.42	70.88	46.04	50.48	20.59	43.08	31.24	71.47	61.35	44.94	44.94	65.39	50.04	53.15	67.72	38.6	29.97	24.52	22.56	20.25
21	60.0	33.11	78.92	71.39	106.15	94.87	55.32	5.66	32.31	52.15	20.0	46.17	17.89	67.68	51.26	58.82	51.22	32.25	18.87	53.37	61.74	0.0	14.56	63.56	13.42	90.0	55.79	66.48	44.94	61.61	12.65	6.32	71.55	17.2	4.0	95.6	102.83	11.4	41.59	48.6	38.28	46.01	66.53
22	46.17	24.08	78.43	56.89	94.02	81.22	43.08	10.0	17.89	42.38	31.05	45.69	25.06	57.27	36.77	52.15	40.25	18.0	33.11	54.59	47.41	14.56	0.0	49.03	26.08	78.89	50.0	52.15	38.05	50.99	26.0	16.12	62.64	6.0	18.44	84.38	91.02	23.19	33.38	38.08	24.76	33.6	53.91
23	14.14	42.52	97.84	8.0	64.78	43.08	27.2	58.86	32.06	45.34	78.03	73.35	70.03	48.37	14.56	60.83	39.7	31.62	81.61	83.19	13.42	63.56	49.03	0.0	74.43	58.55	62.48	7.21	53.85	44.41	74.67	64.5	58.31	48.17	67.47	62.13	64.2	71.34	48.76	41.4	30.81	32.76	33.62
24	72.25	46.52	72.0	82.39	110.63	102.0	68.41	16.12	42.43	55.17	7.21	40.79	10.77	70.71	61.19	58.31	55.61	44.05	16.49	46.0	70.88	13.42	26.08	74.43	0.0	93.34	54.59	78.03	45.61	65.12	2.0	10.0	72.8	26.31	10.0	98.99	106.89	3.16	43.84	52.63	46.49	52.35	72.4
25	72.25	89.29	66.27	60.17	18.97	30.0	84.0	84.4	64.62	38.21	92.2	63.56	83.55	22.63	54.33	39.4	38.83	71.47	107.81	68.96	46.04	90.0	78.89	58.55	93.34	0.0	43.86	65.12	48.41	28.43	94.76	86.56	23.41	73.78	92.46	5.66	14.32	90.52	49.5	41.4	55.54	45.62	27.46
26	70.94	69.86	35.38	68.82	62.77	64.0	77.18	50.99	44.94	17.2	51.61	19.7	43.91	24.08	49.52	4.47	22.8	53.14	70.68	26.08	50.48	55.79	50.0	62.48	54.59	43.86	0.0	69.43	12.17	22.36	56.36	50.6	20.59	44.0	56.92	49.19	58.18	52.33	17.72	21.21	37.59	30.48	36.14
27	10.0	42.19	104.8	7.21	70.26	47.54	23.32	62.13	36.22	52.35	82.1	79.65	74.43	55.57	20.59	67.88	46.69	34.23	83.95	89.55	20.59	66.48	52.15	7.21	78.03	65.12	69.43	0.0	60.46	51.61	78.1	68.03	65.51	52.04	70.46	68.47	70.01	75.01	55.23	48.27	36.4	39.41	40.72
28	60.83	57.72	45.61	60.83	66.57	63.15	66.03	39.85	33.11	12.17	43.86	20.4	35.38	26.08	40.0	14.14	16.12	41.23	61.06	29.73	43.08	44.94	38.05	53.85	45.61	48.41	12.17	60.46	0.0	21.54	47.2	40.25	27.2	32.06	46.52	54.04	62.43	43.01	5.83	13.34	26.4	21.1	33.14
29	55.46	64.28	55.57	49.52	45.61	42.19	64.56	56.04	38.47	10.0	64.4	40.2	55.61	6.32	34.18	18.97	10.77	46.17	79.4	48.04	31.24	61.61	50.99	44.41	65.12	28.43	22.36	51.61	21.54	0.0	66.48	58.14	14.56	45.65	64.03	34.06	41.77	62.24	21.4	13.04	29.27	19.1	13.93
30	72.11	45.69	74.0	82.61	111.95	102.96	67.91	16.0	42.76	56.57	8.94	42.76	12.65	72.14	61.61	60.03	56.85	44.0	14.56	48.0	71.47	12.65	26.0	74.67	2.0	94.76	56.36	78.1	47.2	66.48	0.0	10.2	74.4	26.68	8.94	100.42	108.25	4.24	45.28	53.91	47.17	53.34	73.5
31	62.29	37.74	72.69	72.44	103.25	93.3	58.82	6.32	32.56	48.41	15.23	40.05	11.66	64.03	51.42	53.85	48.08	34.06	21.26	47.07	61.35	6.32	16.12	64.5	10.0	86.56	50.6	68.03	40.25	58.14	10.2	0.0	67.23	16.49	6.32	92.2	99.72	7.07	37.44	45.28	37.16	43.83	64.2
32	69.86	78.03	46.17	62.8	42.38	47.07	79.12	66.21	52.04	20.4	70.77	40.25	62.48	10.0	48.7	16.12	24.0	60.0	88.2	45.61	44.94	71.55	62.64	58.31	72.8	23.41	20.59	65.51	27.2	14.56	74.4	67.23	0.0	56.92	73.43	28.64	37.7	70.21	29.97	25.18	43.0	33.06	25.5
33	47.07	28.84	72.8	56.14	89.38	77.67	45.65	11.66	16.12	36.77	30.07	40.25	22.8	51.88	34.93	46.17	34.99	18.97	36.06	49.4	44.94	17.2	6.0	48.17	26.31	73.78	44.0	52.04	32.06	45.65	26.68	16.49	56.92	0.0	20.59	79.32	86.21	23.19	27.46	32.65	21.1	29.0	49.5
34	64.0	36.77	78.41	75.31	108.9	98.18	59.23	8.94	36.06	54.41	16.97	46.0	16.49	70.0	55.03	60.17	53.81	36.22	15.62	52.61	65.39	4.0	18.44	67.47	10.0	92.46	56.92	70.46	46.52	64.03	8.94	6.32	73.43	20.59	0.0	98.08	105.48	8.6	43.57	51.09	41.68	49.04	69.53
35	76.03	94.25	70.03	63.15	14.14	29.73	88.09	90.0	69.86	43.86	97.84	68.88	89.2	28.28	58.86	44.72	44.41	76.55	113.45	74.0	50.04	95.6	84.38	62.13	98.99	5.66	49.19	68.47	54.04	34.06	100.42	92.2	28.64	79.32	98.08	0.0	9.22	96.18	55.15	47.01	60.84	51.0	32.28
36	78.31	99.16	79.0	64.07	5.0	26.4	90.93	97.19	75.66	51.74	106.04	77.88	97.31	36.4	62.94	53.71	51.66	81.86	120.97	83.17	53.15	102.83	91.02	64.2	106.89	14.32	58.18	70.01	62.43	41.77	108.25	99.72	37.7	86.21	105.48	9.22	0.0	104.0	63.13	54.45	66.89	57.43	37.59
37	69.35	44.29	71.06	79.31	107.71	98.88	65.8	13.34	39.32	52.33	8.6	39.32	9.06	67.9	58.05	55.95	52.63	41.11	18.38	45.1	67.72	11.4	23.19	71.34	3.16	90.52	52.33	75.01	43.01	62.24	4.24	7.07	70.21	23.19	8.6	96.18	104.0	0.0	41.04	49.68	43.32	49.24	69.34
38	55.23	52.17	51.4	55.95	67.01	61.4	60.22	36.25	27.31	11.4	43.01	24.7	34.21	26.87	34.67	19.03	13.34	35.47	58.6	34.44	38.6	41.59	33.38	48.76	43.84	49.5	17.72	55.23	5.83	21.4	45.28	37.44	29.97	27.46	43.57	55.15	63.13	41.04	0.0	10.2	20.62	16.16	31.05
39	49.82	53.01	56.59	48.02	58.05	51.24	56.8	43.01	27.02	5.1	52.48	33.73	43.57	19.24	28.32	20.25	3.16	35.13	66.53	43.01	29.97	48.6	38.08	41.4	52.63	41.4	21.21	48.27	13.34	13.04	53.91	45.28	25.18	32.65	51.09	47.01	54.45	49.68	10.2	0.0	18.25	9.43	20.88
40	35.0	35.06	72.01	38.64	69.63	56.61	39.66	32.76	9.22	23.35	48.84	43.83	40.31	35.51	16.28	37.7	19.0	17.0	57.14	53.82	24.52	38.28	24.76	30.81	46.49	55.54	37.59	36.4	26.4	29.27	47.17	37.16	43.0	21.1	41.68	60.84	66.89	43.32	20.62	18.25	0.0	10.2	29.41
41	40.46	45.18	65.76	39.81	60.44	49.65	47.42	40.36	19.42	14.32	53.49	40.85	44.6	25.32	19.1	29.68	9.22	27.07	64.66	50.57	22.56	46.01	33.6	32.76	52.35	45.62	30.48	39.41	21.1	19.1	53.34	43.83	33.06	29.0	49.04	51.0	57.43	49.24	16.16	9.43	10.2	0.0	20.52
42	46.32	61.98	69.35	37.44	40.22	30.36	57.22	60.88	38.08	21.02	72.9	53.01	63.95	15.56	27.02	32.89	17.72	44.38	85.15	61.4	20.25	66.53	53.91	33.62	72.4	27.46	36.14	40.72	33.14	13.93	73.5	64.2	25.5	49.5	69.53	32.28	37.59	69.34	31.05	20.88	29.41	20.52	0.0
;
