set K:= 1	2	3	4	5	6;
set C_H:= 1	2	3	4	5	6	7	8	9	10	11	12;
set C_S:= 13	14	15	16	17	18	19	20	21	22	23	24;
set C_F:= 25	26	27	28	29	30	31	32	33	34	35	36;
set L_B:= 37	38	39	40	41	42	43	44;
set A1:=
(0,*) 1 2 3 4 5 6 7 8 9 10 11 12 25 26 27 28 29 30 31 32 33 34 35 36 37 38 39 40 41 42 43 44
(1,*) 0 2 3 4 5 6 7 8 9 10 11 12 25 26 27 28 29 30 31 32 33 34 35 36 37 38 39 40 41 42 43 44
(2,*) 0 1 3 4 5 6 7 8 9 10 11 12 25 26 27 28 29 30 31 32 33 34 35 36 37 38 39 40 41 42 43 44
(3,*) 0 1 2 4 5 6 7 8 9 10 11 12 25 26 27 28 29 30 31 32 33 34 35 36 37 38 39 40 41 42 43 44
(4,*) 0 1 2 3 5 6 7 8 9 10 11 12 25 26 27 28 29 30 31 32 33 34 35 36 37 38 39 40 41 42 43 44
(5,*) 0 1 2 3 4 6 7 8 9 10 11 12 25 26 27 28 29 30 31 32 33 34 35 36 37 38 39 40 41 42 43 44
(6,*) 0 1 2 3 4 5 7 8 9 10 11 12 25 26 27 28 29 30 31 32 33 34 35 36 37 38 39 40 41 42 43 44
(7,*) 0 1 2 3 4 5 6 8 9 10 11 12 25 26 27 28 29 30 31 32 33 34 35 36 37 38 39 40 41 42 43 44
(8,*) 0 1 2 3 4 5 6 7 9 10 11 12 25 26 27 28 29 30 31 32 33 34 35 36 37 38 39 40 41 42 43 44
(9,*) 0 1 2 3 4 5 6 7 8 10 11 12 25 26 27 28 29 30 31 32 33 34 35 36 37 38 39 40 41 42 43 44
(10,*) 0 1 2 3 4 5 6 7 8 9 11 12 25 26 27 28 29 30 31 32 33 34 35 36 37 38 39 40 41 42 43 44
(11,*) 0 1 2 3 4 5 6 7 8 9 10 12 25 26 27 28 29 30 31 32 33 34 35 36 37 38 39 40 41 42 43 44
(12,*) 0 1 2 3 4 5 6 7 8 9 10 11 25 26 27 28 29 30 31 32 33 34 35 36 37 38 39 40 41 42 43 44
(25,*) 0 1 2 3 4 5 6 7 8 9 10 11 12 26 27 28 29 30 31 32 33 34 35 36 37 38 39 40 41 42 43 44
(26,*) 0 1 2 3 4 5 6 7 8 9 10 11 12 25 27 28 29 30 31 32 33 34 35 36 37 38 39 40 41 42 43 44
(27,*) 0 1 2 3 4 5 6 7 8 9 10 11 12 25 26 28 29 30 31 32 33 34 35 36 37 38 39 40 41 42 43 44
(28,*) 0 1 2 3 4 5 6 7 8 9 10 11 12 25 26 27 29 30 31 32 33 34 35 36 37 38 39 40 41 42 43 44
(29,*) 0 1 2 3 4 5 6 7 8 9 10 11 12 25 26 27 28 30 31 32 33 34 35 36 37 38 39 40 41 42 43 44
(30,*) 0 1 2 3 4 5 6 7 8 9 10 11 12 25 26 27 28 29 31 32 33 34 35 36 37 38 39 40 41 42 43 44
(31,*) 0 1 2 3 4 5 6 7 8 9 10 11 12 25 26 27 28 29 30 32 33 34 35 36 37 38 39 40 41 42 43 44
(32,*) 0 1 2 3 4 5 6 7 8 9 10 11 12 25 26 27 28 29 30 31 33 34 35 36 37 38 39 40 41 42 43 44
(33,*) 0 1 2 3 4 5 6 7 8 9 10 11 12 25 26 27 28 29 30 31 32 34 35 36 37 38 39 40 41 42 43 44
(34,*) 0 1 2 3 4 5 6 7 8 9 10 11 12 25 26 27 28 29 30 31 32 33 35 36 37 38 39 40 41 42 43 44
(35,*) 0 1 2 3 4 5 6 7 8 9 10 11 12 25 26 27 28 29 30 31 32 33 34 36 37 38 39 40 41 42 43 44
(36,*) 0 1 2 3 4 5 6 7 8 9 10 11 12 25 26 27 28 29 30 31 32 33 34 35 37 38 39 40 41 42 43 44
(37,*) 0 1 2 3 4 5 6 7 8 9 10 11 12 25 26 27 28 29 30 31 32 33 34 35 36 38 39 40 41 42 43 44
(38,*) 0 1 2 3 4 5 6 7 8 9 10 11 12 25 26 27 28 29 30 31 32 33 34 35 36 37 39 40 41 42 43 44
(39,*) 0 1 2 3 4 5 6 7 8 9 10 11 12 25 26 27 28 29 30 31 32 33 34 35 36 37 38 40 41 42 43 44
(40,*) 0 1 2 3 4 5 6 7 8 9 10 11 12 25 26 27 28 29 30 31 32 33 34 35 36 37 38 39 41 42 43 44
(41,*) 0 1 2 3 4 5 6 7 8 9 10 11 12 25 26 27 28 29 30 31 32 33 34 35 36 37 38 39 40 42 43 44
(42,*) 0 1 2 3 4 5 6 7 8 9 10 11 12 25 26 27 28 29 30 31 32 33 34 35 36 37 38 39 40 41 43 44
(43,*) 0 1 2 3 4 5 6 7 8 9 10 11 12 25 26 27 28 29 30 31 32 33 34 35 36 37 38 39 40 41 42 44
(44,*) 0 1 2 3 4 5 6 7 8 9 10 11 12 25 26 27 28 29 30 31 32 33 34 35 36 37 38 39 40 41 42 43
;
param BigM:=99999;
param n:= 6;
param d:=
1	5
2	20
3	19
4	16
5	14
6	8
7	19
8	8
9	18
10	21
11	8
12	21
13	1
14	7
15	2
16	17
17	10
18	9
19	18
20	4
21	20
22	3
23	26
24	19
25	23
26	23
27	18
28	12
29	19
30	26
31	13
32	19
33	5
34	12
35	21
36	66
;
param Q:=100;
param e:
	37	38	39	40	41	42	43	44:=
13	0	0	0	0	0	1	0	0	
14	0	0	0	0	1	0	0	0	
15	0	0	1	0	0	0	0	0	
16	0	0	0	1	0	0	0	0	
17	0	0	0	1	0	0	0	0	
18	0	0	0	0	0	1	0	0	
19	0	0	1	0	0	0	0	0	
20	0	0	0	0	0	0	0	1	
21	0	0	0	1	0	0	0	0	
22	0	0	1	0	0	0	0	0	
23	0	0	0	1	0	0	0	0	
24	0	0	0	1	0	0	0	0	
25	0	0	0	0	1	0	0	0	
26	0	0	1	0	0	0	0	0	
27	0	0	0	0	1	0	0	0	
28	0	0	0	0	1	1	0	0	
29	0	0	1	1	0	0	0	0	
30	0	0	1	1	0	1	1	1	
31	0	0	0	0	1	1	0	0	
32	0	0	0	1	0	0	0	0	
33	0	0	0	0	1	0	0	0	
34	0	0	1	0	0	0	0	0	
35	0	0	0	1	0	0	0	0	
36	0	0	0	0	0	1	0	0	
;
param p:=
1	3
2	3
3	3
4	3
5	3
6	3
;
param G:=
37	75
38	80
39	94
40	75
41	95
42	88
43	85
44	74
;
param s:=
0	0
1	10
2	10
3	10
4	10
5	10
6	10
7	10
8	10
9	10
10	10
11	10
12	10
25	10
26	10
27	10
28	10
29	10
30	10
31	10
32	10
33	10
34	10
35	10
36	10
37	10
38	10
39	10
40	10
41	10
42	10
43	10
44	10
;
param t:
	0	1	2	3	4	5	6	7	8	9	10	11	12	13	14	15	16	17	18	19	20	21	22	23	24	25	26	27	28	29	30	31	32	33	34	35	36	37	38	39	40	41	42	43	44:=
0	0.0	24.21	55.36	70.84	78.82	36.24	23.32	72.45	56.75	18.03	42.15	71.39	20.1	57.22	74.53	94.37	16.03	43.46	104.04	10.0	50.16	58.26	91.92	66.64	38.48	86.65	61.66	25.0	16.12	69.66	41.88	11.18	67.78	39.32	90.61	69.38	52.09	12.21	91.93	51.87	53.91	21.0	32.8	43.93	38.95
1	24.21	0.0	47.38	48.66	55.95	13.15	3.16	49.04	51.86	41.73	20.02	51.01	38.91	42.94	61.77	70.8	20.02	21.1	79.88	28.46	38.08	34.06	68.96	46.1	16.03	64.33	48.37	22.56	17.03	46.32	20.4	15.26	48.37	28.28	66.48	52.01	40.31	36.07	68.01	27.78	30.53	15.13	8.6	19.8	15.65
2	55.36	47.38	0.0	44.6	83.22	41.18	44.55	52.63	99.16	62.13	37.34	37.59	50.01	14.87	21.38	91.44	63.51	37.95	85.62	65.0	84.05	56.44	63.29	82.28	38.91	55.76	13.45	30.46	61.03	73.44	61.29	46.07	86.33	19.1	81.39	92.48	86.27	59.68	85.84	48.84	62.36	36.36	46.87	51.62	54.59
3	70.84	48.66	44.6	0.0	46.07	35.51	48.27	9.22	87.09	85.87	28.86	9.49	77.94	29.73	38.47	49.37	68.36	27.66	41.15	76.9	68.54	26.08	21.63	53.04	32.76	15.81	32.56	52.43	65.38	38.6	45.61	59.81	58.0	39.6	38.0	65.86	70.26	81.02	43.1	24.74	36.72	51.43	41.11	34.53	41.44
4	78.82	55.95	83.22	46.07	0.0	49.04	58.14	37.22	60.67	96.83	48.51	55.46	94.83	69.87	83.49	17.0	67.18	47.38	39.2	79.25	44.27	27.02	48.6	17.46	49.24	50.91	74.53	74.33	65.12	10.2	37.01	71.2	21.02	69.35	21.21	28.16	44.64	91.02	18.11	35.13	25.5	68.71	48.33	37.34	40.31
5	36.24	13.15	41.18	35.51	49.04	0.0	13.0	36.25	59.67	52.8	7.07	38.12	47.63	33.3	52.01	62.18	33.02	8.0	68.25	41.48	43.28	23.85	55.97	43.1	3.16	51.2	38.95	25.3	30.02	38.9	20.12	25.81	46.53	23.09	56.22	51.92	45.45	47.43	58.52	16.28	24.19	20.25	6.71	12.04	13.42
6	23.32	3.16	44.55	48.27	58.14	13.0	0.0	49.24	54.82	40.36	19.42	50.04	36.72	40.72	59.48	72.67	21.38	20.62	80.8	28.64	41.23	35.36	68.95	48.84	15.52	64.03	46.07	19.42	18.44	48.37	23.19	13.45	51.24	25.5	67.9	55.04	43.46	34.83	69.66	28.6	32.65	12.04	10.0	21.4	18.03
7	72.45	49.04	52.63	9.22	37.22	36.25	49.24	0.0	82.28	88.51	30.53	18.68	81.69	37.85	47.68	40.2	67.91	29.15	34.41	77.49	63.6	20.62	20.22	45.61	34.0	17.46	41.19	56.59	65.0	30.41	42.11	61.77	50.61	45.22	29.07	58.6	65.15	83.35	34.01	22.2	31.32	54.41	40.8	32.14	39.12
8	56.75	51.86	99.16	87.09	60.67	59.67	54.82	82.28	0.0	70.11	65.8	93.47	76.69	92.96	111.66	76.9	41.11	66.03	99.13	49.37	18.68	61.68	101.0	43.29	62.63	99.72	98.6	72.72	42.15	58.01	42.06	58.6	39.81	80.06	81.22	34.18	17.26	65.38	78.77	62.65	50.96	65.19	53.15	53.71	47.71
9	18.03	41.73	62.13	85.87	96.83	52.8	40.36	88.51	70.11	0.0	57.98	85.09	13.0	67.74	83.0	112.29	32.28	59.36	121.04	21.1	66.49	75.69	107.35	84.53	54.64	101.55	71.25	34.93	33.24	87.62	59.91	27.02	85.49	50.01	108.19	86.65	68.25	5.83	109.71	68.88	71.84	34.44	50.21	61.52	56.85
10	42.15	20.02	37.34	28.86	48.51	7.07	19.42	30.53	65.8	57.98	0.0	31.06	51.62	27.66	46.01	60.17	40.0	1.41	63.66	48.05	48.8	21.84	49.77	45.12	4.0	44.64	33.3	27.46	37.0	38.33	24.84	31.3	49.04	21.0	53.0	55.15	50.91	52.84	55.9	13.6	25.32	24.08	13.6	14.32	18.38
11	71.39	51.01	37.59	9.49	55.46	38.12	50.04	18.68	93.47	85.09	31.06	0.0	76.03	23.02	29.15	58.69	71.03	30.15	48.38	78.41	75.18	33.97	25.81	61.62	35.06	18.44	24.7	50.57	68.03	47.71	51.48	60.21	66.53	36.36	47.1	74.25	77.03	80.65	52.35	30.89	44.2	50.96	44.41	39.92	46.49
12	20.1	38.91	50.01	77.94	94.83	47.63	36.72	81.69	76.69	13.0	51.62	76.03	0.0	57.01	71.18	109.29	36.12	53.04	115.28	27.86	70.03	71.4	99.57	84.43	48.84	93.3	60.02	25.55	36.0	85.09	58.87	23.77	86.13	39.92	103.86	88.46	72.01	13.45	106.02	63.89	69.35	27.59	46.65	57.98	54.56
13	57.22	42.94	14.87	29.73	69.87	33.3	40.72	37.85	92.96	67.74	27.66	23.02	57.01	0.0	18.87	77.1	61.68	27.8	70.77	65.92	76.38	43.68	48.83	70.77	30.41	41.4	5.66	33.06	58.87	60.42	52.5	46.53	75.15	18.0	66.75	81.88	78.52	64.2	71.34	36.77	50.99	36.35	39.82	41.62	46.01
14	74.53	61.77	21.38	38.47	83.49	52.01	59.48	47.68	111.66	83.0	46.01	29.15	71.18	18.87	0.0	87.82	80.23	45.97	75.95	83.68	94.79	59.06	51.42	86.95	49.04	43.93	13.42	49.65	77.47	74.85	70.71	64.29	91.59	35.44	76.24	98.74	96.9	80.16	81.5	53.25	67.68	54.12	58.6	59.46	64.38
15	94.37	70.8	91.44	49.37	17.0	62.18	72.67	40.2	76.9	112.29	60.17	58.69	109.29	77.1	87.82	0.0	83.55	58.87	26.83	95.48	61.1	38.48	44.1	34.18	61.74	48.75	81.0	87.24	81.34	24.76	53.04	86.02	37.11	80.08	12.53	43.29	61.35	106.53	6.71	46.62	40.46	82.37	62.68	51.31	55.44
16	16.03	20.02	63.51	68.36	67.18	33.02	21.38	67.91	41.11	32.28	40.0	71.03	36.12	61.68	80.23	83.55	0.0	41.01	96.6	12.21	34.37	50.57	88.07	53.25	36.0	83.86	66.85	33.97	3.0	58.9	30.61	18.44	53.71	45.18	81.54	54.42	36.22	26.68	82.01	45.88	43.83	27.2	27.29	36.4	29.97
17	43.46	21.1	37.95	27.66	47.38	8.0	20.62	29.15	66.03	59.36	1.41	30.15	53.04	27.8	45.97	58.87	41.01	0.0	62.24	49.24	48.84	20.62	48.47	44.38	5.1	43.42	33.42	28.84	38.01	37.22	24.76	32.65	48.38	22.02	51.62	54.63	50.93	54.2	54.56	12.37	24.52	25.5	14.32	13.89	18.44
18	104.04	79.88	85.62	41.15	39.2	68.25	80.8	34.41	99.13	121.04	63.66	48.38	115.28	70.77	75.95	26.83	96.6	62.24	0.0	107.54	81.61	46.14	25.0	56.0	66.6	32.14	73.05	90.61	93.94	41.44	66.85	94.02	60.07	79.63	18.03	67.36	82.39	115.6	21.84	52.2	53.49	87.73	71.28	60.54	66.65
19	10.0	28.46	65.0	76.9	79.25	41.48	28.64	77.49	49.37	21.1	48.05	78.41	27.86	65.92	83.68	95.48	12.21	49.24	107.54	0.0	45.61	61.4	97.42	65.46	44.15	92.65	70.61	34.54	14.14	70.77	42.45	19.42	65.86	48.27	93.01	66.31	47.3	16.03	93.72	55.95	55.44	29.61	36.77	47.01	41.05
20	50.16	38.08	84.05	68.54	44.27	43.28	41.23	63.6	18.68	66.49	48.8	75.18	70.03	76.38	94.79	61.1	34.37	48.84	81.61	45.61	0.0	43.01	82.38	26.93	46.01	81.04	82.04	60.41	34.06	40.2	24.21	48.51	24.7	65.19	63.95	22.02	2.24	61.0	62.1	44.29	32.28	52.81	37.2	35.81	30.41
21	58.26	34.06	56.44	26.08	27.02	23.85	35.36	20.62	61.68	75.69	21.84	33.97	71.4	43.68	59.06	38.48	50.57	20.62	46.14	61.4	43.01	0.0	40.05	28.02	23.26	38.08	48.7	48.75	47.85	17.03	22.09	48.8	32.8	42.43	32.56	40.36	44.6	70.09	34.67	8.25	10.77	44.1	25.5	14.42	20.62
22	91.92	68.96	63.29	21.63	48.6	55.97	68.95	20.22	101.0	107.35	49.77	25.81	99.57	48.83	51.42	44.1	88.07	48.47	25.0	97.42	82.38	40.05	0.0	61.33	53.49	7.62	50.12	74.06	85.15	45.19	62.0	81.02	66.21	60.96	31.62	74.25	83.74	102.42	37.44	42.43	50.36	72.95	60.88	52.35	59.3
23	66.64	46.1	82.28	53.04	17.46	43.1	48.84	45.61	43.29	84.53	45.12	61.62	84.43	70.77	86.95	34.18	53.25	44.38	56.0	65.46	26.93	28.02	61.33	0.0	44.41	61.91	76.06	67.19	51.62	16.16	25.71	60.73	5.0	65.76	38.01	13.04	27.2	78.71	35.51	34.01	19.92	60.53	40.11	31.26	31.14
24	38.48	16.03	38.91	32.76	49.24	3.16	15.52	34.0	62.63	54.64	4.0	35.06	48.84	30.41	49.04	61.74	36.0	5.1	66.6	44.15	46.01	23.26	53.49	44.41	0.0	48.51	36.07	25.5	33.0	39.05	22.47	27.78	48.05	21.38	55.22	53.76	48.17	49.4	57.8	15.26	25.0	21.26	9.85	13.15	15.81
25	86.65	64.33	55.76	15.81	50.91	51.2	64.03	17.46	99.72	101.55	44.64	18.44	93.3	41.4	43.93	48.75	83.86	43.42	32.14	92.65	81.04	38.08	7.62	61.91	48.51	0.0	42.54	67.74	80.89	46.04	59.41	75.61	66.89	54.2	36.25	74.95	82.57	96.77	42.05	39.01	48.76	67.12	56.57	49.01	56.01
26	61.66	48.37	13.45	32.56	74.53	38.95	46.07	41.19	98.6	71.25	33.3	24.7	60.02	5.66	13.42	81.0	66.85	33.42	73.05	70.61	82.04	48.7	50.12	76.06	36.07	42.54	0.0	37.05	64.08	65.25	58.14	51.2	80.5	22.36	70.26	87.32	84.17	68.01	75.06	42.05	56.36	41.0	45.45	47.2	51.66
27	25.0	22.56	30.46	52.43	74.33	25.3	19.42	56.59	72.72	34.93	27.46	50.57	25.55	33.06	49.65	87.24	33.97	28.84	90.61	34.54	60.41	48.75	74.06	67.19	25.5	67.74	37.05	0.0	31.83	64.2	42.01	15.81	70.01	15.13	80.45	74.24	62.63	31.14	83.24	40.71	49.24	7.62	27.07	37.11	36.06
28	16.12	17.03	61.03	65.38	65.12	30.02	18.44	65.0	42.15	33.24	37.0	68.03	36.0	58.87	77.47	81.34	3.0	38.01	93.94	14.14	34.06	47.85	85.15	51.62	33.0	80.89	64.08	31.83	0.0	56.64	28.32	16.64	52.33	42.54	79.06	53.45	36.01	27.51	79.65	43.01	41.4	24.84	24.33	33.62	27.29
29	69.66	46.32	73.44	38.6	10.2	38.9	48.37	30.41	58.01	87.62	38.33	47.71	85.09	60.42	74.85	24.76	58.9	37.22	41.44	70.77	40.2	17.03	45.19	16.16	39.05	46.04	65.25	64.2	56.64	0.0	28.32	61.59	21.02	59.21	24.04	29.07	41.05	81.84	23.32	25.02	15.81	58.69	38.47	27.31	30.81
30	41.88	20.4	61.29	45.61	37.01	20.12	23.19	42.11	42.06	59.91	24.84	51.48	58.87	52.5	70.71	53.04	30.61	24.76	66.85	42.45	24.21	22.09	62.0	25.71	22.47	59.41	58.14	42.01	28.32	28.32	0.0	35.11	28.07	43.08	51.11	32.39	26.25	54.08	51.4	20.88	13.42	35.06	15.3	11.66	6.71
31	11.18	15.26	46.07	59.81	71.2	25.81	13.45	61.77	58.6	27.02	31.3	60.21	23.77	46.53	64.29	86.02	18.44	32.65	94.02	19.42	48.51	48.8	81.02	60.73	27.78	75.61	51.2	15.81	16.64	61.59	35.11	0.0	62.59	28.86	81.34	65.38	50.64	21.63	83.1	41.87	45.79	10.2	23.43	34.83	30.89
32	67.78	48.37	86.33	58.0	21.02	46.53	51.24	50.61	39.81	85.49	49.04	66.53	86.13	75.15	91.59	37.11	53.71	48.38	60.07	65.86	24.7	32.8	66.21	5.0	48.05	66.89	80.5	70.01	52.33	21.02	28.07	62.59	0.0	69.43	42.05	8.06	24.6	79.71	39.12	38.47	24.17	63.13	43.01	34.93	34.01
33	39.32	28.28	19.1	39.6	69.35	23.09	25.5	45.22	80.06	50.01	21.0	36.36	39.92	18.0	35.44	80.08	45.18	22.02	79.63	48.27	65.19	42.43	60.96	65.76	21.38	54.2	22.36	15.13	42.54	59.21	43.08	28.86	69.43	0.0	71.69	75.0	67.42	46.27	75.27	34.23	46.17	18.68	28.18	34.53	36.4
34	90.61	66.48	81.39	38.0	21.21	56.22	67.9	29.07	81.22	108.19	53.0	47.1	103.86	66.75	76.24	12.53	81.54	51.62	18.03	93.01	63.95	32.56	31.62	38.01	55.22	36.25	70.26	80.45	79.06	24.04	51.11	81.34	42.05	71.69	0.0	49.37	64.63	102.55	5.83	40.0	37.74	76.4	57.98	46.69	52.01
35	69.38	52.01	92.48	65.86	28.16	51.92	55.04	58.6	34.18	86.65	55.15	74.25	88.46	81.88	98.74	43.29	54.42	54.63	67.36	66.31	22.02	40.36	74.25	13.04	53.76	74.95	87.32	74.24	53.45	29.07	32.39	65.38	8.06	75.0	49.37	0.0	21.21	80.96	46.01	45.49	31.06	67.07	47.68	40.85	38.83
36	52.09	40.31	86.27	70.26	44.64	45.45	43.46	65.15	17.26	68.25	50.91	77.03	72.01	78.52	96.9	61.35	36.22	50.93	82.39	47.3	2.24	44.6	83.74	27.2	48.17	82.57	84.17	62.63	36.01	41.05	26.25	50.64	24.6	67.42	64.63	21.21	0.0	62.8	62.59	46.14	33.84	55.03	39.41	37.8	32.53
37	12.21	36.07	59.68	81.02	91.02	47.43	34.83	83.35	65.38	5.83	52.84	80.65	13.45	64.2	80.16	106.53	26.68	54.2	115.6	16.03	61.0	70.09	102.42	78.71	49.4	96.77	68.01	31.14	27.51	81.84	54.08	21.63	79.71	46.27	102.55	80.96	62.8	0.0	104.0	63.41	66.07	29.73	44.6	55.87	51.09
38	91.93	68.01	85.84	43.1	18.11	58.52	69.66	34.01	78.77	109.71	55.9	52.35	106.02	71.34	81.5	6.71	82.01	54.56	21.84	93.72	62.1	34.67	37.44	35.51	57.8	42.05	75.06	83.24	79.65	23.32	51.4	83.1	39.12	75.27	5.83	46.01	62.59	104.0	0.0	42.54	38.29	78.77	59.67	48.27	53.04
39	51.87	27.78	48.84	24.74	35.13	16.28	28.6	22.2	62.65	68.88	13.6	30.89	63.89	36.77	53.25	46.62	45.88	12.37	52.2	55.95	44.29	8.25	42.43	34.01	15.26	39.01	42.05	40.71	43.01	25.02	20.88	41.87	38.47	34.23	40.0	45.49	46.14	63.41	42.54	0.0	14.42	36.4	19.24	10.0	17.0
40	53.91	30.53	62.36	36.72	25.5	24.19	32.65	31.32	50.96	71.84	25.32	44.2	69.35	50.99	67.68	40.46	43.83	24.52	53.49	55.44	32.28	10.77	50.36	19.92	25.0	48.76	56.36	49.24	41.4	15.81	13.42	45.79	24.17	46.17	37.74	31.06	33.84	66.07	38.29	14.42	0.0	43.32	22.85	12.17	15.0
41	21.0	15.13	36.36	51.43	68.71	20.25	12.04	54.41	65.19	34.44	24.08	50.96	27.59	36.35	54.12	82.37	27.2	25.5	87.73	29.61	52.81	44.1	72.95	60.53	21.26	67.12	41.0	7.62	24.84	58.69	35.06	10.2	63.13	18.68	76.4	67.07	55.03	29.73	78.77	36.4	43.32	0.0	20.62	31.38	29.43
42	32.8	8.6	46.87	41.11	48.33	6.71	10.0	40.8	53.15	50.21	13.6	44.41	46.65	39.82	58.6	62.68	27.29	14.32	71.28	36.77	37.2	25.5	60.88	40.11	9.85	56.57	45.45	27.07	24.33	38.47	15.3	23.43	43.01	28.18	57.98	47.68	39.41	44.6	59.67	19.24	22.85	20.62	0.0	11.4	9.0
43	43.93	19.8	51.62	34.53	37.34	12.04	21.4	32.14	53.71	61.52	14.32	39.92	57.98	41.62	59.46	51.31	36.4	13.89	60.54	47.01	35.81	14.42	52.35	31.26	13.15	49.01	47.2	37.11	33.62	27.31	11.66	34.83	34.93	34.53	46.69	40.85	37.8	55.87	48.27	10.0	12.17	31.38	11.4	0.0	7.0
44	38.95	15.65	54.59	41.44	40.31	13.42	18.03	39.12	47.71	56.85	18.38	46.49	54.56	46.01	64.38	55.44	29.97	18.44	66.65	41.05	30.41	20.62	59.3	31.14	15.81	56.01	51.66	36.06	27.29	30.81	6.71	30.89	34.01	36.4	52.01	38.83	32.53	51.09	53.04	17.0	15.0	29.43	9.0	7.0	0.0
;
