vehicles
vehicle_idx, capacity, cost_per_unit_distance
1,100,3
2,100,3
3,100,3
4,100,3
5,100,3
depot
node_idx,x,y
0,69,63
home delivery customers
node_idx,x,y,service_time,demand
1,87,23,10,18
2,55,71,10,23
3,41,51,10,8
4,75,69,10,17
5,97,95,10,13
6,63,95,10,13
7,47,41,10,19
8,45,59,10,9
9,59,29,10,4
10,33,85,10,2
11,37,37,10,24
12,21,91,10,13
13,67,95,10,14
self pickup customers
node_idx,x,y,service_time,demand,locker_idxs
14,3,35,10,12,41-39-38
15,71,79,10,5,40-39
16,1,47,10,8,44-39-38
17,11,49,10,1,40-39-38
18,75,89,10,5,40-39-38
19,15,13,10,9,40-39
20,89,43,10,26,41-38
21,19,83,10,21,42-39-38
22,71,69,10,8,40-39
23,35,39,10,19,41-39
24,61,21,10,7,41-38
25,61,15,10,14,40-38
flexible customers
node_idx,x,y,service_time,demand,locker_idxs
26,11,15,10,12,40-39-38
27,37,33,10,12,43-41-44-39
28,87,29,10,11,40-38-39
29,35,81,10,19,40-39-38
30,93,9,10,25,44-38
31,45,41,10,5,41-44-43-42-39-38
32,95,23,10,20,44-38-39
33,27,19,10,12,41-38-39
34,17,57,10,13,40-39-38
35,93,15,10,12,40-38-39
36,33,51,10,25,40-42-43-41-44-39-38
37,89,53,10,3,41-38
lockers
node_idx,x,y,service_time,capacity,cost_per_unit_good
38,93,12,10,76
39,22,88,10,76
40,48,70,10,98
41,52,44,10,81
42,48,57,10,76
43,52,53,10,70
44,46,48,10,97
mrt lines
start_node_idx,end_node_idx,freight_capacity,cost_per_unit_good
distance matrix
,0,1,2,3,4,5,6,7,8,9,10,11,12,13,14,15,16,17,18,19,20,21,22,23,24,25,26,27,28,29,30,31,32,33,34,35,36,37,38,39,40,41,42,43,44,
0,0.0,43.86,16.12,30.46,8.49,42.52,32.56,31.11,24.33,35.44,42.19,41.23,55.57,32.06,71.69,16.12,69.86,59.67,26.68,73.59,28.28,53.85,6.32,41.62,42.76,48.66,75.29,43.86,38.47,38.47,59.09,32.56,47.71,60.83,52.35,53.67,37.95,22.36,56.36,53.24,22.14,25.5,21.84,19.72,27.46
1,43.86,0.0,57.69,53.85,47.54,72.69,75.89,43.86,55.32,28.64,82.22,51.92,94.76,74.73,84.85,58.24,89.29,80.32,67.08,72.69,20.1,90.69,48.7,54.41,26.08,27.2,76.42,50.99,6.0,77.9,15.23,45.69,8.0,60.13,77.82,10.0,60.83,30.07,12.53,91.92,61.07,40.82,51.74,46.1,48.02
2,16.12,57.69,0.0,24.41,20.1,48.37,25.3,31.05,15.62,42.19,26.08,38.47,39.45,26.83,63.25,17.89,59.09,49.19,26.91,70.46,44.05,37.95,16.12,37.74,50.36,56.32,71.22,42.05,52.8,22.36,72.72,31.62,62.48,59.06,40.5,67.68,29.73,38.47,70.18,37.12,7.07,27.17,15.65,18.25,24.7
3,30.46,53.85,24.41,0.0,38.47,71.22,49.19,11.66,8.94,28.43,34.93,14.56,44.72,51.11,41.23,41.04,40.2,30.07,50.99,46.04,48.66,38.83,34.99,13.42,36.06,41.18,46.86,18.44,50.99,30.59,66.84,10.77,60.83,34.93,24.74,63.25,8.0,48.04,65.0,41.59,20.25,13.04,9.22,11.18,5.83
4,8.49,47.54,20.1,38.47,0.0,34.06,28.64,39.6,31.62,43.08,44.94,49.68,58.31,27.2,79.62,10.77,77.2,67.05,20.0,82.07,29.53,57.72,4.0,50.0,50.0,55.79,83.74,52.35,41.76,41.76,62.64,41.04,50.16,69.31,59.23,56.92,45.69,21.26,59.77,56.3,27.02,33.97,29.55,28.02,35.81
5,42.52,72.69,48.37,71.22,34.06,0.0,34.0,73.59,63.25,76.16,64.78,83.45,76.11,30.0,111.52,30.53,107.33,97.53,22.8,115.97,52.61,78.92,36.77,83.55,82.29,87.73,117.46,86.28,66.75,63.56,86.09,74.97,72.03,103.32,88.57,80.1,77.67,42.76,83.1,75.33,55.01,68.01,62.01,61.55,69.35
6,32.56,75.89,25.3,49.19,28.64,34.0,0.0,56.32,40.25,66.12,31.62,63.56,42.19,4.0,84.85,17.89,78.41,69.43,13.42,95.02,58.14,45.61,27.2,62.61,74.03,80.02,95.41,67.23,70.23,31.3,91.08,56.92,78.79,84.1,59.67,85.44,53.25,49.4,88.26,41.59,29.15,52.17,40.85,43.42,49.98
7,31.11,43.86,31.05,11.66,39.6,73.59,56.32,0.0,18.11,16.97,46.17,10.77,56.36,57.58,44.41,44.94,46.39,36.88,55.57,42.52,42.05,50.48,36.88,12.17,24.41,29.53,44.41,12.81,41.76,41.76,56.04,2.0,51.26,29.73,34.0,52.84,17.2,43.68,54.38,53.24,29.02,5.83,16.03,13.0,7.07
8,24.33,55.32,15.62,8.94,31.62,63.25,40.25,18.11,0.0,33.11,28.64,23.41,40.0,42.19,48.37,32.8,45.61,35.44,42.43,54.92,46.82,35.38,27.86,22.36,41.23,46.82,55.61,27.2,51.61,24.17,69.31,18.0,61.61,43.86,28.07,65.12,14.42,44.41,67.18,37.01,11.4,16.55,3.61,9.22,11.05
9,35.44,28.64,42.19,28.43,43.08,76.16,66.12,16.97,33.11,0.0,61.74,23.41,72.72,66.48,56.32,51.42,60.73,52.0,62.1,46.82,33.11,67.2,41.76,26.0,8.25,14.14,50.0,22.36,28.0,57.27,39.45,18.44,36.5,33.53,50.48,36.77,34.06,38.42,38.01,69.64,42.45,16.55,30.08,25.0,23.02
10,42.19,82.22,26.08,34.93,44.94,64.78,31.62,46.17,28.64,61.74,0.0,48.17,13.42,35.44,58.31,38.47,49.68,42.19,42.19,74.22,70.0,14.14,41.23,46.04,69.86,75.39,73.38,52.15,77.79,4.47,96.83,45.61,87.68,66.27,32.25,92.2,34.0,64.5,94.49,11.4,21.21,45.19,31.76,37.22,39.22
11,41.23,51.92,38.47,14.56,49.68,83.45,63.56,10.77,23.41,23.41,48.17,0.0,56.32,65.3,34.06,54.04,37.36,28.64,64.4,32.56,52.35,49.4,46.69,2.83,28.84,32.56,34.06,4.0,50.64,44.05,62.61,8.94,59.67,20.59,28.28,60.17,14.56,54.41,61.33,53.16,34.79,16.55,22.83,21.93,14.21
12,55.57,94.76,39.45,44.72,58.31,76.11,42.19,56.36,40.0,72.72,13.42,56.32,0.0,46.17,58.82,51.42,48.33,43.17,54.04,78.23,83.23,8.25,54.63,53.85,80.62,85.88,76.66,60.17,90.55,17.2,109.12,55.46,100.5,72.25,34.23,104.69,41.76,77.9,106.89,3.16,34.21,56.3,43.42,49.04,49.74
13,32.06,74.73,26.83,51.11,27.2,30.0,4.0,57.58,42.19,66.48,35.44,65.3,46.17,0.0,87.73,16.49,81.61,72.47,10.0,97.1,56.46,49.48,26.31,64.5,74.24,80.22,97.65,68.88,68.96,34.93,89.84,58.31,77.25,85.88,62.8,84.12,55.61,47.41,86.98,45.54,31.4,53.16,42.49,44.6,51.48
14,71.69,84.85,63.25,41.23,79.62,111.52,84.85,44.41,48.37,56.32,58.31,34.06,58.82,87.73,0.0,80.99,12.17,16.12,90.0,25.06,86.37,50.6,76.03,32.25,59.67,61.35,21.54,34.06,84.21,56.04,93.68,42.43,92.78,28.84,26.08,92.2,34.0,87.86,92.89,56.3,57.01,49.82,50.09,52.2,44.92
15,16.12,58.24,17.89,41.04,10.77,30.53,17.89,44.94,32.8,51.42,38.47,54.04,51.42,16.49,80.99,0.0,76.97,67.08,10.77,86.56,40.25,52.15,10.0,53.81,58.86,64.78,87.73,57.2,52.5,36.06,73.38,46.04,60.93,74.4,58.31,67.68,47.2,31.62,70.52,49.82,24.7,39.82,31.83,32.2,39.82
16,69.86,89.29,59.09,40.2,77.2,107.33,78.41,46.39,45.61,60.73,49.68,37.36,48.33,81.61,12.17,76.97,0.0,10.2,85.09,36.77,88.09,40.25,73.38,34.93,65.39,68.0,33.53,38.63,87.86,48.08,99.54,44.41,97.02,38.21,18.87,97.41,32.25,88.2,98.43,46.07,52.33,51.09,48.05,51.35,45.01
17,59.67,80.32,49.19,30.07,67.05,97.53,69.43,36.88,35.44,52.0,42.19,28.64,43.17,72.47,16.12,67.08,10.2,0.0,75.47,36.22,78.23,34.93,63.25,26.0,57.31,60.46,34.0,30.53,78.59,40.0,91.24,34.93,87.93,34.0,10.0,88.77,22.09,78.1,89.96,40.52,42.54,41.3,37.85,41.19,35.01
18,26.68,67.08,26.91,50.99,20.0,22.8,13.42,55.57,42.43,62.1,42.19,64.4,54.04,10.0,90.0,10.77,85.09,75.47,0.0,96.83,48.08,56.32,20.4,64.03,69.43,75.31,97.84,67.68,61.19,40.79,82.0,56.6,68.96,84.88,66.24,76.16,56.64,38.63,79.08,53.01,33.02,50.54,41.87,42.72,50.22
19,73.59,72.69,70.46,46.04,82.07,115.97,95.02,42.52,54.92,46.82,74.22,32.56,78.23,97.1,25.06,86.56,36.77,36.22,96.83,0.0,79.85,70.11,79.2,32.8,46.69,46.04,4.47,29.73,73.76,70.88,78.1,41.04,80.62,13.42,44.05,78.03,42.05,84.12,78.01,75.33,65.86,48.27,55.0,54.49,46.75
20,28.28,20.1,44.05,48.66,29.53,52.61,58.14,42.05,46.82,33.11,70.0,52.35,83.23,56.46,86.37,40.25,88.09,78.23,48.08,79.85,0.0,80.62,31.62,54.15,35.61,39.6,82.87,52.95,14.14,66.03,34.23,44.05,20.88,66.48,73.35,28.28,56.57,10.0,31.26,80.71,49.09,37.01,43.32,38.33,43.29
21,53.85,90.69,37.95,38.83,57.72,78.92,45.61,50.48,35.38,67.2,14.14,49.4,8.25,49.48,50.6,52.15,40.25,34.93,56.32,70.11,80.62,0.0,53.85,46.82,74.89,79.92,68.47,53.14,86.83,16.12,104.65,49.4,96.83,64.5,26.08,100.5,34.93,76.16,102.55,5.83,31.78,51.09,38.95,44.6,44.2
22,6.32,48.7,16.12,34.99,4.0,36.77,27.2,36.88,27.86,41.76,41.23,46.69,54.63,26.31,76.03,10.0,73.38,63.25,20.4,79.2,31.62,53.85,0.0,46.86,49.03,54.92,80.72,49.52,43.08,37.95,63.91,38.21,51.88,66.6,55.32,58.31,42.05,24.08,61.1,52.55,23.02,31.4,25.94,24.84,32.65
23,41.62,54.41,37.74,13.42,50.0,83.55,62.61,12.17,22.36,26.0,46.04,2.83,53.85,64.5,32.25,53.81,34.93,26.0,64.03,32.8,54.15,46.82,46.86,0.0,31.62,35.38,33.94,6.32,52.95,42.0,65.3,10.2,62.1,21.54,25.46,62.77,12.17,55.79,63.98,50.7,33.62,17.72,22.2,22.02,14.21
24,42.76,26.08,50.36,36.06,50.0,82.29,74.03,24.41,41.23,8.25,69.86,28.84,80.62,74.24,59.67,58.86,65.39,57.31,69.43,46.69,35.61,74.89,49.03,31.62,0.0,6.0,50.36,26.83,27.2,65.39,34.18,25.61,34.06,34.06,56.85,32.56,41.04,42.52,33.24,77.52,50.7,24.7,38.28,33.24,30.89
25,48.66,27.2,56.32,41.18,55.79,87.73,80.02,29.53,46.82,14.14,75.39,32.56,85.88,80.22,61.35,64.78,68.0,60.46,75.31,46.04,39.6,79.92,54.92,35.38,6.0,0.0,50.0,30.0,29.53,70.94,32.56,30.53,34.93,34.23,60.83,32.0,45.61,47.2,32.14,82.76,56.52,30.36,43.97,39.05,36.25
26,75.29,76.42,71.22,46.86,83.74,117.46,95.41,44.41,55.61,50.0,73.38,34.06,76.66,97.65,21.54,87.73,33.53,34.0,97.84,4.47,82.87,68.47,80.72,33.94,50.36,50.0,0.0,31.62,77.28,70.23,82.22,42.8,84.38,16.49,42.43,82.0,42.19,86.76,82.05,73.82,66.29,50.22,55.97,55.9,48.1
27,43.86,50.99,42.05,18.44,52.35,86.28,67.23,12.81,27.2,22.36,52.15,4.0,60.17,68.88,34.06,57.2,38.63,30.53,67.68,29.73,52.95,53.14,49.52,6.32,26.83,30.0,31.62,0.0,50.16,48.04,60.93,11.31,58.86,17.2,31.24,58.82,18.44,55.71,59.81,57.01,38.6,18.6,26.4,25.0,17.49
28,38.47,6.0,52.8,50.99,41.76,66.75,70.23,41.76,51.61,28.0,77.79,50.64,90.55,68.96,84.21,52.5,87.86,78.59,61.19,73.76,14.14,86.83,43.08,52.95,27.2,29.53,77.28,50.16,0.0,73.54,20.88,43.68,10.0,60.83,75.39,15.23,58.31,24.08,18.03,87.78,56.59,38.08,48.01,42.44,45.19
29,38.47,77.9,22.36,30.59,41.76,63.56,31.3,41.76,24.17,57.27,4.47,44.05,17.2,34.93,56.04,36.06,48.08,40.0,40.79,70.88,66.03,16.12,37.95,42.0,65.39,70.94,70.23,48.04,73.54,0.0,92.46,41.23,83.45,62.51,30.0,87.86,30.07,60.83,90.14,14.76,17.03,40.72,27.29,32.76,34.79
30,59.09,15.23,72.72,66.84,62.64,86.09,91.08,56.04,69.31,39.45,96.83,62.61,109.12,89.84,93.68,73.38,99.54,91.24,82.0,78.1,34.23,104.65,63.91,65.3,34.18,32.56,82.22,60.93,20.88,92.46,0.0,57.69,14.14,66.75,89.89,6.0,73.24,44.18,3.0,106.22,75.8,53.91,65.8,60.14,61.07
31,32.56,45.69,31.62,10.77,41.04,74.97,56.92,2.0,18.0,18.44,45.61,8.94,55.46,58.31,42.43,46.04,44.41,34.93,56.6,41.04,44.05,49.4,38.21,10.2,25.61,30.53,42.8,11.31,43.68,41.23,57.69,0.0,53.14,28.43,32.25,54.59,15.62,45.61,56.08,52.33,29.15,7.62,16.28,13.89,7.07
32,47.71,8.0,62.48,60.83,50.16,72.03,78.79,51.26,61.61,36.5,87.68,59.67,100.5,77.25,92.78,60.93,97.02,87.93,68.96,80.62,20.88,96.83,51.88,62.1,34.06,34.93,84.38,58.86,10.0,83.45,14.14,53.14,0.0,68.12,85.09,8.25,68.03,30.59,11.18,97.74,66.47,47.85,58.01,52.43,55.01
33,60.83,60.13,59.06,34.93,69.31,103.32,84.1,29.73,43.86,33.53,66.27,20.59,72.25,85.88,28.84,74.4,38.21,34.0,84.88,13.42,66.48,64.5,66.6,21.54,34.06,34.23,16.49,17.2,60.83,62.51,66.75,28.43,68.12,0.0,39.29,66.12,32.56,70.71,66.37,69.18,55.15,35.36,43.42,42.2,34.67
34,52.35,77.82,40.5,24.74,59.23,88.57,59.67,34.0,28.07,50.48,32.25,28.28,34.23,62.8,26.08,58.31,18.87,10.0,66.24,44.05,73.35,26.08,55.32,25.46,56.85,60.83,42.43,31.24,75.39,30.0,89.89,32.25,85.09,39.29,0.0,86.83,17.09,72.11,88.32,31.4,33.62,37.34,31.0,35.23,30.36
35,53.67,10.0,67.68,63.25,56.92,80.1,85.44,52.84,65.12,36.77,92.2,60.17,104.69,84.12,92.2,67.68,97.41,88.77,76.16,78.03,28.28,100.5,58.31,62.77,32.56,32.0,82.0,58.82,15.23,87.86,6.0,54.59,8.25,66.12,86.83,0.0,69.97,38.21,3.0,101.83,71.06,50.22,61.55,55.9,57.43
36,37.95,60.83,29.73,8.0,45.69,77.67,53.25,17.2,14.42,34.06,34.0,14.56,41.76,55.61,34.0,47.2,32.25,22.09,56.64,42.05,56.57,34.93,42.05,12.17,41.04,45.61,42.19,18.44,58.31,30.07,73.24,15.62,68.03,32.56,17.09,69.97,0.0,56.04,71.56,38.6,24.21,20.25,16.16,19.1,13.34
37,22.36,30.07,38.47,48.04,21.26,42.76,49.4,43.68,44.41,38.42,64.5,54.41,77.9,47.41,87.86,31.62,88.2,78.1,38.63,84.12,10.0,76.16,24.08,55.79,42.52,47.2,86.76,55.71,24.08,60.83,44.18,45.61,30.59,70.71,72.11,38.21,56.04,0.0,41.19,75.59,44.38,38.08,41.19,37.0,43.29
38,56.36,12.53,70.18,65.0,59.77,83.1,88.26,54.38,67.18,38.01,94.49,61.33,106.89,86.98,92.89,70.52,98.43,89.96,79.08,78.01,31.26,102.55,61.1,63.98,33.24,32.14,82.05,59.81,18.03,90.14,3.0,56.08,11.18,66.37,88.32,3.0,71.56,41.19,0.0,104.0,73.41,52.01,63.64,57.98,59.2
39,53.24,91.92,37.12,41.59,56.3,75.33,41.59,53.24,37.01,69.64,11.4,53.16,3.16,45.54,56.3,49.82,46.07,40.52,53.01,75.33,80.71,5.83,52.55,50.7,77.52,82.76,73.82,57.01,87.78,14.76,106.22,52.33,97.74,69.18,31.4,101.83,38.6,75.59,104.0,0.0,31.62,53.25,40.46,46.1,46.65
40,22.14,61.07,7.07,20.25,27.02,55.01,29.15,29.02,11.4,42.45,21.21,34.79,34.21,31.4,57.01,24.7,52.33,42.54,33.02,65.86,49.09,31.78,23.02,33.62,50.7,56.52,66.29,38.6,56.59,17.03,75.8,29.15,66.47,55.15,33.62,71.06,24.21,44.38,73.41,31.62,0.0,26.31,13.0,17.46,22.09
41,25.5,40.82,27.17,13.04,33.97,68.01,52.17,5.83,16.55,16.55,45.19,16.55,56.3,53.16,49.82,39.82,51.09,41.3,50.54,48.27,37.01,51.09,31.4,17.72,24.7,30.36,50.22,18.6,38.08,40.72,53.91,7.62,47.85,35.36,37.34,50.22,20.25,38.08,52.01,53.25,26.31,0.0,13.6,9.0,7.21
42,21.84,51.74,15.65,9.22,29.55,62.01,40.85,16.03,3.61,30.08,31.76,22.83,43.42,42.49,50.09,31.83,48.05,37.85,41.87,55.0,43.32,38.95,25.94,22.2,38.28,43.97,55.97,26.4,48.01,27.29,65.8,16.28,58.01,43.42,31.0,61.55,16.16,41.19,63.64,40.46,13.0,13.6,0.0,5.66,9.22
43,19.72,46.1,18.25,11.18,28.02,61.55,43.42,13.0,9.22,25.0,37.22,21.93,49.04,44.6,52.2,32.2,51.35,41.19,42.72,54.49,38.33,44.6,24.84,22.02,33.24,39.05,55.9,25.0,42.44,32.76,60.14,13.89,52.43,42.2,35.23,55.9,19.1,37.0,57.98,46.1,17.46,9.0,5.66,0.0,7.81
44,27.46,48.02,24.7,5.83,35.81,69.35,49.98,7.07,11.05,23.02,39.22,14.21,49.74,51.48,44.92,39.82,45.01,35.01,50.22,46.75,43.29,44.2,32.65,14.21,30.89,36.25,48.1,17.49,45.19,34.79,61.07,7.07,55.01,34.67,30.36,57.43,13.34,43.29,59.2,46.65,22.09,7.21,9.22,7.81,0.0
