vehicles
vehicle_idx, capacity, cost_per_unit_distance
1,100,3
2,100,3
3,100,3
4,100,3
5,100,3
depot
node_idx,x,y
0,15,19
home delivery customers
node_idx,x,y,service_time,demand
1,1,49,10,1
2,71,61,10,2
3,55,47,10,18
4,19,47,10,12
5,57,63,10,21
6,5,95,10,2
7,19,91,10,4
8,67,91,10,2
9,15,79,10,11
10,27,49,10,19
11,61,83,10,21
12,71,41,10,23
13,91,21,10,11
self pickup customers
node_idx,x,y,service_time,demand,locker_idxs
14,23,13,10,23,38-36
15,69,1,10,9,39-36-37
16,3,25,10,10,39-37
17,21,81,10,19,38-37-36
18,41,23,10,20,40-41-38-42-36-37
19,19,75,10,15,38-37
20,79,47,10,6,39-36-37
21,19,65,10,13,39-37-36
22,21,91,10,11,38-37
23,15,83,10,12,38-37
24,31,87,10,2,39-37
flexible customers
node_idx,x,y,service_time,demand,locker_idxs
25,87,25,10,14,39-36-37
26,69,65,10,15,39-37
27,93,91,10,11,40-37-36
28,33,31,10,18,38-42-41-40-37-36
29,29,9,10,22,38-36
30,93,7,10,7,38-36
31,65,43,10,14,39-42-38-41-40-36-37
32,29,17,10,13,38-36
33,25,65,10,8,38-42-37-36
34,59,51,10,15,39-40-41-42-38-36-37
35,27,95,10,18,38-37-36
lockers
node_idx,x,y,service_time,capacity,cost_per_unit_good
36,93,12,10,74
37,22,88,10,70
38,43,48,10,92
39,55,46,10,90
40,48,37,10,75
41,46,45,10,70
42,45,48,10,97
mrt lines
start_node_idx,end_node_idx,freight_capacity,cost_per_unit_good
distance matrix
,0,1,2,3,4,5,6,7,8,9,10,11,12,13,14,15,16,17,18,19,20,21,22,23,24,25,26,27,28,29,30,31,32,33,34,35,36,37,38,39,40,41,42,
0,0.0,33.11,70.0,48.83,28.28,60.83,76.66,72.11,88.81,60.0,32.31,78.82,60.17,76.03,10.0,56.92,13.42,62.29,26.31,56.14,69.86,46.17,72.25,64.0,69.86,72.25,70.94,106.15,21.63,17.2,78.92,55.46,14.14,47.07,54.41,76.94,78.31,69.35,40.31,48.26,37.59,40.46,41.73
1,33.11,0.0,71.02,54.04,18.11,57.72,46.17,45.69,78.23,33.11,26.0,68.96,70.46,94.25,42.19,83.23,24.08,37.74,47.71,31.62,78.03,24.08,46.52,36.77,48.41,89.29,69.86,101.13,36.72,48.83,101.13,64.28,42.52,28.84,58.03,52.84,99.16,44.29,42.01,54.08,48.51,45.18,44.01
2,70.0,71.02,0.0,21.26,53.85,14.14,74.24,60.03,30.27,58.82,45.61,24.17,20.0,44.72,67.88,60.03,76.94,53.85,48.41,53.85,16.12,52.15,58.31,60.17,47.71,39.4,4.47,37.2,48.41,66.84,58.31,18.97,60.83,46.17,15.62,55.61,53.71,55.95,30.87,21.93,33.24,29.68,29.07
3,48.83,54.04,21.26,0.0,36.0,16.12,69.31,56.85,45.61,51.22,28.07,36.5,17.09,44.41,46.69,48.08,56.46,48.08,27.78,45.61,24.0,40.25,55.61,53.81,46.65,38.83,22.8,58.14,27.2,46.04,55.17,10.77,39.7,34.99,5.66,55.57,51.66,52.63,12.04,1.0,12.21,9.22,10.05
4,28.28,18.11,53.85,36.0,0.0,41.23,50.0,44.0,65.12,32.25,8.25,55.32,52.35,76.55,34.23,67.94,27.2,34.06,32.56,28.0,60.0,18.0,44.05,36.22,41.76,71.47,53.14,86.09,21.26,39.29,84.12,46.17,31.62,18.97,40.2,48.66,81.86,41.11,24.02,36.01,30.68,27.07,26.02
5,60.83,57.72,14.14,16.12,41.23,0.0,61.06,47.2,29.73,44.94,33.11,20.4,26.08,54.04,60.46,63.15,66.03,40.25,43.08,39.85,27.2,38.05,45.61,46.52,35.38,48.41,12.17,45.61,40.0,60.83,66.57,21.54,53.85,32.06,12.17,43.86,62.43,43.01,20.52,17.12,27.51,21.1,19.21
6,76.66,46.17,74.24,69.31,50.0,61.06,0.0,14.56,62.13,18.87,50.99,57.27,85.28,113.45,83.95,113.72,70.03,21.26,80.5,24.41,88.2,33.11,16.49,15.62,27.2,107.81,70.68,88.09,69.86,89.29,124.45,79.4,81.61,36.06,69.66,22.0,120.97,18.38,60.44,70.01,72.2,64.66,61.72
7,72.11,45.69,60.03,56.85,44.0,47.2,14.56,0.0,48.0,12.65,42.76,42.76,72.14,100.42,78.1,102.96,67.91,10.2,71.47,16.0,74.4,26.0,2.0,8.94,12.65,94.76,56.36,74.0,61.61,82.61,111.95,66.48,74.67,26.68,56.57,8.94,108.25,4.24,49.24,57.63,61.29,53.34,50.25
8,88.81,78.23,30.27,45.61,65.12,29.73,62.13,48.0,0.0,53.37,58.0,10.0,50.16,74.0,89.55,90.02,91.93,47.07,72.8,50.6,45.61,54.59,46.0,52.61,36.22,68.96,26.08,26.0,68.96,90.38,87.93,48.04,83.19,49.4,40.79,40.2,83.17,45.1,49.24,46.57,57.25,50.57,48.3
9,60.0,33.11,58.82,51.22,32.25,44.94,18.87,12.65,53.37,0.0,32.31,46.17,67.68,95.6,66.48,94.87,55.32,6.32,61.74,5.66,71.55,14.56,13.42,4.0,17.89,90.0,55.79,78.92,51.26,71.39,106.15,61.61,63.56,17.2,52.15,20.0,102.83,11.4,41.77,51.86,53.41,46.01,43.14
10,32.31,26.0,45.61,28.07,8.25,33.11,50.99,42.76,58.0,32.31,0.0,48.08,44.72,69.86,36.22,63.78,33.94,32.56,29.53,27.2,52.04,17.89,42.43,36.06,38.21,64.62,44.94,78.23,18.97,40.05,78.23,38.47,32.06,16.12,32.06,46.0,75.66,39.32,16.03,28.16,24.19,19.42,18.03
11,78.82,68.96,24.17,36.5,55.32,20.4,57.27,42.76,10.0,46.17,48.08,0.0,43.17,68.88,79.65,82.39,82.02,40.05,63.25,42.76,40.25,45.69,40.79,46.0,30.27,63.56,19.7,32.98,59.06,80.62,82.46,40.2,73.35,40.25,32.06,36.06,77.88,39.32,39.36,37.48,47.8,40.85,38.48
12,60.17,70.46,20.0,17.09,52.35,26.08,85.28,72.14,50.16,67.68,44.72,43.17,0.0,28.28,55.57,40.05,69.86,64.03,34.99,62.13,10.0,57.27,70.71,70.0,60.96,22.63,24.08,54.63,39.29,52.8,40.5,6.32,48.37,51.88,15.62,69.66,36.4,67.9,28.86,16.76,23.35,25.32,26.93
13,76.03,94.25,44.72,44.41,76.55,54.04,113.45,100.42,74.0,95.6,69.86,68.88,28.28,0.0,68.47,29.73,88.09,92.2,50.04,90.0,28.64,84.38,98.99,98.08,89.2,5.66,49.19,70.03,58.86,63.15,14.14,34.06,62.13,79.32,43.86,97.84,9.22,96.18,55.07,43.83,45.88,51.0,53.34
14,10.0,42.19,67.88,46.69,34.23,60.46,83.95,78.1,89.55,66.48,36.22,79.65,55.57,68.47,0.0,47.54,23.32,68.03,20.59,62.13,65.51,52.15,78.03,70.46,74.43,65.12,69.43,104.8,20.59,7.21,70.26,51.61,7.21,52.04,52.35,82.1,70.01,75.01,40.31,45.97,34.66,39.41,41.34
15,56.92,83.23,60.03,48.08,67.94,63.15,113.72,102.96,90.02,94.87,63.78,82.39,40.05,29.73,47.54,0.0,70.23,93.3,35.61,89.31,47.07,81.22,102.0,98.18,94.02,30.0,64.0,93.15,46.86,40.79,24.74,42.19,43.08,77.67,50.99,102.96,26.4,98.88,53.71,47.13,41.68,49.65,52.77
16,13.42,24.08,76.94,56.46,27.2,66.03,70.03,67.91,91.93,55.32,33.94,82.02,69.86,88.09,23.32,70.23,0.0,58.82,38.05,52.5,79.12,43.08,68.41,59.23,68.03,84.0,77.18,111.61,30.59,30.53,91.78,64.56,27.2,45.65,61.74,74.0,90.93,65.8,46.14,56.08,46.57,47.42,47.89
17,62.29,37.74,53.85,48.08,34.06,40.25,21.26,10.2,47.07,6.32,32.56,40.05,64.03,92.2,68.03,93.3,58.82,0.0,61.35,6.32,67.23,16.12,10.0,6.32,11.66,86.56,50.6,72.69,51.42,72.44,103.25,58.14,64.5,16.49,48.41,15.23,99.72,7.07,39.66,48.8,51.62,43.83,40.8
18,26.31,47.71,48.41,27.78,32.56,43.08,80.5,71.47,72.8,61.74,29.53,63.25,34.99,50.04,20.59,35.61,38.05,61.35,0.0,56.46,44.94,47.41,70.88,65.39,64.78,46.04,50.48,85.6,11.31,18.44,54.41,31.24,13.42,44.94,33.29,73.35,53.15,67.72,25.08,26.93,15.65,22.56,25.32
19,56.14,31.62,53.85,45.61,28.0,39.85,24.41,16.0,50.6,5.66,27.2,42.76,62.13,90.0,62.13,89.31,52.5,6.32,56.46,0.0,66.21,10.0,16.12,8.94,16.97,84.4,50.99,75.71,46.17,66.75,100.5,56.04,58.86,11.66,46.65,21.54,97.19,13.34,36.12,46.23,47.8,40.36,37.48
20,69.86,78.03,16.12,24.0,60.0,27.2,88.2,74.4,45.61,71.55,52.04,40.25,10.0,28.64,65.51,47.07,79.12,67.23,44.94,66.21,0.0,62.64,72.8,73.43,62.48,23.41,20.59,46.17,48.7,62.8,42.38,14.56,58.31,56.92,20.4,70.77,37.7,70.21,36.01,24.02,32.57,33.06,34.01
21,46.17,24.08,52.15,40.25,18.0,38.05,33.11,26.0,54.59,14.56,17.89,45.69,57.27,84.38,52.15,81.22,43.08,16.12,47.41,10.0,62.64,0.0,26.08,18.44,25.06,78.89,50.0,78.43,36.77,56.89,94.02,50.99,49.03,6.0,42.38,31.05,91.02,23.19,29.41,40.71,40.31,33.6,31.06
22,72.25,46.52,58.31,55.61,44.05,45.61,16.49,2.0,46.0,13.42,42.43,40.79,70.71,98.99,78.03,102.0,68.41,10.0,70.88,16.12,72.8,26.08,0.0,10.0,10.77,93.34,54.59,72.0,61.19,82.39,110.63,65.12,74.43,26.31,55.17,7.21,106.89,3.16,48.3,56.4,60.37,52.35,49.24
23,64.0,36.77,60.17,53.81,36.22,46.52,15.62,8.94,52.61,4.0,36.06,46.0,70.0,98.08,70.46,98.18,59.23,6.32,65.39,8.94,73.43,18.44,10.0,0.0,16.49,92.46,56.92,78.41,55.03,75.31,108.9,64.03,67.47,20.59,54.41,16.97,105.48,8.6,44.82,54.49,56.61,49.04,46.1
24,69.86,48.41,47.71,46.65,41.76,35.38,27.2,12.65,36.22,17.89,38.21,30.27,60.96,89.2,74.43,94.02,68.03,11.66,64.78,16.97,62.48,25.06,10.77,16.49,0.0,83.55,43.91,62.13,56.04,78.03,101.21,55.61,70.03,22.8,45.61,8.94,97.31,9.06,40.8,47.51,52.81,44.6,41.44
25,72.25,89.29,39.4,38.83,71.47,48.41,107.81,94.76,68.96,90.0,64.62,63.56,22.63,5.66,65.12,30.0,84.0,86.56,46.04,84.4,23.41,78.89,93.34,92.46,83.55,0.0,43.86,66.27,54.33,60.17,18.97,28.43,58.55,73.78,38.21,92.2,14.32,90.52,49.65,38.28,40.8,45.62,47.89
26,70.94,69.86,4.47,22.8,53.14,12.17,70.68,56.36,26.08,55.79,44.94,19.7,24.08,49.19,69.43,64.0,77.18,50.6,50.48,50.99,20.59,50.0,54.59,56.92,43.91,43.86,0.0,35.38,49.52,68.82,62.77,22.36,62.48,44.0,17.2,51.61,58.18,52.33,31.06,23.6,35.0,30.48,29.41
27,106.15,101.13,37.2,58.14,86.09,45.61,88.09,74.0,26.0,78.92,78.23,32.98,54.63,70.03,104.8,93.15,111.61,72.69,85.6,75.71,46.17,78.43,72.0,78.41,62.13,66.27,35.38,0.0,84.85,104.02,84.0,55.57,97.84,72.8,52.5,66.12,79.0,71.06,65.95,58.9,70.29,65.76,64.44
28,21.63,36.72,48.41,27.2,21.26,40.0,69.86,61.61,68.96,51.26,18.97,59.06,39.29,58.86,20.59,46.86,30.59,51.42,11.31,46.17,48.7,36.77,61.19,55.03,56.04,54.33,49.52,84.85,0.0,22.36,64.62,34.18,14.56,34.93,32.8,64.28,62.94,58.05,19.72,26.63,16.16,19.1,20.81
29,17.2,48.83,66.84,46.04,39.29,60.83,89.29,82.61,90.38,71.39,40.05,80.62,52.8,63.15,7.21,40.79,30.53,72.44,18.44,66.75,62.8,56.89,82.39,75.31,78.03,60.17,68.82,104.02,22.36,0.0,64.03,49.52,8.0,56.14,51.61,86.02,64.07,79.31,41.44,45.22,33.84,39.81,42.15
30,78.92,101.13,58.31,55.17,84.12,66.57,124.45,111.95,87.93,106.15,78.23,82.46,40.5,14.14,70.26,24.74,91.78,103.25,54.41,100.5,42.38,94.02,110.63,108.9,101.21,18.97,62.77,84.0,64.62,64.03,0.0,45.61,64.78,89.38,55.61,110.0,5.0,107.71,64.66,54.45,54.08,60.44,63.13
31,55.46,64.28,18.97,10.77,46.17,21.54,79.4,66.48,48.04,61.61,38.47,40.2,6.32,34.06,51.61,42.19,64.56,58.14,31.24,56.04,14.56,50.99,65.12,64.03,55.61,28.43,22.36,55.57,34.18,49.52,45.61,0.0,44.41,45.65,10.0,64.4,41.77,62.24,22.56,10.44,18.03,19.1,20.62
32,14.14,42.52,60.83,39.7,31.62,53.85,81.61,74.67,83.19,63.56,32.06,73.35,48.37,62.13,7.21,43.08,27.2,64.5,13.42,58.86,58.31,49.03,74.43,67.47,70.03,58.55,62.48,97.84,14.56,8.0,64.78,44.41,0.0,48.17,45.34,78.03,64.2,71.34,34.01,38.95,27.59,32.76,34.89
33,47.07,28.84,46.17,34.99,18.97,32.06,36.06,26.68,49.4,17.2,16.12,40.25,51.88,79.32,52.04,77.67,45.65,16.49,44.94,11.66,56.92,6.0,26.31,20.59,22.8,73.78,44.0,72.8,34.93,56.14,89.38,45.65,48.17,0.0,36.77,30.07,86.21,23.19,24.76,35.51,36.24,29.0,26.25
34,54.41,58.03,15.62,5.66,40.2,12.17,69.66,56.57,40.79,52.15,32.06,32.06,15.62,43.86,52.35,50.99,61.74,48.41,33.29,46.65,20.4,42.38,55.17,54.41,45.61,38.21,17.2,52.5,32.8,51.61,55.61,10.0,45.34,36.77,0.0,54.41,51.74,52.33,16.28,6.4,17.8,14.32,14.32
35,76.94,52.84,55.61,55.57,48.66,43.86,22.0,8.94,40.2,20.0,46.0,36.06,69.66,97.84,82.1,102.96,74.0,15.23,73.35,21.54,70.77,31.05,7.21,16.97,8.94,92.2,51.61,66.12,64.28,86.02,110.0,64.4,78.03,30.07,54.41,0.0,106.04,8.6,49.65,56.44,61.68,53.49,50.33
36,78.31,99.16,53.71,51.66,81.86,62.43,120.97,108.25,83.17,102.83,75.66,77.88,36.4,9.22,70.01,26.4,90.93,99.72,53.15,97.19,37.7,91.02,106.89,105.48,97.31,14.32,58.18,79.0,62.94,64.07,5.0,41.77,64.2,86.21,51.74,106.04,0.0,104.0,61.61,50.99,51.48,57.43,60.0
37,69.35,44.29,55.95,52.63,41.11,43.01,18.38,4.24,45.1,11.4,39.32,39.32,67.9,96.18,75.01,98.88,65.8,7.07,67.72,13.34,70.21,23.19,3.16,8.6,9.06,90.52,52.33,71.06,58.05,79.31,107.71,62.24,71.34,23.19,52.33,8.6,104.0,0.0,45.18,53.41,57.25,49.24,46.14
38,40.31,42.01,30.87,12.04,24.02,20.52,60.44,49.24,49.24,41.77,16.03,39.36,28.86,55.07,40.31,53.71,46.14,39.66,25.08,36.12,36.01,29.41,48.3,44.82,40.8,49.65,31.06,65.95,19.72,41.44,64.66,22.56,34.01,24.76,16.28,49.65,61.61,45.18,0.0,12.17,12.08,4.24,2.0
39,48.26,54.08,21.93,1.0,36.01,17.12,70.01,57.63,46.57,51.86,28.16,37.48,16.76,43.83,45.97,47.13,56.08,48.8,26.93,46.23,24.02,40.71,56.4,54.49,47.51,38.28,23.6,58.9,26.63,45.22,54.45,10.44,38.95,35.51,6.4,56.44,50.99,53.41,12.17,0.0,11.4,9.06,10.2
40,37.59,48.51,33.24,12.21,30.68,27.51,72.2,61.29,57.25,53.41,24.19,47.8,23.35,45.88,34.66,41.68,46.57,51.62,15.65,47.8,32.57,40.31,60.37,56.61,52.81,40.8,35.0,70.29,16.16,33.84,54.08,18.03,27.59,36.24,17.8,61.68,51.48,57.25,12.08,11.4,0.0,8.25,11.4
41,40.46,45.18,29.68,9.22,27.07,21.1,64.66,53.34,50.57,46.01,19.42,40.85,25.32,51.0,39.41,49.65,47.42,43.83,22.56,40.36,33.06,33.6,52.35,49.04,44.6,45.62,30.48,65.76,19.1,39.81,60.44,19.1,32.76,29.0,14.32,53.49,57.43,49.24,4.24,9.06,8.25,0.0,3.16
42,41.73,44.01,29.07,10.05,26.02,19.21,61.72,50.25,48.3,43.14,18.03,38.48,26.93,53.34,41.34,52.77,47.89,40.8,25.32,37.48,34.01,31.06,49.24,46.1,41.44,47.89,29.41,64.44,20.81,42.15,63.13,20.62,34.89,26.25,14.32,50.33,60.0,46.14,2.0,10.2,11.4,3.16,0.0
