set K:= 1	2	3	4	5;
set C_H:= 1	2	3	4	5	6	7	8	9	10	11	12	13	14	15	16;
set C_S:= 17	18	19	20	21	22	23	24	25	26	27;
set C_F:= 28	29	30	31	32	33	34	35	36	37	38;
set M:= 39	40	41	42;
set L_B:= 43	44;
set A1:=
(0,*) 1 2 3 4 5 6 7 8 9 10 11 12 13 14 15 16 28 29 30 31 32 33 34 35 36 37 38 39 40 41 42 43 44
(1,*) 0 2 3 4 5 6 7 8 9 10 11 12 13 14 15 16 28 29 30 31 32 33 34 35 36 37 38 39 40 41 42 43 44
(2,*) 0 1 3 4 5 6 7 8 9 10 11 12 13 14 15 16 28 29 30 31 32 33 34 35 36 37 38 39 40 41 42 43 44
(3,*) 0 1 2 4 5 6 7 8 9 10 11 12 13 14 15 16 28 29 30 31 32 33 34 35 36 37 38 39 40 41 42 43 44
(4,*) 0 1 2 3 5 6 7 8 9 10 11 12 13 14 15 16 28 29 30 31 32 33 34 35 36 37 38 39 40 41 42 43 44
(5,*) 0 1 2 3 4 6 7 8 9 10 11 12 13 14 15 16 28 29 30 31 32 33 34 35 36 37 38 39 40 41 42 43 44
(6,*) 0 1 2 3 4 5 7 8 9 10 11 12 13 14 15 16 28 29 30 31 32 33 34 35 36 37 38 39 40 41 42 43 44
(7,*) 0 1 2 3 4 5 6 8 9 10 11 12 13 14 15 16 28 29 30 31 32 33 34 35 36 37 38 39 40 41 42 43 44
(8,*) 0 1 2 3 4 5 6 7 9 10 11 12 13 14 15 16 28 29 30 31 32 33 34 35 36 37 38 39 40 41 42 43 44
(9,*) 0 1 2 3 4 5 6 7 8 10 11 12 13 14 15 16 28 29 30 31 32 33 34 35 36 37 38 39 40 41 42 43 44
(10,*) 0 1 2 3 4 5 6 7 8 9 11 12 13 14 15 16 28 29 30 31 32 33 34 35 36 37 38 39 40 41 42 43 44
(11,*) 0 1 2 3 4 5 6 7 8 9 10 12 13 14 15 16 28 29 30 31 32 33 34 35 36 37 38 39 40 41 42 43 44
(12,*) 0 1 2 3 4 5 6 7 8 9 10 11 13 14 15 16 28 29 30 31 32 33 34 35 36 37 38 39 40 41 42 43 44
(13,*) 0 1 2 3 4 5 6 7 8 9 10 11 12 14 15 16 28 29 30 31 32 33 34 35 36 37 38 39 40 41 42 43 44
(14,*) 0 1 2 3 4 5 6 7 8 9 10 11 12 13 15 16 28 29 30 31 32 33 34 35 36 37 38 39 40 41 42 43 44
(15,*) 0 1 2 3 4 5 6 7 8 9 10 11 12 13 14 16 28 29 30 31 32 33 34 35 36 37 38 39 40 41 42 43 44
(16,*) 0 1 2 3 4 5 6 7 8 9 10 11 12 13 14 15 28 29 30 31 32 33 34 35 36 37 38 39 40 41 42 43 44
(28,*) 0 1 2 3 4 5 6 7 8 9 10 11 12 13 14 15 16 29 30 31 32 33 34 35 36 37 38 39 40 41 42 43 44
(29,*) 0 1 2 3 4 5 6 7 8 9 10 11 12 13 14 15 16 28 30 31 32 33 34 35 36 37 38 39 40 41 42 43 44
(30,*) 0 1 2 3 4 5 6 7 8 9 10 11 12 13 14 15 16 28 29 31 32 33 34 35 36 37 38 39 40 41 42 43 44
(31,*) 0 1 2 3 4 5 6 7 8 9 10 11 12 13 14 15 16 28 29 30 32 33 34 35 36 37 38 39 40 41 42 43 44
(32,*) 0 1 2 3 4 5 6 7 8 9 10 11 12 13 14 15 16 28 29 30 31 33 34 35 36 37 38 39 40 41 42 43 44
(33,*) 0 1 2 3 4 5 6 7 8 9 10 11 12 13 14 15 16 28 29 30 31 32 34 35 36 37 38 39 40 41 42 43 44
(34,*) 0 1 2 3 4 5 6 7 8 9 10 11 12 13 14 15 16 28 29 30 31 32 33 35 36 37 38 39 40 41 42 43 44
(35,*) 0 1 2 3 4 5 6 7 8 9 10 11 12 13 14 15 16 28 29 30 31 32 33 34 36 37 38 39 40 41 42 43 44
(36,*) 0 1 2 3 4 5 6 7 8 9 10 11 12 13 14 15 16 28 29 30 31 32 33 34 35 37 38 39 40 41 42 43 44
(37,*) 0 1 2 3 4 5 6 7 8 9 10 11 12 13 14 15 16 28 29 30 31 32 33 34 35 36 38 39 40 41 42 43 44
(38,*) 0 1 2 3 4 5 6 7 8 9 10 11 12 13 14 15 16 28 29 30 31 32 33 34 35 36 37 39 40 41 42 43 44
(39,*) 0 1 2 3 4 5 6 7 8 9 10 11 12 13 14 15 16 28 29 30 31 32 33 34 35 36 37 38 40 41 42 43 44
(40,*) 0 1 2 3 4 5 6 7 8 9 10 11 12 13 14 15 16 28 29 30 31 32 33 34 35 36 37 38 39 41 42 43 44
(41,*) 0 1 2 3 4 5 6 7 8 9 10 11 12 13 14 15 16 28 29 30 31 32 33 34 35 36 37 38 39 40 42 43 44
(42,*) 0 1 2 3 4 5 6 7 8 9 10 11 12 13 14 15 16 28 29 30 31 32 33 34 35 36 37 38 39 40 41 43 44
(43,*) 0 1 2 3 4 5 6 7 8 9 10 11 12 13 14 15 16 28 29 30 31 32 33 34 35 36 37 38 39 40 41 42 44
(44,*) 0 1 2 3 4 5 6 7 8 9 10 11 12 13 14 15 16 28 29 30 31 32 33 34 35 36 37 38 39 40 41 42 43
;
set A2:=
(39,*) 40
(40,*) 39
(41,*) 42
(42,*) 41
;
param BigM:=99999;
param n:= 5;
param d:=
1	3
2	23
3	15
4	20
5	21
6	6
7	6
8	13
9	3
10	22
11	20
12	6
13	1
14	2
15	7
16	7
17	24
18	26
19	3
20	16
21	3
22	24
23	5
24	3
25	16
26	24
27	6
28	5
29	20
30	9
31	14
32	20
33	10
34	12
35	13
36	24
37	19
38	4
;
param Q:=100
param w:=
[39,*] 40 5
[40,*] 39 5
[41,*] 42 5
[42,*] 41 5
;
param V:=
[39,*] 40 285
[40,*] 39 285
[41,*] 42 285
[42,*] 41 285
;
param f:=
39	100
40	100
41	100
42	100
43	100
44	100
;
param e:
	39	40	41	42	43	44:=
17	0	0	0	0	0	1	
18	0	0	1	0	1	0	
19	0	0	0	0	1	1	
20	0	0	1	0	0	0	
21	0	0	0	1	0	0	
22	1	0	0	0	0	0	
23	1	0	0	0	0	0	
24	1	0	0	0	0	0	
25	1	0	1	0	0	0	
26	0	0	0	1	0	0	
27	0	1	0	0	1	1	
28	1	0	1	0	1	1	
29	1	0	0	0	0	1	
30	0	0	0	0	1	1	
31	0	0	1	0	1	1	
32	0	0	1	0	0	0	
33	1	0	0	0	0	0	
34	0	1	0	0	1	1	
35	0	0	1	0	1	0	
36	0	0	0	0	1	0	
37	0	0	0	1	0	1	
38	0	1	0	0	0	0	
;
param r:
	39	40	41	42:=
39	0	1	0	0	
40	1	0	0	0	
41	0	0	0	1	
42	0	0	1	0	
;
param p:=
1	1
2	1
3	1
4	1
5	1
;
param G:=
39	285
40	285
41	285
42	285
43	71
44	71
;
param s:=
0	0
1	15
2	15
3	15
4	15
5	15
6	15
7	15
8	15
9	15
10	15
11	15
12	15
13	15
14	15
15	15
16	15
28	15
29	15
30	15
31	15
32	15
33	15
34	15
35	15
36	15
37	15
38	15
39	30
40	30
41	30
42	30
43	15
44	15
;
param t:
	0	1	2	3	4	5	6	7	8	9	10	11	12	13	14	15	16	17	18	19	20	21	22	23	24	25	26	27	28	29	30	31	32	33	34	35	36	37	38	39	40	41	42	43	44:=
0	0.0	88.54	47.41	77.25	18.0	19.7	69.57	40.5	16.12	43.27	68.96	73.76	50.99	36.5	32.25	18.87	36.5	70.0	62.03	22.8	61.19	48.37	2.0	14.42	14.42	41.23	63.15	76.16	37.58	4.0	27.2	45.12	86.35	34.53	52.8	65.51	85.16	61.06	95.85	26.81	90.99	77.43	54.81	48.51	36.25
1	88.54	0.0	93.51	12.0	71.69	68.96	18.97	62.29	72.8	48.17	51.26	91.39	38.47	110.44	57.27	74.97	52.8	31.3	26.68	78.23	28.84	108.9	90.44	93.38	100.32	52.04	115.26	68.41	51.42	84.76	76.03	43.86	8.0	90.2	73.24	24.41	42.0	95.41	66.12	84.81	83.58	11.42	118.52	54.49	66.71
2	47.41	93.51	0.0	86.02	42.19	50.16	77.67	32.25	44.41	67.47	49.19	29.53	68.35	28.64	58.31	59.23	50.0	63.78	73.43	28.28	66.03	17.09	48.37	61.77	42.43	68.73	22.36	44.18	59.23	45.69	26.0	56.46	87.68	80.99	22.36	70.0	68.03	14.14	66.12	72.48	52.23	85.43	26.15	39.05	29.15
3	77.25	12.0	86.02	0.0	60.83	57.58	8.49	54.04	61.74	36.22	48.37	87.36	26.68	100.9	45.61	63.15	42.19	28.07	15.23	68.41	20.0	100.66	79.12	81.58	89.44	40.05	108.17	66.27	39.85	73.54	66.6	33.29	14.42	78.23	67.08	16.12	43.68	89.44	67.91	72.81	82.8	1.36	110.25	47.17	58.05
4	18.0	71.69	42.19	60.83	0.0	8.0	52.8	24.41	2.83	30.0	52.0	63.53	35.61	43.27	18.87	17.89	18.97	52.0	45.65	14.0	43.68	49.48	20.0	28.64	28.64	29.53	62.29	61.22	22.63	14.0	16.49	27.86	68.96	41.62	40.0	48.08	67.47	53.85	79.65	32.74	77.39	60.86	57.94	31.38	21.21
5	19.7	68.96	50.16	57.58	8.0	0.0	50.0	29.73	6.32	24.08	55.57	70.68	31.3	50.12	12.81	11.31	18.11	52.61	42.38	22.0	42.19	57.27	21.54	26.31	32.8	22.8	70.26	66.48	17.89	16.12	24.33	26.08	67.08	35.38	46.65	46.39	69.57	61.61	83.76	26.59	83.24	57.78	65.55	35.23	27.46
6	69.57	18.97	77.67	8.49	52.8	50.0	0.0	45.61	53.85	30.07	42.0	80.05	20.0	92.46	38.47	56.32	34.0	22.36	8.0	60.0	11.66	92.2	71.47	74.67	81.44	34.23	99.86	60.0	32.56	65.79	58.14	25.06	18.11	72.99	59.09	8.25	40.25	81.44	63.91	66.97	77.09	8.19	101.79	38.95	49.58
7	40.5	62.29	32.25	54.04	24.41	29.73	45.61	0.0	27.2	38.05	28.64	43.17	36.88	49.19	31.62	41.04	20.1	34.93	41.18	20.0	34.06	46.69	42.38	52.84	46.04	40.45	54.59	36.88	30.27	36.77	16.12	24.74	57.2	65.12	18.44	38.21	46.0	38.47	55.46	56.3	53.52	53.52	56.3	9.22	5.1
8	16.12	72.8	44.41	61.74	2.83	6.32	53.85	27.2	0.0	29.73	54.63	66.24	36.06	43.91	18.44	15.23	20.4	54.04	46.52	16.12	45.12	50.99	18.11	26.0	27.78	28.84	64.12	64.03	22.8	12.17	18.97	29.12	70.34	38.83	42.8	49.48	69.86	56.32	82.37	29.95	80.21	61.83	59.23	34.01	24.04
9	43.27	48.17	67.47	36.22	30.0	24.08	30.07	38.05	29.73	0.0	53.25	80.89	10.2	73.24	11.31	27.2	18.0	41.62	22.09	42.05	26.83	78.0	44.94	45.61	56.85	4.47	89.29	68.88	8.25	40.0	42.38	16.12	48.17	43.17	56.32	29.73	61.22	76.11	80.92	36.91	86.9	36.75	86.97	37.64	39.12
10	68.96	51.26	49.19	48.37	52.0	55.57	42.0	28.64	54.63	53.25	0.0	40.25	46.52	73.76	52.35	66.57	39.7	20.4	42.76	48.37	32.56	66.21	70.88	80.62	74.43	57.2	68.41	18.0	48.17	65.15	44.18	37.2	43.86	90.0	26.83	34.06	18.97	46.69	28.43	81.56	35.43	47.27	75.32	20.62	33.38
11	73.76	91.39	29.53	87.36	63.53	70.68	80.05	43.17	66.24	80.89	40.25	0.0	78.03	57.58	74.73	81.41	63.15	60.17	78.64	51.61	69.05	42.76	75.07	88.09	71.22	83.55	36.5	25.46	73.35	71.22	47.71	66.12	84.1	104.96	24.74	71.81	55.32	16.49	43.86	96.11	24.67	86.39	48.81	44.01	43.66
12	50.99	38.47	68.35	26.68	35.61	31.3	20.0	36.88	36.06	10.2	46.52	78.03	0.0	77.9	18.97	36.5	18.87	32.56	12.0	45.61	17.2	80.62	52.8	54.92	63.81	14.56	90.62	63.25	13.42	47.41	44.94	12.17	38.05	53.37	54.15	19.7	52.35	75.31	73.24	47.05	81.29	27.07	89.94	34.01	39.22
13	36.5	110.44	28.64	100.9	43.27	50.12	92.46	49.19	43.91	73.24	73.76	57.58	77.9	0.0	62.13	54.41	59.4	84.1	86.37	32.56	81.61	16.97	36.22	48.04	24.08	72.72	31.62	72.03	65.6	37.36	34.41	67.94	106.0	70.0	48.17	86.02	92.65	41.23	94.02	63.01	80.86	100.64	19.51	58.18	44.29
14	32.25	57.27	58.31	45.61	18.87	12.81	38.47	31.62	18.44	11.31	52.35	74.73	18.97	62.13	0.0	18.0	12.81	44.94	30.59	31.62	32.25	67.68	34.0	36.22	45.61	10.77	79.62	66.03	6.0	28.84	32.56	17.09	56.14	38.47	50.0	36.06	63.53	68.12	80.72	30.76	83.7	45.93	76.43	33.84	31.4
15	18.87	74.97	59.23	63.15	17.89	11.31	56.32	41.04	15.23	27.2	66.57	81.41	36.5	54.41	18.0	0.0	27.86	62.1	48.37	31.05	50.16	64.12	20.0	18.44	33.29	24.17	78.03	77.79	24.0	17.09	34.18	34.53	74.11	24.08	57.69	54.04	79.85	71.47	94.87	15.27	94.53	63.56	71.62	46.4	38.6
16	36.5	52.8	50.0	42.19	18.97	18.11	34.0	20.1	20.4	18.0	39.7	63.15	18.87	59.4	12.81	27.86	0.0	34.53	27.2	26.91	24.74	61.77	38.47	44.41	47.54	20.4	72.11	53.25	10.2	32.56	26.08	8.94	50.0	50.48	38.47	29.12	52.0	58.14	68.12	42.27	70.99	42.13	71.07	21.1	21.21
17	70.0	31.3	63.78	28.07	52.0	52.61	22.36	34.93	54.04	41.62	20.4	60.17	32.56	84.1	44.94	62.1	34.53	0.0	25.06	53.85	15.62	80.0	72.0	78.92	78.92	46.04	84.9	38.21	39.4	66.0	50.6	27.86	24.41	83.26	42.52	15.23	19.8	64.4	42.05	75.7	54.86	26.93	89.53	25.94	39.92
18	62.03	26.68	73.43	15.23	45.65	42.38	8.0	41.18	46.52	22.09	42.76	78.64	12.0	86.37	30.59	48.37	27.2	25.06	0.0	53.81	10.2	87.2	63.91	66.75	74.24	26.31	95.77	60.53	24.74	58.31	52.35	18.44	26.08	65.12	56.32	10.0	44.41	78.43	67.08	59.0	78.18	15.41	96.72	35.74	44.65
19	22.8	78.23	28.28	68.41	14.0	22.0	60.0	20.0	16.12	42.05	48.37	51.61	45.61	32.56	31.62	31.05	26.91	53.85	53.81	0.0	49.4	36.06	24.41	36.77	26.08	42.38	48.37	53.67	34.0	19.8	4.47	35.38	74.24	53.67	30.0	53.85	66.0	40.5	74.0	44.92	68.19	68.19	44.92	29.07	15.03
20	61.19	28.84	66.03	20.0	43.68	42.19	11.66	34.06	45.12	26.83	32.56	69.05	17.2	81.61	32.25	50.16	24.74	15.62	10.2	49.4	0.0	80.72	63.15	68.0	72.11	31.3	88.2	50.36	26.31	57.27	47.2	16.12	25.3	69.57	47.54	4.47	35.38	69.86	57.31	62.58	67.99	19.46	90.33	27.29	38.18
21	48.37	108.9	17.09	100.66	49.48	57.27	92.2	46.69	50.99	78.0	66.21	42.76	80.62	16.97	67.68	64.12	61.77	80.0	87.2	36.06	80.72	0.0	48.66	61.61	38.63	78.43	15.23	60.83	69.86	48.04	35.78	69.34	103.48	82.87	39.4	84.9	85.09	26.31	82.61	75.11	66.99	100.18	9.62	54.56	42.64
22	2.0	90.44	48.37	79.12	20.0	21.54	71.47	42.38	18.11	44.94	70.88	75.07	52.8	36.22	34.0	20.0	38.47	72.0	63.91	24.41	63.15	48.66	0.0	13.42	13.42	42.8	63.56	77.9	39.4	6.0	28.84	47.07	88.29	34.23	54.41	67.47	87.13	62.13	97.69	26.83	92.6	79.31	54.81	50.45	38.08
23	14.42	93.38	61.77	81.58	28.64	26.31	74.67	52.84	26.0	45.61	80.62	88.09	54.92	48.04	36.22	18.44	44.41	78.92	66.75	36.77	68.0	61.61	13.42	0.0	24.0	42.38	76.66	89.31	42.19	16.97	41.04	52.04	92.35	22.09	66.6	72.03	95.6	75.47	108.24	16.46	104.71	81.99	67.19	60.01	49.09
24	14.42	100.32	42.43	89.44	28.64	32.8	81.44	46.04	27.78	56.85	74.43	71.22	63.81	24.08	45.61	33.29	47.54	78.92	74.24	26.08	72.11	38.63	13.42	24.0	0.0	55.17	53.85	78.43	50.48	16.97	30.27	56.46	97.41	46.04	53.85	76.55	92.02	56.57	99.46	39.46	91.29	89.49	43.4	55.0	41.11
25	41.23	52.04	68.73	40.05	29.53	22.8	34.23	40.45	28.84	4.47	57.2	83.55	14.56	72.72	10.77	24.17	20.4	46.04	26.31	42.38	31.3	78.43	42.8	42.38	55.17	0.0	90.24	72.47	10.2	38.21	43.17	20.0	52.35	38.83	58.86	34.18	65.6	78.0	85.04	32.81	90.44	40.65	87.2	40.85	41.01
26	63.15	115.26	22.36	108.17	62.29	70.26	99.86	54.59	64.12	89.29	68.41	36.5	90.62	31.62	79.62	78.03	72.11	84.9	95.77	48.37	88.2	15.23	63.56	76.66	53.85	90.24	0.0	59.09	81.04	62.51	47.07	78.79	109.12	97.67	42.43	92.09	86.53	22.36	79.7	89.72	61.07	107.53	14.69	61.03	51.48
27	76.16	68.41	44.18	66.27	61.22	66.48	60.0	36.88	64.03	68.88	18.0	25.46	63.25	72.03	66.03	77.79	53.25	38.21	60.53	53.67	50.36	60.83	77.9	89.31	78.43	72.47	59.09	0.0	62.77	72.72	49.19	52.8	60.73	101.82	24.74	52.04	30.0	36.77	22.0	93.07	18.06	65.14	68.88	32.2	40.22
28	37.58	51.42	59.23	39.85	22.63	17.89	32.56	30.27	22.8	8.25	48.17	73.35	13.42	65.6	6.0	24.0	10.2	39.4	24.74	34.0	26.31	69.86	39.4	42.19	50.48	10.2	81.04	62.77	0.0	34.0	34.18	11.66	50.16	43.86	48.66	30.07	58.31	68.03	76.37	36.44	80.66	40.12	78.89	30.87	31.02
29	4.0	84.76	45.69	73.54	14.0	16.12	65.79	36.77	12.17	40.0	65.15	71.22	47.41	37.36	28.84	17.09	32.56	66.0	58.31	19.8	57.27	48.04	6.0	16.97	16.97	38.21	62.51	72.72	34.0	0.0	24.08	41.23	82.46	35.44	49.68	61.61	81.22	59.06	92.2	27.23	87.83	73.69	55.01	44.64	32.65
30	27.2	76.03	26.0	66.6	16.49	24.33	58.14	16.12	18.97	42.38	44.18	47.71	44.94	34.41	32.56	34.18	26.08	50.6	52.35	4.47	47.2	35.78	28.84	41.04	30.27	43.17	47.07	49.19	34.18	24.08	0.0	34.06	71.69	57.31	25.61	51.61	62.03	37.36	69.57	48.49	63.8	66.3	45.0	25.32	11.05
31	45.12	43.86	56.46	33.29	27.86	26.08	25.06	24.74	29.12	16.12	37.2	66.12	12.17	67.94	17.09	34.53	8.94	27.86	18.44	35.38	16.12	69.34	47.07	52.04	56.46	20.0	78.79	52.8	11.66	41.23	34.06	0.0	41.23	55.46	42.05	20.4	46.65	63.15	65.12	47.85	70.85	33.2	78.78	22.2	27.31
32	86.35	8.0	87.68	14.42	68.96	67.08	18.11	57.2	70.34	48.17	43.86	84.1	38.05	106.0	56.14	74.11	50.0	24.41	26.08	74.24	25.3	103.48	88.29	92.35	97.41	52.35	109.12	60.73	50.16	82.46	71.69	41.23	0.0	91.08	66.84	20.88	34.0	88.81	58.14	85.07	75.66	13.24	113.08	48.92	61.85
33	34.53	90.2	80.99	78.23	41.62	35.38	72.99	65.12	38.83	43.17	90.0	104.96	53.37	70.0	38.47	24.08	50.48	83.26	65.12	53.67	69.57	82.87	34.23	22.09	46.04	38.83	97.67	101.82	43.86	35.44	57.31	55.46	91.08	0.0	81.61	72.8	102.0	94.02	118.41	8.88	118.62	78.97	88.95	70.18	62.63
34	52.8	73.24	22.36	67.08	40.0	46.65	59.09	18.44	42.8	56.32	26.83	24.74	54.15	48.17	50.0	57.69	38.47	42.52	56.32	30.0	47.54	39.4	54.41	66.6	53.85	58.86	42.43	24.74	48.66	49.68	25.61	42.05	66.84	81.61	0.0	50.99	45.69	22.36	46.39	72.73	38.19	66.3	48.49	20.62	19.24
35	65.51	24.41	70.0	16.12	48.08	46.39	8.25	38.21	49.48	29.73	34.06	71.81	19.7	86.02	36.06	54.04	29.12	15.23	10.0	53.85	4.47	84.9	67.47	72.03	76.55	34.18	92.09	52.04	30.07	61.61	51.61	20.4	20.88	72.8	50.99	0.0	34.41	73.35	57.27	66.05	69.34	15.44	94.51	31.06	42.45
36	85.16	42.0	68.03	43.68	67.47	69.57	40.25	46.0	69.86	61.22	18.97	55.32	52.35	92.65	63.53	79.85	52.0	19.8	44.41	66.0	35.38	85.09	87.13	95.6	92.02	65.6	86.53	30.0	58.31	81.22	62.03	46.65	34.0	102.0	45.69	34.41	0.0	64.4	24.33	94.1	42.35	42.35	94.1	37.05	51.01
37	61.06	95.41	14.14	89.44	53.85	61.61	81.44	38.47	56.32	76.11	46.69	16.49	75.31	41.23	68.12	71.47	58.14	64.4	78.43	40.5	69.86	26.31	62.13	75.47	56.57	78.0	22.36	36.77	68.03	59.06	37.36	63.15	88.81	94.02	22.36	73.35	64.4	0.0	57.72	85.35	40.74	88.66	32.92	42.72	37.01
38	95.85	66.12	66.12	67.91	79.65	83.76	63.91	55.46	82.37	80.92	28.43	43.86	73.24	94.02	80.72	94.87	68.12	42.05	67.08	74.0	57.31	82.61	97.69	108.24	99.46	85.04	79.7	22.0	76.37	92.2	69.57	65.12	58.14	118.41	46.39	57.27	24.33	57.72	0.0	109.93	22.76	66.6	90.38	48.55	59.62
39	26.81	84.81	72.48	72.81	32.74	26.59	66.97	56.3	29.95	36.91	81.56	96.11	47.05	63.01	30.76	15.27	42.27	75.7	59.0	44.92	62.58	75.11	26.83	16.46	39.46	32.81	89.72	93.07	36.44	27.23	48.49	47.85	85.07	8.88	72.73	66.05	94.1	85.35	109.93	0.0	109.78	73.44	81.6	61.57	53.76
40	90.99	83.58	52.23	82.8	77.39	83.24	77.09	53.52	80.21	86.9	35.43	24.67	81.29	80.86	83.7	94.53	70.99	54.86	78.18	68.19	67.99	66.99	92.6	104.71	91.29	90.44	61.07	18.06	80.66	87.83	63.8	70.85	75.66	118.62	38.19	69.34	42.35	40.74	22.76	109.78	0.0	81.6	73.44	49.89	56.17
41	77.43	11.42	85.43	1.36	60.86	57.78	8.19	53.52	61.83	36.75	47.27	86.39	27.07	100.64	45.93	63.56	42.13	26.93	15.41	68.19	19.46	100.18	79.31	81.99	89.49	40.65	107.53	65.14	40.12	73.69	66.3	33.2	13.24	78.97	66.3	15.44	42.35	88.66	66.6	73.44	81.6	0.0	109.78	46.51	57.61
42	54.81	118.52	26.15	110.25	57.94	65.55	101.79	56.3	59.23	86.97	75.32	48.81	89.94	19.51	76.43	71.62	71.07	89.53	96.72	44.92	90.33	9.62	54.81	67.19	43.4	87.2	14.69	68.88	78.89	55.01	45.0	78.78	113.08	88.95	48.49	94.51	94.1	32.92	90.38	81.6	73.44	109.78	0.0	64.16	52.22
43	48.51	54.49	39.05	47.17	31.38	35.23	38.95	9.22	34.01	37.64	20.62	44.01	34.01	58.18	33.84	46.4	21.1	25.94	35.74	29.07	27.29	54.56	50.45	60.01	55.0	40.85	61.03	32.2	30.87	44.64	25.32	22.2	48.92	70.18	20.62	31.06	37.05	42.72	48.55	61.57	49.89	46.51	64.16	0.0	14.32
44	36.25	66.71	29.15	58.05	21.21	27.46	49.58	5.1	24.04	39.12	33.38	43.66	39.22	44.29	31.4	38.6	21.21	39.92	44.65	15.03	38.18	42.64	38.08	49.09	41.11	41.01	51.48	40.22	31.02	32.65	11.05	27.31	61.85	62.63	19.24	42.45	51.01	37.01	59.62	53.76	56.17	57.61	52.22	14.32	0.0
;
