vehicles
vehicle_idx, capacity, cost_per_unit_distance
1,100,1
2,100,1
3,100,1
4,100,1
5,100,1
6,100,1
depot
node_idx,x,y
0,39,19
home delivery customers
node_idx,x,y,service_time,demand
1,63,93,10,24
2,33,5,10,3
3,57,73,10,6
4,53,75,10,6
5,1,1,10,6
6,37,27,10,16
7,85,45,10,22
8,49,91,10,23
9,55,43,10,7
10,31,23,10,22
11,41,9,10,15
12,13,13,10,22
13,45,93,10,9
14,7,41,10,2
self pickup customers
node_idx,x,y,service_time,demand,locker_idxs
15,79,19,10,18,44-41
16,25,31,10,22,40
17,79,73,10,12,43-39
18,23,73,10,7,42
19,93,13,10,4,41-44
20,93,49,10,11,41
21,87,23,10,1,41-44
22,19,97,10,16,42
23,9,7,10,5,40
24,13,61,10,10,47
25,71,51,10,11,49-46-50-48
26,81,11,10,15,44-41
flexible customers
node_idx,x,y,service_time,demand,locker_idxs
27,41,79,10,16,47-49-42
28,69,17,10,19,48-44
29,59,5,10,18,44
30,1,37,10,16,40
31,41,31,10,72,45-48-50-46-40
32,85,93,10,23,43-39
33,83,29,10,11,48-44
34,83,61,10,7,43
35,43,37,10,9,47-49-45-50-46-48
36,93,55,10,3,43
37,5,97,10,7,42
38,7,53,10,10,47
lockers
node_idx,x,y,service_time,capacity,cost_per_unit_good
39,65,88,10,75
40,25,15,10,76
41,93,12,10,88
42,22,88,10,88
43,77,88,10,75
44,72,14,10,77
45,37,43,10,76
46,49,51,10,81
47,34,55,10,84
48,66,31,10,83
49,48,62,10,75
50,47,49,10,93
mrt lines
start_node_idx,end_node_idx,freight_capacity,cost_per_unit_good
39,40,76,0.5
40,39,76,0.5
41,42,88,0.5
42,41,88,0.5
distance matrix
,0,1,2,3,4,5,6,7,8,9,10,11,12,13,14,15,16,17,18,19,20,21,22,23,24,25,26,27,28,29,30,31,32,33,34,35,36,37,38,39,40,41,42,43,44,45,46,47,48,49,50,
0,0.0,77.79,15.23,56.92,57.72,42.05,8.25,52.84,72.69,28.84,8.94,10.2,26.68,74.24,38.83,40.0,18.44,67.2,56.32,54.33,61.77,48.17,80.52,32.31,49.4,45.25,42.76,60.03,30.07,24.41,42.05,12.17,87.13,45.12,60.83,18.44,64.9,85.09,46.69,73.74,14.56,54.45,71.06,78.77,33.38,24.08,33.53,36.35,29.55,43.93,31.05
1,77.79,0.0,92.97,20.88,20.59,110.94,70.94,52.8,14.14,50.64,76.97,86.83,94.34,18.0,76.42,75.71,72.72,25.61,44.72,85.44,53.25,74.0,44.18,101.55,59.36,42.76,83.95,26.08,76.24,88.09,83.55,65.79,22.0,67.05,37.74,59.46,48.41,58.14,68.82,5.39,86.76,86.38,41.3,14.87,79.51,56.36,44.27,47.8,62.07,34.44,46.82
2,15.23,92.97,0.0,72.11,72.8,32.25,22.36,65.6,87.48,43.91,18.11,8.94,21.54,88.81,44.41,48.08,27.2,82.1,68.73,60.53,74.4,56.92,93.06,24.08,59.46,59.67,48.37,74.43,37.95,26.0,45.25,27.2,102.22,55.46,75.07,33.53,78.1,96.17,54.59,88.96,12.81,60.41,83.73,93.94,40.02,38.21,48.7,50.01,42.01,58.94,46.17
3,56.92,20.88,72.11,0.0,4.47,91.21,50.16,39.6,19.7,30.07,56.36,65.97,74.4,23.32,59.36,58.31,52.8,22.0,34.0,69.97,43.27,58.31,44.94,81.61,45.61,26.08,66.48,17.09,57.27,68.03,66.57,44.94,34.41,51.11,28.64,38.63,40.25,57.27,53.85,17.0,66.24,70.83,38.08,25.0,60.88,36.06,23.41,29.21,42.95,14.21,26.0
4,57.72,20.59,72.8,4.47,0.0,90.44,50.6,43.86,16.49,32.06,56.46,67.08,73.78,19.7,57.2,61.74,52.15,26.08,30.07,73.78,47.71,62.13,40.5,80.99,42.38,30.0,69.86,12.65,60.17,70.26,64.4,45.61,36.72,54.92,33.11,39.29,44.72,52.8,50.99,17.69,66.21,74.63,33.62,27.29,63.89,35.78,24.33,27.59,45.88,13.93,26.68
5,42.05,110.94,32.25,91.21,90.44,0.0,44.41,94.83,102.0,68.41,37.2,40.79,16.97,101.98,40.45,80.05,38.42,106.15,75.29,92.78,103.77,88.77,97.67,10.0,61.19,86.02,80.62,87.66,69.86,58.14,36.0,50.0,124.58,86.65,101.61,55.32,106.68,96.08,52.35,108.0,27.78,92.66,89.5,115.52,72.18,55.32,69.31,63.29,71.59,77.01,66.48
6,8.25,70.94,22.36,50.16,50.6,44.41,0.0,51.26,65.12,24.08,7.21,18.44,27.78,66.48,33.11,42.76,12.65,62.29,48.08,57.72,60.17,50.16,72.28,34.41,41.62,41.62,46.82,52.15,33.53,31.11,37.36,5.66,81.61,46.04,57.2,11.66,62.61,76.97,39.7,67.12,16.97,57.97,62.82,72.95,37.34,16.0,26.83,28.16,29.27,36.69,24.17
7,52.84,52.8,65.6,39.6,43.86,94.83,51.26,0.0,58.41,30.07,58.31,56.85,78.79,62.48,78.1,26.68,61.61,28.64,68.03,32.98,8.94,22.09,84.02,84.97,73.76,15.23,34.23,55.61,32.25,47.71,84.38,46.17,48.0,16.12,16.12,42.76,12.81,95.41,78.41,47.42,67.08,33.96,76.28,43.74,33.62,48.04,36.5,51.97,23.6,40.72,38.21
8,72.69,14.14,87.48,19.7,16.49,102.0,65.12,58.41,0.0,48.37,70.34,82.39,85.91,4.47,65.3,78.0,64.62,34.99,31.62,89.55,60.83,77.9,30.59,93.04,46.86,45.65,86.16,14.42,76.66,86.58,72.25,60.53,36.06,70.71,45.34,54.33,56.85,44.41,56.64,16.28,79.7,90.43,27.17,28.16,80.36,49.48,40.0,39.0,62.36,29.02,42.05
9,28.84,50.64,43.91,30.07,32.06,68.41,24.08,30.07,48.37,0.0,31.24,36.77,51.61,50.99,48.04,33.94,32.31,38.42,43.86,48.41,38.47,37.74,64.9,58.41,45.69,17.89,41.23,38.63,29.53,38.21,54.33,18.44,58.31,31.3,33.29,13.42,39.85,73.59,49.03,46.1,41.04,49.04,55.8,50.09,33.62,18.0,10.0,24.19,16.28,20.25,10.0
10,8.94,76.97,18.11,56.36,56.46,37.2,7.21,58.31,70.34,31.24,0.0,17.2,20.59,71.39,30.0,48.17,10.0,69.31,50.64,62.8,67.23,56.0,74.97,27.2,42.05,48.83,51.42,56.89,38.47,33.29,33.11,12.81,88.41,52.35,64.4,18.44,69.77,78.43,38.42,73.36,10.0,62.97,65.62,79.63,41.98,20.88,33.29,32.14,35.9,42.54,30.53
11,10.2,86.83,8.94,65.97,67.08,40.79,18.44,56.85,82.39,36.77,17.2,0.0,28.28,84.1,46.69,39.29,27.2,74.43,66.48,52.15,65.6,48.08,90.71,32.06,59.06,51.61,40.05,70.0,29.12,18.44,48.83,22.0,94.83,46.52,66.84,28.07,69.43,95.08,55.61,82.57,17.09,52.09,81.25,86.82,31.4,34.23,42.76,46.53,33.3,53.46,40.45
12,26.68,94.34,21.54,74.4,73.78,16.97,27.78,78.79,85.91,51.61,20.59,28.28,0.0,86.16,28.64,66.27,21.63,89.2,60.83,80.0,87.73,74.67,84.21,7.21,48.0,69.34,68.03,71.69,56.14,46.69,26.83,33.29,107.63,71.81,84.88,38.42,90.35,84.38,40.45,91.26,12.17,80.01,75.54,98.6,59.01,38.42,52.35,46.96,55.97,60.22,49.52
13,74.24,18.0,88.81,23.32,19.7,101.98,66.48,62.48,4.47,50.99,71.39,84.1,86.16,0.0,64.4,81.44,65.15,39.45,29.73,93.3,65.12,81.63,26.31,93.23,45.25,49.4,89.55,14.56,79.7,89.11,71.22,62.13,40.0,74.43,49.68,56.04,61.22,40.2,55.17,20.62,80.52,94.15,23.54,32.39,83.49,50.64,42.19,39.56,65.46,31.14,44.05
14,38.83,76.42,44.41,59.36,57.2,40.45,33.11,78.1,65.3,48.04,30.0,46.69,28.64,64.4,0.0,75.29,20.59,78.79,35.78,90.44,86.37,82.0,57.27,34.06,20.88,64.78,79.85,50.99,66.48,63.25,7.21,35.44,93.74,76.94,78.59,36.22,87.13,56.04,12.0,74.65,31.62,90.76,49.34,84.31,70.38,30.07,43.17,30.41,59.84,46.07,40.79
15,40.0,75.71,48.08,58.31,61.74,80.05,42.76,26.68,78.0,33.94,48.17,39.29,66.27,81.44,75.29,0.0,55.32,54.0,77.79,15.23,33.11,8.94,98.41,71.02,78.23,32.98,8.25,71.02,10.2,24.41,80.05,39.85,74.24,10.77,42.19,40.25,38.63,107.52,79.62,70.41,54.15,15.65,89.5,69.03,8.6,48.37,43.86,57.63,17.69,53.01,43.86
16,18.44,72.72,27.2,52.8,52.15,38.42,12.65,61.61,64.62,32.31,10.0,27.2,21.63,65.15,20.59,55.32,0.0,68.41,42.05,70.34,70.34,62.51,66.27,28.84,32.31,50.16,59.46,50.6,46.17,42.8,24.74,16.0,86.28,58.03,65.3,18.97,72.11,68.96,28.43,69.63,16.0,70.6,57.08,77.16,49.98,16.97,31.24,25.63,41.0,38.6,28.43
17,67.2,25.61,82.1,22.0,26.08,106.15,62.29,28.64,34.99,38.42,69.31,74.43,89.2,39.45,78.79,54.0,68.41,0.0,56.0,61.61,27.78,50.64,64.62,96.21,67.08,23.41,62.03,38.47,56.89,70.88,85.91,56.64,20.88,44.18,12.65,50.91,22.8,77.79,74.73,20.52,79.25,62.59,58.94,15.13,59.41,51.61,37.2,48.47,43.97,32.89,40.0
18,56.32,44.72,68.73,34.0,30.07,75.29,48.08,68.03,31.62,43.86,50.64,66.48,60.83,29.73,35.78,77.79,42.05,56.0,0.0,92.2,74.0,81.22,24.33,67.47,15.62,52.8,84.9,18.97,72.47,76.94,42.19,45.69,65.15,74.4,61.19,41.18,72.28,30.0,25.61,44.6,58.03,92.85,15.03,56.04,76.69,33.11,34.06,21.1,60.11,27.31,33.94
19,54.33,85.44,60.53,69.97,73.78,92.78,57.72,32.98,89.55,48.41,62.8,52.15,80.0,93.3,90.44,15.23,70.34,61.61,92.2,0.0,36.0,11.66,111.95,84.21,93.3,43.91,12.17,84.02,24.33,34.93,95.08,55.03,80.4,18.87,49.03,55.46,42.0,121.66,94.85,80.06,68.03,1.0,103.28,76.69,21.02,63.53,58.14,72.42,32.45,66.53,58.41
20,61.77,53.25,74.4,43.27,47.71,103.77,60.17,8.94,60.83,38.47,67.23,65.6,87.73,65.12,86.37,33.11,70.34,27.78,74.0,36.0,0.0,26.68,88.2,93.91,80.89,22.09,39.85,60.03,40.0,55.61,92.78,55.03,44.72,22.36,15.62,51.42,6.0,100.24,86.09,48.01,76.03,37.0,81.01,42.15,40.82,56.32,44.05,59.3,32.45,46.84,46.0
21,48.17,74.0,56.92,58.31,62.13,88.77,50.16,22.09,77.9,37.74,56.0,48.08,74.67,81.63,82.0,8.94,62.51,50.64,81.22,11.66,26.68,0.0,100.5,79.62,83.19,32.25,13.42,72.47,18.97,33.29,87.13,46.69,70.03,7.21,38.21,46.17,32.56,110.45,85.44,68.62,62.51,12.53,91.92,65.76,17.49,53.85,47.2,61.91,22.47,55.15,47.71
22,80.52,44.18,93.06,44.94,40.5,97.67,72.28,84.02,30.59,64.9,74.97,90.71,84.21,26.31,57.27,98.41,66.27,64.62,24.33,111.95,88.2,100.5,0.0,90.55,36.5,69.43,106.02,28.43,94.34,100.32,62.64,69.57,66.12,93.38,73.43,64.62,85.09,14.0,45.61,46.87,82.22,112.7,9.49,58.69,98.48,56.92,54.92,44.6,81.02,45.45,55.57
23,32.31,101.55,24.08,81.61,80.99,10.0,34.41,84.97,93.04,58.41,27.2,32.06,7.21,93.23,34.06,71.02,28.84,96.21,67.47,84.21,93.91,79.62,90.55,0.0,54.15,76.03,72.11,78.79,60.83,50.04,31.05,40.0,114.77,77.2,91.61,45.34,96.75,90.09,46.04,98.47,17.89,84.15,82.04,105.76,63.39,45.61,59.46,54.12,61.85,67.42,56.64
24,49.4,59.36,59.46,45.61,42.38,61.19,41.62,73.76,46.86,45.69,42.05,59.06,48.0,45.25,20.88,78.23,32.31,67.08,15.62,93.3,80.89,83.19,36.5,54.15,0.0,58.86,84.4,33.29,71.22,72.47,26.83,41.04,78.79,76.97,70.0,38.42,80.22,36.88,10.0,58.59,47.54,93.81,28.46,69.46,75.43,30.0,37.36,21.84,60.9,35.01,36.06
25,45.25,42.76,59.67,26.08,30.0,86.02,41.62,15.23,45.65,17.89,48.83,51.61,69.34,49.4,64.78,32.98,50.16,23.41,52.8,43.91,22.09,32.25,69.43,76.03,58.86,0.0,41.23,41.04,34.06,47.54,71.39,36.06,44.27,25.06,15.62,31.3,22.36,80.45,64.03,37.48,58.41,44.78,61.4,37.48,37.01,34.93,22.0,37.22,20.62,25.5,24.08
26,42.76,83.95,48.37,66.48,69.86,80.62,46.82,34.23,86.16,41.23,51.42,40.05,68.03,89.55,79.85,8.25,59.46,62.03,84.9,12.17,39.85,13.42,106.02,72.11,84.4,41.23,0.0,78.89,13.42,22.8,84.12,44.72,82.1,18.11,50.04,46.04,45.61,114.77,85.09,78.64,56.14,12.04,97.01,77.1,9.49,54.41,51.22,64.38,25.0,60.75,50.99
27,60.03,26.08,74.43,17.09,12.65,87.66,52.15,55.61,14.42,38.63,56.89,70.0,71.69,14.56,50.99,71.02,50.6,38.47,18.97,84.02,60.03,72.47,28.43,78.79,33.29,41.04,78.89,0.0,68.03,76.16,58.0,48.0,46.17,65.3,45.69,42.05,57.27,40.25,42.8,25.63,65.97,84.81,21.02,37.11,72.01,36.22,29.12,25.0,54.12,18.38,30.59
28,30.07,76.24,37.95,57.27,60.17,69.86,33.53,32.25,76.66,29.53,38.47,29.12,56.14,79.7,66.48,10.2,46.17,56.89,72.47,24.33,40.0,18.97,94.34,60.83,71.22,34.06,13.42,68.03,0.0,15.62,70.88,31.3,77.67,18.44,46.17,32.8,44.94,102.45,71.69,71.11,44.05,24.52,85.15,71.45,4.24,41.23,39.45,51.66,14.32,49.66,38.83
29,24.41,88.09,26.0,68.03,70.26,58.14,31.11,47.71,86.58,38.21,33.29,18.44,46.69,89.11,63.25,24.41,42.8,70.88,76.94,34.93,55.61,33.29,100.32,50.04,72.47,47.54,22.8,76.16,15.62,0.0,66.24,31.62,91.76,33.94,60.93,35.78,60.46,106.68,70.77,83.22,35.44,34.71,90.87,84.93,15.81,43.91,47.07,55.9,26.93,58.05,45.61
30,42.05,83.55,45.25,66.57,64.4,36.0,37.36,84.38,72.25,54.33,33.11,48.83,26.83,71.22,7.21,80.05,24.74,85.91,42.19,95.08,92.78,87.13,62.64,31.05,26.83,71.39,84.12,58.0,70.88,66.24,0.0,40.45,100.96,82.39,85.44,42.0,93.74,60.13,17.09,81.84,32.56,95.34,55.15,91.53,74.63,36.5,50.0,37.59,65.28,53.24,47.54
31,12.17,65.79,27.2,44.94,45.61,50.0,5.66,46.17,60.53,18.44,12.81,22.0,33.29,62.13,35.44,39.85,16.0,56.64,45.69,55.03,55.03,46.69,69.57,40.0,41.04,36.06,44.72,48.0,31.3,31.62,40.45,0.0,76.03,42.05,51.61,6.32,57.27,75.18,40.5,61.85,22.63,55.36,60.08,67.42,35.36,12.65,21.54,25.0,25.0,31.78,18.97
32,87.13,22.0,102.22,34.41,36.72,124.58,81.61,48.0,36.06,58.31,88.41,94.83,107.63,40.0,93.74,74.24,86.28,20.88,65.15,80.4,44.72,70.03,66.12,114.77,78.79,44.27,82.1,46.17,77.67,91.76,100.96,76.03,0.0,64.03,32.06,70.0,38.83,80.1,87.66,20.62,98.41,81.39,63.2,9.43,80.06,69.31,55.32,63.6,64.85,48.27,58.14
33,45.12,67.05,55.46,51.11,54.92,86.65,46.04,16.12,70.71,31.3,52.35,46.52,71.81,74.43,76.94,10.77,58.03,44.18,74.4,18.87,22.36,7.21,93.38,77.2,76.97,25.06,18.11,65.3,18.44,33.94,82.39,42.05,64.03,0.0,32.0,40.79,27.86,103.48,79.7,61.68,59.67,19.72,84.86,59.3,18.6,48.08,40.5,55.47,17.12,48.1,41.18
34,60.83,37.74,75.07,28.64,33.11,101.61,57.2,16.12,45.34,33.29,64.4,66.84,84.88,49.68,78.59,42.19,65.3,12.65,61.19,49.03,15.62,38.21,73.43,91.61,70.0,15.62,50.04,45.69,46.17,60.93,85.44,51.61,32.06,32.0,0.0,46.65,11.66,85.91,76.42,32.45,74.03,50.01,66.71,27.66,48.27,49.4,35.44,49.37,34.48,35.01,37.95
35,18.44,59.46,33.53,38.63,39.29,55.32,11.66,42.76,54.33,13.42,18.44,28.07,38.42,56.04,36.22,40.25,18.97,50.91,41.18,55.46,51.42,46.17,64.62,45.34,38.42,31.3,46.04,42.05,32.8,35.78,42.0,6.32,70.0,40.79,46.65,0.0,53.14,71.02,39.4,55.54,28.43,55.9,55.15,61.29,37.01,8.49,15.23,20.12,23.77,25.5,12.65
36,64.9,48.41,78.1,40.25,44.72,106.68,62.61,12.81,56.85,39.85,69.77,69.43,90.35,61.22,87.13,38.63,72.11,22.8,72.28,42.0,6.0,32.56,85.09,96.75,80.22,22.36,45.61,57.27,44.94,60.46,93.74,57.27,38.83,27.86,11.66,53.14,0.0,97.51,86.02,43.28,78.89,43.0,78.29,36.67,46.07,57.27,44.18,59.0,36.12,45.54,46.39
37,85.09,58.14,96.17,57.27,52.8,96.08,76.97,95.41,44.41,73.59,78.43,95.08,84.38,40.2,56.04,107.52,68.96,77.79,30.0,121.66,100.24,110.45,14.0,90.09,36.88,80.45,114.77,40.25,102.45,106.68,60.13,75.18,80.1,103.48,85.91,71.02,97.51,0.0,44.05,60.67,84.4,122.35,19.24,72.56,106.67,62.77,63.66,51.04,89.87,55.44,63.78
38,46.69,68.82,54.59,53.85,50.99,52.35,39.7,78.41,56.64,49.03,38.42,55.61,40.45,55.17,12.0,79.62,28.43,74.73,25.61,94.85,86.09,85.44,45.61,46.04,10.0,64.03,85.09,42.8,71.69,70.77,17.09,40.5,87.66,79.7,76.42,39.4,86.02,44.05,0.0,67.74,42.05,95.27,38.08,78.26,75.8,31.62,42.05,27.07,62.97,41.98,40.2
39,73.74,5.39,88.96,17.0,17.69,108.0,67.12,47.42,16.28,46.1,73.36,82.57,91.26,20.62,74.65,70.41,69.63,20.52,44.6,80.06,48.01,68.62,46.87,98.47,58.59,37.48,78.64,25.63,71.11,83.22,81.84,61.85,20.62,61.68,32.45,55.54,43.28,60.67,67.74,0.0,83.24,80.99,43.0,12.0,74.33,53.0,40.31,45.28,57.01,31.06,42.95
40,14.56,86.76,12.81,66.24,66.21,27.78,16.97,67.08,79.7,41.04,10.0,17.09,12.17,80.52,31.62,54.15,16.0,79.25,58.03,68.03,76.03,62.51,82.22,17.89,47.54,58.41,56.14,65.97,44.05,35.44,32.56,22.63,98.41,59.67,74.03,28.43,78.89,84.4,42.05,83.24,0.0,68.07,73.06,89.63,47.01,30.46,43.27,41.0,44.01,52.33,40.5
41,54.45,86.38,60.41,70.83,74.63,92.66,57.97,33.96,90.43,49.04,62.97,52.09,80.01,94.15,90.76,15.65,70.6,62.59,92.85,1.0,37.0,12.53,112.7,84.15,93.81,44.78,12.04,84.81,24.52,34.71,95.34,55.36,81.39,19.72,50.01,55.9,43.0,122.35,95.27,80.99,68.07,0.0,104.0,77.67,21.1,64.01,58.8,73.01,33.02,67.27,59.03
42,71.06,41.3,83.73,38.08,33.62,89.5,62.82,76.28,27.17,55.8,65.62,81.25,75.54,23.54,49.34,89.5,57.08,58.94,15.03,103.28,81.01,91.92,9.49,82.04,28.46,61.4,97.01,21.02,85.15,90.87,55.15,60.08,63.2,84.86,66.71,55.15,78.29,19.24,38.08,43.0,73.06,104.0,0.0,55.0,89.31,47.43,45.8,35.11,72.01,36.77,46.32
43,78.77,14.87,93.94,25.0,27.29,115.52,72.95,43.74,28.16,50.09,79.63,86.82,98.6,32.39,84.31,69.03,77.16,15.13,56.04,76.69,42.15,65.76,58.69,105.76,69.46,37.48,77.1,37.11,71.45,84.93,91.53,67.42,9.43,59.3,27.66,61.29,36.67,72.56,78.26,12.0,89.63,77.67,55.0,0.0,74.17,60.21,46.4,54.2,58.05,38.95,49.2
44,33.38,79.51,40.02,60.88,63.89,72.18,37.34,33.62,80.36,33.62,41.98,31.4,59.01,83.49,70.38,8.6,49.98,59.41,76.69,21.02,40.82,17.49,98.48,63.39,75.43,37.01,9.49,72.01,4.24,15.81,74.63,35.36,80.06,18.6,48.27,37.01,46.07,106.67,75.8,74.33,47.01,21.1,89.31,74.17,0.0,45.45,43.57,55.9,18.03,53.67,43.01
45,24.08,56.36,38.21,36.06,35.78,55.32,16.0,48.04,49.48,18.0,20.88,34.23,38.42,50.64,30.07,48.37,16.97,51.61,33.11,63.53,56.32,53.85,56.92,45.61,30.0,34.93,54.41,36.22,41.23,43.91,36.5,12.65,69.31,48.08,49.4,8.49,57.27,62.77,31.62,53.0,30.46,64.01,47.43,60.21,45.45,0.0,14.42,12.37,31.38,21.95,11.66
46,33.53,44.27,48.7,23.41,24.33,69.31,26.83,36.5,40.0,10.0,33.29,42.76,52.35,42.19,43.17,43.86,31.24,37.2,34.06,58.14,44.05,47.2,54.92,59.46,37.36,22.0,51.22,29.12,39.45,47.07,50.0,21.54,55.32,40.5,35.44,15.23,44.18,63.66,42.05,40.31,43.27,58.8,45.8,46.4,43.57,14.42,0.0,15.52,26.25,11.05,2.83
47,36.35,47.8,50.01,29.21,27.59,63.29,28.16,51.97,39.0,24.19,32.14,46.53,46.96,39.56,30.41,57.63,25.63,48.47,21.1,72.42,59.3,61.91,44.6,54.12,21.84,37.22,64.38,25.0,51.66,55.9,37.59,25.0,63.6,55.47,49.37,20.12,59.0,51.04,27.07,45.28,41.0,73.01,35.11,54.2,55.9,12.37,15.52,0.0,40.0,15.65,14.32
48,29.55,62.07,42.01,42.95,45.88,71.59,29.27,23.6,62.36,16.28,35.9,33.3,55.97,65.46,59.84,17.69,41.0,43.97,60.11,32.45,32.45,22.47,81.02,61.85,60.9,20.62,25.0,54.12,14.32,26.93,65.28,25.0,64.85,17.12,34.48,23.77,36.12,89.87,62.97,57.01,44.01,33.02,72.01,58.05,18.03,31.38,26.25,40.0,0.0,35.85,26.17
49,43.93,34.44,58.94,14.21,13.93,77.01,36.69,40.72,29.02,20.25,42.54,53.46,60.22,31.14,46.07,53.01,38.6,32.89,27.31,66.53,46.84,55.15,45.45,67.42,35.01,25.5,60.75,18.38,49.66,58.05,53.24,31.78,48.27,48.1,35.01,25.5,45.54,55.44,41.98,31.06,52.33,67.27,36.77,38.95,53.67,21.95,11.05,15.65,35.85,0.0,13.04
50,31.05,46.82,46.17,26.0,26.68,66.48,24.17,38.21,42.05,10.0,30.53,40.45,49.52,44.05,40.79,43.86,28.43,40.0,33.94,58.41,46.0,47.71,55.57,56.64,36.06,24.08,50.99,30.59,38.83,45.61,47.54,18.97,58.14,41.18,37.95,12.65,46.39,63.78,40.2,42.95,40.5,59.03,46.32,49.2,43.01,11.66,2.83,14.32,26.17,13.04,0.0
