set K:= 1	2	3	4	5;
set C_H:= 1	2	3	4	5	6	7	8	9	10	11	12;
set C_S:= 13	14	15	16	17	18	19	20	21	22;
set C_F:= 23	24	25	26	27	28	29	30	31	32;
set M:= 33	34	35	36	37	38;
set L_B:= 39	40	41	42	43;
set A1:=
(0,*) 1 2 3 4 5 6 7 8 9 10 11 12 23 24 25 26 27 28 29 30 31 32 33 34 35 36 37 38 39 40 41 42 43 44
(1,*) 0 2 3 4 5 6 7 8 9 10 11 12 23 24 25 26 27 28 29 30 31 32 33 34 35 36 37 38 39 40 41 42 43 44
(2,*) 0 1 3 4 5 6 7 8 9 10 11 12 23 24 25 26 27 28 29 30 31 32 33 34 35 36 37 38 39 40 41 42 43 44
(3,*) 0 1 2 4 5 6 7 8 9 10 11 12 23 24 25 26 27 28 29 30 31 32 33 34 35 36 37 38 39 40 41 42 43 44
(4,*) 0 1 2 3 5 6 7 8 9 10 11 12 23 24 25 26 27 28 29 30 31 32 33 34 35 36 37 38 39 40 41 42 43 44
(5,*) 0 1 2 3 4 6 7 8 9 10 11 12 23 24 25 26 27 28 29 30 31 32 33 34 35 36 37 38 39 40 41 42 43 44
(6,*) 0 1 2 3 4 5 7 8 9 10 11 12 23 24 25 26 27 28 29 30 31 32 33 34 35 36 37 38 39 40 41 42 43 44
(7,*) 0 1 2 3 4 5 6 8 9 10 11 12 23 24 25 26 27 28 29 30 31 32 33 34 35 36 37 38 39 40 41 42 43 44
(8,*) 0 1 2 3 4 5 6 7 9 10 11 12 23 24 25 26 27 28 29 30 31 32 33 34 35 36 37 38 39 40 41 42 43 44
(9,*) 0 1 2 3 4 5 6 7 8 10 11 12 23 24 25 26 27 28 29 30 31 32 33 34 35 36 37 38 39 40 41 42 43 44
(10,*) 0 1 2 3 4 5 6 7 8 9 11 12 23 24 25 26 27 28 29 30 31 32 33 34 35 36 37 38 39 40 41 42 43 44
(11,*) 0 1 2 3 4 5 6 7 8 9 10 12 23 24 25 26 27 28 29 30 31 32 33 34 35 36 37 38 39 40 41 42 43 44
(12,*) 0 1 2 3 4 5 6 7 8 9 10 11 23 24 25 26 27 28 29 30 31 32 33 34 35 36 37 38 39 40 41 42 43 44
(23,*) 0 1 2 3 4 5 6 7 8 9 10 11 12 24 25 26 27 28 29 30 31 32 33 34 35 36 37 38 39 40 41 42 43 44
(24,*) 0 1 2 3 4 5 6 7 8 9 10 11 12 23 25 26 27 28 29 30 31 32 33 34 35 36 37 38 39 40 41 42 43 44
(25,*) 0 1 2 3 4 5 6 7 8 9 10 11 12 23 24 26 27 28 29 30 31 32 33 34 35 36 37 38 39 40 41 42 43 44
(26,*) 0 1 2 3 4 5 6 7 8 9 10 11 12 23 24 25 27 28 29 30 31 32 33 34 35 36 37 38 39 40 41 42 43 44
(27,*) 0 1 2 3 4 5 6 7 8 9 10 11 12 23 24 25 26 28 29 30 31 32 33 34 35 36 37 38 39 40 41 42 43 44
(28,*) 0 1 2 3 4 5 6 7 8 9 10 11 12 23 24 25 26 27 29 30 31 32 33 34 35 36 37 38 39 40 41 42 43 44
(29,*) 0 1 2 3 4 5 6 7 8 9 10 11 12 23 24 25 26 27 28 30 31 32 33 34 35 36 37 38 39 40 41 42 43 44
(30,*) 0 1 2 3 4 5 6 7 8 9 10 11 12 23 24 25 26 27 28 29 31 32 33 34 35 36 37 38 39 40 41 42 43 44
(31,*) 0 1 2 3 4 5 6 7 8 9 10 11 12 23 24 25 26 27 28 29 30 32 33 34 35 36 37 38 39 40 41 42 43 44
(32,*) 0 1 2 3 4 5 6 7 8 9 10 11 12 23 24 25 26 27 28 29 30 31 33 34 35 36 37 38 39 40 41 42 43 44
(33,*) 0 1 2 3 4 5 6 7 8 9 10 11 12 23 24 25 26 27 28 29 30 31 32 34 35 36 37 38 39 40 41 42 43 44
(34,*) 0 1 2 3 4 5 6 7 8 9 10 11 12 23 24 25 26 27 28 29 30 31 32 33 35 36 37 38 39 40 41 42 43 44
(35,*) 0 1 2 3 4 5 6 7 8 9 10 11 12 23 24 25 26 27 28 29 30 31 32 33 34 36 37 38 39 40 41 42 43 44
(36,*) 0 1 2 3 4 5 6 7 8 9 10 11 12 23 24 25 26 27 28 29 30 31 32 33 34 35 37 38 39 40 41 42 43 44
(37,*) 0 1 2 3 4 5 6 7 8 9 10 11 12 23 24 25 26 27 28 29 30 31 32 33 34 35 36 38 39 40 41 42 43 44
(38,*) 0 1 2 3 4 5 6 7 8 9 10 11 12 23 24 25 26 27 28 29 30 31 32 33 34 35 36 37 39 40 41 42 43 44
(39,*) 0 1 2 3 4 5 6 7 8 9 10 11 12 23 24 25 26 27 28 29 30 31 32 33 34 35 36 37 38 40 41 42 43 44
(40,*) 0 1 2 3 4 5 6 7 8 9 10 11 12 23 24 25 26 27 28 29 30 31 32 33 34 35 36 37 38 39 41 42 43 44
(41,*) 0 1 2 3 4 5 6 7 8 9 10 11 12 23 24 25 26 27 28 29 30 31 32 33 34 35 36 37 38 39 40 42 43 44
(42,*) 0 1 2 3 4 5 6 7 8 9 10 11 12 23 24 25 26 27 28 29 30 31 32 33 34 35 36 37 38 39 40 41 43 44
(43,*) 0 1 2 3 4 5 6 7 8 9 10 11 12 23 24 25 26 27 28 29 30 31 32 33 34 35 36 37 38 39 40 41 42 44
(44,*) 0 1 2 3 4 5 6 7 8 9 10 11 12 23 24 25 26 27 28 29 30 31 32 33 34 35 36 37 38 39 40 41 42 43
;
set A2:=
(33,*) 34
(34,*) 33
;
param BigM:=99999;
param n:= 5;
param d:=
1	23
2	8
3	19
4	9
5	23
6	10
7	14
8	13
9	14
10	23
11	15
12	8
13	5
14	14
15	5
16	9
17	18
18	24
19	8
20	10
21	20
22	24
23	13
24	18
25	10
26	18
27	20
28	13
29	19
30	14
31	2
32	3
;
param Q:=100;
param w:=
[33,*] 34 1.5
[34,*] 33 1.5
;
param V:=
[33,*] 34 100
[34,*] 33 100
;
param e:
	33	34	35	36	37	38	39	40	41	42	43:=
13		1		0		0		0		1		0		0		0		0		0		0	
14		0		0		0		0		0		1		0		0		0		0		0	
15		1		0		0		0		0		0		1		0		0		0		0	
16		1		0		0		0		1		0		0		0		0		0		0	
17		0		0		0		0		0		0		0		0		1		0		1	
18		0		0		1		0		0		1		0		0		0		0		0	
19		0		1		0		0		0		0		0		0		0		0		0	
20		1		0		0		0		1		0		0		0		0		0		0	
21		0		0		0		0		0		0		0		1		0		0		0	
22		1		0		0		0		1		0		1		0		1		0		0	
23		0		0		0		0		0		0		0		0		0		1		0	
24		0		0		0		1		0		0		1		0		0		0		0	
25		0		1		0		0		0		0		0		0		0		0		0	
26		0		0		1		0		0		1		0		0		0		0		0	
27		0		1		0		0		0		0		0		1		0		1		0	
28		1		0		0		0		0		0		1		0		1		0		1	
29		1		0		0		0		0		0		1		0		1		0		1	
30		1		0		0		0		0		0		1		0		1		0		1	
31		0		1		0		0		0		0		0		0		0		0		0	
32		0		1		0		0		0		0		0		0		0		0		0	
;
param p:=
1	1
2	1
3	1
4	1
5	1
;
param G:=
33	100
34	97
35	72
36	78
37	77
38	82
39	77
40	71
41	88
42	99
43	91
;
param s:=
0	0
1	10
2	10
3	10
4	10
5	10
6	10
7	10
8	10
9	10
10	10
11	10
12	10
23	10
24	10
25	10
26	10
27	10
28	10
29	10
30	10
31	10
32	10
33	10
34	10
35	10
36	10
37	10
38	10
39	10
40	10
41	10
42	10
43	10
;
param t:
	0	1	2	3	4	5	6	7	8	9	10	11	12	13	14	15	16	17	18	19	20	21	22	23	24	25	26	27	28	29	30	31	32	33	34	35	36	37	38	39	40	41	42	43	44:=
0	0.0	14.56	60.83	73.36	41.11	56.22	39.05	33.12	22.36	61.07	61.13	17.09	40.01	45.45	45.45	17.8	39.05	20.0	72.01	31.4	39.7	61.0	29.53	36.4	24.0	64.35	64.82	55.33	19.24	7.81	10.77	65.0	40.31	30.48	55.66	75.74	28.28	40.31	61.77	18.44	65.07	22.56	39.05	13.15	0.0
1	14.56	0.0	56.14	64.2	38.6	45.18	48.75	44.6	24.33	58.05	57.87	31.62	54.08	59.08	55.01	30.81	51.74	28.64	75.8	21.59	52.5	58.69	43.86	31.26	31.3	54.23	71.59	54.78	33.62	19.1	25.3	57.07	26.4	44.1	49.09	83.24	24.74	54.56	66.6	32.25	61.98	36.01	41.05	27.07	14.56
2	60.83	56.14	0.0	24.52	20.25	29.68	53.15	92.72	80.0	7.07	6.08	70.94	77.34	99.73	54.64	76.92	96.57	49.19	41.3	36.14	96.93	10.05	82.29	25.0	84.59	25.71	50.8	16.76	74.09	56.04	67.05	15.0	47.17	86.54	9.9	61.13	80.62	91.79	40.45	75.89	8.6	63.63	29.07	62.39	60.83
3	73.36	64.2	24.52	0.0	39.2	21.02	75.47	106.47	88.32	31.26	30.27	86.84	97.84	116.61	77.83	90.92	111.83	67.21	65.0	42.72	112.36	34.23	99.2	38.42	95.27	11.05	75.31	41.23	89.87	70.72	81.84	10.3	45.01	102.34	20.81	85.48	86.15	109.48	64.94	90.74	31.0	82.07	50.77	78.6	73.36
4	41.11	38.6	20.25	39.2	0.0	32.14	36.67	72.53	61.4	20.0	20.02	50.7	58.73	79.65	39.85	56.75	76.32	29.15	41.62	22.63	76.69	20.22	62.18	9.22	65.07	34.54	44.15	16.64	53.85	35.9	46.84	29.07	38.28	66.31	18.44	56.04	63.32	71.87	35.47	55.66	24.0	43.83	12.37	42.15	41.11
5	56.22	45.18	29.68	21.02	32.14	0.0	67.72	89.05	68.71	36.24	35.36	71.42	86.45	101.14	71.59	74.03	95.27	54.71	69.26	24.84	95.9	38.91	84.17	26.57	76.48	10.0	75.33	42.45	74.25	55.17	65.8	18.87	24.0	86.37	20.12	86.83	65.73	94.85	65.76	74.41	38.28	69.07	44.41	63.78	56.22
6	39.05	48.75	53.15	75.47	36.67	67.72	0.0	55.79	60.21	48.84	49.52	34.01	26.0	54.23	6.4	43.38	55.23	20.12	40.01	49.0	55.15	46.86	39.2	41.23	57.45	71.18	27.86	38.42	36.4	31.4	35.23	65.19	65.19	45.54	54.71	37.44	67.27	45.28	29.0	40.31	51.86	21.54	24.7	28.6	39.05
7	33.12	44.6	92.72	106.47	72.53	89.05	55.79	0.0	27.51	91.98	92.2	23.0	38.42	19.0	61.03	15.81	9.06	45.18	95.19	64.35	10.05	91.41	18.03	69.08	16.76	97.42	83.52	84.59	20.02	36.69	25.71	97.99	70.72	11.4	88.39	91.92	37.11	21.02	84.17	17.12	95.9	34.53	67.36	31.14	33.12
8	22.36	24.33	80.0	88.32	61.4	68.71	60.21	27.51	0.0	81.3	81.22	29.53	54.23	45.89	66.53	21.84	36.4	42.19	94.37	45.89	37.36	81.61	36.5	55.0	10.77	78.11	86.84	76.69	29.15	30.02	25.61	81.39	47.17	33.0	73.33	97.45	10.0	45.0	84.12	25.3	85.29	40.61	61.03	31.83	22.36
9	61.07	58.05	7.07	31.26	20.0	36.24	48.84	91.98	81.3	0.0	1.0	69.64	73.82	97.69	49.68	76.3	95.21	47.43	34.23	39.4	95.51	3.0	80.41	26.93	85.05	32.76	44.15	10.82	72.8	55.58	66.29	22.02	52.01	85.07	16.12	54.23	82.76	89.47	33.73	74.95	4.0	61.33	25.94	61.13	61.07
10	61.13	57.87	6.08	30.27	20.02	35.36	49.52	92.2	81.22	1.0	0.0	69.92	74.4	98.09	50.45	76.49	95.51	47.76	35.23	39.0	95.82	4.0	80.78	26.68	85.09	31.78	45.12	11.66	73.08	55.73	66.49	21.02	51.4	85.38	15.26	55.23	82.57	89.9	34.71	75.19	4.12	61.74	26.42	61.4	61.13
11	17.09	31.62	70.94	86.84	50.7	71.42	34.01	23.0	29.53	69.64	69.92	0.0	25.0	29.83	39.82	9.43	25.63	22.36	72.57	46.75	26.0	68.88	12.81	48.55	24.08	78.75	61.85	61.81	3.16	16.28	6.32	77.7	57.25	15.65	67.6	71.2	38.63	23.6	61.61	6.32	73.5	12.53	44.55	8.54	17.09
12	40.01	54.08	77.34	97.84	58.73	86.45	26.0	38.42	54.23	73.82	74.4	25.0	0.0	30.41	28.44	32.65	34.44	31.76	64.63	63.69	34.01	72.11	20.52	60.46	47.17	91.84	50.0	63.81	25.08	35.36	30.41	87.78	77.37	27.02	77.16	56.09	63.57	21.59	53.94	29.07	77.1	18.44	48.27	27.02	40.01
13	45.45	59.08	99.73	116.61	79.65	101.14	54.23	19.0	45.89	97.69	98.09	29.83	30.41	0.0	58.0	28.3	10.05	50.54	94.09	76.37	9.06	96.57	17.49	78.24	35.36	108.58	80.16	88.87	26.91	46.1	35.36	107.34	85.45	15.0	97.1	86.49	55.73	9.0	83.15	27.02	101.39	36.4	71.87	38.01	45.45
14	45.45	55.01	54.64	77.83	39.85	71.59	6.4	61.03	66.53	49.68	50.45	39.82	28.44	58.0	0.0	49.24	59.84	26.42	36.22	54.15	59.68	47.42	43.93	45.4	63.51	74.33	22.56	38.95	42.05	37.8	41.4	67.54	70.58	50.45	57.27	31.38	73.66	49.0	25.5	46.07	52.35	27.29	27.51	34.83	45.45
15	17.8	30.81	76.92	90.92	56.75	74.03	43.38	15.81	21.84	76.3	76.49	9.43	32.65	28.3	49.24	0.0	21.26	30.02	81.49	49.2	21.93	75.8	15.0	53.31	14.87	82.1	71.18	69.18	7.81	20.88	10.05	82.29	57.2	13.42	72.62	80.62	31.58	24.74	70.6	3.61	80.23	21.95	52.04	16.12	17.8
16	39.05	51.74	96.57	111.83	76.32	95.27	55.23	9.06	36.4	95.21	95.51	25.63	34.44	10.05	59.84	21.26	0.0	47.8	95.19	70.43	1.0	94.37	16.03	73.82	25.71	103.23	82.38	87.1	22.47	41.18	30.02	102.96	78.1	10.2	93.02	89.84	46.1	14.14	84.15	21.1	99.04	35.13	69.86	34.18	39.05
17	20.0	28.64	49.19	67.21	29.15	54.71	20.12	45.18	42.19	47.43	47.76	22.36	31.76	50.54	26.42	30.02	47.8	0.0	52.55	32.28	48.08	46.57	33.11	29.07	41.76	60.44	44.82	39.46	25.5	12.21	20.1	57.49	47.17	37.64	47.01	55.87	48.17	42.72	42.05	28.07	51.24	14.87	22.2	14.04	20.0
18	72.01	75.8	41.3	65.0	41.62	69.26	40.01	95.19	94.37	34.23	35.23	72.57	64.63	94.09	36.22	81.49	95.19	52.55	0.0	64.03	95.13	31.26	79.16	50.8	94.24	66.91	16.64	26.93	75.31	64.47	72.12	56.22	79.88	85.38	49.48	21.93	99.13	85.09	11.05	78.85	34.0	60.67	34.83	65.52	72.01
19	31.4	21.59	36.14	42.72	22.63	24.84	49.0	64.35	45.89	39.4	39.0	46.75	63.69	76.37	54.15	49.2	70.43	32.28	64.03	0.0	71.06	40.71	59.55	13.45	52.55	33.12	64.47	39.05	49.52	30.61	41.01	35.51	16.76	61.55	28.07	76.56	45.01	70.29	56.94	49.58	43.08	45.62	30.87	39.41	31.4
20	39.7	52.5	96.93	112.36	76.69	95.9	55.15	10.05	37.36	95.51	95.82	26.0	34.01	9.06	59.68	21.93	1.0	48.08	95.13	71.06	0.0	94.64	16.0	74.3	26.68	103.81	82.2	87.32	22.85	41.68	30.53	103.45	78.87	10.44	93.48	89.56	47.07	13.45	84.1	21.63	99.33	35.23	70.09	34.54	39.7
21	61.0	58.69	10.05	34.23	20.22	38.91	46.86	91.41	81.61	3.0	4.0	68.88	72.11	96.57	47.42	75.8	94.37	46.57	31.26	40.71	94.64	0.0	79.38	27.86	85.0	35.69	41.23	8.49	72.03	55.23	65.76	25.02	53.91	84.2	18.79	51.24	83.43	88.24	30.81	74.33	5.0	60.17	24.7	60.42	61.0
22	29.53	43.86	82.29	99.2	62.18	84.17	39.2	18.03	36.5	80.41	80.78	12.81	20.52	17.49	43.93	15.0	16.03	33.11	79.16	59.55	16.0	79.38	0.0	60.8	27.86	91.35	66.49	71.84	10.3	29.0	18.87	89.87	69.84	6.71	79.61	74.33	46.39	10.82	68.12	12.17	84.15	19.42	54.71	20.62	29.53
23	36.4	31.26	25.0	38.42	9.22	26.57	41.23	69.08	55.0	26.93	26.68	48.55	60.46	78.24	45.4	53.31	73.82	29.07	50.8	13.45	74.3	27.86	60.8	0.0	59.84	31.4	52.5	25.61	51.62	32.65	43.83	29.15	29.15	64.14	19.31	64.51	55.9	71.06	44.28	52.77	30.81	43.86	19.24	40.22	36.4
24	24.0	31.3	84.59	95.27	65.07	76.48	57.45	16.76	10.77	85.05	85.09	24.08	47.17	35.36	63.51	14.87	25.71	41.76	94.24	52.55	26.68	85.0	27.86	59.84	0.0	85.49	85.0	79.23	22.67	30.41	22.36	87.64	56.22	23.35	78.85	94.87	20.4	35.23	83.57	18.44	89.05	36.4	62.65	29.07	24.0
25	64.35	54.23	25.71	11.05	34.54	10.0	71.18	97.42	78.11	32.76	31.78	78.75	91.84	108.58	74.33	82.1	103.23	60.44	66.91	33.12	103.81	35.69	91.35	31.4	85.49	0.0	75.06	41.01	81.69	62.48	73.41	11.66	34.0	94.02	18.03	86.02	75.5	101.86	65.0	82.2	33.84	75.17	46.82	70.77	64.35
26	64.82	71.59	50.8	75.31	44.15	75.33	27.86	83.52	86.84	44.15	45.12	61.85	50.0	80.16	22.56	71.18	82.38	44.82	16.64	64.47	82.2	41.23	66.49	52.5	85.0	75.06	0.0	34.23	64.26	57.01	62.65	65.62	81.15	73.01	57.04	12.08	92.96	71.18	10.44	68.15	45.22	49.4	33.62	55.95	64.82
27	55.33	54.78	16.76	41.23	16.64	42.45	38.42	84.59	76.69	10.82	11.66	61.81	63.81	88.87	38.95	69.18	87.1	39.46	26.93	39.05	87.32	8.49	71.84	25.61	79.23	41.01	34.23	0.0	64.94	49.01	59.14	31.4	53.91	76.9	23.09	45.01	79.38	80.41	24.02	67.48	13.45	52.5	17.26	53.46	55.33
28	19.24	33.62	74.09	89.87	53.85	74.25	36.4	20.02	29.15	72.8	73.08	3.16	25.08	26.91	42.05	7.81	22.47	25.5	75.31	49.52	22.85	72.03	10.3	51.62	22.67	81.69	64.26	64.94	0.0	19.21	8.6	80.78	59.54	12.53	70.71	73.36	38.6	21.1	64.33	4.24	76.66	14.87	47.68	11.7	19.24
29	7.81	19.1	56.04	70.72	35.9	55.17	31.4	36.69	30.02	55.58	55.73	16.28	35.36	46.1	37.8	20.88	41.18	12.21	64.47	30.61	41.68	55.23	29.0	32.65	30.41	62.48	57.01	49.01	19.21	0.0	11.18	61.77	42.38	31.62	51.89	67.94	36.07	39.7	54.12	20.12	59.54	17.03	32.25	8.94	7.81
30	10.77	25.3	67.05	81.84	46.84	65.8	35.23	25.71	25.61	66.29	66.49	6.32	30.41	35.36	41.4	10.05	30.02	20.1	72.12	41.01	30.53	65.76	18.87	43.83	22.36	73.41	62.65	59.14	8.6	11.18	0.0	72.95	51.0	20.62	63.07	72.67	34.0	29.68	61.35	8.94	70.21	15.0	42.01	6.71	10.77
31	65.0	57.07	15.0	10.3	29.07	18.87	65.19	97.99	81.39	22.02	21.02	77.7	87.78	107.34	67.54	82.29	102.96	57.49	56.22	35.51	103.45	25.02	89.87	29.15	87.64	11.66	65.62	31.4	80.78	61.77	72.95	0.0	41.23	93.3	10.63	76.11	80.16	100.0	55.33	81.88	22.56	72.35	40.5	69.34	65.0
32	40.31	26.4	47.17	45.01	38.28	24.0	65.19	70.72	47.17	52.01	51.4	57.25	77.37	85.45	70.58	57.2	78.1	47.17	79.88	16.76	78.87	53.91	69.84	29.15	56.22	34.0	81.15	53.91	59.54	42.38	51.0	41.23	0.0	70.46	37.59	93.23	42.72	80.62	73.36	58.52	55.22	58.94	47.54	51.26	40.31
33	30.48	44.1	86.54	102.34	66.31	86.37	45.54	11.4	33.0	85.07	85.38	15.65	27.02	15.0	50.45	13.42	10.2	37.64	85.38	61.55	10.44	84.2	6.71	64.14	23.35	94.02	73.01	76.9	12.53	31.62	20.62	93.3	70.46	0.0	83.24	80.99	43.0	12.0	74.33	12.04	88.89	25.02	59.67	24.17	30.48
34	55.66	49.09	9.9	20.81	18.44	20.12	54.71	88.39	73.33	16.12	15.26	67.6	77.16	97.1	57.27	72.62	93.02	47.01	49.48	28.07	93.48	18.79	79.61	19.31	78.85	18.03	57.04	23.09	70.71	51.89	63.07	10.63	37.59	83.24	0.0	68.07	73.06	89.63	47.01	72.01	18.44	61.85	30.02	59.17	55.66
35	75.74	83.24	61.13	85.48	56.04	86.83	37.44	91.92	97.45	54.23	55.23	71.2	56.09	86.49	31.38	80.62	89.84	55.87	21.93	76.56	89.56	51.24	74.33	64.51	94.87	86.02	12.08	45.01	73.36	67.94	72.67	76.11	93.23	80.99	68.07	0.0	104.0	77.67	21.1	77.41	54.74	58.67	45.69	66.03	75.74
36	28.28	24.74	80.62	86.15	63.32	65.73	67.27	37.11	10.0	82.76	82.57	38.63	63.57	55.73	73.66	31.58	46.1	48.17	99.13	45.01	47.07	83.43	46.39	55.9	20.4	75.5	92.96	79.38	38.6	36.07	34.0	80.16	42.72	43.0	73.06	104.0	0.0	55.0	89.31	34.93	86.68	48.88	64.85	39.66	28.28
37	40.31	54.56	91.79	109.48	71.87	94.85	45.28	21.02	45.0	89.47	89.9	23.6	21.59	9.0	49.0	24.74	14.14	42.72	85.09	70.29	13.45	88.24	10.82	71.06	35.23	101.86	71.18	80.41	21.1	39.7	29.68	100.0	80.62	12.0	89.63	77.67	55.0	0.0	74.17	22.47	93.11	28.18	63.56	31.11	40.31
38	61.77	66.6	40.45	64.94	35.47	65.76	29.0	84.17	84.12	33.73	34.71	61.61	53.94	83.15	25.5	70.6	84.15	42.05	11.05	56.94	84.1	30.81	68.12	44.28	83.57	65.0	10.44	24.02	64.33	54.12	61.35	55.33	73.36	74.33	47.01	21.1	89.31	74.17	0.0	67.91	34.79	49.65	26.4	54.71	61.77
39	18.44	32.25	75.89	90.74	55.66	74.41	40.31	17.12	25.3	74.95	75.19	6.32	29.07	27.02	46.07	3.61	21.1	28.07	78.85	49.58	21.63	74.33	12.17	52.77	18.44	82.2	68.15	67.48	4.24	20.12	8.94	81.88	58.52	12.04	72.01	77.41	34.93	22.47	67.91	0.0	78.85	18.79	50.25	14.04	18.44
40	65.07	61.98	8.6	31.0	24.0	38.28	51.86	95.9	85.29	4.0	4.12	73.5	77.1	101.39	52.35	80.23	99.04	51.24	34.0	43.08	99.33	5.0	84.15	30.81	89.05	33.84	45.22	13.45	76.66	59.54	70.21	22.56	55.22	88.89	18.44	54.74	86.68	93.11	34.79	78.85	0.0	65.0	29.55	65.0	65.07
41	22.56	36.01	63.63	82.07	43.83	69.07	21.54	34.53	40.61	61.33	61.74	12.53	18.44	36.4	27.29	21.95	35.13	14.87	60.67	45.62	35.23	60.17	19.42	43.86	36.4	75.17	49.4	52.5	14.87	17.03	15.0	72.35	58.94	25.02	61.85	58.67	48.88	28.18	49.65	18.79	65.0	0.0	35.47	9.49	22.56
42	39.05	41.05	29.07	50.77	12.37	44.41	24.7	67.36	61.03	25.94	26.42	44.55	48.27	71.87	27.51	52.04	69.86	22.2	34.83	30.87	70.09	24.7	54.71	19.24	62.65	46.82	33.62	17.26	47.68	32.25	42.01	40.5	47.54	59.67	30.02	45.69	64.85	63.56	26.4	50.25	29.55	35.47	0.0	36.22	39.05
43	13.15	27.07	62.39	78.6	42.15	63.78	28.6	31.14	31.83	61.13	61.4	8.54	27.02	38.01	34.83	16.12	34.18	14.04	65.52	39.41	34.54	60.42	20.62	40.22	29.07	70.77	55.95	53.46	11.7	8.94	6.71	69.34	51.26	24.17	59.17	66.03	39.66	31.11	54.71	14.04	65.0	9.49	36.22	0.0	13.15
;
