vehicles
vehicle_idx, capacity, cost_per_unit_distance
1,100,1
2,100,1
3,100,1
4,100,1
5,100,1
6,100,1
depot
node_idx,x,y
0,34,31
home delivery customers
node_idx,x,y,service_time,demand
1,45,55,10,26
2,45,60,10,5
3,50,64,10,15
4,75,90,10,17
5,1,44,10,66
6,35,45,10,16
7,45,59,10,17
8,45,71,10,22
9,81,46,10,16
10,15,21,10,11
11,15,0,10,11
12,10,95,10,22
self pickup customers
node_idx,x,y,service_time,demand,locker_idxs
13,85,61,10,15,37
14,9,66,10,21,44
15,50,54,10,25,41-39-44
16,71,84,10,11,33-37
17,1,9,10,7,34
18,66,84,10,10,33-37
19,85,10,10,7,35-38
20,75,20,10,21,42-38
21,31,26,10,21,41-34
22,26,36,10,22,39-41-34
flexible customers
node_idx,x,y,service_time,demand,locker_idxs
23,70,80,10,17,33-37
24,81,70,10,6,37-33
25,59,55,10,7,43-39-40-42
26,80,64,10,16,37
27,25,40,10,1,41-43-34
28,25,54,10,17,41-44-43
29,11,35,10,25,41
30,90,45,10,21,42
31,6,6,10,25,34
32,51,5,10,2,38-34
lockers
node_idx,x,y,service_time,capacity,cost_per_unit_good
33,65,88,10,73
34,25,15,10,89
35,93,12,10,89
36,22,88,10,91
37,77,88,10,71
38,72,14,10,83
39,50,40,10,80
40,52,58,10,81
41,31,40,10,78
42,74,35,10,89
43,44,53,10,85
44,33,68,10,88
mrt lines
start_node_idx,end_node_idx,freight_capacity,cost_per_unit_good
33,34,89,2
34,33,89,2
35,36,91,2
36,35,91,2
37,38,83,2
38,37,83,2
distance matrix
,0,1,2,3,4,5,6,7,8,9,10,11,12,13,14,15,16,17,18,19,20,21,22,23,24,25,26,27,28,29,30,31,32,33,34,35,36,37,38,39,40,41,42,43,44,
0,0.0,26.4,31.02,36.67,71.85,35.47,14.04,30.08,41.48,49.34,21.47,36.36,68.35,59.17,43.01,28.02,64.64,39.66,61.91,55.15,42.45,5.83,9.43,60.8,61.07,34.66,56.61,12.73,24.7,23.35,57.72,37.54,31.06,64.88,18.36,61.98,58.25,71.4,41.63,18.36,32.45,9.49,40.2,24.17,37.01
1,26.4,0.0,5.0,10.3,46.1,45.35,14.14,4.0,16.0,37.11,45.34,62.65,53.15,40.45,37.64,5.1,38.95,63.66,35.81,60.21,46.1,32.2,26.87,35.36,39.0,14.0,36.14,25.0,20.02,39.45,46.1,62.63,50.36,38.59,44.72,64.44,40.22,45.97,49.09,15.81,7.62,20.52,35.23,2.24,17.69
2,31.02,5.0,0.0,6.4,42.43,46.82,18.03,1.0,11.0,38.63,49.2,67.08,49.5,40.01,36.5,7.81,35.38,67.36,31.89,64.03,50.0,36.77,30.61,32.02,37.36,14.87,35.23,28.28,20.88,42.2,47.43,66.61,55.33,34.41,49.24,67.88,36.24,42.52,53.34,20.62,7.28,24.41,38.29,7.07,14.42
3,36.67,10.3,6.4,0.0,36.07,52.92,24.21,7.07,8.6,35.85,55.44,72.95,50.61,35.13,41.05,10.0,29.0,73.66,25.61,64.35,50.61,42.49,36.88,25.61,31.58,12.73,30.0,34.66,26.93,48.6,44.28,72.8,59.01,28.3,55.01,67.48,36.88,36.12,54.63,24.0,6.32,30.61,37.64,12.53,17.46
4,71.85,46.1,42.43,36.07,0.0,87.13,60.21,43.14,35.51,44.41,91.44,108.17,65.19,30.68,70.23,43.83,7.21,109.71,10.82,80.62,70.0,77.67,72.92,11.18,20.88,38.48,26.48,70.71,61.61,84.39,47.43,108.71,88.32,10.2,90.14,80.05,53.04,2.83,76.06,55.9,39.41,66.6,55.01,48.27,47.41
5,35.47,45.35,46.82,52.92,87.13,0.0,34.01,46.49,51.62,80.02,26.93,46.17,51.79,85.7,23.41,50.01,80.62,35.0,76.32,90.62,77.79,34.99,26.25,77.83,84.12,59.03,81.49,24.33,26.0,13.45,89.01,38.33,63.41,77.67,37.64,97.41,48.75,87.82,77.08,49.16,52.89,30.27,73.55,43.93,40.0
6,14.04,14.14,18.03,24.21,60.21,34.01,0.0,17.2,27.86,46.01,31.24,49.24,55.9,52.5,33.42,17.49,53.08,49.52,49.82,61.03,47.17,19.42,12.73,49.5,52.35,26.0,48.85,11.18,13.45,26.0,55.0,48.6,43.08,52.43,31.62,66.73,44.92,60.11,48.27,15.81,21.4,6.4,40.26,12.04,23.09
7,30.08,4.0,1.0,7.07,43.14,46.49,17.2,0.0,12.0,38.28,48.41,66.19,50.21,40.05,36.67,7.07,36.07,66.6,32.65,63.25,49.2,35.85,29.83,32.65,37.64,14.56,35.36,27.59,20.62,41.62,47.13,65.8,54.33,35.23,48.33,67.18,37.01,43.19,52.48,19.65,7.07,23.6,37.64,6.08,15.0
8,41.48,16.0,11.0,8.6,35.51,51.62,27.86,12.0,0.0,43.83,58.31,77.08,42.44,41.23,36.35,17.72,29.07,76.03,24.7,72.95,59.17,47.13,39.82,26.57,36.01,21.26,35.69,36.89,26.25,49.52,51.97,75.8,66.27,26.25,59.46,76.06,28.6,36.24,63.07,31.4,14.76,34.01,46.23,18.03,12.37
9,49.34,37.11,38.63,35.85,44.41,80.02,46.01,38.28,43.83,0.0,70.58,80.45,86.27,15.52,74.73,32.02,39.29,88.14,40.85,36.22,26.68,53.85,55.9,35.74,24.0,23.77,18.03,56.32,56.57,70.86,9.06,85.0,50.8,44.94,64.01,36.06,72.42,42.19,33.24,31.58,31.38,50.36,13.04,37.66,52.8
10,21.47,45.34,49.2,55.44,91.44,26.93,31.24,48.41,58.31,70.58,0.0,21.0,74.17,80.62,45.4,48.1,84.29,18.44,81.06,70.86,60.01,16.76,18.6,80.66,82.2,55.61,77.94,21.47,34.48,14.56,78.75,17.49,39.4,83.6,11.66,78.52,67.36,91.29,57.43,39.82,52.33,24.84,60.64,43.19,50.33
11,36.36,62.65,67.08,72.95,108.17,46.17,49.24,66.19,77.08,80.45,21.0,0.0,95.13,92.85,66.27,64.35,100.96,16.64,98.27,70.71,63.25,30.53,37.64,97.08,96.21,70.43,91.22,41.23,54.92,35.23,87.46,10.82,36.35,101.21,18.03,78.92,88.28,107.65,58.69,53.15,68.8,43.08,68.6,60.42,70.34
12,68.35,53.15,49.5,50.61,65.19,51.79,55.9,50.21,42.44,86.27,74.17,95.13,0.0,82.35,29.02,57.28,61.98,86.47,57.07,113.36,99.25,72.12,61.13,61.85,75.27,63.25,76.56,57.01,43.66,60.01,94.34,89.09,98.9,55.44,81.39,117.38,13.89,67.36,102.0,68.01,55.97,58.87,87.73,54.04,35.47
13,59.17,40.45,40.01,35.13,30.68,85.7,52.5,40.05,41.23,15.52,80.62,92.85,82.35,0.0,76.16,35.69,26.93,98.79,29.83,51.0,42.2,64.35,64.08,24.21,9.85,26.68,5.83,63.57,60.41,78.43,16.76,96.26,65.51,33.6,75.6,49.65,68.54,28.16,48.76,40.82,33.14,57.94,28.23,41.77,52.47
14,43.01,37.64,36.5,41.05,70.23,23.41,33.42,36.67,36.35,74.73,45.4,66.27,29.02,76.16,0.0,42.72,64.56,57.56,59.77,94.4,80.45,45.65,34.48,62.59,72.11,51.2,71.03,30.53,20.0,31.06,83.68,60.07,74.06,60.17,53.45,99.86,25.55,71.47,81.69,48.55,43.74,34.06,72.01,37.34,24.08
15,28.02,5.1,7.81,10.0,43.83,50.01,17.49,7.07,17.72,32.02,48.1,64.35,57.28,35.69,42.72,0.0,36.62,66.53,34.0,56.22,42.2,33.84,30.0,32.8,34.89,9.06,31.62,28.65,25.0,43.38,41.0,65.12,49.01,37.16,46.32,60.11,44.05,43.42,45.65,14.0,4.47,23.6,30.61,6.08,22.02
16,64.64,38.95,35.38,29.0,7.21,80.62,53.08,36.07,29.07,39.29,84.29,100.96,61.98,26.93,64.56,36.62,0.0,102.59,5.0,75.31,64.12,70.46,65.8,4.12,17.2,31.38,21.93,63.66,54.92,77.47,43.38,101.53,81.49,7.21,82.93,75.29,49.16,7.21,70.01,48.75,32.2,59.46,49.09,41.11,41.23
17,39.66,63.66,67.36,73.66,109.71,35.0,49.52,66.6,76.03,88.14,18.44,16.64,86.47,98.79,57.56,66.53,102.59,0.0,99.25,84.01,74.81,34.48,36.8,99.01,100.6,74.03,96.26,39.2,51.0,27.86,96.01,5.83,50.16,101.67,24.74,92.05,81.74,109.62,71.18,57.98,70.72,43.14,77.49,61.52,67.12
18,61.91,35.81,31.89,25.61,10.82,76.32,49.82,32.65,24.7,40.85,81.06,98.27,57.07,29.83,59.77,34.0,5.0,99.25,0.0,76.4,64.63,67.74,62.48,5.66,20.52,29.83,24.41,60.14,50.8,73.66,45.79,98.41,80.41,4.12,80.26,76.9,44.18,11.7,70.26,46.82,29.53,56.22,49.65,38.01,36.67
19,55.15,60.21,64.03,64.35,80.62,90.62,61.03,63.25,72.95,36.22,70.86,70.71,113.36,51.0,94.4,56.22,75.31,84.01,76.4,0.0,14.14,56.32,64.47,71.59,60.13,51.97,54.23,67.08,74.4,78.11,35.36,79.1,34.37,80.52,60.21,8.25,100.26,78.41,13.6,46.1,58.25,61.77,27.31,59.41,77.9
20,42.45,46.1,50.0,50.61,70.0,77.79,47.17,49.2,59.17,26.68,60.01,63.25,99.25,42.2,80.45,42.2,64.12,74.81,64.63,14.14,0.0,44.41,51.55,60.21,50.36,38.48,44.28,53.85,60.46,65.73,29.15,70.41,28.3,68.73,50.25,19.7,86.21,68.03,6.71,32.02,44.42,48.33,15.03,45.28,63.78
21,5.83,32.2,36.77,42.49,77.67,34.99,19.42,35.85,47.13,53.85,16.76,30.53,72.12,64.35,45.65,33.84,70.46,34.48,67.74,56.32,44.41,0.0,11.18,66.61,66.6,40.31,62.01,15.23,28.64,21.93,61.98,32.02,29.0,70.71,12.53,63.56,62.65,77.2,42.72,23.6,38.28,14.0,43.93,29.97,42.05
22,9.43,26.87,30.61,36.88,72.92,26.25,12.73,29.83,39.82,55.9,18.6,37.64,61.13,64.08,34.48,30.0,65.8,36.8,62.48,64.47,51.55,11.18,0.0,62.23,64.66,38.08,60.83,4.12,18.03,15.03,64.63,36.06,39.82,65.0,21.02,71.17,52.15,72.84,50.99,24.33,34.06,6.4,48.01,24.76,32.76
23,60.8,35.36,32.02,25.61,11.18,77.83,49.5,32.65,26.57,35.74,80.66,97.08,61.85,24.21,62.59,32.8,4.12,99.01,5.66,71.59,60.21,66.61,62.23,0.0,14.87,27.31,18.87,60.21,51.97,74.2,40.31,97.84,77.37,9.43,79.06,71.78,48.66,10.63,66.03,44.72,28.43,55.87,45.18,37.48,38.9
24,61.07,39.0,37.36,31.58,20.88,84.12,52.35,37.64,36.01,24.0,82.2,96.21,75.27,9.85,72.11,34.89,17.2,100.6,20.52,60.13,50.36,66.6,64.66,14.87,0.0,26.63,6.08,63.53,58.24,78.26,26.57,98.6,71.59,24.08,78.49,59.23,61.68,18.44,56.72,43.14,31.38,58.31,35.69,40.72,48.04
25,34.66,14.0,14.87,12.73,38.48,59.03,26.0,14.56,21.26,23.77,55.61,70.43,63.25,26.68,51.2,9.06,31.38,74.03,29.83,51.97,38.48,40.31,38.08,27.31,26.63,0.0,22.85,37.16,34.01,52.0,32.57,72.18,50.64,33.54,52.5,54.82,49.58,37.59,43.01,17.49,7.62,31.76,25.0,15.13,29.07
26,56.61,36.14,35.23,30.0,26.48,81.49,48.85,35.36,35.69,18.03,77.94,91.22,76.56,5.83,71.03,31.62,21.93,96.26,24.41,54.23,44.28,62.01,60.83,18.87,6.08,22.85,0.0,60.01,55.9,74.85,21.47,94.02,65.74,28.3,73.66,53.6,62.77,24.19,50.64,38.42,28.64,54.56,29.61,37.64,47.17
27,12.73,25.0,28.28,34.66,70.71,24.33,11.18,27.59,36.89,56.32,21.47,41.23,57.01,63.57,30.53,28.65,63.66,39.2,60.14,67.08,53.85,15.23,4.12,60.21,63.53,37.16,60.01,0.0,14.0,14.87,65.19,38.95,43.6,62.48,25.0,73.54,48.09,70.77,53.71,25.0,32.45,6.0,49.25,23.02,29.12
28,24.7,20.02,20.88,26.93,61.61,26.0,13.45,20.62,26.25,56.57,34.48,54.92,43.66,60.41,20.0,25.0,54.92,51.0,50.8,74.4,60.46,28.64,18.03,51.97,58.24,34.01,55.9,14.0,0.0,23.6,65.62,51.62,55.47,52.5,39.0,79.92,34.13,62.13,61.72,28.65,27.29,15.23,52.55,19.03,16.12
29,23.35,39.45,42.2,48.6,84.39,13.45,26.0,41.62,49.52,70.86,14.56,35.23,60.01,78.43,31.06,43.38,77.47,27.86,73.66,78.11,65.73,21.93,15.03,74.2,78.26,52.0,74.85,14.87,23.6,0.0,79.63,29.43,50.0,75.66,24.41,85.16,54.13,84.65,64.51,39.32,47.01,20.62,63.0,37.59,39.66
30,57.72,46.1,47.43,44.28,47.43,89.01,55.0,47.13,51.97,9.06,78.75,87.46,94.34,16.76,83.68,41.0,43.38,96.01,45.79,35.36,29.15,61.98,64.63,40.31,26.57,32.57,21.47,65.19,65.62,79.63,0.0,92.61,55.87,49.74,71.59,33.14,80.45,44.92,35.85,40.31,40.16,59.21,18.87,46.69,61.47
31,37.54,62.63,66.61,72.8,108.71,38.33,48.6,65.8,75.8,85.0,17.49,10.82,89.09,96.26,60.07,65.12,101.53,5.83,98.41,79.1,70.41,32.02,36.06,97.84,98.6,72.18,94.02,38.95,51.62,29.43,92.61,0.0,45.01,101.02,21.02,87.21,83.55,108.47,66.48,55.61,69.43,42.2,73.93,60.44,67.62
32,31.06,50.36,55.33,59.01,88.32,63.41,43.08,54.33,66.27,50.8,39.4,36.35,98.9,65.51,74.06,49.01,81.49,50.16,80.41,34.37,28.3,29.0,39.82,77.37,71.59,50.64,65.74,43.6,55.47,50.0,55.87,45.01,0.0,84.17,27.86,42.58,87.92,86.98,22.85,35.01,53.01,40.31,37.8,48.51,65.52
33,64.88,38.59,34.41,28.3,10.2,77.67,52.43,35.23,26.25,44.94,83.6,101.21,55.44,33.6,60.17,37.16,7.21,101.67,4.12,80.52,68.73,70.71,65.0,9.43,24.08,33.54,28.3,62.48,52.5,75.66,49.74,101.02,84.17,0.0,83.24,80.99,43.0,12.0,74.33,50.29,32.7,58.82,53.76,40.82,37.74
34,18.36,44.72,49.24,55.01,90.14,37.64,31.62,48.33,59.46,64.01,11.66,18.03,81.39,75.6,53.45,46.32,82.93,24.74,80.26,60.21,50.25,12.53,21.02,79.06,78.49,52.5,73.66,25.0,39.0,24.41,71.59,21.02,27.86,83.24,0.0,68.07,73.06,89.63,47.01,35.36,50.77,25.71,52.92,42.49,53.6
35,61.98,64.44,67.88,67.48,80.05,97.41,66.73,67.18,76.06,36.06,78.52,78.92,117.38,49.65,99.86,60.11,75.29,92.05,76.9,8.25,19.7,63.56,71.17,71.78,59.23,54.82,53.6,73.54,79.92,85.16,33.14,87.21,42.58,80.99,68.07,0.0,104.0,77.67,21.1,51.31,61.62,68.03,29.83,63.89,82.07
36,58.25,40.22,36.24,36.88,53.04,48.75,44.92,37.01,28.6,72.42,67.36,88.28,13.89,68.54,25.55,44.05,49.16,81.74,44.18,100.26,86.21,62.65,52.15,48.66,61.68,49.58,62.77,48.09,34.13,54.13,80.45,83.55,87.92,43.0,73.06,104.0,0.0,55.0,89.31,55.57,42.43,48.84,74.25,41.34,22.83
37,71.4,45.97,42.52,36.12,2.83,87.82,60.11,43.19,36.24,42.19,91.29,107.65,67.36,28.16,71.47,43.42,7.21,109.62,11.7,78.41,68.03,77.2,72.84,10.63,18.44,37.59,24.19,70.77,62.13,84.65,44.92,108.47,86.98,12.0,89.63,77.67,55.0,0.0,74.17,55.07,39.05,66.48,53.08,48.1,48.33
38,41.63,49.09,53.34,54.63,76.06,77.08,48.27,52.48,63.07,33.24,57.43,58.69,102.0,48.76,81.69,45.65,70.01,71.18,70.26,13.6,6.71,42.72,50.99,66.03,56.72,43.01,50.64,53.71,61.72,64.51,35.85,66.48,22.85,74.33,47.01,21.1,89.31,74.17,0.0,34.06,48.33,48.55,21.1,48.01,66.61
39,18.36,15.81,20.62,24.0,55.9,49.16,15.81,19.65,31.4,31.58,39.82,53.15,68.01,40.82,48.55,14.0,48.75,57.98,46.82,46.1,32.02,23.6,24.33,44.72,43.14,17.49,38.42,25.0,28.65,39.32,40.31,55.61,35.01,50.29,35.36,51.31,55.57,55.07,34.06,0.0,18.11,19.0,24.52,14.32,32.76
40,32.45,7.62,7.28,6.32,39.41,52.89,21.4,7.07,14.76,31.38,52.33,68.8,55.97,33.14,43.74,4.47,32.2,70.72,29.53,58.25,44.42,38.28,34.06,28.43,31.38,7.62,28.64,32.45,27.29,47.01,40.16,69.43,53.01,32.7,50.77,61.62,42.43,39.05,48.33,18.11,0.0,27.66,31.83,9.43,21.47
41,9.49,20.52,24.41,30.61,66.6,30.27,6.4,23.6,34.01,50.36,24.84,43.08,58.87,57.94,34.06,23.6,59.46,43.14,56.22,61.77,48.33,14.0,6.4,55.87,58.31,31.76,54.56,6.0,15.23,20.62,59.21,42.2,40.31,58.82,25.71,68.03,48.84,66.48,48.55,19.0,27.66,0.0,43.29,18.38,28.07
42,40.2,35.23,38.29,37.64,55.01,73.55,40.26,37.64,46.23,13.04,60.64,68.6,87.73,28.23,72.01,30.61,49.09,77.49,49.65,27.31,15.03,43.93,48.01,45.18,35.69,25.0,29.61,49.25,52.55,63.0,18.87,73.93,37.8,53.76,52.92,29.83,74.25,53.08,21.1,24.52,31.83,43.29,0.0,34.99,52.63
43,24.17,2.24,7.07,12.53,48.27,43.93,12.04,6.08,18.03,37.66,43.19,60.42,54.04,41.77,37.34,6.08,41.11,61.52,38.01,59.41,45.28,29.97,24.76,37.48,40.72,15.13,37.64,23.02,19.03,37.59,46.69,60.44,48.51,40.82,42.49,63.89,41.34,48.1,48.01,14.32,9.43,18.38,34.99,0.0,18.6
44,37.01,17.69,14.42,17.46,47.41,40.0,23.09,15.0,12.37,52.8,50.33,70.34,35.47,52.47,24.08,22.02,41.23,67.12,36.67,77.9,63.78,42.05,32.76,38.9,48.04,29.07,47.17,29.12,16.12,39.66,61.47,67.62,65.52,37.74,53.6,82.07,22.83,48.33,66.61,32.76,21.47,28.07,52.63,18.6,0.0
