vehicles
vehicle_idx, capacity, cost_per_unit_distance
1,100,1
2,100,1
3,100,1
4,100,1
5,100,1
depot
node_idx,x,y
0,69,63
home delivery customers
node_idx,x,y,service_time,demand
1,71,69,10,8
2,75,69,10,17
3,71,79,10,5
4,55,71,10,23
5,41,51,10,8
6,45,59,10,9
7,89,53,10,3
8,75,89,10,5
9,63,95,10,13
10,89,43,10,26
11,47,41,10,19
self pickup customers
node_idx,x,y,service_time,demand,locker_idxs
12,35,81,10,19,41-38
13,37,33,10,12,39-43
14,93,9,10,25,40
15,95,23,10,20,40-43
16,11,15,10,12,39
17,33,51,10,25,39-41
18,35,39,10,19,39-43
19,27,19,10,12,39-43
20,33,85,10,2,41-38-44
21,21,91,10,13,41
22,3,35,10,12,39-41
23,17,57,10,13,41-39
24,15,13,10,9,39
flexible customers
node_idx,x,y,service_time,demand,locker_idxs
25,87,23,10,18,40
26,87,29,10,11,40-43-44
27,93,15,10,12,40-43
28,61,21,10,7,43-40-39
29,45,41,10,5,39-43-44
30,67,95,10,14,38-42
31,11,49,10,1,39
32,1,47,10,8,39-41
33,37,37,10,24,39-43
34,59,29,10,4,43-39-40
35,19,83,10,21,41
36,97,95,10,13,42-44-38
37,61,15,10,14,43-40
lockers
node_idx,x,y,service_time,capacity,cost_per_unit_good
38,65,88,10,71
39,25,15,10,84
40,93,12,10,72
41,22,88,10,90
42,77,88,10,76
43,72,14,10,91
44,71.75,82.75,10,88
mrt lines
start_node_idx,end_node_idx,freight_capacity,cost_per_unit_good
38,39,84,2
39,38,84,2
40,41,90,2
41,40,90,2
distance matrix
,0,1,2,3,4,5,6,7,8,9,10,11,12,13,14,15,16,17,18,19,20,21,22,23,24,25,26,27,28,29,30,31,32,33,34,35,36,37,38,39,40,41,42,43,44,
0,0.0,6.32,8.49,16.12,16.12,30.46,24.33,22.36,26.68,32.56,28.28,31.11,38.47,43.86,59.09,47.71,75.29,37.95,41.62,60.83,42.19,55.57,71.69,52.35,73.59,43.86,38.47,53.67,42.76,32.56,32.06,59.67,69.86,41.23,35.44,53.85,42.52,48.66,25.32,65.12,56.36,53.24,26.25,49.09,19.94
1,6.32,0.0,4.0,10.0,16.12,34.99,27.86,24.08,20.4,27.2,31.62,36.88,37.95,49.52,63.91,51.88,80.72,42.05,46.86,66.6,41.23,54.63,76.03,55.32,79.2,48.7,43.08,58.31,49.03,38.21,26.31,63.25,73.38,46.69,41.76,53.85,36.77,54.92,19.92,70.94,61.1,52.55,19.92,55.01,13.77
2,8.49,4.0,0.0,10.77,20.1,38.47,31.62,21.26,20.0,28.64,29.53,39.6,41.76,52.35,62.64,50.16,83.74,45.69,50.0,69.31,44.94,58.31,79.62,59.23,82.07,47.54,41.76,56.92,50.0,41.04,27.2,67.05,77.2,49.68,43.08,57.72,34.06,55.79,21.47,73.59,59.77,56.3,19.1,55.08,14.13
3,16.12,10.0,10.77,0.0,17.89,41.04,32.8,31.62,10.77,17.89,40.25,44.94,36.06,57.2,73.38,60.93,87.73,47.2,53.81,74.4,38.47,51.42,80.99,58.31,86.56,58.24,52.5,67.68,58.86,46.04,16.49,67.08,76.97,54.04,51.42,52.15,30.53,64.78,10.82,78.82,70.52,49.82,10.82,65.01,3.82
4,16.12,16.12,20.1,17.89,0.0,24.41,15.62,38.47,26.91,25.3,44.05,31.05,22.36,42.05,72.72,62.48,71.22,29.73,37.74,59.06,26.08,39.45,63.25,40.5,70.46,57.69,52.8,67.68,50.36,31.62,26.83,49.19,59.09,38.47,42.19,37.95,48.37,56.32,19.72,63.53,70.18,37.12,27.8,59.48,20.46
5,30.46,34.99,38.47,41.04,24.41,0.0,8.94,48.04,50.99,49.19,48.66,11.66,30.59,18.44,66.84,60.83,46.86,8.0,13.42,34.93,34.93,44.72,41.23,24.74,46.04,53.85,50.99,63.25,36.06,10.77,51.11,30.07,40.2,14.56,28.43,38.83,71.22,41.18,44.1,39.4,65.0,41.59,51.62,48.27,44.2
6,24.33,27.86,31.62,32.8,15.62,8.94,0.0,44.41,42.43,40.25,46.82,18.11,24.17,27.2,69.31,61.61,55.61,14.42,22.36,43.86,28.64,40.0,48.37,28.07,54.92,55.32,51.61,65.12,41.23,18.0,42.19,35.44,45.61,23.41,33.11,35.38,63.25,46.82,35.23,48.33,67.18,37.01,43.19,52.48,35.77
7,22.36,24.08,21.26,31.62,38.47,48.04,44.41,0.0,38.63,49.4,10.0,43.68,60.83,55.71,44.18,30.59,86.76,56.04,55.79,70.71,64.5,77.9,87.86,72.11,84.12,30.07,24.08,38.21,42.52,45.61,47.41,78.1,88.2,54.41,38.42,76.16,42.76,47.2,42.44,74.43,41.19,75.59,37.0,42.54,34.39
8,26.68,20.4,20.0,10.77,26.91,50.99,42.43,38.63,0.0,13.42,48.08,55.57,40.79,67.68,82.0,68.96,97.84,56.64,64.03,84.88,42.19,54.04,90.0,66.24,96.83,67.08,61.19,76.16,69.43,56.6,10.0,75.47,85.09,64.4,62.1,56.32,22.8,75.31,10.05,89.31,79.08,53.01,2.24,75.06,7.04
9,32.56,27.2,28.64,17.89,25.3,49.19,40.25,49.4,13.42,0.0,58.14,56.32,31.3,67.23,91.08,78.79,95.41,53.25,62.61,84.1,31.62,42.19,84.85,59.67,95.02,75.89,70.23,85.44,74.03,56.92,4.0,69.43,78.41,63.56,66.12,45.61,34.0,80.02,7.28,88.57,88.26,41.59,15.65,81.5,15.05
10,28.28,31.62,29.53,40.25,44.05,48.66,46.82,10.0,48.08,58.14,0.0,42.05,66.03,52.95,34.23,20.88,82.87,56.57,54.15,66.48,70.0,83.23,86.37,73.35,79.85,20.1,14.14,28.28,35.61,44.05,56.46,78.23,88.09,52.35,33.11,80.62,52.61,39.6,51.0,69.86,31.26,80.71,46.57,33.62,43.33
11,31.11,36.88,39.6,44.94,31.05,11.66,18.11,43.68,55.57,56.32,42.05,0.0,41.76,12.81,56.04,51.26,44.41,17.2,12.17,29.73,46.17,56.36,44.41,34.0,42.52,43.86,41.76,52.84,24.41,2.0,57.58,36.88,46.39,10.77,16.97,50.48,73.59,29.53,50.33,34.06,54.38,53.24,55.76,36.8,48.53
12,38.47,37.95,41.76,36.06,22.36,30.59,24.17,60.83,40.79,31.3,66.03,41.76,0.0,48.04,92.46,83.45,70.23,30.07,42.0,62.51,4.47,17.2,56.04,30.0,70.88,77.9,73.54,87.86,65.39,41.23,34.93,40.0,48.08,44.05,57.27,16.12,63.56,70.94,30.81,66.75,90.14,14.76,42.58,76.54,36.79
13,43.86,49.52,52.35,57.2,42.05,18.44,27.2,55.71,67.68,67.23,52.95,12.81,48.04,0.0,60.93,58.86,31.62,18.44,6.32,17.2,52.15,60.17,34.06,31.24,29.73,50.99,50.16,58.82,26.83,11.31,68.88,30.53,38.63,4.0,22.36,53.14,86.28,30.0,61.72,21.63,59.81,57.01,68.01,39.82,60.68
14,59.09,63.91,62.64,73.38,72.72,66.84,69.31,44.18,82.0,91.08,34.23,56.04,92.46,60.93,0.0,14.14,82.22,73.24,65.3,66.75,96.83,109.12,93.68,89.89,78.1,15.23,20.88,6.0,34.18,57.69,89.84,91.24,99.54,62.61,39.45,104.65,86.09,32.56,83.82,68.26,3.0,106.22,80.6,21.59,76.75
15,47.71,51.88,50.16,60.93,62.48,60.83,61.61,30.59,68.96,78.79,20.88,51.26,83.45,58.86,14.14,0.0,84.38,68.03,62.1,68.12,87.68,100.5,92.78,85.09,80.62,8.0,10.0,8.25,34.06,53.14,77.25,87.93,97.02,59.67,36.5,96.83,72.03,34.93,71.59,70.46,11.18,97.74,67.45,24.7,64.11
16,75.29,80.72,83.74,87.73,71.22,46.86,55.61,86.76,97.84,95.41,82.87,44.41,70.23,31.62,82.22,84.38,0.0,42.19,33.94,16.49,73.38,76.66,21.54,42.43,4.47,76.42,77.28,82.0,50.36,42.8,97.65,34.0,33.53,34.06,50.0,68.47,117.46,50.0,90.8,14.0,82.05,73.82,98.41,61.01,91.0
17,37.95,42.05,45.69,47.2,29.73,8.0,14.42,56.04,56.64,53.25,56.57,17.2,30.07,18.44,73.24,68.03,42.19,0.0,12.17,32.56,34.0,41.76,34.0,17.09,42.05,60.83,58.31,69.97,41.04,15.62,55.61,22.09,32.25,14.56,34.06,34.93,77.67,45.61,48.92,36.88,71.56,38.6,57.49,53.76,50.1
18,41.62,46.86,50.0,53.81,37.74,13.42,22.36,55.79,64.03,62.61,54.15,12.17,42.0,6.32,65.3,62.1,33.94,12.17,0.0,21.54,46.04,53.85,32.25,25.46,32.8,54.41,52.95,62.77,31.62,10.2,64.5,26.0,34.93,2.83,26.0,46.82,83.55,35.38,57.45,26.0,63.98,50.7,64.54,44.65,57.14
19,60.83,66.6,69.31,74.4,59.06,34.93,43.86,70.71,84.88,84.1,66.48,29.73,62.51,17.2,66.75,68.12,16.49,32.56,21.54,0.0,66.27,72.25,28.84,39.29,13.42,60.13,60.83,66.12,34.06,28.43,85.88,34.0,38.21,20.59,33.53,64.5,103.32,34.23,78.77,4.47,66.37,69.18,85.21,45.28,77.89
20,42.19,41.23,44.94,38.47,26.08,34.93,28.64,64.5,42.19,31.62,70.0,46.17,4.47,52.15,96.83,87.68,73.38,34.0,46.04,66.27,0.0,13.42,58.31,32.25,74.22,82.22,77.79,92.2,69.86,45.61,35.44,42.19,49.68,48.17,61.74,14.14,64.78,75.39,32.14,70.46,94.49,11.4,44.1,81.01,38.82
21,55.57,54.63,58.31,51.42,39.45,44.72,40.0,77.9,54.04,42.19,83.23,56.36,17.2,60.17,109.12,100.5,76.66,41.76,53.85,72.25,13.42,0.0,58.82,34.23,78.23,94.76,90.55,104.69,80.62,55.46,46.17,43.17,48.33,56.32,72.72,8.25,76.11,85.88,44.1,76.11,106.89,3.16,56.08,92.36,51.42
22,71.69,76.03,79.62,80.99,63.25,41.23,48.37,87.86,90.0,84.85,86.37,44.41,56.04,34.06,93.68,92.78,21.54,34.0,32.25,28.84,58.31,58.82,0.0,26.08,25.06,84.85,84.21,92.2,59.67,42.43,87.73,16.12,12.17,34.06,56.32,50.6,111.52,61.35,81.57,29.73,92.89,56.3,91.02,72.12,83.71
23,52.35,55.32,59.23,58.31,40.5,24.74,28.07,72.11,66.24,59.67,73.35,34.0,30.0,31.24,89.89,85.09,42.43,17.09,25.46,39.29,32.25,34.23,26.08,0.0,44.05,77.82,75.39,86.83,56.85,32.25,62.8,10.0,18.87,28.28,50.48,26.08,88.57,60.83,57.14,42.76,88.32,31.4,67.54,69.81,60.5
24,73.59,79.2,82.07,86.56,70.46,46.04,54.92,84.12,96.83,95.02,79.85,42.52,70.88,29.73,78.1,80.62,4.47,42.05,32.8,13.42,74.22,78.23,25.06,44.05,0.0,72.69,73.76,78.03,46.69,41.04,97.1,36.22,36.77,32.56,46.82,70.11,115.97,46.04,90.14,10.2,78.01,75.33,97.31,57.01,89.92
25,43.86,48.7,47.54,58.24,57.69,53.85,55.32,30.07,67.08,75.89,20.1,43.86,77.9,50.99,15.23,8.0,76.42,60.83,54.41,60.13,82.22,94.76,84.85,77.82,72.69,0.0,6.0,10.0,26.08,45.69,74.73,80.32,89.29,51.92,28.64,90.69,72.69,27.2,68.62,62.51,12.53,91.92,65.76,17.49,61.67
26,38.47,43.08,41.76,52.5,52.8,50.99,51.61,24.08,61.19,70.23,14.14,41.76,73.54,50.16,20.88,10.0,77.28,58.31,52.95,60.83,77.79,90.55,84.21,75.39,73.76,6.0,0.0,15.23,27.2,43.68,68.96,78.59,87.86,50.64,28.0,86.83,66.75,29.53,62.97,63.56,18.03,87.78,59.84,21.21,55.87
27,53.67,58.31,56.92,67.68,67.68,63.25,65.12,38.21,76.16,85.44,28.28,52.84,87.86,58.82,6.0,8.25,82.0,69.97,62.77,66.12,92.2,104.69,92.2,86.83,78.03,10.0,15.23,0.0,32.56,54.59,84.12,88.77,97.41,60.17,36.77,100.5,80.1,32.0,78.19,68.0,3.0,101.83,74.73,21.02,71.0
28,42.76,49.03,50.0,58.86,50.36,36.06,41.23,42.52,69.43,74.03,35.61,24.41,65.39,26.83,34.18,34.06,50.36,41.04,31.62,34.06,69.86,80.62,59.67,56.85,46.69,26.08,27.2,32.56,0.0,25.61,74.24,57.31,65.39,28.84,8.25,74.89,82.29,6.0,67.12,36.5,33.24,77.52,68.88,13.04,62.68
29,32.56,38.21,41.04,46.04,31.62,10.77,18.0,45.61,56.6,56.92,44.05,2.0,41.23,11.31,57.69,53.14,42.8,15.62,10.2,28.43,45.61,55.46,42.43,32.25,41.04,45.69,43.68,54.59,25.61,0.0,58.31,34.93,44.41,8.94,18.44,49.4,74.97,30.53,51.08,32.8,56.08,52.33,56.86,38.18,49.58
30,32.06,26.31,27.2,16.49,26.83,51.11,42.19,47.41,10.0,4.0,56.46,57.58,34.93,68.88,89.84,77.25,97.65,55.61,64.5,85.88,35.44,46.17,87.73,62.8,97.1,74.73,68.96,84.12,74.24,58.31,0.0,72.47,81.61,65.3,66.48,49.48,30.0,80.22,7.28,90.35,86.98,45.54,12.21,81.15,13.14
31,59.67,63.25,67.05,67.08,49.19,30.07,35.44,78.1,75.47,69.43,78.23,36.88,40.0,30.53,91.24,87.93,34.0,22.09,26.0,34.0,42.19,43.17,16.12,10.0,36.22,80.32,78.59,88.77,57.31,34.93,72.47,0.0,10.2,28.64,52.0,34.93,97.53,60.46,66.61,36.77,89.96,40.52,76.66,70.33,69.5
32,69.86,73.38,77.2,76.97,59.09,40.2,45.61,88.2,85.09,78.41,88.09,46.39,48.08,38.63,99.54,97.02,33.53,32.25,34.93,38.21,49.68,48.33,12.17,18.87,36.77,89.29,87.86,97.41,65.39,44.41,81.61,10.2,0.0,37.36,60.73,40.25,107.33,68.0,76.01,40.0,98.43,46.07,86.35,78.29,79.27
33,41.23,46.69,49.68,54.04,38.47,14.56,23.41,54.41,64.4,63.56,52.35,10.77,44.05,4.0,62.61,59.67,34.06,14.56,2.83,20.59,48.17,56.32,34.06,28.28,32.56,51.92,50.64,60.17,28.84,8.94,65.3,28.64,37.36,0.0,23.41,49.4,83.45,32.56,58.18,25.06,61.33,53.16,64.82,41.88,57.45
34,35.44,41.76,43.08,51.42,42.19,28.43,33.11,38.42,62.1,66.12,33.11,16.97,57.27,22.36,39.45,36.5,50.0,34.06,26.0,33.53,61.74,72.72,56.32,50.48,46.82,28.64,28.0,36.77,8.25,18.44,66.48,52.0,60.73,23.41,0.0,67.2,76.16,14.14,59.3,36.77,38.01,69.64,61.68,19.85,55.24
35,53.85,53.85,57.72,52.15,37.95,38.83,35.38,76.16,56.32,45.61,80.62,50.48,16.12,53.14,104.65,96.83,68.47,34.93,46.82,64.5,14.14,8.25,50.6,26.08,70.11,90.69,86.83,100.5,74.89,49.4,49.48,34.93,40.25,49.4,67.2,0.0,78.92,79.92,46.27,68.26,102.55,5.83,58.22,87.01,52.75
36,42.52,36.77,34.06,30.53,48.37,71.22,63.25,42.76,22.8,34.0,52.61,73.59,63.56,86.28,86.09,72.03,117.46,77.67,83.55,103.32,64.78,76.11,111.52,88.57,115.97,72.69,66.75,80.1,82.29,74.97,30.0,97.53,107.33,83.45,76.16,78.92,0.0,87.73,32.76,107.63,83.1,75.33,21.19,84.77,28.06
37,48.66,54.92,55.79,64.78,56.32,41.18,46.82,47.2,75.31,80.02,39.6,29.53,70.94,30.0,32.56,34.93,50.0,45.61,35.38,34.23,75.39,85.88,61.35,60.83,46.04,27.2,29.53,32.0,6.0,30.53,80.22,60.46,68.0,32.56,14.14,79.92,87.73,0.0,73.11,36.0,32.14,82.76,74.73,11.05,68.6
38,25.32,19.92,21.47,10.82,19.72,44.1,35.23,42.44,10.05,7.28,51.0,50.33,30.81,61.72,83.82,71.59,90.8,48.92,57.45,78.77,32.14,44.1,81.57,57.14,90.14,68.62,62.97,78.19,67.12,51.08,7.28,66.61,76.01,58.18,59.3,46.27,32.76,73.11,0.0,83.24,80.99,43.0,12.0,74.33,8.55
39,65.12,70.94,73.59,78.82,63.53,39.4,48.33,74.43,89.31,88.57,69.86,34.06,66.75,21.63,68.26,70.46,14.0,36.88,26.0,4.47,70.46,76.11,29.73,42.76,10.2,62.51,63.56,68.0,36.5,32.8,90.35,36.77,40.0,25.06,36.77,68.26,107.63,36.0,83.24,0.0,68.07,73.06,89.63,47.01,82.31
40,56.36,61.1,59.77,70.52,70.18,65.0,67.18,41.19,79.08,88.26,31.26,54.38,90.14,59.81,3.0,11.18,82.05,71.56,63.98,66.37,94.49,106.89,92.89,88.32,78.01,12.53,18.03,3.0,33.24,56.08,86.98,89.96,98.43,61.33,38.01,102.55,83.1,32.14,80.99,68.07,0.0,104.0,77.67,21.1,73.87
41,53.24,52.55,56.3,49.82,37.12,41.59,37.01,75.59,53.01,41.59,80.71,53.24,14.76,57.01,106.22,97.74,73.82,38.6,50.7,69.18,11.4,3.16,56.3,31.4,75.33,91.92,87.78,101.83,77.52,52.33,45.54,40.52,46.07,53.16,69.64,5.83,75.33,82.76,43.0,73.06,104.0,0.0,55.0,89.31,50.03
42,26.25,19.92,19.1,10.82,27.8,51.62,43.19,37.0,2.24,15.65,46.57,55.76,42.58,68.01,80.6,67.45,98.41,57.49,64.54,85.21,44.1,56.08,91.02,67.54,97.31,65.76,59.84,74.73,68.88,56.86,12.21,76.66,86.35,64.82,61.68,58.22,21.19,74.73,12.0,89.63,77.67,55.0,0.0,74.17,7.42
43,49.09,55.01,55.08,65.01,59.48,48.27,52.48,42.54,75.06,81.5,33.62,36.8,76.54,39.82,21.59,24.7,61.01,53.76,44.65,45.28,81.01,92.36,72.12,69.81,57.01,17.49,21.21,21.02,13.04,38.18,81.15,70.33,78.29,41.88,19.85,87.01,84.77,11.05,74.33,47.01,21.1,89.31,74.17,0.0,68.75
44,19.94,13.77,14.13,3.82,20.46,44.2,35.77,34.39,7.04,15.05,43.33,48.53,36.79,60.68,76.75,64.11,91.0,50.1,57.14,77.89,38.82,51.42,83.71,60.5,89.92,61.67,55.87,71.0,62.68,49.58,13.14,69.5,79.27,57.45,55.24,52.75,28.06,68.6,8.55,82.31,73.87,50.03,7.42,68.75,0.0
