vehicles
vehicle_idx, capacity, cost_per_unit_distance
1,100,3
2,100,3
3,100,3
4,100,3
5,100,3
depot
node_idx,x,y
0,15,19
home delivery customers
node_idx,x,y,service_time,demand
1,93,91,10,11
2,33,31,10,18
3,71,61,10,2
4,93,7,10,7
5,55,47,10,18
6,23,13,10,23
7,65,43,10,14
8,69,1,10,9
9,21,81,10,19
10,41,23,10,20
11,19,75,10,15
12,59,51,10,15
13,15,83,10,12
self pickup customers
node_idx,x,y,service_time,demand,locker_idxs
14,69,65,10,15,40-37-36
15,57,63,10,21,39-37-36
16,5,95,10,2,39-37
17,3,25,10,10,41-37
18,19,91,10,4,40-37
19,67,91,10,2,42-37
20,29,17,10,13,41-36-37
21,25,65,10,8,39-42-37-36
22,27,95,10,18,39-37
23,21,91,10,11,41-37
24,31,87,10,2,42-37-36
flexible customers
node_idx,x,y,service_time,demand,locker_idxs
25,1,49,10,1,40-37-36
26,87,25,10,14,39-36
27,29,9,10,22,39-36-37
28,19,47,10,12,42-37-36
29,15,79,10,11,39-37
30,79,47,10,6,42-36
31,19,65,10,13,42-37
32,27,49,10,19,42-38-41-40-37-36
33,61,83,10,21,39-37
34,71,41,10,23,41-40-38-36
35,91,21,10,11,39-36-37
lockers
node_idx,x,y,service_time,capacity,cost_per_unit_good
36,93,12,10,70
37,22,88,10,74
38,46,46,10,87
39,49,65,10,74
40,49,48,10,75
41,49,45,10,96
42,29,46,10,100
mrt lines
start_node_idx,end_node_idx,freight_capacity,cost_per_unit_good
distance matrix
,0,1,2,3,4,5,6,7,8,9,10,11,12,13,14,15,16,17,18,19,20,21,22,23,24,25,26,27,28,29,30,31,32,33,34,35,36,37,38,39,40,41,42,
0,0.0,106.15,21.63,70.0,78.92,48.83,10.0,55.46,56.92,62.29,26.31,56.14,54.41,64.0,70.94,60.83,76.66,13.42,72.11,88.81,14.14,47.07,76.94,72.25,69.86,33.11,72.25,17.2,28.28,60.0,69.86,46.17,32.31,78.82,60.17,76.03,78.31,69.35,41.11,57.2,44.69,42.8,30.41
1,106.15,0.0,84.85,37.2,84.0,58.14,104.8,55.57,93.15,72.69,85.6,75.71,52.5,78.41,35.38,45.61,88.09,111.61,74.0,26.0,97.84,72.8,66.12,72.0,62.13,101.13,66.27,104.02,86.09,78.92,46.17,78.43,78.23,32.98,54.63,70.03,79.0,71.06,65.07,51.11,61.52,63.66,78.24
2,21.63,84.85,0.0,48.41,64.62,27.2,20.59,34.18,46.86,51.42,11.31,46.17,32.8,55.03,49.52,40.0,69.86,30.59,61.61,68.96,14.56,34.93,64.28,61.19,56.04,36.72,54.33,22.36,21.26,51.26,48.7,36.77,18.97,59.06,39.29,58.86,62.94,58.05,19.85,37.58,23.35,21.26,15.52
3,70.0,37.2,48.41,0.0,58.31,21.26,67.88,18.97,60.03,53.85,48.41,53.85,15.62,60.17,4.47,14.14,74.24,76.94,60.03,30.27,60.83,46.17,55.61,58.31,47.71,71.02,39.4,66.84,53.85,58.82,16.12,52.15,45.61,24.17,20.0,44.72,53.71,55.95,29.15,22.36,25.55,27.2,44.6
4,78.92,84.0,64.62,58.31,0.0,55.17,70.26,45.61,24.74,103.25,54.41,100.5,55.61,108.9,62.77,66.57,124.45,91.78,111.95,87.93,64.78,89.38,110.0,110.63,101.21,101.13,18.97,64.03,84.12,106.15,42.38,94.02,78.23,82.46,40.5,14.14,5.0,107.71,61.07,72.8,60.14,58.14,74.95
5,48.83,58.14,27.2,21.26,55.17,0.0,46.69,10.77,48.08,48.08,27.78,45.61,5.66,53.81,22.8,16.12,69.31,56.46,56.85,45.61,39.7,34.99,55.57,55.61,46.65,54.04,38.83,46.04,36.0,51.22,24.0,40.25,28.07,36.5,17.09,44.41,51.66,52.63,9.06,18.97,6.08,6.32,26.02
6,10.0,104.8,20.59,67.88,70.26,46.69,0.0,51.61,47.54,68.03,20.59,62.13,52.35,70.46,69.43,60.46,83.95,23.32,78.1,89.55,7.21,52.04,82.1,78.03,74.43,42.19,65.12,7.21,34.23,66.48,65.51,52.15,36.22,79.65,55.57,68.47,70.01,75.01,40.22,58.14,43.6,41.23,33.54
7,55.46,55.57,34.18,18.97,45.61,10.77,51.61,0.0,42.19,58.14,31.24,56.04,10.0,64.03,22.36,21.54,79.4,64.56,66.48,48.04,44.41,45.65,64.4,65.12,55.61,64.28,28.43,49.52,46.17,61.61,14.56,50.99,38.47,40.2,6.32,34.06,41.77,62.24,19.24,27.2,16.76,16.12,36.12
8,56.92,93.15,46.86,60.03,24.74,48.08,47.54,42.19,0.0,93.3,35.61,89.31,50.99,98.18,64.0,63.15,113.72,70.23,102.96,90.02,43.08,77.67,102.96,102.0,94.02,83.23,30.0,40.79,67.94,94.87,47.07,81.22,63.78,82.39,40.05,29.73,26.4,98.88,50.54,67.05,51.08,48.33,60.21
9,62.29,72.69,51.42,53.85,103.25,48.08,68.03,58.14,93.3,0.0,61.35,6.32,48.41,6.32,50.6,40.25,21.26,58.82,10.2,47.07,64.5,16.49,15.23,10.0,11.66,37.74,86.56,72.44,34.06,6.32,67.23,16.12,32.56,40.05,64.03,92.2,99.72,7.07,43.01,32.25,43.28,45.61,35.9
10,26.31,85.6,11.31,48.41,54.41,27.78,20.59,31.24,35.61,61.35,0.0,56.46,33.29,65.39,50.48,43.08,80.5,38.05,71.47,72.8,13.42,44.94,73.35,70.88,64.78,47.71,46.04,18.44,32.56,61.74,44.94,47.41,29.53,63.25,34.99,50.04,53.15,67.72,23.54,42.76,26.25,23.41,25.94
11,56.14,75.71,46.17,53.85,100.5,45.61,62.13,56.04,89.31,6.32,56.46,0.0,46.65,8.94,50.99,39.85,24.41,52.5,16.0,50.6,58.86,11.66,21.54,16.12,16.97,31.62,84.4,66.75,28.0,5.66,66.21,10.0,27.2,42.76,62.13,90.0,97.19,13.34,39.62,31.62,40.36,42.43,30.68
12,54.41,52.5,32.8,15.62,55.61,5.66,52.35,10.0,50.99,48.41,33.29,46.65,0.0,54.41,17.2,12.17,69.66,61.74,56.57,40.79,45.34,36.77,54.41,55.17,45.61,58.03,38.21,51.61,40.2,52.15,20.4,42.38,32.06,32.06,15.62,43.86,51.74,52.33,13.93,17.2,10.44,11.66,30.41
13,64.0,78.41,55.03,60.17,108.9,53.81,70.46,64.03,98.18,6.32,65.39,8.94,54.41,0.0,56.92,46.52,15.62,59.23,8.94,52.61,67.47,20.59,16.97,10.0,16.49,36.77,92.46,75.31,36.22,4.0,73.43,18.44,36.06,46.0,70.0,98.08,105.48,8.6,48.27,38.47,48.8,50.99,39.56
14,70.94,35.38,49.52,4.47,62.77,22.8,69.43,22.36,64.0,50.6,50.48,50.99,17.2,56.92,0.0,12.17,70.68,77.18,56.36,26.08,62.48,44.0,51.61,54.59,43.91,69.86,43.86,68.82,53.14,55.79,20.59,50.0,44.94,19.7,24.08,49.19,58.18,52.33,29.83,20.0,26.25,28.28,44.28
15,60.83,45.61,40.0,14.14,66.57,16.12,60.46,21.54,63.15,40.25,43.08,39.85,12.17,46.52,12.17,0.0,61.06,66.03,47.2,29.73,53.85,32.06,43.86,45.61,35.38,57.72,48.41,60.83,41.23,44.94,27.2,38.05,33.11,20.4,26.08,54.04,62.43,43.01,20.25,8.25,17.0,19.7,32.76
16,76.66,88.09,69.86,74.24,124.45,69.31,83.95,79.4,113.72,21.26,80.5,24.41,69.66,15.62,70.68,61.06,0.0,70.03,14.56,62.13,81.61,36.06,22.0,16.49,27.2,46.17,107.81,89.29,50.0,18.87,88.2,33.11,50.99,57.27,85.28,113.45,120.97,18.38,63.89,53.25,64.38,66.6,54.56
17,13.42,111.61,30.59,76.94,91.78,56.46,23.32,64.56,70.23,58.82,38.05,52.5,61.74,59.23,77.18,66.03,70.03,0.0,67.91,91.93,27.2,45.65,74.0,68.41,68.03,24.08,84.0,30.53,27.2,55.32,79.12,43.08,33.94,82.02,69.86,88.09,90.93,65.8,47.85,60.96,51.43,50.16,33.42
18,72.11,74.0,61.61,60.03,111.95,56.85,78.1,66.48,102.96,10.2,71.47,16.0,56.57,8.94,56.36,47.2,14.56,67.91,0.0,48.0,74.67,26.68,8.94,2.0,12.65,45.69,94.76,82.61,44.0,12.65,74.4,26.0,42.76,42.76,72.14,100.42,108.25,4.24,52.48,39.7,52.43,54.92,46.1
19,88.81,26.0,68.96,30.27,87.93,45.61,89.55,48.04,90.02,47.07,72.8,50.6,40.79,52.61,26.08,29.73,62.13,91.93,48.0,0.0,83.19,49.4,40.2,46.0,36.22,78.23,68.96,90.38,65.12,53.37,45.61,54.59,58.0,10.0,50.16,74.0,83.17,45.1,49.66,31.62,46.62,49.4,58.9
20,14.14,97.84,14.56,60.83,64.78,39.7,7.21,44.41,43.08,64.5,13.42,58.86,45.34,67.47,62.48,53.85,81.61,27.2,74.67,83.19,0.0,48.17,78.03,74.43,70.03,42.52,58.55,8.0,31.62,63.56,58.31,49.03,32.06,73.35,48.37,62.13,64.2,71.34,33.62,52.0,36.89,34.41,29.0
21,47.07,72.8,34.93,46.17,89.38,34.99,52.04,45.65,77.67,16.49,44.94,11.66,36.77,20.59,44.0,32.06,36.06,45.65,26.68,49.4,48.17,0.0,30.07,26.31,22.8,28.84,73.78,56.14,18.97,17.2,56.92,6.0,16.12,40.25,51.88,79.32,86.21,23.19,28.32,24.0,29.41,31.24,19.42
22,76.94,66.12,64.28,55.61,110.0,55.57,82.1,64.4,102.96,15.23,73.35,21.54,54.41,16.97,51.61,43.86,22.0,74.0,8.94,40.2,78.03,30.07,0.0,7.21,8.94,52.84,92.2,86.02,48.66,20.0,70.77,31.05,46.0,36.06,69.66,97.84,106.04,8.6,52.55,37.2,51.89,54.63,49.04
23,72.25,72.0,61.19,58.31,110.63,55.61,78.03,65.12,102.0,10.0,70.88,16.12,55.17,10.0,54.59,45.61,16.49,68.41,2.0,46.0,74.43,26.31,7.21,0.0,10.77,46.52,93.34,82.39,44.05,13.42,72.8,26.08,42.43,40.79,70.71,98.99,106.89,3.16,51.48,38.21,51.31,53.85,45.71
24,69.86,62.13,56.04,47.71,101.21,46.65,74.43,55.61,94.02,11.66,64.78,16.97,45.61,16.49,43.91,35.38,27.2,68.03,12.65,36.22,70.03,22.8,8.94,10.77,0.0,48.41,83.55,78.03,41.76,17.89,62.48,25.06,38.21,30.27,60.96,89.2,97.31,9.06,43.66,28.43,42.95,45.69,41.05
25,33.11,101.13,36.72,71.02,101.13,54.04,42.19,64.28,83.23,37.74,47.71,31.62,58.03,36.77,69.86,57.72,46.17,24.08,45.69,78.23,42.52,28.84,52.84,46.52,48.41,0.0,89.29,48.83,18.11,33.11,78.03,24.08,26.0,68.96,70.46,94.25,99.16,44.29,45.1,50.6,48.01,48.17,28.16
26,72.25,66.27,54.33,39.4,18.97,38.83,65.12,28.43,30.0,86.56,46.04,84.4,38.21,92.46,43.86,48.41,107.81,84.0,94.76,68.96,58.55,73.78,92.2,93.34,83.55,89.29,0.0,60.17,71.47,90.0,23.41,78.89,64.62,63.56,22.63,5.66,14.32,90.52,46.07,55.17,44.42,42.94,61.68
27,17.2,104.02,22.36,66.84,64.03,46.04,7.21,49.52,40.79,72.44,18.44,66.75,51.61,75.31,68.82,60.83,89.29,30.53,82.61,90.38,8.0,56.14,86.02,82.39,78.03,48.83,60.17,0.0,39.29,71.39,62.8,56.89,40.05,80.62,52.8,63.15,64.07,79.31,40.72,59.46,43.83,41.18,37.0
28,28.28,86.09,21.26,53.85,84.12,36.0,34.23,46.17,67.94,34.06,32.56,28.0,40.2,36.22,53.14,41.23,50.0,27.2,44.0,65.12,31.62,18.97,48.66,44.05,41.76,18.11,71.47,39.29,0.0,32.25,60.0,18.0,8.25,55.32,52.35,76.55,81.86,41.11,27.02,34.99,30.02,30.07,10.05
29,60.0,78.92,51.26,58.82,106.15,51.22,66.48,61.61,94.87,6.32,61.74,5.66,52.15,4.0,55.79,44.94,18.87,55.32,12.65,53.37,63.56,17.2,20.0,13.42,17.89,33.11,90.0,71.39,32.25,0.0,71.55,14.56,32.31,46.17,67.68,95.6,102.83,11.4,45.28,36.77,46.01,48.08,35.85
30,69.86,46.17,48.7,16.12,42.38,24.0,65.51,14.56,47.07,67.23,44.94,66.21,20.4,73.43,20.59,27.2,88.2,79.12,74.4,45.61,58.31,56.92,70.77,72.8,62.48,78.03,23.41,62.8,60.0,71.55,0.0,62.64,52.04,40.25,10.0,28.64,37.7,70.21,33.02,34.99,30.02,30.07,50.01
31,46.17,78.43,36.77,52.15,94.02,40.25,52.15,50.99,81.22,16.12,47.41,10.0,42.38,18.44,50.0,38.05,33.11,43.08,26.0,54.59,49.03,6.0,31.05,26.08,25.06,24.08,78.89,56.89,18.0,14.56,62.64,0.0,17.89,45.69,57.27,84.38,91.02,23.19,33.02,30.0,34.48,36.06,21.47
32,32.31,78.23,18.97,45.61,78.23,28.07,36.22,38.47,63.78,32.56,29.53,27.2,32.06,36.06,44.94,33.11,50.99,33.94,42.76,58.0,32.06,16.12,46.0,42.43,38.21,26.0,64.62,40.05,8.25,32.31,52.04,17.89,0.0,48.08,44.72,69.86,75.66,39.32,19.24,27.2,22.02,22.36,3.61
33,78.82,32.98,59.06,24.17,82.46,36.5,79.65,40.2,82.39,40.05,63.25,42.76,32.06,46.0,19.7,20.4,57.27,82.02,42.76,10.0,73.35,40.25,36.06,40.79,30.27,68.96,63.56,80.62,55.32,46.17,40.25,45.69,48.08,0.0,43.17,68.88,77.88,39.32,39.92,21.63,37.0,39.85,48.92
34,60.17,54.63,39.29,20.0,40.5,17.09,55.57,6.32,40.05,64.03,34.99,62.13,15.62,70.0,24.08,26.08,85.28,69.86,72.14,50.16,48.37,51.88,69.66,70.71,60.96,70.46,22.63,52.8,52.35,67.68,10.0,57.27,44.72,43.17,0.0,28.28,36.4,67.9,25.5,32.56,23.09,22.36,42.3
35,76.03,70.03,58.86,44.72,14.14,44.41,68.47,34.06,29.73,92.2,50.04,90.0,43.86,98.08,49.19,54.04,113.45,88.09,100.42,74.0,62.13,79.32,97.84,98.99,89.2,94.25,5.66,63.15,76.55,95.6,28.64,84.38,69.86,68.88,28.28,0.0,9.22,96.18,51.48,60.83,49.93,48.37,66.85
36,78.31,79.0,62.94,53.71,5.0,51.66,70.01,41.77,26.4,99.72,53.15,97.19,51.74,105.48,58.18,62.43,120.97,90.93,108.25,83.17,64.2,86.21,106.04,106.89,97.31,99.16,14.32,64.07,81.86,102.83,37.7,91.02,75.66,77.88,36.4,9.22,0.0,104.0,58.01,68.88,56.85,55.0,72.47
37,69.35,71.06,58.05,55.95,107.71,52.63,75.01,62.24,98.88,7.07,67.72,13.34,52.33,8.6,52.33,43.01,18.38,65.8,4.24,45.1,71.34,23.19,8.6,3.16,9.06,44.29,90.52,79.31,41.11,11.4,70.21,23.19,39.32,39.32,67.9,96.18,104.0,0.0,48.37,35.47,48.26,50.77,42.58
38,41.11,65.07,19.85,29.15,61.07,9.06,40.22,19.24,50.54,43.01,23.54,39.62,13.93,48.27,29.83,20.25,63.89,47.85,52.48,49.66,33.62,28.32,52.55,51.48,43.66,45.1,46.07,40.72,27.02,45.28,33.02,33.02,19.24,39.92,25.5,51.48,58.01,48.37,0.0,19.24,3.61,3.16,17.0
39,57.2,51.11,37.58,22.36,72.8,18.97,58.14,27.2,67.05,32.25,42.76,31.62,17.2,38.47,20.0,8.25,53.25,60.96,39.7,31.62,52.0,24.0,37.2,38.21,28.43,50.6,55.17,59.46,34.99,36.77,34.99,30.0,27.2,21.63,32.56,60.83,68.88,35.47,19.24,0.0,17.0,20.0,27.59
40,44.69,61.52,23.35,25.55,60.14,6.08,43.6,16.76,51.08,43.28,26.25,40.36,10.44,48.8,26.25,17.0,64.38,51.43,52.43,46.62,36.89,29.41,51.89,51.31,42.95,48.01,44.42,43.83,30.02,46.01,30.02,34.48,22.02,37.0,23.09,49.93,56.85,48.26,3.61,17.0,0.0,3.0,20.1
41,42.8,63.66,21.26,27.2,58.14,6.32,41.23,16.12,48.33,45.61,23.41,42.43,11.66,50.99,28.28,19.7,66.6,50.16,54.92,49.4,34.41,31.24,54.63,53.85,45.69,48.17,42.94,41.18,30.07,48.08,30.07,36.06,22.36,39.85,22.36,48.37,55.0,50.77,3.16,20.0,3.0,0.0,20.02
42,30.41,78.24,15.52,44.6,74.95,26.02,33.54,36.12,60.21,35.9,25.94,30.68,30.41,39.56,44.28,32.76,54.56,33.42,46.1,58.9,29.0,19.42,49.04,45.71,41.05,28.16,61.68,37.0,10.05,35.85,50.01,21.47,3.61,48.92,42.3,66.85,72.47,42.58,17.0,27.59,20.1,20.02,0.0
