set K:= 1	2	3	4	5;
set C_H:= 1	2	3	4	5	6	7	8	9	10	11	12	13;
set C_S:= 14	15	16	17	18	19	20	21	22;
set C_F:= 23	24	25	26	27	28	29	30	31;
set M:= 32	33	34	35;
set L_B:= 36	37;
set A1:=
(0,*) 1 2 3 4 5 6 7 8 9 10 11 12 13 23 24 25 26 27 28 29 30 31 32 33 34 35 36 37
(1,*) 0 2 3 4 5 6 7 8 9 10 11 12 13 23 24 25 26 27 28 29 30 31 32 33 34 35 36 37
(2,*) 0 1 3 4 5 6 7 8 9 10 11 12 13 23 24 25 26 27 28 29 30 31 32 33 34 35 36 37
(3,*) 0 1 2 4 5 6 7 8 9 10 11 12 13 23 24 25 26 27 28 29 30 31 32 33 34 35 36 37
(4,*) 0 1 2 3 5 6 7 8 9 10 11 12 13 23 24 25 26 27 28 29 30 31 32 33 34 35 36 37
(5,*) 0 1 2 3 4 6 7 8 9 10 11 12 13 23 24 25 26 27 28 29 30 31 32 33 34 35 36 37
(6,*) 0 1 2 3 4 5 7 8 9 10 11 12 13 23 24 25 26 27 28 29 30 31 32 33 34 35 36 37
(7,*) 0 1 2 3 4 5 6 8 9 10 11 12 13 23 24 25 26 27 28 29 30 31 32 33 34 35 36 37
(8,*) 0 1 2 3 4 5 6 7 9 10 11 12 13 23 24 25 26 27 28 29 30 31 32 33 34 35 36 37
(9,*) 0 1 2 3 4 5 6 7 8 10 11 12 13 23 24 25 26 27 28 29 30 31 32 33 34 35 36 37
(10,*) 0 1 2 3 4 5 6 7 8 9 11 12 13 23 24 25 26 27 28 29 30 31 32 33 34 35 36 37
(11,*) 0 1 2 3 4 5 6 7 8 9 10 12 13 23 24 25 26 27 28 29 30 31 32 33 34 35 36 37
(12,*) 0 1 2 3 4 5 6 7 8 9 10 11 13 23 24 25 26 27 28 29 30 31 32 33 34 35 36 37
(13,*) 0 1 2 3 4 5 6 7 8 9 10 11 12 23 24 25 26 27 28 29 30 31 32 33 34 35 36 37
(23,*) 0 1 2 3 4 5 6 7 8 9 10 11 12 13 24 25 26 27 28 29 30 31 32 33 34 35 36 37
(24,*) 0 1 2 3 4 5 6 7 8 9 10 11 12 13 23 25 26 27 28 29 30 31 32 33 34 35 36 37
(25,*) 0 1 2 3 4 5 6 7 8 9 10 11 12 13 23 24 26 27 28 29 30 31 32 33 34 35 36 37
(26,*) 0 1 2 3 4 5 6 7 8 9 10 11 12 13 23 24 25 27 28 29 30 31 32 33 34 35 36 37
(27,*) 0 1 2 3 4 5 6 7 8 9 10 11 12 13 23 24 25 26 28 29 30 31 32 33 34 35 36 37
(28,*) 0 1 2 3 4 5 6 7 8 9 10 11 12 13 23 24 25 26 27 29 30 31 32 33 34 35 36 37
(29,*) 0 1 2 3 4 5 6 7 8 9 10 11 12 13 23 24 25 26 27 28 30 31 32 33 34 35 36 37
(30,*) 0 1 2 3 4 5 6 7 8 9 10 11 12 13 23 24 25 26 27 28 29 31 32 33 34 35 36 37
(31,*) 0 1 2 3 4 5 6 7 8 9 10 11 12 13 23 24 25 26 27 28 29 30 32 33 34 35 36 37
(32,*) 0 1 2 3 4 5 6 7 8 9 10 11 12 13 23 24 25 26 27 28 29 30 31 33 34 35 36 37
(33,*) 0 1 2 3 4 5 6 7 8 9 10 11 12 13 23 24 25 26 27 28 29 30 31 32 34 35 36 37
(34,*) 0 1 2 3 4 5 6 7 8 9 10 11 12 13 23 24 25 26 27 28 29 30 31 32 33 35 36 37
(35,*) 0 1 2 3 4 5 6 7 8 9 10 11 12 13 23 24 25 26 27 28 29 30 31 32 33 34 36 37
(36,*) 0 1 2 3 4 5 6 7 8 9 10 11 12 13 23 24 25 26 27 28 29 30 31 32 33 34 35 37
(37,*) 0 1 2 3 4 5 6 7 8 9 10 11 12 13 23 24 25 26 27 28 29 30 31 32 33 34 35 36
;
set A2:=
(32,*) 33
(33,*) 32
(34,*) 35
(35,*) 34
;
param BigM:=99999;
param n:= 5;
param d:=
1	6
2	19
3	6
4	16
5	8
6	19
7	1
8	12
9	8
10	24
11	24
12	15
13	9
14	7
15	16
16	21
17	22
18	18
19	24
20	2
21	20
22	14
23	19
24	21
25	12
26	14
27	16
28	3
29	8
30	4
31	2
;
param Q:=100;
param w:=
[32,*] 33 5
[33,*] 32 5
[34,*] 35 5
[35,*] 34 5
;
param V:=
[32,*] 33 246
[33,*] 32 246
[34,*] 35 246
[35,*] 34 246
;
param f:=
32	100
33	100
34	100
35	100
36	100
37	100
;
param e:
	32	33	34	35	36	37:=
14	0	0	0	1	0	0	
15	0	0	1	0	0	1	
16	0	0	0	0	0	1	
17	0	0	0	1	0	0	
18	0	1	0	0	0	1	
19	0	0	1	0	0	1	
20	0	1	0	0	1	1	
21	0	1	0	0	1	1	
22	0	1	0	0	0	1	
23	0	0	1	0	0	1	
24	0	0	1	0	0	1	
25	0	0	1	0	1	1	
26	1	0	0	0	0	0	
27	0	0	1	0	0	1	
28	0	1	0	0	1	1	
29	0	1	0	0	0	0	
30	1	0	0	0	1	0	
31	0	0	0	1	1	0	
;
param p:=
1	1
2	1
3	1
4	1
5	1
;
param G:=
32	246
33	246
34	246
35	246
36	61
37	61
;
param s:=
0	0
1	15
2	15
3	15
4	15
5	15
6	15
7	15
8	15
9	15
10	15
11	15
12	15
13	15
23	15
24	15
25	15
26	15
27	15
28	15
29	15
30	15
31	15
32	30
33	30
34	30
35	30
36	15
37	15
;
param t:
	0	1	2	3	4	5	6	7	8	9	10	11	12	13	14	15	16	17	18	19	20	21	22	23	24	25	26	27	28	29	30	31	32	33	34	35	36	37:=
0	0.0	75.58	97.58	85.6	88.14	79.23	74.55	76.84	64.03	78.03	25.24	75.96	84.86	72.78	54.57	37.05	28.84	81.74	25.71	73.82	21.1	25.96	16.28	34.93	77.88	51.88	101.41	51.04	27.02	36.24	84.17	62.29	99.54	13.88	66.88	75.02	45.49	41.23
1	75.58	0.0	36.01	38.48	56.3	87.13	42.43	38.42	49.37	7.07	55.32	97.58	26.93	49.09	83.43	46.75	65.86	74.52	58.05	44.28	56.3	61.52	63.25	59.2	3.16	23.77	44.05	38.91	52.39	85.01	55.61	68.45	40.74	88.46	33.5	91.44	43.29	36.24
2	97.58	36.01	0.0	17.03	33.84	75.66	78.16	25.71	85.29	29.07	73.0	90.09	12.81	85.02	83.55	77.88	96.18	59.23	86.95	80.1	82.42	76.03	89.4	90.87	37.05	50.54	8.54	73.25	70.77	93.62	35.9	63.39	5.18	108.15	69.51	83.01	53.82	65.74
3	85.6	38.48	17.03	0.0	19.21	59.03	80.08	9.43	84.59	31.76	60.44	73.17	12.73	86.12	66.71	71.59	88.54	43.01	78.77	81.74	72.92	62.24	79.61	84.4	40.71	44.41	16.64	70.01	58.6	77.83	20.12	46.39	15.94	95.02	70.08	66.12	40.36	59.23
4	88.14	56.3	33.84	19.21	0.0	43.01	96.38	18.38	99.2	50.0	63.32	58.42	31.89	101.84	56.82	82.0	96.88	26.02	86.83	97.86	79.62	62.65	85.62	94.13	58.82	56.72	29.15	83.19	62.3	72.25	4.24	35.85	30.53	95.21	85.85	51.26	43.68	70.06
5	79.23	87.13	75.66	59.03	43.01	0.0	118.93	52.5	116.83	82.76	61.35	16.16	69.92	122.29	26.93	91.71	99.62	17.12	90.48	119.75	81.6	55.54	84.9	100.46	90.21	75.69	72.03	99.05	62.39	48.27	40.05	20.81	73.07	79.87	107.83	9.48	51.4	82.93
6	74.55	42.43	78.16	80.08	96.38	118.93	0.0	78.0	13.89	49.5	67.08	125.5	69.23	7.62	106.83	37.66	50.49	109.86	49.09	2.24	54.13	75.13	58.31	42.3	41.11	43.28	86.37	24.04	64.41	99.81	94.85	98.31	83.03	88.29	11.11	120.69	67.9	38.95
7	76.84	38.42	25.71	9.43	18.38	52.5	78.0	0.0	81.02	32.53	51.61	65.76	17.46	83.49	57.87	65.38	81.49	37.59	71.57	79.48	65.19	53.04	71.69	77.93	41.11	39.05	26.08	65.38	49.93	68.43	17.2	38.01	25.26	85.9	67.48	58.86	31.4	53.15
8	64.03	49.37	85.29	84.59	99.2	116.83	13.89	81.02	0.0	56.22	60.61	121.7	75.01	9.0	101.91	28.65	38.0	109.59	38.33	12.08	44.78	68.6	47.8	30.07	48.84	43.08	93.09	17.8	58.26	92.44	97.12	96.02	89.86	77.45	16.27	117.51	65.46	34.06
9	78.03	7.07	29.07	31.76	50.0	82.76	49.5	32.53	56.22	0.0	56.3	93.98	19.92	56.14	81.05	51.61	70.6	69.4	62.29	51.35	59.67	61.85	66.71	64.35	8.94	26.4	37.01	44.94	53.49	84.38	49.58	64.85	33.73	90.44	40.48	87.63	42.05	40.36
10	25.24	55.32	73.0	60.44	63.32	61.35	67.08	51.61	60.61	56.3	0.0	62.68	60.44	67.96	41.87	32.53	38.33	60.07	29.15	67.12	20.25	8.06	24.08	39.36	58.05	32.14	76.42	43.57	3.0	32.89	59.46	41.77	74.67	35.19	57.07	59.64	20.25	28.23
11	75.96	97.58	90.09	73.17	58.42	16.16	125.5	65.76	121.7	93.98	62.68	0.0	83.19	128.0	21.54	94.81	99.73	32.98	91.42	126.06	82.49	55.57	84.53	101.87	100.72	83.01	87.09	103.97	64.4	41.19	55.15	29.15	87.88	73.82	114.55	7.16	57.8	87.69
12	84.86	26.93	12.81	12.73	31.89	69.92	69.23	17.46	75.01	19.92	60.44	83.19	0.0	75.66	74.24	65.55	83.63	54.63	74.3	71.02	69.63	63.81	76.61	78.55	28.79	38.08	18.68	61.81	58.14	82.54	32.45	55.08	15.85	95.62	59.77	76.31	41.68	53.31
13	72.78	49.09	85.02	86.12	101.84	122.29	7.62	83.49	9.0	56.14	67.96	128.0	75.66	0.0	108.71	36.77	47.0	114.06	47.07	5.39	53.14	76.01	56.52	39.05	48.0	47.17	93.13	24.41	65.46	100.24	100.09	101.53	89.82	86.28	16.06	123.51	70.94	40.46
14	54.57	83.43	83.55	66.71	56.82	26.93	106.83	57.87	101.91	81.05	41.87	21.54	74.24	108.71	0.0	74.33	78.29	36.88	70.18	107.2	61.29	34.41	63.06	80.71	86.59	65.74	82.57	84.39	43.86	21.38	52.77	21.02	82.52	53.49	96.13	20.74	40.85	68.25
15	37.05	46.75	77.88	71.59	82.0	91.71	37.66	65.38	28.65	51.61	32.53	94.81	65.55	36.77	74.33	0.0	19.1	86.98	12.65	37.11	16.49	40.36	21.02	13.0	48.08	27.51	84.15	14.0	30.48	63.81	79.06	71.11	81.41	50.9	29.91	91.23	41.76	12.37
16	28.84	65.86	96.18	88.54	96.88	99.62	50.49	81.49	38.0	70.6	38.33	99.73	83.63	47.0	78.29	19.1	0.0	97.87	10.05	49.25	18.25	44.38	15.26	8.25	67.18	45.65	102.04	30.41	37.66	63.13	93.54	80.05	99.44	40.93	45.6	97.39	54.01	30.53
17	81.74	74.52	59.23	43.01	26.02	17.12	109.86	37.59	109.59	69.4	60.07	32.98	54.63	114.06	36.88	86.98	97.87	0.0	88.12	110.94	79.63	56.14	84.15	97.29	77.47	66.89	55.15	92.14	60.3	56.44	23.35	19.65	56.35	85.19	98.8	25.92	45.22	76.69
18	25.71	58.05	86.95	78.77	86.83	90.48	49.09	71.57	38.33	62.29	29.15	91.42	74.3	47.07	70.18	12.65	10.05	88.12	0.0	48.26	8.94	35.85	9.49	10.63	59.67	36.62	92.57	26.31	28.16	56.64	83.49	70.6	90.05	39.26	42.24	88.7	44.0	21.93
19	73.82	44.28	80.1	81.74	97.86	119.75	2.24	79.48	12.08	51.35	67.12	126.06	71.02	5.39	107.2	37.11	49.25	110.94	48.26	0.0	53.6	75.18	57.56	41.11	43.05	44.2	88.28	23.77	64.5	99.74	96.25	99.09	84.95	87.51	12.17	121.35	68.59	39.12
20	21.1	56.3	82.42	72.92	79.62	81.6	54.13	65.19	44.78	59.67	20.25	82.49	69.63	53.14	61.29	16.49	18.25	79.63	8.94	53.6	0.0	26.93	7.07	19.42	58.31	33.3	87.46	30.27	19.42	48.41	76.12	61.85	85.14	34.96	45.94	79.75	36.22	20.62
21	25.96	61.52	76.03	62.24	62.65	55.54	75.13	53.04	68.6	61.85	8.06	55.57	63.81	76.01	34.41	40.36	44.38	56.14	35.85	75.18	26.93	0.0	29.41	46.32	64.38	39.01	78.64	51.62	10.77	25.0	58.59	37.01	77.2	32.94	65.07	53.01	22.2	36.25
22	16.28	63.25	89.4	79.61	85.62	84.9	58.31	71.69	47.8	66.71	24.08	84.53	76.61	56.52	63.06	21.02	15.26	84.15	9.49	57.56	7.07	29.41	0.0	19.42	65.19	40.36	94.34	35.01	24.02	48.1	82.0	65.76	92.06	29.98	50.94	82.34	41.98	27.29
23	34.93	59.2	90.87	84.4	94.13	100.46	42.3	77.93	30.07	64.35	39.36	101.87	78.55	39.05	80.71	13.0	8.25	97.29	10.63	41.11	19.42	46.32	19.42	0.0	60.31	40.5	97.14	22.47	38.08	67.21	91.02	80.32	94.4	47.83	37.4	99.0	52.47	25.3
24	77.88	3.16	37.05	40.71	58.82	90.21	41.11	41.11	48.84	8.94	58.05	100.72	28.79	48.0	86.59	48.08	67.18	77.47	59.67	43.05	58.31	64.38	65.19	60.31	0.0	26.25	45.28	39.45	55.11	88.0	58.26	71.59	41.93	90.88	32.74	94.58	46.39	38.01
25	51.88	23.77	50.54	44.41	56.72	75.69	43.28	39.05	43.08	26.4	32.14	83.01	38.08	47.17	65.74	27.51	45.65	66.89	36.62	44.2	33.3	39.01	40.36	40.5	26.25	0.0	56.65	26.48	29.15	63.51	54.34	55.17	53.93	64.69	32.17	77.83	25.24	15.23
26	101.41	44.05	8.54	16.64	29.15	72.03	86.37	26.08	93.09	37.01	76.42	87.09	18.68	93.13	82.57	84.15	102.04	55.15	92.57	88.28	87.46	78.64	94.34	97.14	45.28	56.65	0.0	80.41	74.41	94.41	32.0	61.85	3.39	111.28	77.48	79.94	56.59	71.87
27	51.04	38.91	73.25	70.01	83.19	99.05	24.04	65.38	17.8	44.94	43.57	103.97	61.81	24.41	84.39	14.0	30.41	92.14	26.31	23.77	30.27	51.62	35.01	22.47	39.45	26.48	80.41	0.0	41.05	76.03	80.81	78.24	77.37	64.89	15.95	99.71	47.71	16.28
28	27.02	52.39	70.77	58.6	62.3	62.39	64.41	49.93	58.26	53.49	3.0	64.4	58.14	65.46	43.86	30.48	37.66	60.3	28.16	64.5	19.42	10.77	24.02	38.08	55.11	29.15	74.41	41.05	0.0	35.74	58.52	42.45	72.58	37.61	54.3	61.1	18.79	25.5
29	36.24	85.01	93.62	77.83	72.25	48.27	99.81	68.43	92.44	84.38	32.89	41.19	82.54	100.24	21.38	63.81	63.13	56.44	56.64	99.74	48.41	25.0	48.1	67.21	88.0	63.51	94.41	76.03	35.74	0.0	68.01	37.8	93.68	32.63	89.94	41.84	42.43	61.1
30	84.17	55.61	35.9	20.12	4.24	40.05	94.85	17.2	97.12	49.58	59.46	55.15	32.45	100.09	52.77	79.06	93.54	23.35	83.49	96.25	76.12	58.59	82.0	91.02	58.26	54.34	32.0	80.81	58.52	68.01	0.0	31.76	33.04	91.08	84.17	47.99	40.02	67.27
31	62.29	68.45	63.39	46.39	35.85	20.81	98.31	38.01	96.02	64.85	41.77	29.15	55.08	101.53	21.02	71.11	80.05	19.65	70.6	99.09	61.85	37.01	65.76	80.32	71.59	55.17	61.85	78.24	42.45	37.8	31.76	0.0	61.99	65.56	87.23	23.08	30.61	62.13
32	99.54	40.74	5.18	15.94	30.53	73.07	83.03	25.26	89.86	33.73	74.67	87.88	15.85	89.82	82.52	81.41	99.44	56.35	90.05	84.95	85.14	77.2	92.06	94.4	41.93	53.93	3.39	77.37	72.58	93.68	33.04	61.99	0.0	109.67	74.2	80.75	55.04	69.16
33	13.88	88.46	108.15	95.02	95.21	79.87	88.29	85.9	77.45	90.44	35.19	73.82	95.62	86.28	53.49	50.9	40.93	85.19	39.26	87.51	34.96	32.94	29.98	47.83	90.88	64.69	111.28	64.89	37.61	32.63	91.08	65.56	109.67	0.0	80.75	74.2	54.7	54.88
34	66.88	33.5	69.51	70.08	85.85	107.83	11.11	67.48	16.27	40.48	57.07	114.55	59.77	16.06	96.13	29.91	45.6	98.8	42.24	12.17	45.94	65.07	50.94	37.4	32.74	32.17	77.48	15.95	54.3	89.94	84.17	87.23	74.2	80.75	0.0	109.67	56.87	28.85
35	75.02	91.44	83.01	66.12	51.26	9.48	120.69	58.86	117.51	87.63	59.64	7.16	76.31	123.51	20.74	91.23	97.39	25.92	88.7	121.35	79.75	53.01	82.34	99.0	94.58	77.83	79.94	99.71	61.1	41.84	47.99	23.08	80.75	74.2	109.67	0.0	52.8	83.45
36	45.49	43.29	53.82	40.36	43.68	51.4	67.9	31.4	65.46	42.05	20.25	57.8	41.68	70.94	40.85	41.76	54.01	45.22	44.0	68.59	36.22	22.2	41.98	52.47	46.39	25.24	56.59	47.71	18.79	42.43	40.02	30.61	55.04	54.7	56.87	52.8	0.0	31.76
37	41.23	36.24	65.74	59.23	70.06	82.93	38.95	53.15	34.06	40.36	28.23	87.69	53.31	40.46	68.25	12.37	30.53	76.69	21.93	39.12	20.62	36.25	27.29	25.3	38.01	15.23	71.87	16.28	25.5	61.1	67.27	62.13	69.16	54.88	28.85	83.45	31.76	0.0
;
