set K:= 1	2	3	4	5	6;
set C_H:= 1	2	3	4	5	6	7	8	9	10	11	12	13	14;
set C_S:= 15	16	17	18	19	20	21	22	23	24	25	26;
set C_F:= 27	28	29	30	31	32	33	34	35	36	37	38;
set M:= 39	40;
set L_B:= 41	42	43	44	45	46;
set A1:=
(0,*) 1 2 3 4 5 6 7 8 9 10 11 12 13 14 27 28 29 30 31 32 33 34 35 36 37 38 39 40 41 42 43 44 45 46
(1,*) 0 2 3 4 5 6 7 8 9 10 11 12 13 14 27 28 29 30 31 32 33 34 35 36 37 38 39 40 41 42 43 44 45 46
(2,*) 0 1 3 4 5 6 7 8 9 10 11 12 13 14 27 28 29 30 31 32 33 34 35 36 37 38 39 40 41 42 43 44 45 46
(3,*) 0 1 2 4 5 6 7 8 9 10 11 12 13 14 27 28 29 30 31 32 33 34 35 36 37 38 39 40 41 42 43 44 45 46
(4,*) 0 1 2 3 5 6 7 8 9 10 11 12 13 14 27 28 29 30 31 32 33 34 35 36 37 38 39 40 41 42 43 44 45 46
(5,*) 0 1 2 3 4 6 7 8 9 10 11 12 13 14 27 28 29 30 31 32 33 34 35 36 37 38 39 40 41 42 43 44 45 46
(6,*) 0 1 2 3 4 5 7 8 9 10 11 12 13 14 27 28 29 30 31 32 33 34 35 36 37 38 39 40 41 42 43 44 45 46
(7,*) 0 1 2 3 4 5 6 8 9 10 11 12 13 14 27 28 29 30 31 32 33 34 35 36 37 38 39 40 41 42 43 44 45 46
(8,*) 0 1 2 3 4 5 6 7 9 10 11 12 13 14 27 28 29 30 31 32 33 34 35 36 37 38 39 40 41 42 43 44 45 46
(9,*) 0 1 2 3 4 5 6 7 8 10 11 12 13 14 27 28 29 30 31 32 33 34 35 36 37 38 39 40 41 42 43 44 45 46
(10,*) 0 1 2 3 4 5 6 7 8 9 11 12 13 14 27 28 29 30 31 32 33 34 35 36 37 38 39 40 41 42 43 44 45 46
(11,*) 0 1 2 3 4 5 6 7 8 9 10 12 13 14 27 28 29 30 31 32 33 34 35 36 37 38 39 40 41 42 43 44 45 46
(12,*) 0 1 2 3 4 5 6 7 8 9 10 11 13 14 27 28 29 30 31 32 33 34 35 36 37 38 39 40 41 42 43 44 45 46
(13,*) 0 1 2 3 4 5 6 7 8 9 10 11 12 14 27 28 29 30 31 32 33 34 35 36 37 38 39 40 41 42 43 44 45 46
(14,*) 0 1 2 3 4 5 6 7 8 9 10 11 12 13 27 28 29 30 31 32 33 34 35 36 37 38 39 40 41 42 43 44 45 46
(27,*) 0 1 2 3 4 5 6 7 8 9 10 11 12 13 14 28 29 30 31 32 33 34 35 36 37 38 39 40 41 42 43 44 45 46
(28,*) 0 1 2 3 4 5 6 7 8 9 10 11 12 13 14 27 29 30 31 32 33 34 35 36 37 38 39 40 41 42 43 44 45 46
(29,*) 0 1 2 3 4 5 6 7 8 9 10 11 12 13 14 27 28 30 31 32 33 34 35 36 37 38 39 40 41 42 43 44 45 46
(30,*) 0 1 2 3 4 5 6 7 8 9 10 11 12 13 14 27 28 29 31 32 33 34 35 36 37 38 39 40 41 42 43 44 45 46
(31,*) 0 1 2 3 4 5 6 7 8 9 10 11 12 13 14 27 28 29 30 32 33 34 35 36 37 38 39 40 41 42 43 44 45 46
(32,*) 0 1 2 3 4 5 6 7 8 9 10 11 12 13 14 27 28 29 30 31 33 34 35 36 37 38 39 40 41 42 43 44 45 46
(33,*) 0 1 2 3 4 5 6 7 8 9 10 11 12 13 14 27 28 29 30 31 32 34 35 36 37 38 39 40 41 42 43 44 45 46
(34,*) 0 1 2 3 4 5 6 7 8 9 10 11 12 13 14 27 28 29 30 31 32 33 35 36 37 38 39 40 41 42 43 44 45 46
(35,*) 0 1 2 3 4 5 6 7 8 9 10 11 12 13 14 27 28 29 30 31 32 33 34 36 37 38 39 40 41 42 43 44 45 46
(36,*) 0 1 2 3 4 5 6 7 8 9 10 11 12 13 14 27 28 29 30 31 32 33 34 35 37 38 39 40 41 42 43 44 45 46
(37,*) 0 1 2 3 4 5 6 7 8 9 10 11 12 13 14 27 28 29 30 31 32 33 34 35 36 38 39 40 41 42 43 44 45 46
(38,*) 0 1 2 3 4 5 6 7 8 9 10 11 12 13 14 27 28 29 30 31 32 33 34 35 36 37 39 40 41 42 43 44 45 46
(39,*) 0 1 2 3 4 5 6 7 8 9 10 11 12 13 14 27 28 29 30 31 32 33 34 35 36 37 38 40 41 42 43 44 45 46
(40,*) 0 1 2 3 4 5 6 7 8 9 10 11 12 13 14 27 28 29 30 31 32 33 34 35 36 37 38 39 41 42 43 44 45 46
(41,*) 0 1 2 3 4 5 6 7 8 9 10 11 12 13 14 27 28 29 30 31 32 33 34 35 36 37 38 39 40 42 43 44 45 46
(42,*) 0 1 2 3 4 5 6 7 8 9 10 11 12 13 14 27 28 29 30 31 32 33 34 35 36 37 38 39 40 41 43 44 45 46
(43,*) 0 1 2 3 4 5 6 7 8 9 10 11 12 13 14 27 28 29 30 31 32 33 34 35 36 37 38 39 40 41 42 44 45 46
(44,*) 0 1 2 3 4 5 6 7 8 9 10 11 12 13 14 27 28 29 30 31 32 33 34 35 36 37 38 39 40 41 42 43 45 46
(45,*) 0 1 2 3 4 5 6 7 8 9 10 11 12 13 14 27 28 29 30 31 32 33 34 35 36 37 38 39 40 41 42 43 44 46
(46,*) 0 1 2 3 4 5 6 7 8 9 10 11 12 13 14 27 28 29 30 31 32 33 34 35 36 37 38 39 40 41 42 43 44 45
;
set A2:=
(39,*) 40
(40,*) 39
;
param BigM:=99999;
param n:= 6;
param d:=
1	24
2	6
3	6
4	12
5	16
6	7
7	4
8	22
9	15
10	5
11	22
12	3
13	7
14	2
15	18
16	16
17	3
18	6
19	72
20	23
21	22
22	11
23	7
24	9
25	10
26	9
27	22
28	19
29	18
30	16
31	23
32	7
33	11
34	1
35	16
36	11
37	15
38	10
;
param Q:=100;
param w:=
[39,*] 40 0.5
[40,*] 39 0.5
;
param V:=
[39,*] 40 100
[40,*] 39 100
;
param e:
	39	40	41	42	43	44	45	46:=
15	1	1	0	0	0	0	0	1	
16	1	1	0	0	0	1	0	0	
17	1	0	0	1	0	0	0	0	
18	0	1	0	0	0	0	0	1	
19	1	0	1	0	0	0	0	0	
20	1	1	0	0	0	1	0	0	
21	1	1	0	1	0	0	0	0	
22	1	1	0	1	0	0	0	0	
23	1	1	0	1	0	0	0	0	
24	0	1	0	0	0	0	0	1	
25	1	1	0	1	0	0	0	0	
26	1	1	1	0	0	0	0	0	
27	0	1	0	1	1	0	1	0	
28	1	0	0	0	0	1	0	0	
29	1	1	0	1	0	0	0	0	
30	1	0	0	1	1	0	1	0	
31	1	1	0	1	0	0	0	0	
32	1	1	1	1	1	1	1	1	
33	1	0	0	1	0	0	0	0	
34	1	0	0	0	0	0	0	1	
35	0	1	1	0	0	0	0	0	
36	1	1	1	0	0	0	1	1	
37	1	1	1	0	0	0	0	0	
38	0	1	0	0	0	0	1	0	
;
param p:=
1	3
2	3
3	3
4	3
5	3
6	3
;
param G:=
39	71
40	100
41	87
42	100
43	92
44	71
45	89
46	83
;
param s:=
0	0
1	10
2	10
3	10
4	10
5	10
6	10
7	10
8	10
9	10
10	10
11	10
12	10
13	10
14	10
27	10
28	10
29	10
30	10
31	10
32	10
33	10
34	10
35	10
36	10
37	10
38	10
39	10
40	10
41	10
42	10
43	10
44	10
45	10
46	10
;
param t:
	0	1	2	3	4	5	6	7	8	9	10	11	12	13	14	15	16	17	18	19	20	21	22	23	24	25	26	27	28	29	30	31	32	33	34	35	36	37	38	39	40	41	42	43	44	45	46:=
0	0.0	77.79	56.92	57.72	67.2	42.05	56.32	54.33	8.94	10.2	32.31	26.68	64.9	85.09	38.83	40.0	60.03	15.23	42.05	12.17	87.13	52.84	61.77	60.83	18.44	49.4	74.24	18.44	30.07	24.41	8.25	72.69	28.84	45.12	48.17	80.52	45.25	42.76	46.69	54.45	71.06	32.7	7.62	27.46	38.01	26.57	35.74
1	77.79	0.0	20.88	20.59	25.61	83.55	44.72	85.44	76.97	86.83	101.55	94.34	48.41	58.14	76.42	75.71	26.08	92.97	110.94	65.79	22.0	52.8	53.25	37.74	59.46	59.36	18.0	72.72	76.24	88.09	70.94	14.14	50.64	67.05	74.0	44.18	42.76	83.95	68.82	86.38	41.3	45.35	70.21	50.7	42.72	51.24	42.06
2	56.92	20.88	0.0	4.47	22.0	66.57	34.0	69.97	56.36	65.97	81.61	74.4	40.25	57.27	59.36	58.31	17.09	72.11	91.21	44.94	34.41	39.6	43.27	28.64	38.63	45.61	23.32	52.8	57.27	68.03	50.16	19.7	30.07	51.11	58.31	44.94	26.08	66.48	53.85	70.83	38.08	24.52	49.34	29.97	23.35	30.36	21.19
3	57.72	20.59	4.47	0.0	26.08	64.4	30.07	73.78	56.46	67.08	80.99	73.78	44.72	52.8	57.2	61.74	12.65	72.8	90.44	45.61	36.72	43.86	47.71	33.11	39.29	42.38	19.7	52.15	60.17	70.26	50.6	16.49	32.06	54.92	62.13	40.5	30.0	69.86	50.99	74.63	33.62	26.02	50.22	30.36	22.2	31.4	22.2
4	67.2	25.61	22.0	26.08	0.0	85.91	56.0	61.61	69.31	74.43	96.21	89.2	22.8	77.79	78.79	54.0	38.47	82.1	106.15	56.64	20.88	28.64	27.78	12.65	50.91	67.08	39.45	68.41	56.89	70.88	62.29	34.99	38.42	44.18	50.64	64.62	23.41	62.03	74.73	62.59	58.94	36.12	59.82	44.2	42.15	42.45	35.23
5	42.05	83.55	66.57	64.4	85.91	0.0	42.19	95.08	33.11	48.83	31.05	26.83	93.74	60.13	7.21	80.05	58.0	45.25	36.0	40.45	100.96	84.38	92.78	85.44	42.0	26.83	71.22	24.74	70.88	66.24	37.36	72.25	54.33	82.39	87.13	62.64	71.39	84.12	17.09	95.34	55.15	52.39	42.45	43.93	43.83	47.52	51.55
6	56.32	44.72	34.0	30.07	56.0	42.19	0.0	92.2	50.64	66.48	67.47	60.83	72.28	30.0	35.78	77.79	18.97	68.73	75.29	45.69	65.15	68.03	74.0	61.19	41.18	15.62	29.73	42.05	72.47	76.94	48.08	31.62	43.86	74.4	81.22	24.33	52.8	84.9	25.61	92.85	15.03	37.64	50.7	34.21	23.35	38.29	33.6
7	54.33	85.44	69.97	73.78	61.61	95.08	92.2	0.0	62.8	52.15	84.21	80.0	42.0	121.66	90.44	15.23	84.02	60.53	92.78	55.03	80.4	32.98	36.0	49.03	55.46	93.3	93.3	70.34	24.33	34.93	57.72	89.55	48.41	18.87	11.66	111.95	43.91	12.17	94.85	1.0	103.28	54.56	52.63	59.08	68.88	54.64	58.73
8	8.94	76.97	56.36	56.46	69.31	33.11	50.64	62.8	0.0	17.2	27.2	20.59	69.77	78.43	30.0	48.17	56.89	18.11	37.2	12.81	88.41	58.31	67.23	64.4	18.44	42.05	71.39	10.0	38.47	33.29	7.21	70.34	31.24	52.35	56.0	74.97	48.83	51.42	38.42	62.97	65.62	33.42	11.4	26.42	35.17	27.02	35.51
9	10.2	86.83	65.97	67.08	74.43	48.83	66.48	52.15	17.2	0.0	32.06	28.28	69.43	95.08	46.69	39.29	70.0	8.94	40.79	22.0	94.83	56.85	65.6	66.84	28.07	59.06	84.1	27.2	29.12	18.44	18.44	82.39	36.77	46.52	48.08	90.71	51.61	40.05	55.61	52.09	81.25	41.48	17.03	37.12	48.01	35.69	44.91
10	32.31	101.55	81.61	80.99	96.21	31.05	67.47	84.21	27.2	32.06	0.0	7.21	96.75	90.09	34.06	71.02	78.79	24.08	10.0	40.0	114.77	84.97	93.91	91.61	45.34	54.15	93.23	28.84	60.83	50.04	34.41	93.04	58.41	77.2	79.62	90.55	76.03	72.11	46.04	84.15	82.04	60.11	38.08	52.4	58.83	53.76	61.62
11	26.68	94.34	74.4	73.78	89.2	26.83	60.83	80.0	20.59	28.28	7.21	0.0	90.35	84.38	28.64	66.27	71.69	21.54	16.97	33.29	107.63	78.79	87.73	84.88	38.42	48.0	86.16	21.63	56.14	46.69	27.78	85.91	51.61	71.81	74.67	84.21	69.34	68.03	40.45	80.01	75.54	53.08	31.78	45.28	51.62	46.75	54.49
12	64.9	48.41	40.25	44.72	22.8	93.74	72.28	42.0	69.77	69.43	96.75	90.35	0.0	97.51	87.13	38.63	57.27	78.1	106.68	57.27	38.83	12.81	6.0	11.66	53.14	80.22	61.22	72.11	44.94	60.46	62.61	56.85	39.85	27.86	32.56	85.09	22.36	45.61	86.02	43.0	78.29	41.44	58.67	49.82	53.04	46.32	43.05
13	85.09	58.14	57.27	52.8	77.79	60.13	30.0	121.66	78.43	95.08	90.09	84.38	97.51	0.0	56.04	107.52	40.25	96.17	96.08	75.18	80.1	95.41	100.24	85.91	71.02	36.88	40.2	68.96	102.45	106.68	76.97	44.41	73.59	103.48	110.45	14.0	80.45	114.77	44.05	122.35	19.24	67.18	80.06	64.2	53.15	68.25	62.94
14	38.83	76.42	59.36	57.2	78.79	7.21	35.78	90.44	30.0	46.69	34.06	28.64	87.13	56.04	0.0	75.29	50.99	44.41	40.45	35.44	93.74	78.1	86.37	78.59	36.22	20.88	64.4	20.59	66.48	63.25	33.11	65.3	48.04	76.94	82.0	57.27	64.78	79.85	12.0	90.76	49.34	45.71	38.08	37.34	36.67	41.11	44.64
15	40.0	75.71	58.31	61.74	54.0	80.05	77.79	15.23	48.17	39.29	71.02	66.27	38.63	107.52	75.29	0.0	71.02	48.08	80.05	39.85	74.24	26.68	33.11	42.19	40.25	78.23	81.44	55.32	10.2	24.41	42.76	78.0	33.94	10.77	8.94	98.41	32.98	8.25	79.62	15.65	89.5	40.36	37.66	44.2	54.45	39.82	44.69
16	60.03	26.08	17.09	12.65	38.47	58.0	18.97	84.02	56.89	70.0	78.79	71.69	57.27	40.25	50.99	71.02	0.0	74.43	87.66	48.0	46.17	55.61	60.03	45.69	42.05	33.29	14.56	50.6	68.03	76.16	52.15	14.42	38.63	65.3	72.47	28.43	41.04	78.89	42.8	84.81	21.02	31.95	53.01	33.14	22.02	35.69	27.51
17	15.23	92.97	72.11	72.8	82.1	45.25	68.73	60.53	18.11	8.94	24.08	21.54	78.1	96.17	44.41	48.08	74.43	0.0	32.25	27.2	102.22	65.6	74.4	75.07	33.53	59.46	88.81	27.2	37.95	26.0	22.36	87.48	43.91	55.46	56.92	93.06	59.67	48.37	54.59	60.41	83.73	47.93	22.85	42.45	52.47	41.79	50.92
18	42.05	110.94	91.21	90.44	106.15	36.0	75.29	92.78	37.2	40.79	10.0	16.97	106.68	96.08	40.45	80.05	87.66	32.25	0.0	50.0	124.58	94.83	103.77	101.61	55.32	61.19	101.98	38.42	69.86	58.14	44.41	102.0	68.41	86.65	88.77	97.67	86.02	80.62	52.35	92.66	89.5	70.04	48.02	62.24	68.24	63.7	71.45
19	12.17	65.79	44.94	45.61	56.64	40.45	45.69	55.03	12.81	22.0	40.0	33.29	57.27	75.18	35.44	39.85	48.0	27.2	50.0	0.0	76.03	46.17	55.03	51.61	6.32	41.04	62.13	16.0	31.3	31.62	5.66	60.53	18.44	42.05	46.69	69.57	36.06	44.72	40.5	55.36	60.08	21.1	5.1	15.3	26.02	14.76	23.77
20	87.13	22.0	34.41	36.72	20.88	100.96	65.15	80.4	88.41	94.83	114.77	107.63	38.83	80.1	93.74	74.24	46.17	102.22	124.58	76.03	0.0	48.0	44.72	32.06	70.0	78.79	40.0	86.28	77.67	91.76	81.61	36.06	58.31	64.03	70.03	66.12	44.27	82.1	87.66	81.39	63.2	55.0	79.61	62.37	57.63	61.4	53.15
21	52.84	52.8	39.6	43.86	28.64	84.38	68.03	32.98	58.31	56.85	84.97	78.79	12.81	95.41	78.1	26.68	55.61	65.6	94.83	46.17	48.0	0.0	8.94	16.12	42.76	73.76	62.48	61.61	32.25	47.71	51.26	58.41	30.07	16.12	22.09	84.02	15.23	34.23	78.41	33.96	76.28	33.24	47.01	41.01	46.57	37.01	35.9
22	61.77	53.25	43.27	47.71	27.78	92.78	74.0	36.0	67.23	65.6	93.91	87.73	6.0	100.24	86.37	33.11	60.03	74.4	103.77	55.03	44.72	8.94	0.0	15.62	51.42	80.89	65.12	70.34	40.0	55.61	60.17	60.83	38.47	22.36	26.68	88.2	22.09	39.85	86.09	37.0	81.01	41.0	55.95	49.09	53.6	45.28	43.19
23	60.83	37.74	28.64	33.11	12.65	85.44	61.19	49.03	64.4	66.84	91.61	84.88	11.66	85.91	78.59	42.19	45.69	75.07	101.61	51.61	32.06	16.12	15.62	0.0	46.65	70.0	49.68	65.3	46.17	60.93	57.2	45.34	33.29	32.0	38.21	73.43	15.62	50.04	76.42	50.01	66.71	33.24	53.91	41.79	43.19	38.91	33.96
24	18.44	59.46	38.63	39.29	50.91	42.0	41.18	55.46	18.44	28.07	45.34	38.42	53.14	71.02	36.22	40.25	42.05	33.53	55.32	6.32	70.0	42.76	51.42	46.65	0.0	38.42	56.04	18.97	32.8	35.78	11.66	54.33	13.42	40.79	46.17	64.62	31.3	46.04	39.4	55.9	55.15	15.0	11.05	9.06	20.22	8.6	17.46
25	49.4	59.36	45.61	42.38	67.08	26.83	15.62	93.3	42.05	59.06	54.15	48.0	80.22	36.88	20.88	78.23	33.29	59.46	61.19	41.04	78.79	73.76	80.89	70.0	38.42	0.0	45.25	32.31	71.22	72.47	41.62	46.86	45.69	76.97	83.19	36.5	58.86	84.4	10.0	93.81	28.46	40.8	45.45	34.44	27.29	38.91	37.85
26	74.24	18.0	23.32	19.7	39.45	71.22	29.73	93.3	71.39	84.1	93.23	86.16	61.22	40.2	64.4	81.44	14.56	88.81	101.98	62.13	40.0	62.48	65.12	49.68	56.04	45.25	0.0	65.15	79.7	89.11	66.48	4.47	50.99	74.43	81.63	26.31	49.4	89.55	55.17	94.15	23.54	44.55	67.07	47.01	36.35	49.09	40.31
27	18.44	72.72	52.8	52.15	68.41	24.74	42.05	70.34	10.0	27.2	28.84	21.63	72.11	68.96	20.59	55.32	50.6	27.2	38.42	16.0	86.28	61.61	70.34	65.3	18.97	32.31	65.15	0.0	46.17	42.8	12.65	64.62	32.31	58.03	62.51	66.27	50.16	59.46	28.43	70.6	57.08	32.45	17.72	24.21	30.02	26.42	33.3
28	30.07	76.24	57.27	60.17	56.89	70.88	72.47	24.33	38.47	29.12	60.83	56.14	44.94	102.45	66.48	10.2	68.03	37.95	69.86	31.3	77.67	32.25	40.0	46.17	32.8	71.22	79.7	46.17	0.0	15.62	33.53	76.66	29.53	18.44	18.97	94.34	34.06	13.42	71.69	24.52	85.15	36.24	28.46	38.29	49.41	34.21	40.71
29	24.41	88.09	68.03	70.26	70.88	66.24	76.94	34.93	33.29	18.44	50.04	46.69	60.46	106.68	63.25	24.41	76.16	26.0	58.14	31.62	91.76	47.71	55.61	60.93	35.78	72.47	89.11	42.8	15.62	0.0	31.11	86.58	38.21	33.94	33.29	100.32	47.54	22.8	70.77	34.71	90.87	44.55	27.02	43.66	55.36	40.52	48.84
30	8.25	70.94	50.16	50.6	62.29	37.36	48.08	57.72	7.21	18.44	34.41	27.78	62.61	76.97	33.11	42.76	52.15	22.36	44.41	5.66	81.61	51.26	60.17	57.2	11.66	41.62	66.48	12.65	33.53	31.11	0.0	65.12	24.08	46.04	50.16	72.28	41.62	46.82	39.7	57.97	62.82	26.63	5.1	20.25	30.15	20.25	29.07
31	72.69	14.14	19.7	16.49	34.99	72.25	31.62	89.55	70.34	82.39	93.04	85.91	56.85	44.41	65.3	78.0	14.42	87.48	102.0	60.53	36.06	58.41	60.83	45.34	54.33	46.86	4.47	64.62	76.66	86.58	65.12	0.0	48.37	70.71	77.9	30.59	45.65	86.16	56.64	90.43	27.17	42.11	65.38	45.28	35.17	47.01	38.01
32	28.84	50.64	30.07	32.06	38.42	54.33	43.86	48.41	31.24	36.77	58.41	51.61	39.85	73.59	48.04	33.94	38.63	43.91	68.41	18.44	58.31	30.07	38.47	33.29	13.42	45.69	50.99	32.31	29.53	38.21	24.08	48.37	0.0	31.3	37.74	64.9	17.89	41.23	49.03	49.04	55.8	6.71	21.4	11.4	20.52	7.07	11.18
33	45.12	67.05	51.11	54.92	44.18	82.39	74.4	18.87	52.35	46.52	77.2	71.81	27.86	103.48	76.94	10.77	65.3	55.46	86.65	42.05	64.03	16.12	22.36	32.0	40.79	76.97	74.43	58.03	18.44	33.94	46.04	70.71	31.3	0.0	7.21	93.38	25.06	18.11	79.7	19.72	84.86	36.89	41.11	42.54	51.31	38.08	40.8
34	48.17	74.0	58.31	62.13	50.64	87.13	81.22	11.66	56.0	48.08	79.62	74.67	32.56	110.45	82.0	8.94	72.47	56.92	88.77	46.69	70.03	22.09	26.68	38.21	46.17	83.19	81.63	62.51	18.97	33.29	50.16	77.9	37.74	7.21	0.0	100.5	32.25	13.42	85.44	12.53	91.92	43.6	45.1	48.76	58.01	44.29	47.63
35	80.52	44.18	44.94	40.5	64.62	62.64	24.33	111.95	74.97	90.71	90.55	84.21	85.09	14.0	57.27	98.41	28.43	93.06	97.67	69.57	66.12	84.02	88.2	73.43	64.62	36.5	26.31	66.27	94.34	100.32	72.28	30.59	64.9	93.38	100.5	0.0	69.43	106.02	45.61	112.7	9.49	58.25	74.63	56.8	45.18	60.42	53.82
36	45.25	42.76	26.08	30.0	23.41	71.39	52.8	43.91	48.83	51.61	76.03	69.34	22.36	80.45	64.78	32.98	41.04	59.67	86.02	36.06	44.27	15.23	22.09	15.62	31.3	58.86	49.4	50.16	34.06	47.54	41.62	45.65	17.89	25.06	32.25	69.43	0.0	41.23	64.03	44.78	61.4	19.1	38.29	27.46	31.58	24.04	21.1
37	42.76	83.95	66.48	69.86	62.03	84.12	84.9	12.17	51.42	40.05	72.11	68.03	45.61	114.77	79.85	8.25	78.89	48.37	80.62	44.72	82.1	34.23	39.85	50.04	46.04	84.4	89.55	59.46	13.42	22.8	46.82	86.16	41.23	18.11	13.42	106.02	41.23	0.0	85.09	12.04	97.01	47.8	41.79	50.93	61.62	46.67	52.2
38	46.69	68.82	53.85	50.99	74.73	17.09	25.61	94.85	38.42	55.61	46.04	40.45	86.02	44.05	12.0	79.62	42.8	54.59	52.35	40.5	87.66	78.41	86.09	76.42	39.4	10.0	55.17	28.43	71.69	70.77	39.7	56.64	49.03	79.7	85.44	45.61	64.03	85.09	0.0	95.27	38.08	45.18	44.2	37.66	33.24	41.98	43.0
39	54.45	86.38	70.83	74.63	62.59	95.34	92.85	1.0	62.97	52.09	84.15	80.01	43.0	122.35	90.76	15.65	84.81	60.41	92.66	55.36	81.39	33.96	37.0	50.01	55.9	93.81	94.15	70.6	24.52	34.71	57.97	90.43	49.04	19.72	12.53	112.7	44.78	12.04	95.27	0.0	104.0	55.23	52.89	59.64	69.53	55.22	59.41
40	71.06	41.3	38.08	33.62	58.94	55.15	15.03	103.28	65.62	81.25	82.04	75.54	78.29	19.24	49.34	89.5	21.02	83.73	89.5	60.08	63.2	76.28	81.01	66.71	55.15	28.46	23.54	57.08	85.15	90.87	62.82	27.17	55.8	84.86	91.92	9.49	61.4	97.01	38.08	104.0	0.0	49.2	65.15	47.41	35.85	51.11	44.82
41	32.7	45.35	24.52	26.02	36.12	52.39	37.64	54.56	33.42	41.48	60.11	53.08	41.44	67.18	45.71	40.36	31.95	47.93	70.04	21.1	55.0	33.24	41.0	33.24	15.0	40.8	44.55	32.45	36.24	44.55	26.63	42.11	6.71	36.89	43.6	58.25	19.1	47.8	45.18	55.23	49.2	0.0	25.08	8.54	14.42	6.4	4.47
42	7.62	70.21	49.34	50.22	59.82	42.45	50.7	52.63	11.4	17.03	38.08	31.78	58.67	80.06	38.08	37.66	53.01	22.85	48.02	5.1	79.61	47.01	55.95	53.91	11.05	45.45	67.07	17.72	28.46	27.02	5.1	65.38	21.4	41.11	45.1	74.63	38.29	41.79	44.2	52.89	65.15	25.08	0.0	20.1	31.06	18.97	28.16
43	27.46	50.7	29.97	30.36	44.2	43.93	34.21	59.08	26.42	37.12	52.4	45.28	49.82	64.2	37.34	44.2	33.14	42.45	62.24	15.3	62.37	41.01	49.09	41.79	9.06	34.44	47.01	24.21	38.29	43.66	20.25	45.28	11.4	42.54	48.76	56.8	27.46	50.93	37.66	59.64	47.41	8.54	20.1	0.0	11.7	4.47	9.22
44	38.01	42.72	23.35	22.2	42.15	43.83	23.35	68.88	35.17	48.01	58.83	51.62	53.04	53.15	36.67	54.45	22.02	52.47	68.24	26.02	57.63	46.57	53.6	43.19	20.22	27.29	36.35	30.02	49.41	55.36	30.15	35.17	20.52	51.31	58.01	45.18	31.58	61.62	33.24	69.53	35.85	14.42	31.06	11.7	0.0	15.26	10.77
45	26.57	51.24	30.36	31.4	42.45	47.52	38.29	54.64	27.02	35.69	53.76	46.75	46.32	68.25	41.11	39.82	35.69	41.79	63.7	14.76	61.4	37.01	45.28	38.91	8.6	38.91	49.09	26.42	34.21	40.52	20.25	47.01	7.07	38.08	44.29	60.42	24.04	46.67	41.98	55.22	51.11	6.4	18.97	4.47	15.26	0.0	9.22
46	35.74	42.06	21.19	22.2	35.23	51.55	33.6	58.73	35.51	44.91	61.62	54.49	43.05	62.94	44.64	44.69	27.51	50.92	71.45	23.77	53.15	35.9	43.19	33.96	17.46	37.85	40.31	33.3	40.71	48.84	29.07	38.01	11.18	40.8	47.63	53.82	21.1	52.2	43.0	59.41	44.82	4.47	28.16	9.22	10.77	9.22	0.0
;
