set K:= 1	2	3	4	5	6;
set C_H:= 1	2	3	4	5	6	7	8	9	10;
set C_S:= 11	12	13	14	15	16	17	18	19	20	21;
set C_F:= 22	23	24	25	26	27	28	29	30	31	32;
set M:= 33	34	35	36	37	38;
set L_B:= 39;
set A1:=
(0,*) 1 2 3 4 5 6 7 8 9 10 22 23 24 25 26 27 28 29 30 31 32 33 34 35 36 37 38 39 40
(1,*) 0 2 3 4 5 6 7 8 9 10 22 23 24 25 26 27 28 29 30 31 32 33 34 35 36 37 38 39 40
(2,*) 0 1 3 4 5 6 7 8 9 10 22 23 24 25 26 27 28 29 30 31 32 33 34 35 36 37 38 39 40
(3,*) 0 1 2 4 5 6 7 8 9 10 22 23 24 25 26 27 28 29 30 31 32 33 34 35 36 37 38 39 40
(4,*) 0 1 2 3 5 6 7 8 9 10 22 23 24 25 26 27 28 29 30 31 32 33 34 35 36 37 38 39 40
(5,*) 0 1 2 3 4 6 7 8 9 10 22 23 24 25 26 27 28 29 30 31 32 33 34 35 36 37 38 39 40
(6,*) 0 1 2 3 4 5 7 8 9 10 22 23 24 25 26 27 28 29 30 31 32 33 34 35 36 37 38 39 40
(7,*) 0 1 2 3 4 5 6 8 9 10 22 23 24 25 26 27 28 29 30 31 32 33 34 35 36 37 38 39 40
(8,*) 0 1 2 3 4 5 6 7 9 10 22 23 24 25 26 27 28 29 30 31 32 33 34 35 36 37 38 39 40
(9,*) 0 1 2 3 4 5 6 7 8 10 22 23 24 25 26 27 28 29 30 31 32 33 34 35 36 37 38 39 40
(10,*) 0 1 2 3 4 5 6 7 8 9 22 23 24 25 26 27 28 29 30 31 32 33 34 35 36 37 38 39 40
(22,*) 0 1 2 3 4 5 6 7 8 9 10 23 24 25 26 27 28 29 30 31 32 33 34 35 36 37 38 39 40
(23,*) 0 1 2 3 4 5 6 7 8 9 10 22 24 25 26 27 28 29 30 31 32 33 34 35 36 37 38 39 40
(24,*) 0 1 2 3 4 5 6 7 8 9 10 22 23 25 26 27 28 29 30 31 32 33 34 35 36 37 38 39 40
(25,*) 0 1 2 3 4 5 6 7 8 9 10 22 23 24 26 27 28 29 30 31 32 33 34 35 36 37 38 39 40
(26,*) 0 1 2 3 4 5 6 7 8 9 10 22 23 24 25 27 28 29 30 31 32 33 34 35 36 37 38 39 40
(27,*) 0 1 2 3 4 5 6 7 8 9 10 22 23 24 25 26 28 29 30 31 32 33 34 35 36 37 38 39 40
(28,*) 0 1 2 3 4 5 6 7 8 9 10 22 23 24 25 26 27 29 30 31 32 33 34 35 36 37 38 39 40
(29,*) 0 1 2 3 4 5 6 7 8 9 10 22 23 24 25 26 27 28 30 31 32 33 34 35 36 37 38 39 40
(30,*) 0 1 2 3 4 5 6 7 8 9 10 22 23 24 25 26 27 28 29 31 32 33 34 35 36 37 38 39 40
(31,*) 0 1 2 3 4 5 6 7 8 9 10 22 23 24 25 26 27 28 29 30 32 33 34 35 36 37 38 39 40
(32,*) 0 1 2 3 4 5 6 7 8 9 10 22 23 24 25 26 27 28 29 30 31 33 34 35 36 37 38 39 40
(33,*) 0 1 2 3 4 5 6 7 8 9 10 22 23 24 25 26 27 28 29 30 31 32 34 35 36 37 38 39 40
(34,*) 0 1 2 3 4 5 6 7 8 9 10 22 23 24 25 26 27 28 29 30 31 32 33 35 36 37 38 39 40
(35,*) 0 1 2 3 4 5 6 7 8 9 10 22 23 24 25 26 27 28 29 30 31 32 33 34 36 37 38 39 40
(36,*) 0 1 2 3 4 5 6 7 8 9 10 22 23 24 25 26 27 28 29 30 31 32 33 34 35 37 38 39 40
(37,*) 0 1 2 3 4 5 6 7 8 9 10 22 23 24 25 26 27 28 29 30 31 32 33 34 35 36 38 39 40
(38,*) 0 1 2 3 4 5 6 7 8 9 10 22 23 24 25 26 27 28 29 30 31 32 33 34 35 36 37 39 40
(39,*) 0 1 2 3 4 5 6 7 8 9 10 22 23 24 25 26 27 28 29 30 31 32 33 34 35 36 37 38 40
(40,*) 0 1 2 3 4 5 6 7 8 9 10 22 23 24 25 26 27 28 29 30 31 32 33 34 35 36 37 38 39
;
set A2:=
(33,*) 34
(34,*) 33
(35,*) 36
(36,*) 35
;
param BigM:=99999;
param n:= 6;
param d:=
1	21
2	22
3	16
4	1
5	11
6	17
7	25
8	25
9	26
10	25
11	22
12	21
13	17
14	21
15	15
16	7
17	6
18	17
19	2
20	21
21	22
22	16
23	5
24	7
25	16
26	11
27	11
28	17
29	10
30	7
31	66
32	15
;
param Q:=100;
param w:=
[33,*] 34 2
[34,*] 33 2
[35,*] 36 2
[36,*] 35 2
;
param V:=
[33,*] 34 77
[34,*] 33 77
[35,*] 36 79
[36,*] 35 79
;
param e:
	33	34	35	36	37	38	39:=
11		1		0		0		0		0		0		0	
12		0		0		1		0		0		1		0	
13		1		0		0		0		1		0		0	
14		0		0		0		1		0		0		0	
15		0		0		0		0		1		0		0	
16		0		0		1		0		0		0		0	
17		0		0		0		0		1		0		0	
18		1		0		0		1		1		0		0	
19		0		1		0		0		0		1		0	
20		0		0		1		0		0		0		0	
21		1		0		0		1		0		0		0	
22		1		0		0		0		1		1		0	
23		1		0		0		1		0		0		0	
24		1		0		0		0		1		0		0	
25		0		0		0		0		0		1		0	
26		1		0		0		0		1		0		0	
27		0		1		0		0		0		0		0	
28		1		0		0		0		1		0		0	
29		1		0		0		1		1		0		0	
30		0		1		0		0		0		0		1	
31		0		0		0		0		0		0		1	
32		1		0		0		1		1		0		0	
;
param p:=
1	1
2	1
3	1
4	1
5	1
6	1
;
param G:=
33	77
34	70
35	70
36	79
37	70
38	95
39	100
;
param s:=
0	0
1	10
2	10
3	10
4	10
5	10
6	10
7	10
8	10
9	10
10	10
22	10
23	10
24	10
25	10
26	10
27	10
28	10
29	10
30	10
31	10
32	10
33	10
34	10
35	10
36	10
37	10
38	10
39	10
;
param t:
	0	1	2	3	4	5	6	7	8	9	10	11	12	13	14	15	16	17	18	19	20	21	22	23	24	25	26	27	28	29	30	31	32	33	34	35	36	37	38	39	40:=
0	0.0	5.83	9.43	14.04	12.73	21.47	24.7	23.35	28.02	26.4	37.54	41.48	42.45	60.8	43.01	59.17	55.15	61.07	30.08	31.06	57.72	68.35	56.61	31.02	34.66	49.34	64.64	36.36	71.85	61.91	39.66	35.47	36.67	64.88	18.36	61.98	58.25	71.4	41.63	20.63	0.0
1	5.83	0.0	11.18	19.42	15.23	16.76	28.64	21.93	33.84	32.2	32.02	47.13	44.41	66.61	45.65	64.35	56.32	66.6	35.85	29.0	61.98	72.12	62.01	36.77	40.31	53.85	70.46	30.53	77.67	67.74	34.48	34.99	42.49	70.71	12.53	63.56	62.65	77.2	42.72	16.55	5.83
2	9.43	11.18	0.0	12.73	4.12	18.6	18.03	15.03	30.0	26.87	36.06	39.82	51.55	62.23	34.48	64.08	64.47	64.66	29.83	39.82	64.63	61.13	60.83	30.61	38.08	55.9	65.8	37.64	72.92	62.48	36.8	26.25	36.88	65.0	21.02	71.17	52.15	72.84	50.99	16.5	9.43
3	14.04	19.42	12.73	0.0	11.18	31.24	13.45	26.0	17.49	14.14	48.6	27.86	47.17	49.5	33.42	52.5	61.03	52.35	17.2	43.08	55.0	55.9	48.85	18.03	26.0	46.01	53.08	49.24	60.21	49.82	49.52	34.01	24.21	52.43	31.62	66.73	44.92	60.11	48.27	29.23	14.04
4	12.73	15.23	4.12	11.18	0.0	21.47	14.0	14.87	28.65	25.0	38.95	36.89	53.85	60.21	30.53	63.57	67.08	63.53	27.59	43.6	65.19	57.01	60.01	28.28	37.16	56.32	63.66	41.23	70.71	60.14	39.2	24.33	34.66	62.48	25.0	73.54	48.09	70.77	53.71	19.01	12.73
5	21.47	16.76	18.6	31.24	21.47	0.0	34.48	14.56	48.1	45.34	17.49	58.31	60.01	80.66	45.4	80.62	70.86	82.2	48.41	39.4	78.75	74.17	77.94	49.2	55.61	70.58	84.29	21.0	91.44	81.06	18.44	26.93	55.44	83.6	11.66	78.52	67.36	91.29	57.43	3.14	21.47
6	24.7	28.64	18.03	13.45	14.0	34.48	0.0	23.6	25.0	20.02	51.62	26.25	60.46	51.97	20.0	60.41	74.4	58.24	20.62	55.47	65.62	43.66	55.9	20.88	34.01	56.57	54.92	54.92	61.61	50.8	51.0	26.0	26.93	52.5	39.0	79.92	34.13	62.13	61.72	31.66	24.7
7	23.35	21.93	15.03	26.0	14.87	14.56	23.6	0.0	43.38	39.45	29.43	49.52	65.73	74.2	31.06	78.43	78.11	78.26	41.62	50.0	79.63	60.01	74.85	42.2	52.0	70.86	77.47	35.23	84.39	73.66	27.86	13.45	48.6	75.66	24.41	85.16	54.13	84.65	64.51	11.45	23.35
8	28.02	33.84	30.0	17.49	28.65	48.1	25.0	43.38	0.0	5.1	65.12	17.72	42.2	32.8	42.72	35.69	56.22	34.89	7.07	49.01	41.0	57.28	31.62	7.81	9.06	32.02	36.62	64.35	43.83	34.0	66.53	50.01	10.0	37.16	46.32	60.11	44.05	43.42	45.65	46.36	28.02
9	26.4	32.2	26.87	14.14	25.0	45.34	20.02	39.45	5.1	0.0	62.63	16.0	46.1	35.36	37.64	40.45	60.21	39.0	4.0	50.36	46.1	53.15	36.14	5.0	14.0	37.11	38.95	62.65	46.1	35.81	63.66	45.35	10.3	38.59	44.72	64.44	40.22	45.97	49.09	43.37	26.4
10	37.54	32.02	36.06	48.6	38.95	17.49	51.62	29.43	65.12	62.63	0.0	75.8	70.41	97.84	60.07	96.26	79.1	98.6	65.8	45.01	92.61	89.09	94.02	66.61	72.18	85.0	101.53	10.82	108.71	98.41	5.83	38.33	72.8	101.02	21.02	87.21	83.55	108.47	66.48	20.03	37.54
11	41.48	47.13	39.82	27.86	36.89	58.31	26.25	49.52	17.72	16.0	75.8	0.0	59.17	26.57	36.35	41.23	72.95	36.01	12.0	66.27	51.97	42.44	35.69	11.0	21.26	43.83	29.07	77.08	35.51	24.7	76.03	51.62	8.6	26.25	59.46	76.06	28.6	36.24	63.07	55.91	41.48
12	42.45	44.41	51.55	47.17	53.85	60.01	60.46	65.73	42.2	46.1	70.41	59.17	0.0	60.21	80.45	42.2	14.14	50.36	49.2	28.3	29.15	99.25	44.28	50.0	38.48	26.68	64.12	63.25	70.0	64.63	74.81	77.79	50.61	68.73	50.25	19.7	86.21	68.03	6.71	60.58	42.45
13	60.8	66.61	62.23	49.5	60.21	80.66	51.97	74.2	32.8	35.36	97.84	26.57	60.21	0.0	62.59	24.21	71.59	14.87	32.65	77.37	40.31	61.85	18.87	32.02	27.31	35.74	4.12	97.08	11.18	5.66	99.01	77.83	25.61	9.43	79.06	71.78	48.66	10.63	66.03	78.73	60.8
14	43.01	45.65	34.48	33.42	30.53	45.4	20.0	31.06	42.72	37.64	60.07	36.35	80.45	62.59	0.0	76.16	94.4	72.11	36.67	74.06	83.68	29.02	71.03	36.5	51.2	74.73	64.56	66.27	70.23	59.77	57.56	23.41	41.05	60.17	53.45	99.86	25.55	71.47	81.69	42.26	43.01
15	59.17	64.35	64.08	52.5	63.57	80.62	60.41	78.43	35.69	40.45	96.26	41.23	42.2	24.21	76.16	0.0	51.0	9.85	40.05	65.51	16.76	82.35	5.83	40.01	26.68	15.52	26.93	92.85	30.68	29.83	98.79	85.7	35.13	33.6	75.6	49.65	68.54	28.16	48.76	79.52	59.17
16	55.15	56.32	64.47	61.03	67.08	70.86	74.4	78.11	56.22	60.21	79.1	72.95	14.14	71.59	94.4	51.0	0.0	60.13	63.25	34.37	35.36	113.36	54.23	64.03	51.97	36.22	75.31	70.71	80.62	76.4	84.01	90.62	64.35	80.52	60.21	8.25	100.26	78.41	13.6	71.84	55.15
17	61.07	66.6	64.66	52.35	63.53	82.2	58.24	78.26	34.89	39.0	98.6	36.01	50.36	14.87	72.11	9.85	60.13	0.0	37.64	71.59	26.57	75.27	6.08	37.36	26.63	24.0	17.2	96.21	20.88	20.52	100.6	84.12	31.58	24.08	78.49	59.23	61.68	18.44	56.72	80.75	61.07
18	30.08	35.85	29.83	17.2	27.59	48.41	20.62	41.62	7.07	4.0	65.8	12.0	49.2	32.65	36.67	40.05	63.25	37.64	0.0	54.33	47.13	50.21	35.36	1.0	14.56	38.28	36.07	66.19	43.14	32.65	66.6	46.49	7.07	35.23	48.33	67.18	37.01	43.19	52.48	46.3	30.08
19	31.06	29.0	39.82	43.08	43.6	39.4	55.47	50.0	49.01	50.36	45.01	66.27	28.3	77.37	74.06	65.51	34.37	71.59	54.33	0.0	55.87	98.9	65.74	55.33	50.64	50.8	81.49	36.35	88.32	80.41	50.16	63.41	59.01	84.17	27.86	42.58	87.92	86.98	22.85	41.15	31.06
20	57.72	61.98	64.63	55.0	65.19	78.75	65.62	79.63	41.0	46.1	92.61	51.97	29.15	40.31	83.68	16.76	35.36	26.57	47.13	55.87	0.0	94.34	21.47	47.43	32.57	9.06	43.38	87.46	47.43	45.79	96.01	89.01	44.28	49.74	71.59	33.14	80.45	44.92	35.85	78.28	57.72
21	68.35	72.12	61.13	55.9	57.01	74.17	43.66	60.01	57.28	53.15	89.09	42.44	99.25	61.85	29.02	82.35	113.36	75.27	50.21	98.9	94.34	0.0	76.56	49.5	63.25	86.27	61.98	95.13	65.19	57.07	86.47	51.79	50.61	55.44	81.39	117.38	13.89	67.36	102.0	71.04	68.35
22	56.61	62.01	60.83	48.85	60.01	77.94	55.9	74.85	31.62	36.14	94.02	35.69	44.28	18.87	71.03	5.83	54.23	6.08	35.36	65.74	21.47	76.56	0.0	35.23	22.85	18.03	21.93	91.22	26.48	24.41	96.26	81.49	30.0	28.3	73.66	53.6	62.77	24.19	50.64	76.64	56.61
23	31.02	36.77	30.61	18.03	28.28	49.2	20.88	42.2	7.81	5.0	66.61	11.0	50.0	32.02	36.5	40.01	64.03	37.36	1.0	55.33	47.43	49.5	35.23	0.0	14.87	38.63	35.38	67.08	42.43	31.89	67.36	46.82	6.4	34.41	49.24	67.88	36.24	42.52	53.34	47.06	31.02
24	34.66	40.31	38.08	26.0	37.16	55.61	34.01	52.0	9.06	14.0	72.18	21.26	38.48	27.31	51.2	26.68	51.97	26.63	14.56	50.64	32.57	63.25	22.85	14.87	0.0	23.77	31.38	70.43	38.48	29.83	74.03	59.03	12.73	33.54	52.5	54.82	49.58	37.59	43.01	54.12	34.66
25	49.34	53.85	55.9	46.01	56.32	70.58	56.57	70.86	32.02	37.11	85.0	43.83	26.68	35.74	74.73	15.52	36.22	24.0	38.28	50.8	9.06	86.27	18.03	38.63	23.77	0.0	39.29	80.45	44.41	40.85	88.14	80.02	35.85	44.94	64.01	36.06	72.42	42.19	33.24	69.96	49.34
26	64.64	70.46	65.8	53.08	63.66	84.29	54.92	77.47	36.62	38.95	101.53	29.07	64.12	4.12	64.56	26.93	75.31	17.2	36.07	81.49	43.38	61.98	21.93	35.38	31.38	39.29	0.0	100.96	7.21	5.0	102.59	80.62	29.0	7.21	82.93	75.29	49.16	7.21	70.01	82.3	64.64
27	36.36	30.53	37.64	49.24	41.23	21.0	54.92	35.23	64.35	62.65	10.82	77.08	63.25	97.08	66.27	92.85	70.71	96.21	66.19	36.35	87.46	95.13	91.22	67.08	70.43	80.45	100.96	0.0	108.17	98.27	16.64	46.17	72.95	101.21	18.03	78.92	88.28	107.65	58.69	24.12	36.36
28	71.85	77.67	72.92	60.21	70.71	91.44	61.61	84.39	43.83	46.1	108.71	35.51	70.0	11.18	70.23	30.68	80.62	20.88	43.14	88.32	47.43	65.19	26.48	42.43	38.48	44.41	7.21	108.17	0.0	10.82	109.71	87.13	36.07	10.2	90.14	80.05	53.04	2.83	76.06	89.41	71.85
29	61.91	67.74	62.48	49.82	60.14	81.06	50.8	73.66	34.0	35.81	98.41	24.7	64.63	5.66	59.77	29.83	76.4	20.52	32.65	80.41	45.79	57.07	24.41	31.89	29.83	40.85	5.0	98.27	10.82	0.0	99.25	76.32	25.61	4.12	80.26	76.9	44.18	11.7	70.26	78.95	61.91
30	39.66	34.48	36.8	49.52	39.2	18.44	51.0	27.86	66.53	63.66	5.83	76.03	74.81	99.01	57.56	98.79	84.01	100.6	66.6	50.16	96.01	86.47	96.26	67.36	74.03	88.14	102.59	16.64	109.71	99.25	0.0	35.0	73.66	101.67	24.74	92.05	81.74	109.62	71.18	20.3	39.66
31	35.47	34.99	26.25	34.01	24.33	26.93	26.0	13.45	50.01	45.35	38.33	51.62	77.79	77.83	23.41	85.7	90.62	84.12	46.49	63.41	89.01	51.79	81.49	46.82	59.03	80.02	80.62	46.17	87.13	76.32	35.0	0.0	52.92	77.67	37.64	97.41	48.75	87.82	77.08	24.07	35.47
32	36.67	42.49	36.88	24.21	34.66	55.44	26.93	48.6	10.0	10.3	72.8	8.6	50.61	25.61	41.05	35.13	64.35	31.58	7.07	59.01	44.28	50.61	30.0	6.4	12.73	35.85	29.0	72.95	36.07	25.61	73.66	52.92	0.0	28.3	55.01	67.48	36.88	36.12	54.63	53.36	36.67
33	64.88	70.71	65.0	52.43	62.48	83.6	52.5	75.66	37.16	38.59	101.02	26.25	68.73	9.43	60.17	33.6	80.52	24.08	35.23	84.17	49.74	55.44	28.3	34.41	33.54	44.94	7.21	101.21	10.2	4.12	101.67	77.67	28.3	0.0	83.24	80.99	43.0	12.0	74.33	81.4	64.88
34	18.36	12.53	21.02	31.62	25.0	11.66	39.0	24.41	46.32	44.72	21.02	59.46	50.25	79.06	53.45	75.6	60.21	78.49	48.33	27.86	71.59	81.39	73.66	49.24	52.5	64.01	82.93	18.03	90.14	80.26	24.74	37.64	55.01	83.24	0.0	68.07	73.06	89.63	47.01	13.86	18.36
35	61.98	63.56	71.17	66.73	73.54	78.52	79.92	85.16	60.11	64.44	87.21	76.06	19.7	71.78	99.86	49.65	8.25	59.23	67.18	42.58	33.14	117.38	53.6	67.88	54.82	36.06	75.29	78.92	80.05	76.9	92.05	97.41	67.48	80.99	68.07	0.0	104.0	77.67	21.1	79.37	61.98
36	58.25	62.65	52.15	44.92	48.09	67.36	34.13	54.13	44.05	40.22	83.55	28.6	86.21	48.66	25.55	68.54	100.26	61.68	37.01	87.92	80.45	13.89	62.77	36.24	49.58	72.42	49.16	88.28	53.04	44.18	81.74	48.75	36.88	43.0	73.06	104.0	0.0	55.0	89.31	64.32	58.25
37	71.4	77.2	72.84	60.11	70.77	91.29	62.13	84.65	43.42	45.97	108.47	36.24	68.03	10.63	71.47	28.16	78.41	18.44	43.19	86.98	44.92	67.36	24.19	42.52	37.59	42.19	7.21	107.65	2.83	11.7	109.62	87.82	36.12	12.0	89.63	77.67	55.0	0.0	74.17	89.34	71.4
38	41.63	42.72	50.99	48.27	53.71	57.43	61.72	64.51	45.65	49.09	66.48	63.07	6.71	66.03	81.69	48.76	13.6	56.72	52.48	22.85	35.85	102.0	50.64	53.34	43.01	33.24	70.01	58.69	76.06	70.26	71.18	77.08	54.63	74.33	47.01	21.1	89.31	74.17	0.0	58.33	41.63
39	20.63	16.55	16.5	29.23	19.01	3.14	31.66	11.45	46.36	43.37	20.03	55.91	60.58	78.73	42.26	79.52	71.84	80.75	46.3	41.15	78.28	71.04	76.64	47.06	54.12	69.96	82.3	24.12	89.41	78.95	20.3	24.07	53.36	81.4	13.86	79.37	64.32	89.34	58.33	0.0	20.63
;
