vehicles
vehicle_idx, capacity, cost_per_unit_distance
1,100,1
2,100,1
3,100,1
4,100,1
5,100,1
6,100,1
depot
node_idx,x,y
0,86,22
home delivery customers
node_idx,x,y,service_time,demand
1,75,24,10,13
2,94,28,10,18
3,87,38,10,17
4,84,38,10,12
5,96,7,10,18
6,84,2,10,21
7,66,34,10,8
8,67,37,10,5
9,62,15,10,18
10,47,17,10,5
11,25,13,10,23
12,54,39,10,14
self pickup customers
node_idx,x,y,service_time,demand,locker_idxs
13,25,94,10,2,40
14,68,89,10,21,37-41
15,16,36,10,8,38
16,19,83,10,12,40-37-41
17,42,76,10,19,40-37-41
18,63,57,10,26,37-41-43
19,1,57,10,3,40-38
20,100,77,10,8,41
21,82,72,10,4,41
22,46,39,10,10,38-42-43
23,21,54,10,19,40
24,34,3,10,20,38-42-43
flexible customers
node_idx,x,y,service_time,demand,locker_idxs
25,13,7,10,7,38-42
26,40,86,10,16,40-37-41
27,19,45,10,19,38-40
28,47,38,10,21,38-42-43
29,1,82,10,9,40
30,41,59,10,20,40
31,4,50,10,23,38-40
32,57,82,10,26,37
33,61,85,10,19,37-41
34,51,38,10,19,43
35,83,74,10,66,41
36,29,17,10,1,38-42-43
lockers
node_idx,x,y,service_time,capacity,cost_per_unit_good
37,65,88,10,100
38,25,15,10,92
39,93,12,10,85
40,22,88,10,86
41,77,88,10,92
42,72,14,10,79
43,79.44444444444444,24.77777777777778,10,81
mrt lines
start_node_idx,end_node_idx,freight_capacity,cost_per_unit_good
distance matrix
,0,1,2,3,4,5,6,7,8,9,10,11,12,13,14,15,16,17,18,19,20,21,22,23,24,25,26,27,28,29,30,31,32,33,34,35,36,37,38,39,40,41,42,43,
0,0.0,11.18,10.0,16.03,16.12,18.03,20.1,23.32,24.21,25.0,39.32,61.66,36.24,94.37,69.38,71.39,90.61,69.66,41.88,91.92,56.75,50.16,43.46,72.45,55.36,74.53,78.82,70.84,42.15,104.04,58.26,86.65,66.64,67.78,38.48,52.09,57.22,69.26,61.4,12.21,91.93,66.61,16.12,7.12
1,11.18,0.0,19.42,18.44,16.64,27.02,23.77,13.45,15.26,15.81,28.86,51.2,25.81,86.02,65.38,60.21,81.34,61.59,35.11,81.02,58.6,48.51,32.65,61.77,46.07,64.29,71.2,59.81,31.3,94.02,48.8,75.61,60.73,62.59,27.78,50.64,46.53,64.78,50.8,21.63,83.1,64.03,10.44,4.51
2,10.0,19.42,0.0,12.21,14.14,21.1,27.86,28.64,28.46,34.54,48.27,70.61,41.48,95.48,66.31,78.41,93.01,70.77,42.45,97.42,49.37,45.61,49.24,77.49,65.0,83.68,79.25,76.9,48.05,107.54,61.4,92.65,65.46,65.86,44.15,47.3,65.92,66.64,70.21,16.03,93.72,62.36,26.08,14.91
3,16.03,18.44,12.21,0.0,3.0,32.28,36.12,21.38,20.02,33.97,45.18,66.85,33.02,83.55,54.42,71.03,81.54,58.9,30.61,88.07,41.11,34.37,41.01,67.91,63.51,80.23,67.18,68.36,40.0,96.6,50.57,83.86,53.25,53.71,36.0,36.22,61.68,54.63,66.13,26.68,82.01,50.99,28.3,15.23
4,16.12,16.64,14.14,3.0,0.0,33.24,36.0,18.44,17.03,31.83,42.54,64.08,30.02,81.34,53.45,68.03,79.06,56.64,28.32,85.15,42.15,34.06,38.01,65.0,61.03,77.47,65.12,65.38,37.0,93.94,47.85,80.89,51.62,52.33,33.0,36.01,58.87,53.49,63.32,27.51,79.65,50.49,26.83,13.99
5,18.03,27.02,21.1,32.28,33.24,0.0,13.0,40.36,41.73,34.93,50.01,71.25,52.8,112.29,86.65,85.09,108.19,87.62,59.91,107.35,70.11,66.49,59.36,88.51,62.13,83.0,96.83,85.87,57.98,121.04,75.69,101.55,84.53,85.49,54.64,68.25,67.74,86.73,71.45,5.83,109.71,83.2,25.0,24.29
6,20.1,23.77,27.86,36.12,36.0,13.0,0.0,36.72,38.91,25.55,39.92,60.02,47.63,109.29,88.46,76.03,103.86,85.09,58.87,99.57,76.69,70.03,53.04,81.69,50.01,71.18,94.83,77.94,51.62,115.28,71.4,93.3,84.43,86.13,48.84,72.01,57.01,88.07,60.42,13.45,106.02,86.28,16.97,23.23
7,23.32,13.45,28.64,21.38,18.44,40.36,36.72,0.0,3.16,19.42,25.5,46.07,13.0,72.67,55.04,50.04,67.9,48.37,23.19,68.95,54.82,41.23,20.62,49.24,44.55,59.48,58.14,48.27,19.42,80.8,35.36,64.03,48.84,51.24,15.52,43.46,40.72,54.01,45.19,34.83,69.66,55.11,20.88,16.3
8,24.21,15.26,28.46,20.02,17.03,41.73,38.91,3.16,0.0,22.56,28.28,48.37,13.15,70.8,52.01,51.01,66.48,46.32,20.4,68.96,51.86,38.08,21.1,49.04,47.38,61.77,55.95,48.66,20.02,79.88,34.06,64.33,46.1,48.37,16.03,40.31,42.94,51.04,47.41,36.07,68.01,51.97,23.54,17.44
9,25.0,15.81,34.54,33.97,31.83,34.93,25.55,19.42,22.56,0.0,15.13,37.05,25.3,87.24,74.24,50.57,80.45,64.2,42.01,74.06,72.72,60.41,28.84,56.59,30.46,49.65,74.33,52.43,27.46,90.61,48.75,67.74,67.19,70.01,25.5,62.63,33.06,73.06,37.0,31.14,83.24,74.53,10.05,20.0
10,39.32,28.86,48.27,45.18,42.54,50.01,39.92,25.5,28.28,15.13,0.0,22.36,23.09,80.08,75.0,36.36,71.69,59.21,43.08,60.96,80.06,65.19,22.02,45.22,19.1,35.44,69.35,39.6,21.0,79.63,42.43,54.2,65.76,69.43,21.38,67.42,18.0,73.25,22.09,46.27,75.27,77.08,25.18,33.36
11,61.66,51.2,70.61,66.85,64.08,71.25,60.02,46.07,48.37,37.05,22.36,0.0,38.95,81.0,87.32,24.7,70.26,65.25,58.14,50.12,98.6,82.04,33.42,41.19,13.45,13.42,74.53,32.56,33.3,73.05,48.7,42.54,76.06,80.5,36.07,84.17,5.66,85.0,2.0,68.01,75.06,91.26,47.01,55.7
12,36.24,25.81,41.48,33.02,30.02,52.8,47.63,13.0,13.15,25.3,23.09,38.95,0.0,62.18,51.92,38.12,56.22,38.9,20.12,55.97,59.67,43.28,8.0,36.25,41.18,52.01,49.04,35.51,7.07,68.25,23.85,51.2,43.1,46.53,3.16,45.45,33.3,50.22,37.64,47.43,58.52,54.13,30.81,29.15
13,94.37,86.02,95.48,83.55,81.34,112.29,109.29,72.67,70.8,87.24,80.08,81.0,62.18,0.0,43.29,58.69,12.53,24.76,53.04,44.1,76.9,61.1,58.87,40.2,91.44,87.82,17.0,49.37,60.17,26.83,38.48,48.75,34.18,37.11,61.74,61.35,77.1,40.45,79.0,106.53,6.71,52.35,92.78,88.07
14,69.38,65.38,66.31,54.42,53.45,86.65,88.46,55.04,52.01,74.24,75.0,87.32,51.92,43.29,0.0,74.25,49.37,29.07,32.39,74.25,34.18,22.02,54.63,58.6,92.48,98.74,28.16,65.86,55.15,67.36,40.36,74.95,13.04,8.06,53.76,21.21,81.88,3.16,85.59,80.96,46.01,9.06,75.11,65.23
15,71.39,60.21,78.41,71.03,68.03,85.09,76.03,50.04,51.01,50.57,36.36,24.7,38.12,58.69,74.25,0.0,47.1,47.71,51.48,25.81,93.47,75.18,30.15,18.68,37.59,29.15,55.46,9.49,31.06,48.38,33.97,18.44,61.62,66.53,35.06,77.03,23.02,71.45,22.85,80.65,52.35,80.16,60.17,64.43
16,90.61,81.34,93.01,81.54,79.06,108.19,103.86,67.9,66.48,80.45,71.69,70.26,56.22,12.53,49.37,47.1,0.0,24.04,51.11,31.62,81.22,63.95,51.62,29.07,81.39,76.24,21.21,38.0,53.0,18.03,32.56,36.25,38.01,42.05,55.22,64.63,66.75,46.27,68.26,102.55,5.83,58.22,87.01,83.92
17,69.66,61.59,70.77,58.9,56.64,87.62,85.09,48.37,46.32,64.2,59.21,65.25,38.9,24.76,29.07,47.71,24.04,0.0,28.32,45.19,58.01,40.2,37.22,30.41,73.44,74.85,10.2,38.6,38.33,41.44,17.03,46.04,16.16,21.02,39.05,41.05,60.42,25.94,63.32,81.84,23.32,37.0,68.88,63.45
18,41.88,35.11,42.45,30.61,28.32,59.91,58.87,23.19,20.4,42.01,43.08,58.14,20.12,53.04,32.39,51.48,51.11,28.32,0.0,62.0,42.06,24.21,24.76,42.11,61.29,70.71,37.01,45.61,24.84,66.85,22.09,59.41,25.71,28.07,22.47,26.25,52.5,31.06,56.64,54.08,51.4,34.01,43.93,36.18
19,91.92,81.02,97.42,88.07,85.15,107.35,99.57,68.95,68.96,74.06,60.96,50.12,55.97,44.1,74.25,25.81,31.62,45.19,62.0,0.0,101.0,82.38,48.47,20.22,63.29,51.42,48.6,21.63,49.77,25.0,40.05,7.62,61.33,66.21,53.49,83.74,48.83,71.11,48.37,102.42,37.44,82.08,83.01,84.8
20,56.75,58.6,49.37,41.11,42.15,70.11,76.69,54.82,51.86,72.72,80.06,98.6,59.67,76.9,34.18,93.47,81.22,58.01,42.06,101.0,0.0,18.68,66.03,82.28,99.16,111.66,60.67,87.09,65.8,99.13,61.68,99.72,43.29,39.81,62.63,17.26,92.96,36.69,97.31,65.38,78.77,25.5,68.94,56.12
21,50.16,48.51,45.61,34.37,34.06,66.49,70.03,41.23,38.08,60.41,65.19,82.04,43.28,61.1,22.02,75.18,63.95,40.2,24.21,82.38,18.68,0.0,48.84,63.6,84.05,94.79,44.27,68.54,48.8,81.61,43.01,81.04,26.93,24.7,46.01,2.24,76.38,23.35,80.61,61.0,62.1,16.76,58.86,47.29
22,43.46,32.65,49.24,41.01,38.01,59.36,53.04,20.62,21.1,28.84,22.02,33.42,8.0,58.87,54.63,30.15,51.62,37.22,24.76,48.47,66.03,48.84,0.0,29.15,37.95,45.97,47.38,27.66,1.41,62.24,20.62,43.42,44.38,48.38,5.1,50.93,27.8,52.55,31.89,54.2,54.56,57.98,36.07,36.34
23,72.45,61.77,77.49,67.91,65.0,88.51,81.69,49.24,49.04,56.59,45.22,41.19,36.25,40.2,58.6,18.68,29.07,30.41,42.11,20.22,82.28,63.6,29.15,0.0,52.63,47.68,37.22,9.22,30.53,34.41,20.62,17.46,45.61,50.61,34.0,65.15,37.85,55.61,39.2,83.35,34.01,65.51,64.82,65.34
24,55.36,46.07,65.0,63.51,61.03,62.13,50.01,44.55,47.38,30.46,19.1,13.45,41.18,91.44,92.48,37.59,81.39,73.44,61.29,63.29,99.16,84.05,37.95,52.63,0.0,21.38,83.22,44.6,37.34,85.62,56.44,55.76,82.28,86.33,38.91,86.27,14.87,90.48,15.0,59.68,85.84,95.26,39.56,50.39
25,74.53,64.29,83.68,80.23,77.47,83.0,71.18,59.48,61.77,49.65,35.44,13.42,52.01,87.82,98.74,29.15,76.24,74.85,70.71,51.42,111.66,94.79,45.97,47.68,21.38,0.0,83.49,38.47,46.01,75.95,59.06,43.93,86.95,91.59,49.04,96.9,18.87,96.25,14.42,80.16,81.5,103.23,59.41,68.78
26,78.82,71.2,79.25,67.18,65.12,96.83,94.83,58.14,55.95,74.33,69.35,74.53,49.04,17.0,28.16,55.46,21.21,10.2,37.01,48.6,60.67,44.27,47.38,37.22,83.22,83.49,0.0,46.07,48.51,39.2,27.02,50.91,17.46,21.02,49.24,44.64,69.87,25.08,72.57,91.02,18.11,37.05,78.79,72.83
27,70.84,59.81,76.9,68.36,65.38,85.87,77.94,48.27,48.66,52.43,39.6,32.56,35.51,49.37,65.86,9.49,38.0,38.6,45.61,21.63,87.09,68.54,27.66,9.22,44.6,38.47,46.07,0.0,28.86,41.15,26.08,15.81,53.04,58.0,32.76,70.26,29.73,62.97,30.59,81.02,43.1,72.2,61.4,63.74
28,42.15,31.3,48.05,40.0,37.0,57.98,51.62,19.42,20.02,27.46,21.0,33.3,7.07,60.17,55.15,31.06,53.0,38.33,24.84,49.77,65.8,48.8,1.41,30.53,37.34,46.01,48.51,28.86,0.0,63.66,21.84,44.64,45.12,49.04,4.0,50.91,27.66,53.14,31.83,52.84,55.9,58.31,34.66,35.04
29,104.04,94.02,107.54,96.6,93.94,121.04,115.28,80.8,79.88,90.61,79.63,73.05,68.25,26.83,67.36,48.38,18.03,41.44,66.85,25.0,99.13,81.61,62.24,34.41,85.62,75.95,39.2,41.15,63.66,0.0,46.14,32.14,56.0,60.07,66.6,82.39,70.77,64.28,71.17,115.6,21.84,76.24,98.31,97.1
30,58.26,48.8,61.4,50.57,47.85,75.69,71.4,35.36,34.06,48.75,42.43,48.7,23.85,38.48,40.36,33.97,32.56,17.03,22.09,40.05,61.68,43.01,20.62,20.62,56.44,59.06,27.02,26.08,21.84,46.14,0.0,38.08,28.02,32.8,23.26,44.6,43.68,37.64,46.82,70.09,34.67,46.23,54.64,51.47
31,86.65,75.61,92.65,83.86,80.89,101.55,93.3,64.03,64.33,67.74,54.2,42.54,51.2,48.75,74.95,18.44,36.25,46.04,59.41,7.62,99.72,81.04,43.42,17.46,55.76,43.93,50.91,15.81,44.64,32.14,38.08,0.0,61.91,66.89,48.51,82.57,41.4,71.87,40.82,96.77,42.05,82.3,76.94,79.55
32,66.64,60.73,65.46,53.25,51.62,84.53,84.43,48.84,46.1,67.19,65.76,76.06,43.1,34.18,13.04,61.62,38.01,16.16,25.71,61.33,43.29,26.93,44.38,45.61,82.28,86.95,17.46,53.04,45.12,56.0,28.02,61.91,0.0,5.0,44.41,27.2,70.77,10.0,74.25,78.71,35.51,20.88,69.63,61.47
33,67.78,62.59,65.86,53.71,52.33,85.49,86.13,51.24,48.37,70.01,69.43,80.5,46.53,37.11,8.06,66.53,42.05,21.02,28.07,66.21,39.81,24.7,48.38,50.61,86.33,91.59,21.02,58.0,49.04,60.07,32.8,66.89,5.0,0.0,48.05,24.6,75.15,5.0,78.71,79.71,39.12,16.28,71.85,62.98
34,38.48,27.78,44.15,36.0,33.0,54.64,48.84,15.52,16.03,25.5,21.38,36.07,3.16,61.74,53.76,35.06,55.22,39.05,22.47,53.49,62.63,46.01,5.1,34.0,38.91,49.04,49.24,32.76,4.0,66.6,23.26,48.51,44.41,48.05,0.0,48.17,30.41,51.92,34.71,49.4,57.8,56.36,31.89,31.37
35,52.09,50.64,47.3,36.22,36.01,68.25,72.01,43.46,40.31,62.63,67.42,84.17,45.45,61.35,21.21,77.03,64.63,41.05,26.25,83.74,17.26,2.24,50.93,65.15,86.27,96.9,44.64,70.26,50.91,82.39,44.6,82.57,27.2,24.6,48.17,0.0,78.52,22.8,82.73,62.8,62.59,15.23,61.0,49.35
36,57.22,46.53,65.92,61.68,58.87,67.74,57.01,40.72,42.94,33.06,18.0,5.66,33.3,77.1,81.88,23.02,66.75,60.42,52.5,48.83,92.96,76.38,27.8,37.85,14.87,18.87,69.87,29.73,27.66,70.77,43.68,41.4,70.77,75.15,30.41,78.52,0.0,79.61,4.47,64.2,71.34,85.7,43.1,51.04
37,69.26,64.78,66.64,54.63,53.49,86.73,88.07,54.01,51.04,73.06,73.25,85.0,50.22,40.45,3.16,71.45,46.27,25.94,31.06,71.11,36.69,23.35,52.55,55.61,90.48,96.25,25.08,62.97,53.14,64.28,37.64,71.87,10.0,5.0,51.92,22.8,79.61,0.0,83.24,80.99,43.0,12.0,74.33,64.85
38,61.4,50.8,70.21,66.13,63.32,71.45,60.42,45.19,47.41,37.0,22.09,2.0,37.64,79.0,85.59,22.85,68.26,63.32,56.64,48.37,97.31,80.61,31.89,39.2,15.0,14.42,72.57,30.59,31.83,71.17,46.82,40.82,74.25,78.71,34.71,82.73,4.47,83.24,0.0,68.07,73.06,89.63,47.01,55.32
39,12.21,21.63,16.03,26.68,27.51,5.83,13.45,34.83,36.07,31.14,46.27,68.01,47.43,106.53,80.96,80.65,102.55,81.84,54.08,102.42,65.38,61.0,54.2,83.35,59.68,80.16,91.02,81.02,52.84,115.6,70.09,96.77,78.71,79.71,49.4,62.8,64.2,80.99,68.07,0.0,104.0,77.67,21.1,18.63
40,91.93,83.1,93.72,82.01,79.65,109.71,106.02,69.66,68.01,83.24,75.27,75.06,58.52,6.71,46.01,52.35,5.83,23.32,51.4,37.44,78.77,62.1,54.56,34.01,85.84,81.5,18.11,43.1,55.9,21.84,34.67,42.05,35.51,39.12,57.8,62.59,71.34,43.0,73.06,104.0,0.0,55.0,89.31,85.42
41,66.61,64.03,62.36,50.99,50.49,83.2,86.28,55.11,51.97,74.53,77.08,91.26,54.13,52.35,9.06,80.16,58.22,37.0,34.01,82.08,25.5,16.76,57.98,65.51,95.26,103.23,37.05,72.2,58.31,76.24,46.23,82.3,20.88,16.28,56.36,15.23,85.7,12.0,89.63,77.67,55.0,0.0,74.17,63.27
42,16.12,10.44,26.08,28.3,26.83,25.0,16.97,20.88,23.54,10.05,25.18,47.01,30.81,92.78,75.11,60.17,87.01,68.88,43.93,83.01,68.94,58.86,36.07,64.82,39.56,59.41,78.79,61.4,34.66,98.31,54.64,76.94,69.63,71.85,31.89,61.0,43.1,74.33,47.01,21.1,89.31,74.17,0.0,13.1
43,7.12,4.51,14.91,15.23,13.99,24.29,23.23,16.3,17.44,20.0,33.36,55.7,29.15,88.07,65.23,64.43,83.92,63.45,36.18,84.8,56.12,47.29,36.34,65.34,50.39,68.78,72.83,63.74,35.04,97.1,51.47,79.55,61.47,62.98,31.37,49.35,51.04,64.85,55.32,18.63,85.42,63.27,13.1,0.0
