vehicles
vehicle_idx, capacity, cost_per_unit_distance
1,100,1
2,100,1
3,100,1
4,100,1
5,100,1
6,100,1
depot
node_idx,x,y
0,86,22
home delivery customers
node_idx,x,y,service_time,demand
1,29,17,10,1
2,25,13,10,23
3,13,7,10,7
4,62,15,10,18
5,19,45,10,19
6,25,94,10,2
7,63,57,10,26
8,54,39,10,14
9,47,17,10,5
10,1,82,10,9
11,96,7,10,18
12,57,82,10,26
self pickup customers
node_idx,x,y,service_time,demand,locker_idxs
13,4,50,10,23,44
14,84,38,10,12,45
15,34,3,10,20,38
16,42,76,10,19,40-37
17,61,85,10,19,46-37
18,21,54,10,19,43-40
19,82,72,10,4,46-41
20,100,77,10,8,41
21,1,57,10,3,40
22,68,89,10,21,37-41
23,51,38,10,19,43
24,83,74,10,66,46-41
flexible customers
node_idx,x,y,service_time,demand,locker_idxs
25,67,37,10,5,47-48-42
26,40,86,10,16,40-37
27,75,24,10,13,42-39
28,87,38,10,17,45
29,66,34,10,8,48-47
30,46,39,10,10,47-48-44-43
31,19,83,10,12,40
32,94,28,10,18,45-39
33,41,59,10,20,47-48-43-40
34,47,38,10,21,44-43-48-47
35,16,36,10,8,44
36,84,2,10,21,39-42
lockers
node_idx,x,y,service_time,capacity,cost_per_unit_good
37,65,88,10,91
38,25,15,10,72
39,93,12,10,73
40,22,88,10,95
41,77,88,10,86
42,72,14,10,92
43,43,49,10,99
44,36,28,10,82
45,98,24,10,98
46,68,76,10,98
47,60,52,10,73
48,55,51,10,93
mrt lines
start_node_idx,end_node_idx,freight_capacity,cost_per_unit_good
37,38,91,1.5
38,37,91,1.5
39,40,95,1.5
40,39,95,1.5
41,42,92,1.5
42,41,92,1.5
distance matrix
,0,1,2,3,4,5,6,7,8,9,10,11,12,13,14,15,16,17,18,19,20,21,22,23,24,25,26,27,28,29,30,31,32,33,34,35,36,37,38,39,40,41,42,43,44,45,46,47,48,
0,0.0,57.22,61.66,74.53,25.0,70.84,94.37,41.88,36.24,39.32,104.04,18.03,66.64,86.65,16.12,55.36,69.66,67.78,72.45,50.16,56.75,91.92,69.38,38.48,52.09,24.21,78.82,11.18,16.03,23.32,43.46,90.61,10.0,58.26,42.15,71.39,20.1,69.26,61.4,12.21,91.93,66.61,16.12,50.77,50.36,12.17,56.92,39.7,42.45
1,57.22,0.0,5.66,18.87,33.06,29.73,77.1,52.5,33.3,18.0,70.77,67.74,70.77,41.4,58.87,14.87,60.42,75.15,37.85,76.38,92.96,48.83,81.88,30.41,78.52,42.94,69.87,46.53,61.68,40.72,27.8,66.75,65.92,43.68,27.66,23.02,57.01,79.61,4.47,64.2,71.34,85.7,43.1,34.93,13.04,69.35,70.72,46.75,42.8
2,61.66,5.66,0.0,13.42,37.05,32.56,81.0,58.14,38.95,22.36,73.05,71.25,76.06,42.54,64.08,13.45,65.25,80.5,41.19,82.04,98.6,50.12,87.32,36.07,84.17,48.37,74.53,51.2,66.85,46.07,33.42,70.26,70.61,48.7,33.3,24.7,60.02,85.0,2.0,68.01,75.06,91.26,47.01,40.25,18.6,73.82,76.28,52.4,48.41
3,74.53,18.87,13.42,0.0,49.65,38.47,87.82,70.71,52.01,35.44,75.95,83.0,86.95,43.93,77.47,21.38,74.85,91.59,47.68,94.79,111.66,51.42,98.74,49.04,96.9,61.77,83.49,64.29,80.23,59.48,45.97,76.24,83.68,59.06,46.01,29.15,71.18,96.25,14.42,80.16,81.5,103.23,59.41,51.61,31.14,86.68,88.24,65.07,60.83
4,25.0,33.06,37.05,49.65,0.0,52.43,87.24,42.01,25.3,15.13,90.61,34.93,67.19,67.74,31.83,30.46,64.2,70.01,56.59,60.41,72.72,74.06,74.24,25.5,62.63,22.56,74.33,15.81,33.97,19.42,28.84,80.45,34.54,48.75,27.46,50.57,25.55,73.06,37.0,31.14,83.24,74.53,10.05,38.95,29.07,37.11,61.29,37.05,36.67
5,70.84,29.73,32.56,38.47,52.43,0.0,49.37,45.61,35.51,39.6,41.15,85.87,53.04,15.81,65.38,44.6,38.6,58.0,9.22,68.54,87.09,21.63,65.86,32.76,70.26,48.66,46.07,59.81,68.36,48.27,27.66,38.0,76.9,26.08,28.86,9.49,77.94,62.97,30.59,81.02,43.1,72.2,61.4,24.33,24.04,81.74,57.98,41.59,36.5
6,94.37,77.1,81.0,87.82,87.24,49.37,0.0,53.04,62.18,80.08,26.83,112.29,34.18,48.75,81.34,91.44,24.76,37.11,40.2,61.1,76.9,44.1,43.29,61.74,61.35,70.8,17.0,86.02,83.55,72.67,58.87,12.53,95.48,38.48,60.17,58.69,109.29,40.45,79.0,106.53,6.71,52.35,92.78,48.47,66.91,101.14,46.62,54.67,52.43
7,41.88,52.5,58.14,70.71,42.01,45.61,53.04,0.0,20.12,43.08,66.85,59.91,25.71,59.41,28.32,61.29,28.32,28.07,42.11,24.21,42.06,62.0,32.39,22.47,26.25,20.4,37.01,35.11,30.61,23.19,24.76,51.11,42.45,22.09,24.84,51.48,58.87,31.06,56.64,54.08,51.4,34.01,43.93,21.54,39.62,48.1,19.65,5.83,10.0
8,36.24,33.3,38.95,52.01,25.3,35.51,62.18,20.12,0.0,23.09,68.25,52.8,43.1,51.2,30.02,41.18,38.9,46.53,36.25,43.28,59.67,55.97,51.92,3.16,45.45,13.15,49.04,25.81,33.02,13.0,8.0,56.22,41.48,23.85,7.07,38.12,47.63,50.22,37.64,47.43,58.52,54.13,30.81,14.87,21.1,46.49,39.56,14.32,12.04
9,39.32,18.0,22.36,35.44,15.13,39.6,80.08,43.08,23.09,0.0,79.63,50.01,65.76,54.2,42.54,19.1,59.21,69.43,45.22,65.19,80.06,60.96,75.0,21.38,67.42,28.28,69.35,28.86,45.18,25.5,22.02,71.69,48.27,42.43,21.0,36.36,39.92,73.25,22.09,46.27,75.27,77.08,25.18,32.25,15.56,51.48,62.63,37.34,34.93
10,104.04,70.77,73.05,75.95,90.61,41.15,26.83,66.85,68.25,79.63,0.0,121.04,56.0,32.14,93.94,85.62,41.44,60.07,34.41,81.61,99.13,25.0,67.36,66.6,82.39,79.88,39.2,94.02,96.6,80.8,62.24,18.03,107.54,46.14,63.66,48.38,115.28,64.28,71.17,115.6,21.84,76.24,98.31,53.41,64.35,113.02,67.27,66.19,62.27
11,18.03,67.74,71.25,83.0,34.93,85.87,112.29,59.91,52.8,50.01,121.04,0.0,84.53,101.55,33.24,62.13,87.62,85.49,88.51,66.49,70.11,107.35,86.65,54.64,68.25,41.73,96.83,27.02,32.28,40.36,59.36,108.19,21.1,75.69,57.98,85.09,13.0,86.73,71.45,5.83,109.71,83.2,25.0,67.62,63.57,17.12,74.46,57.63,60.14
12,66.64,70.77,76.06,86.95,67.19,53.04,34.18,25.71,43.1,65.76,56.0,84.53,0.0,61.91,51.62,82.28,16.16,5.0,45.61,26.93,43.29,61.33,13.04,44.41,27.2,46.1,17.46,60.73,53.25,48.84,44.38,38.01,65.46,28.02,45.12,61.62,84.43,10.0,74.25,78.71,35.51,20.88,69.63,35.85,57.94,71.03,12.53,30.15,31.06
13,86.65,41.4,42.54,43.93,67.74,15.81,48.75,59.41,51.2,54.2,32.14,101.55,61.91,0.0,80.89,55.76,46.04,66.89,17.46,81.04,99.72,7.62,74.95,48.51,82.57,64.33,50.91,75.61,83.86,64.03,43.42,36.25,92.65,38.08,44.64,18.44,93.3,71.87,40.82,96.77,42.05,82.3,76.94,39.01,38.83,97.53,69.08,56.04,51.01
14,16.12,58.87,64.08,77.47,31.83,65.38,81.34,28.32,30.02,42.54,93.94,33.24,51.62,80.89,0.0,61.03,56.64,52.33,65.0,34.06,42.15,85.15,53.45,33.0,36.01,17.03,65.12,16.64,3.0,18.44,38.01,79.06,14.14,47.85,37.0,68.03,36.0,53.49,63.32,27.51,79.65,50.49,26.83,42.45,49.03,19.8,41.23,27.78,31.78
15,55.36,14.87,13.45,21.38,30.46,44.6,91.44,61.29,41.18,19.1,85.62,62.13,82.28,55.76,61.03,0.0,73.44,86.33,52.63,84.05,99.16,63.29,92.48,38.91,86.27,47.38,83.22,46.07,63.51,44.55,37.95,81.39,65.0,56.44,37.34,37.59,50.01,90.48,15.0,59.68,85.84,95.26,39.56,46.87,25.08,67.36,80.53,55.47,52.39
16,69.66,60.42,65.25,74.85,64.2,38.6,24.76,28.32,38.9,59.21,41.44,87.62,16.16,46.04,56.64,73.44,0.0,21.02,30.41,40.2,58.01,45.19,29.07,39.05,41.05,46.32,10.2,61.59,58.9,48.37,37.22,24.04,70.77,17.03,38.33,47.71,85.09,25.94,63.32,81.84,23.32,37.0,68.88,27.02,48.37,76.42,26.0,30.0,28.18
17,67.78,75.15,80.5,91.59,70.01,58.0,37.11,28.07,46.53,69.43,60.07,85.49,5.0,66.89,52.33,86.33,21.02,0.0,50.61,24.7,39.81,66.21,8.06,48.05,24.6,48.37,21.02,62.59,53.71,51.24,48.38,42.05,65.86,32.8,49.04,66.53,86.13,5.0,78.71,79.71,39.12,16.28,71.85,40.25,62.24,71.34,11.4,33.02,34.53
18,72.45,37.85,41.19,47.68,56.59,9.22,40.2,42.11,36.25,45.22,34.41,88.51,45.61,17.46,65.0,52.63,30.41,50.61,0.0,63.6,82.28,20.22,58.6,34.0,65.15,49.04,37.22,61.77,67.91,49.24,29.15,29.07,77.49,20.62,30.53,18.68,81.69,55.61,39.2,83.35,34.01,65.51,64.82,22.56,30.02,82.64,51.89,39.05,34.13
19,50.16,76.38,82.04,94.79,60.41,68.54,61.1,24.21,43.28,65.19,81.61,66.49,26.93,81.04,34.06,84.05,40.2,24.7,63.6,0.0,18.68,82.38,22.02,46.01,2.24,38.08,44.27,48.51,34.37,41.23,48.84,63.95,45.61,43.01,48.8,75.18,70.03,23.35,80.61,61.0,62.1,16.76,58.86,45.28,63.66,50.6,14.56,29.73,34.21
20,56.75,92.96,98.6,111.66,72.72,87.09,76.9,42.06,59.67,80.06,99.13,70.11,43.29,99.72,42.15,99.16,58.01,39.81,82.28,18.68,0.0,101.0,34.18,62.63,17.26,51.86,60.67,58.6,41.11,54.82,66.03,81.22,49.37,61.68,65.8,93.47,76.69,36.69,97.31,65.38,78.77,25.5,68.94,63.51,80.6,53.04,32.02,47.17,51.97
21,91.92,48.83,50.12,51.42,74.06,21.63,44.1,62.0,55.97,60.96,25.0,107.35,61.33,7.62,85.15,63.29,45.19,66.21,20.22,82.38,101.0,0.0,74.25,53.49,83.74,68.96,48.6,81.02,88.07,68.95,48.47,31.62,97.42,40.05,49.77,25.81,99.57,71.11,48.37,102.42,37.44,82.08,83.01,42.76,45.45,102.46,69.64,59.21,54.33
22,69.38,81.88,87.32,98.74,74.24,65.86,43.29,32.39,51.92,75.0,67.36,86.65,13.04,74.95,53.45,92.48,29.07,8.06,58.6,22.02,34.18,74.25,0.0,53.76,21.21,52.01,28.16,65.38,54.42,55.04,54.63,49.37,66.31,40.36,55.15,74.25,88.46,3.16,85.59,80.96,46.01,9.06,75.11,47.17,68.88,71.59,13.0,37.85,40.16
23,38.48,30.41,36.07,49.04,25.5,32.76,61.74,22.47,3.16,21.38,66.6,54.64,44.41,48.51,33.0,38.91,39.05,48.05,34.0,46.01,62.63,53.49,53.76,0.0,48.17,16.03,49.24,27.78,36.0,15.52,5.1,55.22,44.15,23.26,4.0,35.06,48.84,51.92,34.71,49.4,57.8,56.36,31.89,13.6,18.03,49.04,41.63,16.64,13.6
24,52.09,78.52,84.17,96.9,62.63,70.26,61.35,26.25,45.45,67.42,82.39,68.25,27.2,82.57,36.01,86.27,41.05,24.6,65.15,2.24,17.26,83.74,21.21,48.17,0.0,40.31,44.64,50.64,36.22,43.46,50.93,64.63,47.3,44.6,50.91,77.03,72.01,22.8,82.73,62.8,62.59,15.23,61.0,47.17,65.76,52.2,15.13,31.83,36.24
25,24.21,42.94,48.37,61.77,22.56,48.66,70.8,20.4,13.15,28.28,79.88,41.73,46.1,64.33,17.03,47.38,46.32,48.37,49.04,38.08,51.86,68.96,52.01,16.03,40.31,0.0,55.95,15.26,20.02,3.16,21.1,66.48,28.46,34.06,20.02,51.01,38.91,51.04,47.41,36.07,68.01,51.97,23.54,26.83,32.28,33.62,39.01,16.55,18.44
26,78.82,69.87,74.53,83.49,74.33,46.07,17.0,37.01,49.04,69.35,39.2,96.83,17.46,50.91,65.12,83.22,10.2,21.02,37.22,44.27,60.67,48.6,28.16,49.24,44.64,55.95,0.0,71.2,67.18,58.14,47.38,21.21,79.25,27.02,48.51,55.46,94.83,25.08,72.57,91.02,18.11,37.05,78.79,37.12,58.14,84.9,29.73,39.45,38.08
27,11.18,46.53,51.2,64.29,15.81,59.81,86.02,35.11,25.81,28.86,94.02,27.02,60.73,75.61,16.64,46.07,61.59,62.59,61.77,48.51,58.6,81.02,65.38,27.78,50.64,15.26,71.2,0.0,18.44,13.45,32.65,81.34,19.42,48.8,31.3,60.21,23.77,64.78,50.8,21.63,83.1,64.03,10.44,40.61,39.2,23.0,52.47,31.76,33.6
28,16.03,61.68,66.85,80.23,33.97,68.36,83.55,30.61,33.02,45.18,96.6,32.28,53.25,83.86,3.0,63.51,58.9,53.71,67.91,34.37,41.11,88.07,54.42,36.0,36.22,20.02,67.18,18.44,0.0,21.38,41.01,81.54,12.21,50.57,40.0,71.03,36.12,54.63,66.13,26.68,82.01,50.99,28.3,45.35,51.97,17.8,42.49,30.41,34.54
29,23.32,40.72,46.07,59.48,19.42,48.27,72.67,23.19,13.0,25.5,80.8,40.36,48.84,64.03,18.44,44.55,48.37,51.24,49.24,41.23,54.82,68.95,55.04,15.52,43.46,3.16,58.14,13.45,21.38,0.0,20.62,67.9,28.64,35.36,19.42,50.04,36.72,54.01,45.19,34.83,69.66,55.11,20.88,27.46,30.59,33.53,42.05,18.97,20.25
30,43.46,27.8,33.42,45.97,28.84,27.66,58.87,24.76,8.0,22.02,62.24,59.36,44.38,43.42,38.01,37.95,37.22,48.38,29.15,48.84,66.03,48.47,54.63,5.1,50.93,21.1,47.38,32.65,41.01,20.62,0.0,51.62,49.24,20.62,1.41,30.15,53.04,52.55,31.89,54.2,54.56,57.98,36.07,10.44,14.87,54.12,43.05,19.1,15.0
31,90.61,66.75,70.26,76.24,80.45,38.0,12.53,51.11,56.22,71.69,18.03,108.19,38.01,36.25,79.06,81.39,24.04,42.05,29.07,63.95,81.22,31.62,49.37,55.22,64.63,66.48,21.21,81.34,81.54,67.9,51.62,0.0,93.01,32.56,53.0,47.1,103.86,46.27,68.26,102.55,5.83,58.22,87.01,41.62,57.57,98.6,49.5,51.4,48.17
32,10.0,65.92,70.61,83.68,34.54,76.9,95.48,42.45,41.48,48.27,107.54,21.1,65.46,92.65,14.14,65.0,70.77,65.86,77.49,45.61,49.37,97.42,66.31,44.15,47.3,28.46,79.25,19.42,12.21,28.64,49.24,93.01,0.0,61.4,48.05,78.41,27.86,66.64,70.21,16.03,93.72,62.36,26.08,55.15,58.0,5.66,54.59,41.62,45.28
33,58.26,43.68,48.7,59.06,48.75,26.08,38.48,22.09,23.85,42.43,46.14,75.69,28.02,38.08,47.85,56.44,17.03,32.8,20.62,43.01,61.68,40.05,40.36,23.26,44.6,34.06,27.02,48.8,50.57,35.36,20.62,32.56,61.4,0.0,21.84,33.97,71.4,37.64,46.82,70.09,34.67,46.23,54.64,10.2,31.4,66.89,31.91,20.25,16.12
34,42.15,27.66,33.3,46.01,27.46,28.86,60.17,24.84,7.07,21.0,63.66,57.98,45.12,44.64,37.0,37.34,38.33,49.04,30.53,48.8,65.8,49.77,55.15,4.0,50.91,20.02,48.51,31.3,40.0,19.42,1.41,53.0,48.05,21.84,0.0,31.06,51.62,53.14,31.83,52.84,55.9,58.31,34.66,11.7,14.87,52.89,43.42,19.1,15.26
35,71.39,23.02,24.7,29.15,50.57,9.49,58.69,51.48,38.12,36.36,48.38,85.09,61.62,18.44,68.03,37.59,47.71,66.53,18.68,75.18,93.47,25.81,74.25,35.06,77.03,51.01,55.46,60.21,71.03,50.04,30.15,47.1,78.41,33.97,31.06,0.0,76.03,71.45,22.85,80.65,52.35,80.16,60.17,29.97,21.54,82.87,65.6,46.82,41.79
36,20.1,57.01,60.02,71.18,25.55,77.94,109.29,58.87,47.63,39.92,115.28,13.0,84.43,93.3,36.0,50.01,85.09,86.13,81.69,70.03,76.69,99.57,88.46,48.84,72.01,38.91,94.83,23.77,36.12,36.72,53.04,103.86,27.86,71.4,51.62,76.03,0.0,88.07,60.42,13.45,106.02,86.28,16.97,62.37,54.59,26.08,75.71,55.46,56.94
37,69.26,79.61,85.0,96.25,73.06,62.97,40.45,31.06,50.22,73.25,64.28,86.73,10.0,71.87,53.49,90.48,25.94,5.0,55.61,23.35,36.69,71.11,3.16,51.92,22.8,51.04,25.08,64.78,54.63,54.01,52.55,46.27,66.64,37.64,53.14,71.45,88.07,0.0,83.24,80.99,43.0,12.0,74.33,44.78,66.64,72.01,12.37,36.35,38.33
38,61.4,4.47,2.0,14.42,37.0,30.59,79.0,56.64,37.64,22.09,71.17,71.45,74.25,40.82,63.32,15.0,63.32,78.71,39.2,80.61,97.31,48.37,85.59,34.71,82.73,47.41,72.57,50.8,66.13,45.19,31.89,68.26,70.21,46.82,31.83,22.85,60.42,83.24,0.0,68.07,73.06,89.63,47.01,38.47,17.03,73.55,74.63,50.93,46.86
39,12.21,64.2,68.01,80.16,31.14,81.02,106.53,54.08,47.43,46.27,115.6,5.83,78.71,96.77,27.51,59.68,81.84,79.71,83.35,61.0,65.38,102.42,80.96,49.4,62.8,36.07,91.02,21.63,26.68,34.83,54.2,102.55,16.03,70.09,52.84,80.65,13.45,80.99,68.07,0.0,104.0,77.67,21.1,62.2,59.2,13.0,68.71,51.86,54.45
40,91.93,71.34,75.06,81.5,83.24,43.1,6.71,51.4,58.52,75.27,21.84,109.71,35.51,42.05,79.65,85.84,23.32,39.12,34.01,62.1,78.77,37.44,46.01,57.8,62.59,68.01,18.11,83.1,82.01,69.66,54.56,5.83,93.72,34.67,55.9,52.35,106.02,43.0,73.06,104.0,0.0,55.0,89.31,44.29,61.61,99.36,47.54,52.35,49.58
41,66.61,85.7,91.26,103.23,74.53,72.2,52.35,34.01,54.13,77.08,76.24,83.2,20.88,82.3,50.49,95.26,37.0,16.28,65.51,16.76,25.5,82.08,9.06,56.36,15.23,51.97,37.05,64.03,50.99,55.11,57.98,58.22,62.36,46.23,58.31,80.16,86.28,12.0,89.63,77.67,55.0,0.0,74.17,51.74,72.67,67.36,15.0,39.81,43.05
42,16.12,43.1,47.01,59.41,10.05,61.4,92.78,43.93,30.81,25.18,98.31,25.0,69.63,76.94,26.83,39.56,68.88,71.85,64.82,58.86,68.94,83.01,75.11,31.89,61.0,23.54,78.79,10.44,28.3,20.88,36.07,87.01,26.08,54.64,34.66,60.17,16.97,74.33,47.01,21.1,89.31,74.17,0.0,45.45,38.63,27.86,62.13,39.85,40.72
43,50.77,34.93,40.25,51.61,38.95,24.33,48.47,21.54,14.87,32.25,53.41,67.62,35.85,39.01,42.45,46.87,27.02,40.25,22.56,45.28,63.51,42.76,47.17,13.6,47.17,26.83,37.12,40.61,45.35,27.46,10.44,41.62,55.15,10.2,11.7,29.97,62.37,44.78,38.47,62.2,44.29,51.74,45.45,0.0,22.14,60.42,36.8,17.26,12.17
44,50.36,13.04,18.6,31.14,29.07,24.04,66.91,39.62,21.1,15.56,64.35,63.57,57.94,38.83,49.03,25.08,48.37,62.24,30.02,63.66,80.6,45.45,68.88,18.03,65.76,32.28,58.14,39.2,51.97,30.59,14.87,57.57,58.0,31.4,14.87,21.54,54.59,66.64,17.03,59.2,61.61,72.67,38.63,22.14,0.0,62.13,57.69,33.94,29.83
45,12.17,69.35,73.82,86.68,37.11,81.74,101.14,48.1,46.49,51.48,113.02,17.12,71.03,97.53,19.8,67.36,76.42,71.34,82.64,50.6,53.04,102.46,71.59,49.04,52.2,33.62,84.9,23.0,17.8,33.53,54.12,98.6,5.66,66.89,52.89,82.87,26.08,72.01,73.55,13.0,99.36,67.36,27.86,60.42,62.13,0.0,60.03,47.2,50.77
46,56.92,70.72,76.28,88.24,61.29,57.98,46.62,19.65,39.56,62.63,67.27,74.46,12.53,69.08,41.23,80.53,26.0,11.4,51.89,14.56,32.02,69.64,13.0,41.63,15.13,39.01,29.73,52.47,42.49,42.05,43.05,49.5,54.59,31.91,43.42,65.6,75.71,12.37,74.63,68.71,47.54,15.0,62.13,36.8,57.69,60.03,0.0,25.3,28.18
47,39.7,46.75,52.4,65.07,37.05,41.59,54.67,5.83,14.32,37.34,66.19,57.63,30.15,56.04,27.78,55.47,30.0,33.02,39.05,29.73,47.17,59.21,37.85,16.64,31.83,16.55,39.45,31.76,30.41,18.97,19.1,51.4,41.62,20.25,19.1,46.82,55.46,36.35,50.93,51.86,52.35,39.81,39.85,17.26,33.94,47.2,25.3,0.0,5.1
48,42.45,42.8,48.41,60.83,36.67,36.5,52.43,10.0,12.04,34.93,62.27,60.14,31.06,51.01,31.78,52.39,28.18,34.53,34.13,34.21,51.97,54.33,40.16,13.6,36.24,18.44,38.08,33.6,34.54,20.25,15.0,48.17,45.28,16.12,15.26,41.79,56.94,38.33,46.86,54.45,49.58,43.05,40.72,12.17,29.83,50.77,28.18,5.1,0.0
