vehicles
vehicle_idx, capacity, cost_per_unit_distance
1,100,3
2,100,3
3,100,3
4,100,3
5,100,3
depot
node_idx,x,y
0,73,39
home delivery customers
node_idx,x,y,service_time,demand
1,67,91,15,23
2,21,15,15,13
3,63,69,15,13
4,55,77,15,5
5,35,11,15,24
6,27,91,15,15
7,49,25,15,9
8,27,9,15,13
9,89,33,15,20
10,65,77,15,12
11,87,79,15,19
self pickup customers
node_idx,x,y,service_time,demand,locker_idxs
12,3,9,15,24,37
13,97,15,15,15,36
14,55,75,15,24,35-34-37-38
15,47,57,15,5,36
16,51,97,15,7,36
17,11,11,15,5,35
18,29,93,15,16,36
19,23,81,15,23,35
20,71,91,15,3,37
21,1,59,15,15,37
22,55,7,15,1,37
flexible customers
node_idx,x,y,service_time,demand,locker_idxs
23,39,21,15,3,36
24,91,65,15,15,37
25,55,71,15,7,36-37-35-34-38
26,57,85,15,25,37
27,43,59,15,14,36-34-38-35
28,71,27,15,13,36
29,31,43,15,16,36-34-38-35
30,67,99,15,24,35
31,87,81,15,20,37
32,19,77,15,15,35
33,19,83,15,4,35
lockers
node_idx,x,y,service_time,capacity,cost_per_unit_good
0,93,12,10,79
1,22,88,10,83
2,65,88,10,83
3,25,15,10,71
4,77,88,10,78
5,72,14,10,74
40,49,56,10,82
41,36,64,10,82
42,46,47,10,80
43,80,73,10,75
44,50,59,10,87
mrt lines
start_node_idx,end_node_idx,freight_capacity,cost_per_unit_good
0,1,83,0.5
1,0,83,0.5
2,3,83,0.5
3,2,83,0.5
distance matrix
,0,1,2,3,4,5,6,7,8,9,10,11,12,13,14,15,16,17,18,19,20,21,22,23,24,25,26,27,28,29,30,31,32,33,34,35,36,37,38,39,40,41,42,43,44,
0,0.0,52.35,57.27,31.62,42.05,47.2,69.43,27.78,54.92,17.09,38.83,42.38,76.16,33.94,40.25,31.62,62.03,68.03,69.66,65.3,52.04,74.73,36.72,38.47,31.62,36.72,48.7,36.06,12.17,42.19,60.3,44.27,66.03,69.66,33.6,70.72,49.65,53.67,49.16,25.02,29.41,44.65,28.16,34.71,30.48
1,52.35,0.0,88.84,22.36,18.44,86.16,40.0,68.41,91.24,62.03,14.14,23.32,104.02,81.71,20.0,39.45,17.09,97.65,38.05,45.12,4.0,73.35,84.85,75.39,35.38,23.32,11.66,40.0,64.12,60.0,8.0,22.36,50.0,48.66,83.17,45.1,3.61,86.83,10.44,77.16,39.36,41.11,48.75,22.2,36.24
2,57.27,88.84,0.0,68.41,70.71,14.56,76.24,29.73,8.49,70.34,76.03,91.93,18.97,76.0,68.96,49.4,87.32,10.77,78.41,66.03,90.97,48.33,34.93,18.97,86.02,65.51,78.71,49.19,51.42,29.73,95.77,93.34,62.03,68.03,72.06,73.01,85.23,4.0,92.01,51.01,49.65,51.24,40.61,82.73,52.7
3,31.62,22.36,68.41,0.0,11.31,64.4,42.19,46.17,69.97,44.41,8.25,26.0,84.85,63.81,10.0,20.0,30.46,77.9,41.62,41.76,23.41,62.8,62.51,53.67,28.28,8.25,17.09,22.36,42.76,41.23,30.27,26.83,44.72,46.17,64.41,45.19,19.1,66.03,23.6,55.73,19.1,27.46,27.8,17.46,16.4
4,42.05,18.44,70.71,11.31,0.0,68.96,31.3,52.35,73.54,55.61,10.0,32.06,85.6,74.89,2.0,21.54,20.4,79.32,30.53,32.25,21.26,56.92,70.0,58.24,37.95,6.0,8.25,21.63,52.5,41.62,25.06,32.25,36.0,36.5,75.29,34.79,14.87,68.88,24.6,65.25,21.84,23.02,31.32,25.32,18.68
5,47.2,86.16,14.56,64.4,68.96,0.0,80.4,19.8,8.25,58.31,72.5,85.6,32.06,62.13,67.05,47.54,87.48,24.0,82.22,71.02,87.73,58.82,20.4,10.77,77.79,63.25,77.2,48.66,39.4,32.25,93.64,87.2,67.91,73.76,58.01,78.09,82.64,10.77,87.71,37.12,47.13,53.01,37.64,76.61,50.29
6,69.43,40.0,76.24,42.19,31.3,80.4,0.0,69.57,82.0,84.9,40.5,61.19,85.44,103.32,32.25,39.45,24.74,81.58,2.83,10.77,44.0,41.23,88.54,71.02,69.08,34.41,30.59,35.78,77.67,48.17,40.79,60.83,16.12,11.31,102.94,5.83,38.12,76.03,50.09,89.19,41.34,28.46,47.93,55.97,39.41
7,27.78,68.41,29.73,46.17,52.35,19.8,69.57,0.0,27.2,40.79,54.41,66.03,48.7,49.03,50.36,32.06,72.03,40.5,70.88,61.74,69.57,58.82,18.97,10.77,58.0,46.39,60.53,34.53,22.09,25.46,76.16,67.68,60.03,65.3,45.88,68.54,65.0,26.0,68.94,25.5,31.0,41.11,22.2,57.14,34.01
8,54.92,91.24,8.49,69.97,73.54,8.25,82.0,27.2,0.0,66.48,77.9,92.2,24.0,70.26,71.69,52.0,91.21,16.12,84.02,72.11,93.06,56.36,28.07,16.97,85.04,68.03,81.71,52.5,47.54,34.23,98.49,93.72,68.47,74.43,66.07,79.16,87.66,6.32,93.49,45.28,51.89,55.73,42.49,83.1,55.04
9,17.09,62.03,70.34,44.41,55.61,58.31,84.9,40.79,66.48,0.0,50.12,46.04,89.29,19.7,54.04,48.37,74.43,81.04,84.85,81.61,60.73,91.76,42.8,51.42,32.06,50.99,61.06,52.84,18.97,58.86,69.57,48.04,82.68,86.02,21.38,86.68,60.01,66.48,56.29,25.5,46.14,61.4,45.22,41.0,46.87
10,38.83,14.14,76.03,8.25,10.0,72.5,40.5,54.41,77.9,50.12,0.0,22.09,92.02,69.77,10.2,26.91,24.41,85.28,39.4,42.19,15.23,66.48,70.71,61.74,28.64,11.66,11.31,28.43,50.36,48.08,22.09,22.36,46.0,46.39,70.77,44.38,11.0,73.78,16.28,63.39,26.4,31.78,35.51,15.52,23.43
11,42.38,23.32,91.93,26.0,32.06,85.6,61.19,66.03,92.2,46.04,22.09,0.0,109.34,64.78,32.25,45.65,40.25,101.98,59.67,64.03,20.0,88.29,78.79,75.29,14.56,32.98,30.59,48.33,54.41,66.57,28.28,2.0,68.03,68.12,67.27,65.62,23.77,89.11,13.45,66.71,44.42,53.16,52.01,9.22,42.06
12,76.16,104.02,18.97,84.85,85.6,32.06,85.44,48.7,24.0,89.29,92.02,109.34,0.0,94.19,84.02,65.12,100.24,8.25,87.93,74.73,106.53,50.04,52.04,37.95,104.31,80.92,93.23,64.03,70.34,44.05,110.44,110.63,69.86,75.71,90.05,81.25,100.42,22.8,108.25,69.18,65.76,64.14,57.38,100.12,68.62
13,33.94,81.71,76.0,63.81,74.89,62.13,103.32,49.03,70.26,19.7,69.77,64.78,94.19,0.0,73.24,65.3,94.02,86.09,103.48,99.16,80.32,105.6,42.76,58.31,50.36,70.0,80.62,69.66,28.64,71.69,89.2,66.75,99.64,103.48,5.0,104.66,79.71,72.0,75.69,25.02,63.13,78.24,60.21,60.44,64.38
14,40.25,20.0,68.96,10.0,2.0,67.05,32.25,50.36,71.69,54.04,10.2,32.25,84.02,73.24,0.0,19.7,22.36,77.67,31.62,32.56,22.63,56.32,68.0,56.32,37.36,4.0,10.2,20.0,50.6,40.0,26.83,32.56,36.06,36.88,73.57,35.47,16.4,67.08,25.55,63.32,19.92,21.95,29.41,25.08,16.76
15,31.62,39.45,49.4,20.0,21.54,47.54,39.45,32.06,52.0,48.37,26.91,45.65,65.12,65.3,19.7,0.0,40.2,58.41,40.25,33.94,41.62,46.04,50.64,36.88,44.72,16.12,29.73,4.47,38.42,21.26,46.52,46.65,34.41,38.21,64.35,39.82,35.85,47.41,43.14,49.74,2.24,13.04,10.05,36.67,3.61
16,62.03,17.09,87.32,30.46,20.4,87.48,24.74,72.03,91.21,74.43,24.41,40.25,100.24,94.02,22.36,40.2,0.0,94.85,22.36,32.25,20.88,62.8,90.09,76.94,51.22,26.31,13.42,38.83,72.8,57.58,16.12,39.4,37.74,34.93,94.81,30.36,16.64,86.02,27.51,85.62,41.05,36.25,50.25,37.64,38.01
17,68.03,97.65,10.77,77.9,79.32,24.0,81.58,40.5,16.12,81.04,85.28,101.98,8.25,86.09,77.67,58.41,94.85,0.0,83.95,71.02,100.0,49.03,44.18,29.73,96.52,74.4,87.13,57.69,62.1,37.74,104.31,103.32,66.48,72.44,82.01,77.78,94.05,14.56,101.41,61.07,58.9,58.6,50.21,92.76,61.85
18,69.66,38.05,78.41,41.62,30.53,82.22,2.83,70.88,84.02,84.85,39.4,59.67,87.93,103.48,31.62,40.25,22.36,83.95,0.0,13.42,42.05,44.05,89.84,72.69,68.03,34.06,29.12,36.77,78.23,50.04,38.47,59.23,18.87,14.14,103.23,8.6,36.35,78.1,48.26,89.94,42.06,29.83,49.04,54.78,39.96
19,65.3,45.12,66.03,41.76,32.25,71.02,10.77,61.74,72.11,81.61,42.19,64.03,74.73,99.16,32.56,33.94,32.25,71.02,13.42,0.0,49.03,31.11,80.62,62.1,69.86,33.53,34.23,29.73,72.25,38.83,47.54,64.0,5.66,4.47,98.29,7.07,42.58,66.03,54.45,83.01,36.07,21.4,41.05,57.56,34.83
20,52.04,4.0,90.97,23.41,21.26,87.73,44.0,69.57,93.06,60.73,15.23,20.0,106.53,80.32,22.63,41.62,20.88,100.0,42.05,49.03,0.0,76.97,85.51,76.97,32.8,25.61,15.23,42.52,64.0,62.48,8.94,18.87,53.85,52.61,82.01,49.09,6.71,88.84,6.71,77.01,41.34,44.2,50.61,20.12,38.28
21,74.73,73.35,48.33,62.8,56.92,58.82,41.23,58.82,56.36,91.76,66.48,88.29,50.04,105.6,56.32,46.04,62.8,49.03,44.05,31.11,76.97,0.0,74.97,53.74,90.2,55.32,61.74,42.0,76.97,34.0,77.18,88.77,25.46,30.0,103.31,35.81,70.26,50.12,81.34,84.06,48.09,35.36,46.57,80.23,49.0
22,36.72,84.85,34.93,62.51,70.0,20.4,88.54,18.97,28.07,42.8,70.71,78.79,52.04,42.76,68.0,50.64,90.09,44.18,89.84,80.62,85.51,74.97,0.0,21.26,68.26,64.0,78.03,53.37,25.61,43.27,92.78,80.62,78.71,84.1,38.33,87.46,81.61,31.05,83.93,18.38,49.37,60.08,41.0,70.58,52.24
23,38.47,75.39,18.97,53.67,58.24,10.77,71.02,10.77,16.97,51.42,61.74,75.29,37.95,58.31,56.32,36.88,76.94,29.73,72.69,62.1,76.97,53.74,21.26,0.0,68.12,52.5,66.48,38.21,32.56,23.41,82.87,76.84,59.46,65.15,54.74,69.12,71.87,15.23,77.03,33.73,36.4,43.1,26.93,66.22,39.56
24,31.62,35.38,86.02,28.28,37.95,77.79,69.08,58.0,85.04,32.06,28.64,14.56,104.31,50.36,37.36,44.72,51.22,96.52,68.03,69.86,32.8,90.2,68.26,68.12,0.0,36.5,39.45,48.37,42.94,63.91,41.62,16.49,72.99,74.22,53.04,72.73,34.71,82.8,26.93,54.42,42.95,55.01,48.47,13.6,41.44
25,36.72,23.32,65.51,8.25,6.0,63.25,34.41,46.39,68.03,50.99,11.66,32.98,80.92,70.0,4.0,16.12,26.31,74.4,34.06,33.53,25.61,55.32,64.0,52.5,36.5,0.0,14.14,16.97,46.82,36.88,30.46,33.53,36.5,37.95,70.18,37.12,19.72,63.53,27.8,59.48,16.16,20.25,25.63,25.08,13.0
26,48.7,11.66,78.71,17.09,8.25,77.2,30.59,60.53,81.71,61.06,11.31,30.59,93.23,80.62,10.2,29.73,13.42,87.13,29.12,34.23,15.23,61.74,78.03,66.48,39.45,14.14,0.0,29.53,59.67,49.4,17.2,30.27,38.83,38.05,81.39,35.13,8.54,76.97,20.22,72.57,30.08,29.7,39.56,25.94,26.93
27,36.06,40.0,49.19,22.36,21.63,48.66,35.78,34.53,52.5,52.84,28.43,48.33,64.03,69.66,20.0,4.47,38.83,57.69,36.77,29.73,42.52,42.0,53.37,38.21,48.37,16.97,29.53,0.0,42.52,20.0,46.65,49.19,30.0,33.94,68.62,35.81,36.4,47.54,44.69,53.54,6.71,8.6,12.37,39.56,7.0
28,12.17,64.12,51.42,42.76,52.5,39.4,77.67,22.09,47.54,18.97,50.36,54.41,70.34,28.64,50.6,38.42,72.8,62.1,78.23,72.25,64.0,76.97,25.61,32.56,42.94,46.82,59.67,42.52,0.0,43.08,72.11,56.32,72.14,76.42,26.63,78.24,61.29,47.54,61.29,13.04,36.4,50.93,32.02,46.87,38.28
29,42.19,60.0,29.73,41.23,41.62,32.25,48.17,25.46,34.23,58.86,48.08,66.57,44.05,71.69,40.0,21.26,57.58,37.74,50.04,38.83,62.48,34.0,43.27,23.41,63.91,36.88,49.4,20.0,43.08,0.0,66.57,67.68,36.06,41.76,69.32,45.89,56.4,28.64,64.35,50.22,22.2,21.59,15.52,57.45,24.84
30,60.3,8.0,95.77,30.27,25.06,93.64,40.79,76.16,98.49,69.57,22.09,28.28,110.44,89.2,26.83,46.52,16.12,104.31,38.47,47.54,8.94,77.18,92.78,82.87,41.62,30.46,17.2,46.65,72.11,66.57,0.0,26.91,52.8,50.6,90.8,46.32,11.18,93.91,14.87,85.15,46.62,46.75,56.08,29.07,43.46
31,44.27,22.36,93.34,26.83,32.25,87.2,60.83,67.68,93.72,48.04,22.36,2.0,110.63,66.75,32.56,46.65,39.4,103.32,59.23,64.0,18.87,88.77,80.62,76.84,16.49,33.53,30.27,49.19,56.32,67.68,26.91,0.0,68.12,68.03,69.26,65.38,23.09,90.55,12.21,68.66,45.49,53.76,53.26,10.63,43.05
32,66.03,50.0,62.03,44.72,36.0,67.91,16.12,60.03,68.47,82.68,46.0,68.03,69.86,99.64,36.06,34.41,37.74,66.48,18.87,5.66,53.85,25.46,78.71,59.46,72.99,36.5,38.83,30.0,72.14,36.06,52.8,68.12,0.0,6.0,98.49,11.4,47.3,62.29,59.03,82.33,36.62,21.4,40.36,61.13,35.85
33,69.66,48.66,68.03,46.17,36.5,73.76,11.31,65.3,74.43,86.02,46.39,68.12,75.71,103.48,36.88,38.21,34.93,72.44,14.14,4.47,52.61,30.0,84.1,65.15,74.22,37.95,38.05,33.94,76.42,41.76,50.6,68.03,6.0,0.0,102.55,5.83,46.27,68.26,58.22,87.01,40.36,25.5,45.0,61.81,39.2
34,33.6,83.17,72.06,64.41,75.29,58.01,102.94,45.88,66.07,21.38,70.77,67.27,90.05,5.0,73.57,64.35,94.81,82.01,103.23,98.29,82.01,103.31,38.33,54.74,53.04,70.18,81.39,68.62,26.63,69.32,90.8,69.26,98.49,102.55,0.0,104.0,80.99,68.07,77.67,21.1,62.23,77.16,58.6,62.37,63.7
35,70.72,45.1,73.01,45.19,34.79,78.09,5.83,68.54,79.16,86.68,44.38,65.62,81.25,104.66,35.47,39.82,30.36,77.78,8.6,7.07,49.09,35.81,87.46,69.12,72.73,37.12,35.13,35.81,78.24,45.89,46.32,65.38,11.4,5.83,104.0,0.0,43.0,73.06,55.0,89.31,41.87,27.78,47.51,59.91,40.31
36,49.65,3.61,85.23,19.1,14.87,82.64,38.12,65.0,87.66,60.01,11.0,23.77,100.42,79.71,16.4,35.85,16.64,94.05,36.35,42.58,6.71,70.26,81.61,71.87,34.71,19.72,8.54,36.4,61.29,56.4,11.18,23.09,47.3,46.27,80.99,43.0,0.0,83.24,12.0,74.33,35.78,37.64,45.19,21.21,32.65
37,53.67,86.83,4.0,66.03,68.88,10.77,76.03,26.0,6.32,66.48,73.78,89.11,22.8,72.0,67.08,47.41,86.02,14.56,78.1,66.03,88.84,50.12,31.05,15.23,82.8,63.53,76.97,47.54,47.54,28.64,93.91,90.55,62.29,68.26,68.07,73.06,83.24,0.0,89.63,47.01,47.51,50.22,38.28,79.93,50.61
38,49.16,10.44,92.01,23.6,24.6,87.71,50.09,68.94,93.49,56.29,16.28,13.45,108.25,75.69,25.55,43.14,27.51,101.41,48.26,54.45,6.71,81.34,83.93,77.03,26.93,27.8,20.22,44.69,61.29,64.35,14.87,12.21,59.03,58.22,77.67,55.0,12.0,89.63,0.0,74.17,42.52,47.51,51.4,15.3,39.62
39,25.02,77.16,51.01,55.73,65.25,37.12,89.19,25.5,45.28,25.5,63.39,66.71,69.18,25.02,63.32,49.74,85.62,61.07,89.94,83.01,77.01,84.06,18.38,33.73,54.42,59.48,72.57,53.54,13.04,50.22,85.15,68.66,82.33,87.01,21.1,89.31,74.33,47.01,74.17,0.0,47.89,61.61,42.01,59.54,50.09
40,29.41,39.36,49.65,19.1,21.84,47.13,41.34,31.0,51.89,46.14,26.4,44.42,65.76,63.13,19.92,2.24,41.05,58.9,42.06,36.07,41.34,48.09,49.37,36.4,42.95,16.16,30.08,6.71,36.4,22.2,46.62,45.49,36.62,40.36,62.23,41.87,35.78,47.51,42.52,47.89,0.0,15.26,9.49,35.36,3.16
41,44.65,41.11,51.24,27.46,23.02,53.01,28.46,41.11,55.73,61.4,31.78,53.16,64.14,78.24,21.95,13.04,36.25,58.6,29.83,21.4,44.2,35.36,60.08,43.1,55.01,20.25,29.7,8.6,50.93,21.59,46.75,53.76,21.4,25.5,77.16,27.78,37.64,50.22,47.51,61.61,15.26,0.0,19.72,44.91,14.87
42,28.16,48.75,40.61,27.8,31.32,37.64,47.93,22.2,42.49,45.22,35.51,52.01,57.38,60.21,29.41,10.05,50.25,50.21,49.04,41.05,50.61,46.57,41.0,26.93,48.47,25.63,39.56,12.37,32.02,15.52,56.08,53.26,40.36,45.0,58.6,47.51,45.19,38.28,51.4,42.01,9.49,19.72,0.0,42.8,12.65
43,34.71,22.2,82.73,17.46,25.32,76.61,55.97,57.14,83.1,41.0,15.52,9.22,100.12,60.44,25.08,36.67,37.64,92.76,54.78,57.56,20.12,80.23,70.58,66.22,13.6,25.08,25.94,39.56,46.87,57.45,29.07,10.63,61.13,61.81,62.37,59.91,21.21,79.93,15.3,59.54,35.36,44.91,42.8,0.0,33.11
44,30.48,36.24,52.7,16.4,18.68,50.29,39.41,34.01,55.04,46.87,23.43,42.06,68.62,64.38,16.76,3.61,38.01,61.85,39.96,34.83,38.28,49.0,52.24,39.56,41.44,13.0,26.93,7.0,38.28,24.84,43.46,43.05,35.85,39.2,63.7,40.31,32.65,50.61,39.62,50.09,3.16,14.87,12.65,33.11,0.0
