vehicles
vehicle_idx, capacity, cost_per_unit_distance
1,100,1
2,100,1
3,100,1
4,100,1
5,100,1
depot
node_idx,x,y
0,73,39
home delivery customers
node_idx,x,y,service_time,demand
1,67,91,15,23
2,97,15,15,15
3,91,65,15,15
4,55,71,15,7
5,63,69,15,13
6,27,91,15,15
7,49,25,15,9
8,29,93,15,16
9,71,27,15,13
10,31,43,15,16
11,67,99,15,24
12,87,81,15,20
13,71,91,15,3
14,87,79,15,19
15,55,7,15,1
self pickup customers
node_idx,x,y,service_time,demand,locker_idxs
16,55,75,15,24,38-39-35
17,21,15,15,13,34
18,47,57,15,5,38
19,35,11,15,24,34
20,23,81,15,23,37-38
21,89,33,15,20,36
22,19,77,15,15,37
23,65,77,15,12,35-38-39
24,1,59,15,15,37
flexible customers
node_idx,x,y,service_time,demand,locker_idxs
25,39,21,15,3,34-38
26,3,9,15,24,34
27,57,85,15,25,38-39-35
28,51,97,15,7,39-35
29,11,11,15,5,34
30,43,59,15,14,39-38
31,55,77,15,5,35-38-39
32,27,9,15,13,34
33,19,83,15,4,37
lockers
node_idx,x,y,service_time,capacity,cost_per_unit_good
34,8.200000000000001,13.900000000000002,30,276,100
35,81.64000000000001,92.10000000000001,30,276,100
36,81.64000000000001,13.900000000000002,30,276,100
37,8.200000000000001,92.10000000000001,30,276,100
38,51,53,15,69,100
39,61,67,15,69,100
mrt lines
start_node_idx,end_node_idx,freight_capacity,cost_per_unit_good
34,35,276,5
35,34,276,5
36,37,276,5
37,36,276,5
distance matrix
,0,1,2,3,4,5,6,7,8,9,10,11,12,13,14,15,16,17,18,19,20,21,22,23,24,25,26,27,28,29,30,31,32,33,34,35,36,37,38,39,
0,0.0,52.35,33.94,31.62,36.72,31.62,69.43,27.78,69.66,12.17,42.19,60.3,44.27,52.04,42.38,36.72,40.25,57.27,31.62,47.2,65.3,17.09,66.03,38.83,74.73,38.47,76.16,48.7,62.03,68.03,36.06,42.05,54.92,69.66,69.49,53.8,26.55,83.78,26.08,30.46
1,52.35,0.0,81.71,35.38,23.32,22.36,40.0,68.41,38.05,64.12,60.0,8.0,22.36,4.0,23.32,84.85,20.0,88.84,39.45,86.16,45.12,62.03,50.0,14.14,73.35,75.39,104.02,11.66,17.09,97.65,40.0,18.44,91.24,48.66,96.96,14.68,78.48,58.81,41.23,24.74
2,33.94,81.71,0.0,50.36,70.0,63.81,103.32,49.03,103.48,28.64,71.69,89.2,66.75,80.32,64.78,42.76,73.24,76.0,65.3,62.13,99.16,19.7,99.64,69.77,105.6,58.31,94.19,80.62,94.02,86.09,69.66,74.89,70.26,103.48,88.81,78.62,15.4,117.6,59.67,63.25
3,31.62,35.38,50.36,0.0,36.5,28.28,69.08,58.0,68.03,42.94,63.91,41.62,16.49,32.8,14.56,68.26,37.36,86.02,44.72,77.79,69.86,32.06,72.99,28.64,90.2,68.12,104.31,39.45,51.22,96.52,48.37,37.95,85.04,74.22,97.3,28.67,51.95,87.12,41.76,30.07
4,36.72,23.32,70.0,36.5,0.0,8.25,34.41,46.39,34.06,46.82,36.88,30.46,33.53,25.61,32.98,64.0,4.0,65.51,16.12,63.25,33.53,50.99,36.5,11.66,55.32,52.5,80.92,14.14,26.31,74.4,16.97,6.0,68.03,37.95,73.83,33.98,63.01,51.34,18.44,7.21
5,31.62,22.36,63.81,28.28,8.25,0.0,42.19,46.17,41.62,42.76,41.23,30.27,26.83,23.41,26.0,62.51,10.0,68.41,20.0,64.4,41.76,44.41,44.72,8.25,62.8,53.67,84.85,17.09,30.46,77.9,22.36,11.31,69.97,46.17,77.71,29.68,58.17,59.47,20.0,2.83
6,69.43,40.0,103.32,69.08,34.41,42.19,0.0,69.57,2.83,77.67,48.17,40.79,60.83,44.0,61.19,88.54,32.25,76.24,39.45,80.4,10.77,84.9,16.12,40.5,41.23,71.02,85.44,30.59,24.74,81.58,35.78,31.3,82.0,11.31,79.36,54.65,94.5,18.83,44.94,41.62
7,27.78,68.41,49.03,58.0,46.39,46.17,69.57,0.0,70.88,22.09,25.46,76.16,67.68,69.57,66.03,18.97,50.36,29.73,32.06,19.8,61.74,40.79,60.03,54.41,58.82,10.77,48.7,60.53,72.03,40.5,34.53,52.35,27.2,65.3,42.28,74.62,34.48,78.53,28.07,43.68
8,69.66,38.05,103.48,68.03,34.06,41.62,2.83,70.88,0.0,78.23,50.04,38.47,59.23,42.05,59.67,89.84,31.62,78.41,40.25,82.22,13.42,84.85,18.87,39.4,44.05,72.69,87.93,29.12,22.36,83.95,36.77,30.53,84.02,14.14,81.79,52.65,95.01,20.82,45.65,41.23
9,12.17,64.12,28.64,42.94,46.82,42.76,77.67,22.09,78.23,0.0,43.08,72.11,56.32,64.0,54.41,25.61,50.6,51.42,38.42,39.4,72.25,18.97,72.14,50.36,76.97,32.56,70.34,59.67,72.8,62.1,42.52,52.5,47.54,76.42,64.15,65.96,16.88,90.45,32.8,41.23
10,42.19,60.0,71.69,63.91,36.88,41.23,48.17,25.46,50.04,43.08,0.0,66.57,67.68,62.48,66.57,43.27,40.0,29.73,21.26,32.25,38.83,58.86,36.06,48.08,34.0,23.41,44.05,49.4,57.58,37.74,20.0,41.62,34.23,41.76,36.97,70.54,58.41,54.14,22.36,38.42
11,60.3,8.0,89.2,41.62,30.46,30.27,40.79,76.16,38.47,72.11,66.57,0.0,26.91,8.94,28.28,92.78,26.83,95.77,46.52,93.64,47.54,69.57,52.8,22.09,77.18,82.87,110.44,17.2,16.12,104.31,46.65,25.06,98.49,50.6,103.44,16.18,86.35,59.2,48.7,32.56
12,44.27,22.36,66.75,16.49,33.53,26.83,60.83,67.68,59.23,56.32,67.68,26.91,0.0,18.87,2.0,80.62,32.56,93.34,46.65,87.2,64.0,48.04,68.12,22.36,88.77,76.84,110.63,30.27,39.4,103.32,49.19,32.25,93.72,68.03,103.5,12.33,67.31,79.58,45.61,29.53
13,52.04,4.0,80.32,32.8,25.61,23.41,44.0,69.57,42.05,64.0,62.48,8.94,18.87,0.0,20.0,85.51,22.63,90.97,41.62,87.73,49.03,60.73,53.85,15.23,76.97,76.97,106.53,15.23,20.88,100.0,42.52,21.26,93.06,52.61,99.44,10.7,77.83,62.81,42.94,26.0
14,42.38,23.32,64.78,14.56,32.98,26.0,61.19,66.03,59.67,54.41,66.57,28.28,2.0,20.0,0.0,78.79,32.25,91.93,45.65,85.6,64.03,46.04,68.03,22.09,88.29,75.29,109.34,30.59,40.25,101.98,48.33,32.06,92.2,68.12,102.21,14.15,65.32,79.88,44.41,28.64
15,36.72,84.85,42.76,68.26,64.0,62.51,88.54,18.97,89.84,25.61,43.27,92.78,80.62,85.51,78.79,0.0,68.0,34.93,50.64,20.4,80.62,42.8,78.71,70.71,74.97,21.26,52.04,78.03,90.09,44.18,53.37,70.0,28.07,84.1,47.31,89.17,27.52,97.12,46.17,60.3
16,40.25,20.0,73.24,37.36,4.0,10.0,32.25,50.36,31.62,50.6,40.0,26.83,32.56,22.63,32.25,68.0,0.0,68.96,19.7,67.05,32.56,54.04,36.06,10.2,56.32,56.32,84.02,10.2,22.36,77.67,20.0,2.0,71.69,36.88,76.96,31.66,66.66,49.83,22.36,10.0
17,57.27,88.84,76.0,86.02,65.51,68.41,76.24,29.73,78.41,51.42,29.73,95.77,93.34,90.97,91.93,34.93,68.96,0.0,49.4,14.56,66.03,70.34,62.03,76.03,48.33,18.97,18.97,78.71,87.32,10.77,49.19,70.71,8.49,68.03,12.85,98.09,60.65,78.16,48.41,65.6
18,31.62,39.45,65.3,44.72,16.12,20.0,39.45,32.06,40.25,38.42,21.26,46.52,46.65,41.62,45.65,50.64,19.7,49.4,0.0,47.54,33.94,48.37,34.41,26.91,46.04,36.88,65.12,29.73,40.2,58.41,4.47,21.54,52.0,38.21,57.99,49.31,55.3,52.32,5.66,17.2
19,47.2,86.16,62.13,77.79,63.25,64.4,80.4,19.8,82.22,39.4,32.25,93.64,87.2,87.73,85.6,20.4,67.05,14.56,47.54,0.0,71.02,58.31,67.91,72.5,58.82,10.77,32.06,77.2,87.48,24.0,48.66,68.96,8.25,73.76,26.96,93.55,46.73,85.41,44.94,61.74
20,65.3,45.12,99.16,69.86,33.53,41.76,10.77,61.74,13.42,72.25,38.83,47.54,64.0,49.03,64.03,80.62,32.56,66.03,33.94,71.02,0.0,81.61,5.66,42.19,31.11,62.1,74.73,34.23,32.25,71.02,29.73,32.25,72.11,4.47,68.71,59.68,89.11,18.5,39.6,40.5
21,17.09,62.03,19.7,32.06,50.99,44.41,84.9,40.79,84.85,18.97,58.86,69.57,48.04,60.73,46.04,42.8,54.04,70.34,48.37,58.31,81.61,0.0,82.68,50.12,91.76,51.42,89.29,61.06,74.43,81.04,52.84,55.61,66.48,86.02,83.03,59.56,20.47,100.11,42.94,44.05
22,66.03,50.0,99.64,72.99,36.5,44.72,16.12,60.03,18.87,72.14,36.06,52.8,68.12,53.85,68.03,78.71,36.06,62.03,34.41,67.91,5.66,82.68,0.0,46.0,25.46,59.46,69.86,38.83,37.74,66.48,30.0,36.0,68.47,6.0,64.02,64.43,88.91,18.56,40.0,43.17
23,38.83,14.14,69.77,28.64,11.66,8.25,40.5,54.41,39.4,50.36,48.08,22.09,22.36,15.23,22.09,70.71,10.2,76.03,26.91,72.5,42.19,50.12,46.0,0.0,66.48,61.74,92.02,11.31,24.41,85.28,28.43,10.0,77.9,46.39,84.9,22.47,65.26,58.77,27.78,10.77
24,74.73,73.35,105.6,90.2,55.32,62.8,41.23,58.82,44.05,76.97,34.0,77.18,88.77,76.97,88.29,74.97,56.32,48.33,46.04,58.82,31.11,91.76,25.46,66.48,0.0,53.74,50.04,61.74,62.8,49.03,42.0,56.92,56.36,30.0,45.67,87.17,92.39,33.87,50.36,60.53
25,38.47,75.39,58.31,68.12,52.5,53.67,71.02,10.77,72.69,32.56,23.41,82.87,76.84,76.97,75.29,21.26,56.32,18.97,36.88,10.77,62.1,51.42,59.46,61.74,53.74,0.0,37.95,66.48,76.94,29.73,38.21,58.24,16.97,65.15,31.61,82.91,43.23,77.48,34.18,50.99
26,76.16,104.02,94.19,104.31,80.92,84.85,85.44,48.7,87.93,70.34,44.05,110.44,110.63,106.53,109.34,52.04,84.02,18.97,65.12,32.06,74.73,89.29,69.86,92.02,50.04,37.95,0.0,93.23,100.24,8.25,64.03,85.6,24.0,75.71,7.14,114.41,78.79,83.26,65.12,82.02
27,48.7,11.66,80.62,39.45,14.14,17.09,30.59,60.53,29.12,59.67,49.4,17.2,30.27,15.23,30.59,78.03,10.2,78.71,29.73,77.2,34.23,61.06,38.83,11.31,61.74,66.48,93.23,0.0,13.42,87.13,29.53,8.25,81.71,38.05,86.24,25.64,75.25,49.31,32.56,18.44
28,62.03,17.09,94.02,51.22,26.31,30.46,24.74,72.03,22.36,72.8,57.58,16.12,39.4,20.88,40.25,90.09,22.36,87.32,40.2,87.48,32.25,74.43,37.74,24.41,62.8,76.94,100.24,13.42,0.0,94.85,38.83,20.4,91.21,34.93,93.47,31.03,88.57,43.08,44.0,31.62
29,68.03,97.65,86.09,96.52,74.4,77.9,81.58,40.5,83.95,62.1,37.74,104.31,103.32,100.0,101.98,44.18,77.67,10.77,58.41,24.0,71.02,81.04,66.48,85.28,49.03,29.73,8.25,87.13,94.85,0.0,57.69,79.32,16.12,72.44,4.03,107.55,70.7,81.15,58.0,75.07
30,36.06,40.0,69.66,48.37,16.97,22.36,35.78,34.53,36.77,42.52,20.0,46.65,49.19,42.52,48.33,53.37,20.0,49.19,4.47,48.66,29.73,52.84,30.0,28.43,42.0,38.21,64.03,29.53,38.83,57.69,0.0,21.63,52.5,33.94,56.97,50.88,59.39,48.03,10.0,19.7
31,42.05,18.44,74.89,37.95,6.0,11.31,31.3,52.35,30.53,52.5,41.62,25.06,32.25,21.26,32.06,70.0,2.0,70.71,21.54,68.96,32.25,55.61,36.0,10.0,56.92,58.24,85.6,8.25,20.4,79.32,21.63,0.0,73.54,36.5,78.56,30.62,68.49,49.18,24.33,11.66
32,54.92,91.24,70.26,85.04,68.03,69.97,82.0,27.2,84.02,47.54,34.23,98.49,93.72,93.06,92.2,28.07,71.69,8.49,52.0,8.25,72.11,66.48,68.47,77.9,56.36,16.97,24.0,81.71,91.21,16.12,52.5,73.54,0.0,74.43,19.43,99.45,54.86,85.2,50.12,67.23
33,69.66,48.66,103.48,74.22,37.95,46.17,11.31,65.3,14.14,76.42,41.76,50.6,68.03,52.61,68.12,84.1,36.88,68.03,38.21,73.76,4.47,86.02,6.0,46.39,30.0,65.15,75.71,38.05,34.93,72.44,33.94,36.5,74.43,0.0,69.94,63.3,93.27,14.12,43.86,44.94
34,69.49,96.96,88.81,97.3,73.83,77.71,79.36,42.28,81.79,64.15,36.97,103.44,103.5,99.44,102.21,47.31,76.96,12.85,57.99,26.96,68.71,83.03,64.02,84.9,45.67,31.61,7.14,86.24,93.47,4.03,56.97,78.56,19.43,69.94,0.0,107.28,73.44,78.2,57.97,74.88
35,53.8,14.68,78.62,28.67,33.98,29.68,54.65,74.62,52.65,65.96,70.54,16.18,12.33,10.7,14.15,89.17,31.66,98.09,49.31,93.55,59.68,59.56,64.43,22.47,87.17,82.91,114.41,25.64,31.03,107.55,50.88,30.62,99.45,63.3,107.28,0.0,78.2,73.44,49.68,32.5
36,26.55,78.48,15.4,51.95,63.01,58.17,94.5,34.48,95.01,16.88,58.41,86.35,67.31,77.83,65.32,27.52,66.66,60.65,55.3,46.73,89.11,20.47,88.91,65.26,92.39,43.23,78.79,75.25,88.57,70.7,59.39,68.49,54.86,93.27,73.44,78.2,0.0,107.28,49.68,56.97
37,83.78,58.81,117.6,87.12,51.34,59.47,18.83,78.53,20.82,90.45,54.14,59.2,79.58,62.81,79.88,97.12,49.83,78.16,52.32,85.41,18.5,100.11,18.56,58.77,33.87,77.48,83.26,49.31,43.08,81.15,48.03,49.18,85.2,14.12,78.2,73.44,107.28,0.0,57.97,58.46
38,26.08,41.23,59.67,41.76,18.44,20.0,44.94,28.07,45.65,32.8,22.36,48.7,45.61,42.94,44.41,46.17,22.36,48.41,5.66,44.94,39.6,42.94,40.0,27.78,50.36,34.18,65.12,32.56,44.0,58.0,10.0,24.33,50.12,43.86,57.97,49.68,49.68,57.97,0.0,17.2
39,30.46,24.74,63.25,30.07,7.21,2.83,41.62,43.68,41.23,41.23,38.42,32.56,29.53,26.0,28.64,60.3,10.0,65.6,17.2,61.74,40.5,44.05,43.17,10.77,60.53,50.99,82.02,18.44,31.62,75.07,19.7,11.66,67.23,44.94,74.88,32.5,56.97,58.46,17.2,0.0
