vehicles
vehicle_idx, capacity, cost_per_unit_distance
1,100,3
2,100,3
3,100,3
4,100,3
5,100,3
depot
node_idx,x,y
0,42,68
home delivery customers
node_idx,x,y,service_time,demand
1,77,97,10,5
2,32,8,10,8
3,82,17,10,18
4,39,27,10,9
5,67,98,10,9
6,72,43,10,10
7,58,97,10,14
8,68,98,10,10
9,52,72,10,14
10,39,7,10,14
11,58,74,10,15
12,68,82,10,24
self pickup customers
node_idx,x,y,service_time,demand,locker_idxs
13,77,39,10,14,39-33
14,42,92,10,18,39-34-35
15,8,3,10,19,38-36-33
16,7,14,10,10,38-36
17,53,82,10,5,41-35
18,54,52,10,18,37-35-36
19,59,77,10,13,41-35-34
20,23,43,10,8,40-36-34
21,47,62,10,19,41-37-35
22,38,7,10,23,38-36
flexible customers
node_idx,x,y,service_time,demand,locker_idxs
23,28,64,10,23,41-34-35
24,32,33,10,13,40-38-36-34
25,48,13,10,20,38-36-33
26,7,24,10,23,40-36-34
27,73,3,10,24,40-33
28,32,88,10,13,40-34-35
29,17,8,10,2,37-36
30,82,67,10,8,41-35
31,42,7,10,20,38-36
32,7,48,10,3,40-36-34
lockers
node_idx,x,y,service_time,capacity,cost_per_unit_good
33,93,12,10,83
34,22,88,10,87
35,65,88,10,89
36,25,15,10,75
37,54,70,10,95
38,45,21,10,76
39,50,108,10,72
40,11,42,10,71
41,50,58,10,85
mrt lines
start_node_idx,end_node_idx,freight_capacity,cost_per_unit_good
33,34,87,0.5
34,33,87,0.5
35,36,89,0.5
36,35,89,0.5
distance matrix
,0,1,2,3,4,5,6,7,8,9,10,11,12,13,14,15,16,17,18,19,20,21,22,23,24,25,26,27,28,29,30,31,32,33,34,35,36,37,38,39,40,41,
0,0.0,45.45,60.83,64.82,41.11,39.05,39.05,33.12,39.7,10.77,61.07,17.09,29.53,45.45,24.0,73.36,64.35,17.8,20.0,19.24,31.4,7.81,61.13,14.56,36.4,55.33,56.22,72.01,22.36,65.0,40.01,61.0,40.31,75.74,28.28,30.48,55.66,12.17,47.1,40.79,40.46,12.81
1,45.45,0.0,99.73,80.16,79.65,10.05,54.23,19.0,9.06,35.36,97.69,29.83,17.49,58.0,35.36,116.61,108.58,28.3,50.54,26.91,76.37,46.1,98.09,59.08,78.24,88.87,101.14,94.09,45.89,107.34,30.41,96.57,85.45,86.49,55.73,15.0,97.1,35.47,82.46,29.15,85.91,47.43
2,60.83,99.73,0.0,50.8,20.25,96.57,53.15,92.72,96.93,67.05,7.07,70.94,82.29,54.64,84.59,24.52,25.71,76.92,49.19,74.09,36.14,56.04,6.08,56.14,25.0,16.76,29.68,41.3,80.0,15.0,77.34,10.05,47.17,61.13,80.62,86.54,9.9,65.79,18.38,101.61,39.96,53.14
3,64.82,80.16,50.8,0.0,44.15,82.38,27.86,83.52,82.2,62.65,44.15,61.85,66.49,22.56,85.0,75.31,75.06,71.18,44.82,64.26,64.47,57.01,45.12,71.59,52.5,34.23,75.33,16.64,86.84,65.62,50.0,41.23,81.15,12.08,92.96,73.01,57.04,59.94,37.22,96.46,75.27,52.01
4,41.11,79.65,20.25,44.15,0.0,76.32,36.67,72.53,76.69,46.84,20.0,50.7,62.18,39.85,65.07,39.2,34.54,56.75,29.15,53.85,22.63,35.9,20.02,38.6,9.22,16.64,32.14,41.62,61.4,29.07,58.73,20.22,38.28,56.04,63.32,66.31,18.44,45.54,8.49,81.74,31.76,32.89
5,39.05,10.05,96.57,82.38,76.32,0.0,55.23,9.06,1.0,30.02,95.21,25.63,16.03,59.84,25.71,111.83,103.23,21.26,47.8,22.47,70.43,41.18,95.51,51.74,73.82,87.1,95.27,95.19,36.4,102.96,34.44,94.37,78.1,89.84,46.1,10.2,93.02,30.87,80.08,19.72,79.2,43.46
6,39.05,54.23,53.15,27.86,36.67,55.23,0.0,55.79,55.15,35.23,48.84,34.01,39.2,6.4,57.45,75.47,71.18,43.38,20.12,36.4,49.0,31.4,49.52,48.75,41.23,38.42,67.72,40.01,60.21,65.19,26.0,46.86,65.19,37.44,67.27,45.54,54.71,32.45,34.83,68.62,61.01,26.63
7,33.12,19.0,92.72,83.52,72.53,9.06,55.79,0.0,10.05,25.71,91.98,23.0,18.03,61.03,16.76,106.47,97.42,15.81,45.18,20.02,64.35,36.69,92.2,44.6,69.08,84.59,89.05,95.19,27.51,97.99,38.42,91.41,70.72,91.92,37.11,11.4,88.39,27.29,77.1,13.6,72.35,39.81
8,39.7,9.06,96.93,82.2,76.69,1.0,55.15,10.05,0.0,30.53,95.51,26.0,16.0,59.68,26.68,112.36,103.81,21.93,48.08,22.85,71.06,41.68,95.82,52.5,74.3,87.32,95.9,95.13,37.36,103.45,34.01,94.64,78.87,89.56,47.07,10.44,93.48,31.3,80.36,20.59,79.91,43.86
9,10.77,35.36,67.05,62.65,46.84,30.02,35.23,25.71,30.53,0.0,66.29,6.32,18.87,41.4,22.36,81.84,73.41,10.05,20.1,8.6,41.01,11.18,66.49,25.3,43.83,59.14,65.8,72.12,25.61,72.95,30.41,65.76,51.0,72.67,34.0,20.62,63.07,2.83,51.48,36.06,50.8,14.14
10,61.07,97.69,7.07,44.15,20.0,95.21,48.84,91.98,95.51,66.29,0.0,69.64,80.41,49.68,85.05,31.26,32.76,76.3,47.43,72.8,39.4,55.58,1.0,58.05,26.93,10.82,36.24,34.23,81.3,22.02,73.82,3.0,52.01,54.23,82.76,85.07,16.12,64.76,15.23,101.6,44.82,52.17
11,17.09,29.83,70.94,61.85,50.7,25.63,34.01,23.0,26.0,6.32,69.64,0.0,12.81,39.82,24.08,86.84,78.75,9.43,22.36,3.16,46.75,16.28,69.92,31.62,48.55,61.81,71.42,72.57,29.53,77.7,25.0,68.88,57.25,71.2,38.63,15.65,67.6,5.66,54.57,34.93,56.86,17.89
12,29.53,17.49,82.29,66.49,62.18,16.03,39.2,18.03,16.0,18.87,80.41,12.81,0.0,43.93,27.86,99.2,91.35,15.0,33.11,10.3,59.55,29.0,80.78,43.86,60.8,71.84,84.17,79.16,36.5,89.87,20.52,79.38,69.84,74.33,46.39,6.71,79.61,18.44,65.19,31.62,69.63,30.0
13,45.45,58.0,54.64,22.56,39.85,59.84,6.4,61.03,59.68,41.4,49.68,39.82,43.93,0.0,63.51,77.83,74.33,49.24,26.42,42.05,54.15,37.8,50.45,55.01,45.4,38.95,71.59,36.22,66.53,67.54,28.44,47.42,70.58,31.38,73.66,50.45,57.27,38.6,36.72,74.09,66.07,33.02
14,24.0,35.36,84.59,85.0,65.07,25.71,57.45,16.76,26.68,22.36,85.05,24.08,27.86,63.51,0.0,95.27,85.49,14.87,41.76,22.67,52.55,30.41,85.09,31.3,59.84,79.23,76.48,94.24,10.77,87.64,47.17,85.0,56.22,94.87,20.4,23.35,78.85,25.06,71.06,17.89,58.83,34.93
15,73.36,116.61,24.52,75.31,39.2,111.83,75.47,106.47,112.36,81.84,31.26,86.84,99.2,77.83,95.27,0.0,11.05,90.92,67.21,89.87,42.72,70.72,30.27,64.2,38.42,41.23,21.02,65.0,88.32,10.3,97.84,34.23,45.01,85.48,86.15,102.34,20.81,81.27,41.15,113.09,39.12,69.2
16,64.35,108.58,25.71,75.06,34.54,103.23,71.18,97.42,103.81,73.41,32.76,78.75,91.35,74.33,85.49,11.05,0.0,82.1,60.44,81.69,33.12,62.48,31.78,54.23,31.4,41.01,10.0,66.91,78.11,11.66,91.84,35.69,34.0,86.02,75.5,94.02,18.03,73.11,38.64,103.37,28.28,61.52
17,17.8,28.3,76.92,71.18,56.75,21.26,43.38,15.81,21.93,10.05,76.3,9.43,15.0,49.24,14.87,90.92,82.1,0.0,30.02,7.81,49.2,20.88,76.49,30.81,53.31,69.18,74.03,81.49,21.84,82.29,32.65,75.8,57.2,80.62,31.58,13.42,72.62,12.04,61.52,26.17,58.0,24.19
18,20.0,50.54,49.19,44.82,29.15,47.8,20.12,45.18,48.08,20.1,47.43,22.36,33.11,26.42,41.76,67.21,60.44,30.02,0.0,25.5,32.28,12.21,47.76,28.64,29.07,39.46,54.71,52.55,42.19,57.49,31.76,46.57,47.17,55.87,48.17,37.64,47.01,18.0,32.28,56.14,44.15,7.21
19,19.24,26.91,74.09,64.26,53.85,22.47,36.4,20.02,22.85,8.6,72.8,3.16,10.3,42.05,22.67,89.87,81.69,7.81,25.5,0.0,49.52,19.21,73.08,33.62,51.62,64.94,74.25,75.31,29.15,80.78,25.08,72.03,59.54,73.36,38.6,12.53,70.71,8.6,57.72,32.28,59.41,21.02
20,31.4,76.37,36.14,64.47,22.63,70.43,49.0,64.35,71.06,41.01,39.4,46.75,59.55,54.15,52.55,42.72,33.12,49.2,32.28,49.52,0.0,30.61,39.0,21.59,13.45,39.05,24.84,64.03,45.89,35.51,63.69,40.71,16.76,76.56,45.01,61.55,28.07,41.11,31.11,70.38,12.04,30.89
21,7.81,46.1,56.04,57.01,35.9,41.18,31.4,36.69,41.68,11.18,55.58,16.28,29.0,37.8,30.41,70.72,62.48,20.88,12.21,19.21,30.61,0.0,55.73,19.1,32.65,49.01,55.17,64.47,30.02,61.77,35.36,55.23,42.38,67.94,36.07,31.62,51.89,10.63,41.05,46.1,41.18,5.0
22,61.13,98.09,6.08,45.12,20.02,95.51,49.52,92.2,95.82,66.49,1.0,69.92,80.78,50.45,85.09,30.27,31.78,76.49,47.76,73.08,39.0,55.73,0.0,57.87,26.68,11.66,35.36,35.23,81.22,21.02,74.4,4.0,51.4,55.23,82.57,85.38,15.26,65.0,15.65,101.71,44.2,52.39
23,14.56,59.08,56.14,71.59,38.6,51.74,48.75,44.6,52.5,25.3,58.05,31.62,43.86,55.01,31.3,64.2,54.23,30.81,28.64,33.62,21.59,19.1,57.87,0.0,31.26,54.78,45.18,75.8,24.33,57.07,54.08,58.69,26.4,83.24,24.74,44.1,49.09,26.68,46.24,49.19,27.8,22.8
24,36.4,78.24,25.0,52.5,9.22,73.82,41.23,69.08,74.3,43.83,26.93,48.55,60.8,45.4,59.84,38.42,31.4,53.31,29.07,51.62,13.45,32.65,26.68,31.26,0.0,25.61,26.57,50.8,55.0,29.15,60.46,27.86,29.15,64.51,55.9,64.14,19.31,43.05,17.69,77.13,22.85,30.81
25,55.33,88.87,16.76,34.23,16.64,87.1,38.42,84.59,87.32,59.14,10.82,61.81,71.84,38.95,79.23,41.23,41.01,69.18,39.46,64.94,39.05,49.01,11.66,54.78,25.61,0.0,42.45,26.93,76.69,31.4,63.81,8.49,53.91,45.01,79.38,76.9,23.09,57.31,8.54,95.02,47.01,45.04
26,56.22,101.14,29.68,75.33,32.14,95.27,67.72,89.05,95.9,65.8,36.24,71.42,84.17,71.59,76.48,21.02,10.0,74.03,54.71,74.25,24.84,55.17,35.36,45.18,26.57,42.45,0.0,69.26,68.71,18.87,86.45,38.91,24.0,86.83,65.73,86.37,20.12,65.76,38.12,94.37,18.44,54.82
27,72.01,94.09,41.3,16.64,41.62,95.19,40.01,95.19,95.13,72.12,34.23,72.57,79.16,36.22,94.24,65.0,66.91,81.49,52.55,75.31,64.03,64.47,35.23,75.8,50.8,26.93,69.26,0.0,94.37,56.22,64.63,31.26,79.88,21.93,99.13,85.38,49.48,69.64,33.29,107.49,73.25,59.62
28,22.36,45.89,80.0,86.84,61.4,36.4,60.21,27.51,37.36,25.61,81.3,29.53,36.5,66.53,10.77,88.32,78.11,21.84,42.19,29.15,45.89,30.02,81.22,24.33,55.0,76.69,68.71,94.37,0.0,81.39,54.23,81.61,47.17,97.45,10.0,33.0,73.33,28.43,68.25,26.91,50.57,34.99
29,65.0,107.34,15.0,65.62,29.07,102.96,65.19,97.99,103.45,72.95,22.02,77.7,89.87,67.54,87.64,10.3,11.66,82.29,57.49,80.78,35.51,61.77,21.02,57.07,29.15,31.4,18.87,56.22,81.39,0.0,87.78,25.02,41.23,76.11,80.16,93.3,10.63,72.2,30.87,105.3,34.53,59.91
30,40.01,30.41,77.34,50.0,58.73,34.44,26.0,38.42,34.01,30.41,73.82,25.0,20.52,28.44,47.17,97.84,91.84,32.65,31.76,25.08,63.69,35.36,74.4,54.08,60.46,63.81,86.45,64.63,54.23,87.78,0.0,72.11,77.37,56.09,63.57,27.02,77.16,28.16,59.03,52.01,75.27,33.24
31,61.0,96.57,10.05,41.23,20.22,94.37,46.86,91.41,94.64,65.76,3.0,68.88,79.38,47.42,85.0,34.23,35.69,75.8,46.57,72.03,40.71,55.23,4.0,58.69,27.86,8.49,38.91,31.26,81.61,25.02,72.11,0.0,53.91,51.24,83.43,84.2,18.79,64.13,14.32,101.32,46.75,51.62
32,40.31,85.45,47.17,81.15,38.28,78.1,65.19,70.72,78.87,51.0,52.01,57.25,69.84,70.58,56.22,45.01,34.0,57.2,47.17,59.54,16.76,42.38,51.4,26.4,29.15,53.91,24.0,79.88,47.17,41.23,77.37,53.91,0.0,93.23,42.72,70.46,37.59,51.89,46.62,73.82,7.21,44.15
33,75.74,86.49,61.13,12.08,56.04,89.84,37.44,91.92,89.56,72.67,54.23,71.2,74.33,31.38,94.87,85.48,86.02,80.62,55.87,73.36,76.56,67.94,55.23,83.24,64.51,45.01,86.83,21.93,97.45,76.11,56.09,51.24,93.23,0.0,104.0,80.99,68.07,69.89,48.84,105.19,87.32,62.97
34,28.28,55.73,80.62,92.96,63.32,46.1,67.27,37.11,47.07,34.0,82.76,38.63,46.39,73.66,20.4,86.15,75.5,31.58,48.17,38.6,45.01,36.07,82.57,24.74,55.9,79.38,65.73,99.13,10.0,80.16,63.57,83.43,42.72,104.0,0.0,43.0,73.06,36.72,70.84,34.41,47.3,41.04
35,30.48,15.0,86.54,73.01,66.31,10.2,45.54,11.4,10.44,20.62,85.07,15.65,6.71,50.45,23.35,102.34,94.02,13.42,37.64,12.53,61.55,31.62,85.38,44.1,64.14,76.9,86.37,85.38,33.0,93.3,27.02,84.2,70.46,80.99,43.0,0.0,83.24,21.1,69.92,25.0,70.94,33.54
36,55.66,97.1,9.9,57.04,18.44,93.02,54.71,88.39,93.48,63.07,16.12,67.6,79.61,57.27,78.85,20.81,18.03,72.62,47.01,70.71,28.07,51.89,15.26,49.09,19.31,23.09,20.12,49.48,73.33,10.63,77.16,18.79,37.59,68.07,73.06,83.24,0.0,62.18,20.88,96.3,30.41,49.74
37,12.17,35.47,65.79,59.94,45.54,30.87,32.45,27.29,31.3,2.83,64.76,5.66,18.44,38.6,25.06,81.27,73.11,12.04,18.0,8.6,41.11,10.63,65.0,26.68,43.05,57.31,65.76,69.64,28.43,72.2,28.16,64.13,51.89,69.89,36.72,21.1,62.18,0.0,49.82,38.21,51.31,12.65
38,47.1,82.46,18.38,37.22,8.49,80.08,34.83,77.1,80.36,51.48,15.23,54.57,65.19,36.72,71.06,41.15,38.64,61.52,32.28,57.72,31.11,41.05,15.65,46.24,17.69,8.54,38.12,33.29,68.25,30.87,59.03,14.32,46.62,48.84,70.84,69.92,20.88,49.82,0.0,87.14,39.96,37.34
39,40.79,29.15,101.61,96.46,81.74,19.72,68.62,13.6,20.59,36.06,101.6,34.93,31.62,74.09,17.89,113.09,103.37,26.17,56.14,32.28,70.38,46.1,101.71,49.19,77.13,95.02,94.37,107.49,26.91,105.3,52.01,101.32,73.82,105.19,34.41,25.0,96.3,38.21,87.14,0.0,76.66,50.0
40,40.46,85.91,39.96,75.27,31.76,79.2,61.01,72.35,79.91,50.8,44.82,56.86,69.63,66.07,58.83,39.12,28.28,58.0,44.15,59.41,12.04,41.18,44.2,27.8,22.85,47.01,18.44,73.25,50.57,34.53,75.27,46.75,7.21,87.32,47.3,70.94,30.41,51.31,39.96,76.66,0.0,42.15
41,12.81,47.43,53.14,52.01,32.89,43.46,26.63,39.81,43.86,14.14,52.17,17.89,30.0,33.02,34.93,69.2,61.52,24.19,7.21,21.02,30.89,5.0,52.39,22.8,30.81,45.04,54.82,59.62,34.99,59.91,33.24,51.62,44.15,62.97,41.04,33.54,49.74,12.65,37.34,50.0,42.15,0.0
