set K:= 1	2	3	4	5;
set C_H:= 1	2	3	4	5	6	7	8	9	10	11	12;
set C_S:= 13	14	15	16	17	18	19	20	21	22	23	24;
set C_F:= 25	26	27	28	29	30	31	32	33	34	35	36;
set M:= 37	38	39	40	41	42;
set M_B:= 43	44	45	46	47	48;
set L_B:= 49	50	51	52	53;
set A1:=
(0,*) 1 2 3 4 5 6 7 8 9 10 11 12 25 26 27 28 29 30 31 32 33 34 35 36 37 38 39 40 41 42 43 44 45 46 47 48 49 50 51 52 53
(1,*) 0 2 3 4 5 6 7 8 9 10 11 12 25 26 27 28 29 30 31 32 33 34 35 36 37 38 39 40 41 42 43 44 45 46 47 48 49 50 51 52 53
(2,*) 0 1 3 4 5 6 7 8 9 10 11 12 25 26 27 28 29 30 31 32 33 34 35 36 37 38 39 40 41 42 43 44 45 46 47 48 49 50 51 52 53
(3,*) 0 1 2 4 5 6 7 8 9 10 11 12 25 26 27 28 29 30 31 32 33 34 35 36 37 38 39 40 41 42 43 44 45 46 47 48 49 50 51 52 53
(4,*) 0 1 2 3 5 6 7 8 9 10 11 12 25 26 27 28 29 30 31 32 33 34 35 36 37 38 39 40 41 42 43 44 45 46 47 48 49 50 51 52 53
(5,*) 0 1 2 3 4 6 7 8 9 10 11 12 25 26 27 28 29 30 31 32 33 34 35 36 37 38 39 40 41 42 43 44 45 46 47 48 49 50 51 52 53
(6,*) 0 1 2 3 4 5 7 8 9 10 11 12 25 26 27 28 29 30 31 32 33 34 35 36 37 38 39 40 41 42 43 44 45 46 47 48 49 50 51 52 53
(7,*) 0 1 2 3 4 5 6 8 9 10 11 12 25 26 27 28 29 30 31 32 33 34 35 36 37 38 39 40 41 42 43 44 45 46 47 48 49 50 51 52 53
(8,*) 0 1 2 3 4 5 6 7 9 10 11 12 25 26 27 28 29 30 31 32 33 34 35 36 37 38 39 40 41 42 43 44 45 46 47 48 49 50 51 52 53
(9,*) 0 1 2 3 4 5 6 7 8 10 11 12 25 26 27 28 29 30 31 32 33 34 35 36 37 38 39 40 41 42 43 44 45 46 47 48 49 50 51 52 53
(10,*) 0 1 2 3 4 5 6 7 8 9 11 12 25 26 27 28 29 30 31 32 33 34 35 36 37 38 39 40 41 42 43 44 45 46 47 48 49 50 51 52 53
(11,*) 0 1 2 3 4 5 6 7 8 9 10 12 25 26 27 28 29 30 31 32 33 34 35 36 37 38 39 40 41 42 43 44 45 46 47 48 49 50 51 52 53
(12,*) 0 1 2 3 4 5 6 7 8 9 10 11 25 26 27 28 29 30 31 32 33 34 35 36 37 38 39 40 41 42 43 44 45 46 47 48 49 50 51 52 53
(25,*) 0 1 2 3 4 5 6 7 8 9 10 11 12 26 27 28 29 30 31 32 33 34 35 36 37 38 39 40 41 42 43 44 45 46 47 48 49 50 51 52 53
(26,*) 0 1 2 3 4 5 6 7 8 9 10 11 12 25 27 28 29 30 31 32 33 34 35 36 37 38 39 40 41 42 43 44 45 46 47 48 49 50 51 52 53
(27,*) 0 1 2 3 4 5 6 7 8 9 10 11 12 25 26 28 29 30 31 32 33 34 35 36 37 38 39 40 41 42 43 44 45 46 47 48 49 50 51 52 53
(28,*) 0 1 2 3 4 5 6 7 8 9 10 11 12 25 26 27 29 30 31 32 33 34 35 36 37 38 39 40 41 42 43 44 45 46 47 48 49 50 51 52 53
(29,*) 0 1 2 3 4 5 6 7 8 9 10 11 12 25 26 27 28 30 31 32 33 34 35 36 37 38 39 40 41 42 43 44 45 46 47 48 49 50 51 52 53
(30,*) 0 1 2 3 4 5 6 7 8 9 10 11 12 25 26 27 28 29 31 32 33 34 35 36 37 38 39 40 41 42 43 44 45 46 47 48 49 50 51 52 53
(31,*) 0 1 2 3 4 5 6 7 8 9 10 11 12 25 26 27 28 29 30 32 33 34 35 36 37 38 39 40 41 42 43 44 45 46 47 48 49 50 51 52 53
(32,*) 0 1 2 3 4 5 6 7 8 9 10 11 12 25 26 27 28 29 30 31 33 34 35 36 37 38 39 40 41 42 43 44 45 46 47 48 49 50 51 52 53
(33,*) 0 1 2 3 4 5 6 7 8 9 10 11 12 25 26 27 28 29 30 31 32 34 35 36 37 38 39 40 41 42 43 44 45 46 47 48 49 50 51 52 53
(34,*) 0 1 2 3 4 5 6 7 8 9 10 11 12 25 26 27 28 29 30 31 32 33 35 36 37 38 39 40 41 42 43 44 45 46 47 48 49 50 51 52 53
(35,*) 0 1 2 3 4 5 6 7 8 9 10 11 12 25 26 27 28 29 30 31 32 33 34 36 37 38 39 40 41 42 43 44 45 46 47 48 49 50 51 52 53
(36,*) 0 1 2 3 4 5 6 7 8 9 10 11 12 25 26 27 28 29 30 31 32 33 34 35 37 38 39 40 41 42 43 44 45 46 47 48 49 50 51 52 53
(37,*) 0 1 2 3 4 5 6 7 8 9 10 11 12 25 26 27 28 29 30 31 32 33 34 35 36 38 39 40 41 42 43 44 45 46 47 48 49 50 51 52 53
(38,*) 0 1 2 3 4 5 6 7 8 9 10 11 12 25 26 27 28 29 30 31 32 33 34 35 36 37 39 40 41 42 43 44 45 46 47 48 49 50 51 52 53
(39,*) 0 1 2 3 4 5 6 7 8 9 10 11 12 25 26 27 28 29 30 31 32 33 34 35 36 37 38 40 41 42 43 44 45 46 47 48 49 50 51 52 53
(40,*) 0 1 2 3 4 5 6 7 8 9 10 11 12 25 26 27 28 29 30 31 32 33 34 35 36 37 38 39 41 42 43 44 45 46 47 48 49 50 51 52 53
(41,*) 0 1 2 3 4 5 6 7 8 9 10 11 12 25 26 27 28 29 30 31 32 33 34 35 36 37 38 39 40 42 43 44 45 46 47 48 49 50 51 52 53
(42,*) 0 1 2 3 4 5 6 7 8 9 10 11 12 25 26 27 28 29 30 31 32 33 34 35 36 37 38 39 40 41 43 44 45 46 47 48 49 50 51 52 53
(43,*) 0 1 2 3 4 5 6 7 8 9 10 11 12 25 26 27 28 29 30 31 32 33 34 35 36 37 38 39 40 41 42 44 45 46 47 48 49 50 51 52 53
(44,*) 0 1 2 3 4 5 6 7 8 9 10 11 12 25 26 27 28 29 30 31 32 33 34 35 36 37 38 39 40 41 42 43 45 46 47 48 49 50 51 52 53
(45,*) 0 1 2 3 4 5 6 7 8 9 10 11 12 25 26 27 28 29 30 31 32 33 34 35 36 37 38 39 40 41 42 43 44 46 47 48 49 50 51 52 53
(46,*) 0 1 2 3 4 5 6 7 8 9 10 11 12 25 26 27 28 29 30 31 32 33 34 35 36 37 38 39 40 41 42 43 44 45 47 48 49 50 51 52 53
(47,*) 0 1 2 3 4 5 6 7 8 9 10 11 12 25 26 27 28 29 30 31 32 33 34 35 36 37 38 39 40 41 42 43 44 45 46 48 49 50 51 52 53
(48,*) 0 1 2 3 4 5 6 7 8 9 10 11 12 25 26 27 28 29 30 31 32 33 34 35 36 37 38 39 40 41 42 43 44 45 46 47 49 50 51 52 53
(49,*) 0 1 2 3 4 5 6 7 8 9 10 11 12 25 26 27 28 29 30 31 32 33 34 35 36 37 38 39 40 41 42 43 44 45 46 47 48 50 51 52 53
(50,*) 0 1 2 3 4 5 6 7 8 9 10 11 12 25 26 27 28 29 30 31 32 33 34 35 36 37 38 39 40 41 42 43 44 45 46 47 48 49 51 52 53
(51,*) 0 1 2 3 4 5 6 7 8 9 10 11 12 25 26 27 28 29 30 31 32 33 34 35 36 37 38 39 40 41 42 43 44 45 46 47 48 49 50 52 53
(52,*) 0 1 2 3 4 5 6 7 8 9 10 11 12 25 26 27 28 29 30 31 32 33 34 35 36 37 38 39 40 41 42 43 44 45 46 47 48 49 50 51 53
(53,*) 0 1 2 3 4 5 6 7 8 9 10 11 12 25 26 27 28 29 30 31 32 33 34 35 36 37 38 39 40 41 42 43 44 45 46 47 48 49 50 51 52
;
set A2:=
(37,*) 38
(38,*) 37
(39,*) 40
(40,*) 39
(41,*) 42
(42,*) 41
;
param BigM:=99999;
param n:= 5;
param d:=
1	16
2	18
3	1
4	13
5	1
6	19
7	4
8	22
9	2
10	1
11	6
12	20
13	8
14	27
15	24
16	2
17	5
18	16
19	7
20	7
21	16
22	2
23	23
24	20
25	23
26	7
27	3
28	6
29	23
30	2
31	9
32	12
33	9
34	19
35	7
36	7
;
param Q:=100;
param w:=
[37,*] 38 0.1
[38,*] 37 0.1
[39,*] 40 0.1
[40,*] 39 0.1
[41,*] 42 0.1
[42,*] 41 0.1
;
param V:=
[37,*] 38 97
[38,*] 37 97
[39,*] 40 100
[40,*] 39 100
[41,*] 42 98
[42,*] 41 98
;
param e:
	37	38	39	40	41	42	43	44	45	46	47	48	49	50	51	52	53:=
13		0		0		0		0		0		1		0		0		0		0		0		1		0		0		0		1		0	
14		1		0		0		0		1		0		1		0		0		0		1		0		0		0		0		1		0	
15		0		0		0		0		0		1		0		0		0		0		0		1		0		0		0		0		1	
16		0		0		0		0		1		0		0		0		0		0		1		0		1		0		0		0		0	
17		0		1		0		0		0		0		0		1		0		0		0		0		0		1		1		1		1	
18		0		1		0		0		0		0		0		1		0		0		0		0		0		0		1		0		0	
19		0		0		0		0		1		0		0		0		0		0		1		0		0		0		0		1		0	
20		0		0		0		0		1		0		0		0		0		0		1		0		0		0		0		1		0	
21		0		1		0		0		0		1		0		1		0		0		0		1		0		0		0		1		0	
22		1		0		0		0		1		0		1		0		0		0		1		0		0		0		1		0		0	
23		0		0		0		1		0		0		0		0		0		1		0		0		0		0		1		0		0	
24		0		0		0		1		0		0		0		0		0		1		0		0		0		1		0		0		0	
25		0		0		1		0		0		1		0		0		1		0		0		1		0		0		0		0		1	
26		0		1		0		0		0		0		0		1		0		0		0		0		0		1		0		0		1	
27		0		0		1		0		0		1		0		0		1		0		0		1		0		0		0		1		0	
28		0		0		0		0		1		0		0		0		0		0		1		0		0		0		0		1		0	
29		0		1		0		0		0		0		0		1		0		0		0		0		1		1		1		1		1	
30		0		0		0		0		1		0		0		0		0		0		1		0		1		0		0		0		0	
31		0		0		0		1		0		0		0		0		0		1		0		0		0		0		0		1		0	
32		1		0		0		0		1		0		1		0		0		0		1		0		0		0		0		1		0	
33		0		1		0		0		0		0		0		1		0		0		0		0		0		0		0		0		1	
34		0		1		0		1		0		0		0		1		0		1		0		0		1		0		0		0		0	
35		0		0		0		0		0		1		0		0		0		0		0		1		0		0		1		0		0	
36		0		0		0		1		0		0		0		0		0		1		0		0		0		1		1		0		0	
;
param p:=
1	3
2	3
3	3
4	3
5	3
;
param G:=
37	70
38	97
39	91
40	100
41	79
42	98
43	70
44	97
45	91
46	100
47	79
48	98
49	100
50	89
51	97
52	70
53	95
;
param s:=
0	0
1	10
2	10
3	10
4	10
5	10
6	10
7	10
8	10
9	10
10	10
11	10
12	10
25	10
26	10
27	10
28	10
29	10
30	10
31	10
32	10
33	10
34	10
35	10
36	10
37	10
38	10
39	10
40	10
41	10
42	10
43	10
44	10
45	10
46	10
47	10
48	10
49	10
50	10
51	10
52	10
53	10
;
param t:
	0	1	2	3	4	5	6	7	8	9	10	11	12	13	14	15	16	17	18	19	20	21	22	23	24	25	26	27	28	29	30	31	32	33	34	35	36	37	38	39	40	41	42	43	44	45	46	47	48	49	50	51	52	53:=
0	0.0	21.0	58.14	17.49	33.24	55.17	34.06	53.0	60.21	34.83	33.6	37.2	17.46	48.83	54.92	36.22	41.76	2.83	12.21	36.69	56.32	25.81	47.38	29.07	47.42	69.89	21.02	47.54	70.43	6.4	44.28	42.01	62.2	29.15	30.02	45.61	14.42	49.93	33.62	64.66	44.94	57.31	46.69	49.93	33.62	64.66	44.94	57.31	46.69	19.72	8.06	16.4	23.02	16.12
1	21.0	0.0	37.22	19.21	45.28	42.49	26.02	66.53	39.32	50.77	52.0	55.54	37.66	40.61	46.87	15.52	22.47	23.09	17.2	17.8	36.67	21.84	35.47	42.8	59.41	53.76	30.41	29.21	55.61	16.49	26.87	47.41	52.5	50.09	49.34	44.91	33.96	42.43	46.01	48.08	55.97	45.69	34.54	42.43	46.01	48.08	55.97	45.69	34.54	10.77	13.04	17.03	2.24	10.63
2	58.14	37.22	0.0	52.55	75.03	45.69	42.19	98.98	9.22	85.8	88.32	91.76	74.81	46.86	57.31	22.0	24.08	60.3	51.35	27.46	20.4	46.24	44.1	77.08	91.07	35.0	61.4	19.8	48.09	53.0	29.21	74.81	57.94	87.28	86.12	60.96	71.02	55.47	75.96	30.15	87.13	49.77	36.88	55.47	75.96	30.15	87.13	49.77	36.88	43.32	50.09	50.92	35.13	44.18
3	17.49	19.21	52.55	0.0	50.57	38.6	43.01	47.63	51.97	33.24	36.35	39.62	26.25	58.19	37.44	33.02	31.14	17.03	25.08	26.31	45.01	36.5	30.81	24.6	40.31	72.92	37.36	48.1	54.38	19.42	31.26	28.79	44.82	39.85	35.0	59.08	22.14	32.45	50.99	67.21	36.8	40.36	53.24	32.45	50.99	67.21	36.8	40.36	53.24	9.43	16.03	2.24	21.26	23.54
4	33.24	45.28	75.03	50.57	0.0	86.4	34.37	77.67	80.5	58.86	53.16	55.97	38.21	41.0	87.71	55.07	67.48	34.48	28.32	63.03	81.02	28.79	78.82	57.01	74.43	70.46	14.87	57.49	100.57	31.91	72.14	73.82	94.67	38.01	48.08	27.29	39.0	82.76	1.0	67.07	73.11	89.05	46.01	82.76	1.0	67.07	73.11	89.05	46.01	50.22	36.06	49.19	46.1	34.71
5	55.17	42.49	45.69	38.6	86.4	0.0	66.48	68.36	38.59	62.97	69.38	71.81	64.01	78.92	12.81	42.19	26.0	55.32	58.25	27.46	26.08	64.08	7.81	54.34	60.21	79.08	71.85	56.14	16.16	54.67	19.0	41.19	12.37	77.37	69.89	86.65	60.03	13.6	87.01	73.55	56.14	4.12	70.26	13.6	87.01	73.55	56.14	4.12	70.26	36.24	50.45	39.05	42.54	52.84
6	34.06	26.02	42.19	43.01	34.37	66.48	0.0	86.84	49.04	68.88	67.21	70.77	50.33	15.23	72.44	26.08	42.05	36.88	21.93	39.22	52.8	8.6	60.21	62.68	80.78	38.28	23.54	23.41	77.39	27.8	48.47	71.78	77.47	58.67	63.13	20.59	48.08	68.18	35.36	33.96	77.9	70.09	13.42	68.18	35.36	33.96	77.9	70.09	13.42	36.35	28.65	40.8	25.02	19.7
7	53.0	66.53	98.98	47.63	77.67	68.36	86.84	0.0	96.66	18.97	25.02	23.09	39.85	101.79	58.01	80.6	75.58	50.25	65.19	71.59	86.98	78.77	63.15	24.21	8.25	120.22	71.31	95.67	83.01	59.08	72.8	27.17	65.19	42.01	30.07	97.58	40.31	55.08	77.47	114.59	12.37	67.07	98.86	55.08	77.47	114.59	12.37	67.07	98.86	57.01	58.41	49.68	68.68	67.62
8	60.21	39.32	9.22	51.97	80.5	38.59	49.04	96.66	0.0	84.9	88.28	91.59	76.03	55.22	50.8	25.63	21.19	62.07	55.08	25.71	12.53	51.97	38.21	75.96	88.57	44.05	66.31	28.02	39.32	55.73	24.41	71.34	50.54	89.02	86.58	68.59	72.06	49.58	81.39	39.32	84.53	42.54	45.22	49.58	81.39	39.32	84.53	42.54	45.22	43.29	52.35	50.64	37.48	47.8
9	34.83	50.77	85.8	33.24	58.86	62.97	68.88	18.97	84.9	0.0	8.6	9.43	20.88	83.6	55.36	65.76	63.79	32.02	47.01	59.2	76.79	60.61	56.32	9.06	16.12	103.71	52.39	79.88	78.85	41.11	62.51	25.81	63.32	25.0	12.65	78.72	21.47	51.24	58.69	98.23	16.16	62.82	81.34	51.24	58.69	98.23	16.16	62.82	81.34	42.54	41.04	34.93	53.0	50.21
10	33.6	52.0	88.32	36.35	53.16	69.38	67.21	25.02	88.28	8.6	0.0	3.61	17.03	81.39	62.65	67.42	67.48	30.81	45.34	62.65	81.1	58.69	62.37	15.23	24.04	103.47	48.55	80.53	85.44	40.0	67.01	34.06	70.68	17.12	5.1	74.95	19.21	58.31	52.89	98.18	24.6	69.57	80.16	58.31	52.89	98.18	24.6	69.57	80.16	45.12	40.82	37.66	54.23	49.65
11	37.2	55.54	91.76	39.62	55.97	71.81	70.77	23.09	91.59	9.43	3.61	0.0	20.52	84.9	64.62	70.94	70.71	34.41	48.92	65.92	84.21	62.24	64.94	17.46	23.26	107.07	51.87	84.12	87.8	43.6	70.06	35.23	72.62	19.03	8.06	78.23	22.8	60.41	55.66	101.79	24.41	71.84	83.74	60.41	55.66	101.79	24.41	71.84	83.74	48.51	44.42	41.0	57.78	53.25
12	17.46	37.66	74.81	26.25	38.21	64.01	50.33	39.85	76.03	20.88	17.03	20.52	0.0	64.38	60.31	53.15	56.22	14.87	28.6	51.16	70.58	41.77	56.36	19.24	36.22	87.13	31.76	65.0	80.06	23.71	57.27	38.08	68.25	13.6	12.81	58.18	4.12	55.44	38.12	81.99	35.0	65.19	63.41	55.44	38.12	81.99	35.0	65.19	63.41	33.14	25.3	26.68	39.81	33.54
13	48.83	40.61	46.86	58.19	41.0	78.92	15.23	101.79	55.22	83.6	81.39	84.9	64.38	0.0	86.02	36.88	53.37	51.61	36.62	51.48	61.74	23.02	73.25	77.7	95.88	30.02	34.67	27.2	88.23	42.72	60.21	86.98	90.45	71.4	77.08	16.49	62.48	82.01	41.98	27.66	93.06	82.73	10.0	82.01	41.98	27.66	93.06	82.73	10.0	51.2	43.83	55.97	39.32	34.93
14	54.92	46.87	57.31	37.44	87.71	12.81	72.44	58.01	50.8	55.36	62.65	64.62	60.31	86.02	0.0	50.36	35.44	54.41	60.54	35.36	38.42	68.66	13.6	47.42	50.09	89.49	73.82	65.51	25.08	55.9	28.79	31.26	8.06	73.01	64.01	91.78	56.64	5.0	88.19	83.82	46.17	9.85	78.1	5.0	88.19	83.82	46.17	9.85	78.1	38.28	51.89	38.59	47.52	56.32
15	36.22	15.52	22.0	33.02	55.07	42.19	26.08	80.6	25.63	65.76	67.42	70.94	53.15	36.88	50.36	0.0	16.49	38.47	29.61	15.03	26.91	27.02	37.05	57.45	73.11	41.34	40.72	16.12	51.62	31.0	23.35	59.03	54.01	65.38	64.85	46.65	49.48	46.87	55.95	35.51	69.43	46.1	28.07	46.87	55.95	35.51	69.43	46.1	28.07	23.6	28.16	31.06	13.34	22.36
16	41.76	22.47	24.08	31.14	67.48	26.0	42.05	75.58	21.19	63.79	67.48	70.71	56.22	53.37	35.44	16.49	0.0	43.17	39.66	5.1	14.56	41.4	21.84	54.82	67.54	54.08	52.63	30.27	35.34	38.48	7.0	50.8	38.12	69.58	66.07	62.61	52.15	32.7	68.25	48.38	63.53	30.02	44.41	32.7	68.25	48.38	63.53	30.02	44.41	23.09	34.54	30.02	21.4	32.8
17	2.83	23.09	60.3	17.03	34.48	55.32	36.88	50.25	62.07	32.02	30.81	34.41	14.87	51.61	54.41	38.47	43.17	0.0	15.0	38.08	57.72	28.6	47.51	26.4	44.78	72.67	23.02	50.16	70.8	9.22	45.31	40.01	61.85	27.02	27.29	48.08	11.66	49.41	34.79	67.42	42.38	57.28	49.52	49.41	34.79	67.42	42.38	57.28	49.52	20.62	10.44	16.28	25.18	18.87
18	12.21	17.2	51.35	25.08	28.32	58.25	21.93	65.19	55.08	47.01	45.34	48.92	28.6	36.62	60.54	29.61	39.66	15.0	0.0	35.0	53.71	13.6	50.77	41.18	59.48	58.67	13.6	37.85	72.25	6.32	43.93	52.61	67.08	38.28	41.4	34.37	26.17	55.71	29.0	53.67	56.86	61.06	34.83	55.71	29.0	53.67	56.86	61.06	34.83	22.36	9.06	23.19	18.36	7.28
19	36.69	17.8	27.46	26.31	63.03	27.46	39.22	71.59	25.71	59.2	62.65	65.92	51.16	51.48	35.36	15.03	5.1	38.08	35.0	0.0	19.65	37.74	22.02	50.29	63.63	55.04	48.17	30.36	38.59	33.54	9.43	47.51	39.05	64.5	61.13	59.62	47.1	32.02	63.78	49.24	59.68	31.26	43.01	32.02	63.78	49.24	59.68	31.26	43.01	18.03	29.55	25.08	16.97	28.32
20	56.32	36.67	20.4	45.01	81.02	26.08	52.8	86.98	12.53	76.79	81.1	84.21	70.58	61.74	38.42	26.91	14.56	57.72	53.71	19.65	0.0	53.76	26.25	67.74	78.77	55.15	66.29	35.44	28.02	52.92	14.32	60.84	38.01	84.01	80.01	73.24	66.48	37.48	81.84	50.01	74.67	30.02	52.0	37.48	81.84	50.01	74.67	30.02	52.0	37.48	49.04	44.1	35.36	46.65
21	25.81	21.84	46.24	36.5	28.79	64.08	8.6	78.77	51.97	60.61	58.69	62.24	41.77	23.02	68.66	27.02	41.4	28.6	13.6	37.74	53.76	0.0	57.25	54.71	72.95	46.62	16.0	29.15	76.32	19.72	47.17	65.0	74.33	50.12	54.56	23.19	39.62	64.13	29.73	42.06	70.21	67.42	21.95	64.13	29.73	42.06	70.21	67.42	21.95	31.06	21.19	34.37	21.54	13.04
22	47.38	35.47	44.1	30.81	78.82	7.81	60.21	63.15	38.21	56.32	62.37	64.94	56.36	73.25	13.6	37.05	21.84	47.51	50.77	22.02	26.25	57.25	0.0	47.52	54.92	75.89	64.35	51.97	23.71	47.01	15.23	36.14	17.26	69.78	62.64	80.08	52.35	11.4	79.4	70.21	50.8	10.3	65.0	11.4	79.4	70.21	50.8	10.3	65.0	28.6	42.8	31.24	35.74	45.62
23	29.07	42.8	77.08	24.6	57.01	54.34	62.68	24.21	75.96	9.06	15.23	17.46	19.24	77.7	47.42	57.45	54.82	26.4	41.18	50.29	67.74	54.71	47.52	0.0	18.38	96.26	48.51	72.01	70.34	34.99	53.46	20.0	55.46	28.02	17.03	74.33	18.03	43.08	57.0	90.69	16.28	54.41	74.65	43.08	57.0	90.69	16.28	54.41	74.65	34.0	34.21	26.42	45.0	43.42
24	47.42	59.41	91.07	40.31	74.43	60.21	80.78	8.25	88.57	16.12	24.04	23.26	36.22	95.88	50.09	73.11	67.54	44.78	59.48	63.63	78.77	72.95	54.92	18.38	0.0	113.17	66.76	88.41	75.01	53.24	64.62	19.03	57.43	41.0	28.64	92.7	35.9	47.01	74.33	107.49	4.12	59.01	92.42	47.01	74.33	107.49	4.12	59.01	92.42	49.58	52.15	42.43	61.52	61.29
25	69.89	53.76	35.0	72.92	70.46	79.08	38.28	120.22	44.05	103.71	103.47	107.07	87.13	30.02	89.49	41.34	54.08	72.67	58.67	55.04	55.15	46.62	75.89	96.26	113.17	0.0	61.68	25.24	83.05	63.51	60.73	100.21	91.44	96.61	99.86	46.27	84.31	86.73	71.45	5.83	109.71	83.2	25.0	86.73	71.45	5.83	109.71	83.2	25.0	63.89	62.8	70.77	51.66	53.82
26	21.02	30.41	61.4	37.36	14.87	71.85	23.54	71.31	66.31	52.39	48.55	51.87	31.76	34.67	73.82	40.72	52.63	23.02	13.6	48.17	66.29	16.0	64.35	48.51	66.76	61.68	0.0	45.1	85.8	18.03	57.28	63.0	80.53	36.88	43.83	26.42	31.02	68.94	15.62	57.49	64.76	74.63	36.69	68.94	15.62	57.49	64.76	74.63	36.69	35.85	21.93	35.74	31.24	19.85
27	47.54	29.21	19.8	48.1	57.49	56.14	23.41	95.67	28.02	79.88	80.53	84.12	65.0	27.2	65.51	16.12	30.27	50.16	37.85	30.36	35.44	29.15	51.97	72.01	88.41	25.24	45.1	0.0	62.97	41.44	37.22	75.0	68.36	75.96	77.39	41.23	61.74	62.36	58.46	19.42	84.85	60.21	17.2	62.36	58.46	19.42	84.85	60.21	17.2	38.9	39.81	46.01	27.02	31.62
28	70.43	55.61	48.09	54.38	100.57	16.16	77.39	83.01	39.32	78.85	85.44	87.8	80.06	88.23	25.08	51.62	35.34	70.8	72.25	38.59	28.02	76.32	23.71	70.34	75.01	83.05	85.8	62.97	0.0	69.31	29.15	56.04	18.97	93.47	86.03	97.94	76.06	28.07	101.24	78.0	71.03	16.12	78.85	28.07	101.24	78.0	71.03	16.12	78.85	50.99	65.07	54.64	55.22	66.22
29	6.4	16.49	53.0	19.42	31.91	54.67	27.8	59.08	55.73	41.11	40.0	43.6	23.71	42.72	55.9	31.0	38.48	9.22	6.32	33.54	52.92	19.72	47.01	34.99	53.24	63.51	18.03	41.44	69.31	0.0	41.88	46.39	62.77	34.71	36.36	40.61	20.81	50.99	32.45	58.31	50.57	57.2	40.31	50.99	32.45	58.31	50.57	57.2	40.31	18.44	4.24	17.72	18.25	9.85
30	44.28	26.87	29.21	31.26	72.14	19.0	48.47	72.8	24.41	62.51	67.01	70.06	57.27	60.21	28.79	23.35	7.0	45.31	43.93	9.43	14.32	47.17	15.23	53.46	64.62	60.73	57.28	37.22	29.15	41.88	0.0	47.01	31.14	70.83	66.12	68.94	53.15	26.42	72.86	55.08	60.54	23.02	51.35	26.42	72.86	55.08	60.54	23.02	51.35	24.7	37.74	30.59	26.25	37.48
31	42.01	47.41	74.81	28.79	73.82	41.19	71.78	27.17	71.34	25.81	34.06	35.23	38.08	86.98	31.26	59.03	50.8	40.01	52.61	47.51	60.84	65.0	36.14	20.0	19.03	100.21	63.0	75.0	56.04	46.39	47.01	0.0	38.83	48.01	36.8	86.98	35.74	28.0	73.98	94.4	15.0	40.0	81.86	28.0	73.98	94.4	15.0	40.0	81.86	36.72	43.93	31.02	49.24	52.2
32	62.2	52.5	57.94	44.82	94.67	12.37	77.47	65.19	50.54	63.32	70.68	72.62	68.25	90.45	8.06	54.01	38.12	61.85	67.08	39.05	38.01	74.33	17.26	55.46	57.43	91.44	80.53	68.36	18.97	62.77	31.14	38.83	0.0	81.02	72.07	97.27	64.54	12.81	95.19	85.91	53.6	8.25	82.05	12.81	95.19	85.91	53.6	8.25	82.05	44.72	58.67	45.8	52.89	62.39
33	29.15	50.09	87.28	39.85	38.01	77.37	58.67	42.01	89.02	25.0	17.12	19.03	13.6	71.4	73.01	65.38	69.58	27.02	38.28	64.5	84.01	50.12	69.78	28.02	41.0	96.61	36.88	75.96	93.47	34.71	70.83	48.01	81.02	0.0	12.37	62.37	17.72	68.24	37.58	91.79	41.11	78.39	72.07	68.24	37.58	91.79	41.11	78.39	72.07	46.53	37.22	40.26	52.15	44.38
34	30.02	49.34	86.12	35.0	48.08	69.89	63.13	30.07	86.58	12.65	5.1	8.06	12.81	77.08	64.01	64.85	66.07	27.29	41.4	61.13	80.01	54.56	62.64	17.03	28.64	99.86	43.83	77.39	86.03	36.36	66.12	36.8	72.07	12.37	0.0	70.18	15.65	59.48	47.8	94.67	28.79	70.38	76.22	59.48	47.8	94.67	28.79	70.38	76.22	43.29	37.58	36.06	51.55	46.14
35	45.61	44.91	60.96	59.08	27.29	86.65	20.59	97.58	68.59	78.72	74.95	78.23	58.18	16.49	91.78	46.65	62.61	48.08	34.37	59.62	73.24	23.19	80.08	74.33	92.7	46.27	26.42	41.23	97.94	40.61	68.94	86.98	97.27	62.37	70.18	0.0	57.27	87.3	28.18	44.15	90.44	90.14	25.06	87.3	28.18	44.15	90.44	90.14	25.06	54.23	43.19	57.04	44.38	36.06
36	14.42	33.96	71.02	22.14	39.0	60.03	48.08	40.31	72.06	21.47	19.21	22.8	4.12	62.48	56.64	49.48	52.15	11.66	26.17	47.1	66.48	39.62	52.35	18.03	35.9	84.31	31.02	61.74	76.06	20.81	53.15	35.74	64.54	17.72	15.65	57.27	0.0	51.74	39.01	79.08	34.23	61.29	60.96	51.74	39.01	79.08	34.23	61.29	60.96	29.07	21.93	22.56	36.14	30.53
37	49.93	42.43	55.47	32.45	82.76	13.6	68.18	55.08	49.58	51.24	58.31	60.41	55.44	82.01	5.0	46.87	32.7	49.41	55.71	32.02	37.48	64.13	11.4	43.08	47.01	86.73	68.94	62.36	28.07	50.99	26.42	28.0	12.81	68.24	59.48	87.3	51.74	0.0	83.24	80.99	43.0	12.0	74.33	0.0	83.24	80.99	43.0	12.0	74.33	33.53	47.01	33.62	43.19	51.66
38	33.62	46.01	75.96	50.99	1.0	87.01	35.36	77.47	81.39	58.69	52.89	55.66	38.12	41.98	88.19	55.95	68.25	34.79	29.0	63.78	81.84	29.73	79.4	57.0	74.33	71.45	15.62	58.46	101.24	32.45	72.86	73.98	95.19	37.58	47.8	28.18	39.01	83.24	0.0	68.07	73.06	89.63	47.01	83.24	0.0	68.07	73.06	89.63	47.01	50.8	36.62	49.65	46.86	35.47
39	64.66	48.08	30.15	67.21	67.07	73.55	33.96	114.59	39.32	98.23	98.18	101.79	81.99	27.66	83.82	35.51	48.38	67.42	53.67	49.24	50.01	42.06	70.21	90.69	107.49	5.83	57.49	19.42	78.0	58.31	55.08	94.4	85.91	91.79	94.67	44.15	79.08	80.99	68.07	0.0	104.0	77.67	21.1	80.99	68.07	0.0	104.0	77.67	21.1	58.14	57.43	65.07	45.97	48.55
40	44.94	55.97	87.13	36.8	73.11	56.14	77.9	12.37	84.53	16.16	24.6	24.41	35.0	93.06	46.17	69.43	63.53	42.38	56.86	59.68	74.67	70.21	50.8	16.28	4.12	109.71	64.76	84.85	71.03	50.57	60.54	15.0	53.6	41.11	28.79	90.44	34.23	43.0	73.06	104.0	0.0	55.0	89.31	43.0	73.06	104.0	0.0	55.0	89.31	45.97	49.24	38.95	58.05	58.31
41	57.31	45.69	49.77	40.36	89.05	4.12	70.09	67.07	42.54	62.82	69.57	71.84	65.19	82.73	9.85	46.1	30.02	57.28	61.06	31.26	30.02	67.42	10.3	54.41	59.01	83.2	74.63	60.21	16.12	57.2	23.02	40.0	8.25	78.39	70.38	90.14	61.29	12.0	89.63	77.67	55.0	0.0	74.17	12.0	89.63	77.67	55.0	0.0	74.17	38.83	53.01	41.01	45.88	55.9
42	46.69	34.54	36.88	53.24	46.01	70.26	13.42	98.86	45.22	81.34	80.16	83.74	63.41	10.0	78.1	28.07	44.41	49.52	34.83	43.01	52.0	21.95	65.0	74.65	92.42	25.0	36.69	17.2	78.85	40.31	51.35	81.86	82.05	72.07	76.22	25.06	60.96	74.33	47.01	21.1	89.31	74.17	0.0	74.33	47.01	21.1	89.31	74.17	0.0	45.31	40.46	51.0	32.89	31.24
43	49.93	42.43	55.47	32.45	82.76	13.6	68.18	55.08	49.58	51.24	58.31	60.41	55.44	82.01	5.0	46.87	32.7	49.41	55.71	32.02	37.48	64.13	11.4	43.08	47.01	86.73	68.94	62.36	28.07	50.99	26.42	28.0	12.81	68.24	59.48	87.3	51.74	0.0	83.24	80.99	43.0	12.0	74.33	0.0	83.24	80.99	43.0	12.0	74.33	33.53	47.01	33.62	43.19	51.66
44	33.62	46.01	75.96	50.99	1.0	87.01	35.36	77.47	81.39	58.69	52.89	55.66	38.12	41.98	88.19	55.95	68.25	34.79	29.0	63.78	81.84	29.73	79.4	57.0	74.33	71.45	15.62	58.46	101.24	32.45	72.86	73.98	95.19	37.58	47.8	28.18	39.01	83.24	0.0	68.07	73.06	89.63	47.01	83.24	0.0	68.07	73.06	89.63	47.01	50.8	36.62	49.65	46.86	35.47
45	64.66	48.08	30.15	67.21	67.07	73.55	33.96	114.59	39.32	98.23	98.18	101.79	81.99	27.66	83.82	35.51	48.38	67.42	53.67	49.24	50.01	42.06	70.21	90.69	107.49	5.83	57.49	19.42	78.0	58.31	55.08	94.4	85.91	91.79	94.67	44.15	79.08	80.99	68.07	0.0	104.0	77.67	21.1	80.99	68.07	0.0	104.0	77.67	21.1	58.14	57.43	65.07	45.97	48.55
46	44.94	55.97	87.13	36.8	73.11	56.14	77.9	12.37	84.53	16.16	24.6	24.41	35.0	93.06	46.17	69.43	63.53	42.38	56.86	59.68	74.67	70.21	50.8	16.28	4.12	109.71	64.76	84.85	71.03	50.57	60.54	15.0	53.6	41.11	28.79	90.44	34.23	43.0	73.06	104.0	0.0	55.0	89.31	43.0	73.06	104.0	0.0	55.0	89.31	45.97	49.24	38.95	58.05	58.31
47	57.31	45.69	49.77	40.36	89.05	4.12	70.09	67.07	42.54	62.82	69.57	71.84	65.19	82.73	9.85	46.1	30.02	57.28	61.06	31.26	30.02	67.42	10.3	54.41	59.01	83.2	74.63	60.21	16.12	57.2	23.02	40.0	8.25	78.39	70.38	90.14	61.29	12.0	89.63	77.67	55.0	0.0	74.17	12.0	89.63	77.67	55.0	0.0	74.17	38.83	53.01	41.01	45.88	55.9
48	46.69	34.54	36.88	53.24	46.01	70.26	13.42	98.86	45.22	81.34	80.16	83.74	63.41	10.0	78.1	28.07	44.41	49.52	34.83	43.01	52.0	21.95	65.0	74.65	92.42	25.0	36.69	17.2	78.85	40.31	51.35	81.86	82.05	72.07	76.22	25.06	60.96	74.33	47.01	21.1	89.31	74.17	0.0	74.33	47.01	21.1	89.31	74.17	0.0	45.31	40.46	51.0	32.89	31.24
49	19.72	10.77	43.32	9.43	50.22	36.24	36.35	57.01	43.29	42.54	45.12	48.51	33.14	51.2	38.28	23.6	23.09	20.62	22.36	18.03	37.48	31.06	28.6	34.0	49.58	63.89	35.85	38.9	50.99	18.44	24.7	36.72	44.72	46.53	43.29	54.23	29.07	33.53	50.8	58.14	45.97	38.83	45.31	33.53	50.8	58.14	45.97	38.83	45.31	0.0	14.21	7.62	12.53	18.25
50	8.06	13.04	50.09	16.03	36.06	50.45	28.65	58.41	52.35	41.04	40.82	44.42	25.3	43.83	51.89	28.16	34.54	10.44	9.06	29.55	49.04	21.19	42.8	34.21	52.15	62.8	21.93	39.81	65.07	4.24	37.74	43.93	58.67	37.22	37.58	43.19	21.93	47.01	36.62	57.43	49.24	53.01	40.46	47.01	36.62	57.43	49.24	53.01	40.46	14.21	0.0	14.14	15.0	9.22
51	16.4	17.03	50.92	2.24	49.19	39.05	40.8	49.68	50.64	34.93	37.66	41.0	26.68	55.97	38.59	31.06	30.02	16.28	23.19	25.08	44.1	34.37	31.24	26.42	42.43	70.77	35.74	46.01	54.64	17.72	30.59	31.02	45.8	40.26	36.06	57.04	22.56	33.62	49.65	65.07	38.95	41.01	51.0	33.62	49.65	65.07	38.95	41.01	51.0	7.62	14.14	0.0	19.1	21.38
52	23.02	2.24	35.13	21.26	46.1	42.54	25.02	68.68	37.48	53.0	54.23	57.78	39.81	39.32	47.52	13.34	21.4	25.18	18.36	16.97	35.36	21.54	35.74	45.0	61.52	51.66	31.24	27.02	55.22	18.25	26.25	49.24	52.89	52.15	51.55	44.38	36.14	43.19	46.86	45.97	58.05	45.88	32.89	43.19	46.86	45.97	58.05	45.88	32.89	12.53	15.0	19.1	0.0	11.4
53	16.12	10.63	44.18	23.54	34.71	52.84	19.7	67.62	47.8	50.21	49.65	53.25	33.54	34.93	56.32	22.36	32.8	18.87	7.28	28.32	46.65	13.04	45.62	43.42	61.29	53.82	19.85	31.62	66.22	9.85	37.48	52.2	62.39	44.38	46.14	36.06	30.53	51.66	35.47	48.55	58.31	55.9	31.24	51.66	35.47	48.55	58.31	55.9	31.24	18.25	9.22	21.38	11.4	0.0
;
