set K:= 1	2	3	4	5;
set C_H:= 1	2	3	4	5	6	7	8	9	10	11	12;
set C_S:= 13	14	15	16	17	18	19	20	21	22;
set C_F:= 23	24	25	26	27	28	29	30	31	32;
set M:= 33	34	35	36	37	38;
set L_B:= 39	40	41	42	43;
set A1:=
(0,*) 1 2 3 4 5 6 7 8 9 10 11 12 23 24 25 26 27 28 29 30 31 32 33 34 35 36 37 38 39 40 41 42 43 44
(1,*) 0 2 3 4 5 6 7 8 9 10 11 12 23 24 25 26 27 28 29 30 31 32 33 34 35 36 37 38 39 40 41 42 43 44
(2,*) 0 1 3 4 5 6 7 8 9 10 11 12 23 24 25 26 27 28 29 30 31 32 33 34 35 36 37 38 39 40 41 42 43 44
(3,*) 0 1 2 4 5 6 7 8 9 10 11 12 23 24 25 26 27 28 29 30 31 32 33 34 35 36 37 38 39 40 41 42 43 44
(4,*) 0 1 2 3 5 6 7 8 9 10 11 12 23 24 25 26 27 28 29 30 31 32 33 34 35 36 37 38 39 40 41 42 43 44
(5,*) 0 1 2 3 4 6 7 8 9 10 11 12 23 24 25 26 27 28 29 30 31 32 33 34 35 36 37 38 39 40 41 42 43 44
(6,*) 0 1 2 3 4 5 7 8 9 10 11 12 23 24 25 26 27 28 29 30 31 32 33 34 35 36 37 38 39 40 41 42 43 44
(7,*) 0 1 2 3 4 5 6 8 9 10 11 12 23 24 25 26 27 28 29 30 31 32 33 34 35 36 37 38 39 40 41 42 43 44
(8,*) 0 1 2 3 4 5 6 7 9 10 11 12 23 24 25 26 27 28 29 30 31 32 33 34 35 36 37 38 39 40 41 42 43 44
(9,*) 0 1 2 3 4 5 6 7 8 10 11 12 23 24 25 26 27 28 29 30 31 32 33 34 35 36 37 38 39 40 41 42 43 44
(10,*) 0 1 2 3 4 5 6 7 8 9 11 12 23 24 25 26 27 28 29 30 31 32 33 34 35 36 37 38 39 40 41 42 43 44
(11,*) 0 1 2 3 4 5 6 7 8 9 10 12 23 24 25 26 27 28 29 30 31 32 33 34 35 36 37 38 39 40 41 42 43 44
(12,*) 0 1 2 3 4 5 6 7 8 9 10 11 23 24 25 26 27 28 29 30 31 32 33 34 35 36 37 38 39 40 41 42 43 44
(23,*) 0 1 2 3 4 5 6 7 8 9 10 11 12 24 25 26 27 28 29 30 31 32 33 34 35 36 37 38 39 40 41 42 43 44
(24,*) 0 1 2 3 4 5 6 7 8 9 10 11 12 23 25 26 27 28 29 30 31 32 33 34 35 36 37 38 39 40 41 42 43 44
(25,*) 0 1 2 3 4 5 6 7 8 9 10 11 12 23 24 26 27 28 29 30 31 32 33 34 35 36 37 38 39 40 41 42 43 44
(26,*) 0 1 2 3 4 5 6 7 8 9 10 11 12 23 24 25 27 28 29 30 31 32 33 34 35 36 37 38 39 40 41 42 43 44
(27,*) 0 1 2 3 4 5 6 7 8 9 10 11 12 23 24 25 26 28 29 30 31 32 33 34 35 36 37 38 39 40 41 42 43 44
(28,*) 0 1 2 3 4 5 6 7 8 9 10 11 12 23 24 25 26 27 29 30 31 32 33 34 35 36 37 38 39 40 41 42 43 44
(29,*) 0 1 2 3 4 5 6 7 8 9 10 11 12 23 24 25 26 27 28 30 31 32 33 34 35 36 37 38 39 40 41 42 43 44
(30,*) 0 1 2 3 4 5 6 7 8 9 10 11 12 23 24 25 26 27 28 29 31 32 33 34 35 36 37 38 39 40 41 42 43 44
(31,*) 0 1 2 3 4 5 6 7 8 9 10 11 12 23 24 25 26 27 28 29 30 32 33 34 35 36 37 38 39 40 41 42 43 44
(32,*) 0 1 2 3 4 5 6 7 8 9 10 11 12 23 24 25 26 27 28 29 30 31 33 34 35 36 37 38 39 40 41 42 43 44
(33,*) 0 1 2 3 4 5 6 7 8 9 10 11 12 23 24 25 26 27 28 29 30 31 32 34 35 36 37 38 39 40 41 42 43 44
(34,*) 0 1 2 3 4 5 6 7 8 9 10 11 12 23 24 25 26 27 28 29 30 31 32 33 35 36 37 38 39 40 41 42 43 44
(35,*) 0 1 2 3 4 5 6 7 8 9 10 11 12 23 24 25 26 27 28 29 30 31 32 33 34 36 37 38 39 40 41 42 43 44
(36,*) 0 1 2 3 4 5 6 7 8 9 10 11 12 23 24 25 26 27 28 29 30 31 32 33 34 35 37 38 39 40 41 42 43 44
(37,*) 0 1 2 3 4 5 6 7 8 9 10 11 12 23 24 25 26 27 28 29 30 31 32 33 34 35 36 38 39 40 41 42 43 44
(38,*) 0 1 2 3 4 5 6 7 8 9 10 11 12 23 24 25 26 27 28 29 30 31 32 33 34 35 36 37 39 40 41 42 43 44
(39,*) 0 1 2 3 4 5 6 7 8 9 10 11 12 23 24 25 26 27 28 29 30 31 32 33 34 35 36 37 38 40 41 42 43 44
(40,*) 0 1 2 3 4 5 6 7 8 9 10 11 12 23 24 25 26 27 28 29 30 31 32 33 34 35 36 37 38 39 41 42 43 44
(41,*) 0 1 2 3 4 5 6 7 8 9 10 11 12 23 24 25 26 27 28 29 30 31 32 33 34 35 36 37 38 39 40 42 43 44
(42,*) 0 1 2 3 4 5 6 7 8 9 10 11 12 23 24 25 26 27 28 29 30 31 32 33 34 35 36 37 38 39 40 41 43 44
(43,*) 0 1 2 3 4 5 6 7 8 9 10 11 12 23 24 25 26 27 28 29 30 31 32 33 34 35 36 37 38 39 40 41 42 44
(44,*) 0 1 2 3 4 5 6 7 8 9 10 11 12 23 24 25 26 27 28 29 30 31 32 33 34 35 36 37 38 39 40 41 42 43
;
set A2:=
(33,*) 34
(34,*) 33
;
param BigM:=99999;
param n:= 5;
param d:=
1	23
2	18
3	10
4	23
5	24
6	13
7	10
8	19
9	14
10	13
11	2
12	24
13	5
14	8
15	19
16	18
17	5
18	14
19	8
20	14
21	15
22	8
23	14
24	13
25	20
26	9
27	9
28	18
29	10
30	23
31	20
32	3
;
param Q:=100;
param w:=
[33,*] 34 2
[34,*] 33 2
;
param V:=
[33,*] 34 75
[34,*] 33 75
;
param e:
	33	34	35	36	37	38	39	40	41	42	43:=
13		1		0		0		0		1		0		0		0		0		0		0	
14		0		1		0		0		0		0		0		0		0		0		0	
15		0		1		0		0		0		0		0		0		0		0		0	
16		0		0		1		0		0		1		0		0		0		0		0	
17		1		0		0		0		0		0		0		0		1		0		0	
18		1		0		0		0		0		0		0		0		1		0		0	
19		0		1		0		0		0		0		0		0		0		0		0	
20		0		0		0		0		0		0		0		1		0		0		0	
21		1		0		0		0		1		0		0		0		0		0		1	
22		0		0		0		0		1		0		0		0		0		0		0	
23		0		0		0		0		0		0		1		0		0		0		0	
24		0		0		0		0		0		0		0		1		0		0		0	
25		0		1		0		0		0		0		0		1		0		1		0	
26		0		0		0		0		0		0		0		1		0		1		0	
27		1		0		0		0		1		0		0		0		0		0		0	
28		0		0		0		0		0		0		1		0		0		0		1	
29		0		0		0		0		0		0		1		0		0		0		0	
30		0		1		0		0		0		0		0		1		0		0		0	
31		0		1		0		0		0		0		0		1		0		0		0	
32		0		1		0		0		0		0		0		0		0		0		0	
;
param p:=
1	1
2	1
3	1
4	1
5	1
;
param G:=
33	73
34	75
35	79
36	80
37	94
38	100
39	95
40	94
41	77
42	74
43	99
;
param s:=
0	0
1	10
2	10
3	10
4	10
5	10
6	10
7	10
8	10
9	10
10	10
11	10
12	10
23	10
24	10
25	10
26	10
27	10
28	10
29	10
30	10
31	10
32	10
33	10
34	10
35	10
36	10
37	10
38	10
39	10
40	10
41	10
42	10
43	10
;
param t:
	0	1	2	3	4	5	6	7	8	9	10	11	12	13	14	15	16	17	18	19	20	21	22	23	24	25	26	27	28	29	30	31	32	33	34	35	36	37	38	39	40	41	42	43	44:=
0	0.0	14.56	24.0	64.35	56.22	72.01	19.24	39.7	7.81	10.77	22.36	65.0	29.53	45.45	60.83	73.36	64.82	17.8	33.12	31.4	61.07	17.09	40.01	45.45	36.4	55.33	41.11	39.05	20.0	39.05	61.13	61.0	40.31	30.48	55.66	75.74	28.28	40.31	61.77	33.24	45.18	24.0	45.88	12.53	0.0
1	14.56	0.0	31.3	54.23	45.18	75.8	33.62	52.5	19.1	25.3	24.33	57.07	43.86	59.08	56.14	64.2	71.59	30.81	44.6	21.59	58.05	31.62	54.08	55.01	31.26	54.78	38.6	51.74	28.64	48.75	57.87	58.69	26.4	44.1	49.09	83.24	24.74	54.56	66.6	42.49	42.2	31.3	48.26	25.08	14.56
2	24.0	31.3	0.0	85.49	76.48	94.24	22.67	26.68	30.41	22.36	10.77	87.64	27.86	35.36	84.59	95.27	85.0	14.87	16.76	52.55	85.05	24.08	47.17	63.51	59.84	79.23	65.07	25.71	41.76	57.45	85.09	85.0	56.22	23.35	78.85	94.87	20.4	35.23	83.57	52.77	69.12	0.0	69.23	31.95	24.0
3	64.35	54.23	85.49	0.0	10.0	66.91	81.69	103.81	62.48	73.41	78.11	11.66	91.35	108.58	25.71	11.05	75.06	82.1	97.42	33.12	32.76	78.75	91.84	74.33	31.4	41.01	34.54	103.23	60.44	71.18	31.78	35.69	34.0	94.02	18.03	86.02	75.5	101.86	65.0	66.65	32.28	85.49	49.03	66.48	64.35
4	56.22	45.18	76.48	10.0	0.0	69.26	74.25	95.9	55.17	65.8	68.71	18.87	84.17	101.14	29.68	21.02	75.33	74.03	89.05	24.84	36.24	71.42	86.45	71.59	26.57	42.45	32.14	95.27	54.71	67.72	35.36	38.91	24.0	86.37	20.12	86.83	65.73	94.85	65.76	62.63	31.02	76.48	48.0	59.67	56.22
5	72.01	75.8	94.24	66.91	69.26	0.0	75.31	95.13	64.47	72.12	94.37	56.22	79.16	94.09	41.3	65.0	16.64	81.49	95.19	64.03	34.23	72.57	64.63	36.22	50.8	26.93	41.62	95.19	52.55	40.01	35.23	31.26	79.88	85.38	49.48	21.93	99.13	85.09	11.05	42.58	40.31	94.24	27.66	62.3	72.01
6	19.24	33.62	22.67	81.69	74.25	75.31	0.0	22.85	19.21	8.6	29.15	80.78	10.3	26.91	74.09	89.87	64.26	7.81	20.02	49.52	72.8	3.16	25.08	42.05	51.62	64.94	53.85	22.47	25.5	36.4	73.08	72.03	59.54	12.53	70.71	73.36	38.6	21.1	64.33	32.76	57.94	22.67	53.15	16.16	19.24
7	39.7	52.5	26.68	103.81	95.9	95.13	22.85	0.0	41.68	30.53	37.36	103.45	16.0	9.06	96.93	112.36	82.2	21.93	10.05	71.06	95.51	26.0	34.01	59.68	74.3	87.32	76.69	1.0	48.08	55.15	95.82	94.64	78.87	10.44	93.48	89.56	47.07	13.45	84.1	53.04	80.78	26.68	75.13	39.0	39.7
8	7.81	19.1	30.41	62.48	55.17	64.47	19.21	41.68	0.0	11.18	30.02	61.77	29.0	46.1	56.04	70.72	57.01	20.88	36.69	30.61	55.58	16.28	35.36	37.8	32.65	49.01	35.9	41.18	12.21	31.4	55.73	55.23	42.38	31.62	51.89	67.94	36.07	39.7	54.12	25.5	40.02	30.41	38.83	6.0	7.81
9	10.77	25.3	22.36	73.41	65.8	72.12	8.6	30.53	11.18	0.0	25.61	72.95	18.87	35.36	67.05	81.84	62.65	10.05	25.71	41.01	66.29	6.32	30.41	41.4	43.83	59.14	46.84	30.02	20.1	35.23	66.49	65.76	51.0	20.62	63.07	72.67	34.0	29.68	61.35	30.41	50.96	22.36	48.09	10.05	10.77
10	22.36	24.33	10.77	78.11	68.71	94.37	29.15	37.36	30.02	25.61	0.0	81.39	36.5	45.89	80.0	88.32	86.84	21.84	27.51	45.89	81.3	29.53	54.23	66.53	55.0	76.69	61.4	36.4	42.19	60.21	81.22	81.61	47.17	33.0	73.33	97.45	10.0	45.0	84.12	54.82	65.28	10.77	68.01	33.42	22.36
11	65.0	57.07	87.64	11.66	18.87	56.22	80.78	103.45	61.77	72.95	81.39	0.0	89.87	107.34	15.0	10.3	65.62	82.29	97.99	35.51	22.02	77.7	87.78	67.54	29.15	31.4	29.07	102.96	57.49	65.19	21.02	25.02	41.23	93.3	10.63	76.11	80.16	100.0	55.33	61.4	25.81	87.64	41.23	64.9	65.0
12	29.53	43.86	27.86	91.35	84.17	79.16	10.3	16.0	29.0	18.87	36.5	89.87	0.0	17.49	82.29	99.2	66.49	15.0	18.03	59.55	80.41	12.81	20.52	43.93	60.8	71.84	62.18	16.03	33.11	39.2	80.78	79.38	69.84	6.71	79.61	74.33	46.39	10.82	68.12	37.05	66.19	27.86	59.44	25.0	29.53
13	45.45	59.08	35.36	108.58	101.14	94.09	26.91	9.06	46.1	35.36	45.89	107.34	17.49	0.0	99.73	116.61	80.16	28.3	19.0	76.37	97.69	29.83	30.41	58.0	78.24	88.87	79.65	10.05	50.54	54.23	98.09	96.57	85.45	15.0	97.1	86.49	55.73	9.0	83.15	53.15	83.65	35.36	76.24	42.44	45.45
14	60.83	56.14	84.59	25.71	29.68	41.3	74.09	96.93	56.04	67.05	80.0	15.0	82.29	99.73	0.0	24.52	50.8	76.92	92.72	36.14	7.07	70.94	77.34	54.64	25.0	16.76	20.25	96.57	49.19	53.15	6.08	10.05	47.17	86.54	9.9	61.13	80.62	91.79	40.45	50.25	16.16	84.59	28.02	57.94	60.83
15	73.36	64.2	95.27	11.05	21.02	65.0	89.87	112.36	70.72	81.84	88.32	10.3	99.2	116.61	24.52	0.0	75.31	90.92	106.47	42.72	31.26	86.84	97.84	77.83	38.42	41.23	39.2	111.83	67.21	75.47	30.27	34.23	45.01	102.34	20.81	85.48	86.15	109.48	64.94	71.61	36.06	95.27	51.48	74.2	73.36
16	64.82	71.59	85.0	75.06	75.33	16.64	64.26	82.2	57.01	62.65	86.84	65.62	66.49	80.16	50.8	75.31	0.0	71.18	83.52	64.47	44.15	61.85	50.0	22.56	52.5	34.23	44.15	82.38	44.82	27.86	45.12	41.23	81.15	73.01	57.04	12.08	92.96	71.18	10.44	32.25	44.41	85.0	27.89	53.54	64.82
17	17.8	30.81	14.87	82.1	74.03	81.49	7.81	21.93	20.88	10.05	21.84	82.29	15.0	28.3	76.92	90.92	71.18	0.0	15.81	49.2	76.3	9.43	32.65	49.24	53.31	69.18	56.75	21.26	30.02	43.38	76.49	75.8	57.2	13.42	72.62	80.62	31.58	24.74	70.6	39.22	60.88	14.87	58.03	20.0	17.8
18	33.12	44.6	16.76	97.42	89.05	95.19	20.02	10.05	36.69	25.71	27.51	97.99	18.03	19.0	92.72	106.47	83.52	15.81	0.0	64.35	91.98	23.0	38.42	61.03	69.08	84.59	72.53	9.06	45.18	55.79	92.2	91.41	70.72	11.4	88.39	91.92	37.11	21.02	84.17	52.61	76.66	16.76	73.06	35.36	33.12
19	31.4	21.59	52.55	33.12	24.84	64.03	49.52	71.06	30.61	41.01	45.89	35.51	59.55	76.37	36.14	42.72	64.47	49.2	64.35	0.0	39.4	46.75	63.69	54.15	13.45	39.05	22.63	70.43	32.28	49.0	39.0	40.71	16.76	61.55	28.07	76.56	45.01	70.29	56.94	43.05	25.0	52.55	37.22	35.51	31.4
20	61.07	58.05	85.05	32.76	36.24	34.23	72.8	95.51	55.58	66.29	81.3	22.02	80.41	97.69	7.07	31.26	44.15	76.3	91.98	39.4	0.0	69.64	73.82	49.68	26.93	10.82	20.0	95.21	47.43	48.84	1.0	3.0	52.01	85.07	16.12	54.23	82.76	89.47	33.73	46.62	16.03	85.05	23.35	56.75	61.07
21	17.09	31.62	24.08	78.75	71.42	72.57	3.16	26.0	16.28	6.32	29.53	77.7	12.81	29.83	70.94	86.84	61.85	9.43	23.0	46.75	69.64	0.0	25.0	39.82	48.55	61.81	50.7	25.63	22.36	34.01	69.92	68.88	57.25	15.65	67.6	71.2	38.63	23.6	61.61	30.08	54.78	24.08	50.09	13.0	17.09
22	40.01	54.08	47.17	91.84	86.45	64.63	25.08	34.01	35.36	30.41	54.23	87.78	20.52	30.41	77.34	97.84	50.0	32.65	38.42	63.69	73.82	25.0	0.0	28.44	60.46	63.81	58.73	34.44	31.76	26.0	74.4	72.11	77.37	27.02	77.16	56.09	63.57	21.59	53.94	27.2	62.23	47.17	50.77	29.43	40.01
23	45.45	55.01	63.51	74.33	71.59	36.22	42.05	59.68	37.8	41.4	66.53	67.54	43.93	58.0	54.64	77.83	22.56	49.24	61.03	54.15	49.68	39.82	28.44	0.0	45.4	38.95	39.85	59.84	26.42	6.4	50.45	47.42	70.58	50.45	57.27	31.38	73.66	49.0	25.5	12.53	42.15	63.51	26.63	33.24	45.45
24	36.4	31.26	59.84	31.4	26.57	50.8	51.62	74.3	32.65	43.83	55.0	29.15	60.8	78.24	25.0	38.42	52.5	53.31	69.08	13.45	26.93	48.55	60.46	45.4	0.0	25.61	9.22	73.82	29.07	41.23	26.68	27.86	29.15	64.14	19.31	64.51	55.9	71.06	44.28	36.06	11.66	59.84	24.7	35.81	36.4
25	55.33	54.78	79.23	41.01	42.45	26.93	64.94	87.32	49.01	59.14	76.69	31.4	71.84	88.87	16.76	41.23	34.23	69.18	84.59	39.05	10.82	61.81	63.81	38.95	25.61	0.0	16.64	87.1	39.46	38.42	11.66	8.49	53.91	76.9	23.09	45.01	79.38	80.41	24.02	36.72	14.14	79.23	13.04	49.25	55.33
26	41.11	38.6	65.07	34.54	32.14	41.62	53.85	76.69	35.9	46.84	61.4	29.07	62.18	79.65	20.25	39.2	44.15	56.75	72.53	22.63	20.0	50.7	58.73	39.85	9.22	16.64	0.0	76.32	29.15	36.67	20.02	20.22	38.28	66.31	18.44	56.04	63.32	71.87	35.47	32.45	4.12	65.07	16.28	37.7	41.11
27	39.05	51.74	25.71	103.23	95.27	95.19	22.47	1.0	41.18	30.02	36.4	102.96	16.03	10.05	96.57	111.83	82.38	21.26	9.06	70.43	95.21	25.63	34.44	59.84	73.82	87.1	76.32	0.0	47.8	55.23	95.51	94.37	78.1	10.2	93.02	89.84	46.1	14.14	84.15	53.01	80.41	25.71	74.97	38.63	39.05
28	20.0	28.64	41.76	60.44	54.71	52.55	25.5	48.08	12.21	20.1	42.19	57.49	33.11	50.54	49.19	67.21	44.82	30.02	45.18	32.28	47.43	22.36	31.76	26.42	29.07	39.46	29.15	47.8	0.0	20.12	47.76	46.57	47.17	37.64	47.01	55.87	48.17	42.72	42.05	13.89	33.12	41.76	28.02	10.05	20.0
29	39.05	48.75	57.45	71.18	67.72	40.01	36.4	55.15	31.4	35.23	60.21	65.19	39.2	54.23	53.15	75.47	27.86	43.38	55.79	49.0	48.84	34.01	26.0	6.4	41.23	38.42	36.67	55.23	20.12	0.0	49.52	46.86	65.19	45.54	54.71	37.44	67.27	45.28	29.0	6.32	39.45	57.45	25.5	26.87	39.05
30	61.13	57.87	85.09	31.78	35.36	35.23	73.08	95.82	55.73	66.49	81.22	21.02	80.78	98.09	6.08	30.27	45.12	76.49	92.2	39.0	1.0	69.92	74.4	50.45	26.68	11.66	20.02	95.51	47.76	49.52	0.0	4.0	51.4	85.38	15.26	55.23	82.57	89.9	34.71	47.2	16.0	85.09	24.04	57.01	61.13
31	61.0	58.69	85.0	35.69	38.91	31.26	72.03	94.64	55.23	65.76	81.61	25.02	79.38	96.57	10.05	34.23	41.23	75.8	91.41	40.71	3.0	68.88	72.11	47.42	27.86	8.49	20.22	94.37	46.57	46.86	4.0	0.0	53.91	84.2	18.79	51.24	83.43	88.24	30.81	44.94	16.49	85.0	21.4	56.09	61.0
32	40.31	26.4	56.22	34.0	24.0	79.88	59.54	78.87	42.38	51.0	47.17	41.23	69.84	85.45	47.17	45.01	81.15	57.2	70.72	16.76	52.01	57.25	77.37	70.58	29.15	53.91	38.28	78.1	47.17	65.19	51.4	53.91	0.0	70.46	37.59	93.23	42.72	80.62	73.36	59.08	39.82	56.22	53.67	48.08	40.31
33	30.48	44.1	23.35	94.02	86.37	85.38	12.53	10.44	31.62	20.62	33.0	93.3	6.71	15.0	86.54	102.34	73.01	13.42	11.4	61.55	85.07	15.65	27.02	50.45	64.14	76.9	66.31	10.2	37.64	45.54	85.38	84.2	70.46	0.0	83.24	80.99	43.0	12.0	74.33	43.01	70.38	23.35	64.78	28.64	30.48
34	55.66	49.09	78.85	18.03	20.12	49.48	70.71	93.48	51.89	63.07	73.33	10.63	79.61	97.1	9.9	20.81	57.04	72.62	88.39	28.07	16.12	67.6	77.16	57.27	19.31	23.09	18.44	93.02	47.01	54.71	15.26	18.79	37.59	83.24	0.0	68.07	73.06	89.63	47.01	50.8	15.26	78.85	31.32	54.71	55.66
35	75.74	83.24	94.87	86.02	86.83	21.93	73.36	89.56	67.94	72.67	97.45	76.11	74.33	86.49	61.13	85.48	12.08	80.62	91.92	76.56	54.23	71.2	56.09	31.38	64.51	45.01	56.04	89.84	55.87	37.44	55.23	51.24	93.23	80.99	68.07	0.0	104.0	77.67	21.1	42.64	56.09	94.87	39.85	64.03	75.74
36	28.28	24.74	20.4	75.5	65.73	99.13	38.6	47.07	36.07	34.0	10.0	80.16	46.39	55.73	80.62	86.15	92.96	31.58	37.11	45.01	82.76	38.63	63.57	73.66	55.9	79.38	63.32	46.1	48.17	67.27	82.57	83.43	42.72	43.0	73.06	104.0	0.0	55.0	89.31	61.52	66.94	20.4	72.01	40.46	28.28
37	40.31	54.56	35.23	101.86	94.85	85.09	21.1	13.45	39.7	29.68	45.0	100.0	10.82	9.0	91.79	109.48	71.18	24.74	21.02	70.29	89.47	23.6	21.59	49.0	71.06	80.41	71.87	14.14	42.72	45.28	89.9	88.24	80.62	12.0	89.63	77.67	55.0	0.0	74.17	44.38	75.8	35.23	67.68	35.38	40.31
38	61.77	66.6	83.57	65.0	65.76	11.05	64.33	84.1	54.12	61.35	84.12	55.33	68.12	83.15	40.45	64.94	10.44	70.6	84.17	56.94	33.73	61.61	53.94	25.5	44.28	24.02	35.47	84.15	42.05	29.0	34.71	30.81	73.36	74.33	47.01	21.1	89.31	74.17	0.0	31.58	35.17	83.57	19.72	51.62	61.77
39	33.24	42.49	52.77	66.65	62.63	42.58	32.76	53.04	25.5	30.41	54.82	61.4	37.05	53.15	50.25	71.61	32.25	39.22	52.61	43.05	46.62	30.08	27.2	12.53	36.06	36.72	32.45	53.01	13.89	6.32	47.2	44.94	59.08	43.01	50.8	42.64	61.52	44.38	31.58	0.0	35.61	52.77	23.71	21.4	33.24
40	45.18	42.2	69.12	32.28	31.02	40.31	57.94	80.78	40.02	50.96	65.28	25.81	66.19	83.65	16.16	36.06	44.41	60.88	76.66	25.0	16.03	54.78	62.23	42.15	11.66	14.14	4.12	80.41	33.12	39.45	16.0	16.49	39.82	70.38	15.26	56.09	66.94	75.8	35.17	35.61	0.0	69.12	17.03	41.79	45.18
41	24.0	31.3	0.0	85.49	76.48	94.24	22.67	26.68	30.41	22.36	10.77	87.64	27.86	35.36	84.59	95.27	85.0	14.87	16.76	52.55	85.05	24.08	47.17	63.51	59.84	79.23	65.07	25.71	41.76	57.45	85.09	85.0	56.22	23.35	78.85	94.87	20.4	35.23	83.57	52.77	69.12	0.0	69.23	31.95	24.0
42	45.88	48.26	69.23	49.03	48.0	27.66	53.15	75.13	38.83	48.09	68.01	41.23	59.44	76.24	28.02	51.48	27.89	58.03	73.06	37.22	23.35	50.09	50.77	26.63	24.7	13.04	16.28	74.97	28.02	25.5	24.04	21.4	53.67	64.78	31.32	39.85	72.01	67.68	19.72	23.71	17.03	69.23	0.0	38.05	45.88
43	12.53	25.08	31.95	66.48	59.67	62.3	16.16	39.0	6.0	10.05	33.42	64.9	25.0	42.44	57.94	74.2	53.54	20.0	35.36	35.51	56.75	13.0	29.43	33.24	35.81	49.25	37.7	38.63	10.05	26.87	57.01	56.09	48.08	28.64	54.71	64.03	40.46	35.38	51.62	21.4	41.79	31.95	38.05	0.0	12.53
;
