vehicles
vehicle_idx, capacity, cost_per_unit_distance
1,100,3
2,100,3
3,100,3
4,100,3
5,100,3
depot
node_idx,x,y
0,38,46
home delivery customers
node_idx,x,y,service_time,demand
1,96,7,10,23
2,78,84,10,1
3,36,48,10,5
4,98,51,10,22
5,78,65,10,2
6,72,79,10,2
7,37,88,10,9
8,16,73,10,2
9,75,96,10,12
10,11,66,10,1
11,50,2,10,7
12,22,53,10,20
self pickup customers
node_idx,x,y,service_time,demand,locker_idxs
13,96,42,10,18,39
14,47,61,10,1,43
15,26,15,10,13,38
16,68,92,10,27,37-41
17,74,42,10,24,43
18,60,20,10,19,42
19,45,36,10,16,43-46-45-47
20,10,91,10,4,40
21,43,42,10,23,43-47
22,9,49,10,9,38
23,8,68,10,6,40
24,18,89,10,20,40
flexible customers
node_idx,x,y,service_time,demand,locker_idxs
25,59,46,10,16,44-43-47-45-46
26,66,6,10,8,42-39
27,37,25,10,7,38
28,82,28,10,3,42-39
29,93,90,10,6,41
30,78,58,10,2,44-45-46-41
31,73,57,10,7,44-46-45-47-43
32,92,62,10,7,41
33,53,25,10,16,45-47-43-42
34,25,72,10,23,40
35,12,61,10,19,40
36,26,54,10,7,43
lockers
node_idx,x,y,service_time,capacity,cost_per_unit_good
37,65,88,10,74
38,25,15,10,97
39,93,12,10,86
40,22,88,10,73
41,77,88,10,96
42,72,14,10,74
43,50,45,10,82
44,56,65,10,72
45,57,49,10,86
46,59,49,10,97
47,52,48,10,84
mrt lines
start_node_idx,end_node_idx,freight_capacity,cost_per_unit_good
37,38,97,0.1
38,37,97,0.1
distance matrix
,0,1,2,3,4,5,6,7,8,9,10,11,12,13,14,15,16,17,18,19,20,21,22,23,24,25,26,27,28,29,30,31,32,33,34,35,36,37,38,39,40,41,42,43,44,45,46,47,
0,0.0,69.89,55.17,2.83,60.21,44.28,47.38,42.01,34.83,62.2,33.6,45.61,17.46,58.14,17.49,33.24,54.92,36.22,34.06,12.21,53.0,6.4,29.15,37.2,47.42,21.0,48.83,21.02,47.54,70.43,41.76,36.69,56.32,25.81,29.07,30.02,14.42,49.93,33.62,64.66,44.94,57.31,46.69,12.04,26.17,19.24,21.21,14.14
1,69.89,0.0,79.08,72.67,44.05,60.73,75.89,100.21,103.71,91.44,103.47,46.27,87.13,35.0,72.92,70.46,89.49,41.34,38.28,58.67,120.22,63.51,96.61,107.07,113.17,53.76,30.02,61.68,25.24,83.05,54.08,55.04,55.15,46.62,96.26,99.86,84.31,86.73,71.45,5.83,109.71,83.2,25.0,59.67,70.46,57.31,55.97,60.14
2,55.17,79.08,0.0,55.32,38.59,19.0,7.81,41.19,62.97,12.37,69.38,86.65,64.01,45.69,38.6,86.4,12.81,42.19,66.48,58.25,68.36,54.67,77.37,71.81,60.21,42.49,78.92,71.85,56.14,16.16,26.0,27.46,26.08,64.08,54.34,69.89,60.03,13.6,87.01,73.55,56.14,4.12,70.26,48.01,29.07,40.82,39.82,44.41
3,2.83,72.67,55.32,0.0,62.07,45.31,47.51,40.01,32.02,61.85,30.81,48.08,14.87,60.3,17.03,34.48,54.41,38.47,36.88,15.0,50.25,9.22,27.02,34.41,44.78,23.09,51.61,23.02,50.16,70.8,43.17,38.08,57.72,28.6,26.4,27.29,11.66,49.41,34.79,67.42,42.38,57.28,49.52,14.32,26.25,21.02,23.02,16.0
4,60.21,44.05,38.59,62.07,0.0,24.41,38.21,71.34,84.9,50.54,88.28,68.59,76.03,9.22,51.97,80.5,50.8,25.63,49.04,55.08,96.66,55.73,89.02,91.59,88.57,39.32,55.22,66.31,28.02,39.32,21.19,25.71,12.53,51.97,75.96,86.58,72.06,49.58,81.39,39.32,84.53,42.54,45.22,48.37,44.27,41.05,39.05,46.1
5,44.28,60.73,19.0,45.31,24.41,0.0,15.23,47.01,62.51,31.14,67.01,68.94,57.27,29.21,31.26,72.14,28.79,23.35,48.47,43.93,72.8,41.88,70.83,70.06,64.62,26.87,60.21,57.28,37.22,29.15,7.0,9.43,14.32,47.17,53.46,66.12,53.15,26.42,72.86,55.08,60.54,23.02,51.35,34.41,22.0,26.4,24.84,31.06
6,47.38,75.89,7.81,47.51,38.21,15.23,0.0,36.14,56.32,17.26,62.37,80.08,56.36,44.1,30.81,78.82,13.6,37.05,60.21,50.77,63.15,47.01,69.78,64.94,54.92,35.47,73.25,64.35,51.97,23.71,21.84,22.02,26.25,57.25,47.52,62.64,52.35,11.4,79.4,70.21,50.8,10.3,65.0,40.5,21.26,33.54,32.7,36.89
7,42.01,100.21,41.19,40.01,71.34,47.01,36.14,0.0,25.81,38.83,34.06,86.98,38.08,74.81,28.79,73.82,31.26,59.03,71.78,52.61,27.17,46.39,48.01,35.23,19.03,47.41,86.98,63.0,75.0,56.04,50.8,47.51,60.84,65.0,20.0,36.8,35.74,28.0,73.98,94.4,15.0,40.0,81.86,44.92,29.83,43.83,44.78,42.72
8,34.83,103.71,62.97,32.02,84.9,62.51,56.32,25.81,0.0,63.32,8.6,78.72,20.88,85.8,33.24,58.86,55.36,65.76,68.88,47.01,18.97,41.11,25.0,9.43,16.12,50.77,83.6,52.39,79.88,78.85,63.79,59.2,76.79,60.61,9.06,12.65,21.47,51.24,58.69,98.23,16.16,62.82,81.34,44.05,40.79,47.51,49.24,43.83
9,62.2,91.44,12.37,61.85,50.54,31.14,17.26,38.83,63.32,0.0,70.68,97.27,68.25,57.94,44.82,94.67,8.06,54.01,77.47,67.08,65.19,62.77,81.02,72.62,57.43,52.5,90.45,80.53,68.36,18.97,38.12,39.05,38.01,74.33,55.46,72.07,64.54,12.81,95.19,85.91,53.6,8.25,82.05,56.8,36.36,50.33,49.65,53.23
10,33.6,103.47,69.38,30.81,88.28,67.01,62.37,34.06,8.6,70.68,0.0,74.95,17.03,88.32,36.35,53.16,62.65,67.42,67.21,45.34,25.02,40.0,17.12,3.61,24.04,52.0,81.39,48.55,80.53,85.44,67.48,62.65,81.1,58.69,15.23,5.1,19.21,58.31,52.89,98.18,24.6,69.57,80.16,44.29,45.01,49.04,50.92,44.78
11,45.61,46.27,86.65,48.08,68.59,68.94,80.08,86.98,78.72,97.27,74.95,0.0,58.18,60.96,59.08,27.29,91.78,46.65,20.59,34.37,97.58,40.61,62.37,78.23,92.7,44.91,16.49,26.42,41.23,97.94,62.61,59.62,73.24,23.19,74.33,70.18,57.27,87.3,28.18,44.15,90.44,90.14,25.06,43.0,63.29,47.52,47.85,46.04
12,17.46,87.13,64.01,14.87,76.03,57.27,56.36,38.08,20.88,68.25,17.03,58.18,0.0,74.81,26.25,38.21,60.31,53.15,50.33,28.6,39.85,23.71,13.6,20.52,36.22,37.66,64.38,31.76,65.0,80.06,56.22,51.16,70.58,41.77,19.24,12.81,4.12,55.44,38.12,81.99,35.0,65.19,63.41,29.12,36.06,35.23,37.22,30.41
13,58.14,35.0,45.69,60.3,9.22,29.21,44.1,74.81,85.8,57.94,88.32,60.96,74.81,0.0,52.55,75.03,57.31,22.0,42.19,51.35,98.98,53.0,87.28,91.76,91.07,37.22,46.86,61.4,19.8,48.09,24.08,27.46,20.4,46.24,77.08,86.12,71.02,55.47,75.96,30.15,87.13,49.77,36.88,46.1,46.14,39.62,37.66,44.41
14,17.49,72.92,38.6,17.03,51.97,31.26,30.81,28.79,33.24,44.82,36.35,59.08,26.25,52.55,0.0,50.57,37.44,33.02,43.01,25.08,47.63,19.42,39.85,39.62,40.31,19.21,58.19,37.36,48.1,54.38,31.14,26.31,45.01,36.5,24.6,35.0,22.14,32.45,50.99,67.21,36.8,40.36,53.24,16.28,9.85,15.62,16.97,13.93
15,33.24,70.46,86.4,34.48,80.5,72.14,78.82,73.82,58.86,94.67,53.16,27.29,38.21,75.03,50.57,0.0,87.71,55.07,34.37,28.32,77.67,31.91,38.01,55.97,74.43,45.28,41.0,14.87,57.49,100.57,67.48,63.03,81.02,28.79,57.01,48.08,39.0,82.76,1.0,67.07,73.11,89.05,46.01,38.42,58.31,46.01,47.38,42.01
16,54.92,89.49,12.81,54.41,50.8,28.79,13.6,31.26,55.36,8.06,62.65,91.78,60.31,57.31,37.44,87.71,0.0,50.36,72.44,60.54,58.01,55.9,73.01,64.62,50.09,46.87,86.02,73.82,65.51,25.08,35.44,35.36,38.42,68.66,47.42,64.01,56.64,5.0,88.19,83.82,46.17,9.85,78.1,50.33,29.55,44.38,43.93,46.82
17,36.22,41.34,42.19,38.47,25.63,23.35,37.05,59.03,65.76,54.01,67.42,46.65,53.15,22.0,33.02,55.07,50.36,0.0,26.08,29.61,80.6,31.0,65.38,70.94,73.11,15.52,36.88,40.72,16.12,51.62,16.49,15.03,26.91,27.02,57.45,64.85,49.48,46.87,55.95,35.51,69.43,46.1,28.07,24.19,29.21,18.38,16.55,22.8
18,34.06,38.28,66.48,36.88,49.04,48.47,60.21,71.78,68.88,77.47,67.21,20.59,50.33,42.19,43.01,34.37,72.44,26.08,0.0,21.93,86.84,27.8,58.67,70.77,80.78,26.02,15.23,23.54,23.41,77.39,42.05,39.22,52.8,8.6,62.68,63.13,48.08,68.18,35.36,33.96,77.9,70.09,13.42,26.93,45.18,29.15,29.02,29.12
19,12.21,58.67,58.25,15.0,55.08,43.93,50.77,52.61,47.01,67.08,45.34,34.37,28.6,51.35,25.08,28.32,60.54,29.61,21.93,0.0,65.19,6.32,38.28,48.92,59.48,17.2,36.62,13.6,37.85,72.25,39.66,35.0,53.71,13.6,41.18,41.4,26.17,55.71,29.0,53.67,56.86,61.06,34.83,10.3,31.02,17.69,19.1,13.89
20,53.0,120.22,68.36,50.25,96.66,72.8,63.15,27.17,18.97,65.19,25.02,97.58,39.85,98.98,47.63,77.67,58.01,80.6,86.84,65.19,0.0,59.08,42.01,23.09,8.25,66.53,101.79,71.31,95.67,83.01,75.58,71.59,86.98,78.77,24.21,30.07,40.31,55.08,77.47,114.59,12.37,67.07,98.86,60.96,52.84,63.03,64.54,60.11
21,6.4,63.51,54.67,9.22,55.73,41.88,47.01,46.39,41.11,62.77,40.0,40.61,23.71,53.0,19.42,31.91,55.9,31.0,27.8,6.32,59.08,0.0,34.71,43.6,53.24,16.49,42.72,18.03,41.44,69.31,38.48,33.54,52.92,19.72,34.99,36.36,20.81,50.99,32.45,58.31,50.57,57.2,40.31,7.62,26.42,15.65,17.46,10.82
22,29.15,96.61,77.37,27.02,89.02,70.83,69.78,48.01,25.0,81.02,17.12,62.37,13.6,87.28,39.85,38.01,73.01,65.38,58.67,38.28,42.01,34.71,0.0,19.03,41.0,50.09,71.4,36.88,75.96,93.47,69.58,64.5,84.01,50.12,28.02,12.37,17.72,68.24,37.58,91.79,41.11,78.39,72.07,41.19,49.65,48.0,50.0,43.01
23,37.2,107.07,71.81,34.41,91.59,70.06,64.94,35.23,9.43,72.62,3.61,78.23,20.52,91.76,39.62,55.97,64.62,70.94,70.77,48.92,23.09,43.6,19.03,0.0,23.26,55.54,84.9,51.87,84.12,87.8,70.71,65.92,84.21,62.24,17.46,8.06,22.8,60.41,55.66,101.79,24.41,71.84,83.74,47.89,48.09,52.55,54.42,48.33
24,47.42,113.17,60.21,44.78,88.57,64.62,54.92,19.03,16.12,57.43,24.04,92.7,36.22,91.07,40.31,74.43,50.09,73.11,80.78,59.48,8.25,53.24,41.0,23.26,0.0,59.41,95.88,66.76,88.41,75.01,67.54,63.63,78.77,72.95,18.38,28.64,35.9,47.01,74.33,107.49,4.12,59.01,92.42,54.41,44.94,55.87,57.28,53.26
25,21.0,53.76,42.49,23.09,39.32,26.87,35.47,47.41,50.77,52.5,52.0,44.91,37.66,37.22,19.21,45.28,46.87,15.52,26.02,17.2,66.53,16.49,50.09,55.54,59.41,0.0,40.61,30.41,29.21,55.61,22.47,17.8,36.67,21.84,42.8,49.34,33.96,42.43,46.01,48.08,55.97,45.69,34.54,9.06,19.24,3.61,3.0,7.28
26,48.83,30.02,78.92,51.61,55.22,60.21,73.25,86.98,83.6,90.45,81.39,16.49,64.38,46.86,58.19,41.0,86.02,36.88,15.23,36.62,101.79,42.72,71.4,84.9,95.88,40.61,0.0,34.67,27.2,88.23,53.37,51.48,61.74,23.02,77.7,77.08,62.48,82.01,41.98,27.66,93.06,82.73,10.0,42.15,59.84,43.93,43.57,44.27
27,21.02,61.68,71.85,23.02,66.31,57.28,64.35,63.0,52.39,80.53,48.55,26.42,31.76,61.4,37.36,14.87,73.82,40.72,23.54,13.6,71.31,18.03,36.88,51.87,66.76,30.41,34.67,0.0,45.1,85.8,52.63,48.17,66.29,16.0,48.51,43.83,31.02,68.94,15.62,57.49,64.76,74.63,36.69,23.85,44.28,31.24,32.56,27.46
28,47.54,25.24,56.14,50.16,28.02,37.22,51.97,75.0,79.88,68.36,80.53,41.23,65.0,19.8,48.1,57.49,65.51,16.12,23.41,37.85,95.67,41.44,75.96,84.12,88.41,29.21,27.2,45.1,0.0,62.97,30.27,30.36,35.44,29.15,72.01,77.39,61.74,62.36,58.46,19.42,84.85,60.21,17.2,36.24,45.22,32.65,31.14,36.06
29,70.43,83.05,16.16,70.8,39.32,29.15,23.71,56.04,78.85,18.97,85.44,97.94,80.06,48.09,54.38,100.57,25.08,51.62,77.39,72.25,83.01,69.31,93.47,87.8,75.01,55.61,88.23,85.8,62.97,0.0,35.34,38.59,28.02,76.32,70.34,86.03,76.06,28.07,101.24,78.0,71.03,16.12,78.85,62.24,44.65,54.56,53.26,58.69
30,41.76,54.08,26.0,43.17,21.19,7.0,21.84,50.8,63.79,38.12,67.48,62.61,56.22,24.08,31.14,67.48,35.44,16.49,42.05,39.66,75.58,38.48,69.58,70.71,67.54,22.47,53.37,52.63,30.27,35.34,0.0,5.1,14.56,41.4,54.82,66.07,52.15,32.7,68.25,48.38,63.53,30.02,44.41,30.87,23.09,22.85,21.02,27.86
31,36.69,55.04,27.46,38.08,25.71,9.43,22.02,47.51,59.2,39.05,62.65,59.62,51.16,27.46,26.31,63.03,35.36,15.03,39.22,35.0,71.59,33.54,64.5,65.92,63.63,17.8,51.48,48.17,30.36,38.59,5.1,0.0,19.65,37.74,50.29,61.13,47.1,32.02,63.78,49.24,59.68,31.26,43.01,25.94,18.79,17.89,16.12,22.85
32,56.32,55.15,26.08,57.72,12.53,14.32,26.25,60.84,76.79,38.01,81.1,73.24,70.58,20.4,45.01,81.02,38.42,26.91,52.8,53.71,86.98,52.92,84.01,84.21,78.77,36.67,61.74,66.29,35.44,28.02,14.56,19.65,0.0,53.76,67.74,80.01,66.48,37.48,81.84,50.01,74.67,30.02,52.0,45.31,36.12,37.34,35.47,42.38
33,25.81,46.62,64.08,28.6,51.97,47.17,57.25,65.0,60.61,74.33,58.69,23.19,41.77,46.24,36.5,28.79,68.66,27.02,8.6,13.6,78.77,19.72,50.12,62.24,72.95,21.84,23.02,16.0,29.15,76.32,41.4,37.74,53.76,0.0,54.71,54.56,39.62,64.13,29.73,42.06,70.21,67.42,21.95,20.22,40.11,24.33,24.74,23.02
34,29.07,96.26,54.34,26.4,75.96,53.46,47.52,20.0,9.06,55.46,15.23,74.33,19.24,77.08,24.6,57.01,47.42,57.45,62.68,41.18,24.21,34.99,28.02,17.46,18.38,42.8,77.7,48.51,72.01,70.34,54.82,50.29,67.74,54.71,0.0,17.03,18.03,43.08,57.0,90.69,16.28,54.41,74.65,36.8,31.78,39.41,41.05,36.12
35,30.02,99.86,69.89,27.29,86.58,66.12,62.64,36.8,12.65,72.07,5.1,70.18,12.81,86.12,35.0,48.08,64.01,64.85,63.13,41.4,30.07,36.36,12.37,8.06,28.64,49.34,77.08,43.83,77.39,86.03,66.07,61.13,80.01,54.56,17.03,0.0,15.65,59.48,47.8,94.67,28.79,70.38,76.22,41.23,44.18,46.57,48.51,42.06
36,14.42,84.31,60.03,11.66,72.06,53.15,52.35,35.74,21.47,64.54,19.21,57.27,4.12,71.02,22.14,39.0,56.64,49.48,48.08,26.17,40.31,20.81,17.72,22.8,35.9,33.96,62.48,31.02,61.74,76.06,52.15,47.1,66.48,39.62,18.03,15.65,0.0,51.74,39.01,79.08,34.23,61.29,60.96,25.63,31.95,31.4,33.38,26.68
37,49.93,86.73,13.6,49.41,49.58,26.42,11.4,28.0,51.24,12.81,58.31,87.3,55.44,55.47,32.45,82.76,5.0,46.87,68.18,55.71,55.08,50.99,68.24,60.41,47.01,42.43,82.01,68.94,62.36,28.07,32.7,32.02,37.48,64.13,43.08,59.48,51.74,0.0,83.24,80.99,43.0,12.0,74.33,45.54,24.7,39.81,39.46,42.06
38,33.62,71.45,87.01,34.79,81.39,72.86,79.4,73.98,58.69,95.19,52.89,28.18,38.12,75.96,50.99,1.0,88.19,55.95,35.36,29.0,77.47,32.45,37.58,55.66,74.33,46.01,41.98,15.62,58.46,101.24,68.25,63.78,81.84,29.73,57.0,47.8,39.01,83.24,0.0,68.07,73.06,89.63,47.01,39.05,58.83,46.69,48.08,42.64
39,64.66,5.83,73.55,67.42,39.32,55.08,70.21,94.4,98.23,85.91,98.18,44.15,81.99,30.15,67.21,67.07,83.82,35.51,33.96,53.67,114.59,58.31,91.79,101.79,107.49,48.08,27.66,57.49,19.42,78.0,48.38,49.24,50.01,42.06,90.69,94.67,79.08,80.99,68.07,0.0,104.0,77.67,21.1,54.2,64.64,51.62,50.25,54.56
40,44.94,109.71,56.14,42.38,84.53,60.54,50.8,15.0,16.16,53.6,24.6,90.44,35.0,87.13,36.8,73.11,46.17,69.43,77.9,56.86,12.37,50.57,41.11,24.41,4.12,55.97,93.06,64.76,84.85,71.03,63.53,59.68,74.67,70.21,16.28,28.79,34.23,43.0,73.06,104.0,0.0,55.0,89.31,51.31,41.05,52.4,53.76,50.0
41,57.31,83.2,4.12,57.28,42.54,23.02,10.3,40.0,62.82,8.25,69.57,90.14,65.19,49.77,40.36,89.05,9.85,46.1,70.09,61.06,67.07,57.2,78.39,71.84,59.01,45.69,82.73,74.63,60.21,16.12,30.02,31.26,30.02,67.42,54.41,70.38,61.29,12.0,89.63,77.67,55.0,0.0,74.17,50.77,31.14,43.83,42.95,47.17
42,46.69,25.0,70.26,49.52,45.22,51.35,65.0,81.86,81.34,82.05,80.16,25.06,63.41,36.88,53.24,46.01,78.1,28.07,13.42,34.83,98.86,40.31,72.07,83.74,92.42,34.54,10.0,36.69,17.2,78.85,44.41,43.01,52.0,21.95,74.65,76.22,60.96,74.33,47.01,21.1,89.31,74.17,0.0,38.01,53.45,38.08,37.34,39.45
43,12.04,59.67,48.01,14.32,48.37,34.41,40.5,44.92,44.05,56.8,44.29,43.0,29.12,46.1,16.28,38.42,50.33,24.19,26.93,10.3,60.96,7.62,41.19,47.89,54.41,9.06,42.15,23.85,36.24,62.24,30.87,25.94,45.31,20.22,36.8,41.23,25.63,45.54,39.05,54.2,51.31,50.77,38.01,0.0,20.88,8.06,9.85,3.61
44,26.17,70.46,29.07,26.25,44.27,22.0,21.26,29.83,40.79,36.36,45.01,63.29,36.06,46.14,9.85,58.31,29.55,29.21,45.18,31.02,52.84,26.42,49.65,48.09,44.94,19.24,59.84,44.28,45.22,44.65,23.09,18.79,36.12,40.11,31.78,44.18,31.95,24.7,58.83,64.64,41.05,31.14,53.45,20.88,0.0,16.03,16.28,17.46
45,19.24,57.31,40.82,21.02,41.05,26.4,33.54,43.83,47.51,50.33,49.04,47.52,35.23,39.62,15.62,46.01,44.38,18.38,29.15,17.69,63.03,15.65,48.0,52.55,55.87,3.61,43.93,31.24,32.65,54.56,22.85,17.89,37.34,24.33,39.41,46.57,31.4,39.81,46.69,51.62,52.4,43.83,38.08,8.06,16.03,0.0,2.0,5.1
46,21.21,55.97,39.82,23.02,39.05,24.84,32.7,44.78,49.24,49.65,50.92,47.85,37.22,37.66,16.97,47.38,43.93,16.55,29.02,19.1,64.54,17.46,50.0,54.42,57.28,3.0,43.57,32.56,31.14,53.26,21.02,16.12,35.47,24.74,41.05,48.51,33.38,39.46,48.08,50.25,53.76,42.95,37.34,9.85,16.28,2.0,0.0,7.07
47,14.14,60.14,44.41,16.0,46.1,31.06,36.89,42.72,43.83,53.23,44.78,46.04,30.41,44.41,13.93,42.01,46.82,22.8,29.12,13.89,60.11,10.82,43.01,48.33,53.26,7.28,44.27,27.46,36.06,58.69,27.86,22.85,42.38,23.02,36.12,42.06,26.68,42.06,42.64,54.56,50.0,47.17,39.45,3.61,17.46,5.1,7.07,0.0
