set K:= 1	2	3	4	5	6;
set C_H:= 1	2	3	4	5	6	7	8	9	10	11	12;
set C_S:= 13	14	15	16	17	18	19	20	21	22;
set C_F:= 23	24	25	26	27	28	29	30	31	32;
set M:= 33	34	35	36;
set L_B:= 37	38	39	40	41	42;
set A1:=
(0,*) 1 2 3 4 5 6 7 8 9 10 11 12 23 24 25 26 27 28 29 30 31 32 33 34 35 36 37 38 39 40 41 42
(1,*) 0 2 3 4 5 6 7 8 9 10 11 12 23 24 25 26 27 28 29 30 31 32 33 34 35 36 37 38 39 40 41 42
(2,*) 0 1 3 4 5 6 7 8 9 10 11 12 23 24 25 26 27 28 29 30 31 32 33 34 35 36 37 38 39 40 41 42
(3,*) 0 1 2 4 5 6 7 8 9 10 11 12 23 24 25 26 27 28 29 30 31 32 33 34 35 36 37 38 39 40 41 42
(4,*) 0 1 2 3 5 6 7 8 9 10 11 12 23 24 25 26 27 28 29 30 31 32 33 34 35 36 37 38 39 40 41 42
(5,*) 0 1 2 3 4 6 7 8 9 10 11 12 23 24 25 26 27 28 29 30 31 32 33 34 35 36 37 38 39 40 41 42
(6,*) 0 1 2 3 4 5 7 8 9 10 11 12 23 24 25 26 27 28 29 30 31 32 33 34 35 36 37 38 39 40 41 42
(7,*) 0 1 2 3 4 5 6 8 9 10 11 12 23 24 25 26 27 28 29 30 31 32 33 34 35 36 37 38 39 40 41 42
(8,*) 0 1 2 3 4 5 6 7 9 10 11 12 23 24 25 26 27 28 29 30 31 32 33 34 35 36 37 38 39 40 41 42
(9,*) 0 1 2 3 4 5 6 7 8 10 11 12 23 24 25 26 27 28 29 30 31 32 33 34 35 36 37 38 39 40 41 42
(10,*) 0 1 2 3 4 5 6 7 8 9 11 12 23 24 25 26 27 28 29 30 31 32 33 34 35 36 37 38 39 40 41 42
(11,*) 0 1 2 3 4 5 6 7 8 9 10 12 23 24 25 26 27 28 29 30 31 32 33 34 35 36 37 38 39 40 41 42
(12,*) 0 1 2 3 4 5 6 7 8 9 10 11 23 24 25 26 27 28 29 30 31 32 33 34 35 36 37 38 39 40 41 42
(23,*) 0 1 2 3 4 5 6 7 8 9 10 11 12 24 25 26 27 28 29 30 31 32 33 34 35 36 37 38 39 40 41 42
(24,*) 0 1 2 3 4 5 6 7 8 9 10 11 12 23 25 26 27 28 29 30 31 32 33 34 35 36 37 38 39 40 41 42
(25,*) 0 1 2 3 4 5 6 7 8 9 10 11 12 23 24 26 27 28 29 30 31 32 33 34 35 36 37 38 39 40 41 42
(26,*) 0 1 2 3 4 5 6 7 8 9 10 11 12 23 24 25 27 28 29 30 31 32 33 34 35 36 37 38 39 40 41 42
(27,*) 0 1 2 3 4 5 6 7 8 9 10 11 12 23 24 25 26 28 29 30 31 32 33 34 35 36 37 38 39 40 41 42
(28,*) 0 1 2 3 4 5 6 7 8 9 10 11 12 23 24 25 26 27 29 30 31 32 33 34 35 36 37 38 39 40 41 42
(29,*) 0 1 2 3 4 5 6 7 8 9 10 11 12 23 24 25 26 27 28 30 31 32 33 34 35 36 37 38 39 40 41 42
(30,*) 0 1 2 3 4 5 6 7 8 9 10 11 12 23 24 25 26 27 28 29 31 32 33 34 35 36 37 38 39 40 41 42
(31,*) 0 1 2 3 4 5 6 7 8 9 10 11 12 23 24 25 26 27 28 29 30 32 33 34 35 36 37 38 39 40 41 42
(32,*) 0 1 2 3 4 5 6 7 8 9 10 11 12 23 24 25 26 27 28 29 30 31 33 34 35 36 37 38 39 40 41 42
(33,*) 0 1 2 3 4 5 6 7 8 9 10 11 12 23 24 25 26 27 28 29 30 31 32 35 36 37 38 39 40 41 42
(34,*) 0 1 2 3 4 5 6 7 8 9 10 11 12 23 24 25 26 27 28 29 30 31 32 35 36 37 38 39 40 41 42
(35,*) 0 1 2 3 4 5 6 7 8 9 10 11 12 23 24 25 26 27 28 29 30 31 32 33 34 37 38 39 40 41 42
(36,*) 0 1 2 3 4 5 6 7 8 9 10 11 12 23 24 25 26 27 28 29 30 31 32 33 34 37 38 39 40 41 42
(37,*) 0 1 2 3 4 5 6 7 8 9 10 11 12 23 24 25 26 27 28 29 30 31 32 33 34 35 36 38 39 40 41 42
(38,*) 0 1 2 3 4 5 6 7 8 9 10 11 12 23 24 25 26 27 28 29 30 31 32 33 34 35 36 37 39 40 41 42
(39,*) 0 1 2 3 4 5 6 7 8 9 10 11 12 23 24 25 26 27 28 29 30 31 32 33 34 35 36 37 38 40 41 42
(40,*) 0 1 2 3 4 5 6 7 8 9 10 11 12 23 24 25 26 27 28 29 30 31 32 33 34 35 36 37 38 39 41 42
(41,*) 0 1 2 3 4 5 6 7 8 9 10 11 12 23 24 25 26 27 28 29 30 31 32 33 34 35 36 37 38 39 40 42
(42,*) 0 1 2 3 4 5 6 7 8 9 10 11 12 23 24 25 26 27 28 29 30 31 32 33 34 35 36 37 38 39 40 41
;
set A2:=
(33,*) 34
(34,*) 33
(35,*) 36
(36,*) 35
;
param BigM:=99999;
param n:= 6;
param d:=
1	26
2	17
3	15
4	7
5	16
6	1
7	11
8	17
9	17
10	21
11	21
12	22
13	5
14	15
15	21
16	16
17	7
18	16
19	21
20	11
21	11
22	2
23	6
24	17
25	66
26	25
27	22
28	10
29	25
30	7
31	25
32	22
;
param Q:=100;
param w:=
[33,*] 34 0.5
[34,*] 33 0.5
[35,*] 36 0.5
[36,*] 35 0.5
;
param V:=
[33,*] 34 90
[34,*] 33 90
[35,*] 36 79
[36,*] 35 79
;
param e:
	33	34	35	36	37	38	39	40	41	42:=
13	0	1	1	0	0	0	0	0	0	1	
14	0	0	1	0	1	0	0	0	0	0	
15	0	1	0	0	0	0	0	0	0	1	
16	0	1	0	1	0	1	0	0	0	0	
17	0	0	0	1	0	0	0	0	0	1	
18	1	0	1	0	1	0	0	0	0	0	
19	1	0	0	0	0	0	0	1	0	0	
20	0	1	0	1	1	0	0	0	0	0	
21	1	0	0	1	0	0	0	0	1	0	
22	1	0	0	1	0	1	0	0	0	0	
23	0	0	1	0	0	0	0	0	0	1	
24	0	0	1	0	0	0	0	1	0	0	
25	0	0	0	1	0	0	0	0	1	0	
26	0	0	1	0	1	0	1	0	1	1	
27	0	1	1	0	1	0	1	1	1	1	
28	0	0	1	0	0	0	0	1	0	1	
29	0	0	0	1	0	1	0	0	0	0	
30	1	0	0	1	0	0	0	0	0	1	
31	0	1	0	1	0	1	0	0	0	0	
32	0	1	0	1	1	1	1	0	0	0	
;
param p:=
1	3
2	3
3	3
4	3
5	3
6	3
;
param G:=
33	90
34	86
35	76
36	79
37	70
38	83
39	70
40	83
41	71
42	91
;
param s:=
0	0
1	10
2	10
3	10
4	10
5	10
6	10
7	10
8	10
9	10
10	10
11	10
12	10
23	10
24	10
25	10
26	10
27	10
28	10
29	10
30	10
31	10
32	10
33	10
34	10
35	10
36	10
37	10
38	10
39	10
40	10
41	10
42	10
;
param t:
	0	1	2	3	4	5	6	7	8	9	10	11	12	13	14	15	16	17	18	19	20	21	22	23	24	25	26	27	28	29	30	31	32	33	34	35	36	37	38	39	40	41	42:=
0	0.0	26.4	60.8	59.17	34.66	56.61	12.73	64.64	24.7	30.08	57.72	5.83	68.35	31.02	36.67	43.01	14.04	39.66	49.34	42.45	21.47	36.36	31.06	61.07	71.85	35.47	28.02	41.48	61.91	23.35	55.15	37.54	9.43	61.98	58.25	64.88	18.36	17.46	12.81	21.21	57.78	30.08	40.61
1	26.4	0.0	35.36	40.45	14.0	36.14	25.0	38.95	20.02	4.0	46.1	32.2	53.15	5.0	10.3	37.64	14.14	63.66	37.11	46.1	45.34	62.65	50.36	39.0	46.1	45.35	5.1	16.0	35.81	39.45	60.21	62.63	26.87	64.44	40.22	38.59	44.72	8.94	32.02	9.85	31.38	5.83	16.12
2	60.8	35.36	0.0	24.21	27.31	18.87	60.21	4.12	51.97	32.65	40.31	66.61	61.85	32.02	25.61	62.59	49.5	99.01	35.74	60.21	80.66	97.08	77.37	14.87	11.18	77.83	32.8	26.57	5.66	74.2	71.59	97.84	62.23	71.78	48.66	9.43	79.06	43.93	62.65	39.96	13.6	34.41	20.25
3	59.17	40.45	24.21	0.0	26.68	5.83	63.57	26.93	60.41	40.05	16.76	64.35	82.35	40.01	35.13	76.16	52.5	98.79	15.52	42.2	80.62	92.85	65.51	9.85	30.68	85.7	35.69	41.23	29.83	78.43	51.0	96.26	64.08	49.65	68.54	33.6	75.6	46.17	55.9	39.0	36.24	43.01	26.08
4	34.66	14.0	27.31	26.68	0.0	22.85	37.16	31.38	34.01	14.56	32.57	40.31	63.25	14.87	12.73	51.2	26.0	74.03	23.77	38.48	55.61	70.43	50.64	26.63	38.48	59.03	9.06	21.26	29.83	52.0	51.97	72.18	38.08	54.82	49.58	33.54	52.5	19.7	35.34	13.45	29.07	17.72	8.0
5	56.61	36.14	18.87	5.83	22.85	0.0	60.01	21.93	55.9	35.36	21.47	62.01	76.56	35.23	30.0	71.03	48.85	96.26	18.03	44.28	77.94	91.22	65.74	6.08	26.48	81.49	31.62	35.69	24.41	74.85	54.23	94.02	60.83	53.6	62.77	28.3	73.66	42.54	54.56	35.85	30.48	38.21	21.02
6	12.73	25.0	60.21	63.57	37.16	60.01	0.0	63.66	14.0	27.59	65.19	15.23	57.01	28.28	34.66	30.53	11.18	39.2	56.32	53.85	21.47	41.23	43.6	63.53	70.71	24.33	28.65	36.89	60.14	14.87	67.08	38.95	4.12	73.54	48.09	62.48	25.0	17.46	25.5	24.74	54.41	26.25	41.05
7	64.64	38.95	4.12	26.93	31.38	21.93	63.66	0.0	54.92	36.07	43.38	70.46	61.98	35.38	29.0	64.56	53.08	102.59	39.29	64.12	84.29	100.96	81.49	17.2	7.21	80.62	36.62	29.07	5.0	77.47	75.31	101.53	65.8	75.29	49.16	7.21	82.93	47.63	66.71	43.91	14.0	37.64	24.19
8	24.7	20.02	51.97	60.41	34.01	55.9	14.0	54.92	0.0	20.62	65.62	28.64	43.66	20.88	26.93	20.0	13.45	51.0	56.57	60.46	34.48	54.92	55.47	58.24	61.61	26.0	25.0	26.25	50.8	23.6	74.4	51.62	18.03	79.92	34.13	52.5	39.0	17.46	36.36	25.3	43.86	18.03	35.17
9	30.08	4.0	32.65	40.05	14.56	35.36	27.59	36.07	20.62	0.0	47.13	35.85	50.21	1.0	7.07	36.67	17.2	66.6	38.28	49.2	48.41	66.19	54.33	37.64	43.14	46.49	7.07	12.0	32.65	41.62	63.25	65.8	29.83	67.18	37.01	35.23	48.33	12.65	36.01	13.6	27.73	3.16	14.56
10	57.72	46.1	40.31	16.76	32.57	21.47	65.19	43.38	65.62	47.13	0.0	61.98	94.34	47.43	44.28	83.68	55.0	96.01	9.06	29.15	78.75	87.46	55.87	26.57	47.43	89.01	41.0	51.97	45.79	79.63	35.36	92.61	64.63	33.14	80.45	49.74	71.59	49.04	50.99	41.01	51.09	50.29	35.85
11	5.83	32.2	66.61	64.35	40.31	62.01	15.23	70.46	28.64	35.85	61.98	0.0	72.12	36.77	42.49	45.65	19.42	34.48	53.85	44.41	16.76	30.53	29.0	66.6	77.67	34.99	33.84	47.13	67.74	21.93	56.32	32.02	11.18	63.56	62.65	70.71	12.53	23.26	13.34	26.91	63.56	35.74	46.4
12	68.35	53.15	61.85	82.35	63.25	76.56	57.01	61.98	43.66	50.21	94.34	72.12	0.0	49.5	50.61	29.02	55.9	86.47	86.27	99.25	74.17	95.13	98.9	75.27	65.19	51.79	57.28	42.44	57.07	60.01	113.36	89.09	61.13	117.38	13.89	55.44	81.39	57.14	79.62	62.63	48.27	47.42	58.52
13	31.02	5.0	32.02	40.01	14.87	35.23	28.28	35.38	20.88	1.0	47.43	36.77	49.5	0.0	6.4	36.5	18.03	67.36	38.63	50.0	49.2	67.08	55.33	37.36	42.43	46.82	7.81	11.0	31.89	42.2	64.03	66.61	30.61	67.88	36.24	34.41	49.24	13.6	37.01	14.56	26.83	3.0	14.32
14	36.67	10.3	25.61	35.13	12.73	30.0	34.66	29.0	26.93	7.07	44.28	42.49	50.61	6.4	0.0	41.05	24.21	73.66	35.85	50.61	55.44	72.95	59.01	31.58	36.07	52.92	10.0	8.6	25.61	48.6	64.35	72.8	36.88	67.48	36.88	28.3	55.01	19.24	41.44	18.03	21.19	8.94	9.06
15	43.01	37.64	62.59	76.16	51.2	71.03	30.53	64.56	20.0	36.67	83.68	45.65	29.02	36.5	41.05	0.0	33.42	57.56	74.73	80.45	45.4	66.27	74.06	72.11	70.23	23.41	42.72	36.35	59.77	31.06	94.4	60.07	34.48	99.86	25.55	60.17	53.45	37.22	55.44	44.72	51.26	33.54	50.09
16	14.04	14.14	49.5	52.5	26.0	48.85	11.18	53.08	13.45	17.2	55.0	19.42	55.9	18.03	24.21	33.42	0.0	49.52	46.01	47.17	31.24	49.24	43.08	52.35	60.21	34.01	17.49	27.86	49.82	26.0	61.03	48.6	12.73	66.73	44.92	52.43	31.62	6.32	23.77	14.04	44.78	16.55	30.0
17	39.66	63.66	99.01	98.79	74.03	96.26	39.2	102.59	51.0	66.6	96.01	34.48	86.47	67.36	73.66	57.56	49.52	0.0	88.14	74.81	18.44	16.64	50.16	100.6	109.71	35.0	66.53	76.03	99.25	27.86	84.01	5.83	36.8	92.05	81.74	101.67	24.74	55.17	45.22	60.61	93.6	65.44	79.25
18	49.34	37.11	35.74	15.52	23.77	18.03	56.32	39.29	56.57	38.28	9.06	53.85	86.27	38.63	35.85	74.73	46.01	88.14	0.0	26.68	70.58	80.45	50.8	24.0	44.41	80.02	32.02	43.83	40.85	70.86	36.22	85.0	55.9	36.06	72.42	44.94	64.01	40.01	43.57	32.0	44.94	41.44	27.8
19	42.45	46.1	60.21	42.2	38.48	44.28	53.85	64.12	60.46	49.2	29.15	44.41	99.25	50.0	50.61	80.45	47.17	74.81	26.68	0.0	60.01	63.25	28.3	50.36	70.0	77.79	42.2	59.17	64.63	65.73	14.14	70.41	51.55	19.7	86.21	68.73	50.25	43.42	31.14	36.77	66.48	51.86	45.88
20	21.47	45.34	80.66	80.62	55.61	77.94	21.47	84.29	34.48	48.41	78.75	16.76	74.17	49.2	55.44	45.4	31.24	18.44	70.58	60.01	0.0	21.0	39.4	82.2	91.44	26.93	48.1	58.31	81.06	14.56	70.86	17.49	18.6	78.52	67.36	83.6	11.66	36.77	29.07	42.2	75.72	47.43	60.83
21	36.36	62.65	97.08	92.85	70.43	91.22	41.23	100.96	54.92	66.19	87.46	30.53	95.13	67.08	72.95	66.27	49.24	16.64	80.45	63.25	21.0	0.0	36.35	96.21	108.17	46.17	64.35	77.08	98.27	35.23	70.71	10.82	37.64	78.92	88.28	101.21	18.03	53.71	37.01	57.2	93.91	65.8	76.84
22	31.06	50.36	77.37	65.51	50.64	65.74	43.6	81.49	55.47	54.33	55.87	29.0	98.9	55.33	59.01	74.06	43.08	50.16	50.8	28.3	39.4	36.35	0.0	71.59	88.32	63.41	49.01	66.27	80.41	50.0	34.37	45.01	39.82	42.58	87.92	84.17	27.86	43.17	19.31	41.05	79.23	55.73	58.55
23	61.07	39.0	14.87	9.85	26.63	6.08	63.53	17.2	58.24	37.64	26.57	66.6	75.27	37.36	31.58	72.11	52.35	100.6	24.0	50.36	82.2	96.21	71.59	0.0	20.88	84.12	34.89	36.01	20.52	78.26	60.13	98.6	64.66	59.23	61.68	24.08	78.49	46.14	59.82	40.0	27.78	40.26	23.09
24	71.85	46.1	11.18	30.68	38.48	26.48	70.71	7.21	61.61	43.14	47.43	77.67	65.19	42.43	36.07	70.23	60.21	109.71	44.41	70.0	91.44	108.17	88.32	20.88	0.0	87.13	43.83	35.51	10.82	84.39	80.62	108.71	72.92	80.05	53.04	10.2	90.14	54.82	73.82	51.11	18.97	44.6	31.38
25	35.47	45.35	77.83	85.7	59.03	81.49	24.33	80.62	26.0	46.49	89.01	34.99	51.79	46.82	52.92	23.41	34.01	35.0	80.02	77.79	26.93	46.17	63.41	84.12	87.13	0.0	50.01	51.62	76.32	13.45	90.62	38.33	26.25	97.41	48.75	77.67	37.64	40.11	47.85	48.04	68.82	44.01	61.03
26	28.02	5.1	32.8	35.69	9.06	31.62	28.65	36.62	25.0	7.07	41.0	33.84	57.28	7.81	10.0	42.72	17.49	66.53	32.02	42.2	48.1	64.35	49.01	34.89	43.83	50.01	0.0	17.72	34.0	43.38	56.22	65.12	30.0	60.11	44.05	37.16	46.32	11.4	31.58	8.06	30.81	10.0	12.73
27	41.48	16.0	26.57	41.23	21.26	35.69	36.89	29.07	26.25	12.0	51.97	47.13	42.44	11.0	8.6	36.35	27.86	76.03	43.83	59.17	58.31	77.08	66.27	36.01	35.51	51.62	17.72	0.0	24.7	49.52	72.95	75.8	39.82	76.06	28.6	26.25	59.46	24.33	48.01	25.32	17.69	11.4	16.12
28	61.91	35.81	5.66	29.83	29.83	24.41	60.14	5.0	50.8	32.65	45.79	67.74	57.07	31.89	25.61	59.77	49.82	99.25	40.85	64.63	81.06	98.27	80.41	20.52	10.82	76.32	34.0	24.7	0.0	73.66	76.4	98.41	62.48	76.9	44.18	4.12	80.26	44.65	64.85	41.63	9.0	33.94	22.14
29	23.35	39.45	74.2	78.43	52.0	74.85	14.87	77.47	23.6	41.62	79.63	21.93	60.01	42.2	48.6	31.06	26.0	27.86	70.86	65.73	14.56	35.23	50.0	78.26	84.39	13.45	43.38	49.52	73.66	0.0	78.11	29.43	15.03	85.16	54.13	75.66	24.41	32.31	35.11	39.56	67.21	39.82	55.57
30	55.15	60.21	71.59	51.0	51.97	54.23	67.08	75.31	74.4	63.25	35.36	56.32	113.36	64.03	64.35	94.4	61.03	84.01	36.22	14.14	70.86	70.71	34.37	60.13	80.62	90.62	56.22	72.95	76.4	78.11	0.0	79.1	64.47	8.25	100.26	80.52	60.21	57.49	43.01	50.91	79.12	65.95	59.03
31	37.54	62.63	97.84	96.26	72.18	94.02	38.95	101.53	51.62	65.8	92.61	32.02	89.09	66.61	72.8	60.07	48.6	5.83	85.0	70.41	17.49	10.82	45.01	98.6	108.71	38.33	65.12	75.8	98.41	29.43	79.1	0.0	36.06	87.21	83.55	101.02	21.02	53.91	41.63	58.73	93.19	64.9	77.83
32	9.43	26.87	62.23	64.08	38.08	60.83	4.12	65.8	18.03	29.83	64.63	11.18	61.13	30.61	36.88	34.48	12.73	36.8	55.9	51.55	18.6	37.64	39.82	64.66	72.92	26.25	30.0	39.82	62.48	15.03	64.47	36.06	0.0	71.17	52.15	65.0	21.02	18.6	22.2	25.08	57.14	28.84	42.64
33	61.98	64.44	71.78	49.65	54.82	53.6	73.54	75.29	79.92	67.18	33.14	63.56	117.38	67.88	67.48	99.86	66.73	92.05	36.06	19.7	78.52	78.92	42.58	59.23	80.05	97.41	60.11	76.06	76.9	85.16	8.25	87.21	71.17	0.0	104.0	80.99	68.07	62.68	50.22	55.61	80.5	70.04	61.29
34	58.25	40.22	48.66	68.54	49.58	62.77	48.09	49.16	34.13	37.01	80.45	62.65	13.89	36.24	36.88	25.55	44.92	81.74	72.42	86.21	67.36	88.28	87.92	61.68	53.04	48.75	44.05	28.6	44.18	54.13	100.26	83.55	52.15	104.0	0.0	43.0	73.06	45.19	68.62	49.93	35.23	34.41	44.65
35	64.88	38.59	9.43	33.6	33.54	28.3	62.48	7.21	52.5	35.23	49.74	70.71	55.44	34.41	28.3	60.17	52.43	101.67	44.94	68.73	83.6	101.21	84.17	24.08	10.2	77.67	37.16	26.25	4.12	75.66	80.52	101.02	65.0	80.99	43.0	0.0	83.24	47.51	68.31	44.94	8.94	36.24	25.71
36	18.36	44.72	79.06	75.6	52.5	73.66	25.0	82.93	39.0	48.33	71.59	12.53	81.39	49.24	55.01	53.45	31.62	24.74	64.01	50.25	11.66	18.03	27.86	78.49	90.14	37.64	46.32	59.46	80.26	24.41	60.21	21.02	21.02	68.07	73.06	83.24	0.0	35.78	20.62	39.2	76.06	48.1	58.82
37	17.46	8.94	43.93	46.17	19.7	42.54	17.46	47.63	17.46	12.65	49.04	23.26	57.14	13.6	19.24	37.22	6.32	55.17	40.01	43.42	36.77	53.71	43.17	46.14	54.82	40.11	11.4	24.33	44.65	32.31	57.49	53.91	18.6	62.68	45.19	47.51	35.78	0.0	24.19	8.06	40.31	13.04	24.08
38	12.81	32.02	62.65	55.9	35.34	54.56	25.5	66.71	36.36	36.01	50.99	13.34	79.62	37.01	41.44	55.44	23.77	45.22	43.57	31.14	29.07	37.01	19.31	59.82	73.82	47.85	31.58	48.01	64.85	35.11	43.01	41.63	22.2	50.22	68.62	68.31	20.62	24.19	0.0	23.54	62.37	37.05	42.72
39	21.21	9.85	39.96	39.0	13.45	35.85	24.74	43.91	25.3	13.6	41.01	26.91	62.63	14.56	18.03	44.72	14.04	60.61	32.0	36.77	42.2	57.2	41.05	40.0	51.11	48.04	8.06	25.32	41.63	39.56	50.91	58.73	25.08	55.61	49.93	44.94	39.2	8.06	23.54	0.0	38.83	15.65	19.72
40	57.78	31.38	13.6	36.24	29.07	30.48	54.41	14.0	43.86	27.73	51.09	63.56	48.27	26.83	21.19	51.26	44.78	93.6	44.94	66.48	75.72	93.91	79.23	27.78	18.97	68.82	30.81	17.69	9.0	67.21	79.12	93.19	57.14	80.5	35.23	8.94	76.06	40.31	62.37	38.83	0.0	28.3	21.1
41	30.08	5.83	34.41	43.01	17.72	38.21	26.25	37.64	18.03	3.16	50.29	35.74	47.42	3.0	8.94	33.54	16.55	65.44	41.44	51.86	47.43	65.8	55.73	40.26	44.6	44.01	10.0	11.4	33.94	39.82	65.95	64.9	28.84	70.04	34.41	36.24	48.1	13.04	37.05	15.65	28.3	0.0	17.26
42	40.61	16.12	20.25	26.08	8.0	21.02	41.05	24.19	35.17	14.56	35.85	46.4	58.52	14.32	9.06	50.09	30.0	79.25	27.8	45.88	60.83	76.84	58.55	23.09	31.38	61.03	12.73	16.12	22.14	55.57	59.03	77.83	42.64	61.29	44.65	25.71	58.82	24.08	42.72	19.72	21.1	17.26	0.0
;
