set K:= 1	2	3	4	5	6;
set C_H:= 1	2	3	4	5	6	7	8	9	10	11	12;
set C_S:= 13	14	15	16	17	18	19	20	21	22;
set C_F:= 23	24	25	26	27	28	29	30	31	32;
set L_B:= 33	34	35	36	37	38	39	40	41	42	43	44;
set A1:=
(0,*) 1 2 3 4 5 6 7 8 9 10 11 12 23 24 25 26 27 28 29 30 31 32 33 34 35 36 37 38 39 40 41 42 43 44
(1,*) 0 2 3 4 5 6 7 8 9 10 11 12 23 24 25 26 27 28 29 30 31 32 33 34 35 36 37 38 39 40 41 42 43 44
(2,*) 0 1 3 4 5 6 7 8 9 10 11 12 23 24 25 26 27 28 29 30 31 32 33 34 35 36 37 38 39 40 41 42 43 44
(3,*) 0 1 2 4 5 6 7 8 9 10 11 12 23 24 25 26 27 28 29 30 31 32 33 34 35 36 37 38 39 40 41 42 43 44
(4,*) 0 1 2 3 5 6 7 8 9 10 11 12 23 24 25 26 27 28 29 30 31 32 33 34 35 36 37 38 39 40 41 42 43 44
(5,*) 0 1 2 3 4 6 7 8 9 10 11 12 23 24 25 26 27 28 29 30 31 32 33 34 35 36 37 38 39 40 41 42 43 44
(6,*) 0 1 2 3 4 5 7 8 9 10 11 12 23 24 25 26 27 28 29 30 31 32 33 34 35 36 37 38 39 40 41 42 43 44
(7,*) 0 1 2 3 4 5 6 8 9 10 11 12 23 24 25 26 27 28 29 30 31 32 33 34 35 36 37 38 39 40 41 42 43 44
(8,*) 0 1 2 3 4 5 6 7 9 10 11 12 23 24 25 26 27 28 29 30 31 32 33 34 35 36 37 38 39 40 41 42 43 44
(9,*) 0 1 2 3 4 5 6 7 8 10 11 12 23 24 25 26 27 28 29 30 31 32 33 34 35 36 37 38 39 40 41 42 43 44
(10,*) 0 1 2 3 4 5 6 7 8 9 11 12 23 24 25 26 27 28 29 30 31 32 33 34 35 36 37 38 39 40 41 42 43 44
(11,*) 0 1 2 3 4 5 6 7 8 9 10 12 23 24 25 26 27 28 29 30 31 32 33 34 35 36 37 38 39 40 41 42 43 44
(12,*) 0 1 2 3 4 5 6 7 8 9 10 11 23 24 25 26 27 28 29 30 31 32 33 34 35 36 37 38 39 40 41 42 43 44
(23,*) 0 1 2 3 4 5 6 7 8 9 10 11 12 24 25 26 27 28 29 30 31 32 33 34 35 36 37 38 39 40 41 42 43 44
(24,*) 0 1 2 3 4 5 6 7 8 9 10 11 12 23 25 26 27 28 29 30 31 32 33 34 35 36 37 38 39 40 41 42 43 44
(25,*) 0 1 2 3 4 5 6 7 8 9 10 11 12 23 24 26 27 28 29 30 31 32 33 34 35 36 37 38 39 40 41 42 43 44
(26,*) 0 1 2 3 4 5 6 7 8 9 10 11 12 23 24 25 27 28 29 30 31 32 33 34 35 36 37 38 39 40 41 42 43 44
(27,*) 0 1 2 3 4 5 6 7 8 9 10 11 12 23 24 25 26 28 29 30 31 32 33 34 35 36 37 38 39 40 41 42 43 44
(28,*) 0 1 2 3 4 5 6 7 8 9 10 11 12 23 24 25 26 27 29 30 31 32 33 34 35 36 37 38 39 40 41 42 43 44
(29,*) 0 1 2 3 4 5 6 7 8 9 10 11 12 23 24 25 26 27 28 30 31 32 33 34 35 36 37 38 39 40 41 42 43 44
(30,*) 0 1 2 3 4 5 6 7 8 9 10 11 12 23 24 25 26 27 28 29 31 32 33 34 35 36 37 38 39 40 41 42 43 44
(31,*) 0 1 2 3 4 5 6 7 8 9 10 11 12 23 24 25 26 27 28 29 30 32 33 34 35 36 37 38 39 40 41 42 43 44
(32,*) 0 1 2 3 4 5 6 7 8 9 10 11 12 23 24 25 26 27 28 29 30 31 33 34 35 36 37 38 39 40 41 42 43 44
(33,*) 0 1 2 3 4 5 6 7 8 9 10 11 12 23 24 25 26 27 28 29 30 31 32 34 35 36 37 38 39 40 41 42 43 44
(34,*) 0 1 2 3 4 5 6 7 8 9 10 11 12 23 24 25 26 27 28 29 30 31 32 33 35 36 37 38 39 40 41 42 43 44
(35,*) 0 1 2 3 4 5 6 7 8 9 10 11 12 23 24 25 26 27 28 29 30 31 32 33 34 36 37 38 39 40 41 42 43 44
(36,*) 0 1 2 3 4 5 6 7 8 9 10 11 12 23 24 25 26 27 28 29 30 31 32 33 34 35 37 38 39 40 41 42 43 44
(37,*) 0 1 2 3 4 5 6 7 8 9 10 11 12 23 24 25 26 27 28 29 30 31 32 33 34 35 36 38 39 40 41 42 43 44
(38,*) 0 1 2 3 4 5 6 7 8 9 10 11 12 23 24 25 26 27 28 29 30 31 32 33 34 35 36 37 39 40 41 42 43 44
(39,*) 0 1 2 3 4 5 6 7 8 9 10 11 12 23 24 25 26 27 28 29 30 31 32 33 34 35 36 37 38 40 41 42 43 44
(40,*) 0 1 2 3 4 5 6 7 8 9 10 11 12 23 24 25 26 27 28 29 30 31 32 33 34 35 36 37 38 39 41 42 43 44
(41,*) 0 1 2 3 4 5 6 7 8 9 10 11 12 23 24 25 26 27 28 29 30 31 32 33 34 35 36 37 38 39 40 42 43 44
(42,*) 0 1 2 3 4 5 6 7 8 9 10 11 12 23 24 25 26 27 28 29 30 31 32 33 34 35 36 37 38 39 40 41 43 44
(43,*) 0 1 2 3 4 5 6 7 8 9 10 11 12 23 24 25 26 27 28 29 30 31 32 33 34 35 36 37 38 39 40 41 42 44
(44,*) 0 1 2 3 4 5 6 7 8 9 10 11 12 23 24 25 26 27 28 29 30 31 32 33 34 35 36 37 38 39 40 41 42 43
;
param BigM:=99999;
param n:= 6;
param d:=
1	26
2	17
3	6
4	7
5	5
6	17
7	11
8	17
9	7
10	21
11	22
12	25
13	15
14	15
15	16
16	66
17	25
18	7
19	17
20	10
21	21
22	22
23	1
24	21
25	16
26	22
27	25
28	16
29	11
30	11
31	21
32	2
;
param Q:=100;
param V:=
;
param e:
	33	34	35	36	37	38	39	40	41	42	43	44:=
13	0	0	0	0	0	1	0	0	0	0	0	0	
14	0	0	1	1	0	0	0	0	0	0	0	0	
15	0	0	0	0	0	1	0	0	0	0	0	0	
16	0	0	0	0	0	1	0	0	0	0	0	0	
17	0	0	0	0	0	1	0	0	0	0	0	0	
18	0	0	0	0	0	1	0	0	0	0	0	0	
19	0	0	1	1	0	0	0	0	0	0	0	0	
20	0	0	0	0	0	1	0	0	0	0	0	0	
21	0	0	0	0	0	1	0	0	0	0	0	0	
22	1	0	1	1	1	0	0	0	0	0	0	0	
23	1	0	1	1	1	0	0	0	0	0	0	0	
24	0	0	0	1	0	0	0	0	0	0	0	0	
25	1	0	1	1	1	0	0	0	0	0	0	0	
26	1	0	1	1	1	0	0	0	0	0	0	0	
27	0	0	0	0	0	1	0	0	0	0	0	0	
28	0	0	0	0	0	1	0	0	0	0	0	0	
29	1	0	0	0	0	0	0	0	0	0	0	0	
30	0	0	0	1	0	0	0	0	0	0	0	0	
31	0	0	1	1	1	0	0	0	0	0	0	0	
32	0	0	0	0	0	1	0	0	0	0	0	0	
;
param p:=
1	3
2	3
3	3
4	3
5	3
6	3
;
param G:=
33	75
34	71
35	75
36	100
37	78
38	73
39	86
40	86
41	87
42	96
43	99
44	84
;
param s:=
0	0
1	15
2	15
3	15
4	15
5	15
6	15
7	15
8	15
9	15
10	15
11	15
12	15
23	15
24	15
25	15
26	15
27	15
28	15
29	15
30	15
31	15
32	15
33	10
34	10
35	10
36	10
37	10
38	10
39	10
40	10
41	10
42	10
43	10
44	10
;
param t:
	0	1	2	3	4	5	6	7	8	9	10	11	12	13	14	15	16	17	18	19	20	21	22	23	24	25	26	27	28	29	30	31	32	33	34	35	36	37	38	39	40	41	42	43	44:=
0	0.0	26.4	60.8	61.07	34.66	31.02	71.85	64.64	24.7	55.15	42.45	68.35	37.54	59.17	36.67	56.61	35.47	28.02	39.66	30.08	61.91	57.72	9.43	12.73	43.01	14.04	41.48	23.35	49.34	21.47	36.36	5.83	31.06	61.98	58.25	64.88	18.36	71.4	41.63	22.2	72.78	16.12	14.87	19.65	46.62
1	26.4	0.0	35.36	39.0	14.0	5.0	46.1	38.95	20.02	60.21	46.1	53.15	62.63	40.45	10.3	36.14	45.35	5.1	63.66	4.0	35.81	46.1	26.87	25.0	37.64	14.14	16.0	39.45	37.11	45.34	62.65	32.2	50.36	64.44	40.22	38.59	44.72	45.97	49.09	6.32	54.2	10.44	11.66	7.81	27.17
2	60.8	35.36	0.0	14.87	27.31	32.02	11.18	4.12	51.97	71.59	60.21	61.85	97.84	24.21	25.61	18.87	77.83	32.8	99.01	32.65	5.66	40.31	62.23	60.21	62.59	49.5	26.57	74.2	35.74	80.66	97.08	66.61	77.37	71.78	48.66	9.43	79.06	10.63	66.03	38.6	56.46	44.82	46.75	43.14	22.09
3	61.07	39.0	14.87	0.0	26.63	37.36	20.88	17.2	58.24	60.13	50.36	75.27	98.6	9.85	31.58	6.08	84.12	34.89	100.6	37.64	20.52	26.57	64.66	63.53	72.11	52.35	36.01	78.26	24.0	82.2	96.21	66.6	71.59	59.23	61.68	24.08	78.49	18.44	56.72	39.96	70.66	46.32	48.88	46.52	15.0
4	34.66	14.0	27.31	26.63	0.0	14.87	38.48	31.38	34.01	51.97	38.48	63.25	72.18	26.68	12.73	22.85	59.03	9.06	74.03	14.56	29.83	32.57	38.08	37.16	51.2	26.0	21.26	52.0	23.77	55.61	70.43	40.31	50.64	54.82	49.58	33.54	52.5	37.59	43.01	13.42	62.37	19.72	22.36	20.62	13.34
5	31.02	5.0	32.02	37.36	14.87	0.0	42.43	35.38	20.88	64.03	50.0	49.5	66.61	40.01	6.4	35.23	46.82	7.81	67.36	1.0	31.89	47.43	30.61	28.28	36.5	18.03	11.0	42.2	38.63	49.2	67.08	36.77	55.33	67.88	36.24	34.41	49.24	42.52	53.34	11.18	49.93	15.3	16.16	11.66	27.07
6	71.85	46.1	11.18	20.88	38.48	42.43	0.0	7.21	61.61	80.62	70.0	65.19	108.71	30.68	36.07	26.48	87.13	43.83	109.71	43.14	10.82	47.43	72.92	70.71	70.23	60.21	35.51	84.39	44.41	91.44	108.17	77.67	88.32	80.05	53.04	10.2	90.14	2.83	76.06	49.65	58.25	55.8	57.63	53.81	32.14
7	64.64	38.95	4.12	17.2	31.38	35.38	7.21	0.0	54.92	75.31	64.12	61.98	101.53	26.93	29.0	21.93	80.62	36.62	102.59	36.07	5.0	43.38	65.8	63.66	64.56	53.08	29.07	77.47	39.29	84.29	100.96	70.46	81.49	75.29	49.16	7.21	82.93	7.21	70.01	42.44	55.97	48.6	50.45	46.69	26.02
8	24.7	20.02	51.97	58.24	34.01	20.88	61.61	54.92	0.0	74.4	60.46	43.66	51.62	60.41	26.93	55.9	26.0	25.0	51.0	20.62	50.8	65.62	18.03	14.0	20.0	13.45	26.25	23.6	56.57	34.48	54.92	28.64	55.47	79.92	34.13	52.5	39.0	62.13	61.72	22.56	48.51	19.24	16.64	14.56	47.17
9	55.15	60.21	71.59	60.13	51.97	64.03	80.62	75.31	74.4	0.0	14.14	113.36	79.1	51.0	64.35	54.23	90.62	56.22	84.01	63.25	76.4	35.36	64.47	67.08	94.4	61.03	72.95	78.11	36.22	70.86	70.71	56.32	34.37	8.25	100.26	80.52	60.21	78.41	13.6	54.45	113.81	55.44	57.8	60.96	49.73
10	42.45	46.1	60.21	50.36	38.48	50.0	70.0	64.12	60.46	14.14	0.0	99.25	70.41	42.2	50.61	44.28	77.79	42.2	74.81	49.2	64.63	29.15	51.55	53.85	80.45	47.17	59.17	65.73	26.68	60.01	63.25	44.41	28.3	19.7	86.21	68.73	50.25	68.03	6.71	40.31	99.86	41.4	43.83	46.86	38.12
11	68.35	53.15	61.85	75.27	63.25	49.5	65.19	61.98	43.66	113.36	99.25	0.0	89.09	82.35	50.61	76.56	51.79	57.28	86.47	50.21	57.07	94.34	61.13	57.01	29.02	55.9	42.44	60.01	86.27	74.17	95.13	72.12	98.9	117.38	13.89	55.44	81.39	67.36	102.0	59.03	10.63	59.36	57.8	53.54	72.2
12	37.54	62.63	97.84	98.6	72.18	66.61	108.71	101.53	51.62	79.1	70.41	89.09	0.0	96.26	72.8	94.02	38.33	65.12	5.83	65.8	98.41	92.61	36.06	38.95	60.07	48.6	75.8	29.43	85.0	17.49	10.82	32.02	45.01	87.21	83.55	101.02	21.02	108.47	66.48	59.41	96.75	53.08	51.09	55.0	84.02
13	59.17	40.45	24.21	9.85	26.68	40.01	30.68	26.93	60.41	51.0	42.2	82.35	96.26	0.0	35.13	5.83	85.7	35.69	98.79	40.05	29.83	16.76	64.08	63.57	76.16	52.5	41.23	78.43	15.52	80.62	92.85	64.35	65.51	49.65	68.54	33.6	75.6	28.16	48.76	39.85	78.55	45.88	48.7	47.3	13.34
14	36.67	10.3	25.61	31.58	12.73	6.4	36.07	29.0	26.93	64.35	50.61	50.61	72.8	35.13	0.0	30.0	52.92	10.0	73.66	7.07	25.61	44.28	36.88	34.66	41.05	24.21	8.6	48.6	35.85	55.44	72.95	42.49	59.01	67.48	36.88	28.3	55.01	36.12	54.63	15.3	49.68	20.62	21.95	17.8	22.8
15	56.61	36.14	18.87	6.08	22.85	35.23	26.48	21.93	55.9	54.23	44.28	76.56	94.02	5.83	30.0	0.0	81.49	31.62	96.26	35.36	24.41	21.47	60.83	60.01	71.03	48.85	35.69	74.85	18.03	77.94	91.22	62.01	65.74	53.6	62.77	28.3	73.66	24.19	50.64	36.25	72.72	42.49	45.19	43.32	10.0
16	35.47	45.35	77.83	84.12	59.03	46.82	87.13	80.62	26.0	90.62	77.79	51.79	38.33	85.7	52.92	81.49	0.0	50.01	35.0	46.49	76.32	89.01	26.25	24.33	23.41	34.01	51.62	13.45	80.02	26.93	46.17	34.99	63.41	97.41	48.75	77.67	37.64	87.82	77.08	46.27	60.44	41.01	38.01	38.47	72.37
17	28.02	5.1	32.8	34.89	9.06	7.81	43.83	36.62	25.0	56.22	42.2	57.28	65.12	35.69	10.0	31.62	50.01	0.0	66.53	7.07	34.0	41.0	30.0	28.65	42.72	17.49	17.72	43.38	32.02	48.1	64.35	33.84	49.01	60.11	44.05	37.16	46.32	43.42	45.65	5.83	57.69	12.04	14.21	11.7	22.36
18	39.66	63.66	99.01	100.6	74.03	67.36	109.71	102.59	51.0	84.01	74.81	86.47	5.83	98.79	73.66	96.26	35.0	66.53	0.0	66.6	99.25	96.01	36.8	39.2	57.56	49.52	76.03	27.86	88.14	18.44	16.64	34.48	50.16	92.05	81.74	101.67	24.74	109.62	71.18	60.96	94.54	54.56	52.35	55.9	86.27
19	30.08	4.0	32.65	37.64	14.56	1.0	43.14	36.07	20.62	63.25	49.2	50.21	65.8	40.05	7.07	35.36	46.49	7.07	66.6	0.0	32.65	47.13	29.83	27.59	36.67	17.2	12.0	41.62	38.28	48.41	66.19	35.85	54.33	67.18	37.01	35.23	48.33	43.19	52.48	10.2	50.77	14.32	15.23	10.82	27.02
20	61.91	35.81	5.66	20.52	29.83	31.89	10.82	5.0	50.8	76.4	64.63	57.07	98.41	29.83	25.61	24.41	76.32	34.0	99.25	32.65	0.0	45.79	62.48	60.14	59.77	49.82	24.7	73.66	40.85	81.06	98.27	67.74	80.41	76.9	44.18	4.12	80.26	11.7	70.26	39.82	51.26	45.79	47.43	43.42	26.68
21	57.72	46.1	40.31	26.57	32.57	47.43	47.43	43.38	65.62	35.36	29.15	94.34	92.61	16.76	44.28	21.47	89.01	41.0	96.01	47.13	45.79	0.0	64.63	65.19	83.68	55.0	51.97	79.63	9.06	78.75	87.46	61.98	55.87	33.14	80.45	49.74	71.59	44.92	35.85	43.19	91.83	48.0	51.0	51.24	22.2
22	9.43	26.87	62.23	64.66	38.08	30.61	72.92	65.8	18.03	64.47	51.55	61.13	36.06	64.08	36.88	60.83	26.25	30.0	36.8	29.83	62.48	64.63	0.0	4.12	34.48	12.73	39.82	15.03	55.9	18.6	37.64	11.18	39.82	71.17	52.15	65.0	21.02	72.84	50.99	24.7	66.48	18.36	15.81	19.1	50.99
23	12.73	25.0	60.21	63.53	37.16	28.28	70.71	63.66	14.0	67.08	53.85	57.01	38.95	63.57	34.66	60.01	24.33	28.65	39.2	27.59	60.14	65.19	4.12	0.0	30.53	11.18	36.89	14.87	56.32	21.47	41.23	15.23	43.6	73.54	48.09	62.48	25.0	70.77	53.71	23.77	62.39	17.72	14.87	17.2	50.33
24	43.01	37.64	62.59	72.11	51.2	36.5	70.23	64.56	20.0	94.4	80.45	29.02	60.07	76.16	41.05	71.03	23.41	42.72	57.56	36.67	59.77	83.68	34.48	30.53	0.0	33.42	36.35	31.06	74.73	45.4	66.27	45.65	74.06	99.86	25.55	60.17	53.45	71.47	81.69	41.63	37.11	39.12	36.62	34.0	63.51
25	14.04	14.14	49.5	52.35	26.0	18.03	60.21	53.08	13.45	61.03	47.17	55.9	48.6	52.5	24.21	48.85	34.01	17.49	49.52	17.2	49.82	55.0	12.73	11.18	33.42	0.0	27.86	26.0	46.01	31.24	49.24	19.42	43.08	66.73	44.92	52.43	31.62	60.11	48.27	12.65	59.48	7.0	4.0	6.4	39.22
26	41.48	16.0	26.57	36.01	21.26	11.0	35.51	29.07	26.25	72.95	59.17	42.44	75.8	41.23	8.6	35.69	51.62	17.72	76.03	12.0	24.7	51.97	39.82	36.89	36.35	27.86	0.0	49.52	43.83	58.31	77.08	47.13	66.27	76.06	28.6	26.25	59.46	36.24	63.07	22.09	41.11	26.17	26.68	21.84	29.97
27	23.35	39.45	74.2	78.26	52.0	42.2	84.39	77.47	23.6	78.11	65.73	60.01	29.43	78.43	48.6	74.85	13.45	43.38	27.86	41.62	73.66	79.63	15.03	14.87	31.06	26.0	49.52	0.0	70.86	14.56	35.23	21.93	50.0	85.16	54.13	75.66	24.41	84.65	64.51	38.63	67.36	32.57	29.73	31.76	65.19
28	49.34	37.11	35.74	24.0	23.77	38.63	44.41	39.29	56.57	36.22	26.68	86.27	85.0	15.52	35.85	18.03	80.02	32.02	88.14	38.28	40.85	9.06	55.9	56.32	74.73	46.01	43.83	70.86	0.0	70.58	80.45	53.85	50.8	36.06	72.42	44.94	64.01	42.19	33.24	34.13	84.29	39.01	42.01	42.19	15.0
29	21.47	45.34	80.66	82.2	55.61	49.2	91.44	84.29	34.48	70.86	60.01	74.17	17.49	80.62	55.44	77.94	26.93	48.1	18.44	48.41	81.06	78.75	18.6	21.47	45.4	31.24	58.31	14.56	70.58	0.0	21.0	16.76	39.4	78.52	67.36	83.6	11.66	91.29	57.43	42.52	81.06	36.12	33.94	37.64	67.96
30	36.36	62.65	97.08	96.21	70.43	67.08	108.17	100.96	54.92	70.71	63.25	95.13	10.82	92.85	72.95	91.22	46.17	64.35	16.64	66.19	98.27	87.46	37.64	41.23	66.27	49.24	77.08	35.23	80.45	21.0	0.0	30.53	36.35	78.92	88.28	101.21	18.03	107.65	58.69	58.52	102.04	52.48	51.0	55.46	81.32
31	5.83	32.2	66.61	66.6	40.31	36.77	77.67	70.46	28.64	56.32	44.41	72.12	32.02	64.35	42.49	62.01	34.99	33.84	34.48	35.85	67.74	61.98	11.18	15.23	45.65	19.42	47.13	21.93	53.85	16.76	30.53	0.0	29.0	63.56	62.65	70.71	12.53	77.2	42.72	28.02	77.1	21.95	20.62	25.3	52.01
32	31.06	50.36	77.37	71.59	50.64	55.33	88.32	81.49	55.47	34.37	28.3	98.9	45.01	65.51	59.01	65.74	63.41	49.01	50.16	54.33	80.41	55.87	39.82	43.6	74.06	43.08	66.27	50.0	50.8	39.4	36.35	29.0	0.0	42.58	87.92	84.17	27.86	86.98	22.85	44.18	102.46	41.0	41.76	46.57	57.01
33	61.98	64.44	71.78	59.23	54.82	67.88	80.05	75.29	79.92	8.25	19.7	117.38	87.21	49.65	67.48	53.6	97.41	60.11	92.05	67.18	76.9	33.14	71.17	73.54	99.86	66.73	76.06	85.16	36.06	78.52	78.92	63.56	42.58	0.0	104.0	80.99	68.07	77.67	21.1	59.03	117.15	60.75	63.29	66.03	50.57
34	58.25	40.22	48.66	61.68	49.58	36.24	53.04	49.16	34.13	100.26	86.21	13.89	83.55	68.54	36.88	62.77	48.75	44.05	81.74	37.01	44.18	80.45	52.15	48.09	25.55	44.92	28.6	54.13	72.42	67.36	88.28	62.65	87.92	104.0	0.0	43.0	73.06	55.0	89.31	46.32	14.56	47.42	46.24	41.63	58.31
35	64.88	38.59	9.43	24.08	33.54	34.41	10.2	7.21	52.5	80.52	68.73	55.44	101.02	33.6	28.3	28.3	77.67	37.16	101.67	35.23	4.12	49.74	65.0	62.48	60.17	52.43	26.25	75.66	44.94	83.6	101.21	70.71	84.17	80.99	43.0	0.0	83.24	12.0	74.33	42.95	49.04	48.76	50.25	46.04	30.81
36	18.36	44.72	79.06	78.49	52.5	49.24	90.14	82.93	39.0	60.21	50.25	81.39	21.02	75.6	55.01	73.66	37.64	46.32	24.74	48.33	80.26	71.59	21.02	25.0	53.45	31.62	59.46	24.41	64.01	11.66	18.03	12.53	27.86	68.07	73.06	83.24	0.0	89.63	47.01	40.5	87.28	34.48	33.11	37.7	63.7
37	71.4	45.97	10.63	18.44	37.59	42.52	2.83	7.21	62.13	78.41	68.03	67.36	108.47	28.16	36.12	24.19	87.82	43.42	109.62	43.19	11.7	44.92	72.84	70.77	71.47	60.11	36.24	84.65	42.19	91.29	107.65	77.2	86.98	77.67	55.0	12.0	89.63	0.0	74.17	49.2	60.64	55.44	57.38	53.74	30.41
38	41.63	49.09	66.03	56.72	43.01	53.34	76.06	70.01	61.72	13.6	6.71	102.0	66.48	48.76	54.63	50.64	77.08	45.65	71.18	52.48	70.26	35.85	50.99	53.71	81.69	48.27	63.07	64.51	33.24	57.43	58.69	42.72	22.85	21.1	89.31	74.33	47.01	74.17	0.0	43.01	103.25	43.14	45.28	48.84	44.0
39	22.2	6.32	38.6	39.96	13.42	11.18	49.65	42.44	22.56	54.45	40.31	59.03	59.41	39.85	15.3	36.25	46.27	5.83	60.96	10.2	39.82	43.19	24.7	23.77	41.63	12.65	22.09	38.63	34.13	42.52	58.52	28.02	44.18	59.03	46.32	42.95	40.5	49.2	43.01	0.0	60.42	6.4	8.94	8.06	26.57
40	72.78	54.2	56.46	70.66	62.37	49.93	58.25	55.97	48.51	113.81	99.86	10.63	96.75	78.55	49.68	72.72	60.44	57.69	94.54	50.77	51.26	91.83	66.48	62.39	37.11	59.48	41.11	67.36	84.29	81.06	102.04	77.1	102.46	117.15	14.56	49.04	87.28	60.64	103.25	60.42	0.0	61.85	60.75	56.08	69.66
41	16.12	10.44	44.82	46.32	19.72	15.3	55.8	48.6	19.24	55.44	41.4	59.36	53.08	45.88	20.62	42.49	41.01	12.04	54.56	14.32	45.79	48.0	18.36	17.72	39.12	7.0	26.17	32.57	39.01	36.12	52.48	21.95	41.0	60.75	47.42	48.76	34.48	55.44	43.14	6.4	61.85	0.0	3.0	5.83	32.7
42	14.87	11.66	46.75	48.88	22.36	16.16	57.63	50.45	16.64	57.8	43.83	57.8	51.09	48.7	21.95	45.19	38.01	14.21	52.35	15.23	47.43	51.0	15.81	14.87	36.62	4.0	26.68	29.73	42.01	33.94	51.0	20.62	41.76	63.29	46.24	50.25	33.11	57.38	45.28	8.94	60.75	3.0	0.0	5.0	35.47
43	19.65	7.81	43.14	46.52	20.62	11.66	53.81	46.69	14.56	60.96	46.86	53.54	55.0	47.3	17.8	43.32	38.47	11.7	55.9	10.82	43.42	51.24	19.1	17.2	34.0	6.4	21.84	31.76	42.19	37.64	55.46	25.3	46.57	66.03	41.63	46.04	37.7	53.74	48.84	8.06	56.08	5.83	5.0	0.0	33.96
44	46.62	27.17	22.09	15.0	13.34	27.07	32.14	26.02	47.17	49.73	38.12	72.2	84.02	13.34	22.8	10.0	72.37	22.36	86.27	27.02	26.68	22.2	50.99	50.33	63.51	39.22	29.97	65.19	15.0	67.96	81.32	52.01	57.01	50.57	58.31	30.81	63.7	30.41	44.0	26.57	69.66	32.7	35.47	33.96	0.0
;
