set K:= 1	2	3	4	5	6;
set C_H:= 1	2	3	4	5	6	7	8	9	10	11	12;
set C_S:= 13	14	15	16	17	18	19	20	21	22;
set C_F:= 23	24	25	26	27	28	29	30	31	32;
set M:= 33	34	35	36	37	38;
set L_B:= 39	40	41	42	43	44;
set A1:=
(0,*) 1 2 3 4 5 6 7 8 9 10 11 12 23 24 25 26 27 28 29 30 31 32 33 34 35 36 37 38 39 40 41 42 43 44
(1,*) 0 2 3 4 5 6 7 8 9 10 11 12 23 24 25 26 27 28 29 30 31 32 33 34 35 36 37 38 39 40 41 42 43 44
(2,*) 0 1 3 4 5 6 7 8 9 10 11 12 23 24 25 26 27 28 29 30 31 32 33 34 35 36 37 38 39 40 41 42 43 44
(3,*) 0 1 2 4 5 6 7 8 9 10 11 12 23 24 25 26 27 28 29 30 31 32 33 34 35 36 37 38 39 40 41 42 43 44
(4,*) 0 1 2 3 5 6 7 8 9 10 11 12 23 24 25 26 27 28 29 30 31 32 33 34 35 36 37 38 39 40 41 42 43 44
(5,*) 0 1 2 3 4 6 7 8 9 10 11 12 23 24 25 26 27 28 29 30 31 32 33 34 35 36 37 38 39 40 41 42 43 44
(6,*) 0 1 2 3 4 5 7 8 9 10 11 12 23 24 25 26 27 28 29 30 31 32 33 34 35 36 37 38 39 40 41 42 43 44
(7,*) 0 1 2 3 4 5 6 8 9 10 11 12 23 24 25 26 27 28 29 30 31 32 33 34 35 36 37 38 39 40 41 42 43 44
(8,*) 0 1 2 3 4 5 6 7 9 10 11 12 23 24 25 26 27 28 29 30 31 32 33 34 35 36 37 38 39 40 41 42 43 44
(9,*) 0 1 2 3 4 5 6 7 8 10 11 12 23 24 25 26 27 28 29 30 31 32 33 34 35 36 37 38 39 40 41 42 43 44
(10,*) 0 1 2 3 4 5 6 7 8 9 11 12 23 24 25 26 27 28 29 30 31 32 33 34 35 36 37 38 39 40 41 42 43 44
(11,*) 0 1 2 3 4 5 6 7 8 9 10 12 23 24 25 26 27 28 29 30 31 32 33 34 35 36 37 38 39 40 41 42 43 44
(12,*) 0 1 2 3 4 5 6 7 8 9 10 11 23 24 25 26 27 28 29 30 31 32 33 34 35 36 37 38 39 40 41 42 43 44
(23,*) 0 1 2 3 4 5 6 7 8 9 10 11 12 24 25 26 27 28 29 30 31 32 33 34 35 36 37 38 39 40 41 42 43 44
(24,*) 0 1 2 3 4 5 6 7 8 9 10 11 12 23 25 26 27 28 29 30 31 32 33 34 35 36 37 38 39 40 41 42 43 44
(25,*) 0 1 2 3 4 5 6 7 8 9 10 11 12 23 24 26 27 28 29 30 31 32 33 34 35 36 37 38 39 40 41 42 43 44
(26,*) 0 1 2 3 4 5 6 7 8 9 10 11 12 23 24 25 27 28 29 30 31 32 33 34 35 36 37 38 39 40 41 42 43 44
(27,*) 0 1 2 3 4 5 6 7 8 9 10 11 12 23 24 25 26 28 29 30 31 32 33 34 35 36 37 38 39 40 41 42 43 44
(28,*) 0 1 2 3 4 5 6 7 8 9 10 11 12 23 24 25 26 27 29 30 31 32 33 34 35 36 37 38 39 40 41 42 43 44
(29,*) 0 1 2 3 4 5 6 7 8 9 10 11 12 23 24 25 26 27 28 30 31 32 33 34 35 36 37 38 39 40 41 42 43 44
(30,*) 0 1 2 3 4 5 6 7 8 9 10 11 12 23 24 25 26 27 28 29 31 32 33 34 35 36 37 38 39 40 41 42 43 44
(31,*) 0 1 2 3 4 5 6 7 8 9 10 11 12 23 24 25 26 27 28 29 30 32 33 34 35 36 37 38 39 40 41 42 43 44
(32,*) 0 1 2 3 4 5 6 7 8 9 10 11 12 23 24 25 26 27 28 29 30 31 33 34 35 36 37 38 39 40 41 42 43 44
(33,*) 0 1 2 3 4 5 6 7 8 9 10 11 12 23 24 25 26 27 28 29 30 31 32 35 36 37 38 39 40 41 42 43 44
(34,*) 0 1 2 3 4 5 6 7 8 9 10 11 12 23 24 25 26 27 28 29 30 31 32 35 36 37 38 39 40 41 42 43 44
(35,*) 0 1 2 3 4 5 6 7 8 9 10 11 12 23 24 25 26 27 28 29 30 31 32 33 34 37 38 39 40 41 42 43 44
(36,*) 0 1 2 3 4 5 6 7 8 9 10 11 12 23 24 25 26 27 28 29 30 31 32 33 34 37 38 39 40 41 42 43 44
(37,*) 0 1 2 3 4 5 6 7 8 9 10 11 12 23 24 25 26 27 28 29 30 31 32 33 34 35 36 39 40 41 42 43 44
(38,*) 0 1 2 3 4 5 6 7 8 9 10 11 12 23 24 25 26 27 28 29 30 31 32 33 34 35 36 39 40 41 42 43 44
(39,*) 0 1 2 3 4 5 6 7 8 9 10 11 12 23 24 25 26 27 28 29 30 31 32 33 34 35 36 37 38 40 41 42 43 44
(40,*) 0 1 2 3 4 5 6 7 8 9 10 11 12 23 24 25 26 27 28 29 30 31 32 33 34 35 36 37 38 39 41 42 43 44
(41,*) 0 1 2 3 4 5 6 7 8 9 10 11 12 23 24 25 26 27 28 29 30 31 32 33 34 35 36 37 38 39 40 42 43 44
(42,*) 0 1 2 3 4 5 6 7 8 9 10 11 12 23 24 25 26 27 28 29 30 31 32 33 34 35 36 37 38 39 40 41 43 44
(43,*) 0 1 2 3 4 5 6 7 8 9 10 11 12 23 24 25 26 27 28 29 30 31 32 33 34 35 36 37 38 39 40 41 42 44
(44,*) 0 1 2 3 4 5 6 7 8 9 10 11 12 23 24 25 26 27 28 29 30 31 32 33 34 35 36 37 38 39 40 41 42 43
;
set A2:=
(33,*) 34
(34,*) 33
(35,*) 36
(36,*) 35
(37,*) 38
(38,*) 37
;
param BigM:=99999;
param n:= 6;
param d:=
1	7
2	16
3	17
4	1
5	66
6	25
7	7
8	17
9	25
10	21
11	22
12	22
13	26
14	17
15	6
16	15
17	5
18	15
19	21
20	11
21	21
22	2
23	16
24	17
25	22
26	10
27	16
28	7
29	21
30	11
31	11
32	25
;
param Q:=100;
param w:=
[33,*] 34 0.5
[34,*] 33 0.5
[35,*] 36 0.5
[36,*] 35 0.5
[37,*] 38 0.5
[38,*] 37 0.5
;
param V:=
[33,*] 34 90
[34,*] 33 90
[35,*] 36 91
[36,*] 35 91
[37,*] 38 94
[38,*] 37 94
;
param e:
	33	34	35	36	37	38	39	40	41	42	43	44:=
13	0	0	1	0	0	0	1	0	1	0	1	0	
14	0	0	1	0	1	0	0	1	0	0	0	0	
15	0	0	1	0	1	0	0	0	0	1	0	0	
16	0	0	0	0	1	0	0	0	1	0	0	0	
17	0	0	1	0	0	0	0	0	0	1	0	0	
18	0	0	1	0	0	0	0	0	0	0	1	0	
19	0	1	0	0	0	0	0	0	1	0	0	0	
20	0	0	1	0	1	0	1	0	0	0	0	0	
21	1	0	0	0	0	0	0	1	0	0	0	0	
22	0	0	0	0	0	1	0	0	1	0	0	0	
23	0	0	0	1	0	0	1	0	1	1	1	1	
24	0	0	1	0	0	0	1	0	1	1	1	1	
25	0	0	1	0	0	0	1	0	1	1	0	1	
26	0	0	1	0	1	0	0	0	0	1	0	0	
27	0	0	0	0	0	1	0	1	0	0	0	0	
28	1	0	0	0	0	1	0	1	0	0	0	0	
29	1	0	0	0	0	1	0	1	0	0	0	0	
30	0	0	0	1	0	0	0	0	0	1	0	0	
31	0	0	0	1	0	0	1	0	0	0	0	0	
32	0	0	0	1	0	1	0	0	0	1	0	0	
;
param p:=
1	3
2	3
3	3
4	3
5	3
6	3
;
param G:=
33	74
34	90
35	91
36	72
37	89
38	94
39	77
40	85
41	84
42	81
43	94
44	77
;
param s:=
0	0
1	10
2	10
3	10
4	10
5	10
6	10
7	10
8	10
9	10
10	10
11	10
12	10
23	10
24	10
25	10
26	10
27	10
28	10
29	10
30	10
31	10
32	10
33	10
34	10
35	10
36	10
37	10
38	10
39	10
40	10
41	10
42	10
43	10
44	10
;
param t:
	0	1	2	3	4	5	6	7	8	9	10	11	12	13	14	15	16	17	18	19	20	21	22	23	24	25	26	27	28	29	30	31	32	33	34	35	36	37	38	39	40	41	42	43	44:=
0	0.0	34.66	56.61	71.85	12.73	35.47	28.02	39.66	24.7	23.35	5.83	68.35	9.43	26.4	60.8	61.07	59.17	31.02	36.67	43.01	64.64	57.72	31.06	14.04	30.08	41.48	61.91	49.34	55.15	42.45	21.47	36.36	37.54	61.98	58.25	64.88	18.36	71.4	41.63	19.42	40.45	16.76	36.25	18.79	20.25
1	34.66	0.0	22.85	38.48	37.16	59.03	9.06	74.03	34.01	52.0	40.31	63.25	38.08	14.0	27.31	26.63	26.68	14.87	12.73	51.2	31.38	32.57	50.64	26.0	14.56	21.26	29.83	23.77	51.97	38.48	55.61	70.43	72.18	54.82	49.58	33.54	52.5	37.59	43.01	21.59	23.43	21.54	13.45	17.89	15.65
2	56.61	22.85	0.0	26.48	60.01	81.49	31.62	96.26	55.9	74.85	62.01	76.56	60.83	36.14	18.87	6.08	5.83	35.23	30.0	71.03	21.93	21.47	65.74	48.85	35.36	35.69	24.41	18.03	54.23	44.28	77.94	91.22	94.02	53.6	62.77	28.3	73.66	24.19	50.64	44.27	27.66	44.38	31.0	38.29	38.48
3	71.85	38.48	26.48	0.0	70.71	87.13	43.83	109.71	61.61	84.39	77.67	65.19	72.92	46.1	11.18	20.88	30.68	42.43	36.07	70.23	7.21	47.43	88.32	60.21	43.14	35.51	10.82	44.41	80.62	70.0	91.44	108.17	108.71	80.05	53.04	10.2	90.14	2.83	76.06	54.49	53.01	56.08	36.77	56.36	51.61
4	12.73	37.16	60.01	70.71	0.0	24.33	28.65	39.2	14.0	14.87	15.23	57.01	4.12	25.0	60.21	63.53	63.57	28.28	34.66	30.53	63.66	65.19	43.6	11.18	27.59	36.89	60.14	56.32	67.08	53.85	21.47	41.23	38.95	73.54	48.09	62.48	25.0	70.77	53.71	16.4	49.09	15.65	33.94	26.02	21.54
5	35.47	59.03	81.49	87.13	24.33	0.0	50.01	35.0	26.0	13.45	34.99	51.79	26.25	45.35	77.83	84.12	85.7	46.82	52.92	23.41	80.62	89.01	63.41	34.01	46.49	51.62	76.32	80.02	90.62	77.79	26.93	46.17	38.33	97.41	48.75	77.67	37.64	87.82	77.08	37.48	73.33	38.12	52.0	50.25	44.18
6	28.02	9.06	31.62	43.83	28.65	50.01	0.0	66.53	25.0	43.38	33.84	57.28	30.0	5.1	32.8	34.89	35.69	7.81	10.0	42.72	36.62	41.0	49.01	17.49	7.07	17.72	34.0	32.02	56.22	42.2	48.1	64.35	65.12	60.11	44.05	37.16	46.32	43.42	45.65	12.65	29.41	13.04	10.05	15.03	7.81
7	39.66	74.03	96.26	109.71	39.2	35.0	66.53	0.0	51.0	27.86	34.48	86.47	36.8	63.66	99.01	100.6	98.79	67.36	73.66	57.56	102.59	96.01	50.16	49.52	66.6	76.03	99.25	88.14	84.01	74.81	18.44	16.64	5.83	92.05	81.74	101.67	24.74	109.62	71.18	55.23	78.19	53.74	73.0	58.31	58.8
8	24.7	34.01	55.9	61.61	14.0	26.0	25.0	51.0	0.0	23.6	28.64	43.66	18.03	20.02	51.97	58.24	60.41	20.88	26.93	20.0	54.92	65.62	55.47	13.45	20.62	26.25	50.8	56.57	74.4	60.46	34.48	54.92	51.62	79.92	34.13	52.5	39.0	62.13	61.72	13.6	51.87	15.65	26.0	30.02	20.88
9	23.35	52.0	74.85	84.39	14.87	13.45	43.38	27.86	23.6	0.0	21.93	60.01	15.03	39.45	74.2	78.26	78.43	42.2	48.6	31.06	77.47	79.63	50.0	26.0	41.62	49.52	73.66	70.86	78.11	65.73	14.56	35.23	29.43	85.16	54.13	75.66	24.41	84.65	64.51	30.89	63.03	30.46	47.8	40.2	36.4
10	5.83	40.31	62.01	77.67	15.23	34.99	33.84	34.48	28.64	21.93	0.0	72.12	11.18	32.2	66.61	66.6	64.35	36.77	42.49	45.65	70.46	61.98	29.0	19.42	35.85	47.13	67.74	53.85	56.32	44.41	16.76	30.53	32.02	63.56	62.65	70.71	12.53	77.2	42.72	25.0	44.38	22.47	42.05	23.85	26.08
11	68.35	63.25	76.56	65.19	57.01	51.79	57.28	86.47	43.66	60.01	72.12	0.0	61.13	53.15	61.85	75.27	82.35	49.5	50.61	29.02	61.98	94.34	98.9	55.9	50.21	42.44	57.07	86.27	113.36	99.25	74.17	95.13	89.09	117.38	13.89	55.44	81.39	67.36	102.0	53.0	86.37	56.08	49.82	69.4	58.6
12	9.43	38.08	60.83	72.92	4.12	26.25	30.0	36.8	18.03	15.03	11.18	61.13	0.0	26.87	62.23	64.66	64.08	30.61	36.88	34.48	65.8	64.63	39.82	12.73	29.83	39.82	62.48	55.9	64.47	51.55	18.6	37.64	36.06	71.17	52.15	65.0	21.02	72.84	50.99	18.44	48.01	17.03	36.24	25.18	22.47
13	26.4	14.0	36.14	46.1	25.0	45.35	5.1	63.66	20.02	39.45	32.2	53.15	26.87	0.0	35.36	39.0	40.45	5.0	10.3	37.64	38.95	46.1	50.36	14.14	4.0	16.0	35.81	37.11	60.21	46.1	45.34	62.65	62.63	64.44	40.22	38.59	44.72	45.97	49.09	8.6	34.13	10.0	9.85	17.09	7.0
14	60.8	27.31	18.87	11.18	60.21	77.83	32.8	99.01	51.97	74.2	66.61	61.85	62.23	35.36	0.0	14.87	24.21	32.02	25.61	62.59	4.12	40.31	77.37	49.5	32.65	26.57	5.66	35.74	71.59	60.21	80.66	97.08	97.84	71.78	48.66	9.43	79.06	10.63	66.03	43.86	43.19	45.28	26.4	45.19	40.61
15	61.07	26.63	6.08	20.88	63.53	84.12	34.89	100.6	58.24	78.26	66.6	75.27	64.66	39.0	14.87	0.0	9.85	37.36	31.58	72.11	17.2	26.57	71.59	52.35	37.64	36.01	20.52	24.0	60.13	50.36	82.2	96.21	98.6	59.23	61.68	24.08	78.49	18.44	56.72	47.42	33.73	47.89	32.56	43.14	42.19
16	59.17	26.68	5.83	30.68	63.57	85.7	35.69	98.79	60.41	78.43	64.35	82.35	64.08	40.45	24.21	9.85	0.0	40.01	35.13	76.16	26.93	16.76	65.51	52.5	40.05	41.23	29.83	15.52	51.0	42.2	80.62	92.85	96.26	49.65	68.54	33.6	75.6	28.16	48.76	48.27	26.4	48.08	36.12	40.5	42.06
17	31.02	14.87	35.23	42.43	28.28	46.82	7.81	67.36	20.88	42.2	36.77	49.5	30.61	5.0	32.02	37.36	40.01	0.0	6.4	36.5	35.38	47.43	55.33	18.03	1.0	11.0	31.89	38.63	64.03	50.0	49.2	67.08	66.61	67.88	36.24	34.41	49.24	42.52	53.34	12.21	37.01	14.32	5.66	21.84	12.0
18	36.67	12.73	30.0	36.07	34.66	52.92	10.0	73.66	26.93	48.6	42.49	50.61	36.88	10.3	25.61	31.58	35.13	6.4	0.0	41.05	29.0	44.28	59.01	24.21	7.07	8.6	25.61	35.85	64.35	50.61	55.44	72.95	72.8	67.48	36.88	28.3	55.01	36.12	54.63	18.44	36.12	20.25	1.0	25.02	16.76
19	43.01	51.2	71.03	70.23	30.53	23.41	42.72	57.56	20.0	31.06	45.65	29.02	34.48	37.64	62.59	72.11	76.16	36.5	41.05	0.0	64.56	83.68	74.06	33.42	36.67	36.35	59.77	74.73	94.4	80.45	45.4	66.27	60.07	99.86	25.55	60.17	53.45	71.47	81.69	33.12	71.18	35.51	40.05	49.93	40.25
20	64.64	31.38	21.93	7.21	63.66	80.62	36.62	102.59	54.92	77.47	70.46	61.98	65.8	38.95	4.12	17.2	26.93	35.38	29.0	64.56	0.0	43.38	81.49	53.08	36.07	29.07	5.0	39.29	75.31	64.12	84.29	100.96	101.53	75.29	49.16	7.21	82.93	7.21	70.01	47.38	47.1	48.92	29.73	49.24	44.41
21	57.72	32.57	21.47	47.43	65.19	89.01	41.0	96.01	65.62	79.63	61.98	94.34	64.63	46.1	40.31	26.57	16.76	47.43	44.28	83.68	43.38	0.0	55.87	55.0	47.13	51.97	45.79	9.06	35.36	29.15	78.75	87.46	92.61	33.14	80.45	49.74	71.59	44.92	35.85	52.24	17.89	51.04	45.19	39.46	45.1
22	31.06	50.64	65.74	88.32	43.6	63.41	49.01	50.16	55.47	50.0	29.0	98.9	39.82	50.36	77.37	71.59	65.51	55.33	59.01	74.06	81.49	55.87	0.0	43.08	54.33	66.27	80.41	50.8	34.37	28.3	39.4	36.35	45.01	42.58	87.92	84.17	27.86	86.98	22.85	46.84	39.41	43.68	59.03	34.0	43.42
23	14.04	26.0	48.85	60.21	11.18	34.01	17.49	49.52	13.45	26.0	19.42	55.9	12.73	14.14	49.5	52.35	52.5	18.03	24.21	33.42	53.08	55.0	43.08	0.0	17.2	27.86	49.82	46.01	61.03	47.17	31.24	49.24	48.6	66.73	44.92	52.43	31.62	60.11	48.27	5.83	39.81	4.47	23.6	17.09	10.44
24	30.08	14.56	35.36	43.14	27.59	46.49	7.07	66.6	20.62	41.62	35.85	50.21	29.83	4.0	32.65	37.64	40.05	1.0	7.07	36.67	36.07	47.13	54.33	17.2	0.0	12.0	32.65	38.28	63.25	49.2	48.41	66.19	65.8	67.18	37.01	35.23	48.33	43.19	52.48	11.4	36.4	13.42	6.4	20.88	11.0
25	41.48	21.26	35.69	35.51	36.89	51.62	17.72	76.03	26.25	49.52	47.13	42.44	39.82	16.0	26.57	36.01	41.23	11.0	8.6	36.35	29.07	51.97	66.27	27.86	12.0	0.0	24.7	43.83	72.95	59.17	58.31	77.08	75.8	76.06	28.6	26.25	59.46	36.24	63.07	22.14	44.69	24.74	8.06	32.56	23.0
26	61.91	29.83	24.41	10.82	60.14	76.32	34.0	99.25	50.8	73.66	67.74	57.07	62.48	35.81	5.66	20.52	29.83	31.89	25.61	59.77	5.0	45.79	80.41	49.82	32.65	24.7	0.0	40.85	76.4	64.63	81.06	98.27	98.41	76.9	44.18	4.12	80.26	11.7	70.26	44.05	47.68	45.8	26.25	47.43	41.68
27	49.34	23.77	18.03	44.41	56.32	80.02	32.02	88.14	56.57	70.86	53.85	86.27	55.9	37.11	35.74	24.0	15.52	38.63	35.85	74.73	39.29	9.06	50.8	46.01	38.28	43.83	40.85	0.0	36.22	26.68	70.58	80.45	85.0	36.06	72.42	44.94	64.01	42.19	33.24	43.19	11.4	42.01	36.72	30.81	36.06
28	55.15	51.97	54.23	80.62	67.08	90.62	56.22	84.01	74.4	78.11	56.32	113.36	64.47	60.21	71.59	60.13	51.0	64.03	64.35	94.4	75.31	35.36	34.37	61.03	63.25	72.95	76.4	36.22	0.0	14.14	70.86	70.71	79.1	8.25	100.26	80.52	60.21	78.41	13.6	61.72	29.15	59.03	64.9	44.69	55.17
29	42.45	38.48	44.28	70.0	53.85	77.79	42.2	74.81	60.46	65.73	44.41	99.25	51.55	46.1	60.21	50.36	42.2	50.0	50.61	80.45	64.12	29.15	28.3	47.17	49.2	59.17	64.63	26.68	14.14	0.0	60.01	63.25	70.41	19.7	86.21	68.73	50.25	68.03	6.71	47.63	17.03	45.0	51.11	30.61	41.04
30	21.47	55.61	77.94	91.44	21.47	26.93	48.1	18.44	34.48	14.56	16.76	74.17	18.6	45.34	80.66	82.2	80.62	49.2	55.44	45.4	84.29	78.75	39.4	31.24	48.41	58.31	81.06	70.58	70.86	60.01	0.0	21.0	17.49	78.52	67.36	83.6	11.66	91.29	57.43	37.01	61.13	35.38	54.82	40.25	40.36
31	36.36	70.43	91.22	108.17	41.23	46.17	64.35	16.64	54.92	35.23	30.53	95.13	37.64	62.65	97.08	96.21	92.85	67.08	72.95	66.27	100.96	87.46	36.35	49.24	66.19	77.08	98.27	80.45	70.71	63.25	21.0	0.0	10.82	78.92	88.28	101.21	18.03	107.65	58.69	55.04	69.64	52.77	72.47	53.08	56.6
32	37.54	72.18	94.02	108.71	38.95	38.33	65.12	5.83	51.62	29.43	32.02	89.09	36.06	62.63	97.84	98.6	96.26	66.61	72.8	60.07	101.53	92.61	45.01	48.6	65.8	75.8	98.41	85.0	79.1	70.41	17.49	10.82	0.0	87.21	83.55	101.02	21.02	108.47	66.48	54.41	74.73	52.63	72.2	55.8	57.31
33	61.98	54.82	53.6	80.05	73.54	97.41	60.11	92.05	79.92	85.16	63.56	117.38	71.17	64.44	71.78	59.23	49.65	67.88	67.48	99.86	75.29	33.14	42.58	66.73	67.18	76.06	76.9	36.06	8.25	19.7	78.52	78.92	87.21	0.0	104.0	80.99	68.07	77.67	21.1	66.85	31.4	64.35	68.12	49.93	60.0
34	58.25	49.58	62.77	53.04	48.09	48.75	44.05	81.74	34.13	54.13	62.65	13.89	52.15	40.22	48.66	61.68	68.54	36.24	36.88	25.55	49.16	80.45	87.92	44.92	37.01	28.6	44.18	72.42	100.26	86.21	67.36	88.28	83.55	104.0	0.0	43.0	73.06	55.0	89.31	41.23	72.84	44.38	36.12	56.94	46.14
35	64.88	33.54	28.3	10.2	62.48	77.67	37.16	101.67	52.5	75.66	70.71	55.44	65.0	38.59	9.43	24.08	33.6	34.41	28.3	60.17	7.21	49.74	84.17	52.43	35.23	26.25	4.12	44.94	80.52	68.73	83.6	101.21	101.02	80.99	43.0	0.0	83.24	12.0	74.33	46.62	51.79	48.55	28.84	50.96	44.72
36	18.36	52.5	73.66	90.14	25.0	37.64	46.32	24.74	39.0	24.41	12.53	81.39	21.02	44.72	79.06	78.49	75.6	49.24	55.01	53.45	82.93	71.59	27.86	31.62	48.33	59.46	80.26	64.01	60.21	50.25	11.66	18.03	21.02	68.07	73.06	83.24	0.0	89.63	47.01	37.34	53.71	34.93	54.56	35.38	38.59
37	71.4	37.59	24.19	2.83	70.77	87.82	43.42	109.62	62.13	84.65	77.2	67.36	72.84	45.97	10.63	18.44	28.16	42.52	36.12	71.47	7.21	44.92	86.98	60.11	43.19	36.24	11.7	42.19	78.41	68.03	91.29	107.65	108.47	77.67	55.0	12.0	89.63	0.0	74.17	54.45	51.09	55.9	36.88	55.47	51.22
38	41.63	43.01	50.64	76.06	53.71	77.08	45.65	71.18	61.72	64.51	42.72	102.0	50.99	49.09	66.03	56.72	48.76	53.34	54.63	81.69	70.01	35.85	22.85	48.27	52.48	63.07	70.26	33.24	13.6	6.71	57.43	58.69	66.48	21.1	89.31	74.33	47.01	74.17	0.0	49.52	23.09	46.67	55.04	32.65	43.42
39	19.42	21.59	44.27	54.49	16.4	37.48	12.65	55.23	13.6	30.89	25.0	53.0	18.44	8.6	43.86	47.42	48.27	12.21	18.44	33.12	47.38	52.24	46.84	5.83	11.4	22.14	44.05	43.19	61.72	47.63	37.01	55.04	54.41	66.85	41.23	46.62	37.34	54.45	49.52	0.0	38.28	3.16	17.8	17.03	7.28
40	40.45	23.43	27.66	53.01	49.09	73.33	29.41	78.19	51.87	63.03	44.38	86.37	48.01	34.13	43.19	33.73	26.4	37.01	36.12	71.18	47.1	17.89	39.41	39.81	36.4	44.69	47.68	11.4	29.15	17.03	61.13	69.64	74.73	31.4	72.84	51.79	53.71	51.09	23.09	38.28	0.0	36.4	36.8	23.09	31.02
41	16.76	21.54	44.38	56.08	15.65	38.12	13.04	53.74	15.65	30.46	22.47	56.08	17.03	10.0	45.28	47.89	48.08	14.32	20.25	35.51	48.92	51.04	43.68	4.47	13.42	24.74	45.8	42.01	59.03	45.0	35.38	52.77	52.63	64.35	44.38	48.55	34.93	55.9	46.67	3.16	36.4	0.0	19.72	14.42	6.08
42	36.25	13.45	31.0	36.77	33.94	52.0	10.05	73.0	26.0	47.8	42.05	49.82	36.24	9.85	26.4	32.56	36.12	5.66	1.0	40.05	29.73	45.19	59.03	23.6	6.4	8.06	26.25	36.72	64.9	51.11	54.82	72.47	72.2	68.12	36.12	28.84	54.56	36.88	55.04	17.8	36.8	19.72	0.0	25.08	16.49
43	18.79	17.89	38.29	56.36	26.02	50.25	15.03	58.31	30.02	40.2	23.85	69.4	25.18	17.09	45.19	43.14	40.5	21.84	25.02	49.93	49.24	39.46	34.0	17.09	20.88	32.56	47.43	30.81	44.69	30.61	40.25	53.08	55.8	49.93	56.94	50.96	35.38	55.47	32.65	17.03	23.09	14.42	25.08	0.0	10.82
44	20.25	15.65	38.48	51.61	21.54	44.18	7.81	58.8	20.88	36.4	26.08	58.6	22.47	7.0	40.61	42.19	42.06	12.0	16.76	40.25	44.41	45.1	43.42	10.44	11.0	23.0	41.68	36.06	55.17	41.04	40.36	56.6	57.31	60.0	46.14	44.72	38.59	51.22	43.42	7.28	31.02	6.08	16.49	10.82	0.0
;
