vehicles
vehicle_idx, capacity, cost_per_unit_distance
1,100,3
2,100,3
3,100,3
4,100,3
5,100,3
depot
node_idx,x,y
0,15,19
home delivery customers
node_idx,x,y,service_time,demand
1,1,49,10,1
2,87,25,10,14
3,29,9,10,22
4,93,7,10,7
5,23,13,10,23
6,19,47,10,12
7,65,43,10,14
8,67,91,10,2
9,41,23,10,20
10,79,47,10,6
11,25,65,10,8
12,59,51,10,15
13,91,21,10,11
self pickup customers
node_idx,x,y,service_time,demand,locker_idxs
14,33,31,10,18,44-37
15,71,61,10,2,45
16,55,47,10,18,45
17,5,95,10,2,39
18,3,25,10,10,37
19,19,75,10,15,39
20,27,49,10,19,43
21,27,95,10,18,39
22,61,83,10,21,36-40
23,15,83,10,12,39
24,31,87,10,2,39
flexible customers
node_idx,x,y,service_time,demand,locker_idxs
25,69,65,10,15,45-42-36
26,93,91,10,11,40
27,57,63,10,21,45-42-44
28,69,1,10,9,41
29,19,91,10,4,39
30,21,81,10,19,39
31,15,79,10,11,39
32,19,65,10,13,43
33,29,17,10,13,37
34,21,91,10,11,39
35,71,41,10,23,46-42
lockers
node_idx,x,y,service_time,capacity,cost_per_unit_good
36,65,88,10,85
37,25,15,10,96
38,93,12,10,95
39,22,88,10,74
40,77,88,10,71
41,72,14,10,79
42,60,49,10,91
43,28,51,10,94
44,44,48,10,96
45,48,71,10,75
46,61,34,10,73
mrt lines
start_node_idx,end_node_idx,freight_capacity,cost_per_unit_good
36,37,96,0.1
37,36,96,0.1
38,39,95,0.1
39,38,95,0.1
distance matrix
,0,1,2,3,4,5,6,7,8,9,10,11,12,13,14,15,16,17,18,19,20,21,22,23,24,25,26,27,28,29,30,31,32,33,34,35,36,37,38,39,40,41,42,43,44,45,46,
0,0.0,33.11,72.25,17.2,78.92,10.0,28.28,55.46,88.81,26.31,69.86,47.07,54.41,76.03,21.63,70.0,48.83,76.66,13.42,56.14,32.31,76.94,78.82,64.0,69.86,70.94,106.15,60.83,56.92,72.11,62.29,60.0,46.17,14.14,72.25,60.17,85.21,10.77,78.31,69.35,92.76,57.22,54.08,34.54,41.01,61.59,48.38
1,33.11,0.0,89.29,48.83,101.13,42.19,18.11,64.28,78.23,47.71,78.03,28.84,58.03,94.25,36.72,71.02,54.04,46.17,24.08,31.62,26.0,52.84,68.96,36.77,48.41,69.86,101.13,57.72,83.23,45.69,37.74,33.11,24.08,42.52,46.52,70.46,74.95,41.62,99.16,44.29,85.42,79.16,59.0,27.07,43.01,51.89,61.85
2,72.25,89.29,0.0,60.17,18.97,65.12,71.47,28.43,68.96,46.04,23.41,73.78,38.21,5.66,54.33,39.4,38.83,107.81,84.0,84.4,64.62,92.2,63.56,92.46,83.55,43.86,66.27,48.41,30.0,94.76,86.56,90.0,78.89,58.55,93.34,22.63,66.73,62.8,14.32,90.52,63.79,18.6,36.12,64.47,48.76,60.31,27.51
3,17.2,48.83,60.17,0.0,64.03,7.21,39.29,49.52,90.38,18.44,62.8,56.14,51.61,63.15,22.36,66.84,46.04,89.29,30.53,66.75,40.05,86.02,80.62,75.31,78.03,68.82,104.02,60.83,40.79,82.61,72.44,71.39,56.89,8.0,82.39,52.8,86.82,7.21,64.07,79.31,92.44,43.29,50.61,42.01,41.79,64.85,40.61
4,78.92,101.13,18.97,64.03,0.0,70.26,84.12,45.61,87.93,54.41,42.38,89.38,55.61,14.14,64.62,58.31,55.17,124.45,91.78,100.5,78.23,110.0,82.46,108.9,101.21,62.77,84.0,66.57,24.74,111.95,103.25,106.15,94.02,64.78,110.63,40.5,85.7,68.47,5.0,107.71,82.57,22.14,53.41,78.49,63.89,78.24,41.87
5,10.0,42.19,65.12,7.21,70.26,0.0,34.23,51.61,89.55,20.59,65.51,52.04,52.35,68.47,20.59,67.88,46.69,83.95,23.32,62.13,36.22,82.1,79.65,70.46,74.43,69.43,104.8,60.46,47.54,78.1,68.03,66.48,52.15,7.21,78.03,55.57,85.96,2.83,70.01,75.01,92.42,49.01,51.62,38.33,40.82,63.16,43.42
6,28.28,18.11,71.47,39.29,84.12,34.23,0.0,46.17,65.12,32.56,60.0,18.97,40.2,76.55,21.26,53.85,36.0,50.0,27.2,28.0,8.25,48.66,55.32,36.22,41.76,53.14,86.09,41.23,67.94,44.0,34.06,32.25,18.0,31.62,44.05,52.35,61.62,32.56,81.86,41.11,71.03,62.43,41.05,9.85,25.02,37.64,43.97
7,55.46,64.28,28.43,49.52,45.61,51.61,46.17,0.0,48.04,31.24,14.56,45.65,10.0,34.06,34.18,18.97,10.77,79.4,64.56,56.04,38.47,64.4,40.2,64.03,55.61,22.36,55.57,21.54,42.19,66.48,58.14,61.61,50.99,44.41,65.12,6.32,45.0,48.83,41.77,62.24,46.57,29.83,7.81,37.85,21.59,32.76,9.85
8,88.81,78.23,68.96,90.38,87.93,89.55,65.12,48.04,0.0,72.8,45.61,49.4,40.79,74.0,68.96,30.27,45.61,62.13,91.93,50.6,58.0,40.2,10.0,52.61,36.22,26.08,26.0,29.73,90.02,48.0,47.07,53.37,54.59,83.19,46.0,50.16,3.61,86.83,83.17,45.1,10.44,77.16,42.58,55.87,48.76,27.59,57.31
9,26.31,47.71,46.04,18.44,54.41,20.59,32.56,31.24,72.8,0.0,44.94,44.94,33.29,50.04,11.31,48.41,27.78,80.5,38.05,56.46,29.53,73.35,63.25,65.39,64.78,50.48,85.6,43.08,35.61,71.47,61.35,61.74,47.41,13.42,70.88,34.99,69.29,17.89,53.15,67.72,74.3,32.28,32.2,30.87,25.18,48.51,22.83
10,69.86,78.03,23.41,62.8,42.38,65.51,60.0,14.56,45.61,44.94,0.0,56.92,20.4,28.64,48.7,16.12,24.0,88.2,79.12,66.21,52.04,70.77,40.25,73.43,62.48,20.59,46.17,27.2,47.07,74.4,67.23,71.55,62.64,58.31,72.8,10.0,43.32,62.77,37.7,70.21,41.05,33.73,19.1,51.16,35.01,39.2,22.2
11,47.07,28.84,73.78,56.14,89.38,52.04,18.97,45.65,49.4,44.94,56.92,0.0,36.77,79.32,34.93,46.17,34.99,36.06,45.65,11.66,16.12,30.07,40.25,20.59,22.8,44.0,72.8,32.06,77.67,26.68,16.49,17.2,6.0,48.17,26.31,51.88,46.14,50.0,86.21,23.19,56.86,69.35,38.48,14.32,25.5,23.77,47.51
12,54.41,58.03,38.21,51.61,55.61,52.35,40.2,10.0,40.79,33.29,20.4,36.77,0.0,43.86,32.8,15.62,5.66,69.66,61.74,46.65,32.06,54.41,32.06,54.41,45.61,17.2,52.5,12.17,50.99,56.57,48.41,52.15,42.38,45.34,55.17,15.62,37.48,49.52,51.74,52.33,41.15,39.22,2.24,31.0,15.3,22.83,17.12
13,76.03,94.25,5.66,63.15,14.14,68.47,76.55,34.06,74.0,50.04,28.64,79.32,43.86,0.0,58.86,44.72,44.41,113.45,88.09,90.0,69.86,97.84,68.88,98.08,89.2,49.19,70.03,54.04,29.73,100.42,92.2,95.6,84.38,62.13,98.99,28.28,71.87,66.27,9.22,96.18,68.45,20.25,41.77,69.78,54.2,65.95,32.7
14,21.63,36.72,54.33,22.36,64.62,20.59,21.26,34.18,68.96,11.31,48.7,34.93,32.8,58.86,0.0,48.41,27.2,69.86,30.59,46.17,18.97,64.28,59.06,55.03,56.04,49.52,84.85,40.0,46.86,61.61,51.42,51.26,36.77,14.56,61.19,39.29,65.37,17.89,62.94,58.05,72.01,42.54,32.45,20.62,20.25,42.72,28.16
15,70.0,71.02,39.4,66.84,58.31,67.88,53.85,18.97,30.27,48.41,16.12,46.17,15.62,44.72,48.41,0.0,21.26,74.24,76.94,53.85,45.61,55.61,24.17,60.17,47.71,4.47,37.2,14.14,60.03,60.03,53.85,58.82,52.15,60.83,58.31,20.0,27.66,65.05,53.71,55.95,27.66,47.01,16.28,44.15,29.97,25.08,28.79
16,48.83,54.04,38.83,46.04,55.17,46.69,36.0,10.77,45.61,27.78,24.0,34.99,5.66,44.41,27.2,21.26,0.0,69.31,56.46,45.61,28.07,55.57,36.5,53.81,46.65,22.8,58.14,16.12,48.08,56.85,48.08,51.22,40.25,39.7,55.61,17.09,42.2,43.86,51.66,52.63,46.53,37.12,5.39,27.29,11.05,25.0,14.32
17,76.66,46.17,107.81,89.29,124.45,83.95,50.0,79.4,62.13,80.5,88.2,36.06,69.66,113.45,69.86,74.24,69.31,0.0,70.03,24.41,50.99,22.0,57.27,15.62,27.2,70.68,88.09,61.06,113.72,14.56,21.26,18.87,33.11,81.61,16.49,85.28,60.41,82.46,120.97,18.38,72.34,105.12,71.7,49.65,61.07,49.24,82.81
18,13.42,24.08,84.0,30.53,91.78,23.32,27.2,64.56,91.93,38.05,79.12,45.65,61.74,88.09,30.59,76.94,56.46,70.03,0.0,52.5,33.94,74.0,82.02,59.23,68.03,77.18,111.61,66.03,70.23,67.91,58.82,55.32,43.08,27.2,68.41,69.86,88.39,24.17,90.93,65.8,97.19,69.87,61.85,36.07,47.01,64.35,58.69
19,56.14,31.62,84.4,66.75,100.5,62.13,28.0,56.04,50.6,56.46,66.21,11.66,46.65,90.0,46.17,53.85,45.61,24.41,52.5,0.0,27.2,21.54,42.76,8.94,16.97,50.99,75.71,39.85,89.31,16.0,6.32,5.66,10.0,58.86,16.12,62.13,47.8,60.3,97.19,13.34,59.44,80.81,48.55,25.63,36.8,29.27,58.69
20,32.31,26.0,64.62,40.05,78.23,36.22,8.25,38.47,58.0,29.53,52.04,16.12,32.06,69.86,18.97,45.61,28.07,50.99,33.94,27.2,0.0,46.0,48.08,36.06,38.21,44.94,78.23,33.11,63.78,42.76,32.56,32.31,17.89,32.06,42.43,44.72,54.45,34.06,75.66,39.32,63.41,57.01,33.0,2.24,17.03,30.41,37.16
21,76.94,52.84,92.2,86.02,110.0,82.1,48.66,64.4,40.2,73.35,70.77,30.07,54.41,97.84,64.28,55.61,55.57,22.0,74.0,21.54,46.0,0.0,36.06,16.97,8.94,51.61,66.12,43.86,102.96,8.94,15.23,20.0,31.05,78.03,7.21,69.66,38.64,80.02,106.04,8.6,50.49,92.66,56.61,44.01,49.98,31.89,69.84
22,78.82,68.96,63.56,80.62,82.46,79.65,55.32,40.2,10.0,63.25,40.25,40.25,32.06,68.88,59.06,24.17,36.5,57.27,82.02,42.76,48.08,36.06,0.0,46.0,30.27,19.7,32.98,20.4,82.39,42.76,40.05,46.17,45.69,73.35,40.79,43.17,6.4,76.94,77.88,39.32,16.76,69.87,34.01,45.97,38.91,17.69,49.0
23,64.0,36.77,92.46,75.31,108.9,70.46,36.22,64.03,52.61,65.39,73.43,20.59,54.41,98.08,55.03,60.17,53.81,15.62,59.23,8.94,36.06,16.97,46.0,0.0,16.49,56.92,78.41,46.52,98.18,8.94,6.32,4.0,18.44,67.47,10.0,70.0,50.25,68.73,105.48,8.6,62.2,89.5,56.4,34.54,45.45,35.11,67.21
24,69.86,48.41,83.55,78.03,101.21,74.43,41.76,55.61,36.22,64.78,62.48,22.8,45.61,89.2,56.04,47.71,46.65,27.2,68.03,16.97,38.21,8.94,30.27,16.49,0.0,43.91,62.13,35.38,94.02,12.65,11.66,17.89,25.06,70.03,10.77,60.96,34.01,72.25,97.31,9.06,46.01,83.73,47.8,36.12,41.11,23.35,60.9
25,70.94,69.86,43.86,68.82,62.77,69.43,53.14,22.36,26.08,50.48,20.59,44.0,17.2,49.19,49.52,4.47,22.8,70.68,77.18,50.99,44.94,51.61,19.7,56.92,43.91,0.0,35.38,12.17,64.0,56.36,50.6,55.79,50.0,62.48,54.59,24.08,23.35,66.6,58.18,52.33,24.35,51.09,18.36,43.32,30.23,21.84,32.02
26,106.15,101.13,66.27,104.02,84.0,104.8,86.09,55.57,26.0,85.6,46.17,72.8,52.5,70.03,84.85,37.2,58.14,88.09,111.61,75.71,78.23,66.12,32.98,78.41,62.13,35.38,0.0,45.61,93.15,74.0,72.69,78.92,78.43,97.84,72.0,54.63,28.16,101.98,79.0,71.06,16.28,79.81,53.41,76.32,65.19,49.24,65.37
27,60.83,57.72,48.41,60.83,66.57,60.46,41.23,21.54,29.73,43.08,27.2,32.06,12.17,54.04,40.0,14.14,16.12,61.06,66.03,39.85,33.11,43.86,20.4,46.52,35.38,12.17,45.61,0.0,63.15,47.2,40.25,44.94,38.05,53.85,45.61,26.08,26.25,57.69,62.43,43.01,32.02,51.24,14.32,31.38,19.85,12.04,29.27
28,56.92,83.23,30.0,40.79,24.74,47.54,67.94,42.19,90.02,35.61,47.07,77.67,50.99,29.73,46.86,60.03,48.08,113.72,70.23,89.31,63.78,102.96,82.39,98.18,94.02,64.0,93.15,63.15,0.0,102.96,93.3,94.87,81.22,43.08,102.0,40.05,87.09,46.17,26.4,98.88,87.37,13.34,48.84,64.66,53.24,73.08,33.96
29,72.11,45.69,94.76,82.61,111.95,78.1,44.0,66.48,48.0,71.47,74.4,26.68,56.57,100.42,61.61,60.03,56.85,14.56,67.91,16.0,42.76,8.94,42.76,8.94,12.65,56.36,74.0,47.2,102.96,0.0,10.2,12.65,26.0,74.67,2.0,72.14,46.1,76.24,108.25,4.24,58.08,93.48,58.69,41.0,49.74,35.23,70.8
30,62.29,37.74,86.56,72.44,103.25,68.03,34.06,58.14,47.07,61.35,67.23,16.49,48.41,92.2,51.42,53.85,48.08,21.26,58.82,6.32,32.56,15.23,40.05,6.32,11.66,50.6,72.69,40.25,93.3,10.2,0.0,6.32,16.12,64.5,10.0,64.03,44.55,66.12,99.72,7.07,56.44,84.2,50.45,30.81,40.22,28.79,61.72
31,60.0,33.11,90.0,71.39,106.15,66.48,32.25,61.61,53.37,61.74,71.55,17.2,52.15,95.6,51.26,58.82,51.22,18.87,55.32,5.66,32.31,20.0,46.17,4.0,17.89,55.79,78.92,44.94,94.87,12.65,6.32,0.0,14.56,63.56,13.42,67.68,50.8,64.78,102.83,11.4,62.65,86.45,54.08,30.87,42.45,33.96,64.35
32,46.17,24.08,78.89,56.89,94.02,52.15,18.0,50.99,54.59,47.41,62.64,6.0,42.38,84.38,36.77,52.15,40.25,33.11,43.08,10.0,17.89,31.05,45.69,18.44,25.06,50.0,78.43,38.05,81.22,26.0,16.12,14.56,0.0,49.03,26.08,57.27,51.43,50.36,91.02,23.19,62.39,73.55,44.01,16.64,30.23,29.61,52.2
33,14.14,42.52,58.55,8.0,64.78,7.21,31.62,44.41,83.19,13.42,58.31,48.17,45.34,62.13,14.56,60.83,39.7,81.61,27.2,58.86,32.06,78.03,73.35,67.47,70.03,62.48,97.84,53.85,43.08,74.67,64.5,63.56,49.03,0.0,74.43,48.37,79.61,4.47,64.2,71.34,85.7,43.1,44.55,34.01,34.44,57.25,36.24
34,72.25,46.52,93.34,82.39,110.63,78.03,44.05,65.12,46.0,70.88,72.8,26.31,55.17,98.99,61.19,58.31,55.61,16.49,68.41,16.12,42.43,7.21,40.79,10.0,10.77,54.59,72.0,45.61,102.0,2.0,10.0,13.42,26.08,74.43,0.0,70.71,44.1,76.11,106.89,3.16,56.08,92.36,57.31,40.61,48.76,33.6,69.63
35,60.17,70.46,22.63,52.8,40.5,55.57,52.35,6.32,50.16,34.99,10.0,51.88,15.62,28.28,39.29,20.0,17.09,85.28,69.86,62.13,44.72,69.66,43.17,70.0,60.96,24.08,54.63,26.08,40.05,72.14,64.03,67.68,57.27,48.37,70.71,0.0,47.38,52.84,36.4,67.9,47.38,27.02,13.6,44.15,27.89,37.8,12.21
36,85.21,74.95,66.73,86.82,85.7,85.96,61.62,45.0,3.61,69.29,43.32,46.14,37.48,71.87,65.37,27.66,42.2,60.41,88.39,47.8,54.45,38.64,6.4,50.25,34.01,23.35,28.16,26.25,87.09,46.1,44.55,50.8,51.43,79.61,44.1,47.38,0.0,83.24,80.99,43.0,12.0,74.33,39.32,52.33,45.18,24.04,54.15
37,10.77,41.62,62.8,7.21,68.47,2.83,32.56,48.83,86.83,17.89,62.77,50.0,49.52,66.27,17.89,65.05,43.86,82.46,24.17,60.3,34.06,80.02,76.94,68.73,72.25,66.6,101.98,57.69,46.17,76.24,66.12,64.78,50.36,4.47,76.11,52.84,83.24,0.0,68.07,73.06,89.63,47.01,48.8,36.12,38.08,60.54,40.71
38,78.31,99.16,14.32,64.07,5.0,70.01,81.86,41.77,83.17,53.15,37.7,86.21,51.74,9.22,62.94,53.71,51.66,120.97,90.93,97.19,75.66,106.04,77.88,105.48,97.31,58.18,79.0,62.43,26.4,108.25,99.72,102.83,91.02,64.2,106.89,36.4,80.99,68.07,0.0,104.0,77.67,21.1,49.58,75.8,60.8,74.2,38.83
39,69.35,44.29,90.52,79.31,107.71,75.01,41.11,62.24,45.1,67.72,70.21,23.19,52.33,96.18,58.05,55.95,52.63,18.38,65.8,13.34,39.32,8.6,39.32,8.6,9.06,52.33,71.06,43.01,98.88,4.24,7.07,11.4,23.19,71.34,3.16,67.9,43.0,73.06,104.0,0.0,55.0,89.31,54.45,37.48,45.65,31.06,66.61
40,92.76,85.42,63.79,92.44,82.57,92.42,71.03,46.57,10.44,74.3,41.05,56.86,41.15,68.45,72.01,27.66,46.53,72.34,97.19,59.44,63.41,50.49,16.76,62.2,46.01,24.35,16.28,32.02,87.37,58.08,56.44,62.65,62.39,85.7,56.08,47.38,12.0,89.63,77.67,55.0,0.0,74.17,42.54,61.4,51.86,33.62,56.32
41,57.22,79.16,18.6,43.29,22.14,49.01,62.43,29.83,77.16,32.28,33.73,69.35,39.22,20.25,42.54,47.01,37.12,105.12,69.87,80.81,57.01,92.66,69.87,89.5,83.73,51.09,79.81,51.24,13.34,93.48,84.2,86.45,73.55,43.1,92.36,27.02,74.33,47.01,21.1,89.31,74.17,0.0,37.0,57.49,44.05,61.85,22.83
42,54.08,59.0,36.12,50.61,53.41,51.62,41.05,7.81,42.58,32.2,19.1,38.48,2.24,41.77,32.45,16.28,5.39,71.7,61.85,48.55,33.0,56.61,34.01,56.4,47.8,18.36,53.41,14.32,48.84,58.69,50.45,54.08,44.01,44.55,57.31,13.6,39.32,48.8,49.58,54.45,42.54,37.0,0.0,32.06,16.03,25.06,15.03
43,34.54,27.07,64.47,42.01,78.49,38.33,9.85,37.85,55.87,30.87,51.16,14.32,31.0,69.78,20.62,44.15,27.29,49.65,36.07,25.63,2.24,44.01,45.97,34.54,36.12,43.32,76.32,31.38,64.66,41.0,30.81,30.87,16.64,34.01,40.61,44.15,52.33,36.12,75.8,37.48,61.4,57.49,32.06,0.0,16.28,28.28,37.12
44,41.01,43.01,48.76,41.79,63.89,40.82,25.02,21.59,48.76,25.18,35.01,25.5,15.3,54.2,20.25,29.97,11.05,61.07,47.01,36.8,17.03,49.98,38.91,45.45,41.11,30.23,65.19,19.85,53.24,49.74,40.22,42.45,30.23,34.44,48.76,27.89,45.18,38.08,60.8,45.65,51.86,44.05,16.03,16.28,0.0,23.35,22.02
45,61.59,51.89,60.31,64.85,78.24,63.16,37.64,32.76,27.59,48.51,39.2,23.77,22.83,65.95,42.72,25.08,25.0,49.24,64.35,29.27,30.41,31.89,17.69,35.11,23.35,21.84,49.24,12.04,73.08,35.23,28.79,33.96,29.61,57.25,33.6,37.8,24.04,60.54,74.2,31.06,33.62,61.85,25.06,28.28,23.35,0.0,39.22
46,48.38,61.85,27.51,40.61,41.87,43.42,43.97,9.85,57.31,22.83,22.2,47.51,17.12,32.7,28.16,28.79,14.32,82.81,58.69,58.69,37.16,69.84,49.0,67.21,60.9,32.02,65.37,29.27,33.96,70.8,61.72,64.35,52.2,36.24,69.63,12.21,54.15,40.71,38.83,66.61,56.32,22.83,15.03,37.12,22.02,39.22,0.0
