vehicles
vehicle_idx, capacity, cost_per_unit_distance
1,100,3
2,100,3
3,100,3
4,100,3
5,100,3
depot
node_idx,x,y
0,38,46
home delivery customers
node_idx,x,y,service_time,demand
1,96,42,10,18
2,47,61,10,1
3,66,6,10,8
4,96,7,10,23
5,60,20,10,19
6,10,91,10,4
7,98,51,10,22
8,43,42,10,23
9,72,79,10,2
10,37,88,10,9
11,75,96,10,12
12,25,72,10,23
self pickup customers
node_idx,x,y,service_time,demand,locker_idxs
13,59,46,10,16,44
14,26,15,10,13,38
15,68,92,10,27,37-41
16,82,28,10,3,46-42-39
17,93,90,10,6,41
18,78,58,10,2,45
19,73,57,10,7,47-43-46
20,53,25,10,16,47
21,11,66,10,1,40
22,9,49,10,9,38
23,12,61,10,19,40
24,26,54,10,7,44
flexible customers
node_idx,x,y,service_time,demand,locker_idxs
25,37,25,10,7,38
26,78,84,10,1,41-37
27,74,42,10,24,47-46-45-43
28,36,48,10,5,44-43-47
29,45,36,10,16,47-44-43
30,92,62,10,7,45
31,78,65,10,2,45-46-41
32,16,73,10,2,47-40
33,8,68,10,6,40
34,50,2,10,7,42
35,18,89,10,20,40
36,22,53,10,20,44
lockers
node_idx,x,y,service_time,capacity,cost_per_unit_good
37,65,88,10,94
38,25,15,10,79
39,93,12,10,98
40,22,88,10,97
41,77,88,10,73
42,72,14,10,74
43,57,51,10,93
44,46,59,10,95
45,86,49,10,81
46,71,45,10,76
47,56,45,10,80
mrt lines
start_node_idx,end_node_idx,freight_capacity,cost_per_unit_good
37,38,94,0.1
38,37,94,0.1
39,40,98,0.1
40,39,98,0.1
distance matrix
,0,1,2,3,4,5,6,7,8,9,10,11,12,13,14,15,16,17,18,19,20,21,22,23,24,25,26,27,28,29,30,31,32,33,34,35,36,37,38,39,40,41,42,43,44,45,46,47,
0,0.0,58.14,17.49,48.83,69.89,34.06,53.0,60.21,6.4,47.38,42.01,62.2,29.07,21.0,33.24,54.92,47.54,70.43,41.76,36.69,25.81,33.6,29.15,30.02,14.42,21.02,55.17,36.22,2.83,12.21,56.32,44.28,34.83,37.2,45.61,47.42,17.46,49.93,33.62,64.66,44.94,57.31,46.69,19.65,15.26,48.09,33.02,18.03
1,58.14,0.0,52.55,46.86,35.0,42.19,98.98,9.22,53.0,44.1,74.81,57.94,77.08,37.22,75.03,57.31,19.8,48.09,24.08,27.46,46.24,88.32,87.28,86.12,71.02,61.4,45.69,22.0,60.3,51.35,20.4,29.21,85.8,91.76,60.96,91.07,74.81,55.47,75.96,30.15,87.13,49.77,36.88,40.02,52.81,12.21,25.18,40.11
2,17.49,52.55,0.0,58.19,72.92,43.01,47.63,51.97,19.42,30.81,28.79,44.82,24.6,19.21,50.57,37.44,48.1,54.38,31.14,26.31,36.5,36.35,39.85,35.0,22.14,37.36,38.6,33.02,17.03,25.08,45.01,31.26,33.24,39.62,59.08,40.31,26.25,32.45,50.99,67.21,36.8,40.36,53.24,14.14,2.24,40.8,28.84,18.36
3,48.83,46.86,58.19,0.0,30.02,15.23,101.79,55.22,42.72,73.25,86.98,90.45,77.7,40.61,41.0,86.02,27.2,88.23,53.37,51.48,23.02,81.39,71.4,77.08,62.48,34.67,78.92,36.88,51.61,36.62,61.74,60.21,83.6,84.9,16.49,95.88,64.38,82.01,41.98,27.66,93.06,82.73,10.0,45.89,56.65,47.42,39.32,40.26
4,69.89,35.0,72.92,30.02,0.0,38.28,120.22,44.05,63.51,75.89,100.21,91.44,96.26,53.76,70.46,89.49,25.24,83.05,54.08,55.04,46.62,103.47,96.61,99.86,84.31,61.68,79.08,41.34,72.67,58.67,55.15,60.73,103.71,107.07,46.27,113.17,87.13,86.73,71.45,5.83,109.71,83.2,25.0,58.8,72.14,43.17,45.49,55.17
5,34.06,42.19,43.01,15.23,38.28,0.0,86.84,49.04,27.8,60.21,71.78,77.47,62.68,26.02,34.37,72.44,23.41,77.39,42.05,39.22,8.6,67.21,58.67,63.13,48.08,23.54,66.48,26.08,36.88,21.93,52.8,48.47,68.88,70.77,20.59,80.78,50.33,68.18,35.36,33.96,77.9,70.09,13.42,31.14,41.44,38.95,27.31,25.32
6,53.0,98.98,47.63,101.79,120.22,86.84,0.0,96.66,59.08,63.15,27.17,65.19,24.21,66.53,77.67,58.01,95.67,83.01,75.58,71.59,78.77,25.02,42.01,30.07,40.31,71.31,68.36,80.6,50.25,65.19,86.98,72.8,18.97,23.09,97.58,8.25,39.85,55.08,77.47,114.59,12.37,67.07,98.86,61.72,48.17,86.83,76.4,65.05
7,60.21,9.22,51.97,55.22,44.05,49.04,96.66,0.0,55.73,38.21,71.34,50.54,75.96,39.32,80.5,50.8,28.02,39.32,21.19,25.71,51.97,88.28,89.02,86.58,72.06,66.31,38.59,25.63,62.07,55.08,12.53,24.41,84.9,91.59,68.59,88.57,76.03,49.58,81.39,39.32,84.53,42.54,45.22,41.0,52.61,12.17,27.66,42.43
8,6.4,53.0,19.42,42.72,63.51,27.8,59.08,55.73,0.0,47.01,46.39,62.77,34.99,16.49,31.91,55.9,41.44,69.31,38.48,33.54,19.72,40.0,34.71,36.36,20.81,18.03,54.67,31.0,9.22,6.32,52.92,41.88,41.11,43.6,40.61,53.24,23.71,50.99,32.45,58.31,50.57,57.2,40.31,16.64,17.26,43.57,28.16,13.34
9,47.38,44.1,30.81,73.25,75.89,60.21,63.15,38.21,47.01,0.0,36.14,17.26,47.52,35.47,78.82,13.6,51.97,23.71,21.84,22.02,57.25,62.37,69.78,62.64,52.35,64.35,7.81,37.05,47.51,50.77,26.25,15.23,56.32,64.94,80.08,54.92,56.36,11.4,79.4,70.21,50.8,10.3,65.0,31.76,32.8,33.11,34.01,37.58
10,42.01,74.81,28.79,86.98,100.21,71.78,27.17,71.34,46.39,36.14,0.0,38.83,20.0,47.41,73.82,31.26,75.0,56.04,50.8,47.51,65.0,34.06,48.01,36.8,35.74,63.0,41.19,59.03,40.01,52.61,60.84,47.01,25.81,35.23,86.98,19.03,38.08,28.0,73.98,94.4,15.0,40.0,81.86,42.06,30.36,62.63,54.82,47.01
11,62.2,57.94,44.82,90.45,91.44,77.47,65.19,50.54,62.77,17.26,38.83,0.0,55.46,52.5,94.67,8.06,68.36,18.97,38.12,39.05,74.33,70.68,81.02,72.07,64.54,80.53,12.37,54.01,61.85,67.08,38.01,31.14,63.32,72.62,97.27,57.43,68.25,12.81,95.19,85.91,53.6,8.25,82.05,48.47,47.01,48.27,51.16,54.42
12,29.07,77.08,24.6,77.7,96.26,62.68,24.21,75.96,34.99,47.52,20.0,55.46,0.0,42.8,57.01,47.42,72.01,70.34,54.82,50.29,54.71,15.23,28.02,17.03,18.03,48.51,54.34,57.45,26.4,41.18,67.74,53.46,9.06,17.46,74.33,18.38,19.24,43.08,57.0,90.69,16.28,54.41,74.65,38.28,24.7,65.19,53.34,41.11
13,21.0,37.22,19.21,40.61,53.76,26.02,66.53,39.32,16.49,35.47,47.41,52.5,42.8,0.0,45.28,46.87,29.21,55.61,22.47,17.8,21.84,52.0,50.09,49.34,33.96,30.41,42.49,15.52,23.09,17.2,36.67,26.87,50.77,55.54,44.91,59.41,37.66,42.43,46.01,48.08,55.97,45.69,34.54,5.39,18.38,27.17,12.04,3.16
14,33.24,75.03,50.57,41.0,70.46,34.37,77.67,80.5,31.91,78.82,73.82,94.67,57.01,45.28,0.0,87.71,57.49,100.57,67.48,63.03,28.79,53.16,38.01,48.08,39.0,14.87,86.4,55.07,34.48,28.32,81.02,72.14,58.86,55.97,27.29,74.43,38.21,82.76,1.0,67.07,73.11,89.05,46.01,47.51,48.33,68.96,54.08,42.43
15,54.92,57.31,37.44,86.02,89.49,72.44,58.01,50.8,55.9,13.6,31.26,8.06,47.42,46.87,87.71,0.0,65.51,25.08,35.44,35.36,68.66,62.65,73.01,64.01,56.64,73.82,12.81,50.36,54.41,60.54,38.42,28.79,55.36,64.62,91.78,50.09,60.31,5.0,88.19,83.82,46.17,9.85,78.1,42.45,39.66,46.62,47.1,48.51
16,47.54,19.8,48.1,27.2,25.24,23.41,95.67,28.02,41.44,51.97,75.0,68.36,72.01,29.21,57.49,65.51,0.0,62.97,30.27,30.36,29.15,80.53,75.96,77.39,61.74,45.1,56.14,16.12,50.16,37.85,35.44,37.22,79.88,84.12,41.23,88.41,65.0,62.36,58.46,19.42,84.85,60.21,17.2,33.97,47.51,21.38,20.25,31.06
17,70.43,48.09,54.38,88.23,83.05,77.39,83.01,39.32,69.31,23.71,56.04,18.97,70.34,55.61,100.57,25.08,62.97,0.0,35.34,38.59,76.32,85.44,93.47,86.03,76.06,85.8,16.16,51.62,70.8,72.25,28.02,29.15,78.85,87.8,97.94,75.01,80.06,28.07,101.24,78.0,71.03,16.12,78.85,53.08,56.3,41.59,50.09,58.26
18,41.76,24.08,31.14,53.37,54.08,42.05,75.58,21.19,38.48,21.84,50.8,38.12,54.82,22.47,67.48,35.44,30.27,35.34,0.0,5.1,41.4,67.48,69.58,66.07,52.15,52.63,26.0,16.49,43.17,39.66,14.56,7.0,63.79,70.71,62.61,67.54,56.22,32.7,68.25,48.38,63.53,30.02,44.41,22.14,32.02,12.04,14.76,25.55
19,36.69,27.46,26.31,51.48,55.04,39.22,71.59,25.71,33.54,22.02,47.51,39.05,50.29,17.8,63.03,35.36,30.36,38.59,5.1,0.0,37.74,62.65,64.5,61.13,47.1,48.17,27.46,15.03,38.08,35.0,19.65,9.43,59.2,65.92,59.62,63.63,51.16,32.02,63.78,49.24,59.68,31.26,43.01,17.09,27.07,15.26,12.17,20.81
20,25.81,46.24,36.5,23.02,46.62,8.6,78.77,51.97,19.72,57.25,65.0,74.33,54.71,21.84,28.79,68.66,29.15,76.32,41.4,37.74,0.0,58.69,50.12,54.56,39.62,16.0,64.08,27.02,28.6,13.6,53.76,47.17,60.61,62.24,23.19,72.95,41.77,64.13,29.73,42.06,70.21,67.42,21.95,26.31,34.71,40.8,26.91,20.22
21,33.6,88.32,36.35,81.39,103.47,67.21,25.02,88.28,40.0,62.37,34.06,70.68,15.23,52.0,53.16,62.65,80.53,85.44,67.48,62.65,58.69,0.0,17.12,5.1,19.21,48.55,69.38,67.42,30.81,45.34,81.1,67.01,8.6,3.61,74.95,24.04,17.03,58.31,52.89,98.18,24.6,69.57,80.16,48.38,35.69,76.9,63.57,49.66
22,29.15,87.28,39.85,71.4,96.61,58.67,42.01,89.02,34.71,69.78,48.01,81.02,28.02,50.09,38.01,73.01,75.96,93.47,69.58,64.5,50.12,17.12,0.0,12.37,17.72,36.88,77.37,65.38,27.02,38.28,84.01,70.83,25.0,19.03,62.37,41.0,13.6,68.24,37.58,91.79,41.11,78.39,72.07,48.04,38.33,77.0,62.13,47.17
23,30.02,86.12,35.0,77.08,99.86,63.13,30.07,86.58,36.36,62.64,36.8,72.07,17.03,49.34,48.08,64.01,77.39,86.03,66.07,61.13,54.56,5.1,12.37,0.0,15.65,43.83,69.89,64.85,27.29,41.4,80.01,66.12,12.65,8.06,70.18,28.64,12.81,59.48,47.8,94.67,28.79,70.38,76.22,46.1,34.06,74.97,61.13,46.82
24,14.42,71.02,22.14,62.48,84.31,48.08,40.31,72.06,20.81,52.35,35.74,64.54,18.03,33.96,39.0,56.64,61.74,76.06,52.15,47.1,39.62,19.21,17.72,15.65,0.0,31.02,60.03,49.48,11.66,26.17,66.48,53.15,21.47,22.8,57.27,35.9,4.12,51.74,39.01,79.08,34.23,61.29,60.96,31.14,20.62,60.21,45.89,31.32
25,21.02,61.4,37.36,34.67,61.68,23.54,71.31,66.31,18.03,64.35,63.0,80.53,48.51,30.41,14.87,73.82,45.1,85.8,52.63,48.17,16.0,48.55,36.88,43.83,31.02,0.0,71.85,40.72,23.02,13.6,66.29,57.28,52.39,51.87,26.42,66.76,31.76,68.94,15.62,57.49,64.76,74.63,36.69,32.8,35.17,54.56,39.45,27.59
26,55.17,45.69,38.6,78.92,79.08,66.48,68.36,38.59,54.67,7.81,41.19,12.37,54.34,42.49,86.4,12.81,56.14,16.16,26.0,27.46,64.08,69.38,77.37,69.89,60.03,71.85,0.0,42.19,55.32,58.25,26.08,19.0,62.97,71.81,86.65,60.21,64.01,13.6,87.01,73.55,56.14,4.12,70.26,39.12,40.61,35.9,39.62,44.78
27,36.22,22.0,33.02,36.88,41.34,26.08,80.6,25.63,31.0,37.05,59.03,54.01,57.45,15.52,55.07,50.36,16.12,51.62,16.49,15.03,27.02,67.42,65.38,64.85,49.48,40.72,42.19,0.0,38.47,29.61,26.91,23.35,65.76,70.94,46.65,73.11,53.15,46.87,55.95,35.51,69.43,46.1,28.07,19.24,32.76,13.89,4.24,18.25
28,2.83,60.3,17.03,51.61,72.67,36.88,50.25,62.07,9.22,47.51,40.01,61.85,26.4,23.09,34.48,54.41,50.16,70.8,43.17,38.08,28.6,30.81,27.02,27.29,11.66,23.02,55.32,38.47,0.0,15.0,57.72,45.31,32.02,34.41,48.08,44.78,14.87,49.41,34.79,67.42,42.38,57.28,49.52,21.21,14.87,50.01,35.13,20.22
29,12.21,51.35,25.08,36.62,58.67,21.93,65.19,55.08,6.32,50.77,52.61,67.08,41.18,17.2,28.32,60.54,37.85,72.25,39.66,35.0,13.6,45.34,38.28,41.4,26.17,13.6,58.25,29.61,15.0,0.0,53.71,43.93,47.01,48.92,34.37,59.48,28.6,55.71,29.0,53.67,56.86,61.06,34.83,19.21,23.02,43.01,27.51,14.21
30,56.32,20.4,45.01,61.74,55.15,52.8,86.98,12.53,52.92,26.25,60.84,38.01,67.74,36.67,81.02,38.42,35.44,28.02,14.56,19.65,53.76,81.1,84.01,80.01,66.48,66.29,26.08,26.91,57.72,53.71,0.0,14.32,76.79,84.21,73.24,78.77,70.58,37.48,81.84,50.01,74.67,30.02,52.0,36.69,46.1,14.32,27.02,39.81
31,44.28,29.21,31.26,60.21,60.73,48.47,72.8,24.41,41.88,15.23,47.01,31.14,53.46,26.87,72.14,28.79,37.22,29.15,7.0,9.43,47.17,67.01,70.83,66.12,53.15,57.28,19.0,23.35,45.31,43.93,14.32,0.0,62.51,70.06,68.94,64.62,57.27,26.42,72.86,55.08,60.54,23.02,51.35,25.24,32.56,17.89,21.19,29.73
32,34.83,85.8,33.24,83.6,103.71,68.88,18.97,84.9,41.11,56.32,25.81,63.32,9.06,50.77,58.86,55.36,79.88,78.85,63.79,59.2,60.61,8.6,25.0,12.65,21.47,52.39,62.97,65.76,32.02,47.01,76.79,62.51,0.0,9.43,78.72,16.12,20.88,51.24,58.69,98.23,16.16,62.82,81.34,46.53,33.11,74.0,61.72,48.83
33,37.2,91.76,39.62,84.9,107.07,70.77,23.09,91.59,43.6,64.94,35.23,72.62,17.46,55.54,55.97,64.62,84.12,87.8,70.71,65.92,62.24,3.61,19.03,8.06,22.8,51.87,71.81,70.94,34.41,48.92,84.21,70.06,9.43,0.0,78.23,23.26,20.52,60.41,55.66,101.79,24.41,71.84,83.74,51.87,39.05,80.28,67.07,53.23
34,45.61,60.96,59.08,16.49,46.27,20.59,97.58,68.59,40.61,80.08,86.98,97.27,74.33,44.91,27.29,91.78,41.23,97.94,62.61,59.62,23.19,74.95,62.37,70.18,57.27,26.42,86.65,46.65,48.08,34.37,73.24,68.94,78.72,78.23,0.0,92.7,58.18,87.3,28.18,44.15,90.44,90.14,25.06,49.5,57.14,59.2,47.85,43.42
35,47.42,91.07,40.31,95.88,113.17,80.78,8.25,88.57,53.24,54.92,19.03,57.43,18.38,59.41,74.43,50.09,88.41,75.01,67.54,63.63,72.95,24.04,41.0,28.64,35.9,66.76,60.21,73.11,44.78,59.48,78.77,64.62,16.12,23.26,92.7,0.0,36.22,47.01,74.33,107.49,4.12,59.01,92.42,54.45,41.04,78.89,68.88,58.14
36,17.46,74.81,26.25,64.38,87.13,50.33,39.85,76.03,23.71,56.36,38.08,68.25,19.24,37.66,38.21,60.31,65.0,80.06,56.22,51.16,41.77,17.03,13.6,12.81,4.12,31.76,64.01,53.15,14.87,28.6,70.58,57.27,20.88,20.52,58.18,36.22,0.0,55.44,38.12,81.99,35.0,65.19,63.41,35.06,24.74,64.12,49.65,34.93
37,49.93,55.47,32.45,82.01,86.73,68.18,55.08,49.58,50.99,11.4,28.0,12.81,43.08,42.43,82.76,5.0,62.36,28.07,32.7,32.02,64.13,58.31,68.24,59.48,51.74,68.94,13.6,46.87,49.41,55.71,37.48,26.42,51.24,60.41,87.3,47.01,55.44,0.0,83.24,80.99,43.0,12.0,74.33,37.85,34.67,44.29,43.42,43.93
38,33.62,75.96,50.99,41.98,71.45,35.36,77.47,81.39,32.45,79.4,73.98,95.19,57.0,46.01,1.0,88.19,58.46,101.24,68.25,63.78,29.73,52.89,37.58,47.8,39.01,15.62,87.01,55.95,34.79,29.0,81.84,72.86,58.69,55.66,28.18,74.33,38.12,83.24,0.0,68.07,73.06,89.63,47.01,48.17,48.75,69.84,54.92,43.14
39,64.66,30.15,67.21,27.66,5.83,33.96,114.59,39.32,58.31,70.21,94.4,85.91,90.69,48.08,67.07,83.82,19.42,78.0,48.38,49.24,42.06,98.18,91.79,94.67,79.08,57.49,73.55,35.51,67.42,53.67,50.01,55.08,98.23,101.79,44.15,107.49,81.99,80.99,68.07,0.0,104.0,77.67,21.1,53.08,66.47,37.66,39.66,49.58
40,44.94,87.13,36.8,93.06,109.71,77.9,12.37,84.53,50.57,50.8,15.0,53.6,16.28,55.97,73.11,46.17,84.85,71.03,63.53,59.68,70.21,24.6,41.11,28.79,34.23,64.76,56.14,69.43,42.38,56.86,74.67,60.54,16.16,24.41,90.44,4.12,35.0,43.0,73.06,104.0,0.0,55.0,89.31,50.93,37.64,74.95,65.19,54.82
41,57.31,49.77,40.36,82.73,83.2,70.09,67.07,42.54,57.2,10.3,40.0,8.25,54.41,45.69,89.05,9.85,60.21,16.12,30.02,31.26,67.42,69.57,78.39,70.38,61.29,74.63,4.12,46.1,57.28,61.06,30.02,23.02,62.82,71.84,90.14,59.01,65.19,12.0,89.63,77.67,55.0,0.0,74.17,42.06,42.45,40.02,43.42,47.85
42,46.69,36.88,53.24,10.0,25.0,13.42,98.86,45.22,40.31,65.0,81.86,82.05,74.65,34.54,46.01,78.1,17.2,78.85,44.41,43.01,21.95,80.16,72.07,76.22,60.96,36.69,70.26,28.07,49.52,34.83,52.0,51.35,81.34,83.74,25.06,92.42,63.41,74.33,47.01,21.1,89.31,74.17,0.0,39.92,51.97,37.7,31.02,34.89
43,19.65,40.02,14.14,45.89,58.8,31.14,61.72,41.0,16.64,31.76,42.06,48.47,38.28,5.39,47.51,42.45,33.97,53.08,22.14,17.09,26.31,48.38,48.04,46.1,31.14,32.8,39.12,19.24,21.21,19.21,36.69,25.24,46.53,51.87,49.5,54.45,35.06,37.85,48.17,53.08,50.93,42.06,39.92,0.0,13.6,29.07,15.23,6.08
44,15.26,52.81,2.24,56.65,72.14,41.44,48.17,52.61,17.26,32.8,30.36,47.01,24.7,18.38,48.33,39.66,47.51,56.3,32.02,27.07,34.71,35.69,38.33,34.06,20.62,35.17,40.61,32.76,14.87,23.02,46.1,32.56,33.11,39.05,57.14,41.04,24.74,34.67,48.75,66.47,37.64,42.45,51.97,13.6,0.0,41.23,28.65,17.2
45,48.09,12.21,40.8,47.42,43.17,38.95,86.83,12.17,43.57,33.11,62.63,48.27,65.19,27.17,68.96,46.62,21.38,41.59,12.04,15.26,40.8,76.9,77.0,74.97,60.21,54.56,35.9,13.89,50.01,43.01,14.32,17.89,74.0,80.28,59.2,78.89,64.12,44.29,69.84,37.66,74.95,40.02,37.7,29.07,41.23,0.0,15.52,30.27
46,33.02,25.18,28.84,39.32,45.49,27.31,76.4,27.66,28.16,34.01,54.82,51.16,53.34,12.04,54.08,47.1,20.25,50.09,14.76,12.17,26.91,63.57,62.13,61.13,45.89,39.45,39.62,4.24,35.13,27.51,27.02,21.19,61.72,67.07,47.85,68.88,49.65,43.42,54.92,39.66,65.19,43.42,31.02,15.23,28.65,15.52,0.0,15.0
47,18.03,40.11,18.36,40.26,55.17,25.32,65.05,42.43,13.34,37.58,47.01,54.42,41.11,3.16,42.43,48.51,31.06,58.26,25.55,20.81,20.22,49.66,47.17,46.82,31.32,27.59,44.78,18.25,20.22,14.21,39.81,29.73,48.83,53.23,43.42,58.14,34.93,43.93,43.14,49.58,54.82,47.85,34.89,6.08,17.2,30.27,15.0,0.0
