vehicles
vehicle_idx, capacity, cost_per_unit_distance
1,100,1
2,100,1
3,100,1
4,100,1
5,100,1
depot
node_idx,x,y
0,38,46
home delivery customers
node_idx,x,y,service_time,demand
1,59,46,10,16
2,66,6,10,8
3,68,92,10,27
4,78,84,10,1
5,74,42,10,24
6,10,91,10,4
7,92,62,10,7
8,43,42,10,23
9,75,96,10,12
10,25,72,10,23
11,50,2,10,7
12,18,89,10,20
self pickup customers
node_idx,x,y,service_time,demand,locker_idxs
13,47,61,10,1,46-37
14,37,25,10,7,47
15,60,20,10,19,42
16,36,48,10,5,47
17,73,57,10,7,45
18,53,25,10,16,44
19,78,65,10,2,45
20,37,88,10,9,40
21,16,73,10,2,40
22,11,66,10,1,40
23,9,49,10,9,46
24,12,61,10,19,46
flexible customers
node_idx,x,y,service_time,demand,locker_idxs
25,96,42,10,18,39
26,26,15,10,13,38
27,96,7,10,23,39-42
28,82,28,10,3,42-39
29,93,90,10,6,41
30,78,58,10,2,45
31,45,36,10,16,47-46-44-43
32,98,51,10,22,39
33,72,79,10,2,41-37
34,8,68,10,6,40
35,26,54,10,7,47-46
36,22,53,10,20,47-46
lockers
node_idx,x,y,service_time,capacity,cost_per_unit_good
37,65,88,10,75
38,25,15,10,81
39,93,12,10,82
40,22,88,10,99
41,77,88,10,81
42,72,14,10,92
43,53,47,10,96
44,50,38,10,70
45,73,67,10,70
46,33,51,10,76
47,26,30,10,91
mrt lines
start_node_idx,end_node_idx,freight_capacity,cost_per_unit_good
37,38,81,0.5
38,37,81,0.5
39,40,99,0.5
40,39,99,0.5
distance matrix
,0,1,2,3,4,5,6,7,8,9,10,11,12,13,14,15,16,17,18,19,20,21,22,23,24,25,26,27,28,29,30,31,32,33,34,35,36,37,38,39,40,41,42,43,44,45,46,47,
0,0.0,21.0,48.83,54.92,55.17,36.22,53.0,56.32,6.4,62.2,29.07,45.61,47.42,17.49,21.02,34.06,2.83,36.69,25.81,44.28,42.01,34.83,33.6,29.15,30.02,58.14,33.24,69.89,47.54,70.43,41.76,12.21,60.21,47.38,37.2,14.42,17.46,49.93,33.62,64.66,44.94,57.31,46.69,15.03,14.42,40.82,7.07,20.0
1,21.0,0.0,40.61,46.87,42.49,15.52,66.53,36.67,16.49,52.5,42.8,44.91,59.41,19.21,30.41,26.02,23.09,17.8,21.84,26.87,47.41,50.77,52.0,50.09,49.34,37.22,45.28,53.76,29.21,55.61,22.47,17.2,39.32,35.47,55.54,33.96,37.66,42.43,46.01,48.08,55.97,45.69,34.54,6.08,12.04,25.24,26.48,36.67
2,48.83,40.61,0.0,86.02,78.92,36.88,101.79,61.74,42.72,90.45,77.7,16.49,95.88,58.19,34.67,15.23,51.61,51.48,23.02,60.21,86.98,83.6,81.39,71.4,77.08,46.86,41.0,30.02,27.2,88.23,53.37,36.62,55.22,73.25,84.9,62.48,64.38,82.01,41.98,27.66,93.06,82.73,10.0,43.01,35.78,61.4,55.8,46.65
3,54.92,46.87,86.02,0.0,12.81,50.36,58.01,38.42,55.9,8.06,47.42,91.78,50.09,37.44,73.82,72.44,54.41,35.36,68.66,28.79,31.26,55.36,62.65,73.01,64.01,57.31,87.71,89.49,65.51,25.08,35.44,60.54,50.8,13.6,64.62,56.64,60.31,5.0,88.19,83.82,46.17,9.85,78.1,47.43,56.92,25.5,53.91,74.89
4,55.17,42.49,78.92,12.81,0.0,42.19,68.36,26.08,54.67,12.37,54.34,86.65,60.21,38.6,71.85,66.48,55.32,27.46,64.08,19.0,41.19,62.97,69.38,77.37,69.89,45.69,86.4,79.08,56.14,16.16,26.0,58.25,38.59,7.81,71.81,60.03,64.01,13.6,87.01,73.55,56.14,4.12,70.26,44.65,53.85,17.72,55.8,74.97
5,36.22,15.52,36.88,50.36,42.19,0.0,80.6,26.91,31.0,54.01,57.45,46.65,73.11,33.02,40.72,26.08,38.47,15.03,27.02,23.35,59.03,65.76,67.42,65.38,64.85,22.0,55.07,41.34,16.12,51.62,16.49,29.61,25.63,37.05,70.94,49.48,53.15,46.87,55.95,35.51,69.43,46.1,28.07,21.59,24.33,25.02,41.98,49.48
6,53.0,66.53,101.79,58.01,68.36,80.6,0.0,86.98,59.08,65.19,24.21,97.58,8.25,47.63,71.31,86.84,50.25,71.59,78.77,72.8,27.17,18.97,25.02,42.01,30.07,98.98,77.67,120.22,95.67,83.01,75.58,65.19,96.66,63.15,23.09,40.31,39.85,55.08,77.47,114.59,12.37,67.07,98.86,61.52,66.4,67.42,46.14,63.06
7,56.32,36.67,61.74,38.42,26.08,26.91,86.98,0.0,52.92,38.01,67.74,73.24,78.77,45.01,66.29,52.8,57.72,19.65,53.76,14.32,60.84,76.79,81.1,84.01,80.01,20.4,81.02,55.15,35.44,28.02,14.56,53.71,12.53,26.25,84.21,66.48,70.58,37.48,81.84,50.01,74.67,30.02,52.0,41.79,48.37,19.65,60.02,73.35
8,6.4,16.49,42.72,55.9,54.67,31.0,59.08,52.92,0.0,62.77,34.99,40.61,53.24,19.42,18.03,27.8,9.22,33.54,19.72,41.88,46.39,41.11,40.0,34.71,36.36,53.0,31.91,63.51,41.44,69.31,38.48,6.32,55.73,47.01,43.6,20.81,23.71,50.99,32.45,58.31,50.57,57.2,40.31,11.18,8.06,39.05,13.45,20.81
9,62.2,52.5,90.45,8.06,12.37,54.01,65.19,38.01,62.77,0.0,55.46,97.27,57.43,44.82,80.53,77.47,61.85,39.05,74.33,31.14,38.83,63.32,70.68,81.02,72.07,57.94,94.67,91.44,68.36,18.97,38.12,67.08,50.54,17.26,72.62,64.54,68.25,12.81,95.19,85.91,53.6,8.25,82.05,53.71,63.16,29.07,61.55,82.2
10,29.07,42.8,77.7,47.42,54.34,57.45,24.21,67.74,34.99,55.46,0.0,74.33,18.38,24.6,48.51,62.68,26.4,50.29,54.71,53.46,20.0,9.06,15.23,28.02,17.03,77.08,57.01,96.26,72.01,70.34,54.82,41.18,75.96,47.52,17.46,18.03,19.24,43.08,57.0,90.69,16.28,54.41,74.65,37.54,42.2,48.26,22.47,42.01
11,45.61,44.91,16.49,91.78,86.65,46.65,97.58,73.24,40.61,97.27,74.33,0.0,92.7,59.08,26.42,20.59,48.08,59.62,23.19,68.94,86.98,78.72,74.95,62.37,70.18,60.96,27.29,46.27,41.23,97.94,62.61,34.37,68.59,80.08,78.23,57.27,58.18,87.3,28.18,44.15,90.44,90.14,25.06,45.1,36.0,68.95,51.87,36.88
12,47.42,59.41,95.88,50.09,60.21,73.11,8.25,78.77,53.24,57.43,18.38,92.7,0.0,40.31,66.76,80.78,44.78,63.63,72.95,64.62,19.03,16.12,24.04,41.0,28.64,91.07,74.43,113.17,88.41,75.01,67.54,59.48,88.57,54.92,23.26,35.9,36.22,47.01,74.33,107.49,4.12,59.01,92.42,54.67,60.21,59.24,40.85,59.54
13,17.49,19.21,58.19,37.44,38.6,33.02,47.63,45.01,19.42,44.82,24.6,59.08,40.31,0.0,37.36,43.01,17.03,26.31,36.5,31.26,28.79,33.24,36.35,39.85,35.0,52.55,50.57,72.92,48.1,54.38,31.14,25.08,51.97,30.81,39.62,22.14,26.25,32.45,50.99,67.21,36.8,40.36,53.24,15.23,23.19,26.68,17.2,37.44
14,21.02,30.41,34.67,73.82,71.85,40.72,71.31,66.29,18.03,80.53,48.51,26.42,66.76,37.36,0.0,23.54,23.02,48.17,16.0,57.28,63.0,52.39,48.55,36.88,43.83,61.4,14.87,61.68,45.1,85.8,52.63,13.6,66.31,64.35,51.87,31.02,31.76,68.94,15.62,57.49,64.76,74.63,36.69,27.2,18.38,55.32,26.31,12.08
15,34.06,26.02,15.23,72.44,66.48,26.08,86.84,52.8,27.8,77.47,62.68,20.59,80.78,43.01,23.54,0.0,36.88,39.22,8.6,48.47,71.78,68.88,67.21,58.67,63.13,42.19,34.37,38.28,23.41,77.39,42.05,21.93,49.04,60.21,70.77,48.08,50.33,68.18,35.36,33.96,77.9,70.09,13.42,27.89,20.59,48.76,41.11,35.44
16,2.83,23.09,51.61,54.41,55.32,38.47,50.25,57.72,9.22,61.85,26.4,48.08,44.78,17.03,23.02,36.88,0.0,38.08,28.6,45.31,40.01,32.02,30.81,27.02,27.29,60.3,34.48,72.67,50.16,70.8,43.17,15.0,62.07,47.51,34.41,11.66,14.87,49.41,34.79,67.42,42.38,57.28,49.52,17.03,17.2,41.59,4.24,20.59
17,36.69,17.8,51.48,35.36,27.46,15.03,71.59,19.65,33.54,39.05,50.29,59.62,63.63,26.31,48.17,39.22,38.08,0.0,37.74,9.43,47.51,59.2,62.65,64.5,61.13,27.46,63.03,55.04,30.36,38.59,5.1,35.0,25.71,22.02,65.92,47.1,51.16,32.02,63.78,49.24,59.68,31.26,43.01,22.36,29.83,10.0,40.45,54.2
18,25.81,21.84,23.02,68.66,64.08,27.02,78.77,53.76,19.72,74.33,54.71,23.19,72.95,36.5,16.0,8.6,28.6,37.74,0.0,47.17,65.0,60.61,58.69,50.12,54.56,46.24,28.79,46.62,29.15,76.32,41.4,13.6,51.97,57.25,62.24,39.62,41.77,64.13,29.73,42.06,70.21,67.42,21.95,22.0,13.34,46.52,32.8,27.46
19,44.28,26.87,60.21,28.79,19.0,23.35,72.8,14.32,41.88,31.14,53.46,68.94,64.62,31.26,57.28,48.47,45.31,9.43,47.17,0.0,47.01,62.51,67.01,70.83,66.12,29.21,72.14,60.73,37.22,29.15,7.0,43.93,24.41,15.23,70.06,53.15,57.27,26.42,72.86,55.08,60.54,23.02,51.35,30.81,38.9,5.39,47.13,62.68
20,42.01,47.41,86.98,31.26,41.19,59.03,27.17,60.84,46.39,38.83,20.0,86.98,19.03,28.79,63.0,71.78,40.01,47.51,65.0,47.01,0.0,25.81,34.06,48.01,36.8,74.81,73.82,100.21,75.0,56.04,50.8,52.61,71.34,36.14,35.23,35.74,38.08,28.0,73.98,94.4,15.0,40.0,81.86,44.01,51.66,41.68,37.22,59.03
21,34.83,50.77,83.6,55.36,62.97,65.76,18.97,76.79,41.11,63.32,9.06,78.72,16.12,33.24,52.39,68.88,32.02,59.2,60.61,62.51,25.81,0.0,8.6,25.0,12.65,85.8,58.86,103.71,79.88,78.85,63.79,47.01,84.9,56.32,9.43,21.47,20.88,51.24,58.69,98.23,16.16,62.82,81.34,45.22,48.8,57.31,27.8,44.15
22,33.6,52.0,81.39,62.65,69.38,67.42,25.02,81.1,40.0,70.68,15.23,74.95,24.04,36.35,48.55,67.21,30.81,62.65,58.69,67.01,34.06,8.6,0.0,17.12,5.1,88.32,53.16,103.47,80.53,85.44,67.48,45.34,88.28,62.37,3.61,19.21,17.03,58.31,52.89,98.18,24.6,69.57,80.16,46.1,48.01,62.01,26.63,39.0
23,29.15,50.09,71.4,73.01,77.37,65.38,42.01,84.01,34.71,81.02,28.02,62.37,41.0,39.85,36.88,58.67,27.02,64.5,50.12,70.83,48.01,25.0,17.12,0.0,12.37,87.28,38.01,96.61,75.96,93.47,69.58,38.28,89.02,69.78,19.03,17.72,13.6,68.24,37.58,91.79,41.11,78.39,72.07,44.05,42.45,66.48,24.08,25.5
24,30.02,49.34,77.08,64.01,69.89,64.85,30.07,80.01,36.36,72.07,17.03,70.18,28.64,35.0,43.83,63.13,27.29,61.13,54.56,66.12,36.8,12.65,5.1,12.37,0.0,86.12,48.08,99.86,77.39,86.03,66.07,41.4,86.58,62.64,8.06,15.65,12.81,59.48,47.8,94.67,28.79,70.38,76.22,43.32,44.42,61.29,23.26,34.01
25,58.14,37.22,46.86,57.31,45.69,22.0,98.98,20.4,53.0,57.94,77.08,60.96,91.07,52.55,61.4,42.19,60.3,27.46,46.24,29.21,74.81,85.8,88.32,87.28,86.12,0.0,75.03,35.0,19.8,48.09,24.08,51.35,9.22,44.1,91.76,71.02,74.81,55.47,75.96,30.15,87.13,49.77,36.88,43.29,46.17,33.97,63.64,71.02
26,33.24,45.28,41.0,87.71,86.4,55.07,77.67,81.02,31.91,94.67,57.01,27.29,74.43,50.57,14.87,34.37,34.48,63.03,28.79,72.14,73.82,58.86,53.16,38.01,48.08,75.03,0.0,70.46,57.49,100.57,67.48,28.32,80.5,78.82,55.97,39.0,38.21,82.76,1.0,67.07,73.11,89.05,46.01,41.87,33.24,70.09,36.67,15.0
27,69.89,53.76,30.02,89.49,79.08,41.34,120.22,55.15,63.51,91.44,96.26,46.27,113.17,72.92,61.68,38.28,72.67,55.04,46.62,60.73,100.21,103.71,103.47,96.61,99.86,35.0,70.46,0.0,25.24,83.05,54.08,58.67,44.05,75.89,107.07,84.31,87.13,86.73,71.45,5.83,109.71,83.2,25.0,58.73,55.47,64.26,76.84,73.68
28,47.54,29.21,27.2,65.51,56.14,16.12,95.67,35.44,41.44,68.36,72.01,41.23,88.41,48.1,45.1,23.41,50.16,30.36,29.15,37.22,75.0,79.88,80.53,75.96,77.39,19.8,57.49,25.24,0.0,62.97,30.27,37.85,28.02,51.97,84.12,61.74,65.0,62.36,58.46,19.42,84.85,60.21,17.2,34.67,33.53,40.02,54.13,56.04
29,70.43,55.61,88.23,25.08,16.16,51.62,83.01,28.02,69.31,18.97,70.34,97.94,75.01,54.38,85.8,77.39,70.8,38.59,76.32,29.15,56.04,78.85,85.44,93.47,86.03,48.09,100.57,83.05,62.97,0.0,35.34,72.25,39.32,23.71,87.8,76.06,80.06,28.07,101.24,78.0,71.03,16.12,78.85,58.73,67.48,30.48,71.56,89.94
30,41.76,22.47,53.37,35.44,26.0,16.49,75.58,14.56,38.48,38.12,54.82,62.61,67.54,31.14,52.63,42.05,43.17,5.1,41.4,7.0,50.8,63.79,67.48,69.58,66.07,24.08,67.48,54.08,30.27,35.34,0.0,39.66,21.19,21.84,70.71,52.15,56.22,32.7,68.25,48.38,63.53,30.02,44.41,27.31,34.41,10.3,45.54,59.06
31,12.21,17.2,36.62,60.54,58.25,29.61,65.19,53.71,6.32,67.08,41.18,34.37,59.48,25.08,13.6,21.93,15.0,35.0,13.6,43.93,52.61,47.01,45.34,38.28,41.4,51.35,28.32,58.67,37.85,72.25,39.66,0.0,55.08,50.77,48.92,26.17,28.6,55.71,29.0,53.67,56.86,61.06,34.83,13.6,5.39,41.77,19.21,19.92
32,60.21,39.32,55.22,50.8,38.59,25.63,96.66,12.53,55.73,50.54,75.96,68.59,88.57,51.97,66.31,49.04,62.07,25.71,51.97,24.41,71.34,84.9,88.28,89.02,86.58,9.22,80.5,44.05,28.02,39.32,21.19,55.08,0.0,38.21,91.59,72.06,76.03,49.58,81.39,39.32,84.53,42.54,45.22,45.18,49.73,29.68,65.0,75.0
33,47.38,35.47,73.25,13.6,7.81,37.05,63.15,26.25,47.01,17.26,47.52,80.08,54.92,30.81,64.35,60.21,47.51,22.02,57.25,15.23,36.14,56.32,62.37,69.78,62.64,44.1,78.82,75.89,51.97,23.71,21.84,50.77,38.21,0.0,64.94,52.35,56.36,11.4,79.4,70.21,50.8,10.3,65.0,37.22,46.53,12.04,48.01,67.21
34,37.2,55.54,84.9,64.62,71.81,70.94,23.09,84.21,43.6,72.62,17.46,78.23,23.26,39.62,51.87,70.77,34.41,65.92,62.24,70.06,35.23,9.43,3.61,19.03,8.06,91.76,55.97,107.07,84.12,87.8,70.71,48.92,91.59,64.94,0.0,22.8,20.52,60.41,55.66,101.79,24.41,71.84,83.74,49.66,51.61,65.01,30.23,42.05
35,14.42,33.96,62.48,56.64,60.03,49.48,40.31,66.48,20.81,64.54,18.03,57.27,35.9,22.14,31.02,48.08,11.66,47.1,39.62,53.15,35.74,21.47,19.21,17.72,15.65,71.02,39.0,84.31,61.74,76.06,52.15,26.17,72.06,52.35,22.8,0.0,4.12,51.74,39.01,79.08,34.23,61.29,60.96,27.89,28.84,48.76,7.62,24.0
36,17.46,37.66,64.38,60.31,64.01,53.15,39.85,70.58,23.71,68.25,19.24,58.18,36.22,26.25,31.76,50.33,14.87,51.16,41.77,57.27,38.08,20.88,17.03,13.6,12.81,74.81,38.21,87.13,65.0,80.06,56.22,28.6,76.03,56.36,20.52,4.12,0.0,55.44,38.12,81.99,35.0,65.19,63.41,31.58,31.76,52.89,11.18,23.35
37,49.93,42.43,82.01,5.0,13.6,46.87,55.08,37.48,50.99,12.81,43.08,87.3,47.01,32.45,68.94,68.18,49.41,32.02,64.13,26.42,28.0,51.24,58.31,68.24,59.48,55.47,82.76,86.73,62.36,28.07,32.7,55.71,49.58,11.4,60.41,51.74,55.44,0.0,83.24,80.99,43.0,12.0,74.33,42.72,52.2,22.47,48.92,69.89
38,33.62,46.01,41.98,88.19,87.01,55.95,77.47,81.84,32.45,95.19,57.0,28.18,74.33,50.99,15.62,35.36,34.79,63.78,29.73,72.86,73.98,58.69,52.89,37.58,47.8,75.96,1.0,71.45,58.46,101.24,68.25,29.0,81.39,79.4,55.66,39.01,38.12,83.24,0.0,68.07,73.06,89.63,47.01,42.52,33.97,70.77,36.88,15.03
39,64.66,48.08,27.66,83.82,73.55,35.51,114.59,50.01,58.31,85.91,90.69,44.15,107.49,67.21,57.49,33.96,67.42,49.24,42.06,55.08,94.4,98.23,98.18,91.79,94.67,30.15,67.07,5.83,19.42,78.0,48.38,53.67,39.32,70.21,101.79,79.08,81.99,80.99,68.07,0.0,104.0,77.67,21.1,53.15,50.25,58.52,71.56,69.38
40,44.94,55.97,93.06,46.17,56.14,69.43,12.37,74.67,50.57,53.6,16.28,90.44,4.12,36.8,64.76,77.9,42.38,59.68,70.21,60.54,15.0,16.16,24.6,41.11,28.79,87.13,73.11,109.71,84.85,71.03,63.53,56.86,84.53,50.8,24.41,34.23,35.0,43.0,73.06,104.0,0.0,55.0,89.31,51.4,57.31,55.15,38.6,58.14
41,57.31,45.69,82.73,9.85,4.12,46.1,67.07,30.02,57.2,8.25,54.41,90.14,59.01,40.36,74.63,70.09,57.28,31.26,67.42,23.02,40.0,62.82,69.57,78.39,70.38,49.77,89.05,83.2,60.21,16.12,30.02,61.06,42.54,10.3,71.84,61.29,65.19,12.0,89.63,77.67,55.0,0.0,74.17,47.51,56.82,21.38,57.49,77.23
42,46.69,34.54,10.0,78.1,70.26,28.07,98.86,52.0,40.31,82.05,74.65,25.06,92.42,53.24,36.69,13.42,49.52,43.01,21.95,51.35,81.86,81.34,80.16,72.07,76.22,36.88,46.01,25.0,17.2,78.85,44.41,34.83,45.22,65.0,83.74,60.96,63.41,74.33,47.01,21.1,89.31,74.17,0.0,38.08,32.56,53.01,53.76,48.7
43,15.03,6.08,43.01,47.43,44.65,21.59,61.52,41.79,11.18,53.71,37.54,45.1,54.67,15.23,27.2,27.89,17.03,22.36,22.0,30.81,44.01,45.22,46.1,44.05,43.32,43.29,41.87,58.73,34.67,58.73,27.31,13.6,45.18,37.22,49.66,27.89,31.58,42.72,42.52,53.15,51.4,47.51,38.08,0.0,9.49,28.28,20.4,31.91
44,14.42,12.04,35.78,56.92,53.85,24.33,66.4,48.37,8.06,63.16,42.2,36.0,60.21,23.19,18.38,20.59,17.2,29.83,13.34,38.9,51.66,48.8,48.01,42.45,44.42,46.17,33.24,55.47,33.53,67.48,34.41,5.39,49.73,46.53,51.61,28.84,31.76,52.2,33.97,50.25,57.31,56.82,32.56,9.49,0.0,37.01,21.4,25.3
45,40.82,25.24,61.4,25.5,17.72,25.02,67.42,19.65,39.05,29.07,48.26,68.95,59.24,26.68,55.32,48.76,41.59,10.0,46.52,5.39,41.68,57.31,62.01,66.48,61.29,33.97,70.09,64.26,40.02,30.48,10.3,41.77,29.68,12.04,65.01,48.76,52.89,22.47,70.77,58.52,55.15,21.38,53.01,28.28,37.01,0.0,43.08,59.82
46,7.07,26.48,55.8,53.91,55.8,41.98,46.14,60.02,13.45,61.55,22.47,51.87,40.85,17.2,26.31,41.11,4.24,40.45,32.8,47.13,37.22,27.8,26.63,24.08,23.26,63.64,36.67,76.84,54.13,71.56,45.54,19.21,65.0,48.01,30.23,7.62,11.18,48.92,36.88,71.56,38.6,57.49,53.76,20.4,21.4,43.08,0.0,22.14
47,20.0,36.67,46.65,74.89,74.97,49.48,63.06,73.35,20.81,82.2,42.01,36.88,59.54,37.44,12.08,35.44,20.59,54.2,27.46,62.68,59.03,44.15,39.0,25.5,34.01,71.02,15.0,73.68,56.04,89.94,59.06,19.92,75.0,67.21,42.05,24.0,23.35,69.89,15.03,69.38,58.14,77.23,48.7,31.91,25.3,59.82,22.14,0.0
