set K:= 1	2	3	4	5;
set C_H:= 1	2	3	4	5	6	7	8	9	10	11	12	13	14;
set C_S:= 15	16	17	18	19	20	21	22	23	24	25	26;
set C_F:= 27	28	29	30	31	32	33	34	35	36	37	38;
set M:= 39	40;
set L_B:= 41	42	43	44	45;
set A1:=
(0,*) 1 2 3 4 5 6 7 8 9 10 11 12 13 14 27 28 29 30 31 32 33 34 35 36 37 38 39 40 41 42 43 44 45
(1,*) 0 2 3 4 5 6 7 8 9 10 11 12 13 14 27 28 29 30 31 32 33 34 35 36 37 38 39 40 41 42 43 44 45
(2,*) 0 1 3 4 5 6 7 8 9 10 11 12 13 14 27 28 29 30 31 32 33 34 35 36 37 38 39 40 41 42 43 44 45
(3,*) 0 1 2 4 5 6 7 8 9 10 11 12 13 14 27 28 29 30 31 32 33 34 35 36 37 38 39 40 41 42 43 44 45
(4,*) 0 1 2 3 5 6 7 8 9 10 11 12 13 14 27 28 29 30 31 32 33 34 35 36 37 38 39 40 41 42 43 44 45
(5,*) 0 1 2 3 4 6 7 8 9 10 11 12 13 14 27 28 29 30 31 32 33 34 35 36 37 38 39 40 41 42 43 44 45
(6,*) 0 1 2 3 4 5 7 8 9 10 11 12 13 14 27 28 29 30 31 32 33 34 35 36 37 38 39 40 41 42 43 44 45
(7,*) 0 1 2 3 4 5 6 8 9 10 11 12 13 14 27 28 29 30 31 32 33 34 35 36 37 38 39 40 41 42 43 44 45
(8,*) 0 1 2 3 4 5 6 7 9 10 11 12 13 14 27 28 29 30 31 32 33 34 35 36 37 38 39 40 41 42 43 44 45
(9,*) 0 1 2 3 4 5 6 7 8 10 11 12 13 14 27 28 29 30 31 32 33 34 35 36 37 38 39 40 41 42 43 44 45
(10,*) 0 1 2 3 4 5 6 7 8 9 11 12 13 14 27 28 29 30 31 32 33 34 35 36 37 38 39 40 41 42 43 44 45
(11,*) 0 1 2 3 4 5 6 7 8 9 10 12 13 14 27 28 29 30 31 32 33 34 35 36 37 38 39 40 41 42 43 44 45
(12,*) 0 1 2 3 4 5 6 7 8 9 10 11 13 14 27 28 29 30 31 32 33 34 35 36 37 38 39 40 41 42 43 44 45
(13,*) 0 1 2 3 4 5 6 7 8 9 10 11 12 14 27 28 29 30 31 32 33 34 35 36 37 38 39 40 41 42 43 44 45
(14,*) 0 1 2 3 4 5 6 7 8 9 10 11 12 13 27 28 29 30 31 32 33 34 35 36 37 38 39 40 41 42 43 44 45
(27,*) 0 1 2 3 4 5 6 7 8 9 10 11 12 13 14 28 29 30 31 32 33 34 35 36 37 38 39 40 41 42 43 44 45
(28,*) 0 1 2 3 4 5 6 7 8 9 10 11 12 13 14 27 29 30 31 32 33 34 35 36 37 38 39 40 41 42 43 44 45
(29,*) 0 1 2 3 4 5 6 7 8 9 10 11 12 13 14 27 28 30 31 32 33 34 35 36 37 38 39 40 41 42 43 44 45
(30,*) 0 1 2 3 4 5 6 7 8 9 10 11 12 13 14 27 28 29 31 32 33 34 35 36 37 38 39 40 41 42 43 44 45
(31,*) 0 1 2 3 4 5 6 7 8 9 10 11 12 13 14 27 28 29 30 32 33 34 35 36 37 38 39 40 41 42 43 44 45
(32,*) 0 1 2 3 4 5 6 7 8 9 10 11 12 13 14 27 28 29 30 31 33 34 35 36 37 38 39 40 41 42 43 44 45
(33,*) 0 1 2 3 4 5 6 7 8 9 10 11 12 13 14 27 28 29 30 31 32 34 35 36 37 38 39 40 41 42 43 44 45
(34,*) 0 1 2 3 4 5 6 7 8 9 10 11 12 13 14 27 28 29 30 31 32 33 35 36 37 38 39 40 41 42 43 44 45
(35,*) 0 1 2 3 4 5 6 7 8 9 10 11 12 13 14 27 28 29 30 31 32 33 34 36 37 38 39 40 41 42 43 44 45
(36,*) 0 1 2 3 4 5 6 7 8 9 10 11 12 13 14 27 28 29 30 31 32 33 34 35 37 38 39 40 41 42 43 44 45
(37,*) 0 1 2 3 4 5 6 7 8 9 10 11 12 13 14 27 28 29 30 31 32 33 34 35 36 38 39 40 41 42 43 44 45
(38,*) 0 1 2 3 4 5 6 7 8 9 10 11 12 13 14 27 28 29 30 31 32 33 34 35 36 37 39 40 41 42 43 44 45
(39,*) 0 1 2 3 4 5 6 7 8 9 10 11 12 13 14 27 28 29 30 31 32 33 34 35 36 37 38 41 42 43 44 45
(40,*) 0 1 2 3 4 5 6 7 8 9 10 11 12 13 14 27 28 29 30 31 32 33 34 35 36 37 38 41 42 43 44 45
(41,*) 0 1 2 3 4 5 6 7 8 9 10 11 12 13 14 27 28 29 30 31 32 33 34 35 36 37 38 39 40 42 43 44 45
(42,*) 0 1 2 3 4 5 6 7 8 9 10 11 12 13 14 27 28 29 30 31 32 33 34 35 36 37 38 39 40 41 43 44 45
(43,*) 0 1 2 3 4 5 6 7 8 9 10 11 12 13 14 27 28 29 30 31 32 33 34 35 36 37 38 39 40 41 42 44 45
(44,*) 0 1 2 3 4 5 6 7 8 9 10 11 12 13 14 27 28 29 30 31 32 33 34 35 36 37 38 39 40 41 42 43 45
(45,*) 0 1 2 3 4 5 6 7 8 9 10 11 12 13 14 27 28 29 30 31 32 33 34 35 36 37 38 39 40 41 42 43 44
;
set A2:=
(39,*) 40
(40,*) 39
;
param BigM:=99999;
param n:= 5;
param d:=
1	24
2	20
3	23
4	14
5	6
6	13
7	20
8	16
9	10
10	12
11	24
12	1
13	13
14	7
15	5
16	15
17	3
18	6
19	5
20	3
21	20
22	6
23	7
24	24
25	19
26	4
27	3
28	26
29	20
30	16
31	9
32	21
33	3
34	24
35	3
36	22
37	2
38	6
;
param Q:=100;
param w:=
[39,*] 40 0.5
[40,*] 39 0.5
;
param V:=
[39,*] 40 82
[40,*] 39 82
;
param e:
	39	40	41	42	43	44	45:=
15	1	1	0	0	0	1	0	
16	1	1	0	0	1	0	0	
17	0	1	1	1	1	0	1	
18	1	1	0	0	1	0	0	
19	0	1	0	1	0	0	0	
20	1	1	0	0	0	0	1	
21	1	1	0	1	0	0	0	
22	1	0	0	1	0	0	0	
23	0	1	0	0	1	0	0	
24	1	1	1	0	0	0	0	
25	0	1	0	0	1	0	0	
26	1	1	0	0	1	0	0	
27	1	0	0	1	0	0	0	
28	1	0	0	1	0	0	0	
29	1	1	0	0	1	0	1	
30	1	0	0	1	0	0	0	
31	0	1	1	1	1	1	1	
32	1	1	0	0	0	0	1	
33	1	1	0	0	1	0	0	
34	0	1	0	0	1	0	0	
35	1	1	0	0	1	0	0	
36	1	1	1	1	0	1	0	
37	1	0	0	0	0	0	1	
38	1	1	0	0	0	1	0	
;
param p:=
1	3
2	3
3	3
4	3
5	3
;
param G:=
39	80
40	82
41	94
42	96
43	100
44	75
45	77
;
param s:=
0	0
1	10
2	10
3	10
4	10
5	10
6	10
7	10
8	10
9	10
10	10
11	10
12	10
13	10
14	10
27	10
28	10
29	10
30	10
31	10
32	10
33	10
34	10
35	10
36	10
37	10
38	10
39	10
40	10
41	10
42	10
43	10
44	10
45	10
;
param t:
	0	1	2	3	4	5	6	7	8	9	10	11	12	13	14	15	16	17	18	19	20	21	22	23	24	25	26	27	28	29	30	31	32	33	34	35	36	37	38	39	40	41	42	43	44	45:=
0	0.0	70.0	4.0	47.41	45.12	69.57	16.12	86.35	41.23	34.53	52.8	63.15	36.5	65.51	36.5	37.58	77.25	22.8	40.5	14.42	43.27	73.76	50.99	18.87	85.16	61.06	95.85	88.54	62.03	18.0	61.19	27.2	19.7	48.37	2.0	14.42	68.96	32.25	76.16	87.09	54.57	47.89	44.64	23.85	51.26	32.2
1	70.0	0.0	66.0	63.78	27.86	22.36	54.04	24.41	46.04	83.26	42.52	84.9	84.1	15.23	34.53	39.4	28.07	53.85	34.93	78.92	41.62	60.17	32.56	62.1	19.8	64.4	42.05	31.3	25.06	52.0	15.62	50.6	52.61	80.0	72.0	78.92	20.4	44.94	38.21	26.93	77.83	36.24	29.55	60.41	28.43	43.32
2	4.0	66.0	0.0	45.69	41.23	65.79	12.17	82.46	38.21	35.44	49.68	62.51	37.36	61.61	32.56	34.0	73.54	19.8	36.77	16.97	40.0	71.22	47.41	17.09	81.22	59.06	92.2	84.76	58.31	14.0	57.27	24.08	16.12	48.04	6.0	16.97	65.15	28.84	72.72	83.24	53.76	44.42	40.8	21.93	47.54	28.65
3	47.41	63.78	45.69	0.0	56.46	77.67	44.41	87.68	68.73	80.99	22.36	22.36	28.64	70.0	50.0	59.23	86.02	28.28	32.25	61.77	67.47	29.53	68.35	59.23	68.03	14.14	66.12	93.51	73.43	42.19	66.03	26.0	50.16	17.09	48.37	42.43	49.19	58.31	44.18	89.83	14.21	27.59	36.62	23.77	35.38	28.86
4	45.12	27.86	41.23	56.46	0.0	25.06	29.12	41.23	20.0	55.46	42.05	78.79	67.94	20.4	8.94	11.66	33.29	35.38	24.74	52.04	16.12	66.12	12.17	34.53	46.65	63.15	65.12	43.86	18.44	27.86	16.12	34.06	26.08	69.34	47.07	56.46	37.2	17.09	52.8	42.06	70.21	33.06	22.02	43.14	28.28	28.3
5	69.57	22.36	65.79	77.67	25.06	0.0	53.85	18.11	34.23	72.99	59.09	99.86	92.46	8.25	34.0	32.56	8.49	60.0	45.61	74.67	30.07	80.05	20.0	56.32	40.25	81.44	63.91	18.97	8.0	52.8	11.66	58.14	50.0	92.2	71.47	81.44	42.0	38.47	60.0	18.03	91.84	51.0	41.05	67.62	43.86	51.62
6	16.12	54.04	12.17	44.41	29.12	53.85	0.0	70.34	28.84	38.83	42.8	64.12	43.91	49.48	20.4	22.8	61.74	16.12	27.2	26.0	29.73	66.24	36.06	15.23	69.86	56.32	82.37	72.8	46.52	2.83	45.12	18.97	6.32	50.99	18.11	27.78	54.63	18.44	64.03	71.17	55.08	36.07	30.41	22.2	37.74	20.62
7	86.35	24.41	82.46	87.68	41.23	18.11	70.34	0.0	52.35	91.08	66.84	109.12	106.0	20.88	50.0	50.16	14.42	74.24	57.2	92.35	48.17	84.1	38.05	74.11	34.0	88.81	58.14	8.0	26.08	68.96	25.3	71.69	67.08	103.48	88.29	97.41	43.86	56.14	60.73	3.0	101.83	60.11	52.01	81.49	52.35	64.66
8	41.23	46.04	38.21	68.73	20.0	34.23	28.84	52.35	0.0	38.83	58.86	90.24	72.72	34.18	20.4	10.2	40.05	42.38	40.45	42.38	4.47	83.55	14.56	24.17	65.6	78.0	85.04	52.04	26.31	29.53	31.3	43.17	22.8	78.43	42.8	55.17	57.2	10.77	72.47	52.09	81.25	50.01	39.56	49.77	46.82	40.11
9	34.53	83.26	35.44	80.99	55.46	72.99	38.83	91.08	38.83	0.0	81.61	97.67	70.0	72.8	50.48	43.86	78.23	53.67	65.12	22.09	43.17	104.96	53.37	24.08	102.0	94.02	118.41	90.2	65.12	41.62	69.57	57.31	35.38	82.87	34.23	46.04	90.0	38.47	101.82	90.67	89.05	74.52	67.21	57.25	74.97	59.41
10	52.8	42.52	49.68	22.36	42.05	59.09	42.8	66.84	58.86	81.61	0.0	42.43	48.17	50.99	38.47	48.66	67.08	30.0	18.44	66.6	56.32	24.74	54.15	57.69	45.69	22.36	46.39	73.24	56.32	40.0	47.54	25.61	46.65	39.4	54.41	53.85	26.83	50.0	24.74	69.2	35.81	9.0	20.02	31.38	15.23	22.2
11	63.15	84.9	62.51	22.36	78.79	99.86	64.12	109.12	90.24	97.67	42.43	0.0	31.62	92.09	72.11	81.04	108.17	48.37	54.59	76.66	89.29	36.5	90.62	78.03	86.53	22.36	79.7	115.26	95.77	62.29	88.2	47.07	70.26	15.23	63.56	53.85	68.41	79.62	59.09	111.4	9.06	49.2	58.83	42.01	56.85	50.92
12	36.5	84.1	37.36	28.64	67.94	92.46	43.91	106.0	72.72	70.0	48.17	31.62	0.0	86.02	59.4	65.6	100.9	32.56	49.19	48.04	73.24	57.58	77.9	54.41	92.65	41.23	94.02	110.44	86.37	43.27	81.61	34.41	50.12	16.97	36.22	24.08	73.76	62.13	72.03	107.62	25.5	49.73	54.56	24.84	56.92	41.34
13	65.51	15.23	61.61	70.0	20.4	8.25	49.48	20.88	34.18	72.8	50.99	92.09	86.02	0.0	29.12	30.07	16.12	53.85	38.21	72.03	29.73	71.81	19.7	54.04	34.41	73.35	57.27	24.41	10.0	48.08	4.47	51.61	46.39	84.9	67.47	76.55	34.06	36.06	52.04	21.93	84.2	43.05	33.42	61.29	35.78	44.82
14	36.5	34.53	32.56	50.0	8.94	34.0	20.4	50.0	20.4	50.48	38.47	72.11	59.4	29.12	0.0	10.2	42.19	26.91	20.1	44.41	18.0	63.15	18.87	27.86	52.0	58.14	68.12	52.8	27.2	18.97	24.74	26.08	18.11	61.77	38.47	47.54	39.7	12.81	53.25	50.92	63.32	29.61	19.31	34.71	26.83	21.19
15	37.58	39.4	34.0	59.23	11.66	32.56	22.8	50.16	10.2	43.86	48.66	81.04	65.6	30.07	10.2	0.0	39.85	34.0	30.27	42.19	8.25	73.35	13.42	24.0	58.31	68.03	76.37	51.42	24.74	22.63	26.31	34.18	17.89	69.86	39.4	50.48	48.17	6.0	62.77	50.49	72.12	39.81	29.41	41.68	36.77	30.41
16	77.25	28.07	73.54	86.02	33.29	8.49	61.74	14.42	40.05	78.23	67.08	108.17	100.9	16.12	42.19	39.85	0.0	68.41	54.04	81.58	36.22	87.36	26.68	63.15	43.68	89.44	67.91	12.0	15.23	60.83	20.0	66.6	57.58	100.66	79.12	89.44	48.37	45.61	66.27	13.0	100.21	59.17	49.41	76.06	51.88	60.11
17	22.8	53.85	19.8	28.28	35.38	60.0	16.12	74.24	42.38	53.67	30.0	48.37	32.56	53.85	26.91	34.0	68.41	0.0	20.0	36.77	42.05	51.61	45.61	31.05	66.0	40.5	74.0	78.23	53.81	14.0	49.4	4.47	22.0	36.06	24.41	26.08	48.37	31.62	53.67	75.66	39.32	25.63	25.08	7.81	30.27	11.0
18	40.5	34.93	36.77	32.25	24.74	45.61	27.2	57.2	40.45	65.12	18.44	54.59	49.19	38.21	20.1	30.27	54.04	20.0	0.0	52.84	38.05	43.17	36.88	41.04	46.0	38.47	55.46	62.29	41.18	24.41	34.06	16.12	29.73	46.69	42.38	46.04	28.64	31.62	36.88	59.03	46.32	9.85	5.39	25.71	10.77	9.0
19	14.42	78.92	16.97	61.77	52.04	74.67	26.0	92.35	42.38	22.09	66.6	76.66	48.04	72.03	44.41	42.19	81.58	36.77	52.84	0.0	45.61	88.09	54.92	18.44	95.6	75.47	108.24	93.38	66.75	28.64	68.0	41.04	26.31	61.61	13.42	24.0	80.62	36.22	89.31	92.66	68.31	61.03	56.36	38.28	63.53	45.22
20	43.27	41.62	40.0	67.47	16.12	30.07	29.73	48.17	4.47	43.17	56.32	89.29	73.24	29.73	18.0	8.25	36.22	42.05	38.05	45.61	0.0	80.89	10.2	27.2	61.22	76.11	80.92	48.17	22.09	30.0	26.83	42.38	24.08	78.0	44.94	56.85	53.25	11.31	68.88	48.01	80.36	47.38	36.67	49.65	43.68	38.64
21	73.76	60.17	71.22	29.53	66.12	80.05	66.24	84.1	83.55	104.96	24.74	36.5	57.58	71.81	63.15	73.35	87.36	51.61	43.17	88.09	80.89	0.0	78.03	81.41	55.32	16.49	43.86	91.39	78.64	63.53	69.05	47.71	70.68	42.76	75.07	71.22	40.25	74.73	25.46	86.82	35.13	33.54	44.28	50.21	38.0	46.1
22	50.99	32.56	47.41	68.35	12.17	20.0	36.06	38.05	14.56	53.37	54.15	90.62	77.9	19.7	18.87	13.42	26.68	45.61	36.88	54.92	10.2	78.03	0.0	36.5	52.35	75.31	73.24	38.47	12.0	35.61	17.2	44.94	31.3	80.62	52.8	63.81	46.52	18.97	63.25	38.01	81.94	45.18	34.13	53.41	40.05	39.81
23	18.87	62.1	17.09	59.23	34.53	56.32	15.23	74.11	24.17	24.08	57.69	78.03	54.41	54.04	27.86	24.0	63.15	31.05	41.04	18.44	27.2	81.41	36.5	0.0	79.85	71.47	94.87	74.97	48.37	17.89	50.16	34.18	11.31	64.12	20.0	33.29	66.57	18.0	77.79	74.33	69.07	50.45	43.28	36.12	50.99	35.51
24	85.16	19.8	81.22	68.03	46.65	40.25	69.86	34.0	65.6	102.0	45.69	86.53	92.65	34.41	52.0	58.31	43.68	66.0	46.0	95.6	61.22	55.32	52.35	79.85	0.0	64.4	24.33	42.0	44.41	67.47	35.38	62.03	69.57	85.09	87.13	92.02	18.97	63.53	30.0	37.0	81.01	42.95	41.05	71.25	36.22	55.0
25	61.06	64.4	59.06	14.14	63.15	81.44	56.32	88.81	78.0	94.02	22.36	22.36	41.23	73.35	58.14	68.03	89.44	40.5	38.47	75.47	76.11	16.49	75.31	71.47	64.4	0.0	57.72	95.41	78.43	53.85	69.86	37.36	61.61	26.31	62.13	56.57	46.69	68.12	36.77	91.26	19.03	30.68	41.48	37.22	37.58	38.12
26	95.85	42.05	92.2	66.12	65.12	63.91	82.37	58.14	85.04	118.41	46.39	79.7	94.02	57.27	68.12	76.37	67.91	74.0	55.46	108.24	80.92	43.86	73.24	94.87	24.33	57.72	0.0	66.12	67.08	79.65	57.31	69.57	83.76	82.61	97.69	99.46	28.43	80.72	22.0	61.13	76.49	48.38	51.97	77.13	44.72	63.69
27	88.54	31.3	84.76	93.51	43.86	18.97	72.8	8.0	52.04	90.2	73.24	115.26	110.44	24.41	52.8	51.42	12.0	78.23	62.29	93.38	48.17	91.39	38.47	74.97	42.0	95.41	66.12	0.0	26.68	71.69	28.84	76.03	68.96	108.9	90.44	100.32	51.26	57.27	68.41	5.0	107.71	66.07	57.28	85.7	58.41	69.2
28	62.03	25.06	58.31	73.43	18.44	8.0	46.52	26.08	26.31	65.12	56.32	95.77	86.37	10.0	27.2	24.74	15.23	53.81	41.18	66.75	22.09	78.64	12.0	48.37	44.41	78.43	67.08	26.68	0.0	45.65	10.2	52.35	42.38	87.2	63.91	74.24	42.76	30.59	60.53	26.02	87.46	47.76	37.16	61.55	41.23	46.23
29	18.0	52.0	14.0	42.19	27.86	52.8	2.83	68.96	29.53	41.62	40.0	62.29	43.27	48.08	18.97	22.63	60.83	14.0	24.41	28.64	30.0	63.53	35.61	17.89	67.47	53.85	79.65	71.69	45.65	0.0	43.68	16.49	8.0	49.48	20.0	28.64	52.0	18.87	61.22	69.89	53.24	33.24	27.73	20.62	34.99	17.8
30	61.19	15.62	57.27	66.03	16.12	11.66	45.12	25.3	31.3	69.57	47.54	88.2	81.61	4.47	24.74	26.31	20.0	49.4	34.06	68.0	26.83	69.05	17.2	50.16	35.38	69.86	57.31	28.84	10.2	43.68	0.0	47.2	42.19	80.72	63.15	72.11	32.56	32.25	50.36	26.4	80.21	39.36	29.41	56.86	32.31	40.46
31	27.2	50.6	24.08	26.0	34.06	58.14	18.97	71.69	43.17	57.31	25.61	47.07	34.41	51.61	26.08	34.18	66.6	4.47	16.12	41.04	42.38	47.71	44.94	34.18	62.03	37.36	69.57	76.03	52.35	16.49	47.2	0.0	24.33	35.78	28.84	30.27	44.18	32.56	49.19	73.25	38.08	21.19	21.38	9.85	26.08	7.28
32	19.7	52.61	16.12	50.16	26.08	50.0	6.32	67.08	22.8	35.38	46.65	70.26	50.12	46.39	18.11	17.89	57.58	22.0	29.73	26.31	24.08	70.68	31.3	11.31	69.57	61.61	83.76	68.96	42.38	8.0	42.19	24.33	0.0	57.27	21.54	32.8	55.57	12.81	66.48	67.68	61.2	39.2	32.02	28.44	39.7	24.6
33	48.37	80.0	48.04	17.09	69.34	92.2	50.99	103.48	78.43	82.87	39.4	15.23	16.97	84.9	61.77	69.86	100.66	36.06	46.69	61.61	78.0	42.76	80.62	64.12	85.09	26.31	82.61	108.9	87.2	49.48	80.72	35.78	57.27	0.0	48.66	38.63	66.21	67.68	60.83	105.48	8.6	43.83	51.62	28.86	51.61	41.05
34	2.0	72.0	6.0	48.37	47.07	71.47	18.11	88.29	42.8	34.23	54.41	63.56	36.22	67.47	38.47	39.4	79.12	24.41	42.38	13.42	44.94	75.07	52.8	20.0	87.13	62.13	97.69	90.44	63.91	20.0	63.15	28.84	21.54	48.66	0.0	13.42	70.88	34.0	77.9	89.02	55.08	49.65	46.57	25.0	53.14	34.01
35	14.42	78.92	16.97	42.43	56.46	81.44	27.78	97.41	55.17	46.04	53.85	53.85	24.08	76.55	47.54	50.48	89.44	26.08	46.04	24.0	56.85	71.22	63.81	33.29	92.02	56.57	99.46	100.32	74.24	28.64	72.11	30.27	32.8	38.63	13.42	0.0	74.43	45.61	78.43	98.43	46.07	51.2	51.0	22.47	56.32	37.05
36	68.96	20.4	65.15	49.19	37.2	42.0	54.63	43.86	57.2	90.0	26.83	68.41	73.76	34.06	39.7	48.17	48.37	48.37	28.64	80.62	53.25	40.25	46.52	66.57	18.97	46.69	28.43	51.26	42.76	52.0	32.56	44.18	55.57	66.21	70.88	74.43	0.0	52.35	18.0	46.62	62.43	24.19	24.35	53.0	18.11	37.48
37	32.25	44.94	28.84	58.31	17.09	38.47	18.44	56.14	10.77	38.47	50.0	79.62	62.13	36.06	12.81	6.0	45.61	31.62	31.62	36.22	11.31	74.73	18.97	18.0	63.53	68.12	80.72	57.27	30.59	18.87	32.25	32.56	12.81	67.68	34.0	45.61	52.35	0.0	66.03	56.44	70.61	41.44	31.76	39.0	39.45	30.02
38	76.16	38.21	72.72	44.18	52.8	60.0	64.03	60.73	72.47	101.82	24.74	59.09	72.03	52.04	53.25	62.77	66.27	53.67	36.88	89.31	68.88	25.46	63.25	77.79	30.0	36.77	22.0	68.41	60.53	61.22	50.36	49.19	66.48	60.83	77.9	78.43	18.0	66.03	0.0	63.6	55.08	28.3	34.71	55.97	26.91	44.1
39	87.09	26.93	83.24	89.83	42.06	18.03	71.17	3.0	52.09	90.67	69.2	111.4	107.62	21.93	50.92	50.49	13.0	75.66	59.03	92.66	48.01	86.82	38.01	74.33	37.0	91.26	61.13	5.0	26.02	69.89	26.4	73.25	67.68	105.48	89.02	98.43	46.62	56.44	63.6	0.0	104.0	62.29	53.91	83.01	54.56	66.29
40	54.57	77.83	53.76	14.21	70.21	91.84	55.08	101.83	81.25	89.05	35.81	9.06	25.5	84.2	63.32	72.12	100.21	39.32	46.32	68.31	80.36	35.13	81.94	69.07	81.01	19.03	76.49	107.71	87.46	53.24	80.21	38.08	61.2	8.6	55.08	46.07	62.43	70.61	55.08	104.0	0.0	41.73	50.8	33.0	49.5	42.15
41	47.89	36.24	44.42	27.59	33.06	51.0	36.07	60.11	50.01	74.52	9.0	49.2	49.73	43.05	29.61	39.81	59.17	25.63	9.85	61.03	47.38	33.54	45.18	50.45	42.95	30.68	48.38	66.07	47.76	33.24	39.36	21.19	39.2	43.83	49.65	51.2	24.19	41.44	28.3	62.29	41.73	0.0	11.05	29.15	7.81	15.81
42	44.64	29.55	40.8	36.62	22.02	41.05	30.41	52.01	39.56	67.21	20.02	58.83	54.56	33.42	19.31	29.41	49.41	25.08	5.39	56.36	36.67	44.28	34.13	43.28	41.05	41.48	51.97	57.28	37.16	27.73	29.41	21.38	32.02	51.62	46.57	51.0	24.35	31.76	34.71	53.91	50.8	11.05	0.0	31.05	7.81	14.14
43	23.85	60.41	21.93	23.77	43.14	67.62	22.2	81.49	49.77	57.25	31.38	42.01	24.84	61.29	34.71	41.68	76.06	7.81	25.71	38.28	49.65	50.21	53.41	36.12	71.25	37.22	77.13	85.7	61.55	20.62	56.86	9.85	28.44	28.86	25.0	22.47	53.0	39.0	55.97	83.01	33.0	29.15	31.05	0.0	35.06	17.09
44	51.26	28.43	47.54	35.38	28.28	43.86	37.74	52.35	46.82	74.97	15.23	56.85	56.92	35.78	26.83	36.77	51.88	30.27	10.77	63.53	43.68	38.0	40.05	50.99	36.22	37.58	44.72	58.41	41.23	34.99	32.31	26.08	39.7	51.61	53.14	56.32	18.11	39.45	26.91	54.56	49.5	7.81	7.81	35.06	0.0	19.42
45	32.2	43.32	28.65	28.86	28.3	51.62	20.62	64.66	40.11	59.41	22.2	50.92	41.34	44.82	21.19	30.41	60.11	11.0	9.0	45.22	38.64	46.1	39.81	35.51	55.0	38.12	63.69	69.2	46.23	17.8	40.46	7.28	24.6	41.05	34.01	37.05	37.48	30.02	44.1	66.29	42.15	15.81	14.14	17.09	19.42	0.0
;
