vehicles
vehicle_idx, capacity, cost_per_unit_distance
1,100,3
2,100,3
3,100,3
4,100,3
5,100,3
depot
node_idx,x,y
0,15,19
home delivery customers
node_idx,x,y,service_time,demand
1,87,25,15,14
2,69,65,15,15
3,33,31,15,18
4,71,61,15,2
5,23,13,15,23
6,57,63,15,21
7,69,1,15,9
8,3,25,15,10
9,27,49,15,19
10,25,65,15,8
11,27,95,15,18
12,61,83,15,21
13,31,87,15,2
self pickup customers
node_idx,x,y,service_time,demand,locker_idxs
14,1,49,15,1,38
15,93,91,15,11,40
16,93,7,15,7,39
17,5,95,15,2,38
18,21,81,15,19,37
19,67,91,15,2,40
20,41,23,15,20,38-39
21,19,75,15,15,37
22,79,47,15,6,36
23,15,83,15,12,36
24,71,41,15,23,38
flexible customers
node_idx,x,y,service_time,demand,locker_idxs
25,29,9,15,22,37
26,55,47,15,18,39-38-36
27,19,47,15,12,36-39
28,65,43,15,14,39-38-36
29,19,91,15,4,39
30,15,79,15,11,36
31,19,65,15,13,36
32,29,17,15,13,37-39
33,59,51,15,15,36-38-39
34,21,91,15,11,36
35,91,21,15,11,38
lockers
node_idx,x,y,service_time,capacity,cost_per_unit_good
36,93,12,10,77
37,22,88,10,96
38,65,88,10,85
39,25,15,10,95
40,77,88,10,85
41,72,14,10,74
42,45,50,10,81
43,31,4,10,94
44,47,47,10,71
45,43,39,10,74
46,76,94,10,88
mrt lines
start_node_idx,end_node_idx,freight_capacity,cost_per_unit_good
36,37,96,0.5
37,36,96,0.5
38,39,95,0.5
39,38,95,0.5
distance matrix
,0,1,2,3,4,5,6,7,8,9,10,11,12,13,14,15,16,17,18,19,20,21,22,23,24,25,26,27,28,29,30,31,32,33,34,35,36,37,38,39,40,41,42,43,44,45,46,
0,0.0,72.25,70.94,21.63,70.0,10.0,60.83,56.92,13.42,32.31,47.07,76.94,78.82,69.86,33.11,106.15,78.92,76.66,62.29,88.81,26.31,56.14,69.86,64.0,60.17,17.2,48.83,28.28,55.46,72.11,60.0,46.17,14.14,54.41,72.25,76.03,78.31,69.35,85.21,10.77,92.76,57.22,43.14,21.93,42.52,34.41,96.67
1,72.25,0.0,43.86,54.33,39.4,65.12,48.41,30.0,84.0,64.62,73.78,92.2,63.56,83.55,89.29,66.27,18.97,107.81,86.56,68.96,46.04,84.4,23.41,92.46,22.63,60.17,38.83,71.47,28.43,94.76,90.0,78.89,58.55,38.21,93.34,5.66,14.32,90.52,66.73,62.8,63.79,18.6,48.88,59.81,45.65,46.17,69.87
2,70.94,43.86,0.0,49.52,4.47,69.43,12.17,64.0,77.18,44.94,44.0,51.61,19.7,43.91,69.86,35.38,62.77,70.68,50.6,26.08,50.48,50.99,20.59,56.92,24.08,68.82,22.8,53.14,22.36,56.36,55.79,50.0,62.48,17.2,54.59,49.19,58.18,52.33,23.35,66.6,24.35,51.09,28.3,71.87,28.43,36.77,29.83
3,21.63,54.33,49.52,0.0,48.41,20.59,40.0,46.86,30.59,18.97,34.93,64.28,59.06,56.04,36.72,84.85,64.62,69.86,51.42,68.96,11.31,46.17,48.7,55.03,39.29,22.36,27.2,21.26,34.18,61.61,51.26,36.77,14.56,32.8,61.19,58.86,62.94,58.05,65.37,17.89,72.01,42.54,22.47,27.07,21.26,12.81,76.28
4,70.0,39.4,4.47,48.41,0.0,67.88,14.14,60.03,76.94,45.61,46.17,55.61,24.17,47.71,71.02,37.2,58.31,74.24,53.85,30.27,48.41,53.85,16.12,60.17,20.0,66.84,21.26,53.85,18.97,60.03,58.82,52.15,60.83,15.62,58.31,44.72,53.71,55.95,27.66,65.05,27.66,47.01,28.23,69.63,27.78,35.61,33.38
5,10.0,65.12,69.43,20.59,67.88,0.0,60.46,47.54,23.32,36.22,52.04,82.1,79.65,74.43,42.19,104.8,70.26,83.95,68.03,89.55,20.59,62.13,65.51,70.46,55.57,7.21,46.69,34.23,51.61,78.1,66.48,52.15,7.21,52.35,78.03,68.47,70.01,75.01,85.96,2.83,92.42,49.01,43.05,12.04,41.62,32.8,96.8
6,60.83,48.41,12.17,40.0,14.14,60.46,0.0,63.15,66.03,33.11,32.06,43.86,20.4,35.38,57.72,45.61,66.57,61.06,40.25,29.73,43.08,39.85,27.2,46.52,26.08,60.83,16.12,41.23,21.54,47.2,44.94,38.05,53.85,12.17,45.61,54.04,62.43,43.01,26.25,57.69,32.02,51.24,17.69,64.47,18.87,27.78,36.36
7,56.92,30.0,64.0,46.86,60.03,47.54,63.15,0.0,70.23,63.78,77.67,102.96,82.39,94.02,83.23,93.15,24.74,113.72,93.3,90.02,35.61,89.31,47.07,98.18,40.05,40.79,48.08,67.94,42.19,102.96,94.87,81.22,43.08,50.99,102.0,29.73,26.4,98.88,87.09,46.17,87.37,13.34,54.56,38.12,50.99,46.04,93.26
8,13.42,84.0,77.18,30.59,76.94,23.32,66.03,70.23,0.0,33.94,45.65,74.0,82.02,68.03,24.08,111.61,91.78,70.03,58.82,91.93,38.05,52.5,79.12,59.23,69.86,30.53,56.46,27.2,64.56,67.91,55.32,43.08,27.2,61.74,68.41,88.09,90.93,65.8,88.39,24.17,97.19,69.87,48.88,35.0,49.19,42.38,100.45
9,32.31,64.62,44.94,18.97,45.61,36.22,33.11,63.78,33.94,0.0,16.12,46.0,48.08,38.21,26.0,78.23,78.23,50.99,32.56,58.0,29.53,27.2,52.04,36.06,44.72,40.05,28.07,8.25,38.47,42.76,32.31,17.89,32.06,32.06,42.43,69.86,75.66,39.32,54.45,34.06,63.41,57.01,18.03,45.18,20.1,18.87,66.53
10,47.07,73.78,44.0,34.93,46.17,52.04,32.06,77.67,45.65,16.12,0.0,30.07,40.25,22.8,28.84,72.8,89.38,36.06,16.49,49.4,44.94,11.66,56.92,20.59,51.88,56.14,34.99,18.97,45.65,26.68,17.2,6.0,48.17,36.77,26.31,79.32,86.21,23.19,46.14,50.0,56.86,69.35,25.0,61.29,28.43,31.62,58.67
11,76.94,92.2,51.61,64.28,55.61,82.1,43.86,102.96,74.0,46.0,30.07,0.0,36.06,8.94,52.84,66.12,110.0,22.0,15.23,40.2,73.35,21.54,70.77,16.97,69.66,86.02,55.57,48.66,64.4,8.94,20.0,31.05,78.03,54.41,7.21,97.84,106.04,8.6,38.64,80.02,50.49,92.66,48.47,91.09,52.0,58.24,49.01
12,78.82,63.56,19.7,59.06,24.17,79.65,20.4,82.39,82.02,48.08,40.25,36.06,0.0,30.27,68.96,32.98,82.46,57.27,40.05,10.0,63.25,42.76,40.25,46.0,43.17,80.62,36.5,55.32,40.2,42.76,46.17,45.69,73.35,32.06,40.79,68.88,77.88,39.32,6.4,76.94,16.76,69.87,36.67,84.5,38.63,47.54,18.6
13,69.86,83.55,43.91,56.04,47.71,74.43,35.38,94.02,68.03,38.21,22.8,8.94,30.27,0.0,48.41,62.13,101.21,27.2,11.66,36.22,64.78,16.97,62.48,16.49,60.96,78.03,46.65,41.76,55.61,12.65,17.89,25.06,70.03,45.61,10.77,89.2,97.31,9.06,34.01,72.25,46.01,83.73,39.56,83.0,43.08,49.48,45.54
14,33.11,89.29,69.86,36.72,71.02,42.19,57.72,83.23,24.08,26.0,28.84,52.84,68.96,48.41,0.0,101.13,101.13,46.17,37.74,78.23,47.71,31.62,78.03,36.77,70.46,48.83,54.04,18.11,64.28,45.69,33.11,24.08,42.52,58.03,46.52,94.25,99.16,44.29,74.95,41.62,85.42,79.16,44.01,54.08,46.04,43.17,87.46
15,106.15,66.27,35.38,84.85,37.2,104.8,45.61,93.15,111.61,78.23,72.8,66.12,32.98,62.13,101.13,0.0,84.0,88.09,72.69,26.0,85.6,75.71,46.17,78.41,54.63,104.02,58.14,86.09,55.57,74.0,78.92,78.43,97.84,52.5,72.0,70.03,79.0,71.06,28.16,101.98,16.28,79.81,63.13,106.83,63.66,72.14,17.26
16,78.92,18.97,62.77,64.62,58.31,70.26,66.57,24.74,91.78,78.23,89.38,110.0,82.46,101.21,101.13,84.0,0.0,124.45,103.25,87.93,54.41,100.5,42.38,108.9,40.5,64.03,55.17,84.12,45.61,111.95,106.15,94.02,64.78,55.61,110.63,14.14,5.0,107.71,85.7,68.47,82.57,22.14,64.44,62.07,60.96,59.36,88.65
17,76.66,107.81,70.68,69.86,74.24,83.95,61.06,113.72,70.03,50.99,36.06,22.0,57.27,27.2,46.17,88.09,124.45,0.0,21.26,62.13,80.5,24.41,88.2,15.62,85.28,89.29,69.31,50.0,79.4,14.56,18.87,33.11,81.61,69.66,16.49,113.45,120.97,18.38,60.41,82.46,72.34,105.12,60.21,94.64,63.78,67.68,71.01
18,62.29,86.56,50.6,51.42,53.85,68.03,40.25,93.3,58.82,32.56,16.49,15.23,40.05,11.66,37.74,72.69,103.25,21.26,0.0,47.07,61.35,6.32,67.23,6.32,64.03,72.44,48.08,34.06,58.14,10.2,6.32,16.12,64.5,48.41,10.0,92.2,99.72,7.07,44.55,66.12,56.44,84.2,39.2,77.65,42.8,47.41,56.52
19,88.81,68.96,26.08,68.96,30.27,89.55,29.73,90.02,91.93,58.0,49.4,40.2,10.0,36.22,78.23,26.0,87.93,62.13,47.07,0.0,72.8,50.6,45.61,52.61,50.16,90.38,45.61,65.12,48.04,48.0,53.37,54.59,83.19,40.79,46.0,74.0,83.17,45.1,3.61,86.83,10.44,77.16,46.53,94.15,48.33,57.27,9.49
20,26.31,46.04,50.48,11.31,48.41,20.59,43.08,35.61,38.05,29.53,44.94,73.35,63.25,64.78,47.71,85.6,54.41,80.5,61.35,72.8,0.0,56.46,44.94,65.39,34.99,18.44,27.78,32.56,31.24,71.47,61.74,47.41,13.42,33.29,70.88,50.04,53.15,67.72,69.29,17.89,74.3,32.28,27.29,21.47,24.74,16.12,79.16
21,56.14,84.4,50.99,46.17,53.85,62.13,39.85,89.31,52.5,27.2,11.66,21.54,42.76,16.97,31.62,75.71,100.5,24.41,6.32,50.6,56.46,0.0,66.21,8.94,62.13,66.75,45.61,28.0,56.04,16.0,5.66,10.0,58.86,46.65,16.12,90.0,97.19,13.34,47.8,60.3,59.44,80.81,36.07,72.01,39.6,43.27,60.08
22,69.86,23.41,20.59,48.7,16.12,65.51,27.2,47.07,79.12,52.04,56.92,70.77,40.25,62.48,78.03,46.17,42.38,88.2,67.23,45.61,44.94,66.21,0.0,73.43,10.0,62.8,24.0,60.0,14.56,74.4,71.55,62.64,58.31,20.4,72.8,28.64,37.7,70.21,43.32,62.77,41.05,33.73,34.13,64.44,32.0,36.88,47.1
23,64.0,92.46,56.92,55.03,60.17,70.46,46.52,98.18,59.23,36.06,20.59,16.97,46.0,16.49,36.77,78.41,108.9,15.62,6.32,52.61,65.39,8.94,73.43,0.0,70.0,75.31,53.81,36.22,64.03,8.94,4.0,18.44,67.47,54.41,10.0,98.08,105.48,8.6,50.25,68.73,62.2,89.5,44.6,80.6,48.17,52.15,61.98
24,60.17,22.63,24.08,39.29,20.0,55.57,26.08,40.05,69.86,44.72,51.88,69.66,43.17,60.96,70.46,54.63,40.5,85.28,64.03,50.16,34.99,62.13,10.0,70.0,0.0,52.8,17.09,52.35,6.32,72.14,67.68,57.27,48.37,15.62,70.71,28.28,36.4,67.9,47.38,52.84,47.38,27.02,27.51,54.49,24.74,28.07,53.24
25,17.2,60.17,68.82,22.36,66.84,7.21,60.83,40.79,30.53,40.05,56.14,86.02,80.62,78.03,48.83,104.02,64.03,89.29,72.44,90.38,18.44,66.75,62.8,75.31,52.8,0.0,46.04,39.29,49.52,82.61,71.39,56.89,8.0,51.61,82.39,63.15,64.07,79.31,86.82,7.21,92.44,43.29,44.01,5.39,42.05,33.11,97.13
26,48.83,38.83,22.8,27.2,21.26,46.69,16.12,48.08,56.46,28.07,34.99,55.57,36.5,46.65,54.04,58.14,55.17,69.31,48.08,45.61,27.78,45.61,24.0,53.81,17.09,46.04,0.0,36.0,10.77,56.85,51.22,40.25,39.7,5.66,55.61,44.41,51.66,52.63,42.2,43.86,46.53,37.12,10.44,49.24,8.0,14.42,51.48
27,28.28,71.47,53.14,21.26,53.85,34.23,41.23,67.94,27.2,8.25,18.97,48.66,55.32,41.76,18.11,86.09,84.12,50.0,34.06,65.12,32.56,28.0,60.0,36.22,52.35,39.29,36.0,0.0,46.17,44.0,32.25,18.0,31.62,40.2,44.05,76.55,81.86,41.11,61.62,32.56,71.03,62.43,26.17,44.64,28.0,25.3,73.88
28,55.46,28.43,22.36,34.18,18.97,51.61,21.54,42.19,64.56,38.47,45.65,64.4,40.2,55.61,64.28,55.57,45.61,79.4,58.14,48.04,31.24,56.04,14.56,64.03,6.32,49.52,10.77,46.17,0.0,66.48,61.61,50.99,44.41,10.0,65.12,34.06,41.77,62.24,45.0,48.83,46.57,29.83,21.19,51.74,18.44,22.36,52.17
29,72.11,94.76,56.36,61.61,60.03,78.1,47.2,102.96,67.91,42.76,26.68,8.94,42.76,12.65,45.69,74.0,111.95,14.56,10.2,48.0,71.47,16.0,74.4,8.94,72.14,82.61,56.85,44.0,66.48,0.0,12.65,26.0,74.67,56.57,2.0,100.42,108.25,4.24,46.1,76.24,58.08,93.48,48.55,87.82,52.15,57.27,57.08
30,60.0,90.0,55.79,51.26,58.82,66.48,44.94,94.87,55.32,32.31,17.2,20.0,46.17,17.89,33.11,78.92,106.15,18.87,6.32,53.37,61.74,5.66,71.55,4.0,67.68,71.39,51.22,32.25,61.61,12.65,0.0,14.56,63.56,52.15,13.42,95.6,102.83,11.4,50.8,64.78,62.65,86.45,41.73,76.69,45.25,48.83,62.82
31,46.17,78.89,50.0,36.77,52.15,52.15,38.05,81.22,43.08,17.89,6.0,31.05,45.69,25.06,24.08,78.43,94.02,33.11,16.12,54.59,47.41,10.0,62.64,18.44,57.27,56.89,40.25,18.0,50.99,26.0,14.56,0.0,49.03,42.38,26.08,84.38,91.02,23.19,51.43,50.36,62.39,73.55,30.02,62.17,33.29,35.38,63.95
32,14.14,58.55,62.48,14.56,60.83,7.21,53.85,43.08,27.2,32.06,48.17,78.03,73.35,70.03,42.52,97.84,64.78,81.61,64.5,83.19,13.42,58.86,58.31,67.47,48.37,8.0,39.7,31.62,44.41,74.67,63.56,49.03,0.0,45.34,74.43,62.13,64.2,71.34,79.61,4.47,85.7,43.1,36.67,13.15,34.99,26.08,90.21
33,54.41,38.21,17.2,32.8,15.62,52.35,12.17,50.99,61.74,32.06,36.77,54.41,32.06,45.61,58.03,52.5,55.61,69.66,48.41,40.79,33.29,46.65,20.4,54.41,15.62,51.61,5.66,40.2,10.0,56.57,52.15,42.38,45.34,0.0,55.17,43.86,51.74,52.33,37.48,49.52,41.15,39.22,14.04,54.71,12.65,20.0,46.24
34,72.25,93.34,54.59,61.19,58.31,78.03,45.61,102.0,68.41,42.43,26.31,7.21,40.79,10.77,46.52,72.0,110.63,16.49,10.0,46.0,70.88,16.12,72.8,10.0,70.71,82.39,55.61,44.05,65.12,2.0,13.42,26.08,74.43,55.17,0.0,98.99,106.89,3.16,44.1,76.11,56.08,92.36,47.51,87.57,51.11,56.46,55.08
35,76.03,5.66,49.19,58.86,44.72,68.47,54.04,29.73,88.09,69.86,79.32,97.84,68.88,89.2,94.25,70.03,14.14,113.45,92.2,74.0,50.04,90.0,28.64,98.08,28.28,63.15,44.41,76.55,34.06,100.42,95.6,84.38,62.13,43.86,98.99,0.0,9.22,96.18,71.87,66.27,68.45,20.25,54.38,62.36,51.11,51.26,74.53
36,78.31,14.32,58.18,62.94,53.71,70.01,62.43,26.4,90.93,75.66,86.21,106.04,77.88,97.31,99.16,79.0,5.0,120.97,99.72,83.17,53.15,97.19,37.7,105.48,36.4,64.07,51.66,81.86,41.77,108.25,102.83,91.02,64.2,51.74,106.89,9.22,0.0,104.0,80.99,68.07,77.67,21.1,61.22,62.51,57.8,56.82,83.74
37,69.35,90.52,52.33,58.05,55.95,75.01,43.01,98.88,65.8,39.32,23.19,8.6,39.32,9.06,44.29,71.06,107.71,18.38,7.07,45.1,67.72,13.34,70.21,8.6,67.9,79.31,52.63,41.11,62.24,4.24,11.4,23.19,71.34,52.33,3.16,96.18,104.0,0.0,43.0,73.06,55.0,89.31,44.42,84.48,48.02,53.31,54.33
38,85.21,66.73,23.35,65.37,27.66,85.96,26.25,87.09,88.39,54.45,46.14,38.64,6.4,34.01,74.95,28.16,85.7,60.41,44.55,3.61,69.29,47.8,43.32,50.25,47.38,86.82,42.2,61.62,45.0,46.1,50.8,51.43,79.61,37.48,44.1,71.87,80.99,43.0,0.0,83.24,12.0,74.33,42.94,90.62,44.78,53.71,12.53
39,10.77,62.8,66.6,17.89,65.05,2.83,57.69,46.17,24.17,34.06,50.0,80.02,76.94,72.25,41.62,101.98,68.47,82.46,66.12,86.83,17.89,60.3,62.77,68.73,52.84,7.21,43.86,32.56,48.83,76.24,64.78,50.36,4.47,49.52,76.11,66.27,68.07,73.06,83.24,0.0,89.63,47.01,40.31,12.53,38.83,30.0,94.03
40,92.76,63.79,24.35,72.01,27.66,92.42,32.02,87.37,97.19,63.41,56.86,50.49,16.76,46.01,85.42,16.28,82.57,72.34,56.44,10.44,74.3,59.44,41.05,62.2,47.38,92.44,46.53,71.03,46.57,58.08,62.65,62.39,85.7,41.15,56.08,68.45,77.67,55.0,12.0,89.63,0.0,74.17,49.68,95.77,50.8,59.64,6.08
41,57.22,18.6,51.09,42.54,47.01,49.01,51.24,13.34,69.87,57.01,69.35,92.66,69.87,83.73,79.16,79.81,22.14,105.12,84.2,77.16,32.28,80.81,33.73,89.5,27.02,43.29,37.12,62.43,29.83,93.48,86.45,73.55,43.1,39.22,92.36,20.25,21.1,89.31,74.33,47.01,74.17,0.0,45.0,42.2,41.4,38.29,80.1
42,43.14,48.88,28.3,22.47,28.23,43.05,17.69,54.56,48.88,18.03,25.0,48.47,36.67,39.56,44.01,63.13,64.44,60.21,39.2,46.53,27.29,36.07,34.13,44.6,27.51,44.01,10.44,26.17,21.19,48.55,41.73,30.02,36.67,14.04,47.51,54.38,61.22,44.42,42.94,40.31,49.68,45.0,0.0,48.08,3.61,11.18,53.82
43,21.93,59.81,71.87,27.07,69.63,12.04,64.47,38.12,35.0,45.18,61.29,91.09,84.5,83.0,54.08,106.83,62.07,94.64,77.65,94.15,21.47,72.01,64.44,80.6,54.49,5.39,49.24,44.64,51.74,87.82,76.69,62.17,13.15,54.71,87.57,62.36,62.51,84.48,90.62,12.53,95.77,42.2,48.08,0.0,45.88,37.0,100.62
44,42.52,45.65,28.43,21.26,27.78,41.62,18.87,50.99,49.19,20.1,28.43,52.0,38.63,43.08,46.04,63.66,60.96,63.78,42.8,48.33,24.74,39.6,32.0,48.17,24.74,42.05,8.0,28.0,18.44,52.15,45.25,33.29,34.99,12.65,51.11,51.11,57.8,48.02,44.78,38.83,50.8,41.4,3.61,45.88,0.0,8.94,55.23
45,34.41,46.17,36.77,12.81,35.61,32.8,27.78,46.04,42.38,18.87,31.62,58.24,47.54,49.48,43.17,72.14,59.36,67.68,47.41,57.27,16.12,43.27,36.88,52.15,28.07,33.11,14.42,25.3,22.36,57.27,48.83,35.38,26.08,20.0,56.46,51.26,56.82,53.31,53.71,30.0,59.64,38.29,11.18,37.0,8.94,0.0,64.14
46,96.67,69.87,29.83,76.28,33.38,96.8,36.36,93.26,100.45,66.53,58.67,49.01,18.6,45.54,87.46,17.26,88.65,71.01,56.52,9.49,79.16,60.08,47.1,61.98,53.24,97.13,51.48,73.88,52.17,57.08,62.82,63.95,90.21,46.24,55.08,74.53,83.74,54.33,12.53,94.03,6.08,80.1,53.82,100.62,55.23,64.14,0.0
