vehicles
vehicle_idx, capacity, cost_per_unit_distance
1,100,3
2,100,3
3,100,3
4,100,3
5,100,3
6,100,3
depot
node_idx,x,y
0,39,19
home delivery customers
node_idx,x,y,service_time,demand
1,57,73,10,6
2,53,75,10,6
3,79,73,10,12
4,37,27,10,16
5,93,13,10,4
6,85,45,10,22
7,83,29,10,11
8,87,23,10,1
9,31,23,10,22
10,19,97,10,16
11,9,7,10,5
12,71,51,10,11
13,7,53,10,10
14,7,41,10,2
self pickup customers
node_idx,x,y,service_time,demand,locker_idxs
15,25,31,10,22,43
16,1,1,10,6,44
17,1,37,10,16,40
18,41,31,10,72,41
19,23,73,10,7,40
20,85,93,10,23,42
21,55,43,10,7,44
22,93,49,10,11,46
23,83,61,10,7,42
24,13,13,10,22,44
25,43,37,10,9,42-46-41-45-43
26,93,55,10,3,42
flexible customers
node_idx,x,y,service_time,demand,locker_idxs
27,79,19,10,18,39
28,41,79,10,16,44
29,63,93,10,24,40
30,33,5,10,3,43
31,69,17,10,19,46-39
32,59,5,10,18,43
33,49,91,10,23,44
34,41,9,10,15,43
35,13,61,10,10,40
36,45,93,10,9,40
37,5,97,10,7,40
38,81,11,10,15,43-39
lockers
node_idx,x,y,service_time,capacity,cost_per_unit_good
39,93,12,10,71
40,22,88,10,71
41,49,49,10,83
42,64,49,10,77
43,45,35,10,91
44,50,67,10,95
45,42,47,10,92
46,61,33,10,88
mrt lines
start_node_idx,end_node_idx,freight_capacity,cost_per_unit_good
39,40,71,0.5
40,39,71,0.5
distance matrix
,0,1,2,3,4,5,6,7,8,9,10,11,12,13,14,15,16,17,18,19,20,21,22,23,24,25,26,27,28,29,30,31,32,33,34,35,36,37,38,39,40,41,42,43,44,45,46,
0,0.0,56.92,57.72,67.2,8.25,54.33,52.84,45.12,48.17,8.94,80.52,32.31,45.25,46.69,38.83,18.44,42.05,42.05,12.17,56.32,87.13,28.84,61.77,60.83,26.68,18.44,64.9,40.0,60.03,77.79,15.23,30.07,24.41,72.69,10.2,49.4,74.24,85.09,42.76,54.45,71.06,31.62,39.05,17.09,49.24,28.16,26.08
1,56.92,0.0,4.47,22.0,50.16,69.97,39.6,51.11,58.31,56.36,44.94,81.61,26.08,53.85,59.36,52.8,91.21,66.57,44.94,34.0,34.41,30.07,43.27,28.64,74.4,38.63,40.25,58.31,17.09,20.88,72.11,57.27,68.03,19.7,65.97,45.61,23.32,57.27,66.48,70.83,38.08,25.3,25.0,39.85,9.22,30.02,40.2
2,57.72,4.47,0.0,26.08,50.6,73.78,43.86,54.92,62.13,56.46,40.5,80.99,30.0,50.99,57.2,52.15,90.44,64.4,45.61,30.07,36.72,32.06,47.71,33.11,73.78,39.29,44.72,61.74,12.65,20.59,72.8,60.17,70.26,16.49,67.08,42.38,19.7,52.8,69.86,74.63,33.62,26.31,28.23,40.79,8.54,30.08,42.76
3,67.2,22.0,26.08,0.0,62.29,61.61,28.64,44.18,50.64,69.31,64.62,96.21,23.41,74.73,78.79,68.41,106.15,85.91,56.64,56.0,20.88,38.42,27.78,12.65,89.2,50.91,22.8,54.0,38.47,25.61,82.1,56.89,70.88,34.99,74.43,67.08,39.45,77.79,62.03,62.59,58.94,38.42,28.3,50.99,29.61,45.22,43.86
4,8.25,50.16,50.6,62.29,0.0,57.72,51.26,46.04,50.16,7.21,72.28,34.41,41.62,39.7,33.11,12.65,44.41,37.36,5.66,48.08,81.61,24.08,60.17,57.2,27.78,11.66,62.61,42.76,52.15,70.94,22.36,33.53,31.11,65.12,18.44,41.62,66.48,76.97,46.82,57.97,62.82,25.06,34.83,11.31,42.06,20.62,24.74
5,54.33,69.97,73.78,61.61,57.72,0.0,32.98,18.87,11.66,62.8,111.95,84.21,43.91,94.85,90.44,70.34,92.78,95.08,55.03,92.2,80.4,48.41,36.0,49.03,80.0,55.46,42.0,15.23,84.02,85.44,60.53,24.33,34.93,89.55,52.15,93.3,93.3,121.66,12.17,1.0,103.28,56.85,46.23,52.8,69.03,61.29,37.74
6,52.84,39.6,43.86,28.64,51.26,32.98,0.0,16.12,22.09,58.31,84.02,84.97,15.23,78.41,78.1,61.61,94.83,84.38,46.17,68.03,48.0,30.07,8.94,16.12,78.79,42.76,12.81,26.68,55.61,52.8,65.6,32.25,47.71,58.41,56.85,73.76,62.48,95.41,34.23,33.96,76.28,36.22,21.38,41.23,41.34,43.05,26.83
7,45.12,51.11,54.92,44.18,46.04,18.87,16.12,0.0,7.21,52.35,93.38,77.2,25.06,79.7,76.94,58.03,86.65,82.39,42.05,74.4,64.03,31.3,22.36,32.0,71.81,40.79,27.86,10.77,65.3,67.05,55.46,18.44,33.94,70.71,46.52,76.97,74.43,103.48,18.11,19.72,84.86,39.45,27.59,38.47,50.33,44.78,22.36
8,48.17,58.31,62.13,50.64,50.16,11.66,22.09,7.21,0.0,56.0,100.5,79.62,32.25,85.44,82.0,62.51,88.77,87.13,46.69,81.22,70.03,37.74,26.68,38.21,74.67,46.17,32.56,8.94,72.47,74.0,56.92,18.97,33.29,77.9,48.08,83.19,81.63,110.45,13.42,12.53,91.92,46.04,34.71,43.68,57.49,51.0,27.86
9,8.94,56.36,56.46,69.31,7.21,62.8,58.31,52.35,56.0,0.0,74.97,27.2,48.83,38.42,30.0,10.0,37.2,33.11,12.81,50.64,88.41,31.24,67.23,64.4,20.59,18.44,69.77,48.17,56.89,76.97,18.11,38.47,33.29,70.34,17.2,42.05,71.39,78.43,51.42,62.97,65.62,31.62,42.01,18.44,47.93,26.4,31.62
10,80.52,44.94,40.5,64.62,72.28,111.95,84.02,93.38,100.5,74.97,0.0,90.55,69.43,45.61,57.27,66.27,97.67,62.64,69.57,24.33,66.12,64.9,88.2,73.43,84.21,64.62,85.09,98.41,28.43,44.18,93.06,94.34,100.32,30.59,90.71,36.5,26.31,14.0,106.02,112.7,9.49,56.6,65.8,67.23,43.14,55.04,76.55
11,32.31,81.61,80.99,96.21,34.41,84.21,84.97,77.2,79.62,27.2,90.55,0.0,76.03,46.04,34.06,28.84,10.0,31.05,40.0,67.47,114.77,58.41,93.91,91.61,7.21,45.34,96.75,71.02,78.79,101.55,24.08,60.83,50.04,93.04,32.06,54.15,93.23,90.09,72.11,84.15,82.04,58.0,69.2,45.61,72.67,51.86,58.14
12,45.25,26.08,30.0,23.41,41.62,43.91,15.23,25.06,32.25,48.83,69.43,76.03,0.0,64.03,64.78,50.16,86.02,71.39,36.06,52.8,44.27,17.89,22.09,15.62,69.34,31.3,22.36,32.98,41.04,42.76,59.67,34.06,47.54,45.65,51.61,58.86,49.4,80.45,41.23,44.78,61.4,22.09,7.28,30.53,26.4,29.27,20.59
13,46.69,53.85,50.99,74.73,39.7,94.85,78.41,79.7,85.44,38.42,45.61,46.04,64.03,0.0,12.0,28.43,52.35,17.09,40.5,25.61,87.66,49.03,86.09,76.42,40.45,39.4,86.02,79.62,42.8,68.82,54.59,71.69,70.77,56.64,55.61,10.0,55.17,44.05,85.09,95.27,38.08,42.19,57.14,42.05,45.22,35.51,57.58
14,38.83,59.36,57.2,78.79,33.11,90.44,78.1,76.94,82.0,30.0,57.27,34.06,64.78,12.0,0.0,20.59,40.45,7.21,35.44,35.78,93.74,48.04,86.37,78.59,28.64,36.22,87.13,75.29,50.99,76.42,44.41,66.48,63.25,65.3,46.69,20.88,64.4,56.04,79.85,90.76,49.34,42.76,57.56,38.47,50.25,35.51,54.59
15,18.44,52.8,52.15,68.41,12.65,70.34,61.61,58.03,62.51,10.0,66.27,28.84,50.16,28.43,20.59,0.0,38.42,24.74,16.0,42.05,86.28,32.31,70.34,65.3,21.63,18.97,72.11,55.32,50.6,72.72,27.2,46.17,42.8,64.62,27.2,32.31,65.15,68.96,59.46,70.6,57.08,30.0,42.95,20.4,43.83,23.35,36.06
16,42.05,91.21,90.44,106.15,44.41,92.78,94.83,86.65,88.77,37.2,97.67,10.0,86.02,52.35,40.45,38.42,0.0,36.0,50.0,75.29,124.58,68.41,103.77,101.61,16.97,55.32,106.68,80.05,87.66,110.94,32.25,69.86,58.14,102.0,40.79,61.19,101.98,96.08,80.62,92.66,89.5,67.88,79.2,55.61,82.2,61.62,68.0
17,42.05,66.57,64.4,85.91,37.36,95.08,84.38,82.39,87.13,33.11,62.64,31.05,71.39,17.09,7.21,24.74,36.0,0.0,40.45,42.19,100.96,54.33,92.78,85.44,26.83,42.0,93.74,80.05,58.0,83.55,45.25,70.88,66.24,72.25,48.83,26.83,71.22,60.13,84.12,95.34,55.15,49.48,64.13,44.05,57.45,42.2,60.13
18,12.17,44.94,45.61,56.64,5.66,55.03,46.17,42.05,46.69,12.81,69.57,40.0,36.06,40.5,35.44,16.0,50.0,40.45,0.0,45.69,76.03,18.44,55.03,51.61,33.29,6.32,57.27,39.85,48.0,65.79,27.2,31.3,31.62,60.53,22.0,41.04,62.13,75.18,44.72,55.36,60.08,19.7,29.21,5.66,37.11,16.03,20.1
19,56.32,34.0,30.07,56.0,48.08,92.2,68.03,74.4,81.22,50.64,24.33,67.47,52.8,25.61,35.78,42.05,75.29,42.19,45.69,0.0,65.15,43.86,74.0,61.19,60.83,41.18,72.28,77.79,18.97,44.72,68.73,72.47,76.94,31.62,66.48,15.62,29.73,30.0,84.9,92.85,15.03,35.38,47.51,43.91,27.66,32.2,55.17
20,87.13,34.41,36.72,20.88,81.61,80.4,48.0,64.03,70.03,88.41,66.12,114.77,44.27,87.66,93.74,86.28,124.58,100.96,76.03,65.15,0.0,58.31,44.72,32.06,107.63,70.0,38.83,74.24,46.17,22.0,102.22,77.67,91.76,36.06,94.83,78.79,40.0,80.1,82.1,81.39,63.2,56.85,48.75,70.46,43.6,62.97,64.62
21,28.84,30.07,32.06,38.42,24.08,48.41,30.07,31.3,37.74,31.24,64.9,58.41,17.89,49.03,48.04,32.31,68.41,54.33,18.44,43.86,58.31,0.0,38.47,33.29,51.61,13.42,39.85,33.94,38.63,50.64,43.91,29.53,38.21,48.37,36.77,45.69,50.99,73.59,41.23,49.04,55.8,8.49,10.82,12.81,24.52,13.6,11.66
22,61.77,43.27,47.71,27.78,60.17,36.0,8.94,22.36,26.68,67.23,88.2,93.91,22.09,86.09,86.37,70.34,103.77,92.78,55.03,74.0,44.72,38.47,0.0,15.62,87.73,51.42,6.0,33.11,60.03,53.25,74.4,40.0,55.61,60.83,65.6,80.89,65.12,100.24,39.85,37.0,81.01,44.0,29.0,50.0,46.62,51.04,35.78
23,60.83,28.64,33.11,12.65,57.2,49.03,16.12,32.0,38.21,64.4,73.43,91.61,15.62,76.42,78.59,65.3,101.61,85.44,51.61,61.19,32.06,33.29,15.62,0.0,84.88,46.65,11.66,42.19,45.69,37.74,75.07,46.17,60.93,45.34,66.84,70.0,49.68,85.91,50.04,50.01,66.71,36.06,22.47,46.04,33.54,43.32,35.61
24,26.68,74.4,73.78,89.2,27.78,80.0,78.79,71.81,74.67,20.59,84.21,7.21,69.34,40.45,28.64,21.63,16.97,26.83,33.29,60.83,107.63,51.61,87.73,84.88,0.0,38.42,90.35,66.27,71.69,94.34,21.54,56.14,46.69,85.91,28.28,48.0,86.16,84.38,68.03,80.01,75.54,50.91,62.43,38.83,65.46,44.69,52.0
25,18.44,38.63,39.29,50.91,11.66,55.46,42.76,40.79,46.17,18.44,64.62,45.34,31.3,39.4,36.22,18.97,55.32,42.0,6.32,41.18,70.0,13.42,51.42,46.65,38.42,0.0,53.14,40.25,42.05,59.46,33.53,32.8,35.78,54.33,28.07,38.42,56.04,71.02,46.04,55.9,55.15,13.42,24.19,2.83,30.81,10.05,18.44
26,64.9,40.25,44.72,22.8,62.61,42.0,12.81,27.86,32.56,69.77,85.09,96.75,22.36,86.02,87.13,72.11,106.68,93.74,57.27,72.28,38.83,39.85,6.0,11.66,90.35,53.14,0.0,38.63,57.27,48.41,78.1,44.94,60.46,56.85,69.43,80.22,61.22,97.51,45.61,43.0,78.29,44.41,29.61,52.0,44.64,51.62,38.83
27,40.0,58.31,61.74,54.0,42.76,15.23,26.68,10.77,8.94,48.17,98.41,71.02,32.98,79.62,75.29,55.32,80.05,80.05,39.85,77.79,74.24,33.94,33.11,42.19,66.27,40.25,38.63,0.0,71.02,75.71,48.08,10.2,24.41,78.0,39.29,78.23,81.44,107.52,8.25,15.65,89.5,42.43,33.54,37.58,56.08,46.4,22.8
28,60.03,17.09,12.65,38.47,52.15,84.02,55.61,65.3,72.47,56.89,28.43,78.79,41.04,42.8,50.99,50.6,87.66,58.0,48.0,18.97,46.17,38.63,60.03,45.69,71.69,42.05,57.27,71.02,0.0,26.08,74.43,68.03,76.16,14.42,70.0,33.29,14.56,40.25,78.89,84.81,21.02,31.05,37.8,44.18,15.0,32.02,50.16
29,77.79,20.88,20.59,25.61,70.94,85.44,52.8,67.05,74.0,76.97,44.18,101.55,42.76,68.82,76.42,72.72,110.94,83.55,65.79,44.72,22.0,50.64,53.25,37.74,94.34,59.46,48.41,75.71,26.08,0.0,92.97,76.24,88.09,14.14,86.83,59.36,18.0,58.14,83.95,86.38,41.3,46.17,44.01,60.73,29.07,50.57,60.03
30,15.23,72.11,72.8,82.1,22.36,60.53,65.6,55.46,56.92,18.11,93.06,24.08,59.67,54.59,44.41,27.2,32.25,45.25,27.2,68.73,102.22,43.91,74.4,75.07,21.54,33.53,78.1,48.08,74.43,92.97,0.0,37.95,26.0,87.48,8.94,59.46,88.81,96.17,48.37,60.41,83.73,46.82,53.82,32.31,64.29,42.95,39.6
31,30.07,57.27,60.17,56.89,33.53,24.33,32.25,18.44,18.97,38.47,94.34,60.83,34.06,71.69,66.48,46.17,69.86,70.88,31.3,72.47,77.67,29.53,40.0,46.17,56.14,32.8,44.94,10.2,68.03,76.24,37.95,0.0,15.62,76.66,29.12,71.22,79.7,102.45,13.42,24.52,85.15,37.74,32.39,30.0,53.49,40.36,17.89
32,24.41,68.03,70.26,70.88,31.11,34.93,47.71,33.94,33.29,33.29,100.32,50.04,47.54,70.77,63.25,42.8,58.14,66.24,31.62,76.94,91.76,38.21,55.61,60.93,46.69,35.78,60.46,24.41,76.16,88.09,26.0,15.62,0.0,86.58,18.44,72.47,89.11,106.68,22.8,34.71,90.87,45.12,44.28,33.11,62.65,45.31,28.07
33,72.69,19.7,16.49,34.99,65.12,89.55,58.41,70.71,77.9,70.34,30.59,93.04,45.65,56.64,65.3,64.62,102.0,72.25,60.53,31.62,36.06,48.37,60.83,45.34,85.91,54.33,56.85,78.0,14.42,14.14,87.48,76.66,86.58,0.0,82.39,46.86,4.47,44.41,86.16,90.43,27.17,42.0,44.6,56.14,24.02,44.55,59.23
34,10.2,65.97,67.08,74.43,18.44,52.15,56.85,46.52,48.08,17.2,90.71,32.06,51.61,55.61,46.69,27.2,40.79,48.83,22.0,66.48,94.83,36.77,65.6,66.84,28.28,28.07,69.43,39.29,70.0,86.83,8.94,29.12,18.44,82.39,0.0,59.06,84.1,95.08,40.05,52.09,81.25,40.79,46.14,26.31,58.69,38.01,31.24
35,49.4,45.61,42.38,67.08,41.62,93.3,73.76,76.97,83.19,42.05,36.5,54.15,58.86,10.0,20.88,32.31,61.19,26.83,41.04,15.62,78.79,45.69,80.89,70.0,48.0,38.42,80.22,78.23,33.29,59.36,59.46,71.22,72.47,46.86,59.06,0.0,45.25,36.88,84.4,93.81,28.46,37.95,52.39,41.23,37.48,32.2,55.57
36,74.24,23.32,19.7,39.45,66.48,93.3,62.48,74.43,81.63,71.39,26.31,93.23,49.4,55.17,64.4,65.15,101.98,71.22,62.13,29.73,40.0,50.99,65.12,49.68,86.16,56.04,61.22,81.44,14.56,18.0,88.81,79.7,89.11,4.47,84.1,45.25,0.0,40.2,89.55,94.15,23.54,44.18,47.93,58.0,26.48,46.1,62.1
37,85.09,57.27,52.8,77.79,76.97,121.66,95.41,103.48,110.45,78.43,14.0,90.09,80.45,44.05,56.04,68.96,96.08,60.13,75.18,30.0,80.1,73.59,100.24,85.91,84.38,71.02,97.51,107.52,40.25,58.14,96.17,102.45,106.68,44.41,95.08,36.88,40.2,0.0,114.77,122.35,19.24,65.12,76.06,73.78,54.08,62.2,85.04
38,42.76,66.48,69.86,62.03,46.82,12.17,34.23,18.11,13.42,51.42,106.02,72.11,41.23,85.09,79.85,59.46,80.62,84.12,44.72,84.9,82.1,41.23,39.85,50.04,68.03,46.04,45.61,8.25,78.89,83.95,48.37,13.42,22.8,86.16,40.05,84.4,89.55,114.77,0.0,12.04,97.01,49.68,41.63,43.27,64.01,53.08,29.73
39,54.45,70.83,74.63,62.59,57.97,1.0,33.96,19.72,12.53,62.97,112.7,84.15,44.78,95.27,90.76,70.6,92.66,95.34,55.36,92.85,81.39,49.04,37.0,50.01,80.01,55.9,43.0,15.65,84.81,86.38,60.41,24.52,34.71,90.43,52.09,93.81,94.15,122.35,12.04,0.0,104.0,57.49,47.01,53.23,69.81,61.85,38.28
40,71.06,38.08,33.62,58.94,62.82,103.28,76.28,84.86,91.92,65.62,9.49,82.04,61.4,38.08,49.34,57.08,89.5,55.15,60.08,15.03,63.2,55.8,81.01,66.71,75.54,55.15,78.29,89.5,21.02,41.3,83.73,85.15,90.87,27.17,81.25,28.46,23.54,19.24,97.01,104.0,0.0,47.43,57.31,57.78,35.0,45.62,67.42
41,31.62,25.3,26.31,38.42,25.06,56.85,36.22,39.45,46.04,31.62,56.6,58.0,22.09,42.19,42.76,30.0,67.88,49.48,19.7,35.38,56.85,8.49,44.0,36.06,50.91,13.42,44.41,42.43,31.05,46.17,46.82,37.74,45.12,42.0,40.79,37.95,44.18,65.12,49.68,57.49,47.43,0.0,15.0,14.56,18.03,7.28,20.0
42,39.05,25.0,28.23,28.3,34.83,46.23,21.38,27.59,34.71,42.01,65.8,69.2,7.28,57.14,57.56,42.95,79.2,64.13,29.21,47.51,48.75,10.82,29.0,22.47,62.43,24.19,29.61,33.54,37.8,44.01,53.82,32.39,44.28,44.6,46.14,52.39,47.93,76.06,41.63,47.01,57.31,15.0,0.0,23.6,22.8,22.09,16.28
43,17.09,39.85,40.79,50.99,11.31,52.8,41.23,38.47,43.68,18.44,67.23,45.61,30.53,42.05,38.47,20.4,55.61,44.05,5.66,43.91,70.46,12.81,50.0,46.04,38.83,2.83,52.0,37.58,44.18,60.73,32.31,30.0,33.11,56.14,26.31,41.23,58.0,73.78,43.27,53.23,57.78,14.56,23.6,0.0,32.39,12.37,16.12
44,49.24,9.22,8.54,29.61,42.06,69.03,41.34,50.33,57.49,47.93,43.14,72.67,26.4,45.22,50.25,43.83,82.2,57.45,37.11,27.66,43.6,24.52,46.62,33.54,65.46,30.81,44.64,56.08,15.0,29.07,64.29,53.49,62.65,24.02,58.69,37.48,26.48,54.08,64.01,69.81,35.0,18.03,22.8,32.39,0.0,21.54,35.74
45,28.16,30.02,30.08,45.22,20.62,61.29,43.05,44.78,51.0,26.4,55.04,51.86,29.27,35.51,35.51,23.35,61.62,42.2,16.03,32.2,62.97,13.6,51.04,43.32,44.69,10.05,51.62,46.4,32.02,50.57,42.95,40.36,45.31,44.55,38.01,32.2,46.1,62.2,53.08,61.85,45.62,7.28,22.09,12.37,21.54,0.0,23.6
46,26.08,40.2,42.76,43.86,24.74,37.74,26.83,22.36,27.86,31.62,76.55,58.14,20.59,57.58,54.59,36.06,68.0,60.13,20.1,55.17,64.62,11.66,35.78,35.61,52.0,18.44,38.83,22.8,50.16,60.03,39.6,17.89,28.07,59.23,31.24,55.57,62.1,85.04,29.73,38.28,67.42,20.0,16.28,16.12,35.74,23.6,0.0
