set K:= 1	2	3	4	5;
set C_H:= 1	2	3	4	5	6	7	8	9	10	11	12	13;
set C_S:= 14	15	16	17	18	19	20	21	22	23	24	25;
set C_F:= 26	27	28	29	30	31	32	33	34	35	36	37;
set L_B:= 38	39	40	41	42	43	44;
set A1:=
(0,*) 1 2 3 4 5 6 7 8 9 10 11 12 13 26 27 28 29 30 31 32 33 34 35 36 37 38 39 40 41 42 43 44
(1,*) 0 2 3 4 5 6 7 8 9 10 11 12 13 26 27 28 29 30 31 32 33 34 35 36 37 38 39 40 41 42 43 44
(2,*) 0 1 3 4 5 6 7 8 9 10 11 12 13 26 27 28 29 30 31 32 33 34 35 36 37 38 39 40 41 42 43 44
(3,*) 0 1 2 4 5 6 7 8 9 10 11 12 13 26 27 28 29 30 31 32 33 34 35 36 37 38 39 40 41 42 43 44
(4,*) 0 1 2 3 5 6 7 8 9 10 11 12 13 26 27 28 29 30 31 32 33 34 35 36 37 38 39 40 41 42 43 44
(5,*) 0 1 2 3 4 6 7 8 9 10 11 12 13 26 27 28 29 30 31 32 33 34 35 36 37 38 39 40 41 42 43 44
(6,*) 0 1 2 3 4 5 7 8 9 10 11 12 13 26 27 28 29 30 31 32 33 34 35 36 37 38 39 40 41 42 43 44
(7,*) 0 1 2 3 4 5 6 8 9 10 11 12 13 26 27 28 29 30 31 32 33 34 35 36 37 38 39 40 41 42 43 44
(8,*) 0 1 2 3 4 5 6 7 9 10 11 12 13 26 27 28 29 30 31 32 33 34 35 36 37 38 39 40 41 42 43 44
(9,*) 0 1 2 3 4 5 6 7 8 10 11 12 13 26 27 28 29 30 31 32 33 34 35 36 37 38 39 40 41 42 43 44
(10,*) 0 1 2 3 4 5 6 7 8 9 11 12 13 26 27 28 29 30 31 32 33 34 35 36 37 38 39 40 41 42 43 44
(11,*) 0 1 2 3 4 5 6 7 8 9 10 12 13 26 27 28 29 30 31 32 33 34 35 36 37 38 39 40 41 42 43 44
(12,*) 0 1 2 3 4 5 6 7 8 9 10 11 13 26 27 28 29 30 31 32 33 34 35 36 37 38 39 40 41 42 43 44
(13,*) 0 1 2 3 4 5 6 7 8 9 10 11 12 26 27 28 29 30 31 32 33 34 35 36 37 38 39 40 41 42 43 44
(26,*) 0 1 2 3 4 5 6 7 8 9 10 11 12 13 27 28 29 30 31 32 33 34 35 36 37 38 39 40 41 42 43 44
(27,*) 0 1 2 3 4 5 6 7 8 9 10 11 12 13 26 28 29 30 31 32 33 34 35 36 37 38 39 40 41 42 43 44
(28,*) 0 1 2 3 4 5 6 7 8 9 10 11 12 13 26 27 29 30 31 32 33 34 35 36 37 38 39 40 41 42 43 44
(29,*) 0 1 2 3 4 5 6 7 8 9 10 11 12 13 26 27 28 30 31 32 33 34 35 36 37 38 39 40 41 42 43 44
(30,*) 0 1 2 3 4 5 6 7 8 9 10 11 12 13 26 27 28 29 31 32 33 34 35 36 37 38 39 40 41 42 43 44
(31,*) 0 1 2 3 4 5 6 7 8 9 10 11 12 13 26 27 28 29 30 32 33 34 35 36 37 38 39 40 41 42 43 44
(32,*) 0 1 2 3 4 5 6 7 8 9 10 11 12 13 26 27 28 29 30 31 33 34 35 36 37 38 39 40 41 42 43 44
(33,*) 0 1 2 3 4 5 6 7 8 9 10 11 12 13 26 27 28 29 30 31 32 34 35 36 37 38 39 40 41 42 43 44
(34,*) 0 1 2 3 4 5 6 7 8 9 10 11 12 13 26 27 28 29 30 31 32 33 35 36 37 38 39 40 41 42 43 44
(35,*) 0 1 2 3 4 5 6 7 8 9 10 11 12 13 26 27 28 29 30 31 32 33 34 36 37 38 39 40 41 42 43 44
(36,*) 0 1 2 3 4 5 6 7 8 9 10 11 12 13 26 27 28 29 30 31 32 33 34 35 37 38 39 40 41 42 43 44
(37,*) 0 1 2 3 4 5 6 7 8 9 10 11 12 13 26 27 28 29 30 31 32 33 34 35 36 38 39 40 41 42 43 44
(38,*) 0 1 2 3 4 5 6 7 8 9 10 11 12 13 26 27 28 29 30 31 32 33 34 35 36 37 39 40 41 42 43 44
(39,*) 0 1 2 3 4 5 6 7 8 9 10 11 12 13 26 27 28 29 30 31 32 33 34 35 36 37 38 40 41 42 43 44
(40,*) 0 1 2 3 4 5 6 7 8 9 10 11 12 13 26 27 28 29 30 31 32 33 34 35 36 37 38 39 41 42 43 44
(41,*) 0 1 2 3 4 5 6 7 8 9 10 11 12 13 26 27 28 29 30 31 32 33 34 35 36 37 38 39 40 42 43 44
(42,*) 0 1 2 3 4 5 6 7 8 9 10 11 12 13 26 27 28 29 30 31 32 33 34 35 36 37 38 39 40 41 43 44
(43,*) 0 1 2 3 4 5 6 7 8 9 10 11 12 13 26 27 28 29 30 31 32 33 34 35 36 37 38 39 40 41 42 44
(44,*) 0 1 2 3 4 5 6 7 8 9 10 11 12 13 26 27 28 29 30 31 32 33 34 35 36 37 38 39 40 41 42 43
;
param BigM:=99999;
param n:= 5;
param d:=
1	5
2	12
3	19
4	17
5	9
6	5
7	9
8	20
9	21
10	12
11	3
12	13
13	14
14	11
15	1
16	5
17	13
18	19
19	8
20	12
21	13
22	4
23	25
24	7
25	14
26	12
27	8
28	12
29	18
30	23
31	8
32	25
33	13
34	26
35	19
36	2
37	24
;
param Q:=100;
param e:
	38	39	40	41	42	43	44:=
14	1	0	0	0	0	0	1	
15	1	1	0	0	0	1	0	
16	0	1	0	1	0	0	0	
17	1	1	0	0	0	0	1	
18	0	1	1	1	1	0	0	
19	0	1	0	0	0	0	1	
20	1	0	0	1	0	0	0	
21	0	1	0	1	0	0	0	
22	1	1	1	0	1	1	0	
23	0	1	0	1	0	0	0	
24	1	1	0	0	1	0	0	
25	1	0	0	0	1	0	0	
26	0	1	0	0	0	0	1	
27	1	1	0	0	1	0	0	
28	0	1	0	1	0	0	0	
29	1	1	0	0	0	0	1	
30	0	1	1	1	0	1	1	
31	1	1	1	1	1	1	1	
32	1	0	0	0	0	0	1	
33	0	1	0	0	1	0	0	
34	1	1	0	1	0	0	0	
35	0	1	1	1	1	1	0	
36	0	1	0	1	0	0	0	
37	1	1	1	1	1	1	0	
;
param p:=
1	3
2	3
3	3
4	3
5	3
;
param G:=
38	91
39	75
40	95
41	83
42	94
43	94
44	74
;
param s:=
0	0
1	10
2	10
3	10
4	10
5	10
6	10
7	10
8	10
9	10
10	10
11	10
12	10
13	10
26	10
27	10
28	10
29	10
30	10
31	10
32	10
33	10
34	10
35	10
36	10
37	10
38	10
39	10
40	10
41	10
42	10
43	10
44	10
;
param t:
	0	1	2	3	4	5	6	7	8	9	10	11	12	13	14	15	16	17	18	19	20	21	22	23	24	25	26	27	28	29	30	31	32	33	34	35	36	37	38	39	40	41	42	43	44:=
0	0.0	16.12	43.86	38.47	8.49	73.59	32.56	24.33	47.71	53.85	53.67	22.36	55.57	32.06	38.47	59.67	26.68	42.52	31.11	6.32	60.83	52.35	35.44	37.95	42.76	48.66	71.69	69.86	75.29	43.86	16.12	30.46	59.09	32.56	28.28	41.62	42.19	41.23	56.36	53.24	20.81	32.25	28.18	27.78	14.32
1	16.12	0.0	57.2	36.06	10.77	86.56	46.04	32.8	60.93	52.15	67.68	31.62	51.42	16.49	52.5	67.08	10.77	30.53	44.94	10.0	74.4	58.31	51.42	47.2	58.86	64.78	80.99	76.97	87.73	58.24	17.89	41.04	73.38	17.89	40.25	53.81	38.47	54.04	70.52	49.82	33.84	39.45	43.66	39.7	20.62
2	43.86	57.2	0.0	48.04	52.35	29.73	11.31	27.2	58.86	53.14	58.82	55.71	60.17	68.88	50.16	30.53	67.68	86.28	12.81	49.52	17.2	31.24	22.36	18.44	26.83	30.0	34.06	38.63	31.62	50.99	42.05	18.44	60.93	67.23	52.95	6.32	52.15	4.0	59.81	57.01	23.43	26.0	19.65	17.89	37.59
3	38.47	36.06	48.04	0.0	41.76	70.88	41.23	24.17	83.45	16.12	87.86	60.83	17.2	34.93	73.54	40.0	40.79	63.56	41.76	37.95	62.51	30.0	57.27	30.07	65.39	70.94	56.04	48.08	70.23	77.9	22.36	30.59	92.46	31.3	66.03	42.0	4.47	44.05	90.14	14.76	34.48	22.09	47.85	33.53	25.0
4	8.49	10.77	52.35	41.76	0.0	82.07	41.04	31.62	50.16	57.72	56.92	21.26	58.31	27.2	41.76	67.05	20.0	34.06	39.6	4.0	69.31	59.23	43.08	45.69	50.0	55.79	79.62	77.2	83.74	47.54	20.1	38.47	62.64	28.64	29.53	50.0	44.94	49.68	59.77	56.3	29.21	39.29	36.36	36.06	20.22
5	73.59	86.56	29.73	70.88	82.07	0.0	41.04	54.92	80.62	70.11	78.03	84.12	78.23	97.1	73.76	36.22	96.83	115.97	42.52	79.2	13.42	44.05	46.82	42.05	46.69	46.04	25.06	36.77	4.47	72.69	70.46	46.04	78.1	95.02	79.85	32.8	74.22	32.56	78.01	75.33	53.04	50.99	48.02	46.86	66.4
6	32.56	46.04	11.31	41.23	41.04	41.04	0.0	18.0	53.14	49.4	54.59	45.61	55.46	58.31	43.68	34.93	56.6	74.97	2.0	38.21	28.43	32.25	18.44	15.62	25.61	30.53	42.43	44.41	42.8	45.69	31.62	10.77	57.69	56.92	44.05	10.2	45.61	8.94	56.08	52.33	12.21	19.7	11.4	8.0	26.93
7	24.33	32.8	27.2	24.17	31.62	54.92	18.0	0.0	61.61	35.38	65.12	44.41	40.0	42.19	51.61	35.44	42.43	63.25	18.11	27.86	43.86	28.07	33.11	14.42	41.23	46.82	48.37	45.61	55.61	55.32	15.62	8.94	69.31	40.25	46.82	22.36	28.64	23.41	67.18	37.01	10.63	8.0	23.71	10.0	12.21
8	47.71	60.93	58.86	83.45	50.16	80.62	53.14	61.61	0.0	96.83	8.25	30.59	100.5	77.25	10.0	87.93	68.96	72.03	51.26	51.88	68.12	85.09	36.5	68.03	34.06	34.93	92.78	97.02	84.38	8.0	62.48	60.83	14.14	78.79	20.88	62.1	87.68	59.67	11.18	97.74	51.31	68.26	41.79	56.36	58.73
9	53.85	52.15	53.14	16.12	57.72	70.11	49.4	35.38	96.83	0.0	100.5	76.16	8.25	49.48	86.83	34.93	56.32	78.92	50.48	53.85	64.5	26.08	67.2	34.93	74.89	79.92	50.6	40.25	68.47	90.69	37.95	38.83	104.65	45.61	80.62	46.82	14.14	49.4	102.55	5.83	45.97	30.0	58.26	42.8	39.81
10	53.67	67.68	58.82	87.86	56.92	78.03	54.59	65.12	8.25	100.5	0.0	38.21	104.69	84.12	15.23	88.77	76.16	80.1	52.84	58.31	66.12	86.83	36.77	69.97	32.56	32.0	92.2	97.41	82.0	10.0	67.68	63.25	6.0	85.44	28.28	62.77	92.2	60.17	3.0	101.83	54.56	71.22	43.57	58.82	63.6
11	22.36	31.62	55.71	60.83	21.26	84.12	45.61	44.41	30.59	76.16	38.21	0.0	77.9	47.41	24.08	78.1	38.63	42.76	43.68	24.08	70.71	72.11	38.42	56.04	42.52	47.2	87.86	88.2	86.76	30.07	38.47	48.04	44.18	49.4	10.0	55.79	64.5	54.41	41.19	75.59	37.05	52.35	36.25	44.18	36.4
12	55.57	51.42	60.17	17.2	58.31	78.23	55.46	40.0	100.5	8.25	104.69	77.9	0.0	46.17	90.55	43.17	54.04	76.11	56.36	54.63	72.25	34.23	72.72	41.76	80.62	85.88	58.82	48.33	76.66	94.76	39.45	44.72	109.12	42.19	83.23	53.85	13.42	56.32	106.89	3.16	50.61	35.78	63.51	48.37	42.2
13	32.06	16.49	68.88	34.93	27.2	97.1	58.31	42.19	77.25	49.48	84.12	47.41	46.17	0.0	68.96	72.47	10.0	30.0	57.58	26.31	85.88	62.8	66.48	55.61	74.24	80.22	87.73	81.61	97.65	74.73	26.83	51.11	89.84	4.0	56.46	64.5	35.44	65.3	86.98	45.54	46.49	46.86	58.05	50.99	31.38
14	38.47	52.5	50.16	73.54	41.76	73.76	43.68	51.61	10.0	86.83	15.23	24.08	90.55	68.96	0.0	78.59	61.19	66.75	41.76	43.08	60.83	75.39	28.0	58.31	27.2	29.53	84.21	87.86	77.28	6.0	52.8	50.99	20.88	70.23	14.14	52.95	77.79	50.64	18.03	87.78	41.34	58.31	32.28	46.52	48.92
15	59.67	67.08	30.53	40.0	67.05	36.22	34.93	35.44	87.93	34.93	88.77	78.1	43.17	72.47	78.59	0.0	75.47	97.53	36.88	63.25	34.0	10.0	52.0	22.09	57.31	60.46	16.12	10.2	34.0	80.32	49.19	30.07	91.24	69.43	78.23	26.0	42.19	28.64	89.96	40.52	41.05	27.86	46.32	34.0	47.17
16	26.68	10.77	67.68	40.79	20.0	96.83	56.6	42.43	68.96	56.32	76.16	38.63	54.04	10.0	61.19	75.47	0.0	22.8	55.57	20.4	84.88	66.24	62.1	56.64	69.43	75.31	90.0	85.09	97.84	67.08	26.91	50.99	82.0	13.42	48.08	64.03	42.19	64.4	79.08	53.01	44.42	48.41	54.42	50.0	30.48
17	42.52	30.53	86.28	63.56	34.06	115.97	74.97	63.25	72.03	78.92	80.1	42.76	76.11	30.0	66.75	97.53	22.8	0.0	73.59	36.77	103.32	88.57	76.16	77.67	82.29	87.73	111.52	107.33	117.46	72.69	48.37	71.22	86.09	34.0	52.61	83.55	64.78	83.45	83.1	75.33	62.94	69.97	70.21	69.43	51.04
18	31.11	44.94	12.81	41.76	39.6	42.52	2.0	18.11	51.26	50.48	52.84	43.68	56.36	57.58	41.76	36.88	55.57	73.59	0.0	36.88	29.73	34.0	16.97	17.2	24.41	29.53	44.41	46.39	44.41	43.86	31.05	11.66	56.04	56.32	42.05	12.17	46.17	10.77	54.38	53.24	11.18	20.59	9.49	8.25	26.25
19	6.32	10.0	49.52	37.95	4.0	79.2	38.21	27.86	51.88	53.85	58.31	24.08	54.63	26.31	43.08	63.25	20.4	36.77	36.88	0.0	66.6	55.32	41.76	42.05	49.03	54.92	76.03	73.38	80.72	48.7	16.12	34.99	63.91	27.2	31.62	46.86	41.23	46.69	61.1	52.55	26.17	35.44	34.44	32.8	16.28
20	60.83	74.4	17.2	62.51	69.31	13.42	28.43	43.86	68.12	64.5	66.12	70.71	72.25	85.88	60.83	34.0	84.88	103.32	29.73	66.6	0.0	39.29	33.53	32.56	34.06	34.23	28.84	38.21	16.49	60.13	59.06	34.93	66.75	84.1	66.48	21.54	66.27	20.59	66.37	69.18	40.61	41.23	34.67	34.99	54.71
21	52.35	58.31	31.24	30.0	59.23	44.05	32.25	28.07	85.09	26.08	86.83	72.11	34.23	62.8	75.39	10.0	66.24	88.57	34.0	55.32	39.29	0.0	50.48	17.09	56.85	60.83	26.08	18.87	42.43	77.82	40.5	24.74	89.89	59.67	73.35	25.46	32.25	28.28	88.32	31.4	35.51	20.1	43.38	29.12	39.05
22	35.44	51.42	22.36	57.27	43.08	46.82	18.44	33.11	36.5	67.2	36.77	38.42	72.72	66.48	28.0	52.0	62.1	76.16	16.97	41.76	33.53	50.48	0.0	34.06	8.25	14.14	56.32	60.73	50.0	28.64	42.19	28.43	39.45	66.12	33.11	26.0	61.74	23.41	38.01	69.64	23.09	37.2	9.49	24.41	37.22
23	37.95	47.2	18.44	30.07	45.69	42.05	15.62	14.42	68.03	34.93	69.97	56.04	41.76	55.61	58.31	22.09	56.64	77.67	17.2	42.05	32.56	17.09	34.06	0.0	41.04	45.61	34.0	32.25	42.19	60.83	29.73	8.0	73.24	53.25	56.57	12.17	34.0	14.56	71.56	38.6	19.0	8.94	26.42	12.17	26.63
24	42.76	58.86	26.83	65.39	50.0	46.69	25.61	41.23	34.06	74.89	32.56	42.52	80.62	74.24	27.2	57.31	69.43	82.29	24.41	49.03	34.06	56.85	8.25	41.04	0.0	6.0	59.67	65.39	50.36	26.08	50.36	36.06	34.18	74.03	35.61	31.62	69.86	28.84	33.24	77.52	31.32	44.94	17.72	32.25	45.4
25	48.66	64.78	30.0	70.94	55.79	46.04	30.53	46.82	34.93	79.92	32.0	47.2	85.88	80.22	29.53	60.46	75.31	87.73	29.53	54.92	34.23	60.83	14.14	45.61	6.0	0.0	61.35	68.0	50.0	27.2	56.32	41.18	32.56	80.02	39.6	35.38	75.39	32.56	32.14	82.76	37.11	50.12	23.54	37.58	51.35
26	71.69	80.99	34.06	56.04	79.62	25.06	42.43	48.37	92.78	50.6	92.2	87.86	58.82	87.73	84.21	16.12	90.0	111.52	44.41	76.03	28.84	26.08	56.32	34.0	59.67	61.35	0.0	12.17	21.54	84.85	63.25	41.23	93.68	84.85	86.37	32.25	58.31	34.06	92.89	56.3	51.55	41.62	53.08	44.27	60.54
27	69.86	76.97	38.63	48.08	77.2	36.77	44.41	45.61	97.02	40.25	97.41	88.2	48.33	81.61	87.86	10.2	85.09	107.33	46.39	73.38	38.21	18.87	60.73	32.25	65.39	68.0	12.17	0.0	33.53	89.29	59.09	40.2	99.54	78.41	88.09	34.93	49.68	37.36	98.43	46.07	51.16	37.95	55.73	44.05	57.25
28	75.29	87.73	31.62	70.23	83.74	4.47	42.8	55.61	84.38	68.47	82.0	86.76	76.66	97.65	77.28	34.0	97.84	117.46	44.41	80.72	16.49	42.43	50.0	42.19	50.36	50.0	21.54	33.53	0.0	76.42	71.22	46.86	82.22	95.41	82.87	33.94	73.38	34.06	82.05	73.82	54.56	51.11	50.54	48.08	67.36
29	43.86	58.24	50.99	77.9	47.54	72.69	45.69	55.32	8.0	90.69	10.0	30.07	94.76	74.73	6.0	80.32	67.08	72.69	43.86	48.7	60.13	77.82	28.64	60.83	26.08	27.2	84.85	89.29	76.42	0.0	57.69	53.85	15.23	75.89	20.1	54.41	82.22	51.92	12.53	91.92	44.82	61.61	34.44	49.4	53.6
30	16.12	17.89	42.05	22.36	20.1	70.46	31.62	15.62	62.48	37.95	67.68	38.47	39.45	26.83	52.8	49.19	26.91	48.37	31.05	16.12	59.06	40.5	42.19	29.73	50.36	56.32	63.25	59.09	71.22	57.69	0.0	24.41	72.72	25.3	44.05	37.74	26.08	38.47	70.18	37.12	20.22	21.63	33.02	24.17	5.0
31	30.46	41.04	18.44	30.59	38.47	46.04	10.77	8.94	60.83	38.83	63.25	48.04	44.72	51.11	50.99	30.07	50.99	71.22	11.66	34.99	34.93	24.74	28.43	8.0	36.06	41.18	41.23	40.2	46.86	53.85	24.41	0.0	66.84	49.19	48.66	13.42	34.93	14.56	65.0	41.59	11.0	8.94	19.85	4.47	20.52
32	59.09	73.38	60.93	92.46	62.64	78.1	57.69	69.31	14.14	104.65	6.0	44.18	109.12	89.84	20.88	91.24	82.0	86.09	56.04	63.91	66.75	89.89	39.45	73.24	34.18	32.56	93.68	99.54	82.22	15.23	72.72	66.84	0.0	91.08	34.23	65.3	96.83	62.61	3.0	106.22	58.69	75.07	47.01	62.48	68.51
33	32.56	17.89	67.23	31.3	28.64	95.02	56.92	40.25	78.79	45.61	85.44	49.4	42.19	4.0	70.23	69.43	13.42	34.0	56.32	27.2	84.1	59.67	66.12	53.25	74.03	80.02	84.85	78.41	95.41	75.89	25.3	49.19	91.08	0.0	58.14	62.61	31.62	63.56	88.26	41.59	45.35	44.41	57.43	49.4	30.08
34	28.28	40.25	52.95	66.03	29.53	79.85	44.05	46.82	20.88	80.62	28.28	10.0	83.23	56.46	14.14	78.23	48.08	52.61	42.05	31.62	66.48	73.35	33.11	56.57	35.61	39.6	86.37	88.09	82.87	20.1	44.05	48.66	34.23	58.14	0.0	54.15	70.0	52.35	31.26	80.71	37.85	54.41	33.38	44.41	41.05
35	41.62	53.81	6.32	42.0	50.0	32.8	10.2	22.36	62.1	46.82	62.77	55.79	53.85	64.5	52.95	26.0	64.03	83.55	12.17	46.86	21.54	25.46	26.0	12.17	31.62	35.38	32.25	34.93	33.94	54.41	37.74	13.42	65.3	62.61	54.15	0.0	46.04	2.83	63.98	50.7	20.81	20.1	21.02	14.14	33.6
36	42.19	38.47	52.15	4.47	44.94	74.22	45.61	28.64	87.68	14.14	92.2	64.5	13.42	35.44	77.79	42.19	42.19	64.78	46.17	41.23	66.27	32.25	61.74	34.0	69.86	75.39	58.31	49.68	73.38	82.22	26.08	34.93	96.83	31.62	70.0	46.04	0.0	48.17	94.49	11.4	38.95	26.31	52.33	37.95	29.07
37	41.23	54.04	4.0	44.05	49.68	32.56	8.94	23.41	59.67	49.4	60.17	54.41	56.32	65.3	50.64	28.64	64.4	83.45	10.77	46.69	20.59	28.28	23.41	14.56	28.84	32.56	34.06	37.36	34.06	51.92	38.47	14.56	62.61	63.56	52.35	2.83	48.17	0.0	61.33	53.16	20.52	22.0	19.03	14.42	34.13
38	56.36	70.52	59.81	90.14	59.77	78.01	56.08	67.18	11.18	102.55	3.0	41.19	106.89	86.98	18.03	89.96	79.08	83.1	54.38	61.1	66.37	88.32	38.01	71.56	33.24	32.14	92.89	98.43	82.05	12.53	70.18	65.0	3.0	88.26	31.26	63.98	94.49	61.33	0.0	104.0	56.59	73.11	45.22	60.61	66.03
39	53.24	49.82	57.01	14.76	56.3	75.33	52.33	37.01	97.74	5.83	101.83	75.59	3.16	45.54	87.78	40.52	53.01	75.33	53.24	52.55	69.18	31.4	69.64	38.6	77.52	82.76	56.3	46.07	73.82	91.92	37.12	41.59	106.22	41.59	80.71	50.7	11.4	53.16	104.0	0.0	47.63	32.65	60.46	45.28	39.66
40	20.81	33.84	23.43	34.48	29.21	53.04	12.21	10.63	51.31	45.97	54.56	37.05	50.61	46.49	41.34	41.05	44.42	62.94	11.18	26.17	40.61	35.51	23.09	19.0	31.32	37.11	51.55	51.16	54.56	44.82	20.22	11.0	58.69	45.35	37.85	20.81	38.95	20.52	56.59	47.63	0.0	17.0	13.6	7.28	15.3
41	32.25	39.45	26.0	22.09	39.29	50.99	19.7	8.0	68.26	30.0	71.22	52.35	35.78	46.86	58.31	27.86	48.41	69.97	20.59	35.44	41.23	20.1	37.2	8.94	44.94	50.12	41.62	37.95	51.11	61.61	21.63	8.94	75.07	44.41	54.41	20.1	26.31	22.0	73.11	32.65	17.0	0.0	28.32	12.81	19.31
42	28.18	43.66	19.65	47.85	36.36	48.02	11.4	23.71	41.79	58.26	43.57	36.25	63.51	58.05	32.28	46.32	54.42	70.21	9.49	34.44	34.67	43.38	9.49	26.42	17.72	23.54	53.08	55.73	50.54	34.44	33.02	19.85	47.01	57.43	33.38	21.02	52.33	19.03	45.22	60.46	13.6	28.32	0.0	15.56	28.02
43	27.78	39.7	17.89	33.53	36.06	46.86	8.0	10.0	56.36	42.8	58.82	44.18	48.37	50.99	46.52	34.0	50.0	69.43	8.25	32.8	34.99	29.12	24.41	12.17	32.25	37.58	44.27	44.05	48.08	49.4	24.17	4.47	62.48	49.4	44.41	14.14	37.95	14.42	60.61	45.28	7.28	12.81	15.56	0.0	19.72
44	14.32	20.62	37.59	25.0	20.22	66.4	26.93	12.21	58.73	39.81	63.6	36.4	42.2	31.38	48.92	47.17	30.48	51.04	26.25	16.28	54.71	39.05	37.22	26.63	45.4	51.35	60.54	57.25	67.36	53.6	5.0	20.52	68.51	30.08	41.05	33.6	29.07	34.13	66.03	39.66	15.3	19.31	28.02	19.72	0.0
;
