set K:= 1	2	3	4	5;
set C_H:= 1	2	3	4	5	6	7	8	9	10	11;
set C_S:= 12	13	14	15	16	17	18	19	20	21;
set C_F:= 22	23	24	25	26	27	28	29	30	31;
set M:= 32	33;
set M_B:= 34	35;
set L_B:= 36	37	38	39	40;
set A1:=
(0,*) 1 2 3 4 5 6 7 8 9 10 11 22 23 24 25 26 27 28 29 30 31 32 33 34 35 36 37 38 39 40
(1,*) 0 2 3 4 5 6 7 8 9 10 11 22 23 24 25 26 27 28 29 30 31 32 33 34 35 36 37 38 39 40
(2,*) 0 1 3 4 5 6 7 8 9 10 11 22 23 24 25 26 27 28 29 30 31 32 33 34 35 36 37 38 39 40
(3,*) 0 1 2 4 5 6 7 8 9 10 11 22 23 24 25 26 27 28 29 30 31 32 33 34 35 36 37 38 39 40
(4,*) 0 1 2 3 5 6 7 8 9 10 11 22 23 24 25 26 27 28 29 30 31 32 33 34 35 36 37 38 39 40
(5,*) 0 1 2 3 4 6 7 8 9 10 11 22 23 24 25 26 27 28 29 30 31 32 33 34 35 36 37 38 39 40
(6,*) 0 1 2 3 4 5 7 8 9 10 11 22 23 24 25 26 27 28 29 30 31 32 33 34 35 36 37 38 39 40
(7,*) 0 1 2 3 4 5 6 8 9 10 11 22 23 24 25 26 27 28 29 30 31 32 33 34 35 36 37 38 39 40
(8,*) 0 1 2 3 4 5 6 7 9 10 11 22 23 24 25 26 27 28 29 30 31 32 33 34 35 36 37 38 39 40
(9,*) 0 1 2 3 4 5 6 7 8 10 11 22 23 24 25 26 27 28 29 30 31 32 33 34 35 36 37 38 39 40
(10,*) 0 1 2 3 4 5 6 7 8 9 11 22 23 24 25 26 27 28 29 30 31 32 33 34 35 36 37 38 39 40
(11,*) 0 1 2 3 4 5 6 7 8 9 10 22 23 24 25 26 27 28 29 30 31 32 33 34 35 36 37 38 39 40
(22,*) 0 1 2 3 4 5 6 7 8 9 10 11 23 24 25 26 27 28 29 30 31 32 33 34 35 36 37 38 39 40
(23,*) 0 1 2 3 4 5 6 7 8 9 10 11 22 24 25 26 27 28 29 30 31 32 33 34 35 36 37 38 39 40
(24,*) 0 1 2 3 4 5 6 7 8 9 10 11 22 23 25 26 27 28 29 30 31 32 33 34 35 36 37 38 39 40
(25,*) 0 1 2 3 4 5 6 7 8 9 10 11 22 23 24 26 27 28 29 30 31 32 33 34 35 36 37 38 39 40
(26,*) 0 1 2 3 4 5 6 7 8 9 10 11 22 23 24 25 27 28 29 30 31 32 33 34 35 36 37 38 39 40
(27,*) 0 1 2 3 4 5 6 7 8 9 10 11 22 23 24 25 26 28 29 30 31 32 33 34 35 36 37 38 39 40
(28,*) 0 1 2 3 4 5 6 7 8 9 10 11 22 23 24 25 26 27 29 30 31 32 33 34 35 36 37 38 39 40
(29,*) 0 1 2 3 4 5 6 7 8 9 10 11 22 23 24 25 26 27 28 30 31 32 33 34 35 36 37 38 39 40
(30,*) 0 1 2 3 4 5 6 7 8 9 10 11 22 23 24 25 26 27 28 29 31 32 33 34 35 36 37 38 39 40
(31,*) 0 1 2 3 4 5 6 7 8 9 10 11 22 23 24 25 26 27 28 29 30 32 33 34 35 36 37 38 39 40
(32,*) 0 1 2 3 4 5 6 7 8 9 10 11 22 23 24 25 26 27 28 29 30 31 33 34 35 36 37 38 39 40
(33,*) 0 1 2 3 4 5 6 7 8 9 10 11 22 23 24 25 26 27 28 29 30 31 32 34 35 36 37 38 39 40
(34,*) 0 1 2 3 4 5 6 7 8 9 10 11 22 23 24 25 26 27 28 29 30 31 32 33 35 36 37 38 39 40
(35,*) 0 1 2 3 4 5 6 7 8 9 10 11 22 23 24 25 26 27 28 29 30 31 32 33 34 36 37 38 39 40
(36,*) 0 1 2 3 4 5 6 7 8 9 10 11 22 23 24 25 26 27 28 29 30 31 32 33 34 35 37 38 39 40
(37,*) 0 1 2 3 4 5 6 7 8 9 10 11 22 23 24 25 26 27 28 29 30 31 32 33 34 35 36 38 39 40
(38,*) 0 1 2 3 4 5 6 7 8 9 10 11 22 23 24 25 26 27 28 29 30 31 32 33 34 35 36 37 39 40
(39,*) 0 1 2 3 4 5 6 7 8 9 10 11 22 23 24 25 26 27 28 29 30 31 32 33 34 35 36 37 38 40
(40,*) 0 1 2 3 4 5 6 7 8 9 10 11 22 23 24 25 26 27 28 29 30 31 32 33 34 35 36 37 38 39
;
set A2:=
(32,*) 33
(33,*) 32
;
param BigM:=99999;
param n:= 5;
param d:=
1	21
2	19
3	12
4	21
5	16
6	22
7	18
8	19
9	24
10	8
11	9
12	19
13	6
14	7
15	6
16	16
17	8
18	1
19	2
20	15
21	2
22	16
23	14
24	3
25	12
26	4
27	8
28	24
29	24
30	20
31	14
;
param Q:=100;
param w:=
[32,*] 33 0.1
[33,*] 32 0.1
;
param V:=
[32,*] 33 93
[33,*] 32 93
;
param e:
	32	33	34	35	36	37	38	39	40:=
12		0		0		0		0		0		1		0		0		0	
13		0		1		0		1		0		0		0		0		0	
14		1		0		1		0		0		0		0		0		0	
15		0		1		0		1		0		0		0		0		0	
16		0		1		0		1		0		0		1		0		0	
17		0		0		0		0		0		0		1		0		0	
18		0		1		0		1		0		0		0		0		0	
19		0		0		0		0		0		1		0		0		0	
20		0		1		0		1		0		0		0		0		0	
21		0		0		0		0		1		0		1		1		0	
22		0		0		0		0		0		1		0		0		0	
23		0		1		0		1		0		0		0		0		0	
24		0		0		0		0		1		1		0		0		0	
25		0		1		0		1		0		0		0		0		0	
26		0		0		0		0		0		0		1		1		0	
27		0		1		0		1		0		0		0		0		0	
28		0		0		0		0		1		1		0		0		0	
29		1		0		1		0		0		0		0		0		0	
30		1		0		1		0		1		0		0		0		0	
31		1		0		1		0		0		0		0		0		0	
;
param p:=
1	3
2	3
3	3
4	3
5	3
;
param G:=
32	82
33	93
34	82
35	93
36	92
37	85
38	81
39	97
40	100
;
param s:=
0	0
1	10
2	10
3	10
4	10
5	10
6	10
7	10
8	10
9	10
10	10
11	10
22	10
23	10
24	10
25	10
26	10
27	10
28	10
29	10
30	10
31	10
32	10
33	10
34	10
35	10
36	10
37	10
38	10
39	10
40	10
;
param t:
	0	1	2	3	4	5	6	7	8	9	10	11	12	13	14	15	16	17	18	19	20	21	22	23	24	25	26	27	28	29	30	31	32	33	34	35	36	37	38	39	40:=
0	0.0	77.88	97.58	51.88	28.84	51.04	81.74	25.71	74.55	73.82	36.24	72.78	34.93	75.58	54.57	85.6	88.14	79.23	76.84	21.1	84.86	62.29	37.05	101.41	27.02	64.03	84.17	78.03	25.24	75.96	25.96	16.28	20.81	83.49	20.81	83.49	40.82	43.93	61.68	60.22	56.01
1	77.88	0.0	37.05	26.25	67.18	39.45	77.47	59.67	41.11	43.05	88.0	48.0	60.31	3.16	86.59	40.71	58.82	90.21	41.11	58.31	28.79	71.59	48.08	45.28	55.11	48.84	58.26	8.94	58.05	100.72	64.38	65.19	84.34	26.93	84.34	26.93	50.09	38.12	56.36	39.81	130.73
2	97.58	37.05	0.0	50.54	96.18	73.25	59.23	86.95	78.16	80.1	93.62	85.02	90.87	36.01	83.55	17.03	33.84	75.66	25.71	82.42	12.81	63.39	77.88	8.54	70.77	85.29	35.9	29.07	73.0	90.09	76.03	89.4	96.25	14.42	96.25	14.42	58.82	53.81	49.24	39.45	142.3
3	51.88	26.25	50.54	0.0	45.65	26.48	66.89	36.62	43.28	44.2	63.51	47.17	40.5	23.77	65.74	44.41	56.72	75.69	39.05	33.3	38.08	55.17	27.51	56.65	29.15	43.08	54.34	26.4	32.14	83.01	39.01	40.36	58.42	36.25	58.42	36.25	27.31	13.93	42.2	27.31	104.56
4	28.84	67.18	96.18	45.65	0.0	30.41	97.87	10.05	50.49	49.25	63.13	47.0	8.25	65.86	78.29	88.54	96.88	99.62	81.49	18.25	83.63	80.05	19.1	102.04	37.66	38.0	93.54	70.6	38.33	99.73	44.38	15.26	48.84	81.84	48.84	81.84	51.09	45.89	74.06	65.92	81.79
5	51.04	39.45	73.25	26.48	30.41	0.0	92.14	26.31	24.04	23.77	76.03	24.41	22.47	38.91	84.39	70.01	83.19	99.05	65.38	30.27	61.81	78.24	14.0	80.41	41.05	17.8	80.81	44.94	43.57	103.97	51.62	35.01	65.8	59.84	65.8	59.84	47.63	35.85	67.08	53.45	107.04
6	81.74	77.47	59.23	66.89	97.87	92.14	0.0	88.12	109.86	110.94	56.44	114.06	97.29	74.52	36.88	43.01	26.02	17.12	37.59	79.63	54.63	19.65	86.98	55.15	60.3	109.59	23.35	69.4	60.07	32.98	56.14	84.15	68.01	55.46	68.01	55.46	47.07	56.46	25.08	40.0	104.35
7	25.71	59.67	86.95	36.62	10.05	26.31	88.12	0.0	49.09	48.26	56.64	47.07	10.63	58.05	70.18	78.77	86.83	90.48	71.57	8.94	74.3	70.6	12.65	92.57	28.16	38.33	83.49	62.29	29.15	91.42	35.85	9.49	43.57	72.56	43.57	72.56	41.19	35.9	64.12	55.9	81.3
8	74.55	41.11	78.16	43.28	50.49	24.04	109.86	49.09	0.0	2.24	99.81	7.62	42.3	42.43	106.83	80.08	96.38	118.93	78.0	54.13	69.23	98.31	37.66	86.37	64.41	13.89	94.85	49.5	67.08	125.5	75.13	58.31	89.84	67.27	89.84	67.27	68.88	55.9	85.43	69.89	130.38
9	73.82	43.05	80.1	44.2	49.25	23.77	110.94	48.26	2.24	0.0	99.74	5.39	41.11	44.28	107.2	81.74	97.86	119.75	79.48	53.6	71.02	99.09	37.11	88.28	64.5	12.08	96.25	51.35	67.12	126.06	75.18	57.56	89.49	69.05	89.49	69.05	69.43	56.57	86.4	71.02	129.56
10	36.24	88.0	93.62	63.51	63.13	76.03	56.44	56.64	99.81	99.74	0.0	100.24	67.21	85.01	21.38	77.83	72.25	48.27	68.43	48.41	82.54	37.8	63.81	94.41	35.74	92.44	68.01	84.38	32.89	41.19	25.0	48.1	15.81	81.91	15.81	81.91	38.12	50.09	46.04	54.71	49.82
11	72.78	48.0	85.02	47.17	47.0	24.41	114.06	47.07	7.62	5.39	100.24	0.0	39.05	49.09	108.71	86.12	101.84	122.29	83.49	53.14	75.66	101.53	36.77	93.13	65.46	9.0	100.09	56.14	67.96	128.0	76.01	56.52	89.32	73.68	89.32	73.68	71.42	58.9	89.31	74.3	128.13
12	34.93	60.31	90.87	40.5	8.25	22.47	97.29	10.63	42.3	41.11	67.21	39.05	0.0	59.2	80.71	84.4	94.13	100.46	77.93	19.42	78.55	80.32	13.0	97.14	38.08	30.07	91.02	64.35	39.36	101.87	46.32	19.42	53.82	76.69	53.82	76.69	50.22	43.01	72.84	63.07	89.27
13	75.58	3.16	36.01	23.77	65.86	38.91	74.52	58.05	42.43	44.28	85.01	49.09	59.2	0.0	83.43	38.48	56.3	87.13	38.42	56.3	26.93	68.45	46.75	44.05	52.39	49.37	55.61	7.07	55.32	97.58	61.52	63.25	81.58	25.0	81.58	25.0	47.04	35.23	53.24	36.67	128.06
14	54.57	86.59	83.55	65.74	78.29	84.39	36.88	70.18	106.83	107.2	21.38	108.71	80.71	83.43	0.0	66.71	56.82	26.93	57.87	61.29	74.24	21.02	74.33	82.57	43.86	101.91	52.77	81.05	41.87	21.54	34.41	63.06	36.01	74.11	36.01	74.11	38.47	51.88	34.37	48.17	67.48
15	85.6	40.71	17.03	44.41	88.54	70.01	43.01	78.77	80.08	81.74	77.83	86.12	84.4	38.48	66.71	0.0	19.21	59.03	9.43	72.92	12.73	46.39	71.59	16.64	58.6	84.59	20.12	31.76	60.44	73.17	62.24	79.61	81.84	14.21	81.84	14.21	45.28	43.38	32.57	25.5	127.09
16	88.14	58.82	33.84	56.72	96.88	83.19	26.02	86.83	96.38	97.86	72.25	101.84	94.13	56.3	56.82	19.21	0.0	43.01	18.38	79.62	31.89	35.85	82.0	29.15	62.3	99.2	4.24	50.0	63.32	58.42	62.65	85.62	79.81	33.24	79.81	33.24	47.76	51.16	27.2	31.06	122.02
17	79.23	90.21	75.66	75.69	99.62	99.05	17.12	90.48	118.93	119.75	48.27	122.29	100.46	87.13	26.93	59.03	43.01	0.0	52.5	81.6	69.92	20.81	91.71	72.03	62.39	116.83	40.05	82.76	61.35	16.16	55.54	84.9	62.29	70.52	62.29	70.52	51.62	63.41	34.21	50.8	92.65
18	76.84	41.11	25.71	39.05	81.49	65.38	37.59	71.57	78.0	79.48	68.43	83.49	77.93	38.42	57.87	9.43	18.38	52.5	0.0	65.19	17.46	38.01	65.38	26.08	49.93	81.02	17.2	32.53	51.61	65.76	53.04	71.69	72.47	18.03	72.47	18.03	36.24	35.74	23.54	16.64	117.66
19	21.1	58.31	82.42	33.3	18.25	30.27	79.63	8.94	54.13	53.6	48.41	53.14	19.42	56.3	61.29	72.92	79.62	81.6	65.19	0.0	69.63	61.85	16.49	87.46	19.42	44.78	76.12	59.67	20.25	82.49	26.93	7.07	36.25	68.01	36.25	68.01	33.0	29.55	56.0	49.04	77.01
20	84.86	28.79	12.81	38.08	83.63	61.81	54.63	74.3	69.23	71.02	82.54	75.66	78.55	26.93	74.24	12.73	31.89	69.92	17.46	69.63	0.0	55.08	65.55	18.68	58.14	75.01	32.45	19.92	60.44	83.19	63.81	76.61	84.22	2.0	84.22	2.0	46.65	41.04	40.01	27.86	130.59
21	62.29	71.59	63.39	55.17	80.05	78.24	19.65	70.6	98.31	99.09	37.8	101.53	80.32	68.45	21.02	46.39	35.85	20.81	38.01	61.85	55.08	0.0	71.11	61.85	42.45	96.02	31.76	64.85	41.77	29.15	37.01	65.76	48.47	55.23	48.47	55.23	30.89	42.64	15.52	31.78	86.98
22	37.05	48.08	77.88	27.51	19.1	14.0	86.98	12.65	37.66	37.11	63.81	36.77	13.0	46.75	74.33	71.59	82.0	91.71	65.38	16.49	65.55	71.11	0.0	84.15	30.48	28.65	79.06	51.61	32.53	94.81	40.36	21.02	52.55	63.69	52.55	63.69	40.31	31.26	62.1	51.04	93.05
23	101.41	45.28	8.54	56.65	102.04	80.41	55.15	92.57	86.37	88.28	94.41	93.13	97.14	44.05	82.57	16.64	29.15	72.03	26.08	87.46	18.68	61.85	84.15	0.0	74.41	93.09	32.0	37.01	76.42	87.09	78.64	94.34	98.41	20.62	98.41	20.62	61.55	58.25	48.85	41.77	143.74
24	27.02	55.11	70.77	29.15	37.66	41.05	60.3	28.16	64.41	64.5	35.74	65.46	38.08	52.39	43.86	58.6	62.3	62.39	49.93	19.42	58.14	42.45	30.48	74.41	0.0	58.26	58.52	53.49	3.0	64.4	10.77	24.02	29.27	56.85	29.27	56.85	14.56	17.89	37.22	33.29	75.69
25	64.03	48.84	85.29	43.08	38.0	17.8	109.59	38.33	13.89	12.08	92.44	9.0	30.07	49.37	101.91	84.59	99.2	116.83	81.02	44.78	75.01	96.02	28.65	93.09	58.26	0.0	97.12	56.22	60.61	121.7	68.6	47.8	81.02	73.01	81.02	73.01	65.44	53.54	84.6	70.38	119.22
26	84.17	58.26	35.9	54.34	93.54	80.81	23.35	83.49	94.85	96.25	68.01	100.09	91.02	55.61	52.77	20.12	4.24	40.05	17.2	76.12	32.45	31.76	79.06	32.0	58.52	97.12	0.0	49.58	59.46	55.15	58.59	82.0	75.6	33.6	75.6	33.6	43.97	48.01	23.02	28.02	117.8
27	78.03	8.94	29.07	26.4	70.6	44.94	69.4	62.29	49.5	51.35	84.38	56.14	64.35	7.07	81.05	31.76	50.0	82.76	32.53	59.67	19.92	64.85	51.61	37.01	53.49	56.22	49.58	0.0	56.3	93.98	61.85	66.71	82.28	18.03	82.28	18.03	46.27	35.74	49.4	33.24	129.03
28	25.24	58.05	73.0	32.14	38.33	43.57	60.07	29.15	67.08	67.12	32.89	67.96	39.36	55.32	41.87	60.44	63.32	61.35	51.61	20.25	60.44	41.77	32.53	76.42	3.0	60.61	59.46	56.3	0.0	62.68	8.06	24.08	26.31	59.2	26.31	59.2	15.65	20.62	37.66	35.0	72.8
29	75.96	100.72	90.09	83.01	99.73	103.97	32.98	91.42	125.5	126.06	41.19	128.0	101.87	97.58	21.54	73.17	58.42	16.16	65.76	82.49	83.19	29.15	94.81	87.09	64.4	121.7	55.15	93.98	62.68	0.0	55.57	84.53	56.72	83.55	56.72	83.55	56.64	69.66	44.6	60.93	80.06
30	25.96	64.38	76.03	39.01	44.38	51.62	56.14	35.85	75.13	75.18	25.0	76.01	46.32	61.52	34.41	62.24	62.65	55.54	53.04	26.93	63.81	37.01	40.36	78.64	10.77	68.6	58.59	61.85	8.06	55.57	0.0	29.41	20.62	62.77	20.62	62.77	17.2	26.31	35.85	36.88	67.42
31	16.28	65.19	89.4	40.36	15.26	35.01	84.15	9.49	58.31	57.56	48.1	56.52	19.42	63.25	63.06	79.61	85.62	84.9	71.69	7.07	76.61	65.76	21.02	94.34	24.02	47.8	82.0	66.71	24.08	84.53	29.41	0.0	34.41	75.0	34.41	75.0	38.33	36.24	61.2	55.36	72.11
32	20.81	84.34	96.25	58.42	48.84	65.8	68.01	43.57	89.84	89.49	15.81	89.32	53.82	81.58	36.01	81.84	79.81	62.29	72.47	36.25	84.22	48.47	52.55	98.41	29.27	81.02	75.6	82.28	26.31	56.72	20.62	34.41	0.0	83.24	0.0	83.24	37.59	46.57	52.63	56.86	46.82
33	83.49	26.93	14.42	36.25	81.84	59.84	55.46	72.56	67.27	69.05	81.91	73.68	76.69	25.0	74.11	14.21	33.24	70.52	18.03	68.01	2.0	55.23	63.69	20.62	56.85	73.01	33.6	18.03	59.2	83.55	62.77	75.0	83.24	0.0	83.24	0.0	45.65	39.6	40.01	27.2	129.71
34	20.81	84.34	96.25	58.42	48.84	65.8	68.01	43.57	89.84	89.49	15.81	89.32	53.82	81.58	36.01	81.84	79.81	62.29	72.47	36.25	84.22	48.47	52.55	98.41	29.27	81.02	75.6	82.28	26.31	56.72	20.62	34.41	0.0	83.24	0.0	83.24	37.59	46.57	52.63	56.86	46.82
35	83.49	26.93	14.42	36.25	81.84	59.84	55.46	72.56	67.27	69.05	81.91	73.68	76.69	25.0	74.11	14.21	33.24	70.52	18.03	68.01	2.0	55.23	63.69	20.62	56.85	73.01	33.6	18.03	59.2	83.55	62.77	75.0	83.24	0.0	83.24	0.0	45.65	39.6	40.01	27.2	129.71
36	40.82	50.09	58.82	27.31	51.09	47.63	47.07	41.19	68.88	69.43	38.12	71.42	50.22	47.04	38.47	45.28	47.76	51.62	36.24	33.0	46.65	30.89	40.31	61.55	14.56	65.44	43.97	46.27	15.65	56.64	17.2	38.33	37.59	45.65	37.59	45.65	0.0	13.42	23.0	19.8	84.17
37	43.93	38.12	53.81	13.93	45.89	35.85	56.46	35.9	55.9	56.57	50.09	58.9	43.01	35.23	51.88	43.38	51.16	63.41	35.74	29.55	41.04	42.64	31.26	58.25	17.89	53.54	48.01	35.74	20.62	69.66	26.31	36.24	46.57	39.6	46.57	39.6	13.42	0.0	31.38	20.1	93.3
38	61.68	56.36	49.24	42.2	74.06	67.08	25.08	64.12	85.43	86.4	46.04	89.31	72.84	53.24	34.37	32.57	27.2	34.21	23.54	56.0	40.01	15.52	62.1	48.85	37.22	84.6	23.02	49.4	37.66	44.6	35.85	61.2	52.63	40.01	52.63	40.01	23.0	31.38	0.0	16.64	95.8
39	60.22	39.81	39.45	27.31	65.92	53.45	40.0	55.9	69.89	71.02	54.71	74.3	63.07	36.67	48.17	25.5	31.06	50.8	16.64	49.04	27.86	31.78	51.04	41.77	33.29	70.38	28.02	33.24	35.0	60.93	36.88	55.36	56.86	27.2	56.86	27.2	19.8	20.1	16.64	0.0	102.88
40	56.01	130.73	142.3	104.56	81.79	107.04	104.35	81.3	130.38	129.56	49.82	128.13	89.27	128.06	67.48	127.09	122.02	92.65	117.66	77.01	130.59	86.98	93.05	143.74	75.69	119.22	117.8	129.03	72.8	80.06	67.42	72.11	46.82	129.71	46.82	129.71	84.17	93.3	95.8	102.88	0.0
;
