vehicles
vehicle_idx, capacity, cost_per_unit_distance
1,100,3
2,100,3
3,100,3
4,100,3
5,100,3
depot
node_idx,x,y
0,73,39
home delivery customers
node_idx,x,y,service_time,demand
1,67,91,10,23
2,3,9,10,24
3,55,75,10,24
4,57,85,10,25
5,51,97,10,7
6,35,11,10,24
7,31,43,10,16
8,67,99,10,24
9,87,81,10,20
10,19,77,10,15
11,55,7,10,1
self pickup customers
node_idx,x,y,service_time,demand,locker_idxs
12,97,15,10,15,41-0
13,91,65,10,15,42-4
14,55,71,10,7,40-2
15,47,57,10,5,42-40-2
16,43,59,10,14,42
17,63,69,10,13,41-2
18,49,25,10,9,40-5
19,23,81,10,23,44-1
20,71,91,10,3,41-2
21,19,83,10,4,44-1
22,1,59,10,15,42
flexible customers
node_idx,x,y,service_time,demand,locker_idxs
23,39,21,10,3,42-3
24,21,15,10,13,41-3
25,11,11,10,5,41-3
26,55,77,10,5,41-43-2
27,27,91,10,15,44-1
28,29,93,10,16,44-1
29,71,27,10,13,40-5
30,27,9,10,13,44-3
31,89,33,10,20,41-0
32,65,77,10,12,41-2
33,87,79,10,19,44-4
lockers
node_idx,x,y,service_time,capacity,cost_per_unit_good
34,93,12,10,97
35,22,88,10,81
36,65,88,10,70
37,25,15,10,70
38,77,88,10,98
39,72,14,10,97
40,57,46,10,87
41,58,73,10,96
42,37,40,10,93
43,44,56,10,94
44,19,91,10,70
mrt lines
start_node_idx,end_node_idx,freight_capacity,cost_per_unit_good
34,35,97,0.5
35,34,97,0.5
36,37,70,0.5
37,36,70,0.5
38,39,98,0.5
39,38,98,0.5
distance matrix
,0,1,2,3,4,5,6,7,8,9,10,11,12,13,14,15,16,17,18,19,20,21,22,23,24,25,26,27,28,29,30,31,32,33,34,35,36,37,38,39,40,41,42,43,44,
0,0.0,52.35,76.16,40.25,48.7,62.03,47.2,42.19,60.3,44.27,66.03,36.72,33.94,31.62,36.72,31.62,36.06,31.62,27.78,65.3,52.04,69.66,74.73,38.47,57.27,68.03,42.05,69.43,69.66,12.17,54.92,17.09,38.83,42.38,33.6,70.72,49.65,53.67,49.16,25.02,17.46,37.16,36.01,33.62,74.97
1,52.35,0.0,104.02,20.0,11.66,17.09,86.16,60.0,8.0,22.36,50.0,84.85,81.71,35.38,23.32,39.45,40.0,22.36,68.41,45.12,4.0,48.66,73.35,75.39,88.84,97.65,18.44,40.0,38.05,64.12,91.24,62.03,14.14,23.32,83.17,45.1,3.61,86.83,10.44,77.16,46.1,20.12,59.17,41.88,48.0
2,76.16,104.02,0.0,84.02,93.23,100.24,32.06,44.05,110.44,110.63,69.86,52.04,94.19,104.31,80.92,65.12,64.03,84.85,48.7,74.73,106.53,75.71,50.04,37.95,18.97,8.25,85.6,85.44,87.93,70.34,24.0,89.29,92.02,109.34,90.05,81.25,100.42,22.8,108.25,69.18,65.46,84.39,46.01,62.37,83.55
3,40.25,20.0,84.02,0.0,10.2,22.36,67.05,40.0,26.83,32.56,36.06,68.0,73.24,37.36,4.0,19.7,20.0,10.0,50.36,32.56,22.63,36.88,56.32,56.32,68.96,77.67,2.0,32.25,31.62,50.6,71.69,54.04,10.2,32.25,73.57,35.47,16.4,67.08,25.55,63.32,29.07,3.61,39.36,21.95,39.4
4,48.7,11.66,93.23,10.2,0.0,13.42,77.2,49.4,17.2,30.27,38.83,78.03,80.62,39.45,14.14,29.73,29.53,17.09,60.53,34.23,15.23,38.05,61.74,66.48,78.71,87.13,8.25,30.59,29.12,59.67,81.71,61.06,11.31,30.59,81.39,35.13,8.54,76.97,20.22,72.57,39.0,12.04,49.24,31.78,38.47
5,62.03,17.09,100.24,22.36,13.42,0.0,87.48,57.58,16.12,39.4,37.74,90.09,94.02,51.22,26.31,40.2,38.83,30.46,72.03,32.25,20.88,34.93,62.8,76.94,87.32,94.85,20.4,24.74,22.36,72.8,91.21,74.43,24.41,40.25,94.81,30.36,16.64,86.02,27.51,85.62,51.35,25.0,58.69,41.59,32.56
6,47.2,86.16,32.06,67.05,77.2,87.48,0.0,32.25,93.64,87.2,67.91,20.4,62.13,77.79,63.25,47.54,48.66,64.4,19.8,71.02,87.73,73.76,58.82,10.77,14.56,24.0,68.96,80.4,82.22,39.4,8.25,58.31,72.5,85.6,58.01,78.09,82.64,10.77,87.71,37.12,41.34,66.13,29.07,45.89,81.58
7,42.19,60.0,44.05,40.0,49.4,57.58,32.25,0.0,66.57,67.68,36.06,43.27,71.69,63.91,36.88,21.26,20.0,41.23,25.46,38.83,62.48,41.76,34.0,23.41,29.73,37.74,41.62,48.17,50.04,43.08,34.23,58.86,48.08,66.57,69.32,45.89,56.4,28.64,64.35,50.22,26.17,40.36,6.71,18.38,49.48
8,60.3,8.0,110.44,26.83,17.2,16.12,93.64,66.57,0.0,26.91,52.8,92.78,89.2,41.62,30.46,46.52,46.65,30.27,76.16,47.54,8.94,50.6,77.18,82.87,95.77,104.31,25.06,40.79,38.47,72.11,98.49,69.57,22.09,28.28,90.8,46.32,11.18,93.91,14.87,85.15,53.94,27.51,66.19,48.76,48.66
9,44.27,22.36,110.63,32.56,30.27,39.4,87.2,67.68,26.91,0.0,68.12,80.62,66.75,16.49,33.53,46.65,49.19,26.83,67.68,64.0,18.87,68.03,88.77,76.84,93.34,103.32,32.25,60.83,59.23,56.32,93.72,48.04,22.36,2.0,69.26,65.38,23.09,90.55,12.21,68.66,46.1,30.08,64.66,49.74,68.73
10,66.03,50.0,69.86,36.06,38.83,37.74,67.91,36.06,52.8,68.12,0.0,78.71,99.64,72.99,36.5,34.41,30.0,44.72,60.03,5.66,53.85,6.0,25.46,59.46,62.03,66.48,36.0,16.12,18.87,72.14,68.47,82.68,46.0,68.03,98.49,11.4,47.3,62.29,59.03,82.33,49.04,39.2,41.15,32.65,14.0
11,36.72,84.85,52.04,68.0,78.03,90.09,20.4,43.27,92.78,80.62,78.71,0.0,42.76,68.26,64.0,50.64,53.37,62.51,18.97,80.62,85.51,84.1,74.97,21.26,34.93,44.18,70.0,88.54,89.84,25.61,28.07,42.8,70.71,78.79,38.33,87.46,81.61,31.05,83.93,18.38,39.05,66.07,37.59,50.22,91.39
12,33.94,81.71,94.19,73.24,80.62,94.02,62.13,71.69,89.2,66.75,99.64,42.76,0.0,50.36,70.0,65.3,69.66,63.81,49.03,99.16,80.32,103.48,105.6,58.31,76.0,86.09,74.89,103.32,103.48,28.64,70.26,19.7,69.77,64.78,5.0,104.66,79.71,72.0,75.69,25.02,50.61,69.89,65.0,67.01,108.9
13,31.62,35.38,104.31,37.36,39.45,51.22,77.79,63.91,41.62,16.49,72.99,68.26,50.36,0.0,36.5,44.72,48.37,28.28,58.0,69.86,32.8,74.22,90.2,68.12,86.02,96.52,37.95,69.08,68.03,42.94,85.04,32.06,28.64,14.56,53.04,72.73,34.71,82.8,26.93,54.42,38.95,33.96,59.51,47.85,76.55
14,36.72,23.32,80.92,4.0,14.14,26.31,63.25,36.88,30.46,33.53,36.5,64.0,70.0,36.5,0.0,16.12,16.97,8.25,46.39,33.53,25.61,37.95,55.32,52.5,65.51,74.4,6.0,34.41,34.06,46.82,68.03,50.99,11.66,32.98,70.18,37.12,19.72,63.53,27.8,59.48,25.08,3.61,35.85,18.6,41.18
15,31.62,39.45,65.12,19.7,29.73,40.2,47.54,21.26,46.52,46.65,34.41,50.64,65.3,44.72,16.12,0.0,4.47,20.0,32.06,33.94,41.62,38.21,46.04,36.88,49.4,58.41,21.54,39.45,40.25,38.42,52.0,48.37,26.91,45.65,64.35,39.82,35.85,47.41,43.14,49.74,14.87,19.42,19.72,3.16,44.05
16,36.06,40.0,64.03,20.0,29.53,38.83,48.66,20.0,46.65,49.19,30.0,53.37,69.66,48.37,16.97,4.47,0.0,22.36,34.53,29.73,42.52,33.94,42.0,38.21,49.19,57.69,21.63,35.78,36.77,42.52,52.5,52.84,28.43,48.33,68.62,35.81,36.4,47.54,44.69,53.54,19.1,20.52,19.92,3.16,40.0
17,31.62,22.36,84.85,10.0,17.09,30.46,64.4,41.23,30.27,26.83,44.72,62.51,63.81,28.28,8.25,20.0,22.36,0.0,46.17,41.76,23.41,46.17,62.8,53.67,68.41,77.9,11.31,42.19,41.62,42.76,69.97,44.41,8.25,26.0,64.41,45.19,19.1,66.03,23.6,55.73,23.77,6.4,38.95,23.02,49.19
18,27.78,68.41,48.7,50.36,60.53,72.03,19.8,25.46,76.16,67.68,60.03,18.97,49.03,58.0,46.39,32.06,34.53,46.17,0.0,61.74,69.57,65.3,58.82,10.77,29.73,40.5,52.35,69.57,70.88,22.09,27.2,40.79,54.41,66.03,45.88,68.54,65.0,26.0,68.94,25.5,22.47,48.84,19.21,31.4,72.5
19,65.3,45.12,74.73,32.56,34.23,32.25,71.02,38.83,47.54,64.0,5.66,80.62,99.16,69.86,33.53,33.94,29.73,41.76,61.74,0.0,49.03,4.47,31.11,62.1,66.03,71.02,32.25,10.77,13.42,72.25,72.11,81.61,42.19,64.03,98.29,7.07,42.58,66.03,54.45,83.01,48.8,35.9,43.32,32.65,10.77
20,52.04,4.0,106.53,22.63,15.23,20.88,87.73,62.48,8.94,18.87,53.85,85.51,80.32,32.8,25.61,41.62,42.52,23.41,69.57,49.03,0.0,52.61,76.97,76.97,90.97,100.0,21.26,44.0,42.05,64.0,93.06,60.73,15.23,20.0,82.01,49.09,6.71,88.84,6.71,77.01,47.13,22.2,61.29,44.2,52.0
21,69.66,48.66,75.71,36.88,38.05,34.93,73.76,41.76,50.6,68.03,6.0,84.1,103.48,74.22,37.95,38.21,33.94,46.17,65.3,4.47,52.61,0.0,30.0,65.15,68.03,72.44,36.5,11.31,14.14,76.42,74.43,86.02,46.39,68.12,102.55,5.83,46.27,68.26,58.22,87.01,53.04,40.26,46.62,36.8,8.0
22,74.73,73.35,50.04,56.32,61.74,62.8,58.82,34.0,77.18,88.77,25.46,74.97,105.6,90.2,55.32,46.04,42.0,62.8,58.82,31.11,76.97,30.0,0.0,53.74,48.33,49.03,56.92,41.23,44.05,76.97,56.36,91.76,66.48,88.29,103.31,35.81,70.26,50.12,81.34,84.06,57.49,58.69,40.71,43.1,36.72
23,38.47,75.39,37.95,56.32,66.48,76.94,10.77,23.41,82.87,76.84,59.46,21.26,58.31,68.12,52.5,36.88,38.21,53.67,10.77,62.1,76.97,65.15,53.74,0.0,18.97,29.73,58.24,71.02,72.69,32.56,16.97,51.42,61.74,75.29,54.74,69.12,71.87,15.23,77.03,33.73,30.81,55.36,19.1,35.36,72.8
24,57.27,88.84,18.97,68.96,78.71,87.32,14.56,29.73,95.77,93.34,62.03,34.93,76.0,86.02,65.51,49.4,49.19,68.41,29.73,66.03,90.97,68.03,48.33,18.97,0.0,10.77,70.71,76.24,78.41,51.42,8.49,70.34,76.03,91.93,72.06,73.01,85.23,4.0,92.01,51.01,47.51,68.8,29.68,47.01,76.03
25,68.03,97.65,8.25,77.67,87.13,94.85,24.0,37.74,104.31,103.32,66.48,44.18,86.09,96.52,74.4,58.41,57.69,77.9,40.5,71.02,100.0,72.44,49.03,29.73,10.77,0.0,79.32,81.58,83.95,62.1,16.12,81.04,85.28,101.98,82.01,77.78,94.05,14.56,101.41,61.07,57.8,77.8,38.95,55.8,80.4
26,42.05,18.44,85.6,2.0,8.25,20.4,68.96,41.62,25.06,32.25,36.0,70.0,74.89,37.95,6.0,21.54,21.63,11.31,52.35,32.25,21.26,36.5,56.92,58.24,70.71,79.32,0.0,31.3,30.53,52.5,73.54,55.61,10.0,32.06,75.29,34.79,14.87,68.88,24.6,65.25,31.06,5.0,41.15,23.71,38.63
27,69.43,40.0,85.44,32.25,30.59,24.74,80.4,48.17,40.79,60.83,16.12,88.54,103.32,69.08,34.41,39.45,35.78,42.19,69.57,10.77,44.0,11.31,41.23,71.02,76.24,81.58,31.3,0.0,2.83,77.67,82.0,84.9,40.5,61.19,102.94,5.83,38.12,76.03,50.09,89.19,54.08,35.85,51.97,38.91,8.0
28,69.66,38.05,87.93,31.62,29.12,22.36,82.22,50.04,38.47,59.23,18.87,89.84,103.48,68.03,34.06,40.25,36.77,41.62,70.88,13.42,42.05,14.14,44.05,72.69,78.41,83.95,30.53,2.83,0.0,78.23,84.02,84.85,39.4,59.67,103.23,8.6,36.35,78.1,48.26,89.94,54.71,35.23,53.6,39.92,10.2
29,12.17,64.12,70.34,50.6,59.67,72.8,39.4,43.08,72.11,56.32,72.14,25.61,28.64,42.94,46.82,38.42,42.52,42.76,22.09,72.25,64.0,76.42,76.97,32.56,51.42,62.1,52.5,77.67,78.23,0.0,47.54,18.97,50.36,54.41,26.63,78.24,61.29,47.54,61.29,13.04,23.6,47.8,36.4,39.62,82.46
30,54.92,91.24,24.0,71.69,81.71,91.21,8.25,34.23,98.49,93.72,68.47,28.07,70.26,85.04,68.03,52.0,52.5,69.97,27.2,72.11,93.06,74.43,56.36,16.97,8.49,16.12,73.54,82.0,84.02,47.54,0.0,66.48,77.9,92.2,66.07,79.16,87.66,6.32,93.49,45.28,47.63,71.11,32.57,49.98,82.39
31,17.09,62.03,89.29,54.04,61.06,74.43,58.31,58.86,69.57,48.04,82.68,42.8,19.7,32.06,50.99,48.37,52.84,44.41,40.79,81.61,60.73,86.02,91.76,51.42,70.34,81.04,55.61,84.9,84.85,18.97,66.48,0.0,50.12,46.04,21.38,86.68,60.01,66.48,56.29,25.5,34.54,50.61,52.47,50.54,90.91
32,38.83,14.14,92.02,10.2,11.31,24.41,72.5,48.08,22.09,22.36,46.0,70.71,69.77,28.64,11.66,26.91,28.43,8.25,54.41,42.19,15.23,46.39,66.48,61.74,76.03,85.28,10.0,40.5,39.4,50.36,77.9,50.12,0.0,22.09,70.77,44.38,11.0,73.78,16.28,63.39,32.02,8.06,46.4,29.7,48.08
33,42.38,23.32,109.34,32.25,30.59,40.25,85.6,66.57,28.28,2.0,68.03,78.79,64.78,14.56,32.98,45.65,48.33,26.0,66.03,64.03,20.0,68.12,88.29,75.29,91.93,101.98,32.06,61.19,59.67,54.41,92.2,46.04,22.09,0.0,67.27,65.62,23.77,89.11,13.45,66.71,44.6,29.61,63.41,48.76,69.05
34,33.6,83.17,90.05,73.57,81.39,94.81,58.01,69.32,90.8,69.26,98.49,38.33,5.0,53.04,70.18,64.35,68.62,64.41,45.88,98.29,82.01,102.55,103.31,54.74,72.06,82.01,75.29,102.94,103.23,26.63,66.07,21.38,70.77,67.27,0.0,104.0,80.99,68.07,77.67,21.1,49.52,70.33,62.61,65.86,108.25
35,70.72,45.1,81.25,35.47,35.13,30.36,78.09,45.89,46.32,65.38,11.4,87.46,104.66,72.73,37.12,39.82,35.81,45.19,68.54,7.07,49.09,5.83,35.81,69.12,73.01,77.78,34.79,5.83,8.6,78.24,79.16,86.68,44.38,65.62,104.0,0.0,43.0,73.06,55.0,89.31,54.67,39.0,50.29,38.83,4.24
36,49.65,3.61,100.42,16.4,8.54,16.64,82.64,56.4,11.18,23.09,47.3,81.61,79.71,34.71,19.72,35.85,36.4,19.1,65.0,42.58,6.71,46.27,70.26,71.87,85.23,94.05,14.87,38.12,36.35,61.29,87.66,60.01,11.0,23.77,80.99,43.0,0.0,83.24,12.0,74.33,42.76,16.55,55.57,38.28,46.1
37,53.67,86.83,22.8,67.08,76.97,86.02,10.77,28.64,93.91,90.55,62.29,31.05,72.0,82.8,63.53,47.41,47.54,66.03,26.0,66.03,88.84,68.26,50.12,15.23,4.0,14.56,68.88,76.03,78.1,47.54,6.32,66.48,73.78,89.11,68.07,73.06,83.24,0.0,89.63,47.01,44.55,66.73,27.73,45.19,76.24
38,49.16,10.44,108.25,25.55,20.22,27.51,87.71,64.35,14.87,12.21,59.03,83.93,75.69,26.93,27.8,43.14,44.69,23.6,68.94,54.45,6.71,58.22,81.34,77.03,92.01,101.41,24.6,50.09,48.26,61.29,93.49,56.29,16.28,13.45,77.67,55.0,12.0,89.63,0.0,74.17,46.52,24.21,62.48,45.97,58.08
39,25.02,77.16,69.18,63.32,72.57,85.62,37.12,50.22,85.15,68.66,82.33,18.38,25.02,54.42,59.48,49.74,53.54,55.73,25.5,83.01,77.01,87.01,84.06,33.73,51.01,61.07,65.25,89.19,89.94,13.04,45.28,25.5,63.39,66.71,21.1,89.31,74.33,47.01,74.17,0.0,35.34,60.64,43.6,50.48,93.48
40,17.46,46.1,65.46,29.07,39.0,51.35,41.34,26.17,53.94,46.1,49.04,39.05,50.61,38.95,25.08,14.87,19.1,23.77,22.47,48.8,47.13,53.04,57.49,30.81,47.51,57.8,31.06,54.08,54.71,23.6,47.63,34.54,32.02,44.6,49.52,54.67,42.76,44.55,46.52,35.34,0.0,27.02,20.88,16.4,58.9
41,37.16,20.12,84.39,3.61,12.04,25.0,66.13,40.36,27.51,30.08,39.2,66.07,69.89,33.96,3.61,19.42,20.52,6.4,48.84,35.9,22.2,40.26,58.69,55.36,68.8,77.8,5.0,35.85,35.23,47.8,71.11,50.61,8.06,29.61,70.33,39.0,16.55,66.73,24.21,60.64,27.02,0.0,39.12,22.02,42.95
42,36.01,59.17,46.01,39.36,49.24,58.69,29.07,6.71,66.19,64.66,41.15,37.59,65.0,59.51,35.85,19.72,19.92,38.95,19.21,43.32,61.29,46.62,40.71,19.1,29.68,38.95,41.15,51.97,53.6,36.4,32.57,52.47,46.4,63.41,62.61,50.29,55.57,27.73,62.48,43.6,20.88,39.12,0.0,17.46,54.08
43,33.62,41.88,62.37,21.95,31.78,41.59,45.89,18.38,48.76,49.74,32.65,50.22,67.01,47.85,18.6,3.16,3.16,23.02,31.4,32.65,44.2,36.8,43.1,35.36,47.01,55.8,23.71,38.91,39.92,39.62,49.98,50.54,29.7,48.76,65.86,38.83,38.28,45.19,45.97,50.48,16.4,22.02,17.46,0.0,43.01
44,74.97,48.0,83.55,39.4,38.47,32.56,81.58,49.48,48.66,68.73,14.0,91.39,108.9,76.55,41.18,44.05,40.0,49.19,72.5,10.77,52.0,8.0,36.72,72.8,76.03,80.4,38.63,8.0,10.2,82.46,82.39,90.91,48.08,69.05,108.25,4.24,46.1,76.24,58.08,93.48,58.9,42.95,54.08,43.01,0.0
