vehicles
vehicle_idx, capacity, cost_per_unit_distance
1,100,3
2,100,3
3,100,3
4,100,3
5,100,3
6,100,3
depot
node_idx,x,y
0,39,19
home delivery customers
node_idx,x,y,service_time,demand
1,63,93,10,24
2,57,73,10,6
3,53,75,10,6
4,59,5,10,18
5,37,27,10,16
6,93,49,10,11
7,31,23,10,22
8,19,97,10,16
9,41,9,10,15
10,83,61,10,7
11,9,7,10,5
12,43,37,10,9
13,45,93,10,9
14,81,11,10,15
self pickup customers
node_idx,x,y,service_time,demand,locker_idxs
15,79,19,10,18,49-44-41
16,41,79,10,16,45-42-39
17,25,31,10,22,50-40
18,1,37,10,16,50-40
19,23,73,10,7,46-42
20,85,93,10,23,49-43-39
21,85,45,10,22,49-44
22,49,91,10,23,45-39
23,87,23,10,1,46-41-44
24,13,61,10,10,49-42
25,5,97,10,7,50-42
26,7,41,10,2,50-40
flexible customers
node_idx,x,y,service_time,demand,locker_idxs
27,33,5,10,3,45-40
28,69,17,10,19,46-44-41
29,1,1,10,6,46-40
30,79,73,10,12,49-43-39
31,41,31,10,72,45-47-46-48-50-40
32,93,13,10,4,50-41-44
33,55,43,10,7,46-49-48-47-45-44
34,83,29,10,11,49-44-41
35,13,13,10,22,50-40
36,71,51,10,11,48-47-49-45-44
37,93,55,10,3,46-43
38,7,53,10,10,50-42-40
lockers
node_idx,x,y,service_time,capacity,cost_per_unit_good
39,65,88,10,81
40,25,15,10,79
41,93,12,10,93
42,22,88,10,94
43,77,88,10,75
44,72,14,10,71
45,46,56,10,84
46,51,30,10,75
47,49,49,10,78
48,47,42,10,84
49,61,56,10,93
50,21,31,10,96
mrt lines
start_node_idx,end_node_idx,freight_capacity,cost_per_unit_good
39,40,81,0.1
40,39,81,0.1
41,42,94,0.1
42,41,94,0.1
43,44,75,0.1
44,43,75,0.1
distance matrix
,0,1,2,3,4,5,6,7,8,9,10,11,12,13,14,15,16,17,18,19,20,21,22,23,24,25,26,27,28,29,30,31,32,33,34,35,36,37,38,39,40,41,42,43,44,45,46,47,48,49,50,
0,0.0,77.79,56.92,57.72,24.41,8.25,61.77,8.94,80.52,10.2,60.83,32.31,18.44,74.24,42.76,40.0,60.03,18.44,42.05,56.32,87.13,52.84,72.69,48.17,49.4,85.09,38.83,15.23,30.07,42.05,67.2,12.17,54.33,28.84,45.12,26.68,45.25,64.9,46.69,73.74,14.56,54.45,71.06,78.77,33.38,37.66,16.28,31.62,24.35,43.05,21.63
1,77.79,0.0,20.88,20.59,88.09,70.94,53.25,76.97,44.18,86.83,37.74,101.55,59.46,18.0,83.95,75.71,26.08,72.72,83.55,44.72,22.0,52.8,14.14,74.0,59.36,58.14,76.42,92.97,76.24,110.94,25.61,65.79,85.44,50.64,67.05,94.34,42.76,48.41,68.82,5.39,86.76,86.38,41.3,14.87,79.51,40.72,64.13,46.17,53.45,37.05,74.89
2,56.92,20.88,0.0,4.47,68.03,50.16,43.27,56.36,44.94,65.97,28.64,81.61,38.63,23.32,66.48,58.31,17.09,52.8,66.57,34.0,34.41,39.6,19.7,58.31,45.61,57.27,59.36,72.11,57.27,91.21,22.0,44.94,69.97,30.07,51.11,74.4,26.08,40.25,53.85,17.0,66.24,70.83,38.08,25.0,60.88,20.25,43.42,25.3,32.57,17.46,55.32
3,57.72,20.59,4.47,0.0,70.26,50.6,47.71,56.46,40.5,67.08,33.11,80.99,39.29,19.7,69.86,61.74,12.65,52.15,64.4,30.07,36.72,43.86,16.49,62.13,42.38,52.8,57.2,72.8,60.17,90.44,26.08,45.61,73.78,32.06,54.92,73.78,30.0,44.72,50.99,17.69,66.21,74.63,33.62,27.29,63.89,20.25,45.04,26.31,33.54,20.62,54.41
4,24.41,88.09,68.03,70.26,0.0,31.11,55.61,33.29,100.32,18.44,60.93,50.04,35.78,89.11,22.8,24.41,76.16,42.8,66.24,76.94,91.76,47.71,86.58,33.29,72.47,106.68,63.25,26.0,15.62,58.14,70.88,31.62,34.93,38.21,33.94,46.69,47.54,60.46,70.77,83.22,35.44,34.71,90.87,84.93,15.81,52.63,26.25,45.12,38.9,51.04,46.04
5,8.25,70.94,50.16,50.6,31.11,0.0,60.17,7.21,72.28,18.44,57.2,34.41,11.66,66.48,46.82,42.76,52.15,12.65,37.36,48.08,81.61,51.26,65.12,50.16,41.62,76.97,33.11,22.36,33.53,44.41,62.29,5.66,57.72,24.08,46.04,27.78,41.62,62.61,39.7,67.12,16.97,57.97,62.82,72.95,37.34,30.36,14.32,25.06,18.03,37.64,16.49
6,61.77,53.25,43.27,47.71,55.61,60.17,0.0,67.23,88.2,65.6,15.62,93.91,51.42,65.12,39.85,33.11,60.03,70.34,92.78,74.0,44.72,8.94,60.83,26.68,80.89,100.24,86.37,74.4,40.0,103.77,27.78,55.03,36.0,38.47,22.36,87.73,22.09,6.0,86.09,48.01,76.03,37.0,81.01,42.15,40.82,47.52,46.1,44.0,46.53,32.76,74.22
7,8.94,76.97,56.36,56.46,33.29,7.21,67.23,0.0,74.97,17.2,64.4,27.2,18.44,71.39,51.42,48.17,56.89,10.0,33.11,50.64,88.41,58.31,70.34,56.0,42.05,78.43,30.0,18.11,38.47,37.2,69.31,12.81,62.8,31.24,52.35,20.59,48.83,69.77,38.42,73.36,10.0,62.97,65.62,79.63,41.98,36.25,21.19,31.62,24.84,44.6,12.81
8,80.52,44.18,44.94,40.5,100.32,72.28,88.2,74.97,0.0,90.71,73.43,90.55,64.62,26.31,106.02,98.41,28.43,66.27,62.64,24.33,66.12,84.02,30.59,100.5,36.5,14.0,57.27,93.06,94.34,97.67,64.62,69.57,111.95,64.9,93.38,84.21,69.43,85.09,45.61,46.87,82.22,112.7,9.49,58.69,98.48,49.09,74.25,56.6,61.72,58.69,66.03
9,10.2,86.83,65.97,67.08,18.44,18.44,65.6,17.2,90.71,0.0,66.84,32.06,28.07,84.1,40.05,39.29,70.0,27.2,48.83,66.48,94.83,56.85,82.39,48.08,59.06,95.08,46.69,8.94,29.12,40.79,74.43,22.0,52.15,36.77,46.52,28.28,51.61,69.43,55.61,82.57,17.09,52.09,81.25,86.82,31.4,47.27,23.26,40.79,33.54,51.08,29.73
10,60.83,37.74,28.64,33.11,60.93,57.2,15.62,64.4,73.43,66.84,0.0,91.61,46.65,49.68,50.04,42.19,45.69,65.3,85.44,61.19,32.06,16.12,45.34,38.21,70.0,85.91,78.59,75.07,46.17,101.61,12.65,51.61,49.03,33.29,32.0,84.88,15.62,11.66,76.42,32.45,74.03,50.01,66.71,27.66,48.27,37.34,44.55,36.06,40.71,22.56,68.88
11,32.31,101.55,81.61,80.99,50.04,34.41,93.91,27.2,90.55,32.06,91.61,0.0,45.34,93.23,72.11,71.02,78.79,28.84,31.05,67.47,114.77,84.97,93.04,79.62,54.15,90.09,34.06,24.08,60.83,10.0,96.21,40.0,84.21,58.41,77.2,7.21,76.03,96.75,46.04,98.47,17.89,84.15,82.04,105.76,63.39,61.4,47.89,58.0,51.66,71.45,26.83
12,18.44,59.46,38.63,39.29,35.78,11.66,51.42,18.44,64.62,28.07,46.65,45.34,0.0,56.04,46.04,40.25,42.05,18.97,42.0,41.18,70.0,42.76,54.33,46.17,38.42,71.02,36.22,33.53,32.8,55.32,50.91,6.32,55.46,13.42,40.79,38.42,31.3,53.14,39.4,55.54,28.43,55.9,55.15,61.29,37.01,19.24,10.63,13.42,6.4,26.17,22.8
13,74.24,18.0,23.32,19.7,89.11,66.48,65.12,71.39,26.31,84.1,49.68,93.23,56.04,0.0,89.55,81.44,14.56,65.15,71.22,29.73,40.0,62.48,4.47,81.63,45.25,40.2,64.4,88.81,79.7,101.98,39.45,62.13,93.3,50.99,74.43,86.16,49.4,61.22,55.17,20.62,80.52,94.15,23.54,32.39,83.49,37.01,63.29,44.18,51.04,40.31,66.48
14,42.76,83.95,66.48,69.86,22.8,46.82,39.85,51.42,106.02,40.05,50.04,72.11,46.04,89.55,0.0,8.25,78.89,59.46,84.12,84.9,82.1,34.23,86.16,13.42,84.4,114.77,79.85,48.37,13.42,80.62,62.03,44.72,12.17,41.23,18.11,68.03,41.23,45.61,85.09,78.64,56.14,12.04,97.01,77.1,9.49,57.01,35.51,49.68,46.01,49.24,63.25
15,40.0,75.71,58.31,61.74,24.41,42.76,33.11,48.17,98.41,39.29,42.19,71.02,40.25,81.44,8.25,0.0,71.02,55.32,80.05,77.79,74.24,26.68,78.0,8.94,78.23,107.52,75.29,48.08,10.2,80.05,54.0,39.85,15.23,33.94,10.77,66.27,32.98,38.63,79.62,70.41,54.15,15.65,89.5,69.03,8.6,49.58,30.08,42.43,39.41,41.15,59.23
16,60.03,26.08,17.09,12.65,76.16,52.15,60.03,56.89,28.43,70.0,45.69,78.79,42.05,14.56,78.89,71.02,0.0,50.6,58.0,18.97,46.17,55.61,14.42,72.47,33.29,40.25,50.99,74.43,68.03,87.66,38.47,48.0,84.02,38.63,65.3,71.69,41.04,57.27,42.8,25.63,65.97,84.81,21.02,37.11,72.01,23.54,50.01,31.05,37.48,30.48,52.0
17,18.44,72.72,52.8,52.15,42.8,12.65,70.34,10.0,66.27,27.2,65.3,28.84,18.97,65.15,59.46,55.32,50.6,0.0,24.74,42.05,86.28,61.61,64.62,62.51,32.31,68.96,20.59,27.2,46.17,38.42,68.41,16.0,70.34,32.31,58.03,21.63,50.16,72.11,28.43,69.63,16.0,70.6,57.08,77.16,49.98,32.65,26.02,30.0,24.6,43.83,4.0
18,42.05,83.55,66.57,64.4,66.24,37.36,92.78,33.11,62.64,48.83,85.44,31.05,42.0,71.22,84.12,80.05,58.0,24.74,0.0,42.19,100.96,84.38,72.25,87.13,26.83,60.13,7.21,45.25,70.88,36.0,85.91,40.45,95.08,54.33,82.39,26.83,71.39,93.74,17.09,81.84,32.56,95.34,55.15,91.53,74.63,48.85,50.49,49.48,46.27,62.94,20.88
19,56.32,44.72,34.0,30.07,76.94,48.08,74.0,50.64,24.33,66.48,61.19,67.47,41.18,29.73,84.9,77.79,18.97,42.05,42.19,0.0,65.15,68.03,31.62,81.22,15.62,30.0,35.78,68.73,72.47,75.29,56.0,45.69,92.2,43.86,74.4,60.83,52.8,72.28,25.61,44.6,58.03,92.85,15.03,56.04,76.69,28.6,51.31,35.38,39.2,41.63,42.05
20,87.13,22.0,34.41,36.72,91.76,81.61,44.72,88.41,66.12,94.83,32.06,114.77,70.0,40.0,82.1,74.24,46.17,86.28,100.96,65.15,0.0,48.0,36.06,70.03,78.79,80.1,93.74,102.22,77.67,124.58,20.88,76.03,80.4,58.31,64.03,107.63,44.27,38.83,87.66,20.62,98.41,81.39,63.2,9.43,80.06,53.76,71.59,56.85,63.6,44.1,89.11
21,52.84,52.8,39.6,43.86,47.71,51.26,8.94,58.31,84.02,56.85,16.12,84.97,42.76,62.48,34.23,26.68,55.61,61.61,84.38,68.03,48.0,0.0,58.41,22.09,73.76,95.41,78.1,65.6,32.25,94.83,28.64,46.17,32.98,30.07,16.12,78.79,15.23,12.81,78.41,47.42,67.08,33.96,76.28,43.74,33.62,40.52,37.16,36.22,38.12,26.4,65.51
22,72.69,14.14,19.7,16.49,86.58,65.12,60.83,70.34,30.59,82.39,45.34,93.04,54.33,4.47,86.16,78.0,14.42,64.62,72.25,31.62,36.06,58.41,0.0,77.9,46.86,44.41,65.3,87.48,76.66,102.0,34.99,60.53,89.55,48.37,70.71,85.91,45.65,56.85,56.64,16.28,79.7,90.43,27.17,28.16,80.36,35.13,61.03,42.0,49.04,37.0,66.21
23,48.17,74.0,58.31,62.13,33.29,50.16,26.68,56.0,100.5,48.08,38.21,79.62,46.17,81.63,13.42,8.94,72.47,62.51,87.13,81.22,70.03,22.09,77.9,0.0,83.19,110.45,82.0,56.92,18.97,88.77,50.64,46.69,11.66,37.74,7.21,74.67,32.25,32.56,85.44,68.62,62.51,12.53,91.92,65.76,17.49,52.63,36.67,46.04,44.28,42.01,66.48
24,49.4,59.36,45.61,42.38,72.47,41.62,80.89,42.05,36.5,59.06,70.0,54.15,38.42,45.25,84.4,78.23,33.29,32.31,26.83,15.62,78.79,73.76,46.86,83.19,0.0,36.88,20.88,59.46,71.22,61.19,67.08,41.04,93.3,45.69,76.97,48.0,58.86,80.22,10.0,58.59,47.54,93.81,28.46,69.46,75.43,33.38,49.04,37.95,38.95,48.26,31.05
25,85.09,58.14,57.27,52.8,106.68,76.97,100.24,78.43,14.0,95.08,85.91,90.09,71.02,40.2,114.77,107.52,40.25,68.96,60.13,30.0,80.1,95.41,44.41,110.45,36.88,0.0,56.04,96.17,102.45,96.08,77.79,75.18,121.66,73.59,103.48,84.38,80.45,97.51,44.05,60.67,84.4,122.35,19.24,72.56,106.67,57.98,81.27,65.12,69.2,69.4,67.91
26,38.83,76.42,59.36,57.2,63.25,33.11,86.37,30.0,57.27,46.69,78.59,34.06,36.22,64.4,79.85,75.29,50.99,20.59,7.21,35.78,93.74,78.1,65.3,82.0,20.88,56.04,0.0,44.41,66.48,40.45,78.79,35.44,90.44,48.04,76.94,28.64,64.78,87.13,12.0,74.65,31.62,90.76,49.34,84.31,70.38,41.79,45.35,42.76,40.01,56.04,17.2
27,15.23,92.97,72.11,72.8,26.0,22.36,74.4,18.11,93.06,8.94,75.07,24.08,33.53,88.81,48.37,48.08,74.43,27.2,45.25,68.73,102.22,65.6,87.48,56.92,59.46,96.17,44.41,0.0,37.95,32.25,82.1,27.2,60.53,43.91,55.46,21.54,59.67,78.1,54.59,88.96,12.81,60.41,83.73,93.94,40.02,52.63,30.81,46.82,39.56,58.18,28.64
28,30.07,76.24,57.27,60.17,15.62,33.53,40.0,38.47,94.34,29.12,46.17,60.83,32.8,79.7,13.42,10.2,68.03,46.17,70.88,72.47,77.67,32.25,76.66,18.97,71.22,102.45,66.48,37.95,0.0,69.86,56.89,31.3,24.33,29.53,18.44,56.14,34.06,44.94,71.69,71.11,44.05,24.52,85.15,71.45,4.24,45.28,22.2,37.74,33.3,39.81,50.0
29,42.05,110.94,91.21,90.44,58.14,44.41,103.77,37.2,97.67,40.79,101.61,10.0,55.32,101.98,80.62,80.05,87.66,38.42,36.0,75.29,124.58,94.83,102.0,88.77,61.19,96.08,40.45,32.25,69.86,0.0,106.15,50.0,92.78,68.41,86.65,16.97,86.02,106.68,52.35,108.0,27.78,92.66,89.5,115.52,72.18,71.06,57.8,67.88,61.62,81.39,36.06
30,67.2,25.61,22.0,26.08,70.88,62.29,27.78,69.31,64.62,74.43,12.65,96.21,50.91,39.45,62.03,54.0,38.47,68.41,85.91,56.0,20.88,28.64,34.99,50.64,67.08,77.79,78.79,82.1,56.89,106.15,0.0,56.64,61.61,38.42,44.18,89.2,23.41,22.8,74.73,20.52,79.25,62.59,58.94,15.13,59.41,37.12,51.31,38.42,44.55,24.76,71.61
31,12.17,65.79,44.94,45.61,31.62,5.66,55.03,12.81,69.57,22.0,51.61,40.0,6.32,62.13,44.72,39.85,48.0,16.0,40.45,45.69,76.03,46.17,60.53,46.69,41.04,75.18,35.44,27.2,31.3,50.0,56.64,0.0,55.03,18.44,42.05,33.29,36.06,57.27,40.5,61.85,22.63,55.36,60.08,67.42,35.36,25.5,10.05,19.7,12.53,32.02,20.0
32,54.33,85.44,69.97,73.78,34.93,57.72,36.0,62.8,111.95,52.15,49.03,84.21,55.46,93.3,12.17,15.23,84.02,70.34,95.08,92.2,80.4,32.98,89.55,11.66,93.3,121.66,90.44,60.53,24.33,92.78,61.61,55.03,0.0,48.41,18.87,80.0,43.91,42.0,94.85,80.06,68.03,1.0,103.28,76.69,21.02,63.7,45.31,56.85,54.38,53.6,74.22
33,28.84,50.64,30.07,32.06,38.21,24.08,38.47,31.24,64.9,36.77,33.29,58.41,13.42,50.99,41.23,33.94,38.63,32.31,54.33,43.86,58.31,30.07,48.37,37.74,45.69,73.59,48.04,43.91,29.53,68.41,38.42,18.44,48.41,0.0,31.3,51.61,17.89,39.85,49.03,46.1,41.04,49.04,55.8,50.09,33.62,15.81,13.6,8.49,8.06,14.32,36.06
34,45.12,67.05,51.11,54.92,33.94,46.04,22.36,52.35,93.38,46.52,32.0,77.2,40.79,74.43,18.11,10.77,65.3,58.03,82.39,74.4,64.03,16.12,70.71,7.21,76.97,103.48,76.94,55.46,18.44,86.65,44.18,42.05,18.87,31.3,0.0,71.81,25.06,27.86,79.7,61.68,59.67,19.72,84.86,59.3,18.6,45.8,32.02,39.45,38.28,34.83,62.03
35,26.68,94.34,74.4,73.78,46.69,27.78,87.73,20.59,84.21,28.28,84.88,7.21,38.42,86.16,68.03,66.27,71.69,21.63,26.83,60.83,107.63,78.79,85.91,74.67,48.0,84.38,28.64,21.54,56.14,16.97,89.2,33.29,80.0,51.61,71.81,0.0,69.34,90.35,40.45,91.26,12.17,80.01,75.54,98.6,59.01,54.2,41.63,50.91,44.69,64.44,19.7
36,45.25,42.76,26.08,30.0,47.54,41.62,22.09,48.83,69.43,51.61,15.62,76.03,31.3,49.4,41.23,32.98,41.04,50.16,71.39,52.8,44.27,15.23,45.65,32.25,58.86,80.45,64.78,59.67,34.06,86.02,23.41,36.06,43.91,17.89,25.06,69.34,0.0,22.36,64.03,37.48,58.41,44.78,61.4,37.48,37.01,25.5,29.0,22.09,25.63,11.18,53.85
37,64.9,48.41,40.25,44.72,60.46,62.61,6.0,69.77,85.09,69.43,11.66,96.75,53.14,61.22,45.61,38.63,57.27,72.11,93.74,72.28,38.83,12.81,56.85,32.56,80.22,97.51,87.13,78.1,44.94,106.68,22.8,57.27,42.0,39.85,27.86,90.35,22.36,0.0,86.02,43.28,78.89,43.0,78.29,36.67,46.07,47.01,48.88,44.41,47.8,32.02,75.89
38,46.69,68.82,53.85,50.99,70.77,39.7,86.09,38.42,45.61,55.61,76.42,46.04,39.4,55.17,85.09,79.62,42.8,28.43,17.09,25.61,87.66,78.41,56.64,85.44,10.0,44.05,12.0,54.59,71.69,52.35,74.73,40.5,94.85,49.03,79.7,40.45,64.03,86.02,0.0,67.74,42.05,95.27,38.08,78.26,75.8,39.12,49.65,42.19,41.48,54.08,26.08
39,73.74,5.39,17.0,17.69,83.22,67.12,48.01,73.36,46.87,82.57,32.45,98.47,55.54,20.62,78.64,70.41,25.63,69.63,81.84,44.6,20.62,47.42,16.28,68.62,58.59,60.67,74.65,88.96,71.11,108.0,20.52,61.85,80.06,46.1,61.68,91.26,37.48,43.28,67.74,0.0,83.24,80.99,43.0,12.0,74.33,37.22,59.67,42.15,49.4,32.25,72.01
40,14.56,86.76,66.24,66.21,35.44,16.97,76.03,10.0,82.22,17.09,74.03,17.89,28.43,80.52,56.14,54.15,65.97,16.0,32.56,58.03,98.41,67.08,79.7,62.51,47.54,84.4,31.62,12.81,44.05,27.78,79.25,22.63,68.03,41.04,59.67,12.17,58.41,78.89,42.05,83.24,0.0,68.07,73.06,89.63,47.01,46.07,30.02,41.62,34.83,54.56,16.49
41,54.45,86.38,70.83,74.63,34.71,57.97,37.0,62.97,112.7,52.09,50.01,84.15,55.9,94.15,12.04,15.65,84.81,70.6,95.34,92.85,81.39,33.96,90.43,12.53,93.81,122.35,90.76,60.41,24.52,92.66,62.59,55.36,1.0,49.04,19.72,80.01,44.78,43.0,95.27,80.99,68.07,0.0,104.0,77.67,21.1,64.38,45.69,57.49,54.92,54.41,74.46
42,71.06,41.3,38.08,33.62,90.87,62.82,81.01,65.62,9.49,81.25,66.71,82.04,55.15,23.54,97.01,89.5,21.02,57.08,55.15,15.03,63.2,76.28,27.17,91.92,28.46,19.24,49.34,83.73,85.15,89.5,58.94,60.08,103.28,55.8,84.86,75.54,61.4,78.29,38.08,43.0,73.06,104.0,0.0,55.0,89.31,40.0,64.85,47.43,52.35,50.45,57.01
43,78.77,14.87,25.0,27.29,84.93,72.95,42.15,79.63,58.69,86.82,27.66,105.76,61.29,32.39,77.1,69.03,37.11,77.16,91.53,56.04,9.43,43.74,28.16,65.76,69.46,72.56,84.31,93.94,71.45,115.52,15.13,67.42,76.69,50.09,59.3,98.6,37.48,36.67,78.26,12.0,89.63,77.67,55.0,0.0,74.17,44.55,63.56,48.01,54.92,35.78,79.91
44,33.38,79.51,60.88,63.89,15.81,37.34,40.82,41.98,98.48,31.4,48.27,63.39,37.01,83.49,9.49,8.6,72.01,49.98,74.63,76.69,80.06,33.62,80.36,17.49,75.43,106.67,70.38,40.02,4.24,72.18,59.41,35.36,21.02,33.62,18.6,59.01,37.01,46.07,75.8,74.33,47.01,21.1,89.31,74.17,0.0,49.4,26.4,41.88,37.54,43.42,53.76
45,37.66,40.72,20.25,20.25,52.63,30.36,47.52,36.25,49.09,47.27,37.34,61.4,19.24,37.01,57.01,49.58,23.54,32.65,48.85,28.6,53.76,40.52,35.13,52.63,33.38,57.98,41.79,52.63,45.28,71.06,37.12,25.5,63.7,15.81,45.8,54.2,25.5,47.01,39.12,37.22,46.07,64.38,40.0,44.55,49.4,0.0,26.48,7.62,14.04,15.0,35.36
46,16.28,64.13,43.42,45.04,26.25,14.32,46.1,21.19,74.25,23.26,44.55,47.89,10.63,63.29,35.51,30.08,50.01,26.02,50.49,51.31,71.59,37.16,61.03,36.67,49.04,81.27,45.35,30.81,22.2,57.8,51.31,10.05,45.31,13.6,32.02,41.63,29.0,48.88,49.65,59.67,30.02,45.69,64.85,63.56,26.4,26.48,0.0,19.1,12.65,27.86,30.02
47,31.62,46.17,25.3,26.31,45.12,25.06,44.0,31.62,56.6,40.79,36.06,58.0,13.42,44.18,49.68,42.43,31.05,30.0,49.48,35.38,56.85,36.22,42.0,46.04,37.95,65.12,42.76,46.82,37.74,67.88,38.42,19.7,56.85,8.49,39.45,50.91,22.09,44.41,42.19,42.15,41.62,57.49,47.43,48.01,41.88,7.62,19.1,0.0,7.28,13.89,33.29
48,24.35,53.45,32.57,33.54,38.9,18.03,46.53,24.84,61.72,33.54,40.71,51.66,6.4,51.04,46.01,39.41,37.48,24.6,46.27,39.2,63.6,38.12,49.04,44.28,38.95,69.2,40.01,39.56,33.3,61.62,44.55,12.53,54.38,8.06,38.28,44.69,25.63,47.8,41.48,49.4,34.83,54.92,52.35,54.92,37.54,14.04,12.65,7.28,0.0,19.8,28.23
49,43.05,37.05,17.46,20.62,51.04,37.64,32.76,44.6,58.69,51.08,22.56,71.45,26.17,40.31,49.24,41.15,30.48,43.83,62.94,41.63,44.1,26.4,37.0,42.01,48.26,69.4,56.04,58.18,39.81,81.39,24.76,32.02,53.6,14.32,34.83,64.44,11.18,32.02,54.08,32.25,54.56,54.41,50.45,35.78,43.42,15.0,27.86,13.89,19.8,0.0,47.17
50,21.63,74.89,55.32,54.41,46.04,16.49,74.22,12.81,66.03,29.73,68.88,26.83,22.8,66.48,63.25,59.23,52.0,4.0,20.88,42.05,89.11,65.51,66.21,66.48,31.05,67.91,17.2,28.64,50.0,36.06,71.61,20.0,74.22,36.06,62.03,19.7,53.85,75.89,26.08,72.01,16.49,74.46,57.01,79.91,53.76,35.36,30.02,33.29,28.23,47.17,0.0
