set K:= 1	2	3	4	5;
set C_H:= 1	2	3	4	5	6	7	8	9	10	11	12;
set C_S:= 13	14	15	16	17	18	19	20	21	22;
set C_F:= 23	24	25	26	27	28	29	30	31	32;
set M:= 33	34;
set L_B:= 35	36	37	38	39	40	41	42	43;
set A1:=
(0,*) 1 2 3 4 5 6 7 8 9 10 11 12 23 24 25 26 27 28 29 30 31 32 33 34 35 36 37 38 39 40 41 42 43
(1,*) 0 2 3 4 5 6 7 8 9 10 11 12 23 24 25 26 27 28 29 30 31 32 33 34 35 36 37 38 39 40 41 42 43
(2,*) 0 1 3 4 5 6 7 8 9 10 11 12 23 24 25 26 27 28 29 30 31 32 33 34 35 36 37 38 39 40 41 42 43
(3,*) 0 1 2 4 5 6 7 8 9 10 11 12 23 24 25 26 27 28 29 30 31 32 33 34 35 36 37 38 39 40 41 42 43
(4,*) 0 1 2 3 5 6 7 8 9 10 11 12 23 24 25 26 27 28 29 30 31 32 33 34 35 36 37 38 39 40 41 42 43
(5,*) 0 1 2 3 4 6 7 8 9 10 11 12 23 24 25 26 27 28 29 30 31 32 33 34 35 36 37 38 39 40 41 42 43
(6,*) 0 1 2 3 4 5 7 8 9 10 11 12 23 24 25 26 27 28 29 30 31 32 33 34 35 36 37 38 39 40 41 42 43
(7,*) 0 1 2 3 4 5 6 8 9 10 11 12 23 24 25 26 27 28 29 30 31 32 33 34 35 36 37 38 39 40 41 42 43
(8,*) 0 1 2 3 4 5 6 7 9 10 11 12 23 24 25 26 27 28 29 30 31 32 33 34 35 36 37 38 39 40 41 42 43
(9,*) 0 1 2 3 4 5 6 7 8 10 11 12 23 24 25 26 27 28 29 30 31 32 33 34 35 36 37 38 39 40 41 42 43
(10,*) 0 1 2 3 4 5 6 7 8 9 11 12 23 24 25 26 27 28 29 30 31 32 33 34 35 36 37 38 39 40 41 42 43
(11,*) 0 1 2 3 4 5 6 7 8 9 10 12 23 24 25 26 27 28 29 30 31 32 33 34 35 36 37 38 39 40 41 42 43
(12,*) 0 1 2 3 4 5 6 7 8 9 10 11 23 24 25 26 27 28 29 30 31 32 33 34 35 36 37 38 39 40 41 42 43
(23,*) 0 1 2 3 4 5 6 7 8 9 10 11 12 24 25 26 27 28 29 30 31 32 33 34 35 36 37 38 39 40 41 42 43
(24,*) 0 1 2 3 4 5 6 7 8 9 10 11 12 23 25 26 27 28 29 30 31 32 33 34 35 36 37 38 39 40 41 42 43
(25,*) 0 1 2 3 4 5 6 7 8 9 10 11 12 23 24 26 27 28 29 30 31 32 33 34 35 36 37 38 39 40 41 42 43
(26,*) 0 1 2 3 4 5 6 7 8 9 10 11 12 23 24 25 27 28 29 30 31 32 33 34 35 36 37 38 39 40 41 42 43
(27,*) 0 1 2 3 4 5 6 7 8 9 10 11 12 23 24 25 26 28 29 30 31 32 33 34 35 36 37 38 39 40 41 42 43
(28,*) 0 1 2 3 4 5 6 7 8 9 10 11 12 23 24 25 26 27 29 30 31 32 33 34 35 36 37 38 39 40 41 42 43
(29,*) 0 1 2 3 4 5 6 7 8 9 10 11 12 23 24 25 26 27 28 30 31 32 33 34 35 36 37 38 39 40 41 42 43
(30,*) 0 1 2 3 4 5 6 7 8 9 10 11 12 23 24 25 26 27 28 29 31 32 33 34 35 36 37 38 39 40 41 42 43
(31,*) 0 1 2 3 4 5 6 7 8 9 10 11 12 23 24 25 26 27 28 29 30 32 33 34 35 36 37 38 39 40 41 42 43
(32,*) 0 1 2 3 4 5 6 7 8 9 10 11 12 23 24 25 26 27 28 29 30 31 33 34 35 36 37 38 39 40 41 42 43
(33,*) 0 1 2 3 4 5 6 7 8 9 10 11 12 23 24 25 26 27 28 29 30 31 32 35 36 37 38 39 40 41 42 43
(34,*) 0 1 2 3 4 5 6 7 8 9 10 11 12 23 24 25 26 27 28 29 30 31 32 35 36 37 38 39 40 41 42 43
(35,*) 0 1 2 3 4 5 6 7 8 9 10 11 12 23 24 25 26 27 28 29 30 31 32 33 34 36 37 38 39 40 41 42 43
(36,*) 0 1 2 3 4 5 6 7 8 9 10 11 12 23 24 25 26 27 28 29 30 31 32 33 34 35 37 38 39 40 41 42 43
(37,*) 0 1 2 3 4 5 6 7 8 9 10 11 12 23 24 25 26 27 28 29 30 31 32 33 34 35 36 38 39 40 41 42 43
(38,*) 0 1 2 3 4 5 6 7 8 9 10 11 12 23 24 25 26 27 28 29 30 31 32 33 34 35 36 37 39 40 41 42 43
(39,*) 0 1 2 3 4 5 6 7 8 9 10 11 12 23 24 25 26 27 28 29 30 31 32 33 34 35 36 37 38 40 41 42 43
(40,*) 0 1 2 3 4 5 6 7 8 9 10 11 12 23 24 25 26 27 28 29 30 31 32 33 34 35 36 37 38 39 41 42 43
(41,*) 0 1 2 3 4 5 6 7 8 9 10 11 12 23 24 25 26 27 28 29 30 31 32 33 34 35 36 37 38 39 40 42 43
(42,*) 0 1 2 3 4 5 6 7 8 9 10 11 12 23 24 25 26 27 28 29 30 31 32 33 34 35 36 37 38 39 40 41 43
(43,*) 0 1 2 3 4 5 6 7 8 9 10 11 12 23 24 25 26 27 28 29 30 31 32 33 34 35 36 37 38 39 40 41 42
;
set A2:=
(33,*) 34
(34,*) 33
;
param BigM:=99999;
param n:= 5;
param d:=
1	5
2	23
3	8
4	10
5	20
6	24
7	13
8	19
9	14
10	23
11	20
12	3
13	14
14	18
15	18
16	14
17	8
18	10
19	14
20	13
21	8
22	24
23	13
24	18
25	19
26	5
27	9
28	23
29	9
30	10
31	2
32	15
;
param Q:=100;
param w:=
[33,*] 34 0.5
[34,*] 33 0.5
;
param V:=
[33,*] 34 92
[34,*] 33 92
;
param e:
	33	34	35	36	37	38	39	40	41	42	43:=
13	0	0	0	0	1	0	0	0	0	0	0	
14	0	0	1	0	0	0	0	0	0	0	0	
15	1	0	0	0	0	0	0	0	0	0	0	
16	0	0	0	0	1	0	0	0	0	0	0	
17	0	0	1	0	0	0	0	0	0	0	0	
18	0	0	0	0	1	0	0	0	0	0	0	
19	0	0	1	0	0	0	0	0	0	0	0	
20	0	0	0	0	1	0	0	0	0	0	0	
21	1	0	0	0	0	0	0	0	0	0	0	
22	1	0	0	0	1	0	0	0	0	0	0	
23	0	0	1	0	0	0	0	0	0	0	0	
24	0	0	0	0	1	0	0	0	0	0	0	
25	0	0	0	1	0	0	0	0	0	0	0	
26	1	0	0	0	1	0	0	0	0	0	0	
27	0	0	0	1	0	0	0	0	0	0	0	
28	0	0	0	0	1	0	0	0	0	0	0	
29	0	0	0	0	1	0	0	0	0	0	0	
30	0	0	0	0	1	0	0	0	0	0	0	
31	0	1	0	0	0	0	0	0	0	0	0	
32	1	0	0	0	1	0	0	0	0	0	0	
;
param p:=
1	3
2	3
3	3
4	3
5	3
;
param G:=
33	90
34	92
35	91
36	77
37	79
38	72
39	94
40	94
41	97
42	85
43	81
;
param s:=
0	0
1	15
2	15
3	15
4	15
5	15
6	15
7	15
8	15
9	15
10	15
11	15
12	15
23	15
24	15
25	15
26	15
27	15
28	15
29	15
30	15
31	15
32	15
33	10
34	10
35	10
36	10
37	10
38	10
39	10
40	10
41	10
42	10
43	10
;
param t:
	0	1	2	3	4	5	6	7	8	9	10	11	12	13	14	15	16	17	18	19	20	21	22	23	24	25	26	27	28	29	30	31	32	33	34	35	36	37	38	39	40	41	42	43:=
0	0.0	45.45	14.56	60.83	64.35	55.33	72.01	19.24	7.81	61.07	61.13	61.0	40.31	45.45	64.82	20.0	33.12	31.4	39.7	10.77	22.36	40.01	29.53	36.4	24.0	73.36	17.8	41.11	56.22	39.05	39.05	65.0	17.09	75.74	28.28	30.48	55.66	40.31	61.77	18.11	68.12	16.12	53.16	25.24
1	45.45	0.0	59.08	99.73	108.58	88.87	94.09	26.91	46.1	97.69	98.09	96.57	85.45	58.0	80.16	50.54	19.0	76.37	9.06	35.36	45.89	30.41	17.49	78.24	35.36	116.61	28.3	79.65	101.14	10.05	54.23	107.34	29.83	86.49	55.73	15.0	97.1	9.0	83.15	31.91	104.55	58.26	82.46	22.47
2	14.56	59.08	0.0	56.14	54.23	54.78	75.8	33.62	19.1	58.05	57.87	58.69	26.4	55.01	71.59	28.64	44.6	21.59	52.5	25.3	24.33	54.08	43.86	31.26	31.3	64.2	30.81	38.6	45.18	51.74	48.75	57.07	31.62	83.24	24.74	44.1	49.09	54.56	66.6	32.56	64.78	16.97	55.23	37.54
3	60.83	99.73	56.14	0.0	25.71	16.76	41.3	74.09	56.04	7.07	6.08	10.05	47.17	54.64	50.8	49.19	92.72	36.14	96.93	67.05	80.0	77.34	82.29	25.0	84.59	24.52	76.92	20.25	29.68	96.57	53.15	15.0	70.94	61.13	80.62	86.54	9.9	91.79	40.45	68.03	10.0	44.72	26.57	84.48
4	64.35	108.58	54.23	25.71	0.0	41.01	66.91	81.69	62.48	32.76	31.78	35.69	34.0	74.33	75.06	60.44	97.42	33.12	103.81	73.41	78.11	91.84	91.35	31.4	85.49	11.05	82.1	34.54	10.0	103.23	71.18	11.66	78.75	86.02	75.5	94.02	18.03	101.86	65.0	77.1	34.01	50.33	50.09	89.59
5	55.33	88.87	54.78	16.76	41.01	0.0	26.93	64.94	49.01	10.82	11.66	8.49	53.91	38.95	34.23	39.46	84.59	39.05	87.32	59.14	76.69	63.81	71.84	25.61	79.23	41.23	69.18	16.64	42.45	87.1	38.42	31.4	61.81	45.01	79.38	76.9	23.09	80.41	24.02	58.25	16.4	39.81	9.85	76.42
6	72.01	94.09	75.8	41.3	66.91	26.93	0.0	75.31	64.47	34.23	35.23	31.26	79.88	36.22	16.64	52.55	95.19	64.03	95.13	72.12	94.37	64.63	79.16	50.8	94.24	65.0	81.49	41.62	69.26	95.19	40.01	56.22	72.57	21.93	99.13	85.38	49.48	85.09	11.05	68.25	35.13	59.08	21.26	87.66
7	19.24	26.91	33.62	74.09	81.69	64.94	75.31	0.0	19.21	72.8	73.08	72.03	59.54	42.05	64.26	25.5	20.02	49.52	22.85	8.6	29.15	25.08	10.3	51.62	22.67	89.87	7.81	53.85	74.25	22.47	36.4	80.78	3.16	73.36	38.6	12.53	70.71	21.1	64.33	7.07	79.81	31.4	60.03	12.37
8	7.81	46.1	19.1	56.04	62.48	49.01	64.47	19.21	0.0	55.58	55.73	55.23	42.38	37.8	57.01	12.21	36.69	30.61	41.68	11.18	30.02	35.36	29.0	32.65	30.41	70.72	20.88	35.9	55.17	41.18	31.4	61.77	16.28	67.94	36.07	31.62	51.89	39.7	54.12	15.26	62.65	12.21	46.1	28.46
9	61.07	97.69	58.05	7.07	32.76	10.82	34.23	72.8	55.58	0.0	1.0	3.0	52.01	49.68	44.15	47.43	91.98	39.4	95.51	66.29	81.3	73.82	80.41	26.93	85.05	31.26	76.3	20.0	36.24	95.21	48.84	22.02	69.64	54.23	82.76	85.07	16.12	89.47	33.73	66.41	7.07	45.01	20.59	83.74
10	61.13	98.09	57.87	6.08	31.78	11.66	35.23	73.08	55.73	1.0	0.0	4.0	51.4	50.45	45.12	47.76	92.2	39.0	95.82	66.49	81.22	74.4	80.78	26.68	85.09	30.27	76.49	20.02	35.36	95.51	49.52	21.02	69.92	55.23	82.57	85.38	15.26	89.9	34.71	66.73	7.0	45.04	21.47	83.95
11	61.0	96.57	58.69	10.05	35.69	8.49	31.26	72.03	55.23	3.0	4.0	0.0	53.91	47.42	41.23	46.57	91.41	40.71	94.64	65.76	81.61	72.11	79.38	27.86	85.0	34.23	75.8	20.22	38.91	94.37	46.86	25.02	68.88	51.24	83.43	84.2	18.79	88.24	30.81	65.52	8.06	45.04	18.03	83.19
12	40.31	85.45	26.4	47.17	34.0	53.91	79.88	59.54	42.38	52.01	51.4	53.91	0.0	70.58	81.15	47.17	70.72	16.76	78.87	51.0	47.17	77.37	69.84	29.15	56.22	45.01	57.2	38.28	24.0	78.1	65.19	41.23	57.25	93.23	42.72	70.46	37.59	80.62	73.36	57.38	57.14	33.24	58.83	63.89
13	45.45	58.0	55.01	54.64	74.33	38.95	36.22	42.05	37.8	49.68	50.45	47.42	70.58	0.0	22.56	26.42	61.03	54.15	59.68	41.4	66.53	28.44	43.93	45.4	63.51	77.83	49.24	39.85	71.59	59.84	6.4	67.54	39.82	31.38	73.66	50.45	57.27	49.0	25.5	35.36	55.15	39.22	29.73	54.23
14	64.82	80.16	71.59	50.8	75.06	34.23	16.64	64.26	57.01	44.15	45.12	41.23	81.15	22.56	0.0	44.82	83.52	64.47	82.2	62.65	86.84	50.0	66.49	52.5	85.0	75.31	71.18	44.15	75.33	82.38	27.86	65.62	61.85	12.08	92.96	73.01	57.04	71.18	10.44	57.38	47.17	54.67	25.0	76.55
15	20.0	50.54	28.64	49.19	60.44	39.46	52.55	25.5	12.21	47.43	47.76	46.57	47.17	26.42	44.82	0.0	45.18	32.28	48.08	20.1	42.19	31.76	33.11	29.07	41.76	67.21	30.02	29.15	54.71	47.8	20.12	57.49	22.36	55.87	48.17	37.64	47.01	42.72	42.05	18.97	54.41	14.0	35.13	37.05
16	33.12	19.0	44.6	92.72	97.42	84.59	95.19	20.02	36.69	91.98	92.2	91.41	70.72	61.03	83.52	45.18	0.0	64.35	10.05	25.71	27.51	38.42	18.03	69.08	16.76	106.47	15.81	72.53	89.05	9.06	55.79	97.99	23.0	91.92	37.11	11.4	88.39	21.02	84.17	27.07	99.04	48.47	80.01	8.25
17	31.4	76.37	21.59	36.14	33.12	39.05	64.03	49.52	30.61	39.4	39.0	40.71	16.76	54.15	64.47	32.28	64.35	0.0	71.06	41.01	45.89	63.69	59.55	13.45	52.55	42.72	49.2	22.63	24.84	70.43	49.0	35.51	46.75	76.56	45.01	61.55	28.07	70.29	56.94	45.8	45.54	19.24	42.8	56.61
18	39.7	9.06	52.5	96.93	103.81	87.32	95.13	22.85	41.68	95.51	95.82	94.64	78.87	59.68	82.2	48.08	10.05	71.06	0.0	30.53	37.36	34.01	16.0	74.3	26.68	112.36	21.93	76.69	95.9	1.0	55.15	103.45	26.0	89.56	47.07	10.44	93.48	13.45	84.1	29.12	102.49	53.85	81.74	15.0
19	10.77	35.36	25.3	67.05	73.41	59.14	72.12	8.6	11.18	66.29	66.49	65.76	51.0	41.4	62.65	20.1	25.71	41.01	30.53	0.0	25.61	30.41	18.87	43.83	22.36	81.84	10.05	46.84	65.8	30.02	35.23	72.95	6.32	72.67	34.0	20.62	63.07	29.68	61.35	8.25	73.35	23.32	55.23	17.46
20	22.36	45.89	24.33	80.0	78.11	76.69	94.37	29.15	30.02	81.3	81.22	81.61	47.17	66.53	86.84	42.19	27.51	45.89	37.36	25.61	0.0	54.23	36.5	55.0	10.77	88.32	21.84	61.4	68.71	36.4	60.21	81.39	29.53	97.45	10.0	33.0	73.33	45.0	84.12	33.29	88.2	36.88	75.27	24.02
21	40.01	30.41	54.08	77.34	91.84	63.81	64.63	25.08	35.36	73.82	74.4	72.11	77.37	28.44	50.0	31.76	38.42	63.69	34.01	30.41	54.23	0.0	20.52	60.46	47.17	97.84	32.65	58.73	86.45	34.44	26.0	87.78	25.0	56.09	63.57	27.02	77.16	21.59	53.94	22.2	80.16	44.6	55.9	34.06
22	29.53	17.49	43.86	82.29	91.35	71.84	79.16	10.3	29.0	80.41	80.78	79.38	69.84	43.93	66.49	33.11	18.03	59.55	16.0	18.87	36.5	20.52	0.0	60.8	27.86	99.2	15.0	62.18	84.17	16.03	39.2	89.87	12.81	74.33	46.39	6.71	79.61	10.82	68.12	14.42	87.32	41.04	65.92	13.89
23	36.4	78.24	31.26	25.0	31.4	25.61	50.8	51.62	32.65	26.93	26.68	27.86	29.15	45.4	52.5	29.07	69.08	13.45	74.3	43.83	55.0	60.46	60.8	0.0	59.84	38.42	53.31	9.22	26.57	73.82	41.23	29.15	48.55	64.51	55.9	64.14	19.31	71.06	44.28	46.4	33.54	20.62	29.68	60.93
24	24.0	35.36	31.3	84.59	85.49	79.23	94.24	22.67	30.41	85.05	85.09	85.0	56.22	63.51	85.0	41.76	16.76	52.55	26.68	22.36	10.77	47.17	27.86	59.84	0.0	95.27	14.87	65.07	76.48	25.71	57.45	87.64	24.08	94.87	20.4	23.35	78.85	35.23	83.57	28.43	92.09	40.05	76.49	14.32
25	73.36	116.61	64.2	24.52	11.05	41.23	65.0	89.87	70.72	31.26	30.27	34.23	45.01	77.83	75.31	67.21	106.47	42.72	112.36	81.84	88.32	97.84	99.2	38.42	95.27	0.0	90.92	39.2	21.02	111.83	75.47	10.3	86.84	85.48	86.15	102.34	20.81	109.48	64.94	84.81	30.15	58.52	50.96	98.49
26	17.8	28.3	30.81	76.92	82.1	69.18	81.49	7.81	20.88	76.3	76.49	75.8	57.2	49.24	71.18	30.02	15.81	49.2	21.93	10.05	21.84	32.65	15.0	53.31	14.87	90.92	0.0	56.75	74.03	21.26	43.38	82.29	9.43	80.62	31.58	13.42	72.62	24.74	70.6	13.89	83.36	32.7	65.12	7.62
27	41.11	79.65	38.6	20.25	34.54	16.64	41.62	53.85	35.9	20.0	20.02	20.22	38.28	39.85	44.15	29.15	72.53	22.63	76.69	46.84	61.4	58.73	62.18	9.22	65.07	39.2	56.75	0.0	32.14	76.32	36.67	29.07	50.7	56.04	63.32	66.31	18.44	71.87	35.47	47.85	27.02	25.02	20.59	64.29
28	56.22	101.14	45.18	29.68	10.0	42.45	69.26	74.25	55.17	36.24	35.36	38.91	24.0	71.59	75.33	54.71	89.05	24.84	95.9	65.8	68.71	86.45	84.17	26.57	76.48	21.02	74.03	32.14	0.0	95.27	67.72	18.87	71.42	86.83	65.73	86.37	20.12	94.85	65.76	70.18	39.2	43.28	50.49	81.4
29	39.05	10.05	51.74	96.57	103.23	87.1	95.19	22.47	41.18	95.21	95.51	94.37	78.1	59.84	82.38	47.8	9.06	70.43	1.0	30.02	36.4	34.44	16.03	73.82	25.71	111.83	21.26	76.32	95.27	0.0	55.23	102.96	25.63	89.84	46.1	10.2	93.02	14.14	84.15	28.86	102.2	53.34	81.61	14.21
30	39.05	54.23	48.75	53.15	71.18	38.42	40.01	36.4	31.4	48.84	49.52	46.86	65.19	6.4	27.86	20.12	55.79	49.0	55.15	35.23	60.21	26.0	39.2	41.23	57.45	75.47	43.38	36.67	67.72	55.23	0.0	65.19	34.01	37.44	67.27	45.54	54.71	45.28	29.0	29.55	54.82	33.24	30.02	48.7
31	65.0	107.34	57.07	15.0	11.66	31.4	56.22	80.78	61.77	22.02	21.02	25.02	41.23	67.54	65.62	57.49	97.99	35.51	103.45	72.95	81.39	87.78	89.87	29.15	87.64	10.3	82.29	29.07	18.87	102.96	65.19	0.0	77.7	76.11	80.16	93.3	10.63	100.0	55.33	75.45	22.47	49.65	41.0	89.9
32	17.09	29.83	31.62	70.94	78.75	61.81	72.57	3.16	16.28	69.64	69.92	68.88	57.25	39.82	61.85	22.36	23.0	46.75	26.0	6.32	29.53	25.0	12.81	48.55	24.08	86.84	9.43	50.7	71.42	25.63	34.01	77.7	0.0	71.2	38.63	15.65	67.6	23.6	61.61	4.47	76.66	28.43	57.01	15.13
33	75.74	86.49	83.24	61.13	86.02	45.01	21.93	73.36	67.94	54.23	55.23	51.24	93.23	31.38	12.08	55.87	91.92	76.56	89.56	72.67	97.45	56.09	74.33	64.51	94.87	85.48	80.62	56.04	86.83	89.84	37.44	76.11	71.2	0.0	104.0	80.99	68.07	77.67	21.1	66.73	56.29	66.4	36.35	85.43
34	28.28	55.73	24.74	80.62	75.5	79.38	99.13	38.6	36.07	82.76	82.57	83.43	42.72	73.66	92.96	48.17	37.11	45.01	47.07	34.0	10.0	63.57	46.39	55.9	20.4	86.15	31.58	63.32	65.73	46.1	67.27	80.16	38.63	104.0	0.0	43.0	73.06	55.0	89.31	42.05	89.44	40.25	79.16	34.01
35	30.48	15.0	44.1	86.54	94.02	76.9	85.38	12.53	31.62	85.07	85.38	84.2	70.46	50.45	73.01	37.64	11.4	61.55	10.44	20.62	33.0	27.02	6.71	64.14	23.35	102.34	13.42	66.31	86.37	10.2	45.54	93.3	15.65	80.99	43.0	0.0	83.24	12.0	74.33	18.68	92.05	43.83	71.45	9.06
36	55.66	97.1	49.09	9.9	18.03	23.09	49.48	70.71	51.89	16.12	15.26	18.79	37.59	57.27	57.04	47.01	88.39	28.07	93.48	63.07	73.33	77.16	79.61	19.31	78.85	20.81	72.62	18.44	20.12	93.02	54.71	10.63	67.6	68.07	73.06	83.24	0.0	89.63	47.01	65.19	19.85	39.92	32.06	80.23
37	40.31	9.0	54.56	91.79	101.86	80.41	85.09	21.1	39.7	89.47	89.9	88.24	80.62	49.0	71.18	42.72	21.02	70.29	13.45	29.68	45.0	21.59	10.82	71.06	35.23	109.48	24.74	71.87	94.85	14.14	45.28	100.0	23.6	77.67	55.0	12.0	89.63	0.0	74.17	24.76	96.25	51.62	73.76	21.02
38	61.77	83.15	66.6	40.45	65.0	24.02	11.05	64.33	54.12	33.73	34.71	30.81	73.36	25.5	10.44	42.05	84.17	56.94	84.1	61.35	84.12	53.94	68.12	44.28	83.57	64.94	70.6	35.47	65.76	84.15	29.0	55.33	61.61	21.1	89.31	74.33	47.01	74.17	0.0	57.27	36.77	49.68	15.3	76.69
39	18.11	31.91	32.56	68.03	77.1	58.25	68.25	7.07	15.26	66.41	66.73	65.52	57.38	35.36	57.38	18.97	27.07	45.8	29.12	8.25	33.29	22.2	14.42	46.4	28.43	84.81	13.89	47.85	70.18	28.86	29.55	75.45	4.47	66.73	42.05	18.68	65.19	24.76	57.27	0.0	73.38	26.91	53.08	19.42
40	68.12	104.55	64.78	10.0	34.01	16.4	35.13	79.81	62.65	7.07	7.0	8.06	57.14	55.15	47.17	54.41	99.04	45.54	102.49	73.35	88.2	80.16	87.32	33.54	92.09	30.15	83.36	27.02	39.2	102.2	54.82	22.47	76.66	56.29	89.44	92.05	19.85	96.25	36.77	73.38	0.0	52.04	25.5	90.8
41	16.12	58.26	16.97	44.72	50.33	39.81	59.08	31.4	12.21	45.01	45.04	45.04	33.24	39.22	54.67	14.0	48.47	19.24	53.85	23.32	36.88	44.6	41.04	20.62	40.05	58.52	32.7	25.02	43.28	53.34	33.24	49.65	28.43	66.4	40.25	43.83	39.92	51.62	49.68	26.91	52.04	0.0	38.91	40.31
42	53.16	82.46	55.23	26.57	50.09	9.85	21.26	60.03	46.1	20.59	21.47	18.03	58.83	29.73	25.0	35.13	80.01	42.8	81.74	55.23	75.27	55.9	65.92	29.68	76.49	50.96	65.12	20.59	50.49	81.61	30.02	41.0	57.01	36.35	79.16	71.45	32.06	73.76	15.3	53.08	25.5	38.91	0.0	72.01
43	25.24	22.47	37.54	84.48	89.59	76.42	87.66	12.37	28.46	83.74	83.95	83.19	63.89	54.23	76.55	37.05	8.25	56.61	15.0	17.46	24.02	34.06	13.89	60.93	14.32	98.49	7.62	64.29	81.4	14.21	48.7	89.9	15.13	85.43	34.01	9.06	80.23	21.02	76.69	19.42	90.8	40.31	72.01	0.0
;
