set K:= 1	2	3	4	5	6;
set C_H:= 1	2	3	4	5	6	7	8	9	10	11	12;
set C_S:= 13	14	15	16	17	18	19	20	21	22;
set C_F:= 23	24	25	26	27	28	29	30	31	32;
set M:= 33	34;
set M_B:= 35	36;
set L_B:= 37	38	39	40	41	42;
set A1:=
(0,*) 1 2 3 4 5 6 7 8 9 10 11 12 23 24 25 26 27 28 29 30 31 32 33 34 35 36 37 38 39 40 41 42
(1,*) 0 2 3 4 5 6 7 8 9 10 11 12 23 24 25 26 27 28 29 30 31 32 33 34 35 36 37 38 39 40 41 42
(2,*) 0 1 3 4 5 6 7 8 9 10 11 12 23 24 25 26 27 28 29 30 31 32 33 34 35 36 37 38 39 40 41 42
(3,*) 0 1 2 4 5 6 7 8 9 10 11 12 23 24 25 26 27 28 29 30 31 32 33 34 35 36 37 38 39 40 41 42
(4,*) 0 1 2 3 5 6 7 8 9 10 11 12 23 24 25 26 27 28 29 30 31 32 33 34 35 36 37 38 39 40 41 42
(5,*) 0 1 2 3 4 6 7 8 9 10 11 12 23 24 25 26 27 28 29 30 31 32 33 34 35 36 37 38 39 40 41 42
(6,*) 0 1 2 3 4 5 7 8 9 10 11 12 23 24 25 26 27 28 29 30 31 32 33 34 35 36 37 38 39 40 41 42
(7,*) 0 1 2 3 4 5 6 8 9 10 11 12 23 24 25 26 27 28 29 30 31 32 33 34 35 36 37 38 39 40 41 42
(8,*) 0 1 2 3 4 5 6 7 9 10 11 12 23 24 25 26 27 28 29 30 31 32 33 34 35 36 37 38 39 40 41 42
(9,*) 0 1 2 3 4 5 6 7 8 10 11 12 23 24 25 26 27 28 29 30 31 32 33 34 35 36 37 38 39 40 41 42
(10,*) 0 1 2 3 4 5 6 7 8 9 11 12 23 24 25 26 27 28 29 30 31 32 33 34 35 36 37 38 39 40 41 42
(11,*) 0 1 2 3 4 5 6 7 8 9 10 12 23 24 25 26 27 28 29 30 31 32 33 34 35 36 37 38 39 40 41 42
(12,*) 0 1 2 3 4 5 6 7 8 9 10 11 23 24 25 26 27 28 29 30 31 32 33 34 35 36 37 38 39 40 41 42
(23,*) 0 1 2 3 4 5 6 7 8 9 10 11 12 24 25 26 27 28 29 30 31 32 33 34 35 36 37 38 39 40 41 42
(24,*) 0 1 2 3 4 5 6 7 8 9 10 11 12 23 25 26 27 28 29 30 31 32 33 34 35 36 37 38 39 40 41 42
(25,*) 0 1 2 3 4 5 6 7 8 9 10 11 12 23 24 26 27 28 29 30 31 32 33 34 35 36 37 38 39 40 41 42
(26,*) 0 1 2 3 4 5 6 7 8 9 10 11 12 23 24 25 27 28 29 30 31 32 33 34 35 36 37 38 39 40 41 42
(27,*) 0 1 2 3 4 5 6 7 8 9 10 11 12 23 24 25 26 28 29 30 31 32 33 34 35 36 37 38 39 40 41 42
(28,*) 0 1 2 3 4 5 6 7 8 9 10 11 12 23 24 25 26 27 29 30 31 32 33 34 35 36 37 38 39 40 41 42
(29,*) 0 1 2 3 4 5 6 7 8 9 10 11 12 23 24 25 26 27 28 30 31 32 33 34 35 36 37 38 39 40 41 42
(30,*) 0 1 2 3 4 5 6 7 8 9 10 11 12 23 24 25 26 27 28 29 31 32 33 34 35 36 37 38 39 40 41 42
(31,*) 0 1 2 3 4 5 6 7 8 9 10 11 12 23 24 25 26 27 28 29 30 32 33 34 35 36 37 38 39 40 41 42
(32,*) 0 1 2 3 4 5 6 7 8 9 10 11 12 23 24 25 26 27 28 29 30 31 33 34 35 36 37 38 39 40 41 42
(33,*) 0 1 2 3 4 5 6 7 8 9 10 11 12 23 24 25 26 27 28 29 30 31 32 34 35 36 37 38 39 40 41 42
(34,*) 0 1 2 3 4 5 6 7 8 9 10 11 12 23 24 25 26 27 28 29 30 31 32 33 35 36 37 38 39 40 41 42
(35,*) 0 1 2 3 4 5 6 7 8 9 10 11 12 23 24 25 26 27 28 29 30 31 32 33 34 36 37 38 39 40 41 42
(36,*) 0 1 2 3 4 5 6 7 8 9 10 11 12 23 24 25 26 27 28 29 30 31 32 33 34 35 37 38 39 40 41 42
(37,*) 0 1 2 3 4 5 6 7 8 9 10 11 12 23 24 25 26 27 28 29 30 31 32 33 34 35 36 38 39 40 41 42
(38,*) 0 1 2 3 4 5 6 7 8 9 10 11 12 23 24 25 26 27 28 29 30 31 32 33 34 35 36 37 39 40 41 42
(39,*) 0 1 2 3 4 5 6 7 8 9 10 11 12 23 24 25 26 27 28 29 30 31 32 33 34 35 36 37 38 40 41 42
(40,*) 0 1 2 3 4 5 6 7 8 9 10 11 12 23 24 25 26 27 28 29 30 31 32 33 34 35 36 37 38 39 41 42
(41,*) 0 1 2 3 4 5 6 7 8 9 10 11 12 23 24 25 26 27 28 29 30 31 32 33 34 35 36 37 38 39 40 42
(42,*) 0 1 2 3 4 5 6 7 8 9 10 11 12 23 24 25 26 27 28 29 30 31 32 33 34 35 36 37 38 39 40 41
;
param BigM:=99999;
param n:= 6;
param d:=
1	7
2	16
3	17
4	21
5	25
6	11
7	25
8	21
9	11
10	11
11	22
12	25
13	26
14	6
15	15
16	7
17	17
18	17
19	22
20	16
21	21
22	22
23	17
24	15
25	5
26	1
27	66
28	16
29	10
30	7
31	21
32	2
;
param Q:=100;
param e:
	33	34	35	36	37	38	39	40	41	42:=
13		1		0		1		0		1		0		0		0		0		0	
14		1		0		1		0		0		0		1		0		0		0	
15		1		0		1		0		1		0		0		0		0		0	
16		0		1		0		1		0		1		0		0		0		0	
17		0		1		0		1		1		0		0		0		0		0	
18		1		0		1		0		1		0		0		0		0		0	
19		1		0		1		0		0		1		1		0		0		0	
20		1		0		1		0		0		0		0		0		0		1	
21		1		0		1		0		1		0		0		0		0		0	
22		0		1		0		1		1		0		0		1		1		0	
23		1		0		1		0		0		1		0		0		0		0	
24		1		0		1		0		1		0		0		0		0		0	
25		1		0		1		0		1		1		1		1		1		0	
26		0		1		0		1		1		0		0		1		1		0	
27		0		1		0		1		0		1		0		0		0		0	
28		0		1		0		1		1		1		1		1		1		1	
29		1		1		1		1		1		0		0		0		0		0	
30		0		1		0		1		0		1		0		0		0		0	
31		0		1		0		1		1		0		0		1		1		1	
32		0		1		0		1		0		0		0		0		0		1	
;
param p:=
1	3
2	3
3	3
4	3
5	3
6	3
;
param G:=
33	99
34	96
35	99
36	96
37	77
38	71
39	83
40	72
41	90
42	80
;
param s:=
0	0
1	10
2	10
3	10
4	10
5	10
6	10
7	10
8	10
9	10
10	10
11	10
12	10
23	10
24	10
25	10
26	10
27	10
28	10
29	10
30	10
31	10
32	10
33	10
34	10
35	10
36	10
37	10
38	10
39	10
40	10
41	10
42	10
;
param t:
	0	1	2	3	4	5	6	7	8	9	10	11	12	13	14	15	16	17	18	19	20	21	22	23	24	25	26	27	28	29	30	31	32	33	34	35	36	37	38	39	40	41	42:=
0	0.0	34.66	56.61	71.85	43.01	28.02	64.64	23.35	42.45	21.47	36.36	68.35	37.54	26.4	61.07	36.67	39.66	24.7	30.08	41.48	49.34	57.72	9.43	60.8	59.17	31.02	12.73	35.47	14.04	61.91	55.15	5.83	31.06	64.88	18.36	64.88	18.36	12.65	35.74	27.2	16.12	20.12	22.02
1	34.66	0.0	22.85	38.48	51.2	9.06	31.38	52.0	38.48	55.61	70.43	63.25	72.18	14.0	26.63	12.73	74.03	34.01	14.56	21.26	23.77	32.57	38.08	27.31	26.68	14.87	37.16	59.03	26.0	29.83	51.97	40.31	50.64	33.54	52.5	33.54	52.5	24.19	17.2	9.22	19.42	17.09	23.19
2	56.61	22.85	0.0	26.48	71.03	31.62	21.93	74.85	44.28	77.94	91.22	76.56	94.02	36.14	6.08	30.0	96.26	55.9	35.36	35.69	18.03	21.47	60.83	18.87	5.83	35.23	60.01	81.49	48.85	24.41	54.23	62.01	65.74	28.3	73.66	28.3	73.66	46.96	35.01	31.95	40.61	39.92	40.0
3	71.85	38.48	26.48	0.0	70.23	43.83	7.21	84.39	70.0	91.44	108.17	65.19	108.71	46.1	20.88	36.07	109.71	61.61	43.14	35.51	44.41	47.43	72.92	11.18	30.68	42.43	70.71	87.13	60.21	10.82	80.62	77.67	88.32	10.2	90.14	10.2	90.14	59.82	39.05	44.65	57.71	52.01	61.03
4	43.01	51.2	71.03	70.23	0.0	42.72	64.56	31.06	80.45	45.4	66.27	29.02	60.07	37.64	72.11	41.05	57.56	20.0	36.67	36.35	74.73	83.68	34.48	62.59	76.16	36.5	30.53	23.41	33.42	59.77	94.4	45.65	74.06	60.17	53.45	60.17	53.45	37.01	36.01	43.01	47.43	38.01	58.01
5	28.02	9.06	31.62	43.83	42.72	0.0	36.62	43.38	42.2	48.1	64.35	57.28	65.12	5.1	34.89	10.0	66.53	25.0	7.07	17.72	32.02	41.0	30.0	32.8	35.69	7.81	28.65	50.01	17.49	34.0	56.22	33.84	49.01	37.16	46.32	37.16	46.32	16.28	12.08	1.0	15.13	8.6	22.8
6	64.64	31.38	21.93	7.21	64.56	36.62	0.0	77.47	64.12	84.29	100.96	61.98	101.53	38.95	17.2	29.0	102.59	54.92	36.07	29.07	39.29	43.38	65.8	4.12	26.93	35.38	63.66	80.62	53.08	5.0	75.31	70.46	81.49	7.21	82.93	7.21	82.93	52.63	32.2	37.44	50.54	44.82	54.12
7	23.35	52.0	74.85	84.39	31.06	43.38	77.47	0.0	65.73	14.56	35.23	60.01	29.43	39.45	78.26	48.6	27.86	23.6	41.62	49.52	70.86	79.63	15.03	74.2	78.43	42.2	14.87	13.45	26.0	73.66	78.11	21.93	50.0	75.66	24.41	75.66	24.41	28.16	45.34	42.95	37.22	34.93	45.1
8	42.45	38.48	44.28	70.0	80.45	42.2	64.12	65.73	0.0	60.01	63.25	99.25	70.41	46.1	50.36	50.61	74.81	60.46	49.2	59.17	26.68	29.15	51.55	60.21	42.2	50.0	53.85	77.79	47.17	64.63	14.14	44.41	28.3	68.73	50.25	68.73	50.25	43.57	54.08	41.4	33.02	43.19	22.47
9	21.47	55.61	77.94	91.44	45.4	48.1	84.29	14.56	60.01	0.0	21.0	74.17	17.49	45.34	82.2	55.44	18.44	34.48	48.41	58.31	70.58	78.75	18.6	80.66	80.62	49.2	21.47	26.93	31.24	81.06	70.86	16.76	39.4	83.6	11.66	83.6	11.66	31.83	53.25	47.42	37.59	39.6	42.45
10	36.36	70.43	91.22	108.17	66.27	64.35	100.96	35.23	63.25	21.0	0.0	95.13	10.82	62.65	96.21	72.95	16.64	54.92	66.19	77.08	80.45	87.46	37.64	97.08	92.85	67.08	41.23	46.17	49.24	98.27	70.71	30.53	36.35	101.21	18.03	101.21	18.03	48.76	71.59	63.51	51.09	56.44	52.01
11	68.35	63.25	76.56	65.19	29.02	57.28	61.98	60.01	99.25	74.17	95.13	0.0	89.09	53.15	75.27	50.61	86.47	43.66	50.21	42.44	86.27	94.34	61.13	61.85	82.35	49.5	57.01	51.79	55.9	57.07	113.36	72.12	98.9	55.44	81.39	55.44	81.39	59.06	46.1	58.0	67.68	56.61	78.01
12	37.54	72.18	94.02	108.71	60.07	65.12	101.53	29.43	70.41	17.49	10.82	89.09	0.0	62.63	98.6	72.8	5.83	51.62	65.8	75.8	85.0	92.61	36.06	97.84	96.26	66.61	38.95	38.33	48.6	98.41	79.1	32.02	45.01	101.02	21.02	101.02	21.02	48.92	70.72	64.38	53.41	56.73	56.36
13	26.4	14.0	36.14	46.1	37.64	5.1	38.95	39.45	46.1	45.34	62.65	53.15	62.63	0.0	39.0	10.3	63.66	20.02	4.0	16.0	37.11	46.1	26.87	35.36	40.45	5.0	25.0	45.35	14.14	35.81	60.21	32.2	50.36	38.59	44.72	38.59	44.72	13.89	10.0	5.39	16.28	6.32	25.5
14	61.07	26.63	6.08	20.88	72.11	34.89	17.2	78.26	50.36	82.2	96.21	75.27	98.6	39.0	0.0	31.58	100.6	58.24	37.64	36.01	24.0	26.57	64.66	14.87	9.85	37.36	63.53	84.12	52.35	20.52	60.13	66.6	71.59	24.08	78.49	24.08	78.49	50.77	36.35	35.36	45.28	43.42	45.49
15	36.67	12.73	30.0	36.07	41.05	10.0	29.0	48.6	50.61	55.44	72.95	50.61	72.8	10.3	31.58	0.0	73.66	26.93	7.07	8.6	35.85	44.28	36.88	25.61	35.13	6.4	34.66	52.92	24.21	25.61	64.35	42.49	59.01	28.3	55.01	28.3	55.01	24.19	5.1	11.0	25.08	16.55	32.56
16	39.66	74.03	96.26	109.71	57.56	66.53	102.59	27.86	74.81	18.44	16.64	86.47	5.83	63.66	100.6	73.66	0.0	51.0	66.6	76.03	88.14	96.01	36.8	99.01	98.79	67.36	39.2	35.0	49.52	99.25	84.01	34.48	50.16	101.67	24.74	101.67	24.74	50.25	71.22	65.86	55.76	58.0	59.62
17	24.7	34.01	55.9	61.61	20.0	25.0	54.92	23.6	60.46	34.48	54.92	43.66	51.62	20.02	58.24	26.93	51.0	0.0	20.62	26.25	56.57	65.62	18.03	51.97	60.41	20.88	14.0	26.0	13.45	50.8	74.4	28.64	55.47	52.5	39.0	52.5	39.0	17.03	22.83	25.02	27.46	18.68	38.01
18	30.08	14.56	35.36	43.14	36.67	7.07	36.07	41.62	49.2	48.41	66.19	50.21	65.8	4.0	37.64	7.07	66.6	20.62	0.0	12.0	38.28	47.13	29.83	32.65	40.05	1.0	27.59	46.49	17.2	32.65	63.25	35.85	54.33	35.23	48.33	35.23	48.33	17.46	6.0	7.81	20.22	10.2	29.15
19	41.48	21.26	35.69	35.51	36.35	17.72	29.07	49.52	59.17	58.31	77.08	42.44	75.8	16.0	36.01	8.6	76.03	26.25	12.0	0.0	43.83	51.97	39.82	26.57	41.23	11.0	36.89	51.62	27.86	24.7	72.95	47.13	66.27	26.25	59.46	26.25	59.46	28.86	6.0	18.68	32.14	22.09	40.52
20	49.34	23.77	18.03	44.41	74.73	32.02	39.29	70.86	26.68	70.58	80.45	86.27	85.0	37.11	24.0	35.85	88.14	56.57	38.28	43.83	0.0	9.06	55.9	35.74	15.52	38.63	56.32	80.02	46.01	40.85	36.22	53.85	50.8	44.94	64.01	44.94	64.01	43.1	40.71	31.78	33.73	38.12	28.65
21	57.72	32.57	21.47	47.43	83.68	41.0	43.38	79.63	29.15	78.75	87.46	94.34	92.61	46.1	26.57	44.28	96.01	65.62	47.13	51.97	9.06	0.0	64.63	40.31	16.76	47.43	65.19	89.01	55.0	45.79	35.36	61.98	55.87	49.74	71.59	49.74	71.59	52.04	49.24	40.79	42.43	47.17	36.4
22	9.43	38.08	60.83	72.92	34.48	30.0	65.8	15.03	51.55	18.6	37.64	61.13	36.06	26.87	64.66	36.88	36.8	18.03	29.83	39.82	55.9	64.63	0.0	62.23	64.08	30.61	4.12	26.25	12.73	62.48	64.47	11.18	39.82	65.0	21.02	65.0	21.02	13.89	34.67	29.41	22.2	21.4	30.27
23	60.8	27.31	18.87	11.18	62.59	32.8	4.12	74.2	60.21	80.66	97.08	61.85	97.84	35.36	14.87	25.61	99.01	51.97	32.65	26.57	35.74	40.31	62.23	0.0	24.21	32.02	60.21	77.83	49.5	5.66	71.59	66.61	77.37	9.43	79.06	9.43	79.06	48.92	29.15	33.6	46.53	41.11	50.0
24	59.17	26.68	5.83	30.68	76.16	35.69	26.93	78.43	42.2	80.62	92.85	82.35	96.26	40.45	9.85	35.13	98.79	60.41	40.05	41.23	15.52	16.76	64.08	24.21	0.0	40.01	63.57	85.7	52.5	29.83	51.0	64.35	65.51	33.6	75.6	33.6	75.6	50.33	40.2	35.9	43.05	43.68	41.01
25	31.02	14.87	35.23	42.43	36.5	7.81	35.38	42.2	50.0	49.2	67.08	49.5	66.61	5.0	37.36	6.4	67.36	20.88	1.0	11.0	38.63	47.43	30.61	32.02	40.01	0.0	28.28	46.82	18.03	31.89	64.03	36.77	55.33	34.41	49.24	34.41	49.24	18.38	5.0	8.6	21.21	11.18	30.08
26	12.73	37.16	60.01	70.71	30.53	28.65	63.66	14.87	53.85	21.47	41.23	57.01	38.95	25.0	63.53	34.66	39.2	14.0	27.59	36.89	56.32	65.19	4.12	60.21	63.57	28.28	0.0	24.33	11.18	60.14	67.08	15.23	43.6	62.48	25.0	62.48	25.0	13.34	32.02	28.18	23.02	20.12	32.02
27	35.47	59.03	81.49	87.13	23.41	50.01	80.62	13.45	77.79	26.93	46.17	51.79	38.33	45.35	84.12	52.92	35.0	26.0	46.49	51.62	80.02	89.01	26.25	77.83	85.7	46.82	24.33	0.0	34.01	76.32	90.62	34.99	63.41	77.67	37.64	77.67	37.64	37.01	48.75	49.82	47.27	42.3	56.29
28	14.04	26.0	48.85	60.21	33.42	17.49	53.08	26.0	47.17	31.24	49.24	55.9	48.6	14.14	52.35	24.21	49.52	13.45	17.2	27.86	46.01	55.0	12.73	49.5	52.5	18.03	11.18	34.01	0.0	49.82	61.03	19.42	43.08	52.43	31.62	52.43	31.62	3.61	22.36	17.0	14.32	8.94	24.7
29	61.91	29.83	24.41	10.82	59.77	34.0	5.0	73.66	64.63	81.06	98.27	57.07	98.41	35.81	20.52	25.61	99.25	50.8	32.65	24.7	40.85	45.79	62.48	5.66	29.83	31.89	60.14	76.32	49.82	0.0	76.4	67.74	80.41	4.12	80.26	4.12	80.26	49.65	28.32	34.89	48.47	41.88	52.95
30	55.15	51.97	54.23	80.62	94.4	56.22	75.31	78.11	14.14	70.86	70.71	113.36	79.1	60.21	60.13	64.35	84.01	74.4	63.25	72.95	36.22	35.36	64.47	71.59	51.0	64.03	67.08	90.62	61.03	76.4	0.0	56.32	34.37	80.52	60.21	80.52	60.21	57.43	68.01	55.44	47.01	57.31	36.4
31	5.83	40.31	62.01	77.67	45.65	33.84	70.46	21.93	44.41	16.76	30.53	72.12	32.02	32.2	66.6	42.49	34.48	28.64	35.85	47.13	53.85	61.98	11.18	66.61	64.35	36.77	15.23	34.99	19.42	67.74	56.32	0.0	29.0	70.71	12.53	70.71	12.53	18.38	41.44	33.02	21.4	25.94	25.71
32	31.06	50.64	65.74	88.32	74.06	49.01	81.49	50.0	28.3	39.4	36.35	98.9	45.01	50.36	71.59	59.01	50.16	55.47	54.33	66.27	50.8	55.87	39.82	77.37	65.51	55.33	43.6	63.41	43.08	80.41	34.37	29.0	0.0	84.17	27.86	84.17	27.86	40.16	60.3	48.01	34.13	44.72	27.46
33	64.88	33.54	28.3	10.2	60.17	37.16	7.21	75.66	68.73	83.6	101.21	55.44	101.02	38.59	24.08	28.3	101.67	52.5	35.23	26.25	44.94	49.74	65.0	9.43	33.6	34.41	62.48	77.67	52.43	4.12	80.52	70.71	84.17	0.0	83.24	0.0	83.24	52.48	30.48	38.08	51.87	44.78	56.72
34	18.36	52.5	73.66	90.14	53.45	46.32	82.93	24.41	50.25	11.66	18.03	81.39	21.02	44.72	78.49	55.01	24.74	39.0	48.33	59.46	64.01	71.59	21.02	79.06	75.6	49.24	25.0	37.64	31.62	80.26	60.21	12.53	27.86	83.24	0.0	83.24	0.0	30.87	53.85	45.49	33.24	38.47	35.36
35	64.88	33.54	28.3	10.2	60.17	37.16	7.21	75.66	68.73	83.6	101.21	55.44	101.02	38.59	24.08	28.3	101.67	52.5	35.23	26.25	44.94	49.74	65.0	9.43	33.6	34.41	62.48	77.67	52.43	4.12	80.52	70.71	84.17	0.0	83.24	0.0	83.24	52.48	30.48	38.08	51.87	44.78	56.72
36	18.36	52.5	73.66	90.14	53.45	46.32	82.93	24.41	50.25	11.66	18.03	81.39	21.02	44.72	78.49	55.01	24.74	39.0	48.33	59.46	64.01	71.59	21.02	79.06	75.6	49.24	25.0	37.64	31.62	80.26	60.21	12.53	27.86	83.24	0.0	83.24	0.0	30.87	53.85	45.49	33.24	38.47	35.36
37	12.65	24.19	46.96	59.82	37.01	16.28	52.63	28.16	43.57	31.83	48.76	59.06	48.92	13.89	50.77	24.19	50.25	17.03	17.46	28.86	43.1	52.04	13.89	48.92	50.33	18.38	13.34	37.01	3.61	49.65	57.43	18.38	40.16	52.48	30.87	52.48	30.87	0.0	23.09	15.62	10.77	7.81	21.1
38	35.74	17.2	35.01	39.05	36.01	12.08	32.2	45.34	54.08	53.25	71.59	46.1	70.72	10.0	36.35	5.1	71.22	22.83	6.0	6.0	40.71	49.24	34.67	29.15	40.2	5.0	32.02	48.75	22.36	28.32	68.01	41.44	60.3	30.48	53.85	30.48	53.85	23.09	0.0	13.0	26.17	16.12	34.79
39	27.2	9.22	31.95	44.65	43.01	1.0	37.44	42.95	41.4	47.42	63.51	58.0	64.38	5.39	35.36	11.0	65.86	25.02	7.81	18.68	31.78	40.79	29.41	33.6	35.9	8.6	28.18	49.82	17.0	34.89	55.44	33.02	48.01	38.08	45.49	38.08	45.49	15.62	13.0	0.0	14.14	8.06	21.84
40	16.12	19.42	40.61	57.71	47.43	15.13	50.54	37.22	33.02	37.59	51.09	67.68	53.41	16.28	45.28	25.08	55.76	27.46	20.22	32.14	33.73	42.43	22.2	46.53	43.05	21.21	23.02	47.27	14.32	48.47	47.01	21.4	34.13	51.87	33.24	51.87	33.24	10.77	26.17	14.14	0.0	11.18	10.63
41	20.12	17.09	39.92	52.01	38.01	8.6	44.82	34.93	43.19	39.6	56.44	56.61	56.73	6.32	43.42	16.55	58.0	18.68	10.2	22.09	38.12	47.17	21.4	41.11	43.68	11.18	20.12	42.3	8.94	41.88	57.31	25.94	44.72	44.78	38.47	44.78	38.47	7.81	16.12	8.06	11.18	0.0	21.4
42	22.02	23.19	40.0	61.03	58.01	22.8	54.12	45.1	22.47	42.45	52.01	78.01	56.36	25.5	45.49	32.56	59.62	38.01	29.15	40.52	28.65	36.4	30.27	50.0	41.01	30.08	32.02	56.29	24.7	52.95	36.4	25.71	27.46	56.72	35.36	56.72	35.36	21.1	34.79	21.84	10.63	21.4	0.0
;
