vehicles
vehicle_idx, capacity, cost_per_unit_distance
1,100,1
2,100,1
3,100,1
4,100,1
5,100,1
6,100,1
depot
node_idx,x,y
0,34,31
home delivery customers
node_idx,x,y,service_time,demand
1,45,55,10,26
2,70,80,10,17
3,85,61,10,15
4,75,90,10,17
5,71,84,10,11
6,1,9,10,7
7,25,54,10,17
8,45,59,10,17
9,45,71,10,22
10,15,21,10,11
11,90,45,10,21
12,31,26,10,21
self pickup customers
node_idx,x,y,service_time,demand,locker_idxs
13,50,64,10,15,43-44
14,80,64,10,16,43
15,50,54,10,25,42-33
16,35,45,10,16,40
17,81,46,10,16,43
18,85,10,10,7,35-38
19,75,20,10,21,41-38
20,15,0,10,11,34
21,10,95,10,22,36
22,51,5,10,2,41
flexible customers
node_idx,x,y,service_time,demand,locker_idxs
23,81,70,10,6,43-37
24,59,55,10,7,43-39-42-44
25,45,60,10,5,40-44-42-39-43
26,25,40,10,1,40-42-44-39
27,9,66,10,21,40
28,1,44,10,66,42
29,66,84,10,10,33-37
30,11,35,10,25,34
31,6,6,10,25,34
32,26,36,10,22,42-44-34
lockers
node_idx,x,y,service_time,capacity,cost_per_unit_good
33,65,88,10,89
34,25,15,10,97
35,93,12,10,71
36,22,88,10,99
37,77,88,10,98
38,72,14,10,84
39,45,48,10,96
40,21,62,10,94
41,61,17,10,96
42,38,50,10,70
43,60,68,10,72
44,48,40,10,97
mrt lines
start_node_idx,end_node_idx,freight_capacity,cost_per_unit_good
33,34,97,0.5
34,33,97,0.5
35,36,99,0.5
36,35,99,0.5
37,38,98,0.5
38,37,98,0.5
distance matrix
,0,1,2,3,4,5,6,7,8,9,10,11,12,13,14,15,16,17,18,19,20,21,22,23,24,25,26,27,28,29,30,31,32,33,34,35,36,37,38,39,40,41,42,43,44,
0,0.0,26.4,60.8,59.17,71.85,64.64,39.66,24.7,30.08,41.48,21.47,57.72,5.83,36.67,56.61,28.02,14.04,49.34,55.15,42.45,36.36,68.35,31.06,61.07,34.66,31.02,12.73,43.01,35.47,61.91,23.35,37.54,9.43,64.88,18.36,61.98,58.25,71.4,41.63,20.25,33.62,30.41,19.42,45.22,16.64
1,26.4,0.0,35.36,40.45,46.1,38.95,63.66,20.02,4.0,16.0,45.34,46.1,32.2,10.3,36.14,5.1,14.14,37.11,60.21,46.1,62.65,53.15,50.36,39.0,14.0,5.0,25.0,37.64,45.35,35.81,39.45,62.63,26.87,38.59,44.72,64.44,40.22,45.97,49.09,7.0,25.0,41.23,8.6,19.85,15.3
2,60.8,35.36,0.0,24.21,11.18,4.12,99.01,51.97,32.65,26.57,80.66,40.31,66.61,25.61,18.87,32.8,49.5,35.74,71.59,60.21,97.08,61.85,77.37,14.87,27.31,32.02,60.21,62.59,77.83,5.66,74.2,97.84,62.23,9.43,79.06,71.78,48.66,10.63,66.03,40.61,52.2,63.64,43.86,15.62,45.65
3,59.17,40.45,24.21,0.0,30.68,26.93,98.79,60.41,40.05,41.23,80.62,16.76,64.35,35.13,5.83,35.69,52.5,15.52,51.0,42.2,92.85,82.35,65.51,9.85,26.68,40.01,63.57,76.16,85.7,29.83,78.43,96.26,64.08,33.6,75.6,49.65,68.54,28.16,48.76,42.06,64.01,50.12,48.27,25.96,42.54
4,71.85,46.1,11.18,30.68,0.0,7.21,109.71,61.61,43.14,35.51,91.44,47.43,77.67,36.07,26.48,43.83,60.21,44.41,80.62,70.0,108.17,65.19,88.32,20.88,38.48,42.43,70.71,70.23,87.13,10.82,84.39,108.71,72.92,10.2,90.14,80.05,53.04,2.83,76.06,51.61,60.83,74.33,54.49,26.63,56.82
5,64.64,38.95,4.12,26.93,7.21,0.0,102.59,54.92,36.07,29.07,84.29,43.38,70.46,29.0,21.93,36.62,53.08,39.29,75.31,64.12,100.96,61.98,81.49,17.2,31.38,35.38,63.66,64.56,80.62,5.0,77.47,101.53,65.8,7.21,82.93,75.29,49.16,7.21,70.01,44.41,54.63,67.74,47.38,19.42,49.65
6,39.66,63.66,99.01,98.79,109.71,102.59,0.0,51.0,66.6,76.03,18.44,96.01,34.48,73.66,96.26,66.53,49.52,88.14,84.01,74.81,16.64,86.47,50.16,100.6,74.03,67.36,39.2,57.56,35.0,99.25,27.86,5.83,36.8,101.67,24.74,92.05,81.74,109.62,71.18,58.8,56.65,60.53,55.23,83.44,56.3
7,24.7,20.02,51.97,60.41,61.61,54.92,51.0,0.0,20.62,26.25,34.48,65.62,28.64,26.93,55.9,25.0,13.45,56.57,74.4,60.46,54.92,43.66,55.47,58.24,34.01,20.88,14.0,20.0,26.0,50.8,23.6,51.62,18.03,52.5,39.0,79.92,34.13,62.13,61.72,20.88,8.94,51.62,13.6,37.7,26.93
8,30.08,4.0,32.65,40.05,43.14,36.07,66.6,20.62,0.0,12.0,48.41,47.13,35.85,7.07,35.36,7.07,17.2,38.28,63.25,49.2,66.19,50.21,54.33,37.64,14.56,1.0,27.59,36.67,46.49,32.65,41.62,65.8,29.83,35.23,48.33,67.18,37.01,43.19,52.48,11.0,24.19,44.94,11.4,17.49,19.24
9,41.48,16.0,26.57,41.23,35.51,29.07,76.03,26.25,12.0,0.0,58.31,51.97,47.13,8.6,35.69,17.72,27.86,43.83,72.95,59.17,77.08,42.44,66.27,36.01,21.26,11.0,36.89,36.35,51.62,24.7,49.52,75.8,39.82,26.25,59.46,76.06,28.6,36.24,63.07,23.0,25.63,56.32,22.14,15.3,31.14
10,21.47,45.34,80.66,80.62,91.44,84.29,18.44,34.48,48.41,58.31,0.0,78.75,16.76,55.44,77.94,48.1,31.24,70.58,70.86,60.01,21.0,74.17,39.4,82.2,55.61,49.2,21.47,45.4,26.93,81.06,14.56,17.49,18.6,83.6,11.66,78.52,67.36,91.29,57.43,40.36,41.44,46.17,37.01,65.07,38.08
11,57.72,46.1,40.31,16.76,47.43,43.38,96.01,65.62,47.13,51.97,78.75,0.0,61.98,44.28,21.47,41.0,55.0,9.06,35.36,29.15,87.46,94.34,55.87,26.57,32.57,47.43,65.19,83.68,89.01,45.79,79.63,92.61,64.63,49.74,71.59,33.14,80.45,44.92,35.85,45.1,71.06,40.31,52.24,37.8,42.3
12,5.83,32.2,66.61,64.35,77.67,70.46,34.48,28.64,35.85,47.13,16.76,61.98,0.0,42.49,62.01,33.84,19.42,53.85,56.32,44.41,30.53,72.12,29.0,66.6,40.31,36.77,15.23,45.65,34.99,67.74,21.93,32.02,11.18,70.71,12.53,63.56,62.65,77.2,42.72,26.08,37.36,31.32,25.0,51.04,22.02
13,36.67,10.3,25.61,35.13,36.07,29.0,73.66,26.93,7.07,8.6,55.44,44.28,42.49,0.0,30.0,10.0,24.21,35.85,64.35,50.61,72.95,50.61,59.01,31.58,12.73,6.4,34.66,41.05,52.92,25.61,48.6,72.8,36.88,28.3,55.01,67.48,36.88,36.12,54.63,16.76,29.07,48.27,18.44,10.77,24.08
14,56.61,36.14,18.87,5.83,26.48,21.93,96.26,55.9,35.36,35.69,77.94,21.47,62.01,30.0,0.0,31.62,48.85,18.03,54.23,44.28,91.22,76.56,65.74,6.08,22.85,35.23,60.01,71.03,81.49,24.41,74.85,94.02,60.83,28.3,73.66,53.6,62.77,24.19,50.64,38.48,59.03,50.7,44.27,20.4,40.0
15,28.02,5.1,32.8,35.69,43.83,36.62,66.53,25.0,7.07,17.72,48.1,41.0,33.84,10.0,31.62,0.0,17.49,32.02,56.22,42.2,64.35,57.28,49.01,34.89,9.06,7.81,28.65,42.72,50.01,34.0,43.38,65.12,30.0,37.16,46.32,60.11,44.05,43.42,45.65,7.81,30.08,38.6,12.65,17.2,14.14
16,14.04,14.14,49.5,52.5,60.21,53.08,49.52,13.45,17.2,27.86,31.24,55.0,19.42,24.21,48.85,17.49,0.0,46.01,61.03,47.17,49.24,55.9,43.08,52.35,26.0,18.03,11.18,33.42,34.01,49.82,26.0,48.6,12.73,52.43,31.62,66.73,44.92,60.11,48.27,10.44,22.02,38.21,5.83,33.97,13.93
17,49.34,37.11,35.74,15.52,44.41,39.29,88.14,56.57,38.28,43.83,70.58,9.06,53.85,35.85,18.03,32.02,46.01,0.0,36.22,26.68,80.45,86.27,50.8,24.0,23.77,38.63,56.32,74.73,80.02,40.85,70.86,85.0,55.9,44.94,64.01,36.06,72.42,42.19,33.24,36.06,62.1,35.23,43.19,30.41,33.54
18,55.15,60.21,71.59,51.0,80.62,75.31,84.01,74.4,63.25,72.95,70.86,35.36,56.32,64.35,54.23,56.22,61.03,36.22,0.0,14.14,70.71,113.36,34.37,60.13,51.97,64.03,67.08,94.4,90.62,76.4,78.11,79.1,64.47,80.52,60.21,8.25,100.26,78.41,13.6,55.17,82.46,25.0,61.72,63.16,47.63
19,42.45,46.1,60.21,42.2,70.0,64.12,74.81,60.46,49.2,59.17,60.01,29.15,44.41,50.61,44.28,42.2,47.17,26.68,14.14,0.0,63.25,99.25,28.3,50.36,38.48,50.0,53.85,80.45,77.79,64.63,65.73,70.41,51.55,68.73,50.25,19.7,86.21,68.03,6.71,41.04,68.41,14.32,47.63,50.29,33.6
20,36.36,62.65,97.08,92.85,108.17,100.96,16.64,54.92,66.19,77.08,21.0,87.46,30.53,72.95,91.22,64.35,49.24,80.45,70.71,63.25,0.0,95.13,36.35,96.21,70.43,67.08,41.23,66.27,46.17,98.27,35.23,10.82,37.64,101.21,18.03,78.92,88.28,107.65,58.69,56.6,62.29,49.04,55.04,81.54,51.86
21,68.35,53.15,61.85,82.35,65.19,61.98,86.47,43.66,50.21,42.44,74.17,94.34,72.12,50.61,76.56,57.28,55.9,86.27,113.36,99.25,95.13,0.0,98.9,75.27,63.25,49.5,57.01,29.02,51.79,57.07,60.01,89.09,61.13,55.44,81.39,117.38,13.89,67.36,102.0,58.6,34.79,93.19,53.0,56.82,66.85
22,31.06,50.36,77.37,65.51,88.32,81.49,50.16,55.47,54.33,66.27,39.4,55.87,29.0,59.01,65.74,49.01,43.08,50.8,34.37,28.3,36.35,98.9,0.0,71.59,50.64,55.33,43.6,74.06,63.41,80.41,50.0,45.01,39.82,84.17,27.86,42.58,87.92,86.98,22.85,43.42,64.41,15.62,46.84,63.64,35.13
23,61.07,39.0,14.87,9.85,20.88,17.2,100.6,58.24,37.64,36.01,82.2,26.57,66.6,31.58,6.08,34.89,52.35,24.0,60.13,50.36,96.21,75.27,71.59,0.0,26.63,37.36,63.53,72.11,84.12,20.52,78.26,98.6,64.66,24.08,78.49,59.23,61.68,18.44,56.72,42.19,60.53,56.65,47.42,21.1,44.6
24,34.66,14.0,27.31,26.68,38.48,31.38,74.03,34.01,14.56,21.26,55.61,32.57,40.31,12.73,22.85,9.06,26.0,23.77,51.97,38.48,70.43,63.25,50.64,26.63,0.0,14.87,37.16,51.2,59.03,29.83,52.0,72.18,38.08,33.54,52.5,54.82,49.58,37.59,43.01,15.65,38.64,38.05,21.59,13.04,18.6
25,31.02,5.0,32.02,40.01,42.43,35.38,67.36,20.88,1.0,11.0,49.2,47.43,36.77,6.4,35.23,7.81,18.03,38.63,64.03,50.0,67.08,49.5,55.33,37.36,14.87,0.0,28.28,36.5,46.82,31.89,42.2,66.61,30.61,34.41,49.24,67.88,36.24,42.52,53.34,12.0,24.08,45.88,12.21,17.0,20.22
26,12.73,25.0,60.21,63.57,70.71,63.66,39.2,14.0,27.59,36.89,21.47,65.19,15.23,34.66,60.01,28.65,11.18,56.32,67.08,53.85,41.23,57.01,43.6,63.53,37.16,28.28,0.0,30.53,24.33,60.14,14.87,38.95,4.12,62.48,25.0,73.54,48.09,70.77,53.71,21.54,22.36,42.72,16.4,44.82,23.0
27,43.01,37.64,62.59,76.16,70.23,64.56,57.56,20.0,36.67,36.35,45.4,83.68,45.65,41.05,71.03,42.72,33.42,74.73,94.4,80.45,66.27,29.02,74.06,72.11,51.2,36.5,30.53,0.0,23.41,59.77,31.06,60.07,34.48,60.17,53.45,99.86,25.55,71.47,81.69,40.25,12.65,71.45,33.12,51.04,46.87
28,35.47,45.35,77.83,85.7,87.13,80.62,35.0,26.0,46.49,51.62,26.93,89.01,34.99,52.92,81.49,50.01,34.01,80.02,90.62,77.79,46.17,51.79,63.41,84.12,59.03,46.82,24.33,23.41,0.0,76.32,13.45,38.33,26.25,77.67,37.64,97.41,48.75,87.82,77.08,44.18,26.91,65.8,37.48,63.69,47.17
29,61.91,35.81,5.66,29.83,10.82,5.0,99.25,50.8,32.65,24.7,81.06,45.79,67.74,25.61,24.41,34.0,49.82,40.85,76.4,64.63,98.27,57.07,80.41,20.52,29.83,31.89,60.14,59.77,76.32,0.0,73.66,98.41,62.48,4.12,80.26,76.9,44.18,11.7,70.26,41.68,50.09,67.19,44.05,17.09,47.54
30,23.35,39.45,74.2,78.43,84.39,77.47,27.86,23.6,41.62,49.52,14.56,79.63,21.93,48.6,74.85,43.38,26.0,70.86,78.11,65.73,35.23,60.01,50.0,78.26,52.0,42.2,14.87,31.06,13.45,73.66,0.0,29.43,15.03,75.66,24.41,85.16,54.13,84.65,64.51,36.4,28.79,53.14,30.89,59.08,37.34
31,37.54,62.63,97.84,96.26,108.71,101.53,5.83,51.62,65.8,75.8,17.49,92.61,32.02,72.8,94.02,65.12,48.6,85.0,79.1,70.41,10.82,89.09,45.01,98.6,72.18,66.61,38.95,60.07,38.33,98.41,29.43,0.0,36.06,101.02,21.02,87.21,83.55,108.47,66.48,57.31,57.97,56.09,54.41,82.22,54.04
32,9.43,26.87,62.23,64.08,72.92,65.8,36.8,18.03,29.83,39.82,18.6,64.63,11.18,36.88,60.83,30.0,12.73,55.9,64.47,51.55,37.64,61.13,39.82,64.66,38.08,30.61,4.12,34.48,26.25,62.48,15.03,36.06,0.0,65.0,21.02,71.17,52.15,72.84,50.99,22.47,26.48,39.82,18.44,46.69,22.36
33,64.88,38.59,9.43,33.6,10.2,7.21,101.67,52.5,35.23,26.25,83.6,49.74,70.71,28.3,28.3,37.16,52.43,44.94,80.52,68.73,101.21,55.44,84.17,24.08,33.54,34.41,62.48,60.17,77.67,4.12,75.66,101.02,65.0,0.0,83.24,80.99,43.0,12.0,74.33,44.72,51.11,71.11,46.62,20.62,50.92
34,18.36,44.72,79.06,75.6,90.14,82.93,24.74,39.0,48.33,59.46,11.66,71.59,12.53,55.01,73.66,46.32,31.62,64.01,60.21,50.25,18.03,81.39,27.86,78.49,52.5,49.24,25.0,53.45,37.64,80.26,24.41,21.02,21.02,83.24,0.0,68.07,73.06,89.63,47.01,38.59,47.17,36.06,37.34,63.51,33.97
35,61.98,64.44,71.78,49.65,80.05,75.29,92.05,79.92,67.18,76.06,78.52,33.14,63.56,67.48,53.6,60.11,66.73,36.06,8.25,19.7,78.92,117.38,42.58,59.23,54.82,67.88,73.54,99.86,97.41,76.9,85.16,87.21,71.17,80.99,68.07,0.0,104.0,77.67,21.1,60.0,87.66,32.39,66.85,65.0,53.0
36,58.25,40.22,48.66,68.54,53.04,49.16,81.74,34.13,37.01,28.6,67.36,80.45,62.65,36.88,62.77,44.05,44.92,72.42,100.26,86.21,88.28,13.89,87.92,61.68,49.58,36.24,48.09,25.55,48.75,44.18,54.13,83.55,52.15,43.0,73.06,104.0,0.0,55.0,89.31,46.14,26.02,81.01,41.23,42.94,54.59
37,71.4,45.97,10.63,28.16,2.83,7.21,109.62,62.13,43.19,36.24,91.29,44.92,77.2,36.12,24.19,43.42,60.11,42.19,78.41,68.03,107.65,67.36,86.98,18.44,37.59,42.52,70.77,71.47,87.82,11.7,84.65,108.47,72.84,12.0,89.63,77.67,55.0,0.0,74.17,51.22,61.74,72.78,54.45,26.25,56.08
38,41.63,49.09,66.03,48.76,76.06,70.01,71.18,61.72,52.48,63.07,57.43,35.85,42.72,54.63,50.64,45.65,48.27,33.24,13.6,6.71,58.69,102.0,22.85,56.72,43.01,53.34,53.71,81.69,77.08,70.26,64.51,66.48,50.99,74.33,47.01,21.1,89.31,74.17,0.0,43.42,70.04,11.4,49.52,55.32,35.38
39,20.25,7.0,40.61,42.06,51.61,44.41,58.8,20.88,11.0,23.0,40.36,45.1,26.08,16.76,38.48,7.81,10.44,36.06,55.17,41.04,56.6,58.6,43.42,42.19,15.65,12.0,21.54,40.25,44.18,41.68,36.4,57.31,22.47,44.72,38.59,60.0,46.14,51.22,43.42,0.0,27.78,34.89,7.28,25.0,8.54
40,33.62,25.0,52.2,64.01,60.83,54.63,56.65,8.94,24.19,25.63,41.44,71.06,37.36,29.07,59.03,30.08,22.02,62.1,82.46,68.41,62.29,34.79,64.41,60.53,38.64,24.08,22.36,12.65,26.91,50.09,28.79,57.97,26.48,51.11,47.17,87.66,26.02,61.74,70.04,27.78,0.0,60.21,20.81,39.46,34.83
41,30.41,41.23,63.64,50.12,74.33,67.74,60.53,51.62,44.94,56.32,46.17,40.31,31.32,48.27,50.7,38.6,38.21,35.23,25.0,14.32,49.04,93.19,15.62,56.65,38.05,45.88,42.72,71.45,65.8,67.19,53.14,56.09,39.82,71.11,36.06,32.39,81.01,72.78,11.4,34.89,60.21,0.0,40.22,51.01,26.42
42,19.42,8.6,43.86,48.27,54.49,47.38,55.23,13.6,11.4,22.14,37.01,52.24,25.0,18.44,44.27,12.65,5.83,43.19,61.72,47.63,55.04,53.0,46.84,47.42,21.59,12.21,16.4,33.12,37.48,44.05,30.89,54.41,18.44,46.62,37.34,66.85,41.23,54.45,49.52,7.28,20.81,40.22,0.0,28.43,14.14
43,45.22,19.85,15.62,25.96,26.63,19.42,83.44,37.7,17.49,15.3,65.07,37.8,51.04,10.77,20.4,17.2,33.97,30.41,63.16,50.29,81.54,56.82,63.64,21.1,13.04,17.0,44.82,51.04,63.69,17.09,59.08,82.22,46.69,20.62,63.51,65.0,42.94,26.25,55.32,25.0,39.46,51.01,28.43,0.0,30.46
44,16.64,15.3,45.65,42.54,56.82,49.65,56.3,26.93,19.24,31.14,38.08,42.3,22.02,24.08,40.0,14.14,13.93,33.54,47.63,33.6,51.86,66.85,35.13,44.6,18.6,20.22,23.0,46.87,47.17,47.54,37.34,54.04,22.36,50.92,33.97,53.0,54.59,56.08,35.38,8.54,34.83,26.42,14.14,30.46,0.0
