set K:= 1	2	3	4	5;
set C_H:= 1	2	3	4	5	6	7	8	9	10	11	12	13	14;
set C_S:= 15	16	17	18	19	20	21	22	23	24	25	26;
set C_F:= 27	28	29	30	31	32	33	34	35	36	37	38;
set M:= 39	40;
set M_B:= 41	42;
set L_B:= 43	44	45	46	47;
set A1:=
(0,*) 1 2 3 4 5 6 7 8 9 10 11 12 13 14 27 28 29 30 31 32 33 34 35 36 37 38 39 40 41 42 43 44 45 46 47
(1,*) 0 2 3 4 5 6 7 8 9 10 11 12 13 14 27 28 29 30 31 32 33 34 35 36 37 38 39 40 41 42 43 44 45 46 47
(2,*) 0 1 3 4 5 6 7 8 9 10 11 12 13 14 27 28 29 30 31 32 33 34 35 36 37 38 39 40 41 42 43 44 45 46 47
(3,*) 0 1 2 4 5 6 7 8 9 10 11 12 13 14 27 28 29 30 31 32 33 34 35 36 37 38 39 40 41 42 43 44 45 46 47
(4,*) 0 1 2 3 5 6 7 8 9 10 11 12 13 14 27 28 29 30 31 32 33 34 35 36 37 38 39 40 41 42 43 44 45 46 47
(5,*) 0 1 2 3 4 6 7 8 9 10 11 12 13 14 27 28 29 30 31 32 33 34 35 36 37 38 39 40 41 42 43 44 45 46 47
(6,*) 0 1 2 3 4 5 7 8 9 10 11 12 13 14 27 28 29 30 31 32 33 34 35 36 37 38 39 40 41 42 43 44 45 46 47
(7,*) 0 1 2 3 4 5 6 8 9 10 11 12 13 14 27 28 29 30 31 32 33 34 35 36 37 38 39 40 41 42 43 44 45 46 47
(8,*) 0 1 2 3 4 5 6 7 9 10 11 12 13 14 27 28 29 30 31 32 33 34 35 36 37 38 39 40 41 42 43 44 45 46 47
(9,*) 0 1 2 3 4 5 6 7 8 10 11 12 13 14 27 28 29 30 31 32 33 34 35 36 37 38 39 40 41 42 43 44 45 46 47
(10,*) 0 1 2 3 4 5 6 7 8 9 11 12 13 14 27 28 29 30 31 32 33 34 35 36 37 38 39 40 41 42 43 44 45 46 47
(11,*) 0 1 2 3 4 5 6 7 8 9 10 12 13 14 27 28 29 30 31 32 33 34 35 36 37 38 39 40 41 42 43 44 45 46 47
(12,*) 0 1 2 3 4 5 6 7 8 9 10 11 13 14 27 28 29 30 31 32 33 34 35 36 37 38 39 40 41 42 43 44 45 46 47
(13,*) 0 1 2 3 4 5 6 7 8 9 10 11 12 14 27 28 29 30 31 32 33 34 35 36 37 38 39 40 41 42 43 44 45 46 47
(14,*) 0 1 2 3 4 5 6 7 8 9 10 11 12 13 27 28 29 30 31 32 33 34 35 36 37 38 39 40 41 42 43 44 45 46 47
(27,*) 0 1 2 3 4 5 6 7 8 9 10 11 12 13 14 28 29 30 31 32 33 34 35 36 37 38 39 40 41 42 43 44 45 46 47
(28,*) 0 1 2 3 4 5 6 7 8 9 10 11 12 13 14 27 29 30 31 32 33 34 35 36 37 38 39 40 41 42 43 44 45 46 47
(29,*) 0 1 2 3 4 5 6 7 8 9 10 11 12 13 14 27 28 30 31 32 33 34 35 36 37 38 39 40 41 42 43 44 45 46 47
(30,*) 0 1 2 3 4 5 6 7 8 9 10 11 12 13 14 27 28 29 31 32 33 34 35 36 37 38 39 40 41 42 43 44 45 46 47
(31,*) 0 1 2 3 4 5 6 7 8 9 10 11 12 13 14 27 28 29 30 32 33 34 35 36 37 38 39 40 41 42 43 44 45 46 47
(32,*) 0 1 2 3 4 5 6 7 8 9 10 11 12 13 14 27 28 29 30 31 33 34 35 36 37 38 39 40 41 42 43 44 45 46 47
(33,*) 0 1 2 3 4 5 6 7 8 9 10 11 12 13 14 27 28 29 30 31 32 34 35 36 37 38 39 40 41 42 43 44 45 46 47
(34,*) 0 1 2 3 4 5 6 7 8 9 10 11 12 13 14 27 28 29 30 31 32 33 35 36 37 38 39 40 41 42 43 44 45 46 47
(35,*) 0 1 2 3 4 5 6 7 8 9 10 11 12 13 14 27 28 29 30 31 32 33 34 36 37 38 39 40 41 42 43 44 45 46 47
(36,*) 0 1 2 3 4 5 6 7 8 9 10 11 12 13 14 27 28 29 30 31 32 33 34 35 37 38 39 40 41 42 43 44 45 46 47
(37,*) 0 1 2 3 4 5 6 7 8 9 10 11 12 13 14 27 28 29 30 31 32 33 34 35 36 38 39 40 41 42 43 44 45 46 47
(38,*) 0 1 2 3 4 5 6 7 8 9 10 11 12 13 14 27 28 29 30 31 32 33 34 35 36 37 39 40 41 42 43 44 45 46 47
(39,*) 0 1 2 3 4 5 6 7 8 9 10 11 12 13 14 27 28 29 30 31 32 33 34 35 36 37 38 40 41 42 43 44 45 46 47
(40,*) 0 1 2 3 4 5 6 7 8 9 10 11 12 13 14 27 28 29 30 31 32 33 34 35 36 37 38 39 41 42 43 44 45 46 47
(41,*) 0 1 2 3 4 5 6 7 8 9 10 11 12 13 14 27 28 29 30 31 32 33 34 35 36 37 38 39 40 42 43 44 45 46 47
(42,*) 0 1 2 3 4 5 6 7 8 9 10 11 12 13 14 27 28 29 30 31 32 33 34 35 36 37 38 39 40 41 43 44 45 46 47
(43,*) 0 1 2 3 4 5 6 7 8 9 10 11 12 13 14 27 28 29 30 31 32 33 34 35 36 37 38 39 40 41 42 44 45 46 47
(44,*) 0 1 2 3 4 5 6 7 8 9 10 11 12 13 14 27 28 29 30 31 32 33 34 35 36 37 38 39 40 41 42 43 45 46 47
(45,*) 0 1 2 3 4 5 6 7 8 9 10 11 12 13 14 27 28 29 30 31 32 33 34 35 36 37 38 39 40 41 42 43 44 46 47
(46,*) 0 1 2 3 4 5 6 7 8 9 10 11 12 13 14 27 28 29 30 31 32 33 34 35 36 37 38 39 40 41 42 43 44 45 47
(47,*) 0 1 2 3 4 5 6 7 8 9 10 11 12 13 14 27 28 29 30 31 32 33 34 35 36 37 38 39 40 41 42 43 44 45 46
;
param BigM:=99999;
param n:= 5;
param d:=
1	5
2	20
3	23
4	20
5	24
6	5
7	3
8	10
9	12
10	20
11	6
12	7
13	6
14	19
15	26
16	3
17	3
18	6
19	6
20	3
21	20
22	22
23	1
24	24
25	4
26	7
27	24
28	3
29	15
30	16
31	9
32	21
33	14
34	13
35	16
36	24
37	2
38	13
;
param Q:=100;
param e:
	39	40	41	42	43	44	45	46	47:=
15		0		0		0		0		0		0		0		1		0	
16		0		0		0		0		0		0		0		0		1	
17		0		0		0		0		0		0		0		0		1	
18		0		0		0		0		0		0		0		1		0	
19		0		0		0		0		0		1		1		0		0	
20		0		1		0		1		0		0		0		0		0	
21		0		1		0		1		0		0		0		1		0	
22		0		0		0		0		0		0		1		0		0	
23		0		0		0		0		0		0		0		0		1	
24		1		0		1		0		0		0		1		0		0	
25		1		0		1		0		0		0		0		0		0	
26		0		0		0		0		1		1		0		1		0	
27		0		0		0		0		0		1		0		0		0	
28		0		1		0		1		0		0		0		0		0	
29		0		1		0		1		0		1		0		0		0	
30		0		0		0		0		0		1		0		0		0	
31		0		0		0		0		1		1		0		1		1	
32		0		0		0		0		0		0		0		1		0	
33		0		0		0		0		1		1		0		1		0	
34		0		1		0		1		0		0		0		1		0	
35		0		1		0		1		0		0		0		0		0	
36		1		0		1		0		0		0		0		0		0	
37		0		0		0		0		0		0		0		1		0	
38		0		0		0		0		0		1		0		0		0	
;
param p:=
1	3
2	3
3	3
4	3
5	3
;
param G:=
39	89
40	80
41	89
42	80
43	72
44	73
45	73
46	73
47	79
;
param s:=
0	0
1	10
2	10
3	10
4	10
5	10
6	10
7	10
8	10
9	10
10	10
11	10
12	10
13	10
14	10
27	10
28	10
29	10
30	10
31	10
32	10
33	10
34	10
35	10
36	10
37	10
38	10
39	10
40	10
41	10
42	10
43	10
44	10
45	10
46	10
47	10
;
param t:
	0	1	2	3	4	5	6	7	8	9	10	11	12	13	14	15	16	17	18	19	20	21	22	23	24	25	26	27	28	29	30	31	32	33	34	35	36	37	38	39	40	41	42	43	44	45	46	47:=
0	0.0	37.58	4.0	47.41	18.0	2.0	14.42	14.42	34.53	52.8	73.76	50.99	18.87	76.16	61.06	62.03	22.8	48.37	69.57	40.5	43.27	86.35	68.96	36.5	85.16	95.85	36.5	70.0	88.54	77.25	61.19	27.2	19.7	45.12	16.12	41.23	63.15	32.25	65.51	77.1	25.61	77.1	25.61	40.16	47.52	57.71	25.32	45.61
1	37.58	0.0	34.0	59.23	22.63	39.4	42.19	50.48	43.86	48.66	73.35	13.42	24.0	62.77	68.03	24.74	34.0	69.86	32.56	30.27	8.25	50.16	48.17	65.6	58.31	76.37	10.2	39.4	51.42	39.85	26.31	34.18	17.89	11.66	22.8	10.2	81.04	6.0	30.07	72.42	18.44	72.42	18.44	29.27	26.42	46.24	15.0	44.05
2	4.0	34.0	0.0	45.69	14.0	6.0	16.97	16.97	35.44	49.68	71.22	47.41	17.09	72.72	59.06	58.31	19.8	48.04	65.79	36.77	40.0	82.46	65.15	37.36	81.22	92.2	32.56	66.0	84.76	73.54	57.27	24.08	16.12	41.23	12.17	38.21	62.51	28.84	61.61	74.25	23.32	74.25	23.32	36.4	43.57	54.2	21.38	42.52
3	47.41	59.23	45.69	0.0	42.19	48.37	61.77	42.43	80.99	22.36	29.53	68.35	59.23	44.18	14.14	73.43	28.28	17.09	77.67	32.25	67.47	87.68	49.19	28.64	68.03	66.12	50.0	63.78	93.51	86.02	66.03	26.0	50.16	56.46	44.41	68.73	22.36	58.31	70.0	35.74	62.29	35.74	62.29	33.12	43.01	32.65	46.1	19.8
4	18.0	22.63	14.0	42.19	0.0	20.0	28.64	28.64	41.62	40.0	63.53	35.61	17.89	61.22	53.85	45.65	14.0	49.48	52.8	24.41	30.0	68.96	52.0	43.27	67.47	79.65	18.97	52.0	71.69	60.83	43.68	16.49	8.0	27.86	2.83	29.53	62.29	18.87	48.08	65.22	20.1	65.22	20.1	23.85	29.83	42.64	8.06	33.29
5	2.0	39.4	6.0	48.37	20.0	0.0	13.42	13.42	34.23	54.41	75.07	52.8	20.0	77.9	62.13	63.91	24.41	48.66	71.47	42.38	44.94	88.29	70.88	36.22	87.13	97.69	38.47	72.0	90.44	79.12	63.15	28.84	21.54	47.07	18.11	42.8	63.56	34.0	67.47	78.57	26.91	78.57	26.91	42.06	49.5	59.48	27.29	47.2
6	14.42	42.19	16.97	61.77	28.64	13.42	0.0	24.0	22.09	66.6	88.09	54.92	18.44	89.31	75.47	66.75	36.77	61.61	74.67	52.84	45.61	92.35	80.62	48.04	95.6	108.24	44.41	78.92	93.38	81.58	68.0	41.04	26.31	52.04	26.0	42.38	76.66	36.22	72.03	91.22	25.3	91.22	25.3	52.35	58.19	70.72	33.96	59.46
7	14.42	50.48	16.97	42.43	28.64	13.42	24.0	0.0	46.04	53.85	71.22	63.81	33.29	78.43	56.57	74.24	26.08	38.63	81.44	46.04	56.85	97.41	74.43	24.08	92.02	99.46	47.54	78.92	100.32	89.44	72.11	30.27	32.8	56.46	27.78	55.17	53.85	45.61	76.55	76.01	40.0	76.01	40.0	46.01	55.23	60.88	36.67	46.82
8	34.53	43.86	35.44	80.99	41.62	34.23	22.09	46.04	0.0	81.61	104.96	53.37	24.08	101.82	94.02	65.12	53.67	82.87	72.99	65.12	43.17	91.08	90.0	70.0	102.0	118.41	50.48	83.26	90.2	78.23	69.57	57.31	35.38	55.46	38.83	38.83	97.67	38.47	72.8	106.83	26.08	106.83	26.08	64.38	67.01	83.49	43.14	74.89
9	52.8	48.66	49.68	22.36	40.0	54.41	66.6	53.85	81.61	0.0	24.74	54.15	57.69	24.74	22.36	56.32	30.0	39.4	59.09	18.44	56.32	66.84	26.83	48.17	45.69	46.39	38.47	42.52	73.24	67.08	47.54	25.61	46.65	42.05	42.8	58.86	42.43	50.0	50.99	25.24	58.14	25.24	58.14	19.42	25.5	10.3	39.81	7.21
10	73.76	73.35	71.22	29.53	63.53	75.07	88.09	71.22	104.96	24.74	0.0	78.03	81.41	25.46	16.49	78.64	51.61	42.76	80.05	43.17	80.89	84.1	40.25	57.58	55.32	43.86	63.15	60.17	91.39	87.36	69.05	47.71	70.68	66.12	66.24	83.55	36.5	74.73	71.81	8.54	82.46	8.54	82.46	44.15	49.01	29.15	64.26	30.46
11	50.99	13.42	47.41	68.35	35.61	52.8	54.92	63.81	53.37	54.15	78.03	0.0	36.5	63.25	75.31	12.0	45.61	80.62	20.0	36.88	10.2	38.05	46.52	77.9	52.35	73.24	18.87	32.56	38.47	26.68	17.2	44.94	31.3	12.17	36.06	14.56	90.62	18.97	19.7	75.66	30.07	75.66	30.07	35.9	29.02	49.25	27.66	50.99
12	18.87	24.0	17.09	59.23	17.89	20.0	18.44	33.29	24.08	57.69	81.41	36.5	0.0	77.79	71.47	48.37	31.05	64.12	56.32	41.04	27.2	74.11	66.57	54.41	79.85	94.87	27.86	62.1	74.97	63.15	50.16	34.18	11.31	34.53	15.23	24.17	78.03	18.0	54.04	82.93	7.21	82.93	7.21	40.31	43.57	59.41	19.21	51.11
13	76.16	62.77	72.72	44.18	61.22	77.9	89.31	78.43	101.82	24.74	25.46	63.25	77.79	0.0	36.77	60.53	53.67	60.83	60.0	36.88	68.88	60.73	18.0	72.03	30.0	22.0	53.25	38.21	68.41	66.27	50.36	49.19	66.48	52.8	64.03	72.47	59.09	66.03	52.04	18.03	76.58	18.03	76.58	37.54	36.36	18.6	58.69	31.62
14	61.06	68.03	59.06	14.14	53.85	62.13	75.47	56.57	94.02	22.36	16.49	75.31	71.47	36.77	0.0	78.43	40.5	26.31	81.44	38.47	76.11	88.81	46.69	41.23	64.4	57.72	58.14	64.4	95.41	89.44	69.86	37.36	61.61	63.15	56.32	78.0	22.36	68.12	73.35	24.02	73.76	24.02	73.76	39.46	47.43	31.4	56.44	24.33
15	62.03	24.74	58.31	73.43	45.65	63.91	66.75	74.24	65.12	56.32	78.64	12.0	48.37	60.53	78.43	0.0	53.81	87.2	8.0	41.18	22.09	26.08	42.76	86.37	44.41	67.08	27.2	25.06	26.68	15.23	10.2	52.35	42.38	18.44	46.52	26.31	95.77	30.59	10.0	75.03	42.05	75.03	42.05	40.31	31.02	49.5	37.59	54.63
16	22.8	34.0	19.8	28.28	14.0	24.41	36.77	26.08	53.67	30.0	51.61	45.61	31.05	53.67	40.5	53.81	0.0	36.06	60.0	20.0	42.05	74.24	48.37	32.56	66.0	74.0	26.91	53.85	78.23	68.41	49.4	4.47	22.0	35.38	16.12	42.38	48.37	31.62	53.85	54.45	34.06	54.45	34.06	20.02	29.83	35.47	19.31	22.8
17	48.37	69.86	48.04	17.09	49.48	48.66	61.61	38.63	82.87	39.4	42.76	80.62	64.12	60.83	26.31	87.2	36.06	0.0	92.2	46.69	78.0	103.48	66.21	16.97	85.09	82.61	61.77	80.0	108.9	100.66	80.72	35.78	57.27	69.34	50.99	78.43	15.23	67.68	84.9	50.25	68.73	50.25	68.73	47.42	57.98	49.66	55.36	36.06
18	69.57	32.56	65.79	77.67	52.8	71.47	74.67	81.44	72.99	59.09	80.05	20.0	56.32	60.0	81.44	8.0	60.0	92.2	0.0	45.61	30.07	18.11	42.0	92.46	40.25	63.91	34.0	22.36	18.97	8.49	11.66	58.14	50.0	25.06	53.85	34.23	99.86	38.47	8.25	75.66	50.04	75.66	50.04	44.82	34.67	51.24	44.78	58.31
19	40.5	30.27	36.77	32.25	24.41	42.38	52.84	46.04	65.12	18.44	43.17	36.88	41.04	36.88	38.47	41.18	20.0	46.69	45.61	0.0	38.05	57.2	28.64	49.19	46.0	55.46	20.1	34.93	62.29	54.04	34.06	16.12	29.73	24.74	27.2	40.45	54.59	31.62	38.21	42.95	40.5	42.95	40.5	1.0	11.4	18.38	22.2	14.14
20	43.27	8.25	40.0	67.47	30.0	44.94	45.61	56.85	43.17	56.32	80.89	10.2	27.2	68.88	76.11	22.09	42.05	78.0	30.07	38.05	0.0	48.17	53.25	73.24	61.22	80.92	18.0	41.62	48.17	36.22	26.83	42.38	24.08	16.12	29.73	4.47	89.29	11.31	29.73	79.56	20.4	79.56	20.4	37.05	32.89	53.16	22.83	52.0
21	86.35	50.16	82.46	87.68	68.96	88.29	92.35	97.41	91.08	66.84	84.1	38.05	74.11	60.73	88.81	26.08	74.24	103.48	18.11	57.2	48.17	0.0	43.86	106.0	34.0	58.14	50.0	24.41	8.0	14.42	25.3	71.69	67.08	41.23	70.34	52.35	109.12	56.14	20.88	78.19	68.0	78.19	68.0	56.61	45.8	57.43	61.13	67.88
22	68.96	48.17	65.15	49.19	52.0	70.88	80.62	74.43	90.0	26.83	40.25	46.52	66.57	18.0	46.69	42.76	48.37	66.21	42.0	28.64	53.25	43.86	0.0	73.76	18.97	28.43	39.7	20.4	51.26	48.37	32.56	44.18	55.57	37.2	54.63	57.2	68.41	52.35	34.06	34.48	64.03	34.48	64.03	28.86	23.02	16.55	47.51	31.05
23	36.5	65.6	37.36	28.64	43.27	36.22	48.04	24.08	70.0	48.17	57.58	77.9	54.41	72.03	41.23	86.37	32.56	16.97	92.46	49.19	73.24	106.0	73.76	0.0	92.65	94.02	59.4	84.1	110.44	100.9	81.61	34.41	50.12	67.94	43.91	72.72	31.62	62.13	86.02	64.29	60.17	64.29	60.17	49.65	60.42	57.71	50.61	42.76
24	85.16	58.31	81.22	68.03	67.47	87.13	95.6	92.02	102.0	45.69	55.32	52.35	79.85	30.0	64.4	44.41	66.0	85.09	40.25	46.0	61.22	34.0	18.97	92.65	0.0	24.33	52.0	19.8	42.0	43.68	35.38	62.03	69.57	46.65	69.86	65.6	86.53	63.53	34.41	48.01	76.03	48.01	76.03	46.01	37.66	35.47	61.68	50.0
25	95.85	76.37	92.2	66.12	79.65	97.69	108.24	99.46	118.41	46.39	43.86	73.24	94.87	22.0	57.72	67.08	74.0	82.61	63.91	55.46	80.92	58.14	28.43	94.02	24.33	0.0	68.12	42.05	66.12	67.91	57.31	69.57	83.76	65.12	82.37	85.04	79.7	80.72	57.27	35.34	92.46	35.34	92.46	55.9	51.4	38.6	75.72	52.95
26	36.5	10.2	32.56	50.0	18.97	38.47	44.41	47.54	50.48	38.47	63.15	18.87	27.86	53.25	58.14	27.2	26.91	61.77	34.0	20.1	18.0	50.0	39.7	59.4	52.0	68.12	0.0	34.53	52.8	42.19	24.74	26.08	18.11	8.94	20.4	20.4	72.11	12.81	29.12	62.3	24.41	62.3	24.41	19.1	17.03	36.25	11.18	34.0
27	70.0	39.4	66.0	63.78	52.0	72.0	78.92	78.92	83.26	42.52	60.17	32.56	62.1	38.21	64.4	25.06	53.85	80.0	22.36	34.93	41.62	24.41	20.4	84.1	19.8	42.05	34.53	0.0	31.3	28.07	15.62	50.6	52.61	27.86	54.04	46.04	84.9	44.94	15.23	54.82	57.58	54.82	57.58	34.54	24.04	33.02	45.18	44.05
28	88.54	51.42	84.76	93.51	71.69	90.44	93.38	100.32	90.2	73.24	91.39	38.47	74.97	68.41	95.41	26.68	78.23	108.9	18.97	62.29	48.17	8.0	51.26	110.44	42.0	66.12	52.8	31.3	0.0	12.0	28.84	76.03	68.96	43.86	72.8	52.04	115.26	57.27	24.41	85.7	68.47	85.7	68.47	61.62	50.93	64.14	63.69	73.76
29	77.25	39.85	73.54	86.02	60.83	79.12	81.58	89.44	78.23	67.08	87.36	26.68	63.15	66.27	89.44	15.23	68.41	100.66	8.49	54.04	36.22	14.42	48.37	100.9	43.68	67.91	42.19	28.07	12.0	0.0	20.0	66.6	57.58	33.29	61.74	40.05	108.17	45.61	16.12	82.57	56.57	82.57	56.57	53.26	43.01	58.87	52.77	66.57
30	61.19	26.31	57.27	66.03	43.68	63.15	68.0	72.11	69.57	47.54	69.05	17.2	50.16	50.36	69.86	10.2	49.4	80.72	11.66	34.06	26.83	25.3	32.56	81.61	35.38	57.31	24.74	15.62	28.84	20.0	0.0	47.2	42.19	16.12	45.12	31.3	88.2	32.25	4.47	65.12	44.72	65.12	44.72	33.3	23.02	40.02	35.9	46.65
31	27.2	34.18	24.08	26.0	16.49	28.84	41.04	30.27	57.31	25.61	47.71	44.94	34.18	49.19	37.36	52.35	4.47	35.78	58.14	16.12	42.38	71.69	44.18	34.41	62.03	69.57	26.08	50.6	76.03	66.6	47.2	0.0	24.33	34.06	18.97	43.17	47.07	32.56	51.61	50.25	36.5	50.25	36.5	16.28	26.57	31.02	20.22	18.44
32	19.7	17.89	16.12	50.16	8.0	21.54	26.31	32.8	35.38	46.65	70.68	31.3	11.31	66.48	61.61	42.38	22.0	57.27	50.0	29.73	24.08	67.08	55.57	50.12	69.57	83.76	18.11	52.61	68.96	57.58	42.19	24.33	0.0	26.08	6.32	22.8	70.26	12.81	46.39	71.87	12.17	71.87	12.17	29.0	32.65	48.1	8.06	40.25
33	45.12	11.66	41.23	56.46	27.86	47.07	52.04	56.46	55.46	42.05	66.12	12.17	34.53	52.8	63.15	18.44	35.38	69.34	25.06	24.74	16.12	41.23	37.2	67.94	46.65	65.12	8.94	27.86	43.86	33.29	16.12	34.06	26.08	0.0	29.12	20.0	78.79	17.09	20.4	64.13	29.73	64.13	29.73	23.77	17.26	37.66	19.92	38.83
34	16.12	22.8	12.17	44.41	2.83	18.11	26.0	27.78	38.83	42.8	66.24	36.06	15.23	64.03	56.32	46.52	16.12	50.99	53.85	27.2	29.73	70.34	54.63	43.91	69.86	82.37	20.4	54.04	72.8	61.74	45.12	18.97	6.32	29.12	0.0	28.84	64.12	18.44	49.48	68.01	18.0	68.01	18.0	26.63	32.28	45.45	9.22	36.06
35	41.23	10.2	38.21	68.73	29.53	42.8	42.38	55.17	38.83	58.86	83.55	14.56	24.17	72.47	78.0	26.31	42.38	78.43	34.23	40.45	4.47	52.35	57.2	72.72	65.6	85.04	20.4	46.04	52.04	40.05	31.3	43.17	22.8	20.0	28.84	0.0	90.24	10.77	34.18	82.57	17.09	82.57	17.09	39.46	36.25	56.3	23.09	54.15
36	63.15	81.04	62.51	22.36	62.29	63.56	76.66	53.85	97.67	42.43	36.5	90.62	78.03	59.09	22.36	95.77	48.37	15.23	99.86	54.59	89.29	109.12	68.41	31.62	86.53	79.7	72.11	84.9	115.26	108.17	88.2	47.07	70.26	78.79	64.12	90.24	0.0	79.62	92.09	44.91	82.1	44.91	82.1	55.47	65.19	52.4	67.27	41.62
37	32.25	6.0	28.84	58.31	18.87	34.0	36.22	45.61	38.47	50.0	74.73	18.97	18.0	66.03	68.12	30.59	31.62	67.68	38.47	31.62	11.31	56.14	52.35	62.13	63.53	80.72	12.81	44.94	57.27	45.61	32.25	32.56	12.81	17.09	18.44	10.77	79.62	0.0	36.06	74.46	12.65	74.46	12.65	30.68	29.83	48.76	12.37	44.72
38	65.51	30.07	61.61	70.0	48.08	67.47	72.03	76.55	72.8	50.99	71.81	19.7	54.04	52.04	73.35	10.0	53.85	84.9	8.25	38.21	29.73	20.88	34.06	86.02	34.41	57.27	29.12	15.23	24.41	16.12	4.47	51.61	46.39	20.4	49.48	34.18	92.09	36.06	0.0	67.48	48.37	67.48	48.37	37.48	27.02	43.01	40.26	50.48
39	77.1	72.42	74.25	35.74	65.22	78.57	91.22	76.01	106.83	25.24	8.54	75.66	82.93	18.03	24.02	75.03	54.45	50.25	75.66	42.95	79.56	78.19	34.48	64.29	48.01	35.34	62.3	54.82	85.7	82.57	65.12	50.25	71.87	64.13	68.01	82.57	44.91	74.46	67.48	0.0	83.24	0.0	83.24	43.86	46.87	26.48	64.88	32.02
40	25.61	18.44	23.32	62.29	20.1	26.91	25.3	40.0	26.08	58.14	82.46	30.07	7.21	76.58	73.76	42.05	34.06	68.73	50.04	40.5	20.4	68.0	64.03	60.17	76.03	92.46	24.41	57.58	68.47	56.57	44.72	36.5	12.17	29.73	18.0	17.09	82.1	12.65	48.37	83.24	0.0	83.24	0.0	39.66	41.11	58.6	18.36	52.0
41	77.1	72.42	74.25	35.74	65.22	78.57	91.22	76.01	106.83	25.24	8.54	75.66	82.93	18.03	24.02	75.03	54.45	50.25	75.66	42.95	79.56	78.19	34.48	64.29	48.01	35.34	62.3	54.82	85.7	82.57	65.12	50.25	71.87	64.13	68.01	82.57	44.91	74.46	67.48	0.0	83.24	0.0	83.24	43.86	46.87	26.48	64.88	32.02
42	25.61	18.44	23.32	62.29	20.1	26.91	25.3	40.0	26.08	58.14	82.46	30.07	7.21	76.58	73.76	42.05	34.06	68.73	50.04	40.5	20.4	68.0	64.03	60.17	76.03	92.46	24.41	57.58	68.47	56.57	44.72	36.5	12.17	29.73	18.0	17.09	82.1	12.65	48.37	83.24	0.0	83.24	0.0	39.66	41.11	58.6	18.36	52.0
43	40.16	29.27	36.4	33.12	23.85	42.06	52.35	46.01	64.38	19.42	44.15	35.9	40.31	37.54	39.46	40.31	20.02	47.42	44.82	1.0	37.05	56.61	28.86	49.65	46.01	55.9	19.1	34.54	61.62	53.26	33.3	16.28	29.0	23.77	26.63	39.46	55.47	30.68	37.48	43.86	39.66	43.86	39.66	0.0	10.82	19.1	21.4	15.13
44	47.52	26.42	43.57	43.01	29.83	49.5	58.19	55.23	67.01	25.5	49.01	29.02	43.57	36.36	47.43	31.02	29.83	57.98	34.67	11.4	32.89	45.8	23.02	60.42	37.66	51.4	17.03	24.04	50.93	43.01	23.02	26.57	32.65	17.26	32.28	36.25	65.19	29.83	27.02	46.87	41.11	46.87	41.11	10.82	0.0	20.4	24.6	23.71
45	57.71	46.24	54.2	32.65	42.64	59.48	70.72	60.88	83.49	10.3	29.15	49.25	59.41	18.6	31.4	49.5	35.47	49.66	51.24	18.38	53.16	57.43	16.55	57.71	35.47	38.6	36.25	33.02	64.14	58.87	40.02	31.02	48.1	37.66	45.45	56.3	52.4	48.76	43.01	26.48	58.6	26.48	58.6	19.1	20.4	0.0	40.46	15.03
46	25.32	15.0	21.38	46.1	8.06	27.29	33.96	36.67	43.14	39.81	64.26	27.66	19.21	58.69	56.44	37.59	19.31	55.36	44.78	22.2	22.83	61.13	47.51	50.61	61.68	75.72	11.18	45.18	63.69	52.77	35.9	20.22	8.06	19.92	9.22	23.09	67.27	12.37	40.26	64.88	18.36	64.88	18.36	21.4	24.6	40.46	0.0	33.84
47	45.61	44.05	42.52	19.8	33.29	47.2	59.46	46.82	74.89	7.21	30.46	50.99	51.11	31.62	24.33	54.63	22.8	36.06	58.31	14.14	52.0	67.88	31.05	42.76	50.0	52.95	34.0	44.05	73.76	66.57	46.65	18.44	40.25	38.83	36.06	54.15	41.62	44.72	50.48	32.02	52.0	32.02	52.0	15.13	23.71	15.03	33.84	0.0
;
