vehicles
vehicle_idx, capacity, cost_per_unit_distance
1,100,3
2,100,3
3,100,3
4,100,3
5,100,3
6,100,3
depot
node_idx,x,y
0,34,31
home delivery customers
node_idx,x,y,service_time,demand
1,70,80,10,17
2,59,55,10,7
3,75,90,10,17
4,25,40,10,1
5,1,9,10,7
6,45,71,10,22
7,11,35,10,25
8,81,46,10,16
9,85,10,10,7
10,90,45,10,21
11,6,6,10,25
12,26,36,10,22
self pickup customers
node_idx,x,y,service_time,demand,locker_idxs
13,81,70,10,6,43-37
14,50,64,10,15,44
15,1,44,10,66,34
16,50,54,10,25,44
17,35,45,10,16,40
18,71,84,10,11,33-37
19,25,54,10,17,44
20,45,59,10,17,44
21,15,21,10,11,34
22,31,26,10,21,41-34
flexible customers
node_idx,x,y,service_time,demand,locker_idxs
23,45,55,10,26,44-39-40-42-41
24,85,61,10,15,43
25,45,60,10,5,42-39-44-40
26,80,64,10,16,43
27,9,66,10,21,36
28,66,84,10,10,33-37
29,75,20,10,21,38-35
30,15,0,10,11,34
31,10,95,10,22,36
32,51,5,10,2,38
lockers
node_idx,x,y,service_time,capacity,cost_per_unit_good
33,65,88,10,77
34,25,15,10,79
35,93,12,10,87
36,22,88,10,97
37,77,88,10,86
38,72,14,10,95
39,43,56,10,83
40,50,49,10,79
41,27,38,10,81
42,41,45,10,82
43,76,49,10,99
44,42,72,10,93
mrt lines
start_node_idx,end_node_idx,freight_capacity,cost_per_unit_good
0,1,79,0.1
1,0,79,0.1
2,3,97,0.1
distance matrix
,0,1,2,3,4,5,6,7,8,9,10,11,12,13,14,15,16,17,18,19,20,21,22,23,24,25,26,27,28,29,30,31,32,33,34,35,36,37,38,39,40,41,42,43,44,
0,0.0,60.8,34.66,71.85,12.73,39.66,41.48,23.35,49.34,55.15,57.72,37.54,9.43,61.07,36.67,35.47,28.02,14.04,64.64,24.7,30.08,21.47,5.83,26.4,59.17,31.02,56.61,43.01,61.91,42.45,36.36,68.35,31.06,64.88,18.36,61.98,58.25,71.4,41.63,26.57,24.08,9.9,15.65,45.69,41.77
1,60.8,0.0,27.31,11.18,60.21,99.01,26.57,74.2,35.74,71.59,40.31,97.84,62.23,14.87,25.61,77.83,32.8,49.5,4.12,51.97,32.65,80.66,66.61,35.36,24.21,32.02,18.87,62.59,5.66,60.21,97.08,61.85,77.37,9.43,79.06,71.78,48.66,10.63,66.03,36.12,36.89,60.11,45.45,31.58,29.12
2,34.66,27.31,0.0,38.48,37.16,74.03,21.26,52.0,23.77,51.97,32.57,72.18,38.08,26.63,12.73,59.03,9.06,26.0,31.38,34.01,14.56,55.61,40.31,14.0,26.68,14.87,22.85,51.2,29.83,38.48,70.43,63.25,50.64,33.54,52.5,54.82,49.58,37.59,43.01,16.03,10.82,36.24,20.59,18.03,24.04
3,71.85,11.18,38.48,0.0,70.71,109.71,35.51,84.39,44.41,80.62,47.43,108.71,72.92,20.88,36.07,87.13,43.83,60.21,7.21,61.61,43.14,91.44,77.67,46.1,30.68,42.43,26.48,70.23,10.82,70.0,108.17,65.19,88.32,10.2,90.14,80.05,53.04,2.83,76.06,46.69,48.02,70.77,56.4,41.01,37.59
4,12.73,60.21,37.16,70.71,0.0,39.2,36.89,14.87,56.32,67.08,65.19,38.95,4.12,63.53,34.66,24.33,28.65,11.18,63.66,14.0,27.59,21.47,15.23,25.0,63.57,28.28,60.01,30.53,60.14,53.85,41.23,57.01,43.6,62.48,25.0,73.54,48.09,70.77,53.71,24.08,26.57,2.83,16.76,51.79,36.24
5,39.66,99.01,74.03,109.71,39.2,0.0,76.03,27.86,88.14,84.01,96.01,5.83,36.8,100.6,73.66,35.0,66.53,49.52,102.59,51.0,66.6,18.44,34.48,63.66,98.79,67.36,96.26,57.56,99.25,74.81,16.64,86.47,50.16,101.67,24.74,92.05,81.74,109.62,71.18,63.03,63.25,38.95,53.81,85.0,75.17
6,41.48,26.57,21.26,35.51,36.89,76.03,0.0,49.52,43.83,72.95,51.97,75.8,39.82,36.01,8.6,51.62,17.72,27.86,29.07,26.25,12.0,58.31,47.13,16.0,41.23,11.0,35.69,36.35,24.7,59.17,77.08,42.44,66.27,26.25,59.46,76.06,28.6,36.24,63.07,15.13,22.56,37.59,26.31,38.01,3.16
7,23.35,74.2,52.0,84.39,14.87,27.86,49.52,0.0,70.86,78.11,79.63,29.43,15.03,78.26,48.6,13.45,43.38,26.0,77.47,23.6,41.62,14.56,21.93,39.45,78.43,42.2,74.85,31.06,73.66,65.73,35.23,60.01,50.0,75.66,24.41,85.16,54.13,84.65,64.51,38.28,41.44,16.28,31.62,66.49,48.27
8,49.34,35.74,23.77,44.41,56.32,88.14,43.83,70.86,0.0,36.22,9.06,85.0,55.9,24.0,35.85,80.02,32.02,46.01,39.29,56.57,38.28,70.58,53.85,37.11,15.52,38.63,18.03,74.73,40.85,26.68,80.45,86.27,50.8,44.94,64.01,36.06,72.42,42.19,33.24,39.29,31.14,54.59,40.01,5.83,46.87
9,55.15,71.59,51.97,80.62,67.08,84.01,72.95,78.11,36.22,0.0,35.36,79.1,64.47,60.13,64.35,90.62,56.22,61.03,75.31,74.4,63.25,70.86,56.32,60.21,51.0,64.03,54.23,94.4,76.4,14.14,70.71,113.36,34.37,80.52,60.21,8.25,100.26,78.41,13.6,62.29,52.4,64.4,56.22,40.02,75.45
10,57.72,40.31,32.57,47.43,65.19,96.01,51.97,79.63,9.06,35.36,0.0,92.61,64.63,26.57,44.28,89.01,41.0,55.0,43.38,65.62,47.13,78.75,61.98,46.1,16.76,47.43,21.47,83.68,45.79,29.15,87.46,94.34,55.87,49.74,71.59,33.14,80.45,44.92,35.85,48.27,40.2,63.39,49.0,14.56,55.07
11,37.54,97.84,72.18,108.71,38.95,5.83,75.8,29.43,85.0,79.1,92.61,0.0,36.06,98.6,72.8,38.33,65.12,48.6,101.53,51.62,65.8,17.49,32.02,62.63,96.26,66.61,94.02,60.07,98.41,70.41,10.82,89.09,45.01,101.02,21.02,87.21,83.55,108.47,66.48,62.2,61.52,38.28,52.4,82.15,75.18
12,9.43,62.23,38.08,72.92,4.12,36.8,39.82,15.03,55.9,64.47,64.63,36.06,0.0,64.66,36.88,26.25,30.0,12.73,65.8,18.03,29.83,18.6,11.18,26.87,64.08,30.61,60.83,34.48,62.48,51.55,37.64,61.13,39.82,65.0,21.02,71.17,52.15,72.84,50.99,26.25,27.29,2.24,17.49,51.66,39.4
13,61.07,14.87,26.63,20.88,63.53,100.6,36.01,78.26,24.0,60.13,26.57,98.6,64.66,0.0,31.58,84.12,34.89,52.35,17.2,58.24,37.64,82.2,66.6,39.0,9.85,37.36,6.08,72.11,20.52,50.36,96.21,75.27,71.59,24.08,78.49,59.23,61.68,18.44,56.72,40.5,37.44,62.77,47.17,21.59,39.05
14,36.67,25.61,12.73,36.07,34.66,73.66,8.6,48.6,35.85,64.35,44.28,72.8,36.88,31.58,0.0,52.92,10.0,24.21,29.0,26.93,7.07,55.44,42.49,10.3,35.13,6.4,30.0,41.05,25.61,50.61,72.95,50.61,59.01,28.3,55.01,67.48,36.88,36.12,54.63,10.63,15.0,34.71,21.02,30.02,11.31
15,35.47,77.83,59.03,87.13,24.33,35.0,51.62,13.45,80.02,90.62,89.01,38.33,26.25,84.12,52.92,0.0,50.01,34.01,80.62,26.0,46.49,26.93,34.99,45.35,85.7,46.82,81.49,23.41,76.32,77.79,46.17,51.79,63.41,77.67,37.64,97.41,48.75,87.82,77.08,43.68,49.25,26.68,40.01,75.17,49.65
16,28.02,32.8,9.06,43.83,28.65,66.53,17.72,43.38,32.02,56.22,41.0,65.12,30.0,34.89,10.0,50.01,0.0,17.49,36.62,25.0,7.07,48.1,33.84,5.1,35.69,7.81,31.62,42.72,34.0,42.2,64.35,57.28,49.01,37.16,46.32,60.11,44.05,43.42,45.65,7.28,5.0,28.02,12.73,26.48,19.7
17,14.04,49.5,26.0,60.21,11.18,49.52,27.86,26.0,46.01,61.03,55.0,48.6,12.73,52.35,24.21,34.01,17.49,0.0,53.08,13.45,17.2,31.24,19.42,14.14,52.5,18.03,48.85,33.42,49.82,47.17,49.24,55.9,43.08,52.43,31.62,66.73,44.92,60.11,48.27,13.6,15.52,10.63,6.0,41.19,27.89
18,64.64,4.12,31.38,7.21,63.66,102.59,29.07,77.47,39.29,75.31,43.38,101.53,65.8,17.2,29.0,80.62,36.62,53.08,0.0,54.92,36.07,84.29,70.46,38.95,26.93,35.38,21.93,64.56,5.0,64.12,100.96,61.98,81.49,7.21,82.93,75.29,49.16,7.21,70.01,39.6,40.82,63.66,49.2,35.36,31.38
19,24.7,51.97,34.01,61.61,14.0,51.0,26.25,23.6,56.57,74.4,65.62,51.62,18.03,58.24,26.93,26.0,25.0,13.45,54.92,0.0,20.62,34.48,28.64,20.02,60.41,20.88,55.9,20.0,50.8,60.46,54.92,43.66,55.47,52.5,39.0,79.92,34.13,62.13,61.72,18.11,25.5,16.12,18.36,51.24,24.76
20,30.08,32.65,14.56,43.14,27.59,66.6,12.0,41.62,38.28,63.25,47.13,65.8,29.83,37.64,7.07,46.49,7.07,17.2,36.07,20.62,0.0,48.41,35.85,4.0,40.05,1.0,35.36,36.67,32.65,49.2,66.19,50.21,54.33,35.23,48.33,67.18,37.01,43.19,52.48,3.61,11.18,27.66,14.56,32.57,13.34
21,21.47,80.66,55.61,91.44,21.47,18.44,58.31,14.56,70.58,70.86,78.75,17.49,18.6,82.2,55.44,26.93,48.1,31.24,84.29,34.48,48.41,0.0,16.76,45.34,80.62,49.2,77.94,45.4,81.06,60.01,21.0,74.17,39.4,83.6,11.66,78.52,67.36,91.29,57.43,44.82,44.82,20.81,35.38,67.12,57.71
22,5.83,66.61,40.31,77.67,15.23,34.48,47.13,21.93,53.85,56.32,61.98,32.02,11.18,66.6,42.49,34.99,33.84,19.42,70.46,28.64,35.85,16.76,0.0,32.2,64.35,36.77,62.01,45.65,67.74,44.41,30.53,72.12,29.0,70.71,12.53,63.56,62.65,77.2,42.72,32.31,29.83,12.65,21.47,50.54,47.3
23,26.4,35.36,14.0,46.1,25.0,63.66,16.0,39.45,37.11,60.21,46.1,62.63,26.87,39.0,10.3,45.35,5.1,14.14,38.95,20.02,4.0,45.34,32.2,0.0,40.45,5.0,36.14,37.64,35.81,46.1,62.65,53.15,50.36,38.59,44.72,64.44,40.22,45.97,49.09,2.24,7.81,24.76,10.77,31.58,17.26
24,59.17,24.21,26.68,30.68,63.57,98.79,41.23,78.43,15.52,51.0,16.76,96.26,64.08,9.85,35.13,85.7,35.69,52.5,26.93,60.41,40.05,80.62,64.35,40.45,0.0,40.01,5.83,76.16,29.83,42.2,92.85,82.35,65.51,33.6,75.6,49.65,68.54,28.16,48.76,42.3,37.0,62.39,46.82,15.0,44.38
25,31.02,32.02,14.87,42.43,28.28,67.36,11.0,42.2,38.63,64.03,47.43,66.61,30.61,37.36,6.4,46.82,7.81,18.03,35.38,20.88,1.0,49.2,36.77,5.0,40.01,0.0,35.23,36.5,31.89,50.0,67.08,49.5,55.33,34.41,49.24,67.88,36.24,42.52,53.34,4.47,12.08,28.43,15.52,32.89,12.37
26,56.61,18.87,22.85,26.48,60.01,96.26,35.69,74.85,18.03,54.23,21.47,94.02,60.83,6.08,30.0,81.49,31.62,48.85,21.93,55.9,35.36,77.94,62.01,36.14,5.83,35.23,0.0,71.03,24.41,44.28,91.22,76.56,65.74,28.3,73.66,53.6,62.77,24.19,50.64,37.85,33.54,59.03,43.38,15.52,38.83
27,43.01,62.59,51.2,70.23,30.53,57.56,36.35,31.06,74.73,94.4,83.68,60.07,34.48,72.11,41.05,23.41,42.72,33.42,64.56,20.0,36.67,45.4,45.65,37.64,76.16,36.5,71.03,0.0,59.77,80.45,66.27,29.02,74.06,60.17,53.45,99.86,25.55,71.47,81.69,35.44,44.38,33.29,38.28,69.12,33.54
28,61.91,5.66,29.83,10.82,60.14,99.25,24.7,73.66,40.85,76.4,45.79,98.41,62.48,20.52,25.61,76.32,34.0,49.82,5.0,50.8,32.65,81.06,67.74,35.81,29.83,31.89,24.41,59.77,0.0,64.63,98.27,57.07,80.41,4.12,80.26,76.9,44.18,11.7,70.26,36.24,38.48,60.31,46.32,36.4,26.83
29,42.45,60.21,38.48,70.0,53.85,74.81,59.17,65.73,26.68,14.14,29.15,70.41,51.55,50.36,50.61,77.79,42.2,47.17,64.12,60.46,49.2,60.01,44.41,46.1,42.2,50.0,44.28,80.45,64.63,0.0,63.25,99.25,28.3,68.73,50.25,19.7,86.21,68.03,6.71,48.17,38.29,51.26,42.2,29.02,61.59
30,36.36,97.08,70.43,108.17,41.23,16.64,77.08,35.23,80.45,70.71,87.46,10.82,37.64,96.21,72.95,46.17,64.35,49.24,100.96,54.92,66.19,21.0,30.53,62.65,92.85,67.08,91.22,66.27,98.27,63.25,0.0,95.13,36.35,101.21,18.03,78.92,88.28,107.65,58.69,62.61,60.22,39.85,51.97,78.24,76.9
31,68.35,61.85,63.25,65.19,57.01,86.47,42.44,60.01,86.27,113.36,94.34,89.09,61.13,75.27,50.61,51.79,57.28,55.9,61.98,43.66,50.21,74.17,72.12,53.15,82.35,49.5,76.56,29.02,57.07,99.25,95.13,0.0,98.9,55.44,81.39,117.38,13.89,67.36,102.0,51.09,60.96,59.48,58.83,80.45,39.41
32,31.06,77.37,50.64,88.32,43.6,50.16,66.27,50.0,50.8,34.37,55.87,45.01,39.82,71.59,59.01,63.41,49.01,43.08,81.49,55.47,54.33,39.4,29.0,50.36,65.51,55.33,65.74,74.06,80.41,28.3,36.35,98.9,0.0,84.17,27.86,42.58,87.92,86.98,22.85,51.62,44.01,40.8,41.23,50.61,67.6
33,64.88,9.43,33.54,10.2,62.48,101.67,26.25,75.66,44.94,80.52,49.74,101.02,65.0,24.08,28.3,77.67,37.16,52.43,7.21,52.5,35.23,83.6,70.71,38.59,33.6,34.41,28.3,60.17,4.12,68.73,101.21,55.44,84.17,0.0,83.24,80.99,43.0,12.0,74.33,38.83,41.79,62.8,49.24,40.52,28.02
34,18.36,79.06,52.5,90.14,25.0,24.74,59.46,24.41,64.01,60.21,71.59,21.02,21.02,78.49,55.01,37.64,46.32,31.62,82.93,39.0,48.33,11.66,12.53,44.72,75.6,49.24,73.66,53.45,80.26,50.25,18.03,81.39,27.86,83.24,0.0,68.07,73.06,89.63,47.01,44.78,42.2,23.09,34.0,61.29,59.48
35,61.98,71.78,54.82,80.05,73.54,92.05,76.06,85.16,36.06,8.25,33.14,87.21,71.17,59.23,67.48,97.41,60.11,66.73,75.29,79.92,67.18,78.52,63.56,64.44,49.65,67.88,53.6,99.86,76.9,19.7,78.92,117.38,42.58,80.99,68.07,0.0,104.0,77.67,21.1,66.6,56.73,70.94,61.59,40.72,78.75
36,58.25,48.66,49.58,53.04,48.09,81.74,28.6,54.13,72.42,100.26,80.45,83.55,52.15,61.68,36.88,48.75,44.05,44.92,49.16,34.13,37.01,67.36,62.65,40.22,68.54,36.24,62.77,25.55,44.18,86.21,88.28,13.89,87.92,43.0,73.06,104.0,0.0,55.0,89.31,38.28,48.01,50.25,47.01,66.61,25.61
37,71.4,10.63,37.59,2.83,70.77,109.62,36.24,84.65,42.19,78.41,44.92,108.47,72.84,18.44,36.12,87.82,43.42,60.11,7.21,62.13,43.19,91.29,77.2,45.97,28.16,42.52,24.19,71.47,11.7,68.03,107.65,67.36,86.98,12.0,89.63,77.67,55.0,0.0,74.17,46.69,47.43,70.71,56.08,39.01,38.48
38,41.63,66.03,43.01,76.06,53.71,71.18,63.07,64.51,33.24,13.6,35.85,66.48,50.99,56.72,54.63,77.08,45.65,48.27,70.01,61.72,52.48,57.43,42.72,49.09,48.76,53.34,50.64,81.69,70.26,6.71,58.69,102.0,22.85,74.33,47.01,21.1,89.31,74.17,0.0,51.04,41.34,51.0,43.84,35.23,65.3
39,26.57,36.12,16.03,46.69,24.08,63.03,15.13,38.28,39.29,62.29,48.27,62.2,26.25,40.5,10.63,43.68,7.28,13.6,39.6,18.11,3.61,44.82,32.31,2.24,42.3,4.47,37.85,35.44,36.24,48.17,62.61,51.09,51.62,38.83,44.78,66.6,38.28,46.69,51.04,0.0,9.9,24.08,11.18,33.73,16.03
40,24.08,36.89,10.82,48.02,26.57,63.25,22.56,41.44,31.14,52.4,40.2,61.52,27.29,37.44,15.0,49.25,5.0,15.52,40.82,25.5,11.18,44.82,29.83,7.81,37.0,12.08,33.54,44.38,38.48,38.29,60.22,60.96,44.01,41.79,42.2,56.73,48.01,47.43,41.34,9.9,0.0,25.5,9.85,26.0,24.35
41,9.9,60.11,36.24,70.77,2.83,38.95,37.59,16.28,54.59,64.4,63.39,38.28,2.24,62.77,34.71,26.68,28.02,10.63,63.66,16.12,27.66,20.81,12.65,24.76,62.39,28.43,59.03,33.29,60.31,51.26,39.85,59.48,40.8,62.8,23.09,70.94,50.25,70.71,51.0,24.08,25.5,0.0,15.65,50.22,37.16
42,15.65,45.45,20.59,56.4,16.76,53.81,26.31,31.62,40.01,56.22,49.0,52.4,17.49,47.17,21.02,40.01,12.73,6.0,49.2,18.36,14.56,35.38,21.47,10.77,46.82,15.52,43.38,38.28,46.32,42.2,51.97,58.83,41.23,49.24,34.0,61.59,47.01,56.08,43.84,11.18,9.85,15.65,0.0,35.23,27.02
43,45.69,31.58,18.03,41.01,51.79,85.0,38.01,66.49,5.83,40.02,14.56,82.15,51.66,21.59,30.02,75.17,26.48,41.19,35.36,51.24,32.57,67.12,50.54,31.58,15.0,32.89,15.52,69.12,36.4,29.02,78.24,80.45,50.61,40.52,61.29,40.72,66.61,39.01,35.23,33.73,26.0,50.22,35.23,0.0,41.05
44,41.77,29.12,24.04,37.59,36.24,75.17,3.16,48.27,46.87,75.45,55.07,75.18,39.4,39.05,11.31,49.65,19.7,27.89,31.38,24.76,13.34,57.71,47.3,17.26,44.38,12.37,38.83,33.54,26.83,61.59,76.9,39.41,67.6,28.02,59.48,78.75,25.61,38.48,65.3,16.03,24.35,37.16,27.02,41.05,0.0
