vehicles
vehicle_idx, capacity, cost_per_unit_distance
1,100,3
2,100,3
3,100,3
4,100,3
5,100,3
6,100,3
depot
node_idx,x,y
0,34,31
home delivery customers
node_idx,x,y,service_time,demand
1,85,61,10,15
2,45,60,10,5
3,9,66,10,21
4,35,45,10,16
5,1,9,10,7
6,11,35,10,25
7,75,20,10,21
8,90,45,10,21
9,15,0,10,11
10,31,26,10,21
11,51,5,10,2
12,26,36,10,22
self pickup customers
node_idx,x,y,service_time,demand,locker_idxs
13,45,55,10,26,41
14,70,80,10,17,33-37
15,59,55,10,7,42
16,50,64,10,15,42-40-39-41
17,80,64,10,16,37
18,1,44,10,66,34
19,50,54,10,25,44
20,25,54,10,17,44
21,10,95,10,22,36
22,6,6,10,25,41-34
flexible customers
node_idx,x,y,service_time,demand,locker_idxs
23,81,70,10,6,37-33
24,75,90,10,17,37-33
25,25,40,10,1,41-43-44-39-34
26,71,84,10,11,33-37
27,45,59,10,17,41-44-40-43-39-42
28,45,71,10,22,42-43-44-39
29,66,84,10,10,33-37
30,81,46,10,16,42
31,85,10,10,7,35-38
32,15,21,10,11,34
lockers
node_idx,x,y,service_time,capacity,cost_per_unit_good
33,65,88,10,99
34,25,15,10,85
35,93,12,10,77
36,22,88,10,71
37,77,88,10,87
38,72,14,10,80
39,45,51,10,71
40,51,40,10,94
41,44,40,10,87
42,55,47,10,97
43,45,47,10,99
44,41,49,10,89
mrt lines
start_node_idx,end_node_idx,freight_capacity,cost_per_unit_good
33,34,99,0.1
34,33,99,0.1
35,36,77,0.1
36,35,77,0.1
37,38,87,0.1
38,37,87,0.1
distance matrix
,0,1,2,3,4,5,6,7,8,9,10,11,12,13,14,15,16,17,18,19,20,21,22,23,24,25,26,27,28,29,30,31,32,33,34,35,36,37,38,39,40,41,42,43,44,
0,0.0,59.17,31.02,43.01,14.04,39.66,23.35,42.45,57.72,36.36,5.83,31.06,9.43,26.4,60.8,34.66,36.67,56.61,35.47,28.02,24.7,68.35,37.54,61.07,71.85,12.73,64.64,30.08,41.48,61.91,49.34,55.15,21.47,64.88,18.36,61.98,58.25,71.4,41.63,22.83,19.24,13.45,26.4,19.42,19.31
1,59.17,0.0,40.01,76.16,52.5,98.79,78.43,42.2,16.76,92.85,64.35,65.51,64.08,40.45,24.21,26.68,35.13,5.83,85.7,35.69,60.41,82.35,96.26,9.85,30.68,63.57,26.93,40.05,41.23,29.83,15.52,51.0,80.62,33.6,75.6,49.65,68.54,28.16,48.76,41.23,39.96,46.07,33.11,42.38,45.61
2,31.02,40.01,0.0,36.5,18.03,67.36,42.2,50.0,47.43,67.08,36.77,55.33,30.61,5.0,32.02,14.87,6.4,35.23,46.82,7.81,20.88,49.5,66.61,37.36,42.43,28.28,35.38,1.0,11.0,31.89,38.63,64.03,49.2,34.41,49.24,67.88,36.24,42.52,53.34,9.0,20.88,20.02,16.4,13.0,11.7
3,43.01,76.16,36.5,0.0,33.42,57.56,31.06,80.45,83.68,66.27,45.65,74.06,34.48,37.64,62.59,51.2,41.05,71.03,23.41,42.72,20.0,29.02,60.07,72.11,70.23,30.53,64.56,36.67,36.35,59.77,74.73,94.4,45.4,60.17,53.45,99.86,25.55,71.47,81.69,39.0,49.4,43.6,49.77,40.71,36.24
4,14.04,52.5,18.03,33.42,0.0,49.52,26.0,47.17,55.0,49.24,19.42,43.08,12.73,14.14,49.5,26.0,24.21,48.85,34.01,17.49,13.45,55.9,48.6,52.35,60.21,11.18,53.08,17.2,27.86,49.82,46.01,61.03,31.24,52.43,31.62,66.73,44.92,60.11,48.27,11.66,16.76,10.3,20.1,10.2,7.21
5,39.66,98.79,67.36,57.56,49.52,0.0,27.86,74.81,96.01,16.64,34.48,50.16,36.8,63.66,99.01,74.03,73.66,96.26,35.0,66.53,51.0,86.47,5.83,100.6,109.71,39.2,102.59,66.6,76.03,99.25,88.14,84.01,18.44,101.67,24.74,92.05,81.74,109.62,71.18,60.83,58.83,53.01,66.03,58.14,56.57
6,23.35,78.43,42.2,31.06,26.0,27.86,0.0,65.73,79.63,35.23,21.93,50.0,15.03,39.45,74.2,52.0,48.6,74.85,13.45,43.38,23.6,60.01,29.43,78.26,84.39,14.87,77.47,41.62,49.52,73.66,70.86,78.11,14.56,75.66,24.41,85.16,54.13,84.65,64.51,37.58,40.31,33.38,45.61,36.06,33.11
7,42.45,42.2,50.0,80.45,47.17,74.81,65.73,0.0,29.15,63.25,44.41,28.3,51.55,46.1,60.21,38.48,50.61,44.28,77.79,42.2,60.46,99.25,70.41,50.36,70.0,53.85,64.12,49.2,59.17,64.63,26.68,14.14,60.01,68.73,50.25,19.7,86.21,68.03,6.71,43.14,31.24,36.89,33.6,40.36,44.69
8,57.72,16.76,47.43,83.68,55.0,96.01,79.63,29.15,0.0,87.46,61.98,55.87,64.63,46.1,40.31,32.57,44.28,21.47,89.01,41.0,65.62,94.34,92.61,26.57,47.43,65.19,43.38,47.13,51.97,45.79,9.06,35.36,78.75,49.74,71.59,33.14,80.45,44.92,35.85,45.4,39.32,46.27,35.06,45.04,49.16
9,36.36,92.85,67.08,66.27,49.24,16.64,35.23,63.25,87.46,0.0,30.53,36.35,37.64,62.65,97.08,70.43,72.95,91.22,46.17,64.35,54.92,95.13,10.82,96.21,108.17,41.23,100.96,66.19,77.08,98.27,80.45,70.71,21.0,101.21,18.03,78.92,88.28,107.65,58.69,59.17,53.81,49.41,61.72,55.76,55.47
10,5.83,64.35,36.77,45.65,19.42,34.48,21.93,44.41,61.98,30.53,0.0,29.0,11.18,32.2,66.61,40.31,42.49,62.01,34.99,33.84,28.64,72.12,32.02,66.6,77.67,15.23,70.46,35.85,47.13,67.74,53.85,56.32,16.76,70.71,12.53,63.56,62.65,77.2,42.72,28.65,24.41,19.1,31.89,25.24,25.08
11,31.06,65.51,55.33,74.06,43.08,50.16,50.0,28.3,55.87,36.35,29.0,0.0,39.82,50.36,77.37,50.64,59.01,65.74,63.41,49.01,55.47,98.9,45.01,71.59,88.32,43.6,81.49,54.33,66.27,80.41,50.8,34.37,39.4,84.17,27.86,42.58,87.92,86.98,22.85,46.39,35.0,35.69,42.19,42.43,45.12
12,9.43,64.08,30.61,34.48,12.73,36.8,15.03,51.55,64.63,37.64,11.18,39.82,0.0,26.87,62.23,38.08,36.88,60.83,26.25,30.0,18.03,61.13,36.06,64.66,72.92,4.12,65.8,29.83,39.82,62.48,55.9,64.47,18.6,65.0,21.02,71.17,52.15,72.84,50.99,24.21,25.32,18.44,31.02,21.95,19.85
13,26.4,40.45,5.0,37.64,14.14,63.66,39.45,46.1,46.1,62.65,32.2,50.36,26.87,0.0,35.36,14.0,10.3,36.14,45.35,5.1,20.02,53.15,62.63,39.0,46.1,25.0,38.95,4.0,16.0,35.81,37.11,60.21,45.34,38.59,44.72,64.44,40.22,45.97,49.09,4.0,16.16,15.03,12.81,8.0,7.21
14,60.8,24.21,32.02,62.59,49.5,99.01,74.2,60.21,40.31,97.08,66.61,77.37,62.23,35.36,0.0,27.31,25.61,18.87,77.83,32.8,51.97,61.85,97.84,14.87,11.18,60.21,4.12,32.65,26.57,5.66,35.74,71.59,80.66,9.43,79.06,71.78,48.66,10.63,66.03,38.29,44.28,47.71,36.25,41.4,42.45
15,34.66,26.68,14.87,51.2,26.0,74.03,52.0,38.48,32.57,70.43,40.31,50.64,38.08,14.0,27.31,0.0,12.73,22.85,59.03,9.06,34.01,63.25,72.18,26.63,38.48,37.16,31.38,14.56,21.26,29.83,23.77,51.97,55.61,33.54,52.5,54.82,49.58,37.59,43.01,14.56,17.0,21.21,8.94,16.12,18.97
16,36.67,35.13,6.4,41.05,24.21,73.66,48.6,50.61,44.28,72.95,42.49,59.01,36.88,10.3,25.61,12.73,0.0,30.0,52.92,10.0,26.93,50.61,72.8,31.58,36.07,34.66,29.0,7.07,8.6,25.61,35.85,64.35,55.44,28.3,55.01,67.48,36.88,36.12,54.63,13.93,24.02,24.74,17.72,17.72,17.49
17,56.61,5.83,35.23,71.03,48.85,96.26,74.85,44.28,21.47,91.22,62.01,65.74,60.83,36.14,18.87,22.85,30.0,0.0,81.49,31.62,55.9,76.56,94.02,6.08,26.48,60.01,21.93,35.36,35.69,24.41,18.03,54.23,77.94,28.3,73.66,53.6,62.77,24.19,50.64,37.34,37.64,43.27,30.23,38.91,41.79
18,35.47,85.7,46.82,23.41,34.01,35.0,13.45,77.79,89.01,46.17,34.99,63.41,26.25,45.35,77.83,59.03,52.92,81.49,0.0,50.01,26.0,51.79,38.33,84.12,87.13,24.33,80.62,46.49,51.62,76.32,80.02,90.62,26.93,77.67,37.64,97.41,48.75,87.82,77.08,44.55,50.16,43.19,54.08,44.1,40.31
19,28.02,35.69,7.81,42.72,17.49,66.53,43.38,42.2,41.0,64.35,33.84,49.01,30.0,5.1,32.8,9.06,10.0,31.62,50.01,0.0,25.0,57.28,65.12,34.89,43.83,28.65,36.62,7.07,17.72,34.0,32.02,56.22,48.1,37.16,46.32,60.11,44.05,43.42,45.65,5.83,14.04,15.23,8.6,8.6,10.3
20,24.7,60.41,20.88,20.0,13.45,51.0,23.6,60.46,65.62,54.92,28.64,55.47,18.03,20.02,51.97,34.01,26.93,55.9,26.0,25.0,0.0,43.66,51.62,58.24,61.61,14.0,54.92,20.62,26.25,50.8,56.57,74.4,34.48,52.5,39.0,79.92,34.13,62.13,61.72,20.22,29.53,23.6,30.81,21.19,16.76
21,68.35,82.35,49.5,29.02,55.9,86.47,60.01,99.25,94.34,95.13,72.12,98.9,61.13,53.15,61.85,63.25,50.61,76.56,51.79,57.28,43.66,0.0,89.09,75.27,65.19,57.01,61.98,50.21,42.44,57.07,86.27,113.36,74.17,55.44,81.39,117.38,13.89,67.36,102.0,56.22,68.6,64.66,65.8,59.41,55.47
22,37.54,96.26,66.61,60.07,48.6,5.83,29.43,70.41,92.61,10.82,32.02,45.01,36.06,62.63,97.84,72.18,72.8,94.02,38.33,65.12,51.62,89.09,0.0,98.6,108.71,38.95,101.53,65.8,75.8,98.41,85.0,79.1,17.49,101.02,21.02,87.21,83.55,108.47,66.48,59.55,56.4,50.99,63.89,56.59,55.44
23,61.07,9.85,37.36,72.11,52.35,100.6,78.26,50.36,26.57,96.21,66.6,71.59,64.66,39.0,14.87,26.63,31.58,6.08,84.12,34.89,58.24,75.27,98.6,0.0,20.88,63.53,17.2,37.64,36.01,20.52,24.0,60.13,82.2,24.08,78.49,59.23,61.68,18.44,56.72,40.71,42.43,47.63,34.71,42.72,45.18
24,71.85,30.68,42.43,70.23,60.21,109.71,84.39,70.0,47.43,108.17,77.67,88.32,72.92,46.1,11.18,38.48,36.07,26.48,87.13,43.83,61.61,65.19,108.71,20.88,0.0,70.71,7.21,43.14,35.51,10.82,44.41,80.62,91.44,10.2,90.14,80.05,53.04,2.83,76.06,49.2,55.46,58.83,47.42,52.43,53.26
25,12.73,63.57,28.28,30.53,11.18,39.2,14.87,53.85,65.19,41.23,15.23,43.6,4.12,25.0,60.21,37.16,34.66,60.01,24.33,28.65,14.0,57.01,38.95,63.53,70.71,0.0,63.66,27.59,36.89,60.14,56.32,67.08,21.47,62.48,25.0,73.54,48.09,70.77,53.71,22.83,26.0,19.0,30.81,21.19,18.36
26,64.64,26.93,35.38,64.56,53.08,102.59,77.47,64.12,43.38,100.96,70.46,81.49,65.8,38.95,4.12,31.38,29.0,21.93,80.62,36.62,54.92,61.98,101.53,17.2,7.21,63.66,0.0,36.07,29.07,5.0,39.29,75.31,84.29,7.21,82.93,75.29,49.16,7.21,70.01,42.01,48.33,51.62,40.31,45.22,46.1
27,30.08,40.05,1.0,36.67,17.2,66.6,41.62,49.2,47.13,66.19,35.85,54.33,29.83,4.0,32.65,14.56,7.07,35.36,46.49,7.07,20.62,50.21,65.8,37.64,43.14,27.59,36.07,0.0,12.0,32.65,38.28,63.25,48.41,35.23,48.33,67.18,37.01,43.19,52.48,8.0,19.92,19.03,15.62,12.0,10.77
28,41.48,41.23,11.0,36.35,27.86,76.03,49.52,59.17,51.97,77.08,47.13,66.27,39.82,16.0,26.57,21.26,8.6,35.69,51.62,17.72,26.25,42.44,75.8,36.01,35.51,36.89,29.07,12.0,0.0,24.7,43.83,72.95,58.31,26.25,59.46,76.06,28.6,36.24,63.07,20.0,31.58,31.02,26.0,24.0,22.36
29,61.91,29.83,31.89,59.77,49.82,99.25,73.66,64.63,45.79,98.27,67.74,80.41,62.48,35.81,5.66,29.83,25.61,24.41,76.32,34.0,50.8,57.07,98.41,20.52,10.82,60.14,5.0,32.65,24.7,0.0,40.85,76.4,81.06,4.12,80.26,76.9,44.18,11.7,70.26,39.12,46.49,49.19,38.6,42.54,43.01
30,49.34,15.52,38.63,74.73,46.01,88.14,70.86,26.68,9.06,80.45,53.85,50.8,55.9,37.11,35.74,23.77,35.85,18.03,80.02,32.02,56.57,86.27,85.0,24.0,44.41,56.32,39.29,38.28,43.83,40.85,0.0,36.22,70.58,44.94,64.01,36.06,72.42,42.19,33.24,36.35,30.59,37.48,26.02,36.01,40.11
31,55.15,51.0,64.03,94.4,61.03,84.01,78.11,14.14,35.36,70.71,56.32,34.37,64.47,60.21,71.59,51.97,64.35,54.23,90.62,56.22,74.4,113.36,79.1,60.13,80.62,67.08,75.31,63.25,72.95,76.4,36.22,0.0,70.86,80.52,60.21,8.25,100.26,78.41,13.6,57.28,45.34,50.8,47.63,54.49,58.8
32,21.47,80.62,49.2,45.4,31.24,18.44,14.56,60.01,78.75,21.0,16.76,39.4,18.6,45.34,80.66,55.61,55.44,77.94,26.93,48.1,34.48,74.17,17.49,82.2,91.44,21.47,84.29,48.41,58.31,81.06,70.58,70.86,0.0,83.6,11.66,78.52,67.36,91.29,57.43,42.43,40.71,34.67,47.71,39.7,38.21
33,64.88,33.6,34.41,60.17,52.43,101.67,75.66,68.73,49.74,101.21,70.71,84.17,65.0,38.59,9.43,33.54,28.3,28.3,77.67,37.16,52.5,55.44,101.02,24.08,10.2,62.48,7.21,35.23,26.25,4.12,44.94,80.52,83.6,0.0,83.24,80.99,43.0,12.0,74.33,42.06,50.0,52.39,42.2,45.62,45.79
34,18.36,75.6,49.24,53.45,31.62,24.74,24.41,50.25,71.59,18.03,12.53,27.86,21.02,44.72,79.06,52.5,55.01,73.66,37.64,46.32,39.0,81.39,21.02,78.49,90.14,25.0,82.93,48.33,59.46,80.26,64.01,60.21,11.66,83.24,0.0,68.07,73.06,89.63,47.01,41.18,36.07,31.4,43.86,37.74,37.58
35,61.98,49.65,67.88,99.86,66.73,92.05,85.16,19.7,33.14,78.92,63.56,42.58,71.17,64.44,71.78,54.82,67.48,53.6,97.41,60.11,79.92,117.38,87.21,59.23,80.05,73.54,75.29,67.18,76.06,76.9,36.06,8.25,78.52,80.99,68.07,0.0,104.0,77.67,21.1,61.85,50.48,56.44,51.66,59.41,63.82
36,58.25,68.54,36.24,25.55,44.92,81.74,54.13,86.21,80.45,88.28,62.65,87.92,52.15,40.22,48.66,49.58,36.88,62.77,48.75,44.05,34.13,13.89,83.55,61.68,53.04,48.09,49.16,37.01,28.6,44.18,72.42,100.26,67.36,43.0,73.06,104.0,0.0,55.0,89.31,43.57,56.08,52.8,52.63,47.01,43.38
37,71.4,28.16,42.52,71.47,60.11,109.62,84.65,68.03,44.92,107.65,77.2,86.98,72.84,45.97,10.63,37.59,36.12,24.19,87.82,43.42,62.13,67.36,108.47,18.44,2.83,70.77,7.21,43.19,36.24,11.7,42.19,78.41,91.29,12.0,89.63,77.67,55.0,0.0,74.17,48.92,54.59,58.25,46.53,52.01,53.08
38,41.63,48.76,53.34,81.69,48.27,71.18,64.51,6.71,35.85,58.69,42.72,22.85,50.99,49.09,66.03,43.01,54.63,50.64,77.08,45.65,61.72,102.0,66.48,56.72,76.06,53.71,70.01,52.48,63.07,70.26,33.24,13.6,57.43,74.33,47.01,21.1,89.31,74.17,0.0,45.8,33.42,38.21,37.12,42.64,46.75
39,22.83,41.23,9.0,39.0,11.66,60.83,37.58,43.14,45.4,59.17,28.65,46.39,24.21,4.0,38.29,14.56,13.93,37.34,44.55,5.83,20.22,56.22,59.55,40.71,49.2,22.83,42.01,8.0,20.0,39.12,36.35,57.28,42.43,42.06,41.18,61.85,43.57,48.92,45.8,0.0,12.53,11.05,10.77,4.0,4.47
40,19.24,39.96,20.88,49.4,16.76,58.83,40.31,31.24,39.32,53.81,24.41,35.0,25.32,16.16,44.28,17.0,24.02,37.64,50.16,14.04,29.53,68.6,56.4,42.43,55.46,26.0,48.33,19.92,31.58,46.49,30.59,45.34,40.71,50.0,36.07,50.48,56.08,54.59,33.42,12.53,0.0,7.0,8.06,9.22,13.45
41,13.45,46.07,20.02,43.6,10.3,53.01,33.38,36.89,46.27,49.41,19.1,35.69,18.44,15.03,47.71,21.21,24.74,43.27,43.19,15.23,23.6,64.66,50.99,47.63,58.83,19.0,51.62,19.03,31.02,49.19,37.48,50.8,34.67,52.39,31.4,56.44,52.8,58.25,38.21,11.05,7.0,0.0,13.04,7.07,9.49
42,26.4,33.11,16.4,49.77,20.1,66.03,45.61,33.6,35.06,61.72,31.89,42.19,31.02,12.81,36.25,8.94,17.72,30.23,54.08,8.6,30.81,65.8,63.89,34.71,47.42,30.81,40.31,15.62,26.0,38.6,26.02,47.63,47.71,42.2,43.86,51.66,52.63,46.53,37.12,10.77,8.06,13.04,0.0,10.0,14.14
43,19.42,42.38,13.0,40.71,10.2,58.14,36.06,40.36,45.04,55.76,25.24,42.43,21.95,8.0,41.4,16.12,17.72,38.91,44.1,8.6,21.19,59.41,56.59,42.72,52.43,21.19,45.22,12.0,24.0,42.54,36.01,54.49,39.7,45.62,37.74,59.41,47.01,52.01,42.64,4.0,9.22,7.07,10.0,0.0,4.47
44,19.31,45.61,11.7,36.24,7.21,56.57,33.11,44.69,49.16,55.47,25.08,45.12,19.85,7.21,42.45,18.97,17.49,41.79,40.31,10.3,16.76,55.47,55.44,45.18,53.26,18.36,46.1,10.77,22.36,43.01,40.11,58.8,38.21,45.79,37.58,63.82,43.38,53.08,46.75,4.47,13.45,9.49,14.14,4.47,0.0
