set K:= 1	2	3	4	5;
set C_H:= 1	2	3	4	5	6	7	8	9	10	11	12;
set C_S:= 13	14	15	16	17	18	19	20	21	22;
set C_F:= 23	24	25	26	27	28	29	30	31	32;
set M:= 33	34;
set M_B:= 35	36;
set L_B:= 37	38	39	40	41;
set A1:=
(0,*) 1 2 3 4 5 6 7 8 9 10 11 12 23 24 25 26 27 28 29 30 31 32 33 34 35 36 37 38 39 40 41
(1,*) 0 2 3 4 5 6 7 8 9 10 11 12 23 24 25 26 27 28 29 30 31 32 33 34 35 36 37 38 39 40 41
(2,*) 0 1 3 4 5 6 7 8 9 10 11 12 23 24 25 26 27 28 29 30 31 32 33 34 35 36 37 38 39 40 41
(3,*) 0 1 2 4 5 6 7 8 9 10 11 12 23 24 25 26 27 28 29 30 31 32 33 34 35 36 37 38 39 40 41
(4,*) 0 1 2 3 5 6 7 8 9 10 11 12 23 24 25 26 27 28 29 30 31 32 33 34 35 36 37 38 39 40 41
(5,*) 0 1 2 3 4 6 7 8 9 10 11 12 23 24 25 26 27 28 29 30 31 32 33 34 35 36 37 38 39 40 41
(6,*) 0 1 2 3 4 5 7 8 9 10 11 12 23 24 25 26 27 28 29 30 31 32 33 34 35 36 37 38 39 40 41
(7,*) 0 1 2 3 4 5 6 8 9 10 11 12 23 24 25 26 27 28 29 30 31 32 33 34 35 36 37 38 39 40 41
(8,*) 0 1 2 3 4 5 6 7 9 10 11 12 23 24 25 26 27 28 29 30 31 32 33 34 35 36 37 38 39 40 41
(9,*) 0 1 2 3 4 5 6 7 8 10 11 12 23 24 25 26 27 28 29 30 31 32 33 34 35 36 37 38 39 40 41
(10,*) 0 1 2 3 4 5 6 7 8 9 11 12 23 24 25 26 27 28 29 30 31 32 33 34 35 36 37 38 39 40 41
(11,*) 0 1 2 3 4 5 6 7 8 9 10 12 23 24 25 26 27 28 29 30 31 32 33 34 35 36 37 38 39 40 41
(12,*) 0 1 2 3 4 5 6 7 8 9 10 11 23 24 25 26 27 28 29 30 31 32 33 34 35 36 37 38 39 40 41
(23,*) 0 1 2 3 4 5 6 7 8 9 10 11 12 24 25 26 27 28 29 30 31 32 33 34 35 36 37 38 39 40 41
(24,*) 0 1 2 3 4 5 6 7 8 9 10 11 12 23 25 26 27 28 29 30 31 32 33 34 35 36 37 38 39 40 41
(25,*) 0 1 2 3 4 5 6 7 8 9 10 11 12 23 24 26 27 28 29 30 31 32 33 34 35 36 37 38 39 40 41
(26,*) 0 1 2 3 4 5 6 7 8 9 10 11 12 23 24 25 27 28 29 30 31 32 33 34 35 36 37 38 39 40 41
(27,*) 0 1 2 3 4 5 6 7 8 9 10 11 12 23 24 25 26 28 29 30 31 32 33 34 35 36 37 38 39 40 41
(28,*) 0 1 2 3 4 5 6 7 8 9 10 11 12 23 24 25 26 27 29 30 31 32 33 34 35 36 37 38 39 40 41
(29,*) 0 1 2 3 4 5 6 7 8 9 10 11 12 23 24 25 26 27 28 30 31 32 33 34 35 36 37 38 39 40 41
(30,*) 0 1 2 3 4 5 6 7 8 9 10 11 12 23 24 25 26 27 28 29 31 32 33 34 35 36 37 38 39 40 41
(31,*) 0 1 2 3 4 5 6 7 8 9 10 11 12 23 24 25 26 27 28 29 30 32 33 34 35 36 37 38 39 40 41
(32,*) 0 1 2 3 4 5 6 7 8 9 10 11 12 23 24 25 26 27 28 29 30 31 33 34 35 36 37 38 39 40 41
(33,*) 0 1 2 3 4 5 6 7 8 9 10 11 12 23 24 25 26 27 28 29 30 31 32 34 35 36 37 38 39 40 41
(34,*) 0 1 2 3 4 5 6 7 8 9 10 11 12 23 24 25 26 27 28 29 30 31 32 33 35 36 37 38 39 40 41
(35,*) 0 1 2 3 4 5 6 7 8 9 10 11 12 23 24 25 26 27 28 29 30 31 32 33 34 36 37 38 39 40 41
(36,*) 0 1 2 3 4 5 6 7 8 9 10 11 12 23 24 25 26 27 28 29 30 31 32 33 34 35 37 38 39 40 41
(37,*) 0 1 2 3 4 5 6 7 8 9 10 11 12 23 24 25 26 27 28 29 30 31 32 33 34 35 36 38 39 40 41
(38,*) 0 1 2 3 4 5 6 7 8 9 10 11 12 23 24 25 26 27 28 29 30 31 32 33 34 35 36 37 39 40 41
(39,*) 0 1 2 3 4 5 6 7 8 9 10 11 12 23 24 25 26 27 28 29 30 31 32 33 34 35 36 37 38 40 41
(40,*) 0 1 2 3 4 5 6 7 8 9 10 11 12 23 24 25 26 27 28 29 30 31 32 33 34 35 36 37 38 39 41
(41,*) 0 1 2 3 4 5 6 7 8 9 10 11 12 23 24 25 26 27 28 29 30 31 32 33 34 35 36 37 38 39 40
;
param BigM:=99999;
param n:= 5;
param d:=
1	8
2	18
3	10
4	20
5	23
6	9
7	18
8	13
9	14
10	8
11	20
12	24
13	5
14	14
15	13
16	19
17	9
18	10
19	24
20	23
21	15
22	8
23	23
24	18
25	5
26	10
27	19
28	14
29	13
30	14
31	2
32	3
;
param Q:=100;
param e:
	33	34	35	36	37	38	39	40	41:=
13		1		0		1		0		0		0		0		0		0	
14		0		0		0		0		1		0		0		0		0	
15		0		0		0		0		0		0		0		1		0	
16		0		1		0		1		0		1		0		0		0	
17		0		0		0		0		0		0		0		1		0	
18		0		0		0		0		0		0		1		0		0	
19		0		1		0		1		0		0		0		0		0	
20		0		1		0		1		0		0		0		0		0	
21		1		0		1		0		1		0		0		0		1	
22		0		0		0		0		0		0		1		0		1	
23		0		0		0		0		0		1		0		0		0	
24		0		1		0		1		0		0		0		0		0	
25		1		0		1		0		1		0		0		0		0	
26		1		0		1		0		0		0		0		0		0	
27		0		0		0		0		1		0		0		0		1	
28		0		0		0		0		1		0		0		0		1	
29		1		0		1		0		0		0		0		0		0	
30		0		1		0		1		0		0		0		0		0	
31		0		1		0		1		0		0		0		0		0	
32		0		0		0		0		0		1		0		0		0	
;
param p:=
1	3
2	3
3	3
4	3
5	3
;
param G:=
33	80
34	75
35	80
36	75
37	87
38	70
39	73
40	85
41	85
;
param s:=
0	0
1	10
2	10
3	10
4	10
5	10
6	10
7	10
8	10
9	10
10	10
11	10
12	10
23	10
24	10
25	10
26	10
27	10
28	10
29	10
30	10
31	10
32	10
33	10
34	10
35	10
36	10
37	10
38	10
39	10
40	10
41	10
;
param t:
	0	1	2	3	4	5	6	7	8	9	10	11	12	13	14	15	16	17	18	19	20	21	22	23	24	25	26	27	28	29	30	31	32	33	34	35	36	37	38	39	40	41:=
0	0.0	60.83	24.0	64.35	55.33	56.22	39.05	20.0	19.24	33.12	31.4	61.0	29.53	45.45	45.45	36.4	73.36	41.11	39.05	72.01	61.13	17.09	40.01	14.56	64.82	17.8	39.7	7.81	10.77	22.36	61.07	65.0	40.31	30.48	55.66	30.48	55.66	15.52	44.92	38.63	32.56	17.46
1	60.83	0.0	84.59	25.71	16.76	29.68	96.57	49.19	74.09	92.72	36.14	10.05	82.29	99.73	54.64	25.0	24.52	20.25	53.15	41.3	6.08	70.94	77.34	56.14	50.8	76.92	96.93	56.04	67.05	80.0	7.07	15.0	47.17	86.54	9.9	86.54	9.9	61.33	17.26	87.13	32.25	62.17
2	24.0	84.59	0.0	85.49	79.23	76.48	25.71	41.76	22.67	16.76	52.55	85.0	27.86	35.36	63.51	59.84	95.27	65.07	57.45	94.24	85.09	24.08	47.17	31.3	85.0	14.87	26.68	30.41	22.36	10.77	85.05	87.64	56.22	23.35	78.85	23.35	78.85	31.76	68.25	37.36	56.32	32.76
3	64.35	25.71	85.49	0.0	41.01	10.0	103.23	60.44	81.69	97.42	33.12	35.69	91.35	108.58	74.33	31.4	11.05	34.54	71.18	66.91	31.78	78.75	91.84	54.23	75.06	82.1	103.81	62.48	73.41	78.11	32.76	11.66	34.0	94.02	18.03	94.02	18.03	70.71	24.6	98.31	46.53	72.14
4	55.33	16.76	79.23	41.01	0.0	42.45	87.1	39.46	64.94	84.59	39.05	8.49	71.84	88.87	38.95	25.61	41.23	16.64	38.42	26.93	11.66	61.81	63.81	54.78	34.23	69.18	87.32	49.01	59.14	76.69	10.82	31.4	53.91	76.9	23.09	76.9	23.09	51.79	22.47	75.24	23.0	52.17
5	56.22	29.68	76.48	10.0	42.45	0.0	95.27	54.71	74.25	89.05	24.84	38.91	84.17	101.14	71.59	26.57	21.02	32.14	67.72	69.26	35.36	71.42	86.45	45.18	75.33	74.03	95.9	55.17	65.8	68.71	36.24	18.87	24.0	86.37	20.12	86.37	20.12	64.03	22.02	91.68	42.72	65.6
6	39.05	96.57	25.71	103.23	87.1	95.27	0.0	47.8	22.47	9.06	70.43	94.37	16.03	10.05	59.84	73.82	111.83	76.32	55.23	95.19	95.51	25.63	34.44	51.74	82.38	21.26	1.0	41.18	30.02	36.4	95.21	102.96	78.1	10.2	93.02	10.2	93.02	35.44	82.3	19.42	64.85	34.93
7	20.0	49.19	41.76	60.44	39.46	54.71	47.8	0.0	25.5	45.18	32.28	46.57	33.11	50.54	26.42	29.07	67.21	29.15	20.12	52.55	47.76	22.36	31.76	28.64	44.82	30.02	48.08	12.21	20.1	42.19	47.43	57.49	47.17	37.64	47.01	37.64	47.01	12.37	36.8	38.42	17.09	13.0
8	19.24	74.09	22.67	81.69	64.94	74.25	22.47	25.5	0.0	20.02	49.52	72.03	10.3	26.91	42.05	51.62	89.87	53.85	36.4	75.31	73.08	3.16	25.08	33.62	64.26	7.81	22.85	19.21	8.6	29.15	72.8	80.78	59.54	12.53	70.71	12.53	70.71	13.15	60.03	19.65	42.45	13.0
9	33.12	92.72	16.76	97.42	84.59	89.05	9.06	45.18	20.02	0.0	64.35	91.41	18.03	19.0	61.03	69.08	106.47	72.53	55.79	95.19	92.2	23.0	38.42	44.6	83.52	15.81	10.05	36.69	25.71	27.51	91.98	97.99	70.72	11.4	88.39	11.4	88.39	33.02	77.62	25.0	61.81	33.02
10	31.4	36.14	52.55	33.12	39.05	24.84	70.43	32.28	49.52	64.35	0.0	40.71	59.55	76.37	54.15	13.45	42.72	22.63	49.0	64.03	39.0	46.75	63.69	21.59	64.47	49.2	71.06	30.61	41.01	45.89	39.4	35.51	16.76	61.55	28.07	61.55	28.07	39.96	18.97	67.42	25.96	41.68
11	61.0	10.05	85.0	35.69	8.49	38.91	94.37	46.57	72.03	91.41	40.71	0.0	79.38	96.57	47.42	27.86	34.23	20.22	46.86	31.26	4.0	68.88	72.11	58.69	41.23	75.8	94.64	55.23	65.76	81.61	3.0	25.02	53.91	84.2	18.79	84.2	18.79	58.94	22.2	83.19	29.61	59.48
12	29.53	82.29	27.86	91.35	71.84	84.17	16.03	33.11	10.3	18.03	59.55	79.38	0.0	17.49	43.93	60.8	99.2	62.18	39.2	79.16	80.78	12.81	20.52	43.86	66.49	15.0	16.0	29.0	18.87	36.5	80.41	89.87	69.84	6.71	79.61	6.71	79.61	21.1	69.07	10.0	50.16	20.12
13	45.45	99.73	35.36	108.58	88.87	101.14	10.05	50.54	26.91	19.0	76.37	96.57	17.49	0.0	58.0	78.24	116.61	79.65	54.23	94.09	98.09	29.83	30.41	59.08	80.16	28.3	9.06	46.1	35.36	45.89	97.69	107.34	85.45	15.0	97.1	15.0	97.1	38.59	86.53	15.03	67.54	37.59
14	45.45	54.64	63.51	74.33	38.95	71.59	59.84	26.42	42.05	61.03	54.15	47.42	43.93	58.0	0.0	45.4	77.83	39.85	6.4	36.22	50.45	39.82	28.44	55.01	22.56	49.24	59.68	37.8	41.4	66.53	49.68	67.54	70.58	50.45	57.27	50.45	57.27	32.02	50.0	43.01	29.15	30.81
15	36.4	25.0	59.84	31.4	25.61	26.57	73.82	29.07	51.62	69.08	13.45	27.86	60.8	78.24	45.4	0.0	38.42	9.22	41.23	50.8	26.68	48.55	60.46	31.26	52.5	53.31	74.3	32.65	43.83	55.0	26.93	29.15	29.15	64.14	19.31	64.14	19.31	39.82	8.54	67.21	16.28	41.11
16	73.36	24.52	95.27	11.05	41.23	21.02	111.83	67.21	89.87	106.47	42.72	34.23	99.2	116.61	77.83	38.42	0.0	39.2	75.47	65.0	30.27	86.84	97.84	64.2	75.31	90.92	112.36	70.72	81.84	88.32	31.26	10.3	45.01	102.34	20.81	102.34	20.81	78.24	30.41	105.55	51.86	79.51
17	41.11	20.25	65.07	34.54	16.64	32.14	76.32	29.15	53.85	72.53	22.63	20.22	62.18	79.65	39.85	9.22	39.2	0.0	36.67	41.62	20.02	50.7	58.73	38.6	44.15	56.75	76.69	35.9	46.84	61.4	20.0	29.07	38.28	66.31	18.44	66.31	18.44	41.15	10.2	67.42	12.73	42.06
18	39.05	53.15	57.45	71.18	38.42	67.72	55.23	20.12	36.4	55.79	49.0	46.86	39.2	54.23	6.4	41.23	75.47	36.67	0.0	40.01	49.52	34.01	26.0	48.75	27.86	43.38	55.15	31.4	35.23	60.21	48.84	65.19	65.19	45.54	54.71	45.54	54.71	25.81	46.62	39.46	25.0	24.7
19	72.01	41.3	94.24	66.91	26.93	69.26	95.19	52.55	75.31	95.19	64.03	31.26	79.16	94.09	36.22	50.8	65.0	41.62	40.01	0.0	35.23	72.57	64.63	75.8	16.64	81.49	95.13	64.47	72.12	94.37	34.23	56.22	79.88	85.38	49.48	85.38	49.48	63.06	49.19	79.16	41.4	62.59
20	61.13	6.08	85.09	31.78	11.66	35.36	95.51	47.76	73.08	92.2	39.0	4.0	80.78	98.09	50.45	26.68	30.27	20.02	49.52	35.23	0.0	69.92	74.4	57.87	45.12	76.49	95.82	55.73	66.49	81.22	1.0	21.02	51.4	85.38	15.26	85.38	15.26	60.08	20.12	85.0	30.68	60.75
21	17.09	70.94	24.08	78.75	61.81	71.42	25.63	22.36	3.16	23.0	46.75	68.88	12.81	29.83	39.82	48.55	86.84	50.7	34.01	72.57	69.92	0.0	25.0	31.62	61.85	9.43	26.0	16.28	6.32	29.53	69.64	77.7	57.25	15.65	67.6	15.65	67.6	10.05	56.94	21.54	39.29	10.05
22	40.01	77.34	47.17	91.84	63.81	86.45	34.44	31.76	25.08	38.42	63.69	72.11	20.52	30.41	28.44	60.46	97.84	58.73	26.0	64.63	74.4	25.0	0.0	54.08	50.0	32.65	34.01	35.36	30.41	54.23	73.82	87.78	77.37	27.02	77.16	27.02	77.16	25.18	67.62	15.52	46.01	23.19
23	14.56	56.14	31.3	54.23	54.78	45.18	51.74	28.64	33.62	44.6	21.59	58.69	43.86	59.08	55.01	31.26	64.2	38.6	48.75	75.8	57.87	31.62	54.08	0.0	71.59	30.81	52.5	19.1	25.3	24.33	58.05	57.07	26.4	44.1	49.09	44.1	49.09	29.0	39.01	53.14	34.41	31.0
24	64.82	50.8	85.0	75.06	34.23	75.33	82.38	44.82	64.26	83.52	64.47	41.23	66.49	80.16	22.56	52.5	75.31	44.15	27.86	16.64	45.12	61.85	50.0	71.59	0.0	71.18	82.2	57.01	62.65	86.84	44.15	65.62	81.15	73.01	57.04	73.01	57.04	53.24	53.6	65.12	38.95	52.33
25	17.8	76.92	14.87	82.1	69.18	74.03	21.26	30.02	7.81	15.81	49.2	75.8	15.0	28.3	49.24	53.31	90.92	56.75	43.38	81.49	76.49	9.43	32.65	30.81	71.18	0.0	21.93	20.88	10.05	21.84	76.3	82.29	57.2	13.42	72.62	13.42	72.62	18.44	61.85	25.0	46.27	18.97
26	39.7	96.93	26.68	103.81	87.32	95.9	1.0	48.08	22.85	10.05	71.06	94.64	16.0	9.06	59.68	74.3	112.36	76.69	55.15	95.13	95.82	26.0	34.01	52.5	82.2	21.93	0.0	41.68	30.53	37.36	95.51	103.45	78.87	10.44	93.48	10.44	93.48	35.74	82.76	18.87	65.15	35.17
27	7.81	56.04	30.41	62.48	49.01	55.17	41.18	12.21	19.21	36.69	30.61	55.23	29.0	46.1	37.8	32.65	70.72	35.9	31.4	64.47	55.73	16.28	35.36	19.1	57.01	20.88	41.68	0.0	11.18	30.02	55.58	61.77	42.38	31.62	51.89	31.62	51.89	10.2	41.15	36.89	26.02	12.17
28	10.77	67.05	22.36	73.41	59.14	65.8	30.02	20.1	8.6	25.71	41.01	65.76	18.87	35.36	41.4	43.83	81.84	46.84	35.23	72.12	66.49	6.32	30.41	25.3	62.65	10.05	30.53	11.18	0.0	25.61	66.29	72.95	51.0	20.62	63.07	20.62	63.07	9.43	52.33	27.86	36.22	10.63
29	22.36	80.0	10.77	78.11	76.69	68.71	36.4	42.19	29.15	27.51	45.89	81.61	36.5	45.89	66.53	55.0	88.32	61.4	60.21	94.37	81.22	29.53	54.23	24.33	86.84	21.84	37.36	30.02	25.61	0.0	81.3	81.39	47.17	33.0	73.33	33.0	73.33	34.66	63.07	46.39	54.41	36.12
30	61.07	7.07	85.05	32.76	10.82	36.24	95.21	47.43	72.8	91.98	39.4	3.0	80.41	97.69	49.68	26.93	31.26	20.0	48.84	34.23	1.0	69.64	73.82	58.05	44.15	76.3	95.51	55.58	66.29	81.3	0.0	22.02	52.01	85.07	16.12	85.07	16.12	59.77	20.59	84.53	30.36	60.41
31	65.0	15.0	87.64	11.66	31.4	18.87	102.96	57.49	80.78	97.99	35.51	25.02	89.87	107.34	67.54	29.15	10.3	29.07	65.19	56.22	21.02	77.7	87.78	57.07	65.62	82.29	103.45	61.77	72.95	81.39	22.02	0.0	41.23	93.3	10.63	93.3	10.63	68.82	20.81	95.9	41.77	70.0
32	40.31	47.17	56.22	34.0	53.91	24.0	78.1	47.17	59.54	70.72	16.76	53.91	69.84	85.45	70.58	29.15	45.01	38.28	65.19	79.88	51.4	57.25	77.37	26.4	81.15	57.2	78.87	42.38	51.0	47.17	52.01	41.23	0.0	70.46	37.59	70.46	37.59	52.5	31.83	78.72	42.72	54.41
33	30.48	86.54	23.35	94.02	76.9	86.37	10.2	37.64	12.53	11.4	61.55	84.2	6.71	15.0	50.45	64.14	102.34	66.31	45.54	85.38	85.38	15.65	27.02	44.1	73.01	13.42	10.44	31.62	20.62	33.0	85.07	93.3	70.46	0.0	83.24	0.0	83.24	25.3	72.56	14.32	54.71	24.74
34	55.66	9.9	78.85	18.03	23.09	20.12	93.02	47.01	70.71	88.39	28.07	18.79	79.61	97.1	57.27	19.31	20.81	18.44	54.71	49.48	15.26	67.6	77.16	49.09	57.04	72.62	93.48	51.89	63.07	73.33	16.12	10.63	37.59	83.24	0.0	83.24	0.0	58.52	10.77	85.43	31.14	59.64
35	30.48	86.54	23.35	94.02	76.9	86.37	10.2	37.64	12.53	11.4	61.55	84.2	6.71	15.0	50.45	64.14	102.34	66.31	45.54	85.38	85.38	15.65	27.02	44.1	73.01	13.42	10.44	31.62	20.62	33.0	85.07	93.3	70.46	0.0	83.24	0.0	83.24	25.3	72.56	14.32	54.71	24.74
36	55.66	9.9	78.85	18.03	23.09	20.12	93.02	47.01	70.71	88.39	28.07	18.79	79.61	97.1	57.27	19.31	20.81	18.44	54.71	49.48	15.26	67.6	77.16	49.09	57.04	72.62	93.48	51.89	63.07	73.33	16.12	10.63	37.59	83.24	0.0	83.24	0.0	58.52	10.77	85.43	31.14	59.64
37	15.52	61.33	31.76	70.71	51.79	64.03	35.44	12.37	13.15	33.02	39.96	58.94	21.1	38.59	32.02	39.82	78.24	41.15	25.81	63.06	60.08	10.05	25.18	29.0	53.24	18.44	35.74	10.2	9.43	34.66	59.77	68.82	52.5	25.3	58.52	25.3	58.52	0.0	48.01	27.66	29.41	2.0
38	44.92	17.26	68.25	24.6	22.47	22.02	82.3	36.8	60.03	77.62	18.97	22.2	69.07	86.53	50.0	8.54	30.41	10.2	46.62	49.19	20.12	56.94	67.62	39.01	53.6	61.85	82.76	41.15	52.33	63.07	20.59	20.81	31.83	72.56	10.77	72.56	10.77	48.01	0.0	75.17	21.95	49.2
39	38.63	87.13	37.36	98.31	75.24	91.68	19.42	38.42	19.65	25.0	67.42	83.19	10.0	15.03	43.01	67.21	105.55	67.42	39.46	79.16	85.0	21.54	15.52	53.14	65.12	25.0	18.87	36.89	27.86	46.39	84.53	95.9	78.72	14.32	85.43	14.32	85.43	27.66	75.17	0.0	54.92	26.17
40	32.56	32.25	56.32	46.53	23.0	42.72	64.85	17.09	42.45	61.81	25.96	29.61	50.16	67.54	29.15	16.28	51.86	12.73	25.0	41.4	30.68	39.29	46.01	34.41	38.95	46.27	65.15	26.02	36.22	54.41	30.36	41.77	42.72	54.71	31.14	54.71	31.14	29.41	21.95	54.92	0.0	30.08
41	17.46	62.17	32.76	72.14	52.17	65.6	34.93	13.0	13.0	33.02	41.68	59.48	20.12	37.59	30.81	41.11	79.51	42.06	24.7	62.59	60.75	10.05	23.19	31.0	52.33	18.97	35.17	12.17	10.63	36.12	60.41	70.0	54.41	24.74	59.64	24.74	59.64	2.0	49.2	26.17	30.08	0.0
;
