vehicles
vehicle_idx, capacity, cost_per_unit_distance
1,100,3
2,100,3
3,100,3
4,100,3
5,100,3
6,100,3
depot
node_idx,x,y
0,39,19
home delivery customers
node_idx,x,y,service_time,demand
1,33,5,10,3
2,69,17,10,19
3,57,73,10,6
4,53,75,10,6
5,85,93,10,23
6,93,13,10,4
7,85,45,10,22
8,19,97,10,16
9,83,61,10,7
10,13,13,10,22
11,43,37,10,9
12,93,55,10,3
13,7,53,10,10
14,7,41,10,2
self pickup customers
node_idx,x,y,service_time,demand,locker_idxs
15,79,19,10,18,49-5
16,1,1,10,6,49-3
17,59,5,10,18,49-5
18,41,31,10,72,49-3
19,37,27,10,16,49-3
20,49,91,10,23,49-2
21,55,43,10,7,49-5
22,87,23,10,1,48-0
23,31,23,10,22,49-3
24,41,9,10,15,49-3
25,71,51,10,11,45
26,81,11,10,15,45-5
flexible customers
node_idx,x,y,service_time,demand,locker_idxs
27,41,79,10,16,46-1
28,25,31,10,22,49-50-47-48-46-3
29,63,93,10,24,49-2
30,79,73,10,12,49-4
31,1,37,10,16,46-3
32,23,73,10,7,48-1
33,83,29,10,11,49-5
34,93,49,10,11,48-0
35,9,7,10,5,45-3
36,13,61,10,10,46
37,45,93,10,9,49-2
38,5,97,10,7,49-1
lockers
node_idx,x,y,service_time,capacity,cost_per_unit_good
39,93,12,10,89
40,22,88,10,82
41,65,88,10,94
42,25,15,10,79
43,77,88,10,80
44,72,14,10,79
45,47,47,10,79
46,8,48,10,89
47,42,40,10,73
48,39,52,10,70
49,42,24,10,97
50,43,43,10,79
mrt lines
start_node_idx,end_node_idx,freight_capacity,cost_per_unit_good
39,40,89,0.5
40,39,89,0.5
41,42,94,0.5
42,41,94,0.5
43,44,80,0.5
44,43,80,0.5
distance matrix
,0,1,2,3,4,5,6,7,8,9,10,11,12,13,14,15,16,17,18,19,20,21,22,23,24,25,26,27,28,29,30,31,32,33,34,35,36,37,38,39,40,41,42,43,44,45,46,47,48,49,50,
0,0.0,15.23,30.07,56.92,57.72,87.13,54.33,52.84,80.52,60.83,26.68,18.44,64.9,46.69,38.83,40.0,42.05,24.41,12.17,8.25,72.69,28.84,48.17,8.94,10.2,45.25,42.76,60.03,18.44,77.79,67.2,42.05,56.32,45.12,61.77,32.31,49.4,74.24,85.09,54.45,71.06,73.74,14.56,78.77,33.38,29.12,42.45,21.21,33.0,5.83,24.33
1,15.23,0.0,37.95,72.11,72.8,102.22,60.53,65.6,93.06,75.07,21.54,33.53,78.1,54.59,44.41,48.08,32.25,26.0,27.2,22.36,87.48,43.91,56.92,18.11,8.94,59.67,48.37,74.43,27.2,92.97,82.1,45.25,68.73,55.46,74.4,24.08,59.46,88.81,96.17,60.41,83.73,88.96,12.81,93.94,40.02,44.27,49.74,36.14,47.38,21.02,39.29
2,30.07,37.95,0.0,57.27,60.17,77.67,24.33,32.25,94.34,46.17,56.14,32.8,44.94,71.69,66.48,10.2,69.86,15.62,31.3,33.53,76.66,29.53,18.97,38.47,29.12,34.06,13.42,68.03,46.17,76.24,56.89,70.88,72.47,18.44,40.0,60.83,71.22,79.7,102.45,24.52,85.15,71.11,44.05,71.45,4.24,37.2,68.43,35.47,46.1,27.89,36.77
3,56.92,72.11,57.27,0.0,4.47,34.41,69.97,39.6,44.94,28.64,74.4,38.63,40.25,53.85,59.36,58.31,91.21,68.03,44.94,50.16,19.7,30.07,58.31,56.36,65.97,26.08,66.48,17.09,52.8,20.88,22.0,66.57,34.0,51.11,43.27,81.61,45.61,23.32,57.27,70.83,38.08,17.0,66.24,25.0,60.88,27.86,55.01,36.25,27.66,51.24,33.11
4,57.72,72.8,60.17,4.47,0.0,36.72,73.78,43.86,40.5,33.11,73.78,39.29,44.72,50.99,57.2,61.74,90.44,70.26,45.61,50.6,16.49,32.06,62.13,56.46,67.08,30.0,69.86,12.65,52.15,20.59,26.08,64.4,30.07,54.92,47.71,80.99,42.38,19.7,52.8,74.63,33.62,17.69,66.21,27.29,63.89,28.64,52.48,36.69,26.93,52.17,33.53
5,87.13,102.22,77.67,34.41,36.72,0.0,80.4,48.0,66.12,32.06,107.63,70.0,38.83,87.66,93.74,74.24,124.58,91.76,76.03,81.61,36.06,58.31,70.03,88.41,94.83,44.27,82.1,46.17,86.28,22.0,20.88,100.96,65.15,64.03,44.72,114.77,78.79,40.0,80.1,81.39,63.2,20.62,98.41,9.43,80.06,59.67,89.19,68.25,61.62,81.3,65.3
6,54.33,60.53,24.33,69.97,73.78,80.4,0.0,32.98,111.95,49.03,80.0,55.46,42.0,94.85,90.44,15.23,92.78,34.93,55.03,57.72,89.55,48.41,11.66,62.8,52.15,43.91,12.17,84.02,70.34,85.44,61.61,95.08,92.2,18.87,36.0,84.21,93.3,93.3,121.66,1.0,103.28,80.06,68.03,76.69,21.02,57.2,91.92,57.71,66.61,52.17,58.31
7,52.84,65.6,32.25,39.6,43.86,48.0,32.98,0.0,84.02,16.12,78.79,42.76,12.81,78.41,78.1,26.68,94.83,47.71,46.17,51.26,58.41,30.07,22.09,58.31,56.85,15.23,34.23,55.61,61.61,52.8,28.64,84.38,68.03,16.12,8.94,84.97,73.76,62.48,95.41,33.96,76.28,47.42,67.08,43.74,33.62,38.05,77.06,43.29,46.53,47.85,42.05
8,80.52,93.06,94.34,44.94,40.5,66.12,111.95,84.02,0.0,73.43,84.21,64.62,85.09,45.61,57.27,98.41,97.67,100.32,69.57,72.28,30.59,64.9,100.5,74.97,90.71,69.43,106.02,28.43,66.27,44.18,64.62,62.64,24.33,93.38,88.2,90.55,36.5,26.31,14.0,112.7,9.49,46.87,82.22,58.69,98.48,57.31,50.22,61.47,49.24,76.54,59.09
9,60.83,75.07,46.17,28.64,33.11,32.06,49.03,16.12,73.43,0.0,84.88,46.65,11.66,76.42,78.59,42.19,101.61,60.93,51.61,57.2,45.34,33.29,38.21,64.4,66.84,15.62,50.04,45.69,65.3,37.74,12.65,85.44,61.19,32.0,15.62,91.61,70.0,49.68,85.91,50.01,66.71,32.45,74.03,27.66,48.27,38.63,76.12,46.07,44.91,55.23,43.86
10,26.68,21.54,56.14,74.4,73.78,107.63,80.0,78.79,84.21,84.88,0.0,38.42,90.35,40.45,28.64,66.27,16.97,46.69,33.29,27.78,85.91,51.61,74.67,20.59,28.28,69.34,68.03,71.69,21.63,94.34,89.2,26.83,60.83,71.81,87.73,7.21,48.0,86.16,84.38,80.01,75.54,91.26,12.17,98.6,59.01,48.08,35.36,39.62,46.87,31.02,42.43
11,18.44,33.53,32.8,38.63,39.29,70.0,55.46,42.76,64.62,46.65,38.42,0.0,53.14,39.4,36.22,40.25,55.32,35.78,6.32,11.66,54.33,13.42,46.17,18.44,28.07,31.3,46.04,42.05,18.97,59.46,50.91,42.0,41.18,40.79,51.42,45.34,38.42,56.04,71.02,55.9,55.15,55.54,28.43,61.29,37.01,10.77,36.69,3.16,15.52,13.04,6.0
12,64.9,78.1,44.94,40.25,44.72,38.83,42.0,12.81,85.09,11.66,90.35,53.14,0.0,86.02,87.13,38.63,106.68,60.46,57.27,62.61,56.85,39.85,32.56,69.77,69.43,22.36,45.61,57.27,72.11,48.41,22.8,93.74,72.28,27.86,6.0,96.75,80.22,61.22,97.51,43.0,78.29,43.28,78.89,36.67,46.07,46.69,85.29,53.16,54.08,59.68,51.42
13,46.69,54.59,71.69,53.85,50.99,87.66,94.85,78.41,45.61,76.42,40.45,39.4,86.02,0.0,12.0,79.62,52.35,70.77,40.5,39.7,56.64,49.03,85.44,38.42,55.61,64.03,85.09,42.8,28.43,68.82,74.73,17.09,25.61,79.7,86.09,46.04,10.0,55.17,44.05,95.27,38.08,67.74,42.05,78.26,75.8,40.45,5.1,37.34,32.02,45.45,37.36
14,38.83,44.41,66.48,59.36,57.2,93.74,90.44,78.1,57.27,78.59,28.64,36.22,87.13,12.0,0.0,75.29,40.45,63.25,35.44,33.11,65.3,48.04,82.0,30.0,46.69,64.78,79.85,50.99,20.59,76.42,78.79,7.21,35.78,76.94,86.37,34.06,20.88,64.4,56.04,90.76,49.34,74.65,31.62,84.31,70.38,40.45,7.07,35.01,33.84,38.91,36.06
15,40.0,48.08,10.2,58.31,61.74,74.24,15.23,26.68,98.41,42.19,66.27,40.25,38.63,79.62,75.29,0.0,80.05,24.41,39.85,42.76,78.0,33.94,8.94,48.17,39.29,32.98,8.25,71.02,55.32,75.71,54.0,80.05,77.79,10.77,33.11,71.02,78.23,81.44,107.52,15.65,89.5,70.41,54.15,69.03,8.6,42.52,76.69,42.54,51.86,37.34,43.27
16,42.05,32.25,69.86,91.21,90.44,124.58,92.78,94.83,97.67,101.61,16.97,55.32,106.68,52.35,40.45,80.05,0.0,58.14,50.0,44.41,102.0,68.41,88.77,37.2,40.79,86.02,80.62,87.66,38.42,110.94,106.15,36.0,75.29,86.65,103.77,10.0,61.19,101.98,96.08,92.66,89.5,108.0,27.78,115.52,72.18,65.05,47.52,56.59,63.6,47.01,59.4
17,24.41,26.0,15.62,68.03,70.26,91.76,34.93,47.71,100.32,60.93,46.69,35.78,60.46,70.77,63.25,24.41,58.14,0.0,31.62,31.11,86.58,38.21,33.29,33.29,18.44,47.54,22.8,76.16,42.8,88.09,70.88,66.24,76.94,33.94,55.61,50.04,72.47,89.11,106.68,34.71,90.87,83.22,35.44,84.93,15.81,43.68,66.71,38.91,51.08,25.5,41.23
18,12.17,27.2,31.3,44.94,45.61,76.03,55.03,46.17,69.57,51.61,33.29,6.32,57.27,40.5,35.44,39.85,50.0,31.62,0.0,5.66,60.53,18.44,46.69,12.81,22.0,36.06,44.72,48.0,16.0,65.79,56.64,40.45,45.69,42.05,55.03,40.0,41.04,62.13,75.18,55.36,60.08,61.85,22.63,67.42,35.36,17.09,37.12,9.06,21.1,7.07,12.17
19,8.25,22.36,33.53,50.16,50.6,81.61,57.72,51.26,72.28,57.2,27.78,11.66,62.61,39.7,33.11,42.76,44.41,31.11,5.66,0.0,65.12,24.08,50.16,7.21,18.44,41.62,46.82,52.15,12.65,70.94,62.29,37.36,48.08,46.04,60.17,34.41,41.62,66.48,76.97,57.97,62.82,67.12,16.97,72.95,37.34,22.36,35.81,13.93,25.08,5.83,17.09
20,72.69,87.48,76.66,19.7,16.49,36.06,89.55,58.41,30.59,45.34,85.91,54.33,56.85,56.64,65.3,78.0,102.0,86.58,60.53,65.12,0.0,48.37,77.9,70.34,82.39,45.65,86.16,14.42,64.62,14.14,34.99,72.25,31.62,70.71,60.83,93.04,46.86,4.47,44.41,90.43,27.17,16.28,79.7,28.16,80.36,44.05,59.41,51.48,40.26,67.36,48.37
21,28.84,43.91,29.53,30.07,32.06,58.31,48.41,30.07,64.9,33.29,51.61,13.42,39.85,49.03,48.04,33.94,68.41,38.21,18.44,24.08,48.37,0.0,37.74,31.24,36.77,17.89,41.23,38.63,32.31,50.64,38.42,54.33,43.86,31.3,38.47,58.41,45.69,50.99,73.59,49.04,55.8,46.1,41.04,50.09,33.62,8.94,47.27,13.34,18.36,23.02,12.0
22,48.17,56.92,18.97,58.31,62.13,70.03,11.66,22.09,100.5,38.21,74.67,46.17,32.56,85.44,82.0,8.94,88.77,33.29,46.69,50.16,77.9,37.74,0.0,56.0,48.08,32.25,13.42,72.47,62.51,74.0,50.64,87.13,81.22,7.21,26.68,79.62,83.19,81.63,110.45,12.53,91.92,68.62,62.51,65.76,17.49,46.65,82.86,48.1,56.08,45.01,48.33
23,8.94,18.11,38.47,56.36,56.46,88.41,62.8,58.31,74.97,64.4,20.59,18.44,69.77,38.42,30.0,48.17,37.2,33.29,12.81,7.21,70.34,31.24,56.0,0.0,17.2,48.83,51.42,56.89,10.0,76.97,69.31,33.11,50.64,52.35,67.23,27.2,42.05,71.39,78.43,62.97,65.62,73.36,10.0,79.63,41.98,28.84,33.97,20.25,30.08,11.05,23.32
24,10.2,8.94,29.12,65.97,67.08,94.83,52.15,56.85,90.71,66.84,28.28,28.07,69.43,55.61,46.69,39.29,40.79,18.44,22.0,18.44,82.39,36.77,48.08,17.2,0.0,51.61,40.05,70.0,27.2,86.83,74.43,48.83,66.48,46.52,65.6,32.06,59.06,84.1,95.08,52.09,81.25,82.57,17.09,86.82,31.4,38.47,51.09,31.02,43.05,15.03,34.06
25,45.25,59.67,34.06,26.08,30.0,44.27,43.91,15.23,69.43,15.62,69.34,31.3,22.36,64.03,64.78,32.98,86.02,47.54,36.06,41.62,45.65,17.89,32.25,48.83,51.61,0.0,41.23,41.04,50.16,42.76,23.41,71.39,52.8,25.06,22.09,76.03,58.86,49.4,80.45,44.78,61.4,37.48,58.41,37.48,37.01,24.33,63.07,31.02,32.02,39.62,29.12
26,42.76,48.37,13.42,66.48,69.86,82.1,12.17,34.23,106.02,50.04,68.03,46.04,45.61,85.09,79.85,8.25,80.62,22.8,44.72,46.82,86.16,41.23,13.42,51.42,40.05,41.23,0.0,78.89,59.46,83.95,62.03,84.12,84.9,18.11,39.85,72.11,84.4,89.55,114.77,12.04,97.01,78.64,56.14,77.1,9.49,49.52,81.84,48.6,58.69,41.11,49.68
27,60.03,74.43,68.03,17.09,12.65,46.17,84.02,55.61,28.43,45.69,71.69,42.05,57.27,42.8,50.99,71.02,87.66,76.16,48.0,52.15,14.42,38.63,72.47,56.89,70.0,41.04,78.89,0.0,50.6,26.08,38.47,58.0,18.97,65.3,60.03,78.79,33.29,14.56,40.25,84.81,21.02,25.63,65.97,37.11,72.01,32.56,45.28,39.01,27.07,55.01,36.06
28,18.44,27.2,46.17,52.8,52.15,86.28,70.34,61.61,66.27,65.3,21.63,18.97,72.11,28.43,20.59,55.32,38.42,42.8,16.0,12.65,64.62,32.31,62.51,10.0,27.2,50.16,59.46,50.6,0.0,72.72,68.41,24.74,42.05,58.03,70.34,28.84,32.31,65.15,68.96,70.6,57.08,69.63,16.0,77.16,49.98,27.2,24.04,19.24,25.24,18.38,21.63
29,77.79,92.97,76.24,20.88,20.59,22.0,85.44,52.8,44.18,37.74,94.34,59.46,48.41,68.82,76.42,75.71,110.94,88.09,65.79,70.94,14.14,50.64,74.0,76.97,86.83,42.76,83.95,26.08,72.72,0.0,25.61,83.55,44.72,67.05,53.25,101.55,59.36,18.0,58.14,86.38,41.3,5.39,86.76,14.87,79.51,48.7,71.06,57.01,47.51,72.12,53.85
30,67.2,82.1,56.89,22.0,26.08,20.88,61.61,28.64,64.62,12.65,89.2,50.91,22.8,74.73,78.79,54.0,106.15,70.88,56.64,62.29,34.99,38.42,50.64,69.31,74.43,23.41,62.03,38.47,68.41,25.61,0.0,85.91,56.0,44.18,27.78,96.21,67.08,39.45,77.79,62.59,58.94,20.52,79.25,15.13,59.41,41.23,75.27,49.58,45.18,61.4,46.86
31,42.05,45.25,70.88,66.57,64.4,100.96,95.08,84.38,62.64,85.44,26.83,42.0,93.74,17.09,7.21,80.05,36.0,66.24,40.45,37.36,72.25,54.33,87.13,33.11,48.83,71.39,84.12,58.0,24.74,83.55,85.91,0.0,42.19,82.39,92.78,31.05,26.83,71.22,60.13,95.34,55.15,81.84,32.56,91.53,74.63,47.07,13.04,41.11,40.85,43.01,42.43
32,56.32,68.73,72.47,34.0,30.07,65.15,92.2,68.03,24.33,61.19,60.83,41.18,72.28,25.61,35.78,77.79,75.29,76.94,45.69,48.08,31.62,43.86,81.22,50.64,66.48,52.8,84.9,18.97,42.05,44.72,56.0,42.19,0.0,74.4,74.0,67.47,15.62,29.73,30.0,92.85,15.03,44.6,58.03,56.04,76.69,35.38,29.15,38.08,26.4,52.55,36.06
33,45.12,55.46,18.44,51.11,54.92,64.03,18.87,16.12,93.38,32.0,71.81,40.79,27.86,79.7,76.94,10.77,86.65,33.94,42.05,46.04,70.71,31.3,7.21,52.35,46.52,25.06,18.11,65.3,58.03,67.05,44.18,82.39,74.4,0.0,22.36,77.2,76.97,74.43,103.48,19.72,84.86,61.68,59.67,59.3,18.6,40.25,77.37,42.45,49.65,41.3,42.38
34,61.77,74.4,40.0,43.27,47.71,44.72,36.0,8.94,88.2,15.62,87.73,51.42,6.0,86.09,86.37,33.11,103.77,55.61,55.03,60.17,60.83,38.47,26.68,67.23,65.6,22.09,39.85,60.03,70.34,53.25,27.78,92.78,74.0,22.36,0.0,93.91,80.89,65.12,100.24,37.0,81.01,48.01,76.03,42.15,40.82,46.04,85.01,51.79,54.08,56.8,50.36
35,32.31,24.08,60.83,81.61,80.99,114.77,84.21,84.97,90.55,91.61,7.21,45.34,96.75,46.04,34.06,71.02,10.0,50.04,40.0,34.41,93.04,58.41,79.62,27.2,32.06,76.03,72.11,78.79,28.84,101.55,96.21,31.05,67.47,77.2,93.91,0.0,54.15,93.23,90.09,84.15,82.04,98.47,17.89,105.76,63.39,55.17,41.01,46.67,54.08,37.12,49.52
36,49.4,59.46,71.22,45.61,42.38,78.79,93.3,73.76,36.5,70.0,48.0,38.42,80.22,10.0,20.88,78.23,61.19,72.47,41.04,41.62,46.86,45.69,83.19,42.05,59.06,58.86,84.4,33.29,32.31,59.36,67.08,26.83,15.62,76.97,80.89,54.15,0.0,45.25,36.88,93.81,28.46,58.59,47.54,69.46,75.43,36.77,13.93,35.81,27.51,47.01,34.99
37,74.24,88.81,79.7,23.32,19.7,40.0,93.3,62.48,26.31,49.68,86.16,56.04,61.22,55.17,64.4,81.44,101.98,89.11,62.13,66.48,4.47,50.99,81.63,71.39,84.1,49.4,89.55,14.56,65.15,18.0,39.45,71.22,29.73,74.43,65.12,93.23,45.25,0.0,40.2,94.15,23.54,20.62,80.52,32.39,83.49,46.04,58.26,53.08,41.44,69.07,50.04
38,85.09,96.17,102.45,57.27,52.8,80.1,121.66,95.41,14.0,85.91,84.38,71.02,97.51,44.05,56.04,107.52,96.08,106.68,75.18,76.97,44.41,73.59,110.45,78.43,95.08,80.45,114.77,40.25,68.96,58.14,77.79,60.13,30.0,103.48,100.24,90.09,36.88,40.2,0.0,122.35,19.24,60.67,84.4,72.56,106.67,65.3,49.09,67.96,56.4,81.84,66.03
39,54.45,60.41,24.52,70.83,74.63,81.39,1.0,33.96,112.7,50.01,80.01,55.9,43.0,95.27,90.76,15.65,92.66,34.71,55.36,57.97,90.43,49.04,12.53,62.97,52.09,44.78,12.04,84.81,70.6,86.38,62.59,95.34,92.85,19.72,37.0,84.15,93.81,94.15,122.35,0.0,104.0,80.99,68.07,77.67,21.1,57.8,92.31,58.18,67.2,52.39,58.83
40,71.06,83.73,85.15,38.08,33.62,63.2,103.28,76.28,9.49,66.71,75.54,55.15,78.29,38.08,49.34,89.5,89.5,90.87,60.08,62.82,27.17,55.8,91.92,65.62,81.25,61.4,97.01,21.02,57.08,41.3,58.94,55.15,15.03,84.86,81.01,82.04,28.46,23.54,19.24,104.0,0.0,43.0,73.06,55.0,89.31,48.02,42.38,52.0,39.81,67.05,49.66
41,73.74,88.96,71.11,17.0,17.69,20.62,80.06,47.42,46.87,32.45,91.26,55.54,43.28,67.74,74.65,70.41,108.0,83.22,61.85,67.12,16.28,46.1,68.62,73.36,82.57,37.48,78.64,25.63,69.63,5.39,20.52,81.84,44.6,61.68,48.01,98.47,58.59,20.62,60.67,80.99,43.0,0.0,83.24,12.0,74.33,44.78,69.63,53.23,44.41,68.01,50.09
42,14.56,12.81,44.05,66.24,66.21,98.41,68.03,67.08,82.22,74.03,12.17,28.43,78.89,42.05,31.62,54.15,27.78,35.44,22.63,16.97,79.7,41.04,62.51,10.0,17.09,58.41,56.14,65.97,16.0,86.76,79.25,32.56,58.03,59.67,76.03,17.89,47.54,80.52,84.4,68.07,73.06,83.24,0.0,89.63,47.01,38.83,37.12,30.23,39.56,19.24,33.29
43,78.77,93.94,71.45,25.0,27.29,9.43,76.69,43.74,58.69,27.66,98.6,61.29,36.67,78.26,84.31,69.03,115.52,84.93,67.42,72.95,28.16,50.09,65.76,79.63,86.82,37.48,77.1,37.11,77.16,14.87,15.13,91.53,56.04,59.3,42.15,105.76,69.46,32.39,72.56,77.67,55.0,12.0,89.63,0.0,74.17,50.8,79.76,59.41,52.35,72.95,56.4
44,33.38,40.02,4.24,60.88,63.89,80.06,21.02,33.62,98.48,48.27,59.01,37.01,46.07,75.8,70.38,8.6,72.18,15.81,35.36,37.34,80.36,33.62,17.49,41.98,31.4,37.01,9.49,72.01,49.98,79.51,59.41,74.63,76.69,18.6,40.82,63.39,75.43,83.49,106.67,21.1,89.31,74.33,47.01,74.17,0.0,41.4,72.47,39.7,50.33,31.62,41.01
45,29.12,44.27,37.2,27.86,28.64,59.67,57.2,38.05,57.31,38.63,48.08,10.77,46.69,40.45,40.45,42.52,65.05,43.68,17.09,22.36,44.05,8.94,46.65,28.84,38.47,24.33,49.52,32.56,27.2,48.7,41.23,47.07,35.38,40.25,46.04,55.17,36.77,46.04,65.3,57.8,48.02,44.78,38.83,50.8,41.4,0.0,39.01,8.6,9.43,23.54,5.66
46,42.45,49.74,68.43,55.01,52.48,89.19,91.92,77.06,50.22,76.12,35.36,36.69,85.29,5.1,7.07,76.69,47.52,66.71,37.12,35.81,59.41,47.27,82.86,33.97,51.09,63.07,81.84,45.28,24.04,71.06,75.27,13.04,29.15,77.37,85.01,41.01,13.93,58.26,49.09,92.31,42.38,69.63,37.12,79.76,72.47,39.01,0.0,34.93,31.26,41.62,35.36
47,21.21,36.14,35.47,36.25,36.69,68.25,57.71,43.29,61.47,46.07,39.62,3.16,53.16,37.34,35.01,42.54,56.59,38.91,9.06,13.93,51.48,13.34,48.1,20.25,31.02,31.02,48.6,39.01,19.24,57.01,49.58,41.11,38.08,42.45,51.79,46.67,35.81,53.08,67.96,58.18,52.0,53.23,30.23,59.41,39.7,8.6,34.93,0.0,12.37,16.0,3.16
48,33.0,47.38,46.1,27.66,26.93,61.62,66.61,46.53,49.24,44.91,46.87,15.52,54.08,32.02,33.84,51.86,63.6,51.08,21.1,25.08,40.26,18.36,56.08,30.08,43.05,32.02,58.69,27.07,25.24,47.51,45.18,40.85,26.4,49.65,54.08,54.08,27.51,41.44,56.4,67.2,39.81,44.41,39.56,52.35,50.33,9.43,31.26,12.37,0.0,28.16,9.85
49,5.83,21.02,27.89,51.24,52.17,81.3,52.17,47.85,76.54,55.23,31.02,13.04,59.68,45.45,38.91,37.34,47.01,25.5,7.07,5.83,67.36,23.02,45.01,11.05,15.03,39.62,41.11,55.01,18.38,72.12,61.4,43.01,52.55,41.3,56.8,37.12,47.01,69.07,81.84,52.39,67.05,68.01,19.24,72.95,31.62,23.54,41.62,16.0,28.16,0.0,19.03
50,24.33,39.29,36.77,33.11,33.53,65.3,58.31,42.05,59.09,43.86,42.43,6.0,51.42,37.36,36.06,43.27,59.4,41.23,12.17,17.09,48.37,12.0,48.33,23.32,34.06,29.12,49.68,36.06,21.63,53.85,46.86,42.43,36.06,42.38,50.36,49.52,34.99,50.04,66.03,58.83,49.66,50.09,33.29,56.4,41.01,5.66,35.36,3.16,9.85,19.03,0.0
