vehicles
vehicle_idx, capacity, cost_per_unit_distance
1,100,3
2,100,3
3,100,3
4,100,3
5,100,3
depot
node_idx,x,y
0,69,63
home delivery customers
node_idx,x,y,service_time,demand
1,11,15,10,12
2,35,81,10,19
3,55,71,10,23
4,11,49,10,1
5,75,89,10,5
6,47,41,10,19
7,89,43,10,26
8,45,59,10,9
9,93,15,10,12
10,59,29,10,4
11,61,21,10,7
12,89,53,10,3
13,33,85,10,2
self pickup customers
node_idx,x,y,service_time,demand,locker_idxs
14,71,79,10,5,38
15,87,23,10,18,41
16,87,29,10,11,42
17,75,69,10,17,38
18,97,95,10,13,38
19,63,95,10,13,44-38
20,45,41,10,5,41-44-40-39
21,95,23,10,20,41
22,19,83,10,21,38
23,71,69,10,8,38
24,27,19,10,12,39
25,61,15,10,14,43
flexible customers
node_idx,x,y,service_time,demand,locker_idxs
26,3,35,10,12,39
27,1,47,10,8,39
28,37,33,10,12,41-44-40-43-39
29,41,51,10,8,41-44-40-42-43
30,93,9,10,25,42
31,15,13,10,9,39
32,17,57,10,13,41
33,35,39,10,19,42-41-43-40-44
34,33,51,10,25,41-44-40-42-43
35,37,37,10,24,43-42-40-44-41
36,21,91,10,13,38
37,67,95,10,14,38
lockers
node_idx,x,y,service_time,capacity,cost_per_unit_good
38,65,88,10,89
39,25,15,10,96
40,50,52,10,84
41,42,55,10,100
42,53,53,10,71
43,56,49,10,99
44,42,46,10,96
mrt lines
start_node_idx,end_node_idx,freight_capacity,cost_per_unit_good
0,1,96,0.1
distance matrix
,0,1,2,3,4,5,6,7,8,9,10,11,12,13,14,15,16,17,18,19,20,21,22,23,24,25,26,27,28,29,30,31,32,33,34,35,36,37,38,39,40,41,42,43,44,
0,0.0,75.29,38.47,16.12,59.67,26.68,31.11,28.28,24.33,53.67,35.44,42.76,22.36,42.19,16.12,43.86,38.47,8.49,42.52,32.56,32.56,47.71,53.85,6.32,60.83,48.66,71.69,69.86,43.86,30.46,59.09,73.59,52.35,41.62,37.95,41.23,55.57,32.06,25.32,65.12,21.95,28.16,18.87,19.1,31.91
1,75.29,0.0,70.23,71.22,34.0,97.84,44.41,82.87,55.61,82.0,50.0,50.36,86.76,73.38,87.73,76.42,77.28,83.74,117.46,95.41,42.8,84.38,68.47,80.72,16.49,50.0,21.54,33.53,31.62,46.86,82.22,4.47,42.43,33.94,42.19,34.06,76.66,97.65,90.8,14.0,53.76,50.61,56.64,56.4,43.84
2,38.47,70.23,0.0,22.36,40.0,40.79,41.76,66.03,24.17,87.86,57.27,65.39,60.83,4.47,36.06,77.9,73.54,41.76,63.56,31.3,41.23,83.45,16.12,37.95,62.51,70.94,56.04,48.08,48.04,30.59,92.46,70.88,30.0,42.0,30.07,44.05,17.2,34.93,30.81,66.75,32.65,26.93,33.29,38.28,35.69
3,16.12,71.22,22.36,0.0,49.19,26.91,31.05,44.05,15.62,67.68,42.19,50.36,38.47,26.08,17.89,57.69,52.8,20.1,48.37,25.3,31.62,62.48,37.95,16.12,59.06,56.32,63.25,59.09,42.05,24.41,72.72,70.46,40.5,37.74,29.73,38.47,39.45,26.83,19.72,63.53,19.65,20.62,18.11,22.02,28.18
4,59.67,34.0,40.0,49.19,0.0,75.47,36.88,78.23,35.44,88.77,52.0,57.31,78.1,42.19,67.08,80.32,78.59,67.05,97.53,69.43,34.93,87.93,34.93,63.25,34.0,60.46,16.12,10.2,30.53,30.07,91.24,36.22,10.0,26.0,22.09,28.64,43.17,72.47,66.61,36.77,39.12,31.58,42.19,45.0,31.14
5,26.68,97.84,40.79,26.91,75.47,0.0,55.57,48.08,42.43,76.16,62.1,69.43,38.63,42.19,10.77,67.08,61.19,20.0,22.8,13.42,56.6,68.96,56.32,20.4,84.88,75.31,90.0,85.09,67.68,50.99,82.0,96.83,66.24,64.03,56.64,64.4,54.04,10.0,10.05,89.31,44.65,47.38,42.19,44.28,54.2
6,31.11,44.41,41.76,31.05,36.88,55.57,0.0,42.05,18.11,52.84,16.97,24.41,43.68,46.17,44.94,43.86,41.76,39.6,73.59,56.32,2.0,51.26,50.48,36.88,29.73,29.53,44.41,46.39,12.81,11.66,56.04,42.52,34.0,12.17,17.2,10.77,56.36,57.58,50.33,34.06,11.4,14.87,13.42,12.04,7.07
7,28.28,82.87,66.03,44.05,78.23,48.08,42.05,0.0,46.82,28.28,33.11,35.61,10.0,70.0,40.25,20.1,14.14,29.53,52.61,58.14,44.05,20.88,80.62,31.62,66.48,39.6,86.37,88.09,52.95,48.66,34.23,79.85,73.35,54.15,56.57,52.35,83.23,56.46,51.0,69.86,40.02,48.51,37.36,33.54,47.1
8,24.33,55.61,24.17,15.62,35.44,42.43,18.11,46.82,0.0,65.12,33.11,41.23,44.41,28.64,32.8,55.32,51.61,31.62,63.25,40.25,18.0,61.61,35.38,27.86,43.86,46.82,48.37,45.61,27.2,8.94,69.31,54.92,28.07,22.36,14.42,23.41,40.0,42.19,35.23,48.33,8.6,5.0,10.0,14.87,13.34
9,53.67,82.0,87.86,67.68,88.77,76.16,52.84,28.28,65.12,0.0,36.77,32.56,38.21,92.2,67.68,10.0,15.23,56.92,80.1,85.44,54.59,8.25,100.5,58.31,66.12,32.0,92.2,97.41,58.82,63.25,6.0,78.03,86.83,62.77,69.97,60.17,104.69,84.12,78.19,68.0,56.73,64.82,55.17,50.25,59.68
10,35.44,50.0,57.27,42.19,52.0,62.1,16.97,33.11,33.11,36.77,0.0,8.25,38.42,61.74,51.42,28.64,28.0,43.08,76.16,66.12,18.44,36.5,67.2,41.76,33.53,14.14,56.32,60.73,22.36,28.43,39.45,46.82,50.48,26.0,34.06,23.41,72.72,66.48,59.3,36.77,24.7,31.06,24.74,20.22,24.04
11,42.76,50.36,65.39,50.36,57.31,69.43,24.41,35.61,41.23,32.56,8.25,0.0,42.52,69.86,58.86,26.08,27.2,50.0,82.29,74.03,25.61,34.06,74.89,49.03,34.06,6.0,59.67,65.39,26.83,36.06,34.18,46.69,56.85,31.62,41.04,28.84,80.62,74.24,67.12,36.5,32.89,38.95,32.98,28.44,31.4
12,22.36,86.76,60.83,38.47,78.1,38.63,43.68,10.0,44.41,38.21,38.42,42.52,0.0,64.5,31.62,30.07,24.08,21.26,42.76,49.4,45.61,30.59,76.16,24.08,70.71,47.2,87.86,88.2,55.71,48.04,44.18,84.12,72.11,55.79,56.04,54.41,77.9,47.41,42.44,74.43,39.01,47.04,36.0,33.24,47.52
13,42.19,73.38,4.47,26.08,42.19,42.19,46.17,70.0,28.64,92.2,61.74,69.86,64.5,0.0,38.47,82.22,77.79,44.94,64.78,31.62,45.61,87.68,14.14,41.23,66.27,75.39,58.31,49.68,52.15,34.93,96.83,74.22,32.25,46.04,34.0,48.17,13.42,35.44,32.14,70.46,37.12,31.32,37.74,42.72,40.02
14,16.12,87.73,36.06,17.89,67.08,10.77,44.94,40.25,32.8,67.68,51.42,58.86,31.62,38.47,0.0,58.24,52.5,10.77,30.53,17.89,46.04,60.93,52.15,10.0,74.4,64.78,80.99,76.97,57.2,41.04,73.38,86.56,58.31,53.81,47.2,54.04,51.42,16.49,10.82,78.82,34.21,37.64,31.62,33.54,43.93
15,43.86,76.42,77.9,57.69,80.32,67.08,43.86,20.1,55.32,10.0,28.64,26.08,30.07,82.22,58.24,0.0,6.0,47.54,72.69,75.89,45.69,8.0,90.69,48.7,60.13,27.2,84.85,89.29,50.99,53.85,15.23,72.69,77.82,54.41,60.83,51.92,94.76,74.73,68.62,62.51,47.01,55.22,45.34,40.46,50.54
16,38.47,77.28,73.54,52.8,78.59,61.19,41.76,14.14,51.61,15.23,28.0,27.2,24.08,77.79,52.5,6.0,0.0,41.76,66.75,70.23,43.68,10.0,86.83,43.08,60.83,29.53,84.21,87.86,50.16,50.99,20.88,73.76,75.39,52.95,58.31,50.64,90.55,68.96,62.97,63.56,43.57,51.97,41.62,36.89,48.1
17,8.49,83.74,41.76,20.1,67.05,20.0,39.6,29.53,31.62,56.92,43.08,50.0,21.26,44.94,10.77,47.54,41.76,0.0,34.06,28.64,41.04,50.16,57.72,4.0,69.31,55.79,79.62,77.2,52.35,38.47,62.64,82.07,59.23,50.0,45.69,49.68,58.31,27.2,21.47,73.59,30.23,35.85,27.2,27.59,40.22
18,42.52,117.46,63.56,48.37,97.53,22.8,73.59,52.61,63.25,80.1,76.16,82.29,42.76,64.78,30.53,72.69,66.75,34.06,0.0,34.0,74.97,72.03,78.92,36.77,103.32,87.73,111.52,107.33,86.28,71.22,86.09,115.97,88.57,83.55,77.67,83.45,76.11,30.0,32.76,107.63,63.7,68.01,60.83,61.62,73.66
19,32.56,95.41,31.3,25.3,69.43,13.42,56.32,58.14,40.25,85.44,66.12,74.03,49.4,31.62,17.89,75.89,70.23,28.64,34.0,0.0,56.92,78.79,45.61,27.2,84.1,80.02,84.85,78.41,67.23,49.19,91.08,95.02,59.67,62.61,53.25,63.56,42.19,4.0,7.28,88.57,44.92,45.18,43.17,46.53,53.31
20,32.56,42.8,41.23,31.62,34.93,56.6,2.0,44.05,18.0,54.59,18.44,25.61,45.61,45.61,46.04,45.69,43.68,41.04,74.97,56.92,0.0,53.14,49.4,38.21,28.43,30.53,42.43,44.41,11.31,10.77,57.69,41.04,32.25,10.2,15.62,8.94,55.46,58.31,51.08,32.8,12.08,14.32,14.42,13.6,5.83
21,47.71,84.38,83.45,62.48,87.93,68.96,51.26,20.88,61.61,8.25,36.5,34.06,30.59,87.68,60.93,8.0,10.0,50.16,72.03,78.79,53.14,0.0,96.83,51.88,68.12,34.93,92.78,97.02,58.86,60.83,14.14,80.62,85.09,62.1,68.03,59.67,100.5,77.25,71.59,70.46,53.54,61.91,51.61,46.87,57.78
22,53.85,68.47,16.12,37.95,34.93,56.32,50.48,80.62,35.38,100.5,67.2,74.89,76.16,14.14,52.15,90.69,86.83,57.72,78.92,45.61,49.4,96.83,0.0,53.85,64.5,79.92,50.6,40.25,53.14,38.83,104.65,70.11,26.08,46.82,34.93,49.4,8.25,49.48,46.27,68.26,43.84,36.24,45.34,50.25,43.57
23,6.32,80.72,37.95,16.12,63.25,20.4,36.88,31.62,27.86,58.31,41.76,49.03,24.08,41.23,10.0,48.7,43.08,4.0,36.77,27.2,38.21,51.88,53.85,0.0,66.6,54.92,76.03,73.38,49.52,34.99,63.91,79.2,55.32,46.86,42.05,46.69,54.63,26.31,19.92,70.94,27.02,32.2,24.08,25.0,37.01
24,60.83,16.49,62.51,59.06,34.0,84.88,29.73,66.48,43.86,66.12,33.53,34.06,70.71,66.27,74.4,60.13,60.83,69.31,103.32,84.1,28.43,68.12,64.5,66.6,0.0,34.23,28.84,38.21,17.2,34.93,66.75,13.42,39.29,21.54,32.56,20.59,72.25,85.88,78.77,4.47,40.22,39.0,42.8,41.73,30.89
25,48.66,50.0,70.94,56.32,60.46,75.31,29.53,39.6,46.82,32.0,14.14,6.0,47.2,75.39,64.78,27.2,29.53,55.79,87.73,80.02,30.53,34.93,79.92,54.92,34.23,0.0,61.35,68.0,30.0,41.18,32.56,46.04,60.83,35.38,45.61,32.56,85.88,80.22,73.11,36.0,38.6,44.28,38.83,34.37,36.36
26,71.69,21.54,56.04,63.25,16.12,90.0,44.41,86.37,48.37,92.2,56.32,59.67,87.86,58.31,80.99,84.85,84.21,79.62,111.52,84.85,42.43,92.78,50.6,76.03,28.84,61.35,0.0,12.17,34.06,41.23,93.68,25.06,26.08,32.25,34.0,34.06,58.82,87.73,81.57,29.73,49.98,43.83,53.14,54.82,40.52
27,69.86,33.53,48.08,59.09,10.2,85.09,46.39,88.09,45.61,97.41,60.73,65.39,88.2,49.68,76.97,89.29,87.86,77.2,107.33,78.41,44.41,97.02,40.25,73.38,38.21,68.0,12.17,0.0,38.63,40.2,99.54,36.77,18.87,34.93,32.25,37.36,48.33,81.61,76.01,40.0,49.25,41.77,52.35,55.04,41.01
28,43.86,31.62,48.04,42.05,30.53,67.68,12.81,52.95,27.2,58.82,22.36,26.83,55.71,52.15,57.2,50.99,50.16,52.35,86.28,67.23,11.31,58.86,53.14,49.52,17.2,30.0,34.06,38.63,0.0,18.44,60.93,29.73,31.24,6.32,18.44,4.0,60.17,68.88,61.72,21.63,23.02,22.56,25.61,24.84,13.93
29,30.46,46.86,30.59,24.41,30.07,50.99,11.66,48.66,8.94,63.25,28.43,36.06,48.04,34.93,41.04,53.85,50.99,38.47,71.22,49.19,10.77,60.83,38.83,34.99,34.93,41.18,41.23,40.2,18.44,0.0,66.84,46.04,24.74,13.42,8.0,14.56,44.72,51.11,44.1,39.4,9.06,4.12,12.17,15.13,5.1
30,59.09,82.22,92.46,72.72,91.24,82.0,56.04,34.23,69.31,6.0,39.45,34.18,44.18,96.83,73.38,15.23,20.88,62.64,86.09,91.08,57.69,14.14,104.65,63.91,66.75,32.56,93.68,99.54,60.93,66.84,0.0,78.1,89.89,65.3,73.24,62.61,109.12,89.84,83.82,68.26,60.81,68.68,59.46,54.49,63.01
31,73.59,4.47,70.88,70.46,36.22,96.83,42.52,79.85,54.92,78.03,46.82,46.69,84.12,74.22,86.56,72.69,73.76,82.07,115.97,95.02,41.04,80.62,70.11,79.2,13.42,46.04,25.06,36.77,29.73,46.04,78.1,0.0,44.05,32.8,42.05,32.56,78.23,97.1,90.14,10.2,52.4,49.93,55.17,54.56,42.64
32,52.35,42.43,30.0,40.5,10.0,66.24,34.0,73.35,28.07,86.83,50.48,56.85,72.11,32.25,58.31,77.82,75.39,59.23,88.57,59.67,32.25,85.09,26.08,55.32,39.29,60.83,26.08,18.87,31.24,24.74,89.89,44.05,0.0,25.46,17.09,28.28,34.23,62.8,57.14,42.76,33.38,25.08,36.22,39.81,27.31
33,41.62,33.94,42.0,37.74,26.0,64.03,12.17,54.15,22.36,62.77,26.0,31.62,55.79,46.04,53.81,54.41,52.95,50.0,83.55,62.61,10.2,62.1,46.82,46.86,21.54,35.38,32.25,34.93,6.32,13.42,65.3,32.8,25.46,0.0,12.17,2.83,53.85,64.5,57.45,26.0,19.85,17.46,22.8,23.26,9.9
34,37.95,42.19,30.07,29.73,22.09,56.64,17.2,56.57,14.42,69.97,34.06,41.04,56.04,34.0,47.2,60.83,58.31,45.69,77.67,53.25,15.62,68.03,34.93,42.05,32.56,45.61,34.0,32.25,18.44,8.0,73.24,42.05,17.09,12.17,0.0,14.56,41.76,55.61,48.92,36.88,17.03,9.85,20.1,23.09,10.3
35,41.23,34.06,44.05,38.47,28.64,64.4,10.77,52.35,23.41,60.17,23.41,28.84,54.41,48.17,54.04,51.92,50.64,49.68,83.45,63.56,8.94,59.67,49.4,46.69,20.59,32.56,34.06,37.36,4.0,14.56,62.61,32.56,28.28,2.83,14.56,0.0,56.32,65.3,58.18,25.06,19.85,18.68,22.63,22.47,10.3
36,55.57,76.66,17.2,39.45,43.17,54.04,56.36,83.23,40.0,104.69,72.72,80.62,77.9,13.42,51.42,94.76,90.55,58.31,76.11,42.19,55.46,100.5,8.25,54.63,72.25,85.88,58.82,48.33,60.17,44.72,109.12,78.23,34.23,53.85,41.76,56.32,0.0,46.17,44.1,76.11,48.6,41.68,49.68,54.67,49.66
37,32.06,97.65,34.93,26.83,72.47,10.0,57.58,56.46,42.19,84.12,66.48,74.24,47.41,35.44,16.49,74.73,68.96,27.2,30.0,4.0,58.31,77.25,49.48,26.31,85.88,80.22,87.73,81.61,68.88,51.11,89.84,97.1,62.8,64.5,55.61,65.3,46.17,0.0,7.28,90.35,46.24,47.17,44.27,47.3,55.01
38,25.32,90.8,30.81,19.72,66.61,10.05,50.33,51.0,35.23,78.19,59.3,67.12,42.44,32.14,10.82,68.62,62.97,21.47,32.76,7.28,51.08,71.59,46.27,19.92,78.77,73.11,81.57,76.01,61.72,44.1,83.82,90.14,57.14,57.45,48.92,58.18,44.1,7.28,0.0,83.24,39.0,40.22,37.0,40.02,47.89
39,65.12,14.0,66.75,63.53,36.77,89.31,34.06,69.86,48.33,68.0,36.77,36.5,74.43,70.46,78.82,62.51,63.56,73.59,107.63,88.57,32.8,70.46,68.26,70.94,4.47,36.0,29.73,40.0,21.63,39.4,68.26,10.2,42.76,26.0,36.88,25.06,76.11,90.35,83.24,0.0,44.65,43.46,47.2,46.01,35.36
40,21.95,53.76,32.65,19.65,39.12,44.65,11.4,40.02,8.6,56.73,24.7,32.89,39.01,37.12,34.21,47.01,43.57,30.23,63.7,44.92,12.08,53.54,43.84,27.02,40.22,38.6,49.98,49.25,23.02,9.06,60.81,52.4,33.38,19.85,17.03,19.85,48.6,46.24,39.0,44.65,0.0,8.54,3.16,6.71,10.0
41,28.16,50.61,26.93,20.62,31.58,47.38,14.87,48.51,5.0,64.82,31.06,38.95,47.04,31.32,37.64,55.22,51.97,35.85,68.01,45.18,14.32,61.91,36.24,32.2,39.0,44.28,43.83,41.77,22.56,4.12,68.68,49.93,25.08,17.46,9.85,18.68,41.68,47.17,40.22,43.46,8.54,0.0,11.18,15.23,9.0
42,18.87,56.64,33.29,18.11,42.19,42.19,13.42,37.36,10.0,55.17,24.74,32.98,36.0,37.74,31.62,45.34,41.62,27.2,60.83,43.17,14.42,51.61,45.34,24.08,42.8,38.83,53.14,52.35,25.61,12.17,59.46,55.17,36.22,22.8,20.1,22.63,49.68,44.27,37.0,47.2,3.16,11.18,0.0,5.0,13.04
43,19.1,56.4,38.28,22.02,45.0,44.28,12.04,33.54,14.87,50.25,20.22,28.44,33.24,42.72,33.54,40.46,36.89,27.59,61.62,46.53,13.6,46.87,50.25,25.0,41.73,34.37,54.82,55.04,24.84,15.13,54.49,54.56,39.81,23.26,23.09,22.47,54.67,47.3,40.02,46.01,6.71,15.23,5.0,0.0,14.32
44,31.91,43.84,35.69,28.18,31.14,54.2,7.07,47.1,13.34,59.68,24.04,31.4,47.52,40.02,43.93,50.54,48.1,40.22,73.66,53.31,5.83,57.78,43.57,37.01,30.89,36.36,40.52,41.01,13.93,5.1,63.01,42.64,27.31,9.9,10.3,10.3,49.66,55.01,47.89,35.36,10.0,9.0,13.04,14.32,0.0
