set K:= 1	2	3	4	5	6;
set C_H:= 1	2	3	4	5	6	7	8	9	10	11	12;
set C_S:= 13	14	15	16	17	18	19	20	21	22	23	24;
set C_F:= 25	26	27	28	29	30	31	32	33	34	35	36;
set M:= 37	38;
set L_B:= 39	40	41	42	43	44;
set A1:=
(0,*) 1 2 3 4 5 6 7 8 9 10 11 12 25 26 27 28 29 30 31 32 33 34 35 36 37 38 39 40 41 42 43 44
(1,*) 0 2 3 4 5 6 7 8 9 10 11 12 25 26 27 28 29 30 31 32 33 34 35 36 37 38 39 40 41 42 43 44
(2,*) 0 1 3 4 5 6 7 8 9 10 11 12 25 26 27 28 29 30 31 32 33 34 35 36 37 38 39 40 41 42 43 44
(3,*) 0 1 2 4 5 6 7 8 9 10 11 12 25 26 27 28 29 30 31 32 33 34 35 36 37 38 39 40 41 42 43 44
(4,*) 0 1 2 3 5 6 7 8 9 10 11 12 25 26 27 28 29 30 31 32 33 34 35 36 37 38 39 40 41 42 43 44
(5,*) 0 1 2 3 4 6 7 8 9 10 11 12 25 26 27 28 29 30 31 32 33 34 35 36 37 38 39 40 41 42 43 44
(6,*) 0 1 2 3 4 5 7 8 9 10 11 12 25 26 27 28 29 30 31 32 33 34 35 36 37 38 39 40 41 42 43 44
(7,*) 0 1 2 3 4 5 6 8 9 10 11 12 25 26 27 28 29 30 31 32 33 34 35 36 37 38 39 40 41 42 43 44
(8,*) 0 1 2 3 4 5 6 7 9 10 11 12 25 26 27 28 29 30 31 32 33 34 35 36 37 38 39 40 41 42 43 44
(9,*) 0 1 2 3 4 5 6 7 8 10 11 12 25 26 27 28 29 30 31 32 33 34 35 36 37 38 39 40 41 42 43 44
(10,*) 0 1 2 3 4 5 6 7 8 9 11 12 25 26 27 28 29 30 31 32 33 34 35 36 37 38 39 40 41 42 43 44
(11,*) 0 1 2 3 4 5 6 7 8 9 10 12 25 26 27 28 29 30 31 32 33 34 35 36 37 38 39 40 41 42 43 44
(12,*) 0 1 2 3 4 5 6 7 8 9 10 11 25 26 27 28 29 30 31 32 33 34 35 36 37 38 39 40 41 42 43 44
(25,*) 0 1 2 3 4 5 6 7 8 9 10 11 12 26 27 28 29 30 31 32 33 34 35 36 37 38 39 40 41 42 43 44
(26,*) 0 1 2 3 4 5 6 7 8 9 10 11 12 25 27 28 29 30 31 32 33 34 35 36 37 38 39 40 41 42 43 44
(27,*) 0 1 2 3 4 5 6 7 8 9 10 11 12 25 26 28 29 30 31 32 33 34 35 36 37 38 39 40 41 42 43 44
(28,*) 0 1 2 3 4 5 6 7 8 9 10 11 12 25 26 27 29 30 31 32 33 34 35 36 37 38 39 40 41 42 43 44
(29,*) 0 1 2 3 4 5 6 7 8 9 10 11 12 25 26 27 28 30 31 32 33 34 35 36 37 38 39 40 41 42 43 44
(30,*) 0 1 2 3 4 5 6 7 8 9 10 11 12 25 26 27 28 29 31 32 33 34 35 36 37 38 39 40 41 42 43 44
(31,*) 0 1 2 3 4 5 6 7 8 9 10 11 12 25 26 27 28 29 30 32 33 34 35 36 37 38 39 40 41 42 43 44
(32,*) 0 1 2 3 4 5 6 7 8 9 10 11 12 25 26 27 28 29 30 31 33 34 35 36 37 38 39 40 41 42 43 44
(33,*) 0 1 2 3 4 5 6 7 8 9 10 11 12 25 26 27 28 29 30 31 32 34 35 36 37 38 39 40 41 42 43 44
(34,*) 0 1 2 3 4 5 6 7 8 9 10 11 12 25 26 27 28 29 30 31 32 33 35 36 37 38 39 40 41 42 43 44
(35,*) 0 1 2 3 4 5 6 7 8 9 10 11 12 25 26 27 28 29 30 31 32 33 34 36 37 38 39 40 41 42 43 44
(36,*) 0 1 2 3 4 5 6 7 8 9 10 11 12 25 26 27 28 29 30 31 32 33 34 35 37 38 39 40 41 42 43 44
(37,*) 0 1 2 3 4 5 6 7 8 9 10 11 12 25 26 27 28 29 30 31 32 33 34 35 36 39 40 41 42 43 44
(38,*) 0 1 2 3 4 5 6 7 8 9 10 11 12 25 26 27 28 29 30 31 32 33 34 35 36 39 40 41 42 43 44
(39,*) 0 1 2 3 4 5 6 7 8 9 10 11 12 25 26 27 28 29 30 31 32 33 34 35 36 37 38 40 41 42 43 44
(40,*) 0 1 2 3 4 5 6 7 8 9 10 11 12 25 26 27 28 29 30 31 32 33 34 35 36 37 38 39 41 42 43 44
(41,*) 0 1 2 3 4 5 6 7 8 9 10 11 12 25 26 27 28 29 30 31 32 33 34 35 36 37 38 39 40 42 43 44
(42,*) 0 1 2 3 4 5 6 7 8 9 10 11 12 25 26 27 28 29 30 31 32 33 34 35 36 37 38 39 40 41 43 44
(43,*) 0 1 2 3 4 5 6 7 8 9 10 11 12 25 26 27 28 29 30 31 32 33 34 35 36 37 38 39 40 41 42 44
(44,*) 0 1 2 3 4 5 6 7 8 9 10 11 12 25 26 27 28 29 30 31 32 33 34 35 36 37 38 39 40 41 42 43
;
set A2:=
(37,*) 38
(38,*) 37
;
param BigM:=99999;
param n:= 6;
param d:=
1	12
2	19
3	13
4	17
5	8
6	12
7	9
8	18
9	8
10	21
11	66
12	21
13	1
14	5
15	18
16	19
17	2
18	19
19	10
20	5
21	4
22	20
23	26
24	21
25	23
26	23
27	7
28	20
29	16
30	26
31	14
32	19
33	3
34	18
35	8
36	19
;
param Q:=100;
param w:=
[37,*] 38 0.5
[38,*] 37 0.5
;
param V:=
[37,*] 38 83
[38,*] 37 83
;
param e:
	37	38	39	40	41	42	43	44:=
13	1	1	0	0	1	0	0	0	
14	1	1	0	0	1	0	0	0	
15	1	0	0	0	1	0	0	0	
16	1	1	0	0	0	0	0	1	
17	0	1	0	0	1	0	0	0	
18	1	1	0	0	0	0	1	0	
19	1	0	0	0	1	0	0	0	
20	1	1	0	0	1	0	0	0	
21	1	1	0	0	0	0	1	0	
22	0	1	0	0	0	0	0	1	
23	1	1	0	0	0	0	1	0	
24	1	1	0	0	0	0	1	0	
25	0	1	0	0	0	0	0	1	
26	1	0	0	0	1	0	0	0	
27	1	0	0	0	1	0	0	0	
28	1	1	0	0	0	0	0	1	
29	0	1	0	0	0	0	0	1	
30	0	1	1	1	1	1	1	0	
31	1	0	1	1	1	1	1	0	
32	1	1	0	0	0	0	0	1	
33	1	1	0	0	0	0	0	1	
34	1	1	1	0	0	0	0	0	
35	1	1	0	0	0	0	0	1	
36	1	0	1	1	1	1	0	0	
;
param p:=
1	3
2	3
3	3
4	3
5	3
6	3
;
param G:=
37	83
38	77
39	80
40	96
41	71
42	78
43	72
44	89
;
param s:=
0	0
1	10
2	10
3	10
4	10
5	10
6	10
7	10
8	10
9	10
10	10
11	10
12	10
25	10
26	10
27	10
28	10
29	10
30	10
31	10
32	10
33	10
34	10
35	10
36	10
37	10
38	10
39	10
40	10
41	10
42	10
43	10
44	10
;
param t:
	0	1	2	3	4	5	6	7	8	9	10	11	12	13	14	15	16	17	18	19	20	21	22	23	24	25	26	27	28	29	30	31	32	33	34	35	36	37	38	39	40	41	42	43	44:=
0	0.0	16.12	69.66	11.18	16.03	23.32	90.61	104.04	10.0	56.75	42.15	52.09	20.1	57.22	24.21	25.0	70.84	94.37	67.78	43.46	39.32	50.16	58.26	66.64	69.38	86.65	61.66	74.53	55.36	78.82	41.88	36.24	72.45	91.92	18.03	71.39	38.48	12.21	91.93	48.84	43.05	36.67	41.87	51.31	73.57
1	16.12	0.0	56.64	16.64	3.0	18.44	79.06	93.94	14.14	42.15	37.0	36.01	36.0	58.87	17.03	31.83	65.38	81.34	52.33	38.01	42.54	34.06	47.85	51.62	53.45	80.89	64.08	77.47	61.03	65.12	28.32	30.02	65.0	85.15	33.24	68.03	33.0	27.51	79.65	38.01	35.51	31.0	31.95	37.48	64.85
2	69.66	56.64	0.0	61.59	58.9	48.37	24.04	41.44	70.77	58.01	38.33	41.05	85.09	60.42	46.32	64.2	38.6	24.76	21.02	37.22	59.21	40.2	17.03	16.16	29.07	46.04	65.25	74.85	73.44	10.2	28.32	38.9	30.41	45.19	87.62	47.71	39.05	81.84	23.32	22.47	32.76	39.56	29.55	19.42	24.84
3	11.18	16.64	61.59	0.0	18.44	13.45	81.34	94.02	19.42	58.6	31.3	50.64	23.77	46.53	15.26	15.81	59.81	86.02	62.59	32.65	28.86	48.51	48.8	60.73	65.38	75.61	51.2	64.29	46.07	71.2	35.11	25.81	61.77	81.02	27.02	60.21	27.78	21.63	83.1	39.82	32.8	26.08	32.65	44.38	63.25
4	16.03	3.0	58.9	18.44	0.0	21.38	81.54	96.6	12.21	41.11	40.0	36.22	36.12	61.68	20.02	33.97	68.36	83.55	53.71	41.01	45.18	34.37	50.57	53.25	54.42	83.86	66.85	80.23	63.51	67.18	30.61	33.02	67.91	88.07	32.28	71.03	36.0	26.68	82.01	40.72	38.47	34.0	34.79	39.62	67.68
5	23.32	18.44	48.37	13.45	21.38	0.0	67.9	80.8	28.64	54.82	19.42	43.46	36.72	40.72	3.16	19.42	48.27	72.67	51.24	20.62	25.5	41.23	35.36	48.84	55.04	64.03	46.07	59.48	44.55	58.14	23.19	13.0	49.24	68.95	40.36	50.04	15.52	34.83	69.66	26.4	19.72	13.6	19.21	32.02	50.25
6	90.61	79.06	24.04	81.34	81.54	67.9	0.0	18.03	93.01	81.22	53.0	64.63	103.86	66.75	66.48	80.45	38.0	12.53	42.05	51.62	71.69	63.95	32.56	38.01	49.37	36.25	70.26	76.24	81.39	21.21	51.11	56.22	29.07	31.62	108.19	47.1	55.22	102.55	5.83	41.77	49.2	56.4	48.8	42.95	23.35
7	104.04	93.94	41.44	94.02	96.6	80.8	18.03	0.0	107.54	99.13	63.66	82.39	115.28	70.77	79.88	90.61	41.15	26.83	60.07	62.24	79.63	81.61	46.14	56.0	67.36	32.14	73.05	75.95	85.62	39.2	66.85	68.25	34.41	25.0	121.04	48.38	66.6	115.6	21.84	55.95	61.22	68.12	62.43	59.48	31.11
8	10.0	14.14	70.77	19.42	12.21	28.64	93.01	107.54	0.0	49.37	48.05	47.3	27.86	65.92	28.46	34.54	76.9	95.48	65.86	49.24	48.27	45.61	61.4	65.46	66.31	92.65	70.61	83.68	65.0	79.25	42.45	41.48	77.49	97.42	21.1	78.41	44.15	16.03	93.72	51.62	47.76	42.2	45.18	51.62	77.88
9	56.75	42.15	58.01	58.6	41.11	54.82	81.22	99.13	49.37	0.0	65.8	17.26	76.69	92.96	51.86	72.72	87.09	76.9	39.81	66.03	80.06	18.68	61.68	43.29	34.18	99.72	98.6	111.66	99.16	60.67	42.06	59.67	82.28	101.0	70.11	93.47	62.63	65.38	78.77	54.63	60.75	61.07	53.85	43.68	78.85
10	42.15	37.0	38.33	31.3	40.0	19.42	53.0	63.66	48.05	65.8	0.0	50.91	51.62	27.66	20.02	27.46	28.86	60.17	49.04	1.41	21.0	48.8	21.84	45.12	55.15	44.64	33.3	46.01	37.34	48.51	24.84	7.07	30.53	49.77	57.98	31.06	4.0	52.84	55.9	17.26	6.32	6.0	13.04	29.15	32.56
11	52.09	36.01	41.05	50.64	36.22	43.46	64.63	82.39	47.3	17.26	50.91	0.0	72.01	78.52	40.31	62.63	70.26	61.35	24.6	50.93	67.42	2.24	44.6	27.2	21.21	82.57	84.17	96.9	86.27	44.64	26.25	45.45	65.15	83.74	68.25	77.03	48.17	62.8	62.59	38.08	45.34	46.86	38.29	26.57	61.61
12	20.1	36.0	85.09	23.77	36.12	36.72	103.86	115.28	27.86	76.69	51.62	72.01	0.0	57.01	38.91	25.55	77.94	109.29	86.13	53.04	39.92	70.03	71.4	84.43	88.46	93.3	60.02	71.18	50.01	94.83	58.87	47.63	81.69	99.57	13.0	76.03	48.84	13.45	106.02	62.97	54.67	47.51	55.76	68.15	84.17
13	57.22	58.87	60.42	46.53	61.68	40.72	66.75	70.77	65.92	92.96	27.66	78.52	57.01	0.0	42.94	33.06	29.73	77.1	75.15	27.8	18.0	76.38	43.68	70.77	81.88	41.4	5.66	18.87	14.87	69.87	52.5	33.3	37.85	48.83	67.74	23.02	30.41	64.2	71.34	43.42	33.6	31.89	40.61	56.08	43.42
14	24.21	17.03	46.32	15.26	20.02	3.16	66.48	79.88	28.46	51.86	20.02	40.31	38.91	42.94	0.0	22.56	48.66	70.8	48.37	21.1	28.28	38.08	34.06	46.1	52.01	64.33	48.37	61.77	47.38	55.95	20.4	13.15	49.04	68.96	41.73	51.01	16.03	36.07	68.01	24.76	19.31	14.04	17.69	29.41	49.65
15	25.0	31.83	64.2	15.81	33.97	19.42	80.45	90.61	34.54	72.72	27.46	62.63	25.55	33.06	22.56	0.0	52.43	87.24	70.01	28.84	15.13	60.41	48.75	67.19	74.24	67.74	37.05	49.65	30.46	74.33	42.01	25.3	56.59	74.06	34.93	50.57	25.5	31.14	83.24	41.76	31.78	24.7	34.93	50.16	59.55
16	70.84	65.38	38.6	59.81	68.36	48.27	38.0	41.15	76.9	87.09	28.86	70.26	77.94	29.73	48.66	52.43	0.0	49.37	58.0	27.66	39.6	68.54	26.08	53.04	65.86	15.81	32.56	38.47	44.6	46.07	45.61	35.51	9.22	21.63	85.87	9.49	32.76	81.02	43.1	32.57	30.02	34.71	35.23	43.83	15.52
17	94.37	81.34	24.76	86.02	83.55	72.67	12.53	26.83	95.48	76.9	60.17	61.35	109.29	77.1	70.8	87.24	49.37	0.0	37.11	58.87	80.08	61.1	38.48	34.18	43.29	48.75	81.0	87.82	91.44	17.0	53.04	62.18	40.2	44.1	112.29	58.69	61.74	106.53	6.71	46.32	55.46	62.61	53.54	43.93	34.06
18	67.78	52.33	21.02	62.59	53.71	51.24	42.05	60.07	65.86	39.81	49.04	24.6	86.13	75.15	48.37	70.01	58.0	37.11	0.0	48.38	69.43	24.7	32.8	5.0	8.06	66.89	80.5	91.59	86.33	21.02	28.07	46.53	50.61	66.21	85.49	66.53	48.05	79.71	39.12	31.95	42.72	47.68	36.67	20.22	45.49
19	43.46	38.01	37.22	32.65	41.01	20.62	51.62	62.24	49.24	66.03	1.41	50.93	53.04	27.8	21.1	28.84	27.66	58.87	48.38	0.0	22.02	48.84	20.62	44.38	54.63	43.42	33.42	45.97	37.95	47.38	24.76	8.0	29.15	48.47	59.36	30.15	5.1	54.2	54.56	16.49	5.83	7.07	12.81	28.64	31.14
20	39.32	42.54	59.21	28.86	45.18	25.5	71.69	79.63	48.27	80.06	21.0	67.42	39.92	18.0	28.28	15.13	39.6	80.08	69.43	22.02	0.0	65.19	42.43	65.76	75.0	54.2	22.36	35.44	19.1	69.35	43.08	23.09	45.22	60.96	50.01	36.36	21.38	46.27	75.27	38.12	27.07	21.84	32.76	49.24	49.24
21	50.16	34.06	40.2	48.51	34.37	41.23	63.95	81.61	45.61	18.68	48.8	2.24	70.03	76.38	38.08	60.41	68.54	61.1	24.7	48.84	65.19	0.0	43.01	26.93	22.02	81.04	82.04	94.79	84.05	44.27	24.21	43.28	63.6	82.38	66.49	75.18	46.01	61.0	62.1	36.24	43.28	44.69	36.24	25.0	60.21
22	58.26	47.85	17.03	48.8	50.57	35.36	32.56	46.14	61.4	61.68	21.84	44.6	71.4	43.68	34.06	48.75	26.08	38.48	32.8	20.62	42.43	43.01	0.0	28.02	40.36	38.08	48.7	59.06	56.44	27.02	22.09	23.85	20.62	40.05	75.69	33.97	23.26	70.09	34.67	9.85	17.0	24.19	16.4	18.03	18.03
23	66.64	51.62	16.16	60.73	53.25	48.84	38.01	56.0	65.46	43.29	45.12	27.2	84.43	70.77	46.1	67.19	53.04	34.18	5.0	44.38	65.76	26.93	28.02	0.0	13.04	61.91	76.06	86.95	82.28	17.46	25.71	43.1	45.61	61.33	84.53	61.62	44.41	78.71	35.51	27.89	38.83	44.18	33.14	17.03	40.5
24	69.38	53.45	29.07	65.38	54.42	55.04	49.37	67.36	66.31	34.18	55.15	21.21	88.46	81.88	52.01	74.24	65.86	43.29	8.06	54.63	75.0	22.02	40.36	13.04	0.0	74.95	87.32	98.74	92.48	28.16	32.39	51.92	58.6	74.25	86.65	74.25	53.76	80.96	46.01	38.47	48.85	53.16	42.38	26.0	53.54
25	86.65	80.89	46.04	75.61	83.86	64.03	36.25	32.14	92.65	99.72	44.64	82.57	93.3	41.4	64.33	67.74	15.81	48.75	66.89	43.42	54.2	81.04	38.08	61.91	74.95	0.0	42.54	43.93	55.76	50.91	59.41	51.2	17.46	7.62	101.55	18.44	48.51	96.77	42.05	46.27	45.4	50.45	50.01	56.04	21.47
26	61.66	64.08	65.25	51.2	66.85	46.07	70.26	73.05	70.61	98.6	33.3	84.17	60.02	5.66	48.37	37.05	32.56	81.0	80.5	33.42	22.36	82.04	48.7	76.06	87.32	42.54	0.0	13.42	13.45	74.53	58.14	38.95	41.19	50.12	71.25	24.7	36.07	68.01	75.06	48.88	39.2	37.54	46.23	61.59	47.04
27	74.53	77.47	74.85	64.29	80.23	59.48	76.24	75.95	83.68	111.66	46.01	96.9	71.18	18.87	61.77	49.65	38.47	87.82	91.59	45.97	35.44	94.79	59.06	86.95	98.74	43.93	13.42	0.0	21.38	83.49	70.71	52.01	47.68	51.42	83.0	29.15	49.04	80.16	81.5	60.61	51.62	50.61	58.69	73.41	53.94
28	55.36	61.03	73.44	46.07	63.51	44.55	81.39	85.62	65.0	99.16	37.34	86.27	50.01	14.87	47.38	30.46	44.6	91.44	86.33	37.95	19.1	84.05	56.44	82.28	92.48	55.76	13.45	21.38	0.0	83.22	61.29	41.18	52.63	63.29	62.13	37.59	38.91	59.68	85.84	54.41	43.66	39.82	50.16	66.48	58.05
29	78.82	65.12	10.2	71.2	67.18	58.14	21.21	39.2	79.25	60.67	48.51	44.64	94.83	69.87	55.95	74.33	46.07	17.0	21.02	47.38	69.35	44.27	27.02	17.46	28.16	50.91	74.53	83.49	83.22	0.0	37.01	49.04	37.22	48.6	96.83	55.46	49.24	91.02	18.11	32.57	42.95	49.73	39.56	27.66	31.06
30	41.88	28.32	28.32	35.11	30.61	23.19	51.11	66.85	42.45	42.06	24.84	26.25	58.87	52.5	20.4	42.01	45.61	53.04	28.07	24.76	43.08	24.21	22.09	25.71	32.39	59.41	58.14	70.71	61.29	37.01	0.0	20.12	42.11	62.0	59.91	51.48	22.47	54.08	51.4	13.15	19.1	21.47	12.04	9.43	40.11
31	36.24	30.02	38.9	25.81	33.02	13.0	56.22	68.25	41.48	59.67	7.07	45.45	47.63	33.3	13.15	25.3	35.51	62.18	46.53	8.0	23.09	43.28	23.85	43.1	51.92	51.2	38.95	52.01	41.18	49.04	20.12	0.0	36.25	55.97	52.8	38.12	3.16	47.43	58.52	16.49	7.07	1.41	10.0	26.31	37.44
32	72.45	65.0	30.41	61.77	67.91	49.24	29.07	34.41	77.49	82.28	30.53	65.15	81.69	37.85	49.04	56.59	9.22	40.2	50.61	29.15	45.22	63.6	20.62	45.61	58.6	17.46	41.19	47.68	52.63	37.22	42.11	36.25	0.0	20.22	88.51	18.68	34.0	83.35	34.01	29.02	29.73	35.78	33.38	38.6	6.32
33	91.92	85.15	45.19	81.02	88.07	68.95	31.62	25.0	97.42	101.0	49.77	83.74	99.57	48.83	68.96	74.06	21.63	44.1	66.21	48.47	60.96	82.38	40.05	61.33	74.25	7.62	50.12	51.42	63.29	48.6	62.0	55.97	20.22	0.0	107.35	25.81	53.49	102.42	37.44	49.04	49.73	55.36	53.6	57.56	22.2
34	18.03	33.24	87.62	27.02	32.28	40.36	108.19	121.04	21.1	70.11	57.98	68.25	13.0	67.74	41.73	34.93	85.87	112.29	85.49	59.36	50.01	66.49	75.69	84.53	86.65	101.55	71.25	83.0	62.13	96.83	59.91	52.8	88.51	107.35	0.0	85.09	54.64	5.83	109.71	66.48	59.82	53.01	59.4	69.34	90.21
35	71.39	68.03	47.71	60.21	71.03	50.04	47.1	48.38	78.41	93.47	31.06	77.03	76.03	23.02	51.01	50.57	9.49	58.69	66.53	30.15	36.36	75.18	33.97	61.62	74.25	18.44	24.7	29.15	37.59	55.46	51.48	38.12	18.68	25.81	85.09	0.0	35.06	80.65	52.35	38.95	33.96	37.05	40.16	51.04	25.0
36	38.48	33.0	39.05	27.78	36.0	15.52	55.22	66.6	44.15	62.63	4.0	48.17	48.84	30.41	16.03	25.5	32.76	61.74	48.05	5.1	21.38	46.01	23.26	44.41	53.76	48.51	36.07	49.04	38.91	49.24	22.47	3.16	34.0	53.49	54.64	35.06	0.0	49.4	57.8	17.03	6.32	2.0	11.4	27.89	35.61
37	12.21	27.51	81.84	21.63	26.68	34.83	102.55	115.6	16.03	65.38	52.84	62.8	13.45	64.2	36.07	31.14	81.02	106.53	79.71	54.2	46.27	61.0	70.09	78.71	80.96	96.77	68.01	80.16	59.68	91.02	54.08	47.43	83.35	102.42	5.83	80.65	49.4	0.0	104.0	60.81	54.41	47.71	53.76	63.51	84.88
38	91.93	79.65	23.32	83.1	82.01	69.66	5.83	21.84	93.72	78.77	55.9	62.59	106.02	71.34	68.01	83.24	43.1	6.71	39.12	54.56	75.27	62.1	34.67	35.51	46.01	42.05	75.06	81.5	85.84	18.11	51.4	58.52	34.01	37.44	109.71	52.35	57.8	104.0	0.0	43.28	51.62	58.83	50.45	42.72	28.02
39	48.84	38.01	22.47	39.82	40.72	26.4	41.77	55.95	51.62	54.63	17.26	38.08	62.97	43.42	24.76	41.76	32.57	46.32	31.95	16.49	38.12	36.24	9.85	27.89	38.47	46.27	48.88	60.61	54.41	32.57	13.15	16.49	29.02	49.04	66.48	38.95	17.03	60.81	43.28	0.0	11.05	17.26	7.21	12.81	27.46
40	43.05	35.51	32.76	32.8	38.47	19.72	49.2	61.22	47.76	60.75	6.32	45.34	54.67	33.6	19.31	31.78	30.02	55.46	42.72	5.83	27.07	43.28	17.0	38.83	48.85	45.4	39.2	51.62	43.66	42.95	19.1	7.07	29.73	49.73	59.82	33.96	6.32	54.41	51.62	11.05	0.0	7.21	7.07	22.85	30.53
41	36.67	31.0	39.56	26.08	34.0	13.6	56.4	68.12	42.2	61.07	6.0	46.86	47.51	31.89	14.04	24.7	34.71	62.61	47.68	7.07	21.84	44.69	24.19	44.18	53.16	50.45	37.54	50.61	39.82	49.73	21.47	1.41	35.78	55.36	53.01	37.05	2.0	47.71	58.83	17.26	7.21	0.0	11.05	27.46	37.2
42	41.87	31.95	29.55	32.65	34.79	19.21	48.8	62.43	45.18	53.85	13.04	38.29	55.76	40.61	17.69	34.93	35.23	53.54	36.67	12.81	32.76	36.24	16.4	33.14	42.38	50.01	46.23	58.69	50.16	39.56	12.04	10.0	33.38	53.6	59.4	40.16	11.4	53.76	50.45	7.21	7.07	11.05	0.0	16.49	32.89
43	51.31	37.48	19.42	44.38	39.62	32.02	42.95	59.48	51.62	43.68	29.15	26.57	68.15	56.08	29.41	50.16	43.83	43.93	20.22	28.64	49.24	25.0	18.03	17.03	26.0	56.04	61.59	73.41	66.48	27.66	9.43	26.31	38.6	57.56	69.34	51.04	27.89	63.51	42.72	12.81	22.85	27.46	16.49	0.0	35.36
44	73.57	64.85	24.84	63.25	67.68	50.25	23.35	31.11	77.88	78.85	32.56	61.61	84.17	43.42	49.65	59.55	15.52	34.06	45.49	31.14	49.24	60.21	18.03	40.5	53.54	21.47	47.04	53.94	58.05	31.06	40.11	37.44	6.32	22.2	90.21	25.0	35.61	84.88	28.02	27.46	30.53	37.2	32.89	35.36	0.0
;
