vehicles
vehicle_idx, capacity, cost_per_unit_distance
1,100,3
2,100,3
3,100,3
4,100,3
5,100,3
6,100,3
depot
node_idx,x,y
0,39,19
home delivery customers
node_idx,x,y,service_time,demand
1,41,79,10,16
2,33,5,10,3
3,1,37,10,16
4,23,73,10,7
5,49,91,10,23
6,55,43,10,7
7,93,49,10,11
8,19,97,10,16
9,41,9,10,15
10,43,37,10,9
11,71,51,10,11
12,93,55,10,3
13,5,97,10,7
14,81,11,10,15
self pickup customers
node_idx,x,y,service_time,demand,locker_idxs
15,63,93,10,24,39-43
16,1,1,10,6,40
17,79,73,10,12,43-39
18,59,5,10,18,44
19,37,27,10,16,46
20,93,13,10,4,41-44
21,85,45,10,22,45
22,83,29,10,11,44-41
23,87,23,10,1,41-44
24,31,23,10,22,46
25,13,13,10,22,46
26,45,93,10,9,39-42
flexible customers
node_idx,x,y,service_time,demand,locker_idxs
27,79,19,10,18,44-41
28,25,31,10,22,49-46-40
29,69,17,10,19,44-41
30,57,73,10,6,45-39
31,53,75,10,6,39
32,41,31,10,72,49-48-47-50-46-40
33,85,93,10,23,43-39
34,83,61,10,7,43
35,9,7,10,5,40
36,13,61,10,10,49
37,7,53,10,10,42
38,7,41,10,2,46
lockers
node_idx,x,y,service_time,capacity,cost_per_unit_good
39,65,88,10,97
40,25,15,10,72
41,93,12,10,72
42,22,88,10,86
43,77,88,10,95
44,72,14,10,78
45,55,53,10,76
46,24,18,10,96
47,47,47,10,81
48,41,48,10,91
49,35,49,10,100
50,50,45,10,81
mrt lines
start_node_idx,end_node_idx,freight_capacity,cost_per_unit_good
0,1,97,0.1
1,0,97,0.1
2,3,86,0.1
distance matrix
,0,1,2,3,4,5,6,7,8,9,10,11,12,13,14,15,16,17,18,19,20,21,22,23,24,25,26,27,28,29,30,31,32,33,34,35,36,37,38,39,40,41,42,43,44,45,46,47,48,49,50,
0,0.0,60.03,15.23,42.05,56.32,72.69,28.84,61.77,80.52,10.2,18.44,45.25,64.9,85.09,42.76,77.79,42.05,67.2,24.41,8.25,54.33,52.84,45.12,48.17,8.94,26.68,74.24,40.0,18.44,30.07,56.92,57.72,12.17,87.13,60.83,32.31,49.4,46.69,38.83,73.74,14.56,54.45,71.06,78.77,33.38,37.58,15.03,29.12,29.07,30.27,28.23
1,60.03,0.0,74.43,58.0,18.97,14.42,38.63,60.03,28.43,70.0,42.05,41.04,57.27,40.25,78.89,26.08,87.66,38.47,76.16,52.15,84.02,55.61,65.3,72.47,56.89,71.69,14.56,71.02,50.6,68.03,17.09,12.65,48.0,46.17,45.69,78.79,33.29,42.8,50.99,25.63,65.97,84.81,21.02,37.11,72.01,29.53,63.32,32.56,31.0,30.59,35.17
2,15.23,74.43,0.0,45.25,68.73,87.48,43.91,74.4,93.06,8.94,33.53,59.67,78.1,96.17,48.37,92.97,32.25,82.1,26.0,22.36,60.53,65.6,55.46,56.92,18.11,21.54,88.81,48.08,27.2,37.95,72.11,72.8,27.2,102.22,75.07,24.08,59.46,54.59,44.41,88.96,12.81,60.41,83.73,93.94,40.02,52.8,15.81,44.27,43.74,44.05,43.46
3,42.05,58.0,45.25,0.0,42.19,72.25,54.33,92.78,62.64,48.83,42.0,71.39,93.74,60.13,84.12,83.55,36.0,85.91,66.24,37.36,95.08,84.38,82.39,87.13,33.11,26.83,71.22,80.05,24.74,70.88,66.57,64.4,40.45,100.96,85.44,31.05,26.83,17.09,7.21,81.84,32.56,95.34,55.15,91.53,74.63,56.32,29.83,47.07,41.48,36.06,49.65
4,56.32,18.97,68.73,42.19,0.0,31.62,43.86,74.0,24.33,66.48,41.18,52.8,72.28,30.0,84.9,44.72,75.29,56.0,76.94,48.08,92.2,68.03,74.4,81.22,50.64,60.83,29.73,77.79,42.05,72.47,34.0,30.07,45.69,65.15,61.19,67.47,15.62,25.61,35.78,44.6,58.03,92.85,15.03,56.04,76.69,37.74,55.01,35.38,30.81,26.83,38.9
5,72.69,14.42,87.48,72.25,31.62,0.0,48.37,60.83,30.59,82.39,54.33,45.65,56.85,44.41,86.16,14.14,102.0,34.99,86.58,65.12,89.55,58.41,70.71,77.9,70.34,85.91,4.47,78.0,64.62,76.66,19.7,16.49,60.53,36.06,45.34,93.04,46.86,56.64,65.3,16.28,79.7,90.43,27.17,28.16,80.36,38.47,77.16,44.05,43.74,44.27,46.01
6,28.84,38.63,43.91,54.33,43.86,48.37,0.0,38.47,64.9,36.77,13.42,17.89,39.85,73.59,41.23,50.64,68.41,38.42,38.21,24.08,48.41,30.07,31.3,37.74,31.24,51.61,50.99,33.94,32.31,29.53,30.07,32.06,18.44,58.31,33.29,58.41,45.69,49.03,48.04,46.1,41.04,49.04,55.8,50.09,33.62,10.0,39.82,8.94,14.87,20.88,5.39
7,61.77,60.03,74.4,92.78,74.0,60.83,38.47,0.0,88.2,65.6,51.42,22.09,6.0,100.24,39.85,53.25,103.77,27.78,55.61,60.17,36.0,8.94,22.36,26.68,67.23,87.73,65.12,33.11,70.34,40.0,43.27,47.71,55.03,44.72,15.62,93.91,80.89,86.09,86.37,48.01,76.03,37.0,81.01,42.15,40.82,38.21,75.64,46.04,52.01,58.0,43.19
8,80.52,28.43,93.06,62.64,24.33,30.59,64.9,88.2,0.0,90.71,64.62,69.43,85.09,14.0,106.02,44.18,97.67,64.62,100.32,72.28,111.95,84.02,93.38,100.5,74.97,84.21,26.31,98.41,66.27,94.34,44.94,40.5,69.57,66.12,73.43,90.55,36.5,45.61,57.27,46.87,82.22,112.7,9.49,58.69,98.48,56.85,79.16,57.31,53.71,50.6,60.54
9,10.2,70.0,8.94,48.83,66.48,82.39,36.77,65.6,90.71,0.0,28.07,51.61,69.43,95.08,40.05,86.83,40.79,74.43,18.44,18.44,52.15,56.85,46.52,48.08,17.2,28.28,84.1,39.29,27.2,29.12,65.97,67.08,22.0,94.83,66.84,32.06,59.06,55.61,46.69,82.57,17.09,52.09,81.25,86.82,31.4,46.17,19.24,38.47,39.0,40.45,37.11
10,18.44,42.05,33.53,42.0,41.18,54.33,13.42,51.42,64.62,28.07,0.0,31.3,53.14,71.02,46.04,59.46,55.32,50.91,35.78,11.66,55.46,42.76,40.79,46.17,18.44,38.42,56.04,40.25,18.97,32.8,38.63,39.29,6.32,70.0,46.65,45.34,38.42,39.4,36.22,55.54,28.43,55.9,55.15,61.29,37.01,20.0,26.87,10.77,11.18,14.42,10.63
11,45.25,41.04,59.67,71.39,52.8,45.65,17.89,22.09,69.43,51.61,31.3,0.0,22.36,80.45,41.23,42.76,86.02,23.41,47.54,41.62,43.91,15.23,25.06,32.25,48.83,69.34,49.4,32.98,50.16,34.06,26.08,30.0,36.06,44.27,15.62,76.03,58.86,64.03,64.78,37.48,58.41,44.78,61.4,37.48,37.01,16.12,57.43,24.33,30.15,36.06,21.84
12,64.9,57.27,78.1,93.74,72.28,56.85,39.85,6.0,85.09,69.43,53.14,22.36,0.0,97.51,45.61,48.41,106.68,22.8,60.46,62.61,42.0,12.81,27.86,32.56,69.77,90.35,61.22,38.63,72.11,44.94,40.25,44.72,57.27,38.83,11.66,96.75,80.22,86.02,87.13,43.28,78.89,43.0,78.29,36.67,46.07,38.05,78.29,46.69,52.47,58.31,44.15
13,85.09,40.25,96.17,60.13,30.0,44.41,73.59,100.24,14.0,95.08,71.02,80.45,97.51,0.0,114.77,58.14,96.08,77.79,106.68,76.97,121.66,95.41,103.48,110.45,78.43,84.38,40.2,107.52,68.96,102.45,57.27,52.8,75.18,80.1,85.91,90.09,36.88,44.05,56.04,60.67,84.4,122.35,19.24,72.56,106.67,66.6,81.25,65.3,60.8,56.6,68.77
14,42.76,78.89,48.37,84.12,84.9,86.16,41.23,39.85,106.02,40.05,46.04,41.23,45.61,114.77,0.0,83.95,80.62,62.03,22.8,46.82,12.17,34.23,18.11,13.42,51.42,68.03,89.55,8.25,59.46,13.42,66.48,69.86,44.72,82.1,50.04,72.11,84.4,85.09,79.85,78.64,56.14,12.04,97.01,77.1,9.49,49.4,57.43,49.52,54.49,59.67,46.01
15,77.79,26.08,92.97,83.55,44.72,14.14,50.64,53.25,44.18,86.83,59.46,42.76,48.41,58.14,83.95,0.0,110.94,25.61,88.09,70.94,85.44,52.8,67.05,74.0,76.97,94.34,18.0,75.71,72.72,76.24,20.88,20.59,65.79,22.0,37.74,101.55,59.36,68.82,76.42,5.39,86.76,86.38,41.3,14.87,79.51,40.79,84.53,48.7,50.09,52.15,49.73
16,42.05,87.66,32.25,36.0,75.29,102.0,68.41,103.77,97.67,40.79,55.32,86.02,106.68,96.08,80.62,110.94,0.0,106.15,58.14,44.41,92.78,94.83,86.65,88.77,37.2,16.97,101.98,80.05,38.42,69.86,91.21,90.44,50.0,124.58,101.61,10.0,61.19,52.35,40.45,108.0,27.78,92.66,89.5,115.52,72.18,74.97,28.6,65.05,61.72,58.82,65.86
17,67.2,38.47,82.1,85.91,56.0,34.99,38.42,27.78,64.62,74.43,50.91,23.41,22.8,77.79,62.03,25.61,106.15,0.0,70.88,62.29,61.61,28.64,44.18,50.64,69.31,89.2,39.45,54.0,68.41,56.89,22.0,26.08,56.64,20.88,12.65,96.21,67.08,74.73,78.79,20.52,79.25,62.59,58.94,15.13,59.41,31.24,77.78,41.23,45.49,50.12,40.31
18,24.41,76.16,26.0,66.24,76.94,86.58,38.21,55.61,100.32,18.44,35.78,47.54,60.46,106.68,22.8,88.09,58.14,70.88,0.0,31.11,34.93,47.71,33.94,33.29,33.29,46.69,89.11,24.41,42.8,15.62,68.03,70.26,31.62,91.76,60.93,50.04,72.47,70.77,63.25,83.22,35.44,34.71,90.87,84.93,15.81,48.17,37.34,43.68,46.62,50.12,41.0
19,8.25,52.15,22.36,37.36,48.08,65.12,24.08,60.17,72.28,18.44,11.66,41.62,62.61,76.97,46.82,70.94,44.41,62.29,31.11,0.0,57.72,51.26,46.04,50.16,7.21,27.78,66.48,42.76,12.65,33.53,50.16,50.6,5.66,81.61,57.2,34.41,41.62,39.7,33.11,67.12,16.97,57.97,62.82,72.95,37.34,31.62,15.81,22.36,21.38,22.09,22.2
20,54.33,84.02,60.53,95.08,92.2,89.55,48.41,36.0,111.95,52.15,55.46,43.91,42.0,121.66,12.17,85.44,92.78,61.61,34.93,57.72,0.0,32.98,18.87,11.66,62.8,80.0,93.3,15.23,70.34,24.33,69.97,73.78,55.03,80.4,49.03,84.21,93.3,94.85,90.44,80.06,68.03,1.0,103.28,76.69,21.02,55.17,69.18,57.2,62.68,68.26,53.6
21,52.84,55.61,65.6,84.38,68.03,58.41,30.07,8.94,84.02,56.85,42.76,15.23,12.81,95.41,34.23,52.8,94.83,28.64,47.71,51.26,32.98,0.0,16.12,22.09,58.31,78.79,62.48,26.68,61.61,32.25,39.6,43.86,46.17,48.0,16.12,84.97,73.76,78.41,78.1,47.42,67.08,33.96,76.28,43.74,33.62,31.05,66.71,38.05,44.1,50.16,35.0
22,45.12,65.3,55.46,82.39,74.4,70.71,31.3,22.36,93.38,46.52,40.79,25.06,27.86,103.48,18.11,67.05,86.65,44.18,33.94,46.04,18.87,16.12,0.0,7.21,52.35,71.81,74.43,10.77,58.03,18.44,51.11,54.92,42.05,64.03,32.0,77.2,76.97,79.7,76.94,61.68,59.67,19.72,84.86,59.3,18.6,36.88,60.02,40.25,46.1,52.0,36.67
23,48.17,72.47,56.92,87.13,81.22,77.9,37.74,26.68,100.5,48.08,46.17,32.25,32.56,110.45,13.42,74.0,88.77,50.64,33.29,50.16,11.66,22.09,7.21,0.0,56.0,74.67,81.63,8.94,62.51,18.97,58.31,62.13,46.69,70.03,38.21,79.62,83.19,85.44,82.0,68.62,62.51,12.53,91.92,65.76,17.49,43.86,63.2,46.65,52.35,58.14,43.05
24,8.94,56.89,18.11,33.11,50.64,70.34,31.24,67.23,74.97,17.2,18.44,48.83,69.77,78.43,51.42,76.97,37.2,69.31,33.29,7.21,62.8,58.31,52.35,56.0,0.0,20.59,71.39,48.17,10.0,38.47,56.36,56.46,12.81,88.41,64.4,27.2,42.05,38.42,30.0,73.36,10.0,62.97,65.62,79.63,41.98,38.42,8.6,28.84,26.93,26.31,29.07
25,26.68,71.69,21.54,26.83,60.83,85.91,51.61,87.73,84.21,28.28,38.42,69.34,90.35,84.38,68.03,94.34,16.97,89.2,46.69,27.78,80.0,78.79,71.81,74.67,20.59,0.0,86.16,66.27,21.63,56.14,74.4,73.78,33.29,107.63,84.88,7.21,48.0,40.45,28.64,91.26,12.17,80.01,75.54,98.6,59.01,58.0,12.08,48.08,44.82,42.19,48.92
26,74.24,14.56,88.81,71.22,29.73,4.47,50.99,65.12,26.31,84.1,56.04,49.4,61.22,40.2,89.55,18.0,101.98,39.45,89.11,66.48,93.3,62.48,74.43,81.63,71.39,86.16,0.0,81.44,65.15,79.7,23.32,19.7,62.13,40.0,49.68,93.23,45.25,55.17,64.4,20.62,80.52,94.15,23.54,32.39,83.49,41.23,77.88,46.04,45.18,45.12,48.26
27,40.0,71.02,48.08,80.05,77.79,78.0,33.94,33.11,98.41,39.29,40.25,32.98,38.63,107.52,8.25,75.71,80.05,54.0,24.41,42.76,15.23,26.68,10.77,8.94,48.17,66.27,81.44,0.0,55.32,10.2,58.31,61.74,39.85,74.24,42.19,71.02,78.23,79.62,75.29,70.41,54.15,15.65,89.5,69.03,8.6,41.62,55.01,42.52,47.8,53.25,38.95
28,18.44,50.6,27.2,24.74,42.05,64.62,32.31,70.34,66.27,27.2,18.97,50.16,72.11,68.96,59.46,72.72,38.42,68.41,42.8,12.65,70.34,61.61,58.03,62.51,10.0,21.63,65.15,55.32,0.0,46.17,52.8,52.15,16.0,86.28,65.3,28.84,32.31,28.43,20.59,69.63,16.0,70.6,57.08,77.16,49.98,37.2,13.04,27.2,23.35,20.59,28.65
29,30.07,68.03,37.95,70.88,72.47,76.66,29.53,40.0,94.34,29.12,32.8,34.06,44.94,102.45,13.42,76.24,69.86,56.89,15.62,33.53,24.33,32.25,18.44,18.97,38.47,56.14,79.7,10.2,46.17,0.0,57.27,60.17,31.3,77.67,46.17,60.83,71.22,71.69,66.48,71.11,44.05,24.52,85.15,71.45,4.24,38.63,45.01,37.2,41.77,46.69,33.84
30,56.92,17.09,72.11,66.57,34.0,19.7,30.07,43.27,44.94,65.97,38.63,26.08,40.25,57.27,66.48,20.88,91.21,22.0,68.03,50.16,69.97,39.6,51.11,58.31,56.36,74.4,23.32,58.31,52.8,57.27,0.0,4.47,44.94,34.41,28.64,81.61,45.61,53.85,59.36,17.0,66.24,70.83,38.08,25.0,60.88,20.1,64.14,27.86,29.68,32.56,28.86
31,57.72,12.65,72.8,64.4,30.07,16.49,32.06,47.71,40.5,67.08,39.29,30.0,44.72,52.8,69.86,20.59,90.44,26.08,70.26,50.6,73.78,43.86,54.92,62.13,56.46,73.78,19.7,61.74,52.15,60.17,4.47,0.0,45.61,36.72,33.11,80.99,42.38,50.99,57.2,17.69,66.21,74.63,33.62,27.29,63.89,22.09,63.95,28.64,29.55,31.62,30.15
32,12.17,48.0,27.2,40.45,45.69,60.53,18.44,55.03,69.57,22.0,6.32,36.06,57.27,75.18,44.72,65.79,50.0,56.64,31.62,5.66,55.03,46.17,42.05,46.69,12.81,33.29,62.13,39.85,16.0,31.3,44.94,45.61,0.0,76.03,51.61,40.0,41.04,40.5,35.44,61.85,22.63,55.36,60.08,67.42,35.36,26.08,21.4,17.09,17.0,18.97,16.64
33,87.13,46.17,102.22,100.96,65.15,36.06,58.31,44.72,66.12,94.83,70.0,44.27,38.83,80.1,82.1,22.0,124.58,20.88,91.76,81.61,80.4,48.0,64.03,70.03,88.41,107.63,40.0,74.24,86.28,77.67,34.41,36.72,76.03,0.0,32.06,114.77,78.79,87.66,93.74,20.62,98.41,81.39,63.2,9.43,80.06,50.0,96.67,59.67,62.94,66.6,59.41
34,60.83,45.69,75.07,85.44,61.19,45.34,33.29,15.62,73.43,66.84,46.65,15.62,11.66,85.91,50.04,37.74,101.61,12.65,60.93,57.2,49.03,16.12,32.0,38.21,64.4,84.88,49.68,42.19,65.3,46.17,28.64,33.11,51.61,32.06,0.0,91.61,70.0,76.42,78.59,32.45,74.03,50.01,66.71,27.66,48.27,29.12,73.01,38.63,43.97,49.48,36.67
35,32.31,78.79,24.08,31.05,67.47,93.04,58.41,93.91,90.55,32.06,45.34,76.03,96.75,90.09,72.11,101.55,10.0,96.21,50.04,34.41,84.21,84.97,77.2,79.62,27.2,7.21,93.23,71.02,28.84,60.83,81.61,80.99,40.0,114.77,91.61,0.0,54.15,46.04,34.06,98.47,17.89,84.15,82.04,105.76,63.39,65.05,18.6,55.17,52.01,49.4,55.9
36,49.4,33.29,59.46,26.83,15.62,46.86,45.69,80.89,36.5,59.06,38.42,58.86,80.22,36.88,84.4,59.36,61.19,67.08,72.47,41.62,93.3,73.76,76.97,83.19,42.05,48.0,45.25,78.23,32.31,71.22,45.61,42.38,41.04,78.79,70.0,54.15,0.0,10.0,20.88,58.59,47.54,93.81,28.46,69.46,75.43,42.76,44.38,36.77,30.87,25.06,40.31
37,46.69,42.8,54.59,17.09,25.61,56.64,49.03,86.09,45.61,55.61,39.4,64.03,86.02,44.05,85.09,68.82,52.35,74.73,70.77,39.7,94.85,78.41,79.7,85.44,38.42,40.45,55.17,79.62,28.43,71.69,53.85,50.99,40.5,87.66,76.42,46.04,10.0,0.0,12.0,67.74,42.05,95.27,38.08,78.26,75.8,48.0,38.91,40.45,34.37,28.28,43.74
38,38.83,50.99,44.41,7.21,35.78,65.3,48.04,86.37,57.27,46.69,36.22,64.78,87.13,56.04,79.85,76.42,40.45,78.79,63.25,33.11,90.44,78.1,76.94,82.0,30.0,28.64,64.4,75.29,20.59,66.48,59.36,57.2,35.44,93.74,78.59,34.06,20.88,12.0,0.0,74.65,31.62,90.76,49.34,84.31,70.38,49.48,28.6,40.45,34.71,29.12,43.19
39,73.74,25.63,88.96,81.84,44.6,16.28,46.1,48.01,46.87,82.57,55.54,37.48,43.28,60.67,78.64,5.39,108.0,20.52,83.22,67.12,80.06,47.42,61.68,68.62,73.36,91.26,20.62,70.41,69.63,71.11,17.0,17.69,61.85,20.62,32.45,98.47,58.59,67.74,74.65,0.0,83.24,80.99,43.0,12.0,74.33,36.4,81.12,44.78,46.65,49.2,45.54
40,14.56,65.97,12.81,32.56,58.03,79.7,41.04,76.03,82.22,17.09,28.43,58.41,78.89,84.4,56.14,86.76,27.78,79.25,35.44,16.97,68.03,67.08,59.67,62.51,10.0,12.17,80.52,54.15,16.0,44.05,66.24,66.21,22.63,98.41,74.03,17.89,47.54,42.05,31.62,83.24,0.0,68.07,73.06,89.63,47.01,48.41,3.16,38.83,36.67,35.44,39.05
41,54.45,84.81,60.41,95.34,92.85,90.43,49.04,37.0,112.7,52.09,55.9,44.78,43.0,122.35,12.04,86.38,92.66,62.59,34.71,57.97,1.0,33.96,19.72,12.53,62.97,80.01,94.15,15.65,70.6,24.52,70.83,74.63,55.36,81.39,50.01,84.15,93.81,95.27,90.76,80.99,68.07,0.0,104.0,77.67,21.1,55.9,69.26,57.8,63.25,68.8,54.2
42,71.06,21.02,83.73,55.15,15.03,27.17,55.8,81.01,9.49,81.25,55.15,61.4,78.29,19.24,97.01,41.3,89.5,58.94,90.87,62.82,103.28,76.28,84.86,91.92,65.62,75.54,23.54,89.5,57.08,85.15,38.08,33.62,60.08,63.2,66.71,82.04,28.46,38.08,49.34,43.0,73.06,104.0,0.0,55.0,89.31,48.1,70.03,48.02,44.28,41.11,51.31
43,78.77,37.11,93.94,91.53,56.04,28.16,50.09,42.15,58.69,86.82,61.29,37.48,36.67,72.56,77.1,14.87,115.52,15.13,84.93,72.95,76.69,43.74,59.3,65.76,79.63,98.6,32.39,69.03,77.16,71.45,25.0,27.29,67.42,9.43,27.66,105.76,69.46,78.26,84.31,12.0,89.63,77.67,55.0,0.0,74.17,41.34,87.8,50.8,53.81,57.31,50.77
44,33.38,72.01,40.02,74.63,76.69,80.36,33.62,40.82,98.48,31.4,37.01,37.01,46.07,106.67,9.49,79.51,72.18,59.41,15.81,37.34,21.02,33.62,18.6,17.49,41.98,59.01,83.49,8.6,49.98,4.24,60.88,63.89,35.36,80.06,48.27,63.39,75.43,75.8,70.38,74.33,47.01,21.1,89.31,74.17,0.0,42.54,48.17,41.4,46.01,50.93,38.01
45,37.58,29.53,52.8,56.32,37.74,38.47,10.0,38.21,56.85,46.17,20.0,16.12,38.05,66.6,49.4,40.79,74.97,31.24,48.17,31.62,55.17,31.05,36.88,43.86,38.42,58.0,41.23,41.62,37.2,38.63,20.1,22.09,26.08,50.0,29.12,65.05,42.76,48.0,49.48,36.4,48.41,55.9,48.1,41.34,42.54,0.0,46.75,10.0,14.87,20.4,9.43
46,15.03,63.32,15.81,29.83,55.01,77.16,39.82,75.64,79.16,19.24,26.87,57.43,78.29,81.25,57.43,84.53,28.6,77.78,37.34,15.81,69.18,66.71,60.02,63.2,8.6,12.08,77.88,55.01,13.04,45.01,64.14,63.95,21.4,96.67,73.01,18.6,44.38,38.91,28.6,81.12,3.16,69.26,70.03,87.8,48.17,46.75,0.0,37.01,34.48,32.89,37.48
47,29.12,32.56,44.27,47.07,35.38,44.05,8.94,46.04,57.31,38.47,10.77,24.33,46.69,65.3,49.52,48.7,65.05,41.23,43.68,22.36,57.2,38.05,40.25,46.65,28.84,48.08,46.04,42.52,27.2,37.2,27.86,28.64,17.09,59.67,38.63,55.17,36.77,40.45,40.45,44.78,38.83,57.8,48.02,50.8,41.4,10.0,37.01,0.0,6.08,12.17,3.61
48,29.07,31.0,43.74,41.48,30.81,43.74,14.87,52.01,53.71,39.0,11.18,30.15,52.47,60.8,54.49,50.09,61.72,45.49,46.62,21.38,62.68,44.1,46.1,52.35,26.93,44.82,45.18,47.8,23.35,41.77,29.68,29.55,17.0,62.94,43.97,52.01,30.87,34.37,34.71,46.65,36.67,63.25,44.28,53.81,46.01,14.87,34.48,6.08,0.0,6.08,9.49
49,30.27,30.59,44.05,36.06,26.83,44.27,20.88,58.0,50.6,40.45,14.42,36.06,58.31,56.6,59.67,52.15,58.82,50.12,50.12,22.09,68.26,50.16,52.0,58.14,26.31,42.19,45.12,53.25,20.59,46.69,32.56,31.62,18.97,66.6,49.48,49.4,25.06,28.28,29.12,49.2,35.44,68.8,41.11,57.31,50.93,20.4,32.89,12.17,6.08,0.0,15.52
50,28.23,35.17,43.46,49.65,38.9,46.01,5.39,43.19,60.54,37.11,10.63,21.84,44.15,68.77,46.01,49.73,65.86,40.31,41.0,22.2,53.6,35.0,36.67,43.05,29.07,48.92,48.26,38.95,28.65,33.84,28.86,30.15,16.64,59.41,36.67,55.9,40.31,43.74,43.19,45.54,39.05,54.2,51.31,50.77,38.01,9.43,37.48,3.61,9.49,15.52,0.0
