vehicles
vehicle_idx, capacity, cost_per_unit_distance
1,100,1
2,100,1
3,100,1
4,100,1
5,100,1
depot
node_idx,x,y
0,73,39
home delivery customers
node_idx,x,y,service_time,demand
1,67,91,10,23
2,91,65,10,15
3,57,85,10,25
4,51,97,10,7
5,43,59,10,14
6,35,11,10,24
7,31,43,10,16
8,27,9,10,13
9,89,33,10,20
10,71,91,10,3
11,65,77,10,12
self pickup customers
node_idx,x,y,service_time,demand,locker_idxs
12,39,21,10,3,35
13,97,15,10,15,36-39
14,55,71,10,7,34
15,47,57,10,5,43
16,27,91,10,15,37
17,71,27,10,13,39
18,87,81,10,20,38-34
19,23,81,10,23,37
20,87,79,10,19,38-34
21,19,83,10,4,37
22,55,7,10,1,39
flexible customers
node_idx,x,y,service_time,demand,locker_idxs
23,3,9,10,24,42
24,55,75,10,24,41-40-34
25,21,15,10,13,35
26,11,11,10,5,42
27,63,69,10,13,40-41-34
28,55,77,10,5,41-40-34
29,49,25,10,9,43-39
30,29,93,10,16,37
31,67,99,10,24,34-38
32,19,77,10,15,37
33,1,59,10,15,37
lockers
node_idx,x,y,service_time,capacity,cost_per_unit_good
34,65,88,10,89
35,25,15,10,96
36,93,12,10,91
37,22,88,10,88
38,77,88,10,89
39,72,14,10,81
40,51,54,10,100
41,51,56,10,88
42,20,20,10,99
43,41,42,10,71
44,35,55,10,97
mrt lines
start_node_idx,end_node_idx,freight_capacity,cost_per_unit_good
34,35,96,2
35,34,96,2
36,37,91,2
37,36,91,2
distance matrix
,0,1,2,3,4,5,6,7,8,9,10,11,12,13,14,15,16,17,18,19,20,21,22,23,24,25,26,27,28,29,30,31,32,33,34,35,36,37,38,39,40,41,42,43,44,
0,0.0,52.35,31.62,48.7,62.03,36.06,47.2,42.19,54.92,17.09,52.04,38.83,38.47,33.94,36.72,31.62,69.43,12.17,44.27,65.3,42.38,69.66,36.72,76.16,40.25,57.27,68.03,31.62,42.05,27.78,69.66,60.3,66.03,74.73,49.65,53.67,33.6,70.72,49.16,25.02,26.63,27.8,56.3,32.14,41.23
1,52.35,0.0,35.38,11.66,17.09,40.0,86.16,60.0,91.24,62.03,4.0,14.14,75.39,81.71,23.32,39.45,40.0,64.12,22.36,45.12,23.32,48.66,84.85,104.02,20.0,88.84,97.65,22.36,18.44,68.41,38.05,8.0,50.0,73.35,3.61,86.83,83.17,45.1,10.44,77.16,40.31,38.48,85.15,55.47,48.17
2,31.62,35.38,0.0,39.45,51.22,48.37,77.79,63.91,85.04,32.06,32.8,28.64,68.12,50.36,36.5,44.72,69.08,42.94,16.49,69.86,14.56,74.22,68.26,104.31,37.36,86.02,96.52,28.28,37.95,58.0,68.03,41.62,72.99,90.2,34.71,82.8,53.04,72.73,26.93,54.42,41.48,41.0,84.06,55.04,56.89
3,48.7,11.66,39.45,0.0,13.42,29.53,77.2,49.4,81.71,61.06,15.23,11.31,66.48,80.62,14.14,29.73,30.59,59.67,30.27,34.23,30.59,38.05,78.03,93.23,10.2,78.71,87.13,17.09,8.25,60.53,29.12,17.2,38.83,61.74,8.54,76.97,81.39,35.13,20.22,72.57,31.58,29.61,74.79,45.88,37.2
4,62.03,17.09,51.22,13.42,0.0,38.83,87.48,57.58,91.21,74.43,20.88,24.41,76.94,94.02,26.31,40.2,24.74,72.8,39.4,32.25,40.25,34.93,90.09,100.24,22.36,87.32,94.85,30.46,20.4,72.03,22.36,16.12,37.74,62.8,16.64,86.02,94.81,30.36,27.51,85.62,43.0,41.0,83.01,55.9,44.94
5,36.06,40.0,48.37,29.53,38.83,0.0,48.66,20.0,52.5,52.84,42.52,28.43,38.21,69.66,16.97,4.47,35.78,42.52,49.19,29.73,48.33,33.94,53.37,64.03,20.0,49.19,57.69,22.36,21.63,34.53,36.77,46.65,30.0,42.0,36.4,47.54,68.62,35.81,44.69,53.54,9.43,8.54,45.28,17.12,8.94
6,47.2,86.16,77.79,77.2,87.48,48.66,0.0,32.25,8.25,58.31,87.73,72.5,10.77,62.13,63.25,47.54,80.4,39.4,87.2,71.02,85.6,73.76,20.4,32.06,67.05,14.56,24.0,64.4,68.96,19.8,82.22,93.64,67.91,58.82,82.64,10.77,58.01,78.09,87.71,37.12,45.88,47.76,17.49,31.58,44.0
7,42.19,60.0,63.91,49.4,57.58,20.0,32.25,0.0,34.23,58.86,62.48,48.08,23.41,71.69,36.88,21.26,48.17,43.08,67.68,38.83,66.57,41.76,43.27,44.05,40.0,29.73,37.74,41.23,41.62,25.46,50.04,66.57,36.06,34.0,56.4,28.64,69.32,45.89,64.35,50.22,22.83,23.85,25.5,10.05,12.65
8,54.92,91.24,85.04,81.71,91.21,52.5,8.25,34.23,0.0,66.48,93.06,77.9,16.97,70.26,68.03,52.0,82.0,47.54,93.72,72.11,92.2,74.43,28.07,24.0,71.69,8.49,16.12,69.97,73.54,27.2,84.02,98.49,68.47,56.36,87.66,6.32,66.07,79.16,93.49,45.28,51.0,52.77,13.04,35.85,46.69
9,17.09,62.03,32.06,61.06,74.43,52.84,58.31,58.86,66.48,0.0,60.73,50.12,51.42,19.7,50.99,48.37,84.9,18.97,48.04,81.61,46.04,86.02,42.8,89.29,54.04,70.34,81.04,44.41,55.61,40.79,84.85,69.57,82.68,91.76,60.01,66.48,21.38,86.68,56.29,25.5,43.42,44.42,70.21,48.84,58.31
10,52.04,4.0,32.8,15.23,20.88,42.52,87.73,62.48,93.06,60.73,0.0,15.23,76.97,80.32,25.61,41.62,44.0,64.0,18.87,49.03,20.0,52.61,85.51,106.53,22.63,90.97,100.0,23.41,21.26,69.57,42.05,8.94,53.85,76.97,6.71,88.84,82.01,49.09,6.71,77.01,42.06,40.31,87.42,57.45,50.91
11,38.83,14.14,28.64,11.31,24.41,28.43,72.5,48.08,77.9,50.12,15.23,0.0,61.74,69.77,11.66,26.91,40.5,50.36,22.36,42.19,22.09,46.39,70.71,92.02,10.2,76.03,85.28,8.25,10.0,54.41,39.4,22.09,46.0,66.48,11.0,73.78,70.77,44.38,16.28,63.39,26.93,25.24,72.62,42.44,37.2
12,38.47,75.39,68.12,66.48,76.94,38.21,10.77,23.41,16.97,51.42,76.97,61.74,0.0,58.31,52.5,36.88,71.02,32.56,76.84,62.1,75.29,65.15,21.26,37.95,56.32,18.97,29.73,53.67,58.24,10.77,72.69,82.87,59.46,53.74,71.87,15.23,54.74,69.12,77.03,33.73,35.11,37.0,19.03,21.1,34.23
13,33.94,81.71,50.36,80.62,94.02,69.66,62.13,71.69,70.26,19.7,80.32,69.77,58.31,0.0,70.0,65.3,103.32,28.64,66.75,99.16,64.78,103.48,42.76,94.19,73.24,76.0,86.09,63.81,74.89,49.03,103.48,89.2,99.64,105.6,79.71,72.0,5.0,104.66,75.69,25.02,60.31,61.62,77.16,62.17,73.78
14,36.72,23.32,36.5,14.14,26.31,16.97,63.25,36.88,68.03,50.99,25.61,11.66,52.5,70.0,0.0,16.12,34.41,46.82,33.53,33.53,32.98,37.95,64.0,80.92,4.0,65.51,74.4,8.25,6.0,46.39,34.06,30.46,36.5,55.32,19.72,63.53,70.18,37.12,27.8,59.48,17.46,15.52,61.85,32.2,25.61
15,31.62,39.45,44.72,29.73,40.2,4.47,47.54,21.26,52.0,48.37,41.62,26.91,36.88,65.3,16.12,0.0,39.45,38.42,46.65,33.94,45.65,38.21,50.64,65.12,19.7,49.4,58.41,20.0,21.54,32.06,40.25,46.52,34.41,46.04,35.85,47.41,64.35,39.82,43.14,49.74,5.0,4.12,45.8,16.16,12.17
16,69.43,40.0,69.08,30.59,24.74,35.78,80.4,48.17,82.0,84.9,44.0,40.5,71.02,103.32,34.41,39.45,0.0,77.67,60.83,10.77,61.19,11.31,88.54,85.44,32.25,76.24,81.58,42.19,31.3,69.57,2.83,40.79,16.12,41.23,38.12,76.03,102.94,5.83,50.09,89.19,44.1,42.44,71.34,50.96,36.88
17,12.17,64.12,42.94,59.67,72.8,42.52,39.4,43.08,47.54,18.97,64.0,50.36,32.56,28.64,46.82,38.42,77.67,0.0,56.32,72.25,54.41,76.42,25.61,70.34,50.6,51.42,62.1,42.76,52.5,22.09,78.23,72.11,72.14,76.97,61.29,47.54,26.63,78.24,61.29,13.04,33.6,35.23,51.48,33.54,45.61
18,44.27,22.36,16.49,30.27,39.4,49.19,87.2,67.68,93.72,48.04,18.87,22.36,76.84,66.75,33.53,46.65,60.83,56.32,0.0,64.0,2.0,68.03,80.62,110.63,32.56,93.34,103.32,26.83,32.25,67.68,59.23,26.91,68.12,88.77,23.09,90.55,69.26,65.38,12.21,68.66,45.0,43.83,90.61,60.31,58.14
19,65.3,45.12,69.86,34.23,32.25,29.73,71.02,38.83,72.11,81.61,49.03,42.19,62.1,99.16,33.53,33.94,10.77,72.25,64.0,0.0,64.03,4.47,80.62,74.73,32.56,66.03,71.02,41.76,32.25,61.74,13.42,47.54,5.66,31.11,42.58,66.03,98.29,7.07,54.45,83.01,38.9,37.54,61.07,42.95,28.64
20,42.38,23.32,14.56,30.59,40.25,48.33,85.6,66.57,92.2,46.04,20.0,22.09,75.29,64.78,32.98,45.65,61.19,54.41,2.0,64.03,0.0,68.12,78.79,109.34,32.25,91.93,101.98,26.0,32.06,66.03,59.67,28.28,68.03,88.29,23.77,89.11,67.27,65.62,13.45,66.71,43.83,42.72,89.27,59.03,57.27
21,69.66,48.66,74.22,38.05,34.93,33.94,73.76,41.76,74.43,86.02,52.61,46.39,65.15,103.48,37.95,38.21,11.31,76.42,68.03,4.47,68.12,0.0,84.1,75.71,36.88,68.03,72.44,46.17,36.5,65.3,14.14,50.6,6.0,30.0,46.27,68.26,102.55,5.83,58.22,87.01,43.19,41.87,63.01,46.53,32.25
22,36.72,84.85,68.26,78.03,90.09,53.37,20.4,43.27,28.07,42.8,85.51,70.71,21.26,42.76,64.0,50.64,88.54,25.61,80.62,80.62,78.79,84.1,0.0,52.04,68.0,34.93,44.18,62.51,70.0,18.97,89.84,92.78,78.71,74.97,81.61,31.05,38.33,87.46,83.93,18.38,47.17,49.16,37.34,37.7,52.0
23,76.16,104.02,104.31,93.23,100.24,64.03,32.06,44.05,24.0,89.29,106.53,92.02,37.95,94.19,80.92,65.12,85.44,70.34,110.63,74.73,109.34,75.71,52.04,0.0,84.02,18.97,8.25,84.85,85.6,48.7,87.93,110.44,69.86,50.04,100.42,22.8,90.05,81.25,108.25,69.18,65.8,67.18,20.25,50.33,56.04
24,40.25,20.0,37.36,10.2,22.36,20.0,67.05,40.0,71.69,54.04,22.63,10.2,56.32,73.24,4.0,19.7,32.25,50.6,32.56,32.56,32.25,36.88,68.0,84.02,0.0,68.96,77.67,10.0,2.0,50.36,31.62,26.83,36.06,56.32,16.4,67.08,73.57,35.47,25.55,63.32,21.38,19.42,65.19,35.85,28.28
25,57.27,88.84,86.02,78.71,87.32,49.19,14.56,29.73,8.49,70.34,90.97,76.03,18.97,76.0,65.51,49.4,76.24,51.42,93.34,66.03,91.93,68.03,34.93,18.97,68.96,0.0,10.77,68.41,70.71,29.73,78.41,95.77,62.03,48.33,85.23,4.0,72.06,73.01,92.01,51.01,49.2,50.8,5.1,33.6,42.38
26,68.03,97.65,96.52,87.13,94.85,57.69,24.0,37.74,16.12,81.04,100.0,85.28,29.73,86.09,74.4,58.41,81.58,62.1,103.32,71.02,101.98,72.44,44.18,8.25,77.67,10.77,0.0,77.9,79.32,40.5,83.95,104.31,66.48,49.03,94.05,14.56,82.01,77.78,101.41,61.07,58.73,60.21,12.73,43.14,50.12
27,31.62,22.36,28.28,17.09,30.46,22.36,64.4,41.23,69.97,44.41,23.41,8.25,53.67,63.81,8.25,20.0,42.19,42.76,26.83,41.76,26.0,46.17,62.51,84.85,10.0,68.41,77.9,0.0,11.31,46.17,41.62,30.27,44.72,62.8,19.1,66.03,64.41,45.19,23.6,55.73,19.21,17.69,65.19,34.83,31.3
28,42.05,18.44,37.95,8.25,20.4,21.63,68.96,41.62,73.54,55.61,21.26,10.0,58.24,74.89,6.0,21.54,31.3,52.5,32.25,32.25,32.06,36.5,70.0,85.6,2.0,70.71,79.32,11.31,0.0,52.35,30.53,25.06,36.0,56.92,14.87,68.88,75.29,34.79,24.6,65.25,23.35,21.38,66.89,37.7,29.73
29,27.78,68.41,58.0,60.53,72.03,34.53,19.8,25.46,27.2,40.79,69.57,54.41,10.77,49.03,46.39,32.06,69.57,22.09,67.68,61.74,66.03,65.3,18.97,48.7,50.36,29.73,40.5,46.17,52.35,0.0,70.88,76.16,60.03,58.82,65.0,26.0,45.88,68.54,68.94,25.5,29.07,31.06,29.43,18.79,33.11
30,69.66,38.05,68.03,29.12,22.36,36.77,82.22,50.04,84.02,84.85,42.05,39.4,72.69,103.48,34.06,40.25,2.83,78.23,59.23,13.42,59.67,14.14,89.84,87.93,31.62,78.41,83.95,41.62,30.53,70.88,0.0,38.47,18.87,44.05,36.35,78.1,103.23,8.6,48.26,89.94,44.78,43.05,73.55,52.39,38.47
31,60.3,8.0,41.62,17.2,16.12,46.65,93.64,66.57,98.49,69.57,8.94,22.09,82.87,89.2,30.46,46.52,40.79,72.11,26.91,47.54,28.28,50.6,92.78,110.44,26.83,95.77,104.31,30.27,25.06,76.16,38.47,0.0,52.8,77.18,11.18,93.91,90.8,46.32,14.87,85.15,47.76,45.88,91.92,62.65,54.41
32,66.03,50.0,72.99,38.83,37.74,30.0,67.91,36.06,68.47,82.68,53.85,46.0,59.46,99.64,36.5,34.41,16.12,72.14,68.12,5.66,68.03,6.0,78.71,69.86,36.06,62.03,66.48,44.72,36.0,60.03,18.87,52.8,0.0,25.46,47.3,62.29,98.49,11.4,59.03,82.33,39.41,38.28,57.01,41.34,27.2
33,74.73,73.35,90.2,61.74,62.8,42.0,58.82,34.0,56.36,91.76,76.97,66.48,53.74,105.6,55.32,46.04,41.23,76.97,88.77,31.11,88.29,30.0,74.97,50.04,56.32,48.33,49.03,62.8,56.92,58.82,44.05,77.18,25.46,0.0,70.26,50.12,103.31,35.81,81.34,84.06,50.25,50.09,43.38,43.46,34.23
34,49.65,3.61,34.71,8.54,16.64,36.4,82.64,56.4,87.66,60.01,6.71,11.0,71.87,79.71,19.72,35.85,38.12,61.29,23.09,42.58,23.77,46.27,81.61,100.42,16.4,85.23,94.05,19.1,14.87,65.0,36.35,11.18,47.3,70.26,0.0,83.24,80.99,43.0,12.0,74.33,36.77,34.93,81.54,51.88,44.6
35,53.67,86.83,82.8,76.97,86.02,47.54,10.77,28.64,6.32,66.48,88.84,73.78,15.23,72.0,63.53,47.41,76.03,47.54,90.55,66.03,89.11,68.26,31.05,22.8,67.08,4.0,14.56,66.03,68.88,26.0,78.1,93.91,62.29,50.12,83.24,0.0,68.07,73.06,89.63,47.01,46.87,48.55,7.07,31.38,41.23
36,33.6,83.17,53.04,81.39,94.81,68.62,58.01,69.32,66.07,21.38,82.01,70.77,54.74,5.0,70.18,64.35,102.94,26.63,69.26,98.29,67.27,102.55,38.33,90.05,73.57,72.06,82.01,64.41,75.29,45.88,103.23,90.8,98.49,103.31,80.99,68.07,0.0,104.0,77.67,21.1,59.4,60.83,73.44,60.03,72.2
37,70.72,45.1,72.73,35.13,30.36,35.81,78.09,45.89,79.16,86.68,49.09,44.38,69.12,104.66,37.12,39.82,5.83,78.24,65.38,7.07,65.62,5.83,87.46,81.25,35.47,73.01,77.78,45.19,34.79,68.54,8.6,46.32,11.4,35.81,43.0,73.06,104.0,0.0,55.0,89.31,44.69,43.19,68.03,49.77,35.47
38,49.16,10.44,26.93,20.22,27.51,44.69,87.71,64.35,93.49,56.29,6.71,16.28,77.03,75.69,27.8,43.14,50.09,61.29,12.21,54.45,13.45,58.22,83.93,108.25,25.55,92.01,101.41,23.6,24.6,68.94,48.26,14.87,59.03,81.34,12.0,89.63,77.67,55.0,0.0,74.17,42.8,41.23,88.73,58.41,53.41
39,25.02,77.16,54.42,72.57,85.62,53.54,37.12,50.22,45.28,25.5,77.01,63.39,33.73,25.02,59.48,49.74,89.19,13.04,68.66,83.01,66.71,87.01,18.38,69.18,63.32,51.01,61.07,55.73,65.25,25.5,89.94,85.15,82.33,84.06,74.33,47.01,21.1,89.31,74.17,0.0,45.18,46.96,52.35,41.77,55.23
40,26.63,40.31,41.48,31.58,43.0,9.43,45.88,22.83,51.0,43.42,42.06,26.93,35.11,60.31,17.46,5.0,44.1,33.6,45.0,38.9,43.83,43.19,47.17,65.8,21.38,49.2,58.73,19.21,23.35,29.07,44.78,47.76,39.41,50.25,36.77,46.87,59.4,44.69,42.8,45.18,0.0,2.0,46.01,15.62,16.03
41,27.8,38.48,41.0,29.61,41.0,8.54,47.76,23.85,52.77,44.42,40.31,25.24,37.0,61.62,15.52,4.12,42.44,35.23,43.83,37.54,42.72,41.87,49.16,67.18,19.42,50.8,60.21,17.69,21.38,31.06,43.05,45.88,38.28,50.09,34.93,48.55,60.83,43.19,41.23,46.96,2.0,0.0,47.51,17.2,16.03
42,56.3,85.15,84.06,74.79,83.01,45.28,17.49,25.5,13.04,70.21,87.42,72.62,19.03,77.16,61.85,45.8,71.34,51.48,90.61,61.07,89.27,63.01,37.34,20.25,65.19,5.1,12.73,65.19,66.89,29.43,73.55,91.92,57.01,43.38,81.54,7.07,73.44,68.03,88.73,52.35,46.01,47.51,0.0,30.41,38.08
43,32.14,55.47,55.04,45.88,55.9,17.12,31.58,10.05,35.85,48.84,57.45,42.44,21.1,62.17,32.2,16.16,50.96,33.54,60.31,42.95,59.03,46.53,37.7,50.33,35.85,33.6,43.14,34.83,37.7,18.79,52.39,62.65,41.34,43.46,51.88,31.38,60.03,49.77,58.41,41.77,15.62,17.2,30.41,0.0,14.32
44,41.23,48.17,56.89,37.2,44.94,8.94,44.0,12.65,46.69,58.31,50.91,37.2,34.23,73.78,25.61,12.17,36.88,45.61,58.14,28.64,57.27,32.25,52.0,56.04,28.28,42.38,50.12,31.3,29.73,33.11,38.47,54.41,27.2,34.23,44.6,41.23,72.2,35.47,53.41,55.23,16.03,16.03,38.08,14.32,0.0
