set K:= 1	2	3	4	5;
set C_H:= 1	2	3	4	5	6	7	8	9	10	11	12	13	14;
set C_S:= 15	16	17	18	19	20	21	22	23	24	25	26;
set C_F:= 27	28	29	30	31	32	33	34	35	36	37	38;
set M:= 0	1;
set M_B:= 2	3;
set L_B:= 41	42	43	44	45	46	47;
set A1:=
(0,*) 1 2 3 4 5 6 7 8 9 10 11 12 13 14 27 28 29 30 31 32 33 34 35 36 37 38 1 2 3 41 42 43 44 45 46 47
(1,*) 0 2 3 4 5 6 7 8 9 10 11 12 13 14 27 28 29 30 31 32 33 34 35 36 37 38 0 2 3 41 42 43 44 45 46 47
(2,*) 0 1 3 4 5 6 7 8 9 10 11 12 13 14 27 28 29 30 31 32 33 34 35 36 37 38 0 1 3 41 42 43 44 45 46 47
(3,*) 0 1 2 4 5 6 7 8 9 10 11 12 13 14 27 28 29 30 31 32 33 34 35 36 37 38 0 1 2 41 42 43 44 45 46 47
(4,*) 0 1 2 3 5 6 7 8 9 10 11 12 13 14 27 28 29 30 31 32 33 34 35 36 37 38 0 1 2 3 41 42 43 44 45 46 47
(5,*) 0 1 2 3 4 6 7 8 9 10 11 12 13 14 27 28 29 30 31 32 33 34 35 36 37 38 0 1 2 3 41 42 43 44 45 46 47
(6,*) 0 1 2 3 4 5 7 8 9 10 11 12 13 14 27 28 29 30 31 32 33 34 35 36 37 38 0 1 2 3 41 42 43 44 45 46 47
(7,*) 0 1 2 3 4 5 6 8 9 10 11 12 13 14 27 28 29 30 31 32 33 34 35 36 37 38 0 1 2 3 41 42 43 44 45 46 47
(8,*) 0 1 2 3 4 5 6 7 9 10 11 12 13 14 27 28 29 30 31 32 33 34 35 36 37 38 0 1 2 3 41 42 43 44 45 46 47
(9,*) 0 1 2 3 4 5 6 7 8 10 11 12 13 14 27 28 29 30 31 32 33 34 35 36 37 38 0 1 2 3 41 42 43 44 45 46 47
(10,*) 0 1 2 3 4 5 6 7 8 9 11 12 13 14 27 28 29 30 31 32 33 34 35 36 37 38 0 1 2 3 41 42 43 44 45 46 47
(11,*) 0 1 2 3 4 5 6 7 8 9 10 12 13 14 27 28 29 30 31 32 33 34 35 36 37 38 0 1 2 3 41 42 43 44 45 46 47
(12,*) 0 1 2 3 4 5 6 7 8 9 10 11 13 14 27 28 29 30 31 32 33 34 35 36 37 38 0 1 2 3 41 42 43 44 45 46 47
(13,*) 0 1 2 3 4 5 6 7 8 9 10 11 12 14 27 28 29 30 31 32 33 34 35 36 37 38 0 1 2 3 41 42 43 44 45 46 47
(14,*) 0 1 2 3 4 5 6 7 8 9 10 11 12 13 27 28 29 30 31 32 33 34 35 36 37 38 0 1 2 3 41 42 43 44 45 46 47
(27,*) 0 1 2 3 4 5 6 7 8 9 10 11 12 13 14 28 29 30 31 32 33 34 35 36 37 38 0 1 2 3 41 42 43 44 45 46 47
(28,*) 0 1 2 3 4 5 6 7 8 9 10 11 12 13 14 27 29 30 31 32 33 34 35 36 37 38 0 1 2 3 41 42 43 44 45 46 47
(29,*) 0 1 2 3 4 5 6 7 8 9 10 11 12 13 14 27 28 30 31 32 33 34 35 36 37 38 0 1 2 3 41 42 43 44 45 46 47
(30,*) 0 1 2 3 4 5 6 7 8 9 10 11 12 13 14 27 28 29 31 32 33 34 35 36 37 38 0 1 2 3 41 42 43 44 45 46 47
(31,*) 0 1 2 3 4 5 6 7 8 9 10 11 12 13 14 27 28 29 30 32 33 34 35 36 37 38 0 1 2 3 41 42 43 44 45 46 47
(32,*) 0 1 2 3 4 5 6 7 8 9 10 11 12 13 14 27 28 29 30 31 33 34 35 36 37 38 0 1 2 3 41 42 43 44 45 46 47
(33,*) 0 1 2 3 4 5 6 7 8 9 10 11 12 13 14 27 28 29 30 31 32 34 35 36 37 38 0 1 2 3 41 42 43 44 45 46 47
(34,*) 0 1 2 3 4 5 6 7 8 9 10 11 12 13 14 27 28 29 30 31 32 33 35 36 37 38 0 1 2 3 41 42 43 44 45 46 47
(35,*) 0 1 2 3 4 5 6 7 8 9 10 11 12 13 14 27 28 29 30 31 32 33 34 36 37 38 0 1 2 3 41 42 43 44 45 46 47
(36,*) 0 1 2 3 4 5 6 7 8 9 10 11 12 13 14 27 28 29 30 31 32 33 34 35 37 38 0 1 2 3 41 42 43 44 45 46 47
(37,*) 0 1 2 3 4 5 6 7 8 9 10 11 12 13 14 27 28 29 30 31 32 33 34 35 36 38 0 1 2 3 41 42 43 44 45 46 47
(38,*) 0 1 2 3 4 5 6 7 8 9 10 11 12 13 14 27 28 29 30 31 32 33 34 35 36 37 0 1 2 3 41 42 43 44 45 46 47
(0,*) 1 2 3 4 5 6 7 8 9 10 11 12 13 14 27 28 29 30 31 32 33 34 35 36 37 38 1 2 3 41 42 43 44 45 46 47
(1,*) 0 2 3 4 5 6 7 8 9 10 11 12 13 14 27 28 29 30 31 32 33 34 35 36 37 38 0 2 3 41 42 43 44 45 46 47
(2,*) 0 1 3 4 5 6 7 8 9 10 11 12 13 14 27 28 29 30 31 32 33 34 35 36 37 38 0 1 3 41 42 43 44 45 46 47
(3,*) 0 1 2 4 5 6 7 8 9 10 11 12 13 14 27 28 29 30 31 32 33 34 35 36 37 38 0 1 2 41 42 43 44 45 46 47
(41,*) 0 1 2 3 4 5 6 7 8 9 10 11 12 13 14 27 28 29 30 31 32 33 34 35 36 37 38 0 1 2 3 42 43 44 45 46 47
(42,*) 0 1 2 3 4 5 6 7 8 9 10 11 12 13 14 27 28 29 30 31 32 33 34 35 36 37 38 0 1 2 3 41 43 44 45 46 47
(43,*) 0 1 2 3 4 5 6 7 8 9 10 11 12 13 14 27 28 29 30 31 32 33 34 35 36 37 38 0 1 2 3 41 42 44 45 46 47
(44,*) 0 1 2 3 4 5 6 7 8 9 10 11 12 13 14 27 28 29 30 31 32 33 34 35 36 37 38 0 1 2 3 41 42 43 45 46 47
(45,*) 0 1 2 3 4 5 6 7 8 9 10 11 12 13 14 27 28 29 30 31 32 33 34 35 36 37 38 0 1 2 3 41 42 43 44 46 47
(46,*) 0 1 2 3 4 5 6 7 8 9 10 11 12 13 14 27 28 29 30 31 32 33 34 35 36 37 38 0 1 2 3 41 42 43 44 45 47
(47,*) 0 1 2 3 4 5 6 7 8 9 10 11 12 13 14 27 28 29 30 31 32 33 34 35 36 37 38 0 1 2 3 41 42 43 44 45 46
;
set A2:=
(0,*) 1
;
param BigM:=99999;
param n:= 5;
param d:=
1	5
2	3
3	23
4	16
5	9
6	21
7	3
8	3
9	20
10	16
11	10
12	20
13	1
14	7
15	24
16	20
17	26
18	24
19	13
20	3
21	22
22	24
23	6
24	6
25	24
26	19
27	15
28	3
29	20
30	14
31	6
32	6
33	5
34	12
35	2
36	13
37	4
38	7
;
param Q:=100;
param w:=
[0,*] 1 0.1
;
param V:=
[0,*] 1 97
;
param e:
	39	40	41	42	43	44	45	46	47:=
15		0		0		0		0		0		0		1		0		0	
16		0		1		0		1		0		0		0		0		0	
17		0		1		0		1		0		0		0		0		0	
18		0		1		0		1		0		0		0		0		0	
19		0		1		0		1		0		0		0		0		0	
20		0		1		0		1		0		0		0		0		0	
21		0		0		0		0		0		0		1		0		0	
22		1		0		1		0		0		0		0		0		0	
23		0		0		0		0		0		0		1		0		0	
24		1		0		1		0		0		0		0		0		0	
25		1		0		1		0		0		0		0		0		0	
26		0		0		0		0		0		1		0		0		0	
27		0		1		0		1		0		0		0		0		0	
28		0		0		0		0		1		1		1		1		1	
29		0		1		0		1		1		0		0		0		1	
30		0		0		0		0		1		0		1		0		1	
31		0		0		0		0		0		0		1		0		0	
32		0		0		0		0		1		1		1		1		1	
33		0		1		0		1		0		0		0		0		0	
34		0		0		0		0		0		1		1		1		1	
35		0		1		0		1		0		0		0		0		0	
36		0		1		0		1		0		0		0		0		0	
37		1		0		1		0		0		0		0		0		0	
38		0		1		0		1		1		0		1		0		1	
;
param p:=
1	3
2	3
3	3
4	3
5	3
;
param G:=
39	97
40	85
41	97
42	85
43	92
44	76
45	77
46	99
47	93
;
param s:=
0	0
1	10
2	10
3	10
4	10
5	10
6	10
7	10
8	10
9	10
10	10
11	10
12	10
13	10
14	10
27	10
28	10
29	10
30	10
31	10
32	10
33	10
34	10
35	10
36	10
37	10
38	10
39	10
40	10
41	10
42	10
43	10
44	10
45	10
46	10
47	10
;
param t:
	0	1	2	3	4	5	6	7	8	9	10	11	12	13	14	15	16	17	18	19	20	21	22	23	24	25	26	27	28	29	30	31	32	33	34	35	36	37	38	39	40	41	42	43	44	45	46	47:=
0	0.0	37.58	88.54	47.41	61.19	27.2	19.7	48.37	14.42	86.35	41.23	34.53	73.76	36.5	18.87	70.0	4.0	62.03	2.0	16.12	43.27	68.96	63.15	50.99	76.16	85.16	61.06	77.25	22.8	18.0	45.12	69.57	40.5	14.42	52.8	32.25	65.51	95.85	36.5	77.1	25.61	77.1	25.61	39.32	43.86	44.55	46.62	33.84
1	37.58	0.0	51.42	59.23	26.31	34.18	17.89	69.86	50.48	50.16	10.2	43.86	73.35	65.6	24.0	39.4	34.0	24.74	39.4	22.8	8.25	48.17	81.04	13.42	62.77	58.31	68.03	39.85	34.0	22.63	11.66	32.56	30.27	42.19	48.66	6.0	30.07	76.37	10.2	72.42	18.44	72.42	18.44	21.59	46.04	25.08	35.17	27.07
2	88.54	51.42	0.0	93.51	28.84	76.03	68.96	108.9	100.32	8.0	52.04	90.2	91.39	110.44	74.97	31.3	84.76	26.68	90.44	72.8	48.17	51.26	115.26	38.47	68.41	42.0	95.41	12.0	78.23	71.69	43.86	18.97	62.29	93.38	73.24	57.27	24.41	66.12	52.8	85.7	68.47	85.7	68.47	55.8	77.9	53.15	61.62	65.0
3	47.41	59.23	93.51	0.0	66.03	26.0	50.16	17.09	42.43	87.68	68.73	80.99	29.53	28.64	59.23	63.78	45.69	73.43	48.37	44.41	67.47	49.19	22.36	68.35	44.18	68.03	14.14	86.02	28.28	42.19	56.46	77.67	32.25	61.77	22.36	58.31	70.0	66.12	50.0	35.74	62.29	35.74	62.29	40.72	15.62	41.34	31.89	32.57
4	61.19	26.31	28.84	66.03	0.0	47.2	42.19	80.72	72.11	25.3	31.3	69.57	69.05	81.61	50.16	15.62	57.27	10.2	63.15	45.12	26.83	32.56	88.2	17.2	50.36	35.38	69.86	20.0	49.4	43.68	16.12	11.66	34.06	68.0	47.54	32.25	4.47	57.31	24.74	65.12	44.72	65.12	44.72	27.02	50.48	24.84	34.48	36.24
5	27.2	34.18	76.03	26.0	47.2	0.0	24.33	35.78	30.27	71.69	43.17	57.31	47.71	34.41	34.18	50.6	24.08	52.35	28.84	18.97	42.38	44.18	47.07	44.94	49.19	62.03	37.36	66.6	4.47	16.49	34.06	58.14	16.12	41.04	25.61	32.56	51.61	69.57	26.08	50.25	36.5	50.25	36.5	20.25	17.2	23.77	21.1	11.18
6	19.7	17.89	68.96	50.16	42.19	24.33	0.0	57.27	32.8	67.08	22.8	35.38	70.68	50.12	11.31	52.61	16.12	42.38	21.54	6.32	24.08	55.57	70.26	31.3	66.48	69.57	61.61	57.58	22.0	8.0	26.08	50.0	29.73	26.31	46.65	12.81	46.39	83.76	18.11	71.87	12.17	71.87	12.17	24.7	40.5	30.02	36.07	23.6
7	48.37	69.86	108.9	17.09	80.72	35.78	57.27	0.0	38.63	103.48	78.43	82.87	42.76	16.97	64.12	80.0	48.04	87.2	48.66	50.99	78.0	66.21	15.23	80.62	60.83	85.09	26.31	100.66	36.06	49.48	69.34	92.2	46.69	61.61	39.4	67.68	84.9	82.61	61.77	50.25	68.73	50.25	68.73	54.2	31.62	55.9	47.63	45.22
8	14.42	50.48	100.32	42.43	72.11	30.27	32.8	38.63	0.0	97.41	55.17	46.04	71.22	24.08	33.29	78.92	16.97	74.24	13.42	27.78	56.85	74.43	53.85	63.81	78.43	92.02	56.57	89.44	26.08	28.64	56.46	81.44	46.04	24.0	53.85	45.61	76.55	99.46	47.54	76.01	40.0	76.01	40.0	47.52	43.86	52.24	51.35	40.01
9	86.35	50.16	8.0	87.68	25.3	71.69	67.08	103.48	97.41	0.0	52.35	91.08	84.1	106.0	74.11	24.41	82.46	26.08	88.29	70.34	48.17	43.86	109.12	38.05	60.73	34.0	88.81	14.42	74.24	68.96	41.23	18.11	57.2	92.35	66.84	56.14	20.88	58.14	50.0	78.19	68.0	78.19	68.0	51.48	72.14	48.26	55.9	60.54
10	41.23	10.2	52.04	68.73	31.3	43.17	22.8	78.43	55.17	52.35	0.0	38.83	83.55	72.72	24.17	46.04	38.21	26.31	42.8	28.84	4.47	57.2	90.24	14.56	72.47	65.6	78.0	40.05	42.38	29.53	20.0	34.23	40.45	42.38	58.86	10.77	34.18	85.04	20.4	82.57	17.09	82.57	17.09	31.78	56.0	35.11	45.35	37.0
11	34.53	43.86	90.2	80.99	69.57	57.31	35.38	82.87	46.04	91.08	38.83	0.0	104.96	70.0	24.08	83.26	35.44	65.12	34.23	38.83	43.17	90.0	97.67	53.37	101.82	102.0	94.02	78.23	53.67	41.62	55.46	72.99	65.12	22.09	81.61	38.47	72.8	118.41	50.48	106.83	26.08	106.83	26.08	59.55	74.43	64.66	71.45	58.9
12	73.76	73.35	91.39	29.53	69.05	47.71	70.68	42.76	71.22	84.1	83.55	104.96	0.0	57.58	81.41	60.17	71.22	78.64	75.07	66.24	80.89	40.25	36.5	78.03	25.46	55.32	16.49	87.36	51.61	63.53	66.12	80.05	43.17	88.09	24.74	74.73	71.81	43.86	63.15	8.54	82.46	8.54	82.46	51.79	30.53	49.16	38.33	47.76
13	36.5	65.6	110.44	28.64	81.61	34.41	50.12	16.97	24.08	106.0	72.72	70.0	57.58	0.0	54.41	84.1	37.36	86.37	36.22	43.91	73.24	73.76	31.62	77.9	72.03	92.65	41.23	100.9	32.56	43.27	67.94	92.46	49.19	48.04	48.17	62.13	86.02	94.02	59.4	64.29	60.17	64.29	60.17	54.64	38.47	57.8	52.2	45.49
14	18.87	24.0	74.97	59.23	50.16	34.18	11.31	64.12	33.29	74.11	24.17	24.08	81.41	54.41	0.0	62.1	17.09	48.37	20.0	15.23	27.2	66.57	78.03	36.5	77.79	79.85	71.47	63.15	31.05	17.89	34.53	56.32	41.04	18.44	57.69	18.0	54.04	94.87	27.86	82.93	7.21	82.93	7.21	35.81	50.99	41.05	47.38	34.83
15	70.0	39.4	31.3	63.78	15.62	50.6	52.61	80.0	78.92	24.41	46.04	83.26	60.17	84.1	62.1	0.0	66.0	25.06	72.0	54.04	41.62	20.4	84.9	32.56	38.21	19.8	64.4	28.07	53.85	52.0	27.86	22.36	34.93	78.92	42.52	44.94	15.23	42.05	34.53	54.82	57.58	54.82	57.58	31.4	48.41	26.93	32.45	39.56
16	4.0	34.0	84.76	45.69	57.27	24.08	16.12	48.04	16.97	82.46	38.21	35.44	71.22	37.36	17.09	66.0	0.0	58.31	6.0	12.17	40.0	65.15	62.51	47.41	72.72	81.22	59.06	73.54	19.8	14.0	41.23	65.79	36.77	16.97	49.68	28.84	61.61	92.2	32.56	74.25	23.32	74.25	23.32	35.36	41.04	40.61	42.95	30.08
17	62.03	24.74	26.68	73.43	10.2	52.35	42.38	87.2	74.24	26.08	26.31	65.12	78.64	86.37	48.37	25.06	58.31	0.0	63.91	46.52	22.09	42.76	95.77	12.0	60.53	44.41	78.43	15.23	53.81	45.65	18.44	8.0	41.18	66.75	56.32	30.59	10.0	67.08	27.2	75.03	42.05	75.03	42.05	33.02	58.14	32.2	42.72	42.01
18	2.0	39.4	90.44	48.37	63.15	28.84	21.54	48.66	13.42	88.29	42.8	34.23	75.07	36.22	20.0	72.0	6.0	63.91	0.0	18.11	44.94	70.88	63.56	52.8	77.9	87.13	62.13	79.12	24.41	20.0	47.07	71.47	42.38	13.42	54.41	34.0	67.47	97.69	38.47	78.57	26.91	78.57	26.91	41.3	45.34	46.53	48.47	35.74
19	16.12	22.8	72.8	44.41	45.12	18.97	6.32	50.99	27.78	70.34	28.84	38.83	66.24	43.91	15.23	54.04	12.17	46.52	18.11	0.0	29.73	54.63	64.12	36.06	64.03	69.86	56.32	61.74	16.12	2.83	29.12	53.85	27.2	26.0	42.8	18.44	49.48	82.37	20.4	68.01	18.0	68.01	18.0	24.04	35.78	29.41	33.6	20.62
20	43.27	8.25	48.17	67.47	26.83	42.38	24.08	78.0	56.85	48.17	4.47	43.17	80.89	73.24	27.2	41.62	40.0	22.09	44.94	29.73	0.0	53.25	89.29	10.2	68.88	61.22	76.11	36.22	42.05	30.0	16.12	30.07	38.05	45.61	56.32	11.31	29.73	80.92	18.0	79.56	20.4	79.56	20.4	29.15	54.15	32.02	42.58	35.23
21	68.96	48.17	51.26	49.19	32.56	44.18	55.57	66.21	74.43	43.86	57.2	90.0	40.25	73.76	66.57	20.4	65.15	42.76	70.88	54.63	53.25	0.0	68.41	46.52	18.0	18.97	46.69	48.37	48.37	52.0	37.2	42.0	28.64	80.62	26.83	52.35	34.06	28.43	39.7	34.48	64.03	34.48	64.03	30.89	35.44	25.55	23.09	35.17
22	63.15	81.04	115.26	22.36	88.2	47.07	70.26	15.23	53.85	109.12	90.24	97.67	36.5	31.62	78.03	84.9	62.51	95.77	63.56	64.12	89.29	68.41	0.0	90.62	59.09	86.53	22.36	108.17	48.37	62.29	78.79	99.86	54.59	76.66	42.43	79.62	92.09	79.7	72.11	44.91	82.1	44.91	82.1	63.07	37.74	63.63	53.82	54.78
23	50.99	13.42	38.47	68.35	17.2	44.94	31.3	80.62	63.81	38.05	14.56	53.37	78.03	77.9	36.5	32.56	47.41	12.0	52.8	36.06	10.2	46.52	90.62	0.0	63.25	52.35	75.31	26.68	45.61	35.61	12.17	20.0	36.88	54.92	54.15	18.97	19.7	73.24	18.87	75.66	30.07	75.66	30.07	27.89	53.85	29.07	40.11	35.85
24	76.16	62.77	68.41	44.18	50.36	49.19	66.48	60.83	78.43	60.73	72.47	101.82	25.46	72.03	77.79	38.21	72.72	60.53	77.9	64.03	68.88	18.0	59.09	63.25	0.0	30.0	36.77	66.27	53.67	61.22	52.8	60.0	36.88	89.31	24.74	66.03	52.04	22.0	53.25	18.03	76.58	18.03	76.58	42.64	34.93	38.01	30.48	43.42
25	85.16	58.31	42.0	68.03	35.38	62.03	69.57	85.09	92.02	34.0	65.6	102.0	55.32	92.65	79.85	19.8	81.22	44.41	87.13	69.86	61.22	18.97	86.53	52.35	30.0	0.0	64.4	43.68	66.0	67.47	46.65	40.25	46.0	95.6	45.69	63.53	34.41	24.33	52.0	48.01	76.03	48.01	76.03	45.89	54.41	40.61	41.19	52.09
26	61.06	68.03	95.41	14.14	69.86	37.36	61.61	26.31	56.57	88.81	78.0	94.02	16.49	41.23	71.47	64.4	59.06	78.43	62.13	56.32	76.11	46.69	22.36	75.31	36.77	64.4	0.0	89.44	40.5	53.85	63.15	81.44	38.47	75.47	22.36	68.12	73.35	57.72	58.14	24.02	73.76	24.02	73.76	47.52	22.0	46.57	35.74	41.0
27	77.25	39.85	12.0	86.02	20.0	66.6	57.58	100.66	89.44	14.42	40.05	78.23	87.36	100.9	63.15	28.07	73.54	15.23	79.12	61.74	36.22	48.37	108.17	26.68	66.27	43.68	89.44	0.0	68.41	60.83	33.29	8.49	54.04	81.58	67.08	45.61	16.12	67.91	42.19	82.57	56.57	82.57	56.57	46.67	70.46	44.82	54.38	55.87
28	22.8	34.0	78.23	28.28	49.4	4.47	22.0	36.06	26.08	74.24	42.38	53.67	51.61	32.56	31.05	53.85	19.8	53.81	24.41	16.12	42.05	48.37	48.37	45.61	53.67	66.0	40.5	68.41	0.0	14.0	35.38	60.0	20.0	36.77	30.0	31.62	53.85	74.0	26.91	54.45	34.06	54.45	34.06	22.85	21.26	26.93	25.32	14.32
29	18.0	22.63	71.69	42.19	43.68	16.49	8.0	49.48	28.64	68.96	29.53	41.62	63.53	43.27	17.89	52.0	14.0	45.65	20.0	2.83	30.0	52.0	62.29	35.61	61.22	67.47	53.85	60.83	14.0	0.0	27.86	52.8	24.41	28.64	40.0	18.87	48.08	79.65	18.97	65.22	20.1	65.22	20.1	21.59	33.11	26.93	30.81	17.8
30	45.12	11.66	43.86	56.46	16.12	34.06	26.08	69.34	56.46	41.23	20.0	55.46	66.12	67.94	34.53	27.86	41.23	18.44	47.07	29.12	16.12	37.2	78.79	12.17	52.8	46.65	63.15	33.29	35.38	27.86	0.0	25.06	24.74	52.04	42.05	17.09	20.4	65.12	8.94	64.13	29.73	64.13	29.73	15.81	41.76	17.0	28.02	24.19
31	69.57	32.56	18.97	77.67	11.66	58.14	50.0	92.2	81.44	18.11	34.23	72.99	80.05	92.46	56.32	22.36	65.79	8.0	71.47	53.85	30.07	42.0	99.86	20.0	60.0	40.25	81.44	8.49	60.0	52.8	25.06	0.0	45.61	74.67	59.09	38.47	8.25	63.91	34.0	75.66	50.04	75.66	50.04	38.18	62.13	36.4	46.14	47.38
32	40.5	30.27	62.29	32.25	34.06	16.12	29.73	46.69	46.04	57.2	40.45	65.12	43.17	49.19	41.04	34.93	36.77	41.18	42.38	27.2	38.05	28.64	54.59	36.88	36.88	46.0	38.47	54.04	20.0	24.41	24.74	45.61	0.0	52.84	18.44	31.62	38.21	55.46	20.1	42.95	40.5	42.95	40.5	9.06	17.09	9.22	6.4	6.71
33	14.42	42.19	93.38	61.77	68.0	41.04	26.31	61.61	24.0	92.35	42.38	22.09	88.09	48.04	18.44	78.92	16.97	66.75	13.42	26.0	45.61	80.62	76.66	54.92	89.31	95.6	75.47	81.58	36.77	28.64	52.04	74.67	52.84	0.0	66.6	36.22	72.03	108.24	44.41	91.22	25.3	91.22	25.3	49.98	58.0	55.36	59.17	46.14
34	52.8	48.66	73.24	22.36	47.54	25.61	46.65	39.4	53.85	66.84	58.86	81.61	24.74	48.17	57.69	42.52	49.68	56.32	54.41	42.8	56.32	26.83	42.43	54.15	24.74	45.69	22.36	67.08	30.0	40.0	42.05	59.09	18.44	66.6	0.0	50.0	50.99	46.39	38.47	25.24	58.14	25.24	58.14	27.17	10.2	25.08	14.04	23.26
35	32.25	6.0	57.27	58.31	32.25	32.56	12.81	67.68	45.61	56.14	10.77	38.47	74.73	62.13	18.0	44.94	28.84	30.59	34.0	18.44	11.31	52.35	79.62	18.97	66.03	63.53	68.12	45.61	31.62	18.87	17.09	38.47	31.62	36.22	50.0	0.0	36.06	80.72	12.81	74.46	12.65	74.46	12.65	23.71	46.17	28.02	37.16	27.29
36	65.51	30.07	24.41	70.0	4.47	51.61	46.39	84.9	76.55	20.88	34.18	72.8	71.81	86.02	54.04	15.23	61.61	10.0	67.47	49.48	29.73	34.06	92.09	19.7	52.04	34.41	73.35	16.12	53.85	48.08	20.4	8.25	38.21	72.03	50.99	36.06	0.0	57.27	29.12	67.48	48.37	67.48	48.37	31.4	54.41	29.0	38.28	40.61
37	95.85	76.37	66.12	66.12	57.31	69.57	83.76	82.61	99.46	58.14	85.04	118.41	43.86	94.02	94.87	42.05	92.2	67.08	97.69	82.37	80.92	28.43	79.7	73.24	22.0	24.33	57.72	67.91	74.0	79.65	65.12	63.91	55.46	108.24	46.39	80.72	57.27	0.0	68.12	35.34	92.46	35.34	92.46	59.08	56.57	53.82	49.24	62.17
38	36.5	10.2	52.8	50.0	24.74	26.08	18.11	61.77	47.54	50.0	20.4	50.48	63.15	59.4	27.86	34.53	32.56	27.2	38.47	20.4	18.0	39.7	72.11	18.87	53.25	52.0	58.14	42.19	26.91	18.97	8.94	34.0	20.1	44.41	38.47	12.81	29.12	68.12	0.0	62.3	24.41	62.3	24.41	11.4	36.22	15.26	25.0	17.46
39	77.1	72.42	85.7	35.74	65.12	50.25	71.87	50.25	76.01	78.19	82.57	106.83	8.54	64.29	82.93	54.82	74.25	75.03	78.57	68.01	79.56	34.48	44.91	75.66	18.03	48.01	24.02	82.57	54.45	65.22	64.13	75.66	42.95	91.22	25.24	74.46	67.48	35.34	62.3	0.0	83.24	0.0	83.24	50.92	33.24	47.54	37.34	48.37
40	25.61	18.44	68.47	62.29	44.72	36.5	12.17	68.73	40.0	68.0	17.09	26.08	82.46	60.17	7.21	57.58	23.32	42.05	26.91	18.0	20.4	64.03	82.1	30.07	76.58	76.03	73.76	56.57	34.06	20.1	29.73	50.04	40.5	25.3	58.14	12.65	48.37	92.46	24.41	83.24	0.0	83.24	0.0	33.97	52.5	38.9	46.62	34.89
41	77.1	72.42	85.7	35.74	65.12	50.25	71.87	50.25	76.01	78.19	82.57	106.83	8.54	64.29	82.93	54.82	74.25	75.03	78.57	68.01	79.56	34.48	44.91	75.66	18.03	48.01	24.02	82.57	54.45	65.22	64.13	75.66	42.95	91.22	25.24	74.46	67.48	35.34	62.3	0.0	83.24	0.0	83.24	50.92	33.24	47.54	37.34	48.37
42	25.61	18.44	68.47	62.29	44.72	36.5	12.17	68.73	40.0	68.0	17.09	26.08	82.46	60.17	7.21	57.58	23.32	42.05	26.91	18.0	20.4	64.03	82.1	30.07	76.58	76.03	73.76	56.57	34.06	20.1	29.73	50.04	40.5	25.3	58.14	12.65	48.37	92.46	24.41	83.24	0.0	83.24	0.0	33.97	52.5	38.9	46.62	34.89
43	39.32	21.59	55.8	40.72	27.02	20.25	24.7	54.2	47.52	51.48	31.78	59.55	51.79	54.64	35.81	31.4	35.36	33.02	41.3	24.04	29.15	30.89	63.07	27.89	42.64	45.89	47.52	46.67	22.85	21.59	15.81	38.18	9.06	49.98	27.17	23.71	31.4	59.08	11.4	50.92	33.97	50.92	33.97	0.0	25.96	5.39	13.6	9.22
44	43.86	46.04	77.9	15.62	50.48	17.2	40.5	31.62	43.86	72.14	56.0	74.43	30.53	38.47	50.99	48.41	41.04	58.14	45.34	35.78	54.15	35.44	37.74	53.85	34.93	54.41	22.0	70.46	21.26	33.11	41.76	62.13	17.09	58.0	10.2	46.17	54.41	56.57	36.22	33.24	52.5	33.24	52.5	25.96	0.0	25.94	16.28	19.0
45	44.55	25.08	53.15	41.34	24.84	23.77	30.02	55.9	52.24	48.26	35.11	64.66	49.16	57.8	41.05	26.93	40.61	32.2	46.53	29.41	32.02	25.55	63.63	29.07	38.01	40.61	46.57	44.82	26.93	26.93	17.0	36.4	9.22	55.36	25.08	28.02	29.0	53.82	15.26	47.54	38.9	47.54	38.9	5.39	25.94	0.0	11.05	12.65
46	46.62	35.17	61.62	31.89	34.48	21.1	36.07	47.63	51.35	55.9	45.35	71.45	38.33	52.2	47.38	32.45	42.95	42.72	48.47	33.6	42.58	23.09	53.82	40.11	30.48	41.19	35.74	54.38	25.32	30.81	28.02	46.14	6.4	59.17	14.04	37.16	38.28	49.24	25.0	37.34	46.62	37.34	46.62	13.6	16.28	11.05	0.0	13.04
47	33.84	27.07	65.0	32.57	36.24	11.18	23.6	45.22	40.01	60.54	37.0	58.9	47.76	45.49	34.83	39.56	30.08	42.01	35.74	20.62	35.23	35.17	54.78	35.85	43.42	52.09	41.0	55.87	14.32	17.8	24.19	47.38	6.71	46.14	23.26	27.29	40.61	62.17	17.46	48.37	34.89	48.37	34.89	9.22	19.0	12.65	13.04	0.0
;
