set K:= 1	2	3	4	5;
set C_H:= 1	2	3	4	5	6	7	8	9	10	11	12;
set C_S:= 13	14	15	16	17	18	19	20	21	22;
set C_F:= 23	24	25	26	27	28	29	30	31	32;
set M:= 0	1;
set L_B:= 2	3	4	5	39	40	41	42	43;
set A1:=
(0,*) 1 2 3 4 5 6 7 8 9 10 11 12 23 24 25 26 27 28 29 30 31 32 1 2 3 4 5 39 40 41 42 43
(1,*) 0 2 3 4 5 6 7 8 9 10 11 12 23 24 25 26 27 28 29 30 31 32 0 2 3 4 5 39 40 41 42 43
(2,*) 0 1 3 4 5 6 7 8 9 10 11 12 23 24 25 26 27 28 29 30 31 32 0 1 3 4 5 39 40 41 42 43
(3,*) 0 1 2 4 5 6 7 8 9 10 11 12 23 24 25 26 27 28 29 30 31 32 0 1 2 4 5 39 40 41 42 43
(4,*) 0 1 2 3 5 6 7 8 9 10 11 12 23 24 25 26 27 28 29 30 31 32 0 1 2 3 5 39 40 41 42 43
(5,*) 0 1 2 3 4 6 7 8 9 10 11 12 23 24 25 26 27 28 29 30 31 32 0 1 2 3 4 39 40 41 42 43
(6,*) 0 1 2 3 4 5 7 8 9 10 11 12 23 24 25 26 27 28 29 30 31 32 0 1 2 3 4 5 39 40 41 42 43
(7,*) 0 1 2 3 4 5 6 8 9 10 11 12 23 24 25 26 27 28 29 30 31 32 0 1 2 3 4 5 39 40 41 42 43
(8,*) 0 1 2 3 4 5 6 7 9 10 11 12 23 24 25 26 27 28 29 30 31 32 0 1 2 3 4 5 39 40 41 42 43
(9,*) 0 1 2 3 4 5 6 7 8 10 11 12 23 24 25 26 27 28 29 30 31 32 0 1 2 3 4 5 39 40 41 42 43
(10,*) 0 1 2 3 4 5 6 7 8 9 11 12 23 24 25 26 27 28 29 30 31 32 0 1 2 3 4 5 39 40 41 42 43
(11,*) 0 1 2 3 4 5 6 7 8 9 10 12 23 24 25 26 27 28 29 30 31 32 0 1 2 3 4 5 39 40 41 42 43
(12,*) 0 1 2 3 4 5 6 7 8 9 10 11 23 24 25 26 27 28 29 30 31 32 0 1 2 3 4 5 39 40 41 42 43
(23,*) 0 1 2 3 4 5 6 7 8 9 10 11 12 24 25 26 27 28 29 30 31 32 0 1 2 3 4 5 39 40 41 42 43
(24,*) 0 1 2 3 4 5 6 7 8 9 10 11 12 23 25 26 27 28 29 30 31 32 0 1 2 3 4 5 39 40 41 42 43
(25,*) 0 1 2 3 4 5 6 7 8 9 10 11 12 23 24 26 27 28 29 30 31 32 0 1 2 3 4 5 39 40 41 42 43
(26,*) 0 1 2 3 4 5 6 7 8 9 10 11 12 23 24 25 27 28 29 30 31 32 0 1 2 3 4 5 39 40 41 42 43
(27,*) 0 1 2 3 4 5 6 7 8 9 10 11 12 23 24 25 26 28 29 30 31 32 0 1 2 3 4 5 39 40 41 42 43
(28,*) 0 1 2 3 4 5 6 7 8 9 10 11 12 23 24 25 26 27 29 30 31 32 0 1 2 3 4 5 39 40 41 42 43
(29,*) 0 1 2 3 4 5 6 7 8 9 10 11 12 23 24 25 26 27 28 30 31 32 0 1 2 3 4 5 39 40 41 42 43
(30,*) 0 1 2 3 4 5 6 7 8 9 10 11 12 23 24 25 26 27 28 29 31 32 0 1 2 3 4 5 39 40 41 42 43
(31,*) 0 1 2 3 4 5 6 7 8 9 10 11 12 23 24 25 26 27 28 29 30 32 0 1 2 3 4 5 39 40 41 42 43
(32,*) 0 1 2 3 4 5 6 7 8 9 10 11 12 23 24 25 26 27 28 29 30 31 0 1 2 3 4 5 39 40 41 42 43
(0,*) 1 2 3 4 5 6 7 8 9 10 11 12 23 24 25 26 27 28 29 30 31 32 1 2 3 4 5 39 40 41 42 43
(1,*) 0 2 3 4 5 6 7 8 9 10 11 12 23 24 25 26 27 28 29 30 31 32 0 2 3 4 5 39 40 41 42 43
(2,*) 0 1 3 4 5 6 7 8 9 10 11 12 23 24 25 26 27 28 29 30 31 32 0 1 3 4 5 39 40 41 42 43
(3,*) 0 1 2 4 5 6 7 8 9 10 11 12 23 24 25 26 27 28 29 30 31 32 0 1 2 4 5 39 40 41 42 43
(4,*) 0 1 2 3 5 6 7 8 9 10 11 12 23 24 25 26 27 28 29 30 31 32 0 1 2 3 5 39 40 41 42 43
(5,*) 0 1 2 3 4 6 7 8 9 10 11 12 23 24 25 26 27 28 29 30 31 32 0 1 2 3 4 39 40 41 42 43
(39,*) 0 1 2 3 4 5 6 7 8 9 10 11 12 23 24 25 26 27 28 29 30 31 32 0 1 2 3 4 5 40 41 42 43
(40,*) 0 1 2 3 4 5 6 7 8 9 10 11 12 23 24 25 26 27 28 29 30 31 32 0 1 2 3 4 5 39 41 42 43
(41,*) 0 1 2 3 4 5 6 7 8 9 10 11 12 23 24 25 26 27 28 29 30 31 32 0 1 2 3 4 5 39 40 42 43
(42,*) 0 1 2 3 4 5 6 7 8 9 10 11 12 23 24 25 26 27 28 29 30 31 32 0 1 2 3 4 5 39 40 41 43
(43,*) 0 1 2 3 4 5 6 7 8 9 10 11 12 23 24 25 26 27 28 29 30 31 32 0 1 2 3 4 5 39 40 41 42
;
set A2:=
(0,*) 1
(1,*) 0
;
param BigM:=99999;
param n:= 5;
param d:=
1	5
2	13
3	18
4	9
5	23
6	18
7	24
8	8
9	14
10	13
11	15
12	3
13	23
14	10
15	5
16	9
17	10
18	13
19	14
20	19
21	14
22	20
23	14
24	8
25	18
26	19
27	20
28	10
29	2
30	23
31	8
32	24
;
param Q:=100;
param w:=
[0,*] 1 0.5
[1,*] 0 0.5
;
param V:=
[0,*] 1 71
[1,*] 0 71
;
param e:
	0	1	2	3	4	5	39	40	41	42	43:=
13	0	0	0	0	0	0	0	0	0	0	0	
14	0	0	0	0	0	0	0	0	0	0	0	
15	0	0	0	0	0	0	0	0	0	0	0	
16	0	0	0	0	0	0	0	0	0	0	0	
17	0	0	0	0	0	0	0	0	0	0	0	
18	0	0	0	0	0	0	0	0	0	0	0	
19	0	0	0	0	0	0	0	0	0	0	0	
20	0	0	0	0	0	0	0	0	0	0	0	
21	0	0	0	0	0	0	0	0	0	0	0	
22	0	0	0	0	0	0	0	0	0	0	0	
23	0	0	0	0	0	0	0	0	0	0	0	
24	0	0	0	0	0	0	0	0	0	0	0	
25	0	0	0	0	0	0	0	0	0	0	0	
26	0	0	0	0	0	0	0	0	0	0	0	
27	0	0	0	0	0	0	0	0	0	0	0	
28	0	0	0	0	0	0	0	0	0	0	0	
29	0	0	0	0	0	0	0	0	0	0	0	
30	0	0	0	0	0	0	0	0	0	0	0	
31	0	0	0	0	0	0	0	0	0	0	0	
32	0	0	0	0	0	0	0	0	0	0	0	
;
param p:=
1	3
2	3
3	3
4	3
5	3
;
param G:=
0	71
1	70
2	72
3	86
4	100
5	82
39	93
40	97
41	99
42	88
43	75
;
param s:=
0	0
1	15
2	15
3	15
4	15
5	15
6	15
7	15
8	15
9	15
10	15
11	15
12	15
23	15
24	15
25	15
26	15
27	15
28	15
29	15
30	15
31	15
32	15
0	10
1	10
2	10
3	10
4	10
5	10
39	10
40	10
41	10
42	10
43	10
;
param t:
	0	1	2	3	4	5	6	7	8	9	10	11	12	13	14	15	16	17	18	19	20	21	22	23	24	25	26	27	28	29	30	31	32	33	34	35	36	37	38	39	40	41	42	43:=
0	0.0	45.45	36.4	64.82	41.11	56.22	20.0	72.01	31.4	10.77	22.36	17.09	40.31	14.56	64.35	17.8	39.05	39.05	19.24	33.12	7.81	61.07	61.0	45.45	60.83	24.0	73.36	55.33	39.7	65.0	61.13	40.01	29.53	75.74	28.28	30.48	55.66	40.31	61.77	15.13	53.08	25.0	23.02	11.0
1	45.45	0.0	78.24	80.16	79.65	101.14	50.54	94.09	76.37	35.36	45.89	29.83	85.45	59.08	108.58	28.3	10.05	54.23	26.91	19.0	46.1	97.69	96.57	58.0	99.73	35.36	116.61	88.87	9.06	107.34	98.09	30.41	17.49	86.49	55.73	15.0	97.1	9.0	83.15	33.6	88.02	35.23	62.13	37.64
2	36.4	78.24	0.0	52.5	9.22	26.57	29.07	50.8	13.45	43.83	55.0	48.55	29.15	31.26	31.4	53.31	73.82	41.23	51.62	69.08	32.65	26.93	27.86	45.4	25.0	59.84	38.42	25.61	74.3	29.15	26.68	60.46	60.8	64.51	55.9	64.14	19.31	71.06	44.28	44.65	22.2	60.83	16.28	40.82
3	64.82	80.16	52.5	0.0	44.15	75.33	44.82	16.64	64.47	62.65	86.84	61.85	81.15	71.59	75.06	71.18	82.38	27.86	64.26	83.52	57.01	44.15	41.23	22.56	50.8	85.0	75.31	34.23	82.2	65.62	45.12	50.0	66.49	12.08	92.96	73.01	57.04	71.18	10.44	58.6	37.05	85.88	48.01	58.67
4	41.11	79.65	9.22	44.15	0.0	32.14	29.15	41.62	22.63	46.84	61.4	50.7	38.28	38.6	34.54	56.75	76.32	36.67	53.85	72.53	35.9	20.0	20.22	39.85	20.25	65.07	39.2	16.64	76.69	29.07	20.02	58.73	62.18	56.04	63.32	66.31	18.44	71.87	35.47	46.62	13.42	66.07	18.44	43.32
5	56.22	101.14	26.57	75.33	32.14	0.0	54.71	69.26	24.84	65.8	68.71	71.42	24.0	45.18	10.0	74.03	95.27	67.72	74.25	89.05	55.17	36.24	38.91	71.59	29.68	76.48	21.02	42.45	95.9	18.87	35.36	86.45	84.17	86.83	65.73	86.37	20.12	94.85	65.76	67.94	39.05	77.37	41.68	63.66
6	20.0	50.54	29.07	44.82	29.15	54.71	0.0	52.55	32.28	20.1	42.19	22.36	47.17	28.64	60.44	30.02	47.8	20.12	25.5	45.18	12.21	47.43	46.57	26.42	49.19	41.76	67.21	39.46	48.08	57.49	47.76	31.76	33.11	55.87	48.17	37.64	47.01	42.72	42.05	18.25	38.08	42.72	13.04	16.03
7	72.01	94.09	50.8	16.64	41.62	69.26	52.55	0.0	64.03	72.12	94.37	72.57	79.88	75.8	66.91	81.49	95.19	40.01	75.31	95.19	64.47	34.23	31.26	36.22	41.3	94.24	65.0	26.93	95.13	56.22	35.23	64.63	79.16	21.93	99.13	85.38	49.48	85.09	11.05	68.88	30.46	95.19	51.61	68.01
8	31.4	76.37	13.45	64.47	22.63	24.84	32.28	64.03	0.0	41.01	45.89	46.75	16.76	21.59	33.12	49.2	70.43	49.0	49.52	64.35	30.61	39.4	40.71	54.15	36.14	52.55	42.72	39.05	71.06	35.51	39.0	63.69	59.55	76.56	45.01	61.55	28.07	70.29	56.94	43.42	35.61	53.49	20.1	39.05
9	10.77	35.36	43.83	62.65	46.84	65.8	20.1	72.12	41.01	0.0	25.61	6.32	51.0	25.3	73.41	10.05	30.02	35.23	8.6	25.71	11.18	66.29	65.76	41.4	67.05	22.36	81.84	59.14	30.53	72.95	66.49	30.41	18.87	72.67	34.0	20.62	63.07	29.68	61.35	5.39	57.43	23.26	28.46	4.12
10	22.36	45.89	55.0	86.84	61.4	68.71	42.19	94.37	45.89	25.61	0.0	29.53	47.17	24.33	78.11	21.84	36.4	60.21	29.15	27.51	30.02	81.3	81.61	66.53	80.0	10.77	88.32	76.69	37.36	81.39	81.22	54.23	36.5	97.45	10.0	33.0	73.33	45.0	84.12	30.81	74.15	11.18	44.38	29.0
11	17.09	29.83	48.55	61.85	50.7	71.42	22.36	72.57	46.75	6.32	29.53	0.0	57.25	31.62	78.75	9.43	25.63	34.01	3.16	23.0	16.28	69.64	68.88	39.82	70.94	24.08	86.84	61.81	26.0	77.7	69.92	25.0	12.81	71.2	38.63	15.65	67.6	23.6	61.61	4.12	60.42	24.84	32.65	7.81
12	40.31	85.45	29.15	81.15	38.28	24.0	47.17	79.88	16.76	51.0	47.17	57.25	0.0	26.4	34.0	57.2	78.1	65.19	59.54	70.72	42.38	52.01	53.91	70.58	47.17	56.22	45.01	53.91	78.87	41.23	51.4	77.37	69.84	93.23	42.72	70.46	37.59	80.62	73.36	54.63	50.33	57.01	36.12	50.16
13	14.56	59.08	31.26	71.59	38.6	45.18	28.64	75.8	21.59	25.3	24.33	31.62	26.4	0.0	54.23	30.81	51.74	48.75	33.62	44.6	19.1	58.05	58.69	55.01	56.14	31.3	64.2	54.78	52.5	57.07	57.87	54.08	43.86	83.24	24.74	44.1	49.09	54.56	66.6	29.61	51.87	32.2	24.21	25.32
14	64.35	108.58	31.4	75.06	34.54	10.0	60.44	66.91	33.12	73.41	78.11	78.75	34.0	54.23	0.0	82.1	103.23	71.18	81.69	97.42	62.48	32.76	35.69	74.33	25.71	85.49	11.05	41.01	103.81	11.66	31.78	91.84	91.35	86.02	75.5	94.02	18.03	101.86	65.0	75.07	38.01	86.41	47.51	70.94
15	17.8	28.3	53.31	71.18	56.75	74.03	30.02	81.49	49.2	10.05	21.84	9.43	57.2	30.81	82.1	0.0	21.26	43.38	7.81	15.81	20.88	76.3	75.8	49.24	76.92	14.87	90.92	69.18	21.93	82.29	76.49	32.65	15.0	80.62	31.58	13.42	72.62	24.74	70.6	12.65	67.48	15.56	38.33	14.0
16	39.05	10.05	73.82	82.38	76.32	95.27	47.8	95.19	70.43	30.02	36.4	25.63	78.1	51.74	103.23	21.26	0.0	55.23	22.47	9.06	41.18	95.21	94.37	59.84	96.57	25.71	111.83	87.1	1.0	102.96	95.51	34.44	16.03	89.84	46.1	10.2	93.02	14.14	84.15	29.73	85.87	25.5	58.18	33.11
17	39.05	54.23	41.23	27.86	36.67	67.72	20.12	40.01	49.0	35.23	60.21	34.01	65.19	48.75	71.18	43.38	55.23	0.0	36.4	55.79	31.4	48.84	46.86	6.4	53.15	57.45	75.47	38.42	55.15	65.19	49.52	26.0	39.2	37.44	67.27	45.54	54.71	45.28	29.0	30.89	38.9	58.31	29.07	31.4
18	19.24	26.91	51.62	64.26	53.85	74.25	25.5	75.31	49.52	8.6	29.15	3.16	59.54	33.62	81.69	7.81	22.47	36.4	0.0	20.02	19.21	72.8	72.03	42.05	74.09	22.67	89.87	64.94	22.85	80.78	73.08	25.08	10.3	73.36	38.6	12.53	70.71	21.1	64.33	7.28	63.56	23.35	35.78	10.82
19	33.12	19.0	69.08	83.52	72.53	89.05	45.18	95.19	64.35	25.71	27.51	23.0	70.72	44.6	97.42	15.81	9.06	55.79	20.02	0.0	36.69	91.98	91.41	61.03	92.72	16.76	106.47	84.59	10.05	97.99	92.2	38.42	18.03	91.92	37.11	11.4	88.39	21.02	84.17	27.02	83.02	16.49	54.12	29.43
20	7.81	46.1	32.65	57.01	35.9	55.17	12.21	64.47	30.61	11.18	30.02	16.28	42.38	19.1	62.48	20.88	41.18	31.4	19.21	36.69	0.0	55.58	55.23	37.8	56.04	30.41	70.72	49.01	41.68	61.77	55.73	35.36	29.0	67.94	36.07	31.62	51.89	39.7	54.12	12.81	47.04	31.4	17.46	8.49
21	61.07	97.69	26.93	44.15	20.0	36.24	47.43	34.23	39.4	66.29	81.3	69.64	52.01	58.05	32.76	76.3	95.21	48.84	72.8	91.98	55.58	0.0	3.0	49.68	7.07	85.05	31.26	10.82	95.51	22.02	1.0	73.82	80.41	54.23	82.76	85.07	16.12	89.47	33.73	65.52	10.0	86.05	38.21	62.59
22	61.0	96.57	27.86	41.23	20.22	38.91	46.57	31.26	40.71	65.76	81.61	68.88	53.91	58.69	35.69	75.8	94.37	46.86	72.03	91.41	55.23	3.0	0.0	47.42	10.05	85.0	34.23	8.49	94.64	25.02	4.0	72.11	79.38	51.24	83.43	84.2	18.79	88.24	30.81	64.76	8.54	86.0	38.01	61.98
23	45.45	58.0	45.4	22.56	39.85	71.59	26.42	36.22	54.15	41.4	66.53	39.82	70.58	55.01	74.33	49.24	59.84	6.4	42.05	61.03	37.8	49.68	47.42	0.0	54.64	63.51	77.83	38.95	59.68	67.54	50.45	28.44	43.93	31.38	73.66	50.45	57.27	49.0	25.5	36.89	40.0	64.35	34.53	37.64
24	60.83	99.73	25.0	50.8	20.25	29.68	49.19	41.3	36.14	67.05	80.0	70.94	47.17	56.14	25.71	76.92	96.57	53.15	74.09	92.72	56.04	7.07	10.05	54.64	0.0	84.59	24.52	16.76	96.93	15.0	6.08	77.34	82.29	61.13	80.62	86.54	9.9	91.79	40.45	66.85	14.76	85.59	38.6	63.57
25	24.0	35.36	59.84	85.0	65.07	76.48	41.76	94.24	52.55	22.36	10.77	24.08	56.22	31.3	85.49	14.87	25.71	57.45	22.67	16.76	30.41	85.05	85.0	63.51	84.59	0.0	95.27	79.23	26.68	87.64	85.09	47.17	27.86	94.87	20.4	23.35	78.85	35.23	83.57	26.63	77.06	1.0	47.01	26.4
26	73.36	116.61	38.42	75.31	39.2	21.02	67.21	65.0	42.72	81.84	88.32	86.84	45.01	64.2	11.05	90.92	111.83	75.47	89.87	106.47	70.72	31.26	34.23	77.83	24.52	95.27	0.0	41.23	112.36	10.3	30.27	97.84	99.2	85.48	86.15	102.34	20.81	109.48	64.94	83.01	38.9	96.21	54.67	79.06
27	55.33	88.87	25.61	34.23	16.64	42.45	39.46	26.93	39.05	59.14	76.69	61.81	53.91	54.78	41.01	69.18	87.1	38.42	64.94	84.59	49.01	10.82	8.49	38.95	16.76	79.23	41.23	0.0	87.32	31.4	11.66	63.81	71.84	45.01	79.38	76.9	23.09	80.41	24.02	57.71	3.61	80.22	32.39	55.23
28	39.7	9.06	74.3	82.2	76.69	95.9	48.08	95.13	71.06	30.53	37.36	26.0	78.87	52.5	103.81	21.93	1.0	55.15	22.85	10.05	41.68	95.51	94.64	59.68	96.93	26.68	112.36	87.32	0.0	103.45	95.82	34.01	16.0	89.56	47.07	10.44	93.48	13.45	84.1	30.08	86.13	26.48	58.6	33.54
29	65.0	107.34	29.15	65.62	29.07	18.87	57.49	56.22	35.51	72.95	81.39	77.7	41.23	57.07	11.66	82.29	102.96	65.19	80.78	97.99	61.77	22.02	25.02	67.54	15.0	87.64	10.3	31.4	103.45	0.0	21.02	87.78	89.87	76.11	80.16	93.3	10.63	100.0	55.33	73.78	28.86	88.6	45.22	69.97
30	61.13	98.09	26.68	45.12	20.02	35.36	47.76	35.23	39.0	66.49	81.22	69.92	51.4	57.87	31.78	76.49	95.51	49.52	73.08	92.2	55.73	1.0	4.0	50.45	6.08	85.09	30.27	11.66	95.82	21.02	0.0	74.4	80.78	55.23	82.57	85.38	15.26	89.9	34.71	65.8	10.63	86.09	38.33	62.82
31	40.01	30.41	60.46	50.0	58.73	86.45	31.76	64.63	63.69	30.41	54.23	25.0	77.37	54.08	91.84	32.65	34.44	26.0	25.08	38.42	35.36	73.82	72.11	28.44	77.34	47.17	97.84	63.81	34.01	87.78	74.4	0.0	20.52	56.09	63.57	27.02	77.16	21.59	53.94	25.18	63.82	47.71	44.78	29.02
32	29.53	17.49	60.8	66.49	62.18	84.17	33.11	79.16	59.55	18.87	36.5	12.81	69.84	43.86	91.35	15.0	16.03	39.2	10.3	18.03	29.0	80.41	79.38	43.93	82.29	27.86	99.2	71.84	16.0	89.87	80.78	20.52	0.0	74.33	46.39	6.71	79.61	10.82	68.12	16.28	70.84	28.23	44.65	20.52
33	75.74	86.49	64.51	12.08	56.04	86.83	55.87	21.93	76.56	72.67	97.45	71.2	93.23	83.24	86.02	80.62	89.84	37.44	73.36	91.92	67.94	54.23	51.24	31.38	61.13	94.87	85.48	45.01	89.56	76.11	55.23	56.09	74.33	0.0	104.0	80.99	68.07	77.67	21.1	68.26	48.09	95.72	59.91	68.82
34	28.28	55.73	55.9	92.96	63.32	65.73	48.17	99.13	45.01	34.0	10.0	38.63	42.72	24.74	75.5	31.58	46.1	67.27	38.6	37.11	36.07	82.76	83.43	73.66	80.62	20.4	86.15	79.38	47.07	80.16	82.57	63.57	46.39	104.0	0.0	43.0	73.06	55.0	89.31	39.36	76.54	20.62	47.85	36.89
35	30.48	15.0	64.14	73.01	66.31	86.37	37.64	85.38	61.55	20.62	33.0	15.65	70.46	44.1	94.02	13.42	10.2	45.54	12.53	11.4	31.62	85.07	84.2	50.45	86.54	23.35	102.34	76.9	10.44	93.3	85.38	27.02	6.71	80.99	43.0	0.0	83.24	12.0	74.33	19.7	75.69	23.54	48.3	23.32
36	55.66	97.1	19.31	57.04	18.44	20.12	47.01	49.48	28.07	63.07	73.33	67.6	37.59	49.09	18.03	72.62	93.02	54.71	70.71	88.39	51.89	16.12	18.79	57.27	9.9	78.85	20.81	23.09	93.48	10.63	15.26	77.16	79.61	68.07	73.06	83.24	0.0	89.63	47.01	63.63	20.0	79.83	34.99	59.94
37	40.31	9.0	71.06	71.18	71.87	94.85	42.72	85.09	70.29	29.68	45.0	23.6	80.62	54.56	101.86	24.74	14.14	45.28	21.1	21.02	39.7	89.47	88.24	49.0	91.79	35.23	109.48	80.41	13.45	100.0	89.9	21.59	10.82	77.67	55.0	12.0	89.63	0.0	74.17	26.91	79.71	35.36	54.82	31.24
38	61.77	83.15	44.28	10.44	35.47	65.76	42.05	11.05	56.94	61.35	84.12	61.61	73.36	66.6	65.0	70.6	84.15	29.0	64.33	84.17	54.12	33.73	30.81	25.5	40.45	83.57	64.94	24.02	84.1	55.33	34.71	53.94	68.12	21.1	89.31	74.33	47.01	74.17	0.0	57.97	27.02	84.5	42.45	57.25
39	15.13	33.6	44.65	58.6	46.62	67.94	18.25	68.88	43.42	5.39	30.81	4.12	54.63	29.61	75.07	12.65	29.73	30.89	7.28	27.02	12.81	65.52	64.76	36.89	66.85	26.63	83.01	57.71	30.08	73.78	65.8	25.18	16.28	68.26	39.36	19.7	63.63	26.91	57.97	0.0	56.29	27.46	28.65	4.47
40	53.08	88.02	22.2	37.05	13.42	39.05	38.08	30.46	35.61	57.43	74.15	60.42	50.33	51.87	38.01	67.48	85.87	38.9	63.56	83.02	47.04	10.0	8.54	40.0	14.76	77.06	38.9	3.61	86.13	28.86	10.63	63.82	70.84	48.09	76.54	75.69	20.0	79.71	27.02	56.29	0.0	78.06	30.07	53.6
41	25.0	35.23	60.83	85.88	66.07	77.37	42.72	95.19	53.49	23.26	11.18	24.84	57.01	32.2	86.41	15.56	25.5	58.31	23.35	16.49	31.4	86.05	86.0	64.35	85.59	1.0	96.21	80.22	26.48	88.6	86.09	47.71	28.23	95.72	20.62	23.54	79.83	35.36	84.5	27.46	78.06	0.0	48.01	27.31
42	23.02	62.13	16.28	48.01	18.44	41.68	13.04	51.61	20.1	28.46	44.38	32.65	36.12	24.21	47.51	38.33	58.18	29.07	35.78	54.12	17.46	38.21	38.01	34.53	38.6	47.01	54.67	32.39	58.6	45.22	38.33	44.78	44.65	59.91	47.85	48.3	34.99	54.82	42.45	28.65	30.07	48.01	0.0	25.08
43	11.0	37.64	40.82	58.67	43.32	63.66	16.03	68.01	39.05	4.12	29.0	7.81	50.16	25.32	70.94	14.0	33.11	31.4	10.82	29.43	8.49	62.59	61.98	37.64	63.57	26.4	79.06	55.23	33.54	69.97	62.82	29.02	20.52	68.82	36.89	23.32	59.94	31.24	57.25	4.47	53.6	27.31	25.08	0.0
;
