set K:= 1	2	3	4	5	6;
set C_H:= 1	2	3	4	5	6	7	8	9	10	11	12;
set C_S:= 13	14	15	16	17	18	19	20	21	22	23	24;
set C_F:= 25	26	27	28	29	30	31	32	33	34	35	36;
set M:= 37	38	39	40	41	42;
set L_B:= 43	44	45	46	47	48;
set A1:=
(0,*) 1 2 3 4 5 6 7 8 9 10 11 12 25 26 27 28 29 30 31 32 33 34 35 36 37 38 39 40 41 42 43 44 45 46 47 48 49
(1,*) 0 2 3 4 5 6 7 8 9 10 11 12 25 26 27 28 29 30 31 32 33 34 35 36 37 38 39 40 41 42 43 44 45 46 47 48 49
(2,*) 0 1 3 4 5 6 7 8 9 10 11 12 25 26 27 28 29 30 31 32 33 34 35 36 37 38 39 40 41 42 43 44 45 46 47 48 49
(3,*) 0 1 2 4 5 6 7 8 9 10 11 12 25 26 27 28 29 30 31 32 33 34 35 36 37 38 39 40 41 42 43 44 45 46 47 48 49
(4,*) 0 1 2 3 5 6 7 8 9 10 11 12 25 26 27 28 29 30 31 32 33 34 35 36 37 38 39 40 41 42 43 44 45 46 47 48 49
(5,*) 0 1 2 3 4 6 7 8 9 10 11 12 25 26 27 28 29 30 31 32 33 34 35 36 37 38 39 40 41 42 43 44 45 46 47 48 49
(6,*) 0 1 2 3 4 5 7 8 9 10 11 12 25 26 27 28 29 30 31 32 33 34 35 36 37 38 39 40 41 42 43 44 45 46 47 48 49
(7,*) 0 1 2 3 4 5 6 8 9 10 11 12 25 26 27 28 29 30 31 32 33 34 35 36 37 38 39 40 41 42 43 44 45 46 47 48 49
(8,*) 0 1 2 3 4 5 6 7 9 10 11 12 25 26 27 28 29 30 31 32 33 34 35 36 37 38 39 40 41 42 43 44 45 46 47 48 49
(9,*) 0 1 2 3 4 5 6 7 8 10 11 12 25 26 27 28 29 30 31 32 33 34 35 36 37 38 39 40 41 42 43 44 45 46 47 48 49
(10,*) 0 1 2 3 4 5 6 7 8 9 11 12 25 26 27 28 29 30 31 32 33 34 35 36 37 38 39 40 41 42 43 44 45 46 47 48 49
(11,*) 0 1 2 3 4 5 6 7 8 9 10 12 25 26 27 28 29 30 31 32 33 34 35 36 37 38 39 40 41 42 43 44 45 46 47 48 49
(12,*) 0 1 2 3 4 5 6 7 8 9 10 11 25 26 27 28 29 30 31 32 33 34 35 36 37 38 39 40 41 42 43 44 45 46 47 48 49
(25,*) 0 1 2 3 4 5 6 7 8 9 10 11 12 26 27 28 29 30 31 32 33 34 35 36 37 38 39 40 41 42 43 44 45 46 47 48 49
(26,*) 0 1 2 3 4 5 6 7 8 9 10 11 12 25 27 28 29 30 31 32 33 34 35 36 37 38 39 40 41 42 43 44 45 46 47 48 49
(27,*) 0 1 2 3 4 5 6 7 8 9 10 11 12 25 26 28 29 30 31 32 33 34 35 36 37 38 39 40 41 42 43 44 45 46 47 48 49
(28,*) 0 1 2 3 4 5 6 7 8 9 10 11 12 25 26 27 29 30 31 32 33 34 35 36 37 38 39 40 41 42 43 44 45 46 47 48 49
(29,*) 0 1 2 3 4 5 6 7 8 9 10 11 12 25 26 27 28 30 31 32 33 34 35 36 37 38 39 40 41 42 43 44 45 46 47 48 49
(30,*) 0 1 2 3 4 5 6 7 8 9 10 11 12 25 26 27 28 29 31 32 33 34 35 36 37 38 39 40 41 42 43 44 45 46 47 48 49
(31,*) 0 1 2 3 4 5 6 7 8 9 10 11 12 25 26 27 28 29 30 32 33 34 35 36 37 38 39 40 41 42 43 44 45 46 47 48 49
(32,*) 0 1 2 3 4 5 6 7 8 9 10 11 12 25 26 27 28 29 30 31 33 34 35 36 37 38 39 40 41 42 43 44 45 46 47 48 49
(33,*) 0 1 2 3 4 5 6 7 8 9 10 11 12 25 26 27 28 29 30 31 32 34 35 36 37 38 39 40 41 42 43 44 45 46 47 48 49
(34,*) 0 1 2 3 4 5 6 7 8 9 10 11 12 25 26 27 28 29 30 31 32 33 35 36 37 38 39 40 41 42 43 44 45 46 47 48 49
(35,*) 0 1 2 3 4 5 6 7 8 9 10 11 12 25 26 27 28 29 30 31 32 33 34 36 37 38 39 40 41 42 43 44 45 46 47 48 49
(36,*) 0 1 2 3 4 5 6 7 8 9 10 11 12 25 26 27 28 29 30 31 32 33 34 35 37 38 39 40 41 42 43 44 45 46 47 48 49
(37,*) 0 1 2 3 4 5 6 7 8 9 10 11 12 25 26 27 28 29 30 31 32 33 34 35 36 38 39 40 41 42 43 44 45 46 47 48 49
(38,*) 0 1 2 3 4 5 6 7 8 9 10 11 12 25 26 27 28 29 30 31 32 33 34 35 36 37 39 40 41 42 43 44 45 46 47 48 49
(39,*) 0 1 2 3 4 5 6 7 8 9 10 11 12 25 26 27 28 29 30 31 32 33 34 35 36 37 38 40 41 42 43 44 45 46 47 48 49
(40,*) 0 1 2 3 4 5 6 7 8 9 10 11 12 25 26 27 28 29 30 31 32 33 34 35 36 37 38 39 41 42 43 44 45 46 47 48 49
(41,*) 0 1 2 3 4 5 6 7 8 9 10 11 12 25 26 27 28 29 30 31 32 33 34 35 36 37 38 39 40 42 43 44 45 46 47 48 49
(42,*) 0 1 2 3 4 5 6 7 8 9 10 11 12 25 26 27 28 29 30 31 32 33 34 35 36 37 38 39 40 41 43 44 45 46 47 48 49
(43,*) 0 1 2 3 4 5 6 7 8 9 10 11 12 25 26 27 28 29 30 31 32 33 34 35 36 37 38 39 40 41 42 44 45 46 47 48 49
(44,*) 0 1 2 3 4 5 6 7 8 9 10 11 12 25 26 27 28 29 30 31 32 33 34 35 36 37 38 39 40 41 42 43 45 46 47 48 49
(45,*) 0 1 2 3 4 5 6 7 8 9 10 11 12 25 26 27 28 29 30 31 32 33 34 35 36 37 38 39 40 41 42 43 44 46 47 48 49
(46,*) 0 1 2 3 4 5 6 7 8 9 10 11 12 25 26 27 28 29 30 31 32 33 34 35 36 37 38 39 40 41 42 43 44 45 47 48 49
(47,*) 0 1 2 3 4 5 6 7 8 9 10 11 12 25 26 27 28 29 30 31 32 33 34 35 36 37 38 39 40 41 42 43 44 45 46 48 49
(48,*) 0 1 2 3 4 5 6 7 8 9 10 11 12 25 26 27 28 29 30 31 32 33 34 35 36 37 38 39 40 41 42 43 44 45 46 47 49
(49,*) 0 1 2 3 4 5 6 7 8 9 10 11 12 25 26 27 28 29 30 31 32 33 34 35 36 37 38 39 40 41 42 43 44 45 46 47 48
;
set A2:=
(37,*) 38
(38,*) 37
;
param BigM:=99999;
param n:= 6;
param d:=
1	1
2	23
3	7
4	13
5	19
6	8
7	10
8	5
9	19
10	9
11	8
12	21
13	5
14	20
15	19
16	26
17	14
18	12
19	18
20	26
21	21
22	8
23	66
24	21
25	23
26	18
27	12
28	19
29	16
30	2
31	17
32	18
33	4
34	20
35	3
36	19
;
param Q:=100;
param w:=
[37,*] 38 2
[38,*] 37 2
;
param V:=
[37,*] 38 85
[38,*] 37 85
;
param e:
	37	38	39	40	41	42	43	44	45	46	47	48:=
13		0		0		0		0		0		1		0		0		0		0		0		0	
14		0		1		0		0		0		0		0		0		1		0		0		0	
15		0		0		0		0		0		0		0		0		0		0		0		1	
16		0		0		0		0		0		0		1		0		0		1		1		0	
17		0		0		0		0		0		0		0		0		1		0		0		0	
18		0		0		0		1		0		0		0		0		0		0		0		0	
19		0		0		1		0		0		1		0		0		0		0		0		0	
20		1		0		0		0		1		0		0		0		0		0		0		0	
21		0		0		0		0		0		0		0		1		0		0		0		0	
22		0		1		0		0		0		0		0		0		1		0		0		0	
23		1		0		0		0		1		0		0		0		0		0		0		0	
24		0		0		1		0		0		1		0		0		0		0		0		0	
25		0		1		0		0		0		0		0		0		0		0		0		0	
26		0		0		0		0		0		1		0		0		0		0		0		0	
27		0		0		0		0		0		1		0		0		0		0		0		0	
28		0		0		0		1		0		0		0		0		0		1		1		1	
29		1		0		0		1		0		0		0		0		0		0		0		0	
30		0		0		0		1		0		0		0		0		0		0		0		0	
31		0		0		1		0		0		0		0		0		0		0		0		0	
32		0		0		1		0		0		1		0		0		0		0		0		0	
33		1		0		0		0		1		0		0		0		0		0		0		0	
34		0		0		0		0		0		0		1		1		1		1		1		1	
35		0		0		0		1		0		0		0		0		0		0		0		0	
36		0		0		0		0		0		0		1		1		1		1		1		1	
;
param p:=
1	1
2	1
3	1
4	1
5	1
6	1
;
param G:=
37	85
38	76
39	91
40	82
41	79
42	93
43	95
44	85
45	71
46	100
47	75
48	92
;
param s:=
0	0
1	10
2	10
3	10
4	10
5	10
6	10
7	10
8	10
9	10
10	10
11	10
12	10
25	10
26	10
27	10
28	10
29	10
30	10
31	10
32	10
33	10
34	10
35	10
36	10
37	10
38	10
39	10
40	10
41	10
42	10
43	10
44	10
45	10
46	10
47	10
48	10
;
param t:
	0	1	2	3	4	5	6	7	8	9	10	11	12	13	14	15	16	17	18	19	20	21	22	23	24	25	26	27	28	29	30	31	32	33	34	35	36	37	38	39	40	41	42	43	44	45	46	47	48	49:=
0	0.0	57.22	61.66	74.53	11.18	67.78	23.32	43.46	39.32	72.45	104.04	56.75	69.38	24.21	55.36	70.84	41.88	36.24	90.61	18.03	66.64	42.15	71.39	52.09	20.1	86.65	25.0	16.12	69.66	78.82	94.37	16.03	10.0	50.16	58.26	91.92	38.48	69.26	61.4	12.21	91.93	66.61	16.12	44.1	37.2	47.3	47.42	51.66	60.21	0.0
1	57.22	0.0	5.66	18.87	46.53	75.15	40.72	27.8	18.0	37.85	70.77	92.96	81.88	42.94	14.87	29.73	52.5	33.3	66.75	67.74	70.77	27.66	23.02	78.52	57.01	41.4	33.06	58.87	60.42	69.87	77.1	61.68	65.92	76.38	43.68	48.83	30.41	79.61	4.47	64.2	71.34	85.7	43.1	35.23	38.18	19.42	47.17	44.28	37.48	57.22
2	61.66	5.66	0.0	13.42	51.2	80.5	46.07	33.42	22.36	41.19	73.05	98.6	87.32	48.37	13.45	32.56	58.14	38.95	70.26	71.25	76.06	33.3	24.7	84.17	60.02	42.54	37.05	64.08	65.25	74.53	81.0	66.85	70.61	82.04	48.7	50.12	36.07	85.0	2.0	68.01	75.06	91.26	47.01	40.8	43.84	25.0	52.7	49.65	42.2	61.66
3	74.53	18.87	13.42	0.0	64.29	91.59	59.48	45.97	35.44	47.68	75.95	111.66	98.74	61.77	21.38	38.47	70.71	52.01	76.24	83.0	86.95	46.01	29.15	96.9	71.18	43.93	49.65	77.47	74.85	83.49	87.82	80.23	83.68	94.79	59.06	51.42	49.04	96.25	14.42	80.16	81.5	103.23	59.41	53.08	56.73	37.48	64.66	61.03	51.89	74.53
4	11.18	46.53	51.2	64.29	0.0	62.59	13.45	32.65	28.86	61.77	94.02	58.6	65.38	15.26	46.07	59.81	35.11	25.81	81.34	27.02	60.73	31.3	60.21	50.64	23.77	75.61	15.81	16.64	61.59	71.2	86.02	18.44	19.42	48.51	48.8	81.02	27.78	64.78	50.8	21.63	83.1	64.03	10.44	34.06	27.59	36.14	39.12	42.64	50.0	11.18
5	67.78	75.15	80.5	91.59	62.59	0.0	51.24	48.38	69.43	50.61	60.07	39.81	8.06	48.37	86.33	58.0	28.07	46.53	42.05	85.49	5.0	49.04	66.53	24.6	86.13	66.89	70.01	52.33	21.02	21.02	37.11	53.71	65.86	24.7	32.8	66.21	48.05	5.0	78.71	79.71	39.12	16.28	71.85	40.8	41.3	56.08	28.86	30.87	40.46	67.78
6	23.32	40.72	46.07	59.48	13.45	51.24	0.0	20.62	25.5	49.24	80.8	54.82	55.04	3.16	44.55	48.27	23.19	13.0	67.9	40.36	48.84	19.42	50.04	43.46	36.72	64.03	19.42	18.44	48.37	58.14	72.67	21.38	28.64	41.23	35.36	68.95	15.52	54.01	45.19	34.83	69.66	55.11	20.88	20.81	14.14	26.02	25.94	29.21	36.89	23.32
7	43.46	27.8	33.42	45.97	32.65	48.38	20.62	0.0	22.02	29.15	62.24	66.03	54.63	21.1	37.95	27.66	24.76	8.0	51.62	59.36	44.38	1.41	30.15	50.93	53.04	43.42	28.84	38.01	37.22	47.38	58.87	41.01	49.24	48.84	20.62	48.47	5.1	52.55	31.89	54.2	54.56	57.98	36.07	7.62	11.18	8.49	19.7	18.11	18.6	43.46
8	39.32	18.0	22.36	35.44	28.86	69.43	25.5	22.02	0.0	45.22	79.63	80.06	75.0	28.28	19.1	39.6	43.08	23.09	71.69	50.01	65.76	21.0	36.36	67.42	39.92	54.2	15.13	42.54	59.21	69.35	80.08	45.18	48.27	65.19	42.43	60.96	21.38	73.25	22.09	46.27	75.27	77.08	25.18	29.07	28.46	17.46	40.61	40.01	38.9	39.32
9	72.45	37.85	41.19	47.68	61.77	50.61	49.24	29.15	45.22	0.0	34.41	82.28	58.6	49.04	52.63	9.22	42.11	36.25	29.07	88.51	45.61	30.53	18.68	65.15	81.69	17.46	56.59	65.0	30.41	37.22	40.2	67.91	77.49	63.6	20.62	20.22	34.0	55.61	39.2	83.35	34.01	65.51	64.82	29.12	36.4	28.32	33.14	27.17	14.0	72.45
10	104.04	70.77	73.05	75.95	94.02	60.07	80.8	62.24	79.63	34.41	0.0	99.13	67.36	79.88	85.62	41.15	66.85	68.25	18.03	121.04	56.0	63.66	48.38	82.39	115.28	32.14	90.61	93.94	41.44	39.2	26.83	96.6	107.54	81.61	46.14	25.0	66.6	64.28	71.17	115.6	21.84	76.24	98.31	60.0	66.85	62.63	58.6	53.24	44.05	104.04
11	56.75	92.96	98.6	111.66	58.6	39.81	54.82	66.03	80.06	82.28	99.13	0.0	34.18	51.86	99.16	87.09	42.06	59.67	81.22	70.11	43.29	65.8	93.47	17.26	76.69	99.72	72.72	42.15	58.01	60.67	76.9	41.11	49.37	18.68	61.68	101.0	62.63	36.69	97.31	65.38	78.77	25.5	68.94	59.68	55.0	74.4	50.16	55.71	68.95	56.75
12	69.38	81.88	87.32	98.74	65.38	8.06	55.04	54.63	75.0	58.6	67.36	34.18	0.0	52.01	92.48	65.86	32.39	51.92	49.37	86.65	13.04	55.15	74.25	21.21	88.46	74.95	74.24	53.45	29.07	28.16	43.29	54.42	66.31	22.02	40.36	74.25	53.76	3.16	85.59	80.96	46.01	9.06	75.11	47.01	46.57	62.61	34.93	37.74	48.1	69.38
13	24.21	42.94	48.37	61.77	15.26	48.37	3.16	21.1	28.28	49.04	79.88	51.86	52.01	0.0	47.38	48.66	20.4	13.15	66.48	41.73	46.1	20.02	51.01	40.31	38.91	64.33	22.56	17.03	46.32	55.95	70.8	20.02	28.46	38.08	34.06	68.96	16.03	51.04	47.41	36.07	68.01	51.97	23.54	20.12	13.04	27.29	23.85	27.59	36.24	24.21
14	55.36	14.87	13.45	21.38	46.07	86.33	44.55	37.95	19.1	52.63	85.62	99.16	92.48	47.38	0.0	44.6	61.29	41.18	81.39	62.13	82.28	37.34	37.59	86.27	50.01	55.76	30.46	61.03	73.44	83.22	91.44	63.51	65.0	84.05	56.44	63.29	38.91	90.48	15.0	59.68	85.84	95.26	39.56	45.54	46.53	30.59	57.58	55.79	51.01	55.36
15	70.84	29.73	32.56	38.47	59.81	58.0	48.27	27.66	39.6	9.22	41.15	87.09	65.86	48.66	44.6	0.0	45.61	35.51	38.0	85.87	53.04	28.86	9.49	70.26	77.94	15.81	52.43	65.38	38.6	46.07	49.37	68.36	76.9	68.54	26.08	21.63	32.76	62.97	30.59	81.02	43.1	72.2	61.4	30.02	37.01	24.19	37.0	31.38	18.36	70.84
16	41.88	52.5	58.14	70.71	35.11	28.07	23.19	24.76	43.08	42.11	66.85	42.06	32.39	20.4	61.29	45.61	0.0	20.12	51.11	59.91	25.71	24.84	51.48	26.25	58.87	59.41	42.01	28.32	28.32	37.01	53.04	30.61	42.45	24.21	22.09	62.0	22.47	31.06	56.64	54.08	51.4	34.01	43.93	17.8	14.76	33.24	9.0	15.0	28.16	41.88
17	36.24	33.3	38.95	52.01	25.81	46.53	13.0	8.0	23.09	36.25	68.25	59.67	51.92	13.15	41.18	35.51	20.12	0.0	56.22	52.8	43.1	7.07	38.12	45.45	47.63	51.2	25.3	30.02	38.9	49.04	62.18	33.02	41.48	43.28	23.85	55.97	3.16	50.22	37.64	47.43	58.52	54.13	30.81	8.6	5.39	15.23	18.0	18.97	24.21	36.24
18	90.61	66.75	70.26	76.24	81.34	42.05	67.9	51.62	71.69	29.07	18.03	81.22	49.37	66.48	81.39	38.0	51.11	56.22	0.0	108.19	38.01	53.0	47.1	64.63	103.86	36.25	80.45	79.06	24.04	21.21	12.53	81.54	93.01	63.95	32.56	31.62	55.22	46.27	68.26	102.55	5.83	58.22	87.01	47.63	53.76	54.23	43.6	38.95	33.12	90.61
19	18.03	67.74	71.25	83.0	27.02	85.49	40.36	59.36	50.01	88.51	121.04	70.11	86.65	41.73	62.13	85.87	59.91	52.8	108.19	0.0	84.53	57.98	85.09	68.25	13.0	101.55	34.93	33.24	87.62	96.83	112.29	32.28	21.1	66.49	75.69	107.35	54.64	86.73	71.45	5.83	109.71	83.2	25.0	61.07	54.49	61.74	65.3	69.31	77.01	18.03
20	66.64	70.77	76.06	86.95	60.73	5.0	48.84	44.38	65.76	45.61	56.0	43.29	13.04	46.1	82.28	53.04	25.71	43.1	38.01	84.53	0.0	45.12	61.62	27.2	84.43	61.91	67.19	51.62	16.16	17.46	34.18	53.25	65.46	26.93	28.02	61.33	44.41	10.0	74.25	78.71	35.51	20.88	69.63	36.88	38.01	51.87	25.18	26.57	35.61	66.64
21	42.15	27.66	33.3	46.01	31.3	49.04	19.42	1.41	21.0	30.53	63.66	65.8	55.15	20.02	37.34	28.86	24.84	7.07	53.0	57.98	45.12	0.0	31.06	50.91	51.62	44.64	27.46	37.0	38.33	48.51	60.17	40.0	48.05	48.8	21.84	49.77	4.0	53.14	31.83	52.84	55.9	58.31	34.66	8.25	10.82	8.6	20.25	19.03	20.0	42.15
22	71.39	23.02	24.7	29.15	60.21	66.53	50.04	30.15	36.36	18.68	48.38	93.47	74.25	51.01	37.59	9.49	51.48	38.12	47.1	85.09	61.62	31.06	0.0	77.03	76.03	18.44	50.57	68.03	47.71	55.46	58.69	71.03	78.41	75.18	33.97	25.81	35.06	71.45	22.85	80.65	52.35	80.16	60.17	34.48	40.79	24.19	43.42	38.28	26.17	71.39
23	52.09	78.52	84.17	96.9	50.64	24.6	43.46	50.93	67.42	65.15	82.39	17.26	21.21	40.31	86.27	70.26	26.25	45.45	64.63	68.25	27.2	50.91	77.03	0.0	72.01	82.57	62.63	36.01	41.05	44.64	61.35	36.22	47.3	2.24	44.6	83.74	48.17	22.8	82.73	62.8	62.59	15.23	61.0	44.05	40.36	59.41	33.62	38.91	52.0	52.09
24	20.1	57.01	60.02	71.18	23.77	86.13	36.72	53.04	39.92	81.69	115.28	76.69	88.46	38.91	50.01	77.94	58.87	47.63	103.86	13.0	84.43	51.62	76.03	72.01	0.0	93.3	25.55	36.0	85.09	94.83	109.29	36.12	27.86	70.03	71.4	99.57	48.84	88.07	60.42	13.45	106.02	86.28	16.97	56.22	50.48	53.82	62.65	65.73	71.45	20.1
25	86.65	41.4	42.54	43.93	75.61	66.89	64.03	43.42	54.2	17.46	32.14	99.72	74.95	64.33	55.76	15.81	59.41	51.2	36.25	101.55	61.91	44.64	18.44	82.57	93.3	0.0	67.74	80.89	46.04	50.91	48.75	83.86	92.65	81.04	38.08	7.62	48.51	71.87	40.82	96.77	42.05	82.3	76.94	45.18	52.35	39.81	50.49	44.55	31.26	86.65
26	25.0	33.06	37.05	49.65	15.81	70.01	19.42	28.84	15.13	56.59	90.61	72.72	74.24	22.56	30.46	52.43	42.01	25.3	80.45	34.93	67.19	27.46	50.57	62.63	25.55	67.74	0.0	31.83	64.2	74.33	87.24	33.97	34.54	60.41	48.75	74.06	25.5	73.06	37.0	31.14	83.24	74.53	10.05	33.62	29.61	28.43	42.76	44.27	47.43	25.0
27	16.12	58.87	64.08	77.47	16.64	52.33	18.44	38.01	42.54	65.0	93.94	42.15	53.45	17.03	61.03	65.38	28.32	30.02	79.06	33.24	51.62	37.0	68.03	36.01	36.0	80.89	31.83	0.0	56.64	65.12	81.34	3.0	14.14	34.06	47.85	85.15	33.0	53.49	63.32	27.51	79.65	50.49	26.83	35.9	28.64	44.28	35.51	40.71	51.55	16.12
28	69.66	60.42	65.25	74.85	61.59	21.02	48.37	37.22	59.21	30.41	41.44	58.01	29.07	46.32	73.44	38.6	28.32	38.9	24.04	87.62	16.16	38.33	47.71	41.05	85.09	46.04	64.2	56.64	0.0	10.2	24.76	58.9	70.77	40.2	17.03	45.19	39.05	25.94	63.32	81.84	23.32	37.0	68.88	30.81	34.93	43.05	22.47	19.92	23.09	69.66
29	78.82	69.87	74.53	83.49	71.2	21.02	58.14	47.38	69.35	37.22	39.2	60.67	28.16	55.95	83.22	46.07	37.01	49.04	21.21	96.83	17.46	48.51	55.46	44.64	94.83	50.91	74.33	65.12	10.2	0.0	17.0	67.18	79.25	44.27	27.02	48.6	49.24	25.08	72.57	91.02	18.11	37.05	78.79	41.0	44.94	53.0	32.2	30.08	32.39	78.82
30	94.37	77.1	81.0	87.82	86.02	37.11	72.67	58.87	80.08	40.2	26.83	76.9	43.29	70.8	91.44	49.37	53.04	62.18	12.53	112.29	34.18	60.17	58.69	61.35	109.29	48.75	87.24	81.34	24.76	17.0	0.0	83.55	95.48	61.1	38.48	44.1	61.74	40.45	79.0	106.53	6.71	52.35	92.78	53.67	58.83	62.82	47.01	43.57	41.23	94.37
31	16.03	61.68	66.85	80.23	18.44	53.71	21.38	41.01	45.18	67.91	96.6	41.11	54.42	20.02	63.51	68.36	30.61	33.02	81.54	32.28	53.25	40.0	71.03	36.22	36.12	83.86	33.97	3.0	58.9	67.18	83.55	0.0	12.21	34.37	50.57	88.07	36.0	54.63	66.13	26.68	82.01	50.99	28.3	38.83	31.58	47.27	38.08	43.38	54.41	16.03
32	10.0	65.92	70.61	83.68	19.42	65.86	28.64	49.24	48.27	77.49	107.54	49.37	66.31	28.46	65.0	76.9	42.45	41.48	93.01	21.1	65.46	48.05	78.41	47.3	27.86	92.65	34.54	14.14	70.77	79.25	95.48	12.21	0.0	45.61	61.4	97.42	44.15	66.64	70.21	16.03	93.72	62.36	26.08	48.47	41.23	54.23	49.41	54.38	64.47	10.0
33	50.16	76.38	82.04	94.79	48.51	24.7	41.23	48.84	65.19	63.6	81.61	18.68	22.02	38.08	84.05	68.54	24.21	43.28	63.95	66.49	26.93	48.8	75.18	2.24	70.03	81.04	60.41	34.06	40.2	44.27	61.1	34.37	45.61	0.0	43.01	82.38	46.01	23.35	80.61	61.0	62.1	16.76	58.86	42.01	38.21	57.31	31.76	37.16	50.33	50.16
34	58.26	43.68	48.7	59.06	48.8	32.8	35.36	20.62	42.43	20.62	46.14	61.68	40.36	34.06	56.44	26.08	22.09	23.85	32.56	75.69	28.02	21.84	33.97	44.6	71.4	38.08	48.75	47.85	17.03	27.02	38.48	50.57	61.4	43.01	0.0	40.05	23.26	37.64	46.82	70.09	34.67	46.23	54.64	15.26	21.21	26.02	13.15	7.28	7.81	58.26
35	91.92	48.83	50.12	51.42	81.02	66.21	68.95	48.47	60.96	20.22	25.0	101.0	74.25	68.96	63.29	21.63	62.0	55.97	31.62	107.35	61.33	49.77	25.81	83.74	99.57	7.62	74.06	85.15	45.19	48.6	44.1	88.07	97.42	82.38	40.05	0.0	53.49	71.11	48.37	102.42	37.44	82.08	83.01	49.24	56.52	45.79	53.0	47.0	34.13	91.92
36	38.48	30.41	36.07	49.04	27.78	48.05	15.52	5.1	21.38	34.0	66.6	62.63	53.76	16.03	38.91	32.76	22.47	3.16	55.22	54.64	44.41	4.0	35.06	48.17	48.84	48.51	25.5	33.0	39.05	49.24	61.74	36.0	44.15	46.01	23.26	53.49	0.0	51.92	34.71	49.4	57.8	56.36	31.89	8.25	7.81	12.08	19.24	19.24	22.63	38.48
37	69.26	79.61	85.0	96.25	64.78	5.0	54.01	52.55	73.25	55.61	64.28	36.69	3.16	51.04	90.48	62.97	31.06	50.22	46.27	86.73	10.0	53.14	71.45	22.8	88.07	71.87	73.06	53.49	25.94	25.08	40.45	54.63	66.64	23.35	37.64	71.11	51.92	0.0	83.24	80.99	43.0	12.0	74.33	44.94	44.91	60.42	32.89	35.36	45.34	69.26
38	61.4	4.47	2.0	14.42	50.8	78.71	45.19	31.89	22.09	39.2	71.17	97.31	85.59	47.41	15.0	30.59	56.64	37.64	68.26	71.45	74.25	31.83	22.85	82.73	60.42	40.82	37.0	63.32	63.32	72.57	79.0	66.13	70.21	80.61	46.82	48.37	34.71	83.24	0.0	68.07	73.06	89.63	47.01	39.2	42.45	23.43	51.04	47.89	40.26	61.4
39	12.21	64.2	68.01	80.16	21.63	79.71	34.83	54.2	46.27	83.35	115.6	65.38	80.96	36.07	59.68	81.02	54.08	47.43	102.55	5.83	78.71	52.84	80.65	62.8	13.45	96.77	31.14	27.51	81.84	91.02	106.53	26.68	16.03	61.0	70.09	102.42	49.4	80.99	68.07	0.0	104.0	77.67	21.1	55.61	48.92	57.01	59.55	63.64	71.61	12.21
40	91.93	71.34	75.06	81.5	83.1	39.12	69.66	54.56	75.27	34.01	21.84	78.77	46.01	68.01	85.84	43.1	51.4	58.52	5.83	109.71	35.51	55.9	52.35	62.59	106.02	42.05	83.24	79.65	23.32	18.11	6.71	82.01	93.72	62.1	34.67	37.44	57.8	43.0	73.06	104.0	0.0	55.0	89.31	49.93	55.61	57.87	44.55	40.46	36.4	91.93
41	66.61	85.7	91.26	103.23	64.03	16.28	55.11	57.98	77.08	65.51	76.24	25.5	9.06	51.97	95.26	72.2	34.01	54.13	58.22	83.2	20.88	58.31	80.16	15.23	86.28	82.3	74.53	50.49	37.0	37.05	52.35	50.99	62.36	16.76	46.23	82.08	56.36	12.0	89.63	77.67	55.0	0.0	74.17	50.48	48.75	66.29	38.6	42.45	54.04	66.61
42	16.12	43.1	47.01	59.41	10.44	71.85	20.88	36.07	25.18	64.82	98.31	68.94	75.11	23.54	39.56	61.4	43.93	30.81	87.01	25.0	69.63	34.66	60.17	61.0	16.97	76.94	10.05	26.83	68.88	78.79	92.78	28.3	26.08	58.86	54.64	83.01	31.89	74.33	47.01	21.1	89.31	74.17	0.0	39.41	34.0	37.22	46.62	49.24	54.49	16.12
43	44.1	35.23	40.8	53.08	34.06	40.8	20.81	7.62	29.07	29.12	60.0	59.68	47.01	20.12	45.54	30.02	17.8	8.6	47.63	61.07	36.88	8.25	34.48	44.05	56.22	45.18	33.62	35.9	30.81	41.0	53.67	38.83	48.47	42.01	15.26	49.24	8.25	44.94	39.2	55.61	49.93	50.48	39.41	0.0	7.28	15.81	12.08	11.05	16.12	44.1
44	37.2	38.18	43.84	56.73	27.59	41.3	14.14	11.18	28.46	36.4	66.85	55.0	46.57	13.04	46.53	37.01	14.76	5.39	53.76	54.49	38.01	10.82	40.79	40.36	50.48	52.35	29.61	28.64	34.93	44.94	58.83	31.58	41.23	38.21	21.21	56.52	7.81	44.91	42.45	48.92	55.61	48.75	34.0	7.28	0.0	19.42	13.15	15.26	23.26	37.2
45	47.3	19.42	25.0	37.48	36.14	56.08	26.02	8.49	17.46	28.32	62.63	74.4	62.61	27.29	30.59	24.19	33.24	15.23	54.23	61.74	51.87	8.6	24.19	59.41	53.82	39.81	28.43	44.28	43.05	53.0	62.82	47.27	54.23	57.31	26.02	45.79	12.08	60.42	23.43	57.01	57.87	66.29	37.22	15.81	19.42	0.0	27.78	25.3	21.59	47.3
46	47.42	47.17	52.7	64.66	39.12	28.86	25.94	19.7	40.61	33.14	58.6	50.16	34.93	23.85	57.58	37.0	9.0	18.0	43.6	65.3	25.18	20.25	43.42	33.62	62.65	50.49	42.76	35.51	22.47	32.2	47.01	38.08	49.41	31.76	13.15	53.0	19.24	32.89	51.04	59.55	44.55	38.6	46.62	12.08	13.15	27.78	0.0	6.0	19.24	47.42
47	51.66	44.28	49.65	61.03	42.64	30.87	29.21	18.11	40.01	27.17	53.24	55.71	37.74	27.59	55.79	31.38	15.0	18.97	38.95	69.31	26.57	19.03	38.28	38.91	65.73	44.55	44.27	40.71	19.92	30.08	43.57	43.38	54.38	37.16	7.28	47.0	19.24	35.36	47.89	63.64	40.46	42.45	49.24	11.05	15.26	25.3	6.0	0.0	13.34	51.66
48	60.21	37.48	42.2	51.89	50.0	40.46	36.89	18.6	38.9	14.0	44.05	68.95	48.1	36.24	51.01	18.36	28.16	24.21	33.12	77.01	35.61	20.0	26.17	52.0	71.45	31.26	47.43	51.55	23.09	32.39	41.23	54.41	64.47	50.33	7.81	34.13	22.63	45.34	40.26	71.61	36.4	54.04	54.49	16.12	23.26	21.59	19.24	13.34	0.0	60.21
;
