set K:= 1	2	3	4	5;
set C_H:= 1	2	3	4	5	6	7	8	9	10	11	12	13	14;
set C_S:= 15	16	17	18	19	20	21	22	23;
set C_F:= 24	25	26	27	28	29	30	31	32;
set M:= 33	34	35	36;
set L_B:= 37	38;
set A1:=
(0,*) 1 2 3 4 5 6 7 8 9 10 11 12 13 14 24 25 26 27 28 29 30 31 32 33 34 35 36 37 38
(1,*) 0 2 3 4 5 6 7 8 9 10 11 12 13 14 24 25 26 27 28 29 30 31 32 33 34 35 36 37 38
(2,*) 0 1 3 4 5 6 7 8 9 10 11 12 13 14 24 25 26 27 28 29 30 31 32 33 34 35 36 37 38
(3,*) 0 1 2 4 5 6 7 8 9 10 11 12 13 14 24 25 26 27 28 29 30 31 32 33 34 35 36 37 38
(4,*) 0 1 2 3 5 6 7 8 9 10 11 12 13 14 24 25 26 27 28 29 30 31 32 33 34 35 36 37 38
(5,*) 0 1 2 3 4 6 7 8 9 10 11 12 13 14 24 25 26 27 28 29 30 31 32 33 34 35 36 37 38
(6,*) 0 1 2 3 4 5 7 8 9 10 11 12 13 14 24 25 26 27 28 29 30 31 32 33 34 35 36 37 38
(7,*) 0 1 2 3 4 5 6 8 9 10 11 12 13 14 24 25 26 27 28 29 30 31 32 33 34 35 36 37 38
(8,*) 0 1 2 3 4 5 6 7 9 10 11 12 13 14 24 25 26 27 28 29 30 31 32 33 34 35 36 37 38
(9,*) 0 1 2 3 4 5 6 7 8 10 11 12 13 14 24 25 26 27 28 29 30 31 32 33 34 35 36 37 38
(10,*) 0 1 2 3 4 5 6 7 8 9 11 12 13 14 24 25 26 27 28 29 30 31 32 33 34 35 36 37 38
(11,*) 0 1 2 3 4 5 6 7 8 9 10 12 13 14 24 25 26 27 28 29 30 31 32 33 34 35 36 37 38
(12,*) 0 1 2 3 4 5 6 7 8 9 10 11 13 14 24 25 26 27 28 29 30 31 32 33 34 35 36 37 38
(13,*) 0 1 2 3 4 5 6 7 8 9 10 11 12 14 24 25 26 27 28 29 30 31 32 33 34 35 36 37 38
(14,*) 0 1 2 3 4 5 6 7 8 9 10 11 12 13 24 25 26 27 28 29 30 31 32 33 34 35 36 37 38
(24,*) 0 1 2 3 4 5 6 7 8 9 10 11 12 13 14 25 26 27 28 29 30 31 32 33 34 35 36 37 38
(25,*) 0 1 2 3 4 5 6 7 8 9 10 11 12 13 14 24 26 27 28 29 30 31 32 33 34 35 36 37 38
(26,*) 0 1 2 3 4 5 6 7 8 9 10 11 12 13 14 24 25 27 28 29 30 31 32 33 34 35 36 37 38
(27,*) 0 1 2 3 4 5 6 7 8 9 10 11 12 13 14 24 25 26 28 29 30 31 32 33 34 35 36 37 38
(28,*) 0 1 2 3 4 5 6 7 8 9 10 11 12 13 14 24 25 26 27 29 30 31 32 33 34 35 36 37 38
(29,*) 0 1 2 3 4 5 6 7 8 9 10 11 12 13 14 24 25 26 27 28 30 31 32 33 34 35 36 37 38
(30,*) 0 1 2 3 4 5 6 7 8 9 10 11 12 13 14 24 25 26 27 28 29 31 32 33 34 35 36 37 38
(31,*) 0 1 2 3 4 5 6 7 8 9 10 11 12 13 14 24 25 26 27 28 29 30 32 33 34 35 36 37 38
(32,*) 0 1 2 3 4 5 6 7 8 9 10 11 12 13 14 24 25 26 27 28 29 30 31 33 34 35 36 37 38
(33,*) 0 1 2 3 4 5 6 7 8 9 10 11 12 13 14 24 25 26 27 28 29 30 31 32 34 35 36 37 38
(34,*) 0 1 2 3 4 5 6 7 8 9 10 11 12 13 14 24 25 26 27 28 29 30 31 32 33 35 36 37 38
(35,*) 0 1 2 3 4 5 6 7 8 9 10 11 12 13 14 24 25 26 27 28 29 30 31 32 33 34 36 37 38
(36,*) 0 1 2 3 4 5 6 7 8 9 10 11 12 13 14 24 25 26 27 28 29 30 31 32 33 34 35 37 38
(37,*) 0 1 2 3 4 5 6 7 8 9 10 11 12 13 14 24 25 26 27 28 29 30 31 32 33 34 35 36 38
(38,*) 0 1 2 3 4 5 6 7 8 9 10 11 12 13 14 24 25 26 27 28 29 30 31 32 33 34 35 36 37
;
set A2:=
(33,*) 34
(34,*) 33
(35,*) 36
(36,*) 35
;
param BigM:=99999;
param n:= 5;
param d:=
1	5
2	23
3	14
4	13
5	8
6	18
7	18
8	5
9	24
10	14
11	2
12	23
13	15
14	20
15	10
16	9
17	18
18	10
19	13
20	8
21	14
22	8
23	3
24	19
25	20
26	23
27	9
28	14
29	10
30	19
31	13
32	24
;
param Q:=100
param w:=
[33,*] 34 5
[34,*] 33 5
[35,*] 36 5
[36,*] 35 5
;
param V:=
[33,*] 34 267
[34,*] 33 267
[35,*] 36 267
[36,*] 35 267
;
param f:=
33	100
34	100
35	100
36	100
37	100
38	100
;
param e:
	33	34	35	36	37	38:=
15	1	0	0	0	0	0	
16	1	0	1	0	0	0	
17	0	0	0	0	1	1	
18	0	0	1	0	0	0	
19	0	1	0	0	0	1	
20	1	0	0	0	1	0	
21	0	1	0	0	0	1	
22	0	1	0	0	0	1	
23	0	0	1	0	0	0	
24	1	0	0	0	0	0	
25	1	0	1	0	1	0	
26	1	0	0	0	0	0	
27	0	1	0	0	0	1	
28	0	1	0	0	0	1	
29	0	1	0	0	0	1	
30	0	0	0	0	1	1	
31	0	0	0	1	0	1	
32	0	1	0	0	0	1	
;
param r:
	33	34	35	36:=
33	0	1	0	0	
34	1	0	0	0	
35	0	0	0	1	
36	0	0	1	0	
;
param p:=
1	1
2	1
3	1
4	1
5	1
;
param G:=
33	267
34	267
35	267
36	267
37	66
38	66
;
param s:=
0	0
1	15
2	15
3	15
4	15
5	15
6	15
7	15
8	15
9	15
10	15
11	15
12	15
13	15
14	15
24	15
25	15
26	15
27	15
28	15
29	15
30	15
31	15
32	15
33	30
34	30
35	30
36	30
37	15
38	15
;
param t:
	0	1	2	3	4	5	6	7	8	9	10	11	12	13	14	15	16	17	18	19	20	21	22	23	24	25	26	27	28	29	30	31	32	33	34	35	36	37	38:=
0	0.0	45.45	14.56	45.45	36.4	60.83	24.0	64.82	17.8	72.01	61.07	65.0	61.13	17.09	61.0	64.35	41.11	20.0	39.05	19.24	31.4	10.77	40.01	40.31	73.36	55.33	56.22	39.05	33.12	39.7	7.81	22.36	29.53	64.9	36.16	64.29	37.23	38.6	23.02
1	45.45	0.0	59.08	58.0	78.24	99.73	35.36	80.16	28.3	94.09	97.69	107.34	98.09	29.83	96.57	108.58	79.65	50.54	54.23	26.91	76.37	35.36	30.41	85.45	116.61	88.87	101.14	10.05	19.0	9.06	46.1	45.89	17.49	108.13	9.3	87.16	64.67	70.23	22.63
2	14.56	59.08	0.0	55.01	31.26	56.14	31.3	71.59	30.81	75.8	58.05	57.07	57.87	31.62	58.69	54.23	38.6	28.64	48.75	33.62	21.59	25.3	54.08	26.4	64.2	54.78	45.18	51.74	44.6	52.5	19.1	24.33	43.86	56.03	49.86	68.31	30.96	41.4	37.12
3	45.45	58.0	55.01	0.0	45.4	54.64	63.51	22.56	49.24	36.22	49.68	67.54	50.45	39.82	47.42	74.33	39.85	26.42	6.4	42.05	54.15	41.4	28.44	70.58	77.83	38.95	71.59	59.84	61.03	59.68	37.8	66.53	43.93	70.55	52.35	29.71	82.68	25.3	44.94
4	36.4	78.24	31.26	45.4	0.0	25.0	59.84	52.5	53.31	50.8	26.93	29.15	26.68	48.55	27.86	31.4	9.22	29.07	41.23	51.62	13.45	43.83	60.46	29.15	38.42	25.61	26.57	73.82	69.08	74.3	32.65	55.0	60.8	29.98	69.24	44.35	61.03	21.1	56.08
5	60.83	99.73	56.14	54.64	25.0	0.0	84.59	50.8	76.92	41.3	7.07	15.0	6.08	70.94	10.05	25.71	20.25	49.19	53.15	74.09	36.14	67.05	77.34	47.17	24.52	16.76	29.68	96.57	92.72	96.93	56.04	80.0	82.29	19.49	91.17	38.06	85.11	31.14	78.55
6	24.0	35.36	31.3	63.51	59.84	84.59	0.0	85.0	14.87	94.24	85.05	87.64	85.09	24.08	85.0	85.49	65.07	41.76	57.45	22.67	52.55	22.36	47.17	56.22	95.27	79.23	76.48	25.71	16.76	26.68	30.41	10.77	27.86	86.99	28.02	86.53	29.4	61.98	21.95
7	64.82	80.16	71.59	22.56	52.5	50.8	85.0	0.0	71.18	16.64	44.15	65.62	45.12	61.85	41.23	75.06	44.15	44.82	27.86	64.26	64.47	62.65	50.0	81.15	75.31	34.23	75.33	82.38	83.52	82.2	57.01	86.84	66.49	69.71	74.84	13.83	101.34	32.2	67.36
8	17.8	28.3	30.81	49.24	53.31	76.92	14.87	71.18	0.0	81.49	76.3	82.29	76.49	9.43	75.8	82.1	56.75	30.02	43.38	7.81	49.2	10.05	32.65	57.2	90.92	69.18	74.03	21.26	15.81	21.93	20.88	21.84	15.0	82.44	19.18	73.86	41.34	51.0	8.06
9	72.01	94.09	75.8	36.22	50.8	41.3	94.24	16.64	81.49	0.0	34.23	56.22	35.23	72.57	31.26	66.91	41.62	52.55	40.01	75.31	64.03	72.12	64.63	79.88	65.0	26.93	69.26	95.19	95.19	95.13	64.47	94.37	79.16	60.79	87.93	7.73	106.62	34.41	78.92
10	61.07	97.69	58.05	49.68	26.93	7.07	85.05	44.15	76.3	34.23	0.0	22.02	1.0	69.64	3.0	32.76	20.0	47.43	48.84	72.8	39.4	66.29	73.82	52.01	31.26	10.82	36.24	95.21	91.98	95.51	55.58	81.3	80.41	26.56	89.42	31.16	87.92	27.78	77.2
11	65.0	107.34	57.07	67.54	29.15	15.0	87.64	65.62	82.29	56.22	22.02	0.0	21.02	77.7	25.02	11.66	29.07	57.49	65.19	80.78	35.51	72.95	87.78	41.23	10.3	31.4	18.87	102.96	97.99	103.45	61.77	81.39	89.87	4.86	98.37	53.04	82.99	42.72	85.23
12	61.13	98.09	57.87	50.45	26.68	6.08	85.09	45.12	76.49	35.23	1.0	21.02	0.0	69.92	4.0	31.78	20.02	47.76	49.52	73.08	39.0	66.49	74.4	51.4	30.27	11.66	35.36	95.51	92.2	95.82	55.73	81.22	80.78	25.57	89.77	32.15	87.63	28.3	77.49
13	17.09	29.83	31.62	39.82	48.55	70.94	24.08	61.85	9.43	72.57	69.64	77.7	69.92	0.0	68.88	78.75	50.7	22.36	34.01	3.16	46.75	6.32	25.0	57.25	86.84	61.81	71.42	25.63	23.0	26.0	16.28	29.53	12.81	78.35	20.71	64.99	48.41	43.29	7.62
14	61.0	96.57	58.69	47.42	27.86	10.05	85.0	41.23	75.8	31.26	3.0	25.02	4.0	68.88	0.0	35.69	20.22	46.57	46.86	72.03	40.71	65.76	72.11	53.91	34.23	8.49	38.91	94.37	91.41	94.64	55.23	81.61	79.38	29.54	88.43	28.17	88.87	26.4	76.4
15	64.35	108.58	54.23	74.33	31.4	25.71	85.49	75.06	82.1	66.91	32.76	11.66	31.78	78.75	35.69	0.0	34.54	60.44	71.18	81.69	33.12	73.41	91.84	34.0	11.05	41.01	10.0	103.23	97.42	103.81	62.48	78.11	91.35	6.83	99.39	63.12	77.08	49.04	86.05
16	41.11	79.65	38.6	39.85	9.22	20.25	65.07	44.15	56.75	41.62	20.0	29.07	20.02	50.7	20.22	34.54	0.0	29.15	36.67	53.85	22.63	46.84	58.73	38.28	39.2	16.64	32.14	76.32	72.53	76.69	35.9	61.4	62.18	31.31	71.0	35.3	69.11	14.56	58.31
17	20.0	50.54	28.64	26.42	29.07	49.19	41.76	44.82	30.02	52.55	47.43	57.49	47.76	22.36	46.57	60.44	29.15	0.0	20.12	25.5	32.28	20.1	31.76	47.17	67.21	39.46	54.71	47.8	45.18	48.08	12.21	42.19	33.11	58.87	42.04	44.83	56.77	21.02	29.83
18	39.05	54.23	48.75	6.4	41.23	53.15	57.45	27.86	43.38	40.01	48.84	65.19	49.52	34.01	46.86	71.18	36.67	20.12	0.0	36.4	49.0	35.23	26.0	65.19	75.47	38.42	67.72	55.23	55.79	55.15	31.4	60.21	39.2	67.87	47.92	32.94	76.27	22.47	39.56
19	19.24	26.91	33.62	42.05	51.62	74.09	22.67	64.26	7.81	75.31	72.8	80.78	73.08	3.16	72.03	81.69	53.85	25.5	36.4	0.0	49.52	8.6	25.08	59.54	89.87	64.94	74.25	22.47	20.02	22.85	19.21	29.15	10.3	81.38	17.71	67.77	48.41	46.39	4.47
20	31.4	76.37	21.59	54.15	13.45	36.14	52.55	64.47	49.2	64.03	39.4	35.51	39.0	46.75	40.71	33.12	22.63	32.28	49.0	49.52	0.0	41.01	63.69	16.76	42.72	39.05	24.84	70.43	64.35	71.06	30.61	45.89	59.55	34.47	67.09	57.36	48.99	32.31	53.74
21	10.77	35.36	25.3	41.4	43.83	67.05	22.36	62.65	10.05	72.12	66.29	72.95	66.49	6.32	65.76	73.41	46.84	20.1	35.23	8.6	41.01	0.0	30.41	51.0	81.84	59.14	65.8	30.02	25.71	30.53	11.18	25.61	18.87	73.34	26.08	64.44	43.67	41.01	12.73
22	40.01	30.41	54.08	28.44	60.46	77.34	47.17	50.0	32.65	64.63	73.82	87.78	74.4	25.0	72.11	91.84	58.73	31.76	26.0	25.08	63.69	30.41	0.0	77.37	97.84	63.81	86.45	34.44	38.42	34.01	35.36	54.23	20.52	89.71	26.72	58.13	73.37	46.23	25.24
23	40.31	85.45	26.4	70.58	29.15	47.17	56.22	81.15	57.2	79.88	52.01	41.23	51.4	57.25	53.91	34.0	38.28	47.17	65.19	59.54	16.76	51.0	77.37	0.0	45.01	53.91	24.0	78.1	70.72	78.87	42.38	47.17	69.84	38.29	76.21	73.51	43.24	49.04	63.29
24	73.36	116.61	64.2	77.83	38.42	24.52	95.27	75.31	90.92	65.0	31.26	10.3	30.27	86.84	34.23	11.05	39.2	67.21	75.47	89.87	42.72	81.84	97.84	45.01	0.0	41.23	21.02	111.83	106.47	112.36	70.72	88.32	99.2	8.49	107.55	62.41	88.0	53.0	94.3
25	55.33	88.87	54.78	38.95	25.61	16.76	79.23	34.23	69.18	26.93	10.82	31.4	11.66	61.81	8.49	41.01	16.64	39.46	38.42	64.94	39.05	59.14	63.81	53.91	41.23	0.0	42.45	87.1	84.59	87.32	49.01	76.69	71.84	35.49	80.92	22.19	85.53	18.68	69.23
26	56.22	101.14	45.18	71.59	26.57	29.68	76.48	75.33	74.03	69.26	36.24	18.87	35.36	71.42	38.91	10.0	32.14	54.71	67.72	74.25	24.84	65.8	86.45	24.0	21.02	42.45	0.0	95.27	89.05	95.9	55.17	68.71	84.17	14.97	91.88	64.51	67.11	46.53	78.52
27	39.05	10.05	51.74	59.84	73.82	96.57	25.71	82.38	21.26	95.19	95.21	102.96	95.51	25.63	94.37	103.23	76.32	47.8	55.23	22.47	70.43	30.02	34.44	78.1	111.83	87.1	95.27	0.0	9.06	1.0	41.18	36.4	16.03	103.34	7.73	87.93	54.84	68.45	18.03
28	33.12	19.0	44.6	61.03	69.08	92.72	16.76	83.52	15.81	95.19	91.98	97.99	92.2	23.0	91.41	97.42	72.53	45.18	55.79	20.02	64.35	25.71	38.42	70.72	106.47	84.59	89.05	9.06	0.0	10.05	36.69	27.51	18.03	98.01	13.47	87.7	45.79	66.19	16.28
29	39.7	9.06	52.5	59.68	74.3	96.93	26.68	82.2	21.93	95.13	95.51	103.45	95.82	26.0	94.64	103.81	76.69	48.08	55.15	22.85	71.06	30.53	34.01	78.87	112.36	87.32	95.9	1.0	10.05	0.0	41.68	37.36	16.0	103.87	7.4	87.9	55.83	68.66	18.38
30	7.81	46.1	19.1	37.8	32.65	56.04	30.41	57.01	20.88	64.47	55.58	61.77	55.73	16.28	55.23	62.48	35.9	12.21	31.4	19.21	30.61	11.18	35.36	42.38	70.72	49.01	55.17	41.18	36.69	41.68	0.0	30.02	29.0	62.23	36.92	56.75	44.89	31.58	23.6
31	22.36	45.89	24.33	66.53	55.0	80.0	10.77	86.84	21.84	94.37	81.3	81.39	81.22	29.53	81.61	78.11	61.4	42.19	60.21	29.15	45.89	25.61	54.23	47.17	88.32	76.69	68.71	36.4	27.51	37.36	30.02	0.0	36.5	80.25	38.11	86.65	19.59	60.75	29.83
32	29.53	17.49	43.86	43.93	60.8	82.29	27.86	66.49	15.0	79.16	80.41	89.87	80.78	12.81	79.38	91.35	62.18	33.11	39.2	10.3	59.55	18.87	20.52	69.84	99.2	71.84	84.17	16.03	18.03	16.0	29.0	36.5	0.0	90.73	9.1	71.9	56.08	53.16	7.07
33	64.9	108.13	56.03	70.55	29.98	19.49	86.99	69.71	82.44	60.79	26.56	4.86	25.57	78.35	29.54	6.83	31.31	58.87	67.87	81.38	34.47	73.34	89.71	38.29	8.49	35.49	14.97	103.34	98.01	103.87	62.23	80.25	90.73	0.0	99.06	57.38	80.75	45.45	85.81
34	36.16	9.3	49.86	52.35	69.24	91.17	28.02	74.84	19.18	87.93	89.42	98.37	89.77	20.71	88.43	99.39	71.0	42.04	47.92	17.71	67.09	26.08	26.72	76.21	107.55	80.92	91.88	7.73	13.47	7.4	36.92	38.11	9.1	99.06	0.0	80.75	57.38	62.24	13.36
35	64.29	87.16	68.31	29.71	44.35	38.06	86.53	13.83	73.86	7.73	31.16	53.04	32.15	64.99	28.17	63.12	35.3	44.83	32.94	67.77	57.36	64.44	58.13	73.51	62.41	22.19	64.51	87.93	87.7	87.9	56.75	86.65	71.9	57.38	80.75	0.0	99.06	26.92	71.44
36	37.23	64.67	30.96	82.68	61.03	85.11	29.4	101.34	41.34	106.62	87.92	82.99	87.63	48.41	88.87	77.08	69.11	56.77	76.27	48.41	48.99	43.67	73.37	43.24	88.0	85.53	67.11	54.84	45.79	55.83	44.89	19.59	56.08	80.75	57.38	99.06	0.0	72.22	49.37
37	38.6	70.23	41.4	25.3	21.1	31.14	61.98	32.2	51.0	34.41	27.78	42.72	28.3	43.29	26.4	49.04	14.56	21.02	22.47	46.39	32.31	41.01	46.23	49.04	53.0	18.68	46.53	68.45	66.19	68.66	31.58	60.75	53.16	45.45	62.24	26.92	72.22	0.0	50.64
38	23.02	22.63	37.12	44.94	56.08	78.55	21.95	67.36	8.06	78.92	77.2	85.23	77.49	7.62	76.4	86.05	58.31	29.83	39.56	4.47	53.74	12.73	25.24	63.29	94.3	69.23	78.52	18.03	16.28	18.38	23.6	29.83	7.07	85.81	13.36	71.44	49.37	50.64	0.0
;
