vehicles
vehicle_idx, capacity, cost_per_unit_distance
1,100,1
2,100,1
3,100,1
4,100,1
5,100,1
depot
node_idx,x,y
0,9,35
home delivery customers
node_idx,x,y,service_time,demand
1,43,19,10,5
2,13,35,10,20
3,81,7,10,15
4,69,23,10,16
5,31,51,10,9
6,15,83,10,3
7,7,35,10,24
8,53,25,10,14
9,45,11,10,3
10,1,47,10,3
11,75,55,10,22
12,3,1,10,10
13,51,67,10,12
14,41,87,10,19
self pickup customers
node_idx,x,y,service_time,demand,locker_idxs
15,67,13,10,26,47-44
16,27,49,10,3,48
17,27,35,10,20,40
18,25,33,10,13,40
19,1,23,10,5,40
20,41,9,10,16,40
21,55,13,10,6,44
22,37,19,10,2,40
23,73,21,10,13,47-44
24,19,19,10,7,40
25,93,49,10,24,47
26,97,73,10,4,43
flexible customers
node_idx,x,y,service_time,demand,locker_idxs
27,79,35,10,24,47-45-44
28,93,7,10,3,41-44
29,31,77,10,23,42
30,27,27,10,21,40
31,75,13,10,6,44-41
32,47,49,10,6,47-48-46-45-49
33,93,15,10,20,41-44
34,57,91,10,20,39-43
35,21,97,10,24,42
36,3,71,10,1,42
37,75,73,10,6,43-39
38,45,29,10,7,48-47-46-45-49
lockers
node_idx,x,y,service_time,capacity,cost_per_unit_good
39,65,88,10,82
40,25,15,10,95
41,93,12,10,100
42,22,88,10,78
43,77,88,10,88
44,72,14,10,79
45,55,36,10,75
46,51,50,10,80
47,60,37,10,91
48,52,50,10,98
49,51,42,10,78
mrt lines
start_node_idx,end_node_idx,freight_capacity,cost_per_unit_good
39,40,95,0.5
40,39,95,0.5
41,42,100,0.5
42,41,100,0.5
43,44,88,0.5
44,43,88,0.5
distance matrix
,0,1,2,3,4,5,6,7,8,9,10,11,12,13,14,15,16,17,18,19,20,21,22,23,24,25,26,27,28,29,30,31,32,33,34,35,36,37,38,39,40,41,42,43,44,45,46,47,48,49,
0,0.0,37.58,4.0,77.25,61.19,27.2,48.37,2.0,45.12,43.27,14.42,68.96,34.53,52.8,61.06,62.03,22.8,18.0,16.12,14.42,41.23,50.99,32.25,65.51,18.87,85.16,95.85,70.0,88.54,47.41,19.7,69.57,40.5,86.35,73.76,63.15,36.5,76.16,36.5,77.1,25.61,87.09,54.57,86.21,66.41,46.01,44.6,51.04,45.54,42.58
1,37.58,0.0,34.0,39.85,26.31,34.18,69.86,39.4,11.66,8.25,50.48,48.17,43.86,48.66,68.03,24.74,34.0,22.63,22.8,42.19,10.2,13.42,6.0,30.07,24.0,58.31,76.37,39.4,51.42,59.23,17.89,32.56,30.27,50.16,73.35,81.04,65.6,62.77,10.2,72.42,18.44,50.49,72.12,76.92,29.43,20.81,32.02,24.76,32.28,24.35
2,4.0,34.0,0.0,73.54,57.27,24.08,48.04,6.0,41.23,40.0,16.97,65.15,35.44,49.68,59.06,58.31,19.8,14.0,12.17,16.97,38.21,47.41,28.84,61.61,17.09,81.22,92.2,66.0,84.76,45.69,16.12,65.79,36.77,82.46,71.22,62.51,37.36,72.72,32.56,74.25,23.32,83.24,53.76,83.1,62.63,42.01,40.85,47.04,41.79,38.64
3,77.25,39.85,73.54,0.0,20.0,66.6,100.66,79.12,33.29,36.22,89.44,48.37,78.23,67.08,89.44,15.23,68.41,60.83,61.74,81.58,40.05,26.68,45.61,16.12,63.15,43.68,67.91,28.07,12.0,86.02,57.58,8.49,54.04,14.42,87.36,108.17,100.9,66.27,42.19,82.57,56.57,13.0,100.21,81.1,11.4,38.95,52.43,36.62,51.87,46.1
4,61.19,26.31,57.27,20.0,0.0,47.2,80.72,63.15,16.12,26.83,72.11,32.56,69.57,47.54,69.86,10.2,49.4,43.68,45.12,68.0,31.3,17.2,32.25,4.47,50.16,35.38,57.31,15.62,28.84,66.03,42.19,11.66,34.06,25.3,69.05,88.2,81.61,50.36,24.74,65.12,44.72,26.4,80.21,65.49,9.49,19.1,32.45,16.64,31.91,26.17
5,27.2,34.18,24.08,66.6,47.2,0.0,35.78,28.84,34.06,42.38,30.27,44.18,57.31,25.61,37.36,52.35,4.47,16.49,18.97,41.04,43.17,44.94,32.56,51.61,34.18,62.03,69.57,50.6,76.03,26.0,24.33,58.14,16.12,71.69,47.71,47.07,34.41,49.19,26.08,50.25,36.5,73.25,38.08,59.03,55.23,28.3,20.02,32.2,21.02,21.93
6,48.37,69.86,48.04,100.66,80.72,35.78,0.0,48.66,69.34,78.0,38.63,66.21,82.87,39.4,26.31,87.2,36.06,49.48,50.99,61.61,78.43,80.62,67.68,84.9,64.12,85.09,82.61,80.0,108.9,17.09,57.27,92.2,46.69,103.48,42.76,15.23,16.97,60.83,61.77,50.25,68.73,105.48,8.6,62.2,89.5,61.72,48.84,64.35,49.58,54.56
7,2.0,39.4,6.0,79.12,63.15,28.84,48.66,0.0,47.07,44.94,13.42,70.88,34.23,54.41,62.13,63.91,24.41,20.0,18.11,13.42,42.8,52.8,34.0,67.47,20.0,87.13,97.69,72.0,90.44,48.37,21.54,71.47,42.38,88.29,75.07,63.56,36.22,77.9,38.47,78.57,26.91,89.02,55.08,87.8,68.31,48.01,46.49,53.04,47.43,44.55
8,45.12,11.66,41.23,33.29,16.12,34.06,69.34,47.07,0.0,16.12,56.46,37.2,55.46,42.05,63.15,18.44,35.38,27.86,29.12,52.04,20.0,12.17,17.09,20.4,34.53,46.65,65.12,27.86,43.86,56.46,26.08,25.06,24.74,41.23,66.12,78.79,67.94,52.8,8.94,64.13,29.73,42.06,70.21,67.42,21.95,11.18,25.08,13.89,25.02,17.12
9,43.27,8.25,40.0,36.22,26.83,42.38,78.0,44.94,16.12,0.0,56.85,53.25,43.17,56.32,76.11,22.09,42.05,30.0,29.73,45.61,4.47,10.2,11.31,29.73,27.2,61.22,80.92,41.62,48.17,67.47,24.08,30.07,38.05,48.17,80.89,89.29,73.24,68.88,18.0,79.56,20.4,48.01,80.36,83.38,27.17,26.93,39.46,30.02,39.62,31.58
10,14.42,50.48,16.97,89.44,72.11,30.27,38.63,13.42,56.46,56.85,0.0,74.43,46.04,53.85,56.57,74.24,26.08,28.64,27.78,24.0,55.17,63.81,45.61,76.55,33.29,92.02,99.46,78.92,100.32,42.43,32.8,81.44,46.04,97.41,71.22,53.85,24.08,78.43,47.54,76.01,40.0,98.43,46.07,86.35,78.29,55.11,50.09,59.84,51.09,50.25
11,68.96,48.17,65.15,48.37,32.56,44.18,66.21,70.88,37.2,53.25,74.43,0.0,90.0,26.83,46.69,42.76,48.37,52.0,54.63,80.62,57.2,46.52,52.35,34.06,66.57,18.97,28.43,20.4,51.26,49.19,55.57,42.0,28.64,43.86,40.25,68.41,73.76,18.0,39.7,34.48,64.03,46.62,62.43,33.06,41.11,27.59,24.52,23.43,23.54,27.29
12,34.53,43.86,35.44,78.23,69.57,57.31,82.87,34.23,55.46,43.17,46.04,90.0,0.0,81.61,94.02,65.12,53.67,41.62,38.83,22.09,38.83,53.37,38.47,72.8,24.08,102.0,118.41,83.26,90.2,80.99,35.38,72.99,65.12,91.08,104.96,97.67,70.0,101.82,50.48,106.83,26.08,90.67,89.05,114.21,70.21,62.68,68.59,67.42,69.3,63.13
13,52.8,48.66,49.68,67.08,47.54,25.61,39.4,54.41,42.05,56.32,53.85,26.83,81.61,0.0,22.36,56.32,30.0,40.0,42.8,66.6,58.86,54.15,50.0,50.99,57.69,45.69,46.39,42.52,73.24,22.36,46.65,59.09,18.44,66.84,24.74,42.43,48.17,24.74,38.47,25.24,58.14,69.2,35.81,33.42,57.01,31.26,17.0,31.32,17.03,25.0
14,61.06,68.03,59.06,89.44,69.86,37.36,26.31,62.13,63.15,76.11,56.57,46.69,94.02,22.36,0.0,78.43,40.5,53.85,56.32,75.47,78.0,75.31,68.12,73.35,71.47,64.4,57.72,64.4,95.41,14.14,61.61,81.44,38.47,88.81,16.49,22.36,41.23,36.77,58.14,24.02,73.76,91.26,19.03,36.01,79.31,52.89,38.33,53.49,38.6,46.1
15,62.03,24.74,58.31,15.23,10.2,52.35,87.2,63.91,18.44,22.09,74.24,42.76,65.12,56.32,78.43,0.0,53.81,45.65,46.52,66.75,26.31,12.0,30.59,10.0,48.37,44.41,67.08,25.06,26.68,73.43,42.38,8.0,41.18,26.08,78.64,95.77,86.37,60.53,27.2,75.03,42.05,26.02,87.46,75.66,5.1,25.94,40.31,25.0,39.92,33.12
16,22.8,34.0,19.8,68.41,49.4,4.47,36.06,24.41,35.38,42.05,26.08,48.37,53.67,30.0,40.5,53.81,0.0,14.0,16.12,36.77,42.38,45.61,31.62,53.85,31.05,66.0,74.0,53.85,78.23,28.28,22.0,60.0,20.0,74.24,51.61,48.37,32.56,53.67,26.91,54.45,34.06,75.66,39.32,63.41,57.01,30.87,24.02,35.11,25.02,25.0
17,18.0,22.63,14.0,60.83,43.68,16.49,49.48,20.0,27.86,30.0,28.64,52.0,41.62,40.0,53.85,45.65,14.0,0.0,2.83,28.64,29.53,35.61,18.87,48.08,17.89,67.47,79.65,52.0,71.69,42.19,8.0,52.8,24.41,68.96,63.53,62.29,43.27,61.22,18.97,65.22,20.1,69.89,53.24,72.86,49.66,28.02,28.3,33.06,29.15,25.0
18,16.12,22.8,12.17,61.74,45.12,18.97,50.99,18.11,29.12,29.73,27.78,54.63,38.83,42.8,56.32,46.52,16.12,2.83,0.0,26.0,28.84,36.06,18.44,49.48,15.23,69.86,82.37,54.04,72.8,44.41,6.32,53.85,27.2,70.34,66.24,64.12,43.91,64.03,20.4,68.01,18.0,71.17,55.08,75.69,50.7,30.15,31.06,35.23,31.91,27.51
19,14.42,42.19,16.97,81.58,68.0,41.04,61.61,13.42,52.04,45.61,24.0,80.62,22.09,66.6,75.47,66.75,36.77,28.64,26.0,0.0,42.38,54.92,36.22,72.03,18.44,95.6,108.24,78.92,93.38,61.77,26.31,74.67,52.84,92.35,88.09,76.66,48.04,89.31,44.41,91.22,25.3,92.66,68.31,100.0,71.57,55.54,56.82,60.64,57.71,53.49
20,41.23,10.2,38.21,40.05,31.3,43.17,78.43,42.8,20.0,4.47,55.17,57.2,38.83,58.86,78.0,26.31,42.38,29.53,28.84,42.38,0.0,14.56,10.77,34.18,24.17,65.6,85.04,46.04,52.04,68.73,22.8,34.23,40.45,52.35,83.55,90.24,72.72,72.47,20.4,82.57,17.09,52.09,81.25,86.82,31.4,30.41,42.2,33.84,42.45,34.48
21,50.99,13.42,47.41,26.68,17.2,44.94,80.62,52.8,12.17,10.2,63.81,46.52,53.37,54.15,75.31,12.0,45.61,35.61,36.06,54.92,14.56,0.0,18.97,19.7,36.5,52.35,73.24,32.56,38.47,68.35,31.3,20.0,36.88,38.05,78.03,90.62,77.9,63.25,18.87,75.66,30.07,38.01,81.94,78.16,17.03,23.0,37.22,24.52,37.12,29.27
22,32.25,6.0,28.84,45.61,32.25,32.56,67.68,34.0,17.09,11.31,45.61,52.35,38.47,50.0,68.12,30.59,31.62,18.87,18.44,36.22,10.77,18.97,0.0,36.06,18.0,63.53,80.72,44.94,57.27,58.31,12.81,38.47,31.62,56.14,74.73,79.62,62.13,66.03,12.81,74.46,12.65,56.44,70.61,79.76,35.36,24.76,34.01,29.21,34.44,26.93
23,65.51,30.07,61.61,16.12,4.47,51.61,84.9,67.47,20.4,29.73,76.55,34.06,72.8,50.99,73.35,10.0,53.85,48.08,49.48,72.03,34.18,19.7,36.06,0.0,54.04,34.41,57.27,15.23,24.41,70.0,46.39,8.25,38.21,20.88,71.81,92.09,86.02,52.04,29.12,67.48,48.37,21.93,84.2,67.12,7.07,23.43,36.4,20.62,35.81,30.41
24,18.87,24.0,17.09,63.15,50.16,34.18,64.12,20.0,34.53,27.2,33.29,66.57,24.08,57.69,71.47,48.37,31.05,17.89,15.23,18.44,24.17,36.5,18.0,54.04,0.0,79.85,94.87,62.1,74.97,59.23,11.31,56.32,41.04,74.11,81.41,78.03,54.41,77.79,27.86,82.93,7.21,74.33,69.07,90.14,53.24,39.81,44.55,44.78,45.28,39.41
25,85.16,58.31,81.22,43.68,35.38,62.03,85.09,87.13,46.65,61.22,92.02,18.97,102.0,45.69,64.4,44.41,66.0,67.47,69.86,95.6,65.6,52.35,63.53,34.41,79.85,0.0,24.33,19.8,42.0,68.03,69.57,40.25,46.0,34.0,55.32,86.53,92.65,30.0,52.0,48.01,76.03,37.0,81.01,42.15,40.82,40.16,42.01,35.11,41.01,42.58
26,95.85,76.37,92.2,67.91,57.31,69.57,82.61,97.69,65.12,80.92,99.46,28.43,118.41,46.39,57.72,67.08,74.0,79.65,82.37,108.24,85.04,73.24,80.72,57.27,94.87,24.33,0.0,42.05,66.12,66.12,83.76,63.91,55.46,58.14,43.86,79.7,94.02,22.0,68.12,35.34,92.46,61.13,76.49,25.0,64.08,55.97,51.43,51.62,50.54,55.47
27,70.0,39.4,66.0,28.07,15.62,50.6,80.0,72.0,27.86,41.62,78.92,20.4,83.26,42.52,64.4,25.06,53.85,52.0,54.04,78.92,46.04,32.56,44.94,15.23,62.1,19.8,42.05,0.0,31.3,63.78,52.61,22.36,34.93,24.41,60.17,84.9,84.1,38.21,34.53,54.82,57.58,26.93,77.83,53.04,22.14,24.02,31.76,19.1,30.89,28.86
28,88.54,51.42,84.76,12.0,28.84,76.03,108.9,90.44,43.86,48.17,100.32,51.26,90.2,73.24,95.41,26.68,78.23,71.69,72.8,93.38,52.04,38.47,57.27,24.41,74.97,42.0,66.12,31.3,0.0,93.51,68.96,18.97,62.29,8.0,91.39,115.26,110.44,68.41,52.8,85.7,68.47,5.0,107.71,82.57,22.14,47.8,60.11,44.6,59.41,54.67
29,47.41,59.23,45.69,86.02,66.03,26.0,17.09,48.37,56.46,67.47,42.43,49.19,80.99,22.36,14.14,73.43,28.28,42.19,44.41,61.77,68.73,68.35,58.31,70.0,59.23,68.03,66.12,63.78,93.51,0.0,50.16,77.67,32.25,87.68,29.53,22.36,28.64,44.18,50.0,35.74,62.29,89.83,14.21,47.3,75.17,47.51,33.6,49.41,34.21,40.31
30,19.7,17.89,16.12,57.58,42.19,24.33,57.27,21.54,26.08,24.08,32.8,55.57,35.38,46.65,61.61,42.38,22.0,8.0,6.32,26.31,22.8,31.3,12.81,46.39,11.31,69.57,83.76,52.61,68.96,50.16,0.0,50.0,29.73,67.08,70.68,70.26,50.12,66.48,18.11,71.87,12.17,67.68,61.2,78.87,46.84,29.41,33.24,34.48,33.97,28.3
31,69.57,32.56,65.79,8.49,11.66,58.14,92.2,71.47,25.06,30.07,81.44,42.0,72.99,59.09,81.44,8.0,60.0,52.8,53.85,74.67,34.23,20.0,38.47,8.25,56.32,40.25,63.91,22.36,18.97,77.67,50.0,0.0,45.61,18.11,80.05,99.86,92.46,60.0,34.0,75.66,50.04,18.03,91.84,75.03,3.16,30.48,44.1,28.3,43.57,37.64
32,40.5,30.27,36.77,54.04,34.06,16.12,46.69,42.38,24.74,38.05,46.04,28.64,65.12,18.44,38.47,41.18,20.0,24.41,27.2,52.84,40.45,36.88,31.62,38.21,41.04,46.0,55.46,34.93,62.29,32.25,29.73,45.61,0.0,57.2,43.17,54.59,49.19,36.88,20.1,42.95,40.5,59.03,46.32,49.2,43.01,15.26,4.12,17.69,5.1,8.06
33,86.35,50.16,82.46,14.42,25.3,71.69,103.48,88.29,41.23,48.17,97.41,43.86,91.08,66.84,88.81,26.08,74.24,68.96,70.34,92.35,52.35,38.05,56.14,20.88,74.11,34.0,58.14,24.41,8.0,87.68,67.08,18.11,57.2,0.0,84.1,109.12,106.0,60.73,50.0,78.19,68.0,3.0,101.83,74.73,21.02,43.42,54.67,39.66,53.91,49.93
34,73.76,73.35,71.22,87.36,69.05,47.71,42.76,75.07,66.12,80.89,71.22,40.25,104.96,24.74,16.49,78.64,51.61,63.53,66.24,88.09,83.55,78.03,74.73,71.81,81.41,55.32,43.86,60.17,91.39,29.53,70.68,80.05,43.17,84.1,0.0,36.5,57.58,25.46,63.15,8.54,82.46,86.82,35.13,20.22,78.45,55.04,41.44,54.08,41.3,49.37
35,63.15,81.04,62.51,108.17,88.2,47.07,15.23,63.56,78.79,89.29,53.85,68.41,97.67,42.43,22.36,95.77,48.37,62.29,64.12,76.66,90.24,90.62,79.62,92.09,78.03,86.53,79.7,84.9,115.26,22.36,70.26,99.86,54.59,109.12,36.5,0.0,31.62,59.09,72.11,44.91,82.1,111.4,9.06,56.72,97.42,69.84,55.76,71.56,56.3,62.65
36,36.5,65.6,37.36,100.9,81.61,34.41,16.97,36.22,67.94,73.24,24.08,73.76,70.0,48.17,41.23,86.37,32.56,43.27,43.91,48.04,72.72,77.9,62.13,86.02,54.41,92.65,94.02,84.1,110.44,28.64,50.12,92.46,49.19,106.0,57.58,31.62,0.0,72.03,59.4,64.29,60.17,107.62,25.5,75.93,89.5,62.68,52.39,66.37,53.31,56.08
37,76.16,62.77,72.72,66.27,50.36,49.19,60.83,77.9,52.8,68.88,78.43,18.0,101.82,24.74,36.77,60.53,53.67,61.22,64.03,89.31,72.47,63.25,66.03,52.04,77.79,30.0,22.0,38.21,68.41,44.18,66.48,60.0,36.88,60.73,25.46,59.09,72.03,0.0,53.25,18.03,76.58,63.6,55.08,15.13,59.08,42.06,33.24,39.0,32.53,39.2
38,36.5,10.2,32.56,42.19,24.74,26.08,61.77,38.47,8.94,18.0,47.54,39.7,50.48,38.47,58.14,27.2,26.91,18.97,20.4,44.41,20.4,18.87,12.81,29.12,27.86,52.0,68.12,34.53,52.8,50.0,18.11,34.0,20.1,50.0,63.15,72.11,59.4,53.25,0.0,62.3,24.41,50.92,63.32,67.12,30.89,12.21,21.84,17.0,22.14,14.32
39,77.1,72.42,74.25,82.57,65.12,50.25,50.25,78.57,64.13,79.56,76.01,34.48,106.83,25.24,24.02,75.03,54.45,65.22,68.01,91.22,82.57,75.66,74.46,67.48,82.93,48.01,35.34,54.82,85.7,35.74,71.87,75.66,42.95,78.19,8.54,44.91,64.29,18.03,62.3,0.0,83.24,80.99,43.0,12.0,74.33,52.95,40.5,51.24,40.16,48.08
40,25.61,18.44,23.32,56.57,44.72,36.5,68.73,26.91,29.73,20.4,40.0,64.03,26.08,58.14,73.76,42.05,34.06,20.1,18.0,25.3,17.09,30.07,12.65,48.37,7.21,76.03,92.46,57.58,68.47,62.29,12.17,50.04,40.5,68.0,82.46,82.1,60.17,76.58,24.41,83.24,0.0,68.07,73.06,89.63,47.01,36.62,43.6,41.34,44.2,37.48
41,87.09,50.49,83.24,13.0,26.4,73.25,105.48,89.02,42.06,48.01,98.43,46.62,90.67,69.2,91.26,26.02,75.66,69.89,71.17,92.66,52.09,38.01,56.44,21.93,74.33,37.0,61.13,26.93,5.0,89.83,67.68,18.03,59.03,3.0,86.82,111.4,107.62,63.6,50.92,80.99,68.07,0.0,104.0,77.67,21.1,44.94,56.64,41.4,55.9,51.61
42,54.57,72.12,53.76,100.21,80.21,38.08,8.6,55.08,70.21,80.36,46.07,62.43,89.05,35.81,19.03,87.46,39.32,53.24,55.08,68.31,81.25,81.94,70.61,84.2,69.07,81.01,76.49,77.83,107.71,14.21,61.2,91.84,46.32,101.83,35.13,9.06,25.5,55.08,63.32,43.0,73.06,104.0,0.0,55.0,89.31,61.59,47.8,63.6,48.41,54.38
43,86.21,76.92,83.1,81.1,65.49,59.03,62.2,87.8,67.42,83.38,86.35,33.06,114.21,33.42,36.01,75.66,63.41,72.86,75.69,100.0,86.82,78.16,79.76,67.12,90.14,42.15,25.0,53.04,82.57,47.3,78.87,75.03,49.2,74.73,20.22,56.72,75.93,15.13,67.12,12.0,89.63,77.67,55.0,0.0,74.17,56.46,46.04,53.76,45.49,52.84
44,66.41,29.43,62.63,11.4,9.49,55.23,89.5,68.31,21.95,27.17,78.29,41.11,70.21,57.01,79.31,5.1,57.01,49.66,50.7,71.57,31.4,17.03,35.36,7.07,53.24,40.82,64.08,22.14,22.14,75.17,46.84,3.16,43.01,21.02,78.45,97.42,89.5,59.08,30.89,74.33,47.01,21.1,89.31,74.17,0.0,27.8,41.68,25.94,41.18,35.0
45,46.01,20.81,42.01,38.95,19.1,28.3,61.72,48.01,11.18,26.93,55.11,27.59,62.68,31.26,52.89,25.94,30.87,28.02,30.15,55.54,30.41,23.0,24.76,23.43,39.81,40.16,55.97,24.02,47.8,47.51,29.41,30.48,15.26,43.42,55.04,69.84,62.68,42.06,12.21,52.95,36.62,44.94,61.59,56.46,27.8,0.0,14.56,5.1,14.32,7.21
46,44.6,32.02,40.85,52.43,32.45,20.02,48.84,46.49,25.08,39.46,50.09,24.52,68.59,17.0,38.33,40.31,24.02,28.3,31.06,56.82,42.2,37.22,34.01,36.4,44.55,42.01,51.43,31.76,60.11,33.6,33.24,44.1,4.12,54.67,41.44,55.76,52.39,33.24,21.84,40.5,43.6,56.64,47.8,46.04,41.68,14.56,0.0,15.81,1.0,8.0
47,51.04,24.76,47.04,36.62,16.64,32.2,64.35,53.04,13.89,30.02,59.84,23.43,67.42,31.32,53.49,25.0,35.11,33.06,35.23,60.64,33.84,24.52,29.21,20.62,44.78,35.11,51.62,19.1,44.6,49.41,34.48,28.3,17.69,39.66,54.08,71.56,66.37,39.0,17.0,51.24,41.34,41.4,63.6,53.76,25.94,5.1,15.81,0.0,15.26,10.3
48,45.54,32.28,41.79,51.87,31.91,21.02,49.58,47.43,25.02,39.62,51.09,23.54,69.3,17.03,38.6,39.92,25.02,29.15,31.91,57.71,42.45,37.12,34.44,35.81,45.28,41.01,50.54,30.89,59.41,34.21,33.97,43.57,5.1,53.91,41.3,56.3,53.31,32.53,22.14,40.16,44.2,55.9,48.41,45.49,41.18,14.32,1.0,15.26,0.0,8.06
49,42.58,24.35,38.64,46.1,26.17,21.93,54.56,44.55,17.12,31.58,50.25,27.29,63.13,25.0,46.1,33.12,25.0,25.0,27.51,53.49,34.48,29.27,26.93,30.41,39.41,42.58,55.47,28.86,54.67,40.31,28.3,37.64,8.06,49.93,49.37,62.65,56.08,39.2,14.32,48.08,37.48,51.61,54.38,52.84,35.0,7.21,8.0,10.3,8.06,0.0
