set K:= 1	2	3	4	5	6;
set C_H:= 1	2	3	4	5	6	7	8	9	10	11	12;
set C_S:= 13	14	15	16	17	18	19	20	21	22;
set C_F:= 23	24	25	26	27	28	29	30	31	32;
set M:= 33	34	35	36	37	38;
set L_B:= 39	40	41	42	43	44;
set A1:=
(0,*) 1 2 3 4 5 6 7 8 9 10 11 12 23 24 25 26 27 28 29 30 31 32 33 34 35 36 37 38 39 40 41 42 43 44
(1,*) 0 2 3 4 5 6 7 8 9 10 11 12 23 24 25 26 27 28 29 30 31 32 33 34 35 36 37 38 39 40 41 42 43 44
(2,*) 0 1 3 4 5 6 7 8 9 10 11 12 23 24 25 26 27 28 29 30 31 32 33 34 35 36 37 38 39 40 41 42 43 44
(3,*) 0 1 2 4 5 6 7 8 9 10 11 12 23 24 25 26 27 28 29 30 31 32 33 34 35 36 37 38 39 40 41 42 43 44
(4,*) 0 1 2 3 5 6 7 8 9 10 11 12 23 24 25 26 27 28 29 30 31 32 33 34 35 36 37 38 39 40 41 42 43 44
(5,*) 0 1 2 3 4 6 7 8 9 10 11 12 23 24 25 26 27 28 29 30 31 32 33 34 35 36 37 38 39 40 41 42 43 44
(6,*) 0 1 2 3 4 5 7 8 9 10 11 12 23 24 25 26 27 28 29 30 31 32 33 34 35 36 37 38 39 40 41 42 43 44
(7,*) 0 1 2 3 4 5 6 8 9 10 11 12 23 24 25 26 27 28 29 30 31 32 33 34 35 36 37 38 39 40 41 42 43 44
(8,*) 0 1 2 3 4 5 6 7 9 10 11 12 23 24 25 26 27 28 29 30 31 32 33 34 35 36 37 38 39 40 41 42 43 44
(9,*) 0 1 2 3 4 5 6 7 8 10 11 12 23 24 25 26 27 28 29 30 31 32 33 34 35 36 37 38 39 40 41 42 43 44
(10,*) 0 1 2 3 4 5 6 7 8 9 11 12 23 24 25 26 27 28 29 30 31 32 33 34 35 36 37 38 39 40 41 42 43 44
(11,*) 0 1 2 3 4 5 6 7 8 9 10 12 23 24 25 26 27 28 29 30 31 32 33 34 35 36 37 38 39 40 41 42 43 44
(12,*) 0 1 2 3 4 5 6 7 8 9 10 11 23 24 25 26 27 28 29 30 31 32 33 34 35 36 37 38 39 40 41 42 43 44
(23,*) 0 1 2 3 4 5 6 7 8 9 10 11 12 24 25 26 27 28 29 30 31 32 33 34 35 36 37 38 39 40 41 42 43 44
(24,*) 0 1 2 3 4 5 6 7 8 9 10 11 12 23 25 26 27 28 29 30 31 32 33 34 35 36 37 38 39 40 41 42 43 44
(25,*) 0 1 2 3 4 5 6 7 8 9 10 11 12 23 24 26 27 28 29 30 31 32 33 34 35 36 37 38 39 40 41 42 43 44
(26,*) 0 1 2 3 4 5 6 7 8 9 10 11 12 23 24 25 27 28 29 30 31 32 33 34 35 36 37 38 39 40 41 42 43 44
(27,*) 0 1 2 3 4 5 6 7 8 9 10 11 12 23 24 25 26 28 29 30 31 32 33 34 35 36 37 38 39 40 41 42 43 44
(28,*) 0 1 2 3 4 5 6 7 8 9 10 11 12 23 24 25 26 27 29 30 31 32 33 34 35 36 37 38 39 40 41 42 43 44
(29,*) 0 1 2 3 4 5 6 7 8 9 10 11 12 23 24 25 26 27 28 30 31 32 33 34 35 36 37 38 39 40 41 42 43 44
(30,*) 0 1 2 3 4 5 6 7 8 9 10 11 12 23 24 25 26 27 28 29 31 32 33 34 35 36 37 38 39 40 41 42 43 44
(31,*) 0 1 2 3 4 5 6 7 8 9 10 11 12 23 24 25 26 27 28 29 30 32 33 34 35 36 37 38 39 40 41 42 43 44
(32,*) 0 1 2 3 4 5 6 7 8 9 10 11 12 23 24 25 26 27 28 29 30 31 33 34 35 36 37 38 39 40 41 42 43 44
(33,*) 0 1 2 3 4 5 6 7 8 9 10 11 12 23 24 25 26 27 28 29 30 31 32 34 35 36 37 38 39 40 41 42 43 44
(34,*) 0 1 2 3 4 5 6 7 8 9 10 11 12 23 24 25 26 27 28 29 30 31 32 33 35 36 37 38 39 40 41 42 43 44
(35,*) 0 1 2 3 4 5 6 7 8 9 10 11 12 23 24 25 26 27 28 29 30 31 32 33 34 36 37 38 39 40 41 42 43 44
(36,*) 0 1 2 3 4 5 6 7 8 9 10 11 12 23 24 25 26 27 28 29 30 31 32 33 34 35 37 38 39 40 41 42 43 44
(37,*) 0 1 2 3 4 5 6 7 8 9 10 11 12 23 24 25 26 27 28 29 30 31 32 33 34 35 36 38 39 40 41 42 43 44
(38,*) 0 1 2 3 4 5 6 7 8 9 10 11 12 23 24 25 26 27 28 29 30 31 32 33 34 35 36 37 39 40 41 42 43 44
(39,*) 0 1 2 3 4 5 6 7 8 9 10 11 12 23 24 25 26 27 28 29 30 31 32 33 34 35 36 37 38 40 41 42 43 44
(40,*) 0 1 2 3 4 5 6 7 8 9 10 11 12 23 24 25 26 27 28 29 30 31 32 33 34 35 36 37 38 39 41 42 43 44
(41,*) 0 1 2 3 4 5 6 7 8 9 10 11 12 23 24 25 26 27 28 29 30 31 32 33 34 35 36 37 38 39 40 42 43 44
(42,*) 0 1 2 3 4 5 6 7 8 9 10 11 12 23 24 25 26 27 28 29 30 31 32 33 34 35 36 37 38 39 40 41 43 44
(43,*) 0 1 2 3 4 5 6 7 8 9 10 11 12 23 24 25 26 27 28 29 30 31 32 33 34 35 36 37 38 39 40 41 42 44
(44,*) 0 1 2 3 4 5 6 7 8 9 10 11 12 23 24 25 26 27 28 29 30 31 32 33 34 35 36 37 38 39 40 41 42 43
;
set A2:=
(33,*) 34
(34,*) 33
;
param BigM:=99999;
param n:= 6;
param d:=
1	17
2	16
3	66
4	25
5	16
6	11
7	17
8	25
9	16
10	7
11	11
12	25
13	26
14	15
15	5
16	17
17	22
18	10
19	21
20	21
21	2
22	22
23	6
24	7
25	15
26	1
27	21
28	7
29	17
30	11
31	21
32	22
;
param Q:=100;
param w:=
[33,*] 34 0.1
[34,*] 33 0.1
;
param V:=
[33,*] 34 94
[34,*] 33 94
;
param e:
	33	34	35	36	37	38	39	40	41	42	43	44:=
13		0		0		0		0		0		0		0		1		0		0		0		1	
14		0		0		0		0		0		0		0		0		0		0		1		0	
15		0		0		0		0		0		0		0		0		0		1		0		0	
16		1		0		0		0		1		0		0		0		0		0		0		0	
17		0		0		0		0		0		0		1		0		0		1		0		0	
18		1		0		0		0		1		0		0		0		0		0		0		0	
19		0		0		0		0		0		1		0		0		1		0		0		0	
20		0		0		1		0		0		0		0		0		0		0		0		0	
21		0		0		0		0		0		1		0		0		0		0		0		0	
22		0		1		0		0		0		0		1		1		0		0		0		0	
23		0		0		0		0		1		0		0		0		0		0		1		0	
24		0		0		0		0		0		0		1		0		1		1		1		1	
25		0		0		0		0		0		0		1		0		0		1		0		1	
26		0		1		0		0		0		0		1		1		0		0		0		1	
27		0		0		0		0		0		0		0		1		0		0		0		0	
28		0		1		0		0		0		0		0		0		0		0		0		0	
29		0		0		0		0		0		0		1		1		0		1		0		1	
30		0		1		0		0		0		0		0		0		0		0		0		0	
31		0		1		0		0		0		0		0		0		0		0		0		1	
32		0		0		0		1		0		0		0		0		0		0		0		0	
;
param p:=
1	3
2	3
3	3
4	3
5	3
6	3
;
param G:=
33	84
34	94
35	73
36	92
37	88
38	70
39	88
40	80
41	99
42	83
43	82
44	95
;
param s:=
0	0
1	10
2	10
3	10
4	10
5	10
6	10
7	10
8	10
9	10
10	10
11	10
12	10
23	10
24	10
25	10
26	10
27	10
28	10
29	10
30	10
31	10
32	10
33	10
34	10
35	10
36	10
37	10
38	10
39	10
40	10
41	10
42	10
43	10
44	10
;
param t:
	0	1	2	3	4	5	6	7	8	9	10	11	12	13	14	15	16	17	18	19	20	21	22	23	24	25	26	27	28	29	30	31	32	33	34	35	36	37	38	39	40	41	42	43	44:=
0	0.0	60.8	56.61	35.47	28.02	14.04	64.64	24.7	23.35	49.34	55.15	21.47	37.54	26.4	59.17	31.02	71.85	41.48	61.91	42.45	57.72	31.06	9.43	61.07	34.66	36.67	12.73	43.01	39.66	30.08	36.36	5.83	68.35	64.88	18.36	61.98	58.25	71.4	41.63	20.81	26.0	31.4	23.43	60.11	19.8
1	60.8	0.0	18.87	77.83	32.8	49.5	4.12	51.97	74.2	35.74	71.59	80.66	97.84	35.36	24.21	32.02	11.18	26.57	5.66	60.21	40.31	77.37	62.23	14.87	27.31	25.61	60.21	62.59	99.01	32.65	97.08	66.61	61.85	9.43	79.06	71.78	48.66	10.63	66.03	40.0	52.35	44.28	37.44	9.9	41.34
2	56.61	18.87	0.0	81.49	31.62	48.85	21.93	55.9	74.85	18.03	54.23	77.94	94.02	36.14	5.83	35.23	26.48	35.69	24.41	44.28	21.47	65.74	60.83	6.08	22.85	30.0	60.01	71.03	96.26	35.36	91.22	62.01	76.56	28.3	73.66	53.6	62.77	24.19	50.64	37.58	56.72	31.76	34.44	9.49	37.22
3	35.47	77.83	81.49	0.0	50.01	34.01	80.62	26.0	13.45	80.02	90.62	26.93	38.33	45.35	85.7	46.82	87.13	51.62	76.32	77.79	89.01	63.41	26.25	84.12	59.03	52.92	24.33	23.41	35.0	46.49	46.17	34.99	51.79	77.67	37.64	97.41	48.75	87.82	77.08	45.18	25.5	64.5	48.26	81.34	47.01
4	28.02	32.8	31.62	50.01	0.0	17.49	36.62	25.0	43.38	32.02	56.22	48.1	65.12	5.1	35.69	7.81	43.83	17.72	34.0	42.2	41.0	49.01	30.0	34.89	9.06	10.0	28.65	42.72	66.53	7.07	64.35	33.84	57.28	37.16	46.32	60.11	44.05	43.42	45.65	7.21	26.02	23.43	5.1	33.02	9.22
5	14.04	49.5	48.85	34.01	17.49	0.0	53.08	13.45	26.0	46.01	61.03	31.24	48.6	14.14	52.5	18.03	60.21	27.86	49.82	47.17	55.0	43.08	12.73	52.35	26.0	24.21	11.18	33.42	49.52	17.2	49.24	19.42	55.9	52.43	31.62	66.73	44.92	60.11	48.27	11.4	14.87	31.32	14.56	50.48	13.0
6	64.64	4.12	21.93	80.62	36.62	53.08	0.0	54.92	77.47	39.29	75.31	84.29	101.53	38.95	26.93	35.38	7.21	29.07	5.0	64.12	43.38	81.49	65.8	17.2	31.38	29.0	63.66	64.56	102.59	36.07	100.96	70.46	61.98	7.21	82.93	75.29	49.16	7.21	70.01	43.83	55.23	48.37	41.34	12.53	45.28
7	24.7	51.97	55.9	26.0	25.0	13.45	54.92	0.0	23.6	56.57	74.4	34.48	51.62	20.02	60.41	20.88	61.61	26.25	50.8	60.46	65.62	55.47	18.03	58.24	34.01	26.93	14.0	20.0	51.0	20.62	54.92	28.64	43.66	52.5	39.0	79.92	34.13	62.13	61.72	21.84	1.41	43.86	24.52	55.36	24.7
8	23.35	74.2	74.85	13.45	43.38	26.0	77.47	23.6	0.0	70.86	78.11	14.56	29.43	39.45	78.43	42.2	84.39	49.52	73.66	65.73	79.63	50.0	15.03	78.26	52.0	48.6	14.87	31.06	27.86	41.62	35.23	21.93	60.01	75.66	24.41	85.16	54.13	84.65	64.51	37.34	23.85	54.01	40.5	76.16	38.33
9	49.34	35.74	18.03	80.02	32.02	46.01	39.29	56.57	70.86	0.0	36.22	70.58	85.0	37.11	15.52	38.63	44.41	43.83	40.85	26.68	9.06	50.8	55.9	24.0	23.77	35.85	56.32	74.73	88.14	38.28	80.45	53.85	86.27	44.94	64.01	36.06	72.42	42.19	33.24	35.06	57.71	18.87	32.14	27.29	33.02
10	55.15	71.59	54.23	90.62	56.22	61.03	75.31	74.4	78.11	36.22	0.0	70.86	79.1	60.21	51.0	64.03	80.62	72.95	76.4	14.14	35.36	34.37	64.47	60.13	51.97	64.35	67.08	94.4	84.01	63.25	70.71	56.32	113.36	80.52	60.21	8.25	100.26	78.41	13.6	54.45	75.8	32.8	53.08	63.51	50.93
11	21.47	80.66	77.94	26.93	48.1	31.24	84.29	34.48	14.56	70.58	70.86	0.0	17.49	45.34	80.62	49.2	91.44	58.31	81.06	60.01	78.75	39.4	18.6	82.2	55.61	55.44	21.47	45.4	18.44	48.41	21.0	16.76	74.17	83.6	11.66	78.52	67.36	91.29	57.43	41.11	35.17	52.2	44.05	80.92	40.8
12	37.54	97.84	94.02	38.33	65.12	48.6	101.53	51.62	29.43	85.0	79.1	17.49	0.0	62.63	96.26	66.61	108.71	75.8	98.41	70.41	92.61	45.01	36.06	98.6	72.18	72.8	38.95	60.07	5.83	65.8	10.82	32.02	89.09	101.02	21.02	87.21	83.55	108.47	66.48	58.0	52.2	66.19	60.81	97.62	57.31
13	26.4	35.36	36.14	45.35	5.1	14.14	38.95	20.02	39.45	37.11	60.21	45.34	62.63	0.0	40.45	5.0	46.1	16.0	35.81	46.1	46.1	50.36	26.87	39.0	14.0	10.3	25.0	37.64	63.66	4.0	62.65	32.2	53.15	38.59	44.72	64.44	40.22	45.97	49.09	7.07	21.0	27.59	7.21	36.72	10.44
14	59.17	24.21	5.83	85.7	35.69	52.5	26.93	60.41	78.43	15.52	51.0	80.62	96.26	40.45	0.0	40.01	30.68	41.23	29.83	42.2	16.76	65.51	64.08	9.85	26.68	35.13	63.57	76.16	98.79	40.05	92.85	64.35	82.35	33.6	75.6	49.65	68.54	28.16	48.76	41.11	61.29	32.02	37.95	14.42	40.31
15	31.02	32.02	35.23	46.82	7.81	18.03	35.38	20.88	42.2	38.63	64.03	49.2	66.61	5.0	40.01	0.0	42.43	11.0	31.89	50.0	47.43	55.33	30.61	37.36	14.87	6.4	28.28	36.5	67.36	1.0	67.08	36.77	49.5	34.41	49.24	67.88	36.24	42.52	53.34	12.04	21.59	31.24	11.7	34.54	15.3
16	71.85	11.18	26.48	87.13	43.83	60.21	7.21	61.61	84.39	44.41	80.62	91.44	108.71	46.1	30.68	42.43	0.0	35.51	10.82	70.0	47.43	88.32	72.92	20.88	38.48	36.07	70.71	70.23	109.71	43.14	108.17	77.67	65.19	10.2	90.14	80.05	53.04	2.83	76.06	51.04	61.85	54.92	48.55	17.12	52.48
17	41.48	26.57	35.69	51.62	17.72	27.86	29.07	26.25	49.52	43.83	72.95	58.31	75.8	16.0	41.23	11.0	35.51	0.0	24.7	59.17	51.97	66.27	39.82	36.01	21.26	8.6	36.89	36.35	76.03	12.0	77.08	47.13	42.44	26.25	59.46	76.06	28.6	36.24	63.07	23.02	26.4	40.31	22.36	32.06	26.17
18	61.91	5.66	24.41	76.32	34.0	49.82	5.0	50.8	73.66	40.85	76.4	81.06	98.41	35.81	29.83	31.89	10.82	24.7	0.0	64.63	45.79	80.41	62.48	20.52	29.83	25.61	60.14	59.77	99.25	32.65	98.27	67.74	57.07	4.12	80.26	76.9	44.18	11.7	70.26	41.18	51.04	48.01	38.91	15.56	42.95
19	42.45	60.21	44.28	77.79	42.2	47.17	64.12	60.46	65.73	26.68	14.14	60.01	70.41	46.1	42.2	50.0	70.0	59.17	64.63	0.0	29.15	28.3	51.55	50.36	38.48	50.61	53.85	80.45	74.81	49.2	63.25	44.41	99.25	68.73	50.25	19.7	86.21	68.03	6.71	40.31	61.85	18.87	38.95	53.04	36.8
20	57.72	40.31	21.47	89.01	41.0	55.0	43.38	65.62	79.63	9.06	35.36	78.75	92.61	46.1	16.76	47.43	47.43	51.97	45.79	29.15	0.0	55.87	64.63	26.57	32.57	44.28	65.19	83.68	96.01	47.13	87.46	61.98	94.34	49.74	71.59	33.14	80.45	44.92	35.85	44.1	66.75	26.57	41.19	30.87	42.0
21	31.06	77.37	65.74	63.41	49.01	43.08	81.49	55.47	50.0	50.8	34.37	39.4	45.01	50.36	65.51	55.33	88.32	66.27	80.41	28.3	55.87	0.0	39.82	71.59	50.64	59.01	43.6	74.06	50.16	54.33	36.35	29.0	98.9	84.17	27.86	42.58	87.92	86.98	22.85	43.29	56.82	34.01	44.05	72.8	40.11
22	9.43	62.23	60.83	26.25	30.0	12.73	65.8	18.03	15.03	55.9	64.47	18.6	36.06	26.87	64.08	30.61	72.92	39.82	62.48	51.55	64.63	39.82	0.0	64.66	38.08	36.88	4.12	34.48	36.8	29.83	37.64	11.18	61.13	65.0	21.02	71.17	52.15	72.84	50.99	23.32	19.1	39.0	26.42	63.01	23.77
23	61.07	14.87	6.08	84.12	34.89	52.35	17.2	58.24	78.26	24.0	60.13	82.2	98.6	39.0	9.85	37.36	20.88	36.01	20.52	50.36	26.57	71.59	64.66	0.0	26.63	31.58	63.53	72.11	100.6	37.64	96.21	66.6	75.27	24.08	78.49	59.23	61.68	18.44	56.72	41.34	58.94	37.58	38.28	5.0	41.4
24	34.66	27.31	22.85	59.03	9.06	26.0	31.38	34.01	52.0	23.77	51.97	55.61	72.18	14.0	26.68	14.87	38.48	21.26	29.83	38.48	32.57	50.64	38.08	26.63	0.0	12.73	37.16	51.2	74.03	14.56	70.43	40.31	63.25	33.54	52.5	54.82	49.58	37.59	43.01	14.76	35.0	19.92	11.66	25.46	14.87
25	36.67	25.61	30.0	52.92	10.0	24.21	29.0	26.93	48.6	35.85	64.35	55.44	72.8	10.3	35.13	6.4	36.07	8.6	25.61	50.61	44.28	59.01	36.88	31.58	12.73	0.0	34.66	41.05	73.66	7.07	72.95	42.49	50.61	28.3	55.01	67.48	36.88	36.12	54.63	16.49	27.51	31.76	15.03	28.46	19.1
26	12.73	60.21	60.01	24.33	28.65	11.18	63.66	14.0	14.87	56.32	67.08	21.47	38.95	25.0	63.57	28.28	70.71	36.89	60.14	53.85	65.19	43.6	4.12	63.53	37.16	34.66	0.0	30.53	39.2	27.59	41.23	15.23	57.01	62.48	25.0	73.54	48.09	70.77	53.71	22.47	15.03	40.2	25.63	61.59	23.54
27	43.01	62.59	71.03	23.41	42.72	33.42	64.56	20.0	31.06	74.73	94.4	45.4	60.07	37.64	76.16	36.5	70.23	36.35	59.77	80.45	83.68	74.06	34.48	72.11	51.2	41.05	30.53	0.0	57.56	36.67	66.27	45.65	29.02	60.17	53.45	99.86	25.55	71.47	81.69	41.15	18.6	63.53	43.46	68.36	44.29
28	39.66	99.01	96.26	35.0	66.53	49.52	102.59	51.0	27.86	88.14	84.01	18.44	5.83	63.66	98.79	67.36	109.71	76.03	99.25	74.81	96.01	50.16	36.8	100.6	74.03	73.66	39.2	57.56	0.0	66.6	16.64	34.48	86.47	101.67	24.74	92.05	81.74	109.62	71.18	59.55	51.43	69.46	62.48	99.36	59.2
29	30.08	32.65	35.36	46.49	7.07	17.2	36.07	20.62	41.62	38.28	63.25	48.41	65.8	4.0	40.05	1.0	43.14	12.0	32.65	49.2	47.13	54.33	29.83	37.64	14.56	7.07	27.59	36.67	66.6	0.0	66.19	35.85	50.21	35.23	48.33	67.18	37.01	43.19	52.48	11.05	21.38	30.48	10.77	34.93	14.32
30	36.36	97.08	91.22	46.17	64.35	49.24	100.96	54.92	35.23	80.45	70.71	21.0	10.82	62.65	92.85	67.08	108.17	77.08	98.27	63.25	87.46	36.35	37.64	96.21	70.43	72.95	41.23	66.27	16.64	66.19	0.0	30.53	95.13	101.21	18.03	78.92	88.28	107.65	58.69	57.14	55.73	61.61	59.64	95.78	55.8
31	5.83	66.61	62.01	34.99	33.84	19.42	70.46	28.64	21.93	53.85	56.32	16.76	32.02	32.2	64.35	36.77	77.67	47.13	67.74	44.41	61.98	29.0	11.18	66.6	40.31	42.49	15.23	45.65	34.48	35.85	30.53	0.0	72.12	70.71	12.53	63.56	62.65	77.2	42.72	26.63	29.83	35.44	29.21	65.76	25.5
32	68.35	61.85	76.56	51.79	57.28	55.9	61.98	43.66	60.01	86.27	113.36	74.17	89.09	53.15	82.35	49.5	65.19	42.44	57.07	99.25	94.34	98.9	61.13	75.27	63.25	50.61	57.01	29.02	86.47	50.21	95.13	72.12	0.0	55.44	81.39	117.38	13.89	67.36	102.0	59.2	42.38	80.66	60.31	70.52	62.8
33	64.88	9.43	28.3	77.67	37.16	52.43	7.21	52.5	75.66	44.94	80.52	83.6	101.02	38.59	33.6	34.41	10.2	26.25	4.12	68.73	49.74	84.17	65.0	24.08	33.54	28.3	62.48	60.17	101.67	35.23	101.21	70.71	55.44	0.0	83.24	80.99	43.0	12.0	74.33	44.28	52.63	52.0	42.15	19.21	46.24
34	18.36	79.06	73.66	37.64	46.32	31.62	82.93	39.0	24.41	64.01	60.21	11.66	21.02	44.72	75.6	49.24	90.14	59.46	80.26	50.25	71.59	27.86	21.02	78.49	52.5	55.01	25.0	53.45	24.74	48.33	18.03	12.53	81.39	83.24	0.0	68.07	73.06	89.63	47.01	39.12	40.01	45.18	41.62	77.9	37.8
35	61.98	71.78	53.6	97.41	60.11	66.73	75.29	79.92	85.16	36.06	8.25	78.52	87.21	64.44	49.65	67.88	80.05	76.06	76.9	19.7	33.14	42.58	71.17	59.23	54.82	67.48	73.54	99.86	92.05	67.18	78.92	63.56	117.38	80.99	68.07	0.0	104.0	77.67	21.1	59.2	81.3	36.88	57.49	63.06	55.8
36	58.25	48.66	62.77	48.75	44.05	44.92	49.16	34.13	54.13	72.42	100.26	67.36	83.55	40.22	68.54	36.24	53.04	28.6	44.18	86.21	80.45	87.92	52.15	61.68	49.58	36.88	48.09	25.55	81.74	37.01	88.28	62.65	13.89	43.0	73.06	104.0	0.0	55.0	89.31	46.65	33.06	67.48	47.43	57.01	50.25
37	71.4	10.63	24.19	87.82	43.42	60.11	7.21	62.13	84.65	42.19	78.41	91.29	108.47	45.97	28.16	42.52	2.83	36.24	11.7	68.03	44.92	86.98	72.84	18.44	37.59	36.12	70.77	71.47	109.62	43.19	107.65	77.2	67.36	12.0	89.63	77.67	55.0	0.0	74.17	50.61	62.43	53.37	48.01	15.0	51.87
38	41.63	66.03	50.64	77.08	45.65	48.27	70.01	61.72	64.51	33.24	13.6	57.43	66.48	49.09	48.76	53.34	76.06	63.07	70.26	6.71	35.85	22.85	50.99	56.72	43.01	54.63	53.71	81.69	71.18	52.48	58.69	42.72	102.0	74.33	47.01	21.1	89.31	74.17	0.0	42.8	63.13	23.09	41.88	59.21	39.2
39	20.81	40.0	37.58	45.18	7.21	11.4	43.83	21.84	37.34	35.06	54.45	41.11	58.0	7.07	41.11	12.04	51.04	23.02	41.18	40.31	44.1	43.29	23.32	41.34	14.76	16.49	22.47	41.15	59.55	11.05	57.14	26.63	59.2	44.28	39.12	59.2	46.65	50.61	42.8	0.0	23.09	22.47	3.16	39.82	3.61
40	26.0	52.35	56.72	25.5	26.02	14.87	55.23	1.41	23.85	57.71	75.8	35.17	52.2	21.0	61.29	21.59	61.85	26.4	51.04	61.85	66.75	56.82	19.1	58.94	35.0	27.51	15.03	18.6	51.43	21.38	55.73	29.83	42.38	52.63	40.01	81.3	33.06	62.43	63.13	23.09	0.0	45.19	25.71	55.97	26.0
41	31.4	44.28	31.76	64.5	23.43	31.32	48.37	43.86	54.01	18.87	32.8	52.2	66.19	27.59	32.02	31.24	54.92	40.31	48.01	18.87	26.57	34.01	39.0	37.58	19.92	31.76	40.2	63.53	69.46	30.48	61.61	35.44	80.66	52.0	45.18	36.88	67.48	53.37	23.09	22.47	45.19	0.0	20.62	38.9	19.24
42	23.43	37.44	34.44	48.26	5.1	14.56	41.34	24.52	40.5	32.14	53.08	44.05	60.81	7.21	37.95	11.7	48.55	22.36	38.91	38.95	41.19	44.05	26.42	38.28	11.66	15.03	25.63	43.46	62.48	10.77	59.64	29.21	60.31	42.15	41.62	57.49	47.43	48.01	41.88	3.16	25.71	20.62	0.0	36.88	4.12
43	60.11	9.9	9.49	81.34	33.02	50.48	12.53	55.36	76.16	27.29	63.51	80.92	97.62	36.72	14.42	34.54	17.12	32.06	15.56	53.04	30.87	72.8	63.01	5.0	25.46	28.46	61.59	68.36	99.36	34.93	95.78	65.76	70.52	19.21	77.9	63.06	57.01	15.0	59.21	39.82	55.97	38.9	36.88	0.0	40.31
44	19.8	41.34	37.22	47.01	9.22	13.0	45.28	24.7	38.33	33.02	50.93	40.8	57.31	10.44	40.31	15.3	52.48	26.17	42.95	36.8	42.0	40.11	23.77	41.4	14.87	19.1	23.54	44.29	59.2	14.32	55.8	25.5	62.8	46.24	37.8	55.8	50.25	51.87	39.2	3.61	26.0	19.24	4.12	40.31	0.0
;
