vehicles
vehicle_idx, capacity, cost_per_unit_distance
1,100,3
2,100,3
3,100,3
4,100,3
5,100,3
depot
node_idx,x,y
0,9,35
home delivery customers
node_idx,x,y,service_time,demand
1,67,13,10,26
2,27,35,10,20
3,31,51,10,9
4,27,27,10,21
5,7,35,10,24
6,75,13,10,6
7,47,49,10,6
8,1,47,10,3
9,41,9,10,16
10,75,55,10,22
11,3,1,10,10
12,55,13,10,6
13,3,71,10,1
14,41,87,10,19
self pickup customers
node_idx,x,y,service_time,demand,locker_idxs
15,79,35,10,24,44-39-41
16,93,7,10,3,47-39-42
17,31,77,10,23,47-40
18,27,49,10,3,43-42-40
19,69,23,10,16,44-39
20,15,83,10,3,44-40
21,45,11,10,3,43-42
22,51,67,10,12,45-41-40
23,37,19,10,2,44-42
24,73,21,10,13,44-39
25,75,73,10,6,45-46-41
26,97,73,10,4,44-41-39
flexible customers
node_idx,x,y,service_time,demand,locker_idxs
27,43,19,10,5,44-42
28,13,35,10,20,47-42
29,81,7,10,15,44-39-42
30,53,25,10,14,44-42-39
31,25,33,10,13,47-42-40
32,1,23,10,5,47-42-40
33,93,15,10,20,44-39-42
34,57,91,10,20,45-46-41-40
35,21,97,10,24,44-40-41
36,19,19,10,7,47-42-40
37,93,49,10,24,47-39
38,45,29,10,7,47-43-44-42
lockers
node_idx,x,y,service_time,capacity,cost_per_unit_good
39,93,12,10,87
40,22,88,10,81
41,65,88,10,98
42,25,15,10,95
43,47,52,10,73
44,62,37,10,70
45,65,77,10,78
46,57,69,10,81
47,24,43,10,74
mrt lines
start_node_idx,end_node_idx,freight_capacity,cost_per_unit_good
39,40,87,0.5
40,39,87,0.5
41,42,98,0.5
42,41,98,0.5
distance matrix
,0,1,2,3,4,5,6,7,8,9,10,11,12,13,14,15,16,17,18,19,20,21,22,23,24,25,26,27,28,29,30,31,32,33,34,35,36,37,38,39,40,41,42,43,44,45,46,47,
0,0.0,62.03,18.0,27.2,19.7,2.0,69.57,40.5,14.42,41.23,68.96,34.53,50.99,36.5,61.06,70.0,88.54,47.41,22.8,61.19,48.37,43.27,52.8,32.25,65.51,76.16,95.85,37.58,4.0,77.25,45.12,16.12,14.42,86.35,73.76,63.15,18.87,85.16,36.5,87.09,54.57,77.1,25.61,41.63,53.04,70.0,58.82,17.0
1,62.03,0.0,45.65,52.35,42.38,63.91,8.0,41.18,74.24,26.31,42.76,65.12,12.0,86.37,78.43,25.06,26.68,73.43,53.81,10.2,87.2,22.09,56.32,30.59,10.0,60.53,67.08,24.74,58.31,15.23,18.44,46.52,66.75,26.08,78.64,95.77,48.37,44.41,27.2,26.02,87.46,75.03,42.05,43.83,24.52,64.03,56.89,52.43
2,18.0,45.65,0.0,16.49,8.0,20.0,52.8,24.41,28.64,29.53,52.0,41.62,35.61,43.27,53.85,52.0,71.69,42.19,14.0,43.68,49.48,30.0,40.0,18.87,48.08,61.22,79.65,22.63,14.0,60.83,27.86,2.83,28.64,68.96,63.53,62.29,17.89,67.47,18.97,69.89,53.24,65.22,20.1,26.25,35.06,56.64,45.34,8.54
3,27.2,52.35,16.49,0.0,24.33,28.84,58.14,16.12,30.27,43.17,44.18,57.31,44.94,34.41,37.36,50.6,76.03,26.0,4.47,47.2,35.78,42.38,25.61,32.56,51.61,49.19,69.57,34.18,24.08,66.6,34.06,18.97,41.04,71.69,47.71,47.07,34.18,62.03,26.08,73.25,38.08,50.25,36.5,16.03,34.01,42.8,31.62,10.63
4,19.7,42.38,8.0,24.33,0.0,21.54,50.0,29.73,32.8,22.8,55.57,35.38,31.3,50.12,61.61,52.61,68.96,50.16,22.0,42.19,57.27,24.08,46.65,12.81,46.39,66.48,83.76,17.89,16.12,57.58,26.08,6.32,26.31,67.08,70.68,70.26,11.31,69.57,18.11,67.68,61.2,71.87,12.17,32.02,36.4,62.8,51.61,16.28
5,2.0,63.91,20.0,28.84,21.54,0.0,71.47,42.38,13.42,42.8,70.88,34.23,52.8,36.22,62.13,72.0,90.44,48.37,24.41,63.15,48.66,44.94,54.41,34.0,67.47,77.9,97.69,39.4,6.0,79.12,47.07,18.11,13.42,88.29,75.07,63.56,20.0,87.13,38.47,89.02,55.08,78.57,26.91,43.46,55.04,71.61,60.46,18.79
6,69.57,8.0,52.8,58.14,50.0,71.47,0.0,45.61,81.44,34.23,42.0,72.99,20.0,92.46,81.44,22.36,18.97,77.67,60.0,11.66,92.2,30.07,59.09,38.47,8.25,60.0,63.91,32.56,65.79,8.49,25.06,53.85,74.67,18.11,80.05,99.86,56.32,40.25,34.0,18.03,91.84,75.66,50.04,48.01,27.29,64.78,58.82,59.17
7,40.5,41.18,24.41,16.12,29.73,42.38,45.61,0.0,46.04,40.45,28.64,65.12,36.88,49.19,38.47,34.93,62.29,32.25,20.0,34.06,46.69,38.05,18.44,31.62,38.21,36.88,55.46,30.27,36.77,54.04,24.74,27.2,52.84,57.2,43.17,54.59,41.04,46.0,20.1,59.03,46.32,42.95,40.5,3.0,19.21,33.29,22.36,23.77
8,14.42,74.24,28.64,30.27,32.8,13.42,81.44,46.04,0.0,55.17,74.43,46.04,63.81,24.08,56.57,78.92,100.32,42.43,26.08,72.11,38.63,56.85,53.85,45.61,76.55,78.43,99.46,50.48,16.97,89.44,56.46,27.78,24.0,97.41,71.22,53.85,33.29,92.02,47.54,98.43,46.07,76.01,40.0,46.27,61.81,70.68,60.17,23.35
9,41.23,26.31,29.53,43.17,22.8,42.8,34.23,40.45,55.17,0.0,57.2,38.83,14.56,72.72,78.0,46.04,52.04,68.73,42.38,31.3,78.43,4.47,58.86,10.77,34.18,72.47,85.04,10.2,38.21,40.05,20.0,28.84,42.38,52.35,83.55,90.24,24.17,65.6,20.4,52.09,81.25,82.57,17.09,43.42,35.0,72.11,62.1,38.01
10,68.96,42.76,52.0,44.18,55.57,70.88,42.0,28.64,74.43,57.2,0.0,90.0,46.52,73.76,46.69,20.4,51.26,49.19,48.37,32.56,66.21,53.25,26.83,52.35,34.06,18.0,28.43,48.17,65.15,48.37,37.2,54.63,80.62,43.86,40.25,68.41,66.57,18.97,39.7,46.62,62.43,34.48,64.03,28.16,22.2,24.17,22.8,52.39
11,34.53,65.12,41.62,57.31,35.38,34.23,72.99,65.12,46.04,38.83,90.0,0.0,53.37,70.0,94.02,83.26,90.2,80.99,53.67,69.57,82.87,43.17,81.61,38.47,72.8,101.82,118.41,43.86,35.44,78.23,55.46,38.83,22.09,91.08,104.96,97.67,24.08,102.0,50.48,90.67,89.05,106.83,26.08,67.36,69.12,98.08,86.83,46.96
12,50.99,12.0,35.61,44.94,31.3,52.8,20.0,36.88,63.81,14.56,46.52,53.37,0.0,77.9,75.31,32.56,38.47,68.35,45.61,17.2,80.62,10.2,54.15,18.97,19.7,63.25,73.24,13.42,47.41,26.68,12.17,36.06,54.92,38.05,78.03,90.62,36.5,52.35,18.87,38.01,81.94,75.66,30.07,39.81,25.0,64.78,56.04,43.14
13,36.5,86.37,43.27,34.41,50.12,36.22,92.46,49.19,24.08,72.72,73.76,70.0,77.9,0.0,41.23,84.1,110.44,28.64,32.56,81.61,16.97,73.24,48.17,62.13,86.02,72.03,94.02,65.6,37.36,100.9,67.94,43.91,48.04,106.0,57.58,31.62,54.41,92.65,59.4,107.62,25.5,64.29,60.17,47.93,68.1,62.29,54.04,35.0
14,61.06,78.43,53.85,37.36,61.61,62.13,81.44,38.47,56.57,78.0,46.69,94.02,75.31,41.23,0.0,64.4,95.41,14.14,40.5,69.86,26.31,76.11,22.36,68.12,73.35,36.77,57.72,68.03,59.06,89.44,63.15,56.32,75.47,88.81,16.49,22.36,71.47,64.4,58.14,91.26,19.03,24.02,73.76,35.51,54.23,26.0,24.08,47.17
15,70.0,25.06,52.0,50.6,52.61,72.0,22.36,34.93,78.92,46.04,20.4,83.26,32.56,84.1,64.4,0.0,31.3,63.78,53.85,15.62,80.0,41.62,42.52,44.94,15.23,38.21,42.05,39.4,66.0,28.07,27.86,54.04,78.92,24.41,60.17,84.9,62.1,19.8,34.53,26.93,77.83,54.82,57.58,36.24,17.12,44.27,40.5,55.58
16,88.54,26.68,71.69,76.03,68.96,90.44,18.97,62.29,100.32,52.04,51.26,90.2,38.47,110.44,95.41,31.3,0.0,93.51,78.23,28.84,108.9,48.17,73.24,57.27,24.41,68.41,66.12,51.42,84.76,12.0,43.86,72.8,93.38,8.0,91.39,115.26,74.97,42.0,52.8,5.0,107.71,85.7,68.47,64.35,43.14,75.39,71.69,77.83
17,47.41,73.43,42.19,26.0,50.16,48.37,77.67,32.25,42.43,68.73,49.19,80.99,68.35,28.64,14.14,63.78,93.51,0.0,28.28,66.03,17.09,67.47,22.36,58.31,70.0,44.18,66.12,59.23,45.69,86.02,56.46,44.41,61.77,87.68,29.53,22.36,59.23,68.03,50.0,89.83,14.21,35.74,62.29,29.68,50.61,34.0,27.2,34.71
18,22.8,53.81,14.0,4.47,22.0,24.41,60.0,20.0,26.08,42.38,48.37,53.67,45.61,32.56,40.5,53.85,78.23,28.28,0.0,49.4,36.06,42.05,30.0,31.62,53.85,53.67,74.0,34.0,19.8,68.41,35.38,16.12,36.77,74.24,51.61,48.37,31.05,66.0,26.91,75.66,39.32,54.45,34.06,20.22,37.0,47.2,36.06,6.71
19,61.19,10.2,43.68,47.2,42.19,63.15,11.66,34.06,72.11,31.3,32.56,69.57,17.2,81.61,69.86,15.62,28.84,66.03,49.4,0.0,80.72,26.83,47.54,32.25,4.47,50.36,57.31,26.31,57.27,20.0,16.12,45.12,68.0,25.3,69.05,88.2,50.16,35.38,24.74,26.4,80.21,65.12,44.72,36.4,15.65,54.15,47.54,49.24
20,48.37,87.2,49.48,35.78,57.27,48.66,92.2,46.69,38.63,78.43,66.21,82.87,80.62,16.97,26.31,80.0,108.9,17.09,36.06,80.72,0.0,78.0,39.4,67.68,84.9,60.83,82.61,69.86,48.04,100.66,69.34,50.99,61.61,103.48,42.76,15.23,64.12,85.09,61.77,105.48,8.6,50.25,68.73,44.55,65.76,50.36,44.27,41.0
21,43.27,22.09,30.0,42.38,24.08,44.94,30.07,38.05,56.85,4.47,53.25,43.17,10.2,73.24,76.11,41.62,48.17,67.47,42.05,26.83,78.0,0.0,56.32,11.31,29.73,68.88,80.92,8.25,40.0,36.22,16.12,29.73,45.61,48.17,80.89,89.29,27.2,61.22,18.0,48.01,80.36,79.56,20.4,41.05,31.06,68.96,59.23,38.28
22,52.8,56.32,40.0,25.61,46.65,54.41,59.09,18.44,53.85,58.86,26.83,81.61,54.15,48.17,22.36,42.52,73.24,22.36,30.0,47.54,39.4,56.32,0.0,50.0,50.99,24.74,46.39,48.66,49.68,67.08,42.05,42.8,66.6,66.84,24.74,42.43,57.69,45.69,38.47,69.2,35.81,25.24,58.14,15.52,31.95,17.2,6.32,36.12
23,32.25,30.59,18.87,32.56,12.81,34.0,38.47,31.62,45.61,10.77,52.35,38.47,18.97,62.13,68.12,44.94,57.27,58.31,31.62,32.25,67.68,11.31,50.0,0.0,36.06,66.03,80.72,6.0,28.84,45.61,17.09,18.44,36.22,56.14,74.73,79.62,18.0,63.53,12.81,56.44,70.61,74.46,12.65,34.48,30.81,64.4,53.85,27.29
24,65.51,10.0,48.08,51.61,46.39,67.47,8.25,38.21,76.55,34.18,34.06,72.8,19.7,86.02,73.35,15.23,24.41,70.0,53.85,4.47,84.9,29.73,50.99,36.06,0.0,52.04,57.27,30.07,61.61,16.12,20.4,49.48,72.03,20.88,71.81,92.09,54.04,34.41,29.12,21.93,84.2,67.48,48.37,40.46,19.42,56.57,50.6,53.71
25,76.16,60.53,61.22,49.19,66.48,77.9,60.0,36.88,78.43,72.47,18.0,101.82,63.25,72.03,36.77,38.21,68.41,44.18,53.67,50.36,60.83,68.88,24.74,66.03,52.04,0.0,22.0,62.77,72.72,66.27,52.8,64.03,89.31,60.73,25.46,59.09,77.79,30.0,53.25,63.6,55.08,18.03,76.58,35.0,38.28,10.77,18.44,59.17
26,95.85,67.08,79.65,69.57,83.76,97.69,63.91,55.46,99.46,85.04,28.43,118.41,73.24,94.02,57.72,42.05,66.12,66.12,74.0,57.31,82.61,80.92,46.39,80.72,57.27,22.0,0.0,76.37,92.2,67.91,65.12,82.37,108.24,58.14,43.86,79.7,94.87,24.33,68.12,61.13,76.49,35.34,92.46,54.23,50.21,32.25,40.2,78.92
27,37.58,24.74,22.63,34.18,17.89,39.4,32.56,30.27,50.48,10.2,48.17,43.86,13.42,65.6,68.03,39.4,51.42,59.23,34.0,26.31,69.86,8.25,48.66,6.0,30.07,62.77,76.37,0.0,34.0,39.85,11.66,22.8,42.19,50.16,73.35,81.04,24.0,58.31,10.2,50.49,72.12,72.42,18.44,33.24,26.17,62.03,51.92,30.61
28,4.0,58.31,14.0,24.08,16.12,6.0,65.79,36.77,16.97,38.21,65.15,35.44,47.41,37.36,59.06,66.0,84.76,45.69,19.8,57.27,48.04,40.0,49.68,28.84,61.61,72.72,92.2,34.0,0.0,73.54,41.23,12.17,16.97,82.46,71.22,62.51,17.09,81.22,32.56,83.24,53.76,74.25,23.32,38.01,49.04,66.84,55.61,13.6
29,77.25,15.23,60.83,66.6,57.58,79.12,8.49,54.04,89.44,40.05,48.37,78.23,26.68,100.9,89.44,28.07,12.0,86.02,68.41,20.0,100.66,36.22,67.08,45.61,16.12,66.27,67.91,39.85,73.54,0.0,33.29,61.74,81.58,14.42,87.36,108.17,63.15,43.68,42.19,13.0,100.21,82.57,56.57,56.4,35.51,71.81,66.48,67.42
30,45.12,18.44,27.86,34.06,26.08,47.07,25.06,24.74,56.46,20.0,37.2,55.46,12.17,67.94,63.15,27.86,43.86,56.46,35.38,16.12,69.34,16.12,42.05,17.09,20.4,52.8,65.12,11.66,41.23,33.29,0.0,29.12,52.04,41.23,66.12,78.79,34.53,46.65,8.94,42.06,70.21,64.13,29.73,27.66,15.0,53.37,44.18,34.13
31,16.12,46.52,2.83,18.97,6.32,18.11,53.85,27.2,27.78,28.84,54.63,38.83,36.06,43.91,56.32,54.04,72.8,44.41,16.12,45.12,50.99,29.73,42.8,18.44,49.48,64.03,82.37,22.8,12.17,61.74,29.12,0.0,26.0,70.34,66.24,64.12,15.23,69.86,20.4,71.17,55.08,68.01,18.0,29.07,37.22,59.46,48.17,10.05
32,14.42,66.75,28.64,41.04,26.31,13.42,74.67,52.84,24.0,42.38,80.62,22.09,54.92,48.04,75.47,78.92,93.38,61.77,36.77,68.0,61.61,45.61,66.6,36.22,72.03,89.31,108.24,42.19,16.97,81.58,52.04,26.0,0.0,92.35,88.09,76.66,18.44,95.6,44.41,92.66,68.31,91.22,25.3,54.38,62.59,83.74,72.47,30.48
33,86.35,26.08,68.96,71.69,67.08,88.29,18.11,57.2,97.41,52.35,43.86,91.08,38.05,106.0,88.81,24.41,8.0,87.68,74.24,25.3,103.48,48.17,66.84,56.14,20.88,60.73,58.14,50.16,82.46,14.42,41.23,70.34,92.35,0.0,84.1,109.12,74.11,34.0,50.0,3.0,101.83,78.19,68.0,59.03,38.01,68.03,64.9,74.46
34,73.76,78.64,63.53,47.71,70.68,75.07,80.05,43.17,71.22,83.55,40.25,104.96,78.03,57.58,16.49,60.17,91.39,29.53,51.61,69.05,42.76,80.89,24.74,74.73,71.81,25.46,43.86,73.35,71.22,87.36,66.12,66.24,88.09,84.1,0.0,36.5,81.41,55.32,63.15,86.82,35.13,8.54,82.46,40.26,54.23,16.12,22.0,58.25
35,63.15,95.77,62.29,47.07,70.26,63.56,99.86,54.59,53.85,90.24,68.41,97.67,90.62,31.62,22.36,84.9,115.26,22.36,48.37,88.2,15.23,89.29,42.43,79.62,92.09,59.09,79.7,81.04,62.51,108.17,78.79,64.12,76.66,109.12,36.5,0.0,78.03,86.53,72.11,111.4,9.06,44.91,82.1,51.97,72.67,48.33,45.61,54.08
36,18.87,48.37,17.89,34.18,11.31,20.0,56.32,41.04,33.29,24.17,66.57,24.08,36.5,54.41,71.47,62.1,74.97,59.23,31.05,50.16,64.12,27.2,57.69,18.0,54.04,77.79,94.87,24.0,17.09,63.15,34.53,15.23,18.44,74.11,81.41,78.03,0.0,79.85,27.86,74.33,69.07,82.93,7.21,43.28,46.62,74.03,62.8,24.52
37,85.16,44.41,67.47,62.03,69.57,87.13,40.25,46.0,92.02,65.6,18.97,102.0,52.35,92.65,64.4,19.8,42.0,68.03,66.0,35.38,85.09,61.22,45.69,63.53,34.41,30.0,24.33,58.31,81.22,43.68,46.65,69.86,95.6,34.0,55.32,86.53,79.85,0.0,52.0,37.0,81.01,48.01,76.03,46.1,33.24,39.6,41.18,69.26
38,36.5,27.2,18.97,26.08,18.11,38.47,34.0,20.1,47.54,20.4,39.7,50.48,18.87,59.4,58.14,34.53,52.8,50.0,26.91,24.74,61.77,18.0,38.47,12.81,29.12,53.25,68.12,10.2,32.56,42.19,8.94,20.4,44.41,50.0,63.15,72.11,27.86,52.0,0.0,50.92,63.32,62.3,24.41,23.09,18.79,52.0,41.76,25.24
39,87.09,26.02,69.89,73.25,67.68,89.02,18.03,59.03,98.43,52.09,46.62,90.67,38.01,107.62,91.26,26.93,5.0,89.83,75.66,26.4,105.48,48.01,69.2,56.44,21.93,63.6,61.13,50.49,83.24,13.0,42.06,71.17,92.66,3.0,86.82,111.4,74.33,37.0,50.92,0.0,104.0,80.99,68.07,60.96,39.82,70.77,67.42,75.64
40,54.57,87.46,53.24,38.08,61.2,55.08,91.84,46.32,46.07,81.25,62.43,89.05,81.94,25.5,19.03,77.83,107.71,14.21,39.32,80.21,8.6,80.36,35.81,70.61,84.2,55.08,76.49,72.12,53.76,100.21,70.21,55.08,68.31,101.83,35.13,9.06,69.07,81.01,63.32,104.0,0.0,43.0,73.06,43.83,64.82,44.38,39.82,45.04
41,77.1,75.03,65.22,50.25,71.87,78.57,75.66,42.95,76.01,82.57,34.48,106.83,75.66,64.29,24.02,54.82,85.7,35.74,54.45,65.12,50.25,79.56,25.24,74.46,67.48,18.03,35.34,72.42,74.25,82.57,64.13,68.01,91.22,78.19,8.54,44.91,82.93,48.01,62.3,80.99,43.0,0.0,83.24,40.25,51.09,11.0,20.62,60.88
42,25.61,42.05,20.1,36.5,12.17,26.91,50.04,40.5,40.0,17.09,64.03,26.08,30.07,60.17,73.76,57.58,68.47,62.29,34.06,44.72,68.73,20.4,58.14,12.65,48.37,76.58,92.46,18.44,23.32,56.57,29.73,18.0,25.3,68.0,82.46,82.1,7.21,76.03,24.41,68.07,73.06,83.24,0.0,43.05,43.05,73.78,62.77,28.02
43,41.63,43.83,26.25,16.03,32.02,43.46,48.01,3.0,46.27,43.42,28.16,67.36,39.81,47.93,35.51,36.24,64.35,29.68,20.22,36.4,44.55,41.05,15.52,34.48,40.46,35.0,54.23,33.24,38.01,56.4,27.66,29.07,54.38,59.03,40.26,51.97,43.28,46.1,23.09,60.96,43.83,40.25,43.05,0.0,21.21,30.81,19.72,24.7
44,53.04,24.52,35.06,34.01,36.4,55.04,27.29,19.21,61.81,35.0,22.2,69.12,25.0,68.1,54.23,17.12,43.14,50.61,37.0,15.65,65.76,31.06,31.95,30.81,19.42,38.28,50.21,26.17,49.04,35.51,15.0,37.22,62.59,38.01,54.23,72.67,46.62,33.24,18.79,39.82,64.82,51.09,43.05,21.21,0.0,40.11,32.39,38.47
45,70.0,64.03,56.64,42.8,62.8,71.61,64.78,33.29,70.68,72.11,24.17,98.08,64.78,62.29,26.0,44.27,75.39,34.0,47.2,54.15,50.36,68.96,17.2,64.4,56.57,10.77,32.25,62.03,66.84,71.81,53.37,59.46,83.74,68.03,16.12,48.33,74.03,39.6,52.0,70.77,44.38,11.0,73.78,30.81,40.11,0.0,11.31,53.26
46,58.82,56.89,45.34,31.62,51.61,60.46,58.82,22.36,60.17,62.1,22.8,86.83,56.04,54.04,24.08,40.5,71.69,27.2,36.06,47.54,44.27,59.23,6.32,53.85,50.6,18.44,40.2,51.92,55.61,66.48,44.18,48.17,72.47,64.9,22.0,45.61,62.8,41.18,41.76,67.42,39.82,20.62,62.77,19.72,32.39,11.31,0.0,42.01
47,17.0,52.43,8.54,10.63,16.28,18.79,59.17,23.77,23.35,38.01,52.39,46.96,43.14,35.0,47.17,55.58,77.83,34.71,6.71,49.24,41.0,38.28,36.12,27.29,53.71,59.17,78.92,30.61,13.6,67.42,34.13,10.05,30.48,74.46,58.25,54.08,24.52,69.26,25.24,75.64,45.04,60.88,28.02,24.7,38.47,53.26,42.01,0.0
