vehicles
vehicle_idx, capacity, cost_per_unit_distance
1,100,1
2,100,1
3,100,1
4,100,1
5,100,1
depot
node_idx,x,y
0,69,63
home delivery customers
node_idx,x,y,service_time,demand
1,71,79,10,5
2,1,47,10,8
3,41,51,10,8
4,93,9,10,25
5,75,89,10,5
6,97,95,10,13
7,45,41,10,5
8,45,59,10,9
9,19,83,10,21
10,71,69,10,8
11,89,53,10,3
12,33,85,10,2
13,21,91,10,13
self pickup customers
node_idx,x,y,service_time,demand,locker_idxs
14,11,15,10,12,39
15,37,33,10,12,39
16,11,49,10,1,46
17,15,13,10,9,39
18,63,95,10,13,38-42
19,47,41,10,19,46
20,89,43,10,26,40
21,93,15,10,12,40-43
22,59,29,10,4,43
23,33,51,10,25,46
24,37,37,10,24,46
25,67,95,10,14,38-42
flexible customers
node_idx,x,y,service_time,demand,locker_idxs
26,3,35,10,12,39
27,87,23,10,18,40-43
28,87,29,10,11,40-43
29,35,81,10,19,45-41
30,55,71,10,23,48-45-46-44-38
31,75,69,10,17,47-48-42-38
32,95,23,10,20,40-43
33,27,19,10,12,39
34,17,57,10,13,41
35,35,39,10,19,46-44
36,61,21,10,7,43
37,61,15,10,14,43
lockers
node_idx,x,y,service_time,capacity,cost_per_unit_good
38,65,88,10,100
39,25,15,10,80
40,93,12,10,92
41,22,88,10,100
42,77,88,10,85
43,72,14,10,75
44,54,51,10,88
45,51,69,10,99
46,45,59,10,92
47,62,51,10,99
48,64,60,10,75
mrt lines
start_node_idx,end_node_idx,freight_capacity,cost_per_unit_good
38,39,100,2
39,38,100,2
distance matrix
,0,1,2,3,4,5,6,7,8,9,10,11,12,13,14,15,16,17,18,19,20,21,22,23,24,25,26,27,28,29,30,31,32,33,34,35,36,37,38,39,40,41,42,43,44,45,46,47,48,
0,0.0,16.12,69.86,30.46,59.09,26.68,42.52,32.56,24.33,53.85,6.32,22.36,42.19,55.57,75.29,43.86,59.67,73.59,32.56,31.11,28.28,53.67,35.44,37.95,41.23,32.06,71.69,43.86,38.47,38.47,16.12,8.49,47.71,60.83,52.35,41.62,42.76,48.66,25.32,65.12,56.36,53.24,26.25,49.09,19.21,18.97,24.33,13.89,5.83
1,16.12,0.0,76.97,41.04,73.38,10.77,30.53,46.04,32.8,52.15,10.0,31.62,38.47,51.42,87.73,57.2,67.08,86.56,17.89,44.94,40.25,67.68,51.42,47.2,54.04,16.49,80.99,58.24,52.5,36.06,17.89,10.77,60.93,74.4,58.31,53.81,58.86,64.78,10.82,78.82,70.52,49.82,10.82,65.01,32.76,22.36,32.8,29.41,20.25
2,69.86,76.97,0.0,40.2,99.54,85.09,107.33,44.41,45.61,40.25,73.38,88.2,49.68,48.33,33.53,38.63,10.2,36.77,78.41,46.39,88.09,97.41,60.73,32.25,37.36,81.61,12.17,89.29,87.86,48.08,59.09,77.2,97.02,38.21,18.87,34.93,65.39,68.0,76.01,40.0,98.43,46.07,86.35,78.29,53.15,54.63,45.61,61.13,64.33
3,30.46,41.04,40.2,0.0,66.84,50.99,71.22,10.77,8.94,38.83,34.99,48.04,34.93,44.72,46.86,18.44,30.07,46.04,49.19,11.66,48.66,63.25,28.43,8.0,14.56,51.11,41.23,53.85,50.99,30.59,24.41,38.47,60.83,34.93,24.74,13.42,36.06,41.18,44.1,39.4,65.0,41.59,51.62,48.27,13.0,20.59,8.94,21.0,24.7
4,59.09,73.38,99.54,66.84,0.0,82.0,86.09,57.69,69.31,104.65,63.91,44.18,96.83,109.12,82.22,60.93,91.24,78.1,91.08,56.04,34.23,6.0,39.45,73.24,62.61,89.84,93.68,15.23,20.88,92.46,72.72,62.64,14.14,66.75,89.89,65.3,34.18,32.56,83.82,68.26,3.0,106.22,80.6,21.59,57.31,73.24,69.31,52.2,58.67
5,26.68,10.77,85.09,50.99,82.0,0.0,22.8,56.6,42.43,56.32,20.4,38.63,42.19,54.04,97.84,67.68,75.47,96.83,13.42,55.57,48.08,76.16,62.1,56.64,64.4,10.0,90.0,67.08,61.19,40.79,26.91,20.0,68.96,84.88,66.24,64.03,69.43,75.31,10.05,89.31,79.08,53.01,2.24,75.06,43.42,31.24,42.43,40.16,31.02
6,42.52,30.53,107.33,71.22,86.09,22.8,0.0,74.97,63.25,78.92,36.77,42.76,64.78,76.11,117.46,86.28,97.53,115.97,34.0,73.59,52.61,80.1,76.16,77.67,83.45,30.0,111.52,72.69,66.75,63.56,48.37,34.06,72.03,103.32,88.57,83.55,82.29,87.73,32.76,107.63,83.1,75.33,21.19,84.77,61.52,52.84,63.25,56.22,48.1
7,32.56,46.04,44.41,10.77,57.69,56.6,74.97,0.0,18.0,49.4,38.21,45.61,45.61,55.46,42.8,11.31,34.93,41.04,56.92,2.0,44.05,54.59,18.44,15.62,8.94,58.31,42.43,45.69,43.68,41.23,31.62,41.04,53.14,28.43,32.25,10.2,25.61,30.53,51.08,32.8,56.08,52.33,56.86,38.18,13.45,28.64,18.0,19.72,26.87
8,24.33,32.8,45.61,8.94,69.31,42.43,63.25,18.0,0.0,35.38,27.86,44.41,28.64,40.0,55.61,27.2,35.44,54.92,40.25,18.11,46.82,65.12,33.11,14.42,23.41,42.19,48.37,55.32,51.61,24.17,15.62,31.62,61.61,43.86,28.07,22.36,41.23,46.82,35.23,48.33,67.18,37.01,43.19,52.48,12.04,11.66,0.0,18.79,19.03
9,53.85,52.15,40.25,38.83,104.65,56.32,78.92,49.4,35.38,0.0,53.85,76.16,14.14,8.25,68.47,53.14,34.93,70.11,45.61,50.48,80.62,100.5,67.2,34.93,49.4,49.48,50.6,90.69,86.83,16.12,37.95,57.72,96.83,64.5,26.08,46.82,74.89,79.92,46.27,68.26,102.55,5.83,58.22,87.01,47.42,34.93,35.38,53.6,50.54
10,6.32,10.0,73.38,34.99,63.91,20.4,36.77,38.21,27.86,53.85,0.0,24.08,41.23,54.63,80.72,49.52,63.25,79.2,27.2,36.88,31.62,58.31,41.76,42.05,46.69,26.31,76.03,48.7,43.08,37.95,16.12,4.0,51.88,66.6,55.32,46.86,49.03,54.92,19.92,70.94,61.1,52.55,19.92,55.01,24.76,20.0,27.86,20.12,11.4
11,22.36,31.62,88.2,48.04,44.18,38.63,42.76,45.61,44.41,76.16,24.08,0.0,64.5,77.9,86.76,55.71,78.1,84.12,49.4,43.68,10.0,38.21,38.42,56.04,54.41,47.41,87.86,30.07,24.08,60.83,38.47,21.26,30.59,70.71,72.11,55.79,42.52,47.2,42.44,74.43,41.19,75.59,37.0,42.54,35.06,41.23,44.41,27.07,25.96
12,42.19,38.47,49.68,34.93,96.83,42.19,64.78,45.61,28.64,14.14,41.23,64.5,0.0,13.42,73.38,52.15,42.19,74.22,31.62,46.17,70.0,92.2,61.74,34.0,48.17,35.44,58.31,82.22,77.79,4.47,26.08,44.94,87.68,66.27,32.25,46.04,69.86,75.39,32.14,70.46,94.49,11.4,44.1,81.01,39.96,24.08,28.64,44.69,39.82
13,55.57,51.42,48.33,44.72,109.12,54.04,76.11,55.46,40.0,8.25,54.63,77.9,13.42,0.0,76.66,60.17,43.17,78.23,42.19,56.36,83.23,104.69,72.72,41.76,56.32,46.17,58.82,94.76,90.55,17.2,39.45,58.31,100.5,72.25,34.23,53.85,80.62,85.88,44.1,76.11,106.89,3.16,56.08,92.36,51.86,37.2,40.0,57.28,53.01
14,75.29,87.73,33.53,46.86,82.22,97.84,117.46,42.8,55.61,68.47,80.72,86.76,73.38,76.66,0.0,31.62,34.0,4.47,95.41,44.41,82.87,82.0,50.0,42.19,34.06,97.65,21.54,76.42,77.28,70.23,71.22,83.74,84.38,16.49,42.43,33.94,50.36,50.0,90.8,14.0,82.05,73.82,98.41,61.01,56.08,67.2,55.61,62.43,69.53
15,43.86,57.2,38.63,18.44,60.93,67.68,86.28,11.31,27.2,53.14,49.52,55.71,52.15,60.17,31.62,0.0,30.53,29.73,67.23,12.81,52.95,58.82,22.36,18.44,4.0,68.88,34.06,50.99,50.16,48.04,42.05,52.35,58.86,17.2,31.24,6.32,26.83,30.0,61.72,21.63,59.81,57.01,68.01,39.82,24.76,38.63,27.2,30.81,38.18
16,59.67,67.08,10.2,30.07,91.24,75.47,97.53,34.93,35.44,34.93,63.25,78.1,42.19,43.17,34.0,30.53,0.0,36.22,69.43,36.88,78.23,88.77,52.0,22.09,28.64,72.47,16.12,80.32,78.59,40.0,49.19,67.05,87.93,34.0,10.0,26.0,57.31,60.46,66.61,36.77,89.96,40.52,76.66,70.33,43.05,44.72,35.44,51.04,54.13
17,73.59,86.56,36.77,46.04,78.1,96.83,115.97,41.04,54.92,70.11,79.2,84.12,74.22,78.23,4.47,29.73,36.22,0.0,95.02,42.52,79.85,78.03,46.82,42.05,32.56,97.1,25.06,72.69,73.76,70.88,70.46,82.07,80.62,13.42,44.05,32.8,46.69,46.04,90.14,10.2,78.01,75.33,97.31,57.01,54.45,66.57,54.92,60.44,67.9
18,32.56,17.89,78.41,49.19,91.08,13.42,34.0,56.92,40.25,45.61,27.2,49.4,31.62,42.19,95.41,67.23,69.43,95.02,0.0,56.32,58.14,85.44,66.12,53.25,63.56,4.0,84.85,75.89,70.23,31.3,25.3,28.64,78.79,84.1,59.67,62.61,74.03,80.02,7.28,88.57,88.26,41.59,15.65,81.5,44.91,28.64,40.25,44.01,35.01
19,31.11,44.94,46.39,11.66,56.04,55.57,73.59,2.0,18.11,50.48,36.88,43.68,46.17,56.36,44.41,12.81,36.88,42.52,56.32,0.0,42.05,52.84,16.97,17.2,10.77,57.58,44.41,43.86,41.76,41.76,31.05,39.6,51.26,29.73,34.0,12.17,24.41,29.53,50.33,34.06,54.38,53.24,55.76,36.8,12.21,28.28,18.11,18.03,25.5
20,28.28,40.25,88.09,48.66,34.23,48.08,52.61,44.05,46.82,80.62,31.62,10.0,70.0,83.23,82.87,52.95,78.23,79.85,58.14,42.05,0.0,28.28,33.11,56.57,52.35,56.46,86.37,20.1,14.14,66.03,44.05,29.53,20.88,66.48,73.35,54.15,35.61,39.6,51.0,69.86,31.26,80.71,46.57,33.62,35.9,46.04,46.82,28.16,30.23
21,53.67,67.68,97.41,63.25,6.0,76.16,80.1,54.59,65.12,100.5,58.31,38.21,92.2,104.69,82.0,58.82,88.77,78.03,85.44,52.84,28.28,0.0,36.77,69.97,60.17,84.12,92.2,10.0,15.23,87.86,67.68,56.92,8.25,66.12,86.83,62.77,32.56,32.0,78.19,68.0,3.0,101.83,74.73,21.02,53.08,68.41,65.12,47.51,53.54
22,35.44,51.42,60.73,28.43,39.45,62.1,76.16,18.44,33.11,67.2,41.76,38.42,61.74,72.72,50.0,22.36,52.0,46.82,66.12,16.97,33.11,36.77,0.0,34.06,23.41,66.48,56.32,28.64,28.0,57.27,42.19,43.08,36.5,33.53,50.48,26.0,8.25,14.14,59.3,36.77,38.01,69.64,61.68,19.85,22.56,40.79,33.11,22.2,31.4
23,37.95,47.2,32.25,8.0,73.24,56.64,77.67,15.62,14.42,34.93,42.05,56.04,34.0,41.76,42.19,18.44,22.09,42.05,53.25,17.2,56.57,69.97,34.06,0.0,14.56,55.61,34.0,60.83,58.31,30.07,29.73,45.69,68.03,32.56,17.09,12.17,41.04,45.61,48.92,36.88,71.56,38.6,57.49,53.76,21.0,25.46,14.42,29.0,32.28
24,41.23,54.04,37.36,14.56,62.61,64.4,83.45,8.94,23.41,49.4,46.69,54.41,48.17,56.32,34.06,4.0,28.64,32.56,63.56,10.77,52.35,60.17,23.41,14.56,0.0,65.3,34.06,51.92,50.64,44.05,38.47,49.68,59.67,20.59,28.28,2.83,28.84,32.56,58.18,25.06,61.33,53.16,64.82,41.88,22.02,34.93,23.41,28.65,35.47
25,32.06,16.49,81.61,51.11,89.84,10.0,30.0,58.31,42.19,49.48,26.31,47.41,35.44,46.17,97.65,68.88,72.47,97.1,4.0,57.58,56.46,84.12,66.48,55.61,65.3,0.0,87.73,74.73,68.96,34.93,26.83,27.2,77.25,85.88,62.8,64.5,74.24,80.22,7.28,90.35,86.98,45.54,12.21,81.15,45.88,30.53,42.19,44.28,35.13
26,71.69,80.99,12.17,41.23,93.68,90.0,111.52,42.43,48.37,50.6,76.03,87.86,58.31,58.82,21.54,34.06,16.12,25.06,84.85,44.41,86.37,92.2,56.32,34.0,34.06,87.73,0.0,84.85,84.21,56.04,63.25,79.62,92.78,28.84,26.08,32.25,59.67,61.35,81.57,29.73,92.89,56.3,91.02,72.12,53.45,58.82,48.37,61.13,65.92
27,43.86,58.24,89.29,53.85,15.23,67.08,72.69,45.69,55.32,90.69,48.7,30.07,82.22,94.76,76.42,50.99,80.32,72.69,75.89,43.86,20.1,10.0,28.64,60.83,51.92,74.73,84.85,0.0,6.0,77.9,57.69,47.54,8.0,60.13,77.82,54.41,26.08,27.2,68.62,62.51,12.53,91.92,65.76,17.49,43.28,58.41,55.32,37.54,43.57
28,38.47,52.5,87.86,50.99,20.88,61.19,66.75,43.68,51.61,86.83,43.08,24.08,77.79,90.55,77.28,50.16,78.59,73.76,70.23,41.76,14.14,15.23,28.0,58.31,50.64,68.96,84.21,6.0,0.0,73.54,52.8,41.76,10.0,60.83,75.39,52.95,27.2,29.53,62.97,63.56,18.03,87.78,59.84,21.21,39.66,53.81,51.61,33.3,38.6
29,38.47,36.06,48.08,30.59,92.46,40.79,63.56,41.23,24.17,16.12,37.95,60.83,4.47,17.2,70.23,48.04,40.0,70.88,31.3,41.76,66.03,87.86,57.27,30.07,44.05,34.93,56.04,77.9,73.54,0.0,22.36,41.76,83.45,62.51,30.0,42.0,65.39,70.94,30.81,66.75,90.14,14.76,42.58,76.54,35.51,20.0,24.17,40.36,35.81
30,16.12,17.89,59.09,24.41,72.72,26.91,48.37,31.62,15.62,37.95,16.12,38.47,26.08,39.45,71.22,42.05,49.19,70.46,25.3,31.05,44.05,67.68,42.19,29.73,38.47,26.83,63.25,57.69,52.8,22.36,0.0,20.1,62.48,59.06,40.5,37.74,50.36,56.32,19.72,63.53,70.18,37.12,27.8,59.48,20.02,4.47,15.62,21.19,14.21
31,8.49,10.77,77.2,38.47,62.64,20.0,34.06,41.04,31.62,57.72,4.0,21.26,44.94,58.31,83.74,52.35,67.05,82.07,28.64,39.6,29.53,56.92,43.08,45.69,49.68,27.2,79.62,47.54,41.76,41.76,20.1,0.0,50.16,69.31,59.23,50.0,50.0,55.79,21.47,73.59,59.77,56.3,19.1,55.08,27.66,24.0,31.62,22.2,14.21
32,47.71,60.93,97.02,60.83,14.14,68.96,72.03,53.14,61.61,96.83,51.88,30.59,87.68,100.5,84.38,58.86,87.93,80.62,78.79,51.26,20.88,8.25,36.5,68.03,59.67,77.25,92.78,8.0,10.0,83.45,62.48,50.16,0.0,68.12,85.09,62.1,34.06,34.93,71.59,70.46,11.18,97.74,67.45,24.7,49.65,63.66,61.61,43.28,48.27
33,60.83,74.4,38.21,34.93,66.75,84.88,103.32,28.43,43.86,64.5,66.6,70.71,66.27,72.25,16.49,17.2,34.0,13.42,84.1,29.73,66.48,66.12,33.53,32.56,20.59,85.88,28.84,60.13,60.83,62.51,59.06,69.31,68.12,0.0,39.29,21.54,34.06,34.23,78.77,4.47,66.37,69.18,85.21,45.28,41.87,55.46,43.86,47.42,55.23
34,52.35,58.31,18.87,24.74,89.89,66.24,88.57,32.25,28.07,26.08,55.32,72.11,32.25,34.23,42.43,31.24,10.0,44.05,59.67,34.0,73.35,86.83,50.48,17.09,28.28,62.8,26.08,77.82,75.39,30.0,40.5,59.23,85.09,39.29,0.0,25.46,56.85,60.83,57.14,42.76,88.32,31.4,67.54,69.81,37.48,36.06,28.07,45.4,47.1
35,41.62,53.81,34.93,13.42,65.3,64.03,83.55,10.2,22.36,46.82,46.86,55.79,46.04,53.85,33.94,6.32,26.0,32.8,62.61,12.17,54.15,62.77,26.0,12.17,2.83,64.5,32.25,54.41,52.95,42.0,37.74,50.0,62.1,21.54,25.46,0.0,31.62,35.38,57.45,26.0,63.98,50.7,64.54,44.65,22.47,34.0,22.36,29.55,35.81
36,42.76,58.86,65.39,36.06,34.18,69.43,82.29,25.61,41.23,74.89,49.03,42.52,69.86,80.62,50.36,26.83,57.31,46.69,74.03,24.41,35.61,32.56,8.25,41.04,28.84,74.24,59.67,26.08,27.2,65.39,50.36,50.0,34.06,34.06,56.85,31.62,0.0,6.0,67.12,36.5,33.24,77.52,68.88,13.04,30.81,49.03,41.23,30.02,39.12
37,48.66,64.78,68.0,41.18,32.56,75.31,87.73,30.53,46.82,79.92,54.92,47.2,75.39,85.88,50.0,30.0,60.46,46.04,80.02,29.53,39.6,32.0,14.14,45.61,32.56,80.22,61.35,27.2,29.53,70.94,56.32,55.79,34.93,34.23,60.83,35.38,6.0,0.0,73.11,36.0,32.14,82.76,74.73,11.05,36.67,54.92,46.82,36.01,45.1
38,25.32,10.82,76.01,44.1,83.82,10.05,32.76,51.08,35.23,46.27,19.92,42.44,32.14,44.1,90.8,61.72,66.61,90.14,7.28,50.33,51.0,78.19,59.3,48.92,58.18,7.28,81.57,68.62,62.97,30.81,19.72,21.47,71.59,78.77,57.14,57.45,67.12,73.11,0.0,83.24,80.99,43.0,12.0,74.33,38.6,23.6,35.23,37.12,28.02
39,65.12,78.82,40.0,39.4,68.26,89.31,107.63,32.8,48.33,68.26,70.94,74.43,70.46,76.11,14.0,21.63,36.77,10.2,88.57,34.06,69.86,68.0,36.77,36.88,25.06,90.35,29.73,62.51,63.56,66.75,63.53,73.59,70.46,4.47,42.76,26.0,36.5,36.0,83.24,0.0,68.07,73.06,89.63,47.01,46.23,59.93,48.33,51.62,59.55
40,56.36,70.52,98.43,65.0,3.0,79.08,83.1,56.08,67.18,102.55,61.1,41.19,94.49,106.89,82.05,59.81,89.96,78.01,88.26,54.38,31.26,3.0,38.01,71.56,61.33,86.98,92.89,12.53,18.03,90.14,70.18,59.77,11.18,66.37,88.32,63.98,33.24,32.14,80.99,68.07,0.0,104.0,77.67,21.1,55.15,70.8,67.18,49.82,56.08
41,53.24,49.82,46.07,41.59,106.22,53.01,75.33,52.33,37.01,5.83,52.55,75.59,11.4,3.16,73.82,57.01,40.52,75.33,41.59,53.24,80.71,101.83,69.64,38.6,53.16,45.54,56.3,91.92,87.78,14.76,37.12,56.3,97.74,69.18,31.4,50.7,77.52,82.76,43.0,73.06,104.0,0.0,55.0,89.31,48.92,34.67,37.01,54.49,50.48
42,26.25,10.82,86.35,51.62,80.6,2.24,21.19,56.86,43.19,58.22,19.92,37.0,44.1,56.08,98.41,68.01,76.66,97.31,15.65,55.76,46.57,74.73,61.68,57.49,64.82,12.21,91.02,65.76,59.84,42.58,27.8,19.1,67.45,85.21,67.54,64.54,68.88,74.73,12.0,89.63,77.67,55.0,0.0,74.17,43.57,32.2,43.19,39.92,30.87
43,49.09,65.01,78.29,48.27,21.59,75.06,84.77,38.18,52.48,87.01,55.01,42.54,81.01,92.36,61.01,39.82,70.33,57.01,81.5,36.8,33.62,21.02,19.85,53.76,41.88,81.15,72.12,17.49,21.21,76.54,59.48,55.08,24.7,45.28,69.81,44.65,13.04,11.05,74.33,47.01,21.1,89.31,74.17,0.0,41.15,58.87,52.48,38.33,46.69
44,19.21,32.76,53.15,13.0,57.31,43.42,61.52,13.45,12.04,47.42,24.76,35.06,39.96,51.86,56.08,24.76,43.05,54.45,44.91,12.21,35.9,53.08,22.56,21.0,22.02,45.88,53.45,43.28,39.66,35.51,20.02,27.66,49.65,41.87,37.48,22.47,30.81,36.67,38.6,46.23,55.15,48.92,43.57,41.15,0.0,18.25,12.04,8.0,13.45
45,18.97,22.36,54.63,20.59,73.24,31.24,52.84,28.64,11.66,34.93,20.0,41.23,24.08,37.2,67.2,38.63,44.72,66.57,28.64,28.28,46.04,68.41,40.79,25.46,34.93,30.53,58.82,58.41,53.81,20.0,4.47,24.0,63.66,55.46,36.06,34.0,49.03,54.92,23.6,59.93,70.8,34.67,32.2,58.87,18.25,0.0,11.66,21.1,15.81
46,24.33,32.8,45.61,8.94,69.31,42.43,63.25,18.0,0.0,35.38,27.86,44.41,28.64,40.0,55.61,27.2,35.44,54.92,40.25,18.11,46.82,65.12,33.11,14.42,23.41,42.19,48.37,55.32,51.61,24.17,15.62,31.62,61.61,43.86,28.07,22.36,41.23,46.82,35.23,48.33,67.18,37.01,43.19,52.48,12.04,11.66,0.0,18.79,19.03
47,13.89,29.41,61.13,21.0,52.2,40.16,56.22,19.72,18.79,53.6,20.12,27.07,44.69,57.28,62.43,30.81,51.04,60.44,44.01,18.03,28.16,47.51,22.2,29.0,28.65,44.28,61.13,37.54,33.3,40.36,21.19,22.2,43.28,47.42,45.4,29.55,30.02,36.01,37.12,51.62,49.82,54.49,39.92,38.33,8.0,21.1,18.79,0.0,9.22
48,5.83,20.25,64.33,24.7,58.67,31.02,48.1,26.87,19.03,50.54,11.4,25.96,39.82,53.01,69.53,38.18,54.13,67.9,35.01,25.5,30.23,53.54,31.4,32.28,35.47,35.13,65.92,43.57,38.6,35.81,14.21,14.21,48.27,55.23,47.1,35.81,39.12,45.1,28.02,59.55,56.08,50.48,30.87,46.69,13.45,15.81,19.03,9.22,0.0
