set K:= 1	2	3	4	5;
set C_H:= 1	2	3	4	5	6	7	8	9	10	11	12	13;
set C_S:= 14	15	16	17	18	19	20	21	22	23	24	25;
set C_F:= 26	27	28	29	30	31	32	33	34	35	36	37;
set M:= 38	39;
set L_B:= 40	41	42	43	44;
set A1:=
(0,*) 1 2 3 4 5 6 7 8 9 10 11 12 13 26 27 28 29 30 31 32 33 34 35 36 37 38 39 40 41 42 43 44
(1,*) 0 2 3 4 5 6 7 8 9 10 11 12 13 26 27 28 29 30 31 32 33 34 35 36 37 38 39 40 41 42 43 44
(2,*) 0 1 3 4 5 6 7 8 9 10 11 12 13 26 27 28 29 30 31 32 33 34 35 36 37 38 39 40 41 42 43 44
(3,*) 0 1 2 4 5 6 7 8 9 10 11 12 13 26 27 28 29 30 31 32 33 34 35 36 37 38 39 40 41 42 43 44
(4,*) 0 1 2 3 5 6 7 8 9 10 11 12 13 26 27 28 29 30 31 32 33 34 35 36 37 38 39 40 41 42 43 44
(5,*) 0 1 2 3 4 6 7 8 9 10 11 12 13 26 27 28 29 30 31 32 33 34 35 36 37 38 39 40 41 42 43 44
(6,*) 0 1 2 3 4 5 7 8 9 10 11 12 13 26 27 28 29 30 31 32 33 34 35 36 37 38 39 40 41 42 43 44
(7,*) 0 1 2 3 4 5 6 8 9 10 11 12 13 26 27 28 29 30 31 32 33 34 35 36 37 38 39 40 41 42 43 44
(8,*) 0 1 2 3 4 5 6 7 9 10 11 12 13 26 27 28 29 30 31 32 33 34 35 36 37 38 39 40 41 42 43 44
(9,*) 0 1 2 3 4 5 6 7 8 10 11 12 13 26 27 28 29 30 31 32 33 34 35 36 37 38 39 40 41 42 43 44
(10,*) 0 1 2 3 4 5 6 7 8 9 11 12 13 26 27 28 29 30 31 32 33 34 35 36 37 38 39 40 41 42 43 44
(11,*) 0 1 2 3 4 5 6 7 8 9 10 12 13 26 27 28 29 30 31 32 33 34 35 36 37 38 39 40 41 42 43 44
(12,*) 0 1 2 3 4 5 6 7 8 9 10 11 13 26 27 28 29 30 31 32 33 34 35 36 37 38 39 40 41 42 43 44
(13,*) 0 1 2 3 4 5 6 7 8 9 10 11 12 26 27 28 29 30 31 32 33 34 35 36 37 38 39 40 41 42 43 44
(26,*) 0 1 2 3 4 5 6 7 8 9 10 11 12 13 27 28 29 30 31 32 33 34 35 36 37 38 39 40 41 42 43 44
(27,*) 0 1 2 3 4 5 6 7 8 9 10 11 12 13 26 28 29 30 31 32 33 34 35 36 37 38 39 40 41 42 43 44
(28,*) 0 1 2 3 4 5 6 7 8 9 10 11 12 13 26 27 29 30 31 32 33 34 35 36 37 38 39 40 41 42 43 44
(29,*) 0 1 2 3 4 5 6 7 8 9 10 11 12 13 26 27 28 30 31 32 33 34 35 36 37 38 39 40 41 42 43 44
(30,*) 0 1 2 3 4 5 6 7 8 9 10 11 12 13 26 27 28 29 31 32 33 34 35 36 37 38 39 40 41 42 43 44
(31,*) 0 1 2 3 4 5 6 7 8 9 10 11 12 13 26 27 28 29 30 32 33 34 35 36 37 38 39 40 41 42 43 44
(32,*) 0 1 2 3 4 5 6 7 8 9 10 11 12 13 26 27 28 29 30 31 33 34 35 36 37 38 39 40 41 42 43 44
(33,*) 0 1 2 3 4 5 6 7 8 9 10 11 12 13 26 27 28 29 30 31 32 34 35 36 37 38 39 40 41 42 43 44
(34,*) 0 1 2 3 4 5 6 7 8 9 10 11 12 13 26 27 28 29 30 31 32 33 35 36 37 38 39 40 41 42 43 44
(35,*) 0 1 2 3 4 5 6 7 8 9 10 11 12 13 26 27 28 29 30 31 32 33 34 36 37 38 39 40 41 42 43 44
(36,*) 0 1 2 3 4 5 6 7 8 9 10 11 12 13 26 27 28 29 30 31 32 33 34 35 37 38 39 40 41 42 43 44
(37,*) 0 1 2 3 4 5 6 7 8 9 10 11 12 13 26 27 28 29 30 31 32 33 34 35 36 38 39 40 41 42 43 44
(38,*) 0 1 2 3 4 5 6 7 8 9 10 11 12 13 26 27 28 29 30 31 32 33 34 35 36 37 39 40 41 42 43 44
(39,*) 0 1 2 3 4 5 6 7 8 9 10 11 12 13 26 27 28 29 30 31 32 33 34 35 36 37 38 40 41 42 43 44
(40,*) 0 1 2 3 4 5 6 7 8 9 10 11 12 13 26 27 28 29 30 31 32 33 34 35 36 37 38 39 41 42 43 44
(41,*) 0 1 2 3 4 5 6 7 8 9 10 11 12 13 26 27 28 29 30 31 32 33 34 35 36 37 38 39 40 42 43 44
(42,*) 0 1 2 3 4 5 6 7 8 9 10 11 12 13 26 27 28 29 30 31 32 33 34 35 36 37 38 39 40 41 43 44
(43,*) 0 1 2 3 4 5 6 7 8 9 10 11 12 13 26 27 28 29 30 31 32 33 34 35 36 37 38 39 40 41 42 44
(44,*) 0 1 2 3 4 5 6 7 8 9 10 11 12 13 26 27 28 29 30 31 32 33 34 35 36 37 38 39 40 41 42 43
;
set A2:=
(38,*) 39
(39,*) 38
;
param BigM:=99999;
param n:= 5;
param d:=
1	12
2	18
3	19
4	25
5	1
6	5
7	17
8	13
9	20
10	12
11	19
12	7
13	14
14	8
15	12
16	11
17	23
18	13
19	9
20	19
21	9
22	8
23	4
24	25
25	13
26	5
27	12
28	8
29	5
30	26
31	21
32	13
33	12
34	3
35	2
36	24
37	14
;
param Q:=100;
param w:=
[38,*] 39 0.5
[39,*] 38 0.5
;
param V:=
[38,*] 39 87
[39,*] 38 87
;
param e:
	38	39	40	41	42	43	44:=
14	0	0	0	0	1	0	0	
15	0	0	0	0	1	0	0	
16	0	0	0	0	0	1	0	
17	0	0	0	0	0	0	1	
18	0	0	0	0	1	0	0	
19	0	0	1	0	0	0	0	
20	0	0	0	0	1	0	0	
21	0	0	0	0	1	0	0	
22	0	0	1	0	0	0	0	
23	0	0	0	0	0	1	0	
24	0	0	1	0	0	0	0	
25	0	0	0	1	0	0	0	
26	0	0	1	0	0	0	0	
27	0	0	0	0	1	0	0	
28	0	0	1	0	1	0	1	
29	0	0	1	0	1	0	1	
30	0	0	0	0	0	1	0	
31	0	0	1	0	0	0	0	
32	0	0	0	0	1	0	0	
33	0	0	0	0	1	0	0	
34	0	0	0	0	0	1	0	
35	0	0	1	0	0	0	0	
36	0	0	1	0	1	0	1	
37	0	0	0	1	0	0	0	
;
param p:=
1	3
2	3
3	3
4	3
5	3
;
param G:=
38	87
39	84
40	85
41	79
42	72
43	76
44	87
;
param s:=
0	0
1	10
2	10
3	10
4	10
5	10
6	10
7	10
8	10
9	10
10	10
11	10
12	10
13	10
26	10
27	10
28	10
29	10
30	10
31	10
32	10
33	10
34	10
35	10
36	10
37	10
38	10
39	10
40	10
41	10
42	10
43	10
44	10
;
param t:
	0	1	2	3	4	5	6	7	8	9	10	11	12	13	14	15	16	17	18	19	20	21	22	23	24	25	26	27	28	29	30	31	32	33	34	35	36	37	38	39	40	41	42	43	44:=
0	0.0	71.69	43.86	38.47	59.09	59.67	26.68	8.49	32.56	47.71	60.83	41.62	42.76	32.06	69.86	43.86	38.47	16.12	42.52	73.59	31.11	24.33	6.32	35.44	37.95	55.57	16.12	75.29	30.46	32.56	28.28	53.85	52.35	53.67	22.36	42.19	41.23	48.66	56.36	53.24	17.49	50.25	37.44	25.96	24.52
1	71.69	0.0	84.85	56.04	93.68	16.12	90.0	79.62	84.85	92.78	28.84	32.25	59.67	87.73	12.17	34.06	84.21	63.25	111.52	25.06	44.41	48.37	76.03	56.32	34.0	58.82	80.99	21.54	41.23	42.43	86.37	50.6	26.08	92.2	87.86	58.31	34.06	61.35	92.89	56.3	54.42	64.85	35.69	73.06	47.89
2	43.86	84.85	0.0	77.9	15.23	80.32	67.08	47.54	75.89	8.0	60.13	54.41	26.08	74.73	89.29	50.99	6.0	57.69	72.69	72.69	43.86	55.32	48.7	28.64	60.83	94.76	58.24	76.42	53.85	45.69	20.1	90.69	77.82	10.0	30.07	82.22	51.92	27.2	12.53	91.92	45.28	25.08	52.55	18.6	54.67
3	38.47	56.04	77.9	0.0	92.46	40.0	40.79	41.76	31.3	83.45	62.51	42.0	65.39	34.93	48.08	48.04	73.54	22.36	63.56	70.88	41.76	24.17	37.95	57.27	30.07	17.2	36.06	70.23	30.59	41.23	66.03	16.12	30.0	87.86	60.83	4.47	44.05	70.94	90.14	14.76	33.02	73.93	39.12	59.41	25.08
4	59.09	93.68	15.23	92.46	0.0	91.24	82.0	62.64	91.08	14.14	66.75	65.3	34.18	89.84	99.54	60.93	20.88	72.72	86.09	78.1	56.04	69.31	63.91	39.45	73.24	109.12	73.38	82.22	66.84	57.69	34.23	104.65	89.89	6.0	44.18	96.83	62.61	32.56	3.0	106.22	59.55	29.27	64.14	33.62	68.59
5	59.67	16.12	80.32	40.0	91.24	0.0	75.47	67.05	69.43	87.93	34.0	26.0	57.31	72.47	10.2	30.53	78.59	49.19	97.53	36.22	36.88	35.44	63.25	52.0	22.09	43.17	67.08	34.0	30.07	34.93	78.23	34.93	10.0	88.77	78.1	42.19	28.64	60.46	89.96	40.52	43.29	64.07	27.89	65.92	35.17
6	26.68	90.0	67.08	40.79	82.0	75.47	0.0	20.0	13.42	68.96	84.88	64.03	69.43	10.0	85.09	67.68	61.19	26.91	22.8	96.83	55.57	42.43	20.4	62.1	56.64	54.04	10.77	97.84	50.99	56.6	48.08	56.32	66.24	76.16	38.63	42.19	64.4	75.31	79.08	53.01	40.82	76.79	59.82	51.01	43.14
7	8.49	79.62	47.54	41.76	62.64	67.05	20.0	0.0	28.64	50.16	69.31	50.0	50.0	27.2	77.2	52.35	41.76	20.1	34.06	82.07	39.6	31.62	4.0	43.08	45.69	58.31	10.77	83.74	38.47	41.04	29.53	57.72	59.23	56.92	21.26	44.94	49.68	55.79	59.77	56.3	25.81	57.07	45.8	31.02	31.95
8	32.56	84.85	75.89	31.3	91.08	69.43	13.42	28.64	0.0	78.79	84.1	62.61	74.03	4.0	78.41	67.23	70.23	25.3	34.0	95.02	56.32	40.25	27.2	66.12	53.25	42.19	17.89	95.41	49.19	56.92	58.14	45.61	59.67	85.44	49.4	31.62	63.56	80.02	88.26	41.59	41.98	82.01	58.6	58.46	41.15
9	47.71	92.78	8.0	83.45	14.14	87.93	68.96	50.16	78.79	0.0	68.12	62.1	34.06	77.25	97.02	58.86	10.0	62.48	72.03	80.62	51.26	61.61	51.88	36.5	68.03	100.5	60.93	84.38	60.83	53.14	20.88	96.83	85.09	8.25	30.59	87.68	59.67	34.93	11.18	97.74	51.4	32.57	60.08	24.21	61.03
10	60.83	28.84	60.13	62.51	66.75	34.0	84.88	69.31	84.1	68.12	0.0	21.54	34.06	85.88	38.21	17.2	60.83	59.06	103.32	13.42	29.73	43.86	66.6	33.53	32.56	72.25	74.4	16.49	34.93	28.43	66.48	64.5	39.29	66.12	70.71	66.27	20.59	34.23	66.37	69.18	44.2	37.48	25.5	52.55	42.95
11	41.62	32.25	54.41	42.0	65.3	26.0	64.03	50.0	62.61	62.1	21.54	0.0	31.62	64.5	34.93	6.32	52.95	37.74	83.55	32.8	12.17	22.36	46.86	26.0	12.17	53.85	53.81	33.94	13.42	10.2	54.15	46.82	25.46	62.77	55.79	46.04	2.83	35.38	63.98	50.7	24.21	38.95	4.24	41.01	21.47
12	42.76	59.67	26.08	65.39	34.18	57.31	69.43	50.0	74.03	34.06	34.06	31.62	0.0	74.24	65.39	26.83	27.2	50.36	82.29	46.69	24.41	41.23	49.03	8.25	41.04	80.62	58.86	50.36	36.06	25.61	35.61	74.89	56.85	32.56	42.52	69.86	28.84	6.0	33.24	77.52	33.73	8.54	31.14	22.67	40.31
13	32.06	87.73	74.73	34.93	89.84	72.47	10.0	27.2	4.0	77.25	85.88	64.5	74.24	0.0	81.61	68.88	68.96	26.83	30.0	97.1	57.58	42.19	26.31	66.48	55.61	46.17	16.49	97.65	51.11	58.31	56.46	49.48	62.8	84.12	47.41	35.44	65.3	80.22	86.98	45.54	43.01	82.05	60.42	57.71	43.05
14	69.86	12.17	89.29	48.08	99.54	10.2	85.09	77.2	78.41	97.02	38.21	34.93	65.39	81.61	0.0	38.63	87.86	59.09	107.33	36.77	46.39	45.61	73.38	60.73	32.25	48.33	76.97	33.53	40.2	44.41	88.09	40.25	18.87	97.41	88.2	49.68	37.36	68.0	98.43	46.07	53.46	71.59	37.34	75.54	45.35
15	43.86	34.06	50.99	48.04	60.93	30.53	67.68	52.35	67.23	58.86	17.2	6.32	26.83	68.88	38.63	0.0	50.16	42.05	86.28	29.73	12.81	27.2	49.52	22.36	18.44	60.17	57.2	31.62	18.44	11.31	52.95	53.14	31.24	58.82	55.71	52.15	4.0	30.0	59.81	57.01	27.02	33.6	9.06	39.32	26.25
16	38.47	84.21	6.0	73.54	20.88	78.59	61.19	41.76	70.23	10.0	60.83	52.95	27.2	68.96	87.86	50.16	0.0	52.8	66.75	73.76	41.76	51.61	43.08	28.0	58.31	90.55	52.5	77.28	50.99	43.68	14.14	86.83	75.39	15.23	24.08	77.79	50.64	29.53	18.03	87.78	41.4	28.02	50.7	14.21	51.04
17	16.12	63.25	57.69	22.36	72.72	49.19	26.91	20.1	25.3	62.48	59.06	37.74	50.36	26.83	59.09	42.05	52.8	0.0	48.37	70.46	31.05	15.62	16.12	42.19	29.73	39.45	17.89	71.22	24.41	31.62	44.05	37.95	40.5	67.68	38.47	26.08	38.47	56.32	70.18	37.12	17.03	58.69	33.62	39.12	16.4
18	42.52	111.52	72.69	63.56	86.09	97.53	22.8	34.06	34.0	72.03	103.32	83.55	82.29	30.0	107.33	86.28	66.75	48.37	0.0	115.97	73.59	63.25	36.77	76.16	77.67	76.11	30.53	117.46	71.22	74.97	52.61	78.92	88.57	80.1	42.76	64.78	83.45	87.73	83.1	75.33	59.41	88.39	79.31	60.75	63.82
19	73.59	25.06	72.69	70.88	78.1	36.22	96.83	82.07	95.02	80.62	13.42	32.8	46.69	97.1	36.77	29.73	73.76	70.46	115.97	0.0	42.52	54.92	79.2	46.82	42.05	78.23	86.56	4.47	46.04	41.04	79.85	70.11	44.05	78.03	84.12	74.22	32.56	46.04	78.01	75.33	56.59	49.0	37.01	65.92	54.08
20	31.11	44.41	43.86	41.76	56.04	36.88	55.57	39.6	56.32	51.26	29.73	12.17	24.41	57.58	46.39	12.81	41.76	31.05	73.59	42.52	0.0	18.11	36.88	16.97	17.2	56.36	44.94	44.41	11.66	2.0	42.05	50.48	34.0	52.84	43.68	46.17	10.77	29.53	54.38	53.24	14.76	32.76	9.06	29.15	17.12
21	24.33	48.37	55.32	24.17	69.31	35.44	42.43	31.62	40.25	61.61	43.86	22.36	41.23	42.19	45.61	27.2	51.61	15.62	63.25	54.92	18.11	0.0	27.86	33.11	14.42	40.0	32.8	55.61	8.94	18.0	46.82	35.38	28.07	65.12	44.41	28.64	23.41	46.82	67.18	37.01	10.3	49.77	18.38	37.44	1.0
22	6.32	76.03	48.7	37.95	63.91	63.25	20.4	4.0	27.2	51.88	66.6	46.86	49.03	26.31	73.38	49.52	43.08	16.12	36.77	79.2	36.88	27.86	0.0	41.76	42.05	54.63	10.0	80.72	34.99	38.21	31.62	53.85	55.32	58.31	24.08	41.23	46.69	54.92	61.1	52.55	22.67	56.44	42.64	31.4	28.23
23	35.44	56.32	28.64	57.27	39.45	52.0	62.1	43.08	66.12	36.5	33.53	26.0	8.25	66.48	60.73	22.36	28.0	42.19	76.16	46.82	16.97	33.11	41.76	0.0	34.06	72.72	51.42	50.0	28.43	18.44	33.11	67.2	50.48	36.77	38.42	61.74	23.41	14.14	38.01	69.64	25.5	16.76	24.7	19.24	32.2
24	37.95	34.0	60.83	30.07	73.24	22.09	56.64	45.69	53.25	68.03	32.56	12.17	41.04	55.61	32.25	18.44	58.31	29.73	77.67	42.05	17.2	14.42	42.05	34.06	0.0	41.76	47.2	42.19	8.0	15.62	56.57	34.93	17.09	69.97	56.04	34.0	14.56	45.61	71.56	38.6	21.21	49.04	10.3	44.92	13.89
25	55.57	58.82	94.76	17.2	109.12	43.17	54.04	58.31	42.19	100.5	72.25	53.85	80.62	46.17	48.33	60.17	90.55	39.45	76.11	78.23	56.36	40.0	54.63	72.72	41.76	0.0	51.42	76.66	44.72	55.46	83.23	8.25	34.23	104.69	77.9	13.42	56.32	85.88	106.89	3.16	49.58	89.07	51.87	76.38	40.8
26	16.12	80.99	58.24	36.06	73.38	67.08	10.77	10.77	17.89	60.93	74.4	53.81	58.86	16.49	76.97	57.2	52.5	17.89	30.53	86.56	44.94	32.8	10.0	51.42	47.2	51.42	0.0	87.73	41.04	46.04	40.25	52.15	58.31	67.68	31.62	38.47	54.04	64.78	70.52	49.82	30.23	66.37	49.58	41.3	33.42
27	75.29	21.54	76.42	70.23	82.22	34.0	97.84	83.74	95.41	84.38	16.49	33.94	50.36	97.65	33.53	31.62	77.28	71.22	117.46	4.47	44.41	55.61	80.72	50.0	42.19	76.66	87.73	0.0	46.86	42.8	82.87	68.47	42.43	82.0	86.76	73.38	34.06	50.0	82.05	73.82	58.05	53.04	38.18	68.95	54.82
28	30.46	41.23	53.85	30.59	66.84	30.07	50.99	38.47	49.19	60.83	34.93	13.42	36.06	51.11	40.2	18.44	50.99	24.41	71.22	46.04	11.66	8.94	34.99	28.43	8.0	44.72	41.04	46.86	0.0	10.77	48.66	38.83	24.74	63.25	48.04	34.93	14.56	41.18	65.0	41.59	13.34	44.42	9.49	37.34	8.06
29	32.56	42.43	45.69	41.23	57.69	34.93	56.6	41.04	56.92	53.14	28.43	10.2	25.61	58.31	44.41	11.31	43.68	31.62	74.97	41.04	2.0	18.0	38.21	18.44	15.62	55.46	46.04	42.8	10.77	0.0	44.05	49.4	32.25	54.59	45.61	45.61	8.94	30.53	56.08	52.33	15.81	33.84	7.07	31.14	17.0
30	28.28	86.37	20.1	66.03	34.23	78.23	48.08	29.53	58.14	20.88	66.48	54.15	35.61	56.46	88.09	52.95	14.14	44.05	52.61	79.85	42.05	46.82	31.62	33.11	56.57	83.23	40.25	82.87	48.66	44.05	0.0	80.62	73.35	28.28	10.0	70.0	52.35	39.6	31.26	80.71	36.69	39.05	51.01	13.93	46.49
31	53.85	50.6	90.69	16.12	104.65	34.93	56.32	57.72	45.61	96.83	64.5	46.82	74.89	49.48	40.25	53.14	86.83	37.95	78.92	70.11	50.48	35.38	53.85	67.2	34.93	8.25	52.15	68.47	38.83	49.4	80.62	0.0	26.08	100.5	76.16	14.14	49.4	79.92	102.55	5.83	45.45	83.22	45.19	72.62	36.07
32	52.35	26.08	77.82	30.0	89.89	10.0	66.24	59.23	59.67	85.09	39.29	25.46	56.85	62.8	18.87	31.24	75.39	40.5	88.57	44.05	34.0	28.07	55.32	50.48	17.09	34.23	58.31	42.43	24.74	32.25	73.35	26.08	0.0	86.83	72.11	32.25	28.28	60.83	88.32	31.4	37.12	64.38	25.81	61.98	28.02
33	53.67	92.2	10.0	87.86	6.0	88.77	76.16	56.92	85.44	8.25	66.12	62.77	32.56	84.12	97.41	58.82	15.23	67.68	80.1	78.03	52.84	65.12	58.31	36.77	69.97	104.69	67.68	82.0	63.25	54.59	28.28	100.5	86.83	0.0	38.21	92.2	60.17	32.0	3.0	101.83	55.15	29.07	61.27	28.6	64.44
34	22.36	87.86	30.07	60.83	44.18	78.1	38.63	21.26	49.4	30.59	70.71	55.79	42.52	47.41	88.2	55.71	24.08	38.47	42.76	84.12	43.68	44.41	24.08	38.42	56.04	77.9	31.62	86.76	48.04	45.61	10.0	76.16	72.11	38.21	0.0	64.5	54.41	47.2	41.19	75.59	35.01	47.17	52.17	19.85	44.28
35	42.19	58.31	82.22	4.47	96.83	42.19	42.19	44.94	31.62	87.68	66.27	46.04	69.86	35.44	49.68	52.15	77.79	26.08	64.78	74.22	46.17	28.64	41.23	61.74	34.0	13.42	38.47	73.38	34.93	45.61	70.0	14.14	32.25	92.2	64.5	0.0	48.17	75.39	94.49	11.4	37.44	78.39	43.29	63.7	29.55
36	41.23	34.06	51.92	44.05	62.61	28.64	64.4	49.68	63.56	59.67	20.59	2.83	28.84	65.3	37.36	4.0	50.64	38.47	83.45	32.56	10.77	23.41	46.69	23.41	14.56	56.32	54.04	34.06	14.56	8.94	52.35	49.4	28.28	60.17	54.41	48.17	0.0	32.56	61.33	53.16	24.04	36.12	5.1	39.01	22.47
37	48.66	61.35	27.2	70.94	32.56	60.46	75.31	55.79	80.02	34.93	34.23	35.38	6.0	80.22	68.0	30.0	29.53	56.32	87.73	46.04	29.53	46.82	54.92	14.14	45.61	85.88	64.78	50.0	41.18	30.53	39.6	79.92	60.83	32.0	47.2	75.39	32.56	0.0	32.14	82.76	39.62	3.61	35.47	27.46	45.88
38	56.36	92.89	12.53	90.14	3.0	89.96	79.08	59.77	88.26	11.18	66.37	63.98	33.24	86.98	98.43	59.81	18.03	70.18	83.1	78.01	54.38	67.18	61.1	38.01	71.56	106.89	70.52	82.05	65.0	56.08	31.26	102.55	88.32	3.0	41.19	94.49	61.33	32.14	0.0	104.0	57.31	29.02	62.65	31.06	66.48
39	53.24	56.3	91.92	14.76	106.22	40.52	53.01	56.3	41.59	97.74	69.18	50.7	77.52	45.54	46.07	57.01	87.78	37.12	75.33	75.33	53.24	37.01	52.55	69.64	38.6	3.16	49.82	73.82	41.59	52.33	80.71	5.83	31.4	101.83	75.59	11.4	53.16	82.76	104.0	0.0	46.69	85.96	48.7	73.59	37.8
40	17.49	54.42	45.28	33.02	59.55	43.29	40.82	25.81	41.98	51.4	44.2	24.21	33.73	43.01	53.46	27.02	41.4	17.03	59.41	56.59	14.76	10.3	22.67	25.5	21.21	49.58	30.23	58.05	13.34	15.81	36.69	45.45	37.12	55.15	35.01	37.44	24.04	39.62	57.31	46.69	0.0	42.2	20.0	27.2	9.85
41	50.25	64.85	25.08	73.93	29.27	64.07	76.79	57.07	82.01	32.57	37.48	38.95	8.54	82.05	71.59	33.6	28.02	58.69	88.39	49.0	32.76	49.77	56.44	16.76	49.04	89.07	66.37	53.04	44.42	33.84	39.05	83.22	64.38	29.07	47.17	78.39	36.12	3.61	29.02	85.96	42.2	0.0	38.95	27.73	48.85
42	37.44	35.69	52.55	39.12	64.14	27.89	59.82	45.8	58.6	60.08	25.5	4.24	31.14	60.42	37.34	9.06	50.7	33.62	79.31	37.01	9.06	18.38	42.64	24.7	10.3	51.87	49.58	38.18	9.49	7.07	51.01	45.19	25.81	61.27	52.17	43.29	5.1	35.47	62.65	48.7	20.0	38.95	0.0	38.21	17.46
43	25.96	73.06	18.6	59.41	33.62	65.92	51.01	31.02	58.46	24.21	52.55	41.01	22.67	57.71	75.54	39.32	14.21	39.12	60.75	65.92	29.15	37.44	31.4	19.24	44.92	76.38	41.3	68.95	37.34	31.14	13.93	72.62	61.98	28.6	19.85	63.7	39.01	27.46	31.06	73.59	27.2	27.73	38.21	0.0	36.89
44	24.52	47.89	54.67	25.08	68.59	35.17	43.14	31.95	41.15	61.03	42.95	21.47	40.31	43.05	45.35	26.25	51.04	16.4	63.82	54.08	17.12	1.0	28.23	32.2	13.89	40.8	33.42	54.82	8.06	17.0	46.49	36.07	28.02	64.44	44.28	29.55	22.47	45.88	66.48	37.8	9.85	48.85	17.46	36.89	0.0
;
