vehicles
vehicle_idx, capacity, cost_per_unit_distance
1,100,1
2,100,1
3,100,1
4,100,1
5,100,1
6,100,1
depot
node_idx,x,y
0,39,19
home delivery customers
node_idx,x,y,service_time,demand
1,79,19,10,18
2,33,5,10,3
3,57,73,10,6
4,59,5,10,18
5,1,37,10,16
6,23,73,10,7
7,37,27,10,16
8,93,13,10,4
9,55,43,10,7
10,31,23,10,22
11,9,7,10,5
12,13,13,10,22
13,81,11,10,15
14,7,41,10,2
self pickup customers
node_idx,x,y,service_time,demand,locker_idxs
15,63,93,10,24,39-43
16,1,1,10,6,40
17,41,31,10,72,48
18,83,29,10,11,44-41
19,87,23,10,1,41-44
20,41,9,10,15,40
21,43,37,10,9,50-40
22,13,61,10,10,46
23,45,93,10,9,39-42
24,93,55,10,3,43
25,5,97,10,7,42
26,7,53,10,10,46
flexible customers
node_idx,x,y,service_time,demand,locker_idxs
27,41,79,10,16,50-42
28,25,31,10,22,40
29,69,17,10,19,44-41
30,53,75,10,6,50-49-39
31,79,73,10,12,43-39
32,85,93,10,23,43-39
33,85,45,10,22,49
34,49,91,10,23,39
35,93,49,10,11,41
36,19,97,10,16,42
37,83,61,10,7,43
38,71,51,10,11,47-45-50-49
lockers
node_idx,x,y,service_time,capacity,cost_per_unit_good
39,65,88,10,82
40,25,15,10,73
41,93,12,10,70
42,22,88,10,85
43,77,88,10,96
44,72,14,10,96
45,48,46,10,70
46,10,70,10,91
47,46,50,10,89
48,40,37,10,72
49,54,50,10,74
50,51,56,10,75
mrt lines
start_node_idx,end_node_idx,freight_capacity,cost_per_unit_good
39,40,82,1.5
40,39,82,1.5
41,42,85,1.5
42,41,85,1.5
distance matrix
,0,1,2,3,4,5,6,7,8,9,10,11,12,13,14,15,16,17,18,19,20,21,22,23,24,25,26,27,28,29,30,31,32,33,34,35,36,37,38,39,40,41,42,43,44,45,46,47,48,49,50,
0,0.0,40.0,15.23,56.92,24.41,42.05,56.32,8.25,54.33,28.84,8.94,32.31,26.68,42.76,38.83,77.79,42.05,12.17,45.12,48.17,10.2,18.44,49.4,74.24,64.9,85.09,46.69,60.03,18.44,30.07,57.72,67.2,87.13,52.84,72.69,61.77,80.52,60.83,45.25,73.74,14.56,54.45,71.06,78.77,33.38,28.46,58.67,31.78,18.03,34.44,38.9
1,40.0,0.0,48.08,58.31,24.41,80.05,77.79,42.76,15.23,33.94,48.17,71.02,66.27,8.25,75.29,75.71,80.05,39.85,10.77,8.94,39.29,40.25,78.23,81.44,38.63,107.52,79.62,71.02,55.32,10.2,61.74,54.0,74.24,26.68,78.0,33.11,98.41,42.19,32.98,70.41,54.15,15.65,89.5,69.03,8.6,41.11,85.8,45.28,42.95,39.82,46.4
2,15.23,48.08,0.0,72.11,26.0,45.25,68.73,22.36,60.53,43.91,18.11,24.08,21.54,48.37,44.41,92.97,32.25,27.2,55.46,56.92,8.94,33.53,59.46,88.81,78.1,96.17,54.59,74.43,27.2,37.95,72.8,82.1,102.22,65.6,87.48,74.4,93.06,75.07,59.67,88.96,12.81,60.41,83.73,93.94,40.02,43.66,68.95,46.84,32.76,49.66,54.08
3,56.92,58.31,72.11,0.0,68.03,66.57,34.0,50.16,69.97,30.07,56.36,81.61,74.4,66.48,59.36,20.88,91.21,44.94,51.11,58.31,65.97,38.63,45.61,23.32,40.25,57.27,53.85,17.09,52.8,57.27,4.47,22.0,34.41,39.6,19.7,43.27,44.94,28.64,26.08,17.0,66.24,70.83,38.08,25.0,60.88,28.46,47.1,25.5,39.81,23.19,18.03
4,24.41,24.41,26.0,68.03,0.0,66.24,76.94,31.11,34.93,38.21,33.29,50.04,46.69,22.8,63.25,88.09,58.14,31.62,33.94,33.29,18.44,35.78,72.47,89.11,60.46,106.68,70.77,76.16,42.8,15.62,70.26,70.88,91.76,47.71,86.58,55.61,100.32,60.93,47.54,83.22,35.44,34.71,90.87,84.93,15.81,42.45,81.4,46.84,37.22,45.28,51.62
5,42.05,80.05,45.25,66.57,66.24,0.0,42.19,37.36,95.08,54.33,33.11,31.05,26.83,84.12,7.21,83.55,36.0,40.45,82.39,87.13,48.83,42.0,26.83,71.22,93.74,60.13,17.09,58.0,24.74,70.88,64.4,85.91,100.96,84.38,72.25,92.78,62.64,85.44,71.39,81.84,32.56,95.34,55.15,91.53,74.63,47.85,34.21,46.84,39.0,54.57,53.49
6,56.32,77.79,68.73,34.0,76.94,42.19,0.0,48.08,92.2,43.86,50.64,67.47,60.83,84.9,35.78,44.72,75.29,45.69,74.4,81.22,66.48,41.18,15.62,29.73,72.28,30.0,25.61,18.97,42.05,72.47,30.07,56.0,65.15,68.03,31.62,74.0,24.33,61.19,52.8,44.6,58.03,92.85,15.03,56.04,76.69,36.8,13.34,32.53,39.81,38.6,32.76
7,8.25,42.76,22.36,50.16,31.11,37.36,48.08,0.0,57.72,24.08,7.21,34.41,27.78,46.82,33.11,70.94,44.41,5.66,46.04,50.16,18.44,11.66,41.62,66.48,62.61,76.97,39.7,52.15,12.65,33.53,50.6,62.29,81.61,51.26,65.12,60.17,72.28,57.2,41.62,67.12,16.97,57.97,62.82,72.95,37.34,21.95,50.77,24.7,10.44,28.6,32.2
8,54.33,15.23,60.53,69.97,34.93,95.08,92.2,57.72,0.0,48.41,62.8,84.21,80.0,12.17,90.44,85.44,92.78,55.03,18.87,11.66,52.15,55.46,93.3,93.3,42.0,121.66,94.85,84.02,70.34,24.33,73.78,61.61,80.4,32.98,89.55,36.0,111.95,49.03,43.91,80.06,68.03,1.0,103.28,76.69,21.02,55.8,100.69,59.82,58.18,53.76,60.11
9,28.84,33.94,43.91,30.07,38.21,54.33,43.86,24.08,48.41,0.0,31.24,58.41,51.61,41.23,48.04,50.64,68.41,18.44,31.3,37.74,36.77,13.42,45.69,50.99,39.85,73.59,49.03,38.63,32.31,29.53,32.06,38.42,58.31,30.07,48.37,38.47,64.9,33.29,17.89,46.1,41.04,49.04,55.8,50.09,33.62,7.62,52.48,11.4,16.16,7.07,13.6
10,8.94,48.17,18.11,56.36,33.29,33.11,50.64,7.21,62.8,31.24,0.0,27.2,20.59,51.42,30.0,76.97,37.2,12.81,52.35,56.0,17.2,18.44,42.05,71.39,69.77,78.43,38.42,56.89,10.0,38.47,56.46,69.31,88.41,58.31,70.34,67.23,74.97,64.4,48.83,73.36,10.0,62.97,65.62,79.63,41.98,28.6,51.48,30.89,16.64,35.47,38.59
11,32.31,71.02,24.08,81.61,50.04,31.05,67.47,34.41,84.21,58.41,27.2,0.0,7.21,72.11,34.06,101.55,10.0,40.0,77.2,79.62,32.06,45.34,54.15,93.23,96.75,90.09,46.04,78.79,28.84,60.83,80.99,96.21,114.77,84.97,93.04,93.91,90.55,91.61,76.03,98.47,17.89,84.15,82.04,105.76,63.39,55.15,63.01,56.73,43.14,62.24,64.54
12,26.68,66.27,21.54,74.4,46.69,26.83,60.83,27.78,80.0,51.61,20.59,7.21,0.0,68.03,28.64,94.34,16.97,33.29,71.81,74.67,28.28,38.42,48.0,86.16,90.35,84.38,40.45,71.69,21.63,56.14,73.78,89.2,107.63,78.79,85.91,87.73,84.21,84.88,69.34,91.26,12.17,80.01,75.54,98.6,59.01,48.1,57.08,49.58,36.12,55.23,57.38
13,42.76,8.25,48.37,66.48,22.8,84.12,84.9,46.82,12.17,41.23,51.42,72.11,68.03,0.0,79.85,83.95,80.62,44.72,18.11,13.42,40.05,46.04,84.4,89.55,45.61,114.77,85.09,78.89,59.46,13.42,69.86,62.03,82.1,34.23,86.16,39.85,106.02,50.04,41.23,78.64,56.14,12.04,97.01,77.1,9.49,48.1,92.31,52.4,48.55,47.43,54.08
14,38.83,75.29,44.41,59.36,63.25,7.21,35.78,33.11,90.44,48.04,30.0,34.06,28.64,79.85,0.0,76.42,40.45,35.44,76.94,82.0,46.69,36.22,20.88,64.4,87.13,56.04,12.0,50.99,20.59,66.48,57.2,78.79,93.74,78.1,65.3,86.37,57.27,78.59,64.78,74.65,31.62,90.76,49.34,84.31,70.38,41.3,29.15,40.02,33.24,47.85,46.49
15,77.79,75.71,92.97,20.88,88.09,83.55,44.72,70.94,85.44,50.64,76.97,101.55,94.34,83.95,76.42,0.0,110.94,65.79,67.05,74.0,86.83,59.46,59.36,18.0,48.41,58.14,68.82,26.08,72.72,76.24,20.59,25.61,22.0,52.8,14.14,53.25,44.18,37.74,42.76,5.39,86.76,86.38,41.3,14.87,79.51,49.34,57.78,46.24,60.54,43.93,38.9
16,42.05,80.05,32.25,91.21,58.14,36.0,75.29,44.41,92.78,68.41,37.2,10.0,16.97,80.62,40.45,110.94,0.0,50.0,86.65,88.77,40.79,55.32,61.19,101.98,106.68,96.08,52.35,87.66,38.42,69.86,90.44,106.15,124.58,94.83,102.0,103.77,97.67,101.61,86.02,108.0,27.78,92.66,89.5,115.52,72.18,65.07,69.58,66.53,53.08,72.18,74.33
17,12.17,39.85,27.2,44.94,31.62,40.45,45.69,5.66,55.03,18.44,12.81,40.0,33.29,44.72,35.44,65.79,50.0,0.0,42.05,46.69,22.0,6.32,41.04,62.13,57.27,75.18,40.5,48.0,16.0,31.3,45.61,56.64,76.03,46.17,60.53,55.03,69.57,51.61,36.06,61.85,22.63,55.36,60.08,67.42,35.36,16.55,49.82,19.65,6.08,23.02,26.93
18,45.12,10.77,55.46,51.11,33.94,82.39,74.4,46.04,18.87,31.3,52.35,77.2,71.81,18.11,76.94,67.05,86.65,42.05,0.0,7.21,46.52,40.79,76.97,74.43,27.86,103.48,79.7,65.3,58.03,18.44,54.92,44.18,64.03,16.12,70.71,22.36,93.38,32.0,25.06,61.68,59.67,19.72,84.86,59.3,18.6,38.91,83.73,42.54,43.74,35.81,41.87
19,48.17,8.94,56.92,58.31,33.29,87.13,81.22,50.16,11.66,37.74,56.0,79.62,74.67,13.42,82.0,74.0,88.77,46.69,7.21,0.0,48.08,46.17,83.19,81.63,32.56,110.45,85.44,72.47,62.51,18.97,62.13,50.64,70.03,22.09,77.9,26.68,100.5,38.21,32.25,68.62,62.51,12.53,91.92,65.76,17.49,45.28,90.21,49.09,49.04,42.64,48.84
20,10.2,39.29,8.94,65.97,18.44,48.83,66.48,18.44,52.15,36.77,17.2,32.06,28.28,40.05,46.69,86.83,40.79,22.0,46.52,48.08,0.0,28.07,59.06,84.1,69.43,95.08,55.61,70.0,27.2,29.12,67.08,74.43,94.83,56.85,82.39,65.6,90.71,66.84,51.61,82.57,17.09,52.09,81.25,86.82,31.4,37.66,68.43,41.3,28.02,43.01,48.05
21,18.44,40.25,33.53,38.63,35.78,42.0,41.18,11.66,55.46,13.42,18.44,45.34,38.42,46.04,36.22,59.46,55.32,6.32,40.79,46.17,28.07,0.0,38.42,56.04,53.14,71.02,39.4,42.05,18.97,32.8,39.29,50.91,70.0,42.76,54.33,51.42,64.62,46.65,31.3,55.54,28.43,55.9,55.15,61.29,37.01,10.3,46.67,13.34,3.0,17.03,20.62
22,49.4,78.23,59.46,45.61,72.47,26.83,15.62,41.62,93.3,45.69,42.05,54.15,48.0,84.4,20.88,59.36,61.19,41.04,76.97,83.19,59.06,38.42,0.0,45.25,80.22,36.88,10.0,33.29,32.31,71.22,42.38,67.08,78.79,73.76,46.86,80.89,36.5,70.0,58.86,58.59,47.54,93.81,28.46,69.46,75.43,38.08,9.49,34.79,36.12,42.45,38.33
23,74.24,81.44,88.81,23.32,89.11,71.22,29.73,66.48,93.3,50.99,71.39,93.23,86.16,89.55,64.4,18.0,101.98,62.13,74.43,81.63,84.1,56.04,45.25,0.0,61.22,40.2,55.17,14.56,65.15,79.7,19.7,39.45,40.0,62.48,4.47,65.12,26.31,49.68,49.4,20.62,80.52,94.15,23.54,32.39,83.49,47.1,41.88,43.01,56.22,43.93,37.48
24,64.9,38.63,78.1,40.25,60.46,93.74,72.28,62.61,42.0,39.85,69.77,96.75,90.35,45.61,87.13,48.41,106.68,57.27,27.86,32.56,69.43,53.14,80.22,61.22,0.0,97.51,86.02,57.27,72.11,44.94,44.72,22.8,38.83,12.81,56.85,6.0,85.09,11.66,22.36,43.28,78.89,43.0,78.29,36.67,46.07,45.89,84.34,47.27,55.97,39.32,42.01
25,85.09,107.52,96.17,57.27,106.68,60.13,30.0,76.97,121.66,73.59,78.43,90.09,84.38,114.77,56.04,58.14,96.08,75.18,103.48,110.45,95.08,71.02,36.88,40.2,97.51,0.0,44.05,40.25,68.96,102.45,52.8,77.79,80.1,95.41,44.41,100.24,14.0,85.91,80.45,60.67,84.4,122.35,19.24,72.56,106.67,66.71,27.46,62.37,69.46,67.9,61.62
26,46.69,79.62,54.59,53.85,70.77,17.09,25.61,39.7,94.85,49.03,38.42,46.04,40.45,85.09,12.0,68.82,52.35,40.5,79.7,85.44,55.61,39.4,10.0,55.17,86.02,44.05,0.0,42.8,28.43,71.69,50.99,74.73,87.66,78.41,56.64,86.09,45.61,76.42,64.03,67.74,42.05,95.27,38.08,78.26,75.8,41.59,17.26,39.12,36.67,47.1,44.1
27,60.03,71.02,74.43,17.09,76.16,58.0,18.97,52.15,84.02,38.63,56.89,78.79,71.69,78.89,50.99,26.08,87.66,48.0,65.3,72.47,70.0,42.05,33.29,14.56,57.27,40.25,42.8,0.0,50.6,68.03,12.65,38.47,46.17,55.61,14.42,60.03,28.43,45.69,41.04,25.63,65.97,84.81,21.02,37.11,72.01,33.73,32.28,29.43,42.01,31.78,25.08
28,18.44,55.32,27.2,52.8,42.8,24.74,42.05,12.65,70.34,32.31,10.0,28.84,21.63,59.46,20.59,72.72,38.42,16.0,58.03,62.51,27.2,18.97,32.31,65.15,72.11,68.96,28.43,50.6,0.0,46.17,52.15,68.41,86.28,61.61,64.62,70.34,66.27,65.3,50.16,69.63,16.0,70.6,57.08,77.16,49.98,27.46,41.79,28.32,16.16,34.67,36.07
29,30.07,10.2,37.95,57.27,15.62,70.88,72.47,33.53,24.33,29.53,38.47,60.83,56.14,13.42,66.48,76.24,69.86,31.3,18.44,18.97,29.12,32.8,71.22,79.7,44.94,102.45,71.69,68.03,46.17,0.0,60.17,56.89,77.67,32.25,76.66,40.0,94.34,46.17,34.06,71.11,44.05,24.52,85.15,71.45,4.24,35.81,79.31,40.22,35.23,36.25,42.95
30,57.72,61.74,72.8,4.47,70.26,64.4,30.07,50.6,73.78,32.06,56.46,80.99,73.78,69.86,57.2,20.59,90.44,45.61,54.92,62.13,67.08,39.29,42.38,19.7,44.72,52.8,50.99,12.65,52.15,60.17,0.0,26.08,36.72,43.86,16.49,47.71,40.5,33.11,30.0,17.69,66.21,74.63,33.62,27.29,63.89,29.43,43.29,25.96,40.16,25.02,19.1
31,67.2,54.0,82.1,22.0,70.88,85.91,56.0,62.29,61.61,38.42,69.31,96.21,89.2,62.03,78.79,25.61,106.15,56.64,44.18,50.64,74.43,50.91,67.08,39.45,22.8,77.79,74.73,38.47,68.41,56.89,26.08,0.0,20.88,28.64,34.99,27.78,64.62,12.65,23.41,20.52,79.25,62.59,58.94,15.13,59.41,41.11,69.07,40.22,53.08,33.97,32.76
32,87.13,74.24,102.22,34.41,91.76,100.96,65.15,81.61,80.4,58.31,88.41,114.77,107.63,82.1,93.74,22.0,124.58,76.03,64.03,70.03,94.83,70.0,78.79,40.0,38.83,80.1,87.66,46.17,86.28,77.67,36.72,20.88,0.0,48.0,36.06,44.72,66.12,32.06,44.27,20.62,98.41,81.39,63.2,9.43,80.06,59.82,78.45,58.05,71.84,53.01,50.25
33,52.84,26.68,65.6,39.6,47.71,84.38,68.03,51.26,32.98,30.07,58.31,84.97,78.79,34.23,78.1,52.8,94.83,46.17,16.12,22.09,56.85,42.76,73.76,62.48,12.81,95.41,78.41,55.61,61.61,32.25,43.86,28.64,48.0,0.0,58.41,8.94,84.02,16.12,15.23,47.42,67.08,33.96,76.28,43.74,33.62,37.01,79.06,39.32,45.71,31.4,35.74
34,72.69,78.0,87.48,19.7,86.58,72.25,31.62,65.12,89.55,48.37,70.34,93.04,85.91,86.16,65.3,14.14,102.0,60.53,70.71,77.9,82.39,54.33,46.86,4.47,56.85,44.41,56.64,14.42,64.62,76.66,16.49,34.99,36.06,58.41,0.0,60.83,30.59,45.34,45.65,16.28,79.7,90.43,27.17,28.16,80.36,45.01,44.29,41.11,54.74,41.3,35.06
35,61.77,33.11,74.4,43.27,55.61,92.78,74.0,60.17,36.0,38.47,67.23,93.91,87.73,39.85,86.37,53.25,103.77,55.03,22.36,26.68,65.6,51.42,80.89,65.12,6.0,100.24,86.09,60.03,70.34,40.0,47.71,27.78,44.72,8.94,60.83,0.0,88.2,15.62,22.09,48.01,76.03,37.0,81.01,42.15,40.82,45.1,85.62,47.01,54.34,39.01,42.58
36,80.52,98.41,93.06,44.94,100.32,62.64,24.33,72.28,111.95,64.9,74.97,90.55,84.21,106.02,57.27,44.18,97.67,69.57,93.38,100.5,90.71,64.62,36.5,26.31,85.09,14.0,45.61,28.43,66.27,94.34,40.5,64.62,66.12,84.02,30.59,88.2,0.0,73.43,69.43,46.87,82.22,112.7,9.49,58.69,98.48,58.67,28.46,54.2,63.57,58.6,52.01
37,60.83,42.19,75.07,28.64,60.93,85.44,61.19,57.2,49.03,33.29,64.4,91.61,84.88,50.04,78.59,37.74,101.61,51.61,32.0,38.21,66.84,46.65,70.0,49.68,11.66,85.91,76.42,45.69,65.3,46.17,33.11,12.65,32.06,16.12,45.34,15.62,73.43,0.0,15.62,32.45,74.03,50.01,66.71,27.66,48.27,38.08,73.55,38.6,49.24,31.02,32.39
38,45.25,32.98,59.67,26.08,47.54,71.39,52.8,41.62,43.91,17.89,48.83,76.03,69.34,41.23,64.78,42.76,86.02,36.06,25.06,32.25,51.61,31.3,58.86,49.4,22.36,80.45,64.03,41.04,50.16,34.06,30.0,23.41,44.27,15.23,45.65,22.09,69.43,15.62,0.0,37.48,58.41,44.78,61.4,37.48,37.01,23.54,63.89,25.02,34.01,17.03,20.62
39,73.74,70.41,88.96,17.0,83.22,81.84,44.6,67.12,80.06,46.1,73.36,98.47,91.26,78.64,74.65,5.39,108.0,61.85,61.68,68.62,82.57,55.54,58.59,20.62,43.28,60.67,67.74,25.63,69.63,71.11,17.69,20.52,20.62,47.42,16.28,48.01,46.87,32.45,37.48,0.0,83.24,80.99,43.0,12.0,74.33,45.31,57.87,42.49,56.8,39.56,34.93
40,14.56,54.15,12.81,66.24,35.44,32.56,58.03,16.97,68.03,41.04,10.0,17.89,12.17,56.14,31.62,86.76,27.78,22.63,59.67,62.51,17.09,28.43,47.54,80.52,78.89,84.4,42.05,65.97,16.0,44.05,66.21,79.25,98.41,67.08,79.7,76.03,82.22,74.03,58.41,83.24,0.0,68.07,73.06,89.63,47.01,38.6,57.01,40.82,26.63,45.45,48.55
41,54.45,15.65,60.41,70.83,34.71,95.34,92.85,57.97,1.0,49.04,62.97,84.15,80.01,12.04,90.76,86.38,92.66,55.36,19.72,12.53,52.09,55.9,93.81,94.15,43.0,122.35,95.27,84.81,70.6,24.52,74.63,62.59,81.39,33.96,90.43,37.0,112.7,50.01,44.78,80.99,68.07,0.0,104.0,77.67,21.1,56.4,101.26,60.44,58.6,54.45,60.83
42,71.06,89.5,83.73,38.08,90.87,55.15,15.03,62.82,103.28,55.8,65.62,82.04,75.54,97.01,49.34,41.3,89.5,60.08,84.86,91.92,81.25,55.15,28.46,23.54,78.29,19.24,38.08,21.02,57.08,85.15,33.62,58.94,63.2,76.28,27.17,81.01,9.49,66.71,61.4,43.0,73.06,104.0,0.0,55.0,89.31,49.4,21.63,44.94,54.08,49.68,43.19
43,78.77,69.03,93.94,25.0,84.93,91.53,56.04,72.95,76.69,50.09,79.63,105.76,98.6,77.1,84.31,14.87,115.52,67.42,59.3,65.76,86.82,61.29,69.46,32.39,36.67,72.56,78.26,37.11,77.16,71.45,27.29,15.13,9.43,43.74,28.16,42.15,58.69,27.66,37.48,12.0,89.63,77.67,55.0,0.0,74.17,51.04,69.38,49.04,63.01,44.42,41.23
44,33.38,8.6,40.02,60.88,15.81,74.63,76.69,37.34,21.02,33.62,41.98,63.39,59.01,9.49,70.38,79.51,72.18,35.36,18.6,17.49,31.4,37.01,75.43,83.49,46.07,106.67,75.8,72.01,49.98,4.24,63.89,59.41,80.06,33.62,80.36,40.82,98.48,48.27,37.01,74.33,47.01,21.1,89.31,74.17,0.0,40.0,83.55,44.41,39.41,40.25,46.96
45,28.46,41.11,43.66,28.46,42.45,47.85,36.8,21.95,55.8,7.62,28.6,55.15,48.1,48.1,41.3,49.34,65.07,16.55,38.91,45.28,37.66,10.3,38.08,47.1,45.89,66.71,41.59,33.73,27.46,35.81,29.43,41.11,59.82,37.01,45.01,45.1,58.67,38.08,23.54,45.31,38.6,56.4,49.4,51.04,40.0,0.0,44.94,4.47,12.04,7.21,10.44
46,58.67,85.8,68.95,47.1,81.4,34.21,13.34,50.77,100.69,52.48,51.48,63.01,57.08,92.31,29.15,57.78,69.58,49.82,83.73,90.21,68.43,46.67,9.49,41.88,84.34,27.46,17.26,32.28,41.79,79.31,43.29,69.07,78.45,79.06,44.29,85.62,28.46,73.55,63.89,57.87,57.01,101.26,21.63,69.38,83.55,44.94,0.0,41.18,44.6,48.33,43.32
47,31.78,45.28,46.84,25.5,46.84,46.84,32.53,24.7,59.82,11.4,30.89,56.73,49.58,52.4,40.02,46.24,66.53,19.65,42.54,49.09,41.3,13.34,34.79,43.01,47.27,62.37,39.12,29.43,28.32,40.22,25.96,40.22,58.05,39.32,41.11,47.01,54.2,38.6,25.02,42.49,40.82,60.44,44.94,49.04,44.41,4.47,41.18,0.0,14.32,8.0,7.81
48,18.03,42.95,32.76,39.81,37.22,39.0,39.81,10.44,58.18,16.16,16.64,43.14,36.12,48.55,33.24,60.54,53.08,6.08,43.74,49.04,28.02,3.0,36.12,56.22,55.97,69.46,36.67,42.01,16.16,35.23,40.16,53.08,71.84,45.71,54.74,54.34,63.57,49.24,34.01,56.8,26.63,58.6,54.08,63.01,39.41,12.04,44.6,14.32,0.0,19.1,21.95
49,34.44,39.82,49.66,23.19,45.28,54.57,38.6,28.6,53.76,7.07,35.47,62.24,55.23,47.43,47.85,43.93,72.18,23.02,35.81,42.64,43.01,17.03,42.45,43.93,39.32,67.9,47.1,31.78,34.67,36.25,25.02,33.97,53.01,31.4,41.3,39.01,58.6,31.02,17.03,39.56,45.45,54.45,49.68,44.42,40.25,7.21,48.33,8.0,19.1,0.0,6.71
50,38.9,46.4,54.08,18.03,51.62,53.49,32.76,32.2,60.11,13.6,38.59,64.54,57.38,54.08,46.49,38.9,74.33,26.93,41.87,48.84,48.05,20.62,38.33,37.48,42.01,61.62,44.1,25.08,36.07,42.95,19.1,32.76,50.25,35.74,35.06,42.58,52.01,32.39,20.62,34.93,48.55,60.83,43.19,41.23,46.96,10.44,43.32,7.81,21.95,6.71,0.0
