vehicles
vehicle_idx, capacity, cost_per_unit_distance
1,100,3
2,100,3
3,100,3
4,100,3
5,100,3
depot
node_idx,x,y
0,73,39
home delivery customers
node_idx,x,y,service_time,demand
1,67,91,10,23
2,91,65,10,15
3,57,85,10,25
4,35,11,10,24
5,71,27,10,13
6,67,99,10,24
7,87,81,10,20
8,89,33,10,20
9,19,77,10,15
10,19,83,10,4
11,1,59,10,15
self pickup customers
node_idx,x,y,service_time,demand,locker_idxs
12,39,21,10,3,35
13,3,9,10,24,35
14,97,15,10,15,42-36
15,47,57,10,5,44
16,51,97,10,7,34
17,43,59,10,14,41-37
18,55,77,10,5,41-34
19,49,25,10,9,43-39
20,27,9,10,13,35
21,23,81,10,23,37
22,65,77,10,12,34-38
flexible customers
node_idx,x,y,service_time,demand,locker_idxs
23,55,75,10,24,44-40-41-34
24,55,71,10,7,44-40-41
25,21,15,10,13,35-39
26,11,11,10,5,35
27,63,69,10,13,41-40-44-34
28,27,91,10,15,37
29,29,93,10,16,37
30,31,43,10,16,40-41
31,71,91,10,3,34-38
32,87,79,10,19,38-34
33,55,7,10,1,39
lockers
node_idx,x,y,service_time,capacity,cost_per_unit_good
34,65,88,10,97
35,25,15,10,92
36,93,12,10,72
37,22,88,10,97
38,77,88,10,97
39,72,14,10,86
40,50,56,10,71
41,50,54,10,100
42,76,17,10,88
43,62,38,10,90
44,45,66,10,74
mrt lines
start_node_idx,end_node_idx,freight_capacity,cost_per_unit_good
34,35,97,0.1
35,34,97,0.1
36,37,97,0.1
37,36,97,0.1
distance matrix
,0,1,2,3,4,5,6,7,8,9,10,11,12,13,14,15,16,17,18,19,20,21,22,23,24,25,26,27,28,29,30,31,32,33,34,35,36,37,38,39,40,41,42,43,44,
0,0.0,52.35,31.62,48.7,47.2,12.17,60.3,44.27,17.09,66.03,69.66,74.73,38.47,76.16,33.94,31.62,62.03,36.06,42.05,27.78,54.92,65.3,38.83,40.25,36.72,57.27,68.03,31.62,69.43,69.66,42.19,52.04,42.38,36.72,49.65,53.67,33.6,70.72,49.16,25.02,28.6,27.46,22.2,11.05,38.9
1,52.35,0.0,35.38,11.66,86.16,64.12,8.0,22.36,62.03,50.0,48.66,73.35,75.39,104.02,81.71,39.45,17.09,40.0,18.44,68.41,91.24,45.12,14.14,20.0,23.32,88.84,97.65,22.36,40.0,38.05,60.0,4.0,23.32,84.85,3.61,86.83,83.17,45.1,10.44,77.16,38.91,40.72,74.55,53.24,33.3
2,31.62,35.38,0.0,39.45,77.79,42.94,41.62,16.49,32.06,72.99,74.22,90.2,68.12,104.31,50.36,44.72,51.22,48.37,37.95,58.0,85.04,69.86,28.64,37.36,36.5,86.02,96.52,28.28,69.08,68.03,63.91,32.8,14.56,68.26,34.71,82.8,53.04,72.73,26.93,54.42,41.98,42.45,50.29,39.62,46.01
3,48.7,11.66,39.45,0.0,77.2,59.67,17.2,30.27,61.06,38.83,38.05,61.74,66.48,93.23,80.62,29.73,13.42,29.53,8.25,60.53,81.71,34.23,11.31,10.2,14.14,78.71,87.13,17.09,30.59,29.12,49.4,15.23,30.59,78.03,8.54,76.97,81.39,35.13,20.22,72.57,29.83,31.78,70.6,47.27,22.47
4,47.2,86.16,77.79,77.2,0.0,39.4,93.64,87.2,58.31,67.91,73.76,58.82,10.77,32.06,62.13,47.54,87.48,48.66,68.96,19.8,8.25,71.02,72.5,67.05,63.25,14.56,24.0,64.4,80.4,82.22,32.25,87.73,85.6,20.4,82.64,10.77,58.01,78.09,87.71,37.12,47.43,45.54,41.44,38.18,55.9
5,12.17,64.12,42.94,59.67,39.4,0.0,72.11,56.32,18.97,72.14,76.42,76.97,32.56,70.34,28.64,38.42,72.8,42.52,52.5,22.09,47.54,72.25,50.36,50.6,46.82,51.42,62.1,42.76,77.67,78.23,43.08,64.0,54.41,25.61,61.29,47.54,26.63,78.24,61.29,13.04,35.81,34.21,11.18,14.21,46.87
6,60.3,8.0,41.62,17.2,93.64,72.11,0.0,26.91,69.57,52.8,50.6,77.18,82.87,110.44,89.2,46.52,16.12,46.65,25.06,76.16,98.49,47.54,22.09,26.83,30.46,95.77,104.31,30.27,40.79,38.47,66.57,8.94,28.28,92.78,11.18,93.91,90.8,46.32,14.87,85.15,46.24,48.1,82.49,61.2,39.66
7,44.27,22.36,16.49,30.27,87.2,56.32,26.91,0.0,48.04,68.12,68.03,88.77,76.84,110.63,66.75,46.65,39.4,49.19,32.25,67.68,93.72,64.0,22.36,32.56,33.53,93.34,103.32,26.83,60.83,59.23,67.68,18.87,2.0,80.62,23.09,90.55,69.26,65.38,12.21,68.66,44.65,45.8,64.94,49.74,44.6
8,17.09,62.03,32.06,61.06,58.31,18.97,69.57,48.04,0.0,82.68,86.02,91.76,51.42,89.29,19.7,48.37,74.43,52.84,55.61,40.79,66.48,81.61,50.12,54.04,50.99,70.34,81.04,44.41,84.9,84.85,58.86,60.73,46.04,42.8,60.01,66.48,21.38,86.68,56.29,25.5,45.28,44.29,20.62,27.46,55.0
9,66.03,50.0,72.99,38.83,67.91,72.14,52.8,68.12,82.68,0.0,6.0,25.46,59.46,69.86,99.64,34.41,37.74,30.0,36.0,60.03,68.47,5.66,46.0,36.06,36.5,62.03,66.48,44.72,16.12,18.87,36.06,53.85,68.03,78.71,47.3,62.29,98.49,11.4,59.03,82.33,37.44,38.6,82.76,58.05,28.23
10,69.66,48.66,74.22,38.05,73.76,76.42,50.6,68.03,86.02,6.0,0.0,30.0,65.15,75.71,103.48,38.21,34.93,33.94,36.5,65.3,74.43,4.47,46.39,36.88,37.95,68.03,72.44,46.17,11.31,14.14,41.76,52.61,68.12,84.1,46.27,68.26,102.55,5.83,58.22,87.01,41.11,42.45,87.21,62.24,31.06
11,74.73,73.35,90.2,61.74,58.82,76.97,77.18,88.77,91.76,25.46,30.0,0.0,53.74,50.04,105.6,46.04,62.8,42.0,56.92,58.82,56.36,31.11,66.48,56.32,55.32,48.33,49.03,62.8,41.23,44.05,34.0,76.97,88.29,74.97,70.26,50.12,103.31,35.81,81.34,84.06,49.09,49.25,85.96,64.51,44.55
12,38.47,75.39,68.12,66.48,10.77,32.56,82.87,76.84,51.42,59.46,65.15,53.74,0.0,37.95,58.31,36.88,76.94,38.21,58.24,10.77,16.97,62.1,61.74,56.32,52.5,18.97,29.73,53.67,71.02,72.69,23.41,76.97,75.29,21.26,71.87,15.23,54.74,69.12,77.03,33.73,36.69,34.79,37.22,28.6,45.4
13,76.16,104.02,104.31,93.23,32.06,70.34,110.44,110.63,89.29,69.86,75.71,50.04,37.95,0.0,94.19,65.12,100.24,64.03,85.6,48.7,24.0,74.73,92.02,84.02,80.92,18.97,8.25,84.85,85.44,87.93,44.05,106.53,109.34,52.04,100.42,22.8,90.05,81.25,108.25,69.18,66.47,65.07,73.44,65.74,70.8
14,33.94,81.71,50.36,80.62,62.13,28.64,89.2,66.75,19.7,99.64,103.48,105.6,58.31,94.19,0.0,65.3,94.02,69.66,74.89,49.03,70.26,99.16,69.77,73.24,70.0,76.0,86.09,63.81,103.32,103.48,71.69,80.32,64.78,42.76,79.71,72.0,5.0,104.66,75.69,25.02,62.37,61.07,21.1,41.88,72.84
15,31.62,39.45,44.72,29.73,47.54,38.42,46.52,46.65,48.37,34.41,38.21,46.04,36.88,65.12,65.3,0.0,40.2,4.47,21.54,32.06,52.0,33.94,26.91,19.7,16.12,49.4,58.41,20.0,39.45,40.25,21.26,41.62,45.65,50.64,35.85,47.41,64.35,39.82,43.14,49.74,3.16,4.24,49.41,24.21,9.22
16,62.03,17.09,51.22,13.42,87.48,72.8,16.12,39.4,74.43,37.74,34.93,62.8,76.94,100.24,94.02,40.2,0.0,38.83,20.4,72.03,91.21,32.25,24.41,22.36,26.31,87.32,94.85,30.46,24.74,22.36,57.58,20.88,40.25,90.09,16.64,86.02,94.81,30.36,27.51,85.62,41.01,43.01,83.82,60.02,31.58
17,36.06,40.0,48.37,29.53,48.66,42.52,46.65,49.19,52.84,30.0,33.94,42.0,38.21,64.03,69.66,4.47,38.83,0.0,21.63,34.53,52.5,29.73,28.43,20.0,16.97,49.19,57.69,22.36,35.78,36.77,20.0,42.52,48.33,53.37,36.4,47.54,68.62,35.81,44.69,53.54,7.62,8.6,53.41,28.32,7.28
18,42.05,18.44,37.95,8.25,68.96,52.5,25.06,32.25,55.61,36.0,36.5,56.92,58.24,85.6,74.89,21.54,20.4,21.63,0.0,52.35,73.54,32.25,10.0,2.0,6.0,70.71,79.32,11.31,31.3,30.53,41.62,21.26,32.06,70.0,14.87,68.88,75.29,34.79,24.6,65.25,21.59,23.54,63.57,39.62,14.87
19,27.78,68.41,58.0,60.53,19.8,22.09,76.16,67.68,40.79,60.03,65.3,58.82,10.77,48.7,49.03,32.06,72.03,34.53,52.35,0.0,27.2,61.74,54.41,50.36,46.39,29.73,40.5,46.17,69.57,70.88,25.46,69.57,66.03,18.97,65.0,26.0,45.88,68.54,68.94,25.5,31.02,29.02,28.16,18.38,41.19
20,54.92,91.24,85.04,81.71,8.25,47.54,98.49,93.72,66.48,68.47,74.43,56.36,16.97,24.0,70.26,52.0,91.21,52.5,73.54,27.2,0.0,72.11,77.9,71.69,68.03,8.49,16.12,69.97,82.0,84.02,34.23,93.06,92.2,28.07,87.66,6.32,66.07,79.16,93.49,45.28,52.33,50.54,49.65,45.45,59.77
21,65.3,45.12,69.86,34.23,71.02,72.25,47.54,64.0,81.61,5.66,4.47,31.11,62.1,74.73,99.16,33.94,32.25,29.73,32.25,61.74,72.11,0.0,42.19,32.56,33.53,66.03,71.02,41.76,10.77,13.42,38.83,49.03,64.03,80.62,42.58,66.03,98.29,7.07,54.45,83.01,36.8,38.18,83.1,58.05,26.63
22,38.83,14.14,28.64,11.31,72.5,50.36,22.09,22.36,50.12,46.0,46.39,66.48,61.74,92.02,69.77,26.91,24.41,28.43,10.0,54.41,77.9,42.19,0.0,10.2,11.66,76.03,85.28,8.25,40.5,39.4,48.08,15.23,22.09,70.71,11.0,73.78,70.77,44.38,16.28,63.39,25.81,27.46,61.0,39.12,22.83
23,40.25,20.0,37.36,10.2,67.05,50.6,26.83,32.56,54.04,36.06,36.88,56.32,56.32,84.02,73.24,19.7,22.36,20.0,2.0,50.36,71.69,32.56,10.2,0.0,4.0,68.96,77.67,10.0,32.25,31.62,40.0,22.63,32.25,68.0,16.4,67.08,73.57,35.47,25.55,63.32,19.65,21.59,61.68,37.66,13.45
24,36.72,23.32,36.5,14.14,63.25,46.82,30.46,33.53,50.99,36.5,37.95,55.32,52.5,80.92,70.0,16.12,26.31,16.97,6.0,46.39,68.03,33.53,11.66,4.0,0.0,65.51,74.4,8.25,34.41,34.06,36.88,25.61,32.98,64.0,19.72,63.53,70.18,37.12,27.8,59.48,15.81,17.72,57.94,33.73,11.18
25,57.27,88.84,86.02,78.71,14.56,51.42,95.77,93.34,70.34,62.03,68.03,48.33,18.97,18.97,76.0,49.4,87.32,49.19,70.71,29.73,8.49,66.03,76.03,68.96,65.51,0.0,10.77,68.41,76.24,78.41,29.73,90.97,91.93,34.93,85.23,4.0,72.06,73.01,92.01,51.01,50.22,48.6,55.04,47.01,56.36
26,68.03,97.65,96.52,87.13,24.0,62.1,104.31,103.32,81.04,66.48,72.44,49.03,29.73,8.25,86.09,58.41,94.85,57.69,79.32,40.5,16.12,71.02,85.28,77.67,74.4,10.77,0.0,77.9,81.58,83.95,37.74,100.0,101.98,44.18,94.05,14.56,82.01,77.78,101.41,61.07,59.55,58.05,65.28,57.71,64.66
27,31.62,22.36,28.28,17.09,64.4,42.76,30.27,26.83,44.41,44.72,46.17,62.8,53.67,84.85,63.81,20.0,30.46,22.36,11.31,46.17,69.97,41.76,8.25,10.0,8.25,68.41,77.9,0.0,42.19,41.62,41.23,23.41,26.0,62.51,19.1,66.03,64.41,45.19,23.6,55.73,18.38,19.85,53.6,31.02,18.25
28,69.43,40.0,69.08,30.59,80.4,77.67,40.79,60.83,84.9,16.12,11.31,41.23,71.02,85.44,103.32,39.45,24.74,35.78,31.3,69.57,82.0,10.77,40.5,32.25,34.41,76.24,81.58,42.19,0.0,2.83,48.17,44.0,61.19,88.54,38.12,76.03,102.94,5.83,50.09,89.19,41.88,43.57,88.75,63.51,30.81
29,69.66,38.05,68.03,29.12,82.22,78.23,38.47,59.23,84.85,18.87,14.14,44.05,72.69,87.93,103.48,40.25,22.36,36.77,30.53,70.88,84.02,13.42,39.4,31.62,34.06,78.41,83.95,41.62,2.83,0.0,50.04,42.05,59.67,89.84,36.35,78.1,103.23,8.6,48.26,89.94,42.54,44.29,89.36,64.14,31.38
30,42.19,60.0,63.91,49.4,32.25,43.08,66.57,67.68,58.86,36.06,41.76,34.0,23.41,44.05,71.69,21.26,57.58,20.0,41.62,25.46,34.23,38.83,48.08,40.0,36.88,29.73,37.74,41.23,48.17,50.04,0.0,62.48,66.57,43.27,56.4,28.64,69.32,45.89,64.35,50.22,23.02,21.95,51.97,31.4,26.93
31,52.04,4.0,32.8,15.23,87.73,64.0,8.94,18.87,60.73,53.85,52.61,76.97,76.97,106.53,80.32,41.62,20.88,42.52,21.26,69.57,93.06,49.03,15.23,22.63,25.61,90.97,100.0,23.41,44.0,42.05,62.48,0.0,20.0,85.51,6.71,88.84,82.01,49.09,6.71,77.01,40.82,42.54,74.17,53.76,36.07
32,42.38,23.32,14.56,30.59,85.6,54.41,28.28,2.0,46.04,68.03,68.12,88.29,75.29,109.34,64.78,45.65,40.25,48.33,32.06,66.03,92.2,64.03,22.09,32.25,32.98,91.93,101.98,26.0,61.19,59.67,66.57,20.0,0.0,78.79,23.77,89.11,67.27,65.62,13.45,66.71,43.57,44.65,62.97,48.02,43.97
33,36.72,84.85,68.26,78.03,20.4,25.61,92.78,80.62,42.8,78.71,84.1,74.97,21.26,52.04,42.76,50.64,90.09,53.37,70.0,18.97,28.07,80.62,70.71,68.0,64.0,34.93,44.18,62.51,88.54,89.84,43.27,85.51,78.79,0.0,81.61,31.05,38.33,87.46,83.93,18.38,49.25,47.27,23.26,31.78,59.84
34,49.65,3.61,34.71,8.54,82.64,61.29,11.18,23.09,60.01,47.3,46.27,70.26,71.87,100.42,79.71,35.85,16.64,36.4,14.87,65.0,87.66,42.58,11.0,16.4,19.72,85.23,94.05,19.1,38.12,36.35,56.4,6.71,23.77,81.61,0.0,83.24,80.99,43.0,12.0,74.33,35.34,37.16,71.85,50.09,29.73
35,53.67,86.83,82.8,76.97,10.77,47.54,93.91,90.55,66.48,62.29,68.26,50.12,15.23,22.8,72.0,47.41,86.02,47.54,68.88,26.0,6.32,66.03,73.78,67.08,63.53,4.0,14.56,66.03,76.03,78.1,28.64,88.84,89.11,31.05,83.24,0.0,68.07,73.06,89.63,47.01,48.02,46.32,51.04,43.57,54.78
36,33.6,83.17,53.04,81.39,58.01,26.63,90.8,69.26,21.38,98.49,102.55,103.31,54.74,90.05,5.0,64.35,94.81,68.62,75.29,45.88,66.07,98.29,70.77,73.57,70.18,72.06,82.01,64.41,102.94,103.23,69.32,82.01,67.27,38.33,80.99,68.07,0.0,104.0,77.67,21.1,61.52,60.11,17.72,40.46,72.25
37,70.72,45.1,72.73,35.13,78.09,78.24,46.32,65.38,86.68,11.4,5.83,35.81,69.12,81.25,104.66,39.82,30.36,35.81,34.79,68.54,79.16,7.07,44.38,35.47,37.12,73.01,77.78,45.19,5.83,8.6,45.89,49.09,65.62,87.46,43.0,73.06,104.0,0.0,55.0,89.31,42.52,44.05,89.2,64.03,31.83
38,49.16,10.44,26.93,20.22,87.71,61.29,14.87,12.21,56.29,59.03,58.22,81.34,77.03,108.25,75.69,43.14,27.51,44.69,24.6,68.94,93.49,54.45,16.28,25.55,27.8,92.01,101.41,23.6,50.09,48.26,64.35,6.71,13.45,83.93,12.0,89.63,77.67,55.0,0.0,74.17,41.87,43.42,71.01,52.2,38.83
39,25.02,77.16,54.42,72.57,37.12,13.04,85.15,68.66,25.5,82.33,87.01,84.06,33.73,69.18,25.02,49.74,85.62,53.54,65.25,25.5,45.28,83.01,63.39,63.32,59.48,51.01,61.07,55.73,89.19,89.94,50.22,77.01,66.71,18.38,74.33,47.01,21.1,89.31,74.17,0.0,47.41,45.65,5.0,26.0,58.59
40,28.6,38.91,41.98,29.83,47.43,35.81,46.24,44.65,45.28,37.44,41.11,49.09,36.69,66.47,62.37,3.16,41.01,7.62,21.59,31.02,52.33,36.8,25.81,19.65,15.81,50.22,59.55,18.38,41.88,42.54,23.02,40.82,43.57,49.25,35.34,48.02,61.52,42.52,41.87,47.41,0.0,2.0,46.87,21.63,11.18
41,27.46,40.72,42.45,31.78,45.54,34.21,48.1,45.8,44.29,38.6,42.45,49.25,34.79,65.07,61.07,4.24,43.01,8.6,23.54,29.02,50.54,38.18,27.46,21.59,17.72,48.6,58.05,19.85,43.57,44.29,21.95,42.54,44.65,47.27,37.16,46.32,60.11,44.05,43.42,45.65,2.0,0.0,45.22,20.0,13.0
42,22.2,74.55,50.29,70.6,41.44,11.18,82.49,64.94,20.62,82.76,87.21,85.96,37.22,73.44,21.1,49.41,83.82,53.41,63.57,28.16,49.65,83.1,61.0,61.68,57.94,55.04,65.28,53.6,88.75,89.36,51.97,74.17,62.97,23.26,71.85,51.04,17.72,89.2,71.01,5.0,46.87,45.22,0.0,25.24,57.98
43,11.05,53.24,39.62,47.27,38.18,14.21,61.2,49.74,27.46,58.05,62.24,64.51,28.6,65.74,41.88,24.21,60.02,28.32,39.62,18.38,45.45,58.05,39.12,37.66,33.73,47.01,57.71,31.02,63.51,64.14,31.4,53.76,48.02,31.78,50.09,43.57,40.46,64.03,52.2,26.0,21.63,20.0,25.24,0.0,32.76
44,38.9,33.3,46.01,22.47,55.9,46.87,39.66,44.6,55.0,28.23,31.06,44.55,45.4,70.8,72.84,9.22,31.58,7.28,14.87,41.19,59.77,26.63,22.83,13.45,11.18,56.36,64.66,18.25,30.81,31.38,26.93,36.07,43.97,59.84,29.73,54.78,72.25,31.83,38.83,58.59,11.18,13.0,57.98,32.76,0.0
