set K:= 1	2	3	4	5	6;
set C_H:= 1	2	3	4	5	6	7	8	9	10	11	12	13	14;
set C_S:= 15	16	17	18	19	20	21	22	23	24	25	26;
set C_F:= 27	28	29	30	31	32	33	34	35	36	37	38;
set M:= 39	40	41	42;
set L_B:= 43	44	45	46	47	48;
set A1:=
(0,*) 1 2 3 4 5 6 7 8 9 10 11 12 13 14 27 28 29 30 31 32 33 34 35 36 37 38 39 40 41 42 43 44 45 46 47 48
(1,*) 0 2 3 4 5 6 7 8 9 10 11 12 13 14 27 28 29 30 31 32 33 34 35 36 37 38 39 40 41 42 43 44 45 46 47 48
(2,*) 0 1 3 4 5 6 7 8 9 10 11 12 13 14 27 28 29 30 31 32 33 34 35 36 37 38 39 40 41 42 43 44 45 46 47 48
(3,*) 0 1 2 4 5 6 7 8 9 10 11 12 13 14 27 28 29 30 31 32 33 34 35 36 37 38 39 40 41 42 43 44 45 46 47 48
(4,*) 0 1 2 3 5 6 7 8 9 10 11 12 13 14 27 28 29 30 31 32 33 34 35 36 37 38 39 40 41 42 43 44 45 46 47 48
(5,*) 0 1 2 3 4 6 7 8 9 10 11 12 13 14 27 28 29 30 31 32 33 34 35 36 37 38 39 40 41 42 43 44 45 46 47 48
(6,*) 0 1 2 3 4 5 7 8 9 10 11 12 13 14 27 28 29 30 31 32 33 34 35 36 37 38 39 40 41 42 43 44 45 46 47 48
(7,*) 0 1 2 3 4 5 6 8 9 10 11 12 13 14 27 28 29 30 31 32 33 34 35 36 37 38 39 40 41 42 43 44 45 46 47 48
(8,*) 0 1 2 3 4 5 6 7 9 10 11 12 13 14 27 28 29 30 31 32 33 34 35 36 37 38 39 40 41 42 43 44 45 46 47 48
(9,*) 0 1 2 3 4 5 6 7 8 10 11 12 13 14 27 28 29 30 31 32 33 34 35 36 37 38 39 40 41 42 43 44 45 46 47 48
(10,*) 0 1 2 3 4 5 6 7 8 9 11 12 13 14 27 28 29 30 31 32 33 34 35 36 37 38 39 40 41 42 43 44 45 46 47 48
(11,*) 0 1 2 3 4 5 6 7 8 9 10 12 13 14 27 28 29 30 31 32 33 34 35 36 37 38 39 40 41 42 43 44 45 46 47 48
(12,*) 0 1 2 3 4 5 6 7 8 9 10 11 13 14 27 28 29 30 31 32 33 34 35 36 37 38 39 40 41 42 43 44 45 46 47 48
(13,*) 0 1 2 3 4 5 6 7 8 9 10 11 12 14 27 28 29 30 31 32 33 34 35 36 37 38 39 40 41 42 43 44 45 46 47 48
(14,*) 0 1 2 3 4 5 6 7 8 9 10 11 12 13 27 28 29 30 31 32 33 34 35 36 37 38 39 40 41 42 43 44 45 46 47 48
(27,*) 0 1 2 3 4 5 6 7 8 9 10 11 12 13 14 28 29 30 31 32 33 34 35 36 37 38 39 40 41 42 43 44 45 46 47 48
(28,*) 0 1 2 3 4 5 6 7 8 9 10 11 12 13 14 27 29 30 31 32 33 34 35 36 37 38 39 40 41 42 43 44 45 46 47 48
(29,*) 0 1 2 3 4 5 6 7 8 9 10 11 12 13 14 27 28 30 31 32 33 34 35 36 37 38 39 40 41 42 43 44 45 46 47 48
(30,*) 0 1 2 3 4 5 6 7 8 9 10 11 12 13 14 27 28 29 31 32 33 34 35 36 37 38 39 40 41 42 43 44 45 46 47 48
(31,*) 0 1 2 3 4 5 6 7 8 9 10 11 12 13 14 27 28 29 30 32 33 34 35 36 37 38 39 40 41 42 43 44 45 46 47 48
(32,*) 0 1 2 3 4 5 6 7 8 9 10 11 12 13 14 27 28 29 30 31 33 34 35 36 37 38 39 40 41 42 43 44 45 46 47 48
(33,*) 0 1 2 3 4 5 6 7 8 9 10 11 12 13 14 27 28 29 30 31 32 34 35 36 37 38 39 40 41 42 43 44 45 46 47 48
(34,*) 0 1 2 3 4 5 6 7 8 9 10 11 12 13 14 27 28 29 30 31 32 33 35 36 37 38 39 40 41 42 43 44 45 46 47 48
(35,*) 0 1 2 3 4 5 6 7 8 9 10 11 12 13 14 27 28 29 30 31 32 33 34 36 37 38 39 40 41 42 43 44 45 46 47 48
(36,*) 0 1 2 3 4 5 6 7 8 9 10 11 12 13 14 27 28 29 30 31 32 33 34 35 37 38 39 40 41 42 43 44 45 46 47 48
(37,*) 0 1 2 3 4 5 6 7 8 9 10 11 12 13 14 27 28 29 30 31 32 33 34 35 36 38 39 40 41 42 43 44 45 46 47 48
(38,*) 0 1 2 3 4 5 6 7 8 9 10 11 12 13 14 27 28 29 30 31 32 33 34 35 36 37 39 40 41 42 43 44 45 46 47 48
(39,*) 0 1 2 3 4 5 6 7 8 9 10 11 12 13 14 27 28 29 30 31 32 33 34 35 36 37 38 40 41 42 43 44 45 46 47 48
(40,*) 0 1 2 3 4 5 6 7 8 9 10 11 12 13 14 27 28 29 30 31 32 33 34 35 36 37 38 39 41 42 43 44 45 46 47 48
(41,*) 0 1 2 3 4 5 6 7 8 9 10 11 12 13 14 27 28 29 30 31 32 33 34 35 36 37 38 39 40 42 43 44 45 46 47 48
(42,*) 0 1 2 3 4 5 6 7 8 9 10 11 12 13 14 27 28 29 30 31 32 33 34 35 36 37 38 39 40 41 43 44 45 46 47 48
(43,*) 0 1 2 3 4 5 6 7 8 9 10 11 12 13 14 27 28 29 30 31 32 33 34 35 36 37 38 39 40 41 42 44 45 46 47 48
(44,*) 0 1 2 3 4 5 6 7 8 9 10 11 12 13 14 27 28 29 30 31 32 33 34 35 36 37 38 39 40 41 42 43 45 46 47 48
(45,*) 0 1 2 3 4 5 6 7 8 9 10 11 12 13 14 27 28 29 30 31 32 33 34 35 36 37 38 39 40 41 42 43 44 46 47 48
(46,*) 0 1 2 3 4 5 6 7 8 9 10 11 12 13 14 27 28 29 30 31 32 33 34 35 36 37 38 39 40 41 42 43 44 45 47 48
(47,*) 0 1 2 3 4 5 6 7 8 9 10 11 12 13 14 27 28 29 30 31 32 33 34 35 36 37 38 39 40 41 42 43 44 45 46 48
(48,*) 0 1 2 3 4 5 6 7 8 9 10 11 12 13 14 27 28 29 30 31 32 33 34 35 36 37 38 39 40 41 42 43 44 45 46 47
;
set A2:=
(39,*) 40
(40,*) 39
(41,*) 42
(42,*) 41
;
param BigM:=99999;
param n:= 6;
param d:=
1	22
2	24
3	3
4	19
5	6
6	23
7	11
8	11
9	1
10	22
11	7
12	11
13	7
14	10
15	18
16	6
17	6
18	72
19	23
20	22
21	5
22	22
23	10
24	9
25	3
26	2
27	16
28	12
29	18
30	16
31	7
32	16
33	4
34	7
35	16
36	15
37	9
38	15
;
param Q:=100;
param w:=
[39,*] 40 0.5
[40,*] 39 0.5
[41,*] 42 0.5
[42,*] 41 0.5
;
param V:=
[39,*] 40 98
[40,*] 39 98
[41,*] 42 88
[42,*] 41 88
;
param e:
	39	40	41	42	43	44	45	46	47	48:=
15	1	0	0	1	0	0	1	0	0	0	
16	0	0	1	0	0	0	0	0	1	0	
17	0	0	0	1	0	0	1	0	0	0	
18	0	0	0	1	1	0	1	1	1	0	
19	0	0	1	0	0	0	0	0	0	1	
20	1	0	1	0	0	0	0	0	0	1	
21	0	0	0	1	0	1	0	0	0	0	
22	0	0	0	1	0	1	0	0	0	0	
23	0	1	0	0	0	1	0	0	0	0	
24	0	1	1	0	0	0	0	0	0	1	
25	1	0	1	0	0	1	0	0	0	0	
26	0	1	0	1	0	1	0	0	0	0	
27	0	1	1	0	0	0	0	0	0	1	
28	0	0	1	0	0	0	1	0	0	0	
29	1	0	0	1	0	1	0	0	0	0	
30	0	1	0	1	0	0	0	0	0	1	
31	0	1	1	0	0	0	1	0	0	0	
32	1	0	0	1	1	1	1	1	1	0	
33	1	0	0	1	0	0	0	0	0	1	
34	0	0	1	1	1	1	1	1	1	0	
35	0	1	1	0	0	0	1	0	0	0	
36	0	0	0	1	0	0	1	0	0	0	
37	0	1	0	1	1	1	1	1	1	0	
38	1	0	0	0	0	0	0	0	0	1	
;
param p:=
1	3
2	3
3	3
4	3
5	3
6	3
;
param G:=
39	88
40	98
41	88
42	70
43	86
44	97
45	70
46	89
47	84
48	86
;
param s:=
0	0
1	10
2	10
3	10
4	10
5	10
6	10
7	10
8	10
9	10
10	10
11	10
12	10
13	10
14	10
27	10
28	10
29	10
30	10
31	10
32	10
33	10
34	10
35	10
36	10
37	10
38	10
39	10
40	10
41	10
42	10
43	10
44	10
45	10
46	10
47	10
48	10
;
param t:
	0	1	2	3	4	5	6	7	8	9	10	11	12	13	14	15	16	17	18	19	20	21	22	23	24	25	26	27	28	29	30	31	32	33	34	35	36	37	38	39	40	41	42	43	44	45	46	47	48:=
0	0.0	18.44	77.79	15.23	30.07	57.72	72.69	45.12	61.77	48.17	8.94	60.83	45.25	85.09	46.69	40.0	56.92	42.05	12.17	87.13	52.84	32.31	26.68	49.4	74.24	64.9	38.83	60.03	67.2	24.41	42.05	56.32	8.25	54.33	28.84	80.52	10.2	18.44	42.76	54.45	71.06	73.74	14.56	32.06	29.41	30.07	29.15	33.73	60.02
1	18.44	0.0	72.72	27.2	46.17	52.15	64.62	58.03	70.34	62.51	10.0	65.3	50.16	68.96	28.43	55.32	52.8	38.42	16.0	86.28	61.61	28.84	21.63	32.31	65.15	72.11	20.59	50.6	68.41	42.8	24.74	42.05	12.65	70.34	32.31	66.27	27.2	18.97	59.46	70.6	57.08	69.63	16.0	25.61	33.24	21.63	29.15	29.7	53.24
2	77.79	72.72	0.0	92.97	76.24	20.59	14.14	67.05	53.25	74.0	76.97	37.74	42.76	58.14	68.82	75.71	20.88	110.94	65.79	22.0	52.8	101.55	94.34	59.36	18.0	48.41	76.42	26.08	25.61	88.09	83.55	44.72	70.94	85.44	50.64	44.18	86.83	59.46	83.95	86.38	41.3	5.39	86.76	47.41	50.49	51.11	48.76	44.38	19.85
3	15.23	27.2	92.97	0.0	37.95	72.8	87.48	55.46	74.4	56.92	18.11	75.07	59.67	96.17	54.59	48.08	72.11	32.25	27.2	102.22	65.6	24.08	21.54	59.46	88.81	78.1	44.41	74.43	82.1	26.0	45.25	68.73	22.36	60.53	43.91	93.06	8.94	33.53	48.37	60.41	83.73	88.96	12.81	46.69	44.42	44.18	44.38	48.76	74.95
4	30.07	46.17	76.24	37.95	0.0	60.17	76.66	18.44	40.0	18.97	38.47	46.17	34.06	102.45	71.69	10.2	57.27	69.86	31.3	77.67	32.25	60.83	56.14	71.22	79.7	44.94	66.48	68.03	56.89	15.62	70.88	72.47	33.53	24.33	29.53	94.34	29.12	32.8	13.42	24.52	85.15	71.11	44.05	44.05	29.07	45.25	34.67	41.88	63.89
5	57.72	52.15	20.59	72.8	60.17	0.0	16.49	54.92	47.71	62.13	56.46	33.11	30.0	52.8	50.99	61.74	4.47	90.44	45.61	36.72	43.86	80.99	73.78	42.38	19.7	44.72	57.2	12.65	26.08	70.26	64.4	30.07	50.6	73.78	32.06	40.5	67.08	39.29	69.86	74.63	33.62	17.69	66.21	26.83	32.14	30.53	29.15	24.04	4.24
6	72.69	64.62	14.14	87.48	76.66	16.49	0.0	70.71	60.83	77.9	70.34	45.34	45.65	44.41	56.64	78.0	19.7	102.0	60.53	36.06	58.41	93.04	85.91	46.86	4.47	56.85	65.3	14.42	34.99	86.58	72.25	31.62	65.12	89.55	48.37	30.59	82.39	54.33	86.16	90.43	27.17	16.28	79.7	40.79	48.51	43.68	45.01	39.12	13.04
7	45.12	58.03	67.05	55.46	18.44	54.92	70.71	0.0	22.36	7.21	52.35	32.0	25.06	103.48	79.7	10.77	51.11	86.65	42.05	64.03	16.12	77.2	71.81	76.97	74.43	27.86	76.94	65.3	44.18	33.94	82.39	74.4	46.04	18.87	31.3	93.38	46.52	40.79	18.11	19.72	84.86	61.68	59.67	47.41	30.41	50.16	37.12	43.57	59.08
8	61.77	70.34	53.25	74.4	40.0	47.71	60.83	22.36	0.0	26.68	67.23	15.62	22.09	100.24	86.09	33.11	43.27	103.77	55.03	44.72	8.94	93.91	87.73	80.89	65.12	6.0	86.37	60.03	27.78	55.61	92.78	74.0	60.17	36.0	38.47	88.2	65.6	51.42	39.85	37.0	81.01	48.01	76.03	52.04	37.48	56.0	43.1	47.1	51.87
9	48.17	62.51	74.0	56.92	18.97	62.13	77.9	7.21	26.68	0.0	56.0	38.21	32.25	110.45	85.44	8.94	58.31	88.77	46.69	70.03	22.09	79.62	74.67	83.19	81.63	32.56	82.0	72.47	50.64	33.29	87.13	81.22	50.16	11.66	37.74	100.5	48.08	46.17	13.42	12.53	91.92	68.62	62.51	53.85	36.89	56.36	43.57	50.22	66.29
10	8.94	10.0	76.97	18.11	38.47	56.46	70.34	52.35	67.23	56.0	0.0	64.4	48.83	78.43	38.42	48.17	56.36	37.2	12.81	88.41	58.31	27.2	20.59	42.05	71.39	69.77	30.0	56.89	69.31	33.29	33.11	50.64	7.21	62.8	31.24	74.97	17.2	18.44	51.42	62.97	65.62	73.36	10.0	29.73	32.02	26.68	29.83	32.65	58.19
11	60.83	65.3	37.74	75.07	46.17	33.11	45.34	32.0	15.62	38.21	64.4	0.0	15.62	85.91	76.42	42.19	28.64	101.61	51.61	32.06	16.12	91.61	84.88	70.0	49.68	11.66	78.59	45.69	12.65	60.93	85.44	61.19	57.2	49.03	33.29	73.43	66.84	46.65	50.04	50.01	66.71	32.45	74.03	43.17	32.45	47.54	36.25	38.08	37.12
12	45.25	50.16	42.76	59.67	34.06	30.0	45.65	25.06	22.09	32.25	48.83	15.62	0.0	80.45	64.03	32.98	26.08	86.02	36.06	44.27	15.23	76.03	69.34	58.86	49.4	22.36	64.78	41.04	23.41	47.54	71.39	52.8	41.62	43.91	17.89	69.43	51.61	31.3	41.23	44.78	61.4	37.48	58.41	30.0	17.0	34.06	21.59	25.02	34.21
13	85.09	68.96	58.14	96.17	102.45	52.8	44.41	103.48	100.24	110.45	78.43	85.91	80.45	0.0	44.05	107.52	57.27	96.08	75.18	80.1	95.41	90.09	84.38	36.88	40.2	97.51	56.04	40.25	77.79	106.68	60.13	30.0	76.97	121.66	73.59	14.0	95.08	71.02	114.77	122.35	19.24	60.67	84.4	58.41	74.28	57.69	68.01	60.88	48.85
14	46.69	28.43	68.82	54.59	71.69	50.99	56.64	79.7	86.09	85.44	38.42	76.42	64.03	44.05	0.0	79.62	53.85	52.35	40.5	87.66	78.41	46.04	40.45	10.0	55.17	86.02	12.0	42.8	74.73	70.77	17.09	25.61	39.7	94.85	49.03	45.61	55.61	39.4	85.09	95.27	38.08	67.74	42.05	34.06	50.01	30.27	43.57	39.01	49.74
15	40.0	55.32	75.71	48.08	10.2	61.74	78.0	10.77	33.11	8.94	48.17	42.19	32.98	107.52	79.62	0.0	58.31	80.05	39.85	74.24	26.68	71.02	66.27	78.23	81.44	38.63	75.29	71.02	54.0	24.41	80.05	77.79	42.76	15.23	33.94	98.41	39.29	40.25	8.25	15.65	89.5	70.41	54.15	49.68	33.24	51.61	39.62	46.67	65.74
16	56.92	52.8	20.88	72.11	57.27	4.47	19.7	51.11	43.27	58.31	56.36	28.64	26.08	57.27	53.85	58.31	0.0	91.21	44.94	34.41	39.6	81.61	74.4	45.61	23.32	40.25	59.36	17.09	22.0	68.03	66.57	34.0	50.16	69.97	30.07	44.94	65.97	38.63	66.48	70.83	38.08	17.0	66.24	27.2	30.02	31.24	27.89	23.71	8.6
17	42.05	38.42	110.94	32.25	69.86	90.44	102.0	86.65	103.77	88.77	37.2	101.61	86.02	96.08	52.35	80.05	91.21	0.0	50.0	124.58	94.83	10.0	16.97	61.19	101.98	106.68	40.45	87.66	106.15	58.14	36.0	75.29	44.41	92.78	68.41	97.67	40.79	55.32	80.62	92.66	89.5	108.0	27.78	64.03	69.2	60.0	66.53	68.01	91.27
18	12.17	16.0	65.79	27.2	31.3	45.61	60.53	42.05	55.03	46.69	12.81	51.61	36.06	75.18	40.5	39.85	44.94	50.0	0.0	76.03	46.17	40.0	33.29	41.04	62.13	57.27	35.44	48.0	56.64	31.62	40.45	45.69	5.66	55.03	18.44	69.57	22.0	6.32	44.72	55.36	60.08	61.85	22.63	20.0	19.21	18.44	17.49	21.59	47.85
19	87.13	86.28	22.0	102.22	77.67	36.72	36.06	64.03	44.72	70.03	88.41	32.06	44.27	80.1	87.66	74.24	34.41	124.58	76.03	0.0	48.0	114.77	107.63	78.79	40.0	38.83	93.74	46.17	20.88	91.76	100.96	65.15	81.61	80.4	58.31	66.12	94.83	70.0	82.1	81.39	63.2	20.62	98.41	60.83	57.8	65.12	58.6	56.59	38.08
20	52.84	61.61	52.8	65.6	32.25	43.86	58.41	16.12	8.94	22.09	58.31	16.12	15.23	95.41	78.41	26.68	39.6	94.83	46.17	48.0	0.0	84.97	78.79	73.76	62.48	12.81	78.1	55.61	28.64	47.71	84.38	68.03	51.26	32.98	30.07	84.02	56.85	42.76	34.23	33.96	76.28	47.42	67.08	44.41	29.07	48.17	35.01	39.62	48.1
21	32.31	28.84	101.55	24.08	60.83	80.99	93.04	77.2	93.91	79.62	27.2	91.61	76.03	90.09	46.04	71.02	81.61	10.0	40.0	114.77	84.97	0.0	7.21	54.15	93.23	96.75	34.06	78.79	96.21	50.04	31.05	67.47	34.41	84.21	58.41	90.55	32.06	45.34	72.11	84.15	82.04	98.47	17.89	54.41	59.2	50.48	56.59	58.26	81.99
22	26.68	21.63	94.34	21.54	56.14	73.78	85.91	71.81	87.73	74.67	20.59	84.88	69.34	84.38	40.45	66.27	74.4	16.97	33.29	107.63	78.79	7.21	0.0	48.0	86.16	90.35	28.64	71.69	89.2	46.69	26.83	60.83	27.78	80.0	51.61	84.21	28.28	38.42	68.03	80.01	75.54	91.26	12.17	47.2	52.43	43.27	49.58	51.09	74.79
23	49.4	32.31	59.36	59.46	71.22	42.38	46.86	76.97	80.89	83.19	42.05	70.0	58.86	36.88	10.0	78.23	45.61	61.19	41.04	78.79	73.76	54.15	48.0	0.0	45.25	80.22	20.88	33.29	67.08	72.47	26.83	15.62	41.62	93.3	45.69	36.5	59.06	38.42	84.4	93.81	28.46	58.59	47.54	29.73	46.62	26.83	39.92	34.21	40.72
24	74.24	65.15	18.0	88.81	79.7	19.7	4.47	74.43	65.12	81.63	71.39	49.68	49.4	40.2	55.17	81.44	23.32	101.98	62.13	40.0	62.48	93.23	86.16	45.25	0.0	61.22	64.4	14.56	39.45	89.11	71.22	29.73	66.48	93.3	50.99	26.31	84.1	56.04	89.55	94.15	23.54	20.62	80.52	42.19	51.2	44.72	47.27	41.01	15.81
25	64.9	72.11	48.41	78.1	44.94	44.72	56.85	27.86	6.0	32.56	69.77	11.66	22.36	97.51	86.02	38.63	40.25	106.68	57.27	38.83	12.81	96.75	90.35	80.22	61.22	0.0	87.13	57.27	22.8	60.46	93.74	72.28	62.61	42.0	39.85	85.09	69.43	53.14	45.61	43.0	78.29	43.28	78.89	52.15	38.9	56.32	43.93	47.1	48.76
26	38.83	20.59	76.42	44.41	66.48	57.2	65.3	76.94	86.37	82.0	30.0	78.59	64.78	56.04	12.0	75.29	59.36	40.45	35.44	93.74	78.1	34.06	28.64	20.88	64.4	87.13	0.0	50.99	78.79	63.25	7.21	35.78	33.11	90.44	48.04	57.27	46.69	36.22	79.85	90.76	49.34	74.65	31.62	35.44	49.04	31.05	43.29	40.52	56.73
27	60.03	50.6	26.08	74.43	68.03	12.65	14.42	65.3	60.03	72.47	56.89	45.69	41.04	40.25	42.8	71.02	17.09	87.66	48.0	46.17	55.61	78.79	71.69	33.29	14.56	57.27	50.99	0.0	38.47	76.16	58.0	18.97	52.15	84.02	38.63	28.43	70.0	42.05	78.89	84.81	21.02	25.63	65.97	28.0	39.0	30.27	34.21	27.46	9.06
28	67.2	68.41	25.61	82.1	56.89	26.08	34.99	44.18	27.78	50.64	69.31	12.65	23.41	77.79	74.73	54.0	22.0	106.15	56.64	20.88	28.64	96.21	89.2	67.08	39.45	22.8	78.79	38.47	0.0	70.88	85.91	56.0	62.29	61.61	38.42	64.62	74.43	50.91	62.03	62.59	58.94	20.52	79.25	43.91	37.8	48.37	39.62	39.12	29.43
29	24.41	42.8	88.09	26.0	15.62	70.26	86.58	33.94	55.61	33.29	33.29	60.93	47.54	106.68	70.77	24.41	68.03	58.14	31.62	91.76	47.71	50.04	46.69	72.47	89.11	60.46	63.25	76.16	70.88	0.0	66.24	76.94	31.11	34.93	38.21	100.32	18.44	35.78	22.8	34.71	90.87	83.22	35.44	49.4	38.12	49.19	41.98	48.76	73.55
30	42.05	24.74	83.55	45.25	70.88	64.4	72.25	82.39	92.78	87.13	33.11	85.44	71.39	60.13	17.09	80.05	66.57	36.0	40.45	100.96	84.38	31.05	26.83	26.83	71.22	93.74	7.21	58.0	85.91	66.24	0.0	42.19	37.36	95.08	54.33	62.64	48.83	42.0	84.12	95.34	55.15	81.84	32.56	42.38	55.33	37.95	49.82	47.43	63.89
31	56.32	42.05	44.72	68.73	72.47	30.07	31.62	74.4	74.0	81.22	50.64	61.19	52.8	30.0	25.61	77.79	34.0	75.29	45.69	65.15	68.03	67.47	60.83	15.62	29.73	72.28	35.78	18.97	56.0	76.94	42.19	0.0	48.08	92.2	43.86	24.33	66.48	41.18	84.9	92.85	15.03	44.6	58.03	28.43	44.6	27.78	38.18	31.14	27.46
32	8.25	12.65	70.94	22.36	33.53	50.6	65.12	46.04	60.17	50.16	7.21	57.2	41.62	76.97	39.7	42.76	50.16	44.41	5.66	81.61	51.26	34.41	27.78	41.62	66.48	62.61	33.11	52.15	62.29	31.11	37.36	48.08	0.0	57.72	24.08	72.28	18.44	11.66	46.82	57.97	62.82	67.12	16.97	24.33	24.84	22.0	23.02	26.57	52.63
33	54.33	70.34	85.44	60.53	24.33	73.78	89.55	18.87	36.0	11.66	62.8	49.03	43.91	121.66	94.85	15.23	69.97	92.78	55.03	80.4	32.98	84.21	80.0	93.3	93.3	42.0	90.44	84.02	61.61	34.93	95.08	92.2	57.72	0.0	48.41	111.95	52.15	55.46	12.17	1.0	103.28	80.06	68.03	64.4	47.63	66.57	54.2	61.07	77.94
34	28.84	32.31	50.64	43.91	29.53	32.06	48.37	31.3	38.47	37.74	31.24	33.29	17.89	73.59	49.03	33.94	30.07	68.41	18.44	58.31	30.07	58.41	51.61	45.69	50.99	39.85	48.04	38.63	38.42	38.21	54.33	43.86	24.08	48.41	0.0	64.9	36.77	13.42	41.23	49.04	55.8	46.1	41.04	16.12	1.0	18.97	5.83	12.73	35.36
35	80.52	66.27	44.18	93.06	94.34	40.5	30.59	93.38	88.2	100.5	74.97	73.43	69.43	14.0	45.61	98.41	44.94	97.67	69.57	66.12	84.02	90.55	84.21	36.5	26.31	85.09	57.27	28.43	64.62	100.32	62.64	24.33	72.28	111.95	64.9	0.0	90.71	64.62	106.02	112.7	9.49	46.87	82.22	50.99	65.46	51.26	59.68	52.48	36.36
36	10.2	27.2	86.83	8.94	29.12	67.08	82.39	46.52	65.6	48.08	17.2	66.84	51.61	95.08	55.61	39.29	65.97	40.79	22.0	94.83	56.85	32.06	28.28	59.06	84.1	69.43	46.69	70.0	74.43	18.44	48.83	66.48	18.44	52.15	36.77	90.71	0.0	28.07	40.05	52.09	81.25	82.57	17.09	42.0	37.16	40.2	38.08	43.29	69.58
37	18.44	18.97	59.46	33.53	32.8	39.29	54.33	40.79	51.42	46.17	18.44	46.65	31.3	71.02	39.4	40.25	38.63	55.32	6.32	70.0	42.76	45.34	38.42	38.42	56.04	53.14	36.22	42.05	50.91	35.78	42.0	41.18	11.66	55.46	13.42	64.62	28.07	0.0	46.04	55.9	55.15	55.54	28.43	14.14	14.32	13.42	11.4	15.3	41.59
38	42.76	59.46	83.95	48.37	13.42	69.86	86.16	18.11	39.85	13.42	51.42	50.04	41.23	114.77	85.09	8.25	66.48	80.62	44.72	82.1	34.23	72.11	68.03	84.4	89.55	45.61	79.85	78.89	62.03	22.8	84.12	84.9	46.82	12.17	41.23	106.02	40.05	46.04	0.0	12.04	97.01	78.64	56.14	56.57	40.61	58.14	46.75	53.91	73.82
39	54.45	70.6	86.38	60.41	24.52	74.63	90.43	19.72	37.0	12.53	62.97	50.01	44.78	122.35	95.27	15.65	70.83	92.66	55.36	81.39	33.96	84.15	80.01	93.81	94.15	43.0	90.76	84.81	62.59	34.71	95.34	92.85	57.97	1.0	49.04	112.7	52.09	55.9	12.04	0.0	104.0	80.99	68.07	65.0	48.27	67.12	54.82	61.72	78.77
40	71.06	57.08	41.3	83.73	85.15	33.62	27.17	84.86	81.01	91.92	65.62	66.71	61.4	19.24	38.08	89.5	38.08	89.5	60.08	63.2	76.28	82.04	75.54	28.46	23.54	78.29	49.34	21.02	58.94	90.87	55.15	15.03	62.82	103.28	55.8	9.49	81.25	55.15	97.01	104.0	0.0	43.0	73.06	41.59	56.4	41.79	50.48	43.27	29.73
41	73.74	69.63	5.39	88.96	71.11	17.69	16.28	61.68	48.01	68.62	73.36	32.45	37.48	60.67	67.74	70.41	17.0	108.0	61.85	20.62	47.42	98.47	91.26	58.59	20.62	43.28	74.65	25.63	20.52	83.22	81.84	44.6	67.12	80.06	46.1	46.87	82.57	55.54	78.64	80.99	43.0	0.0	83.24	44.1	45.89	48.01	44.6	40.71	18.03
42	14.56	16.0	86.76	12.81	44.05	66.21	79.7	59.67	76.03	62.51	10.0	74.03	58.41	84.4	42.05	54.15	66.24	27.78	22.63	98.41	67.08	17.89	12.17	47.54	80.52	78.89	31.62	65.97	79.25	35.44	32.56	58.03	16.97	68.03	41.04	82.22	17.09	28.43	56.14	68.07	73.06	83.24	0.0	39.4	41.77	36.06	39.82	42.54	67.78
43	32.06	25.61	47.41	46.69	44.05	26.83	40.79	47.41	52.04	53.85	29.73	43.17	30.0	58.41	34.06	49.68	27.2	64.03	20.0	60.83	44.41	54.41	47.2	29.73	42.19	52.15	35.44	28.0	43.91	49.4	42.38	28.43	24.33	64.4	16.12	50.99	42.0	14.14	56.57	65.0	41.59	44.1	39.4	0.0	17.0	4.47	10.3	5.1	28.46
44	29.41	33.24	50.49	44.42	29.07	32.14	48.51	30.41	37.48	36.89	32.02	32.45	17.0	74.28	50.01	33.24	30.02	69.2	19.21	57.8	29.07	59.2	52.43	46.62	51.2	38.9	49.04	39.0	37.8	38.12	55.33	44.6	24.84	47.63	1.0	65.46	37.16	14.32	40.61	48.27	56.4	45.89	41.77	17.0	0.0	19.92	6.71	13.45	35.51
45	30.07	21.63	51.11	44.18	45.25	30.53	43.68	50.16	56.0	56.36	26.68	47.54	34.06	57.69	30.27	51.61	31.24	60.0	18.44	65.12	48.17	50.48	43.27	26.83	44.72	56.32	31.05	30.27	48.37	49.19	37.95	27.78	22.0	66.57	18.97	51.26	40.2	13.42	58.14	67.12	41.79	48.01	36.06	4.47	19.92	0.0	13.34	9.49	31.78
46	29.15	29.15	48.76	44.38	34.67	29.15	45.01	37.12	43.1	43.57	29.83	36.25	21.59	68.01	43.57	39.62	27.89	66.53	17.49	58.6	35.01	56.59	49.58	39.92	47.27	43.93	43.29	34.21	39.62	41.98	49.82	38.18	23.02	54.2	5.83	59.68	38.08	11.4	46.75	54.82	50.48	44.6	39.82	10.3	6.71	13.34	0.0	7.21	32.0
47	33.73	29.7	44.38	48.76	41.88	24.04	39.12	43.57	47.1	50.22	32.65	38.08	25.02	60.88	39.01	46.67	23.71	68.01	21.59	56.59	39.62	58.26	51.09	34.21	41.01	47.1	40.52	27.46	39.12	48.76	47.43	31.14	26.57	61.07	12.73	52.48	43.29	15.3	53.91	61.72	43.27	40.71	42.54	5.1	13.45	9.49	7.21	0.0	26.31
48	60.02	53.24	19.85	74.95	63.89	4.24	13.04	59.08	51.87	66.29	58.19	37.12	34.21	48.85	49.74	65.74	8.6	91.27	47.85	38.08	48.1	81.99	74.79	40.72	15.81	48.76	56.73	9.06	29.43	73.55	63.89	27.46	52.63	77.94	35.36	36.36	69.58	41.59	73.82	78.77	29.73	18.03	67.78	28.46	35.51	31.78	32.0	26.31	0.0
;
