vehicles
vehicle_idx, capacity, cost_per_unit_distance
1,100,3
2,100,3
3,100,3
4,100,3
5,100,3
6,100,3
depot
node_idx,x,y
0,39,19
home delivery customers
node_idx,x,y,service_time,demand
1,79,19,10,18
2,63,93,10,24
3,69,17,10,19
4,53,75,10,6
5,79,73,10,12
6,59,5,10,18
7,1,37,10,16
8,41,31,10,72
9,23,73,10,7
10,55,43,10,7
11,87,23,10,1
12,31,23,10,22
13,13,13,10,22
14,5,97,10,7
self pickup customers
node_idx,x,y,service_time,demand,locker_idxs
15,41,79,10,16,42
16,33,5,10,3,40
17,57,73,10,6,39
18,37,27,10,16,43
19,85,93,10,23,39
20,93,13,10,4,46
21,49,91,10,23,39
22,83,29,10,11,46
23,93,49,10,11,46
24,83,61,10,7,39
25,43,37,10,9,45-44-41-43
26,93,55,10,3,39
flexible customers
node_idx,x,y,service_time,demand,locker_idxs
27,25,31,10,22,40
28,1,1,10,6,40
29,85,45,10,22,46
30,19,97,10,16,39
31,41,9,10,15,43
32,9,7,10,5,40
33,13,61,10,10,42
34,71,51,10,11,44-41
35,45,93,10,9,42
36,81,11,10,15,46
37,7,53,10,10,40
38,7,41,10,2,40
lockers
node_idx,x,y,service_time,capacity,cost_per_unit_good
39,65,88,10,76
40,25,15,10,85
41,51,52,10,83
42,38,74,10,92
43,41,21,10,71
44,46,49,10,93
45,44,59,10,87
46,84,26,10,72
mrt lines
start_node_idx,end_node_idx,freight_capacity,cost_per_unit_good
39,40,85,0.1
40,39,85,0.1
distance matrix
,0,1,2,3,4,5,6,7,8,9,10,11,12,13,14,15,16,17,18,19,20,21,22,23,24,25,26,27,28,29,30,31,32,33,34,35,36,37,38,39,40,41,42,43,44,45,46,
0,0.0,40.0,77.79,30.07,57.72,67.2,24.41,42.05,12.17,56.32,28.84,48.17,8.94,26.68,85.09,60.03,15.23,56.92,8.25,87.13,54.33,72.69,45.12,61.77,60.83,18.44,64.9,18.44,42.05,52.84,80.52,10.2,32.31,49.4,45.25,74.24,42.76,46.69,38.83,73.74,14.56,35.11,55.01,2.83,30.81,40.31,45.54
1,40.0,0.0,75.71,10.2,61.74,54.0,24.41,80.05,39.85,77.79,33.94,8.94,48.17,66.27,107.52,71.02,48.08,58.31,42.76,74.24,15.23,78.0,10.77,33.11,42.19,40.25,38.63,55.32,80.05,26.68,98.41,39.29,71.02,78.23,32.98,81.44,8.25,79.62,75.29,70.41,54.15,43.28,68.6,38.05,44.6,53.15,8.6
2,77.79,75.71,0.0,76.24,20.59,25.61,88.09,83.55,65.79,44.72,50.64,74.0,76.97,94.34,58.14,26.08,92.97,20.88,70.94,22.0,85.44,14.14,67.05,53.25,37.74,59.46,48.41,72.72,110.94,52.8,44.18,86.83,101.55,59.36,42.76,18.0,83.95,68.82,76.42,5.39,86.76,42.72,31.4,75.29,47.17,38.95,70.21
3,30.07,10.2,76.24,0.0,60.17,56.89,15.62,70.88,31.3,72.47,29.53,18.97,38.47,56.14,102.45,68.03,37.95,57.27,33.53,77.67,24.33,76.66,18.44,40.0,46.17,32.8,44.94,46.17,69.86,32.25,94.34,29.12,60.83,71.22,34.06,79.7,13.42,71.69,66.48,71.11,44.05,39.36,64.88,28.28,39.41,48.88,17.49
4,57.72,61.74,20.59,60.17,0.0,26.08,70.26,64.4,45.61,30.07,32.06,62.13,56.46,73.78,52.8,12.65,72.8,4.47,50.6,36.72,73.78,16.49,54.92,47.71,33.11,39.29,44.72,52.15,90.44,43.86,40.5,67.08,80.99,42.38,30.0,19.7,69.86,50.99,57.2,17.69,66.21,23.09,15.03,55.32,26.93,18.36,57.98
5,67.2,54.0,25.61,56.89,26.08,0.0,70.88,85.91,56.64,56.0,38.42,50.64,69.31,89.2,77.79,38.47,82.1,22.0,62.29,20.88,61.61,34.99,44.18,27.78,12.65,50.91,22.8,68.41,106.15,28.64,64.62,74.43,96.21,67.08,23.41,39.45,62.03,74.73,78.79,20.52,79.25,35.0,41.01,64.4,40.8,37.7,47.27
6,24.41,24.41,88.09,15.62,70.26,70.88,0.0,66.24,31.62,76.94,38.21,33.29,33.29,46.69,106.68,76.16,26.0,68.03,31.11,91.76,34.93,86.58,33.94,55.61,60.93,35.78,60.46,42.8,58.14,47.71,100.32,18.44,50.04,72.47,47.54,89.11,22.8,70.77,63.25,83.22,35.44,47.68,72.12,24.08,45.88,56.04,32.65
7,42.05,80.05,83.55,70.88,64.4,85.91,66.24,0.0,40.45,42.19,54.33,87.13,33.11,26.83,60.13,58.0,45.25,66.57,37.36,100.96,95.08,72.25,82.39,92.78,85.44,42.0,93.74,24.74,36.0,84.38,62.64,48.83,31.05,26.83,71.39,71.22,84.12,17.09,7.21,81.84,32.56,52.2,52.33,43.08,46.57,48.3,83.73
8,12.17,39.85,65.79,31.3,45.61,56.64,31.62,40.45,0.0,45.69,18.44,46.69,12.81,33.29,75.18,48.0,27.2,44.94,5.66,76.03,55.03,60.53,42.05,55.03,51.61,6.32,57.27,16.0,50.0,46.17,69.57,22.0,40.0,41.04,36.06,62.13,44.72,40.5,35.44,61.85,22.63,23.26,43.1,10.0,18.68,28.16,43.29
9,56.32,77.79,44.72,72.47,30.07,56.0,76.94,42.19,45.69,0.0,43.86,81.22,50.64,60.83,30.0,18.97,68.73,34.0,48.08,65.15,92.2,31.62,74.4,74.0,61.19,41.18,72.28,42.05,75.29,68.03,24.33,66.48,67.47,15.62,52.8,29.73,84.9,25.61,35.78,44.6,58.03,35.0,15.03,55.03,33.24,25.24,77.01
10,28.84,33.94,50.64,29.53,32.06,38.42,38.21,54.33,18.44,43.86,0.0,37.74,31.24,51.61,73.59,38.63,43.91,30.07,24.08,58.31,48.41,48.37,31.3,38.47,33.29,13.42,39.85,32.31,68.41,30.07,64.9,36.77,58.41,45.69,17.89,50.99,41.23,49.03,48.04,46.1,41.04,9.85,35.36,26.08,10.82,19.42,33.62
11,48.17,8.94,74.0,18.97,62.13,50.64,33.29,87.13,46.69,81.22,37.74,0.0,56.0,74.67,110.45,72.47,56.92,58.31,50.16,70.03,11.66,77.9,7.21,26.68,38.21,46.17,32.56,62.51,88.77,22.09,100.5,48.08,79.62,83.19,32.25,81.63,13.42,85.44,82.0,68.62,62.51,46.23,70.72,46.04,48.55,56.08,4.24
12,8.94,48.17,76.97,38.47,56.46,69.31,33.29,33.11,12.81,50.64,31.24,56.0,0.0,20.59,78.43,56.89,18.11,56.36,7.21,88.41,62.8,70.34,52.35,67.23,64.4,18.44,69.77,10.0,37.2,58.31,74.97,17.2,27.2,42.05,48.83,71.39,51.42,38.42,30.0,73.36,10.0,35.23,51.48,10.2,30.02,38.28,53.08
13,26.68,66.27,94.34,56.14,73.78,89.2,46.69,26.83,33.29,60.83,51.61,74.67,20.59,0.0,84.38,71.69,21.54,74.4,27.78,107.63,80.0,85.91,71.81,87.73,84.88,38.42,90.35,21.63,16.97,78.79,84.21,28.28,7.21,48.0,69.34,86.16,68.03,40.45,28.64,91.26,12.17,54.45,65.92,29.12,48.84,55.47,72.18
14,85.09,107.52,58.14,102.45,52.8,77.79,106.68,60.13,75.18,30.0,73.59,110.45,78.43,84.38,0.0,40.25,96.17,57.27,76.97,80.1,121.66,44.41,103.48,100.24,85.91,71.02,97.51,68.96,96.08,95.41,14.0,95.08,90.09,36.88,80.45,40.2,114.77,44.05,56.04,60.67,84.4,64.35,40.22,84.1,63.13,54.45,106.22
15,60.03,71.02,26.08,68.03,12.65,38.47,76.16,58.0,48.0,18.97,38.63,72.47,56.89,71.69,40.25,0.0,74.43,17.09,52.15,46.17,84.02,14.42,65.3,60.03,45.69,42.05,57.27,50.6,87.66,55.61,28.43,70.0,78.79,33.29,41.04,14.56,78.89,42.8,50.99,25.63,65.97,28.79,5.83,58.0,30.41,20.22,68.25
16,15.23,48.08,92.97,37.95,72.8,82.1,26.0,45.25,27.2,68.73,43.91,56.92,18.11,21.54,96.17,74.43,0.0,72.11,22.36,102.22,60.53,87.48,55.46,74.4,75.07,33.53,78.1,27.2,32.25,65.6,93.06,8.94,24.08,59.46,59.67,88.81,48.37,54.59,44.41,88.96,12.81,50.33,69.18,17.89,45.88,55.11,55.15
17,56.92,58.31,20.88,57.27,4.47,22.0,68.03,66.57,44.94,34.0,30.07,58.31,56.36,74.4,57.27,17.09,72.11,0.0,50.16,34.41,69.97,19.7,51.11,43.27,28.64,38.63,40.25,52.8,91.21,39.6,44.94,65.97,81.61,45.61,26.08,23.32,66.48,53.85,59.36,17.0,66.24,21.84,19.03,54.41,26.4,19.1,54.2
18,8.25,42.76,70.94,33.53,50.6,62.29,31.11,37.36,5.66,48.08,24.08,50.16,7.21,27.78,76.97,52.15,22.36,50.16,0.0,81.61,57.72,65.12,46.04,60.17,57.2,11.66,62.61,12.65,44.41,51.26,72.28,18.44,34.41,41.62,41.62,66.48,46.82,39.7,33.11,67.12,16.97,28.65,47.01,7.21,23.77,32.76,47.01
19,87.13,74.24,22.0,77.67,36.72,20.88,91.76,100.96,76.03,65.15,58.31,70.03,88.41,107.63,80.1,46.17,102.22,34.41,81.61,0.0,80.4,36.06,64.03,44.72,32.06,70.0,38.83,86.28,124.58,48.0,66.12,94.83,114.77,78.79,44.27,40.0,82.1,87.66,93.74,20.62,98.41,53.26,50.7,84.38,58.8,53.26,67.01
20,54.33,15.23,85.44,24.33,73.78,61.61,34.93,95.08,55.03,92.2,48.41,11.66,62.8,80.0,121.66,84.02,60.53,69.97,57.72,80.4,0.0,89.55,18.87,36.0,49.03,55.46,42.0,70.34,92.78,32.98,111.95,52.15,84.21,93.3,43.91,93.3,12.17,94.85,90.44,80.06,68.03,57.31,82.13,52.61,59.2,67.21,15.81
21,72.69,78.0,14.14,76.66,16.49,34.99,86.58,72.25,60.53,31.62,48.37,77.9,70.34,85.91,44.41,14.42,87.48,19.7,65.12,36.06,89.55,0.0,70.71,60.83,45.34,54.33,56.85,64.62,102.0,58.41,30.59,82.39,93.04,46.86,45.65,4.47,86.16,56.64,65.3,16.28,79.7,39.05,20.25,70.46,42.11,32.39,73.82
22,45.12,10.77,67.05,18.44,54.92,44.18,33.94,82.39,42.05,74.4,31.3,7.21,52.35,71.81,103.48,65.3,55.46,51.11,46.04,64.03,18.87,70.71,0.0,22.36,32.0,40.79,27.86,58.03,86.65,16.12,93.38,46.52,77.2,76.97,25.06,74.43,18.11,79.7,76.94,61.68,59.67,39.41,63.64,42.76,42.06,49.2,3.16
23,61.77,33.11,53.25,40.0,47.71,27.78,55.61,92.78,55.03,74.0,38.47,26.68,67.23,87.73,100.24,60.03,74.4,43.27,60.17,44.72,36.0,60.83,22.36,0.0,15.62,51.42,6.0,70.34,103.77,8.94,88.2,65.6,93.91,80.89,22.09,65.12,39.85,86.09,86.37,48.01,76.03,42.11,60.42,59.06,47.0,50.01,24.7
24,60.83,42.19,37.74,46.17,33.11,12.65,60.93,85.44,51.61,61.19,33.29,38.21,64.4,84.88,85.91,45.69,75.07,28.64,57.2,32.06,49.03,45.34,32.0,15.62,0.0,46.65,11.66,65.3,101.61,16.12,73.43,66.84,91.61,70.0,15.62,49.68,50.04,76.42,78.59,32.45,74.03,33.24,46.84,58.0,38.9,39.05,35.01
25,18.44,40.25,59.46,32.8,39.29,50.91,35.78,42.0,6.32,41.18,13.42,46.17,18.44,38.42,71.02,42.05,33.53,38.63,11.66,70.0,55.46,54.33,40.79,51.42,46.65,0.0,53.14,18.97,55.32,42.76,64.62,28.07,45.34,38.42,31.3,56.04,46.04,39.4,36.22,55.54,28.43,17.0,37.34,16.12,12.37,22.02,42.45
26,64.9,38.63,48.41,44.94,44.72,22.8,60.46,93.74,57.27,72.28,39.85,32.56,69.77,90.35,97.51,57.27,78.1,40.25,62.61,38.83,42.0,56.85,27.86,6.0,11.66,53.14,0.0,72.11,106.68,12.81,85.09,69.43,96.75,80.22,22.36,61.22,45.61,86.02,87.13,43.28,78.89,42.11,58.19,62.13,47.38,49.16,30.36
27,18.44,55.32,72.72,46.17,52.15,68.41,42.8,24.74,16.0,42.05,32.31,62.51,10.0,21.63,68.96,50.6,27.2,52.8,12.65,86.28,70.34,64.62,58.03,70.34,65.3,18.97,72.11,0.0,38.42,61.61,66.27,27.2,28.84,32.31,50.16,65.15,59.46,28.43,20.59,69.63,16.0,33.42,44.92,18.87,27.66,33.84,59.21
28,42.05,80.05,110.94,69.86,90.44,106.15,58.14,36.0,50.0,75.29,68.41,88.77,37.2,16.97,96.08,87.66,32.25,91.21,44.41,124.58,92.78,102.0,86.65,103.77,101.61,55.32,106.68,38.42,0.0,94.83,97.67,40.79,10.0,61.19,86.02,101.98,80.62,52.35,40.45,108.0,27.78,71.42,81.84,44.72,65.8,72.2,86.68
29,52.84,26.68,52.8,32.25,43.86,28.64,47.71,84.38,46.17,68.03,30.07,22.09,58.31,78.79,95.41,55.61,65.6,39.6,51.26,48.0,32.98,58.41,16.12,8.94,16.12,42.76,12.81,61.61,94.83,0.0,84.02,56.85,84.97,73.76,15.23,62.48,34.23,78.41,78.1,47.42,67.08,34.71,55.23,50.12,39.2,43.32,19.03
30,80.52,98.41,44.18,94.34,40.5,64.62,100.32,62.64,69.57,24.33,64.9,100.5,74.97,84.21,14.0,28.43,93.06,44.94,72.28,66.12,111.95,30.59,93.38,88.2,73.43,64.62,85.09,66.27,97.67,84.02,0.0,90.71,90.55,36.5,69.43,26.31,106.02,45.61,57.27,46.87,82.22,55.22,29.83,79.12,55.07,45.49,96.26
31,10.2,39.29,86.83,29.12,67.08,74.43,18.44,48.83,22.0,66.48,36.77,48.08,17.2,28.28,95.08,70.0,8.94,65.97,18.44,94.83,52.15,82.39,46.52,65.6,66.84,28.07,69.43,27.2,40.79,56.85,90.71,0.0,32.06,59.06,51.61,84.1,40.05,55.61,46.69,82.57,17.09,44.15,65.07,12.0,40.31,50.09,46.24
32,32.31,71.02,101.55,60.83,80.99,96.21,50.04,31.05,40.0,67.47,58.41,79.62,27.2,7.21,90.09,78.79,24.08,81.61,34.41,114.77,84.21,93.04,77.2,93.91,91.61,45.34,96.75,28.84,10.0,84.97,90.55,32.06,0.0,54.15,76.03,93.23,72.11,46.04,34.06,98.47,17.89,61.55,73.01,34.93,55.97,62.68,77.37
33,49.4,78.23,59.36,71.22,42.38,67.08,72.47,26.83,41.04,15.62,45.69,83.19,42.05,48.0,36.88,33.29,59.46,45.61,41.62,78.79,93.3,46.86,76.97,80.89,70.0,38.42,80.22,32.31,61.19,73.76,36.5,59.06,54.15,0.0,58.86,45.25,84.4,10.0,20.88,58.59,47.54,39.05,28.18,48.83,35.11,31.06,79.16
34,45.25,32.98,42.76,34.06,30.0,23.41,47.54,71.39,36.06,52.8,17.89,32.25,48.83,69.34,80.45,41.04,59.67,26.08,41.62,44.27,43.91,45.65,25.06,22.09,15.62,31.3,22.36,50.16,86.02,15.23,69.43,51.61,76.03,58.86,0.0,49.4,41.23,64.03,64.78,37.48,58.41,20.02,40.22,42.43,25.08,28.16,28.18
35,74.24,81.44,18.0,79.7,19.7,39.45,89.11,71.22,62.13,29.73,50.99,81.63,71.39,86.16,40.2,14.56,88.81,23.32,66.48,40.0,93.3,4.47,74.43,65.12,49.68,56.04,61.22,65.15,101.98,62.48,26.31,84.1,93.23,45.25,49.4,0.0,89.55,55.17,64.4,20.62,80.52,41.44,20.25,72.11,44.01,34.01,77.52
36,42.76,8.25,83.95,13.42,69.86,62.03,22.8,84.12,44.72,84.9,41.23,13.42,51.42,68.03,114.77,78.89,48.37,66.48,46.82,82.1,12.17,86.16,18.11,39.85,50.04,46.04,45.61,59.46,80.62,34.23,106.02,40.05,72.11,84.4,41.23,89.55,0.0,85.09,79.85,78.64,56.14,50.8,76.28,41.23,51.66,60.61,15.3
37,46.69,79.62,68.82,71.69,50.99,74.73,70.77,17.09,40.5,25.61,49.03,85.44,38.42,40.45,44.05,42.8,54.59,53.85,39.7,87.66,94.85,56.64,79.7,86.09,76.42,39.4,86.02,28.43,52.35,78.41,45.61,55.61,46.04,10.0,64.03,55.17,85.09,0.0,12.0,67.74,42.05,44.01,37.44,46.69,39.2,37.48,81.6
38,38.83,75.29,76.42,66.48,57.2,78.79,63.25,7.21,35.44,35.78,48.04,82.0,30.0,28.64,56.04,50.99,44.41,59.36,33.11,93.74,90.44,65.3,76.94,86.37,78.59,36.22,87.13,20.59,40.45,78.1,57.27,46.69,34.06,20.88,64.78,64.4,79.85,12.0,0.0,74.65,31.62,45.35,45.28,39.45,39.81,41.15,78.45
39,73.74,70.41,5.39,71.11,17.69,20.52,83.22,81.84,61.85,44.6,46.1,68.62,73.36,91.26,60.67,25.63,88.96,17.0,67.12,20.62,80.06,16.28,61.68,48.01,32.45,55.54,43.28,69.63,108.0,47.42,46.87,82.57,98.47,58.59,37.48,20.62,78.64,67.74,74.65,0.0,83.24,38.63,30.41,71.17,43.38,35.81,64.85
40,14.56,54.15,86.76,44.05,66.21,79.25,35.44,32.56,22.63,58.03,41.04,62.51,10.0,12.17,84.4,65.97,12.81,66.24,16.97,98.41,68.03,79.7,59.67,76.03,74.03,28.43,78.89,16.0,27.78,67.08,82.22,17.09,17.89,47.54,58.41,80.52,56.14,42.05,31.62,83.24,0.0,45.22,60.42,17.09,39.96,47.93,60.02
41,35.11,43.28,42.72,39.36,23.09,35.0,47.68,52.2,23.26,35.0,9.85,46.23,35.23,54.45,64.35,28.79,50.33,21.84,28.65,53.26,57.31,39.05,39.41,42.11,33.24,17.0,42.11,33.42,71.42,34.71,55.22,44.15,61.55,39.05,20.02,41.44,50.8,44.01,45.35,38.63,45.22,0.0,25.55,32.57,5.83,9.9,42.01
42,55.01,68.6,31.4,64.88,15.03,41.01,72.12,52.33,43.1,15.03,35.36,70.72,51.48,65.92,40.22,5.83,69.18,19.03,47.01,50.7,82.13,20.25,63.64,60.42,46.84,37.34,58.19,44.92,81.84,55.23,29.83,65.07,73.01,28.18,40.22,20.25,76.28,37.44,45.28,30.41,60.42,25.55,0.0,53.08,26.25,16.16,66.48
43,2.83,38.05,75.29,28.28,55.32,64.4,24.08,43.08,10.0,55.03,26.08,46.04,10.2,29.12,84.1,58.0,17.89,54.41,7.21,84.38,52.61,70.46,42.76,59.06,58.0,16.12,62.13,18.87,44.72,50.12,79.12,12.0,34.93,48.83,42.43,72.11,41.23,46.69,39.45,71.17,17.09,32.57,53.08,0.0,28.44,38.12,43.29
44,30.81,44.6,47.17,39.41,26.93,40.8,45.88,46.57,18.68,33.24,10.82,48.55,30.02,48.84,63.13,30.41,45.88,26.4,23.77,58.8,59.2,42.11,42.06,47.0,38.9,12.37,47.38,27.66,65.8,39.2,55.07,40.31,55.97,35.11,25.08,44.01,51.66,39.2,39.81,43.38,39.96,5.83,26.25,28.44,0.0,10.2,44.42
45,40.31,53.15,38.95,48.88,18.36,37.7,56.04,48.3,28.16,25.24,19.42,56.08,38.28,55.47,54.45,20.22,55.11,19.1,32.76,53.26,67.21,32.39,49.2,50.01,39.05,22.02,49.16,33.84,72.2,43.32,45.49,50.09,62.68,31.06,28.16,34.01,60.61,37.48,41.15,35.81,47.93,9.9,16.16,38.12,10.2,0.0,51.86
46,45.54,8.6,70.21,17.49,57.98,47.27,32.65,83.73,43.29,77.01,33.62,4.24,53.08,72.18,106.22,68.25,55.15,54.2,47.01,67.01,15.81,73.82,3.16,24.7,35.01,42.45,30.36,59.21,86.68,19.03,96.26,46.24,77.37,79.16,28.18,77.52,15.3,81.6,78.45,64.85,60.02,42.01,66.48,43.29,44.42,51.86,0.0
