vehicles
vehicle_idx, capacity, cost_per_unit_distance
1,100,1
2,100,1
3,100,1
4,100,1
5,100,1
6,100,1
depot
node_idx,x,y
0,34,31
home delivery customers
node_idx,x,y,service_time,demand
1,45,55,15,26
2,70,80,15,17
3,59,55,15,7
4,45,60,15,5
5,25,40,15,1
6,9,66,15,21
7,71,84,15,11
8,45,59,15,17
9,66,84,15,10
10,11,35,15,25
11,81,46,15,16
12,75,20,15,21
13,15,0,15,11
14,26,36,15,22
self pickup customers
node_idx,x,y,service_time,demand,locker_idxs
15,85,61,15,15,34
16,50,64,15,15,37-38-34
17,80,64,15,16,34
18,1,44,15,66,33
19,35,45,15,16,38-37
20,25,54,15,17,37-38-36
21,45,71,15,22,37-38-34
22,90,45,15,21,38
23,6,6,15,25,33
flexible customers
node_idx,x,y,service_time,demand,locker_idxs
24,81,70,15,6,34-38
25,75,90,15,17,34
26,50,54,15,25,38-37
27,1,9,15,7,33
28,85,10,15,7,35
29,15,21,15,11,33
30,31,26,15,21,33-37-38
31,10,95,15,22,36
32,51,5,15,2,35-37
lockers
node_idx,x,y,service_time,capacity,cost_per_unit_good
33,7.675000000000001,7.125000000000001,30,324,100
34,75.76,87.875,30,324,100
35,75.76,7.125000000000001,30,324,100
36,7.675000000000001,87.875,30,324,100
37,48,43,15,81,100
38,50,52,15,81,100
mrt lines
start_node_idx,end_node_idx,freight_capacity,cost_per_unit_good
33,34,324,5
34,33,324,5
35,36,324,5
36,35,324,5
distance matrix
,0,1,2,3,4,5,6,7,8,9,10,11,12,13,14,15,16,17,18,19,20,21,22,23,24,25,26,27,28,29,30,31,32,33,34,35,36,37,38,
0,0.0,26.4,60.8,34.66,31.02,12.73,43.01,64.64,30.08,61.91,23.35,49.34,42.45,36.36,9.43,59.17,36.67,56.61,35.47,14.04,24.7,41.48,57.72,37.54,61.07,71.85,28.02,39.66,55.15,21.47,5.83,68.35,31.06,35.54,70.56,48.1,62.67,18.44,26.4
1,26.4,0.0,35.36,14.0,5.0,25.0,37.64,38.95,4.0,35.81,39.45,37.11,46.1,62.65,26.87,40.45,10.3,36.14,45.35,14.14,20.02,16.0,46.1,62.63,39.0,46.1,5.1,63.66,60.21,45.34,32.2,53.15,50.36,60.71,45.02,56.91,49.74,12.37,5.83
2,60.8,35.36,0.0,27.31,32.02,60.21,62.59,4.12,32.65,5.66,74.2,35.74,60.21,97.08,62.23,24.21,25.61,18.87,77.83,49.5,51.97,26.57,40.31,97.84,14.87,11.18,32.8,99.01,71.59,80.66,66.61,61.85,77.37,95.89,9.76,73.1,62.82,43.05,34.41
3,34.66,14.0,27.31,0.0,14.87,37.16,51.2,31.38,14.56,29.83,52.0,23.77,38.48,70.43,38.08,26.68,12.73,22.85,59.03,26.0,34.01,21.26,32.57,72.18,26.63,38.48,9.06,74.03,51.97,55.61,40.31,63.25,50.64,70.19,36.9,50.72,60.95,16.28,9.49
4,31.02,5.0,32.02,14.87,0.0,28.28,36.5,35.38,1.0,31.89,42.2,38.63,50.0,67.08,30.61,40.01,6.4,35.23,46.82,18.03,20.88,11.0,47.43,66.61,37.36,42.43,7.81,67.36,64.03,49.2,36.77,49.5,55.33,64.72,41.51,61.17,46.59,17.26,9.43
5,12.73,25.0,60.21,37.16,28.28,0.0,30.53,63.66,27.59,60.14,14.87,56.32,53.85,41.23,4.12,63.57,34.66,60.01,24.33,11.18,14.0,36.89,65.19,38.95,63.53,70.71,28.65,39.2,67.08,21.47,15.23,57.01,43.6,37.16,69.78,60.48,50.91,23.19,27.73
6,43.01,37.64,62.59,51.2,36.5,30.53,0.0,64.56,36.67,59.77,31.06,74.73,80.45,66.27,34.48,76.16,41.05,71.03,23.41,33.42,20.0,36.35,83.68,60.07,72.11,70.23,42.72,57.56,94.4,45.4,45.65,29.02,74.06,58.89,70.25,89.01,21.92,45.28,43.32
7,64.64,38.95,4.12,31.38,35.38,63.66,64.56,0.0,36.07,5.0,77.47,39.29,64.12,100.96,65.8,26.93,29.0,21.93,80.62,53.08,54.92,29.07,43.38,101.53,17.2,7.21,36.62,102.59,75.31,84.29,70.46,61.98,81.49,99.6,6.14,77.02,63.44,47.01,38.28
8,30.08,4.0,32.65,14.56,1.0,27.59,36.67,36.07,0.0,32.65,41.62,38.28,49.2,66.19,29.83,40.05,7.07,35.36,46.49,17.2,20.62,12.0,47.13,65.8,37.64,43.14,7.07,66.6,63.25,48.41,35.85,50.21,54.33,63.91,42.19,60.31,47.19,16.28,8.6
9,61.91,35.81,5.66,29.83,31.89,60.14,59.77,5.0,32.65,0.0,73.66,40.85,64.63,98.27,62.48,29.83,25.61,24.41,76.32,49.82,50.8,24.7,45.79,98.41,20.52,10.82,34.0,99.25,76.4,81.06,67.74,57.07,80.41,96.5,10.5,77.49,58.45,44.78,35.78
10,23.35,39.45,74.2,52.0,42.2,14.87,31.06,77.47,41.62,73.66,0.0,70.86,65.73,35.23,15.03,78.43,48.6,74.85,13.45,26.0,23.6,49.52,79.63,29.43,78.26,84.39,43.38,27.86,78.11,14.56,21.93,60.01,50.0,28.07,83.6,70.5,52.98,37.85,42.54
11,49.34,37.11,35.74,23.77,38.63,56.32,74.73,39.29,38.28,40.85,70.86,0.0,26.68,80.45,55.9,15.52,35.85,18.03,80.02,46.01,56.57,43.83,9.06,85.0,24.0,44.41,32.02,88.14,36.22,70.58,53.85,86.27,50.8,82.99,42.2,39.23,84.44,33.14,31.58
12,42.45,46.1,60.21,38.48,50.0,53.85,80.45,64.12,49.2,64.63,65.73,26.68,0.0,63.25,51.55,42.2,50.61,44.28,77.79,47.17,60.46,59.17,29.15,70.41,50.36,70.0,42.2,74.81,14.14,60.01,44.41,99.25,28.3,68.55,67.88,12.9,95.6,35.47,40.61
13,36.36,62.65,97.08,70.43,67.08,41.23,66.27,100.96,66.19,98.27,35.23,80.45,63.25,0.0,37.64,92.85,72.95,91.22,46.17,49.24,54.92,77.08,87.46,10.82,96.21,108.17,64.35,16.64,70.71,21.0,30.53,95.13,36.35,10.22,106.84,61.18,88.18,54.2,62.68
14,9.43,26.87,62.23,38.08,30.61,4.12,34.48,65.8,29.83,62.48,15.03,55.9,51.55,37.64,0.0,64.08,36.88,60.83,26.25,12.73,18.03,39.82,64.63,36.06,64.66,72.92,30.0,36.8,64.47,18.6,11.18,61.13,39.82,34.2,71.88,57.53,55.02,23.09,28.84
15,59.17,40.45,24.21,26.68,40.01,63.57,76.16,26.93,40.05,29.83,78.43,15.52,42.2,92.85,64.08,0.0,35.13,5.83,85.7,52.5,60.41,41.23,16.76,96.26,9.85,30.68,35.69,98.79,51.0,80.62,64.35,82.35,65.51,94.24,28.42,54.66,81.86,41.15,36.14
16,36.67,10.3,25.61,12.73,6.4,34.66,41.05,29.0,7.07,25.61,48.6,35.85,50.61,72.95,36.88,35.13,0.0,30.0,52.92,24.21,26.93,8.6,44.28,72.8,31.58,36.07,10.0,73.66,64.35,55.44,42.49,50.61,59.01,70.9,35.12,62.44,48.59,21.1,12.0
17,56.61,36.14,18.87,22.85,35.23,60.01,71.03,21.93,35.36,24.41,74.85,18.03,44.28,91.22,60.83,5.83,30.0,0.0,81.49,48.85,55.9,35.69,21.47,94.02,6.08,26.48,31.62,96.26,54.23,77.94,62.01,76.56,65.74,92.01,24.25,57.03,76.16,38.28,32.31
18,35.47,45.35,77.83,59.03,46.82,24.33,23.41,80.62,46.49,76.32,13.45,80.02,77.79,46.17,26.25,85.7,52.92,81.49,0.0,34.01,26.0,51.62,89.01,38.33,84.12,87.13,50.01,35.0,90.62,26.93,34.99,51.79,63.41,37.47,86.68,83.36,44.38,47.01,49.65
19,14.04,14.14,49.5,26.0,18.03,11.18,33.42,53.08,17.2,49.82,26.0,46.01,47.17,49.24,12.73,52.5,24.21,48.85,34.01,0.0,13.45,27.86,55.0,48.6,52.35,60.21,17.49,49.52,61.03,31.24,19.42,55.9,43.08,46.7,59.16,55.64,50.84,13.15,16.55
20,24.7,20.02,51.97,34.01,20.88,14.0,20.0,54.92,20.62,50.8,23.6,56.57,60.46,54.92,18.03,60.41,26.93,55.9,26.0,13.45,0.0,26.25,65.62,51.62,58.24,61.61,25.0,51.0,74.4,34.48,28.64,43.66,55.47,49.97,61.03,69.09,38.05,25.5,25.08
21,41.48,16.0,26.57,21.26,11.0,36.89,36.35,29.07,12.0,24.7,49.52,43.83,59.17,77.08,39.82,41.23,8.6,35.69,51.62,27.86,26.25,0.0,51.97,75.8,36.01,35.51,17.72,76.03,72.95,58.31,47.13,42.44,66.27,73.98,35.08,70.9,40.96,28.16,19.65
22,57.72,46.1,40.31,32.57,47.43,65.19,83.68,43.38,47.13,45.79,79.63,9.06,29.15,87.46,64.63,16.76,44.28,21.47,89.01,55.0,65.62,51.97,0.0,92.61,26.57,47.43,41.0,96.01,35.36,78.75,61.98,94.34,55.87,90.62,45.18,40.46,92.82,42.05,40.61
23,37.54,62.63,97.84,72.18,66.61,38.95,60.07,101.53,65.8,98.41,29.43,85.0,70.41,10.82,36.06,96.26,72.8,94.02,38.33,48.6,51.62,75.8,92.61,0.0,98.6,108.71,65.12,5.83,79.1,17.49,32.02,89.09,45.01,2.02,107.56,69.77,81.89,55.97,63.66
24,61.07,39.0,14.87,26.63,37.36,63.53,72.11,17.2,37.64,20.52,78.26,24.0,50.36,96.21,64.66,9.85,31.58,6.08,84.12,52.35,58.24,36.01,26.57,98.6,0.0,20.88,34.89,100.6,60.13,82.2,66.6,75.27,71.59,96.59,18.63,63.09,75.47,42.64,35.85
25,71.85,46.1,11.18,38.48,42.43,70.71,70.23,7.21,43.14,10.82,84.39,44.41,70.0,108.17,72.92,30.68,36.07,26.48,87.13,60.21,61.61,35.51,47.43,108.71,20.88,0.0,43.83,109.71,80.62,91.44,77.67,65.19,88.32,106.78,2.26,82.88,67.36,54.2,45.49
26,28.02,5.1,32.8,9.06,7.81,28.65,42.72,36.62,7.07,34.0,43.38,32.02,42.2,64.35,30.0,35.69,10.0,31.62,50.01,17.49,25.0,17.72,41.0,65.12,34.89,43.83,0.0,66.53,56.22,48.1,33.84,57.28,49.01,63.16,42.56,53.49,54.21,11.18,2.0
27,39.66,63.66,99.01,74.03,67.36,39.2,57.56,102.59,66.6,99.25,27.86,88.14,74.81,16.64,36.8,98.79,73.66,96.26,35.0,49.52,51.0,76.03,96.01,5.83,100.6,109.71,66.53,0.0,84.01,18.44,34.48,86.47,50.16,6.93,108.68,74.78,79.16,58.01,65.19
28,55.15,60.21,71.59,51.97,64.03,67.08,94.4,75.31,63.25,76.4,78.11,36.22,14.14,70.71,64.47,51.0,64.35,54.23,90.62,61.03,74.4,72.95,35.36,79.1,60.13,80.62,56.22,84.01,0.0,70.86,56.32,113.36,34.37,77.38,78.42,9.68,109.74,49.58,54.67
29,21.47,45.34,80.66,55.61,49.2,21.47,45.4,84.29,48.41,81.06,14.56,70.58,60.01,21.0,18.6,80.62,55.44,77.94,26.93,31.24,34.48,58.31,78.75,17.49,82.2,91.44,48.1,18.44,70.86,0.0,16.76,74.17,39.4,15.69,90.36,62.32,67.27,39.66,46.75
30,5.83,32.2,66.61,40.31,36.77,15.23,45.65,70.46,35.85,67.74,21.93,53.85,44.41,30.53,11.18,64.35,42.49,62.01,34.99,19.42,28.64,47.13,61.98,32.02,66.6,77.67,33.84,34.48,56.32,16.76,0.0,72.12,29.0,30.01,76.37,48.58,66.13,24.04,32.2
31,68.35,53.15,61.85,63.25,49.5,57.01,29.02,61.98,50.21,57.07,60.01,86.27,99.25,95.13,61.13,82.35,50.61,76.56,51.79,55.9,43.66,42.44,94.34,89.09,75.27,65.19,57.28,86.47,113.36,74.17,72.12,0.0,98.9,87.91,66.14,109.76,7.49,64.4,58.73
32,31.06,50.36,77.37,50.64,55.33,43.6,74.06,81.49,54.33,80.41,50.0,50.8,28.3,36.35,39.82,65.51,59.01,65.74,63.41,43.08,55.47,66.27,55.87,45.01,71.59,88.32,49.01,50.16,34.37,39.4,29.0,98.9,0.0,43.38,86.49,24.85,93.52,38.12,47.01
33,35.54,60.71,95.89,70.19,64.72,37.16,58.89,99.6,63.91,96.5,28.07,82.99,68.55,10.22,34.2,94.24,70.9,92.01,37.47,46.7,49.97,73.98,90.62,2.02,96.59,106.78,63.16,6.93,77.38,15.69,30.01,87.91,43.38,0.0,105.62,68.09,80.75,53.97,61.69
34,70.56,45.02,9.76,36.9,41.51,69.78,70.25,6.14,42.19,10.5,83.6,42.2,67.88,106.84,71.88,28.42,35.12,24.25,86.68,59.16,61.03,35.08,45.18,107.56,18.63,2.26,42.56,108.68,78.42,90.36,76.37,66.14,86.49,105.62,0.0,80.75,68.09,52.77,44.17
35,48.1,56.91,73.1,50.72,61.17,60.48,89.01,77.02,60.31,77.49,70.5,39.23,12.9,61.18,57.53,54.66,62.44,57.03,83.36,55.64,69.09,70.9,40.46,69.77,63.09,82.88,53.49,74.78,9.68,62.32,48.58,109.76,24.85,68.09,80.75,0.0,105.62,45.36,51.74
36,62.67,49.74,62.82,60.95,46.59,50.91,21.92,63.44,47.19,58.45,52.98,84.44,95.6,88.18,55.02,81.86,48.59,76.16,44.38,50.84,38.05,40.96,92.82,81.89,75.47,67.36,54.21,79.16,109.74,67.27,66.13,7.49,93.52,80.75,68.09,105.62,0.0,60.33,55.48
37,18.44,12.37,43.05,16.28,17.26,23.19,45.28,47.01,16.28,44.78,37.85,33.14,35.47,54.2,23.09,41.15,21.1,38.28,47.01,13.15,25.5,28.16,42.05,55.97,42.64,54.2,11.18,58.01,49.58,39.66,24.04,64.4,38.12,53.97,52.77,45.36,60.33,0.0,9.22
38,26.4,5.83,34.41,9.49,9.43,27.73,43.32,38.28,8.6,35.78,42.54,31.58,40.61,62.68,28.84,36.14,12.0,32.31,49.65,16.55,25.08,19.65,40.61,63.66,35.85,45.49,2.0,65.19,54.67,46.75,32.2,58.73,47.01,61.69,44.17,51.74,55.48,9.22,0.0
