vehicles
vehicle_idx, capacity, cost_per_unit_distance
0,100,1
1,100,1
2,100,1
3,100,1
4,100,1
depot
node_idx,x,y
0,82,76
home delivery customers
node_idx,x,y,service_time,demand
1,49,8,0,21
2,84,39,0,12
3,3,82,0,16
4,5,10,0,8
5,84,25,0,21
6,61,59,0,16
7,93,3,0,1
8,50,93,0,24
9,98,14,0,8
10,5,42,0,12
11,42,9,0,4
12,80,55,0,24
13,20,70,0,15
self pickup customers
node_idx,x,y,service_time,demand,locker_idxs
14,96,44,0,0,39-34-38
15,29,89,0,19,35
16,58,30,0,7,34-38
17,14,24,0,16,43-41
18,2,39,0,6,32-41
19,1,65,0,3,35-41-37
20,91,2,0,18,38-34
21,9,97,0,24,35-37
22,57,69,0,2,37-33-41-43-40-39-42-38
flexible customers
node_idx,x,y,service_time,demand,locker_idxs
23,50,5,0,19,34-38-36-41
24,13,7,0,6,41-32-36
25,98,52,0,14,38-39
26,88,51,0,22,33-38-39-42-40
27,19,32,0,19,32-37-36-41-43-42
28,61,62,0,8,38-33-41-42-39-43-40-37
29,23,15,0,20,32-41-36-43
30,85,60,0,2,33-39-38-40-42
31,98,5,0,14,34-38
lockers
node_idx,x,y,service_time,capacity,cost_per_unit_good
32,8.275000000000002,9.125,30,160,1
33,82.48,89.875,15,160,1
34,82.48,9.125,30,160,1
35,8.275000000000002,89.875,15,160,1
36,30.099999999999998,30.5,30,160,1
37,30.099999999999998,68.5,15,160,1
38,68.89999999999999,30.5,30,160,1
39,68.89999999999999,68.5,15,160,1
40,53,61,15,30,1
41,31,41,15,30,1
42,55,49,15,30,1
43,41,47,15,30,1
mrt lines
start_node_idx,end_node_idx,freight_capacity,cost_per_unit_good
32,33,160,10
34,35,160,10
36,37,160,10
38,39,160,10
distance matrix
,0,1,2,3,4,5,6,7,8,9,10,11,12,13,14,15,16,17,18,19,20,21,22,23,24,25,26,27,28,29,30,31,32,33,34,35,36,37,38,39,40,41,42,43,
0,0.0,75.58,37.05,79.23,101.41,51.04,27.02,73.82,36.24,64.03,84.17,78.03,21.1,62.29,34.93,54.57,51.88,85.6,88.14,81.74,74.55,75.96,25.96,77.88,97.58,28.84,25.71,76.84,25.24,84.86,16.28,72.78,99.54,13.88,66.88,75.02,69.02,52.44,47.35,15.1,32.65,61.85,38.18,50.22
1,75.58,0.0,46.75,87.13,44.05,38.91,52.39,44.28,85.01,49.37,55.61,7.07,56.3,68.45,59.2,83.43,23.77,38.48,56.3,74.52,42.43,97.58,61.52,3.16,36.01,65.86,58.05,38.42,55.32,26.93,63.25,49.09,40.74,88.46,33.5,91.44,29.38,63.38,30.04,63.69,53.15,37.59,41.44,39.81
2,37.05,46.75,0.0,91.71,84.15,14.0,30.48,37.11,63.81,28.65,79.06,51.61,16.49,71.11,13.0,74.33,27.51,71.59,82.0,86.98,37.66,94.81,40.36,48.08,77.88,19.1,12.65,65.38,32.53,65.55,21.02,36.77,81.41,50.9,29.91,91.23,54.57,61.44,17.33,33.14,38.01,53.04,30.68,43.74
3,79.23,87.13,91.71,0.0,72.03,99.05,62.39,119.75,48.27,116.83,40.05,82.76,81.6,20.81,100.46,26.93,75.69,59.03,43.01,17.12,118.93,16.16,55.54,90.21,75.66,99.62,90.48,52.5,61.35,69.92,84.9,122.29,73.07,79.87,107.83,9.48,58.2,30.28,83.64,67.27,54.23,49.65,61.59,51.66
4,101.41,44.05,84.15,72.03,0.0,80.41,74.41,88.28,94.41,93.09,32.0,37.01,87.46,61.85,97.14,82.57,56.65,16.64,29.15,55.15,86.37,87.09,78.64,45.28,8.54,102.04,92.57,26.08,76.42,18.68,94.34,93.13,3.39,111.28,77.48,79.94,32.41,63.66,67.11,86.63,70.04,40.46,63.41,51.62
5,51.04,38.91,14.0,99.05,80.41,0.0,41.05,23.77,76.03,17.8,80.81,44.94,30.27,78.24,22.47,84.39,26.48,70.01,83.19,92.14,24.04,103.97,51.62,39.45,73.25,30.41,26.31,65.38,43.57,61.81,35.01,24.41,77.37,64.89,15.95,99.71,54.18,69.26,16.07,46.05,47.51,55.36,37.64,48.3
6,27.02,52.39,30.48,62.39,74.41,41.05,0.0,64.5,35.74,58.26,58.52,53.49,19.42,42.45,38.08,43.86,29.15,58.6,62.3,60.3,64.41,64.4,10.77,55.11,70.77,37.66,28.16,49.93,3.0,58.14,24.02,65.46,72.58,37.61,54.3,61.1,42.04,32.33,29.57,12.36,8.25,34.99,11.66,23.32
7,73.82,44.28,37.11,119.75,88.28,23.77,64.5,0.0,99.74,12.08,96.25,51.35,53.6,99.09,41.11,107.2,44.2,81.74,97.86,110.94,2.24,126.06,75.18,43.05,80.1,49.25,48.26,79.48,67.12,71.02,57.56,5.39,84.95,87.51,12.17,121.35,68.65,90.81,36.57,69.79,70.46,72.72,59.67,68.12
8,36.24,85.01,63.81,48.27,94.41,76.03,35.74,99.74,0.0,92.44,68.01,84.38,48.41,37.8,67.21,21.38,63.51,77.83,72.25,56.44,99.81,41.19,25.0,88.0,93.62,63.13,56.64,68.43,32.89,82.54,48.1,100.24,93.68,32.63,89.94,41.84,65.59,31.56,65.3,30.94,32.14,55.36,44.28,46.87
9,64.03,49.37,28.65,116.83,93.09,17.8,58.26,12.08,92.44,0.0,97.12,56.22,44.78,96.02,30.07,101.91,43.08,84.59,99.2,109.59,13.89,121.7,68.6,48.84,85.29,38.0,38.33,81.02,60.61,75.01,47.8,9.0,89.86,77.45,16.27,117.51,69.88,87.07,33.45,61.78,65.07,72.24,55.44,65.86
10,84.17,55.61,79.06,40.05,32.0,80.81,58.52,96.25,68.01,97.12,0.0,49.58,76.12,31.76,91.02,52.77,54.34,20.12,4.24,23.35,94.85,55.15,58.59,58.26,35.9,93.54,83.49,17.2,59.46,32.45,82.0,100.09,33.04,91.08,84.17,47.99,27.61,36.5,64.93,69.18,51.62,26.02,50.49,36.35
11,78.03,7.07,51.61,82.76,37.01,44.94,53.49,51.35,84.38,56.22,49.58,0.0,59.67,64.85,64.35,81.05,26.4,31.76,50.0,69.4,49.5,93.98,61.85,8.94,29.07,70.6,62.29,32.53,56.3,19.92,66.71,56.14,33.73,90.44,40.48,87.63,24.57,60.68,34.44,65.3,53.15,33.84,42.06,38.01
12,21.1,56.3,16.49,81.6,87.46,30.27,19.42,53.6,48.41,44.78,76.12,59.67,0.0,61.85,19.42,61.29,33.3,72.92,79.62,79.63,54.13,82.49,26.93,58.31,82.42,18.25,8.94,65.19,20.25,69.63,7.07,53.14,85.14,34.96,45.94,79.75,55.59,51.69,26.9,17.48,27.66,50.96,25.71,39.81
13,62.29,68.45,71.11,20.81,61.85,78.24,42.45,99.09,37.8,96.02,31.76,64.85,61.85,0.0,80.32,21.02,55.17,46.39,35.85,19.65,98.31,29.15,37.01,71.59,63.39,80.05,70.6,38.01,41.77,55.08,65.76,101.53,61.99,65.56,87.23,23.08,40.77,10.21,62.86,48.92,34.21,31.02,40.82,31.14
14,34.93,59.2,13.0,100.46,97.14,22.47,38.08,41.11,67.21,30.07,91.02,64.35,19.42,80.32,0.0,80.71,40.5,84.4,94.13,97.29,42.3,101.87,46.32,60.31,90.87,8.25,10.63,77.93,39.36,78.55,19.42,39.05,94.4,47.83,37.4,99.0,67.27,70.31,30.28,36.53,46.24,65.07,41.3,55.08
15,54.57,83.43,74.33,26.93,82.57,84.39,43.86,107.2,21.38,101.91,52.77,81.05,61.29,21.02,80.71,0.0,65.74,66.71,56.82,36.88,106.83,21.54,34.41,86.59,83.55,78.29,70.18,57.87,41.87,74.24,63.06,108.71,82.52,53.49,96.13,20.74,58.51,20.53,70.81,44.86,36.88,48.04,47.71,43.68
16,51.88,23.77,27.51,75.69,56.65,26.48,29.15,44.2,63.51,43.08,54.34,26.4,33.3,55.17,40.5,65.74,0.0,44.41,56.72,66.89,43.28,83.01,39.01,26.25,50.54,45.65,36.62,39.05,32.14,38.08,40.36,47.17,53.93,64.69,32.17,77.83,27.9,47.55,10.91,40.01,31.4,29.15,19.24,24.04
17,85.6,38.48,71.59,59.03,16.64,70.01,58.6,81.74,77.83,84.59,20.12,31.76,72.92,46.39,84.4,66.71,44.41,0.0,19.21,43.01,80.08,73.17,62.24,40.71,17.03,88.54,78.77,9.43,60.44,12.73,79.61,86.12,15.94,95.02,70.08,66.12,17.36,47.32,55.28,70.67,53.76,24.04,48.02,35.47
18,88.14,56.3,82.0,43.01,29.15,83.19,62.3,97.86,72.25,99.2,4.24,50.0,79.62,35.85,94.13,56.82,56.72,19.21,0.0,26.02,96.38,58.42,62.65,58.82,33.84,96.88,86.83,18.38,63.32,31.89,85.62,101.84,30.53,95.21,85.85,51.26,29.36,40.74,67.44,73.12,55.54,29.07,53.94,39.81
19,81.74,74.52,86.98,17.12,55.15,92.14,60.3,110.94,56.44,109.59,23.35,69.4,79.63,19.65,97.29,36.88,66.89,43.01,26.02,0.0,109.86,32.98,56.14,77.47,59.23,97.87,88.12,37.59,60.07,54.63,84.15,114.06,56.35,85.19,98.8,25.92,45.13,29.31,76.16,67.99,52.15,38.42,56.32,43.86
20,74.55,42.43,37.66,118.93,86.37,24.04,64.41,2.24,99.81,13.89,94.85,49.5,54.13,98.31,42.3,106.83,43.28,80.08,96.38,109.86,0.0,125.5,75.13,41.11,78.16,50.49,49.09,78.0,67.08,69.23,58.31,7.62,83.03,88.29,11.11,120.69,67.24,90.17,36.06,70.08,70.18,71.56,59.2,67.27
21,75.96,97.58,94.81,16.16,87.09,103.97,64.4,126.06,41.19,121.7,55.15,93.98,82.49,29.15,101.87,21.54,83.01,73.17,58.42,32.98,125.5,0.0,55.57,100.72,90.09,99.73,91.42,65.76,62.68,83.19,84.53,128.0,87.88,73.82,114.55,7.16,69.77,35.46,89.5,66.33,56.85,60.17,66.48,59.36
22,25.96,61.52,40.36,55.54,78.64,51.62,10.77,75.18,25.0,68.6,58.59,61.85,26.93,37.01,46.32,34.41,39.01,62.24,62.65,56.14,75.13,55.57,0.0,64.38,76.03,44.38,35.85,53.04,8.06,63.81,29.41,76.01,77.2,32.94,65.07,53.01,46.97,26.9,40.3,11.91,8.94,38.21,20.1,27.2
23,77.88,3.16,48.08,90.21,45.28,39.45,55.11,43.05,88.0,48.84,58.26,8.94,58.31,71.59,60.31,86.59,26.25,40.71,58.82,77.47,41.11,100.72,64.38,0.0,37.05,67.18,59.67,41.11,58.05,28.79,65.19,48.0,41.93,90.88,32.74,94.58,32.35,66.55,31.74,66.25,56.08,40.71,44.28,42.95
24,97.58,36.01,77.88,75.66,8.54,73.25,70.77,80.1,93.62,85.29,35.9,29.07,82.42,63.39,90.87,83.55,50.54,17.03,33.84,59.23,78.16,90.09,76.03,37.05,0.0,96.18,86.95,25.71,73.0,12.81,89.4,85.02,5.18,108.15,69.51,83.01,29.06,63.83,60.64,83.11,67.2,38.47,59.4,48.83
25,28.84,65.86,19.1,99.62,102.04,30.41,37.66,49.25,63.13,38.0,93.54,70.6,18.25,80.05,8.25,78.29,45.65,88.54,96.88,97.87,50.49,99.73,44.38,67.18,96.18,0.0,10.05,81.49,38.33,83.63,15.26,47.0,99.44,40.93,45.6,97.39,71.22,69.88,36.18,33.45,45.89,67.9,43.1,57.22
26,25.71,58.05,12.65,90.48,92.57,26.31,28.16,48.26,56.64,38.33,83.49,62.29,8.94,70.6,10.63,70.18,36.62,78.77,86.83,88.12,49.09,91.42,35.85,59.67,86.95,10.05,0.0,71.57,29.15,74.3,9.49,47.07,90.05,39.26,42.24,88.7,61.42,60.49,28.02,25.9,36.4,57.87,33.06,47.17
27,76.84,38.42,65.38,52.5,26.08,65.38,49.93,79.48,68.43,81.02,17.2,32.53,65.19,38.01,77.93,57.87,39.05,9.43,18.38,37.59,78.0,65.76,53.04,41.11,25.71,81.49,71.57,0.0,51.61,17.46,71.69,83.49,25.26,85.9,67.48,58.86,11.2,38.15,49.92,61.82,44.69,15.0,39.81,26.63
28,25.24,55.32,32.53,61.35,76.42,43.57,3.0,67.12,32.89,60.61,59.46,56.3,20.25,41.77,39.36,41.87,32.14,60.44,63.32,60.07,67.08,62.68,8.06,58.05,73.0,38.33,29.15,51.61,0.0,60.44,24.08,67.96,74.67,35.19,57.07,59.64,44.13,31.58,32.48,10.23,8.06,36.62,14.32,25.0
29,84.86,26.93,65.55,69.92,18.68,61.81,58.14,71.02,82.54,75.01,32.45,19.92,69.63,55.08,78.55,74.24,38.08,12.73,31.89,54.63,69.23,83.19,63.81,28.79,12.81,83.63,74.3,17.46,60.44,0.0,76.61,75.66,15.85,95.62,59.77,76.31,17.05,53.97,48.45,70.49,54.92,27.2,46.69,36.72
30,16.28,63.25,21.02,84.9,94.34,35.01,24.02,57.56,48.1,47.8,82.0,66.71,7.07,65.76,19.42,63.06,40.36,79.61,85.62,84.15,58.31,84.53,29.41,65.19,89.4,15.26,9.49,71.69,24.08,76.61,0.0,56.52,92.06,29.98,50.94,82.34,62.32,55.55,33.61,18.21,32.02,57.25,31.95,45.88
31,72.78,49.09,36.77,122.29,93.13,24.41,65.46,5.39,100.24,9.0,100.09,56.14,53.14,101.53,39.05,108.71,47.17,86.12,101.84,114.06,7.62,128.0,76.01,48.0,85.02,47.0,47.07,83.49,67.96,75.66,56.52,0.0,89.82,86.28,16.06,123.51,72.53,92.97,38.69,69.85,71.84,76.06,61.52,70.8
32,99.54,40.74,81.41,73.07,3.39,77.37,72.58,84.95,93.68,89.86,33.04,33.73,85.14,61.99,94.4,82.52,53.93,15.94,30.53,56.35,83.03,87.88,77.2,41.93,5.18,99.44,90.05,25.26,74.67,15.85,92.06,89.82,0.0,109.67,74.2,80.75,30.55,63.26,64.28,84.86,68.49,39.15,61.43,50.05
33,13.88,88.46,50.9,79.87,111.28,64.89,37.61,87.51,32.63,77.45,91.08,90.44,34.96,65.56,47.83,53.49,64.69,95.02,95.21,85.19,88.29,73.82,32.94,90.88,108.15,40.93,39.26,85.9,35.19,95.62,29.98,86.28,109.67,0.0,80.75,74.2,79.18,56.57,60.91,25.32,41.27,70.99,49.25,59.66
34,66.88,33.5,29.91,107.83,77.48,15.95,54.3,12.17,89.94,16.27,84.17,40.48,45.94,87.23,37.4,96.13,32.17,70.08,85.85,98.8,11.11,114.55,65.07,32.74,69.51,45.6,42.24,67.48,57.07,59.77,50.94,16.06,74.2,80.75,0.0,109.67,56.57,79.18,25.32,60.91,59.67,60.55,48.43,56.17
35,75.02,91.44,91.23,9.48,79.94,99.71,61.1,121.35,41.84,117.51,47.99,87.63,79.75,23.08,99.0,20.74,77.83,66.12,51.26,25.92,120.69,7.16,53.01,94.58,83.01,97.39,88.7,58.86,59.64,76.31,82.34,123.51,80.75,74.2,109.67,0.0,63.26,30.55,84.86,64.28,53.24,53.9,62.08,53.94
36,69.02,29.38,54.57,58.2,32.41,54.18,42.04,68.65,65.59,69.88,27.61,24.57,55.59,40.77,67.27,58.51,27.9,17.36,29.36,45.13,67.24,69.77,46.97,32.35,29.06,71.22,61.42,11.2,44.13,17.05,62.32,72.53,30.55,79.18,56.57,63.26,0.0,38.0,38.8,54.31,38.14,10.54,31.02,19.78
37,52.44,63.38,61.44,30.28,63.66,69.26,32.33,90.81,31.56,87.07,36.5,60.68,51.69,10.21,70.31,20.53,47.55,47.32,40.74,29.31,90.17,35.46,26.9,66.55,63.83,69.88,60.49,38.15,31.58,53.97,55.55,92.97,63.26,56.57,79.18,30.55,38.0,0.0,54.31,38.8,24.1,27.51,31.63,24.11
38,47.35,30.04,17.33,83.64,67.11,16.07,29.57,36.57,65.3,33.45,64.93,34.44,26.9,62.86,30.28,70.81,10.91,55.28,67.44,76.16,36.06,89.5,40.3,31.74,60.64,36.18,28.02,49.92,32.48,48.45,33.61,38.69,64.28,60.91,25.32,84.86,38.8,54.31,0.0,38.0,34.4,39.33,23.14,32.41
39,15.1,63.69,33.14,67.27,86.63,46.05,12.36,69.79,30.94,61.78,69.18,65.3,17.48,48.92,36.53,44.86,40.01,70.67,73.12,67.99,70.08,66.33,11.91,66.25,83.11,33.45,25.9,61.82,10.23,70.49,18.21,69.85,84.86,25.32,60.91,64.28,54.31,38.8,38.0,0.0,17.58,46.83,23.95,35.22
40,32.65,53.15,38.01,54.23,70.04,47.51,8.25,70.46,32.14,65.07,51.62,53.15,27.66,34.21,46.24,36.88,31.4,53.76,55.54,52.15,70.18,56.85,8.94,56.08,67.2,45.89,36.4,44.69,8.06,54.92,32.02,71.84,68.49,41.27,59.67,53.24,38.14,24.1,34.4,17.58,0.0,29.73,12.17,18.44
41,61.85,37.59,53.04,49.65,40.46,55.36,34.99,72.72,55.36,72.24,26.02,33.84,50.96,31.02,65.07,48.04,29.15,24.04,29.07,38.42,71.56,60.17,38.21,40.71,38.47,67.9,57.87,15.0,36.62,27.2,57.25,76.06,39.15,70.99,60.55,53.9,10.54,27.51,39.33,46.83,29.73,0.0,25.3,11.66
42,38.18,41.44,30.68,61.59,63.41,37.64,11.66,59.67,44.28,55.44,50.49,42.06,25.71,40.82,41.3,47.71,19.24,48.02,53.94,56.32,59.2,66.48,20.1,44.28,59.4,43.1,33.06,39.81,14.32,46.69,31.95,61.52,61.43,49.25,48.43,62.08,31.02,31.63,23.14,23.95,12.17,25.3,0.0,14.14
43,50.22,39.81,43.74,51.66,51.62,48.3,23.32,68.12,46.87,65.86,36.35,38.01,39.81,31.14,55.08,43.68,24.04,35.47,39.81,43.86,67.27,59.36,27.2,42.95,48.83,57.22,47.17,26.63,25.0,36.72,45.88,70.8,50.05,59.66,56.17,53.94,19.78,24.11,32.41,35.22,18.44,11.66,14.14,0.0
