vehicles
vehicle_idx, capacity, cost_per_unit_distance
1,100,3
2,100,3
3,100,3
4,100,3
5,100,3
depot
node_idx,x,y
0,73,39
home delivery customers
node_idx,x,y,service_time,demand
1,3,9,10,24
2,47,57,10,5
3,51,97,10,7
4,43,59,10,14
5,35,11,10,24
6,49,25,10,9
7,29,93,10,16
8,71,27,10,13
9,87,81,10,20
10,65,77,10,12
11,1,59,10,15
self pickup customers
node_idx,x,y,service_time,demand,locker_idxs
12,67,91,10,23,39-36
13,97,15,10,15,40-34
14,91,65,10,15,39-36
15,55,75,10,24,39-36
16,55,71,10,7,39-36
17,27,91,10,15,39-35
18,31,43,10,16,41-37
19,67,99,10,24,39-36
20,23,81,10,23,42-35
21,71,91,10,3,39-36
22,19,83,10,4,42-35
flexible customers
node_idx,x,y,service_time,demand,locker_idxs
23,39,21,10,3,41-37
24,57,85,10,25,39-40-36
25,21,15,10,13,41-37
26,11,11,10,5,40-37
27,63,69,10,13,38-42-40-36
28,55,77,10,5,40-42-39-36
29,27,9,10,13,41-37
30,89,33,10,20,39-34
31,19,77,10,15,42-35
32,87,79,10,19,39-36
33,55,7,10,1,42-37
lockers
node_idx,x,y,service_time,capacity,cost_per_unit_good
34,93,12,10,94
35,22,88,10,98
36,65,88,10,97
37,25,15,10,81
38,56,50,10,93
39,48,96,10,78
40,52,61,10,92
41,30,38,10,83
42,37,65,10,70
mrt lines
start_node_idx,end_node_idx,freight_capacity,cost_per_unit_good
34,35,98,0.5
35,34,98,0.5
36,37,97,0.5
37,36,97,0.5
distance matrix
,0,1,2,3,4,5,6,7,8,9,10,11,12,13,14,15,16,17,18,19,20,21,22,23,24,25,26,27,28,29,30,31,32,33,34,35,36,37,38,39,40,41,42,
0,0.0,76.16,31.62,62.03,36.06,47.2,27.78,69.66,12.17,44.27,38.83,74.73,52.35,33.94,31.62,40.25,36.72,69.43,42.19,60.3,65.3,52.04,69.66,38.47,48.7,57.27,68.03,31.62,42.05,54.92,17.09,66.03,42.38,36.72,33.6,70.72,49.65,53.67,20.25,62.24,30.41,43.01,44.41
1,76.16,0.0,65.12,100.24,64.03,32.06,48.7,87.93,70.34,110.63,92.02,50.04,104.02,94.19,104.31,84.02,80.92,85.44,44.05,110.44,74.73,106.53,75.71,37.95,93.23,18.97,8.25,84.85,85.6,24.0,89.29,69.86,109.34,52.04,90.05,81.25,100.42,22.8,67.01,97.95,71.45,39.62,65.51
2,31.62,65.12,0.0,40.2,4.47,47.54,32.06,40.25,38.42,46.65,26.91,46.04,39.45,65.3,44.72,19.7,16.12,39.45,21.26,46.52,33.94,41.62,38.21,36.88,29.73,49.4,58.41,20.0,21.54,52.0,48.37,34.41,45.65,50.64,64.35,39.82,35.85,47.41,11.4,39.01,6.4,25.5,12.81
3,62.03,100.24,40.2,0.0,38.83,87.48,72.03,22.36,72.8,39.4,24.41,62.8,17.09,94.02,51.22,22.36,26.31,24.74,57.58,16.12,32.25,20.88,34.93,76.94,13.42,87.32,94.85,30.46,20.4,91.21,74.43,37.74,40.25,90.09,94.81,30.36,16.64,86.02,47.27,3.16,36.01,62.63,34.93
4,36.06,64.03,4.47,38.83,0.0,48.66,34.53,36.77,42.52,49.19,28.43,42.0,40.0,69.66,48.37,20.0,16.97,35.78,20.0,46.65,29.73,42.52,33.94,38.21,29.53,49.19,57.69,22.36,21.63,52.5,52.84,30.0,48.33,53.37,68.62,35.81,36.4,47.54,15.81,37.34,9.22,24.7,8.49
5,47.2,32.06,47.54,87.48,48.66,0.0,19.8,82.22,39.4,87.2,72.5,58.82,86.16,62.13,77.79,67.05,63.25,80.4,32.25,93.64,71.02,87.73,73.76,10.77,77.2,14.56,24.0,64.4,68.96,8.25,58.31,67.91,85.6,20.4,58.01,78.09,82.64,10.77,44.29,85.99,52.81,27.46,54.04
6,27.78,48.7,32.06,72.03,34.53,19.8,0.0,70.88,22.09,67.68,54.41,58.82,68.41,49.03,58.0,50.36,46.39,69.57,25.46,76.16,61.74,69.57,65.3,10.77,60.53,29.73,40.5,46.17,52.35,27.2,40.79,60.03,66.03,18.97,45.88,68.54,65.0,26.0,25.96,71.01,36.12,23.02,41.76
7,69.66,87.93,40.25,22.36,36.77,82.22,70.88,0.0,78.23,59.23,39.4,44.05,38.05,103.48,68.03,31.62,34.06,2.83,50.04,38.47,13.42,42.05,14.14,72.69,29.12,78.41,83.95,41.62,30.53,84.02,84.85,18.87,59.67,89.84,103.23,8.6,36.35,78.1,50.77,19.24,39.41,55.01,29.12
8,12.17,70.34,38.42,72.8,42.52,39.4,22.09,78.23,0.0,56.32,50.36,76.97,64.12,28.64,42.94,50.6,46.82,77.67,43.08,72.11,72.25,64.0,76.42,32.56,59.67,51.42,62.1,42.76,52.5,47.54,18.97,72.14,54.41,25.61,26.63,78.24,61.29,47.54,27.46,72.73,38.95,42.45,50.99
9,44.27,110.63,46.65,39.4,49.19,87.2,67.68,59.23,56.32,0.0,22.36,88.77,22.36,66.75,16.49,32.56,33.53,60.83,67.68,26.91,64.0,18.87,68.03,76.84,30.27,93.34,103.32,26.83,32.25,93.72,48.04,68.12,2.0,80.62,69.26,65.38,23.09,90.55,43.84,41.79,40.31,71.4,52.5
10,38.83,92.02,26.91,24.41,28.43,72.5,54.41,39.4,50.36,22.36,0.0,66.48,14.14,69.77,28.64,10.2,11.66,40.5,48.08,22.09,42.19,15.23,46.39,61.74,11.31,76.03,85.28,8.25,10.0,77.9,50.12,46.0,22.09,70.71,70.77,44.38,11.0,73.78,28.46,25.5,20.62,52.4,30.46
11,74.73,50.04,46.04,62.8,42.0,58.82,58.82,44.05,76.97,88.77,66.48,0.0,73.35,105.6,90.2,56.32,55.32,41.23,34.0,77.18,31.11,76.97,30.0,53.74,61.74,48.33,49.03,62.8,56.92,56.36,91.76,25.46,88.29,74.97,103.31,35.81,70.26,50.12,55.73,59.82,51.04,35.81,36.5
12,52.35,104.02,39.45,17.09,40.0,86.16,68.41,38.05,64.12,22.36,14.14,73.35,0.0,81.71,35.38,20.0,23.32,40.0,60.0,8.0,45.12,4.0,48.66,75.39,11.66,88.84,97.65,22.36,18.44,91.24,62.03,50.0,23.32,84.85,83.17,45.1,3.61,86.83,42.45,19.65,33.54,64.64,39.7
13,33.94,94.19,65.3,94.02,69.66,62.13,49.03,103.48,28.64,66.75,69.77,105.6,81.71,0.0,50.36,73.24,70.0,103.32,71.69,89.2,99.16,80.32,103.48,58.31,80.62,76.0,86.09,63.81,74.89,70.26,19.7,99.64,64.78,42.76,5.0,104.66,79.71,72.0,53.91,94.67,64.35,70.84,78.1
14,31.62,104.31,44.72,51.22,48.37,77.79,58.0,68.03,42.94,16.49,28.64,90.2,35.38,50.36,0.0,37.36,36.5,69.08,63.91,41.62,69.86,32.8,74.22,68.12,39.45,86.02,96.52,28.28,37.95,85.04,32.06,72.99,14.56,68.26,53.04,72.73,34.71,82.8,38.08,53.01,39.2,66.71,54.0
15,40.25,84.02,19.7,22.36,20.0,67.05,50.36,31.62,50.6,32.56,10.2,56.32,20.0,73.24,37.36,0.0,4.0,32.25,40.0,26.83,32.56,22.63,36.88,56.32,10.2,68.96,77.67,10.0,2.0,71.69,54.04,36.06,32.25,68.0,73.57,35.47,16.4,67.08,25.02,22.14,14.32,44.65,20.59
16,36.72,80.92,16.12,26.31,16.97,63.25,46.39,34.06,46.82,33.53,11.66,55.32,23.32,70.0,36.5,4.0,0.0,34.41,36.88,30.46,33.53,25.61,37.95,52.5,14.14,65.51,74.4,8.25,6.0,68.03,50.99,36.5,32.98,64.0,70.18,37.12,19.72,63.53,21.02,25.96,10.44,41.4,18.97
17,69.43,85.44,39.45,24.74,35.78,80.4,69.57,2.83,77.67,60.83,40.5,41.23,40.0,103.32,69.08,32.25,34.41,0.0,48.17,40.79,10.77,44.0,11.31,71.02,30.59,76.24,81.58,42.19,31.3,82.0,84.9,16.12,61.19,88.54,102.94,5.83,38.12,76.03,50.22,21.59,39.05,53.08,27.86
18,42.19,44.05,21.26,57.58,20.0,32.25,25.46,50.04,43.08,67.68,48.08,34.0,60.0,71.69,63.91,40.0,36.88,48.17,0.0,66.57,38.83,62.48,41.76,23.41,49.4,29.73,37.74,41.23,41.62,34.23,58.86,36.06,66.57,43.27,69.32,45.89,56.4,28.64,25.96,55.66,27.66,5.1,22.8
19,60.3,110.44,46.52,16.12,46.65,93.64,76.16,38.47,72.11,26.91,22.09,77.18,8.0,89.2,41.62,26.83,30.46,40.79,66.57,0.0,47.54,8.94,50.6,82.87,17.2,95.77,104.31,30.27,25.06,98.49,69.57,52.8,28.28,92.78,90.8,46.32,11.18,93.91,50.22,19.24,40.85,71.34,45.34
20,65.3,74.73,33.94,32.25,29.73,71.02,61.74,13.42,72.25,64.0,42.19,31.11,45.12,99.16,69.86,32.56,33.53,10.77,38.83,47.54,0.0,49.03,4.47,62.1,34.23,66.03,71.02,41.76,32.25,72.11,81.61,5.66,64.03,80.62,98.29,7.07,42.58,66.03,45.28,29.15,35.23,43.57,21.26
21,52.04,106.53,41.62,20.88,42.52,87.73,69.57,42.05,64.0,18.87,15.23,76.97,4.0,80.32,32.8,22.63,25.61,44.0,62.48,8.94,49.03,0.0,52.61,76.97,15.23,90.97,100.0,23.41,21.26,93.06,60.73,53.85,20.0,85.51,82.01,49.09,6.71,88.84,43.66,23.54,35.51,67.01,42.8
22,69.66,75.71,38.21,34.93,33.94,73.76,65.3,14.14,76.42,68.03,46.39,30.0,48.66,103.48,74.22,36.88,37.95,11.31,41.76,50.6,4.47,52.61,0.0,65.15,38.05,68.03,72.44,46.17,36.5,74.43,86.02,6.0,68.12,84.1,102.55,5.83,46.27,68.26,49.58,31.78,39.66,46.32,25.46
23,38.47,37.95,36.88,76.94,38.21,10.77,10.77,72.69,32.56,76.84,61.74,53.74,75.39,58.31,68.12,56.32,52.5,71.02,23.41,82.87,62.1,76.97,65.15,0.0,66.48,18.97,29.73,53.67,58.24,16.97,51.42,59.46,75.29,21.26,54.74,69.12,71.87,15.23,33.62,75.54,42.06,19.24,44.05
24,48.7,93.23,29.73,13.42,29.53,77.2,60.53,29.12,59.67,30.27,11.31,61.74,11.66,80.62,39.45,10.2,14.14,30.59,49.4,17.2,34.23,15.23,38.05,66.48,0.0,78.71,87.13,17.09,8.25,81.71,61.06,38.83,30.59,78.03,81.39,35.13,8.54,76.97,35.01,14.21,24.52,54.2,28.28
25,57.27,18.97,49.4,87.32,49.19,14.56,29.73,78.41,51.42,93.34,76.03,48.33,88.84,76.0,86.02,68.96,65.51,76.24,29.73,95.77,66.03,90.97,68.03,18.97,78.71,0.0,10.77,68.41,70.71,8.49,70.34,62.03,91.93,34.93,72.06,73.01,85.23,4.0,49.5,85.38,55.47,24.7,52.5
26,68.03,8.25,58.41,94.85,57.69,24.0,40.5,83.95,62.1,103.32,85.28,49.03,97.65,86.09,96.52,77.67,74.4,81.58,37.74,104.31,71.02,100.0,72.44,29.73,87.13,10.77,0.0,77.9,79.32,16.12,81.04,66.48,101.98,44.18,82.01,77.78,94.05,14.56,59.55,92.7,64.66,33.02,59.93
27,31.62,84.85,20.0,30.46,22.36,64.4,46.17,41.62,42.76,26.83,8.25,62.8,22.36,63.81,28.28,10.0,8.25,42.19,41.23,30.27,41.76,23.41,46.17,53.67,17.09,68.41,77.9,0.0,11.31,69.97,44.41,44.72,26.0,62.51,64.41,45.19,19.1,66.03,20.25,30.89,13.6,45.28,26.31
28,42.05,85.6,21.54,20.4,21.63,68.96,52.35,30.53,52.5,32.25,10.0,56.92,18.44,74.89,37.95,2.0,6.0,31.3,41.62,25.06,32.25,21.26,36.5,58.24,8.25,70.71,79.32,11.31,0.0,73.54,55.61,36.0,32.06,70.0,75.29,34.79,14.87,68.88,27.02,20.25,16.28,46.32,21.63
29,54.92,24.0,52.0,91.21,52.5,8.25,27.2,84.02,47.54,93.72,77.9,56.36,91.24,70.26,85.04,71.69,68.03,82.0,34.23,98.49,72.11,93.06,74.43,16.97,81.71,8.49,16.12,69.97,73.54,0.0,66.48,68.47,92.2,28.07,66.07,79.16,87.66,6.32,50.22,89.5,57.7,29.15,56.89
30,17.09,89.29,48.37,74.43,52.84,58.31,40.79,84.85,18.97,48.04,50.12,91.76,62.03,19.7,32.06,54.04,50.99,84.9,58.86,69.57,81.61,60.73,86.02,51.42,61.06,70.34,81.04,44.41,55.61,66.48,0.0,82.68,46.04,42.8,21.38,86.68,60.01,66.48,37.12,75.17,46.4,59.21,61.06
31,66.03,69.86,34.41,37.74,30.0,67.91,60.03,18.87,72.14,68.12,46.0,25.46,50.0,99.64,72.99,36.06,36.5,16.12,36.06,52.8,5.66,53.85,6.0,59.46,38.83,62.03,66.48,44.72,36.0,68.47,82.68,0.0,68.03,78.71,98.49,11.4,47.3,62.29,45.8,34.67,36.67,40.52,21.63
32,42.38,109.34,45.65,40.25,48.33,85.6,66.03,59.67,54.41,2.0,22.09,88.29,23.32,64.78,14.56,32.25,32.98,61.19,66.57,28.28,64.03,20.0,68.12,75.29,30.59,91.93,101.98,26.0,32.06,92.2,46.04,68.03,0.0,78.79,67.27,65.62,23.77,89.11,42.45,42.54,39.36,70.21,51.92
33,36.72,52.04,50.64,90.09,53.37,20.4,18.97,89.84,25.61,80.62,70.71,74.97,84.85,42.76,68.26,68.0,64.0,88.54,43.27,92.78,80.62,85.51,84.1,21.26,78.03,34.93,44.18,62.51,70.0,28.07,42.8,78.71,78.79,0.0,38.33,87.46,81.61,31.05,43.01,89.27,54.08,39.82,60.73
34,33.6,90.05,64.35,94.81,68.62,58.01,45.88,103.23,26.63,69.26,70.77,103.31,83.17,5.0,53.04,73.57,70.18,102.94,69.32,90.8,98.29,82.01,102.55,54.74,81.39,72.06,82.01,64.41,75.29,66.07,21.38,98.49,67.27,38.33,0.0,104.0,80.99,68.07,53.04,95.29,63.89,68.15,77.1
35,70.72,81.25,39.82,30.36,35.81,78.09,68.54,8.6,78.24,65.38,44.38,35.81,45.1,104.66,72.73,35.47,37.12,5.83,45.89,46.32,7.07,49.09,5.83,69.12,35.13,73.01,77.78,45.19,34.79,79.16,86.68,11.4,65.62,87.46,104.0,0.0,43.0,73.06,50.99,27.2,40.36,50.64,27.46
36,49.65,100.42,35.85,16.64,36.4,82.64,65.0,36.35,61.29,23.09,11.0,70.26,3.61,79.71,34.71,16.4,19.72,38.12,56.4,11.18,42.58,6.71,46.27,71.87,8.54,85.23,94.05,19.1,14.87,87.66,60.01,47.3,23.77,81.61,80.99,43.0,0.0,83.24,39.05,18.79,29.97,61.03,36.24
37,53.67,22.8,47.41,86.02,47.54,10.77,26.0,78.1,47.54,90.55,73.78,50.12,86.83,72.0,82.8,67.08,63.53,76.03,28.64,93.91,66.03,88.84,68.26,15.23,76.97,4.0,14.56,66.03,68.88,6.32,66.48,62.29,89.11,31.05,68.07,73.06,83.24,0.0,46.75,84.2,53.34,23.54,51.42
38,20.25,67.01,11.4,47.27,15.81,44.29,25.96,50.77,27.46,43.84,28.46,55.73,42.45,53.91,38.08,25.02,21.02,50.22,25.96,50.22,45.28,43.66,49.58,33.62,35.01,49.5,59.55,20.25,27.02,50.22,37.12,45.8,42.45,43.01,53.04,50.99,39.05,46.75,0.0,46.69,11.7,28.64,24.21
39,62.24,97.95,39.01,3.16,37.34,85.99,71.01,19.24,72.73,41.79,25.5,59.82,19.65,94.67,53.01,22.14,25.96,21.59,55.66,19.24,29.15,23.54,31.78,75.54,14.21,85.38,92.7,30.89,20.25,89.5,75.17,34.67,42.54,89.27,95.29,27.2,18.79,84.2,46.69,0.0,35.23,60.73,32.89
40,30.41,71.45,6.4,36.01,9.22,52.81,36.12,39.41,38.95,40.31,20.62,51.04,33.54,64.35,39.2,14.32,10.44,39.05,27.66,40.85,35.23,35.51,39.66,42.06,24.52,55.47,64.66,13.6,16.28,57.7,46.4,36.67,39.36,54.08,63.89,40.36,29.97,53.34,11.7,35.23,0.0,31.83,15.52
41,43.01,39.62,25.5,62.63,24.7,27.46,23.02,55.01,42.45,71.4,52.4,35.81,64.64,70.84,66.71,44.65,41.4,53.08,5.1,71.34,43.57,67.01,46.32,19.24,54.2,24.7,33.02,45.28,46.32,29.15,59.21,40.52,70.21,39.82,68.15,50.64,61.03,23.54,28.64,60.73,31.83,0.0,27.89
42,44.41,65.51,12.81,34.93,8.49,54.04,41.76,29.12,50.99,52.5,30.46,36.5,39.7,78.1,54.0,20.59,18.97,27.86,22.8,45.34,21.26,42.8,25.46,44.05,28.28,52.5,59.93,26.31,21.63,56.89,61.06,21.63,51.92,60.73,77.1,27.46,36.24,51.42,24.21,32.89,15.52,27.89,0.0
