vehicles
vehicle_idx, capacity, cost_per_unit_distance
1,100,1
2,100,1
3,100,1
4,100,1
5,100,1
6,100,1
depot
node_idx,x,y
0,86,22
home delivery customers
node_idx,x,y,service_time,demand
1,4,50,15,23
2,25,13,15,23
3,67,37,15,5
4,13,7,15,7
5,40,86,15,16
6,63,57,15,26
7,61,85,15,19
8,87,38,15,17
9,54,39,15,14
10,66,34,15,8
11,19,83,15,12
12,41,59,15,20
13,100,77,15,8
14,68,89,15,21
15,51,38,15,19
16,83,74,15,66
self pickup customers
node_idx,x,y,service_time,demand,locker_idxs
17,34,3,15,20,37
18,42,76,15,19,40
19,75,24,15,13,39-42
20,47,17,15,5,42
21,21,54,15,19,41-40
22,1,82,15,9,40
23,94,28,15,18,39-42
24,96,7,15,18,39-42
25,16,36,15,8,37-41
26,84,2,15,21,39-42
flexible customers
node_idx,x,y,service_time,demand,locker_idxs
27,29,17,15,1,37-41
28,62,15,15,18,39-42-41
29,84,38,15,12,39-41-42
30,19,45,15,19,37-41
31,25,94,15,2,40
32,46,39,15,10,41
33,82,72,15,4,38-41
34,1,57,15,3,40
35,57,82,15,26,38-41
36,47,38,15,21,41
lockers
node_idx,x,y,service_time,capacity,cost_per_unit_good
37,8.425,8.900000000000002,30,342,100
38,84.16000000000001,87.10000000000001,30,342,100
39,84.16000000000001,8.900000000000002,30,342,100
40,8.425,87.10000000000001,30,342,100
41,51,48,15,85,100
42,86,26,15,85,100
mrt lines
start_node_idx,end_node_idx,freight_capacity,cost_per_unit_good
37,38,342,5
38,37,342,5
39,40,342,5
40,39,342,5
distance matrix
,0,1,2,3,4,5,6,7,8,9,10,11,12,13,14,15,16,17,18,19,20,21,22,23,24,25,26,27,28,29,30,31,32,33,34,35,36,37,38,39,40,41,42,
0,0.0,86.65,61.66,24.21,74.53,78.82,41.88,67.78,16.03,36.24,23.32,90.61,58.26,56.75,69.38,38.48,52.09,55.36,69.66,11.18,39.32,72.45,104.04,10.0,18.03,71.39,20.1,57.22,25.0,16.12,70.84,94.37,43.46,50.16,91.92,66.64,42.15,78.67,65.13,13.23,101.27,43.6,4.0
1,86.65,0.0,42.54,64.33,43.93,50.91,59.41,66.89,83.86,51.2,64.03,36.25,38.08,99.72,74.95,48.51,82.57,55.76,46.04,75.61,54.2,17.46,32.14,92.65,101.55,18.44,93.3,41.4,67.74,80.89,15.81,48.75,43.42,81.04,7.62,61.91,44.64,41.34,88.33,90.08,37.36,47.04,85.44
2,61.66,42.54,0.0,48.37,13.42,74.53,58.14,80.5,66.85,38.95,46.07,70.26,48.7,98.6,87.32,36.07,84.17,13.45,65.25,51.2,22.36,41.19,73.05,70.61,71.25,24.7,60.02,5.66,37.05,64.08,32.56,81.0,33.42,82.04,50.12,76.06,33.3,17.07,94.82,59.3,75.93,43.6,62.37
3,24.21,64.33,48.37,0.0,61.77,55.95,20.4,48.37,20.02,13.15,3.16,66.48,34.06,51.86,52.01,16.03,40.31,47.38,46.32,15.26,28.28,49.04,79.88,28.46,41.73,51.01,38.91,42.94,22.56,17.03,48.66,70.8,21.1,38.08,68.96,46.1,20.02,64.97,52.96,32.93,77.08,19.42,21.95
4,74.53,43.93,13.42,61.77,0.0,83.49,70.71,91.59,80.23,52.01,59.48,76.24,59.06,111.66,98.74,49.04,96.9,21.38,74.85,64.29,35.44,47.68,75.95,83.68,83.0,29.15,71.18,18.87,49.65,77.47,38.47,87.82,45.97,94.79,51.42,86.95,46.01,4.95,107.14,71.19,80.23,55.9,75.43
5,78.82,50.91,74.53,55.95,83.49,0.0,37.01,21.02,67.18,49.04,58.14,21.21,27.02,60.67,28.16,49.24,44.64,83.22,10.2,71.2,69.35,37.22,39.2,79.25,96.83,55.46,94.83,69.87,74.33,65.12,46.07,17.0,47.38,44.27,48.6,17.46,48.51,83.32,44.17,88.85,31.59,39.56,75.6
6,41.88,59.41,58.14,20.4,70.71,37.01,0.0,28.07,30.61,20.12,23.19,51.11,22.09,42.06,32.39,22.47,26.25,61.29,28.32,35.11,43.08,42.11,66.85,42.45,59.91,51.48,58.87,52.5,42.01,28.32,45.61,53.04,24.76,24.21,62.0,25.71,24.84,72.75,36.79,52.55,62.33,15.0,38.6
7,67.78,66.89,80.5,48.37,91.59,21.02,28.07,0.0,53.71,46.53,51.24,42.05,32.8,39.81,8.06,48.05,24.6,86.33,21.02,62.59,69.43,50.61,60.07,65.86,85.49,66.53,86.13,75.15,70.01,52.33,58.0,37.11,48.38,24.7,66.21,5.0,49.04,92.5,23.26,79.55,52.62,38.33,64.08
8,16.03,83.86,66.85,20.02,80.23,67.18,30.61,53.71,0.0,33.02,21.38,81.54,50.57,41.11,54.42,36.0,36.22,63.51,58.9,18.44,45.18,67.91,96.6,12.21,32.28,71.03,36.12,61.68,33.97,3.0,68.36,83.55,41.01,34.37,88.07,53.25,40.0,83.79,49.18,29.24,92.65,37.36,12.04
9,36.24,51.2,38.95,13.15,52.01,49.04,20.12,46.53,33.02,0.0,13.0,56.22,23.85,59.67,51.92,3.16,45.45,41.18,38.9,25.81,23.09,36.25,68.25,41.48,52.8,38.12,47.63,33.3,25.3,30.02,35.51,62.18,8.0,43.28,55.97,43.1,7.07,54.62,56.77,42.61,66.26,9.49,34.54
10,23.32,64.03,46.07,3.16,59.48,58.14,23.19,51.24,21.38,13.0,0.0,67.9,35.36,54.82,55.04,15.52,43.46,44.55,48.37,13.45,25.5,49.24,80.8,28.64,40.36,50.04,36.72,40.72,19.42,18.44,48.27,72.67,20.62,41.23,68.95,48.84,19.42,62.81,56.12,30.98,78.32,20.52,21.54
11,90.61,36.25,70.26,66.48,76.24,21.21,51.11,42.05,81.54,56.22,67.9,0.0,32.56,81.22,49.37,55.22,64.63,81.39,24.04,81.34,71.69,29.07,18.03,93.01,108.19,47.1,103.86,66.75,80.45,79.06,38.0,12.53,51.62,63.95,31.62,38.01,53.0,74.85,65.29,98.67,11.34,47.42,87.97
12,58.26,38.08,48.7,34.06,59.06,27.02,22.09,32.8,50.57,23.85,35.36,32.56,0.0,61.68,40.36,23.26,44.6,56.44,17.03,48.8,42.43,20.62,46.14,61.4,75.69,33.97,71.4,43.68,48.75,47.85,26.08,38.48,20.62,43.01,40.05,28.02,21.84,59.76,51.5,66.13,43.02,14.87,55.8
13,56.75,99.72,98.6,51.86,111.66,60.67,42.06,39.81,41.11,59.67,54.82,81.22,61.68,0.0,34.18,62.63,17.26,99.16,58.01,58.6,80.06,82.28,99.13,49.37,70.11,93.47,76.69,92.96,72.72,42.15,87.09,76.9,66.03,18.68,101.0,43.29,65.8,114.12,18.79,69.92,92.13,56.94,52.89
14,69.38,74.95,87.32,52.01,98.74,28.16,32.39,8.06,54.42,51.92,55.04,49.37,40.36,34.18,0.0,53.76,21.21,92.48,29.07,65.38,75.0,58.6,67.36,66.31,86.65,74.25,88.46,81.88,74.24,53.45,65.86,43.29,54.63,22.02,74.25,13.04,55.15,99.83,16.27,81.71,59.61,44.38,65.52
15,38.48,48.51,36.07,16.03,49.04,49.24,22.47,48.05,36.0,3.16,15.52,55.22,23.26,62.63,53.76,0.0,48.17,38.91,39.05,27.78,21.38,34.0,66.6,44.15,54.64,35.06,48.84,30.41,25.5,33.0,32.76,61.74,5.1,46.01,53.49,44.41,4.0,51.57,59.25,44.12,64.99,10.0,37.0
16,52.09,82.57,84.17,40.31,96.9,44.64,26.25,24.6,36.22,45.45,43.46,64.63,44.6,17.26,21.21,48.17,0.0,86.27,41.05,50.64,67.42,65.15,82.39,47.3,68.25,77.03,72.01,78.52,62.63,36.01,70.26,61.35,50.93,2.24,83.74,27.2,50.91,98.99,13.15,65.11,75.72,41.23,48.09
17,55.36,55.76,13.45,47.38,21.38,83.22,61.29,86.33,63.51,41.18,44.55,81.39,56.44,99.16,92.48,38.91,86.27,0.0,73.44,46.07,19.1,52.63,85.62,65.0,62.13,37.59,50.01,14.87,30.46,61.03,44.6,91.44,37.95,84.05,63.29,82.28,37.34,26.25,97.92,50.51,87.9,48.1,56.86
18,69.66,46.04,65.25,46.32,74.85,10.2,28.32,21.02,58.9,38.9,48.37,24.04,17.03,58.01,29.07,39.05,41.05,73.44,0.0,61.59,59.21,30.41,41.44,70.77,87.62,47.71,85.09,60.42,64.2,56.64,38.6,24.76,37.22,40.2,45.19,16.16,38.33,75.03,43.6,79.25,35.36,29.41,66.6
19,11.18,75.61,51.2,15.26,64.29,71.2,35.11,62.59,18.44,25.81,13.45,81.34,48.8,58.6,65.38,27.78,50.64,46.07,61.59,0.0,28.86,61.77,94.02,19.42,27.02,60.21,23.77,46.53,15.81,16.64,59.81,86.02,32.65,48.51,81.02,60.73,31.3,68.27,63.76,17.66,91.73,33.94,11.18
20,39.32,54.2,22.36,28.28,35.44,69.35,43.08,69.43,45.18,23.09,25.5,71.69,42.43,80.06,75.0,21.38,67.42,19.1,59.21,28.86,0.0,45.22,79.63,48.27,50.01,36.36,39.92,18.0,15.13,42.54,39.6,80.08,22.02,65.19,60.96,65.76,21.0,39.42,79.34,38.03,80.01,31.26,40.02
21,72.45,17.46,41.19,49.04,47.68,37.22,42.11,50.61,67.91,36.25,49.24,29.07,20.62,82.28,58.6,34.0,65.15,52.63,30.41,61.77,45.22,0.0,34.41,77.49,88.51,18.68,81.69,37.85,56.59,65.0,9.22,40.2,29.15,63.6,20.22,45.61,30.53,46.82,71.31,77.61,35.41,30.59,70.77
22,104.04,32.14,73.05,79.88,75.95,39.2,66.85,60.07,96.6,68.25,80.8,18.03,46.14,99.13,67.36,66.6,82.39,85.62,41.44,94.02,79.63,34.41,0.0,107.54,121.04,48.38,115.28,70.77,90.61,93.94,41.15,26.83,62.24,81.61,25.0,56.0,63.66,73.48,83.32,110.72,9.01,60.46,101.79
23,10.0,92.65,70.61,28.46,83.68,79.25,42.45,65.86,12.21,41.48,28.64,93.01,61.4,49.37,66.31,44.15,47.3,65.0,70.77,19.42,48.27,77.49,107.54,0.0,21.1,78.41,27.86,65.92,34.54,14.14,76.9,95.48,49.24,45.61,97.42,65.46,48.05,87.68,59.91,21.49,104.0,47.42,8.25
24,18.03,101.55,71.25,41.73,83.0,96.83,59.91,85.49,32.28,52.8,40.36,108.19,75.69,70.11,86.65,54.64,68.25,62.13,87.62,27.02,50.01,88.51,121.04,21.1,0.0,85.09,13.0,67.74,34.93,33.24,85.87,112.29,59.36,66.49,107.35,84.53,57.98,87.6,80.97,11.99,118.68,60.88,21.47
25,71.39,18.44,24.7,51.01,29.15,55.46,51.48,66.53,71.03,38.12,50.04,47.1,33.97,93.47,74.25,35.06,77.03,37.59,47.71,60.21,36.36,18.68,48.38,78.41,85.09,0.0,76.03,23.02,50.57,68.03,9.49,58.69,30.15,75.18,25.81,61.62,31.06,28.14,85.19,73.35,51.66,37.0,70.71
26,20.1,93.3,60.02,38.91,71.18,94.83,58.87,86.13,36.12,47.63,36.72,103.86,71.4,76.69,88.46,48.84,72.01,50.01,85.09,23.77,39.92,81.69,115.28,27.86,13.0,76.03,0.0,57.01,25.55,36.0,77.94,109.29,53.04,70.03,99.57,84.43,51.62,75.89,85.1,6.9,113.81,56.61,24.08
27,57.22,41.4,5.66,42.94,18.87,69.87,52.5,75.15,61.68,33.3,40.72,66.75,43.68,92.96,81.88,30.41,78.52,14.87,60.42,46.53,18.0,37.85,70.77,65.92,67.74,23.02,57.01,0.0,33.06,58.87,29.73,77.1,27.8,76.38,48.83,70.77,27.66,22.11,89.2,55.75,73.06,38.01,57.71
28,25.0,67.74,37.05,22.56,49.65,74.33,42.01,70.01,33.97,25.3,19.42,80.45,48.75,72.72,74.24,25.5,62.63,30.46,64.2,15.81,15.13,56.59,90.61,34.54,34.93,50.57,25.55,33.06,0.0,31.83,52.43,87.24,28.84,60.41,74.06,67.19,27.46,53.92,75.43,22.98,89.83,34.79,26.4
29,16.12,80.89,64.08,17.03,77.47,65.12,28.32,52.33,3.0,30.02,18.44,79.06,47.85,42.15,53.45,33.0,36.01,61.03,56.64,16.64,42.54,65.0,93.94,14.14,33.24,68.03,36.0,58.87,31.83,0.0,65.38,81.34,38.01,34.06,85.15,51.62,37.0,80.98,49.1,29.1,90.12,34.48,12.17
30,70.84,15.81,32.56,48.66,38.47,46.07,45.61,58.0,68.36,35.51,48.27,38.0,26.08,87.09,65.86,32.76,70.26,44.6,38.6,59.81,39.6,9.22,41.15,76.9,85.87,9.49,77.94,29.73,52.43,65.38,0.0,49.37,27.66,68.54,21.63,53.04,28.86,37.62,77.58,74.49,43.41,32.14,69.64
31,94.37,48.75,81.0,70.8,87.82,17.0,53.04,37.11,83.55,62.18,72.67,12.53,38.48,76.9,43.29,61.74,61.35,91.44,24.76,86.02,80.08,40.2,26.83,95.48,112.29,58.69,109.29,77.1,87.24,81.34,49.37,0.0,58.87,61.1,44.1,34.18,60.17,86.7,59.56,103.64,17.95,52.84,91.35
32,43.46,43.42,33.42,21.1,45.97,47.38,24.76,48.38,41.01,8.0,20.62,51.62,20.62,66.03,54.63,5.1,50.93,37.95,37.22,32.65,22.02,29.15,62.24,49.24,59.36,30.15,53.04,27.8,28.84,38.01,27.66,58.87,0.0,48.84,48.47,44.38,1.41,48.14,61.4,48.6,61.04,10.3,42.06
33,50.16,81.04,82.04,38.08,94.79,44.27,24.21,24.7,34.37,43.28,41.23,63.95,43.01,18.68,22.02,46.01,2.24,84.05,40.2,48.51,65.19,63.6,81.61,45.61,66.49,75.18,70.03,76.38,60.41,34.06,68.54,61.1,48.84,0.0,82.38,26.93,48.8,96.93,15.25,63.14,75.11,39.2,46.17
34,91.92,7.62,50.12,68.96,51.42,48.6,62.0,66.21,88.07,55.97,68.95,31.62,40.05,101.0,74.25,53.49,83.74,63.29,45.19,81.02,60.96,20.22,25.0,97.42,107.35,25.81,99.57,48.83,74.06,85.15,21.63,44.1,48.47,82.38,0.0,61.33,49.77,48.67,88.44,96.07,31.0,50.8,90.48
35,66.64,61.91,76.06,46.1,86.95,17.46,25.71,5.0,53.25,43.1,48.84,38.01,28.02,43.29,13.04,44.41,27.2,82.28,16.16,60.73,65.76,45.61,56.0,65.46,84.53,61.62,84.43,70.77,67.19,51.62,53.04,34.18,44.38,26.93,61.33,0.0,45.12,87.77,27.63,77.98,48.84,34.53,63.06
36,42.15,44.64,33.3,20.02,46.01,48.51,24.84,49.04,40.0,7.07,19.42,53.0,21.84,65.8,55.15,4.0,50.91,37.34,38.33,31.3,21.0,30.53,63.66,48.05,57.98,31.06,51.62,27.66,27.46,37.0,28.86,60.17,1.41,48.8,49.77,45.12,0.0,48.32,61.58,47.2,62.44,10.77,40.8
37,78.67,41.34,17.07,64.97,4.95,83.32,72.75,92.5,83.79,54.62,62.81,74.85,59.76,114.12,99.83,51.57,98.99,26.25,75.03,68.27,39.42,46.82,73.48,87.68,87.6,28.14,75.89,22.11,53.92,80.98,37.62,86.7,48.14,96.93,48.67,87.77,48.32,0.0,108.86,75.74,78.2,57.81,79.44
38,65.13,88.33,94.82,52.96,107.14,44.17,36.79,23.26,49.18,56.77,56.12,65.29,51.5,18.79,16.27,59.25,13.15,97.92,43.6,63.76,79.34,71.31,83.32,59.91,80.97,85.19,85.1,89.2,75.43,49.1,77.58,59.56,61.4,15.25,88.44,27.63,61.58,108.86,0.0,78.2,75.74,51.27,61.13
39,13.23,90.08,59.3,32.93,71.19,88.85,52.55,79.55,29.24,42.61,30.98,98.67,66.13,69.92,81.71,44.12,65.11,50.51,79.25,17.66,38.03,77.61,110.72,21.49,11.99,73.35,6.9,55.75,22.98,29.1,74.49,103.64,48.6,63.14,96.07,77.98,47.2,75.74,78.2,0.0,108.86,51.27,17.2
40,101.27,37.36,75.93,77.08,80.23,31.59,62.33,52.62,92.65,66.26,78.32,11.34,43.02,92.13,59.61,64.99,75.72,87.9,35.36,91.73,80.01,35.41,9.01,104.0,118.68,51.66,113.81,73.06,89.83,90.12,43.41,17.95,61.04,75.11,31.0,48.84,62.44,78.2,75.74,108.86,0.0,57.81,98.75
41,43.6,47.04,43.6,19.42,55.9,39.56,15.0,38.33,37.36,9.49,20.52,47.42,14.87,56.94,44.38,10.0,41.23,48.1,29.41,33.94,31.26,30.59,60.46,47.42,60.88,37.0,56.61,38.01,34.79,34.48,32.14,52.84,10.3,39.2,50.8,34.53,10.77,57.81,51.27,51.27,57.81,0.0,41.34
42,4.0,85.44,62.37,21.95,75.43,75.6,38.6,64.08,12.04,34.54,21.54,87.97,55.8,52.89,65.52,37.0,48.09,56.86,66.6,11.18,40.02,70.77,101.79,8.25,21.47,70.71,24.08,57.71,26.4,12.17,69.64,91.35,42.06,46.17,90.48,63.06,40.8,79.44,61.13,17.2,98.75,41.34,0.0
