vehicles
vehicle_idx, capacity, cost_per_unit_distance
1,100,1
2,100,1
3,100,1
4,100,1
5,100,1
depot
node_idx,x,y
0,38,46
home delivery customers
node_idx,x,y,service_time,demand
1,36,48,10,5
2,43,42,10,23
3,45,36,10,16
4,22,53,10,20
5,26,54,10,7
6,47,61,10,1
7,59,46,10,16
8,37,25,10,7
9,53,25,10,16
10,60,20,10,19
11,12,61,10,19
12,16,73,10,2
self pickup customers
node_idx,x,y,service_time,demand,locker_idxs
13,50,2,10,7,42-38
14,72,79,10,2,41
15,26,15,10,13,38-42
16,78,65,10,2,41-37
17,11,66,10,1,43
18,37,88,10,9,40
19,25,72,10,23,43
20,74,42,10,24,42-39
21,75,96,10,12,41-37-40
22,96,7,10,23,39-42
23,68,92,10,27,37-41
24,78,58,10,2,41
flexible customers
node_idx,x,y,service_time,demand,locker_idxs
25,92,62,10,7,41
26,96,42,10,18,39-42-41
27,98,51,10,22,39-41-42
28,73,57,10,7,41-37-42
29,78,84,10,1,41-37
30,10,91,10,4,40-43
31,8,68,10,6,43-40-38
32,93,90,10,6,41-37
33,82,28,10,3,42-39
34,18,89,10,20,40-43
35,9,49,10,9,43-38-40
36,66,6,10,8,42-39
lockers
node_idx,x,y,service_time,capacity,cost_per_unit_good
37,65,88,10,96
38,25,15,10,70
39,93,12,10,98
40,22,88,10,84
41,77,88,10,91
42,72,14,10,85
43,21.307692307692303,67.15384615384615,10,80
mrt lines
start_node_idx,end_node_idx,freight_capacity,cost_per_unit_good
37,38,96,1
38,37,96,1
distance matrix
,0,1,2,3,4,5,6,7,8,9,10,11,12,13,14,15,16,17,18,19,20,21,22,23,24,25,26,27,28,29,30,31,32,33,34,35,36,37,38,39,40,41,42,43,
0,0.0,2.83,6.4,12.21,17.46,14.42,17.49,21.0,21.02,25.81,34.06,30.02,34.83,45.61,47.38,33.24,44.28,33.6,42.01,29.07,36.22,62.2,69.89,54.92,41.76,56.32,58.14,60.21,36.69,55.17,53.0,37.2,70.43,47.54,47.42,29.15,48.83,49.93,33.62,64.66,44.94,57.31,46.69,26.95
1,2.83,0.0,9.22,15.0,14.87,11.66,17.03,23.09,23.02,28.6,36.88,27.29,32.02,48.08,47.51,34.48,45.31,30.81,40.01,26.4,38.47,61.85,72.67,54.41,43.17,57.72,60.3,62.07,38.08,55.32,50.25,34.41,70.8,50.16,44.78,27.02,51.61,49.41,34.79,67.42,42.38,57.28,49.52,24.14
2,6.4,9.22,0.0,6.32,23.71,20.81,19.42,16.49,18.03,19.72,27.8,36.36,41.11,40.61,47.01,31.91,41.88,40.0,46.39,34.99,31.0,62.77,63.51,55.9,38.48,52.92,53.0,55.73,33.54,54.67,59.08,43.6,69.31,41.44,53.24,34.71,42.72,50.99,32.45,58.31,50.57,57.2,40.31,33.22
3,12.21,15.0,6.32,0.0,28.6,26.17,25.08,17.2,13.6,13.6,21.93,41.4,47.01,34.37,50.77,28.32,43.93,45.34,52.61,41.18,29.61,67.08,58.67,60.54,39.66,53.71,51.35,55.08,35.0,58.25,65.19,48.92,72.25,37.85,59.48,38.28,36.62,55.71,29.0,53.67,56.86,61.06,34.83,39.14
4,17.46,14.87,23.71,28.6,0.0,4.12,26.25,37.66,31.76,41.77,50.33,12.81,20.88,58.18,56.36,38.21,57.27,17.03,38.08,19.24,53.15,68.25,87.13,60.31,56.22,70.58,74.81,76.03,51.16,64.01,39.85,20.52,80.06,65.0,36.22,13.6,64.38,55.44,38.12,81.99,35.0,65.19,63.41,14.17
5,14.42,11.66,20.81,26.17,4.12,0.0,22.14,33.96,31.02,39.62,48.08,15.65,21.47,57.27,52.35,39.0,53.15,19.21,35.74,18.03,49.48,64.54,84.31,56.64,52.15,66.48,71.02,72.06,47.1,60.03,40.31,22.8,76.06,61.74,35.9,17.72,62.48,51.74,39.01,79.08,34.23,61.29,60.96,13.97
6,17.49,17.03,19.42,25.08,26.25,22.14,0.0,19.21,37.36,36.5,43.01,35.0,33.24,59.08,30.81,50.57,31.26,36.35,28.79,24.6,33.02,44.82,72.92,37.44,31.14,45.01,52.55,51.97,26.31,38.6,47.63,39.62,54.38,48.1,40.31,39.85,58.19,32.45,50.99,67.21,36.8,40.36,53.24,26.42
7,21.0,23.09,16.49,17.2,37.66,33.96,19.21,0.0,30.41,21.84,26.02,49.34,50.77,44.91,35.47,45.28,26.87,52.0,47.41,42.8,15.52,52.5,53.76,46.87,22.47,36.67,37.22,39.32,17.8,42.49,66.53,55.54,55.61,29.21,59.41,50.09,40.61,42.43,46.01,48.08,55.97,45.69,34.54,43.22
8,21.02,23.02,18.03,13.6,31.76,31.02,37.36,30.41,0.0,16.0,23.54,43.83,52.39,26.42,64.35,14.87,57.28,48.55,63.0,48.51,40.72,80.53,61.68,73.82,52.63,66.29,61.4,66.31,48.17,71.85,71.31,51.87,85.8,45.1,66.76,36.88,34.67,68.94,15.62,57.49,64.76,74.63,36.69,44.98
9,25.81,28.6,19.72,13.6,41.77,39.62,36.5,21.84,16.0,0.0,8.6,54.56,60.61,23.19,57.25,28.79,47.17,58.69,65.0,54.71,27.02,74.33,46.62,68.66,41.4,53.76,46.24,51.97,37.74,64.08,78.77,62.24,76.32,29.15,72.95,50.12,23.02,64.13,29.73,42.06,70.21,67.42,21.95,52.74
10,34.06,36.88,27.8,21.93,50.33,48.08,43.01,26.02,23.54,8.6,0.0,63.13,68.88,20.59,60.21,34.37,48.47,67.21,71.78,62.68,26.08,77.47,38.28,72.44,42.05,52.8,42.19,49.04,39.22,66.48,86.84,70.77,77.39,23.41,80.78,58.67,15.23,68.18,35.36,33.96,77.9,70.09,13.42,61.0
11,30.02,27.29,36.36,41.4,12.81,15.65,35.0,49.34,43.83,54.56,63.13,0.0,12.65,70.18,62.64,48.08,66.12,5.1,36.8,17.03,64.85,72.07,99.86,64.01,66.07,80.01,86.12,86.58,61.13,69.89,30.07,8.06,86.03,77.39,28.64,12.37,77.08,59.48,47.8,94.67,28.79,70.38,76.22,11.16
12,34.83,32.02,41.11,47.01,20.88,21.47,33.24,50.77,52.39,60.61,68.88,12.65,0.0,78.72,56.32,58.86,62.51,8.6,25.81,9.06,65.76,63.32,103.71,55.36,63.79,76.79,85.8,84.9,59.2,62.97,18.97,9.43,78.85,79.88,16.12,25.0,83.6,51.24,58.69,98.23,16.16,62.82,81.34,7.9
13,45.61,48.08,40.61,34.37,58.18,57.27,59.08,44.91,26.42,23.19,20.59,70.18,78.72,0.0,80.08,27.29,68.94,74.95,86.98,74.33,46.65,97.27,46.27,91.78,62.61,73.24,60.96,68.59,59.62,86.65,97.58,78.23,97.94,41.23,92.7,62.37,16.49,87.3,28.18,44.15,90.44,90.14,25.06,71.19
14,47.38,47.51,47.01,50.77,56.36,52.35,30.81,35.47,64.35,57.25,60.21,62.64,56.32,80.08,0.0,78.82,15.23,62.37,36.14,47.52,37.05,17.26,75.89,13.6,21.84,26.25,44.1,38.21,22.02,7.81,63.15,64.94,23.71,51.97,54.92,69.78,73.25,11.4,79.4,70.21,50.8,10.3,65.0,52.06
15,33.24,34.48,31.91,28.32,38.21,39.0,50.57,45.28,14.87,28.79,34.37,48.08,58.86,27.29,78.82,0.0,72.14,53.16,73.82,57.01,55.07,94.67,70.46,87.71,67.48,81.02,75.03,80.5,63.03,86.4,77.67,55.97,100.57,57.49,74.43,38.01,41.0,82.76,1.0,67.07,73.11,89.05,46.01,52.36
16,44.28,45.31,41.88,43.93,57.27,53.15,31.26,26.87,57.28,47.17,48.47,66.12,62.51,68.94,15.23,72.14,0.0,67.01,47.01,53.46,23.35,31.14,60.73,28.79,7.0,14.32,29.21,24.41,9.43,19.0,72.8,70.06,29.15,37.22,64.62,70.83,60.21,26.42,72.86,55.08,60.54,23.02,51.35,56.73
17,33.6,30.81,40.0,45.34,17.03,19.21,36.35,52.0,48.55,58.69,67.21,5.1,8.6,74.95,62.37,53.16,67.01,0.0,34.06,15.23,67.42,70.68,103.47,62.65,67.48,81.1,88.32,88.28,62.65,69.38,25.02,3.61,85.44,80.53,24.04,17.12,81.39,58.31,52.89,98.18,24.6,69.57,80.16,10.37
18,42.01,40.01,46.39,52.61,38.08,35.74,28.79,47.41,63.0,65.0,71.78,36.8,25.81,86.98,36.14,73.82,47.01,34.06,0.0,20.0,59.03,38.83,100.21,31.26,50.8,60.84,74.81,71.34,47.51,41.19,27.17,35.23,56.04,75.0,19.03,48.01,86.98,28.0,73.98,94.4,15.0,40.0,81.86,26.09
19,29.07,26.4,34.99,41.18,19.24,18.03,24.6,42.8,48.51,54.71,62.68,17.03,9.06,74.33,47.52,57.01,53.46,15.23,20.0,0.0,57.45,55.46,96.26,47.42,54.82,67.74,77.08,75.96,50.29,54.34,24.21,17.46,70.34,72.01,18.38,28.02,77.7,43.08,57.0,90.69,16.28,54.41,74.65,6.09
20,36.22,38.47,31.0,29.61,53.15,49.48,33.02,15.52,40.72,27.02,26.08,64.85,65.76,46.65,37.05,55.07,23.35,67.42,59.03,57.45,0.0,54.01,41.34,50.36,16.49,26.91,22.0,25.63,15.03,42.19,80.6,70.94,51.62,16.12,73.11,65.38,36.88,46.87,55.95,35.51,69.43,46.1,28.07,58.39
21,62.2,61.85,62.77,67.08,68.25,64.54,44.82,52.5,80.53,74.33,77.47,72.07,63.32,97.27,17.26,94.67,31.14,70.68,38.83,55.46,54.01,0.0,91.44,8.06,38.12,38.01,57.94,50.54,39.05,12.37,65.19,72.62,18.97,68.36,57.43,81.02,90.45,12.81,95.19,85.91,53.6,8.25,82.05,60.95
22,69.89,72.67,63.51,58.67,87.13,84.31,72.92,53.76,61.68,46.62,38.28,99.86,103.71,46.27,75.89,70.46,60.73,103.47,100.21,96.26,41.34,91.44,0.0,89.49,54.08,55.15,35.0,44.05,55.04,79.08,120.22,107.07,83.05,25.24,113.17,96.61,30.02,86.73,71.45,5.83,109.71,83.2,25.0,95.9
23,54.92,54.41,55.9,60.54,60.31,56.64,37.44,46.87,73.82,68.66,72.44,64.01,55.36,91.78,13.6,87.71,28.79,62.65,31.26,47.42,50.36,8.06,89.49,0.0,35.44,38.42,57.31,50.8,35.36,12.81,58.01,64.62,25.08,65.51,50.09,73.01,86.02,5.0,88.19,83.82,46.17,9.85,78.1,52.89
24,41.76,43.17,38.48,39.66,56.22,52.15,31.14,22.47,52.63,41.4,42.05,66.07,63.79,62.61,21.84,67.48,7.0,67.48,50.8,54.82,16.49,38.12,54.08,35.44,0.0,14.56,24.08,21.19,5.1,26.0,75.58,70.71,35.34,30.27,67.54,69.58,53.37,32.7,68.25,48.38,63.53,30.02,44.41,57.43
25,56.32,57.72,52.92,53.71,70.58,66.48,45.01,36.67,66.29,53.76,52.8,80.01,76.79,73.24,26.25,81.02,14.32,81.1,60.84,67.74,26.91,38.01,55.15,38.42,14.56,0.0,20.4,12.53,19.65,26.08,86.98,84.21,28.02,35.44,78.77,84.01,61.74,37.48,81.84,50.01,74.67,30.02,52.0,70.88
26,58.14,60.3,53.0,51.35,74.81,71.02,52.55,37.22,61.4,46.24,42.19,86.12,85.8,60.96,44.1,75.03,29.21,88.32,74.81,77.08,22.0,57.94,35.0,57.31,24.08,20.4,0.0,9.22,27.46,45.69,98.98,91.76,48.09,19.8,91.07,87.28,46.86,55.47,75.96,30.15,87.13,49.77,36.88,78.81
27,60.21,62.07,55.73,55.08,76.03,72.06,51.97,39.32,66.31,51.97,49.04,86.58,84.9,68.59,38.21,80.5,24.41,88.28,71.34,75.96,25.63,50.54,44.05,50.8,21.19,12.53,9.22,0.0,25.71,38.59,96.66,91.59,39.32,28.02,88.57,89.02,55.22,49.58,81.39,39.32,84.53,42.54,45.22,78.38
28,36.69,38.08,33.54,35.0,51.16,47.1,26.31,17.8,48.17,37.74,39.22,61.13,59.2,59.62,22.02,63.03,9.43,62.65,47.51,50.29,15.03,39.05,55.04,35.36,5.1,19.65,27.46,25.71,0.0,27.46,71.59,65.92,38.59,30.36,63.63,64.5,51.48,32.02,63.78,49.24,59.68,31.26,43.01,52.68
29,55.17,55.32,54.67,58.25,64.01,60.03,38.6,42.49,71.85,64.08,66.48,69.89,62.97,86.65,7.81,86.4,19.0,69.38,41.19,54.34,42.19,12.37,79.08,12.81,26.0,26.08,45.69,38.59,27.46,0.0,68.36,71.81,16.16,56.14,60.21,77.37,78.92,13.6,87.01,73.55,56.14,4.12,70.26,59.14
30,53.0,50.25,59.08,65.19,39.85,40.31,47.63,66.53,71.31,78.77,86.84,30.07,18.97,97.58,63.15,77.67,72.8,25.02,27.17,24.21,80.6,65.19,120.22,58.01,75.58,86.98,98.98,96.66,71.59,68.36,0.0,23.09,83.01,95.67,8.25,42.01,101.79,55.08,77.47,114.59,12.37,67.07,98.86,26.39
31,37.2,34.41,43.6,48.92,20.52,22.8,39.62,55.54,51.87,62.24,70.77,8.06,9.43,78.23,64.94,55.97,70.06,3.61,35.23,17.46,70.94,72.62,107.07,64.62,70.71,84.21,91.76,91.59,65.92,71.81,23.09,0.0,87.8,84.12,23.26,19.03,84.9,60.41,55.66,101.79,24.41,71.84,83.74,13.33
32,70.43,70.8,69.31,72.25,80.06,76.06,54.38,55.61,85.8,76.32,77.39,86.03,78.85,97.94,23.71,100.57,29.15,85.44,56.04,70.34,51.62,18.97,83.05,25.08,35.34,28.02,48.09,39.32,38.59,16.16,83.01,87.8,0.0,62.97,75.01,93.47,88.23,28.07,101.24,78.0,71.03,16.12,78.85,75.24
33,47.54,50.16,41.44,37.85,65.0,61.74,48.1,29.21,45.1,29.15,23.41,77.39,79.88,41.23,51.97,57.49,37.22,80.53,75.0,72.01,16.12,68.36,25.24,65.51,30.27,35.44,19.8,28.02,30.36,56.14,95.67,84.12,62.97,0.0,88.41,75.96,27.2,62.36,58.46,19.42,84.85,60.21,17.2,72.23
34,47.42,44.78,53.24,59.48,36.22,35.9,40.31,59.41,66.76,72.95,80.78,28.64,16.12,92.7,54.92,74.43,64.62,24.04,19.03,18.38,73.11,57.43,113.17,50.09,67.54,78.77,91.07,88.57,63.63,60.21,8.25,23.26,75.01,88.41,0.0,41.0,95.88,47.01,74.33,107.49,4.12,59.01,92.42,22.1
35,29.15,27.02,34.71,38.28,13.6,17.72,39.85,50.09,36.88,50.12,58.67,12.37,25.0,62.37,69.78,38.01,70.83,17.12,48.01,28.02,65.38,81.02,96.61,73.01,69.58,84.01,87.28,89.02,64.5,77.37,42.01,19.03,93.47,75.96,41.0,0.0,71.4,68.24,37.58,91.79,41.11,78.39,72.07,21.93
36,48.83,51.61,42.72,36.62,64.38,62.48,58.19,40.61,34.67,23.02,15.23,77.08,83.6,16.49,73.25,41.0,60.21,81.39,86.98,77.7,36.88,90.45,30.02,86.02,53.37,61.74,46.86,55.22,51.48,78.92,101.79,84.9,88.23,27.2,95.88,71.4,0.0,82.01,41.98,27.66,93.06,82.73,10.0,75.74
37,49.93,49.41,50.99,55.71,55.44,51.74,32.45,42.43,68.94,64.13,68.18,59.48,51.24,87.3,11.4,82.76,26.42,58.31,28.0,43.08,46.87,12.81,86.73,5.0,32.7,37.48,55.47,49.58,32.02,13.6,55.08,60.41,28.07,62.36,47.01,68.24,82.01,0.0,83.24,80.99,43.0,12.0,74.33,48.41
38,33.62,34.79,32.45,29.0,38.12,39.01,50.99,46.01,15.62,29.73,35.36,47.8,58.69,28.18,79.4,1.0,72.86,52.89,73.98,57.0,55.95,95.19,71.45,88.19,68.25,81.84,75.96,81.39,63.78,87.01,77.47,55.66,101.24,58.46,74.33,37.58,41.98,83.24,0.0,68.07,73.06,89.63,47.01,52.28
39,64.66,67.42,58.31,53.67,81.99,79.08,67.21,48.08,57.49,42.06,33.96,94.67,98.23,44.15,70.21,67.07,55.08,98.18,94.4,90.69,35.51,85.91,5.83,83.82,48.38,50.01,30.15,39.32,49.24,73.55,114.59,101.79,78.0,19.42,107.49,91.79,27.66,80.99,68.07,0.0,104.0,77.67,21.1,90.45
40,44.94,42.38,50.57,56.86,35.0,34.23,36.8,55.97,64.76,70.21,77.9,28.79,16.16,90.44,50.8,73.11,60.54,24.6,15.0,16.28,69.43,53.6,109.71,46.17,63.53,74.67,87.13,84.53,59.68,56.14,12.37,24.41,71.03,84.85,4.12,41.11,93.06,43.0,73.06,104.0,0.0,55.0,89.31,20.86
41,57.31,57.28,57.2,61.06,65.19,61.29,40.36,45.69,74.63,67.42,70.09,70.38,62.82,90.14,10.3,89.05,23.02,69.57,40.0,54.41,46.1,8.25,83.2,9.85,30.02,30.02,49.77,42.54,31.26,4.12,67.07,71.84,16.12,60.21,59.01,78.39,82.73,12.0,89.63,77.67,55.0,0.0,74.17,59.47
42,46.69,49.52,40.31,34.83,63.41,60.96,53.24,34.54,36.69,21.95,13.42,76.22,81.34,25.06,65.0,46.01,51.35,80.16,81.86,74.65,28.07,82.05,25.0,78.1,44.41,52.0,36.88,45.22,43.01,70.26,98.86,83.74,78.85,17.2,92.42,72.07,10.0,74.33,47.01,21.1,89.31,74.17,0.0,73.45
43,26.95,24.14,33.22,39.14,14.17,13.97,26.42,43.22,44.98,52.74,61.0,11.16,7.9,71.19,52.06,52.36,56.73,10.37,26.09,6.09,58.39,60.95,95.9,52.89,57.43,70.88,78.81,78.38,52.68,59.14,26.39,13.33,75.24,72.23,22.1,21.93,75.74,48.41,52.28,90.45,20.86,59.47,73.45,0.0
