vehicles
vehicle_idx, capacity, cost_per_unit_distance
1,100,1
2,100,1
3,100,1
4,100,1
5,100,1
depot
node_idx,x,y
0,42,68
home delivery customers
node_idx,x,y,service_time,demand
1,28,64,10,23
2,42,92,10,18
3,7,14,10,10
4,82,17,10,18
5,53,82,10,5
6,39,27,10,9
7,58,97,10,14
8,68,98,10,10
9,32,88,10,13
10,39,7,10,14
11,17,8,10,2
12,68,82,10,24
self pickup customers
node_idx,x,y,service_time,demand,locker_idxs
13,77,39,10,14,38
14,32,8,10,8,40-34
15,7,24,10,23,34
16,67,98,10,9,33-37
17,54,52,10,18,41
18,59,77,10,13,39-33
19,23,43,10,8,34
20,38,7,10,23,40
21,58,74,10,15,39-43-41-33
22,82,67,10,8,39
flexible customers
node_idx,x,y,service_time,demand,locker_idxs
23,77,97,10,5,37-33
24,32,33,10,13,40-34
25,8,3,10,19,42-34
26,48,13,10,20,42-40-34
27,72,43,10,10,38
28,73,3,10,24,38-35
29,47,62,10,19,39-41-43
30,52,72,10,14,41-39-43
31,42,7,10,20,42-40
32,7,48,10,3,34
lockers
node_idx,x,y,service_time,capacity,cost_per_unit_good
33,65,88,10,99
34,25,15,10,86
35,93,12,10,96
36,22,88,10,77
37,77,88,10,94
38,72,14,10,99
39,63,69,10,97
40,30,16,10,73
41,41,64,10,83
42,51,22,10,82
43,57,69,10,88
mrt lines
start_node_idx,end_node_idx,freight_capacity,cost_per_unit_good
distance matrix
,0,1,2,3,4,5,6,7,8,9,10,11,12,13,14,15,16,17,18,19,20,21,22,23,24,25,26,27,28,29,30,31,32,33,34,35,36,37,38,39,40,41,42,43,
0,0.0,14.56,24.0,64.35,64.82,17.8,41.11,33.12,39.7,22.36,61.07,65.0,29.53,45.45,60.83,56.22,39.05,20.0,19.24,31.4,61.13,17.09,40.01,45.45,36.4,73.36,55.33,39.05,72.01,7.81,10.77,61.0,40.31,30.48,55.66,75.74,28.28,40.31,61.77,21.02,53.37,4.12,46.87,15.03
1,14.56,0.0,31.3,54.23,71.59,30.81,38.6,44.6,52.5,24.33,58.05,57.07,43.86,55.01,56.14,45.18,51.74,28.64,33.62,21.59,57.87,31.62,54.08,59.08,31.26,64.2,54.78,48.75,75.8,19.1,25.3,58.69,26.4,44.1,49.09,83.24,24.74,54.56,66.6,35.36,48.04,13.0,47.89,29.43
2,24.0,31.3,0.0,85.49,85.0,14.87,65.07,16.76,26.68,10.77,85.05,87.64,27.86,63.51,84.59,76.48,25.71,41.76,22.67,52.55,85.09,24.08,47.17,35.36,59.84,95.27,79.23,57.45,94.24,30.41,22.36,85.0,56.22,23.35,78.85,94.87,20.4,35.23,83.57,31.14,76.94,28.02,70.58,27.46
3,64.35,54.23,85.49,0.0,75.06,82.1,34.54,97.42,103.81,78.11,32.76,11.66,91.35,74.33,25.71,10.0,103.23,60.44,81.69,33.12,31.78,78.75,91.84,108.58,31.4,11.05,41.01,71.18,66.91,62.48,73.41,35.69,34.0,94.02,18.03,86.02,75.5,101.86,65.0,78.49,23.09,60.46,44.72,74.33
4,64.82,71.59,85.0,75.06,0.0,71.18,44.15,83.52,82.2,86.84,44.15,65.62,66.49,22.56,50.8,75.33,82.38,44.82,64.26,64.47,45.12,61.85,50.0,80.16,52.5,75.31,34.23,27.86,16.64,57.01,62.65,41.23,81.15,73.01,57.04,12.08,92.96,71.18,10.44,55.36,52.01,62.37,31.4,57.7
5,17.8,30.81,14.87,82.1,71.18,0.0,56.75,15.81,21.93,21.84,76.3,82.29,15.0,49.24,76.92,74.03,21.26,30.02,7.81,49.2,76.49,9.43,32.65,28.3,53.31,90.92,69.18,43.38,81.49,20.88,10.05,75.8,57.2,13.42,72.62,80.62,31.58,24.74,70.6,16.4,69.89,21.63,60.03,13.6
6,41.11,38.6,65.07,34.54,44.15,56.75,0.0,72.53,76.69,61.4,20.0,29.07,62.18,39.85,20.25,32.14,76.32,29.15,53.85,22.63,20.02,50.7,58.73,79.65,9.22,39.2,16.64,36.67,41.62,35.9,46.84,20.22,38.28,66.31,18.44,56.04,63.32,71.87,35.47,48.37,14.21,37.05,13.0,45.69
7,33.12,44.6,16.76,97.42,83.52,15.81,72.53,0.0,10.05,27.51,91.98,97.99,18.03,61.03,92.72,89.05,9.06,45.18,20.02,64.35,92.2,23.0,38.42,19.0,69.08,106.47,84.59,55.79,95.19,36.69,25.71,91.41,70.72,11.4,88.39,91.92,37.11,21.02,84.17,28.44,85.7,37.12,75.33,28.02
8,39.7,52.5,26.68,103.81,82.2,21.93,76.69,10.05,0.0,37.36,95.51,103.45,16.0,59.68,96.93,95.9,1.0,48.08,22.85,71.06,95.82,26.0,34.01,9.06,74.3,112.36,87.32,55.15,95.13,41.68,30.53,94.64,78.87,10.44,93.48,89.56,47.07,13.45,84.1,29.43,90.38,43.42,77.88,31.02
9,22.36,24.33,10.77,78.11,86.84,21.84,61.4,27.51,37.36,0.0,81.3,81.39,36.5,66.53,80.0,68.71,36.4,42.19,29.15,45.89,81.22,29.53,54.23,45.89,55.0,88.32,76.69,60.21,94.37,30.02,25.61,81.61,47.17,33.0,73.33,97.45,10.0,45.0,84.12,36.36,72.03,25.63,68.68,31.4
10,61.07,58.05,85.05,32.76,44.15,76.3,20.0,91.98,95.51,81.3,0.0,22.02,80.41,49.68,7.07,36.24,95.21,47.43,72.8,39.4,1.0,69.64,73.82,97.69,26.93,31.26,10.82,48.84,34.23,55.58,66.29,3.0,52.01,85.07,16.12,54.23,82.76,89.47,33.73,66.48,12.73,57.04,19.21,64.56
11,65.0,57.07,87.64,11.66,65.62,82.29,29.07,97.99,103.45,81.39,22.02,0.0,89.87,67.54,15.0,18.87,102.96,57.49,80.78,35.51,21.02,77.7,87.78,107.34,29.15,10.3,31.4,65.19,56.22,61.77,72.95,25.02,41.23,93.3,10.63,76.11,80.16,100.0,55.33,76.4,15.26,60.93,36.77,72.95
12,29.53,43.86,27.86,91.35,66.49,15.0,62.18,18.03,16.0,36.5,80.41,89.87,0.0,43.93,82.29,84.17,16.03,33.11,10.3,59.55,80.78,12.81,20.52,17.49,60.8,99.2,71.84,39.2,79.16,29.0,18.87,79.38,69.84,6.71,79.61,74.33,46.39,10.82,68.12,13.93,76.16,32.45,62.36,17.03
13,45.45,55.01,63.51,74.33,22.56,49.24,39.85,61.03,59.68,66.53,49.68,67.54,43.93,0.0,54.64,71.59,59.84,26.42,42.05,54.15,50.45,39.82,28.44,58.0,45.4,77.83,38.95,6.4,36.22,37.8,41.4,47.42,70.58,50.45,57.27,31.38,73.66,49.0,25.5,33.11,52.33,43.83,31.06,36.06
14,60.83,56.14,84.59,25.71,50.8,76.92,20.25,92.72,96.93,80.0,7.07,15.0,82.29,54.64,0.0,29.68,96.57,49.19,74.09,36.14,6.08,70.94,77.34,99.73,25.0,24.52,16.76,53.15,41.3,56.04,67.05,10.05,47.17,86.54,9.9,61.13,80.62,91.79,40.45,68.43,8.25,56.72,23.6,65.92
15,56.22,45.18,76.48,10.0,75.33,74.03,32.14,89.05,95.9,68.71,36.24,18.87,84.17,71.59,29.68,0.0,95.27,54.71,74.25,24.84,35.36,71.42,86.45,101.14,26.57,21.02,42.45,67.72,69.26,55.17,65.8,38.91,24.0,86.37,20.12,86.83,65.73,94.85,65.76,71.84,24.35,52.5,44.05,67.27
16,39.05,51.74,25.71,103.23,82.38,21.26,76.32,9.06,1.0,36.4,95.21,102.96,16.03,59.84,96.57,95.27,0.0,47.8,22.47,70.43,95.51,25.63,34.44,10.05,73.82,111.83,87.1,55.23,95.19,41.18,30.02,94.37,78.1,10.2,93.02,89.84,46.1,14.14,84.15,29.27,89.96,42.8,77.67,30.68
17,20.0,28.64,41.76,60.44,44.82,30.02,29.15,45.18,48.08,42.19,47.43,57.49,33.11,26.42,49.19,54.71,47.8,0.0,25.5,32.28,47.76,22.36,31.76,50.54,29.07,67.21,39.46,20.12,52.55,12.21,20.1,46.57,47.17,37.64,47.01,55.87,48.17,42.72,42.05,19.24,43.27,17.69,30.15,17.26
18,19.24,33.62,22.67,81.69,64.26,7.81,53.85,20.02,22.85,29.15,72.8,80.78,10.3,42.05,74.09,74.25,22.47,25.5,0.0,49.52,73.08,3.16,25.08,26.91,51.62,89.87,64.94,36.4,75.31,19.21,8.6,72.03,59.54,12.53,70.71,73.36,38.6,21.1,64.33,8.94,67.54,22.2,55.58,8.25
19,31.4,21.59,52.55,33.12,64.47,49.2,22.63,64.35,71.06,45.89,39.4,35.51,59.55,54.15,36.14,24.84,70.43,32.28,49.52,0.0,39.0,46.75,63.69,76.37,13.45,42.72,39.05,49.0,64.03,30.61,41.01,40.71,16.76,61.55,28.07,76.56,45.01,70.29,56.94,47.71,27.89,27.66,35.0,42.8
20,61.13,57.87,85.09,31.78,45.12,76.49,20.02,92.2,95.82,81.22,1.0,21.02,80.78,50.45,6.08,35.36,95.51,47.76,73.08,39.0,0.0,69.92,74.4,98.09,26.68,30.27,11.66,49.52,35.23,55.73,66.49,4.0,51.4,85.38,15.26,55.23,82.57,89.9,34.71,66.85,12.04,57.08,19.85,64.85
21,17.09,31.62,24.08,78.75,61.85,9.43,50.7,23.0,26.0,29.53,69.64,77.7,12.81,39.82,70.94,71.42,25.63,22.36,3.16,46.75,69.92,0.0,25.0,29.83,48.55,86.84,61.81,34.01,72.57,16.28,6.32,68.88,57.25,15.65,67.6,71.2,38.63,23.6,61.61,7.07,64.4,19.72,52.47,5.1
22,40.01,54.08,47.17,91.84,50.0,32.65,58.73,38.42,34.01,54.23,73.82,87.78,20.52,28.44,77.34,86.45,34.44,31.76,25.08,63.69,74.4,25.0,0.0,30.41,60.46,97.84,63.81,26.0,64.63,35.36,30.41,72.11,77.37,27.02,77.16,56.09,63.57,21.59,53.94,19.1,72.84,41.11,54.64,25.08
23,45.45,59.08,35.36,108.58,80.16,28.3,79.65,19.0,9.06,45.89,97.69,107.34,17.49,58.0,99.73,101.14,10.05,50.54,26.91,76.37,98.09,29.83,30.41,0.0,78.24,116.61,88.87,54.23,94.09,46.1,35.36,96.57,85.45,15.0,97.1,86.49,55.73,9.0,83.15,31.3,93.65,48.84,79.38,34.41
24,36.4,31.26,59.84,31.4,52.5,53.31,9.22,69.08,74.3,55.0,26.93,29.15,60.8,45.4,25.0,26.57,73.82,29.07,51.62,13.45,26.68,48.55,60.46,78.24,0.0,38.42,25.61,41.23,50.8,32.65,43.83,27.86,29.15,64.14,19.31,64.51,55.9,71.06,44.28,47.51,17.12,32.28,21.95,43.83
25,73.36,64.2,95.27,11.05,75.31,90.92,39.2,106.47,112.36,88.32,31.26,10.3,99.2,77.83,24.52,21.02,111.83,67.21,89.87,42.72,30.27,86.84,97.84,116.61,38.42,0.0,41.23,75.47,65.0,70.72,81.84,34.23,45.01,102.34,20.81,85.48,86.15,109.48,64.94,85.91,25.55,69.35,47.01,82.2
26,55.33,54.78,79.23,41.01,34.23,69.18,16.64,84.59,87.32,76.69,10.82,31.4,71.84,38.95,16.76,42.45,87.1,39.46,64.94,39.05,11.66,61.81,63.81,88.87,25.61,41.23,0.0,38.42,26.93,49.01,59.14,8.49,53.91,76.9,23.09,45.01,79.38,80.41,24.02,57.97,18.25,51.48,9.49,56.72
27,39.05,48.75,57.45,71.18,27.86,43.38,36.67,55.79,55.15,60.21,48.84,65.19,39.2,6.4,53.15,67.72,55.23,20.12,36.4,49.0,49.52,34.01,26.0,54.23,41.23,75.47,38.42,0.0,40.01,31.4,35.23,46.86,65.19,45.54,54.71,37.44,67.27,45.28,29.0,27.51,49.93,37.44,29.7,30.02
28,72.01,75.8,94.24,66.91,16.64,81.49,41.62,95.19,95.13,94.37,34.23,56.22,79.16,36.22,41.3,69.26,95.19,52.55,75.31,64.03,35.23,72.57,64.63,94.09,50.8,65.0,26.93,40.01,0.0,64.47,72.12,31.26,79.88,85.38,49.48,21.93,99.13,85.09,11.05,66.75,44.92,68.88,29.07,67.91
29,7.81,19.1,30.41,62.48,57.01,20.88,35.9,36.69,41.68,30.02,55.58,61.77,29.0,37.8,56.04,55.17,41.18,12.21,19.21,30.61,55.73,16.28,35.36,46.1,32.65,70.72,49.01,31.4,64.47,0.0,11.18,55.23,42.38,31.62,51.89,67.94,36.07,39.7,54.12,17.46,49.04,6.32,40.2,12.21
30,10.77,25.3,22.36,73.41,62.65,10.05,46.84,25.71,30.53,25.61,66.29,72.95,18.87,41.4,67.05,65.8,30.02,20.1,8.6,41.01,66.49,6.32,30.41,35.36,43.83,81.84,59.14,35.23,72.12,11.18,0.0,65.76,51.0,20.62,63.07,72.67,34.0,29.68,61.35,11.4,60.17,13.6,50.01,5.83
31,61.0,58.69,85.0,35.69,41.23,75.8,20.22,91.41,94.64,81.61,3.0,25.02,79.38,47.42,10.05,38.91,94.37,46.57,72.03,40.71,4.0,68.88,72.11,96.57,27.86,34.23,8.49,46.86,31.26,55.23,65.76,0.0,53.91,84.2,18.79,51.24,83.43,88.24,30.81,65.46,15.0,57.01,17.49,63.79
32,40.31,26.4,56.22,34.0,81.15,57.2,38.28,70.72,78.87,47.17,52.01,41.23,69.84,70.58,47.17,24.0,78.1,47.17,59.54,16.76,51.4,57.25,77.37,85.45,29.15,45.01,53.91,65.19,79.88,42.38,51.0,53.91,0.0,70.46,37.59,93.23,42.72,80.62,73.36,59.81,39.41,37.58,51.11,54.23
33,30.48,44.1,23.35,94.02,73.01,13.42,66.31,11.4,10.44,33.0,85.07,93.3,6.71,50.45,86.54,86.37,10.2,37.64,12.53,61.55,85.38,15.65,27.02,15.0,64.14,102.34,76.9,45.54,85.38,31.62,20.62,84.2,70.46,0.0,83.24,80.99,43.0,12.0,74.33,19.1,80.06,33.94,67.47,20.62
34,55.66,49.09,78.85,18.03,57.04,72.62,18.44,88.39,93.48,73.33,16.12,10.63,79.61,57.27,9.9,20.12,93.02,47.01,70.71,28.07,15.26,67.6,77.16,97.1,19.31,20.81,23.09,54.71,49.48,51.89,63.07,18.79,37.59,83.24,0.0,68.07,73.06,89.63,47.01,66.03,5.1,51.55,26.93,62.77
35,75.74,83.24,94.87,86.02,12.08,80.62,56.04,91.92,89.56,97.45,54.23,76.11,74.33,31.38,61.13,86.83,89.84,55.87,73.36,76.56,55.23,71.2,56.09,86.49,64.51,85.48,45.01,37.44,21.93,67.94,72.67,51.24,93.23,80.99,68.07,0.0,104.0,77.67,21.1,64.41,63.13,73.54,43.17,67.42
36,28.28,24.74,20.4,75.5,92.96,31.58,63.32,37.11,47.07,10.0,82.76,80.16,46.39,73.66,80.62,65.73,46.1,48.17,38.6,45.01,82.57,38.63,63.57,55.73,55.9,86.15,79.38,67.27,99.13,36.07,34.0,83.43,42.72,43.0,73.06,104.0,0.0,55.0,89.31,45.19,72.44,30.61,72.09,39.82
37,40.31,54.56,35.23,101.86,71.18,24.74,71.87,21.02,13.45,45.0,89.47,100.0,10.82,49.0,91.79,94.85,14.14,42.72,21.1,70.29,89.9,23.6,21.59,9.0,71.06,109.48,80.41,45.28,85.09,39.7,29.68,88.24,80.62,12.0,89.63,77.67,55.0,0.0,74.17,23.6,85.98,43.27,70.94,27.59
38,61.77,66.6,83.57,65.0,10.44,70.6,35.47,84.17,84.1,84.12,33.73,55.33,68.12,25.5,40.45,65.76,84.15,42.05,64.33,56.94,34.71,61.61,53.94,83.15,44.28,64.94,24.02,29.0,11.05,54.12,61.35,30.81,73.36,74.33,47.01,21.1,89.31,74.17,0.0,55.73,42.05,58.83,22.47,57.01
39,21.02,35.36,31.14,78.49,55.36,16.4,48.37,28.44,29.43,36.36,66.48,76.4,13.93,33.11,68.43,71.84,29.27,19.24,8.94,47.71,66.85,7.07,19.1,31.3,47.51,85.91,57.97,27.51,66.75,17.46,11.4,65.46,59.81,19.1,66.03,64.41,45.19,23.6,55.73,0.0,62.43,22.56,48.51,6.0
40,53.37,48.04,76.94,23.09,52.01,69.89,14.21,85.7,90.38,72.03,12.73,15.26,76.16,52.33,8.25,24.35,89.96,43.27,67.54,27.89,12.04,64.4,72.84,93.65,17.12,25.55,18.25,49.93,44.92,49.04,60.17,15.0,39.41,80.06,5.1,63.13,72.44,85.98,42.05,62.43,0.0,49.24,21.84,59.48
41,4.12,13.0,28.02,60.46,62.37,21.63,37.05,37.12,43.42,25.63,57.04,60.93,32.45,43.83,56.72,52.5,42.8,17.69,22.2,27.66,57.08,19.72,41.11,48.84,32.28,69.35,51.48,37.44,68.88,6.32,13.6,57.01,37.58,33.94,51.55,73.54,30.61,43.27,58.83,22.56,49.24,0.0,43.17,16.76
42,46.87,47.89,70.58,44.72,31.4,60.03,13.0,75.33,77.88,68.68,19.21,36.77,62.36,31.06,23.6,44.05,77.67,30.15,55.58,35.0,19.85,52.47,54.64,79.38,21.95,47.01,9.49,29.7,29.07,40.2,50.01,17.49,51.11,67.47,26.93,43.17,72.09,70.94,22.47,48.51,21.84,43.17,0.0,47.38
43,15.03,29.43,27.46,74.33,57.7,13.6,45.69,28.02,31.02,31.4,64.56,72.95,17.03,36.06,65.92,67.27,30.68,17.26,8.25,42.8,64.85,5.1,25.08,34.41,43.83,82.2,56.72,30.02,67.91,12.21,5.83,63.79,54.23,20.62,62.77,67.42,39.82,27.59,57.01,6.0,59.48,16.76,47.38,0.0
