set K:= 1	2	3	4	5	6;
set C_H:= 1	2	3	4	5	6	7	8	9	10	11	12	13	14	15	16;
set C_S:= 17	18	19	20	21	22	23	24	25	26;
set C_F:= 27	28	29	30	31	32	33	34	35	36;
set M:= 37	38	39	40;
set L_B:= 41	42;
set A1:=
(0,*) 1 2 3 4 5 6 7 8 9 10 11 12 13 14 15 16 27 28 29 30 31 32 33 34 35 36 37 38 39 40 41 42
(1,*) 0 2 3 4 5 6 7 8 9 10 11 12 13 14 15 16 27 28 29 30 31 32 33 34 35 36 37 38 39 40 41 42
(2,*) 0 1 3 4 5 6 7 8 9 10 11 12 13 14 15 16 27 28 29 30 31 32 33 34 35 36 37 38 39 40 41 42
(3,*) 0 1 2 4 5 6 7 8 9 10 11 12 13 14 15 16 27 28 29 30 31 32 33 34 35 36 37 38 39 40 41 42
(4,*) 0 1 2 3 5 6 7 8 9 10 11 12 13 14 15 16 27 28 29 30 31 32 33 34 35 36 37 38 39 40 41 42
(5,*) 0 1 2 3 4 6 7 8 9 10 11 12 13 14 15 16 27 28 29 30 31 32 33 34 35 36 37 38 39 40 41 42
(6,*) 0 1 2 3 4 5 7 8 9 10 11 12 13 14 15 16 27 28 29 30 31 32 33 34 35 36 37 38 39 40 41 42
(7,*) 0 1 2 3 4 5 6 8 9 10 11 12 13 14 15 16 27 28 29 30 31 32 33 34 35 36 37 38 39 40 41 42
(8,*) 0 1 2 3 4 5 6 7 9 10 11 12 13 14 15 16 27 28 29 30 31 32 33 34 35 36 37 38 39 40 41 42
(9,*) 0 1 2 3 4 5 6 7 8 10 11 12 13 14 15 16 27 28 29 30 31 32 33 34 35 36 37 38 39 40 41 42
(10,*) 0 1 2 3 4 5 6 7 8 9 11 12 13 14 15 16 27 28 29 30 31 32 33 34 35 36 37 38 39 40 41 42
(11,*) 0 1 2 3 4 5 6 7 8 9 10 12 13 14 15 16 27 28 29 30 31 32 33 34 35 36 37 38 39 40 41 42
(12,*) 0 1 2 3 4 5 6 7 8 9 10 11 13 14 15 16 27 28 29 30 31 32 33 34 35 36 37 38 39 40 41 42
(13,*) 0 1 2 3 4 5 6 7 8 9 10 11 12 14 15 16 27 28 29 30 31 32 33 34 35 36 37 38 39 40 41 42
(14,*) 0 1 2 3 4 5 6 7 8 9 10 11 12 13 15 16 27 28 29 30 31 32 33 34 35 36 37 38 39 40 41 42
(15,*) 0 1 2 3 4 5 6 7 8 9 10 11 12 13 14 16 27 28 29 30 31 32 33 34 35 36 37 38 39 40 41 42
(16,*) 0 1 2 3 4 5 6 7 8 9 10 11 12 13 14 15 27 28 29 30 31 32 33 34 35 36 37 38 39 40 41 42
(27,*) 0 1 2 3 4 5 6 7 8 9 10 11 12 13 14 15 16 28 29 30 31 32 33 34 35 36 37 38 39 40 41 42
(28,*) 0 1 2 3 4 5 6 7 8 9 10 11 12 13 14 15 16 27 29 30 31 32 33 34 35 36 37 38 39 40 41 42
(29,*) 0 1 2 3 4 5 6 7 8 9 10 11 12 13 14 15 16 27 28 30 31 32 33 34 35 36 37 38 39 40 41 42
(30,*) 0 1 2 3 4 5 6 7 8 9 10 11 12 13 14 15 16 27 28 29 31 32 33 34 35 36 37 38 39 40 41 42
(31,*) 0 1 2 3 4 5 6 7 8 9 10 11 12 13 14 15 16 27 28 29 30 32 33 34 35 36 37 38 39 40 41 42
(32,*) 0 1 2 3 4 5 6 7 8 9 10 11 12 13 14 15 16 27 28 29 30 31 33 34 35 36 37 38 39 40 41 42
(33,*) 0 1 2 3 4 5 6 7 8 9 10 11 12 13 14 15 16 27 28 29 30 31 32 34 35 36 37 38 39 40 41 42
(34,*) 0 1 2 3 4 5 6 7 8 9 10 11 12 13 14 15 16 27 28 29 30 31 32 33 35 36 37 38 39 40 41 42
(35,*) 0 1 2 3 4 5 6 7 8 9 10 11 12 13 14 15 16 27 28 29 30 31 32 33 34 36 37 38 39 40 41 42
(36,*) 0 1 2 3 4 5 6 7 8 9 10 11 12 13 14 15 16 27 28 29 30 31 32 33 34 35 37 38 39 40 41 42
(37,*) 0 1 2 3 4 5 6 7 8 9 10 11 12 13 14 15 16 27 28 29 30 31 32 33 34 35 36 38 39 40 41 42
(38,*) 0 1 2 3 4 5 6 7 8 9 10 11 12 13 14 15 16 27 28 29 30 31 32 33 34 35 36 37 39 40 41 42
(39,*) 0 1 2 3 4 5 6 7 8 9 10 11 12 13 14 15 16 27 28 29 30 31 32 33 34 35 36 37 38 40 41 42
(40,*) 0 1 2 3 4 5 6 7 8 9 10 11 12 13 14 15 16 27 28 29 30 31 32 33 34 35 36 37 38 39 41 42
(41,*) 0 1 2 3 4 5 6 7 8 9 10 11 12 13 14 15 16 27 28 29 30 31 32 33 34 35 36 37 38 39 40 42
(42,*) 0 1 2 3 4 5 6 7 8 9 10 11 12 13 14 15 16 27 28 29 30 31 32 33 34 35 36 37 38 39 40 41
;
set A2:=
(37,*) 38
(38,*) 37
(39,*) 40
(40,*) 39
;
param BigM:=99999;
param n:= 6;
param d:=
1	1
2	23
3	5
4	18
5	16
6	26
7	19
8	17
9	14
10	8
11	10
12	9
13	18
14	8
15	21
16	21
17	20
18	19
19	2
20	13
21	12
22	4
23	20
24	8
25	19
26	66
27	23
28	7
29	12
30	19
31	5
32	19
33	3
34	18
35	26
36	21
;
param Q:=100;
param w:=
[37,*] 38 5
[38,*] 37 5
[39,*] 40 5
[40,*] 39 5
;
param V:=
[37,*] 38 342
[38,*] 37 342
[39,*] 40 342
[40,*] 39 342
;
param f:=
37	100
38	100
39	100
40	100
41	100
42	100
;
param e:
	37	38	39	40	41	42:=
17	1	0	0	0	0	0	
18	0	0	0	1	0	0	
19	0	0	0	1	0	0	
20	0	0	0	0	1	0	
21	0	0	0	1	0	0	
22	0	1	0	0	1	0	
23	0	0	0	0	1	1	
24	1	0	0	0	1	1	
25	0	0	0	0	1	1	
26	0	1	0	0	0	0	
27	0	0	0	1	0	1	
28	1	0	0	0	0	0	
29	0	0	1	0	1	1	
30	1	0	0	0	1	1	
31	1	0	1	0	1	1	
32	0	0	0	1	1	1	
33	0	0	0	1	0	0	
34	0	0	1	0	0	0	
35	0	1	0	0	1	1	
36	0	0	1	0	0	0	
;
param p:=
1	1
2	1
3	1
4	1
5	1
6	1
;
param G:=
37	342
38	342
39	342
40	342
41	85
42	85
;
param s:=
0	0
1	15
2	15
3	15
4	15
5	15
6	15
7	15
8	15
9	15
10	15
11	15
12	15
13	15
14	15
15	15
16	15
27	15
28	15
29	15
30	15
31	15
32	15
33	15
34	15
35	15
36	15
37	30
38	30
39	30
40	30
41	15
42	15
;
param t:
	0	1	2	3	4	5	6	7	8	9	10	11	12	13	14	15	16	17	18	19	20	21	22	23	24	25	26	27	28	29	30	31	32	33	34	35	36	37	38	39	40	41	42:=
0	0.0	57.22	61.66	24.21	25.0	78.82	41.88	67.78	16.03	36.24	23.32	43.46	104.04	10.0	56.75	42.15	69.38	55.36	69.66	94.37	11.18	90.61	50.16	58.26	71.39	38.48	52.09	86.65	74.53	16.12	70.84	39.32	72.45	91.92	18.03	66.64	20.1	78.67	65.13	13.23	101.27	44.41	47.41
1	57.22	0.0	5.66	42.94	33.06	69.87	52.5	75.15	61.68	33.3	40.72	27.8	70.77	65.92	92.96	27.66	81.88	14.87	60.42	77.1	46.53	66.75	76.38	43.68	23.02	30.41	78.52	41.4	18.87	58.87	29.73	18.0	37.85	48.83	67.74	70.77	57.01	22.11	89.2	55.75	73.06	37.44	30.89
2	61.66	5.66	0.0	48.37	37.05	74.53	58.14	80.5	66.85	38.95	46.07	33.42	73.05	70.61	98.6	33.3	87.32	13.45	65.25	81.0	51.2	70.26	82.04	48.7	24.7	36.07	84.17	42.54	13.42	64.08	32.56	22.36	41.19	50.12	71.25	76.06	60.02	17.07	94.82	59.3	75.93	43.01	36.36
3	24.21	42.94	48.37	0.0	22.56	55.95	20.4	48.37	20.02	13.15	3.16	21.1	79.88	28.46	51.86	20.02	52.01	47.38	46.32	70.8	15.26	66.48	38.08	34.06	51.01	16.03	40.31	64.33	61.77	17.03	48.66	28.28	49.04	68.96	41.73	46.1	38.91	64.97	52.96	32.93	77.08	20.25	24.04
4	25.0	33.06	37.05	22.56	0.0	74.33	42.01	70.01	33.97	25.3	19.42	28.84	90.61	34.54	72.72	27.46	74.24	30.46	64.2	87.24	15.81	80.45	60.41	48.75	50.57	25.5	62.63	67.74	49.65	31.83	52.43	15.13	56.59	74.06	34.93	67.19	25.55	53.92	75.43	22.98	89.83	35.11	34.13
5	78.82	69.87	74.53	55.95	74.33	0.0	37.01	21.02	67.18	49.04	58.14	47.38	39.2	79.25	60.67	48.51	28.16	83.22	10.2	17.0	71.2	21.21	44.27	27.02	55.46	49.24	44.64	50.91	83.49	65.12	46.07	69.35	37.22	48.6	96.83	17.46	94.83	83.32	44.17	88.85	31.59	39.29	42.19
6	41.88	52.5	58.14	20.4	42.01	37.01	0.0	28.07	30.61	20.12	23.19	24.76	66.85	42.45	42.06	24.84	32.39	61.29	28.32	53.04	35.11	51.11	24.21	22.09	51.48	22.47	26.25	59.41	70.71	28.32	45.61	43.08	42.11	62.0	59.91	25.71	58.87	72.75	36.79	52.55	62.33	15.81	23.02
7	67.78	75.15	80.5	48.37	70.01	21.02	28.07	0.0	53.71	46.53	51.24	48.38	60.07	65.86	39.81	49.04	8.06	86.33	21.02	37.11	62.59	42.05	24.7	32.8	66.53	48.05	24.6	66.89	91.59	52.33	58.0	69.43	50.61	66.21	85.49	5.0	86.13	92.5	23.26	79.55	52.62	38.6	44.38
8	16.03	61.68	66.85	20.02	33.97	67.18	30.61	53.71	0.0	33.02	21.38	41.01	96.6	12.21	41.11	40.0	54.42	63.51	58.9	83.55	18.44	81.54	34.37	50.57	71.03	36.0	36.22	83.86	80.23	3.0	68.36	45.18	67.91	88.07	32.28	53.25	36.12	83.79	49.18	29.24	92.65	38.33	43.42
9	36.24	33.3	38.95	13.15	25.3	49.04	20.12	46.53	33.02	0.0	13.0	8.0	68.25	41.48	59.67	7.07	51.92	41.18	38.9	62.18	25.81	56.22	43.28	23.85	38.12	3.16	45.45	51.2	52.01	30.02	35.51	23.09	36.25	55.97	52.8	43.1	47.63	54.62	56.77	42.61	66.26	9.85	11.18
10	23.32	40.72	46.07	3.16	19.42	58.14	23.19	51.24	21.38	13.0	0.0	20.62	80.8	28.64	54.82	19.42	55.04	44.55	48.37	72.67	13.45	67.9	41.23	35.36	50.04	15.52	43.46	64.03	59.48	18.44	48.27	25.5	49.24	68.95	40.36	48.84	36.72	62.81	56.12	30.98	78.32	21.26	24.17
11	43.46	27.8	33.42	21.1	28.84	47.38	24.76	48.38	41.01	8.0	20.62	0.0	62.24	49.24	66.03	1.41	54.63	37.95	37.22	58.87	32.65	51.62	48.84	20.62	30.15	5.1	50.93	43.42	45.97	38.01	27.66	22.02	29.15	48.47	59.36	44.38	53.04	48.14	61.4	48.6	61.04	9.85	5.39
12	104.04	70.77	73.05	79.88	90.61	39.2	66.85	60.07	96.6	68.25	80.8	62.24	0.0	107.54	99.13	63.66	67.36	85.62	41.44	26.83	94.02	18.03	81.61	46.14	48.38	66.6	82.39	32.14	75.95	93.94	41.15	79.63	34.41	25.0	121.04	56.0	115.28	73.48	83.32	110.72	9.01	59.64	57.38
13	10.0	65.92	70.61	28.46	34.54	79.25	42.45	65.86	12.21	41.48	28.64	49.24	107.54	0.0	49.37	48.05	66.31	65.0	70.77	95.48	19.42	93.01	45.61	61.4	78.41	44.15	47.3	92.65	83.68	14.14	76.9	48.27	77.49	97.42	21.1	65.46	27.86	87.68	59.91	21.49	104.0	48.33	52.5
14	56.75	92.96	98.6	51.86	72.72	60.67	42.06	39.81	41.11	59.67	54.82	66.03	99.13	49.37	0.0	65.8	34.18	99.16	58.01	76.9	58.6	81.22	18.68	61.68	93.47	62.63	17.26	99.72	111.66	42.15	87.09	80.06	82.28	101.0	70.11	43.29	76.69	114.12	18.79	69.92	92.13	57.8	65.0
15	42.15	27.66	33.3	20.02	27.46	48.51	24.84	49.04	40.0	7.07	19.42	1.41	63.66	48.05	65.8	0.0	55.15	37.34	38.33	60.17	31.3	53.0	48.8	21.84	31.06	4.0	50.91	44.64	46.01	37.0	28.86	21.0	30.53	49.77	57.98	45.12	51.62	48.32	61.58	47.2	62.44	10.44	6.71
16	69.38	81.88	87.32	52.01	74.24	28.16	32.39	8.06	54.42	51.92	55.04	54.63	67.36	66.31	34.18	55.15	0.0	92.48	29.07	43.29	65.38	49.37	22.02	40.36	74.25	53.76	21.21	74.95	98.74	53.45	65.86	75.0	58.6	74.25	86.65	13.04	88.46	99.83	16.27	81.71	59.61	44.78	51.0
17	55.36	14.87	13.45	47.38	30.46	83.22	61.29	86.33	63.51	41.18	44.55	37.95	85.62	65.0	99.16	37.34	92.48	0.0	73.44	91.44	46.07	81.39	84.05	56.44	37.59	38.91	86.27	55.76	21.38	61.03	44.6	19.1	52.63	63.29	62.13	82.28	50.01	26.25	97.92	50.51	87.9	47.76	42.2
18	69.66	60.42	65.25	46.32	64.2	10.2	28.32	21.02	58.9	38.9	48.37	37.22	41.44	70.77	58.01	38.33	29.07	73.44	0.0	24.76	61.59	24.04	40.2	17.03	47.71	39.05	41.05	46.04	74.85	56.64	38.6	59.21	30.41	45.19	87.62	16.16	85.09	75.03	43.6	79.25	35.36	29.12	32.06
19	94.37	77.1	81.0	70.8	87.24	17.0	53.04	37.11	83.55	62.18	72.67	58.87	26.83	95.48	76.9	60.17	43.29	91.44	24.76	0.0	86.02	12.53	61.1	38.48	58.69	61.74	61.35	48.75	87.82	81.34	49.37	80.08	40.2	44.1	112.29	34.18	109.29	86.7	59.56	103.64	17.95	52.35	53.49
20	11.18	46.53	51.2	15.26	15.81	71.2	35.11	62.59	18.44	25.81	13.45	32.65	94.02	19.42	58.6	31.3	65.38	46.07	61.59	86.02	0.0	81.34	48.51	48.8	60.21	27.78	50.64	75.61	64.29	16.64	59.81	28.86	61.77	81.02	27.02	60.73	23.77	68.27	63.76	17.66	91.73	34.66	36.89
21	90.61	66.75	70.26	66.48	80.45	21.21	51.11	42.05	81.54	56.22	67.9	51.62	18.03	93.01	81.22	53.0	49.37	81.39	24.04	12.53	81.34	0.0	63.95	32.56	47.1	55.22	64.63	36.25	76.24	79.06	38.0	71.69	29.07	31.62	108.19	38.01	103.86	74.85	65.29	98.67	11.34	46.75	46.32
22	50.16	76.38	82.04	38.08	60.41	44.27	24.21	24.7	34.37	43.28	41.23	48.84	81.61	45.61	18.68	48.8	22.02	84.05	40.2	61.1	48.51	63.95	0.0	43.01	75.18	46.01	2.24	81.04	94.79	34.06	68.54	65.19	63.6	82.38	66.49	26.93	70.03	96.93	15.25	63.14	75.11	40.0	47.2
23	58.26	43.68	48.7	34.06	48.75	27.02	22.09	32.8	50.57	23.85	35.36	20.62	46.14	61.4	61.68	21.84	40.36	56.44	17.03	38.48	48.8	32.56	43.01	0.0	33.97	23.26	44.6	38.08	59.06	47.85	26.08	42.43	20.62	40.05	75.69	28.02	71.4	59.76	51.5	66.13	43.02	14.21	15.3
24	71.39	23.02	24.7	51.01	50.57	55.46	51.48	66.53	71.03	38.12	50.04	30.15	48.38	78.41	93.47	31.06	74.25	37.59	47.71	58.69	60.21	47.1	75.18	33.97	0.0	35.06	77.03	18.44	29.15	68.03	9.49	36.36	18.68	25.81	85.09	61.62	76.03	28.14	85.19	73.35	51.66	36.06	29.12
25	38.48	30.41	36.07	16.03	25.5	49.24	22.47	48.05	36.0	3.16	15.52	5.1	66.6	44.15	62.63	4.0	53.76	38.91	39.05	61.74	27.78	55.22	46.01	23.26	35.06	0.0	48.17	48.51	49.04	33.0	32.76	21.38	34.0	53.49	54.64	44.41	48.84	51.57	59.25	44.12	64.99	10.05	9.22
26	52.09	78.52	84.17	40.31	62.63	44.64	26.25	24.6	36.22	45.45	43.46	50.93	82.39	47.3	17.26	50.91	21.21	86.27	41.05	61.35	50.64	64.63	2.24	44.6	77.03	48.17	0.0	82.57	96.9	36.01	70.26	67.42	65.15	83.74	68.25	27.2	72.01	98.99	13.15	65.11	75.72	42.01	49.2
27	86.65	41.4	42.54	64.33	67.74	50.91	59.41	66.89	83.86	51.2	64.03	43.42	32.14	92.65	99.72	44.64	74.95	55.76	46.04	48.75	75.61	36.25	81.04	38.08	18.44	48.51	82.57	0.0	43.93	80.89	15.81	54.2	17.46	7.62	101.55	61.91	93.3	41.34	88.33	90.08	37.36	46.04	40.45
28	74.53	18.87	13.42	61.77	49.65	83.49	70.71	91.59	80.23	52.01	59.48	45.97	75.95	83.68	111.66	46.01	98.74	21.38	74.85	87.82	64.29	76.24	94.79	59.06	29.15	49.04	96.9	43.93	0.0	77.47	38.47	35.44	47.68	51.42	83.0	86.95	71.18	4.95	107.14	71.19	80.23	55.23	48.27
29	16.12	58.87	64.08	17.03	31.83	65.12	28.32	52.33	3.0	30.02	18.44	38.01	93.94	14.14	42.15	37.0	53.45	61.03	56.64	81.34	16.64	79.06	34.06	47.85	68.03	33.0	36.01	80.89	77.47	0.0	65.38	42.54	65.0	85.15	33.24	51.62	36.0	80.98	49.1	29.1	90.12	35.44	40.45
30	70.84	29.73	32.56	48.66	52.43	46.07	45.61	58.0	68.36	35.51	48.27	27.66	41.15	76.9	87.09	28.86	65.86	44.6	38.6	49.37	59.81	38.0	68.54	26.08	9.49	32.76	70.26	15.81	38.47	65.38	0.0	39.6	9.22	21.63	85.87	53.04	77.94	37.62	77.58	74.49	43.41	31.14	25.02
31	39.32	18.0	22.36	28.28	15.13	69.35	43.08	69.43	45.18	23.09	25.5	22.02	79.63	48.27	80.06	21.0	75.0	19.1	59.21	80.08	28.86	71.69	65.19	42.43	36.36	21.38	67.42	54.2	35.44	42.54	39.6	0.0	45.22	60.96	50.01	65.76	39.92	39.42	79.34	38.03	80.01	31.14	27.17
32	72.45	37.85	41.19	49.04	56.59	37.22	42.11	50.61	67.91	36.25	49.24	29.15	34.41	77.49	82.28	30.53	58.6	52.63	30.41	40.2	61.77	29.07	63.6	20.62	18.68	34.0	65.15	17.46	47.68	65.0	9.22	45.22	0.0	20.22	88.51	45.61	81.69	46.82	71.31	77.61	35.41	29.61	25.08
33	91.92	48.83	50.12	68.96	74.06	48.6	62.0	66.21	88.07	55.97	68.95	48.47	25.0	97.42	101.0	49.77	74.25	63.29	45.19	44.1	81.02	31.62	82.38	40.05	25.81	53.49	83.74	7.62	51.42	85.15	21.63	60.96	20.22	0.0	107.35	61.33	99.57	48.67	88.44	96.07	31.0	49.82	44.92
34	18.03	67.74	71.25	41.73	34.93	96.83	59.91	85.49	32.28	52.8	40.36	59.36	121.04	21.1	70.11	57.98	86.65	62.13	87.62	112.29	27.02	108.19	66.49	75.69	85.09	54.64	68.25	101.55	83.0	33.24	85.87	50.01	88.51	107.35	0.0	84.53	13.0	87.6	80.97	11.99	118.68	61.62	63.82
35	66.64	70.77	76.06	46.1	67.19	17.46	25.71	5.0	53.25	43.1	48.84	44.38	56.0	65.46	43.29	45.12	13.04	82.28	16.16	34.18	60.73	38.01	26.93	28.02	61.62	44.41	27.2	61.91	86.95	51.62	53.04	65.76	45.61	61.33	84.53	0.0	84.43	87.77	27.63	77.98	48.84	34.71	40.16
36	20.1	57.01	60.02	38.91	25.55	94.83	58.87	86.13	36.12	47.63	36.72	53.04	115.28	27.86	76.69	51.62	88.46	50.01	85.09	109.29	23.77	103.86	70.03	71.4	76.03	48.84	72.01	93.3	71.18	36.0	77.94	39.92	81.69	99.57	13.0	84.43	0.0	75.89	85.1	6.9	113.81	57.2	58.0
37	78.67	22.11	17.07	64.97	53.92	83.32	72.75	92.5	83.79	54.62	62.81	48.14	73.48	87.68	114.12	48.32	99.83	26.25	75.03	86.7	68.27	74.85	96.93	59.76	28.14	51.57	98.99	41.34	4.95	80.98	37.62	39.42	46.82	48.67	87.6	87.77	75.89	0.0	108.86	75.74	78.2	57.07	49.98
38	65.13	89.2	94.82	52.96	75.43	44.17	36.79	23.26	49.18	56.77	56.12	61.4	83.32	59.91	18.79	61.58	16.27	97.92	43.6	59.56	63.76	65.29	15.25	51.5	85.19	59.25	13.15	88.33	107.14	49.1	77.58	79.34	71.31	88.44	80.97	27.63	85.1	108.86	0.0	78.2	75.74	51.92	58.91
39	13.23	55.75	59.3	32.93	22.98	88.85	52.55	79.55	29.24	42.61	30.98	48.6	110.72	21.49	69.92	47.2	81.71	50.51	79.25	103.64	17.66	98.67	63.14	66.13	73.35	44.12	65.11	90.08	71.19	29.1	74.49	38.03	77.61	96.07	11.99	77.98	6.9	75.74	78.2	0.0	108.86	51.92	53.34
40	101.27	73.06	75.93	77.08	89.83	31.59	62.33	52.62	92.65	66.26	78.32	61.04	9.01	104.0	92.13	62.44	59.61	87.9	35.36	17.95	91.73	11.34	75.11	43.02	51.66	64.99	75.72	37.36	80.23	90.12	43.41	80.01	35.41	31.0	118.68	48.84	113.81	78.2	75.74	108.86	0.0	57.07	55.89
41	44.41	37.44	43.01	20.25	35.11	39.29	15.81	38.6	38.33	9.85	21.26	9.85	59.64	48.33	57.8	10.44	44.78	47.76	29.12	52.35	34.66	46.75	40.0	14.21	36.06	10.05	42.01	46.04	55.23	35.44	31.14	31.14	29.61	49.82	61.62	34.71	57.2	57.07	51.92	51.92	57.07	0.0	7.21
42	47.41	30.89	36.36	24.04	34.13	42.19	23.02	44.38	43.42	11.18	24.17	5.39	57.38	52.5	65.0	6.71	51.0	42.2	32.06	53.49	36.89	46.32	47.2	15.3	29.12	9.22	49.2	40.45	48.27	40.45	25.02	27.17	25.08	44.92	63.82	40.16	58.0	49.98	58.91	53.34	55.89	7.21	0.0
;
