vehicles
vehicle_idx, capacity, cost_per_unit_distance
1,100,1
2,100,1
3,100,1
4,100,1
5,100,1
depot
node_idx,x,y
0,15,19
home delivery customers
node_idx,x,y,service_time,demand
1,1,49,10,1
2,87,25,10,14
3,29,9,10,22
4,23,13,10,23
5,19,47,10,12
6,69,1,10,9
7,19,91,10,4
8,79,47,10,6
9,19,65,10,13
10,59,51,10,15
11,21,91,10,11
12,15,83,10,12
13,71,41,10,23
self pickup customers
node_idx,x,y,service_time,demand,locker_idxs
14,93,91,10,11,40
15,57,63,10,21,45
16,65,43,10,14,43-42-46
17,3,25,10,10,37
18,21,81,10,19,39
19,41,23,10,20,37
20,15,79,10,11,39
21,27,49,10,19,44-46
22,29,17,10,13,37
23,25,65,10,8,44-45
24,91,21,10,11,38-41
flexible customers
node_idx,x,y,service_time,demand,locker_idxs
25,69,65,10,15,43-36-40
26,33,31,10,18,44-46-37
27,71,61,10,2,43
28,93,7,10,7,38-41
29,55,47,10,18,44-45-46-43-42
30,5,95,10,2,39
31,67,91,10,2,36-40
32,19,75,10,15,46-39
33,27,95,10,18,39
34,61,83,10,21,43-36-40
35,31,87,10,2,39
lockers
node_idx,x,y,service_time,capacity,cost_per_unit_good
36,65,88,10,92
37,25,15,10,85
38,93,12,10,70
39,22,88,10,70
40,77,88,10,98
41,72,14,10,92
42,49,45,10,85
43,51,60,10,100
44,30,47,10,76
45,44,63,10,98
46,41,35,10,83
mrt lines
start_node_idx,end_node_idx,freight_capacity,cost_per_unit_good
distance matrix
,0,1,2,3,4,5,6,7,8,9,10,11,12,13,14,15,16,17,18,19,20,21,22,23,24,25,26,27,28,29,30,31,32,33,34,35,36,37,38,39,40,41,42,43,44,45,46,
0,0.0,33.11,72.25,17.2,10.0,28.28,56.92,72.11,69.86,46.17,54.41,72.25,64.0,60.17,106.15,60.83,55.46,13.42,62.29,26.31,60.0,32.31,14.14,47.07,76.03,70.94,21.63,70.0,78.92,48.83,76.66,88.81,56.14,76.94,78.82,69.86,85.21,10.77,78.31,69.35,92.76,57.22,42.8,54.56,31.76,52.7,30.53
1,33.11,0.0,89.29,48.83,42.19,18.11,83.23,45.69,78.03,24.08,58.03,46.52,36.77,70.46,101.13,57.72,64.28,24.08,37.74,47.71,33.11,26.0,42.52,28.84,94.25,69.86,36.72,71.02,101.13,54.04,46.17,78.23,31.62,52.84,68.96,48.41,74.95,41.62,99.16,44.29,85.42,79.16,48.17,51.2,29.07,45.22,42.38
2,72.25,89.29,0.0,60.17,65.12,71.47,30.0,94.76,23.41,78.89,38.21,93.34,92.46,22.63,66.27,48.41,28.43,84.0,86.56,46.04,90.0,64.62,58.55,73.78,5.66,43.86,54.33,39.4,18.97,38.83,107.81,68.96,84.4,92.2,63.56,83.55,66.73,62.8,14.32,90.52,63.79,18.6,42.94,50.21,61.1,57.38,47.07
3,17.2,48.83,60.17,0.0,7.21,39.29,40.79,82.61,62.8,56.89,51.61,82.39,75.31,52.8,104.02,60.83,49.52,30.53,72.44,18.44,71.39,40.05,8.0,56.14,63.15,68.82,22.36,66.84,64.03,46.04,89.29,90.38,66.75,86.02,80.62,78.03,86.82,7.21,64.07,79.31,92.44,43.29,41.18,55.54,38.01,56.04,28.64
4,10.0,42.19,65.12,7.21,0.0,34.23,47.54,78.1,65.51,52.15,52.35,78.03,70.46,55.57,104.8,60.46,51.61,23.32,68.03,20.59,66.48,36.22,7.21,52.04,68.47,69.43,20.59,67.88,70.26,46.69,83.95,89.55,62.13,82.1,79.65,74.43,85.96,2.83,70.01,75.01,92.42,49.01,41.23,54.71,34.71,54.23,28.43
5,28.28,18.11,71.47,39.29,34.23,0.0,67.94,44.0,60.0,18.0,40.2,44.05,36.22,52.35,86.09,41.23,46.17,27.2,34.06,32.56,32.25,8.25,31.62,18.97,76.55,53.14,21.26,53.85,84.12,36.0,50.0,65.12,28.0,48.66,55.32,41.76,61.62,32.56,81.86,41.11,71.03,62.43,30.07,34.54,11.0,29.68,25.06
6,56.92,83.23,30.0,40.79,47.54,67.94,0.0,102.96,47.07,81.22,50.99,102.0,98.18,40.05,93.15,63.15,42.19,70.23,93.3,35.61,94.87,63.78,43.08,77.67,29.73,64.0,46.86,60.03,24.74,48.08,113.72,90.02,89.31,102.96,82.39,94.02,87.09,46.17,26.4,98.88,87.37,13.34,48.33,61.68,60.31,66.85,44.05
7,72.11,45.69,94.76,82.61,78.1,44.0,102.96,0.0,74.4,26.0,56.57,2.0,8.94,72.14,74.0,47.2,66.48,67.91,10.2,71.47,12.65,42.76,74.67,26.68,100.42,56.36,61.61,60.03,111.95,56.85,14.56,48.0,16.0,8.94,42.76,12.65,46.1,76.24,108.25,4.24,58.08,93.48,54.92,44.55,45.35,37.54,60.17
8,69.86,78.03,23.41,62.8,65.51,60.0,47.07,74.4,0.0,62.64,20.4,72.8,73.43,10.0,46.17,27.2,14.56,79.12,67.23,44.94,71.55,52.04,58.31,56.92,28.64,20.59,48.7,16.12,42.38,24.0,88.2,45.61,66.21,70.77,40.25,62.48,43.32,62.77,37.7,70.21,41.05,33.73,30.07,30.87,49.0,38.48,39.85
9,46.17,24.08,78.89,56.89,52.15,18.0,81.22,26.0,62.64,0.0,42.38,26.08,18.44,57.27,78.43,38.05,50.99,43.08,16.12,47.41,14.56,17.89,49.03,6.0,84.38,50.0,36.77,52.15,94.02,40.25,33.11,54.59,10.0,31.05,45.69,25.06,51.43,50.36,91.02,23.19,62.39,73.55,36.06,32.39,21.1,25.08,37.2
10,54.41,58.03,38.21,51.61,52.35,40.2,50.99,56.57,20.4,42.38,0.0,55.17,54.41,15.62,52.5,12.17,10.0,61.74,48.41,33.29,52.15,32.06,45.34,36.77,43.86,17.2,32.8,15.62,55.61,5.66,69.66,40.79,46.65,54.41,32.06,45.61,37.48,49.52,51.74,52.33,41.15,39.22,11.66,12.04,29.27,19.21,24.08
11,72.25,46.52,93.34,82.39,78.03,44.05,102.0,2.0,72.8,26.08,55.17,0.0,10.0,70.71,72.0,45.61,65.12,68.41,10.0,70.88,13.42,42.43,74.43,26.31,98.99,54.59,61.19,58.31,110.63,55.61,16.49,46.0,16.12,7.21,40.79,10.77,44.1,76.11,106.89,3.16,56.08,92.36,53.85,43.14,44.91,36.24,59.46
12,64.0,36.77,92.46,75.31,70.46,36.22,98.18,8.94,73.43,18.44,54.41,10.0,0.0,70.0,78.41,46.52,64.03,59.23,6.32,65.39,4.0,36.06,67.47,20.59,98.08,56.92,55.03,60.17,108.9,53.81,15.62,52.61,8.94,16.97,46.0,16.49,50.25,68.73,105.48,8.6,62.2,89.5,50.99,42.72,39.0,35.23,54.59
13,60.17,70.46,22.63,52.8,55.57,52.35,40.05,72.14,10.0,57.27,15.62,70.71,70.0,0.0,54.63,26.08,6.32,69.86,64.03,34.99,67.68,44.72,48.37,51.88,28.28,24.08,39.29,20.0,40.5,17.09,85.28,50.16,62.13,69.66,43.17,60.96,47.38,52.84,36.4,67.9,47.38,27.02,22.36,27.59,41.44,34.83,30.59
14,106.15,101.13,66.27,104.02,104.8,86.09,93.15,74.0,46.17,78.43,52.5,72.0,78.41,54.63,0.0,45.61,55.57,111.61,72.69,85.6,78.92,78.23,97.84,72.8,70.03,35.38,84.85,37.2,84.0,58.14,88.09,26.0,75.71,66.12,32.98,62.13,28.16,101.98,79.0,71.06,16.28,79.81,63.66,52.2,76.84,56.44,76.42
15,60.83,57.72,48.41,60.83,60.46,41.23,63.15,47.2,27.2,38.05,12.17,45.61,46.52,26.08,45.61,0.0,21.54,66.03,40.25,43.08,44.94,33.11,53.85,32.06,54.04,12.17,40.0,14.14,66.57,16.12,61.06,29.73,39.85,43.86,20.4,35.38,26.25,57.69,62.43,43.01,32.02,51.24,19.7,6.71,31.38,13.0,32.25
16,55.46,64.28,28.43,49.52,51.61,46.17,42.19,66.48,14.56,50.99,10.0,65.12,64.03,6.32,55.57,21.54,0.0,64.56,58.14,31.24,61.61,38.47,44.41,45.65,34.06,22.36,34.18,18.97,45.61,10.77,79.4,48.04,56.04,64.4,40.2,55.61,45.0,48.83,41.77,62.24,46.57,29.83,16.12,22.02,35.23,29.0,25.3
17,13.42,24.08,84.0,30.53,23.32,27.2,70.23,67.91,79.12,43.08,61.74,68.41,59.23,69.86,111.61,66.03,64.56,0.0,58.82,38.05,55.32,33.94,27.2,45.65,88.09,77.18,30.59,76.94,91.78,56.46,70.03,91.93,52.5,74.0,82.02,68.03,88.39,24.17,90.93,65.8,97.19,69.87,50.16,59.41,34.83,55.9,39.29
18,62.29,37.74,86.56,72.44,68.03,34.06,93.3,10.2,67.23,16.12,48.41,10.0,6.32,64.03,72.69,40.25,58.14,58.82,0.0,61.35,6.32,32.56,64.5,16.49,92.2,50.6,51.42,53.85,103.25,48.08,21.26,47.07,6.32,15.23,40.05,11.66,44.55,66.12,99.72,7.07,56.44,84.2,45.61,36.62,35.17,29.21,50.16
19,26.31,47.71,46.04,18.44,20.59,32.56,35.61,71.47,44.94,47.41,33.29,70.88,65.39,34.99,85.6,43.08,31.24,38.05,61.35,0.0,61.74,29.53,13.42,44.94,50.04,50.48,11.31,48.41,54.41,27.78,80.5,72.8,56.46,73.35,63.25,64.78,69.29,17.89,53.15,67.72,74.3,32.28,23.41,38.33,26.4,40.11,12.0
20,60.0,33.11,90.0,71.39,66.48,32.25,94.87,12.65,71.55,14.56,52.15,13.42,4.0,67.68,78.92,44.94,61.61,55.32,6.32,61.74,0.0,32.31,63.56,17.2,95.6,55.79,51.26,58.82,106.15,51.22,18.87,53.37,5.66,20.0,46.17,17.89,50.8,64.78,102.83,11.4,62.65,86.45,48.08,40.71,35.34,33.12,51.11
21,32.31,26.0,64.62,40.05,36.22,8.25,63.78,42.76,52.04,17.89,32.06,42.43,36.06,44.72,78.23,33.11,38.47,33.94,32.56,29.53,32.31,0.0,32.06,16.12,69.86,44.94,18.97,45.61,78.23,28.07,50.99,58.0,27.2,46.0,48.08,38.21,54.45,34.06,75.66,39.32,63.41,57.01,22.36,26.4,3.61,22.02,19.8
22,14.14,42.52,58.55,8.0,7.21,31.62,43.08,74.67,58.31,49.03,45.34,74.43,67.47,48.37,97.84,53.85,44.41,27.2,64.5,13.42,63.56,32.06,0.0,48.17,62.13,62.48,14.56,60.83,64.78,39.7,81.61,83.19,58.86,78.03,73.35,70.03,79.61,4.47,64.2,71.34,85.7,43.1,34.41,48.3,30.02,48.38,21.63
23,47.07,28.84,73.78,56.14,52.04,18.97,77.67,26.68,56.92,6.0,36.77,26.31,20.59,51.88,72.8,32.06,45.65,45.65,16.49,44.94,17.2,16.12,48.17,0.0,79.32,44.0,34.93,46.17,89.38,34.99,36.06,49.4,11.66,30.07,40.25,22.8,46.14,50.0,86.21,23.19,56.86,69.35,31.24,26.48,18.68,19.1,34.0
24,76.03,94.25,5.66,63.15,68.47,76.55,29.73,100.42,28.64,84.38,43.86,98.99,98.08,28.28,70.03,54.04,34.06,88.09,92.2,50.04,95.6,69.86,62.13,79.32,0.0,49.19,58.86,44.72,14.14,44.41,113.45,74.0,90.0,97.84,68.88,89.2,71.87,66.27,9.22,96.18,68.45,20.25,48.37,55.87,66.31,63.03,51.92
25,70.94,69.86,43.86,68.82,69.43,53.14,64.0,56.36,20.59,50.0,17.2,54.59,56.92,24.08,35.38,12.17,22.36,77.18,50.6,50.48,55.79,44.94,62.48,44.0,49.19,0.0,49.52,4.47,62.77,22.8,70.68,26.08,50.99,51.61,19.7,43.91,23.35,66.6,58.18,52.33,24.35,51.09,28.28,18.68,42.95,25.08,41.04
26,21.63,36.72,54.33,22.36,20.59,21.26,46.86,61.61,48.7,36.77,32.8,61.19,55.03,39.29,84.85,40.0,34.18,30.59,51.42,11.31,51.26,18.97,14.56,34.93,58.86,49.52,0.0,48.41,64.62,27.2,69.86,68.96,46.17,64.28,59.06,56.04,65.37,17.89,62.94,58.05,72.01,42.54,21.26,34.13,16.28,33.84,8.94
27,70.0,71.02,39.4,66.84,67.88,53.85,60.03,60.03,16.12,52.15,15.62,58.31,60.17,20.0,37.2,14.14,18.97,76.94,53.85,48.41,58.82,45.61,60.83,46.17,44.72,4.47,48.41,0.0,58.31,21.26,74.24,30.27,53.85,55.61,24.17,47.71,27.66,65.05,53.71,55.95,27.66,47.01,27.2,20.02,43.32,27.07,39.7
28,78.92,101.13,18.97,64.03,70.26,84.12,24.74,111.95,42.38,94.02,55.61,110.63,108.9,40.5,84.0,66.57,45.61,91.78,103.25,54.41,106.15,78.23,64.78,89.38,14.14,62.77,64.62,58.31,0.0,55.17,124.45,87.93,100.5,110.0,82.46,101.21,85.7,68.47,5.0,107.71,82.57,22.14,58.14,67.62,74.63,74.41,59.06
29,48.83,54.04,38.83,46.04,46.69,36.0,48.08,56.85,24.0,40.25,5.66,55.61,53.81,17.09,58.14,16.12,10.77,56.46,48.08,27.78,51.22,28.07,39.7,34.99,44.41,22.8,27.2,21.26,55.17,0.0,69.31,45.61,45.61,55.57,36.5,46.65,42.2,43.86,51.66,52.63,46.53,37.12,6.32,13.6,25.0,19.42,18.44
30,76.66,46.17,107.81,89.29,83.95,50.0,113.72,14.56,88.2,33.11,69.66,16.49,15.62,85.28,88.09,61.06,79.4,70.03,21.26,80.5,18.87,50.99,81.61,36.06,113.45,70.68,69.86,74.24,124.45,69.31,0.0,62.13,24.41,22.0,57.27,27.2,60.41,82.46,120.97,18.38,72.34,105.12,66.6,57.8,54.12,50.45,69.97
31,88.81,78.23,68.96,90.38,89.55,65.12,90.02,48.0,45.61,54.59,40.79,46.0,52.61,50.16,26.0,29.73,48.04,91.93,47.07,72.8,53.37,58.0,83.19,49.4,74.0,26.08,68.96,30.27,87.93,45.61,62.13,0.0,50.6,40.2,10.0,36.22,3.61,86.83,83.17,45.1,10.44,77.16,49.4,34.89,57.49,36.24,61.74
32,56.14,31.62,84.4,66.75,62.13,28.0,89.31,16.0,66.21,10.0,46.65,16.12,8.94,62.13,75.71,39.85,56.04,52.5,6.32,56.46,5.66,27.2,58.86,11.66,90.0,50.99,46.17,53.85,100.5,45.61,24.41,50.6,0.0,21.54,42.76,16.97,47.8,60.3,97.19,13.34,59.44,80.81,42.43,35.34,30.08,27.73,45.65
33,76.94,52.84,92.2,86.02,82.1,48.66,102.96,8.94,70.77,31.05,54.41,7.21,16.97,69.66,66.12,43.86,64.4,74.0,15.23,73.35,20.0,46.0,78.03,30.07,97.84,51.61,64.28,55.61,110.0,55.57,22.0,40.2,21.54,0.0,36.06,8.94,38.64,80.02,106.04,8.6,50.49,92.66,54.63,42.44,48.09,36.24,61.61
34,78.82,68.96,63.56,80.62,79.65,55.32,82.39,42.76,40.25,45.69,32.06,40.79,46.0,43.17,32.98,20.4,40.2,82.02,40.05,63.25,46.17,48.08,73.35,40.25,68.88,19.7,59.06,24.17,82.46,36.5,57.27,10.0,42.76,36.06,0.0,30.27,6.4,76.94,77.88,39.32,16.76,69.87,39.85,25.08,47.51,26.25,52.0
35,69.86,48.41,83.55,78.03,74.43,41.76,94.02,12.65,62.48,25.06,45.61,10.77,16.49,60.96,62.13,35.38,55.61,68.03,11.66,64.78,17.89,38.21,70.03,22.8,89.2,43.91,56.04,47.71,101.21,46.65,27.2,36.22,16.97,8.94,30.27,0.0,34.01,72.25,97.31,9.06,46.01,83.73,45.69,33.6,40.01,27.29,52.95
36,85.21,74.95,66.73,86.82,85.96,61.62,87.09,46.1,43.32,51.43,37.48,44.1,50.25,47.38,28.16,26.25,45.0,88.39,44.55,69.29,50.8,54.45,79.61,46.14,71.87,23.35,65.37,27.66,85.7,42.2,60.41,3.61,47.8,38.64,6.4,34.01,0.0,83.24,80.99,43.0,12.0,74.33,45.88,31.3,53.91,32.65,58.18
37,10.77,41.62,62.8,7.21,2.83,32.56,46.17,76.24,62.77,50.36,49.52,76.11,68.73,52.84,101.98,57.69,48.83,24.17,66.12,17.89,64.78,34.06,4.47,50.0,66.27,66.6,17.89,65.05,68.47,43.86,82.46,86.83,60.3,80.02,76.94,72.25,83.24,0.0,68.07,73.06,89.63,47.01,38.42,51.97,32.39,51.62,25.61
38,78.31,99.16,14.32,64.07,70.01,81.86,26.4,108.25,37.7,91.02,51.74,106.89,105.48,36.4,79.0,62.43,41.77,90.93,99.72,53.15,102.83,75.66,64.2,86.21,9.22,58.18,62.94,53.71,5.0,51.66,120.97,83.17,97.19,106.04,77.88,97.31,80.99,68.07,0.0,104.0,77.67,21.1,55.0,63.78,72.07,70.72,56.86
39,69.35,44.29,90.52,79.31,75.01,41.11,98.88,4.24,70.21,23.19,52.33,3.16,8.6,67.9,71.06,43.01,62.24,65.8,7.07,67.72,11.4,39.32,71.34,23.19,96.18,52.33,58.05,55.95,107.71,52.63,18.38,45.1,13.34,8.6,39.32,9.06,43.0,73.06,104.0,0.0,55.0,89.31,50.77,40.31,41.77,33.3,56.3
40,92.76,85.42,63.79,92.44,92.42,71.03,87.37,58.08,41.05,62.39,41.15,56.08,62.2,47.38,16.28,32.02,46.57,97.19,56.44,74.3,62.65,63.41,85.7,56.86,68.45,24.35,72.01,27.66,82.57,46.53,72.34,10.44,59.44,50.49,16.76,46.01,12.0,89.63,77.67,55.0,0.0,74.17,51.31,38.21,62.37,41.4,64.07
41,57.22,79.16,18.6,43.29,49.01,62.43,13.34,93.48,33.73,73.55,39.22,92.36,89.5,27.02,79.81,51.24,29.83,69.87,84.2,32.28,86.45,57.01,43.1,69.35,20.25,51.09,42.54,47.01,22.14,37.12,105.12,77.16,80.81,92.66,69.87,83.73,74.33,47.01,21.1,89.31,74.17,0.0,38.6,50.57,53.41,56.44,37.44
42,42.8,48.17,42.94,41.18,41.23,30.07,48.33,54.92,30.07,36.06,11.66,53.85,50.99,22.36,63.66,19.7,16.12,50.16,45.61,23.41,48.08,22.36,34.41,31.24,48.37,28.28,21.26,27.2,58.14,6.32,66.6,49.4,42.43,54.63,39.85,45.69,45.88,38.42,55.0,50.77,51.31,38.6,0.0,15.13,19.1,18.68,12.81
43,54.56,51.2,50.21,55.54,54.71,34.54,61.68,44.55,30.87,32.39,12.04,43.14,42.72,27.59,52.2,6.71,22.02,59.41,36.62,38.33,40.71,26.4,48.3,26.48,55.87,18.68,34.13,20.02,67.62,13.6,57.8,34.89,35.34,42.44,25.08,33.6,31.3,51.97,63.78,40.31,38.21,50.57,15.13,0.0,24.7,7.62,26.93
44,31.76,29.07,61.1,38.01,34.71,11.0,60.31,45.35,49.0,21.1,29.27,44.91,39.0,41.44,76.84,31.38,35.23,34.83,35.17,26.4,35.34,3.61,30.02,18.68,66.31,42.95,16.28,43.32,74.63,25.0,54.12,57.49,30.08,48.09,47.51,40.01,53.91,32.39,72.07,41.77,62.37,53.41,19.1,24.7,0.0,21.26,16.28
45,52.7,45.22,57.38,56.04,54.23,29.68,66.85,37.54,38.48,25.08,19.21,36.24,35.23,34.83,56.44,13.0,29.0,55.9,29.21,40.11,33.12,22.02,48.38,19.1,63.03,25.08,33.84,27.07,74.41,19.42,50.45,36.24,27.73,36.24,26.25,27.29,32.65,51.62,70.72,33.3,41.4,56.44,18.68,7.62,21.26,0.0,28.16
46,30.53,42.38,47.07,28.64,28.43,25.06,44.05,60.17,39.85,37.2,24.08,59.46,54.59,30.59,76.42,32.25,25.3,39.29,50.16,12.0,51.11,19.8,21.63,34.0,51.92,41.04,8.94,39.7,59.06,18.44,69.97,61.74,45.65,61.61,52.0,52.95,58.18,25.61,56.86,56.3,64.07,37.44,12.81,26.93,16.28,28.16,0.0
