set K:= 1	2	3	4	5;
set C_H:= 1	2	3	4	5	6	7	8	9	10	11	12	13	14;
set C_S:= 15	16	17	18	19	20	21	22	23	24	25	26;
set C_F:= 27	28	29	30	31	32	33	34	35	36	37	38;
set M:= 39	40	41	42;
set L_B:= 43	44	45	46	47	48	49;
set A1:=
(0,*) 1 2 3 4 5 6 7 8 9 10 11 12 13 14 27 28 29 30 31 32 33 34 35 36 37 38 39 40 41 42 43 44 45 46 47 48 49
(1,*) 0 2 3 4 5 6 7 8 9 10 11 12 13 14 27 28 29 30 31 32 33 34 35 36 37 38 39 40 41 42 43 44 45 46 47 48 49
(2,*) 0 1 3 4 5 6 7 8 9 10 11 12 13 14 27 28 29 30 31 32 33 34 35 36 37 38 39 40 41 42 43 44 45 46 47 48 49
(3,*) 0 1 2 4 5 6 7 8 9 10 11 12 13 14 27 28 29 30 31 32 33 34 35 36 37 38 39 40 41 42 43 44 45 46 47 48 49
(4,*) 0 1 2 3 5 6 7 8 9 10 11 12 13 14 27 28 29 30 31 32 33 34 35 36 37 38 39 40 41 42 43 44 45 46 47 48 49
(5,*) 0 1 2 3 4 6 7 8 9 10 11 12 13 14 27 28 29 30 31 32 33 34 35 36 37 38 39 40 41 42 43 44 45 46 47 48 49
(6,*) 0 1 2 3 4 5 7 8 9 10 11 12 13 14 27 28 29 30 31 32 33 34 35 36 37 38 39 40 41 42 43 44 45 46 47 48 49
(7,*) 0 1 2 3 4 5 6 8 9 10 11 12 13 14 27 28 29 30 31 32 33 34 35 36 37 38 39 40 41 42 43 44 45 46 47 48 49
(8,*) 0 1 2 3 4 5 6 7 9 10 11 12 13 14 27 28 29 30 31 32 33 34 35 36 37 38 39 40 41 42 43 44 45 46 47 48 49
(9,*) 0 1 2 3 4 5 6 7 8 10 11 12 13 14 27 28 29 30 31 32 33 34 35 36 37 38 39 40 41 42 43 44 45 46 47 48 49
(10,*) 0 1 2 3 4 5 6 7 8 9 11 12 13 14 27 28 29 30 31 32 33 34 35 36 37 38 39 40 41 42 43 44 45 46 47 48 49
(11,*) 0 1 2 3 4 5 6 7 8 9 10 12 13 14 27 28 29 30 31 32 33 34 35 36 37 38 39 40 41 42 43 44 45 46 47 48 49
(12,*) 0 1 2 3 4 5 6 7 8 9 10 11 13 14 27 28 29 30 31 32 33 34 35 36 37 38 39 40 41 42 43 44 45 46 47 48 49
(13,*) 0 1 2 3 4 5 6 7 8 9 10 11 12 14 27 28 29 30 31 32 33 34 35 36 37 38 39 40 41 42 43 44 45 46 47 48 49
(14,*) 0 1 2 3 4 5 6 7 8 9 10 11 12 13 27 28 29 30 31 32 33 34 35 36 37 38 39 40 41 42 43 44 45 46 47 48 49
(27,*) 0 1 2 3 4 5 6 7 8 9 10 11 12 13 14 28 29 30 31 32 33 34 35 36 37 38 39 40 41 42 43 44 45 46 47 48 49
(28,*) 0 1 2 3 4 5 6 7 8 9 10 11 12 13 14 27 29 30 31 32 33 34 35 36 37 38 39 40 41 42 43 44 45 46 47 48 49
(29,*) 0 1 2 3 4 5 6 7 8 9 10 11 12 13 14 27 28 30 31 32 33 34 35 36 37 38 39 40 41 42 43 44 45 46 47 48 49
(30,*) 0 1 2 3 4 5 6 7 8 9 10 11 12 13 14 27 28 29 31 32 33 34 35 36 37 38 39 40 41 42 43 44 45 46 47 48 49
(31,*) 0 1 2 3 4 5 6 7 8 9 10 11 12 13 14 27 28 29 30 32 33 34 35 36 37 38 39 40 41 42 43 44 45 46 47 48 49
(32,*) 0 1 2 3 4 5 6 7 8 9 10 11 12 13 14 27 28 29 30 31 33 34 35 36 37 38 39 40 41 42 43 44 45 46 47 48 49
(33,*) 0 1 2 3 4 5 6 7 8 9 10 11 12 13 14 27 28 29 30 31 32 34 35 36 37 38 39 40 41 42 43 44 45 46 47 48 49
(34,*) 0 1 2 3 4 5 6 7 8 9 10 11 12 13 14 27 28 29 30 31 32 33 35 36 37 38 39 40 41 42 43 44 45 46 47 48 49
(35,*) 0 1 2 3 4 5 6 7 8 9 10 11 12 13 14 27 28 29 30 31 32 33 34 36 37 38 39 40 41 42 43 44 45 46 47 48 49
(36,*) 0 1 2 3 4 5 6 7 8 9 10 11 12 13 14 27 28 29 30 31 32 33 34 35 37 38 39 40 41 42 43 44 45 46 47 48 49
(37,*) 0 1 2 3 4 5 6 7 8 9 10 11 12 13 14 27 28 29 30 31 32 33 34 35 36 38 39 40 41 42 43 44 45 46 47 48 49
(38,*) 0 1 2 3 4 5 6 7 8 9 10 11 12 13 14 27 28 29 30 31 32 33 34 35 36 37 39 40 41 42 43 44 45 46 47 48 49
(39,*) 0 1 2 3 4 5 6 7 8 9 10 11 12 13 14 27 28 29 30 31 32 33 34 35 36 37 38 40 41 42 43 44 45 46 47 48 49
(40,*) 0 1 2 3 4 5 6 7 8 9 10 11 12 13 14 27 28 29 30 31 32 33 34 35 36 37 38 39 41 42 43 44 45 46 47 48 49
(41,*) 0 1 2 3 4 5 6 7 8 9 10 11 12 13 14 27 28 29 30 31 32 33 34 35 36 37 38 39 40 42 43 44 45 46 47 48 49
(42,*) 0 1 2 3 4 5 6 7 8 9 10 11 12 13 14 27 28 29 30 31 32 33 34 35 36 37 38 39 40 41 43 44 45 46 47 48 49
(43,*) 0 1 2 3 4 5 6 7 8 9 10 11 12 13 14 27 28 29 30 31 32 33 34 35 36 37 38 39 40 41 42 44 45 46 47 48 49
(44,*) 0 1 2 3 4 5 6 7 8 9 10 11 12 13 14 27 28 29 30 31 32 33 34 35 36 37 38 39 40 41 42 43 45 46 47 48 49
(45,*) 0 1 2 3 4 5 6 7 8 9 10 11 12 13 14 27 28 29 30 31 32 33 34 35 36 37 38 39 40 41 42 43 44 46 47 48 49
(46,*) 0 1 2 3 4 5 6 7 8 9 10 11 12 13 14 27 28 29 30 31 32 33 34 35 36 37 38 39 40 41 42 43 44 45 47 48 49
(47,*) 0 1 2 3 4 5 6 7 8 9 10 11 12 13 14 27 28 29 30 31 32 33 34 35 36 37 38 39 40 41 42 43 44 45 46 48 49
(48,*) 0 1 2 3 4 5 6 7 8 9 10 11 12 13 14 27 28 29 30 31 32 33 34 35 36 37 38 39 40 41 42 43 44 45 46 47 49
(49,*) 0 1 2 3 4 5 6 7 8 9 10 11 12 13 14 27 28 29 30 31 32 33 34 35 36 37 38 39 40 41 42 43 44 45 46 47 48
;
set A2:=
(39,*) 40
(40,*) 39
(41,*) 42
(42,*) 41
;
param BigM:=99999;
param n:= 5;
param d:=
1	24
2	24
3	6
4	13
5	3
6	3
7	20
8	16
9	12
10	20
11	1
12	6
13	4
14	7
15	3
16	20
17	26
18	15
19	3
20	20
21	9
22	21
23	3
24	14
25	2
26	7
27	5
28	23
29	16
30	6
31	5
32	22
33	10
34	24
35	6
36	13
37	24
38	19
;
param Q:=100;
param w:=
[39,*] 40 0.5
[40,*] 39 0.5
[41,*] 42 0.5
[42,*] 41 0.5
;
param V:=
[39,*] 40 94
[40,*] 39 94
[41,*] 42 98
[42,*] 41 98
;
param e:
	39	40	41	42	43	44	45	46	47	48	49:=
15	0	0	0	1	0	0	0	0	0	0	0	
16	0	0	1	0	0	0	0	0	0	0	0	
17	0	0	0	1	0	0	0	0	0	0	0	
18	0	1	0	0	0	0	0	0	0	0	0	
19	0	0	1	0	0	0	0	0	0	0	0	
20	0	1	0	0	0	0	0	0	0	0	0	
21	0	0	1	0	0	0	0	0	0	0	0	
22	0	1	0	0	0	0	0	0	0	0	0	
23	0	0	0	0	1	0	0	0	0	0	0	
24	0	1	0	0	0	0	0	0	0	0	0	
25	0	1	0	0	0	0	0	0	0	0	0	
26	0	0	0	0	1	0	0	0	0	0	0	
27	0	1	0	0	0	0	0	0	0	0	0	
28	0	0	1	0	0	0	0	0	0	0	0	
29	1	0	0	0	0	0	0	0	0	0	0	
30	1	1	1	0	1	0	0	0	0	0	0	
31	0	1	0	0	0	0	0	0	0	0	0	
32	1	0	0	1	1	0	0	0	0	0	0	
33	0	0	1	0	0	0	0	0	0	0	0	
34	0	1	0	0	0	0	0	0	0	0	0	
35	0	0	1	0	0	0	0	0	0	0	0	
36	0	1	0	0	0	0	0	0	0	0	0	
37	0	0	0	1	0	0	0	0	0	0	0	
38	0	1	0	0	0	0	0	0	0	0	0	
;
param p:=
1	3
2	3
3	3
4	3
5	3
;
param G:=
39	94
40	74
41	74
42	98
43	87
44	94
45	100
46	72
47	82
48	88
49	85
;
param s:=
0	0
1	15
2	15
3	15
4	15
5	15
6	15
7	15
8	15
9	15
10	15
11	15
12	15
13	15
14	15
27	15
28	15
29	15
30	15
31	15
32	15
33	15
34	15
35	15
36	15
37	15
38	15
39	10
40	10
41	10
42	10
43	10
44	10
45	10
46	10
47	10
48	10
49	10
;
param t:
	0	1	2	3	4	5	6	7	8	9	10	11	12	13	14	15	16	17	18	19	20	21	22	23	24	25	26	27	28	29	30	31	32	33	34	35	36	37	38	39	40	41	42	43	44	45	46	47	48	49:=
0	0.0	70.0	2.0	69.57	16.12	43.27	14.42	86.35	41.23	52.8	73.76	36.5	76.16	95.85	36.5	88.54	4.0	62.03	77.25	22.8	18.0	27.2	19.7	48.37	45.12	32.25	18.87	37.58	47.41	61.19	40.5	14.42	68.96	34.53	63.15	50.99	65.51	85.16	61.06	87.09	54.57	77.1	25.61	86.21	66.41	54.82	40.79	38.08	70.41	57.8
1	70.0	0.0	72.0	22.36	54.04	41.62	78.92	24.41	46.04	42.52	60.17	84.1	38.21	42.05	34.53	31.3	66.0	25.06	28.07	53.85	52.0	50.6	52.61	80.0	27.86	44.94	62.1	39.4	63.78	15.62	34.93	78.92	20.4	83.26	84.9	32.56	15.23	19.8	64.4	26.93	77.83	54.82	57.58	53.04	22.14	22.02	31.05	41.59	14.04	35.23
2	2.0	72.0	0.0	71.47	18.11	44.94	13.42	88.29	42.8	54.41	75.07	36.22	77.9	97.69	38.47	90.44	6.0	63.91	79.12	24.41	20.0	28.84	21.54	48.66	47.07	34.0	20.0	39.4	48.37	63.15	42.38	13.42	70.88	34.23	63.56	52.8	67.47	87.13	62.13	89.02	55.08	78.57	26.91	87.8	68.31	56.75	42.76	39.82	72.37	59.54
3	69.57	22.36	71.47	0.0	53.85	30.07	81.44	18.11	34.23	59.09	80.05	92.46	60.0	63.91	34.0	18.97	65.79	8.0	8.49	60.0	52.8	58.14	50.0	92.2	25.06	38.47	56.32	32.56	77.67	11.66	45.61	74.67	42.0	72.99	99.86	20.0	8.25	40.25	81.44	18.03	91.84	75.66	50.04	75.03	3.16	38.28	39.7	52.63	36.12	53.45
4	16.12	54.04	18.11	53.85	0.0	29.73	27.78	70.34	28.84	42.8	66.24	43.91	64.03	82.37	20.4	72.8	12.17	46.52	61.74	16.12	2.83	18.97	6.32	50.99	29.12	18.44	15.23	22.8	44.41	45.12	27.2	26.0	54.63	38.83	64.12	36.06	49.48	69.86	56.32	71.17	55.08	68.01	18.0	75.69	50.7	40.31	26.0	27.02	55.36	46.01
5	43.27	41.62	44.94	30.07	29.73	0.0	56.85	48.17	4.47	56.32	80.89	73.24	68.88	80.92	18.0	48.17	40.0	22.09	36.22	42.05	30.0	42.38	24.08	78.0	16.12	11.31	27.2	8.25	67.47	26.83	38.05	45.61	53.25	43.17	89.29	10.2	29.73	61.22	76.11	48.01	80.36	79.56	20.4	83.38	27.17	41.63	32.25	43.1	50.33	54.82
6	14.42	78.92	13.42	81.44	27.78	56.85	0.0	97.41	55.17	53.85	71.22	24.08	78.43	99.46	47.54	100.32	16.97	74.24	89.44	26.08	28.64	30.27	32.8	38.63	56.46	45.61	33.29	50.48	42.43	72.11	46.04	24.0	74.43	46.04	53.85	63.81	76.55	92.02	56.57	98.43	46.07	76.01	40.0	86.35	78.29	61.03	48.17	41.59	77.03	60.44
7	86.35	24.41	88.29	18.11	70.34	48.17	97.41	0.0	52.35	66.84	84.1	106.0	60.73	58.14	50.0	8.0	82.46	26.08	14.42	74.24	68.96	71.69	67.08	103.48	41.23	56.14	74.11	50.16	87.68	25.3	57.2	92.35	43.86	91.08	109.12	38.05	20.88	34.0	88.81	3.0	101.83	78.19	68.0	74.73	21.02	46.01	52.15	64.2	37.16	59.64
8	41.23	46.04	42.8	34.23	28.84	4.47	55.17	52.35	0.0	58.86	83.55	72.72	72.47	85.04	20.4	52.04	38.21	26.31	40.05	42.38	29.53	43.17	22.8	78.43	20.0	10.77	24.17	10.2	68.73	31.3	40.45	42.38	57.2	38.83	90.24	14.56	34.18	65.6	78.0	52.09	81.25	82.57	17.09	86.82	31.4	45.18	34.93	45.01	54.49	57.87
9	52.8	42.52	54.41	59.09	42.8	56.32	53.85	66.84	58.86	0.0	24.74	48.17	24.74	46.39	38.47	73.24	49.68	56.32	67.08	30.0	40.0	25.61	46.65	39.4	42.05	50.0	57.69	48.66	22.36	47.54	18.44	66.6	26.83	81.61	42.43	54.15	50.99	45.69	22.36	69.2	35.81	25.24	58.14	33.42	57.01	21.1	24.08	15.81	32.45	8.54
10	73.76	60.17	75.07	80.05	66.24	80.89	71.22	84.1	83.55	24.74	0.0	57.58	25.46	43.86	63.15	91.39	71.22	78.64	87.36	51.61	63.53	47.71	70.68	42.76	66.12	74.73	81.41	73.35	29.53	69.05	43.17	88.09	40.25	104.96	36.5	78.03	71.81	55.32	16.49	86.82	35.13	8.54	82.46	20.22	78.45	42.3	48.66	39.92	46.96	27.07
11	36.5	84.1	36.22	92.46	43.91	73.24	24.08	106.0	72.72	48.17	57.58	0.0	72.03	94.02	59.4	110.44	37.36	86.37	100.9	32.56	43.27	34.41	50.12	16.97	67.94	62.13	54.41	65.6	28.64	81.61	49.19	48.04	73.76	70.0	31.62	77.9	86.02	92.65	41.23	107.62	25.5	64.29	60.17	75.93	89.5	62.97	53.85	42.54	78.16	56.44
12	76.16	38.21	77.9	60.0	64.03	68.88	78.43	60.73	72.47	24.74	25.46	72.03	0.0	22.0	53.25	68.41	72.72	60.53	66.27	53.67	61.22	49.19	66.48	60.83	52.8	66.03	77.79	62.77	44.18	50.36	36.88	89.31	18.0	101.82	59.09	63.25	52.04	30.0	36.77	63.6	55.08	18.03	76.58	15.13	59.08	27.29	39.7	38.08	24.19	18.36
13	95.85	42.05	97.69	63.91	82.37	80.92	99.46	58.14	85.04	46.39	43.86	94.02	22.0	0.0	68.12	66.12	92.2	67.08	67.91	74.0	79.65	69.57	83.76	82.61	65.12	80.72	94.87	76.37	66.12	57.31	55.46	108.24	28.43	118.41	79.7	73.24	57.27	24.33	57.72	61.13	76.49	35.34	92.46	25.0	64.08	42.44	56.6	58.19	30.61	39.05
14	36.5	34.53	38.47	34.0	20.4	18.0	47.54	50.0	20.4	38.47	63.15	59.4	53.25	68.12	0.0	52.8	32.56	27.2	42.19	26.91	18.97	26.08	18.11	61.77	8.94	12.81	27.86	10.2	50.0	24.74	20.1	44.41	39.7	50.48	72.11	18.87	29.12	52.0	58.14	50.92	63.32	62.3	24.41	67.12	30.89	26.25	14.56	25.18	38.59	37.7
15	88.54	31.3	90.44	18.97	72.8	48.17	100.32	8.0	52.04	73.24	91.39	110.44	68.41	66.12	52.8	0.0	84.76	26.68	12.0	78.23	71.69	76.03	68.96	108.9	43.86	57.27	74.97	51.42	93.51	28.84	62.29	93.38	51.26	90.2	115.26	38.47	24.41	42.0	95.41	5.0	107.71	85.7	68.47	82.57	22.14	52.2	56.85	69.35	44.6	66.37
16	4.0	66.0	6.0	65.79	12.17	40.0	16.97	82.46	38.21	49.68	71.22	37.36	72.72	92.2	32.56	84.76	0.0	58.31	73.54	19.8	14.0	24.08	16.12	48.04	41.23	28.84	17.09	34.0	45.69	57.27	36.77	16.97	65.15	35.44	62.51	47.41	61.61	81.22	59.06	83.24	53.76	74.25	23.32	83.1	62.63	50.96	36.88	34.67	66.49	54.38
17	62.03	25.06	63.91	8.0	46.52	22.09	74.24	26.08	26.31	56.32	78.64	86.37	60.53	67.08	27.2	26.68	58.31	0.0	15.23	53.81	45.65	52.35	42.38	87.2	18.44	30.59	48.37	24.74	73.43	10.2	41.18	66.75	42.76	65.12	95.77	12.0	10.0	44.41	78.43	26.02	87.46	75.03	42.05	75.66	5.1	36.35	34.99	48.02	37.64	51.62
18	77.25	28.07	79.12	8.49	61.74	36.22	89.44	14.42	40.05	67.08	87.36	100.9	66.27	67.91	42.19	12.0	73.54	15.23	0.0	68.41	60.83	66.6	57.58	100.66	33.29	45.61	63.15	39.85	86.02	20.0	54.04	81.58	48.37	78.23	108.17	26.68	16.12	43.68	89.44	13.0	100.21	82.57	56.57	81.1	11.4	46.1	48.17	61.07	42.11	61.1
19	22.8	53.85	24.41	60.0	16.12	42.05	26.08	74.24	42.38	30.0	51.61	32.56	53.67	74.0	26.91	78.23	19.8	53.81	68.41	0.0	14.0	4.47	22.0	36.06	35.38	31.62	31.05	34.0	28.28	49.4	20.0	36.77	48.37	53.67	48.37	45.61	53.85	66.0	40.5	75.66	39.32	54.45	34.06	63.41	57.01	35.0	22.8	15.81	51.0	35.34
20	18.0	52.0	20.0	52.8	2.83	30.0	28.64	68.96	29.53	40.0	63.53	43.27	61.22	79.65	18.97	71.69	14.0	45.65	60.83	14.0	0.0	16.49	8.0	49.48	27.86	18.87	17.89	22.63	42.19	43.68	24.41	28.64	52.0	41.62	62.29	35.61	48.08	67.47	53.85	69.89	53.24	65.22	20.1	72.86	49.66	37.7	23.41	24.21	52.89	43.19
21	27.2	50.6	28.84	58.14	18.97	42.38	30.27	71.69	43.17	25.61	47.71	34.41	49.19	69.57	26.08	76.03	24.08	52.35	66.6	4.47	16.49	0.0	24.33	35.78	34.06	32.56	34.18	34.18	26.0	47.2	16.12	41.04	44.18	57.31	47.07	44.94	51.61	62.03	37.36	73.25	38.08	50.25	36.5	59.03	55.23	31.06	19.7	11.4	47.04	30.87
22	19.7	52.61	21.54	50.0	6.32	24.08	32.8	67.08	22.8	46.65	70.68	50.12	66.48	83.76	18.11	68.96	16.12	42.38	57.58	22.0	8.0	24.33	0.0	57.27	26.08	12.81	11.31	17.89	50.16	42.19	29.73	26.31	55.57	35.38	70.26	31.3	46.39	69.57	61.61	67.68	61.2	71.87	12.17	78.87	46.84	41.34	27.2	30.89	55.54	48.92
23	48.37	80.0	48.66	92.2	50.99	78.0	38.63	103.48	78.43	39.4	42.76	16.97	60.83	82.61	61.77	108.9	48.04	87.2	100.66	36.06	49.48	35.78	57.27	0.0	69.34	67.68	64.12	69.86	17.09	80.72	46.69	61.61	66.21	82.87	15.23	80.62	84.9	85.09	26.31	105.48	8.6	50.25	68.73	62.2	89.5	58.01	52.5	39.62	71.59	47.93
24	45.12	27.86	47.07	25.06	29.12	16.12	56.46	41.23	20.0	42.05	66.12	67.94	52.8	65.12	8.94	43.86	41.23	18.44	33.29	35.38	27.86	34.06	26.08	69.34	0.0	17.09	34.53	11.66	56.46	16.12	24.74	52.04	37.2	55.46	78.79	12.17	20.4	46.65	63.15	42.06	70.21	64.13	29.73	67.42	21.95	25.63	18.44	31.02	34.66	39.46
25	32.25	44.94	34.0	38.47	18.44	11.31	45.61	56.14	10.77	50.0	74.73	62.13	66.03	80.72	12.81	57.27	28.84	30.59	45.61	31.62	18.87	32.56	12.81	67.68	17.09	0.0	18.0	6.0	58.31	32.25	31.62	36.22	52.35	38.47	79.62	18.97	36.06	63.53	68.12	56.44	70.61	74.46	12.65	79.76	35.36	39.05	26.83	35.36	50.8	50.09
26	18.87	62.1	20.0	56.32	15.23	27.2	33.29	74.11	24.17	57.69	81.41	54.41	77.79	94.87	27.86	74.97	17.09	48.37	63.15	31.05	17.89	34.18	11.31	64.12	34.53	18.0	0.0	24.0	59.23	50.16	41.04	18.44	66.57	24.08	78.03	36.5	54.04	79.85	71.47	74.33	69.07	82.93	7.21	90.14	53.24	52.43	38.42	41.88	66.19	60.21
27	37.58	39.4	39.4	32.56	22.8	8.25	50.48	50.16	10.2	48.66	73.35	65.6	62.77	76.37	10.2	51.42	34.0	24.74	39.85	34.0	22.63	34.18	17.89	69.86	11.66	6.0	24.0	0.0	59.23	26.31	30.27	42.19	48.17	43.86	81.04	13.42	30.07	58.31	68.03	50.49	72.12	72.42	18.44	76.92	29.43	35.51	24.74	35.01	46.1	47.76
28	47.41	63.78	48.37	77.67	44.41	67.47	42.43	87.68	68.73	22.36	29.53	28.64	44.18	66.12	50.0	93.51	45.69	73.43	86.02	28.28	42.19	26.0	50.16	17.09	56.46	58.31	59.23	59.23	0.0	66.03	32.25	61.77	49.19	80.99	22.36	68.35	70.0	68.03	14.14	89.83	14.21	35.74	62.29	47.3	75.17	41.77	38.47	25.5	54.71	30.87
29	61.19	15.62	63.15	11.66	45.12	26.83	72.11	25.3	31.3	47.54	69.05	81.61	50.36	57.31	24.74	28.84	57.27	10.2	20.0	49.4	43.68	47.2	42.19	80.72	16.12	32.25	50.16	26.31	66.03	0.0	34.06	68.0	32.56	69.57	88.2	17.2	4.47	35.38	69.86	26.4	80.21	65.12	44.72	65.49	9.49	26.93	28.28	41.11	27.51	42.2
30	40.5	34.93	42.38	45.61	27.2	38.05	46.04	57.2	40.45	18.44	43.17	49.19	36.88	55.46	20.1	62.29	36.77	41.18	54.04	20.0	24.41	16.12	29.73	46.69	24.74	31.62	41.04	30.27	32.25	34.06	0.0	52.84	28.64	65.12	54.59	36.88	38.21	46.0	38.47	59.03	46.32	42.95	40.5	49.2	43.01	15.0	6.32	7.07	31.0	19.21
31	14.42	78.92	13.42	74.67	26.0	45.61	24.0	92.35	42.38	66.6	88.09	48.04	89.31	108.24	44.41	93.38	16.97	66.75	81.58	36.77	28.64	41.04	26.31	61.61	52.04	36.22	18.44	42.19	61.77	68.0	52.84	0.0	80.62	22.09	76.66	54.92	72.03	95.6	75.47	92.66	68.31	91.22	25.3	100.0	71.57	66.31	52.0	51.4	81.27	71.03
32	68.96	20.4	70.88	42.0	54.63	53.25	74.43	43.86	57.2	26.83	40.25	73.76	18.0	28.43	39.7	51.26	65.15	42.76	48.37	48.37	52.0	44.18	55.57	66.21	37.2	52.35	66.57	48.17	49.19	32.56	28.64	80.62	0.0	90.0	68.41	46.52	34.06	18.97	46.69	46.62	62.43	34.48	64.03	33.06	41.11	14.32	28.64	33.02	6.71	18.36
33	34.53	83.26	34.23	72.99	38.83	43.17	46.04	91.08	38.83	81.61	104.96	70.0	101.82	118.41	50.48	90.2	35.44	65.12	78.23	53.67	41.62	57.31	35.38	82.87	55.46	38.47	24.08	43.86	80.99	69.57	65.12	22.09	90.0	0.0	97.67	53.37	72.8	102.0	94.02	90.67	89.05	106.83	26.08	114.21	70.21	76.06	62.29	65.8	89.04	84.29
34	63.15	84.9	63.56	99.86	64.12	89.29	53.85	109.12	90.24	42.43	36.5	31.62	59.09	79.7	72.11	115.26	62.51	95.77	108.17	48.37	62.29	47.07	70.26	15.23	78.79	79.62	78.03	81.04	22.36	88.2	54.59	76.66	68.41	97.67	0.0	90.62	92.09	86.53	22.36	111.4	9.06	44.91	82.1	56.72	97.42	63.13	60.83	47.85	74.52	50.33
35	50.99	32.56	52.8	20.0	36.06	10.2	63.81	38.05	14.56	54.15	78.03	77.9	63.25	73.24	18.87	38.47	47.41	12.0	26.68	45.61	35.61	44.94	31.3	80.62	12.17	18.97	36.5	13.42	68.35	17.2	36.88	54.92	46.52	53.37	90.62	0.0	19.7	52.35	75.31	38.01	81.94	75.66	30.07	78.16	17.03	36.67	30.59	43.01	42.72	51.16
36	65.51	15.23	67.47	8.25	49.48	29.73	76.55	20.88	34.18	50.99	71.81	86.02	52.04	57.27	29.12	24.41	61.61	10.0	16.12	53.85	48.08	51.61	46.39	84.9	20.4	36.06	54.04	30.07	70.0	4.47	38.21	72.03	34.06	72.8	92.09	19.7	0.0	34.41	73.35	21.93	84.2	67.48	48.37	67.12	7.07	30.08	32.56	45.28	28.44	45.22
37	85.16	19.8	87.13	40.25	69.86	61.22	92.02	34.0	65.6	45.69	55.32	92.65	30.0	24.33	52.0	42.0	81.22	44.41	43.68	66.0	67.47	62.03	69.57	85.09	46.65	63.53	79.85	58.31	68.03	35.38	46.0	95.6	18.97	102.0	86.53	52.35	34.41	0.0	64.4	37.0	81.01	48.01	76.03	42.15	40.82	31.0	44.41	51.24	15.0	37.16
38	61.06	64.4	62.13	81.44	56.32	76.11	56.57	88.81	78.0	22.36	16.49	41.23	36.77	57.72	58.14	95.41	59.06	78.43	89.44	40.5	53.85	37.36	61.61	26.31	63.15	68.12	71.47	68.03	14.14	69.86	38.47	75.47	46.69	94.02	22.36	75.31	73.35	64.4	0.0	91.26	19.03	24.02	73.76	36.01	79.31	43.42	44.72	33.02	53.04	29.21
39	87.09	26.93	89.02	18.03	71.17	48.01	98.43	3.0	52.09	69.2	86.82	107.62	63.6	61.13	50.92	5.0	83.24	26.02	13.0	75.66	69.89	73.25	67.68	105.48	42.06	56.44	74.33	50.49	89.83	26.4	59.03	92.66	46.62	90.67	111.4	38.01	21.93	37.0	91.26	0.0	104.0	80.99	68.07	77.67	21.1	48.27	53.82	66.07	39.92	62.13
40	54.57	77.83	55.08	91.84	55.08	80.36	46.07	101.83	81.25	35.81	35.13	25.5	55.08	76.49	63.32	107.71	53.76	87.46	100.21	39.32	53.24	38.08	61.2	8.6	70.21	70.61	69.07	72.12	14.21	80.21	46.32	68.31	62.43	89.05	9.06	81.94	84.2	81.01	19.03	104.0	0.0	43.0	73.06	55.0	89.31	55.87	52.48	39.45	68.24	44.1
41	77.1	54.82	78.57	75.66	68.01	79.56	76.01	78.19	82.57	25.24	8.54	64.29	18.03	35.34	62.3	85.7	74.25	75.03	82.57	54.45	65.22	50.25	71.87	50.25	64.13	74.46	82.93	72.42	35.74	65.12	42.95	91.22	34.48	106.83	44.91	75.66	67.48	48.01	24.02	80.99	43.0	0.0	83.24	12.0	74.33	39.12	47.76	41.05	41.11	24.74
42	25.61	57.58	26.91	50.04	18.0	20.4	40.0	68.0	17.09	58.14	82.46	60.17	76.58	92.46	24.41	68.47	23.32	42.05	56.57	34.06	20.1	36.5	12.17	68.73	29.73	12.65	7.21	18.44	62.29	44.72	40.5	25.3	64.03	26.08	82.1	30.07	48.37	76.03	73.76	68.07	73.06	83.24	0.0	89.63	47.01	50.25	36.88	42.54	62.97	59.64
43	86.21	53.04	87.8	75.03	75.69	83.38	86.35	74.73	86.82	33.42	20.22	75.93	15.13	25.0	67.12	82.57	83.1	75.66	81.1	63.41	72.86	59.03	78.87	62.2	67.42	79.76	90.14	76.92	47.3	65.49	49.2	100.0	33.06	114.21	56.72	78.16	67.12	42.15	36.01	77.67	55.0	12.0	89.63	0.0	74.17	41.79	53.0	48.8	39.01	30.0
44	66.41	22.14	68.31	3.16	50.7	27.17	78.29	21.02	31.4	57.01	78.45	89.5	59.08	64.08	30.89	22.14	62.63	5.1	11.4	57.01	49.66	55.23	46.84	89.5	21.95	35.36	53.24	29.43	75.17	9.49	43.01	71.57	41.11	70.21	97.42	17.03	7.07	40.82	79.31	21.1	89.31	74.33	47.01	74.17	0.0	36.4	37.01	50.0	35.51	51.66
45	54.82	22.02	56.75	38.28	40.31	41.63	61.03	46.01	45.18	21.1	42.3	62.97	27.29	42.44	26.25	52.2	50.96	36.35	46.1	35.0	37.7	31.06	41.34	58.01	25.63	39.05	52.43	35.51	41.77	26.93	15.0	66.31	14.32	76.06	63.13	36.67	30.08	31.0	43.42	48.27	55.87	39.12	50.25	41.79	36.4	0.0	14.32	20.62	16.0	15.3
46	40.79	31.05	42.76	39.7	26.0	32.25	48.17	52.15	34.93	24.08	48.66	53.85	39.7	56.6	14.56	56.85	36.88	34.99	48.17	22.8	23.41	19.7	27.2	52.5	18.44	26.83	38.42	24.74	38.47	28.28	6.32	52.0	28.64	62.29	60.83	30.59	32.56	44.41	44.72	53.82	52.48	47.76	36.88	53.0	37.01	14.32	0.0	13.04	29.61	23.26
47	38.08	41.59	39.82	52.63	27.02	43.1	41.59	64.2	45.01	15.81	39.92	42.54	38.08	58.19	25.18	69.35	34.67	48.02	61.07	15.81	24.21	11.4	30.89	39.62	31.02	35.36	41.88	35.01	25.5	41.11	7.07	51.4	33.02	65.8	47.85	43.01	45.28	51.24	33.02	66.07	39.45	41.05	42.54	48.8	50.0	20.62	13.04	0.0	36.35	19.72
48	70.41	14.04	72.37	36.12	55.36	50.33	77.03	37.16	54.49	32.45	46.96	78.16	24.19	30.61	38.59	44.6	66.49	37.64	42.11	51.0	52.89	47.04	55.54	71.59	34.66	50.8	66.19	46.1	54.71	27.51	31.0	81.27	6.71	89.04	74.52	42.72	28.44	15.0	53.04	39.92	68.24	41.11	62.97	39.01	35.51	16.0	29.61	36.35	0.0	24.21
49	57.8	35.23	59.54	53.45	46.01	54.82	60.44	59.64	57.87	8.54	27.07	56.44	18.36	39.05	37.7	66.37	54.38	51.62	61.1	35.34	43.19	30.87	48.92	47.93	39.46	50.09	60.21	47.76	30.87	42.2	19.21	71.03	18.36	84.29	50.33	51.16	45.22	37.16	29.21	62.13	44.1	24.74	59.64	30.0	51.66	15.3	23.26	19.72	24.21	0.0
;
