set K:= 1	2	3	4	5;
set C_H:= 1	2	3	4	5	6	7	8	9	10	11;
set C_S:= 12	13	14	15	16	17	18	19	20	21	22;
set C_F:= 23	24	25	26	27	28	29	30	31	32	33;
set M:= 34	35;
set M_B:= 36	37;
set L_B:= 38	39	40	41	42;
set A1:=
(0,*) 1 2 3 4 5 6 7 8 9 10 11 23 24 25 26 27 28 29 30 31 32 33 34 35 36 37 38 39 40 41 42
(1,*) 0 2 3 4 5 6 7 8 9 10 11 23 24 25 26 27 28 29 30 31 32 33 34 35 36 37 38 39 40 41 42
(2,*) 0 1 3 4 5 6 7 8 9 10 11 23 24 25 26 27 28 29 30 31 32 33 34 35 36 37 38 39 40 41 42
(3,*) 0 1 2 4 5 6 7 8 9 10 11 23 24 25 26 27 28 29 30 31 32 33 34 35 36 37 38 39 40 41 42
(4,*) 0 1 2 3 5 6 7 8 9 10 11 23 24 25 26 27 28 29 30 31 32 33 34 35 36 37 38 39 40 41 42
(5,*) 0 1 2 3 4 6 7 8 9 10 11 23 24 25 26 27 28 29 30 31 32 33 34 35 36 37 38 39 40 41 42
(6,*) 0 1 2 3 4 5 7 8 9 10 11 23 24 25 26 27 28 29 30 31 32 33 34 35 36 37 38 39 40 41 42
(7,*) 0 1 2 3 4 5 6 8 9 10 11 23 24 25 26 27 28 29 30 31 32 33 34 35 36 37 38 39 40 41 42
(8,*) 0 1 2 3 4 5 6 7 9 10 11 23 24 25 26 27 28 29 30 31 32 33 34 35 36 37 38 39 40 41 42
(9,*) 0 1 2 3 4 5 6 7 8 10 11 23 24 25 26 27 28 29 30 31 32 33 34 35 36 37 38 39 40 41 42
(10,*) 0 1 2 3 4 5 6 7 8 9 11 23 24 25 26 27 28 29 30 31 32 33 34 35 36 37 38 39 40 41 42
(11,*) 0 1 2 3 4 5 6 7 8 9 10 23 24 25 26 27 28 29 30 31 32 33 34 35 36 37 38 39 40 41 42
(23,*) 0 1 2 3 4 5 6 7 8 9 10 11 24 25 26 27 28 29 30 31 32 33 34 35 36 37 38 39 40 41 42
(24,*) 0 1 2 3 4 5 6 7 8 9 10 11 23 25 26 27 28 29 30 31 32 33 34 35 36 37 38 39 40 41 42
(25,*) 0 1 2 3 4 5 6 7 8 9 10 11 23 24 26 27 28 29 30 31 32 33 34 35 36 37 38 39 40 41 42
(26,*) 0 1 2 3 4 5 6 7 8 9 10 11 23 24 25 27 28 29 30 31 32 33 34 35 36 37 38 39 40 41 42
(27,*) 0 1 2 3 4 5 6 7 8 9 10 11 23 24 25 26 28 29 30 31 32 33 34 35 36 37 38 39 40 41 42
(28,*) 0 1 2 3 4 5 6 7 8 9 10 11 23 24 25 26 27 29 30 31 32 33 34 35 36 37 38 39 40 41 42
(29,*) 0 1 2 3 4 5 6 7 8 9 10 11 23 24 25 26 27 28 30 31 32 33 34 35 36 37 38 39 40 41 42
(30,*) 0 1 2 3 4 5 6 7 8 9 10 11 23 24 25 26 27 28 29 31 32 33 34 35 36 37 38 39 40 41 42
(31,*) 0 1 2 3 4 5 6 7 8 9 10 11 23 24 25 26 27 28 29 30 32 33 34 35 36 37 38 39 40 41 42
(32,*) 0 1 2 3 4 5 6 7 8 9 10 11 23 24 25 26 27 28 29 30 31 33 34 35 36 37 38 39 40 41 42
(33,*) 0 1 2 3 4 5 6 7 8 9 10 11 23 24 25 26 27 28 29 30 31 32 34 35 36 37 38 39 40 41 42
(34,*) 0 1 2 3 4 5 6 7 8 9 10 11 23 24 25 26 27 28 29 30 31 32 33 35 36 37 38 39 40 41 42
(35,*) 0 1 2 3 4 5 6 7 8 9 10 11 23 24 25 26 27 28 29 30 31 32 33 34 36 37 38 39 40 41 42
(36,*) 0 1 2 3 4 5 6 7 8 9 10 11 23 24 25 26 27 28 29 30 31 32 33 34 35 37 38 39 40 41 42
(37,*) 0 1 2 3 4 5 6 7 8 9 10 11 23 24 25 26 27 28 29 30 31 32 33 34 35 36 38 39 40 41 42
(38,*) 0 1 2 3 4 5 6 7 8 9 10 11 23 24 25 26 27 28 29 30 31 32 33 34 35 36 37 39 40 41 42
(39,*) 0 1 2 3 4 5 6 7 8 9 10 11 23 24 25 26 27 28 29 30 31 32 33 34 35 36 37 38 40 41 42
(40,*) 0 1 2 3 4 5 6 7 8 9 10 11 23 24 25 26 27 28 29 30 31 32 33 34 35 36 37 38 39 41 42
(41,*) 0 1 2 3 4 5 6 7 8 9 10 11 23 24 25 26 27 28 29 30 31 32 33 34 35 36 37 38 39 40 42
(42,*) 0 1 2 3 4 5 6 7 8 9 10 11 23 24 25 26 27 28 29 30 31 32 33 34 35 36 37 38 39 40 41
;
param BigM:=99999;
param n:= 5;
param d:=
1	23
2	24
3	7
4	5
5	7
6	14
7	16
8	13
9	16
10	20
11	1
12	3
13	24
14	25
15	5
16	15
17	13
18	20
19	23
20	15
21	12
22	4
23	15
24	15
25	13
26	5
27	13
28	24
29	9
30	24
31	3
32	19
33	15
;
param Q:=100;
param e:
	34	35	36	37	38	39	40	41	42:=
12		0		1		0		1		0		0		0		0		0	
13		0		1		0		1		0		0		0		0		0	
14		1		0		1		0		0		0		0		0		0	
15		1		0		1		0		0		0		0		0		0	
16		1		0		1		0		0		0		0		0		0	
17		0		1		0		1		0		0		0		0		0	
18		1		0		1		0		0		0		0		0		0	
19		0		0		0		0		1		0		0		0		0	
20		0		0		0		0		1		0		0		0		0	
21		1		0		1		0		0		0		0		0		0	
22		0		0		0		0		0		1		0		0		0	
23		0		0		0		0		0		1		0		0		0	
24		1		0		1		0		0		0		0		0		0	
25		0		1		0		1		0		0		0		0		0	
26		0		1		0		1		0		0		0		0		0	
27		1		0		1		0		0		0		1		1		1	
28		0		1		0		1		0		0		0		0		0	
29		0		1		0		1		0		0		0		0		0	
30		1		0		1		0		0		0		0		0		0	
31		1		0		1		0		0		0		0		0		0	
32		1		0		1		0		0		0		0		0		0	
33		0		0		0		0		1		0		0		0		0	
;
param p:=
1	3
2	3
3	3
4	3
5	3
;
param G:=
34	96
35	83
36	96
37	83
38	97
39	72
40	100
41	92
42	89
;
param s:=
0	0
1	10
2	10
3	10
4	10
5	10
6	10
7	10
8	10
9	10
10	10
11	10
23	10
24	10
25	10
26	10
27	10
28	10
29	10
30	10
31	10
32	10
33	10
34	10
35	10
36	10
37	10
38	10
39	10
40	10
41	10
42	10
;
param t:
	0	1	2	3	4	5	6	7	8	9	10	11	12	13	14	15	16	17	18	19	20	21	22	23	24	25	26	27	28	29	30	31	32	33	34	35	36	37	38	39	40	41	42:=
0	0.0	52.35	40.25	36.72	31.62	62.03	36.06	69.66	12.17	42.19	17.09	36.72	38.47	76.16	48.7	42.05	69.43	54.92	44.27	65.3	66.03	38.83	69.66	33.94	31.62	57.27	68.03	31.62	47.2	27.78	60.3	52.04	42.38	74.73	49.65	53.67	49.65	53.67	41.59	25.55	31.11	29.68	27.02
1	52.35	0.0	20.0	23.32	39.45	17.09	40.0	38.05	64.12	60.0	62.03	84.85	75.39	104.02	11.66	18.44	40.0	91.24	22.36	45.12	50.0	14.14	48.66	81.71	35.38	88.84	97.65	22.36	86.16	68.41	8.0	4.0	23.32	73.35	3.61	86.83	3.61	86.83	45.28	42.15	34.0	40.71	38.08
2	40.25	20.0	0.0	4.0	19.7	22.36	20.0	31.62	50.6	40.0	54.04	68.0	56.32	84.02	10.2	2.0	32.25	71.69	32.56	32.56	36.06	10.2	36.88	73.24	37.36	68.96	77.67	10.0	67.05	50.36	26.83	22.63	32.25	56.32	16.4	67.08	16.4	67.08	25.5	23.35	14.56	21.19	19.24
3	36.72	23.32	4.0	0.0	16.12	26.31	16.97	34.06	46.82	36.88	50.99	64.0	52.5	80.92	14.14	6.0	34.41	68.03	33.53	33.53	36.5	11.66	37.95	70.0	36.5	65.51	74.4	8.25	63.25	46.39	30.46	25.61	32.98	55.32	19.72	63.53	19.72	63.53	23.02	19.42	10.77	17.46	15.3
4	31.62	39.45	19.7	16.12	0.0	40.2	4.47	40.25	38.42	21.26	48.37	50.64	36.88	65.12	29.73	21.54	39.45	52.0	46.65	33.94	34.41	26.91	38.21	65.3	44.72	49.4	58.41	20.0	47.54	32.06	46.52	41.62	45.65	46.04	35.85	47.41	35.85	47.41	11.05	6.4	5.66	2.24	5.1
5	62.03	17.09	22.36	26.31	40.2	0.0	38.83	22.36	72.8	57.58	74.43	90.09	76.94	100.24	13.42	20.4	24.74	91.21	39.4	32.25	37.74	24.41	34.93	94.02	51.22	87.32	94.85	30.46	87.48	72.03	16.12	20.88	40.25	62.8	16.64	86.02	16.64	86.02	41.79	45.0	36.0	42.11	41.01
6	36.06	40.0	20.0	16.97	4.47	38.83	0.0	36.77	42.52	20.0	52.84	53.37	38.21	64.03	29.53	21.63	35.78	52.5	49.19	29.73	30.0	28.43	33.94	69.66	48.37	49.19	57.69	22.36	48.66	34.53	46.65	42.52	48.33	42.0	36.4	47.54	36.4	47.54	7.07	10.63	8.25	6.4	9.49
7	69.66	38.05	31.62	34.06	40.25	22.36	36.77	0.0	78.23	50.04	84.85	89.84	72.69	87.93	29.12	30.53	2.83	84.02	59.23	13.42	18.87	39.4	14.14	103.48	68.03	78.41	83.95	41.62	82.22	70.88	38.47	42.05	59.67	44.05	36.35	78.1	36.35	78.1	35.69	46.53	38.83	42.49	43.57
8	12.17	64.12	50.6	46.82	38.42	72.8	42.52	78.23	0.0	43.08	18.97	25.61	32.56	70.34	59.67	52.5	77.67	47.54	56.32	72.25	72.14	50.36	76.42	28.64	42.94	51.42	62.1	42.76	39.4	22.09	72.11	64.0	54.41	76.97	61.29	47.54	61.29	47.54	46.75	32.02	39.45	36.24	34.67
9	42.19	60.0	40.0	36.88	21.26	57.58	20.0	50.04	43.08	0.0	58.86	43.27	23.41	44.05	49.4	41.62	48.17	34.23	67.68	38.83	36.06	48.08	41.76	71.69	63.91	29.73	37.74	41.23	32.25	25.46	66.57	62.48	66.57	34.0	56.4	28.64	56.4	28.64	15.81	21.93	26.91	20.81	24.7
10	17.09	62.03	54.04	50.99	48.37	74.43	52.84	84.85	18.97	58.86	0.0	42.8	51.42	89.29	61.06	55.61	84.9	66.48	48.04	81.61	82.68	50.12	86.02	19.7	32.06	70.34	81.04	44.41	58.31	40.79	69.57	60.73	46.04	91.76	60.01	66.48	60.01	66.48	58.6	42.49	47.2	46.53	43.57
11	36.72	84.85	68.0	64.0	50.64	90.09	53.37	89.84	25.61	43.27	42.8	0.0	21.26	52.04	78.03	70.0	88.54	28.07	80.62	80.62	78.71	70.71	84.1	42.76	68.26	34.93	44.18	62.51	20.4	18.97	92.78	85.51	78.79	74.97	81.61	31.05	81.61	31.05	54.42	45.18	54.15	48.51	49.09
12	38.47	75.39	56.32	52.5	36.88	76.94	38.21	72.69	32.56	23.41	51.42	21.26	0.0	37.95	66.48	58.24	71.02	16.97	76.84	62.1	59.46	61.74	65.15	58.31	68.12	18.97	29.73	53.67	10.77	10.77	82.87	76.97	75.29	53.74	71.87	15.23	71.87	15.23	37.12	33.24	41.76	35.17	37.34
13	76.16	104.02	84.02	80.92	65.12	100.24	64.03	87.93	70.34	44.05	89.29	52.04	37.95	0.0	93.23	85.6	85.44	24.0	110.63	74.73	69.86	92.02	75.71	94.19	104.31	18.97	8.25	84.85	32.06	48.7	110.44	106.53	109.34	50.04	100.42	22.8	100.42	22.8	59.08	64.44	70.77	64.35	67.9
14	48.7	11.66	10.2	14.14	29.73	13.42	29.53	29.12	59.67	49.4	61.06	78.03	66.48	93.23	0.0	8.25	30.59	81.71	30.27	34.23	38.83	11.31	38.05	80.62	39.45	78.71	87.13	17.09	77.2	60.53	17.2	15.23	30.59	61.74	8.54	76.97	8.54	76.97	34.21	33.54	24.74	31.32	29.43
15	42.05	18.44	2.0	6.0	21.54	20.4	21.63	30.53	52.5	41.62	55.61	70.0	58.24	85.6	8.25	0.0	31.3	73.54	32.25	32.25	36.0	10.0	36.5	74.89	37.95	70.71	79.32	11.31	68.96	52.35	25.06	21.26	32.06	56.92	14.87	68.88	14.87	68.88	26.87	25.32	16.49	23.09	21.21
16	69.43	40.0	32.25	34.41	39.45	24.74	35.78	2.83	77.67	48.17	84.9	88.54	71.02	85.44	30.59	31.3	0.0	82.0	60.83	10.77	16.12	40.5	11.31	103.32	69.08	76.24	81.58	42.19	80.4	69.57	40.79	44.0	61.19	41.23	38.12	76.03	38.12	76.03	34.21	45.79	38.42	41.68	43.01
17	54.92	91.24	71.69	68.03	52.0	91.21	52.5	84.02	47.54	34.23	66.48	28.07	16.97	24.0	81.71	73.54	82.0	0.0	93.72	72.11	68.47	77.9	74.43	70.26	85.04	8.49	16.12	69.97	8.25	27.2	98.49	93.06	92.2	56.36	87.66	6.32	87.66	6.32	49.82	49.24	57.27	50.57	53.24
18	44.27	22.36	32.56	33.53	46.65	39.4	49.19	59.23	56.32	67.68	48.04	80.62	76.84	110.63	30.27	32.25	60.83	93.72	0.0	64.0	68.12	22.36	68.03	66.75	16.49	93.34	103.32	26.83	87.2	67.68	26.91	18.87	2.0	88.77	23.09	90.55	23.09	90.55	55.95	46.23	41.18	46.87	43.01
19	65.3	45.12	32.56	33.53	33.94	32.25	29.73	13.42	72.25	38.83	81.61	80.62	62.1	74.73	34.23	32.25	10.77	72.11	64.0	0.0	5.66	42.19	4.47	99.16	69.86	66.03	71.02	41.76	71.02	61.74	47.54	49.03	64.03	31.11	42.58	66.03	42.58	66.03	26.42	40.31	34.41	36.07	38.29
20	66.03	50.0	36.06	36.5	34.41	37.74	30.0	18.87	72.14	36.06	82.68	78.71	59.46	69.86	38.83	36.0	16.12	68.47	68.12	5.66	0.0	46.0	6.0	99.64	72.99	62.03	66.48	44.72	67.91	60.03	52.8	53.85	68.03	25.46	47.3	62.29	47.3	62.29	25.5	40.61	35.78	36.4	39.12
21	38.83	14.14	10.2	11.66	26.91	24.41	28.43	39.4	50.36	48.08	50.12	70.71	61.74	92.02	11.31	10.0	40.5	77.9	22.36	42.19	46.0	0.0	46.39	69.77	28.64	76.03	85.28	8.25	72.5	54.41	22.09	15.23	22.09	66.48	11.0	73.78	11.0	73.78	34.67	28.65	21.26	27.8	24.7
22	69.66	48.66	36.88	37.95	38.21	34.93	33.94	14.14	76.42	41.76	86.02	84.1	65.15	75.71	38.05	36.5	11.31	74.43	68.03	4.47	6.0	46.39	0.0	103.48	74.22	68.03	72.44	46.17	73.76	65.3	50.6	52.61	68.12	30.0	46.27	68.26	46.27	68.26	30.23	44.55	38.83	40.31	42.64
23	33.94	81.71	73.24	70.0	65.3	94.02	69.66	103.48	28.64	71.69	19.7	42.76	58.31	94.19	80.62	74.89	103.32	70.26	66.75	99.16	99.64	69.77	103.48	0.0	50.36	76.0	86.09	63.81	62.13	49.03	89.2	80.32	64.78	105.6	79.71	72.0	79.71	72.0	74.63	59.03	65.05	63.25	60.88
24	31.62	35.38	37.36	36.5	44.72	51.22	48.37	68.03	42.94	63.91	32.06	68.26	68.12	104.31	39.45	37.95	69.08	85.04	16.49	69.86	72.99	28.64	74.22	50.36	0.0	86.02	96.52	28.28	77.79	58.0	41.62	32.8	14.56	90.2	34.71	82.8	34.71	82.8	55.44	42.06	40.2	44.15	40.02
25	57.27	88.84	68.96	65.51	49.4	87.32	49.19	78.41	51.42	29.73	70.34	34.93	18.97	18.97	78.71	70.71	76.24	8.49	93.34	66.03	62.03	76.03	68.03	76.0	86.02	0.0	10.77	68.41	14.56	29.73	95.77	90.97	91.93	48.33	85.23	4.0	85.23	4.0	45.54	47.63	54.92	48.26	51.4
26	68.03	97.65	77.67	74.4	58.41	94.85	57.69	83.95	62.1	37.74	81.04	44.18	29.73	8.25	87.13	79.32	81.58	16.12	103.32	71.02	66.48	85.28	72.44	86.09	96.52	10.77	0.0	77.9	24.0	40.5	104.31	100.0	101.98	49.03	94.05	14.56	94.05	14.56	53.24	57.28	64.03	57.49	60.88
27	31.62	22.36	10.0	8.25	20.0	30.46	22.36	41.62	42.76	41.23	44.41	62.51	53.67	84.85	17.09	11.31	42.19	69.97	26.83	41.76	44.72	8.25	46.17	63.81	28.28	68.41	77.9	0.0	64.4	46.17	30.27	23.41	26.0	62.8	19.1	66.03	19.1	66.03	29.15	20.81	14.42	20.52	17.03
28	47.2	86.16	67.05	63.25	47.54	87.48	48.66	82.22	39.4	32.25	58.31	20.4	10.77	32.06	77.2	68.96	80.4	8.25	87.2	71.02	67.91	72.5	73.76	62.13	77.79	14.56	24.0	64.4	0.0	19.8	93.64	87.73	85.6	58.82	82.64	10.77	82.64	10.77	47.01	44.01	52.5	45.88	48.1
29	27.78	68.41	50.36	46.39	32.06	72.03	34.53	70.88	22.09	25.46	40.79	18.97	10.77	48.7	60.53	52.35	69.57	27.2	67.68	61.74	60.03	54.41	65.3	49.03	58.0	29.73	40.5	46.17	19.8	0.0	76.16	69.57	66.03	58.82	65.0	26.0	65.0	26.0	35.47	27.07	36.06	30.02	31.14
30	60.3	8.0	26.83	30.46	46.52	16.12	46.65	38.47	72.11	66.57	69.57	92.78	82.87	110.44	17.2	25.06	40.79	98.49	26.91	47.54	52.8	22.09	50.6	89.2	41.62	95.77	104.31	30.27	93.64	76.16	0.0	8.94	28.28	77.18	11.18	93.91	11.18	93.91	51.4	49.65	41.23	47.93	45.54
31	52.04	4.0	22.63	25.61	41.62	20.88	42.52	42.05	64.0	62.48	60.73	85.51	76.97	106.53	15.23	21.26	44.0	93.06	18.87	49.03	53.85	15.23	52.61	80.32	32.8	90.97	100.0	23.41	87.73	69.57	8.94	0.0	20.0	76.97	6.71	88.84	6.71	88.84	48.1	43.83	36.06	42.72	39.82
32	42.38	23.32	32.25	32.98	45.65	40.25	48.33	59.67	54.41	66.57	46.04	78.79	75.29	109.34	30.59	32.06	61.19	92.2	2.0	64.03	68.03	22.09	68.12	64.78	14.56	91.93	101.98	26.0	85.6	66.03	28.28	20.0	0.0	88.29	23.77	89.11	23.77	89.11	55.15	45.0	40.25	45.79	41.88
33	74.73	73.35	56.32	55.32	46.04	62.8	42.0	44.05	76.97	34.0	91.76	74.97	53.74	50.04	61.74	56.92	41.23	56.36	88.77	31.11	25.46	66.48	30.0	105.6	90.2	48.33	49.03	62.8	58.82	58.82	77.18	76.97	88.29	0.0	70.26	50.12	70.26	50.12	35.01	50.49	50.04	47.17	51.09
34	49.65	3.61	16.4	19.72	35.85	16.64	36.4	36.35	61.29	56.4	60.01	81.61	71.87	100.42	8.54	14.87	38.12	87.66	23.09	42.58	47.3	11.0	46.27	79.71	34.71	85.23	94.05	19.1	82.64	65.0	11.18	6.71	23.77	70.26	0.0	83.24	0.0	83.24	41.73	38.63	30.41	37.12	34.54
35	53.67	86.83	67.08	63.53	47.41	86.02	47.54	78.1	47.54	28.64	66.48	31.05	15.23	22.8	76.97	68.88	76.03	6.32	90.55	66.03	62.29	73.78	68.26	72.0	82.8	4.0	14.56	66.03	10.77	26.0	93.91	88.84	89.11	50.12	83.24	0.0	83.24	0.0	44.38	45.22	52.84	46.14	49.09
36	49.65	3.61	16.4	19.72	35.85	16.64	36.4	36.35	61.29	56.4	60.01	81.61	71.87	100.42	8.54	14.87	38.12	87.66	23.09	42.58	47.3	11.0	46.27	79.71	34.71	85.23	94.05	19.1	82.64	65.0	11.18	6.71	23.77	70.26	0.0	83.24	0.0	83.24	41.73	38.63	30.41	37.12	34.54
37	53.67	86.83	67.08	63.53	47.41	86.02	47.54	78.1	47.54	28.64	66.48	31.05	15.23	22.8	76.97	68.88	76.03	6.32	90.55	66.03	62.29	73.78	68.26	72.0	82.8	4.0	14.56	66.03	10.77	26.0	93.91	88.84	89.11	50.12	83.24	0.0	83.24	0.0	44.38	45.22	52.84	46.14	49.09
38	41.59	45.28	25.5	23.02	11.05	41.79	7.07	35.69	46.75	15.81	58.6	54.42	37.12	59.08	34.21	26.87	34.21	49.82	55.95	26.42	25.5	34.67	30.23	74.63	55.44	45.54	53.24	29.15	47.01	35.47	51.4	48.1	55.15	35.01	41.73	44.38	41.73	44.38	0.0	16.16	15.3	12.37	16.12
39	25.55	42.15	23.35	19.42	6.4	45.0	10.63	46.53	32.02	21.93	42.49	45.18	33.24	64.44	33.54	25.32	45.79	49.24	46.23	40.31	40.61	28.65	44.55	59.03	42.06	47.63	57.28	20.81	44.01	27.07	49.65	43.83	45.0	50.49	38.63	45.22	38.63	45.22	16.16	0.0	9.0	4.24	4.12
40	31.11	34.0	14.56	10.77	5.66	36.0	8.25	38.83	39.45	26.91	47.2	54.15	41.76	70.77	24.74	16.49	38.42	57.27	41.18	34.41	35.78	21.26	38.83	65.05	40.2	54.92	64.03	14.42	52.5	36.06	41.23	36.06	40.25	50.04	30.41	52.84	30.41	52.84	15.3	9.0	0.0	6.71	5.1
41	29.68	40.71	21.19	17.46	2.24	42.11	6.4	42.49	36.24	20.81	46.53	48.51	35.17	64.35	31.32	23.09	41.68	50.57	46.87	36.07	36.4	27.8	40.31	63.25	44.15	48.26	57.49	20.52	45.88	30.02	47.93	42.72	45.79	47.17	37.12	46.14	37.12	46.14	12.37	4.24	6.71	0.0	4.12
42	27.02	38.08	19.24	15.3	5.1	41.01	9.49	43.57	34.67	24.7	43.57	49.09	37.34	67.9	29.43	21.21	43.01	53.24	43.01	38.29	39.12	24.7	42.64	60.88	40.02	51.4	60.88	17.03	48.1	31.14	45.54	39.82	41.88	51.09	34.54	49.09	34.54	49.09	16.12	4.12	5.1	4.12	0.0
;
