vehicles
vehicle_idx, capacity, cost_per_unit_distance
1,100,3
2,100,3
3,100,3
4,100,3
5,100,3
6,100,3
depot
node_idx,x,y
0,39,19
home delivery customers
node_idx,x,y,service_time,demand
1,41,79,10,16
2,25,31,10,22
3,69,17,10,19
4,53,75,10,6
5,79,73,10,12
6,59,5,10,18
7,93,13,10,4
8,85,45,10,22
9,41,9,10,15
10,13,13,10,22
11,43,37,10,9
12,13,61,10,10
13,5,97,10,7
14,7,41,10,2
self pickup customers
node_idx,x,y,service_time,demand,locker_idxs
15,63,93,10,24,39
16,1,1,10,6,42-40
17,1,37,10,16,40
18,41,31,10,72,42
19,49,91,10,23,39
20,93,49,10,11,39
21,19,97,10,16,39
22,9,7,10,5,40
23,71,51,10,11,43
24,45,93,10,9,39
25,93,55,10,3,39
26,81,11,10,15,42
flexible customers
node_idx,x,y,service_time,demand,locker_idxs
27,79,19,10,18,46
28,33,5,10,3,40
29,57,73,10,6,46-45-43-39
30,23,73,10,7,42
31,37,27,10,16,41-46-44-42-40
32,85,93,10,23,39
33,55,43,10,7,42-44-41-45-46-43
34,83,29,10,11,43
35,87,23,10,1,43
36,31,23,10,22,42-40
37,83,61,10,7,43
38,7,53,10,10,40
lockers
node_idx,x,y,service_time,capacity,cost_per_unit_good
39,65,88,10,70
40,25,15,10,78
41,51,48,10,70
42,34,39,10,95
43,60,69,10,99
44,44,46,10,80
45,48,50,10,70
46,45,51,10,70
mrt lines
start_node_idx,end_node_idx,freight_capacity,cost_per_unit_good
distance matrix
,0,1,2,3,4,5,6,7,8,9,10,11,12,13,14,15,16,17,18,19,20,21,22,23,24,25,26,27,28,29,30,31,32,33,34,35,36,37,38,39,40,41,42,43,44,45,46,
0,0.0,60.03,18.44,30.07,57.72,67.2,24.41,54.33,52.84,10.2,26.68,18.44,49.4,85.09,38.83,77.79,42.05,42.05,12.17,72.69,61.77,80.52,32.31,45.25,74.24,64.9,42.76,40.0,15.23,56.92,56.32,8.25,87.13,28.84,45.12,48.17,8.94,60.83,46.69,73.74,14.56,31.38,20.62,54.23,27.46,32.28,32.56
1,60.03,0.0,50.6,68.03,12.65,38.47,76.16,84.02,55.61,70.0,71.69,42.05,33.29,40.25,50.99,26.08,87.66,58.0,48.0,14.42,60.03,28.43,78.79,41.04,14.56,57.27,78.89,71.02,74.43,17.09,18.97,52.15,46.17,38.63,65.3,72.47,56.89,45.69,42.8,25.63,65.97,32.57,40.61,21.47,33.14,29.83,28.28
2,18.44,50.6,0.0,46.17,52.15,68.41,42.8,70.34,61.61,27.2,21.63,18.97,32.31,68.96,20.59,72.72,38.42,24.74,16.0,64.62,70.34,66.27,28.84,50.16,65.15,72.11,59.46,55.32,27.2,52.8,42.05,12.65,86.28,32.31,58.03,62.51,10.0,65.3,28.43,69.63,16.0,31.06,12.04,51.66,24.21,29.83,28.28
3,30.07,68.03,46.17,0.0,60.17,56.89,15.62,24.33,32.25,29.12,56.14,32.8,71.22,102.45,66.48,76.24,69.86,70.88,31.3,76.66,40.0,94.34,60.83,34.06,79.7,44.94,13.42,10.2,37.95,57.27,72.47,33.53,77.67,29.53,18.44,18.97,38.47,46.17,71.69,71.11,44.05,35.85,41.34,52.77,38.29,39.12,41.62
4,57.72,12.65,52.15,60.17,0.0,26.08,70.26,73.78,43.86,67.08,73.78,39.29,42.38,52.8,57.2,20.59,90.44,64.4,45.61,16.49,47.71,40.5,80.99,30.0,19.7,44.72,69.86,61.74,72.8,4.47,30.07,50.6,36.72,32.06,54.92,62.13,56.46,33.11,50.99,17.69,66.21,27.07,40.71,9.22,30.36,25.5,25.3
5,67.2,38.47,68.41,56.89,26.08,0.0,70.88,61.61,28.64,74.43,89.2,50.91,67.08,77.79,78.79,25.61,106.15,85.91,56.64,34.99,27.78,64.62,96.21,23.41,39.45,22.8,62.03,54.0,82.1,22.0,56.0,62.29,20.88,38.42,44.18,50.64,69.31,12.65,74.73,20.52,79.25,37.54,56.4,19.42,44.2,38.6,40.5
6,24.41,76.16,42.8,15.62,70.26,70.88,0.0,34.93,47.71,18.44,46.69,35.78,72.47,106.68,63.25,88.09,58.14,66.24,31.62,86.58,55.61,100.32,50.04,47.54,89.11,60.46,22.8,24.41,26.0,68.03,76.94,31.11,91.76,38.21,33.94,33.29,33.29,60.93,70.77,83.22,35.44,43.74,42.2,64.01,43.66,46.32,48.08
7,54.33,84.02,70.34,24.33,73.78,61.61,34.93,0.0,32.98,52.15,80.0,55.46,93.3,121.66,90.44,85.44,92.78,95.08,55.03,89.55,36.0,111.95,84.21,43.91,93.3,42.0,12.17,15.23,60.53,69.97,92.2,57.72,80.4,48.41,18.87,11.66,62.8,49.03,94.85,80.06,68.03,54.67,64.47,65.0,59.08,58.26,61.22
8,52.84,55.61,61.61,32.25,43.86,28.64,47.71,32.98,0.0,56.85,78.79,42.76,73.76,95.41,78.1,52.8,94.83,84.38,46.17,58.41,8.94,84.02,84.97,15.23,62.48,12.81,34.23,26.68,65.6,39.6,68.03,51.26,48.0,30.07,16.12,22.09,58.31,16.12,78.41,47.42,67.08,34.13,51.35,34.66,41.01,37.34,40.45
9,10.2,70.0,27.2,29.12,67.08,74.43,18.44,52.15,56.85,0.0,28.28,28.07,59.06,95.08,46.69,86.83,40.79,48.83,22.0,82.39,65.6,90.71,32.06,51.61,84.1,69.43,40.05,39.29,8.94,65.97,66.48,18.44,94.83,36.77,46.52,48.08,17.2,66.84,55.61,82.57,17.09,40.26,30.81,62.94,37.12,41.59,42.19
10,26.68,71.69,21.63,56.14,73.78,89.2,46.69,80.0,78.79,28.28,0.0,38.42,48.0,84.38,28.64,94.34,16.97,26.83,33.29,85.91,87.73,84.21,7.21,69.34,86.16,90.35,68.03,66.27,21.54,74.4,60.83,27.78,107.63,51.61,71.81,74.67,20.59,84.88,40.45,91.26,12.17,51.66,33.42,73.11,45.28,50.93,49.68
11,18.44,42.05,18.97,32.8,39.29,50.91,35.78,55.46,42.76,28.07,38.42,0.0,38.42,71.02,36.22,59.46,55.32,42.0,6.32,54.33,51.42,64.62,45.34,31.3,56.04,53.14,46.04,40.25,33.53,38.63,41.18,11.66,70.0,13.42,40.79,46.17,18.44,46.65,39.4,55.54,28.43,13.6,9.22,36.24,9.06,13.93,14.14
12,49.4,33.29,32.31,71.22,42.38,67.08,72.47,93.3,73.76,59.06,48.0,38.42,0.0,36.88,20.88,59.36,61.19,26.83,41.04,46.86,80.89,36.5,54.15,58.86,45.25,80.22,84.4,78.23,59.46,45.61,15.62,41.62,78.79,45.69,76.97,83.19,42.05,70.0,10.0,58.59,47.54,40.16,30.41,47.68,34.44,36.69,33.53
13,85.09,40.25,68.96,102.45,52.8,77.79,106.68,121.66,95.41,95.08,84.38,71.02,36.88,0.0,56.04,58.14,96.08,60.13,75.18,44.41,100.24,14.0,90.09,80.45,40.2,97.51,114.77,107.52,96.17,57.27,30.0,76.97,80.1,73.59,103.48,110.45,78.43,85.91,44.05,60.67,84.4,67.21,64.85,61.72,64.2,63.7,60.96
14,38.83,50.99,20.59,66.48,57.2,78.79,63.25,90.44,78.1,46.69,28.64,36.22,20.88,56.04,0.0,76.42,40.45,7.21,35.44,65.3,86.37,57.27,34.06,64.78,64.4,87.13,79.85,75.29,44.41,59.36,35.78,33.11,93.74,48.04,76.94,82.0,30.0,78.59,12.0,74.65,31.62,44.55,27.07,59.94,37.34,41.98,39.29
15,77.79,26.08,72.72,76.24,20.59,25.61,88.09,85.44,52.8,86.83,94.34,59.46,59.36,58.14,76.42,0.0,110.94,83.55,65.79,14.14,53.25,44.18,101.55,42.76,18.0,48.41,83.95,75.71,92.97,20.88,44.72,70.94,22.0,50.64,67.05,74.0,76.97,37.74,68.82,5.39,86.76,46.57,61.29,24.19,50.7,45.54,45.69
16,42.05,87.66,38.42,69.86,90.44,106.15,58.14,92.78,94.83,40.79,16.97,55.32,61.19,96.08,40.45,110.94,0.0,36.0,50.0,102.0,103.77,97.67,10.0,86.02,101.98,106.68,80.62,80.05,32.25,91.21,75.29,44.41,124.58,68.41,86.65,88.77,37.2,101.61,52.35,108.0,27.78,68.62,50.33,90.03,62.24,67.9,66.6
17,42.05,58.0,24.74,70.88,64.4,85.91,66.24,95.08,84.38,48.83,26.83,42.0,26.83,60.13,7.21,83.55,36.0,0.0,40.45,72.25,92.78,62.64,31.05,71.39,71.22,93.74,84.12,80.05,45.25,66.57,42.19,37.36,100.96,54.33,82.39,87.13,33.11,85.44,17.09,81.84,32.56,51.2,33.06,67.12,43.93,48.76,46.17
18,12.17,48.0,16.0,31.3,45.61,56.64,31.62,55.03,46.17,22.0,33.29,6.32,41.04,75.18,35.44,65.79,50.0,40.45,0.0,60.53,55.03,69.57,40.0,36.06,62.13,57.27,44.72,39.85,27.2,44.94,45.69,5.66,76.03,18.44,42.05,46.69,12.81,51.61,40.5,61.85,22.63,19.72,10.63,42.49,15.3,20.25,20.4
19,72.69,14.42,64.62,76.66,16.49,34.99,86.58,89.55,58.41,82.39,85.91,54.33,46.86,44.41,65.3,14.14,102.0,72.25,60.53,0.0,60.83,30.59,93.04,45.65,4.47,56.85,86.16,78.0,87.48,19.7,31.62,65.12,36.06,48.37,70.71,77.9,70.34,45.34,56.64,16.28,79.7,43.05,54.12,24.6,45.28,41.01,40.2
20,61.77,60.03,70.34,40.0,47.71,27.78,55.61,36.0,8.94,65.6,87.73,51.42,80.89,100.24,86.37,53.25,103.77,92.78,55.03,60.83,0.0,88.2,93.91,22.09,65.12,6.0,39.85,33.11,74.4,43.27,74.0,60.17,44.72,38.47,22.36,26.68,67.23,15.62,86.09,48.01,76.03,42.01,59.84,38.59,49.09,45.01,48.04
21,80.52,28.43,66.27,94.34,40.5,64.62,100.32,111.95,84.02,90.71,84.21,64.62,36.5,14.0,57.27,44.18,97.67,62.64,69.57,30.59,88.2,0.0,90.55,69.43,26.31,85.09,106.02,98.41,93.06,44.94,24.33,72.28,66.12,64.9,93.38,100.5,74.97,73.43,45.61,46.87,82.22,58.52,59.91,49.65,56.8,55.23,52.84
22,32.31,78.79,28.84,60.83,80.99,96.21,50.04,84.21,84.97,32.06,7.21,45.34,54.15,90.09,34.06,101.55,10.0,31.05,40.0,93.04,93.91,90.55,0.0,76.03,93.23,96.75,72.11,71.02,24.08,81.61,67.47,34.41,114.77,58.41,77.2,79.62,27.2,91.61,46.04,98.47,17.89,58.69,40.61,80.28,52.4,58.05,56.85
23,45.25,41.04,50.16,34.06,30.0,23.41,47.54,43.91,15.23,51.61,69.34,31.3,58.86,80.45,64.78,42.76,86.02,71.39,36.06,45.65,22.09,69.43,76.03,0.0,49.4,22.36,41.23,32.98,59.67,26.08,52.8,41.62,44.27,17.89,25.06,32.25,48.83,15.62,64.03,37.48,58.41,20.22,38.9,21.1,27.46,23.02,26.0
24,74.24,14.56,65.15,79.7,19.7,39.45,89.11,93.3,62.48,84.1,86.16,56.04,45.25,40.2,64.4,18.0,101.98,71.22,62.13,4.47,65.12,26.31,93.23,49.4,0.0,61.22,89.55,81.44,88.81,23.32,29.73,66.48,40.0,50.99,74.43,81.63,71.39,49.68,55.17,20.62,80.52,45.4,55.11,28.3,47.01,43.1,42.0
25,64.9,57.27,72.11,44.94,44.72,22.8,60.46,42.0,12.81,69.43,90.35,53.14,80.22,97.51,87.13,48.41,106.68,93.74,57.27,56.85,6.0,85.09,96.75,22.36,61.22,0.0,45.61,38.63,78.1,40.25,72.28,62.61,38.83,39.85,27.86,32.56,69.77,11.66,86.02,43.28,78.89,42.58,61.13,35.85,49.82,45.28,48.17
26,42.76,78.89,59.46,13.42,69.86,62.03,22.8,12.17,34.23,40.05,68.03,46.04,84.4,114.77,79.85,83.95,80.62,84.12,44.72,86.16,39.85,106.02,72.11,41.23,89.55,45.61,0.0,8.25,48.37,66.48,84.9,46.82,82.1,41.23,18.11,13.42,51.42,50.04,85.09,78.64,56.14,47.63,54.71,61.68,50.93,51.09,53.81
27,40.0,71.02,55.32,10.2,61.74,54.0,24.41,15.23,26.68,39.29,66.27,40.25,78.23,107.52,75.29,75.71,80.05,80.05,39.85,78.0,33.11,98.41,71.02,32.98,81.44,38.63,8.25,0.0,48.08,58.31,77.79,42.76,74.24,33.94,10.77,8.94,48.17,42.19,79.62,70.41,54.15,40.31,49.24,53.49,44.2,43.84,46.69
28,15.23,74.43,27.2,37.95,72.8,82.1,26.0,60.53,65.6,8.94,21.54,33.53,59.46,96.17,44.41,92.97,32.25,45.25,27.2,87.48,74.4,93.06,24.08,59.67,88.81,78.1,48.37,48.08,0.0,72.11,68.73,22.36,102.22,43.91,55.46,56.92,18.11,75.07,54.59,88.96,12.81,46.62,34.01,69.46,42.45,47.43,47.54
29,56.92,17.09,52.8,57.27,4.47,22.0,68.03,69.97,39.6,65.97,74.4,38.63,45.61,57.27,59.36,20.88,91.21,66.57,44.94,19.7,43.27,44.94,81.61,26.08,23.32,40.25,66.48,58.31,72.11,0.0,34.0,50.16,34.41,30.07,51.11,58.31,56.36,28.64,53.85,17.0,66.24,25.71,41.05,5.0,29.97,24.7,25.06
30,56.32,18.97,42.05,72.47,30.07,56.0,76.94,92.2,68.03,66.48,60.83,41.18,15.62,30.0,35.78,44.72,75.29,42.19,45.69,31.62,74.0,24.33,67.47,52.8,29.73,72.28,84.9,77.79,68.73,34.0,0.0,48.08,65.15,43.86,74.4,81.22,50.64,61.19,25.61,44.6,58.03,37.54,35.74,37.22,34.21,33.97,31.11
31,8.25,52.15,12.65,33.53,50.6,62.29,31.11,57.72,51.26,18.44,27.78,11.66,41.62,76.97,33.11,70.94,44.41,37.36,5.66,65.12,60.17,72.28,34.41,41.62,66.48,62.61,46.82,42.76,22.36,50.16,48.08,0.0,81.61,24.08,46.04,50.16,7.21,57.2,39.7,67.12,16.97,25.24,12.37,47.89,20.25,25.5,25.3
32,87.13,46.17,86.28,77.67,36.72,20.88,91.76,80.4,48.0,94.83,107.63,70.0,78.79,80.1,93.74,22.0,124.58,100.96,76.03,36.06,44.72,66.12,114.77,44.27,40.0,38.83,82.1,74.24,102.22,34.41,65.15,81.61,0.0,58.31,64.03,70.03,88.41,32.06,87.66,20.62,98.41,56.4,74.28,34.66,62.37,56.73,58.0
33,28.84,38.63,32.31,29.53,32.06,38.42,38.21,48.41,30.07,36.77,51.61,13.42,45.69,73.59,48.04,50.64,68.41,54.33,18.44,48.37,38.47,64.9,58.41,17.89,50.99,39.85,41.23,33.94,43.91,30.07,43.86,24.08,58.31,0.0,31.3,37.74,31.24,33.29,49.03,46.1,41.04,6.4,21.38,26.48,11.4,9.9,12.81
34,45.12,65.3,58.03,18.44,54.92,44.18,33.94,18.87,16.12,46.52,71.81,40.79,76.97,103.48,76.94,67.05,86.65,82.39,42.05,70.71,22.36,93.38,77.2,25.06,74.43,27.86,18.11,10.77,55.46,51.11,74.4,46.04,64.03,31.3,0.0,7.21,52.35,32.0,79.7,61.68,59.67,37.22,50.01,46.14,42.54,40.82,43.91
35,48.17,72.47,62.51,18.97,62.13,50.64,33.29,11.66,22.09,48.08,74.67,46.17,83.19,110.45,82.0,74.0,88.77,87.13,46.69,77.9,26.68,100.5,79.62,32.25,81.63,32.56,13.42,8.94,56.92,58.31,81.22,50.16,70.03,37.74,7.21,0.0,56.0,38.21,85.44,68.62,62.51,43.83,55.36,53.34,48.76,47.43,50.48
36,8.94,56.89,10.0,38.47,56.46,69.31,33.29,62.8,58.31,17.2,20.59,18.44,42.05,78.43,30.0,76.97,37.2,33.11,12.81,70.34,67.23,74.97,27.2,48.83,71.39,69.77,51.42,48.17,18.11,56.36,50.64,7.21,88.41,31.24,52.35,56.0,0.0,64.4,38.42,73.36,10.0,32.02,16.28,54.38,26.42,31.91,31.3
37,60.83,45.69,65.3,46.17,33.11,12.65,60.93,49.03,16.12,66.84,84.88,46.65,70.0,85.91,78.59,37.74,101.61,85.44,51.61,45.34,15.62,73.43,91.61,15.62,49.68,11.66,50.04,42.19,75.07,28.64,61.19,57.2,32.06,33.29,32.0,38.21,64.4,0.0,76.42,32.45,74.03,34.54,53.71,24.35,41.79,36.69,39.29
38,46.69,42.8,28.43,71.69,50.99,74.73,70.77,94.85,78.41,55.61,40.45,39.4,10.0,44.05,12.0,68.82,52.35,17.09,40.5,56.64,86.09,45.61,46.04,64.03,55.17,86.02,85.09,79.62,54.59,53.85,25.61,39.7,87.66,49.03,79.7,85.44,38.42,76.42,0.0,67.74,42.05,44.28,30.41,55.36,37.66,41.11,38.05
39,73.74,25.63,69.63,71.11,17.69,20.52,83.22,80.06,47.42,82.57,91.26,55.54,58.59,60.67,74.65,5.39,108.0,81.84,61.85,16.28,48.01,46.87,98.47,37.48,20.62,43.28,78.64,70.41,88.96,17.0,44.6,67.12,20.62,46.1,61.68,68.62,73.36,32.45,67.74,0.0,83.24,42.38,57.98,19.65,46.96,41.63,42.06
40,14.56,65.97,16.0,44.05,66.21,79.25,35.44,68.03,67.08,17.09,12.17,28.43,47.54,84.4,31.62,86.76,27.78,32.56,22.63,79.7,76.03,82.22,17.89,58.41,80.52,78.89,56.14,54.15,12.81,66.24,58.03,16.97,98.41,41.04,59.67,62.51,10.0,74.03,42.05,83.24,0.0,42.01,25.63,64.35,36.36,41.88,41.18
41,31.38,32.57,31.06,35.85,27.07,37.54,43.74,54.67,34.13,40.26,51.66,13.6,40.16,67.21,44.55,46.57,68.62,51.2,19.72,43.05,42.01,58.52,58.69,20.22,45.4,42.58,47.63,40.31,46.62,25.71,37.54,25.24,56.4,6.4,37.22,43.83,32.02,34.54,44.28,42.38,42.01,0.0,19.24,22.85,7.28,3.61,6.71
42,20.62,40.61,12.04,41.34,40.71,56.4,42.2,64.47,51.35,30.81,33.42,9.22,30.41,64.85,27.07,61.29,50.33,33.06,10.63,54.12,59.84,59.91,40.61,38.9,55.11,61.13,54.71,49.24,34.01,41.05,35.74,12.37,74.28,21.38,50.01,55.36,16.28,53.71,30.41,57.98,25.63,19.24,0.0,39.7,12.21,17.8,16.28
43,54.23,21.47,51.66,52.77,9.22,19.42,64.01,65.0,34.66,62.94,73.11,36.24,47.68,61.72,59.94,24.19,90.03,67.12,42.49,24.6,38.59,49.65,80.28,21.1,28.3,35.85,61.68,53.49,69.46,5.0,37.22,47.89,34.66,26.48,46.14,53.34,54.38,24.35,55.36,19.65,64.35,22.85,39.7,0.0,28.02,22.47,23.43
44,27.46,33.14,24.21,38.29,30.36,44.2,43.66,59.08,41.01,37.12,45.28,9.06,34.44,64.2,37.34,50.7,62.24,43.93,15.3,45.28,49.09,56.8,52.4,27.46,47.01,49.82,50.93,44.2,42.45,29.97,34.21,20.25,62.37,11.4,42.54,48.76,26.42,41.79,37.66,46.96,36.36,7.28,12.21,28.02,0.0,5.66,5.1
45,32.28,29.83,29.83,39.12,25.5,38.6,46.32,58.26,37.34,41.59,50.93,13.93,36.69,63.7,41.98,45.54,67.9,48.76,20.25,41.01,45.01,55.23,58.05,23.02,43.1,45.28,51.09,43.84,47.43,24.7,33.97,25.5,56.73,9.9,40.82,47.43,31.91,36.69,41.11,41.63,41.88,3.61,17.8,22.47,5.66,0.0,3.16
46,32.56,28.28,28.28,41.62,25.3,40.5,48.08,61.22,40.45,42.19,49.68,14.14,33.53,60.96,39.29,45.69,66.6,46.17,20.4,40.2,48.04,52.84,56.85,26.0,42.0,48.17,53.81,46.69,47.54,25.06,31.11,25.3,58.0,12.81,43.91,50.48,31.3,39.29,38.05,42.06,41.18,6.71,16.28,23.43,5.1,3.16,0.0
