set K:= 1	2	3	4	5;
set C_H:= 1	2	3	4	5	6	7	8	9	10	11	12	13	14;
set C_S:= 15	16	17	18	19	20	21	22	23	24	25	26;
set C_F:= 27	28	29	30	31	32	33	34	35	36	37	38;
set M:= 0	1;
set L_B:= 2	3	4	5	45	46	47	48	49;
set A1:=
(0,*) 1 2 3 4 5 6 7 8 9 10 11 12 13 14 27 28 29 30 31 32 33 34 35 36 37 38 1 2 3 4 5 45 46 47 48 49
(1,*) 0 2 3 4 5 6 7 8 9 10 11 12 13 14 27 28 29 30 31 32 33 34 35 36 37 38 0 2 3 4 5 45 46 47 48 49
(2,*) 0 1 3 4 5 6 7 8 9 10 11 12 13 14 27 28 29 30 31 32 33 34 35 36 37 38 0 1 3 4 5 45 46 47 48 49
(3,*) 0 1 2 4 5 6 7 8 9 10 11 12 13 14 27 28 29 30 31 32 33 34 35 36 37 38 0 1 2 4 5 45 46 47 48 49
(4,*) 0 1 2 3 5 6 7 8 9 10 11 12 13 14 27 28 29 30 31 32 33 34 35 36 37 38 0 1 2 3 5 45 46 47 48 49
(5,*) 0 1 2 3 4 6 7 8 9 10 11 12 13 14 27 28 29 30 31 32 33 34 35 36 37 38 0 1 2 3 4 45 46 47 48 49
(6,*) 0 1 2 3 4 5 7 8 9 10 11 12 13 14 27 28 29 30 31 32 33 34 35 36 37 38 0 1 2 3 4 5 45 46 47 48 49
(7,*) 0 1 2 3 4 5 6 8 9 10 11 12 13 14 27 28 29 30 31 32 33 34 35 36 37 38 0 1 2 3 4 5 45 46 47 48 49
(8,*) 0 1 2 3 4 5 6 7 9 10 11 12 13 14 27 28 29 30 31 32 33 34 35 36 37 38 0 1 2 3 4 5 45 46 47 48 49
(9,*) 0 1 2 3 4 5 6 7 8 10 11 12 13 14 27 28 29 30 31 32 33 34 35 36 37 38 0 1 2 3 4 5 45 46 47 48 49
(10,*) 0 1 2 3 4 5 6 7 8 9 11 12 13 14 27 28 29 30 31 32 33 34 35 36 37 38 0 1 2 3 4 5 45 46 47 48 49
(11,*) 0 1 2 3 4 5 6 7 8 9 10 12 13 14 27 28 29 30 31 32 33 34 35 36 37 38 0 1 2 3 4 5 45 46 47 48 49
(12,*) 0 1 2 3 4 5 6 7 8 9 10 11 13 14 27 28 29 30 31 32 33 34 35 36 37 38 0 1 2 3 4 5 45 46 47 48 49
(13,*) 0 1 2 3 4 5 6 7 8 9 10 11 12 14 27 28 29 30 31 32 33 34 35 36 37 38 0 1 2 3 4 5 45 46 47 48 49
(14,*) 0 1 2 3 4 5 6 7 8 9 10 11 12 13 27 28 29 30 31 32 33 34 35 36 37 38 0 1 2 3 4 5 45 46 47 48 49
(27,*) 0 1 2 3 4 5 6 7 8 9 10 11 12 13 14 28 29 30 31 32 33 34 35 36 37 38 0 1 2 3 4 5 45 46 47 48 49
(28,*) 0 1 2 3 4 5 6 7 8 9 10 11 12 13 14 27 29 30 31 32 33 34 35 36 37 38 0 1 2 3 4 5 45 46 47 48 49
(29,*) 0 1 2 3 4 5 6 7 8 9 10 11 12 13 14 27 28 30 31 32 33 34 35 36 37 38 0 1 2 3 4 5 45 46 47 48 49
(30,*) 0 1 2 3 4 5 6 7 8 9 10 11 12 13 14 27 28 29 31 32 33 34 35 36 37 38 0 1 2 3 4 5 45 46 47 48 49
(31,*) 0 1 2 3 4 5 6 7 8 9 10 11 12 13 14 27 28 29 30 32 33 34 35 36 37 38 0 1 2 3 4 5 45 46 47 48 49
(32,*) 0 1 2 3 4 5 6 7 8 9 10 11 12 13 14 27 28 29 30 31 33 34 35 36 37 38 0 1 2 3 4 5 45 46 47 48 49
(33,*) 0 1 2 3 4 5 6 7 8 9 10 11 12 13 14 27 28 29 30 31 32 34 35 36 37 38 0 1 2 3 4 5 45 46 47 48 49
(34,*) 0 1 2 3 4 5 6 7 8 9 10 11 12 13 14 27 28 29 30 31 32 33 35 36 37 38 0 1 2 3 4 5 45 46 47 48 49
(35,*) 0 1 2 3 4 5 6 7 8 9 10 11 12 13 14 27 28 29 30 31 32 33 34 36 37 38 0 1 2 3 4 5 45 46 47 48 49
(36,*) 0 1 2 3 4 5 6 7 8 9 10 11 12 13 14 27 28 29 30 31 32 33 34 35 37 38 0 1 2 3 4 5 45 46 47 48 49
(37,*) 0 1 2 3 4 5 6 7 8 9 10 11 12 13 14 27 28 29 30 31 32 33 34 35 36 38 0 1 2 3 4 5 45 46 47 48 49
(38,*) 0 1 2 3 4 5 6 7 8 9 10 11 12 13 14 27 28 29 30 31 32 33 34 35 36 37 0 1 2 3 4 5 45 46 47 48 49
(0,*) 1 2 3 4 5 6 7 8 9 10 11 12 13 14 27 28 29 30 31 32 33 34 35 36 37 38 1 2 3 4 5 45 46 47 48 49
(1,*) 0 2 3 4 5 6 7 8 9 10 11 12 13 14 27 28 29 30 31 32 33 34 35 36 37 38 0 2 3 4 5 45 46 47 48 49
(2,*) 0 1 3 4 5 6 7 8 9 10 11 12 13 14 27 28 29 30 31 32 33 34 35 36 37 38 0 1 3 4 5 45 46 47 48 49
(3,*) 0 1 2 4 5 6 7 8 9 10 11 12 13 14 27 28 29 30 31 32 33 34 35 36 37 38 0 1 2 4 5 45 46 47 48 49
(4,*) 0 1 2 3 5 6 7 8 9 10 11 12 13 14 27 28 29 30 31 32 33 34 35 36 37 38 0 1 2 3 5 45 46 47 48 49
(5,*) 0 1 2 3 4 6 7 8 9 10 11 12 13 14 27 28 29 30 31 32 33 34 35 36 37 38 0 1 2 3 4 45 46 47 48 49
(45,*) 0 1 2 3 4 5 6 7 8 9 10 11 12 13 14 27 28 29 30 31 32 33 34 35 36 37 38 0 1 2 3 4 5 46 47 48 49
(46,*) 0 1 2 3 4 5 6 7 8 9 10 11 12 13 14 27 28 29 30 31 32 33 34 35 36 37 38 0 1 2 3 4 5 45 47 48 49
(47,*) 0 1 2 3 4 5 6 7 8 9 10 11 12 13 14 27 28 29 30 31 32 33 34 35 36 37 38 0 1 2 3 4 5 45 46 48 49
(48,*) 0 1 2 3 4 5 6 7 8 9 10 11 12 13 14 27 28 29 30 31 32 33 34 35 36 37 38 0 1 2 3 4 5 45 46 47 49
(49,*) 0 1 2 3 4 5 6 7 8 9 10 11 12 13 14 27 28 29 30 31 32 33 34 35 36 37 38 0 1 2 3 4 5 45 46 47 48
;
set A2:=
(0,*) 1
(1,*) 0
;
param BigM:=99999;
param n:= 5;
param d:=
1	24
2	3
3	23
4	24
5	6
6	3
7	3
8	20
9	10
10	20
11	6
12	19
13	4
14	7
15	5
16	20
17	15
18	16
19	21
20	14
21	13
22	16
23	12
24	13
25	7
26	24
27	26
28	3
29	20
30	9
31	3
32	6
33	5
34	22
35	24
36	1
37	2
38	6
;
param Q:=100;
param w:=
[0,*] 1 0.5
[1,*] 0 0.5
;
param V:=
[0,*] 1 94
[1,*] 0 94
;
param e:
	0	1	2	3	4	5	45	46	47	48	49:=
15	0	0	0	0	0	0	0	0	0	0	0	
16	0	0	0	0	0	0	0	0	0	0	0	
17	0	0	0	0	0	0	0	0	0	0	0	
18	0	0	0	0	0	0	0	0	0	0	0	
19	0	0	0	0	0	0	0	0	0	0	0	
20	0	0	0	0	0	0	0	0	0	0	0	
21	0	0	0	0	0	0	0	0	0	0	0	
22	0	0	0	0	0	0	0	0	0	0	0	
23	0	0	0	0	0	0	0	0	0	0	0	
24	0	0	0	0	0	0	0	0	0	0	0	
25	0	0	0	0	0	0	0	0	0	0	0	
26	0	0	0	0	0	0	0	0	0	0	0	
27	0	0	0	0	0	0	0	0	0	0	0	
28	0	0	0	0	0	0	0	0	0	0	0	
29	0	0	0	0	0	0	0	0	0	0	0	
30	0	0	0	0	0	0	0	0	0	0	0	
31	0	0	0	0	0	0	0	0	0	0	0	
32	0	0	0	0	0	0	0	0	0	0	0	
33	0	0	0	0	0	0	0	0	0	0	0	
34	0	0	0	0	0	0	0	0	0	0	0	
35	0	0	0	0	0	0	0	0	0	0	0	
36	0	0	0	0	0	0	0	0	0	0	0	
37	0	0	0	0	0	0	0	0	0	0	0	
38	0	0	0	0	0	0	0	0	0	0	0	
;
param p:=
1	3
2	3
3	3
4	3
5	3
;
param G:=
0	94
1	82
2	83
3	73
4	88
5	76
45	92
46	83
47	94
48	98
49	83
;
param s:=
0	0
1	15
2	15
3	15
4	15
5	15
6	15
7	15
8	15
9	15
10	15
11	15
12	15
13	15
14	15
27	15
28	15
29	15
30	15
31	15
32	15
33	15
34	15
35	15
36	15
37	15
38	15
0	10
1	10
2	10
3	10
4	10
5	10
45	10
46	10
47	10
48	10
49	10
;
param t:
	0	1	2	3	4	5	6	7	8	9	10	11	12	13	14	15	16	17	18	19	20	21	22	23	24	25	26	27	28	29	30	31	32	33	34	35	36	37	38	39	40	41	42	43	44	45	46	47	48	49:=
0	0.0	70.0	88.54	47.41	2.0	40.5	43.27	14.42	86.35	34.53	73.76	50.99	61.06	95.85	36.5	37.58	4.0	77.25	61.19	19.7	45.12	16.12	41.23	52.8	65.51	18.87	85.16	62.03	22.8	18.0	27.2	48.37	69.57	14.42	68.96	63.15	36.5	32.25	76.16	87.09	54.57	77.1	25.61	86.21	66.41	37.59	52.8	49.82	29.68	43.32
1	70.0	0.0	31.3	63.78	72.0	34.93	41.62	78.92	24.41	83.26	60.17	32.56	64.4	42.05	34.53	39.4	66.0	28.07	15.62	52.61	27.86	54.04	46.04	42.52	15.23	62.1	19.8	25.06	53.85	52.0	50.6	80.0	22.36	78.92	20.4	84.9	84.1	44.94	38.21	26.93	77.83	54.82	57.58	53.04	22.14	41.15	31.11	22.85	47.76	32.2
2	88.54	31.3	0.0	93.51	90.44	62.29	48.17	100.32	8.0	90.2	91.39	38.47	95.41	66.12	52.8	51.42	84.76	12.0	28.84	68.96	43.86	72.8	52.04	73.24	24.41	74.97	42.0	26.68	78.23	71.69	76.03	108.9	18.97	93.38	51.26	115.26	110.44	57.27	68.41	5.0	107.71	85.7	68.47	82.57	22.14	68.68	61.61	39.82	73.6	60.11
3	47.41	63.78	93.51	0.0	48.37	32.25	67.47	42.43	87.68	80.99	29.53	68.35	14.14	66.12	50.0	59.23	45.69	86.02	66.03	50.16	56.46	44.41	68.73	22.36	70.0	59.23	68.03	73.43	28.28	42.19	26.0	17.09	77.67	61.77	49.19	22.36	28.64	58.31	44.18	89.83	14.21	35.74	62.29	47.3	75.17	26.4	32.8	57.71	26.17	33.84
4	2.0	72.0	90.44	48.37	0.0	42.38	44.94	13.42	88.29	34.23	75.07	52.8	62.13	97.69	38.47	39.4	6.0	79.12	63.15	21.54	47.07	18.11	42.8	54.41	67.47	20.0	87.13	63.91	24.41	20.0	28.84	48.66	71.47	13.42	70.88	63.56	36.22	34.0	77.9	89.02	55.08	78.57	26.91	87.8	68.31	39.36	54.63	51.79	31.38	45.22
5	40.5	34.93	62.29	32.25	42.38	0.0	38.05	46.04	57.2	65.12	43.17	36.88	38.47	55.46	20.1	30.27	36.77	54.04	34.06	29.73	24.74	27.2	40.45	18.44	38.21	41.04	46.0	41.18	20.0	24.41	16.12	46.69	45.61	52.84	28.64	54.59	49.19	31.62	36.88	59.03	46.32	42.95	40.5	49.2	43.01	6.4	12.81	25.5	13.15	3.0
6	43.27	41.62	48.17	67.47	44.94	38.05	0.0	56.85	48.17	43.17	80.89	10.2	76.11	80.92	18.0	8.25	40.0	36.22	26.83	24.08	16.12	29.73	4.47	56.32	29.73	27.2	61.22	22.09	42.05	30.0	42.38	78.0	30.07	45.61	53.25	89.29	73.24	11.31	68.88	48.01	80.36	79.56	20.4	83.38	27.17	42.11	47.54	19.85	41.48	38.33
7	14.42	78.92	100.32	42.43	13.42	46.04	56.85	0.0	97.41	46.04	71.22	63.81	56.57	99.46	47.54	50.48	16.97	89.44	72.11	32.8	56.46	27.78	55.17	53.85	76.55	33.29	92.02	74.24	26.08	28.64	30.27	38.63	81.44	24.0	74.43	53.85	24.08	45.61	78.43	98.43	46.07	76.01	40.0	86.35	78.29	41.44	56.89	60.75	33.24	49.04
8	86.35	24.41	8.0	87.68	88.29	57.2	48.17	97.41	0.0	91.08	84.1	38.05	88.81	58.14	50.0	50.16	82.46	14.42	25.3	67.08	41.23	70.34	52.35	66.84	20.88	74.11	34.0	26.08	74.24	68.96	71.69	103.48	18.11	92.35	43.86	109.12	106.0	56.14	60.73	3.0	101.83	78.19	68.0	74.73	21.02	63.6	55.32	36.69	69.12	54.82
9	34.53	83.26	90.2	80.99	34.23	65.12	43.17	46.04	91.08	0.0	104.96	53.37	94.02	118.41	50.48	43.86	35.44	78.23	69.57	35.38	55.46	38.83	38.83	81.61	72.8	24.08	102.0	65.12	53.67	41.62	57.31	82.87	72.99	22.09	90.0	97.67	70.0	38.47	101.82	90.67	89.05	106.83	26.08	114.21	70.21	65.0	77.79	60.42	58.83	67.18
10	73.76	60.17	91.39	29.53	75.07	43.17	80.89	71.22	84.1	104.96	0.0	78.03	16.49	43.86	63.15	73.35	71.22	87.36	69.05	70.68	66.12	66.24	83.55	24.74	71.81	81.41	55.32	78.64	51.61	63.53	47.71	42.76	80.05	88.09	40.25	36.5	57.58	74.73	25.46	86.82	35.13	8.54	82.46	20.22	78.45	40.85	34.0	65.01	46.14	42.58
11	50.99	32.56	38.47	68.35	52.8	36.88	10.2	63.81	38.05	53.37	78.03	0.0	75.31	73.24	18.87	13.42	47.41	26.68	17.2	31.3	12.17	36.06	14.56	54.15	19.7	36.5	52.35	12.0	45.61	35.61	44.94	80.62	20.0	54.92	46.52	90.62	77.9	18.97	63.25	38.01	81.94	75.66	30.07	78.16	17.03	42.06	44.05	13.34	43.42	36.35
12	61.06	64.4	95.41	14.14	62.13	38.47	76.11	56.57	88.81	94.02	16.49	75.31	0.0	57.72	58.14	68.03	59.06	89.44	69.86	61.61	63.15	56.32	78.0	22.36	73.35	71.47	64.4	78.43	40.5	53.85	37.36	26.31	81.44	75.47	46.69	22.36	41.23	68.12	36.77	91.26	19.03	24.02	73.76	36.01	79.31	34.01	34.0	63.32	36.67	39.05
13	95.85	42.05	66.12	66.12	97.69	55.46	80.92	99.46	58.14	118.41	43.86	73.24	57.72	0.0	68.12	76.37	92.2	67.91	57.31	83.76	65.12	82.37	85.04	46.39	57.27	94.87	24.33	67.08	74.0	79.65	69.57	82.61	63.91	108.24	28.43	79.7	94.02	80.72	22.0	61.13	76.49	35.34	92.46	25.0	64.08	58.52	43.08	61.07	66.73	52.77
14	36.5	34.53	52.8	50.0	38.47	20.1	18.0	47.54	50.0	50.48	63.15	18.87	58.14	68.12	0.0	10.2	32.56	42.19	24.74	18.11	8.94	20.4	20.4	38.47	29.12	27.86	52.0	27.2	26.91	18.97	26.08	61.77	34.0	44.41	39.7	72.11	59.4	12.81	53.25	50.92	63.32	62.3	24.41	67.12	30.89	24.19	30.46	13.34	24.6	20.62
15	37.58	39.4	51.42	59.23	39.4	30.27	8.25	50.48	50.16	43.86	73.35	13.42	68.03	76.37	10.2	0.0	34.0	39.85	26.31	17.89	11.66	22.8	10.2	48.66	30.07	24.0	58.31	24.74	34.0	22.63	34.18	69.86	32.56	42.19	48.17	81.04	65.6	6.0	62.77	50.49	72.12	72.42	18.44	76.92	29.43	34.01	40.5	16.55	33.24	30.81
16	4.0	66.0	84.76	45.69	6.0	36.77	40.0	16.97	82.46	35.44	71.22	47.41	59.06	92.2	32.56	34.0	0.0	73.54	57.27	16.12	41.23	12.17	38.21	49.68	61.61	17.09	81.22	58.31	19.8	14.0	24.08	48.04	65.79	16.97	65.15	62.51	37.36	28.84	72.72	83.24	53.76	74.25	23.32	83.1	62.63	34.13	49.19	45.89	26.4	39.56
17	77.25	28.07	12.0	86.02	79.12	54.04	36.22	89.44	14.42	78.23	87.36	26.68	89.44	67.91	42.19	39.85	73.54	0.0	20.0	57.58	33.29	61.74	40.05	67.08	16.12	63.15	43.68	15.23	68.41	60.83	66.6	100.66	8.49	81.58	48.37	108.17	100.9	45.61	66.27	13.0	100.21	82.57	56.57	81.1	11.4	60.31	55.46	29.83	64.38	52.2
18	61.19	15.62	28.84	66.03	63.15	34.06	26.83	72.11	25.3	69.57	69.05	17.2	69.86	57.31	24.74	26.31	57.27	20.0	0.0	42.19	16.12	45.12	31.3	47.54	4.47	50.16	35.38	10.2	49.4	43.68	47.2	80.72	11.66	68.0	32.56	88.2	81.61	32.25	50.36	26.4	80.21	65.12	44.72	65.49	9.49	40.36	36.06	11.4	44.82	32.2
19	19.7	52.61	68.96	50.16	21.54	29.73	24.08	32.8	67.08	35.38	70.68	31.3	61.61	83.76	18.11	17.89	16.12	57.58	42.19	0.0	26.08	6.32	22.8	46.65	46.39	11.31	69.57	42.38	22.0	8.0	24.33	57.27	50.0	26.31	55.57	70.26	50.12	12.81	66.48	67.68	61.2	71.87	12.17	78.87	46.84	30.02	42.43	31.02	25.0	31.83
20	45.12	27.86	43.86	56.46	47.07	24.74	16.12	56.46	41.23	55.46	66.12	12.17	63.15	65.12	8.94	11.66	41.23	33.29	16.12	26.08	0.0	29.12	20.0	42.05	20.4	34.53	46.65	18.44	35.38	27.86	34.06	69.34	25.06	52.04	37.2	78.79	67.94	17.09	52.8	42.06	70.21	64.13	29.73	67.42	21.95	30.08	32.25	5.1	32.2	24.19
21	16.12	54.04	72.8	44.41	18.11	27.2	29.73	27.78	70.34	38.83	66.24	36.06	56.32	82.37	20.4	22.8	12.17	61.74	45.12	6.32	29.12	0.0	28.84	42.8	49.48	15.23	69.86	46.52	16.12	2.83	18.97	50.99	53.85	26.0	54.63	64.12	43.91	18.44	64.03	71.17	55.08	68.01	18.0	75.69	50.7	26.25	40.0	33.73	20.12	29.68
22	41.23	46.04	52.04	68.73	42.8	40.45	4.47	55.17	52.35	38.83	83.55	14.56	78.0	85.04	20.4	10.2	38.21	40.05	31.3	22.8	20.0	28.84	0.0	58.86	34.18	24.17	65.6	26.31	42.38	29.53	43.17	78.43	34.23	42.38	57.2	90.24	72.72	10.77	72.47	52.09	81.25	82.57	17.09	86.82	31.4	44.01	50.6	24.04	42.58	41.0
23	52.8	42.52	73.24	22.36	54.41	18.44	56.32	53.85	66.84	81.61	24.74	54.15	22.36	46.39	38.47	48.66	49.68	67.08	47.54	46.65	42.05	42.8	58.86	0.0	50.99	57.69	45.69	56.32	30.0	40.0	25.61	39.4	59.09	66.6	26.83	42.43	48.17	50.0	24.74	69.2	35.81	25.24	58.14	33.42	57.01	16.64	11.66	41.59	23.35	18.03
24	65.51	15.23	24.41	70.0	67.47	38.21	29.73	76.55	20.88	72.8	71.81	19.7	73.35	57.27	29.12	30.07	61.61	16.12	4.47	46.39	20.4	49.48	34.18	50.99	0.0	54.04	34.41	10.0	53.85	48.08	51.61	84.9	8.25	72.03	34.06	92.09	86.02	36.06	52.04	21.93	84.2	67.48	48.37	67.12	7.07	44.55	39.4	15.81	49.2	36.24
25	18.87	62.1	74.97	59.23	20.0	41.04	27.2	33.29	74.11	24.08	81.41	36.5	71.47	94.87	27.86	24.0	17.09	63.15	50.16	11.31	34.53	15.23	24.17	57.69	54.04	0.0	79.85	48.37	31.05	17.89	34.18	64.12	56.32	18.44	66.57	78.03	54.41	18.0	77.79	74.33	69.07	82.93	7.21	90.14	53.24	41.05	53.74	39.62	35.34	43.14
26	85.16	19.8	42.0	68.03	87.13	46.0	61.22	92.02	34.0	102.0	55.32	52.35	64.4	24.33	52.0	58.31	81.22	43.68	35.38	69.57	46.65	69.86	65.6	45.69	34.41	79.85	0.0	44.41	66.0	67.47	62.03	85.09	40.25	95.6	18.97	86.53	92.65	63.53	30.0	37.0	81.01	48.01	76.03	42.15	40.82	51.16	36.88	41.88	59.03	43.0
27	62.03	25.06	26.68	73.43	63.91	41.18	22.09	74.24	26.08	65.12	78.64	12.0	78.43	67.08	27.2	24.74	58.31	15.23	10.2	42.38	18.44	46.52	26.31	56.32	10.0	48.37	44.41	0.0	53.81	45.65	52.35	87.2	8.0	66.75	42.76	95.77	86.37	30.59	60.53	26.02	87.46	75.03	42.05	75.66	5.1	47.17	45.12	15.81	50.33	39.81
28	22.8	53.85	78.23	28.28	24.41	20.0	42.05	26.08	74.24	53.67	51.61	45.61	40.5	74.0	26.91	34.0	19.8	68.41	49.4	22.0	35.38	16.12	42.38	30.0	53.85	31.05	66.0	53.81	0.0	14.0	4.47	36.06	60.0	36.77	48.37	48.37	32.56	31.62	53.67	75.66	39.32	54.45	34.06	63.41	57.01	15.52	31.05	38.6	7.28	23.0
29	18.0	52.0	71.69	42.19	20.0	24.41	30.0	28.64	68.96	41.62	63.53	35.61	53.85	79.65	18.97	22.63	14.0	60.83	43.68	8.0	27.86	2.83	29.53	40.0	48.08	17.89	67.47	45.65	14.0	0.0	16.49	49.48	52.8	28.64	52.0	62.29	43.27	18.87	61.22	69.89	53.24	65.22	20.1	72.86	49.66	23.43	37.2	32.28	17.46	26.93
30	27.2	50.6	76.03	26.0	28.84	16.12	42.38	30.27	71.69	57.31	47.71	44.94	37.36	69.57	26.08	34.18	24.08	66.6	47.2	24.33	34.06	18.97	43.17	25.61	51.61	34.18	62.03	52.35	4.47	16.49	0.0	35.78	58.14	41.04	44.18	47.07	34.41	32.56	49.19	73.25	38.08	50.25	36.5	59.03	55.23	11.18	26.68	36.8	3.0	19.1
31	48.37	80.0	108.9	17.09	48.66	46.69	78.0	38.63	103.48	82.87	42.76	80.62	26.31	82.61	61.77	69.86	48.04	100.66	80.72	57.27	69.34	50.99	78.43	39.4	84.9	64.12	85.09	87.2	36.06	49.48	35.78	0.0	92.2	61.61	66.21	15.23	16.97	67.68	60.83	105.48	8.6	50.25	68.73	62.2	89.5	40.36	49.4	71.4	37.22	48.8
32	69.57	22.36	18.97	77.67	71.47	45.61	30.07	81.44	18.11	72.99	80.05	20.0	81.44	63.91	34.0	32.56	65.79	8.49	11.66	50.0	25.06	53.85	34.23	59.09	8.25	56.32	40.25	8.0	60.0	52.8	58.14	92.2	0.0	74.67	42.0	99.86	92.46	38.47	60.0	18.03	91.84	75.66	50.04	75.03	3.16	51.86	47.54	21.4	55.9	43.83
33	14.42	78.92	93.38	61.77	13.42	52.84	45.61	24.0	92.35	22.09	88.09	54.92	75.47	108.24	44.41	42.19	16.97	81.58	68.0	26.31	52.04	26.0	42.38	66.6	72.03	18.44	95.6	66.75	36.77	28.64	41.04	61.61	74.67	0.0	80.62	76.66	48.04	36.22	89.31	92.66	68.31	91.22	25.3	100.0	71.57	50.8	65.51	57.08	43.28	55.47
34	68.96	20.4	51.26	49.19	70.88	28.64	53.25	74.43	43.86	90.0	40.25	46.52	46.69	28.43	39.7	48.17	65.15	48.37	32.56	55.57	37.2	54.63	57.2	26.83	34.06	66.57	18.97	42.76	48.37	52.0	44.18	66.21	42.0	80.62	0.0	68.41	73.76	52.35	18.0	46.62	62.43	34.48	64.03	33.06	41.11	33.06	18.11	33.62	41.19	25.71
35	63.15	84.9	115.26	22.36	63.56	54.59	89.29	53.85	109.12	97.67	36.5	90.62	22.36	79.7	72.11	81.04	62.51	108.17	88.2	70.26	78.79	64.12	90.24	42.43	92.09	78.03	86.53	95.77	48.37	62.29	47.07	15.23	99.86	76.66	68.41	0.0	31.62	79.62	59.09	111.4	9.06	44.91	82.1	56.72	97.42	48.75	53.81	80.06	47.8	56.08
36	36.5	84.1	110.44	28.64	36.22	49.19	73.24	24.08	106.0	70.0	57.58	77.9	41.23	94.02	59.4	65.6	37.36	100.9	81.61	50.12	67.94	43.91	72.72	48.17	86.02	54.41	92.65	86.37	32.56	43.27	34.41	16.97	92.46	48.04	73.76	31.62	0.0	62.13	72.03	107.62	25.5	64.29	60.17	75.93	89.5	42.95	55.79	71.06	36.89	51.89
37	32.25	44.94	57.27	58.31	34.0	31.62	11.31	45.61	56.14	38.47	74.73	18.97	68.12	80.72	12.81	6.0	28.84	45.61	32.25	12.81	17.09	18.44	10.77	50.0	36.06	18.0	63.53	30.59	31.62	18.87	32.56	67.68	38.47	36.22	52.35	79.62	62.13	0.0	66.03	56.44	70.61	74.46	12.65	79.76	35.36	34.37	42.94	22.14	32.14	32.7
38	76.16	38.21	68.41	44.18	77.9	36.88	68.88	78.43	60.73	101.82	25.46	63.25	36.77	22.0	53.25	62.77	72.72	66.27	50.36	66.48	52.8	64.03	72.47	24.74	52.04	77.79	30.0	60.53	53.67	61.22	49.19	60.83	60.0	89.31	18.0	59.09	72.03	66.03	0.0	63.6	55.08	18.03	76.58	15.13	59.08	38.59	24.08	49.98	46.53	34.66
39	87.09	26.93	5.0	89.83	89.02	59.03	48.01	98.43	3.0	90.67	86.82	38.01	91.26	61.13	50.92	50.49	83.24	13.0	26.4	67.68	42.06	71.17	52.09	69.2	21.93	74.33	37.0	26.02	75.66	69.89	73.25	105.48	18.03	92.66	46.62	111.4	107.62	56.44	63.6	0.0	104.0	80.99	68.07	77.67	21.1	65.44	57.63	37.7	70.72	56.73
40	54.57	77.83	107.71	14.21	55.08	46.32	80.36	46.07	101.83	89.05	35.13	81.94	19.03	76.49	63.32	72.12	53.76	100.21	80.21	61.2	70.21	55.08	81.25	35.81	84.2	69.07	81.01	87.46	39.32	53.24	38.08	8.6	91.84	68.31	62.43	9.06	25.5	70.61	55.08	104.0	0.0	43.0	73.06	55.0	89.31	40.31	46.75	71.69	38.9	48.01
41	77.1	54.82	85.7	35.74	78.57	42.95	79.56	76.01	78.19	106.83	8.54	75.66	24.02	35.34	62.3	72.42	74.25	82.57	65.12	71.87	64.13	68.01	82.57	25.24	67.48	82.93	48.01	75.03	54.45	65.22	50.25	50.25	75.66	91.22	34.48	44.91	64.29	74.46	18.03	80.99	43.0	0.0	83.24	12.0	74.33	41.88	32.02	62.39	48.27	41.79
42	25.61	57.58	68.47	62.29	26.91	40.5	20.4	40.0	68.0	26.08	82.46	30.07	73.76	92.46	24.41	18.44	23.32	56.57	44.72	12.17	29.73	18.0	17.09	58.14	48.37	7.21	76.03	42.05	34.06	20.1	36.5	68.73	50.04	25.3	64.03	82.1	60.17	12.65	76.58	68.07	73.06	83.24	0.0	89.63	47.01	41.63	52.8	34.79	37.11	42.2
43	86.21	53.04	82.57	47.3	87.8	49.2	83.38	86.35	74.73	114.21	20.22	78.16	36.01	25.0	67.12	76.92	83.1	81.1	65.49	78.87	67.42	75.69	86.82	33.42	67.12	90.14	42.15	75.66	63.41	72.86	59.03	62.2	75.03	100.0	33.06	56.72	75.93	79.76	15.13	77.67	55.0	12.0	89.63	0.0	74.17	49.5	36.89	64.85	56.73	47.43
44	66.41	22.14	22.14	75.17	68.31	43.01	27.17	78.29	21.02	70.21	78.45	17.03	79.31	64.08	30.89	29.43	62.63	11.4	9.49	46.84	21.95	50.7	31.4	57.01	7.07	53.24	40.82	5.1	57.01	49.66	55.23	89.5	3.16	71.57	41.11	97.42	89.5	35.36	59.08	21.1	89.31	74.33	47.01	74.17	0.0	49.2	45.54	18.44	53.04	41.34
45	37.59	41.15	68.68	26.4	39.36	6.4	42.11	41.44	63.6	65.0	40.85	42.06	34.01	58.52	24.19	34.01	34.13	60.31	40.36	30.02	30.08	26.25	44.01	16.64	44.55	41.05	51.16	47.17	15.52	23.43	11.18	40.36	51.86	50.8	33.06	48.75	42.95	34.37	38.59	65.44	40.31	41.88	41.63	49.5	49.2	0.0	15.52	31.38	8.25	8.94
46	52.8	31.11	61.61	32.8	54.63	12.81	47.54	56.89	55.32	77.79	34.0	44.05	34.0	43.08	30.46	40.5	49.19	55.46	36.06	42.43	32.25	40.0	50.6	11.66	39.4	53.74	36.88	45.12	31.05	37.2	26.68	49.4	47.54	65.51	18.11	53.81	55.79	42.94	24.08	57.63	46.75	32.02	52.8	36.89	45.54	15.52	0.0	31.02	23.77	10.63
47	49.82	22.85	39.82	57.71	51.79	25.5	19.85	60.75	36.69	60.42	65.01	13.34	63.32	61.07	13.34	16.55	45.89	29.83	11.4	31.02	5.1	33.73	24.04	41.59	15.81	39.62	41.88	15.81	38.6	32.28	36.8	71.4	21.4	57.08	33.62	80.06	71.06	22.14	49.98	37.7	71.69	62.39	34.79	64.85	18.44	31.38	31.02	0.0	34.66	24.35
48	29.68	47.76	73.6	26.17	31.38	13.15	41.48	33.24	69.12	58.83	46.14	43.42	36.67	66.73	24.6	33.24	26.4	64.38	44.82	25.0	32.2	20.12	42.58	23.35	49.2	35.34	59.03	50.33	7.28	17.46	3.0	37.22	55.9	43.28	41.19	47.8	36.89	32.14	46.53	70.72	38.9	48.27	37.11	56.73	53.04	8.25	23.77	34.66	0.0	16.12
49	43.32	32.2	60.11	33.84	45.22	3.0	38.33	49.04	54.82	67.18	42.58	36.35	39.05	52.77	20.62	30.81	39.56	52.2	32.2	31.83	24.19	29.68	41.0	18.03	36.24	43.14	43.0	39.81	23.0	26.93	19.1	48.8	43.83	55.47	25.71	56.08	51.89	32.7	34.66	56.73	48.01	41.79	42.2	47.43	41.34	8.94	10.63	24.35	16.12	0.0
;
