set K:= 1	2	3	4	5;
set C_H:= 1	2	3	4	5	6	7	8	9	10	11;
set C_S:= 12	13	14	15	16	17	18	19	20	21	22;
set C_F:= 23	24	25	26	27	28	29	30	31	32	33;
set M:= 34	35	36	37	38	39;
set L_B:= 40	41	42	43	44;
set A1:=
(0,*) 1 2 3 4 5 6 7 8 9 10 11 23 24 25 26 27 28 29 30 31 32 33 34 35 36 37 38 39 40 41 42 43 44
(1,*) 0 2 3 4 5 6 7 8 9 10 11 23 24 25 26 27 28 29 30 31 32 33 34 35 36 37 38 39 40 41 42 43 44
(2,*) 0 1 3 4 5 6 7 8 9 10 11 23 24 25 26 27 28 29 30 31 32 33 34 35 36 37 38 39 40 41 42 43 44
(3,*) 0 1 2 4 5 6 7 8 9 10 11 23 24 25 26 27 28 29 30 31 32 33 34 35 36 37 38 39 40 41 42 43 44
(4,*) 0 1 2 3 5 6 7 8 9 10 11 23 24 25 26 27 28 29 30 31 32 33 34 35 36 37 38 39 40 41 42 43 44
(5,*) 0 1 2 3 4 6 7 8 9 10 11 23 24 25 26 27 28 29 30 31 32 33 34 35 36 37 38 39 40 41 42 43 44
(6,*) 0 1 2 3 4 5 7 8 9 10 11 23 24 25 26 27 28 29 30 31 32 33 34 35 36 37 38 39 40 41 42 43 44
(7,*) 0 1 2 3 4 5 6 8 9 10 11 23 24 25 26 27 28 29 30 31 32 33 34 35 36 37 38 39 40 41 42 43 44
(8,*) 0 1 2 3 4 5 6 7 9 10 11 23 24 25 26 27 28 29 30 31 32 33 34 35 36 37 38 39 40 41 42 43 44
(9,*) 0 1 2 3 4 5 6 7 8 10 11 23 24 25 26 27 28 29 30 31 32 33 34 35 36 37 38 39 40 41 42 43 44
(10,*) 0 1 2 3 4 5 6 7 8 9 11 23 24 25 26 27 28 29 30 31 32 33 34 35 36 37 38 39 40 41 42 43 44
(11,*) 0 1 2 3 4 5 6 7 8 9 10 23 24 25 26 27 28 29 30 31 32 33 34 35 36 37 38 39 40 41 42 43 44
(23,*) 0 1 2 3 4 5 6 7 8 9 10 11 24 25 26 27 28 29 30 31 32 33 34 35 36 37 38 39 40 41 42 43 44
(24,*) 0 1 2 3 4 5 6 7 8 9 10 11 23 25 26 27 28 29 30 31 32 33 34 35 36 37 38 39 40 41 42 43 44
(25,*) 0 1 2 3 4 5 6 7 8 9 10 11 23 24 26 27 28 29 30 31 32 33 34 35 36 37 38 39 40 41 42 43 44
(26,*) 0 1 2 3 4 5 6 7 8 9 10 11 23 24 25 27 28 29 30 31 32 33 34 35 36 37 38 39 40 41 42 43 44
(27,*) 0 1 2 3 4 5 6 7 8 9 10 11 23 24 25 26 28 29 30 31 32 33 34 35 36 37 38 39 40 41 42 43 44
(28,*) 0 1 2 3 4 5 6 7 8 9 10 11 23 24 25 26 27 29 30 31 32 33 34 35 36 37 38 39 40 41 42 43 44
(29,*) 0 1 2 3 4 5 6 7 8 9 10 11 23 24 25 26 27 28 30 31 32 33 34 35 36 37 38 39 40 41 42 43 44
(30,*) 0 1 2 3 4 5 6 7 8 9 10 11 23 24 25 26 27 28 29 31 32 33 34 35 36 37 38 39 40 41 42 43 44
(31,*) 0 1 2 3 4 5 6 7 8 9 10 11 23 24 25 26 27 28 29 30 32 33 34 35 36 37 38 39 40 41 42 43 44
(32,*) 0 1 2 3 4 5 6 7 8 9 10 11 23 24 25 26 27 28 29 30 31 33 34 35 36 37 38 39 40 41 42 43 44
(33,*) 0 1 2 3 4 5 6 7 8 9 10 11 23 24 25 26 27 28 29 30 31 32 34 35 36 37 38 39 40 41 42 43 44
(34,*) 0 1 2 3 4 5 6 7 8 9 10 11 23 24 25 26 27 28 29 30 31 32 33 35 36 37 38 39 40 41 42 43 44
(35,*) 0 1 2 3 4 5 6 7 8 9 10 11 23 24 25 26 27 28 29 30 31 32 33 34 36 37 38 39 40 41 42 43 44
(36,*) 0 1 2 3 4 5 6 7 8 9 10 11 23 24 25 26 27 28 29 30 31 32 33 34 35 37 38 39 40 41 42 43 44
(37,*) 0 1 2 3 4 5 6 7 8 9 10 11 23 24 25 26 27 28 29 30 31 32 33 34 35 36 38 39 40 41 42 43 44
(38,*) 0 1 2 3 4 5 6 7 8 9 10 11 23 24 25 26 27 28 29 30 31 32 33 34 35 36 37 39 40 41 42 43 44
(39,*) 0 1 2 3 4 5 6 7 8 9 10 11 23 24 25 26 27 28 29 30 31 32 33 34 35 36 37 38 40 41 42 43 44
(40,*) 0 1 2 3 4 5 6 7 8 9 10 11 23 24 25 26 27 28 29 30 31 32 33 34 35 36 37 38 39 41 42 43 44
(41,*) 0 1 2 3 4 5 6 7 8 9 10 11 23 24 25 26 27 28 29 30 31 32 33 34 35 36 37 38 39 40 42 43 44
(42,*) 0 1 2 3 4 5 6 7 8 9 10 11 23 24 25 26 27 28 29 30 31 32 33 34 35 36 37 38 39 40 41 43 44
(43,*) 0 1 2 3 4 5 6 7 8 9 10 11 23 24 25 26 27 28 29 30 31 32 33 34 35 36 37 38 39 40 41 42 44
(44,*) 0 1 2 3 4 5 6 7 8 9 10 11 23 24 25 26 27 28 29 30 31 32 33 34 35 36 37 38 39 40 41 42 43
;
set A2:=
(34,*) 35
(35,*) 34
(36,*) 37
(37,*) 36
(38,*) 39
(39,*) 38
;
param BigM:=99999;
param n:= 5;
param d:=
1	24
2	15
3	15
4	24
5	7
6	7
7	5
8	15
9	16
10	15
11	1
12	23
13	25
14	13
15	5
16	5
17	14
18	13
19	24
20	23
21	15
22	19
23	3
24	9
25	13
26	16
27	13
28	24
29	20
30	20
31	3
32	12
33	4
;
param Q:=100;
param w:=
[34,*] 35 0.1
[35,*] 34 0.1
[36,*] 37 0.1
[37,*] 36 0.1
[38,*] 39 0.1
[39,*] 38 0.1
;
param V:=
[34,*] 35 86
[35,*] 34 86
[36,*] 37 95
[37,*] 36 95
[38,*] 39 94
[39,*] 38 94
;
param e:
	34	35	36	37	38	39	40	41	42	43	44:=
12		1		0		0		0		1		0		0		0		0		0		0	
13		1		0		0		0		0		0		0		0		0		1		0	
14		0		1		0		0		0		0		0		0		0		0		0	
15		1		0		0		0		0		0		1		1		0		0		0	
16		0		1		0		0		0		0		0		0		0		0		0	
17		0		0		0		0		0		0		1		0		0		0		0	
18		1		0		0		0		1		0		0		0		0		0		0	
19		0		1		0		0		0		0		0		0		0		0		0	
20		0		0		0		1		0		0		0		0		0		0		0	
21		0		0		0		1		0		0		0		0		0		0		0	
22		0		0		0		0		1		0		0		0		0		1		0	
23		0		1		0		0		0		0		0		0		0		0		0	
24		0		0		0		0		0		1		1		0		0		0		1	
25		0		0		0		0		0		1		0		0		0		0		1	
26		0		0		0		0		0		0		1		0		1		0		0	
27		0		1		0		0		0		0		0		0		0		0		0	
28		1		0		0		0		1		0		0		0		0		0		0	
29		1		0		0		0		1		0		0		0		0		0		0	
30		0		0		1		0		0		1		0		0		0		0		0	
31		1		0		0		0		1		0		0		0		0		0		0	
32		1		0		0		0		0		0		0		0		0		1		0	
33		0		0		0		1		0		0		0		0		0		0		0	
;
param p:=
1	3
2	3
3	3
4	3
5	3
;
param G:=
34	86
35	73
36	95
37	93
38	94
39	74
40	89
41	79
42	100
43	81
44	70
;
param s:=
0	0
1	10
2	10
3	10
4	10
5	10
6	10
7	10
8	10
9	10
10	10
11	10
23	10
24	10
25	10
26	10
27	10
28	10
29	10
30	10
31	10
32	10
33	10
34	10
35	10
36	10
37	10
38	10
39	10
40	10
41	10
42	10
43	10
44	10
;
param t:
	0	1	2	3	4	5	6	7	8	9	10	11	12	13	14	15	16	17	18	19	20	21	22	23	24	25	26	27	28	29	30	31	32	33	34	35	36	37	38	39	40	41	42	43	44:=
0	0.0	76.16	33.94	31.62	40.25	36.72	62.03	42.05	69.43	69.66	74.73	36.72	52.35	48.7	57.27	31.62	68.03	36.06	31.62	47.2	65.3	66.03	42.38	38.47	27.78	12.17	42.19	54.92	60.3	44.27	17.09	52.04	38.83	69.66	49.65	53.67	33.6	70.72	49.16	25.02	27.86	17.03	26.63	31.78	27.46
1	76.16	0.0	94.19	104.31	84.02	80.92	100.24	85.6	85.44	87.93	50.04	52.04	104.02	93.23	18.97	65.12	8.25	64.03	84.85	32.06	74.73	69.86	109.34	37.95	48.7	70.34	44.05	24.0	110.44	110.63	89.29	106.53	92.02	75.71	100.42	22.8	90.05	81.25	108.25	69.18	59.46	70.21	65.8	87.69	55.44
2	33.94	94.19	0.0	50.36	73.24	70.0	94.02	74.89	103.32	103.48	105.6	42.76	81.71	80.62	76.0	65.3	86.09	69.66	63.81	62.13	99.16	99.64	64.78	58.31	49.03	28.64	71.69	70.26	89.2	66.75	19.7	80.32	69.77	103.48	79.71	72.0	5.0	104.66	75.69	25.02	60.46	50.93	60.31	63.13	39.01
3	31.62	104.31	50.36	0.0	37.36	36.5	51.22	37.95	69.08	68.03	90.2	68.26	35.38	39.45	86.02	44.72	96.52	48.37	28.28	77.79	69.86	72.99	14.56	68.12	58.0	42.94	63.91	85.04	41.62	16.49	32.06	32.8	28.64	74.22	34.71	82.8	53.04	72.73	26.93	54.42	46.82	34.44	41.48	25.5	59.08
4	40.25	84.02	73.24	37.36	0.0	4.0	22.36	2.0	32.25	31.62	56.32	68.0	20.0	10.2	68.96	19.7	77.67	20.0	10.0	67.05	32.56	36.06	32.25	56.32	50.36	50.6	40.0	71.69	26.83	32.56	54.04	22.63	10.2	36.88	16.4	67.08	73.57	35.47	25.55	63.32	27.2	25.5	21.38	12.08	59.08
5	36.72	80.92	70.0	36.5	4.0	0.0	26.31	6.0	34.41	34.06	55.32	64.0	23.32	14.14	65.51	16.12	74.4	16.97	8.25	63.25	33.53	36.5	32.98	52.5	46.39	46.82	36.88	68.03	30.46	33.53	50.99	25.61	11.66	37.95	19.72	63.53	70.18	37.12	27.8	59.48	23.41	21.59	17.46	11.05	55.08
6	62.03	100.24	94.02	51.22	22.36	26.31	0.0	20.4	24.74	22.36	62.8	90.09	17.09	13.42	87.32	40.2	94.85	38.83	30.46	87.48	32.25	37.74	40.25	76.94	72.03	72.8	57.58	91.21	16.12	39.4	74.43	20.88	24.41	34.93	16.64	86.02	94.81	30.36	27.51	85.62	48.17	47.85	43.0	30.89	81.3
7	42.05	85.6	74.89	37.95	2.0	6.0	20.4	0.0	31.3	30.53	56.92	70.0	18.44	8.25	70.71	21.54	79.32	21.63	11.31	68.96	32.25	36.0	32.06	58.24	52.35	52.5	41.62	73.54	25.06	32.25	55.61	21.26	10.0	36.5	14.87	68.88	75.29	34.79	24.6	65.25	29.12	27.46	23.35	13.04	61.07
8	69.43	85.44	103.32	69.08	32.25	34.41	24.74	31.3	0.0	2.83	41.23	88.54	40.0	30.59	76.24	39.45	81.58	35.78	42.19	80.4	10.77	16.12	61.19	71.02	69.57	77.67	48.17	82.0	40.79	60.83	84.9	44.0	40.5	11.31	38.12	76.03	102.94	5.83	50.09	89.19	46.52	52.63	44.1	44.29	81.15
9	69.66	87.93	103.48	68.03	31.62	34.06	22.36	30.53	2.83	0.0	44.05	89.84	38.05	29.12	78.41	40.25	83.95	36.77	41.62	82.22	13.42	18.87	59.67	72.69	70.88	78.23	50.04	84.02	38.47	59.23	84.85	42.05	39.4	14.14	36.35	78.1	103.23	8.6	48.26	89.94	47.54	53.01	44.78	43.57	82.28
10	74.73	50.04	105.6	90.2	56.32	55.32	62.8	56.92	41.23	44.05	0.0	74.97	73.35	61.74	48.33	46.04	49.03	42.0	62.8	58.82	31.11	25.46	88.29	53.74	58.82	76.97	34.0	56.36	77.18	88.77	91.76	76.97	66.48	30.0	70.26	50.12	103.31	35.81	81.34	84.06	47.07	59.68	50.25	65.92	71.4
11	36.72	52.04	42.76	68.26	68.0	64.0	90.09	70.0	88.54	89.84	74.97	0.0	84.85	78.03	34.93	50.64	44.18	53.37	62.51	20.4	80.62	78.71	78.79	21.26	18.97	25.61	43.27	28.07	92.78	80.62	42.8	85.51	70.71	84.1	81.61	31.05	38.33	87.46	83.93	18.38	42.76	43.29	47.17	63.95	9.49
12	52.35	104.02	81.71	35.38	20.0	23.32	17.09	18.44	40.0	38.05	73.35	84.85	0.0	11.66	88.84	39.45	97.65	40.0	22.36	86.16	45.12	50.0	23.32	75.39	68.41	64.12	60.0	91.24	8.0	22.36	62.03	4.0	14.14	48.66	3.61	86.83	83.17	45.1	10.44	77.16	46.52	41.59	40.31	21.02	75.54
13	48.7	93.23	80.62	39.45	10.2	14.14	13.42	8.25	30.59	29.12	61.74	78.03	11.66	0.0	78.71	29.73	87.13	29.53	17.09	77.2	34.23	38.83	30.59	66.48	60.53	59.67	49.4	81.71	17.2	30.27	61.06	15.23	11.31	38.05	8.54	76.97	81.39	35.13	20.22	72.57	37.36	35.13	31.58	17.49	69.01
14	57.27	18.97	76.0	86.02	68.96	65.51	87.32	70.71	76.24	78.41	48.33	34.93	88.84	78.71	0.0	49.4	10.77	49.19	68.41	14.56	66.03	62.03	91.93	18.97	29.73	51.42	29.73	8.49	95.77	93.34	70.34	90.97	76.03	68.03	85.23	4.0	72.06	73.01	92.01	51.01	42.8	52.4	49.2	71.06	37.01
15	31.62	65.12	65.3	44.72	19.7	16.12	40.2	21.54	39.45	40.25	46.04	50.64	39.45	29.73	49.4	0.0	58.41	4.47	20.0	47.54	33.94	34.41	45.65	36.88	32.06	38.42	21.26	52.0	46.52	46.65	48.37	41.62	26.91	38.21	35.85	47.41	64.35	39.82	43.14	49.74	8.0	14.76	5.0	23.02	42.45
16	68.03	8.25	86.09	96.52	77.67	74.4	94.85	79.32	81.58	83.95	49.03	44.18	97.65	87.13	10.77	58.41	0.0	57.69	77.9	24.0	71.02	66.48	101.98	29.73	40.5	62.1	37.74	16.12	104.31	103.32	81.04	100.0	85.28	72.44	94.05	14.56	82.01	77.78	101.41	61.07	52.35	62.63	58.73	80.66	47.27
17	36.06	64.03	69.66	48.37	20.0	16.97	38.83	21.63	35.78	36.77	42.0	53.37	40.0	29.53	49.19	4.47	57.69	0.0	22.36	48.66	29.73	30.0	48.33	38.21	34.53	42.52	20.0	52.5	46.65	49.19	52.84	42.52	28.43	33.94	36.4	47.54	68.62	35.81	44.69	53.54	10.77	19.24	9.43	25.5	45.54
18	31.62	84.85	63.81	28.28	10.0	8.25	30.46	11.31	42.19	41.62	62.8	62.51	22.36	17.09	68.41	20.0	77.9	22.36	0.0	64.4	41.76	44.72	26.0	53.67	46.17	42.76	41.23	69.97	30.27	26.83	44.41	23.41	8.25	46.17	19.1	66.03	64.41	45.19	23.6	55.73	25.61	19.24	19.21	3.16	53.24
19	47.2	32.06	62.13	77.79	67.05	63.25	87.48	68.96	80.4	82.22	58.82	20.4	86.16	77.2	14.56	47.54	24.0	48.66	64.4	0.0	71.02	67.91	85.6	10.77	19.8	39.4	32.25	8.25	93.64	87.2	58.31	87.73	72.5	73.76	82.64	10.77	58.01	78.09	87.71	37.12	39.85	46.32	45.88	66.65	23.54
20	65.3	74.73	99.16	69.86	32.56	33.53	32.25	32.25	10.77	13.42	31.11	80.62	45.12	34.23	66.03	33.94	71.02	29.73	41.76	71.02	0.0	5.66	64.03	62.1	61.74	72.25	38.83	72.11	47.54	64.0	81.61	49.03	42.19	4.47	42.58	66.03	98.29	7.07	54.45	83.01	40.0	48.27	38.9	44.38	73.82
21	66.03	69.86	99.64	72.99	36.06	36.5	37.74	36.0	16.12	18.87	25.46	78.71	50.0	38.83	62.03	34.41	66.48	30.0	44.72	67.91	5.66	0.0	68.03	59.46	60.03	72.14	36.06	68.47	52.8	68.12	82.68	53.85	46.0	6.0	47.3	62.29	98.49	11.4	59.03	82.33	39.6	49.09	39.41	47.52	72.4
22	42.38	109.34	64.78	14.56	32.25	32.98	40.25	32.06	61.19	59.67	88.29	78.79	23.32	30.59	91.93	45.65	101.98	48.33	26.0	85.6	64.03	68.03	0.0	75.29	66.03	54.41	66.57	92.2	28.28	2.0	46.04	20.0	22.09	68.12	23.77	89.11	67.27	65.62	13.45	66.71	50.0	39.62	43.83	22.85	69.35
23	38.47	37.95	58.31	68.12	56.32	52.5	76.94	58.24	71.02	72.69	53.74	21.26	75.39	66.48	18.97	36.88	29.73	38.21	53.67	10.77	62.1	59.46	75.29	0.0	10.77	32.56	23.41	16.97	82.87	76.84	51.42	76.97	61.74	65.15	71.87	15.23	54.74	69.12	77.03	33.73	29.12	35.81	35.11	55.95	19.65
24	27.78	48.7	49.03	58.0	50.36	46.39	72.03	52.35	69.57	70.88	58.82	18.97	68.41	60.53	29.73	32.06	40.5	34.53	46.17	19.8	61.74	60.03	66.03	10.77	0.0	22.09	25.46	27.2	76.16	67.68	40.79	69.57	54.41	65.3	65.0	26.0	45.88	68.54	68.94	25.5	24.08	27.31	29.07	48.1	12.73
25	12.17	70.34	28.64	42.94	50.6	46.82	72.8	52.5	77.67	78.23	76.97	25.61	64.12	59.67	51.42	38.42	62.1	42.52	42.76	39.4	72.25	72.14	54.41	32.56	22.09	0.0	43.08	47.54	72.11	56.32	18.97	64.0	50.36	76.42	61.29	47.54	26.63	78.24	61.29	13.04	32.56	25.5	33.6	43.29	17.03
26	42.19	44.05	71.69	63.91	40.0	36.88	57.58	41.62	48.17	50.04	34.0	43.27	60.0	49.4	29.73	21.26	37.74	20.0	41.23	32.25	38.83	36.06	66.57	23.41	25.46	43.08	0.0	34.23	66.57	67.68	58.86	62.48	48.08	41.76	56.4	28.64	69.32	45.89	64.35	50.22	17.09	29.83	22.83	44.2	38.18
27	54.92	24.0	70.26	85.04	71.69	68.03	91.21	73.54	82.0	84.02	56.36	28.07	91.24	81.71	8.49	52.0	16.12	52.5	69.97	8.25	72.11	68.47	92.2	16.97	27.2	47.54	34.23	0.0	98.49	93.72	66.48	93.06	77.9	74.43	87.66	6.32	66.07	79.16	93.49	45.28	44.72	52.63	51.0	72.4	31.78
28	60.3	110.44	89.2	41.62	26.83	30.46	16.12	25.06	40.79	38.47	77.18	92.78	8.0	17.2	95.77	46.52	104.31	46.65	30.27	93.64	47.54	52.8	28.28	82.87	76.16	72.11	66.57	98.49	0.0	26.91	69.57	8.94	22.09	50.6	11.18	93.91	90.8	46.32	14.87	85.15	53.85	49.5	47.76	29.02	83.49
29	44.27	110.63	66.75	16.49	32.56	33.53	39.4	32.25	60.83	59.23	88.77	80.62	22.36	30.27	93.34	46.65	103.32	49.19	26.83	87.2	64.0	68.12	2.0	76.84	67.68	56.32	67.68	93.72	26.91	0.0	48.04	18.87	22.36	68.03	23.09	90.55	69.26	65.38	12.21	68.66	51.22	41.11	45.0	23.71	71.18
30	17.09	89.29	19.7	32.06	54.04	50.99	74.43	55.61	84.9	84.85	91.76	42.8	62.03	61.06	70.34	48.37	81.04	52.84	44.41	58.31	81.61	82.68	46.04	51.42	40.79	18.97	58.86	66.48	69.57	48.04	0.0	60.73	50.12	86.02	60.01	66.48	21.38	86.68	56.29	25.5	44.94	33.62	43.42	43.57	35.36
31	52.04	106.53	80.32	32.8	22.63	25.61	20.88	21.26	44.0	42.05	76.97	85.51	4.0	15.23	90.97	41.62	100.0	42.52	23.41	87.73	49.03	53.85	20.0	76.97	69.57	64.0	62.48	93.06	8.94	18.87	60.73	0.0	15.23	52.61	6.71	88.84	82.01	49.09	6.71	77.01	48.37	42.45	42.06	21.59	76.12
32	38.83	92.02	69.77	28.64	10.2	11.66	24.41	10.0	40.5	39.4	66.48	70.71	14.14	11.31	76.03	26.91	85.28	28.43	8.25	72.5	42.19	46.0	22.09	61.74	54.41	50.36	48.08	77.9	22.09	22.36	50.12	15.23	0.0	46.39	11.0	73.78	70.77	44.38	16.28	63.39	33.29	27.46	26.93	7.07	61.4
33	69.66	75.71	103.48	74.22	36.88	37.95	34.93	36.5	11.31	14.14	30.0	84.1	48.66	38.05	68.03	38.21	72.44	33.94	46.17	73.76	4.47	6.0	68.12	65.15	65.3	76.42	41.76	74.43	50.6	68.03	86.02	52.61	46.39	0.0	46.27	68.26	102.55	5.83	58.22	87.01	44.05	52.63	43.19	48.76	77.52
34	49.65	100.42	79.71	34.71	16.4	19.72	16.64	14.87	38.12	36.35	70.26	81.61	3.61	8.54	85.23	35.85	94.05	36.4	19.1	82.64	42.58	47.3	23.77	71.87	65.0	61.29	56.4	87.66	11.18	23.09	60.01	6.71	11.0	46.27	0.0	83.24	80.99	43.0	12.0	74.33	42.95	38.33	36.77	18.03	72.34
35	53.67	22.8	72.0	82.8	67.08	63.53	86.02	68.88	76.03	78.1	50.12	31.05	86.83	76.97	4.0	47.41	14.56	47.54	66.03	10.77	66.03	62.29	89.11	15.23	26.0	47.54	28.64	6.32	93.91	90.55	66.48	88.84	73.78	68.26	83.24	0.0	68.07	73.06	89.63	47.01	40.5	49.5	46.87	68.6	33.02
36	33.6	90.05	5.0	53.04	73.57	70.18	94.81	75.29	102.94	103.23	103.31	38.33	83.17	81.39	72.06	64.35	82.01	68.62	64.41	58.01	98.29	98.49	67.27	54.74	45.88	26.63	69.32	66.07	90.8	69.26	21.38	82.01	70.77	102.55	80.99	68.07	0.0	104.0	77.67	21.1	59.03	50.33	59.4	63.98	35.23
37	70.72	81.25	104.66	72.73	35.47	37.12	30.36	34.79	5.83	8.6	35.81	87.46	45.1	35.13	73.01	39.82	77.78	35.81	45.19	78.09	7.07	11.4	65.62	69.12	68.54	78.24	45.89	79.16	46.32	65.38	86.68	49.09	44.38	5.83	43.0	73.06	104.0	0.0	55.0	89.31	46.32	53.74	44.69	47.54	80.5
38	49.16	108.25	75.69	26.93	25.55	27.8	27.51	24.6	50.09	48.26	81.34	83.93	10.44	20.22	92.01	43.14	101.41	44.69	23.6	87.71	54.45	59.03	13.45	77.03	68.94	61.29	64.35	93.49	14.87	12.21	56.29	6.71	16.28	58.22	12.0	89.63	77.67	55.0	0.0	74.17	49.2	41.63	42.8	21.1	74.46
39	25.02	69.18	25.02	54.42	63.32	59.48	85.62	65.25	89.19	89.94	84.06	18.38	77.16	72.57	51.01	49.74	61.07	53.54	55.73	37.12	83.01	82.33	66.71	33.73	25.5	13.04	50.22	45.28	85.15	68.66	25.5	77.01	63.39	87.01	74.33	47.01	21.1	89.31	74.17	0.0	43.01	37.95	45.18	56.32	14.14
40	27.86	59.46	60.46	46.82	27.2	23.41	48.17	29.12	46.52	47.54	47.07	42.76	46.52	37.36	42.8	8.0	52.35	10.77	25.61	39.85	40.0	39.6	50.0	29.12	24.08	32.56	17.09	44.72	53.85	51.22	44.94	48.37	33.29	44.05	42.95	40.5	59.03	46.32	49.2	43.01	0.0	13.04	6.4	28.32	34.79
41	17.03	70.21	50.93	34.44	25.5	21.59	47.85	27.46	52.63	53.01	59.68	43.29	41.59	35.13	52.4	14.76	62.63	19.24	19.24	46.32	48.27	49.09	39.62	35.81	27.31	25.5	29.83	52.63	49.5	41.11	33.62	42.45	27.46	52.63	38.33	49.5	50.33	53.74	41.63	37.95	13.04	0.0	9.85	20.88	34.06
42	26.63	65.8	60.31	41.48	21.38	17.46	43.0	23.35	44.1	44.78	50.25	47.17	40.31	31.58	49.2	5.0	58.73	9.43	19.21	45.88	38.9	39.41	43.83	35.11	29.07	33.6	22.83	51.0	47.76	45.0	43.42	42.06	26.93	43.19	36.77	46.87	59.4	44.69	42.8	45.18	6.4	9.85	0.0	21.93	38.64
43	31.78	87.69	63.13	25.5	12.08	11.05	30.89	13.04	44.29	43.57	65.92	63.95	21.02	17.49	71.06	23.02	80.66	25.5	3.16	66.65	44.38	47.52	22.85	55.95	48.1	43.29	44.2	72.4	29.02	23.71	43.57	21.59	7.07	48.76	18.03	68.6	63.98	47.54	21.1	56.32	28.32	20.88	21.93	0.0	54.59
44	27.46	55.44	39.01	59.08	59.08	55.08	81.3	61.07	81.15	82.28	71.4	9.49	75.54	69.01	37.01	42.45	47.27	45.54	53.24	23.54	73.82	72.4	69.35	19.65	12.73	17.03	38.18	31.78	83.49	71.18	35.36	76.12	61.4	77.52	72.34	33.02	35.23	80.5	74.46	14.14	34.79	34.06	38.64	54.59	0.0
;
