set K:= 1	2	3	4	5	6;
set C_H:= 1	2	3	4	5	6	7	8	9	10	11	12	13	14;
set C_S:= 15	16	17	18	19	20	21	22	23;
set C_F:= 24	25	26	27	28	29	30	31	32;
set M:= 33	34	35	36;
set L_B:= 37	38;
set A1:=
(0,*) 1 2 3 4 5 6 7 8 9 10 11 12 13 14 24 25 26 27 28 29 30 31 32 33 34 35 36 37 38
(1,*) 0 2 3 4 5 6 7 8 9 10 11 12 13 14 24 25 26 27 28 29 30 31 32 33 34 35 36 37 38
(2,*) 0 1 3 4 5 6 7 8 9 10 11 12 13 14 24 25 26 27 28 29 30 31 32 33 34 35 36 37 38
(3,*) 0 1 2 4 5 6 7 8 9 10 11 12 13 14 24 25 26 27 28 29 30 31 32 33 34 35 36 37 38
(4,*) 0 1 2 3 5 6 7 8 9 10 11 12 13 14 24 25 26 27 28 29 30 31 32 33 34 35 36 37 38
(5,*) 0 1 2 3 4 6 7 8 9 10 11 12 13 14 24 25 26 27 28 29 30 31 32 33 34 35 36 37 38
(6,*) 0 1 2 3 4 5 7 8 9 10 11 12 13 14 24 25 26 27 28 29 30 31 32 33 34 35 36 37 38
(7,*) 0 1 2 3 4 5 6 8 9 10 11 12 13 14 24 25 26 27 28 29 30 31 32 33 34 35 36 37 38
(8,*) 0 1 2 3 4 5 6 7 9 10 11 12 13 14 24 25 26 27 28 29 30 31 32 33 34 35 36 37 38
(9,*) 0 1 2 3 4 5 6 7 8 10 11 12 13 14 24 25 26 27 28 29 30 31 32 33 34 35 36 37 38
(10,*) 0 1 2 3 4 5 6 7 8 9 11 12 13 14 24 25 26 27 28 29 30 31 32 33 34 35 36 37 38
(11,*) 0 1 2 3 4 5 6 7 8 9 10 12 13 14 24 25 26 27 28 29 30 31 32 33 34 35 36 37 38
(12,*) 0 1 2 3 4 5 6 7 8 9 10 11 13 14 24 25 26 27 28 29 30 31 32 33 34 35 36 37 38
(13,*) 0 1 2 3 4 5 6 7 8 9 10 11 12 14 24 25 26 27 28 29 30 31 32 33 34 35 36 37 38
(14,*) 0 1 2 3 4 5 6 7 8 9 10 11 12 13 24 25 26 27 28 29 30 31 32 33 34 35 36 37 38
(24,*) 0 1 2 3 4 5 6 7 8 9 10 11 12 13 14 25 26 27 28 29 30 31 32 33 34 35 36 37 38
(25,*) 0 1 2 3 4 5 6 7 8 9 10 11 12 13 14 24 26 27 28 29 30 31 32 33 34 35 36 37 38
(26,*) 0 1 2 3 4 5 6 7 8 9 10 11 12 13 14 24 25 27 28 29 30 31 32 33 34 35 36 37 38
(27,*) 0 1 2 3 4 5 6 7 8 9 10 11 12 13 14 24 25 26 28 29 30 31 32 33 34 35 36 37 38
(28,*) 0 1 2 3 4 5 6 7 8 9 10 11 12 13 14 24 25 26 27 29 30 31 32 33 34 35 36 37 38
(29,*) 0 1 2 3 4 5 6 7 8 9 10 11 12 13 14 24 25 26 27 28 30 31 32 33 34 35 36 37 38
(30,*) 0 1 2 3 4 5 6 7 8 9 10 11 12 13 14 24 25 26 27 28 29 31 32 33 34 35 36 37 38
(31,*) 0 1 2 3 4 5 6 7 8 9 10 11 12 13 14 24 25 26 27 28 29 30 32 33 34 35 36 37 38
(32,*) 0 1 2 3 4 5 6 7 8 9 10 11 12 13 14 24 25 26 27 28 29 30 31 33 34 35 36 37 38
(33,*) 0 1 2 3 4 5 6 7 8 9 10 11 12 13 14 24 25 26 27 28 29 30 31 32 34 35 36 37 38
(34,*) 0 1 2 3 4 5 6 7 8 9 10 11 12 13 14 24 25 26 27 28 29 30 31 32 33 35 36 37 38
(35,*) 0 1 2 3 4 5 6 7 8 9 10 11 12 13 14 24 25 26 27 28 29 30 31 32 33 34 36 37 38
(36,*) 0 1 2 3 4 5 6 7 8 9 10 11 12 13 14 24 25 26 27 28 29 30 31 32 33 34 35 37 38
(37,*) 0 1 2 3 4 5 6 7 8 9 10 11 12 13 14 24 25 26 27 28 29 30 31 32 33 34 35 36 38
(38,*) 0 1 2 3 4 5 6 7 8 9 10 11 12 13 14 24 25 26 27 28 29 30 31 32 33 34 35 36 37
;
set A2:=
(33,*) 34
(34,*) 33
(35,*) 36
(36,*) 35
;
param BigM:=99999;
param n:= 6;
param d:=
1	26
2	17
3	15
4	15
5	1
6	66
7	11
8	17
9	25
10	16
11	21
12	11
13	22
14	22
15	6
16	7
17	21
18	7
19	17
20	10
21	7
22	21
23	11
24	5
25	16
26	17
27	25
28	16
29	22
30	21
31	25
32	2
;
param Q:=100;
param w:=
[33,*] 34 5
[34,*] 33 5
[35,*] 36 5
[36,*] 35 5
;
param V:=
[33,*] 34 324
[34,*] 33 324
[35,*] 36 324
[36,*] 35 324
;
param f:=
33	100
34	100
35	100
36	100
37	100
38	100
;
param e:
	33	34	35	36	37	38:=
15	0	1	0	0	0	1	
16	0	0	0	0	1	0	
17	0	0	0	1	0	0	
18	1	0	0	0	0	0	
19	0	0	0	1	1	1	
20	0	1	0	0	0	1	
21	0	0	1	0	0	0	
22	0	0	1	0	0	0	
23	1	0	0	0	0	0	
24	0	0	0	0	1	1	
25	0	1	0	0	0	1	
26	0	1	0	0	0	0	
27	0	0	0	0	1	1	
28	0	0	0	0	1	1	
29	0	1	0	0	1	1	
30	1	0	0	0	1	1	
31	1	0	0	0	0	0	
32	0	0	1	0	0	0	
;
param p:=
1	1
2	1
3	1
4	1
5	1
6	1
;
param G:=
33	324
34	324
35	324
36	324
37	81
38	81
;
param s:=
0	0
1	15
2	15
3	15
4	15
5	15
6	15
7	15
8	15
9	15
10	15
11	15
12	15
13	15
14	15
24	15
25	15
26	15
27	15
28	15
29	15
30	15
31	15
32	15
33	30
34	30
35	30
36	30
37	15
38	15
;
param t:
	0	1	2	3	4	5	6	7	8	9	10	11	12	13	14	15	16	17	18	19	20	21	22	23	24	25	26	27	28	29	30	31	32	33	34	35	36	37	38:=
0	0.0	26.4	60.8	59.17	36.67	12.73	35.47	64.64	30.08	23.35	49.34	57.72	36.36	68.35	9.43	61.07	34.66	43.01	39.66	24.7	61.91	55.15	42.45	21.47	31.02	56.61	71.85	28.02	14.04	41.48	5.83	37.54	31.06	35.54	70.56	48.1	62.67	19.72	28.6
1	26.4	0.0	35.36	40.45	10.3	25.0	45.35	38.95	4.0	39.45	37.11	46.1	62.65	53.15	26.87	39.0	14.0	37.64	63.66	20.02	35.81	60.21	46.1	45.34	5.0	36.14	46.1	5.1	14.14	16.0	32.2	62.63	50.36	60.71	45.02	56.91	49.74	7.07	6.08
2	60.8	35.36	0.0	24.21	25.61	60.21	77.83	4.12	32.65	74.2	35.74	40.31	97.08	61.85	62.23	14.87	27.31	62.59	99.01	51.97	5.66	71.59	60.21	80.66	32.02	18.87	11.18	32.8	49.5	26.57	66.61	97.84	77.37	95.89	9.76	73.1	62.82	41.23	32.2
3	59.17	40.45	24.21	0.0	35.13	63.57	85.7	26.93	40.05	78.43	15.52	16.76	92.85	82.35	64.08	9.85	26.68	76.16	98.79	60.41	29.83	51.0	42.2	80.62	40.01	5.83	30.68	35.69	52.5	41.23	64.35	96.26	65.51	94.24	28.42	54.66	81.86	43.01	34.71
4	36.67	10.3	25.61	35.13	0.0	34.66	52.92	29.0	7.07	48.6	35.85	44.28	72.95	50.61	36.88	31.58	12.73	41.05	73.66	26.93	25.61	64.35	50.61	55.44	6.4	30.0	36.07	10.0	24.21	8.6	42.49	72.8	59.01	70.9	35.12	62.44	48.59	17.09	10.05
5	12.73	25.0	60.21	63.57	34.66	0.0	24.33	63.66	27.59	14.87	56.32	65.19	41.23	57.01	4.12	63.53	37.16	30.53	39.2	14.0	60.14	67.08	53.85	21.47	28.28	60.01	70.71	28.65	11.18	36.89	15.23	38.95	43.6	37.16	69.78	60.48	50.91	20.62	29.53
6	35.47	45.35	77.83	85.7	52.92	24.33	0.0	80.62	46.49	13.45	80.02	89.01	46.17	51.79	26.25	84.12	59.03	23.41	35.0	26.0	76.32	90.62	77.79	26.93	46.82	81.49	87.13	50.01	34.01	51.62	34.99	38.33	63.41	37.47	86.68	83.36	44.38	43.19	50.99
7	64.64	38.95	4.12	26.93	29.0	63.66	80.62	0.0	36.07	77.47	39.29	43.38	100.96	61.98	65.8	17.2	31.38	64.56	102.59	54.92	5.0	75.31	64.12	84.29	35.38	21.93	7.21	36.62	53.08	29.07	70.46	101.53	81.49	99.6	6.14	77.02	63.44	45.0	36.06
8	30.08	4.0	32.65	40.05	7.07	27.59	46.49	36.07	0.0	41.62	38.28	47.13	66.19	50.21	29.83	37.64	14.56	36.67	66.6	20.62	32.65	63.25	49.2	48.41	1.0	35.36	43.14	7.07	17.2	12.0	35.85	65.8	54.33	63.91	42.19	60.31	47.19	11.05	7.81
9	23.35	39.45	74.2	78.43	48.6	14.87	13.45	77.47	41.62	0.0	70.86	79.63	35.23	60.01	15.03	78.26	52.0	31.06	27.86	23.6	73.66	78.11	65.73	14.56	42.2	74.85	84.39	43.38	26.0	49.52	21.93	29.43	50.0	28.07	83.6	70.5	52.98	35.47	44.28
10	49.34	37.11	35.74	15.52	35.85	56.32	80.02	39.29	38.28	70.86	0.0	9.06	80.45	86.27	55.9	24.0	23.77	74.73	88.14	56.57	40.85	36.22	26.68	70.58	38.63	18.03	44.41	32.02	46.01	43.83	53.85	85.0	50.8	82.99	42.2	39.23	84.44	37.05	31.05
11	57.72	46.1	40.31	16.76	44.28	65.19	89.01	43.38	47.13	79.63	9.06	0.0	87.46	94.34	64.63	26.57	32.57	83.68	96.01	65.62	45.79	35.36	29.15	78.75	47.43	21.47	47.43	41.0	55.0	51.97	61.98	92.61	55.87	90.62	45.18	40.46	92.82	46.1	40.02
12	36.36	62.65	97.08	92.85	72.95	41.23	46.17	100.96	66.19	35.23	80.45	87.46	0.0	95.13	37.64	96.21	70.43	66.27	16.64	54.92	98.27	70.71	63.25	21.0	67.08	91.22	108.17	64.35	49.24	77.08	30.53	10.82	36.35	10.22	106.84	61.18	88.18	56.08	64.9
13	68.35	53.15	61.85	82.35	50.61	57.01	51.79	61.98	50.21	60.01	86.27	94.34	95.13	0.0	61.13	75.27	63.25	29.02	86.47	43.66	57.07	113.36	99.25	74.17	49.5	76.56	65.19	57.28	55.9	42.44	72.12	89.09	98.9	87.91	66.14	109.76	7.49	58.01	57.98
14	9.43	26.87	62.23	64.08	36.88	4.12	26.25	65.8	29.83	15.03	55.9	64.63	37.64	61.13	0.0	64.66	38.08	34.48	36.8	18.03	62.48	64.47	51.55	18.6	30.61	60.83	72.92	30.0	12.73	39.82	11.18	36.06	39.82	34.2	71.88	57.53	55.02	21.63	30.81
15	61.07	39.0	14.87	9.85	31.58	63.53	84.12	17.2	37.64	78.26	24.0	26.57	96.21	75.27	64.66	0.0	26.63	72.11	100.6	58.24	20.52	60.13	50.36	82.2	37.36	6.08	20.88	34.89	52.35	36.01	66.6	98.6	71.59	96.59	18.63	63.09	75.47	43.05	34.0
16	34.66	14.0	27.31	26.68	12.73	37.16	59.03	31.38	14.56	52.0	23.77	32.57	70.43	63.25	38.08	26.63	0.0	51.2	74.03	34.01	29.83	51.97	38.48	55.61	14.87	22.85	38.48	9.06	26.0	21.26	40.31	72.18	50.64	70.19	36.9	50.72	60.95	16.55	8.06
17	43.01	37.64	62.59	76.16	41.05	30.53	23.41	64.56	36.67	31.06	74.73	83.68	66.27	29.02	34.48	72.11	51.2	0.0	57.56	20.0	59.77	94.4	80.45	45.4	36.5	71.03	70.23	42.72	33.42	36.35	45.65	60.07	74.06	58.89	70.25	89.01	21.92	39.36	43.68
18	39.66	63.66	99.01	98.79	73.66	39.2	35.0	102.59	66.6	27.86	88.14	96.01	16.64	86.47	36.8	100.6	74.03	57.56	0.0	51.0	99.25	84.01	74.81	18.44	67.36	96.26	109.71	66.53	49.52	76.03	34.48	5.83	50.16	6.93	108.68	74.78	79.16	58.05	67.27
19	24.7	20.02	51.97	60.41	26.93	14.0	26.0	54.92	20.62	23.6	56.57	65.62	54.92	43.66	18.03	58.24	34.01	20.0	51.0	0.0	50.8	74.4	60.46	34.48	20.88	55.9	61.61	25.0	13.45	26.25	28.64	51.62	55.47	49.97	61.03	69.09	38.05	19.92	26.0
20	61.91	35.81	5.66	29.83	25.61	60.14	76.32	5.0	32.65	73.66	40.85	45.79	98.27	57.07	62.48	20.52	29.83	59.77	99.25	50.8	0.0	76.4	64.63	81.06	31.89	24.41	10.82	34.0	49.82	24.7	67.74	98.41	80.41	96.5	10.5	77.49	58.45	42.19	33.54
21	55.15	60.21	71.59	51.0	64.35	67.08	90.62	75.31	63.25	78.11	36.22	35.36	70.71	113.36	64.47	60.13	51.97	94.4	84.01	74.4	76.4	0.0	14.14	70.86	64.03	54.23	80.62	56.22	61.03	72.95	56.32	79.1	34.37	77.38	78.42	9.68	109.74	55.9	55.61
22	42.45	46.1	60.21	42.2	50.61	53.85	77.79	64.12	49.2	65.73	26.68	29.15	63.25	99.25	51.55	50.36	38.48	80.45	74.81	60.46	64.63	14.14	0.0	60.01	50.0	44.28	70.0	42.2	47.17	59.17	44.41	70.41	28.3	68.55	67.88	12.9	95.6	41.77	41.62
23	21.47	45.34	80.66	80.62	55.44	21.47	26.93	84.29	48.41	14.56	70.58	78.75	21.0	74.17	18.6	82.2	55.61	45.4	18.44	34.48	81.06	70.86	60.01	0.0	49.2	77.94	91.44	48.1	31.24	58.31	16.76	17.49	39.4	15.69	90.36	62.32	67.27	39.62	48.84
24	31.02	5.0	32.02	40.01	6.4	28.28	46.82	35.38	1.0	42.2	38.63	47.43	67.08	49.5	30.61	37.36	14.87	36.5	67.36	20.88	31.89	64.03	50.0	49.2	0.0	35.23	42.43	7.81	18.03	11.0	36.77	66.61	55.33	64.72	41.51	61.17	46.59	12.04	8.49
25	56.61	36.14	18.87	5.83	30.0	60.01	81.49	21.93	35.36	74.85	18.03	21.47	91.22	76.56	60.83	6.08	22.85	71.03	96.26	55.9	24.41	54.23	44.28	77.94	35.23	0.0	26.48	31.62	48.85	35.69	62.01	94.02	65.74	92.01	24.25	57.03	76.16	39.4	30.68
26	71.85	46.1	11.18	30.68	36.07	70.71	87.13	7.21	43.14	84.39	44.41	47.43	108.17	65.19	72.92	20.88	38.48	70.23	109.71	61.61	10.82	80.62	70.0	91.44	42.43	26.48	0.0	43.83	60.21	35.51	77.67	108.71	88.32	106.78	2.26	82.88	67.36	52.2	43.27
27	28.02	5.1	32.8	35.69	10.0	28.65	50.01	36.62	7.07	43.38	32.02	41.0	64.35	57.28	30.0	34.89	9.06	42.72	66.53	25.0	34.0	56.22	42.2	48.1	7.81	31.62	43.83	0.0	17.49	17.72	33.84	65.12	49.01	63.16	42.56	53.49	54.21	8.49	1.0
28	14.04	14.14	49.5	52.5	24.21	11.18	34.01	53.08	17.2	26.0	46.01	55.0	49.24	55.9	12.73	52.35	26.0	33.42	49.52	13.45	49.82	61.03	47.17	31.24	18.03	48.85	60.21	17.49	0.0	27.86	19.42	48.6	43.08	46.7	59.16	55.64	50.84	9.49	18.36
29	41.48	16.0	26.57	41.23	8.6	36.89	51.62	29.07	12.0	49.52	43.83	51.97	77.08	42.44	39.82	36.01	21.26	36.35	76.03	26.25	24.7	72.95	59.17	58.31	11.0	35.69	35.51	17.72	27.86	0.0	47.13	75.8	66.27	73.98	35.08	70.9	40.96	23.02	18.03
30	5.83	32.2	66.61	64.35	42.49	15.23	34.99	70.46	35.85	21.93	53.85	61.98	30.53	72.12	11.18	66.6	40.31	45.65	34.48	28.64	67.74	56.32	44.41	16.76	36.77	62.01	77.67	33.84	19.42	47.13	0.0	32.02	29.0	30.01	76.37	48.58	66.13	25.55	34.41
31	37.54	62.63	97.84	96.26	72.8	38.95	38.33	101.53	65.8	29.43	85.0	92.61	10.82	89.09	36.06	98.6	72.18	60.07	5.83	51.62	98.41	79.1	70.41	17.49	66.61	94.02	108.71	65.12	48.6	75.8	32.02	0.0	45.01	2.02	107.56	69.77	81.89	56.64	65.8
32	31.06	50.36	77.37	65.51	59.01	43.6	63.41	81.49	54.33	50.0	50.8	55.87	36.35	98.9	39.82	71.59	50.64	74.06	50.16	55.47	80.41	34.37	28.3	39.4	55.33	65.74	88.32	49.01	43.08	66.27	29.0	45.01	0.0	43.38	86.49	24.85	93.52	43.57	49.0
33	35.54	60.71	95.89	94.24	70.9	37.16	37.47	99.6	63.91	28.07	82.99	90.62	10.22	87.91	34.2	96.59	70.19	58.89	6.93	49.97	96.5	77.38	68.55	15.69	64.72	92.01	106.78	63.16	46.7	73.98	30.01	2.02	43.38	0.0	105.62	68.09	80.75	54.68	63.83
34	70.56	45.02	9.76	28.42	35.12	69.78	86.68	6.14	42.19	83.6	42.2	45.18	106.84	66.14	71.88	18.63	36.9	70.25	108.68	61.03	10.5	78.42	67.88	90.36	41.51	24.25	2.26	42.56	59.16	35.08	76.37	107.56	86.49	105.62	0.0	80.75	68.09	50.98	41.96
35	48.1	56.91	73.1	54.66	62.44	60.48	83.36	77.02	60.31	70.5	39.23	40.46	61.18	109.76	57.53	63.09	50.72	89.01	74.78	69.09	77.49	9.68	12.9	62.32	61.17	57.03	82.88	53.49	55.64	70.9	48.58	69.77	24.85	68.09	80.75	0.0	105.62	51.76	53.01
36	62.67	49.74	62.82	81.86	48.59	50.91	44.38	63.44	47.19	52.98	84.44	92.82	88.18	7.49	55.02	75.47	60.95	21.92	79.16	38.05	58.45	109.74	95.6	67.27	46.59	76.16	67.36	54.21	50.84	40.96	66.13	81.89	93.52	80.75	68.09	105.62	0.0	53.94	55.0
37	19.72	7.07	41.23	43.01	17.09	20.62	43.19	45.0	11.05	35.47	37.05	46.1	56.08	58.01	21.63	43.05	16.55	39.36	58.05	19.92	42.19	55.9	41.77	39.62	12.04	39.4	52.2	8.49	9.49	23.02	25.55	56.64	43.57	54.68	50.98	51.76	53.94	0.0	9.22
38	28.6	6.08	32.2	34.71	10.05	29.53	50.99	36.06	7.81	44.28	31.05	40.02	64.9	57.98	30.81	34.0	8.06	43.68	67.27	26.0	33.54	55.61	41.62	48.84	8.49	30.68	43.27	1.0	18.36	18.03	34.41	65.8	49.0	63.83	41.96	53.01	55.0	9.22	0.0
;
