vehicles
vehicle_idx, capacity, cost_per_unit_distance
1,100,3
2,100,3
3,100,3
4,100,3
5,100,3
depot
node_idx,x,y
0,15,19
home delivery customers
node_idx,x,y,service_time,demand
1,1,49,10,1
2,87,25,10,14
3,69,65,10,15
4,57,63,10,21
5,5,95,10,2
6,69,1,10,9
7,3,25,10,10
8,41,23,10,20
9,19,65,10,13
10,27,49,10,19
11,59,51,10,15
12,31,87,10,2
13,71,41,10,23
self pickup customers
node_idx,x,y,service_time,demand,locker_idxs
14,71,61,10,2,43
15,29,9,10,22,45-37
16,93,7,10,7,38-41
17,19,47,10,12,45
18,65,43,10,14,43
19,21,81,10,19,39
20,67,91,10,2,36-40
21,15,79,10,11,39
22,79,47,10,6,43
23,27,95,10,18,39
24,61,83,10,21,36-40
flexible customers
node_idx,x,y,service_time,demand,locker_idxs
25,93,91,10,11,40
26,33,31,10,18,45-42-46-37
27,55,47,10,18,42-46-44-43
28,23,13,10,23,37
29,19,91,10,4,39
30,19,75,10,15,39
31,29,17,10,13,37
32,25,65,10,8,42
33,21,91,10,11,39
34,15,83,10,12,39
35,91,21,10,11,38-41
lockers
node_idx,x,y,service_time,capacity,cost_per_unit_good
36,65,88,10,80
37,25,15,10,78
38,93,12,10,73
39,22,88,10,71
40,77,88,10,91
41,72,14,10,81
42,39,52,10,97
43,57,43,10,86
44,49,46,10,97
45,30,28,10,81
46,49,41,10,73
mrt lines
start_node_idx,end_node_idx,freight_capacity,cost_per_unit_good
36,37,80,0.1
37,36,80,0.1
distance matrix
,0,1,2,3,4,5,6,7,8,9,10,11,12,13,14,15,16,17,18,19,20,21,22,23,24,25,26,27,28,29,30,31,32,33,34,35,36,37,38,39,40,41,42,43,44,45,46,
0,0.0,33.11,72.25,70.94,60.83,76.66,56.92,13.42,26.31,46.17,32.31,54.41,69.86,60.17,70.0,17.2,78.92,28.28,55.46,62.29,88.81,60.0,69.86,76.94,78.82,106.15,21.63,48.83,10.0,72.11,56.14,14.14,47.07,72.25,64.0,76.03,85.21,10.77,78.31,69.35,92.76,57.22,40.8,48.37,43.42,17.49,40.5
1,33.11,0.0,89.29,69.86,57.72,46.17,83.23,24.08,47.71,24.08,26.0,58.03,48.41,70.46,71.02,48.83,101.13,18.11,64.28,37.74,78.23,33.11,78.03,52.84,68.96,101.13,36.72,54.04,42.19,45.69,31.62,42.52,28.84,46.52,36.77,94.25,74.95,41.62,99.16,44.29,85.42,79.16,38.12,56.32,48.09,35.81,48.66
2,72.25,89.29,0.0,43.86,48.41,107.81,30.0,84.0,46.04,78.89,64.62,38.21,83.55,22.63,39.4,60.17,18.97,71.47,28.43,86.56,68.96,90.0,23.41,92.2,63.56,66.27,54.33,38.83,65.12,94.76,84.4,58.55,73.78,93.34,92.46,5.66,66.73,62.8,14.32,90.52,63.79,18.6,55.07,34.99,43.42,57.08,41.23
3,70.94,69.86,43.86,0.0,12.17,70.68,64.0,77.18,50.48,50.0,44.94,17.2,43.91,24.08,4.47,68.82,62.77,53.14,22.36,50.6,26.08,55.79,20.59,51.61,19.7,35.38,49.52,22.8,69.43,56.36,50.99,62.48,44.0,54.59,56.92,49.19,23.35,66.6,58.18,52.33,24.35,51.09,32.7,25.06,27.59,53.76,31.24
4,60.83,57.72,48.41,12.17,0.0,61.06,63.15,66.03,43.08,38.05,33.11,12.17,35.38,26.08,14.14,60.83,66.57,41.23,21.54,40.25,29.73,44.94,27.2,43.86,20.4,45.61,40.0,16.12,60.46,47.2,39.85,53.85,32.06,45.61,46.52,54.04,26.25,57.69,62.43,43.01,32.02,51.24,21.1,20.0,18.79,44.2,23.41
5,76.66,46.17,107.81,70.68,61.06,0.0,113.72,70.03,80.5,33.11,50.99,69.66,27.2,85.28,74.24,89.29,124.45,50.0,79.4,21.26,62.13,18.87,88.2,22.0,57.27,88.09,69.86,69.31,83.95,14.56,24.41,81.61,36.06,16.49,15.62,113.45,60.41,82.46,120.97,18.38,72.34,105.12,54.82,73.54,65.86,71.51,69.66
6,56.92,83.23,30.0,64.0,63.15,113.72,0.0,70.23,35.61,81.22,63.78,50.99,94.02,40.05,60.03,40.79,24.74,67.94,42.19,93.3,90.02,94.87,47.07,102.96,82.39,93.15,46.86,48.08,47.54,102.96,89.31,43.08,77.67,102.0,98.18,29.73,87.09,46.17,26.4,98.88,87.37,13.34,59.17,43.68,49.24,47.43,44.72
7,13.42,24.08,84.0,77.18,66.03,70.03,70.23,0.0,38.05,43.08,33.94,61.74,68.03,69.86,76.94,30.53,91.78,27.2,64.56,58.82,91.93,55.32,79.12,74.0,82.02,111.61,30.59,56.46,23.32,67.91,52.5,27.2,45.65,68.41,59.23,88.09,88.39,24.17,90.93,65.8,97.19,69.87,45.0,56.92,50.57,27.17,48.7
8,26.31,47.71,46.04,50.48,43.08,80.5,35.61,38.05,0.0,47.41,29.53,33.29,64.78,34.99,48.41,18.44,54.41,32.56,31.24,61.35,72.8,61.74,44.94,73.35,63.25,85.6,11.31,27.78,20.59,71.47,56.46,13.42,44.94,70.88,65.39,50.04,69.29,17.89,53.15,67.72,74.3,32.28,29.07,25.61,24.35,12.08,19.7
9,46.17,24.08,78.89,50.0,38.05,33.11,81.22,43.08,47.41,0.0,17.89,42.38,25.06,57.27,52.15,56.89,94.02,18.0,50.99,16.12,54.59,14.56,62.64,31.05,45.69,78.43,36.77,40.25,52.15,26.0,10.0,49.03,6.0,26.08,18.44,84.38,51.43,50.36,91.02,23.19,62.39,73.55,23.85,43.91,35.51,38.6,38.42
10,32.31,26.0,64.62,44.94,33.11,50.99,63.78,33.94,29.53,17.89,0.0,32.06,38.21,44.72,45.61,40.05,78.23,8.25,38.47,32.56,58.0,32.31,52.04,46.0,48.08,78.23,18.97,28.07,36.22,42.76,27.2,32.06,16.12,42.43,36.06,69.86,54.45,34.06,75.66,39.32,63.41,57.01,12.37,30.59,22.2,21.21,23.41
11,54.41,58.03,38.21,17.2,12.17,69.66,50.99,61.74,33.29,42.38,32.06,0.0,45.61,15.62,15.62,51.61,55.61,40.2,10.0,48.41,40.79,52.15,20.4,54.41,32.06,52.5,32.8,5.66,52.35,56.57,46.65,45.34,36.77,55.17,54.41,43.86,37.48,49.52,51.74,52.33,41.15,39.22,20.02,8.25,11.18,37.01,14.14
12,69.86,48.41,83.55,43.91,35.38,27.2,94.02,68.03,64.78,25.06,38.21,45.61,0.0,60.96,47.71,78.03,101.21,41.76,55.61,11.66,36.22,17.89,62.48,8.94,30.27,62.13,56.04,46.65,74.43,12.65,16.97,70.03,22.8,10.77,16.49,89.2,34.01,72.25,97.31,9.06,46.01,83.73,35.9,51.11,44.78,59.01,49.4
13,60.17,70.46,22.63,24.08,26.08,85.28,40.05,69.86,34.99,57.27,44.72,15.62,60.96,0.0,20.0,52.8,40.5,52.35,6.32,64.03,50.16,67.68,10.0,69.66,43.17,54.63,39.29,17.09,55.57,72.14,62.13,48.37,51.88,70.71,70.0,28.28,47.38,52.84,36.4,67.9,47.38,27.02,33.84,14.14,22.56,43.01,22.0
14,70.0,71.02,39.4,4.47,14.14,74.24,60.03,76.94,48.41,52.15,45.61,15.62,47.71,20.0,0.0,66.84,58.31,53.85,18.97,53.85,30.27,58.82,16.12,55.61,24.17,37.2,48.41,21.26,67.88,60.03,53.85,60.83,46.17,58.31,60.17,44.72,27.66,65.05,53.71,55.95,27.66,47.01,33.24,22.8,26.63,52.63,29.73
15,17.2,48.83,60.17,68.82,60.83,89.29,40.79,30.53,18.44,56.89,40.05,51.61,78.03,52.8,66.84,0.0,64.03,39.29,49.52,72.44,90.38,71.39,62.8,86.02,80.62,104.02,22.36,46.04,7.21,82.61,66.75,8.0,56.14,82.39,75.31,63.15,86.82,7.21,64.07,79.31,92.44,43.29,44.15,44.05,42.06,19.03,37.74
16,78.92,101.13,18.97,62.77,66.57,124.45,24.74,91.78,54.41,94.02,78.23,55.61,101.21,40.5,58.31,64.03,0.0,84.12,45.61,103.25,87.93,106.15,42.38,110.0,82.46,84.0,64.62,55.17,70.26,111.95,100.5,64.78,89.38,110.63,108.9,14.14,85.7,68.47,5.0,107.71,82.57,22.14,70.29,50.91,58.8,66.41,55.61
17,28.28,18.11,71.47,53.14,41.23,50.0,67.94,27.2,32.56,18.0,8.25,40.2,41.76,52.35,53.85,39.29,84.12,0.0,46.17,34.06,65.12,32.25,60.0,48.66,55.32,86.09,21.26,36.0,34.23,44.0,28.0,31.62,18.97,44.05,36.22,76.55,61.62,32.56,81.86,41.11,71.03,62.43,20.62,38.21,30.02,21.95,30.59
18,55.46,64.28,28.43,22.36,21.54,79.4,42.19,64.56,31.24,50.99,38.47,10.0,55.61,6.32,18.97,49.52,45.61,46.17,0.0,58.14,48.04,61.61,14.56,64.4,40.2,55.57,34.18,10.77,51.61,66.48,56.04,44.41,45.65,65.12,64.03,34.06,45.0,48.83,41.77,62.24,46.57,29.83,27.51,8.0,16.28,38.08,16.12
19,62.29,37.74,86.56,50.6,40.25,21.26,93.3,58.82,61.35,16.12,32.56,48.41,11.66,64.03,53.85,72.44,103.25,34.06,58.14,0.0,47.07,6.32,67.23,15.23,40.05,72.69,51.42,48.08,68.03,10.2,6.32,64.5,16.49,10.0,6.32,92.2,44.55,66.12,99.72,7.07,56.44,84.2,34.13,52.35,44.82,53.76,48.83
20,88.81,78.23,68.96,26.08,29.73,62.13,90.02,91.93,72.8,54.59,58.0,40.79,36.22,50.16,30.27,90.38,87.93,65.12,48.04,47.07,0.0,53.37,45.61,40.2,10.0,26.0,68.96,45.61,89.55,48.0,50.6,83.19,49.4,46.0,52.61,74.0,3.61,86.83,83.17,45.1,10.44,77.16,48.01,49.03,48.47,73.06,53.14
21,60.0,33.11,90.0,55.79,44.94,18.87,94.87,55.32,61.74,14.56,32.31,52.15,17.89,67.68,58.82,71.39,106.15,32.25,61.61,6.32,53.37,0.0,71.55,20.0,46.17,78.92,51.26,51.22,66.48,12.65,5.66,63.56,17.2,13.42,4.0,95.6,50.8,64.78,102.83,11.4,62.65,86.45,36.12,55.32,47.38,53.16,50.99
22,69.86,78.03,23.41,20.59,27.2,88.2,47.07,79.12,44.94,62.64,52.04,20.4,62.48,10.0,16.12,62.8,42.38,60.0,14.56,67.23,45.61,71.55,0.0,70.77,40.25,46.17,48.7,24.0,65.51,74.4,66.21,58.31,56.92,72.8,73.43,28.64,43.32,62.77,37.7,70.21,41.05,33.73,40.31,22.36,30.02,52.55,30.59
23,76.94,52.84,92.2,51.61,43.86,22.0,102.96,74.0,73.35,31.05,46.0,54.41,8.94,69.66,55.61,86.02,110.0,48.66,64.4,15.23,40.2,20.0,70.77,0.0,36.06,66.12,64.28,55.57,82.1,8.94,21.54,78.03,30.07,7.21,16.97,97.84,38.64,80.02,106.04,8.6,50.49,92.66,44.64,60.03,53.71,67.07,58.31
24,78.82,68.96,63.56,19.7,20.4,57.27,82.39,82.02,63.25,45.69,48.08,32.06,30.27,43.17,24.17,80.62,82.46,55.32,40.2,40.05,10.0,46.17,40.25,36.06,0.0,32.98,59.06,36.5,79.65,42.76,42.76,73.35,40.25,40.79,46.0,68.88,6.4,76.94,77.88,39.32,16.76,69.87,38.01,40.2,38.9,63.13,43.68
25,106.15,101.13,66.27,35.38,45.61,88.09,93.15,111.61,85.6,78.43,78.23,52.5,62.13,54.63,37.2,104.02,84.0,86.09,55.57,72.69,26.0,78.92,46.17,66.12,32.98,0.0,84.85,58.14,104.8,74.0,75.71,97.84,72.8,72.0,78.41,70.03,28.16,101.98,79.0,71.06,16.28,79.81,66.61,60.0,62.94,89.1,66.6
26,21.63,36.72,54.33,49.52,40.0,69.86,46.86,30.59,11.31,36.77,18.97,32.8,56.04,39.29,48.41,22.36,64.62,21.26,34.18,51.42,68.96,51.26,48.7,64.28,59.06,84.85,0.0,27.2,20.59,61.61,46.17,14.56,34.93,61.19,55.03,58.86,65.37,17.89,62.94,58.05,72.01,42.54,21.84,26.83,21.93,4.24,18.87
27,48.83,54.04,38.83,22.8,16.12,69.31,48.08,56.46,27.78,40.25,28.07,5.66,46.65,17.09,21.26,46.04,55.17,36.0,10.77,48.08,45.61,51.22,24.0,55.57,36.5,58.14,27.2,0.0,46.69,56.85,45.61,39.7,34.99,55.61,53.81,44.41,42.2,43.86,51.66,52.63,46.53,37.12,16.76,4.47,6.08,31.4,8.49
28,10.0,42.19,65.12,69.43,60.46,83.95,47.54,23.32,20.59,52.15,36.22,52.35,74.43,55.57,67.88,7.21,70.26,34.23,51.61,68.03,89.55,66.48,65.51,82.1,79.65,104.8,20.59,46.69,0.0,78.1,62.13,7.21,52.04,78.03,70.46,68.47,85.96,2.83,70.01,75.01,92.42,49.01,42.15,45.34,42.01,16.55,38.21
29,72.11,45.69,94.76,56.36,47.2,14.56,102.96,67.91,71.47,26.0,42.76,56.57,12.65,72.14,60.03,82.61,111.95,44.0,66.48,10.2,48.0,12.65,74.4,8.94,42.76,74.0,61.61,56.85,78.1,0.0,16.0,74.67,26.68,2.0,8.94,100.42,46.1,76.24,108.25,4.24,58.08,93.48,43.83,61.22,54.08,63.95,58.31
30,56.14,31.62,84.4,50.99,39.85,24.41,89.31,52.5,56.46,10.0,27.2,46.65,16.97,62.13,53.85,66.75,100.5,28.0,56.04,6.32,50.6,5.66,66.21,21.54,42.76,75.71,46.17,45.61,62.13,16.0,0.0,58.86,11.66,16.12,8.94,90.0,47.8,60.3,97.19,13.34,59.44,80.81,30.48,49.68,41.73,48.27,45.34
31,14.14,42.52,58.55,62.48,53.85,81.61,43.08,27.2,13.42,49.03,32.06,45.34,70.03,48.37,60.83,8.0,64.78,31.62,44.41,64.5,83.19,63.56,58.31,78.03,73.35,97.84,14.56,39.7,7.21,74.67,58.86,0.0,48.17,74.43,67.47,62.13,79.61,4.47,64.2,71.34,85.7,43.1,36.4,38.21,35.23,11.05,31.24
32,47.07,28.84,73.78,44.0,32.06,36.06,77.67,45.65,44.94,6.0,16.12,36.77,22.8,51.88,46.17,56.14,89.38,18.97,45.65,16.49,49.4,17.2,56.92,30.07,40.25,72.8,34.93,34.99,52.04,26.68,11.66,48.17,0.0,26.31,20.59,79.32,46.14,50.0,86.21,23.19,56.86,69.35,19.1,38.83,30.61,37.34,33.94
33,72.25,46.52,93.34,54.59,45.61,16.49,102.0,68.41,70.88,26.08,42.43,55.17,10.77,70.71,58.31,82.39,110.63,44.05,65.12,10.0,46.0,13.42,72.8,7.21,40.79,72.0,61.19,55.61,78.03,2.0,16.12,74.43,26.31,0.0,10.0,98.99,44.1,76.11,106.89,3.16,56.08,92.36,42.95,60.0,53.0,63.64,57.31
34,64.0,36.77,92.46,56.92,46.52,15.62,98.18,59.23,65.39,18.44,36.06,54.41,16.49,70.0,60.17,75.31,108.9,36.22,64.03,6.32,52.61,4.0,73.43,16.97,46.0,78.41,55.03,53.81,70.46,8.94,8.94,67.47,20.59,10.0,0.0,98.08,50.25,68.73,105.48,8.6,62.2,89.5,39.2,58.0,50.25,57.01,54.04
35,76.03,94.25,5.66,49.19,54.04,113.45,29.73,88.09,50.04,84.38,69.86,43.86,89.2,28.28,44.72,63.15,14.14,76.55,34.06,92.2,74.0,95.6,28.64,97.84,68.88,70.03,58.86,44.41,68.47,100.42,90.0,62.13,79.32,98.99,98.08,0.0,71.87,66.27,9.22,96.18,68.45,20.25,60.54,40.5,48.88,61.4,46.52
36,85.21,74.95,66.73,23.35,26.25,60.41,87.09,88.39,69.29,51.43,54.45,37.48,34.01,47.38,27.66,86.82,85.7,61.62,45.0,44.55,3.61,50.8,43.32,38.64,6.4,28.16,65.37,42.2,85.96,46.1,47.8,79.61,46.14,44.1,50.25,71.87,0.0,83.24,80.99,43.0,12.0,74.33,44.41,45.71,44.94,69.46,49.65
37,10.77,41.62,62.8,66.6,57.69,82.46,46.17,24.17,17.89,50.36,34.06,49.52,72.25,52.84,65.05,7.21,68.47,32.56,48.83,66.12,86.83,64.78,62.77,80.02,76.94,101.98,17.89,43.86,2.83,76.24,60.3,4.47,50.0,76.11,68.73,66.27,83.24,0.0,68.07,73.06,89.63,47.01,39.56,42.52,39.2,13.93,35.38
38,78.31,99.16,14.32,58.18,62.43,120.97,26.4,90.93,53.15,91.02,75.66,51.74,97.31,36.4,53.71,64.07,5.0,81.86,41.77,99.72,83.17,102.83,37.7,106.04,77.88,79.0,62.94,51.66,70.01,108.25,97.19,64.2,86.21,106.89,105.48,9.22,80.99,68.07,0.0,104.0,77.67,21.1,67.2,47.51,55.61,65.0,52.7
39,69.35,44.29,90.52,52.33,43.01,18.38,98.88,65.8,67.72,23.19,39.32,52.33,9.06,67.9,55.95,79.31,107.71,41.11,62.24,7.07,45.1,11.4,70.21,8.6,39.32,71.06,58.05,52.63,75.01,4.24,13.34,71.34,23.19,3.16,8.6,96.18,43.0,73.06,104.0,0.0,55.0,89.31,39.81,57.01,49.93,60.53,54.2
40,92.76,85.42,63.79,24.35,32.02,72.34,87.37,97.19,74.3,62.39,63.41,41.15,46.01,47.38,27.66,92.44,82.57,71.03,46.57,56.44,10.44,62.65,41.05,50.49,16.76,16.28,72.01,46.53,92.42,58.08,59.44,85.7,56.86,56.08,62.2,68.45,12.0,89.63,77.67,55.0,0.0,74.17,52.35,49.24,50.48,76.22,54.71
41,57.22,79.16,18.6,51.09,51.24,105.12,13.34,69.87,32.28,73.55,57.01,39.22,83.73,27.02,47.01,43.29,22.14,62.43,29.83,84.2,77.16,86.45,33.73,92.66,69.87,79.81,42.54,37.12,49.01,93.48,80.81,43.1,69.35,92.36,89.5,20.25,74.33,47.01,21.1,89.31,74.17,0.0,50.33,32.65,39.41,44.27,35.47
42,40.8,38.12,55.07,32.7,21.1,54.82,59.17,45.0,29.07,23.85,12.37,20.02,35.9,33.84,33.24,44.15,70.29,20.62,27.51,34.13,48.01,36.12,40.31,44.64,38.01,66.61,21.84,16.76,42.15,43.83,30.48,36.4,19.1,42.95,39.2,60.54,44.41,39.56,67.2,39.81,52.35,50.33,0.0,20.12,11.66,25.63,14.87
43,48.37,56.32,34.99,25.06,20.0,73.54,43.68,56.92,25.61,43.91,30.59,8.25,51.11,14.14,22.8,44.05,50.91,38.21,8.0,52.35,49.03,55.32,22.36,60.03,40.2,60.0,26.83,4.47,45.34,61.22,49.68,38.21,38.83,60.0,58.0,40.5,45.71,42.52,47.51,57.01,49.24,32.65,20.12,0.0,8.54,30.89,8.25
44,43.42,48.09,43.42,27.59,18.79,65.86,49.24,50.57,24.35,35.51,22.2,11.18,44.78,22.56,26.63,42.06,58.8,30.02,16.28,44.82,48.47,47.38,30.02,53.71,38.9,62.94,21.93,6.08,42.01,54.08,41.73,35.23,30.61,53.0,50.25,48.88,44.94,39.2,55.61,49.93,50.48,39.41,11.66,8.54,0.0,26.17,5.0
45,17.49,35.81,57.08,53.76,44.2,71.51,47.43,27.17,12.08,38.6,21.21,37.01,59.01,43.01,52.63,19.03,66.41,21.95,38.08,53.76,73.06,53.16,52.55,67.07,63.13,89.1,4.24,31.4,16.55,63.95,48.27,11.05,37.34,63.64,57.01,61.4,69.46,13.93,65.0,60.53,76.22,44.27,25.63,30.89,26.17,0.0,23.02
46,40.5,48.66,41.23,31.24,23.41,69.66,44.72,48.7,19.7,38.42,23.41,14.14,49.4,22.0,29.73,37.74,55.61,30.59,16.12,48.83,53.14,50.99,30.59,58.31,43.68,66.6,18.87,8.49,38.21,58.31,45.34,31.24,33.94,57.31,54.04,46.52,49.65,35.38,52.7,54.2,54.71,35.47,14.87,8.25,5.0,23.02,0.0
