vehicles
vehicle_idx, capacity, cost_per_unit_distance
1,100,1
2,100,1
3,100,1
4,100,1
5,100,1
depot
node_idx,x,y
0,38,46
home delivery customers
node_idx,x,y,service_time,demand
1,26,15,15,13
2,96,7,15,23
3,82,28,15,3
4,74,42,15,24
5,78,58,15,2
6,36,48,15,5
7,73,57,15,7
8,43,42,15,23
9,37,88,15,9
10,16,73,15,2
11,75,96,15,12
12,11,66,15,1
13,9,49,15,9
14,8,68,15,6
15,50,2,15,7
16,18,89,15,20
self pickup customers
node_idx,x,y,service_time,demand,locker_idxs
17,59,46,15,16,42
18,96,42,15,18,39
19,68,92,15,27,38
20,45,36,15,16,41
21,98,51,15,22,42
22,53,25,15,16,39-42-41
23,25,72,15,23,40-41
24,12,61,15,19,40-41
25,26,54,15,7,42-41-40
26,22,53,15,20,42-41-40
flexible customers
node_idx,x,y,service_time,demand,locker_idxs
27,47,61,15,1,42-41
28,66,6,15,8,39-42
29,37,25,15,7,42-37-41
30,78,84,15,1,38
31,93,90,15,6,38
32,60,20,15,19,39-42-41
33,10,91,15,4,40
34,92,62,15,7,38
35,78,65,15,2,42-41-38
36,72,79,15,2,38
lockers
node_idx,x,y,service_time,capacity,cost_per_unit_good
37,14.75,9.05,30,244,100
38,83.60000000000001,88.95,30,244,100
39,83.60000000000001,9.05,30,244,100
40,14.75,88.95,30,244,100
41,47,48,15,61,100
42,56,43,15,61,100
mrt lines
start_node_idx,end_node_idx,freight_capacity,cost_per_unit_good
37,38,244,5
38,37,244,5
39,40,244,5
40,39,244,5
distance matrix
,0,1,2,3,4,5,6,7,8,9,10,11,12,13,14,15,16,17,18,19,20,21,22,23,24,25,26,27,28,29,30,31,32,33,34,35,36,37,38,39,40,41,42,
0,0.0,33.24,69.89,47.54,36.22,41.76,2.83,36.69,6.4,42.01,34.83,62.2,33.6,29.15,37.2,45.61,47.42,21.0,58.14,54.92,12.21,60.21,25.81,29.07,30.02,14.42,17.46,17.49,48.83,21.02,55.17,70.43,34.06,53.0,56.32,44.28,47.38,43.66,62.64,58.69,48.84,9.22,18.25
1,33.24,0.0,70.46,57.49,55.07,67.48,34.48,63.03,31.91,73.82,58.86,94.67,53.16,38.01,55.97,27.29,74.43,45.28,75.03,87.71,28.32,80.5,28.79,57.01,48.08,39.0,38.21,50.57,41.0,14.87,86.4,100.57,34.37,77.67,81.02,72.14,78.82,12.73,93.74,57.91,74.8,39.12,41.04
2,69.89,70.46,0.0,25.24,41.34,54.08,72.67,55.04,63.51,100.21,103.71,91.44,103.47,96.61,107.07,46.27,113.17,53.76,35.0,89.49,58.67,44.05,46.62,96.26,99.86,84.31,87.13,72.92,30.02,61.68,79.08,83.05,38.28,120.22,55.15,60.73,75.89,81.28,82.88,12.57,115.4,63.89,53.81
3,47.54,57.49,25.24,0.0,16.12,30.27,50.16,30.36,41.44,75.0,79.88,68.36,80.53,75.96,84.12,41.23,88.41,29.21,19.8,65.51,37.85,28.02,29.15,72.01,77.39,61.74,65.0,48.1,27.2,45.1,56.14,62.97,23.41,95.67,35.44,37.22,51.97,69.87,60.97,19.02,90.76,40.31,30.02
4,36.22,55.07,41.34,16.12,0.0,16.49,38.47,15.03,31.0,59.03,65.76,54.01,67.42,65.38,70.94,46.65,73.11,15.52,22.0,50.36,29.61,25.63,27.02,57.45,64.85,49.48,53.15,33.02,36.88,40.72,42.19,51.62,26.08,80.6,26.91,23.35,37.05,67.8,47.92,34.32,75.6,27.66,18.03
5,41.76,67.48,54.08,30.27,16.49,0.0,43.17,5.1,38.48,50.8,63.79,38.12,67.48,69.58,70.71,62.61,67.54,22.47,24.08,35.44,39.66,21.19,41.4,54.82,66.07,52.15,56.22,31.14,53.37,52.63,26.0,35.34,42.05,75.58,14.56,7.0,21.84,79.98,31.45,49.27,70.42,32.57,26.63
6,2.83,34.48,72.67,50.16,38.47,43.17,0.0,38.08,9.22,40.01,32.02,61.85,30.81,27.02,34.41,48.08,44.78,23.09,60.3,54.41,15.0,62.07,28.6,26.4,27.29,11.66,14.87,17.03,51.61,23.02,55.32,70.8,36.88,50.25,57.72,45.31,47.51,44.37,62.79,61.5,46.14,11.0,20.62
7,36.69,63.03,55.04,30.36,15.03,5.1,38.08,0.0,33.54,47.51,59.2,39.05,62.65,64.5,65.92,59.62,63.63,17.8,27.46,35.36,35.0,25.71,37.74,50.29,61.13,47.1,51.16,26.31,51.48,48.17,27.46,38.59,39.22,71.59,19.65,9.43,22.02,75.45,33.66,49.11,66.44,27.51,22.02
8,6.4,31.91,63.51,41.44,31.0,38.48,9.22,33.54,0.0,46.39,41.11,62.77,40.0,34.71,43.6,40.61,53.24,16.49,53.0,55.9,6.32,55.73,19.72,34.99,36.36,20.81,23.71,19.42,42.72,18.03,54.67,69.31,27.8,59.08,52.92,41.88,47.01,43.4,62.07,52.29,54.79,7.21,13.04
9,42.01,73.82,100.21,75.0,59.03,50.8,40.01,47.51,46.39,0.0,25.81,38.83,34.06,48.01,35.23,86.98,19.03,47.41,74.81,31.26,52.61,71.34,65.0,20.0,36.8,35.74,38.08,28.79,86.98,63.0,41.19,56.04,71.78,27.17,60.84,47.01,36.14,82.03,46.61,91.68,22.27,41.23,48.85
10,34.83,58.86,103.71,79.88,65.76,63.79,32.02,59.2,41.11,25.81,0.0,63.32,8.6,25.0,9.43,78.72,16.12,50.77,85.8,55.36,47.01,84.9,60.61,9.06,12.65,21.47,20.88,33.24,83.6,52.39,62.97,78.85,68.88,18.97,76.79,62.51,56.32,63.96,69.46,93.06,16.0,39.82,50.0
11,62.2,94.67,91.44,68.36,54.01,38.12,61.85,39.05,62.77,38.83,63.32,0.0,70.68,81.02,72.62,97.27,57.43,52.5,57.94,8.06,67.08,50.54,74.33,55.46,72.07,64.54,68.25,44.82,90.45,80.53,12.37,18.97,77.47,65.19,38.01,31.14,17.26,105.78,11.12,87.37,60.66,55.57,56.3
12,33.6,53.16,103.47,80.53,67.42,67.48,30.81,62.65,40.0,34.06,8.6,70.68,0.0,17.12,3.61,74.95,24.04,52.0,88.32,62.65,45.34,88.28,58.69,15.23,5.1,19.21,17.03,36.35,81.39,48.55,69.38,85.44,67.21,25.02,81.1,67.01,62.37,57.07,76.14,92.27,23.25,40.25,50.54
13,29.15,38.01,96.61,75.96,65.38,69.58,27.02,64.5,34.71,48.01,25.0,81.02,17.12,0.0,19.03,62.37,41.0,50.09,87.28,73.01,38.28,89.02,50.12,28.02,12.37,17.72,13.6,39.85,71.4,36.88,77.37,93.47,58.67,42.01,84.01,70.83,69.78,40.36,84.62,84.62,40.36,38.01,47.38
14,37.2,55.97,107.07,84.12,70.94,70.71,34.41,65.92,43.6,35.23,9.43,72.62,3.61,19.03,0.0,78.23,23.26,55.54,91.76,64.62,48.92,91.59,62.24,17.46,8.06,22.8,20.52,39.62,84.9,51.87,71.81,87.8,70.77,23.09,84.21,70.06,64.94,59.34,78.45,95.87,22.01,43.83,54.12
15,45.61,27.29,46.27,41.23,46.65,62.61,48.08,59.62,40.61,86.98,78.72,97.27,74.95,62.37,78.23,0.0,92.7,44.91,60.96,91.78,34.37,68.59,23.19,74.33,70.18,57.27,58.18,59.08,16.49,26.42,86.65,97.94,20.59,97.58,73.24,68.94,80.08,35.95,93.22,34.33,93.82,46.1,41.44
16,47.42,74.43,113.17,88.41,73.11,67.54,44.78,63.63,53.24,19.03,16.12,57.43,24.04,41.0,23.26,92.7,0.0,59.41,91.07,50.09,59.48,88.57,72.95,18.38,28.64,35.9,36.22,40.31,95.88,66.76,60.21,75.01,80.78,8.25,78.77,64.62,54.92,80.02,65.6,103.42,3.25,50.22,59.67
17,21.0,45.28,53.76,29.21,15.52,22.47,23.09,17.8,16.49,47.41,50.77,52.5,52.0,50.09,55.54,44.91,59.41,0.0,37.22,46.87,17.2,39.32,21.84,42.8,49.34,33.96,37.66,19.21,40.61,30.41,42.49,55.61,26.02,66.53,36.67,26.87,35.47,57.65,49.5,44.39,61.67,12.17,4.24
18,58.14,75.03,35.0,19.8,22.0,24.08,60.3,27.46,53.0,74.81,85.8,57.94,88.32,87.28,91.76,60.96,91.07,37.22,0.0,57.31,51.35,9.22,46.24,77.08,86.12,71.02,74.81,52.55,46.86,61.4,45.69,48.09,42.19,98.98,20.4,29.21,44.1,87.68,48.56,35.21,93.84,49.37,40.01
19,54.92,87.71,89.49,65.51,50.36,35.44,54.41,35.36,55.9,31.26,55.36,8.06,62.65,73.01,64.62,91.78,50.09,46.87,57.31,0.0,60.54,50.8,68.66,47.42,64.01,56.64,60.31,37.44,86.02,73.82,12.81,25.08,72.44,58.01,38.42,28.79,13.6,98.57,15.9,84.4,53.34,48.75,50.45
20,12.21,28.32,58.67,37.85,29.61,39.66,15.0,35.0,6.32,52.61,47.01,67.08,45.34,38.28,48.92,34.37,59.48,17.2,51.35,60.54,0.0,55.08,13.6,41.18,41.4,26.17,28.6,25.08,36.62,13.6,58.25,72.25,21.93,65.19,53.71,43.93,50.77,40.51,65.53,47.08,60.98,12.17,13.04
21,60.21,80.5,44.05,28.02,25.63,21.19,62.07,25.71,55.73,71.34,84.9,50.54,88.28,89.02,91.59,68.59,88.57,39.32,9.22,50.8,55.08,0.0,51.97,75.96,86.58,72.06,76.03,51.97,55.22,66.31,38.59,39.32,49.04,96.66,12.53,24.41,38.21,93.22,40.59,44.35,91.49,51.09,42.76
22,25.81,28.79,46.62,29.15,27.02,41.4,28.6,37.74,19.72,65.0,60.61,74.33,58.69,50.12,62.24,23.19,72.95,21.84,46.24,68.66,13.6,51.97,0.0,54.71,54.56,39.62,41.77,36.5,23.02,16.0,64.08,76.32,8.6,78.77,53.76,47.17,57.25,41.44,70.89,34.51,74.52,23.77,18.25
23,29.07,57.01,96.26,72.01,57.45,54.82,26.4,50.29,34.99,20.0,9.06,55.46,15.23,28.02,17.46,74.33,18.38,42.8,77.08,47.42,41.18,75.96,54.71,0.0,17.03,18.03,19.24,24.6,77.7,48.51,54.34,70.34,62.68,24.21,67.74,53.46,47.52,63.78,61.0,86.0,19.81,32.56,42.45
24,30.02,48.08,99.86,77.39,64.85,66.07,27.29,61.13,36.36,36.8,12.65,72.07,5.1,12.37,8.06,70.18,28.64,49.34,86.12,64.01,41.4,86.58,54.56,17.03,0.0,15.65,12.81,35.0,77.08,43.83,69.89,86.03,63.13,30.07,80.01,66.12,62.64,52.02,76.86,88.46,28.08,37.34,47.54
25,14.42,39.0,84.31,61.74,49.48,52.15,11.66,47.1,20.81,35.74,21.47,64.54,19.21,17.72,22.8,57.27,35.9,33.96,71.02,56.64,26.17,72.06,39.62,18.03,15.65,0.0,4.12,22.14,62.48,31.02,60.03,76.06,48.08,40.31,66.48,53.15,52.35,46.34,67.37,73.06,36.72,21.84,31.95
26,17.46,38.21,87.13,65.0,53.15,56.22,14.87,51.16,23.71,38.08,20.88,68.25,17.03,13.6,20.52,58.18,36.22,37.66,74.81,60.31,28.6,76.03,41.77,19.24,12.81,4.12,0.0,26.25,64.38,31.76,64.01,80.06,50.33,39.85,70.58,57.27,56.36,44.54,71.32,75.67,36.67,25.5,35.44
27,17.49,50.57,72.92,48.1,33.02,31.14,17.03,26.31,19.42,28.79,33.24,44.82,36.35,39.85,39.62,59.08,40.31,19.21,52.55,37.44,25.08,51.97,36.5,24.6,35.0,22.14,26.25,0.0,58.19,37.36,38.6,54.38,43.01,47.63,45.01,31.26,30.81,61.15,46.05,63.55,42.68,13.0,20.12
28,48.83,41.0,30.02,27.2,36.88,53.37,51.61,51.48,42.72,86.98,83.6,90.45,81.39,71.4,84.9,16.49,95.88,40.61,46.86,86.02,36.62,55.22,23.02,77.7,77.08,62.48,64.38,58.19,0.0,34.67,78.92,88.23,15.23,101.79,61.74,60.21,73.25,51.34,84.8,17.86,97.51,46.1,38.33
29,21.02,14.87,61.68,45.1,40.72,52.63,23.02,48.17,18.03,63.0,52.39,80.53,48.55,36.88,51.87,26.42,66.76,30.41,61.4,73.82,13.6,66.31,16.0,48.51,43.83,31.02,31.76,37.36,34.67,0.0,71.85,85.8,23.54,71.31,66.29,57.28,64.35,27.38,79.13,49.25,67.71,25.08,26.17
30,55.17,86.4,79.08,56.14,42.19,26.0,55.32,27.46,54.67,41.19,62.97,12.37,69.38,77.37,71.81,86.65,60.21,42.49,45.69,12.81,58.25,38.59,64.08,54.34,69.89,60.03,64.01,38.6,78.92,71.85,0.0,16.16,66.48,68.36,26.08,19.0,7.81,98.07,7.47,75.16,63.44,47.51,46.53
31,70.43,100.57,83.05,62.97,51.62,35.34,70.8,38.59,69.31,56.04,78.85,18.97,85.44,93.47,87.8,97.94,75.01,55.61,48.09,25.08,72.25,39.32,76.32,70.34,86.03,76.06,80.06,54.38,88.23,85.8,16.16,0.0,77.39,83.01,28.02,29.15,23.71,112.59,9.46,81.49,78.26,62.29,59.82
32,34.06,34.37,38.28,23.41,26.08,42.05,36.88,39.22,27.8,71.78,68.88,77.47,67.21,58.67,70.77,20.59,80.78,26.02,42.19,72.44,21.93,49.04,8.6,62.68,63.13,48.08,50.33,43.01,15.23,23.54,66.48,77.39,0.0,86.84,52.8,48.47,60.21,46.56,72.88,26.02,82.47,30.87,23.35
33,53.0,77.67,120.22,95.67,80.6,75.58,50.25,71.59,59.08,27.17,18.97,65.19,25.02,42.01,23.09,97.58,8.25,66.53,98.98,58.01,65.19,96.66,78.77,24.21,30.07,40.31,39.85,47.63,101.79,71.31,68.36,83.01,86.84,0.0,86.98,72.8,63.15,82.09,73.63,110.15,5.17,56.73,66.48
34,56.32,81.02,55.15,35.44,26.91,14.56,57.72,19.65,52.92,60.84,76.79,38.01,81.1,84.01,84.21,73.24,78.77,36.67,20.4,38.42,53.71,12.53,53.76,67.74,80.01,66.48,70.58,45.01,61.74,66.29,26.08,28.02,52.8,86.98,0.0,14.32,26.25,93.66,28.23,53.61,81.82,47.13,40.71
35,44.28,72.14,60.73,37.22,23.35,7.0,45.31,9.43,41.88,47.01,62.51,31.14,67.01,70.83,70.06,68.94,64.62,26.87,29.21,28.79,43.93,24.41,47.17,53.46,66.12,53.15,57.27,31.26,60.21,57.28,19.0,29.15,48.47,72.8,14.32,0.0,15.23,84.45,24.6,56.23,67.63,35.36,31.11
36,47.38,78.82,75.89,51.97,37.05,21.84,47.51,22.02,47.01,36.14,56.32,17.26,62.37,69.78,64.94,80.08,54.92,35.47,44.1,13.6,50.77,38.21,57.25,47.52,62.64,52.35,56.36,30.81,73.25,64.35,7.81,23.71,60.21,63.15,26.25,15.23,0.0,90.39,15.28,70.91,58.11,39.82,39.4
37,43.66,12.73,81.28,69.87,67.8,79.98,44.37,75.45,43.4,82.03,63.96,105.78,57.07,40.36,59.34,35.95,80.02,57.65,87.68,98.57,40.51,93.22,41.44,63.78,52.02,46.34,44.54,61.15,51.34,27.38,98.07,112.59,46.56,82.09,93.66,84.45,90.39,0.0,105.47,68.85,79.9,50.57,53.42
38,62.64,93.74,82.88,60.97,47.92,31.45,62.79,33.66,62.07,46.61,69.46,11.12,76.14,84.62,78.45,93.22,65.6,49.5,48.56,15.9,65.53,40.59,70.89,61.0,76.86,67.37,71.32,46.05,84.8,79.13,7.47,9.46,72.88,73.63,28.23,24.6,15.28,105.47,0.0,79.9,68.85,54.92,53.6
39,58.69,57.91,12.57,19.02,34.32,49.27,61.5,49.11,52.29,91.68,93.06,87.37,92.27,84.62,95.87,34.33,103.42,44.39,35.21,84.4,47.08,44.35,34.51,86.0,88.46,73.06,75.67,63.55,17.86,49.25,75.16,81.49,26.02,110.15,53.61,56.23,70.91,68.85,79.9,0.0,105.47,53.45,43.75
40,48.84,74.8,115.4,90.76,75.6,70.42,46.14,66.44,54.79,22.27,16.0,60.66,23.25,40.36,22.01,93.82,3.25,61.67,93.84,53.34,60.98,91.49,74.52,19.81,28.08,36.72,36.67,42.68,97.51,67.71,63.44,78.26,82.47,5.17,81.82,67.63,58.11,79.9,68.85,105.47,0.0,52.12,61.75
41,9.22,39.12,63.89,40.31,27.66,32.57,11.0,27.51,7.21,41.23,39.82,55.57,40.25,38.01,43.83,46.1,50.22,12.17,49.37,48.75,12.17,51.09,23.77,32.56,37.34,21.84,25.5,13.0,46.1,25.08,47.51,62.29,30.87,56.73,47.13,35.36,39.82,50.57,54.92,53.45,52.12,0.0,10.3
42,18.25,41.04,53.81,30.02,18.03,26.63,20.62,22.02,13.04,48.85,50.0,56.3,50.54,47.38,54.12,41.44,59.67,4.24,40.01,50.45,13.04,42.76,18.25,42.45,47.54,31.95,35.44,20.12,38.33,26.17,46.53,59.82,23.35,66.48,40.71,31.11,39.4,53.42,53.6,43.75,61.75,10.3,0.0
