set K:= 1	2	3	4	5;
set C_H:= 1	2	3	4	5	6	7	8	9	10	11	12;
set C_S:= 13	14	15	16	17	18	19	20	21	22	23	24;
set C_F:= 25	26	27	28	29	30	31	32	33	34	35	36;
set M:= 37	38;
set L_B:= 39	40	41	42	43	44	45	46	47;
set A1:=
(0,*) 1 2 3 4 5 6 7 8 9 10 11 12 25 26 27 28 29 30 31 32 33 34 35 36 37 38 39 40 41 42 43 44 45 46 47
(1,*) 0 2 3 4 5 6 7 8 9 10 11 12 25 26 27 28 29 30 31 32 33 34 35 36 37 38 39 40 41 42 43 44 45 46 47
(2,*) 0 1 3 4 5 6 7 8 9 10 11 12 25 26 27 28 29 30 31 32 33 34 35 36 37 38 39 40 41 42 43 44 45 46 47
(3,*) 0 1 2 4 5 6 7 8 9 10 11 12 25 26 27 28 29 30 31 32 33 34 35 36 37 38 39 40 41 42 43 44 45 46 47
(4,*) 0 1 2 3 5 6 7 8 9 10 11 12 25 26 27 28 29 30 31 32 33 34 35 36 37 38 39 40 41 42 43 44 45 46 47
(5,*) 0 1 2 3 4 6 7 8 9 10 11 12 25 26 27 28 29 30 31 32 33 34 35 36 37 38 39 40 41 42 43 44 45 46 47
(6,*) 0 1 2 3 4 5 7 8 9 10 11 12 25 26 27 28 29 30 31 32 33 34 35 36 37 38 39 40 41 42 43 44 45 46 47
(7,*) 0 1 2 3 4 5 6 8 9 10 11 12 25 26 27 28 29 30 31 32 33 34 35 36 37 38 39 40 41 42 43 44 45 46 47
(8,*) 0 1 2 3 4 5 6 7 9 10 11 12 25 26 27 28 29 30 31 32 33 34 35 36 37 38 39 40 41 42 43 44 45 46 47
(9,*) 0 1 2 3 4 5 6 7 8 10 11 12 25 26 27 28 29 30 31 32 33 34 35 36 37 38 39 40 41 42 43 44 45 46 47
(10,*) 0 1 2 3 4 5 6 7 8 9 11 12 25 26 27 28 29 30 31 32 33 34 35 36 37 38 39 40 41 42 43 44 45 46 47
(11,*) 0 1 2 3 4 5 6 7 8 9 10 12 25 26 27 28 29 30 31 32 33 34 35 36 37 38 39 40 41 42 43 44 45 46 47
(12,*) 0 1 2 3 4 5 6 7 8 9 10 11 25 26 27 28 29 30 31 32 33 34 35 36 37 38 39 40 41 42 43 44 45 46 47
(25,*) 0 1 2 3 4 5 6 7 8 9 10 11 12 26 27 28 29 30 31 32 33 34 35 36 37 38 39 40 41 42 43 44 45 46 47
(26,*) 0 1 2 3 4 5 6 7 8 9 10 11 12 25 27 28 29 30 31 32 33 34 35 36 37 38 39 40 41 42 43 44 45 46 47
(27,*) 0 1 2 3 4 5 6 7 8 9 10 11 12 25 26 28 29 30 31 32 33 34 35 36 37 38 39 40 41 42 43 44 45 46 47
(28,*) 0 1 2 3 4 5 6 7 8 9 10 11 12 25 26 27 29 30 31 32 33 34 35 36 37 38 39 40 41 42 43 44 45 46 47
(29,*) 0 1 2 3 4 5 6 7 8 9 10 11 12 25 26 27 28 30 31 32 33 34 35 36 37 38 39 40 41 42 43 44 45 46 47
(30,*) 0 1 2 3 4 5 6 7 8 9 10 11 12 25 26 27 28 29 31 32 33 34 35 36 37 38 39 40 41 42 43 44 45 46 47
(31,*) 0 1 2 3 4 5 6 7 8 9 10 11 12 25 26 27 28 29 30 32 33 34 35 36 37 38 39 40 41 42 43 44 45 46 47
(32,*) 0 1 2 3 4 5 6 7 8 9 10 11 12 25 26 27 28 29 30 31 33 34 35 36 37 38 39 40 41 42 43 44 45 46 47
(33,*) 0 1 2 3 4 5 6 7 8 9 10 11 12 25 26 27 28 29 30 31 32 34 35 36 37 38 39 40 41 42 43 44 45 46 47
(34,*) 0 1 2 3 4 5 6 7 8 9 10 11 12 25 26 27 28 29 30 31 32 33 35 36 37 38 39 40 41 42 43 44 45 46 47
(35,*) 0 1 2 3 4 5 6 7 8 9 10 11 12 25 26 27 28 29 30 31 32 33 34 36 37 38 39 40 41 42 43 44 45 46 47
(36,*) 0 1 2 3 4 5 6 7 8 9 10 11 12 25 26 27 28 29 30 31 32 33 34 35 37 38 39 40 41 42 43 44 45 46 47
(37,*) 0 1 2 3 4 5 6 7 8 9 10 11 12 25 26 27 28 29 30 31 32 33 34 35 36 39 40 41 42 43 44 45 46 47
(38,*) 0 1 2 3 4 5 6 7 8 9 10 11 12 25 26 27 28 29 30 31 32 33 34 35 36 39 40 41 42 43 44 45 46 47
(39,*) 0 1 2 3 4 5 6 7 8 9 10 11 12 25 26 27 28 29 30 31 32 33 34 35 36 37 38 40 41 42 43 44 45 46 47
(40,*) 0 1 2 3 4 5 6 7 8 9 10 11 12 25 26 27 28 29 30 31 32 33 34 35 36 37 38 39 41 42 43 44 45 46 47
(41,*) 0 1 2 3 4 5 6 7 8 9 10 11 12 25 26 27 28 29 30 31 32 33 34 35 36 37 38 39 40 42 43 44 45 46 47
(42,*) 0 1 2 3 4 5 6 7 8 9 10 11 12 25 26 27 28 29 30 31 32 33 34 35 36 37 38 39 40 41 43 44 45 46 47
(43,*) 0 1 2 3 4 5 6 7 8 9 10 11 12 25 26 27 28 29 30 31 32 33 34 35 36 37 38 39 40 41 42 44 45 46 47
(44,*) 0 1 2 3 4 5 6 7 8 9 10 11 12 25 26 27 28 29 30 31 32 33 34 35 36 37 38 39 40 41 42 43 45 46 47
(45,*) 0 1 2 3 4 5 6 7 8 9 10 11 12 25 26 27 28 29 30 31 32 33 34 35 36 37 38 39 40 41 42 43 44 46 47
(46,*) 0 1 2 3 4 5 6 7 8 9 10 11 12 25 26 27 28 29 30 31 32 33 34 35 36 37 38 39 40 41 42 43 44 45 47
(47,*) 0 1 2 3 4 5 6 7 8 9 10 11 12 25 26 27 28 29 30 31 32 33 34 35 36 37 38 39 40 41 42 43 44 45 46
;
set A2:=
(37,*) 38
(38,*) 37
;
param BigM:=99999;
param n:= 5;
param d:=
1	16
2	13
3	3
4	6
5	19
6	7
7	22
8	16
9	2
10	2
11	23
12	7
13	8
14	23
15	7
16	27
17	2
18	5
19	16
20	23
21	2
22	1
23	9
24	20
25	18
26	1
27	1
28	24
29	4
30	7
31	9
32	12
33	6
34	19
35	7
36	20
;
param Q:=100;
param w:=
[37,*] 38 0.5
[38,*] 37 0.5
;
param V:=
[37,*] 38 94
[38,*] 37 94
;
param e:
	37	38	39	40	41	42	43	44	45	46	47:=
13	0	0	0	1	0	0	0	0	0	0	0	
14	0	1	0	0	0	0	0	0	0	0	0	
15	0	0	0	1	0	0	0	0	0	0	0	
16	0	0	0	0	1	0	0	0	0	0	0	
17	0	0	1	0	0	0	0	0	0	0	0	
18	0	1	0	0	0	0	0	0	0	0	0	
19	0	1	0	0	0	0	0	0	0	0	0	
20	0	0	1	0	0	0	0	0	0	0	0	
21	0	0	0	0	1	0	0	0	0	0	0	
22	0	0	1	0	0	0	0	0	0	0	0	
23	0	0	1	0	0	0	0	0	0	0	0	
24	0	0	0	1	0	0	0	0	0	0	0	
25	0	0	0	1	0	0	0	0	0	0	0	
26	1	1	1	0	1	0	0	0	0	0	0	
27	0	1	0	0	0	0	0	0	0	0	0	
28	1	1	1	1	1	0	0	0	0	0	0	
29	0	0	0	0	1	0	0	0	0	0	0	
30	0	1	0	0	0	0	0	0	0	0	0	
31	0	1	0	0	0	0	0	0	0	0	0	
32	0	1	0	0	0	0	0	0	0	0	0	
33	0	0	0	0	1	0	0	0	0	0	0	
34	0	1	0	0	0	0	0	0	0	0	0	
35	0	1	0	0	0	0	0	0	0	0	0	
36	0	1	0	0	0	0	0	0	0	0	0	
;
param p:=
1	3
2	3
3	3
4	3
5	3
;
param G:=
37	94
38	93
39	90
40	71
41	94
42	74
43	89
44	88
45	99
46	99
47	98
;
param s:=
0	0
1	15
2	15
3	15
4	15
5	15
6	15
7	15
8	15
9	15
10	15
11	15
12	15
25	15
26	15
27	15
28	15
29	15
30	15
31	15
32	15
33	15
34	15
35	15
36	15
37	10
38	10
39	10
40	10
41	10
42	10
43	10
44	10
45	10
46	10
47	10
;
param t:
	0	1	2	3	4	5	6	7	8	9	10	11	12	13	14	15	16	17	18	19	20	21	22	23	24	25	26	27	28	29	30	31	32	33	34	35	36	37	38	39	40	41	42	43	44	45	46	47:=
0	0.0	21.0	33.24	47.54	70.43	34.06	36.69	60.21	25.81	47.38	34.83	29.07	45.61	48.83	69.89	21.02	54.92	41.76	2.83	12.21	6.4	44.28	33.6	29.15	17.46	58.14	17.49	55.17	36.22	53.0	56.32	42.01	62.2	37.2	30.02	14.42	47.42	64.66	44.94	49.93	33.62	57.31	46.69	18.38	13.15	17.89	33.54	24.19
1	21.0	0.0	45.28	29.21	55.61	26.02	17.8	39.32	21.84	35.47	50.77	42.8	44.91	40.61	53.76	30.41	46.87	22.47	23.09	17.2	16.49	26.87	52.0	50.09	37.66	37.22	19.21	42.49	15.52	66.53	36.67	47.41	52.5	55.54	49.34	33.96	59.41	48.08	55.97	42.43	46.01	45.69	34.54	8.06	8.25	9.43	17.49	4.24
2	33.24	45.28	0.0	57.49	100.57	34.37	63.03	80.5	28.79	78.82	58.86	57.01	27.29	41.0	70.46	14.87	87.71	67.48	34.48	28.32	31.91	72.14	53.16	38.01	38.21	75.03	50.57	86.4	55.07	77.67	81.02	73.82	94.67	55.97	48.08	39.0	74.43	67.07	73.11	82.76	1.0	89.05	46.01	47.8	41.4	48.01	44.94	49.52
3	47.54	29.21	57.49	0.0	62.97	23.41	30.36	28.02	29.15	51.97	79.88	72.01	41.23	27.2	25.24	45.1	65.51	30.27	50.16	37.85	41.44	37.22	80.53	75.96	65.0	19.8	48.1	56.14	16.12	95.67	35.44	75.0	68.36	84.12	77.39	61.74	88.41	19.42	84.85	62.36	58.46	60.21	17.2	36.8	36.89	38.21	14.32	29.0
4	70.43	55.61	100.57	62.97	0.0	77.39	38.59	39.32	76.32	23.71	78.85	70.34	97.94	88.23	83.05	85.8	25.08	35.34	70.8	72.25	69.31	29.15	85.44	93.47	80.06	48.09	54.38	16.16	51.62	83.01	28.02	56.04	18.97	87.8	86.03	76.06	75.01	78.0	71.03	28.07	101.24	16.12	78.85	53.04	59.4	53.08	64.08	51.4
5	34.06	26.02	34.37	23.41	77.39	0.0	39.22	49.04	8.6	60.21	68.88	62.68	20.59	15.23	38.28	23.54	72.44	42.05	36.88	21.93	27.8	48.47	67.21	58.67	50.33	42.19	43.01	66.48	26.08	86.84	52.8	71.78	77.47	70.77	63.13	48.08	80.78	33.96	77.9	68.18	35.36	70.09	13.42	33.38	29.41	34.53	13.6	29.07
6	36.69	17.8	63.03	30.36	38.59	39.22	0.0	25.71	37.74	22.02	59.2	50.29	59.62	51.48	55.04	48.17	35.36	5.1	38.08	35.0	33.54	9.43	62.65	64.5	51.16	27.46	26.31	27.46	15.03	71.59	19.65	47.51	39.05	65.92	61.13	47.1	63.63	49.24	59.68	32.02	63.78	31.26	43.01	18.44	23.77	19.24	26.48	13.6
7	60.21	39.32	80.5	28.02	39.32	49.04	25.71	0.0	51.97	38.21	84.9	75.96	68.59	55.22	44.05	66.31	50.8	21.19	62.07	55.08	55.73	24.41	88.28	89.02	76.03	9.22	51.97	38.59	25.63	96.66	12.53	71.34	50.54	91.59	86.58	72.06	88.57	39.32	84.53	49.58	81.39	42.54	45.22	43.05	47.1	44.1	36.06	36.06
8	25.81	21.84	28.79	29.15	76.32	8.6	37.74	51.97	0.0	57.25	60.61	54.71	23.19	23.02	46.62	16.0	68.66	41.4	28.6	13.6	19.72	47.17	58.69	50.12	41.77	46.24	36.5	64.08	27.02	78.77	53.76	65.0	74.33	62.24	54.56	39.62	72.95	42.06	70.21	64.13	29.73	67.42	21.95	28.07	23.09	29.02	16.16	25.63
9	47.38	35.47	78.82	51.97	23.71	60.21	22.02	38.21	57.25	0.0	56.32	47.52	80.08	73.25	75.89	64.35	13.6	21.84	47.51	50.77	47.01	15.23	62.37	69.78	56.36	44.1	30.81	7.81	37.05	63.15	26.25	36.14	17.26	64.94	62.64	52.35	54.92	70.21	50.8	11.4	79.4	10.3	65.0	31.06	37.44	30.81	48.17	31.62
10	34.83	50.77	58.86	79.88	78.85	68.88	59.2	84.9	60.61	56.32	0.0	9.06	78.72	83.6	103.71	52.39	55.36	63.79	32.02	47.01	41.11	62.51	8.6	25.0	20.88	85.8	33.24	62.97	65.76	18.97	76.79	25.81	63.32	9.43	12.65	21.47	16.12	98.23	16.16	51.24	58.69	62.82	81.34	43.83	43.01	42.49	66.84	51.88
11	29.07	42.8	57.01	72.01	70.34	62.68	50.29	75.96	54.71	47.52	9.06	0.0	74.33	77.7	96.26	48.51	47.42	54.82	26.4	41.18	34.99	53.46	15.23	28.02	19.24	77.08	24.6	54.34	57.45	24.21	67.74	20.0	55.46	17.46	17.03	18.03	18.38	90.69	16.28	43.08	57.0	54.41	74.65	35.51	35.38	34.13	59.41	43.57
12	45.61	44.91	27.29	41.23	97.94	20.59	59.62	68.59	23.19	80.08	78.72	74.33	0.0	16.49	46.27	26.42	91.78	62.61	48.08	34.37	40.61	68.94	74.95	62.37	58.18	60.96	59.08	86.65	46.65	97.58	73.24	86.98	97.27	78.23	70.18	57.27	92.7	44.15	90.44	87.3	28.18	90.14	25.06	51.24	46.01	52.15	34.13	48.51
13	48.83	40.61	41.0	27.2	88.23	15.23	51.48	55.22	23.02	73.25	83.6	77.7	16.49	0.0	30.02	34.67	86.02	53.37	51.61	36.62	42.72	60.21	81.39	71.4	64.38	46.86	58.19	78.92	36.88	101.79	61.74	86.98	90.45	84.9	77.08	62.48	95.88	27.66	93.06	82.01	41.98	82.73	10.0	48.27	44.6	49.48	25.08	43.19
14	69.89	53.76	70.46	25.24	83.05	38.28	55.04	44.05	46.62	75.89	103.71	96.26	46.27	30.02	0.0	61.68	89.49	54.08	72.67	58.67	63.51	60.73	103.47	96.61	87.13	35.0	72.92	79.08	41.34	120.22	55.15	100.21	91.44	107.07	99.86	84.31	113.17	5.83	109.71	86.73	71.45	83.2	25.0	61.62	60.88	63.03	36.88	54.04
15	21.02	30.41	14.87	45.1	85.8	23.54	48.17	66.31	16.0	64.35	52.39	48.51	26.42	34.67	61.68	0.0	73.82	52.63	23.02	13.6	18.03	57.28	48.55	36.88	31.76	61.4	37.36	71.85	40.72	71.31	66.29	63.0	80.53	51.87	43.83	31.02	66.76	57.49	64.76	68.94	15.62	74.63	36.69	33.29	26.93	33.62	31.58	34.66
16	54.92	46.87	87.71	65.51	25.08	72.44	35.36	50.8	68.66	13.6	55.36	47.42	91.78	86.02	89.49	73.82	0.0	35.44	54.41	60.54	55.9	28.79	62.65	73.01	60.31	57.31	37.44	12.81	50.36	58.01	38.42	31.26	8.06	64.62	64.01	56.64	50.09	83.82	46.17	5.0	88.19	9.85	78.1	41.11	47.17	40.5	61.0	43.42
17	41.76	22.47	67.48	30.27	35.34	42.05	5.1	21.19	41.4	21.84	63.79	54.82	62.61	53.37	54.08	52.63	35.44	0.0	43.17	39.66	38.48	7.0	67.48	69.58	56.22	24.08	31.14	26.0	16.49	75.58	14.56	50.8	38.12	70.71	66.07	52.15	67.54	48.38	63.53	32.7	68.25	30.02	44.41	23.54	28.79	24.33	28.79	18.36
18	2.83	23.09	34.48	50.16	70.8	36.88	38.08	62.07	28.6	47.51	32.02	26.4	48.08	51.61	72.67	23.02	54.41	43.17	0.0	15.0	9.22	45.31	30.81	27.02	14.87	60.3	17.03	55.32	38.47	50.25	57.72	40.01	61.85	34.41	27.29	11.66	44.78	67.42	42.38	49.41	34.79	57.28	49.52	19.65	15.0	18.97	36.24	26.02
19	12.21	17.2	28.32	37.85	72.25	21.93	35.0	55.08	13.6	50.77	47.01	41.18	34.37	36.62	58.67	13.6	60.54	39.66	15.0	0.0	6.32	43.93	45.34	38.28	28.6	51.35	25.08	58.25	29.61	65.19	53.71	52.61	67.08	48.92	41.4	26.17	59.48	53.67	56.86	55.71	29.0	61.06	34.83	19.72	13.42	20.12	23.54	21.4
20	6.4	16.49	31.91	41.44	69.31	27.8	33.54	55.73	19.72	47.01	41.11	34.99	40.61	42.72	63.51	18.03	55.9	38.48	9.22	6.32	0.0	41.88	40.0	34.71	23.71	53.0	19.42	54.67	31.0	59.08	52.92	46.39	62.77	43.6	36.36	20.81	53.24	58.31	50.57	50.99	32.45	57.2	40.31	16.28	10.0	16.28	27.31	20.25
21	44.28	26.87	72.14	37.22	29.15	48.47	9.43	24.41	47.17	15.23	62.51	53.46	68.94	60.21	60.73	57.28	28.79	7.0	45.31	43.93	41.88	0.0	67.01	70.83	57.27	29.21	31.26	19.0	23.35	72.8	14.32	47.01	31.14	70.06	66.12	53.15	64.62	55.08	60.54	26.42	72.86	23.02	51.35	25.94	31.91	26.4	35.44	22.63
22	33.6	52.0	53.16	80.53	85.44	67.21	62.65	88.28	58.69	62.37	8.6	15.23	74.95	81.39	103.47	48.55	62.65	67.48	30.81	45.34	40.0	67.01	0.0	17.12	17.03	88.32	36.35	69.38	67.42	25.02	81.1	34.06	70.68	3.61	5.1	19.21	24.04	98.18	24.6	58.31	52.89	69.57	80.16	45.88	43.86	44.64	66.89	53.76
23	29.15	50.09	38.01	75.96	93.47	58.67	64.5	89.02	50.12	69.78	25.0	28.02	62.37	71.4	96.61	36.88	73.01	69.58	27.02	38.28	34.71	70.83	17.12	0.0	13.6	87.28	39.85	77.37	65.38	42.01	84.01	48.01	81.02	19.03	12.37	17.72	41.0	91.79	41.11	68.24	37.58	78.39	72.07	46.17	42.01	45.28	61.68	53.0
24	17.46	37.66	38.21	65.0	80.06	50.33	51.16	76.03	41.77	56.36	20.88	19.24	58.18	64.38	87.13	31.76	60.31	56.22	14.87	28.6	23.71	57.27	17.03	13.6	0.0	74.81	26.25	64.01	53.15	39.85	70.58	38.08	68.25	20.52	12.81	4.12	36.22	81.99	35.0	55.44	38.12	65.19	63.41	33.0	29.43	32.02	50.99	40.2
25	58.14	37.22	75.03	19.8	48.09	42.19	27.46	9.22	46.24	44.1	85.8	77.08	60.96	46.86	35.0	61.4	57.31	24.08	60.3	51.35	53.0	29.21	88.32	87.28	74.81	0.0	52.55	45.69	22.0	98.98	20.4	74.81	57.94	91.76	86.12	71.02	91.07	30.15	87.13	55.47	75.96	49.77	36.88	42.45	45.4	43.68	30.08	34.71
26	17.49	19.21	50.57	48.1	54.38	43.01	26.31	51.97	36.5	30.81	33.24	24.6	59.08	58.19	72.92	37.36	37.44	31.14	17.03	25.08	19.42	31.26	36.35	39.85	26.25	52.55	0.0	38.6	33.02	47.63	45.01	28.79	44.82	39.62	35.0	22.14	40.31	67.21	36.8	32.45	50.99	40.36	53.24	11.31	13.6	9.9	36.62	19.21
27	55.17	42.49	86.4	56.14	16.16	66.48	27.46	38.59	64.08	7.81	62.97	54.34	86.65	78.92	79.08	71.85	12.81	26.0	55.32	58.25	54.67	19.0	69.38	77.37	64.01	45.69	38.6	0.0	42.19	68.36	26.08	41.19	12.37	71.81	69.89	60.03	60.21	73.55	56.14	13.6	87.01	4.12	70.26	38.6	45.0	38.42	53.94	38.48
28	36.22	15.52	55.07	16.12	51.62	26.08	15.03	25.63	27.02	37.05	65.76	57.45	46.65	36.88	41.34	40.72	50.36	16.49	38.47	29.61	31.0	23.35	67.42	65.38	53.15	22.0	33.02	42.19	0.0	80.6	26.91	59.03	54.01	70.94	64.85	49.48	73.11	35.51	69.43	46.87	55.95	46.1	28.07	21.95	23.77	23.32	12.53	13.89
29	53.0	66.53	77.67	95.67	83.01	86.84	71.59	96.66	78.77	63.15	18.97	24.21	97.58	101.79	120.22	71.31	58.01	75.58	50.25	65.19	59.08	72.8	25.02	42.01	39.85	98.98	47.63	68.36	80.6	0.0	86.98	27.17	65.19	23.09	30.07	40.31	8.25	114.59	12.37	55.08	77.47	67.07	98.86	58.9	59.41	57.49	83.45	66.84
30	56.32	36.67	81.02	35.44	28.02	52.8	19.65	12.53	53.76	26.25	76.79	67.74	73.24	61.74	55.15	66.29	38.42	14.56	57.72	53.71	52.92	14.32	81.1	84.01	70.58	20.4	45.01	26.08	26.91	86.98	0.0	60.84	38.01	84.21	80.01	66.48	78.77	50.01	74.67	37.48	81.84	30.02	52.0	38.08	43.32	38.83	39.2	32.7
31	42.01	47.41	73.82	75.0	56.04	71.78	47.51	71.34	65.0	36.14	25.81	20.0	86.98	86.98	100.21	63.0	31.26	50.8	40.01	52.61	46.39	47.01	34.06	48.01	38.08	74.81	28.79	41.19	59.03	27.17	60.84	0.0	38.83	35.23	36.8	35.74	19.03	94.4	15.0	28.0	73.98	40.0	81.86	39.36	42.38	38.01	64.88	46.32
32	62.2	52.5	94.67	68.36	18.97	77.47	39.05	50.54	74.33	17.26	63.32	55.46	97.27	90.45	91.44	80.53	8.06	38.12	61.85	67.08	62.77	31.14	70.68	81.02	68.25	57.94	44.82	12.37	54.01	65.19	38.01	38.83	0.0	72.62	72.07	64.54	57.43	85.91	53.6	12.81	95.19	8.25	82.05	47.42	53.67	46.96	65.38	48.76
33	37.2	55.54	55.97	84.12	87.8	70.77	65.92	91.59	62.24	64.94	9.43	17.46	78.23	84.9	107.07	51.87	64.62	70.71	34.41	48.92	43.6	70.06	3.61	19.03	20.52	91.76	39.62	71.81	70.94	23.09	84.21	35.23	72.62	0.0	8.06	22.8	23.26	101.79	24.41	60.41	55.66	71.84	83.74	49.34	47.42	48.08	70.49	57.25
34	30.02	49.34	48.08	77.39	86.03	63.13	61.13	86.58	54.56	62.64	12.65	17.03	70.18	77.08	99.86	43.83	64.01	66.07	27.29	41.4	36.36	66.12	5.1	12.37	12.81	86.12	35.0	69.89	64.85	30.07	80.01	36.8	72.07	8.06	0.0	15.65	28.64	94.67	28.79	59.48	47.8	70.38	76.22	43.74	41.11	42.58	63.53	51.42
35	14.42	33.96	39.0	61.74	76.06	48.08	47.1	72.06	39.62	52.35	21.47	18.03	57.27	62.48	84.31	31.02	56.64	52.15	11.66	26.17	20.81	53.15	19.21	17.72	4.12	71.02	22.14	60.03	49.48	40.31	66.48	35.74	64.54	22.8	15.65	0.0	35.9	79.08	34.23	51.74	39.01	61.29	60.96	29.02	25.71	28.0	47.89	36.35
36	47.42	59.41	74.43	88.41	75.01	80.78	63.63	88.57	72.95	54.92	16.12	18.38	92.7	95.88	113.17	66.76	50.09	67.54	44.78	59.48	53.24	64.62	24.04	41.0	36.22	91.07	40.31	60.21	73.11	8.25	78.77	19.03	57.43	23.26	28.64	35.9	0.0	107.49	4.12	47.01	74.33	59.01	92.42	51.62	52.63	50.21	76.58	59.46
37	64.66	48.08	67.07	19.42	78.0	33.96	49.24	39.32	42.06	70.21	98.23	90.69	44.15	27.66	5.83	57.49	83.82	48.38	67.42	53.67	58.31	55.08	98.18	91.79	81.99	30.15	67.21	73.55	35.51	114.59	50.01	94.4	85.91	101.79	94.67	79.08	107.49	0.0	104.0	80.99	68.07	77.67	21.1	55.9	55.32	57.31	31.4	48.27
38	44.94	55.97	73.11	84.85	71.03	77.9	59.68	84.53	70.21	50.8	16.16	16.28	90.44	93.06	109.71	64.76	46.17	63.53	42.38	56.86	50.57	60.54	24.6	41.11	35.0	87.13	36.8	56.14	69.43	12.37	74.67	15.0	53.6	24.41	28.79	34.23	4.12	104.0	0.0	43.0	73.06	55.0	89.31	48.1	49.41	46.69	73.25	55.87
39	49.93	42.43	82.76	62.36	28.07	68.18	32.02	49.58	64.13	11.4	51.24	43.08	87.3	82.01	86.73	68.94	5.0	32.7	49.41	55.71	50.99	26.42	58.31	68.24	55.44	55.47	32.45	13.6	46.87	55.08	37.48	28.0	12.81	60.41	59.48	51.74	47.01	80.99	43.0	0.0	83.24	12.0	74.33	36.4	42.38	35.74	57.08	39.12
40	33.62	46.01	1.0	58.46	101.24	35.36	63.78	81.39	29.73	79.4	58.69	57.0	28.18	41.98	71.45	15.62	88.19	68.25	34.79	29.0	32.45	72.86	52.89	37.58	38.12	75.96	50.99	87.01	55.95	77.47	81.84	73.98	95.19	55.66	47.8	39.01	74.33	68.07	73.06	83.24	0.0	89.63	47.01	48.41	42.01	48.6	45.88	50.25
41	57.31	45.69	89.05	60.21	16.12	70.09	31.26	42.54	67.42	10.3	62.82	54.41	90.14	82.73	83.2	74.63	9.85	30.02	57.28	61.06	57.2	23.02	69.57	78.39	65.19	49.77	40.36	4.12	46.1	67.07	30.02	40.0	8.25	71.84	70.38	61.29	59.01	77.67	55.0	12.0	89.63	0.0	74.17	41.34	47.71	41.05	57.71	41.79
42	46.69	34.54	46.01	17.2	78.85	13.42	43.01	45.22	21.95	65.0	81.34	74.65	25.06	10.0	25.0	36.69	78.1	44.41	49.52	34.83	40.31	51.35	80.16	72.07	63.41	36.88	53.24	70.26	28.07	98.86	52.0	81.86	82.05	83.74	76.22	60.96	92.42	21.1	89.31	74.33	47.01	74.17	0.0	42.54	39.96	43.86	17.46	36.4
43	18.38	8.06	47.8	36.8	53.04	33.38	18.44	43.05	28.07	31.06	43.83	35.51	51.24	48.27	61.62	33.29	41.11	23.54	19.65	19.72	16.28	25.94	45.88	46.17	33.0	42.45	11.31	38.6	21.95	58.9	38.08	39.36	47.42	49.34	43.74	29.02	51.62	55.9	48.1	36.4	48.41	41.34	42.54	0.0	6.4	1.41	25.55	8.06
44	13.15	8.25	41.4	36.89	59.4	29.41	23.77	47.1	23.09	37.44	43.01	35.38	46.01	44.6	60.88	26.93	47.17	28.79	15.0	13.42	10.0	31.91	43.86	42.01	29.43	45.4	13.6	45.0	23.77	59.41	43.32	42.38	53.67	47.42	41.11	25.71	52.63	55.32	49.41	42.38	42.01	47.71	39.96	6.4	0.0	6.71	24.04	11.05
45	17.89	9.43	48.01	38.21	53.08	34.53	19.24	44.1	29.02	30.81	42.49	34.13	52.15	49.48	63.03	33.62	40.5	24.33	18.97	20.12	16.28	26.4	44.64	45.28	32.02	43.68	9.9	38.42	23.32	57.49	38.83	38.01	46.96	48.08	42.58	28.0	50.21	57.31	46.69	35.74	48.6	41.05	43.86	1.41	6.71	0.0	26.93	9.43
46	33.54	17.49	44.94	14.32	64.08	13.6	26.48	36.06	16.16	48.17	66.84	59.41	34.13	25.08	36.88	31.58	61.0	28.79	36.24	23.54	27.31	35.44	66.89	61.68	50.99	30.08	36.62	53.94	12.53	83.45	39.2	64.88	65.38	70.49	63.53	47.89	76.58	31.4	73.25	57.08	45.88	57.71	17.46	25.55	24.04	26.93	0.0	18.97
47	24.19	4.24	49.52	29.0	51.4	29.07	13.6	36.06	25.63	31.62	51.88	43.57	48.51	43.19	54.04	34.66	43.42	18.36	26.02	21.4	20.25	22.63	53.76	53.0	40.2	34.71	19.21	38.48	13.89	66.84	32.7	46.32	48.76	57.25	51.42	36.35	59.46	48.27	55.87	39.12	50.25	41.79	36.4	8.06	11.05	9.43	18.97	0.0
;
