vehicles
vehicle_idx, capacity, cost_per_unit_distance
1,100,3
2,100,3
3,100,3
4,100,3
5,100,3
depot
node_idx,x,y
0,38,46
home delivery customers
node_idx,x,y,service_time,demand
1,59,46,15,16
2,47,61,15,1
3,26,15,15,13
4,78,84,15,1
5,60,20,15,19
6,36,48,15,5
7,37,88,15,9
8,16,73,15,2
9,25,72,15,23
10,8,68,15,6
11,12,61,15,19
12,50,2,15,7
self pickup customers
node_idx,x,y,service_time,demand,locker_idxs
13,96,42,15,18,41
14,66,6,15,8,40
15,37,25,15,7,39
16,68,92,15,27,38
17,82,28,15,3,41
18,74,42,15,24,41
19,73,57,15,7,41-38-37
20,98,51,15,22,39
21,75,96,15,12,39
22,9,49,15,9,39
23,26,54,15,7,37
24,22,53,15,20,39
flexible customers
node_idx,x,y,service_time,demand,locker_idxs
25,96,7,15,23,41
26,93,90,15,6,40
27,78,58,15,2,38-41
28,45,36,15,16,40-41-39-37
29,10,91,15,4,41
30,92,62,15,7,41
31,43,42,15,23,39-37-41
32,53,25,15,16,40-41
33,78,65,15,2,38
34,72,79,15,2,38
35,11,66,15,1,39
36,18,89,15,20,39
lockers
node_idx,x,y,service_time,capacity,cost_per_unit_good
0,93,12,10,80
1,22,88,10,80
2,65,88,10,90
3,25,15,10,87
4,77,88,10,76
5,72,14,10,93
43,51,52,10,87
44,63,59,10,85
45,42,50,10,89
46,57,18,10,74
47,64,38,10,73
mrt lines
start_node_idx,end_node_idx,freight_capacity,cost_per_unit_good
0,1,80,0.5
1,0,80,0.5
2,3,90,0.5
3,2,90,0.5
distance matrix
,0,1,2,3,4,5,6,7,8,9,10,11,12,13,14,15,16,17,18,19,20,21,22,23,24,25,26,27,28,29,30,31,32,33,34,35,36,37,38,39,40,41,42,43,44,45,46,47,
0,0.0,21.0,17.49,33.24,55.17,34.06,2.83,42.01,34.83,29.07,37.2,30.02,45.61,58.14,48.83,21.02,54.92,47.54,36.22,36.69,60.21,62.2,29.15,14.42,17.46,69.89,70.43,41.76,12.21,53.0,56.32,6.4,25.81,44.28,47.38,33.6,47.42,64.66,44.94,49.93,33.62,57.31,46.69,14.32,28.18,5.66,33.84,27.2
1,21.0,0.0,19.21,45.28,42.49,26.02,23.09,47.41,50.77,42.8,55.54,49.34,44.91,37.22,40.61,30.41,46.87,29.21,15.52,17.8,39.32,52.5,50.09,33.96,37.66,53.76,55.61,22.47,17.2,66.53,36.67,16.49,21.84,26.87,35.47,52.0,59.41,48.08,55.97,42.43,46.01,45.69,34.54,10.0,13.6,17.46,28.07,9.43
2,17.49,19.21,0.0,50.57,38.6,43.01,17.03,28.79,33.24,24.6,39.62,35.0,59.08,52.55,58.19,37.36,37.44,48.1,33.02,26.31,51.97,44.82,39.85,22.14,26.25,72.92,54.38,31.14,25.08,47.63,45.01,19.42,36.5,31.26,30.81,36.35,40.31,67.21,36.8,32.45,50.99,40.36,53.24,9.85,16.12,12.08,44.15,28.6
3,33.24,45.28,50.57,0.0,86.4,34.37,34.48,73.82,58.86,57.01,55.97,48.08,27.29,75.03,41.0,14.87,87.71,57.49,55.07,63.03,80.5,94.67,38.01,39.0,38.21,70.46,100.57,67.48,28.32,77.67,81.02,31.91,28.79,72.14,78.82,53.16,74.43,67.07,73.11,82.76,1.0,89.05,46.01,44.65,57.49,38.48,31.14,44.42
4,55.17,42.49,38.6,86.4,0.0,66.48,55.32,41.19,62.97,54.34,71.81,69.89,86.65,45.69,78.92,71.85,12.81,56.14,42.19,27.46,38.59,12.37,77.37,60.03,64.01,79.08,16.16,26.0,58.25,68.36,26.08,54.67,64.08,19.0,7.81,69.38,60.21,73.55,56.14,13.6,87.01,4.12,70.26,41.87,29.15,49.52,69.26,48.08
5,34.06,26.02,43.01,34.37,66.48,0.0,36.88,71.78,68.88,62.68,70.77,63.13,20.59,42.19,15.23,23.54,72.44,23.41,26.08,39.22,49.04,77.47,58.67,48.08,50.33,38.28,77.39,42.05,21.93,86.84,52.8,27.8,8.6,48.47,60.21,67.21,80.78,33.96,77.9,68.18,35.36,70.09,13.42,33.24,39.12,34.99,3.61,18.44
6,2.83,23.09,17.03,34.48,55.32,36.88,0.0,40.01,32.02,26.4,34.41,27.29,48.08,60.3,51.61,23.02,54.41,50.16,38.47,38.08,62.07,61.85,27.02,11.66,14.87,72.67,70.8,43.17,15.0,50.25,57.72,9.22,28.6,45.31,47.51,30.81,44.78,67.42,42.38,49.41,34.79,57.28,49.52,15.52,29.15,6.32,36.62,29.73
7,42.01,47.41,28.79,73.82,41.19,71.78,40.01,0.0,25.81,20.0,35.23,36.8,86.98,74.81,86.98,63.0,31.26,75.0,59.03,47.51,71.34,38.83,48.01,35.74,38.08,100.21,56.04,50.8,52.61,27.17,60.84,46.39,65.0,47.01,36.14,34.06,19.03,94.4,15.0,28.0,73.98,40.0,81.86,38.63,38.95,38.33,72.8,56.82
8,34.83,50.77,33.24,58.86,62.97,68.88,32.02,25.81,0.0,9.06,9.43,12.65,78.72,85.8,83.6,52.39,55.36,79.88,65.76,59.2,84.9,63.32,25.0,21.47,20.88,103.71,78.85,63.79,47.01,18.97,76.79,41.11,60.61,62.51,56.32,8.6,16.12,98.23,16.16,51.24,58.69,62.82,81.34,40.82,49.04,34.71,68.6,59.41
9,29.07,42.8,24.6,57.01,54.34,62.68,26.4,20.0,9.06,0.0,17.46,17.03,74.33,77.08,77.7,48.51,47.42,72.01,57.45,50.29,75.96,55.46,28.02,18.03,19.24,96.26,70.34,54.82,41.18,24.21,67.74,34.99,54.71,53.46,47.52,15.23,18.38,90.69,16.28,43.08,57.0,54.41,74.65,32.8,40.16,27.8,62.77,51.74
10,37.2,55.54,39.62,55.97,71.81,70.77,34.41,35.23,9.43,17.46,0.0,8.06,78.23,91.76,84.9,51.87,64.62,84.12,70.94,65.92,91.59,72.62,19.03,22.8,20.52,107.07,87.8,70.71,48.92,23.09,84.21,43.6,62.24,70.06,64.94,3.61,23.26,101.79,24.41,60.41,55.66,71.84,83.74,45.88,55.73,38.47,70.01,63.53
11,30.02,49.34,35.0,48.08,69.89,63.13,27.29,36.8,12.65,17.03,8.06,0.0,70.18,86.12,77.08,43.83,64.01,77.39,64.85,61.13,86.58,72.07,12.37,15.65,12.81,99.86,86.03,66.07,41.4,30.07,80.01,36.36,54.56,66.12,62.64,5.1,28.64,94.67,28.79,59.48,47.8,70.38,76.22,40.02,51.04,31.95,62.24,56.86
12,45.61,44.91,59.08,27.29,86.65,20.59,48.08,86.98,78.72,74.33,78.23,70.18,0.0,60.96,16.49,26.42,91.78,41.23,46.65,59.62,68.59,97.27,62.37,57.27,58.18,46.27,97.94,62.61,34.37,97.58,73.24,40.61,23.19,68.94,80.08,74.95,92.7,44.15,90.44,87.3,28.18,90.14,25.06,50.01,58.46,48.66,17.46,38.63
13,58.14,37.22,52.55,75.03,45.69,42.19,60.3,74.81,85.8,77.08,91.76,86.12,60.96,0.0,46.86,61.4,57.31,19.8,22.0,27.46,9.22,57.94,87.28,71.02,74.81,35.0,48.09,24.08,51.35,98.98,20.4,53.0,46.24,29.21,44.1,88.32,91.07,30.15,87.13,55.47,75.96,49.77,36.88,46.1,37.12,54.59,45.79,32.25
14,48.83,40.61,58.19,41.0,78.92,15.23,51.61,86.98,83.6,77.7,84.9,77.08,16.49,46.86,0.0,34.67,86.02,27.2,36.88,51.48,55.22,90.45,71.4,62.48,64.38,30.02,88.23,53.37,36.62,101.79,61.74,42.72,23.02,60.21,73.25,81.39,95.88,27.66,93.06,82.01,41.98,82.73,10.0,48.38,53.08,50.12,15.0,32.06
15,21.02,30.41,37.36,14.87,71.85,23.54,23.02,63.0,52.39,48.51,51.87,43.83,26.42,61.4,34.67,0.0,73.82,45.1,40.72,48.17,66.31,80.53,36.88,31.02,31.76,61.68,85.8,52.63,13.6,71.31,66.29,18.03,16.0,57.28,64.35,48.55,66.76,57.49,64.76,68.94,15.62,74.63,36.69,30.41,42.8,25.5,21.19,29.97
16,54.92,46.87,37.44,87.71,12.81,72.44,54.41,31.26,55.36,47.42,64.62,64.01,91.78,57.31,86.02,73.82,0.0,65.51,50.36,35.36,50.8,8.06,73.01,56.64,60.31,89.49,25.08,35.44,60.54,58.01,38.42,55.9,68.66,28.79,13.6,62.65,50.09,83.82,46.17,5.0,88.19,9.85,78.1,43.46,33.38,49.4,74.81,54.15
17,47.54,29.21,48.1,57.49,56.14,23.41,50.16,75.0,79.88,72.01,84.12,77.39,41.23,19.8,27.2,45.1,65.51,0.0,16.12,30.36,28.02,68.36,75.96,61.74,65.0,25.24,62.97,30.27,37.85,95.67,35.44,41.44,29.15,37.22,51.97,80.53,88.41,19.42,84.85,62.36,58.46,60.21,17.2,39.2,36.36,45.65,26.93,20.59
18,36.22,15.52,33.02,55.07,42.19,26.08,38.47,59.03,65.76,57.45,70.94,64.85,46.65,22.0,36.88,40.72,50.36,16.12,0.0,15.03,25.63,54.01,65.38,49.48,53.15,41.34,51.62,16.49,29.61,80.6,26.91,31.0,27.02,23.35,37.05,67.42,73.11,35.51,69.43,46.87,55.95,46.1,28.07,25.08,20.25,32.98,29.41,10.77
19,36.69,17.8,26.31,63.03,27.46,39.22,38.08,47.51,59.2,50.29,65.92,61.13,59.62,27.46,51.48,48.17,35.36,30.36,15.03,0.0,25.71,39.05,64.5,47.1,51.16,55.04,38.59,5.1,35.0,71.59,19.65,33.54,37.74,9.43,22.02,62.65,63.63,49.24,59.68,32.02,63.78,31.26,43.01,22.56,10.2,31.78,42.15,21.02
20,60.21,39.32,51.97,80.5,38.59,49.04,62.07,71.34,84.9,75.96,91.59,86.58,68.59,9.22,55.22,66.31,50.8,28.02,25.63,25.71,0.0,50.54,89.02,72.06,76.03,44.05,39.32,21.19,55.08,96.66,12.53,55.73,51.97,24.41,38.21,88.28,88.57,39.32,84.53,49.58,81.39,42.54,45.22,47.01,35.9,56.01,52.63,36.4
21,62.2,52.5,44.82,94.67,12.37,77.47,61.85,38.83,63.32,55.46,72.62,72.07,97.27,57.94,90.45,80.53,8.06,68.36,54.01,39.05,50.54,0.0,81.02,64.54,68.25,91.44,18.97,38.12,67.08,65.19,38.01,62.77,74.33,31.14,17.26,70.68,57.43,85.91,53.6,12.81,95.19,8.25,82.05,50.12,38.9,56.61,80.05,59.03
22,29.15,50.09,39.85,38.01,77.37,58.67,27.02,48.01,25.0,28.02,19.03,12.37,62.37,87.28,71.4,36.88,73.01,75.96,65.38,64.5,89.02,81.02,0.0,17.72,13.6,96.61,93.47,69.58,38.28,42.01,84.01,34.71,50.12,70.83,69.78,17.12,41.0,91.79,41.11,68.24,37.58,78.39,72.07,42.11,54.92,33.02,57.14,56.09
23,14.42,33.96,22.14,39.0,60.03,48.08,11.66,35.74,21.47,18.03,22.8,15.65,57.27,71.02,62.48,31.02,56.64,61.74,49.48,47.1,72.06,64.54,17.72,0.0,4.12,84.31,76.06,52.15,26.17,40.31,66.48,20.81,39.62,53.15,52.35,19.21,35.9,79.08,34.23,51.74,39.01,61.29,60.96,25.08,37.34,16.49,47.51,41.23
24,17.46,37.66,26.25,38.21,64.01,50.33,14.87,38.08,20.88,19.24,20.52,12.81,58.18,74.81,64.38,31.76,60.31,65.0,53.15,51.16,76.03,68.25,13.6,4.12,0.0,87.13,80.06,56.22,28.6,39.85,70.58,23.71,41.77,57.27,56.36,17.03,36.22,81.99,35.0,55.44,38.12,65.19,63.41,29.02,41.44,20.22,49.5,44.6
25,69.89,53.76,72.92,70.46,79.08,38.28,72.67,100.21,103.71,96.26,107.07,99.86,46.27,35.0,30.02,61.68,89.49,25.24,41.34,55.04,44.05,91.44,96.61,84.31,87.13,0.0,83.05,54.08,58.67,120.22,55.15,63.51,46.62,60.73,75.89,103.47,113.17,5.83,109.71,86.73,71.45,83.2,25.0,63.64,61.59,69.03,40.52,44.55
26,70.43,55.61,54.38,100.57,16.16,77.39,70.8,56.04,78.85,70.34,87.8,86.03,97.94,48.09,88.23,85.8,25.08,62.97,51.62,38.59,39.32,18.97,93.47,76.06,80.06,83.05,0.0,35.34,72.25,83.01,28.02,69.31,76.32,29.15,23.71,85.44,75.01,78.0,71.03,28.07,101.24,16.12,78.85,56.64,43.14,64.82,80.5,59.54
27,41.76,22.47,31.14,67.48,26.0,42.05,43.17,50.8,63.79,54.82,70.71,66.07,62.61,24.08,53.37,52.63,35.44,30.27,16.49,5.1,21.19,38.12,69.58,52.15,56.22,54.08,35.34,0.0,39.66,75.58,14.56,38.48,41.4,7.0,21.84,67.48,67.54,48.38,63.53,32.7,68.25,30.02,44.41,27.66,15.03,36.88,45.18,24.41
28,12.21,17.2,25.08,28.32,58.25,21.93,15.0,52.61,47.01,41.18,48.92,41.4,34.37,51.35,36.62,13.6,60.54,37.85,29.61,35.0,55.08,67.08,38.28,26.17,28.6,58.67,72.25,39.66,0.0,65.19,53.71,6.32,13.6,43.93,50.77,45.34,59.48,53.67,56.86,55.71,29.0,61.06,34.83,17.09,29.21,14.32,21.63,19.1
29,53.0,66.53,47.63,77.67,68.36,86.84,50.25,27.17,18.97,24.21,23.09,30.07,97.58,98.98,101.79,71.31,58.01,95.67,80.6,71.59,96.66,65.19,42.01,40.31,39.85,120.22,83.01,75.58,65.19,0.0,86.98,59.08,78.77,72.8,63.15,25.02,8.25,114.59,12.37,55.08,77.47,67.07,98.86,56.59,61.91,52.01,86.82,75.66
30,56.32,36.67,45.01,81.02,26.08,52.8,57.72,60.84,76.79,67.74,84.21,80.01,73.24,20.4,61.74,66.29,38.42,35.44,26.91,19.65,12.53,38.01,84.01,66.48,70.58,55.15,28.02,14.56,53.71,86.98,0.0,52.92,53.76,14.32,26.25,81.1,78.77,50.01,74.67,37.48,81.84,30.02,52.0,42.2,29.15,51.42,56.22,36.88
31,6.4,16.49,19.42,31.91,54.67,27.8,9.22,46.39,41.11,34.99,43.6,36.36,40.61,53.0,42.72,18.03,55.9,41.44,31.0,33.54,55.73,62.77,34.71,20.81,23.71,63.51,69.31,38.48,6.32,59.08,52.92,0.0,19.72,41.88,47.01,40.0,53.24,58.31,50.57,50.99,32.45,57.2,40.31,12.81,26.25,8.06,27.78,21.38
32,25.81,21.84,36.5,28.79,64.08,8.6,28.6,65.0,60.61,54.71,62.24,54.56,23.19,46.24,23.02,16.0,68.66,29.15,27.02,37.74,51.97,74.33,50.12,39.62,41.77,46.62,76.32,41.4,13.6,78.77,53.76,19.72,0.0,47.17,57.25,58.69,72.95,42.06,70.21,64.13,29.73,67.42,21.95,27.07,35.44,27.31,8.06,17.03
33,44.28,26.87,31.26,72.14,19.0,48.47,45.31,47.01,62.51,53.46,70.06,66.12,68.94,29.21,60.21,57.28,28.79,37.22,23.35,9.43,24.41,31.14,70.83,53.15,57.27,60.73,29.15,7.0,43.93,72.8,14.32,41.88,47.17,0.0,15.23,67.01,64.62,55.08,60.54,26.42,72.86,23.02,51.35,29.97,16.16,39.0,51.48,30.41
34,47.38,35.47,30.81,78.82,7.81,60.21,47.51,36.14,56.32,47.52,64.94,62.64,80.08,44.1,73.25,64.35,13.6,51.97,37.05,22.02,38.21,17.26,69.78,52.35,56.36,75.89,23.71,21.84,50.77,63.15,26.25,47.01,57.25,15.23,0.0,62.37,54.92,70.21,50.8,11.4,79.4,10.3,65.0,34.21,21.93,41.73,62.82,41.77
35,33.6,52.0,36.35,53.16,69.38,67.21,30.81,34.06,8.6,15.23,3.61,5.1,74.95,88.32,81.39,48.55,62.65,80.53,67.42,62.65,88.28,70.68,17.12,19.21,17.03,103.47,85.44,67.48,45.34,25.02,81.1,40.0,58.69,67.01,62.37,0.0,24.04,98.18,24.6,58.31,52.89,69.57,80.16,42.38,52.47,34.89,66.48,59.94
36,47.42,59.41,40.31,74.43,60.21,80.78,44.78,19.03,16.12,18.38,23.26,28.64,92.7,91.07,95.88,66.76,50.09,88.41,73.11,63.63,88.57,57.43,41.0,35.9,36.22,113.17,75.01,67.54,59.48,8.25,78.77,53.24,72.95,64.62,54.92,24.04,0.0,107.49,4.12,47.01,74.33,59.01,92.42,49.58,54.08,45.79,81.01,68.68
37,64.66,48.08,67.21,67.07,73.55,33.96,67.42,94.4,98.23,90.69,101.79,94.67,44.15,30.15,27.66,57.49,83.82,19.42,35.51,49.24,39.32,85.91,91.79,79.08,81.99,5.83,78.0,48.38,53.67,114.59,50.01,58.31,42.06,55.08,70.21,98.18,107.49,0.0,104.0,80.99,68.07,77.67,21.1,58.0,55.76,63.6,36.5,38.95
38,44.94,55.97,36.8,73.11,56.14,77.9,42.38,15.0,16.16,16.28,24.41,28.79,90.44,87.13,93.06,64.76,46.17,84.85,69.43,59.68,84.53,53.6,41.11,34.23,35.0,109.71,71.03,63.53,56.86,12.37,74.67,50.57,70.21,60.54,50.8,24.6,4.12,104.0,0.0,43.0,73.06,55.0,89.31,46.23,50.22,42.94,78.26,65.3
39,49.93,42.43,32.45,82.76,13.6,68.18,49.41,28.0,51.24,43.08,60.41,59.48,87.3,55.47,82.01,68.94,5.0,62.36,46.87,32.02,49.58,12.81,68.24,51.74,55.44,86.73,28.07,32.7,55.71,55.08,37.48,50.99,64.13,26.42,11.4,58.31,47.01,80.99,43.0,0.0,83.24,12.0,74.33,38.63,29.07,44.42,70.46,50.01
40,33.62,46.01,50.99,1.0,87.01,35.36,34.79,73.98,58.69,57.0,55.66,47.8,28.18,75.96,41.98,15.62,88.19,58.46,55.95,63.78,81.39,95.19,37.58,39.01,38.12,71.45,101.24,68.25,29.0,77.47,81.84,32.45,29.73,72.86,79.4,52.89,74.33,68.07,73.06,83.24,0.0,89.63,47.01,45.22,58.14,38.91,32.14,45.28
41,57.31,45.69,40.36,89.05,4.12,70.09,57.28,40.0,62.82,54.41,71.84,70.38,90.14,49.77,82.73,74.63,9.85,60.21,46.1,31.26,42.54,8.25,78.39,61.29,65.19,83.2,16.12,30.02,61.06,67.07,30.02,57.2,67.42,23.02,10.3,69.57,59.01,77.67,55.0,12.0,89.63,0.0,74.17,44.41,32.2,51.66,72.8,51.66
42,46.69,34.54,53.24,46.01,70.26,13.42,49.52,81.86,81.34,74.65,83.74,76.22,25.06,36.88,10.0,36.69,78.1,17.2,28.07,43.01,45.22,82.05,72.07,60.96,63.41,25.0,78.85,44.41,34.83,98.86,52.0,40.31,21.95,51.35,65.0,80.16,92.42,21.1,89.31,74.33,47.01,74.17,0.0,43.42,45.89,46.86,15.52,25.3
43,14.32,10.0,9.85,44.65,41.87,33.24,15.52,38.63,40.82,32.8,45.88,40.02,50.01,46.1,48.38,30.41,43.46,39.2,25.08,22.56,47.01,50.12,42.11,25.08,29.02,63.64,56.64,27.66,17.09,56.59,42.2,12.81,27.07,29.97,34.21,42.38,49.58,58.0,46.23,38.63,45.22,44.41,43.42,0.0,13.89,9.22,34.53,19.1
44,28.18,13.6,16.12,57.49,29.15,39.12,29.15,38.95,49.04,40.16,55.73,51.04,58.46,37.12,53.08,42.8,33.38,36.36,20.25,10.2,35.9,38.9,54.92,37.34,41.44,61.59,43.14,15.03,29.21,61.91,29.15,26.25,35.44,16.16,21.93,52.47,54.08,55.76,50.22,29.07,58.14,32.2,45.89,13.89,0.0,22.85,41.44,21.02
45,5.66,17.46,12.08,38.48,49.52,34.99,6.32,38.33,34.71,27.8,38.47,31.95,48.66,54.59,50.12,25.5,49.4,45.65,32.98,31.78,56.01,56.61,33.02,16.49,20.22,69.03,64.82,36.88,14.32,52.01,51.42,8.06,27.31,39.0,41.73,34.89,45.79,63.6,42.94,44.42,38.91,51.66,46.86,9.22,22.85,0.0,35.34,25.06
46,33.84,28.07,44.15,31.14,69.26,3.61,36.62,72.8,68.6,62.77,70.01,62.24,17.46,45.79,15.0,21.19,74.81,26.93,29.41,42.15,52.63,80.05,57.14,47.51,49.5,40.52,80.5,45.18,21.63,86.82,56.22,27.78,8.06,51.48,62.82,66.48,81.01,36.5,78.26,70.46,32.14,72.8,15.52,34.53,41.44,35.34,0.0,21.19
47,27.2,9.43,28.6,44.42,48.08,18.44,29.73,56.82,59.41,51.74,63.53,56.86,38.63,32.25,32.06,29.97,54.15,20.59,10.77,21.02,36.4,59.03,56.09,41.23,44.6,44.55,59.54,24.41,19.1,75.66,36.88,21.38,17.03,30.41,41.77,59.94,68.68,38.95,65.3,50.01,45.28,51.66,25.3,19.1,21.02,25.06,21.19,0.0
