vehicles
vehicle_idx, capacity, cost_per_unit_distance
1,100,1
2,100,1
3,100,1
4,100,1
5,100,1
6,100,1
depot
node_idx,x,y
0,39,19
home delivery customers
node_idx,x,y,service_time,demand
1,79,19,10,18
2,63,93,10,24
3,69,17,10,19
4,57,73,10,6
5,79,73,10,12
6,1,37,10,16
7,41,31,10,72
8,37,27,10,16
9,85,45,10,22
10,83,29,10,11
11,41,9,10,15
12,5,97,10,7
13,7,53,10,10
14,7,41,10,2
self pickup customers
node_idx,x,y,service_time,demand,locker_idxs
15,41,79,10,16,49-42
16,25,31,10,22,40
17,33,5,10,3,40
18,1,1,10,6,40
19,59,5,10,18,44
20,23,73,10,7,42
21,87,23,10,1,41-44
22,31,23,10,22,40
23,19,97,10,16,42
24,9,7,10,5,40
25,13,61,10,10,50
26,45,93,10,9,49-39
flexible customers
node_idx,x,y,service_time,demand,locker_idxs
27,53,75,10,6,49-39
28,85,93,10,23,43-39
29,93,13,10,4,41-44
30,49,91,10,23,39
31,55,43,10,7,45-46-48-47
32,93,49,10,11,41
33,83,61,10,7,43
34,13,13,10,22,40
35,43,37,10,9,50-47-45-48-46
36,71,51,10,11,46-45-48
37,93,55,10,3,43
38,81,11,10,15,44-41
lockers
node_idx,x,y,service_time,capacity,cost_per_unit_good
39,65,88,10,100
40,25,15,10,80
41,93,12,10,88
42,22,88,10,79
43,77,88,10,71
44,72,14,10,76
45,45,50,10,73
46,54,45,10,79
47,38,45,10,84
48,49,42,10,82
49,53,71,10,95
50,25,47,10,80
mrt lines
start_node_idx,end_node_idx,freight_capacity,cost_per_unit_good
39,40,100,2
40,39,100,2
41,42,88,2
42,41,88,2
distance matrix
,0,1,2,3,4,5,6,7,8,9,10,11,12,13,14,15,16,17,18,19,20,21,22,23,24,25,26,27,28,29,30,31,32,33,34,35,36,37,38,39,40,41,42,43,44,45,46,47,48,49,50,
0,0.0,40.0,77.79,30.07,56.92,67.2,42.05,12.17,8.25,52.84,45.12,10.2,85.09,46.69,38.83,60.03,18.44,15.23,42.05,24.41,56.32,48.17,8.94,80.52,32.31,49.4,74.24,57.72,87.13,54.33,72.69,28.84,61.77,60.83,26.68,18.44,45.25,64.9,42.76,73.74,14.56,54.45,71.06,78.77,33.38,31.58,30.02,26.02,25.08,53.85,31.3
1,40.0,0.0,75.71,10.2,58.31,54.0,80.05,39.85,42.76,26.68,10.77,39.29,107.52,79.62,75.29,71.02,55.32,48.08,80.05,24.41,77.79,8.94,48.17,98.41,71.02,78.23,81.44,61.74,74.24,15.23,78.0,33.94,33.11,42.19,66.27,40.25,32.98,38.63,8.25,70.41,54.15,15.65,89.5,69.03,8.6,46.01,36.07,48.55,37.8,58.14,60.83
2,77.79,75.71,0.0,76.24,20.88,25.61,83.55,65.79,70.94,52.8,67.05,86.83,58.14,68.82,76.42,26.08,72.72,92.97,110.94,88.09,44.72,74.0,76.97,44.18,101.55,59.36,18.0,20.59,22.0,85.44,14.14,50.64,53.25,37.74,94.34,59.46,42.76,48.41,83.95,5.39,86.76,86.38,41.3,14.87,79.51,46.62,48.84,54.12,52.89,24.17,59.67
3,30.07,10.2,76.24,0.0,57.27,56.89,70.88,31.3,33.53,32.25,18.44,29.12,102.45,71.69,66.48,68.03,46.17,37.95,69.86,15.62,72.47,18.97,38.47,94.34,60.83,71.22,79.7,60.17,77.67,24.33,76.66,29.53,40.0,46.17,56.14,32.8,34.06,44.94,13.42,71.11,44.05,24.52,85.15,71.45,4.24,40.8,31.76,41.77,32.02,56.32,53.25
4,56.92,58.31,20.88,57.27,0.0,22.0,66.57,44.94,50.16,39.6,51.11,65.97,57.27,53.85,59.36,17.09,52.8,72.11,91.21,68.03,34.0,58.31,56.36,44.94,81.61,45.61,23.32,4.47,34.41,69.97,19.7,30.07,43.27,28.64,74.4,38.63,26.08,40.25,66.48,17.0,66.24,70.83,38.08,25.0,60.88,25.94,28.16,33.84,32.02,4.47,41.23
5,67.2,54.0,25.61,56.89,22.0,0.0,85.91,56.64,62.29,28.64,44.18,74.43,77.79,74.73,78.79,38.47,68.41,82.1,106.15,70.88,56.0,50.64,69.31,64.62,96.21,67.08,39.45,26.08,20.88,61.61,34.99,38.42,27.78,12.65,89.2,50.91,23.41,22.8,62.03,20.52,79.25,62.59,58.94,15.13,59.41,41.05,37.54,49.65,43.14,26.08,59.93
6,42.05,80.05,83.55,70.88,66.57,85.91,0.0,40.45,37.36,84.38,82.39,48.83,60.13,17.09,7.21,58.0,24.74,45.25,36.0,66.24,42.19,87.13,33.11,62.64,31.05,26.83,71.22,64.4,100.96,95.08,72.25,54.33,92.78,85.44,26.83,42.0,71.39,93.74,84.12,81.84,32.56,95.34,55.15,91.53,74.63,45.88,53.6,37.85,48.26,62.13,26.0
7,12.17,39.85,65.79,31.3,44.94,56.64,40.45,0.0,5.66,46.17,42.05,22.0,75.18,40.5,35.44,48.0,16.0,27.2,50.0,31.62,45.69,46.69,12.81,69.57,40.0,41.04,62.13,45.61,76.03,55.03,60.53,18.44,55.03,51.61,33.29,6.32,36.06,57.27,44.72,61.85,22.63,55.36,60.08,67.42,35.36,19.42,19.1,14.32,13.6,41.76,22.63
8,8.25,42.76,70.94,33.53,50.16,62.29,37.36,5.66,0.0,51.26,46.04,18.44,76.97,39.7,33.11,52.15,12.65,22.36,44.41,31.11,48.08,50.16,7.21,72.28,34.41,41.62,66.48,50.6,81.61,57.72,65.12,24.08,60.17,57.2,27.78,11.66,41.62,62.61,46.82,67.12,16.97,57.97,62.82,72.95,37.34,24.35,24.76,18.03,19.21,46.82,23.32
9,52.84,26.68,52.8,32.25,39.6,28.64,84.38,46.17,51.26,0.0,16.12,56.85,95.41,78.41,78.1,55.61,61.61,65.6,94.83,47.71,68.03,22.09,58.31,84.02,84.97,73.76,62.48,43.86,48.0,32.98,58.41,30.07,8.94,16.12,78.79,42.76,15.23,12.81,34.23,47.42,67.08,33.96,76.28,43.74,33.62,40.31,31.0,47.0,36.12,41.23,60.03
10,45.12,10.77,67.05,18.44,51.11,44.18,82.39,42.05,46.04,16.12,0.0,46.52,103.48,79.7,76.94,65.3,58.03,55.46,86.65,33.94,74.4,7.21,52.35,93.38,77.2,76.97,74.43,54.92,64.03,18.87,70.71,31.3,22.36,32.0,71.81,40.79,25.06,27.86,18.11,61.68,59.67,19.72,84.86,59.3,18.6,43.42,33.12,47.76,36.4,51.61,60.73
11,10.2,39.29,86.83,29.12,65.97,74.43,48.83,22.0,18.44,56.85,46.52,0.0,95.08,55.61,46.69,70.0,27.2,8.94,40.79,18.44,66.48,48.08,17.2,90.71,32.06,59.06,84.1,67.08,94.83,52.15,82.39,36.77,65.6,66.84,28.28,28.07,51.61,69.43,40.05,82.57,17.09,52.09,81.25,86.82,31.4,41.19,38.28,36.12,33.96,63.15,41.23
12,85.09,107.52,58.14,102.45,57.27,77.79,60.13,75.18,76.97,95.41,103.48,95.08,0.0,44.05,56.04,40.25,68.96,96.17,96.08,106.68,30.0,110.45,78.43,14.0,90.09,36.88,40.2,52.8,80.1,121.66,44.41,73.59,100.24,85.91,84.38,71.02,80.45,97.51,114.77,60.67,84.4,122.35,19.24,72.56,106.67,61.72,71.45,61.59,70.43,54.59,53.85
13,46.69,79.62,68.82,71.69,53.85,74.73,17.09,40.5,39.7,78.41,79.7,55.61,44.05,0.0,12.0,42.8,28.43,54.59,52.35,70.77,25.61,85.44,38.42,45.61,46.04,10.0,55.17,50.99,87.66,94.85,56.64,49.03,86.09,76.42,40.45,39.4,64.03,86.02,85.09,67.74,42.05,95.27,38.08,78.26,75.8,38.12,47.68,32.02,43.42,49.4,18.97
14,38.83,75.29,76.42,66.48,59.36,78.79,7.21,35.44,33.11,78.1,76.94,46.69,56.04,12.0,0.0,50.99,20.59,44.41,40.45,63.25,35.78,82.0,30.0,57.27,34.06,20.88,64.4,57.2,93.74,90.44,65.3,48.04,86.37,78.59,28.64,36.22,64.78,87.13,79.85,74.65,31.62,90.76,49.34,84.31,70.38,39.05,47.17,31.26,42.01,54.92,18.97
15,60.03,71.02,26.08,68.03,17.09,38.47,58.0,48.0,52.15,55.61,65.3,70.0,40.25,42.8,50.99,0.0,50.6,74.43,87.66,76.16,18.97,72.47,56.89,28.43,78.79,33.29,14.56,12.65,46.17,84.02,14.42,38.63,60.03,45.69,71.69,42.05,41.04,57.27,78.89,25.63,65.97,84.81,21.02,37.11,72.01,29.27,36.4,34.13,37.85,14.42,35.78
16,18.44,55.32,72.72,46.17,52.8,68.41,24.74,16.0,12.65,61.61,58.03,27.2,68.96,28.43,20.59,50.6,0.0,27.2,38.42,42.8,42.05,62.51,10.0,66.27,28.84,32.31,65.15,52.15,86.28,70.34,64.62,32.31,70.34,65.3,21.63,18.97,50.16,72.11,59.46,69.63,16.0,70.6,57.08,77.16,49.98,27.59,32.2,19.1,26.4,48.83,16.0
17,15.23,48.08,92.97,37.95,72.11,82.1,45.25,27.2,22.36,65.6,55.46,8.94,96.17,54.59,44.41,74.43,27.2,0.0,32.25,26.0,68.73,56.92,18.11,93.06,24.08,59.46,88.81,72.8,102.22,60.53,87.48,43.91,74.4,75.07,21.54,33.53,59.67,78.1,48.37,88.96,12.81,60.41,83.73,93.94,40.02,46.57,45.18,40.31,40.31,68.96,42.76
18,42.05,80.05,110.94,69.86,91.21,106.15,36.0,50.0,44.41,94.83,86.65,40.79,96.08,52.35,40.45,87.66,38.42,32.25,0.0,58.14,75.29,88.77,37.2,97.67,10.0,61.19,101.98,90.44,124.58,92.78,102.0,68.41,103.77,101.61,16.97,55.32,86.02,106.68,80.62,108.0,27.78,92.66,89.5,115.52,72.18,65.86,68.88,57.49,63.13,87.2,51.88
19,24.41,24.41,88.09,15.62,68.03,70.88,66.24,31.62,31.11,47.71,33.94,18.44,106.68,70.77,63.25,76.16,42.8,26.0,58.14,0.0,76.94,33.29,33.29,100.32,50.04,72.47,89.11,70.26,91.76,34.93,86.58,38.21,55.61,60.93,46.69,35.78,47.54,60.46,22.8,83.22,35.44,34.71,90.87,84.93,15.81,47.13,40.31,45.18,38.33,66.27,54.04
20,56.32,77.79,44.72,72.47,34.0,56.0,42.19,45.69,48.08,68.03,74.4,66.48,30.0,25.61,35.78,18.97,42.05,68.73,75.29,76.94,0.0,81.22,50.64,24.33,67.47,15.62,29.73,30.07,65.15,92.2,31.62,43.86,74.0,61.19,60.83,41.18,52.8,72.28,84.9,44.6,58.03,92.85,15.03,56.04,76.69,31.83,41.77,31.76,40.46,30.07,26.08
21,48.17,8.94,74.0,18.97,58.31,50.64,87.13,46.69,50.16,22.09,7.21,48.08,110.45,85.44,82.0,72.47,62.51,56.92,88.77,33.29,81.22,0.0,56.0,100.5,79.62,83.19,81.63,62.13,70.03,11.66,77.9,37.74,26.68,38.21,74.67,46.17,32.25,32.56,13.42,68.62,62.51,12.53,91.92,65.76,17.49,49.93,39.66,53.71,42.49,58.82,66.48
22,8.94,48.17,76.97,38.47,56.36,69.31,33.11,12.81,7.21,58.31,52.35,17.2,78.43,38.42,30.0,56.89,10.0,18.11,37.2,33.29,50.64,56.0,0.0,74.97,27.2,42.05,71.39,56.46,88.41,62.8,70.34,31.24,67.23,64.4,20.59,18.44,48.83,69.77,51.42,73.36,10.0,62.97,65.62,79.63,41.98,30.41,31.83,23.09,26.17,52.8,24.74
23,80.52,98.41,44.18,94.34,44.94,64.62,62.64,69.57,72.28,84.02,93.38,90.71,14.0,45.61,57.27,28.43,66.27,93.06,97.67,100.32,24.33,100.5,74.97,0.0,90.55,36.5,26.31,40.5,66.12,111.95,30.59,64.9,88.2,73.43,84.21,64.62,69.43,85.09,106.02,46.87,82.22,112.7,9.49,58.69,98.48,53.71,62.68,55.36,62.65,42.8,50.36
24,32.31,71.02,101.55,60.83,81.61,96.21,31.05,40.0,34.41,84.97,77.2,32.06,90.09,46.04,34.06,78.79,28.84,24.08,10.0,50.04,67.47,79.62,27.2,90.55,0.0,54.15,93.23,80.99,114.77,84.21,93.04,58.41,93.91,91.61,7.21,45.34,76.03,96.75,72.11,98.47,17.89,84.15,82.04,105.76,63.39,56.08,58.9,47.8,53.15,77.67,43.08
25,49.4,78.23,59.36,71.22,45.61,67.08,26.83,41.04,41.62,73.76,76.97,59.06,36.88,10.0,20.88,33.29,32.31,59.46,61.19,72.47,15.62,83.19,42.05,36.5,54.15,0.0,45.25,42.38,78.79,93.3,46.86,45.69,80.89,70.0,48.0,38.42,58.86,80.22,84.4,58.59,47.54,93.81,28.46,69.46,75.43,33.84,44.01,29.68,40.71,41.23,18.44
26,74.24,81.44,18.0,79.7,23.32,39.45,71.22,62.13,66.48,62.48,74.43,84.1,40.2,55.17,64.4,14.56,65.15,88.81,101.98,89.11,29.73,81.63,71.39,26.31,93.23,45.25,0.0,19.7,40.0,93.3,4.47,50.99,65.12,49.68,86.16,56.04,49.4,61.22,89.55,20.62,80.52,94.15,23.54,32.39,83.49,43.0,48.84,48.51,51.16,23.41,50.16
27,57.72,61.74,20.59,60.17,4.47,26.08,64.4,45.61,50.6,43.86,54.92,67.08,52.8,50.99,57.2,12.65,52.15,72.8,90.44,70.26,30.07,62.13,56.46,40.5,80.99,42.38,19.7,0.0,36.72,73.78,16.49,32.06,47.71,33.11,73.78,39.29,30.0,44.72,69.86,17.69,66.21,74.63,33.62,27.29,63.89,26.25,30.02,33.54,33.24,4.0,39.6
28,87.13,74.24,22.0,77.67,34.41,20.88,100.96,76.03,81.61,48.0,64.03,94.83,80.1,87.66,93.74,46.17,86.28,102.22,124.58,91.76,65.15,70.03,88.41,66.12,114.77,78.79,40.0,36.72,0.0,80.4,36.06,58.31,44.72,32.06,107.63,70.0,44.27,38.83,82.1,20.62,98.41,81.39,63.2,9.43,80.06,58.73,57.14,67.18,62.43,38.83,75.6
29,54.33,15.23,85.44,24.33,69.97,61.61,95.08,55.03,57.72,32.98,18.87,52.15,121.66,94.85,90.44,84.02,70.34,60.53,92.78,34.93,92.2,11.66,62.8,111.95,84.21,93.3,93.3,73.78,80.4,0.0,89.55,48.41,36.0,49.03,80.0,55.46,43.91,42.0,12.17,80.06,68.03,1.0,103.28,76.69,21.02,60.61,50.45,63.63,52.7,70.46,76.03
30,72.69,78.0,14.14,76.66,19.7,34.99,72.25,60.53,65.12,58.41,70.71,82.39,44.41,56.64,65.3,14.42,64.62,87.48,102.0,86.58,31.62,77.9,70.34,30.59,93.04,46.86,4.47,16.49,36.06,89.55,0.0,48.37,60.83,45.34,85.91,54.33,45.65,56.85,86.16,16.28,79.7,90.43,27.17,28.16,80.36,41.19,46.27,47.3,49.0,20.4,50.12
31,28.84,33.94,50.64,29.53,30.07,38.42,54.33,18.44,24.08,30.07,31.3,36.77,73.59,49.03,48.04,38.63,32.31,43.91,68.41,38.21,43.86,37.74,31.24,64.9,58.41,45.69,50.99,32.06,58.31,48.41,48.37,0.0,38.47,33.29,51.61,13.42,17.89,39.85,41.23,46.1,41.04,49.04,55.8,50.09,33.62,12.21,2.24,17.12,6.08,28.07,30.27
32,61.77,33.11,53.25,40.0,43.27,27.78,92.78,55.03,60.17,8.94,22.36,65.6,100.24,86.09,86.37,60.03,70.34,74.4,103.77,55.61,74.0,26.68,67.23,88.2,93.91,80.89,65.12,47.71,44.72,36.0,60.83,38.47,0.0,15.62,87.73,51.42,22.09,6.0,39.85,48.01,76.03,37.0,81.01,42.15,40.82,48.01,39.2,55.15,44.55,45.65,68.03
33,60.83,42.19,37.74,46.17,28.64,12.65,85.44,51.61,57.2,16.12,32.0,66.84,85.91,76.42,78.59,45.69,65.3,75.07,101.61,60.93,61.19,38.21,64.4,73.43,91.61,70.0,49.68,33.11,32.06,49.03,45.34,33.29,15.62,0.0,84.88,46.65,15.62,11.66,50.04,32.45,74.03,50.01,66.71,27.66,48.27,39.56,33.12,47.76,38.95,31.62,59.67
34,26.68,66.27,94.34,56.14,74.4,89.2,26.83,33.29,27.78,78.79,71.81,28.28,84.38,40.45,28.64,71.69,21.63,21.54,16.97,46.69,60.83,74.67,20.59,84.21,7.21,48.0,86.16,73.78,107.63,80.0,85.91,51.61,87.73,84.88,0.0,38.42,69.34,90.35,68.03,91.26,12.17,80.01,75.54,98.6,59.01,48.92,52.01,40.61,46.23,70.46,36.06
35,18.44,40.25,59.46,32.8,38.63,50.91,42.0,6.32,11.66,42.76,40.79,28.07,71.02,39.4,36.22,42.05,18.97,33.53,55.32,35.78,41.18,46.17,18.44,64.62,45.34,38.42,56.04,39.29,70.0,55.46,54.33,13.42,51.42,46.65,38.42,0.0,31.3,53.14,46.04,55.54,28.43,55.9,55.15,61.29,37.01,13.15,13.6,9.43,7.81,35.44,20.59
36,45.25,32.98,42.76,34.06,26.08,23.41,71.39,36.06,41.62,15.23,25.06,51.61,80.45,64.03,64.78,41.04,50.16,59.67,86.02,47.54,52.8,32.25,48.83,69.43,76.03,58.86,49.4,30.0,44.27,43.91,45.65,17.89,22.09,15.62,69.34,31.3,0.0,22.36,41.23,37.48,58.41,44.78,61.4,37.48,37.01,26.02,18.03,33.54,23.77,26.91,46.17
37,64.9,38.63,48.41,44.94,40.25,22.8,93.74,57.27,62.61,12.81,27.86,69.43,97.51,86.02,87.13,57.27,72.11,78.1,106.68,60.46,72.28,32.56,69.77,85.09,96.75,80.22,61.22,44.72,38.83,42.0,56.85,39.85,6.0,11.66,90.35,53.14,22.36,0.0,45.61,43.28,78.89,43.0,78.29,36.67,46.07,48.26,40.26,55.9,45.88,43.08,68.47
38,42.76,8.25,83.95,13.42,66.48,62.03,84.12,44.72,46.82,34.23,18.11,40.05,114.77,85.09,79.85,78.89,59.46,48.37,80.62,22.8,84.9,13.42,51.42,106.02,72.11,84.4,89.55,69.86,82.1,12.17,86.16,41.23,39.85,50.04,68.03,46.04,41.23,45.61,0.0,78.64,56.14,12.04,97.01,77.1,9.49,53.08,43.42,54.82,44.55,66.21,66.57
39,73.74,70.41,5.39,71.11,17.0,20.52,81.84,61.85,67.12,47.42,61.68,82.57,60.67,67.74,74.65,25.63,69.63,88.96,108.0,83.22,44.6,68.62,73.36,46.87,98.47,58.59,20.62,17.69,20.62,80.06,16.28,46.1,48.01,32.45,91.26,55.54,37.48,43.28,78.64,0.0,83.24,80.99,43.0,12.0,74.33,42.94,44.38,50.77,48.7,20.81,57.28
40,14.56,54.15,86.76,44.05,66.24,79.25,32.56,22.63,16.97,67.08,59.67,17.09,84.4,42.05,31.62,65.97,16.0,12.81,27.78,35.44,58.03,62.51,10.0,82.22,17.89,47.54,80.52,66.21,98.41,68.03,79.7,41.04,76.03,74.03,12.17,28.43,58.41,78.89,56.14,83.24,0.0,68.07,73.06,89.63,47.01,40.31,41.73,32.7,36.12,62.61,32.0
41,54.45,15.65,86.38,24.52,70.83,62.59,95.34,55.36,57.97,33.96,19.72,52.09,122.35,95.27,90.76,84.81,70.6,60.41,92.66,34.71,92.85,12.53,62.97,112.7,84.15,93.81,94.15,74.63,81.39,1.0,90.43,49.04,37.0,50.01,80.01,55.9,44.78,43.0,12.04,80.99,68.07,0.0,104.0,77.67,21.1,61.22,51.09,64.14,53.25,71.28,76.48
42,71.06,89.5,41.3,85.15,38.08,58.94,55.15,60.08,62.82,76.28,84.86,81.25,19.24,38.08,49.34,21.02,57.08,83.73,89.5,90.87,15.03,91.92,65.62,9.49,82.04,28.46,23.54,33.62,63.2,103.28,27.17,55.8,81.01,66.71,75.54,55.15,61.4,78.29,97.01,43.0,73.06,104.0,0.0,55.0,89.31,44.42,53.6,45.88,53.34,35.36,41.11
43,78.77,69.03,14.87,71.45,25.0,15.13,91.53,67.42,72.95,43.74,59.3,86.82,72.56,78.26,84.31,37.11,77.16,93.94,115.52,84.93,56.04,65.76,79.63,58.69,105.76,69.46,32.39,27.29,9.43,76.69,28.16,50.09,42.15,27.66,98.6,61.29,37.48,36.67,77.1,12.0,89.63,77.67,55.0,0.0,74.17,49.68,48.76,58.05,53.85,29.41,66.22
44,33.38,8.6,79.51,4.24,60.88,59.41,74.63,35.36,37.34,33.62,18.6,31.4,106.67,75.8,70.38,72.01,49.98,40.02,72.18,15.81,76.69,17.49,41.98,98.48,63.39,75.43,83.49,63.89,80.06,21.02,80.36,33.62,40.82,48.27,59.01,37.01,37.01,46.07,9.49,74.33,47.01,21.1,89.31,74.17,0.0,45.0,35.85,46.01,36.24,60.08,57.43
45,31.58,46.01,46.62,40.8,25.94,41.05,45.88,19.42,24.35,40.31,43.42,41.19,61.72,38.12,39.05,29.27,27.59,46.57,65.86,47.13,31.83,49.93,30.41,53.71,56.08,33.84,43.0,26.25,58.73,60.61,41.19,12.21,48.01,39.56,48.92,13.15,26.02,48.26,53.08,42.94,40.31,61.22,44.42,49.68,45.0,0.0,10.3,8.6,8.94,22.47,20.22
46,30.02,36.07,48.84,31.76,28.16,37.54,53.6,19.1,24.76,31.0,33.12,38.28,71.45,47.68,47.17,36.4,32.2,45.18,68.88,40.31,41.77,39.66,31.83,62.68,58.9,44.01,48.84,30.02,57.14,50.45,46.27,2.24,39.2,33.12,52.01,13.6,18.03,40.26,43.42,44.38,41.73,51.09,53.6,48.76,35.85,10.3,0.0,16.0,5.83,26.02,29.07
47,26.02,48.55,54.12,41.77,33.84,49.65,37.85,14.32,18.03,47.0,47.76,36.12,61.59,32.02,31.26,34.13,19.1,40.31,57.49,45.18,31.76,53.71,23.09,55.36,47.8,29.68,48.51,33.54,67.18,63.63,47.3,17.12,55.15,47.76,40.61,9.43,33.54,55.9,54.82,50.77,32.7,64.14,45.88,58.05,46.01,8.6,16.0,0.0,11.4,30.02,13.15
48,25.08,37.8,52.89,32.02,32.02,43.14,48.26,13.6,19.21,36.12,36.4,33.96,70.43,43.42,42.01,37.85,26.4,40.31,63.13,38.33,40.46,42.49,26.17,62.65,53.15,40.71,51.16,33.24,62.43,52.7,49.0,6.08,44.55,38.95,46.23,7.81,23.77,45.88,44.55,48.7,36.12,53.25,53.34,53.85,36.24,8.94,5.83,11.4,0.0,29.27,24.52
49,53.85,58.14,24.17,56.32,4.47,26.08,62.13,41.76,46.82,41.23,51.61,63.15,54.59,49.4,54.92,14.42,48.83,68.96,87.2,66.27,30.07,58.82,52.8,42.8,77.67,41.23,23.41,4.0,38.83,70.46,20.4,28.07,45.65,31.62,70.46,35.44,26.91,43.08,66.21,20.81,62.61,71.28,35.36,29.41,60.08,22.47,26.02,30.02,29.27,0.0,36.88
50,31.3,60.83,59.67,53.25,41.23,59.93,26.0,22.63,23.32,60.03,60.73,41.23,53.85,18.97,18.97,35.78,16.0,42.76,51.88,54.04,26.08,66.48,24.74,50.36,43.08,18.44,50.16,39.6,75.6,76.03,50.12,30.27,68.03,59.67,36.06,20.59,46.17,68.47,66.57,57.28,32.0,76.48,41.11,66.22,57.43,20.22,29.07,13.15,24.52,36.88,0.0
