set K:= 1	2	3	4	5;
set C_H:= 1	2	3	4	5	6	7	8	9	10	11	12	13;
set C_S:= 14	15	16	17	18	19	20	21	22	23	24;
set C_F:= 25	26	27	28	29	30	31	32	33	34	35;
set M:= 36	37	38	39	40	41;
set L_B:= 42	43	44	45	46;
set A1:=
(0,*) 1 2 3 4 5 6 7 8 9 10 11 12 13 25 26 27 28 29 30 31 32 33 34 35 36 37 38 39 40 41 42 43 44 45 46 47
(1,*) 0 2 3 4 5 6 7 8 9 10 11 12 13 25 26 27 28 29 30 31 32 33 34 35 36 37 38 39 40 41 42 43 44 45 46 47
(2,*) 0 1 3 4 5 6 7 8 9 10 11 12 13 25 26 27 28 29 30 31 32 33 34 35 36 37 38 39 40 41 42 43 44 45 46 47
(3,*) 0 1 2 4 5 6 7 8 9 10 11 12 13 25 26 27 28 29 30 31 32 33 34 35 36 37 38 39 40 41 42 43 44 45 46 47
(4,*) 0 1 2 3 5 6 7 8 9 10 11 12 13 25 26 27 28 29 30 31 32 33 34 35 36 37 38 39 40 41 42 43 44 45 46 47
(5,*) 0 1 2 3 4 6 7 8 9 10 11 12 13 25 26 27 28 29 30 31 32 33 34 35 36 37 38 39 40 41 42 43 44 45 46 47
(6,*) 0 1 2 3 4 5 7 8 9 10 11 12 13 25 26 27 28 29 30 31 32 33 34 35 36 37 38 39 40 41 42 43 44 45 46 47
(7,*) 0 1 2 3 4 5 6 8 9 10 11 12 13 25 26 27 28 29 30 31 32 33 34 35 36 37 38 39 40 41 42 43 44 45 46 47
(8,*) 0 1 2 3 4 5 6 7 9 10 11 12 13 25 26 27 28 29 30 31 32 33 34 35 36 37 38 39 40 41 42 43 44 45 46 47
(9,*) 0 1 2 3 4 5 6 7 8 10 11 12 13 25 26 27 28 29 30 31 32 33 34 35 36 37 38 39 40 41 42 43 44 45 46 47
(10,*) 0 1 2 3 4 5 6 7 8 9 11 12 13 25 26 27 28 29 30 31 32 33 34 35 36 37 38 39 40 41 42 43 44 45 46 47
(11,*) 0 1 2 3 4 5 6 7 8 9 10 12 13 25 26 27 28 29 30 31 32 33 34 35 36 37 38 39 40 41 42 43 44 45 46 47
(12,*) 0 1 2 3 4 5 6 7 8 9 10 11 13 25 26 27 28 29 30 31 32 33 34 35 36 37 38 39 40 41 42 43 44 45 46 47
(13,*) 0 1 2 3 4 5 6 7 8 9 10 11 12 25 26 27 28 29 30 31 32 33 34 35 36 37 38 39 40 41 42 43 44 45 46 47
(25,*) 0 1 2 3 4 5 6 7 8 9 10 11 12 13 26 27 28 29 30 31 32 33 34 35 36 37 38 39 40 41 42 43 44 45 46 47
(26,*) 0 1 2 3 4 5 6 7 8 9 10 11 12 13 25 27 28 29 30 31 32 33 34 35 36 37 38 39 40 41 42 43 44 45 46 47
(27,*) 0 1 2 3 4 5 6 7 8 9 10 11 12 13 25 26 28 29 30 31 32 33 34 35 36 37 38 39 40 41 42 43 44 45 46 47
(28,*) 0 1 2 3 4 5 6 7 8 9 10 11 12 13 25 26 27 29 30 31 32 33 34 35 36 37 38 39 40 41 42 43 44 45 46 47
(29,*) 0 1 2 3 4 5 6 7 8 9 10 11 12 13 25 26 27 28 30 31 32 33 34 35 36 37 38 39 40 41 42 43 44 45 46 47
(30,*) 0 1 2 3 4 5 6 7 8 9 10 11 12 13 25 26 27 28 29 31 32 33 34 35 36 37 38 39 40 41 42 43 44 45 46 47
(31,*) 0 1 2 3 4 5 6 7 8 9 10 11 12 13 25 26 27 28 29 30 32 33 34 35 36 37 38 39 40 41 42 43 44 45 46 47
(32,*) 0 1 2 3 4 5 6 7 8 9 10 11 12 13 25 26 27 28 29 30 31 33 34 35 36 37 38 39 40 41 42 43 44 45 46 47
(33,*) 0 1 2 3 4 5 6 7 8 9 10 11 12 13 25 26 27 28 29 30 31 32 34 35 36 37 38 39 40 41 42 43 44 45 46 47
(34,*) 0 1 2 3 4 5 6 7 8 9 10 11 12 13 25 26 27 28 29 30 31 32 33 35 36 37 38 39 40 41 42 43 44 45 46 47
(35,*) 0 1 2 3 4 5 6 7 8 9 10 11 12 13 25 26 27 28 29 30 31 32 33 34 36 37 38 39 40 41 42 43 44 45 46 47
(36,*) 0 1 2 3 4 5 6 7 8 9 10 11 12 13 25 26 27 28 29 30 31 32 33 34 35 37 38 39 40 41 42 43 44 45 46 47
(37,*) 0 1 2 3 4 5 6 7 8 9 10 11 12 13 25 26 27 28 29 30 31 32 33 34 35 36 38 39 40 41 42 43 44 45 46 47
(38,*) 0 1 2 3 4 5 6 7 8 9 10 11 12 13 25 26 27 28 29 30 31 32 33 34 35 36 37 39 40 41 42 43 44 45 46 47
(39,*) 0 1 2 3 4 5 6 7 8 9 10 11 12 13 25 26 27 28 29 30 31 32 33 34 35 36 37 38 40 41 42 43 44 45 46 47
(40,*) 0 1 2 3 4 5 6 7 8 9 10 11 12 13 25 26 27 28 29 30 31 32 33 34 35 36 37 38 39 41 42 43 44 45 46 47
(41,*) 0 1 2 3 4 5 6 7 8 9 10 11 12 13 25 26 27 28 29 30 31 32 33 34 35 36 37 38 39 40 42 43 44 45 46 47
(42,*) 0 1 2 3 4 5 6 7 8 9 10 11 12 13 25 26 27 28 29 30 31 32 33 34 35 36 37 38 39 40 41 43 44 45 46 47
(43,*) 0 1 2 3 4 5 6 7 8 9 10 11 12 13 25 26 27 28 29 30 31 32 33 34 35 36 37 38 39 40 41 42 44 45 46 47
(44,*) 0 1 2 3 4 5 6 7 8 9 10 11 12 13 25 26 27 28 29 30 31 32 33 34 35 36 37 38 39 40 41 42 43 45 46 47
(45,*) 0 1 2 3 4 5 6 7 8 9 10 11 12 13 25 26 27 28 29 30 31 32 33 34 35 36 37 38 39 40 41 42 43 44 46 47
(46,*) 0 1 2 3 4 5 6 7 8 9 10 11 12 13 25 26 27 28 29 30 31 32 33 34 35 36 37 38 39 40 41 42 43 44 45 47
(47,*) 0 1 2 3 4 5 6 7 8 9 10 11 12 13 25 26 27 28 29 30 31 32 33 34 35 36 37 38 39 40 41 42 43 44 45 46
;
set A2:=
;
param BigM:=99999;
param n:= 5;
param d:=
1	15
2	11
3	18
4	23
5	21
6	14
7	10
8	19
9	15
10	8
11	15
12	2
13	23
14	22
15	18
16	9
17	4
18	6
19	13
20	19
21	13
22	18
23	21
24	12
25	1
26	14
27	2
28	7
29	12
30	2
31	2
32	20
33	11
34	11
35	11
;
param Q:=100;
param e:
	36	37	38	39	40	41	42	43	44	45	46:=
14		0		1		0		0		0		0		0		0		0		0		0	
15		0		0		0		0		0		0		0		1		0		0		0	
16		0		0		0		0		0		1		0		0		0		0		0	
17		0		0		0		1		0		0		0		0		0		0		0	
18		0		0		0		0		0		0		0		0		0		0		1	
19		0		0		0		0		0		0		0		1		0		0		0	
20		0		0		0		0		0		0		1		0		0		0		0	
21		0		1		0		0		0		0		0		0		0		0		0	
22		0		0		0		1		0		0		0		0		0		0		0	
23		1		0		0		0		1		0		0		0		0		0		0	
24		0		0		0		1		0		0		0		0		0		0		0	
25		0		0		0		0		0		0		0		1		0		0		0	
26		0		0		1		0		0		1		0		0		0		0		0	
27		0		0		0		0		0		0		1		0		1		0		0	
28		0		0		1		0		0		1		0		0		0		0		0	
29		0		1		0		0		0		0		0		1		0		0		0	
30		0		0		0		1		0		0		0		0		0		0		0	
31		1		0		0		0		1		0		0		0		0		0		0	
32		0		1		0		0		0		0		0		0		0		1		0	
33		0		0		0		1		0		0		0		0		0		0		0	
34		0		0		0		1		0		0		0		0		0		0		0	
35		0		0		1		0		0		1		0		0		0		0		0	
;
param p:=
1	1
2	1
3	1
4	1
5	1
;
param G:=
36	84
37	77
38	73
39	92
40	96
41	95
42	78
43	77
44	83
45	85
46	99
;
param s:=
0	0
1	10
2	10
3	10
4	10
5	10
6	10
7	10
8	10
9	10
10	10
11	10
12	10
13	10
25	10
26	10
27	10
28	10
29	10
30	10
31	10
32	10
33	10
34	10
35	10
36	10
37	10
38	10
39	10
40	10
41	10
42	10
43	10
44	10
45	10
46	10
;
param t:
	0	1	2	3	4	5	6	7	8	9	10	11	12	13	14	15	16	17	18	19	20	21	22	23	24	25	26	27	28	29	30	31	32	33	34	35	36	37	38	39	40	41	42	43	44	45	46	47:=
0	0.0	70.94	106.15	21.63	10.0	60.83	55.46	13.42	62.29	56.14	47.07	54.41	69.86	60.17	17.2	48.83	56.92	72.11	69.86	46.17	32.31	14.14	76.94	78.82	64.0	33.11	72.25	70.0	78.92	28.28	76.66	88.81	26.31	60.0	72.25	76.03	85.21	10.77	78.31	69.35	92.76	57.22	45.61	40.72	67.8	20.0	53.16	0.0
1	70.94	0.0	35.38	49.52	69.43	12.17	22.36	77.18	50.6	50.99	44.0	17.2	43.91	24.08	68.82	22.8	64.0	56.36	20.59	50.0	44.94	62.48	51.61	19.7	56.92	69.86	43.86	4.47	62.77	53.14	70.68	26.08	50.48	55.79	54.59	49.19	23.35	66.6	58.18	52.33	24.35	51.09	25.46	38.08	5.0	57.2	31.14	70.94
2	106.15	35.38	0.0	84.85	104.8	45.61	55.57	111.61	72.69	75.71	72.8	52.5	62.13	54.63	104.02	58.14	93.15	74.0	46.17	78.43	78.23	97.84	66.12	32.98	78.41	101.13	66.27	37.2	84.0	86.09	88.09	26.0	85.6	78.92	72.0	70.03	28.16	101.98	79.0	71.06	16.28	79.81	60.83	70.33	39.2	92.46	63.07	106.15
3	21.63	49.52	84.85	0.0	20.59	40.0	34.18	30.59	51.42	46.17	34.93	32.8	56.04	39.29	22.36	27.2	46.86	61.61	48.7	36.77	18.97	14.56	64.28	59.06	55.03	36.72	54.33	48.41	64.62	21.26	69.86	68.96	11.31	51.26	61.19	58.86	65.37	17.89	62.94	58.05	72.01	42.54	24.08	25.02	46.23	12.17	33.14	21.63
4	10.0	69.43	104.8	20.59	0.0	60.46	51.61	23.32	68.03	62.13	52.04	52.35	74.43	55.57	7.21	46.69	47.54	78.1	65.51	52.15	36.22	7.21	82.1	79.65	70.46	42.19	65.12	67.88	70.26	34.23	83.95	89.55	20.59	66.48	78.03	68.47	85.96	2.83	70.01	75.01	92.42	49.01	44.05	43.93	65.76	13.42	47.85	10.0
5	60.83	12.17	45.61	40.0	60.46	0.0	21.54	66.03	40.25	39.85	32.06	12.17	35.38	26.08	60.83	16.12	63.15	47.2	27.2	38.05	33.11	53.85	43.86	20.4	46.52	57.72	48.41	14.14	66.57	41.23	61.06	29.73	43.08	44.94	45.61	54.04	26.25	57.69	62.43	43.01	32.02	51.24	17.09	25.96	12.37	49.19	30.36	60.83
6	55.46	22.36	55.57	34.18	51.61	21.54	0.0	64.56	58.14	56.04	45.65	10.0	55.61	6.32	49.52	10.77	42.19	66.48	14.56	50.99	38.47	44.41	64.4	40.2	64.03	64.28	28.43	18.97	45.61	46.17	79.4	48.04	31.24	61.61	65.12	34.06	45.0	48.83	41.77	62.24	46.57	29.83	14.56	35.47	17.46	38.42	9.06	55.46
7	13.42	77.18	111.61	30.59	23.32	66.03	64.56	0.0	58.82	52.5	45.65	61.74	68.03	69.86	30.53	56.46	70.23	67.91	79.12	43.08	33.94	27.2	74.0	82.02	59.23	24.08	84.0	76.94	91.78	27.2	70.03	91.93	38.05	55.32	68.41	88.09	88.39	24.17	90.93	65.8	97.19	69.87	52.8	42.45	74.71	32.56	63.64	13.42
8	62.29	50.6	72.69	51.42	68.03	40.25	58.14	58.82	0.0	6.32	16.49	48.41	11.66	64.03	72.44	48.08	93.3	10.2	67.23	16.12	32.56	64.5	15.23	40.05	6.32	37.74	86.56	53.85	103.25	34.06	21.26	47.07	61.35	6.32	10.0	92.2	44.55	66.12	99.72	7.07	56.44	84.2	45.34	27.31	52.39	63.56	65.07	62.29
9	56.14	50.99	75.71	46.17	62.13	39.85	56.04	52.5	6.32	0.0	11.66	46.65	16.97	62.13	66.75	45.61	89.31	16.0	66.21	10.0	27.2	58.86	21.54	42.76	8.94	31.62	84.4	53.85	100.5	28.0	24.41	50.6	56.46	5.66	16.12	90.0	47.8	60.3	97.19	13.34	59.44	80.81	42.52	23.02	52.2	58.24	62.37	56.14
10	47.07	44.0	72.8	34.93	52.04	32.06	45.65	45.65	16.49	11.66	0.0	36.77	22.8	51.88	56.14	34.99	77.67	26.68	56.92	6.0	16.12	48.17	30.07	40.25	20.59	28.84	73.78	46.17	89.38	18.97	36.06	49.4	44.94	17.2	26.31	79.32	46.14	50.0	86.21	23.19	56.86	69.35	31.62	11.4	44.28	47.07	51.4	47.07
11	54.41	17.2	52.5	32.8	52.35	12.17	10.0	61.74	48.41	46.65	36.77	0.0	45.61	15.62	51.61	5.66	50.99	56.57	20.4	42.38	32.06	45.34	54.41	32.06	54.41	58.03	38.21	15.62	55.61	40.2	69.66	40.79	33.29	52.15	55.17	43.86	37.48	49.52	51.74	52.33	41.15	39.22	8.94	27.46	13.45	40.0	18.38	54.41
12	69.86	43.91	62.13	56.04	74.43	35.38	55.61	68.03	11.66	16.97	22.8	45.61	0.0	60.96	78.03	46.65	94.02	12.65	62.48	25.06	38.21	70.03	8.94	30.27	16.49	48.41	83.55	47.71	101.21	41.76	27.2	36.22	64.78	17.89	10.77	89.2	34.01	72.25	97.31	9.06	46.01	83.73	44.72	31.02	46.62	68.12	63.51	69.86
13	60.17	24.08	54.63	39.29	55.57	26.08	6.32	69.86	64.03	62.13	51.88	15.62	60.96	0.0	52.8	17.09	40.05	72.14	10.0	57.27	44.72	48.37	69.66	43.17	70.0	70.46	22.63	20.0	40.5	52.35	85.28	50.16	34.99	67.68	70.71	28.28	47.38	52.84	36.4	67.9	47.38	27.02	20.88	41.79	19.1	42.19	8.6	60.17
14	17.2	68.82	104.02	22.36	7.21	60.83	49.52	30.53	72.44	66.75	56.14	51.61	78.03	52.8	0.0	46.04	40.79	82.61	62.8	56.89	40.05	8.0	86.02	80.62	75.31	48.83	60.17	66.84	64.03	39.29	89.29	90.38	18.44	71.39	82.39	63.15	86.82	7.21	64.07	79.31	92.44	43.29	43.91	47.1	64.82	11.66	44.65	17.2
15	48.83	22.8	58.14	27.2	46.69	16.12	10.77	56.46	48.08	45.61	34.99	5.66	46.65	17.09	46.04	0.0	48.08	56.85	24.0	40.25	28.07	39.7	55.57	36.5	53.81	54.04	38.83	21.26	55.17	36.0	69.31	45.61	27.78	51.22	55.61	44.41	42.2	43.86	51.66	52.63	46.53	37.12	4.0	24.7	19.1	34.41	17.03	48.83
16	56.92	64.0	93.15	46.86	47.54	63.15	42.19	70.23	93.3	89.31	77.67	50.99	94.02	40.05	40.79	48.08	0.0	102.96	47.07	81.22	63.78	43.08	102.96	82.39	98.18	83.23	30.0	60.03	24.74	67.94	113.72	90.02	35.61	94.87	102.0	29.73	87.09	46.17	26.4	98.88	87.37	13.34	49.4	66.29	59.0	38.47	33.14	56.92
17	72.11	56.36	74.0	61.61	78.1	47.2	66.48	67.91	10.2	16.0	26.68	56.57	12.65	72.14	82.61	56.85	102.96	0.0	74.4	26.0	42.76	74.67	8.94	42.76	8.94	45.69	94.76	60.03	111.95	44.0	14.56	48.0	71.47	12.65	2.0	100.42	46.1	76.24	108.25	4.24	58.08	93.48	54.41	37.34	58.83	73.76	73.88	72.11
18	69.86	20.59	46.17	48.7	65.51	27.2	14.56	79.12	67.23	66.21	56.92	20.4	62.48	10.0	62.8	24.0	47.07	74.4	0.0	62.64	52.04	58.31	70.77	40.25	73.43	78.03	23.41	16.12	42.38	60.0	88.2	45.61	44.94	71.55	72.8	28.64	43.32	62.77	37.7	70.21	41.05	33.73	28.0	47.85	16.4	52.15	18.38	69.86
19	46.17	50.0	78.43	36.77	52.15	38.05	50.99	43.08	16.12	10.0	6.0	42.38	25.06	57.27	56.89	40.25	81.22	26.0	62.64	0.0	17.89	49.03	31.05	45.69	18.44	24.08	78.89	52.15	94.02	18.0	33.11	54.59	47.41	14.56	26.08	84.38	51.43	50.36	91.02	23.19	62.39	73.55	36.72	15.81	50.25	48.7	56.3	46.17
20	32.31	44.94	78.23	18.97	36.22	33.11	38.47	33.94	32.56	27.2	16.12	32.06	38.21	44.72	40.05	28.07	63.78	42.76	52.04	17.89	0.0	32.06	46.0	48.08	36.06	26.0	64.62	45.61	78.23	8.25	50.99	58.0	29.53	32.31	42.43	69.86	54.45	34.06	75.66	39.32	63.41	57.01	24.08	8.6	43.42	31.05	41.79	32.31
21	14.14	62.48	97.84	14.56	7.21	53.85	44.41	27.2	64.5	58.86	48.17	45.34	70.03	48.37	8.0	39.7	43.08	74.67	58.31	49.03	32.06	0.0	78.03	73.35	67.47	42.52	58.55	60.83	64.78	31.62	81.61	83.19	13.42	63.56	74.43	62.13	79.61	4.47	64.2	71.34	85.7	43.1	37.2	39.12	58.73	6.32	40.72	14.14
22	76.94	51.61	66.12	64.28	82.1	43.86	64.4	74.0	15.23	21.54	30.07	54.41	8.94	69.66	86.02	55.57	102.96	8.94	70.77	31.05	46.0	78.03	0.0	36.06	16.97	52.84	92.2	55.61	110.0	48.66	22.0	40.2	73.35	20.0	7.21	97.84	38.64	80.02	106.04	8.6	50.49	92.66	53.67	39.32	54.67	76.42	72.4	76.94
23	78.82	19.7	32.98	59.06	79.65	20.4	40.2	82.02	40.05	42.76	40.25	32.06	30.27	43.17	80.62	36.5	82.39	42.76	40.25	45.69	48.08	73.35	36.06	0.0	46.0	68.96	63.56	24.17	82.46	55.32	57.27	10.0	63.25	46.17	40.79	68.88	6.4	76.94	77.88	39.32	16.76	69.87	37.36	39.62	24.35	69.08	49.25	78.82
24	64.0	56.92	78.41	55.03	70.46	46.52	64.03	59.23	6.32	8.94	20.59	54.41	16.49	70.0	75.31	53.81	98.18	8.94	73.43	18.44	36.06	67.47	16.97	46.0	0.0	36.77	92.46	60.17	108.9	36.22	15.62	52.61	65.39	4.0	10.0	98.08	50.25	68.73	105.48	8.6	62.2	89.5	50.91	31.91	58.69	67.05	70.72	64.0
25	33.11	69.86	101.13	36.72	42.19	57.72	64.28	24.08	37.74	31.62	28.84	58.03	48.41	70.46	48.83	54.04	83.23	45.69	78.03	24.08	26.0	42.52	52.84	68.96	36.77	0.0	89.29	71.02	101.13	18.11	46.17	78.23	47.71	33.11	46.52	94.25	74.95	41.62	99.16	44.29	85.42	79.16	50.04	31.78	68.88	45.34	66.71	33.11
26	72.25	43.86	66.27	54.33	65.12	48.41	28.43	84.0	86.56	84.4	73.78	38.21	83.55	22.63	60.17	38.83	30.0	94.76	23.41	78.89	64.62	58.55	92.2	63.56	92.46	89.29	0.0	39.4	18.97	71.47	107.81	68.96	46.04	90.0	93.34	5.66	66.73	62.8	14.32	90.52	63.79	18.6	42.19	63.13	39.36	52.35	22.85	72.25
27	70.0	4.47	37.2	48.41	67.88	14.14	18.97	76.94	53.85	53.85	46.17	15.62	47.71	20.0	66.84	21.26	60.03	60.03	16.12	52.15	45.61	60.83	55.61	24.17	60.17	71.02	39.4	0.0	58.31	53.85	74.24	30.27	48.41	58.82	58.31	44.72	27.66	65.05	53.71	55.95	27.66	47.01	24.41	39.32	2.24	55.32	27.46	70.0
28	78.92	62.77	84.0	64.62	70.26	66.57	45.61	91.78	103.25	100.5	89.38	55.61	101.21	40.5	64.03	55.17	24.74	111.95	42.38	94.02	78.23	64.78	110.0	82.46	108.9	101.13	18.97	58.31	0.0	84.12	124.45	87.93	54.41	106.15	110.63	14.14	85.7	68.47	5.0	107.71	82.57	22.14	58.0	78.24	58.18	59.23	38.18	78.92
29	28.28	53.14	86.09	21.26	34.23	41.23	46.17	27.2	34.06	28.0	18.97	40.2	41.76	52.35	39.29	36.0	67.94	44.0	60.0	18.0	8.25	31.62	48.66	55.32	36.22	18.11	71.47	53.85	84.12	0.0	50.0	65.12	32.56	32.25	44.05	76.55	61.62	32.56	81.86	41.11	71.03	62.43	32.0	15.81	51.66	32.25	48.76	28.28
30	76.66	70.68	88.09	69.86	83.95	61.06	79.4	70.03	21.26	24.41	36.06	69.66	27.2	85.28	89.29	69.31	113.72	14.56	88.2	33.11	50.99	81.61	22.0	57.27	15.62	46.17	107.81	74.24	124.45	50.0	0.0	62.13	80.5	18.87	16.49	113.45	60.41	82.46	120.97	18.38	72.34	105.12	66.48	47.43	72.95	81.71	86.27	76.66
31	88.81	26.08	26.0	68.96	89.55	29.73	48.04	91.93	47.07	50.6	49.4	40.79	36.22	50.16	90.38	45.61	90.02	48.0	45.61	54.59	58.0	83.19	40.2	10.0	52.61	78.23	68.96	30.27	87.93	65.12	62.13	0.0	72.8	53.37	46.0	74.0	3.61	86.83	83.17	45.1	10.44	77.16	46.82	49.5	31.06	78.79	57.01	88.81
32	26.31	50.48	85.6	11.31	20.59	43.08	31.24	38.05	61.35	56.46	44.94	33.29	64.78	34.99	18.44	27.78	35.61	71.47	44.94	47.41	29.53	13.42	73.35	63.25	65.39	47.71	46.04	48.41	54.41	32.56	80.5	72.8	0.0	61.74	70.88	50.04	69.29	17.89	53.15	67.72	74.3	32.28	26.0	34.21	46.4	7.21	27.31	26.31
33	60.0	55.79	78.92	51.26	66.48	44.94	61.61	55.32	6.32	5.66	17.2	52.15	17.89	67.68	71.39	51.22	94.87	12.65	71.55	14.56	32.31	63.56	20.0	46.17	4.0	33.11	90.0	58.82	106.15	32.25	18.87	53.37	61.74	0.0	13.42	95.6	50.8	64.78	102.83	11.4	62.65	86.45	48.17	28.6	57.25	63.25	68.01	60.0
34	72.25	54.59	72.0	61.19	78.03	45.61	65.12	68.41	10.0	16.12	26.31	55.17	10.77	70.71	82.39	55.61	102.0	2.0	72.8	26.08	42.43	74.43	7.21	40.79	10.0	46.52	93.34	58.31	110.63	44.05	16.49	46.0	70.88	13.42	0.0	98.99	44.1	76.11	106.89	3.16	56.08	92.36	53.25	36.69	57.14	73.35	72.62	72.25
35	76.03	49.19	70.03	58.86	68.47	54.04	34.06	88.09	92.2	90.0	79.32	43.86	89.2	28.28	63.15	44.41	29.73	100.42	28.64	84.38	69.86	62.13	97.84	68.88	98.08	94.25	5.66	44.72	14.14	76.55	113.45	74.0	50.04	95.6	98.99	0.0	71.87	66.27	9.22	96.18	68.45	20.25	47.71	68.6	44.78	56.04	28.18	76.03
36	85.21	23.35	28.16	65.37	85.96	26.25	45.0	88.39	44.55	47.8	46.14	37.48	34.01	47.38	86.82	42.2	87.09	46.1	43.32	51.43	54.45	79.61	38.64	6.4	50.25	74.95	66.73	27.66	85.7	61.62	60.41	3.61	69.29	50.8	44.1	71.87	0.0	83.24	80.99	43.0	12.0	74.33	43.32	45.97	28.28	75.24	54.01	85.21
37	10.77	66.6	101.98	17.89	2.83	57.69	48.83	24.17	66.12	60.3	50.0	49.52	72.25	52.84	7.21	43.86	46.17	76.24	62.77	50.36	34.06	4.47	80.02	76.94	68.73	41.62	62.8	65.05	68.47	32.56	82.46	86.83	17.89	64.78	76.11	66.27	83.24	0.0	68.07	73.06	89.63	47.01	41.23	41.59	62.94	10.77	45.19	10.77
38	78.31	58.18	79.0	62.94	70.01	62.43	41.77	90.93	99.72	97.19	86.21	51.74	97.31	36.4	64.07	51.66	26.4	108.25	37.7	91.02	75.66	64.2	106.04	77.88	105.48	99.16	14.32	53.71	5.0	81.86	120.97	83.17	53.15	102.83	106.89	9.22	80.99	68.07	0.0	104.0	77.67	21.1	54.67	75.21	53.67	58.42	34.83	78.31
39	69.35	52.33	71.06	58.05	75.01	43.01	62.24	65.8	7.07	13.34	23.19	52.33	9.06	67.9	79.31	52.63	98.88	4.24	70.21	23.19	39.32	71.34	8.6	39.32	8.6	44.29	90.52	55.95	107.71	41.11	18.38	45.1	67.72	11.4	3.16	96.18	43.0	73.06	104.0	0.0	55.0	89.31	50.22	33.53	54.71	70.21	69.66	69.35
40	92.76	24.35	16.28	72.01	92.42	32.02	46.57	97.19	56.44	59.44	56.86	41.15	46.01	47.38	92.44	46.53	87.37	58.08	41.05	62.39	63.41	85.7	50.49	16.76	62.2	85.42	63.79	27.66	82.57	71.03	72.34	10.44	74.3	62.65	56.08	68.45	12.0	89.63	77.67	55.0	0.0	74.17	48.55	55.22	29.12	80.78	55.11	92.76
41	57.22	51.09	79.81	42.54	49.01	51.24	29.83	69.87	84.2	80.81	69.35	39.22	83.73	27.02	43.29	37.12	13.34	93.48	33.73	73.55	57.01	43.1	92.66	69.87	89.5	79.16	18.6	47.01	22.14	62.43	105.12	77.16	32.28	86.45	92.36	20.25	74.33	47.01	21.1	89.31	74.17	0.0	39.12	58.0	46.1	37.34	20.88	57.22
42	45.61	25.46	60.83	24.08	44.05	17.09	14.56	52.8	45.34	42.52	31.62	8.94	44.72	20.88	43.91	4.0	49.4	54.41	28.0	36.72	24.08	37.2	53.67	37.36	50.91	50.04	42.19	24.41	58.0	32.0	66.48	46.82	26.0	48.17	53.25	47.71	43.32	41.23	54.67	50.22	48.55	39.12	0.0	21.02	22.2	32.25	19.85	45.61
43	40.72	38.08	70.33	25.02	43.93	25.96	35.47	42.45	27.31	23.02	11.4	27.46	31.02	41.79	47.1	24.7	66.29	37.34	47.85	15.81	8.6	39.12	39.32	39.62	31.91	31.78	63.13	39.32	78.24	15.81	47.43	49.5	34.21	28.6	36.69	68.6	45.97	41.59	75.21	33.53	55.22	58.0	21.02	0.0	37.22	37.12	40.5	40.72
44	67.8	5.0	39.2	46.23	65.76	12.37	17.46	74.71	52.39	52.2	44.28	13.45	46.62	19.1	64.82	19.1	59.0	58.83	16.4	50.25	43.42	58.73	54.67	24.35	58.69	68.88	39.36	2.24	58.18	51.66	72.95	31.06	46.4	57.25	57.14	44.78	28.28	62.94	53.67	54.71	29.12	46.1	22.2	37.22	0.0	53.26	26.17	67.8
45	20.0	57.2	92.46	12.17	13.42	49.19	38.42	32.56	63.56	58.24	47.07	40.0	68.12	42.19	11.66	34.41	38.47	73.76	52.15	48.7	31.05	6.32	76.42	69.08	67.05	45.34	52.35	55.32	59.23	32.25	81.71	78.79	7.21	63.25	73.35	56.04	75.24	10.77	58.42	70.21	80.78	37.34	32.25	37.12	53.26	0.0	34.44	20.0
46	53.16	31.14	63.07	33.14	47.85	30.36	9.06	63.64	65.07	62.37	51.4	18.38	63.51	8.6	44.65	17.03	33.14	73.88	18.38	56.3	41.79	40.72	72.4	49.25	70.72	66.71	22.85	27.46	38.18	48.76	86.27	57.01	27.31	68.01	72.62	28.18	54.01	45.19	34.83	69.66	55.11	20.88	19.85	40.5	26.17	34.44	0.0	53.16
;
