vehicles
vehicle_idx, capacity, cost_per_unit_distance
1,100,3
2,100,3
3,100,3
4,100,3
5,100,3
depot
node_idx,x,y
0,42,68
home delivery customers
node_idx,x,y,service_time,demand
1,32,8,10,8
2,7,14,10,10
3,53,82,10,5
4,39,27,10,9
5,7,24,10,23
6,54,52,10,18
7,59,77,10,13
8,58,97,10,14
9,68,98,10,10
10,32,88,10,13
11,17,8,10,2
12,38,7,10,23
self pickup customers
node_idx,x,y,service_time,demand,locker_idxs
13,28,64,10,23,33
14,32,33,10,13,34
15,8,3,10,19,34
16,82,17,10,18,36
17,67,98,10,9,33
18,73,3,10,24,34
19,47,62,10,19,35-39
20,39,7,10,14,36
21,82,67,10,8,37
22,42,7,10,20,36
flexible customers
node_idx,x,y,service_time,demand,locker_idxs
23,77,97,10,5,33
24,77,39,10,14,37-33
25,42,92,10,18,39
26,48,13,10,20,38-36
27,72,43,10,10,37-38
28,23,43,10,8,34
29,52,72,10,14,35-39-33
30,58,74,10,15,39-35-33
31,68,82,10,24,39-33
32,7,48,10,3,34
lockers
node_idx,x,y,service_time,capacity,cost_per_unit_good
33,65,88,10,86
34,25,15,10,85
35,54,63,10,91
36,39,19,10,79
37,71,57,10,74
38,53,33,10,74
39,51,72,10,78
mrt lines
start_node_idx,end_node_idx,freight_capacity,cost_per_unit_good
0,1,86,0.1
distance matrix
,0,1,2,3,4,5,6,7,8,9,10,11,12,13,14,15,16,17,18,19,20,21,22,23,24,25,26,27,28,29,30,31,32,33,34,35,36,37,38,39,
0,0.0,60.83,64.35,17.8,41.11,56.22,20.0,19.24,33.12,39.7,22.36,65.0,61.13,14.56,36.4,73.36,64.82,39.05,72.01,7.81,61.07,40.01,61.0,45.45,45.45,24.0,55.33,39.05,31.4,10.77,17.09,29.53,40.31,30.48,55.66,13.0,49.09,31.02,36.69,9.85
1,60.83,0.0,25.71,76.92,20.25,29.68,49.19,74.09,92.72,96.93,80.0,15.0,6.08,56.14,25.0,24.52,50.8,96.57,41.3,56.04,7.07,77.34,10.05,99.73,54.64,84.59,16.76,53.15,36.14,67.05,70.94,82.29,47.17,86.54,9.9,59.24,13.04,62.63,32.65,66.76
2,64.35,25.71,0.0,82.1,34.54,10.0,60.44,81.69,97.42,103.81,78.11,11.66,31.78,54.23,31.4,11.05,75.06,103.23,66.91,62.48,32.76,91.84,35.69,108.58,74.33,85.49,41.01,71.18,33.12,73.41,78.75,91.35,34.0,94.02,18.03,67.9,32.39,77.1,49.77,72.8
3,17.8,76.92,82.1,0.0,56.75,74.03,30.02,7.81,15.81,21.93,21.84,82.29,76.49,30.81,53.31,90.92,71.18,21.26,81.49,20.88,76.3,32.65,75.8,28.3,49.24,14.87,69.18,43.38,49.2,10.05,9.43,15.0,57.2,13.42,72.62,19.03,64.54,30.81,49.0,10.2
4,41.11,20.25,34.54,56.75,0.0,32.14,29.15,53.85,72.53,76.69,61.4,29.07,20.02,38.6,9.22,39.2,44.15,76.32,41.62,35.9,20.0,58.73,20.22,79.65,39.85,65.07,16.64,36.67,22.63,46.84,50.7,62.18,38.28,66.31,18.44,39.0,8.0,43.86,15.23,46.57
5,56.22,29.68,10.0,74.03,32.14,0.0,54.71,74.25,89.05,95.9,68.71,18.87,35.36,45.18,26.57,21.02,75.33,95.27,69.26,55.17,36.24,86.45,38.91,101.14,71.59,76.48,42.45,67.72,24.84,65.8,71.42,84.17,24.0,86.37,20.12,61.07,32.39,72.01,46.87,65.12
6,20.0,49.19,60.44,30.02,29.15,54.71,0.0,25.5,45.18,48.08,42.19,57.49,47.76,28.64,29.07,67.21,44.82,47.8,52.55,12.21,47.43,31.76,46.57,50.54,26.42,41.76,39.46,20.12,32.28,20.1,22.36,33.11,47.17,37.64,47.01,11.0,36.25,17.72,19.03,20.22
7,19.24,74.09,81.69,7.81,53.85,74.25,25.5,0.0,20.02,22.85,29.15,80.78,73.08,33.62,51.62,89.87,64.26,22.47,75.31,19.21,72.8,25.08,72.03,26.91,42.05,22.67,64.94,36.4,49.52,8.6,3.16,10.3,59.54,12.53,70.71,14.87,61.35,23.32,44.41,9.43
8,33.12,92.72,97.42,15.81,72.53,89.05,45.18,20.02,0.0,10.05,27.51,97.99,92.2,44.6,69.08,106.47,83.52,9.06,95.19,36.69,91.98,38.42,91.41,19.0,61.03,16.76,84.59,55.79,64.35,25.71,23.0,18.03,70.72,11.4,88.39,34.23,80.28,42.06,64.2,25.96
9,39.7,96.93,103.81,21.93,76.69,95.9,48.08,22.85,10.05,0.0,37.36,103.45,95.82,52.5,74.3,112.36,82.2,1.0,95.13,41.68,95.51,34.01,94.64,9.06,59.68,26.68,87.32,55.15,71.06,30.53,26.0,16.0,78.87,10.44,93.48,37.7,84.15,41.11,66.71,31.06
10,22.36,80.0,78.11,21.84,61.4,68.71,42.19,29.15,27.51,37.36,0.0,81.39,81.22,24.33,55.0,88.32,86.84,36.4,94.37,30.02,81.3,54.23,81.61,45.89,66.53,10.77,76.69,60.21,45.89,25.61,29.53,36.5,47.17,33.0,73.33,33.3,69.35,49.82,58.87,24.84
11,65.0,15.0,11.66,82.29,29.07,18.87,57.49,80.78,97.99,103.45,81.39,0.0,21.02,57.07,29.15,10.3,65.62,102.96,56.22,61.77,22.02,87.78,25.02,107.34,67.54,87.64,31.4,65.19,35.51,72.95,77.7,89.87,41.23,93.3,10.63,66.29,24.6,72.92,43.83,72.47
12,61.13,6.08,31.78,76.49,20.02,35.36,47.76,73.08,92.2,95.82,81.22,21.02,0.0,57.87,26.68,30.27,45.12,95.51,35.23,55.73,1.0,74.4,4.0,98.09,50.45,85.09,11.66,49.52,39.0,66.49,69.92,80.78,51.4,85.38,15.26,58.24,12.04,59.91,30.02,66.29
13,14.56,56.14,54.23,30.81,38.6,45.18,28.64,33.62,44.6,52.5,24.33,57.07,57.87,0.0,31.26,64.2,71.59,51.74,75.8,19.1,58.05,54.08,58.69,59.08,55.01,31.3,54.78,48.75,21.59,25.3,31.62,43.86,26.4,44.1,49.09,26.02,46.32,43.57,39.82,24.35
14,36.4,25.0,31.4,53.31,9.22,26.57,29.07,51.62,69.08,74.3,55.0,29.15,26.68,31.26,0.0,38.42,52.5,73.82,50.8,32.65,26.93,60.46,27.86,78.24,45.4,59.84,25.61,41.23,13.45,43.83,48.55,60.8,29.15,64.14,19.31,37.2,15.65,45.79,21.0,43.38
15,73.36,24.52,11.05,90.92,39.2,21.02,67.21,89.87,106.47,112.36,88.32,10.3,30.27,64.2,38.42,0.0,75.31,111.83,65.0,70.72,31.26,97.84,34.23,116.61,77.83,95.27,41.23,75.47,42.72,81.84,86.84,99.2,45.01,102.34,20.81,75.6,34.89,82.98,54.08,81.3
16,64.82,50.8,75.06,71.18,44.15,75.33,44.82,64.26,83.52,82.2,86.84,65.62,45.12,71.59,52.5,75.31,0.0,82.38,16.64,57.01,44.15,50.0,41.23,80.16,22.56,85.0,34.23,27.86,64.47,62.65,61.85,66.49,81.15,73.01,57.04,53.85,43.05,41.48,33.12,63.13
17,39.05,96.57,103.23,21.26,76.32,95.27,47.8,22.47,9.06,1.0,36.4,102.96,95.51,51.74,73.82,111.83,82.38,0.0,95.19,41.18,95.21,34.44,94.37,10.05,59.84,25.71,87.1,55.23,70.43,30.02,25.63,16.03,78.1,10.2,93.02,37.34,83.82,41.19,66.49,30.53
18,72.01,41.3,66.91,81.49,41.62,69.26,52.55,75.31,95.19,95.13,94.37,56.22,35.23,75.8,50.8,65.0,16.64,95.19,0.0,64.47,34.23,64.63,31.26,94.09,36.22,94.24,26.93,40.01,64.03,72.12,72.57,79.16,79.88,85.38,49.48,62.94,37.58,54.04,36.06,72.42
19,7.81,56.04,62.48,20.88,35.9,55.17,12.21,19.21,36.69,41.68,30.02,61.77,55.73,19.1,32.65,70.72,57.01,41.18,64.47,0.0,55.58,35.36,55.23,46.1,37.8,30.41,49.01,31.4,30.61,11.18,16.28,29.0,42.38,31.62,51.89,7.07,43.74,24.52,29.61,10.77
20,61.07,7.07,32.76,76.3,20.0,36.24,47.43,72.8,91.98,95.51,81.3,22.02,1.0,58.05,26.93,31.26,44.15,95.21,34.23,55.58,0.0,73.82,3.0,97.69,49.68,85.05,10.82,48.84,39.4,66.29,69.64,80.41,52.01,85.07,16.12,57.97,12.0,59.36,29.53,66.1
21,40.01,77.34,91.84,32.65,58.73,86.45,31.76,25.08,38.42,34.01,54.23,87.78,74.4,54.08,60.46,97.84,50.0,34.44,64.63,35.36,73.82,0.0,72.11,30.41,28.44,47.17,63.81,26.0,63.69,30.41,25.0,20.52,77.37,27.02,77.16,28.28,64.44,14.87,44.69,31.4
22,61.0,10.05,35.69,75.8,20.22,38.91,46.57,72.03,91.41,94.64,81.61,25.02,4.0,58.69,27.86,34.23,41.23,94.37,31.26,55.23,3.0,72.11,0.0,96.57,47.42,85.0,8.49,46.86,40.71,65.76,68.88,79.38,53.91,84.2,18.79,57.27,12.37,57.8,28.23,65.62
23,45.45,99.73,108.58,28.3,79.65,101.14,50.54,26.91,19.0,9.06,45.89,107.34,98.09,59.08,78.24,116.61,80.16,10.05,94.09,46.1,97.69,30.41,96.57,0.0,58.0,35.36,88.87,54.23,76.37,35.36,29.83,17.49,85.45,15.0,97.1,41.05,86.76,40.45,68.35,36.07
24,45.45,54.64,74.33,49.24,39.85,71.59,26.42,42.05,61.03,59.68,66.53,67.54,50.45,55.01,45.4,77.83,22.56,59.84,36.22,37.8,49.68,28.44,47.42,58.0,0.0,63.51,38.95,6.4,54.15,41.4,39.82,43.93,70.58,50.45,57.27,33.24,42.94,18.97,24.74,42.01
25,24.0,84.59,85.49,14.87,65.07,76.48,41.76,22.67,16.76,26.68,10.77,87.64,85.09,31.3,59.84,95.27,85.0,25.71,94.24,30.41,85.05,47.17,85.0,35.36,63.51,0.0,79.23,57.45,52.55,22.36,24.08,27.86,56.22,23.35,78.85,31.38,73.06,45.45,60.02,21.93
26,55.33,16.76,41.01,69.18,16.64,42.45,39.46,64.94,84.59,87.32,76.69,31.4,11.66,54.78,25.61,41.23,34.23,87.1,26.93,49.01,10.82,63.81,8.49,88.87,38.95,79.23,0.0,38.42,39.05,59.14,61.81,71.84,53.91,76.9,23.09,50.36,10.82,49.65,20.62,59.08
27,39.05,53.15,71.18,43.38,36.67,67.72,20.12,36.4,55.79,55.15,60.21,65.19,49.52,48.75,41.23,75.47,27.86,55.23,40.01,31.4,48.84,26.0,46.86,54.23,6.4,57.45,38.42,0.0,49.0,35.23,34.01,39.2,65.19,45.54,54.71,26.91,40.8,14.04,21.47,35.81
28,31.4,36.14,33.12,49.2,22.63,24.84,32.28,49.52,64.35,71.06,45.89,35.51,39.0,21.59,13.45,42.72,64.47,70.43,64.03,30.61,39.4,63.69,40.71,76.37,54.15,52.55,39.05,49.0,0.0,41.01,46.75,59.55,16.76,61.55,28.07,36.89,28.84,50.0,31.62,40.31
29,10.77,67.05,73.41,10.05,46.84,65.8,20.1,8.6,25.71,30.53,25.61,72.95,66.49,25.3,43.83,81.84,62.65,30.02,72.12,11.18,66.29,30.41,65.76,35.36,41.4,22.36,59.14,35.23,41.01,0.0,6.32,18.87,51.0,20.62,63.07,9.22,54.57,24.21,39.01,1.0
30,17.09,70.94,78.75,9.43,50.7,71.42,22.36,3.16,23.0,26.0,29.53,77.7,69.92,31.62,48.55,86.84,61.85,25.63,72.57,16.28,69.64,25.0,68.88,29.83,39.82,24.08,61.81,34.01,46.75,6.32,0.0,12.81,57.25,15.65,67.6,11.7,58.19,21.4,41.3,7.28
31,29.53,82.29,91.35,15.0,62.18,84.17,33.11,10.3,18.03,16.0,36.5,89.87,80.78,43.86,60.8,99.2,66.49,16.03,79.16,29.0,80.41,20.52,79.38,17.49,43.93,27.86,71.84,39.2,59.55,18.87,12.81,0.0,69.84,6.71,79.61,23.6,69.35,25.18,51.24,19.72
32,40.31,47.17,34.0,57.2,38.28,24.0,47.17,59.54,70.72,78.87,47.17,41.23,51.4,26.4,29.15,45.01,81.15,78.1,79.88,42.38,52.01,77.37,53.91,85.45,70.58,56.22,53.91,65.19,16.76,51.0,57.25,69.84,0.0,70.46,37.59,49.34,43.19,64.63,48.38,50.12
33,30.48,86.54,94.02,13.42,66.31,86.37,37.64,12.53,11.4,10.44,33.0,93.3,85.38,44.1,64.14,102.34,73.01,10.2,85.38,31.62,85.07,27.02,84.2,15.0,50.45,23.35,76.9,45.54,61.55,20.62,15.65,6.71,70.46,0.0,83.24,27.31,73.74,31.58,56.29,21.26
34,55.66,9.9,18.03,72.62,18.44,20.12,47.01,70.71,88.39,93.48,73.33,10.63,15.26,49.09,19.31,20.81,57.04,93.02,49.48,51.89,16.12,77.16,18.79,97.1,57.27,78.85,23.09,54.71,28.07,63.07,67.6,79.61,37.59,83.24,0.0,56.08,14.56,62.29,33.29,62.65
35,13.0,59.24,67.9,19.03,39.0,61.07,11.0,14.87,34.23,37.7,33.3,66.29,58.24,26.02,37.2,75.6,53.85,37.34,62.94,7.07,57.97,28.28,57.27,41.05,33.24,31.38,50.36,26.91,36.89,9.22,11.7,23.6,49.34,27.31,56.08,0.0,46.49,18.03,30.02,9.49
36,49.09,13.04,32.39,64.54,8.0,32.39,36.25,61.35,80.28,84.15,69.35,24.6,12.04,46.32,15.65,34.89,43.05,83.82,37.58,43.74,12.0,64.44,12.37,86.76,42.94,73.06,10.82,40.8,28.84,54.57,58.19,69.35,43.19,73.74,14.56,46.49,0.0,49.68,19.8,54.34
37,31.02,62.63,77.1,30.81,43.86,72.01,17.72,23.32,42.06,41.11,49.82,72.92,59.91,43.57,45.79,82.98,41.48,41.19,54.04,24.52,59.36,14.87,57.8,40.45,18.97,45.45,49.65,14.04,50.0,24.21,21.4,25.18,64.63,31.58,62.29,18.03,49.68,0.0,30.0,25.0
38,36.69,32.65,49.77,49.0,15.23,46.87,19.03,44.41,64.2,66.71,58.87,43.83,30.02,39.82,21.0,54.08,33.12,66.49,36.06,29.61,29.53,44.69,28.23,68.35,24.74,60.02,20.62,21.47,31.62,39.01,41.3,51.24,48.38,56.29,33.29,30.02,19.8,30.0,0.0,39.05
39,9.85,66.76,72.8,10.2,46.57,65.12,20.22,9.43,25.96,31.06,24.84,72.47,66.29,24.35,43.38,81.3,63.13,30.53,72.42,10.77,66.1,31.4,65.62,36.07,42.01,21.93,59.08,35.81,40.31,1.0,7.28,19.72,50.12,21.26,62.65,9.49,54.34,25.0,39.05,0.0
