set K:= 1	2	3	4	5	6;
set C_H:= 1	2	3	4	5	6	7	8	9	10	11	12	13	14	15	16;
set C_S:= 17	18	19	20	21	22	23	24	25	26	27;
set C_F:= 28	29	30	31	32	33	34	35	36	37	38;
set M:= 39	40	41	42;
set L_B:= 43	44;
set A1:=
(0,*) 1 2 3 4 5 6 7 8 9 10 11 12 13 14 15 16 28 29 30 31 32 33 34 35 36 37 38 39 40 41 42 43 44
(1,*) 0 2 3 4 5 6 7 8 9 10 11 12 13 14 15 16 28 29 30 31 32 33 34 35 36 37 38 39 40 41 42 43 44
(2,*) 0 1 3 4 5 6 7 8 9 10 11 12 13 14 15 16 28 29 30 31 32 33 34 35 36 37 38 39 40 41 42 43 44
(3,*) 0 1 2 4 5 6 7 8 9 10 11 12 13 14 15 16 28 29 30 31 32 33 34 35 36 37 38 39 40 41 42 43 44
(4,*) 0 1 2 3 5 6 7 8 9 10 11 12 13 14 15 16 28 29 30 31 32 33 34 35 36 37 38 39 40 41 42 43 44
(5,*) 0 1 2 3 4 6 7 8 9 10 11 12 13 14 15 16 28 29 30 31 32 33 34 35 36 37 38 39 40 41 42 43 44
(6,*) 0 1 2 3 4 5 7 8 9 10 11 12 13 14 15 16 28 29 30 31 32 33 34 35 36 37 38 39 40 41 42 43 44
(7,*) 0 1 2 3 4 5 6 8 9 10 11 12 13 14 15 16 28 29 30 31 32 33 34 35 36 37 38 39 40 41 42 43 44
(8,*) 0 1 2 3 4 5 6 7 9 10 11 12 13 14 15 16 28 29 30 31 32 33 34 35 36 37 38 39 40 41 42 43 44
(9,*) 0 1 2 3 4 5 6 7 8 10 11 12 13 14 15 16 28 29 30 31 32 33 34 35 36 37 38 39 40 41 42 43 44
(10,*) 0 1 2 3 4 5 6 7 8 9 11 12 13 14 15 16 28 29 30 31 32 33 34 35 36 37 38 39 40 41 42 43 44
(11,*) 0 1 2 3 4 5 6 7 8 9 10 12 13 14 15 16 28 29 30 31 32 33 34 35 36 37 38 39 40 41 42 43 44
(12,*) 0 1 2 3 4 5 6 7 8 9 10 11 13 14 15 16 28 29 30 31 32 33 34 35 36 37 38 39 40 41 42 43 44
(13,*) 0 1 2 3 4 5 6 7 8 9 10 11 12 14 15 16 28 29 30 31 32 33 34 35 36 37 38 39 40 41 42 43 44
(14,*) 0 1 2 3 4 5 6 7 8 9 10 11 12 13 15 16 28 29 30 31 32 33 34 35 36 37 38 39 40 41 42 43 44
(15,*) 0 1 2 3 4 5 6 7 8 9 10 11 12 13 14 16 28 29 30 31 32 33 34 35 36 37 38 39 40 41 42 43 44
(16,*) 0 1 2 3 4 5 6 7 8 9 10 11 12 13 14 15 28 29 30 31 32 33 34 35 36 37 38 39 40 41 42 43 44
(28,*) 0 1 2 3 4 5 6 7 8 9 10 11 12 13 14 15 16 29 30 31 32 33 34 35 36 37 38 39 40 41 42 43 44
(29,*) 0 1 2 3 4 5 6 7 8 9 10 11 12 13 14 15 16 28 30 31 32 33 34 35 36 37 38 39 40 41 42 43 44
(30,*) 0 1 2 3 4 5 6 7 8 9 10 11 12 13 14 15 16 28 29 31 32 33 34 35 36 37 38 39 40 41 42 43 44
(31,*) 0 1 2 3 4 5 6 7 8 9 10 11 12 13 14 15 16 28 29 30 32 33 34 35 36 37 38 39 40 41 42 43 44
(32,*) 0 1 2 3 4 5 6 7 8 9 10 11 12 13 14 15 16 28 29 30 31 33 34 35 36 37 38 39 40 41 42 43 44
(33,*) 0 1 2 3 4 5 6 7 8 9 10 11 12 13 14 15 16 28 29 30 31 32 34 35 36 37 38 39 40 41 42 43 44
(34,*) 0 1 2 3 4 5 6 7 8 9 10 11 12 13 14 15 16 28 29 30 31 32 33 35 36 37 38 39 40 41 42 43 44
(35,*) 0 1 2 3 4 5 6 7 8 9 10 11 12 13 14 15 16 28 29 30 31 32 33 34 36 37 38 39 40 41 42 43 44
(36,*) 0 1 2 3 4 5 6 7 8 9 10 11 12 13 14 15 16 28 29 30 31 32 33 34 35 37 38 39 40 41 42 43 44
(37,*) 0 1 2 3 4 5 6 7 8 9 10 11 12 13 14 15 16 28 29 30 31 32 33 34 35 36 38 39 40 41 42 43 44
(38,*) 0 1 2 3 4 5 6 7 8 9 10 11 12 13 14 15 16 28 29 30 31 32 33 34 35 36 37 39 40 41 42 43 44
(39,*) 0 1 2 3 4 5 6 7 8 9 10 11 12 13 14 15 16 28 29 30 31 32 33 34 35 36 37 38 40 41 42 43 44
(40,*) 0 1 2 3 4 5 6 7 8 9 10 11 12 13 14 15 16 28 29 30 31 32 33 34 35 36 37 38 39 41 42 43 44
(41,*) 0 1 2 3 4 5 6 7 8 9 10 11 12 13 14 15 16 28 29 30 31 32 33 34 35 36 37 38 39 40 42 43 44
(42,*) 0 1 2 3 4 5 6 7 8 9 10 11 12 13 14 15 16 28 29 30 31 32 33 34 35 36 37 38 39 40 41 43 44
(43,*) 0 1 2 3 4 5 6 7 8 9 10 11 12 13 14 15 16 28 29 30 31 32 33 34 35 36 37 38 39 40 41 42 44
(44,*) 0 1 2 3 4 5 6 7 8 9 10 11 12 13 14 15 16 28 29 30 31 32 33 34 35 36 37 38 39 40 41 42 43
;
set A2:=
(39,*) 40
(40,*) 39
(41,*) 42
(42,*) 41
;
param BigM:=99999;
param n:= 6;
param d:=
1	18
2	16
3	22
4	24
5	6
6	6
7	72
8	7
9	4
10	22
11	23
12	7
13	22
14	9
15	15
16	10
17	19
18	6
19	12
20	18
21	16
22	11
23	16
24	7
25	10
26	7
27	2
28	3
29	16
30	23
31	11
32	1
33	22
34	15
35	5
36	11
37	9
38	3
;
param Q:=100
param w:=
[39,*] 40 5
[40,*] 39 5
[41,*] 42 5
[42,*] 41 5
;
param V:=
[39,*] 40 315
[40,*] 39 315
[41,*] 42 315
[42,*] 41 315
;
param f:=
39	100
40	100
41	100
42	100
43	100
44	100
;
param e:
	39	40	41	42	43	44:=
17	0	0	1	0	1	1	
18	0	1	0	0	1	0	
19	0	1	0	0	0	0	
20	0	0	1	0	0	1	
21	1	0	0	0	0	0	
22	0	0	1	0	0	0	
23	0	0	0	1	0	0	
24	0	1	0	0	1	0	
25	0	0	0	1	1	0	
26	0	0	0	1	0	0	
27	1	0	0	0	0	0	
28	1	0	0	0	0	1	
29	1	0	0	0	0	0	
30	0	1	0	0	0	0	
31	0	0	1	0	0	0	
32	0	0	1	0	0	0	
33	1	0	0	0	1	1	
34	1	0	1	0	0	1	
35	1	0	0	0	0	1	
36	0	1	0	0	1	0	
37	0	1	0	1	0	0	
38	0	1	0	0	0	0	
;
param r:
	39	40	41	42:=
39	0	1	0	0	
40	1	0	0	0	
41	0	0	0	1	
42	0	0	1	0	
;
param p:=
1	1
2	1
3	1
4	1
5	1
6	1
;
param G:=
39	315
40	315
41	315
42	315
43	78
44	78
;
param s:=
0	0
1	15
2	15
3	15
4	15
5	15
6	15
7	15
8	15
9	15
10	15
11	15
12	15
13	15
14	15
15	15
16	15
28	15
29	15
30	15
31	15
32	15
33	15
34	15
35	15
36	15
37	15
38	15
39	30
40	30
41	30
42	30
43	15
44	15
;
param t:
	0	1	2	3	4	5	6	7	8	9	10	11	12	13	14	15	16	17	18	19	20	21	22	23	24	25	26	27	28	29	30	31	32	33	34	35	36	37	38	39	40	41	42	43	44:=
0	0.0	40.0	60.03	18.44	77.79	56.92	42.05	12.17	56.32	54.33	52.84	72.69	28.84	26.68	18.44	42.76	46.69	30.07	57.72	67.2	24.41	8.25	45.12	80.52	60.83	49.4	85.09	38.83	15.23	42.05	87.13	61.77	48.17	8.94	10.2	32.31	45.25	74.24	64.9	32.92	80.97	40.74	77.33	32.31	3.16
1	40.0	0.0	71.02	55.32	75.71	58.31	80.05	39.85	77.79	15.23	26.68	78.0	33.94	66.27	40.25	8.25	79.62	10.2	61.74	54.0	24.41	42.76	10.77	98.41	42.19	78.23	107.52	75.29	48.08	80.05	74.24	33.11	8.94	48.17	39.29	71.02	32.98	81.44	38.63	71.92	70.8	10.82	100.34	41.04	37.01
2	60.03	71.02	0.0	50.6	26.08	17.09	87.66	48.0	18.97	84.02	55.61	14.42	38.63	71.69	42.05	78.89	42.8	68.03	12.65	38.47	76.16	52.15	65.3	28.43	45.69	33.29	40.25	50.99	74.43	58.0	46.17	60.03	72.47	56.89	70.0	78.79	41.04	14.56	57.27	78.16	38.81	80.02	34.82	31.62	59.01
3	18.44	55.32	50.6	0.0	72.72	52.8	38.42	16.0	42.05	70.34	61.61	64.62	32.31	21.63	18.97	59.46	28.43	46.17	52.15	68.41	42.8	12.65	58.03	66.27	65.3	32.31	68.96	20.59	27.2	24.74	86.28	70.34	62.51	10.0	27.2	28.84	50.16	65.15	72.11	28.5	79.35	57.95	61.24	31.62	20.25
4	77.79	75.71	26.08	72.72	0.0	20.88	110.94	65.79	44.72	85.44	52.8	14.14	50.64	94.34	59.46	83.95	68.82	76.24	20.59	25.61	88.09	70.94	67.05	44.18	37.74	59.36	58.14	76.42	92.97	83.55	22.0	53.25	74.0	76.97	86.83	101.55	42.76	18.0	48.41	101.13	15.61	86.17	55.19	45.61	75.96
5	56.92	58.31	17.09	52.8	20.88	0.0	91.21	44.94	34.0	69.97	39.6	19.7	30.07	74.4	38.63	66.48	53.85	57.27	4.47	22.0	68.03	50.16	51.11	44.94	28.64	45.61	57.27	59.36	72.11	66.57	34.41	43.27	58.31	56.36	65.97	81.61	26.08	23.32	40.25	81.3	27.11	68.2	51.89	24.74	55.08
6	42.05	80.05	87.66	38.42	110.94	91.21	0.0	50.0	75.29	92.78	94.83	102.0	68.41	16.97	55.32	80.62	52.35	69.86	90.44	106.15	58.14	44.41	86.65	97.67	101.61	61.19	96.08	40.45	32.25	36.0	124.58	103.77	88.77	37.2	40.79	10.0	86.02	101.98	106.68	9.97	117.72	77.61	89.07	69.31	45.19
7	12.17	39.85	48.0	16.0	65.79	44.94	50.0	0.0	45.69	55.03	46.17	60.53	18.44	33.29	6.32	44.72	40.5	31.3	45.61	56.64	31.62	5.66	42.05	69.57	51.61	41.04	75.18	35.44	27.2	40.45	76.03	55.03	46.69	12.81	22.0	40.0	36.06	62.13	57.27	40.19	69.62	43.7	67.48	20.59	11.05
8	56.32	77.79	18.97	42.05	44.72	34.0	75.29	45.69	0.0	92.2	68.03	31.62	43.86	60.83	41.18	84.9	25.61	72.47	30.07	56.0	76.94	48.08	74.4	24.33	61.19	15.62	30.0	35.78	68.73	42.19	65.15	74.0	81.22	50.64	66.48	67.47	52.8	29.73	72.28	66.54	57.78	85.18	22.59	36.88	56.3
9	54.33	15.23	84.02	70.34	85.44	69.97	92.78	55.03	92.2	0.0	32.98	89.55	48.41	80.0	55.46	12.17	94.85	24.33	73.78	61.61	34.93	57.72	18.87	111.95	49.03	93.3	121.66	90.44	60.53	95.08	80.4	36.0	11.66	62.8	52.15	84.21	43.91	93.3	42.0	85.24	78.2	15.48	114.63	55.32	51.48
10	52.84	26.68	55.61	61.61	52.8	39.6	94.83	46.17	68.03	32.98	0.0	58.41	30.07	78.79	42.76	34.23	78.41	32.25	43.86	28.64	47.71	51.26	16.12	84.02	16.12	73.76	95.41	78.1	65.6	84.38	48.0	8.94	22.09	58.31	56.85	84.97	15.23	62.48	12.81	85.43	45.3	37.41	89.17	34.23	49.74
11	72.69	78.0	14.42	64.62	14.14	19.7	102.0	60.53	31.62	89.55	58.41	0.0	48.37	85.91	54.33	86.16	56.64	76.66	16.49	34.99	86.58	65.12	70.71	30.59	45.34	46.86	44.41	65.3	87.48	72.25	36.06	60.83	77.9	70.34	82.39	93.04	45.65	4.47	56.85	92.44	29.3	87.82	41.12	42.05	71.34
12	28.84	33.94	38.63	32.31	50.64	30.07	68.41	18.44	43.86	48.41	30.07	48.37	0.0	51.61	13.42	41.23	49.03	29.53	32.06	38.42	38.21	24.08	31.3	64.9	33.29	45.69	73.59	48.04	43.91	54.33	58.31	38.47	37.74	31.24	36.77	58.41	17.89	50.99	39.85	58.56	52.27	41.87	66.4	7.21	26.42
13	26.68	66.27	71.69	21.63	94.34	74.4	16.97	33.29	60.83	80.0	78.79	85.91	51.61	0.0	38.42	68.03	40.45	56.14	73.78	89.2	46.69	27.78	71.81	84.21	84.88	48.0	84.38	28.64	21.54	26.83	107.63	87.73	74.67	20.59	28.28	7.21	69.34	86.16	90.35	7.0	100.8	65.46	76.97	52.35	29.83
14	18.44	40.25	42.05	18.97	59.46	38.63	55.32	6.32	41.18	55.46	42.76	54.33	13.42	38.42	0.0	46.04	39.4	32.8	39.29	50.91	35.78	11.66	40.79	64.62	46.65	38.42	71.02	36.22	33.53	42.0	70.0	51.42	46.17	18.44	28.07	45.34	31.3	56.04	53.14	45.4	63.5	45.54	63.4	14.42	17.03
15	42.76	8.25	78.89	59.46	83.95	66.48	80.62	44.72	84.9	12.17	34.23	86.16	41.23	68.03	46.04	0.0	85.09	13.42	69.86	62.03	22.8	46.82	18.11	106.02	50.04	84.4	114.77	79.85	48.37	84.12	82.1	39.85	13.42	51.42	40.05	72.11	41.23	89.55	45.61	73.15	78.85	3.9	107.49	48.41	40.02
16	46.69	79.62	42.8	28.43	68.82	53.85	52.35	40.5	25.61	94.85	78.41	56.64	49.03	40.45	39.4	85.09	0.0	71.69	50.99	74.73	70.77	39.7	79.7	45.61	76.42	10.0	44.05	12.0	54.59	17.09	87.66	86.09	85.44	38.42	55.61	46.04	64.03	55.17	86.02	44.81	80.22	84.19	36.81	44.18	48.1
17	30.07	10.2	68.03	46.17	76.24	57.27	69.86	31.3	72.47	24.33	32.25	76.66	29.53	56.14	32.8	13.42	71.69	0.0	60.17	56.89	15.62	33.53	18.44	94.34	46.17	71.22	102.45	66.48	37.95	70.88	77.67	40.0	18.97	38.47	29.12	60.83	34.06	79.7	44.94	61.73	73.39	12.79	95.04	36.72	27.17
18	57.72	61.74	12.65	52.15	20.59	4.47	90.44	45.61	30.07	73.78	43.86	16.49	32.06	73.78	39.29	69.86	50.99	60.17	0.0	26.08	70.26	50.6	54.92	40.5	33.11	42.38	52.8	57.2	72.8	64.4	36.72	47.71	62.13	56.46	67.08	80.99	30.0	19.7	44.72	80.6	29.29	71.42	47.47	26.08	56.09
19	67.2	54.0	38.47	68.41	25.61	22.0	106.15	56.64	56.0	61.61	28.64	34.99	38.42	89.2	50.91	62.03	74.73	56.89	26.08	0.0	70.88	62.29	44.18	64.62	12.65	67.08	77.79	78.79	82.1	85.91	20.88	27.78	50.64	69.31	74.43	96.21	23.41	39.45	22.8	96.2	16.82	64.8	73.06	36.88	64.64
20	24.41	24.41	76.16	42.8	88.09	68.03	58.14	31.62	76.94	34.93	47.71	86.58	38.21	46.69	35.78	22.8	70.77	15.62	70.26	70.88	0.0	31.11	33.94	100.32	60.93	72.47	106.68	63.25	26.0	66.24	91.76	55.61	33.29	33.29	18.44	50.04	47.54	89.11	60.46	51.2	86.96	19.54	99.01	44.72	22.67
21	8.25	42.76	52.15	12.65	70.94	50.16	44.41	5.66	48.08	57.72	51.26	65.12	24.08	27.78	11.66	46.82	39.7	33.53	50.6	62.29	31.11	0.0	46.04	72.28	57.2	41.62	76.97	33.11	22.36	37.36	81.61	60.17	50.16	7.21	18.44	34.41	41.62	66.48	62.61	34.64	75.15	45.36	69.21	26.08	8.6
22	45.12	10.77	65.3	58.03	67.05	51.11	86.65	42.05	74.4	18.87	16.12	70.71	31.3	71.81	40.79	18.11	79.7	18.44	54.92	44.18	33.94	46.04	0.0	93.38	32.0	76.97	103.48	76.94	55.46	82.39	64.03	22.36	7.21	52.35	46.52	77.2	25.06	74.43	27.86	77.93	60.98	21.33	96.63	37.74	41.98
23	80.52	98.41	28.43	66.27	44.18	44.94	97.67	69.57	24.33	111.95	84.02	30.59	64.9	84.21	64.62	106.02	45.61	94.34	40.5	64.62	100.32	72.28	93.38	0.0	73.43	36.5	14.0	57.27	93.06	62.64	66.12	88.2	100.5	74.97	90.71	90.55	69.43	26.31	85.09	89.49	59.72	106.77	13.23	57.69	80.36
24	60.83	42.19	45.69	65.3	37.74	28.64	101.61	51.61	61.19	49.03	16.12	45.34	33.29	84.88	46.65	50.04	76.42	46.17	33.11	12.65	60.93	57.2	32.0	73.43	0.0	70.0	85.91	78.59	75.07	85.44	32.06	15.62	38.21	64.4	66.84	91.61	15.62	49.68	11.66	91.8	29.18	53.01	80.43	34.18	57.98
25	49.4	78.23	33.29	32.31	59.36	45.61	61.19	41.04	15.62	93.3	73.76	46.86	45.69	48.0	38.42	84.4	10.0	71.22	42.38	67.08	72.47	41.62	76.97	36.5	70.0	0.0	36.88	20.88	59.46	26.83	78.79	80.89	83.19	42.05	59.06	54.15	58.86	45.25	80.22	53.05	71.35	83.96	29.25	39.85	50.22
26	85.09	107.52	40.25	68.96	58.14	57.27	96.08	75.18	30.0	121.66	95.41	44.41	73.59	84.38	71.02	114.77	44.05	102.45	52.8	77.79	106.68	76.97	103.48	14.0	85.91	36.88	0.0	56.04	96.17	60.13	80.1	100.24	110.45	78.43	95.08	90.09	80.45	40.2	97.51	88.85	73.63	115.13	7.76	66.48	85.43
27	38.83	75.29	50.99	20.59	76.42	59.36	40.45	35.44	35.78	90.44	78.1	65.3	48.04	28.64	36.22	79.85	12.0	66.48	57.2	78.79	63.25	33.11	76.94	57.27	78.59	20.88	56.04	0.0	44.41	7.21	93.74	86.37	82.0	30.0	46.69	34.06	64.78	64.4	87.13	32.81	86.38	78.46	48.81	44.72	40.82
28	15.23	48.08	74.43	27.2	92.97	72.11	32.25	27.2	68.73	60.53	65.6	87.48	43.91	21.54	33.53	48.37	54.59	37.95	72.8	82.1	26.0	22.36	55.46	93.06	75.07	59.46	96.17	44.41	0.0	45.25	102.22	74.4	56.92	18.11	8.94	24.08	59.67	88.81	78.1	25.3	96.13	45.39	88.44	47.54	17.49
29	42.05	80.05	58.0	24.74	83.55	66.57	36.0	40.45	42.19	95.08	84.38	72.25	54.33	26.83	42.0	84.12	17.09	70.88	64.4	85.91	66.24	37.36	82.39	62.64	85.44	26.83	60.13	7.21	45.25	0.0	100.96	92.78	87.13	33.11	48.83	31.05	71.39	71.22	93.74	29.62	93.6	82.47	53.25	51.42	44.38
30	87.13	74.24	46.17	86.28	22.0	34.41	124.58	76.03	65.15	80.4	48.0	36.06	58.31	107.63	70.0	82.1	87.66	77.67	36.72	20.88	91.76	81.61	64.03	66.12	32.06	78.79	80.1	93.74	102.22	100.96	0.0	44.72	70.03	88.41	94.83	114.77	44.27	40.0	38.83	114.61	7.44	85.07	77.17	55.61	84.72
31	61.77	33.11	60.03	70.34	53.25	43.27	103.77	55.03	74.0	36.0	8.94	60.83	38.47	87.73	51.42	39.85	86.09	40.0	47.71	27.78	55.61	60.17	22.36	88.2	15.62	80.89	100.24	86.37	74.4	92.78	44.72	0.0	26.68	67.23	65.6	93.91	22.09	65.12	6.0	94.38	43.37	43.37	94.38	42.0	58.67
32	48.17	8.94	72.47	62.51	74.0	58.31	88.77	46.69	81.22	11.66	22.09	77.9	37.74	74.67	46.17	13.42	85.44	18.97	62.13	50.64	33.29	50.16	7.21	100.5	38.21	83.19	110.45	82.0	56.92	87.13	70.03	26.68	0.0	56.0	48.08	79.62	32.25	81.63	32.56	80.47	67.37	17.18	103.53	44.41	45.1
33	8.94	48.17	56.89	10.0	76.97	56.36	37.2	12.81	50.64	62.8	58.31	70.34	31.24	20.59	18.44	51.42	38.42	38.47	56.46	69.31	33.29	7.21	52.35	74.97	64.4	42.05	78.43	30.0	18.11	33.11	88.41	67.23	56.0	0.0	17.2	27.2	48.83	71.39	69.77	27.43	81.84	49.54	70.68	32.8	11.4
34	10.2	39.29	70.0	27.2	86.83	65.97	40.79	22.0	66.48	52.15	56.85	82.39	36.77	28.28	28.07	40.05	55.61	29.12	67.08	74.43	18.44	18.44	46.52	90.71	66.84	59.06	95.08	46.69	8.94	48.83	94.83	65.6	48.08	17.2	0.0	32.06	51.61	84.1	69.43	33.11	88.99	37.29	87.32	41.23	11.05
35	32.31	71.02	78.79	28.84	101.55	81.61	10.0	40.0	67.47	84.21	84.97	93.04	58.41	7.21	45.34	72.11	46.04	60.83	80.99	96.21	50.04	34.41	77.2	90.55	91.61	54.15	90.09	34.06	24.08	31.05	114.77	93.91	79.62	27.2	32.06	0.0	76.03	93.23	96.75	1.63	107.96	69.29	82.81	59.4	35.47
36	45.25	32.98	41.04	50.16	42.76	26.08	86.02	36.06	52.8	43.91	15.23	45.65	17.89	69.34	31.3	41.23	64.03	34.06	30.0	23.41	47.54	41.62	25.06	69.43	15.62	58.86	80.45	64.78	59.67	71.39	44.27	22.09	32.25	48.83	51.61	76.03	0.0	49.4	22.36	76.25	39.48	43.41	74.07	20.1	42.45
37	74.24	81.44	14.56	65.15	18.0	23.32	101.98	62.13	29.73	93.3	62.48	4.47	50.99	86.16	56.04	89.55	55.17	79.7	19.7	39.45	89.11	66.48	74.43	26.31	49.68	45.25	40.2	64.4	88.81	71.22	40.0	65.12	81.63	71.39	84.1	93.23	49.4	0.0	61.22	92.56	33.43	91.1	37.24	44.41	73.06
38	64.9	38.63	57.27	72.11	48.41	40.25	106.68	57.27	72.28	42.0	12.81	56.85	39.85	90.35	53.14	45.61	86.02	44.94	44.72	22.8	60.46	62.61	27.86	85.09	11.66	80.22	97.51	87.13	78.1	93.74	38.83	6.0	32.56	69.77	69.43	96.75	22.36	61.22	0.0	97.12	37.79	49.06	91.94	42.43	61.85
39	32.92	71.92	78.16	28.5	101.13	81.3	9.97	40.19	66.54	85.24	85.43	92.44	58.56	7.0	45.4	73.15	44.81	61.73	80.6	96.2	51.2	34.64	77.93	89.49	91.8	53.05	88.85	32.81	25.3	29.62	114.61	94.38	80.47	27.43	33.11	1.63	76.25	92.56	97.12	0.0	107.76	70.38	81.6	59.35	36.08
40	80.97	70.8	38.81	79.35	15.61	27.11	117.72	69.62	57.78	78.2	45.3	29.3	52.27	100.8	63.5	78.85	80.22	73.39	29.29	16.82	86.96	75.15	60.98	59.72	29.18	71.35	73.63	86.38	96.13	93.6	7.44	43.37	67.37	81.84	88.99	107.96	39.48	33.43	37.79	107.76	0.0	81.6	70.38	49.08	78.67
41	40.74	10.82	80.02	57.95	86.17	68.2	77.61	43.7	85.18	15.48	37.41	87.82	41.87	65.46	45.54	3.9	84.19	12.79	71.42	64.8	19.54	45.36	21.33	106.77	53.01	83.96	115.13	78.46	45.39	82.47	85.07	43.37	17.18	49.54	37.29	69.29	43.41	91.1	49.06	70.38	81.6	0.0	107.76	49.08	38.15
42	77.33	100.34	34.82	61.24	55.19	51.89	89.07	67.48	22.59	114.63	89.17	41.12	66.4	76.97	63.4	107.49	36.81	95.04	47.47	73.06	99.01	69.21	96.63	13.23	80.43	29.25	7.76	48.81	88.44	53.25	77.17	94.38	103.53	70.68	87.32	82.81	74.07	37.24	91.94	81.6	70.38	107.76	0.0	59.35	77.68
43	32.31	41.04	31.62	31.62	45.61	24.74	69.31	20.59	36.88	55.32	34.23	42.05	7.21	52.35	14.42	48.41	44.18	36.72	26.08	36.88	44.72	26.08	37.74	57.69	34.18	39.85	66.48	44.72	47.54	51.42	55.61	42.0	44.41	32.8	41.23	59.4	20.1	44.41	42.43	59.35	49.08	49.08	59.35	0.0	30.36
44	3.16	37.01	59.01	20.25	75.96	55.08	45.19	11.05	56.3	51.48	49.74	71.34	26.42	29.83	17.03	40.02	48.1	27.17	56.09	64.64	22.67	8.6	41.98	80.36	57.98	50.22	85.43	40.82	17.49	44.38	84.72	58.67	45.1	11.4	11.05	35.47	42.45	73.06	61.85	36.08	78.67	38.15	77.68	30.36	0.0
;
