vehicles
vehicle_idx, capacity, cost_per_unit_distance
1,100,1
2,100,1
3,100,1
4,100,1
5,100,1
depot
node_idx,x,y
0,15,19
home delivery customers
node_idx,x,y,service_time,demand
1,1,49,15,1
2,71,61,15,2
3,29,9,15,22
4,55,47,15,18
5,69,1,15,9
6,21,81,15,19
7,67,91,15,2
8,41,23,15,20
9,15,79,15,11
10,79,47,15,6
11,29,17,15,13
12,27,95,15,18
13,21,91,15,11
14,61,83,15,21
15,91,21,15,11
self pickup customers
node_idx,x,y,service_time,demand,locker_idxs
16,87,25,15,14,38
17,93,91,15,11,37
18,33,31,15,18,40-36
19,93,7,15,7,38
20,65,43,15,14,40-38
21,19,91,15,4,39
22,19,75,15,15,39
23,27,49,15,19,40
24,59,51,15,15,40-41
25,71,41,15,23,38-40
flexible customers
node_idx,x,y,service_time,demand,locker_idxs
26,69,65,15,15,37-41-40
27,23,13,15,23,36
28,19,47,15,12,40
29,57,63,15,21,40-37-41
30,5,95,15,2,39
31,3,25,15,10,36
32,19,65,15,13,39-40
33,25,65,15,8,39-41-40
34,15,83,15,12,39
35,31,87,15,2,39-41
lockers
node_idx,x,y,service_time,capacity,cost_per_unit_good
36,7.900000000000001,8.05,30,265,100
37,78.28,87.95,30,265,100
38,78.28,8.05,30,265,100
39,7.900000000000001,87.95,30,265,100
40,48,48,15,66,100
41,58,83,15,66,100
mrt lines
start_node_idx,end_node_idx,freight_capacity,cost_per_unit_good
36,37,265,5
37,36,265,5
38,39,265,5
39,38,265,5
distance matrix
,0,1,2,3,4,5,6,7,8,9,10,11,12,13,14,15,16,17,18,19,20,21,22,23,24,25,26,27,28,29,30,31,32,33,34,35,36,37,38,39,40,41,
0,0.0,33.11,70.0,17.2,48.83,56.92,62.29,88.81,26.31,60.0,69.86,14.14,76.94,72.25,78.82,76.03,72.25,106.15,21.63,78.92,55.46,72.11,56.14,32.31,54.41,60.17,70.94,10.0,28.28,60.83,76.66,13.42,46.17,47.07,64.0,69.86,13.05,93.59,64.22,69.31,43.93,77.1
1,33.11,0.0,71.02,48.83,54.04,83.23,37.74,78.23,47.71,33.11,78.03,42.52,52.84,46.52,68.96,94.25,89.29,101.13,36.72,101.13,64.28,45.69,31.62,26.0,58.03,70.46,69.86,42.19,18.11,57.72,46.17,24.08,24.08,28.84,36.77,48.41,41.53,86.54,87.46,39.56,47.01,66.37
2,70.0,71.02,0.0,66.84,21.26,60.03,53.85,30.27,48.41,58.82,16.12,60.83,55.61,58.31,24.17,44.72,39.4,37.2,48.41,58.31,18.97,60.03,53.85,45.61,15.62,20.0,4.47,67.88,53.85,14.14,74.24,76.94,52.15,46.17,60.17,47.71,82.37,27.92,53.45,68.61,26.42,25.55
3,17.2,48.83,66.84,0.0,46.04,40.79,72.44,90.38,18.44,71.39,62.8,8.0,86.02,82.39,80.62,63.15,60.17,104.02,22.36,64.03,49.52,82.61,66.75,40.05,51.61,52.8,68.82,7.21,39.29,60.83,89.29,30.53,56.89,56.14,75.31,78.03,21.12,93.07,49.29,81.72,43.38,79.48
4,48.83,54.04,21.26,46.04,0.0,48.08,48.08,45.61,27.78,51.22,24.0,39.7,55.57,55.61,36.5,44.41,38.83,58.14,27.2,55.17,10.77,56.85,45.61,28.07,5.66,17.09,22.8,46.69,36.0,16.12,69.31,56.46,40.25,34.99,53.81,46.65,61.12,47.1,45.38,62.41,7.07,36.12
5,56.92,83.23,60.03,40.79,48.08,0.0,93.3,90.02,35.61,94.87,47.07,43.08,102.96,102.0,82.39,29.73,30.0,93.15,46.86,24.74,42.19,102.96,89.31,63.78,50.99,40.05,64.0,47.54,67.94,63.15,113.72,70.23,81.22,77.67,98.18,94.02,61.51,87.44,11.65,106.27,51.48,82.73
6,62.29,37.74,53.85,72.44,48.08,93.3,0.0,47.07,61.35,6.32,67.23,64.5,15.23,10.0,40.05,92.2,86.56,72.69,51.42,103.25,58.14,10.2,6.32,32.56,48.41,64.03,50.6,68.03,34.06,40.25,21.26,58.82,16.12,16.49,6.32,11.66,74.12,57.7,92.75,14.83,42.64,37.05
7,88.81,78.23,30.27,90.38,45.61,90.02,47.07,0.0,72.8,53.37,45.61,83.19,40.2,46.0,10.0,74.0,68.96,26.0,68.96,87.93,48.04,48.0,50.6,58.0,40.79,50.16,26.08,89.55,65.12,29.73,62.13,91.93,54.59,49.4,52.61,36.22,101.85,11.69,83.71,59.18,47.01,12.04
8,26.31,47.71,48.41,18.44,27.78,35.61,61.35,72.8,0.0,61.74,44.94,13.42,73.35,70.88,63.25,50.04,46.04,85.6,11.31,54.41,31.24,71.47,56.46,29.53,33.29,34.99,50.48,20.59,32.56,43.08,80.5,38.05,47.41,44.94,65.39,64.78,36.32,74.89,40.17,72.9,25.96,62.36
9,60.0,33.11,58.82,71.39,51.22,94.87,6.32,53.37,61.74,0.0,71.55,63.56,20.0,13.42,46.17,95.6,90.0,78.92,51.26,106.15,61.61,12.65,5.66,32.31,52.15,67.68,55.79,66.48,32.25,44.94,18.87,55.32,14.56,17.2,4.0,17.89,71.3,63.91,95.07,11.42,45.28,43.19
10,69.86,78.03,16.12,62.8,24.0,47.07,67.23,45.61,44.94,71.55,0.0,58.31,70.77,72.8,40.25,28.64,23.41,46.17,48.7,42.38,14.56,74.4,66.21,52.04,20.4,10.0,20.59,65.51,60.0,27.2,88.2,79.12,62.64,56.92,73.43,62.48,81.07,40.96,38.96,82.05,31.02,41.68
11,14.14,42.52,60.83,8.0,39.7,43.08,64.5,83.19,13.42,63.56,58.31,0.0,78.03,74.43,73.35,62.13,58.55,97.84,14.56,64.78,44.41,74.67,58.86,32.06,45.34,48.37,62.48,7.21,31.62,53.85,81.61,27.2,49.03,48.17,67.47,70.03,22.92,86.39,50.09,74.02,36.36,72.09
12,76.94,52.84,55.61,86.02,55.57,102.96,15.23,40.2,73.35,20.0,70.77,78.03,0.0,7.21,36.06,97.84,92.2,66.12,64.28,110.0,64.4,8.94,21.54,46.0,54.41,69.66,51.61,82.1,48.66,43.86,22.0,74.0,31.05,30.07,16.97,8.94,89.02,51.76,100.95,20.36,51.48,33.24
13,72.25,46.52,58.31,82.39,55.61,102.0,10.0,46.0,70.88,13.42,72.8,74.43,7.21,0.0,40.79,98.99,93.34,72.0,61.19,110.63,65.12,2.0,16.12,42.43,55.17,70.71,54.59,78.03,44.05,45.61,16.49,68.41,26.08,26.31,10.0,10.77,83.98,57.36,100.81,13.45,50.77,37.85
14,78.82,68.96,24.17,80.62,36.5,82.39,40.05,10.0,63.25,46.17,40.25,73.35,36.06,40.79,0.0,68.88,63.56,32.98,59.06,82.46,40.2,42.76,42.76,48.08,32.06,43.17,19.7,79.65,55.32,20.4,57.27,82.02,45.69,40.25,46.0,30.27,91.85,17.98,76.92,53.33,37.34,3.0
15,76.03,94.25,44.72,63.15,44.41,29.73,92.2,74.0,50.04,95.6,28.64,62.13,97.84,98.99,68.88,0.0,5.66,70.03,58.86,14.14,34.06,100.42,90.0,69.86,43.86,28.28,49.19,68.47,76.55,54.04,113.45,88.09,84.38,79.32,98.08,89.2,84.1,68.15,18.15,106.71,50.77,70.24
16,72.25,89.29,39.4,60.17,38.83,30.0,86.56,68.96,46.04,90.0,23.41,58.55,92.2,93.34,63.56,5.66,0.0,66.27,54.33,18.97,28.43,94.76,84.4,64.62,38.21,22.63,43.86,65.12,71.47,48.41,107.81,84.0,78.89,73.78,92.46,83.55,80.9,63.55,19.06,101.09,45.28,64.85
17,106.15,101.13,37.2,104.02,58.14,93.15,72.69,26.0,85.6,78.92,46.17,97.84,66.12,72.0,32.98,70.03,66.27,0.0,84.85,84.0,55.57,74.0,75.71,78.23,52.5,54.63,35.38,104.8,86.09,45.61,88.09,111.61,78.43,72.8,78.41,62.13,118.84,15.03,84.25,85.15,62.24,35.9
18,21.63,36.72,48.41,22.36,27.2,46.86,51.42,68.96,11.31,51.26,48.7,14.56,64.28,61.19,59.06,58.86,54.33,84.85,0.0,64.62,34.18,61.61,46.17,18.97,32.8,39.29,49.52,20.59,21.26,40.0,69.86,30.59,36.77,34.93,55.03,56.04,34.01,72.76,50.76,62.24,22.67,57.7
19,78.92,101.13,58.31,64.03,55.17,24.74,103.25,87.93,54.41,106.15,42.38,64.78,110.0,110.63,82.46,14.14,18.97,84.0,64.62,0.0,45.61,111.95,100.5,78.23,55.61,40.5,62.77,70.26,84.12,66.57,124.45,91.78,94.02,89.38,108.9,101.21,85.11,82.28,14.76,117.45,60.88,83.67
20,55.46,64.28,18.97,49.52,10.77,42.19,58.14,48.04,31.24,61.61,14.56,44.41,64.4,65.12,40.2,34.06,28.43,55.57,34.18,45.61,0.0,66.48,56.04,38.47,10.0,6.32,22.36,51.61,46.17,21.54,79.4,64.56,50.99,45.65,64.03,55.61,66.95,46.87,37.39,72.67,17.72,40.61
21,72.11,45.69,60.03,82.61,56.85,102.96,10.2,48.0,71.47,12.65,74.4,74.67,8.94,2.0,42.76,100.42,94.76,74.0,61.61,111.95,66.48,0.0,16.0,42.76,56.57,72.14,56.36,78.1,44.0,47.2,14.56,67.91,26.0,26.68,8.94,12.65,83.69,59.36,101.95,11.51,51.87,39.81
22,56.14,31.62,53.85,66.75,45.61,89.31,6.32,50.6,56.46,5.66,66.21,58.86,21.54,16.12,42.76,90.0,84.4,75.71,46.17,100.5,56.04,16.0,0.0,27.2,46.65,62.13,50.99,62.13,28.0,39.85,24.41,52.5,10.0,11.66,8.94,16.97,67.86,60.68,89.42,17.06,39.62,39.81
23,32.31,26.0,45.61,40.05,28.07,63.78,32.56,58.0,29.53,32.31,52.04,32.06,46.0,42.43,48.08,69.86,64.62,78.23,18.97,78.23,38.47,42.76,27.2,0.0,32.06,44.72,44.94,36.22,8.25,33.11,50.99,33.94,17.89,16.12,36.06,38.21,45.19,64.4,65.62,43.38,21.02,46.01
24,54.41,58.03,15.62,51.61,5.66,50.99,48.41,40.79,33.29,52.15,20.4,45.34,54.41,55.17,32.06,43.86,38.21,52.5,32.8,55.61,10.0,56.57,46.65,32.06,0.0,15.62,17.2,52.35,40.2,12.17,69.66,61.74,42.38,36.77,54.41,45.61,66.75,41.68,47.08,63.06,11.4,32.02
25,60.17,70.46,20.0,52.8,17.09,40.05,64.03,50.16,34.99,67.68,10.0,48.37,69.66,70.71,43.17,28.28,22.63,54.63,39.29,40.5,6.32,72.14,62.13,44.72,15.62,0.0,24.08,55.57,52.35,26.08,85.28,69.86,57.27,51.88,70.0,60.96,71.19,47.51,33.74,78.65,24.04,43.97
26,70.94,69.86,4.47,68.82,22.8,64.0,50.6,26.08,50.48,55.79,20.59,62.48,51.61,54.59,19.7,49.19,43.86,35.38,49.52,62.77,22.36,56.36,50.99,44.94,17.2,24.08,0.0,69.43,53.14,12.17,70.68,77.18,50.0,44.0,56.92,43.91,83.53,24.76,57.7,65.27,27.02,21.1
27,10.0,42.19,67.88,7.21,46.69,47.54,68.03,89.55,20.59,66.48,65.51,7.21,82.1,78.03,79.65,68.47,65.12,104.8,20.59,70.26,51.61,78.1,62.13,36.22,52.35,55.57,69.43,0.0,34.23,60.46,83.95,23.32,52.15,52.04,70.46,74.43,15.89,93.13,55.5,76.46,43.01,78.26
28,28.28,18.11,53.85,39.29,36.0,67.94,34.06,65.12,32.56,32.25,60.0,31.62,48.66,44.05,55.32,76.55,71.47,86.09,21.26,84.12,46.17,44.0,28.0,8.25,40.2,52.35,53.14,34.23,0.0,41.23,50.0,27.2,18.0,18.97,36.22,41.76,40.5,72.05,70.93,42.43,29.02,53.08
29,60.83,57.72,14.14,60.83,16.12,63.15,40.25,29.73,43.08,44.94,27.2,53.85,43.86,45.61,20.4,54.04,48.41,45.61,40.0,66.57,21.54,47.2,39.85,33.11,12.17,26.08,12.17,60.46,41.23,0.0,61.06,66.03,38.05,32.06,46.52,35.38,73.69,32.79,58.93,55.08,17.49,20.02
30,76.66,46.17,74.24,89.29,69.31,113.72,21.26,62.13,80.5,18.87,88.2,81.61,22.0,16.49,57.27,113.45,107.81,88.09,69.86,124.45,79.4,14.56,24.41,50.99,69.66,85.28,70.68,83.95,50.0,61.06,0.0,70.03,33.11,36.06,15.62,27.2,87.0,73.62,113.71,7.62,63.7,54.34
31,13.42,24.08,76.94,30.53,56.46,70.23,58.82,91.93,38.05,55.32,79.12,27.2,74.0,68.41,82.02,88.09,84.0,111.61,30.59,91.78,64.56,67.91,52.5,33.94,61.74,69.86,77.18,23.32,27.2,66.03,70.03,0.0,43.08,45.65,59.23,68.03,17.64,98.13,77.16,63.14,50.54,79.93
32,46.17,24.08,52.15,56.89,40.25,81.22,16.12,54.59,47.41,14.56,62.64,49.03,31.05,26.08,45.69,84.38,78.89,78.43,36.77,94.02,50.99,26.0,10.0,17.89,42.38,57.27,50.0,52.15,18.0,38.05,33.11,43.08,0.0,6.0,18.44,25.06,58.02,63.57,82.2,25.49,33.62,42.95
33,47.07,28.84,46.17,56.14,34.99,77.67,16.49,49.4,44.94,17.2,56.92,48.17,30.07,26.31,40.25,79.32,73.78,72.8,34.93,89.38,45.65,26.68,11.66,16.12,36.77,51.88,44.0,52.04,18.97,32.06,36.06,45.65,6.0,0.0,20.59,22.8,59.46,58.01,77.99,28.62,28.6,37.59
34,64.0,36.77,60.17,75.31,53.81,98.18,6.32,52.61,65.39,4.0,73.43,67.47,16.97,10.0,46.0,98.08,92.46,78.41,55.03,108.9,64.03,8.94,8.94,36.06,54.41,70.0,56.92,70.46,36.22,46.52,15.62,59.23,18.44,20.59,0.0,16.49,75.29,63.47,98.09,8.66,48.1,43.0
35,69.86,48.41,47.71,78.03,46.65,94.02,11.66,36.22,64.78,17.89,62.48,70.03,8.94,10.77,30.27,89.2,83.55,62.13,56.04,101.21,55.61,12.65,16.97,38.21,45.61,60.96,43.91,74.43,41.76,35.38,27.2,68.03,25.06,22.8,16.49,0.0,82.26,47.29,92.02,23.12,42.54,27.29
36,13.05,41.53,82.37,21.12,61.12,61.51,74.12,101.85,36.32,71.3,81.07,22.92,89.02,83.98,91.85,84.1,80.9,118.84,34.01,85.11,66.95,83.69,67.86,45.19,66.75,71.19,83.53,15.89,40.5,73.69,87.0,17.64,58.02,59.46,75.29,82.26,0.0,106.48,70.38,79.9,56.6,90.15
37,93.59,86.54,27.92,93.07,47.1,87.44,57.7,11.69,74.89,63.91,40.96,86.39,51.76,57.36,17.98,68.15,63.55,15.03,72.76,82.28,46.87,59.36,60.68,64.4,41.68,47.51,24.76,93.13,72.05,32.79,73.62,98.13,63.57,58.01,63.47,47.29,106.48,0.0,79.9,70.38,50.13,20.88
38,64.22,87.46,53.45,49.29,45.38,11.65,92.75,83.71,40.17,95.07,38.96,50.09,100.95,100.81,76.92,18.15,19.06,84.25,50.76,14.76,37.39,101.95,89.42,65.62,47.08,33.74,57.7,55.5,70.93,58.93,113.71,77.16,82.2,77.99,98.09,92.02,70.38,79.9,0.0,106.48,50.13,77.65
39,69.31,39.56,68.61,81.72,62.41,106.27,14.83,59.18,72.9,11.42,82.05,74.02,20.36,13.45,53.33,106.71,101.09,85.15,62.24,117.45,72.67,11.51,17.06,43.38,63.06,78.65,65.27,76.46,42.43,55.08,7.62,63.14,25.49,28.62,8.66,23.12,79.9,70.38,106.48,0.0,56.6,50.34
40,43.93,47.01,26.42,43.38,7.07,51.48,42.64,47.01,25.96,45.28,31.02,36.36,51.48,50.77,37.34,50.77,45.28,62.24,22.67,60.88,17.72,51.87,39.62,21.02,11.4,24.04,27.02,43.01,29.02,17.49,63.7,50.54,33.62,28.6,48.1,42.54,56.6,50.13,50.13,56.6,0.0,36.4
41,77.1,66.37,25.55,79.48,36.12,82.73,37.05,12.04,62.36,43.19,41.68,72.09,33.24,37.85,3.0,70.24,64.85,35.9,57.7,83.67,40.61,39.81,39.81,46.01,32.02,43.97,21.1,78.26,53.08,20.02,54.34,79.93,42.95,37.59,43.0,27.29,90.15,20.88,77.65,50.34,36.4,0.0
