set K:= 1	2	3	4	5;
set C_H:= 1	2	3	4	5	6	7	8	9	10	11	12	13;
set C_S:= 14	15	16	17	18	19	20	21	22	23	24	25;
set C_F:= 26	27	28	29	30	31	32	33	34	35	36	37;
set M:= 38	39;
set M_B:= 40	41;
set L_B:= 42	43	44	45	46;
set A1:=
(0,*) 1 2 3 4 5 6 7 8 9 10 11 12 13 26 27 28 29 30 31 32 33 34 35 36 37 38 39 40 41 42 43 44 45 46
(1,*) 0 2 3 4 5 6 7 8 9 10 11 12 13 26 27 28 29 30 31 32 33 34 35 36 37 38 39 40 41 42 43 44 45 46
(2,*) 0 1 3 4 5 6 7 8 9 10 11 12 13 26 27 28 29 30 31 32 33 34 35 36 37 38 39 40 41 42 43 44 45 46
(3,*) 0 1 2 4 5 6 7 8 9 10 11 12 13 26 27 28 29 30 31 32 33 34 35 36 37 38 39 40 41 42 43 44 45 46
(4,*) 0 1 2 3 5 6 7 8 9 10 11 12 13 26 27 28 29 30 31 32 33 34 35 36 37 38 39 40 41 42 43 44 45 46
(5,*) 0 1 2 3 4 6 7 8 9 10 11 12 13 26 27 28 29 30 31 32 33 34 35 36 37 38 39 40 41 42 43 44 45 46
(6,*) 0 1 2 3 4 5 7 8 9 10 11 12 13 26 27 28 29 30 31 32 33 34 35 36 37 38 39 40 41 42 43 44 45 46
(7,*) 0 1 2 3 4 5 6 8 9 10 11 12 13 26 27 28 29 30 31 32 33 34 35 36 37 38 39 40 41 42 43 44 45 46
(8,*) 0 1 2 3 4 5 6 7 9 10 11 12 13 26 27 28 29 30 31 32 33 34 35 36 37 38 39 40 41 42 43 44 45 46
(9,*) 0 1 2 3 4 5 6 7 8 10 11 12 13 26 27 28 29 30 31 32 33 34 35 36 37 38 39 40 41 42 43 44 45 46
(10,*) 0 1 2 3 4 5 6 7 8 9 11 12 13 26 27 28 29 30 31 32 33 34 35 36 37 38 39 40 41 42 43 44 45 46
(11,*) 0 1 2 3 4 5 6 7 8 9 10 12 13 26 27 28 29 30 31 32 33 34 35 36 37 38 39 40 41 42 43 44 45 46
(12,*) 0 1 2 3 4 5 6 7 8 9 10 11 13 26 27 28 29 30 31 32 33 34 35 36 37 38 39 40 41 42 43 44 45 46
(13,*) 0 1 2 3 4 5 6 7 8 9 10 11 12 26 27 28 29 30 31 32 33 34 35 36 37 38 39 40 41 42 43 44 45 46
(26,*) 0 1 2 3 4 5 6 7 8 9 10 11 12 13 27 28 29 30 31 32 33 34 35 36 37 38 39 40 41 42 43 44 45 46
(27,*) 0 1 2 3 4 5 6 7 8 9 10 11 12 13 26 28 29 30 31 32 33 34 35 36 37 38 39 40 41 42 43 44 45 46
(28,*) 0 1 2 3 4 5 6 7 8 9 10 11 12 13 26 27 29 30 31 32 33 34 35 36 37 38 39 40 41 42 43 44 45 46
(29,*) 0 1 2 3 4 5 6 7 8 9 10 11 12 13 26 27 28 30 31 32 33 34 35 36 37 38 39 40 41 42 43 44 45 46
(30,*) 0 1 2 3 4 5 6 7 8 9 10 11 12 13 26 27 28 29 31 32 33 34 35 36 37 38 39 40 41 42 43 44 45 46
(31,*) 0 1 2 3 4 5 6 7 8 9 10 11 12 13 26 27 28 29 30 32 33 34 35 36 37 38 39 40 41 42 43 44 45 46
(32,*) 0 1 2 3 4 5 6 7 8 9 10 11 12 13 26 27 28 29 30 31 33 34 35 36 37 38 39 40 41 42 43 44 45 46
(33,*) 0 1 2 3 4 5 6 7 8 9 10 11 12 13 26 27 28 29 30 31 32 34 35 36 37 38 39 40 41 42 43 44 45 46
(34,*) 0 1 2 3 4 5 6 7 8 9 10 11 12 13 26 27 28 29 30 31 32 33 35 36 37 38 39 40 41 42 43 44 45 46
(35,*) 0 1 2 3 4 5 6 7 8 9 10 11 12 13 26 27 28 29 30 31 32 33 34 36 37 38 39 40 41 42 43 44 45 46
(36,*) 0 1 2 3 4 5 6 7 8 9 10 11 12 13 26 27 28 29 30 31 32 33 34 35 37 38 39 40 41 42 43 44 45 46
(37,*) 0 1 2 3 4 5 6 7 8 9 10 11 12 13 26 27 28 29 30 31 32 33 34 35 36 38 39 40 41 42 43 44 45 46
(38,*) 0 1 2 3 4 5 6 7 8 9 10 11 12 13 26 27 28 29 30 31 32 33 34 35 36 37 39 40 41 42 43 44 45 46
(39,*) 0 1 2 3 4 5 6 7 8 9 10 11 12 13 26 27 28 29 30 31 32 33 34 35 36 37 38 40 41 42 43 44 45 46
(40,*) 0 1 2 3 4 5 6 7 8 9 10 11 12 13 26 27 28 29 30 31 32 33 34 35 36 37 38 39 41 42 43 44 45 46
(41,*) 0 1 2 3 4 5 6 7 8 9 10 11 12 13 26 27 28 29 30 31 32 33 34 35 36 37 38 39 40 42 43 44 45 46
(42,*) 0 1 2 3 4 5 6 7 8 9 10 11 12 13 26 27 28 29 30 31 32 33 34 35 36 37 38 39 40 41 43 44 45 46
(43,*) 0 1 2 3 4 5 6 7 8 9 10 11 12 13 26 27 28 29 30 31 32 33 34 35 36 37 38 39 40 41 42 44 45 46
(44,*) 0 1 2 3 4 5 6 7 8 9 10 11 12 13 26 27 28 29 30 31 32 33 34 35 36 37 38 39 40 41 42 43 45 46
(45,*) 0 1 2 3 4 5 6 7 8 9 10 11 12 13 26 27 28 29 30 31 32 33 34 35 36 37 38 39 40 41 42 43 44 46
(46,*) 0 1 2 3 4 5 6 7 8 9 10 11 12 13 26 27 28 29 30 31 32 33 34 35 36 37 38 39 40 41 42 43 44 45
;
set A2:=
(38,*) 39
(39,*) 38
;
param BigM:=99999;
param n:= 5;
param d:=
1	8
2	12
3	18
4	11
5	23
6	9
7	8
8	12
9	13
10	25
11	3
12	24
13	14
14	12
15	19
16	8
17	1
18	17
19	13
20	13
21	19
22	20
23	12
24	4
25	2
26	5
27	12
28	25
29	5
30	5
31	26
32	9
33	21
34	19
35	7
36	13
37	14
;
param Q:=100;
param w:=
[38,*] 39 0.1
[39,*] 38 0.1
;
param V:=
[38,*] 39 88
[39,*] 38 88
;
param e:
	38	39	40	41	42	43	44	45	46:=
14		0		1		0		1		1		0		0		0		0	
15		1		0		1		0		1		0		0		0		0	
16		1		1		1		1		1		0		0		0		0	
17		0		1		0		1		0		0		0		1		0	
18		1		0		1		0		0		0		0		1		0	
19		1		0		1		0		0		0		1		0		0	
20		1		1		1		1		0		0		0		1		0	
21		0		1		0		1		0		0		0		1		1	
22		0		1		0		1		1		0		0		0		0	
23		0		1		0		1		1		0		0		0		0	
24		0		1		0		1		0		0		1		0		0	
25		1		0		1		0		0		0		1		0		0	
26		1		0		1		0		0		0		0		0		1	
27		0		1		0		1		1		1		1		0		0	
28		0		1		0		1		1		0		0		0		0	
29		1		0		1		0		0		0		1		0		0	
30		0		1		0		1		1		1		1		1		1	
31		1		0		1		0		0		0		0		1		0	
32		1		0		1		0		1		1		1		1		1	
33		1		0		1		0		0		0		0		0		1	
34		0		1		0		1		1		1		1		0		0	
35		0		1		0		1		0		1		0		0		0	
36		1		0		1		0		0		1		0		0		0	
37		0		1		0		1		0		1		0		0		0	
;
param p:=
1	3
2	3
3	3
4	3
5	3
;
param G:=
38	88
39	83
40	88
41	83
42	85
43	98
44	96
45	71
46	85
;
param s:=
0	0
1	10
2	10
3	10
4	10
5	10
6	10
7	10
8	10
9	10
10	10
11	10
12	10
13	10
26	10
27	10
28	10
29	10
30	10
31	10
32	10
33	10
34	10
35	10
36	10
37	10
38	10
39	10
40	10
41	10
42	10
43	10
44	10
45	10
46	10
;
param t:
	0	1	2	3	4	5	6	7	8	9	10	11	12	13	14	15	16	17	18	19	20	21	22	23	24	25	26	27	28	29	30	31	32	33	34	35	36	37	38	39	40	41	42	43	44	45	46:=
0	0.0	69.86	75.29	43.86	38.47	16.12	73.59	6.32	60.83	52.35	37.95	22.36	41.23	32.06	71.69	38.47	30.46	59.67	8.49	42.52	32.56	31.11	47.71	53.67	35.44	42.19	16.12	43.86	59.09	26.68	32.56	28.28	24.33	53.85	41.62	42.76	55.57	48.66	25.32	65.12	25.32	65.12	25.71	23.43	28.02	12.04	15.52
1	69.86	0.0	33.53	89.29	87.86	59.09	36.77	73.38	38.21	18.87	32.25	88.2	37.36	81.61	12.17	48.08	40.2	10.2	77.2	107.33	78.41	46.39	97.02	97.41	60.73	49.68	76.97	38.63	99.54	85.09	44.41	88.09	45.61	40.25	34.93	65.39	48.33	68.0	76.01	40.0	76.01	40.0	44.15	53.04	45.0	60.41	54.34
2	75.29	33.53	0.0	76.42	77.28	71.22	4.47	80.72	16.49	42.43	42.19	86.76	34.06	97.65	21.54	70.23	46.86	34.0	83.74	117.46	95.41	44.41	84.38	82.0	50.0	73.38	87.73	31.62	82.22	97.84	42.8	82.87	55.61	68.47	33.94	50.36	76.66	50.0	90.8	14.0	90.8	14.0	53.41	52.43	47.42	63.41	61.52
3	43.86	89.29	76.42	0.0	6.0	57.69	72.69	48.7	60.13	77.82	60.83	30.07	51.92	74.73	84.85	77.9	53.85	80.32	47.54	72.69	75.89	43.86	8.0	10.0	28.64	82.22	58.24	50.99	15.23	67.08	45.69	20.1	55.32	90.69	54.41	26.08	94.76	27.2	68.62	62.51	68.62	62.51	54.82	39.66	47.51	40.46	48.84
4	38.47	87.86	77.28	6.0	0.0	52.8	73.76	43.08	60.83	75.39	58.31	24.08	50.64	68.96	84.21	73.54	50.99	78.59	41.76	66.75	70.23	41.76	10.0	15.23	28.0	77.79	52.5	50.16	20.88	61.19	43.68	14.14	51.61	86.83	52.95	27.2	90.55	29.53	62.97	63.56	62.97	63.56	51.31	36.67	44.78	36.07	44.6
5	16.12	59.09	71.22	57.69	52.8	0.0	70.46	16.12	59.06	40.5	29.73	38.47	38.47	26.83	63.25	22.36	24.41	49.19	20.1	48.37	25.3	31.05	62.48	67.68	42.19	26.08	17.89	42.05	72.72	26.91	31.62	44.05	15.62	37.95	37.74	50.36	39.45	56.32	19.72	63.53	19.72	63.53	17.8	26.02	25.63	18.03	12.04
6	73.59	36.77	4.47	72.69	73.76	70.46	0.0	79.2	13.42	44.05	42.05	84.12	32.56	97.1	25.06	70.88	46.04	36.22	82.07	115.97	95.02	42.52	80.62	78.03	46.82	74.22	86.56	29.73	78.1	96.83	41.04	79.85	54.92	70.11	32.8	46.69	78.23	46.04	90.14	10.2	90.14	10.2	52.7	50.45	46.01	61.62	60.31
7	6.32	73.38	80.72	48.7	43.08	16.12	79.2	0.0	66.6	55.32	42.05	24.08	46.69	26.31	76.03	37.95	34.99	63.25	4.0	36.77	27.2	36.88	51.88	58.31	41.76	41.23	10.0	49.52	63.91	20.4	38.21	31.62	27.86	53.85	46.86	49.03	54.63	54.92	19.92	70.94	19.92	70.94	29.55	29.41	33.3	18.03	19.72
8	60.83	38.21	16.49	60.13	60.83	59.06	13.42	66.6	0.0	39.29	32.56	70.71	20.59	85.88	28.84	62.51	34.93	34.0	69.31	103.32	84.1	29.73	68.12	66.12	33.53	66.27	74.4	17.2	66.75	84.88	28.43	66.48	43.86	64.5	21.54	34.06	72.25	34.23	78.77	4.47	78.77	4.47	41.63	37.48	33.84	48.8	48.26
9	52.35	18.87	42.43	77.82	75.39	40.5	44.05	55.32	39.29	0.0	17.09	72.11	28.28	62.8	26.08	30.0	24.74	10.0	59.23	88.57	59.67	34.0	85.09	86.83	50.48	32.25	58.31	31.24	89.89	66.24	32.25	73.35	28.07	26.08	25.46	56.85	34.23	60.83	57.14	42.76	57.14	42.76	27.0	38.9	30.68	44.1	37.05
10	37.95	32.25	42.19	60.83	58.31	29.73	42.05	42.05	32.56	17.09	0.0	56.04	14.56	55.61	34.0	30.07	8.0	22.09	45.69	77.67	53.25	17.2	68.03	69.97	34.06	34.0	47.2	18.44	73.24	56.64	15.62	56.57	14.42	34.93	12.17	41.04	41.76	45.61	48.92	36.88	48.92	36.88	12.53	21.84	13.6	28.16	22.47
11	22.36	88.2	86.76	30.07	24.08	38.47	84.12	24.08	70.71	72.11	56.04	0.0	54.41	47.41	87.86	60.83	48.04	78.1	21.26	42.76	49.4	43.68	30.59	38.21	38.42	64.5	31.62	55.71	44.18	38.63	45.61	10.0	44.41	76.16	55.79	42.52	77.9	47.2	42.44	74.43	42.44	74.43	45.18	35.9	43.42	28.02	35.51
12	41.23	37.36	34.06	51.92	50.64	38.47	32.56	46.69	20.59	28.28	14.56	54.41	0.0	65.3	34.06	44.05	14.56	28.64	49.68	83.45	63.56	10.77	59.67	60.17	23.41	48.17	54.04	4.0	62.61	64.4	8.94	52.35	23.41	49.4	2.83	28.84	56.32	32.56	58.18	25.06	58.18	25.06	21.19	18.79	13.45	29.41	27.8
13	32.06	81.61	97.65	74.73	68.96	26.83	97.1	26.31	85.88	62.8	55.61	47.41	65.3	0.0	87.73	34.93	51.11	72.47	27.2	30.0	4.0	57.58	77.25	84.12	66.48	35.44	16.49	68.88	89.84	10.0	58.31	56.46	42.19	49.48	64.5	74.24	46.17	80.22	7.28	90.35	7.28	90.35	44.42	51.66	52.39	41.44	38.28
14	71.69	12.17	21.54	84.85	84.21	63.25	25.06	76.03	28.84	26.08	34.0	87.86	34.06	87.73	0.0	56.04	41.23	16.12	79.62	111.52	84.85	44.41	92.78	92.2	56.32	58.31	80.99	34.06	93.68	90.0	42.43	86.37	48.37	50.6	32.25	59.67	58.82	61.35	81.57	29.73	81.57	29.73	46.53	51.97	44.64	61.03	56.36
15	38.47	48.08	70.23	77.9	73.54	22.36	70.88	37.95	62.51	30.0	30.07	60.83	44.05	34.93	56.04	0.0	30.59	40.0	41.76	63.56	31.3	41.76	83.45	87.86	57.27	4.47	36.06	48.04	92.46	40.79	41.23	66.03	24.17	16.12	42.0	65.39	17.2	70.94	30.81	66.75	30.81	66.75	25.63	40.71	35.74	37.48	29.07
16	30.46	40.2	46.86	53.85	50.99	24.41	46.04	34.99	34.93	24.74	8.0	48.04	14.56	51.11	41.23	30.59	0.0	30.07	38.47	71.22	49.19	11.66	60.83	63.25	28.43	34.93	41.04	18.44	66.84	50.99	10.77	48.66	8.94	38.83	13.42	36.06	44.72	41.18	44.1	39.4	44.1	39.4	6.71	14.32	6.4	20.22	15.26
17	59.67	10.2	34.0	80.32	78.59	49.19	36.22	63.25	34.0	10.0	22.09	78.1	28.64	72.47	16.12	40.0	30.07	0.0	67.05	97.53	69.43	36.88	87.93	88.77	52.0	42.19	67.08	30.53	91.24	75.47	34.93	78.23	35.44	34.93	26.0	57.31	43.17	60.46	66.61	36.77	66.61	36.77	33.96	43.19	35.06	50.25	44.15
18	8.49	77.2	83.74	47.54	41.76	20.1	82.07	4.0	69.31	59.23	45.69	21.26	49.68	27.2	79.62	41.76	38.47	67.05	0.0	34.06	28.64	39.6	50.16	56.92	43.08	44.94	10.77	52.35	62.64	20.0	41.04	29.53	31.62	57.72	50.0	50.0	58.31	55.79	21.47	73.59	21.47	73.59	33.24	31.89	36.4	20.52	23.26
19	42.52	107.33	117.46	72.69	66.75	48.37	115.97	36.77	103.32	88.57	77.67	42.76	83.45	30.0	111.52	63.56	71.22	97.53	34.06	0.0	34.0	73.59	72.03	80.1	76.16	64.78	30.53	86.28	86.09	22.8	74.97	52.61	63.25	78.92	83.55	82.29	76.11	87.73	32.76	107.63	32.76	107.63	65.22	65.95	70.04	54.56	56.08
20	32.56	78.41	95.41	75.89	70.23	25.3	95.02	27.2	84.1	59.67	53.25	49.4	63.56	4.0	84.85	31.3	49.19	69.43	28.64	34.0	0.0	56.32	78.79	85.44	66.12	31.62	17.89	67.23	91.08	13.42	56.92	58.14	40.25	45.61	62.61	74.03	42.19	80.02	7.28	88.57	7.28	88.57	42.49	50.8	50.92	41.05	37.11
21	31.11	46.39	44.41	43.86	41.76	31.05	42.52	36.88	29.73	34.0	17.2	43.68	10.77	57.58	44.41	41.76	11.66	36.88	39.6	73.59	56.32	0.0	51.26	52.84	16.97	46.17	44.94	12.81	56.04	55.57	2.0	42.05	18.11	50.48	12.17	24.41	56.36	29.53	50.33	34.06	50.33	34.06	16.28	8.06	6.08	19.1	19.31
22	47.71	97.02	84.38	8.0	10.0	62.48	80.62	51.88	68.12	85.09	68.03	30.59	59.67	77.25	92.78	83.45	60.83	87.93	50.16	72.03	78.79	51.26	0.0	8.25	36.5	87.68	60.93	58.86	14.14	68.96	53.14	20.88	61.61	96.83	62.1	34.06	100.5	34.93	71.59	70.46	71.59	70.46	61.29	46.53	54.56	46.01	54.56
23	53.67	97.41	82.0	10.0	15.23	67.68	78.03	58.31	66.12	86.83	69.97	38.21	60.17	84.12	92.2	87.86	63.25	88.77	56.92	80.1	85.44	52.84	8.25	0.0	36.77	92.2	67.68	58.82	6.0	76.16	54.59	28.28	65.12	100.5	62.77	32.56	104.69	32.0	78.19	68.0	78.19	68.0	64.54	49.2	56.86	50.45	58.8
24	35.44	60.73	50.0	28.64	28.0	42.19	46.82	41.76	33.53	50.48	34.06	38.42	23.41	66.48	56.32	57.27	28.43	52.0	43.08	76.16	66.12	16.97	36.5	36.77	0.0	61.74	51.42	22.36	39.45	62.1	18.44	33.11	33.11	67.2	26.0	8.25	72.72	14.14	59.3	36.77	59.3	36.77	31.76	16.76	22.2	25.08	30.41
25	42.19	49.68	73.38	82.22	77.79	26.08	74.22	41.23	66.27	32.25	34.0	64.5	48.17	35.44	58.31	4.47	34.93	42.19	44.94	64.78	31.62	46.17	87.68	92.2	61.74	0.0	38.47	52.15	96.83	42.19	45.61	70.0	28.64	14.14	46.04	69.86	13.42	75.39	32.14	70.46	32.14	70.46	30.08	45.18	40.16	41.77	33.42
26	16.12	76.97	87.73	58.24	52.5	17.89	86.56	10.0	74.4	58.31	47.2	31.62	54.04	16.49	80.99	36.06	41.04	67.08	10.77	30.53	17.89	44.94	60.93	67.68	51.42	38.47	0.0	57.2	73.38	10.77	46.04	40.25	32.8	52.15	53.81	58.86	51.42	64.78	10.82	78.82	10.82	78.82	34.83	38.01	40.61	26.93	26.25
27	43.86	38.63	31.62	50.99	50.16	42.05	29.73	49.52	17.2	31.24	18.44	55.71	4.0	68.88	34.06	48.04	18.44	30.53	52.35	86.28	67.23	12.81	58.86	58.82	22.36	52.15	57.2	0.0	60.93	67.68	11.31	52.95	27.2	53.14	6.32	26.83	60.17	30.0	61.72	21.63	61.72	21.63	25.0	20.81	16.64	31.89	31.06
28	59.09	99.54	82.22	15.23	20.88	72.72	78.1	63.91	66.75	89.89	73.24	44.18	62.61	89.84	93.68	92.46	66.84	91.24	62.64	86.09	91.08	56.04	14.14	6.0	39.45	96.83	73.38	60.93	0.0	82.0	57.69	34.23	69.31	104.65	65.3	34.18	109.12	32.56	83.82	68.26	83.82	68.26	68.59	53.08	60.44	55.22	63.41
29	26.68	85.09	97.84	67.08	61.19	26.91	96.83	20.4	84.88	66.24	56.64	38.63	64.4	10.0	90.0	40.79	50.99	75.47	20.0	22.8	13.42	55.57	68.96	76.16	62.1	42.19	10.77	67.68	82.0	0.0	56.6	48.08	42.43	56.32	64.03	69.43	54.04	75.31	10.05	89.31	10.05	89.31	44.55	48.75	51.04	37.7	36.62
30	32.56	44.41	42.8	45.69	43.68	31.62	41.04	38.21	28.43	32.25	15.62	45.61	8.94	58.31	42.43	41.23	10.77	34.93	41.04	74.97	56.92	2.0	53.14	54.59	18.44	45.61	46.04	11.31	57.69	56.6	0.0	44.05	18.0	49.4	10.2	25.61	55.46	30.53	51.08	32.8	51.08	32.8	16.03	9.85	6.08	20.62	20.12
31	28.28	88.09	82.87	20.1	14.14	44.05	79.85	31.62	66.48	73.35	56.57	10.0	52.35	56.46	86.37	66.03	48.66	78.23	29.53	52.61	58.14	42.05	20.88	28.28	33.11	70.0	40.25	52.95	34.23	48.08	44.05	0.0	46.82	80.62	54.15	35.61	83.23	39.6	51.0	69.86	51.0	69.86	47.13	35.06	43.19	30.08	38.48
32	24.33	45.61	55.61	55.32	51.61	15.62	54.92	27.86	43.86	28.07	14.42	44.41	23.41	42.19	48.37	24.17	8.94	35.44	31.62	63.25	40.25	18.11	61.61	65.12	33.11	28.64	32.8	27.2	69.31	42.43	18.0	46.82	0.0	35.38	22.36	41.23	40.0	46.82	35.23	48.33	35.23	48.33	2.24	16.64	12.04	16.76	9.0
33	53.85	40.25	68.47	90.69	86.83	37.95	70.11	53.85	64.5	26.08	34.93	76.16	49.4	49.48	50.6	16.12	38.83	34.93	57.72	78.92	45.61	50.48	96.83	100.5	67.2	14.14	52.15	53.14	104.65	56.32	49.4	80.62	35.38	0.0	46.82	74.89	8.25	79.92	46.27	68.26	46.27	68.26	36.07	51.66	45.0	51.04	42.44
34	41.62	34.93	33.94	54.41	52.95	37.74	32.8	46.86	21.54	25.46	12.17	55.79	2.83	64.5	32.25	42.0	13.42	26.0	50.0	83.55	62.61	12.17	62.1	62.77	26.0	46.04	53.81	6.32	65.3	64.03	10.2	54.15	22.36	46.82	0.0	31.62	53.85	35.38	57.45	26.0	57.45	26.0	20.12	19.92	13.6	30.02	27.59
35	42.76	65.39	50.36	26.08	27.2	50.36	46.69	49.03	34.06	56.85	41.04	42.52	28.84	74.24	59.67	65.39	36.06	57.31	50.0	82.29	74.03	24.41	34.06	32.56	8.25	69.86	58.86	26.83	34.18	69.43	25.61	35.61	41.23	74.89	31.62	0.0	80.62	6.0	67.12	36.5	67.12	36.5	39.81	25.0	30.02	33.0	38.64
36	55.57	48.33	76.66	94.76	90.55	39.45	78.23	54.63	72.25	34.23	41.76	77.9	56.32	46.17	58.82	17.2	44.72	43.17	58.31	76.11	42.19	56.36	100.5	104.69	72.72	13.42	51.42	60.17	109.12	54.04	55.46	83.23	40.0	8.25	53.85	80.62	0.0	85.88	44.1	76.11	44.1	76.11	41.05	56.61	50.61	54.49	45.97
37	48.66	68.0	50.0	27.2	29.53	56.32	46.04	54.92	34.23	60.83	45.61	47.2	32.56	80.22	61.35	70.94	41.18	60.46	55.79	87.73	80.02	29.53	34.93	32.0	14.14	75.39	64.78	30.0	32.56	75.31	30.53	39.6	46.82	79.92	35.38	6.0	85.88	0.0	73.11	36.0	73.11	36.0	45.31	30.81	35.34	39.0	44.55
38	25.32	76.01	90.8	68.62	62.97	19.72	90.14	19.92	78.77	57.14	48.92	42.44	58.18	7.28	81.57	30.81	44.1	66.61	21.47	32.76	7.28	50.33	71.59	78.19	59.3	32.14	10.82	61.72	83.82	10.05	51.08	51.0	35.23	46.27	57.45	67.12	44.1	73.11	0.0	83.24	0.0	83.24	37.44	44.38	45.19	34.23	31.02
39	65.12	40.0	14.0	62.51	63.56	63.53	10.2	70.94	4.47	42.76	36.88	74.43	25.06	90.35	29.73	66.75	39.4	36.77	73.59	107.63	88.57	34.06	70.46	68.0	36.77	70.46	78.82	21.63	68.26	89.31	32.8	69.86	48.33	68.26	26.0	36.5	76.11	36.0	83.24	0.0	83.24	0.0	46.1	41.73	38.28	53.08	52.7
40	25.32	76.01	90.8	68.62	62.97	19.72	90.14	19.92	78.77	57.14	48.92	42.44	58.18	7.28	81.57	30.81	44.1	66.61	21.47	32.76	7.28	50.33	71.59	78.19	59.3	32.14	10.82	61.72	83.82	10.05	51.08	51.0	35.23	46.27	57.45	67.12	44.1	73.11	0.0	83.24	0.0	83.24	37.44	44.38	45.19	34.23	31.02
41	65.12	40.0	14.0	62.51	63.56	63.53	10.2	70.94	4.47	42.76	36.88	74.43	25.06	90.35	29.73	66.75	39.4	36.77	73.59	107.63	88.57	34.06	70.46	68.0	36.77	70.46	78.82	21.63	68.26	89.31	32.8	69.86	48.33	68.26	26.0	36.5	76.11	36.0	83.24	0.0	83.24	0.0	46.1	41.73	38.28	53.08	52.7
42	25.71	44.15	53.41	54.82	51.31	17.8	52.7	29.55	41.63	27.0	12.53	45.18	21.19	44.42	46.53	25.63	6.71	33.96	33.24	65.22	42.49	16.28	61.29	64.54	31.76	30.08	34.83	25.0	68.59	44.55	16.03	47.13	2.24	36.07	20.12	39.81	41.05	45.31	37.44	46.1	37.44	46.1	0.0	15.62	10.2	17.26	10.2
43	23.43	53.04	52.43	39.66	36.67	26.02	50.45	29.41	37.48	38.9	21.84	35.9	18.79	51.66	51.97	40.71	14.32	43.19	31.89	65.95	50.8	8.06	46.53	49.2	16.76	45.18	38.01	20.81	53.08	48.75	9.85	35.06	16.64	51.66	19.92	25.0	56.61	30.81	44.38	41.73	44.38	41.73	15.62	0.0	8.25	11.4	14.0
44	28.02	45.0	47.42	47.51	44.78	25.63	46.01	33.3	33.84	30.68	13.6	43.42	13.45	52.39	44.64	35.74	6.4	35.06	36.4	70.04	50.92	6.08	54.56	56.86	22.2	40.16	40.61	16.64	60.44	51.04	6.08	43.19	12.04	45.0	13.6	30.02	50.61	35.34	45.19	38.28	45.19	38.28	10.2	8.25	0.0	16.55	14.42
45	12.04	60.41	63.41	40.46	36.07	18.03	61.62	18.03	48.8	44.1	28.16	28.02	29.41	41.44	61.03	37.48	20.22	50.25	20.52	54.56	41.05	19.1	46.01	50.45	25.08	41.77	26.93	31.89	55.22	37.7	20.62	30.08	16.76	51.04	30.02	33.0	54.49	39.0	34.23	53.08	34.23	53.08	17.26	11.4	16.55	0.0	8.6
46	15.52	54.34	61.52	48.84	44.6	12.04	60.31	19.72	48.26	37.05	22.47	35.51	27.8	38.28	56.36	29.07	15.26	44.15	23.26	56.08	37.11	19.31	54.56	58.8	30.41	33.42	26.25	31.06	63.41	36.62	20.12	38.48	9.0	42.44	27.59	38.64	45.97	44.55	31.02	52.7	31.02	52.7	10.2	14.0	14.42	8.6	0.0
;
