vehicles
vehicle_idx, capacity, cost_per_unit_distance
1,100,3
2,100,3
3,100,3
4,100,3
5,100,3
6,100,3
depot
node_idx,x,y
0,86,22
home delivery customers
node_idx,x,y,service_time,demand
1,4,50,10,23
2,25,13,10,23
3,67,37,10,5
4,84,38,10,12
5,42,76,10,19
6,25,94,10,2
7,75,24,10,13
8,21,54,10,19
9,57,82,10,26
10,47,38,10,21
11,16,36,10,8
12,84,2,10,21
self pickup customers
node_idx,x,y,service_time,demand,locker_idxs
13,29,17,10,1,38
14,34,3,10,20,38
15,87,38,10,17,39
16,54,39,10,14,46
17,66,34,10,8,44-45-48-47-42
18,46,39,10,10,44
19,47,17,10,5,44-38
20,1,82,10,9,40
21,94,28,10,18,39-42
22,41,59,10,20,43
23,100,77,10,8,41
24,68,89,10,21,37-41
flexible customers
node_idx,x,y,service_time,demand,locker_idxs
25,13,7,10,7,38
26,62,15,10,18,42
27,19,45,10,19,46-44
28,40,86,10,16,40-37
29,63,57,10,26,46-43-47-44-48-45
30,61,85,10,19,37-41
31,19,83,10,12,40
32,82,72,10,4,41-37
33,1,57,10,3,40
34,96,7,10,18,39-42
35,51,38,10,19,46-44-47-48-45-43
36,83,74,10,66,41-37
lockers
node_idx,x,y,service_time,capacity,cost_per_unit_good
37,65,88,10,83
38,25,15,10,70
39,93,12,10,70
40,22,88,10,71
41,77,88,10,75
42,72,14,10,94
43,51,56,10,97
44,45,39,10,78
45,55,44,10,83
46,39,47,10,70
47,48,48,10,89
48,52,48,10,82
mrt lines
start_node_idx,end_node_idx,freight_capacity,cost_per_unit_good
37,38,83,0.1
38,37,83,0.1
39,40,71,0.1
40,39,71,0.1
distance matrix
,0,1,2,3,4,5,6,7,8,9,10,11,12,13,14,15,16,17,18,19,20,21,22,23,24,25,26,27,28,29,30,31,32,33,34,35,36,37,38,39,40,41,42,43,44,45,46,47,48,
0,0.0,86.65,61.66,24.21,16.12,69.66,94.37,11.18,72.45,66.64,42.15,71.39,20.1,57.22,55.36,16.03,36.24,23.32,43.46,39.32,104.04,10.0,58.26,56.75,69.38,74.53,25.0,70.84,78.82,41.88,67.78,90.61,50.16,91.92,18.03,38.48,52.09,69.26,61.4,12.21,91.93,66.61,16.12,48.8,44.38,38.01,53.24,46.04,42.8
1,86.65,0.0,42.54,64.33,80.89,46.04,48.75,75.61,17.46,61.91,44.64,18.44,93.3,41.4,55.76,83.86,51.2,64.03,43.42,54.2,32.14,92.65,38.08,99.72,74.95,43.93,67.74,15.81,50.91,59.41,66.89,36.25,81.04,7.62,101.55,48.51,82.57,71.87,40.82,96.77,42.05,82.3,76.94,47.38,42.45,51.35,35.13,44.05,48.04
2,61.66,42.54,0.0,48.37,64.08,65.25,81.0,51.2,41.19,76.06,33.3,24.7,60.02,5.66,13.45,66.85,38.95,46.07,33.42,22.36,73.05,70.61,48.7,98.6,87.32,13.42,37.05,32.56,74.53,58.14,80.5,70.26,82.04,50.12,71.25,36.07,84.17,85.0,2.0,68.01,75.06,91.26,47.01,50.25,32.8,43.14,36.77,41.88,44.2
3,24.21,64.33,48.37,0.0,17.03,46.32,70.8,15.26,49.04,46.1,20.02,51.01,38.91,42.94,47.38,20.02,13.15,3.16,21.1,28.28,79.88,28.46,34.06,51.86,52.01,61.77,22.56,48.66,55.95,20.4,48.37,66.48,38.08,68.96,41.73,16.03,40.31,51.04,47.41,36.07,68.01,51.97,23.54,24.84,22.09,13.89,29.73,21.95,18.6
4,16.12,80.89,64.08,17.03,0.0,56.64,81.34,16.64,65.0,51.62,37.0,68.03,36.0,58.87,61.03,3.0,30.02,18.44,38.01,42.54,93.94,14.14,47.85,42.15,53.45,77.47,31.83,65.38,65.12,28.32,52.33,79.06,34.06,85.15,33.24,33.0,36.01,53.49,63.32,27.51,79.65,50.49,26.83,37.59,39.01,29.61,45.89,37.36,33.53
5,69.66,46.04,65.25,46.32,56.64,0.0,24.76,61.59,30.41,16.16,38.33,47.71,85.09,60.42,73.44,58.9,38.9,48.37,37.22,59.21,41.44,70.77,17.03,58.01,29.07,74.85,64.2,38.6,10.2,28.32,21.02,24.04,40.2,45.19,87.62,39.05,41.05,25.94,63.32,81.84,23.32,37.0,68.88,21.93,37.12,34.54,29.15,28.64,29.73
6,94.37,48.75,81.0,70.8,81.34,24.76,0.0,86.02,40.2,34.18,60.17,58.69,109.29,77.1,91.44,83.55,62.18,72.67,58.87,80.08,26.83,95.48,38.48,76.9,43.29,87.82,87.24,49.37,17.0,53.04,37.11,12.53,61.1,44.1,112.29,61.74,61.35,40.45,79.0,106.53,6.71,52.35,92.78,46.04,58.52,58.31,49.04,51.43,53.34
7,11.18,75.61,51.2,15.26,16.64,61.59,86.02,0.0,61.77,60.73,31.3,60.21,23.77,46.53,46.07,18.44,25.81,13.45,32.65,28.86,94.02,19.42,48.8,58.6,65.38,64.29,15.81,59.81,71.2,35.11,62.59,81.34,48.51,81.02,27.02,27.78,50.64,64.78,50.8,21.63,83.1,64.03,10.44,40.0,33.54,28.28,42.72,36.12,33.24
8,72.45,17.46,41.19,49.04,65.0,30.41,40.2,61.77,0.0,45.61,30.53,18.68,81.69,37.85,52.63,67.91,36.25,49.24,29.15,45.22,34.41,77.49,20.62,82.28,58.6,47.68,56.59,9.22,37.22,42.11,50.61,29.07,63.6,20.22,88.51,34.0,65.15,55.61,39.2,83.35,34.01,65.51,64.82,30.07,28.3,35.44,19.31,27.66,31.58
9,66.64,61.91,76.06,46.1,51.62,16.16,34.18,60.73,45.61,0.0,45.12,61.62,84.43,70.77,82.28,53.25,43.1,48.84,44.38,65.76,56.0,65.46,28.02,43.29,13.04,86.95,67.19,53.04,17.46,25.71,5.0,38.01,26.93,61.33,84.53,44.41,27.2,10.0,74.25,78.71,35.51,20.88,69.63,26.68,44.64,38.05,39.36,35.17,34.37
10,42.15,44.64,33.3,20.02,37.0,38.33,60.17,31.3,30.53,45.12,0.0,31.06,51.62,27.66,37.34,40.0,7.07,19.42,1.41,21.0,63.66,48.05,21.84,65.8,55.15,46.01,27.46,28.86,48.51,24.84,49.04,53.0,48.8,49.77,57.98,4.0,50.91,53.14,31.83,52.84,55.9,58.31,34.66,18.44,2.24,10.0,12.04,10.05,11.18
11,71.39,18.44,24.7,51.01,68.03,47.71,58.69,60.21,18.68,61.62,31.06,0.0,76.03,23.02,37.59,71.03,38.12,50.04,30.15,36.36,48.38,78.41,33.97,93.47,74.25,29.15,50.57,9.49,55.46,51.48,66.53,47.1,75.18,25.81,85.09,35.06,77.03,71.45,22.85,80.65,52.35,80.16,60.17,40.31,29.15,39.81,25.5,34.18,37.95
12,20.1,93.3,60.02,38.91,36.0,85.09,109.29,23.77,81.69,84.43,51.62,76.03,0.0,57.01,50.01,36.12,47.63,36.72,53.04,39.92,115.28,27.86,71.4,76.69,88.46,71.18,25.55,77.94,94.83,58.87,86.13,103.86,70.03,99.57,13.0,48.84,72.01,88.07,60.42,13.45,106.02,86.28,16.97,63.29,53.76,51.04,63.64,58.41,56.04
13,57.22,41.4,5.66,42.94,58.87,60.42,77.1,46.53,37.85,70.77,27.66,23.02,57.01,0.0,14.87,61.68,33.3,40.72,27.8,18.0,70.77,65.92,43.68,92.96,81.88,18.87,33.06,29.73,69.87,52.5,75.15,66.75,76.38,48.83,67.74,30.41,78.52,79.61,4.47,64.2,71.34,85.7,43.1,44.78,27.2,37.48,31.62,36.36,38.6
14,55.36,55.76,13.45,47.38,61.03,73.44,91.44,46.07,52.63,82.28,37.34,37.59,50.01,14.87,0.0,63.51,41.18,44.55,37.95,19.1,85.62,65.0,56.44,99.16,92.48,21.38,30.46,44.6,83.22,61.29,86.33,81.39,84.05,63.29,62.13,38.91,86.27,90.48,15.0,59.68,85.84,95.26,39.56,55.66,37.64,46.07,44.28,47.13,48.47
15,16.03,83.86,66.85,20.02,3.0,58.9,83.55,18.44,67.91,53.25,40.0,71.03,36.12,61.68,63.51,0.0,33.02,21.38,41.01,45.18,96.6,12.21,50.57,41.11,54.42,80.23,33.97,68.36,67.18,30.61,53.71,81.54,34.37,88.07,32.28,36.0,36.22,54.63,66.13,26.68,82.01,50.99,28.3,40.25,42.01,32.56,48.84,40.26,36.4
16,36.24,51.2,38.95,13.15,30.02,38.9,62.18,25.81,36.25,43.1,7.07,38.12,47.63,33.3,41.18,33.02,0.0,13.0,8.0,23.09,68.25,41.48,23.85,59.67,51.92,52.01,25.3,35.51,49.04,20.12,46.53,56.22,43.28,55.97,52.8,3.16,45.45,50.22,37.64,47.43,58.52,54.13,30.81,17.26,9.0,5.1,17.0,10.82,9.22
17,23.32,64.03,46.07,3.16,18.44,48.37,72.67,13.45,49.24,48.84,19.42,50.04,36.72,40.72,44.55,21.38,13.0,0.0,20.62,25.5,80.8,28.64,35.36,54.82,55.04,59.48,19.42,48.27,58.14,23.19,51.24,67.9,41.23,68.95,40.36,15.52,43.46,54.01,45.19,34.83,69.66,55.11,20.88,26.63,21.59,14.87,29.97,22.8,19.8
18,43.46,43.42,33.42,21.1,38.01,37.22,58.87,32.65,29.15,44.38,1.41,30.15,53.04,27.8,37.95,41.01,8.0,20.62,0.0,22.02,62.24,49.24,20.62,66.03,54.63,45.97,28.84,27.66,47.38,24.76,48.38,51.62,48.84,48.47,59.36,5.1,50.93,52.55,31.89,54.2,54.56,57.98,36.07,17.72,1.0,10.3,10.63,9.22,10.82
19,39.32,54.2,22.36,28.28,42.54,59.21,80.08,28.86,45.22,65.76,21.0,36.36,39.92,18.0,19.1,45.18,23.09,25.5,22.02,0.0,79.63,48.27,42.43,80.06,75.0,35.44,15.13,39.6,69.35,43.08,69.43,71.69,65.19,60.96,50.01,21.38,67.42,73.25,22.09,46.27,75.27,77.08,25.18,39.2,22.09,28.16,31.05,31.02,31.4
20,104.04,32.14,73.05,79.88,93.94,41.44,26.83,94.02,34.41,56.0,63.66,48.38,115.28,70.77,85.62,96.6,68.25,80.8,62.24,79.63,0.0,107.54,46.14,99.13,67.36,75.95,90.61,41.15,39.2,66.85,60.07,18.03,81.61,25.0,121.04,66.6,82.39,64.28,71.17,115.6,21.84,76.24,98.31,56.36,61.52,66.03,51.66,58.01,61.29
21,10.0,92.65,70.61,28.46,14.14,70.77,95.48,19.42,77.49,65.46,48.05,78.41,27.86,65.92,65.0,12.21,41.48,28.64,49.24,48.27,107.54,0.0,61.4,49.37,66.31,83.68,34.54,76.9,79.25,42.45,65.86,93.01,45.61,97.42,21.1,44.15,47.3,66.64,70.21,16.03,93.72,62.36,26.08,51.31,50.22,42.15,58.19,50.16,46.52
22,58.26,38.08,48.7,34.06,47.85,17.03,38.48,48.8,20.62,28.02,21.84,33.97,71.4,43.68,56.44,50.57,23.85,35.36,20.62,42.43,46.14,61.4,0.0,61.68,40.36,59.06,48.75,26.08,27.02,22.09,32.8,32.56,43.01,40.05,75.69,23.26,44.6,37.64,46.82,70.09,34.67,46.23,54.64,10.44,20.4,20.52,12.17,13.04,15.56
23,56.75,99.72,98.6,51.86,42.15,58.01,76.9,58.6,82.28,43.29,65.8,93.47,76.69,92.96,99.16,41.11,59.67,54.82,66.03,80.06,99.13,49.37,61.68,0.0,34.18,111.66,72.72,87.09,60.67,42.06,39.81,81.22,18.68,101.0,70.11,62.63,17.26,36.69,97.31,65.38,78.77,25.5,68.94,53.31,66.85,55.8,67.98,59.54,56.08
24,69.38,74.95,87.32,52.01,53.45,29.07,43.29,65.38,58.6,13.04,55.15,74.25,88.46,81.88,92.48,54.42,51.92,55.04,54.63,75.0,67.36,66.31,40.36,34.18,0.0,98.74,74.24,65.86,28.16,32.39,8.06,49.37,22.02,74.25,86.65,53.76,21.21,3.16,85.59,80.96,46.01,9.06,75.11,37.12,55.04,46.84,51.04,45.62,44.01
25,74.53,43.93,13.42,61.77,77.47,74.85,87.82,64.29,47.68,86.95,46.01,29.15,71.18,18.87,21.38,80.23,52.01,59.48,45.97,35.44,75.95,83.68,59.06,111.66,98.74,0.0,49.65,38.47,83.49,70.71,91.59,76.24,94.79,51.42,83.0,49.04,96.9,96.25,14.42,80.16,81.5,103.23,59.41,62.01,45.25,55.97,47.71,53.91,56.59
26,25.0,67.74,37.05,22.56,31.83,64.2,87.24,15.81,56.59,67.19,27.46,50.57,25.55,33.06,30.46,33.97,25.3,19.42,28.84,15.13,90.61,34.54,48.75,72.72,74.24,49.65,0.0,52.43,74.33,42.01,70.01,80.45,60.41,74.06,34.93,25.5,62.63,73.06,37.0,31.14,83.24,74.53,10.05,42.45,29.41,29.83,39.41,35.85,34.48
27,70.84,15.81,32.56,48.66,65.38,38.6,49.37,59.81,9.22,53.04,28.86,9.49,77.94,29.73,44.6,68.36,35.51,48.27,27.66,39.6,41.15,76.9,26.08,87.09,65.86,38.47,52.43,0.0,46.07,45.61,58.0,38.0,68.54,21.63,85.87,32.76,70.26,62.97,30.59,81.02,43.1,72.2,61.4,33.84,26.68,36.01,20.1,29.15,33.14
28,78.82,50.91,74.53,55.95,65.12,10.2,17.0,71.2,37.22,17.46,48.51,55.46,94.83,69.87,83.22,67.18,49.04,58.14,47.38,69.35,39.2,79.25,27.02,60.67,28.16,83.49,74.33,46.07,0.0,37.01,21.02,21.21,44.27,48.6,96.83,49.24,44.64,25.08,72.57,91.02,18.11,37.05,78.79,31.95,47.27,44.6,39.01,38.83,39.85
29,41.88,59.41,58.14,20.4,28.32,28.32,53.04,35.11,42.11,25.71,24.84,51.48,58.87,52.5,61.29,30.61,20.12,23.19,24.76,43.08,66.85,42.45,22.09,42.06,32.39,70.71,42.01,45.61,37.01,0.0,28.07,51.11,24.21,62.0,59.91,22.47,26.25,31.06,56.64,54.08,51.4,34.01,43.93,12.04,25.46,15.26,26.0,17.49,14.21
30,67.78,66.89,80.5,48.37,52.33,21.02,37.11,62.59,50.61,5.0,49.04,66.53,86.13,75.15,86.33,53.71,46.53,51.24,48.38,69.43,60.07,65.86,32.8,39.81,8.06,91.59,70.01,58.0,21.02,28.07,0.0,42.05,24.7,66.21,85.49,48.05,24.6,5.0,78.71,79.71,39.12,16.28,71.85,30.68,48.7,41.44,43.91,39.22,38.08
31,90.61,36.25,70.26,66.48,79.06,24.04,12.53,81.34,29.07,38.01,53.0,47.1,103.86,66.75,81.39,81.54,56.22,67.9,51.62,71.69,18.03,93.01,32.56,81.22,49.37,76.24,80.45,38.0,21.21,51.11,42.05,0.0,63.95,31.62,108.19,55.22,64.63,46.27,68.26,102.55,5.83,58.22,87.01,41.87,51.11,53.08,41.18,45.45,48.1
32,50.16,81.04,82.04,38.08,34.06,40.2,61.1,48.51,63.6,26.93,48.8,75.18,70.03,76.38,84.05,34.37,43.28,41.23,48.84,65.19,81.61,45.61,43.01,18.68,22.02,94.79,60.41,68.54,44.27,24.21,24.7,63.95,0.0,82.38,66.49,46.01,2.24,23.35,80.61,61.0,62.1,16.76,58.86,34.89,49.58,38.9,49.74,41.62,38.42
33,91.92,7.62,50.12,68.96,85.15,45.19,44.1,81.02,20.22,61.33,49.77,25.81,99.57,48.83,63.29,88.07,55.97,68.95,48.47,60.96,25.0,97.42,40.05,101.0,74.25,51.42,74.06,21.63,48.6,62.0,66.21,31.62,82.38,0.0,107.35,53.49,83.74,71.11,48.37,102.42,37.44,82.08,83.01,50.01,47.54,55.54,39.29,47.85,51.79
34,18.03,101.55,71.25,41.73,33.24,87.62,112.29,27.02,88.51,84.53,57.98,85.09,13.0,67.74,62.13,32.28,52.8,40.36,59.36,50.01,121.04,21.1,75.69,70.11,86.65,83.0,34.93,85.87,96.83,59.91,85.49,108.19,66.49,107.35,0.0,54.64,68.25,86.73,71.45,5.83,109.71,83.2,25.0,66.53,60.21,55.23,69.63,63.13,60.14
35,38.48,48.51,36.07,16.03,33.0,39.05,61.74,27.78,34.0,44.41,4.0,35.06,48.84,30.41,38.91,36.0,3.16,15.52,5.1,21.38,66.6,44.15,23.26,62.63,53.76,49.04,25.5,32.76,49.24,22.47,48.05,55.22,46.01,53.49,54.64,0.0,48.17,51.92,34.71,49.4,57.8,56.36,31.89,18.0,6.08,7.21,15.0,10.44,10.05
36,52.09,82.57,84.17,40.31,36.01,41.05,61.35,50.64,65.15,27.2,50.91,77.03,72.01,78.52,86.27,36.22,45.45,43.46,50.93,67.42,82.39,47.3,44.6,17.26,21.21,96.9,62.63,70.26,44.64,26.25,24.6,64.63,2.24,83.74,68.25,48.17,0.0,22.8,82.73,62.8,62.59,15.23,61.0,36.72,51.66,41.04,51.62,43.6,40.46
37,69.26,71.87,85.0,51.04,53.49,25.94,40.45,64.78,55.61,10.0,53.14,71.45,88.07,79.61,90.48,54.63,50.22,54.01,52.55,73.25,64.28,66.64,37.64,36.69,3.16,96.25,73.06,62.97,25.08,31.06,5.0,46.27,23.35,71.11,86.73,51.92,22.8,0.0,83.24,80.99,43.0,12.0,74.33,34.93,52.92,45.12,48.55,43.46,42.06
38,61.4,40.82,2.0,47.41,63.32,63.32,79.0,50.8,39.2,74.25,31.83,22.85,60.42,4.47,15.0,66.13,37.64,45.19,31.89,22.09,71.17,70.21,46.82,97.31,85.59,14.42,37.0,30.59,72.57,56.64,78.71,68.26,80.61,48.37,71.45,34.71,82.73,83.24,0.0,68.07,73.06,89.63,47.01,48.55,31.24,41.73,34.93,40.22,42.64
39,12.21,96.77,68.01,36.07,27.51,81.84,106.53,21.63,83.35,78.71,52.84,80.65,13.45,64.2,59.68,26.68,47.43,34.83,54.2,46.27,115.6,16.03,70.09,65.38,80.96,80.16,31.14,81.02,91.02,54.08,79.71,102.55,61.0,102.42,5.83,49.4,62.8,80.99,68.07,0.0,104.0,77.67,21.1,60.83,55.07,49.68,64.35,57.63,54.56
40,91.93,42.05,75.06,68.01,79.65,23.32,6.71,83.1,34.01,35.51,55.9,52.35,106.02,71.34,85.84,82.01,58.52,69.66,54.56,75.27,21.84,93.72,34.67,78.77,46.01,81.5,83.24,43.1,18.11,51.4,39.12,5.83,62.1,37.44,109.71,57.8,62.59,43.0,73.06,104.0,0.0,55.0,89.31,43.19,54.13,55.0,44.38,47.71,50.0
41,66.61,82.3,91.26,51.97,50.49,37.0,52.35,64.03,65.51,20.88,58.31,80.16,86.28,85.7,95.26,50.99,54.13,55.11,57.98,77.08,76.24,62.36,46.23,25.5,9.06,103.23,74.53,72.2,37.05,34.01,16.28,58.22,16.76,82.08,83.2,56.36,15.23,12.0,89.63,77.67,55.0,0.0,74.17,41.23,58.52,49.19,55.9,49.41,47.17
42,16.12,76.94,47.01,23.54,26.83,68.88,92.78,10.44,64.82,69.63,34.66,60.17,16.97,43.1,39.56,28.3,30.81,20.88,36.07,25.18,98.31,26.08,54.64,68.94,75.11,59.41,10.05,61.4,78.79,43.93,71.85,87.01,58.86,83.01,25.0,31.89,61.0,74.33,47.01,21.1,89.31,74.17,0.0,46.96,36.8,34.48,46.67,41.62,39.45
43,48.8,47.38,50.25,24.84,37.59,21.93,46.04,40.0,30.07,26.68,18.44,40.31,63.29,44.78,55.66,40.25,17.26,26.63,17.72,39.2,56.36,51.31,10.44,53.31,37.12,62.01,42.45,33.84,31.95,12.04,30.68,41.87,34.89,50.01,66.53,18.0,36.72,34.93,48.55,60.83,43.19,41.23,46.96,0.0,18.03,12.65,15.0,8.54,8.06
44,44.38,42.45,32.8,22.09,39.01,37.12,58.52,33.54,28.3,44.64,2.24,29.15,53.76,27.2,37.64,42.01,9.0,21.59,1.0,22.09,61.52,50.22,20.4,66.85,55.04,45.25,29.41,26.68,47.27,25.46,48.7,51.11,49.58,47.54,60.21,6.08,51.66,52.92,31.24,55.07,54.13,58.52,36.8,18.03,0.0,11.18,10.0,9.49,11.4
45,38.01,51.35,43.14,13.89,29.61,34.54,58.31,28.28,35.44,38.05,10.0,39.81,51.04,37.48,46.07,32.56,5.1,14.87,10.3,28.16,66.03,42.15,20.52,55.8,46.84,55.97,29.83,36.01,44.6,15.26,41.44,53.08,38.9,55.54,55.23,7.21,41.04,45.12,41.73,49.68,55.0,49.19,34.48,12.65,11.18,0.0,16.28,8.06,5.0
46,53.24,35.13,36.77,29.73,45.89,29.15,49.04,42.72,19.31,39.36,12.04,25.5,63.64,31.62,44.28,48.84,17.0,29.97,10.63,31.05,51.66,58.19,12.17,67.98,51.04,47.71,39.41,20.1,39.01,26.0,43.91,41.18,49.74,39.29,69.63,15.0,51.62,48.55,34.93,64.35,44.38,55.9,46.67,15.0,10.0,16.28,0.0,9.06,13.04
47,46.04,44.05,41.88,21.95,37.36,28.64,51.43,36.12,27.66,35.17,10.05,34.18,58.41,36.36,47.13,40.26,10.82,22.8,9.22,31.02,58.01,50.16,13.04,59.54,45.62,53.91,35.85,29.15,38.83,17.49,39.22,45.45,41.62,47.85,63.13,10.44,43.6,43.46,40.22,57.63,47.71,49.41,41.62,8.54,9.49,8.06,9.06,0.0,4.0
48,42.8,48.04,44.2,18.6,33.53,29.73,53.34,33.24,31.58,34.37,11.18,37.95,56.04,38.6,48.47,36.4,9.22,19.8,10.82,31.4,61.29,46.52,15.56,56.08,44.01,56.59,34.48,33.14,39.85,14.21,38.08,48.1,38.42,51.79,60.14,10.05,40.46,42.06,42.64,54.56,50.0,47.17,39.45,8.06,11.4,5.0,13.04,4.0,0.0
