set K:= 1	2	3	4	5;
set C_H:= 1	2	3	4	5	6	7	8	9	10	11;
set C_S:= 12	13	14	15	16	17	18	19	20	21	22;
set C_F:= 23	24	25	26	27	28	29	30	31	32	33;
set M:= 34	35	36	37	38	39;
set L_B:= 40	41	42	43	44;
set A1:=
(0,*) 1 2 3 4 5 6 7 8 9 10 11 23 24 25 26 27 28 29 30 31 32 33 34 35 36 37 38 39 40 41 42 43 44 45
(1,*) 0 2 3 4 5 6 7 8 9 10 11 23 24 25 26 27 28 29 30 31 32 33 34 35 36 37 38 39 40 41 42 43 44 45
(2,*) 0 1 3 4 5 6 7 8 9 10 11 23 24 25 26 27 28 29 30 31 32 33 34 35 36 37 38 39 40 41 42 43 44 45
(3,*) 0 1 2 4 5 6 7 8 9 10 11 23 24 25 26 27 28 29 30 31 32 33 34 35 36 37 38 39 40 41 42 43 44 45
(4,*) 0 1 2 3 5 6 7 8 9 10 11 23 24 25 26 27 28 29 30 31 32 33 34 35 36 37 38 39 40 41 42 43 44 45
(5,*) 0 1 2 3 4 6 7 8 9 10 11 23 24 25 26 27 28 29 30 31 32 33 34 35 36 37 38 39 40 41 42 43 44 45
(6,*) 0 1 2 3 4 5 7 8 9 10 11 23 24 25 26 27 28 29 30 31 32 33 34 35 36 37 38 39 40 41 42 43 44 45
(7,*) 0 1 2 3 4 5 6 8 9 10 11 23 24 25 26 27 28 29 30 31 32 33 34 35 36 37 38 39 40 41 42 43 44 45
(8,*) 0 1 2 3 4 5 6 7 9 10 11 23 24 25 26 27 28 29 30 31 32 33 34 35 36 37 38 39 40 41 42 43 44 45
(9,*) 0 1 2 3 4 5 6 7 8 10 11 23 24 25 26 27 28 29 30 31 32 33 34 35 36 37 38 39 40 41 42 43 44 45
(10,*) 0 1 2 3 4 5 6 7 8 9 11 23 24 25 26 27 28 29 30 31 32 33 34 35 36 37 38 39 40 41 42 43 44 45
(11,*) 0 1 2 3 4 5 6 7 8 9 10 23 24 25 26 27 28 29 30 31 32 33 34 35 36 37 38 39 40 41 42 43 44 45
(23,*) 0 1 2 3 4 5 6 7 8 9 10 11 24 25 26 27 28 29 30 31 32 33 34 35 36 37 38 39 40 41 42 43 44 45
(24,*) 0 1 2 3 4 5 6 7 8 9 10 11 23 25 26 27 28 29 30 31 32 33 34 35 36 37 38 39 40 41 42 43 44 45
(25,*) 0 1 2 3 4 5 6 7 8 9 10 11 23 24 26 27 28 29 30 31 32 33 34 35 36 37 38 39 40 41 42 43 44 45
(26,*) 0 1 2 3 4 5 6 7 8 9 10 11 23 24 25 27 28 29 30 31 32 33 34 35 36 37 38 39 40 41 42 43 44 45
(27,*) 0 1 2 3 4 5 6 7 8 9 10 11 23 24 25 26 28 29 30 31 32 33 34 35 36 37 38 39 40 41 42 43 44 45
(28,*) 0 1 2 3 4 5 6 7 8 9 10 11 23 24 25 26 27 29 30 31 32 33 34 35 36 37 38 39 40 41 42 43 44 45
(29,*) 0 1 2 3 4 5 6 7 8 9 10 11 23 24 25 26 27 28 30 31 32 33 34 35 36 37 38 39 40 41 42 43 44 45
(30,*) 0 1 2 3 4 5 6 7 8 9 10 11 23 24 25 26 27 28 29 31 32 33 34 35 36 37 38 39 40 41 42 43 44 45
(31,*) 0 1 2 3 4 5 6 7 8 9 10 11 23 24 25 26 27 28 29 30 32 33 34 35 36 37 38 39 40 41 42 43 44 45
(32,*) 0 1 2 3 4 5 6 7 8 9 10 11 23 24 25 26 27 28 29 30 31 33 34 35 36 37 38 39 40 41 42 43 44 45
(33,*) 0 1 2 3 4 5 6 7 8 9 10 11 23 24 25 26 27 28 29 30 31 32 34 35 36 37 38 39 40 41 42 43 44 45
(34,*) 0 1 2 3 4 5 6 7 8 9 10 11 23 24 25 26 27 28 29 30 31 32 33 35 36 37 38 39 40 41 42 43 44 45
(35,*) 0 1 2 3 4 5 6 7 8 9 10 11 23 24 25 26 27 28 29 30 31 32 33 34 36 37 38 39 40 41 42 43 44 45
(36,*) 0 1 2 3 4 5 6 7 8 9 10 11 23 24 25 26 27 28 29 30 31 32 33 34 35 37 38 39 40 41 42 43 44 45
(37,*) 0 1 2 3 4 5 6 7 8 9 10 11 23 24 25 26 27 28 29 30 31 32 33 34 35 36 38 39 40 41 42 43 44 45
(38,*) 0 1 2 3 4 5 6 7 8 9 10 11 23 24 25 26 27 28 29 30 31 32 33 34 35 36 37 39 40 41 42 43 44 45
(39,*) 0 1 2 3 4 5 6 7 8 9 10 11 23 24 25 26 27 28 29 30 31 32 33 34 35 36 37 38 40 41 42 43 44 45
(40,*) 0 1 2 3 4 5 6 7 8 9 10 11 23 24 25 26 27 28 29 30 31 32 33 34 35 36 37 38 39 41 42 43 44 45
(41,*) 0 1 2 3 4 5 6 7 8 9 10 11 23 24 25 26 27 28 29 30 31 32 33 34 35 36 37 38 39 40 42 43 44 45
(42,*) 0 1 2 3 4 5 6 7 8 9 10 11 23 24 25 26 27 28 29 30 31 32 33 34 35 36 37 38 39 40 41 43 44 45
(43,*) 0 1 2 3 4 5 6 7 8 9 10 11 23 24 25 26 27 28 29 30 31 32 33 34 35 36 37 38 39 40 41 42 44 45
(44,*) 0 1 2 3 4 5 6 7 8 9 10 11 23 24 25 26 27 28 29 30 31 32 33 34 35 36 37 38 39 40 41 42 43 45
(45,*) 0 1 2 3 4 5 6 7 8 9 10 11 23 24 25 26 27 28 29 30 31 32 33 34 35 36 37 38 39 40 41 42 43 44
;
set A2:=
(34,*) 35
(35,*) 34
;
param BigM:=99999;
param n:= 5;
param d:=
1	3
2	15
3	25
4	5
5	14
6	13
7	13
8	24
9	3
10	15
11	12
12	24
13	24
14	13
15	5
16	7
17	5
18	23
19	20
20	19
21	15
22	1
23	23
24	15
25	7
26	13
27	24
28	15
29	9
30	16
31	16
32	20
33	4
;
param Q:=100;
param w:=
[34,*] 35 1.5
[35,*] 34 1.5
;
param V:=
[34,*] 35 89
[35,*] 34 89
;
param e:
	34	35	36	37	38	39	40	41	42	43	44:=
12		0		1		0		0		0		0		0		0		0		0		0	
13		1		0		0		0		1		0		0		0		0		0		0	
14		0		1		0		0		0		0		0		0		0		0		0	
15		0		0		0		0		0		0		0		1		0		0		0	
16		1		0		0		0		0		0		0		0		0		0		0	
17		1		0		0		0		0		0		0		1		0		0		0	
18		0		0		0		1		0		0		0		0		0		0		0	
19		0		0		1		0		0		1		0		0		0		0		0	
20		0		0		0		0		1		0		0		1		0		0		0	
21		0		0		0		1		0		0		0		0		0		0		0	
22		0		0		0		0		0		1		0		0		0		0		0	
23		1		0		0		0		1		0		0		0		0		0		0	
24		0		0		1		0		0		1		0		0		0		0		0	
25		1		0		0		0		0		0		0		1		1		1		0	
26		1		0		0		0		1		0		0		1		1		1		0	
27		0		1		0		0		0		0		0		0		0		0		0	
28		0		0		0		1		0		0		0		0		0		0		0	
29		0		1		0		0		0		1		0		0		0		1		1	
30		0		0		0		1		0		0		0		0		0		0		0	
31		0		0		0		0		0		0		1		0		0		1		1	
32		0		0		0		0		1		0		0		1		0		0		0	
33		0		0		0		1		0		0		0		0		0		0		0	
;
param p:=
1	1
2	1
3	1
4	1
5	1
;
param G:=
34	89
35	71
36	82
37	87
38	100
39	98
40	76
41	86
42	71
43	92
44	82
;
param s:=
0	0
1	10
2	10
3	10
4	10
5	10
6	10
7	10
8	10
9	10
10	10
11	10
23	10
24	10
25	10
26	10
27	10
28	10
29	10
30	10
31	10
32	10
33	10
34	10
35	10
36	10
37	10
38	10
39	10
40	10
41	10
42	10
43	10
44	10
;
param t:
	0	1	2	3	4	5	6	7	8	9	10	11	12	13	14	15	16	17	18	19	20	21	22	23	24	25	26	27	28	29	30	31	32	33	34	35	36	37	38	39	40	41	42	43	44	45:=
0	0.0	38.47	31.62	48.7	68.03	36.06	12.17	54.92	60.3	52.04	66.03	38.83	76.16	40.25	57.27	31.62	62.03	42.05	65.3	17.09	42.38	74.73	36.72	52.35	33.94	36.72	31.62	47.2	69.43	27.78	69.66	42.19	44.27	69.66	49.65	53.67	33.6	70.72	49.16	25.02	35.44	31.14	26.87	24.6	27.31	0.0
1	38.47	0.0	68.12	66.48	29.73	38.21	32.56	16.97	82.87	76.97	59.46	61.74	37.95	56.32	18.97	36.88	76.94	58.24	62.1	51.42	75.29	53.74	21.26	75.39	58.31	52.5	53.67	10.77	71.02	10.77	72.69	23.41	76.84	65.15	71.87	15.23	54.74	69.12	77.03	33.73	28.0	57.98	39.92	31.38	30.36	38.47
2	31.62	68.12	0.0	39.45	96.52	48.37	42.94	85.04	41.62	32.8	72.99	28.64	104.31	37.36	86.02	44.72	51.22	37.95	69.86	32.06	14.56	90.2	68.26	35.38	50.36	36.5	28.28	77.79	69.08	58.0	68.03	63.91	16.49	74.22	34.71	82.8	53.04	72.73	26.93	54.42	54.41	21.59	37.66	42.72	45.54	31.62
3	48.7	66.48	39.45	0.0	87.13	29.53	59.67	81.71	17.2	15.23	38.83	11.31	93.23	10.2	78.71	29.73	13.42	8.25	34.23	61.06	30.59	61.74	78.03	11.66	80.62	14.14	17.09	77.2	30.59	60.53	29.12	49.4	30.27	38.05	8.54	76.97	81.39	35.13	20.22	72.57	40.25	19.85	27.17	35.51	36.14	48.7
4	68.03	29.73	96.52	87.13	0.0	57.69	62.1	16.12	104.31	100.0	66.48	85.28	8.25	77.67	10.77	58.41	94.85	79.32	71.02	81.04	101.98	49.03	44.18	97.65	86.09	74.4	77.9	24.0	81.58	40.5	83.95	37.74	103.32	72.44	94.05	14.56	82.01	77.78	101.41	61.07	47.2	83.44	63.7	55.87	53.76	68.03
5	36.06	38.21	48.37	29.53	57.69	0.0	42.52	52.5	46.65	42.52	30.0	28.43	64.03	20.0	49.19	4.47	38.83	21.63	29.73	52.84	48.33	42.0	53.37	40.0	69.66	16.97	22.36	48.66	35.78	34.53	36.77	20.0	49.19	33.94	36.4	47.54	68.62	35.81	44.69	53.54	10.77	29.15	11.05	12.04	10.3	36.06
6	12.17	32.56	42.94	59.67	62.1	42.52	0.0	47.54	72.11	64.0	72.14	50.36	70.34	50.6	51.42	38.42	72.8	52.5	72.25	18.97	54.41	76.97	25.61	64.12	28.64	46.82	42.76	39.4	77.67	22.09	78.23	43.08	56.32	76.42	61.29	47.54	26.63	78.24	61.29	13.04	38.83	43.01	35.36	30.48	32.53	12.17
7	54.92	16.97	85.04	81.71	16.12	52.5	47.54	0.0	98.49	93.06	68.47	77.9	24.0	71.69	8.49	52.0	91.21	73.54	72.11	66.48	92.2	56.36	28.07	91.24	70.26	68.03	69.97	8.25	82.0	27.2	84.02	34.23	93.72	74.43	87.66	6.32	66.07	79.16	93.49	45.28	41.76	74.63	55.95	47.51	46.07	54.92
8	60.3	82.87	41.62	17.2	104.31	46.65	72.11	98.49	0.0	8.94	52.8	22.09	110.44	26.83	95.77	46.52	16.12	25.06	47.54	69.57	28.28	77.18	92.78	8.0	89.2	30.46	30.27	93.64	40.79	76.16	38.47	66.57	26.91	50.6	11.18	93.91	90.8	46.32	14.87	85.15	57.31	29.15	43.01	51.55	52.55	60.3
9	52.04	76.97	32.8	15.23	100.0	42.52	64.0	93.06	8.94	0.0	53.85	15.23	106.53	22.63	90.97	41.62	20.88	21.26	49.03	60.73	20.0	76.97	85.51	4.0	80.32	25.61	23.41	87.73	44.0	69.57	42.05	62.48	18.87	52.61	6.71	88.84	82.01	49.09	6.71	77.01	52.8	21.02	37.12	45.62	47.01	52.04
10	66.03	59.46	72.99	38.83	66.48	30.0	72.14	68.47	52.8	53.85	0.0	46.0	69.86	36.06	62.03	34.41	37.74	36.0	5.66	82.68	68.03	25.46	78.71	50.0	99.64	36.5	44.72	67.91	16.12	60.03	18.87	36.06	68.12	6.0	47.3	62.29	98.49	11.4	59.03	82.33	34.41	51.48	39.82	41.87	39.62	66.03
11	38.83	61.74	28.64	11.31	85.28	28.43	50.36	77.9	22.09	15.23	46.0	0.0	92.02	10.2	76.03	26.91	24.41	10.0	42.19	50.12	22.09	66.48	70.71	14.14	69.77	11.66	8.25	72.5	40.5	54.41	39.4	48.08	22.36	46.39	11.0	73.78	70.77	44.38	16.28	63.39	38.21	8.6	21.95	30.41	31.91	38.83
12	76.16	37.95	104.31	93.23	8.25	64.03	70.34	24.0	110.44	106.53	69.86	92.02	0.0	84.02	18.97	65.12	100.24	85.6	74.73	89.29	109.34	50.04	52.04	104.02	94.19	80.92	84.85	32.06	85.44	48.7	87.93	44.05	110.63	75.71	100.42	22.8	90.05	81.25	108.25	69.18	53.81	90.61	70.72	63.13	60.88	76.16
13	40.25	56.32	37.36	10.2	77.67	20.0	50.6	71.69	26.83	22.63	36.06	10.2	84.02	0.0	68.96	19.7	22.36	2.0	32.56	54.04	32.25	56.32	68.0	20.0	73.24	4.0	10.0	67.05	32.25	50.36	31.62	40.0	32.56	36.88	16.4	67.08	73.57	35.47	25.55	63.32	30.53	15.81	17.03	25.32	25.96	40.25
14	57.27	18.97	86.02	78.71	10.77	49.19	51.42	8.49	95.77	90.97	62.03	76.03	18.97	68.96	0.0	49.4	87.32	70.71	66.03	70.34	91.93	48.33	34.93	88.84	76.0	65.51	68.41	14.56	76.24	29.73	78.41	29.73	93.34	68.03	85.23	4.0	72.06	73.01	92.01	51.01	38.47	73.66	54.2	46.1	44.2	57.27
15	31.62	36.88	44.72	29.73	58.41	4.47	38.42	52.0	46.52	41.62	34.41	26.91	65.12	19.7	49.4	0.0	40.2	21.54	33.94	48.37	45.65	46.04	50.64	39.45	65.3	16.12	20.0	47.54	39.45	32.06	40.25	21.26	46.65	38.21	35.85	47.41	64.35	39.82	43.14	49.74	11.31	26.42	7.07	8.06	7.07	31.62
16	62.03	76.94	51.22	13.42	94.85	38.83	72.8	91.21	16.12	20.88	37.74	24.41	100.24	22.36	87.32	40.2	0.0	20.4	32.25	74.43	40.25	62.8	90.09	17.09	94.02	26.31	30.46	87.48	24.74	72.03	22.36	57.58	39.4	34.93	16.64	86.02	94.81	30.36	27.51	85.62	49.48	33.02	39.12	47.0	47.1	62.03
17	42.05	58.24	37.95	8.25	79.32	21.63	52.5	73.54	25.06	21.26	36.0	10.0	85.6	2.0	70.71	21.54	20.4	0.0	32.25	55.61	32.06	56.92	70.0	18.44	74.89	6.0	11.31	68.96	31.3	52.35	30.53	41.62	32.25	36.5	14.87	68.88	75.29	34.79	24.6	65.25	32.25	16.55	19.03	27.29	27.89	42.05
18	65.3	62.1	69.86	34.23	71.02	29.73	72.25	72.11	47.54	49.03	5.66	42.19	74.73	32.56	66.03	33.94	32.25	32.25	0.0	81.61	64.03	31.11	80.62	45.12	99.16	33.53	41.76	71.02	10.77	61.74	13.42	38.83	64.0	4.47	42.58	66.03	98.29	7.07	54.45	83.01	35.78	48.27	38.6	41.77	39.82	65.3
19	17.09	51.42	32.06	61.06	81.04	52.84	18.97	66.48	69.57	60.73	82.68	50.12	89.29	54.04	70.34	48.37	74.43	55.61	81.61	0.0	46.04	91.76	42.8	62.03	19.7	50.99	44.41	58.31	84.9	40.79	84.85	58.86	48.04	86.02	60.01	66.48	21.38	86.68	56.29	25.5	52.5	41.59	43.01	41.63	44.38	17.09
20	42.38	75.29	14.56	30.59	101.98	48.33	54.41	92.2	28.28	20.0	68.03	22.09	109.34	32.25	91.93	45.65	40.25	32.06	64.03	46.04	0.0	88.29	78.79	23.32	64.78	32.98	26.0	85.6	61.19	66.03	59.67	66.57	2.0	68.12	23.77	89.11	67.27	65.62	13.45	66.71	56.6	19.24	39.12	46.23	48.6	42.38
21	74.73	53.74	90.2	61.74	49.03	42.0	76.97	56.36	77.18	76.97	25.46	66.48	50.04	56.32	48.33	46.04	62.8	56.92	31.11	91.76	88.29	0.0	74.97	73.35	105.6	55.32	62.8	58.82	41.23	58.82	44.05	34.0	88.77	30.0	70.26	50.12	103.31	35.81	81.34	84.06	39.29	69.87	53.01	50.8	47.85	74.73
22	36.72	21.26	68.26	78.03	44.18	53.37	25.61	28.07	92.78	85.51	78.71	70.71	52.04	68.0	34.93	50.64	90.09	70.0	80.62	42.8	78.79	74.97	0.0	84.85	42.76	64.0	62.51	20.4	88.54	18.97	89.84	43.27	80.62	84.1	81.61	31.05	38.33	87.46	83.93	18.38	44.94	64.76	51.01	43.19	43.57	36.72
23	52.35	75.39	35.38	11.66	97.65	40.0	64.12	91.24	8.0	4.0	50.0	14.14	104.02	20.0	88.84	39.45	17.09	18.44	45.12	62.03	23.32	73.35	84.85	0.0	81.71	23.32	22.36	86.16	40.0	68.41	38.05	60.0	22.36	48.66	3.61	86.83	83.17	45.1	10.44	77.16	50.48	21.21	35.47	44.01	45.19	52.35
24	33.94	58.31	50.36	80.62	86.09	69.66	28.64	70.26	89.2	80.32	99.64	69.77	94.19	73.24	76.0	65.3	94.02	74.89	99.16	19.7	64.78	105.6	42.76	81.71	0.0	70.0	63.81	62.13	103.32	49.03	103.48	71.69	66.75	103.48	79.71	72.0	5.0	104.66	75.69	25.02	67.23	61.27	60.81	57.8	60.22	33.94
25	36.72	52.5	36.5	14.14	74.4	16.97	46.82	68.03	30.46	25.61	36.5	11.66	80.92	4.0	65.51	16.12	26.31	6.0	33.53	50.99	32.98	55.32	64.0	23.32	70.0	0.0	8.25	63.25	34.41	46.39	34.06	36.88	33.53	37.95	19.72	63.53	70.18	37.12	27.8	59.48	27.2	15.03	13.04	21.38	22.14	36.72
26	31.62	53.67	28.28	17.09	77.9	22.36	42.76	69.97	30.27	23.41	44.72	8.25	84.85	10.0	68.41	20.0	30.46	11.31	41.76	44.41	26.0	62.8	62.51	22.36	63.81	8.25	0.0	64.4	42.19	46.17	41.62	41.23	26.83	46.17	19.1	66.03	64.41	45.19	23.6	55.73	31.24	7.07	14.21	22.47	24.21	31.62
27	47.2	10.77	77.79	77.2	24.0	48.66	39.4	8.25	93.64	87.73	67.91	72.5	32.06	67.05	14.56	47.54	87.48	68.96	71.02	58.31	85.6	58.82	20.4	86.16	62.13	63.25	64.4	0.0	80.4	19.8	82.22	32.25	87.2	73.76	82.64	10.77	58.01	78.09	87.71	37.12	38.21	68.6	50.7	42.15	41.11	47.2
28	69.43	71.02	69.08	30.59	81.58	35.78	77.67	82.0	40.79	44.0	16.12	40.5	85.44	32.25	76.24	39.45	24.74	31.3	10.77	84.9	61.19	41.23	88.54	40.0	103.32	34.41	42.19	80.4	0.0	69.57	2.83	48.17	60.83	11.31	38.12	76.03	102.94	5.83	50.09	89.19	43.68	47.85	42.64	47.51	46.07	69.43
29	27.78	10.77	58.0	60.53	40.5	34.53	22.09	27.2	76.16	69.57	60.03	54.41	48.7	50.36	29.73	32.06	72.03	52.35	61.74	40.79	66.03	58.82	18.97	68.41	49.03	46.39	46.17	19.8	69.57	0.0	70.88	25.46	67.68	65.3	65.0	26.0	45.88	68.54	68.94	25.5	26.0	49.66	33.38	25.08	25.02	27.78
30	69.66	72.69	68.03	29.12	83.95	36.77	78.23	84.02	38.47	42.05	18.87	39.4	87.93	31.62	78.41	40.25	22.36	30.53	13.42	84.85	59.67	44.05	89.84	38.05	103.48	34.06	41.62	82.22	2.83	70.88	0.0	50.04	59.23	14.14	36.35	78.1	103.23	8.6	48.26	89.94	45.12	47.01	43.01	48.3	47.01	69.66
31	42.19	23.41	63.91	49.4	37.74	20.0	43.08	34.23	66.57	62.48	36.06	48.08	44.05	40.0	29.73	21.26	57.58	41.62	38.83	58.86	66.57	34.0	43.27	60.0	71.69	36.88	41.23	32.25	48.17	25.46	50.04	0.0	67.68	41.76	56.4	28.64	69.32	45.89	64.35	50.22	10.0	47.43	27.46	21.19	18.38	42.19
32	44.27	76.84	16.49	30.27	103.32	49.19	56.32	93.72	26.91	18.87	68.12	22.36	110.63	32.56	93.34	46.65	39.4	32.25	64.0	48.04	2.0	88.77	80.62	22.36	66.75	33.53	26.83	87.2	60.83	67.68	59.23	67.68	0.0	68.03	23.09	90.55	69.26	65.38	12.21	68.66	57.69	20.25	40.22	47.51	49.82	44.27
33	69.66	65.15	74.22	38.05	72.44	33.94	76.42	74.43	50.6	52.61	6.0	46.39	75.71	36.88	68.03	38.21	34.93	36.5	4.47	86.02	68.12	30.0	84.1	48.66	103.48	37.95	46.17	73.76	11.31	65.3	14.14	41.76	68.03	0.0	46.27	68.26	102.55	5.83	58.22	87.01	39.45	52.63	43.01	45.97	43.93	69.66
34	49.65	71.87	34.71	8.54	94.05	36.4	61.29	87.66	11.18	6.71	47.3	11.0	100.42	16.4	85.23	35.85	16.64	14.87	42.58	60.01	23.77	70.26	81.61	3.61	79.71	19.72	19.1	82.64	38.12	65.0	36.35	56.4	23.09	46.27	0.0	83.24	80.99	43.0	12.0	74.33	46.87	18.68	31.95	40.5	41.63	49.65
35	53.67	15.23	82.8	76.97	14.56	47.54	47.54	6.32	93.91	88.84	62.29	73.78	22.8	67.08	4.0	47.41	86.02	68.88	66.03	66.48	89.11	50.12	31.05	86.83	72.0	63.53	66.03	10.77	76.03	26.0	78.1	28.64	90.55	68.26	83.24	0.0	68.07	73.06	89.63	47.01	36.77	71.06	51.87	43.6	41.88	53.67
36	33.6	54.74	53.04	81.39	82.01	68.62	26.63	66.07	90.8	82.01	98.49	70.77	90.05	73.57	72.06	64.35	94.81	75.29	98.29	21.38	67.27	103.31	38.33	83.17	5.0	70.18	64.41	58.01	102.94	45.88	103.23	69.32	69.26	102.55	80.99	68.07	0.0	104.0	77.67	21.1	65.46	62.39	60.31	56.64	58.9	33.6
37	70.72	69.12	72.73	35.13	77.78	35.81	78.24	79.16	46.32	49.09	11.4	44.38	81.25	35.47	73.01	39.82	30.36	34.79	7.07	86.68	65.62	35.81	87.46	45.1	104.66	37.12	45.19	78.09	5.83	68.54	8.6	45.89	65.38	5.83	43.0	73.06	104.0	0.0	55.0	89.31	42.54	51.26	43.86	47.8	46.04	70.72
38	49.16	77.03	26.93	20.22	101.41	44.69	61.29	93.49	14.87	6.71	59.03	16.28	108.25	25.55	92.01	43.14	27.51	24.6	54.45	56.29	13.45	81.34	83.93	10.44	75.69	27.8	23.6	87.71	50.09	68.94	48.26	64.35	12.21	58.22	12.0	89.63	77.67	55.0	0.0	74.17	54.45	19.31	37.8	46.04	47.8	49.16
39	25.02	33.73	54.42	72.57	61.07	53.54	13.04	45.28	85.15	77.01	82.33	63.39	69.18	63.32	51.01	49.74	85.62	65.25	83.01	25.5	66.71	84.06	18.38	77.16	25.02	59.48	55.73	37.12	89.19	25.5	89.94	50.22	68.66	87.01	74.33	47.01	21.1	89.31	74.17	0.0	48.1	56.04	47.54	41.68	43.27	25.02
40	35.44	28.0	54.41	40.25	47.2	10.77	38.83	41.76	57.31	52.8	34.41	38.21	53.81	30.53	38.47	11.31	49.48	32.25	35.78	52.5	56.6	39.29	44.94	50.48	67.23	27.2	31.24	38.21	43.68	26.0	45.12	10.0	57.69	39.45	46.87	36.77	65.46	42.54	54.45	48.1	0.0	37.44	17.49	12.04	9.06	35.44
41	31.14	57.98	21.59	19.85	83.44	29.15	43.01	74.63	29.15	21.02	51.48	8.6	90.61	15.81	73.66	26.42	33.02	16.55	48.27	41.59	19.24	69.87	64.76	21.21	61.27	15.03	7.07	68.6	47.85	49.66	47.01	47.43	20.25	52.63	18.68	71.06	62.39	51.26	19.31	56.04	37.44	0.0	20.0	27.59	29.73	31.14
42	26.87	39.92	37.66	27.17	63.7	11.05	35.36	55.95	43.01	37.12	39.82	21.95	70.72	17.03	54.2	7.07	39.12	19.03	38.6	43.01	39.12	53.01	51.01	35.47	60.81	13.04	14.21	50.7	42.64	33.38	43.01	27.46	40.22	43.01	31.95	51.87	60.31	43.86	37.8	47.54	17.49	20.0	0.0	8.54	10.0	26.87
43	24.6	31.38	42.72	35.51	55.87	12.04	30.48	47.51	51.55	45.62	41.87	30.41	63.13	25.32	46.1	8.06	47.0	27.29	41.77	41.63	46.23	50.8	43.19	44.01	57.8	21.38	22.47	42.15	47.51	25.08	48.3	21.19	47.51	45.97	40.5	43.6	56.64	47.8	46.04	41.68	12.04	27.59	8.54	0.0	3.0	24.6
44	27.31	30.36	45.54	36.14	53.76	10.3	32.53	46.07	52.55	47.01	39.62	31.91	60.88	25.96	44.2	7.07	47.1	27.89	39.82	44.38	48.6	47.85	43.57	45.19	60.22	22.14	24.21	41.11	46.07	25.02	47.01	18.38	49.82	43.93	41.63	41.88	58.9	46.04	47.8	43.27	9.06	29.73	10.0	3.0	0.0	27.31
;
