vehicles
vehicle_idx, capacity, cost_per_unit_distance
0,100,1
1,100,1
2,100,1
3,100,1
4,100,1
depot
node_idx,x,y
0,82,76
home delivery customers
node_idx,x,y,service_time,demand
1,96,44,0,19
2,14,24,0,6
3,2,39,0,16
4,5,10,0,14
5,98,52,0,21
6,19,32,0,1
7,50,93,0,8
8,98,14,0,12
9,5,42,0,4
10,61,62,0,24
11,9,97,0,24
12,80,55,0,2
13,85,60,0,14
self pickup customers
node_idx,x,y,service_time,demand,locker_idxs
14,13,7,0,19,32
15,29,89,0,7,35-37
16,58,30,0,12,34-39
17,84,39,0,16,39-34-38
18,61,59,0,3,37-41-43
19,91,2,0,19,34-38
20,42,9,0,8,32-34-36-38-42-43-41-40
21,23,15,0,15,32-41-36-43-42
22,98,5,0,9,34-38
flexible customers
node_idx,x,y,service_time,demand,locker_idxs
23,50,5,0,21,34-36-43-38-42
24,49,8,0,6,34-38-42-36-43
25,3,82,0,8,35-37
26,84,25,0,16,34-42-38
27,1,65,0,22,35-37-41
28,88,51,0,18,38-42-33-39-40
29,93,3,0,24,34-38
30,57,69,0,20,37-41-33-43-40-39-42-38
31,20,70,0,2,35-41-43-37-40
lockers
node_idx,x,y,service_time,capacity,cost_per_unit_good
32,8.275000000000002,9.125,30,164,1
33,82.48,89.875,30,164,1
34,82.48,9.125,30,164,1
35,8.275000000000002,89.875,30,164,1
36,30.099999999999998,30.5,30,164,1
37,30.099999999999998,68.5,30,164,1
38,68.89999999999999,30.5,30,164,1
39,68.89999999999999,68.5,30,164,1
40,48,49,15,30,1
41,31,46,15,30,1
42,53,32,15,30,1
43,39,35,15,30,1
mrt lines
start_node_idx,end_node_idx,freight_capacity,cost_per_unit_good
32,33,164,10
33,32,164,10
34,35,164,10
35,34,164,10
36,37,164,10
37,36,164,10
38,39,164,10
39,38,164,10
distance matrix
,0,1,2,3,4,5,6,7,8,9,10,11,12,13,14,15,16,17,18,19,20,21,22,23,24,25,26,27,28,29,30,31,32,33,34,35,36,37,38,39,40,41,42,43,
0,0.0,34.93,85.6,88.14,101.41,28.84,76.84,36.24,64.03,84.17,25.24,75.96,21.1,16.28,97.58,54.57,51.88,37.05,27.02,74.55,78.03,84.86,72.78,77.88,75.58,79.23,51.04,81.74,25.71,73.82,25.96,62.29,99.54,13.88,66.88,75.02,69.02,52.44,47.35,15.1,43.42,59.17,52.7,59.41
1,34.93,0.0,84.4,94.13,97.14,8.25,77.93,67.21,30.07,91.02,39.36,101.87,19.42,19.42,90.87,80.71,40.5,13.0,38.08,42.3,64.35,78.55,39.05,60.31,59.2,100.46,22.47,97.29,10.63,41.11,46.32,80.32,94.4,47.83,37.4,99.0,67.27,70.31,30.28,36.53,48.26,65.03,44.64,57.71
2,85.6,84.4,0.0,19.21,16.64,88.54,9.43,77.83,84.59,20.12,60.44,73.17,72.92,79.61,17.03,66.71,44.41,71.59,58.6,80.08,31.76,12.73,86.12,40.71,38.48,59.03,70.01,43.01,78.77,81.74,62.24,46.39,15.94,95.02,70.08,66.12,17.36,47.32,55.28,70.67,42.2,27.8,39.81,27.31
3,88.14,94.13,19.21,0.0,29.15,96.88,18.38,72.25,99.2,4.24,63.32,58.42,79.62,85.62,33.84,56.82,56.72,82.0,62.3,96.38,50.0,31.89,101.84,58.82,56.3,43.01,83.19,26.02,86.83,97.86,62.65,35.85,30.53,95.21,85.85,51.26,29.36,40.74,67.44,73.12,47.07,29.83,51.48,37.22
4,101.41,97.14,16.64,29.15,0.0,102.04,26.08,94.41,93.09,32.0,76.42,87.09,87.46,94.34,8.54,82.57,56.65,84.15,74.41,86.37,37.01,18.68,93.13,45.28,44.05,72.03,80.41,55.15,92.57,88.28,78.64,61.85,3.39,111.28,77.48,79.94,32.41,63.66,67.11,86.63,58.05,44.41,52.8,42.2
5,28.84,8.25,88.54,96.88,102.04,0.0,81.49,63.13,38.0,93.54,38.33,99.73,18.25,15.26,96.18,78.29,45.65,19.1,37.66,50.49,70.6,83.63,47.0,67.18,65.86,99.62,30.41,97.87,10.05,49.25,44.38,80.05,99.44,40.93,45.6,97.39,71.22,69.88,36.18,33.45,50.09,67.27,49.24,61.4
6,76.84,77.93,9.43,18.38,26.08,81.49,0.0,68.43,81.02,17.2,51.61,65.76,65.19,71.69,25.71,57.87,39.05,65.38,49.93,78.0,32.53,17.46,83.49,41.11,38.42,52.5,65.38,37.59,71.57,79.48,53.04,38.01,25.26,85.9,67.48,58.86,11.2,38.15,49.92,61.82,33.62,18.44,34.0,20.22
7,36.24,67.21,77.83,72.25,94.41,63.13,68.43,0.0,92.44,68.01,32.89,41.19,48.41,48.1,93.62,21.38,63.51,63.81,35.74,99.81,84.38,82.54,100.24,88.0,85.01,48.27,76.03,56.44,56.64,99.74,25.0,37.8,93.68,32.63,89.94,41.84,65.59,31.56,65.3,30.94,44.05,50.7,61.07,59.03
8,64.03,30.07,84.59,99.2,93.09,38.0,81.02,92.44,0.0,97.12,60.61,121.7,44.78,47.8,85.29,101.91,43.08,28.65,58.26,13.89,56.22,75.01,9.0,48.84,49.37,116.83,17.8,109.59,38.33,12.08,68.6,96.02,89.86,77.45,16.27,117.51,69.88,87.07,33.45,61.78,61.03,74.25,48.47,62.63
9,84.17,91.02,20.12,4.24,32.0,93.54,17.2,68.01,97.12,0.0,59.46,55.15,76.12,82.0,35.9,52.77,54.34,79.06,58.52,94.85,49.58,32.45,100.09,58.26,55.61,40.05,80.81,23.35,83.49,96.25,58.59,31.76,33.04,91.08,84.17,47.99,27.61,36.5,64.93,69.18,43.57,26.31,49.03,34.71
10,25.24,39.36,60.44,63.32,76.42,38.33,51.61,32.89,60.61,59.46,0.0,62.68,20.25,24.08,73.0,41.87,32.14,32.53,3.0,67.08,56.3,60.44,67.96,58.05,55.32,61.35,43.57,60.07,29.15,67.12,8.06,41.77,74.67,35.19,57.07,59.64,44.13,31.58,32.48,10.23,18.38,34.0,31.05,34.83
11,75.96,101.87,73.17,58.42,87.09,99.73,65.76,41.19,121.7,55.15,62.68,0.0,82.49,84.53,90.09,21.54,83.01,94.81,64.4,125.5,93.98,83.19,128.0,100.72,97.58,16.16,103.97,32.98,91.42,126.06,55.57,29.15,87.88,73.82,114.55,7.16,69.77,35.46,89.5,66.33,61.85,55.54,78.49,68.88
12,21.1,19.42,72.92,79.62,87.46,18.25,65.19,48.41,44.78,76.12,20.25,82.49,0.0,7.07,82.42,61.29,33.3,16.49,19.42,54.13,59.67,69.63,53.14,58.31,56.3,81.6,30.27,79.63,8.94,53.6,26.93,61.85,85.14,34.96,45.94,79.75,55.59,51.69,26.9,17.48,32.56,49.82,35.47,45.62
13,16.28,19.42,79.61,85.62,94.34,15.26,71.69,48.1,47.8,82.0,24.08,84.53,7.07,0.0,89.4,63.06,40.36,21.02,24.02,58.31,66.71,76.61,56.52,65.19,63.25,84.9,35.01,84.15,9.49,57.56,29.41,65.76,92.06,29.98,50.94,82.34,62.32,55.55,33.61,18.21,38.6,55.79,42.52,52.35
14,97.58,90.87,17.03,33.84,8.54,96.18,25.71,93.62,85.29,35.9,73.0,90.09,82.42,89.4,0.0,83.55,50.54,77.88,70.77,78.16,29.07,12.81,85.02,37.05,36.01,75.66,73.25,59.23,86.95,80.1,76.03,63.39,5.18,108.15,69.51,83.01,29.06,63.83,60.64,83.11,54.67,42.95,47.17,38.21
15,54.57,80.71,66.71,56.82,82.57,78.29,57.87,21.38,101.91,52.77,41.87,21.54,61.29,63.06,83.55,0.0,65.74,74.33,43.86,106.83,81.05,74.24,108.71,86.59,83.43,26.93,84.39,36.88,70.18,107.2,34.41,21.02,82.52,53.49,96.13,20.74,58.51,20.53,70.81,44.86,44.28,43.05,61.85,54.92
16,51.88,40.5,44.41,56.72,56.65,45.65,39.05,63.51,43.08,54.34,32.14,83.01,33.3,40.36,50.54,65.74,0.0,27.51,29.15,43.28,26.4,38.08,47.17,26.25,23.77,75.69,26.48,66.89,36.62,44.2,39.01,55.17,53.93,64.69,32.17,77.83,27.9,47.55,10.91,40.01,21.47,31.38,5.39,19.65
17,37.05,13.0,71.59,82.0,84.15,19.1,65.38,63.81,28.65,79.06,32.53,94.81,16.49,21.02,77.88,74.33,27.51,0.0,30.48,37.66,51.61,65.55,36.77,48.08,46.75,91.71,14.0,86.98,12.65,37.11,40.36,71.11,81.41,50.9,29.91,91.23,54.57,61.44,17.33,33.14,37.36,53.46,31.78,45.18
18,27.02,38.08,58.6,62.3,74.41,37.66,49.93,35.74,58.26,58.52,3.0,64.4,19.42,24.02,70.77,43.86,29.15,30.48,0.0,64.41,53.49,58.14,65.46,55.11,52.39,62.39,41.05,60.3,28.16,64.5,10.77,42.45,72.58,37.61,54.3,61.1,42.04,32.33,29.57,12.36,16.4,32.7,28.16,32.56
19,74.55,42.3,80.08,96.38,86.37,50.49,78.0,99.81,13.89,94.85,67.08,125.5,54.13,58.31,78.16,106.83,43.28,37.66,64.41,0.0,49.5,69.23,7.62,41.11,42.43,118.93,24.04,109.86,49.09,2.24,75.13,98.31,83.03,88.29,11.11,120.69,67.24,90.17,36.06,70.08,63.7,74.4,48.41,61.59
20,78.03,64.35,31.76,50.0,37.01,70.6,32.53,84.38,56.22,49.58,56.3,93.98,59.67,66.71,29.07,81.05,26.4,51.61,53.49,49.5,0.0,19.92,56.14,8.94,7.07,82.76,44.94,69.4,62.29,51.35,61.85,64.85,33.73,90.44,40.48,87.63,24.57,60.68,34.44,65.3,40.45,38.6,25.5,26.17
21,84.86,78.55,12.73,31.89,18.68,83.63,17.46,82.54,75.01,32.45,60.44,83.19,69.63,76.61,12.81,74.24,38.08,65.55,58.14,69.23,19.92,0.0,75.66,28.79,26.93,69.92,61.81,54.63,74.3,71.02,63.81,55.08,15.85,95.62,59.77,76.31,17.05,53.97,48.45,70.49,42.2,32.02,34.48,25.61
22,72.78,39.05,86.12,101.84,93.13,47.0,83.49,100.24,9.0,100.09,67.96,128.0,53.14,56.52,85.02,108.71,47.17,36.77,65.46,7.62,56.14,75.66,0.0,48.0,49.09,122.29,24.41,114.06,47.07,5.39,76.01,101.53,89.82,86.28,16.06,123.51,72.53,92.97,38.69,69.85,66.6,78.55,52.48,66.19
23,77.88,60.31,40.71,58.82,45.28,67.18,41.11,88.0,48.84,58.26,58.05,100.72,58.31,65.19,37.05,86.59,26.25,48.08,55.11,41.11,8.94,28.79,48.0,0.0,3.16,90.21,39.45,77.47,59.67,43.05,64.38,71.59,41.93,90.88,32.74,94.58,32.35,66.55,31.74,66.25,44.05,45.19,27.17,31.95
24,75.58,59.2,38.48,56.3,44.05,65.86,38.42,85.01,49.37,55.61,55.32,97.58,56.3,63.25,36.01,83.43,23.77,46.75,52.39,42.43,7.07,26.93,49.09,3.16,0.0,87.13,38.91,74.52,58.05,44.28,61.52,68.45,40.74,88.46,33.5,91.44,29.38,63.38,30.04,63.69,41.01,42.05,24.33,28.79
25,79.23,100.46,59.03,43.01,72.03,99.62,52.5,48.27,116.83,40.05,61.35,16.16,81.6,84.9,75.66,26.93,75.69,91.71,62.39,118.93,82.76,69.92,122.29,90.21,87.13,0.0,99.05,17.12,90.48,119.75,55.54,20.81,73.07,79.87,107.83,9.48,58.2,30.28,83.64,67.27,55.8,45.61,70.71,59.2
26,51.04,22.47,70.01,83.19,80.41,30.41,65.38,76.03,17.8,80.81,43.57,103.97,30.27,35.01,73.25,84.39,26.48,14.0,41.05,24.04,44.94,61.81,24.41,39.45,38.91,99.05,0.0,92.14,26.31,23.77,51.62,78.24,77.37,64.89,15.95,99.71,54.18,69.26,16.07,46.05,43.27,57.01,31.78,46.1
27,81.74,97.29,43.01,26.02,55.15,97.87,37.59,56.44,109.59,23.35,60.07,32.98,79.63,84.15,59.23,36.88,66.89,86.98,60.3,109.86,69.4,54.63,114.06,77.47,74.52,17.12,92.14,0.0,88.12,110.94,56.14,19.65,56.35,85.19,98.8,25.92,45.13,29.31,76.16,67.99,49.65,35.51,61.59,48.41
28,25.71,10.63,78.77,86.83,92.57,10.05,71.57,56.64,38.33,83.49,29.15,91.42,8.94,9.49,86.95,70.18,36.62,12.65,28.16,49.09,62.29,74.3,47.07,59.67,58.05,90.48,26.31,88.12,0.0,48.26,35.85,70.6,90.05,39.26,42.24,88.7,61.42,60.49,28.02,25.9,40.05,57.22,39.82,51.55
29,73.82,41.11,81.74,97.86,88.28,49.25,79.48,99.74,12.08,96.25,67.12,126.06,53.6,57.56,80.1,107.2,44.2,37.11,64.5,2.24,51.35,71.02,5.39,43.05,44.28,119.75,23.77,110.94,48.26,0.0,75.18,99.09,84.95,87.51,12.17,121.35,68.65,90.81,36.57,69.79,64.35,75.45,49.41,62.77
30,25.96,46.32,62.24,62.65,78.64,44.38,53.04,25.0,68.6,58.59,8.06,55.57,26.93,29.41,76.03,34.41,39.01,40.36,10.77,75.13,61.85,63.81,76.01,64.38,61.52,55.54,51.62,56.14,35.85,75.18,0.0,37.01,77.2,32.94,65.07,53.01,46.97,26.9,40.3,11.91,21.93,34.71,37.22,38.47
31,62.29,80.32,46.39,35.85,61.85,80.05,38.01,37.8,96.02,31.76,41.77,29.15,61.85,65.76,63.39,21.02,55.17,71.11,42.45,98.31,64.85,55.08,101.53,71.59,68.45,20.81,78.24,19.65,70.6,99.09,37.01,0.0,61.99,65.56,87.23,23.08,40.77,10.21,62.86,48.92,35.0,26.4,50.33,39.82
32,99.54,94.4,15.94,30.53,3.39,99.44,25.26,93.68,89.86,33.04,74.67,87.88,85.14,92.06,5.18,82.52,53.93,81.41,72.58,83.03,33.73,15.85,89.82,41.93,40.74,73.07,77.37,56.35,90.05,84.95,77.2,61.99,0.0,109.67,74.2,80.75,30.55,63.26,64.28,84.86,56.29,43.32,50.24,40.17
33,13.88,47.83,95.02,95.21,111.28,40.93,85.9,32.63,77.45,91.08,35.19,73.82,34.96,29.98,108.15,53.49,64.69,50.9,37.61,88.29,90.44,95.62,86.28,90.88,88.46,79.87,64.89,85.19,39.26,87.51,32.94,65.56,109.67,0.0,80.75,74.2,79.18,56.57,60.91,25.32,53.48,67.64,64.95,70.01
34,66.88,37.4,70.08,85.85,77.48,45.6,67.48,89.94,16.27,84.17,57.07,114.55,45.94,50.94,69.51,96.13,32.17,29.91,54.3,11.11,40.48,59.77,16.06,32.74,33.5,107.83,15.95,98.8,42.24,12.17,65.07,87.23,74.2,80.75,0.0,109.67,56.57,79.18,25.32,60.91,52.72,63.32,37.31,50.6
35,75.02,99.0,66.12,51.26,79.94,97.39,58.86,41.84,117.51,47.99,59.64,7.16,79.75,82.34,83.01,20.74,77.83,91.23,61.1,120.69,87.63,76.31,123.51,94.58,91.44,9.48,99.71,25.92,88.7,121.35,53.01,23.08,80.75,74.2,109.67,0.0,63.26,30.55,84.86,64.28,57.0,49.41,73.14,62.89
36,69.02,67.27,17.36,29.36,32.41,71.22,11.2,65.59,69.88,27.61,44.13,69.77,55.59,62.32,29.06,58.51,27.9,54.57,42.04,67.24,24.57,17.05,72.53,32.35,29.38,58.2,54.18,45.13,61.42,68.65,46.97,40.77,30.55,79.18,56.57,63.26,0.0,38.0,38.8,54.31,25.74,15.53,22.95,9.97
37,52.44,70.31,47.32,40.74,63.66,69.88,38.15,31.56,87.07,36.5,31.58,35.46,51.69,55.55,63.83,20.53,47.55,61.44,32.33,90.17,60.68,53.97,92.97,66.55,63.38,30.28,69.26,29.31,60.49,90.81,26.9,10.21,63.26,56.57,79.18,30.55,38.0,0.0,54.31,38.8,26.47,22.52,43.09,34.66
38,47.35,30.28,55.28,67.44,67.11,36.18,49.92,65.3,33.45,64.93,32.48,89.5,26.9,33.61,60.64,70.81,10.91,17.33,29.57,36.06,34.44,48.45,38.69,31.74,30.04,83.64,16.07,76.16,28.02,36.57,40.3,62.86,64.28,60.91,25.32,84.86,38.8,54.31,0.0,38.0,27.91,40.95,15.97,30.24
39,15.1,36.53,70.67,73.12,86.63,33.45,61.82,30.94,61.78,69.18,10.23,66.33,17.48,18.21,83.11,44.86,40.01,33.14,12.36,70.08,65.3,70.49,69.85,66.25,63.69,67.27,46.05,67.99,25.9,69.79,11.91,48.92,84.86,25.32,60.91,64.28,54.31,38.8,38.0,0.0,28.58,44.08,39.81,44.9
40,43.42,48.26,42.2,47.07,58.05,50.09,33.62,44.05,61.03,43.57,18.38,61.85,32.56,38.6,54.67,44.28,21.47,37.36,16.4,63.7,40.45,42.2,66.6,44.05,41.01,55.8,43.27,49.65,40.05,64.35,21.93,35.0,56.29,53.48,52.72,57.0,25.74,26.47,27.91,28.58,0.0,17.26,17.72,16.64
41,59.17,65.03,27.8,29.83,44.41,67.27,18.44,50.7,74.25,26.31,34.0,55.54,49.82,55.79,42.95,43.05,31.38,53.46,32.7,74.4,38.6,32.02,78.55,45.19,42.05,45.61,57.01,35.51,57.22,75.45,34.71,26.4,43.32,67.64,63.32,49.41,15.53,22.52,40.95,44.08,17.26,0.0,26.08,13.6
42,52.7,44.64,39.81,51.48,52.8,49.24,34.0,61.07,48.47,49.03,31.05,78.49,35.47,42.52,47.17,61.85,5.39,31.78,28.16,48.41,25.5,34.48,52.48,27.17,24.33,70.71,31.78,61.59,39.82,49.41,37.22,50.33,50.24,64.95,37.31,73.14,22.95,43.09,15.97,39.81,17.72,26.08,0.0,14.32
43,59.41,57.71,27.31,37.22,42.2,61.4,20.22,59.03,62.63,34.71,34.83,68.88,45.62,52.35,38.21,54.92,19.65,45.18,32.56,61.59,26.17,25.61,66.19,31.95,28.79,59.2,46.1,48.41,51.55,62.77,38.47,39.82,40.17,70.01,50.6,62.89,9.97,34.66,30.24,44.9,16.64,13.6,14.32,0.0
