vehicles
vehicle_idx, capacity, cost_per_unit_distance
1,100,3
2,100,3
3,100,3
4,100,3
5,100,3
depot
node_idx,x,y
0,69,63
home delivery customers
node_idx,x,y,service_time,demand
1,3,35,10,12
2,1,47,10,8
3,11,15,10,12
4,37,33,10,12
5,41,51,10,8
6,93,9,10,25
7,63,95,10,13
8,45,41,10,5
9,45,59,10,9
10,95,23,10,20
11,61,21,10,7
12,89,53,10,3
13,21,91,10,13
self pickup customers
node_idx,x,y,service_time,demand,locker_idxs
14,71,79,10,5,38-42
15,11,49,10,1,44
16,75,89,10,5,42-38
17,15,13,10,9,39
18,19,83,10,21,41
19,27,19,10,12,39
20,17,57,10,13,48
21,59,29,10,4,45
22,33,51,10,25,46
23,33,85,10,2,41
24,37,37,10,24,44
25,61,15,10,14,43
flexible customers
node_idx,x,y,service_time,demand,locker_idxs
26,87,23,10,18,40-43
27,87,29,10,11,40-43
28,35,81,10,19,41
29,55,71,10,23,47-44-48-38
30,75,69,10,17,42-38
31,97,95,10,13,42
32,47,41,10,19,45-48-46-44-47
33,89,43,10,26,45
34,71,69,10,8,46-38-42
35,93,15,10,12,40-43
36,35,39,10,19,46-47-44-48
37,67,95,10,14,38-42
lockers
node_idx,x,y,service_time,capacity,cost_per_unit_good
38,65,88,10,86
39,25,15,10,92
40,93,12,10,74
41,22,88,10,85
42,77,88,10,74
43,72,14,10,97
44,46,55,10,91
45,69,43,10,100
46,58,50,10,100
47,51,51,10,85
48,47,61,10,89
mrt lines
start_node_idx,end_node_idx,freight_capacity,cost_per_unit_good
38,39,92,0.1
39,38,92,0.1
distance matrix
,0,1,2,3,4,5,6,7,8,9,10,11,12,13,14,15,16,17,18,19,20,21,22,23,24,25,26,27,28,29,30,31,32,33,34,35,36,37,38,39,40,41,42,43,44,45,46,47,48,
0,0.0,71.69,69.86,75.29,43.86,30.46,59.09,32.56,32.56,24.33,47.71,42.76,22.36,55.57,16.12,59.67,26.68,73.59,53.85,60.83,52.35,35.44,37.95,42.19,41.23,48.66,43.86,38.47,38.47,16.12,8.49,42.52,31.11,28.28,6.32,53.67,41.62,32.06,25.32,65.12,56.36,53.24,26.25,49.09,24.35,20.0,17.03,21.63,22.09
1,71.69,0.0,12.17,21.54,34.06,41.23,93.68,84.85,42.43,48.37,92.78,59.67,87.86,58.82,80.99,16.12,90.0,25.06,50.6,28.84,26.08,56.32,34.0,58.31,34.06,61.35,84.85,84.21,56.04,63.25,79.62,111.52,44.41,86.37,76.03,92.2,32.25,87.73,81.57,29.73,92.89,56.3,91.02,72.12,47.42,66.48,57.01,50.6,51.11
2,69.86,12.17,0.0,33.53,38.63,40.2,99.54,78.41,44.41,45.61,97.02,65.39,88.2,48.33,76.97,10.2,85.09,36.77,40.25,38.21,18.87,60.73,32.25,49.68,37.36,68.0,89.29,87.86,48.08,59.09,77.2,107.33,46.39,88.09,73.38,97.41,34.93,81.61,76.01,40.0,98.43,46.07,86.35,78.29,45.71,68.12,57.08,50.16,48.08
3,75.29,21.54,33.53,0.0,31.62,46.86,82.22,95.41,42.8,55.61,84.38,50.36,86.76,76.66,87.73,34.0,97.84,4.47,68.47,16.49,42.43,50.0,42.19,73.38,34.06,50.0,76.42,77.28,70.23,71.22,83.74,117.46,44.41,82.87,80.72,82.0,33.94,97.65,90.8,14.0,82.05,73.82,98.41,61.01,53.15,64.4,58.6,53.81,58.41
4,43.86,34.06,38.63,31.62,0.0,18.44,60.93,67.23,11.31,27.2,58.86,26.83,55.71,60.17,57.2,30.53,67.68,29.73,53.14,17.2,31.24,22.36,18.44,52.15,4.0,30.0,50.99,50.16,48.04,42.05,52.35,86.28,12.81,52.95,49.52,58.82,6.32,68.88,61.72,21.63,59.81,57.01,68.01,39.82,23.77,33.53,27.02,22.8,29.73
5,30.46,41.23,40.2,46.86,18.44,0.0,66.84,49.19,10.77,8.94,60.83,36.06,48.04,44.72,41.04,30.07,50.99,46.04,38.83,34.93,24.74,28.43,8.0,34.93,14.56,41.18,53.85,50.99,30.59,24.41,38.47,71.22,11.66,48.66,34.99,63.25,13.42,51.11,44.1,39.4,65.0,41.59,51.62,48.27,6.4,29.12,17.03,10.0,11.66
6,59.09,93.68,99.54,82.22,60.93,66.84,0.0,91.08,57.69,69.31,14.14,34.18,44.18,109.12,73.38,91.24,82.0,78.1,104.65,66.75,89.89,39.45,73.24,96.83,62.61,32.56,15.23,20.88,92.46,72.72,62.64,86.09,56.04,34.23,63.91,6.0,65.3,89.84,83.82,68.26,3.0,106.22,80.6,21.59,65.76,41.62,53.91,59.4,69.43
7,32.56,84.85,78.41,95.41,67.23,49.19,91.08,0.0,56.92,40.25,78.79,74.03,49.4,42.19,17.89,69.43,13.42,95.02,45.61,84.1,59.67,66.12,53.25,31.62,63.56,80.02,75.89,70.23,31.3,25.3,28.64,34.0,56.32,58.14,27.2,85.44,62.61,4.0,7.28,88.57,88.26,41.59,15.65,81.5,43.46,52.35,45.28,45.61,37.58
8,32.56,42.43,44.41,42.8,11.31,10.77,57.69,56.92,0.0,18.0,53.14,25.61,45.61,55.46,46.04,34.93,56.6,41.04,49.4,28.43,32.25,18.44,15.62,45.61,8.94,30.53,45.69,43.68,41.23,31.62,41.04,74.97,2.0,44.05,38.21,54.59,10.2,58.31,51.08,32.8,56.08,52.33,56.86,38.18,14.04,24.08,15.81,11.66,20.1
9,24.33,48.37,45.61,55.61,27.2,8.94,69.31,40.25,18.0,0.0,61.61,41.23,44.41,40.0,32.8,35.44,42.43,54.92,35.38,43.86,28.07,33.11,14.42,28.64,23.41,46.82,55.32,51.61,24.17,15.62,31.62,63.25,18.11,46.82,27.86,65.12,22.36,42.19,35.23,48.33,67.18,37.01,43.19,52.48,4.12,28.84,15.81,10.0,2.83
10,47.71,92.78,97.02,84.38,58.86,60.83,14.14,78.79,53.14,61.61,0.0,34.06,30.59,100.5,60.93,87.93,68.96,80.62,96.83,68.12,85.09,36.5,68.03,87.68,59.67,34.93,8.0,10.0,83.45,62.48,50.16,72.03,51.26,20.88,51.88,8.25,62.1,77.25,71.59,70.46,11.18,97.74,67.45,24.7,58.52,32.8,45.8,52.15,61.22
11,42.76,59.67,65.39,50.36,26.83,36.06,34.18,74.03,25.61,41.23,34.06,0.0,42.52,80.62,58.86,57.31,69.43,46.69,74.89,34.06,56.85,8.25,41.04,69.86,28.84,6.0,26.08,27.2,65.39,50.36,50.0,82.29,24.41,35.61,49.03,32.56,31.62,74.24,67.12,36.5,33.24,77.52,68.88,13.04,37.16,23.41,29.15,31.62,42.38
12,22.36,87.86,88.2,86.76,55.71,48.04,44.18,49.4,45.61,44.41,30.59,42.52,0.0,77.9,31.62,78.1,38.63,84.12,76.16,70.71,72.11,38.42,56.04,64.5,54.41,47.2,30.07,24.08,60.83,38.47,21.26,42.76,43.68,10.0,24.08,38.21,55.79,47.41,42.44,74.43,41.19,75.59,37.0,42.54,43.05,22.36,31.14,38.05,42.76
13,55.57,58.82,48.33,76.66,60.17,44.72,109.12,42.19,55.46,40.0,100.5,80.62,77.9,0.0,51.42,43.17,54.04,78.23,8.25,72.25,34.23,72.72,41.76,13.42,56.32,85.88,94.76,90.55,17.2,39.45,58.31,76.11,56.36,83.23,54.63,104.69,53.85,46.17,44.1,76.11,106.89,3.16,56.08,92.36,43.83,67.88,55.23,50.0,39.7
14,16.12,80.99,76.97,87.73,57.2,41.04,73.38,17.89,46.04,32.8,60.93,58.86,31.62,51.42,0.0,67.08,10.77,86.56,52.15,74.4,58.31,51.42,47.2,38.47,54.04,64.78,58.24,52.5,36.06,17.89,10.77,30.53,44.94,40.25,10.0,67.68,53.81,16.49,10.82,78.82,70.52,49.82,10.82,65.01,34.66,36.06,31.78,34.41,30.0
15,59.67,16.12,10.2,34.0,30.53,30.07,91.24,69.43,34.93,35.44,87.93,57.31,78.1,43.17,67.08,0.0,75.47,36.22,34.93,34.0,10.0,52.0,22.09,42.19,28.64,60.46,80.32,78.59,40.0,49.19,67.05,97.53,36.88,78.23,63.25,88.77,26.0,72.47,66.61,36.77,89.96,40.52,76.66,70.33,35.51,58.31,47.01,40.05,37.95
16,26.68,90.0,85.09,97.84,67.68,50.99,82.0,13.42,56.6,42.43,68.96,69.43,38.63,54.04,10.77,75.47,0.0,96.83,56.32,84.88,66.24,62.1,56.64,42.19,64.4,75.31,67.08,61.19,40.79,26.91,20.0,22.8,55.57,48.08,20.4,76.16,64.03,10.0,10.05,89.31,79.08,53.01,2.24,75.06,44.69,46.39,42.54,44.94,39.6
17,73.59,25.06,36.77,4.47,29.73,46.04,78.1,95.02,41.04,54.92,80.62,46.69,84.12,78.23,86.56,36.22,96.83,0.0,70.11,13.42,44.05,46.82,42.05,74.22,32.56,46.04,72.69,73.76,70.88,70.46,82.07,115.97,42.52,79.85,79.2,78.03,32.8,97.1,90.14,10.2,78.01,75.33,97.31,57.01,52.2,61.77,56.73,52.35,57.69
18,53.85,50.6,40.25,68.47,53.14,38.83,104.65,45.61,49.4,35.38,96.83,74.89,76.16,8.25,52.15,34.93,56.32,70.11,0.0,64.5,26.08,67.2,34.93,14.14,49.4,79.92,90.69,86.83,16.12,37.95,57.72,78.92,50.48,80.62,53.85,100.5,46.82,49.48,46.27,68.26,102.55,5.83,58.22,87.01,38.9,64.03,51.09,45.25,35.61
19,60.83,28.84,38.21,16.49,17.2,34.93,66.75,84.1,28.43,43.86,68.12,34.06,70.71,72.25,74.4,34.0,84.88,13.42,64.5,0.0,39.29,33.53,32.56,66.27,20.59,34.23,60.13,60.83,62.51,59.06,69.31,103.32,29.73,66.48,66.6,66.12,21.54,85.88,78.77,4.47,66.37,69.18,85.21,45.28,40.71,48.37,43.84,40.0,46.52
20,52.35,26.08,18.87,42.43,31.24,24.74,89.89,59.67,32.25,28.07,85.09,56.85,72.11,34.23,58.31,10.0,66.24,44.05,26.08,39.29,0.0,50.48,17.09,32.25,28.28,60.83,77.82,75.39,30.0,40.5,59.23,88.57,34.0,73.35,55.32,86.83,25.46,62.8,57.14,42.76,88.32,31.4,67.54,69.81,29.07,53.85,41.59,34.53,30.27
21,35.44,56.32,60.73,50.0,22.36,28.43,39.45,66.12,18.44,33.11,36.5,8.25,38.42,72.72,51.42,52.0,62.1,46.82,67.2,33.53,50.48,0.0,34.06,61.74,23.41,14.14,28.64,28.0,57.27,42.19,43.08,76.16,16.97,33.11,41.76,36.77,26.0,66.48,59.3,36.77,38.01,69.64,61.68,19.85,29.07,17.2,21.02,23.41,34.18
22,37.95,34.0,32.25,42.19,18.44,8.0,73.24,53.25,15.62,14.42,68.03,41.04,56.04,41.76,47.2,22.09,56.64,42.05,34.93,32.56,17.09,34.06,0.0,34.0,14.56,45.61,60.83,58.31,30.07,29.73,45.69,77.67,17.2,56.57,42.05,69.97,12.17,55.61,48.92,36.88,71.56,38.6,57.49,53.76,13.6,36.88,25.02,18.0,17.2
23,42.19,58.31,49.68,73.38,52.15,34.93,96.83,31.62,45.61,28.64,87.68,69.86,64.5,13.42,38.47,42.19,42.19,74.22,14.14,66.27,32.25,61.74,34.0,0.0,48.17,75.39,82.22,77.79,4.47,26.08,44.94,64.78,46.17,70.0,41.23,92.2,46.04,35.44,32.14,70.46,94.49,11.4,44.1,81.01,32.7,55.32,43.01,38.47,27.78
24,41.23,34.06,37.36,34.06,4.0,14.56,62.61,63.56,8.94,23.41,59.67,28.84,54.41,56.32,54.04,28.64,64.4,32.56,49.4,20.59,28.28,23.41,14.56,48.17,0.0,32.56,51.92,50.64,44.05,38.47,49.68,83.45,10.77,52.35,46.69,60.17,2.83,65.3,58.18,25.06,61.33,53.16,64.82,41.88,20.12,32.56,24.7,19.8,26.0
25,48.66,61.35,68.0,50.0,30.0,41.18,32.56,80.02,30.53,46.82,34.93,6.0,47.2,85.88,64.78,60.46,75.31,46.04,79.92,34.23,60.83,14.14,45.61,75.39,32.56,0.0,27.2,29.53,70.94,56.32,55.79,87.73,29.53,39.6,54.92,32.0,35.38,80.22,73.11,36.0,32.14,82.76,74.73,11.05,42.72,29.12,35.13,37.36,48.08
26,43.86,84.85,89.29,76.42,50.99,53.85,15.23,75.89,45.69,55.32,8.0,26.08,30.07,94.76,58.24,80.32,67.08,72.69,90.69,60.13,77.82,28.64,60.83,82.22,51.92,27.2,0.0,6.0,77.9,57.69,47.54,72.69,43.86,20.1,48.7,10.0,54.41,74.73,68.62,62.51,12.53,91.92,65.76,17.49,52.01,26.91,39.62,45.61,55.17
27,38.47,84.21,87.86,77.28,50.16,50.99,20.88,70.23,43.68,51.61,10.0,27.2,24.08,90.55,52.5,78.59,61.19,73.76,86.83,60.83,75.39,28.0,58.31,77.79,50.64,29.53,6.0,0.0,73.54,52.8,41.76,66.75,41.76,14.14,43.08,15.23,52.95,68.96,62.97,63.56,18.03,87.78,59.84,21.21,48.55,22.8,35.81,42.19,51.22
28,38.47,56.04,48.08,70.23,48.04,30.59,92.46,31.3,41.23,24.17,83.45,65.39,60.83,17.2,36.06,40.0,40.79,70.88,16.12,62.51,30.0,57.27,30.07,4.47,44.05,70.94,77.9,73.54,0.0,22.36,41.76,63.56,41.76,66.03,37.95,87.86,42.0,34.93,30.81,66.75,90.14,14.76,42.58,76.54,28.23,50.99,38.6,34.0,23.32
29,16.12,63.25,59.09,71.22,42.05,24.41,72.72,25.3,31.62,15.62,62.48,50.36,38.47,39.45,17.89,49.19,26.91,70.46,37.95,59.06,40.5,42.19,29.73,26.08,38.47,56.32,57.69,52.8,22.36,0.0,20.1,48.37,31.05,44.05,16.12,67.68,37.74,26.83,19.72,63.53,70.18,37.12,27.8,59.48,18.36,31.3,21.21,20.4,12.81
30,8.49,79.62,77.2,83.74,52.35,38.47,62.64,28.64,41.04,31.62,50.16,50.0,21.26,58.31,10.77,67.05,20.0,82.07,57.72,69.31,59.23,43.08,45.69,44.94,49.68,55.79,47.54,41.76,41.76,20.1,0.0,34.06,39.6,29.53,4.0,56.92,50.0,27.2,21.47,73.59,59.77,56.3,19.1,55.08,32.2,26.68,25.5,30.0,29.12
31,42.52,111.52,107.33,117.46,86.28,71.22,86.09,34.0,74.97,63.25,72.03,82.29,42.76,76.11,30.53,97.53,22.8,115.97,78.92,103.32,88.57,76.16,77.67,64.78,83.45,87.73,72.69,66.75,63.56,48.37,34.06,0.0,73.59,52.61,36.77,80.1,83.55,30.0,32.76,107.63,83.1,75.33,21.19,84.77,64.82,59.06,59.55,63.66,60.46
32,31.11,44.41,46.39,44.41,12.81,11.66,56.04,56.32,2.0,18.11,51.26,24.41,43.68,56.36,44.94,36.88,55.57,42.52,50.48,29.73,34.0,16.97,17.2,46.17,10.77,29.53,43.86,41.76,41.76,31.05,39.6,73.59,0.0,42.05,36.88,52.84,12.17,57.58,50.33,34.06,54.38,53.24,55.76,36.8,14.04,22.09,14.21,10.77,20.0
33,28.28,86.37,88.09,82.87,52.95,48.66,34.23,58.14,44.05,46.82,20.88,35.61,10.0,83.23,40.25,78.23,48.08,79.85,80.62,66.48,73.35,33.11,56.57,70.0,52.35,39.6,20.1,14.14,66.03,44.05,29.53,52.61,42.05,0.0,31.62,28.28,54.15,56.46,51.0,69.86,31.26,80.71,46.57,33.62,44.64,20.0,31.78,38.83,45.69
34,6.32,76.03,73.38,80.72,49.52,34.99,63.91,27.2,38.21,27.86,51.88,49.03,24.08,54.63,10.0,63.25,20.4,79.2,53.85,66.6,55.32,41.76,42.05,41.23,46.69,54.92,48.7,43.08,37.95,16.12,4.0,36.77,36.88,31.62,0.0,58.31,46.86,26.31,19.92,70.94,61.1,52.55,19.92,55.01,28.65,26.08,23.02,26.91,25.3
35,53.67,92.2,97.41,82.0,58.82,63.25,6.0,85.44,54.59,65.12,8.25,32.56,38.21,104.69,67.68,88.77,76.16,78.03,100.5,66.12,86.83,36.77,69.97,92.2,60.17,32.0,10.0,15.23,87.86,67.68,56.92,80.1,52.84,28.28,58.31,0.0,62.77,84.12,78.19,68.0,3.0,101.83,74.73,21.02,61.72,36.88,49.5,55.32,65.05
36,41.62,32.25,34.93,33.94,6.32,13.42,65.3,62.61,10.2,22.36,62.1,31.62,55.79,53.85,53.81,26.0,64.03,32.8,46.82,21.54,25.46,26.0,12.17,46.04,2.83,35.38,54.41,52.95,42.0,37.74,50.0,83.55,12.17,54.15,46.86,62.77,0.0,64.5,57.45,26.0,63.98,50.7,64.54,44.65,19.42,34.23,25.5,20.0,25.06
37,32.06,87.73,81.61,97.65,68.88,51.11,89.84,4.0,58.31,42.19,77.25,74.24,47.41,46.17,16.49,72.47,10.0,97.1,49.48,85.88,62.8,66.48,55.61,35.44,65.3,80.22,74.73,68.96,34.93,26.83,27.2,30.0,57.58,56.46,26.31,84.12,64.5,0.0,7.28,90.35,86.98,45.54,12.21,81.15,45.18,52.04,45.89,46.82,39.45
38,25.32,81.57,76.01,90.8,61.72,44.1,83.82,7.28,51.08,35.23,71.59,67.12,42.44,44.1,10.82,66.61,10.05,90.14,46.27,78.77,57.14,59.3,48.92,32.14,58.18,73.11,68.62,62.97,30.81,19.72,21.47,32.76,50.33,51.0,19.92,78.19,57.45,7.28,0.0,83.24,80.99,43.0,12.0,74.33,38.08,45.18,38.64,39.56,32.45
39,65.12,29.73,40.0,14.0,21.63,39.4,68.26,88.57,32.8,48.33,70.46,36.5,74.43,76.11,78.82,36.77,89.31,10.2,68.26,4.47,42.76,36.77,36.88,70.46,25.06,36.0,62.51,63.56,66.75,63.53,73.59,107.63,34.06,69.86,70.94,68.0,26.0,90.35,83.24,0.0,68.07,73.06,89.63,47.01,45.18,52.15,48.1,44.41,50.99
40,56.36,92.89,98.43,82.05,59.81,65.0,3.0,88.26,56.08,67.18,11.18,33.24,41.19,106.89,70.52,89.96,79.08,78.01,102.55,66.37,88.32,38.01,71.56,94.49,61.33,32.14,12.53,18.03,90.14,70.18,59.77,83.1,54.38,31.26,61.1,3.0,63.98,86.98,80.99,68.07,0.0,104.0,77.67,21.1,63.7,39.2,51.66,57.31,67.21
41,53.24,56.3,46.07,73.82,57.01,41.59,106.22,41.59,52.33,37.01,97.74,77.52,75.59,3.16,49.82,40.52,53.01,75.33,5.83,69.18,31.4,69.64,38.6,11.4,53.16,82.76,91.92,87.78,14.76,37.12,56.3,75.33,53.24,80.71,52.55,101.83,50.7,45.54,43.0,73.06,104.0,0.0,55.0,89.31,40.8,65.07,52.35,47.01,36.8
42,26.25,91.02,86.35,98.41,68.01,51.62,80.6,15.65,56.86,43.19,67.45,68.88,37.0,56.08,10.82,76.66,2.24,97.31,58.22,85.21,67.54,61.68,57.49,44.1,64.82,74.73,65.76,59.84,42.58,27.8,19.1,21.19,55.76,46.57,19.92,74.73,64.54,12.21,12.0,89.63,77.67,55.0,0.0,74.17,45.28,45.71,42.49,45.22,40.36
43,49.09,72.12,78.29,61.01,39.82,48.27,21.59,81.5,38.18,52.48,24.7,13.04,42.54,92.36,65.01,70.33,75.06,57.01,87.01,45.28,69.81,19.85,53.76,81.01,41.88,11.05,17.49,21.21,76.54,59.48,55.08,84.77,36.8,33.62,55.01,21.02,44.65,81.15,74.33,47.01,21.1,89.31,74.17,0.0,48.55,29.15,38.63,42.54,53.24
44,24.35,47.42,45.71,53.15,23.77,6.4,65.76,43.46,14.04,4.12,58.52,37.16,43.05,43.83,34.66,35.51,44.69,52.2,38.9,40.71,29.07,29.07,13.6,32.7,20.12,42.72,52.01,48.55,28.23,18.36,32.2,64.82,14.04,44.64,28.65,61.72,19.42,45.18,38.08,45.18,63.7,40.8,45.28,48.55,0.0,25.94,13.0,6.4,6.08
45,20.0,66.48,68.12,64.4,33.53,29.12,41.62,52.35,24.08,28.84,32.8,23.41,22.36,67.88,36.06,58.31,46.39,61.77,64.03,48.37,53.85,17.2,36.88,55.32,32.56,29.12,26.91,22.8,50.99,31.3,26.68,59.06,22.09,20.0,26.08,36.88,34.23,52.04,45.18,52.15,39.2,65.07,45.71,29.15,25.94,0.0,13.04,19.7,28.43
46,17.03,57.01,57.08,58.6,27.02,17.03,53.91,45.28,15.81,15.81,45.8,29.15,31.14,55.23,31.78,47.01,42.54,56.73,51.09,43.84,41.59,21.02,25.02,43.01,24.7,35.13,39.62,35.81,38.6,21.21,25.5,59.55,14.21,31.78,23.02,49.5,25.5,45.89,38.64,48.1,51.66,52.35,42.49,38.63,13.0,13.04,0.0,7.07,15.56
47,21.63,50.6,50.16,53.81,22.8,10.0,59.4,45.61,11.66,10.0,52.15,31.62,38.05,50.0,34.41,40.05,44.94,52.35,45.25,40.0,34.53,23.41,18.0,38.47,19.8,37.36,45.61,42.19,34.0,20.4,30.0,63.66,10.77,38.83,26.91,55.32,20.0,46.82,39.56,44.41,57.31,47.01,45.22,42.54,6.4,19.7,7.07,0.0,10.77
48,22.09,51.11,48.08,58.41,29.73,11.66,69.43,37.58,20.1,2.83,61.22,42.38,42.76,39.7,30.0,37.95,39.6,57.69,35.61,46.52,30.27,34.18,17.2,27.78,26.0,48.08,55.17,51.22,23.32,12.81,29.12,60.46,20.0,45.69,25.3,65.05,25.06,39.45,32.45,50.99,67.21,36.8,40.36,53.24,6.08,28.43,15.56,10.77,0.0
