set K:= 1	2	3	4	5;
set C_H:= 1	2	3	4	5	6	7	8	9	10	11	12;
set C_S:= 13	14	15	16	17	18	19	20	21	22	23	24;
set C_F:= 25	26	27	28	29	30	31	32	33	34	35	36;
set M:= 0	1;
set M_B:= 2	3;
set L_B:= 39	40	41	42	43	44	45	46	47;
set A1:=
(0,*) 1 2 3 4 5 6 7 8 9 10 11 12 25 26 27 28 29 30 31 32 33 34 35 36 1 2 3 39 40 41 42 43 44 45 46 47
(1,*) 0 2 3 4 5 6 7 8 9 10 11 12 25 26 27 28 29 30 31 32 33 34 35 36 0 2 3 39 40 41 42 43 44 45 46 47
(2,*) 0 1 3 4 5 6 7 8 9 10 11 12 25 26 27 28 29 30 31 32 33 34 35 36 0 1 3 39 40 41 42 43 44 45 46 47
(3,*) 0 1 2 4 5 6 7 8 9 10 11 12 25 26 27 28 29 30 31 32 33 34 35 36 0 1 2 39 40 41 42 43 44 45 46 47
(4,*) 0 1 2 3 5 6 7 8 9 10 11 12 25 26 27 28 29 30 31 32 33 34 35 36 0 1 2 3 39 40 41 42 43 44 45 46 47
(5,*) 0 1 2 3 4 6 7 8 9 10 11 12 25 26 27 28 29 30 31 32 33 34 35 36 0 1 2 3 39 40 41 42 43 44 45 46 47
(6,*) 0 1 2 3 4 5 7 8 9 10 11 12 25 26 27 28 29 30 31 32 33 34 35 36 0 1 2 3 39 40 41 42 43 44 45 46 47
(7,*) 0 1 2 3 4 5 6 8 9 10 11 12 25 26 27 28 29 30 31 32 33 34 35 36 0 1 2 3 39 40 41 42 43 44 45 46 47
(8,*) 0 1 2 3 4 5 6 7 9 10 11 12 25 26 27 28 29 30 31 32 33 34 35 36 0 1 2 3 39 40 41 42 43 44 45 46 47
(9,*) 0 1 2 3 4 5 6 7 8 10 11 12 25 26 27 28 29 30 31 32 33 34 35 36 0 1 2 3 39 40 41 42 43 44 45 46 47
(10,*) 0 1 2 3 4 5 6 7 8 9 11 12 25 26 27 28 29 30 31 32 33 34 35 36 0 1 2 3 39 40 41 42 43 44 45 46 47
(11,*) 0 1 2 3 4 5 6 7 8 9 10 12 25 26 27 28 29 30 31 32 33 34 35 36 0 1 2 3 39 40 41 42 43 44 45 46 47
(12,*) 0 1 2 3 4 5 6 7 8 9 10 11 25 26 27 28 29 30 31 32 33 34 35 36 0 1 2 3 39 40 41 42 43 44 45 46 47
(25,*) 0 1 2 3 4 5 6 7 8 9 10 11 12 26 27 28 29 30 31 32 33 34 35 36 0 1 2 3 39 40 41 42 43 44 45 46 47
(26,*) 0 1 2 3 4 5 6 7 8 9 10 11 12 25 27 28 29 30 31 32 33 34 35 36 0 1 2 3 39 40 41 42 43 44 45 46 47
(27,*) 0 1 2 3 4 5 6 7 8 9 10 11 12 25 26 28 29 30 31 32 33 34 35 36 0 1 2 3 39 40 41 42 43 44 45 46 47
(28,*) 0 1 2 3 4 5 6 7 8 9 10 11 12 25 26 27 29 30 31 32 33 34 35 36 0 1 2 3 39 40 41 42 43 44 45 46 47
(29,*) 0 1 2 3 4 5 6 7 8 9 10 11 12 25 26 27 28 30 31 32 33 34 35 36 0 1 2 3 39 40 41 42 43 44 45 46 47
(30,*) 0 1 2 3 4 5 6 7 8 9 10 11 12 25 26 27 28 29 31 32 33 34 35 36 0 1 2 3 39 40 41 42 43 44 45 46 47
(31,*) 0 1 2 3 4 5 6 7 8 9 10 11 12 25 26 27 28 29 30 32 33 34 35 36 0 1 2 3 39 40 41 42 43 44 45 46 47
(32,*) 0 1 2 3 4 5 6 7 8 9 10 11 12 25 26 27 28 29 30 31 33 34 35 36 0 1 2 3 39 40 41 42 43 44 45 46 47
(33,*) 0 1 2 3 4 5 6 7 8 9 10 11 12 25 26 27 28 29 30 31 32 34 35 36 0 1 2 3 39 40 41 42 43 44 45 46 47
(34,*) 0 1 2 3 4 5 6 7 8 9 10 11 12 25 26 27 28 29 30 31 32 33 35 36 0 1 2 3 39 40 41 42 43 44 45 46 47
(35,*) 0 1 2 3 4 5 6 7 8 9 10 11 12 25 26 27 28 29 30 31 32 33 34 36 0 1 2 3 39 40 41 42 43 44 45 46 47
(36,*) 0 1 2 3 4 5 6 7 8 9 10 11 12 25 26 27 28 29 30 31 32 33 34 35 0 1 2 3 39 40 41 42 43 44 45 46 47
(0,*) 1 2 3 4 5 6 7 8 9 10 11 12 25 26 27 28 29 30 31 32 33 34 35 36 1 2 3 39 40 41 42 43 44 45 46 47
(1,*) 0 2 3 4 5 6 7 8 9 10 11 12 25 26 27 28 29 30 31 32 33 34 35 36 0 2 3 39 40 41 42 43 44 45 46 47
(2,*) 0 1 3 4 5 6 7 8 9 10 11 12 25 26 27 28 29 30 31 32 33 34 35 36 0 1 3 39 40 41 42 43 44 45 46 47
(3,*) 0 1 2 4 5 6 7 8 9 10 11 12 25 26 27 28 29 30 31 32 33 34 35 36 0 1 2 39 40 41 42 43 44 45 46 47
(39,*) 0 1 2 3 4 5 6 7 8 9 10 11 12 25 26 27 28 29 30 31 32 33 34 35 36 0 1 2 3 40 41 42 43 44 45 46 47
(40,*) 0 1 2 3 4 5 6 7 8 9 10 11 12 25 26 27 28 29 30 31 32 33 34 35 36 0 1 2 3 39 41 42 43 44 45 46 47
(41,*) 0 1 2 3 4 5 6 7 8 9 10 11 12 25 26 27 28 29 30 31 32 33 34 35 36 0 1 2 3 39 40 42 43 44 45 46 47
(42,*) 0 1 2 3 4 5 6 7 8 9 10 11 12 25 26 27 28 29 30 31 32 33 34 35 36 0 1 2 3 39 40 41 43 44 45 46 47
(43,*) 0 1 2 3 4 5 6 7 8 9 10 11 12 25 26 27 28 29 30 31 32 33 34 35 36 0 1 2 3 39 40 41 42 44 45 46 47
(44,*) 0 1 2 3 4 5 6 7 8 9 10 11 12 25 26 27 28 29 30 31 32 33 34 35 36 0 1 2 3 39 40 41 42 43 45 46 47
(45,*) 0 1 2 3 4 5 6 7 8 9 10 11 12 25 26 27 28 29 30 31 32 33 34 35 36 0 1 2 3 39 40 41 42 43 44 46 47
(46,*) 0 1 2 3 4 5 6 7 8 9 10 11 12 25 26 27 28 29 30 31 32 33 34 35 36 0 1 2 3 39 40 41 42 43 44 45 47
(47,*) 0 1 2 3 4 5 6 7 8 9 10 11 12 25 26 27 28 29 30 31 32 33 34 35 36 0 1 2 3 39 40 41 42 43 44 45 46
;
set A2:=
(0,*) 1
(1,*) 0
;
param BigM:=99999;
param n:= 5;
param d:=
1	13
2	8
3	3
4	6
5	19
6	4
7	7
8	16
9	9
10	6
11	20
12	20
13	18
14	1
15	24
16	2
17	5
18	16
19	22
20	2
21	9
22	2
23	23
24	7
25	16
26	1
27	23
28	7
29	27
30	7
31	23
32	2
33	12
34	1
35	19
36	7
;
param Q:=100;
param w:=
[0,*] 1 0.1
[1,*] 0 0.1
;
param V:=
[0,*] 1 94
[1,*] 0 94
;
param e:
	37	38	39	40	41	42	43	44	45	46	47:=
13		0		0		0		0		1		0		0		0		0		0		0	
14		1		0		1		0		0		0		0		0		0		0		0	
15		0		0		0		0		0		0		0		0		0		1		0	
16		1		0		1		0		0		0		0		0		0		0		1	
17		0		0		0		0		0		0		0		1		0		0		0	
18		0		0		0		0		0		0		0		0		1		0		1	
19		0		0		0		0		0		0		0		0		0		0		1	
20		0		0		0		0		0		0		0		0		0		0		1	
21		0		0		0		0		0		1		0		0		0		0		0	
22		0		0		0		0		0		1		0		0		0		0		0	
23		0		0		0		0		0		0		0		1		0		0		0	
24		0		0		0		0		0		0		0		1		0		0		0	
25		0		0		0		0		0		0		1		0		1		1		1	
26		0		0		0		0		0		0		1		1		0		1		1	
27		0		0		0		0		1		0		0		0		0		0		0	
28		0		1		0		1		0		0		0		0		0		0		0	
29		1		0		1		0		0		0		0		0		0		0		0	
30		0		0		0		0		0		0		1		0		0		1		1	
31		0		0		0		0		0		0		1		1		1		1		1	
32		1		0		1		0		0		0		0		0		0		0		0	
33		1		0		1		0		0		0		0		0		0		0		0	
34		0		0		0		0		0		1		0		0		0		0		0	
35		0		0		0		0		0		0		0		1		0		0		0	
36		0		1		0		1		0		0		0		0		0		0		0	
;
param p:=
1	3
2	3
3	3
4	3
5	3
;
param G:=
37	72
38	94
39	72
40	94
41	71
42	90
43	91
44	73
45	83
46	73
47	78
;
param s:=
0	0
1	10
2	10
3	10
4	10
5	10
6	10
7	10
8	10
9	10
10	10
11	10
12	10
25	10
26	10
27	10
28	10
29	10
30	10
31	10
32	10
33	10
34	10
35	10
36	10
37	10
38	10
39	10
40	10
41	10
42	10
43	10
44	10
45	10
46	10
47	10
;
param t:
	0	1	2	3	4	5	6	7	8	9	10	11	12	13	14	15	16	17	18	19	20	21	22	23	24	25	26	27	28	29	30	31	32	33	34	35	36	37	38	39	40	41	42	43	44	45	46	47:=
0	0.0	33.24	48.83	47.54	70.43	34.06	53.0	56.32	25.81	29.15	37.2	47.42	17.46	58.14	55.17	36.22	41.76	2.83	12.21	60.21	44.28	42.01	34.83	29.07	14.42	21.0	17.49	69.89	21.02	54.92	36.69	6.4	47.38	62.2	33.6	30.02	45.61	49.93	33.62	49.93	33.62	64.66	44.94	17.03	18.03	24.19	15.52	28.16
1	33.24	0.0	41.0	57.49	100.57	34.37	77.67	81.02	28.79	38.01	55.97	74.43	38.21	75.03	86.4	55.07	67.48	34.48	28.32	80.5	72.14	73.82	58.86	57.01	39.0	45.28	50.57	70.46	14.87	87.71	63.03	31.91	78.82	94.67	53.16	48.08	27.29	82.76	1.0	82.76	1.0	67.07	73.11	41.73	50.22	38.08	44.2	52.5
2	48.83	41.0	0.0	27.2	88.23	15.23	101.79	61.74	23.02	71.4	84.9	95.88	64.38	46.86	78.92	36.88	53.37	51.61	36.62	55.22	60.21	86.98	83.6	77.7	62.48	40.61	58.19	30.02	34.67	86.02	51.48	42.72	73.25	90.45	81.39	77.08	16.49	82.01	41.98	82.01	41.98	27.66	93.06	40.52	64.85	28.86	45.88	43.0
3	47.54	57.49	27.2	0.0	62.97	23.41	95.67	35.44	29.15	75.96	84.12	88.41	65.0	19.8	56.14	16.12	30.27	50.16	37.85	28.02	37.22	75.0	79.88	72.01	61.74	29.21	48.1	25.24	45.1	65.51	30.36	41.44	51.97	68.36	80.53	77.39	41.23	62.36	58.46	62.36	58.46	19.42	84.85	31.91	57.63	23.77	36.4	26.4
4	70.43	100.57	88.23	62.97	0.0	77.39	83.01	28.02	76.32	93.47	87.8	75.01	80.06	48.09	16.16	51.62	35.34	70.8	72.25	39.32	29.15	56.04	78.85	70.34	76.06	55.61	54.38	83.05	85.8	25.08	38.59	69.31	23.71	18.97	85.44	86.03	97.94	28.07	101.24	28.07	101.24	78.0	71.03	58.9	61.74	65.51	56.57	49.09
5	34.06	34.37	15.23	23.41	77.39	0.0	86.84	52.8	8.6	58.67	70.77	80.78	50.33	42.19	66.48	26.08	42.05	36.88	21.93	49.04	48.47	71.78	68.88	62.68	48.08	26.02	43.01	38.28	23.54	72.44	39.22	27.8	60.21	77.47	67.21	63.13	20.59	68.18	35.36	68.18	35.36	33.96	77.9	25.5	49.65	14.04	30.81	29.61
6	53.0	77.67	101.79	95.67	83.01	86.84	0.0	86.98	78.77	42.01	23.09	8.25	39.85	98.98	68.36	80.6	75.58	50.25	65.19	96.66	72.8	27.17	18.97	24.21	40.31	66.53	47.63	120.22	71.31	58.01	71.59	59.08	63.15	65.19	25.02	30.07	97.58	55.08	77.47	55.08	77.47	114.59	12.37	64.35	38.18	75.17	59.41	70.0
7	56.32	81.02	61.74	35.44	28.02	52.8	86.98	0.0	53.76	84.01	84.21	78.77	70.58	20.4	26.08	26.91	14.56	57.72	53.71	12.53	14.32	60.84	76.79	67.74	66.48	36.67	45.01	55.15	66.29	38.42	19.65	52.92	26.25	38.01	81.1	80.01	73.24	37.48	81.84	37.48	81.84	50.01	74.67	40.72	55.04	43.28	40.8	29.07
8	25.81	28.79	23.02	29.15	76.32	8.6	78.77	53.76	0.0	50.12	62.24	72.95	41.77	46.24	64.08	27.02	41.4	28.6	13.6	51.97	47.17	65.0	60.61	54.71	39.62	21.84	36.5	46.62	16.0	68.66	37.74	19.72	57.25	74.33	58.69	54.56	23.19	64.13	29.73	64.13	29.73	42.06	70.21	20.1	42.15	10.82	25.0	27.29
9	29.15	38.01	71.4	75.96	93.47	58.67	42.01	84.01	50.12	0.0	19.03	41.0	13.6	87.28	77.37	65.38	69.58	27.02	38.28	89.02	70.83	48.01	25.0	28.02	17.72	50.09	39.85	96.61	36.88	73.01	64.5	34.71	69.78	81.02	17.12	12.37	62.37	68.24	37.58	68.24	37.58	91.79	41.11	46.17	31.76	52.2	44.01	57.0
10	37.2	55.97	84.9	84.12	87.8	70.77	23.09	84.21	62.24	19.03	0.0	23.26	20.52	91.76	71.81	70.94	70.71	34.41	48.92	91.59	70.06	35.23	9.43	17.46	22.8	55.54	39.62	107.07	51.87	64.62	65.92	43.6	64.94	72.62	3.61	8.06	78.23	60.41	55.66	60.41	55.66	101.79	24.41	52.33	29.27	61.29	48.47	61.03
11	47.42	74.43	95.88	88.41	75.01	80.78	8.25	78.77	72.95	41.0	23.26	0.0	36.22	91.07	60.21	73.11	67.54	44.78	59.48	88.57	64.62	19.03	16.12	18.38	35.9	59.41	40.31	113.17	66.76	50.09	63.63	53.24	54.92	57.43	24.04	28.64	92.7	47.01	74.33	47.01	74.33	107.49	4.12	57.49	31.4	68.6	52.4	62.48
12	17.46	38.21	64.38	65.0	80.06	50.33	39.85	70.58	41.77	13.6	20.52	36.22	0.0	74.81	64.01	53.15	56.22	14.87	28.6	76.03	57.27	38.08	20.88	19.24	4.12	37.66	26.25	87.13	31.76	60.31	51.16	23.71	56.36	68.25	17.03	12.81	58.18	55.44	38.12	55.44	38.12	81.99	35.0	33.96	18.6	41.59	31.14	44.18
13	58.14	75.03	46.86	19.8	48.09	42.19	98.98	20.4	46.24	87.28	91.76	91.07	74.81	0.0	45.69	22.0	24.08	60.3	51.35	9.22	29.21	74.81	85.8	77.08	71.02	37.22	52.55	35.0	61.4	57.31	27.46	53.0	44.1	57.94	88.32	86.12	60.96	55.47	75.96	55.47	75.96	30.15	87.13	41.11	62.97	37.85	43.74	30.81
14	55.17	86.4	78.92	56.14	16.16	66.48	68.36	26.08	64.08	77.37	71.81	60.21	64.01	45.69	0.0	42.19	26.0	55.32	58.25	38.59	19.0	41.19	62.97	54.34	60.03	42.49	38.6	79.08	71.85	12.81	27.46	54.67	7.81	12.37	69.38	69.89	86.65	13.6	87.01	13.6	87.01	73.55	56.14	45.28	45.62	53.49	42.2	37.0
15	36.22	55.07	36.88	16.12	51.62	26.08	80.6	26.91	27.02	65.38	70.94	73.11	53.15	22.0	42.19	0.0	16.49	38.47	29.61	25.63	23.35	59.03	65.76	57.45	49.48	15.52	33.02	41.34	40.72	50.36	15.03	31.0	37.05	54.01	67.42	64.85	46.65	46.87	55.95	46.87	55.95	35.51	69.43	19.24	43.05	17.0	22.47	10.63
16	41.76	67.48	53.37	30.27	35.34	42.05	75.58	14.56	41.4	69.58	70.71	67.54	56.22	24.08	26.0	16.49	0.0	43.17	39.66	21.19	7.0	50.8	63.79	54.82	52.15	22.47	31.14	54.08	52.63	35.44	5.1	38.48	21.84	38.12	67.48	66.07	62.61	32.7	68.25	32.7	68.25	48.38	63.53	26.42	41.44	30.61	26.25	15.0
17	2.83	34.48	51.61	50.16	70.8	36.88	50.25	57.72	28.6	27.02	34.41	44.78	14.87	60.3	55.32	38.47	43.17	0.0	15.0	62.07	45.31	40.01	32.02	26.4	11.66	23.09	17.03	72.67	23.02	54.41	38.08	9.22	47.51	61.85	30.81	27.29	48.08	49.41	34.79	49.41	34.79	67.42	42.38	19.24	16.03	26.93	17.12	30.02
18	12.21	28.32	36.62	37.85	72.25	21.93	65.19	53.71	13.6	38.28	48.92	59.48	28.6	51.35	58.25	29.61	39.66	15.0	0.0	55.08	43.93	52.61	47.01	41.18	26.17	17.2	25.08	58.67	13.6	60.54	35.0	6.32	50.77	67.08	45.34	41.4	34.37	55.71	29.0	55.71	29.0	53.67	56.86	13.45	29.12	14.14	16.12	24.7
19	60.21	80.5	55.22	28.02	39.32	49.04	96.66	12.53	51.97	89.02	91.59	88.57	76.03	9.22	38.59	25.63	21.19	62.07	55.08	0.0	24.41	71.34	84.9	75.96	72.06	39.32	51.97	44.05	66.31	50.8	25.71	55.73	38.21	50.54	88.28	86.58	68.59	49.58	81.39	49.58	81.39	39.32	84.53	43.42	62.37	42.54	45.01	32.06
20	44.28	72.14	60.21	37.22	29.15	48.47	72.8	14.32	47.17	70.83	70.06	64.62	57.27	29.21	19.0	23.35	7.0	45.31	43.93	24.41	0.0	47.01	62.51	53.46	53.15	26.87	31.26	60.73	57.28	28.79	9.43	41.88	15.23	31.14	67.01	66.12	68.94	26.42	72.86	26.42	72.86	55.08	60.54	30.48	41.01	36.36	29.15	20.0
21	42.01	73.82	86.98	75.0	56.04	71.78	27.17	60.84	65.0	48.01	35.23	19.03	38.08	74.81	41.19	59.03	50.8	40.01	52.61	71.34	47.01	0.0	25.81	20.0	35.74	47.41	28.79	100.21	63.0	31.26	47.51	46.39	36.14	38.83	34.06	36.8	86.98	28.0	73.98	28.0	73.98	94.4	15.0	46.62	24.0	58.31	41.23	48.6
22	34.83	58.86	83.6	79.88	78.85	68.88	18.97	76.79	60.61	25.0	9.43	16.12	20.88	85.8	62.97	65.76	63.79	32.02	47.01	84.9	62.51	25.81	0.0	9.06	21.47	50.77	33.24	103.71	52.39	55.36	59.2	41.11	56.32	63.32	8.6	12.65	78.72	51.24	58.69	51.24	58.69	98.23	16.16	48.01	22.85	58.05	43.57	55.46
23	29.07	57.01	77.7	72.01	70.34	62.68	24.21	67.74	54.71	28.02	17.46	18.38	19.24	77.08	54.34	57.45	54.82	26.4	41.18	75.96	53.46	20.0	9.06	0.0	18.03	42.8	24.6	96.26	48.51	47.42	50.29	34.99	47.52	55.46	15.23	17.03	74.33	43.08	57.0	43.08	57.0	90.69	16.28	40.36	14.42	50.99	35.61	47.01
24	14.42	39.0	62.48	61.74	76.06	48.08	40.31	66.48	39.62	17.72	22.8	35.9	4.12	71.02	60.03	49.48	52.15	11.66	26.17	72.06	53.15	35.74	21.47	18.03	0.0	33.96	22.14	84.31	31.02	56.64	47.1	20.81	52.35	64.54	19.21	15.65	57.27	51.74	39.01	51.74	39.01	79.08	34.23	30.36	14.87	38.59	27.29	40.31
25	21.0	45.28	40.61	29.21	55.61	26.02	66.53	36.67	21.84	50.09	55.54	59.41	37.66	37.22	42.49	15.52	22.47	23.09	17.2	39.32	26.87	47.41	50.77	42.8	33.96	0.0	19.21	53.76	30.41	46.87	17.8	16.49	35.47	52.5	52.0	49.34	44.91	42.43	46.01	42.43	46.01	48.08	55.97	4.12	28.43	12.0	7.21	7.62
26	17.49	50.57	58.19	48.1	54.38	43.01	47.63	45.01	36.5	39.85	39.62	40.31	26.25	52.55	38.6	33.02	31.14	17.03	25.08	51.97	31.26	28.79	33.24	24.6	22.14	19.21	0.0	72.92	37.36	37.44	26.31	19.42	30.81	44.82	36.35	35.0	59.08	32.45	50.99	32.45	50.99	67.21	36.8	17.89	10.44	29.55	12.53	22.47
27	69.89	70.46	30.02	25.24	83.05	38.28	120.22	55.15	46.62	96.61	107.07	113.17	87.13	35.0	79.08	41.34	54.08	72.67	58.67	44.05	60.73	100.21	103.71	96.26	84.31	53.76	72.92	0.0	61.68	89.49	55.04	63.51	75.89	91.44	103.47	99.86	46.27	86.73	71.45	86.73	71.45	5.83	109.71	55.9	82.04	45.8	60.81	51.61
28	21.02	14.87	34.67	45.1	85.8	23.54	71.31	66.29	16.0	36.88	51.87	66.76	31.76	61.4	71.85	40.72	52.63	23.02	13.6	66.31	57.28	63.0	52.39	48.51	31.02	30.41	37.36	61.68	0.0	73.82	48.17	18.03	64.35	80.53	48.55	43.83	26.42	68.94	15.62	68.94	15.62	57.49	64.76	26.91	39.0	23.77	29.68	37.64
29	54.92	87.71	86.02	65.51	25.08	72.44	58.01	38.42	68.66	73.01	64.62	50.09	60.31	57.31	12.81	50.36	35.44	54.41	60.54	50.8	28.79	31.26	55.36	47.42	56.64	46.87	37.44	89.49	73.82	0.0	35.36	55.9	13.6	8.06	62.65	64.01	91.78	5.0	88.19	5.0	88.19	83.82	46.17	48.76	41.77	58.69	44.6	43.05
30	36.69	63.03	51.48	30.36	38.59	39.22	71.59	19.65	37.74	64.5	65.92	63.63	51.16	27.46	27.46	15.03	5.1	38.08	35.0	25.71	9.43	47.51	59.2	50.29	47.1	17.8	26.31	55.04	48.17	35.36	0.0	33.54	22.02	39.05	62.65	61.13	59.62	32.02	63.78	32.02	63.78	49.24	59.68	21.63	36.67	26.93	21.19	10.63
31	6.4	31.91	42.72	41.44	69.31	27.8	59.08	52.92	19.72	34.71	43.6	53.24	23.71	53.0	54.67	31.0	38.48	9.22	6.32	55.73	41.88	46.39	41.11	34.99	20.81	16.49	19.42	63.51	18.03	55.9	33.54	0.0	47.01	62.77	40.0	36.36	40.61	50.99	32.45	50.99	32.45	58.31	50.57	12.37	22.8	17.89	12.81	24.04
32	47.38	78.82	73.25	51.97	23.71	60.21	63.15	26.25	57.25	69.78	64.94	54.92	56.36	44.1	7.81	37.05	21.84	47.51	50.77	38.21	15.23	36.14	56.32	47.52	52.35	35.47	30.81	75.89	64.35	13.6	22.02	47.01	0.0	17.26	62.37	62.64	80.08	11.4	79.4	11.4	79.4	70.21	50.8	38.01	38.08	46.84	34.67	30.59
33	62.2	94.67	90.45	68.36	18.97	77.47	65.19	38.01	74.33	81.02	72.62	57.43	68.25	57.94	12.37	54.01	38.12	61.85	67.08	50.54	31.14	38.83	63.32	55.46	64.54	52.5	44.82	91.44	80.53	8.06	39.05	62.77	17.26	0.0	70.68	72.07	97.27	12.81	95.19	12.81	95.19	85.91	53.6	54.78	49.68	64.03	50.99	47.85
34	33.6	53.16	81.39	80.53	85.44	67.21	25.02	81.1	58.69	17.12	3.61	24.04	17.03	88.32	69.38	67.42	67.48	30.81	45.34	88.28	67.01	34.06	8.6	15.23	19.21	52.0	36.35	103.47	48.55	62.65	62.65	40.0	62.37	70.68	0.0	5.1	74.95	58.31	52.89	58.31	52.89	98.18	24.6	48.75	26.08	57.69	44.94	57.57
35	30.02	48.08	77.08	77.39	86.03	63.13	30.07	80.01	54.56	12.37	8.06	28.64	12.81	86.12	69.89	64.85	66.07	27.29	41.4	86.58	66.12	36.8	12.65	17.03	15.65	49.34	35.0	99.86	43.83	64.01	61.13	36.36	62.64	72.07	5.1	0.0	70.18	59.48	47.8	59.48	47.8	94.67	28.79	45.88	25.18	54.2	42.45	55.32
36	45.61	27.29	16.49	41.23	97.94	20.59	97.58	73.24	23.19	62.37	78.23	92.7	58.18	60.96	86.65	46.65	62.61	48.08	34.37	68.59	68.94	86.98	78.72	74.33	57.27	44.91	59.08	46.27	26.42	91.78	59.62	40.61	80.08	97.27	74.95	70.18	0.0	87.3	28.18	87.3	28.18	44.15	90.44	43.29	63.35	33.24	48.09	49.65
37	49.93	82.76	82.01	62.36	28.07	68.18	55.08	37.48	64.13	68.24	60.41	47.01	55.44	55.47	13.6	46.87	32.7	49.41	55.71	49.58	26.42	28.0	51.24	43.08	51.74	42.43	32.45	86.73	68.94	5.0	32.02	50.99	11.4	12.81	58.31	59.48	87.3	0.0	83.24	0.0	83.24	80.99	43.0	44.15	36.88	54.33	39.85	39.01
38	33.62	1.0	41.98	58.46	101.24	35.36	77.47	81.84	29.73	37.58	55.66	74.33	38.12	75.96	87.01	55.95	68.25	34.79	29.0	81.39	72.86	73.98	58.69	57.0	39.01	46.01	50.99	71.45	15.62	88.19	63.78	32.45	79.4	95.19	52.89	47.8	28.18	83.24	0.0	83.24	0.0	68.07	73.06	42.43	50.45	38.95	44.82	53.26
39	49.93	82.76	82.01	62.36	28.07	68.18	55.08	37.48	64.13	68.24	60.41	47.01	55.44	55.47	13.6	46.87	32.7	49.41	55.71	49.58	26.42	28.0	51.24	43.08	51.74	42.43	32.45	86.73	68.94	5.0	32.02	50.99	11.4	12.81	58.31	59.48	87.3	0.0	83.24	0.0	83.24	80.99	43.0	44.15	36.88	54.33	39.85	39.01
40	33.62	1.0	41.98	58.46	101.24	35.36	77.47	81.84	29.73	37.58	55.66	74.33	38.12	75.96	87.01	55.95	68.25	34.79	29.0	81.39	72.86	73.98	58.69	57.0	39.01	46.01	50.99	71.45	15.62	88.19	63.78	32.45	79.4	95.19	52.89	47.8	28.18	83.24	0.0	83.24	0.0	68.07	73.06	42.43	50.45	38.95	44.82	53.26
41	64.66	67.07	27.66	19.42	78.0	33.96	114.59	50.01	42.06	91.79	101.79	107.49	81.99	30.15	73.55	35.51	48.38	67.42	53.67	39.32	55.08	94.4	98.23	90.69	79.08	48.08	67.21	5.83	57.49	83.82	49.24	58.31	70.21	85.91	98.18	94.67	44.15	80.99	68.07	80.99	68.07	0.0	104.0	50.33	76.42	40.5	55.17	45.8
42	44.94	73.11	93.06	84.85	71.03	77.9	12.37	74.67	70.21	41.11	24.41	4.12	35.0	87.13	56.14	69.43	63.53	42.38	56.86	84.53	60.54	15.0	16.16	16.28	34.23	55.97	36.8	109.71	64.76	46.17	59.68	50.57	50.8	53.6	24.6	28.79	90.44	43.0	73.06	43.0	73.06	104.0	0.0	54.2	28.3	65.46	49.04	58.8
43	17.03	41.73	40.52	31.91	58.9	25.5	64.35	40.72	20.1	46.17	52.33	57.49	33.96	41.11	45.28	19.24	26.42	19.24	13.45	43.42	30.48	46.62	48.01	40.36	30.36	4.12	17.89	55.9	26.91	48.76	21.63	12.37	38.01	54.78	48.75	45.88	43.29	44.15	42.43	44.15	42.43	50.33	54.2	0.0	26.17	11.7	5.39	11.7
44	18.03	50.22	64.85	57.63	61.74	49.65	38.18	55.04	42.15	31.76	29.27	31.4	18.6	62.97	45.62	43.05	41.44	16.03	29.12	62.37	41.01	24.0	22.85	14.42	14.87	28.43	10.44	82.04	39.0	41.77	36.67	22.8	38.08	49.68	26.08	25.18	63.35	36.88	50.45	36.88	50.45	76.42	28.3	26.17	0.0	37.2	21.26	32.65
45	24.19	38.08	28.86	23.77	65.51	14.04	75.17	43.28	10.82	52.2	61.29	68.6	41.59	37.85	53.49	17.0	30.61	26.93	14.14	42.54	36.36	58.31	58.05	50.99	38.59	12.0	29.55	45.8	23.77	58.69	26.93	17.89	46.84	64.03	57.69	54.2	33.24	54.33	38.95	54.33	38.95	40.5	65.46	11.7	37.2	0.0	17.09	16.55
46	15.52	44.2	45.88	36.4	56.57	30.81	59.41	40.8	25.0	44.01	48.47	52.4	31.14	43.74	42.2	22.47	26.25	17.12	16.12	45.01	29.15	41.23	43.57	35.61	27.29	7.21	12.53	60.81	29.68	44.6	21.19	12.81	34.67	50.99	44.94	42.45	48.09	39.85	44.82	39.85	44.82	55.17	49.04	5.39	21.26	17.09	0.0	13.04
47	28.16	52.5	43.0	26.4	49.09	29.61	70.0	29.07	27.29	57.0	61.03	62.48	44.18	30.81	37.0	10.63	15.0	30.02	24.7	32.06	20.0	48.6	55.46	47.01	40.31	7.62	22.47	51.61	37.64	43.05	10.63	24.04	30.59	47.85	57.57	55.32	49.65	39.01	53.26	39.01	53.26	45.8	58.8	11.7	32.65	16.55	13.04	0.0
;
