set K:= 1	2	3	4	5	6;
set C_H:= 1	2	3	4	5	6	7	8	9	10	11	12;
set C_S:= 13	14	15	16	17	18	19	20	21	22;
set C_F:= 23	24	25	26	27	28	29	30	31	32;
set M:= 33	34	35	36;
set M_B:= 37	38	39	40;
set L_B:= 41	42	43	44	45	46;
set A1:=
(0,*) 1 2 3 4 5 6 7 8 9 10 11 12 23 24 25 26 27 28 29 30 31 32 33 34 35 36 37 38 39 40 41 42 43 44 45 46
(1,*) 0 2 3 4 5 6 7 8 9 10 11 12 23 24 25 26 27 28 29 30 31 32 33 34 35 36 37 38 39 40 41 42 43 44 45 46
(2,*) 0 1 3 4 5 6 7 8 9 10 11 12 23 24 25 26 27 28 29 30 31 32 33 34 35 36 37 38 39 40 41 42 43 44 45 46
(3,*) 0 1 2 4 5 6 7 8 9 10 11 12 23 24 25 26 27 28 29 30 31 32 33 34 35 36 37 38 39 40 41 42 43 44 45 46
(4,*) 0 1 2 3 5 6 7 8 9 10 11 12 23 24 25 26 27 28 29 30 31 32 33 34 35 36 37 38 39 40 41 42 43 44 45 46
(5,*) 0 1 2 3 4 6 7 8 9 10 11 12 23 24 25 26 27 28 29 30 31 32 33 34 35 36 37 38 39 40 41 42 43 44 45 46
(6,*) 0 1 2 3 4 5 7 8 9 10 11 12 23 24 25 26 27 28 29 30 31 32 33 34 35 36 37 38 39 40 41 42 43 44 45 46
(7,*) 0 1 2 3 4 5 6 8 9 10 11 12 23 24 25 26 27 28 29 30 31 32 33 34 35 36 37 38 39 40 41 42 43 44 45 46
(8,*) 0 1 2 3 4 5 6 7 9 10 11 12 23 24 25 26 27 28 29 30 31 32 33 34 35 36 37 38 39 40 41 42 43 44 45 46
(9,*) 0 1 2 3 4 5 6 7 8 10 11 12 23 24 25 26 27 28 29 30 31 32 33 34 35 36 37 38 39 40 41 42 43 44 45 46
(10,*) 0 1 2 3 4 5 6 7 8 9 11 12 23 24 25 26 27 28 29 30 31 32 33 34 35 36 37 38 39 40 41 42 43 44 45 46
(11,*) 0 1 2 3 4 5 6 7 8 9 10 12 23 24 25 26 27 28 29 30 31 32 33 34 35 36 37 38 39 40 41 42 43 44 45 46
(12,*) 0 1 2 3 4 5 6 7 8 9 10 11 23 24 25 26 27 28 29 30 31 32 33 34 35 36 37 38 39 40 41 42 43 44 45 46
(23,*) 0 1 2 3 4 5 6 7 8 9 10 11 12 24 25 26 27 28 29 30 31 32 33 34 35 36 37 38 39 40 41 42 43 44 45 46
(24,*) 0 1 2 3 4 5 6 7 8 9 10 11 12 23 25 26 27 28 29 30 31 32 33 34 35 36 37 38 39 40 41 42 43 44 45 46
(25,*) 0 1 2 3 4 5 6 7 8 9 10 11 12 23 24 26 27 28 29 30 31 32 33 34 35 36 37 38 39 40 41 42 43 44 45 46
(26,*) 0 1 2 3 4 5 6 7 8 9 10 11 12 23 24 25 27 28 29 30 31 32 33 34 35 36 37 38 39 40 41 42 43 44 45 46
(27,*) 0 1 2 3 4 5 6 7 8 9 10 11 12 23 24 25 26 28 29 30 31 32 33 34 35 36 37 38 39 40 41 42 43 44 45 46
(28,*) 0 1 2 3 4 5 6 7 8 9 10 11 12 23 24 25 26 27 29 30 31 32 33 34 35 36 37 38 39 40 41 42 43 44 45 46
(29,*) 0 1 2 3 4 5 6 7 8 9 10 11 12 23 24 25 26 27 28 30 31 32 33 34 35 36 37 38 39 40 41 42 43 44 45 46
(30,*) 0 1 2 3 4 5 6 7 8 9 10 11 12 23 24 25 26 27 28 29 31 32 33 34 35 36 37 38 39 40 41 42 43 44 45 46
(31,*) 0 1 2 3 4 5 6 7 8 9 10 11 12 23 24 25 26 27 28 29 30 32 33 34 35 36 37 38 39 40 41 42 43 44 45 46
(32,*) 0 1 2 3 4 5 6 7 8 9 10 11 12 23 24 25 26 27 28 29 30 31 33 34 35 36 37 38 39 40 41 42 43 44 45 46
(33,*) 0 1 2 3 4 5 6 7 8 9 10 11 12 23 24 25 26 27 28 29 30 31 32 34 35 36 37 38 39 40 41 42 43 44 45 46
(34,*) 0 1 2 3 4 5 6 7 8 9 10 11 12 23 24 25 26 27 28 29 30 31 32 33 35 36 37 38 39 40 41 42 43 44 45 46
(35,*) 0 1 2 3 4 5 6 7 8 9 10 11 12 23 24 25 26 27 28 29 30 31 32 33 34 36 37 38 39 40 41 42 43 44 45 46
(36,*) 0 1 2 3 4 5 6 7 8 9 10 11 12 23 24 25 26 27 28 29 30 31 32 33 34 35 37 38 39 40 41 42 43 44 45 46
(37,*) 0 1 2 3 4 5 6 7 8 9 10 11 12 23 24 25 26 27 28 29 30 31 32 33 34 35 36 38 39 40 41 42 43 44 45 46
(38,*) 0 1 2 3 4 5 6 7 8 9 10 11 12 23 24 25 26 27 28 29 30 31 32 33 34 35 36 37 39 40 41 42 43 44 45 46
(39,*) 0 1 2 3 4 5 6 7 8 9 10 11 12 23 24 25 26 27 28 29 30 31 32 33 34 35 36 37 38 40 41 42 43 44 45 46
(40,*) 0 1 2 3 4 5 6 7 8 9 10 11 12 23 24 25 26 27 28 29 30 31 32 33 34 35 36 37 38 39 41 42 43 44 45 46
(41,*) 0 1 2 3 4 5 6 7 8 9 10 11 12 23 24 25 26 27 28 29 30 31 32 33 34 35 36 37 38 39 40 42 43 44 45 46
(42,*) 0 1 2 3 4 5 6 7 8 9 10 11 12 23 24 25 26 27 28 29 30 31 32 33 34 35 36 37 38 39 40 41 43 44 45 46
(43,*) 0 1 2 3 4 5 6 7 8 9 10 11 12 23 24 25 26 27 28 29 30 31 32 33 34 35 36 37 38 39 40 41 42 44 45 46
(44,*) 0 1 2 3 4 5 6 7 8 9 10 11 12 23 24 25 26 27 28 29 30 31 32 33 34 35 36 37 38 39 40 41 42 43 45 46
(45,*) 0 1 2 3 4 5 6 7 8 9 10 11 12 23 24 25 26 27 28 29 30 31 32 33 34 35 36 37 38 39 40 41 42 43 44 46
(46,*) 0 1 2 3 4 5 6 7 8 9 10 11 12 23 24 25 26 27 28 29 30 31 32 33 34 35 36 37 38 39 40 41 42 43 44 45
;
set A2:=
(33,*) 34
(34,*) 33
(35,*) 36
(36,*) 35
;
param BigM:=99999;
param n:= 6;
param d:=
1	15
2	16
3	17
4	1
5	21
6	25
7	7
8	10
9	25
10	21
11	11
12	25
13	26
14	17
15	7
16	66
17	17
18	22
19	16
20	7
21	22
22	22
23	6
24	15
25	5
26	16
27	11
28	17
29	21
30	11
31	21
32	2
;
param Q:=100;
param w:=
[33,*] 34 0.1
[34,*] 33 0.1
[35,*] 36 0.1
[36,*] 35 0.1
;
param V:=
[33,*] 34 81
[34,*] 33 81
[35,*] 36 98
[36,*] 35 98
;
param e:
	33	34	35	36	37	38	39	40	41	42	43	44	45	46:=
13		0		0		0		0		0		0		0		0		1		0		1		1		1		1	
14		1		0		0		0		1		0		0		0		0		0		0		0		0		0	
15		0		0		0		0		0		0		0		0		1		0		0		0		0		0	
16		0		1		0		0		0		1		0		0		1		0		0		0		0		0	
17		0		0		0		0		0		0		0		0		0		0		0		0		1		0	
18		0		0		0		0		0		0		0		0		1		0		0		0		0		0	
19		0		0		0		0		0		0		0		0		0		0		0		0		1		0	
20		0		0		1		0		0		0		1		0		0		0		0		0		0		0	
21		0		0		0		1		0		0		0		1		0		0		0		0		0		0	
22		0		1		0		0		0		1		0		0		1		1		0		1		0		0	
23		1		0		0		0		1		0		0		0		0		0		0		0		0		0	
24		0		0		0		0		0		0		0		0		0		0		0		0		1		0	
25		0		0		0		0		0		0		0		0		1		0		1		1		1		1	
26		0		0		0		0		0		0		0		0		1		1		1		1		0		1	
27		1		0		0		0		1		0		0		0		0		0		0		0		0		0	
28		0		0		0		0		0		0		0		0		1		0		1		1		0		0	
29		0		0		1		0		0		0		1		0		0		0		0		0		0		0	
30		0		1		0		0		0		1		0		0		0		0		0		0		0		0	
31		0		1		0		0		0		1		0		0		1		1		0		1		0		0	
32		0		0		0		0		0		0		0		0		0		1		0		0		0		0	
;
param p:=
1	3
2	3
3	3
4	3
5	3
6	3
;
param G:=
33	81
34	75
35	98
36	80
37	81
38	75
39	98
40	80
41	86
42	88
43	99
44	96
45	88
46	89
;
param s:=
0	0
1	10
2	10
3	10
4	10
5	10
6	10
7	10
8	10
9	10
10	10
11	10
12	10
23	10
24	10
25	10
26	10
27	10
28	10
29	10
30	10
31	10
32	10
33	10
34	10
35	10
36	10
37	10
38	10
39	10
40	10
41	10
42	10
43	10
44	10
45	10
46	10
;
param t:
	0	1	2	3	4	5	6	7	8	9	10	11	12	13	14	15	16	17	18	19	20	21	22	23	24	25	26	27	28	29	30	31	32	33	34	35	36	37	38	39	40	41	42	43	44	45	46:=
0	0.0	36.67	56.61	71.85	12.73	43.01	28.02	39.66	61.91	23.35	42.45	21.47	37.54	26.4	60.8	34.66	35.47	30.08	41.48	49.34	55.15	68.35	9.43	61.07	59.17	31.02	14.04	64.64	24.7	57.72	36.36	5.83	31.06	64.88	18.36	61.98	58.25	64.88	18.36	61.98	58.25	15.52	9.22	21.63	19.24	33.62	20.62
1	36.67	0.0	30.0	36.07	34.66	41.05	10.0	73.66	25.61	48.6	50.61	55.44	72.8	10.3	25.61	12.73	52.92	7.07	8.6	35.85	64.35	50.61	36.88	31.58	35.13	6.4	24.21	29.0	26.93	44.28	72.95	42.49	59.01	28.3	55.01	67.48	36.88	28.3	55.01	67.48	36.88	21.63	44.27	15.52	17.46	20.62	25.18
2	56.61	30.0	0.0	26.48	60.01	71.03	31.62	96.26	24.41	74.85	44.28	77.94	94.02	36.14	18.87	22.85	81.49	35.36	35.69	18.03	54.23	76.56	60.83	6.08	5.83	35.23	48.85	21.93	55.9	21.47	91.22	62.01	65.74	28.3	73.66	53.6	62.77	28.3	73.66	53.6	62.77	45.69	60.83	37.16	40.31	23.35	36.8
3	71.85	36.07	26.48	0.0	70.71	70.23	43.83	109.71	10.82	84.39	70.0	91.44	108.71	46.1	11.18	38.48	87.13	43.14	35.51	44.41	80.62	65.19	72.92	20.88	30.68	42.43	60.21	7.21	61.61	47.43	108.17	77.67	88.32	10.2	90.14	80.05	53.04	10.2	90.14	80.05	53.04	57.49	78.39	50.22	52.8	43.68	55.54
4	12.73	34.66	60.01	70.71	0.0	30.53	28.65	39.2	60.14	14.87	53.85	21.47	38.95	25.0	60.21	37.16	24.33	27.59	36.89	56.32	67.08	57.01	4.12	63.53	63.57	28.28	11.18	63.66	14.0	65.19	41.23	15.23	43.6	62.48	25.0	73.54	48.09	62.48	25.0	73.54	48.09	14.32	21.1	22.85	19.7	38.83	28.02
5	43.01	41.05	71.03	70.23	30.53	0.0	42.72	57.56	59.77	31.06	80.45	45.4	60.07	37.64	62.59	51.2	23.41	36.67	36.35	74.73	94.4	29.02	34.48	72.11	76.16	36.5	33.42	64.56	20.0	83.68	66.27	45.65	74.06	60.17	53.45	99.86	25.55	60.17	53.45	99.86	25.55	35.23	51.62	40.72	38.47	56.92	51.62
6	28.02	10.0	31.62	43.83	28.65	42.72	0.0	66.53	34.0	43.38	42.2	48.1	65.12	5.1	32.8	9.06	50.01	7.07	17.72	32.02	56.22	57.28	30.0	34.89	35.69	7.81	17.49	36.62	25.0	41.0	64.35	33.84	49.01	37.16	46.32	60.11	44.05	37.16	46.32	60.11	44.05	14.42	34.93	6.4	9.22	14.32	15.3
7	39.66	73.66	96.26	109.71	39.2	57.56	66.53	0.0	99.25	27.86	74.81	18.44	5.83	63.66	99.01	74.03	35.0	66.6	76.03	88.14	84.01	86.47	36.8	100.6	98.79	67.36	49.52	102.59	51.0	96.01	16.64	34.48	50.16	101.67	24.74	92.05	81.74	101.67	24.74	92.05	81.74	52.33	37.34	60.21	57.31	73.25	60.03
8	61.91	25.61	24.41	10.82	60.14	59.77	34.0	99.25	0.0	73.66	64.63	81.06	98.41	35.81	5.66	29.83	76.32	32.65	24.7	40.85	76.4	57.07	62.48	20.52	29.83	31.89	49.82	5.0	50.8	45.79	98.27	67.74	80.41	4.12	80.26	76.9	44.18	4.12	80.26	76.9	44.18	47.2	68.88	40.31	42.72	36.12	46.84
9	23.35	48.6	74.85	84.39	14.87	31.06	43.38	27.86	73.66	0.0	65.73	14.56	29.43	39.45	74.2	52.0	13.45	41.62	49.52	70.86	78.11	60.01	15.03	78.26	78.43	42.2	26.0	77.47	23.6	79.63	35.23	21.93	50.0	75.66	24.41	85.16	54.13	75.66	24.41	85.16	54.13	29.15	28.18	37.7	34.54	53.6	42.19
10	42.45	50.61	44.28	70.0	53.85	80.45	42.2	74.81	64.63	65.73	0.0	60.01	70.41	46.1	60.21	38.48	77.79	49.2	59.17	26.68	14.14	99.25	51.55	50.36	42.2	50.0	47.17	64.12	60.46	29.15	63.25	44.41	28.3	68.73	50.25	19.7	86.21	68.73	50.25	19.7	86.21	45.22	39.05	41.01	42.52	30.46	29.07
11	21.47	55.44	77.94	91.44	21.47	45.4	48.1	18.44	81.06	14.56	60.01	0.0	17.49	45.34	80.66	55.61	26.93	48.41	58.31	70.58	70.86	74.17	18.6	82.2	80.62	49.2	31.24	84.29	34.48	78.75	21.0	16.76	39.4	83.6	11.66	78.52	67.36	83.6	11.66	78.52	67.36	33.97	21.02	41.77	38.9	55.07	42.05
12	37.54	72.8	94.02	108.71	38.95	60.07	65.12	5.83	98.41	29.43	70.41	17.49	0.0	62.63	97.84	72.18	38.33	65.8	75.8	85.0	79.1	89.09	36.06	98.6	96.26	66.61	48.6	101.53	51.62	92.61	10.82	32.02	45.01	101.02	21.02	87.21	83.55	101.02	21.02	87.21	83.55	51.22	34.0	58.73	55.97	70.8	57.43
13	26.4	10.3	36.14	46.1	25.0	37.64	5.1	63.66	35.81	39.45	46.1	45.34	62.63	0.0	35.36	14.0	45.35	4.0	16.0	37.11	60.21	53.15	26.87	39.0	40.45	5.0	14.14	38.95	20.02	46.1	62.65	32.2	50.36	38.59	44.72	64.44	40.22	38.59	44.72	64.44	40.22	11.4	34.21	6.08	7.28	19.31	17.89
14	60.8	25.61	18.87	11.18	60.21	62.59	32.8	99.01	5.66	74.2	60.21	80.66	97.84	35.36	0.0	27.31	77.83	32.65	26.57	35.74	71.59	61.85	62.23	14.87	24.21	32.02	49.5	4.12	51.97	40.31	97.08	66.61	77.37	9.43	79.06	71.78	48.66	9.43	79.06	71.78	48.66	46.69	67.23	39.2	41.87	32.76	44.38
15	34.66	12.73	22.85	38.48	37.16	51.2	9.06	74.03	29.83	52.0	38.48	55.61	72.18	14.0	27.31	0.0	59.03	14.56	21.26	23.77	51.97	63.25	38.08	26.63	26.68	14.87	26.0	31.38	34.01	32.57	70.43	40.31	50.64	33.54	52.5	54.82	49.58	33.54	52.5	54.82	49.58	22.85	40.22	14.32	17.46	8.06	17.09
16	35.47	52.92	81.49	87.13	24.33	23.41	50.01	35.0	76.32	13.45	77.79	26.93	38.33	45.35	77.83	59.03	0.0	46.49	51.62	80.02	90.62	51.79	26.25	84.12	85.7	46.82	34.01	80.62	26.0	89.01	46.17	34.99	63.41	77.67	37.64	97.41	48.75	77.67	37.64	97.41	48.75	37.05	41.34	45.28	42.19	62.13	52.24
17	30.08	7.07	35.36	43.14	27.59	36.67	7.07	66.6	32.65	41.62	49.2	48.41	65.8	4.0	32.65	14.56	46.49	0.0	12.0	38.28	63.25	50.21	29.83	37.64	40.05	1.0	17.2	36.07	20.62	47.13	66.19	35.85	54.33	35.23	48.33	67.18	37.01	35.23	48.33	67.18	37.01	14.76	38.08	10.05	11.18	21.1	21.54
18	41.48	8.6	35.69	35.51	36.89	36.35	17.72	76.03	24.7	49.52	59.17	58.31	75.8	16.0	26.57	21.26	51.62	12.0	0.0	43.83	72.95	42.44	39.82	36.01	41.23	11.0	27.86	29.07	26.25	51.97	77.08	47.13	66.27	26.25	59.46	76.06	28.6	26.25	59.46	76.06	28.6	25.96	49.82	22.02	23.09	29.21	32.98
19	49.34	35.85	18.03	44.41	56.32	74.73	32.02	88.14	40.85	70.86	26.68	70.58	85.0	37.11	35.74	23.77	80.02	38.28	43.83	0.0	36.22	86.27	55.9	24.0	15.52	38.63	46.01	39.29	56.57	9.06	80.45	53.85	50.8	44.94	64.01	36.06	72.42	44.94	64.01	36.06	72.42	43.0	51.0	35.13	38.05	18.11	28.86
20	55.15	64.35	54.23	80.62	67.08	94.4	56.22	84.01	76.4	78.11	14.14	70.86	79.1	60.21	71.59	51.97	90.62	63.25	72.95	36.22	0.0	113.36	64.47	60.13	51.0	64.03	61.03	75.31	74.4	35.36	70.71	56.32	34.37	80.52	60.21	8.25	100.26	80.52	60.21	8.25	100.26	59.2	50.45	55.15	56.64	43.91	43.19
21	68.35	50.61	76.56	65.19	57.01	29.02	57.28	86.47	57.07	60.01	99.25	74.17	89.09	53.15	61.85	63.25	51.79	50.21	42.44	86.27	113.36	0.0	61.13	75.27	82.35	49.5	55.9	61.98	43.66	94.34	95.13	72.12	98.9	55.44	81.39	117.38	13.89	55.44	81.39	117.38	13.89	56.44	77.49	58.41	57.43	70.84	70.6
22	9.43	36.88	60.83	72.92	4.12	34.48	30.0	36.8	62.48	15.03	51.55	18.6	36.06	26.87	62.23	38.08	26.25	29.83	39.82	55.9	64.47	61.13	0.0	64.66	64.08	30.61	12.73	65.8	18.03	64.63	37.64	11.18	39.82	65.0	21.02	71.17	52.15	65.0	21.02	71.17	52.15	15.62	17.2	23.85	20.81	38.9	27.17
23	61.07	31.58	6.08	20.88	63.53	72.11	34.89	100.6	20.52	78.26	50.36	82.2	98.6	39.0	14.87	26.63	84.12	37.64	36.01	24.0	60.13	75.27	64.66	0.0	9.85	37.36	52.35	17.2	58.24	26.57	96.21	66.6	71.59	24.08	78.49	59.23	61.68	24.08	78.49	59.23	61.68	49.24	65.8	40.82	43.91	28.43	41.77
24	59.17	35.13	5.83	30.68	63.57	76.16	35.69	98.79	29.83	78.43	42.2	80.62	96.26	40.45	24.21	26.68	85.7	40.05	41.23	15.52	51.0	82.35	64.08	9.85	0.0	40.01	52.5	26.93	60.41	16.76	92.85	64.35	65.51	33.6	75.6	49.65	68.54	33.6	75.6	49.65	68.54	49.34	62.63	40.8	43.97	25.55	38.83
25	31.02	6.4	35.23	42.43	28.28	36.5	7.81	67.36	31.89	42.2	50.0	49.2	66.61	5.0	32.02	14.87	46.82	1.0	11.0	38.63	64.03	49.5	30.61	37.36	40.01	0.0	18.03	35.38	20.88	47.43	67.08	36.77	55.33	34.41	49.24	67.88	36.24	34.41	49.24	67.88	36.24	15.65	39.05	11.05	12.17	21.63	22.47
26	14.04	24.21	48.85	60.21	11.18	33.42	17.49	49.52	49.82	26.0	47.17	31.24	48.6	14.14	49.5	26.0	34.01	17.2	27.86	46.01	61.03	55.9	12.73	52.35	52.5	18.03	0.0	53.08	13.45	55.0	49.24	19.42	43.08	52.43	31.62	66.73	44.92	52.43	31.62	66.73	44.92	3.16	23.02	11.7	8.54	28.16	18.97
27	64.64	29.0	21.93	7.21	63.66	64.56	36.62	102.59	5.0	77.47	64.12	84.29	101.53	38.95	4.12	31.38	80.62	36.07	29.07	39.29	75.31	61.98	65.8	17.2	26.93	35.38	53.08	0.0	54.92	43.38	100.96	70.46	81.49	7.21	82.93	75.29	49.16	7.21	82.93	75.29	49.16	50.33	71.2	43.01	45.61	36.88	48.47
28	24.7	26.93	55.9	61.61	14.0	20.0	25.0	51.0	50.8	23.6	60.46	34.48	51.62	20.02	51.97	34.01	26.0	20.62	26.25	56.57	74.4	43.66	18.03	58.24	60.41	20.88	13.45	54.92	0.0	65.62	54.92	28.64	55.47	52.5	39.0	79.92	34.13	52.5	39.0	79.92	34.13	15.26	33.84	21.59	18.97	38.47	31.76
29	57.72	44.28	21.47	47.43	65.19	83.68	41.0	96.01	45.79	79.63	29.15	78.75	92.61	46.1	40.31	32.57	89.01	47.13	51.97	9.06	35.36	94.34	64.63	26.57	16.76	47.43	55.0	43.38	65.62	0.0	87.46	61.98	55.87	49.74	71.59	33.14	80.45	49.74	71.59	33.14	80.45	52.01	58.69	44.18	47.1	27.17	37.48
30	36.36	72.95	91.22	108.17	41.23	66.27	64.35	16.64	98.27	35.23	63.25	21.0	10.82	62.65	97.08	70.43	46.17	66.19	77.08	80.45	70.71	95.13	37.64	96.21	92.85	67.08	49.24	100.96	54.92	87.46	0.0	30.53	36.35	101.21	18.03	78.92	88.28	101.21	18.03	78.92	88.28	51.43	30.41	57.98	55.57	67.88	54.45
31	5.83	42.49	62.01	77.67	15.23	45.65	33.84	34.48	67.74	21.93	44.41	16.76	32.02	32.2	66.61	40.31	34.99	35.85	47.13	53.85	56.32	72.12	11.18	66.6	64.35	36.77	19.42	70.46	28.64	61.98	30.53	0.0	29.0	70.71	12.53	63.56	62.65	70.71	12.53	63.56	62.65	21.19	6.4	27.46	25.06	38.83	25.55
32	31.06	59.01	65.74	88.32	43.6	74.06	49.01	50.16	80.41	50.0	28.3	39.4	45.01	50.36	77.37	50.64	63.41	54.33	66.27	50.8	34.37	98.9	39.82	71.59	65.51	55.33	43.08	81.49	55.47	55.87	36.35	29.0	0.0	84.17	27.86	42.58	87.92	84.17	27.86	42.58	87.92	43.01	22.67	44.28	43.74	44.64	34.06
33	64.88	28.3	28.3	10.2	62.48	60.17	37.16	101.67	4.12	75.66	68.73	83.6	101.02	38.59	9.43	33.54	77.67	35.23	26.25	44.94	80.52	55.44	65.0	24.08	33.6	34.41	52.43	7.21	52.5	49.74	101.21	70.71	84.17	0.0	83.24	80.99	43.0	0.0	83.24	80.99	43.0	49.93	72.09	43.38	45.65	40.05	50.45
34	18.36	55.01	73.66	90.14	25.0	53.45	46.32	24.74	80.26	24.41	50.25	11.66	21.02	44.72	79.06	52.5	37.64	48.33	59.46	64.01	60.21	81.39	21.02	78.49	75.6	49.24	31.62	82.93	39.0	71.59	18.03	12.53	27.86	83.24	0.0	68.07	73.06	83.24	0.0	68.07	73.06	33.62	13.04	39.96	37.59	50.33	36.88
35	61.98	67.48	53.6	80.05	73.54	99.86	60.11	92.05	76.9	85.16	19.7	78.52	87.21	64.44	71.78	54.82	97.41	67.18	76.06	36.06	8.25	117.38	71.17	59.23	49.65	67.88	66.73	75.29	79.92	33.14	78.92	63.56	42.58	80.99	68.07	0.0	104.0	80.99	68.07	0.0	104.0	64.66	57.87	59.82	61.61	46.86	48.26
36	58.25	36.88	62.77	53.04	48.09	25.55	44.05	81.74	44.18	54.13	86.21	67.36	83.55	40.22	48.66	49.58	48.75	37.01	28.6	72.42	100.26	13.89	52.15	61.68	68.54	36.24	44.92	49.16	34.13	80.45	88.28	62.65	87.92	43.0	73.06	104.0	0.0	43.0	73.06	104.0	0.0	44.94	67.47	45.79	45.18	57.28	57.98
37	64.88	28.3	28.3	10.2	62.48	60.17	37.16	101.67	4.12	75.66	68.73	83.6	101.02	38.59	9.43	33.54	77.67	35.23	26.25	44.94	80.52	55.44	65.0	24.08	33.6	34.41	52.43	7.21	52.5	49.74	101.21	70.71	84.17	0.0	83.24	80.99	43.0	0.0	83.24	80.99	43.0	49.93	72.09	43.38	45.65	40.05	50.45
38	18.36	55.01	73.66	90.14	25.0	53.45	46.32	24.74	80.26	24.41	50.25	11.66	21.02	44.72	79.06	52.5	37.64	48.33	59.46	64.01	60.21	81.39	21.02	78.49	75.6	49.24	31.62	82.93	39.0	71.59	18.03	12.53	27.86	83.24	0.0	68.07	73.06	83.24	0.0	68.07	73.06	33.62	13.04	39.96	37.59	50.33	36.88
39	61.98	67.48	53.6	80.05	73.54	99.86	60.11	92.05	76.9	85.16	19.7	78.52	87.21	64.44	71.78	54.82	97.41	67.18	76.06	36.06	8.25	117.38	71.17	59.23	49.65	67.88	66.73	75.29	79.92	33.14	78.92	63.56	42.58	80.99	68.07	0.0	104.0	80.99	68.07	0.0	104.0	64.66	57.87	59.82	61.61	46.86	48.26
40	58.25	36.88	62.77	53.04	48.09	25.55	44.05	81.74	44.18	54.13	86.21	67.36	83.55	40.22	48.66	49.58	48.75	37.01	28.6	72.42	100.26	13.89	52.15	61.68	68.54	36.24	44.92	49.16	34.13	80.45	88.28	62.65	87.92	43.0	73.06	104.0	0.0	43.0	73.06	104.0	0.0	44.94	67.47	45.79	45.18	57.28	57.98
41	15.52	21.63	45.69	57.49	14.32	35.23	14.42	52.33	47.2	29.15	45.22	33.97	51.22	11.4	46.69	22.85	37.05	14.76	25.96	43.0	59.2	56.44	15.62	49.24	49.34	15.65	3.16	50.33	15.26	52.01	51.43	21.19	43.01	49.93	33.62	64.66	44.94	49.93	33.62	64.66	44.94	0.0	24.08	8.54	5.39	25.08	16.55
42	9.22	44.27	60.83	78.39	21.1	51.62	34.93	37.34	68.88	28.18	39.05	21.02	34.0	34.21	67.23	40.22	41.34	38.08	49.82	51.0	50.45	77.49	17.2	65.8	62.63	39.05	23.02	71.2	33.84	58.69	30.41	6.4	22.67	72.09	13.04	57.87	67.47	72.09	13.04	57.87	67.47	24.08	0.0	28.79	26.93	37.48	24.04
43	21.63	15.52	37.16	50.22	22.85	40.72	6.4	60.21	40.31	37.7	41.01	41.77	58.73	6.08	39.2	14.32	45.28	10.05	22.02	35.13	55.15	58.41	23.85	40.82	40.8	11.05	11.7	43.01	21.59	44.18	57.98	27.46	44.28	43.38	39.96	59.82	45.79	43.38	39.96	59.82	45.79	8.54	28.79	0.0	3.16	17.03	12.21
44	19.24	17.46	40.31	52.8	19.7	38.47	9.22	57.31	42.72	34.54	42.52	38.9	55.97	7.28	41.87	17.46	42.19	11.18	23.09	38.05	56.64	57.43	20.81	43.91	43.97	12.17	8.54	45.61	18.97	47.1	55.57	25.06	43.74	45.65	37.59	61.61	45.18	45.65	37.59	61.61	45.18	5.39	26.93	3.16	0.0	20.0	13.45
45	33.62	20.62	23.35	43.68	38.83	56.92	14.32	73.25	36.12	53.6	30.46	55.07	70.8	19.31	32.76	8.06	62.13	21.1	29.21	18.11	43.91	70.84	38.9	28.43	25.55	21.63	28.16	36.88	38.47	27.17	67.88	38.83	44.64	40.05	50.33	46.86	57.28	40.05	50.33	46.86	57.28	25.08	37.48	17.03	20.0	0.0	13.45
46	20.62	25.18	36.8	55.54	28.02	51.62	15.3	60.03	46.84	42.19	29.07	42.05	57.43	17.89	44.38	17.09	52.24	21.54	32.98	28.86	43.19	70.6	27.17	41.77	38.83	22.47	18.97	48.47	31.76	37.48	54.45	25.55	34.06	50.45	36.88	48.26	57.98	50.45	36.88	48.26	57.98	16.55	24.04	12.21	13.45	13.45	0.0
;
