set K:= 1	2	3	4	5	6;
set C_H:= 1	2	3	4	5	6	7	8	9	10	11	12	13	14	15	16;
set C_S:= 17	18	19	20	21	22	23	24	25	26	27;
set C_F:= 28	29	30	31	32	33	34	35	36	37	38;
set M:= 39	40	41	42;
set L_B:= 43	44;
set A1:=
(0,*) 1 2 3 4 5 6 7 8 9 10 11 12 13 14 15 16 28 29 30 31 32 33 34 35 36 37 38 39 40 41 42 43 44
(1,*) 0 2 3 4 5 6 7 8 9 10 11 12 13 14 15 16 28 29 30 31 32 33 34 35 36 37 38 39 40 41 42 43 44
(2,*) 0 1 3 4 5 6 7 8 9 10 11 12 13 14 15 16 28 29 30 31 32 33 34 35 36 37 38 39 40 41 42 43 44
(3,*) 0 1 2 4 5 6 7 8 9 10 11 12 13 14 15 16 28 29 30 31 32 33 34 35 36 37 38 39 40 41 42 43 44
(4,*) 0 1 2 3 5 6 7 8 9 10 11 12 13 14 15 16 28 29 30 31 32 33 34 35 36 37 38 39 40 41 42 43 44
(5,*) 0 1 2 3 4 6 7 8 9 10 11 12 13 14 15 16 28 29 30 31 32 33 34 35 36 37 38 39 40 41 42 43 44
(6,*) 0 1 2 3 4 5 7 8 9 10 11 12 13 14 15 16 28 29 30 31 32 33 34 35 36 37 38 39 40 41 42 43 44
(7,*) 0 1 2 3 4 5 6 8 9 10 11 12 13 14 15 16 28 29 30 31 32 33 34 35 36 37 38 39 40 41 42 43 44
(8,*) 0 1 2 3 4 5 6 7 9 10 11 12 13 14 15 16 28 29 30 31 32 33 34 35 36 37 38 39 40 41 42 43 44
(9,*) 0 1 2 3 4 5 6 7 8 10 11 12 13 14 15 16 28 29 30 31 32 33 34 35 36 37 38 39 40 41 42 43 44
(10,*) 0 1 2 3 4 5 6 7 8 9 11 12 13 14 15 16 28 29 30 31 32 33 34 35 36 37 38 39 40 41 42 43 44
(11,*) 0 1 2 3 4 5 6 7 8 9 10 12 13 14 15 16 28 29 30 31 32 33 34 35 36 37 38 39 40 41 42 43 44
(12,*) 0 1 2 3 4 5 6 7 8 9 10 11 13 14 15 16 28 29 30 31 32 33 34 35 36 37 38 39 40 41 42 43 44
(13,*) 0 1 2 3 4 5 6 7 8 9 10 11 12 14 15 16 28 29 30 31 32 33 34 35 36 37 38 39 40 41 42 43 44
(14,*) 0 1 2 3 4 5 6 7 8 9 10 11 12 13 15 16 28 29 30 31 32 33 34 35 36 37 38 39 40 41 42 43 44
(15,*) 0 1 2 3 4 5 6 7 8 9 10 11 12 13 14 16 28 29 30 31 32 33 34 35 36 37 38 39 40 41 42 43 44
(16,*) 0 1 2 3 4 5 6 7 8 9 10 11 12 13 14 15 28 29 30 31 32 33 34 35 36 37 38 39 40 41 42 43 44
(28,*) 0 1 2 3 4 5 6 7 8 9 10 11 12 13 14 15 16 29 30 31 32 33 34 35 36 37 38 39 40 41 42 43 44
(29,*) 0 1 2 3 4 5 6 7 8 9 10 11 12 13 14 15 16 28 30 31 32 33 34 35 36 37 38 39 40 41 42 43 44
(30,*) 0 1 2 3 4 5 6 7 8 9 10 11 12 13 14 15 16 28 29 31 32 33 34 35 36 37 38 39 40 41 42 43 44
(31,*) 0 1 2 3 4 5 6 7 8 9 10 11 12 13 14 15 16 28 29 30 32 33 34 35 36 37 38 39 40 41 42 43 44
(32,*) 0 1 2 3 4 5 6 7 8 9 10 11 12 13 14 15 16 28 29 30 31 33 34 35 36 37 38 39 40 41 42 43 44
(33,*) 0 1 2 3 4 5 6 7 8 9 10 11 12 13 14 15 16 28 29 30 31 32 34 35 36 37 38 39 40 41 42 43 44
(34,*) 0 1 2 3 4 5 6 7 8 9 10 11 12 13 14 15 16 28 29 30 31 32 33 35 36 37 38 39 40 41 42 43 44
(35,*) 0 1 2 3 4 5 6 7 8 9 10 11 12 13 14 15 16 28 29 30 31 32 33 34 36 37 38 39 40 41 42 43 44
(36,*) 0 1 2 3 4 5 6 7 8 9 10 11 12 13 14 15 16 28 29 30 31 32 33 34 35 37 38 39 40 41 42 43 44
(37,*) 0 1 2 3 4 5 6 7 8 9 10 11 12 13 14 15 16 28 29 30 31 32 33 34 35 36 38 39 40 41 42 43 44
(38,*) 0 1 2 3 4 5 6 7 8 9 10 11 12 13 14 15 16 28 29 30 31 32 33 34 35 36 37 39 40 41 42 43 44
(39,*) 0 1 2 3 4 5 6 7 8 9 10 11 12 13 14 15 16 28 29 30 31 32 33 34 35 36 37 38 41 42 43 44
(40,*) 0 1 2 3 4 5 6 7 8 9 10 11 12 13 14 15 16 28 29 30 31 32 33 34 35 36 37 38 41 42 43 44
(41,*) 0 1 2 3 4 5 6 7 8 9 10 11 12 13 14 15 16 28 29 30 31 32 33 34 35 36 37 38 39 40 43 44
(42,*) 0 1 2 3 4 5 6 7 8 9 10 11 12 13 14 15 16 28 29 30 31 32 33 34 35 36 37 38 39 40 43 44
(43,*) 0 1 2 3 4 5 6 7 8 9 10 11 12 13 14 15 16 28 29 30 31 32 33 34 35 36 37 38 39 40 41 42 44
(44,*) 0 1 2 3 4 5 6 7 8 9 10 11 12 13 14 15 16 28 29 30 31 32 33 34 35 36 37 38 39 40 41 42 43
;
set A2:=
(39,*) 40
(40,*) 39
(41,*) 42
(42,*) 41
;
param BigM:=99999;
param n:= 6;
param d:=
1	16
2	22
3	24
4	6
5	12
6	16
7	23
8	23
9	11
10	22
11	16
12	7
13	22
14	11
15	3
16	15
17	18
18	3
19	6
20	7
21	16
22	4
23	22
24	1
25	5
26	9
27	2
28	19
29	6
30	18
31	72
32	7
33	11
34	15
35	10
36	9
37	7
38	10
;
param Q:=100;
param w:=
[39,*] 40 5
[40,*] 39 5
[41,*] 42 5
[42,*] 41 5
;
param V:=
[39,*] 40 315
[40,*] 39 315
[41,*] 42 315
[42,*] 41 315
;
param f:=
39	100
40	100
41	100
42	100
43	100
44	100
;
param e:
	39	40	41	42	43	44:=
17	0	0	1	0	0	0	
18	1	0	0	0	0	1	
19	1	0	0	0	0	0	
20	0	0	0	1	1	0	
21	1	0	0	0	0	0	
22	0	0	1	0	0	0	
23	0	0	1	0	0	1	
24	0	0	1	0	0	0	
25	1	0	0	0	0	0	
26	0	0	0	0	1	1	
27	1	0	0	0	1	0	
28	0	0	1	0	0	1	
29	0	1	0	0	1	1	
30	0	0	1	0	0	1	
31	0	0	0	0	1	1	
32	0	0	0	0	1	1	
33	0	0	1	0	0	0	
34	1	0	1	0	0	1	
35	0	0	0	1	1	0	
36	0	1	0	1	0	0	
37	0	0	0	1	0	0	
38	0	0	0	1	1	0	
;
param p:=
1	1
2	1
3	1
4	1
5	1
6	1
;
param G:=
39	315
40	315
41	315
42	315
43	78
44	78
;
param s:=
0	0
1	15
2	15
3	15
4	15
5	15
6	15
7	15
8	15
9	15
10	15
11	15
12	15
13	15
14	15
15	15
16	15
28	15
29	15
30	15
31	15
32	15
33	15
34	15
35	15
36	15
37	15
38	15
39	30
40	30
41	30
42	30
43	15
44	15
;
param t:
	0	1	2	3	4	5	6	7	8	9	10	11	12	13	14	15	16	17	18	19	20	21	22	23	24	25	26	27	28	29	30	31	32	33	34	35	36	37	38	39	40	41	42	43	44:=
0	0.0	60.03	18.44	77.79	57.72	67.2	42.05	87.13	72.69	45.12	8.94	80.52	60.83	26.68	45.25	64.9	42.76	40.0	15.23	42.05	56.32	8.25	54.33	52.84	48.17	32.31	18.44	38.83	30.07	56.92	24.41	12.17	28.84	61.77	10.2	49.4	74.24	85.09	46.69	32.92	80.97	40.74	77.33	30.27	20.62
1	60.03	0.0	50.6	26.08	12.65	38.47	58.0	46.17	14.42	65.3	56.89	28.43	45.69	71.69	41.04	57.27	78.89	71.02	74.43	87.66	18.97	52.15	84.02	55.61	72.47	78.79	42.05	50.99	68.03	17.09	76.16	48.0	38.63	60.03	70.0	33.29	14.56	40.25	42.8	78.16	38.81	80.02	34.82	30.07	41.44
2	18.44	50.6	0.0	72.72	52.15	68.41	24.74	86.28	64.62	58.03	10.0	66.27	65.3	21.63	50.16	72.11	59.46	55.32	27.2	38.42	42.05	12.65	70.34	61.61	62.51	28.84	18.97	20.59	46.17	52.8	42.8	16.0	32.31	70.34	27.2	32.31	65.15	68.96	28.43	28.5	79.35	57.95	61.24	25.46	23.09
3	77.79	26.08	72.72	0.0	20.59	25.61	83.55	22.0	14.14	67.05	76.97	44.18	37.74	94.34	42.76	48.41	83.95	75.71	92.97	110.94	44.72	70.94	85.44	52.8	74.0	101.55	59.46	76.42	76.24	20.88	88.09	65.79	50.64	53.25	86.83	59.36	18.0	58.14	68.82	101.13	15.61	86.17	55.19	48.33	57.28
4	57.72	12.65	52.15	20.59	0.0	26.08	64.4	36.72	16.49	54.92	56.46	40.5	33.11	73.78	30.0	44.72	69.86	61.74	72.8	90.44	30.07	50.6	73.78	43.86	62.13	80.99	39.29	57.2	60.17	4.47	70.26	45.61	32.06	47.71	67.08	42.38	19.7	52.8	50.99	80.6	29.29	71.42	47.47	27.86	37.48
5	67.2	38.47	68.41	25.61	26.08	0.0	85.91	20.88	34.99	44.18	69.31	64.62	12.65	89.2	23.41	22.8	62.03	54.0	82.1	106.15	56.0	62.29	61.61	28.64	50.64	96.21	50.91	78.79	56.89	22.0	70.88	56.64	38.42	27.78	74.43	67.08	39.45	77.79	74.73	96.2	16.82	64.8	73.06	43.27	47.42
6	42.05	58.0	24.74	83.55	64.4	85.91	0.0	100.96	72.25	82.39	33.11	62.64	85.44	26.83	71.39	93.74	84.12	80.05	45.25	36.0	42.19	37.36	95.08	84.38	87.13	31.05	42.0	7.21	70.88	66.57	66.24	40.45	54.33	92.78	48.83	26.83	71.22	60.13	17.09	29.62	93.6	82.47	53.25	43.68	46.01
7	87.13	46.17	86.28	22.0	36.72	20.88	100.96	0.0	36.06	64.03	88.41	66.12	32.06	107.63	44.27	38.83	82.1	74.24	102.22	124.58	65.15	81.61	80.4	48.0	70.03	114.77	70.0	93.74	77.67	34.41	91.76	76.03	58.31	44.72	94.83	78.79	40.0	80.1	87.66	114.61	7.44	85.07	77.17	60.83	66.85
8	72.69	14.42	64.62	14.14	16.49	34.99	72.25	36.06	0.0	70.71	70.34	30.59	45.34	85.91	45.65	56.85	86.16	78.0	87.48	102.0	31.62	65.12	89.55	58.41	77.9	93.04	54.33	65.3	76.66	19.7	86.58	60.53	48.37	60.83	82.39	46.86	4.47	44.41	56.64	92.44	29.3	87.82	41.12	42.43	53.04
9	45.12	65.3	58.03	67.05	54.92	44.18	82.39	64.03	70.71	0.0	52.35	93.38	32.0	71.81	25.06	27.86	18.11	10.77	55.46	86.65	74.4	46.04	18.87	16.12	7.21	77.2	40.79	76.94	18.44	51.11	33.94	42.05	31.3	22.36	46.52	76.97	74.43	103.48	79.7	77.93	60.98	21.33	96.63	44.72	37.11
10	8.94	56.89	10.0	76.97	56.46	69.31	33.11	88.41	70.34	52.35	0.0	74.97	64.4	20.59	48.83	69.77	51.42	48.17	18.11	37.2	50.64	7.21	62.8	58.31	56.0	27.2	18.44	30.0	38.47	56.36	33.29	12.81	31.24	67.23	17.2	42.05	71.39	78.43	38.42	27.43	81.84	49.54	70.68	28.64	21.93
11	80.52	28.43	66.27	44.18	40.5	64.62	62.64	66.12	30.59	93.38	74.97	0.0	73.43	84.21	69.43	85.09	106.02	98.41	93.06	97.67	24.33	72.28	111.95	84.02	100.5	90.55	64.62	57.27	94.34	44.94	100.32	69.57	64.9	88.2	90.71	36.5	26.31	14.0	45.61	89.49	59.72	106.77	13.23	53.67	65.31
12	60.83	45.69	65.3	37.74	33.11	12.65	85.44	32.06	45.34	32.0	64.4	73.43	0.0	84.88	15.62	11.66	50.04	42.19	75.07	101.61	61.19	57.2	49.03	16.12	38.21	91.61	46.65	78.59	46.17	28.64	60.93	51.61	33.29	15.62	66.84	70.0	49.68	85.91	76.42	91.8	29.18	53.01	80.43	41.76	42.72
13	26.68	71.69	21.63	94.34	73.78	89.2	26.83	107.63	85.91	71.81	20.59	84.21	84.88	0.0	69.34	90.35	68.03	66.27	21.54	16.97	60.83	27.78	80.0	78.79	74.67	7.21	38.42	28.64	56.14	74.4	46.69	33.29	51.61	87.73	28.28	48.0	86.16	84.38	40.45	7.0	100.8	65.46	76.97	46.86	42.2
14	45.25	41.04	50.16	42.76	30.0	23.41	71.39	44.27	45.65	25.06	48.83	69.43	15.62	69.34	0.0	22.36	41.23	32.98	59.67	86.02	52.8	41.62	43.91	15.23	32.25	76.03	31.3	64.78	34.06	26.08	47.54	36.06	17.89	22.09	51.61	58.86	49.4	80.45	64.03	76.25	39.48	43.41	74.07	28.07	27.29
15	64.9	57.27	72.11	48.41	44.72	22.8	93.74	38.83	56.85	27.86	69.77	85.09	11.66	90.35	22.36	0.0	45.61	38.63	78.1	106.68	72.28	62.61	42.0	12.81	32.56	96.75	53.14	87.13	44.94	40.25	60.46	57.27	39.85	6.0	69.43	80.22	61.22	97.51	86.02	97.12	37.79	49.06	91.94	50.36	49.04
16	42.76	78.89	59.46	83.95	69.86	62.03	84.12	82.1	86.16	18.11	51.42	106.02	50.04	68.03	41.23	45.61	0.0	8.25	48.37	80.62	84.9	46.82	12.17	34.23	13.42	72.11	46.04	79.85	13.42	66.48	22.8	44.72	41.23	39.85	40.05	84.4	89.55	114.77	85.09	73.15	78.85	3.9	107.49	53.74	43.42
17	40.0	71.02	55.32	75.71	61.74	54.0	80.05	74.24	78.0	10.77	48.17	98.41	42.19	66.27	32.98	38.63	8.25	0.0	48.08	80.05	77.79	42.76	15.23	26.68	8.94	71.02	40.25	75.29	10.2	58.31	24.41	39.85	33.94	33.11	39.29	78.23	81.44	107.52	79.62	71.92	70.8	10.82	100.34	46.86	37.22
18	15.23	74.43	27.2	92.97	72.8	82.1	45.25	102.22	87.48	55.46	18.11	93.06	75.07	21.54	59.67	78.1	48.37	48.08	0.0	32.25	68.73	22.36	60.53	65.6	56.92	24.08	33.53	44.41	37.95	72.11	26.0	27.2	43.91	74.4	8.94	59.46	88.81	96.17	54.59	25.3	96.13	45.39	88.44	45.12	35.85
19	42.05	87.66	38.42	110.94	90.44	106.15	36.0	124.58	102.0	86.65	37.2	97.67	101.61	16.97	86.02	106.68	80.62	80.05	32.25	0.0	75.29	44.41	92.78	94.83	88.77	10.0	55.32	40.45	69.86	91.21	58.14	50.0	68.41	103.77	40.79	61.19	101.98	96.08	52.35	9.97	117.72	77.61	89.07	63.78	59.03
20	56.32	18.97	42.05	44.72	30.07	56.0	42.19	65.15	31.62	74.4	50.64	24.33	61.19	60.83	52.8	72.28	84.9	77.79	68.73	75.29	0.0	48.08	92.2	68.03	81.22	67.47	41.18	35.78	72.47	34.0	76.94	45.69	43.86	74.0	66.48	15.62	29.73	30.0	25.61	66.54	57.78	85.18	22.59	31.24	42.44
21	8.25	52.15	12.65	70.94	50.6	62.29	37.36	81.61	65.12	46.04	7.21	72.28	57.2	27.78	41.62	62.61	46.82	42.76	22.36	44.41	48.08	0.0	57.72	51.26	50.16	34.41	11.66	33.11	33.53	50.16	31.11	5.66	24.08	60.17	18.44	41.62	66.48	76.97	39.7	34.64	75.15	45.36	69.21	22.8	14.87
22	54.33	84.02	70.34	85.44	73.78	61.61	95.08	80.4	89.55	18.87	62.8	111.95	49.03	80.0	43.91	42.0	12.17	15.23	60.53	92.78	92.2	57.72	0.0	32.98	11.66	84.21	55.46	90.44	24.33	69.97	34.93	55.03	48.41	36.0	52.15	93.3	93.3	121.66	94.85	85.24	78.2	15.48	114.63	61.61	52.35
23	52.84	55.61	61.61	52.8	43.86	28.64	84.38	48.0	58.41	16.12	58.31	84.02	16.12	78.79	15.23	12.81	34.23	26.68	65.6	94.83	68.03	51.26	32.98	0.0	22.09	84.97	42.76	78.1	32.25	39.6	47.71	46.17	30.07	8.94	56.85	73.76	62.48	95.41	78.41	85.43	45.3	37.41	89.17	42.19	38.64
24	48.17	72.47	62.51	74.0	62.13	50.64	87.13	70.03	77.9	7.21	56.0	100.5	38.21	74.67	32.25	32.56	13.42	8.94	56.92	88.77	81.22	50.16	11.66	22.09	0.0	79.62	46.17	82.0	18.97	58.31	33.29	46.69	37.74	26.68	48.08	83.19	81.63	110.45	85.44	80.47	67.37	17.18	103.53	51.11	42.72
25	32.31	78.79	28.84	101.55	80.99	96.21	31.05	114.77	93.04	77.2	27.2	90.55	91.61	7.21	76.03	96.75	72.11	71.02	24.08	10.0	67.47	34.41	84.21	84.97	79.62	0.0	45.34	34.06	60.83	81.61	50.04	40.0	58.41	93.91	32.06	54.15	93.23	90.09	46.04	1.63	107.96	69.29	82.81	54.04	49.04
26	18.44	42.05	18.97	59.46	39.29	50.91	42.0	70.0	54.33	40.79	18.44	64.62	46.65	38.42	31.3	53.14	46.04	40.25	33.53	55.32	41.18	11.66	55.46	42.76	46.17	45.34	0.0	36.22	32.8	38.63	35.78	6.32	13.42	51.42	28.07	38.42	56.04	71.02	39.4	45.4	63.5	45.54	63.4	12.0	4.12
27	38.83	50.99	20.59	76.42	57.2	78.79	7.21	93.74	65.3	76.94	30.0	57.27	78.59	28.64	64.78	87.13	79.85	75.29	44.41	40.45	35.78	33.11	90.44	78.1	82.0	34.06	36.22	0.0	66.48	59.36	63.25	35.44	48.04	86.37	46.69	20.88	64.4	56.04	12.0	32.81	86.38	78.46	48.81	36.88	40.11
28	30.07	68.03	46.17	76.24	60.17	56.89	70.88	77.67	76.66	18.44	38.47	94.34	46.17	56.14	34.06	44.94	13.42	10.2	37.95	69.86	72.47	33.53	24.33	32.25	18.97	60.83	32.8	66.48	0.0	57.27	15.62	31.3	29.53	40.0	29.12	71.22	79.7	102.45	71.69	61.73	73.39	12.79	95.04	41.23	30.41
29	56.92	17.09	52.8	20.88	4.47	22.0	66.57	34.41	19.7	51.11	56.36	44.94	28.64	74.4	26.08	40.25	66.48	58.31	72.11	91.21	34.0	50.16	69.97	39.6	58.31	81.61	38.63	59.36	57.27	0.0	68.03	44.94	30.07	43.27	65.97	45.61	23.32	57.27	53.85	81.3	27.11	68.2	51.89	27.78	36.4
30	24.41	76.16	42.8	88.09	70.26	70.88	66.24	91.76	86.58	33.94	33.29	100.32	60.93	46.69	47.54	60.46	22.8	24.41	26.0	58.14	76.94	31.11	34.93	47.71	33.29	50.04	35.78	63.25	15.62	68.03	0.0	31.62	38.21	55.61	18.44	72.47	89.11	106.68	70.77	51.2	86.96	19.54	99.01	46.82	35.11
31	12.17	48.0	16.0	65.79	45.61	56.64	40.45	76.03	60.53	42.05	12.81	69.57	51.61	33.29	36.06	57.27	44.72	39.85	27.2	50.0	45.69	5.66	55.03	46.17	46.69	40.0	6.32	35.44	31.3	44.94	31.62	0.0	18.44	55.03	22.0	41.04	62.13	75.18	40.5	40.19	69.62	43.7	67.48	18.11	9.22
32	28.84	38.63	32.31	50.64	32.06	38.42	54.33	58.31	48.37	31.3	31.24	64.9	33.29	51.61	17.89	39.85	41.23	33.94	43.91	68.41	43.86	24.08	48.41	30.07	37.74	58.41	13.42	48.04	29.53	30.07	38.21	18.44	0.0	38.47	36.77	45.69	50.99	73.59	49.03	58.56	52.27	41.87	66.4	13.42	9.43
33	61.77	60.03	70.34	53.25	47.71	27.78	92.78	44.72	60.83	22.36	67.23	88.2	15.62	87.73	22.09	6.0	39.85	33.11	74.4	103.77	74.0	60.17	36.0	8.94	26.68	93.91	51.42	86.37	40.0	43.27	55.61	55.03	38.47	0.0	65.6	80.89	65.12	100.24	86.09	94.38	43.37	43.37	94.38	50.0	47.3
34	10.2	70.0	27.2	86.83	67.08	74.43	48.83	94.83	82.39	46.52	17.2	90.71	66.84	28.28	51.61	69.43	40.05	39.29	8.94	40.79	66.48	18.44	52.15	56.85	48.08	32.06	28.07	46.69	29.12	65.97	18.44	22.0	36.77	65.6	0.0	59.06	84.1	95.08	55.61	33.11	88.99	37.29	87.32	40.05	29.61
35	49.4	33.29	32.31	59.36	42.38	67.08	26.83	78.79	46.86	76.97	42.05	36.5	70.0	48.0	58.86	80.22	84.4	78.23	59.46	61.19	15.62	41.62	93.3	73.76	83.19	54.15	38.42	20.88	71.22	45.61	72.47	41.04	45.69	80.89	59.06	0.0	45.25	36.88	10.0	53.05	71.35	83.96	29.25	32.31	41.05
36	74.24	14.56	65.15	18.0	19.7	39.45	71.22	40.0	4.47	74.43	71.39	26.31	49.68	86.16	49.4	61.22	89.55	81.44	88.81	101.98	29.73	66.48	93.3	62.48	81.63	93.23	56.04	64.4	79.7	23.32	89.11	62.13	50.99	65.12	84.1	45.25	0.0	40.2	55.17	92.56	33.43	91.1	37.24	44.05	55.04
37	85.09	40.25	68.96	58.14	52.8	77.79	60.13	80.1	44.41	103.48	78.43	14.0	85.91	84.38	80.45	97.51	114.77	107.52	96.17	96.08	30.0	76.97	121.66	95.41	110.45	90.09	71.02	56.04	102.45	57.27	106.68	75.18	73.59	100.24	95.08	36.88	40.2	0.0	44.05	88.85	73.63	115.13	7.76	61.22	72.42
38	46.69	42.8	28.43	68.82	50.99	74.73	17.09	87.66	56.64	79.7	38.42	45.61	76.42	40.45	64.03	86.02	85.09	79.62	54.59	52.35	25.61	39.7	94.85	78.41	85.44	46.04	39.4	12.0	71.69	53.85	70.77	40.5	49.03	86.09	55.61	10.0	55.17	44.05	0.0	44.81	80.22	84.19	36.81	36.22	42.72
39	32.92	78.16	28.5	101.13	80.6	96.2	29.62	114.61	92.44	77.93	27.43	89.49	91.8	7.0	76.25	97.12	73.15	71.92	25.3	9.97	66.54	34.64	85.24	85.43	80.47	1.63	45.4	32.81	61.73	81.3	51.2	40.19	58.56	94.38	33.11	53.05	92.56	88.85	44.81	0.0	107.76	70.38	81.6	53.82	49.16
40	80.97	38.81	79.35	15.61	29.29	16.82	93.6	7.44	29.3	60.98	81.84	59.72	29.18	100.8	39.48	37.79	78.85	70.8	96.13	117.72	57.78	75.15	78.2	45.3	67.37	107.96	63.5	86.38	73.39	27.11	86.96	69.62	52.27	43.37	88.99	71.35	33.43	73.63	80.22	107.76	0.0	81.6	70.38	53.94	60.51
41	40.74	80.02	57.95	86.17	71.42	64.8	82.47	85.07	87.82	21.33	49.54	106.77	53.01	65.46	43.41	49.06	3.9	10.82	45.39	77.61	85.18	45.36	15.48	37.41	17.18	69.29	45.54	78.46	12.79	68.2	19.54	43.7	41.87	43.37	37.29	83.96	91.1	115.13	84.19	70.38	81.6	0.0	107.76	53.94	43.2
42	77.33	34.82	61.24	55.19	47.47	73.06	53.25	77.17	41.12	96.63	70.68	13.23	80.43	76.97	74.07	91.94	107.49	100.34	88.44	89.07	22.59	69.21	114.63	89.17	103.53	82.81	63.4	48.81	95.04	51.89	99.01	67.48	66.4	94.38	87.32	29.25	37.24	7.76	36.81	81.6	70.38	107.76	0.0	53.82	64.9
43	30.27	30.07	25.46	48.33	27.86	43.27	43.68	60.83	42.43	44.72	28.64	53.67	41.76	46.86	28.07	50.36	53.74	46.86	45.12	63.78	31.24	22.8	61.61	42.19	51.11	54.04	12.0	36.88	41.23	27.78	46.82	18.11	13.42	50.0	40.05	32.31	44.05	61.22	36.22	53.82	53.94	53.94	53.82	0.0	11.7
44	20.62	41.44	23.09	57.28	37.48	47.42	46.01	66.85	53.04	37.11	21.93	65.31	42.72	42.2	27.29	49.04	43.42	37.22	35.85	59.03	42.44	14.87	52.35	38.64	42.72	49.04	4.12	40.11	30.41	36.4	35.11	9.22	9.43	47.3	29.61	41.05	55.04	72.42	42.72	49.16	60.51	43.2	64.9	11.7	0.0
;
