set K:= 1	2	3	4	5;
set C_H:= 1	2	3	4	5	6	7	8	9	10	11	12	13	14	15;
set C_S:= 16	17	18	19	20	21	22	23	24	25	26;
set C_F:= 27	28	29	30	31	32	33	34	35	36	37;
set M:= 38	39	40	41;
set L_B:= 42	43;
set A1:=
(0,*) 1 2 3 4 5 6 7 8 9 10 11 12 13 14 15 27 28 29 30 31 32 33 34 35 36 37 38 39 40 41 42 43
(1,*) 0 2 3 4 5 6 7 8 9 10 11 12 13 14 15 27 28 29 30 31 32 33 34 35 36 37 38 39 40 41 42 43
(2,*) 0 1 3 4 5 6 7 8 9 10 11 12 13 14 15 27 28 29 30 31 32 33 34 35 36 37 38 39 40 41 42 43
(3,*) 0 1 2 4 5 6 7 8 9 10 11 12 13 14 15 27 28 29 30 31 32 33 34 35 36 37 38 39 40 41 42 43
(4,*) 0 1 2 3 5 6 7 8 9 10 11 12 13 14 15 27 28 29 30 31 32 33 34 35 36 37 38 39 40 41 42 43
(5,*) 0 1 2 3 4 6 7 8 9 10 11 12 13 14 15 27 28 29 30 31 32 33 34 35 36 37 38 39 40 41 42 43
(6,*) 0 1 2 3 4 5 7 8 9 10 11 12 13 14 15 27 28 29 30 31 32 33 34 35 36 37 38 39 40 41 42 43
(7,*) 0 1 2 3 4 5 6 8 9 10 11 12 13 14 15 27 28 29 30 31 32 33 34 35 36 37 38 39 40 41 42 43
(8,*) 0 1 2 3 4 5 6 7 9 10 11 12 13 14 15 27 28 29 30 31 32 33 34 35 36 37 38 39 40 41 42 43
(9,*) 0 1 2 3 4 5 6 7 8 10 11 12 13 14 15 27 28 29 30 31 32 33 34 35 36 37 38 39 40 41 42 43
(10,*) 0 1 2 3 4 5 6 7 8 9 11 12 13 14 15 27 28 29 30 31 32 33 34 35 36 37 38 39 40 41 42 43
(11,*) 0 1 2 3 4 5 6 7 8 9 10 12 13 14 15 27 28 29 30 31 32 33 34 35 36 37 38 39 40 41 42 43
(12,*) 0 1 2 3 4 5 6 7 8 9 10 11 13 14 15 27 28 29 30 31 32 33 34 35 36 37 38 39 40 41 42 43
(13,*) 0 1 2 3 4 5 6 7 8 9 10 11 12 14 15 27 28 29 30 31 32 33 34 35 36 37 38 39 40 41 42 43
(14,*) 0 1 2 3 4 5 6 7 8 9 10 11 12 13 15 27 28 29 30 31 32 33 34 35 36 37 38 39 40 41 42 43
(15,*) 0 1 2 3 4 5 6 7 8 9 10 11 12 13 14 27 28 29 30 31 32 33 34 35 36 37 38 39 40 41 42 43
(27,*) 0 1 2 3 4 5 6 7 8 9 10 11 12 13 14 15 28 29 30 31 32 33 34 35 36 37 38 39 40 41 42 43
(28,*) 0 1 2 3 4 5 6 7 8 9 10 11 12 13 14 15 27 29 30 31 32 33 34 35 36 37 38 39 40 41 42 43
(29,*) 0 1 2 3 4 5 6 7 8 9 10 11 12 13 14 15 27 28 30 31 32 33 34 35 36 37 38 39 40 41 42 43
(30,*) 0 1 2 3 4 5 6 7 8 9 10 11 12 13 14 15 27 28 29 31 32 33 34 35 36 37 38 39 40 41 42 43
(31,*) 0 1 2 3 4 5 6 7 8 9 10 11 12 13 14 15 27 28 29 30 32 33 34 35 36 37 38 39 40 41 42 43
(32,*) 0 1 2 3 4 5 6 7 8 9 10 11 12 13 14 15 27 28 29 30 31 33 34 35 36 37 38 39 40 41 42 43
(33,*) 0 1 2 3 4 5 6 7 8 9 10 11 12 13 14 15 27 28 29 30 31 32 34 35 36 37 38 39 40 41 42 43
(34,*) 0 1 2 3 4 5 6 7 8 9 10 11 12 13 14 15 27 28 29 30 31 32 33 35 36 37 38 39 40 41 42 43
(35,*) 0 1 2 3 4 5 6 7 8 9 10 11 12 13 14 15 27 28 29 30 31 32 33 34 36 37 38 39 40 41 42 43
(36,*) 0 1 2 3 4 5 6 7 8 9 10 11 12 13 14 15 27 28 29 30 31 32 33 34 35 37 38 39 40 41 42 43
(37,*) 0 1 2 3 4 5 6 7 8 9 10 11 12 13 14 15 27 28 29 30 31 32 33 34 35 36 38 39 40 41 42 43
(38,*) 0 1 2 3 4 5 6 7 8 9 10 11 12 13 14 15 27 28 29 30 31 32 33 34 35 36 37 39 40 41 42 43
(39,*) 0 1 2 3 4 5 6 7 8 9 10 11 12 13 14 15 27 28 29 30 31 32 33 34 35 36 37 38 40 41 42 43
(40,*) 0 1 2 3 4 5 6 7 8 9 10 11 12 13 14 15 27 28 29 30 31 32 33 34 35 36 37 38 39 41 42 43
(41,*) 0 1 2 3 4 5 6 7 8 9 10 11 12 13 14 15 27 28 29 30 31 32 33 34 35 36 37 38 39 40 42 43
(42,*) 0 1 2 3 4 5 6 7 8 9 10 11 12 13 14 15 27 28 29 30 31 32 33 34 35 36 37 38 39 40 41 43
(43,*) 0 1 2 3 4 5 6 7 8 9 10 11 12 13 14 15 27 28 29 30 31 32 33 34 35 36 37 38 39 40 41 42
;
set A2:=
(38,*) 39
(39,*) 38
(40,*) 41
(41,*) 40
;
param BigM:=99999;
param n:= 5;
param d:=
1	5
2	12
3	18
4	11
5	23
6	5
7	17
8	19
9	8
10	12
11	4
12	25
13	2
14	24
15	13
16	12
17	8
18	12
19	19
20	8
21	13
22	5
23	26
24	7
25	3
26	14
27	25
28	1
29	9
30	13
31	9
32	20
33	21
34	12
35	13
36	19
37	14
;
param Q:=100
param w:=
[38,*] 39 5
[39,*] 38 5
[40,*] 41 5
[41,*] 40 5
;
param V:=
[38,*] 39 288
[39,*] 38 288
[40,*] 41 288
[41,*] 40 288
;
param f:=
38	100
39	100
40	100
41	100
42	100
43	100
;
param e:
	38	39	40	41	42	43:=
16	1	0	0	0	0	0	
17	1	0	0	0	0	0	
18	1	0	0	0	0	0	
19	0	0	0	1	1	0	
20	0	0	0	0	0	1	
21	0	1	0	0	0	0	
22	0	0	0	0	0	1	
23	0	0	1	0	0	1	
24	0	0	1	0	1	1	
25	0	1	1	0	1	0	
26	0	1	0	0	0	0	
27	0	0	1	0	0	1	
28	1	0	0	0	0	0	
29	1	0	0	0	0	0	
30	0	1	0	0	0	0	
31	0	0	0	0	1	1	
32	0	0	1	0	0	1	
33	0	0	0	1	0	0	
34	1	0	0	0	0	1	
35	0	0	0	1	1	0	
36	1	0	0	0	1	1	
37	0	0	1	0	0	1	
;
param r:
	38	39	40	41:=
38	0	1	0	0	
39	1	0	0	0	
40	0	0	0	1	
41	0	0	1	0	
;
param p:=
1	1
2	1
3	1
4	1
5	1
;
param G:=
38	288
39	288
40	288
41	288
42	72
43	72
;
param s:=
0	0
1	15
2	15
3	15
4	15
5	15
6	15
7	15
8	15
9	15
10	15
11	15
12	15
13	15
14	15
15	15
27	15
28	15
29	15
30	15
31	15
32	15
33	15
34	15
35	15
36	15
37	15
38	30
39	30
40	30
41	30
42	15
43	15
;
param t:
	0	1	2	3	4	5	6	7	8	9	10	11	12	13	14	15	16	17	18	19	20	21	22	23	24	25	26	27	28	29	30	31	32	33	34	35	36	37	38	39	40	41	42	43:=
0	0.0	16.12	75.29	43.86	38.47	16.12	26.68	8.49	31.11	6.32	53.67	35.44	37.95	42.19	41.23	55.57	71.69	69.86	43.86	38.47	30.46	42.52	32.56	28.28	42.76	22.36	32.06	59.09	59.67	73.59	32.56	24.33	47.71	53.85	60.83	52.35	41.62	48.66	77.19	28.51	49.2	65.95	18.68	41.48
1	16.12	0.0	87.73	58.24	52.5	17.89	10.77	10.77	44.94	10.0	67.68	51.42	47.2	38.47	54.04	51.42	80.99	76.97	57.2	36.06	41.04	30.53	46.04	40.25	58.86	31.62	16.49	73.38	67.08	86.56	17.89	32.8	60.93	52.15	74.4	58.31	53.81	64.78	89.34	14.3	64.43	63.52	29.0	57.49
2	75.29	87.73	0.0	76.42	77.28	71.22	97.84	83.74	44.41	80.72	82.0	50.0	42.19	73.38	34.06	76.66	21.54	33.53	31.62	70.23	46.86	117.46	42.8	82.87	50.36	86.76	97.65	82.22	34.0	4.47	95.41	55.61	84.38	68.47	16.49	42.43	33.94	50.0	2.84	101.98	70.64	73.6	58.73	47.68
3	43.86	58.24	76.42	0.0	6.0	57.69	67.08	47.54	43.86	48.7	10.0	28.64	60.83	82.22	51.92	94.76	84.85	89.29	50.99	77.9	53.85	72.69	45.69	20.1	26.08	30.07	74.73	15.23	80.32	72.69	75.89	55.32	8.0	90.69	60.13	77.82	54.41	27.2	79.16	65.77	9.26	102.5	50.21	29.0
4	38.47	52.5	77.28	6.0	0.0	52.8	61.19	41.76	41.76	43.08	15.23	28.0	58.31	77.79	50.64	90.55	84.21	87.86	50.16	73.54	50.99	66.75	43.68	14.14	27.2	24.08	68.96	20.88	78.59	73.76	70.23	51.61	10.0	86.83	60.83	75.39	52.95	29.53	79.96	59.79	14.57	98.77	46.23	29.61
5	16.12	17.89	71.22	57.69	52.8	0.0	26.91	20.1	31.05	16.12	67.68	42.19	29.73	26.08	38.47	39.45	63.25	59.09	42.05	22.36	24.41	48.37	31.62	44.05	50.36	38.47	26.83	72.72	49.19	70.46	25.3	15.62	62.48	37.95	59.06	40.5	37.74	56.32	72.64	31.9	61.61	49.98	13.6	48.09
6	26.68	10.77	97.84	67.08	61.19	26.91	0.0	20.0	55.57	20.4	76.16	62.1	56.64	42.19	64.4	54.04	90.0	85.09	67.68	40.79	50.99	22.8	56.6	48.08	69.43	38.63	10.0	82.0	75.47	96.83	13.42	42.43	68.96	56.32	84.88	66.24	64.03	75.31	99.36	6.66	73.85	66.8	39.2	68.15
7	8.49	10.77	83.74	47.54	41.76	20.1	20.0	0.0	39.6	4.0	56.92	43.08	45.69	44.94	49.68	58.31	79.62	77.2	52.35	41.76	38.47	34.06	41.04	29.53	50.0	21.26	27.2	62.64	67.05	82.07	28.64	31.62	50.16	57.72	69.31	59.23	50.0	55.79	85.61	20.65	53.96	69.6	26.4	49.04
8	31.11	44.94	44.41	43.86	41.76	31.05	55.57	39.6	0.0	36.88	52.84	16.97	17.2	46.17	10.77	56.36	44.41	46.39	12.81	41.76	11.66	73.59	2.0	42.05	24.41	43.68	57.58	56.04	36.88	42.52	56.32	18.11	51.26	50.48	29.73	34.0	12.17	29.53	46.46	58.83	43.04	61.37	17.46	21.1
9	6.32	10.0	80.72	48.7	43.08	16.12	20.4	4.0	36.88	0.0	58.31	41.76	42.05	41.23	46.69	54.63	76.03	73.38	49.52	37.95	34.99	36.77	38.21	31.62	49.03	24.08	26.31	63.91	63.25	79.2	27.2	27.86	51.88	53.85	66.6	55.32	46.86	54.92	82.53	22.26	54.6	65.77	22.83	47.8
10	53.67	67.68	82.0	10.0	15.23	67.68	76.16	56.92	52.84	58.31	0.0	36.77	69.97	92.2	60.17	104.69	92.2	97.41	58.82	87.86	63.25	80.1	54.59	28.28	32.56	38.21	84.12	6.0	88.77	78.03	85.44	65.12	8.25	100.5	66.12	86.83	62.77	32.0	84.8	74.42	11.37	112.25	60.11	35.9
11	35.44	51.42	50.0	28.64	28.0	42.19	62.1	43.08	16.97	41.76	36.77	0.0	34.06	61.74	23.41	72.72	56.32	60.73	22.36	57.27	28.43	76.16	18.44	33.11	8.25	38.42	66.48	39.45	52.0	46.82	66.12	33.11	36.5	67.2	33.53	50.48	26.0	14.14	52.58	63.71	26.39	78.27	30.08	6.08
12	37.95	47.2	42.19	60.83	58.31	29.73	56.64	45.69	17.2	42.05	69.97	34.06	0.0	34.0	14.56	41.76	34.0	32.25	18.44	30.07	8.0	77.67	15.62	56.57	41.04	56.04	55.61	73.24	22.09	42.05	53.25	14.42	68.03	34.93	32.56	17.09	12.17	45.61	43.35	61.45	60.25	45.0	19.31	37.54
13	42.19	38.47	73.38	82.22	77.79	26.08	42.19	44.94	46.17	41.23	92.2	61.74	34.0	0.0	48.17	13.42	58.31	49.68	52.15	4.47	34.93	64.78	45.61	70.0	69.86	64.5	35.44	96.83	42.19	74.22	31.62	28.64	87.68	14.14	66.27	32.25	46.04	75.39	73.84	48.77	84.87	25.05	32.45	66.85
14	41.23	54.04	34.06	51.92	50.64	38.47	64.4	49.68	10.77	46.69	60.17	23.41	14.56	48.17	0.0	56.32	34.06	37.36	4.0	44.05	14.56	83.45	8.94	52.35	28.84	54.41	65.3	62.61	28.64	32.56	63.56	23.41	59.67	49.4	20.59	28.28	2.83	32.56	35.97	68.19	49.57	59.05	25.24	25.24
15	55.57	51.42	76.66	94.76	90.55	39.45	54.04	58.31	56.36	54.63	104.69	72.72	41.76	13.42	56.32	0.0	58.82	48.33	60.17	17.2	44.72	76.11	55.46	83.23	80.62	77.9	46.17	109.12	43.17	78.23	42.19	40.0	100.5	8.25	72.25	34.23	53.85	85.88	76.63	60.69	96.88	13.03	44.6	77.41
16	71.69	80.99	21.54	84.85	84.21	63.25	90.0	79.62	44.41	76.03	92.2	56.32	34.0	58.31	34.06	58.82	0.0	12.17	34.06	56.04	41.23	111.52	42.43	86.37	59.67	87.86	87.73	93.68	16.12	25.06	84.85	48.37	92.78	50.6	28.84	26.08	32.25	61.35	20.23	95.14	81.03	53.8	53.23	56.29
17	69.86	76.97	33.53	89.29	87.86	59.09	85.09	77.2	46.39	73.38	97.41	60.73	32.25	49.68	37.36	48.33	12.17	0.0	38.63	48.08	40.2	107.33	44.41	88.09	65.39	88.2	81.61	99.54	10.2	36.77	78.41	45.61	97.02	40.25	38.21	18.87	34.93	68.0	32.36	90.72	86.59	42.17	51.2	61.85
18	43.86	57.2	31.62	50.99	50.16	42.05	67.68	52.35	12.81	49.52	58.82	22.36	18.44	52.15	4.0	60.17	34.06	38.63	0.0	48.04	18.44	86.28	11.31	52.95	26.83	55.71	68.88	60.93	30.53	29.73	67.23	27.2	58.86	53.14	17.2	31.24	6.32	30.0	33.73	71.26	47.97	62.57	28.65	23.26
19	38.47	36.06	70.23	77.9	73.54	22.36	40.79	41.76	41.76	37.95	87.86	57.27	30.07	4.47	44.05	17.2	56.04	48.08	48.04	0.0	30.59	63.56	41.23	66.03	65.39	60.83	34.93	92.46	40.0	70.88	31.3	24.17	83.45	16.12	62.51	30.0	42.0	70.94	70.82	47.25	80.45	27.84	28.02	62.39
20	30.46	41.04	46.86	53.85	50.99	24.41	50.99	38.47	11.66	34.99	63.25	28.43	8.0	34.93	14.56	44.72	41.23	40.2	18.44	30.59	0.0	71.22	10.77	48.66	36.06	48.04	51.11	66.84	30.07	46.04	49.19	8.94	60.83	38.83	34.93	24.74	13.42	41.18	48.37	55.33	53.99	49.86	12.21	32.76
21	42.52	30.53	117.46	72.69	66.75	48.37	22.8	34.06	73.59	36.77	80.1	76.16	77.67	64.78	83.45	76.11	111.52	107.33	86.28	63.56	71.22	0.0	74.97	52.61	82.29	42.76	30.0	86.09	97.53	115.97	34.0	63.25	72.03	78.92	103.32	88.57	83.55	87.73	119.22	16.66	81.02	89.03	59.03	81.88
22	32.56	46.04	42.8	45.69	43.68	31.62	56.6	41.04	2.0	38.21	54.59	18.44	15.62	45.61	8.94	55.46	42.43	44.41	11.31	41.23	10.77	74.97	0.0	44.05	25.61	45.61	58.31	57.69	34.93	41.04	56.92	18.0	53.14	49.4	28.43	32.25	10.2	30.53	44.8	60.03	44.67	60.13	18.03	22.2
23	28.28	40.25	82.87	20.1	14.14	44.05	48.08	29.53	42.05	31.62	28.28	33.11	56.57	70.0	52.35	83.23	86.37	88.09	52.95	66.03	48.66	52.61	44.05	0.0	35.61	10.0	56.46	34.23	78.23	79.85	58.14	46.82	20.88	80.62	66.48	73.35	54.15	39.6	85.37	46.14	28.52	92.75	40.85	36.89
24	42.76	58.86	50.36	26.08	27.2	50.36	69.43	50.0	24.41	49.03	32.56	8.25	41.04	69.86	28.84	80.62	59.67	65.39	26.83	65.39	36.06	82.29	25.61	35.61	0.0	42.52	74.24	34.18	57.31	46.69	74.03	41.23	34.06	74.89	34.06	56.85	31.62	6.0	53.09	70.63	21.37	85.74	38.33	3.61
25	22.36	31.62	86.76	30.07	24.08	38.47	38.63	21.26	43.68	24.08	38.21	38.42	56.04	64.5	54.41	77.9	87.86	88.2	55.71	60.83	48.04	42.76	45.61	10.0	42.52	0.0	47.41	44.18	78.1	84.12	49.4	44.41	30.59	76.16	70.71	72.11	55.79	47.2	89.1	36.3	38.26	88.27	38.33	43.14
26	32.06	16.49	97.65	74.73	68.96	26.83	10.0	27.2	57.58	26.31	84.12	66.48	55.61	35.44	65.3	46.17	87.73	81.61	68.88	34.93	51.11	30.0	58.31	56.46	74.24	47.41	0.0	89.84	72.47	97.1	4.0	42.19	77.25	49.48	85.88	62.8	64.5	80.22	98.92	16.0	80.89	59.15	40.31	72.56
27	59.09	73.38	82.22	15.23	20.88	72.72	82.0	62.64	56.04	63.91	6.0	39.45	73.24	96.83	62.61	109.12	93.68	99.54	60.93	92.46	66.84	86.09	57.69	34.23	34.18	44.18	89.84	0.0	91.24	78.1	91.08	69.31	14.14	104.65	66.75	89.89	65.3	32.56	85.04	80.36	13.06	116.27	64.54	37.7
28	59.67	67.08	34.0	80.32	78.59	49.19	75.47	67.05	36.88	63.25	88.77	52.0	22.09	42.19	28.64	43.17	16.12	10.2	30.53	40.0	30.07	97.53	34.93	78.23	57.31	78.1	72.47	91.24	0.0	36.22	69.43	35.44	87.93	34.93	34.0	10.0	26.0	60.46	33.67	80.96	78.2	39.65	41.0	53.71
29	73.59	86.56	4.47	72.69	73.76	70.46	96.83	82.07	42.52	79.2	78.03	46.82	42.05	74.22	32.56	78.23	25.06	36.77	29.73	70.88	46.04	115.97	41.04	79.85	46.69	84.12	97.1	78.1	36.22	0.0	95.02	54.92	80.62	70.11	13.42	44.05	32.8	46.04	7.23	100.74	66.69	75.86	57.63	44.15
30	32.56	17.89	95.41	75.89	70.23	25.3	13.42	28.64	56.32	27.2	85.44	66.12	53.25	31.62	63.56	42.19	84.85	78.41	67.23	31.3	49.19	34.0	56.92	58.14	74.03	49.4	4.0	91.08	69.43	95.02	0.0	40.25	78.79	45.61	84.1	59.67	62.61	80.02	96.6	19.72	81.7	55.18	38.9	72.17
31	24.33	32.8	55.61	55.32	51.61	15.62	42.43	31.62	18.11	27.86	65.12	33.11	14.42	28.64	23.41	40.0	48.37	45.61	27.2	24.17	8.94	63.25	18.0	46.82	41.23	44.41	42.19	69.31	35.44	54.92	40.25	0.0	61.61	35.38	43.86	28.07	22.36	46.82	57.02	47.07	56.91	47.2	6.08	38.28
32	47.71	60.93	84.38	8.0	10.0	62.48	68.96	50.16	51.26	51.88	8.25	36.5	68.03	87.68	59.67	100.5	92.78	97.02	58.86	83.45	60.83	72.03	53.14	20.88	34.06	30.59	77.25	14.14	87.93	80.62	78.79	61.61	0.0	96.83	68.12	85.09	62.1	34.93	87.13	66.9	15.35	108.77	56.22	37.0
33	53.85	52.15	68.47	90.69	86.83	37.95	56.32	57.72	50.48	53.85	100.5	67.2	34.93	14.14	49.4	8.25	50.6	40.25	53.14	16.12	38.83	78.92	49.4	80.62	74.89	76.16	49.48	104.65	34.93	70.11	45.61	35.38	96.83	0.0	64.5	26.08	46.82	79.92	68.41	62.89	92.12	12.14	40.61	71.56
34	60.83	74.4	16.49	60.13	60.83	59.06	84.88	69.31	29.73	66.6	66.12	33.53	32.56	66.27	20.59	72.25	28.84	38.21	17.2	62.51	34.93	103.32	28.43	66.48	34.06	70.71	85.88	66.75	34.0	13.42	84.1	43.86	68.12	64.5	0.0	39.29	21.54	34.23	19.13	88.45	54.76	72.05	45.79	31.26
35	52.35	58.31	42.43	77.82	75.39	40.5	66.24	59.23	34.0	55.32	86.83	50.48	17.09	32.25	28.28	34.23	26.08	18.87	31.24	30.0	24.74	88.57	32.25	73.35	56.85	72.11	62.8	89.89	10.0	44.05	59.67	28.07	85.09	26.08	39.29	0.0	25.46	60.83	42.47	71.93	76.84	32.75	34.01	53.26
36	41.62	53.81	33.94	54.41	52.95	37.74	64.03	50.0	12.17	46.86	62.77	26.0	12.17	46.04	2.83	53.85	32.25	34.93	6.32	42.0	13.42	83.55	10.2	54.15	31.62	55.79	64.5	65.3	26.0	32.8	62.61	22.36	62.1	46.82	21.54	25.46	0.0	35.38	35.68	68.05	52.25	56.33	24.84	28.02
37	48.66	64.78	50.0	27.2	29.53	56.32	75.31	55.79	29.53	54.92	32.0	14.14	45.61	75.39	32.56	85.88	61.35	68.0	30.0	70.94	41.18	87.73	30.53	39.6	6.0	47.2	80.22	32.56	60.46	46.04	80.02	46.82	34.93	79.92	34.23	60.83	35.38	0.0	52.8	76.39	20.64	90.54	44.15	8.54
38	77.19	89.34	2.84	79.16	79.96	72.64	99.36	85.61	46.46	82.53	84.8	52.58	43.35	73.84	35.97	76.63	20.23	32.36	33.73	70.82	48.37	119.22	44.8	85.37	53.09	89.1	98.92	85.04	33.67	7.23	96.6	57.02	87.13	68.41	19.13	42.47	35.68	52.8	0.0	103.62	73.44	73.1	60.35	50.37
39	28.51	14.3	101.98	65.77	59.79	31.9	6.66	20.65	58.83	22.26	74.42	63.71	61.45	48.77	68.19	60.69	95.14	90.72	71.26	47.25	55.33	16.66	60.03	46.14	70.63	36.3	16.0	80.36	80.96	100.74	19.72	47.07	66.9	62.89	88.45	71.93	68.05	76.39	103.62	0.0	73.1	73.44	43.27	69.68
40	49.2	64.43	70.64	9.26	14.57	61.61	73.85	53.96	43.04	54.6	11.37	26.39	60.25	84.87	49.57	96.88	81.03	86.59	47.97	80.45	53.99	81.02	44.67	28.52	21.37	38.26	80.89	13.06	78.2	66.69	81.7	56.91	15.35	92.12	54.76	76.84	52.25	20.64	73.44	73.1	0.0	103.62	52.43	24.82
41	65.95	63.52	73.6	102.5	98.77	49.98	66.8	69.6	61.37	65.77	112.25	78.27	45.0	25.05	59.05	13.03	53.8	42.17	62.57	27.84	49.86	89.03	60.13	92.75	85.74	88.27	59.15	116.27	39.65	75.86	55.18	47.2	108.77	12.14	72.05	32.75	56.33	90.54	73.1	73.44	103.62	0.0	52.58	82.32
42	18.68	29.0	58.73	50.21	46.23	13.6	39.2	26.4	17.46	22.83	60.11	30.08	19.31	32.45	25.24	44.6	53.23	51.2	28.65	28.02	12.21	59.03	18.03	40.85	38.33	38.33	40.31	64.54	41.0	57.63	38.9	6.08	56.22	40.61	45.79	34.01	24.84	44.15	60.35	43.27	52.43	52.58	0.0	35.69
43	41.48	57.49	47.68	29.0	29.61	48.09	68.15	49.04	21.1	47.8	35.9	6.08	37.54	66.85	25.24	77.41	56.29	61.85	23.26	62.39	32.76	81.88	22.2	36.89	3.61	43.14	72.56	37.7	53.71	44.15	72.17	38.28	37.0	71.56	31.26	53.26	28.02	8.54	50.37	69.68	24.82	82.32	35.69	0.0
;
