set K:= 1	2	3	4	5;
set C_H:= 1	2	3	4	5	6	7	8	9	10	11	12	13	14;
set C_S:= 15	16	17	18	19	20	21	22	23	24	25	26;
set C_F:= 27	28	29	30	31	32	33	34	35	36	37	38;
set M:= 39	40	41	42	43	44;
set L_B:= 45	46	47	48	49;
set A1:=
(0,*) 1 2 3 4 5 6 7 8 9 10 11 12 13 14 27 28 29 30 31 32 33 34 35 36 37 38 39 40 41 42 43 44 45 46 47 48 49 50
(1,*) 0 2 3 4 5 6 7 8 9 10 11 12 13 14 27 28 29 30 31 32 33 34 35 36 37 38 39 40 41 42 43 44 45 46 47 48 49 50
(2,*) 0 1 3 4 5 6 7 8 9 10 11 12 13 14 27 28 29 30 31 32 33 34 35 36 37 38 39 40 41 42 43 44 45 46 47 48 49 50
(3,*) 0 1 2 4 5 6 7 8 9 10 11 12 13 14 27 28 29 30 31 32 33 34 35 36 37 38 39 40 41 42 43 44 45 46 47 48 49 50
(4,*) 0 1 2 3 5 6 7 8 9 10 11 12 13 14 27 28 29 30 31 32 33 34 35 36 37 38 39 40 41 42 43 44 45 46 47 48 49 50
(5,*) 0 1 2 3 4 6 7 8 9 10 11 12 13 14 27 28 29 30 31 32 33 34 35 36 37 38 39 40 41 42 43 44 45 46 47 48 49 50
(6,*) 0 1 2 3 4 5 7 8 9 10 11 12 13 14 27 28 29 30 31 32 33 34 35 36 37 38 39 40 41 42 43 44 45 46 47 48 49 50
(7,*) 0 1 2 3 4 5 6 8 9 10 11 12 13 14 27 28 29 30 31 32 33 34 35 36 37 38 39 40 41 42 43 44 45 46 47 48 49 50
(8,*) 0 1 2 3 4 5 6 7 9 10 11 12 13 14 27 28 29 30 31 32 33 34 35 36 37 38 39 40 41 42 43 44 45 46 47 48 49 50
(9,*) 0 1 2 3 4 5 6 7 8 10 11 12 13 14 27 28 29 30 31 32 33 34 35 36 37 38 39 40 41 42 43 44 45 46 47 48 49 50
(10,*) 0 1 2 3 4 5 6 7 8 9 11 12 13 14 27 28 29 30 31 32 33 34 35 36 37 38 39 40 41 42 43 44 45 46 47 48 49 50
(11,*) 0 1 2 3 4 5 6 7 8 9 10 12 13 14 27 28 29 30 31 32 33 34 35 36 37 38 39 40 41 42 43 44 45 46 47 48 49 50
(12,*) 0 1 2 3 4 5 6 7 8 9 10 11 13 14 27 28 29 30 31 32 33 34 35 36 37 38 39 40 41 42 43 44 45 46 47 48 49 50
(13,*) 0 1 2 3 4 5 6 7 8 9 10 11 12 14 27 28 29 30 31 32 33 34 35 36 37 38 39 40 41 42 43 44 45 46 47 48 49 50
(14,*) 0 1 2 3 4 5 6 7 8 9 10 11 12 13 27 28 29 30 31 32 33 34 35 36 37 38 39 40 41 42 43 44 45 46 47 48 49 50
(27,*) 0 1 2 3 4 5 6 7 8 9 10 11 12 13 14 28 29 30 31 32 33 34 35 36 37 38 39 40 41 42 43 44 45 46 47 48 49 50
(28,*) 0 1 2 3 4 5 6 7 8 9 10 11 12 13 14 27 29 30 31 32 33 34 35 36 37 38 39 40 41 42 43 44 45 46 47 48 49 50
(29,*) 0 1 2 3 4 5 6 7 8 9 10 11 12 13 14 27 28 30 31 32 33 34 35 36 37 38 39 40 41 42 43 44 45 46 47 48 49 50
(30,*) 0 1 2 3 4 5 6 7 8 9 10 11 12 13 14 27 28 29 31 32 33 34 35 36 37 38 39 40 41 42 43 44 45 46 47 48 49 50
(31,*) 0 1 2 3 4 5 6 7 8 9 10 11 12 13 14 27 28 29 30 32 33 34 35 36 37 38 39 40 41 42 43 44 45 46 47 48 49 50
(32,*) 0 1 2 3 4 5 6 7 8 9 10 11 12 13 14 27 28 29 30 31 33 34 35 36 37 38 39 40 41 42 43 44 45 46 47 48 49 50
(33,*) 0 1 2 3 4 5 6 7 8 9 10 11 12 13 14 27 28 29 30 31 32 34 35 36 37 38 39 40 41 42 43 44 45 46 47 48 49 50
(34,*) 0 1 2 3 4 5 6 7 8 9 10 11 12 13 14 27 28 29 30 31 32 33 35 36 37 38 39 40 41 42 43 44 45 46 47 48 49 50
(35,*) 0 1 2 3 4 5 6 7 8 9 10 11 12 13 14 27 28 29 30 31 32 33 34 36 37 38 39 40 41 42 43 44 45 46 47 48 49 50
(36,*) 0 1 2 3 4 5 6 7 8 9 10 11 12 13 14 27 28 29 30 31 32 33 34 35 37 38 39 40 41 42 43 44 45 46 47 48 49 50
(37,*) 0 1 2 3 4 5 6 7 8 9 10 11 12 13 14 27 28 29 30 31 32 33 34 35 36 38 39 40 41 42 43 44 45 46 47 48 49 50
(38,*) 0 1 2 3 4 5 6 7 8 9 10 11 12 13 14 27 28 29 30 31 32 33 34 35 36 37 39 40 41 42 43 44 45 46 47 48 49 50
(39,*) 0 1 2 3 4 5 6 7 8 9 10 11 12 13 14 27 28 29 30 31 32 33 34 35 36 37 38 40 41 42 43 44 45 46 47 48 49 50
(40,*) 0 1 2 3 4 5 6 7 8 9 10 11 12 13 14 27 28 29 30 31 32 33 34 35 36 37 38 39 41 42 43 44 45 46 47 48 49 50
(41,*) 0 1 2 3 4 5 6 7 8 9 10 11 12 13 14 27 28 29 30 31 32 33 34 35 36 37 38 39 40 42 43 44 45 46 47 48 49 50
(42,*) 0 1 2 3 4 5 6 7 8 9 10 11 12 13 14 27 28 29 30 31 32 33 34 35 36 37 38 39 40 41 43 44 45 46 47 48 49 50
(43,*) 0 1 2 3 4 5 6 7 8 9 10 11 12 13 14 27 28 29 30 31 32 33 34 35 36 37 38 39 40 41 42 44 45 46 47 48 49 50
(44,*) 0 1 2 3 4 5 6 7 8 9 10 11 12 13 14 27 28 29 30 31 32 33 34 35 36 37 38 39 40 41 42 43 45 46 47 48 49 50
(45,*) 0 1 2 3 4 5 6 7 8 9 10 11 12 13 14 27 28 29 30 31 32 33 34 35 36 37 38 39 40 41 42 43 44 46 47 48 49 50
(46,*) 0 1 2 3 4 5 6 7 8 9 10 11 12 13 14 27 28 29 30 31 32 33 34 35 36 37 38 39 40 41 42 43 44 45 47 48 49 50
(47,*) 0 1 2 3 4 5 6 7 8 9 10 11 12 13 14 27 28 29 30 31 32 33 34 35 36 37 38 39 40 41 42 43 44 45 46 48 49 50
(48,*) 0 1 2 3 4 5 6 7 8 9 10 11 12 13 14 27 28 29 30 31 32 33 34 35 36 37 38 39 40 41 42 43 44 45 46 47 49 50
(49,*) 0 1 2 3 4 5 6 7 8 9 10 11 12 13 14 27 28 29 30 31 32 33 34 35 36 37 38 39 40 41 42 43 44 45 46 47 48 50
(50,*) 0 1 2 3 4 5 6 7 8 9 10 11 12 13 14 27 28 29 30 31 32 33 34 35 36 37 38 39 40 41 42 43 44 45 46 47 48 49
;
set A2:=
(39,*) 40
(40,*) 39
(41,*) 42
(42,*) 41
(43,*) 44
(44,*) 43
;
param BigM:=99999;
param n:= 5;
param d:=
1	26
2	3
3	24
4	6
5	20
6	16
7	10
8	12
9	20
10	24
11	6
12	1
13	7
14	7
15	5
16	23
17	9
18	3
19	3
20	3
21	22
22	2
23	13
24	6
25	24
26	19
27	24
28	3
29	20
30	15
31	20
32	16
33	21
34	14
35	6
36	13
37	5
38	4
;
param Q:=100;
param w:=
[39,*] 40 0.1
[40,*] 39 0.1
[41,*] 42 0.1
[42,*] 41 0.1
[43,*] 44 0.1
[44,*] 43 0.1
;
param V:=
[39,*] 40 94
[40,*] 39 94
[41,*] 42 92
[42,*] 41 92
[43,*] 44 80
[44,*] 43 80
;
param e:
	39	40	41	42	43	44	45	46	47	48	49:=
15		0		1		0		0		0		0		0		0		0		0		0	
16		0		0		0		1		0		0		0		0		0		0		0	
17		0		0		0		0		0		0		0		0		1		0		0	
18		0		0		0		1		0		0		0		0		0		0		0	
19		0		1		0		0		0		0		0		0		0		0		0	
20		0		1		0		0		0		0		0		0		0		0		0	
21		0		0		0		0		0		0		0		1		0		0		1	
22		0		1		0		0		0		0		0		0		0		0		0	
23		0		0		1		0		0		1		0		0		0		0		0	
24		1		0		0		0		1		0		0		0		0		0		0	
25		0		0		1		0		0		0		0		0		0		0		0	
26		0		0		0		1		0		0		0		0		1		0		0	
27		0		0		0		0		0		1		0		1		0		0		0	
28		0		0		1		0		0		1		0		0		0		0		0	
29		0		1		0		0		0		0		0		0		0		0		0	
30		0		0		1		0		0		1		0		0		0		0		0	
31		0		1		0		0		0		0		0		0		0		1		0	
32		0		0		1		0		0		1		0		0		0		0		0	
33		0		1		0		0		0		0		0		0		0		0		0	
34		0		0		0		0		0		1		0		0		0		0		0	
35		0		0		0		0		0		0		1		1		1		1		1	
36		0		1		0		0		0		0		0		0		0		1		0	
37		0		1		0		0		0		0		0		0		0		0		0	
38		0		0		0		0		1		0		0		0		0		0		0	
;
param p:=
1	3
2	3
3	3
4	3
5	3
;
param G:=
39	92
40	94
41	74
42	92
43	80
44	75
45	70
46	76
47	83
48	98
49	90
;
param s:=
0	0
1	10
2	10
3	10
4	10
5	10
6	10
7	10
8	10
9	10
10	10
11	10
12	10
13	10
14	10
27	10
28	10
29	10
30	10
31	10
32	10
33	10
34	10
35	10
36	10
37	10
38	10
39	10
40	10
41	10
42	10
43	10
44	10
45	10
46	10
47	10
48	10
49	10
;
param t:
	0	1	2	3	4	5	6	7	8	9	10	11	12	13	14	15	16	17	18	19	20	21	22	23	24	25	26	27	28	29	30	31	32	33	34	35	36	37	38	39	40	41	42	43	44	45	46	47	48	49	50:=
0	0.0	62.03	22.8	2.0	69.57	86.35	41.23	34.53	52.8	73.76	63.15	50.99	36.5	18.87	36.5	37.58	47.41	27.2	48.37	43.27	14.42	68.96	32.25	65.51	76.16	85.16	61.06	70.0	88.54	4.0	77.25	18.0	61.19	19.7	45.12	40.5	16.12	14.42	95.85	77.1	25.61	87.09	54.57	86.21	66.41	38.6	59.81	53.08	35.78	46.07	0.0
1	62.03	0.0	53.81	63.91	8.0	26.08	26.31	65.12	56.32	78.64	95.77	12.0	86.37	48.37	27.2	24.74	73.43	52.35	87.2	22.09	74.24	42.76	30.59	10.0	60.53	44.41	78.43	25.06	26.68	58.31	15.23	45.65	10.2	42.38	18.44	41.18	46.52	66.75	67.08	75.03	42.05	26.02	87.46	75.66	5.1	39.12	43.05	64.85	46.04	46.24	62.03
2	22.8	53.81	0.0	24.41	60.0	74.24	42.38	53.67	30.0	51.61	48.37	45.61	32.56	31.05	26.91	34.0	28.28	4.47	36.06	42.05	26.08	48.37	31.62	53.85	53.67	66.0	40.5	53.85	78.23	19.8	68.41	14.0	49.4	22.0	35.38	20.0	16.12	36.77	74.0	54.45	34.06	75.66	39.32	63.41	57.01	19.24	38.64	30.81	14.14	24.04	22.8
3	2.0	63.91	24.41	0.0	71.47	88.29	42.8	34.23	54.41	75.07	63.56	52.8	36.22	20.0	38.47	39.4	48.37	28.84	48.66	44.94	13.42	70.88	34.0	67.47	77.9	87.13	62.13	72.0	90.44	6.0	79.12	20.0	63.15	21.54	47.07	42.38	18.11	13.42	97.69	78.57	26.91	89.02	55.08	87.8	68.31	40.52	61.68	54.45	37.58	47.85	2.0
4	69.57	8.0	60.0	71.47	0.0	18.11	34.23	72.99	59.09	80.05	99.86	20.0	92.46	56.32	34.0	32.56	77.67	58.14	92.2	30.07	81.44	42.0	38.47	8.25	60.0	40.25	81.44	22.36	18.97	65.79	8.49	52.8	11.66	50.0	25.06	45.61	53.85	74.67	63.91	75.66	50.04	18.03	91.84	75.03	3.16	43.93	44.15	67.98	50.99	49.74	69.57
5	86.35	26.08	74.24	88.29	18.11	0.0	52.35	91.08	66.84	84.1	109.12	38.05	106.0	74.11	50.0	50.16	87.68	71.69	103.48	48.17	97.41	43.86	56.14	20.88	60.73	34.0	88.81	24.41	8.0	82.46	14.42	68.96	25.3	67.08	41.23	57.2	70.34	92.35	58.14	78.19	68.0	3.0	101.83	74.73	21.02	56.3	49.65	76.06	63.25	59.41	86.35
6	41.23	26.31	42.38	42.8	34.23	52.35	0.0	38.83	58.86	83.55	90.24	14.56	72.72	24.17	20.4	10.2	68.73	43.17	78.43	4.47	55.17	57.2	10.77	34.18	72.47	65.6	78.0	46.04	52.04	38.21	40.05	29.53	31.3	22.8	20.0	40.45	28.84	42.38	85.04	82.57	17.09	52.09	81.25	86.82	31.4	37.34	52.77	65.12	42.0	47.85	41.23
7	34.53	65.12	53.67	34.23	72.99	91.08	38.83	0.0	81.61	104.96	97.67	53.37	70.0	24.08	50.48	43.86	80.99	57.31	82.87	43.17	46.04	90.0	38.47	72.8	101.82	102.0	94.02	83.26	90.2	35.44	78.23	41.62	69.57	35.38	55.46	65.12	38.83	22.09	118.41	106.83	26.08	90.67	89.05	114.21	70.21	62.24	82.88	84.22	62.8	72.35	34.53
8	52.8	56.32	30.0	54.41	59.09	66.84	58.86	81.61	0.0	24.74	42.43	54.15	48.17	57.69	38.47	48.66	22.36	25.61	39.4	56.32	53.85	26.83	50.0	50.99	24.74	45.69	22.36	42.52	73.24	49.68	67.08	40.0	47.54	46.65	42.05	18.44	42.8	66.6	46.39	25.24	58.14	69.2	35.81	33.42	57.01	21.59	17.8	9.22	18.87	11.05	52.8
9	73.76	78.64	51.61	75.07	80.05	84.1	83.55	104.96	24.74	0.0	36.5	78.03	57.58	81.41	63.15	73.35	29.53	47.71	42.76	80.89	71.22	40.25	74.73	71.81	25.46	55.32	16.49	60.17	91.39	71.22	87.36	63.53	69.05	70.68	66.12	43.17	66.24	88.09	43.86	8.54	82.46	86.82	35.13	20.22	78.45	46.32	35.9	20.81	43.08	35.69	73.76
10	63.15	95.77	48.37	63.56	99.86	109.12	90.24	97.67	42.43	36.5	0.0	90.62	31.62	78.03	72.11	81.04	22.36	47.07	15.23	89.29	53.85	68.41	79.62	92.09	59.09	86.53	22.36	84.9	115.26	62.51	108.17	62.29	88.2	70.26	78.79	54.59	64.12	76.66	79.7	44.91	82.1	111.4	9.06	56.72	97.42	56.8	60.14	33.24	50.16	50.22	63.15
11	50.99	12.0	45.61	52.8	20.0	38.05	14.56	53.37	54.15	78.03	90.62	0.0	77.9	36.5	18.87	13.42	68.35	44.94	80.62	10.2	63.81	46.52	18.97	19.7	63.25	52.35	75.31	32.56	38.47	47.41	26.68	35.61	17.2	31.3	12.17	36.88	36.06	54.92	73.24	75.66	30.07	38.01	81.94	78.16	17.03	34.21	44.15	61.81	40.5	43.29	50.99
12	36.5	86.37	32.56	36.22	92.46	106.0	72.72	70.0	48.17	57.58	31.62	77.9	0.0	54.41	59.4	65.6	28.64	34.41	16.97	73.24	24.08	73.76	62.13	86.02	72.03	92.65	41.23	84.1	110.44	37.36	100.9	43.27	81.61	50.12	67.94	49.19	43.91	48.04	94.02	64.29	60.17	107.62	25.5	75.93	89.5	49.74	63.79	42.11	42.94	49.34	36.5
13	18.87	48.37	31.05	20.0	56.32	74.11	24.17	24.08	57.69	81.41	78.03	36.5	54.41	0.0	27.86	24.0	59.23	34.18	64.12	27.2	33.29	66.57	18.0	54.04	77.79	79.85	71.47	62.1	74.97	17.09	63.15	17.89	50.16	11.31	34.53	41.04	15.23	18.44	94.87	82.93	7.21	74.33	69.07	90.14	53.24	38.18	59.03	60.84	38.83	48.27	18.87
14	36.5	27.2	26.91	38.47	34.0	50.0	20.4	50.48	38.47	63.15	72.11	18.87	59.4	27.86	0.0	10.2	50.0	26.08	61.77	18.0	47.54	39.7	12.81	29.12	53.25	52.0	58.14	34.53	52.8	32.56	42.19	18.97	24.74	18.11	8.94	20.1	20.4	44.41	68.12	62.3	24.41	50.92	63.32	67.12	30.89	17.03	33.6	45.0	22.36	27.46	36.5
15	37.58	24.74	34.0	39.4	32.56	50.16	10.2	43.86	48.66	73.35	81.04	13.42	65.6	24.0	10.2	0.0	59.23	34.18	69.86	8.25	50.48	48.17	6.0	30.07	62.77	58.31	68.03	39.4	51.42	34.0	39.85	22.63	26.31	17.89	11.66	30.27	22.8	42.19	76.37	72.42	18.44	50.49	72.12	76.92	29.43	27.17	43.05	55.04	32.06	37.66	37.58
16	47.41	73.43	28.28	48.37	77.67	87.68	68.73	80.99	22.36	29.53	22.36	68.35	28.64	59.23	50.0	59.23	0.0	26.0	17.09	67.47	42.43	49.19	58.31	70.0	44.18	68.03	14.14	63.78	93.51	45.69	86.02	42.19	66.03	50.16	56.46	32.25	44.41	61.77	66.12	35.74	62.29	89.83	14.21	47.3	75.17	34.44	39.96	14.32	27.86	28.32	47.41
17	27.2	52.35	4.47	28.84	58.14	71.69	43.17	57.31	25.61	47.71	47.07	44.94	34.41	34.18	26.08	34.18	26.0	0.0	35.78	42.38	30.27	44.18	32.56	51.61	49.19	62.03	37.36	50.6	76.03	24.08	66.6	16.49	47.2	24.33	34.06	16.12	18.97	41.04	69.57	50.25	36.5	73.25	38.08	59.03	55.23	15.81	34.37	26.93	10.0	19.65	27.2
18	48.37	87.2	36.06	48.66	92.2	103.48	78.43	82.87	39.4	42.76	15.23	80.62	16.97	64.12	61.77	69.86	17.09	35.78	0.0	78.0	38.63	66.21	67.68	84.9	60.83	85.09	26.31	80.0	108.9	48.04	100.66	49.48	80.72	57.27	69.34	46.69	50.99	61.61	82.61	50.25	68.73	105.48	8.6	62.2	89.5	48.27	56.82	31.32	41.23	44.2	48.37
19	43.27	22.09	42.05	44.94	30.07	48.17	4.47	43.17	56.32	80.89	89.29	10.2	73.24	27.2	18.0	8.25	67.47	42.38	78.0	0.0	56.85	53.25	11.31	29.73	68.88	61.22	76.11	41.62	48.17	40.0	36.22	30.0	26.83	24.08	16.12	38.05	29.73	45.61	80.92	79.56	20.4	48.01	80.36	83.38	27.17	35.01	49.24	63.0	40.2	45.28	43.27
20	14.42	74.24	26.08	13.42	81.44	97.41	55.17	46.04	53.85	71.22	53.85	63.81	24.08	33.29	47.54	50.48	42.43	30.27	38.63	56.85	0.0	74.43	45.61	76.55	78.43	92.02	56.57	78.92	100.32	16.97	89.44	28.64	72.11	32.8	56.46	46.04	27.78	24.0	99.46	76.01	40.0	98.43	46.07	86.35	78.29	45.01	64.63	51.62	40.2	49.82	14.42
21	68.96	42.76	48.37	70.88	42.0	43.86	57.2	90.0	26.83	40.25	68.41	46.52	73.76	66.57	39.7	48.17	49.19	44.18	66.21	53.25	74.43	0.0	52.35	34.06	18.0	18.97	46.69	20.4	51.26	65.15	48.37	52.0	32.56	55.57	37.2	28.64	54.63	80.62	28.43	34.48	64.03	46.62	62.43	33.06	41.11	30.36	10.05	35.51	34.23	25.02	68.96
22	32.25	30.59	31.62	34.0	38.47	56.14	10.77	38.47	50.0	74.73	79.62	18.97	62.13	18.0	12.81	6.0	58.31	32.56	67.68	11.31	45.61	52.35	0.0	36.06	66.03	63.53	68.12	44.94	57.27	28.84	45.61	18.87	32.25	12.81	17.09	31.62	18.44	36.22	80.72	74.46	12.65	56.44	70.61	79.76	35.36	28.46	46.4	55.58	32.25	39.22	32.25
23	65.51	10.0	53.85	67.47	8.25	20.88	34.18	72.8	50.99	71.81	92.09	19.7	86.02	54.04	29.12	30.07	70.0	51.61	84.9	29.73	76.55	34.06	36.06	0.0	52.04	34.41	73.35	15.23	24.41	61.61	16.12	48.08	4.47	46.39	20.4	38.21	49.48	72.03	57.27	67.48	48.37	21.93	84.2	67.12	7.07	36.8	35.9	59.94	43.86	41.88	65.51
24	76.16	60.53	53.67	77.9	60.0	60.73	72.47	101.82	24.74	25.46	59.09	63.25	72.03	77.79	53.25	62.77	44.18	49.19	60.83	68.88	78.43	18.0	66.03	52.04	0.0	30.0	36.77	38.21	68.41	72.72	66.27	61.22	50.36	66.48	52.8	36.88	64.03	89.31	22.0	18.03	76.58	63.6	55.08	15.13	59.08	39.62	19.72	30.02	40.5	30.23	76.16
25	85.16	44.41	66.0	87.13	40.25	34.0	65.6	102.0	45.69	55.32	86.53	52.35	92.65	79.85	52.0	58.31	68.03	62.03	85.09	61.22	92.02	18.97	63.53	34.41	30.0	0.0	64.4	19.8	42.0	81.22	43.68	67.47	35.38	69.57	46.65	46.0	69.86	95.6	24.33	48.01	76.03	37.0	81.01	42.15	40.82	47.1	28.86	54.12	52.04	43.57	85.16
26	61.06	78.43	40.5	62.13	81.44	88.81	78.0	94.02	22.36	16.49	22.36	75.31	41.23	71.47	58.14	68.03	14.14	37.36	26.31	76.11	56.57	46.69	68.12	73.35	36.77	64.4	0.0	64.4	95.41	59.06	89.44	53.85	69.86	61.61	63.15	38.47	56.32	75.47	57.72	24.02	73.76	91.26	19.03	36.01	79.31	41.3	39.2	13.6	36.0	32.28	61.06
27	70.0	25.06	53.85	72.0	22.36	24.41	46.04	83.26	42.52	60.17	84.9	32.56	84.1	62.1	34.53	39.4	63.78	50.6	80.0	41.62	78.92	20.4	44.94	15.23	38.21	19.8	64.4	0.0	31.3	66.0	28.07	52.0	15.62	52.61	27.86	34.93	54.04	78.92	42.05	54.82	57.58	26.93	77.83	53.04	22.14	34.79	25.24	51.74	41.23	35.81	70.0
28	88.54	26.68	78.23	90.44	18.97	8.0	52.04	90.2	73.24	91.39	115.26	38.47	110.44	74.97	52.8	51.42	93.51	76.03	108.9	48.17	100.32	51.26	57.27	24.41	68.41	42.0	95.41	31.3	0.0	84.76	12.0	71.69	28.84	68.96	43.86	62.29	72.8	93.38	66.12	85.7	68.47	5.0	107.71	82.57	22.14	61.07	56.44	82.42	68.12	65.19	88.54
29	4.0	58.31	19.8	6.0	65.79	82.46	38.21	35.44	49.68	71.22	62.51	47.41	37.36	17.09	32.56	34.0	45.69	24.08	48.04	40.0	16.97	65.15	28.84	61.61	72.72	81.22	59.06	66.0	84.76	0.0	73.54	14.0	57.27	16.12	41.23	36.77	12.17	16.97	92.2	74.25	23.32	83.24	53.76	83.1	62.63	34.79	56.08	50.45	32.25	42.54	4.0
30	77.25	15.23	68.41	79.12	8.49	14.42	40.05	78.23	67.08	87.36	108.17	26.68	100.9	63.15	42.19	39.85	86.02	66.6	100.66	36.22	89.44	48.37	45.61	16.12	66.27	43.68	89.44	28.07	12.0	73.54	0.0	60.83	20.0	57.58	33.29	54.04	61.74	81.58	67.91	82.57	56.57	13.0	100.21	81.1	11.4	52.4	51.55	76.06	59.46	57.98	77.25
31	18.0	45.65	14.0	20.0	52.8	68.96	29.53	41.62	40.0	63.53	62.29	35.61	43.27	17.89	18.97	22.63	42.19	16.49	49.48	30.0	28.64	52.0	18.87	48.08	61.22	67.47	53.85	52.0	71.69	14.0	60.83	0.0	43.68	8.0	27.86	24.41	2.83	28.64	79.65	65.22	20.1	69.89	53.24	72.86	49.66	21.95	43.42	42.95	21.26	31.14	18.0
32	61.19	10.2	49.4	63.15	11.66	25.3	31.3	69.57	47.54	69.05	88.2	17.2	81.61	50.16	24.74	26.31	66.03	47.2	80.72	26.83	72.11	32.56	32.25	4.47	50.36	35.38	69.86	15.62	28.84	57.27	20.0	43.68	0.0	42.19	16.12	34.06	45.12	68.0	57.31	65.12	44.72	26.4	80.21	65.49	9.49	32.53	33.24	56.36	39.6	38.08	61.19
33	19.7	42.38	22.0	21.54	50.0	67.08	22.8	35.38	46.65	70.68	70.26	31.3	50.12	11.31	18.11	17.89	50.16	24.33	57.27	24.08	32.8	55.57	12.81	46.39	66.48	69.57	61.61	52.61	68.96	16.12	57.58	8.0	42.19	0.0	26.08	29.73	6.32	26.31	83.76	71.87	12.17	67.68	61.2	78.87	46.84	26.87	47.8	50.33	27.78	37.01	19.7
34	45.12	18.44	35.38	47.07	25.06	41.23	20.0	55.46	42.05	66.12	78.79	12.17	67.94	34.53	8.94	11.66	56.46	34.06	69.34	16.12	56.46	37.2	17.09	20.4	52.8	46.65	63.15	27.86	43.86	41.23	33.29	27.86	16.12	26.08	0.0	24.74	29.12	52.04	65.12	64.13	29.73	42.06	70.21	67.42	21.95	22.14	33.24	49.65	28.64	31.14	45.12
35	40.5	41.18	20.0	42.38	45.61	57.2	40.45	65.12	18.44	43.17	54.59	36.88	49.19	41.04	20.1	30.27	32.25	16.12	46.69	38.05	46.04	28.64	31.62	38.21	36.88	46.0	38.47	34.93	62.29	36.77	54.04	24.41	34.06	29.73	24.74	0.0	27.2	52.84	55.46	42.95	40.5	59.03	46.32	49.2	43.01	3.16	19.31	25.08	6.32	7.62	40.5
36	16.12	46.52	16.12	18.11	53.85	70.34	28.84	38.83	42.8	66.24	64.12	36.06	43.91	15.23	20.4	22.8	44.41	18.97	50.99	29.73	27.78	54.63	18.44	49.48	64.03	69.86	56.32	54.04	72.8	12.17	61.74	2.83	45.12	6.32	29.12	27.2	0.0	26.0	82.37	68.01	18.0	71.17	55.08	75.69	50.7	24.7	46.14	45.62	24.08	33.97	16.12
37	14.42	66.75	36.77	13.42	74.67	92.35	42.38	22.09	66.6	88.09	76.66	54.92	48.04	18.44	44.41	42.19	61.77	41.04	61.61	45.61	24.0	80.62	36.22	72.03	89.31	95.6	75.47	78.92	93.38	16.97	81.58	28.64	68.0	26.31	52.04	52.84	26.0	0.0	108.24	91.22	25.3	92.66	68.31	100.0	71.57	50.54	72.01	67.36	48.83	59.08	14.42
38	95.85	67.08	74.0	97.69	63.91	58.14	85.04	118.41	46.39	43.86	79.7	73.24	94.02	94.87	68.12	76.37	66.12	69.57	82.61	80.92	99.46	28.43	80.72	57.27	22.0	24.33	57.72	42.05	66.12	92.2	67.91	79.65	57.31	83.76	65.12	55.46	82.37	108.24	0.0	35.34	92.46	61.13	76.49	25.0	64.08	57.71	36.24	52.01	60.17	49.98	95.85
39	77.1	75.03	54.45	78.57	75.66	78.19	82.57	106.83	25.24	8.54	44.91	75.66	64.29	82.93	62.3	72.42	35.74	50.25	50.25	79.56	76.01	34.48	74.46	67.48	18.03	48.01	24.02	54.82	85.7	74.25	82.57	65.22	65.12	71.87	64.13	42.95	68.01	91.22	35.34	0.0	83.24	80.99	43.0	12.0	74.33	46.1	32.0	24.41	44.1	35.34	77.1
40	25.61	42.05	34.06	26.91	50.04	68.0	17.09	26.08	58.14	82.46	82.1	30.07	60.17	7.21	24.41	18.44	62.29	36.5	68.73	20.4	40.0	64.03	12.65	48.37	76.58	76.03	73.76	57.58	68.47	23.32	56.57	20.1	44.72	12.17	29.73	40.5	18.0	25.3	92.46	83.24	0.0	68.07	73.06	89.63	47.01	37.44	57.28	62.3	39.4	48.02	25.61
41	87.09	26.02	75.66	89.02	18.03	3.0	52.09	90.67	69.2	86.82	111.4	38.01	107.62	74.33	50.92	50.49	89.83	73.25	105.48	48.01	98.43	46.62	56.44	21.93	63.6	37.0	91.26	26.93	5.0	83.24	13.0	69.89	26.4	67.68	42.06	59.03	71.17	92.66	61.13	80.99	68.07	0.0	104.0	77.67	21.1	58.01	52.15	78.41	65.0	61.52	87.09
42	54.57	87.46	39.32	55.08	91.84	101.83	81.25	89.05	35.81	35.13	9.06	81.94	25.5	69.07	63.32	72.12	14.21	38.08	8.6	80.36	46.07	62.43	70.61	84.2	55.08	81.01	19.03	77.83	107.71	53.76	100.21	53.24	80.21	61.2	70.21	46.32	55.08	68.31	76.49	43.0	73.06	104.0	0.0	55.0	89.31	48.37	53.6	26.93	41.59	42.52	54.57
43	86.21	75.66	63.41	87.8	75.03	74.73	86.82	114.21	33.42	20.22	56.72	78.16	75.93	90.14	67.12	76.92	47.3	59.03	62.2	83.38	86.35	33.06	79.76	67.12	15.13	42.15	36.01	53.04	82.57	83.1	81.1	72.86	65.49	78.87	67.42	49.2	75.69	100.0	25.0	12.0	89.63	77.67	55.0	0.0	74.17	52.2	34.18	34.93	51.62	41.87	86.21
44	66.41	5.1	57.01	68.31	3.16	21.02	31.4	70.21	57.01	78.45	97.42	17.03	89.5	53.24	30.89	29.43	75.17	55.23	89.5	27.17	78.29	41.11	35.36	7.07	59.08	40.82	79.31	22.14	22.14	62.63	11.4	49.66	9.49	46.84	21.95	43.01	50.7	71.57	64.08	74.33	47.01	21.1	89.31	74.17	0.0	41.23	42.58	65.8	48.27	47.41	66.41
45	38.6	39.12	19.24	40.52	43.93	56.3	37.34	62.24	21.59	46.32	56.8	34.21	49.74	38.18	17.03	27.17	34.44	15.81	48.27	35.01	45.01	30.36	28.46	36.8	39.62	47.1	41.3	34.79	61.07	34.79	52.4	21.95	32.53	26.87	22.14	3.16	24.7	50.54	57.71	46.1	37.44	58.01	48.37	52.2	41.23	0.0	21.47	28.02	7.07	10.77	38.6
46	59.81	43.05	38.64	61.68	44.15	49.65	52.77	82.88	17.8	35.9	60.14	44.15	63.79	59.03	33.6	43.05	39.96	34.37	56.82	49.24	64.63	10.05	46.4	35.9	19.72	28.86	39.2	25.24	56.44	56.08	51.55	43.42	33.24	47.8	33.24	19.31	46.14	72.01	36.24	32.0	57.28	52.15	53.6	34.18	42.58	21.47	0.0	26.91	24.52	15.0	59.81
47	53.08	64.85	30.81	54.45	67.98	76.06	65.12	84.22	9.22	20.81	33.24	61.81	42.11	60.84	45.0	55.04	14.32	26.93	31.32	63.0	51.62	35.51	55.58	59.94	30.02	54.12	13.6	51.74	82.42	50.45	76.06	42.95	56.36	50.33	49.65	25.08	45.62	67.36	52.01	24.41	62.3	78.41	26.93	34.93	65.8	28.02	26.91	0.0	23.35	18.68	53.08
48	35.78	46.04	14.14	37.58	50.99	63.25	42.0	62.8	18.87	43.08	50.16	40.5	42.94	38.83	22.36	32.06	27.86	10.0	41.23	40.2	40.2	34.23	32.25	43.86	40.5	52.04	36.0	41.23	68.12	32.25	59.46	21.26	39.6	27.78	28.64	6.32	24.08	48.83	60.17	44.1	39.4	65.0	41.59	51.62	48.27	7.07	24.52	23.35	0.0	10.3	35.78
49	46.07	46.24	24.04	47.85	49.74	59.41	47.85	72.35	11.05	35.69	50.22	43.29	49.34	48.27	27.46	37.66	28.32	19.65	44.2	45.28	49.82	25.02	39.22	41.88	30.23	43.57	32.28	35.81	65.19	42.54	57.98	31.14	38.08	37.01	31.14	7.62	33.97	59.08	49.98	35.34	48.02	61.52	42.52	41.87	47.41	10.77	15.0	18.68	10.3	0.0	46.07
;
