set K:= 1	2	3	4	5;
set C_H:= 1	2	3	4	5	6	7	8	9	10	11	12;
set C_S:= 13	14	15	16	17	18	19	20	21	22	23	24;
set C_F:= 25	26	27	28	29	30	31	32	33	34	35	36;
set M:= 37	38	39	40;
set L_B:= 41	42	43	44	45;
set A1:=
(0,*) 1 2 3 4 5 6 7 8 9 10 11 12 25 26 27 28 29 30 31 32 33 34 35 36 37 38 39 40 41 42 43 44 45
(1,*) 0 2 3 4 5 6 7 8 9 10 11 12 25 26 27 28 29 30 31 32 33 34 35 36 37 38 39 40 41 42 43 44 45
(2,*) 0 1 3 4 5 6 7 8 9 10 11 12 25 26 27 28 29 30 31 32 33 34 35 36 37 38 39 40 41 42 43 44 45
(3,*) 0 1 2 4 5 6 7 8 9 10 11 12 25 26 27 28 29 30 31 32 33 34 35 36 37 38 39 40 41 42 43 44 45
(4,*) 0 1 2 3 5 6 7 8 9 10 11 12 25 26 27 28 29 30 31 32 33 34 35 36 37 38 39 40 41 42 43 44 45
(5,*) 0 1 2 3 4 6 7 8 9 10 11 12 25 26 27 28 29 30 31 32 33 34 35 36 37 38 39 40 41 42 43 44 45
(6,*) 0 1 2 3 4 5 7 8 9 10 11 12 25 26 27 28 29 30 31 32 33 34 35 36 37 38 39 40 41 42 43 44 45
(7,*) 0 1 2 3 4 5 6 8 9 10 11 12 25 26 27 28 29 30 31 32 33 34 35 36 37 38 39 40 41 42 43 44 45
(8,*) 0 1 2 3 4 5 6 7 9 10 11 12 25 26 27 28 29 30 31 32 33 34 35 36 37 38 39 40 41 42 43 44 45
(9,*) 0 1 2 3 4 5 6 7 8 10 11 12 25 26 27 28 29 30 31 32 33 34 35 36 37 38 39 40 41 42 43 44 45
(10,*) 0 1 2 3 4 5 6 7 8 9 11 12 25 26 27 28 29 30 31 32 33 34 35 36 37 38 39 40 41 42 43 44 45
(11,*) 0 1 2 3 4 5 6 7 8 9 10 12 25 26 27 28 29 30 31 32 33 34 35 36 37 38 39 40 41 42 43 44 45
(12,*) 0 1 2 3 4 5 6 7 8 9 10 11 25 26 27 28 29 30 31 32 33 34 35 36 37 38 39 40 41 42 43 44 45
(25,*) 0 1 2 3 4 5 6 7 8 9 10 11 12 26 27 28 29 30 31 32 33 34 35 36 37 38 39 40 41 42 43 44 45
(26,*) 0 1 2 3 4 5 6 7 8 9 10 11 12 25 27 28 29 30 31 32 33 34 35 36 37 38 39 40 41 42 43 44 45
(27,*) 0 1 2 3 4 5 6 7 8 9 10 11 12 25 26 28 29 30 31 32 33 34 35 36 37 38 39 40 41 42 43 44 45
(28,*) 0 1 2 3 4 5 6 7 8 9 10 11 12 25 26 27 29 30 31 32 33 34 35 36 37 38 39 40 41 42 43 44 45
(29,*) 0 1 2 3 4 5 6 7 8 9 10 11 12 25 26 27 28 30 31 32 33 34 35 36 37 38 39 40 41 42 43 44 45
(30,*) 0 1 2 3 4 5 6 7 8 9 10 11 12 25 26 27 28 29 31 32 33 34 35 36 37 38 39 40 41 42 43 44 45
(31,*) 0 1 2 3 4 5 6 7 8 9 10 11 12 25 26 27 28 29 30 32 33 34 35 36 37 38 39 40 41 42 43 44 45
(32,*) 0 1 2 3 4 5 6 7 8 9 10 11 12 25 26 27 28 29 30 31 33 34 35 36 37 38 39 40 41 42 43 44 45
(33,*) 0 1 2 3 4 5 6 7 8 9 10 11 12 25 26 27 28 29 30 31 32 34 35 36 37 38 39 40 41 42 43 44 45
(34,*) 0 1 2 3 4 5 6 7 8 9 10 11 12 25 26 27 28 29 30 31 32 33 35 36 37 38 39 40 41 42 43 44 45
(35,*) 0 1 2 3 4 5 6 7 8 9 10 11 12 25 26 27 28 29 30 31 32 33 34 36 37 38 39 40 41 42 43 44 45
(36,*) 0 1 2 3 4 5 6 7 8 9 10 11 12 25 26 27 28 29 30 31 32 33 34 35 37 38 39 40 41 42 43 44 45
(37,*) 0 1 2 3 4 5 6 7 8 9 10 11 12 25 26 27 28 29 30 31 32 33 34 35 36 38 39 40 41 42 43 44 45
(38,*) 0 1 2 3 4 5 6 7 8 9 10 11 12 25 26 27 28 29 30 31 32 33 34 35 36 37 39 40 41 42 43 44 45
(39,*) 0 1 2 3 4 5 6 7 8 9 10 11 12 25 26 27 28 29 30 31 32 33 34 35 36 37 38 40 41 42 43 44 45
(40,*) 0 1 2 3 4 5 6 7 8 9 10 11 12 25 26 27 28 29 30 31 32 33 34 35 36 37 38 39 41 42 43 44 45
(41,*) 0 1 2 3 4 5 6 7 8 9 10 11 12 25 26 27 28 29 30 31 32 33 34 35 36 37 38 39 40 42 43 44 45
(42,*) 0 1 2 3 4 5 6 7 8 9 10 11 12 25 26 27 28 29 30 31 32 33 34 35 36 37 38 39 40 41 43 44 45
(43,*) 0 1 2 3 4 5 6 7 8 9 10 11 12 25 26 27 28 29 30 31 32 33 34 35 36 37 38 39 40 41 42 44 45
(44,*) 0 1 2 3 4 5 6 7 8 9 10 11 12 25 26 27 28 29 30 31 32 33 34 35 36 37 38 39 40 41 42 43 45
(45,*) 0 1 2 3 4 5 6 7 8 9 10 11 12 25 26 27 28 29 30 31 32 33 34 35 36 37 38 39 40 41 42 43 44
;
set A2:=
(37,*) 38
(38,*) 37
(39,*) 40
(40,*) 39
;
param BigM:=99999;
param n:= 5;
param d:=
1	8
2	1
3	3
4	6
5	5
6	7
7	7
8	2
9	2
10	12
11	1
12	19
13	18
14	1
15	13
16	23
17	27
18	24
19	19
20	4
21	9
22	9
23	7
24	7
25	16
26	7
27	2
28	16
29	22
30	23
31	16
32	2
33	23
34	6
35	20
36	20
;
param Q:=100;
param w:=
[37,*] 38 0.5
[38,*] 37 0.5
[39,*] 40 0.5
[40,*] 39 0.5
;
param V:=
[37,*] 38 100
[38,*] 37 100
[39,*] 40 84
[40,*] 39 84
;
param e:
	37	38	39	40	41	42	43	44	45:=
13	0	0	0	0	1	0	0	0	0	
14	0	0	0	0	0	0	1	0	0	
15	0	0	0	0	0	0	0	1	0	
16	0	0	0	0	0	1	0	0	0	
17	0	0	0	0	0	1	0	0	0	
18	0	0	0	0	0	0	0	1	1	
19	0	0	0	0	1	0	0	0	0	
20	0	0	0	0	0	1	0	0	0	
21	0	0	0	0	0	1	0	0	0	
22	0	0	0	0	0	0	1	0	0	
23	0	0	0	0	0	0	1	0	0	
24	0	0	0	0	1	0	0	0	0	
25	0	0	0	0	1	0	0	1	1	
26	0	0	0	0	1	0	0	0	0	
27	0	0	0	0	0	0	0	0	1	
28	0	0	0	0	1	0	0	1	0	
29	0	0	0	0	0	1	0	0	0	
30	0	0	0	0	1	0	1	1	1	
31	0	0	0	0	1	0	0	1	0	
32	0	0	0	0	0	1	0	0	1	
33	0	0	0	0	0	0	1	0	0	
34	0	0	0	0	0	0	1	0	0	
35	0	0	0	0	1	0	0	0	0	
36	0	0	0	0	0	0	1	0	0	
;
param p:=
1	3
2	3
3	3
4	3
5	3
;
param G:=
37	100
38	97
39	70
40	84
41	79
42	75
43	88
44	89
45	96
;
param s:=
0	0
1	10
2	10
3	10
4	10
5	10
6	10
7	10
8	10
9	10
10	10
11	10
12	10
25	10
26	10
27	10
28	10
29	10
30	10
31	10
32	10
33	10
34	10
35	10
36	10
37	10
38	10
39	10
40	10
41	10
42	10
43	10
44	10
45	10
;
param t:
	0	1	2	3	4	5	6	7	8	9	10	11	12	13	14	15	16	17	18	19	20	21	22	23	24	25	26	27	28	29	30	31	32	33	34	35	36	37	38	39	40	41	42	43	44	45:=
0	0.0	48.83	55.17	47.54	70.43	2.83	36.69	56.32	47.38	34.83	62.2	33.6	30.02	58.14	17.49	33.24	69.89	54.92	36.22	34.06	53.0	42.01	29.15	45.61	14.42	21.0	21.02	41.76	12.21	60.21	6.4	25.81	44.28	29.07	37.2	47.42	17.46	64.66	44.94	49.93	33.62	10.82	31.62	16.97	14.14	25.24
1	48.83	0.0	78.92	27.2	88.23	51.61	51.48	61.74	73.25	83.6	90.45	81.39	77.08	46.86	58.19	41.0	30.02	86.02	36.88	15.23	101.79	86.98	71.4	16.49	62.48	40.61	34.67	53.37	36.62	55.22	42.72	23.02	60.21	77.7	84.9	95.88	64.38	27.66	93.06	82.01	41.98	38.95	66.75	65.6	44.27	54.45
2	55.17	78.92	0.0	56.14	16.16	55.32	27.46	26.08	7.81	62.97	12.37	69.38	69.89	45.69	38.6	86.4	79.08	12.81	42.19	66.48	68.36	41.19	77.37	86.65	60.03	42.49	71.85	26.0	58.25	38.59	54.67	64.08	19.0	54.34	71.81	60.21	64.01	73.55	56.14	13.6	87.01	53.82	25.06	58.14	44.41	30.61
3	47.54	27.2	56.14	0.0	62.97	50.16	30.36	35.44	51.97	79.88	68.36	80.53	77.39	19.8	48.1	57.49	25.24	65.51	16.12	23.41	95.67	75.0	75.96	41.23	61.74	29.21	45.1	30.27	37.85	28.02	41.44	29.15	37.22	72.01	84.12	88.41	65.0	19.42	84.85	62.36	58.46	37.0	51.11	63.53	36.06	39.41
4	70.43	88.23	16.16	62.97	0.0	70.8	38.59	28.02	23.71	78.85	18.97	85.44	86.03	48.09	54.38	100.57	83.05	25.08	51.62	77.39	83.01	56.04	93.47	97.94	76.06	55.61	85.8	35.34	72.25	39.32	69.31	76.32	29.15	70.34	87.8	75.01	80.06	78.0	71.03	28.07	101.24	67.94	41.15	74.25	58.69	45.34
5	2.83	51.61	55.32	50.16	70.8	0.0	38.08	57.72	47.51	32.02	61.85	30.81	27.29	60.3	17.03	34.48	72.67	54.41	38.47	36.88	50.25	40.01	27.02	48.08	11.66	23.09	23.02	43.17	15.0	62.07	9.22	28.6	45.31	26.4	34.41	44.78	14.87	67.42	42.38	49.41	34.79	13.6	31.24	14.14	16.0	25.94
6	36.69	51.48	27.46	30.36	38.59	38.08	0.0	19.65	22.02	59.2	39.05	62.65	61.13	27.46	26.31	63.03	55.04	35.36	15.03	39.22	71.59	47.51	64.5	59.62	47.1	17.8	48.17	5.1	35.0	25.71	33.54	37.74	9.43	50.29	65.92	63.63	51.16	49.24	59.68	32.02	63.78	31.06	22.67	47.01	22.85	14.32
7	56.32	61.74	26.08	35.44	28.02	57.72	19.65	0.0	26.25	76.79	38.01	81.1	80.01	20.4	45.01	81.02	55.15	38.42	26.91	52.8	86.98	60.84	84.01	73.24	66.48	36.67	66.29	14.56	53.71	12.53	52.92	53.76	14.32	67.74	84.21	78.77	70.58	50.01	74.67	37.48	81.84	50.09	37.36	66.12	42.38	33.06
8	47.38	73.25	7.81	51.97	23.71	47.51	22.02	26.25	0.0	56.32	17.26	62.37	62.64	44.1	30.81	78.82	75.89	13.6	37.05	60.21	63.15	36.14	69.78	80.08	52.35	35.47	64.35	21.84	50.77	38.21	47.01	57.25	15.23	47.52	64.94	54.92	56.36	70.21	50.8	11.4	79.4	46.32	17.46	50.57	36.89	23.02
9	34.83	83.6	62.97	79.88	78.85	32.02	59.2	76.79	56.32	0.0	63.32	8.6	12.65	85.8	33.24	58.86	103.71	55.36	65.76	68.88	18.97	25.81	25.0	78.72	21.47	50.77	52.39	63.79	47.01	84.9	41.11	60.61	62.51	9.06	9.43	16.12	20.88	98.23	16.16	51.24	58.69	45.28	40.01	18.03	43.83	44.92
10	62.2	90.45	12.37	68.36	18.97	61.85	39.05	38.01	17.26	63.32	0.0	70.68	72.07	57.94	44.82	94.67	91.44	8.06	54.01	77.47	65.19	38.83	81.02	97.27	64.54	52.5	80.53	38.12	67.08	50.54	62.77	74.33	31.14	55.46	72.62	57.43	68.25	85.91	53.6	12.81	95.19	62.61	30.61	62.01	53.23	39.4
11	33.6	81.39	69.38	80.53	85.44	30.81	62.65	81.1	62.37	8.6	70.68	0.0	5.1	88.32	36.35	53.16	103.47	62.65	67.42	67.21	25.02	34.06	17.12	74.95	19.21	52.0	48.55	67.48	45.34	88.28	40.0	58.69	67.01	15.23	3.61	24.04	17.03	98.18	24.6	58.31	52.89	44.41	45.4	17.0	44.78	48.37
12	30.02	77.08	69.89	77.39	86.03	27.29	61.13	80.01	62.64	12.65	72.07	5.1	0.0	86.12	35.0	48.08	99.86	64.01	64.85	63.13	30.07	36.8	12.37	70.18	15.65	49.34	43.83	66.07	41.4	86.58	36.36	54.56	66.12	17.03	8.06	28.64	12.81	94.67	28.79	59.48	47.8	40.82	45.35	14.32	42.06	47.01
13	58.14	46.86	45.69	19.8	48.09	60.3	27.46	20.4	44.1	85.8	57.94	88.32	86.12	0.0	52.55	75.03	35.0	57.31	22.0	42.19	98.98	74.81	87.28	60.96	71.02	37.22	61.4	24.08	51.35	9.22	53.0	46.24	29.21	77.08	91.76	91.07	74.81	30.15	87.13	55.47	75.96	49.04	50.0	71.81	44.41	41.15
14	17.49	58.19	38.6	48.1	54.38	17.03	26.31	45.01	30.81	33.24	44.82	36.35	35.0	52.55	0.0	50.57	72.92	37.44	33.02	43.01	47.63	28.79	39.85	59.08	22.14	19.21	37.36	31.14	25.08	51.97	19.42	36.5	31.26	24.6	39.62	40.31	26.25	67.21	36.8	32.45	50.99	21.0	14.21	21.21	13.93	12.04
15	33.24	41.0	86.4	57.49	100.57	34.48	63.03	81.02	78.82	58.86	94.67	53.16	48.08	75.03	50.57	0.0	70.46	87.71	55.07	34.37	77.67	73.82	38.01	27.29	39.0	45.28	14.87	67.48	28.32	80.5	31.91	28.79	72.14	57.01	55.97	74.43	38.21	67.07	73.11	82.76	1.0	32.65	64.41	43.0	42.01	55.8
16	69.89	30.02	79.08	25.24	83.05	72.67	55.04	55.15	75.89	103.71	91.44	103.47	99.86	35.0	72.92	70.46	0.0	89.49	41.34	38.28	120.22	100.21	96.61	46.27	84.31	53.76	61.68	54.08	58.67	44.05	63.51	46.62	60.73	96.26	107.07	113.17	87.13	5.83	109.71	86.73	71.45	59.08	76.32	86.61	60.14	64.64
17	54.92	86.02	12.81	65.51	25.08	54.41	35.36	38.42	13.6	55.36	8.06	62.65	64.01	57.31	37.44	87.71	89.49	0.0	50.36	72.44	58.01	31.26	73.01	91.78	56.64	46.87	73.82	35.44	60.54	50.8	55.9	68.66	28.79	47.42	64.62	50.09	60.31	83.82	46.17	5.0	88.19	56.08	23.32	54.04	46.82	33.24
18	36.22	36.88	42.19	16.12	51.62	38.47	15.03	26.91	37.05	65.76	54.01	67.42	64.85	22.0	33.02	55.07	41.34	50.36	0.0	26.08	80.6	59.03	65.38	46.65	49.48	15.52	40.72	16.49	29.61	25.63	31.0	27.02	23.35	57.45	70.94	73.11	53.15	35.51	69.43	46.87	55.95	27.07	34.99	50.6	22.8	23.43
19	34.06	15.23	66.48	23.41	77.39	36.88	39.22	52.8	60.21	68.88	77.47	67.21	63.13	42.19	43.01	34.37	38.28	72.44	26.08	0.0	86.84	71.78	58.67	20.59	48.08	26.02	23.54	42.05	21.93	49.04	27.8	8.6	48.47	62.68	70.77	80.78	50.33	33.96	77.9	68.18	35.36	23.85	52.15	50.99	29.12	40.01
20	53.0	101.79	68.36	95.67	83.01	50.25	71.59	86.98	63.15	18.97	65.19	25.02	30.07	98.98	47.63	77.67	120.22	58.01	80.6	86.84	0.0	27.17	42.01	97.58	40.31	66.53	71.31	75.58	65.19	96.66	59.08	78.77	72.8	24.21	23.09	8.25	39.85	114.59	12.37	55.08	77.47	63.01	49.77	36.67	60.11	57.98
21	42.01	86.98	41.19	75.0	56.04	40.01	47.51	60.84	36.14	25.81	38.83	34.06	36.8	74.81	28.79	73.82	100.21	31.26	59.03	71.78	27.17	0.0	48.01	86.98	35.74	47.41	63.0	50.8	52.61	71.34	46.39	65.0	47.01	20.0	35.23	19.03	38.08	94.4	15.0	28.0	73.98	49.03	24.84	31.95	42.72	35.61
22	29.15	71.4	77.37	75.96	93.47	27.02	64.5	84.01	69.78	25.0	81.02	17.12	12.37	87.28	39.85	38.01	96.61	73.01	65.38	58.67	42.01	48.01	0.0	62.37	17.72	50.09	36.88	69.58	38.28	89.02	34.71	50.12	70.83	28.02	19.03	41.0	13.6	91.79	41.11	68.24	37.58	39.05	52.33	19.24	43.01	51.2
23	45.61	16.49	86.65	41.23	97.94	48.08	59.62	73.24	80.08	78.72	97.27	74.95	70.18	60.96	59.08	27.29	46.27	91.78	46.65	20.59	97.58	86.98	62.37	0.0	57.27	44.91	26.42	62.61	34.37	68.59	40.61	23.19	68.94	74.33	78.23	92.7	58.18	44.15	90.44	87.3	28.18	38.12	70.26	60.93	46.04	58.69
24	14.42	62.48	60.03	61.74	76.06	11.66	47.1	66.48	52.35	21.47	64.54	19.21	15.65	71.02	22.14	39.0	84.31	56.64	49.48	48.08	40.31	35.74	17.72	57.27	0.0	33.96	31.02	52.15	26.17	72.06	20.81	39.62	53.15	18.03	22.8	35.9	4.12	79.08	34.23	51.74	39.01	25.24	34.99	4.0	26.68	33.54
25	21.0	40.61	42.49	29.21	55.61	23.09	17.8	36.67	35.47	50.77	52.5	52.0	49.34	37.22	19.21	45.28	53.76	46.87	15.52	26.02	66.53	47.41	50.09	44.91	33.96	0.0	30.41	22.47	17.2	39.32	16.49	21.84	26.87	42.8	55.54	59.41	37.66	48.08	55.97	42.43	46.01	13.42	26.17	35.11	7.28	14.0
26	21.02	34.67	71.85	45.1	85.8	23.02	48.17	66.29	64.35	52.39	80.53	48.55	43.83	61.4	37.36	14.87	61.68	73.82	40.72	23.54	71.31	63.0	36.88	26.42	31.02	30.41	0.0	52.63	13.6	66.31	18.03	16.0	57.28	48.51	51.87	66.76	31.76	57.49	64.76	68.94	15.62	18.03	50.7	34.79	27.46	41.34
27	41.76	53.37	26.0	30.27	35.34	43.17	5.1	14.56	21.84	63.79	38.12	67.48	66.07	24.08	31.14	67.48	54.08	35.44	16.49	42.05	75.58	50.8	69.58	62.61	52.15	22.47	52.63	0.0	39.66	21.19	38.48	41.4	7.0	54.82	70.71	67.54	56.22	48.38	63.53	32.7	68.25	35.85	26.08	52.0	27.86	19.1
28	12.21	36.62	58.25	37.85	72.25	15.0	35.0	53.71	50.77	47.01	67.08	45.34	41.4	51.35	25.08	28.32	58.67	60.54	29.61	21.93	65.19	52.61	38.28	34.37	26.17	17.2	13.6	39.66	0.0	55.08	6.32	13.6	43.93	41.18	48.92	59.48	28.6	53.67	56.86	55.71	29.0	4.47	37.64	29.07	13.89	27.78
29	60.21	55.22	38.59	28.02	39.32	62.07	25.71	12.53	38.21	84.9	50.54	88.28	86.58	9.22	51.97	80.5	44.05	50.8	25.63	49.04	96.66	71.34	89.02	68.59	72.06	39.32	66.31	21.19	55.08	0.0	55.73	51.97	24.41	75.96	91.59	88.57	76.03	39.32	84.53	49.58	81.39	52.17	46.96	72.34	46.1	40.02
30	6.4	42.72	54.67	41.44	69.31	9.22	33.54	52.92	47.01	41.11	62.77	40.0	36.36	53.0	19.42	31.91	63.51	55.9	31.0	27.8	59.08	46.39	34.71	40.61	20.81	16.49	18.03	38.48	6.32	55.73	0.0	19.72	41.88	34.99	43.6	53.24	23.71	58.31	50.57	50.99	32.45	4.47	32.7	23.35	10.82	24.08
31	25.81	23.02	64.08	29.15	76.32	28.6	37.74	53.76	57.25	60.61	74.33	58.69	54.56	46.24	36.5	28.79	46.62	68.66	27.02	8.6	78.77	65.0	50.12	23.19	39.62	21.84	16.0	41.4	13.6	51.97	19.72	0.0	47.17	54.71	62.24	72.95	41.77	42.06	70.21	64.13	29.73	16.16	47.1	42.64	23.02	35.51
32	44.28	60.21	19.0	37.22	29.15	45.31	9.43	14.32	15.23	62.51	31.14	67.01	66.12	29.21	31.26	72.14	60.73	28.79	23.35	48.47	72.8	47.01	70.83	68.94	53.15	26.87	57.28	7.0	43.93	24.41	41.88	47.17	0.0	53.46	70.06	64.62	57.27	55.08	60.54	26.42	72.86	39.82	23.09	52.47	31.06	19.65
33	29.07	77.7	54.34	72.01	70.34	26.4	50.29	67.74	47.52	9.06	55.46	15.23	17.03	77.08	24.6	57.01	96.26	47.42	57.45	62.68	24.21	20.0	28.02	74.33	18.03	42.8	48.51	54.82	41.18	75.96	34.99	54.71	53.46	0.0	17.46	18.38	19.24	90.69	16.28	43.08	57.0	38.83	31.0	14.04	36.12	36.06
34	37.2	84.9	71.81	84.12	87.8	34.41	65.92	84.21	64.94	9.43	72.62	3.61	8.06	91.76	39.62	55.97	107.07	64.62	70.94	70.77	23.09	35.23	19.03	78.23	22.8	55.54	51.87	70.71	48.92	91.59	43.6	62.24	70.06	17.46	0.0	23.26	20.52	101.79	24.41	60.41	55.66	48.01	48.17	20.59	48.33	51.62
35	47.42	95.88	60.21	88.41	75.01	44.78	63.63	78.77	54.92	16.12	57.43	24.04	28.64	91.07	40.31	74.43	113.17	50.09	73.11	80.78	8.25	19.03	41.0	92.7	35.9	59.41	66.76	67.54	59.48	88.57	53.24	72.95	64.62	18.38	23.26	0.0	36.22	107.49	4.12	47.01	74.33	56.94	41.63	32.02	53.26	50.22
36	17.46	64.38	64.01	65.0	80.06	14.87	51.16	70.58	56.36	20.88	68.25	17.03	12.81	74.81	26.25	38.21	87.13	60.31	53.15	50.33	39.85	38.08	13.6	58.18	4.12	37.66	31.76	56.22	28.6	76.03	23.71	41.77	57.27	19.24	20.52	36.22	0.0	81.99	35.0	55.44	38.12	28.18	38.95	6.4	30.41	37.66
37	64.66	27.66	73.55	19.42	78.0	67.42	49.24	50.01	70.21	98.23	85.91	98.18	94.67	30.15	67.21	67.07	5.83	83.82	35.51	33.96	114.59	94.4	91.79	44.15	79.08	48.08	57.49	48.38	53.67	39.32	58.31	42.06	55.08	90.69	101.79	107.49	81.99	0.0	104.0	80.99	68.07	53.85	70.49	81.27	54.56	58.82
38	44.94	93.06	56.14	84.85	71.03	42.38	59.68	74.67	50.8	16.16	53.6	24.6	28.79	87.13	36.8	73.11	109.71	46.17	69.43	77.9	12.37	15.0	41.11	90.44	34.23	55.97	64.76	63.53	56.86	84.53	50.57	70.21	60.54	16.28	24.41	4.12	35.0	104.0	0.0	43.0	73.06	54.12	37.58	30.27	50.0	46.4
39	49.93	82.01	13.6	62.36	28.07	49.41	32.02	37.48	11.4	51.24	12.81	58.31	59.48	55.47	32.45	82.76	86.73	5.0	46.87	68.18	55.08	28.0	68.24	87.3	51.74	42.43	68.94	32.7	55.71	49.58	50.99	64.13	26.42	43.08	60.41	47.01	55.44	80.99	43.0	0.0	83.24	51.26	18.36	49.2	42.06	28.64
40	33.62	41.98	87.01	58.46	101.24	34.79	63.78	81.84	79.4	58.69	95.19	52.89	47.8	75.96	50.99	1.0	71.45	88.19	55.95	35.36	77.47	73.98	37.58	28.18	39.01	46.01	15.62	68.25	29.0	81.39	32.45	29.73	72.86	57.0	55.66	74.33	38.12	68.07	73.06	83.24	0.0	33.3	64.88	43.01	42.64	56.4
41	10.82	38.95	53.82	37.0	67.94	13.6	31.06	50.09	46.32	45.28	62.61	44.41	40.82	49.04	21.0	32.65	59.08	56.08	27.07	23.85	63.01	49.03	39.05	38.12	25.24	13.42	18.03	35.85	4.47	52.17	4.47	16.16	39.82	38.83	48.01	56.94	28.18	53.85	54.12	51.26	33.3	0.0	33.24	27.66	9.43	23.32
42	31.62	66.75	25.06	51.11	41.15	31.24	22.67	37.36	17.46	40.01	30.61	45.4	45.35	50.0	14.21	64.41	76.32	23.32	34.99	52.15	49.77	24.84	52.33	70.26	34.99	26.17	50.7	26.08	37.64	46.96	32.7	47.1	23.09	31.0	48.17	41.63	38.95	70.49	37.58	18.36	64.88	33.24	0.0	33.11	24.33	12.37
43	16.97	65.6	58.14	63.53	74.25	14.14	47.01	66.12	50.57	18.03	62.01	17.0	14.32	71.81	21.21	43.0	86.61	54.04	50.6	50.99	36.67	31.95	19.24	60.93	4.0	35.11	34.79	52.0	29.07	72.34	23.35	42.64	52.47	14.04	20.59	32.02	6.4	81.27	30.27	49.2	43.01	27.66	33.11	0.0	27.86	33.06
44	14.14	44.27	44.41	36.06	58.69	16.0	22.85	42.38	36.89	43.83	53.23	44.78	42.06	44.41	13.93	42.01	60.14	46.82	22.8	29.12	60.11	42.72	43.01	46.04	26.68	7.28	27.46	27.86	13.89	46.1	10.82	23.02	31.06	36.12	48.33	53.26	30.41	54.56	50.0	42.06	42.64	9.43	24.33	27.86	0.0	13.89
45	25.24	54.45	30.61	39.41	45.34	25.94	14.32	33.06	23.02	44.92	39.4	48.37	47.01	41.15	12.04	55.8	64.64	33.24	23.43	40.01	57.98	35.61	51.2	58.69	33.54	14.0	41.34	19.1	27.78	40.02	24.08	35.51	19.65	36.06	51.62	50.22	37.66	58.82	46.4	28.64	56.4	23.32	12.37	33.06	13.89	0.0
;
