vehicles
vehicle_idx, capacity, cost_per_unit_distance
1,100,3
2,100,3
3,100,3
4,100,3
5,100,3
depot
node_idx,x,y
0,9,35
home delivery customers
node_idx,x,y,service_time,demand
1,93,7,10,3
2,27,35,10,20
3,31,51,10,9
4,53,25,10,14
5,25,33,10,13
6,1,23,10,5
7,45,11,10,3
8,3,1,10,10
9,51,67,10,12
10,55,13,10,6
11,3,71,10,1
12,75,73,10,6
13,41,87,10,19
14,45,29,10,7
self pickup customers
node_idx,x,y,service_time,demand,locker_idxs
15,43,19,10,5,44
16,79,35,10,24,45
17,13,35,10,20,43
18,67,13,10,26,39
19,27,49,10,3,41
20,69,23,10,16,44
21,7,35,10,24,43
22,47,49,10,6,42
23,1,47,10,3,43
24,75,55,10,22,42
25,37,19,10,2,43
26,93,49,10,24,45-39
flexible customers
node_idx,x,y,service_time,demand,locker_idxs
27,31,77,10,23,40
28,81,7,10,15,39
29,27,27,10,21,43
30,15,83,10,3,40
31,75,13,10,6,39
32,93,15,10,20,39
33,41,9,10,16,43
34,57,91,10,20,42-40
35,21,97,10,24,40
36,73,21,10,13,39
37,19,19,10,7,43
38,97,73,10,4,45
lockers
node_idx,x,y,service_time,capacity,cost_per_unit_good
39,93,12,10,81
40,22,88,10,98
41,49,49,10,97
42,55,64,10,75
43,26,45,10,74
44,58,41,10,80
45,74,52,10,78
mrt lines
start_node_idx,end_node_idx,freight_capacity,cost_per_unit_good
distance matrix
,0,1,2,3,4,5,6,7,8,9,10,11,12,13,14,15,16,17,18,19,20,21,22,23,24,25,26,27,28,29,30,31,32,33,34,35,36,37,38,39,40,41,42,43,44,45,
0,0.0,88.54,18.0,27.2,45.12,16.12,14.42,43.27,34.53,52.8,50.99,36.5,76.16,61.06,36.5,37.58,70.0,4.0,62.03,22.8,61.19,2.0,40.5,14.42,68.96,32.25,85.16,47.41,77.25,19.7,48.37,69.57,86.35,41.23,73.76,63.15,65.51,18.87,95.85,87.09,54.57,42.38,54.38,19.72,49.37,67.19
1,88.54,0.0,71.69,76.03,43.86,72.8,93.38,48.17,90.2,73.24,38.47,110.44,68.41,95.41,52.8,51.42,31.3,84.76,26.68,78.23,28.84,90.44,62.29,100.32,51.26,57.27,42.0,93.51,12.0,68.96,108.9,18.97,8.0,52.04,91.39,115.26,24.41,74.97,66.12,5.0,107.71,60.83,68.51,77.03,48.8,48.85
2,18.0,71.69,0.0,16.49,27.86,2.83,28.64,30.0,41.62,40.0,35.61,43.27,61.22,53.85,18.97,22.63,52.0,14.0,45.65,14.0,43.68,20.0,24.41,28.64,52.0,18.87,67.47,42.19,60.83,8.0,49.48,52.8,68.96,29.53,63.53,62.29,48.08,17.89,79.65,69.89,53.24,26.08,40.31,10.05,31.58,49.98
3,27.2,76.03,16.49,0.0,34.06,18.97,41.04,42.38,57.31,25.61,44.94,34.41,49.19,37.36,26.08,34.18,50.6,24.08,52.35,4.47,47.2,28.84,16.12,30.27,44.18,32.56,62.03,26.0,66.6,24.33,35.78,58.14,71.69,43.17,47.71,47.07,51.61,34.18,69.57,73.25,38.08,18.11,27.29,7.81,28.79,43.01
4,45.12,43.86,27.86,34.06,0.0,29.12,52.04,16.12,55.46,42.05,12.17,67.94,52.8,63.15,8.94,11.66,27.86,41.23,18.44,35.38,16.12,47.07,24.74,56.46,37.2,17.09,46.65,56.46,33.29,26.08,69.34,25.06,41.23,20.0,66.12,78.79,20.4,34.53,65.12,42.06,70.21,24.33,39.05,33.6,16.76,34.21
5,16.12,72.8,2.83,18.97,29.12,0.0,26.0,29.73,38.83,42.8,36.06,43.91,64.03,56.32,20.4,22.8,54.04,12.17,46.52,16.12,45.12,18.11,27.2,27.78,54.63,18.44,69.86,44.41,61.74,6.32,50.99,53.85,70.34,28.84,66.24,64.12,49.48,15.23,82.37,71.17,55.08,28.84,43.14,12.04,33.96,52.55
6,14.42,93.38,28.64,41.04,52.04,26.0,0.0,45.61,22.09,66.6,54.92,48.04,89.31,75.47,44.41,42.19,78.92,16.97,66.75,36.77,68.0,13.42,52.84,24.0,80.62,36.22,95.6,61.77,81.58,26.31,61.61,74.67,92.35,42.38,88.09,76.66,72.03,18.44,108.24,92.66,68.31,54.59,67.8,33.3,59.77,78.55
7,43.27,48.17,30.0,42.38,16.12,29.73,45.61,0.0,43.17,56.32,10.2,73.24,68.88,76.11,18.0,8.25,41.62,40.0,22.09,42.05,26.83,44.94,38.05,56.85,53.25,11.31,61.22,67.47,36.22,24.08,78.0,30.07,48.17,4.47,80.89,89.29,29.73,27.2,80.92,48.01,80.36,38.21,53.94,38.95,32.7,50.22
8,34.53,90.2,41.62,57.31,55.46,38.83,22.09,43.17,0.0,81.61,53.37,70.0,101.82,94.02,50.48,43.86,83.26,35.44,65.12,53.67,69.57,34.23,65.12,46.04,90.0,38.47,102.0,80.99,78.23,35.38,82.87,72.99,91.08,38.83,104.96,97.67,72.8,24.08,118.41,90.67,89.05,66.48,81.69,49.65,68.01,87.42
9,52.8,73.24,40.0,25.61,42.05,42.8,66.6,56.32,81.61,0.0,54.15,48.17,24.74,22.36,38.47,48.66,42.52,49.68,56.32,30.0,47.54,54.41,18.44,53.85,26.83,50.0,45.69,22.36,67.08,46.65,39.4,59.09,66.84,58.86,24.74,42.43,50.99,57.69,46.39,69.2,35.81,18.11,5.0,33.3,26.93,27.46
10,50.99,38.47,35.61,44.94,12.17,36.06,54.92,10.2,53.37,54.15,0.0,77.9,63.25,75.31,18.87,13.42,32.56,47.41,12.0,45.61,17.2,52.8,36.88,63.81,46.52,18.97,52.35,68.35,26.68,31.3,80.62,20.0,38.05,14.56,78.03,90.62,19.7,36.5,73.24,38.01,81.94,36.5,51.0,43.19,28.16,43.38
11,36.5,110.44,43.27,34.41,67.94,43.91,48.04,73.24,70.0,48.17,77.9,0.0,72.03,41.23,59.4,65.6,84.1,37.36,86.37,32.56,81.61,36.22,49.19,24.08,73.76,62.13,92.65,28.64,100.9,50.12,16.97,92.46,106.0,72.72,57.58,31.62,86.02,54.41,94.02,107.62,25.5,50.99,52.47,34.71,62.65,73.5
12,76.16,68.41,61.22,49.19,52.8,64.03,89.31,68.88,101.82,24.74,63.25,72.03,0.0,36.77,53.25,62.77,38.21,72.72,60.53,53.67,50.36,77.9,36.88,78.43,18.0,66.03,30.0,44.18,66.27,66.48,60.83,60.0,60.73,72.47,25.46,59.09,52.04,77.79,22.0,63.6,55.08,35.38,21.93,56.44,36.24,21.02
13,61.06,95.41,53.85,37.36,63.15,56.32,75.47,76.11,94.02,22.36,75.31,41.23,36.77,0.0,58.14,68.03,64.4,59.06,78.43,40.5,69.86,62.13,38.47,56.57,46.69,68.12,64.4,14.14,89.44,61.61,26.31,81.44,88.81,78.0,16.49,22.36,73.35,71.47,57.72,91.26,19.03,38.83,26.93,44.6,49.04,48.1
14,36.5,52.8,18.97,26.08,8.94,20.4,44.41,18.0,50.48,38.47,18.87,59.4,53.25,58.14,0.0,10.2,34.53,32.56,27.2,26.91,24.74,38.47,20.1,47.54,39.7,12.81,52.0,50.0,42.19,18.11,61.77,34.0,50.0,20.4,63.15,72.11,29.12,27.86,68.12,50.92,63.32,20.4,36.4,24.84,17.69,37.01
15,37.58,51.42,22.63,34.18,11.66,22.8,42.19,8.25,43.86,48.66,13.42,65.6,62.77,68.03,10.2,0.0,39.4,34.0,24.74,34.0,26.31,39.4,30.27,50.48,48.17,6.0,58.31,59.23,39.85,17.89,69.86,32.56,50.16,10.2,73.35,81.04,30.07,24.0,76.37,50.49,72.12,30.59,46.57,31.06,26.63,45.28
16,70.0,31.3,52.0,50.6,27.86,54.04,78.92,41.62,83.26,42.52,32.56,84.1,38.21,64.4,34.53,39.4,0.0,66.0,25.06,53.85,15.62,72.0,34.93,78.92,20.4,44.94,19.8,63.78,28.07,52.61,80.0,22.36,24.41,46.04,60.17,84.9,15.23,62.1,42.05,26.93,77.83,33.11,37.64,53.94,21.84,17.72
17,4.0,84.76,14.0,24.08,41.23,12.17,16.97,40.0,35.44,49.68,47.41,37.36,72.72,59.06,32.56,34.0,66.0,0.0,58.31,19.8,57.27,6.0,36.77,16.97,65.15,28.84,81.22,45.69,73.54,16.12,48.04,65.79,82.46,38.21,71.22,62.51,61.61,17.09,92.2,83.24,53.76,38.63,51.04,16.4,45.4,63.32
18,62.03,26.68,45.65,52.35,18.44,46.52,66.75,22.09,65.12,56.32,12.0,86.37,60.53,78.43,27.2,24.74,25.06,58.31,0.0,53.81,10.2,63.91,41.18,74.24,42.76,30.59,44.41,73.43,15.23,42.38,87.2,8.0,26.08,26.31,78.64,95.77,10.0,48.37,67.08,26.02,87.46,40.25,52.39,52.01,29.41,39.62
19,22.8,78.23,14.0,4.47,35.38,16.12,36.77,42.05,53.67,30.0,45.61,32.56,53.67,40.5,26.91,34.0,53.85,19.8,53.81,0.0,49.4,24.41,20.0,26.08,48.37,31.62,66.0,28.28,68.41,22.0,36.06,60.0,74.24,42.38,51.61,48.37,53.85,31.05,74.0,75.66,39.32,22.0,31.76,4.12,32.02,47.1
20,61.19,28.84,43.68,47.2,16.12,45.12,68.0,26.83,69.57,47.54,17.2,81.61,50.36,69.86,24.74,26.31,15.62,57.27,10.2,49.4,0.0,63.15,34.06,72.11,32.56,32.25,35.38,66.03,20.0,42.19,80.72,11.66,25.3,31.3,69.05,88.2,4.47,50.16,57.31,26.4,80.21,32.8,43.32,48.3,21.1,29.43
21,2.0,90.44,20.0,28.84,47.07,18.11,13.42,44.94,34.23,54.41,52.8,36.22,77.9,62.13,38.47,39.4,72.0,6.0,63.91,24.41,63.15,0.0,42.38,13.42,70.88,34.0,87.13,48.37,79.12,21.54,48.66,71.47,88.29,42.8,75.07,63.56,67.47,20.0,97.69,89.02,55.08,44.27,56.08,21.47,51.35,69.12
22,40.5,62.29,24.41,16.12,24.74,27.2,52.84,38.05,65.12,18.44,36.88,49.19,36.88,38.47,20.1,30.27,34.93,36.77,41.18,20.0,34.06,42.38,0.0,46.04,28.64,31.62,46.0,32.25,54.04,29.73,46.69,45.61,57.2,40.45,43.17,54.59,38.21,41.04,55.46,59.03,46.32,2.0,17.0,21.38,13.6,27.17
23,14.42,100.32,28.64,30.27,56.46,27.78,24.0,56.85,46.04,53.85,63.81,24.08,78.43,56.57,47.54,50.48,78.92,16.97,74.24,26.08,72.11,13.42,46.04,0.0,74.43,45.61,92.02,42.43,89.44,32.8,38.63,81.44,97.41,55.17,71.22,53.85,76.55,33.29,99.46,98.43,46.07,48.04,56.61,25.08,57.31,73.17
24,68.96,51.26,52.0,44.18,37.2,54.63,80.62,53.25,90.0,26.83,46.52,73.76,18.0,46.69,39.7,48.17,20.4,65.15,42.76,48.37,32.56,70.88,28.64,74.43,0.0,52.35,18.97,49.19,48.37,55.57,66.21,42.0,43.86,57.2,40.25,68.41,34.06,66.57,28.43,46.62,62.43,26.68,21.93,50.01,22.02,3.16
25,32.25,57.27,18.87,32.56,17.09,18.44,36.22,11.31,38.47,50.0,18.97,62.13,66.03,68.12,12.81,6.0,44.94,28.84,30.59,31.62,32.25,34.0,31.62,45.61,52.35,0.0,63.53,58.31,45.61,12.81,67.68,38.47,56.14,10.77,74.73,79.62,36.06,18.0,80.72,56.44,70.61,32.31,48.47,28.23,30.41,49.58
26,85.16,42.0,67.47,62.03,46.65,69.86,95.6,61.22,102.0,45.69,52.35,92.65,30.0,64.4,52.0,58.31,19.8,81.22,44.41,66.0,35.38,87.13,46.0,92.02,18.97,63.53,0.0,68.03,43.68,69.57,85.09,40.25,34.0,65.6,55.32,86.53,34.41,79.85,24.33,37.0,81.01,44.0,40.85,67.12,35.9,19.24
27,47.41,93.51,42.19,26.0,56.46,44.41,61.77,67.47,80.99,22.36,68.35,28.64,44.18,14.14,50.0,59.23,63.78,45.69,73.43,28.28,66.03,48.37,32.25,42.43,49.19,58.31,68.03,0.0,86.02,50.16,17.09,77.67,87.68,68.73,29.53,22.36,70.0,59.23,66.12,89.83,14.21,33.29,27.29,32.39,45.0,49.74
28,77.25,12.0,60.83,66.6,33.29,61.74,81.58,36.22,78.23,67.08,26.68,100.9,66.27,89.44,42.19,39.85,28.07,73.54,15.23,68.41,20.0,79.12,54.04,89.44,48.37,45.61,43.68,86.02,0.0,57.58,100.66,8.49,14.42,40.05,87.36,108.17,16.12,63.15,67.91,13.0,100.21,52.8,62.65,66.85,41.05,45.54
29,19.7,68.96,8.0,24.33,26.08,6.32,26.31,24.08,35.38,46.65,31.3,50.12,66.48,61.61,18.11,17.89,52.61,16.12,42.38,22.0,42.19,21.54,29.73,32.8,55.57,12.81,69.57,50.16,57.58,0.0,57.27,50.0,67.08,22.8,70.68,70.26,46.39,11.31,83.76,67.68,61.2,31.11,46.4,18.03,34.01,53.24
30,48.37,108.9,49.48,35.78,69.34,50.99,61.61,78.0,82.87,39.4,80.62,16.97,60.83,26.31,61.77,69.86,80.0,48.04,87.2,36.06,80.72,48.66,46.69,38.63,66.21,67.68,85.09,17.09,100.66,57.27,0.0,92.2,103.48,78.43,42.76,15.23,84.9,64.12,82.61,105.48,8.6,48.08,44.28,39.56,60.11,66.65
31,69.57,18.97,52.8,58.14,25.06,53.85,74.67,30.07,72.99,59.09,20.0,92.46,60.0,81.44,34.0,32.56,22.36,65.79,8.0,60.0,11.66,71.47,45.61,81.44,42.0,38.47,40.25,77.67,8.49,50.0,92.2,0.0,18.11,34.23,80.05,99.86,8.25,56.32,63.91,18.03,91.84,44.41,54.78,58.52,32.76,39.01
32,86.35,8.0,68.96,71.69,41.23,70.34,92.35,48.17,91.08,66.84,38.05,106.0,60.73,88.81,50.0,50.16,24.41,82.46,26.08,74.24,25.3,88.29,57.2,97.41,43.86,56.14,34.0,87.68,14.42,67.08,103.48,18.11,0.0,52.35,84.1,109.12,20.88,74.11,58.14,3.0,101.83,55.61,62.01,73.41,43.6,41.59
33,41.23,52.04,29.53,43.17,20.0,28.84,42.38,4.47,38.83,58.86,14.56,72.72,72.47,78.0,20.4,10.2,46.04,38.21,26.31,42.38,31.3,42.8,40.45,55.17,57.2,10.77,65.6,68.73,40.05,22.8,78.43,34.23,52.35,0.0,83.55,90.24,34.18,24.17,85.04,52.09,81.25,40.79,56.75,39.0,36.24,54.2
34,73.76,91.39,63.53,47.71,66.12,66.24,88.09,80.89,104.96,24.74,78.03,57.58,25.46,16.49,63.15,73.35,60.17,71.22,78.64,51.61,69.05,75.07,43.17,71.22,40.25,74.73,55.32,29.53,87.36,70.68,42.76,80.05,84.1,83.55,0.0,36.5,71.81,81.41,43.86,86.82,35.13,42.76,27.07,55.47,50.01,42.54
35,63.15,115.26,62.29,47.07,78.79,64.12,76.66,89.29,97.67,42.43,90.62,31.62,59.09,22.36,72.11,81.04,84.9,62.51,95.77,48.37,88.2,63.56,54.59,53.85,68.41,79.62,86.53,22.36,108.17,70.26,15.23,99.86,109.12,90.24,36.5,0.0,92.09,78.03,79.7,111.4,9.06,55.57,47.38,52.24,67.12,69.53
36,65.51,24.41,48.08,51.61,20.4,49.48,72.03,29.73,72.8,50.99,19.7,86.02,52.04,73.35,29.12,30.07,15.23,61.61,10.0,53.85,4.47,67.47,38.21,76.55,34.06,36.06,34.41,70.0,16.12,46.39,84.9,8.25,20.88,34.18,71.81,92.09,0.0,54.04,57.27,21.93,84.2,36.88,46.62,52.77,25.0,31.02
37,18.87,74.97,17.89,34.18,34.53,15.23,18.44,27.2,24.08,57.69,36.5,54.41,77.79,71.47,27.86,24.0,62.1,17.09,48.37,31.05,50.16,20.0,41.04,33.29,66.57,18.0,79.85,59.23,63.15,11.31,64.12,56.32,74.11,24.17,81.41,78.03,54.04,0.0,94.87,74.33,69.07,42.43,57.63,26.93,44.78,64.14
38,95.85,66.12,79.65,69.57,65.12,82.37,108.24,80.92,118.41,46.39,73.24,94.02,22.0,57.72,68.12,76.37,42.05,92.2,67.08,74.0,57.31,97.69,55.46,99.46,28.43,80.72,24.33,66.12,67.91,83.76,82.61,63.91,58.14,85.04,43.86,79.7,57.27,94.87,0.0,61.13,76.49,53.67,42.95,76.32,50.45,31.14
39,87.09,5.0,69.89,73.25,42.06,71.17,92.66,48.01,90.67,69.2,38.01,107.62,63.6,91.26,50.92,50.49,26.93,83.24,26.02,75.66,26.4,89.02,59.03,98.43,46.62,56.44,37.0,89.83,13.0,67.68,105.48,18.03,3.0,52.09,86.82,111.4,21.93,74.33,61.13,0.0,104.0,57.49,64.4,74.69,45.45,44.28
40,54.57,107.71,53.24,38.08,70.21,55.08,68.31,80.36,89.05,35.81,81.94,25.5,55.08,19.03,63.32,72.12,77.83,53.76,87.46,39.32,80.21,55.08,46.32,46.07,62.43,70.61,81.01,14.21,100.21,61.2,8.6,91.84,101.83,81.25,35.13,9.06,84.2,69.07,76.49,104.0,0.0,47.43,40.8,43.19,59.2,63.25
41,42.38,60.83,26.08,18.11,24.33,28.84,54.59,38.21,66.48,18.11,36.5,50.99,35.38,38.83,20.4,30.59,33.11,38.63,40.25,22.0,32.8,44.27,2.0,48.04,26.68,32.31,44.0,33.29,52.8,31.11,48.08,44.41,55.61,40.79,42.76,55.57,36.88,42.43,53.67,57.49,47.43,0.0,16.16,23.35,12.04,25.18
42,54.38,68.51,40.31,27.29,39.05,43.14,67.8,53.94,81.69,5.0,51.0,52.47,21.93,26.93,36.4,46.57,37.64,51.04,52.39,31.76,43.32,56.08,17.0,56.61,21.93,48.47,40.85,27.29,62.65,46.4,44.28,54.78,62.01,56.75,27.07,47.38,46.62,57.63,42.95,64.4,40.8,16.16,0.0,34.67,23.19,22.47
43,19.72,77.03,10.05,7.81,33.6,12.04,33.3,38.95,49.65,33.3,43.19,34.71,56.44,44.6,24.84,31.06,53.94,16.4,52.01,4.12,48.3,21.47,21.38,25.08,50.01,28.23,67.12,32.39,66.85,18.03,39.56,58.52,73.41,39.0,55.47,52.24,52.77,26.93,76.32,74.69,43.19,23.35,34.67,0.0,32.25,48.51
44,49.37,48.8,31.58,28.79,16.76,33.96,59.77,32.7,68.01,26.93,28.16,62.65,36.24,49.04,17.69,26.63,21.84,45.4,29.41,32.02,21.1,51.35,13.6,57.31,22.02,30.41,35.9,45.0,41.05,34.01,60.11,32.76,43.6,36.24,50.01,67.12,25.0,44.78,50.45,45.45,59.2,12.04,23.19,32.25,0.0,19.42
45,67.19,48.85,49.98,43.01,34.21,52.55,78.55,50.22,87.42,27.46,43.38,73.5,21.02,48.1,37.01,45.28,17.72,63.32,39.62,47.1,29.43,69.12,27.17,73.17,3.16,49.58,19.24,49.74,45.54,53.24,66.65,39.01,41.59,54.2,42.54,69.53,31.02,64.14,31.14,44.28,63.25,25.18,22.47,48.51,19.42,0.0
