vehicles
vehicle_idx, capacity, cost_per_unit_distance
1,100,1
2,100,1
3,100,1
4,100,1
5,100,1
depot
node_idx,x,y
0,69,63
home delivery customers
node_idx,x,y,service_time,demand
1,3,35,10,12
2,87,23,10,18
3,55,71,10,23
4,41,51,10,8
5,11,49,10,1
6,75,89,10,5
7,75,69,10,17
8,63,95,10,13
9,47,41,10,19
10,45,59,10,9
11,27,19,10,12
12,61,21,10,7
13,33,85,10,2
self pickup customers
node_idx,x,y,service_time,demand,locker_idxs
14,11,15,10,12,39
15,37,33,10,12,39
16,87,29,10,11,40-43
17,35,81,10,19,41
18,97,95,10,13,42
19,15,13,10,9,39
20,45,41,10,5,44
21,17,57,10,13,41
22,93,15,10,12,40-43
23,35,39,10,19,44-39
24,33,51,10,25,46
25,37,37,10,24,46-47-44
flexible customers
node_idx,x,y,service_time,demand,locker_idxs
26,71,79,10,5,45-42
27,1,47,10,8,39
28,93,9,10,25,40-43
29,89,43,10,26,48
30,95,23,10,20,40-43
31,19,83,10,21,41
32,71,69,10,8,45-42
33,59,29,10,4,48-44-43
34,89,53,10,3,45
35,21,91,10,13,41
36,67,95,10,14,38-42
37,61,15,10,14,43
lockers
node_idx,x,y,service_time,capacity,cost_per_unit_good
38,65,88,10,82
39,25,15,10,90
40,93,12,10,85
41,22,88,10,78
42,77,88,10,70
43,72,14,10,93
44,44,46,10,85
45,70,70,10,90
46,44,57,10,87
47,47,51,10,92
48,63,40,10,86
mrt lines
start_node_idx,end_node_idx,freight_capacity,cost_per_unit_good
38,39,90,0.5
39,38,90,0.5
distance matrix
,0,1,2,3,4,5,6,7,8,9,10,11,12,13,14,15,16,17,18,19,20,21,22,23,24,25,26,27,28,29,30,31,32,33,34,35,36,37,38,39,40,41,42,43,44,45,46,47,48,
0,0.0,71.69,43.86,16.12,30.46,59.67,26.68,8.49,32.56,31.11,24.33,60.83,42.76,42.19,75.29,43.86,38.47,38.47,42.52,73.59,32.56,52.35,53.67,41.62,37.95,41.23,16.12,69.86,59.09,28.28,47.71,53.85,6.32,35.44,22.36,55.57,32.06,48.66,25.32,65.12,56.36,53.24,26.25,49.09,30.23,7.07,25.71,25.06,23.77
1,71.69,0.0,84.85,63.25,41.23,16.12,90.0,79.62,84.85,44.41,48.37,28.84,59.67,58.31,21.54,34.06,84.21,56.04,111.52,25.06,42.43,26.08,92.2,32.25,34.0,34.06,80.99,12.17,93.68,86.37,92.78,50.6,76.03,56.32,87.86,58.82,87.73,61.35,81.57,29.73,92.89,56.3,91.02,72.12,42.45,75.59,46.53,46.82,60.21
2,43.86,84.85,0.0,57.69,53.85,80.32,67.08,47.54,75.89,43.86,55.32,60.13,26.08,82.22,76.42,50.99,6.0,77.9,72.69,72.69,45.69,77.82,10.0,54.41,60.83,51.92,58.24,89.29,15.23,20.1,8.0,90.69,48.7,28.64,30.07,94.76,74.73,27.2,68.62,62.51,12.53,91.92,65.76,17.49,48.76,49.98,54.82,48.83,29.41
3,16.12,63.25,57.69,0.0,24.41,49.19,26.91,20.1,25.3,31.05,15.62,59.06,50.36,26.08,71.22,42.05,52.8,22.36,48.37,70.46,31.62,40.5,67.68,37.74,29.73,38.47,17.89,59.09,72.72,44.05,62.48,37.95,16.12,42.19,38.47,39.45,26.83,56.32,19.72,63.53,70.18,37.12,27.8,59.48,27.31,15.03,17.8,21.54,32.02
4,30.46,41.23,53.85,24.41,0.0,30.07,50.99,38.47,49.19,11.66,8.94,34.93,36.06,34.93,46.86,18.44,50.99,30.59,71.22,46.04,10.77,24.74,63.25,13.42,8.0,14.56,41.04,40.2,66.84,48.66,60.83,38.83,34.99,28.43,48.04,44.72,51.11,41.18,44.1,39.4,65.0,41.59,51.62,48.27,5.83,34.67,6.71,6.0,24.6
5,59.67,16.12,80.32,49.19,30.07,0.0,75.47,67.05,69.43,36.88,35.44,34.0,57.31,42.19,34.0,30.53,78.59,40.0,97.53,36.22,34.93,10.0,88.77,26.0,22.09,28.64,67.08,10.2,91.24,78.23,87.93,34.93,63.25,52.0,78.1,43.17,72.47,60.46,66.61,36.77,89.96,40.52,76.66,70.33,33.14,62.63,33.96,36.06,52.77
6,26.68,90.0,67.08,26.91,50.99,75.47,0.0,20.0,13.42,55.57,42.43,84.88,69.43,42.19,97.84,67.68,61.19,40.79,22.8,96.83,56.6,66.24,76.16,64.03,56.64,64.4,10.77,85.09,82.0,48.08,68.96,56.32,20.4,62.1,38.63,54.04,10.0,75.31,10.05,89.31,79.08,53.01,2.24,75.06,53.01,19.65,44.55,47.2,50.45
7,8.49,79.62,47.54,20.1,38.47,67.05,20.0,0.0,28.64,39.6,31.62,69.31,50.0,44.94,83.74,52.35,41.76,41.76,34.06,82.07,41.04,59.23,56.92,50.0,45.69,49.68,10.77,77.2,62.64,29.53,50.16,57.72,4.0,43.08,21.26,58.31,27.2,55.79,21.47,73.59,59.77,56.3,19.1,55.08,38.6,5.1,33.24,33.29,31.38
8,32.56,84.85,75.89,25.3,49.19,69.43,13.42,28.64,0.0,56.32,40.25,84.1,74.03,31.62,95.41,67.23,70.23,31.3,34.0,95.02,56.92,59.67,85.44,62.61,53.25,63.56,17.89,78.41,91.08,58.14,78.79,45.61,27.2,66.12,49.4,42.19,4.0,80.02,7.28,88.57,88.26,41.59,15.65,81.5,52.55,25.96,42.49,46.82,55.0
9,31.11,44.41,43.86,31.05,11.66,36.88,55.57,39.6,56.32,0.0,18.11,29.73,24.41,46.17,44.41,12.81,41.76,41.76,73.59,42.52,2.0,34.0,52.84,12.17,17.2,10.77,44.94,46.39,56.04,42.05,51.26,50.48,36.88,16.97,43.68,56.36,57.58,29.53,50.33,34.06,54.38,53.24,55.76,36.8,5.83,37.01,16.28,10.0,16.03
10,24.33,48.37,55.32,15.62,8.94,35.44,42.43,31.62,40.25,18.11,0.0,43.86,41.23,28.64,55.61,27.2,51.61,24.17,63.25,54.92,18.0,28.07,65.12,22.36,14.42,23.41,32.8,45.61,69.31,46.82,61.61,35.38,27.86,33.11,44.41,40.0,42.19,46.82,35.23,48.33,67.18,37.01,43.19,52.48,13.04,27.31,2.24,8.25,26.17
11,60.83,28.84,60.13,59.06,34.93,34.0,84.88,69.31,84.1,29.73,43.86,0.0,34.06,66.27,16.49,17.2,60.83,62.51,103.32,13.42,28.43,39.29,66.12,21.54,32.56,20.59,74.4,38.21,66.75,66.48,68.12,64.5,66.6,33.53,70.71,72.25,85.88,34.23,78.77,4.47,66.37,69.18,85.21,45.28,31.91,66.71,41.63,37.74,41.68
12,42.76,59.67,26.08,50.36,36.06,57.31,69.43,50.0,74.03,24.41,41.23,34.06,0.0,69.86,50.36,26.83,27.2,65.39,82.29,46.69,25.61,56.85,32.56,31.62,41.04,28.84,58.86,65.39,34.18,35.61,34.06,74.89,49.03,8.25,42.52,80.62,74.24,6.0,67.12,36.5,33.24,77.52,68.88,13.04,30.23,49.82,39.81,33.11,19.1
13,42.19,58.31,82.22,26.08,34.93,42.19,42.19,44.94,31.62,46.17,28.64,66.27,69.86,0.0,73.38,52.15,77.79,4.47,64.78,74.22,45.61,32.25,92.2,46.04,34.0,48.17,38.47,49.68,96.83,70.0,87.68,14.14,41.23,61.74,64.5,13.42,35.44,75.39,32.14,70.46,94.49,11.4,44.1,81.01,40.52,39.92,30.08,36.77,54.08
14,75.29,21.54,76.42,71.22,46.86,34.0,97.84,83.74,95.41,44.41,55.61,16.49,50.36,73.38,0.0,31.62,77.28,70.23,117.46,4.47,42.8,42.43,82.0,33.94,42.19,34.06,87.73,33.53,82.22,82.87,84.38,68.47,80.72,50.0,86.76,76.66,97.65,50.0,90.8,14.0,82.05,73.82,98.41,61.01,45.28,80.66,53.41,50.91,57.7
15,43.86,34.06,50.99,42.05,18.44,30.53,67.68,52.35,67.23,12.81,27.2,17.2,26.83,52.15,31.62,0.0,50.16,48.04,86.28,29.73,11.31,31.24,58.82,6.32,18.44,4.0,57.2,38.63,60.93,52.95,58.86,53.14,49.52,22.36,55.71,60.17,68.88,30.0,61.72,21.63,59.81,57.01,68.01,39.82,14.76,49.58,25.0,20.59,26.93
16,38.47,84.21,6.0,52.8,50.99,78.59,61.19,41.76,70.23,41.76,51.61,60.83,27.2,77.79,77.28,50.16,0.0,73.54,66.75,73.76,43.68,75.39,15.23,52.95,58.31,50.64,52.5,87.86,20.88,14.14,10.0,86.83,43.08,28.0,24.08,90.55,68.96,29.53,62.97,63.56,18.03,87.78,59.84,21.21,46.24,44.38,51.31,45.65,26.4
17,38.47,56.04,77.9,22.36,30.59,40.0,40.79,41.76,31.3,41.76,24.17,62.51,65.39,4.47,70.23,48.04,73.54,0.0,63.56,70.88,41.23,30.0,87.86,42.0,30.07,44.05,36.06,48.08,92.46,66.03,83.45,16.12,37.95,57.27,60.83,17.2,34.93,70.94,30.81,66.75,90.14,14.76,42.58,76.54,36.14,36.69,25.63,32.31,49.65
18,42.52,111.52,72.69,48.37,71.22,97.53,22.8,34.06,34.0,73.59,63.25,103.32,82.29,64.78,117.46,86.28,66.75,63.56,0.0,115.97,74.97,88.57,80.1,83.55,77.67,83.45,30.53,107.33,86.09,52.61,72.03,78.92,36.77,76.16,42.76,76.11,30.0,87.73,32.76,107.63,83.1,75.33,21.19,84.77,72.18,36.8,65.22,66.6,64.66
19,73.59,25.06,72.69,70.46,46.04,36.22,96.83,82.07,95.02,42.52,54.92,13.42,46.69,74.22,4.47,29.73,73.76,70.88,115.97,0.0,41.04,44.05,78.03,32.8,42.05,32.56,86.56,36.77,78.1,79.85,80.62,70.11,79.2,46.82,84.12,78.23,97.1,46.04,90.14,10.2,78.01,75.33,97.31,57.01,43.93,79.21,52.7,49.68,55.07
20,32.56,42.43,45.69,31.62,10.77,34.93,56.6,41.04,56.92,2.0,18.0,28.43,25.61,45.61,42.8,11.31,43.68,41.23,74.97,41.04,0.0,32.25,54.59,10.2,15.62,8.94,46.04,44.41,57.69,44.05,53.14,49.4,38.21,18.44,45.61,55.46,58.31,30.53,51.08,32.8,56.08,52.33,56.86,38.18,5.1,38.29,16.03,10.2,18.03
21,52.35,26.08,77.82,40.5,24.74,10.0,66.24,59.23,59.67,34.0,28.07,39.29,56.85,32.25,42.43,31.24,75.39,30.0,88.57,44.05,32.25,0.0,86.83,25.46,17.09,28.28,58.31,18.87,89.89,73.35,85.09,26.08,55.32,50.48,72.11,34.23,62.8,60.83,57.14,42.76,88.32,31.4,67.54,69.81,29.15,54.57,27.0,30.59,49.04
22,53.67,92.2,10.0,67.68,63.25,88.77,76.16,56.92,85.44,52.84,65.12,66.12,32.56,92.2,82.0,58.82,15.23,87.86,80.1,78.03,54.59,86.83,0.0,62.77,69.97,60.17,67.68,97.41,6.0,28.28,8.25,100.5,58.31,36.77,38.21,104.69,84.12,32.0,78.19,68.0,3.0,101.83,74.73,21.02,57.98,59.62,64.54,58.41,39.05
23,41.62,32.25,54.41,37.74,13.42,26.0,64.03,50.0,62.61,12.17,22.36,21.54,31.62,46.04,33.94,6.32,52.95,42.0,83.55,32.8,10.2,25.46,62.77,0.0,12.17,2.83,53.81,34.93,65.3,54.15,62.1,46.82,46.86,26.0,55.79,53.85,64.5,35.38,57.45,26.0,63.98,50.7,64.54,44.65,11.4,46.75,20.12,16.97,28.02
24,37.95,34.0,60.83,29.73,8.0,22.09,56.64,45.69,53.25,17.2,14.42,32.56,41.04,34.0,42.19,18.44,58.31,30.07,77.67,42.05,15.62,17.09,69.97,12.17,0.0,14.56,47.2,32.25,73.24,56.57,68.03,34.93,42.05,34.06,56.04,41.76,55.61,45.61,48.92,36.88,71.56,38.6,57.49,53.76,12.08,41.59,12.53,14.0,31.95
25,41.23,34.06,51.92,38.47,14.56,28.64,64.4,49.68,63.56,10.77,23.41,20.59,28.84,48.17,34.06,4.0,50.64,44.05,83.45,32.56,8.94,28.28,60.17,2.83,14.56,0.0,54.04,37.36,62.61,52.35,59.67,49.4,46.69,23.41,54.41,56.32,65.3,32.56,58.18,25.06,61.33,53.16,64.82,41.88,11.4,46.67,21.19,17.2,26.17
26,16.12,80.99,58.24,17.89,41.04,67.08,10.77,10.77,17.89,44.94,32.8,74.4,58.86,38.47,87.73,57.2,52.5,36.06,30.53,86.56,46.04,58.31,67.68,53.81,47.2,54.04,0.0,76.97,73.38,40.25,60.93,52.15,10.0,51.42,31.62,51.42,16.49,64.78,10.82,78.82,70.52,49.82,10.82,65.01,42.64,9.06,34.83,36.88,39.81
27,69.86,12.17,89.29,59.09,40.2,10.2,85.09,77.2,78.41,46.39,45.61,38.21,65.39,49.68,33.53,38.63,87.86,48.08,107.33,36.77,44.41,18.87,97.41,34.93,32.25,37.36,76.97,0.0,99.54,88.09,97.02,40.25,73.38,60.73,88.2,48.33,81.61,68.0,76.01,40.0,98.43,46.07,86.35,78.29,43.01,72.73,44.15,46.17,62.39
28,59.09,93.68,15.23,72.72,66.84,91.24,82.0,62.64,91.08,56.04,69.31,66.75,34.18,96.83,82.22,60.93,20.88,92.46,86.09,78.1,57.69,89.89,6.0,65.3,73.24,62.61,73.38,99.54,0.0,34.23,14.14,104.65,63.91,39.45,44.18,109.12,89.84,32.56,83.82,68.26,3.0,106.22,80.6,21.59,61.4,65.19,68.59,62.29,43.14
29,28.28,86.37,20.1,44.05,48.66,78.23,48.08,29.53,58.14,42.05,46.82,66.48,35.61,70.0,82.87,52.95,14.14,66.03,52.61,79.85,44.05,73.35,28.28,54.15,56.57,52.35,40.25,88.09,34.23,0.0,20.88,80.62,31.62,33.11,10.0,83.23,56.46,39.6,51.0,69.86,31.26,80.71,46.57,33.62,45.1,33.02,47.13,42.76,26.17
30,47.71,92.78,8.0,62.48,60.83,87.93,68.96,50.16,78.79,51.26,61.61,68.12,34.06,87.68,84.38,58.86,10.0,83.45,72.03,80.62,53.14,85.09,8.25,62.1,68.03,59.67,60.93,97.02,14.14,20.88,0.0,96.83,51.88,36.5,30.59,100.5,77.25,34.93,71.59,70.46,11.18,97.74,67.45,24.7,55.95,53.24,61.29,55.57,36.24
31,53.85,50.6,90.69,37.95,38.83,34.93,56.32,57.72,45.61,50.48,35.38,64.5,74.89,14.14,68.47,53.14,86.83,16.12,78.92,70.11,49.4,26.08,100.5,46.82,34.93,49.4,52.15,40.25,104.65,80.62,96.83,0.0,53.85,67.2,76.16,8.25,49.48,79.92,46.27,68.26,102.55,5.83,58.22,87.01,44.65,52.63,36.07,42.52,61.52
32,6.32,76.03,48.7,16.12,34.99,63.25,20.4,4.0,27.2,36.88,27.86,66.6,49.03,41.23,80.72,49.52,43.08,37.95,36.77,79.2,38.21,55.32,58.31,46.86,42.05,46.69,10.0,73.38,63.91,31.62,51.88,53.85,0.0,41.76,24.08,54.63,26.31,54.92,19.92,70.94,61.1,52.55,19.92,55.01,35.47,1.41,29.55,30.0,30.08
33,35.44,56.32,28.64,42.19,28.43,52.0,62.1,43.08,66.12,16.97,33.11,33.53,8.25,61.74,50.0,22.36,28.0,57.27,76.16,46.82,18.44,50.48,36.77,26.0,34.06,23.41,51.42,60.73,39.45,33.11,36.5,67.2,41.76,0.0,38.42,72.72,66.48,14.14,59.3,36.77,38.01,69.64,61.68,19.85,22.67,42.45,31.76,25.06,11.7
34,22.36,87.86,30.07,38.47,48.04,78.1,38.63,21.26,49.4,43.68,44.41,70.71,42.52,64.5,86.76,55.71,24.08,60.83,42.76,84.12,45.61,72.11,38.21,55.79,56.04,54.41,31.62,88.2,44.18,10.0,30.59,76.16,24.08,38.42,0.0,77.9,47.41,47.2,42.44,74.43,41.19,75.59,37.0,42.54,45.54,25.5,45.18,42.05,29.07
35,55.57,58.82,94.76,39.45,44.72,43.17,54.04,58.31,42.19,56.36,40.0,72.25,80.62,13.42,76.66,60.17,90.55,17.2,76.11,78.23,55.46,34.23,104.69,53.85,41.76,56.32,51.42,48.33,109.12,83.23,100.5,8.25,54.63,72.72,77.9,0.0,46.17,85.88,44.1,76.11,106.89,3.16,56.08,92.36,50.54,53.31,41.05,47.71,66.07
36,32.06,87.73,74.73,26.83,51.11,72.47,10.0,27.2,4.0,57.58,42.19,85.88,74.24,35.44,97.65,68.88,68.96,34.93,30.0,97.1,58.31,62.8,84.12,64.5,55.61,65.3,16.49,81.61,89.84,56.46,77.25,49.48,26.31,66.48,47.41,46.17,0.0,80.22,7.28,90.35,86.98,45.54,12.21,81.15,54.13,25.18,44.42,48.33,55.15
37,48.66,61.35,27.2,56.32,41.18,60.46,75.31,55.79,80.02,29.53,46.82,34.23,6.0,75.39,50.0,30.0,29.53,70.94,87.73,46.04,30.53,60.83,32.0,35.38,45.61,32.56,64.78,68.0,32.56,39.6,34.93,79.92,54.92,14.14,47.2,85.88,80.22,0.0,73.11,36.0,32.14,82.76,74.73,11.05,35.36,55.73,45.31,38.63,25.08
38,25.32,81.57,68.62,19.72,44.1,66.61,10.05,21.47,7.28,50.33,35.23,78.77,67.12,32.14,90.8,61.72,62.97,30.81,32.76,90.14,51.08,57.14,78.19,57.45,48.92,58.18,10.82,76.01,83.82,51.0,71.59,46.27,19.92,59.3,42.44,44.1,7.28,73.11,0.0,83.24,80.99,43.0,12.0,74.33,46.96,18.68,37.44,41.15,48.04
39,65.12,29.73,62.51,63.53,39.4,36.77,89.31,73.59,88.57,34.06,48.33,4.47,36.5,70.46,14.0,21.63,63.56,66.75,107.63,10.2,32.8,42.76,68.0,26.0,36.88,25.06,78.82,40.0,68.26,69.86,70.46,68.26,70.94,36.77,74.43,76.11,90.35,36.0,83.24,0.0,68.07,73.06,89.63,47.01,36.36,71.06,46.1,42.19,45.49
40,56.36,92.89,12.53,70.18,65.0,89.96,79.08,59.77,88.26,54.38,67.18,66.37,33.24,94.49,82.05,59.81,18.03,90.14,83.1,78.01,56.08,88.32,3.0,63.98,71.56,61.33,70.52,98.43,3.0,31.26,11.18,102.55,61.1,38.01,41.19,106.89,86.98,32.14,80.99,68.07,0.0,104.0,77.67,21.1,59.64,62.39,66.53,60.31,41.04
41,53.24,56.3,91.92,37.12,41.59,40.52,53.01,56.3,41.59,53.24,37.01,69.18,77.52,11.4,73.82,57.01,87.78,14.76,75.33,75.33,52.33,31.4,101.83,50.7,38.6,53.16,49.82,46.07,106.22,80.71,97.74,5.83,52.55,69.64,75.59,3.16,45.54,82.76,43.0,73.06,104.0,0.0,55.0,89.31,47.41,51.26,38.01,44.65,63.13
42,26.25,91.02,65.76,27.8,51.62,76.66,2.24,19.1,15.65,55.76,43.19,85.21,68.88,44.1,98.41,68.01,59.84,42.58,21.19,97.31,56.86,67.54,74.73,64.54,57.49,64.82,10.82,86.35,80.6,46.57,67.45,58.22,19.92,61.68,37.0,56.08,12.21,74.73,12.0,89.63,77.67,55.0,0.0,74.17,53.41,19.31,45.28,47.63,50.0
43,49.09,72.12,17.49,59.48,48.27,70.33,75.06,55.08,81.5,36.8,52.48,45.28,13.04,81.01,61.01,39.82,21.21,76.54,84.77,57.01,38.18,69.81,21.02,44.65,53.76,41.88,65.01,78.29,21.59,33.62,24.7,87.01,55.01,19.85,42.54,92.36,81.15,11.05,74.33,47.01,21.1,89.31,74.17,0.0,42.52,56.04,51.31,44.65,27.51
44,30.23,42.45,48.76,27.31,5.83,33.14,53.01,38.6,52.55,5.83,13.04,31.91,30.23,40.52,45.28,14.76,46.24,36.14,72.18,43.93,5.1,29.15,57.98,11.4,12.08,11.4,42.64,43.01,61.4,45.1,55.95,44.65,35.47,22.67,45.54,50.54,54.13,35.36,46.96,36.36,59.64,47.41,53.41,42.52,0.0,35.38,11.0,5.83,19.92
45,7.07,75.59,49.98,15.03,34.67,62.63,19.65,5.1,25.96,37.01,27.31,66.71,49.82,39.92,80.66,49.58,44.38,36.69,36.8,79.21,38.29,54.57,59.62,46.75,41.59,46.67,9.06,72.73,65.19,33.02,53.24,52.63,1.41,42.45,25.5,53.31,25.18,55.73,18.68,71.06,62.39,51.26,19.31,56.04,35.38,0.0,29.07,29.83,30.81
46,25.71,46.53,54.82,17.8,6.71,33.96,44.55,33.24,42.49,16.28,2.24,41.63,39.81,30.08,53.41,25.0,51.31,25.63,65.22,52.7,16.03,27.0,64.54,20.12,12.53,21.19,34.83,44.15,68.59,47.13,61.29,36.07,29.55,31.76,45.18,41.05,44.42,45.31,37.44,46.1,66.53,38.01,45.28,51.31,11.0,29.07,0.0,6.71,25.5
47,25.06,46.82,48.83,21.54,6.0,36.06,47.2,33.29,46.82,10.0,8.25,37.74,33.11,36.77,50.91,20.59,45.65,32.31,66.6,49.68,10.2,30.59,58.41,16.97,14.0,17.2,36.88,46.17,62.29,42.76,55.57,42.52,30.0,25.06,42.05,47.71,48.33,38.63,41.15,42.19,60.31,44.65,47.63,44.65,5.83,29.83,6.71,0.0,19.42
48,23.77,60.21,29.41,32.02,24.6,52.77,50.45,31.38,55.0,16.03,26.17,41.68,19.1,54.08,57.7,26.93,26.4,49.65,64.66,55.07,18.03,49.04,39.05,28.02,31.95,26.17,39.81,62.39,43.14,26.17,36.24,61.52,30.08,11.7,29.07,66.07,55.15,25.08,48.04,45.49,41.04,63.13,50.0,27.51,19.92,30.81,25.5,19.42,0.0
