set K:= 1	2	3	4	5;
set C_H:= 1	2	3	4	5	6	7	8	9	10	11	12;
set C_S:= 13	14	15	16	17	18	19	20	21	22;
set C_F:= 23	24	25	26	27	28	29	30	31	32;
set M:= 33	34	35	36	37	38;
set L_B:= 39	40	41	42	43;
set A1:=
(0,*) 1 2 3 4 5 6 7 8 9 10 11 12 23 24 25 26 27 28 29 30 31 32 33 34 35 36 37 38 39 40 41 42 43
(1,*) 0 2 3 4 5 6 7 8 9 10 11 12 23 24 25 26 27 28 29 30 31 32 33 34 35 36 37 38 39 40 41 42 43
(2,*) 0 1 3 4 5 6 7 8 9 10 11 12 23 24 25 26 27 28 29 30 31 32 33 34 35 36 37 38 39 40 41 42 43
(3,*) 0 1 2 4 5 6 7 8 9 10 11 12 23 24 25 26 27 28 29 30 31 32 33 34 35 36 37 38 39 40 41 42 43
(4,*) 0 1 2 3 5 6 7 8 9 10 11 12 23 24 25 26 27 28 29 30 31 32 33 34 35 36 37 38 39 40 41 42 43
(5,*) 0 1 2 3 4 6 7 8 9 10 11 12 23 24 25 26 27 28 29 30 31 32 33 34 35 36 37 38 39 40 41 42 43
(6,*) 0 1 2 3 4 5 7 8 9 10 11 12 23 24 25 26 27 28 29 30 31 32 33 34 35 36 37 38 39 40 41 42 43
(7,*) 0 1 2 3 4 5 6 8 9 10 11 12 23 24 25 26 27 28 29 30 31 32 33 34 35 36 37 38 39 40 41 42 43
(8,*) 0 1 2 3 4 5 6 7 9 10 11 12 23 24 25 26 27 28 29 30 31 32 33 34 35 36 37 38 39 40 41 42 43
(9,*) 0 1 2 3 4 5 6 7 8 10 11 12 23 24 25 26 27 28 29 30 31 32 33 34 35 36 37 38 39 40 41 42 43
(10,*) 0 1 2 3 4 5 6 7 8 9 11 12 23 24 25 26 27 28 29 30 31 32 33 34 35 36 37 38 39 40 41 42 43
(11,*) 0 1 2 3 4 5 6 7 8 9 10 12 23 24 25 26 27 28 29 30 31 32 33 34 35 36 37 38 39 40 41 42 43
(12,*) 0 1 2 3 4 5 6 7 8 9 10 11 23 24 25 26 27 28 29 30 31 32 33 34 35 36 37 38 39 40 41 42 43
(23,*) 0 1 2 3 4 5 6 7 8 9 10 11 12 24 25 26 27 28 29 30 31 32 33 34 35 36 37 38 39 40 41 42 43
(24,*) 0 1 2 3 4 5 6 7 8 9 10 11 12 23 25 26 27 28 29 30 31 32 33 34 35 36 37 38 39 40 41 42 43
(25,*) 0 1 2 3 4 5 6 7 8 9 10 11 12 23 24 26 27 28 29 30 31 32 33 34 35 36 37 38 39 40 41 42 43
(26,*) 0 1 2 3 4 5 6 7 8 9 10 11 12 23 24 25 27 28 29 30 31 32 33 34 35 36 37 38 39 40 41 42 43
(27,*) 0 1 2 3 4 5 6 7 8 9 10 11 12 23 24 25 26 28 29 30 31 32 33 34 35 36 37 38 39 40 41 42 43
(28,*) 0 1 2 3 4 5 6 7 8 9 10 11 12 23 24 25 26 27 29 30 31 32 33 34 35 36 37 38 39 40 41 42 43
(29,*) 0 1 2 3 4 5 6 7 8 9 10 11 12 23 24 25 26 27 28 30 31 32 33 34 35 36 37 38 39 40 41 42 43
(30,*) 0 1 2 3 4 5 6 7 8 9 10 11 12 23 24 25 26 27 28 29 31 32 33 34 35 36 37 38 39 40 41 42 43
(31,*) 0 1 2 3 4 5 6 7 8 9 10 11 12 23 24 25 26 27 28 29 30 32 33 34 35 36 37 38 39 40 41 42 43
(32,*) 0 1 2 3 4 5 6 7 8 9 10 11 12 23 24 25 26 27 28 29 30 31 33 34 35 36 37 38 39 40 41 42 43
(33,*) 0 1 2 3 4 5 6 7 8 9 10 11 12 23 24 25 26 27 28 29 30 31 32 34 35 36 37 38 39 40 41 42 43
(34,*) 0 1 2 3 4 5 6 7 8 9 10 11 12 23 24 25 26 27 28 29 30 31 32 33 35 36 37 38 39 40 41 42 43
(35,*) 0 1 2 3 4 5 6 7 8 9 10 11 12 23 24 25 26 27 28 29 30 31 32 33 34 36 37 38 39 40 41 42 43
(36,*) 0 1 2 3 4 5 6 7 8 9 10 11 12 23 24 25 26 27 28 29 30 31 32 33 34 35 37 38 39 40 41 42 43
(37,*) 0 1 2 3 4 5 6 7 8 9 10 11 12 23 24 25 26 27 28 29 30 31 32 33 34 35 36 38 39 40 41 42 43
(38,*) 0 1 2 3 4 5 6 7 8 9 10 11 12 23 24 25 26 27 28 29 30 31 32 33 34 35 36 37 39 40 41 42 43
(39,*) 0 1 2 3 4 5 6 7 8 9 10 11 12 23 24 25 26 27 28 29 30 31 32 33 34 35 36 37 38 40 41 42 43
(40,*) 0 1 2 3 4 5 6 7 8 9 10 11 12 23 24 25 26 27 28 29 30 31 32 33 34 35 36 37 38 39 41 42 43
(41,*) 0 1 2 3 4 5 6 7 8 9 10 11 12 23 24 25 26 27 28 29 30 31 32 33 34 35 36 37 38 39 40 42 43
(42,*) 0 1 2 3 4 5 6 7 8 9 10 11 12 23 24 25 26 27 28 29 30 31 32 33 34 35 36 37 38 39 40 41 43
(43,*) 0 1 2 3 4 5 6 7 8 9 10 11 12 23 24 25 26 27 28 29 30 31 32 33 34 35 36 37 38 39 40 41 42
;
set A2:=
(33,*) 34
(34,*) 33
(35,*) 36
(36,*) 35
(37,*) 38
(38,*) 37
;
param BigM:=99999;
param n:= 5;
param d:=
1	5
2	23
3	13
4	20
5	23
6	18
7	10
8	13
9	14
10	23
11	8
12	20
13	14
14	10
15	18
16	5
17	9
18	10
19	14
20	2
21	15
22	24
23	8
24	18
25	19
26	9
27	24
28	8
29	19
30	13
31	14
32	3
;
param Q:=100;
param w:=
[33,*] 34 0.5
[34,*] 33 0.5
[35,*] 36 0.5
[36,*] 35 0.5
[37,*] 38 0.5
[38,*] 37 0.5
;
param V:=
[33,*] 34 97
[34,*] 33 97
[35,*] 36 97
[36,*] 35 97
[37,*] 38 83
[38,*] 37 83
;
param e:
	33	34	35	36	37	38	39	40	41	42	43:=
13	0	0	0	0	0	0	0	0	0	0	1	
14	0	0	0	0	0	0	0	0	1	0	0	
15	0	0	0	0	0	0	0	0	0	1	0	
16	0	0	0	0	0	0	0	0	0	0	1	
17	0	0	0	0	0	0	0	0	0	0	1	
18	0	0	0	0	0	0	0	0	0	0	1	
19	0	0	0	0	0	0	0	0	1	0	0	
20	0	0	0	0	0	0	0	0	0	0	1	
21	0	0	0	0	0	0	1	0	1	0	1	
22	0	0	0	0	0	0	1	0	0	0	1	
23	0	0	0	0	0	0	0	1	0	0	0	
24	0	0	0	0	0	0	0	1	0	0	0	
25	0	0	0	0	0	0	0	0	0	1	0	
26	0	0	0	0	0	0	0	1	0	1	0	
27	0	0	0	0	0	0	0	1	0	0	0	
28	0	0	0	0	0	0	0	0	0	1	0	
29	0	0	0	0	0	0	1	0	1	0	0	
30	0	0	0	0	0	0	0	0	0	0	1	
31	0	0	0	0	0	0	0	1	0	0	0	
32	0	0	0	0	0	0	0	1	0	0	0	
;
param p:=
1	3
2	3
3	3
4	3
5	3
;
param G:=
33	97
34	71
35	97
36	84
37	79
38	83
39	78
40	87
41	77
42	80
43	76
;
param s:=
0	0
1	10
2	10
3	10
4	10
5	10
6	10
7	10
8	10
9	10
10	10
11	10
12	10
23	10
24	10
25	10
26	10
27	10
28	10
29	10
30	10
31	10
32	10
33	10
34	10
35	10
36	10
37	10
38	10
39	10
40	10
41	10
42	10
43	10
;
param t:
	0	1	2	3	4	5	6	7	8	9	10	11	12	13	14	15	16	17	18	19	20	21	22	23	24	25	26	27	28	29	30	31	32	33	34	35	36	37	38	39	40	41	42	43:=
0	0.0	45.45	14.56	36.4	55.33	56.22	20.0	39.05	19.24	33.12	61.13	40.01	61.0	45.45	64.35	64.82	17.8	39.05	39.7	10.77	65.0	17.09	29.53	60.83	24.0	73.36	41.11	72.01	31.4	7.81	22.36	61.07	40.31	75.74	28.28	30.48	55.66	40.31	61.77	14.0	54.0	7.21	37.05	28.65
1	45.45	0.0	59.08	78.24	88.87	101.14	50.54	54.23	26.91	19.0	98.09	30.41	96.57	58.0	108.58	80.16	28.3	10.05	9.06	35.36	107.34	29.83	17.49	99.73	35.36	116.61	79.65	94.09	76.37	46.1	45.89	97.69	85.45	86.49	55.73	15.0	97.1	9.0	83.15	35.81	90.08	52.63	73.79	18.03
2	14.56	59.08	0.0	31.26	54.78	45.18	28.64	48.75	33.62	44.6	57.87	54.08	58.69	55.01	54.23	71.59	30.81	51.74	52.5	25.3	57.07	31.62	43.86	56.14	31.3	64.2	38.6	75.8	21.59	19.1	24.33	58.05	26.4	83.24	24.74	44.1	49.09	54.56	66.6	28.28	51.92	8.0	36.67	42.95
3	36.4	78.24	31.26	0.0	25.61	26.57	29.07	41.23	51.62	69.08	26.68	60.46	27.86	45.4	31.4	52.5	53.31	73.82	74.3	43.83	29.15	48.55	60.8	25.0	59.84	38.42	9.22	50.8	13.45	32.65	55.0	26.93	29.15	64.51	55.9	64.14	19.31	71.06	44.28	42.44	21.47	31.26	12.17	60.22
4	55.33	88.87	54.78	25.61	0.0	42.45	39.46	38.42	64.94	84.59	11.66	63.81	8.49	38.95	41.01	34.23	69.18	87.1	87.32	59.14	31.4	61.81	71.84	16.76	79.23	41.23	16.64	26.93	39.05	49.01	76.69	10.82	53.91	45.01	79.38	76.9	23.09	80.41	24.02	55.58	6.08	52.39	18.44	71.57
5	56.22	101.14	45.18	26.57	42.45	0.0	54.71	67.72	74.25	89.05	35.36	86.45	38.91	71.59	10.0	75.33	74.03	95.27	95.9	65.8	18.87	71.42	84.17	29.68	76.48	21.02	32.14	69.26	24.84	55.17	68.71	36.24	24.0	86.83	65.73	86.37	20.12	94.85	65.76	65.86	36.4	49.41	37.66	83.45
6	20.0	50.54	28.64	29.07	39.46	54.71	0.0	20.12	25.5	45.18	47.76	31.76	46.57	26.42	60.44	44.82	30.02	47.8	48.08	20.1	57.49	22.36	33.11	49.19	41.76	67.21	29.15	52.55	32.28	12.21	42.19	47.43	47.17	55.87	48.17	37.64	47.01	42.72	42.05	16.12	39.85	21.63	23.26	32.7
7	39.05	54.23	48.75	41.23	38.42	67.72	20.12	0.0	36.4	55.79	49.52	26.0	46.86	6.4	71.18	27.86	43.38	55.23	55.15	35.23	65.19	34.01	39.2	53.15	57.45	75.47	36.67	40.01	49.0	31.4	60.21	48.84	65.19	37.44	67.27	45.54	54.71	45.28	29.0	29.68	41.73	41.68	30.46	39.32
8	19.24	26.91	33.62	51.62	64.94	74.25	25.5	36.4	0.0	20.02	73.08	25.08	72.03	42.05	81.69	64.26	7.81	22.47	22.85	8.6	80.78	3.16	10.3	74.09	22.67	89.87	53.85	75.31	49.52	19.21	29.15	72.8	59.54	73.36	38.6	12.53	70.71	21.1	64.33	9.49	65.25	26.42	48.38	9.43
9	33.12	19.0	44.6	69.08	84.59	89.05	45.18	55.79	20.02	0.0	92.2	38.42	91.41	61.03	97.42	83.52	15.81	9.06	10.05	25.71	97.99	23.0	18.03	92.72	16.76	106.47	72.53	95.19	64.35	36.69	27.51	91.98	70.72	91.92	37.11	11.4	88.39	21.02	84.17	29.07	84.53	39.66	67.47	17.49
10	61.13	98.09	57.87	26.68	11.66	35.36	47.76	49.52	73.08	92.2	0.0	74.4	4.0	50.45	31.78	45.12	76.49	95.51	95.82	66.49	21.02	69.92	80.78	6.08	85.09	30.27	20.02	35.23	39.0	55.73	81.22	1.0	51.4	55.23	82.57	85.38	15.26	89.9	34.71	63.6	8.06	57.04	24.74	80.41
11	40.01	30.41	54.08	60.46	63.81	86.45	31.76	26.0	25.08	38.42	74.4	0.0	72.11	28.44	91.84	50.0	32.65	34.44	34.01	30.41	87.78	25.0	20.52	77.34	47.17	97.84	58.73	64.63	63.69	35.36	54.23	73.82	77.37	56.09	63.57	27.02	77.16	21.59	53.94	26.02	66.4	46.1	52.35	21.21
12	61.0	96.57	58.69	27.86	8.49	38.91	46.57	46.86	72.03	91.41	4.0	72.11	0.0	47.42	35.69	41.23	75.8	94.37	94.64	65.76	25.02	68.88	79.38	10.05	85.0	34.23	20.22	31.26	40.71	55.23	81.61	3.0	53.91	51.24	83.43	84.2	18.79	88.24	30.81	62.59	7.0	57.31	24.08	79.06
13	45.45	58.0	55.01	45.4	38.95	71.59	26.42	6.4	42.05	61.03	50.45	28.44	47.42	0.0	74.33	22.56	49.24	59.84	59.68	41.4	67.54	39.82	43.93	54.64	63.51	77.83	39.85	36.22	54.15	37.8	66.53	49.68	70.58	31.38	73.66	50.45	57.27	49.0	25.5	35.81	43.01	48.02	33.96	44.15
14	64.35	108.58	54.23	31.4	41.01	10.0	60.44	71.18	81.69	97.42	31.78	91.84	35.69	74.33	0.0	75.06	82.1	103.23	103.81	73.41	11.66	78.75	91.35	25.71	85.49	11.05	34.54	66.91	33.12	62.48	78.11	32.76	34.0	86.02	75.5	94.02	18.03	101.86	65.0	72.92	35.0	57.8	40.72	90.69
15	64.82	80.16	71.59	52.5	34.23	75.33	44.82	27.86	64.26	83.52	45.12	50.0	41.23	22.56	75.06	0.0	71.18	82.38	82.2	62.65	65.62	61.85	66.49	50.8	85.0	75.31	44.15	16.64	64.47	57.01	86.84	44.15	81.15	12.08	92.96	73.01	57.04	71.18	10.44	57.25	40.11	65.76	40.5	66.71
16	17.8	28.3	30.81	53.31	69.18	74.03	30.02	43.38	7.81	15.81	76.49	32.65	75.8	49.24	82.1	71.18	0.0	21.26	21.93	10.05	82.29	9.43	15.0	76.92	14.87	90.92	56.75	81.49	49.2	20.88	21.84	76.3	57.2	80.62	31.58	13.42	72.62	24.74	70.6	14.32	68.88	24.76	51.79	14.0
17	39.05	10.05	51.74	73.82	87.1	95.27	47.8	55.23	22.47	9.06	95.51	34.44	94.37	59.84	103.23	82.38	21.26	0.0	1.0	30.02	102.96	25.63	16.03	96.57	25.71	111.83	76.32	95.19	70.43	41.18	36.4	95.21	78.1	89.84	46.1	10.2	93.02	14.14	84.15	31.95	87.64	46.01	70.84	16.0
18	39.7	9.06	52.5	74.3	87.32	95.9	48.08	55.15	22.85	10.05	95.82	34.01	94.64	59.68	103.81	82.2	21.93	1.0	0.0	30.53	103.45	26.0	16.0	96.93	26.68	112.36	76.69	95.13	71.06	41.68	37.36	95.51	78.87	89.56	47.07	10.44	93.48	13.45	84.1	32.31	87.93	46.69	71.17	16.03
19	10.77	35.36	25.3	43.83	59.14	65.8	20.1	35.23	8.6	25.71	66.49	30.41	65.76	41.4	73.41	62.65	10.05	30.02	30.53	0.0	72.95	6.32	18.87	67.05	22.36	81.84	46.84	72.12	41.01	11.18	25.61	66.29	51.0	72.67	34.0	20.62	63.07	29.68	61.35	5.66	58.86	17.89	41.77	18.03
20	65.0	107.34	57.07	29.15	31.4	18.87	57.49	65.19	80.78	97.99	21.02	87.78	25.02	67.54	11.66	65.62	82.29	102.96	103.45	72.95	0.0	77.7	89.87	15.0	87.64	10.3	29.07	56.22	35.51	61.77	81.39	22.02	41.23	76.11	80.16	93.3	10.63	100.0	55.33	71.56	25.71	59.14	35.47	89.31
21	17.09	29.83	31.62	48.55	61.81	71.42	22.36	34.01	3.16	23.0	69.92	25.0	68.88	39.82	78.75	61.85	9.43	25.63	26.0	6.32	77.7	0.0	12.81	70.94	24.08	86.84	50.7	72.57	46.75	16.28	29.53	69.64	57.25	71.2	38.63	15.65	67.6	23.6	61.61	6.32	62.1	24.17	45.22	12.04
22	29.53	17.49	43.86	60.8	71.84	84.17	33.11	39.2	10.3	18.03	80.78	20.52	79.38	43.93	91.35	66.49	15.0	16.03	16.0	18.87	89.87	12.81	0.0	82.29	27.86	99.2	62.18	79.16	59.55	29.0	36.5	80.41	69.84	74.33	46.39	6.71	79.61	10.82	68.12	18.44	72.8	36.72	56.36	1.0
23	60.83	99.73	56.14	25.0	16.76	29.68	49.19	53.15	74.09	92.72	6.08	77.34	10.05	54.64	25.71	50.8	76.92	96.57	96.93	67.05	15.0	70.94	82.29	0.0	84.59	24.52	20.25	41.3	36.14	56.04	80.0	7.07	47.17	61.13	80.62	86.54	9.9	91.79	40.45	64.62	11.66	56.14	25.94	81.86
24	24.0	35.36	31.3	59.84	79.23	76.48	41.76	57.45	22.67	16.76	85.09	47.17	85.0	63.51	85.49	85.0	14.87	25.71	26.68	22.36	87.64	24.08	27.86	84.59	0.0	95.27	65.07	94.24	52.55	30.41	10.77	85.05	56.22	94.87	20.4	23.35	78.85	35.23	83.57	27.78	78.0	28.64	61.03	26.93
25	73.36	116.61	64.2	38.42	41.23	21.02	67.21	75.47	89.87	106.47	30.27	97.84	34.23	77.83	11.05	75.31	90.92	111.83	112.36	81.84	10.3	86.84	99.2	24.52	95.27	0.0	39.2	65.0	42.72	70.72	88.32	31.26	45.01	85.48	86.15	102.34	20.81	109.48	64.94	80.8	35.74	67.12	45.61	98.6
26	41.11	79.65	38.6	9.22	16.64	32.14	29.15	36.67	53.85	72.53	20.02	58.73	20.22	39.85	34.54	44.15	56.75	76.32	76.69	46.84	29.07	50.7	62.18	20.25	65.07	39.2	0.0	41.62	22.63	35.9	61.4	20.0	38.28	56.04	63.32	66.31	18.44	71.87	35.47	44.38	13.34	37.12	6.4	61.72
27	72.01	94.09	75.8	50.8	26.93	69.26	52.55	40.01	75.31	95.19	35.23	64.63	31.26	36.22	66.91	16.64	81.49	95.19	95.13	72.12	56.22	72.57	79.16	41.3	94.24	65.0	41.62	0.0	64.03	64.47	94.37	34.23	79.88	21.93	99.13	85.38	49.48	85.09	11.05	67.19	32.89	71.34	40.31	79.23
28	31.4	76.37	21.59	13.45	39.05	24.84	32.28	49.0	49.52	64.35	39.0	63.69	40.71	54.15	33.12	64.47	49.2	70.43	71.06	41.01	35.51	46.75	59.55	36.14	52.55	42.72	22.63	64.03	0.0	30.61	45.89	39.4	16.76	76.56	45.01	61.55	28.07	70.29	56.94	41.4	34.67	24.7	24.19	58.8
29	7.81	46.1	19.1	32.65	49.01	55.17	12.21	31.4	19.21	36.69	55.73	35.36	55.23	37.8	62.48	57.01	20.88	41.18	41.68	11.18	61.77	16.28	29.0	56.04	30.41	70.72	35.9	64.47	30.61	0.0	30.02	55.58	42.38	67.94	36.07	31.62	51.89	39.7	54.12	10.82	48.26	11.18	31.14	28.28
30	22.36	45.89	24.33	55.0	76.69	68.71	42.19	60.21	29.15	27.51	81.22	54.23	81.61	66.53	78.11	86.84	21.84	36.4	37.36	25.61	81.39	29.53	36.5	80.0	10.77	88.32	61.4	94.37	45.89	30.02	0.0	81.3	47.17	97.45	10.0	33.0	73.33	45.0	84.12	31.24	74.67	24.33	58.25	35.51
31	61.07	97.69	58.05	26.93	10.82	36.24	47.43	48.84	72.8	91.98	1.0	73.82	3.0	49.68	32.76	44.15	76.3	95.21	95.51	66.29	22.02	69.64	80.41	7.07	85.05	31.26	20.0	34.23	39.4	55.58	81.3	0.0	52.01	54.23	82.76	85.07	16.12	89.47	33.73	63.32	7.62	57.08	24.52	80.06
32	40.31	85.45	26.4	29.15	53.91	24.0	47.17	65.19	59.54	70.72	51.4	77.37	53.91	70.58	34.0	81.15	57.2	78.1	78.87	51.0	41.23	57.25	69.84	47.17	56.22	45.01	38.28	79.88	16.76	42.38	47.17	52.01	0.0	93.23	42.72	70.46	37.59	80.62	73.36	52.92	48.8	33.12	40.72	68.96
33	75.74	86.49	83.24	64.51	45.01	86.83	55.87	37.44	73.36	91.92	55.23	56.09	51.24	31.38	86.02	12.08	80.62	89.84	89.56	72.67	76.11	71.2	74.33	61.13	94.87	85.48	56.04	21.93	76.56	67.94	97.45	54.23	93.23	0.0	104.0	80.99	68.07	77.67	21.1	67.12	51.04	77.16	52.55	74.67
34	28.28	55.73	24.74	55.9	79.38	65.73	48.17	67.27	38.6	37.11	82.57	63.57	83.43	73.66	75.5	92.96	31.58	46.1	47.07	34.0	80.16	38.63	46.39	80.62	20.4	86.15	63.32	99.13	45.01	36.07	10.0	82.76	42.72	104.0	0.0	43.0	73.06	55.0	89.31	39.45	76.66	27.78	61.1	45.4
35	30.48	15.0	44.1	64.14	76.9	86.37	37.64	45.54	12.53	11.4	85.38	27.02	84.2	50.45	94.02	73.01	13.42	10.2	10.44	20.62	93.3	15.65	6.71	86.54	23.35	102.34	66.31	85.38	61.55	31.62	33.0	85.07	70.46	80.99	43.0	0.0	83.24	12.0	74.33	21.93	77.49	37.64	60.75	6.32
36	55.66	97.1	49.09	19.31	23.09	20.12	47.01	54.71	70.71	88.39	15.26	77.16	18.79	57.27	18.03	57.04	72.62	93.02	93.48	63.07	10.63	67.6	79.61	9.9	78.85	20.81	18.44	49.48	28.07	51.89	73.33	16.12	37.59	68.07	73.06	83.24	0.0	89.63	47.01	61.4	17.03	50.22	24.84	79.08
37	40.31	9.0	54.56	71.06	80.41	94.85	42.72	45.28	21.1	21.02	89.9	21.59	88.24	49.0	101.86	71.18	24.74	14.14	13.45	29.68	100.0	23.6	10.82	91.79	35.23	109.48	71.87	85.09	70.29	39.7	45.0	89.47	80.62	77.67	55.0	12.0	89.63	0.0	74.17	29.0	81.86	47.51	65.86	11.66
38	61.77	83.15	66.6	44.28	24.02	65.76	42.05	29.0	64.33	84.17	34.71	53.94	30.81	25.5	65.0	10.44	70.6	84.15	84.1	61.35	55.33	61.61	68.12	40.45	83.57	64.94	35.47	11.05	56.94	54.12	84.12	33.73	73.36	21.1	89.31	74.33	47.01	74.17	0.0	56.32	30.0	61.61	32.76	68.18
39	14.0	35.81	28.28	42.44	55.58	65.86	16.12	29.68	9.49	29.07	63.6	26.02	62.59	35.81	72.92	57.25	14.32	31.95	32.31	5.66	71.56	6.32	18.44	64.62	27.78	80.8	44.38	67.19	41.4	10.82	31.24	63.32	52.92	67.12	39.45	21.93	61.4	29.0	56.32	0.0	55.79	20.4	38.9	17.8
40	54.0	90.08	51.92	21.47	6.08	36.4	39.85	41.73	65.25	84.53	8.06	66.4	7.0	43.01	35.0	40.11	68.88	87.64	87.93	58.86	25.71	62.1	72.8	11.66	78.0	35.74	13.34	32.89	34.67	48.26	74.67	7.62	48.8	51.04	76.66	77.49	17.03	81.86	30.0	55.79	0.0	50.36	17.12	72.45
41	7.21	52.63	8.0	31.26	52.39	49.41	21.63	41.68	26.42	39.66	57.04	46.1	57.31	48.02	57.8	65.76	24.76	46.01	46.69	17.89	59.14	24.17	36.72	56.14	28.64	67.12	37.12	71.34	24.7	11.18	24.33	57.08	33.12	77.16	27.78	37.64	50.22	47.51	61.61	20.4	50.36	0.0	33.96	35.85
42	37.05	73.79	36.67	12.17	18.44	37.66	23.26	30.46	48.38	67.47	24.74	52.35	24.08	33.96	40.72	40.5	51.79	70.84	71.17	41.77	35.47	45.22	56.36	25.94	61.03	45.61	6.4	40.31	24.19	31.14	58.25	24.52	40.72	52.55	61.1	60.75	24.84	65.86	32.76	38.9	17.12	33.96	0.0	55.95
43	28.65	18.03	42.95	60.22	71.57	83.45	32.7	39.32	9.43	17.49	80.41	21.21	79.06	44.15	90.69	66.71	14.0	16.0	16.03	18.03	89.31	12.04	1.0	81.86	26.93	98.6	61.72	79.23	58.8	28.28	35.51	80.06	68.96	74.67	45.4	6.32	79.08	11.66	68.18	17.8	72.45	35.85	55.95	0.0
;
