vehicles
vehicle_idx, capacity, cost_per_unit_distance
1,100,3
2,100,3
3,100,3
4,100,3
5,100,3
depot
node_idx,x,y
0,82,76
home delivery customers
node_idx,x,y,service_time,demand
1,50,5,10,21
2,84,39,10,16
3,14,24,10,6
4,84,25,10,16
5,98,14,10,12
6,5,42,10,4
7,61,62,10,24
8,57,69,10,20
9,20,70,10,2
10,85,60,10,14
11,98,5,10,9
self pickup customers
node_idx,x,y,service_time,demand,locker_idxs
12,96,44,10,19,34
13,2,39,10,16,38
14,5,10,10,14,33
15,98,52,10,21,34
16,61,59,10,3,35
17,93,3,10,24,38-33
18,50,93,10,8,32
19,42,9,10,8,33
20,9,97,10,24,38
21,23,15,10,15,33
flexible customers
node_idx,x,y,service_time,demand,locker_idxs
22,49,8,10,6,33
23,13,7,10,19,33
24,29,89,10,7,32
25,58,30,10,12,37-36-34
26,3,82,10,8,37
27,1,65,10,22,33
28,88,51,10,18,34
29,91,2,10,19,33
30,19,32,10,1,38
31,80,55,10,2,37-36
lockers
node_idx,x,y,service_time,capacity,cost_per_unit_good
32,65,88,10,70
33,25,15,10,89
34,52,45,10,79
35,48,59,10,85
36,56,55,10,78
37,58,56,10,84
38,27,46,10,100
mrt lines
start_node_idx,end_node_idx,freight_capacity,cost_per_unit_good
distance matrix
,0,1,2,3,4,5,6,7,8,9,10,11,12,13,14,15,16,17,18,19,20,21,22,23,24,25,26,27,28,29,30,31,32,33,34,35,36,37,38,
0,0.0,77.88,37.05,85.6,51.04,64.03,84.17,25.24,25.96,62.29,16.28,72.78,34.93,88.14,101.41,28.84,27.02,73.82,36.24,78.03,75.96,84.86,75.58,97.58,54.57,51.88,79.23,81.74,25.71,74.55,76.84,21.1,20.81,83.49,43.14,38.01,33.42,31.24,62.65
1,77.88,0.0,48.08,40.71,39.45,48.84,58.26,58.05,64.38,71.59,65.19,48.0,60.31,58.82,45.28,67.18,55.11,43.05,88.0,8.94,100.72,28.79,3.16,37.05,86.59,26.25,90.21,77.47,59.67,41.11,41.11,58.31,84.34,26.93,40.05,54.04,50.36,51.62,47.01
2,37.05,48.08,0.0,71.59,14.0,28.65,79.06,32.53,40.36,71.11,21.02,36.77,13.0,82.0,84.15,19.1,30.48,37.11,63.81,51.61,94.81,65.55,46.75,77.88,74.33,27.51,91.71,86.98,12.65,37.66,65.38,16.49,52.55,63.69,32.56,41.18,32.25,31.06,57.43
3,85.6,40.71,71.59,0.0,70.01,84.59,20.12,60.44,62.24,46.39,79.61,86.12,84.4,19.21,16.64,88.54,58.6,81.74,77.83,31.76,73.17,12.73,38.48,17.03,66.71,44.41,59.03,43.01,78.77,80.08,9.43,72.92,81.84,14.21,43.42,48.8,52.2,54.41,25.55
4,51.04,39.45,14.0,70.01,0.0,17.8,80.81,43.57,51.62,78.24,35.01,24.41,22.47,83.19,80.41,30.41,41.05,23.77,76.03,44.94,103.97,61.81,38.91,73.25,84.39,26.48,99.05,92.14,26.31,24.04,65.38,30.27,65.8,59.84,37.74,49.52,41.04,40.46,60.75
5,64.03,48.84,28.65,84.59,17.8,0.0,97.12,60.61,68.6,96.02,47.8,9.0,30.07,99.2,93.09,38.0,58.26,12.08,92.44,56.22,121.7,75.01,49.37,85.29,101.91,43.08,116.83,109.59,38.33,13.89,81.02,44.78,81.02,73.01,55.47,67.27,58.69,58.0,77.88
6,84.17,58.26,79.06,20.12,80.81,97.12,0.0,59.46,58.59,31.76,82.0,100.09,91.02,4.24,32.0,93.54,58.52,96.25,68.01,49.58,55.15,32.45,55.61,35.9,52.77,54.34,40.05,23.35,83.49,94.85,17.2,76.12,75.6,33.6,47.1,46.24,52.63,54.82,22.36
7,25.24,58.05,32.53,60.44,43.57,60.61,59.46,0.0,8.06,41.77,24.08,67.96,39.36,63.32,76.42,38.33,3.0,67.12,32.89,56.3,62.68,60.44,55.32,73.0,41.87,32.14,61.35,60.07,29.15,67.08,51.61,20.25,26.31,59.2,19.24,13.34,8.6,6.71,37.58
8,25.96,64.38,40.36,62.24,51.62,68.6,58.59,8.06,0.0,37.01,29.41,76.01,46.32,62.65,78.64,44.38,10.77,75.18,25.0,61.85,55.57,63.81,61.52,76.03,34.41,39.01,55.54,56.14,35.85,75.13,53.04,26.93,20.62,62.77,24.52,13.45,14.04,13.04,37.8
9,62.29,71.59,71.11,46.39,78.24,96.02,31.76,41.77,37.01,0.0,65.76,101.53,80.32,35.85,61.85,80.05,42.45,99.09,37.8,64.85,29.15,55.08,68.45,63.39,21.02,55.17,20.81,19.65,70.6,98.31,38.01,61.85,48.47,55.23,40.61,30.08,39.0,40.5,25.0
10,16.28,65.19,21.02,79.61,35.01,47.8,82.0,24.08,29.41,65.76,0.0,56.52,19.42,85.62,94.34,15.26,24.02,57.56,48.1,66.71,84.53,76.61,63.25,89.4,63.06,40.36,84.9,84.15,9.49,58.31,71.69,7.07,34.41,75.0,36.25,37.01,29.43,27.29,59.67
11,72.78,48.0,36.77,86.12,24.41,9.0,100.09,67.96,76.01,101.53,56.52,0.0,39.05,101.84,93.13,47.0,65.46,5.39,100.24,56.14,128.0,75.66,49.09,85.02,108.71,47.17,122.29,114.06,47.07,7.62,83.49,53.14,89.32,73.68,60.96,73.59,65.3,64.82,81.99
12,34.93,60.31,13.0,84.4,22.47,30.07,91.02,39.36,46.32,80.32,19.42,39.05,0.0,94.13,97.14,8.25,38.08,41.11,67.21,64.35,101.87,78.55,59.2,90.87,80.71,40.5,100.46,97.29,10.63,42.3,77.93,19.42,53.82,76.69,44.01,50.29,41.48,39.85,69.03
13,88.14,58.82,82.0,19.21,83.19,99.2,4.24,63.32,62.65,35.85,85.62,101.84,94.13,0.0,29.15,96.88,62.3,97.86,72.25,50.0,58.42,31.89,56.3,33.84,56.82,56.72,43.01,26.02,86.83,96.38,18.38,79.62,79.81,33.24,50.36,50.16,56.32,58.52,25.96
14,101.41,45.28,84.15,16.64,80.41,93.09,32.0,76.42,78.64,61.85,94.34,93.13,97.14,29.15,0.0,102.04,74.41,88.28,94.41,37.01,87.09,18.68,44.05,8.54,82.57,56.65,72.03,55.15,92.57,86.37,26.08,87.46,98.41,20.62,58.6,65.19,68.01,70.18,42.19
15,28.84,67.18,19.1,88.54,30.41,38.0,93.54,38.33,44.38,80.05,15.26,47.0,8.25,96.88,102.04,0.0,37.66,49.25,63.13,70.6,99.73,83.63,65.86,96.18,78.29,45.65,99.62,97.87,10.05,50.49,81.49,18.25,48.84,81.84,46.53,50.49,42.11,40.2,71.25
16,27.02,55.11,30.48,58.6,41.05,58.26,58.52,3.0,10.77,42.45,24.02,65.46,38.08,62.3,74.41,37.66,0.0,64.5,35.74,53.49,64.4,58.14,52.39,70.77,43.86,29.15,62.39,60.3,28.16,64.41,49.93,19.42,29.27,56.85,16.64,13.0,6.4,4.24,36.4
17,73.82,43.05,37.11,81.74,23.77,12.08,96.25,67.12,75.18,99.09,57.56,5.39,41.11,97.86,88.28,49.25,64.5,0.0,99.74,51.35,126.06,71.02,44.28,80.1,107.2,44.2,119.75,110.94,48.26,2.24,79.48,53.6,89.49,69.05,58.69,71.84,63.82,63.51,78.77
18,36.24,88.0,63.81,77.83,76.03,92.44,68.01,32.89,25.0,37.8,48.1,100.24,67.21,72.25,94.41,63.13,35.74,99.74,0.0,84.38,41.19,82.54,85.01,93.62,21.38,63.51,48.27,56.44,56.64,99.81,68.43,48.41,15.81,81.91,48.04,34.06,38.47,37.85,52.33
19,78.03,8.94,51.61,31.76,44.94,56.22,49.58,56.3,61.85,64.85,66.71,56.14,64.35,50.0,37.01,70.6,53.49,51.35,84.38,0.0,93.98,19.92,7.07,29.07,81.05,26.4,82.76,69.4,62.29,49.5,32.53,59.67,82.28,18.03,37.36,50.36,48.08,49.65,39.92
20,75.96,100.72,94.81,73.17,103.97,121.7,55.15,62.68,55.57,29.15,84.53,128.0,101.87,58.42,87.09,99.73,64.4,126.06,41.19,93.98,0.0,83.19,97.58,90.09,21.54,83.01,16.16,32.98,91.42,125.5,65.76,82.49,56.72,83.55,67.48,54.45,63.03,63.89,54.08
21,84.86,28.79,65.55,12.73,61.81,75.01,32.45,60.44,63.81,55.08,76.61,75.66,78.55,31.89,18.68,83.63,58.14,71.02,82.54,19.92,83.19,0.0,26.93,12.81,74.24,38.08,69.92,54.63,74.3,69.23,17.46,69.63,84.22,2.0,41.73,50.61,51.86,53.91,31.26
22,75.58,3.16,46.75,38.48,38.91,49.37,55.61,55.32,61.52,68.45,63.25,49.09,59.2,56.3,44.05,65.86,52.39,44.28,85.01,7.07,97.58,26.93,0.0,36.01,83.43,23.77,87.13,74.52,58.05,42.43,38.42,56.3,81.58,25.0,37.12,51.01,47.52,48.84,43.91
23,97.58,37.05,77.88,17.03,73.25,85.29,35.9,73.0,76.03,63.39,89.4,85.02,90.87,33.84,8.54,96.18,70.77,80.1,93.62,29.07,90.09,12.81,36.01,0.0,83.55,50.54,75.66,59.23,86.95,78.16,25.71,82.42,96.25,14.42,54.45,62.68,64.44,66.53,41.44
24,54.57,86.59,74.33,66.71,84.39,101.91,52.77,41.87,34.41,21.02,63.06,108.71,80.71,56.82,82.57,78.29,43.86,107.2,21.38,81.05,21.54,74.24,83.43,83.55,0.0,65.74,26.93,36.88,70.18,106.83,57.87,61.29,36.01,74.11,49.65,35.51,43.42,43.93,43.05
25,51.88,26.25,27.51,44.41,26.48,43.08,54.34,32.14,39.01,55.17,40.36,47.17,40.5,56.72,56.65,45.65,29.15,44.2,63.51,26.4,83.01,38.08,23.77,50.54,65.74,0.0,75.69,66.89,36.62,43.28,39.05,33.3,58.42,36.25,16.16,30.68,25.08,26.0,34.89
26,79.23,90.21,91.71,59.03,99.05,116.83,40.05,61.35,55.54,20.81,84.9,122.29,100.46,43.01,72.03,99.62,62.39,119.75,48.27,82.76,16.16,69.92,87.13,75.66,26.93,75.69,0.0,17.12,90.48,118.93,52.5,81.6,62.29,70.52,61.4,50.54,59.48,60.84,43.27
27,81.74,77.47,86.98,43.01,92.14,109.59,23.35,60.07,56.14,19.65,84.15,114.06,97.29,26.02,55.15,97.87,60.3,110.94,56.44,69.4,32.98,54.63,74.52,59.23,36.88,66.89,17.12,0.0,88.12,109.86,37.59,79.63,68.01,55.46,54.78,47.38,55.9,57.71,32.2
28,25.71,59.67,12.65,78.77,26.31,38.33,83.49,29.15,35.85,70.6,9.49,47.07,10.63,86.83,92.57,10.05,28.16,48.26,56.64,62.29,91.42,74.3,58.05,86.95,70.18,36.62,90.48,88.12,0.0,49.09,71.57,8.94,43.57,72.56,36.5,40.79,32.25,30.41,61.2
29,74.55,41.11,37.66,80.08,24.04,13.89,94.85,67.08,75.13,98.31,58.31,7.62,42.3,96.38,86.37,50.49,64.41,2.24,99.81,49.5,125.5,69.23,42.43,78.16,106.83,43.28,118.93,109.86,49.09,0.0,78.0,54.13,89.84,67.27,58.05,71.4,63.51,63.29,77.67
30,76.84,41.11,65.38,9.43,65.38,81.02,17.2,51.61,53.04,38.01,71.69,83.49,77.93,18.38,26.08,81.49,49.93,79.48,68.43,32.53,65.76,17.46,38.42,25.71,57.87,39.05,52.5,37.59,71.57,78.0,0.0,65.19,72.47,18.03,35.47,39.62,43.57,45.79,16.12
31,21.1,58.31,16.49,72.92,30.27,44.78,76.12,20.25,26.93,61.85,7.07,53.14,19.42,79.62,87.46,18.25,19.42,53.6,48.41,59.67,82.49,69.63,56.3,82.42,61.29,33.3,81.6,79.63,8.94,54.13,65.19,0.0,36.25,68.01,29.73,32.25,24.0,22.02,53.76
32,20.81,84.34,52.55,81.84,65.8,81.02,75.6,26.31,20.62,48.47,34.41,89.32,53.82,79.81,98.41,48.84,29.27,89.49,15.81,82.28,56.72,84.22,81.58,96.25,36.01,58.42,62.29,68.01,43.57,89.84,72.47,36.25,0.0,83.24,44.92,33.62,34.21,32.76,56.64
33,83.49,26.93,63.69,14.21,59.84,73.01,33.6,59.2,62.77,55.23,75.0,73.68,76.69,33.24,20.62,81.84,56.85,69.05,81.91,18.03,83.55,2.0,25.0,14.42,74.11,36.25,70.52,55.46,72.56,67.27,18.03,68.01,83.24,0.0,40.36,49.65,50.61,52.63,31.06
34,43.14,40.05,32.56,43.42,37.74,55.47,47.1,19.24,24.52,40.61,36.25,60.96,44.01,50.36,58.6,46.53,16.64,58.69,48.04,37.36,67.48,41.73,37.12,54.45,49.65,16.16,61.4,54.78,36.5,58.05,35.47,29.73,44.92,40.36,0.0,14.56,10.77,12.53,25.02
35,38.01,54.04,41.18,48.8,49.52,67.27,46.24,13.34,13.45,30.08,37.01,73.59,50.29,50.16,65.19,50.49,13.0,71.84,34.06,50.36,54.45,50.61,51.01,62.68,35.51,30.68,50.54,47.38,40.79,71.4,39.62,32.25,33.62,49.65,14.56,0.0,8.94,10.44,24.7
36,33.42,50.36,32.25,52.2,41.04,58.69,52.63,8.6,14.04,39.0,29.43,65.3,41.48,56.32,68.01,42.11,6.4,63.82,38.47,48.08,63.03,51.86,47.52,64.44,43.42,25.08,59.48,55.9,32.25,63.51,43.57,24.0,34.21,50.61,10.77,8.94,0.0,2.24,30.36
37,31.24,51.62,31.06,54.41,40.46,58.0,54.82,6.71,13.04,40.5,27.29,64.82,39.85,58.52,70.18,40.2,4.24,63.51,37.85,49.65,63.89,53.91,48.84,66.53,43.93,26.0,60.84,57.71,30.41,63.29,45.79,22.02,32.76,52.63,12.53,10.44,2.24,0.0,32.57
38,62.65,47.01,57.43,25.55,60.75,77.88,22.36,37.58,37.8,25.0,59.67,81.99,69.03,25.96,42.19,71.25,36.4,78.77,52.33,39.92,54.08,31.26,43.91,41.44,43.05,34.89,43.27,32.2,61.2,77.67,16.12,53.76,56.64,31.06,25.02,24.7,30.36,32.57,0.0
