set K:= 1	2	3	4	5	6;
set C_H:= 1	2	3	4	5	6	7	8	9	10	11	12;
set C_S:= 13	14	15	16	17	18	19	20	21	22;
set C_F:= 23	24	25	26	27	28	29	30	31	32;
set M:= 33	34	35	36;
set L_B:= 37	38	39	40	41	42;
set A1:=
(0,*) 1 2 3 4 5 6 7 8 9 10 11 12 23 24 25 26 27 28 29 30 31 32 33 34 35 36 37 38 39 40 41 42
(1,*) 0 2 3 4 5 6 7 8 9 10 11 12 23 24 25 26 27 28 29 30 31 32 33 34 35 36 37 38 39 40 41 42
(2,*) 0 1 3 4 5 6 7 8 9 10 11 12 23 24 25 26 27 28 29 30 31 32 33 34 35 36 37 38 39 40 41 42
(3,*) 0 1 2 4 5 6 7 8 9 10 11 12 23 24 25 26 27 28 29 30 31 32 33 34 35 36 37 38 39 40 41 42
(4,*) 0 1 2 3 5 6 7 8 9 10 11 12 23 24 25 26 27 28 29 30 31 32 33 34 35 36 37 38 39 40 41 42
(5,*) 0 1 2 3 4 6 7 8 9 10 11 12 23 24 25 26 27 28 29 30 31 32 33 34 35 36 37 38 39 40 41 42
(6,*) 0 1 2 3 4 5 7 8 9 10 11 12 23 24 25 26 27 28 29 30 31 32 33 34 35 36 37 38 39 40 41 42
(7,*) 0 1 2 3 4 5 6 8 9 10 11 12 23 24 25 26 27 28 29 30 31 32 33 34 35 36 37 38 39 40 41 42
(8,*) 0 1 2 3 4 5 6 7 9 10 11 12 23 24 25 26 27 28 29 30 31 32 33 34 35 36 37 38 39 40 41 42
(9,*) 0 1 2 3 4 5 6 7 8 10 11 12 23 24 25 26 27 28 29 30 31 32 33 34 35 36 37 38 39 40 41 42
(10,*) 0 1 2 3 4 5 6 7 8 9 11 12 23 24 25 26 27 28 29 30 31 32 33 34 35 36 37 38 39 40 41 42
(11,*) 0 1 2 3 4 5 6 7 8 9 10 12 23 24 25 26 27 28 29 30 31 32 33 34 35 36 37 38 39 40 41 42
(12,*) 0 1 2 3 4 5 6 7 8 9 10 11 23 24 25 26 27 28 29 30 31 32 33 34 35 36 37 38 39 40 41 42
(23,*) 0 1 2 3 4 5 6 7 8 9 10 11 12 24 25 26 27 28 29 30 31 32 33 34 35 36 37 38 39 40 41 42
(24,*) 0 1 2 3 4 5 6 7 8 9 10 11 12 23 25 26 27 28 29 30 31 32 33 34 35 36 37 38 39 40 41 42
(25,*) 0 1 2 3 4 5 6 7 8 9 10 11 12 23 24 26 27 28 29 30 31 32 33 34 35 36 37 38 39 40 41 42
(26,*) 0 1 2 3 4 5 6 7 8 9 10 11 12 23 24 25 27 28 29 30 31 32 33 34 35 36 37 38 39 40 41 42
(27,*) 0 1 2 3 4 5 6 7 8 9 10 11 12 23 24 25 26 28 29 30 31 32 33 34 35 36 37 38 39 40 41 42
(28,*) 0 1 2 3 4 5 6 7 8 9 10 11 12 23 24 25 26 27 29 30 31 32 33 34 35 36 37 38 39 40 41 42
(29,*) 0 1 2 3 4 5 6 7 8 9 10 11 12 23 24 25 26 27 28 30 31 32 33 34 35 36 37 38 39 40 41 42
(30,*) 0 1 2 3 4 5 6 7 8 9 10 11 12 23 24 25 26 27 28 29 31 32 33 34 35 36 37 38 39 40 41 42
(31,*) 0 1 2 3 4 5 6 7 8 9 10 11 12 23 24 25 26 27 28 29 30 32 33 34 35 36 37 38 39 40 41 42
(32,*) 0 1 2 3 4 5 6 7 8 9 10 11 12 23 24 25 26 27 28 29 30 31 33 34 35 36 37 38 39 40 41 42
(33,*) 0 1 2 3 4 5 6 7 8 9 10 11 12 23 24 25 26 27 28 29 30 31 32 34 35 36 37 38 39 40 41 42
(34,*) 0 1 2 3 4 5 6 7 8 9 10 11 12 23 24 25 26 27 28 29 30 31 32 33 35 36 37 38 39 40 41 42
(35,*) 0 1 2 3 4 5 6 7 8 9 10 11 12 23 24 25 26 27 28 29 30 31 32 33 34 36 37 38 39 40 41 42
(36,*) 0 1 2 3 4 5 6 7 8 9 10 11 12 23 24 25 26 27 28 29 30 31 32 33 34 35 37 38 39 40 41 42
(37,*) 0 1 2 3 4 5 6 7 8 9 10 11 12 23 24 25 26 27 28 29 30 31 32 33 34 35 36 38 39 40 41 42
(38,*) 0 1 2 3 4 5 6 7 8 9 10 11 12 23 24 25 26 27 28 29 30 31 32 33 34 35 36 37 39 40 41 42
(39,*) 0 1 2 3 4 5 6 7 8 9 10 11 12 23 24 25 26 27 28 29 30 31 32 33 34 35 36 37 38 40 41 42
(40,*) 0 1 2 3 4 5 6 7 8 9 10 11 12 23 24 25 26 27 28 29 30 31 32 33 34 35 36 37 38 39 41 42
(41,*) 0 1 2 3 4 5 6 7 8 9 10 11 12 23 24 25 26 27 28 29 30 31 32 33 34 35 36 37 38 39 40 42
(42,*) 0 1 2 3 4 5 6 7 8 9 10 11 12 23 24 25 26 27 28 29 30 31 32 33 34 35 36 37 38 39 40 41
;
set A2:=
(33,*) 34
(34,*) 33
(35,*) 36
(36,*) 35
;
param BigM:=99999;
param n:= 6;
param d:=
1	26
2	17
3	15
4	66
5	25
6	11
7	17
8	10
9	7
10	11
11	22
12	25
13	16
14	17
15	1
16	16
17	7
18	22
19	16
20	21
21	21
22	2
23	6
24	7
25	5
26	15
27	21
28	17
29	25
30	21
31	11
32	22
;
param Q:=100;
param w:=
[33,*] 34 0.5
[34,*] 33 0.5
[35,*] 36 0.5
[36,*] 35 0.5
;
param V:=
[33,*] 34 80
[34,*] 33 80
[35,*] 36 79
[36,*] 35 79
;
param e:
	33	34	35	36	37	38	39	40	41	42:=
13	1	0	1	0	0	0	1	0	0	0	
14	0	0	1	0	0	1	1	0	0	0	
15	0	0	0	1	1	0	0	0	0	0	
16	0	0	0	1	0	0	0	1	0	1	
17	0	0	0	1	0	0	0	1	0	0	
18	0	0	1	0	0	0	0	0	0	1	
19	1	0	0	0	0	0	0	0	1	0	
20	1	0	0	0	0	0	1	0	0	0	
21	0	0	0	1	1	0	0	0	0	1	
22	1	0	0	1	1	0	0	0	0	0	
23	1	0	1	0	0	0	1	0	0	0	
24	0	1	1	0	1	0	1	1	1	1	
25	0	1	1	0	1	0	1	1	1	1	
26	0	0	1	0	1	0	1	1	1	1	
27	0	1	0	0	1	0	0	0	0	0	
28	0	1	0	1	1	0	0	0	1	1	
29	0	0	0	1	1	0	0	0	0	0	
30	1	0	0	1	0	0	1	0	0	0	
31	0	0	0	1	0	0	0	1	0	0	
32	0	0	0	1	1	0	0	0	1	1	
;
param p:=
1	3
2	3
3	3
4	3
5	3
6	3
;
param G:=
33	71
34	80
35	79
36	78
37	70
38	93
39	95
40	82
41	70
42	90
;
param s:=
0	0
1	10
2	10
3	10
4	10
5	10
6	10
7	10
8	10
9	10
10	10
11	10
12	10
23	10
24	10
25	10
26	10
27	10
28	10
29	10
30	10
31	10
32	10
33	10
34	10
35	10
36	10
37	10
38	10
39	10
40	10
41	10
42	10
;
param t:
	0	1	2	3	4	5	6	7	8	9	10	11	12	13	14	15	16	17	18	19	20	21	22	23	24	25	26	27	28	29	30	31	32	33	34	35	36	37	38	39	40	41	42:=
0	0.0	26.4	60.8	59.17	35.47	28.02	64.64	30.08	61.91	55.15	36.36	68.35	37.54	56.61	71.85	12.73	14.04	39.66	41.48	49.34	57.72	5.83	31.06	61.07	34.66	31.02	36.67	43.01	24.7	23.35	42.45	21.47	9.43	61.98	58.25	64.88	18.36	10.0	80.06	45.49	31.4	22.85	19.85
1	26.4	0.0	35.36	40.45	45.35	5.1	38.95	4.0	35.81	60.21	62.65	53.15	62.63	36.14	46.1	25.0	14.14	63.66	16.0	37.11	46.1	32.2	50.36	39.0	14.0	5.0	10.3	37.64	20.02	39.45	46.1	45.34	26.87	64.44	40.22	38.59	44.72	16.76	53.76	19.8	8.06	3.61	9.22
2	60.8	35.36	0.0	24.21	77.83	32.8	4.12	32.65	5.66	71.59	97.08	61.85	97.84	18.87	11.18	60.21	49.5	99.01	26.57	35.74	40.31	66.61	77.37	14.87	27.31	32.02	25.61	62.59	51.97	74.2	60.21	80.66	62.23	71.78	48.66	9.43	79.06	50.8	27.2	15.56	29.41	38.9	41.05
3	59.17	40.45	24.21	0.0	85.7	35.69	26.93	40.05	29.83	51.0	92.85	82.35	96.26	5.83	30.68	63.57	52.5	98.79	41.23	15.52	16.76	64.35	65.51	9.85	26.68	40.01	35.13	76.16	60.41	78.43	42.2	80.62	64.08	49.65	68.54	33.6	75.6	50.09	50.54	27.2	32.39	42.95	40.85
4	35.47	45.35	77.83	85.7	0.0	50.01	80.62	46.49	76.32	90.62	46.17	51.79	38.33	81.49	87.13	24.33	34.01	35.0	51.62	80.02	89.01	34.99	63.41	84.12	59.03	46.82	52.92	23.41	26.0	13.45	77.79	26.93	26.25	97.41	48.75	77.67	37.64	39.32	86.98	63.16	53.37	42.76	46.04
5	28.02	5.1	32.8	35.69	50.01	0.0	36.62	7.07	34.0	56.22	64.35	57.28	65.12	31.62	43.83	28.65	17.49	66.53	17.72	32.02	41.0	33.84	49.01	34.89	9.06	7.81	10.0	42.72	25.0	43.38	42.2	48.1	30.0	60.11	44.05	37.16	46.32	18.03	53.37	17.49	3.61	7.28	8.54
6	64.64	38.95	4.12	26.93	80.62	36.62	0.0	36.07	5.0	75.31	100.96	61.98	101.53	21.93	7.21	63.66	53.08	102.59	29.07	39.29	43.38	70.46	81.49	17.2	31.38	35.38	29.0	64.56	54.92	77.47	64.12	84.29	65.8	75.29	49.16	7.21	82.93	54.64	23.77	19.21	33.29	42.52	44.94
7	30.08	4.0	32.65	40.05	46.49	7.07	36.07	0.0	32.65	63.25	66.19	50.21	65.8	35.36	43.14	27.59	17.2	66.6	12.0	38.28	47.13	35.85	54.33	37.64	14.56	1.0	7.07	36.67	20.62	41.62	49.2	48.41	29.83	67.18	37.01	35.23	48.33	20.62	49.98	17.2	8.54	7.28	13.15
8	61.91	35.81	5.66	29.83	76.32	34.0	5.0	32.65	0.0	76.4	98.27	57.07	98.41	24.41	10.82	60.14	49.82	99.25	24.7	40.85	45.79	67.74	80.41	20.52	29.83	31.89	25.61	59.77	50.8	73.66	64.63	81.06	62.48	76.9	44.18	4.12	80.26	51.97	22.36	16.55	30.87	39.41	42.49
9	55.15	60.21	71.59	51.0	90.62	56.22	75.31	63.25	76.4	0.0	70.71	113.36	79.1	54.23	80.62	67.08	61.03	84.01	72.95	36.22	35.36	56.32	34.37	60.13	51.97	64.03	64.35	94.4	74.4	78.11	14.14	70.86	64.47	8.25	100.26	80.52	60.21	53.54	98.72	64.47	56.04	59.4	52.35
10	36.36	62.65	97.08	92.85	46.17	64.35	100.96	66.19	98.27	70.71	0.0	95.13	10.82	91.22	108.17	41.23	49.24	16.64	77.08	80.45	87.46	30.53	36.35	96.21	70.43	67.08	72.95	66.27	54.92	35.23	63.25	21.0	37.64	78.92	88.28	101.21	18.03	46.32	115.95	81.84	67.68	59.06	56.04
11	68.35	53.15	61.85	82.35	51.79	57.28	61.98	50.21	57.07	113.36	95.13	0.0	89.09	76.56	65.19	57.01	55.9	86.47	42.44	86.27	94.34	72.12	98.9	75.27	63.25	49.5	50.61	29.02	43.66	60.01	99.25	74.17	61.13	117.38	13.89	55.44	81.39	63.53	53.15	55.47	58.05	54.2	61.4
12	37.54	62.63	97.84	96.26	38.33	65.12	101.53	65.8	98.41	79.1	10.82	89.09	0.0	94.02	108.71	38.95	48.6	5.83	75.8	85.0	92.61	32.02	45.01	98.6	72.18	66.61	72.8	60.07	51.62	29.43	70.41	17.49	36.06	87.21	83.55	101.02	21.02	47.38	114.61	82.33	68.62	59.03	57.28
13	56.61	36.14	18.87	5.83	81.49	31.62	21.93	35.36	24.41	54.23	91.22	76.56	94.02	0.0	26.48	60.01	48.85	96.26	35.69	18.03	21.47	62.01	65.74	6.08	22.85	35.23	30.0	71.03	55.9	74.85	44.28	77.94	60.83	53.6	62.77	28.3	73.66	47.17	45.69	21.59	28.16	38.9	37.59
14	71.85	46.1	11.18	30.68	87.13	43.83	7.21	43.14	10.82	80.62	108.17	65.19	108.71	26.48	0.0	70.71	60.21	109.71	35.51	44.41	47.43	77.67	88.32	20.88	38.48	42.43	36.07	70.23	61.61	84.39	70.0	91.44	72.92	80.05	53.04	10.2	90.14	61.85	20.62	26.4	40.5	49.68	52.15
15	12.73	25.0	60.21	63.57	24.33	28.65	63.66	27.59	60.14	67.08	41.23	57.01	38.95	60.01	70.71	0.0	11.18	39.2	36.89	56.32	65.19	15.23	43.6	63.53	37.16	28.28	34.66	30.53	14.0	14.87	53.85	21.47	4.12	73.54	48.09	62.48	25.0	15.03	75.66	44.69	32.25	21.63	22.8
16	14.04	14.14	49.5	52.5	34.01	17.49	53.08	17.2	49.82	61.03	49.24	55.9	48.6	48.85	60.21	11.18	0.0	49.52	27.86	46.01	55.0	19.42	43.08	52.35	26.0	18.03	24.21	33.42	13.45	26.0	47.17	31.24	12.73	66.73	44.92	52.43	31.62	7.81	66.71	33.94	21.1	10.63	12.04
17	39.66	63.66	99.01	98.79	35.0	66.53	102.59	66.6	99.25	84.01	16.64	86.47	5.83	96.26	109.71	39.2	49.52	0.0	76.03	88.14	96.01	34.48	50.16	100.6	74.03	67.36	73.66	57.56	51.0	27.86	74.81	18.44	36.8	92.05	81.74	101.67	24.74	49.2	114.59	83.45	70.09	60.11	59.03
18	41.48	16.0	26.57	41.23	51.62	17.72	29.07	12.0	24.7	72.95	77.08	42.44	75.8	35.69	35.51	36.89	27.86	76.03	0.0	43.83	51.97	47.13	66.27	36.01	21.26	11.0	8.6	36.35	26.25	49.52	59.17	58.31	39.82	76.06	28.6	26.25	59.46	32.39	38.91	14.14	17.0	19.1	25.08
19	49.34	37.11	35.74	15.52	80.02	32.02	39.29	38.28	40.85	36.22	80.45	86.27	85.0	18.03	44.41	56.32	46.01	88.14	43.83	0.0	9.06	53.85	50.8	24.0	23.77	38.63	35.85	74.73	56.57	70.86	26.68	70.58	55.9	36.06	72.42	44.94	64.01	41.59	62.94	31.83	29.73	38.47	34.0
20	57.72	46.1	40.31	16.76	89.01	41.0	43.38	47.13	45.79	35.36	87.46	94.34	92.61	21.47	47.43	65.19	55.0	96.01	51.97	9.06	0.0	61.98	55.87	26.57	32.57	47.43	44.28	83.68	65.62	79.63	29.15	78.75	64.63	33.14	80.45	49.74	71.59	50.36	67.12	39.2	38.6	47.52	43.01
21	5.83	32.2	66.61	64.35	34.99	33.84	70.46	35.85	67.74	56.32	30.53	72.12	32.02	62.01	77.67	15.23	19.42	34.48	47.13	53.85	61.98	0.0	29.0	66.6	40.31	36.77	42.49	45.65	28.64	21.93	44.41	16.76	11.18	63.56	62.65	70.71	12.53	15.81	85.8	51.31	37.2	28.64	25.61
22	31.06	50.36	77.37	65.51	63.41	49.01	81.49	54.33	80.41	34.37	36.35	98.9	45.01	65.74	88.32	43.6	43.08	50.16	66.27	50.8	55.87	29.0	0.0	71.59	50.64	55.33	59.01	74.06	55.47	50.0	28.3	39.4	39.82	42.58	87.92	84.17	27.86	35.74	101.6	64.5	51.04	47.68	41.19
23	61.07	39.0	14.87	9.85	84.12	34.89	17.2	37.64	20.52	60.13	96.21	75.27	98.6	6.08	20.88	63.53	52.35	100.6	36.01	24.0	26.57	66.6	71.59	0.0	26.63	37.36	31.58	72.11	58.24	78.26	50.36	82.2	64.66	59.23	61.68	24.08	78.49	51.4	40.71	22.02	31.3	42.05	41.62
24	34.66	14.0	27.31	26.68	59.03	9.06	31.38	14.56	29.83	51.97	70.43	63.25	72.18	22.85	38.48	37.16	26.0	74.03	21.26	23.77	32.57	40.31	50.64	26.63	0.0	14.87	12.73	51.2	34.01	52.0	38.48	55.61	38.08	54.82	49.58	33.54	52.5	24.84	51.09	14.0	6.08	16.28	15.0
25	31.02	5.0	32.02	40.01	46.82	7.81	35.38	1.0	31.89	64.03	67.08	49.5	66.61	35.23	42.43	28.28	18.03	67.36	11.0	38.63	47.43	36.77	55.33	37.36	14.87	0.0	6.4	36.5	20.88	42.2	50.0	49.2	30.61	67.88	36.24	34.41	49.24	21.59	49.04	16.64	8.94	8.25	14.14
26	36.67	10.3	25.61	35.13	52.92	10.0	29.0	7.07	25.61	64.35	72.95	50.61	72.8	30.0	36.07	34.66	24.21	73.66	8.6	35.85	44.28	42.49	59.01	31.58	12.73	6.4	0.0	41.05	26.93	48.6	50.61	55.44	36.88	67.48	36.88	28.3	55.01	26.93	43.68	10.3	8.54	13.89	18.25
27	43.01	37.64	62.59	76.16	23.41	42.72	64.56	36.67	59.77	94.4	66.27	29.02	60.07	71.03	70.23	30.53	33.42	57.56	36.35	74.73	83.68	45.65	74.06	72.11	51.2	36.5	41.05	0.0	20.0	31.06	80.45	45.4	34.48	99.86	25.55	60.17	53.45	41.11	66.4	50.09	45.12	36.77	42.94
28	24.7	20.02	51.97	60.41	26.0	25.0	54.92	20.62	50.8	74.4	54.92	43.66	51.62	55.9	61.61	14.0	13.45	51.0	26.25	56.57	65.62	28.64	55.47	58.24	34.01	20.88	26.93	20.0	0.0	23.6	60.46	34.48	18.03	79.92	34.13	52.5	39.0	21.21	63.82	37.16	28.07	18.11	23.41
29	23.35	39.45	74.2	78.43	13.45	43.38	77.47	41.62	73.66	78.11	35.23	60.01	29.43	74.85	84.39	14.87	26.0	27.86	49.52	70.86	79.63	21.93	50.0	78.26	52.0	42.2	48.6	31.06	23.6	0.0	65.73	14.56	15.03	85.16	54.13	75.66	24.41	29.27	87.42	58.82	46.96	36.24	37.64
30	42.45	46.1	60.21	42.2	77.79	42.2	64.12	49.2	64.63	14.14	63.25	99.25	70.41	44.28	70.0	53.85	47.17	74.81	59.17	26.68	29.15	44.41	28.3	50.36	38.48	50.0	50.61	80.45	60.46	65.73	0.0	60.01	51.55	19.7	86.21	68.73	50.25	39.82	86.98	51.55	42.19	45.25	38.21
31	21.47	45.34	80.66	80.62	26.93	48.1	84.29	48.41	81.06	70.86	21.0	74.17	17.49	77.94	91.44	21.47	31.24	18.44	58.31	70.58	78.75	16.76	39.4	82.2	55.61	49.2	55.44	45.4	34.48	14.56	60.01	0.0	18.6	78.52	67.36	83.6	11.66	30.81	97.13	65.12	51.66	41.77	40.61
32	9.43	26.87	62.23	64.08	26.25	30.0	65.8	29.83	62.48	64.47	37.64	61.13	36.06	60.83	72.92	4.12	12.73	36.8	39.82	55.9	64.63	11.18	39.82	64.66	38.08	30.61	36.88	34.48	18.03	15.03	51.55	18.6	0.0	71.17	52.15	65.0	21.02	14.32	78.71	46.67	33.6	23.35	23.26
33	61.98	64.44	71.78	49.65	97.41	60.11	75.29	67.18	76.9	8.25	78.92	117.38	87.21	53.6	80.05	73.54	66.73	92.05	76.06	36.06	33.14	63.56	42.58	59.23	54.82	67.88	67.48	99.86	79.92	85.16	19.7	78.52	71.17	0.0	104.0	80.99	68.07	59.48	98.98	66.37	59.46	64.03	57.2
34	58.25	40.22	48.66	68.54	48.75	44.05	49.16	37.01	44.18	100.26	88.28	13.89	83.55	62.77	53.04	48.09	44.92	81.74	28.6	72.42	80.45	62.65	87.92	61.68	49.58	36.24	36.88	25.55	34.13	54.13	86.21	67.36	52.15	104.0	0.0	43.0	73.06	52.2	43.86	41.59	44.55	41.68	48.88
35	64.88	38.59	9.43	33.6	77.67	37.16	7.21	35.23	4.12	80.52	101.21	55.44	101.02	28.3	10.2	62.48	52.43	101.67	26.25	44.94	49.74	70.71	84.17	24.08	33.54	34.41	28.3	60.17	52.5	75.66	68.73	83.6	65.0	80.99	43.0	0.0	83.24	55.01	18.25	19.92	34.18	42.19	45.69
36	18.36	44.72	79.06	75.6	37.64	46.32	82.93	48.33	80.26	60.21	18.03	81.39	21.02	73.66	90.14	25.0	31.62	24.74	59.46	64.01	71.59	12.53	27.86	78.49	52.5	49.24	55.01	53.45	39.0	24.41	50.25	11.66	21.02	68.07	73.06	83.24	0.0	28.3	98.23	63.81	49.65	41.15	38.01
37	10.0	16.76	50.8	50.09	39.32	18.03	54.64	20.62	51.97	53.54	46.32	63.53	47.38	47.17	61.85	15.03	7.81	49.2	32.39	41.59	50.36	15.81	35.74	51.4	24.84	21.59	26.93	41.11	21.21	29.27	39.82	30.81	14.32	59.48	52.2	55.01	28.3	0.0	70.52	35.51	21.4	13.34	9.9
38	80.06	53.76	27.2	50.54	86.98	53.37	23.77	49.98	22.36	98.72	115.95	53.15	114.61	45.69	20.62	75.66	66.71	114.59	38.91	62.94	67.12	85.8	101.6	40.71	51.09	49.04	43.68	66.4	63.82	87.42	86.98	97.13	78.71	98.98	43.86	18.25	98.23	70.52	0.0	37.12	50.8	57.25	61.85
39	45.49	19.8	15.56	27.2	63.16	17.49	19.21	17.2	16.55	64.47	81.84	55.47	82.33	21.59	26.4	44.69	33.94	83.45	14.14	31.83	39.2	51.31	64.5	22.02	14.0	16.64	10.3	50.09	37.16	58.82	51.55	65.12	46.67	66.37	41.59	19.92	63.81	35.51	37.12	0.0	14.32	23.35	25.94
40	31.4	8.06	29.41	32.39	53.37	3.61	33.29	8.54	30.87	56.04	67.68	58.05	68.62	28.16	40.5	32.25	21.1	70.09	17.0	29.73	38.6	37.2	51.04	31.3	6.08	8.94	8.54	45.12	28.07	46.96	42.19	51.66	33.6	59.46	44.55	34.18	49.65	21.4	50.8	14.32	0.0	10.77	11.66
41	22.85	3.61	38.9	42.95	42.76	7.28	42.52	7.28	39.41	59.4	59.06	54.2	59.03	38.9	49.68	21.63	10.63	60.11	19.1	38.47	47.52	28.64	47.68	42.05	16.28	8.25	13.89	36.77	18.11	36.24	45.25	41.77	23.35	64.03	41.68	42.19	41.15	13.34	57.25	23.35	10.77	0.0	7.21
42	19.85	9.22	41.05	40.85	46.04	8.54	44.94	13.15	42.49	52.35	56.04	61.4	57.28	37.59	52.15	22.8	12.04	59.03	25.08	34.0	43.01	25.61	41.19	41.62	15.0	14.14	18.25	42.94	23.41	37.64	38.21	40.61	23.26	57.2	48.88	45.69	38.01	9.9	61.85	25.94	11.66	7.21	0.0
;
