set K:= 1	2	3	4	5	6;
set C_H:= 1	2	3	4	5	6	7	8	9	10	11	12	13	14;
set C_S:= 15	16	17	18	19	20	21	22	23	24	25	26;
set C_F:= 27	28	29	30	31	32	33	34	35	36	37	38;
set M:= 0	1;
set L_B:= 2	3	4	5	45	46	47	48	49	50;
set A1:=
(0,*) 2 3 4 5 6 7 8 9 10 11 12 13 14 27 28 29 30 31 32 33 34 35 36 37 38 2 3 4 5 45 46 47 48 49 50
(1,*) 2 3 4 5 6 7 8 9 10 11 12 13 14 27 28 29 30 31 32 33 34 35 36 37 38 2 3 4 5 45 46 47 48 49 50
(2,*) 0 1 3 4 5 6 7 8 9 10 11 12 13 14 27 28 29 30 31 32 33 34 35 36 37 38 0 1 3 4 5 45 46 47 48 49 50
(3,*) 0 1 2 4 5 6 7 8 9 10 11 12 13 14 27 28 29 30 31 32 33 34 35 36 37 38 0 1 2 4 5 45 46 47 48 49 50
(4,*) 0 1 2 3 5 6 7 8 9 10 11 12 13 14 27 28 29 30 31 32 33 34 35 36 37 38 0 1 2 3 5 45 46 47 48 49 50
(5,*) 0 1 2 3 4 6 7 8 9 10 11 12 13 14 27 28 29 30 31 32 33 34 35 36 37 38 0 1 2 3 4 45 46 47 48 49 50
(6,*) 0 1 2 3 4 5 7 8 9 10 11 12 13 14 27 28 29 30 31 32 33 34 35 36 37 38 0 1 2 3 4 5 45 46 47 48 49 50
(7,*) 0 1 2 3 4 5 6 8 9 10 11 12 13 14 27 28 29 30 31 32 33 34 35 36 37 38 0 1 2 3 4 5 45 46 47 48 49 50
(8,*) 0 1 2 3 4 5 6 7 9 10 11 12 13 14 27 28 29 30 31 32 33 34 35 36 37 38 0 1 2 3 4 5 45 46 47 48 49 50
(9,*) 0 1 2 3 4 5 6 7 8 10 11 12 13 14 27 28 29 30 31 32 33 34 35 36 37 38 0 1 2 3 4 5 45 46 47 48 49 50
(10,*) 0 1 2 3 4 5 6 7 8 9 11 12 13 14 27 28 29 30 31 32 33 34 35 36 37 38 0 1 2 3 4 5 45 46 47 48 49 50
(11,*) 0 1 2 3 4 5 6 7 8 9 10 12 13 14 27 28 29 30 31 32 33 34 35 36 37 38 0 1 2 3 4 5 45 46 47 48 49 50
(12,*) 0 1 2 3 4 5 6 7 8 9 10 11 13 14 27 28 29 30 31 32 33 34 35 36 37 38 0 1 2 3 4 5 45 46 47 48 49 50
(13,*) 0 1 2 3 4 5 6 7 8 9 10 11 12 14 27 28 29 30 31 32 33 34 35 36 37 38 0 1 2 3 4 5 45 46 47 48 49 50
(14,*) 0 1 2 3 4 5 6 7 8 9 10 11 12 13 27 28 29 30 31 32 33 34 35 36 37 38 0 1 2 3 4 5 45 46 47 48 49 50
(27,*) 0 1 2 3 4 5 6 7 8 9 10 11 12 13 14 28 29 30 31 32 33 34 35 36 37 38 0 1 2 3 4 5 45 46 47 48 49 50
(28,*) 0 1 2 3 4 5 6 7 8 9 10 11 12 13 14 27 29 30 31 32 33 34 35 36 37 38 0 1 2 3 4 5 45 46 47 48 49 50
(29,*) 0 1 2 3 4 5 6 7 8 9 10 11 12 13 14 27 28 30 31 32 33 34 35 36 37 38 0 1 2 3 4 5 45 46 47 48 49 50
(30,*) 0 1 2 3 4 5 6 7 8 9 10 11 12 13 14 27 28 29 31 32 33 34 35 36 37 38 0 1 2 3 4 5 45 46 47 48 49 50
(31,*) 0 1 2 3 4 5 6 7 8 9 10 11 12 13 14 27 28 29 30 32 33 34 35 36 37 38 0 1 2 3 4 5 45 46 47 48 49 50
(32,*) 0 1 2 3 4 5 6 7 8 9 10 11 12 13 14 27 28 29 30 31 33 34 35 36 37 38 0 1 2 3 4 5 45 46 47 48 49 50
(33,*) 0 1 2 3 4 5 6 7 8 9 10 11 12 13 14 27 28 29 30 31 32 34 35 36 37 38 0 1 2 3 4 5 45 46 47 48 49 50
(34,*) 0 1 2 3 4 5 6 7 8 9 10 11 12 13 14 27 28 29 30 31 32 33 35 36 37 38 0 1 2 3 4 5 45 46 47 48 49 50
(35,*) 0 1 2 3 4 5 6 7 8 9 10 11 12 13 14 27 28 29 30 31 32 33 34 36 37 38 0 1 2 3 4 5 45 46 47 48 49 50
(36,*) 0 1 2 3 4 5 6 7 8 9 10 11 12 13 14 27 28 29 30 31 32 33 34 35 37 38 0 1 2 3 4 5 45 46 47 48 49 50
(37,*) 0 1 2 3 4 5 6 7 8 9 10 11 12 13 14 27 28 29 30 31 32 33 34 35 36 38 0 1 2 3 4 5 45 46 47 48 49 50
(38,*) 0 1 2 3 4 5 6 7 8 9 10 11 12 13 14 27 28 29 30 31 32 33 34 35 36 37 0 1 2 3 4 5 45 46 47 48 49 50
(0,*) 2 3 4 5 6 7 8 9 10 11 12 13 14 27 28 29 30 31 32 33 34 35 36 37 38 2 3 4 5 45 46 47 48 49 50
(1,*) 2 3 4 5 6 7 8 9 10 11 12 13 14 27 28 29 30 31 32 33 34 35 36 37 38 2 3 4 5 45 46 47 48 49 50
(2,*) 0 1 3 4 5 6 7 8 9 10 11 12 13 14 27 28 29 30 31 32 33 34 35 36 37 38 0 1 3 4 5 45 46 47 48 49 50
(3,*) 0 1 2 4 5 6 7 8 9 10 11 12 13 14 27 28 29 30 31 32 33 34 35 36 37 38 0 1 2 4 5 45 46 47 48 49 50
(4,*) 0 1 2 3 5 6 7 8 9 10 11 12 13 14 27 28 29 30 31 32 33 34 35 36 37 38 0 1 2 3 5 45 46 47 48 49 50
(5,*) 0 1 2 3 4 6 7 8 9 10 11 12 13 14 27 28 29 30 31 32 33 34 35 36 37 38 0 1 2 3 4 45 46 47 48 49 50
(45,*) 0 1 2 3 4 5 6 7 8 9 10 11 12 13 14 27 28 29 30 31 32 33 34 35 36 37 38 0 1 2 3 4 5 46 47 48 49 50
(46,*) 0 1 2 3 4 5 6 7 8 9 10 11 12 13 14 27 28 29 30 31 32 33 34 35 36 37 38 0 1 2 3 4 5 45 47 48 49 50
(47,*) 0 1 2 3 4 5 6 7 8 9 10 11 12 13 14 27 28 29 30 31 32 33 34 35 36 37 38 0 1 2 3 4 5 45 46 48 49 50
(48,*) 0 1 2 3 4 5 6 7 8 9 10 11 12 13 14 27 28 29 30 31 32 33 34 35 36 37 38 0 1 2 3 4 5 45 46 47 49 50
(49,*) 0 1 2 3 4 5 6 7 8 9 10 11 12 13 14 27 28 29 30 31 32 33 34 35 36 37 38 0 1 2 3 4 5 45 46 47 48 50
(50,*) 0 1 2 3 4 5 6 7 8 9 10 11 12 13 14 27 28 29 30 31 32 33 34 35 36 37 38 0 1 2 3 4 5 45 46 47 48 49
;
set A2:=
(0,*) 1
(1,*) 0
;
param BigM:=99999;
param n:= 6;
param d:=
1	16
2	22
3	24
4	19
5	6
6	18
7	72
8	7
9	11
10	1
11	15
12	7
13	15
14	2
15	6
16	23
17	4
18	23
19	7
20	11
21	16
22	5
23	9
24	9
25	7
26	10
27	18
28	3
29	6
30	12
31	16
32	16
33	22
34	22
35	22
36	10
37	11
38	3
;
param Q:=100;
param w:=
[0,*] 1 0.5
[1,*] 0 0.5
;
param V:=
[0,*] 1 100
[1,*] 0 100
;
param e:
	0	1	2	3	4	5	45	46	47	48	49	50:=
15	0	0	0	0	0	0	0	0	0	0	0	0	
16	0	0	0	0	0	0	0	0	0	0	0	0	
17	0	0	0	0	0	0	0	0	0	0	0	0	
18	0	0	0	0	0	0	0	0	0	0	0	0	
19	0	0	0	0	0	0	0	0	0	0	0	0	
20	0	0	0	0	0	0	0	0	0	0	0	0	
21	0	0	0	0	0	0	0	0	0	0	0	0	
22	0	0	0	0	0	0	0	0	0	0	0	0	
23	0	0	0	0	0	0	0	0	0	0	0	0	
24	0	0	0	0	0	0	0	0	0	0	0	0	
25	0	0	0	0	0	0	0	0	0	0	0	0	
26	0	0	0	0	0	0	0	0	0	0	0	0	
27	0	0	0	0	0	0	0	0	0	0	0	0	
28	0	0	0	0	0	0	0	0	0	0	0	0	
29	0	0	0	0	0	0	0	0	0	0	0	0	
30	0	0	0	0	0	0	0	0	0	0	0	0	
31	0	0	0	0	0	0	0	0	0	0	0	0	
32	0	0	0	0	0	0	0	0	0	0	0	0	
33	0	0	0	0	0	0	0	0	0	0	0	0	
34	0	0	0	0	0	0	0	0	0	0	0	0	
35	0	0	0	0	0	0	0	0	0	0	0	0	
36	0	0	0	0	0	0	0	0	0	0	0	0	
37	0	0	0	0	0	0	0	0	0	0	0	0	
38	0	0	0	0	0	0	0	0	0	0	0	0	
;
param p:=
1	3
2	3
3	3
4	3
5	3
6	3
;
param G:=
0	100
1	98
2	76
3	94
4	74
5	70
45	90
46	90
47	87
48	96
49	81
50	70
;
param s:=
0	0
1	15
2	15
3	15
4	15
5	15
6	15
7	15
8	15
9	15
10	15
11	15
12	15
13	15
14	15
27	15
28	15
29	15
30	15
31	15
32	15
33	15
34	15
35	15
36	15
37	15
38	15
0	10
1	10
2	10
3	10
4	10
5	10
45	10
46	10
47	10
48	10
49	10
50	10
;
param t:
	0	1	2	3	4	5	6	7	8	9	10	11	12	13	14	15	16	17	18	19	20	21	22	23	24	25	26	27	28	29	30	31	32	33	34	35	36	37	38	39	40	41	42	43	44	45	46	47	48	49	50:=
0	0.0	60.03	18.44	77.79	30.07	42.05	24.41	12.17	56.32	61.77	48.17	10.2	60.83	42.76	38.83	56.92	87.13	54.33	72.69	28.84	45.12	80.52	32.31	18.44	74.24	85.09	46.69	40.0	15.23	57.72	67.2	42.05	8.25	52.84	8.94	26.68	49.4	45.25	64.9	54.45	71.06	73.74	14.56	78.77	33.38	30.36	26.25	51.31	33.54	27.0	30.87
1	60.03	0.0	50.6	26.08	68.03	87.66	76.16	48.0	18.97	60.03	72.47	70.0	45.69	78.89	50.99	17.09	46.17	84.02	14.42	38.63	65.3	28.43	78.79	42.05	14.56	40.25	42.8	71.02	74.43	12.65	38.47	58.0	52.15	55.61	56.89	71.69	33.29	41.04	57.27	84.81	21.02	25.63	65.97	37.11	72.01	31.78	36.4	31.06	28.16	33.06	33.84
2	18.44	50.6	0.0	72.72	46.17	38.42	42.8	16.0	42.05	70.34	62.51	27.2	65.3	59.46	20.59	52.8	86.28	70.34	64.62	32.31	58.03	66.27	28.84	18.97	65.15	68.96	28.43	55.32	27.2	52.15	68.41	24.74	12.65	61.61	10.0	21.63	32.31	50.16	72.11	70.6	57.08	69.63	16.0	77.16	49.98	28.6	14.32	52.2	22.47	20.52	31.38
3	77.79	26.08	72.72	0.0	76.24	110.94	88.09	65.79	44.72	53.25	74.0	86.83	37.74	83.95	76.42	20.88	22.0	85.44	14.14	50.64	67.05	44.18	101.55	59.46	18.0	58.14	68.82	75.71	92.97	20.59	25.61	83.55	70.94	52.8	76.97	94.34	59.36	42.76	48.41	86.38	41.3	5.39	86.76	14.87	79.51	47.43	58.52	31.26	50.8	52.77	47.3
4	30.07	68.03	46.17	76.24	0.0	69.86	15.62	31.3	72.47	40.0	18.97	29.12	46.17	13.42	66.48	57.27	77.67	24.33	76.66	29.53	18.44	94.34	60.83	32.8	79.7	102.45	71.69	10.2	37.95	60.17	56.89	70.88	33.53	32.25	38.47	56.14	71.22	34.06	44.94	24.52	85.15	71.11	44.05	71.45	4.24	37.44	46.62	45.04	50.21	41.73	34.48
5	42.05	87.66	38.42	110.94	69.86	0.0	58.14	50.0	75.29	103.77	88.77	40.79	101.61	80.62	40.45	91.21	124.58	92.78	102.0	68.41	86.65	97.67	10.0	55.32	101.98	96.08	52.35	80.05	32.25	90.44	106.15	36.0	44.41	94.83	37.2	16.97	61.19	86.02	106.68	92.66	89.5	108.0	27.78	115.52	72.18	66.47	52.43	89.87	60.21	58.9	68.68
6	24.41	76.16	42.8	88.09	15.62	58.14	0.0	31.62	76.94	55.61	33.29	18.44	60.93	22.8	63.25	68.03	91.76	34.93	86.58	38.21	33.94	100.32	50.04	35.78	89.11	106.68	70.77	24.41	26.0	70.26	70.88	66.24	31.11	47.71	33.29	46.69	72.47	47.54	60.46	34.71	90.87	83.22	35.44	84.93	15.81	44.38	48.01	57.56	53.71	45.62	42.58
7	12.17	48.0	16.0	65.79	31.3	50.0	31.62	0.0	45.69	55.03	46.69	22.0	51.61	44.72	35.44	44.94	76.03	55.03	60.53	18.44	42.05	69.57	40.0	6.32	62.13	75.18	40.5	39.85	27.2	45.61	56.64	40.45	5.66	46.17	12.81	33.29	41.04	36.06	57.27	55.36	60.08	61.85	22.63	67.42	35.36	18.38	16.4	40.46	22.47	15.13	19.42
8	56.32	18.97	42.05	44.72	72.47	75.29	76.94	45.69	0.0	74.0	81.22	66.48	61.19	84.9	35.78	34.0	65.15	92.2	31.62	43.86	74.4	24.33	67.47	41.18	29.73	30.0	25.61	77.79	68.73	30.07	56.0	42.19	48.08	68.03	50.64	60.83	15.62	52.8	72.28	92.85	15.03	44.6	58.03	56.04	76.69	35.36	30.08	45.35	23.26	31.38	38.95
9	61.77	60.03	70.34	53.25	40.0	103.77	55.61	55.03	74.0	0.0	26.68	65.6	15.62	39.85	86.37	43.27	44.72	36.0	60.83	38.47	22.36	88.2	93.91	51.42	65.12	100.24	86.09	33.11	74.4	47.71	27.78	92.78	60.17	8.94	67.23	87.73	80.89	22.09	6.0	37.0	81.01	48.01	76.03	42.15	40.82	45.01	62.2	29.07	60.07	54.08	41.05
10	48.17	72.47	62.51	74.0	18.97	88.77	33.29	46.69	81.22	26.68	0.0	48.08	38.21	13.42	82.0	58.31	70.03	11.66	77.9	37.74	7.21	100.5	79.62	46.17	81.63	110.45	85.44	8.94	56.92	62.13	50.64	87.13	50.16	22.09	56.0	74.67	83.19	32.25	32.56	12.53	91.92	68.62	62.51	65.76	17.49	46.32	59.81	43.83	61.29	53.23	42.44
11	10.2	70.0	27.2	86.83	29.12	40.79	18.44	22.0	66.48	65.6	48.08	0.0	66.84	40.05	46.69	65.97	94.83	52.15	82.39	36.77	46.52	90.71	32.06	28.07	84.1	95.08	55.61	39.29	8.94	67.08	74.43	48.83	18.44	56.85	17.2	28.28	59.06	51.61	69.43	52.09	81.25	82.57	17.09	86.82	31.4	39.62	36.4	59.03	43.74	37.05	39.56
12	60.83	45.69	65.3	37.74	46.17	101.61	60.93	51.61	61.19	15.62	38.21	66.84	0.0	50.04	78.59	28.64	32.06	49.03	45.34	33.29	32.0	73.43	91.61	46.65	49.68	85.91	76.42	42.19	75.07	33.11	12.65	85.44	57.2	16.12	64.4	84.88	70.0	15.62	11.66	50.01	66.71	32.45	74.03	27.66	48.27	37.34	54.71	16.03	50.8	46.49	34.01
13	42.76	78.89	59.46	83.95	13.42	80.62	22.8	44.72	84.9	39.85	13.42	40.05	50.04	0.0	79.85	66.48	82.1	12.17	86.16	41.23	18.11	106.02	72.11	46.04	89.55	114.77	85.09	8.25	48.37	69.86	62.03	84.12	46.82	34.23	51.42	68.03	84.4	41.23	45.61	12.04	97.01	78.64	56.14	77.1	9.49	49.58	59.91	52.89	63.13	54.67	46.23
14	38.83	50.99	20.59	76.42	66.48	40.45	63.25	35.44	35.78	86.37	82.0	46.69	78.59	79.85	0.0	59.36	93.74	90.44	65.3	48.04	76.94	57.27	34.06	36.22	64.4	56.04	12.0	75.29	44.41	57.2	78.79	7.21	33.11	78.1	30.0	28.64	20.88	64.78	87.13	90.76	49.34	74.65	31.62	84.31	70.38	41.59	24.19	63.57	28.23	32.39	45.4
15	56.92	17.09	52.8	20.88	57.27	91.21	68.03	44.94	34.0	43.27	58.31	65.97	28.64	66.48	59.36	0.0	34.41	69.97	19.7	30.07	51.11	44.94	81.61	38.63	23.32	57.27	53.85	58.31	72.11	4.47	22.0	66.57	50.16	39.6	56.36	74.4	45.61	26.08	40.25	70.83	38.08	17.0	66.24	25.0	60.88	26.57	38.95	14.87	31.89	32.45	26.48
16	87.13	46.17	86.28	22.0	77.67	124.58	91.76	76.03	65.15	44.72	70.03	94.83	32.06	82.1	93.74	34.41	0.0	80.4	36.06	58.31	64.03	66.12	114.77	70.0	40.0	80.1	87.66	74.24	102.22	36.72	20.88	100.96	81.61	48.0	88.41	107.63	78.79	44.27	38.83	81.39	63.2	20.62	98.41	9.43	80.06	58.26	72.92	35.85	66.22	65.76	56.61
17	54.33	84.02	70.34	85.44	24.33	92.78	34.93	55.03	92.2	36.0	11.66	52.15	49.03	12.17	90.44	69.97	80.4	0.0	89.55	48.41	18.87	111.95	84.21	55.46	93.3	121.66	94.85	15.23	60.53	73.78	61.61	95.08	57.72	32.98	62.8	80.0	93.3	43.91	42.0	1.0	103.28	80.06	68.03	76.69	21.02	57.01	69.32	55.47	71.56	63.29	53.26
18	72.69	14.42	64.62	14.14	76.66	102.0	86.58	60.53	31.62	60.83	77.9	82.39	45.34	86.16	65.3	19.7	36.06	89.55	0.0	48.37	70.71	30.59	93.04	54.33	4.47	44.41	56.64	78.0	87.48	16.49	34.99	72.25	65.12	58.41	70.34	85.91	46.86	45.65	56.85	90.43	27.17	16.28	79.7	28.16	80.36	43.01	50.33	34.13	42.15	46.1	44.1
19	28.84	38.63	32.31	50.64	29.53	68.41	38.21	18.44	43.86	38.47	37.74	36.77	33.29	41.23	48.04	30.07	58.31	48.41	48.37	0.0	31.3	64.9	58.41	13.42	50.99	73.59	49.03	33.94	43.91	32.06	38.42	54.33	24.08	30.07	31.24	51.61	45.69	17.89	39.85	49.04	55.8	46.1	41.04	50.09	33.62	8.6	24.02	22.47	23.77	16.28	5.0
20	45.12	65.3	58.03	67.05	18.44	86.65	33.94	42.05	74.4	22.36	7.21	46.52	32.0	18.11	76.94	51.11	64.03	18.87	70.71	31.3	0.0	93.38	77.2	40.79	74.43	103.48	79.7	10.77	55.46	54.92	44.18	82.39	46.04	16.12	52.35	71.81	76.97	25.06	27.86	19.72	84.86	61.68	59.67	59.3	18.6	39.82	54.12	36.67	55.04	47.17	35.85
21	80.52	28.43	66.27	44.18	94.34	97.67	100.32	69.57	24.33	88.2	100.5	90.71	73.43	106.02	57.27	44.94	66.12	111.95	30.59	64.9	93.38	0.0	90.55	64.62	26.31	14.0	45.61	98.41	93.06	40.5	64.62	62.64	72.28	84.02	74.97	84.21	36.5	69.43	85.09	112.7	9.49	46.87	82.22	58.69	98.48	56.94	54.34	59.41	47.13	54.78	59.91
22	32.31	78.79	28.84	101.55	60.83	10.0	50.04	40.0	67.47	93.91	79.62	32.06	91.61	72.11	34.06	81.61	114.77	84.21	93.04	58.41	77.2	90.55	0.0	45.34	93.23	90.09	46.04	71.02	24.08	80.99	96.21	31.05	34.41	84.97	27.2	7.21	54.15	76.03	96.75	84.15	82.04	98.47	17.89	105.76	63.39	56.59	43.05	79.93	51.0	49.2	58.73
23	18.44	42.05	18.97	59.46	32.8	55.32	35.78	6.32	41.18	51.42	46.17	28.07	46.65	46.04	36.22	38.63	70.0	55.46	54.33	13.42	40.79	64.62	45.34	0.0	56.04	71.02	39.4	40.25	33.53	39.29	50.91	42.0	11.66	42.76	18.44	38.42	38.42	31.3	53.14	55.9	55.15	55.54	28.43	61.29	37.01	12.08	13.89	34.66	18.03	9.85	13.45
24	74.24	14.56	65.15	18.0	79.7	101.98	89.11	62.13	29.73	65.12	81.63	84.1	49.68	89.55	64.4	23.32	40.0	93.3	4.47	50.99	74.43	26.31	93.23	56.04	0.0	40.2	55.17	81.44	88.81	19.7	39.45	71.22	66.48	62.48	71.39	86.16	45.25	49.4	61.22	94.15	23.54	20.62	80.52	32.39	83.49	45.1	50.96	38.01	42.72	47.38	46.53
25	85.09	40.25	68.96	58.14	102.45	96.08	106.68	75.18	30.0	100.24	110.45	95.08	85.91	114.77	56.04	57.27	80.1	121.66	44.41	73.59	103.48	14.0	90.09	71.02	40.2	0.0	44.05	107.52	96.17	52.8	77.79	60.13	76.97	95.41	78.43	84.38	36.88	80.45	97.51	122.35	19.24	60.67	84.4	72.56	106.67	65.19	59.03	71.2	53.0	61.29	68.62
26	46.69	42.8	28.43	68.82	71.69	52.35	70.77	40.5	25.61	86.09	85.44	55.61	76.42	85.09	12.0	53.85	87.66	94.85	56.64	49.03	79.7	45.61	46.04	39.4	55.17	44.05	0.0	79.62	54.59	50.99	74.73	17.09	39.7	78.41	38.42	40.45	10.0	64.03	86.02	95.27	38.08	67.74	42.05	78.26	75.8	41.3	25.63	60.67	26.02	32.76	45.4
27	40.0	71.02	55.32	75.71	10.2	80.05	24.41	39.85	77.79	33.11	8.94	39.29	42.19	8.25	75.29	58.31	74.24	15.23	78.0	33.94	10.77	98.41	71.02	40.25	81.44	107.52	79.62	0.0	48.08	61.74	54.0	80.05	42.76	26.68	48.17	66.27	78.23	32.98	38.63	15.65	89.5	70.41	54.15	69.03	8.6	42.45	54.12	44.64	56.61	48.26	38.9
28	15.23	74.43	27.2	92.97	37.95	32.25	26.0	27.2	68.73	74.4	56.92	8.94	75.07	48.37	44.41	72.11	102.22	60.53	87.48	43.91	55.46	93.06	24.08	33.53	88.81	96.17	54.59	48.08	0.0	72.8	82.1	45.25	22.36	65.6	18.11	21.54	59.46	59.67	78.1	60.41	83.73	88.96	12.81	93.94	40.02	45.54	39.05	66.37	47.0	41.44	46.1
29	57.72	12.65	52.15	20.59	60.17	90.44	70.26	45.61	30.07	47.71	62.13	67.08	33.11	69.86	57.2	4.47	36.72	73.78	16.49	32.06	54.92	40.5	80.99	39.29	19.7	52.8	50.99	61.74	72.8	0.0	26.08	64.4	50.6	43.86	56.46	73.78	42.38	30.0	44.72	74.63	33.62	17.69	66.21	27.29	63.89	27.46	38.01	19.1	30.48	32.2	28.02
30	67.2	38.47	68.41	25.61	56.89	106.15	70.88	56.64	56.0	27.78	50.64	74.43	12.65	62.03	78.79	22.0	20.88	61.61	34.99	38.42	44.18	64.62	96.21	50.91	39.45	77.79	74.73	54.0	82.1	26.08	0.0	85.91	62.29	28.64	69.31	89.2	67.08	23.41	22.8	62.59	58.94	20.52	79.25	15.13	59.41	39.82	56.08	16.28	50.57	48.26	37.48
31	42.05	58.0	24.74	83.55	70.88	36.0	66.24	40.45	42.19	92.78	87.13	48.83	85.44	84.12	7.21	66.57	100.96	95.08	72.25	54.33	82.39	62.64	31.05	42.0	71.22	60.13	17.09	80.05	45.25	64.4	85.91	0.0	37.36	84.38	33.11	26.83	26.83	71.39	93.74	95.34	55.15	81.84	32.56	91.53	74.63	48.27	30.81	70.58	35.34	39.05	51.97
32	8.25	52.15	12.65	70.94	33.53	44.41	31.11	5.66	48.08	60.17	50.16	18.44	57.2	46.82	33.11	50.16	81.61	57.72	65.12	24.08	46.04	72.28	34.41	11.66	66.48	76.97	39.7	42.76	22.36	50.6	62.29	37.36	0.0	51.26	7.21	27.78	41.62	41.62	62.61	57.97	62.82	67.12	16.97	72.95	37.34	23.71	18.03	46.1	25.32	19.1	25.0
33	52.84	55.61	61.61	52.8	32.25	94.83	47.71	46.17	68.03	8.94	22.09	56.85	16.12	34.23	78.1	39.6	48.0	32.98	58.41	30.07	16.12	84.02	84.97	42.76	62.48	95.41	78.41	26.68	65.6	43.86	28.64	84.38	51.26	0.0	58.31	78.79	73.76	15.23	12.81	33.96	76.28	47.42	67.08	43.74	33.62	37.12	54.01	24.76	52.47	46.01	33.06
34	8.94	56.89	10.0	76.97	38.47	37.2	33.29	12.81	50.64	67.23	56.0	17.2	64.4	51.42	30.0	56.36	88.41	62.8	70.34	31.24	52.35	74.97	27.2	18.44	71.39	78.43	38.42	48.17	18.11	56.46	69.31	33.11	7.21	58.31	0.0	20.59	42.05	48.83	69.77	62.97	65.62	73.36	10.0	79.63	41.98	30.23	21.0	53.08	29.07	24.35	31.89
35	26.68	71.69	21.63	94.34	56.14	16.97	46.69	33.29	60.83	87.73	74.67	28.28	84.88	68.03	28.64	74.4	107.63	80.0	85.91	51.61	71.81	84.21	7.21	38.42	86.16	84.38	40.45	66.27	21.54	73.78	89.2	26.83	27.78	78.79	20.59	0.0	48.0	69.34	90.35	80.01	75.54	91.26	12.17	98.6	59.01	49.5	35.85	72.92	43.83	42.01	51.74
36	49.4	33.29	32.31	59.36	71.22	61.19	72.47	41.04	15.62	80.89	83.19	59.06	70.0	84.4	20.88	45.61	78.79	93.3	46.86	45.69	76.97	36.5	54.15	38.42	45.25	36.88	10.0	78.23	59.46	42.38	67.08	26.83	41.62	73.76	42.05	48.0	0.0	58.86	80.22	93.81	28.46	58.59	47.54	69.46	75.43	37.34	24.76	54.01	21.93	30.02	41.44
37	45.25	41.04	50.16	42.76	34.06	86.02	47.54	36.06	52.8	22.09	32.25	51.61	15.62	41.23	64.78	26.08	44.27	43.91	45.65	17.89	25.06	69.43	76.03	31.3	49.4	80.45	64.03	32.98	59.67	30.0	23.41	71.39	41.62	15.23	48.83	69.34	58.86	0.0	22.36	44.78	61.4	37.48	58.41	37.48	37.01	23.19	40.61	11.7	38.01	32.39	19.42
38	64.9	57.27	72.11	48.41	44.94	106.68	60.46	57.27	72.28	6.0	32.56	69.43	11.66	45.61	87.13	40.25	38.83	42.0	56.85	39.85	27.86	85.09	96.75	53.14	61.22	97.51	86.02	38.63	78.1	44.72	22.8	93.74	62.61	12.81	69.77	90.35	80.22	22.36	0.0	43.0	78.29	43.28	78.89	36.67	46.07	45.54	62.97	26.93	60.07	54.74	41.77
39	54.45	84.81	70.6	86.38	24.52	92.66	34.71	55.36	92.85	37.0	12.53	52.09	50.01	12.04	90.76	70.83	81.39	1.0	90.43	49.04	19.72	112.7	84.15	55.9	94.15	122.35	95.27	15.65	60.41	74.63	62.59	95.34	57.97	33.96	62.97	80.01	93.81	44.78	43.0	0.0	104.0	80.99	68.07	77.67	21.1	57.63	69.77	56.36	72.11	63.81	53.91
40	71.06	21.02	57.08	41.3	85.15	89.5	90.87	60.08	15.03	81.01	91.92	81.25	66.71	97.01	49.34	38.08	63.2	103.28	27.17	55.8	84.86	9.49	82.04	55.15	23.54	19.24	38.08	89.5	83.73	33.62	58.94	55.15	62.82	76.28	65.62	75.54	28.46	61.4	78.29	104.0	0.0	43.0	73.06	55.0	89.31	47.71	44.91	51.97	37.64	45.31	50.8
41	73.74	25.63	69.63	5.39	71.11	108.0	83.22	61.85	44.6	48.01	68.62	82.57	32.45	78.64	74.65	17.0	20.62	80.06	16.28	46.1	61.68	46.87	98.47	55.54	20.62	60.67	67.74	70.41	88.96	17.69	20.52	81.84	67.12	47.42	73.36	91.26	58.59	37.48	43.28	80.99	43.0	0.0	83.24	12.0	74.33	43.46	55.61	26.08	48.17	49.4	43.01
42	14.56	65.97	16.0	86.76	44.05	27.78	35.44	22.63	58.03	76.03	62.51	17.09	74.03	56.14	31.62	66.24	98.41	68.03	79.7	41.04	59.67	82.22	17.89	28.43	80.52	84.4	42.05	54.15	12.81	66.21	79.25	32.56	16.97	67.08	10.0	12.17	47.54	58.41	78.89	68.07	73.06	83.24	0.0	89.63	47.01	40.22	29.61	63.03	37.85	34.01	41.87
43	78.77	37.11	77.16	14.87	71.45	115.52	84.93	67.42	56.04	42.15	65.76	86.82	27.66	77.1	84.31	25.0	9.43	76.69	28.16	50.09	59.3	58.69	105.76	61.29	32.39	72.56	78.26	69.03	93.94	27.29	15.13	91.53	72.95	43.74	79.63	98.6	69.46	37.48	36.67	77.67	55.0	12.0	89.63	0.0	74.17	49.41	63.66	27.86	56.85	56.64	48.02
44	33.38	72.01	49.98	79.51	4.24	72.18	15.81	35.36	76.69	40.82	17.49	31.4	48.27	9.49	70.38	60.88	80.06	21.02	80.36	33.62	18.6	98.48	63.39	37.01	83.49	106.67	75.8	8.6	40.02	63.89	59.41	74.63	37.34	33.62	41.98	59.01	75.43	37.01	46.07	21.1	89.31	74.33	47.01	74.17	0.0	41.62	50.8	48.26	54.45	45.97	38.59
45	30.36	31.78	28.6	47.43	37.44	66.47	44.38	18.38	35.36	45.01	46.32	39.62	37.34	49.58	41.59	26.57	58.26	57.01	43.01	8.6	39.82	56.94	56.59	12.08	45.1	65.19	41.3	42.45	45.54	27.46	39.82	48.27	23.71	37.12	30.23	49.5	37.34	23.19	45.54	57.63	47.71	43.46	40.22	49.41	41.62	0.0	17.46	23.6	15.52	9.22	4.12
46	26.25	36.4	14.32	58.52	46.62	52.43	48.01	16.4	30.08	62.2	59.81	36.4	54.71	59.91	24.19	38.95	72.92	69.32	50.33	24.02	54.12	54.34	43.05	13.89	50.96	59.03	25.63	54.12	39.05	38.01	56.08	30.81	18.03	54.01	21.0	35.85	24.76	40.61	62.97	69.77	44.91	55.61	29.61	63.66	50.8	17.46	0.0	40.25	8.25	8.25	21.21
47	51.31	31.06	52.2	31.26	45.04	89.87	57.56	40.46	45.35	29.07	43.83	59.03	16.03	52.89	63.57	14.87	35.85	55.47	34.13	22.47	36.67	59.41	79.93	34.66	38.01	71.2	60.67	44.64	66.37	19.1	16.28	70.58	46.1	24.76	53.08	72.92	54.01	11.7	26.93	56.36	51.97	26.08	63.03	27.86	48.26	23.6	40.25	0.0	35.44	32.25	21.21
48	33.54	28.16	22.47	50.8	50.21	60.21	53.71	22.47	23.26	60.07	61.29	43.74	50.8	63.13	28.23	31.89	66.22	71.56	42.15	23.77	55.04	47.13	51.0	18.03	42.72	53.0	26.02	56.61	47.0	30.48	50.57	35.34	25.32	52.47	29.07	43.83	21.93	38.01	60.07	72.11	37.64	48.17	37.85	56.85	54.45	15.52	8.25	35.44	0.0	8.49	19.65
49	27.0	33.06	20.52	52.77	41.73	58.9	45.62	15.13	31.38	54.08	53.23	37.05	46.49	54.67	32.39	32.45	65.76	63.29	46.1	16.28	47.17	54.78	49.2	9.85	47.38	61.29	32.76	48.26	41.44	32.2	48.26	39.05	19.1	46.01	24.35	42.01	30.02	32.39	54.74	63.81	45.31	49.4	34.01	56.64	45.97	9.22	8.25	32.25	8.49	0.0	13.04
50	30.87	33.84	31.38	47.3	34.48	68.68	42.58	19.42	38.95	41.05	42.44	39.56	34.01	46.23	45.4	26.48	56.61	53.26	44.1	5.0	35.85	59.91	58.73	13.45	46.53	68.62	45.4	38.9	46.1	28.02	37.48	51.97	25.0	33.06	31.89	51.74	41.44	19.42	41.77	53.91	50.8	43.01	41.87	48.02	38.59	4.12	21.21	21.21	19.65	13.04	0.0
;
