vehicles
vehicle_idx, capacity, cost_per_unit_distance
1,100,1
2,100,1
3,100,1
4,100,1
5,100,1
6,100,1
7,100,1
depot
node_idx,x,y
0,61,99
home delivery customers
node_idx,x,y,service_time,demand
1,55,23,10,12
2,87,79,10,5
3,17,35,10,14
4,39,99,10,18
5,75,77,10,7
6,79,81,10,20
7,45,5,10,19
8,63,25,10,26
9,47,77,10,16
10,41,13,10,12
11,67,75,10,14
12,45,5,10,20
13,83,7,10,15
14,81,61,10,2
15,17,13,10,6
16,7,25,10,21
self pickup customers
node_idx,x,y,service_time,demand,locker_idxs
17,95,7,10,14,47-50
18,75,63,10,1,56
19,65,61,10,13,56-54
20,89,43,10,24,47
21,93,33,10,17,47
22,39,45,10,22,55
23,89,33,10,8,47-50
24,29,19,10,20,46
25,13,65,10,12,48
26,63,9,10,20,50
27,49,77,10,17,54
28,93,89,10,10,49
29,89,27,10,11,47-50
30,35,35,10,24,55-53-51
flexible customers
node_idx,x,y,service_time,demand,locker_idxs
31,45,87,10,1,54-45-48
32,15,47,10,16,55
33,39,75,10,23,54
34,29,71,10,6,48
35,73,35,10,20,57-50
36,49,37,10,8,51-53-57
37,85,31,10,21,47-50
38,89,71,10,8,56
39,93,69,10,13,56
40,49,69,10,3,54-51
41,33,9,10,22,55-46
42,41,27,10,25,55-53-57-46
43,57,81,10,19,52-56-54-45
44,57,81,10,9,54-52-56-45
lockers
node_idx,x,y,service_time,capacity,cost_per_unit_good
45,65,88,10,94
46,25,15,10,81
47,93,12,10,92
48,22,88,10,99
49,77,88,10,79
50,72,14,10,87
51,47,48,10,97
52,65,100,10,82
53,49,32,10,93
54,48,76,10,72
55,23,31,10,86
56,75,74,10,82
57,62,32,10,100
mrt lines
start_node_idx,end_node_idx,freight_capacity,cost_per_unit_good
distance matrix
,0,1,2,3,4,5,6,7,8,9,10,11,12,13,14,15,16,17,18,19,20,21,22,23,24,25,26,27,28,29,30,31,32,33,34,35,36,37,38,39,40,41,42,43,44,45,46,47,48,49,50,51,52,53,54,55,56,57,
0,0.0,76.24,32.8,77.67,22.0,26.08,25.46,95.35,74.03,26.08,88.29,24.74,95.35,94.59,42.94,96.6,91.61,98.08,38.63,38.21,62.61,73.35,58.31,71.69,86.16,58.82,90.02,25.06,33.53,77.25,69.08,20.0,69.43,32.56,42.52,65.12,63.15,72.11,39.6,43.86,32.31,94.25,74.73,18.44,18.44,11.7,91.39,92.7,40.52,19.42,85.71,52.89,4.12,68.07,26.42,77.9,28.65,67.01
1,76.24,0.0,64.5,39.85,77.67,57.58,62.77,20.59,8.25,54.59,17.2,53.37,20.59,32.25,46.04,39.29,48.04,43.08,44.72,39.29,39.45,39.29,27.2,35.44,26.31,59.4,16.12,54.33,76.16,34.23,23.32,64.78,46.65,54.41,54.59,21.63,15.23,31.05,58.82,59.67,46.39,26.08,14.56,58.03,58.03,65.76,31.05,39.56,72.9,68.62,19.24,26.25,77.65,10.82,53.46,32.98,54.78,11.4
2,32.8,64.5,0.0,82.68,52.0,12.17,8.25,85.09,59.09,40.05,80.45,20.4,85.09,72.11,18.97,96.21,96.52,72.44,20.0,28.43,36.06,46.39,58.82,46.04,83.45,75.31,74.0,38.05,11.66,52.04,68.12,42.76,78.79,48.17,58.55,46.17,56.64,48.04,8.25,11.66,39.29,88.41,69.43,30.07,30.07,23.77,89.11,67.27,65.62,13.45,66.71,50.61,30.41,60.44,39.12,80.0,13.0,53.24
3,77.67,39.85,82.68,0.0,67.68,71.61,77.2,41.04,47.07,51.61,32.56,64.03,41.04,71.69,69.08,22.0,14.14,82.87,64.4,54.59,72.44,76.03,24.17,72.03,20.0,30.27,52.84,52.8,93.23,72.44,18.0,59.06,12.17,45.65,37.95,56.0,32.06,68.12,80.5,83.26,46.69,30.53,25.3,60.96,60.96,71.51,21.54,79.4,53.24,80.06,58.87,32.7,80.8,32.14,51.4,7.21,69.89,45.1
4,22.0,77.67,52.0,67.68,0.0,42.19,43.86,94.19,77.79,23.41,86.02,36.88,94.19,101.98,56.64,88.77,80.62,107.7,50.91,46.04,75.07,85.28,54.0,82.8,80.62,42.8,93.15,24.17,54.92,87.66,64.12,13.42,57.27,24.0,29.73,72.47,62.8,82.1,57.31,61.77,31.62,90.2,72.03,25.46,25.46,28.23,85.16,102.4,20.25,39.56,91.18,51.62,26.02,67.74,24.7,69.86,43.83,70.84
5,26.08,57.58,12.17,71.61,42.19,0.0,5.66,78.0,53.37,28.0,72.47,8.25,78.0,70.46,17.09,86.37,85.6,72.8,14.0,18.87,36.77,47.54,48.17,46.17,74.03,63.15,69.05,26.0,21.63,51.92,58.0,31.62,67.08,36.06,46.39,42.05,47.71,47.07,15.23,19.7,27.2,79.92,60.46,18.44,18.44,14.87,79.65,67.45,54.13,11.18,63.07,40.31,25.08,51.97,27.02,69.43,3.0,46.84
6,25.46,62.77,8.25,77.2,43.86,5.66,0.0,83.26,58.24,32.25,77.9,13.42,83.26,74.11,20.1,92.02,91.21,75.71,18.44,24.41,39.29,50.0,53.81,49.03,79.65,67.91,73.76,30.27,16.12,54.92,63.66,34.53,72.47,40.45,50.99,46.39,53.25,50.36,14.14,18.44,32.31,85.44,66.03,22.0,22.0,15.65,85.28,70.41,57.43,7.28,67.36,45.97,23.6,57.45,31.4,75.07,8.06,51.87
7,95.35,20.59,85.09,41.04,94.19,78.0,83.26,0.0,26.91,72.03,8.94,73.38,0.0,38.05,66.57,29.12,42.94,50.04,65.3,59.46,58.14,55.57,40.45,52.15,21.26,68.0,18.44,72.11,96.75,49.19,31.62,82.0,51.61,70.26,67.91,41.04,32.25,47.71,79.32,80.0,64.12,12.65,22.36,76.94,76.94,85.38,22.36,48.51,86.13,88.96,28.46,43.05,97.08,27.29,71.06,34.06,75.24,31.91
8,74.03,8.25,59.09,47.07,77.79,53.37,58.24,26.91,0.0,54.41,25.06,50.16,26.91,26.91,40.25,47.54,56.0,36.72,39.85,36.06,31.62,31.05,31.24,27.2,34.53,64.03,16.0,53.85,70.68,26.08,29.73,64.56,52.8,55.46,57.2,14.14,18.44,22.8,52.84,53.25,46.17,34.0,22.09,56.32,56.32,63.03,39.29,32.7,75.17,64.54,14.21,28.02,75.03,15.65,53.16,40.45,50.45,7.07
9,26.08,54.59,40.05,51.61,23.41,28.0,32.25,72.03,54.41,0.0,64.28,20.1,72.03,78.71,37.58,70.68,65.6,84.88,31.3,24.08,54.04,63.66,32.98,60.83,60.73,36.06,69.86,2.0,47.54,65.3,43.68,10.2,43.86,8.25,18.97,49.4,40.05,59.67,42.43,46.69,8.25,69.43,50.36,10.77,10.77,21.1,65.79,79.63,27.31,31.95,67.78,29.0,29.21,45.04,1.41,51.88,28.16,47.43
10,88.29,17.2,80.45,32.56,86.02,72.47,77.9,8.94,25.06,64.28,0.0,67.23,8.94,42.43,62.48,24.0,36.06,54.33,60.46,53.67,56.6,55.71,32.06,52.0,13.42,59.06,22.36,64.5,92.09,50.0,22.8,74.11,42.8,62.03,59.23,38.83,25.3,47.54,75.29,76.42,56.57,8.94,14.0,69.86,69.86,78.75,16.12,52.01,77.37,83.19,31.02,35.51,90.25,20.62,63.39,25.46,69.84,28.32
11,24.74,53.37,20.4,64.03,36.88,8.25,13.42,73.38,50.16,20.1,67.23,0.0,73.38,69.86,19.8,79.65,78.1,73.54,14.42,14.14,38.83,49.4,41.04,47.41,67.68,54.92,66.12,18.11,29.53,52.8,51.22,25.06,59.06,28.0,38.21,40.45,42.05,47.54,22.36,26.68,18.97,74.24,54.59,11.66,11.66,13.15,73.24,68.15,46.84,16.4,61.2,33.6,25.08,46.62,19.03,62.23,8.06,43.29
12,95.35,20.59,85.09,41.04,94.19,78.0,83.26,0.0,26.91,72.03,8.94,73.38,0.0,38.05,66.57,29.12,42.94,50.04,65.3,59.46,58.14,55.57,40.45,52.15,21.26,68.0,18.44,72.11,96.75,49.19,31.62,82.0,51.61,70.26,67.91,41.04,32.25,47.71,79.32,80.0,64.12,12.65,22.36,76.94,76.94,85.38,22.36,48.51,86.13,88.96,28.46,43.05,97.08,27.29,71.06,34.06,75.24,31.91
13,94.59,32.25,72.11,71.69,101.98,70.46,74.11,38.05,26.91,78.71,42.43,69.86,38.05,0.0,54.04,66.27,78.1,12.0,56.57,56.92,36.5,27.86,58.14,26.68,55.32,90.91,20.1,77.82,82.61,20.88,55.57,88.57,78.89,80.99,83.74,29.73,45.34,24.08,64.28,62.8,70.71,50.04,46.52,78.43,78.43,82.98,58.55,11.18,101.4,81.22,13.04,54.56,94.73,42.2,77.37,64.62,67.48,32.65
14,42.94,46.04,18.97,69.08,56.64,17.09,20.1,66.57,40.25,37.58,62.48,19.8,66.57,54.04,0.0,80.0,82.29,55.79,6.32,16.0,19.7,30.46,44.94,29.12,66.84,68.12,55.03,35.78,30.46,34.93,52.84,44.41,67.47,44.27,52.95,27.2,40.0,30.27,12.81,14.42,32.98,70.77,52.5,31.24,31.24,31.38,72.47,50.45,64.88,27.29,47.85,36.4,42.15,43.19,36.25,65.3,14.32,34.67
15,96.6,39.29,96.21,22.0,88.77,86.37,92.02,29.12,47.54,70.68,24.0,79.65,29.12,66.27,80.0,0.0,15.62,78.23,76.58,67.88,78.0,78.59,38.83,74.73,13.42,52.15,46.17,71.55,107.48,73.35,28.43,79.12,34.06,65.79,59.23,60.17,40.0,70.34,92.46,94.4,64.5,16.49,27.78,78.89,78.89,89.04,8.25,76.01,75.17,96.05,55.01,46.1,99.36,37.22,70.21,18.97,84.17,48.85
16,91.61,48.04,96.52,14.14,80.62,85.6,91.21,42.94,56.0,65.6,36.06,78.1,42.94,78.1,82.29,15.62,0.0,89.82,77.9,68.26,83.95,86.37,37.74,82.39,22.8,40.45,58.24,66.84,107.2,82.02,29.73,72.72,23.41,59.36,50.99,66.75,43.68,78.23,94.02,96.6,60.83,30.53,34.06,75.07,75.07,85.63,20.59,86.98,64.76,94.18,65.92,46.14,94.81,42.58,65.44,17.09,83.82,55.44
17,98.08,43.08,72.44,82.87,107.7,72.8,75.71,50.04,36.72,84.88,54.33,73.54,50.04,12.0,55.79,78.23,89.82,0.0,59.46,61.77,36.5,26.08,67.68,26.68,67.08,100.44,32.06,83.76,82.02,20.88,66.21,94.34,89.44,88.09,91.93,35.61,54.92,26.0,64.28,62.03,77.2,62.03,57.58,83.19,83.19,86.38,70.46,5.39,109.04,82.98,24.04,63.13,97.72,52.35,83.49,75.89,69.92,41.4
18,38.63,44.72,20.0,64.4,50.91,14.0,18.44,65.3,39.85,31.3,60.46,14.42,65.3,56.57,6.32,76.58,77.9,59.46,0.0,10.2,24.41,34.99,40.25,33.11,63.66,62.03,55.32,29.53,31.62,38.63,48.83,38.42,62.1,37.95,46.69,28.07,36.77,33.53,16.12,18.97,26.68,68.41,49.52,25.46,25.46,26.93,69.31,54.08,58.6,25.08,49.09,31.76,38.33,40.46,29.97,61.06,11.0,33.62
19,38.21,39.29,28.43,54.59,46.04,18.87,24.41,59.46,36.06,24.08,53.67,14.14,59.46,56.92,16.0,67.88,68.26,61.77,10.2,0.0,30.0,39.6,30.53,36.88,55.32,52.15,52.04,22.63,39.6,41.62,39.7,32.8,51.92,29.53,37.36,27.2,28.84,36.06,26.0,29.12,17.89,61.06,41.62,21.54,21.54,27.0,60.96,56.44,50.77,29.55,47.52,22.2,39.0,33.12,22.67,51.61,16.4,29.15
20,62.61,39.45,36.06,72.44,75.07,36.77,39.29,58.14,31.62,54.04,56.6,38.83,58.14,36.5,19.7,78.0,83.95,36.5,24.41,30.0,0.0,10.77,50.04,10.0,64.62,79.12,42.8,52.5,46.17,16.0,54.59,62.23,74.11,59.36,66.21,17.89,40.45,12.65,28.0,26.31,47.71,65.51,50.6,49.68,49.68,51.0,69.86,31.26,80.71,46.57,33.62,42.3,61.85,41.48,52.63,67.08,34.01,29.15
21,73.35,39.29,46.39,76.03,85.28,47.54,50.0,55.57,31.05,63.66,55.71,49.4,55.57,27.86,30.46,78.59,86.37,26.08,34.99,39.6,10.77,0.0,55.32,4.0,65.51,86.16,38.42,62.23,56.0,7.21,58.03,72.25,79.25,68.41,74.43,20.1,44.18,8.25,38.21,36.0,56.85,64.62,52.35,60.0,60.0,61.72,70.34,21.0,89.81,57.28,28.32,48.38,72.62,44.01,62.24,70.03,44.78,31.02
22,58.31,27.2,58.82,24.17,54.0,48.17,53.81,40.45,31.24,32.98,32.06,41.04,40.45,58.14,44.94,38.83,37.74,67.68,40.25,30.53,50.04,55.32,0.0,51.42,27.86,32.8,43.27,33.53,69.66,53.14,10.77,42.43,24.08,30.0,27.86,35.44,12.81,48.08,56.36,59.09,26.0,36.5,18.11,40.25,40.25,50.25,33.11,63.29,46.24,57.38,45.28,8.54,60.84,16.4,32.28,21.26,46.23,26.42
23,71.69,35.44,46.04,72.03,82.8,46.17,49.03,52.15,27.2,60.83,52.0,47.41,52.15,26.68,29.12,74.73,82.39,26.68,33.11,36.88,10.0,4.0,51.42,0.0,61.61,82.46,35.38,59.46,56.14,6.0,54.04,69.66,75.31,65.3,71.02,16.12,40.2,4.47,38.0,36.22,53.81,60.93,48.37,57.69,57.69,60.01,66.48,21.38,86.68,56.29,25.5,44.6,71.17,40.01,59.41,66.03,43.32,27.02
24,86.16,26.31,83.45,20.0,80.62,74.03,79.65,21.26,34.53,60.73,13.42,67.68,21.26,55.32,66.84,13.42,22.8,67.08,63.66,55.32,64.62,65.51,27.86,61.61,0.0,48.7,35.44,61.35,94.85,60.53,17.09,69.86,31.3,56.89,52.0,46.82,26.91,57.27,79.4,81.22,53.85,10.77,14.42,68.03,68.03,77.83,5.66,64.38,69.35,84.05,43.29,34.13,88.64,23.85,60.08,13.42,71.7,35.47
25,58.82,59.4,75.31,30.27,42.8,63.15,67.91,68.0,64.03,36.06,59.06,54.92,68.0,90.91,68.12,52.15,40.45,100.44,62.03,52.15,79.12,86.16,32.8,82.46,48.7,0.0,75.07,37.95,83.52,84.97,37.2,38.83,18.11,27.86,17.09,67.08,45.61,79.62,76.24,80.1,36.22,59.46,47.2,46.82,46.82,56.86,51.42,95.96,24.7,68.01,77.99,38.01,62.68,48.84,36.69,35.44,62.65,59.08
26,90.02,16.12,74.0,52.84,93.15,69.05,73.76,18.44,16.0,69.86,22.36,66.12,18.44,20.1,55.03,46.17,58.24,32.06,55.32,52.04,42.8,38.42,43.27,35.38,35.44,75.07,0.0,69.43,85.44,31.62,38.21,80.05,61.22,70.23,70.71,27.86,31.3,31.11,67.23,67.08,61.61,30.0,28.43,72.25,72.25,79.03,38.47,30.15,89.01,80.23,10.3,42.15,91.02,26.93,68.66,45.65,66.1,23.02
27,25.06,54.33,38.05,52.8,24.17,26.0,30.27,72.11,53.85,2.0,64.5,18.11,72.11,77.82,35.78,71.55,66.84,83.76,29.53,22.63,52.5,62.23,33.53,59.46,61.35,37.95,69.43,0.0,45.61,64.03,44.27,10.77,45.34,10.2,20.88,48.37,40.0,58.41,40.45,44.72,8.0,69.86,50.64,8.94,8.94,19.42,66.48,78.49,29.15,30.08,67.07,29.07,28.02,45.0,1.41,52.84,26.17,46.84
28,33.53,76.16,11.66,93.23,54.92,21.63,16.12,96.75,70.68,47.54,92.09,29.53,96.75,82.61,30.46,107.48,107.2,82.02,31.62,39.6,46.17,56.0,69.66,56.14,94.85,83.52,85.44,45.61,0.0,62.13,79.25,48.04,88.59,55.79,66.48,57.58,68.12,58.55,18.44,20.0,48.33,100.0,80.92,36.88,36.88,28.02,100.5,77.0,71.01,16.03,77.88,61.62,30.08,72.01,46.84,90.91,23.43,64.88
29,77.25,34.23,52.04,72.44,87.66,51.92,54.92,49.19,26.08,65.3,50.0,52.8,49.19,20.88,34.93,73.35,82.02,20.88,38.63,41.62,16.0,7.21,53.14,6.0,60.53,84.97,31.62,64.03,62.13,0.0,54.59,74.4,76.66,69.31,74.4,17.89,41.23,5.66,44.0,42.19,58.0,58.82,48.0,62.77,62.77,65.55,65.12,15.52,90.61,62.17,21.4,46.96,76.84,40.31,63.89,66.12,49.04,27.46
30,69.08,23.32,68.12,18.0,64.12,58.0,63.66,31.62,29.73,43.68,22.8,51.22,31.62,55.57,52.84,28.43,29.73,66.21,48.83,39.7,54.59,58.03,10.77,54.04,17.09,37.2,38.21,44.27,79.25,54.59,0.0,52.95,23.32,40.2,36.5,38.0,14.14,50.16,64.9,67.23,36.77,26.08,10.0,50.99,50.99,60.9,22.36,62.39,54.57,67.62,42.54,17.69,71.59,14.32,43.01,12.65,55.87,27.17
31,20.0,64.78,42.76,59.06,13.42,31.62,34.53,82.0,64.56,10.2,74.11,25.06,82.0,88.57,44.41,79.12,72.72,94.34,38.42,32.8,62.23,72.25,42.43,69.66,69.86,38.83,80.05,10.77,48.04,74.4,52.95,0.0,50.0,13.42,22.63,59.06,50.16,68.82,46.82,51.26,18.44,78.92,60.13,13.42,13.42,20.02,74.73,89.04,23.02,32.02,77.83,39.05,23.85,55.15,11.4,60.17,32.7,57.57
32,69.43,46.65,78.79,12.17,57.27,67.08,72.47,51.61,52.8,43.86,42.8,59.06,51.61,78.89,67.47,34.06,23.41,89.44,62.1,51.92,74.11,79.25,24.08,75.31,31.3,18.11,61.22,45.34,88.59,76.66,23.32,50.0,0.0,36.88,27.78,59.23,35.44,71.81,77.79,81.04,40.5,42.05,32.8,54.04,54.04,64.66,33.53,85.49,41.59,74.33,65.86,32.02,72.86,37.16,43.93,17.89,65.8,49.34
33,32.56,54.41,48.17,45.65,24.0,36.06,40.45,70.26,55.46,8.25,62.03,28.0,70.26,80.99,44.27,65.79,59.36,88.09,37.95,29.53,59.36,68.41,30.0,65.3,56.89,27.86,70.23,10.2,55.79,69.31,40.2,13.42,36.88,0.0,10.77,52.5,39.29,63.66,50.16,54.33,11.66,66.27,48.04,18.97,18.97,29.07,61.61,82.98,21.4,40.16,69.35,28.16,36.07,44.15,9.06,46.82,36.01,48.76
34,42.52,54.59,58.55,37.95,29.73,46.39,50.99,67.91,57.2,18.97,59.23,38.21,67.91,83.74,52.95,59.23,50.99,91.93,46.69,37.36,66.21,74.43,27.86,71.02,52.0,17.09,70.71,20.88,66.48,74.4,36.5,22.63,27.78,10.77,0.0,56.85,39.45,68.82,60.0,64.03,20.1,62.13,45.61,29.73,29.73,39.81,56.14,87.05,18.38,50.92,71.4,29.21,46.23,43.83,19.65,40.45,46.1,51.09
35,65.12,21.63,46.17,56.0,72.47,42.05,46.39,41.04,14.14,49.4,38.83,40.45,41.04,29.73,27.2,60.17,66.75,35.61,28.07,27.2,17.89,20.1,35.44,16.12,46.82,67.08,27.86,48.37,57.58,17.89,38.0,59.06,59.23,52.5,56.85,0.0,24.08,12.65,39.4,39.45,41.62,47.71,32.98,48.7,48.7,53.6,52.0,30.48,73.55,53.15,21.02,29.07,65.49,24.19,48.02,50.16,39.05,11.4
36,63.15,15.23,56.64,32.06,62.8,47.71,53.25,32.25,18.44,40.05,25.3,42.05,32.25,45.34,40.0,40.0,43.68,54.92,36.77,28.84,40.45,44.18,12.81,40.2,26.91,45.61,31.3,40.0,68.12,41.23,14.14,50.16,35.44,39.29,39.45,24.08,0.0,36.5,52.5,54.41,32.0,32.25,12.81,44.72,44.72,53.45,32.56,50.61,57.71,58.18,32.53,11.18,65.0,5.0,39.01,26.68,45.22,13.93
37,72.11,31.05,48.04,68.12,82.1,47.07,50.36,47.71,22.8,59.67,47.54,47.54,47.71,24.08,30.27,70.34,78.23,26.0,33.53,36.06,12.65,8.25,48.08,4.47,57.27,79.62,31.11,58.41,58.55,5.66,50.16,68.82,71.81,63.66,68.82,12.65,36.5,0.0,40.2,38.83,52.35,56.46,44.18,57.31,57.31,60.41,62.1,20.62,84.96,57.56,21.4,41.63,71.84,36.01,58.26,62.0,44.15,23.02
38,39.6,58.82,8.25,80.5,57.31,15.23,14.14,79.32,52.84,42.43,75.29,22.36,79.32,64.28,12.81,92.46,94.02,64.28,16.12,26.0,28.0,38.21,56.36,38.0,79.4,76.24,67.23,40.45,18.44,44.0,64.9,46.82,77.79,50.16,60.0,39.4,52.5,40.2,0.0,4.47,40.05,83.55,65.12,33.53,33.53,29.41,85.04,59.14,69.12,20.81,59.48,47.89,37.64,55.87,41.3,77.18,14.32,47.43
39,43.86,59.67,11.66,83.26,61.77,19.7,18.44,80.0,53.25,46.69,76.42,26.68,80.0,62.8,14.42,94.4,96.6,62.03,18.97,29.12,26.31,36.0,59.09,36.22,81.22,80.1,67.08,44.72,20.0,42.19,67.23,51.26,81.04,54.33,64.03,39.45,54.41,38.83,4.47,0.0,44.0,84.85,66.84,37.95,37.95,33.84,86.83,57.0,73.5,24.84,58.87,50.57,41.77,57.49,45.54,79.65,18.68,48.27
40,32.31,46.39,39.29,46.69,31.62,27.2,32.31,64.12,46.17,8.25,56.57,18.97,64.12,70.71,32.98,64.5,60.83,77.2,26.68,17.89,47.71,56.85,26.0,53.81,53.85,36.22,61.61,8.0,48.33,58.0,36.77,18.44,40.5,11.66,20.1,41.62,32.0,52.35,40.05,44.0,0.0,62.1,42.76,14.42,14.42,24.84,59.09,72.01,33.02,33.84,59.62,21.1,34.89,37.0,7.07,46.04,26.48,39.22
41,94.25,26.08,88.41,30.53,90.2,79.92,85.44,12.65,34.0,69.43,8.94,74.24,12.65,50.04,70.77,16.49,30.53,62.03,68.41,61.06,65.51,64.62,36.5,60.93,10.77,59.46,30.0,69.86,100.0,58.82,26.08,78.92,42.05,66.27,62.13,47.71,32.25,56.46,83.55,84.85,62.1,0.0,19.7,75.89,75.89,85.23,10.0,60.07,79.76,90.43,39.32,41.44,96.46,28.02,68.66,24.17,77.39,37.01
42,74.73,14.56,69.43,25.3,72.03,60.46,66.03,22.36,22.09,50.36,14.0,54.59,22.36,46.52,52.5,27.78,34.06,57.58,49.52,41.62,50.6,52.35,18.11,48.37,14.42,47.2,28.43,50.64,80.92,48.0,10.0,60.13,32.8,48.04,45.61,32.98,12.81,44.18,65.12,66.84,42.76,19.7,0.0,56.32,56.32,65.55,20.0,54.12,63.89,70.83,33.62,21.84,76.84,9.43,49.5,18.44,58.01,21.59
43,18.44,58.03,30.07,60.96,25.46,18.44,22.0,76.94,56.32,10.77,69.86,11.66,76.94,78.43,31.24,78.89,75.07,83.19,25.46,21.54,49.68,60.0,40.25,57.69,68.03,46.82,72.25,8.94,36.88,62.77,50.99,13.42,54.04,18.97,29.73,48.7,44.72,57.31,33.53,37.95,14.42,75.89,56.32,0.0,0.0,10.63,73.35,77.83,35.69,21.19,68.66,34.48,20.62,49.65,10.3,60.46,19.31,49.25
44,18.44,58.03,30.07,60.96,25.46,18.44,22.0,76.94,56.32,10.77,69.86,11.66,76.94,78.43,31.24,78.89,75.07,83.19,25.46,21.54,49.68,60.0,40.25,57.69,68.03,46.82,72.25,8.94,36.88,62.77,50.99,13.42,54.04,18.97,29.73,48.7,44.72,57.31,33.53,37.95,14.42,75.89,56.32,0.0,0.0,10.63,73.35,77.83,35.69,21.19,68.66,34.48,20.62,49.65,10.3,60.46,19.31,49.25
45,11.7,65.76,23.77,71.51,28.23,14.87,15.65,85.38,63.03,21.1,78.75,13.15,85.38,82.98,31.38,89.04,85.63,86.38,26.93,27.0,51.0,61.72,50.25,60.01,77.83,56.86,79.03,19.42,28.02,65.55,60.9,20.02,64.66,29.07,39.81,53.6,53.45,60.41,29.41,33.84,24.84,85.23,65.55,10.63,10.63,0.0,83.24,80.99,43.0,12.0,74.33,43.86,12.0,58.24,20.81,70.8,17.2,56.08
46,91.39,31.05,89.11,21.54,85.16,79.65,85.28,22.36,39.29,65.79,16.12,73.24,22.36,58.55,72.47,8.25,20.59,70.46,69.31,60.96,69.86,70.34,33.11,66.48,5.66,51.42,38.47,66.48,100.5,65.12,22.36,74.73,33.53,61.61,56.14,52.0,32.56,62.1,85.04,86.83,59.09,10.0,20.0,73.35,73.35,83.24,0.0,68.07,73.06,89.63,47.01,39.66,93.94,29.41,65.19,16.12,77.34,40.72
47,92.7,39.56,67.27,79.4,102.4,67.45,70.41,48.51,32.7,79.63,52.01,68.15,48.51,11.18,50.45,76.01,86.98,5.39,54.08,56.44,31.26,21.0,63.29,21.38,64.38,95.96,30.15,78.49,77.0,15.52,62.39,89.04,85.49,82.98,87.05,30.48,50.61,20.62,59.14,57.0,72.01,60.07,54.12,77.83,77.83,80.99,68.07,0.0,104.0,77.67,21.1,58.41,92.35,48.33,78.24,72.53,64.56,36.89
48,40.52,72.9,65.62,53.24,20.25,54.13,57.43,86.13,75.17,27.31,77.37,46.84,86.13,101.4,64.88,75.17,64.76,109.04,58.6,50.77,80.71,89.81,46.24,86.68,69.35,24.7,89.01,29.15,71.01,90.61,54.57,23.02,41.59,21.4,18.38,73.55,57.71,84.96,69.12,73.5,33.02,79.76,63.89,35.69,35.69,43.0,73.06,104.0,0.0,55.0,89.31,47.17,44.64,62.17,28.64,57.01,54.82,68.82
49,19.42,68.62,13.45,80.06,39.56,11.18,7.28,88.96,64.54,31.95,83.19,16.4,88.96,81.22,27.29,96.05,94.18,82.98,25.08,29.55,46.57,57.28,57.38,56.29,84.05,68.01,80.23,30.08,16.03,62.17,67.62,32.02,74.33,40.16,50.92,53.15,58.18,57.56,20.81,24.84,33.84,90.43,70.83,21.19,21.19,12.0,89.63,77.67,55.0,0.0,74.17,50.0,16.97,62.61,31.38,78.52,14.14,57.97
50,85.71,19.24,66.71,58.87,91.18,63.07,67.36,28.46,14.21,67.78,31.02,61.2,28.46,13.04,47.85,55.01,65.92,24.04,49.09,47.52,33.62,28.32,45.28,25.5,43.29,77.99,10.3,67.07,77.88,21.4,42.54,77.83,65.86,69.35,71.4,21.02,32.53,21.4,59.48,58.87,59.62,39.32,33.62,68.66,68.66,74.33,47.01,21.1,89.31,74.17,0.0,42.2,86.28,29.21,66.48,51.87,60.07,20.59
51,52.89,26.25,50.61,32.7,51.62,40.31,45.97,43.05,28.02,29.0,35.51,33.6,43.05,54.56,36.4,46.1,46.14,63.13,31.76,22.2,42.3,48.38,8.54,44.6,34.13,38.01,42.15,29.07,61.62,46.96,17.69,39.05,32.02,28.16,29.21,29.07,11.18,41.63,47.89,50.57,21.1,41.44,21.84,34.48,34.48,43.86,39.66,58.41,47.17,50.0,42.2,0.0,55.03,16.12,28.02,29.41,38.21,21.93
52,4.12,77.65,30.41,80.8,26.02,25.08,23.6,97.08,75.03,29.21,90.25,25.08,97.08,94.73,42.15,99.36,94.81,97.72,38.33,39.0,61.85,72.62,60.84,71.17,88.64,62.68,91.02,28.02,30.08,76.84,71.59,23.85,72.86,36.07,46.23,65.49,65.0,71.84,37.64,41.77,34.89,96.46,76.84,20.62,20.62,12.0,93.94,92.35,44.64,16.97,86.28,55.03,0.0,69.86,29.41,80.78,27.86,68.07
53,68.07,10.82,60.44,32.14,67.74,51.97,57.45,27.29,15.65,45.04,20.62,46.62,27.29,42.2,43.19,37.22,42.58,52.35,40.46,33.12,41.48,44.01,16.4,40.01,23.85,48.84,26.93,45.0,72.01,40.31,14.32,55.15,37.16,44.15,43.83,24.19,5.0,36.01,55.87,57.49,37.0,28.02,9.43,49.65,49.65,58.24,29.41,48.33,62.17,62.61,29.21,16.12,69.86,0.0,44.01,26.02,49.4,13.0
54,26.42,53.46,39.12,51.4,24.7,27.02,31.4,71.06,53.16,1.41,63.39,19.03,71.06,77.37,36.25,70.21,65.44,83.49,29.97,22.67,52.63,62.24,32.28,59.41,60.08,36.69,68.66,1.41,46.84,63.89,43.01,11.4,43.93,9.06,19.65,48.02,39.01,58.26,41.3,45.54,7.07,68.66,49.5,10.3,10.3,20.81,65.19,78.24,28.64,31.38,66.48,28.02,29.41,44.01,0.0,51.48,27.07,46.17
55,77.9,32.98,80.0,7.21,69.86,69.43,75.07,34.06,40.45,51.88,25.46,62.23,34.06,64.62,65.3,18.97,17.09,75.89,61.06,51.61,67.08,70.03,21.26,66.03,13.42,35.44,45.65,52.84,90.91,66.12,12.65,60.17,17.89,46.82,40.45,50.16,26.68,62.0,77.18,79.65,46.04,24.17,18.44,60.46,60.46,70.8,16.12,72.53,57.01,78.52,51.87,29.41,80.78,26.02,51.48,0.0,67.48,39.01
56,28.65,54.78,13.0,69.89,43.83,3.0,8.06,75.24,50.45,28.16,69.84,8.06,75.24,67.48,14.32,84.17,83.82,69.92,11.0,16.4,34.01,44.78,46.23,43.32,71.7,62.65,66.1,26.17,23.43,49.04,55.87,32.7,65.8,36.01,46.1,39.05,45.22,44.15,14.32,18.68,26.48,77.39,58.01,19.31,19.31,17.2,77.34,64.56,54.82,14.14,60.07,38.21,27.86,49.4,27.07,67.48,0.0,43.97
57,67.01,11.4,53.24,45.1,70.84,46.84,51.87,31.91,7.07,47.43,28.32,43.29,31.91,32.65,34.67,48.85,55.44,41.4,33.62,29.15,29.15,31.02,26.42,27.02,35.47,59.08,23.02,46.84,64.88,27.46,27.17,57.57,49.34,48.76,51.09,11.4,13.93,23.02,47.43,48.27,39.22,37.01,21.59,49.25,49.25,56.08,40.72,36.89,68.82,57.97,20.59,21.93,68.07,13.0,46.17,39.01,43.97,0.0
