vehicles
vehicle_idx, capacity, cost_per_unit_distance
1,100,3
2,100,3
3,100,3
4,100,3
5,100,3
6,100,3
7,100,3
depot
node_idx,x,y
0,61,99
home delivery customers
node_idx,x,y,service_time,demand
1,45,87,10,1
2,39,75,10,23
3,75,63,10,1
4,65,61,10,13
5,75,77,10,7
6,79,81,10,20
7,63,25,10,26
8,93,33,10,17
9,39,45,10,22
10,89,33,10,8
11,47,77,10,16
12,29,19,10,20
13,83,7,10,15
14,89,27,10,11
15,7,25,10,21
16,35,35,10,24
self pickup customers
node_idx,x,y,service_time,demand,locker_idxs
17,15,47,10,16,53-1
18,55,23,10,12,47-53
19,17,35,10,14,51-1
20,39,99,10,18,50-1
21,49,37,10,8,53
22,85,31,10,21,52-0
23,93,69,10,13,47
24,49,69,10,3,50
25,13,65,10,12,51-1
26,67,75,10,14,52
27,41,27,10,25,47-53-0
28,57,81,10,19,50-52-1
29,93,89,10,10,48-1
30,17,13,10,6,49-1
flexible customers
node_idx,x,y,service_time,demand,locker_idxs
31,95,7,10,14,51-0
32,29,71,10,6,51-1
33,87,79,10,5,48-52
34,73,35,10,20,49-47-0
35,89,71,10,8,52
36,89,43,10,24,50
37,45,5,10,19,47-0
38,33,9,10,22,49-0
39,63,9,10,20,47
40,41,13,10,12,47-53-0
41,49,77,10,17,52-50
42,45,5,10,20,52-0
43,81,61,10,2,52-49
44,57,81,10,9,50-52
lockers
node_idx,x,y,service_time,capacity,cost_per_unit_good
45,93,12,10,70
46,22,88,10,94
47,52,32,10,70
48,89,101,10,98
49,60,49,10,79
50,49,95,10,86
51,31,49,10,72
52,64,73,10,79
53,39,38,10,89
mrt lines
start_node_idx,end_node_idx,freight_capacity,cost_per_unit_good
distance matrix
,0,1,2,3,4,5,6,7,8,9,10,11,12,13,14,15,16,17,18,19,20,21,22,23,24,25,26,27,28,29,30,31,32,33,34,35,36,37,38,39,40,41,42,43,44,45,46,47,48,49,50,51,52,53,
0,0.0,20.0,32.56,38.63,38.21,26.08,25.46,74.03,73.35,58.31,71.69,26.08,86.16,94.59,77.25,91.61,69.08,69.43,76.24,77.67,22.0,63.15,72.11,43.86,32.31,58.82,24.74,74.73,18.44,33.53,96.6,98.08,42.52,32.8,65.12,39.6,62.61,95.35,94.25,90.02,88.29,25.06,95.35,42.94,18.44,92.7,40.52,67.6,28.07,50.01,12.65,58.31,26.17,64.85
1,20.0,0.0,13.42,38.42,32.8,31.62,34.53,64.56,72.25,42.43,69.66,10.2,69.86,88.57,74.4,72.72,52.95,50.0,64.78,59.06,13.42,50.16,68.82,51.26,18.44,38.83,25.06,60.13,13.42,48.04,79.12,94.34,22.63,42.76,59.06,46.82,62.23,82.0,78.92,80.05,74.11,10.77,82.0,44.41,13.42,89.04,23.02,55.44,46.17,40.85,8.94,40.5,23.6,49.37
2,32.56,13.42,0.0,37.95,29.53,36.06,40.45,55.46,68.41,30.0,65.3,8.25,56.89,80.99,69.31,59.36,40.2,36.88,54.41,45.65,24.0,39.29,63.66,54.33,11.66,27.86,28.0,48.04,18.97,55.79,65.79,88.09,10.77,48.17,52.5,50.16,59.36,70.26,66.27,70.23,62.03,10.2,70.26,44.27,18.97,82.98,21.4,44.92,56.36,33.42,22.36,27.2,25.08,37.0
3,38.63,38.42,37.95,0.0,10.2,14.0,18.44,39.85,34.99,40.25,33.11,31.3,63.66,56.57,38.63,77.9,48.83,62.1,44.72,64.4,50.91,36.77,33.53,18.97,26.68,62.03,14.42,49.52,25.46,31.62,76.58,59.46,46.69,20.0,28.07,16.12,24.41,65.3,68.41,55.32,60.46,29.53,65.3,6.32,25.46,54.08,58.6,38.6,40.5,20.52,41.23,46.17,14.87,43.83
4,38.21,32.8,29.53,10.2,0.0,18.87,24.41,36.06,39.6,30.53,36.88,24.08,55.32,56.92,41.62,68.26,39.7,51.92,39.29,54.59,46.04,28.84,36.06,29.12,17.89,52.15,14.14,41.62,21.54,39.6,67.88,61.77,37.36,28.43,27.2,26.0,30.0,59.46,61.06,52.04,53.67,22.63,59.46,16.0,21.54,56.44,50.77,31.78,46.65,13.0,37.58,36.06,12.04,34.71
5,26.08,31.62,36.06,14.0,18.87,0.0,5.66,53.37,47.54,48.17,46.17,28.0,74.03,70.46,51.92,85.6,58.0,67.08,57.58,71.61,42.19,47.71,47.07,19.7,27.2,63.15,8.25,60.46,18.44,21.63,86.37,72.8,46.39,12.17,42.05,15.23,36.77,78.0,79.92,69.05,72.47,26.0,78.0,17.09,18.44,67.45,54.13,50.54,27.78,31.76,31.62,52.15,11.7,53.08
6,25.46,34.53,40.45,18.44,24.41,5.66,0.0,58.24,50.0,53.81,49.03,32.25,79.65,74.11,54.92,91.21,63.66,72.47,62.77,77.2,43.86,53.25,50.36,18.44,32.31,67.91,13.42,66.03,22.0,16.12,92.02,75.71,50.99,8.25,46.39,14.14,39.29,83.26,85.44,73.76,77.9,30.27,83.26,20.1,22.0,70.41,57.43,55.95,22.36,37.22,33.11,57.69,17.0,58.73
7,74.03,64.56,55.46,39.85,36.06,53.37,58.24,0.0,31.05,31.24,27.2,54.41,34.53,26.91,26.08,56.0,29.73,52.8,8.25,47.07,77.79,18.44,22.8,53.25,46.17,64.03,50.16,22.09,56.32,70.68,47.54,36.72,57.2,59.09,14.14,52.84,31.62,26.91,34.0,16.0,25.06,53.85,26.91,40.25,56.32,32.7,75.17,13.04,80.32,24.19,71.39,40.0,48.01,27.29
8,73.35,72.25,68.41,34.99,39.6,47.54,50.0,31.05,0.0,55.32,4.0,63.66,65.51,27.86,7.21,86.37,58.03,79.25,39.29,76.03,85.28,44.18,8.25,36.0,56.85,86.16,49.4,52.35,60.0,56.0,78.59,26.08,74.43,46.39,20.1,38.21,10.77,55.57,64.62,38.42,55.71,62.23,55.57,30.46,60.0,21.0,89.81,41.01,68.12,36.67,76.03,64.03,49.41,54.23
9,58.31,42.43,30.0,40.25,30.53,48.17,53.81,31.24,55.32,0.0,51.42,32.98,27.86,58.14,53.14,37.74,10.77,24.08,27.2,24.17,54.0,12.81,48.08,59.09,26.0,32.8,41.04,18.11,40.25,69.66,38.83,67.68,27.86,58.82,35.44,56.36,50.04,40.45,36.5,43.27,32.06,33.53,40.45,44.94,40.25,63.29,46.24,18.38,75.07,21.38,50.99,8.94,37.54,7.0
10,71.69,69.66,65.3,33.11,36.88,46.17,49.03,27.2,4.0,51.42,0.0,60.83,61.61,26.68,6.0,82.39,54.04,75.31,35.44,72.03,82.8,40.2,4.47,36.22,53.81,82.46,47.41,48.37,57.69,56.14,74.73,26.68,71.02,46.04,16.12,38.0,10.0,52.15,60.93,35.38,52.0,59.46,52.15,29.12,57.69,21.38,86.68,37.01,68.0,33.12,73.78,60.17,47.17,50.25
11,26.08,10.2,8.25,31.3,24.08,28.0,32.25,54.41,63.66,32.98,60.83,0.0,60.73,78.71,65.3,65.6,43.68,43.86,54.59,51.61,23.41,40.05,59.67,46.69,8.25,36.06,20.1,50.36,10.77,47.54,70.68,84.88,18.97,40.05,49.4,42.43,54.04,72.03,69.43,69.86,64.28,2.0,72.03,37.58,10.77,79.63,27.31,45.28,48.37,30.87,18.11,32.25,17.46,39.81
12,86.16,69.86,56.89,63.66,55.32,74.03,79.65,34.53,65.51,27.86,61.61,60.73,0.0,55.32,60.53,22.8,17.09,31.3,26.31,20.0,80.62,26.91,57.27,81.22,53.85,48.7,67.68,14.42,68.03,94.85,13.42,67.08,52.0,83.45,46.82,79.4,64.62,21.26,10.77,35.44,13.42,61.35,21.26,66.84,68.03,64.38,69.35,26.42,101.61,43.14,78.59,30.07,64.35,21.47
13,94.59,88.57,80.99,56.57,56.92,70.46,74.11,26.91,27.86,58.14,26.68,78.71,55.32,0.0,20.88,78.1,55.57,78.89,32.25,71.69,101.98,45.34,24.08,62.8,70.71,90.91,69.86,46.52,78.43,82.61,66.27,12.0,83.74,72.11,29.73,64.28,36.5,38.05,50.04,20.1,42.43,77.82,38.05,54.04,78.43,11.18,101.4,39.82,94.19,47.89,94.34,66.84,68.68,53.82
14,77.25,74.4,69.31,38.63,41.62,51.92,54.92,26.08,7.21,53.14,6.0,65.3,60.53,20.88,0.0,82.02,54.59,76.66,34.23,72.44,87.66,41.23,5.66,42.19,58.0,84.97,52.8,48.0,62.77,62.13,73.35,20.88,74.4,52.04,17.89,44.0,16.0,49.19,58.82,31.62,50.0,64.03,49.19,34.93,62.77,15.52,90.61,37.34,74.0,36.4,78.89,62.03,52.35,51.2
15,91.61,72.72,59.36,77.9,68.26,85.6,91.21,56.0,86.37,37.74,82.39,65.6,22.8,78.1,82.02,0.0,29.73,23.41,48.04,14.14,80.62,43.68,78.23,96.6,60.83,40.45,78.1,34.06,75.07,107.2,15.62,89.82,50.99,96.52,66.75,94.02,83.95,42.94,30.53,58.24,36.06,66.84,42.94,82.29,75.07,86.98,64.76,45.54,111.8,58.18,81.63,33.94,74.52,34.54
16,69.08,52.95,40.2,48.83,39.7,58.0,63.66,29.73,58.03,10.77,54.04,43.68,17.09,55.57,54.59,29.73,0.0,23.32,23.32,18.0,64.12,14.14,50.16,67.23,36.77,37.2,51.22,10.0,50.99,79.25,28.43,66.21,36.5,68.12,38.0,64.9,54.59,31.62,26.08,38.21,22.8,44.27,31.62,52.84,50.99,62.39,54.57,17.26,85.28,28.65,61.61,14.56,47.8,5.0
17,69.43,50.0,36.88,62.1,51.92,67.08,72.47,52.8,79.25,24.08,75.31,43.86,31.3,78.89,76.66,23.41,23.32,0.0,46.65,12.17,57.27,35.44,71.81,81.04,40.5,18.11,59.06,32.8,54.04,88.59,34.06,89.44,27.78,78.79,59.23,77.79,74.11,51.61,42.05,61.22,42.8,45.34,51.61,67.47,54.04,85.49,41.59,39.92,91.61,45.04,58.82,16.12,55.47,25.63
18,76.24,64.78,54.41,44.72,39.29,57.58,62.77,8.25,39.29,27.2,35.44,54.59,26.31,32.25,34.23,48.04,23.32,46.65,0.0,39.85,77.67,15.23,31.05,59.67,46.39,59.4,53.37,14.56,58.03,76.16,39.29,43.08,54.59,64.5,21.63,58.82,39.45,20.59,26.08,16.12,17.2,54.33,20.59,46.04,58.03,39.56,72.9,9.49,85.09,26.48,72.25,35.38,50.8,21.93
19,77.67,59.06,45.65,64.4,54.59,71.61,77.2,47.07,76.03,24.17,72.03,51.61,20.0,71.69,72.44,14.14,18.0,12.17,39.85,0.0,67.68,32.06,68.12,83.26,46.69,30.27,64.03,25.3,60.96,93.23,22.0,82.87,37.95,82.68,56.0,80.5,72.44,41.04,30.53,52.84,32.56,52.8,41.04,69.08,60.96,79.4,53.24,35.13,97.67,45.22,68.0,19.8,60.44,22.2
20,22.0,13.42,24.0,50.91,46.04,42.19,43.86,77.79,85.28,54.0,82.8,23.41,80.62,101.98,87.66,80.62,64.12,57.27,77.67,67.68,0.0,62.8,82.1,61.77,31.62,42.8,36.88,72.03,25.46,54.92,88.77,107.7,29.73,52.0,72.47,57.31,75.07,94.19,90.2,93.15,86.02,24.17,94.19,56.64,25.46,102.4,20.25,68.25,50.04,54.23,10.77,50.64,36.07,61.0
21,63.15,50.16,39.29,36.77,28.84,47.71,53.25,18.44,44.18,12.81,40.2,40.05,26.91,45.34,41.23,43.68,14.14,35.44,15.23,32.06,62.8,0.0,36.5,54.41,32.0,45.61,42.05,12.81,44.72,68.12,40.0,54.92,39.45,56.64,24.08,52.5,40.45,32.25,32.25,31.3,25.3,40.0,32.25,40.0,44.72,50.61,57.71,5.83,75.47,16.28,58.0,21.63,39.0,10.05
22,72.11,68.82,63.66,33.53,36.06,47.07,50.36,22.8,8.25,48.08,4.47,59.67,57.27,24.08,5.66,78.23,50.16,71.81,31.05,68.12,82.1,36.5,0.0,38.83,52.35,79.62,47.54,44.18,57.31,58.55,70.34,26.0,68.82,48.04,12.65,40.2,12.65,47.71,56.46,31.11,47.54,58.41,47.71,30.27,57.31,20.62,84.96,33.02,70.11,30.81,73.43,56.92,46.96,46.53
23,43.86,51.26,54.33,18.97,29.12,19.7,18.44,53.25,36.0,59.09,36.22,46.69,81.22,62.8,42.19,96.6,67.23,81.04,59.67,83.26,61.77,54.41,38.83,0.0,44.0,80.1,26.68,66.84,37.95,20.0,94.4,62.03,64.03,11.66,39.45,4.47,26.31,80.0,84.85,67.08,76.42,44.72,80.0,14.42,37.95,57.0,73.5,55.23,32.25,38.59,51.11,65.15,29.27,62.27
24,32.31,18.44,11.66,26.68,17.89,27.2,32.31,46.17,56.85,26.0,53.81,8.25,53.85,70.71,58.0,60.83,36.77,40.5,46.39,46.69,31.62,32.0,52.35,44.0,0.0,36.22,18.97,42.76,14.42,48.33,64.5,77.2,20.1,39.29,41.62,40.05,47.71,64.12,62.1,61.61,56.57,8.0,64.12,32.98,14.42,72.01,33.02,37.12,51.22,22.83,26.0,26.91,15.52,32.57
25,58.82,38.83,27.86,62.03,52.15,63.15,67.91,64.03,86.16,32.8,82.46,36.06,48.7,90.91,84.97,40.45,37.2,18.11,59.4,30.27,42.8,45.61,79.62,80.1,36.22,0.0,54.92,47.2,46.82,83.52,52.15,100.44,17.09,75.31,67.08,76.24,79.12,68.0,59.46,75.07,59.06,37.95,68.0,68.12,46.82,95.96,24.7,51.09,84.1,49.65,46.86,24.08,51.62,37.48
26,24.74,25.06,28.0,14.42,14.14,8.25,13.42,50.16,49.4,41.04,47.41,20.1,67.68,69.86,52.8,78.1,51.22,59.06,53.37,64.03,36.88,42.05,47.54,26.68,18.97,54.92,0.0,54.59,11.66,29.53,79.65,73.54,38.21,20.4,40.45,22.36,38.83,73.38,74.24,66.12,67.23,18.11,73.38,19.8,11.66,68.15,46.84,45.54,34.06,26.93,26.91,44.41,3.61,46.4
27,74.73,60.13,48.04,49.52,41.62,60.46,66.03,22.09,52.35,18.11,48.37,50.36,14.42,46.52,48.0,34.06,10.0,32.8,14.56,25.3,72.03,12.81,44.18,66.84,42.76,47.2,54.59,0.0,56.32,80.92,27.78,57.58,45.61,69.43,32.98,65.12,50.6,22.36,19.7,28.43,14.0,50.64,22.36,52.5,56.32,54.12,63.89,12.08,88.2,29.07,68.47,24.17,51.43,11.18
28,18.44,13.42,18.97,25.46,21.54,18.44,22.0,56.32,60.0,40.25,57.69,10.77,68.03,78.43,62.77,75.07,50.99,54.04,58.03,60.96,25.46,44.72,57.31,37.95,14.42,46.82,11.66,56.32,0.0,36.88,78.89,83.19,29.73,30.07,48.7,33.53,49.68,76.94,75.89,72.25,69.86,8.94,76.94,31.24,0.0,77.83,35.69,49.25,37.74,32.14,16.12,41.23,10.63,46.62
29,33.53,48.04,55.79,31.62,39.6,21.63,16.12,70.68,56.0,69.66,56.14,47.54,94.85,82.61,62.13,107.2,79.25,88.59,76.16,93.23,54.92,68.12,58.55,20.0,48.33,83.52,29.53,80.92,36.88,0.0,107.48,82.02,66.48,11.66,57.58,18.44,46.17,96.75,100.0,85.44,92.09,45.61,96.75,30.46,36.88,77.0,71.01,70.21,12.65,51.86,44.41,73.78,33.12,74.28
30,96.6,79.12,65.79,76.58,67.88,86.37,92.02,47.54,78.59,38.83,74.73,70.68,13.42,66.27,73.35,15.62,28.43,34.06,39.29,22.0,88.77,40.0,70.34,94.4,64.5,52.15,79.65,27.78,78.89,107.48,0.0,78.23,59.23,96.21,60.17,92.46,78.0,29.12,16.49,46.17,24.0,71.55,29.12,80.0,78.89,76.01,75.17,39.82,113.7,56.08,88.02,38.63,76.22,33.3
31,98.08,94.34,88.09,59.46,61.77,72.8,75.71,36.72,26.08,67.68,26.68,84.88,67.08,12.0,20.88,89.82,66.21,89.44,43.08,82.87,107.7,54.92,26.0,62.03,77.2,100.44,73.54,57.58,83.19,82.02,78.23,0.0,91.93,72.44,35.61,64.28,36.5,50.04,62.03,32.06,54.33,83.76,50.04,55.79,83.19,5.39,109.04,49.74,94.19,54.67,99.3,76.55,72.92,64.01
32,42.52,22.63,10.77,46.69,37.36,46.39,50.99,57.2,74.43,27.86,71.02,18.97,52.0,83.74,74.4,50.99,36.5,27.78,54.59,37.95,29.73,39.45,68.82,64.03,20.1,17.09,38.21,45.61,29.73,66.48,59.23,91.93,0.0,58.55,56.85,60.0,66.21,67.91,62.13,70.71,59.23,20.88,67.91,52.95,29.73,87.05,18.38,45.28,67.08,38.01,31.24,22.09,35.06,34.48
33,32.8,42.76,48.17,20.0,28.43,12.17,8.25,59.09,46.39,58.82,46.04,40.05,83.45,72.11,52.04,96.52,68.12,78.79,64.5,82.68,52.0,56.64,48.04,11.66,39.29,75.31,20.4,69.43,30.07,11.66,96.21,72.44,58.55,0.0,46.17,8.25,36.06,85.09,88.41,74.0,80.45,38.05,85.09,18.97,30.07,67.27,65.62,58.6,22.09,40.36,41.23,63.53,23.77,63.13
34,65.12,59.06,52.5,28.07,27.2,42.05,46.39,14.14,20.1,35.44,16.12,49.4,46.82,29.73,17.89,66.75,38.0,59.23,21.63,56.0,72.47,24.08,12.65,39.45,41.62,67.08,40.45,32.98,48.7,57.58,60.17,35.61,56.85,46.17,0.0,39.4,17.89,41.04,47.71,27.86,38.83,48.37,41.04,27.2,48.7,30.48,73.55,21.21,67.91,19.1,64.62,44.27,39.05,34.13
35,39.6,46.82,50.16,16.12,26.0,15.23,14.14,52.84,38.21,56.36,38.0,42.43,79.4,64.28,44.0,94.02,64.9,77.79,58.82,80.5,57.31,52.5,40.2,4.47,40.05,76.24,22.36,65.12,33.53,18.44,92.46,64.28,60.0,8.25,39.4,0.0,28.0,79.32,83.55,67.23,75.29,40.45,79.32,12.81,33.53,59.14,69.12,53.76,30.0,36.4,46.65,62.03,25.08,59.91
36,62.61,62.23,59.36,24.41,30.0,36.77,39.29,31.62,10.77,50.04,10.0,54.04,64.62,36.5,16.0,83.95,54.59,74.11,39.45,72.44,75.07,40.45,12.65,26.31,47.71,79.12,38.83,50.6,49.68,46.17,78.0,36.5,66.21,36.06,17.89,28.0,0.0,58.14,65.51,42.8,56.6,52.5,58.14,19.7,49.68,31.26,80.71,38.6,58.0,29.61,65.6,58.31,39.05,50.25
37,95.35,82.0,70.26,65.3,59.46,78.0,83.26,26.91,55.57,40.45,52.15,72.03,21.26,38.05,49.19,42.94,31.62,51.61,20.59,41.04,94.19,32.25,47.71,80.0,64.12,68.0,73.38,22.36,76.94,96.75,29.12,50.04,67.91,85.09,41.04,79.32,58.14,0.0,12.65,18.44,8.94,72.11,0.0,66.57,76.94,48.51,86.13,27.89,105.6,46.49,90.09,46.17,70.6,33.54
38,94.25,78.92,66.27,68.41,61.06,79.92,85.44,34.0,64.62,36.5,60.93,69.43,10.77,50.04,58.82,30.53,26.08,42.05,26.08,30.53,90.2,32.25,56.46,84.85,62.1,59.46,74.24,19.7,75.89,100.0,16.49,62.03,62.13,88.41,47.71,83.55,65.51,12.65,0.0,30.0,8.94,69.86,12.65,70.77,75.89,60.07,79.76,29.83,107.7,48.26,87.48,40.05,71.11,29.61
39,90.02,80.05,70.23,55.32,52.04,69.05,73.76,16.0,38.42,43.27,35.38,69.86,35.44,20.1,31.62,58.24,38.21,61.22,16.12,52.84,93.15,31.3,31.11,67.08,61.61,75.07,66.12,28.43,72.25,85.44,46.17,32.06,70.71,74.0,27.86,67.23,42.8,18.44,30.0,0.0,22.36,69.43,18.44,55.03,72.25,30.15,89.01,25.5,95.6,40.11,87.13,51.22,64.01,37.64
40,88.29,74.11,62.03,60.46,53.67,72.47,77.9,25.06,55.71,32.06,52.0,64.28,13.42,42.43,50.0,36.06,22.8,42.8,17.2,32.56,86.02,25.3,47.54,76.42,56.57,59.06,67.23,14.0,69.86,92.09,24.0,54.33,59.23,80.45,38.83,75.29,56.6,8.94,8.94,22.36,0.0,64.5,8.94,62.48,69.86,52.01,77.37,21.95,100.24,40.71,82.39,37.36,64.26,25.08
41,25.06,10.77,10.2,29.53,22.63,26.0,30.27,53.85,62.23,33.53,59.46,2.0,61.35,77.82,64.03,66.84,44.27,45.34,54.33,52.8,24.17,40.0,58.41,44.72,8.0,37.95,18.11,50.64,8.94,45.61,71.55,83.76,20.88,38.05,48.37,40.45,52.5,72.11,69.86,69.43,64.5,0.0,72.11,35.78,8.94,78.49,29.15,45.1,46.65,30.08,18.0,33.29,15.52,40.26
42,95.35,82.0,70.26,65.3,59.46,78.0,83.26,26.91,55.57,40.45,52.15,72.03,21.26,38.05,49.19,42.94,31.62,51.61,20.59,41.04,94.19,32.25,47.71,80.0,64.12,68.0,73.38,22.36,76.94,96.75,29.12,50.04,67.91,85.09,41.04,79.32,58.14,0.0,12.65,18.44,8.94,72.11,0.0,66.57,76.94,48.51,86.13,27.89,105.6,46.49,90.09,46.17,70.6,33.54
43,42.94,44.41,44.27,6.32,16.0,17.09,20.1,40.25,30.46,44.94,29.12,37.58,66.84,54.04,34.93,82.29,52.84,67.47,46.04,69.08,56.64,40.0,30.27,14.42,32.98,68.12,19.8,52.5,31.24,30.46,80.0,55.79,52.95,18.97,27.2,12.81,19.7,66.57,70.77,55.03,62.48,35.78,66.57,0.0,31.24,50.45,64.88,41.01,40.79,24.19,46.69,51.42,20.81,47.89
44,18.44,13.42,18.97,25.46,21.54,18.44,22.0,56.32,60.0,40.25,57.69,10.77,68.03,78.43,62.77,75.07,50.99,54.04,58.03,60.96,25.46,44.72,57.31,37.95,14.42,46.82,11.66,56.32,0.0,36.88,78.89,83.19,29.73,30.07,48.7,33.53,49.68,76.94,75.89,72.25,69.86,8.94,76.94,31.24,0.0,77.83,35.69,49.25,37.74,32.14,16.12,41.23,10.63,46.62
45,92.7,89.04,82.98,54.08,56.44,67.45,70.41,32.7,21.0,63.29,21.38,79.63,64.38,11.18,15.52,86.98,62.39,85.49,39.56,79.4,102.4,50.61,20.62,57.0,72.01,95.96,68.15,54.12,77.83,77.0,76.01,5.39,87.05,67.27,30.48,59.14,31.26,48.51,60.07,30.15,52.01,78.49,48.51,50.45,77.83,0.0,104.0,45.62,89.09,49.58,93.94,72.2,67.54,59.93
46,40.52,23.02,21.4,58.6,50.77,54.13,57.43,75.17,89.81,46.24,86.68,27.31,69.35,101.4,90.61,64.76,54.57,41.59,72.9,53.24,20.25,57.71,84.96,73.5,33.02,24.7,46.84,63.89,35.69,71.01,75.17,109.04,18.38,65.62,73.55,69.12,80.71,86.13,79.76,89.01,77.37,29.15,86.13,64.88,35.69,104.0,0.0,63.53,68.25,54.45,27.89,40.02,44.6,52.81
47,67.6,55.44,44.92,38.6,31.78,50.54,55.95,13.04,41.01,18.38,37.01,45.28,26.42,39.82,37.34,45.54,17.26,39.92,9.49,35.13,68.25,5.83,33.02,55.23,37.12,51.09,45.54,12.08,49.25,70.21,39.82,49.74,45.28,58.6,21.21,53.76,38.6,27.89,29.83,25.5,21.95,45.1,27.89,41.01,49.25,45.62,63.53,0.0,78.29,18.79,63.07,27.02,42.72,14.32
48,28.07,46.17,56.36,40.5,46.65,27.78,22.36,80.32,68.12,75.07,68.0,48.37,101.61,94.19,74.0,111.8,85.28,91.61,85.09,97.67,50.04,75.47,70.11,32.25,51.22,84.1,34.06,88.2,37.74,12.65,113.7,94.19,67.08,22.09,67.91,30.0,58.0,105.6,107.7,95.6,100.24,46.65,105.6,40.79,37.74,89.09,68.25,78.29,0.0,59.54,40.45,77.9,37.54,80.43
49,50.01,40.85,33.42,20.52,13.0,31.76,37.22,24.19,36.67,21.38,33.12,30.87,43.14,47.89,36.4,58.18,28.65,45.04,26.48,45.22,54.23,16.28,30.81,38.59,22.83,49.65,26.93,29.07,32.14,51.86,56.08,54.67,38.01,40.36,19.1,36.4,29.61,46.49,48.26,40.11,40.71,30.08,46.49,24.19,32.14,49.58,54.45,18.79,59.54,0.0,47.3,29.0,24.33,23.71
50,12.65,8.94,22.36,41.23,37.58,31.62,33.11,71.39,76.03,50.99,73.78,18.11,78.59,94.34,78.89,81.63,61.61,58.82,72.25,68.0,10.77,58.0,73.43,51.11,26.0,46.86,26.91,68.47,16.12,44.41,88.02,99.3,31.24,41.23,64.62,46.65,65.6,90.09,87.48,87.13,82.39,18.0,90.09,46.69,16.12,93.94,27.89,63.07,40.45,47.3,0.0,49.4,26.63,57.87
51,58.31,40.5,27.2,46.17,36.06,52.15,57.69,40.0,64.03,8.94,60.17,32.25,30.07,66.84,62.03,33.94,14.56,16.12,35.38,19.8,50.64,21.63,56.92,65.15,26.91,24.08,44.41,24.17,41.23,73.78,38.63,76.55,22.09,63.53,44.27,62.03,58.31,46.17,40.05,51.22,37.36,33.29,46.17,51.42,41.23,72.2,40.02,27.02,77.9,29.0,49.4,0.0,40.8,13.6
52,26.17,23.6,25.08,14.87,12.04,11.7,17.0,48.01,49.41,37.54,47.17,17.46,64.35,68.68,52.35,74.52,47.8,55.47,50.8,60.44,36.07,39.0,46.96,29.27,15.52,51.62,3.61,51.43,10.63,33.12,76.22,72.92,35.06,23.77,39.05,25.08,39.05,70.6,71.11,64.01,64.26,15.52,70.6,20.81,10.63,67.54,44.6,42.72,37.54,24.33,26.63,40.8,0.0,43.01
53,64.85,49.37,37.0,43.83,34.71,53.08,58.73,27.29,54.23,7.0,50.25,39.81,21.47,53.82,51.2,34.54,5.0,25.63,21.93,22.2,61.0,10.05,46.53,62.27,32.57,37.48,46.4,11.18,46.62,74.28,33.3,64.01,34.48,63.13,34.13,59.91,50.25,33.54,29.61,37.64,25.08,40.26,33.54,47.89,46.62,59.93,52.81,14.32,80.43,23.71,57.87,13.6,43.01,0.0
