set K:= 1	2	3	4	5	6	7;
set C_H:= 1	2	3	4	5	6	7	8	9	10	11	12	13	14	15;
set C_S:= 16	17	18	19	20	21	22	23	24	25	26	27	28	29	30;
set C_F:= 31	32	33	34	35	36	37	38	39	40	41	42	43	44	45;
set L_B:= 46	47	48	49	50	51	52	53	54;
set A1:=
(0,*) 1 2 3 4 5 6 7 8 9 10 11 12 13 14 15 31 32 33 34 35 36 37 38 39 40 41 42 43 44 45 46 47 48 49 50 51 52 53 54
(1,*) 0 2 3 4 5 6 7 8 9 10 11 12 13 14 15 31 32 33 34 35 36 37 38 39 40 41 42 43 44 45 46 47 48 49 50 51 52 53 54
(2,*) 0 1 3 4 5 6 7 8 9 10 11 12 13 14 15 31 32 33 34 35 36 37 38 39 40 41 42 43 44 45 46 47 48 49 50 51 52 53 54
(3,*) 0 1 2 4 5 6 7 8 9 10 11 12 13 14 15 31 32 33 34 35 36 37 38 39 40 41 42 43 44 45 46 47 48 49 50 51 52 53 54
(4,*) 0 1 2 3 5 6 7 8 9 10 11 12 13 14 15 31 32 33 34 35 36 37 38 39 40 41 42 43 44 45 46 47 48 49 50 51 52 53 54
(5,*) 0 1 2 3 4 6 7 8 9 10 11 12 13 14 15 31 32 33 34 35 36 37 38 39 40 41 42 43 44 45 46 47 48 49 50 51 52 53 54
(6,*) 0 1 2 3 4 5 7 8 9 10 11 12 13 14 15 31 32 33 34 35 36 37 38 39 40 41 42 43 44 45 46 47 48 49 50 51 52 53 54
(7,*) 0 1 2 3 4 5 6 8 9 10 11 12 13 14 15 31 32 33 34 35 36 37 38 39 40 41 42 43 44 45 46 47 48 49 50 51 52 53 54
(8,*) 0 1 2 3 4 5 6 7 9 10 11 12 13 14 15 31 32 33 34 35 36 37 38 39 40 41 42 43 44 45 46 47 48 49 50 51 52 53 54
(9,*) 0 1 2 3 4 5 6 7 8 10 11 12 13 14 15 31 32 33 34 35 36 37 38 39 40 41 42 43 44 45 46 47 48 49 50 51 52 53 54
(10,*) 0 1 2 3 4 5 6 7 8 9 11 12 13 14 15 31 32 33 34 35 36 37 38 39 40 41 42 43 44 45 46 47 48 49 50 51 52 53 54
(11,*) 0 1 2 3 4 5 6 7 8 9 10 12 13 14 15 31 32 33 34 35 36 37 38 39 40 41 42 43 44 45 46 47 48 49 50 51 52 53 54
(12,*) 0 1 2 3 4 5 6 7 8 9 10 11 13 14 15 31 32 33 34 35 36 37 38 39 40 41 42 43 44 45 46 47 48 49 50 51 52 53 54
(13,*) 0 1 2 3 4 5 6 7 8 9 10 11 12 14 15 31 32 33 34 35 36 37 38 39 40 41 42 43 44 45 46 47 48 49 50 51 52 53 54
(14,*) 0 1 2 3 4 5 6 7 8 9 10 11 12 13 15 31 32 33 34 35 36 37 38 39 40 41 42 43 44 45 46 47 48 49 50 51 52 53 54
(15,*) 0 1 2 3 4 5 6 7 8 9 10 11 12 13 14 31 32 33 34 35 36 37 38 39 40 41 42 43 44 45 46 47 48 49 50 51 52 53 54
(31,*) 0 1 2 3 4 5 6 7 8 9 10 11 12 13 14 15 32 33 34 35 36 37 38 39 40 41 42 43 44 45 46 47 48 49 50 51 52 53 54
(32,*) 0 1 2 3 4 5 6 7 8 9 10 11 12 13 14 15 31 33 34 35 36 37 38 39 40 41 42 43 44 45 46 47 48 49 50 51 52 53 54
(33,*) 0 1 2 3 4 5 6 7 8 9 10 11 12 13 14 15 31 32 34 35 36 37 38 39 40 41 42 43 44 45 46 47 48 49 50 51 52 53 54
(34,*) 0 1 2 3 4 5 6 7 8 9 10 11 12 13 14 15 31 32 33 35 36 37 38 39 40 41 42 43 44 45 46 47 48 49 50 51 52 53 54
(35,*) 0 1 2 3 4 5 6 7 8 9 10 11 12 13 14 15 31 32 33 34 36 37 38 39 40 41 42 43 44 45 46 47 48 49 50 51 52 53 54
(36,*) 0 1 2 3 4 5 6 7 8 9 10 11 12 13 14 15 31 32 33 34 35 37 38 39 40 41 42 43 44 45 46 47 48 49 50 51 52 53 54
(37,*) 0 1 2 3 4 5 6 7 8 9 10 11 12 13 14 15 31 32 33 34 35 36 38 39 40 41 42 43 44 45 46 47 48 49 50 51 52 53 54
(38,*) 0 1 2 3 4 5 6 7 8 9 10 11 12 13 14 15 31 32 33 34 35 36 37 39 40 41 42 43 44 45 46 47 48 49 50 51 52 53 54
(39,*) 0 1 2 3 4 5 6 7 8 9 10 11 12 13 14 15 31 32 33 34 35 36 37 38 40 41 42 43 44 45 46 47 48 49 50 51 52 53 54
(40,*) 0 1 2 3 4 5 6 7 8 9 10 11 12 13 14 15 31 32 33 34 35 36 37 38 39 41 42 43 44 45 46 47 48 49 50 51 52 53 54
(41,*) 0 1 2 3 4 5 6 7 8 9 10 11 12 13 14 15 31 32 33 34 35 36 37 38 39 40 42 43 44 45 46 47 48 49 50 51 52 53 54
(42,*) 0 1 2 3 4 5 6 7 8 9 10 11 12 13 14 15 31 32 33 34 35 36 37 38 39 40 41 43 44 45 46 47 48 49 50 51 52 53 54
(43,*) 0 1 2 3 4 5 6 7 8 9 10 11 12 13 14 15 31 32 33 34 35 36 37 38 39 40 41 42 44 45 46 47 48 49 50 51 52 53 54
(44,*) 0 1 2 3 4 5 6 7 8 9 10 11 12 13 14 15 31 32 33 34 35 36 37 38 39 40 41 42 43 45 46 47 48 49 50 51 52 53 54
(45,*) 0 1 2 3 4 5 6 7 8 9 10 11 12 13 14 15 31 32 33 34 35 36 37 38 39 40 41 42 43 44 46 47 48 49 50 51 52 53 54
(46,*) 0 1 2 3 4 5 6 7 8 9 10 11 12 13 14 15 31 32 33 34 35 36 37 38 39 40 41 42 43 44 45 47 48 49 50 51 52 53 54
(47,*) 0 1 2 3 4 5 6 7 8 9 10 11 12 13 14 15 31 32 33 34 35 36 37 38 39 40 41 42 43 44 45 46 48 49 50 51 52 53 54
(48,*) 0 1 2 3 4 5 6 7 8 9 10 11 12 13 14 15 31 32 33 34 35 36 37 38 39 40 41 42 43 44 45 46 47 49 50 51 52 53 54
(49,*) 0 1 2 3 4 5 6 7 8 9 10 11 12 13 14 15 31 32 33 34 35 36 37 38 39 40 41 42 43 44 45 46 47 48 50 51 52 53 54
(50,*) 0 1 2 3 4 5 6 7 8 9 10 11 12 13 14 15 31 32 33 34 35 36 37 38 39 40 41 42 43 44 45 46 47 48 49 51 52 53 54
(51,*) 0 1 2 3 4 5 6 7 8 9 10 11 12 13 14 15 31 32 33 34 35 36 37 38 39 40 41 42 43 44 45 46 47 48 49 50 52 53 54
(52,*) 0 1 2 3 4 5 6 7 8 9 10 11 12 13 14 15 31 32 33 34 35 36 37 38 39 40 41 42 43 44 45 46 47 48 49 50 51 53 54
(53,*) 0 1 2 3 4 5 6 7 8 9 10 11 12 13 14 15 31 32 33 34 35 36 37 38 39 40 41 42 43 44 45 46 47 48 49 50 51 52 54
(54,*) 0 1 2 3 4 5 6 7 8 9 10 11 12 13 14 15 31 32 33 34 35 36 37 38 39 40 41 42 43 44 45 46 47 48 49 50 51 52 53
;
param BigM:=99999;
param n:= 7;
param d:=
1	1
2	20
3	13
4	7
5	10
6	23
7	13
8	9
9	6
10	19
11	10
12	13
13	7
14	17
15	2
16	2
17	10
18	15
19	24
20	12
21	19
22	12
23	18
24	20
25	24
26	4
27	15
28	1
29	6
30	20
31	12
32	26
33	20
34	7
35	9
36	22
37	20
38	12
39	3
40	18
41	3
42	23
43	13
44	22
45	21
;
param Q:=100;
param e:
	46	47	48	49	50	51	52	53	54:=
16	0	0	1	0	0	0	0	0	0	
17	0	0	0	1	0	0	0	0	0	
18	0	0	0	0	0	1	0	0	0	
19	0	0	0	0	1	0	1	0	0	
20	0	0	0	0	0	0	0	1	0	
21	0	0	1	0	0	0	0	0	0	
22	0	0	0	0	0	0	0	0	1	
23	0	0	0	1	0	0	0	0	0	
24	0	0	1	0	0	0	0	0	0	
25	0	0	0	1	0	0	0	0	0	
26	0	0	0	0	0	0	0	0	1	
27	0	0	0	0	0	1	0	0	0	
28	0	0	0	1	0	0	0	0	0	
29	0	0	0	0	0	0	0	0	1	
30	0	0	0	0	0	0	0	1	0	
31	0	0	0	0	0	0	0	0	1	
32	0	0	0	0	0	1	0	0	0	
33	0	0	0	0	0	1	0	0	0	
34	0	0	1	0	1	0	1	0	1	
35	0	0	0	1	0	0	0	0	0	
36	0	0	0	0	1	1	1	1	1	
37	0	0	0	0	1	0	0	0	0	
38	0	0	0	0	1	1	1	1	1	
39	0	0	1	0	1	0	1	0	0	
40	0	0	0	1	0	0	0	0	0	
41	0	0	1	0	1	0	1	1	1	
42	0	0	0	0	0	1	0	0	0	
43	0	0	0	0	0	0	0	1	0	
44	0	0	1	0	1	0	1	0	0	
45	0	0	0	1	0	0	0	0	0	
;
param p:=
1	3
2	3
3	3
4	3
5	3
6	3
7	3
;
param G:=
46	95
47	92
48	79
49	71
50	88
51	73
52	74
53	73
54	70
;
param s:=
0	0
1	10
2	10
3	10
4	10
5	10
6	10
7	10
8	10
9	10
10	10
11	10
12	10
13	10
14	10
15	10
31	10
32	10
33	10
34	10
35	10
36	10
37	10
38	10
39	10
40	10
41	10
42	10
43	10
44	10
45	10
46	10
47	10
48	10
49	10
50	10
51	10
52	10
53	10
54	10
;
param t:
	0	1	2	3	4	5	6	7	8	9	10	11	12	13	14	15	16	17	18	19	20	21	22	23	24	25	26	27	28	29	30	31	32	33	34	35	36	37	38	39	40	41	42	43	44	45	46	47	48	49	50	51	52	53	54:=
0	0.0	38.42	30.59	20.59	38.21	31.24	52.95	66.12	90.0	52.84	68.12	63.56	66.03	75.18	38.21	22.8	24.08	8.25	56.64	53.67	16.97	26.08	34.53	6.32	73.59	25.61	19.8	32.98	16.12	52.8	21.26	70.88	54.04	46.69	40.05	46.65	39.7	63.78	28.84	48.04	69.86	21.26	54.59	79.62	58.86	73.54	46.62	62.43	37.34	16.4	35.36	46.84	35.51	20.62	22.85
1	38.42	0.0	30.0	46.52	29.53	44.41	48.83	49.4	53.67	60.17	51.11	65.51	74.32	78.23	5.66	58.41	14.42	46.04	18.44	24.74	40.25	60.17	37.36	41.04	36.06	41.23	45.12	32.06	29.53	64.56	43.08	66.6	35.38	8.94	32.25	70.0	2.0	75.89	10.0	36.88	40.05	17.89	28.84	80.0	39.45	35.61	43.97	69.35	28.18	42.06	27.31	18.6	26.4	21.47	21.21
2	30.59	30.0	0.0	23.32	51.11	15.23	70.46	76.55	81.61	76.42	78.43	85.04	90.69	97.67	34.23	39.4	25.06	38.21	45.61	54.33	18.97	56.57	53.81	28.0	63.25	14.14	48.33	2.83	14.56	78.41	18.87	89.31	24.33	38.21	53.85	76.16	32.0	90.0	22.8	60.83	70.03	27.2	27.78	100.9	67.05	62.03	17.69	86.31	49.74	21.19	48.02	24.21	47.51	14.87	34.21
3	20.59	46.52	23.32	0.0	56.32	14.14	72.8	84.21	100.18	73.43	86.21	84.1	86.53	95.77	48.7	16.49	34.93	24.08	64.5	67.47	6.32	41.18	54.41	14.42	82.37	10.2	40.0	24.17	17.09	73.24	4.47	91.08	46.82	55.46	58.55	65.3	48.33	84.02	36.77	66.48	83.95	34.23	51.11	100.18	76.0	81.63	33.0	83.01	55.23	5.0	53.24	46.75	53.15	25.08	39.01
4	38.21	29.53	51.11	56.32	0.0	61.35	19.8	28.0	60.46	31.05	30.0	36.06	44.94	48.83	24.17	60.83	26.08	41.76	38.0	22.36	50.64	46.86	10.77	44.05	48.7	56.32	30.0	53.85	41.76	36.22	54.92	38.42	64.03	30.59	2.83	46.17	28.64	47.07	29.73	10.2	35.38	24.17	58.31	50.99	20.88	50.0	68.24	39.92	1.41	51.35	3.16	48.02	3.61	36.67	17.72
5	31.24	44.41	15.23	14.14	61.35	0.0	79.62	88.29	96.77	82.8	90.24	92.65	96.54	104.86	48.04	30.07	36.5	36.72	60.73	68.0	14.42	54.63	61.77	26.08	78.43	5.66	50.99	14.42	19.7	83.55	10.77	98.39	34.99	52.95	63.91	77.67	46.39	94.76	36.0	71.47	84.1	37.36	41.04	108.76	79.25	77.25	19.1	92.62	60.08	15.65	58.19	39.12	57.87	25.32	43.66
6	52.95	48.83	70.46	72.8	19.8	79.62	0.0	19.8	67.05	17.09	21.26	17.09	28.07	29.53	43.27	74.11	45.61	54.04	53.85	34.23	67.68	52.5	18.44	59.23	60.03	74.32	38.21	73.24	59.93	24.17	72.11	18.87	83.74	48.33	16.97	41.04	47.71	32.25	49.52	12.65	39.85	43.27	77.67	31.24	20.88	62.0	87.8	23.02	21.21	68.01	22.67	67.42	23.35	55.76	36.36
7	66.12	49.4	76.55	84.21	28.0	88.29	19.8	0.0	50.36	36.06	2.0	31.05	43.68	40.0	43.91	88.57	51.92	69.05	47.2	26.91	78.41	70.68	33.53	72.03	47.54	83.55	55.03	79.12	69.05	43.27	82.61	24.08	84.4	45.34	26.08	60.83	47.71	49.4	53.85	18.11	24.08	50.99	76.58	38.47	10.0	50.0	92.61	39.22	29.02	79.23	31.02	67.01	31.06	63.06	45.28
8	90.0	53.67	81.61	100.18	60.46	96.77	67.05	50.36	0.0	84.12	50.16	81.22	93.74	90.2	52.15	111.52	66.57	96.54	36.06	38.42	93.91	106.3	71.02	93.74	18.44	94.34	89.38	82.97	83.19	91.08	96.66	74.11	74.0	44.72	61.06	105.55	51.88	98.95	63.53	57.27	27.2	68.82	64.0	88.0	46.17	20.1	90.67	89.05	60.22	95.71	61.4	59.68	60.61	75.13	68.01
9	52.84	60.17	76.42	73.43	31.05	82.8	17.09	36.06	84.12	0.0	37.2	12.0	14.42	22.36	55.03	70.88	53.25	51.26	68.47	50.04	69.34	44.0	23.32	59.06	76.42	77.2	34.18	79.25	63.78	7.21	73.78	22.8	93.3	61.61	28.64	26.08	59.46	16.12	58.31	28.07	56.92	50.0	88.57	27.2	37.95	78.23	94.11	9.9	32.28	69.12	32.89	78.29	33.84	61.62	43.01
10	68.12	51.11	78.43	86.21	30.0	90.24	21.26	2.0	50.16	37.2	0.0	31.62	44.27	40.05	45.65	90.55	53.85	71.02	48.41	28.28	80.4	72.5	35.44	74.03	48.08	85.51	56.92	80.99	71.02	44.41	84.59	24.0	86.02	46.86	28.07	62.23	49.4	50.16	55.71	20.1	24.33	52.95	78.1	38.21	11.66	50.6	94.43	39.92	31.02	81.22	33.02	68.6	33.06	65.0	47.27
11	63.56	65.51	85.04	84.1	36.06	92.65	17.09	31.05	81.22	12.0	31.62	0.0	12.65	12.81	60.03	82.46	60.83	62.64	70.88	50.99	79.65	56.0	31.24	69.86	76.11	87.13	45.61	87.86	73.24	17.09	84.12	11.66	100.0	65.39	33.29	36.77	64.5	18.87	65.3	29.73	54.33	58.0	94.34	16.12	36.0	78.23	102.65	8.6	37.44	79.61	38.6	84.06	39.41	70.18	50.93
12	66.03	74.32	90.69	86.53	44.94	96.54	28.07	43.68	93.74	14.42	44.27	12.65	0.0	12.17	69.08	82.46	67.68	63.53	81.58	62.29	82.8	53.37	37.74	72.11	88.0	90.91	46.65	93.51	77.79	13.42	87.2	22.8	107.7	75.29	42.38	30.07	73.54	7.21	72.72	40.45	66.75	64.4	102.86	18.44	48.17	90.02	108.37	5.1	46.24	82.42	47.01	92.57	47.93	75.93	57.43
13	75.18	78.23	97.67	95.77	48.83	104.86	29.53	40.0	90.2	22.36	40.05	12.81	12.17	0.0	72.72	92.97	73.59	73.54	82.87	62.64	91.59	64.78	43.86	81.41	86.83	99.3	56.46	100.5	85.6	24.33	96.04	16.12	112.8	77.82	46.04	42.19	77.18	18.97	78.1	42.05	64.03	70.71	107.07	6.32	46.69	89.11	115.31	13.34	50.22	91.42	51.4	96.8	52.2	82.81	63.64
14	38.21	5.66	34.23	48.7	24.17	48.04	43.27	43.91	52.15	55.03	45.65	60.03	69.08	72.72	0.0	59.36	14.42	45.34	18.87	20.1	42.38	58.14	32.56	41.62	35.38	44.41	42.38	36.5	31.62	59.67	45.61	60.96	41.04	8.94	26.83	66.12	4.47	70.88	12.17	31.24	36.06	16.97	34.41	74.4	34.0	35.38	49.04	64.08	22.85	44.01	22.14	24.21	21.19	23.77	18.38
15	22.8	58.41	39.4	16.49	60.83	30.07	74.11	88.57	111.52	70.88	90.55	82.46	82.46	92.97	59.36	0.0	44.94	20.1	76.84	76.16	20.59	31.24	56.0	17.89	94.4	26.68	36.88	40.5	29.73	69.08	20.88	91.08	63.25	67.2	62.51	57.2	60.0	78.71	48.41	70.46	92.48	42.94	67.08	98.08	81.58	94.02	49.16	79.71	60.02	18.36	58.05	61.85	58.25	37.48	45.54
16	24.08	14.42	25.06	34.93	26.08	36.5	45.61	51.92	66.57	53.25	53.85	60.83	67.68	73.59	14.42	44.94	0.0	31.62	32.56	32.56	28.64	46.17	30.0	27.2	49.68	32.06	32.06	27.78	18.11	56.36	32.25	64.4	40.25	22.63	28.84	58.55	15.62	68.0	6.0	35.78	49.03	4.0	36.88	76.42	42.76	49.52	42.2	63.01	24.7	30.08	23.02	27.17	22.47	11.18	10.3
17	8.25	46.04	38.21	24.08	41.76	36.72	54.04	69.05	96.54	51.26	71.02	62.64	63.53	73.54	45.34	20.1	31.62	0.0	64.03	59.36	22.36	18.44	36.06	10.77	80.62	31.3	17.09	40.45	24.0	50.12	26.08	71.02	62.0	54.04	43.17	41.23	47.2	60.46	36.72	50.99	75.18	28.43	62.8	78.43	62.64	80.72	53.45	60.42	41.11	21.1	39.22	55.08	39.56	28.86	28.6
18	56.64	18.44	45.61	64.5	38.0	60.73	53.85	47.2	36.06	68.47	48.41	70.88	81.58	82.87	18.87	76.84	32.56	64.03	0.0	20.59	58.31	76.94	48.17	59.46	17.89	58.31	60.93	47.07	47.71	74.11	60.83	68.88	41.76	10.0	40.05	83.19	16.97	84.59	28.43	41.23	29.53	35.61	32.31	83.26	37.74	17.2	56.01	76.49	37.01	60.21	37.12	25.18	36.12	39.66	37.12
19	53.67	24.74	54.33	67.47	22.36	68.0	34.23	26.91	38.42	50.04	28.28	50.99	62.29	62.64	20.1	76.16	32.56	59.36	20.59	0.0	61.19	67.94	33.11	58.31	26.68	64.12	50.99	56.57	50.64	56.32	64.78	48.33	58.31	18.87	23.41	68.35	22.8	66.0	32.0	22.0	16.49	33.53	50.0	62.77	17.2	28.28	68.68	57.22	21.95	62.59	23.02	40.82	22.2	43.19	30.89
20	16.97	40.25	18.97	6.32	50.64	14.42	67.68	78.41	93.91	69.34	80.4	79.65	82.8	91.59	42.38	20.59	28.64	22.36	58.31	61.19	0.0	40.5	49.4	11.66	76.16	8.94	36.77	20.4	10.77	69.66	4.47	86.16	43.17	49.19	52.95	63.25	42.05	80.72	30.46	60.83	77.67	28.07	46.52	95.77	70.03	75.47	31.58	79.06	49.5	2.24	47.52	41.4	47.38	18.79	33.14
21	26.08	60.17	56.57	41.18	46.86	54.63	52.5	70.68	106.3	44.0	72.5	56.0	53.37	64.78	58.14	31.24	46.17	18.44	76.94	67.94	40.5	0.0	37.74	29.12	92.09	49.4	16.97	58.86	42.19	40.45	43.86	66.27	80.1	67.08	47.2	26.08	60.93	48.7	51.92	53.85	82.22	42.38	80.22	70.46	66.57	92.65	71.84	51.48	46.75	39.0	45.28	71.85	45.97	46.1	39.82
22	34.53	37.36	53.81	54.41	10.77	61.77	18.44	33.53	71.02	23.32	35.44	31.24	37.74	43.86	32.56	56.0	30.0	36.06	48.17	33.11	49.4	37.74	0.0	40.79	59.46	56.36	21.54	56.64	42.19	27.2	53.85	36.77	69.97	40.05	10.0	35.44	36.88	38.63	34.99	16.12	45.34	26.91	65.39	47.2	28.84	60.73	71.45	33.02	11.4	49.65	11.05	55.15	12.04	38.95	19.85
23	6.32	41.04	28.0	14.42	44.05	26.08	59.23	72.03	93.74	59.06	74.03	69.86	72.11	81.41	41.62	17.89	27.2	10.77	59.46	58.31	11.66	29.12	40.79	0.0	76.84	20.59	25.61	30.07	14.56	58.82	15.62	77.2	52.15	49.68	46.0	51.61	42.52	69.66	31.11	54.0	74.67	25.06	53.85	85.91	64.5	76.58	42.72	68.6	43.1	10.63	41.11	47.01	41.19	21.1	27.89
24	73.59	36.06	63.25	82.37	48.7	78.43	60.03	47.54	18.44	76.42	48.08	76.11	88.0	86.83	35.38	94.4	49.68	80.62	17.89	26.68	76.16	92.09	59.46	76.84	0.0	76.16	75.47	64.56	65.51	82.87	78.71	71.39	56.14	27.2	50.0	94.87	34.41	92.2	46.04	48.37	24.17	52.35	46.17	85.91	40.2	2.83	72.34	83.01	48.1	78.03	48.85	41.3	47.93	57.45	52.63
25	25.61	41.23	14.14	10.2	56.32	5.66	74.32	83.55	94.34	77.2	85.51	87.13	90.91	99.3	44.41	26.68	32.06	31.3	58.31	64.12	8.94	49.4	56.36	20.59	76.16	0.0	45.34	14.42	14.56	77.9	6.0	93.04	36.77	50.0	58.82	72.11	43.17	89.11	32.25	66.48	80.4	32.56	41.62	103.25	74.67	75.15	23.09	87.01	55.08	10.44	53.16	38.29	52.89	21.0	38.6
26	19.8	45.12	48.33	40.0	30.0	50.99	38.21	55.03	89.38	34.18	56.92	45.61	46.65	56.46	42.38	36.88	32.06	17.09	60.93	50.99	36.77	16.97	21.54	25.61	75.47	45.34	0.0	50.99	34.0	33.29	41.04	54.33	69.86	51.26	30.53	27.86	45.61	44.05	38.05	37.58	65.3	28.07	68.26	61.35	50.12	76.16	65.37	43.38	29.83	36.12	28.32	59.01	29.0	35.17	24.04
27	32.98	32.06	2.83	24.17	53.85	14.42	73.24	79.12	82.97	79.25	80.99	87.86	93.51	100.5	36.5	40.5	27.78	40.45	47.07	56.57	20.4	58.86	56.64	30.07	64.56	14.42	50.99	0.0	17.09	81.22	19.7	92.09	22.8	40.05	56.6	78.79	34.06	92.8	25.3	63.53	72.11	30.0	27.2	103.71	69.57	63.25	14.87	89.14	52.48	22.56	50.77	24.7	50.25	17.69	37.01
28	16.12	29.53	14.56	17.09	41.76	19.7	59.93	69.05	83.19	63.78	71.02	73.24	77.79	85.6	31.62	29.73	18.11	24.0	47.71	50.64	10.77	42.19	42.19	14.56	65.51	14.56	34.0	17.09	0.0	65.12	14.14	78.71	38.0	38.47	44.27	61.74	31.3	76.58	19.7	51.92	67.08	18.11	39.29	89.31	60.3	64.9	31.38	73.66	40.52	12.53	38.6	32.65	38.33	8.06	24.04
29	52.8	64.56	78.41	73.24	36.22	83.55	24.17	43.27	91.08	7.21	44.41	17.09	13.42	24.33	59.67	69.08	56.36	50.12	74.11	56.32	69.66	40.45	27.2	58.82	82.87	77.9	33.29	81.22	65.12	0.0	74.03	28.64	96.6	66.75	34.06	19.7	64.03	11.66	61.74	34.53	63.91	52.84	92.48	30.07	44.94	84.59	96.05	11.05	37.34	69.2	37.66	82.28	38.64	63.82	46.07
30	21.26	43.08	18.87	4.47	54.92	10.77	72.11	82.61	96.66	73.78	84.59	84.12	87.2	96.04	45.61	20.88	32.25	26.08	60.83	64.78	4.47	43.86	53.85	15.62	78.71	6.0	41.04	19.7	14.14	74.03	0.0	90.62	42.38	52.0	57.27	67.2	44.94	85.04	33.53	65.12	81.22	32.0	46.65	100.24	74.11	77.9	29.07	83.49	53.76	5.0	51.79	42.45	51.62	21.84	37.34
31	70.88	66.6	89.31	91.08	38.42	98.39	18.87	24.08	74.11	22.8	24.0	11.66	22.8	16.12	60.96	91.08	64.4	71.02	68.88	48.33	86.16	66.27	36.77	77.2	71.39	93.04	54.33	92.09	78.71	28.64	90.62	0.0	101.86	64.9	35.61	48.33	65.3	29.73	68.12	29.73	48.17	62.13	95.27	14.56	31.62	73.76	106.61	19.85	39.82	86.38	41.4	85.15	42.01	74.63	55.23
32	54.04	35.38	24.33	46.82	64.03	34.99	83.74	84.4	74.0	93.3	86.02	100.0	107.7	112.8	41.04	63.25	40.25	62.0	41.76	58.31	43.17	80.1	69.97	52.15	56.14	36.77	69.86	22.8	38.0	96.6	42.38	101.86	0.0	39.45	66.84	97.53	36.88	108.24	34.99	72.14	70.94	43.86	10.0	114.98	74.4	54.04	19.42	102.93	62.63	45.35	61.4	17.49	60.61	34.71	50.54
33	46.69	8.94	38.21	55.46	30.59	52.95	48.33	45.34	44.72	61.61	46.86	65.39	75.29	77.82	8.94	67.2	22.63	54.04	10.0	18.87	49.19	67.08	40.05	49.68	27.2	50.0	51.26	40.05	38.47	66.75	52.0	64.9	39.45	0.0	32.98	74.43	7.21	77.67	18.87	35.78	32.56	25.61	31.24	78.89	35.38	26.91	50.8	70.21	29.43	51.0	29.15	21.95	28.16	30.41	27.31
34	40.05	32.25	53.85	58.55	2.83	63.91	16.97	26.08	61.06	28.64	28.07	33.29	42.38	46.04	26.83	62.51	28.84	43.17	40.05	23.41	52.95	47.2	10.0	46.0	50.0	58.82	30.53	56.6	44.27	34.06	57.27	35.61	66.84	32.98	0.0	44.94	31.3	44.72	32.56	8.0	35.38	26.83	61.06	48.17	19.7	51.42	71.03	37.34	4.24	53.6	5.83	50.77	6.4	39.36	20.25
35	46.65	70.0	76.16	65.3	46.17	77.67	41.04	60.83	105.55	26.08	62.23	36.77	30.07	42.19	66.12	57.2	58.55	41.23	83.19	68.35	63.25	26.08	35.44	51.61	94.87	72.11	27.86	78.79	61.74	19.7	67.2	48.33	97.53	74.43	44.94	0.0	70.03	24.08	64.5	48.37	78.89	54.59	95.35	48.37	60.46	96.17	93.02	29.83	46.84	62.2	46.32	85.71	47.3	62.94	49.09
36	39.7	2.0	32.0	48.33	28.64	46.39	47.71	47.71	51.88	59.46	49.4	64.5	73.54	77.18	4.47	60.0	15.62	47.2	16.97	22.8	42.05	60.93	36.88	42.52	34.41	43.17	45.61	34.06	31.3	64.03	44.94	65.3	36.88	7.21	31.3	70.03	0.0	75.29	11.66	35.61	38.05	18.87	30.0	78.82	37.74	34.06	45.88	68.54	27.31	43.83	26.57	19.85	25.63	23.26	21.59
37	63.78	75.89	90.0	84.02	47.07	94.76	32.25	49.4	98.95	16.12	50.16	18.87	7.21	18.97	70.88	78.71	68.0	60.46	84.59	66.0	80.72	48.7	38.63	69.66	92.2	89.11	44.05	92.8	76.58	11.66	85.04	29.73	108.24	77.67	44.72	24.08	75.29	0.0	73.35	44.0	71.81	64.5	104.0	25.3	52.95	94.09	107.62	10.3	48.27	80.16	48.76	93.78	49.73	75.45	57.71
38	28.84	10.0	22.8	36.77	29.73	36.0	49.52	53.85	63.53	58.31	55.71	65.3	72.72	78.1	12.17	48.41	6.0	36.72	28.43	32.0	30.46	51.92	34.99	31.11	46.04	32.25	38.05	25.3	19.7	61.74	33.53	68.12	34.99	18.87	32.56	64.5	11.66	73.35	0.0	38.83	48.17	10.0	31.05	80.62	44.27	45.61	38.95	67.96	28.32	32.2	26.87	21.21	26.17	11.7	15.81
39	48.04	36.88	60.83	66.48	10.2	71.47	12.65	18.11	57.27	28.07	20.1	29.73	40.45	42.05	31.24	70.46	35.78	50.99	41.23	22.0	60.83	53.85	16.12	54.0	48.37	66.48	37.58	63.53	51.92	34.53	65.12	29.73	72.14	35.78	8.0	48.37	35.61	44.0	38.83	0.0	30.53	34.18	65.6	43.27	12.81	50.16	77.7	35.36	11.4	61.52	13.34	55.44	13.6	46.62	27.89
40	69.86	40.05	70.03	83.95	35.38	84.1	39.85	24.08	27.2	56.92	24.33	54.33	66.75	64.03	36.06	92.48	49.03	75.18	29.53	16.49	77.67	82.22	45.34	74.67	24.17	80.4	65.3	72.11	67.08	63.91	81.22	48.17	70.94	32.56	35.38	78.89	38.05	71.81	48.17	30.53	0.0	50.0	61.74	62.51	18.97	26.83	83.36	61.98	35.47	79.08	37.01	53.76	36.4	59.54	47.01
41	21.26	17.89	27.2	34.23	24.17	37.36	43.27	50.99	68.82	50.0	52.95	58.0	64.4	70.71	16.97	42.94	4.0	28.43	35.61	33.53	28.07	42.38	26.91	25.06	52.35	32.56	28.07	30.0	18.11	52.84	32.0	62.13	43.86	25.61	26.83	54.59	18.87	64.5	10.0	34.18	50.0	0.0	40.79	73.76	42.19	52.35	44.69	59.82	22.85	29.27	21.02	31.14	20.62	12.53	7.07
42	54.59	28.84	27.78	51.11	58.31	41.04	77.67	76.58	64.0	88.57	78.1	94.34	102.86	107.07	34.41	67.08	36.88	62.8	32.31	50.0	46.52	80.22	65.39	53.85	46.17	41.62	68.26	27.2	39.29	92.48	46.65	95.27	10.0	31.24	61.06	95.35	30.0	104.0	31.05	65.6	61.74	40.79	0.0	108.81	66.6	44.05	28.23	97.95	56.94	48.75	55.95	10.3	55.07	34.13	46.84
43	79.62	80.0	100.9	100.18	50.99	108.76	31.24	38.47	88.0	27.2	38.21	16.12	18.44	6.32	74.4	98.08	76.42	78.43	83.26	62.77	95.77	70.46	47.2	85.91	85.91	103.25	61.35	103.71	89.31	30.07	100.24	14.56	114.98	78.89	48.17	48.37	78.82	25.3	80.62	43.27	62.51	73.76	108.81	0.0	46.17	88.29	118.44	19.03	52.4	95.71	53.76	98.6	54.49	86.05	66.71
44	58.86	39.45	67.05	76.0	20.88	79.25	20.88	10.0	46.17	37.95	11.66	36.0	48.17	46.69	34.0	81.58	42.76	62.64	37.74	17.2	70.03	66.57	28.84	64.5	40.2	74.67	50.12	69.57	60.3	44.94	74.11	31.62	74.4	35.38	19.7	60.46	37.74	52.95	44.27	12.81	18.97	42.19	66.6	46.17	0.0	42.43	82.86	43.29	21.59	71.0	23.54	57.01	23.35	53.94	37.01
45	73.54	35.61	62.03	81.63	50.0	77.25	62.0	50.0	20.1	78.23	50.6	78.23	90.02	89.11	35.38	94.02	49.52	80.72	17.2	28.28	75.47	92.65	60.73	76.58	2.83	75.15	76.16	63.25	64.9	84.59	77.9	73.76	54.04	26.91	51.42	96.17	34.06	94.09	45.61	50.16	26.83	52.35	44.05	88.29	42.43	0.0	70.58	85.01	49.34	77.39	49.98	39.62	49.04	56.86	53.01
46	46.62	43.97	17.69	33.0	68.24	19.1	87.8	92.61	90.67	94.11	94.43	102.65	108.37	115.31	49.04	49.16	42.2	53.45	56.01	68.68	31.58	71.84	71.45	42.72	72.34	23.09	65.37	14.87	31.38	96.05	29.07	106.61	19.42	50.8	71.03	93.02	45.88	107.62	38.95	77.7	83.36	44.69	28.23	118.44	82.86	70.58	0.0	104.0	66.85	33.38	65.22	31.06	64.64	32.53	51.74
47	62.43	69.35	86.31	83.01	39.92	92.62	23.02	39.22	89.05	9.9	39.92	8.6	5.1	13.34	64.08	79.71	63.01	60.42	76.49	57.22	79.06	51.48	33.02	68.6	83.01	87.01	43.38	89.14	73.66	11.05	83.49	19.85	102.93	70.21	37.34	29.83	68.54	10.3	67.96	35.36	61.98	59.82	97.95	19.03	43.29	85.01	104.0	0.0	41.23	78.77	42.05	87.66	42.95	71.51	52.8
48	37.34	28.18	49.74	55.23	1.41	60.08	21.21	29.02	60.22	32.28	31.02	37.44	46.24	50.22	22.85	60.02	24.7	41.11	37.01	21.95	49.5	46.75	11.4	43.1	48.1	55.08	29.83	52.48	40.52	37.34	53.76	39.82	62.63	29.43	4.24	46.84	27.31	48.27	28.32	11.4	35.47	22.85	56.94	52.4	21.59	49.34	66.85	41.23	0.0	50.25	2.0	46.65	2.24	35.34	16.49
49	16.4	42.06	21.19	5.0	51.35	15.65	68.01	79.23	95.71	69.12	81.22	79.61	82.42	91.42	44.01	18.36	30.08	21.1	60.21	62.59	2.24	39.0	49.65	10.63	78.03	10.44	36.12	22.56	12.53	69.2	5.0	86.38	45.35	51.0	53.6	62.2	43.83	80.16	32.2	61.52	79.08	29.27	48.75	95.71	71.0	77.39	33.38	78.77	50.25	0.0	48.26	43.6	48.17	20.59	34.01
50	35.36	27.31	48.02	53.24	3.16	58.19	22.67	31.02	61.4	32.89	33.02	38.6	47.01	51.4	22.14	58.05	23.02	39.22	37.12	23.02	47.52	45.28	11.05	41.11	48.85	53.16	28.32	50.77	38.6	37.66	51.79	41.4	61.4	29.15	5.83	46.32	26.57	48.76	26.87	13.34	37.01	21.02	55.95	53.76	23.54	49.98	65.22	42.05	2.0	48.26	0.0	45.65	1.0	33.54	14.56
51	46.84	18.6	24.21	46.75	48.02	39.12	67.42	67.01	59.68	78.29	68.6	84.06	92.57	96.8	24.21	61.85	27.17	55.08	25.18	40.82	41.4	71.85	55.15	47.01	41.3	38.29	59.01	24.7	32.65	82.28	42.45	85.15	17.49	21.95	50.77	85.71	19.85	93.78	21.21	55.44	53.76	31.14	10.3	98.6	57.01	39.62	31.06	87.66	46.65	43.6	45.65	0.0	44.78	26.25	36.88
52	35.51	26.4	47.51	53.15	3.61	57.87	23.35	31.06	60.61	33.84	33.06	39.41	47.93	52.2	21.19	58.25	22.47	39.56	36.12	22.2	47.38	45.97	12.04	41.19	47.93	52.89	29.0	50.25	38.33	38.64	51.62	42.01	60.61	28.16	6.4	47.3	25.63	49.73	26.17	13.6	36.4	20.62	55.07	54.49	23.35	49.04	64.64	42.95	2.24	48.17	1.0	44.78	0.0	33.11	14.32
53	20.62	21.47	14.87	25.08	36.67	25.32	55.76	63.06	75.13	61.62	65.0	70.18	75.93	82.81	23.77	37.48	11.18	28.86	39.66	43.19	18.79	46.1	38.95	21.1	57.45	21.0	35.17	17.69	8.06	63.82	21.84	74.63	34.71	30.41	39.36	62.94	23.26	75.45	11.7	46.62	59.54	12.53	34.13	86.05	53.94	56.86	32.53	71.51	35.34	20.59	33.54	26.25	33.11	0.0	19.42
54	22.85	21.21	34.21	39.01	17.72	43.66	36.36	45.28	68.01	43.01	47.27	50.93	57.43	63.64	18.38	45.54	10.3	28.6	37.12	30.89	33.14	39.82	19.85	27.89	52.63	38.6	24.04	37.01	24.04	46.07	37.34	55.23	50.54	27.31	20.25	49.09	21.59	57.71	15.81	27.89	47.01	7.07	46.84	66.71	37.01	53.01	51.74	52.8	16.49	34.01	14.56	36.88	14.32	19.42	0.0
;
