vehicles
vehicle_idx, capacity, cost_per_unit_distance
1,100,3
2,100,3
3,100,3
4,100,3
5,100,3
6,100,3
7,100,3
depot
node_idx,x,y
0,75,55
home delivery customers
node_idx,x,y,service_time,demand
1,93,45,10,13
2,77,63,10,10
3,37,13,10,15
4,27,31,10,24
5,95,31,10,10
6,9,51,10,13
7,51,95,10,9
8,17,81,10,10
9,61,69,10,4
10,21,93,10,13
11,27,53,10,3
12,59,41,10,3
13,3,89,10,13
14,33,87,10,6
15,91,41,10,20
self pickup customers
node_idx,x,y,service_time,demand,locker_idxs
16,77,1,10,26,51-48
17,51,25,10,1,52-51
18,81,25,10,20,53-51
19,23,65,10,23,58-56
20,73,81,10,19,50-46
21,3,1,10,9,47
22,29,81,10,6,49
23,49,25,10,22,55-51
24,21,5,10,20,47
25,91,35,10,24,53-57
26,27,97,10,20,54
27,9,91,10,7,49
28,11,27,10,18,47
29,47,29,10,17,55-52
30,97,61,10,2,50
flexible customers
node_idx,x,y,service_time,demand,locker_idxs
31,7,75,10,12,49
32,59,37,10,2,55-52
33,43,21,10,20,47
34,35,53,10,7,52-58-56
35,37,51,10,7,56-52-58
36,87,43,10,12,53-57-55
37,41,61,10,12,52-56-58
38,81,53,10,18,55
39,7,51,10,19,56
40,83,23,10,15,53-57-51-48
41,59,31,10,12,55-51
42,67,1,10,23,51
43,77,39,10,1,57-55-51
44,17,45,10,22,56-52
45,23,3,10,21,47
lockers
node_idx,x,y,service_time,capacity,cost_per_unit_good
46,65,88,10,86
47,25,15,10,92
48,93,12,10,94
49,22,88,10,80
50,77,88,10,97
51,72,14,10,70
52,39,42,10,85
53,98,24,10,90
54,26,92,10,91
55,72,36,10,96
56,29,52,10,78
57,86,24,10,95
58,43,59,10,91
mrt lines
start_node_idx,end_node_idx,freight_capacity,cost_per_unit_good
46,47,92,0.1
47,46,92,0.1
distance matrix
,0,1,2,3,4,5,6,7,8,9,10,11,12,13,14,15,16,17,18,19,20,21,22,23,24,25,26,27,28,29,30,31,32,33,34,35,36,37,38,39,40,41,42,43,44,45,46,47,48,49,50,51,52,53,54,55,56,57,58,
0,0.0,20.59,8.25,56.64,53.67,31.24,66.12,46.65,63.56,19.8,66.03,48.04,21.26,79.62,52.8,21.26,54.04,38.42,30.59,52.95,26.08,90.0,52.84,39.7,73.59,25.61,63.78,75.18,69.86,38.21,22.8,70.88,24.08,46.69,40.05,38.21,16.97,34.53,6.32,68.12,32.98,28.84,54.59,16.12,58.86,73.54,34.48,64.03,46.62,62.43,33.06,41.11,38.28,38.6,61.4,19.24,46.1,32.89,32.25
1,20.59,0.0,24.08,64.5,67.47,14.14,84.21,65.3,84.1,40.0,86.53,66.48,34.23,100.18,73.24,4.47,46.82,46.52,23.32,72.8,41.18,100.18,73.43,48.33,82.37,10.2,84.02,95.77,83.95,48.7,16.49,91.08,34.93,55.46,58.55,56.32,6.32,54.41,14.42,86.21,24.17,36.77,51.11,17.09,76.0,81.63,51.31,74.32,33.0,83.01,45.88,37.44,54.08,21.59,81.84,22.85,64.38,22.14,51.92
2,8.25,24.08,0.0,64.03,59.36,36.72,69.05,41.23,62.64,17.09,63.53,50.99,28.43,78.43,50.12,26.08,62.0,46.04,38.21,54.04,18.44,96.54,51.26,47.2,80.62,31.3,60.46,73.54,75.18,45.34,20.1,71.02,31.62,54.04,43.17,41.76,22.36,36.06,10.77,71.02,40.45,36.72,62.8,24.0,62.64,80.72,27.73,70.77,53.45,60.42,25.0,49.25,43.42,44.29,58.67,27.46,49.24,40.02,34.23
3,56.64,64.5,64.03,0.0,20.59,60.73,47.2,83.19,70.88,60.93,81.58,41.23,35.61,83.26,74.11,60.83,41.76,18.44,45.61,53.85,76.94,36.06,68.47,16.97,17.89,58.31,84.59,82.87,29.53,18.87,76.84,68.88,32.56,10.0,40.05,38.0,58.31,48.17,59.46,48.41,47.07,28.43,32.31,47.71,37.74,17.2,80.06,12.17,56.01,76.49,85.0,35.01,29.07,61.98,79.76,41.88,39.81,50.22,46.39
4,53.67,67.47,59.36,20.59,0.0,68.0,26.91,68.35,50.99,50.99,62.29,22.0,33.53,62.77,56.32,64.78,58.31,24.74,54.33,34.23,67.94,38.42,50.04,22.8,26.68,64.12,66.0,62.64,16.49,20.1,76.16,48.33,32.56,18.87,23.41,22.36,61.19,33.11,58.31,28.28,56.57,32.0,50.0,50.64,17.2,28.28,68.51,16.12,68.68,57.22,75.82,48.1,16.28,71.34,61.01,45.28,21.1,59.41,32.25
5,31.24,14.14,36.72,60.73,68.0,0.0,88.29,77.67,92.65,50.99,96.54,71.47,37.36,108.76,83.55,10.77,34.99,44.41,15.23,79.62,54.63,96.77,82.8,46.39,78.43,5.66,94.76,104.86,84.1,48.04,30.07,98.39,36.5,52.95,63.91,61.35,14.42,61.77,26.08,90.24,14.42,36.0,41.04,19.7,79.25,77.25,64.41,71.81,19.1,92.62,59.77,28.6,57.07,7.62,92.1,23.54,69.26,11.4,59.06
6,66.12,84.21,69.05,47.2,26.91,88.29,0.0,60.83,31.05,55.03,43.68,18.11,50.99,38.47,43.27,82.61,84.4,49.4,76.55,19.8,70.68,50.36,36.06,47.71,47.54,83.55,49.4,40.0,24.08,43.91,88.57,24.08,51.92,45.34,26.08,28.0,78.41,33.53,72.03,2.0,79.12,53.85,76.58,69.05,10.0,50.0,67.12,39.4,92.61,39.22,77.41,73.06,31.32,93.01,44.38,64.76,20.02,81.6,34.93
7,46.65,65.3,41.23,83.19,68.35,77.67,60.83,0.0,36.77,27.86,30.07,48.37,54.59,48.37,19.7,67.2,97.53,70.0,76.16,41.04,26.08,105.55,26.08,70.03,94.87,72.11,24.08,42.19,78.89,66.12,57.2,48.33,58.55,74.43,44.94,46.17,63.25,35.44,51.61,62.23,78.79,64.5,95.35,61.74,60.46,96.17,15.65,84.12,93.02,29.83,26.93,83.68,54.34,85.15,25.18,62.63,48.3,79.16,36.88
8,63.56,84.1,62.64,70.88,50.99,92.65,31.05,36.77,0.0,45.61,12.65,29.73,58.0,16.12,17.09,84.12,100.0,65.51,85.04,17.09,56.0,81.22,12.0,64.5,76.11,87.13,18.87,12.81,54.33,60.03,82.46,11.66,60.83,65.39,33.29,36.06,79.65,31.24,69.86,31.62,87.86,65.3,94.34,73.24,36.0,78.23,48.51,66.48,102.65,8.6,60.41,86.68,44.78,99.05,14.21,71.06,31.38,89.5,34.06
9,19.8,40.0,17.09,60.93,50.99,50.99,55.03,27.86,45.61,0.0,46.65,37.58,28.07,61.35,33.29,41.04,69.86,45.12,48.33,38.21,16.97,89.38,34.18,45.61,75.47,45.34,44.05,56.46,65.3,42.38,36.88,54.33,32.06,51.26,30.53,30.0,36.77,21.54,25.61,56.92,50.99,38.05,68.26,34.0,50.12,76.16,19.42,64.9,65.37,43.38,24.84,56.09,34.83,58.26,41.88,34.79,36.24,51.48,20.59
10,66.03,86.53,63.53,81.58,62.29,96.54,43.68,30.07,12.65,46.65,0.0,40.45,64.4,18.44,13.42,87.2,107.7,74.32,90.69,28.07,53.37,93.74,14.42,73.54,88.0,90.91,7.21,12.17,66.75,69.08,82.46,22.8,67.68,75.29,42.38,44.94,82.8,37.74,72.11,44.27,93.51,72.72,102.86,77.79,48.17,90.02,44.28,78.1,108.37,5.1,56.22,94.03,54.08,103.39,5.1,76.49,41.77,94.79,40.5
11,48.04,66.48,50.99,41.23,22.0,71.47,18.11,48.37,29.73,37.58,40.45,0.0,34.18,43.27,34.53,65.12,72.14,36.88,60.83,12.65,53.85,57.27,28.07,35.61,48.37,66.48,44.0,42.05,30.53,31.24,70.46,29.73,35.78,35.78,8.0,10.2,60.83,16.12,54.0,20.1,63.53,38.83,65.6,51.92,12.81,50.16,51.66,38.05,77.7,35.36,61.03,59.55,16.28,76.69,39.01,48.1,2.24,65.74,17.09
12,21.26,34.23,28.43,35.61,33.53,37.36,50.99,54.59,58.0,28.07,64.4,34.18,0.0,73.76,52.84,32.0,43.86,17.89,27.2,43.27,42.38,68.82,50.0,18.87,52.35,32.56,64.5,70.71,50.0,16.97,42.94,62.13,4.0,25.61,26.83,24.17,28.07,26.91,25.06,52.95,30.0,10.0,40.79,18.11,42.19,52.35,47.38,42.8,44.69,59.82,50.33,29.97,20.02,42.54,60.75,13.93,31.95,31.91,24.08
13,79.62,100.18,78.43,83.26,62.77,108.76,38.47,48.37,16.12,61.35,18.44,43.27,73.76,0.0,30.07,100.24,114.98,80.0,100.9,31.24,70.46,88.0,27.2,78.82,85.91,103.25,25.3,6.32,62.51,74.4,98.08,14.56,76.42,78.89,48.17,50.99,95.77,47.2,85.91,38.21,103.71,80.62,108.81,89.31,46.17,88.29,62.01,77.2,118.44,19.03,74.01,101.91,59.2,115.11,23.19,87.01,45.22,105.42,50.0
14,52.8,73.24,50.12,74.11,56.32,83.55,43.27,19.7,17.09,33.29,13.42,34.53,52.84,30.07,0.0,74.03,96.6,64.56,78.41,24.17,40.45,91.08,7.21,64.03,82.87,77.9,11.66,24.33,63.91,59.67,69.08,28.64,56.36,66.75,34.06,36.22,69.66,27.2,58.82,44.41,81.22,61.74,92.48,65.12,44.94,84.59,32.02,72.44,96.05,11.05,44.01,82.76,45.4,90.52,8.6,64.2,35.23,82.33,29.73
15,21.26,4.47,26.08,60.83,64.78,10.77,82.61,67.2,84.12,41.04,87.2,65.12,32.0,100.24,74.03,0.0,42.38,43.08,18.87,72.11,43.86,96.66,73.78,44.94,78.71,6.0,85.04,96.04,81.22,45.61,20.88,90.62,32.25,52.0,57.27,54.92,4.47,53.85,15.62,84.59,19.7,33.53,46.65,14.14,74.11,77.9,53.71,70.94,29.07,83.49,49.04,33.02,52.01,18.38,82.62,19.65,62.97,17.72,51.26
16,54.04,46.82,62.0,41.76,58.31,34.99,84.4,97.53,100.0,69.86,107.7,72.14,43.86,114.98,96.6,42.38,0.0,35.38,24.33,83.74,80.1,74.0,93.3,36.88,56.14,36.77,108.24,112.8,70.94,41.04,63.25,101.86,40.25,39.45,66.84,64.03,43.17,69.97,52.15,86.02,22.8,34.99,10.0,38.0,74.4,54.04,87.82,53.85,19.42,102.93,87.0,13.93,55.9,31.14,104.32,35.36,70.04,24.7,67.23
17,38.42,46.52,46.04,18.44,24.74,44.41,49.4,70.0,65.51,45.12,74.32,36.88,17.89,80.0,64.56,43.08,35.38,0.0,30.0,48.83,60.17,53.67,60.17,2.0,36.06,41.23,75.89,78.23,40.05,5.66,58.41,66.6,14.42,8.94,32.25,29.53,40.25,37.36,41.04,51.11,32.06,10.0,28.84,29.53,39.45,35.61,64.54,27.86,43.97,69.35,68.15,23.71,20.81,47.01,71.51,23.71,34.83,35.01,34.93
18,30.59,23.32,38.21,45.61,54.33,15.23,76.55,76.16,85.04,48.33,90.69,60.83,27.2,100.9,78.41,18.87,24.33,30.0,0.0,70.46,56.57,81.61,76.42,32.0,63.25,14.14,90.0,97.67,70.03,34.23,39.4,89.31,25.06,38.21,53.85,51.11,18.97,53.81,28.0,78.43,2.83,22.8,27.78,14.56,67.05,62.03,65.0,56.89,17.69,86.31,63.13,14.21,45.31,17.03,86.68,14.21,58.59,5.1,50.99
19,52.95,72.8,54.04,53.85,34.23,79.62,19.8,41.04,17.09,38.21,28.07,12.65,43.27,31.24,24.17,72.11,83.74,48.83,70.46,0.0,52.5,67.05,17.09,47.71,60.03,74.32,32.25,29.53,39.85,43.27,74.11,18.87,45.61,48.33,16.97,19.8,67.68,18.44,59.23,21.26,73.24,49.52,77.67,59.93,20.88,62.0,47.89,50.04,87.8,23.02,58.69,70.72,28.02,85.48,27.17,56.94,14.32,75.17,20.88
20,26.08,41.18,18.44,76.94,67.94,54.63,70.68,26.08,56.0,16.97,53.37,53.85,42.38,70.46,40.45,43.86,80.1,60.17,56.57,52.5,0.0,106.3,44.0,60.93,92.09,49.4,48.7,64.78,82.22,58.14,31.24,66.27,46.17,67.08,47.2,46.86,40.5,37.74,29.12,72.5,58.86,51.92,80.22,42.19,66.57,92.65,10.63,81.61,71.84,51.48,8.06,67.01,51.74,62.24,48.27,45.01,52.7,58.46,37.2
21,90.0,100.18,96.54,36.06,38.42,96.77,50.36,105.55,81.22,89.38,93.74,57.27,68.82,88.0,91.08,96.66,74.0,53.67,81.61,67.05,106.3,0.0,84.12,51.88,18.44,94.34,98.95,90.2,27.2,52.15,111.52,74.11,66.57,44.72,61.06,60.46,93.91,71.02,93.74,50.16,82.97,63.53,64.0,83.19,46.17,20.1,106.83,26.08,90.67,89.05,114.21,70.21,54.56,97.74,93.86,77.37,57.25,86.13,70.46
22,52.84,73.43,51.26,68.47,50.04,82.8,36.06,26.08,12.0,34.18,14.42,28.07,50.0,27.2,7.21,73.78,93.3,60.17,76.42,17.09,44.0,84.12,0.0,59.46,76.42,77.2,16.12,22.36,56.92,55.03,70.88,22.8,53.25,61.61,28.64,31.05,69.34,23.32,59.06,37.2,79.25,58.31,88.57,63.78,37.95,78.23,36.67,66.12,94.11,9.9,48.51,79.61,40.26,89.5,11.4,62.24,29.0,80.61,26.08
23,39.7,48.33,47.2,16.97,22.8,46.39,47.71,70.03,64.5,45.61,73.54,35.61,18.87,78.82,64.03,44.94,36.88,2.0,32.0,47.71,60.93,51.88,59.46,0.0,34.41,43.17,75.29,77.18,38.05,4.47,60.0,65.3,15.62,7.21,31.3,28.64,42.05,36.88,42.52,49.4,34.06,11.66,30.0,31.3,37.74,34.06,65.0,26.0,45.88,68.54,68.94,25.5,19.72,49.01,70.84,25.5,33.6,37.01,34.53
24,73.59,82.37,80.62,17.89,26.68,78.43,47.54,94.87,76.11,75.47,88.0,48.37,52.35,85.91,82.87,78.71,56.14,36.06,63.25,60.03,92.09,18.44,76.42,34.41,0.0,76.16,92.2,86.83,24.17,35.38,94.4,71.39,49.68,27.2,50.0,48.7,76.16,59.46,76.84,48.08,64.56,46.04,46.17,65.51,40.2,2.83,93.94,10.77,72.34,83.01,100.12,51.79,41.15,79.31,87.14,59.68,47.68,67.72,58.31
25,25.61,10.2,31.3,58.31,64.12,5.66,83.55,72.11,87.13,45.34,90.91,66.48,32.56,103.25,77.9,6.0,36.77,41.23,14.14,74.32,49.4,94.34,77.2,43.17,76.16,0.0,89.11,99.3,80.4,44.41,26.68,93.04,32.06,50.0,58.82,56.32,8.94,56.36,20.59,85.51,14.42,32.25,41.62,14.56,74.67,75.15,59.03,68.96,23.09,87.01,54.82,28.32,52.47,13.04,86.45,19.03,64.29,12.08,53.67
26,63.78,84.02,60.46,84.59,66.0,94.76,49.4,24.08,18.87,44.05,7.21,44.0,64.5,25.3,11.66,85.04,108.24,75.89,90.0,32.25,48.7,98.95,16.12,75.29,92.2,89.11,0.0,18.97,71.81,70.88,78.71,29.73,68.0,77.67,44.72,47.07,80.72,38.63,69.66,50.16,92.8,73.35,104.0,76.58,52.95,94.09,39.05,82.02,107.62,10.3,50.8,94.41,56.29,101.83,5.1,75.8,45.04,93.86,41.23
27,75.18,95.77,73.54,82.87,62.64,104.86,40.0,42.19,12.81,56.46,12.17,42.05,70.71,6.32,24.33,96.04,112.8,78.23,97.67,29.53,64.78,90.2,22.36,77.18,86.83,99.3,18.97,0.0,64.03,72.72,92.97,16.12,73.59,77.82,46.04,48.83,91.59,43.86,81.41,40.05,100.5,78.1,107.07,85.6,46.69,89.11,56.08,77.67,115.31,13.34,68.07,99.49,57.45,111.4,17.03,83.63,43.83,102.07,46.69
28,69.86,83.95,75.18,29.53,16.49,84.1,24.08,78.89,54.33,65.3,66.75,30.53,50.0,62.51,63.91,81.22,70.94,40.05,70.03,39.85,82.22,27.2,56.92,38.05,24.17,80.4,71.81,64.03,0.0,36.06,92.48,48.17,49.03,32.56,35.38,35.38,77.67,45.34,74.67,24.33,72.11,48.17,61.74,67.08,18.97,26.83,81.47,18.44,83.36,61.98,89.87,62.37,31.76,87.05,66.71,61.66,30.81,75.06,45.25
29,38.21,48.7,45.34,18.87,20.1,48.04,43.91,66.12,60.03,42.38,69.08,31.24,16.97,74.4,59.67,45.61,41.04,5.66,34.23,43.27,58.14,52.15,55.03,4.47,35.38,44.41,70.88,72.72,36.06,0.0,59.36,60.96,14.42,8.94,26.83,24.17,42.38,32.56,41.62,45.65,36.5,12.17,34.41,31.62,34.0,35.38,61.68,26.08,49.04,64.08,66.19,29.15,15.26,51.24,66.41,25.96,29.21,39.32,30.27
30,22.8,16.49,20.1,76.84,76.16,30.07,88.57,57.2,82.46,36.88,82.46,70.46,42.94,98.08,69.08,20.88,63.25,58.41,39.4,74.11,31.24,111.52,70.88,60.0,94.4,26.68,78.71,92.97,92.48,59.36,0.0,91.08,44.94,67.2,62.51,60.83,20.59,56.0,17.89,90.55,40.5,48.41,67.08,29.73,81.58,94.02,41.87,85.44,49.16,79.71,33.6,53.24,61.03,37.01,77.47,35.36,68.59,38.6,54.04
31,70.88,91.08,71.02,68.88,48.33,98.39,24.08,48.33,11.66,54.33,22.8,29.73,62.13,14.56,28.64,90.62,101.86,66.6,89.31,18.87,66.27,74.11,22.8,65.3,71.39,93.04,29.73,16.12,48.17,60.96,91.08,0.0,64.4,64.9,35.61,38.42,86.16,36.77,77.2,24.0,92.09,68.12,95.27,78.71,31.62,73.76,59.44,62.64,106.61,19.85,71.2,89.14,45.97,104.32,25.5,75.8,31.83,94.03,39.4
32,24.08,34.93,31.62,32.56,32.56,36.5,51.92,58.55,60.83,32.06,67.68,35.78,4.0,76.42,56.36,32.25,40.25,14.42,25.06,45.61,46.17,66.57,53.25,15.62,49.68,32.06,68.0,73.59,49.03,14.42,44.94,64.4,0.0,22.63,28.84,26.08,28.64,30.0,27.2,53.85,27.78,6.0,36.88,18.11,42.76,49.52,51.35,40.5,42.2,63.01,54.08,26.42,20.62,41.11,64.14,13.04,33.54,29.97,27.2
33,46.69,55.46,54.04,10.0,18.87,52.95,45.34,74.43,65.39,51.26,75.29,35.78,25.61,78.89,66.75,52.0,39.45,8.94,38.21,48.33,67.08,44.72,61.61,7.21,27.2,50.0,77.67,77.82,32.56,8.94,67.2,64.9,22.63,0.0,32.98,30.59,49.19,40.05,49.68,46.86,40.05,18.87,31.24,38.47,35.38,26.91,70.52,18.97,50.8,70.21,75.13,29.83,21.38,55.08,73.01,32.65,34.01,43.1,38.0
34,40.05,58.55,43.17,40.05,23.41,63.91,26.08,44.94,33.29,30.53,42.38,8.0,26.83,48.17,34.06,57.27,66.84,32.25,53.85,16.97,47.2,61.06,28.64,31.3,50.0,58.82,44.72,46.04,35.38,26.83,62.51,35.61,28.84,32.98,0.0,2.83,52.95,10.0,46.0,28.07,56.6,32.56,61.06,44.27,19.7,51.42,46.1,39.29,71.03,37.34,54.67,53.76,11.7,69.35,40.02,40.72,6.08,58.67,10.0
35,38.21,56.32,41.76,38.0,22.36,61.35,28.0,46.17,36.06,30.0,44.94,10.2,24.17,50.99,36.22,54.92,64.03,29.53,51.11,19.8,46.86,60.46,31.05,28.64,48.7,56.32,47.07,48.83,35.38,24.17,60.83,38.42,26.08,30.59,2.83,0.0,50.64,10.77,44.05,30.0,53.85,29.73,58.31,41.76,20.88,50.0,46.4,37.95,68.24,39.92,54.49,50.93,9.22,66.71,42.45,38.08,8.06,55.95,10.0
36,16.97,6.32,22.36,58.31,61.19,14.42,78.41,63.25,79.65,36.77,82.8,60.83,28.07,95.77,69.66,4.47,43.17,40.25,18.97,67.68,40.5,93.91,69.34,42.05,76.16,8.94,80.72,91.59,77.67,42.38,20.59,86.16,28.64,49.19,52.95,50.64,0.0,49.4,11.66,80.4,20.4,30.46,46.52,10.77,70.03,75.47,50.09,68.03,31.58,79.06,46.1,32.65,48.01,21.95,78.24,16.55,58.69,19.03,46.82
37,34.53,54.41,36.06,48.17,33.11,61.77,33.53,35.44,31.24,21.54,37.74,16.12,26.91,47.2,27.2,53.85,69.97,37.36,53.81,18.44,37.74,71.02,23.32,36.88,59.46,56.36,38.63,43.86,45.34,32.56,56.0,36.77,30.0,40.05,10.0,10.77,49.4,0.0,40.79,35.44,56.64,34.99,65.39,42.19,28.84,60.73,36.12,48.7,71.45,33.02,45.0,56.3,19.1,67.96,34.44,39.82,15.0,58.26,2.83
38,6.32,14.42,10.77,59.46,58.31,26.08,72.03,51.61,69.86,25.61,72.11,54.0,25.06,85.91,58.82,15.62,52.15,41.04,28.0,59.23,29.12,93.74,59.06,42.52,76.84,20.59,69.66,81.41,74.67,41.62,17.89,77.2,27.2,49.68,46.0,44.05,11.66,40.79,0.0,74.03,30.07,31.11,53.85,14.56,64.5,76.58,38.48,67.68,42.72,68.6,35.23,40.02,43.42,33.62,67.42,19.24,52.01,29.43,38.47
39,68.12,86.21,71.02,48.41,28.28,90.24,2.0,62.23,31.62,56.92,44.27,20.1,52.95,38.21,44.41,84.59,86.02,51.11,78.43,21.26,72.5,50.16,37.2,49.4,48.08,85.51,50.16,40.05,24.33,45.65,90.55,24.0,53.85,46.86,28.07,30.0,80.4,35.44,74.03,0.0,80.99,55.71,78.1,71.02,11.66,50.6,68.8,40.25,94.43,39.92,79.18,74.79,33.24,94.92,45.19,66.71,22.02,83.49,36.88
40,32.98,24.17,40.45,47.07,56.57,14.42,79.12,78.79,87.86,50.99,93.51,63.53,30.0,103.71,81.22,19.7,22.8,32.06,2.83,73.24,58.86,82.97,79.25,34.06,64.56,14.42,92.8,100.5,72.11,36.5,40.5,92.09,27.78,40.05,56.6,53.85,20.4,56.64,30.07,80.99,0.0,25.3,27.2,17.09,69.57,63.25,67.45,58.55,14.87,89.14,65.28,14.21,47.93,15.03,89.5,17.03,61.29,3.16,53.81
41,28.84,36.77,36.72,28.43,32.0,36.0,53.85,64.5,65.3,38.05,72.72,38.83,10.0,80.62,61.74,33.53,34.99,10.0,22.8,49.52,51.92,63.53,58.31,11.66,46.04,32.25,73.35,78.1,48.17,12.17,48.41,68.12,6.0,18.87,32.56,29.73,30.46,34.99,31.11,55.71,25.3,0.0,31.05,19.7,44.27,45.61,57.31,37.58,38.95,67.96,59.77,21.4,22.83,39.62,69.35,13.93,36.62,27.89,32.25
42,54.59,51.11,62.8,32.31,50.0,41.04,76.58,95.35,94.34,68.26,102.86,65.6,40.79,108.81,92.48,46.65,10.0,28.84,27.78,77.67,80.22,64.0,88.57,30.0,46.17,41.62,104.0,107.07,61.74,34.41,67.08,95.27,36.88,31.24,61.06,58.31,46.52,65.39,53.85,78.1,27.2,31.05,0.0,39.29,66.6,44.05,87.02,44.27,28.23,97.95,87.57,13.93,49.65,38.6,99.81,35.36,63.6,29.83,62.77
43,16.12,17.09,24.0,47.71,50.64,19.7,69.05,61.74,73.24,34.0,77.79,51.92,18.11,89.31,65.12,14.14,38.0,29.53,14.56,59.93,42.19,83.19,63.78,31.3,65.51,14.56,76.58,85.6,67.08,31.62,29.73,78.71,18.11,38.47,44.27,41.76,10.77,42.19,14.56,71.02,17.09,19.7,39.29,0.0,60.3,64.9,50.45,57.27,31.38,73.66,49.0,25.5,38.12,25.81,73.55,5.83,49.73,17.49,39.45
44,58.86,76.0,62.64,37.74,17.2,79.25,10.0,60.46,36.0,50.12,48.17,12.81,42.19,46.17,44.94,74.11,74.4,39.45,67.05,20.88,66.57,46.17,37.95,37.74,40.2,74.67,52.95,46.69,18.97,34.0,81.58,31.62,42.76,35.38,19.7,20.88,70.03,28.84,64.5,11.66,69.57,44.27,66.6,60.3,0.0,42.43,64.44,31.05,82.86,43.29,73.82,63.13,22.2,83.68,47.85,55.73,13.89,72.12,29.53
45,73.54,81.63,80.72,17.2,28.28,77.25,50.0,96.17,78.23,76.16,90.02,50.16,52.35,88.29,84.59,77.9,54.04,35.61,62.03,62.0,92.65,20.1,78.23,34.06,2.83,75.15,94.09,89.11,26.83,35.38,94.02,73.76,49.52,26.91,51.42,50.0,75.47,60.73,76.58,50.6,63.25,45.61,44.05,64.9,42.43,0.0,94.81,12.17,70.58,85.01,100.7,50.22,42.15,77.88,89.05,59.08,49.37,66.41,59.46
46,34.48,51.31,27.73,80.06,68.51,64.41,67.12,15.65,48.51,19.42,44.28,51.66,47.38,62.01,32.02,53.71,87.82,64.54,65.0,47.89,10.63,106.83,36.67,65.0,93.94,59.03,39.05,56.08,81.47,61.68,41.87,59.44,51.35,70.52,46.1,46.4,50.09,36.12,38.48,68.8,67.45,57.31,87.02,50.45,64.44,94.81,0.0,83.24,80.99,43.0,12.0,74.33,52.84,72.01,39.2,52.47,50.91,67.36,36.4
47,64.03,74.32,70.77,12.17,16.12,71.81,39.4,84.12,66.48,64.9,78.1,38.05,42.8,77.2,72.44,70.94,53.85,27.86,56.89,50.04,81.61,26.08,66.12,26.0,10.77,68.96,82.02,77.67,18.44,26.08,85.44,62.64,40.5,18.97,39.29,37.95,68.03,48.7,67.68,40.25,58.55,37.58,44.27,57.27,31.05,12.17,83.24,0.0,68.07,73.06,89.63,47.01,30.41,73.55,77.01,51.48,37.22,61.66,47.54
48,46.62,33.0,53.45,56.01,68.68,19.1,92.61,93.02,102.65,65.37,108.37,77.7,44.69,118.44,96.05,29.07,19.42,43.97,17.69,87.8,71.84,90.67,94.11,45.88,72.34,23.09,107.62,115.31,83.36,49.04,49.16,106.61,42.2,50.8,71.03,68.24,31.58,71.45,42.72,94.43,14.87,38.95,28.23,31.38,82.86,70.58,80.99,68.07,0.0,104.0,77.67,21.1,61.77,13.0,104.35,31.89,75.47,13.89,68.62
49,62.43,83.01,60.42,76.49,57.22,92.62,39.22,29.83,8.6,43.38,5.1,35.36,59.82,19.03,11.05,83.49,102.93,69.35,86.31,23.02,51.48,89.05,9.9,68.54,83.01,87.01,10.3,13.34,61.98,64.08,79.71,19.85,63.01,70.21,37.34,39.92,79.06,33.02,68.6,39.92,89.14,67.96,97.95,73.66,43.29,85.01,43.0,73.06,104.0,0.0,55.0,89.31,49.04,99.36,5.66,72.14,36.67,90.51,35.81
50,33.06,45.88,25.0,85.0,75.82,59.77,77.41,26.93,60.41,24.84,56.22,61.03,50.33,74.01,44.01,49.04,87.0,68.15,63.13,58.69,8.06,114.21,48.51,68.94,100.12,54.82,50.8,68.07,89.87,66.19,33.6,71.2,54.08,75.13,54.67,54.49,46.1,45.0,35.23,79.18,65.28,59.77,87.57,49.0,73.82,100.7,12.0,89.63,77.67,55.0,0.0,74.17,59.67,67.36,51.16,52.24,60.0,64.63,44.69
51,41.11,37.44,49.25,35.01,48.1,28.6,73.06,83.68,86.68,56.09,94.03,59.55,29.97,101.91,82.76,33.02,13.93,23.71,14.21,70.72,67.01,70.21,79.61,25.5,51.79,28.32,94.41,99.49,62.37,29.15,53.24,89.14,26.42,29.83,53.76,50.93,32.65,56.3,40.02,74.79,14.21,21.4,13.93,25.5,63.13,50.22,74.33,47.01,21.1,89.31,74.17,0.0,43.28,27.86,90.55,22.0,57.38,17.2,53.54
52,38.28,54.08,43.42,29.07,16.28,57.07,31.32,54.34,44.78,34.83,54.08,16.28,20.02,59.2,45.4,52.01,55.9,20.81,45.31,28.02,51.74,54.56,40.26,19.72,41.15,52.47,56.29,57.45,31.76,15.26,61.03,45.97,20.62,21.38,11.7,9.22,48.01,19.1,43.42,33.24,47.93,22.83,49.65,38.12,22.2,42.15,52.84,30.41,61.77,49.04,59.67,43.28,0.0,61.68,51.66,33.54,14.14,50.33,17.46
53,38.6,21.59,44.29,61.98,71.34,7.62,93.01,85.15,99.05,58.26,103.39,76.69,42.54,115.11,90.52,18.38,31.14,47.01,17.03,85.48,62.24,97.74,89.5,49.01,79.31,13.04,101.83,111.4,87.05,51.24,37.01,104.32,41.11,55.08,69.35,66.71,21.95,67.96,33.62,94.92,15.03,39.62,38.6,25.81,83.68,77.88,72.01,73.55,13.0,99.36,67.36,27.86,61.68,0.0,99.04,28.64,74.46,12.0,65.19
54,61.4,81.84,58.67,79.76,61.01,92.1,44.38,25.18,14.21,41.88,5.1,39.01,60.75,23.19,8.6,82.62,104.32,71.51,86.68,27.17,48.27,93.86,11.4,70.84,87.14,86.45,5.1,17.03,66.71,66.41,77.47,25.5,64.14,73.01,40.02,42.45,78.24,34.44,67.42,45.19,89.5,69.35,99.81,73.55,47.85,89.05,39.2,77.01,104.35,5.66,51.16,90.55,51.66,99.04,0.0,72.47,40.11,90.69,37.12
55,19.24,22.85,27.46,41.88,45.28,23.54,64.76,62.63,71.06,34.79,76.49,48.1,13.93,87.01,64.2,19.65,35.36,23.71,14.21,56.94,45.01,77.37,62.24,25.5,59.68,19.03,75.8,83.63,61.66,25.96,35.36,75.8,13.04,32.65,40.72,38.08,16.55,39.82,19.24,66.71,17.03,13.93,35.36,5.83,55.73,59.08,52.47,51.48,31.89,72.14,52.24,22.0,33.54,28.64,72.47,0.0,45.88,18.44,37.01
56,46.1,64.38,49.24,39.81,21.1,69.26,20.02,48.3,31.38,36.24,41.77,2.24,31.95,45.22,35.23,62.97,70.04,34.83,58.59,14.32,52.7,57.25,29.0,33.6,47.68,64.29,45.04,43.83,30.81,29.21,68.59,31.83,33.54,34.01,6.08,8.06,58.69,15.0,52.01,22.02,61.29,36.62,63.6,49.73,13.89,49.37,50.91,37.22,75.47,36.67,60.0,57.38,14.14,74.46,40.11,45.88,0.0,63.51,15.65
57,32.89,22.14,40.02,50.22,59.41,11.4,81.6,79.16,89.5,51.48,94.79,65.74,31.91,105.42,82.33,17.72,24.7,35.01,5.1,75.17,58.46,86.13,80.61,37.01,67.72,12.08,93.86,102.07,75.06,39.32,38.6,94.03,29.97,43.1,58.67,55.95,19.03,58.26,29.43,83.49,3.16,27.89,29.83,17.49,72.12,66.41,67.36,61.66,13.89,90.51,64.63,17.2,50.33,12.0,90.69,18.44,63.51,0.0,55.44
58,32.25,51.92,34.23,46.39,32.25,59.06,34.93,36.88,34.06,20.59,40.5,17.09,24.08,50.0,29.73,51.26,67.23,34.93,50.99,20.88,37.2,70.46,26.08,34.53,58.31,53.67,41.23,46.69,45.25,30.27,54.04,39.4,27.2,38.0,10.0,10.0,46.82,2.83,38.47,36.88,53.81,32.25,62.77,39.45,29.53,59.46,36.4,47.54,68.62,35.81,44.69,53.54,17.46,65.19,37.12,37.01,15.65,55.44,0.0
