vehicles
vehicle_idx, capacity, cost_per_unit_distance
1,100,3
2,100,3
3,100,3
4,100,3
5,100,3
6,100,3
7,100,3
depot
node_idx,x,y
0,47,5
home delivery customers
node_idx,x,y,service_time,demand
1,23,79,15,5
2,3,9,15,22
3,51,87,15,18
4,57,85,15,18
5,43,99,15,14
6,11,37,15,5
7,47,95,15,12
8,53,75,15,15
9,89,75,15,10
10,33,47,15,25
11,23,63,15,23
12,13,55,15,8
13,83,7,15,14
14,69,91,15,4
15,37,15,15,7
16,97,83,15,18
17,75,31,15,16
self pickup customers
node_idx,x,y,service_time,demand,locker_idxs
18,77,87,15,11,49
19,5,27,15,25,50
20,41,53,15,2,50-48
21,85,85,15,9,49
22,57,11,15,11,50-48-54
23,71,33,15,24,52
24,61,13,15,15,50-48
25,13,59,15,16,51
26,87,73,15,8,51-49
27,81,71,15,2,49
28,27,37,15,3,50
29,95,59,15,20,49
30,63,63,15,3,51-49-52-48-54
31,37,21,15,13,50-48-54
32,13,11,15,13,50
flexible customers
node_idx,x,y,service_time,demand,locker_idxs
33,1,19,15,20,49
34,97,35,15,14,52
35,67,73,15,10,54-52-51-49
36,89,45,15,26,52
37,71,99,15,14,49-51
38,11,1,15,22,49
39,39,15,15,23,54-48-50
40,21,11,15,12,50
41,77,81,15,8,51-49
42,3,63,15,16,50
43,73,55,15,9,48-54-52-51-49
44,11,9,15,2,49
45,47,93,15,16,49-51
46,45,43,15,9,50-48-54-52
47,53,59,15,16,50-48-54-49-51-52
lockers
node_idx,x,y,service_time,capacity,cost_per_unit_good
0,93,12,10,80
1,22,88,10,87
2,65,88,10,91
3,25,15,10,92
4,77,88,10,92
5,72,14,10,86
54,49,40,10,85
55,76,80,10,91
56,41,30,10,96
57,69,82,10,89
58,63,50,10,100
59,66,136,10,98
60,54,43,10,90
mrt lines
start_node_idx,end_node_idx,freight_capacity,cost_per_unit_good
0,1,87,0.5
1,0,87,0.5
2,3,92,0.5
3,2,92,0.5
distance matrix
,0,1,2,3,4,5,6,7,8,9,10,11,12,13,14,15,16,17,18,19,20,21,22,23,24,25,26,27,28,29,30,31,32,33,34,35,36,37,38,39,40,41,42,43,44,45,46,47,48,49,50,51,52,53,54,55,56,57,58,59,60,
0,0.0,77.79,44.18,82.1,80.62,94.09,48.17,90.0,70.26,81.63,44.27,62.77,60.46,36.06,88.77,14.14,92.65,38.21,87.32,47.41,48.37,88.57,11.66,36.88,16.12,63.81,78.89,74.24,37.74,72.25,60.17,18.87,34.53,48.08,58.31,70.88,58.0,97.02,36.22,12.81,26.68,81.71,72.8,56.36,36.22,88.0,38.05,54.33,46.53,86.68,84.93,24.17,88.26,26.57,35.06,80.41,25.71,80.08,47.76,132.37,38.64
1,77.79,0.0,72.8,29.12,34.53,28.28,43.68,28.84,30.27,66.12,33.53,16.0,26.0,93.72,47.54,65.51,74.11,70.77,54.59,55.03,31.62,62.29,76.03,66.48,76.16,22.36,64.28,58.55,42.19,74.73,43.08,59.67,68.73,63.91,86.09,44.41,74.24,52.0,78.92,65.97,68.03,54.04,25.61,55.46,71.02,27.78,42.19,36.06,96.9,9.06,42.95,64.03,54.74,81.4,46.87,53.01,52.2,46.1,49.41,71.4,47.51
2,44.18,72.8,0.0,91.59,93.23,98.49,29.12,96.6,82.8,108.41,48.41,57.58,47.07,80.02,105.26,34.53,119.63,75.29,107.52,18.11,58.14,111.8,54.04,72.11,58.14,50.99,105.6,99.64,36.88,104.71,80.72,36.06,10.2,10.2,97.53,90.51,93.23,112.8,11.31,36.5,18.11,103.25,54.0,83.76,8.0,94.83,54.04,70.71,90.05,81.25,100.42,22.8,108.25,69.18,55.47,101.83,43.42,98.41,72.67,141.77,61.29
3,82.1,29.12,91.59,0.0,6.32,14.42,64.03,8.94,12.17,39.85,43.86,36.88,49.68,86.16,18.44,73.35,46.17,60.93,26.0,75.6,35.44,34.06,76.24,57.58,74.67,47.2,38.63,34.0,55.46,52.15,26.83,67.47,84.97,84.4,69.43,21.26,56.64,23.32,94.85,72.99,81.71,26.68,53.67,38.83,87.66,7.21,44.41,28.07,85.96,29.02,14.04,76.55,26.02,75.96,47.04,25.96,57.87,18.68,38.9,51.24,44.1
4,80.62,34.53,93.23,6.32,0.0,19.8,66.48,14.14,10.77,33.53,44.94,40.5,53.25,82.22,13.42,72.8,40.05,56.92,20.1,77.9,35.78,28.0,74.0,53.85,72.11,51.11,32.31,27.78,56.6,46.04,22.8,67.05,86.09,86.56,64.03,15.62,51.22,19.8,95.77,72.28,82.29,20.4,58.31,34.0,88.84,12.81,43.68,26.31,81.39,35.13,8.54,76.97,20.22,72.57,45.71,19.65,57.28,12.37,35.51,51.79,42.11
5,94.09,28.28,98.49,14.42,19.8,0.0,69.77,5.66,26.0,51.88,52.95,41.18,53.25,100.32,27.2,84.21,56.32,75.15,36.06,81.41,46.04,44.27,89.11,71.69,87.86,50.0,51.11,47.2,64.03,65.6,41.18,78.23,92.97,90.35,83.74,35.38,70.94,28.0,103.09,84.1,90.71,38.47,53.81,53.25,95.52,7.21,56.04,41.23,100.34,23.71,24.6,85.91,35.74,89.81,59.3,38.08,69.03,31.06,52.92,43.57,57.07
6,48.17,43.68,29.12,64.03,66.48,69.77,0.0,68.26,56.64,86.76,24.17,28.64,18.11,78.0,79.25,34.06,97.53,64.28,82.8,11.66,34.0,88.2,52.84,60.13,55.46,22.09,84.1,77.82,16.0,86.83,58.14,30.53,26.08,20.59,86.02,66.57,78.41,86.28,36.0,35.61,27.86,79.32,27.2,64.56,28.0,66.57,34.53,47.41,85.73,52.17,74.28,26.08,83.41,65.19,38.12,77.94,30.81,73.41,53.6,113.25,43.42
7,90.0,28.84,96.6,8.94,14.14,5.66,68.26,0.0,20.88,46.52,50.0,40.0,52.5,95.08,22.36,80.62,51.42,69.86,31.05,79.92,42.43,39.29,84.59,66.48,83.19,49.52,45.65,41.62,61.35,60.0,35.78,74.67,90.62,88.84,78.1,29.73,65.3,24.33,100.66,80.4,87.93,33.11,54.41,47.71,93.23,2.0,52.04,36.5,94.89,25.96,19.31,82.97,30.81,84.77,55.04,32.65,65.28,25.55,47.76,45.19,52.47
8,70.26,30.27,82.8,12.17,10.77,26.0,56.64,20.88,0.0,36.0,34.41,32.31,44.72,74.32,22.63,62.1,44.72,49.19,26.83,67.88,25.06,33.53,64.12,45.69,62.51,43.08,34.06,28.28,46.04,44.94,15.62,56.32,75.47,76.42,59.46,14.14,46.86,30.0,85.09,61.61,71.55,24.74,51.42,28.28,78.23,18.97,32.98,16.0,74.63,33.62,17.69,66.21,27.29,63.89,35.23,23.54,46.57,17.46,26.93,62.37,32.02
9,81.63,66.12,108.41,39.85,33.53,51.88,86.76,46.52,36.0,0.0,62.61,67.08,78.59,68.26,25.61,79.4,11.31,46.17,16.97,96.75,52.8,10.77,71.55,45.69,68.03,77.67,2.83,8.94,72.72,17.09,28.64,74.97,99.36,104.31,40.79,22.09,30.0,30.0,107.52,78.1,93.38,13.42,86.83,25.61,102.18,45.69,54.41,39.4,63.13,68.25,27.29,87.73,17.69,63.32,53.15,13.93,65.8,21.19,36.07,65.19,47.42
10,44.27,33.53,48.41,43.86,44.94,52.95,24.17,50.0,34.41,62.61,0.0,18.87,21.54,64.03,56.85,32.25,73.43,44.94,59.46,34.41,10.0,64.4,43.27,40.5,44.05,23.32,59.93,53.67,11.66,63.15,34.0,26.31,41.18,42.52,65.12,42.8,56.04,64.4,50.99,32.56,37.95,55.61,34.0,40.79,43.91,48.08,12.65,23.32,69.46,42.45,52.01,32.98,60.14,51.09,17.46,54.2,18.79,50.21,30.15,94.92,21.38
11,62.77,16.0,57.58,36.88,40.5,41.18,28.64,40.0,32.31,67.08,18.87,0.0,12.81,82.07,53.85,50.0,76.66,61.06,59.09,40.25,20.59,65.79,62.13,56.6,62.8,10.77,64.78,58.55,26.31,72.11,40.0,44.27,52.95,49.19,79.12,45.12,68.41,60.0,63.15,50.6,52.04,56.92,20.0,50.64,55.32,38.42,29.73,30.27,86.61,25.02,48.88,48.04,59.51,69.3,34.71,55.66,37.59,49.77,42.06,84.72,36.89
12,60.46,26.0,47.07,49.68,53.25,53.25,18.11,52.5,44.72,78.59,21.54,12.81,0.0,84.88,66.57,46.65,88.54,66.48,71.55,29.12,28.07,78.0,62.23,62.03,63.78,4.0,76.16,69.86,22.8,82.1,50.64,41.62,44.0,37.95,86.35,56.92,76.66,72.8,54.04,47.71,44.72,69.08,12.81,60.0,46.04,50.99,34.18,40.2,90.82,34.21,61.59,41.76,72.01,71.85,39.0,67.78,37.54,62.17,50.25,96.8,42.72
13,36.06,93.72,80.02,86.16,82.22,100.32,78.0,95.08,74.32,68.26,64.03,82.07,84.88,0.0,85.16,46.69,77.28,25.3,80.22,80.52,62.29,78.03,26.31,28.64,22.8,87.2,66.12,64.03,63.53,53.37,59.46,48.08,70.11,82.87,31.3,67.91,38.47,92.78,72.25,44.72,62.13,74.24,97.65,49.03,72.03,93.23,52.35,60.03,11.18,101.4,82.98,58.55,81.22,13.04,47.38,73.33,47.89,76.3,47.42,130.12,46.23
14,88.77,47.54,105.26,18.44,13.42,27.2,79.25,22.36,22.63,25.61,56.85,53.85,66.57,85.16,0.0,82.46,29.12,60.3,8.94,90.51,47.2,17.09,80.89,58.03,78.41,64.5,25.46,23.32,68.41,41.23,28.64,76.97,97.65,99.04,62.61,18.11,50.16,8.25,107.07,81.71,93.3,12.81,71.69,36.22,100.44,22.09,53.67,35.78,82.57,47.1,5.0,87.82,8.54,77.06,54.78,13.04,67.12,9.0,41.44,45.1,50.29
15,14.14,65.51,34.53,73.35,72.8,84.21,34.06,80.62,62.1,79.4,32.25,50.0,46.65,46.69,82.46,0.0,90.69,41.23,82.37,34.18,38.21,84.88,20.4,38.47,24.08,50.12,76.58,71.22,24.17,72.8,54.59,6.0,24.33,36.22,63.25,65.3,60.03,90.62,29.53,2.0,16.49,77.18,58.82,53.81,26.68,78.64,29.12,46.82,56.08,74.53,78.19,12.0,83.24,35.01,27.73,75.8,15.52,74.25,43.6,124.43,32.76
16,92.65,74.11,119.63,46.17,40.05,56.32,97.53,51.42,44.72,11.31,73.43,76.66,88.54,77.28,29.12,90.69,0.0,56.46,20.4,107.7,63.53,12.17,82.37,56.36,78.71,87.36,14.14,20.0,83.76,24.08,39.45,86.28,110.63,115.38,48.0,31.62,38.83,30.53,118.83,89.38,104.69,20.1,96.1,36.88,113.45,50.99,65.6,50.12,71.11,75.17,32.39,99.04,20.62,73.39,64.44,21.21,77.1,28.02,47.38,61.4,58.73
17,38.21,70.77,75.29,60.93,56.92,75.15,64.28,69.86,49.19,46.17,44.94,61.06,66.48,25.3,60.3,41.23,56.46,0.0,56.04,70.11,40.5,54.92,26.91,4.47,22.8,68.03,43.68,40.45,48.37,34.41,34.18,39.29,65.15,74.97,22.36,42.76,19.8,68.12,70.68,39.4,57.58,50.04,78.79,24.08,67.68,68.03,32.31,35.61,26.17,77.83,57.87,52.5,57.04,17.26,27.51,49.01,34.01,51.35,22.47,105.39,24.19
18,87.32,54.59,107.52,26.0,20.1,36.06,82.8,31.05,26.83,16.97,59.46,59.09,71.55,80.22,8.94,82.37,20.4,56.04,0.0,93.72,49.52,8.25,78.59,54.33,75.71,69.86,17.2,16.49,70.71,33.29,27.78,77.18,99.36,101.98,55.71,17.2,43.68,13.42,108.41,81.41,94.4,6.0,77.79,32.25,102.18,30.59,54.41,36.88,76.69,55.01,12.04,88.81,1.0,73.17,54.71,7.07,67.42,9.43,39.56,50.22,49.65
19,47.41,55.03,18.11,75.6,77.9,81.41,11.66,79.92,67.88,96.75,34.41,40.25,29.12,80.52,90.51,34.18,107.7,70.11,93.72,0.0,44.41,98.81,54.41,66.27,57.72,32.98,94.02,87.82,24.17,95.52,68.26,32.56,17.89,8.94,92.35,77.2,85.91,97.67,26.68,36.06,22.63,90.0,36.06,73.54,18.97,78.23,43.08,57.69,89.27,63.32,85.56,23.32,94.37,68.25,45.88,88.6,36.12,84.39,62.39,124.91,51.55
20,48.37,31.62,58.14,35.44,35.78,46.04,34.0,42.43,25.06,52.8,10.0,20.59,28.07,62.29,47.2,38.21,63.53,40.5,49.52,44.41,0.0,54.41,44.94,36.06,44.72,28.64,50.16,43.86,21.26,54.33,24.17,32.25,50.48,52.5,58.82,32.8,48.66,54.92,60.03,38.05,46.52,45.61,39.29,32.06,53.25,40.45,10.77,13.42,66.22,39.82,42.44,41.23,50.21,49.82,15.26,44.2,23.0,40.31,22.2,86.68,16.4
21,88.57,62.29,111.8,34.06,28.0,44.27,88.2,39.29,33.53,10.77,64.4,65.79,78.0,78.03,17.09,84.88,12.17,54.92,8.25,98.81,54.41,0.0,79.12,53.85,75.89,76.55,12.17,14.56,75.29,27.86,31.11,80.0,103.25,106.83,51.42,21.63,40.2,19.8,111.95,83.76,97.84,8.94,84.9,32.31,106.08,38.83,58.0,41.23,73.44,63.07,20.22,92.2,8.54,72.18,57.63,10.3,70.43,16.28,41.34,54.42,52.2
22,11.66,76.03,54.04,76.24,74.0,89.11,52.84,84.59,64.12,71.55,43.27,62.13,62.23,26.31,80.89,20.4,82.37,26.91,78.59,54.41,44.94,79.12,0.0,26.08,4.47,65.12,68.88,64.62,39.7,61.22,52.35,22.36,44.0,56.57,46.65,62.8,46.69,89.11,47.07,18.44,36.0,72.8,74.97,46.82,46.04,82.61,34.18,48.17,36.01,84.58,77.41,32.25,79.56,15.3,30.08,71.57,24.84,72.01,39.46,125.32,32.14
23,36.88,66.48,72.11,57.58,53.85,71.69,60.13,66.48,45.69,45.69,40.5,56.6,62.03,28.64,58.03,38.47,56.36,4.47,54.33,66.27,36.06,53.85,26.08,0.0,22.36,63.56,43.08,39.29,44.18,35.38,31.05,36.06,62.03,71.39,26.08,40.2,21.63,66.0,68.0,36.72,54.63,48.37,74.32,22.09,64.62,64.62,27.86,31.62,30.41,73.66,55.33,49.4,55.33,19.03,23.09,47.27,30.15,49.04,18.79,103.12,19.72
24,16.12,76.16,58.14,74.67,72.11,87.86,55.46,83.19,62.51,68.03,44.05,62.8,63.78,22.8,78.41,24.08,78.71,22.8,75.71,57.72,44.72,75.89,4.47,22.36,0.0,66.48,65.39,61.35,41.62,57.2,50.04,25.3,48.04,60.3,42.19,60.3,42.52,86.58,51.42,22.09,40.05,69.86,76.58,43.68,50.16,81.22,34.0,46.69,32.02,84.53,75.11,36.06,76.69,11.05,29.55,68.66,26.25,69.46,37.05,123.1,30.81
25,63.81,22.36,50.99,47.2,51.11,50.0,22.09,49.52,43.08,77.67,23.32,10.77,4.0,87.2,64.5,50.12,87.36,68.03,69.86,32.98,28.64,76.55,65.12,63.56,66.48,0.0,75.31,69.05,26.08,82.0,50.16,44.94,48.0,41.76,87.36,55.79,77.28,70.46,58.03,51.11,48.66,67.68,10.77,60.13,50.04,48.08,35.78,40.0,92.78,30.36,59.54,45.61,70.26,74.2,40.71,66.41,40.31,60.54,50.8,93.48,44.01
26,78.89,64.28,105.6,38.63,32.31,51.11,84.1,45.65,34.06,2.83,59.93,64.78,76.16,66.12,25.46,76.58,14.14,43.68,17.2,94.02,50.16,12.17,68.88,43.08,65.39,75.31,0.0,6.32,69.97,16.12,26.0,72.14,96.54,101.55,39.29,20.0,28.07,30.53,104.69,75.29,90.55,12.81,84.59,22.8,99.36,44.72,51.61,36.77,61.29,66.71,26.63,84.9,18.03,60.88,50.33,13.04,62.97,20.12,33.24,66.41,44.6
27,74.24,58.55,99.64,34.0,27.78,47.2,77.82,41.62,28.28,8.94,53.67,58.55,69.86,64.03,23.32,71.22,20.0,40.45,16.49,87.82,43.86,14.56,64.62,39.29,61.35,69.05,6.32,0.0,63.81,18.44,19.7,66.6,90.69,95.41,39.4,14.14,27.2,29.73,98.99,70.0,84.85,10.77,78.41,17.89,93.51,40.5,45.61,30.46,60.21,61.4,23.35,79.2,17.46,57.71,44.55,10.3,57.28,16.28,27.66,66.71,38.9
28,37.74,42.19,36.88,55.46,56.6,64.03,16.0,61.35,46.04,72.72,11.66,26.31,22.8,63.53,68.41,24.17,83.76,48.37,70.71,24.17,21.26,75.29,39.7,44.18,41.62,26.08,69.97,63.81,0.0,71.47,44.41,18.87,29.53,31.62,70.03,53.81,62.51,76.03,39.4,25.06,26.68,66.6,35.38,49.4,32.25,59.46,18.97,34.06,70.58,51.24,63.6,22.09,71.42,50.54,22.2,65.19,15.65,61.55,38.28,106.4,27.66
29,72.25,74.73,104.71,52.15,46.04,65.6,86.83,60.0,44.94,17.09,63.15,72.11,82.1,53.37,41.23,72.8,24.08,34.41,33.29,95.52,54.33,27.86,61.22,35.38,57.2,82.0,16.12,18.44,71.47,0.0,32.25,69.34,95.02,102.16,24.08,31.3,15.23,46.65,102.08,71.22,88.2,28.43,92.09,22.36,97.75,58.82,52.5,42.0,47.04,78.55,41.73,82.68,34.13,50.54,49.77,28.32,61.29,34.71,33.24,82.28,44.01
30,60.17,43.08,80.72,26.83,22.8,41.18,58.14,35.78,15.62,28.64,34.0,40.0,50.64,59.46,28.64,54.59,39.45,34.18,27.78,68.26,24.17,31.11,52.35,31.05,50.04,50.16,26.0,19.7,44.41,32.25,0.0,49.4,72.14,76.03,44.05,10.77,31.62,36.88,80.92,53.67,66.84,22.8,60.0,12.81,74.97,34.0,26.91,10.77,59.17,48.02,25.08,61.22,28.65,49.82,26.93,21.4,39.66,19.92,13.0,73.06,21.93
31,18.87,59.67,36.06,67.47,67.05,78.23,30.53,74.67,56.32,74.97,26.31,44.27,41.62,48.08,76.97,6.0,86.28,39.29,77.18,32.56,32.25,80.0,22.36,36.06,25.3,44.94,72.14,66.6,18.87,69.34,49.4,0.0,26.0,36.06,61.61,60.03,57.27,85.09,32.8,6.32,18.87,72.11,54.04,49.52,28.64,72.69,23.41,41.23,56.72,68.66,72.62,13.42,78.03,35.69,22.47,70.72,9.85,68.88,38.95,118.6,27.8
32,34.53,68.73,10.2,84.97,86.09,92.97,26.08,90.62,75.47,99.36,41.18,52.95,44.0,70.11,97.65,24.33,110.63,65.15,99.36,17.89,50.48,103.25,44.0,62.03,48.04,48.0,96.54,90.69,29.53,95.02,72.14,26.0,0.0,14.42,87.36,82.22,83.26,105.39,10.2,26.31,8.0,94.85,52.95,74.4,2.83,88.77,45.25,62.48,80.01,77.52,92.91,12.65,100.12,59.08,46.23,93.43,33.84,90.43,63.41,135.77,52.01
33,48.08,63.91,10.2,84.4,86.56,90.35,20.59,88.84,76.42,104.31,42.52,49.19,37.95,82.87,99.04,36.22,115.38,74.97,101.98,8.94,52.5,106.83,56.57,71.39,60.3,41.76,101.55,95.41,31.62,102.16,76.03,36.06,14.42,0.0,97.32,85.28,91.76,106.3,20.59,38.21,21.54,98.08,44.05,80.5,14.14,87.13,50.12,65.6,92.27,72.12,94.11,24.33,102.65,71.18,52.39,96.67,41.48,92.7,69.32,133.84,58.18
34,58.31,86.09,97.53,69.43,64.03,83.74,86.02,78.1,59.46,40.79,65.12,79.12,86.35,31.3,62.61,63.25,48.0,22.36,55.71,92.35,58.82,51.42,46.65,26.08,42.19,87.36,39.29,39.4,70.03,24.08,44.05,61.61,87.36,97.32,0.0,48.41,12.81,69.08,92.48,61.35,79.7,50.16,98.08,31.24,89.84,76.58,52.61,50.12,23.35,91.84,61.91,74.73,56.65,32.65,48.26,49.66,56.22,54.71,37.16,105.65,43.74
35,70.88,44.41,90.51,21.26,15.62,35.38,66.57,29.73,14.14,22.09,42.8,45.12,56.92,67.91,18.11,65.3,31.62,42.76,17.2,77.2,32.8,21.63,62.8,40.2,60.3,55.79,20.0,14.14,53.81,31.3,10.77,60.03,82.22,85.28,48.41,0.0,35.61,26.31,91.21,64.4,77.2,12.81,64.78,18.97,85.04,28.28,37.2,19.8,66.31,47.43,15.13,71.61,18.03,59.21,37.59,11.4,50.25,9.22,23.35,63.01,32.7
36,58.0,74.24,93.23,56.64,51.22,70.94,78.41,65.3,46.86,30.0,56.04,68.41,76.66,38.47,50.16,60.03,38.83,19.8,43.68,85.91,48.66,40.2,46.69,21.63,42.52,77.28,28.07,27.2,62.51,15.23,31.62,57.27,83.26,91.76,12.81,35.61,0.0,56.92,89.55,58.31,76.03,37.95,87.86,18.87,85.91,63.78,44.05,38.63,33.24,79.61,49.24,70.68,44.64,35.36,40.31,37.34,50.29,42.06,26.48,93.86,35.06
37,97.02,52.0,112.8,23.32,19.8,28.0,86.28,24.33,30.0,30.0,64.4,60.0,72.8,92.78,8.25,90.62,30.53,68.12,13.42,97.67,54.92,19.8,89.11,66.0,86.58,70.46,30.53,29.73,76.03,46.65,36.88,85.09,105.39,106.3,69.08,26.31,56.92,0.0,114.91,89.89,101.21,18.97,76.94,44.05,108.17,24.74,61.74,43.86,89.74,50.22,12.53,95.77,12.53,85.01,62.97,19.65,75.24,17.12,49.65,37.34,58.52
38,36.22,78.92,11.31,94.85,95.77,103.09,36.0,100.66,85.09,107.52,50.99,63.15,54.04,72.25,107.07,29.53,118.83,70.68,108.41,26.68,60.03,111.95,47.07,68.0,51.42,58.03,104.69,98.99,39.4,102.08,80.92,32.8,10.2,20.59,92.48,91.21,89.55,114.91,0.0,31.3,14.14,103.71,62.51,82.22,8.0,98.79,54.04,71.61,82.73,87.69,102.4,19.8,109.2,62.37,54.45,102.3,41.73,99.62,71.45,145.77,60.11
39,12.81,65.97,36.5,72.99,72.28,84.1,35.61,80.4,61.61,78.1,32.56,50.6,47.71,44.72,81.71,2.0,89.38,39.4,81.41,36.06,38.05,83.76,18.44,36.72,22.09,51.11,75.29,70.0,25.06,71.22,53.67,6.32,26.31,38.21,61.35,64.4,58.31,89.89,31.3,0.0,18.44,76.16,60.0,52.5,28.64,78.41,28.64,46.17,54.08,74.95,77.49,14.0,82.3,33.02,26.93,74.79,15.13,73.41,42.44,123.98,31.76
40,26.68,68.03,18.11,81.71,82.29,90.71,27.86,87.93,71.55,93.38,37.95,52.04,44.72,62.13,93.3,16.49,104.69,57.58,94.4,22.63,46.52,97.84,36.0,54.63,40.05,48.66,90.55,84.85,26.68,88.2,66.84,18.87,8.0,21.54,79.7,77.2,76.03,101.21,14.14,18.44,0.0,89.64,55.03,68.12,10.2,86.02,40.0,57.69,72.01,77.01,88.68,5.66,95.21,51.09,40.31,88.24,27.59,85.7,57.31,132.85,45.97
41,81.71,54.04,103.25,26.68,20.4,38.47,79.32,33.11,24.74,13.42,55.61,56.92,69.08,74.24,12.81,77.18,20.1,50.04,6.0,90.0,45.61,8.94,72.8,48.37,69.86,67.68,12.81,10.77,66.6,28.43,22.8,72.11,94.85,98.08,50.16,12.81,37.95,18.97,103.71,76.16,89.64,0.0,76.16,26.31,97.67,32.31,49.68,32.56,70.83,55.44,13.89,84.02,7.0,67.19,49.65,1.41,62.43,8.06,34.01,56.09,44.42
42,72.8,25.61,54.0,53.67,58.31,53.81,27.2,54.41,51.42,86.83,34.0,20.0,12.81,97.65,71.69,58.82,96.1,78.79,77.79,36.06,39.29,84.9,74.97,74.32,76.58,10.77,84.59,78.41,35.38,92.09,60.0,54.04,52.95,44.05,98.08,64.78,87.86,76.94,62.51,60.0,55.03,76.16,0.0,70.46,54.59,53.25,46.52,50.16,103.45,31.4,66.85,52.8,78.11,84.63,51.43,74.95,50.33,68.68,61.39,96.43,54.78
43,56.36,55.46,83.76,38.83,34.0,53.25,64.56,47.71,28.28,25.61,40.79,50.64,60.0,49.03,36.22,53.81,36.88,24.08,32.25,73.54,32.06,32.31,46.82,22.09,43.68,60.13,22.8,17.89,49.4,22.36,12.81,49.52,74.4,80.5,31.24,18.97,18.87,44.05,82.22,52.5,68.12,26.31,70.46,0.0,77.2,46.04,30.46,20.4,47.42,60.75,33.96,62.48,33.24,41.01,28.3,25.18,40.61,27.29,11.18,81.3,22.47
44,36.22,71.02,8.0,87.66,88.84,95.52,28.0,93.23,78.23,102.18,43.91,55.32,46.04,72.03,100.44,26.68,113.45,67.68,102.18,18.97,53.25,106.08,46.04,64.62,50.16,50.04,99.36,93.51,32.25,97.75,74.97,28.64,2.83,14.14,89.84,85.04,85.91,108.17,8.0,28.64,10.2,97.67,54.59,77.2,0.0,91.39,48.08,65.3,82.05,79.76,95.69,15.23,102.94,61.2,49.04,96.26,36.62,93.24,66.22,138.4,54.82
45,88.0,27.78,94.83,7.21,12.81,7.21,66.57,2.0,18.97,45.69,48.08,38.42,50.99,93.23,22.09,78.64,50.99,68.03,30.59,78.23,40.45,38.83,82.61,64.62,81.22,48.08,44.72,40.5,59.46,58.82,34.0,72.69,88.77,87.13,76.58,28.28,63.78,24.74,98.79,78.41,86.02,32.31,53.25,46.04,91.39,0.0,50.04,34.53,93.15,25.5,18.68,81.04,30.41,82.86,53.04,31.78,63.29,24.6,45.88,47.01,50.49
46,38.05,42.19,54.04,44.41,43.68,56.04,34.53,52.04,32.98,54.41,12.65,29.73,34.18,52.35,53.67,29.12,65.6,32.31,54.41,43.08,10.77,58.0,34.18,27.86,34.0,35.78,51.61,45.61,18.97,52.5,26.91,23.41,45.25,50.12,52.61,37.2,44.05,61.74,54.04,28.64,40.0,49.68,46.52,30.46,48.08,50.04,0.0,17.89,57.14,50.54,49.24,34.41,55.22,39.62,5.0,48.27,13.6,45.79,19.31,95.34,9.0
47,54.33,36.06,70.71,28.07,26.31,41.23,47.41,36.5,16.0,39.4,23.32,30.27,40.2,60.03,35.78,46.82,50.12,35.61,36.88,57.69,13.42,41.23,48.17,31.62,46.69,40.0,36.77,30.46,34.06,42.0,10.77,41.23,62.48,65.6,50.12,19.8,38.63,43.86,71.61,46.17,57.69,32.56,50.16,20.4,65.3,34.53,17.89,0.0,61.72,42.45,31.38,52.15,37.64,48.85,19.42,31.14,31.38,28.02,13.45,78.09,16.03
48,46.53,96.9,90.05,85.96,81.39,100.34,85.73,94.89,74.63,63.13,69.46,86.61,90.82,11.18,82.57,56.08,71.11,26.17,76.69,89.27,66.22,73.44,36.01,30.41,32.02,92.78,61.29,60.21,70.58,47.04,59.17,56.72,80.01,92.27,23.35,66.31,33.24,89.74,82.73,54.08,72.01,70.83,103.45,47.42,82.05,93.15,57.14,61.72,0.0,104.0,80.99,68.07,77.67,21.1,52.15,70.09,55.03,74.0,48.41,126.91,49.82
49,86.68,9.06,81.25,29.02,35.13,23.71,52.17,25.96,33.62,68.25,42.45,25.02,34.21,101.4,47.1,74.53,75.17,77.83,55.01,63.32,39.82,63.07,84.58,73.66,84.53,30.36,66.71,61.4,51.24,78.55,48.02,68.66,77.52,72.12,91.84,47.43,79.61,50.22,87.69,74.95,77.01,55.44,31.4,60.75,79.76,25.5,50.54,42.45,104.0,0.0,43.0,73.06,55.0,89.31,55.07,54.59,61.03,47.38,55.9,65.12,55.22
50,84.93,42.95,100.42,14.04,8.54,24.6,74.28,19.31,17.69,27.29,52.01,48.88,61.59,82.98,5.0,78.19,32.39,57.87,12.04,85.56,42.44,20.22,77.41,55.33,75.11,59.54,26.63,23.35,63.6,41.73,25.08,72.62,92.91,94.11,61.91,15.13,49.24,12.53,102.4,77.49,88.68,13.89,66.85,33.96,95.69,18.68,49.24,31.38,80.99,43.0,0.0,83.24,12.0,74.33,50.6,13.6,62.77,7.21,38.05,48.01,46.32
51,24.17,64.03,22.8,76.55,76.97,85.91,26.08,82.97,66.21,87.73,32.98,48.04,41.76,58.55,87.82,12.0,99.04,52.5,88.81,23.32,41.23,92.2,32.25,49.4,36.06,45.61,84.9,79.2,22.09,82.68,61.22,13.42,12.65,24.33,74.73,71.61,70.68,95.77,19.8,14.0,5.66,84.02,52.8,62.48,15.23,81.04,34.41,52.15,68.07,73.06,83.24,0.0,89.63,47.01,34.66,82.62,21.93,80.16,51.66,127.76,40.31
52,88.26,54.74,108.25,26.02,20.22,35.74,83.41,30.81,27.29,17.69,60.14,59.51,72.01,81.22,8.54,83.24,20.62,57.04,1.0,94.37,50.21,8.54,79.56,55.33,76.69,70.26,18.03,17.46,71.42,34.13,28.65,78.03,100.12,102.65,56.65,18.03,44.64,12.53,109.2,82.3,95.21,7.0,78.11,33.24,102.94,30.41,55.22,37.64,77.67,55.0,12.0,89.63,0.0,74.17,55.57,8.06,68.26,10.0,40.5,49.24,50.54
53,26.57,81.4,69.18,75.96,72.57,89.81,65.19,84.77,63.89,63.32,51.09,69.3,71.85,13.04,77.06,35.01,73.39,17.26,73.17,68.25,49.82,72.18,15.3,19.03,11.05,74.2,60.88,57.71,50.54,50.54,49.82,35.69,59.08,71.18,32.65,59.21,35.36,85.01,62.37,33.02,51.09,67.19,84.63,41.01,61.2,82.86,39.62,48.85,21.1,89.31,74.33,47.01,74.17,0.0,34.71,66.12,34.89,68.07,37.11,122.15,34.13
54,35.06,46.87,55.47,47.04,45.71,59.3,38.12,55.04,35.23,53.15,17.46,34.71,39.0,47.38,54.78,27.73,64.44,27.51,54.71,45.88,15.26,57.63,30.08,23.09,29.55,40.71,50.33,44.55,22.2,49.77,26.93,22.47,46.23,52.39,48.26,37.59,40.31,62.97,54.45,26.93,40.31,49.65,51.43,28.3,49.04,53.04,5.0,19.42,52.15,55.07,50.6,34.66,55.57,34.71,0.0,48.26,12.81,46.52,17.2,97.49,5.83
55,80.41,53.01,101.83,25.96,19.65,38.08,77.94,32.65,23.54,13.93,54.2,55.66,67.78,73.33,13.04,75.8,21.21,49.01,7.07,88.6,44.2,10.3,71.57,47.27,68.66,66.41,13.04,10.3,65.19,28.32,21.4,70.72,93.43,96.67,49.66,11.4,37.34,19.65,102.3,74.79,88.24,1.41,74.95,25.18,96.26,31.78,48.27,31.14,70.09,54.59,13.6,82.62,8.06,66.12,48.26,0.0,61.03,7.28,32.7,56.89,43.05
56,25.71,52.2,43.42,57.87,57.28,69.03,30.81,65.28,46.57,65.8,18.79,37.59,37.54,47.89,67.12,15.52,77.1,34.01,67.42,36.12,23.0,70.43,24.84,30.15,26.25,40.31,62.97,57.28,15.65,61.29,39.66,9.85,33.84,41.48,56.22,50.25,50.29,75.24,41.73,15.13,27.59,62.43,50.33,40.61,36.62,63.29,13.6,31.38,55.03,61.03,62.77,21.93,68.26,34.89,12.81,61.03,0.0,59.06,29.73,108.91,18.38
57,80.08,46.1,98.41,18.68,12.37,31.06,73.41,25.55,17.46,21.19,50.21,49.77,62.17,76.3,9.0,74.25,28.02,51.35,9.43,84.39,40.31,16.28,72.01,49.04,69.46,60.54,20.12,16.28,61.55,34.71,19.92,68.88,90.43,92.7,54.71,9.22,42.06,17.12,99.62,73.41,85.7,8.06,68.68,27.29,93.24,24.6,45.79,28.02,74.0,47.38,7.21,80.16,10.0,68.07,46.52,7.28,59.06,0.0,32.56,54.08,41.79
58,47.76,49.41,72.67,38.9,35.51,52.92,53.6,47.76,26.93,36.07,30.15,42.06,50.25,47.42,41.44,43.6,47.38,22.47,39.56,62.39,22.2,41.34,39.46,18.79,37.05,50.8,33.24,27.66,38.28,33.24,13.0,38.95,63.41,69.32,37.16,23.35,26.48,49.65,71.45,42.44,57.31,34.01,61.39,11.18,66.22,45.88,19.31,13.45,48.41,55.9,38.05,51.66,40.5,37.11,17.2,32.7,29.73,32.56,0.0,86.05,11.4
59,132.37,71.4,141.77,51.24,51.79,43.57,113.25,45.19,62.37,65.19,94.92,84.72,96.8,130.12,45.1,124.43,61.4,105.39,50.22,124.91,86.68,54.42,125.32,103.12,123.1,93.48,66.41,66.71,106.4,82.28,73.06,118.6,135.77,133.84,105.65,63.01,93.86,37.34,145.77,123.98,132.85,56.09,96.43,81.3,138.4,47.01,95.34,78.09,126.91,65.12,48.01,127.76,49.24,122.15,97.49,56.89,108.91,54.08,86.05,0.0,93.77
60,38.64,47.51,61.29,44.1,42.11,57.07,43.42,52.47,32.02,47.42,21.38,36.89,42.72,46.23,50.29,32.76,58.73,24.19,49.65,51.55,16.4,52.2,32.14,19.72,30.81,44.01,44.6,38.9,27.66,44.01,21.93,27.8,52.01,58.18,43.74,32.7,35.06,58.52,60.11,31.76,45.97,44.42,54.78,22.47,54.82,50.49,9.0,16.03,49.82,55.22,46.32,40.31,50.54,34.13,5.83,43.05,18.38,41.79,11.4,93.77,0.0
