vehicles
vehicle_idx, capacity, cost_per_unit_distance
1,100,3
2,100,3
3,100,3
4,100,3
5,100,3
6,100,3
7,100,3
depot
node_idx,x,y
0,75,55
home delivery customers
node_idx,x,y,service_time,demand
1,51,25,10,1
2,59,37,10,2
3,93,45,10,13
4,35,53,10,7
5,77,63,10,10
6,23,65,10,23
7,81,53,10,18
8,21,5,10,20
9,17,81,10,10
10,61,69,10,4
11,21,93,10,13
12,77,39,10,1
13,47,29,10,17
14,3,89,10,13
15,33,87,10,6
self pickup customers
node_idx,x,y,service_time,demand,locker_idxs
16,7,75,10,12,56-49
17,81,25,10,20,53-57-51-48
18,95,31,10,10,55-48
19,87,43,10,12,53-55-48
20,9,51,10,13,58-49
21,73,81,10,19,54-50-46
22,91,35,10,24,55-48
23,27,97,10,20,56-49
24,59,31,10,12,53-51-47
25,9,91,10,7,52-49
26,11,27,10,18,58-47
27,59,41,10,3,58-56-52-51-47
28,67,1,10,23,55-51
29,17,45,10,22,58-47
30,91,41,10,20,53-48
flexible customers
node_idx,x,y,service_time,demand,locker_idxs
31,77,1,10,26,55-51-48
32,43,21,10,20,58-56-47
33,37,13,10,15,56-47
34,37,51,10,7,58-54-52-47
35,27,31,10,24,56-52-54-58-47
36,3,1,10,9,57-47
37,41,61,10,12,54-58-52-49
38,29,81,10,6,54-49
39,51,95,10,9,55-46
40,49,25,10,22,55-56-58-51-47
41,7,51,10,19,58-49
42,83,23,10,15,53-55-57-51-48
43,27,53,10,3,54-52-58-49
44,23,3,10,21,58-47
45,97,61,10,2,53-50
lockers
node_idx,x,y,service_time,capacity,cost_per_unit_good
46,65,88,10,76
47,25,15,10,72
48,93,12,10,98
49,22,88,10,77
50,77,88,10,97
51,72,14,10,81
52,40,51,10,77
53,85,29,10,88
54,35,55,10,79
55,72,26,10,71
56,41,24,10,100
57,75,43,10,79
58,33,41,10,71
mrt lines
start_node_idx,end_node_idx,freight_capacity,cost_per_unit_good
46,47,76,0.1
47,46,76,0.1
48,49,98,0.1
49,48,98,0.1
50,51,97,0.1
51,50,97,0.1
distance matrix
,0,1,2,3,4,5,6,7,8,9,10,11,12,13,14,15,16,17,18,19,20,21,22,23,24,25,26,27,28,29,30,31,32,33,34,35,36,37,38,39,40,41,42,43,44,45,46,47,48,49,50,51,52,53,54,55,56,57,58,
0,0.0,38.42,24.08,20.59,40.05,8.25,52.95,6.32,73.59,63.56,19.8,66.03,16.12,38.21,79.62,52.8,70.88,30.59,31.24,16.97,66.12,26.08,25.61,63.78,28.84,75.18,69.86,21.26,54.59,58.86,21.26,54.04,46.69,56.64,38.21,53.67,90.0,34.53,52.84,46.65,39.7,68.12,32.98,48.04,73.54,22.8,34.48,64.03,46.62,62.43,33.06,41.11,35.23,27.86,40.0,29.15,46.01,12.0,44.27
1,38.42,0.0,14.42,46.52,32.25,46.04,48.83,41.04,36.06,65.51,45.12,74.32,29.53,5.66,80.0,64.56,66.6,30.0,44.41,40.25,49.4,60.17,41.23,75.89,10.0,78.23,40.05,17.89,28.84,39.45,43.08,35.38,8.94,18.44,29.53,24.74,53.67,37.36,60.17,70.0,2.0,51.11,32.06,36.88,35.61,58.41,64.54,27.86,43.97,69.35,68.15,23.71,28.23,34.23,34.0,21.02,10.05,30.0,24.08
2,24.08,14.42,0.0,34.93,28.84,31.62,45.61,27.2,49.68,60.83,32.06,67.68,18.11,14.42,76.42,56.36,64.4,25.06,36.5,28.64,51.92,46.17,32.06,68.0,6.0,73.59,49.03,4.0,36.88,42.76,32.25,40.25,22.63,32.56,26.08,32.56,66.57,30.0,53.25,58.55,15.62,53.85,27.78,35.78,49.52,44.94,51.35,40.5,42.2,63.01,54.08,26.42,23.6,27.2,30.0,17.03,22.2,17.09,26.31
3,20.59,46.52,34.93,0.0,58.55,24.08,72.8,14.42,82.37,84.1,40.0,86.53,17.09,48.7,100.18,73.24,91.08,23.32,14.14,6.32,84.21,41.18,10.2,84.02,36.77,95.77,83.95,34.23,51.11,76.0,4.47,46.82,55.46,64.5,56.32,67.47,100.18,54.41,73.43,65.3,48.33,86.21,24.17,66.48,81.63,16.49,51.31,74.32,33.0,83.01,45.88,37.44,53.34,17.89,58.86,28.32,56.08,18.11,60.13
4,40.05,32.25,28.84,58.55,0.0,43.17,16.97,46.0,50.0,33.29,30.53,42.38,44.27,26.83,48.17,34.06,35.61,53.85,63.91,52.95,26.08,47.2,58.82,44.72,32.56,46.04,35.38,26.83,61.06,19.7,57.27,66.84,32.98,40.05,2.83,23.41,61.06,10.0,28.64,44.94,31.3,28.07,56.6,8.0,51.42,62.51,46.1,39.29,71.03,37.34,54.67,53.76,5.39,55.46,2.0,45.8,29.61,41.23,12.17
5,8.25,46.04,31.62,24.08,43.17,0.0,54.04,10.77,80.62,62.64,17.09,63.53,24.0,45.34,78.43,50.12,71.02,38.21,36.72,22.36,69.05,18.44,31.3,60.46,36.72,73.54,75.18,28.43,62.8,62.64,26.08,62.0,54.04,64.03,41.76,59.36,96.54,36.06,51.26,41.23,47.2,71.02,40.45,50.99,80.72,20.1,27.73,70.77,53.45,60.42,25.0,49.25,38.9,34.93,42.76,37.34,53.08,20.1,49.19
6,52.95,48.83,45.61,72.8,16.97,54.04,0.0,59.23,60.03,17.09,38.21,28.07,59.93,43.27,31.24,24.17,18.87,70.46,79.62,67.68,19.8,52.5,74.32,32.25,49.52,29.53,39.85,43.27,77.67,20.88,72.11,83.74,48.33,53.85,19.8,34.23,67.05,18.44,17.09,41.04,47.71,21.26,73.24,12.65,62.0,74.11,47.89,50.04,87.8,23.02,58.69,70.72,22.02,71.69,15.62,62.63,44.78,56.46,26.0
7,6.32,41.04,27.2,14.42,46.0,10.77,59.23,0.0,76.84,69.86,25.61,72.11,14.56,41.62,85.91,58.82,77.2,28.0,26.08,11.66,72.03,29.12,20.59,69.66,31.11,81.41,74.67,25.06,53.85,64.5,15.62,52.15,49.68,59.46,44.05,58.31,93.74,40.79,59.06,51.61,42.52,74.03,30.07,54.0,76.58,17.89,38.48,67.68,42.72,68.6,35.23,40.02,41.05,24.33,46.04,28.46,49.41,11.66,49.48
8,73.59,36.06,49.68,82.37,50.0,80.62,60.03,76.84,0.0,76.11,75.47,88.0,65.51,35.38,85.91,82.87,71.39,63.25,78.43,76.16,47.54,92.09,76.16,92.2,46.04,86.83,24.17,52.35,46.17,40.2,78.71,56.14,27.2,17.89,48.7,26.68,18.44,59.46,76.42,94.87,34.41,48.08,64.56,48.37,2.83,94.4,93.94,10.77,72.34,83.01,100.12,51.79,49.77,68.35,51.92,55.15,27.59,66.03,37.95
9,63.56,65.51,60.83,84.1,33.29,62.64,17.09,69.86,76.11,0.0,45.61,12.65,73.24,60.03,16.12,17.09,11.66,85.04,92.65,79.65,31.05,56.0,87.13,18.87,65.3,12.81,54.33,58.0,94.34,36.0,84.12,100.0,65.39,70.88,36.06,50.99,81.22,31.24,12.0,36.77,64.5,31.62,87.86,29.73,78.23,82.46,48.51,66.48,102.65,8.6,60.41,86.68,37.8,85.6,31.62,77.78,61.85,69.34,43.08
10,19.8,45.12,32.06,40.0,30.53,17.09,38.21,25.61,75.47,45.61,0.0,46.65,34.0,42.38,61.35,33.29,54.33,48.33,50.99,36.77,55.03,16.97,45.34,44.05,38.05,56.46,65.3,28.07,68.26,50.12,41.04,69.86,51.26,60.93,30.0,50.99,89.38,21.54,34.18,27.86,45.61,56.92,50.99,37.58,76.16,36.88,19.42,64.9,65.37,43.38,24.84,56.09,27.66,46.65,29.53,44.38,49.24,29.53,39.6
11,66.03,74.32,67.68,86.53,42.38,63.53,28.07,72.11,88.0,12.65,46.65,0.0,77.79,69.08,18.44,13.42,22.8,90.69,96.54,82.8,43.68,53.37,90.91,7.21,72.72,12.17,66.75,64.4,102.86,48.17,87.2,107.7,75.29,81.58,44.94,62.29,93.74,37.74,14.42,30.07,73.54,44.27,93.51,40.45,90.02,82.46,44.28,78.1,108.37,5.1,56.22,94.03,46.1,90.51,40.5,84.2,71.84,73.59,53.37
12,16.12,29.53,18.11,17.09,44.27,24.0,59.93,14.56,65.51,73.24,34.0,77.79,0.0,31.62,89.31,65.12,78.71,14.56,19.7,10.77,69.05,42.19,14.56,76.58,19.7,85.6,67.08,18.11,39.29,60.3,14.14,38.0,38.47,47.71,41.76,50.64,83.19,42.19,63.78,61.74,31.3,71.02,17.09,51.92,64.9,29.73,50.45,57.27,31.38,73.66,49.0,25.5,38.9,12.81,44.94,13.93,39.0,4.47,44.05
13,38.21,5.66,14.42,48.7,26.83,45.34,43.27,41.62,35.38,60.03,42.38,69.08,31.62,0.0,74.4,59.67,60.96,34.23,48.04,42.38,43.91,58.14,44.41,70.88,12.17,72.72,36.06,16.97,34.41,34.0,45.61,41.04,8.94,18.87,24.17,20.1,52.15,32.56,55.03,66.12,4.47,45.65,36.5,31.24,35.38,59.36,61.68,26.08,49.04,64.08,66.19,29.15,23.09,38.0,28.64,25.18,7.81,31.3,18.44
14,79.62,80.0,76.42,100.18,48.17,78.43,31.24,85.91,85.91,16.12,61.35,18.44,89.31,74.4,0.0,30.07,14.56,100.9,108.76,95.77,38.47,70.46,103.25,25.3,80.62,6.32,62.51,73.76,108.81,46.17,100.24,114.98,78.89,83.26,50.99,62.77,88.0,47.2,27.2,48.37,78.82,38.21,103.71,43.27,88.29,98.08,62.01,77.2,118.44,19.03,74.01,101.91,53.04,101.61,46.69,93.43,75.29,85.44,56.6
15,52.8,64.56,56.36,73.24,34.06,50.12,24.17,58.82,82.87,17.09,33.29,13.42,65.12,59.67,30.07,0.0,28.64,78.41,83.55,69.66,43.27,40.45,77.9,11.66,61.74,24.33,63.91,52.84,92.48,44.94,74.03,96.6,66.75,74.11,36.22,56.32,91.08,27.2,7.21,19.7,64.03,44.41,81.22,34.53,84.59,69.08,32.02,72.44,96.05,11.05,44.01,82.76,36.67,77.9,32.06,72.4,63.51,60.83,46.0
16,70.88,66.6,64.4,91.08,35.61,71.02,18.87,77.2,71.39,11.66,54.33,22.8,78.71,60.96,14.56,28.64,0.0,89.31,98.39,86.16,24.08,66.27,93.04,29.73,68.12,16.12,48.17,62.13,95.27,31.62,90.62,101.86,64.9,68.88,38.42,48.33,74.11,36.77,22.8,48.33,65.3,24.0,92.09,29.73,73.76,91.08,59.44,62.64,106.61,19.85,71.2,89.14,40.8,90.55,34.41,81.4,61.29,75.15,42.8
17,30.59,30.0,25.06,23.32,53.85,38.21,70.46,28.0,63.25,85.04,48.33,90.69,14.56,34.23,100.9,78.41,89.31,0.0,15.23,18.97,76.55,56.57,14.14,90.0,22.8,97.67,70.03,27.2,27.78,67.05,18.87,24.33,38.21,45.61,51.11,54.33,81.61,53.81,76.42,76.16,32.0,78.43,2.83,60.83,62.03,39.4,65.0,56.89,17.69,86.31,63.13,14.21,48.55,5.66,54.92,9.06,40.01,18.97,50.6
18,31.24,44.41,36.5,14.14,63.91,36.72,79.62,26.08,78.43,92.65,50.99,96.54,19.7,48.04,108.76,83.55,98.39,15.23,0.0,14.42,88.29,54.63,5.66,94.76,36.0,104.86,84.1,37.36,41.04,79.25,10.77,34.99,52.95,60.73,61.35,68.0,96.77,61.77,82.8,77.67,46.39,90.24,14.42,71.47,77.25,30.07,64.41,71.81,19.1,92.62,59.77,28.6,58.52,10.2,64.62,23.54,54.45,23.32,62.8
19,16.97,40.25,28.64,6.32,52.95,22.36,67.68,11.66,76.16,79.65,36.77,82.8,10.77,42.38,95.77,69.66,86.16,18.97,14.42,0.0,78.41,40.5,8.94,80.72,30.46,91.59,77.67,28.07,46.52,70.03,4.47,43.17,49.19,58.31,50.64,61.19,93.91,49.4,69.34,63.25,42.05,80.4,20.4,60.83,75.47,20.59,50.09,68.03,31.58,79.06,46.1,32.65,47.68,14.14,53.37,22.67,49.77,12.0,54.04
20,66.12,49.4,51.92,84.21,26.08,69.05,19.8,72.03,47.54,31.05,55.03,43.68,69.05,43.91,38.47,43.27,24.08,76.55,88.29,78.41,0.0,70.68,83.55,49.4,53.85,40.0,24.08,50.99,76.58,10.0,82.61,84.4,45.34,47.2,28.0,26.91,50.36,33.53,36.06,60.83,47.71,2.0,79.12,18.11,50.0,88.57,67.12,39.4,92.61,39.22,77.41,73.06,31.0,79.12,26.31,67.78,41.87,66.48,26.0
21,26.08,60.17,46.17,41.18,47.2,18.44,52.5,29.12,92.09,56.0,16.97,53.37,42.19,58.14,70.46,40.45,66.27,56.57,54.63,40.5,70.68,0.0,49.4,48.7,51.92,64.78,82.22,42.38,80.22,66.57,43.86,80.1,67.08,76.94,46.86,67.94,106.3,37.74,44.0,26.08,60.93,72.5,58.86,53.85,92.65,31.24,10.63,81.61,71.84,51.48,8.06,67.01,44.6,53.37,46.04,55.01,65.37,38.05,56.57
22,25.61,41.23,32.06,10.2,58.82,31.3,74.32,20.59,76.16,87.13,45.34,90.91,14.56,44.41,103.25,77.9,93.04,14.14,5.66,8.94,83.55,49.4,0.0,89.11,32.25,99.3,80.4,32.56,41.62,74.67,6.0,36.77,50.0,58.31,56.32,64.12,94.34,56.36,77.2,72.11,43.17,85.51,14.42,66.48,75.15,26.68,59.03,68.96,23.09,87.01,54.82,28.32,53.45,8.49,59.46,21.02,51.2,17.89,58.31
23,63.78,75.89,68.0,84.02,44.72,60.46,32.25,69.66,92.2,18.87,44.05,7.21,76.58,70.88,25.3,11.66,29.73,90.0,94.76,80.72,49.4,48.7,89.11,0.0,73.35,18.97,71.81,64.5,104.0,52.95,85.04,108.24,77.67,84.59,47.07,66.0,98.95,38.63,16.12,24.08,75.29,50.16,92.8,44.0,94.09,78.71,39.05,82.02,107.62,10.3,50.8,94.41,47.8,89.38,42.76,84.06,74.33,72.25,56.32
24,28.84,10.0,6.0,36.77,32.56,36.72,49.52,31.11,46.04,65.3,38.05,72.72,19.7,12.17,80.62,61.74,68.12,22.8,36.0,30.46,53.85,51.92,32.25,73.35,0.0,78.1,48.17,10.0,31.05,44.27,33.53,34.99,18.87,28.43,29.73,32.0,63.53,34.99,58.31,64.5,11.66,55.71,25.3,38.83,45.61,48.41,57.31,37.58,38.95,67.96,59.77,21.4,27.59,26.08,33.94,13.93,19.31,20.0,27.86
25,75.18,78.23,73.59,95.77,46.04,73.54,29.53,81.41,86.83,12.81,56.46,12.17,85.6,72.72,6.32,24.33,16.12,97.67,104.86,91.59,40.0,64.78,99.3,18.97,78.1,0.0,64.03,70.71,107.07,46.69,96.04,112.8,77.82,82.87,48.83,62.64,90.2,43.86,22.36,42.19,77.18,40.05,100.5,42.05,89.11,92.97,56.08,77.67,115.31,13.34,68.07,99.49,50.61,98.08,44.41,90.52,74.25,81.61,55.46
26,69.86,40.05,49.03,83.95,35.38,75.18,39.85,74.67,24.17,54.33,65.3,66.75,67.08,36.06,62.51,63.91,48.17,70.03,84.1,77.67,24.08,82.22,80.4,71.81,48.17,64.03,0.0,50.0,61.74,18.97,81.22,70.94,32.56,29.53,35.38,16.49,27.2,45.34,56.92,78.89,38.05,24.33,72.11,30.53,26.83,92.48,81.47,18.44,83.36,61.98,89.87,62.37,37.64,74.03,36.88,61.01,30.15,65.97,26.08
27,21.26,17.89,4.0,34.23,26.83,28.43,43.27,25.06,52.35,58.0,28.07,64.4,18.11,16.97,73.76,52.84,62.13,27.2,37.36,28.07,50.99,42.38,32.56,64.5,10.0,70.71,50.0,0.0,40.79,42.19,32.0,43.86,25.61,35.61,24.17,33.53,68.82,26.91,50.0,54.59,18.87,52.95,30.0,34.18,52.35,42.94,47.38,42.8,44.69,59.82,50.33,29.97,21.47,28.64,27.78,19.85,24.76,16.12,26.0
28,54.59,28.84,36.88,51.11,61.06,62.8,77.67,53.85,46.17,94.34,68.26,102.86,39.29,34.41,108.81,92.48,95.27,27.78,41.04,46.52,76.58,80.22,41.62,104.0,31.05,107.07,61.74,40.79,0.0,66.6,46.65,10.0,31.24,32.31,58.31,50.0,64.0,65.39,88.57,95.35,30.0,78.1,27.2,65.6,44.05,67.08,87.02,44.27,28.23,97.95,87.57,13.93,56.82,33.29,62.77,25.5,34.71,42.76,52.5
29,58.86,39.45,42.76,76.0,19.7,62.64,20.88,64.5,40.2,36.0,50.12,48.17,60.3,34.0,46.17,44.94,31.62,67.05,79.25,70.03,10.0,66.57,74.67,52.95,44.27,46.69,18.97,42.19,66.6,0.0,74.11,74.4,35.38,37.74,20.88,17.2,46.17,28.84,37.95,60.46,37.74,11.66,69.57,12.81,42.43,81.58,64.44,31.05,82.86,43.29,73.82,63.13,23.77,69.86,20.59,58.19,31.89,58.03,16.49
30,21.26,43.08,32.25,4.47,57.27,26.08,72.11,15.62,78.71,84.12,41.04,87.2,14.14,45.61,100.24,74.03,90.62,18.87,10.77,4.47,82.61,43.86,6.0,85.04,33.53,96.04,81.22,32.0,46.65,74.11,0.0,42.38,52.0,60.83,54.92,64.78,96.66,53.85,73.78,67.2,44.94,84.59,19.7,65.12,77.9,20.88,53.71,70.94,29.07,83.49,49.04,33.02,51.97,13.42,57.72,24.21,52.81,16.12,58.0
31,54.04,35.38,40.25,46.82,66.84,62.0,83.74,52.15,56.14,100.0,69.86,107.7,38.0,41.04,114.98,96.6,101.86,24.33,34.99,43.17,84.4,80.1,36.77,108.24,34.99,112.8,70.94,43.86,10.0,74.4,42.38,0.0,39.45,41.76,64.03,58.31,74.0,69.97,93.3,97.53,36.88,86.02,22.8,72.14,54.04,63.25,87.82,53.85,19.42,102.93,87.0,13.93,62.2,29.12,68.41,25.5,42.72,42.05,59.46
32,46.69,8.94,22.63,55.46,32.98,54.04,48.33,49.68,27.2,65.39,51.26,75.29,38.47,8.94,78.89,66.75,64.9,38.21,52.95,49.19,45.34,67.08,50.0,77.67,18.87,77.82,32.56,25.61,31.24,35.38,52.0,39.45,0.0,10.0,30.59,18.87,44.72,40.05,61.61,74.43,7.21,46.86,40.05,35.78,26.91,67.2,70.52,18.97,50.8,70.21,75.13,29.83,30.15,42.76,34.93,29.43,3.61,38.83,22.36
33,56.64,18.44,32.56,64.5,40.05,64.03,53.85,59.46,17.89,70.88,60.93,81.58,47.71,18.87,83.26,74.11,68.88,45.61,60.73,58.31,47.2,76.94,58.31,84.59,28.43,82.87,29.53,35.61,32.31,37.74,60.83,41.76,10.0,0.0,38.0,20.59,36.06,48.17,68.47,83.19,16.97,48.41,47.07,41.23,17.2,76.84,80.06,12.17,56.01,76.49,85.0,35.01,38.12,50.6,42.05,37.34,11.7,48.41,28.28
34,38.21,29.53,26.08,56.32,2.83,41.76,19.8,44.05,48.7,36.06,30.0,44.94,41.76,24.17,50.99,36.22,38.42,51.11,61.35,50.64,28.0,46.86,56.32,47.07,29.73,48.83,35.38,24.17,58.31,20.88,54.92,64.03,30.59,38.0,0.0,22.36,60.46,10.77,31.05,46.17,28.64,30.0,53.85,10.2,50.0,60.83,46.4,37.95,68.24,39.92,54.49,50.93,3.0,52.8,4.47,43.01,27.29,38.83,10.77
35,53.67,24.74,32.56,67.47,23.41,59.36,34.23,58.31,26.68,50.99,50.99,62.29,50.64,20.1,62.77,56.32,48.33,54.33,68.0,61.19,26.91,67.94,64.12,66.0,32.0,62.64,16.49,33.53,50.0,17.2,64.78,58.31,18.87,20.59,22.36,0.0,38.42,33.11,50.04,68.35,22.8,28.28,56.57,22.0,28.28,76.16,68.51,16.12,68.68,57.22,75.82,48.1,23.85,58.03,25.3,45.28,15.65,49.48,11.66
36,90.0,53.67,66.57,100.18,61.06,96.54,67.05,93.74,18.44,81.22,89.38,93.74,83.19,52.15,88.0,91.08,74.11,81.61,96.77,93.91,50.36,106.3,94.34,98.95,63.53,90.2,27.2,68.82,64.0,46.17,96.66,74.0,44.72,36.06,60.46,38.42,0.0,71.02,84.12,105.55,51.88,50.16,82.97,57.27,20.1,111.52,106.83,26.08,90.67,89.05,114.21,70.21,62.2,86.65,62.77,73.39,44.42,83.35,50.0
37,34.53,37.36,30.0,54.41,10.0,36.06,18.44,40.79,59.46,31.24,21.54,37.74,42.19,32.56,47.2,27.2,36.77,53.81,61.77,49.4,33.53,37.74,56.36,38.63,34.99,43.86,45.34,26.91,65.39,28.84,53.85,69.97,40.05,48.17,10.77,33.11,71.02,0.0,23.32,35.44,36.88,35.44,56.64,16.12,60.73,56.0,36.12,48.7,71.45,33.02,45.0,56.3,10.05,54.41,8.49,46.75,37.0,38.47,21.54
38,52.84,60.17,53.25,73.43,28.64,51.26,17.09,59.06,76.42,12.0,34.18,14.42,63.78,55.03,27.2,7.21,22.8,76.42,82.8,69.34,36.06,44.0,77.2,16.12,58.31,22.36,56.92,50.0,88.57,37.95,73.78,93.3,61.61,68.47,31.05,50.04,84.12,23.32,0.0,26.08,59.46,37.2,79.25,28.07,78.23,70.88,36.67,66.12,94.11,9.9,48.51,79.61,31.95,76.42,26.68,69.81,58.25,59.67,40.2
39,46.65,70.0,58.55,65.3,44.94,41.23,41.04,51.61,94.87,36.77,27.86,30.07,61.74,66.12,48.37,19.7,48.33,76.16,77.67,63.25,60.83,26.08,72.11,24.08,64.5,42.19,78.89,54.59,95.35,60.46,67.2,97.53,74.43,83.19,46.17,68.35,105.55,35.44,26.08,0.0,70.03,62.23,78.79,48.37,96.17,57.2,15.65,84.12,93.02,29.83,26.93,83.68,45.35,74.24,43.08,72.12,71.7,57.27,56.92
40,39.7,2.0,15.62,48.33,31.3,47.2,47.71,42.52,34.41,64.5,45.61,73.54,31.3,4.47,78.82,64.03,65.3,32.0,46.39,42.05,47.71,60.93,43.17,75.29,11.66,77.18,38.05,18.87,30.0,37.74,44.94,36.88,7.21,16.97,28.64,22.8,51.88,36.88,59.46,70.03,0.0,49.4,34.06,35.61,34.06,60.0,65.0,26.0,45.88,68.54,68.94,25.5,27.51,36.22,33.11,23.02,8.06,31.62,22.63
41,68.12,51.11,53.85,86.21,28.07,71.02,21.26,74.03,48.08,31.62,56.92,44.27,71.02,45.65,38.21,44.41,24.0,78.43,90.24,80.4,2.0,72.5,85.51,50.16,55.71,40.05,24.33,52.95,78.1,11.66,84.59,86.02,46.86,48.41,30.0,28.28,50.16,35.44,37.2,62.23,49.4,0.0,80.99,20.1,50.6,90.55,68.8,40.25,94.43,39.92,79.18,74.79,33.0,81.04,28.28,69.64,43.42,68.47,27.86
42,32.98,32.06,27.78,24.17,56.6,40.45,73.24,30.07,64.56,87.86,50.99,93.51,17.09,36.5,103.71,81.22,92.09,2.83,14.42,20.4,79.12,58.86,14.42,92.8,25.3,100.5,72.11,30.0,27.2,69.57,19.7,22.8,40.05,47.07,53.85,56.57,82.97,56.64,79.25,78.79,34.06,80.99,0.0,63.53,63.25,40.5,67.45,58.55,14.87,89.14,65.28,14.21,51.31,6.32,57.69,11.4,42.01,21.54,53.14
43,48.04,36.88,35.78,66.48,8.0,50.99,12.65,54.0,48.37,29.73,37.58,40.45,51.92,31.24,43.27,34.53,29.73,60.83,71.47,60.83,18.11,53.85,66.48,44.0,38.83,42.05,30.53,34.18,65.6,12.81,65.12,72.14,35.78,41.23,10.2,22.0,57.27,16.12,28.07,48.37,35.61,20.1,63.53,0.0,50.16,70.46,51.66,38.05,77.7,35.36,61.03,59.55,13.15,62.77,8.25,52.48,32.2,49.03,13.42
44,73.54,35.61,49.52,81.63,51.42,80.72,62.0,76.58,2.83,78.23,76.16,90.02,64.9,35.38,88.29,84.59,73.76,62.03,77.25,75.47,50.0,92.65,75.15,94.09,45.61,89.11,26.83,52.35,44.05,42.43,77.9,54.04,26.91,17.2,50.0,28.28,20.1,60.73,78.23,96.17,34.06,50.6,63.25,50.16,0.0,94.02,94.81,12.17,70.58,85.01,100.7,50.22,50.92,67.23,53.37,54.13,27.66,65.6,39.29
45,22.8,58.41,44.94,16.49,62.51,20.1,74.11,17.89,94.4,82.46,36.88,82.46,29.73,59.36,98.08,69.08,91.08,39.4,30.07,20.59,88.57,31.24,26.68,78.71,48.41,92.97,92.48,42.94,67.08,81.58,20.88,63.25,67.2,76.84,60.83,76.16,111.52,56.0,70.88,57.2,60.0,90.55,40.5,70.46,94.02,0.0,41.87,85.44,49.16,79.71,33.6,53.24,57.87,34.18,62.29,43.01,67.12,28.43,67.05
46,34.48,64.54,51.35,51.31,46.1,27.73,47.89,38.48,93.94,48.51,19.42,44.28,50.45,61.68,62.01,32.02,59.44,65.0,64.41,50.09,67.12,10.63,59.03,39.05,57.31,56.08,81.47,47.38,87.02,64.44,53.71,87.82,70.52,80.06,46.4,68.51,106.83,36.12,36.67,15.65,65.0,68.8,67.45,51.66,94.81,41.87,0.0,83.24,80.99,43.0,12.0,74.33,44.65,62.3,44.6,62.39,68.35,46.1,56.86
47,64.03,27.86,40.5,74.32,39.29,70.77,50.04,67.68,10.77,66.48,64.9,78.1,57.27,26.08,77.2,72.44,62.64,56.89,71.81,68.03,39.4,81.61,68.96,82.02,37.58,77.67,18.44,42.8,44.27,31.05,70.94,53.85,18.97,12.17,37.95,16.12,26.08,48.7,66.12,84.12,26.0,40.25,58.55,38.05,12.17,85.44,83.24,0.0,68.07,73.06,89.63,47.01,39.0,61.61,41.23,48.27,18.36,57.31,27.2
48,46.62,43.97,42.2,33.0,71.03,53.45,87.8,42.72,72.34,102.65,65.37,108.37,31.38,49.04,118.44,96.05,106.61,17.69,19.1,31.58,92.61,71.84,23.09,107.62,38.95,115.31,83.36,44.69,28.23,82.86,29.07,19.42,50.8,56.01,68.24,68.68,90.67,71.45,94.11,93.02,45.88,94.43,14.87,77.7,70.58,49.16,80.99,68.07,0.0,104.0,77.67,21.1,65.8,18.79,72.2,25.24,53.37,35.85,66.64
49,62.43,69.35,63.01,83.01,37.34,60.42,23.02,68.6,83.01,8.6,43.38,5.1,73.66,64.08,19.03,11.05,19.85,86.31,92.62,79.06,39.22,51.48,87.01,10.3,67.96,13.34,61.98,59.82,97.95,43.29,83.49,102.93,70.21,76.49,39.92,57.22,89.05,33.02,9.9,29.83,68.54,39.92,89.14,35.36,85.01,79.71,43.0,73.06,104.0,0.0,55.0,89.31,41.15,86.31,35.47,79.65,66.76,69.53,48.27
50,33.06,68.15,54.08,45.88,54.67,25.0,58.69,35.23,100.12,60.41,24.84,56.22,49.0,66.19,74.01,44.01,71.2,63.13,59.77,46.1,77.41,8.06,54.82,50.8,59.77,68.07,89.87,50.33,87.57,73.82,49.04,87.0,75.13,85.0,54.49,75.82,114.21,45.0,48.51,26.93,68.94,79.18,65.28,61.03,100.7,33.6,12.0,89.63,77.67,55.0,0.0,74.17,52.33,59.54,53.41,62.2,73.43,45.04,64.38
51,41.11,23.71,26.42,37.44,53.76,49.25,70.72,40.02,51.79,86.68,56.09,94.03,25.5,29.15,101.91,82.76,89.14,14.21,28.6,32.65,73.06,67.01,28.32,94.41,21.4,99.49,62.37,29.97,13.93,63.13,33.02,13.93,29.83,35.01,50.93,48.1,70.21,56.3,79.61,83.68,25.5,74.79,14.21,59.55,50.22,53.24,74.33,47.01,21.1,89.31,74.17,0.0,48.92,19.85,55.23,12.0,32.57,29.15,47.43
52,35.23,28.23,23.6,53.34,5.39,38.9,22.02,41.05,49.77,37.8,27.66,46.1,38.9,23.09,53.04,36.67,40.8,48.55,58.52,47.68,31.0,44.6,53.45,47.8,27.59,50.61,37.64,21.47,56.82,23.77,51.97,62.2,30.15,38.12,3.0,23.85,62.2,10.05,31.95,45.35,27.51,33.0,51.31,13.15,50.92,57.87,44.65,39.0,65.8,41.15,52.33,48.92,0.0,50.09,6.4,40.61,27.02,35.9,12.21
53,27.86,34.23,27.2,17.89,55.46,34.93,71.69,24.33,68.35,85.6,46.65,90.51,12.81,38.0,101.61,77.9,90.55,5.66,10.2,14.14,79.12,53.37,8.49,89.38,26.08,98.08,74.03,28.64,33.29,69.86,13.42,29.12,42.76,50.6,52.8,58.03,86.65,54.41,76.42,74.24,36.22,81.04,6.32,62.77,67.23,34.18,62.3,61.61,18.79,86.31,59.54,19.85,50.09,0.0,56.36,13.34,44.28,17.2,53.37
54,40.0,34.0,30.0,58.86,2.0,42.76,15.62,46.04,51.92,31.62,29.53,40.5,44.94,28.64,46.69,32.06,34.41,54.92,64.62,53.37,26.31,46.04,59.46,42.76,33.94,44.41,36.88,27.78,62.77,20.59,57.72,68.41,34.93,42.05,4.47,25.3,62.77,8.49,26.68,43.08,33.11,28.28,57.69,8.25,53.37,62.29,44.6,41.23,72.2,35.47,53.41,55.23,6.4,56.36,0.0,47.01,31.58,41.76,14.14
55,29.15,21.02,17.03,28.32,45.8,37.34,62.63,28.46,55.15,77.78,44.38,84.2,13.93,25.18,93.43,72.4,81.4,9.06,23.54,22.67,67.78,55.01,21.02,84.06,13.93,90.52,61.01,19.85,25.5,58.19,24.21,25.5,29.43,37.34,43.01,45.28,73.39,46.75,69.81,72.12,23.02,69.64,11.4,52.48,54.13,43.01,62.39,48.27,25.24,79.65,62.2,12.0,40.61,13.34,47.01,0.0,31.06,17.26,41.79
56,46.01,10.05,22.2,56.08,29.61,53.08,44.78,49.41,27.59,61.85,49.24,71.84,39.0,7.81,75.29,63.51,61.29,40.01,54.45,49.77,41.87,65.37,51.2,74.33,19.31,74.25,30.15,24.76,34.71,31.89,52.81,42.72,3.61,11.7,27.29,15.65,44.42,37.0,58.25,71.7,8.06,43.42,42.01,32.2,27.66,67.12,68.35,18.36,53.37,66.76,73.43,32.57,27.02,44.28,31.58,31.06,0.0,38.95,18.79
57,12.0,30.0,17.09,18.11,41.23,20.1,56.46,11.66,66.03,69.34,29.53,73.59,4.47,31.3,85.44,60.83,75.15,18.97,23.32,12.0,66.48,38.05,17.89,72.25,20.0,81.61,65.97,16.12,42.76,58.03,16.12,42.05,38.83,48.41,38.83,49.48,83.35,38.47,59.67,57.27,31.62,68.47,21.54,49.03,65.6,28.43,46.1,57.31,35.85,69.53,45.04,29.15,35.9,17.2,41.76,17.26,38.95,0.0,42.05
58,44.27,24.08,26.31,60.13,12.17,49.19,26.0,49.48,37.95,43.08,39.6,53.37,44.05,18.44,56.6,46.0,42.8,50.6,62.8,54.04,26.0,56.57,58.31,56.32,27.86,55.46,26.08,26.0,52.5,16.49,58.0,59.46,22.36,28.28,10.77,11.66,50.0,21.54,40.2,56.92,22.63,27.86,53.14,13.42,39.29,67.05,56.86,27.2,66.64,48.27,64.38,47.43,12.21,53.37,14.14,41.79,18.79,42.05,0.0
