vehicles
vehicle_idx, capacity, cost_per_unit_distance
1,100,3
2,100,3
3,100,3
4,100,3
5,100,3
6,100,3
7,100,3
depot
node_idx,x,y
0,61,99
home delivery customers
node_idx,x,y,service_time,demand
1,45,87,10,1
2,55,23,10,12
3,29,71,10,6
4,65,61,10,13
5,73,35,10,20
6,39,99,10,18
7,89,71,10,8
8,63,25,10,26
9,39,45,10,22
10,47,77,10,16
11,29,19,10,20
12,13,65,10,12
13,33,9,10,22
14,45,5,10,20
15,17,13,10,6
16,89,27,10,11
self pickup customers
node_idx,x,y,service_time,demand,locker_idxs
17,95,7,10,14,50-47
18,15,47,10,16,53-46
19,39,75,10,23,54-48
20,87,79,10,5,52-45
21,49,37,10,8,49-46
22,85,31,10,21,50-47
23,89,43,10,24,52-47
24,79,81,10,20,50-45
25,45,5,10,19,53-46
26,41,13,10,12,53-46
27,67,75,10,14,50-45
28,41,27,10,25,53-51-55-49-46
29,57,81,10,19,50-52-54-45
30,93,89,10,10,53-45
flexible customers
node_idx,x,y,service_time,demand,locker_idxs
31,75,63,10,1,52-45
32,17,35,10,14,51-46
33,75,77,10,7,50-52-45
34,93,69,10,13,52-45
35,49,69,10,3,52-54-45
36,93,33,10,17,52-47
37,89,33,10,8,55-47
38,63,9,10,20,53-47
39,49,77,10,17,50-54-52-45
40,83,7,10,15,52-47
41,81,61,10,2,52-45
42,57,81,10,9,50-52-54-45
43,7,25,10,21,52-46
44,35,35,10,24,49-51-55-53-46
lockers
node_idx,x,y,service_time,capacity,cost_per_unit_good
45,65,88,10,99
46,25,15,10,89
47,93,12,10,94
48,22,88,10,92
49,50,42,10,80
50,59,95,10,86
51,52,35,10,74
52,73,69,10,74
53,50,29,10,94
54,47,70,10,95
55,49,34,10,77
mrt lines
start_node_idx,end_node_idx,freight_capacity,cost_per_unit_good
45,46,99,0.1
46,45,99,0.1
47,48,94,0.1
48,47,94,0.1
distance matrix
,0,1,2,3,4,5,6,7,8,9,10,11,12,13,14,15,16,17,18,19,20,21,22,23,24,25,26,27,28,29,30,31,32,33,34,35,36,37,38,39,40,41,42,43,44,45,46,47,48,49,50,51,52,53,54,55,
0,0.0,20.0,76.24,42.52,38.21,65.12,22.0,39.6,74.03,58.31,26.08,86.16,58.82,94.25,95.35,96.6,77.25,98.08,69.43,32.56,32.8,63.15,72.11,62.61,25.46,95.35,88.29,24.74,74.73,18.44,33.53,38.63,77.67,26.08,43.86,32.31,73.35,71.69,90.02,25.06,94.59,42.94,18.44,91.61,69.08,11.7,91.39,92.7,40.52,58.05,4.47,64.63,32.31,70.86,32.2,66.1
1,20.0,0.0,64.78,22.63,32.8,59.06,13.42,46.82,64.56,42.43,10.2,69.86,38.83,78.92,82.0,79.12,74.4,94.34,50.0,13.42,42.76,50.16,68.82,62.23,34.53,82.0,74.11,25.06,60.13,13.42,48.04,38.42,59.06,31.62,51.26,18.44,72.25,69.66,80.05,10.77,88.57,44.41,13.42,72.72,52.95,20.02,74.73,89.04,23.02,45.28,16.12,52.47,33.29,58.22,17.12,53.15
2,76.24,64.78,0.0,54.59,39.29,21.63,77.67,58.82,8.25,27.2,54.59,26.31,59.4,26.08,20.59,39.29,34.23,43.08,46.65,54.41,64.5,15.23,31.05,39.45,62.77,20.59,17.2,53.37,14.56,58.03,76.16,44.72,39.85,57.58,59.67,46.39,39.29,35.44,16.12,54.33,32.25,46.04,58.03,48.04,23.32,65.76,31.05,39.56,72.9,19.65,72.11,12.37,49.4,7.81,47.68,12.53
3,42.52,22.63,54.59,0.0,37.36,56.85,29.73,60.0,57.2,27.86,18.97,52.0,17.09,62.13,67.91,59.23,74.4,91.93,27.78,10.77,58.55,39.45,68.82,66.21,50.99,67.91,59.23,38.21,45.61,29.73,66.48,46.69,37.95,46.39,64.03,20.1,74.43,71.02,70.71,20.88,83.74,52.95,29.73,50.99,36.5,39.81,56.14,87.05,18.38,35.81,38.42,42.72,44.05,46.96,18.03,42.06
4,38.21,32.8,39.29,37.36,0.0,27.2,46.04,26.0,36.06,30.53,24.08,55.32,52.15,61.06,59.46,67.88,41.62,61.77,51.92,29.53,28.43,28.84,36.06,30.0,24.41,59.46,53.67,14.14,41.62,21.54,39.6,10.2,54.59,18.87,29.12,17.89,39.6,36.88,52.04,22.63,56.92,16.0,21.54,68.26,39.7,27.0,60.96,56.44,50.77,24.21,34.53,29.07,11.31,35.34,20.12,31.38
5,65.12,59.06,21.63,56.85,27.2,0.0,72.47,39.4,14.14,35.44,49.4,46.82,67.08,47.71,41.04,60.17,17.89,35.61,59.23,52.5,46.17,24.08,12.65,17.89,46.39,41.04,38.83,40.45,32.98,48.7,57.58,28.07,56.0,42.05,39.45,41.62,20.1,16.12,27.86,48.37,29.73,27.2,48.7,66.75,38.0,53.6,52.0,30.48,73.55,24.04,61.61,21.0,34.0,23.77,43.6,24.02
6,22.0,13.42,77.67,29.73,46.04,72.47,0.0,57.31,77.79,54.0,23.41,80.62,42.8,90.2,94.19,88.77,87.66,107.7,57.27,24.0,52.0,62.8,82.1,75.07,43.86,94.19,86.02,36.88,72.03,25.46,54.92,50.91,67.68,42.19,61.77,31.62,85.28,82.8,93.15,24.17,101.98,56.64,25.46,80.62,64.12,28.23,85.16,102.4,20.25,58.05,20.4,65.31,45.34,70.86,30.08,65.76
7,39.6,46.82,58.82,60.0,26.0,39.4,57.31,0.0,52.84,56.36,42.43,79.4,76.24,83.55,79.32,92.46,44.0,64.28,77.79,50.16,8.25,52.5,40.2,28.0,14.14,79.32,75.29,22.36,65.12,33.53,18.44,16.12,80.5,15.23,4.47,40.05,38.21,38.0,67.23,40.45,64.28,12.81,33.53,94.02,64.9,29.41,85.04,59.14,69.12,48.6,38.42,51.62,16.12,57.31,42.01,54.49
8,74.03,64.56,8.25,57.2,36.06,14.14,77.79,52.84,0.0,31.24,54.41,34.53,64.03,34.0,26.91,47.54,26.08,36.72,52.8,55.46,59.09,18.44,22.8,31.62,58.24,26.91,25.06,50.16,22.09,56.32,70.68,39.85,47.07,53.37,53.25,46.17,31.05,27.2,16.0,53.85,26.91,40.25,56.32,56.0,29.73,63.03,39.29,32.7,75.17,21.4,70.11,14.87,45.12,13.6,47.76,16.64
9,58.31,42.43,27.2,27.86,30.53,35.44,54.0,56.36,31.24,0.0,32.98,27.86,32.8,36.5,40.45,38.83,53.14,67.68,24.08,30.0,58.82,12.81,48.08,50.04,53.81,40.45,32.06,41.04,18.11,40.25,69.66,40.25,24.17,48.17,59.09,26.0,55.32,51.42,43.27,33.53,58.14,44.94,40.25,37.74,10.77,50.25,33.11,63.29,46.24,11.4,53.85,16.4,41.62,19.42,26.25,14.87
10,26.08,10.2,54.59,18.97,24.08,49.4,23.41,42.43,54.41,32.98,0.0,60.73,36.06,69.43,72.03,70.68,65.3,84.88,43.86,8.25,40.05,40.05,59.67,54.04,32.25,72.03,64.28,20.1,50.36,10.77,47.54,31.3,51.61,28.0,46.69,8.25,63.66,60.83,69.86,2.0,78.71,37.58,10.77,65.6,43.68,21.1,65.79,79.63,27.31,35.13,21.63,42.3,27.2,48.09,7.0,43.05
11,86.16,69.86,26.31,52.0,55.32,46.82,80.62,79.4,34.53,27.86,60.73,0.0,48.7,10.77,21.26,13.42,60.53,67.08,31.3,56.89,83.45,26.91,57.27,64.62,79.65,21.26,13.42,67.68,14.42,68.03,94.85,63.66,20.0,74.03,81.22,53.85,65.51,61.61,35.44,61.35,55.32,66.84,68.03,22.8,17.09,77.83,5.66,64.38,69.35,31.14,81.71,28.02,66.6,23.26,54.08,25.0
12,58.82,38.83,59.4,17.09,52.15,67.08,42.8,76.24,64.03,32.8,36.06,48.7,0.0,59.46,68.0,52.15,84.97,100.44,18.11,27.86,75.31,45.61,79.62,79.12,67.91,68.0,59.06,54.92,47.2,46.82,83.52,62.03,30.27,63.15,80.1,36.22,86.16,82.46,75.07,37.95,90.91,68.12,46.82,40.45,37.2,56.86,51.42,95.96,24.7,43.57,54.92,49.2,60.13,51.62,34.37,47.51
13,94.25,78.92,26.08,62.13,61.06,47.71,90.2,83.55,34.0,36.5,69.43,10.77,59.46,0.0,12.65,16.49,58.82,62.03,42.05,66.27,88.41,32.25,56.46,65.51,85.44,12.65,8.94,74.24,19.7,75.89,100.0,68.41,30.53,79.92,84.85,62.1,64.62,60.93,30.0,69.86,50.04,70.77,75.89,30.53,26.08,85.23,10.0,60.07,79.76,37.12,89.84,32.2,72.11,26.25,62.59,29.68
14,95.35,82.0,20.59,67.91,59.46,41.04,94.19,79.32,26.91,40.45,72.03,21.26,68.0,12.65,0.0,29.12,49.19,50.04,51.61,70.26,85.09,32.25,47.71,58.14,83.26,0.0,8.94,73.38,22.36,76.94,96.75,65.3,41.04,78.0,80.0,64.12,55.57,52.15,18.44,72.11,38.05,66.57,76.94,42.94,31.62,85.38,22.36,48.51,86.13,37.34,91.08,30.81,69.86,24.52,65.03,29.27
15,96.6,79.12,39.29,59.23,67.88,60.17,88.77,92.46,47.54,38.83,70.68,13.42,52.15,16.49,29.12,0.0,73.35,78.23,34.06,65.79,96.21,40.0,70.34,78.0,92.02,29.12,24.0,79.65,27.78,78.89,107.48,76.58,22.0,86.37,94.4,64.5,78.59,74.73,46.17,71.55,66.27,80.0,78.89,15.62,28.43,89.04,8.25,76.01,75.17,43.93,92.13,41.34,79.2,36.67,64.41,38.28
16,77.25,74.4,34.23,74.4,41.62,17.89,87.66,44.0,26.08,53.14,65.3,60.53,84.97,58.82,49.19,73.35,0.0,20.88,76.66,69.31,52.04,41.23,5.66,16.0,54.92,49.19,50.0,52.8,48.0,62.77,62.13,38.63,72.44,51.92,42.19,58.0,7.21,6.0,31.62,64.03,20.88,34.93,62.77,82.02,54.59,65.55,65.12,15.52,90.61,41.79,74.32,37.85,44.94,39.05,60.11,40.61
17,98.08,94.34,43.08,91.93,61.77,35.61,107.7,64.28,36.72,67.68,84.88,67.08,100.44,62.03,50.04,78.23,20.88,0.0,89.44,88.09,72.44,54.92,26.0,36.5,75.71,50.04,54.33,73.54,57.58,83.19,82.02,59.46,82.87,72.8,62.03,77.2,26.08,26.68,32.06,83.76,12.0,55.79,83.19,89.82,66.21,86.38,70.46,5.39,109.04,57.01,95.08,51.31,65.79,50.09,79.2,53.34
18,69.43,50.0,46.65,27.78,51.92,59.23,57.27,77.79,52.8,24.08,43.86,31.3,18.11,42.05,51.61,34.06,76.66,89.44,0.0,36.88,78.79,35.44,71.81,74.11,72.47,51.61,42.8,59.06,32.8,54.04,88.59,62.1,12.17,67.08,81.04,40.5,79.25,75.31,61.22,45.34,78.89,67.47,54.04,23.41,23.32,64.66,33.53,85.49,41.59,35.36,65.12,38.9,62.03,39.36,39.41,36.4
19,32.56,13.42,54.41,10.77,29.53,52.5,24.0,50.16,55.46,30.0,8.25,56.89,27.86,66.27,70.26,65.79,69.31,88.09,36.88,0.0,48.17,39.29,63.66,59.36,40.45,70.26,62.03,28.0,48.04,18.97,55.79,37.95,45.65,36.06,54.33,11.66,68.41,65.3,70.23,10.2,80.99,44.27,18.97,59.36,40.2,29.07,61.61,82.98,21.4,34.79,28.28,42.06,34.53,47.3,9.43,42.2
20,32.8,42.76,64.5,58.55,28.43,46.17,52.0,8.25,59.09,58.82,40.05,83.45,75.31,88.41,85.09,96.21,52.04,72.44,78.79,48.17,0.0,56.64,48.04,36.06,8.25,85.09,80.45,20.4,69.43,30.07,11.66,20.0,82.68,12.17,11.66,39.29,46.39,46.04,74.0,38.05,72.11,18.97,30.07,96.52,68.12,23.77,89.11,67.27,65.62,52.33,32.25,56.22,17.2,62.2,41.0,58.9
21,63.15,50.16,15.23,39.45,28.84,24.08,62.8,52.5,18.44,12.81,40.05,26.91,45.61,32.25,32.25,40.0,41.23,54.92,35.44,39.29,56.64,0.0,36.5,40.45,53.25,32.25,25.3,42.05,12.81,44.72,68.12,36.77,32.06,47.71,54.41,32.0,44.18,40.2,31.3,40.0,45.34,40.0,44.72,43.68,14.14,53.45,32.56,50.61,57.71,5.1,58.86,3.61,40.0,8.06,33.06,3.0
22,72.11,68.82,31.05,68.82,36.06,12.65,82.1,40.2,22.8,48.08,59.67,57.27,79.62,56.46,47.71,70.34,5.66,26.0,71.81,63.66,48.04,36.5,0.0,12.65,50.36,47.71,47.54,47.54,44.18,57.31,58.55,33.53,68.12,47.07,38.83,52.35,8.25,4.47,31.11,58.41,24.08,30.27,57.31,78.23,50.16,60.41,62.1,20.62,84.96,36.69,69.08,33.24,39.85,35.06,54.45,36.12
23,62.61,62.23,39.45,66.21,30.0,17.89,75.07,28.0,31.62,50.04,54.04,64.62,79.12,65.51,58.14,78.0,16.0,36.5,74.11,59.36,36.06,40.45,12.65,0.0,39.29,58.14,56.6,38.83,50.6,49.68,46.17,24.41,72.44,36.77,26.31,47.71,10.77,10.0,42.8,52.5,36.5,19.7,49.68,83.95,54.59,51.0,69.86,31.26,80.71,39.01,60.03,37.85,30.53,41.44,49.93,41.0
24,25.46,34.53,62.77,50.99,24.41,46.39,43.86,14.14,58.24,53.81,32.25,79.65,67.91,85.44,83.26,92.02,54.92,75.71,72.47,40.45,8.25,53.25,50.36,39.29,0.0,83.26,77.9,13.42,66.03,22.0,16.12,18.44,77.2,5.66,18.44,32.31,50.0,49.03,73.76,30.27,74.11,20.1,22.0,91.21,63.66,15.65,85.28,70.41,57.43,48.6,24.41,53.34,13.42,59.54,33.84,55.76
25,95.35,82.0,20.59,67.91,59.46,41.04,94.19,79.32,26.91,40.45,72.03,21.26,68.0,12.65,0.0,29.12,49.19,50.04,51.61,70.26,85.09,32.25,47.71,58.14,83.26,0.0,8.94,73.38,22.36,76.94,96.75,65.3,41.04,78.0,80.0,64.12,55.57,52.15,18.44,72.11,38.05,66.57,76.94,42.94,31.62,85.38,22.36,48.51,86.13,37.34,91.08,30.81,69.86,24.52,65.03,29.27
26,88.29,74.11,17.2,59.23,53.67,38.83,86.02,75.29,25.06,32.06,64.28,13.42,59.06,8.94,8.94,24.0,50.0,54.33,42.8,62.03,80.45,25.3,47.54,56.6,77.9,8.94,0.0,67.23,14.0,69.86,92.09,60.46,32.56,72.47,76.42,56.57,55.71,52.0,22.36,64.5,42.43,62.48,69.86,36.06,22.8,78.75,16.12,52.01,77.37,30.36,83.95,24.6,64.5,18.36,57.31,22.47
27,24.74,25.06,53.37,38.21,14.14,40.45,36.88,22.36,50.16,41.04,20.1,67.68,54.92,74.24,73.38,79.65,52.8,73.54,59.06,28.0,20.4,42.05,47.54,38.83,13.42,73.38,67.23,0.0,54.59,11.66,29.53,14.42,64.03,8.25,26.68,18.97,49.4,47.41,66.12,18.11,69.86,19.8,11.66,78.1,51.22,13.15,73.24,68.15,46.84,37.12,21.54,42.72,8.49,49.04,20.62,44.78
28,74.73,60.13,14.56,45.61,41.62,32.98,72.03,65.12,22.09,18.11,50.36,14.42,47.2,19.7,22.36,27.78,48.0,57.58,32.8,48.04,69.43,12.81,44.18,50.6,66.03,22.36,14.0,54.59,0.0,56.32,80.92,49.52,25.3,60.46,66.84,42.76,52.35,48.37,28.43,50.64,46.52,52.5,56.32,34.06,10.0,65.55,20.0,54.12,63.89,17.49,70.34,13.6,52.8,9.22,43.42,10.63
29,18.44,13.42,58.03,29.73,21.54,48.7,25.46,33.53,56.32,40.25,10.77,68.03,46.82,75.89,76.94,78.89,62.77,83.19,54.04,18.97,30.07,44.72,57.31,49.68,22.0,76.94,69.86,11.66,56.32,0.0,36.88,25.46,60.96,18.44,37.95,14.42,60.0,57.69,72.25,8.94,78.43,31.24,0.0,75.07,50.99,10.63,73.35,77.83,35.69,39.62,14.14,46.27,20.0,52.47,14.87,47.68
30,33.53,48.04,76.16,66.48,39.6,57.58,54.92,18.44,70.68,69.66,47.54,94.85,83.52,100.0,96.75,107.48,62.13,82.02,88.59,55.79,11.66,68.12,58.55,46.17,16.12,96.75,92.09,29.53,80.92,36.88,0.0,31.62,93.23,21.63,20.0,48.33,56.0,56.14,85.44,45.61,82.61,30.46,36.88,107.2,79.25,28.02,100.5,77.0,71.01,63.7,34.53,67.8,28.28,73.82,49.77,70.43
31,38.63,38.42,44.72,46.69,10.2,28.07,50.91,16.12,39.85,40.25,31.3,63.66,62.03,68.41,65.3,76.58,38.63,59.46,62.1,37.95,20.0,36.77,33.53,24.41,18.44,65.3,60.46,14.42,49.52,25.46,31.62,0.0,64.4,14.0,18.97,26.68,34.99,33.11,55.32,29.53,56.57,6.32,25.46,77.9,48.83,26.93,69.31,54.08,58.6,32.65,35.78,36.24,6.32,42.2,28.86,38.95
32,77.67,59.06,39.85,37.95,54.59,56.0,67.68,80.5,47.07,24.17,51.61,20.0,30.27,30.53,41.04,22.0,72.44,82.87,12.17,45.65,82.68,32.06,68.12,72.44,77.2,41.04,32.56,64.03,25.3,60.96,93.23,64.4,0.0,71.61,83.26,46.69,76.03,72.03,52.84,52.8,71.69,69.08,60.96,14.14,18.0,71.51,21.54,79.4,53.24,33.73,73.24,35.0,65.51,33.54,46.1,32.02
33,26.08,31.62,57.58,46.39,18.87,42.05,42.19,15.23,53.37,48.17,28.0,74.03,63.15,79.92,78.0,86.37,51.92,72.8,67.08,36.06,12.17,47.71,47.07,36.77,5.66,78.0,72.47,8.25,60.46,18.44,21.63,14.0,71.61,0.0,19.7,27.2,47.54,46.17,69.05,26.0,70.46,17.09,18.44,85.6,58.0,14.87,79.65,67.45,54.13,43.01,24.08,47.89,8.25,54.12,28.86,50.25
34,43.86,51.26,59.67,64.03,29.12,39.45,61.77,4.47,53.25,59.09,46.69,81.22,80.1,84.85,80.0,94.4,42.19,62.03,81.04,54.33,11.66,54.41,38.83,26.31,18.44,80.0,76.42,26.68,66.84,37.95,20.0,18.97,83.26,19.7,0.0,44.0,36.0,36.22,67.08,44.72,62.8,14.42,37.95,96.6,67.23,33.84,86.83,57.0,73.5,50.77,42.8,53.26,20.0,58.73,46.01,56.22
35,32.31,18.44,46.39,20.1,17.89,41.62,31.62,40.05,46.17,26.0,8.25,53.85,36.22,62.1,64.12,64.5,58.0,77.2,40.5,11.66,39.29,32.0,52.35,47.71,32.31,64.12,56.57,18.97,42.76,14.42,48.33,26.68,46.69,27.2,44.0,0.0,56.85,53.81,61.61,8.0,70.71,32.98,14.42,60.83,36.77,24.84,59.09,72.01,33.02,27.02,27.86,34.13,24.0,40.01,2.24,35.0
36,73.35,72.25,39.29,74.43,39.6,20.1,85.28,38.21,31.05,55.32,63.66,65.51,86.16,64.62,55.57,78.59,7.21,26.08,79.25,68.41,46.39,44.18,8.25,10.77,50.0,55.57,55.71,49.4,52.35,60.0,56.0,34.99,76.03,47.54,36.0,56.85,0.0,4.0,38.42,62.23,27.86,30.46,60.0,86.37,58.03,61.72,70.34,21.0,89.81,43.93,70.71,41.05,41.18,43.19,59.03,44.01
37,71.69,69.66,35.44,71.02,36.88,16.12,82.8,38.0,27.2,51.42,60.83,61.61,82.46,60.93,52.15,74.73,6.0,26.68,75.31,65.3,46.04,40.2,4.47,10.0,49.03,52.15,52.0,47.41,48.37,57.69,56.14,33.11,72.03,46.17,36.22,53.81,4.0,0.0,35.38,59.46,26.68,29.12,57.69,82.39,54.04,60.01,66.48,21.38,86.68,40.02,68.88,37.05,39.4,39.2,55.97,40.01
38,90.02,80.05,16.12,70.71,52.04,27.86,93.15,67.23,16.0,43.27,69.86,35.44,75.07,30.0,18.44,46.17,31.62,32.06,61.22,70.23,74.0,31.3,31.11,42.8,73.76,18.44,22.36,66.12,28.43,72.25,85.44,55.32,52.84,69.05,67.08,61.61,38.42,35.38,0.0,69.43,20.1,55.03,72.25,58.24,38.21,79.03,38.47,30.15,89.01,35.47,86.09,28.23,60.83,23.85,63.06,28.65
39,25.06,10.77,54.33,20.88,22.63,48.37,24.17,40.45,53.85,33.53,2.0,61.35,37.95,69.86,72.11,71.55,64.03,83.76,45.34,10.2,38.05,40.0,58.41,52.5,30.27,72.11,64.5,18.11,50.64,8.94,45.61,29.53,52.8,26.0,44.72,8.0,62.23,59.46,69.43,0.0,77.82,35.78,8.94,66.84,44.27,19.42,66.48,78.49,29.15,35.01,20.59,42.11,25.3,48.01,7.28,43.0
40,94.59,88.57,32.25,83.74,56.92,29.73,101.98,64.28,26.91,58.14,78.71,55.32,90.91,50.04,38.05,66.27,20.88,12.0,78.89,80.99,72.11,45.34,24.08,36.5,74.11,38.05,42.43,69.86,46.52,78.43,82.61,56.57,71.69,70.46,62.8,70.71,27.86,26.68,20.1,77.82,0.0,54.04,78.43,78.1,55.57,82.98,58.55,11.18,101.4,48.1,91.21,41.77,62.8,39.66,72.56,43.42
41,42.94,44.41,46.04,52.95,16.0,27.2,56.64,12.81,40.25,44.94,37.58,66.84,68.12,70.77,66.57,80.0,34.93,55.79,67.47,44.27,18.97,40.0,30.27,19.7,20.1,66.57,62.48,19.8,52.5,31.24,30.46,6.32,69.08,17.09,14.42,32.98,30.46,29.12,55.03,35.78,54.04,0.0,31.24,82.29,52.84,31.38,72.47,50.45,64.88,36.36,40.5,38.95,11.31,44.55,35.17,41.87
42,18.44,13.42,58.03,29.73,21.54,48.7,25.46,33.53,56.32,40.25,10.77,68.03,46.82,75.89,76.94,78.89,62.77,83.19,54.04,18.97,30.07,44.72,57.31,49.68,22.0,76.94,69.86,11.66,56.32,0.0,36.88,25.46,60.96,18.44,37.95,14.42,60.0,57.69,72.25,8.94,78.43,31.24,0.0,75.07,50.99,10.63,73.35,77.83,35.69,39.62,14.14,46.27,20.0,52.47,14.87,47.68
43,91.61,72.72,48.04,50.99,68.26,66.75,80.62,94.02,56.0,37.74,65.6,22.8,40.45,30.53,42.94,15.62,82.02,89.82,23.41,59.36,96.52,43.68,78.23,83.95,91.21,42.94,36.06,78.1,34.06,75.07,107.2,77.9,14.14,85.6,96.6,60.83,86.37,82.39,58.24,66.84,78.1,82.29,75.07,0.0,29.73,85.63,20.59,86.98,64.76,46.24,87.2,46.1,79.32,43.19,60.21,42.95
44,69.08,52.95,23.32,36.5,39.7,38.0,64.12,64.9,29.73,10.77,43.68,17.09,37.2,26.08,31.62,28.43,54.59,66.21,23.32,40.2,68.12,14.14,50.16,54.59,63.66,31.62,22.8,51.22,10.0,50.99,79.25,48.83,18.0,58.0,67.23,36.77,58.03,54.04,38.21,44.27,55.57,52.84,50.99,29.73,0.0,60.9,22.36,62.39,54.57,16.55,64.62,17.0,50.99,16.16,37.0,14.04
45,11.7,20.02,65.76,39.81,27.0,53.6,28.23,29.41,63.03,50.25,21.1,77.83,56.86,85.23,85.38,89.04,65.55,86.38,64.66,29.07,23.77,53.45,60.41,51.0,15.65,85.38,78.75,13.15,65.55,10.63,28.02,26.93,71.51,14.87,33.84,24.84,61.72,60.01,79.03,19.42,82.98,31.38,10.63,85.63,60.9,0.0,83.24,80.99,43.0,48.38,9.22,54.57,20.62,60.88,25.46,56.32
46,91.39,74.73,31.05,56.14,60.96,52.0,85.16,85.04,39.29,33.11,65.79,5.66,51.42,10.0,22.36,8.25,65.12,70.46,33.53,61.61,89.11,32.56,62.1,69.86,85.28,22.36,16.12,73.24,20.0,73.35,100.5,69.31,21.54,79.65,86.83,59.09,70.34,66.48,38.47,66.48,58.55,72.47,73.35,20.59,22.36,83.24,0.0,68.07,73.06,36.8,86.93,33.6,72.25,28.65,59.24,30.61
47,92.7,89.04,39.56,87.05,56.44,30.48,102.4,59.14,32.7,63.29,79.63,64.38,95.96,60.07,48.51,76.01,15.52,5.39,85.49,82.98,67.27,50.61,20.62,31.26,70.41,48.51,52.01,68.15,54.12,77.83,77.0,54.08,79.4,67.45,57.0,72.01,21.0,21.38,30.15,78.49,11.18,50.45,77.83,86.98,62.39,80.99,68.07,0.0,104.0,52.43,89.69,47.01,60.41,46.24,74.03,49.19
48,40.52,23.02,72.9,18.38,50.77,73.55,20.25,69.12,75.17,46.24,27.31,69.35,24.7,79.76,86.13,75.17,90.61,109.04,41.59,21.4,65.62,57.71,84.96,80.71,57.43,86.13,77.37,46.84,63.89,35.69,71.01,58.6,53.24,54.13,73.5,33.02,89.81,86.68,89.01,29.15,101.4,64.88,35.69,64.76,54.57,43.0,73.06,104.0,0.0,53.85,37.66,60.9,54.42,65.31,30.81,60.37
49,58.05,45.28,19.65,35.81,24.21,24.04,58.05,48.6,21.4,11.4,35.13,31.14,43.57,37.12,37.34,43.93,41.79,57.01,35.36,34.79,52.33,5.1,36.69,39.01,48.6,37.34,30.36,37.12,17.49,39.62,63.7,32.65,33.73,43.01,50.77,27.02,43.93,40.02,35.47,35.01,48.1,36.36,39.62,46.24,16.55,48.38,36.8,52.43,53.85,0.0,53.76,7.28,35.47,13.0,28.16,8.06
50,4.47,16.12,72.11,38.42,34.53,61.61,20.4,38.42,70.11,53.85,21.63,81.71,54.92,89.84,91.08,92.13,74.32,95.08,65.12,28.28,32.25,58.86,69.08,60.03,24.41,91.08,83.95,21.54,70.34,14.14,34.53,35.78,73.24,24.08,42.8,27.86,70.71,68.88,86.09,20.59,91.21,40.5,14.14,87.2,64.62,9.22,86.93,89.69,37.66,53.76,0.0,60.41,29.53,66.61,27.73,61.81
51,64.63,52.47,12.37,42.72,29.07,21.0,65.31,51.62,14.87,16.4,42.3,28.02,49.2,32.2,30.81,41.34,37.85,51.31,38.9,42.06,56.22,3.61,33.24,37.85,53.34,30.81,24.6,42.72,13.6,46.27,67.8,36.24,35.0,47.89,53.26,34.13,41.05,37.05,28.23,42.11,41.77,38.95,46.27,46.1,17.0,54.57,33.6,47.01,60.9,7.28,60.41,0.0,39.96,6.32,35.36,3.16
52,32.31,33.29,49.4,44.05,11.31,34.0,45.34,16.12,45.12,41.62,27.2,66.6,60.13,72.11,69.86,79.2,44.94,65.79,62.03,34.53,17.2,40.0,39.85,30.53,13.42,69.86,64.5,8.49,52.8,20.0,28.28,6.32,65.51,8.25,20.0,24.0,41.18,39.4,60.83,25.3,62.8,11.31,20.0,79.32,50.99,20.62,72.25,60.41,54.42,35.47,29.53,39.96,0.0,46.14,26.02,42.44
53,70.86,58.22,7.81,46.96,35.34,23.77,70.86,57.31,13.6,19.42,48.09,23.26,51.62,26.25,24.52,36.67,39.05,50.09,39.36,47.3,62.2,8.06,35.06,41.44,59.54,24.52,18.36,49.04,9.22,52.47,73.82,42.2,33.54,54.12,58.73,40.01,43.19,39.2,23.85,48.01,39.66,44.55,52.47,43.19,16.16,60.88,28.65,46.24,65.31,13.0,66.61,6.32,46.14,0.0,41.11,5.1
54,32.2,17.12,47.68,18.03,20.12,43.6,30.08,42.01,47.76,26.25,7.0,54.08,34.37,62.59,65.03,64.41,60.11,79.2,39.41,9.43,41.0,33.06,54.45,49.93,33.84,65.03,57.31,20.62,43.42,14.87,49.77,28.86,46.1,28.86,46.01,2.24,59.03,55.97,63.06,7.28,72.56,35.17,14.87,60.21,37.0,25.46,59.24,74.03,30.81,28.16,27.73,35.36,26.02,41.11,0.0,36.06
55,66.1,53.15,12.53,42.06,31.38,24.02,65.76,54.49,16.64,14.87,43.05,25.0,47.51,29.68,29.27,38.28,40.61,53.34,36.4,42.2,58.9,3.0,36.12,41.0,55.76,29.27,22.47,44.78,10.63,47.68,70.43,38.95,32.02,50.25,56.22,35.0,44.01,40.01,28.65,43.0,43.42,41.87,47.68,42.95,14.04,56.32,30.61,49.19,60.37,8.06,61.81,3.16,42.44,5.1,36.06,0.0
