set K:= 1	2	3	4	5	6	7;
set C_H:= 1	2	3	4	5	6	7	8	9	10	11	12	13	14	15	16	17;
set C_S:= 18	19	20	21	22	23	24	25	26	27	28	29	30	31	32;
set C_F:= 33	34	35	36	37	38	39	40	41	42	43	44	45	46	47;
set M:= 48	49;
set L_B:= 50	51	52	53	54	55	56;
set A1:=
(0,*) 1 2 3 4 5 6 7 8 9 10 11 12 13 14 15 16 17 33 34 35 36 37 38 39 40 41 42 43 44 45 46 47 48 49 50 51 52 53 54 55 56
(1,*) 0 2 3 4 5 6 7 8 9 10 11 12 13 14 15 16 17 33 34 35 36 37 38 39 40 41 42 43 44 45 46 47 48 49 50 51 52 53 54 55 56
(2,*) 0 1 3 4 5 6 7 8 9 10 11 12 13 14 15 16 17 33 34 35 36 37 38 39 40 41 42 43 44 45 46 47 48 49 50 51 52 53 54 55 56
(3,*) 0 1 2 4 5 6 7 8 9 10 11 12 13 14 15 16 17 33 34 35 36 37 38 39 40 41 42 43 44 45 46 47 48 49 50 51 52 53 54 55 56
(4,*) 0 1 2 3 5 6 7 8 9 10 11 12 13 14 15 16 17 33 34 35 36 37 38 39 40 41 42 43 44 45 46 47 48 49 50 51 52 53 54 55 56
(5,*) 0 1 2 3 4 6 7 8 9 10 11 12 13 14 15 16 17 33 34 35 36 37 38 39 40 41 42 43 44 45 46 47 48 49 50 51 52 53 54 55 56
(6,*) 0 1 2 3 4 5 7 8 9 10 11 12 13 14 15 16 17 33 34 35 36 37 38 39 40 41 42 43 44 45 46 47 48 49 50 51 52 53 54 55 56
(7,*) 0 1 2 3 4 5 6 8 9 10 11 12 13 14 15 16 17 33 34 35 36 37 38 39 40 41 42 43 44 45 46 47 48 49 50 51 52 53 54 55 56
(8,*) 0 1 2 3 4 5 6 7 9 10 11 12 13 14 15 16 17 33 34 35 36 37 38 39 40 41 42 43 44 45 46 47 48 49 50 51 52 53 54 55 56
(9,*) 0 1 2 3 4 5 6 7 8 10 11 12 13 14 15 16 17 33 34 35 36 37 38 39 40 41 42 43 44 45 46 47 48 49 50 51 52 53 54 55 56
(10,*) 0 1 2 3 4 5 6 7 8 9 11 12 13 14 15 16 17 33 34 35 36 37 38 39 40 41 42 43 44 45 46 47 48 49 50 51 52 53 54 55 56
(11,*) 0 1 2 3 4 5 6 7 8 9 10 12 13 14 15 16 17 33 34 35 36 37 38 39 40 41 42 43 44 45 46 47 48 49 50 51 52 53 54 55 56
(12,*) 0 1 2 3 4 5 6 7 8 9 10 11 13 14 15 16 17 33 34 35 36 37 38 39 40 41 42 43 44 45 46 47 48 49 50 51 52 53 54 55 56
(13,*) 0 1 2 3 4 5 6 7 8 9 10 11 12 14 15 16 17 33 34 35 36 37 38 39 40 41 42 43 44 45 46 47 48 49 50 51 52 53 54 55 56
(14,*) 0 1 2 3 4 5 6 7 8 9 10 11 12 13 15 16 17 33 34 35 36 37 38 39 40 41 42 43 44 45 46 47 48 49 50 51 52 53 54 55 56
(15,*) 0 1 2 3 4 5 6 7 8 9 10 11 12 13 14 16 17 33 34 35 36 37 38 39 40 41 42 43 44 45 46 47 48 49 50 51 52 53 54 55 56
(16,*) 0 1 2 3 4 5 6 7 8 9 10 11 12 13 14 15 17 33 34 35 36 37 38 39 40 41 42 43 44 45 46 47 48 49 50 51 52 53 54 55 56
(17,*) 0 1 2 3 4 5 6 7 8 9 10 11 12 13 14 15 16 33 34 35 36 37 38 39 40 41 42 43 44 45 46 47 48 49 50 51 52 53 54 55 56
(33,*) 0 1 2 3 4 5 6 7 8 9 10 11 12 13 14 15 16 17 34 35 36 37 38 39 40 41 42 43 44 45 46 47 48 49 50 51 52 53 54 55 56
(34,*) 0 1 2 3 4 5 6 7 8 9 10 11 12 13 14 15 16 17 33 35 36 37 38 39 40 41 42 43 44 45 46 47 48 49 50 51 52 53 54 55 56
(35,*) 0 1 2 3 4 5 6 7 8 9 10 11 12 13 14 15 16 17 33 34 36 37 38 39 40 41 42 43 44 45 46 47 48 49 50 51 52 53 54 55 56
(36,*) 0 1 2 3 4 5 6 7 8 9 10 11 12 13 14 15 16 17 33 34 35 37 38 39 40 41 42 43 44 45 46 47 48 49 50 51 52 53 54 55 56
(37,*) 0 1 2 3 4 5 6 7 8 9 10 11 12 13 14 15 16 17 33 34 35 36 38 39 40 41 42 43 44 45 46 47 48 49 50 51 52 53 54 55 56
(38,*) 0 1 2 3 4 5 6 7 8 9 10 11 12 13 14 15 16 17 33 34 35 36 37 39 40 41 42 43 44 45 46 47 48 49 50 51 52 53 54 55 56
(39,*) 0 1 2 3 4 5 6 7 8 9 10 11 12 13 14 15 16 17 33 34 35 36 37 38 40 41 42 43 44 45 46 47 48 49 50 51 52 53 54 55 56
(40,*) 0 1 2 3 4 5 6 7 8 9 10 11 12 13 14 15 16 17 33 34 35 36 37 38 39 41 42 43 44 45 46 47 48 49 50 51 52 53 54 55 56
(41,*) 0 1 2 3 4 5 6 7 8 9 10 11 12 13 14 15 16 17 33 34 35 36 37 38 39 40 42 43 44 45 46 47 48 49 50 51 52 53 54 55 56
(42,*) 0 1 2 3 4 5 6 7 8 9 10 11 12 13 14 15 16 17 33 34 35 36 37 38 39 40 41 43 44 45 46 47 48 49 50 51 52 53 54 55 56
(43,*) 0 1 2 3 4 5 6 7 8 9 10 11 12 13 14 15 16 17 33 34 35 36 37 38 39 40 41 42 44 45 46 47 48 49 50 51 52 53 54 55 56
(44,*) 0 1 2 3 4 5 6 7 8 9 10 11 12 13 14 15 16 17 33 34 35 36 37 38 39 40 41 42 43 45 46 47 48 49 50 51 52 53 54 55 56
(45,*) 0 1 2 3 4 5 6 7 8 9 10 11 12 13 14 15 16 17 33 34 35 36 37 38 39 40 41 42 43 44 46 47 48 49 50 51 52 53 54 55 56
(46,*) 0 1 2 3 4 5 6 7 8 9 10 11 12 13 14 15 16 17 33 34 35 36 37 38 39 40 41 42 43 44 45 47 48 49 50 51 52 53 54 55 56
(47,*) 0 1 2 3 4 5 6 7 8 9 10 11 12 13 14 15 16 17 33 34 35 36 37 38 39 40 41 42 43 44 45 46 48 49 50 51 52 53 54 55 56
(48,*) 0 1 2 3 4 5 6 7 8 9 10 11 12 13 14 15 16 17 33 34 35 36 37 38 39 40 41 42 43 44 45 46 47 50 51 52 53 54 55 56
(49,*) 0 1 2 3 4 5 6 7 8 9 10 11 12 13 14 15 16 17 33 34 35 36 37 38 39 40 41 42 43 44 45 46 47 50 51 52 53 54 55 56
(50,*) 0 1 2 3 4 5 6 7 8 9 10 11 12 13 14 15 16 17 33 34 35 36 37 38 39 40 41 42 43 44 45 46 47 48 49 51 52 53 54 55 56
(51,*) 0 1 2 3 4 5 6 7 8 9 10 11 12 13 14 15 16 17 33 34 35 36 37 38 39 40 41 42 43 44 45 46 47 48 49 50 52 53 54 55 56
(52,*) 0 1 2 3 4 5 6 7 8 9 10 11 12 13 14 15 16 17 33 34 35 36 37 38 39 40 41 42 43 44 45 46 47 48 49 50 51 53 54 55 56
(53,*) 0 1 2 3 4 5 6 7 8 9 10 11 12 13 14 15 16 17 33 34 35 36 37 38 39 40 41 42 43 44 45 46 47 48 49 50 51 52 54 55 56
(54,*) 0 1 2 3 4 5 6 7 8 9 10 11 12 13 14 15 16 17 33 34 35 36 37 38 39 40 41 42 43 44 45 46 47 48 49 50 51 52 53 55 56
(55,*) 0 1 2 3 4 5 6 7 8 9 10 11 12 13 14 15 16 17 33 34 35 36 37 38 39 40 41 42 43 44 45 46 47 48 49 50 51 52 53 54 56
(56,*) 0 1 2 3 4 5 6 7 8 9 10 11 12 13 14 15 16 17 33 34 35 36 37 38 39 40 41 42 43 44 45 46 47 48 49 50 51 52 53 54 55
;
set A2:=
(48,*) 49
(49,*) 48
;
param BigM:=99999;
param n:= 7;
param d:=
1	14
2	5
3	11
4	18
5	26
6	15
7	23
8	8
9	12
10	2
11	2
12	3
13	20
14	13
15	25
16	16
17	16
18	25
19	10
20	9
21	18
22	24
23	8
24	9
25	10
26	3
27	23
28	14
29	4
30	13
31	18
32	16
33	20
34	22
35	2
36	14
37	22
38	11
39	16
40	14
41	5
42	16
43	12
44	15
45	8
46	9
47	7
;
param Q:=100;
param w:=
[48,*] 49 0.5
[49,*] 48 0.5
;
param V:=
[48,*] 49 98
[49,*] 48 98
;
param e:
	48	49	50	51	52	53	54	55	56:=
18	0	1	1	0	0	0	0	0	0	
19	1	1	0	0	0	0	0	1	0	
20	0	1	0	0	0	1	0	0	0	
21	1	1	0	0	0	1	0	0	0	
22	1	0	0	0	1	0	0	0	0	
23	1	1	0	1	0	0	0	0	0	
24	1	0	0	0	0	1	0	0	0	
25	1	1	0	0	0	1	0	0	0	
26	0	1	0	0	0	1	0	0	0	
27	1	1	0	0	0	0	1	0	0	
28	1	0	0	0	0	0	0	0	1	
29	1	1	0	0	0	0	0	1	0	
30	0	1	0	0	0	0	0	1	0	
31	1	1	0	0	0	0	0	1	0	
32	1	0	1	0	1	0	0	0	0	
33	0	1	0	1	0	0	0	0	0	
34	0	1	0	0	0	0	1	0	0	
35	1	1	1	0	1	0	1	0	1	
36	1	1	0	1	0	0	0	1	0	
37	1	1	0	0	0	0	0	1	0	
38	1	0	0	1	0	0	0	0	0	
39	1	1	1	0	0	0	0	0	0	
40	1	1	0	1	0	0	0	0	0	
41	1	1	0	0	0	1	0	0	0	
42	0	1	0	0	0	0	0	1	0	
43	1	1	0	1	0	0	0	0	0	
44	0	1	0	1	0	1	1	0	0	
45	0	1	1	0	0	0	0	0	0	
46	1	1	1	0	1	0	1	0	1	
47	1	1	0	0	0	0	0	0	1	
;
param p:=
1	3
2	3
3	3
4	3
5	3
6	3
7	3
;
param G:=
48	70
49	98
50	70
51	73
52	95
53	77
54	91
55	98
56	74
;
param s:=
0	0
1	10
2	10
3	10
4	10
5	10
6	10
7	10
8	10
9	10
10	10
11	10
12	10
13	10
14	10
15	10
16	10
17	10
33	10
34	10
35	10
36	10
37	10
38	10
39	10
40	10
41	10
42	10
43	10
44	10
45	10
46	10
47	10
48	10
49	10
50	10
51	10
52	10
53	10
54	10
55	10
56	10
;
param t:
	0	1	2	3	4	5	6	7	8	9	10	11	12	13	14	15	16	17	18	19	20	21	22	23	24	25	26	27	28	29	30	31	32	33	34	35	36	37	38	39	40	41	42	43	44	45	46	47	48	49	50	51	52	53	54	55	56:=
0	0.0	58.31	77.79	87.32	82.1	58.0	16.12	12.81	78.89	26.68	74.24	36.22	37.74	72.25	18.87	44.27	88.0	54.33	47.41	70.88	88.57	80.62	36.88	81.71	56.36	81.63	60.17	62.77	36.06	88.77	34.53	92.65	38.21	48.08	44.18	48.37	97.02	36.22	11.66	63.81	94.09	48.17	72.8	90.0	70.26	60.46	38.05	14.14	46.53	86.68	35.44	86.83	42.43	62.97	54.04	85.96	40.01
1	58.31	0.0	86.09	55.71	69.43	12.81	42.19	61.35	39.29	79.7	39.4	89.84	70.03	24.08	61.61	65.12	76.58	50.12	92.35	48.41	51.42	64.03	26.08	50.16	31.24	40.79	44.05	79.12	31.3	62.61	87.36	48.0	22.36	97.32	97.53	58.82	69.08	92.48	46.65	87.36	83.74	86.02	98.08	78.1	59.46	86.35	52.61	63.25	23.35	91.84	40.2	67.68	45.61	40.31	57.27	45.71	51.97
2	77.79	86.09	0.0	54.59	29.12	74.24	76.16	65.97	64.28	68.03	58.55	71.02	42.19	74.73	59.67	33.53	27.78	36.06	55.03	44.41	62.29	34.53	66.48	54.04	55.46	66.12	43.08	16.0	93.72	47.54	68.73	74.11	70.77	63.91	72.8	31.62	52.0	78.92	76.03	22.36	28.28	43.68	25.61	28.84	30.27	26.0	42.19	65.51	96.9	9.06	52.5	37.95	43.86	48.38	29.73	66.01	41.05
3	87.32	55.71	54.59	0.0	26.0	43.68	75.71	81.41	17.2	94.4	16.49	102.18	70.71	33.29	77.18	59.46	30.59	36.88	93.72	17.2	8.25	20.1	54.33	6.0	32.25	16.97	27.78	59.09	80.22	8.94	99.36	20.4	56.04	101.98	107.52	49.52	13.42	108.41	78.59	69.86	36.06	82.8	77.79	31.05	26.83	71.55	54.41	82.37	76.69	55.01	52.0	18.44	46.65	24.35	42.52	13.89	52.2
4	82.1	69.43	29.12	26.0	0.0	56.64	74.67	72.99	38.63	81.71	34.0	87.66	55.46	52.15	67.47	43.86	7.21	28.07	75.6	21.26	34.06	6.32	57.58	26.68	38.83	39.85	26.83	36.88	86.16	18.44	84.97	46.17	60.93	84.4	91.59	35.44	23.32	94.85	76.24	47.2	14.42	64.03	53.67	8.94	12.17	49.68	44.41	73.35	85.96	29.02	48.37	8.94	40.05	29.21	28.64	38.64	42.3
5	58.0	12.81	74.24	43.68	56.64	0.0	42.52	58.31	28.07	76.03	27.2	85.91	62.51	15.23	57.27	56.04	63.78	38.63	85.91	35.61	40.2	51.22	21.63	37.95	18.87	30.0	31.62	68.41	38.47	50.16	83.26	38.83	19.8	91.76	93.23	48.66	56.92	89.55	46.69	77.28	70.94	78.41	87.86	65.3	46.86	76.66	44.05	60.03	33.24	79.61	32.56	54.92	36.06	27.59	46.17	35.0	43.0
6	16.12	42.19	76.16	75.71	74.67	42.52	0.0	22.09	65.39	40.05	61.35	50.16	41.62	57.2	25.3	44.05	81.22	46.69	57.72	60.3	75.89	72.11	22.36	69.86	43.68	68.03	50.04	62.8	22.8	78.41	48.04	78.71	22.8	60.3	58.14	44.72	86.58	51.42	4.47	66.48	87.86	55.46	76.58	83.19	62.51	63.78	34.0	24.08	32.02	84.53	26.31	78.03	34.93	51.62	48.7	72.62	35.34
7	12.81	61.35	65.97	81.41	72.99	58.31	22.09	0.0	75.29	18.44	70.0	28.64	25.06	71.22	6.32	32.56	78.41	46.17	36.06	64.4	83.76	72.28	36.72	76.16	52.5	78.1	53.67	50.6	44.72	81.71	26.31	89.38	39.4	38.21	36.5	38.05	89.89	31.3	18.44	51.11	84.1	35.61	60.0	80.4	61.61	47.71	28.64	2.0	54.08	74.95	30.0	78.59	34.93	57.45	44.41	82.01	30.81
8	78.89	39.29	64.28	17.2	38.63	28.07	65.39	75.29	0.0	90.55	6.32	99.36	69.97	16.12	72.14	59.93	44.72	36.77	94.02	20.0	12.17	32.31	43.08	12.81	22.8	2.83	26.0	64.78	66.12	25.46	96.54	14.14	43.68	101.55	105.6	50.16	30.53	104.69	68.88	75.31	51.11	84.1	84.59	45.65	34.06	76.16	51.61	76.58	61.29	66.71	45.34	33.29	42.8	20.12	44.27	7.28	49.65
9	26.68	79.7	68.03	94.4	81.71	76.03	40.05	18.44	90.55	0.0	84.85	10.2	26.68	88.2	18.87	37.95	86.02	57.69	22.63	77.2	97.84	82.29	54.63	89.64	68.12	93.38	66.84	52.04	62.13	93.3	8.0	104.69	57.58	21.54	18.11	46.52	101.21	14.14	36.0	48.66	90.71	27.86	55.03	87.93	71.55	44.72	40.0	16.49	72.01	77.01	45.61	88.57	48.17	71.51	53.67	96.88	42.2
10	74.24	39.4	58.55	16.49	34.0	27.2	61.35	70.0	6.32	84.85	0.0	93.51	63.81	18.44	66.6	53.67	40.5	30.46	87.82	14.14	14.56	27.78	39.29	10.77	17.89	8.94	19.7	58.55	64.03	23.32	90.69	20.0	40.45	95.41	99.64	43.86	29.73	98.99	64.62	69.05	47.2	77.82	78.41	41.62	28.28	69.86	45.61	71.22	60.21	61.4	40.0	29.73	36.88	13.89	37.95	12.04	43.6
11	36.22	89.84	71.02	102.18	87.66	85.91	50.16	28.64	99.36	10.2	93.51	0.0	32.25	97.75	28.64	43.91	91.39	65.3	18.97	85.04	106.08	88.84	64.62	97.67	77.2	102.18	74.97	55.32	72.03	100.44	2.83	113.45	67.68	14.14	8.0	53.25	108.17	8.0	46.04	50.04	95.52	28.0	54.59	93.23	78.23	46.04	48.08	26.68	82.05	79.76	54.92	95.02	56.64	79.93	60.46	105.48	50.21
12	37.74	70.03	42.19	70.71	55.46	62.51	41.62	25.06	69.97	26.68	63.81	32.25	0.0	71.47	18.87	11.66	59.46	34.06	24.17	53.81	75.29	56.6	44.18	66.6	49.4	72.72	44.41	26.31	63.53	68.41	29.53	83.76	48.37	31.62	36.88	21.26	76.03	39.4	39.7	26.08	64.03	16.0	35.38	61.35	46.04	22.8	18.97	24.17	70.58	51.24	30.07	62.77	27.86	49.93	28.43	75.45	20.62
13	72.25	24.08	74.73	33.29	52.15	15.23	57.2	71.22	16.12	88.2	18.44	97.75	71.47	0.0	69.34	63.15	58.82	42.0	95.52	31.3	27.86	46.04	35.38	28.43	22.36	17.09	32.25	72.11	53.37	41.23	95.02	24.08	34.41	102.16	104.71	54.33	46.65	102.08	61.22	82.0	65.6	86.83	92.09	60.0	44.94	82.1	52.5	72.8	47.04	78.55	42.94	48.17	43.68	26.48	50.0	21.84	50.96
14	18.87	61.61	59.67	77.18	67.47	57.27	25.3	6.32	72.14	18.87	66.6	28.64	18.87	69.34	0.0	26.31	72.69	41.23	32.56	60.03	80.0	67.05	36.06	72.11	49.52	74.97	49.4	44.27	48.08	76.97	26.0	86.28	39.29	36.06	36.06	32.25	85.09	32.8	22.36	44.94	78.23	30.53	54.04	74.67	56.32	41.62	23.41	6.0	56.72	68.66	26.91	73.38	30.53	53.6	38.83	78.64	25.63
15	44.27	65.12	33.53	59.46	43.86	56.04	44.05	32.56	59.93	37.95	53.67	43.91	11.66	63.15	26.31	0.0	48.08	23.32	34.41	42.8	64.4	44.94	40.5	55.61	40.79	62.61	34.0	18.87	64.03	56.85	41.18	73.43	44.94	42.52	48.41	10.0	64.4	50.99	43.27	23.32	52.95	24.17	34.0	50.0	34.41	21.54	12.65	32.25	69.46	42.45	25.3	51.11	20.0	39.81	16.97	65.0	13.15
16	88.0	76.58	27.78	30.59	7.21	63.78	81.22	78.41	44.72	86.02	40.5	91.39	59.46	58.82	72.69	48.08	0.0	34.53	78.23	28.28	38.83	12.81	64.62	32.31	46.04	45.69	34.0	38.42	93.23	22.09	88.77	50.99	68.03	87.13	94.83	40.45	24.74	98.79	82.61	48.08	7.21	66.57	53.25	2.0	18.97	50.99	50.04	78.64	93.15	25.5	54.92	12.17	46.39	36.4	34.06	43.97	48.01
17	54.33	50.12	36.06	36.88	28.07	38.63	46.69	46.17	36.77	57.69	30.46	65.3	34.06	42.0	41.23	23.32	34.53	0.0	57.69	19.8	41.23	26.31	31.62	32.56	20.4	39.4	10.77	30.27	60.03	35.78	62.48	50.12	35.61	65.6	70.71	13.42	43.86	71.61	48.17	40.0	41.23	47.41	50.16	36.5	16.0	40.2	17.89	46.82	61.72	42.45	20.4	32.56	12.0	16.76	8.0	41.68	15.65
18	47.41	92.35	55.03	93.72	75.6	85.91	57.72	36.06	94.02	22.63	87.82	18.97	24.17	95.52	32.56	34.41	78.23	57.69	0.0	77.2	98.81	77.9	66.27	90.0	73.54	96.75	68.26	40.25	80.52	90.51	17.89	107.7	70.11	8.94	18.11	44.41	97.67	26.68	54.41	32.98	81.41	11.66	36.06	79.92	67.88	29.12	43.08	34.18	89.27	63.32	53.37	83.74	52.0	73.93	51.22	99.32	44.78
19	70.88	48.41	44.41	17.2	21.26	35.61	60.3	64.4	20.0	77.2	14.14	85.04	53.81	31.3	60.03	42.8	28.28	19.8	77.2	0.0	21.63	15.62	40.2	12.81	18.97	22.09	10.77	45.12	67.91	18.11	82.22	31.62	42.76	85.28	90.51	32.8	26.31	91.21	62.8	55.79	35.38	66.57	64.78	29.73	14.14	56.92	37.2	65.3	66.31	47.43	35.44	19.7	29.53	9.22	26.08	23.09	35.0
20	88.57	51.42	62.29	8.25	34.06	40.2	75.89	83.76	12.17	97.84	14.56	106.08	75.29	27.86	80.0	64.4	38.83	41.23	98.81	21.63	0.0	28.0	53.85	8.94	32.31	10.77	31.11	65.79	78.03	17.09	103.25	12.17	54.92	106.83	111.8	54.41	19.8	111.95	79.12	76.55	44.27	88.2	84.9	39.29	33.53	78.0	58.0	84.88	73.44	63.07	53.85	26.68	49.68	26.4	47.71	6.4	55.87
21	80.62	64.03	34.53	20.1	6.32	51.22	72.11	72.28	32.31	82.29	27.78	88.84	56.6	46.04	67.05	44.94	12.81	26.31	77.9	15.62	28.0	0.0	53.85	20.4	34.0	33.53	22.8	40.5	82.22	13.42	86.09	40.05	56.92	86.56	93.23	35.78	19.8	95.77	74.0	51.11	19.8	66.48	58.31	14.14	10.77	53.25	43.68	72.8	81.39	35.13	46.0	6.32	38.21	24.19	28.64	32.39	41.48
22	36.88	26.08	66.48	54.33	57.58	21.63	22.36	36.72	43.08	54.63	39.29	64.62	44.18	35.38	36.06	40.5	64.62	31.62	66.27	40.2	53.85	53.85	0.0	48.37	22.09	45.69	31.05	56.6	28.64	58.03	62.03	56.36	4.47	71.39	72.11	36.06	66.0	68.0	26.08	63.56	71.69	60.13	74.32	66.48	45.69	62.03	27.86	38.47	30.41	73.66	15.23	59.23	22.8	31.06	36.77	50.33	27.73
23	81.71	50.16	54.04	6.0	26.68	37.95	69.86	76.16	12.81	89.64	10.77	97.67	66.6	28.43	72.11	55.61	32.31	32.56	90.0	12.81	8.94	20.4	48.37	0.0	26.31	13.42	22.8	56.92	74.24	12.81	94.85	20.1	50.04	98.08	103.25	45.61	18.97	103.71	72.8	67.68	38.47	79.32	76.16	33.11	24.74	69.08	49.68	77.18	70.83	55.44	46.52	20.59	41.62	18.79	38.83	12.04	47.51
24	56.36	31.24	55.46	32.25	38.83	18.87	43.68	52.5	22.8	68.12	17.89	77.2	49.4	22.36	49.52	40.79	46.04	20.4	73.54	18.97	32.31	34.0	22.09	26.31	0.0	25.61	12.81	50.64	49.03	36.22	74.4	36.88	24.08	80.5	83.76	32.06	44.05	82.22	46.82	60.13	53.25	64.56	70.46	47.71	28.28	60.0	30.46	53.81	47.42	60.75	22.63	38.63	21.54	9.85	28.28	29.68	28.79
25	81.63	40.79	66.12	16.97	39.85	30.0	68.03	78.1	2.83	93.38	8.94	102.18	72.72	17.09	74.97	62.61	45.69	39.4	96.75	22.09	10.77	33.53	45.69	13.42	25.61	0.0	28.64	67.08	68.26	25.61	99.36	11.31	46.17	104.31	108.41	52.8	30.0	107.52	71.55	77.67	51.88	86.76	86.83	46.52	36.0	78.59	54.41	79.4	63.13	68.25	48.17	34.0	45.61	22.83	46.82	5.0	52.43
26	60.17	44.05	43.08	27.78	26.83	31.62	50.04	53.67	26.0	66.84	19.7	74.97	44.41	32.25	49.4	34.0	34.0	10.77	68.26	10.77	31.11	22.8	31.05	22.8	12.81	28.64	0.0	40.0	59.46	28.64	72.14	39.45	34.18	76.03	80.72	24.17	36.88	80.92	52.35	50.16	41.18	58.14	60.0	35.78	15.62	50.64	26.91	54.59	59.17	48.02	24.74	28.28	18.87	6.08	18.44	31.06	24.76
27	62.77	79.12	16.0	59.09	36.88	68.41	62.8	50.6	64.78	52.04	58.55	55.32	26.31	72.11	44.27	18.87	38.42	30.27	40.25	45.12	65.79	40.5	56.6	56.92	50.64	67.08	40.0	0.0	82.07	53.85	52.95	76.66	61.06	49.19	57.58	20.59	60.0	63.15	62.13	10.77	41.18	28.64	20.0	40.0	32.31	12.81	29.73	50.0	86.61	25.02	41.62	45.61	34.0	46.01	22.36	68.15	29.21
28	36.06	31.3	93.72	80.22	86.16	38.47	22.8	44.72	66.12	62.13	64.03	72.03	63.53	53.37	48.08	64.03	93.23	60.03	80.52	67.91	78.03	82.22	28.64	74.24	49.03	68.26	59.46	82.07	0.0	85.16	70.11	77.28	25.3	82.87	80.02	62.29	92.78	72.25	26.31	87.2	100.32	78.0	97.65	95.08	74.32	84.88	52.35	46.69	11.18	101.4	41.23	87.36	50.0	58.69	64.4	73.25	53.04
29	88.77	62.61	47.54	8.94	18.44	50.16	78.41	81.71	25.46	93.3	23.32	100.44	68.41	41.23	76.97	56.85	22.09	35.78	90.51	18.11	17.09	13.42	58.03	12.81	36.22	25.61	28.64	53.85	85.16	0.0	97.65	29.12	60.3	99.04	105.26	47.2	8.25	107.07	80.89	64.5	27.2	79.25	71.69	22.36	22.63	66.57	53.67	82.46	82.57	47.1	53.37	10.0	46.82	27.0	40.0	22.83	51.43
30	34.53	87.36	68.73	99.36	84.97	83.26	48.04	26.31	96.54	8.0	90.69	2.83	29.53	95.02	26.0	41.18	88.77	62.48	17.89	82.22	103.25	86.09	62.03	94.85	74.4	99.36	72.14	52.95	70.11	97.65	0.0	110.63	65.15	14.42	10.2	50.48	105.39	10.2	44.0	48.0	92.97	26.08	52.95	90.62	75.47	44.0	45.25	24.33	80.01	77.52	52.15	92.28	53.81	77.1	57.69	102.65	47.38
31	92.65	48.0	74.11	20.4	46.17	38.83	78.71	89.38	14.14	104.69	20.0	113.45	83.76	24.08	86.28	73.43	50.99	50.12	107.7	31.62	12.17	40.05	56.36	20.1	36.88	11.31	39.45	76.66	77.28	29.12	110.63	0.0	56.46	115.38	119.63	63.53	30.53	118.83	82.37	87.36	56.32	97.53	96.1	51.42	44.72	88.54	65.6	90.69	71.11	75.17	59.46	38.83	56.85	33.84	57.27	8.54	63.6
32	38.21	22.36	70.77	56.04	60.93	19.8	22.8	39.4	43.68	57.58	40.45	67.68	48.37	34.41	39.29	44.94	68.03	35.61	70.11	42.76	54.92	56.92	4.47	50.04	24.08	46.17	34.18	61.06	25.3	60.3	65.15	56.46	0.0	74.97	75.29	40.5	68.12	70.68	26.91	68.03	75.15	64.28	78.79	69.86	49.19	66.48	32.31	41.23	26.17	77.83	19.7	62.1	27.2	33.54	41.04	50.96	32.2
33	48.08	97.32	63.91	101.98	84.4	91.76	60.3	38.21	101.55	21.54	95.41	14.14	31.62	102.16	36.06	42.52	87.13	65.6	8.94	85.28	106.83	86.56	71.39	98.08	80.5	104.31	76.03	49.19	82.87	99.04	14.42	115.38	74.97	0.0	10.2	52.5	106.3	20.59	56.57	41.76	90.35	20.59	44.05	88.84	76.42	37.95	50.12	36.22	92.27	72.12	59.46	92.46	59.06	81.54	59.46	107.07	51.97
34	44.18	97.53	72.8	107.52	91.59	93.23	58.14	36.5	105.6	18.11	99.64	8.0	36.88	104.71	36.06	48.41	94.83	70.71	18.11	90.51	111.8	93.23	72.11	103.25	83.76	108.41	80.72	57.58	80.02	105.26	10.2	119.63	75.29	10.2	0.0	58.14	112.8	11.31	54.04	50.99	98.49	29.12	54.0	96.6	82.8	47.07	54.04	34.53	90.05	81.25	61.77	99.3	62.8	85.91	65.3	111.52	56.08
35	48.37	58.82	31.62	49.52	35.44	48.66	44.72	38.05	50.16	46.52	43.86	53.25	21.26	54.33	32.25	10.0	40.45	13.42	44.41	32.8	54.41	35.78	36.06	45.61	32.06	52.8	24.17	20.59	62.29	47.2	50.48	63.53	40.5	52.5	58.14	0.0	54.92	60.03	44.94	28.64	46.04	34.0	39.29	42.43	25.06	28.07	10.77	38.21	66.22	39.82	21.26	42.05	13.42	30.08	7.21	55.07	9.43
36	97.02	69.08	52.0	13.42	23.32	56.92	86.58	89.89	30.53	101.21	29.73	108.17	76.03	46.65	85.09	64.4	24.74	43.86	97.67	26.31	19.8	19.8	66.0	18.97	44.05	30.0	36.88	60.0	92.78	8.25	105.39	30.53	68.12	106.3	112.8	54.92	0.0	114.91	89.11	70.46	28.0	86.28	76.94	24.33	30.0	72.8	61.74	90.62	89.74	50.22	61.61	14.42	55.03	35.06	47.71	26.17	59.51
37	36.22	92.48	78.92	108.41	94.85	89.55	51.42	31.3	104.69	14.14	98.99	8.0	39.4	102.08	32.8	50.99	98.79	71.61	26.68	91.21	111.95	95.77	68.0	103.71	82.22	107.52	80.92	63.15	72.25	107.07	10.2	118.83	70.68	20.59	11.31	60.03	114.91	0.0	47.07	58.03	103.09	36.0	62.51	100.66	85.09	54.04	54.04	29.53	82.73	87.69	59.67	102.0	62.29	85.63	67.23	111.02	56.22
38	11.66	46.65	76.03	78.59	76.24	46.69	4.47	18.44	68.88	36.0	64.62	46.04	39.7	61.22	22.36	43.27	82.61	48.17	54.41	62.8	79.12	74.0	26.08	72.8	46.82	71.55	52.35	62.13	26.31	80.89	44.0	82.37	26.91	56.57	54.04	44.94	89.11	47.07	0.0	65.12	89.11	52.84	74.97	84.59	64.12	62.23	34.18	20.4	36.01	84.58	28.0	80.02	36.22	54.34	49.48	76.06	35.74
39	63.81	87.36	22.36	69.86	47.2	77.28	66.48	51.11	75.31	48.66	69.05	50.04	26.08	82.0	44.94	23.32	48.08	40.0	32.98	55.79	76.55	51.11	63.56	67.68	60.13	77.67	50.16	10.77	87.2	64.5	48.0	87.36	68.03	41.76	50.99	28.64	70.46	58.03	65.12	0.0	50.0	22.09	10.77	49.52	43.08	4.0	35.78	50.12	92.78	30.36	48.33	56.04	41.76	56.22	32.0	78.85	35.85
40	94.09	83.74	28.28	36.06	14.42	70.94	87.86	84.1	51.11	90.71	47.2	95.52	64.03	65.6	78.23	52.95	7.21	41.23	81.41	35.38	44.27	19.8	71.69	38.47	53.25	51.88	41.18	41.18	100.32	27.2	92.97	56.32	75.15	90.35	98.49	46.04	28.0	103.09	89.11	50.0	0.0	69.77	53.81	5.66	26.0	53.25	56.04	84.21	100.34	23.71	61.61	17.89	52.95	43.6	40.05	49.77	54.08
41	48.17	86.02	43.68	82.8	64.03	78.41	55.46	35.61	84.1	27.86	77.82	28.0	16.0	86.83	30.53	24.17	66.57	47.41	11.66	66.57	88.2	66.48	60.13	79.32	64.56	86.76	58.14	28.64	78.0	79.25	26.08	97.53	64.28	20.59	29.12	34.0	86.28	36.0	52.84	22.09	69.77	0.0	27.2	68.26	56.64	18.11	34.53	34.06	85.73	52.17	46.04	72.25	43.17	63.98	40.5	89.07	35.9
42	72.8	98.08	25.61	77.79	53.67	87.86	76.58	60.0	84.59	55.03	78.41	54.59	35.38	92.09	54.04	34.0	53.25	50.16	36.06	64.78	84.9	58.31	74.32	76.16	70.46	86.83	60.0	20.0	97.65	71.69	52.95	96.1	78.79	44.05	54.0	39.29	76.94	62.51	74.97	10.77	53.81	27.2	0.0	54.41	51.42	12.81	46.52	58.82	103.45	31.4	59.09	62.61	52.5	66.01	42.19	87.66	46.62
43	90.0	78.1	28.84	31.05	8.94	65.3	83.19	80.4	45.65	87.93	41.62	93.23	61.35	60.0	74.67	50.0	2.0	36.5	79.92	29.73	39.29	14.14	66.48	33.11	47.71	46.52	35.78	40.0	95.08	22.36	90.62	51.42	69.86	88.84	96.6	42.43	24.33	100.66	84.59	49.52	5.66	68.26	54.41	0.0	20.88	52.5	52.04	80.62	94.89	25.96	56.89	12.65	48.37	38.01	36.06	44.6	50.01
44	70.26	59.46	30.27	26.83	12.17	46.86	62.51	61.61	34.06	71.55	28.28	78.23	46.04	44.94	56.32	34.41	18.97	16.0	67.88	14.14	33.53	10.77	45.69	24.74	28.28	36.0	15.62	32.31	74.32	22.63	75.47	44.72	49.19	76.42	82.8	25.06	30.0	85.09	64.12	43.08	26.0	56.64	51.42	20.88	0.0	44.72	32.98	62.1	74.63	33.62	36.22	17.09	28.0	19.42	17.89	36.35	30.81
45	60.46	86.35	26.0	71.55	49.68	76.66	63.78	47.71	76.16	44.72	69.86	46.04	22.8	82.1	41.62	21.54	50.99	40.2	29.12	56.92	78.0	53.25	62.03	69.08	60.0	78.59	50.64	12.81	84.88	66.57	44.0	88.54	66.48	37.95	47.07	28.07	72.8	54.04	62.23	4.0	53.25	18.11	12.81	52.5	44.72	0.0	34.18	46.65	90.82	34.21	46.82	58.41	40.79	56.72	32.25	80.01	34.48
46	38.05	52.61	42.19	54.41	44.41	44.05	34.0	28.64	51.61	40.0	45.61	48.08	18.97	52.5	23.41	12.65	50.04	17.89	43.08	37.2	58.0	43.68	27.86	49.68	30.46	54.41	26.91	29.73	52.35	53.67	45.25	65.6	32.31	50.12	54.04	10.77	61.74	54.04	34.18	35.78	56.04	34.53	46.52	52.04	32.98	34.18	0.0	29.12	57.14	50.54	12.65	50.0	8.94	31.89	16.0	57.49	2.24
47	14.14	63.25	65.51	82.37	73.35	60.03	24.08	2.0	76.58	16.49	71.22	26.68	24.17	72.8	6.0	32.25	78.64	46.82	34.18	65.3	84.88	72.8	38.47	77.18	53.81	79.4	54.59	50.0	46.69	82.46	24.33	90.69	41.23	36.22	34.53	38.21	90.62	29.53	20.4	50.12	84.21	34.06	58.82	80.62	62.1	46.65	29.12	0.0	56.08	74.53	31.24	79.12	35.78	58.52	44.72	83.24	31.32
48	46.53	23.35	96.9	76.69	85.96	33.24	32.02	54.08	61.29	72.01	60.21	82.05	70.58	47.04	56.72	69.46	93.15	61.72	89.27	66.31	73.44	81.39	30.41	70.83	47.42	63.13	59.17	86.61	11.18	82.57	80.01	71.11	26.17	92.27	90.05	66.22	89.74	82.73	36.01	92.78	100.34	85.73	103.45	94.89	74.63	90.82	57.14	56.08	0.0	104.0	45.0	86.01	53.15	57.27	67.18	68.12	57.43
49	86.68	91.84	9.06	55.01	29.02	79.61	84.53	74.95	66.71	77.01	61.4	79.76	51.24	78.55	68.66	42.45	25.5	42.45	63.32	47.43	63.07	35.13	73.66	55.44	60.75	68.25	48.02	25.02	101.4	47.1	77.52	75.17	77.83	72.12	81.25	39.82	50.22	87.69	84.58	30.36	23.71	52.17	31.4	25.96	33.62	34.21	50.54	74.53	104.0	0.0	60.22	37.12	51.4	52.77	37.01	67.48	49.24
50	35.44	40.2	52.5	52.0	48.37	32.56	26.31	30.0	45.34	45.61	40.0	54.92	30.07	42.94	26.91	25.3	54.92	20.4	53.37	35.44	53.85	46.0	15.23	46.52	22.63	48.17	24.74	41.62	41.23	53.37	52.15	59.46	19.7	59.46	61.77	21.26	61.61	59.67	28.0	48.33	61.61	46.04	59.09	56.89	36.22	46.82	12.65	31.24	45.0	60.22	0.0	52.04	8.94	27.73	23.32	52.01	12.53
51	86.83	67.68	37.95	18.44	8.94	54.92	78.03	78.59	33.29	88.57	29.73	95.02	62.77	48.17	73.38	51.11	12.17	32.56	83.74	19.7	26.68	6.32	59.23	20.59	38.63	34.0	28.28	45.61	87.36	10.0	92.28	38.83	62.1	92.46	99.3	42.05	14.42	102.0	80.02	56.04	17.89	72.25	62.61	12.65	17.09	58.41	50.0	79.12	86.01	37.12	52.04	0.0	44.41	28.79	34.93	31.95	47.8
52	42.43	45.61	43.86	46.65	40.05	36.06	34.93	34.93	42.8	48.17	36.88	56.64	27.86	43.68	30.53	20.0	46.39	12.0	52.0	29.53	49.68	38.21	22.8	41.62	21.54	45.61	18.87	34.0	50.0	46.82	53.81	56.85	27.2	59.06	62.8	13.42	55.03	62.29	36.22	41.76	52.95	43.17	52.5	48.37	28.0	40.79	8.94	35.78	53.15	51.4	8.94	44.41	0.0	23.35	14.42	48.84	7.28
53	62.97	40.31	48.38	24.35	29.21	27.59	51.62	57.45	20.12	71.51	13.89	79.93	49.93	26.48	53.6	39.81	36.4	16.76	73.93	9.22	26.4	24.19	31.06	18.79	9.85	22.83	6.08	46.01	58.69	27.0	77.1	33.84	33.54	81.54	85.91	30.08	35.06	85.63	54.34	56.22	43.6	63.98	66.01	38.01	19.42	56.72	31.89	58.52	57.27	52.77	27.73	28.79	23.35	0.0	24.52	25.61	29.83
54	54.04	57.27	29.73	42.52	28.64	46.17	48.7	44.41	44.27	53.67	37.95	60.46	28.43	50.0	38.83	16.97	34.06	8.0	51.22	26.08	47.71	28.64	36.77	38.83	28.28	46.82	18.44	22.36	64.4	40.0	57.69	57.27	41.04	59.46	65.3	7.21	47.71	67.23	49.48	32.0	40.05	40.5	42.19	36.06	17.89	32.25	16.0	44.72	67.18	37.01	23.32	34.93	14.42	24.52	0.0	48.75	14.04
55	85.96	45.71	66.01	13.89	38.64	35.0	72.62	82.01	7.28	96.88	12.04	105.48	75.45	21.84	78.64	65.0	43.97	41.68	99.32	23.09	6.4	32.39	50.33	12.04	29.68	5.0	31.06	68.15	73.25	22.83	102.65	8.54	50.96	107.07	111.52	55.07	26.17	111.02	76.06	78.85	49.77	89.07	87.66	44.6	36.35	80.01	57.49	83.24	68.12	67.48	52.01	31.95	48.84	25.61	48.75	0.0	55.44
56	40.01	51.97	41.05	52.2	42.3	43.0	35.34	30.81	49.65	42.2	43.6	50.21	20.62	50.96	25.63	13.15	48.01	15.65	44.78	35.0	55.87	41.48	27.73	47.51	28.79	52.43	24.76	29.21	53.04	51.43	47.38	63.6	32.2	51.97	56.08	9.43	59.51	56.22	35.74	35.85	54.08	35.9	46.62	50.01	30.81	34.48	2.24	31.32	57.43	49.24	12.53	47.8	7.28	29.83	14.04	55.44	0.0
;
