vehicles
vehicle_idx, capacity, cost_per_unit_distance
1,100,3
2,100,3
3,100,3
4,100,3
5,100,3
6,100,3
depot
node_idx,x,y
0,14,68
home delivery customers
node_idx,x,y,service_time,demand
1,18,98,10,9
2,72,67,10,14
3,78,63,10,8
4,2,28,10,18
5,32,82,10,4
6,58,32,10,18
7,53,84,10,3
8,63,59,10,8
9,32,88,10,14
10,38,23,10,13
11,22,73,10,23
12,43,62,10,14
13,73,1,10,14
14,87,79,10,24
15,12,24,10,4
self pickup customers
node_idx,x,y,service_time,demand,locker_idxs
16,37,44,10,9,49
17,58,98,10,9,44
18,33,42,10,18,49
19,24,79,10,14,47
20,1,2,10,13,45
21,97,38,10,24,49
22,39,53,10,14,49-46
23,42,77,10,18,47-44
24,79,92,10,2,44
25,42,88,10,24,47
26,88,94,10,9,44
27,17,32,10,18,45
28,48,23,10,13,45
29,34,12,10,18,45
flexible customers
node_idx,x,y,service_time,demand,locker_idxs
30,73,2,10,8,49
31,13,47,10,24,51
32,34,63,10,19,49-46-51-50-47
33,17,28,10,3,51-45
34,42,48,10,8,48-49-46-50-51-47
35,87,1,10,8,49
36,83,27,10,13,48
37,22,39,10,9,49-51
38,38,37,10,24,49-46-51-50-45
39,63,32,10,24,49-51-46-50-48
40,58,78,10,13,47-44
41,48,53,10,8,49-51-46-50-47-48
42,7,37,10,4,45
43,98,77,10,14,44
lockers
node_idx,x,y,service_time,capacity,cost_per_unit_good
44,65,88,10,74
45,25,15,10,82
46,54,46,10,100
47,39,71,10,84
48,63,52,10,73
49,46,40,10,82
50,49,52,10,93
51,42,49,10,85
mrt lines
start_node_idx,end_node_idx,freight_capacity,cost_per_unit_good
distance matrix
,0,1,2,3,4,5,6,7,8,9,10,11,12,13,14,15,16,17,18,19,20,21,22,23,24,25,26,27,28,29,30,31,32,33,34,35,36,37,38,39,40,41,42,43,44,45,46,47,48,49,50,51,
0,0.0,30.27,58.01,64.2,41.76,22.8,56.85,42.15,49.82,26.91,51.0,9.43,29.61,89.27,73.82,44.05,33.24,53.25,32.2,14.87,67.27,88.26,29.15,29.41,69.29,34.41,78.43,36.12,56.4,59.46,88.53,21.02,20.62,40.11,34.41,99.09,80.26,30.08,39.2,60.8,45.12,37.16,31.78,84.48,54.78,54.13,45.65,25.18,51.55,42.52,38.48,33.84
1,30.27,0.0,62.27,69.46,71.81,21.26,77.18,37.7,59.55,17.2,77.62,25.32,43.83,111.51,71.57,74.24,57.25,40.0,57.97,19.92,97.49,99.2,49.66,31.89,61.29,26.0,70.11,66.01,80.78,87.48,110.64,51.24,38.48,70.01,55.46,119.04,96.26,59.14,64.2,79.88,44.72,54.08,61.98,82.71,48.05,83.29,63.25,34.21,64.35,64.4,55.47,54.56
2,58.01,62.27,0.0,7.21,80.13,42.72,37.7,25.5,12.04,45.18,55.61,50.36,29.43,66.01,19.21,73.82,41.88,34.01,46.32,49.48,96.26,38.29,35.85,31.62,25.96,36.62,31.38,65.19,50.12,66.85,65.01,62.3,38.21,67.42,35.51,67.68,41.48,57.31,45.34,36.14,17.8,27.78,71.59,27.86,22.14,70.09,27.66,33.24,17.49,37.48,27.46,34.99
3,64.2,69.46,7.21,0.0,83.67,49.77,36.89,32.65,15.52,52.35,56.57,56.89,35.01,62.2,18.36,76.66,45.19,40.31,49.66,56.32,98.23,31.4,40.26,38.63,29.02,43.83,32.57,68.43,50.0,67.36,61.2,66.94,44.0,70.33,39.0,62.65,36.35,60.93,47.71,34.44,25.0,31.62,75.61,24.41,28.18,71.51,29.41,39.81,18.6,39.41,31.02,38.63
4,41.76,71.81,80.13,83.67,0.0,61.77,56.14,75.74,68.43,67.08,36.35,49.24,53.26,75.96,99.13,10.77,38.48,89.64,34.01,55.54,26.02,95.52,44.65,63.25,100.12,72.11,108.41,15.52,46.27,35.78,75.61,21.95,47.42,15.0,44.72,89.19,81.01,22.83,37.11,61.13,75.07,52.35,10.3,107.78,87.0,26.42,55.03,56.73,65.55,45.61,52.77,45.18
5,22.8,21.26,42.72,49.77,61.77,0.0,56.36,21.1,38.6,6.0,59.3,13.45,22.83,90.79,55.08,61.35,38.33,30.53,40.01,8.54,85.8,78.49,29.83,11.18,48.05,11.66,57.27,52.2,61.13,70.03,89.89,39.82,19.1,56.04,35.44,97.91,75.01,44.15,45.4,58.83,26.31,33.12,51.48,66.19,33.54,67.36,42.19,13.04,43.14,44.27,34.48,34.48
6,56.85,77.18,37.7,36.89,56.14,56.36,0.0,52.24,27.46,61.74,21.93,54.56,33.54,34.44,55.23,46.69,24.19,66.0,26.93,58.01,64.41,39.46,28.32,47.76,63.57,58.24,68.88,41.0,13.45,31.24,33.54,47.43,39.2,41.19,22.63,42.45,25.5,36.67,20.62,5.0,46.0,23.26,51.24,60.21,56.44,37.12,14.56,43.38,20.62,14.42,21.93,23.35
7,42.15,37.7,25.5,32.65,75.74,21.1,52.24,0.0,26.93,21.38,62.82,32.89,24.17,85.38,34.37,72.67,43.08,14.87,46.52,29.43,97.1,63.66,34.01,13.04,27.2,11.7,36.4,63.25,61.2,74.46,84.4,54.49,28.32,66.57,37.64,89.69,64.41,54.64,49.34,52.95,7.81,31.4,65.76,45.54,12.65,74.46,38.01,19.1,33.53,44.55,32.25,36.69
8,49.82,59.55,12.04,15.52,68.43,38.6,27.46,26.93,0.0,42.45,43.83,43.32,20.22,58.86,31.24,61.85,30.02,39.32,34.48,43.83,84.22,39.96,24.74,27.66,36.67,35.81,43.01,53.34,39.0,55.23,57.87,51.42,29.27,55.47,23.71,62.77,37.74,45.62,33.3,27.0,19.65,16.16,60.17,39.36,29.07,58.14,15.81,26.83,7.0,25.5,15.65,23.26
9,26.91,17.2,45.18,52.35,67.08,6.0,61.74,21.38,42.45,0.0,65.28,18.03,28.23,96.18,55.73,67.05,44.28,27.86,46.01,12.04,91.42,82.01,35.69,14.87,47.17,10.0,56.32,57.97,66.94,76.03,95.27,45.19,25.08,61.85,41.23,102.93,79.51,50.01,51.35,64.01,27.86,38.48,56.8,66.91,33.0,73.33,47.41,18.38,47.51,50.0,39.81,40.26
10,51.0,77.62,55.61,56.57,36.35,59.3,21.93,62.82,43.83,65.28,0.0,52.5,39.32,41.34,74.41,26.02,21.02,77.62,19.65,57.72,42.54,60.88,30.02,54.15,80.26,65.12,86.84,22.85,10.0,11.7,40.82,34.66,40.2,21.59,25.32,53.71,45.18,22.63,14.0,26.57,58.52,31.62,34.01,80.72,70.38,15.26,28.02,48.01,38.29,18.79,31.02,26.31
11,9.43,25.32,50.36,56.89,49.24,13.45,54.56,32.89,43.32,18.03,52.5,0.0,23.71,88.23,65.28,50.01,32.65,43.83,32.89,6.32,74.04,82.76,26.25,20.4,60.08,25.0,69.26,41.3,56.36,62.17,87.42,27.51,15.62,45.28,32.02,97.0,76.4,34.0,39.4,57.98,36.35,32.8,39.0,76.11,45.54,58.08,41.87,17.12,46.07,40.8,34.21,31.24
12,29.61,43.83,29.43,35.01,53.26,22.83,33.54,24.17,20.22,28.23,39.32,23.71,0.0,67.98,47.17,49.04,18.97,39.0,22.36,25.5,73.24,59.09,9.85,15.03,46.86,26.02,55.22,39.7,39.32,50.8,67.08,33.54,9.06,42.8,14.04,75.21,53.15,31.14,25.5,36.06,21.93,10.3,43.83,57.01,34.06,50.33,19.42,9.85,22.36,22.2,11.66,13.04
13,89.27,111.51,66.01,62.2,75.96,90.79,34.44,85.38,58.86,96.18,41.34,88.23,67.98,0.0,79.25,65.19,56.08,98.15,57.28,92.11,72.01,44.1,62.13,82.08,91.2,92.36,94.2,64.01,33.3,40.52,1.0,75.6,73.25,62.17,56.3,14.0,27.86,63.6,50.21,32.57,78.45,57.7,75.18,80.01,87.37,50.0,48.85,77.82,51.97,47.43,56.36,57.14
14,73.82,71.57,19.21,18.36,99.13,55.08,55.23,34.37,31.24,55.73,74.41,65.28,47.17,79.25,0.0,93.01,61.03,34.67,65.46,63.0,115.43,42.2,54.59,45.04,15.26,45.89,15.03,84.31,68.24,85.43,78.26,80.62,55.36,86.61,54.64,78.0,52.15,76.32,64.54,52.77,29.02,46.87,90.35,11.18,23.77,89.11,46.67,48.66,36.12,56.59,46.62,54.08
15,44.05,74.24,73.82,76.66,10.77,61.35,46.69,72.67,61.85,67.05,26.02,50.01,49.04,65.19,93.01,0.0,32.02,87.13,27.66,56.29,24.6,86.15,39.62,60.9,95.46,70.68,103.32,9.43,36.01,25.06,64.85,23.02,44.78,6.4,38.42,78.45,71.06,18.03,29.07,51.62,70.94,46.23,13.93,101.02,83.1,15.81,47.41,54.2,58.18,37.58,46.4,39.05
16,33.24,57.25,41.88,45.19,38.48,38.33,24.19,43.08,30.02,44.28,21.02,32.65,18.97,56.08,61.03,32.02,0.0,57.94,4.47,37.34,55.32,60.3,9.22,33.38,63.78,44.28,71.42,23.32,23.71,32.14,55.32,24.19,19.24,25.61,6.4,65.95,49.04,15.81,7.07,28.64,39.96,14.21,30.81,69.35,52.15,31.38,17.12,27.07,27.2,9.85,14.42,7.07
17,53.25,40.0,34.01,40.31,89.64,30.53,66.0,14.87,39.32,27.86,77.62,43.83,39.0,98.15,34.67,87.13,57.94,0.0,61.33,38.95,111.65,71.56,48.85,26.4,21.84,18.87,30.27,77.7,75.66,89.29,97.16,68.01,42.44,81.12,52.5,101.24,75.27,69.12,64.2,66.19,20.0,46.1,79.51,45.18,12.21,89.32,52.15,33.02,46.27,59.23,46.87,51.55
18,32.2,57.97,46.32,49.66,34.01,40.01,26.93,46.52,34.48,46.01,19.65,32.89,22.36,57.28,65.46,27.66,4.47,61.33,0.0,38.08,51.22,64.12,12.53,36.14,67.94,46.87,75.69,18.87,24.21,30.02,56.57,20.62,21.02,21.26,10.82,67.8,52.2,11.4,7.07,31.62,43.83,18.6,26.48,73.82,56.04,28.16,21.38,29.61,31.62,13.15,18.87,11.4
19,14.87,19.92,49.48,56.32,55.54,8.54,58.01,29.43,43.83,12.04,57.72,6.32,25.5,92.11,63.0,56.29,37.34,38.95,38.08,0.0,80.36,83.73,30.02,18.11,56.52,20.12,65.73,47.52,60.93,67.74,91.27,33.84,18.87,51.48,35.85,100.26,78.64,40.05,44.27,61.07,34.01,35.38,45.31,74.03,41.98,64.01,44.6,17.0,47.43,44.78,36.8,34.99
20,67.27,97.49,96.26,98.23,26.02,85.8,64.41,97.1,84.22,91.42,42.54,74.04,73.24,72.01,115.43,24.6,55.32,111.65,51.22,80.36,0.0,102.53,63.6,85.48,119.1,95.27,126.62,34.0,51.48,34.48,72.0,46.57,69.35,30.53,61.62,86.01,85.73,42.54,50.93,68.88,95.0,69.35,35.51,122.61,107.2,27.29,68.88,78.77,79.65,58.9,69.31,62.37
21,88.26,99.2,38.29,31.4,95.52,78.49,39.46,63.66,39.96,82.01,60.88,82.76,59.09,44.1,42.2,86.15,60.3,71.56,64.12,83.73,102.53,0.0,59.91,67.42,56.92,74.33,56.72,80.22,51.24,68.15,43.27,84.48,67.78,80.62,55.9,38.33,17.8,75.01,59.01,34.53,55.87,51.24,90.01,39.01,59.36,75.58,43.74,66.73,36.77,51.04,50.0,56.09
22,29.15,49.66,35.85,40.26,44.65,29.83,28.32,34.01,24.74,35.69,30.02,26.25,9.85,62.13,54.59,39.62,9.22,48.85,12.53,30.02,63.6,59.91,0.0,24.19,55.87,35.13,63.89,30.41,31.32,41.3,61.29,26.68,11.18,33.3,5.83,70.77,51.11,22.02,16.03,31.89,31.4,9.0,35.78,63.69,43.6,40.5,16.55,18.0,24.02,14.76,10.05,5.0
23,29.41,31.89,31.62,38.63,63.25,11.18,47.76,13.04,27.66,14.87,54.15,20.4,15.03,82.08,45.04,60.9,33.38,26.4,36.14,18.11,85.48,67.42,24.19,0.0,39.92,11.0,49.04,51.48,54.33,65.49,81.15,41.73,16.12,55.01,29.0,88.32,64.66,42.94,40.2,49.66,16.03,24.74,53.15,56.0,25.5,64.29,33.24,6.71,32.65,37.22,25.96,28.0
24,69.29,61.29,25.96,29.02,100.12,48.05,63.57,27.2,36.67,47.17,80.26,60.08,46.86,91.2,15.26,95.46,63.78,21.84,67.94,56.52,119.1,56.92,55.87,39.92,0.0,37.22,9.22,86.28,75.64,91.79,90.2,79.88,53.54,89.11,57.49,91.35,65.12,77.83,68.6,62.1,25.24,49.82,90.6,24.21,14.56,94.05,52.35,45.18,43.08,61.59,50.0,56.73
25,34.41,26.0,36.62,43.83,72.11,11.66,58.24,11.7,35.81,10.0,65.12,25.0,26.02,92.36,45.89,70.68,44.28,18.87,46.87,20.12,95.27,74.33,35.13,11.0,37.22,0.0,46.39,61.33,65.28,76.42,91.42,50.22,26.25,65.0,40.0,97.95,73.5,52.92,51.16,59.81,18.87,35.51,61.85,57.07,23.0,74.95,43.68,17.26,41.68,48.17,36.67,39.0
26,78.43,70.11,31.38,32.57,108.41,57.27,68.88,36.4,43.01,56.32,86.84,69.26,55.22,94.2,15.03,103.32,71.42,30.27,75.69,65.73,126.62,56.72,63.89,49.04,9.22,46.39,0.0,94.26,81.49,98.18,93.21,88.51,62.27,96.94,65.05,93.01,67.19,85.91,75.82,66.85,34.0,57.28,99.05,19.72,23.77,101.04,58.82,54.13,48.88,68.41,57.31,64.35
27,36.12,66.01,65.19,68.43,15.52,52.2,41.0,63.25,53.34,57.97,22.85,41.3,39.7,64.01,84.31,9.43,23.32,77.7,18.87,47.52,34.0,80.22,30.41,51.48,86.28,61.33,94.26,0.0,32.28,26.25,63.53,15.52,35.36,4.0,29.68,76.56,66.19,8.6,21.59,46.0,61.62,37.44,11.18,92.66,73.76,18.79,39.56,44.78,50.16,30.08,37.74,30.23
28,56.4,80.78,50.12,50.0,46.27,61.13,13.45,61.2,39.0,66.94,10.0,56.36,39.32,33.3,68.24,36.01,23.71,75.66,24.21,60.93,51.48,51.24,31.32,54.33,75.64,65.28,81.49,32.28,0.0,17.8,32.65,42.44,42.38,31.4,25.71,44.78,35.23,30.53,17.2,17.49,55.9,30.0,43.32,73.59,67.19,24.35,23.77,48.84,32.65,17.12,29.02,26.68
29,59.46,87.48,66.85,67.36,35.78,70.03,31.24,74.46,55.23,76.03,11.7,62.17,50.8,40.52,85.43,25.06,32.14,89.29,30.02,67.74,34.48,68.15,41.3,65.49,91.79,76.42,98.18,26.25,17.8,0.0,40.26,40.82,51.0,23.35,36.88,54.13,51.24,29.55,25.32,35.23,70.23,43.32,36.8,91.22,82.08,9.49,39.45,59.21,49.41,30.46,42.72,37.85
30,88.53,110.64,65.01,61.2,75.61,89.89,33.54,84.4,57.87,95.27,40.82,87.42,67.08,1.0,78.26,64.85,55.32,97.16,56.57,91.27,72.0,43.27,61.29,81.15,90.2,91.42,93.21,63.53,32.65,40.26,0.0,75.0,72.4,61.74,55.47,14.04,26.93,63.01,49.5,31.62,77.47,56.8,74.71,79.06,86.37,49.73,47.93,76.92,50.99,46.62,55.46,56.3
31,21.02,51.24,62.3,66.94,21.95,39.82,47.43,54.49,51.42,45.19,34.66,27.51,33.54,75.6,80.62,23.02,24.19,68.01,20.62,33.84,46.57,84.48,26.68,41.73,79.88,50.22,88.51,15.52,42.44,40.82,75.0,0.0,26.4,19.42,29.02,87.13,72.8,12.04,26.93,52.2,54.64,35.51,11.66,90.14,66.22,34.18,41.01,35.38,50.25,33.73,36.35,29.07
32,20.62,38.48,38.21,44.0,47.42,19.1,39.2,28.32,29.27,25.08,40.2,15.62,9.06,73.25,55.36,44.78,19.24,42.44,21.02,18.87,69.35,67.78,11.18,16.12,53.54,26.25,62.27,35.36,42.38,51.0,72.4,26.4,0.0,38.91,17.0,81.57,60.8,26.83,26.31,42.45,28.3,17.2,37.48,65.51,39.82,48.84,26.25,9.43,31.02,25.94,18.6,16.12
33,40.11,70.01,67.42,70.33,15.0,56.04,41.19,66.57,55.47,61.85,21.59,45.28,42.8,62.17,86.61,6.4,25.61,81.12,21.26,51.48,30.53,80.62,33.3,55.01,89.11,65.0,96.94,4.0,31.4,23.35,61.74,19.42,38.91,0.0,32.02,75.03,66.01,12.08,22.85,46.17,64.66,39.82,13.45,94.67,76.84,15.26,41.15,48.3,51.88,31.38,40.0,32.65
34,34.41,55.46,35.51,39.0,44.72,35.44,22.63,37.64,23.71,41.23,25.32,32.02,14.04,56.3,54.64,38.42,6.4,52.5,10.82,35.85,61.62,55.9,5.83,29.0,57.49,40.0,65.05,29.68,25.71,36.88,55.47,29.02,17.0,32.02,0.0,65.07,46.07,21.93,11.7,26.4,34.0,7.81,36.69,63.06,46.14,37.12,12.17,23.19,21.38,8.94,8.06,1.0
35,99.09,119.04,67.68,62.65,89.19,97.91,42.45,89.69,62.77,102.93,53.71,97.0,75.21,14.0,78.0,78.45,65.95,101.24,67.8,100.26,86.01,38.33,70.77,88.32,91.35,97.95,93.01,76.56,44.78,54.13,14.04,87.13,81.57,75.03,65.07,0.0,26.31,75.29,60.8,39.2,82.28,65.0,87.73,76.79,89.74,63.56,55.8,84.88,56.36,56.59,63.6,65.8
36,80.26,96.26,41.48,36.35,81.01,75.01,25.5,64.41,37.74,79.51,45.18,76.4,53.15,27.86,52.15,71.06,49.04,75.27,52.2,78.64,85.73,17.8,51.11,64.66,65.12,73.5,67.19,66.19,35.23,51.24,26.93,72.8,60.8,66.01,46.07,26.31,0.0,62.17,46.1,20.62,56.8,43.6,76.66,52.2,63.6,59.23,34.67,62.23,32.02,39.22,42.2,46.53
37,30.08,59.14,57.31,60.93,22.83,44.15,36.67,54.64,45.62,50.01,22.63,34.0,31.14,63.6,76.32,18.03,15.81,69.12,11.4,40.05,42.54,75.01,22.02,42.94,77.83,52.92,85.91,8.6,30.53,29.55,63.01,12.04,26.83,12.08,21.93,75.29,62.17,0.0,16.12,41.59,53.08,29.53,15.13,84.97,65.19,24.19,32.76,36.24,43.01,24.02,29.97,22.36
38,39.2,64.2,45.34,47.71,37.11,45.4,20.62,49.34,33.3,51.35,14.0,39.4,25.5,50.21,64.54,29.07,7.07,64.2,7.07,44.27,50.93,59.01,16.03,40.2,68.6,51.16,75.82,21.59,17.2,25.32,49.5,26.93,26.31,22.85,11.7,60.8,46.1,16.12,0.0,25.5,45.62,18.87,31.0,72.11,57.71,25.55,18.36,34.01,29.15,8.54,18.6,12.65
39,60.8,79.88,36.14,34.44,61.13,58.83,5.0,52.95,27.0,64.01,26.57,57.98,36.06,32.57,52.77,51.62,28.64,66.19,31.62,61.07,68.88,34.53,31.89,49.66,62.1,59.81,66.85,46.0,17.49,35.23,31.62,52.2,42.45,46.17,26.4,39.2,20.62,41.59,25.5,0.0,46.27,25.81,56.22,57.01,56.04,41.63,16.64,45.79,20.0,18.79,24.41,27.02
40,45.12,44.72,17.8,25.0,75.07,26.31,46.0,7.81,19.65,27.86,58.52,36.35,21.93,78.45,29.02,70.94,39.96,20.0,43.83,34.01,95.0,55.87,31.4,16.03,25.24,18.87,34.0,61.62,55.9,70.23,77.47,54.64,28.3,64.66,34.0,82.28,56.8,53.08,45.62,46.27,0.0,26.93,65.44,40.01,12.21,71.12,32.25,20.25,26.48,39.85,27.51,33.12
41,37.16,54.08,27.78,31.62,52.35,33.12,23.26,31.4,16.16,38.48,31.62,32.8,10.3,57.7,46.87,46.23,14.21,46.1,18.6,35.38,69.35,51.24,9.0,24.74,49.82,35.51,57.28,37.44,30.0,43.32,56.8,35.51,17.2,39.82,7.81,65.0,43.6,29.53,18.87,25.81,26.93,0.0,44.01,55.46,38.91,44.42,9.22,20.12,15.03,13.15,1.41,7.21
42,31.78,61.98,71.59,75.61,10.3,51.48,51.24,65.76,60.17,56.8,34.01,39.0,43.83,75.18,90.35,13.93,30.81,79.51,26.48,45.31,35.51,90.01,35.78,53.15,90.6,61.85,99.05,11.18,43.32,36.8,74.71,11.66,37.48,13.45,36.69,87.73,76.66,15.13,31.0,56.22,65.44,44.01,0.0,99.4,77.23,28.43,47.85,46.69,57.97,39.12,44.6,37.0
43,84.48,82.71,27.86,24.41,107.78,66.19,60.21,45.54,39.36,66.91,80.72,76.11,57.01,80.01,11.18,101.02,69.35,45.18,73.82,74.03,122.61,39.01,63.69,56.0,24.21,57.07,19.72,92.66,73.59,91.22,79.06,90.14,65.51,94.67,63.06,76.79,52.2,84.97,72.11,57.01,40.01,55.46,99.4,0.0,34.79,95.78,53.82,59.3,43.01,63.82,55.01,62.61
44,54.78,48.05,22.14,28.18,87.0,33.54,56.44,12.65,29.07,33.0,70.38,45.54,34.06,87.37,23.77,83.1,52.15,12.21,56.04,41.98,107.2,59.36,43.6,25.5,14.56,23.0,23.77,73.76,67.19,82.08,86.37,66.22,39.82,76.84,46.14,89.74,63.6,65.19,57.71,56.04,12.21,38.91,77.23,34.79,0.0,83.24,43.42,31.06,36.06,51.62,39.4,45.28
45,54.13,83.29,70.09,71.51,26.42,67.36,37.12,74.46,58.14,73.33,15.26,58.08,50.33,50.0,89.11,15.81,31.38,89.32,28.16,64.01,27.29,75.58,40.5,64.29,94.05,74.95,101.04,18.79,24.35,9.49,49.73,34.18,48.84,15.26,37.12,63.56,59.23,24.19,25.55,41.63,71.12,44.42,28.43,95.78,83.24,0.0,42.45,57.72,53.04,32.65,44.1,38.01
46,45.65,63.25,27.66,29.41,55.03,42.19,14.56,38.01,15.81,47.41,28.02,41.87,19.42,48.85,46.67,47.41,17.12,52.15,21.38,44.6,68.88,43.74,16.55,33.24,52.35,43.68,58.82,39.56,23.77,39.45,47.93,41.01,26.25,41.15,12.17,55.8,34.67,32.76,18.36,16.64,32.25,9.22,47.85,53.82,43.42,42.45,0.0,29.15,10.82,10.0,7.81,12.37
47,25.18,34.21,33.24,39.81,56.73,13.04,43.38,19.1,26.83,18.38,48.01,17.12,9.85,77.82,48.66,54.2,27.07,33.02,29.61,17.0,78.77,66.73,18.0,6.71,45.18,17.26,54.13,44.78,48.84,59.21,76.92,35.38,9.43,48.3,23.19,84.88,62.23,36.24,34.01,45.79,20.25,20.12,46.69,59.3,31.06,57.72,29.15,0.0,30.61,31.78,21.47,22.2
48,51.55,64.35,17.49,18.6,65.55,43.14,20.62,33.53,7.0,47.51,38.29,46.07,22.36,51.97,36.12,58.18,27.2,46.27,31.62,47.43,79.65,36.77,24.02,32.65,43.08,41.68,48.88,50.16,32.65,49.41,50.99,50.25,31.02,51.88,21.38,56.36,32.02,43.01,29.15,20.0,26.48,15.03,57.97,43.01,36.06,53.04,10.82,30.61,0.0,20.81,14.0,21.21
49,42.52,64.4,37.48,39.41,45.61,44.27,14.42,44.55,25.5,50.0,18.79,40.8,22.2,47.43,56.59,37.58,9.85,59.23,13.15,44.78,58.9,51.04,14.76,37.22,61.59,48.17,68.41,30.08,17.12,30.46,46.62,33.73,25.94,31.38,8.94,56.59,39.22,24.02,8.54,18.79,39.85,13.15,39.12,63.82,51.62,32.65,10.0,31.78,20.81,0.0,12.37,9.85
50,38.48,55.47,27.46,31.02,52.77,34.48,21.93,32.25,15.65,39.81,31.02,34.21,11.66,56.36,46.62,46.4,14.42,46.87,18.87,36.8,69.31,50.0,10.05,25.96,50.0,36.67,57.31,37.74,29.02,42.72,55.46,36.35,18.6,40.0,8.06,63.6,42.2,29.97,18.6,24.41,27.51,1.41,44.6,55.01,39.4,44.1,7.81,21.47,14.0,12.37,0.0,7.62
51,33.84,54.56,34.99,38.63,45.18,34.48,23.35,36.69,23.26,40.26,26.31,31.24,13.04,57.14,54.08,39.05,7.07,51.55,11.4,34.99,62.37,56.09,5.0,28.0,56.73,39.0,64.35,30.23,26.68,37.85,56.3,29.07,16.12,32.65,1.0,65.8,46.53,22.36,12.65,27.02,33.12,7.21,37.0,62.61,45.28,38.01,12.37,22.2,21.21,9.85,7.62,0.0
