set K:= 1	2	3	4	5	6;
set C_H:= 1	2	3	4	5	6	7	8	9	10	11	12	13;
set C_S:= 14	15	16	17	18	19	20	21	22	23	24	25	26	27	28;
set C_F:= 29	30	31	32	33	34	35	36	37	38	39	40	41	42	43;
set M:= 44	45	46	47	48	49;
set L_B:= 50;
set A1:=
(0,*) 1 2 3 4 5 6 7 8 9 10 11 12 13 29 30 31 32 33 34 35 36 37 38 39 40 41 42 43 44 45 46 47 48 49 50 51
(1,*) 0 2 3 4 5 6 7 8 9 10 11 12 13 29 30 31 32 33 34 35 36 37 38 39 40 41 42 43 44 45 46 47 48 49 50 51
(2,*) 0 1 3 4 5 6 7 8 9 10 11 12 13 29 30 31 32 33 34 35 36 37 38 39 40 41 42 43 44 45 46 47 48 49 50 51
(3,*) 0 1 2 4 5 6 7 8 9 10 11 12 13 29 30 31 32 33 34 35 36 37 38 39 40 41 42 43 44 45 46 47 48 49 50 51
(4,*) 0 1 2 3 5 6 7 8 9 10 11 12 13 29 30 31 32 33 34 35 36 37 38 39 40 41 42 43 44 45 46 47 48 49 50 51
(5,*) 0 1 2 3 4 6 7 8 9 10 11 12 13 29 30 31 32 33 34 35 36 37 38 39 40 41 42 43 44 45 46 47 48 49 50 51
(6,*) 0 1 2 3 4 5 7 8 9 10 11 12 13 29 30 31 32 33 34 35 36 37 38 39 40 41 42 43 44 45 46 47 48 49 50 51
(7,*) 0 1 2 3 4 5 6 8 9 10 11 12 13 29 30 31 32 33 34 35 36 37 38 39 40 41 42 43 44 45 46 47 48 49 50 51
(8,*) 0 1 2 3 4 5 6 7 9 10 11 12 13 29 30 31 32 33 34 35 36 37 38 39 40 41 42 43 44 45 46 47 48 49 50 51
(9,*) 0 1 2 3 4 5 6 7 8 10 11 12 13 29 30 31 32 33 34 35 36 37 38 39 40 41 42 43 44 45 46 47 48 49 50 51
(10,*) 0 1 2 3 4 5 6 7 8 9 11 12 13 29 30 31 32 33 34 35 36 37 38 39 40 41 42 43 44 45 46 47 48 49 50 51
(11,*) 0 1 2 3 4 5 6 7 8 9 10 12 13 29 30 31 32 33 34 35 36 37 38 39 40 41 42 43 44 45 46 47 48 49 50 51
(12,*) 0 1 2 3 4 5 6 7 8 9 10 11 13 29 30 31 32 33 34 35 36 37 38 39 40 41 42 43 44 45 46 47 48 49 50 51
(13,*) 0 1 2 3 4 5 6 7 8 9 10 11 12 29 30 31 32 33 34 35 36 37 38 39 40 41 42 43 44 45 46 47 48 49 50 51
(29,*) 0 1 2 3 4 5 6 7 8 9 10 11 12 13 30 31 32 33 34 35 36 37 38 39 40 41 42 43 44 45 46 47 48 49 50 51
(30,*) 0 1 2 3 4 5 6 7 8 9 10 11 12 13 29 31 32 33 34 35 36 37 38 39 40 41 42 43 44 45 46 47 48 49 50 51
(31,*) 0 1 2 3 4 5 6 7 8 9 10 11 12 13 29 30 32 33 34 35 36 37 38 39 40 41 42 43 44 45 46 47 48 49 50 51
(32,*) 0 1 2 3 4 5 6 7 8 9 10 11 12 13 29 30 31 33 34 35 36 37 38 39 40 41 42 43 44 45 46 47 48 49 50 51
(33,*) 0 1 2 3 4 5 6 7 8 9 10 11 12 13 29 30 31 32 34 35 36 37 38 39 40 41 42 43 44 45 46 47 48 49 50 51
(34,*) 0 1 2 3 4 5 6 7 8 9 10 11 12 13 29 30 31 32 33 35 36 37 38 39 40 41 42 43 44 45 46 47 48 49 50 51
(35,*) 0 1 2 3 4 5 6 7 8 9 10 11 12 13 29 30 31 32 33 34 36 37 38 39 40 41 42 43 44 45 46 47 48 49 50 51
(36,*) 0 1 2 3 4 5 6 7 8 9 10 11 12 13 29 30 31 32 33 34 35 37 38 39 40 41 42 43 44 45 46 47 48 49 50 51
(37,*) 0 1 2 3 4 5 6 7 8 9 10 11 12 13 29 30 31 32 33 34 35 36 38 39 40 41 42 43 44 45 46 47 48 49 50 51
(38,*) 0 1 2 3 4 5 6 7 8 9 10 11 12 13 29 30 31 32 33 34 35 36 37 39 40 41 42 43 44 45 46 47 48 49 50 51
(39,*) 0 1 2 3 4 5 6 7 8 9 10 11 12 13 29 30 31 32 33 34 35 36 37 38 40 41 42 43 44 45 46 47 48 49 50 51
(40,*) 0 1 2 3 4 5 6 7 8 9 10 11 12 13 29 30 31 32 33 34 35 36 37 38 39 41 42 43 44 45 46 47 48 49 50 51
(41,*) 0 1 2 3 4 5 6 7 8 9 10 11 12 13 29 30 31 32 33 34 35 36 37 38 39 40 42 43 44 45 46 47 48 49 50 51
(42,*) 0 1 2 3 4 5 6 7 8 9 10 11 12 13 29 30 31 32 33 34 35 36 37 38 39 40 41 43 44 45 46 47 48 49 50 51
(43,*) 0 1 2 3 4 5 6 7 8 9 10 11 12 13 29 30 31 32 33 34 35 36 37 38 39 40 41 42 44 45 46 47 48 49 50 51
(44,*) 0 1 2 3 4 5 6 7 8 9 10 11 12 13 29 30 31 32 33 34 35 36 37 38 39 40 41 42 43 45 46 47 48 49 50 51
(45,*) 0 1 2 3 4 5 6 7 8 9 10 11 12 13 29 30 31 32 33 34 35 36 37 38 39 40 41 42 43 44 46 47 48 49 50 51
(46,*) 0 1 2 3 4 5 6 7 8 9 10 11 12 13 29 30 31 32 33 34 35 36 37 38 39 40 41 42 43 44 45 47 48 49 50 51
(47,*) 0 1 2 3 4 5 6 7 8 9 10 11 12 13 29 30 31 32 33 34 35 36 37 38 39 40 41 42 43 44 45 46 48 49 50 51
(48,*) 0 1 2 3 4 5 6 7 8 9 10 11 12 13 29 30 31 32 33 34 35 36 37 38 39 40 41 42 43 44 45 46 47 49 50 51
(49,*) 0 1 2 3 4 5 6 7 8 9 10 11 12 13 29 30 31 32 33 34 35 36 37 38 39 40 41 42 43 44 45 46 47 48 50 51
(50,*) 0 1 2 3 4 5 6 7 8 9 10 11 12 13 29 30 31 32 33 34 35 36 37 38 39 40 41 42 43 44 45 46 47 48 49 51
(51,*) 0 1 2 3 4 5 6 7 8 9 10 11 12 13 29 30 31 32 33 34 35 36 37 38 39 40 41 42 43 44 45 46 47 48 49 50
;
set A2:=
(44,*) 45
(45,*) 44
;
param BigM:=99999;
param n:= 6;
param d:=
1	23
2	14
3	24
4	4
5	19
6	14
7	14
8	9
9	9
10	18
11	24
12	18
13	14
14	8
15	14
16	24
17	13
18	2
19	18
20	24
21	3
22	13
23	9
24	14
25	13
26	8
27	8
28	8
29	18
30	18
31	9
32	18
33	9
34	3
35	8
36	4
37	24
38	13
39	24
40	13
41	14
42	4
43	8
;
param Q:=100;
param w:=
[44,*] 45 2
[45,*] 44 2
;
param V:=
[44,*] 45 97
[45,*] 44 97
;
param e:
	44	45	46	47	48	49	50:=
14		0		1		0		0		0		0		1	
15		0		0		0		0		1		0		0	
16		0		0		1		0		0		0		0	
17		0		1		0		0		0		0		0	
18		0		0		0		0		1		0		0	
19		0		1		0		0		0		1		1	
20		1		0		0		0		1		0		0	
21		0		1		0		0		0		0		1	
22		0		1		0		0		0		1		1	
23		1		0		0		0		1		0		0	
24		1		0		0		0		1		1		0	
25		1		0		0		1		1		0		0	
26		1		0		0		1		0		0		1	
27		0		0		1		0		0		1		0	
28		0		0		0		0		1		0		0	
29		0		1		0		0		0		0		1	
30		0		1		0		0		0		1		1	
31		0		0		0		0		1		0		0	
32		0		0		0		0		0		0		1	
33		0		1		0		0		0		0		1	
34		1		0		0		0		0		0		0	
35		1		0		0		0		1		1		0	
36		0		0		0		0		0		0		1	
37		0		0		1		0		0		1		0	
38		0		1		0		0		0		0		1	
39		0		0		0		1		0		0		0	
40		0		0		1		0		0		1		1	
41		0		0		0		0		0		1		0	
42		0		1		0		0		0		0		1	
43		0		0		1		0		0		1		0	
;
param p:=
1	1
2	1
3	1
4	1
5	1
6	1
;
param G:=
44	90
45	97
46	72
47	71
48	87
49	94
50	94
;
param s:=
0	0
1	10
2	10
3	10
4	10
5	10
6	10
7	10
8	10
9	10
10	10
11	10
12	10
13	10
29	10
30	10
31	10
32	10
33	10
34	10
35	10
36	10
37	10
38	10
39	10
40	10
41	10
42	10
43	10
44	10
45	10
46	10
47	10
48	10
49	10
50	10
;
param t:
	0	1	2	3	4	5	6	7	8	9	10	11	12	13	14	15	16	17	18	19	20	21	22	23	24	25	26	27	28	29	30	31	32	33	34	35	36	37	38	39	40	41	42	43	44	45	46	47	48	49	50	51:=
0	0.0	9.43	14.87	21.02	22.8	20.62	26.91	29.15	30.08	30.27	29.41	39.2	36.12	29.61	34.41	84.48	88.26	51.0	69.29	56.85	73.82	40.11	56.4	53.25	58.01	45.12	37.16	99.09	64.2	41.76	59.46	78.43	32.2	33.24	42.15	49.82	44.05	60.8	67.27	34.41	80.26	89.27	31.78	88.53	54.78	54.13	96.83	21.54	66.1	79.25	38.28	0.0
1	9.43	0.0	6.32	27.51	13.45	15.62	18.03	26.25	34.0	25.32	20.4	39.4	41.3	23.71	32.02	76.11	82.76	52.5	60.08	54.56	65.28	45.28	56.36	43.83	50.36	36.35	32.8	97.0	56.89	49.24	62.17	69.26	32.89	32.65	32.89	43.32	50.01	57.98	74.04	25.0	76.4	88.23	39.0	87.42	45.54	58.08	93.61	15.0	57.01	77.34	41.98	9.43
2	14.87	6.32	0.0	33.84	8.54	18.87	12.04	30.02	40.05	19.92	18.11	44.27	47.52	25.5	35.85	74.03	83.73	57.72	56.52	58.01	63.0	51.48	60.93	38.95	49.48	34.01	35.38	100.26	56.32	55.54	67.74	65.73	38.08	37.34	29.43	43.83	56.29	61.07	80.36	20.12	78.64	92.11	45.31	91.27	41.98	64.01	96.18	9.22	53.76	80.8	47.93	14.87
3	21.02	27.51	33.84	0.0	39.82	26.4	45.19	26.68	12.04	51.24	41.73	26.93	15.52	33.54	29.02	90.14	84.48	34.66	79.88	47.43	80.62	19.42	42.44	68.01	62.3	54.64	35.51	87.13	66.94	21.95	40.82	88.51	20.62	24.19	54.49	51.42	23.02	52.2	46.57	50.22	72.8	75.6	11.66	75.0	66.22	34.18	87.32	41.98	76.01	67.6	19.4	21.02
4	22.8	13.45	8.54	39.82	0.0	19.1	6.0	29.83	44.15	21.26	11.18	45.4	52.2	22.83	35.44	66.19	78.49	59.3	48.05	56.36	55.08	56.04	61.13	30.53	42.72	26.31	33.12	97.91	49.77	61.77	70.03	57.27	40.01	38.33	21.1	38.6	61.35	58.83	85.8	11.66	75.01	90.79	51.48	89.89	33.54	67.36	92.85	11.66	45.4	78.89	51.55	22.8
5	20.62	15.62	18.87	26.4	19.1	0.0	25.08	11.18	26.83	38.48	16.12	26.31	35.36	9.06	17.0	65.51	67.78	40.2	53.54	39.2	55.36	38.91	42.38	42.44	38.21	28.3	17.2	81.57	44.0	47.42	51.0	62.27	21.02	19.24	28.32	29.27	44.78	42.45	69.35	26.25	60.8	73.25	37.48	72.4	39.82	48.84	77.99	27.73	49.74	62.01	33.44	20.62
6	26.91	18.03	12.04	45.19	6.0	25.08	0.0	35.69	50.01	17.2	14.87	51.35	57.97	28.23	41.23	66.91	82.01	65.28	47.17	61.74	55.73	61.85	66.94	27.86	45.18	27.86	38.48	102.93	52.35	67.08	76.03	56.32	46.01	44.28	21.38	42.45	67.05	64.01	91.42	10.0	79.51	96.18	56.8	95.27	33.0	73.33	97.45	10.0	45.0	84.12	57.48	26.91
7	29.15	26.25	30.02	26.68	29.83	11.18	35.69	0.0	22.02	49.66	24.19	16.03	30.41	9.85	5.83	63.69	59.91	30.02	55.87	28.32	54.59	33.3	31.32	48.85	35.85	31.4	9.0	70.77	40.26	44.65	41.3	63.89	12.53	9.22	34.01	24.74	39.62	31.89	63.6	35.13	51.11	62.13	35.78	61.29	43.6	40.5	67.8	38.91	51.66	51.09	26.53	29.15
8	30.08	34.0	40.05	12.04	44.15	26.83	50.01	22.02	0.0	59.14	42.94	16.12	8.6	31.14	21.93	84.97	75.01	22.63	77.83	36.67	76.32	12.08	30.53	69.12	57.31	53.08	29.53	75.29	60.93	22.83	29.55	85.91	11.4	15.81	54.64	45.62	18.03	41.59	42.54	52.92	62.17	63.6	15.13	63.01	65.19	24.19	75.96	49.0	73.66	55.9	8.2	30.08
9	30.27	25.32	19.92	51.24	21.26	38.48	17.2	49.66	59.14	0.0	31.89	64.2	66.01	43.83	55.46	82.71	99.2	77.62	61.29	77.18	71.57	70.01	80.78	40.0	62.27	44.72	54.08	119.04	69.46	71.81	87.48	70.11	57.97	57.25	37.7	59.55	74.24	79.88	97.49	26.0	96.26	111.51	61.98	110.64	48.05	83.29	114.11	10.77	59.84	99.86	67.21	30.27
10	29.41	20.4	18.11	41.73	11.18	16.12	14.87	24.19	42.94	31.89	0.0	40.2	51.48	15.03	29.0	56.0	67.42	54.15	39.92	47.76	45.04	55.01	54.33	26.4	31.62	16.03	24.74	88.32	38.63	63.25	65.49	49.04	36.14	33.38	13.04	27.66	60.9	49.66	85.48	11.0	64.66	82.08	53.15	81.15	25.5	64.29	82.62	22.83	36.69	69.78	49.31	29.41
11	39.2	39.4	44.27	26.93	45.4	26.31	51.35	16.03	16.12	64.2	40.2	0.0	21.59	25.5	11.7	72.11	59.01	14.0	68.6	20.62	64.54	22.85	17.2	64.2	45.34	45.62	18.87	60.8	47.71	37.11	25.32	75.82	7.07	7.07	49.34	33.3	29.07	25.5	50.93	51.16	46.1	50.21	31.0	49.5	57.71	25.55	60.42	53.45	64.2	41.05	15.14	39.2
12	36.12	41.3	47.52	15.52	52.2	35.36	57.97	30.41	8.6	66.01	51.48	21.59	0.0	39.7	29.68	92.66	80.22	22.85	86.28	41.0	84.31	4.0	32.28	77.7	65.19	61.62	37.44	76.56	68.43	15.52	26.25	94.26	18.87	23.32	63.25	53.34	9.43	46.0	34.0	61.33	66.19	64.01	11.18	63.53	73.76	18.79	78.59	56.22	82.07	57.87	7.13	36.12
13	29.61	23.71	25.5	33.54	22.83	9.06	28.23	9.85	31.14	43.83	15.03	25.5	39.7	0.0	14.04	57.01	59.09	39.32	46.86	33.54	47.17	42.8	39.32	39.0	29.43	21.93	10.3	75.21	35.01	53.26	50.8	55.22	22.36	18.97	24.17	20.22	49.04	36.06	73.24	26.02	53.15	67.98	43.83	67.08	34.06	50.33	70.71	33.42	42.8	56.08	36.27	29.61
14	34.41	32.02	35.85	29.02	35.44	17.0	41.23	5.83	21.93	55.46	29.0	11.7	29.68	14.04	0.0	63.06	55.9	25.32	57.49	22.63	54.64	32.02	25.71	52.5	35.51	34.0	7.81	65.07	39.0	44.72	36.88	65.05	10.82	6.4	37.64	23.71	38.42	26.4	61.62	40.0	46.07	56.3	36.69	55.47	46.14	37.12	62.43	44.72	53.15	45.34	24.66	34.41
15	84.48	76.11	74.03	90.14	66.19	65.51	66.91	63.69	84.97	82.71	56.0	72.11	92.66	57.01	63.06	0.0	39.01	80.72	24.21	60.21	11.18	94.67	73.59	45.18	27.86	40.01	55.46	76.79	24.41	107.78	91.22	19.72	73.82	69.35	45.54	39.36	101.02	57.01	122.61	57.07	52.2	80.01	99.4	79.06	34.79	95.78	65.19	76.79	23.71	68.15	87.04	84.48
16	88.26	82.76	83.73	84.48	78.49	67.78	82.01	59.91	75.01	99.2	67.42	59.01	80.22	59.09	55.9	39.01	0.0	60.88	56.92	39.46	42.2	80.62	51.24	71.56	38.29	55.87	51.24	38.33	31.4	95.52	68.15	56.72	64.12	60.3	63.66	39.96	86.15	34.53	102.53	74.33	17.8	44.1	90.01	43.27	59.36	75.58	26.31	90.14	53.85	34.66	73.26	88.26
17	51.0	52.5	57.72	34.66	59.3	40.2	65.28	30.02	22.63	77.62	54.15	14.0	22.85	39.32	25.32	80.72	60.88	0.0	80.26	21.93	74.41	21.59	10.0	77.62	55.61	58.52	31.62	53.71	56.57	36.35	11.7	86.84	19.65	21.02	62.82	43.83	26.02	26.57	42.54	65.12	45.18	41.34	34.01	40.82	70.38	15.26	56.09	66.94	75.8	35.17	16.1	51.0
18	69.29	60.08	56.52	79.88	48.05	53.54	47.17	55.87	77.83	61.29	39.92	68.6	86.28	46.86	57.49	24.21	56.92	80.26	0.0	63.57	15.26	89.11	75.64	21.84	25.96	25.24	49.82	91.35	29.02	100.12	91.79	9.22	67.94	63.78	27.2	36.67	95.46	62.1	119.1	37.22	65.12	91.2	90.6	90.2	14.56	94.05	81.22	57.14	4.47	78.31	82.04	69.29
19	56.85	54.56	58.01	47.43	56.36	39.2	61.74	28.32	36.67	77.18	47.76	20.62	41.0	33.54	22.63	60.21	39.46	21.93	63.57	0.0	55.23	41.19	13.45	66.0	37.7	46.0	23.26	42.45	36.89	56.14	31.24	68.88	26.93	24.19	52.24	27.46	46.69	5.0	64.41	58.24	25.5	34.44	51.24	33.54	56.44	37.12	40.31	66.57	59.14	22.8	33.95	56.85
20	73.82	65.28	63.0	80.62	55.08	55.36	55.73	54.59	76.32	71.57	45.04	64.54	84.31	47.17	54.64	11.18	42.2	74.41	15.26	55.23	0.0	86.61	68.24	34.67	19.21	29.02	46.87	78.0	18.36	99.13	85.43	15.03	65.46	61.03	34.37	31.24	93.01	52.77	115.43	45.89	52.15	79.25	90.35	78.26	23.77	89.11	67.27	65.62	13.45	66.71	79.11	73.82
21	40.11	45.28	51.48	19.42	56.04	38.91	61.85	33.3	12.08	70.01	55.01	22.85	4.0	42.8	32.02	94.67	80.62	21.59	89.11	41.19	86.61	0.0	31.4	81.12	67.42	64.66	39.82	75.03	70.33	15.0	23.35	96.94	21.26	25.61	66.57	55.47	6.4	46.17	30.53	65.0	66.01	62.17	13.45	61.74	76.84	15.26	77.67	60.21	84.85	56.75	7.7	40.11
22	56.4	56.36	60.93	42.44	61.13	42.38	66.94	31.32	30.53	80.78	54.33	17.2	32.28	39.32	25.71	73.59	51.24	10.0	75.64	13.45	68.24	31.4	0.0	75.66	50.12	55.9	30.0	44.78	50.0	46.27	17.8	81.49	24.21	23.71	61.2	39.0	36.01	17.49	51.48	65.28	35.23	33.3	43.32	32.65	67.19	24.35	46.32	70.01	71.18	25.63	25.26	56.4
23	53.25	43.83	38.95	68.01	30.53	42.44	27.86	48.85	69.12	40.0	26.4	64.2	77.7	39.0	52.5	45.18	71.56	77.62	21.84	66.0	34.67	81.12	75.66	0.0	34.01	20.0	46.1	101.24	40.31	89.64	89.29	30.27	61.33	57.94	14.87	39.32	87.13	66.19	111.65	18.87	75.27	98.15	79.51	97.16	12.21	89.32	92.85	37.36	21.47	85.16	75.04	53.25
24	58.01	50.36	49.48	62.3	42.72	38.21	45.18	35.85	57.31	62.27	31.62	45.34	65.19	29.43	35.51	27.86	38.29	55.61	25.96	37.7	19.21	67.42	50.12	34.01	0.0	17.8	27.78	67.68	7.21	80.13	66.85	31.38	46.32	41.88	25.5	12.04	73.82	36.14	96.26	36.62	41.48	66.01	71.59	65.01	22.14	70.09	58.87	54.23	21.59	53.0	59.91	58.01
25	45.12	36.35	34.01	54.64	26.31	28.3	27.86	31.4	53.08	44.72	16.03	45.62	61.62	21.93	34.0	40.01	55.87	58.52	25.24	46.0	29.02	64.66	55.9	20.0	17.8	0.0	26.93	82.28	25.0	75.07	70.23	34.0	43.83	39.96	7.81	19.65	70.94	46.27	95.0	18.87	56.8	78.45	65.44	77.47	12.21	71.12	74.71	37.36	21.47	65.51	57.92	45.12
26	37.16	32.8	35.38	35.51	33.12	17.2	38.48	9.0	29.53	54.08	24.74	18.87	37.44	10.3	7.81	55.46	51.24	31.62	49.82	23.26	46.87	39.82	30.0	46.1	27.78	26.93	0.0	65.0	31.62	52.35	43.32	57.28	18.6	14.21	31.4	16.16	46.23	25.81	69.35	35.51	43.6	57.7	44.01	56.8	38.91	44.42	60.88	43.6	45.45	45.79	32.46	37.16
27	99.09	97.0	100.26	87.13	97.91	81.57	102.93	70.77	75.29	119.04	88.32	60.8	76.56	75.21	65.07	76.79	38.33	53.71	91.35	42.45	78.0	75.03	44.78	101.24	67.68	82.28	65.0	0.0	62.65	89.19	54.13	93.01	67.8	65.95	89.69	62.77	78.45	39.2	86.01	97.95	26.31	14.0	87.73	14.04	89.74	63.56	12.53	108.6	87.57	19.85	69.75	99.09
28	64.2	56.89	56.32	66.94	49.77	44.0	52.35	40.26	60.93	69.46	38.63	47.71	68.43	35.01	39.0	24.41	31.4	56.57	29.02	36.89	18.36	70.33	50.0	40.31	7.21	25.0	31.62	62.65	0.0	83.67	67.36	32.57	49.66	45.19	32.65	15.52	76.66	34.44	98.23	43.83	36.35	62.2	75.61	61.2	28.18	71.51	53.16	61.33	25.02	49.37	62.68	64.2
29	41.76	49.24	55.54	21.95	61.77	47.42	67.08	44.65	22.83	71.81	63.25	37.11	15.52	53.26	44.72	107.78	95.52	36.35	100.12	56.14	99.13	15.0	46.27	89.64	80.13	75.07	52.35	89.19	83.67	0.0	35.78	108.41	34.01	38.48	75.74	68.43	10.77	61.13	26.02	72.11	81.01	75.96	10.3	75.61	87.0	26.42	92.4	63.25	96.05	71.39	22.28	41.76
30	59.46	62.17	67.74	40.82	70.03	51.0	76.03	41.3	29.55	87.48	65.49	25.32	26.25	50.8	36.88	91.22	68.15	11.7	91.79	31.24	85.43	23.35	17.8	89.29	66.85	70.23	43.32	54.13	67.36	35.78	0.0	98.18	30.02	32.14	74.46	55.23	25.06	35.23	34.48	76.42	51.24	40.52	36.8	40.26	82.08	9.49	59.0	76.94	87.32	38.05	21.5	59.46
31	78.43	69.26	65.73	88.51	57.27	62.27	56.32	63.89	85.91	70.11	49.04	75.82	94.26	55.22	65.05	19.72	56.72	86.84	9.22	68.88	15.03	96.94	81.49	30.27	31.38	34.0	57.28	93.01	32.57	108.41	98.18	0.0	75.69	71.42	36.4	43.01	103.32	66.85	126.62	46.39	67.19	94.2	99.05	93.21	23.77	101.04	82.15	66.27	12.53	81.58	89.71	78.43
32	32.2	32.89	38.08	20.62	40.01	21.02	46.01	12.53	11.4	57.97	36.14	7.07	18.87	22.36	10.82	73.82	64.12	19.65	67.94	26.93	65.46	21.26	24.21	61.33	46.32	43.83	18.6	67.8	49.66	34.01	30.02	75.69	0.0	4.47	46.52	34.48	27.66	31.62	51.22	46.87	52.2	57.28	26.48	56.57	56.04	28.16	67.08	47.3	63.66	48.01	14.12	32.2
33	33.24	32.65	37.34	24.19	38.33	19.24	44.28	9.22	15.81	57.25	33.38	7.07	23.32	18.97	6.4	69.35	60.3	21.02	63.78	24.19	61.03	25.61	23.71	57.94	41.88	39.96	14.21	65.95	45.19	38.48	32.14	71.42	4.47	0.0	43.08	30.02	32.02	28.64	55.32	44.28	49.04	56.08	30.81	55.32	52.15	31.38	64.5	46.49	59.46	46.1	18.29	33.24
34	42.15	32.89	29.43	54.49	21.1	28.32	21.38	34.01	54.64	37.7	13.04	49.34	63.25	24.17	37.64	45.54	63.66	62.82	27.2	52.24	34.37	66.57	61.2	14.87	25.5	7.81	31.4	89.69	32.65	75.74	74.46	36.4	46.52	43.08	0.0	26.93	72.67	52.95	97.1	11.7	64.41	85.38	65.76	84.4	12.65	74.46	82.37	31.26	24.33	72.53	60.32	42.15
35	49.82	43.32	43.83	51.42	38.6	29.27	42.45	24.74	45.62	59.55	27.66	33.3	53.34	20.22	23.71	39.36	39.96	43.83	36.67	27.46	31.24	55.47	39.0	39.32	12.04	19.65	16.16	62.77	15.52	68.43	55.23	43.01	34.48	30.02	26.93	0.0	61.85	27.0	84.22	35.81	37.74	58.86	60.17	57.87	29.07	58.14	55.76	50.22	32.2	45.89	47.92	49.82
36	44.05	50.01	56.29	23.02	61.35	44.78	67.05	39.62	18.03	74.24	60.9	29.07	9.43	49.04	38.42	101.02	86.15	26.02	95.46	46.69	93.01	6.4	36.01	87.13	73.82	70.94	46.23	78.45	76.66	10.77	25.06	103.32	27.66	32.02	72.67	61.85	0.0	51.62	24.6	70.68	71.06	65.19	13.93	64.85	83.1	15.81	81.88	64.78	91.22	60.83	13.98	44.05
37	60.8	57.98	61.07	52.2	58.83	42.45	64.01	31.89	41.59	79.88	49.66	25.5	46.0	36.06	26.4	57.01	34.53	26.57	62.1	5.0	52.77	46.17	17.49	66.19	36.14	46.27	25.81	39.2	34.44	61.13	35.23	66.85	31.62	28.64	52.95	27.0	51.62	0.0	68.88	59.81	20.62	32.57	56.22	31.62	56.04	41.63	36.06	69.4	57.72	20.12	38.94	60.8
38	67.27	74.04	80.36	46.57	85.8	69.35	91.42	63.6	42.54	97.49	85.48	50.93	34.0	73.24	61.62	122.61	102.53	42.54	119.1	64.41	115.43	30.53	51.48	111.65	96.26	95.0	69.35	86.01	98.23	26.02	34.48	126.62	51.22	55.32	97.1	84.22	24.6	68.88	0.0	95.27	85.73	72.01	35.51	72.0	107.2	27.29	92.54	88.53	114.77	72.01	37.11	67.27
39	34.41	25.0	20.12	50.22	11.66	26.25	10.0	35.13	52.92	26.0	11.0	51.16	61.33	26.02	40.0	57.07	74.33	65.12	37.22	58.24	45.89	65.0	65.28	18.87	36.62	18.87	35.51	97.95	43.83	72.11	76.42	46.39	46.87	44.28	11.7	35.81	70.68	59.81	95.27	0.0	73.5	92.36	61.85	91.42	23.0	74.95	91.53	20.0	35.0	79.85	59.69	34.41
40	80.26	76.4	78.64	72.8	75.01	60.8	79.51	51.11	62.17	96.26	64.66	46.1	66.19	53.15	46.07	52.2	17.8	45.18	65.12	25.5	52.15	66.01	35.23	75.27	41.48	56.8	43.6	26.31	36.35	81.01	51.24	67.19	52.2	49.04	64.41	37.74	71.06	20.62	85.73	73.5	0.0	27.86	76.66	26.93	63.6	59.23	18.03	86.27	61.29	17.03	59.07	80.26
41	89.27	88.23	92.11	75.6	90.79	73.25	96.18	62.13	63.6	111.51	82.08	50.21	64.01	67.98	56.3	80.01	44.1	41.34	91.2	34.44	79.25	62.17	33.3	98.15	66.01	78.45	57.7	14.0	62.2	75.96	40.52	94.2	57.28	56.08	85.38	58.86	65.19	32.57	72.01	92.36	27.86	0.0	75.18	1.0	87.37	50.0	22.83	100.85	87.09	13.04	57.43	89.27
42	31.78	39.0	45.31	11.66	51.48	37.48	56.8	35.78	15.13	61.98	53.15	31.0	11.18	43.83	36.69	99.4	90.01	34.01	90.6	51.24	90.35	13.45	43.32	79.51	71.59	65.44	44.01	87.73	75.61	10.3	36.8	99.05	26.48	30.81	65.76	60.17	13.93	56.22	35.51	61.85	76.66	75.18	0.0	74.71	77.23	28.43	89.56	53.16	86.61	68.95	18.07	31.78
43	88.53	87.42	91.27	75.0	89.89	72.4	95.27	61.29	63.01	110.64	81.15	49.5	63.53	67.08	55.47	79.06	43.27	40.82	90.2	33.54	78.26	61.74	32.65	97.16	65.01	77.47	56.8	14.04	61.2	75.61	40.26	93.21	56.57	55.32	84.4	57.87	64.85	31.62	72.0	91.42	26.93	1.0	74.71	0.0	86.37	49.73	22.36	99.98	86.09	12.04	56.92	88.53
44	54.78	45.54	41.98	66.22	33.54	39.82	33.0	43.6	65.19	48.05	25.5	57.71	73.76	34.06	46.14	34.79	59.36	70.38	14.56	56.44	23.77	76.84	67.19	12.21	22.14	12.21	38.91	89.74	28.18	87.0	82.08	23.77	56.04	52.15	12.65	29.07	83.1	56.04	107.2	23.0	63.6	87.37	77.23	86.37	0.0	83.24	80.99	43.0	12.0	74.33	70.12	54.78
45	54.13	58.08	64.01	34.18	67.36	48.84	73.33	40.5	24.19	83.29	64.29	25.55	18.79	50.33	37.12	95.78	75.58	15.26	94.05	37.12	89.11	15.26	24.35	89.32	70.09	71.12	44.42	63.56	71.51	26.42	9.49	101.04	28.16	31.38	74.46	58.14	15.81	41.63	27.29	74.95	59.23	50.0	28.43	49.73	83.24	0.0	68.07	73.06	89.63	47.01	16.09	54.13
46	96.83	93.61	96.18	87.32	92.85	77.99	97.45	67.8	75.96	114.11	82.62	60.42	78.59	70.71	62.43	65.19	26.31	56.09	81.22	40.31	67.27	77.67	46.32	92.85	58.87	74.71	60.88	12.53	53.16	92.4	59.0	82.15	67.08	64.5	82.37	55.76	81.88	36.06	92.54	91.53	18.03	22.83	89.56	22.36	80.99	68.07	0.0	104.0	77.67	21.1	71.52	96.83
47	21.54	15.0	9.22	41.98	11.66	27.73	10.0	38.91	49.0	10.77	22.83	53.45	56.22	33.42	44.72	76.79	90.14	66.94	57.14	66.57	65.62	60.21	70.01	37.36	54.23	37.36	43.6	108.6	61.33	63.25	76.94	66.27	47.3	46.49	31.26	50.22	64.78	69.4	88.53	20.0	86.27	100.85	53.16	99.98	43.0	73.06	104.0	0.0	55.0	89.31	56.97	21.54
48	66.1	57.01	53.76	76.01	45.4	49.74	45.0	51.66	73.66	59.84	36.69	64.2	82.07	42.8	53.15	23.71	53.85	75.8	4.47	59.14	13.45	84.85	71.18	21.47	21.59	21.47	45.45	87.57	25.02	96.05	87.32	12.53	63.66	59.46	24.33	32.2	91.22	57.72	114.77	35.0	61.29	87.09	86.61	86.09	12.0	89.63	77.67	55.0	0.0	74.17	77.74	66.1
49	79.25	77.34	80.8	67.6	78.89	62.01	84.12	51.09	55.9	99.86	69.78	41.05	57.87	56.08	45.34	68.15	34.66	35.17	78.31	22.8	66.71	56.75	25.63	85.16	53.0	65.51	45.79	19.85	49.37	71.39	38.05	81.58	48.01	46.1	72.53	45.89	60.83	20.12	72.01	79.85	17.03	13.04	68.95	12.04	74.33	47.01	21.1	89.31	74.17	0.0	50.88	79.25
50	38.28	41.98	47.93	19.4	51.55	33.44	57.48	26.53	8.2	67.21	49.31	15.14	7.13	36.27	24.66	87.04	73.26	16.1	82.04	33.95	79.11	7.7	25.26	75.04	59.91	57.92	32.46	69.75	62.68	22.28	21.5	89.71	14.12	18.29	60.32	47.92	13.98	38.94	37.11	59.69	59.07	57.43	18.07	56.92	70.12	16.09	71.52	56.97	77.74	50.88	0.0	38.28
;
