vehicles
vehicle_idx, capacity, cost_per_unit_distance
1,100,3
2,100,3
3,100,3
4,100,3
5,100,3
6,100,3
depot
node_idx,x,y
0,31,73
home delivery customers
node_idx,x,y,service_time,demand
1,52,96,10,2
2,81,29,10,12
3,71,5,10,6
4,11,16,10,5
5,13,81,10,14
6,6,13,10,2
7,27,49,10,6
8,3,9,10,11
9,98,8,10,11
10,6,25,10,11
11,96,88,10,17
12,2,35,10,22
13,9,11,10,23
14,96,16,10,5
15,33,31,10,18
16,6,59,10,12
self pickup customers
node_idx,x,y,service_time,demand,locker_idxs
17,6,56,10,17,51-47
18,48,50,10,8,47
19,91,17,10,14,49
20,56,37,10,22,52-48
21,66,80,10,17,45
22,36,17,10,15,46
23,64,30,10,24,48-50
24,87,5,10,10,49
25,75,61,10,20,50
26,40,72,10,6,47
27,1,44,10,21,51
28,28,43,10,24,47-49
29,1,100,10,16,45
30,32,94,10,17,45
flexible customers
node_idx,x,y,service_time,demand,locker_idxs
31,11,67,10,19,51-47
32,97,62,10,20,48-52
33,49,68,10,2,52-50-47
34,85,29,10,8,48
35,74,98,10,7,48-45
36,96,55,10,23,52-48
37,32,23,10,21,46
38,60,95,10,10,45
39,15,33,10,13,49-46
40,46,53,10,21,47-49-50-52
41,53,46,10,8,49-47-50-48-52
42,7,81,10,22,51-45
43,95,94,10,8,45
44,90,68,10,3,48-52
lockers
node_idx,x,y,service_time,capacity,cost_per_unit_good
45,65,88,10,96
46,25,15,10,86
47,29,58,10,71
48,74,53,10,77
49,36,33,10,74
50,61,54,10,86
51,17,60,10,75
52,71,58,10,86
mrt lines
start_node_idx,end_node_idx,freight_capacity,cost_per_unit_good
45,46,96,0.1
46,45,96,0.1
distance matrix
,0,1,2,3,4,5,6,7,8,9,10,11,12,13,14,15,16,17,18,19,20,21,22,23,24,25,26,27,28,29,30,31,32,33,34,35,36,37,38,39,40,41,42,43,44,45,46,47,48,49,50,51,52,
0,0.0,31.14,66.6,78.89,60.41,19.7,65.0,24.33,69.86,93.35,54.12,66.71,47.8,65.79,86.45,42.05,28.65,30.23,28.6,82.07,43.83,35.69,56.22,54.2,88.09,45.61,9.06,41.73,30.15,40.36,21.02,20.88,66.91,18.68,69.66,49.74,67.45,50.01,36.4,43.08,25.0,34.83,25.3,67.36,59.21,37.16,58.31,15.13,47.42,40.31,35.51,19.1,42.72
1,31.14,0.0,73.01,92.96,89.89,41.79,94.89,53.24,99.85,99.3,84.6,44.72,78.87,95.26,91.3,67.72,59.03,60.96,46.17,88.1,59.14,21.26,80.6,67.08,97.5,41.88,26.83,72.84,58.18,51.16,20.1,50.22,56.4,28.16,74.69,22.09,60.14,75.69,8.06,73.06,43.42,50.01,47.43,43.05,47.2,15.26,85.38,44.42,48.3,65.0,42.95,50.21,42.49
2,66.6,73.01,0.0,26.0,71.2,85.6,76.69,57.58,80.52,27.02,75.11,60.88,79.23,74.22,19.85,48.04,80.78,79.71,39.12,15.62,26.25,53.16,46.57,17.03,24.74,32.56,59.41,81.39,54.82,106.96,81.4,79.65,36.67,50.45,4.0,69.35,30.02,49.37,69.26,66.12,42.44,32.76,90.44,66.49,40.02,61.13,57.72,59.54,25.0,45.18,32.02,71.11,30.68
3,78.89,92.96,26.0,0.0,61.0,95.6,65.49,62.23,68.12,27.17,68.01,86.68,75.24,62.29,27.31,46.04,84.5,82.62,50.54,23.32,35.34,75.17,37.0,25.96,16.0,56.14,73.82,80.13,57.38,118.0,97.17,86.28,62.65,66.73,27.78,93.05,55.9,42.95,90.67,62.61,54.12,44.78,99.36,92.18,65.8,83.22,47.07,67.62,48.09,44.82,50.01,77.08,53.0
4,60.41,89.89,71.2,61.0,0.0,65.03,5.83,36.67,10.63,87.37,10.3,111.4,21.02,5.39,85.0,26.63,43.29,40.31,50.25,80.01,49.66,84.39,25.02,54.82,76.79,78.24,63.06,29.73,31.91,84.59,80.78,51.0,97.53,64.4,75.13,103.41,93.52,22.14,92.96,17.46,50.93,51.61,65.12,114.63,94.58,90.0,14.04,45.69,73.06,30.23,62.8,44.41,73.24
5,19.7,41.79,85.6,95.6,65.03,0.0,68.36,34.93,72.69,112.04,56.44,83.29,47.3,70.11,105.42,53.85,23.09,25.96,46.75,100.9,61.52,53.01,68.01,72.12,106.08,65.15,28.46,38.9,40.85,22.47,23.02,14.14,86.12,38.28,88.81,63.32,86.98,61.03,49.04,48.04,43.28,53.15,6.0,83.02,78.09,52.47,67.08,28.02,67.12,53.23,55.07,21.38,62.39
6,65.0,94.89,76.69,65.49,5.83,68.36,0.0,41.68,5.0,92.14,12.0,117.15,22.36,3.61,90.05,32.45,46.0,43.0,55.97,85.09,55.46,89.94,30.27,60.44,81.39,84.05,68.1,31.4,37.2,87.14,85.07,54.23,103.35,69.81,80.6,108.85,99.32,27.86,98.18,21.93,56.57,57.43,68.01,120.34,100.4,95.43,19.1,50.54,78.89,36.06,68.6,48.27,79.06
7,24.33,53.24,57.58,62.23,36.67,34.93,41.68,0.0,46.65,81.99,31.89,79.26,28.65,42.05,76.49,18.97,23.26,22.14,21.02,71.55,31.38,49.82,33.24,41.59,74.4,49.48,26.42,26.48,6.08,57.25,45.28,24.08,71.2,29.07,61.35,67.9,69.26,26.48,56.61,20.0,19.42,26.17,37.74,81.54,65.8,54.45,34.06,9.22,47.17,18.36,34.37,14.87,44.91
8,69.86,99.85,80.52,68.12,10.63,72.69,5.0,46.65,0.0,95.01,16.28,122.02,26.02,6.32,93.26,37.2,50.09,47.1,60.88,88.36,59.94,94.92,33.96,64.51,84.1,88.81,73.06,35.06,42.2,91.02,89.81,58.55,107.91,74.81,84.4,113.85,103.75,32.2,103.17,26.83,61.52,62.2,72.11,125.26,105.12,100.42,22.8,55.47,83.53,40.8,73.41,52.89,83.82
9,93.35,99.3,27.02,27.17,87.37,112.04,92.14,81.99,95.01,0.0,93.56,80.02,99.72,89.05,8.25,68.95,105.19,103.77,65.3,11.4,51.04,78.79,62.65,40.5,11.4,57.78,86.37,103.46,78.26,133.69,108.41,105.12,54.01,77.47,24.7,93.15,47.04,67.68,94.94,86.68,68.77,58.9,116.66,86.05,60.53,86.54,73.33,85.21,51.0,66.85,59.03,96.25,56.82
10,54.12,84.6,75.11,68.01,10.3,56.44,12.0,31.89,16.28,93.56,0.0,109.86,10.77,14.32,90.45,27.66,34.0,31.0,48.88,85.38,51.42,81.39,31.05,58.22,83.43,77.83,58.01,19.65,28.43,75.17,73.74,42.3,98.23,60.81,79.1,99.76,94.87,26.08,88.41,12.04,48.83,51.48,56.01,112.61,94.37,86.31,21.47,40.22,73.54,31.05,62.18,36.69,72.9
11,66.71,44.72,60.88,86.68,111.4,83.29,117.15,79.26,122.02,80.02,109.86,0.0,107.91,116.18,72.0,84.96,94.56,95.52,61.22,71.18,64.82,31.05,92.96,66.24,83.49,34.21,58.24,104.69,81.54,95.75,64.28,87.56,26.02,51.08,60.02,24.17,33.0,91.22,36.67,97.91,61.03,60.11,89.27,6.08,20.88,31.0,101.83,73.41,41.34,81.39,48.8,83.82,39.05
12,47.8,78.87,79.23,75.24,21.02,47.3,22.36,28.65,26.02,99.72,10.77,107.91,0.0,25.0,95.9,31.26,24.33,21.38,48.38,90.8,54.04,78.24,38.47,62.2,90.14,77.49,53.04,9.06,27.2,65.01,66.19,33.24,98.76,57.43,83.22,95.67,96.1,32.31,83.45,13.15,47.54,52.17,46.27,110.14,93.98,82.33,30.48,35.47,74.22,34.06,61.98,29.15,72.73
13,65.79,95.26,74.22,62.29,5.39,70.11,3.61,42.05,6.32,89.05,14.32,116.18,25.0,0.0,87.14,31.24,48.09,45.1,55.15,82.22,53.71,89.5,27.66,58.19,78.23,82.8,68.43,33.96,37.22,89.36,86.13,56.04,101.71,69.63,78.1,108.6,97.49,25.94,98.27,22.8,55.97,56.22,70.03,119.52,99.05,95.21,16.49,51.08,77.39,34.83,67.48,49.65,77.8
14,86.45,91.3,19.85,27.31,85.0,105.42,90.05,76.49,93.26,8.25,90.45,72.0,95.9,87.14,0.0,64.76,99.74,98.49,58.82,5.1,45.18,70.68,60.01,34.93,14.21,49.66,79.2,99.04,73.16,126.81,100.9,99.13,46.01,70.09,17.03,84.9,39.0,64.38,86.82,82.76,62.2,52.43,110.21,78.01,52.35,78.39,71.01,79.08,43.05,62.36,51.66,90.43,48.88
15,42.05,67.72,48.04,46.04,26.63,53.85,32.45,18.97,37.2,68.95,27.66,84.96,31.26,31.24,64.76,0.0,38.9,36.8,24.21,59.67,23.77,59.08,14.32,31.02,59.93,51.61,41.59,34.54,13.0,76.06,63.01,42.19,71.11,40.31,52.04,78.55,67.42,8.06,69.46,18.11,25.55,25.0,56.36,88.39,67.96,65.37,17.89,27.29,46.53,3.61,36.24,33.12,46.62
16,28.65,59.03,80.78,84.5,43.29,23.09,46.0,23.26,50.09,105.19,34.0,94.56,24.33,48.09,99.74,38.9,0.0,3.0,42.95,94.81,54.63,63.57,51.61,64.85,97.35,69.03,36.4,15.81,27.2,41.3,43.6,9.43,91.05,43.93,84.5,78.39,90.09,44.41,64.9,27.51,40.45,48.76,22.02,95.63,84.48,65.74,47.93,23.02,68.26,39.7,55.23,11.05,65.01
17,30.23,60.96,79.71,82.62,40.31,25.96,43.0,22.14,47.1,103.77,31.0,95.52,21.38,45.1,98.49,36.8,3.0,0.0,42.43,93.52,53.49,64.62,49.2,63.56,95.72,69.18,37.58,13.0,25.55,44.28,46.04,12.08,91.2,44.64,83.49,79.92,90.01,42.01,66.61,24.7,40.11,48.05,25.02,96.77,84.85,67.12,45.19,23.09,68.07,37.8,55.04,11.7,65.03
18,28.6,46.17,39.12,50.54,50.25,46.75,55.97,21.02,60.88,65.3,48.88,61.22,48.38,55.15,58.82,24.21,42.95,42.43,0.0,54.2,15.26,34.99,35.11,25.61,59.55,29.15,23.41,47.38,21.19,68.62,46.82,40.72,50.45,18.03,42.54,54.59,48.26,31.38,46.57,37.12,3.61,6.4,51.4,64.38,45.69,41.63,41.88,20.62,26.17,20.81,13.6,32.57,24.35
19,82.07,88.1,15.62,23.32,80.01,100.9,85.09,71.55,88.36,11.4,85.38,71.18,90.8,82.22,5.1,59.67,94.81,93.52,54.2,0.0,40.31,67.78,55.0,29.97,12.65,46.82,75.01,93.96,68.15,122.43,97.01,94.34,45.4,66.07,13.42,82.76,38.33,59.3,83.93,77.67,57.63,47.8,105.6,77.1,51.01,75.61,66.03,74.33,39.81,57.28,47.63,85.59,45.62
20,43.83,59.14,26.25,35.34,49.66,61.52,55.46,31.38,59.94,51.04,51.42,64.82,54.04,53.71,45.18,23.77,54.63,53.49,15.26,40.31,0.0,44.15,28.28,10.63,44.55,30.61,38.48,55.44,28.64,83.63,61.85,54.08,48.02,31.78,30.08,63.6,43.86,27.78,58.14,41.19,18.87,9.49,65.86,69.07,46.01,51.79,38.01,34.21,24.08,20.4,17.72,45.28,25.81
21,35.69,21.26,53.16,75.17,84.39,53.01,89.94,49.82,94.92,78.79,81.39,31.05,78.24,89.5,70.68,59.08,63.57,64.62,34.99,67.78,44.15,0.0,69.78,50.04,77.88,21.02,27.2,74.3,53.04,68.01,36.77,56.52,35.85,20.81,54.42,19.7,39.05,66.37,16.16,69.35,33.6,36.4,59.01,32.2,26.83,8.06,76.85,43.05,28.16,55.76,26.48,52.92,22.56
22,56.22,80.6,46.57,37.0,25.02,68.01,30.27,33.24,33.96,62.65,31.05,92.96,38.47,27.66,60.01,14.32,51.61,49.2,35.11,55.0,28.28,69.78,0.0,30.87,52.39,58.8,55.15,44.2,27.2,90.08,77.1,55.9,75.8,52.63,50.45,89.47,71.02,7.21,81.61,26.4,37.36,33.62,70.26,97.01,74.28,76.69,11.18,41.59,52.35,16.0,44.65,47.01,53.91
23,54.2,67.08,17.03,25.96,54.82,72.12,60.44,41.59,64.51,40.5,58.22,66.24,62.2,58.19,34.93,31.02,64.85,63.56,25.61,29.97,10.63,50.04,30.87,0.0,33.97,32.89,48.37,64.54,38.28,94.18,71.55,64.64,45.97,40.85,21.02,68.73,40.61,32.76,65.12,49.09,29.21,19.42,76.49,71.11,46.04,58.01,41.79,44.82,25.08,28.16,24.19,55.76,28.86
24,88.09,97.5,24.74,16.0,76.79,106.08,81.39,74.4,84.1,11.4,83.43,83.49,90.14,78.23,14.21,59.93,97.35,95.72,59.55,12.65,44.55,77.88,52.39,33.97,0.0,57.27,81.84,94.43,70.18,128.14,104.62,98.08,57.87,73.57,24.08,93.9,50.8,57.87,93.96,77.25,63.13,53.26,110.34,89.36,63.07,85.87,62.8,78.57,49.73,58.18,55.47,89.02,55.36
25,45.61,41.88,32.56,56.14,78.24,65.15,84.05,49.48,88.81,57.78,77.83,34.21,77.49,82.8,49.66,51.61,69.03,69.18,29.15,46.82,30.61,21.02,58.8,32.89,57.27,0.0,36.69,75.93,50.33,83.65,54.2,64.28,22.02,26.93,33.53,37.01,21.84,57.38,37.16,66.21,30.08,26.63,70.88,38.59,16.55,28.79,67.94,46.1,8.06,48.01,15.65,58.01,5.0
26,9.06,26.83,59.41,73.82,63.06,28.46,68.1,26.42,73.06,86.37,58.01,58.24,53.04,68.43,79.2,41.59,36.4,37.58,23.41,75.01,38.48,27.2,55.15,48.37,81.84,36.69,0.0,48.01,31.38,48.01,23.41,29.43,57.87,9.85,62.24,42.8,58.52,49.65,30.48,46.32,19.92,29.07,34.21,59.24,50.16,29.68,58.94,17.8,38.95,39.2,27.66,25.94,34.01
27,41.73,72.84,81.39,80.13,29.73,38.9,31.4,26.48,35.06,103.46,19.65,104.69,9.06,33.96,99.04,34.54,15.81,13.0,47.38,93.96,55.44,74.3,44.2,64.54,94.43,75.93,48.01,0.0,27.02,56.0,58.83,25.08,97.67,53.67,85.33,90.8,95.63,37.44,77.99,17.8,45.89,52.04,37.48,106.47,92.18,77.67,37.64,31.3,73.55,36.69,60.83,22.63,71.39
28,30.15,58.18,54.82,57.38,31.91,40.85,37.2,6.08,42.2,78.26,28.43,81.54,27.2,37.22,73.16,13.0,27.2,25.55,21.19,68.15,28.64,53.04,27.2,38.28,70.18,50.33,31.38,27.02,0.0,63.07,51.16,29.41,71.57,32.65,58.69,71.7,69.05,20.4,61.06,16.4,20.59,25.18,43.42,84.2,66.85,58.26,28.16,15.03,47.07,12.81,34.79,20.25,45.54
29,40.36,51.16,106.96,118.0,84.59,22.47,87.14,57.25,91.02,133.69,75.17,95.75,65.01,89.36,126.81,76.06,41.3,44.28,68.62,122.43,83.63,68.01,90.08,94.18,128.14,83.65,48.01,56.0,63.07,0.0,31.58,34.48,103.25,57.69,109.99,73.03,105.12,83.01,59.21,68.45,65.07,74.97,19.92,94.19,94.58,65.12,88.32,50.48,86.82,75.59,75.6,43.08,81.63
30,21.02,20.1,81.4,97.17,80.78,23.02,85.07,45.28,89.81,108.41,73.74,64.28,66.19,86.13,100.9,63.01,43.6,46.04,46.82,97.01,61.85,36.77,77.1,71.55,104.62,54.2,23.41,58.83,51.16,31.58,0.0,34.21,72.45,31.06,83.87,42.19,74.95,71.0,28.02,63.32,43.32,52.39,28.18,63.0,63.56,33.54,79.31,36.12,58.69,61.13,49.41,37.16,53.08
31,20.88,50.22,79.65,86.28,51.0,14.14,54.23,24.08,58.55,105.12,42.3,87.56,33.24,56.04,99.13,42.19,9.43,12.08,40.72,94.34,54.08,56.52,55.9,64.64,98.08,64.28,29.43,25.08,29.41,34.48,34.21,0.0,86.15,38.01,83.19,70.21,85.84,48.75,56.44,34.23,37.7,46.96,14.56,88.23,79.01,57.94,53.85,20.12,64.54,42.2,51.66,9.22,60.67
32,66.91,56.4,36.67,62.65,97.53,86.12,103.35,71.2,107.91,54.01,98.23,26.02,98.76,101.71,46.01,71.11,91.05,91.2,50.45,45.4,48.02,35.85,75.8,45.97,57.87,22.02,57.87,97.67,71.57,103.25,72.45,86.15,0.0,48.37,35.11,42.72,7.07,75.8,49.58,86.98,51.79,46.82,91.98,32.06,9.22,41.23,85.98,68.12,24.7,67.54,36.88,80.02,26.31
33,18.68,28.16,50.45,66.73,64.4,38.28,69.81,29.07,74.81,77.47,60.81,51.08,57.43,69.63,70.09,40.31,43.93,44.64,18.03,66.07,31.78,20.81,52.63,40.85,73.57,26.93,9.85,53.67,32.65,57.69,31.06,38.01,48.37,0.0,53.08,39.05,48.76,48.1,29.15,48.8,15.3,22.36,43.97,52.84,41.0,25.61,58.18,22.36,29.15,37.34,18.44,32.98,24.17
34,69.66,74.69,4.0,27.78,75.13,88.81,80.6,61.35,84.4,24.7,79.1,60.02,83.22,78.1,17.03,52.04,84.5,83.49,42.54,13.42,30.08,54.42,50.45,21.02,24.08,33.53,62.24,85.33,58.69,109.99,83.87,83.19,35.11,53.08,0.0,69.87,28.23,53.34,70.58,70.11,45.79,36.24,93.74,65.76,39.32,62.3,61.61,63.06,26.4,49.16,34.66,74.73,32.2
35,49.74,22.09,69.35,93.05,103.41,63.32,108.85,67.9,113.85,93.15,99.76,24.17,95.67,108.6,84.9,78.55,78.39,79.92,54.59,82.76,63.6,19.7,89.47,68.73,93.9,37.01,42.8,90.8,71.7,73.03,42.19,70.21,42.72,39.05,69.87,0.0,48.3,85.96,14.32,87.78,53.0,56.08,69.12,21.38,34.0,13.45,96.38,60.21,45.0,75.29,45.88,68.51,40.11
36,67.45,60.14,30.02,55.9,93.52,86.98,99.32,69.26,103.75,47.04,94.87,33.0,96.1,97.49,39.0,67.42,90.09,90.01,48.26,38.33,43.86,39.05,71.02,40.61,50.8,21.84,58.52,95.63,69.05,105.12,74.95,85.84,7.07,48.76,28.23,48.3,0.0,71.55,53.81,83.93,50.04,43.93,92.72,39.01,14.32,45.28,81.49,67.07,22.09,63.91,35.01,79.16,25.18
37,50.01,75.69,49.37,42.95,22.14,61.03,27.86,26.48,32.2,67.68,26.08,91.22,32.31,25.94,64.38,8.06,44.41,42.01,31.38,59.3,27.78,66.37,7.21,32.76,57.87,57.38,49.65,37.44,20.4,83.01,71.0,48.75,75.8,48.1,53.34,85.96,71.55,0.0,77.25,19.72,33.11,31.14,63.16,94.92,73.41,72.9,10.63,35.13,51.61,10.77,42.45,39.92,52.4
38,36.4,8.06,69.26,90.67,92.96,49.04,98.18,56.61,103.17,94.94,88.41,36.67,83.45,98.27,86.82,69.46,64.9,66.61,46.57,83.93,58.14,16.16,81.61,65.12,93.96,37.16,30.48,77.99,61.06,59.21,28.02,56.44,49.58,29.15,70.58,14.32,53.81,77.25,0.0,76.61,44.27,49.5,54.82,35.01,40.36,8.6,87.32,48.27,44.27,66.48,41.01,55.44,38.6
39,43.08,73.06,66.12,62.61,17.46,48.04,21.93,20.0,26.83,86.68,12.04,97.91,13.15,22.8,82.76,18.11,27.51,24.7,37.12,77.67,41.19,69.35,26.4,49.09,77.25,66.21,46.32,17.8,16.4,68.45,63.32,34.23,86.98,48.8,70.11,87.78,83.93,19.72,76.61,0.0,36.89,40.16,48.66,100.6,82.76,74.33,20.59,28.65,62.3,21.0,50.57,27.07,61.33
40,25.0,43.42,42.44,54.12,50.93,43.28,56.57,19.42,61.52,68.77,48.83,61.03,47.54,55.97,62.2,25.55,40.45,40.11,3.61,57.63,18.87,33.6,37.36,29.21,63.13,30.08,19.92,45.89,20.59,65.07,43.32,37.7,51.79,15.3,45.79,53.0,50.04,33.11,44.27,36.89,0.0,9.9,48.01,63.89,46.49,39.82,43.42,17.72,28.0,22.36,15.03,29.83,25.5
41,34.83,50.01,32.76,44.78,51.61,53.15,57.43,26.17,62.2,58.9,51.48,60.11,52.17,56.22,52.43,25.0,48.76,48.05,6.4,47.8,9.49,36.4,33.62,19.42,53.26,26.63,29.07,52.04,25.18,74.97,52.39,46.96,46.82,22.36,36.24,56.08,43.93,31.14,49.5,40.16,9.9,0.0,57.8,63.78,43.05,43.68,41.77,26.83,22.14,21.4,11.31,38.63,21.63
42,25.3,47.43,90.44,99.36,65.12,6.0,68.01,37.74,72.11,116.66,56.01,89.27,46.27,70.03,110.21,56.36,22.02,25.02,51.4,105.6,65.86,59.01,70.26,76.49,110.34,70.88,34.21,37.48,43.42,19.92,28.18,14.56,91.98,43.97,93.74,69.12,92.72,63.16,54.82,48.66,48.01,57.8,0.0,88.96,84.01,58.42,68.41,31.83,72.62,56.08,60.37,23.26,68.01
43,67.36,43.05,66.49,92.18,114.63,83.02,120.34,81.54,125.26,86.05,112.61,6.08,110.14,119.52,78.01,88.39,95.63,96.77,64.38,77.1,69.07,32.2,97.01,71.11,89.36,38.59,59.24,106.47,84.2,94.19,63.0,88.23,32.06,52.84,65.76,21.38,39.01,94.92,35.01,100.6,63.89,63.78,88.96,0.0,26.48,30.59,105.55,75.18,46.07,84.86,52.5,85.09,43.27
44,59.21,47.2,40.02,65.8,94.58,78.09,100.4,65.8,105.12,60.53,94.37,20.88,93.98,99.05,52.35,67.96,84.48,84.85,45.69,51.01,46.01,26.83,74.28,46.04,63.07,16.55,50.16,92.18,66.85,94.58,63.56,79.01,9.22,41.0,39.32,34.0,14.32,73.41,40.36,82.76,46.49,43.05,84.01,26.48,0.0,32.02,83.87,61.81,21.93,64.35,32.2,73.44,21.47
45,37.16,15.26,61.13,83.22,90.0,52.47,95.43,54.45,100.42,86.54,86.31,31.0,82.33,95.21,78.39,65.37,65.74,67.12,41.63,75.61,51.79,8.06,76.69,58.01,85.87,28.79,29.68,77.67,58.26,65.12,33.54,57.94,41.23,25.61,62.3,13.45,45.28,72.9,8.6,74.33,39.82,43.68,58.42,30.59,32.02,0.0,83.24,46.86,36.14,62.18,34.23,55.57,30.59
46,58.31,85.38,57.72,47.07,14.04,67.08,19.1,34.06,22.8,73.33,21.47,101.83,30.48,16.49,71.01,17.89,47.93,45.19,41.88,66.03,38.01,76.85,11.18,41.79,62.8,67.94,58.94,37.64,28.16,88.32,79.31,53.85,85.98,58.18,61.61,96.38,81.49,10.63,87.32,20.59,43.42,41.77,68.41,105.55,83.87,83.24,0.0,43.19,62.01,21.1,53.08,45.71,62.97
47,15.13,44.42,59.54,67.62,45.69,28.02,50.54,9.22,55.47,85.21,40.22,73.41,35.47,51.08,79.08,27.29,23.02,23.09,20.62,74.33,34.21,43.05,41.59,44.82,78.57,46.1,17.8,31.3,15.03,50.48,36.12,20.12,68.12,22.36,63.06,60.21,67.07,35.13,48.27,28.65,17.72,26.83,31.83,75.18,61.81,46.86,43.19,0.0,45.28,25.96,32.25,12.17,42.0
48,47.42,48.3,25.0,48.09,73.06,67.12,78.89,47.17,83.53,51.0,73.54,41.34,74.22,77.39,43.05,46.53,68.26,68.07,26.17,39.81,24.08,28.16,52.35,25.08,49.73,8.06,38.95,73.55,47.07,86.82,58.69,64.54,24.7,29.15,26.4,45.0,22.09,51.61,44.27,62.3,28.0,22.14,72.62,46.07,21.93,36.14,62.01,45.28,0.0,42.94,13.04,57.43,5.83
49,40.31,65.0,45.18,44.82,30.23,53.23,36.06,18.36,40.8,66.85,31.05,81.39,34.06,34.83,62.36,3.61,39.7,37.8,20.81,57.28,20.4,55.76,16.0,28.16,58.18,48.01,39.2,36.69,12.81,75.59,61.13,42.2,67.54,37.34,49.16,75.29,63.91,10.77,66.48,21.0,22.36,21.4,56.08,84.86,64.35,62.18,21.1,25.96,42.94,0.0,32.65,33.02,43.01
50,35.51,42.95,32.02,50.01,62.8,55.07,68.6,34.37,73.41,59.03,62.18,48.8,61.98,67.48,51.66,36.24,55.23,55.04,13.6,47.63,17.72,26.48,44.65,24.19,55.47,15.65,27.66,60.83,34.79,75.6,49.41,51.66,36.88,18.44,34.66,45.88,35.01,42.45,41.01,50.57,15.03,11.31,60.37,52.5,32.2,34.23,53.08,32.25,13.04,32.65,0.0,44.41,10.77
51,19.1,50.21,71.11,77.08,44.41,21.38,48.27,14.87,52.89,96.25,36.69,83.82,29.15,49.65,90.43,33.12,11.05,11.7,32.57,85.59,45.28,52.92,47.01,55.76,89.02,58.01,25.94,22.63,20.25,43.08,37.16,9.22,80.02,32.98,74.73,68.51,79.16,39.92,55.44,27.07,29.83,38.63,23.26,85.09,73.44,55.57,45.71,12.17,57.43,33.02,44.41,0.0,54.04
52,42.72,42.49,30.68,53.0,73.24,62.39,79.06,44.91,83.82,56.82,72.9,39.05,72.73,77.8,48.88,46.62,65.01,65.03,24.35,45.62,25.81,22.56,53.91,28.86,55.36,5.0,34.01,71.39,45.54,81.63,53.08,60.67,26.31,24.17,32.2,40.11,25.18,52.4,38.6,61.33,25.5,21.63,68.01,43.27,21.47,30.59,62.97,42.0,5.83,43.01,10.77,54.04,0.0
