set K:= 1	2	3	4	5	6	7;
set C_H:= 1	2	3	4	5	6	7	8	9	10	11	12	13	14	15;
set C_S:= 16	17	18	19	20	21	22	23	24	25	26	27	28	29	30;
set C_F:= 31	32	33	34	35	36	37	38	39	40	41	42	43	44	45;
set M:= 46	47	48	49;
set L_B:= 50	51	52	53	54	55	56;
set A1:=
(0,*) 1 2 3 4 5 6 7 8 9 10 11 12 13 14 15 31 32 33 34 35 36 37 38 39 40 41 42 43 44 45 46 47 48 49 50 51 52 53 54 55 56
(1,*) 0 2 3 4 5 6 7 8 9 10 11 12 13 14 15 31 32 33 34 35 36 37 38 39 40 41 42 43 44 45 46 47 48 49 50 51 52 53 54 55 56
(2,*) 0 1 3 4 5 6 7 8 9 10 11 12 13 14 15 31 32 33 34 35 36 37 38 39 40 41 42 43 44 45 46 47 48 49 50 51 52 53 54 55 56
(3,*) 0 1 2 4 5 6 7 8 9 10 11 12 13 14 15 31 32 33 34 35 36 37 38 39 40 41 42 43 44 45 46 47 48 49 50 51 52 53 54 55 56
(4,*) 0 1 2 3 5 6 7 8 9 10 11 12 13 14 15 31 32 33 34 35 36 37 38 39 40 41 42 43 44 45 46 47 48 49 50 51 52 53 54 55 56
(5,*) 0 1 2 3 4 6 7 8 9 10 11 12 13 14 15 31 32 33 34 35 36 37 38 39 40 41 42 43 44 45 46 47 48 49 50 51 52 53 54 55 56
(6,*) 0 1 2 3 4 5 7 8 9 10 11 12 13 14 15 31 32 33 34 35 36 37 38 39 40 41 42 43 44 45 46 47 48 49 50 51 52 53 54 55 56
(7,*) 0 1 2 3 4 5 6 8 9 10 11 12 13 14 15 31 32 33 34 35 36 37 38 39 40 41 42 43 44 45 46 47 48 49 50 51 52 53 54 55 56
(8,*) 0 1 2 3 4 5 6 7 9 10 11 12 13 14 15 31 32 33 34 35 36 37 38 39 40 41 42 43 44 45 46 47 48 49 50 51 52 53 54 55 56
(9,*) 0 1 2 3 4 5 6 7 8 10 11 12 13 14 15 31 32 33 34 35 36 37 38 39 40 41 42 43 44 45 46 47 48 49 50 51 52 53 54 55 56
(10,*) 0 1 2 3 4 5 6 7 8 9 11 12 13 14 15 31 32 33 34 35 36 37 38 39 40 41 42 43 44 45 46 47 48 49 50 51 52 53 54 55 56
(11,*) 0 1 2 3 4 5 6 7 8 9 10 12 13 14 15 31 32 33 34 35 36 37 38 39 40 41 42 43 44 45 46 47 48 49 50 51 52 53 54 55 56
(12,*) 0 1 2 3 4 5 6 7 8 9 10 11 13 14 15 31 32 33 34 35 36 37 38 39 40 41 42 43 44 45 46 47 48 49 50 51 52 53 54 55 56
(13,*) 0 1 2 3 4 5 6 7 8 9 10 11 12 14 15 31 32 33 34 35 36 37 38 39 40 41 42 43 44 45 46 47 48 49 50 51 52 53 54 55 56
(14,*) 0 1 2 3 4 5 6 7 8 9 10 11 12 13 15 31 32 33 34 35 36 37 38 39 40 41 42 43 44 45 46 47 48 49 50 51 52 53 54 55 56
(15,*) 0 1 2 3 4 5 6 7 8 9 10 11 12 13 14 31 32 33 34 35 36 37 38 39 40 41 42 43 44 45 46 47 48 49 50 51 52 53 54 55 56
(31,*) 0 1 2 3 4 5 6 7 8 9 10 11 12 13 14 15 32 33 34 35 36 37 38 39 40 41 42 43 44 45 46 47 48 49 50 51 52 53 54 55 56
(32,*) 0 1 2 3 4 5 6 7 8 9 10 11 12 13 14 15 31 33 34 35 36 37 38 39 40 41 42 43 44 45 46 47 48 49 50 51 52 53 54 55 56
(33,*) 0 1 2 3 4 5 6 7 8 9 10 11 12 13 14 15 31 32 34 35 36 37 38 39 40 41 42 43 44 45 46 47 48 49 50 51 52 53 54 55 56
(34,*) 0 1 2 3 4 5 6 7 8 9 10 11 12 13 14 15 31 32 33 35 36 37 38 39 40 41 42 43 44 45 46 47 48 49 50 51 52 53 54 55 56
(35,*) 0 1 2 3 4 5 6 7 8 9 10 11 12 13 14 15 31 32 33 34 36 37 38 39 40 41 42 43 44 45 46 47 48 49 50 51 52 53 54 55 56
(36,*) 0 1 2 3 4 5 6 7 8 9 10 11 12 13 14 15 31 32 33 34 35 37 38 39 40 41 42 43 44 45 46 47 48 49 50 51 52 53 54 55 56
(37,*) 0 1 2 3 4 5 6 7 8 9 10 11 12 13 14 15 31 32 33 34 35 36 38 39 40 41 42 43 44 45 46 47 48 49 50 51 52 53 54 55 56
(38,*) 0 1 2 3 4 5 6 7 8 9 10 11 12 13 14 15 31 32 33 34 35 36 37 39 40 41 42 43 44 45 46 47 48 49 50 51 52 53 54 55 56
(39,*) 0 1 2 3 4 5 6 7 8 9 10 11 12 13 14 15 31 32 33 34 35 36 37 38 40 41 42 43 44 45 46 47 48 49 50 51 52 53 54 55 56
(40,*) 0 1 2 3 4 5 6 7 8 9 10 11 12 13 14 15 31 32 33 34 35 36 37 38 39 41 42 43 44 45 46 47 48 49 50 51 52 53 54 55 56
(41,*) 0 1 2 3 4 5 6 7 8 9 10 11 12 13 14 15 31 32 33 34 35 36 37 38 39 40 42 43 44 45 46 47 48 49 50 51 52 53 54 55 56
(42,*) 0 1 2 3 4 5 6 7 8 9 10 11 12 13 14 15 31 32 33 34 35 36 37 38 39 40 41 43 44 45 46 47 48 49 50 51 52 53 54 55 56
(43,*) 0 1 2 3 4 5 6 7 8 9 10 11 12 13 14 15 31 32 33 34 35 36 37 38 39 40 41 42 44 45 46 47 48 49 50 51 52 53 54 55 56
(44,*) 0 1 2 3 4 5 6 7 8 9 10 11 12 13 14 15 31 32 33 34 35 36 37 38 39 40 41 42 43 45 46 47 48 49 50 51 52 53 54 55 56
(45,*) 0 1 2 3 4 5 6 7 8 9 10 11 12 13 14 15 31 32 33 34 35 36 37 38 39 40 41 42 43 44 46 47 48 49 50 51 52 53 54 55 56
(46,*) 0 1 2 3 4 5 6 7 8 9 10 11 12 13 14 15 31 32 33 34 35 36 37 38 39 40 41 42 43 44 45 47 48 49 50 51 52 53 54 55 56
(47,*) 0 1 2 3 4 5 6 7 8 9 10 11 12 13 14 15 31 32 33 34 35 36 37 38 39 40 41 42 43 44 45 46 48 49 50 51 52 53 54 55 56
(48,*) 0 1 2 3 4 5 6 7 8 9 10 11 12 13 14 15 31 32 33 34 35 36 37 38 39 40 41 42 43 44 45 46 47 49 50 51 52 53 54 55 56
(49,*) 0 1 2 3 4 5 6 7 8 9 10 11 12 13 14 15 31 32 33 34 35 36 37 38 39 40 41 42 43 44 45 46 47 48 50 51 52 53 54 55 56
(50,*) 0 1 2 3 4 5 6 7 8 9 10 11 12 13 14 15 31 32 33 34 35 36 37 38 39 40 41 42 43 44 45 46 47 48 49 51 52 53 54 55 56
(51,*) 0 1 2 3 4 5 6 7 8 9 10 11 12 13 14 15 31 32 33 34 35 36 37 38 39 40 41 42 43 44 45 46 47 48 49 50 52 53 54 55 56
(52,*) 0 1 2 3 4 5 6 7 8 9 10 11 12 13 14 15 31 32 33 34 35 36 37 38 39 40 41 42 43 44 45 46 47 48 49 50 51 53 54 55 56
(53,*) 0 1 2 3 4 5 6 7 8 9 10 11 12 13 14 15 31 32 33 34 35 36 37 38 39 40 41 42 43 44 45 46 47 48 49 50 51 52 54 55 56
(54,*) 0 1 2 3 4 5 6 7 8 9 10 11 12 13 14 15 31 32 33 34 35 36 37 38 39 40 41 42 43 44 45 46 47 48 49 50 51 52 53 55 56
(55,*) 0 1 2 3 4 5 6 7 8 9 10 11 12 13 14 15 31 32 33 34 35 36 37 38 39 40 41 42 43 44 45 46 47 48 49 50 51 52 53 54 56
(56,*) 0 1 2 3 4 5 6 7 8 9 10 11 12 13 14 15 31 32 33 34 35 36 37 38 39 40 41 42 43 44 45 46 47 48 49 50 51 52 53 54 55
;
set A2:=
(46,*) 47
(47,*) 46
(48,*) 49
(49,*) 48
;
param BigM:=99999;
param n:= 7;
param d:=
1	12
2	26
3	1
4	15
5	7
6	10
7	12
8	6
9	22
10	20
11	3
12	23
13	1
14	22
15	21
16	20
17	2
18	20
19	10
20	12
21	23
22	19
23	19
24	10
25	4
26	20
27	15
28	3
29	13
30	20
31	13
32	7
33	24
34	13
35	9
36	9
37	18
38	24
39	13
40	12
41	7
42	18
43	17
44	6
45	2
;
param Q:=100;
param w:=
[46,*] 47 0.5
[47,*] 46 0.5
[48,*] 49 0.5
[49,*] 48 0.5
;
param V:=
[46,*] 47 89
[47,*] 46 89
[48,*] 49 98
[49,*] 48 98
;
param e:
	46	47	48	49	50	51	52	53	54	55	56:=
16	1	0	0	0	0	1	0	0	0	1	0	
17	0	0	0	1	1	0	1	0	1	0	1	
18	0	0	0	1	0	0	1	0	0	0	1	
19	1	0	1	0	0	0	1	0	0	0	0	
20	1	0	0	0	0	1	0	0	0	0	0	
21	0	1	1	0	0	0	0	0	0	0	1	
22	0	1	1	0	0	0	0	0	1	0	0	
23	0	1	0	0	0	0	0	0	1	0	0	
24	0	1	1	0	0	0	1	0	0	0	0	
25	0	1	1	0	0	0	1	0	0	0	0	
26	0	1	0	0	0	0	1	0	0	0	0	
27	1	0	0	0	0	1	0	0	0	0	0	
28	0	1	0	0	1	0	0	0	1	0	1	
29	0	1	1	0	0	0	0	0	0	0	1	
30	1	0	0	0	0	1	0	0	0	0	0	
31	1	0	1	0	0	1	0	1	0	0	0	
32	0	1	0	1	1	0	1	0	1	0	1	
33	0	1	0	1	1	0	1	0	1	0	1	
34	0	1	0	1	0	0	0	0	0	0	1	
35	0	1	0	1	0	1	0	0	0	0	0	
36	0	1	1	0	0	0	0	0	1	0	0	
37	1	0	1	0	0	1	0	1	0	0	0	
38	1	0	0	0	0	1	0	1	0	0	0	
39	0	1	1	0	0	0	0	0	1	0	0	
40	1	0	0	1	1	0	1	1	0	0	0	
41	0	1	1	0	0	0	0	0	1	0	0	
42	0	1	0	1	0	0	0	1	0	0	0	
43	1	0	0	1	1	0	1	0	1	0	1	
44	0	1	1	0	0	0	0	0	1	0	0	
45	1	0	1	0	0	1	0	0	0	0	0	
;
param p:=
1	3
2	3
3	3
4	3
5	3
6	3
7	3
;
param G:=
46	89
47	76
48	74
49	98
50	93
51	97
52	77
53	87
54	93
55	86
56	87
;
param s:=
0	0
1	10
2	10
3	10
4	10
5	10
6	10
7	10
8	10
9	10
10	10
11	10
12	10
13	10
14	10
15	10
31	10
32	10
33	10
34	10
35	10
36	10
37	10
38	10
39	10
40	10
41	10
42	10
43	10
44	10
45	10
46	10
47	10
48	10
49	10
50	10
51	10
52	10
53	10
54	10
55	10
56	10
;
param t:
	0	1	2	3	4	5	6	7	8	9	10	11	12	13	14	15	16	17	18	19	20	21	22	23	24	25	26	27	28	29	30	31	32	33	34	35	36	37	38	39	40	41	42	43	44	45	46	47	48	49	50	51	52	53	54	55	56:=
0	0.0	70.88	54.04	38.42	56.64	38.21	31.24	34.53	52.84	39.7	73.59	21.26	54.59	16.12	58.86	73.54	30.59	24.08	46.69	8.25	16.97	52.95	26.08	68.12	63.56	19.8	63.78	32.98	48.04	79.62	21.26	20.59	40.05	53.67	66.12	90.0	46.65	6.32	25.61	66.03	28.84	75.18	69.86	38.21	52.8	22.8	46.62	62.43	34.48	64.03	34.53	25.46	32.56	21.84	38.12	48.04	41.0
1	70.88	0.0	101.86	66.6	68.88	38.42	98.39	36.77	22.8	65.3	71.39	62.13	95.27	78.71	31.62	73.76	89.31	64.4	64.9	71.02	86.16	18.87	66.27	24.0	11.66	54.33	29.73	92.09	29.73	14.56	90.62	91.08	35.61	48.33	24.08	74.11	48.33	77.2	93.04	22.8	68.12	16.12	48.17	60.96	28.64	91.08	106.61	19.85	59.44	62.64	42.8	94.02	60.83	84.6	37.8	94.76	40.31
2	54.04	101.86	0.0	35.38	41.76	64.03	34.99	69.97	93.3	36.88	56.14	43.86	10.0	38.0	74.4	54.04	24.33	40.25	39.45	62.0	43.17	83.74	80.1	86.02	100.0	69.86	108.24	22.8	72.14	114.98	42.38	46.82	66.84	58.31	84.4	74.0	97.53	52.15	36.77	107.7	34.99	112.8	70.94	41.04	96.6	63.25	19.42	102.93	87.82	53.85	60.0	39.4	41.23	33.24	64.82	7.21	61.55
3	38.42	66.6	35.38	0.0	18.44	29.53	44.41	37.36	60.17	2.0	36.06	17.89	28.84	29.53	39.45	35.61	30.0	14.42	8.94	46.04	40.25	48.83	60.17	51.11	65.51	45.12	75.89	32.06	36.88	80.0	43.08	46.52	32.25	24.74	49.4	53.67	70.0	41.04	41.23	74.32	10.0	78.23	40.05	5.66	64.56	58.41	43.97	69.35	64.54	27.86	26.0	43.68	8.0	31.32	30.41	28.43	26.4
4	56.64	68.88	41.76	18.44	0.0	38.0	60.73	48.17	68.47	16.97	17.89	35.61	32.31	47.71	37.74	17.2	45.61	32.56	10.0	64.03	58.31	53.85	76.94	48.41	70.88	60.93	84.59	47.07	41.23	83.26	60.83	64.5	40.05	20.59	47.2	36.06	83.19	59.46	58.31	81.58	28.43	82.87	29.53	18.87	74.11	76.84	56.01	76.49	80.06	12.17	36.22	60.93	24.41	48.75	39.0	36.5	33.06
5	38.21	38.42	64.03	29.53	38.0	0.0	61.35	10.77	31.05	28.64	48.7	24.17	58.31	41.76	20.88	50.0	51.11	26.08	30.59	41.76	50.64	19.8	46.86	30.0	36.06	30.0	47.07	53.85	10.2	50.99	54.92	56.32	2.83	22.36	28.0	60.46	46.17	44.05	56.32	44.94	29.73	48.83	35.38	24.17	36.22	60.83	68.24	39.92	46.4	37.95	4.47	57.72	22.8	47.17	1.0	56.85	5.39
6	31.24	98.39	34.99	44.41	60.73	61.35	0.0	61.77	82.8	46.39	78.43	37.36	41.04	19.7	79.25	77.25	15.23	36.5	52.95	36.72	14.42	79.62	54.63	90.24	92.65	50.99	94.76	14.42	71.47	108.76	10.77	14.14	63.91	68.0	88.29	96.77	77.67	26.08	5.66	96.54	36.0	104.86	84.1	48.04	83.55	30.07	19.1	92.62	64.41	71.81	56.92	6.32	44.05	14.32	61.68	32.56	61.85
7	34.53	36.77	69.97	37.36	48.17	10.77	61.77	0.0	23.32	36.88	59.46	26.91	65.39	42.19	28.84	60.73	53.81	30.0	40.05	36.06	49.4	18.44	37.74	35.44	31.24	21.54	38.63	56.64	16.12	47.2	53.85	54.41	10.0	33.11	33.53	71.02	35.44	40.79	56.36	37.74	34.99	43.86	45.34	32.56	27.2	56.0	71.45	33.02	36.12	48.7	12.0	57.27	29.73	48.26	9.85	62.77	16.16
8	52.84	22.8	93.3	60.17	68.47	31.05	82.8	23.32	0.0	59.46	76.42	50.0	88.57	63.78	37.95	78.23	76.42	53.25	61.61	51.26	69.34	17.09	44.0	37.2	12.0	34.18	16.12	79.25	28.07	27.2	73.78	73.43	28.64	50.04	36.06	84.12	26.08	59.06	77.2	14.42	58.31	22.36	56.92	55.03	7.21	70.88	94.11	9.9	36.67	66.12	34.18	77.67	52.8	70.09	30.08	86.09	35.51
9	39.7	65.3	36.88	2.0	16.97	28.64	46.39	36.88	59.46	0.0	34.41	18.87	30.0	31.3	37.74	34.06	32.0	15.62	7.21	47.2	42.05	47.71	60.93	49.4	64.5	45.61	75.29	34.06	35.61	78.82	44.94	48.33	31.3	22.8	47.71	51.88	70.03	42.52	43.17	73.54	11.66	77.18	38.05	4.47	64.03	60.0	45.88	68.54	65.0	26.0	25.3	45.61	8.25	33.24	29.55	30.0	25.24
10	73.59	71.39	56.14	36.06	17.89	48.7	78.43	59.46	76.42	34.41	0.0	52.35	46.17	65.51	40.2	2.83	63.25	49.68	27.2	80.62	76.16	60.03	92.09	48.08	76.11	75.47	92.2	64.56	48.37	85.91	78.71	82.37	50.0	26.68	47.54	18.44	94.87	76.84	76.16	88.0	46.04	86.83	24.17	35.38	82.87	94.4	72.34	83.01	93.94	10.77	48.33	78.79	41.04	66.64	49.65	52.04	43.32
11	21.26	62.13	43.86	17.89	35.61	24.17	37.36	26.91	50.0	18.87	52.35	0.0	40.79	18.11	42.19	52.35	27.2	4.0	25.61	28.43	28.07	43.27	42.38	52.95	58.0	28.07	64.5	30.0	34.18	73.76	32.0	34.23	26.83	33.53	50.99	68.82	54.59	25.06	32.56	64.4	10.0	70.71	50.0	16.97	52.84	42.94	44.69	59.82	47.38	42.8	19.7	34.23	11.31	23.09	24.6	36.77	24.52
12	54.59	95.27	10.0	28.84	32.31	58.31	41.04	65.39	88.57	30.0	46.17	40.79	0.0	39.29	66.6	44.05	27.78	36.88	31.24	62.8	46.52	77.67	80.22	78.1	94.34	68.26	104.0	27.2	65.6	108.81	46.65	51.11	61.06	50.0	76.58	64.0	95.35	53.85	41.62	102.86	31.05	107.07	61.74	34.41	92.48	67.08	28.23	97.95	87.02	44.27	54.59	44.41	35.78	35.85	59.17	8.49	55.22
13	16.12	78.71	38.0	29.53	47.71	41.76	19.7	42.19	63.78	31.3	65.51	18.11	39.29	0.0	60.3	64.9	14.56	18.11	38.47	24.0	10.77	59.93	42.19	71.02	73.24	34.0	76.58	17.09	51.92	89.31	14.14	17.09	44.27	50.64	69.05	83.19	61.74	14.56	14.56	77.79	19.7	85.6	67.08	31.62	65.12	29.73	31.38	73.66	50.45	57.27	37.36	16.12	26.68	6.4	42.06	32.25	42.58
14	58.86	31.62	74.4	39.45	37.74	20.88	79.25	28.84	37.95	37.74	40.2	42.19	66.6	60.3	0.0	42.43	67.05	42.76	35.38	62.64	70.03	20.88	66.57	11.66	36.0	50.12	52.95	69.57	12.81	46.17	74.11	76.0	19.7	17.2	10.0	46.17	60.46	64.5	74.67	48.17	44.27	46.69	18.97	34.0	44.94	81.58	82.86	43.29	64.44	31.05	24.33	76.42	36.06	64.94	21.19	67.68	18.03
15	73.54	73.76	54.04	35.61	17.2	50.0	77.25	60.73	78.23	34.06	2.83	52.35	44.05	64.9	42.43	0.0	62.03	49.52	26.91	80.72	75.47	62.0	92.65	50.6	78.23	76.16	94.09	63.25	50.16	88.29	77.9	81.63	51.42	28.28	50.0	20.1	96.17	76.58	75.15	90.02	45.61	89.11	26.83	35.38	84.59	94.02	70.58	85.01	94.81	12.17	49.4	77.82	41.04	65.76	50.96	50.16	44.64
16	30.59	89.31	24.33	30.0	45.61	51.11	15.23	53.81	76.42	32.0	63.25	27.2	27.78	14.56	67.05	62.03	0.0	25.06	38.21	38.21	18.97	70.46	56.57	78.43	85.04	48.33	90.0	2.83	60.83	100.9	18.87	23.32	53.85	54.33	76.55	81.61	76.16	28.0	14.14	90.69	22.8	97.67	70.03	34.23	78.41	39.4	17.69	86.31	65.0	56.89	46.65	16.97	31.05	9.0	51.62	19.7	50.57
17	24.08	64.4	40.25	14.42	32.56	26.08	36.5	30.0	53.25	15.62	49.68	4.0	36.88	18.11	42.76	49.52	25.06	0.0	22.63	31.62	28.64	45.61	46.17	53.85	60.83	32.06	68.0	27.78	35.78	76.42	32.25	34.93	28.84	32.56	51.92	66.57	58.55	27.2	32.06	67.68	6.0	73.59	49.03	14.42	56.36	44.94	42.2	63.01	51.35	40.5	21.63	34.0	8.94	22.2	26.63	33.11	25.63
18	46.69	64.9	39.45	8.94	10.0	30.59	52.95	40.05	61.61	7.21	27.2	25.61	31.24	38.47	35.38	26.91	38.21	22.63	0.0	54.04	49.19	48.33	67.08	46.86	65.39	51.26	77.67	40.05	35.78	78.89	52.0	55.46	32.98	18.87	45.34	44.72	74.43	49.68	50.0	75.29	18.87	77.82	32.56	8.94	66.75	67.2	50.8	70.21	70.52	18.97	28.07	52.5	14.42	40.16	31.58	33.11	26.25
19	8.25	71.02	62.0	46.04	64.03	41.76	36.72	36.06	51.26	47.2	80.62	28.43	62.8	24.0	62.64	80.72	38.21	31.62	54.04	0.0	22.36	54.04	18.44	71.02	62.64	17.09	60.46	40.45	50.99	78.43	26.08	24.08	43.17	59.36	69.05	96.54	41.23	10.77	31.3	63.53	36.72	73.54	75.18	45.34	50.12	20.1	53.45	60.42	27.73	70.77	38.63	30.53	39.7	29.27	41.48	56.14	45.31
20	16.97	86.16	43.17	40.25	58.31	50.64	14.42	49.4	69.34	42.05	76.16	28.07	46.52	10.77	70.03	75.47	18.97	28.64	49.19	22.36	0.0	67.68	40.5	80.4	79.65	36.77	80.72	20.4	60.83	95.77	4.47	6.32	52.95	61.19	78.41	93.91	63.25	11.66	8.94	82.8	30.46	91.59	77.67	42.38	69.66	20.59	31.58	79.06	50.09	68.03	46.39	8.49	37.36	10.82	50.8	38.63	52.09
21	52.95	18.87	83.74	48.83	53.85	19.8	79.62	18.44	17.09	47.71	60.03	43.27	77.67	59.93	20.88	62.0	70.46	45.61	48.33	54.04	67.68	0.0	52.5	21.26	17.09	38.21	32.25	73.24	12.65	31.24	72.11	72.8	16.97	34.23	19.8	67.05	41.04	59.23	74.32	28.07	49.52	29.53	39.85	43.27	24.17	74.11	87.8	23.02	47.89	50.04	24.08	75.39	42.52	65.76	19.1	76.58	22.47
22	26.08	66.27	80.1	60.17	76.94	46.86	54.63	37.74	44.0	60.93	92.09	42.38	80.22	42.19	66.57	92.65	56.57	46.17	67.08	18.44	40.5	52.5	0.0	72.5	56.0	16.97	48.7	58.86	53.85	70.46	43.86	41.18	47.2	67.94	70.68	106.3	26.08	29.12	49.4	53.37	51.92	64.78	82.22	58.14	40.45	31.24	71.84	51.48	10.63	81.61	45.25	48.33	52.8	47.68	46.23	74.0	51.66
23	68.12	24.0	86.02	51.11	48.41	30.0	90.24	35.44	37.2	49.4	48.08	52.95	78.1	71.02	11.66	50.6	78.43	53.85	46.86	71.02	80.4	21.26	72.5	0.0	31.62	56.92	50.16	80.99	20.1	38.21	84.59	86.21	28.07	28.28	2.0	50.16	62.23	74.03	85.51	44.27	55.71	40.05	24.33	45.65	44.41	90.55	94.43	39.92	68.8	40.25	34.06	87.13	47.54	75.93	30.02	79.32	28.44
24	63.56	11.66	100.0	65.51	70.88	36.06	92.65	31.24	12.0	64.5	76.11	58.0	94.34	73.24	36.0	78.23	85.04	60.83	65.39	62.64	79.65	17.09	56.0	31.62	0.0	45.61	18.87	87.86	29.73	16.12	84.12	84.1	33.29	50.99	31.05	81.22	36.77	69.86	87.13	12.65	65.3	12.81	54.33	60.03	17.09	82.46	102.65	8.6	48.51	66.48	40.0	87.82	58.82	79.4	35.23	92.8	39.36
25	19.8	54.33	69.86	45.12	60.93	30.0	50.99	21.54	34.18	45.61	75.47	28.07	68.26	34.0	50.12	76.16	48.33	32.06	51.26	17.09	36.77	38.21	16.97	56.92	45.61	0.0	44.05	50.99	37.58	61.35	41.04	40.0	30.53	50.99	55.03	89.38	27.86	25.61	45.34	46.65	38.05	56.46	65.3	42.38	33.29	36.88	65.37	43.38	19.42	64.9	28.28	45.25	37.36	40.31	29.41	63.15	34.71
26	63.78	29.73	108.24	75.89	84.59	47.07	94.76	38.63	16.12	75.29	92.2	64.5	104.0	76.58	52.95	94.09	90.0	68.0	77.67	60.46	80.72	32.25	48.7	50.16	18.87	44.05	0.0	92.8	44.0	25.3	85.04	84.02	44.72	66.0	49.4	98.95	24.08	69.66	89.11	7.21	73.35	18.97	71.81	70.88	11.66	78.71	107.62	10.3	39.05	82.02	50.0	89.2	68.35	82.98	46.1	101.07	51.62
27	32.98	92.09	22.8	32.06	47.07	53.85	14.42	56.64	79.25	34.06	64.56	30.0	27.2	17.09	69.57	63.25	2.83	27.78	40.05	40.45	20.4	73.24	58.86	80.99	87.86	50.99	92.8	0.0	63.53	103.71	19.7	24.17	56.6	56.57	79.12	82.97	78.79	30.07	14.42	93.51	25.3	100.5	72.11	36.5	81.22	40.5	14.87	89.14	67.45	58.55	49.4	17.2	33.53	11.18	54.38	18.87	53.23
28	48.04	29.73	72.14	36.88	41.23	10.2	71.47	16.12	28.07	35.61	48.37	34.18	65.6	51.92	12.81	50.16	60.83	35.78	35.78	50.99	60.83	12.65	53.85	20.1	29.73	37.58	44.0	63.53	0.0	43.27	65.12	66.48	8.0	22.0	18.11	57.27	48.37	54.0	66.48	40.45	38.83	42.05	30.53	31.24	34.53	70.46	77.7	35.36	51.66	38.05	14.56	67.91	31.24	57.25	10.05	65.05	10.63
29	79.62	14.56	114.98	80.0	83.26	50.99	108.76	47.2	27.2	78.82	85.91	73.76	108.81	89.31	46.17	88.29	100.9	76.42	78.89	78.43	95.77	31.24	70.46	38.21	16.12	61.35	25.3	103.71	43.27	0.0	100.24	100.18	48.17	62.77	38.47	88.0	48.37	85.91	103.25	18.44	80.62	6.32	62.51	74.4	30.07	98.08	118.44	19.03	62.01	77.2	55.17	103.94	73.76	95.44	50.25	107.81	53.6
30	21.26	90.62	42.38	43.08	60.83	54.92	10.77	53.85	73.78	44.94	78.71	32.0	46.65	14.14	74.11	77.9	18.87	32.25	52.0	26.08	4.47	72.11	43.86	84.59	84.12	41.04	85.04	19.7	65.12	100.24	0.0	4.47	57.27	64.78	82.61	96.66	67.2	15.62	6.0	87.2	33.53	96.04	81.22	45.61	74.03	20.88	29.07	83.49	53.71	70.94	50.64	4.47	40.79	12.21	55.11	38.47	56.22
31	20.59	91.08	46.82	46.52	64.5	56.32	14.14	54.41	73.43	48.33	82.37	34.23	51.11	17.09	76.0	81.63	23.32	34.93	55.46	24.08	6.32	72.8	41.18	86.21	84.1	40.0	84.02	24.17	66.48	100.18	4.47	0.0	58.55	67.47	84.21	100.18	65.3	14.42	10.2	86.53	36.77	95.77	83.95	48.7	73.24	16.49	33.0	83.01	51.31	74.32	52.15	8.0	43.68	16.28	56.44	42.94	58.01
32	40.05	35.61	66.84	32.25	40.05	2.83	63.91	10.0	28.64	31.3	50.0	26.83	61.06	44.27	19.7	51.42	53.85	28.84	32.98	43.17	52.95	16.97	47.2	28.07	33.29	30.53	44.72	56.6	8.0	48.17	57.27	58.55	0.0	23.41	26.08	61.06	44.94	46.0	58.82	42.38	32.56	46.04	35.38	26.83	34.06	62.51	71.03	37.34	46.1	39.29	7.21	60.17	25.61	49.77	2.24	59.67	7.0
33	53.67	48.33	58.31	24.74	20.59	22.36	68.0	33.11	50.04	22.8	26.68	33.53	50.0	50.64	17.2	28.28	54.33	32.56	18.87	59.36	61.19	34.23	67.94	28.28	50.99	50.99	66.0	56.57	22.0	62.77	64.78	67.47	23.41	0.0	26.91	38.42	68.35	58.31	64.12	62.29	32.0	62.64	16.49	20.1	56.32	76.16	68.68	57.22	68.51	16.12	22.8	66.27	24.08	54.08	23.26	51.88	17.0
34	66.12	24.08	84.4	49.4	47.2	28.0	88.29	33.53	36.06	47.71	47.54	50.99	76.58	69.05	10.0	50.0	76.55	51.92	45.34	69.05	78.41	19.8	70.68	2.0	31.05	55.03	49.4	79.12	18.11	38.47	82.61	84.21	26.08	26.91	0.0	50.36	60.83	72.03	83.55	43.68	53.85	40.0	24.08	43.91	43.27	88.57	92.61	39.22	67.12	39.4	32.06	85.16	45.69	73.98	28.02	77.67	26.48
35	90.0	74.11	74.0	53.67	36.06	60.46	96.77	71.02	84.12	51.88	18.44	68.82	64.0	83.19	46.17	20.1	81.61	66.57	44.72	96.54	93.91	67.05	106.3	50.16	81.22	89.38	98.95	82.97	57.27	88.0	96.66	100.18	61.06	38.42	50.36	0.0	105.55	93.74	94.34	93.74	63.53	90.2	27.2	52.15	91.08	111.52	90.67	89.05	106.83	26.08	61.22	96.93	57.69	84.69	61.29	70.26	55.22
36	46.65	48.33	97.53	70.0	83.19	46.17	77.67	35.44	26.08	70.03	94.87	54.59	95.35	61.74	60.46	96.17	76.16	58.55	74.43	41.23	63.25	41.04	26.08	62.23	36.77	27.86	24.08	78.79	48.37	48.37	67.2	65.3	44.94	68.35	60.83	105.55	0.0	51.61	72.11	30.07	64.5	42.19	78.89	66.12	19.7	57.2	93.02	29.83	15.65	84.12	47.07	71.61	62.0	67.98	45.22	90.71	51.55
37	6.32	77.2	52.15	41.04	59.46	44.05	26.08	40.79	59.06	42.52	76.84	25.06	53.85	14.56	64.5	76.58	28.0	27.2	49.68	10.77	11.66	59.23	29.12	74.03	69.86	25.61	69.66	30.07	54.0	85.91	15.62	14.42	46.0	58.31	72.03	93.74	51.61	0.0	20.59	72.11	31.11	81.41	74.67	41.62	58.82	17.89	42.72	68.6	38.48	67.68	40.2	20.0	36.06	19.0	44.01	46.69	46.53
38	25.61	93.04	36.77	41.23	58.31	56.32	5.66	56.36	77.2	43.17	76.16	32.56	41.62	14.56	74.67	75.15	14.14	32.06	50.0	31.3	8.94	74.32	49.4	85.51	87.13	45.34	89.11	14.42	66.48	103.25	6.0	10.2	58.82	64.12	83.55	94.34	72.11	20.59	0.0	90.91	32.25	99.3	80.4	44.41	77.9	26.68	23.09	87.01	59.03	68.96	51.92	2.83	40.05	10.05	56.61	33.29	57.07
39	66.03	22.8	107.7	74.32	81.58	44.94	96.54	37.74	14.42	73.54	88.0	64.4	102.86	77.79	48.17	90.02	90.69	67.68	75.29	63.53	82.8	28.07	53.37	44.27	12.65	46.65	7.21	93.51	40.45	18.44	87.2	86.53	42.38	62.29	43.68	93.74	30.07	72.11	90.91	0.0	72.72	12.17	66.75	69.08	13.42	82.46	108.37	5.1	44.28	78.1	48.33	91.21	67.08	84.15	44.01	100.5	49.04
40	28.84	68.12	34.99	10.0	28.43	29.73	36.0	34.99	58.31	11.66	46.04	10.0	31.05	19.7	44.27	45.61	22.8	6.0	18.87	36.72	30.46	49.52	51.92	55.71	65.3	38.05	73.35	25.3	38.83	80.62	33.53	36.77	32.56	32.0	53.85	63.53	64.5	31.11	32.25	72.72	0.0	78.1	48.17	12.17	61.74	48.41	38.95	67.96	57.31	37.58	25.46	34.53	8.25	22.2	30.41	27.78	28.3
41	75.18	16.12	112.8	78.23	82.87	48.83	104.86	43.86	22.36	77.18	86.83	70.71	107.07	85.6	46.69	89.11	97.67	73.59	77.82	73.54	91.59	29.53	64.78	40.05	12.81	56.46	18.97	100.5	42.05	6.32	96.04	95.77	46.04	62.64	40.0	90.2	42.19	81.41	99.3	12.17	78.1	0.0	64.03	72.72	24.33	92.97	115.31	13.34	56.08	77.67	52.8	99.86	71.61	91.83	48.01	105.6	51.97
42	69.86	48.17	70.94	40.05	29.53	35.38	84.1	45.34	56.92	38.05	24.17	50.0	61.74	67.08	18.97	26.83	70.03	49.03	32.56	75.18	77.67	39.85	82.22	24.33	54.33	65.3	71.81	72.11	30.53	62.51	81.22	83.95	35.38	16.49	24.08	27.2	78.89	74.67	80.4	66.75	48.17	64.03	0.0	36.06	63.91	92.48	83.36	61.98	81.47	18.44	37.2	82.61	40.45	70.35	36.07	65.15	30.61
43	38.21	60.96	41.04	5.66	18.87	24.17	48.04	32.56	55.03	4.47	35.38	16.97	34.41	31.62	34.0	35.38	34.23	14.42	8.94	45.34	42.38	43.27	58.14	45.65	60.03	42.38	70.88	36.5	31.24	74.4	45.61	48.7	26.83	20.1	43.91	52.15	66.12	41.62	44.41	69.08	12.17	72.72	36.06	0.0	59.67	59.36	49.04	64.08	61.68	26.08	20.88	46.69	5.66	34.37	25.08	34.06	20.81
44	52.8	28.64	96.6	64.56	74.11	36.22	83.55	27.2	7.21	64.03	82.87	52.84	92.48	65.12	44.94	84.59	78.41	56.36	66.75	50.12	69.66	24.17	40.45	44.41	17.09	33.29	11.66	81.22	34.53	30.07	74.03	73.24	34.06	56.32	43.27	91.08	19.7	58.82	77.9	13.42	61.74	24.33	63.91	59.67	0.0	69.08	96.05	11.05	32.02	72.44	38.83	78.1	56.92	71.51	35.23	89.44	41.05
45	22.8	91.08	63.25	58.41	76.84	60.83	30.07	56.0	70.88	60.0	94.4	42.94	67.08	29.73	81.58	94.02	39.4	44.94	67.2	20.1	20.59	74.11	31.24	90.55	82.46	36.88	78.71	40.5	70.46	98.08	20.88	16.49	62.51	76.16	88.57	111.52	57.2	17.89	26.68	82.46	48.41	92.97	92.48	59.36	69.08	0.0	49.16	79.71	41.87	85.44	57.27	24.33	53.85	31.38	60.67	59.09	63.79
46	46.62	106.61	19.42	43.97	56.01	68.24	19.1	71.45	94.11	45.88	72.34	44.69	28.23	31.38	82.86	70.58	17.69	42.2	50.8	53.45	31.58	87.8	71.84	94.43	102.65	65.37	107.62	14.87	77.7	118.44	29.07	33.0	71.03	68.68	92.61	90.67	93.02	42.72	23.09	108.37	38.95	115.31	83.36	49.04	96.05	49.16	0.0	104.0	80.99	68.07	63.82	25.0	46.96	25.06	68.82	20.62	67.23
47	62.43	19.85	102.93	69.35	76.49	39.92	92.62	33.02	9.9	68.54	83.01	59.82	97.95	73.66	43.29	85.01	86.31	63.01	70.21	60.42	79.06	23.02	51.48	39.92	8.6	43.38	10.3	89.14	35.36	19.03	83.49	83.01	37.34	57.22	39.22	89.05	29.83	68.6	87.01	5.1	67.96	13.34	61.98	64.08	11.05	79.71	104.0	0.0	43.0	73.06	43.38	87.42	62.18	79.98	39.0	95.72	43.97
48	34.48	59.44	87.82	64.54	80.06	46.4	64.41	36.12	36.67	65.0	93.94	47.38	87.02	50.45	64.44	94.81	65.0	51.35	70.52	27.73	50.09	47.89	10.63	68.8	48.51	19.42	39.05	67.45	51.66	62.01	53.71	51.31	46.1	68.51	67.12	106.83	15.65	38.48	59.03	44.28	57.31	56.08	81.47	61.68	32.02	41.87	80.99	43.0	0.0	83.24	45.79	58.18	56.75	56.32	45.61	81.39	51.61
49	64.03	62.64	53.85	27.86	12.17	37.95	71.81	48.7	66.12	26.0	10.77	42.8	44.27	57.27	31.05	12.17	56.89	40.5	18.97	70.77	68.03	50.04	81.61	40.25	66.48	64.9	82.02	58.55	38.05	77.2	70.94	74.32	39.29	16.12	39.4	26.08	84.12	67.68	68.96	78.1	37.58	77.67	18.44	26.08	72.44	85.44	68.07	73.06	83.24	0.0	37.58	71.47	31.62	59.14	38.9	48.66	32.57
50	34.53	42.8	60.0	26.0	36.22	4.47	56.92	12.0	34.18	25.3	48.33	19.7	54.59	37.36	24.33	49.4	46.65	21.63	28.07	38.63	46.39	24.08	45.25	34.06	40.0	28.28	50.0	49.4	14.56	55.17	50.64	52.15	7.21	22.8	32.06	61.22	47.07	40.2	51.92	48.33	25.46	52.8	37.2	20.88	38.83	57.27	63.82	43.38	45.79	37.58	0.0	53.37	18.87	42.72	5.0	52.8	6.71
51	25.46	94.02	39.4	43.68	60.93	57.72	6.32	57.27	77.67	45.61	78.79	34.23	44.41	16.12	76.42	77.82	16.97	34.0	52.5	30.53	8.49	75.39	48.33	87.13	87.82	45.25	89.2	17.2	67.91	103.94	4.47	8.0	60.17	66.27	85.16	96.93	71.61	20.0	2.83	91.21	34.53	99.86	82.61	46.69	78.1	24.33	25.0	87.42	58.18	71.47	53.37	0.0	42.19	12.37	57.97	36.06	58.69
52	32.56	60.83	41.23	8.0	24.41	22.8	44.05	29.73	52.8	8.25	41.04	11.31	35.78	26.68	36.06	41.04	31.05	8.94	14.42	39.7	37.36	42.52	52.8	47.54	58.82	37.36	68.35	33.53	31.24	73.76	40.79	43.68	25.61	24.08	45.69	57.69	62.0	36.06	40.05	67.08	8.25	71.61	40.45	5.66	56.92	53.85	46.96	62.18	56.75	31.62	18.87	42.19	0.0	30.02	23.6	34.06	20.62
53	21.84	84.6	33.24	31.32	48.75	47.17	14.32	48.26	70.09	33.24	66.64	23.09	35.85	6.4	64.94	65.76	9.0	22.2	40.16	29.27	10.82	65.76	47.68	75.93	79.4	40.31	82.98	11.18	57.25	95.44	12.21	16.28	49.77	54.08	73.98	84.69	67.98	19.0	10.05	84.15	22.2	91.83	70.35	34.37	71.51	31.38	25.06	79.98	56.32	59.14	42.72	12.37	30.02	0.0	47.54	28.16	47.54
54	38.12	37.8	64.82	30.41	39.0	1.0	61.68	9.85	30.08	29.55	49.65	24.6	59.17	42.06	21.19	50.96	51.62	26.63	31.58	41.48	50.8	19.1	46.23	30.02	35.23	29.41	46.1	54.38	10.05	50.25	55.11	56.44	2.24	23.26	28.02	61.29	45.22	44.01	56.61	44.01	30.41	48.01	36.07	25.08	35.23	60.67	68.82	39.0	45.61	38.9	5.0	57.97	23.6	47.54	0.0	57.63	6.32
55	48.04	94.76	7.21	28.43	36.5	56.85	32.56	62.77	86.09	30.0	52.04	36.77	8.49	32.25	67.68	50.16	19.7	33.11	33.11	56.14	38.63	76.58	74.0	79.32	92.8	63.15	101.07	18.87	65.05	107.81	38.47	42.94	59.67	51.88	77.67	70.26	90.71	46.69	33.29	100.5	27.78	105.6	65.15	34.06	89.44	59.09	20.62	95.72	81.39	48.66	52.8	36.06	34.06	28.16	57.63	0.0	54.45
56	41.0	40.31	61.55	26.4	33.06	5.39	61.85	16.16	35.51	25.24	43.32	24.52	55.22	42.58	18.03	44.64	50.57	25.63	26.25	45.31	52.09	22.47	51.66	28.44	39.36	34.71	51.62	53.23	10.63	53.6	56.22	58.01	7.0	17.0	26.48	55.22	51.55	46.53	57.07	49.04	28.3	51.97	30.61	20.81	41.05	63.79	67.23	43.97	51.61	32.57	6.71	58.69	20.62	47.54	6.32	54.45	0.0
;
