set K:= 1	2	3	4	5	6;
set C_H:= 1	2	3	4	5	6	7	8	9	10	11	12	13	14;
set C_S:= 15	16	17	18	19	20	21	22	23	24	25	26	27	28	29;
set C_F:= 30	31	32	33	34	35	36	37	38	39	40	41	42	43	44;
set M:= 45	46	47	48	49	50;
set L_B:= 51;
set A1:=
(0,*) 1 2 3 4 5 6 7 8 9 10 11 12 13 14 30 31 32 33 34 35 36 37 38 39 40 41 42 43 44 45 46 47 48 49 50 51 52
(1,*) 0 2 3 4 5 6 7 8 9 10 11 12 13 14 30 31 32 33 34 35 36 37 38 39 40 41 42 43 44 45 46 47 48 49 50 51 52
(2,*) 0 1 3 4 5 6 7 8 9 10 11 12 13 14 30 31 32 33 34 35 36 37 38 39 40 41 42 43 44 45 46 47 48 49 50 51 52
(3,*) 0 1 2 4 5 6 7 8 9 10 11 12 13 14 30 31 32 33 34 35 36 37 38 39 40 41 42 43 44 45 46 47 48 49 50 51 52
(4,*) 0 1 2 3 5 6 7 8 9 10 11 12 13 14 30 31 32 33 34 35 36 37 38 39 40 41 42 43 44 45 46 47 48 49 50 51 52
(5,*) 0 1 2 3 4 6 7 8 9 10 11 12 13 14 30 31 32 33 34 35 36 37 38 39 40 41 42 43 44 45 46 47 48 49 50 51 52
(6,*) 0 1 2 3 4 5 7 8 9 10 11 12 13 14 30 31 32 33 34 35 36 37 38 39 40 41 42 43 44 45 46 47 48 49 50 51 52
(7,*) 0 1 2 3 4 5 6 8 9 10 11 12 13 14 30 31 32 33 34 35 36 37 38 39 40 41 42 43 44 45 46 47 48 49 50 51 52
(8,*) 0 1 2 3 4 5 6 7 9 10 11 12 13 14 30 31 32 33 34 35 36 37 38 39 40 41 42 43 44 45 46 47 48 49 50 51 52
(9,*) 0 1 2 3 4 5 6 7 8 10 11 12 13 14 30 31 32 33 34 35 36 37 38 39 40 41 42 43 44 45 46 47 48 49 50 51 52
(10,*) 0 1 2 3 4 5 6 7 8 9 11 12 13 14 30 31 32 33 34 35 36 37 38 39 40 41 42 43 44 45 46 47 48 49 50 51 52
(11,*) 0 1 2 3 4 5 6 7 8 9 10 12 13 14 30 31 32 33 34 35 36 37 38 39 40 41 42 43 44 45 46 47 48 49 50 51 52
(12,*) 0 1 2 3 4 5 6 7 8 9 10 11 13 14 30 31 32 33 34 35 36 37 38 39 40 41 42 43 44 45 46 47 48 49 50 51 52
(13,*) 0 1 2 3 4 5 6 7 8 9 10 11 12 14 30 31 32 33 34 35 36 37 38 39 40 41 42 43 44 45 46 47 48 49 50 51 52
(14,*) 0 1 2 3 4 5 6 7 8 9 10 11 12 13 30 31 32 33 34 35 36 37 38 39 40 41 42 43 44 45 46 47 48 49 50 51 52
(30,*) 0 1 2 3 4 5 6 7 8 9 10 11 12 13 14 31 32 33 34 35 36 37 38 39 40 41 42 43 44 45 46 47 48 49 50 51 52
(31,*) 0 1 2 3 4 5 6 7 8 9 10 11 12 13 14 30 32 33 34 35 36 37 38 39 40 41 42 43 44 45 46 47 48 49 50 51 52
(32,*) 0 1 2 3 4 5 6 7 8 9 10 11 12 13 14 30 31 33 34 35 36 37 38 39 40 41 42 43 44 45 46 47 48 49 50 51 52
(33,*) 0 1 2 3 4 5 6 7 8 9 10 11 12 13 14 30 31 32 34 35 36 37 38 39 40 41 42 43 44 45 46 47 48 49 50 51 52
(34,*) 0 1 2 3 4 5 6 7 8 9 10 11 12 13 14 30 31 32 33 35 36 37 38 39 40 41 42 43 44 45 46 47 48 49 50 51 52
(35,*) 0 1 2 3 4 5 6 7 8 9 10 11 12 13 14 30 31 32 33 34 36 37 38 39 40 41 42 43 44 45 46 47 48 49 50 51 52
(36,*) 0 1 2 3 4 5 6 7 8 9 10 11 12 13 14 30 31 32 33 34 35 37 38 39 40 41 42 43 44 45 46 47 48 49 50 51 52
(37,*) 0 1 2 3 4 5 6 7 8 9 10 11 12 13 14 30 31 32 33 34 35 36 38 39 40 41 42 43 44 45 46 47 48 49 50 51 52
(38,*) 0 1 2 3 4 5 6 7 8 9 10 11 12 13 14 30 31 32 33 34 35 36 37 39 40 41 42 43 44 45 46 47 48 49 50 51 52
(39,*) 0 1 2 3 4 5 6 7 8 9 10 11 12 13 14 30 31 32 33 34 35 36 37 38 40 41 42 43 44 45 46 47 48 49 50 51 52
(40,*) 0 1 2 3 4 5 6 7 8 9 10 11 12 13 14 30 31 32 33 34 35 36 37 38 39 41 42 43 44 45 46 47 48 49 50 51 52
(41,*) 0 1 2 3 4 5 6 7 8 9 10 11 12 13 14 30 31 32 33 34 35 36 37 38 39 40 42 43 44 45 46 47 48 49 50 51 52
(42,*) 0 1 2 3 4 5 6 7 8 9 10 11 12 13 14 30 31 32 33 34 35 36 37 38 39 40 41 43 44 45 46 47 48 49 50 51 52
(43,*) 0 1 2 3 4 5 6 7 8 9 10 11 12 13 14 30 31 32 33 34 35 36 37 38 39 40 41 42 44 45 46 47 48 49 50 51 52
(44,*) 0 1 2 3 4 5 6 7 8 9 10 11 12 13 14 30 31 32 33 34 35 36 37 38 39 40 41 42 43 45 46 47 48 49 50 51 52
(45,*) 0 1 2 3 4 5 6 7 8 9 10 11 12 13 14 30 31 32 33 34 35 36 37 38 39 40 41 42 43 44 46 47 48 49 50 51 52
(46,*) 0 1 2 3 4 5 6 7 8 9 10 11 12 13 14 30 31 32 33 34 35 36 37 38 39 40 41 42 43 44 45 47 48 49 50 51 52
(47,*) 0 1 2 3 4 5 6 7 8 9 10 11 12 13 14 30 31 32 33 34 35 36 37 38 39 40 41 42 43 44 45 46 48 49 50 51 52
(48,*) 0 1 2 3 4 5 6 7 8 9 10 11 12 13 14 30 31 32 33 34 35 36 37 38 39 40 41 42 43 44 45 46 47 49 50 51 52
(49,*) 0 1 2 3 4 5 6 7 8 9 10 11 12 13 14 30 31 32 33 34 35 36 37 38 39 40 41 42 43 44 45 46 47 48 50 51 52
(50,*) 0 1 2 3 4 5 6 7 8 9 10 11 12 13 14 30 31 32 33 34 35 36 37 38 39 40 41 42 43 44 45 46 47 48 49 51 52
(51,*) 0 1 2 3 4 5 6 7 8 9 10 11 12 13 14 30 31 32 33 34 35 36 37 38 39 40 41 42 43 44 45 46 47 48 49 50 52
(52,*) 0 1 2 3 4 5 6 7 8 9 10 11 12 13 14 30 31 32 33 34 35 36 37 38 39 40 41 42 43 44 45 46 47 48 49 50 51
;
set A2:=
(45,*) 46
(46,*) 45
;
param BigM:=99999;
param n:= 6;
param d:=
1	6
2	22
3	2
4	17
5	14
6	8
7	19
8	21
9	6
10	24
11	2
12	12
13	17
14	17
15	8
16	20
17	5
18	8
19	24
20	11
21	22
22	5
23	17
24	20
25	10
26	2
27	23
28	23
29	18
30	3
31	8
32	22
33	6
34	11
35	7
36	15
37	21
38	10
39	14
40	16
41	13
42	11
43	21
44	12
;
param Q:=100;
param w:=
[45,*] 46 1
[46,*] 45 1
;
param V:=
[45,*] 46 100
[46,*] 45 100
;
param e:
	45	46	47	48	49	50	51:=
15		0		0		1		0		0		0		0	
16		1		0		1		0		1		0		0	
17		0		1		0		0		0		0		0	
18		0		0		0		0		0		1		0	
19		0		1		1		0		0		1		0	
20		0		1		0		0		0		0		0	
21		0		1		0		1		0		0		1	
22		0		0		1		0		0		1		0	
23		0		0		0		0		1		0		0	
24		1		0		0		0		1		1		0	
25		0		0		1		0		0		1		0	
26		0		1		0		0		0		0		0	
27		0		0		1		0		1		0		0	
28		0		1		0		0		0		0		0	
29		0		1		0		0		0		1		1	
30		0		0		0		0		1		0		0	
31		1		0		0		0		1		0		0	
32		0		1		0		0		0		1		0	
33		0		0		1		0		0		1		0	
34		0		1		0		0		0		0		0	
35		1		0		0		0		1		0		0	
36		0		1		0		0		0		1		0	
37		0		1		0		0		0		0		1	
38		1		0		0		0		1		0		0	
39		0		0		1		0		0		0		0	
40		0		0		0		1		0		0		0	
41		0		1		0		0		0		0		0	
42		0		0		1		0		0		1		0	
43		0		1		0		0		0		0		0	
44		0		0		0		0		0		1		0	
;
param p:=
1	1
2	1
3	1
4	1
5	1
6	1
;
param G:=
45	100
46	86
47	87
48	81
49	100
50	85
51	74
;
param s:=
0	0
1	10
2	10
3	10
4	10
5	10
6	10
7	10
8	10
9	10
10	10
11	10
12	10
13	10
14	10
30	10
31	10
32	10
33	10
34	10
35	10
36	10
37	10
38	10
39	10
40	10
41	10
42	10
43	10
44	10
45	10
46	10
47	10
48	10
49	10
50	10
51	10
;
param t:
	0	1	2	3	4	5	6	7	8	9	10	11	12	13	14	15	16	17	18	19	20	21	22	23	24	25	26	27	28	29	30	31	32	33	34	35	36	37	38	39	40	41	42	43	44	45	46	47	48	49	50	51	52:=
0	0.0	9.06	25.3	18.68	21.02	19.7	28.6	20.88	25.0	24.33	30.15	31.14	28.65	35.69	30.23	69.66	66.91	60.41	34.83	54.2	69.86	47.8	86.45	66.71	45.61	88.09	65.0	67.45	65.79	42.05	59.21	67.36	43.83	78.89	54.12	49.74	56.22	41.73	36.4	82.07	40.36	43.08	93.35	50.01	66.6	37.16	58.31	86.98	17.49	48.38	71.85	16.82	0.0
1	9.06	0.0	34.21	9.85	23.41	28.46	23.41	29.43	19.92	26.42	31.38	26.83	36.4	27.2	37.58	62.24	57.87	63.06	29.07	48.37	73.06	53.04	79.2	58.24	36.69	81.84	68.1	58.52	68.43	41.59	50.16	59.24	38.48	73.82	58.01	42.8	55.15	48.01	30.48	75.01	48.01	46.32	86.37	49.65	59.41	29.68	58.94	80.06	24.08	40.31	66.24	25.85	9.06
2	25.3	34.21	0.0	43.97	28.18	6.0	51.4	14.56	48.01	37.74	43.42	47.43	22.02	59.01	25.02	93.74	91.98	65.12	57.8	76.49	72.11	46.27	110.21	89.27	70.88	110.34	68.01	92.72	70.03	56.36	84.01	88.96	65.86	99.36	56.01	69.12	70.26	37.48	54.82	105.6	19.92	48.66	116.66	63.16	90.44	58.42	68.41	110.26	16.55	70.35	93.35	8.88	25.3
3	18.68	9.85	43.97	0.0	31.06	38.28	18.03	38.01	15.3	29.07	32.65	28.16	43.93	20.81	44.64	53.08	48.37	64.4	22.36	40.85	74.81	57.43	70.09	51.08	26.93	73.57	69.81	48.76	69.63	40.31	41.0	52.84	31.78	66.73	60.81	39.05	52.63	53.67	29.15	66.07	57.69	48.8	77.47	48.1	50.45	25.61	58.18	71.22	33.6	34.41	58.69	35.47	18.68
4	21.02	23.41	28.18	31.06	0.0	23.02	46.82	34.21	43.32	45.28	51.16	20.1	43.6	36.77	46.04	83.87	72.45	80.78	52.39	71.55	89.81	66.19	100.9	64.28	54.2	104.62	85.07	74.95	86.13	63.01	63.56	63.0	61.85	97.17	73.74	42.19	77.1	58.83	28.02	97.01	31.58	63.32	108.41	71.0	81.4	33.54	79.31	102.2	11.66	45.4	89.44	24.93	21.02
5	19.7	28.46	6.0	38.28	23.02	0.0	46.75	14.14	43.28	34.93	40.85	41.79	23.09	53.01	25.96	88.81	86.12	65.03	53.15	72.12	72.69	47.3	105.42	83.29	65.15	106.08	68.36	86.98	70.11	53.85	78.09	83.02	61.52	95.6	56.44	63.32	68.01	38.9	49.04	100.9	22.47	48.04	112.04	61.03	85.6	52.47	67.08	105.65	11.4	64.38	89.27	4.98	19.7
6	28.6	23.41	51.4	18.03	46.82	46.75	0.0	40.72	3.61	21.02	21.19	46.17	42.95	34.99	42.43	42.54	50.45	50.25	6.4	25.61	60.88	48.38	58.82	61.22	29.15	59.55	55.97	48.26	55.15	24.21	45.69	64.38	15.26	50.54	48.88	54.59	35.11	47.38	46.57	54.2	68.62	37.12	65.3	31.38	39.12	41.63	41.88	58.9	46.04	47.8	43.27	42.56	28.6
7	20.88	29.43	14.56	38.01	34.21	14.14	40.72	0.0	37.7	24.08	29.41	50.22	9.43	56.52	12.08	83.19	86.15	51.0	46.96	64.64	58.55	33.24	99.13	87.56	64.28	98.08	54.23	85.84	56.04	42.19	79.01	88.23	54.08	86.28	42.3	70.21	55.9	25.08	56.44	94.34	34.48	34.23	105.12	48.75	79.65	57.94	53.85	98.74	23.71	69.26	80.81	9.89	20.88
8	25.0	19.92	48.01	15.3	43.32	43.28	3.61	37.7	0.0	19.42	20.59	43.42	40.45	33.6	40.11	45.79	51.79	50.93	9.9	29.21	61.52	47.54	62.2	61.03	30.08	63.13	56.57	50.04	55.97	25.55	46.49	63.89	18.87	54.12	48.83	53.0	37.36	45.89	44.27	57.63	65.07	36.89	68.77	33.11	42.44	39.82	43.42	62.37	42.44	46.75	46.87	39.15	25.0
9	24.33	26.42	37.74	29.07	45.28	34.93	21.02	24.08	19.42	0.0	6.08	53.24	23.26	49.82	22.14	61.35	71.2	36.67	26.17	41.59	46.65	28.65	76.49	79.26	49.48	74.4	41.68	69.26	42.05	18.97	65.8	81.54	31.38	62.23	31.89	67.9	33.24	26.48	56.61	71.55	57.25	20.0	81.99	26.48	57.58	54.45	34.06	75.66	39.32	63.41	57.01	29.98	24.33
10	30.15	31.38	43.42	32.65	51.16	40.85	21.19	29.41	20.59	6.08	0.0	58.18	27.2	53.04	25.55	58.69	71.57	31.91	25.18	38.28	42.2	27.2	73.16	81.54	50.33	70.18	37.2	69.05	37.22	13.0	66.85	84.2	28.64	57.38	28.43	71.7	27.2	27.02	61.06	68.15	63.07	16.4	78.26	20.4	54.82	58.26	28.16	72.01	45.4	66.53	52.7	35.89	30.15
11	31.14	26.83	47.43	28.16	20.1	41.79	46.17	50.22	43.42	53.24	58.18	0.0	59.03	21.26	60.96	74.69	56.4	89.89	50.01	67.08	99.85	78.87	91.3	44.72	41.88	97.5	94.89	60.14	95.26	67.72	47.2	43.05	59.14	92.96	84.6	22.09	80.6	72.84	8.06	88.1	51.16	73.06	99.3	75.69	73.01	15.26	85.38	93.47	31.05	26.25	84.4	42.38	31.14
12	28.65	36.4	22.02	43.93	43.6	23.09	42.95	9.43	40.45	23.26	27.2	59.03	0.0	63.57	3.0	84.5	91.05	43.29	48.76	64.85	50.09	24.33	99.74	94.56	69.03	97.35	46.0	90.09	48.09	38.9	84.48	95.63	54.63	84.5	34.0	78.39	51.61	15.81	64.9	94.81	41.3	27.51	105.19	44.41	80.78	65.74	47.93	98.88	33.12	76.69	79.88	19.23	28.65
13	35.69	27.2	59.01	20.81	36.77	53.01	34.99	56.52	33.6	49.82	53.04	21.26	63.57	0.0	64.62	54.42	35.85	84.39	36.4	50.04	94.92	78.24	70.68	31.05	21.02	77.88	89.94	39.05	89.5	59.08	26.83	32.2	44.15	75.17	81.39	19.7	69.78	74.3	16.16	67.78	68.01	69.35	78.79	66.37	53.16	8.06	76.85	73.16	44.72	13.6	66.27	51.64	35.69
14	30.23	37.58	25.02	44.64	46.04	25.96	42.43	12.08	40.11	22.14	25.55	60.96	3.0	64.62	0.0	83.49	91.2	40.31	48.05	63.56	47.1	21.38	98.49	95.52	69.18	95.72	43.0	90.01	45.1	36.8	84.85	96.77	53.49	82.62	31.0	79.92	49.2	13.0	66.61	93.52	44.28	24.7	103.77	42.01	79.71	67.12	45.19	97.49	35.78	77.88	78.23	21.96	30.23
15	69.66	62.24	93.74	53.08	83.87	88.81	42.54	83.19	45.79	61.35	58.69	74.69	84.5	54.42	83.49	0.0	35.11	75.13	36.24	21.02	84.4	83.22	17.03	60.02	33.53	24.08	80.6	28.23	78.1	52.04	39.32	65.76	30.08	27.78	79.1	69.87	50.45	85.33	70.58	13.42	109.99	70.11	24.7	53.34	4.0	62.3	61.61	18.79	86.31	59.54	19.85	84.87	69.66
16	66.91	57.87	91.98	48.37	72.45	86.12	50.45	86.15	51.79	71.2	71.57	56.4	91.05	35.85	91.2	35.11	0.0	97.53	46.82	45.97	107.91	98.76	46.01	26.02	22.02	57.87	103.35	7.07	101.71	71.11	9.22	32.06	48.02	62.65	98.23	42.72	75.8	97.67	49.58	45.4	103.25	86.98	54.01	75.8	36.67	41.23	85.98	50.16	79.38	32.8	54.12	83.72	66.91
17	60.41	63.06	65.12	64.4	80.78	65.03	50.25	51.0	50.93	36.67	31.91	89.89	43.29	84.39	40.31	75.13	97.53	0.0	51.61	54.82	10.63	21.02	85.0	111.4	78.24	76.79	5.83	93.52	5.39	26.63	94.58	114.63	49.66	61.0	10.3	103.41	25.02	29.73	92.96	80.01	84.59	17.46	87.37	22.14	71.2	90.0	14.04	82.1	72.84	97.67	61.03	60.35	60.41
18	34.83	29.07	57.8	22.36	52.39	53.15	6.4	46.96	9.9	26.17	25.18	50.01	48.76	36.4	48.05	36.24	46.82	51.61	0.0	19.42	62.2	52.17	52.43	60.11	26.63	53.26	57.43	43.93	56.22	25.0	43.05	63.78	9.49	44.78	51.48	56.08	33.62	52.04	49.5	47.8	74.97	40.16	58.9	31.14	32.76	43.68	41.77	52.5	52.2	48.37	37.22	48.96	34.83
19	54.2	48.37	76.49	40.85	71.55	72.12	25.61	64.64	29.21	41.59	38.28	67.08	64.85	50.04	63.56	21.02	45.97	54.82	19.42	0.0	64.51	62.2	34.93	66.24	32.89	33.97	60.44	40.61	58.19	31.02	46.04	71.11	10.63	25.96	58.22	68.73	30.87	64.54	65.12	29.97	94.18	49.09	40.5	32.76	17.03	58.01	41.79	34.13	71.61	59.44	17.89	67.74	54.2
20	69.86	73.06	72.11	74.81	89.81	72.69	60.88	58.55	61.52	46.65	42.2	99.85	50.09	94.92	47.1	84.4	107.91	10.63	62.2	64.51	0.0	26.02	93.26	122.02	88.81	84.1	5.0	103.75	6.32	37.2	105.12	125.26	59.94	68.12	16.28	113.85	33.96	35.06	103.17	88.36	91.02	26.83	95.01	32.2	80.52	100.42	22.8	90.05	81.25	108.25	69.18	68.23	69.86
21	47.8	53.04	46.27	57.43	66.19	47.3	48.38	33.24	47.54	28.65	27.2	78.87	24.33	78.24	21.38	83.22	98.76	21.02	52.17	62.2	26.02	0.0	95.9	107.91	77.49	90.14	22.36	96.1	25.0	31.26	93.98	110.14	54.04	75.24	10.77	95.67	38.47	9.06	83.45	90.8	65.01	13.15	99.72	32.31	79.23	82.33	30.48	93.86	56.65	91.84	73.08	43.1	47.8
22	86.45	79.2	110.21	70.09	100.9	105.42	58.82	99.13	62.2	76.49	73.16	91.3	99.74	70.68	98.49	17.03	46.01	85.0	52.43	34.93	93.26	95.9	0.0	72.0	49.66	14.21	90.05	39.0	87.14	64.76	52.35	78.01	45.18	27.31	90.45	84.9	60.01	99.04	86.82	5.1	126.81	82.76	8.25	64.38	19.85	78.39	71.01	5.0	103.25	74.46	24.08	101.35	86.45
23	66.71	58.24	89.27	51.08	64.28	83.29	61.22	87.56	61.03	79.26	81.54	44.72	94.56	31.05	95.52	60.02	26.02	111.4	60.11	66.24	122.02	107.91	72.0	0.0	34.21	83.49	117.15	33.0	116.18	84.96	20.88	6.08	64.82	86.68	109.86	24.17	92.96	104.69	36.67	71.18	95.75	97.91	80.02	91.22	60.88	31.0	101.83	76.06	74.0	19.0	77.79	82.34	66.71
24	45.61	36.69	70.88	26.93	54.2	65.15	29.15	64.28	30.08	49.48	50.33	41.88	69.03	21.02	69.18	33.53	22.02	78.24	26.63	32.89	88.81	77.49	49.66	34.21	0.0	57.27	84.05	21.84	82.8	51.61	16.55	38.59	30.61	56.14	77.83	37.01	58.8	75.93	37.16	46.82	83.65	66.21	57.78	57.38	32.56	28.79	67.94	52.2	59.48	27.07	47.1	62.39	45.61
25	88.09	81.84	110.34	73.57	104.62	106.08	59.55	98.08	63.13	74.4	70.18	97.5	97.35	77.88	95.72	24.08	57.87	76.79	53.26	33.97	84.1	90.14	14.21	83.49	57.27	0.0	81.39	50.8	78.23	59.93	63.07	89.36	44.55	16.0	83.43	93.9	52.39	94.43	93.96	12.65	128.14	77.25	11.4	57.87	24.74	85.87	62.8	9.22	105.42	83.6	17.49	101.65	88.09
26	65.0	68.1	68.01	69.81	85.07	68.36	55.97	54.23	56.57	41.68	37.2	94.89	46.0	89.94	43.0	80.6	103.35	5.83	57.43	60.44	5.0	22.36	90.05	117.15	84.05	81.39	0.0	99.32	3.61	32.45	100.4	120.34	55.46	65.49	12.0	108.85	30.27	31.4	98.18	85.09	87.14	21.93	92.14	27.86	76.69	95.43	19.1	87.01	76.69	103.28	66.01	63.82	65.0
27	67.45	58.52	92.72	48.76	74.95	86.98	48.26	85.84	50.04	69.26	69.05	60.14	90.09	39.05	90.01	28.23	7.07	93.52	43.93	40.61	103.75	96.1	39.0	33.0	21.84	50.8	99.32	0.0	97.49	67.42	14.32	39.01	43.86	55.9	94.87	48.3	71.02	95.63	53.81	38.33	105.12	83.93	47.04	71.55	30.02	45.28	81.49	43.1	81.02	38.08	47.51	84.22	67.45
28	65.79	68.43	70.03	69.63	86.13	70.11	55.15	56.04	55.97	42.05	37.22	95.26	48.09	89.5	45.1	78.1	101.71	5.39	56.22	58.19	6.32	25.0	87.14	116.18	82.8	78.23	3.61	97.49	0.0	31.24	99.05	119.52	53.71	62.29	14.32	108.6	27.66	33.96	98.27	82.22	89.36	22.8	89.05	25.94	74.22	95.21	16.49	84.01	78.09	102.73	63.07	65.48	65.79
29	42.05	41.59	56.36	40.31	63.01	53.85	24.21	42.19	25.55	18.97	13.0	67.72	38.9	59.08	36.8	52.04	71.11	26.63	25.0	31.02	37.2	31.26	64.76	84.96	51.61	59.93	32.45	67.42	31.24	0.0	67.96	88.39	23.77	46.04	27.66	78.55	14.32	34.54	69.46	59.67	76.06	18.11	68.95	8.06	48.04	65.37	17.89	62.94	58.05	72.01	42.54	48.89	42.05
30	59.21	50.16	84.01	41.0	63.56	78.09	45.69	79.01	46.49	65.8	66.85	47.2	84.48	26.83	84.85	39.32	9.22	94.58	43.05	46.04	105.12	93.98	52.35	20.88	16.55	63.07	100.4	14.32	99.05	67.96	0.0	26.48	46.01	65.8	94.37	34.0	74.28	92.18	40.36	51.01	94.58	82.76	60.53	73.41	40.02	32.02	83.87	56.08	70.88	23.85	56.92	75.95	59.21
31	67.36	59.24	88.96	52.84	63.0	83.02	64.38	88.23	63.89	81.54	84.2	43.05	95.63	32.2	96.77	65.76	32.06	114.63	63.78	71.11	125.26	110.14	78.01	6.08	38.59	89.36	120.34	39.01	119.52	88.39	26.48	0.0	69.07	92.18	112.61	21.38	97.01	106.47	35.01	77.1	94.19	100.6	86.05	94.92	66.49	30.59	105.55	82.02	73.25	18.97	83.24	82.43	67.36
32	43.83	38.48	65.86	31.78	61.85	61.52	15.26	54.08	18.87	31.38	28.64	59.14	54.63	44.15	53.49	30.08	48.02	49.66	9.49	10.63	59.94	54.04	45.18	64.82	30.61	44.55	55.46	43.86	53.71	23.77	46.01	69.07	0.0	35.34	51.42	63.6	28.28	55.44	58.14	40.31	83.63	41.19	51.04	27.78	26.25	51.79	38.01	44.65	61.29	55.15	28.02	57.12	43.83
33	78.89	73.82	99.36	66.73	97.17	95.6	50.54	86.28	54.12	62.23	57.38	92.96	84.5	75.17	82.62	27.78	62.65	61.0	44.78	25.96	68.12	75.24	27.31	86.68	56.14	16.0	65.49	55.9	62.29	46.04	65.8	92.18	35.34	0.0	68.01	93.05	37.0	80.13	90.67	23.32	118.0	62.61	27.17	42.95	26.0	83.22	47.07	23.09	96.38	83.22	9.06	90.93	78.89
34	54.12	58.01	56.01	60.81	73.74	56.44	48.88	42.3	48.83	31.89	28.43	84.6	34.0	81.39	31.0	79.1	98.23	10.3	51.48	58.22	16.28	10.77	90.45	109.86	77.83	83.43	12.0	94.87	14.32	27.66	94.37	112.61	51.42	68.01	0.0	99.76	31.05	19.65	88.41	85.38	75.17	12.04	93.56	26.08	75.11	86.31	21.47	87.97	65.0	94.92	66.91	51.95	54.12
35	49.74	42.8	69.12	39.05	42.19	63.32	54.59	70.21	53.0	67.9	71.7	22.09	78.39	19.7	79.92	69.87	42.72	103.41	56.08	68.73	113.85	95.67	84.9	24.17	37.01	93.9	108.85	48.3	108.6	78.55	34.0	21.38	63.6	93.05	99.76	0.0	89.47	90.8	14.32	82.76	73.03	87.78	93.15	85.96	69.35	13.45	96.38	88.07	52.95	10.44	84.02	63.35	49.74
36	56.22	55.15	70.26	52.63	77.1	68.01	35.11	55.9	37.36	33.24	27.2	80.6	51.61	69.78	49.2	50.45	75.8	25.02	33.62	30.87	33.96	38.47	60.01	92.96	58.8	52.39	30.27	71.02	27.66	14.32	74.28	97.01	28.28	37.0	31.05	89.47	0.0	44.2	81.61	55.0	90.08	26.4	62.65	7.21	46.57	76.69	11.18	57.22	72.37	81.99	36.12	63.03	56.22
37	41.73	48.01	37.48	53.67	58.83	38.9	47.38	25.08	45.89	26.48	27.02	72.84	15.81	74.3	13.0	85.33	97.67	29.73	52.04	64.54	35.06	9.06	99.04	104.69	75.93	94.43	31.4	95.63	33.96	34.54	92.18	106.47	55.44	80.13	19.65	90.8	44.2	0.0	77.99	93.96	56.0	17.8	103.46	37.44	81.39	77.67	37.64	97.41	48.75	87.82	77.08	34.96	41.73
38	36.4	30.48	54.82	29.15	28.02	49.04	46.57	56.44	44.27	56.61	61.06	8.06	64.9	16.16	66.61	70.58	49.58	92.96	49.5	65.12	103.17	83.45	86.82	36.67	37.16	93.96	98.18	53.81	98.27	69.46	40.36	35.01	58.14	90.67	88.41	14.32	81.61	77.99	0.0	83.93	59.21	76.61	94.94	77.25	69.26	8.6	87.32	89.32	38.64	18.38	81.88	49.21	36.4
39	82.07	75.01	105.6	66.07	97.01	100.9	54.2	94.34	57.63	71.55	68.15	88.1	94.81	67.78	93.52	13.42	45.4	80.01	47.8	29.97	88.36	90.8	5.1	71.18	46.82	12.65	85.09	38.33	82.22	59.67	51.01	77.1	40.31	23.32	85.38	82.76	55.0	93.96	83.93	0.0	122.43	77.67	11.4	59.3	15.62	75.61	66.03	5.39	99.01	72.37	19.24	96.76	82.07
40	40.36	48.01	19.92	57.69	31.58	22.47	68.62	34.48	65.07	57.25	63.07	51.16	41.3	68.01	44.28	109.99	103.25	84.59	74.97	94.18	91.02	65.01	126.81	95.75	83.65	128.14	87.14	105.12	89.36	76.06	94.58	94.19	83.63	118.0	75.17	73.03	90.08	56.0	59.21	122.43	0.0	68.45	133.69	83.01	106.96	65.12	88.32	127.31	24.19	76.94	111.52	27.32	40.36
41	43.08	46.32	48.66	48.8	63.32	48.04	37.12	34.23	36.89	20.0	16.4	73.06	27.51	69.35	24.7	70.11	86.98	17.46	40.16	49.09	26.83	13.15	82.76	97.91	66.21	77.25	21.93	83.93	22.8	18.11	82.76	100.6	41.19	62.61	12.04	87.78	26.4	17.8	76.61	77.67	68.45	0.0	86.68	19.72	66.12	74.33	20.59	80.78	55.44	82.88	60.08	43.25	43.08
42	93.35	86.37	116.66	77.47	108.41	112.04	65.3	105.12	68.77	81.99	78.26	99.3	105.19	78.79	103.77	24.7	54.01	87.37	58.9	40.5	95.01	99.72	8.25	80.02	57.78	11.4	92.14	47.04	89.05	68.95	60.53	86.05	51.04	27.17	93.56	93.15	62.65	103.46	94.94	11.4	133.69	86.68	0.0	67.68	27.02	86.54	73.33	6.4	110.34	82.71	26.68	107.84	93.35
43	50.01	49.65	63.16	48.1	71.0	61.03	31.38	48.75	33.11	26.48	20.4	75.69	44.41	66.37	42.01	53.34	75.8	22.14	31.14	32.76	32.2	32.31	64.38	91.22	57.38	57.87	27.86	71.55	25.94	8.06	73.41	94.92	27.78	42.95	26.08	85.96	7.21	37.44	77.25	59.3	83.01	19.72	67.68	0.0	49.37	72.9	10.63	61.98	65.76	79.06	41.0	56.05	50.01
44	66.6	59.41	90.44	50.45	81.4	85.6	39.12	79.65	42.44	57.58	54.82	73.01	80.78	53.16	79.71	4.0	36.67	71.2	32.76	17.03	80.52	79.23	19.85	60.88	32.56	24.74	76.69	30.02	74.22	48.04	40.02	66.49	26.25	26.0	75.11	69.35	46.57	81.39	69.26	15.62	106.96	66.12	27.02	49.37	0.0	61.13	57.72	20.81	83.44	59.14	17.49	81.58	66.6
45	37.16	29.68	58.42	25.61	33.54	52.47	41.63	57.94	39.82	54.45	58.26	15.26	65.74	8.06	67.12	62.3	41.23	90.0	43.68	58.01	100.42	82.33	78.39	31.0	28.79	85.87	95.43	45.28	95.21	65.37	32.02	30.59	51.79	83.22	86.31	13.45	76.69	77.67	8.6	75.61	65.12	74.33	86.54	72.9	61.13	0.0	83.24	80.99	43.0	12.0	74.33	51.85	37.16
46	58.31	58.94	68.41	58.18	79.31	67.08	41.88	53.85	43.42	34.06	28.16	85.38	47.93	76.85	45.19	61.61	85.98	14.04	41.77	41.79	22.8	30.48	71.01	101.83	67.94	62.8	19.1	81.49	16.49	17.89	83.87	105.55	38.01	47.07	21.47	96.38	11.18	37.64	87.32	66.03	88.32	20.59	73.33	10.63	57.72	83.24	0.0	68.07	73.06	89.63	47.01	62.14	58.31
47	86.98	80.06	110.26	71.22	102.2	105.65	58.9	98.74	62.37	75.66	72.01	93.47	98.88	73.16	97.49	18.79	50.16	82.1	52.5	34.13	90.05	93.86	5.0	76.06	52.2	9.22	87.01	43.1	84.01	62.94	56.08	82.02	44.65	23.09	87.97	88.07	57.22	97.41	89.32	5.39	127.31	80.78	6.4	61.98	20.81	80.99	68.07	0.0	104.0	77.67	21.1	101.44	86.98
48	17.49	24.08	16.55	33.6	11.66	11.4	46.04	23.71	42.44	39.32	45.4	31.05	33.12	44.72	35.78	86.31	79.38	72.84	52.2	71.61	81.25	56.65	103.25	74.0	59.48	105.42	76.69	81.02	78.09	58.05	70.88	73.25	61.29	96.38	65.0	52.95	72.37	48.75	38.64	99.01	24.19	55.44	110.34	65.76	83.44	43.0	73.06	104.0	0.0	55.0	89.31	13.94	17.49
49	48.38	40.31	70.35	34.41	45.4	64.38	47.8	69.26	46.75	63.41	66.53	26.25	76.69	13.6	77.88	59.54	32.8	97.67	48.37	59.44	108.25	91.84	74.46	19.0	27.07	83.6	103.28	38.08	102.73	72.01	23.85	18.97	55.15	83.22	94.92	10.44	81.99	87.82	18.38	72.37	76.94	82.88	82.71	79.06	59.14	12.0	89.63	77.67	55.0	0.0	74.17	63.59	48.38
50	71.85	66.24	93.35	58.69	89.44	89.27	43.27	80.81	46.87	57.01	52.7	84.4	79.88	66.27	78.23	19.85	54.12	61.03	37.22	17.89	69.18	73.08	24.08	77.79	47.1	17.49	66.01	47.51	63.07	42.54	56.92	83.24	28.02	9.06	66.91	84.02	36.12	77.08	81.88	19.24	111.52	60.08	26.68	41.0	17.49	74.33	47.01	21.1	89.31	74.17	0.0	84.74	71.85
51	16.82	25.85	8.88	35.47	24.93	4.98	42.56	9.89	39.15	29.98	35.89	42.38	19.23	51.64	21.96	84.87	83.72	60.35	48.96	67.74	68.23	43.1	101.35	82.34	62.39	101.65	63.82	84.22	65.48	48.89	75.95	82.43	57.12	90.93	51.95	63.35	63.03	34.96	49.21	96.76	27.32	43.25	107.84	56.05	81.58	51.85	62.14	101.44	13.94	63.59	84.74	0.0	16.82
;
