vehicles
vehicle_idx, capacity, cost_per_unit_distance
1,100,1
2,100,1
3,100,1
4,100,1
5,100,1
6,100,1
depot
node_idx,x,y
0,14,68
home delivery customers
node_idx,x,y,service_time,demand
1,13,47,10,24
2,24,79,10,14
3,72,67,10,14
4,1,2,10,13
5,2,28,10,18
6,39,53,10,14
7,22,39,10,9
8,53,84,10,3
9,63,59,10,8
10,42,88,10,24
11,58,78,10,13
12,73,1,10,14
13,17,32,10,18
14,87,79,10,24
15,98,77,10,14
self pickup customers
node_idx,x,y,service_time,demand,locker_idxs
16,73,2,10,8,49-46
17,37,44,10,9,55
18,33,42,10,18,51
19,17,28,10,3,45
20,42,48,10,8,50
21,97,38,10,24,46
22,58,32,10,18,55
23,38,37,10,24,51
24,32,88,10,14,47
25,63,32,10,24,55
26,88,94,10,9,48-44
27,43,62,10,14,50
28,12,24,10,4,45
29,34,12,10,18,45
flexible customers
node_idx,x,y,service_time,demand,locker_idxs
30,34,63,10,19,51-53-54-52-50
31,58,98,10,9,44-48
32,18,98,10,9,47-44
33,78,63,10,8,48
34,32,82,10,4,50-47
35,87,1,10,8,46-49
36,42,77,10,18,50-47-44
37,83,27,10,13,49-46
38,79,92,10,2,48-44
39,38,23,10,13,51-45
40,22,73,10,23,47
41,48,53,10,8,51-53-55-54-52-50
42,48,23,10,13,55-51-53-45-49
43,7,37,10,4,45
lockers
node_idx,x,y,service_time,capacity,cost_per_unit_good
44,65,88,10,94
45,25,15,10,85
46,93,12,10,73
47,22,88,10,70
48,77,88,10,76
49,72,14,10,96
50,48,69,10,90
51,36,41,10,78
52,50,50,10,77
53,47,46,10,79
54,48,51,10,86
55,59,42,10,88
mrt lines
start_node_idx,end_node_idx,freight_capacity,cost_per_unit_good
44,45,94,0.5
45,44,94,0.5
46,47,73,0.5
47,46,73,0.5
distance matrix
,0,1,2,3,4,5,6,7,8,9,10,11,12,13,14,15,16,17,18,19,20,21,22,23,24,25,26,27,28,29,30,31,32,33,34,35,36,37,38,39,40,41,42,43,44,45,46,47,48,49,50,51,52,53,54,55,
0,0.0,21.02,14.87,58.01,67.27,41.76,29.15,30.08,42.15,49.82,34.41,45.12,89.27,36.12,73.82,84.48,88.53,33.24,32.2,40.11,34.41,88.26,56.85,39.2,26.91,60.8,78.43,29.61,44.05,59.46,20.62,53.25,30.27,64.2,22.8,99.09,29.41,80.26,69.29,51.0,9.43,37.16,56.4,31.78,54.78,54.13,96.83,21.54,66.1,79.25,34.01,34.83,40.25,39.66,38.01,51.97
1,21.02,0.0,33.84,62.3,46.57,21.95,26.68,12.04,54.49,51.42,50.22,54.64,75.6,15.52,80.62,90.14,75.0,24.19,20.62,19.42,29.02,84.48,47.43,26.93,45.19,52.2,88.51,33.54,23.02,40.82,26.4,68.01,51.24,66.94,39.82,87.13,41.73,72.8,79.88,34.66,27.51,35.51,42.44,11.66,66.22,34.18,87.32,41.98,76.01,67.6,41.34,23.77,37.12,34.01,35.23,46.27
2,14.87,33.84,0.0,49.48,80.36,55.54,30.02,40.05,29.43,43.83,20.12,34.01,92.11,47.52,63.0,74.03,91.27,37.34,38.08,51.48,35.85,83.73,58.01,44.27,12.04,61.07,65.73,25.5,56.29,67.74,18.87,38.95,19.92,56.32,8.54,100.26,18.11,78.64,56.52,57.72,6.32,35.38,60.93,45.31,41.98,64.01,96.18,9.22,53.76,80.8,26.0,39.85,38.95,40.22,36.88,50.93
3,58.01,62.3,49.48,0.0,96.26,80.13,35.85,57.31,25.5,12.04,36.62,17.8,66.01,65.19,19.21,27.86,65.01,41.88,46.32,67.42,35.51,38.29,37.7,45.34,45.18,36.14,31.38,29.43,73.82,66.85,38.21,34.01,62.27,7.21,42.72,67.68,31.62,41.48,25.96,55.61,50.36,27.78,50.12,71.59,22.14,70.09,58.87,54.23,21.59,53.0,24.08,44.41,27.8,32.65,28.84,28.18
4,67.27,46.57,80.36,96.26,0.0,26.02,63.6,42.54,97.1,84.22,95.27,95.0,72.01,34.0,115.43,122.61,72.0,55.32,51.22,30.53,61.62,102.53,64.41,50.93,91.42,68.88,126.62,73.24,24.6,34.48,69.35,111.65,97.49,98.23,85.8,86.01,85.48,85.73,119.1,42.54,74.04,69.35,51.48,35.51,107.2,27.29,92.54,88.53,114.77,72.01,81.84,52.4,68.59,63.66,67.9,70.46
5,41.76,21.95,55.54,80.13,26.02,0.0,44.65,22.83,75.74,68.43,72.11,75.07,75.96,15.52,99.13,107.78,75.61,38.48,34.01,15.0,44.72,95.52,56.14,37.11,67.08,61.13,108.41,53.26,10.77,35.78,47.42,89.64,71.81,83.67,61.77,89.19,63.25,81.01,100.12,36.35,49.24,52.35,46.27,10.3,87.0,26.42,92.4,63.25,96.05,71.39,61.62,36.4,52.8,48.47,51.43,58.69
6,29.15,26.68,30.02,35.85,63.6,44.65,0.0,22.02,34.01,24.74,35.13,31.4,62.13,30.41,54.59,63.69,61.29,9.22,12.53,33.3,5.83,59.91,28.32,16.03,35.69,31.89,63.89,9.85,39.62,41.3,11.18,48.85,49.66,40.26,29.83,70.77,24.19,51.11,55.87,30.02,26.25,9.0,31.32,35.78,43.6,40.5,67.8,38.91,51.66,51.09,18.36,12.37,11.4,10.63,9.22,22.83
7,30.08,12.04,40.05,57.31,42.54,22.83,22.02,0.0,54.64,45.62,52.92,53.08,63.6,8.6,76.32,84.97,63.01,15.81,11.4,12.08,21.93,75.01,36.67,16.12,50.01,41.59,85.91,31.14,18.03,29.55,26.83,69.12,59.14,60.93,44.15,75.29,42.94,62.17,77.83,22.63,34.0,29.53,30.53,15.13,65.19,24.19,75.96,49.0,73.66,55.9,39.7,14.14,30.08,25.96,28.64,37.12
8,42.15,54.49,29.43,25.5,97.1,75.74,34.01,54.64,0.0,26.93,11.7,7.81,85.38,63.25,34.37,45.54,84.4,43.08,46.52,66.57,37.64,63.66,52.24,49.34,21.38,52.95,36.4,24.17,72.67,74.46,28.32,14.87,37.7,32.65,21.1,89.69,13.04,64.41,27.2,62.82,32.89,31.4,61.2,65.76,12.65,74.46,82.37,31.26,24.33,72.53,15.81,46.24,34.13,38.47,33.38,42.43
9,49.82,51.42,43.83,12.04,84.22,68.43,24.74,45.62,26.93,0.0,35.81,19.65,58.86,53.34,31.24,39.36,57.87,30.02,34.48,55.47,23.71,39.96,27.46,33.3,42.45,27.0,43.01,20.22,61.85,55.23,29.27,39.32,59.55,15.52,38.6,62.77,27.66,37.74,36.67,43.83,43.32,16.16,39.0,60.17,29.07,58.14,55.76,50.22,32.2,45.89,18.03,32.45,15.81,20.62,17.0,17.46
10,34.41,50.22,20.12,36.62,95.27,72.11,35.13,52.92,11.7,35.81,0.0,18.87,92.36,61.33,45.89,57.07,91.42,44.28,46.87,65.0,40.0,74.33,58.24,51.16,10.0,59.81,46.39,26.02,70.68,76.42,26.25,18.87,26.0,43.83,11.66,97.95,11.0,73.5,37.22,65.12,25.0,35.51,65.28,61.85,23.0,74.95,91.53,20.0,35.0,79.85,19.92,47.38,38.83,42.3,37.48,49.04
11,45.12,54.64,34.01,17.8,95.0,75.07,31.4,53.08,7.81,19.65,18.87,0.0,78.45,61.62,29.02,40.01,77.47,39.96,43.83,64.66,34.0,55.87,46.0,45.62,27.86,46.27,34.0,21.93,70.94,70.23,28.3,20.0,44.72,25.0,26.31,82.28,16.03,56.8,25.24,58.52,36.35,26.93,55.9,65.44,12.21,71.12,74.71,37.36,21.47,65.51,13.45,43.05,29.12,33.84,28.79,36.01
12,89.27,75.6,92.11,66.01,72.01,75.96,62.13,63.6,85.38,58.86,92.36,78.45,0.0,64.01,79.25,80.01,1.0,56.08,57.28,62.17,56.3,44.1,34.44,50.21,96.18,32.57,94.2,67.98,65.19,40.52,73.25,98.15,111.51,62.2,90.79,14.0,82.08,27.86,91.2,41.34,88.23,57.7,33.3,75.18,87.37,50.0,22.83,100.85,87.09,13.04,72.45,54.49,54.13,51.97,55.9,43.32
13,36.12,15.52,47.52,65.19,34.0,15.52,30.41,8.6,63.25,53.34,61.33,61.62,64.01,0.0,84.31,92.66,63.53,23.32,18.87,4.0,29.68,80.22,41.0,21.59,57.97,46.0,94.26,39.7,9.43,26.25,35.36,77.7,66.01,68.43,52.2,76.56,51.48,66.19,86.28,22.85,41.3,37.44,32.28,11.18,73.76,18.79,78.59,56.22,82.07,57.87,48.27,21.02,37.59,33.11,36.36,43.17
14,73.82,80.62,63.0,19.21,115.43,99.13,54.59,76.32,34.37,31.24,45.89,29.02,79.25,84.31,0.0,11.18,78.26,61.03,65.46,86.61,54.64,42.2,55.23,64.54,55.73,52.77,15.03,47.17,93.01,85.43,55.36,34.67,71.57,18.36,55.08,78.0,45.04,52.15,15.26,74.41,65.28,46.87,68.24,90.35,23.77,89.11,67.27,65.62,13.45,66.71,40.26,63.6,47.01,51.86,48.01,46.4
15,84.48,90.14,74.03,27.86,122.61,107.78,63.69,84.97,45.54,39.36,57.07,40.01,80.01,92.66,11.18,0.0,79.06,69.35,73.82,94.67,63.06,39.01,60.21,72.11,66.91,57.01,19.72,57.01,101.02,91.22,65.51,45.18,82.71,24.41,66.19,76.79,56.0,52.2,24.21,80.72,76.11,55.46,73.59,99.4,34.79,95.78,65.19,76.79,23.71,68.15,50.64,71.69,55.07,59.68,56.36,52.4
16,88.53,75.0,91.27,65.01,72.0,75.61,61.29,63.01,84.4,57.87,91.42,77.47,1.0,63.53,78.26,79.06,0.0,55.32,56.57,61.74,55.47,43.27,33.54,49.5,95.27,31.62,93.21,67.08,64.85,40.26,72.4,97.16,110.64,61.2,89.89,14.04,81.15,26.93,90.2,40.82,87.42,56.8,32.65,74.71,86.37,49.73,22.36,99.98,86.09,12.04,71.51,53.76,53.23,51.11,55.01,42.38
17,33.24,24.19,37.34,41.88,55.32,38.48,9.22,15.81,43.08,30.02,44.28,39.96,56.08,23.32,61.03,69.35,55.32,0.0,4.47,25.61,6.4,60.3,24.19,7.07,44.28,28.64,71.42,18.97,32.02,32.14,19.24,57.94,57.25,45.19,38.33,65.95,33.38,49.04,63.78,21.02,32.65,14.21,23.71,30.81,52.15,31.38,64.5,46.49,59.46,46.1,27.31,3.16,14.32,10.2,13.04,22.09
18,32.2,20.62,38.08,46.32,51.22,34.01,12.53,11.4,46.52,34.48,46.87,43.83,57.28,18.87,65.46,73.82,56.57,4.47,0.0,21.26,10.82,64.12,26.93,7.07,46.01,31.62,75.69,22.36,27.66,30.02,21.02,61.33,57.97,49.66,40.01,67.8,36.14,52.2,67.94,19.65,32.89,18.6,24.21,26.48,56.04,28.16,67.08,47.3,63.66,48.01,30.89,3.16,18.79,14.56,17.49,26.0
19,40.11,19.42,51.48,67.42,30.53,15.0,33.3,12.08,66.57,55.47,65.0,64.66,62.17,4.0,86.61,94.67,61.74,25.61,21.26,0.0,32.02,80.62,41.19,22.85,61.85,46.17,96.94,42.8,6.4,23.35,38.91,81.12,70.01,70.33,56.04,75.03,55.01,66.01,89.11,21.59,45.28,39.82,31.4,13.45,76.84,15.26,77.67,60.21,84.85,56.75,51.4,23.02,39.66,34.99,38.6,44.27
20,34.41,29.02,35.85,35.51,61.62,44.72,5.83,21.93,37.64,23.71,40.0,34.0,56.3,29.68,54.64,63.06,55.47,6.4,10.82,32.02,0.0,55.9,22.63,11.7,41.23,26.4,65.05,14.04,38.42,36.88,17.0,52.5,55.46,39.0,35.44,65.07,29.0,46.07,57.49,25.32,32.02,7.81,25.71,36.69,46.14,37.12,62.43,44.72,53.15,45.34,21.84,9.22,8.25,5.39,6.71,18.03
21,88.26,84.48,83.73,38.29,102.53,95.52,59.91,75.01,63.66,39.96,74.33,55.87,44.1,80.22,42.2,39.01,43.27,60.3,64.12,80.62,55.9,0.0,39.46,59.01,82.01,34.53,56.72,59.09,86.15,68.15,67.78,71.56,99.2,31.4,78.49,38.33,67.42,17.8,56.92,60.88,82.76,51.24,51.24,90.01,59.36,75.58,26.31,90.14,53.85,34.66,57.98,61.07,48.51,50.64,50.7,38.21
22,56.85,47.43,58.01,37.7,64.41,56.14,28.32,36.67,52.24,27.46,58.24,46.0,34.44,41.0,55.23,60.21,33.54,24.19,26.93,41.19,22.63,39.46,0.0,20.62,61.74,5.0,68.88,33.54,46.69,31.24,39.2,66.0,77.18,36.89,56.36,42.45,47.76,25.5,63.57,21.93,54.56,23.26,13.45,51.24,56.44,37.12,40.31,66.57,59.14,22.8,38.33,23.77,19.7,17.8,21.47,10.05
23,39.2,26.93,44.27,45.34,50.93,37.11,16.03,16.12,49.34,33.3,51.16,45.62,50.21,21.59,64.54,72.11,49.5,7.07,7.07,22.85,11.7,59.01,20.62,0.0,51.35,25.5,75.82,25.5,29.07,25.32,26.31,64.2,64.2,47.71,45.4,60.8,40.2,46.1,68.6,14.0,39.4,18.87,17.2,31.0,57.71,25.55,60.42,53.45,64.2,41.05,33.53,4.47,17.69,12.73,17.2,21.59
24,26.91,45.19,12.04,45.18,91.42,67.08,35.69,50.01,21.38,42.45,10.0,27.86,96.18,57.97,55.73,66.91,95.27,44.28,46.01,61.85,41.23,82.01,61.74,51.35,0.0,64.01,56.32,28.23,67.05,76.03,25.08,27.86,17.2,52.35,6.0,102.93,14.87,79.51,47.17,65.28,18.03,38.48,66.94,56.8,33.0,73.33,97.45,10.0,45.0,84.12,24.84,47.17,42.05,44.6,40.31,53.34
25,60.8,52.2,61.07,36.14,68.88,61.13,31.89,41.59,52.95,27.0,59.81,46.27,32.57,46.0,52.77,57.01,31.62,28.64,31.62,46.17,26.4,34.53,5.0,25.5,64.01,0.0,66.85,36.06,51.62,35.23,42.45,66.19,79.88,34.44,58.83,39.2,49.66,20.62,62.1,26.57,57.98,25.81,17.49,56.22,56.04,41.63,36.06,69.4,57.72,20.12,39.92,28.46,22.2,21.26,24.21,10.77
26,78.43,88.51,65.73,31.38,126.62,108.41,63.89,85.91,36.4,43.01,46.39,34.0,94.2,94.26,15.03,19.72,93.21,71.42,75.69,96.94,65.05,56.72,68.88,75.82,56.32,66.85,0.0,55.22,103.32,98.18,62.27,30.27,70.11,32.57,57.27,93.01,49.04,67.19,9.22,86.84,69.26,57.28,81.49,99.05,23.77,101.04,82.15,66.27,12.53,81.58,47.17,74.25,58.14,63.13,58.73,59.54
27,29.61,33.54,25.5,29.43,73.24,53.26,9.85,31.14,24.17,20.22,26.02,21.93,67.98,39.7,47.17,57.01,67.08,18.97,22.36,42.8,14.04,59.09,33.54,25.5,28.23,36.06,55.22,0.0,49.04,50.8,9.06,39.0,43.83,35.01,22.83,75.21,15.03,53.15,46.86,39.32,23.71,10.3,39.32,43.83,34.06,50.33,70.71,33.42,42.8,56.08,8.6,22.14,13.89,16.49,12.08,25.61
28,44.05,23.02,56.29,73.82,24.6,10.77,39.62,18.03,72.67,61.85,70.68,70.94,65.19,9.43,93.01,101.02,64.85,32.02,27.66,6.4,38.42,86.15,46.69,29.07,67.05,51.62,103.32,49.04,0.0,25.06,44.78,87.13,74.24,76.66,61.35,78.45,60.9,71.06,95.46,26.02,50.01,46.23,36.01,13.93,83.1,15.81,81.88,64.78,91.22,60.83,57.63,29.41,46.04,41.34,45.0,50.33
29,59.46,40.82,67.74,66.85,34.48,35.78,41.3,29.55,74.46,55.23,76.42,70.23,40.52,26.25,85.43,91.22,40.26,32.14,30.02,23.35,36.88,68.15,31.24,25.32,76.03,35.23,98.18,50.8,25.06,0.0,51.0,89.29,87.48,67.36,70.03,54.13,65.49,51.24,91.79,11.7,62.17,43.32,17.8,36.8,82.08,9.49,59.0,76.94,87.32,38.05,58.69,29.07,41.23,36.4,41.44,39.05
30,20.62,26.4,18.87,38.21,69.35,47.42,11.18,26.83,28.32,29.27,26.25,28.3,73.25,35.36,55.36,65.51,72.4,19.24,21.02,38.91,17.0,67.78,39.2,26.31,25.08,42.45,62.27,9.06,44.78,51.0,0.0,42.44,38.48,44.0,19.1,81.57,16.12,60.8,53.54,40.2,15.62,17.2,42.38,37.48,39.82,48.84,77.99,27.73,49.74,62.01,15.23,22.09,20.62,21.4,18.44,32.65
31,53.25,68.01,38.95,34.01,111.65,89.64,48.85,69.12,14.87,39.32,18.87,20.0,98.15,77.7,34.67,45.18,97.16,57.94,61.33,81.12,52.5,71.56,66.0,64.2,27.86,66.19,30.27,39.0,87.13,89.29,42.44,0.0,40.0,40.31,30.53,101.24,26.4,75.27,21.84,77.62,43.83,46.1,75.66,79.51,12.21,89.32,92.85,37.36,21.47,85.16,30.68,61.1,48.66,53.15,48.05,56.01
32,30.27,51.24,19.92,62.27,97.49,71.81,49.66,59.14,37.7,59.55,26.0,44.72,111.51,66.01,71.57,82.71,110.64,57.25,57.97,70.01,55.46,99.2,77.18,64.2,17.2,79.88,70.11,43.83,74.24,87.48,38.48,40.0,0.0,69.46,21.26,119.04,31.89,96.26,61.29,77.62,25.32,54.08,80.78,61.98,48.05,83.29,114.11,10.77,59.84,99.86,41.73,59.77,57.69,59.54,55.76,69.4
33,64.2,66.94,56.32,7.21,98.23,83.67,40.26,60.93,32.65,15.52,43.83,25.0,62.2,68.43,18.36,24.41,61.2,45.19,49.66,70.33,39.0,31.4,36.89,47.71,52.35,34.44,32.57,35.01,76.66,67.36,44.0,40.31,69.46,0.0,49.77,62.65,38.63,36.35,29.02,56.57,56.89,31.62,50.0,75.61,28.18,71.51,53.16,61.33,25.02,49.37,30.59,47.41,30.87,35.36,32.31,28.32
34,22.8,39.82,8.54,42.72,85.8,61.77,29.83,44.15,21.1,38.6,11.66,26.31,90.79,52.2,55.08,66.19,89.89,38.33,40.01,56.04,35.44,78.49,56.36,45.4,6.0,58.83,57.27,22.83,61.35,70.03,19.1,30.53,21.26,49.77,0.0,97.91,11.18,75.01,48.05,59.3,13.45,33.12,61.13,51.48,33.54,67.36,92.85,11.66,45.4,78.89,20.62,41.19,36.72,39.0,34.89,48.26
35,99.09,87.13,100.26,67.68,86.01,89.19,70.77,75.29,89.69,62.77,97.95,82.28,14.0,76.56,78.0,76.79,14.04,65.95,67.8,75.03,65.07,38.33,42.45,60.8,102.93,39.2,93.01,75.21,78.45,54.13,81.57,101.24,119.04,62.65,97.91,0.0,88.32,26.31,91.35,53.71,97.0,65.0,44.78,87.73,89.74,63.56,12.53,108.6,87.57,19.85,78.39,64.82,61.4,60.21,63.41,49.65
36,29.41,41.73,18.11,31.62,85.48,63.25,24.19,42.94,13.04,27.66,11.0,16.03,82.08,51.48,45.04,56.0,81.15,33.38,36.14,55.01,29.0,67.42,47.76,40.2,14.87,49.66,49.04,15.03,60.9,65.49,16.12,26.4,31.89,38.63,11.18,88.32,0.0,64.66,39.92,54.15,20.4,24.74,54.33,53.15,25.5,64.29,82.62,22.83,36.69,69.78,10.0,36.5,28.16,31.4,26.68,38.91
37,80.26,72.8,78.64,41.48,85.73,81.01,51.11,62.17,64.41,37.74,73.5,56.8,27.86,66.19,52.15,52.2,26.93,49.04,52.2,66.01,46.07,17.8,25.5,46.1,79.51,20.62,67.19,53.15,71.06,51.24,60.8,75.27,96.26,36.35,75.01,26.31,64.66,0.0,65.12,45.18,76.4,43.6,35.23,76.66,63.6,59.23,18.03,86.27,61.29,17.03,54.67,49.04,40.22,40.71,42.44,28.3
38,69.29,79.88,56.52,25.96,119.1,100.12,55.87,77.83,27.2,36.67,37.22,25.24,91.2,86.28,15.26,24.21,90.2,63.78,67.94,89.11,57.49,56.92,63.57,68.6,47.17,62.1,9.22,46.86,95.46,91.79,53.54,21.84,61.29,29.02,48.05,91.35,39.92,65.12,0.0,80.26,60.08,49.82,75.64,90.6,14.56,94.05,81.22,57.14,4.47,78.31,38.6,66.71,51.04,56.04,51.4,53.85
39,51.0,34.66,57.72,55.61,42.54,36.35,30.02,22.63,62.82,43.83,65.12,58.52,41.34,22.85,74.41,80.72,40.82,21.02,19.65,21.59,25.32,60.88,21.93,14.0,65.28,26.57,86.84,39.32,26.02,11.7,40.2,77.62,77.62,56.57,59.3,53.71,54.15,45.18,80.26,0.0,52.5,31.62,10.0,34.01,70.38,15.26,56.09,66.94,75.8,35.17,47.07,18.11,29.55,24.7,29.73,28.32
40,9.43,27.51,6.32,50.36,74.04,49.24,26.25,34.0,32.89,43.32,25.0,36.35,88.23,41.3,65.28,76.11,87.42,32.65,32.89,45.28,32.02,82.76,54.56,39.4,18.03,57.98,69.26,23.71,50.01,62.17,15.62,43.83,25.32,56.89,13.45,97.0,20.4,76.4,60.08,52.5,0.0,32.8,56.36,39.0,45.54,58.08,93.61,15.0,57.01,77.34,26.31,34.93,36.24,36.8,34.06,48.27
41,37.16,35.51,35.38,27.78,69.35,52.35,9.0,29.53,31.4,16.16,35.51,26.93,57.7,37.44,46.87,55.46,56.8,14.21,18.6,39.82,7.81,51.24,23.26,18.87,38.48,25.81,57.28,10.3,46.23,43.32,17.2,46.1,54.08,31.62,33.12,65.0,24.74,43.6,49.82,31.62,32.8,0.0,30.0,44.01,38.91,44.42,60.88,43.6,45.45,45.79,16.0,16.97,3.61,7.07,2.0,15.56
42,56.4,42.44,60.93,50.12,51.48,46.27,31.32,30.53,61.2,39.0,65.28,55.9,33.3,32.28,68.24,73.59,32.65,23.71,24.21,31.4,25.71,51.24,13.45,17.2,66.94,17.49,81.49,39.32,36.01,17.8,42.38,75.66,80.78,50.0,61.13,44.78,54.33,35.23,75.64,10.0,56.36,30.0,0.0,43.32,67.19,24.35,46.32,70.01,71.18,25.63,46.0,21.63,27.07,23.02,28.0,21.95
43,31.78,11.66,45.31,71.59,35.51,10.3,35.78,15.13,65.76,60.17,61.85,65.44,75.18,11.18,90.35,99.4,74.71,30.81,26.48,13.45,36.69,90.01,51.24,31.0,56.8,56.22,99.05,43.83,13.93,36.8,37.48,79.51,61.98,75.61,51.48,87.73,53.15,76.66,90.6,34.01,39.0,44.01,43.32,0.0,77.23,28.43,89.56,53.16,86.61,68.95,52.01,29.27,44.92,41.0,43.32,52.24
44,54.78,66.22,41.98,22.14,107.2,87.0,43.6,65.19,12.65,29.07,23.0,12.21,87.37,73.76,23.77,34.79,86.37,52.15,56.04,76.84,46.14,59.36,56.44,57.71,33.0,56.04,23.77,34.06,83.1,82.08,39.82,12.21,48.05,28.18,33.54,89.74,25.5,63.6,14.56,70.38,45.54,38.91,67.19,77.23,0.0,83.24,80.99,43.0,12.0,74.33,25.5,55.23,40.85,45.69,40.72,46.39
45,54.13,34.18,64.01,70.09,27.29,26.42,40.5,24.19,74.46,58.14,74.95,71.12,50.0,18.79,89.11,95.78,49.73,31.38,28.16,15.26,37.12,75.58,37.12,25.55,73.33,41.63,101.04,50.33,15.81,9.49,48.84,89.32,83.29,71.51,67.36,63.56,64.29,59.23,94.05,15.26,58.08,44.42,24.35,28.43,83.24,0.0,68.07,73.06,89.63,47.01,58.69,28.23,43.01,38.01,42.72,43.42
46,96.83,87.32,96.18,58.87,92.54,92.4,67.8,75.96,82.37,55.76,91.53,74.71,22.83,78.59,67.27,65.19,22.36,64.5,67.08,77.67,62.43,26.31,40.31,60.42,97.45,36.06,82.15,70.71,81.88,59.0,77.99,92.85,114.11,53.16,92.85,12.53,82.62,18.03,81.22,56.09,93.61,60.88,46.32,89.56,80.99,68.07,0.0,104.0,77.67,21.1,72.62,63.95,57.38,57.2,59.55,45.34
47,21.54,41.98,9.22,54.23,88.53,63.25,38.91,49.0,31.26,50.22,20.0,37.36,100.85,56.22,65.62,76.79,99.98,46.49,47.3,60.21,44.72,90.14,66.57,53.45,10.0,69.4,66.27,33.42,64.78,76.94,27.73,37.36,10.77,61.33,11.66,108.6,22.83,86.27,57.14,66.94,15.0,43.6,70.01,53.16,43.0,73.06,104.0,0.0,55.0,89.31,32.2,49.04,47.2,48.88,45.22,59.03
48,66.1,76.01,53.76,21.59,114.77,96.05,51.66,73.66,24.33,32.2,35.0,21.47,87.09,82.07,13.45,23.71,86.09,59.46,63.66,84.85,53.15,53.85,59.14,64.2,45.0,57.72,12.53,42.8,91.22,87.32,49.74,21.47,59.84,25.02,45.4,87.57,36.69,61.29,4.47,75.8,57.01,45.45,71.18,86.61,12.0,89.63,77.67,55.0,0.0,74.17,34.67,62.37,46.62,51.61,47.01,49.4
49,79.25,67.6,80.8,53.0,72.01,71.39,51.09,55.9,72.53,45.89,79.85,65.51,13.04,57.87,66.71,68.15,12.04,46.1,48.01,56.75,45.34,34.66,22.8,41.05,84.12,20.12,81.58,56.08,60.83,38.05,62.01,85.16,99.86,49.37,78.89,19.85,69.78,17.03,78.31,35.17,77.34,45.79,25.63,68.95,74.33,47.01,21.1,89.31,74.17,0.0,60.01,45.0,42.19,40.61,44.1,30.87
50,34.01,41.34,26.0,24.08,81.84,61.62,18.36,39.7,15.81,18.03,19.92,13.45,72.45,48.27,40.26,50.64,71.51,27.31,30.89,51.4,21.84,57.98,38.33,33.53,24.84,39.92,47.17,8.6,57.63,58.69,15.23,30.68,41.73,30.59,20.62,78.39,10.0,54.67,38.6,47.07,26.31,16.0,46.0,52.01,25.5,58.69,72.62,32.2,34.67,60.01,0.0,30.46,19.1,23.02,18.0,29.15
51,34.83,23.77,39.85,44.41,52.4,36.4,12.37,14.14,46.24,32.45,47.38,43.05,54.49,21.02,63.6,71.69,53.76,3.16,3.16,23.02,9.22,61.07,23.77,4.47,47.17,28.46,74.25,22.14,29.41,29.07,22.09,61.1,59.77,47.41,41.19,64.82,36.5,49.04,66.71,18.11,34.93,16.97,21.63,29.27,55.23,28.23,63.95,49.04,62.37,45.0,30.46,0.0,16.64,12.08,15.62,23.02
52,40.25,37.12,38.95,27.8,68.59,52.8,11.4,30.08,34.13,15.81,38.83,29.12,54.13,37.59,47.01,55.07,53.23,14.32,18.79,39.66,8.25,48.51,19.7,17.69,42.05,22.2,58.14,13.89,46.04,41.23,20.62,48.66,57.69,30.87,36.72,61.4,28.16,40.22,51.04,29.55,36.24,3.61,27.07,44.92,40.85,43.01,57.38,47.2,46.62,42.19,19.1,16.64,0.0,5.0,2.24,12.04
53,39.66,34.01,40.22,32.65,63.66,48.47,10.63,25.96,38.47,20.62,42.3,33.84,51.97,33.11,51.86,59.68,51.11,10.2,14.56,34.99,5.39,50.64,17.8,12.73,44.6,21.26,63.13,16.49,41.34,36.4,21.4,53.15,59.54,35.36,39.0,60.21,31.4,40.71,56.04,24.7,36.8,7.07,23.02,41.0,45.69,38.01,57.2,48.88,51.61,40.61,23.02,12.08,5.0,0.0,5.1,12.65
54,38.01,35.23,36.88,28.84,67.9,51.43,9.22,28.64,33.38,17.0,37.48,28.79,55.9,36.36,48.01,56.36,55.01,13.04,17.49,38.6,6.71,50.7,21.47,17.2,40.31,24.21,58.73,12.08,45.0,41.44,18.44,48.05,55.76,32.31,34.89,63.41,26.68,42.44,51.4,29.73,34.06,2.0,28.0,43.32,40.72,42.72,59.55,45.22,47.01,44.1,18.0,15.62,2.24,5.1,0.0,14.21
55,51.97,46.27,50.93,28.18,70.46,58.69,22.83,37.12,42.43,17.46,49.04,36.01,43.32,43.17,46.4,52.4,42.38,22.09,26.0,44.27,18.03,38.21,10.05,21.59,53.34,10.77,59.54,25.61,50.33,39.05,32.65,56.01,69.4,28.32,48.26,49.65,38.91,28.3,53.85,28.32,48.27,15.56,21.95,52.24,46.39,43.42,45.34,59.03,49.4,30.87,29.15,23.02,12.04,12.65,14.21,0.0
