vehicles
vehicle_idx, capacity, cost_per_unit_distance
1,100,3
2,100,3
3,100,3
4,100,3
5,100,3
6,100,3
7,100,3
depot
node_idx,x,y
0,47,5
home delivery customers
node_idx,x,y,service_time,demand
1,1,19,10,20
2,97,35,10,14
3,23,79,10,5
4,77,87,10,11
5,3,9,10,22
6,51,87,10,18
7,89,45,10,26
8,71,99,10,14
9,85,85,10,9
10,87,73,10,8
11,27,37,10,3
12,95,59,10,20
13,23,63,10,23
14,47,93,10,16
15,45,43,10,9
16,53,59,10,16
17,75,31,10,16
self pickup customers
node_idx,x,y,service_time,demand,locker_idxs
18,57,11,10,11,54-53
19,71,33,10,24,53
20,61,13,10,15,53
21,13,59,10,16,60
22,77,81,10,8,55-52
23,3,63,10,16,60
24,47,95,10,12,59-48
25,81,71,10,2,57-52
26,89,75,10,10,57-52
27,11,9,10,2,49
28,63,63,10,3,59-57-56
29,13,55,10,8,60
30,83,7,10,14,50-53
31,69,91,10,4,55-59-48-52
32,13,11,10,13,49
flexible customers
node_idx,x,y,service_time,demand,locker_idxs
33,5,27,10,25,49
34,41,53,10,2,56-54-58
35,67,73,10,10,55-59-57-48-52
36,11,1,10,22,49
37,57,85,10,18,59-57-48-52
38,39,15,10,23,58-54-49
39,43,99,10,14,51-48
40,11,37,10,5,60
41,21,11,10,12,49
42,53,75,10,15,56-57-59-48
43,73,55,10,9,58-56-57-52
44,37,21,10,13,54-49
45,33,47,10,25,60-54-58-56
46,37,15,10,7,54-49
47,97,83,10,18,55
lockers
node_idx,x,y,service_time,capacity,cost_per_unit_good
48,65,88,10,86
49,25,15,10,86
50,93,12,10,84
51,22,88,10,88
52,77,88,10,74
53,72,14,10,74
54,52,32,10,71
55,79,93,10,98
56,57,49,10,87
57,66,81,10,77
58,55,35,10,79
59,69,84,10,86
60,12,56,10,85
mrt lines
start_node_idx,end_node_idx,freight_capacity,cost_per_unit_good
48,49,86,0.1
49,48,86,0.1
50,51,88,0.1
51,50,88,0.1
52,53,74,0.1
53,52,74,0.1
distance matrix
,0,1,2,3,4,5,6,7,8,9,10,11,12,13,14,15,16,17,18,19,20,21,22,23,24,25,26,27,28,29,30,31,32,33,34,35,36,37,38,39,40,41,42,43,44,45,46,47,48,49,50,51,52,53,54,55,56,57,58,59,60,
0,0.0,48.08,58.31,77.79,87.32,44.18,82.1,58.0,97.02,88.57,78.89,37.74,72.25,62.77,88.0,38.05,54.33,38.21,11.66,36.88,16.12,63.81,81.71,72.8,90.0,74.24,81.63,36.22,60.17,60.46,36.06,88.77,34.53,47.41,48.37,70.88,36.22,80.62,12.81,94.09,48.17,26.68,70.26,56.36,18.87,44.27,14.14,92.65,84.93,24.17,46.53,86.68,88.26,26.57,27.46,93.64,45.12,78.34,31.05,82.01,61.85
1,48.08,0.0,97.32,63.91,101.98,10.2,84.4,91.76,106.3,106.83,101.55,31.62,102.16,49.19,87.13,50.12,65.6,74.97,56.57,71.39,60.3,41.76,98.08,44.05,88.84,95.41,104.31,14.14,76.03,37.95,82.87,99.04,14.42,8.94,52.5,85.28,20.59,86.56,38.21,90.35,20.59,21.54,76.42,80.5,36.06,42.52,36.22,115.38,94.11,24.33,92.27,72.12,102.65,71.18,52.63,107.52,63.53,89.83,56.32,94.07,38.6
2,58.31,97.32,0.0,86.09,55.71,97.53,69.43,12.81,69.08,51.42,39.29,70.03,24.08,79.12,76.58,52.61,50.12,22.36,46.65,26.08,42.19,87.36,50.16,98.08,78.1,39.4,40.79,89.84,44.05,86.35,31.3,62.61,87.36,92.35,58.82,48.41,92.48,64.03,61.35,83.74,86.02,79.7,59.46,31.24,61.61,65.12,63.25,48.0,61.91,74.73,23.35,91.84,56.65,32.65,45.1,60.73,42.38,55.47,42.0,56.44,87.56
3,77.79,63.91,86.09,0.0,54.59,72.8,29.12,74.24,52.0,62.29,64.28,42.19,74.73,16.0,27.78,42.19,36.06,70.77,76.03,66.48,76.16,22.36,54.04,25.61,28.84,58.55,66.12,71.02,43.08,26.0,93.72,47.54,68.73,55.03,31.62,44.41,78.92,34.53,65.97,28.28,43.68,68.03,30.27,55.46,59.67,33.53,65.51,74.11,42.95,64.03,96.9,9.06,54.74,81.4,55.23,57.72,45.34,43.05,54.41,46.27,25.5
4,87.32,101.98,55.71,54.59,0.0,107.52,26.0,43.68,13.42,8.25,17.2,70.71,33.29,59.09,30.59,54.41,36.88,56.04,78.59,54.33,75.71,69.86,6.0,77.79,31.05,16.49,16.97,102.18,27.78,71.55,80.22,8.94,99.36,93.72,49.52,17.2,108.41,20.1,81.41,36.06,82.8,94.4,26.83,32.25,77.18,59.46,82.37,20.4,12.04,88.81,76.69,55.01,1.0,73.17,60.42,6.32,42.94,12.53,56.46,8.54,72.01
5,44.18,10.2,97.53,72.8,107.52,0.0,91.59,93.23,112.8,111.8,105.6,36.88,104.71,57.58,94.83,54.04,70.71,75.29,54.04,72.11,58.14,50.99,103.25,54.0,96.6,99.64,108.41,8.0,80.72,47.07,80.02,105.26,10.2,18.11,58.14,90.51,11.31,93.23,36.5,98.49,29.12,18.11,82.8,83.76,36.06,48.41,34.53,119.63,100.42,22.8,90.05,81.25,108.25,69.18,54.13,113.28,67.2,95.67,58.14,99.9,47.85
6,82.1,84.4,69.43,29.12,26.0,91.59,0.0,56.64,23.32,34.06,38.63,55.46,52.15,36.88,7.21,44.41,28.07,60.93,76.24,57.58,74.67,47.2,26.68,53.67,8.94,34.0,39.85,87.66,26.83,49.68,86.16,18.44,84.97,75.6,35.44,21.26,94.85,6.32,72.99,14.42,64.03,81.71,12.17,38.83,67.47,43.86,73.35,46.17,14.04,76.55,85.96,29.02,26.02,75.96,55.01,28.64,38.47,16.16,52.15,18.25,49.82
7,58.0,91.76,12.81,74.24,43.68,93.23,56.64,0.0,56.92,40.2,28.07,62.51,15.23,68.41,63.78,44.05,38.63,19.8,46.69,21.63,42.52,77.28,37.95,87.86,65.3,27.2,30.0,85.91,31.62,76.66,38.47,50.16,83.26,85.91,48.66,35.61,89.55,51.22,58.31,70.94,78.41,76.03,46.86,18.87,57.27,56.04,60.03,38.83,49.24,70.68,33.24,79.61,44.64,35.36,39.22,49.03,32.25,42.72,35.44,43.83,77.78
8,97.02,106.3,69.08,52.0,13.42,112.8,23.32,56.92,0.0,19.8,30.53,76.03,46.65,60.0,24.74,61.74,43.86,68.12,89.11,66.0,86.58,70.46,18.97,76.94,24.33,29.73,30.0,108.17,36.88,72.8,92.78,8.25,105.39,97.67,54.92,26.31,114.91,19.8,89.89,28.0,86.28,101.21,30.0,44.05,85.09,64.4,90.62,30.53,12.53,95.77,89.74,50.22,12.53,85.01,69.64,10.0,51.92,18.68,65.97,15.13,73.01
9,88.57,106.83,51.42,62.29,8.25,111.8,34.06,40.2,19.8,0.0,12.17,75.29,27.86,65.79,38.83,58.0,41.23,54.92,79.12,53.85,75.89,76.55,8.94,84.9,39.29,14.56,10.77,106.08,31.11,78.0,78.03,17.09,103.25,98.81,54.41,21.63,111.95,28.0,83.76,44.27,88.2,97.84,33.53,32.31,80.0,64.4,84.88,12.17,20.22,92.2,73.44,63.07,8.54,72.18,62.43,10.0,45.61,19.42,58.31,16.03,78.55
10,78.89,101.55,39.29,64.28,17.2,105.6,38.63,28.07,30.53,12.17,0.0,69.97,16.12,64.78,44.72,51.61,36.77,43.68,68.88,43.08,65.39,75.31,12.81,84.59,45.65,6.32,2.83,99.36,26.0,76.16,66.12,25.46,96.54,94.02,50.16,20.0,104.69,32.31,75.29,51.11,84.1,90.55,34.06,22.8,72.14,59.93,76.58,14.14,26.63,84.9,61.29,66.71,18.03,60.88,53.91,21.54,38.42,22.47,49.68,21.1,76.9
11,37.74,31.62,70.03,42.19,70.71,36.88,55.46,62.51,76.03,75.29,69.97,0.0,71.47,26.31,59.46,18.97,34.06,48.37,39.7,44.18,41.62,26.08,66.6,35.38,61.35,63.81,72.72,32.25,44.41,22.8,63.53,68.41,29.53,24.17,21.26,53.81,39.4,56.6,25.06,64.03,16.0,26.68,46.04,49.4,18.87,11.66,24.17,83.76,63.6,22.09,70.58,51.24,71.42,50.54,25.5,76.42,32.31,58.8,28.07,63.03,24.21
12,72.25,102.16,24.08,74.73,33.29,104.71,52.15,15.23,46.65,27.86,16.12,71.47,0.0,72.11,58.82,52.5,42.0,34.41,61.22,35.38,57.2,82.0,28.43,92.09,60.0,18.44,17.09,97.75,32.25,82.1,53.37,41.23,95.02,95.52,54.33,31.3,102.08,46.04,71.22,65.6,86.83,88.2,44.94,22.36,69.34,63.15,72.8,24.08,41.73,82.68,47.04,78.55,34.13,50.54,50.77,37.58,39.29,36.4,46.65,36.07,83.05
13,62.77,49.19,79.12,16.0,59.09,57.58,36.88,68.41,60.0,65.79,64.78,26.31,72.11,0.0,38.42,29.73,30.27,61.06,62.13,56.6,62.8,10.77,56.92,20.0,40.0,58.55,67.08,55.32,40.0,12.81,82.07,53.85,52.95,40.25,20.59,45.12,63.15,40.5,50.6,41.18,28.64,52.04,32.31,50.64,44.27,18.87,50.0,76.66,48.88,48.04,86.61,25.02,59.51,69.3,42.45,63.53,36.77,46.62,42.52,50.57,13.04
14,88.0,87.13,76.58,27.78,30.59,94.83,7.21,63.78,24.74,38.83,44.72,59.46,58.82,38.42,0.0,50.04,34.53,68.03,82.61,64.62,81.22,48.08,32.31,53.25,2.0,40.5,45.69,91.39,34.0,50.99,93.23,22.09,88.77,78.23,40.45,28.28,98.79,12.81,78.41,7.21,66.57,86.02,18.97,46.04,72.69,48.08,78.64,50.99,18.68,81.04,93.15,25.5,30.41,82.86,61.2,32.0,45.12,22.47,58.55,23.77,50.93
15,38.05,50.12,52.61,42.19,54.41,54.04,44.41,44.05,61.74,58.0,51.61,18.97,52.5,29.73,50.04,0.0,17.89,32.31,34.18,27.86,34.0,35.78,49.68,46.52,52.04,45.61,54.41,48.08,26.91,34.18,52.35,53.67,45.25,43.08,10.77,37.2,54.04,43.68,28.64,56.04,34.53,40.0,32.98,30.46,23.41,12.65,29.12,65.6,49.24,34.41,57.14,50.54,55.22,39.62,13.04,60.46,13.42,43.42,12.81,47.51,35.47
16,54.33,65.6,50.12,36.06,36.88,70.71,28.07,38.63,43.86,41.23,36.77,34.06,42.0,30.27,34.53,17.89,0.0,35.61,48.17,31.62,46.69,40.0,32.56,50.16,36.5,30.46,39.4,65.3,10.77,40.2,60.03,35.78,62.48,57.69,13.42,19.8,71.61,26.31,46.17,41.23,47.41,57.69,16.0,20.4,41.23,23.32,46.82,50.12,31.38,52.15,61.72,42.45,37.64,48.85,27.02,42.8,10.77,25.55,24.08,29.68,41.11
17,38.21,74.97,22.36,70.77,56.04,75.29,60.93,19.8,68.12,54.92,43.68,48.37,34.41,61.06,68.03,32.31,35.61,0.0,26.91,4.47,22.8,68.03,50.04,78.79,69.86,40.45,46.17,67.68,34.18,66.48,25.3,60.3,65.15,70.11,40.5,42.76,70.68,56.92,39.4,75.15,64.28,57.58,49.19,24.08,39.29,44.94,41.23,56.46,57.87,52.5,26.17,77.83,57.04,17.26,23.02,62.13,25.46,50.8,20.4,53.34,67.78
18,11.66,56.57,46.65,76.03,78.59,54.04,76.24,46.69,89.11,79.12,68.88,39.7,61.22,62.13,82.61,34.18,48.17,26.91,0.0,26.08,4.47,65.12,72.8,74.97,84.59,64.62,71.55,46.04,52.35,62.23,26.31,80.89,44.0,54.41,44.94,62.8,47.07,74.0,18.44,89.11,52.84,36.0,64.12,46.82,22.36,43.27,20.4,82.37,77.41,32.25,36.01,84.58,79.56,15.3,21.59,84.9,38.0,70.58,24.08,73.98,63.64
19,36.88,71.39,26.08,66.48,54.33,72.11,57.58,21.63,66.0,53.85,43.08,44.18,35.38,56.6,64.62,27.86,31.62,4.47,26.08,0.0,22.36,63.56,48.37,74.32,66.48,39.29,45.69,64.62,31.05,62.03,28.64,58.03,62.03,66.27,36.06,40.2,68.0,53.85,36.72,71.69,60.13,54.63,45.69,22.09,36.06,40.5,38.47,56.36,55.33,49.4,30.41,73.66,55.33,19.03,19.03,60.53,21.26,48.26,16.12,51.04,63.32
20,16.12,60.3,42.19,76.16,75.71,58.14,74.67,42.52,86.58,75.89,65.39,41.62,57.2,62.8,81.22,34.0,46.69,22.8,4.47,22.36,0.0,66.48,69.86,76.58,83.19,61.35,68.03,50.16,50.04,63.78,22.8,78.41,48.04,57.72,44.72,60.3,51.42,72.11,22.09,87.86,55.46,40.05,62.51,43.68,25.3,44.05,24.08,78.71,75.11,36.06,32.02,84.53,76.69,11.05,21.02,82.0,36.22,68.18,22.8,71.45,65.19
21,63.81,41.76,87.36,22.36,69.86,50.99,47.2,77.28,70.46,76.55,75.31,26.08,82.0,10.77,48.08,35.78,40.0,68.03,65.12,63.56,66.48,0.0,67.68,10.77,49.52,69.05,77.67,50.04,50.16,4.0,87.2,64.5,48.0,32.98,28.64,55.79,58.03,51.11,51.11,50.0,22.09,48.66,43.08,60.13,44.94,23.32,50.12,87.36,59.54,45.61,92.78,30.36,70.26,74.2,47.43,74.24,45.12,57.38,48.37,61.33,3.16
22,81.71,98.08,50.16,54.04,6.0,103.25,26.68,37.95,18.97,8.94,12.81,66.6,28.43,56.92,32.31,49.68,32.56,50.04,72.8,48.37,69.86,67.68,0.0,76.16,33.11,10.77,13.42,97.67,22.8,69.08,74.24,12.81,94.85,90.0,45.61,12.81,103.71,20.4,76.16,38.47,79.32,89.64,24.74,26.31,72.11,55.61,77.18,20.1,13.89,84.02,70.83,55.44,7.0,67.19,55.01,12.17,37.74,11.0,50.99,8.54,69.64
23,72.8,44.05,98.08,25.61,77.79,54.0,53.67,87.86,76.94,84.9,84.59,35.38,92.09,20.0,53.25,46.52,50.16,78.79,74.97,74.32,76.58,10.77,76.16,0.0,54.41,78.41,86.83,54.59,60.0,12.81,97.65,71.69,52.95,36.06,39.29,64.78,62.51,58.31,60.0,53.81,27.2,55.03,51.42,70.46,54.04,34.0,58.82,96.1,66.85,52.8,103.45,31.4,78.11,84.63,57.98,81.71,55.79,65.52,59.06,69.26,11.4
24,90.0,88.84,78.1,28.84,31.05,96.6,8.94,65.3,24.33,39.29,45.65,61.35,60.0,40.0,2.0,52.04,36.5,69.86,84.59,66.48,83.19,49.52,33.11,54.41,0.0,41.62,46.52,93.23,35.78,52.5,95.08,22.36,90.62,79.92,42.43,29.73,100.66,14.14,80.4,5.66,68.26,87.93,20.88,47.71,74.67,50.0,80.62,51.42,19.31,82.97,94.89,25.96,30.81,84.77,63.2,32.06,47.07,23.6,60.53,24.6,52.4
25,74.24,95.41,39.4,58.55,16.49,99.64,34.0,27.2,29.73,14.56,6.32,63.81,18.44,58.55,40.5,45.61,30.46,40.45,64.62,39.29,61.35,69.05,10.77,78.41,41.62,0.0,8.94,93.51,19.7,69.86,64.03,23.32,90.69,87.82,43.86,14.14,98.99,27.78,70.0,47.2,77.82,84.85,28.28,17.89,66.6,53.67,71.22,20.0,23.35,79.2,60.21,61.4,17.46,57.71,48.6,22.09,32.56,18.03,44.41,17.69,70.61
26,81.63,104.31,40.79,66.12,16.97,108.41,39.85,30.0,30.0,10.77,2.83,72.72,17.09,67.08,45.69,54.41,39.4,46.17,71.55,45.69,68.03,77.67,13.42,86.83,46.52,8.94,0.0,102.18,28.64,78.59,68.26,25.61,99.36,96.75,52.8,22.09,107.52,33.53,78.1,51.88,86.76,93.38,36.0,25.61,74.97,62.61,79.4,11.31,27.29,87.73,63.13,68.25,17.69,63.32,56.73,20.59,41.23,23.77,52.5,21.93,79.31
27,36.22,14.14,89.84,71.02,102.18,8.0,87.66,85.91,108.17,106.08,99.36,32.25,97.75,55.32,91.39,48.08,65.3,67.68,46.04,64.62,50.16,50.04,97.67,54.59,93.23,93.51,102.18,0.0,74.97,46.04,72.03,100.44,2.83,18.97,53.25,85.04,8.0,88.84,28.64,95.52,28.0,10.2,78.23,77.2,28.64,43.91,26.68,113.45,95.69,15.23,82.05,79.76,102.94,61.2,47.01,108.07,60.96,90.6,51.11,94.81,47.01
28,60.17,76.03,44.05,43.08,27.78,80.72,26.83,31.62,36.88,31.11,26.0,44.41,32.25,40.0,34.0,26.91,10.77,34.18,52.35,31.05,50.04,50.16,22.8,60.0,35.78,19.7,28.64,74.97,0.0,50.64,59.46,28.64,72.14,68.26,24.17,10.77,80.92,22.8,53.67,41.18,58.14,66.84,15.62,12.81,49.4,34.0,54.59,39.45,25.08,61.22,59.17,48.02,28.65,49.82,32.89,34.0,15.23,18.25,29.12,21.84,51.48
29,60.46,37.95,86.35,26.0,71.55,47.07,49.68,76.66,72.8,78.0,76.16,22.8,82.1,12.81,50.99,34.18,40.2,66.48,62.23,62.03,63.78,4.0,69.08,12.81,52.5,69.86,78.59,46.04,50.64,0.0,84.88,66.57,44.0,29.12,28.07,56.92,54.04,53.25,47.71,53.25,18.11,44.72,44.72,60.0,41.62,21.54,46.65,88.54,61.59,41.76,90.82,34.21,72.01,71.85,45.28,76.16,44.41,59.03,46.52,63.06,1.41
30,36.06,82.87,31.3,93.72,80.22,80.02,86.16,38.47,92.78,78.03,66.12,63.53,53.37,82.07,93.23,52.35,60.03,25.3,26.31,28.64,22.8,87.2,74.24,97.65,95.08,64.03,68.26,72.03,59.46,84.88,0.0,85.16,70.11,80.52,62.29,67.91,72.25,82.22,44.72,100.32,78.0,62.13,74.32,49.03,48.08,64.03,46.69,77.28,82.98,58.55,11.18,101.4,81.22,13.04,39.82,86.09,49.4,75.93,39.6,78.26,86.27
31,88.77,99.04,62.61,47.54,8.94,105.26,18.44,50.16,8.25,17.09,25.46,68.41,41.23,53.85,22.09,53.67,35.78,60.3,80.89,58.03,78.41,64.5,12.81,71.69,22.36,23.32,25.61,100.44,28.64,66.57,85.16,0.0,97.65,90.51,47.2,18.11,107.07,13.42,81.71,27.2,79.25,93.3,22.63,36.22,76.97,56.85,82.46,29.12,5.0,87.82,82.57,47.1,8.54,77.06,61.4,10.2,43.68,10.44,57.72,7.0,66.89
32,34.53,14.42,87.36,68.73,99.36,10.2,84.97,83.26,105.39,103.25,96.54,29.53,95.02,52.95,88.77,45.25,62.48,65.15,44.0,62.03,48.04,48.0,94.85,52.95,90.62,90.69,99.36,2.83,72.14,44.0,70.11,97.65,0.0,17.89,50.48,82.22,10.2,86.09,26.31,92.97,26.08,8.0,75.47,74.4,26.0,41.18,24.33,110.63,92.91,12.65,80.01,77.52,100.12,59.08,44.29,105.26,58.14,87.8,48.37,92.01,45.01
33,47.41,8.94,92.35,55.03,93.72,18.11,75.6,85.91,97.67,98.81,94.02,24.17,95.52,40.25,78.23,43.08,57.69,70.11,54.41,66.27,57.72,32.98,90.0,36.06,79.92,87.82,96.75,18.97,68.26,29.12,80.52,90.51,17.89,0.0,44.41,77.2,26.68,77.9,36.06,81.41,11.66,22.63,67.88,73.54,32.56,34.41,34.18,107.7,85.56,23.32,89.27,63.32,94.37,68.25,47.27,99.16,56.46,81.47,50.64,85.7,29.83
34,48.37,52.5,58.82,31.62,49.52,58.14,35.44,48.66,54.92,54.41,50.16,21.26,54.33,20.59,40.45,10.77,13.42,40.5,44.94,36.06,44.72,28.64,45.61,39.29,42.43,43.86,52.8,53.25,24.17,28.07,62.29,47.2,50.48,44.41,0.0,32.8,60.03,35.78,38.05,46.04,34.0,46.52,25.06,32.06,32.25,10.0,38.21,63.53,42.44,41.23,66.22,39.82,50.21,49.82,23.71,55.17,16.49,37.54,22.8,41.77,29.15
35,70.88,85.28,48.41,44.41,17.2,90.51,21.26,35.61,26.31,21.63,20.0,53.81,31.3,45.12,28.28,37.2,19.8,42.76,62.8,40.2,60.3,55.79,12.81,64.78,29.73,14.14,22.09,85.04,10.77,56.92,67.91,18.11,82.22,77.2,32.8,0.0,91.21,15.62,64.4,35.38,66.57,77.2,14.14,18.97,60.03,42.8,65.3,31.62,15.13,71.61,66.31,47.43,18.03,59.21,43.66,23.32,26.0,8.06,39.85,11.18,57.57
36,36.22,20.59,92.48,78.92,108.41,11.31,94.85,89.55,114.91,111.95,104.69,39.4,102.08,63.15,98.79,54.04,71.61,70.68,47.07,68.0,51.42,58.03,103.71,62.51,100.66,98.99,107.52,8.0,80.92,54.04,72.25,107.07,10.2,26.68,60.03,91.21,0.0,95.77,31.3,103.09,36.0,14.14,85.09,82.22,32.8,50.99,29.53,118.83,102.4,19.8,82.73,87.69,109.2,62.37,51.4,114.4,66.48,97.08,55.61,101.26,55.01
37,80.62,86.56,64.03,34.53,20.1,93.23,6.32,51.22,19.8,28.0,32.31,56.6,46.04,40.5,12.81,43.68,26.31,56.92,74.0,53.85,72.11,51.11,20.4,58.31,14.14,27.78,33.53,88.84,22.8,53.25,82.22,13.42,86.09,77.9,35.78,15.62,95.77,0.0,72.28,19.8,66.48,82.29,10.77,34.0,67.05,44.94,72.8,40.05,8.54,76.97,81.39,35.13,20.22,72.57,53.24,23.41,36.0,9.85,50.04,12.04,53.54
38,12.81,38.21,61.35,65.97,81.41,36.5,72.99,58.31,89.89,83.76,75.29,25.06,71.22,50.6,78.41,28.64,46.17,39.4,18.44,36.72,22.09,51.11,76.16,60.0,80.4,70.0,78.1,28.64,53.67,47.71,44.72,81.71,26.31,36.06,38.05,64.4,31.3,72.28,0.0,84.1,35.61,18.44,61.61,52.5,6.32,32.56,2.0,89.38,77.49,14.0,54.08,74.95,82.3,33.02,21.4,87.66,38.47,71.31,25.61,75.24,49.09
39,94.09,90.35,83.74,28.28,36.06,98.49,14.42,70.94,28.0,44.27,51.11,64.03,65.6,41.18,7.21,56.04,41.23,75.15,89.11,71.69,87.86,50.0,38.47,53.81,5.66,47.2,51.88,95.52,41.18,53.25,100.32,27.2,92.97,81.41,46.04,35.38,103.09,19.8,84.1,0.0,69.77,90.71,26.0,53.25,78.23,52.95,84.21,56.32,24.6,85.91,100.34,23.71,35.74,89.81,67.6,36.5,51.92,29.21,65.12,30.02,53.01
40,48.17,20.59,86.02,43.68,82.8,29.12,64.03,78.41,86.28,88.2,84.1,16.0,86.83,28.64,66.57,34.53,47.41,64.28,52.84,60.13,55.46,22.09,79.32,27.2,68.26,77.82,86.76,28.0,58.14,18.11,78.0,79.25,26.08,11.66,34.0,66.57,36.0,66.48,35.61,69.77,0.0,27.86,56.64,64.56,30.53,24.17,34.06,97.53,74.28,26.08,85.73,52.17,83.41,65.19,41.3,88.09,47.54,70.43,44.05,74.65,19.03
41,26.68,21.54,79.7,68.03,94.4,18.11,81.71,76.03,101.21,97.84,90.55,26.68,88.2,52.04,86.02,40.0,57.69,57.58,36.0,54.63,40.05,48.66,89.64,55.03,87.93,84.85,93.38,10.2,66.84,44.72,62.13,93.3,8.0,22.63,46.52,77.2,14.14,82.29,18.44,90.71,27.86,0.0,71.55,68.12,18.87,37.95,16.49,104.69,88.68,5.66,72.01,77.01,95.21,51.09,37.44,100.44,52.35,83.22,41.62,87.37,45.89
42,70.26,76.42,59.46,30.27,26.83,82.8,12.17,46.86,30.0,33.53,34.06,46.04,44.94,32.31,18.97,32.98,16.0,49.19,64.12,45.69,62.51,43.08,24.74,51.42,20.88,28.28,36.0,78.23,15.62,44.72,74.32,22.63,75.47,67.88,25.06,14.14,85.09,10.77,61.61,26.0,56.64,71.55,0.0,28.28,56.32,34.41,62.1,44.72,17.69,66.21,74.63,33.62,27.29,63.89,43.01,31.62,26.31,14.32,40.05,18.36,45.19
43,56.36,80.5,31.24,55.46,32.25,83.76,38.83,18.87,44.05,32.31,22.8,49.4,22.36,50.64,46.04,30.46,20.4,24.08,46.82,22.09,43.68,60.13,26.31,70.46,47.71,17.89,25.61,77.2,12.81,60.0,49.03,36.22,74.4,73.54,32.06,18.97,82.22,34.0,52.5,53.25,64.56,68.12,28.28,0.0,49.52,40.79,53.81,36.88,33.96,62.48,47.42,60.75,33.24,41.01,31.14,38.47,17.09,26.93,26.91,29.27,61.01
44,18.87,36.06,61.61,59.67,77.18,36.06,67.47,57.27,85.09,80.0,72.14,18.87,69.34,44.27,72.69,23.41,41.23,39.29,22.36,36.06,25.3,44.94,72.11,54.04,74.67,66.6,74.97,28.64,49.4,41.62,48.08,76.97,26.0,32.56,32.25,60.03,32.8,67.05,6.32,78.23,30.53,18.87,56.32,49.52,0.0,26.31,6.0,86.28,72.62,13.42,56.72,68.66,78.03,35.69,18.6,83.35,34.41,66.64,22.8,70.66,43.01
45,44.27,42.52,65.12,33.53,59.46,48.41,43.86,56.04,64.4,64.4,59.93,11.66,63.15,18.87,48.08,12.65,23.32,44.94,43.27,40.5,44.05,23.32,55.61,34.0,50.0,53.67,62.61,43.91,34.0,21.54,64.03,56.85,41.18,34.41,10.0,42.8,50.99,44.94,32.56,52.95,24.17,37.95,34.41,40.79,26.31,0.0,32.25,73.43,52.01,32.98,69.46,42.45,60.14,51.09,24.21,65.05,24.08,47.38,25.06,51.62,22.85
46,14.14,36.22,63.25,65.51,82.37,34.53,73.35,60.03,90.62,84.88,76.58,24.17,72.8,50.0,78.64,29.12,46.82,41.23,20.4,38.47,24.08,50.12,77.18,58.82,80.62,71.22,79.4,26.68,54.59,46.65,46.69,82.46,24.33,34.18,38.21,65.3,29.53,72.8,2.0,84.21,34.06,16.49,62.1,53.81,6.0,32.25,0.0,90.69,78.19,12.0,56.08,74.53,83.24,35.01,22.67,88.59,39.45,72.09,26.91,76.06,48.02
47,92.65,115.38,48.0,74.11,20.4,119.63,46.17,38.83,30.53,12.17,14.14,83.76,24.08,76.66,50.99,65.6,50.12,56.46,82.37,56.36,78.71,87.36,20.1,96.1,51.42,20.0,11.31,113.45,39.45,88.54,77.28,29.12,110.63,107.7,63.53,31.62,118.83,40.05,89.38,56.32,97.53,104.69,44.72,36.88,86.28,73.43,90.69,0.0,32.39,99.04,71.11,75.17,20.62,73.39,68.01,20.59,52.5,31.06,63.78,28.02,89.19
48,84.93,94.11,61.91,42.95,12.04,100.42,14.04,49.24,12.53,20.22,26.63,63.6,41.73,48.88,18.68,49.24,31.38,57.87,77.41,55.33,75.11,59.54,13.89,66.85,19.31,23.35,27.29,95.69,25.08,61.59,82.98,5.0,92.91,85.56,42.44,15.13,102.4,8.54,77.49,24.6,74.28,88.68,17.69,33.96,72.62,52.01,78.19,32.39,0.0,83.24,80.99,43.0,12.0,74.33,57.49,14.87,39.81,7.07,53.94,5.66,61.91
49,24.17,24.33,74.73,64.03,88.81,22.8,76.55,70.68,95.77,92.2,84.9,22.09,82.68,48.04,81.04,34.41,52.15,52.5,32.25,49.4,36.06,45.61,84.02,52.8,82.97,79.2,87.73,15.23,61.22,41.76,58.55,87.82,12.65,23.32,41.23,71.61,19.8,76.97,14.0,85.91,26.08,5.66,66.21,62.48,13.42,32.98,12.0,99.04,83.24,0.0,68.07,73.06,89.63,47.01,31.91,94.87,46.69,77.7,36.06,81.84,43.01
50,46.53,92.27,23.35,96.9,76.69,90.05,85.96,33.24,89.74,73.44,61.29,70.58,47.04,86.61,93.15,57.14,61.72,26.17,36.01,30.41,32.02,92.78,70.83,103.45,94.89,60.21,63.13,82.05,59.17,90.82,11.18,82.57,80.01,89.27,66.22,66.31,82.73,81.39,54.08,100.34,85.73,72.01,74.63,47.42,56.72,69.46,56.08,71.11,80.99,68.07,0.0,104.0,77.67,21.1,45.62,82.2,51.62,74.09,44.42,75.89,92.18
51,86.68,72.12,91.84,9.06,55.01,81.25,29.02,79.61,50.22,63.07,66.71,51.24,78.55,25.02,25.5,50.54,42.45,77.83,84.58,73.66,84.53,30.36,55.44,31.4,25.96,61.4,68.25,79.76,48.02,34.21,101.4,47.1,77.52,63.32,39.82,47.43,87.69,35.13,74.95,23.71,52.17,77.01,33.62,60.75,68.66,42.45,74.53,75.17,43.0,73.06,104.0,0.0,55.0,89.31,63.53,57.22,52.4,44.55,62.43,47.17,33.53
52,88.26,102.65,56.65,54.74,1.0,108.25,26.02,44.64,12.53,8.54,18.03,71.42,34.13,59.51,30.41,55.22,37.64,57.04,79.56,55.33,76.69,70.26,7.0,78.11,30.81,17.46,17.69,102.94,28.65,72.01,81.22,8.54,100.12,94.37,50.21,18.03,109.2,20.22,82.3,35.74,83.41,95.21,27.29,33.24,78.03,60.14,83.24,20.62,12.0,89.63,77.67,55.0,0.0,74.17,61.33,5.39,43.83,13.04,57.38,8.94,72.45
53,26.57,71.18,32.65,81.4,73.17,69.18,75.96,35.36,85.01,72.18,60.88,50.54,50.54,69.3,82.86,39.62,48.85,17.26,15.3,19.03,11.05,74.2,67.19,84.63,84.77,57.71,63.32,61.2,49.82,71.85,13.04,77.06,59.08,68.25,49.82,59.21,62.37,72.57,33.02,89.81,65.19,51.09,63.89,41.01,35.69,51.09,35.01,73.39,74.33,47.01,21.1,89.31,74.17,0.0,26.91,79.31,38.08,67.27,27.02,70.06,73.24
54,27.46,52.63,45.1,55.23,60.42,54.13,55.01,39.22,69.64,62.43,53.91,25.5,50.77,42.45,61.2,13.04,27.02,23.02,21.59,19.03,21.02,47.43,55.01,57.98,63.2,48.6,56.73,47.01,32.89,45.28,39.82,61.4,44.29,47.27,23.71,43.66,51.4,53.24,21.4,67.6,41.3,37.44,43.01,31.14,18.6,24.21,22.67,68.01,57.49,31.91,45.62,63.53,61.33,26.91,0.0,66.71,17.72,50.96,4.24,54.71,46.65
55,93.64,107.52,60.73,57.72,6.32,113.28,28.64,49.03,10.0,10.0,21.54,76.42,37.58,63.53,32.0,60.46,42.8,62.13,84.9,60.53,82.0,74.24,12.17,81.71,32.06,22.09,20.59,108.07,34.0,76.16,86.09,10.2,105.26,99.16,55.17,23.32,114.4,23.41,87.66,36.5,88.09,100.44,31.62,38.47,83.35,65.05,88.59,20.59,14.87,94.87,82.2,57.22,5.39,79.31,66.71,0.0,49.19,17.69,62.77,13.45,76.54
56,45.12,63.53,42.38,45.34,42.94,67.2,38.47,32.25,51.92,45.61,38.42,32.31,39.29,36.77,45.12,13.42,10.77,25.46,38.0,21.26,36.22,45.12,37.74,55.79,47.07,32.56,41.23,60.96,15.23,44.41,49.4,43.68,58.14,56.46,16.49,26.0,66.48,36.0,38.47,51.92,47.54,52.35,26.31,17.09,34.41,24.08,39.45,52.5,39.81,46.69,51.62,52.4,43.83,38.08,17.72,49.19,0.0,33.24,14.14,37.0,45.54
57,78.34,89.83,55.47,43.05,12.53,95.67,16.16,42.72,18.68,19.42,22.47,58.8,36.4,46.62,22.47,43.42,25.55,50.8,70.58,48.26,68.18,57.38,11.0,65.52,23.6,18.03,23.77,90.6,18.25,59.03,75.93,10.44,87.8,81.47,37.54,8.06,97.08,9.85,71.31,29.21,70.43,83.22,14.32,26.93,66.64,47.38,72.09,31.06,7.07,77.7,74.09,44.55,13.04,67.27,50.96,17.69,33.24,0.0,47.3,4.24,59.51
58,31.05,56.32,42.0,54.41,56.46,58.14,52.15,35.44,65.97,58.31,49.68,28.07,46.65,42.52,58.55,12.81,24.08,20.4,24.08,16.12,22.8,48.37,50.99,59.06,60.53,44.41,52.5,51.11,29.12,46.52,39.6,57.72,48.37,50.64,22.8,39.85,55.61,50.04,25.61,65.12,44.05,41.62,40.05,26.91,22.8,25.06,26.91,63.78,53.94,36.06,44.42,62.43,57.38,27.02,4.24,62.77,14.14,47.3,0.0,50.96,47.85
59,82.01,94.07,56.44,46.27,8.54,99.9,18.25,43.83,15.13,16.03,21.1,63.03,36.07,50.57,23.77,47.51,29.68,53.34,73.98,51.04,71.45,61.33,8.54,69.26,24.6,17.69,21.93,94.81,21.84,63.06,78.26,7.0,92.01,85.7,41.77,11.18,101.26,12.04,75.24,30.02,74.65,87.37,18.36,29.27,70.66,51.62,76.06,28.02,5.66,81.84,75.89,47.17,8.94,70.06,54.71,13.45,37.0,4.24,50.96,0.0,63.51
60,61.85,38.6,87.56,25.5,72.01,47.85,49.82,77.78,73.01,78.55,76.9,24.21,83.05,13.04,50.93,35.47,41.11,67.78,63.64,63.32,65.19,3.16,69.64,11.4,52.4,70.61,79.31,47.01,51.48,1.41,86.27,66.89,45.01,29.83,29.15,57.57,55.01,53.54,49.09,53.01,19.03,45.89,45.19,61.01,43.01,22.85,48.02,89.19,61.91,43.01,92.18,33.53,72.45,73.24,46.65,76.54,45.54,59.51,47.85,63.51,0.0
