vehicles
vehicle_idx, capacity, cost_per_unit_distance
1,100,1
2,100,1
3,100,1
4,100,1
5,100,1
6,100,1
7,100,1
depot
node_idx,x,y
0,47,5
home delivery customers
node_idx,x,y,service_time,demand
1,57,11,10,11
2,39,15,10,23
3,37,15,10,7
4,37,21,10,13
5,61,13,10,15
6,83,7,10,14
7,21,11,10,12
8,13,11,10,13
9,27,37,10,3
10,45,43,10,9
11,75,31,10,16
12,11,9,10,2
13,11,1,10,22
14,3,9,10,22
15,71,33,10,24
self pickup customers
node_idx,x,y,service_time,demand,locker_idxs
16,71,99,10,14,48
17,89,75,10,10,52
18,57,85,10,18,48
19,69,91,10,4,48-52-51
20,23,79,10,5,51
21,53,75,10,15,48-52
22,51,87,10,18,48
23,73,55,10,9,52-54-48
24,13,59,10,16,51
25,11,37,10,5,55-49-51
26,77,81,10,8,52
27,97,35,10,14,50-54-53
28,95,59,10,20,52
29,47,93,10,16,48-51-52
30,13,55,10,8,51
31,77,87,10,11,52-48
flexible customers
node_idx,x,y,service_time,demand,locker_idxs
32,5,27,10,25,55
33,47,95,10,12,48-51-52
34,1,19,10,20,55-49
35,3,63,10,16,51-55-49
36,63,63,10,3,48-52
37,97,83,10,18,52-48
38,89,45,10,26,54
39,43,99,10,14,51
40,85,85,10,9,52
41,67,73,10,10,48-52-51
42,81,71,10,2,52-48
43,53,59,10,16,48-52-51
44,33,47,10,25,49-55
45,87,73,10,8,52
46,41,53,10,2,51-49
47,23,63,10,23,51-55
lockers
node_idx,x,y,service_time,capacity,cost_per_unit_good
48,65,88,10,83
49,25,15,10,92
50,93,12,10,75
51,22,88,10,95
52,77,88,10,90
53,72,14,10,84
54,74.0,21.66666666666667,10,92
55,17.181818181818173,15.909090909090914,10,93
mrt lines
start_node_idx,end_node_idx,freight_capacity,cost_per_unit_good
48,49,92,2
49,48,92,2
50,51,95,2
51,50,95,2
52,53,90,2
53,52,90,2
distance matrix
,0,1,2,3,4,5,6,7,8,9,10,11,12,13,14,15,16,17,18,19,20,21,22,23,24,25,26,27,28,29,30,31,32,33,34,35,36,37,38,39,40,41,42,43,44,45,46,47,48,49,50,51,52,53,54,55,
0,0.0,11.66,12.81,14.14,18.87,16.12,36.06,26.68,34.53,37.74,38.05,38.21,36.22,36.22,44.18,36.88,97.02,81.63,80.62,88.77,77.79,70.26,82.1,56.36,63.81,48.17,81.71,58.31,72.25,88.0,60.46,87.32,47.41,90.0,48.08,72.8,60.17,92.65,58.0,94.09,88.57,70.88,74.24,54.33,44.27,78.89,48.37,62.77,84.93,24.17,46.53,86.68,88.26,26.57,31.73,31.75
1,11.66,0.0,18.44,20.4,22.36,4.47,26.31,36.0,44.0,39.7,34.18,26.91,46.04,47.07,54.04,26.08,89.11,71.55,74.0,80.89,76.03,64.12,76.24,46.82,65.12,52.84,72.8,46.65,61.22,82.61,62.23,78.59,54.41,84.59,56.57,74.97,52.35,82.37,46.69,89.11,79.12,62.8,64.62,48.17,43.27,68.88,44.94,62.13,77.41,32.25,36.01,84.58,79.56,15.3,20.07,40.12
2,12.81,18.44,0.0,2.0,6.32,22.09,44.72,18.44,26.31,25.06,28.64,39.4,28.64,31.3,36.5,36.72,89.89,78.1,72.28,81.71,65.97,61.61,72.99,52.5,51.11,35.61,76.16,61.35,71.22,78.41,47.71,81.41,36.06,80.4,38.21,60.0,53.67,89.38,58.31,84.1,83.76,64.4,70.0,46.17,32.56,75.29,38.05,50.6,77.49,14.0,54.08,74.95,82.3,33.02,35.63,21.84
3,14.14,20.4,2.0,0.0,6.0,24.08,46.69,16.49,24.33,24.17,29.12,41.23,26.68,29.53,34.53,38.47,90.62,79.4,72.8,82.46,65.51,62.1,73.35,53.81,50.12,34.06,77.18,63.25,72.8,78.64,46.65,82.37,34.18,80.62,36.22,58.82,54.59,90.69,60.03,84.21,84.88,65.3,71.22,46.82,32.25,76.58,38.21,50.0,78.19,12.0,56.08,74.53,83.24,35.01,37.6,19.84
4,18.87,22.36,6.32,6.0,0.0,25.3,48.08,18.87,26.0,18.87,23.41,39.29,28.64,32.8,36.06,36.06,85.09,74.97,67.05,76.97,59.67,56.32,67.47,49.52,44.94,30.53,72.11,61.61,69.34,72.69,41.62,77.18,32.56,74.67,36.06,54.04,49.4,86.28,57.27,78.23,80.0,60.03,66.6,41.23,26.31,72.14,32.25,44.27,72.62,13.42,56.72,68.66,78.03,35.69,37.01,20.46
5,16.12,4.47,22.09,24.08,25.3,0.0,22.8,40.05,48.04,41.62,34.0,22.8,50.16,51.42,58.14,22.36,86.58,68.03,72.11,78.41,76.16,62.51,74.67,43.68,66.48,55.46,69.86,42.19,57.2,81.22,63.78,75.71,57.72,83.19,60.3,76.58,50.04,78.71,42.52,87.86,75.89,60.3,61.35,46.69,44.05,65.39,44.72,62.8,75.11,36.06,32.02,84.53,76.69,11.05,15.62,43.91
6,36.06,26.31,44.72,46.69,48.08,22.8,0.0,62.13,70.11,63.53,52.35,25.3,72.03,72.25,80.02,28.64,92.78,68.26,82.22,85.16,93.72,74.32,86.16,49.03,87.2,78.0,74.24,31.3,53.37,93.23,84.88,80.22,80.52,95.08,82.87,97.65,59.46,77.28,38.47,100.32,78.03,67.91,64.03,60.03,64.03,66.12,62.29,82.07,82.98,58.55,11.18,101.4,81.22,13.04,17.21,66.42
7,26.68,36.0,18.44,16.49,18.87,40.05,62.13,0.0,8.0,26.68,40.0,57.58,10.2,14.14,18.11,54.63,101.21,93.38,82.29,93.3,68.03,71.55,81.71,68.12,48.66,27.86,89.64,79.7,88.2,86.02,44.72,94.4,22.63,87.93,21.54,55.03,66.84,104.69,76.03,90.71,97.84,77.2,84.85,57.69,37.95,90.55,46.52,52.04,88.68,5.66,72.01,77.01,95.21,51.09,54.06,6.22
8,34.53,44.0,26.31,24.33,26.0,48.04,70.11,8.0,0.0,29.53,45.25,65.15,2.83,10.2,10.2,62.03,105.39,99.36,86.09,97.65,68.73,75.47,84.97,74.4,48.0,26.08,94.85,87.36,95.02,88.77,44.0,99.36,17.89,90.62,14.42,52.95,72.14,110.63,83.26,92.97,103.25,82.22,90.69,62.48,41.18,96.54,50.48,52.95,92.91,12.65,80.01,77.52,100.12,59.08,61.93,6.45
9,37.74,39.7,25.06,24.17,18.87,41.62,63.53,26.68,29.53,0.0,18.97,48.37,32.25,39.4,36.88,44.18,76.03,72.72,56.6,68.41,42.19,46.04,55.46,49.4,26.08,16.0,66.6,70.03,71.47,59.46,22.8,70.71,24.17,61.35,31.62,35.38,44.41,83.76,62.51,64.03,75.29,53.81,63.81,34.06,11.66,69.97,21.26,26.31,63.6,22.09,70.58,51.24,71.42,50.54,49.44,23.26
10,38.05,34.18,28.64,29.12,23.41,34.0,52.35,40.0,45.25,18.97,0.0,32.31,48.08,54.04,54.04,27.86,61.74,54.41,43.68,53.67,42.19,32.98,44.41,30.46,35.78,34.53,49.68,52.61,52.5,50.04,34.18,54.41,43.08,52.04,50.12,46.52,26.91,65.6,44.05,56.04,58.0,37.2,45.61,17.89,12.65,51.61,10.77,29.73,49.24,34.41,57.14,50.54,55.22,39.62,36.0,38.83
11,38.21,26.91,39.4,41.23,39.29,22.8,25.3,57.58,65.15,48.37,32.31,0.0,67.68,70.68,75.29,4.47,68.12,46.17,56.92,60.3,70.77,49.19,60.93,24.08,68.03,64.28,50.04,22.36,34.41,68.03,66.48,56.04,70.11,69.86,74.97,78.79,34.18,56.46,19.8,75.15,54.92,42.76,40.45,35.61,44.94,43.68,40.5,61.06,57.87,52.5,26.17,77.83,57.04,17.26,9.39,59.76
12,36.22,46.04,28.64,26.68,28.64,50.16,72.03,10.2,2.83,32.25,48.08,67.68,0.0,8.0,8.0,64.62,108.17,102.18,88.84,100.44,71.02,78.23,87.66,77.2,50.04,28.0,97.67,89.84,97.75,91.39,46.04,102.18,18.97,93.23,14.14,54.59,74.97,113.45,85.91,95.52,106.08,85.04,93.51,65.3,43.91,99.36,53.25,55.32,95.69,15.23,82.05,79.76,102.94,61.2,64.26,9.27
13,36.22,47.07,31.3,29.53,32.8,51.42,72.25,14.14,10.2,39.4,54.04,70.68,8.0,0.0,11.31,68.0,114.91,107.52,95.77,107.07,78.92,85.09,94.85,82.22,58.03,36.0,103.71,92.48,102.08,98.79,54.04,108.41,26.68,100.66,20.59,62.51,80.92,118.83,89.55,103.09,111.95,91.21,98.99,71.61,50.99,104.69,60.03,63.15,102.4,19.8,82.73,87.69,109.2,62.37,66.3,16.14
14,44.18,54.04,36.5,34.53,36.06,58.14,80.02,18.11,10.2,36.88,54.04,75.29,8.0,11.31,0.0,72.11,112.8,108.41,93.23,105.26,72.8,82.8,91.59,83.76,50.99,29.12,103.25,97.53,104.71,94.83,47.07,107.52,18.11,96.6,10.2,54.0,80.72,119.63,93.23,98.49,111.8,90.51,99.64,70.71,48.41,105.6,58.14,57.58,100.42,22.8,90.05,81.25,108.25,69.18,72.12,15.78
15,36.88,26.08,36.72,38.47,36.06,22.36,28.64,54.63,62.03,44.18,27.86,4.47,64.62,68.0,72.11,0.0,66.0,45.69,53.85,58.03,66.48,45.69,57.58,22.09,63.56,60.13,48.37,26.08,35.38,64.62,62.03,54.33,66.27,66.48,71.39,74.32,31.05,56.36,21.63,71.69,53.85,40.2,39.29,31.62,40.5,43.08,36.06,56.6,55.33,49.4,30.41,73.66,55.33,19.03,11.72,56.47
16,97.02,89.11,89.89,90.62,85.09,86.58,92.78,101.21,105.39,76.03,61.74,68.12,108.17,114.91,112.8,66.0,0.0,30.0,19.8,8.25,52.0,30.0,23.32,44.05,70.46,86.28,18.97,69.08,46.65,24.74,72.8,13.42,97.67,24.33,106.3,76.94,36.88,30.53,56.92,28.0,19.8,26.31,29.73,43.86,64.4,30.53,54.92,60.0,12.53,95.77,89.74,50.22,12.53,85.01,77.39,99.0
17,81.63,71.55,78.1,79.4,74.97,68.03,68.26,93.38,99.36,72.72,54.41,46.17,102.18,107.52,108.41,45.69,30.0,0.0,33.53,25.61,66.12,36.0,39.85,25.61,77.67,86.76,13.42,40.79,17.09,45.69,78.59,16.97,96.75,46.52,104.31,86.83,28.64,11.31,30.0,51.88,10.77,22.09,8.94,39.4,62.61,2.83,52.8,67.08,27.29,87.73,63.13,68.25,17.69,63.32,55.4,93.0
18,80.62,74.0,72.28,72.8,67.05,72.11,82.22,82.29,86.09,56.6,43.68,56.92,88.84,95.77,93.23,53.85,19.8,33.53,0.0,13.42,34.53,10.77,6.32,34.0,51.11,66.48,20.4,64.03,46.04,12.81,53.25,20.1,77.9,14.14,86.56,58.31,22.8,40.05,51.22,19.8,28.0,15.62,27.78,26.31,44.94,32.31,35.78,40.5,8.54,76.97,81.39,35.13,20.22,72.57,65.58,79.74
19,88.77,80.89,81.71,82.46,76.97,78.41,85.16,93.3,97.65,68.41,53.67,60.3,100.44,107.07,105.26,58.03,8.25,25.61,13.42,0.0,47.54,22.63,18.44,36.22,64.5,79.25,12.81,62.61,41.23,22.09,66.57,8.94,90.51,22.36,99.04,71.69,28.64,29.12,50.16,27.2,17.09,18.11,23.32,35.78,56.85,25.46,47.2,53.85,5.0,87.82,82.57,47.1,8.54,77.06,69.51,91.23
20,77.79,76.03,65.97,65.51,59.67,76.16,93.72,68.03,68.73,42.19,42.19,70.77,71.02,78.92,72.8,66.48,52.0,66.12,34.53,47.54,0.0,30.27,29.12,55.46,22.36,43.68,54.04,86.09,74.73,27.78,26.0,54.59,55.03,28.84,63.91,25.61,43.08,74.11,74.24,28.28,62.29,44.41,58.55,36.06,33.53,64.28,31.62,16.0,42.95,64.03,96.9,9.06,54.74,81.4,76.73,63.36
21,70.26,64.12,61.61,62.1,56.32,62.51,74.32,71.55,75.47,46.04,32.98,49.19,78.23,85.09,82.8,45.69,30.0,36.0,10.77,22.63,30.27,0.0,12.17,28.28,43.08,56.64,24.74,59.46,44.94,18.97,44.72,26.83,67.88,20.88,76.42,51.42,15.62,44.72,46.86,26.0,33.53,14.14,28.28,16.0,34.41,34.06,25.06,32.31,17.69,66.21,74.63,33.62,27.29,63.89,57.32,69.1
22,82.1,76.24,72.99,73.35,67.47,74.67,86.16,81.71,84.97,55.46,44.41,60.93,87.66,94.85,91.59,57.58,23.32,39.85,6.32,18.44,29.12,12.17,0.0,38.83,47.2,64.03,26.68,69.43,52.15,7.21,49.68,26.0,75.6,8.94,84.4,53.67,26.83,46.17,56.64,14.42,34.06,21.26,34.0,28.07,43.86,38.63,35.44,36.88,14.04,76.55,85.96,29.02,26.02,75.96,69.26,78.72
23,56.36,46.82,52.5,53.81,49.52,43.68,49.03,68.12,74.4,49.4,30.46,24.08,77.2,82.22,83.76,22.09,44.05,25.61,34.0,36.22,55.46,28.28,38.83,0.0,60.13,64.56,26.31,31.24,22.36,46.04,60.0,32.25,73.54,47.71,80.5,70.46,12.81,36.88,18.87,53.25,32.31,18.97,17.89,20.4,40.79,22.8,32.06,50.64,33.96,62.48,47.42,60.75,33.24,41.01,33.35,68.15
24,63.81,65.12,51.11,50.12,44.94,66.48,87.2,48.66,48.0,26.08,35.78,68.03,50.04,58.03,50.99,63.56,70.46,77.67,51.11,64.5,22.36,43.08,47.2,60.13,0.0,22.09,67.68,87.36,82.0,48.08,4.0,69.86,32.98,49.52,41.76,10.77,50.16,87.36,77.28,50.0,76.55,55.79,69.05,40.0,23.32,75.31,28.64,10.77,59.54,45.61,92.78,30.36,70.26,74.2,71.52,43.29
25,48.17,52.84,35.61,34.06,30.53,55.46,78.0,27.86,26.08,16.0,34.53,64.28,28.0,36.0,29.12,60.13,86.28,86.76,66.48,79.25,43.68,56.64,64.03,64.56,22.09,0.0,79.32,86.02,86.83,66.57,18.11,82.8,11.66,68.26,20.59,27.2,58.14,97.53,78.41,69.77,88.2,66.57,77.82,47.41,24.17,84.1,34.0,28.64,74.28,26.08,85.73,52.17,83.41,65.19,64.84,21.98
26,81.71,72.8,76.16,77.18,72.11,69.86,74.24,89.64,94.85,66.6,49.68,50.04,97.67,103.71,103.25,48.37,18.97,13.42,20.4,12.81,54.04,24.74,26.68,26.31,67.68,79.32,0.0,50.16,28.43,32.31,69.08,6.0,90.0,33.11,98.08,76.16,22.8,20.1,37.95,38.47,8.94,12.81,10.77,32.56,55.61,12.81,45.61,56.92,13.89,84.02,70.83,55.44,7.0,67.19,59.41,88.4
27,58.31,46.65,61.35,63.25,61.61,42.19,31.3,79.7,87.36,70.03,52.61,22.36,89.84,92.48,97.53,26.08,69.08,40.79,64.03,62.61,86.09,59.46,69.43,31.24,87.36,86.02,50.16,0.0,24.08,76.58,86.35,55.71,92.35,78.1,97.32,98.08,44.05,48.0,12.81,83.74,51.42,48.41,39.4,50.12,65.12,39.29,58.82,79.12,61.91,74.73,23.35,91.84,56.65,32.65,26.59,82.07
28,72.25,61.22,71.22,72.8,69.34,57.2,53.37,88.2,95.02,71.47,52.5,34.41,97.75,102.08,104.71,35.38,46.65,17.09,46.04,41.23,74.73,44.94,52.15,22.36,82.0,86.83,28.43,24.08,0.0,58.82,82.1,33.29,95.52,60.0,102.16,92.09,32.25,24.08,15.23,65.6,27.86,31.3,18.44,42.0,63.15,16.12,54.33,72.11,41.73,82.68,47.04,78.55,34.13,50.54,42.83,88.95
29,88.0,82.61,78.41,78.64,72.69,81.22,93.23,86.02,88.77,59.46,50.04,68.03,91.39,98.79,94.83,64.62,24.74,45.69,12.81,22.09,27.78,18.97,7.21,46.04,48.08,66.57,32.31,76.58,58.82,0.0,50.99,30.59,78.23,2.0,87.13,53.25,34.0,50.99,63.78,7.21,38.83,28.28,40.5,34.53,48.08,44.72,40.45,38.42,18.68,81.04,93.15,25.5,30.41,82.86,76.27,82.66
30,60.46,62.23,47.71,46.65,41.62,63.78,84.88,44.72,44.0,22.8,34.18,66.48,46.04,54.04,47.07,62.03,72.8,78.59,53.25,66.57,26.0,44.72,49.68,60.0,4.0,18.11,69.08,86.35,82.1,50.99,0.0,71.55,29.12,52.5,37.95,12.81,50.64,88.54,76.66,53.25,78.0,56.92,69.86,40.2,21.54,76.16,28.07,12.81,61.59,41.76,90.82,34.21,72.01,71.85,69.51,39.31
31,87.32,78.59,81.41,82.37,77.18,75.71,80.22,94.4,99.36,70.71,54.41,56.04,102.18,108.41,107.52,54.33,13.42,16.97,20.1,8.94,54.59,26.83,26.0,32.25,69.86,82.8,6.0,55.71,33.29,30.59,71.55,0.0,93.72,31.05,101.98,77.79,27.78,20.4,43.68,36.06,8.25,17.2,16.49,36.88,59.46,17.2,49.52,59.09,12.04,88.81,76.69,55.01,1.0,73.17,65.4,92.91
32,47.41,54.41,36.06,34.18,32.56,57.72,80.52,22.63,17.89,24.17,43.08,70.11,18.97,26.68,18.11,66.27,97.67,96.75,77.9,90.51,55.03,67.88,75.6,73.54,32.98,11.66,90.0,92.35,95.52,78.23,29.12,93.72,0.0,79.92,8.94,36.06,68.26,107.7,85.91,81.41,98.81,77.2,87.82,57.69,34.41,94.02,44.41,40.25,85.56,23.32,89.27,63.32,94.37,68.25,69.21,16.47
33,90.0,84.59,80.4,80.62,74.67,83.19,95.08,87.93,90.62,61.35,52.04,69.86,93.23,100.66,96.6,66.48,24.33,46.52,14.14,22.36,28.84,20.88,8.94,47.71,49.52,68.26,33.11,78.1,60.0,2.0,52.5,31.05,79.92,0.0,88.84,54.41,35.78,51.42,65.3,5.66,39.29,29.73,41.62,36.5,50.0,45.65,42.43,40.0,19.31,82.97,94.89,25.96,30.81,84.77,78.15,84.53
34,48.08,56.57,38.21,36.22,36.06,60.3,82.87,21.54,14.42,31.62,50.12,74.97,14.14,20.59,10.2,71.39,106.3,104.31,86.56,99.04,63.91,76.42,84.4,80.5,41.76,20.59,98.08,97.32,102.16,87.13,37.95,101.98,8.94,88.84,0.0,44.05,76.03,115.38,91.76,90.35,106.83,85.28,95.41,65.6,42.52,101.55,52.5,49.19,94.11,24.33,92.27,72.12,102.65,71.18,73.05,16.47
35,72.8,74.97,60.0,58.82,54.04,76.58,97.65,55.03,52.95,35.38,46.52,78.79,54.59,62.51,54.0,74.32,76.94,86.83,58.31,71.69,25.61,51.42,53.67,70.46,10.77,27.2,76.16,98.08,92.09,53.25,12.81,77.79,36.06,54.41,44.05,0.0,60.0,96.1,87.86,53.81,84.9,64.78,78.41,50.16,34.0,84.59,39.29,20.0,66.85,52.8,103.45,31.4,78.11,84.63,82.16,49.18
36,60.17,52.35,53.67,54.59,49.4,50.04,59.46,66.84,72.14,44.41,26.91,34.18,74.97,80.92,80.72,31.05,36.88,28.64,22.8,28.64,43.08,15.62,26.83,12.81,50.16,58.14,22.8,44.05,32.25,34.0,50.64,27.78,68.26,35.78,76.03,60.0,0.0,39.45,31.62,41.18,31.11,10.77,19.7,10.77,34.0,26.0,24.17,40.0,25.08,61.22,59.17,48.02,28.65,49.82,42.77,65.7
37,92.65,82.37,89.38,90.69,86.28,78.71,77.28,104.69,110.63,83.76,65.6,56.46,113.45,118.83,119.63,56.36,30.53,11.31,40.05,29.12,74.11,44.72,46.17,36.88,87.36,97.53,20.1,48.0,24.08,50.99,88.54,20.4,107.7,51.42,115.38,96.1,39.45,0.0,38.83,56.32,12.17,31.62,20.0,50.12,73.43,14.14,63.53,76.66,32.39,99.04,71.11,75.17,20.62,73.39,65.5,104.27
38,58.0,46.69,58.31,60.03,57.27,42.52,38.47,76.03,83.26,62.51,44.05,19.8,85.91,89.55,93.23,21.63,56.92,30.0,51.22,50.16,74.24,46.86,56.64,18.87,77.28,78.41,37.95,12.81,15.23,63.78,76.66,43.68,85.91,65.3,91.76,87.86,31.62,38.83,0.0,70.94,40.2,35.61,27.2,38.63,56.04,28.07,48.66,68.41,49.24,70.68,33.24,79.61,44.64,35.36,27.74,77.49
39,94.09,89.11,84.1,84.21,78.23,87.86,100.32,90.71,92.97,64.03,56.04,75.15,95.52,103.09,98.49,71.69,28.0,51.88,19.8,27.2,28.28,26.0,14.42,53.25,50.0,69.77,38.47,83.74,65.6,7.21,53.25,36.06,81.41,5.66,90.35,53.81,41.18,56.32,70.94,0.0,44.27,35.38,47.2,41.23,52.95,51.11,46.04,41.18,24.6,85.91,100.34,23.71,35.74,89.81,83.32,87.01
40,88.57,79.12,83.76,84.88,80.0,75.89,78.03,97.84,103.25,75.29,58.0,54.92,106.08,111.95,111.8,53.85,19.8,10.77,28.0,17.09,62.29,33.53,34.06,32.31,76.55,88.2,8.94,51.42,27.86,38.83,78.0,8.25,98.81,39.29,106.83,84.9,31.11,12.17,40.2,44.27,0.0,21.63,14.56,41.23,64.4,12.17,54.41,65.79,20.22,92.2,73.44,63.07,8.54,72.18,64.28,96.81
41,70.88,62.8,64.4,65.3,60.03,60.3,67.91,77.2,82.22,53.81,37.2,42.76,85.04,91.21,90.51,40.2,26.31,22.09,15.62,18.11,44.41,14.14,21.26,18.97,55.79,66.57,12.81,48.41,31.3,28.28,56.92,17.2,77.2,29.73,85.28,64.78,10.77,31.62,35.61,35.38,21.63,0.0,14.14,19.8,42.8,20.0,32.8,45.12,15.13,71.61,66.31,47.43,18.03,59.21,51.81,75.77
42,74.24,64.62,70.0,71.22,66.6,61.35,64.03,84.85,90.69,63.81,45.61,40.45,93.51,98.99,99.64,39.29,29.73,8.94,27.78,23.32,58.55,28.28,34.0,17.89,69.05,77.82,10.77,39.4,18.44,40.5,69.86,16.49,87.82,41.62,95.41,78.41,19.7,20.0,27.2,47.2,14.56,14.14,0.0,30.46,53.67,6.32,43.86,58.55,23.35,79.2,60.21,61.4,17.46,57.71,49.83,84.31
43,54.33,48.17,46.17,46.82,41.23,46.69,60.03,57.69,62.48,34.06,17.89,35.61,65.3,71.61,70.71,31.62,43.86,39.4,26.31,35.78,36.06,16.0,28.07,20.4,40.0,47.41,32.56,50.12,42.0,34.53,40.2,36.88,57.69,36.5,65.6,50.16,10.77,50.12,38.63,41.23,41.23,19.8,30.46,0.0,23.32,36.77,13.42,30.27,31.38,52.15,61.72,42.45,37.64,48.85,42.83,56.03
44,44.27,43.27,32.56,32.25,26.31,44.05,64.03,37.95,41.18,11.66,12.65,44.94,43.91,50.99,48.41,40.5,64.4,62.61,44.94,56.85,33.53,34.41,43.86,40.79,23.32,24.17,55.61,65.12,63.15,48.08,21.54,59.46,34.41,50.0,42.52,34.0,34.0,73.43,56.04,52.95,64.4,42.8,53.67,23.32,0.0,59.93,10.0,18.87,52.01,32.98,69.46,42.45,60.14,51.09,48.2,34.88
45,78.89,68.88,75.29,76.58,72.14,65.39,66.12,90.55,96.54,69.97,51.61,43.68,99.36,104.69,105.6,43.08,30.53,2.83,32.31,25.46,64.28,34.06,38.63,22.8,75.31,84.1,12.81,39.29,16.12,44.72,76.16,17.2,94.02,45.65,101.55,84.59,26.0,14.14,28.07,51.11,12.17,20.0,6.32,36.77,59.93,0.0,50.16,64.78,26.63,84.9,61.29,66.71,18.03,60.88,52.95,90.19
46,48.37,44.94,38.05,38.21,32.25,44.72,62.29,46.52,50.48,21.26,10.77,40.5,53.25,60.03,58.14,36.06,54.92,52.8,35.78,47.2,31.62,25.06,35.44,32.06,28.64,34.0,45.61,58.82,54.33,40.45,28.07,49.52,44.41,42.43,52.5,39.29,24.17,63.53,48.66,46.04,54.41,32.8,43.86,13.42,10.0,50.16,0.0,20.59,42.44,41.23,66.22,39.82,50.21,49.82,45.51,44.08
47,62.77,62.13,50.6,50.0,44.27,62.8,82.07,52.04,52.95,26.31,29.73,61.06,55.32,63.15,57.58,56.6,60.0,67.08,40.5,53.85,16.0,32.31,36.88,50.64,10.77,28.64,56.92,79.12,72.11,38.42,12.81,59.09,40.25,40.0,49.19,20.0,40.0,76.66,68.41,41.18,65.79,45.12,58.55,30.27,18.87,64.78,20.59,0.0,48.88,48.04,86.61,25.02,59.51,69.3,65.65,47.45
48,84.93,77.41,77.49,78.19,72.62,75.11,82.98,88.68,92.91,63.6,49.24,57.87,95.69,102.4,100.42,55.33,12.53,27.29,8.54,5.0,42.95,17.69,14.04,33.96,59.54,74.28,13.89,61.91,41.73,18.68,61.59,12.04,85.56,19.31,94.11,66.85,25.08,32.39,49.24,24.6,20.22,15.13,23.35,31.38,52.01,26.63,42.44,48.88,0.0,83.24,80.99,43.0,12.0,74.33,66.94,86.51
49,24.17,32.25,14.0,12.0,13.42,36.06,58.55,5.66,12.65,22.09,34.41,52.5,15.23,19.8,22.8,49.4,95.77,87.73,76.97,87.82,64.03,66.21,76.55,62.48,45.61,26.08,84.02,74.73,82.68,81.04,41.76,88.81,23.32,82.97,24.33,52.8,61.22,99.04,70.68,85.91,92.2,71.61,79.2,52.15,32.98,84.9,41.23,48.04,83.24,0.0,68.07,73.06,89.63,47.01,49.45,7.87
50,46.53,36.01,54.08,56.08,56.72,32.02,11.18,72.01,80.01,70.58,57.14,26.17,82.05,82.73,90.05,30.41,89.74,63.13,81.39,82.57,96.9,74.63,85.96,47.42,92.78,85.73,70.83,23.35,47.04,93.15,90.82,76.69,89.27,94.89,92.27,103.45,59.17,71.11,33.24,100.34,73.44,66.31,60.21,61.72,69.46,61.29,66.22,86.61,80.99,68.07,0.0,104.0,77.67,21.1,21.32,75.92
51,86.68,84.58,74.95,74.53,68.66,84.53,101.4,77.01,77.52,51.24,50.54,77.83,79.76,87.69,81.25,73.66,50.22,68.25,35.13,47.1,9.06,33.62,29.02,60.75,30.36,52.17,55.44,91.84,78.55,25.5,34.21,55.01,63.32,25.96,72.12,31.4,48.02,75.17,79.61,23.71,63.07,47.43,61.4,42.45,42.45,66.71,39.82,25.02,43.0,73.06,104.0,0.0,55.0,89.31,84.29,72.25
52,88.26,79.56,82.3,83.24,78.03,76.69,81.22,95.21,100.12,71.42,55.22,57.04,102.94,109.2,108.25,55.33,12.53,17.69,20.22,8.54,54.74,27.29,26.02,33.24,70.26,83.41,7.0,56.65,34.13,30.41,72.01,1.0,94.37,30.81,102.65,78.11,28.65,20.62,44.64,35.74,8.54,18.03,17.46,37.64,60.14,18.03,50.21,59.51,12.0,89.63,77.67,55.0,0.0,74.17,66.4,93.68
53,26.57,15.3,33.02,35.01,35.69,11.05,13.04,51.09,59.08,50.54,39.62,17.26,61.2,62.37,69.18,19.03,85.01,63.32,72.57,77.06,81.4,63.89,75.96,41.01,74.2,65.19,67.19,32.65,50.54,82.86,71.85,73.17,68.25,84.77,71.18,84.63,49.82,73.39,35.36,89.81,72.18,59.21,57.71,48.85,51.09,60.88,49.82,69.3,74.33,47.01,21.1,89.31,74.17,0.0,7.92,54.85
54,31.73,20.07,35.63,37.6,37.01,15.62,17.21,54.06,61.93,49.44,36.0,9.39,64.26,66.3,72.12,11.72,77.39,55.4,65.58,69.51,76.73,57.32,69.26,33.35,71.52,64.84,59.41,26.59,42.83,76.27,69.51,65.4,69.21,78.15,73.05,82.16,42.77,65.5,27.74,83.32,64.28,51.81,49.83,42.83,48.2,52.95,45.51,65.65,66.94,49.45,21.32,84.29,66.4,7.92,0.0,57.11
55,31.75,40.12,21.84,19.84,20.46,43.91,66.42,6.22,6.45,23.26,38.83,59.76,9.27,16.14,15.78,56.47,99.0,93.0,79.74,91.23,63.36,69.1,78.72,68.15,43.29,21.98,88.4,82.07,88.95,82.66,39.31,92.91,16.47,84.53,16.47,49.18,65.7,104.27,77.49,87.01,96.81,75.77,84.31,56.03,34.88,90.19,44.08,47.45,86.51,7.87,75.92,72.25,93.68,54.85,57.11,0.0
