vehicles
vehicle_idx, capacity, cost_per_unit_distance
1,100,3
2,100,3
3,100,3
4,100,3
5,100,3
6,100,3
depot
node_idx,x,y
0,14,68
home delivery customers
node_idx,x,y,service_time,demand
1,58,98,10,9
2,24,79,10,14
3,17,28,10,3
4,78,63,10,8
5,2,28,10,18
6,83,27,10,13
7,79,92,10,2
8,22,39,10,9
9,53,84,10,3
10,42,88,10,24
11,63,32,10,24
12,58,78,10,13
13,48,23,10,13
14,7,37,10,4
15,98,77,10,14
self pickup customers
node_idx,x,y,service_time,demand,locker_idxs
16,73,2,10,8,49-46
17,33,42,10,18,51-52-48-45
18,18,98,10,9,51-47
19,72,67,10,14,49-44
20,39,53,10,14,49-47
21,38,37,10,24,53-45
22,63,59,10,8,51-44
23,32,88,10,14,53-47
24,88,94,10,9,49-44
25,43,62,10,14,51-47
26,87,79,10,24,51-44
27,12,24,10,4,49-45
28,48,53,10,8,49-44
29,34,12,10,18,50-45
flexible customers
node_idx,x,y,service_time,demand,locker_idxs
30,13,47,10,24,50-45
31,37,44,10,9,53-50-48-52-51-45
32,34,63,10,19,49-53-52-48-51-50-47
33,42,48,10,8,51-52-48-50-49-53-45
34,1,2,10,13,49-45
35,32,82,10,4,49-53-47
36,97,38,10,24,51-46
37,87,1,10,8,49-46-45
38,42,77,10,18,50-49-53-47-44
39,58,32,10,18,51-48-52-45
40,38,23,10,13,51-45
41,22,73,10,23,50-53-47
42,73,1,10,14,51-46
43,17,32,10,18,48-45-47
lockers
node_idx,x,y,service_time,capacity,cost_per_unit_good
44,65,88,10,94
45,25,15,10,96
46,93,12,10,76
47,22,88,10,89
48,49,49,10,80
49,55,69,10,79
50,38,55,10,82
51,47,43,10,85
52,50,49,10,81
53,40,64,10,94
mrt lines
start_node_idx,end_node_idx,freight_capacity,cost_per_unit_good
44,45,96,0.1
45,44,96,0.1
46,47,89,0.1
47,46,89,0.1
distance matrix
,0,1,2,3,4,5,6,7,8,9,10,11,12,13,14,15,16,17,18,19,20,21,22,23,24,25,26,27,28,29,30,31,32,33,34,35,36,37,38,39,40,41,42,43,44,45,46,47,48,49,50,51,52,53,
0,0.0,53.25,14.87,40.11,64.2,41.76,80.26,69.29,30.08,42.15,34.41,60.8,45.12,56.4,31.78,84.48,88.53,32.2,30.27,58.01,29.15,39.2,49.82,26.91,78.43,29.61,73.82,44.05,37.16,59.46,21.02,33.24,20.62,34.41,67.27,22.8,88.26,99.09,29.41,56.85,51.0,9.43,89.27,36.12,54.78,54.13,96.83,21.54,39.82,41.01,27.29,41.4,40.71,26.31
1,53.25,0.0,38.95,81.12,40.31,89.64,75.27,21.84,69.12,14.87,18.87,66.19,20.0,75.66,79.51,45.18,97.16,61.33,40.0,34.01,48.85,64.2,39.32,27.86,30.27,39.0,34.67,87.13,46.1,89.29,68.01,57.94,42.44,52.5,111.65,30.53,71.56,101.24,26.4,66.0,77.62,43.83,98.15,77.7,12.21,89.32,92.85,37.36,49.82,29.15,47.42,56.09,49.65,38.47
2,14.87,38.95,0.0,51.48,56.32,55.54,78.64,56.52,40.05,29.43,20.12,61.07,34.01,60.93,45.31,74.03,91.27,38.08,19.92,49.48,30.02,44.27,43.83,12.04,65.73,25.5,63.0,56.29,35.38,67.74,33.84,37.34,18.87,35.85,80.36,8.54,83.73,100.26,18.11,58.01,57.72,6.32,92.11,47.52,41.98,64.01,96.18,9.22,39.05,32.57,27.78,42.72,39.7,21.93
3,40.11,81.12,51.48,0.0,70.33,15.0,66.01,89.11,12.08,66.57,65.0,46.17,64.66,31.4,13.45,94.67,61.74,21.26,70.01,67.42,33.3,22.85,55.47,61.85,96.94,42.8,86.61,6.4,39.82,23.35,19.42,25.61,38.91,32.02,30.53,56.04,80.62,75.03,55.01,41.19,21.59,45.28,62.17,4.0,76.84,15.26,77.67,60.21,38.28,55.9,34.21,33.54,39.12,42.72
4,64.2,40.31,56.32,70.33,0.0,83.67,36.35,29.02,60.93,32.65,43.83,34.44,25.0,50.0,75.61,24.41,61.2,49.66,69.46,7.21,40.26,47.71,15.52,52.35,32.57,35.01,18.36,76.66,31.62,67.36,66.94,45.19,44.0,39.0,98.23,49.77,31.4,62.65,38.63,36.89,56.57,56.89,62.2,68.43,28.18,71.51,53.16,61.33,32.2,23.77,40.79,36.89,31.3,38.01
5,41.76,89.64,55.54,15.0,83.67,0.0,81.01,100.12,22.83,75.74,72.11,61.13,75.07,46.27,10.3,107.78,75.61,34.01,71.81,80.13,44.65,37.11,68.43,67.08,108.41,53.26,99.13,10.77,52.35,35.78,21.95,38.48,47.42,44.72,26.02,61.77,95.52,89.19,63.25,56.14,36.35,49.24,75.96,15.52,87.0,26.42,92.4,63.25,51.48,67.01,45.0,47.43,52.39,52.35
6,80.26,75.27,78.64,66.01,36.35,81.01,0.0,65.12,62.17,64.41,73.5,20.62,56.8,35.23,76.66,52.2,26.93,52.2,96.26,41.48,51.11,46.1,37.74,79.51,67.19,53.15,52.15,71.06,43.6,51.24,72.8,49.04,60.8,46.07,85.73,75.01,17.8,26.31,64.66,25.5,45.18,76.4,27.86,66.19,63.6,59.23,18.03,86.27,40.5,50.48,53.0,39.4,39.66,56.73
7,69.29,21.84,56.52,89.11,29.02,100.12,65.12,0.0,77.83,27.2,37.22,62.1,25.24,75.64,90.6,24.21,90.2,67.94,61.29,25.96,55.87,68.6,36.67,47.17,9.22,46.86,15.26,95.46,49.82,91.79,79.88,63.78,53.54,57.49,119.1,48.05,56.92,91.35,39.92,63.57,80.26,60.08,91.2,86.28,14.56,94.05,81.22,57.14,52.43,33.24,55.23,58.52,51.87,48.01
8,30.08,69.12,40.05,12.08,60.93,22.83,62.17,77.83,0.0,54.64,52.92,41.59,53.08,30.53,15.13,84.97,63.01,11.4,59.14,57.31,22.02,16.12,45.62,50.01,85.91,31.14,76.32,18.03,29.53,29.55,12.04,15.81,26.83,21.93,42.54,44.15,75.01,75.29,42.94,36.67,22.63,34.0,63.6,8.6,65.19,24.19,75.96,49.0,28.79,44.6,22.63,25.32,29.73,30.81
9,42.15,14.87,29.43,66.57,32.65,75.74,64.41,27.2,54.64,0.0,11.7,52.95,7.81,61.2,65.76,45.54,84.4,46.52,37.7,25.5,34.01,49.34,26.93,21.38,36.4,24.17,34.37,72.67,31.4,74.46,54.49,43.08,28.32,37.64,97.1,21.1,63.66,89.69,13.04,52.24,62.82,32.89,85.38,63.25,12.65,74.46,82.37,31.26,35.23,15.13,32.65,41.44,35.13,23.85
10,34.41,18.87,20.12,65.0,43.83,72.11,73.5,37.22,52.92,11.7,0.0,59.81,18.87,65.28,61.85,57.07,91.42,46.87,26.0,36.62,35.13,51.16,35.81,10.0,46.39,26.02,45.89,70.68,35.51,76.42,50.22,44.28,26.25,40.0,95.27,11.66,74.33,97.95,11.0,58.24,65.12,25.0,92.36,61.33,23.0,74.95,91.53,20.0,39.62,23.02,33.24,45.28,39.81,24.08
11,60.8,66.19,61.07,46.17,34.44,61.13,20.62,62.1,41.59,52.95,59.81,0.0,46.27,17.49,56.22,57.01,31.62,31.62,79.88,36.14,31.89,25.5,27.0,64.01,66.85,36.06,52.77,51.62,25.81,35.23,52.2,28.64,42.45,26.4,68.88,58.83,34.53,39.2,49.66,5.0,26.57,57.98,32.57,46.0,56.04,41.63,36.06,69.4,22.02,37.85,33.97,19.42,21.4,39.41
12,45.12,20.0,34.01,64.66,25.0,75.07,56.8,25.24,53.08,7.81,18.87,46.27,0.0,55.9,65.44,40.01,77.47,43.83,44.72,17.8,31.4,45.62,19.65,27.86,34.0,21.93,29.02,70.94,26.93,70.23,54.64,39.96,28.3,34.0,95.0,26.31,55.87,82.28,16.03,46.0,58.52,36.35,78.45,61.62,12.21,71.12,74.71,37.36,30.36,9.49,30.48,36.69,30.08,22.8
13,56.4,75.66,60.93,31.4,50.0,46.27,35.23,75.64,30.53,61.2,65.28,17.49,55.9,0.0,43.32,73.59,32.65,24.21,80.78,50.12,31.32,17.2,39.0,66.94,81.49,39.32,68.24,36.01,30.0,17.8,42.44,23.71,42.38,25.71,51.48,61.13,51.24,44.78,54.33,13.45,10.0,56.36,33.3,32.28,67.19,24.35,46.32,70.01,26.02,46.53,33.53,20.02,26.08,41.77
14,31.78,79.51,45.31,13.45,75.61,10.3,76.66,90.6,15.13,65.76,61.85,56.22,65.44,43.32,0.0,99.4,74.71,26.48,61.98,71.59,35.78,31.0,60.17,56.8,99.05,43.83,90.35,13.93,44.01,36.8,11.66,30.81,37.48,36.69,35.51,51.48,90.01,87.73,53.15,51.24,34.01,39.0,75.18,11.18,77.23,28.43,89.56,53.16,43.68,57.69,35.85,40.45,44.64,42.64
15,84.48,45.18,74.03,94.67,24.41,107.78,52.2,24.21,84.97,45.54,57.07,57.01,40.01,73.59,99.4,0.0,79.06,73.82,82.71,27.86,63.69,72.11,39.36,66.91,19.72,57.01,11.18,101.02,55.46,91.22,90.14,69.35,65.51,63.06,122.61,66.19,39.01,76.79,56.0,60.21,80.72,76.11,80.01,92.66,34.79,95.78,65.19,76.79,56.44,43.74,63.91,61.29,55.57,59.44
16,88.53,97.16,91.27,61.74,61.2,75.61,26.93,90.2,63.01,84.4,91.42,31.62,77.47,32.65,74.71,79.06,0.0,56.57,110.64,65.01,61.29,49.5,57.87,95.27,93.21,67.08,78.26,64.85,56.8,40.26,75.0,55.32,72.4,55.47,72.0,89.89,43.27,14.04,81.15,33.54,40.82,87.42,1.0,63.53,86.37,49.73,22.36,99.98,52.77,69.38,63.51,48.55,52.33,70.24
17,32.2,61.33,38.08,21.26,49.66,34.01,52.2,67.94,11.4,46.52,46.87,31.62,43.83,24.21,26.48,73.82,56.57,0.0,57.97,46.32,12.53,7.07,34.48,46.01,75.69,22.36,65.46,27.66,18.6,30.02,20.62,4.47,21.02,10.82,51.22,40.01,64.12,67.8,36.14,26.93,19.65,32.89,57.28,18.87,56.04,28.16,67.08,47.3,17.46,34.83,13.93,14.04,18.38,23.09
18,30.27,40.0,19.92,70.01,69.46,71.81,96.26,61.29,59.14,37.7,26.0,79.88,44.72,80.78,61.98,82.71,110.64,57.97,0.0,62.27,49.66,64.2,59.55,17.2,70.11,43.83,71.57,74.24,54.08,87.48,51.24,57.25,38.48,55.46,97.49,21.26,99.2,119.04,31.89,77.18,77.62,25.32,111.51,66.01,48.05,83.29,114.11,10.77,57.98,47.01,47.42,62.18,58.52,40.5
19,58.01,34.01,49.48,67.42,7.21,80.13,41.48,25.96,57.31,25.5,36.62,36.14,17.8,50.12,71.59,27.86,65.01,46.32,62.27,0.0,35.85,45.34,12.04,45.18,31.38,29.43,19.21,73.82,27.78,66.85,62.3,41.88,38.21,35.51,96.26,42.72,38.29,67.68,31.62,37.7,55.61,50.36,66.01,65.19,22.14,70.09,58.87,54.23,29.21,17.12,36.06,34.66,28.43,32.14
20,29.15,48.85,30.02,33.3,40.26,44.65,51.11,55.87,22.02,34.01,35.13,31.89,31.4,31.32,35.78,63.69,61.29,12.53,49.66,35.85,0.0,16.03,24.74,35.69,63.89,9.85,54.59,39.62,9.0,41.3,26.68,9.22,11.18,5.83,63.6,29.83,59.91,70.77,24.19,28.32,30.02,26.25,62.13,30.41,43.6,40.5,67.8,38.91,10.77,22.63,2.24,12.81,11.7,11.05
21,39.2,64.2,44.27,22.85,47.71,37.11,46.1,68.6,16.12,49.34,51.16,25.5,45.62,17.2,31.0,72.11,49.5,7.07,64.2,45.34,16.03,0.0,33.3,51.35,75.82,25.5,64.54,29.07,18.87,25.32,26.93,7.07,26.31,11.7,50.93,45.4,59.01,60.8,40.2,20.62,14.0,39.4,50.21,21.59,57.71,25.55,60.42,53.45,16.28,36.24,18.0,10.82,16.97,27.07
22,49.82,39.32,43.83,55.47,15.52,68.43,37.74,36.67,45.62,26.93,35.81,27.0,19.65,39.0,60.17,39.36,57.87,34.48,59.55,12.04,24.74,33.3,0.0,42.45,43.01,20.22,31.24,61.85,16.16,55.23,51.42,30.02,29.27,23.71,84.22,38.6,39.96,62.77,27.66,27.46,43.83,43.32,58.86,53.34,29.07,58.14,55.76,50.22,17.2,12.81,25.32,22.63,16.4,23.54
23,26.91,27.86,12.04,61.85,52.35,67.08,79.51,47.17,50.01,21.38,10.0,64.01,27.86,66.94,56.8,66.91,95.27,46.01,17.2,45.18,35.69,51.35,42.45,0.0,56.32,28.23,55.73,67.05,38.48,76.03,45.19,44.28,25.08,41.23,91.42,6.0,82.01,102.93,14.87,61.74,65.28,18.03,96.18,57.97,33.0,73.33,97.45,10.0,42.54,29.83,33.54,47.43,42.95,25.3
24,78.43,30.27,65.73,96.94,32.57,108.41,67.19,9.22,85.91,36.4,46.39,66.85,34.0,81.49,99.05,19.72,93.21,75.69,70.11,31.38,63.89,75.82,43.01,56.32,0.0,55.22,15.03,103.32,57.28,98.18,88.51,71.42,62.27,65.05,126.62,57.27,56.72,93.01,49.04,68.88,86.84,69.26,94.2,94.26,23.77,101.04,82.15,66.27,59.55,41.4,63.41,65.44,58.9,56.6
25,29.61,39.0,25.5,42.8,35.01,53.26,53.15,46.86,31.14,24.17,26.02,36.06,21.93,39.32,43.83,57.01,67.08,22.36,43.83,29.43,9.85,25.5,20.22,28.23,55.22,0.0,47.17,49.04,10.3,50.8,33.54,18.97,9.06,14.04,73.24,22.83,59.09,75.21,15.03,33.54,39.32,23.71,67.98,39.7,34.06,50.33,70.71,33.42,14.32,13.89,8.6,19.42,14.76,3.61
26,73.82,34.67,63.0,86.61,18.36,99.13,52.15,15.26,76.32,34.37,45.89,52.77,29.02,68.24,90.35,11.18,78.26,65.46,71.57,19.21,54.59,64.54,31.24,55.73,15.03,47.17,0.0,93.01,46.87,85.43,80.62,61.03,55.36,54.64,115.43,55.08,42.2,78.0,45.04,55.23,74.41,65.28,79.25,84.31,23.77,89.11,67.27,65.62,48.41,33.53,54.56,53.81,47.63,49.34
27,44.05,87.13,56.29,6.4,76.66,10.77,71.06,95.46,18.03,72.67,70.68,51.62,70.94,36.01,13.93,101.02,64.85,27.66,74.24,73.82,39.62,29.07,61.85,67.05,103.32,49.04,93.01,0.0,46.23,25.06,23.02,32.02,44.78,38.42,24.6,61.35,86.15,78.45,60.9,46.69,26.02,50.01,65.19,9.43,83.1,15.81,81.88,64.78,44.65,62.24,40.46,39.82,45.49,48.83
28,37.16,46.1,35.38,39.82,31.62,52.35,43.6,49.82,29.53,31.4,35.51,25.81,26.93,30.0,44.01,55.46,56.8,18.6,54.08,27.78,9.0,18.87,16.16,38.48,57.28,10.3,46.87,46.23,0.0,43.32,35.51,14.21,17.2,7.81,69.35,33.12,51.24,65.0,24.74,23.26,31.62,32.8,57.7,37.44,38.91,44.42,60.88,43.6,4.12,17.46,10.2,10.05,4.47,13.6
29,59.46,89.29,67.74,23.35,67.36,35.78,51.24,91.79,29.55,74.46,76.42,35.23,70.23,17.8,36.8,91.22,40.26,30.02,87.48,66.85,41.3,25.32,55.23,76.03,98.18,50.8,85.43,25.06,43.32,0.0,40.82,32.14,51.0,36.88,34.48,70.03,68.15,54.13,65.49,31.24,11.7,62.17,40.52,26.25,82.08,9.49,59.0,76.94,39.92,60.75,43.19,33.62,40.31,52.35
30,21.02,68.01,33.84,19.42,66.94,21.95,72.8,79.88,12.04,54.49,50.22,52.2,54.64,42.44,11.66,90.14,75.0,20.62,51.24,62.3,26.68,26.93,51.42,45.19,88.51,33.54,80.62,23.02,35.51,40.82,0.0,24.19,26.4,29.02,46.57,39.82,84.48,87.13,41.73,47.43,34.66,27.51,75.6,15.52,66.22,34.18,87.32,41.98,36.06,47.41,26.25,34.23,37.05,31.91
31,33.24,57.94,37.34,25.61,45.19,38.48,49.04,63.78,15.81,43.08,44.28,28.64,39.96,23.71,30.81,69.35,55.32,4.47,57.25,41.88,9.22,7.07,30.02,44.28,71.42,18.97,61.03,32.02,14.21,32.14,24.19,0.0,19.24,6.4,55.32,38.33,60.3,65.95,33.38,24.19,21.02,32.65,56.08,23.32,52.15,31.38,64.5,46.49,13.0,30.81,11.05,10.05,13.93,20.22
32,20.62,42.44,18.87,38.91,44.0,47.42,60.8,53.54,26.83,28.32,26.25,42.45,28.3,42.38,37.48,65.51,72.4,21.02,38.48,38.21,11.18,26.31,29.27,25.08,62.27,9.06,55.36,44.78,17.2,51.0,26.4,19.24,0.0,17.0,69.35,19.1,67.78,81.57,16.12,39.2,40.2,15.62,73.25,35.36,39.82,48.84,77.99,27.73,20.52,21.84,8.94,23.85,21.26,6.08
33,34.41,52.5,35.85,32.02,39.0,44.72,46.07,57.49,21.93,37.64,40.0,26.4,34.0,25.71,36.69,63.06,55.47,10.82,55.46,35.51,5.83,11.7,23.71,41.23,65.05,14.04,54.64,38.42,7.81,36.88,29.02,6.4,17.0,0.0,61.62,35.44,55.9,65.07,29.0,22.63,25.32,32.02,56.3,29.68,46.14,37.12,62.43,44.72,7.07,24.7,8.06,7.07,8.06,16.12
34,67.27,111.65,80.36,30.53,98.23,26.02,85.73,119.1,42.54,97.1,95.27,68.88,95.0,51.48,35.51,122.61,72.0,51.22,97.49,96.26,63.6,50.93,84.22,91.42,126.62,73.24,115.43,24.6,69.35,34.48,46.57,55.32,69.35,61.62,0.0,85.8,102.53,86.01,85.48,64.41,42.54,74.04,72.01,34.0,107.2,27.29,92.54,88.53,67.18,86.05,64.64,61.62,67.9,73.25
35,22.8,30.53,8.54,56.04,49.77,61.77,75.01,48.05,44.15,21.1,11.66,58.83,26.31,61.13,51.48,66.19,89.89,40.01,21.26,42.72,29.83,45.4,38.6,6.0,57.27,22.83,55.08,61.35,33.12,70.03,39.82,38.33,19.1,35.44,85.8,0.0,78.49,97.91,11.18,56.36,59.3,13.45,90.79,52.2,33.54,67.36,92.85,11.66,37.12,26.42,27.66,41.79,37.59,19.7
36,88.26,71.56,83.73,80.62,31.4,95.52,17.8,56.92,75.01,63.66,74.33,34.53,55.87,51.24,90.01,39.01,43.27,64.12,99.2,38.29,59.91,59.01,39.96,82.01,56.72,59.09,42.2,86.15,51.24,68.15,84.48,60.3,67.78,55.9,102.53,78.49,0.0,38.33,67.42,39.46,60.88,82.76,44.1,80.22,59.36,75.58,26.31,90.14,49.24,52.2,61.4,50.25,48.27,62.65
37,99.09,101.24,100.26,75.03,62.65,89.19,26.31,91.35,75.29,89.69,97.95,39.2,82.28,44.78,87.73,76.79,14.04,67.8,119.04,67.68,70.77,60.8,62.77,102.93,93.01,75.21,78.0,78.45,65.0,54.13,87.13,65.95,81.57,65.07,86.01,97.91,38.33,0.0,88.32,42.45,53.71,97.0,14.0,76.56,89.74,63.56,12.53,108.6,61.22,75.15,72.92,58.0,60.61,78.6
38,29.41,26.4,18.11,55.01,38.63,63.25,64.66,39.92,42.94,13.04,11.0,49.66,16.03,54.33,53.15,56.0,81.15,36.14,31.89,31.62,24.19,40.2,27.66,14.87,49.04,15.03,45.04,60.9,24.74,65.49,41.73,33.38,16.12,29.0,85.48,11.18,67.42,88.32,0.0,47.76,54.15,20.4,82.08,51.48,25.5,64.29,82.62,22.83,28.86,15.26,22.36,34.37,29.12,13.15
39,56.85,66.0,58.01,41.19,36.89,56.14,25.5,63.57,36.67,52.24,58.24,5.0,46.0,13.45,51.24,60.21,33.54,26.93,77.18,37.7,28.32,20.62,27.46,61.74,68.88,33.54,55.23,46.69,23.26,31.24,47.43,24.19,39.2,22.63,64.41,56.36,39.46,42.45,47.76,0.0,21.93,54.56,34.44,41.0,56.44,37.12,40.31,66.57,19.24,37.12,30.48,15.56,18.79,36.72
40,51.0,77.62,57.72,21.59,56.57,36.35,45.18,80.26,22.63,62.82,65.12,26.57,58.52,10.0,34.01,80.72,40.82,19.65,77.62,55.61,30.02,14.0,43.83,65.28,86.84,39.32,74.41,26.02,31.62,11.7,34.66,21.02,40.2,25.32,42.54,59.3,60.88,53.71,54.15,21.93,0.0,52.5,41.34,22.85,70.38,15.26,56.09,66.94,28.23,49.04,32.0,21.93,28.64,41.05
41,9.43,43.83,6.32,45.28,56.89,49.24,76.4,60.08,34.0,32.89,25.0,57.98,36.35,56.36,39.0,76.11,87.42,32.89,25.32,50.36,26.25,39.4,43.32,18.03,69.26,23.71,65.28,50.01,32.8,62.17,27.51,32.65,15.62,32.02,74.04,13.45,82.76,97.0,20.4,54.56,52.5,0.0,88.23,41.3,45.54,58.08,93.61,15.0,36.12,33.24,24.08,39.05,36.88,20.12
42,89.27,98.15,92.11,62.17,62.2,75.96,27.86,91.2,63.6,85.38,92.36,32.57,78.45,33.3,75.18,80.01,1.0,57.28,111.51,66.01,62.13,50.21,58.86,96.18,94.2,67.98,79.25,65.19,57.7,40.52,75.6,56.08,73.25,56.3,72.01,90.79,44.1,14.0,82.08,34.44,41.34,88.23,0.0,64.01,87.37,50.0,22.83,100.85,53.67,70.34,64.35,49.4,53.23,71.12
43,36.12,77.7,47.52,4.0,68.43,15.52,66.19,86.28,8.6,63.25,61.33,46.0,61.62,32.28,11.18,92.66,63.53,18.87,66.01,65.19,30.41,21.59,53.34,57.97,94.26,39.7,84.31,9.43,37.44,26.25,15.52,23.32,35.36,29.68,34.0,52.2,80.22,76.56,51.48,41.0,22.85,41.3,64.01,0.0,73.76,18.79,78.59,56.22,36.24,53.04,31.14,31.95,37.12,39.41
44,54.78,12.21,41.98,76.84,28.18,87.0,63.6,14.56,65.19,12.65,23.0,56.04,12.21,67.19,77.23,34.79,86.37,56.04,48.05,22.14,43.6,57.71,29.07,33.0,23.77,34.06,23.77,83.1,38.91,82.08,66.22,52.15,39.82,46.14,107.2,33.54,59.36,89.74,25.5,56.44,70.38,45.54,87.37,73.76,0.0,83.24,80.99,43.0,42.15,21.47,42.64,48.47,41.79,34.66
45,54.13,89.32,64.01,15.26,71.51,26.42,59.23,94.05,24.19,74.46,74.95,41.63,71.12,24.35,28.43,95.78,49.73,28.16,83.29,70.09,40.5,25.55,58.14,73.33,101.04,50.33,89.11,15.81,44.42,9.49,34.18,31.38,48.84,37.12,27.29,67.36,75.58,63.56,64.29,37.12,15.26,58.08,50.0,18.79,83.24,0.0,68.07,73.06,41.62,61.77,42.06,35.61,42.2,51.24
46,96.83,92.85,96.18,77.67,53.16,92.4,18.03,81.22,75.96,82.37,91.53,36.06,74.71,46.32,89.56,65.19,22.36,67.08,114.11,58.87,67.8,60.42,55.76,97.45,82.15,70.71,67.27,81.88,60.88,59.0,87.32,64.5,77.99,62.43,92.54,92.85,26.31,12.53,82.62,40.31,56.09,93.61,22.83,78.59,80.99,68.07,0.0,104.0,57.49,68.51,69.81,55.47,56.73,74.25
47,21.54,37.36,9.22,60.21,61.33,63.25,86.27,57.14,49.0,31.26,20.0,69.4,37.36,70.01,53.16,76.79,99.98,47.3,10.77,54.23,38.91,53.45,50.22,10.0,66.27,33.42,65.62,64.78,43.6,76.94,41.98,46.49,27.73,44.72,88.53,11.66,90.14,108.6,22.83,66.57,66.94,15.0,100.85,56.22,43.0,73.06,104.0,0.0,47.43,38.08,36.67,51.48,48.01,30.0
48,39.82,49.82,39.05,38.28,32.2,51.48,40.5,52.43,28.79,35.23,39.62,22.02,30.36,26.02,43.68,56.44,52.77,17.46,57.98,29.21,10.77,16.28,17.2,42.54,59.55,14.32,48.41,44.65,4.12,39.92,36.06,13.0,20.52,7.07,67.18,37.12,49.24,61.22,28.86,19.24,28.23,36.12,53.67,36.24,42.15,41.62,57.49,47.43,0.0,20.88,12.53,6.32,1.0,17.49
49,41.01,29.15,32.57,55.9,23.77,67.01,50.48,33.24,44.6,15.13,23.02,37.85,9.49,46.53,57.69,43.74,69.38,34.83,47.01,17.12,22.63,36.24,12.81,29.83,41.4,13.89,33.53,62.24,17.46,60.75,47.41,30.81,21.84,24.7,86.05,26.42,52.2,75.15,15.26,37.12,49.04,33.24,70.34,53.04,21.47,61.77,68.51,38.08,20.88,0.0,22.02,27.2,20.62,15.81
50,27.29,47.42,27.78,34.21,40.79,45.0,53.0,55.23,22.63,32.65,33.24,33.97,30.48,33.53,35.85,63.91,63.51,13.93,47.42,36.06,2.24,18.0,25.32,33.54,63.41,8.6,54.56,40.46,10.2,43.19,26.25,11.05,8.94,8.06,64.64,27.66,61.4,72.92,22.36,30.48,32.0,24.08,64.35,31.14,42.64,42.06,69.81,36.67,12.53,22.02,0.0,15.0,13.42,9.22
51,41.4,56.09,42.72,33.54,36.89,47.43,39.4,58.52,25.32,41.44,45.28,19.42,36.69,20.02,40.45,61.29,48.55,14.04,62.18,34.66,12.81,10.82,22.63,47.43,65.44,19.42,53.81,39.82,10.05,33.62,34.23,10.05,23.85,7.07,61.62,41.79,50.25,58.0,34.37,15.56,21.93,39.05,49.4,31.95,48.47,35.61,55.47,51.48,6.32,27.2,15.0,0.0,6.71,22.14
52,40.71,49.65,39.7,39.12,31.3,52.39,39.66,51.87,29.73,35.13,39.81,21.4,30.08,26.08,44.64,55.57,52.33,18.38,58.52,28.43,11.7,16.97,16.4,42.95,58.9,14.76,47.63,45.49,4.47,40.31,37.05,13.93,21.26,8.06,67.9,37.59,48.27,60.61,29.12,18.79,28.64,36.88,53.23,37.12,41.79,42.2,56.73,48.01,1.0,20.62,13.42,6.71,0.0,18.03
53,26.31,38.47,21.93,42.72,38.01,52.35,56.73,48.01,30.81,23.85,24.08,39.41,22.8,41.77,42.64,59.44,70.24,23.09,40.5,32.14,11.05,27.07,23.54,25.3,56.6,3.61,49.34,48.83,13.6,52.35,31.91,20.22,6.08,16.12,73.25,19.7,62.65,78.6,13.15,36.72,41.05,20.12,71.12,39.41,34.66,51.24,74.25,30.0,17.49,15.81,9.22,22.14,18.03,0.0
