set K:= 1	2	3	4	5	6;
set C_H:= 1	2	3	4	5	6	7	8	9	10	11	12	13	14	15;
set C_S:= 16	17	18	19	20	21	22	23	24	25	26	27	28	29;
set C_F:= 30	31	32	33	34	35	36	37	38	39	40	41	42	43;
set M:= 44	45	46	47;
set M_B:= 48	49	50	51;
set L_B:= 52	53	54	55	56	57;
set A1:=
(0,*) 1 2 3 4 5 6 7 8 9 10 11 12 13 14 15 30 31 32 33 34 35 36 37 38 39 40 41 42 43 44 45 46 47 48 49 50 51 52 53 54 55 56 57
(1,*) 0 2 3 4 5 6 7 8 9 10 11 12 13 14 15 30 31 32 33 34 35 36 37 38 39 40 41 42 43 44 45 46 47 48 49 50 51 52 53 54 55 56 57
(2,*) 0 1 3 4 5 6 7 8 9 10 11 12 13 14 15 30 31 32 33 34 35 36 37 38 39 40 41 42 43 44 45 46 47 48 49 50 51 52 53 54 55 56 57
(3,*) 0 1 2 4 5 6 7 8 9 10 11 12 13 14 15 30 31 32 33 34 35 36 37 38 39 40 41 42 43 44 45 46 47 48 49 50 51 52 53 54 55 56 57
(4,*) 0 1 2 3 5 6 7 8 9 10 11 12 13 14 15 30 31 32 33 34 35 36 37 38 39 40 41 42 43 44 45 46 47 48 49 50 51 52 53 54 55 56 57
(5,*) 0 1 2 3 4 6 7 8 9 10 11 12 13 14 15 30 31 32 33 34 35 36 37 38 39 40 41 42 43 44 45 46 47 48 49 50 51 52 53 54 55 56 57
(6,*) 0 1 2 3 4 5 7 8 9 10 11 12 13 14 15 30 31 32 33 34 35 36 37 38 39 40 41 42 43 44 45 46 47 48 49 50 51 52 53 54 55 56 57
(7,*) 0 1 2 3 4 5 6 8 9 10 11 12 13 14 15 30 31 32 33 34 35 36 37 38 39 40 41 42 43 44 45 46 47 48 49 50 51 52 53 54 55 56 57
(8,*) 0 1 2 3 4 5 6 7 9 10 11 12 13 14 15 30 31 32 33 34 35 36 37 38 39 40 41 42 43 44 45 46 47 48 49 50 51 52 53 54 55 56 57
(9,*) 0 1 2 3 4 5 6 7 8 10 11 12 13 14 15 30 31 32 33 34 35 36 37 38 39 40 41 42 43 44 45 46 47 48 49 50 51 52 53 54 55 56 57
(10,*) 0 1 2 3 4 5 6 7 8 9 11 12 13 14 15 30 31 32 33 34 35 36 37 38 39 40 41 42 43 44 45 46 47 48 49 50 51 52 53 54 55 56 57
(11,*) 0 1 2 3 4 5 6 7 8 9 10 12 13 14 15 30 31 32 33 34 35 36 37 38 39 40 41 42 43 44 45 46 47 48 49 50 51 52 53 54 55 56 57
(12,*) 0 1 2 3 4 5 6 7 8 9 10 11 13 14 15 30 31 32 33 34 35 36 37 38 39 40 41 42 43 44 45 46 47 48 49 50 51 52 53 54 55 56 57
(13,*) 0 1 2 3 4 5 6 7 8 9 10 11 12 14 15 30 31 32 33 34 35 36 37 38 39 40 41 42 43 44 45 46 47 48 49 50 51 52 53 54 55 56 57
(14,*) 0 1 2 3 4 5 6 7 8 9 10 11 12 13 15 30 31 32 33 34 35 36 37 38 39 40 41 42 43 44 45 46 47 48 49 50 51 52 53 54 55 56 57
(15,*) 0 1 2 3 4 5 6 7 8 9 10 11 12 13 14 30 31 32 33 34 35 36 37 38 39 40 41 42 43 44 45 46 47 48 49 50 51 52 53 54 55 56 57
(30,*) 0 1 2 3 4 5 6 7 8 9 10 11 12 13 14 15 31 32 33 34 35 36 37 38 39 40 41 42 43 44 45 46 47 48 49 50 51 52 53 54 55 56 57
(31,*) 0 1 2 3 4 5 6 7 8 9 10 11 12 13 14 15 30 32 33 34 35 36 37 38 39 40 41 42 43 44 45 46 47 48 49 50 51 52 53 54 55 56 57
(32,*) 0 1 2 3 4 5 6 7 8 9 10 11 12 13 14 15 30 31 33 34 35 36 37 38 39 40 41 42 43 44 45 46 47 48 49 50 51 52 53 54 55 56 57
(33,*) 0 1 2 3 4 5 6 7 8 9 10 11 12 13 14 15 30 31 32 34 35 36 37 38 39 40 41 42 43 44 45 46 47 48 49 50 51 52 53 54 55 56 57
(34,*) 0 1 2 3 4 5 6 7 8 9 10 11 12 13 14 15 30 31 32 33 35 36 37 38 39 40 41 42 43 44 45 46 47 48 49 50 51 52 53 54 55 56 57
(35,*) 0 1 2 3 4 5 6 7 8 9 10 11 12 13 14 15 30 31 32 33 34 36 37 38 39 40 41 42 43 44 45 46 47 48 49 50 51 52 53 54 55 56 57
(36,*) 0 1 2 3 4 5 6 7 8 9 10 11 12 13 14 15 30 31 32 33 34 35 37 38 39 40 41 42 43 44 45 46 47 48 49 50 51 52 53 54 55 56 57
(37,*) 0 1 2 3 4 5 6 7 8 9 10 11 12 13 14 15 30 31 32 33 34 35 36 38 39 40 41 42 43 44 45 46 47 48 49 50 51 52 53 54 55 56 57
(38,*) 0 1 2 3 4 5 6 7 8 9 10 11 12 13 14 15 30 31 32 33 34 35 36 37 39 40 41 42 43 44 45 46 47 48 49 50 51 52 53 54 55 56 57
(39,*) 0 1 2 3 4 5 6 7 8 9 10 11 12 13 14 15 30 31 32 33 34 35 36 37 38 40 41 42 43 44 45 46 47 48 49 50 51 52 53 54 55 56 57
(40,*) 0 1 2 3 4 5 6 7 8 9 10 11 12 13 14 15 30 31 32 33 34 35 36 37 38 39 41 42 43 44 45 46 47 48 49 50 51 52 53 54 55 56 57
(41,*) 0 1 2 3 4 5 6 7 8 9 10 11 12 13 14 15 30 31 32 33 34 35 36 37 38 39 40 42 43 44 45 46 47 48 49 50 51 52 53 54 55 56 57
(42,*) 0 1 2 3 4 5 6 7 8 9 10 11 12 13 14 15 30 31 32 33 34 35 36 37 38 39 40 41 43 44 45 46 47 48 49 50 51 52 53 54 55 56 57
(43,*) 0 1 2 3 4 5 6 7 8 9 10 11 12 13 14 15 30 31 32 33 34 35 36 37 38 39 40 41 42 44 45 46 47 48 49 50 51 52 53 54 55 56 57
(44,*) 0 1 2 3 4 5 6 7 8 9 10 11 12 13 14 15 30 31 32 33 34 35 36 37 38 39 40 41 42 43 45 46 47 48 49 50 51 52 53 54 55 56 57
(45,*) 0 1 2 3 4 5 6 7 8 9 10 11 12 13 14 15 30 31 32 33 34 35 36 37 38 39 40 41 42 43 44 46 47 48 49 50 51 52 53 54 55 56 57
(46,*) 0 1 2 3 4 5 6 7 8 9 10 11 12 13 14 15 30 31 32 33 34 35 36 37 38 39 40 41 42 43 44 45 47 48 49 50 51 52 53 54 55 56 57
(47,*) 0 1 2 3 4 5 6 7 8 9 10 11 12 13 14 15 30 31 32 33 34 35 36 37 38 39 40 41 42 43 44 45 46 48 49 50 51 52 53 54 55 56 57
(48,*) 0 1 2 3 4 5 6 7 8 9 10 11 12 13 14 15 30 31 32 33 34 35 36 37 38 39 40 41 42 43 44 45 46 47 49 50 51 52 53 54 55 56 57
(49,*) 0 1 2 3 4 5 6 7 8 9 10 11 12 13 14 15 30 31 32 33 34 35 36 37 38 39 40 41 42 43 44 45 46 47 48 50 51 52 53 54 55 56 57
(50,*) 0 1 2 3 4 5 6 7 8 9 10 11 12 13 14 15 30 31 32 33 34 35 36 37 38 39 40 41 42 43 44 45 46 47 48 49 51 52 53 54 55 56 57
(51,*) 0 1 2 3 4 5 6 7 8 9 10 11 12 13 14 15 30 31 32 33 34 35 36 37 38 39 40 41 42 43 44 45 46 47 48 49 50 52 53 54 55 56 57
(52,*) 0 1 2 3 4 5 6 7 8 9 10 11 12 13 14 15 30 31 32 33 34 35 36 37 38 39 40 41 42 43 44 45 46 47 48 49 50 51 53 54 55 56 57
(53,*) 0 1 2 3 4 5 6 7 8 9 10 11 12 13 14 15 30 31 32 33 34 35 36 37 38 39 40 41 42 43 44 45 46 47 48 49 50 51 52 54 55 56 57
(54,*) 0 1 2 3 4 5 6 7 8 9 10 11 12 13 14 15 30 31 32 33 34 35 36 37 38 39 40 41 42 43 44 45 46 47 48 49 50 51 52 53 55 56 57
(55,*) 0 1 2 3 4 5 6 7 8 9 10 11 12 13 14 15 30 31 32 33 34 35 36 37 38 39 40 41 42 43 44 45 46 47 48 49 50 51 52 53 54 56 57
(56,*) 0 1 2 3 4 5 6 7 8 9 10 11 12 13 14 15 30 31 32 33 34 35 36 37 38 39 40 41 42 43 44 45 46 47 48 49 50 51 52 53 54 55 57
(57,*) 0 1 2 3 4 5 6 7 8 9 10 11 12 13 14 15 30 31 32 33 34 35 36 37 38 39 40 41 42 43 44 45 46 47 48 49 50 51 52 53 54 55 56
;
set A2:=
(44,*) 45
(45,*) 44
(46,*) 47
(47,*) 46
;
param BigM:=99999;
param n:= 6;
param d:=
1	8
2	24
3	14
4	8
5	14
6	18
7	9
8	24
9	14
10	24
11	23
12	24
13	4
14	8
15	4
16	9
17	9
18	9
19	3
20	8
21	2
22	18
23	3
24	24
25	13
26	14
27	18
28	14
29	18
30	19
31	18
32	14
33	8
34	13
35	18
36	4
37	24
38	13
39	8
40	9
41	13
42	14
43	13
;
param Q:=100;
param w:=
[44,*] 45 0.1
[45,*] 44 0.1
[46,*] 47 0.1
[47,*] 46 0.1
;
param V:=
[44,*] 45 96
[45,*] 44 96
[46,*] 47 88
[47,*] 46 88
;
param e:
	44	45	46	47	48	49	50	51	52	53	54	55	56	57:=
16		0		0		0		0		0		0		0		0		1		0		0		0		0		0	
17		1		0		0		0		1		0		0		0		0		0		0		0		0		0	
18		0		0		0		1		0		0		0		1		0		0		0		0		0		0	
19		0		1		0		0		0		1		0		0		0		0		0		0		0		0	
20		0		0		1		0		0		0		1		0		0		0		0		0		0		0	
21		1		0		0		0		1		0		0		0		0		0		0		0		0		0	
22		0		0		0		0		0		0		0		0		0		0		0		0		0		1	
23		1		0		0		0		1		0		0		0		0		0		0		0		0		0	
24		0		0		0		0		0		0		0		0		0		1		1		1		0		1	
25		0		1		0		0		0		1		0		0		0		0		0		0		0		0	
26		0		0		0		0		0		0		0		0		0		0		1		0		0		0	
27		0		1		0		0		0		1		0		0		0		0		0		0		0		0	
28		1		0		0		0		1		0		0		0		0		0		0		0		0		0	
29		0		1		0		0		0		1		0		0		0		0		0		0		0		0	
30		0		0		0		0		0		0		0		0		1		0		1		1		0		1	
31		0		0		0		0		0		0		0		0		0		1		1		1		0		1	
32		1		0		0		0		1		0		0		0		1		0		0		0		1		0	
33		0		0		0		0		0		0		0		0		1		1		1		1		0		1	
34		0		1		0		0		0		1		0		0		0		0		0		0		0		0	
35		0		1		0		0		0		1		0		0		0		0		0		0		0		0	
36		0		0		0		1		0		0		0		1		0		0		0		0		0		0	
37		0		0		0		0		0		0		0		0		0		0		0		0		1		0	
38		0		0		1		0		0		0		1		0		0		0		0		0		0		0	
39		0		0		0		0		0		0		0		0		1		1		1		1		1		1	
40		1		0		0		0		1		0		0		0		0		0		0		0		0		0	
41		1		0		0		0		1		0		0		0		1		0		0		0		0		0	
42		0		0		1		0		0		0		1		0		0		0		0		0		0		0	
43		0		1		0		0		0		1		0		0		0		1		0		0		0		0	
;
param p:=
1	3
2	3
3	3
4	3
5	3
6	3
;
param G:=
44	74
45	96
46	88
47	87
48	74
49	96
50	88
51	87
52	85
53	81
54	83
55	70
56	84
57	95
;
param s:=
0	0
1	10
2	10
3	10
4	10
5	10
6	10
7	10
8	10
9	10
10	10
11	10
12	10
13	10
14	10
15	10
30	10
31	10
32	10
33	10
34	10
35	10
36	10
37	10
38	10
39	10
40	10
41	10
42	10
43	10
44	10
45	10
46	10
47	10
48	10
49	10
50	10
51	10
52	10
53	10
54	10
55	10
56	10
57	10
;
param t:
	0	1	2	3	4	5	6	7	8	9	10	11	12	13	14	15	16	17	18	19	20	21	22	23	24	25	26	27	28	29	30	31	32	33	34	35	36	37	38	39	40	41	42	43	44	45	46	47	48	49	50	51	52	53	54	55	56	57:=
0	0.0	88.53	21.02	14.87	64.2	29.15	29.41	30.08	34.41	26.91	60.8	9.43	73.82	44.05	37.16	31.78	33.24	53.25	30.27	40.11	99.09	69.29	56.85	42.15	39.2	51.0	29.61	36.12	84.48	59.46	20.62	32.2	58.01	34.41	67.27	41.76	22.8	88.26	80.26	49.82	78.43	45.12	89.27	56.4	54.78	54.13	96.83	21.54	54.78	54.13	96.83	21.54	38.12	52.01	38.01	33.11	68.68	38.33
1	88.53	0.0	75.0	91.27	61.2	61.29	81.15	63.01	91.42	95.27	31.62	87.42	78.26	64.85	56.8	74.71	55.32	97.16	110.64	61.74	14.04	90.2	33.54	84.4	49.5	40.82	67.08	63.53	79.06	40.26	72.4	56.57	65.01	55.47	72.0	75.61	89.89	43.27	26.93	57.87	93.21	77.47	1.0	32.65	86.37	49.73	22.36	99.98	86.37	49.73	22.36	99.98	66.41	38.47	55.01	59.54	47.52	60.17
2	21.02	75.0	0.0	33.84	66.94	26.68	41.73	12.04	50.22	45.19	52.2	27.51	80.62	23.02	35.51	11.66	24.19	68.01	51.24	19.42	87.13	79.88	47.43	54.49	26.93	34.66	33.54	15.52	90.14	40.82	26.4	20.62	62.3	29.02	46.57	21.95	39.82	84.48	72.8	51.42	88.51	54.64	75.6	42.44	66.22	34.18	87.32	41.98	66.22	34.18	87.32	41.98	42.95	43.42	35.23	31.78	67.03	39.56
3	14.87	91.27	33.84	0.0	56.32	30.02	18.11	40.05	20.12	12.04	61.07	6.32	63.0	56.29	35.38	45.31	37.34	38.95	19.92	51.48	100.26	56.52	58.01	29.43	44.27	57.72	25.5	47.52	74.03	67.74	18.87	38.08	49.48	35.85	80.36	55.54	8.54	83.73	78.64	43.83	65.73	34.01	92.11	60.93	41.98	64.01	96.18	9.22	41.98	64.01	96.18	9.22	31.3	53.01	36.88	32.02	63.53	34.21
4	64.2	61.2	66.94	56.32	0.0	40.26	38.63	60.93	43.83	52.35	34.44	56.89	18.36	76.66	31.62	75.61	45.19	40.31	69.46	70.33	62.65	29.02	36.89	32.65	47.71	56.57	35.01	68.43	24.41	67.36	44.0	49.66	7.21	39.0	98.23	83.67	49.77	31.4	36.35	15.52	32.57	25.0	62.2	50.0	28.18	71.51	53.16	61.33	28.18	71.51	53.16	61.33	26.08	35.47	32.31	35.17	14.14	27.46
5	29.15	61.29	26.68	30.02	40.26	0.0	24.19	22.02	35.13	35.69	31.89	26.25	54.59	39.62	9.0	35.78	9.22	48.85	49.66	33.3	70.77	55.87	28.32	34.01	16.03	30.02	9.85	30.41	63.69	41.3	11.18	12.53	35.85	5.83	63.6	44.65	29.83	59.91	51.11	24.74	63.89	31.4	62.13	31.32	43.6	40.5	67.8	38.91	43.6	40.5	67.8	38.91	17.69	23.35	9.22	5.1	41.19	13.0
6	29.41	81.15	41.73	18.11	38.63	24.19	0.0	42.94	11.0	14.87	49.66	20.4	45.04	60.9	24.74	53.15	33.38	26.4	31.89	55.01	88.32	39.92	47.76	13.04	40.2	54.15	15.03	51.48	56.0	65.49	16.12	36.14	31.62	29.0	85.48	63.25	11.18	67.42	64.66	27.66	49.04	16.03	82.08	54.33	25.5	64.29	82.62	22.83	25.5	64.29	82.62	22.83	15.62	43.01	26.68	23.09	47.2	21.02
7	30.08	63.01	12.04	40.05	60.93	22.02	42.94	0.0	52.92	50.01	41.59	34.0	76.32	18.03	29.53	15.13	15.81	69.12	59.14	12.08	75.29	77.83	36.67	54.64	16.12	22.63	31.14	8.6	84.97	29.55	26.83	11.4	57.31	21.93	42.54	22.83	44.15	75.01	62.17	45.62	85.91	53.08	63.6	30.53	65.19	24.19	75.96	49.0	65.19	24.19	75.96	49.0	39.7	33.14	28.64	26.63	58.86	34.67
8	34.41	91.42	50.22	20.12	43.83	35.13	11.0	52.92	0.0	10.0	59.81	25.0	45.89	70.68	35.51	61.85	44.28	18.87	26.0	65.0	97.95	37.22	58.24	11.7	51.16	65.12	26.02	61.33	57.07	76.42	26.25	46.87	36.62	40.0	95.27	72.11	11.66	74.33	73.5	35.81	46.39	18.87	92.36	65.28	23.0	74.95	91.53	20.0	23.0	74.95	91.53	20.0	25.08	53.6	37.48	34.06	54.45	31.32
9	26.91	95.27	45.19	12.04	52.35	35.69	14.87	50.01	10.0	0.0	64.01	18.03	55.73	67.05	38.48	56.8	44.28	27.86	17.2	61.85	102.93	47.17	61.74	21.38	51.35	65.28	28.23	57.97	66.91	76.03	25.08	46.01	45.18	41.23	91.42	67.08	6.0	82.01	79.51	42.45	56.32	27.86	96.18	66.94	33.0	73.33	97.45	10.0	33.0	73.33	97.45	10.0	30.48	56.86	40.31	36.06	61.85	35.51
10	60.8	31.62	52.2	61.07	34.44	31.89	49.66	41.59	59.81	64.01	0.0	57.98	52.77	51.62	25.81	56.22	28.64	66.19	79.88	46.17	39.2	62.1	5.0	52.95	25.5	26.57	36.06	46.0	57.01	35.23	42.45	31.62	36.14	26.4	68.88	61.13	58.83	34.53	20.62	27.0	66.85	46.27	32.57	17.49	56.04	41.63	36.06	69.4	56.04	41.63	36.06	69.4	34.79	8.94	24.21	29.07	24.04	28.64
11	9.43	87.42	27.51	6.32	56.89	26.25	20.4	34.0	25.0	18.03	57.98	0.0	65.28	50.01	32.8	39.0	32.65	43.83	25.32	45.28	97.0	60.08	54.56	32.89	39.4	52.5	23.71	41.3	76.11	62.17	15.62	32.89	50.36	32.02	74.04	49.24	13.45	82.76	76.4	43.32	69.26	36.35	88.23	56.36	45.54	58.08	93.61	15.0	45.54	58.08	93.61	15.0	31.05	49.58	34.06	29.07	62.77	32.65
12	73.82	78.26	80.62	63.0	18.36	54.59	45.04	76.32	45.89	55.73	52.77	65.28	0.0	93.01	46.87	90.35	61.03	34.67	71.57	86.61	78.0	15.26	55.23	34.37	64.54	74.41	47.17	84.31	11.18	85.43	55.36	65.46	19.21	54.64	115.43	99.13	55.08	42.2	52.15	31.24	15.03	29.02	79.25	68.24	23.77	89.11	67.27	65.62	23.77	89.11	67.27	65.62	37.7	53.6	48.01	49.74	30.81	41.68
13	44.05	64.85	23.02	56.29	76.66	39.62	60.9	18.03	70.68	67.05	51.62	50.01	93.01	0.0	46.23	13.93	32.02	87.13	74.24	6.4	78.45	95.46	46.69	72.67	29.07	26.02	49.04	9.43	101.02	25.06	44.78	27.66	73.82	38.42	24.6	10.77	61.35	86.15	71.06	61.85	103.32	70.94	65.19	36.01	83.1	15.81	81.88	64.78	83.1	15.81	81.88	64.78	57.28	44.64	45.0	43.86	72.45	51.74
14	37.16	56.8	35.51	35.38	31.62	9.0	24.74	29.53	35.51	38.48	25.81	32.8	46.87	46.23	0.0	44.01	14.21	46.1	54.08	39.82	65.0	49.82	23.26	31.4	18.87	31.62	10.3	37.44	55.46	43.32	17.2	18.6	27.78	7.81	69.35	52.35	33.12	51.24	43.6	16.16	57.28	26.93	57.7	30.0	38.91	44.42	60.88	43.6	38.91	44.42	60.88	43.6	12.65	18.38	2.0	4.12	32.25	5.83
15	31.78	74.71	11.66	45.31	75.61	35.78	53.15	15.13	61.85	56.8	56.22	39.0	90.35	13.93	44.01	0.0	30.81	79.51	61.98	13.45	87.73	90.6	51.24	65.76	31.0	34.01	43.83	11.18	99.4	36.8	37.48	26.48	71.59	36.69	35.51	10.3	51.48	90.01	76.66	60.17	99.05	65.44	75.18	43.32	77.23	28.43	89.56	53.16	77.23	28.43	89.56	53.16	53.0	48.01	43.32	40.72	73.98	48.75
16	33.24	55.32	24.19	37.34	45.19	9.22	33.38	15.81	44.28	44.28	28.64	32.65	61.03	32.02	14.21	30.81	0.0	57.94	57.25	25.61	65.95	63.78	24.19	43.08	7.07	21.02	18.97	23.32	69.35	32.14	19.24	4.47	41.88	6.4	55.32	38.48	38.33	60.3	49.04	30.02	71.42	39.96	56.08	23.71	52.15	31.38	64.5	46.49	52.15	31.38	64.5	46.49	25.81	19.7	13.04	12.21	43.29	19.8
17	53.25	97.16	68.01	38.95	40.31	48.85	26.4	69.12	18.87	27.86	66.19	43.83	34.67	87.13	46.1	79.51	57.94	0.0	40.0	81.12	101.24	21.84	66.0	14.87	64.2	77.62	39.0	77.7	45.18	89.29	42.44	61.33	34.01	52.5	111.65	89.64	30.53	71.56	75.27	39.32	30.27	20.0	98.15	75.66	12.21	89.32	92.85	37.36	12.21	89.32	92.85	37.36	33.54	62.07	48.05	46.17	53.71	40.61
18	30.27	110.64	51.24	19.92	69.46	49.66	31.89	59.14	26.0	17.2	79.88	25.32	71.57	74.24	54.08	61.98	57.25	40.0	0.0	70.01	119.04	61.29	77.18	37.7	64.2	77.62	43.83	66.01	82.71	87.48	38.48	57.97	62.27	55.46	97.49	71.81	21.26	99.2	96.26	59.55	70.11	44.72	111.51	80.78	48.05	83.29	114.11	10.77	48.05	83.29	114.11	10.77	47.38	72.2	55.76	51.11	79.03	51.86
19	40.11	61.74	19.42	51.48	70.33	33.3	55.01	12.08	65.0	61.85	46.17	45.28	86.61	6.4	39.82	13.45	25.61	81.12	70.01	0.0	75.03	89.11	41.19	66.57	22.85	21.59	42.8	4.0	94.67	23.35	38.91	21.26	67.42	32.02	30.53	15.0	56.04	80.62	66.01	55.47	96.94	64.66	62.17	31.4	76.84	15.26	77.67	60.21	76.84	15.26	77.67	60.21	50.93	38.83	38.6	37.48	66.41	45.34
20	99.09	14.04	87.13	100.26	62.65	70.77	88.32	75.29	97.95	102.93	39.2	97.0	78.0	78.45	65.0	87.73	65.95	101.24	119.04	75.03	0.0	91.35	42.45	89.69	60.8	53.71	75.21	76.56	76.79	54.13	81.57	67.8	67.68	65.07	86.01	89.19	97.91	38.33	26.31	62.77	93.01	82.28	14.0	44.78	89.74	63.56	12.53	108.6	89.74	63.56	12.53	108.6	72.95	47.42	63.41	68.25	48.51	67.42
21	69.29	90.2	79.88	56.52	29.02	55.87	39.92	77.83	37.22	47.17	62.1	60.08	15.26	95.46	49.82	90.6	63.78	21.84	61.29	89.11	91.35	0.0	63.57	27.2	68.6	80.26	46.86	86.28	24.21	91.79	53.54	67.94	25.96	57.49	119.1	100.12	48.05	56.92	65.12	36.67	9.22	25.24	91.2	75.64	14.56	94.05	81.22	57.14	14.56	94.05	81.22	57.14	38.18	60.93	51.4	51.66	43.01	44.05
22	56.85	33.54	47.43	58.01	36.89	28.32	47.76	36.67	58.24	61.74	5.0	54.56	55.23	46.69	23.26	51.24	24.19	66.0	77.18	41.19	42.45	63.57	0.0	52.24	20.62	21.93	33.54	41.0	60.21	31.24	39.2	26.93	37.7	22.63	64.41	56.14	56.36	39.46	25.5	27.46	68.88	46.0	34.44	13.45	56.44	37.12	40.31	66.57	56.44	37.12	40.31	66.57	33.54	5.0	21.47	26.08	27.8	26.93
23	42.15	84.4	54.49	29.43	32.65	34.01	13.04	54.64	11.7	21.38	52.95	32.89	34.37	72.67	31.4	65.76	43.08	14.87	37.7	66.57	89.69	27.2	52.24	0.0	49.34	62.82	24.17	63.25	45.54	74.46	28.32	46.52	25.5	37.64	97.1	75.74	21.1	63.66	64.41	26.93	36.4	7.81	85.38	61.2	12.65	74.46	82.37	31.26	12.65	74.46	82.37	31.26	19.03	48.04	33.38	31.32	44.2	26.08
24	39.2	49.5	26.93	44.27	47.71	16.03	40.2	16.12	51.16	51.35	25.5	39.4	64.54	29.07	18.87	31.0	7.07	64.2	64.2	22.85	60.8	68.6	20.62	49.34	0.0	14.0	25.5	21.59	72.11	25.32	26.31	7.07	45.34	11.7	50.93	37.11	45.4	59.01	46.1	33.3	75.82	45.62	50.21	17.2	57.71	25.55	60.42	53.45	57.71	25.55	60.42	53.45	31.3	17.03	17.2	18.03	43.68	24.7
25	51.0	40.82	34.66	57.72	56.57	30.02	54.15	22.63	65.12	65.28	26.57	52.5	74.41	26.02	31.62	34.01	21.02	77.62	77.62	21.59	53.71	80.26	21.93	62.82	14.0	0.0	39.32	22.85	80.72	11.7	40.2	19.65	55.61	25.32	42.54	36.35	59.3	60.88	45.18	43.83	86.84	58.52	41.34	10.0	70.38	15.26	56.09	66.94	70.38	15.26	56.09	66.94	44.27	21.4	29.73	31.58	49.4	37.34
26	29.61	67.08	33.54	25.5	35.01	9.85	15.03	31.14	26.02	28.23	36.06	23.71	47.17	49.04	10.3	43.83	18.97	39.0	43.83	42.8	75.21	46.86	33.54	24.17	25.5	39.32	0.0	39.7	57.01	50.8	9.06	22.36	29.43	14.04	73.24	53.26	22.83	59.09	53.15	20.22	55.22	21.93	67.98	39.32	34.06	50.33	70.71	33.42	34.06	50.33	70.71	33.42	9.49	28.64	12.08	8.06	39.22	8.94
27	36.12	63.53	15.52	47.52	68.43	30.41	51.48	8.6	61.33	57.97	46.0	41.3	84.31	9.43	37.44	11.18	23.32	77.7	66.01	4.0	76.56	86.28	41.0	63.25	21.59	22.85	39.7	0.0	92.66	26.25	35.36	18.87	65.19	29.68	34.0	15.52	52.2	80.22	66.19	53.34	94.26	61.62	64.01	32.28	73.76	18.79	78.59	56.22	73.76	18.79	78.59	56.22	48.1	38.21	36.36	34.83	65.25	42.8
28	84.48	79.06	90.14	74.03	24.41	63.69	56.0	84.97	57.07	66.91	57.01	76.11	11.18	101.02	55.46	99.4	69.35	45.18	82.71	94.67	76.79	24.21	60.21	45.54	72.11	80.72	57.01	92.66	0.0	91.22	65.51	73.82	27.86	63.06	122.61	107.78	66.19	39.01	52.2	39.36	19.72	40.01	80.01	73.59	34.79	95.78	65.19	76.79	34.79	95.78	65.19	76.79	47.54	59.41	56.36	58.69	33.29	50.7
29	59.46	40.26	40.82	67.74	67.36	41.3	65.49	29.55	76.42	76.03	35.23	62.17	85.43	25.06	43.32	36.8	32.14	89.29	87.48	23.35	54.13	91.79	31.24	74.46	25.32	11.7	50.8	26.25	91.22	0.0	51.0	30.02	66.85	36.88	34.48	35.78	70.03	68.15	51.24	55.23	98.18	70.23	40.52	17.8	82.08	9.49	59.0	76.94	82.08	9.49	59.0	76.94	55.97	31.89	41.44	43.17	59.03	49.04
30	20.62	72.4	26.4	18.87	44.0	11.18	16.12	26.83	26.25	25.08	42.45	15.62	55.36	44.78	17.2	37.48	19.24	42.44	38.48	38.91	81.57	53.54	39.2	28.32	26.31	40.2	9.06	35.36	65.51	51.0	0.0	21.02	38.21	17.0	69.35	47.42	19.1	67.78	60.8	29.27	62.27	28.3	73.25	42.38	39.82	48.84	77.99	27.73	39.82	48.84	77.99	27.73	18.11	34.21	18.44	13.45	48.08	17.72
31	32.2	56.57	20.62	38.08	49.66	12.53	36.14	11.4	46.87	46.01	31.62	32.89	65.46	27.66	18.6	26.48	4.47	61.33	57.97	21.26	67.8	67.94	26.93	46.52	7.07	19.65	22.36	18.87	73.82	30.02	21.02	0.0	46.32	10.82	51.22	34.01	40.01	64.12	52.2	34.48	75.69	43.83	57.28	24.21	56.04	28.16	67.08	47.3	56.04	28.16	67.08	47.3	29.83	22.8	17.49	16.28	47.52	24.08
32	58.01	65.01	62.3	49.48	7.21	35.85	31.62	57.31	36.62	45.18	36.14	50.36	19.21	73.82	27.78	71.59	41.88	34.01	62.27	67.42	67.68	25.96	37.7	25.5	45.34	55.61	29.43	65.19	27.86	66.85	38.21	46.32	0.0	35.51	96.26	80.13	42.72	38.29	41.48	12.04	31.38	17.8	66.01	50.12	22.14	70.09	58.87	54.23	22.14	70.09	58.87	54.23	20.1	35.36	28.84	30.87	19.7	22.85
33	34.41	55.47	29.02	35.85	39.0	5.83	29.0	21.93	40.0	41.23	26.4	32.02	54.64	38.42	7.81	36.69	6.4	52.5	55.46	32.02	65.07	57.49	22.63	37.64	11.7	25.32	14.04	29.68	63.06	36.88	17.0	10.82	35.51	0.0	61.62	44.72	35.44	55.9	46.07	23.71	65.05	34.0	56.3	25.71	46.14	37.12	62.43	44.72	46.14	37.12	62.43	44.72	19.72	17.69	6.71	6.32	38.01	13.45
34	67.27	72.0	46.57	80.36	98.23	63.6	85.48	42.54	95.27	91.42	68.88	74.04	115.43	24.6	69.35	35.51	55.32	111.65	97.49	30.53	86.01	119.1	64.41	97.1	50.93	42.54	73.24	34.0	122.61	34.48	69.35	51.22	96.26	61.62	0.0	26.02	85.8	102.53	85.73	84.22	126.62	95.0	72.01	51.48	107.2	27.29	92.54	88.53	107.2	27.29	92.54	88.53	81.06	63.81	67.9	67.48	91.92	75.07
35	41.76	75.61	21.95	55.54	83.67	44.65	63.25	22.83	72.11	67.08	61.13	49.24	99.13	10.77	52.35	10.3	38.48	89.64	71.81	15.0	89.19	100.12	56.14	75.74	37.11	36.35	53.26	15.52	107.78	35.78	47.42	34.01	80.13	44.72	26.02	0.0	61.77	95.52	81.01	68.43	108.41	75.07	75.96	46.27	87.0	26.42	92.4	63.25	87.0	26.42	92.4	63.25	62.2	53.6	51.43	49.4	80.78	57.45
36	22.8	89.89	39.82	8.54	49.77	29.83	11.18	44.15	11.66	6.0	58.83	13.45	55.08	61.35	33.12	51.48	38.33	30.53	21.26	56.04	97.91	48.05	56.36	21.1	45.4	59.3	22.83	52.2	66.19	70.03	19.1	40.01	42.72	35.44	85.8	61.77	0.0	78.49	75.01	38.6	57.27	26.31	90.79	61.13	33.54	67.36	92.85	11.66	33.54	67.36	92.85	11.66	26.25	51.43	34.89	30.46	58.25	30.61
37	88.26	43.27	84.48	83.73	31.4	59.91	67.42	75.01	74.33	82.01	34.53	82.76	42.2	86.15	51.24	90.01	60.3	71.56	99.2	80.62	38.33	56.92	39.46	63.66	59.01	60.88	59.09	80.22	39.01	68.15	67.78	64.12	38.29	55.9	102.53	95.52	78.49	0.0	17.8	39.96	56.72	55.87	44.1	51.24	59.36	75.58	26.31	90.14	59.36	75.58	26.31	90.14	52.48	42.05	50.7	55.36	20.25	50.16
38	80.26	26.93	72.8	78.64	36.35	51.11	64.66	62.17	73.5	79.51	20.62	76.4	52.15	71.06	43.6	76.66	49.04	75.27	96.26	66.01	26.31	65.12	25.5	64.41	46.1	45.18	53.15	66.19	52.2	51.24	60.8	52.2	41.48	46.07	85.73	81.01	75.01	17.8	0.0	37.74	67.19	56.8	27.86	35.23	63.6	59.23	18.03	86.27	63.6	59.23	18.03	86.27	49.04	29.41	42.44	47.43	22.2	44.55
39	49.82	57.87	51.42	43.83	15.52	24.74	27.66	45.62	35.81	42.45	27.0	43.32	31.24	61.85	16.16	60.17	30.02	39.32	59.55	55.47	62.77	36.67	27.46	26.93	33.3	43.83	20.22	53.34	39.36	55.23	29.27	34.48	12.04	23.71	84.22	68.43	38.6	39.96	37.74	0.0	43.01	19.65	58.86	39.0	29.07	58.14	55.76	50.22	29.07	58.14	55.76	50.22	12.53	24.35	17.0	19.65	19.72	12.04
40	78.43	93.21	88.51	65.73	32.57	63.89	49.04	85.91	46.39	56.32	66.85	69.26	15.03	103.32	57.28	99.05	71.42	30.27	70.11	96.94	93.01	9.22	68.88	36.4	75.82	86.84	55.22	94.26	19.72	98.18	62.27	75.69	31.38	65.05	126.62	108.41	57.27	56.72	67.19	43.01	0.0	34.0	94.2	81.49	23.77	101.04	82.15	66.27	23.77	101.04	82.15	66.27	46.23	66.73	58.73	59.46	45.71	51.62
41	45.12	77.47	54.64	34.01	25.0	31.4	16.03	53.08	18.87	27.86	46.27	36.35	29.02	70.94	26.93	65.44	39.96	20.0	44.72	64.66	82.28	25.24	46.0	7.81	45.62	58.52	21.93	61.62	40.01	70.23	28.3	43.83	17.8	34.0	95.0	75.07	26.31	55.87	56.8	19.65	34.0	0.0	78.45	55.9	12.21	71.12	74.71	37.36	12.21	71.12	74.71	37.36	14.32	42.11	28.79	27.78	36.4	21.19
42	89.27	1.0	75.6	92.11	62.2	62.13	82.08	63.6	92.36	96.18	32.57	88.23	79.25	65.19	57.7	75.18	56.08	98.15	111.51	62.17	14.0	91.2	34.44	85.38	50.21	41.34	67.98	64.01	80.01	40.52	73.25	57.28	66.01	56.3	72.01	75.96	90.79	44.1	27.86	58.86	94.2	78.45	0.0	33.3	87.37	50.0	22.83	100.85	87.37	50.0	22.83	100.85	67.36	39.36	55.9	60.42	48.51	61.1
43	56.4	32.65	42.44	60.93	50.0	31.32	54.33	30.53	65.28	66.94	17.49	56.36	68.24	36.01	30.0	43.32	23.71	75.66	80.78	31.4	44.78	75.64	13.45	61.2	17.2	10.0	39.32	32.28	73.59	17.8	42.38	24.21	50.12	25.71	51.48	46.27	61.13	51.24	35.23	39.0	81.49	55.9	33.3	0.0	67.19	24.35	46.32	70.01	67.19	24.35	46.32	70.01	42.19	14.76	28.0	31.26	41.23	35.13
44	54.78	86.37	66.22	41.98	28.18	43.6	25.5	65.19	23.0	33.0	56.04	45.54	23.77	83.1	38.91	77.23	52.15	12.21	48.05	76.84	89.74	14.56	56.44	12.65	57.71	70.38	34.06	73.76	34.79	82.08	39.82	56.04	22.14	46.14	107.2	87.0	33.54	59.36	63.6	29.07	23.77	12.21	87.37	67.19	0.0	83.24	80.99	43.0	0.0	83.24	80.99	43.0	26.42	52.95	40.72	39.96	41.79	33.11
45	54.13	49.73	34.18	64.01	71.51	40.5	64.29	24.19	74.95	73.33	41.63	58.08	89.11	15.81	44.42	28.43	31.38	89.32	83.29	15.26	63.56	94.05	37.12	74.46	25.55	15.26	50.33	18.79	95.78	9.49	48.84	28.16	70.09	37.12	27.29	26.42	67.36	75.58	59.23	58.14	101.04	71.12	50.0	24.35	83.24	0.0	68.07	73.06	83.24	0.0	68.07	73.06	56.82	36.62	42.72	43.38	64.66	50.25
46	96.83	22.36	87.32	96.18	53.16	67.8	82.62	75.96	91.53	97.45	36.06	93.61	67.27	81.88	60.88	89.56	64.5	92.85	114.11	77.67	12.53	81.22	40.31	82.37	60.42	56.09	70.71	78.59	65.19	59.0	77.99	67.08	58.87	62.43	92.54	92.4	92.85	26.31	18.03	55.76	82.15	74.71	22.83	46.32	80.99	68.07	0.0	104.0	80.99	68.07	0.0	104.0	67.01	44.94	59.55	64.54	39.22	62.29
47	21.54	99.98	41.98	9.22	61.33	38.91	22.83	49.0	20.0	10.0	69.4	15.0	65.62	64.78	43.6	53.16	46.49	37.36	10.77	60.21	108.6	57.14	66.57	31.26	53.45	66.94	33.42	56.22	76.79	76.94	27.73	47.3	54.23	44.72	88.53	63.25	11.66	90.14	86.27	50.22	66.27	37.36	100.85	70.01	43.0	73.06	104.0	0.0	43.0	73.06	104.0	0.0	37.8	61.59	45.22	40.5	69.89	41.73
48	54.78	86.37	66.22	41.98	28.18	43.6	25.5	65.19	23.0	33.0	56.04	45.54	23.77	83.1	38.91	77.23	52.15	12.21	48.05	76.84	89.74	14.56	56.44	12.65	57.71	70.38	34.06	73.76	34.79	82.08	39.82	56.04	22.14	46.14	107.2	87.0	33.54	59.36	63.6	29.07	23.77	12.21	87.37	67.19	0.0	83.24	80.99	43.0	0.0	83.24	80.99	43.0	26.42	52.95	40.72	39.96	41.79	33.11
49	54.13	49.73	34.18	64.01	71.51	40.5	64.29	24.19	74.95	73.33	41.63	58.08	89.11	15.81	44.42	28.43	31.38	89.32	83.29	15.26	63.56	94.05	37.12	74.46	25.55	15.26	50.33	18.79	95.78	9.49	48.84	28.16	70.09	37.12	27.29	26.42	67.36	75.58	59.23	58.14	101.04	71.12	50.0	24.35	83.24	0.0	68.07	73.06	83.24	0.0	68.07	73.06	56.82	36.62	42.72	43.38	64.66	50.25
50	96.83	22.36	87.32	96.18	53.16	67.8	82.62	75.96	91.53	97.45	36.06	93.61	67.27	81.88	60.88	89.56	64.5	92.85	114.11	77.67	12.53	81.22	40.31	82.37	60.42	56.09	70.71	78.59	65.19	59.0	77.99	67.08	58.87	62.43	92.54	92.4	92.85	26.31	18.03	55.76	82.15	74.71	22.83	46.32	80.99	68.07	0.0	104.0	80.99	68.07	0.0	104.0	67.01	44.94	59.55	64.54	39.22	62.29
51	21.54	99.98	41.98	9.22	61.33	38.91	22.83	49.0	20.0	10.0	69.4	15.0	65.62	64.78	43.6	53.16	46.49	37.36	10.77	60.21	108.6	57.14	66.57	31.26	53.45	66.94	33.42	56.22	76.79	76.94	27.73	47.3	54.23	44.72	88.53	63.25	11.66	90.14	86.27	50.22	66.27	37.36	100.85	70.01	43.0	73.06	104.0	0.0	43.0	73.06	104.0	0.0	37.8	61.59	45.22	40.5	69.89	41.73
52	38.12	66.41	42.95	31.3	26.08	17.69	15.62	39.7	25.08	30.48	34.79	31.05	37.7	57.28	12.65	53.0	25.81	33.54	47.38	50.93	72.95	38.18	33.54	19.03	31.3	44.27	9.49	48.1	47.54	55.97	18.11	29.83	20.1	19.72	81.06	62.2	26.25	52.48	49.04	12.53	46.23	14.32	67.36	42.19	26.42	56.82	67.01	37.8	26.42	56.82	67.01	37.8	0.0	29.15	14.56	13.6	32.25	7.07
53	52.01	38.47	43.42	53.01	35.47	23.35	43.01	33.14	53.6	56.86	8.94	49.58	53.6	44.64	18.38	48.01	19.7	62.07	72.2	38.83	47.42	60.93	5.0	48.04	17.03	21.4	28.64	38.21	59.41	31.89	34.21	22.8	35.36	17.69	63.81	53.6	51.43	42.05	29.41	24.35	66.73	42.11	39.36	14.76	52.95	36.62	44.94	61.59	52.95	36.62	44.94	61.59	29.15	0.0	16.55	21.1	28.18	22.36
54	38.01	55.01	35.23	36.88	32.31	9.22	26.68	28.64	37.48	40.31	24.21	34.06	48.01	45.0	2.0	43.32	13.04	48.05	55.76	38.6	63.41	51.4	21.47	33.38	17.2	29.73	12.08	36.36	56.36	41.44	18.44	17.49	28.84	6.71	67.9	51.43	34.89	50.7	42.44	17.0	58.73	28.79	55.9	28.0	40.72	42.72	59.55	45.22	40.72	42.72	59.55	45.22	14.56	16.55	0.0	5.0	32.06	7.62
55	33.11	59.54	31.78	32.02	35.17	5.1	23.09	26.63	34.06	36.06	29.07	29.07	49.74	43.86	4.12	40.72	12.21	46.17	51.11	37.48	68.25	51.66	26.08	31.32	18.03	31.58	8.06	34.83	58.69	43.17	13.45	16.28	30.87	6.32	67.48	49.4	30.46	55.36	47.43	19.65	59.46	27.78	60.42	31.26	39.96	43.38	64.54	40.5	39.96	43.38	64.54	40.5	13.6	21.1	5.0	0.0	36.35	8.06
56	68.68	47.52	67.03	63.53	14.14	41.19	47.2	58.86	54.45	61.85	24.04	62.77	30.81	72.45	32.25	73.98	43.29	53.71	79.03	66.41	48.51	43.01	27.8	44.2	43.68	49.4	39.22	65.25	33.29	59.03	48.08	47.52	19.7	38.01	91.92	80.78	58.25	20.25	22.2	19.72	45.71	36.4	48.51	41.23	41.79	64.66	39.22	69.89	41.79	64.66	39.22	69.89	32.25	28.18	32.06	36.35	0.0	30.36
57	38.33	60.17	39.56	34.21	27.46	13.0	21.02	34.67	31.32	35.51	28.64	32.65	41.68	51.74	5.83	48.75	19.8	40.61	51.86	45.34	67.42	44.05	26.93	26.08	24.7	37.34	8.94	42.8	50.7	49.04	17.72	24.08	22.85	13.45	75.07	57.45	30.61	50.16	44.55	12.04	51.62	21.19	61.1	35.13	33.11	50.25	62.29	41.73	33.11	50.25	62.29	41.73	7.07	22.36	7.62	8.06	30.36	0.0
;
