set K:= 1	2	3	4	5	6	7;
set C_H:= 1	2	3	4	5	6	7	8	9	10	11	12	13	14	15;
set C_S:= 16	17	18	19	20	21	22	23	24	25	26	27	28	29	30;
set C_F:= 31	32	33	34	35	36	37	38	39	40	41	42	43	44	45;
set M:= 46	47	48	49	50	51;
set L_B:= 52	53	54	55	56	57	58;
set A1:=
(0,*) 1 2 3 4 5 6 7 8 9 10 11 12 13 14 15 31 32 33 34 35 36 37 38 39 40 41 42 43 44 45 46 47 48 49 50 51 52 53 54 55 56 57 58 59
(1,*) 0 2 3 4 5 6 7 8 9 10 11 12 13 14 15 31 32 33 34 35 36 37 38 39 40 41 42 43 44 45 46 47 48 49 50 51 52 53 54 55 56 57 58 59
(2,*) 0 1 3 4 5 6 7 8 9 10 11 12 13 14 15 31 32 33 34 35 36 37 38 39 40 41 42 43 44 45 46 47 48 49 50 51 52 53 54 55 56 57 58 59
(3,*) 0 1 2 4 5 6 7 8 9 10 11 12 13 14 15 31 32 33 34 35 36 37 38 39 40 41 42 43 44 45 46 47 48 49 50 51 52 53 54 55 56 57 58 59
(4,*) 0 1 2 3 5 6 7 8 9 10 11 12 13 14 15 31 32 33 34 35 36 37 38 39 40 41 42 43 44 45 46 47 48 49 50 51 52 53 54 55 56 57 58 59
(5,*) 0 1 2 3 4 6 7 8 9 10 11 12 13 14 15 31 32 33 34 35 36 37 38 39 40 41 42 43 44 45 46 47 48 49 50 51 52 53 54 55 56 57 58 59
(6,*) 0 1 2 3 4 5 7 8 9 10 11 12 13 14 15 31 32 33 34 35 36 37 38 39 40 41 42 43 44 45 46 47 48 49 50 51 52 53 54 55 56 57 58 59
(7,*) 0 1 2 3 4 5 6 8 9 10 11 12 13 14 15 31 32 33 34 35 36 37 38 39 40 41 42 43 44 45 46 47 48 49 50 51 52 53 54 55 56 57 58 59
(8,*) 0 1 2 3 4 5 6 7 9 10 11 12 13 14 15 31 32 33 34 35 36 37 38 39 40 41 42 43 44 45 46 47 48 49 50 51 52 53 54 55 56 57 58 59
(9,*) 0 1 2 3 4 5 6 7 8 10 11 12 13 14 15 31 32 33 34 35 36 37 38 39 40 41 42 43 44 45 46 47 48 49 50 51 52 53 54 55 56 57 58 59
(10,*) 0 1 2 3 4 5 6 7 8 9 11 12 13 14 15 31 32 33 34 35 36 37 38 39 40 41 42 43 44 45 46 47 48 49 50 51 52 53 54 55 56 57 58 59
(11,*) 0 1 2 3 4 5 6 7 8 9 10 12 13 14 15 31 32 33 34 35 36 37 38 39 40 41 42 43 44 45 46 47 48 49 50 51 52 53 54 55 56 57 58 59
(12,*) 0 1 2 3 4 5 6 7 8 9 10 11 13 14 15 31 32 33 34 35 36 37 38 39 40 41 42 43 44 45 46 47 48 49 50 51 52 53 54 55 56 57 58 59
(13,*) 0 1 2 3 4 5 6 7 8 9 10 11 12 14 15 31 32 33 34 35 36 37 38 39 40 41 42 43 44 45 46 47 48 49 50 51 52 53 54 55 56 57 58 59
(14,*) 0 1 2 3 4 5 6 7 8 9 10 11 12 13 15 31 32 33 34 35 36 37 38 39 40 41 42 43 44 45 46 47 48 49 50 51 52 53 54 55 56 57 58 59
(15,*) 0 1 2 3 4 5 6 7 8 9 10 11 12 13 14 31 32 33 34 35 36 37 38 39 40 41 42 43 44 45 46 47 48 49 50 51 52 53 54 55 56 57 58 59
(31,*) 0 1 2 3 4 5 6 7 8 9 10 11 12 13 14 15 32 33 34 35 36 37 38 39 40 41 42 43 44 45 46 47 48 49 50 51 52 53 54 55 56 57 58 59
(32,*) 0 1 2 3 4 5 6 7 8 9 10 11 12 13 14 15 31 33 34 35 36 37 38 39 40 41 42 43 44 45 46 47 48 49 50 51 52 53 54 55 56 57 58 59
(33,*) 0 1 2 3 4 5 6 7 8 9 10 11 12 13 14 15 31 32 34 35 36 37 38 39 40 41 42 43 44 45 46 47 48 49 50 51 52 53 54 55 56 57 58 59
(34,*) 0 1 2 3 4 5 6 7 8 9 10 11 12 13 14 15 31 32 33 35 36 37 38 39 40 41 42 43 44 45 46 47 48 49 50 51 52 53 54 55 56 57 58 59
(35,*) 0 1 2 3 4 5 6 7 8 9 10 11 12 13 14 15 31 32 33 34 36 37 38 39 40 41 42 43 44 45 46 47 48 49 50 51 52 53 54 55 56 57 58 59
(36,*) 0 1 2 3 4 5 6 7 8 9 10 11 12 13 14 15 31 32 33 34 35 37 38 39 40 41 42 43 44 45 46 47 48 49 50 51 52 53 54 55 56 57 58 59
(37,*) 0 1 2 3 4 5 6 7 8 9 10 11 12 13 14 15 31 32 33 34 35 36 38 39 40 41 42 43 44 45 46 47 48 49 50 51 52 53 54 55 56 57 58 59
(38,*) 0 1 2 3 4 5 6 7 8 9 10 11 12 13 14 15 31 32 33 34 35 36 37 39 40 41 42 43 44 45 46 47 48 49 50 51 52 53 54 55 56 57 58 59
(39,*) 0 1 2 3 4 5 6 7 8 9 10 11 12 13 14 15 31 32 33 34 35 36 37 38 40 41 42 43 44 45 46 47 48 49 50 51 52 53 54 55 56 57 58 59
(40,*) 0 1 2 3 4 5 6 7 8 9 10 11 12 13 14 15 31 32 33 34 35 36 37 38 39 41 42 43 44 45 46 47 48 49 50 51 52 53 54 55 56 57 58 59
(41,*) 0 1 2 3 4 5 6 7 8 9 10 11 12 13 14 15 31 32 33 34 35 36 37 38 39 40 42 43 44 45 46 47 48 49 50 51 52 53 54 55 56 57 58 59
(42,*) 0 1 2 3 4 5 6 7 8 9 10 11 12 13 14 15 31 32 33 34 35 36 37 38 39 40 41 43 44 45 46 47 48 49 50 51 52 53 54 55 56 57 58 59
(43,*) 0 1 2 3 4 5 6 7 8 9 10 11 12 13 14 15 31 32 33 34 35 36 37 38 39 40 41 42 44 45 46 47 48 49 50 51 52 53 54 55 56 57 58 59
(44,*) 0 1 2 3 4 5 6 7 8 9 10 11 12 13 14 15 31 32 33 34 35 36 37 38 39 40 41 42 43 45 46 47 48 49 50 51 52 53 54 55 56 57 58 59
(45,*) 0 1 2 3 4 5 6 7 8 9 10 11 12 13 14 15 31 32 33 34 35 36 37 38 39 40 41 42 43 44 46 47 48 49 50 51 52 53 54 55 56 57 58 59
(46,*) 0 1 2 3 4 5 6 7 8 9 10 11 12 13 14 15 31 32 33 34 35 36 37 38 39 40 41 42 43 44 45 47 48 49 50 51 52 53 54 55 56 57 58 59
(47,*) 0 1 2 3 4 5 6 7 8 9 10 11 12 13 14 15 31 32 33 34 35 36 37 38 39 40 41 42 43 44 45 46 48 49 50 51 52 53 54 55 56 57 58 59
(48,*) 0 1 2 3 4 5 6 7 8 9 10 11 12 13 14 15 31 32 33 34 35 36 37 38 39 40 41 42 43 44 45 46 47 49 50 51 52 53 54 55 56 57 58 59
(49,*) 0 1 2 3 4 5 6 7 8 9 10 11 12 13 14 15 31 32 33 34 35 36 37 38 39 40 41 42 43 44 45 46 47 48 50 51 52 53 54 55 56 57 58 59
(50,*) 0 1 2 3 4 5 6 7 8 9 10 11 12 13 14 15 31 32 33 34 35 36 37 38 39 40 41 42 43 44 45 46 47 48 49 51 52 53 54 55 56 57 58 59
(51,*) 0 1 2 3 4 5 6 7 8 9 10 11 12 13 14 15 31 32 33 34 35 36 37 38 39 40 41 42 43 44 45 46 47 48 49 50 52 53 54 55 56 57 58 59
(52,*) 0 1 2 3 4 5 6 7 8 9 10 11 12 13 14 15 31 32 33 34 35 36 37 38 39 40 41 42 43 44 45 46 47 48 49 50 51 53 54 55 56 57 58 59
(53,*) 0 1 2 3 4 5 6 7 8 9 10 11 12 13 14 15 31 32 33 34 35 36 37 38 39 40 41 42 43 44 45 46 47 48 49 50 51 52 54 55 56 57 58 59
(54,*) 0 1 2 3 4 5 6 7 8 9 10 11 12 13 14 15 31 32 33 34 35 36 37 38 39 40 41 42 43 44 45 46 47 48 49 50 51 52 53 55 56 57 58 59
(55,*) 0 1 2 3 4 5 6 7 8 9 10 11 12 13 14 15 31 32 33 34 35 36 37 38 39 40 41 42 43 44 45 46 47 48 49 50 51 52 53 54 56 57 58 59
(56,*) 0 1 2 3 4 5 6 7 8 9 10 11 12 13 14 15 31 32 33 34 35 36 37 38 39 40 41 42 43 44 45 46 47 48 49 50 51 52 53 54 55 57 58 59
(57,*) 0 1 2 3 4 5 6 7 8 9 10 11 12 13 14 15 31 32 33 34 35 36 37 38 39 40 41 42 43 44 45 46 47 48 49 50 51 52 53 54 55 56 58 59
(58,*) 0 1 2 3 4 5 6 7 8 9 10 11 12 13 14 15 31 32 33 34 35 36 37 38 39 40 41 42 43 44 45 46 47 48 49 50 51 52 53 54 55 56 57 59
(59,*) 0 1 2 3 4 5 6 7 8 9 10 11 12 13 14 15 31 32 33 34 35 36 37 38 39 40 41 42 43 44 45 46 47 48 49 50 51 52 53 54 55 56 57 58
;
set A2:=
(46,*) 47
(47,*) 46
;
param BigM:=99999;
param n:= 7;
param d:=
1	26
2	1
3	20
4	15
5	7
6	24
7	9
8	9
9	24
10	20
11	15
12	18
13	13
14	6
15	22
16	12
17	2
18	13
19	7
20	10
21	12
22	23
23	12
24	6
25	22
26	19
27	13
28	23
29	1
30	20
31	20
32	10
33	13
34	19
35	18
36	20
37	10
38	4
39	12
40	3
41	7
42	3
43	17
44	21
45	2
;
param Q:=100;
param w:=
[46,*] 47 0.1
[47,*] 46 0.1
;
param V:=
[46,*] 47 85
[47,*] 46 85
;
param e:
	46	47	48	49	50	51	52	53	54	55	56	57	58:=
16		0		0		0		1		0		0		0		0		0		0		0		0		0	
17		0		0		0		0		0		0		0		0		0		0		0		1		0	
18		0		0		0		0		0		0		0		1		0		0		0		0		0	
19		0		0		0		0		0		0		0		0		0		0		0		0		1	
20		0		0		0		0		0		0		0		0		0		0		0		0		1	
21		0		0		0		0		0		0		0		1		0		0		0		0		0	
22		0		0		0		1		0		0		0		0		0		0		0		0		0	
23		0		0		0		0		0		0		1		0		0		0		0		0		0	
24		0		0		0		1		0		0		0		0		0		0		0		0		0	
25		0		0		0		0		0		1		0		0		0		1		0		0		0	
26		0		0		0		0		0		0		0		0		1		0		0		0		0	
27		0		0		0		1		0		0		0		0		0		0		0		0		0	
28		0		0		1		0		0		1		0		0		0		0		0		0		0	
29		0		0		0		0		0		0		0		1		0		0		0		0		0	
30		0		0		0		0		0		0		0		1		0		0		0		0		0	
31		0		0		0		0		0		1		0		1		0		1		0		1		0	
32		0		0		1		0		0		0		0		1		0		0		0		1		0	
33		0		0		0		0		0		0		0		0		1		0		0		0		0	
34		1		0		0		0		1		0		0		0		0		0		0		0		0	
35		0		0		0		0		0		0		0		0		0		0		0		1		0	
36		0		1		0		0		0		0		0		0		0		0		0		0		0	
37		0		0		0		1		0		0		0		0		0		0		0		0		0	
38		1		0		0		0		0		0		0		0		0		0		0		0		1	
39		0		0		0		0		0		1		1		0		0		1		0		0		0	
40		0		0		0		0		0		0		1		0		1		0		1		0		0	
41		0		0		0		1		0		0		0		0		0		0		0		0		0	
42		0		0		0		0		0		0		1		0		0		1		0		1		0	
43		0		0		0		0		0		0		1		0		0		1		1		0		0	
44		0		1		0		0		0		0		0		0		0		0		0		0		0	
45		0		0		0		0		0		0		0		0		0		0		0		1		0	
;
param p:=
1	3
2	3
3	3
4	3
5	3
6	3
7	3
;
param G:=
46	85
47	79
48	79
49	92
50	91
51	74
52	90
53	84
54	85
55	83
56	88
57	91
58	83
;
param s:=
0	0
1	10
2	10
3	10
4	10
5	10
6	10
7	10
8	10
9	10
10	10
11	10
12	10
13	10
14	10
15	10
31	10
32	10
33	10
34	10
35	10
36	10
37	10
38	10
39	10
40	10
41	10
42	10
43	10
44	10
45	10
46	10
47	10
48	10
49	10
50	10
51	10
52	10
53	10
54	10
55	10
56	10
57	10
58	10
;
param t:
	0	1	2	3	4	5	6	7	8	9	10	11	12	13	14	15	16	17	18	19	20	21	22	23	24	25	26	27	28	29	30	31	32	33	34	35	36	37	38	39	40	41	42	43	44	45	46	47	48	49	50	51	52	53	54	55	56	57	58	59:=
0	0.0	54.04	38.42	46.69	56.64	38.21	53.67	90.0	46.65	25.61	63.78	32.98	69.86	79.62	52.8	58.86	70.88	24.08	20.59	40.05	8.25	16.97	52.95	34.53	52.84	39.7	68.12	66.03	54.59	16.12	21.26	30.59	31.24	66.12	26.08	6.32	73.59	63.56	19.8	28.84	48.04	75.18	21.26	38.21	73.54	22.8	34.48	64.03	46.62	62.43	33.06	41.11	33.73	36.62	46.0	27.29	53.0	21.93	26.4	0.0
1	54.04	0.0	35.38	39.45	41.76	64.03	58.31	74.0	97.53	36.77	108.24	22.8	70.94	114.98	96.6	74.4	101.86	40.25	46.82	66.84	62.0	43.17	83.74	69.97	93.3	36.88	86.02	107.7	10.0	38.0	42.38	24.33	34.99	84.4	80.1	52.15	56.14	100.0	69.86	34.99	72.14	112.8	43.86	41.04	54.04	63.25	87.82	53.85	19.42	102.93	87.0	13.93	58.6	30.61	72.25	27.66	53.71	34.71	73.68	54.04
2	38.42	35.38	0.0	8.94	18.44	29.53	24.74	53.67	70.0	41.23	75.89	32.06	40.05	80.0	64.56	39.45	66.6	14.42	46.52	32.25	46.04	40.25	48.83	37.36	60.17	2.0	51.11	74.32	28.84	29.53	43.08	30.0	44.41	49.4	60.17	41.04	36.06	65.51	45.12	10.0	36.88	78.23	17.89	5.66	35.61	58.41	64.54	27.86	43.97	69.35	68.15	23.71	24.7	45.0	37.2	20.22	21.1	34.48	46.1	38.42
3	46.69	39.45	8.94	0.0	10.0	30.59	18.87	44.72	74.43	50.0	77.67	40.05	32.56	78.89	66.75	35.38	64.9	22.63	55.46	32.98	54.04	49.19	48.33	40.05	61.61	7.21	46.86	75.29	31.24	38.47	52.0	38.21	52.95	45.34	67.08	49.68	27.2	65.39	51.26	18.87	35.78	77.82	25.61	8.94	26.91	67.2	70.52	18.97	50.8	70.21	75.13	29.83	27.02	53.15	36.77	28.86	14.32	43.32	51.2	46.69
4	56.64	41.76	18.44	10.0	0.0	38.0	20.59	36.06	83.19	58.31	84.59	47.07	29.53	83.26	74.11	37.74	68.88	32.56	64.5	40.05	64.03	58.31	53.85	48.17	68.47	16.97	48.41	81.58	32.31	47.71	60.83	45.61	60.73	47.2	76.94	59.46	17.89	70.88	60.93	28.43	41.23	82.87	35.61	18.87	17.2	76.84	80.06	12.17	56.01	76.49	85.0	35.01	35.36	60.21	42.76	37.16	15.65	51.89	60.44	56.64
5	38.21	64.03	29.53	30.59	38.0	0.0	22.36	60.46	46.17	56.32	47.07	53.85	35.38	50.99	36.22	20.88	38.42	26.08	56.32	2.83	41.76	50.64	19.8	10.77	31.05	28.64	30.0	44.94	58.31	41.76	54.92	51.11	61.35	28.0	46.86	44.05	48.7	36.06	30.0	29.73	10.2	48.83	24.17	24.17	50.0	60.83	46.4	37.95	68.24	39.92	54.49	50.93	5.83	64.47	8.94	41.05	25.0	49.65	26.25	38.21
6	53.67	58.31	24.74	18.87	20.59	22.36	0.0	38.42	68.35	64.12	66.0	56.57	16.49	62.77	56.32	17.2	48.33	32.56	67.47	23.41	59.36	61.19	34.23	33.11	50.04	22.8	28.28	62.29	50.0	50.64	64.78	54.33	68.0	26.91	67.94	58.31	26.68	50.99	50.99	32.0	22.0	62.64	33.53	20.1	28.28	76.16	68.51	16.12	68.68	57.22	75.82	48.1	22.67	69.26	24.08	44.1	5.0	57.14	48.26	53.67
7	90.0	74.0	53.67	44.72	36.06	60.46	38.42	0.0	105.55	94.34	98.95	82.97	27.2	88.0	91.08	46.17	74.11	66.57	100.18	61.06	96.54	93.91	67.05	71.02	84.12	51.88	50.16	93.74	64.0	83.19	96.66	81.61	96.77	50.36	106.3	93.74	18.44	81.22	89.38	63.53	57.27	90.2	68.82	52.15	20.1	111.52	106.83	26.08	90.67	89.05	114.21	70.21	61.07	96.05	59.93	73.16	37.48	87.85	86.61	90.0
8	46.65	97.53	70.0	74.43	83.19	46.17	68.35	105.55	0.0	72.11	24.08	78.79	78.89	48.37	19.7	60.46	48.33	58.55	65.3	44.94	41.23	63.25	41.04	35.44	26.08	70.03	62.23	30.07	95.35	61.74	67.2	76.16	77.67	60.83	26.08	51.61	94.87	36.77	27.86	64.5	48.37	42.19	54.59	66.12	96.17	57.2	15.65	84.12	93.02	29.83	26.93	83.68	47.85	83.22	45.65	69.92	71.17	68.48	24.19	46.65
9	25.61	36.77	41.23	50.0	58.31	56.32	64.12	94.34	72.11	0.0	89.11	14.42	80.4	103.25	77.9	74.67	93.04	32.06	10.2	58.82	31.3	8.94	74.32	56.36	77.2	43.17	85.51	90.91	41.62	14.56	6.0	14.14	5.66	83.55	49.4	20.59	76.16	87.13	45.34	32.25	66.48	99.3	32.56	44.41	75.15	26.68	59.03	68.96	23.09	87.01	54.82	28.32	50.7	11.18	65.15	21.19	61.52	7.0	51.62	25.61
10	63.78	108.24	75.89	77.67	84.59	47.07	66.0	98.95	24.08	89.11	0.0	92.8	71.81	25.3	11.66	52.95	29.73	68.0	84.02	44.72	60.46	80.72	32.25	38.63	16.12	75.29	50.16	7.21	104.0	76.58	85.04	90.0	94.76	49.4	48.7	69.66	92.2	18.87	44.05	73.35	44.0	18.97	64.5	70.88	94.09	78.71	39.05	82.02	107.62	10.3	50.8	94.41	51.24	99.72	42.05	81.84	70.06	84.22	37.48	63.78
11	32.98	22.8	32.06	40.05	47.07	53.85	56.57	82.97	78.79	14.42	92.8	0.0	72.11	103.71	81.22	69.57	92.09	27.78	24.17	56.6	40.45	20.4	73.24	56.64	79.25	34.06	80.99	93.51	27.2	17.09	19.7	2.83	14.42	79.12	58.86	30.07	64.56	87.86	50.99	25.3	63.53	100.5	30.0	36.5	63.25	40.5	67.45	58.55	14.87	89.14	65.28	14.21	48.02	13.15	62.77	13.0	53.15	12.04	56.08	32.98
12	69.86	70.94	40.05	32.56	29.53	35.38	16.49	27.2	78.89	80.4	71.81	72.11	0.0	62.51	63.91	18.97	48.17	49.03	83.95	35.38	75.18	77.67	39.85	45.34	56.92	38.05	24.33	66.75	61.74	67.08	81.22	70.03	84.1	24.08	82.22	74.67	24.17	54.33	65.3	48.17	30.53	64.03	50.0	36.06	26.83	92.48	81.47	18.44	83.36	61.98	89.87	62.37	37.44	85.02	33.29	60.01	19.0	73.44	61.52	69.86
13	79.62	114.98	80.0	78.89	83.26	50.99	62.77	88.0	48.37	103.25	25.3	103.71	62.51	0.0	30.07	46.17	14.56	76.42	100.18	48.17	78.43	95.77	31.24	47.2	27.2	78.82	38.21	18.44	108.81	89.31	100.24	100.9	108.76	38.47	70.46	85.91	85.91	16.12	61.35	80.62	43.27	6.32	73.76	74.4	88.29	98.08	62.01	77.2	118.44	19.03	74.01	101.91	56.59	112.89	42.8	91.35	67.62	97.35	54.08	79.62
14	52.8	96.6	64.56	66.75	74.11	36.22	56.32	91.08	19.7	77.9	11.66	81.22	63.91	30.07	0.0	44.94	28.64	56.36	73.24	34.06	50.12	69.66	24.17	27.2	7.21	64.03	44.41	13.42	92.48	65.12	74.03	78.41	83.55	43.27	40.45	58.82	82.87	17.09	33.29	61.74	34.53	24.33	52.84	59.67	84.59	69.08	32.02	72.44	96.05	11.05	44.01	82.76	40.02	88.39	32.25	70.18	60.07	72.84	26.4	52.8
15	58.86	74.4	39.45	35.38	37.74	20.88	17.2	46.17	60.46	74.67	52.95	69.57	18.97	46.17	44.94	0.0	31.62	42.76	76.0	19.7	62.64	70.03	20.88	28.84	37.95	37.74	11.66	48.17	66.6	60.3	74.11	67.05	79.25	10.0	66.57	64.5	40.2	36.0	50.12	44.27	12.81	46.69	42.19	34.0	42.43	81.58	64.44	31.05	82.86	43.29	73.82	63.13	25.18	81.49	15.62	56.61	22.2	67.74	45.22	58.86
16	70.88	101.86	66.6	64.9	68.88	38.42	48.33	74.11	48.33	93.04	29.73	92.09	48.17	14.56	28.64	31.62	0.0	64.4	91.08	35.61	71.02	86.16	18.87	36.77	22.8	65.3	24.0	22.8	95.27	78.71	90.62	89.31	98.39	24.08	66.27	77.2	71.39	11.66	54.33	68.12	29.73	16.12	62.13	60.96	73.76	91.08	59.44	62.64	106.61	19.85	71.2	89.14	44.2	102.08	29.73	79.4	53.23	86.77	47.17	70.88
17	24.08	40.25	14.42	22.63	32.56	26.08	32.56	66.57	58.55	32.06	68.0	27.78	49.03	76.42	56.36	42.76	64.4	0.0	34.93	28.84	31.62	28.64	45.61	30.0	53.25	15.62	53.85	67.68	36.88	18.11	32.25	25.06	36.5	51.92	46.17	27.2	49.68	60.83	32.06	6.0	35.78	73.59	4.0	14.42	49.52	44.94	51.35	40.5	42.2	63.01	54.08	26.42	20.25	38.9	34.99	15.0	30.68	25.08	34.37	24.08
18	20.59	46.82	46.52	55.46	64.5	56.32	67.47	100.18	65.3	10.2	84.02	24.17	83.95	100.18	73.24	76.0	91.08	34.93	0.0	58.55	24.08	6.32	72.8	54.41	73.43	48.33	86.21	86.53	51.11	17.09	4.47	23.32	14.14	84.21	41.18	14.42	82.37	84.1	40.0	36.77	66.48	95.77	34.23	48.7	81.63	16.49	51.31	74.32	33.0	83.01	45.88	37.44	51.09	20.22	64.78	27.8	65.52	13.45	46.87	20.59
19	40.05	66.84	32.25	32.98	40.05	2.83	23.41	61.06	44.94	58.82	44.72	56.6	35.38	48.17	34.06	19.7	35.61	28.84	58.55	0.0	43.17	52.95	16.97	10.0	28.64	31.3	28.07	42.38	61.06	44.27	57.27	53.85	63.91	26.08	47.2	46.0	50.0	33.29	30.53	32.56	8.0	46.04	26.83	26.83	51.42	62.51	46.1	39.29	71.03	37.34	54.67	53.76	8.6	67.12	6.32	43.83	26.48	52.2	26.17	40.05
20	8.25	62.0	46.04	54.04	64.03	41.76	59.36	96.54	41.23	31.3	60.46	40.45	75.18	78.43	50.12	62.64	71.02	31.62	24.08	43.17	0.0	22.36	54.04	36.06	51.26	47.2	71.02	63.53	62.8	24.0	26.08	38.21	36.72	69.05	18.44	10.77	80.62	62.64	17.09	36.72	50.99	73.54	28.43	45.34	80.72	20.1	27.73	70.77	53.45	60.42	25.0	49.25	38.08	42.49	48.66	35.51	59.2	28.86	24.35	8.25
21	16.97	43.17	40.25	49.19	58.31	50.64	61.19	93.91	63.25	8.94	80.72	20.4	77.67	95.77	69.66	70.03	86.16	28.64	6.32	52.95	22.36	0.0	67.68	49.4	69.34	42.05	80.4	82.8	46.52	10.77	4.47	18.97	14.42	78.41	40.5	11.66	76.16	79.65	36.77	30.46	60.83	91.59	28.07	42.38	75.47	20.59	50.09	68.03	31.58	79.06	46.1	32.65	45.28	20.12	59.23	21.93	59.2	8.54	43.28	16.97
22	52.95	83.74	48.83	48.33	53.85	19.8	34.23	67.05	41.04	74.32	32.25	73.24	39.85	31.24	24.17	20.88	18.87	45.61	72.8	16.97	54.04	67.68	0.0	18.44	17.09	47.71	21.26	28.07	77.67	59.93	72.11	70.46	79.62	19.8	52.5	59.23	60.03	17.09	38.21	49.52	12.65	29.53	43.27	43.27	62.0	74.11	47.89	50.04	87.8	23.02	58.69	70.72	25.5	83.24	11.66	60.61	38.64	67.98	31.58	52.95
23	34.53	69.97	37.36	40.05	48.17	10.77	33.11	71.02	35.44	56.36	38.63	56.64	45.34	47.2	27.2	28.84	36.77	30.0	54.41	10.0	36.06	49.4	18.44	0.0	23.32	36.88	35.44	37.74	65.39	42.19	53.85	53.81	61.77	33.53	37.74	40.79	59.46	31.24	21.54	34.99	16.12	43.86	26.91	32.56	60.73	56.0	36.12	48.7	71.45	33.02	45.0	56.3	13.04	65.73	13.42	44.6	35.74	50.25	16.4	34.53
24	52.84	93.3	60.17	61.61	68.47	31.05	50.04	84.12	26.08	77.2	16.12	79.25	56.92	27.2	7.21	37.95	22.8	53.25	73.43	28.64	51.26	69.34	17.09	23.32	0.0	59.46	37.2	14.42	88.57	63.78	73.78	76.42	82.8	36.06	44.0	59.06	76.42	12.0	34.18	58.31	28.07	22.36	50.0	55.03	78.23	70.88	36.67	66.12	94.11	9.9	48.51	79.61	35.47	87.32	26.0	67.62	54.01	71.7	26.93	52.84
25	39.7	36.88	2.0	7.21	16.97	28.64	22.8	51.88	70.03	43.17	75.29	34.06	38.05	78.82	64.03	37.74	65.3	15.62	48.33	31.3	47.2	42.05	47.71	36.88	59.46	0.0	49.4	73.54	30.0	31.3	44.94	32.0	46.39	47.71	60.93	42.52	34.41	64.5	45.61	11.66	35.61	77.18	18.87	4.47	34.06	60.0	65.0	26.0	45.88	68.54	68.94	25.5	24.04	47.0	36.06	22.2	19.1	36.4	46.27	39.7
26	68.12	86.02	51.11	46.86	48.41	30.0	28.28	50.16	62.23	85.51	50.16	80.99	24.33	38.21	44.41	11.66	24.0	53.85	86.21	28.07	71.02	80.4	21.26	35.44	37.2	49.4	0.0	44.27	78.1	71.02	84.59	78.43	90.24	2.0	72.5	74.03	48.08	31.62	56.92	55.71	20.1	40.05	52.95	45.65	50.6	90.55	68.8	40.25	94.43	39.92	79.18	74.79	35.13	92.72	22.36	68.01	33.24	78.64	51.08	68.12
27	66.03	107.7	74.32	75.29	81.58	44.94	62.29	93.74	30.07	90.91	7.21	93.51	66.75	18.44	13.42	48.17	22.8	67.68	86.53	42.38	63.53	82.8	28.07	37.74	14.42	73.54	44.27	0.0	102.86	77.79	87.2	90.69	96.54	43.68	53.37	72.11	88.0	12.65	46.65	72.72	40.45	12.17	64.4	69.08	90.02	82.46	44.28	78.1	108.37	5.1	56.22	94.03	49.66	101.24	38.83	82.01	66.61	85.63	39.66	66.03
28	54.59	10.0	28.84	31.24	32.31	58.31	50.0	64.0	95.35	41.62	104.0	27.2	61.74	108.81	92.48	66.6	95.27	36.88	51.11	61.06	62.8	46.52	77.67	65.39	88.57	30.0	78.1	102.86	0.0	39.29	46.65	27.78	41.04	76.58	80.22	53.85	46.17	94.34	68.26	31.05	65.6	107.07	40.79	34.41	44.05	67.08	87.02	44.27	28.23	97.95	87.57	13.93	53.24	37.64	66.03	27.29	45.22	38.01	71.2	54.59
29	16.12	38.0	29.53	38.47	47.71	41.76	50.64	83.19	61.74	14.56	76.58	17.09	67.08	89.31	65.12	60.3	78.71	18.11	17.09	44.27	24.0	10.77	59.93	42.19	63.78	31.3	71.02	77.79	39.29	0.0	14.14	14.56	19.7	69.05	42.19	14.56	65.51	73.24	34.0	19.7	51.92	85.6	18.11	31.62	64.9	29.73	50.45	57.27	31.38	73.66	49.0	25.5	36.14	23.6	50.6	12.53	48.51	8.06	39.41	16.12
30	21.26	42.38	43.08	52.0	60.83	54.92	64.78	96.66	67.2	6.0	85.04	19.7	81.22	100.24	74.03	74.11	90.62	32.25	4.47	57.27	26.08	4.47	72.11	53.85	73.78	44.94	84.59	87.2	46.65	14.14	0.0	18.87	10.77	82.61	43.86	15.62	78.71	84.12	41.04	33.53	65.12	96.04	32.0	45.61	77.9	20.88	53.71	70.94	29.07	83.49	49.04	33.02	49.5	16.76	63.56	23.85	62.59	9.22	47.63	21.26
31	30.59	24.33	30.0	38.21	45.61	51.11	54.33	81.61	76.16	14.14	90.0	2.83	70.03	100.9	78.41	67.05	89.31	25.06	23.32	53.85	38.21	18.97	70.46	53.81	76.42	32.0	78.43	90.69	27.78	14.56	18.87	0.0	15.23	76.55	56.57	28.0	63.25	85.04	48.33	22.8	60.83	97.67	27.2	34.23	62.03	39.4	65.0	56.89	17.69	86.31	63.13	14.21	45.28	15.0	60.03	10.44	51.04	10.44	53.34	30.59
32	31.24	34.99	44.41	52.95	60.73	61.35	68.0	96.77	77.67	5.66	94.76	14.42	84.1	108.76	83.55	79.25	98.39	36.5	14.14	63.91	36.72	14.42	79.62	61.77	82.8	46.39	90.24	96.54	41.04	19.7	10.77	15.23	0.0	88.29	54.63	26.08	78.43	92.65	50.99	36.0	71.47	104.86	37.36	48.04	77.25	30.07	64.41	71.81	19.1	92.62	59.77	28.6	55.66	6.08	70.23	24.19	65.12	11.7	57.28	31.24
33	66.12	84.4	49.4	45.34	47.2	28.0	26.91	50.36	60.83	83.55	49.4	79.12	24.08	38.47	43.27	10.0	24.08	51.92	84.21	26.08	69.05	78.41	19.8	33.53	36.06	47.71	2.0	43.68	76.58	69.05	82.61	76.55	88.29	0.0	70.68	72.03	47.54	31.05	55.03	53.85	18.11	40.0	50.99	43.91	50.0	88.57	67.12	39.4	92.61	39.22	77.41	73.06	33.14	90.8	20.4	66.13	31.89	76.69	49.24	66.12
34	26.08	80.1	60.17	67.08	76.94	46.86	67.94	106.3	26.08	49.4	48.7	58.86	82.22	70.46	40.45	66.57	66.27	46.17	41.18	47.2	18.44	40.5	52.5	37.74	44.0	60.93	72.5	53.37	80.22	42.19	43.86	56.57	54.63	70.68	0.0	29.12	92.09	56.0	16.97	51.92	53.85	64.78	42.38	58.14	92.65	31.24	10.63	81.61	71.84	51.48	8.06	67.01	45.28	60.54	51.11	53.04	69.03	47.3	21.47	26.08
35	6.32	52.15	41.04	49.68	59.46	44.05	58.31	93.74	51.61	20.59	69.66	30.07	74.67	85.91	58.82	64.5	77.2	27.2	14.42	46.0	10.77	11.66	59.23	40.79	59.06	42.52	74.03	72.11	53.85	14.56	15.62	28.0	26.08	72.03	29.12	0.0	76.84	69.86	25.61	31.11	54.0	81.41	25.06	41.62	76.58	17.89	38.48	67.68	42.72	68.6	35.23	40.02	39.32	31.76	52.04	26.93	57.25	18.25	32.45	6.32
36	73.59	56.14	36.06	27.2	17.89	48.7	26.68	18.44	94.87	76.16	92.2	64.56	24.17	85.91	82.87	40.2	71.39	49.68	82.37	50.0	80.62	76.16	60.03	59.46	76.42	34.41	48.08	88.0	46.17	65.51	78.71	63.25	78.43	47.54	92.09	76.84	0.0	76.11	75.47	46.04	48.37	86.83	52.35	35.38	2.83	94.4	93.94	10.77	72.34	83.01	100.12	51.79	47.85	77.62	50.64	55.04	23.77	69.78	73.79	73.59
37	63.56	100.0	65.51	65.39	70.88	36.06	50.99	81.22	36.77	87.13	18.87	87.86	54.33	16.12	17.09	36.0	11.66	60.83	84.1	33.29	62.64	79.65	17.09	31.24	12.0	64.5	31.62	12.65	94.34	73.24	84.12	85.04	92.65	31.05	56.0	69.86	76.11	0.0	45.61	65.3	29.73	12.81	58.0	60.03	78.23	82.46	48.51	66.48	102.65	8.6	60.41	86.68	41.4	96.83	28.64	75.66	55.54	81.27	38.33	63.56
38	19.8	69.86	45.12	51.26	60.93	30.0	50.99	89.38	27.86	45.34	44.05	50.99	65.3	61.35	33.29	50.12	54.33	32.06	40.0	30.53	17.09	36.77	38.21	21.54	34.18	45.61	56.92	46.65	68.26	34.0	41.04	48.33	50.99	55.03	16.97	25.61	75.47	45.61	0.0	38.05	37.58	56.46	28.07	42.38	76.16	36.88	19.42	64.9	65.37	43.38	24.84	56.09	28.32	56.22	34.93	42.2	52.2	41.05	7.28	19.8
39	28.84	34.99	10.0	18.87	28.43	29.73	32.0	63.53	64.5	32.25	73.35	25.3	48.17	80.62	61.74	44.27	68.12	6.0	36.77	32.56	36.72	30.46	49.52	34.99	58.31	11.66	55.71	72.72	31.05	19.7	33.53	22.8	36.0	53.85	51.92	31.11	46.04	65.3	38.05	0.0	38.83	78.1	10.0	12.17	45.61	48.41	57.31	37.58	38.95	67.96	59.77	21.4	24.04	37.48	38.42	12.37	29.27	25.32	40.31	28.84
40	48.04	72.14	36.88	35.78	41.23	10.2	22.0	57.27	48.37	66.48	44.0	63.53	30.53	43.27	34.53	12.81	29.73	35.78	66.48	8.0	50.99	60.83	12.65	16.12	28.07	35.61	20.1	40.45	65.6	51.92	65.12	60.83	71.47	18.11	53.85	54.0	48.37	29.73	37.58	38.83	0.0	42.05	34.18	31.24	50.16	70.46	51.66	38.05	77.7	35.36	61.03	59.55	15.81	74.46	2.83	50.61	26.17	59.77	32.45	48.04
41	75.18	112.8	78.23	77.82	82.87	48.83	62.64	90.2	42.19	99.3	18.97	100.5	64.03	6.32	24.33	46.69	16.12	73.59	95.77	46.04	73.54	91.59	29.53	43.86	22.36	77.18	40.05	12.17	107.07	85.6	96.04	97.67	104.86	40.0	64.78	81.41	86.83	12.81	56.46	78.1	42.05	0.0	70.71	72.72	89.11	92.97	56.08	77.67	115.31	13.34	68.07	99.49	54.2	109.2	41.18	88.39	67.36	93.6	49.24	75.18
42	21.26	43.86	17.89	25.61	35.61	24.17	33.53	68.82	54.59	32.56	64.5	30.0	50.0	73.76	52.84	42.19	62.13	4.0	34.23	26.83	28.43	28.07	43.27	26.91	50.0	18.87	52.95	64.4	40.79	18.11	32.0	27.2	37.36	50.99	42.38	25.06	52.35	58.0	28.07	10.0	34.18	70.71	0.0	16.97	52.35	42.94	47.38	42.8	44.69	59.82	50.33	29.97	18.38	40.31	33.11	17.69	32.2	25.71	30.41	21.26
43	38.21	41.04	5.66	8.94	18.87	24.17	20.1	52.15	66.12	44.41	70.88	36.5	36.06	74.4	59.67	34.0	60.96	14.42	48.7	26.83	45.34	42.38	43.27	32.56	55.03	4.47	45.65	69.08	34.41	31.62	45.61	34.23	48.04	43.91	58.14	41.62	35.38	60.03	42.38	12.17	31.24	72.72	16.97	0.0	35.38	59.36	61.68	26.08	49.04	64.08	66.19	29.15	19.65	49.16	31.62	24.02	17.12	37.48	42.58	38.21
44	73.54	54.04	35.61	26.91	17.2	50.0	28.28	20.1	96.17	75.15	94.09	63.25	26.83	88.29	84.59	42.43	73.76	49.52	81.63	51.42	80.72	75.47	62.0	60.73	78.23	34.06	50.6	90.02	44.05	64.9	77.9	62.03	77.25	50.0	92.65	76.58	2.83	78.23	76.16	45.61	50.16	89.11	52.35	35.38	0.0	94.02	94.81	12.17	70.58	85.01	100.7	50.22	48.85	76.24	52.35	54.12	25.0	68.88	74.73	73.54
45	22.8	63.25	58.41	67.2	76.84	60.83	76.16	111.52	57.2	26.68	78.71	40.5	92.48	98.08	69.08	81.58	91.08	44.94	16.49	62.51	20.1	20.59	74.11	56.0	70.88	60.0	90.55	82.46	67.08	29.73	20.88	39.4	30.07	88.57	31.24	17.89	94.4	82.46	36.88	48.41	70.46	92.97	42.94	59.36	94.02	0.0	41.87	85.44	49.16	79.71	33.6	53.24	56.52	36.01	68.26	42.01	75.13	29.07	44.15	22.8
46	34.48	87.82	64.54	70.52	80.06	46.4	68.51	106.83	15.65	59.03	39.05	67.45	81.47	62.01	32.02	64.44	59.44	51.35	51.31	46.1	27.73	50.09	47.89	36.12	36.67	65.0	68.8	44.28	87.02	50.45	53.71	65.0	64.41	67.12	10.63	38.48	93.94	48.51	19.42	57.31	51.66	56.08	47.38	61.68	94.81	41.87	0.0	83.24	80.99	43.0	12.0	74.33	46.14	70.21	48.84	60.3	70.33	56.3	20.25	34.48
47	64.03	53.85	27.86	18.97	12.17	37.95	16.12	26.08	84.12	68.96	82.02	58.55	18.44	77.2	72.44	31.05	62.64	40.5	74.32	39.29	70.77	68.03	50.04	48.7	66.12	26.0	40.25	78.1	44.27	57.27	70.94	56.89	71.81	39.4	81.61	67.68	10.77	66.48	64.9	37.58	38.05	77.67	42.8	26.08	12.17	85.44	83.24	0.0	68.07	73.06	89.63	47.01	37.12	71.7	40.2	47.8	13.0	62.3	63.06	64.03
48	46.62	19.42	43.97	50.8	56.01	68.24	68.68	90.67	93.02	23.09	107.62	14.87	83.36	118.44	96.05	82.86	106.61	42.2	33.0	71.03	53.45	31.58	87.8	71.45	94.11	45.88	94.43	108.37	28.23	31.38	29.07	17.69	19.1	92.61	71.84	42.72	72.34	102.65	65.37	38.95	77.7	115.31	44.69	49.04	70.58	49.16	80.99	68.07	0.0	104.0	77.67	21.1	62.43	13.34	77.1	27.2	64.76	24.7	70.72	46.62
49	62.43	102.93	69.35	70.21	76.49	39.92	57.22	89.05	29.83	87.01	10.3	89.14	61.98	19.03	11.05	43.29	19.85	63.01	83.01	37.34	60.42	79.06	23.02	33.02	9.9	68.54	39.92	5.1	97.95	73.66	83.49	86.31	92.62	39.22	51.48	68.6	83.01	8.6	43.38	67.96	35.36	13.34	59.82	64.08	85.01	79.71	43.0	73.06	104.0	0.0	55.0	89.31	44.72	97.19	33.73	77.47	61.52	81.57	36.24	62.43
50	33.06	87.0	68.15	75.13	85.0	54.49	75.82	114.21	26.93	54.82	50.8	65.28	89.87	74.01	44.01	73.82	71.2	54.08	45.88	54.67	25.0	46.1	58.69	45.0	48.51	68.94	79.18	56.22	87.57	49.0	49.04	63.13	59.77	77.41	8.06	35.23	100.12	60.41	24.84	59.77	61.03	68.07	50.33	66.19	100.7	33.6	12.0	89.63	77.67	55.0	0.0	74.17	53.15	65.8	58.25	60.3	77.01	53.46	28.6	33.06
51	41.11	13.93	23.71	29.83	35.01	50.93	48.1	70.21	83.68	28.32	94.41	14.21	62.37	101.91	82.76	63.13	89.14	26.42	37.44	53.76	49.25	32.65	70.72	56.3	79.61	25.5	74.79	94.03	13.93	25.5	33.02	14.21	28.6	73.06	67.01	40.02	51.79	86.68	56.09	21.4	59.55	99.49	29.97	29.15	50.22	53.24	74.33	47.01	21.1	89.31	74.17	0.0	45.34	26.4	59.41	14.04	43.97	24.19	59.77	41.11
52	33.73	58.6	24.7	27.02	35.36	5.83	22.67	61.07	47.85	50.7	51.24	48.02	37.44	56.59	40.02	25.18	44.2	20.25	51.09	8.6	38.08	45.28	25.5	13.04	35.47	24.04	35.13	49.66	53.24	36.14	49.5	45.28	55.66	33.14	45.28	39.32	47.85	41.4	28.32	24.04	15.81	54.2	18.38	19.65	48.85	56.52	46.14	37.12	62.43	44.72	53.15	45.34	0.0	58.69	14.76	35.23	24.19	43.97	25.94	33.73
53	36.62	30.61	45.0	53.15	60.21	64.47	69.26	96.05	83.22	11.18	99.72	13.15	85.02	112.89	88.39	81.49	102.08	38.9	20.22	67.12	42.49	20.12	83.24	65.73	87.32	47.0	92.72	101.24	37.64	23.6	16.76	15.0	6.08	90.8	60.54	31.76	77.62	96.83	56.22	37.48	74.46	109.2	40.31	49.16	76.24	36.01	70.21	71.7	13.34	97.19	65.8	26.4	58.69	0.0	73.41	25.18	66.03	15.62	62.29	36.62
54	46.0	72.25	37.2	36.77	42.76	8.94	24.08	59.93	45.65	65.15	42.05	62.77	33.29	42.8	32.25	15.62	29.73	34.99	64.78	6.32	48.66	59.23	11.66	13.42	26.0	36.06	22.36	38.83	66.03	50.6	63.56	60.03	70.23	20.4	51.11	52.04	50.64	28.64	34.93	38.42	2.83	41.18	33.11	31.62	52.35	68.26	48.84	40.2	77.1	33.73	58.25	59.41	14.76	73.41	0.0	49.93	28.02	58.52	29.68	46.0
55	27.29	27.66	20.22	28.86	37.16	41.05	44.1	73.16	69.92	21.19	81.84	13.0	60.01	91.35	70.18	56.61	79.4	15.0	27.8	43.83	35.51	21.93	60.61	44.6	67.62	22.2	68.01	82.01	27.29	12.53	23.85	10.44	24.19	66.13	53.04	26.93	55.04	75.66	42.2	12.37	50.61	88.39	17.69	24.02	54.12	42.01	60.3	47.8	27.2	77.47	60.3	14.04	35.23	25.18	49.93	0.0	41.01	14.76	46.24	27.29
56	53.0	53.71	21.1	14.32	15.65	25.0	5.0	37.48	71.17	61.52	70.06	53.15	19.0	67.62	60.07	22.2	53.23	30.68	65.52	26.48	59.2	59.2	38.64	35.74	54.01	19.1	33.24	66.61	45.22	48.51	62.59	51.04	65.12	31.89	69.03	57.25	23.77	55.54	52.2	29.27	26.17	67.36	32.2	17.12	25.0	75.13	70.33	13.0	64.76	61.52	77.01	43.97	24.19	66.03	28.02	41.01	0.0	54.59	50.12	53.0
57	21.93	34.71	34.48	43.32	51.89	49.65	57.14	87.85	68.48	7.0	84.22	12.04	73.44	97.35	72.84	67.74	86.77	25.08	13.45	52.2	28.86	8.54	67.98	50.25	71.7	36.4	78.64	85.63	38.01	8.06	9.22	10.44	11.7	76.69	47.3	18.25	69.78	81.27	41.05	25.32	59.77	93.6	25.71	37.48	68.88	29.07	56.3	62.3	24.7	81.57	53.46	24.19	43.97	15.62	58.52	14.76	54.59	0.0	46.86	21.93
58	26.4	73.68	46.1	51.2	60.44	26.25	48.26	86.61	24.19	51.62	37.48	56.08	61.52	54.08	26.4	45.22	47.17	34.37	46.87	26.17	24.35	43.28	31.58	16.4	26.93	46.27	51.08	39.66	71.2	39.41	47.63	53.34	57.28	49.24	21.47	32.45	73.79	38.33	7.28	40.31	32.45	49.24	30.41	42.58	74.73	44.15	20.25	63.06	70.72	36.24	28.6	59.77	25.94	62.29	29.68	46.24	50.12	46.86	0.0	26.4
;
