set K:= 1	2	3	4	5	6	7;
set C_H:= 1	2	3	4	5	6	7	8	9	10	11	12	13	14	15	16	17	18;
set C_S:= 19	20	21	22	23	24	25	26	27	28	29	30	31;
set C_F:= 32	33	34	35	36	37	38	39	40	41	42	43	44;
set M:= 45	46	47	48;
set L_B:= 49	50;
set A1:=
(0,*) 1 2 3 4 5 6 7 8 9 10 11 12 13 14 15 16 17 18 32 33 34 35 36 37 38 39 40 41 42 43 44 45 46 47 48 49 50
(1,*) 0 2 3 4 5 6 7 8 9 10 11 12 13 14 15 16 17 18 32 33 34 35 36 37 38 39 40 41 42 43 44 45 46 47 48 49 50
(2,*) 0 1 3 4 5 6 7 8 9 10 11 12 13 14 15 16 17 18 32 33 34 35 36 37 38 39 40 41 42 43 44 45 46 47 48 49 50
(3,*) 0 1 2 4 5 6 7 8 9 10 11 12 13 14 15 16 17 18 32 33 34 35 36 37 38 39 40 41 42 43 44 45 46 47 48 49 50
(4,*) 0 1 2 3 5 6 7 8 9 10 11 12 13 14 15 16 17 18 32 33 34 35 36 37 38 39 40 41 42 43 44 45 46 47 48 49 50
(5,*) 0 1 2 3 4 6 7 8 9 10 11 12 13 14 15 16 17 18 32 33 34 35 36 37 38 39 40 41 42 43 44 45 46 47 48 49 50
(6,*) 0 1 2 3 4 5 7 8 9 10 11 12 13 14 15 16 17 18 32 33 34 35 36 37 38 39 40 41 42 43 44 45 46 47 48 49 50
(7,*) 0 1 2 3 4 5 6 8 9 10 11 12 13 14 15 16 17 18 32 33 34 35 36 37 38 39 40 41 42 43 44 45 46 47 48 49 50
(8,*) 0 1 2 3 4 5 6 7 9 10 11 12 13 14 15 16 17 18 32 33 34 35 36 37 38 39 40 41 42 43 44 45 46 47 48 49 50
(9,*) 0 1 2 3 4 5 6 7 8 10 11 12 13 14 15 16 17 18 32 33 34 35 36 37 38 39 40 41 42 43 44 45 46 47 48 49 50
(10,*) 0 1 2 3 4 5 6 7 8 9 11 12 13 14 15 16 17 18 32 33 34 35 36 37 38 39 40 41 42 43 44 45 46 47 48 49 50
(11,*) 0 1 2 3 4 5 6 7 8 9 10 12 13 14 15 16 17 18 32 33 34 35 36 37 38 39 40 41 42 43 44 45 46 47 48 49 50
(12,*) 0 1 2 3 4 5 6 7 8 9 10 11 13 14 15 16 17 18 32 33 34 35 36 37 38 39 40 41 42 43 44 45 46 47 48 49 50
(13,*) 0 1 2 3 4 5 6 7 8 9 10 11 12 14 15 16 17 18 32 33 34 35 36 37 38 39 40 41 42 43 44 45 46 47 48 49 50
(14,*) 0 1 2 3 4 5 6 7 8 9 10 11 12 13 15 16 17 18 32 33 34 35 36 37 38 39 40 41 42 43 44 45 46 47 48 49 50
(15,*) 0 1 2 3 4 5 6 7 8 9 10 11 12 13 14 16 17 18 32 33 34 35 36 37 38 39 40 41 42 43 44 45 46 47 48 49 50
(16,*) 0 1 2 3 4 5 6 7 8 9 10 11 12 13 14 15 17 18 32 33 34 35 36 37 38 39 40 41 42 43 44 45 46 47 48 49 50
(17,*) 0 1 2 3 4 5 6 7 8 9 10 11 12 13 14 15 16 18 32 33 34 35 36 37 38 39 40 41 42 43 44 45 46 47 48 49 50
(18,*) 0 1 2 3 4 5 6 7 8 9 10 11 12 13 14 15 16 17 32 33 34 35 36 37 38 39 40 41 42 43 44 45 46 47 48 49 50
(32,*) 0 1 2 3 4 5 6 7 8 9 10 11 12 13 14 15 16 17 18 33 34 35 36 37 38 39 40 41 42 43 44 45 46 47 48 49 50
(33,*) 0 1 2 3 4 5 6 7 8 9 10 11 12 13 14 15 16 17 18 32 34 35 36 37 38 39 40 41 42 43 44 45 46 47 48 49 50
(34,*) 0 1 2 3 4 5 6 7 8 9 10 11 12 13 14 15 16 17 18 32 33 35 36 37 38 39 40 41 42 43 44 45 46 47 48 49 50
(35,*) 0 1 2 3 4 5 6 7 8 9 10 11 12 13 14 15 16 17 18 32 33 34 36 37 38 39 40 41 42 43 44 45 46 47 48 49 50
(36,*) 0 1 2 3 4 5 6 7 8 9 10 11 12 13 14 15 16 17 18 32 33 34 35 37 38 39 40 41 42 43 44 45 46 47 48 49 50
(37,*) 0 1 2 3 4 5 6 7 8 9 10 11 12 13 14 15 16 17 18 32 33 34 35 36 38 39 40 41 42 43 44 45 46 47 48 49 50
(38,*) 0 1 2 3 4 5 6 7 8 9 10 11 12 13 14 15 16 17 18 32 33 34 35 36 37 39 40 41 42 43 44 45 46 47 48 49 50
(39,*) 0 1 2 3 4 5 6 7 8 9 10 11 12 13 14 15 16 17 18 32 33 34 35 36 37 38 40 41 42 43 44 45 46 47 48 49 50
(40,*) 0 1 2 3 4 5 6 7 8 9 10 11 12 13 14 15 16 17 18 32 33 34 35 36 37 38 39 41 42 43 44 45 46 47 48 49 50
(41,*) 0 1 2 3 4 5 6 7 8 9 10 11 12 13 14 15 16 17 18 32 33 34 35 36 37 38 39 40 42 43 44 45 46 47 48 49 50
(42,*) 0 1 2 3 4 5 6 7 8 9 10 11 12 13 14 15 16 17 18 32 33 34 35 36 37 38 39 40 41 43 44 45 46 47 48 49 50
(43,*) 0 1 2 3 4 5 6 7 8 9 10 11 12 13 14 15 16 17 18 32 33 34 35 36 37 38 39 40 41 42 44 45 46 47 48 49 50
(44,*) 0 1 2 3 4 5 6 7 8 9 10 11 12 13 14 15 16 17 18 32 33 34 35 36 37 38 39 40 41 42 43 45 46 47 48 49 50
(45,*) 0 1 2 3 4 5 6 7 8 9 10 11 12 13 14 15 16 17 18 32 33 34 35 36 37 38 39 40 41 42 43 44 47 48 49 50
(46,*) 0 1 2 3 4 5 6 7 8 9 10 11 12 13 14 15 16 17 18 32 33 34 35 36 37 38 39 40 41 42 43 44 47 48 49 50
(47,*) 0 1 2 3 4 5 6 7 8 9 10 11 12 13 14 15 16 17 18 32 33 34 35 36 37 38 39 40 41 42 43 44 45 46 49 50
(48,*) 0 1 2 3 4 5 6 7 8 9 10 11 12 13 14 15 16 17 18 32 33 34 35 36 37 38 39 40 41 42 43 44 45 46 49 50
(49,*) 0 1 2 3 4 5 6 7 8 9 10 11 12 13 14 15 16 17 18 32 33 34 35 36 37 38 39 40 41 42 43 44 45 46 47 48 50
(50,*) 0 1 2 3 4 5 6 7 8 9 10 11 12 13 14 15 16 17 18 32 33 34 35 36 37 38 39 40 41 42 43 44 45 46 47 48 49
;
set A2:=
(45,*) 46
(46,*) 45
(47,*) 48
(48,*) 47
;
param BigM:=99999;
param n:= 7;
param d:=
1	1
2	23
3	5
4	14
5	7
6	21
7	8
8	20
9	3
10	26
11	17
12	16
13	12
14	17
15	2
16	10
17	6
18	11
19	12
20	6
21	13
22	20
23	18
24	24
25	19
26	13
27	22
28	25
29	20
30	15
31	9
32	14
33	16
34	1
35	8
36	8
37	20
38	22
39	20
40	12
41	14
42	19
43	21
44	24
;
param Q:=100
param w:=
[45,*] 46 5
[46,*] 45 5
[47,*] 48 5
[48,*] 47 5
;
param V:=
[45,*] 46 380
[46,*] 45 380
[47,*] 48 380
[48,*] 47 380
;
param f:=
45	100
46	100
47	100
48	100
49	100
50	100
;
param e:
	45	46	47	48	49	50:=
19	0	0	1	0	1	0	
20	0	0	0	1	0	0	
21	0	0	0	0	1	1	
22	0	0	1	0	1	0	
23	0	0	0	1	0	1	
24	0	0	1	0	0	0	
25	1	0	0	0	0	0	
26	0	1	0	0	0	0	
27	0	0	0	0	1	0	
28	1	0	0	0	1	0	
29	1	0	1	0	1	0	
30	0	0	1	0	0	0	
31	0	1	0	0	0	1	
32	0	0	1	0	0	0	
33	1	0	0	0	1	0	
34	0	1	0	0	0	1	
35	0	0	0	0	1	0	
36	0	0	1	0	0	0	
37	1	0	0	0	1	0	
38	1	0	0	0	1	0	
39	0	0	1	0	1	0	
40	1	0	0	0	1	0	
41	0	1	0	0	0	1	
42	0	1	0	0	0	1	
43	1	0	0	0	0	0	
44	1	0	0	0	1	0	
;
param r:
	45	46	47	48:=
45	0	1	0	0	
46	1	0	0	0	
47	0	0	0	1	
48	0	0	1	0	
;
param p:=
1	1
2	1
3	1
4	1
5	1
6	1
7	1
;
param G:=
45	380
46	380
47	380
48	380
49	95
50	95
;
param s:=
0	0
1	15
2	15
3	15
4	15
5	15
6	15
7	15
8	15
9	15
10	15
11	15
12	15
13	15
14	15
15	15
16	15
17	15
18	15
32	15
33	15
34	15
35	15
36	15
37	15
38	15
39	15
40	15
41	15
42	15
43	15
44	15
45	30
46	30
47	30
48	30
49	15
50	15
;
param t:
	0	1	2	3	4	5	6	7	8	9	10	11	12	13	14	15	16	17	18	19	20	21	22	23	24	25	26	27	28	29	30	31	32	33	34	35	36	37	38	39	40	41	42	43	44	45	46	47	48	49	50:=
0	0.0	20.0	32.56	32.8	77.67	26.08	72.11	39.6	25.46	32.31	74.03	73.35	26.08	58.82	25.06	42.94	33.53	96.6	77.25	76.24	42.52	38.21	65.12	22.0	62.61	95.35	43.86	58.31	74.73	95.35	94.59	18.44	98.08	69.43	38.63	63.15	71.69	86.16	94.25	90.02	88.29	24.74	18.44	91.61	69.08	99.03	21.13	89.2	47.92	68.25	17.09
1	20.0	0.0	13.42	42.76	59.06	31.62	68.82	46.82	34.53	18.44	64.56	72.25	10.2	38.83	10.77	44.41	48.04	79.12	74.4	64.78	22.63	32.8	59.06	13.42	62.23	82.0	51.26	42.43	60.13	82.0	88.57	13.42	94.34	50.0	38.42	50.16	69.66	69.86	78.92	80.05	74.11	25.06	13.42	72.72	52.95	81.26	36.26	83.11	31.79	55.08	10.77
2	32.56	13.42	0.0	48.17	45.65	36.06	63.66	50.16	40.45	11.66	55.46	68.41	8.25	27.86	10.2	44.27	55.79	65.79	69.31	54.41	10.77	29.53	52.5	24.0	59.36	70.26	54.33	30.0	48.04	70.26	80.99	18.97	88.09	36.88	37.95	39.29	65.3	56.89	66.27	70.23	62.03	28.0	18.97	59.36	40.2	67.88	45.22	75.63	30.54	43.93	17.89
3	32.8	42.76	48.17	0.0	82.68	12.17	48.04	8.25	8.25	39.29	59.09	46.39	40.05	75.31	38.05	18.97	11.66	96.21	52.04	64.5	58.55	28.43	46.17	52.0	36.06	85.09	11.66	58.82	69.43	85.09	72.11	30.07	72.44	78.79	20.0	56.64	46.04	83.45	88.41	74.0	80.45	20.4	30.07	96.52	68.12	99.35	14.31	67.23	74.53	61.07	32.25
4	77.67	59.06	45.65	82.68	0.0	71.61	68.12	80.5	77.2	46.69	47.07	76.03	51.61	30.27	52.8	69.08	93.23	22.0	72.44	39.85	37.95	54.59	56.0	67.68	72.44	41.04	83.26	24.17	25.3	41.04	71.69	60.96	82.87	12.17	64.4	32.06	72.03	20.0	30.53	52.84	32.56	64.03	60.96	14.14	18.0	23.2	85.61	67.92	57.05	31.14	61.22
5	26.08	31.62	36.06	12.17	71.61	0.0	47.07	15.23	5.66	27.2	53.37	47.54	28.0	63.15	26.0	17.09	21.63	86.37	51.92	57.58	46.39	18.87	42.05	42.19	36.77	78.0	19.7	48.17	60.46	78.0	70.46	18.44	72.8	67.08	14.0	47.71	46.17	74.03	79.92	69.05	72.47	8.25	18.44	85.6	58.0	89.38	16.08	65.22	63.19	52.48	20.88
6	72.11	68.82	63.66	48.04	68.12	47.07	0.0	40.2	50.36	52.35	22.8	8.25	59.67	79.62	58.41	30.27	58.55	70.34	5.66	31.05	68.82	36.06	12.65	82.1	12.65	47.71	38.83	48.08	44.18	47.71	24.08	57.31	26.0	71.81	33.53	36.5	4.47	57.27	56.46	31.11	47.54	47.54	57.31	78.23	50.16	73.87	61.09	19.38	93.88	37.01	60.03
7	39.6	46.82	50.16	8.25	80.5	15.23	40.2	0.0	14.14	40.05	52.84	38.21	42.43	76.24	40.45	12.81	18.44	92.46	44.0	58.82	60.0	26.0	39.4	57.31	28.0	79.32	4.47	56.36	65.12	79.32	64.28	33.53	64.28	77.79	16.12	52.5	38.0	79.4	83.55	67.23	75.29	22.36	33.53	94.02	64.9	95.71	22.45	59.5	78.26	56.59	36.06
8	25.46	34.53	40.45	8.25	77.2	5.66	50.36	14.14	0.0	32.31	58.24	50.0	32.25	67.91	30.27	20.1	16.12	92.02	54.92	62.77	50.99	24.41	46.39	43.86	39.29	83.26	18.44	53.81	66.03	83.26	74.11	22.0	75.71	72.47	18.44	53.25	49.03	79.65	85.44	73.76	77.9	13.42	22.0	91.21	63.66	95.03	11.12	68.98	66.31	57.98	24.08
9	32.31	18.44	11.66	39.29	46.69	27.2	52.35	40.05	32.31	0.0	46.17	56.85	8.25	36.22	8.0	32.98	48.33	64.5	58.0	46.39	20.1	17.89	41.62	31.62	47.71	64.12	44.0	26.0	42.76	64.12	70.71	14.42	77.2	40.5	26.68	32.0	53.81	53.85	62.1	61.61	56.57	18.97	14.42	60.83	36.77	67.06	39.31	65.29	42.19	37.01	15.23
10	74.03	64.56	55.46	59.09	47.07	53.37	22.8	52.84	58.24	46.17	0.0	31.05	54.41	64.03	53.85	40.25	70.68	47.54	26.08	8.25	57.2	36.06	14.14	77.79	31.62	26.91	53.25	31.24	22.09	26.91	26.91	56.32	36.72	52.8	39.85	18.44	27.2	34.53	34.0	16.0	25.06	50.16	56.32	56.0	29.73	51.07	69.31	22.11	83.2	16.55	58.55
11	73.35	72.25	68.41	46.39	76.03	47.54	8.25	38.21	50.0	56.85	31.05	0.0	63.66	86.16	62.23	30.46	56.0	78.59	7.21	39.29	74.43	39.6	20.1	85.28	10.77	55.57	36.0	55.32	52.35	55.57	27.86	60.0	26.08	79.25	34.99	44.18	4.0	65.51	64.62	38.42	55.71	49.4	60.0	86.37	58.03	82.12	60.17	24.18	98.89	45.01	62.8
12	26.08	10.2	8.25	40.05	51.61	28.0	59.67	42.43	32.25	8.25	54.41	63.66	0.0	36.06	2.0	37.58	47.54	70.68	65.3	54.59	18.97	24.08	49.4	23.41	54.04	72.03	46.69	32.98	50.36	72.03	78.71	10.77	84.88	43.86	31.3	40.05	60.83	60.73	69.43	69.86	64.28	20.1	10.77	65.6	43.68	73.03	37.07	73.27	36.59	45.01	10.0
13	58.82	38.83	27.86	75.31	30.27	63.15	79.62	76.24	67.91	36.22	64.03	86.16	36.06	0.0	37.95	68.12	83.52	52.15	84.97	59.4	17.09	52.15	67.08	42.8	79.12	68.0	80.1	32.8	47.2	68.0	90.91	46.82	100.44	18.11	62.03	45.61	82.46	48.7	59.46	75.07	59.06	54.92	46.82	40.45	37.2	52.95	73.07	86.12	26.96	48.1	45.69
14	25.06	10.77	10.2	38.05	52.8	26.0	58.41	40.45	30.27	8.0	53.85	62.23	2.0	37.95	0.0	35.78	45.61	71.55	64.03	54.33	20.88	22.63	48.37	24.17	52.5	72.11	44.72	33.53	50.64	72.11	77.82	8.94	83.76	45.34	29.53	40.0	59.46	61.35	69.86	69.43	64.5	18.11	8.94	66.84	44.27	73.97	35.25	72.37	38.43	45.01	8.49
15	42.94	44.41	44.27	18.97	69.08	17.09	30.27	12.81	20.1	32.98	40.25	30.46	37.58	68.12	35.78	0.0	30.46	80.0	34.93	46.04	52.95	16.0	27.2	56.64	19.7	66.57	14.42	44.94	52.5	66.57	54.04	31.24	55.79	67.47	6.32	40.0	29.12	66.84	70.77	55.03	62.48	19.8	31.24	82.29	52.84	83.3	30.95	48.95	74.17	43.93	34.06
16	33.53	48.04	55.79	11.66	93.23	21.63	58.55	18.44	16.12	48.33	70.68	56.0	47.54	83.52	45.61	30.46	0.0	107.48	62.13	76.16	66.48	39.6	57.58	54.92	46.17	96.75	20.0	69.66	80.92	96.75	82.61	36.88	82.02	88.59	31.62	68.12	56.14	94.85	100.0	85.44	92.09	29.53	36.88	107.2	79.25	110.57	12.43	77.89	79.45	72.62	38.47
17	96.6	79.12	65.79	96.21	22.0	86.37	70.34	92.46	92.02	64.5	47.54	78.59	70.68	52.15	71.55	80.0	107.48	0.0	73.35	39.29	59.23	67.88	60.17	88.77	78.0	29.12	94.4	38.83	27.78	29.12	66.27	78.89	78.23	34.06	76.58	40.0	74.73	13.42	16.49	46.17	24.0	79.65	78.89	15.62	28.43	3.53	101.58	63.93	79.02	36.36	79.65
18	77.25	74.4	69.31	52.04	72.44	51.92	5.66	44.0	54.92	58.0	26.08	7.21	65.3	84.97	64.03	34.93	62.13	73.35	0.0	34.23	74.4	41.62	17.89	87.66	16.0	49.19	42.19	53.14	48.0	49.19	20.88	62.77	20.88	76.66	38.63	41.23	6.0	60.53	58.82	31.62	50.0	52.8	62.77	82.02	54.59	76.87	65.45	16.99	99.52	41.3	65.51
19	76.24	64.78	54.41	64.5	39.85	57.58	31.05	58.82	62.77	46.39	8.25	39.29	54.59	59.4	54.33	46.04	76.16	39.29	34.23	0.0	54.59	39.29	21.63	77.67	39.45	20.59	59.67	27.2	14.56	20.59	32.25	58.03	43.08	46.65	44.72	15.23	35.44	26.31	26.08	16.12	17.2	53.37	58.03	48.04	23.32	42.82	73.66	28.14	80.42	11.4	60.0
20	42.52	22.63	10.77	58.55	37.95	46.39	68.82	60.0	50.99	20.1	57.2	74.43	18.97	17.09	20.88	52.95	66.48	59.23	74.4	54.59	0.0	37.36	56.85	29.73	66.21	67.91	64.03	27.86	45.61	67.91	83.74	29.73	91.93	27.78	46.69	39.45	71.02	52.0	62.13	70.71	59.23	38.21	29.73	50.99	36.5	60.93	55.99	78.55	26.0	43.38	28.64
21	38.21	32.8	29.53	28.43	54.59	18.87	36.06	26.0	24.41	17.89	36.06	39.6	24.08	52.15	22.63	16.0	39.6	67.88	41.62	39.29	37.36	0.0	27.2	46.04	30.0	59.46	29.12	30.53	41.62	59.46	56.92	21.54	61.77	51.92	10.2	28.84	36.88	55.32	61.06	52.04	53.67	14.14	21.54	68.26	39.7	70.98	34.8	51.47	60.0	33.62	24.17
22	65.12	59.06	52.5	46.17	56.0	42.05	12.65	39.4	46.39	41.62	14.14	20.1	49.4	67.08	48.37	27.2	57.58	60.17	17.89	21.63	56.85	27.2	0.0	72.47	17.89	41.04	39.45	35.44	32.98	41.04	29.73	48.7	35.61	59.23	28.07	24.08	16.12	46.82	47.71	27.86	38.83	40.45	48.7	66.75	38.0	63.68	57.5	24.28	82.29	25.18	51.26
23	22.0	13.42	24.0	52.0	67.68	42.19	82.1	57.31	43.86	31.62	77.79	85.28	23.41	42.8	24.17	56.64	54.92	88.77	87.66	77.67	29.73	46.04	72.47	0.0	75.07	94.19	61.77	54.0	72.03	94.19	101.98	25.46	107.7	57.27	50.91	62.8	82.8	80.62	90.2	93.15	86.02	36.88	25.46	80.62	64.12	90.58	42.51	96.53	26.36	67.6	22.63
24	62.61	62.23	59.36	36.06	72.44	36.77	12.65	28.0	39.29	47.71	31.62	10.77	54.04	79.12	52.5	19.7	46.17	78.0	16.0	39.45	66.21	30.0	17.89	75.07	0.0	58.14	26.31	50.04	50.6	58.14	36.5	49.68	36.5	74.11	24.41	40.45	10.0	64.62	65.51	42.8	56.6	38.83	49.68	83.95	54.59	81.5	49.61	31.99	89.9	42.45	52.5
25	95.35	82.0	70.26	85.09	41.04	78.0	47.71	79.32	83.26	64.12	26.91	55.57	72.03	68.0	72.11	66.57	96.75	29.12	49.19	20.59	67.91	59.46	41.04	94.19	58.14	0.0	80.0	40.45	22.36	0.0	38.05	76.94	50.04	51.61	65.3	32.25	52.15	21.26	12.65	18.44	8.94	73.38	76.94	42.94	31.62	32.18	94.08	36.61	92.45	27.17	78.64
26	43.86	51.26	54.33	11.66	83.26	19.7	38.83	4.47	18.44	44.0	53.25	36.0	46.69	80.1	44.72	14.42	20.0	94.4	42.19	59.67	64.03	29.12	39.45	61.77	26.31	80.0	0.0	59.09	66.84	80.0	62.8	37.95	62.03	81.04	18.97	54.41	36.22	81.22	84.85	67.08	76.42	26.68	37.95	96.6	67.23	97.71	25.94	58.22	82.65	58.26	40.5
27	58.31	42.43	30.0	58.82	24.17	48.17	48.08	56.36	53.81	26.0	31.24	55.32	32.98	32.8	33.53	44.94	69.66	38.83	53.14	27.2	27.86	30.53	35.44	54.0	50.04	40.45	59.09	0.0	18.11	40.45	58.14	40.25	67.68	24.08	40.25	12.81	51.42	27.86	36.5	43.27	32.06	41.04	40.25	37.74	10.77	41.6	62.94	53.32	53.38	15.81	41.23
28	74.73	60.13	48.04	69.43	25.3	60.46	44.18	65.12	66.03	42.76	22.09	52.35	50.36	47.2	50.64	52.5	80.92	27.78	48.0	14.56	45.61	41.62	32.98	72.03	50.6	22.36	66.84	18.11	0.0	22.36	46.52	56.32	57.58	32.8	49.52	12.81	48.37	14.42	19.7	28.43	14.0	54.59	56.32	34.06	10.0	31.21	76.24	42.63	70.49	8.6	57.72
29	95.35	82.0	70.26	85.09	41.04	78.0	47.71	79.32	83.26	64.12	26.91	55.57	72.03	68.0	72.11	66.57	96.75	29.12	49.19	20.59	67.91	59.46	41.04	94.19	58.14	0.0	80.0	40.45	22.36	0.0	38.05	76.94	50.04	51.61	65.3	32.25	52.15	21.26	12.65	18.44	8.94	73.38	76.94	42.94	31.62	32.18	94.08	36.61	92.45	27.17	78.64
30	94.59	88.57	80.99	72.11	71.69	70.46	24.08	64.28	74.11	70.71	26.91	27.86	78.71	90.91	77.82	54.04	82.61	66.27	20.88	32.25	83.74	56.92	29.73	101.98	36.5	38.05	62.8	58.14	46.52	38.05	0.0	78.43	12.0	78.89	56.57	45.34	26.68	55.32	50.04	20.1	42.43	69.86	78.43	78.1	55.57	69.58	84.98	5.46	109.69	43.01	80.99
31	18.44	13.42	18.97	30.07	60.96	18.44	57.31	33.53	22.0	14.42	56.32	60.0	10.77	46.82	8.94	31.24	36.88	78.89	62.77	58.03	29.73	21.54	48.7	25.46	49.68	76.94	37.95	40.25	56.32	76.94	78.43	0.0	83.19	54.04	25.46	44.72	57.69	68.03	75.89	72.25	69.86	11.66	0.0	75.07	50.99	81.47	26.31	72.98	44.76	49.82	2.83
32	98.08	94.34	88.09	72.44	82.87	72.8	26.0	64.28	75.71	77.2	36.72	26.08	84.88	100.44	83.76	55.79	82.02	78.23	20.88	43.08	91.93	61.77	35.61	107.7	36.5	50.04	62.03	67.68	57.58	50.04	12.0	83.19	0.0	89.44	59.46	54.92	26.68	67.08	62.03	32.06	54.33	73.54	83.19	89.82	66.21	81.56	86.11	14.96	117.65	53.24	85.88
33	69.43	50.0	36.88	78.79	12.17	67.08	71.81	77.79	72.47	40.5	52.8	79.25	43.86	18.11	45.34	67.47	88.59	34.06	76.66	46.65	27.78	51.92	59.23	57.27	74.11	51.61	81.04	24.08	32.8	51.61	78.89	54.04	89.44	0.0	62.1	35.44	75.31	31.3	42.05	61.22	42.8	59.06	54.04	23.41	23.32	34.98	79.79	74.61	44.97	36.25	53.81
34	38.63	38.42	37.95	20.0	64.4	14.0	33.53	16.12	18.44	26.68	39.85	34.99	31.3	62.03	29.53	6.32	31.62	76.58	38.63	44.72	46.69	10.2	28.07	50.91	24.41	65.3	18.97	40.25	49.52	65.3	56.57	25.46	59.46	62.1	0.0	36.77	33.11	63.66	68.41	55.32	60.46	14.42	25.46	77.9	48.83	79.79	29.55	51.29	67.88	41.11	28.28
35	63.15	50.16	39.29	56.64	32.06	47.71	36.5	52.5	53.25	32.0	18.44	44.18	40.05	45.61	40.0	40.0	68.12	40.0	41.23	15.23	39.45	28.84	24.08	62.8	40.45	32.25	54.41	12.81	12.81	32.25	45.34	44.72	54.92	35.44	36.77	0.0	40.2	26.91	32.25	31.3	25.3	42.05	44.72	43.68	14.14	43.31	63.55	40.51	65.37	5.1	46.39
36	71.69	69.66	65.3	46.04	72.03	46.17	4.47	38.0	49.03	53.81	27.2	4.0	60.83	82.46	59.46	29.12	56.14	74.73	6.0	35.44	71.02	36.88	16.12	82.8	10.0	52.15	36.22	51.42	48.37	52.15	26.68	57.69	26.68	75.31	33.11	40.2	0.0	61.61	60.93	35.38	52.0	47.41	57.69	82.39	54.04	78.26	59.5	22.45	95.71	41.01	60.46
37	86.16	69.86	56.89	83.45	20.0	74.03	57.27	79.4	79.65	53.85	34.53	65.51	60.73	48.7	61.35	66.84	94.85	13.42	60.53	26.31	52.0	55.32	46.82	80.62	64.62	21.26	81.22	27.86	14.42	21.26	55.32	68.03	67.08	31.3	63.66	26.91	61.61	0.0	10.77	35.44	13.42	67.68	68.03	22.8	17.09	16.9	89.54	52.38	74.56	23.02	69.08
38	94.25	78.92	66.27	88.41	30.53	79.92	56.46	83.55	85.44	62.1	34.0	64.62	69.43	59.46	69.86	70.77	100.0	16.49	58.82	26.08	62.13	61.06	47.71	90.2	65.51	12.65	84.85	36.5	19.7	12.65	50.04	75.89	62.03	42.05	68.41	32.25	60.93	10.77	0.0	30.0	8.94	74.24	75.89	30.53	26.08	19.64	95.8	48.02	85.19	27.46	77.2
39	90.02	80.05	70.23	74.0	52.84	69.05	31.11	67.23	73.76	61.61	16.0	38.42	69.86	75.07	69.43	55.03	85.44	46.17	31.62	16.12	70.71	52.04	27.86	93.15	42.8	18.44	67.08	43.27	28.43	18.44	20.1	72.25	32.06	61.22	55.32	31.3	35.38	35.44	30.0	0.0	22.36	66.12	72.25	58.24	38.21	49.49	84.86	18.18	96.55	27.46	74.43
40	88.29	74.11	62.03	80.45	32.56	72.47	47.54	75.29	77.9	56.57	25.06	55.71	64.28	59.06	64.5	62.48	92.09	24.0	50.0	17.2	59.23	53.67	38.83	86.02	56.6	8.94	76.42	32.06	14.0	8.94	42.43	69.86	54.33	42.8	60.46	25.3	52.0	13.42	8.94	22.36	0.0	67.23	69.86	36.06	22.8	27.42	88.47	39.93	83.57	20.25	71.39
41	24.74	25.06	28.0	20.4	64.03	8.25	47.54	22.36	13.42	18.97	50.16	49.4	20.1	54.92	18.11	19.8	29.53	79.65	52.8	53.37	38.21	14.14	40.45	36.88	38.83	73.38	26.68	41.04	54.59	73.38	69.86	11.66	73.54	59.06	14.42	42.05	47.41	67.68	74.24	66.12	67.23	0.0	11.66	78.1	51.22	82.55	21.93	64.47	56.03	47.01	14.42
42	18.44	13.42	18.97	30.07	60.96	18.44	57.31	33.53	22.0	14.42	56.32	60.0	10.77	46.82	8.94	31.24	36.88	78.89	62.77	58.03	29.73	21.54	48.7	25.46	49.68	76.94	37.95	40.25	56.32	76.94	78.43	0.0	83.19	54.04	25.46	44.72	57.69	68.03	75.89	72.25	69.86	11.66	0.0	75.07	50.99	81.47	26.31	72.98	44.76	49.82	2.83
43	91.61	72.72	59.36	96.52	14.14	85.6	78.23	94.02	91.21	60.83	56.0	86.37	65.6	40.45	66.84	82.29	107.2	15.62	82.02	48.04	50.99	68.26	66.75	80.62	83.95	42.94	96.6	37.74	34.06	42.94	78.1	75.07	89.82	23.41	77.9	43.68	82.39	22.8	30.53	58.24	36.06	78.1	75.07	0.0	29.73	14.53	99.73	75.05	67.27	41.59	75.29
44	69.08	52.95	40.2	68.12	18.0	58.0	50.16	64.9	63.66	36.77	29.73	58.03	43.68	37.2	44.27	52.84	79.25	28.43	54.59	23.32	36.5	39.7	38.0	64.12	54.59	31.62	67.23	10.77	10.0	31.62	55.57	50.99	66.21	23.32	48.83	14.14	54.04	17.09	26.08	38.21	22.8	51.22	50.99	29.73	0.0	31.38	73.16	51.34	60.84	13.34	52.0
45	99.03	81.26	67.88	99.35	23.2	89.38	73.87	95.71	95.03	67.06	51.07	82.12	73.03	52.95	73.97	83.3	110.57	3.53	76.87	42.82	60.93	70.98	63.68	90.58	81.5	32.18	97.71	41.6	31.21	32.18	69.58	81.47	81.56	34.98	79.79	43.31	78.26	16.9	19.64	49.49	27.42	82.55	81.47	14.53	31.38	0.0	104.48	67.32	79.9	39.77	82.15
46	21.13	36.26	45.22	14.31	85.61	16.08	61.09	22.45	11.12	39.31	69.31	60.17	37.07	73.07	35.25	30.95	12.43	101.58	65.45	73.66	55.99	34.8	57.5	42.51	49.61	94.08	25.94	62.94	76.24	94.08	84.98	26.31	86.11	79.79	29.55	63.55	59.5	89.54	95.8	84.86	88.47	21.93	26.31	99.73	73.16	104.48	0.0	79.9	67.32	68.39	27.42
47	89.2	83.11	75.63	67.23	67.92	65.22	19.38	59.5	68.98	65.29	22.11	24.18	73.27	86.12	72.37	48.95	77.89	63.93	16.99	28.14	78.55	51.47	24.28	96.53	31.99	36.61	58.22	53.32	42.63	36.61	5.46	72.98	14.96	74.61	51.29	40.51	22.45	52.38	48.02	18.18	39.93	64.47	72.98	75.05	51.34	67.32	79.9	0.0	104.48	38.49	75.54
48	47.92	31.79	30.54	74.53	57.05	63.19	93.88	78.26	66.31	42.19	83.2	98.89	36.59	26.96	38.43	74.17	79.45	79.02	99.52	80.42	26.0	60.0	82.29	26.36	89.9	92.45	82.65	53.38	70.49	92.45	109.69	44.76	117.65	44.97	67.88	65.37	95.71	74.56	85.19	96.55	83.57	56.03	44.76	67.27	60.84	79.9	67.32	104.48	0.0	69.12	42.36
49	68.25	55.08	43.93	61.07	31.14	52.48	37.01	56.59	57.98	37.01	16.55	45.01	45.01	48.1	45.01	43.93	72.62	36.36	41.3	11.4	43.38	33.62	25.18	67.6	42.45	27.17	58.26	15.81	8.6	27.17	43.01	49.82	53.24	36.25	41.11	5.1	41.01	23.02	27.46	27.46	20.25	47.01	49.82	41.59	13.34	39.77	68.39	38.49	69.12	0.0	51.48
50	17.09	10.77	17.89	32.25	61.22	20.88	60.03	36.06	24.08	15.23	58.55	62.8	10.0	45.69	8.49	34.06	38.47	79.65	65.51	60.0	28.64	24.17	51.26	22.63	52.5	78.64	40.5	41.23	57.72	78.64	80.99	2.83	85.88	53.81	28.28	46.39	60.46	69.08	77.2	74.43	71.39	14.42	2.83	75.29	52.0	82.15	27.42	75.54	42.36	51.48	0.0
;
