vehicles
vehicle_idx, capacity, cost_per_unit_distance
1,100,3
2,100,3
3,100,3
4,100,3
5,100,3
6,100,3
7,100,3
depot
node_idx,x,y
0,75,55
home delivery customers
node_idx,x,y,service_time,demand
1,77,63,10,10
2,95,31,10,10
3,23,65,10,23
4,9,51,10,13
5,49,25,10,22
6,81,53,10,18
7,21,93,10,13
8,59,31,10,12
9,11,27,10,18
10,59,41,10,3
11,67,1,10,23
12,33,87,10,6
13,17,45,10,22
14,91,41,10,20
15,97,61,10,2
self pickup customers
node_idx,x,y,service_time,demand,locker_idxs
16,51,25,10,1,50
17,81,25,10,20,53
18,43,21,10,20,47
19,35,53,10,7,52-54
20,27,31,10,24,47
21,87,43,10,12,49-53-51
22,3,1,10,9,47
23,41,61,10,12,48
24,51,95,10,9,46
25,7,51,10,19,48
26,21,5,10,20,47
27,91,35,10,24,49-53
28,27,97,10,20,46
29,9,91,10,7,46
30,47,29,10,17,50
flexible customers
node_idx,x,y,service_time,demand,locker_idxs
31,7,75,10,12,50
32,77,1,10,26,49
33,59,37,10,2,51-52-53-54-50-47
34,93,45,10,13,49-53-51
35,37,13,10,15,47
36,37,51,10,7,48-50-54-52
37,73,81,10,19,46
38,29,81,10,6,48
39,17,81,10,10,52
40,61,69,10,4,51-52-46
41,83,23,10,15,49-53
42,27,53,10,3,48-50-54-52
43,77,39,10,1,49-53-51
44,3,89,10,13,48
45,23,3,10,21,47
lockers
node_idx,x,y,service_time,capacity,cost_per_unit_good
46,65,88,10,82
47,25,15,10,75
48,33,52,10,71
49,83,24,10,79
50,35,39,10,77
51,72,60,10,88
52,53,59,10,81
53,76,37,10,71
54,46,47,10,72
mrt lines
start_node_idx,end_node_idx,freight_capacity,cost_per_unit_good
distance matrix
,0,1,2,3,4,5,6,7,8,9,10,11,12,13,14,15,16,17,18,19,20,21,22,23,24,25,26,27,28,29,30,31,32,33,34,35,36,37,38,39,40,41,42,43,44,45,46,47,48,49,50,51,52,53,54,
0,0.0,8.25,31.24,52.95,66.12,39.7,6.32,66.03,28.84,69.86,21.26,54.59,52.8,58.86,21.26,22.8,38.42,30.59,46.69,40.05,53.67,16.97,90.0,34.53,46.65,68.12,73.59,25.61,63.78,75.18,38.21,70.88,54.04,24.08,20.59,56.64,38.21,26.08,52.84,63.56,19.8,32.98,48.04,16.12,79.62,73.54,34.48,64.03,42.11,32.02,43.08,5.83,22.36,18.03,30.08
1,8.25,0.0,36.72,54.04,69.05,47.2,10.77,63.53,36.72,75.18,28.43,62.8,50.12,62.64,26.08,20.1,46.04,38.21,54.04,43.17,59.36,22.36,96.54,36.06,41.23,71.02,80.62,31.3,60.46,73.54,45.34,71.02,62.0,31.62,24.08,64.03,41.76,18.44,51.26,62.64,17.09,40.45,50.99,24.0,78.43,80.72,27.73,70.77,45.35,39.46,48.37,5.83,24.33,26.02,34.89
2,31.24,36.72,0.0,79.62,88.29,46.39,26.08,96.54,36.0,84.1,37.36,41.04,83.55,79.25,10.77,30.07,44.41,15.23,52.95,63.91,68.0,14.42,96.77,61.77,77.67,90.24,78.43,5.66,94.76,104.86,48.04,98.39,34.99,36.5,14.14,60.73,61.35,54.63,82.8,92.65,50.99,14.42,71.47,19.7,108.76,77.25,64.41,71.81,65.46,13.89,60.53,37.01,50.48,19.92,51.55
3,52.95,54.04,79.62,0.0,19.8,47.71,59.23,28.07,49.52,39.85,43.27,77.67,24.17,20.88,72.11,74.11,48.83,70.46,48.33,16.97,34.23,67.68,67.05,18.44,41.04,21.26,60.03,74.32,32.25,29.53,43.27,18.87,83.74,45.61,72.8,53.85,19.8,52.5,17.09,17.09,38.21,73.24,12.65,59.93,31.24,62.0,47.89,50.04,16.4,72.67,28.64,49.25,30.59,59.94,29.21
4,66.12,69.05,88.29,19.8,0.0,47.71,72.03,43.68,53.85,24.08,50.99,76.58,43.27,10.0,82.61,88.57,49.4,76.55,45.34,26.08,26.91,78.41,50.36,33.53,60.83,2.0,47.54,83.55,49.4,40.0,43.91,24.08,84.4,51.92,84.21,47.2,28.0,70.68,36.06,31.05,55.03,79.12,18.11,69.05,38.47,50.0,67.12,39.4,24.02,78.77,28.64,63.64,44.72,68.45,37.22
5,39.7,47.2,46.39,47.71,47.71,0.0,42.52,73.54,11.66,38.05,18.87,30.0,64.03,37.74,44.94,60.0,2.0,32.0,7.21,31.3,22.8,42.05,51.88,36.88,70.03,49.4,34.41,43.17,75.29,77.18,4.47,65.3,36.88,15.62,48.33,16.97,28.64,60.93,59.46,64.5,45.61,34.06,35.61,31.3,78.82,34.06,65.0,26.0,31.38,34.01,19.8,41.88,34.23,29.55,22.2
6,6.32,10.77,26.08,59.23,72.03,42.52,0.0,72.11,31.11,74.67,25.06,53.85,58.82,64.5,15.62,17.89,41.04,28.0,49.68,46.0,58.31,11.66,93.74,40.79,51.61,74.03,76.84,20.59,69.66,81.41,41.62,77.2,52.15,27.2,14.42,59.46,44.05,29.12,59.06,69.86,25.61,30.07,54.0,14.56,85.91,76.58,38.48,67.68,48.01,29.07,48.08,11.4,28.64,16.76,35.51
7,66.03,63.53,96.54,28.07,43.68,73.54,72.11,0.0,72.72,66.75,64.4,102.86,13.42,48.17,87.2,82.46,74.32,90.69,75.29,42.38,62.29,82.8,93.74,37.74,30.07,44.27,88.0,90.91,7.21,12.17,69.08,22.8,107.7,67.68,86.53,81.58,44.94,53.37,14.42,12.65,46.65,93.51,40.45,77.79,18.44,90.02,44.28,78.1,42.72,92.76,55.79,60.75,46.69,78.49,52.35
8,28.84,36.72,36.0,49.52,53.85,11.66,31.11,72.72,0.0,48.17,10.0,31.05,61.74,44.27,33.53,48.41,10.0,22.8,18.87,32.56,32.0,30.46,63.53,34.99,64.5,55.71,46.04,32.25,73.35,78.1,12.17,68.12,34.99,6.0,36.77,28.43,29.73,51.92,58.31,65.3,38.05,25.3,38.83,19.7,80.62,45.61,57.31,37.58,33.42,25.0,25.3,31.78,28.64,18.03,20.62
9,69.86,75.18,84.1,39.85,24.08,38.05,74.67,66.75,48.17,0.0,50.0,61.74,63.91,18.97,81.22,92.48,40.05,70.03,32.56,35.38,16.49,77.67,27.2,45.34,78.89,24.33,24.17,80.4,71.81,64.03,36.06,48.17,70.94,49.03,83.95,29.53,35.38,82.22,56.92,54.33,65.3,72.11,30.53,67.08,62.51,26.83,81.47,18.44,33.3,72.06,26.83,69.35,52.8,65.76,40.31
10,21.26,28.43,37.36,43.27,50.99,18.87,25.06,64.4,10.0,50.0,0.0,40.79,52.84,42.19,32.0,42.94,17.89,27.2,25.61,26.83,33.53,28.07,68.82,26.91,54.59,52.95,52.35,32.56,64.5,70.71,16.97,62.13,43.86,4.0,34.23,35.61,24.17,42.38,50.0,58.0,28.07,30.0,34.18,18.11,73.76,52.35,47.38,42.8,28.23,29.41,24.08,23.02,18.97,17.46,14.32
11,54.59,62.8,41.04,77.67,76.58,30.0,53.85,102.86,31.05,61.74,40.79,0.0,92.48,66.6,46.65,67.08,28.84,27.78,31.24,61.06,50.0,46.52,64.0,65.39,95.35,78.1,46.17,41.62,104.0,107.07,34.41,95.27,10.0,36.88,51.11,32.31,58.31,80.22,88.57,94.34,68.26,27.2,65.6,39.29,108.81,44.05,87.02,44.27,61.29,28.02,49.68,59.21,59.67,37.11,50.57
12,52.8,50.12,83.55,24.17,43.27,64.03,58.82,13.42,61.74,63.91,52.84,92.48,0.0,44.94,74.03,69.08,64.56,78.41,66.75,34.06,56.32,69.66,91.08,27.2,19.7,44.41,82.87,77.9,11.66,24.33,59.67,28.64,96.6,56.36,73.24,74.11,36.22,40.45,7.21,17.09,33.29,81.22,34.53,65.12,30.07,84.59,32.02,72.44,35.0,80.43,48.04,47.43,34.41,65.95,42.06
13,58.86,62.64,79.25,20.88,10.0,37.74,64.5,48.17,44.27,18.97,42.19,66.6,44.94,0.0,74.11,81.58,39.45,67.05,35.38,19.7,17.2,70.03,46.17,28.84,60.46,11.66,40.2,74.67,52.95,46.69,34.0,31.62,74.4,42.76,76.0,37.74,20.88,66.57,37.95,36.0,50.12,69.57,12.81,60.3,46.17,42.43,64.44,31.05,17.46,69.26,18.97,57.01,38.63,59.54,29.07
14,21.26,26.08,10.77,72.11,82.61,44.94,15.62,87.2,33.53,81.22,32.0,46.65,74.03,74.11,0.0,20.88,43.08,18.87,52.0,57.27,64.78,4.47,96.66,53.85,67.2,84.59,78.71,6.0,85.04,96.04,45.61,90.62,42.38,32.25,4.47,60.83,54.92,43.86,73.78,84.12,41.04,19.7,65.12,14.14,100.24,77.9,53.71,70.94,59.03,18.79,56.04,26.87,42.05,15.52,45.4
15,22.8,20.1,30.07,74.11,88.57,60.0,17.89,82.46,48.41,92.48,42.94,67.08,69.08,81.58,20.88,0.0,58.41,39.4,67.2,62.51,76.16,20.59,111.52,56.0,57.2,90.55,94.4,26.68,78.71,92.97,59.36,91.08,63.25,44.94,16.49,76.84,60.83,31.24,70.88,82.46,36.88,40.5,70.46,29.73,98.08,94.02,41.87,85.44,64.63,39.56,65.79,25.02,44.05,31.89,52.89
16,38.42,46.04,44.41,48.83,49.4,2.0,41.04,74.32,10.0,40.05,17.89,28.84,64.56,39.45,43.08,58.41,0.0,30.0,8.94,32.25,24.74,40.25,53.67,37.36,70.0,51.11,36.06,41.23,75.89,78.23,5.66,66.6,35.38,14.42,46.52,18.44,29.53,60.17,60.17,65.51,45.12,32.06,36.88,29.53,80.0,35.61,64.54,27.86,32.45,32.02,21.26,40.82,34.06,27.73,22.56
17,30.59,38.21,15.23,70.46,76.55,32.0,28.0,90.69,22.8,70.03,27.2,27.78,78.41,67.05,18.87,39.4,30.0,0.0,38.21,53.85,54.33,18.97,81.61,53.81,76.16,78.43,63.25,14.14,90.0,97.67,34.23,89.31,24.33,25.06,23.32,45.61,51.11,56.57,76.42,85.04,48.33,2.83,60.83,14.56,100.9,62.03,65.0,56.89,55.07,2.24,48.08,36.14,44.05,13.0,41.34
18,46.69,54.04,52.95,48.33,45.34,7.21,49.68,75.29,18.87,32.56,25.61,31.24,66.75,35.38,52.0,67.2,8.94,38.21,0.0,32.98,18.87,49.19,44.72,40.05,74.43,46.86,27.2,50.0,77.67,77.82,8.94,64.9,39.45,22.63,55.46,10.0,30.59,67.08,61.61,65.39,51.26,40.05,35.78,38.47,78.89,26.91,70.52,18.97,32.57,40.11,19.7,48.6,39.29,36.67,26.17
19,40.05,43.17,63.91,16.97,26.08,31.3,46.0,42.38,32.56,35.38,26.83,61.06,34.06,19.7,57.27,62.51,32.25,53.85,32.98,0.0,23.41,52.95,61.06,10.0,44.94,28.07,50.0,58.82,44.72,46.04,26.83,35.61,66.84,28.84,58.55,40.05,2.83,47.2,28.64,33.29,30.53,56.6,8.0,44.27,48.17,51.42,46.1,39.29,2.24,56.08,14.0,37.66,18.97,44.01,12.53
20,53.67,59.36,68.0,34.23,26.91,22.8,58.31,62.29,32.0,16.49,33.53,50.0,56.32,17.2,64.78,76.16,24.74,54.33,18.87,23.41,0.0,61.19,38.42,33.11,68.35,28.28,26.68,64.12,66.0,62.64,20.1,48.33,58.31,32.56,67.47,20.59,22.36,67.94,50.04,50.99,50.99,56.57,22.0,50.64,62.77,28.28,68.51,16.12,21.84,56.44,11.31,53.54,38.21,49.37,24.84
21,16.97,22.36,14.42,67.68,78.41,42.05,11.66,82.8,30.46,77.67,28.07,46.52,69.66,70.03,4.47,20.59,40.25,18.97,49.19,52.95,61.19,0.0,93.91,49.4,63.25,80.4,76.16,8.94,80.72,91.59,42.38,86.16,43.17,28.64,6.32,58.31,50.64,40.5,69.34,79.65,36.77,20.4,60.83,10.77,95.77,75.47,50.09,68.03,54.74,19.42,52.15,22.67,37.58,12.53,41.19
22,90.0,96.54,96.77,67.05,50.36,51.88,93.74,93.74,63.53,27.2,68.82,64.0,91.08,46.17,96.66,111.52,53.67,81.61,44.72,61.06,38.42,93.91,0.0,71.02,105.55,50.16,18.44,94.34,98.95,90.2,52.15,74.11,74.0,66.57,100.18,36.06,60.46,106.3,84.12,81.22,89.38,82.97,57.27,83.19,88.0,20.1,106.83,26.08,59.17,83.24,49.68,90.79,76.58,81.39,62.97
23,34.53,36.06,61.77,18.44,33.53,36.88,40.79,37.74,34.99,45.34,26.91,65.39,27.2,28.84,53.85,56.0,37.36,53.81,40.05,10.0,33.11,49.4,71.02,0.0,35.44,35.44,59.46,56.36,38.63,43.86,32.56,36.77,69.97,30.0,54.41,48.17,10.77,37.74,23.32,31.24,21.54,56.64,16.12,42.19,47.2,60.73,36.12,48.7,12.04,55.97,22.8,31.02,12.17,42.44,14.87
24,46.65,41.23,77.67,41.04,60.83,70.03,51.61,30.07,64.5,78.89,54.59,95.35,19.7,60.46,67.2,57.2,70.0,76.16,74.43,44.94,68.35,63.25,105.55,35.44,0.0,62.23,94.87,72.11,24.08,42.19,66.12,48.33,97.53,58.55,65.3,83.19,46.17,26.08,26.08,36.77,27.86,78.79,48.37,61.74,48.37,96.17,15.65,84.12,46.62,77.88,58.24,40.82,36.06,63.16,48.26
25,68.12,71.02,90.24,21.26,2.0,49.4,74.03,44.27,55.71,24.33,52.95,78.1,44.41,11.66,84.59,90.55,51.11,78.43,46.86,28.07,28.28,80.4,50.16,35.44,62.23,0.0,48.08,85.51,50.16,40.05,45.65,24.0,86.02,53.85,86.21,48.41,30.0,72.5,37.2,31.62,56.92,80.99,20.1,71.02,38.21,50.6,68.8,40.25,26.02,80.65,30.46,65.62,46.69,70.41,39.2
26,73.59,80.62,78.43,60.03,47.54,34.41,76.84,88.0,46.04,24.17,52.35,46.17,82.87,40.2,78.71,94.4,36.06,63.25,27.2,50.0,26.68,76.16,18.44,59.46,94.87,48.08,0.0,76.16,92.2,86.83,35.38,71.39,56.14,49.68,82.37,17.89,48.7,92.09,76.42,76.11,75.47,64.56,48.37,65.51,85.91,2.83,93.94,10.77,48.51,64.85,36.77,75.01,62.77,63.63,48.88
27,25.61,31.3,5.66,74.32,83.55,43.17,20.59,90.91,32.25,80.4,32.56,41.62,77.9,74.67,6.0,26.68,41.23,14.14,50.0,58.82,64.12,8.94,94.34,56.36,72.11,85.51,76.16,0.0,89.11,99.3,44.41,93.04,36.77,32.06,10.2,58.31,56.32,49.4,77.2,87.13,45.34,14.42,66.48,14.56,103.25,75.15,59.03,68.96,60.44,13.6,56.14,31.4,44.94,15.13,46.57
28,63.78,60.46,94.76,32.25,49.4,75.29,69.66,7.21,73.35,71.81,64.5,104.0,11.66,52.95,85.04,78.71,75.89,90.0,77.67,44.72,66.0,80.72,98.95,38.63,24.08,50.16,92.2,89.11,0.0,18.97,70.88,29.73,108.24,68.0,84.02,84.59,47.07,48.7,16.12,18.87,44.05,92.8,44.0,76.58,25.3,94.09,39.05,82.02,45.4,92.01,58.55,58.26,46.04,77.47,53.49
29,75.18,73.54,104.86,29.53,40.0,77.18,81.41,12.17,78.1,64.03,70.71,107.07,24.33,46.69,96.04,92.97,78.23,97.67,77.82,46.04,62.64,91.59,90.2,43.86,42.19,40.05,86.83,99.3,18.97,0.0,72.72,16.12,112.8,73.59,95.77,82.87,48.83,64.78,22.36,12.81,56.46,100.5,42.05,85.6,6.32,89.11,56.08,77.67,45.79,99.82,58.14,70.21,54.41,86.05,57.49
30,38.21,45.34,48.04,43.27,43.91,4.47,41.62,69.08,12.17,36.06,16.97,34.41,59.67,34.0,45.61,59.36,5.66,34.23,8.94,26.83,20.1,42.38,52.15,32.56,66.12,45.65,35.38,44.41,70.88,72.72,0.0,60.96,41.04,14.42,48.7,18.87,24.17,58.14,55.03,60.03,42.38,36.5,31.24,31.62,74.4,35.38,61.68,26.08,26.93,36.35,15.62,39.82,30.59,30.08,18.03
31,70.88,71.02,98.39,18.87,24.08,65.3,77.2,22.8,68.12,48.17,62.13,95.27,28.64,31.62,90.62,91.08,66.6,89.31,64.9,35.61,48.33,86.16,74.11,36.77,48.33,24.0,71.39,93.04,29.73,16.12,60.96,0.0,101.86,64.4,91.08,68.88,38.42,66.27,22.8,11.66,54.33,92.09,29.73,78.71,14.56,73.76,59.44,62.64,34.71,91.53,45.61,66.71,48.7,78.77,48.01
32,54.04,62.0,34.99,83.74,84.4,36.88,52.15,107.7,34.99,70.94,43.86,10.0,96.6,74.4,42.38,63.25,35.38,24.33,39.45,66.84,58.31,43.17,74.0,69.97,97.53,86.02,56.14,36.77,108.24,112.8,41.04,101.86,0.0,40.25,46.82,41.76,64.03,80.1,93.3,100.0,69.86,22.8,72.14,38.0,114.98,54.04,87.82,53.85,67.36,23.77,56.64,59.21,62.77,36.01,55.47
33,24.08,31.62,36.5,45.61,51.92,15.62,27.2,67.68,6.0,49.03,4.0,36.88,56.36,42.76,32.25,44.94,14.42,25.06,22.63,28.84,32.56,28.64,66.57,30.0,58.55,53.85,49.68,32.06,68.0,73.59,14.42,64.4,40.25,0.0,34.93,32.56,26.08,46.17,53.25,60.83,32.06,27.78,35.78,18.11,76.42,49.52,51.35,40.5,30.02,27.29,24.08,26.42,22.8,17.0,16.4
34,20.59,24.08,14.14,72.8,84.21,48.33,14.42,86.53,36.77,83.95,34.23,51.11,73.24,76.0,4.47,16.49,46.52,23.32,55.46,58.55,67.47,6.32,100.18,54.41,65.3,86.21,82.37,10.2,84.02,95.77,48.7,91.08,46.82,34.93,0.0,64.5,56.32,41.18,73.43,84.1,40.0,24.17,66.48,17.09,100.18,81.63,51.31,74.32,60.41,23.26,58.31,25.81,42.38,18.79,47.04
35,56.64,64.03,60.73,53.85,47.2,16.97,59.46,81.58,28.43,29.53,35.61,32.31,74.11,37.74,60.83,76.84,18.44,45.61,10.0,40.05,20.59,58.31,36.06,48.17,83.19,48.41,17.89,58.31,84.59,82.87,18.87,68.88,41.76,32.56,64.5,0.0,38.0,76.94,68.47,70.88,60.93,47.07,41.23,47.71,83.26,17.2,80.06,12.17,39.2,47.3,26.08,58.6,48.7,45.79,35.17
36,38.21,41.76,61.35,19.8,28.0,28.64,44.05,44.94,29.73,35.38,24.17,58.31,36.22,20.88,54.92,60.83,29.53,51.11,30.59,2.83,22.36,50.64,60.46,10.77,46.17,30.0,48.7,56.32,47.07,48.83,24.17,38.42,64.03,26.08,56.32,38.0,0.0,46.86,31.05,36.06,30.0,53.85,10.2,41.76,50.99,50.0,46.4,37.95,4.12,53.34,12.17,36.14,17.89,41.44,9.85
37,26.08,18.44,54.63,52.5,70.68,60.93,29.12,53.37,51.92,82.22,42.38,80.22,40.45,66.57,43.86,31.24,60.17,56.57,67.08,47.2,67.94,40.5,106.3,37.74,26.08,72.5,92.09,49.4,48.7,64.78,58.14,66.27,80.1,46.17,41.18,76.94,46.86,0.0,44.0,56.0,16.97,58.86,53.85,42.19,70.46,92.65,10.63,81.61,49.41,57.87,56.64,21.02,29.73,44.1,43.42
38,52.84,51.26,82.8,17.09,36.06,59.46,59.06,14.42,58.31,56.92,50.0,88.57,7.21,37.95,73.78,70.88,60.17,76.42,61.61,28.64,50.04,69.34,84.12,23.32,26.08,37.2,76.42,77.2,16.12,22.36,55.03,22.8,93.3,53.25,73.43,68.47,31.05,44.0,0.0,12.0,34.18,79.25,28.07,63.78,27.2,78.23,36.67,66.12,29.27,78.52,42.43,47.85,32.56,64.38,38.01
39,63.56,62.64,92.65,17.09,31.05,64.5,69.86,12.65,65.3,54.33,58.0,94.34,17.09,36.0,84.12,82.46,65.51,85.04,65.39,33.29,50.99,79.65,81.22,31.24,36.77,31.62,76.11,87.13,18.87,12.81,60.03,11.66,100.0,60.83,84.1,70.88,36.06,56.0,12.0,0.0,45.61,87.86,29.73,73.24,16.12,78.23,48.51,66.48,33.12,87.21,45.69,58.87,42.19,73.6,44.69
40,19.8,17.09,50.99,38.21,55.03,45.61,25.61,46.65,38.05,65.3,28.07,68.26,33.29,50.12,41.04,36.88,45.12,48.33,51.26,30.53,50.99,36.77,89.38,21.54,27.86,56.92,75.47,45.34,44.05,56.46,42.38,54.33,69.86,32.06,40.0,60.93,30.0,16.97,34.18,45.61,0.0,50.99,37.58,34.0,61.35,76.16,19.42,64.9,32.76,50.09,39.7,14.21,12.81,35.34,26.63
41,32.98,40.45,14.42,73.24,79.12,34.06,30.07,93.51,25.3,72.11,30.0,27.2,81.22,69.57,19.7,40.5,32.06,2.83,40.05,56.6,56.57,20.4,82.97,56.64,78.79,80.99,64.56,14.42,92.8,100.5,36.5,92.09,22.8,27.78,24.17,47.07,53.85,58.86,79.25,87.86,50.99,0.0,63.53,17.09,103.71,63.25,67.45,58.55,57.8,1.0,50.6,38.6,46.86,15.65,44.1
42,48.04,50.99,71.47,12.65,18.11,35.61,54.0,40.45,38.83,30.53,34.18,65.6,34.53,12.81,65.12,70.46,36.88,60.83,35.78,8.0,22.0,60.83,57.27,16.12,48.37,20.1,48.37,66.48,44.0,42.05,31.24,29.73,72.14,35.78,66.48,41.23,10.2,53.85,28.07,29.73,37.58,63.53,0.0,51.92,43.27,50.16,51.66,38.05,6.08,63.06,16.12,45.54,26.68,51.55,19.92
43,16.12,24.0,19.7,59.93,69.05,31.3,14.56,77.79,19.7,67.08,18.11,39.29,65.12,60.3,14.14,29.73,29.53,14.56,38.47,44.27,50.64,10.77,83.19,42.19,61.74,71.02,65.51,14.56,76.58,85.6,31.62,78.71,38.0,18.11,17.09,47.71,41.76,42.19,63.78,73.24,34.0,17.09,51.92,0.0,89.31,64.9,50.45,57.27,45.88,16.16,42.0,21.59,31.24,2.24,32.02
44,79.62,78.43,108.76,31.24,38.47,78.82,85.91,18.44,80.62,62.51,73.76,108.81,30.07,46.17,100.24,98.08,80.0,100.9,78.89,48.17,62.77,95.77,88.0,47.2,48.37,38.21,85.91,103.25,25.3,6.32,74.4,14.56,114.98,76.42,100.18,83.26,50.99,70.46,27.2,16.12,61.35,103.71,43.27,89.31,0.0,88.29,62.01,77.2,47.63,103.08,59.36,74.85,58.31,89.63,60.11
45,73.54,80.72,77.25,62.0,50.0,34.06,76.58,90.02,45.61,26.83,52.35,44.05,84.59,42.43,77.9,94.02,35.61,62.03,26.91,51.42,28.28,75.47,20.1,60.73,96.17,50.6,2.83,75.15,94.09,89.11,35.38,73.76,54.04,49.52,81.63,17.2,50.0,92.65,78.23,78.23,76.16,63.25,50.16,64.9,88.29,0.0,94.81,12.17,50.01,63.57,37.95,75.17,63.53,62.97,49.65
46,34.48,27.73,64.41,47.89,67.12,65.0,38.48,44.28,57.31,81.47,47.38,87.02,32.02,64.44,53.71,41.87,64.54,65.0,70.52,46.1,68.51,50.09,106.83,36.12,15.65,68.8,93.94,59.03,39.05,56.08,61.68,59.44,87.82,51.35,51.31,80.06,46.4,10.63,36.67,48.51,19.42,67.45,51.66,50.45,62.01,94.81,0.0,83.24,48.17,66.48,57.45,28.86,31.38,52.17,45.19
47,64.03,70.77,71.81,50.04,39.4,26.0,67.68,78.1,37.58,18.44,42.8,44.27,72.44,31.05,70.94,85.44,27.86,56.89,18.97,39.29,16.12,68.03,26.08,48.7,84.12,40.25,10.77,68.96,82.02,77.67,26.08,62.64,53.85,40.5,74.32,12.17,37.95,81.61,66.12,66.48,64.9,58.55,38.05,57.27,77.2,12.17,83.24,0.0,37.85,58.69,26.0,65.07,52.15,55.54,38.28
48,42.11,45.35,65.46,16.4,24.02,31.38,48.01,42.72,33.42,33.3,28.23,61.29,35.0,17.46,59.03,64.63,32.45,55.07,32.57,2.24,21.84,54.74,59.17,12.04,46.62,26.02,48.51,60.44,45.4,45.79,26.93,34.71,67.36,30.02,60.41,39.2,4.12,49.41,29.27,33.12,32.76,57.8,6.08,45.88,47.63,50.01,48.17,37.85,0.0,57.31,13.15,39.81,21.19,45.54,13.93
49,32.02,39.46,13.89,72.67,78.77,34.01,29.07,92.76,25.0,72.06,29.41,28.02,80.43,69.26,18.79,39.56,32.02,2.24,40.11,56.08,56.44,19.42,83.24,55.97,77.88,80.65,64.85,13.6,92.01,99.82,36.35,91.53,23.77,27.29,23.26,47.3,53.34,57.87,78.52,87.21,50.09,1.0,63.06,16.16,103.08,63.57,66.48,58.69,57.31,0.0,50.29,37.64,46.1,14.76,43.57
50,43.08,48.37,60.53,28.64,28.64,19.8,48.08,55.79,25.3,26.83,24.08,49.68,48.04,18.97,56.04,65.79,21.26,48.08,19.7,14.0,11.31,52.15,49.68,22.8,58.24,30.46,36.77,56.14,58.55,58.14,15.62,45.61,56.64,24.08,58.31,26.08,12.17,56.64,42.43,45.69,39.7,50.6,16.12,42.0,59.36,37.95,57.45,26.0,13.15,50.29,0.0,42.54,26.91,41.05,13.6
51,5.83,5.83,37.01,49.25,63.64,41.88,11.4,60.75,31.78,69.35,23.02,59.21,47.43,57.01,26.87,25.02,40.82,36.14,48.6,37.66,53.54,22.67,90.79,31.02,40.82,65.62,75.01,31.4,58.26,70.21,39.82,66.71,59.21,26.42,25.81,58.6,36.14,21.02,47.85,58.87,14.21,38.6,45.54,21.59,74.85,75.17,28.86,65.07,39.81,37.64,42.54,0.0,19.03,23.35,29.07
52,22.36,24.33,50.48,30.59,44.72,34.23,28.64,46.69,28.64,52.8,18.97,59.67,34.41,38.63,42.05,44.05,34.06,44.05,39.29,18.97,38.21,37.58,76.58,12.17,36.06,46.69,62.77,44.94,46.04,54.41,30.59,48.7,62.77,22.8,42.38,48.7,17.89,29.73,32.56,42.19,12.81,46.86,26.68,31.24,58.31,63.53,31.38,52.15,21.19,46.1,26.91,19.03,0.0,31.83,13.89
53,18.03,26.02,19.92,59.94,68.45,29.55,16.76,78.49,18.03,65.76,17.46,37.11,65.95,59.54,15.52,31.89,27.73,13.0,36.67,44.01,49.37,12.53,81.39,42.44,63.16,70.41,63.63,15.13,77.47,86.05,30.08,78.77,36.01,17.0,18.79,45.79,41.44,44.1,64.38,73.6,35.34,15.65,51.55,2.24,89.63,62.97,52.17,55.54,45.54,14.76,41.05,23.35,31.83,0.0,31.62
54,30.08,34.89,51.55,29.21,37.22,22.2,35.51,52.35,20.62,40.31,14.32,50.57,42.06,29.07,45.4,52.89,22.56,41.34,26.17,12.53,24.84,41.19,62.97,14.87,48.26,39.2,48.88,46.57,53.49,57.49,18.03,48.01,55.47,16.4,47.04,35.17,9.85,43.42,38.01,44.69,26.63,44.1,19.92,32.02,60.11,49.65,45.19,38.28,13.93,43.57,13.6,29.07,13.89,31.62,0.0
