set K:= 1	2	3	4	5	6;
set C_H:= 1	2	3	4	5	6	7	8	9	10	11	12	13	14	15;
set C_S:= 16	17	18	19	20	21	22	23	24	25	26	27	28	29;
set C_F:= 30	31	32	33	34	35	36	37	38	39	40	41	42	43;
set M:= 44	45;
set L_B:= 46	47	48	49	50	51;
set A1:=
(0,*) 1 2 3 4 5 6 7 8 9 10 11 12 13 14 15 30 31 32 33 34 35 36 37 38 39 40 41 42 43 44 45 46 47 48 49 50 51
(1,*) 0 2 3 4 5 6 7 8 9 10 11 12 13 14 15 30 31 32 33 34 35 36 37 38 39 40 41 42 43 44 45 46 47 48 49 50 51
(2,*) 0 1 3 4 5 6 7 8 9 10 11 12 13 14 15 30 31 32 33 34 35 36 37 38 39 40 41 42 43 44 45 46 47 48 49 50 51
(3,*) 0 1 2 4 5 6 7 8 9 10 11 12 13 14 15 30 31 32 33 34 35 36 37 38 39 40 41 42 43 44 45 46 47 48 49 50 51
(4,*) 0 1 2 3 5 6 7 8 9 10 11 12 13 14 15 30 31 32 33 34 35 36 37 38 39 40 41 42 43 44 45 46 47 48 49 50 51
(5,*) 0 1 2 3 4 6 7 8 9 10 11 12 13 14 15 30 31 32 33 34 35 36 37 38 39 40 41 42 43 44 45 46 47 48 49 50 51
(6,*) 0 1 2 3 4 5 7 8 9 10 11 12 13 14 15 30 31 32 33 34 35 36 37 38 39 40 41 42 43 44 45 46 47 48 49 50 51
(7,*) 0 1 2 3 4 5 6 8 9 10 11 12 13 14 15 30 31 32 33 34 35 36 37 38 39 40 41 42 43 44 45 46 47 48 49 50 51
(8,*) 0 1 2 3 4 5 6 7 9 10 11 12 13 14 15 30 31 32 33 34 35 36 37 38 39 40 41 42 43 44 45 46 47 48 49 50 51
(9,*) 0 1 2 3 4 5 6 7 8 10 11 12 13 14 15 30 31 32 33 34 35 36 37 38 39 40 41 42 43 44 45 46 47 48 49 50 51
(10,*) 0 1 2 3 4 5 6 7 8 9 11 12 13 14 15 30 31 32 33 34 35 36 37 38 39 40 41 42 43 44 45 46 47 48 49 50 51
(11,*) 0 1 2 3 4 5 6 7 8 9 10 12 13 14 15 30 31 32 33 34 35 36 37 38 39 40 41 42 43 44 45 46 47 48 49 50 51
(12,*) 0 1 2 3 4 5 6 7 8 9 10 11 13 14 15 30 31 32 33 34 35 36 37 38 39 40 41 42 43 44 45 46 47 48 49 50 51
(13,*) 0 1 2 3 4 5 6 7 8 9 10 11 12 14 15 30 31 32 33 34 35 36 37 38 39 40 41 42 43 44 45 46 47 48 49 50 51
(14,*) 0 1 2 3 4 5 6 7 8 9 10 11 12 13 15 30 31 32 33 34 35 36 37 38 39 40 41 42 43 44 45 46 47 48 49 50 51
(15,*) 0 1 2 3 4 5 6 7 8 9 10 11 12 13 14 30 31 32 33 34 35 36 37 38 39 40 41 42 43 44 45 46 47 48 49 50 51
(30,*) 0 1 2 3 4 5 6 7 8 9 10 11 12 13 14 15 31 32 33 34 35 36 37 38 39 40 41 42 43 44 45 46 47 48 49 50 51
(31,*) 0 1 2 3 4 5 6 7 8 9 10 11 12 13 14 15 30 32 33 34 35 36 37 38 39 40 41 42 43 44 45 46 47 48 49 50 51
(32,*) 0 1 2 3 4 5 6 7 8 9 10 11 12 13 14 15 30 31 33 34 35 36 37 38 39 40 41 42 43 44 45 46 47 48 49 50 51
(33,*) 0 1 2 3 4 5 6 7 8 9 10 11 12 13 14 15 30 31 32 34 35 36 37 38 39 40 41 42 43 44 45 46 47 48 49 50 51
(34,*) 0 1 2 3 4 5 6 7 8 9 10 11 12 13 14 15 30 31 32 33 35 36 37 38 39 40 41 42 43 44 45 46 47 48 49 50 51
(35,*) 0 1 2 3 4 5 6 7 8 9 10 11 12 13 14 15 30 31 32 33 34 36 37 38 39 40 41 42 43 44 45 46 47 48 49 50 51
(36,*) 0 1 2 3 4 5 6 7 8 9 10 11 12 13 14 15 30 31 32 33 34 35 37 38 39 40 41 42 43 44 45 46 47 48 49 50 51
(37,*) 0 1 2 3 4 5 6 7 8 9 10 11 12 13 14 15 30 31 32 33 34 35 36 38 39 40 41 42 43 44 45 46 47 48 49 50 51
(38,*) 0 1 2 3 4 5 6 7 8 9 10 11 12 13 14 15 30 31 32 33 34 35 36 37 39 40 41 42 43 44 45 46 47 48 49 50 51
(39,*) 0 1 2 3 4 5 6 7 8 9 10 11 12 13 14 15 30 31 32 33 34 35 36 37 38 40 41 42 43 44 45 46 47 48 49 50 51
(40,*) 0 1 2 3 4 5 6 7 8 9 10 11 12 13 14 15 30 31 32 33 34 35 36 37 38 39 41 42 43 44 45 46 47 48 49 50 51
(41,*) 0 1 2 3 4 5 6 7 8 9 10 11 12 13 14 15 30 31 32 33 34 35 36 37 38 39 40 42 43 44 45 46 47 48 49 50 51
(42,*) 0 1 2 3 4 5 6 7 8 9 10 11 12 13 14 15 30 31 32 33 34 35 36 37 38 39 40 41 43 44 45 46 47 48 49 50 51
(43,*) 0 1 2 3 4 5 6 7 8 9 10 11 12 13 14 15 30 31 32 33 34 35 36 37 38 39 40 41 42 44 45 46 47 48 49 50 51
(44,*) 0 1 2 3 4 5 6 7 8 9 10 11 12 13 14 15 30 31 32 33 34 35 36 37 38 39 40 41 42 43 46 47 48 49 50 51
(45,*) 0 1 2 3 4 5 6 7 8 9 10 11 12 13 14 15 30 31 32 33 34 35 36 37 38 39 40 41 42 43 46 47 48 49 50 51
(46,*) 0 1 2 3 4 5 6 7 8 9 10 11 12 13 14 15 30 31 32 33 34 35 36 37 38 39 40 41 42 43 44 45 47 48 49 50 51
(47,*) 0 1 2 3 4 5 6 7 8 9 10 11 12 13 14 15 30 31 32 33 34 35 36 37 38 39 40 41 42 43 44 45 46 48 49 50 51
(48,*) 0 1 2 3 4 5 6 7 8 9 10 11 12 13 14 15 30 31 32 33 34 35 36 37 38 39 40 41 42 43 44 45 46 47 49 50 51
(49,*) 0 1 2 3 4 5 6 7 8 9 10 11 12 13 14 15 30 31 32 33 34 35 36 37 38 39 40 41 42 43 44 45 46 47 48 50 51
(50,*) 0 1 2 3 4 5 6 7 8 9 10 11 12 13 14 15 30 31 32 33 34 35 36 37 38 39 40 41 42 43 44 45 46 47 48 49 51
(51,*) 0 1 2 3 4 5 6 7 8 9 10 11 12 13 14 15 30 31 32 33 34 35 36 37 38 39 40 41 42 43 44 45 46 47 48 49 50
;
set A2:=
(44,*) 45
(45,*) 44
;
param BigM:=99999;
param n:= 6;
param d:=
1	24
2	18
3	14
4	3
5	14
6	8
7	13
8	8
9	18
10	9
11	24
12	24
13	23
14	9
15	18
16	9
17	19
18	9
19	9
20	8
21	18
22	4
23	24
24	13
25	14
26	18
27	4
28	4
29	14
30	8
31	24
32	14
33	13
34	2
35	18
36	3
37	8
38	14
39	13
40	14
41	24
42	8
43	13
;
param Q:=100;
param w:=
[44,*] 45 0.5
[45,*] 44 0.5
;
param V:=
[44,*] 45 92
[45,*] 44 92
;
param e:
	44	45	46	47	48	49	50	51:=
16	0	0	0	0	0	0	1	0	
17	0	0	1	0	0	0	0	0	
18	0	0	1	0	0	0	0	0	
19	0	0	0	0	1	0	0	0	
20	0	0	0	1	0	0	0	0	
21	0	0	0	0	0	1	0	0	
22	0	0	1	0	0	0	0	0	
23	0	0	0	0	1	0	0	0	
24	0	0	1	0	0	0	0	0	
25	0	0	0	1	0	0	0	0	
26	0	0	0	0	1	0	0	0	
27	0	0	0	0	0	0	1	0	
28	0	0	0	0	1	0	0	0	
29	0	0	1	0	0	0	0	0	
30	0	0	0	0	1	0	0	0	
31	0	0	0	0	1	0	0	0	
32	0	0	1	1	1	1	1	1	
33	0	0	1	0	0	0	0	0	
34	0	0	1	0	0	0	0	0	
35	0	0	0	1	0	1	1	1	
36	0	0	1	0	0	0	0	0	
37	0	0	1	1	0	1	1	1	
38	0	0	0	0	1	0	0	0	
39	0	0	0	0	1	0	0	0	
40	0	0	1	0	0	0	0	0	
41	0	0	0	0	1	0	0	0	
42	0	0	1	1	1	1	1	1	
43	0	0	0	1	0	0	1	1	
;
param p:=
1	3
2	3
3	3
4	3
5	3
6	3
;
param G:=
44	92
45	90
46	98
47	87
48	98
49	76
50	100
51	78
;
param s:=
0	0
1	10
2	10
3	10
4	10
5	10
6	10
7	10
8	10
9	10
10	10
11	10
12	10
13	10
14	10
15	10
30	10
31	10
32	10
33	10
34	10
35	10
36	10
37	10
38	10
39	10
40	10
41	10
42	10
43	10
44	10
45	10
46	10
47	10
48	10
49	10
50	10
51	10
;
param t:
	0	1	2	3	4	5	6	7	8	9	10	11	12	13	14	15	16	17	18	19	20	21	22	23	24	25	26	27	28	29	30	31	32	33	34	35	36	37	38	39	40	41	42	43	44	45	46	47	48	49	50	51:=
0	0.0	21.02	32.2	14.87	40.11	58.01	34.41	67.27	99.09	29.41	30.08	34.41	60.8	9.43	78.43	59.46	33.24	20.62	53.25	30.27	64.2	41.76	22.8	39.2	45.12	29.61	36.12	44.05	31.78	84.48	88.53	88.26	29.15	80.26	69.29	56.85	42.15	49.82	26.91	51.0	89.27	73.82	37.16	56.4	96.83	21.54	34.71	47.42	26.63	34.13	51.11	40.71
1	21.02	0.0	20.62	33.84	19.42	62.3	29.02	46.57	87.13	41.73	12.04	50.22	52.2	27.51	88.51	40.82	24.19	26.4	68.01	51.24	66.94	21.95	39.82	26.93	54.64	33.54	15.52	23.02	11.66	90.14	75.0	84.48	26.68	72.8	79.88	47.43	54.49	51.42	45.19	34.66	75.6	80.62	35.51	42.44	87.32	41.98	37.7	44.01	16.03	30.15	45.28	37.05
2	32.2	20.62	0.0	38.08	21.26	46.32	10.82	51.22	67.8	36.14	11.4	46.87	31.62	32.89	75.69	30.02	4.47	21.02	61.33	57.97	49.66	34.01	40.01	7.07	43.83	22.36	18.87	27.66	26.48	73.82	56.57	64.12	12.53	52.2	67.94	26.93	46.52	34.48	46.01	19.65	57.28	65.46	18.6	24.21	67.08	47.3	24.21	24.74	5.66	12.81	25.0	18.38
3	14.87	33.84	38.08	0.0	51.48	49.48	35.85	80.36	100.26	18.11	40.05	20.12	61.07	6.32	65.73	67.74	37.34	18.87	38.95	19.92	56.32	55.54	8.54	44.27	34.01	25.5	47.52	56.29	45.31	74.03	91.27	83.73	30.02	78.64	56.52	58.01	29.43	43.83	12.04	57.72	92.11	63.0	35.38	60.93	96.18	9.22	30.0	45.28	33.38	34.67	50.25	39.7
4	40.11	19.42	21.26	51.48	0.0	67.42	32.02	30.53	75.03	55.01	12.08	65.0	46.17	45.28	96.94	23.35	25.61	38.91	81.12	70.01	70.33	15.0	56.04	22.85	64.66	42.8	4.0	6.4	13.45	94.67	61.74	80.62	33.3	66.01	89.11	41.19	66.57	55.47	61.85	21.59	62.17	86.61	39.82	31.4	77.67	60.21	45.28	44.72	21.63	34.06	43.32	39.12
5	58.01	62.3	46.32	49.48	67.42	0.0	35.51	96.26	67.68	31.62	57.31	36.62	36.14	50.36	31.38	66.85	41.88	38.21	34.01	62.27	7.21	80.13	42.72	45.34	17.8	29.43	65.19	73.82	71.59	27.86	65.01	38.29	35.85	41.48	25.96	37.7	25.5	12.04	45.18	55.61	66.01	19.21	27.78	50.12	58.87	54.23	24.74	24.21	47.85	33.62	28.65	28.43
6	34.41	29.02	10.82	35.85	32.02	35.51	0.0	61.62	65.07	29.0	21.93	40.0	26.4	32.02	65.05	36.88	6.4	17.0	52.5	55.46	39.0	44.72	35.44	11.7	34.0	14.04	29.68	38.42	36.69	63.06	55.47	55.9	5.83	46.07	57.49	22.63	37.64	23.71	41.23	25.32	56.3	54.64	7.81	25.71	62.43	44.72	14.32	15.0	13.15	2.24	17.09	8.06
7	67.27	46.57	51.22	80.36	30.53	96.26	61.62	0.0	86.01	85.48	42.54	95.27	68.88	74.04	126.62	34.48	55.32	69.35	111.65	97.49	98.23	26.02	85.8	50.93	95.0	73.24	34.0	24.6	35.51	122.61	72.0	102.53	63.6	85.73	119.1	64.41	97.1	84.22	91.42	42.54	72.01	115.43	69.35	51.48	92.54	88.53	75.43	72.47	52.15	63.78	69.63	67.9
8	99.09	87.13	67.8	100.26	75.03	67.68	65.07	86.01	0.0	88.32	75.29	97.95	39.2	97.0	93.01	54.13	65.95	81.57	101.24	119.04	62.65	89.19	97.91	60.8	82.28	75.21	76.56	78.45	87.73	76.79	14.04	38.33	70.77	26.31	91.35	42.45	89.69	62.77	102.93	53.71	14.0	78.0	65.0	44.78	12.53	108.6	71.56	55.76	73.41	65.86	50.22	60.61
9	29.41	41.73	36.14	18.11	55.01	31.62	29.0	85.48	88.32	0.0	42.94	11.0	49.66	20.4	49.04	65.49	33.38	16.12	26.4	31.89	38.63	63.25	11.18	40.2	16.03	15.03	51.48	60.9	53.15	56.0	81.15	67.42	24.19	64.66	39.92	47.76	13.04	27.66	14.87	54.15	82.08	45.04	24.74	54.33	82.62	22.83	17.09	32.65	33.62	27.02	38.48	29.12
10	30.08	12.04	11.4	40.05	12.08	57.31	21.93	42.54	75.29	42.94	0.0	52.92	41.59	34.0	85.91	29.55	15.81	26.83	69.12	59.14	60.93	22.83	44.15	16.12	53.08	31.14	8.6	18.03	15.13	84.97	63.01	75.01	22.02	62.17	77.83	36.67	54.64	45.62	50.01	22.63	63.6	76.32	29.53	30.53	75.96	49.0	34.06	36.14	9.9	23.71	36.12	29.73
11	34.41	50.22	46.87	20.12	65.0	36.62	40.0	95.27	97.95	11.0	52.92	0.0	59.81	25.0	46.39	76.42	44.28	26.25	18.87	26.0	43.83	72.11	11.66	51.16	18.87	26.02	61.33	70.68	61.85	57.07	91.42	74.33	35.13	73.5	37.22	58.24	11.7	35.81	10.0	65.12	92.36	45.89	35.51	65.28	91.53	20.0	27.66	42.72	43.97	38.01	48.7	39.81
12	60.8	52.2	31.62	61.07	46.17	36.14	26.4	68.88	39.2	49.66	41.59	59.81	0.0	57.98	66.85	35.23	28.64	42.45	66.19	79.88	34.44	61.13	58.83	25.5	46.27	36.06	46.0	51.62	56.22	57.01	31.62	34.53	31.89	20.62	62.1	5.0	52.95	27.0	64.01	26.57	32.57	52.77	25.81	17.49	36.06	69.4	32.65	17.09	36.77	26.91	11.18	21.4
13	9.43	27.51	32.89	6.32	45.28	50.36	32.02	74.04	97.0	20.4	34.0	25.0	57.98	0.0	69.26	62.17	32.65	15.62	43.83	25.32	56.89	49.24	13.45	39.4	36.35	23.71	41.3	50.01	39.0	76.11	87.42	82.76	26.25	76.4	60.08	54.56	32.89	43.32	18.03	52.5	88.23	65.28	32.8	56.36	93.61	15.0	28.64	43.01	27.89	31.14	47.51	36.88
14	78.43	88.51	75.69	65.73	96.94	31.38	65.05	126.62	93.01	49.04	85.91	46.39	66.85	69.26	0.0	98.18	71.42	62.27	30.27	70.11	32.57	108.41	57.27	75.82	34.0	55.22	94.26	103.32	99.05	19.72	93.21	56.72	63.89	67.19	9.22	68.88	36.4	43.01	56.32	86.84	94.2	15.03	57.28	81.49	82.15	66.27	51.86	55.47	76.06	62.94	60.03	58.9
15	59.46	40.82	30.02	67.74	23.35	66.85	36.88	34.48	54.13	65.49	29.55	76.42	35.23	62.17	98.18	0.0	32.14	51.0	89.29	87.48	67.36	35.78	70.03	25.32	70.23	50.8	26.25	25.06	36.8	91.22	40.26	68.15	41.3	51.24	91.79	31.24	74.46	55.23	76.03	11.7	40.52	85.43	43.32	17.8	59.0	76.94	50.96	42.72	34.37	39.05	38.42	40.31
16	33.24	24.19	4.47	37.34	25.61	41.88	6.4	55.32	65.95	33.38	15.81	44.28	28.64	32.65	71.42	32.14	0.0	19.24	57.94	57.25	45.19	38.48	38.33	7.07	39.96	18.97	23.32	32.02	30.81	69.35	55.32	60.3	9.22	49.04	63.78	24.19	43.08	30.02	44.28	21.02	56.08	61.03	14.21	23.71	64.5	46.49	20.25	20.4	8.25	8.49	21.1	13.93
17	20.62	26.4	21.02	18.87	38.91	38.21	17.0	69.35	81.57	16.12	26.83	26.25	42.45	15.62	62.27	51.0	19.24	0.0	42.44	38.48	44.0	47.42	19.1	26.31	28.3	9.06	35.36	44.78	37.48	65.51	72.4	67.78	11.18	60.8	53.54	39.2	28.32	29.27	25.08	40.2	73.25	55.36	17.2	42.38	77.99	27.73	14.14	27.46	17.72	15.81	31.89	21.26
18	53.25	68.01	61.33	38.95	81.12	34.01	52.5	111.65	101.24	26.4	69.12	18.87	66.19	43.83	30.27	89.29	57.94	42.44	0.0	40.0	40.31	89.64	30.53	64.2	20.0	39.0	77.7	87.13	79.51	45.18	97.16	71.56	48.85	75.27	21.84	66.0	14.87	39.32	27.86	77.62	98.15	34.67	46.1	75.66	92.85	37.36	38.33	50.01	59.54	50.29	56.0	49.65
19	30.27	51.24	57.97	19.92	70.01	62.27	55.46	97.49	119.04	31.89	59.14	26.0	79.88	25.32	70.11	87.48	57.25	38.48	40.0	0.0	69.46	71.81	21.26	64.2	44.72	43.83	66.01	74.24	61.98	82.71	110.64	99.2	49.66	96.26	61.29	77.18	37.7	59.55	17.2	77.62	111.51	71.57	54.08	80.78	114.11	10.77	47.63	63.41	53.15	54.12	68.82	58.52
20	64.2	66.94	49.66	56.32	70.33	7.21	39.0	98.23	62.65	38.63	60.93	43.83	34.44	56.89	32.57	67.36	45.19	44.0	40.31	69.46	0.0	83.67	49.77	47.71	25.0	35.01	68.43	76.66	75.61	24.41	61.2	31.4	40.26	36.35	29.02	36.89	32.65	15.52	52.35	56.57	62.2	18.36	31.62	50.0	53.16	61.33	30.07	25.81	51.87	37.34	29.0	31.3
21	41.76	21.95	34.01	55.54	15.0	80.13	44.72	26.02	89.19	63.25	22.83	72.11	61.13	49.24	108.41	35.78	38.48	47.42	89.64	71.81	83.67	0.0	61.77	37.11	75.07	53.26	15.52	10.77	10.3	107.78	75.61	95.52	44.65	81.01	100.12	56.14	75.74	68.43	67.08	36.35	75.96	99.13	52.35	46.27	92.4	63.25	56.61	58.52	32.45	46.53	57.72	52.39
22	22.8	39.82	40.01	8.54	56.04	42.72	35.44	85.8	97.91	11.18	44.15	11.66	58.83	13.45	57.27	70.03	38.33	19.1	30.53	21.26	49.77	61.77	0.0	45.4	26.31	22.83	52.2	61.35	51.48	66.19	89.89	78.49	29.83	75.01	48.05	56.36	21.1	38.6	6.0	59.3	90.79	55.08	33.12	61.13	92.85	11.66	26.4	42.2	36.12	33.84	47.71	37.59
23	39.2	26.93	7.07	44.27	22.85	45.34	11.7	50.93	60.8	40.2	16.12	51.16	25.5	39.4	75.82	25.32	7.07	26.31	64.2	64.2	47.71	37.11	45.4	0.0	45.62	25.5	21.59	29.07	31.0	72.11	49.5	59.01	16.03	46.1	68.6	20.62	49.34	33.3	51.35	14.0	50.21	64.54	18.87	17.2	60.42	53.45	26.0	21.95	12.73	13.93	20.62	16.97
24	45.12	54.64	43.83	34.01	64.66	17.8	34.0	95.0	82.28	16.03	53.08	18.87	46.27	36.35	34.0	70.23	39.96	28.3	20.0	44.72	25.0	75.07	26.31	45.62	0.0	21.93	61.62	70.94	65.44	40.01	77.47	55.87	31.4	56.8	25.24	46.0	7.81	19.65	27.86	58.52	78.45	29.02	26.93	55.9	74.71	37.36	19.72	30.02	43.19	31.76	36.0	30.08
25	29.61	33.54	22.36	25.5	42.8	29.43	14.04	73.24	75.21	15.03	31.14	26.02	36.06	23.71	55.22	50.8	18.97	9.06	39.0	43.83	35.01	53.26	22.83	25.5	21.93	0.0	39.7	49.04	43.83	57.01	67.08	59.09	9.85	53.15	46.86	33.54	24.17	20.22	28.23	39.32	67.98	47.17	10.3	39.32	70.71	33.42	5.1	19.8	21.26	12.0	25.0	14.76
26	36.12	15.52	18.87	47.52	4.0	65.19	29.68	34.0	76.56	51.48	8.6	61.33	46.0	41.3	94.26	26.25	23.32	35.36	77.7	66.01	68.43	15.52	52.2	21.59	61.62	39.7	0.0	9.43	11.18	92.66	63.53	80.22	30.41	66.19	86.28	41.0	63.25	53.34	57.97	22.85	64.01	84.31	37.44	32.28	78.59	56.22	42.45	43.08	18.44	31.62	42.2	37.12
27	44.05	23.02	27.66	56.29	6.4	73.82	38.42	24.6	78.45	60.9	18.03	70.68	51.62	50.01	103.32	25.06	32.02	44.78	87.13	74.24	76.66	10.77	61.35	29.07	70.94	49.04	9.43	0.0	13.93	101.02	64.85	86.15	39.62	71.06	95.46	46.69	72.67	61.85	67.05	26.02	65.19	93.01	46.23	36.01	81.88	64.78	51.62	51.0	27.8	40.46	49.4	45.49
28	31.78	11.66	26.48	45.31	13.45	71.59	36.69	35.51	87.73	53.15	15.13	61.85	56.22	39.0	99.05	36.8	30.81	37.48	79.51	61.98	75.61	10.3	51.48	31.0	65.44	43.83	11.18	13.93	0.0	99.4	74.71	90.01	35.78	76.66	90.6	51.24	65.76	60.17	56.8	34.01	75.18	90.35	44.01	43.32	89.56	53.16	47.51	51.2	23.77	38.28	51.24	44.64
29	84.48	90.14	73.82	74.03	94.67	27.86	63.06	122.61	76.79	56.0	84.97	57.07	57.01	76.11	19.72	91.22	69.35	65.51	45.18	82.71	24.41	107.78	66.19	72.11	40.01	57.01	92.66	101.02	99.4	0.0	79.06	39.01	63.69	52.2	24.21	60.21	45.54	39.36	66.91	80.72	80.01	11.18	55.46	73.59	65.19	76.79	52.5	50.22	75.64	61.27	53.15	55.57
30	88.53	75.0	56.57	91.27	61.74	65.01	55.47	72.0	14.04	81.15	63.01	91.42	31.62	87.42	93.21	40.26	55.32	72.4	97.16	110.64	61.2	75.61	89.89	49.5	77.47	67.08	63.53	64.85	74.71	79.06	0.0	43.27	61.29	26.93	90.2	33.54	84.4	57.87	95.27	40.82	1.0	78.26	56.8	32.65	22.36	99.98	64.08	48.7	62.23	56.6	42.72	52.33
31	88.26	84.48	64.12	83.73	80.62	38.29	55.9	102.53	38.33	67.42	75.01	74.33	34.53	82.76	56.72	68.15	60.3	67.78	71.56	99.2	31.4	95.52	78.49	59.01	55.87	59.09	80.22	86.15	90.01	39.01	43.27	0.0	59.91	17.8	56.92	39.46	63.66	39.96	82.01	60.88	44.1	42.2	51.24	51.24	26.31	90.14	54.13	41.23	68.47	55.32	39.2	48.27
32	29.15	26.68	12.53	30.02	33.3	35.85	5.83	63.6	70.77	24.19	22.02	35.13	31.89	26.25	63.89	41.3	9.22	11.18	48.85	49.66	40.26	44.65	29.83	16.03	31.4	9.85	30.41	39.62	35.78	63.69	61.29	59.91	0.0	51.11	55.87	28.32	34.01	24.74	35.69	30.02	62.13	54.59	9.0	31.32	67.8	38.91	12.04	18.68	12.21	5.0	21.95	11.7
33	80.26	72.8	52.2	78.64	66.01	41.48	46.07	85.73	26.31	64.66	62.17	73.5	20.62	76.4	67.19	51.24	49.04	60.8	75.27	96.26	36.35	81.01	75.01	46.1	56.8	53.15	66.19	71.06	76.66	52.2	26.93	17.8	51.11	0.0	65.12	25.5	64.41	37.74	79.51	45.18	27.86	52.15	43.6	35.23	18.03	86.27	48.8	33.42	57.25	46.14	29.15	39.66
34	69.29	79.88	67.94	56.52	89.11	25.96	57.49	119.1	91.35	39.92	77.83	37.22	62.1	60.08	9.22	91.79	63.78	53.54	21.84	61.29	29.02	100.12	48.05	68.6	25.24	46.86	86.28	95.46	90.6	24.21	90.2	56.92	55.87	65.12	0.0	63.57	27.2	36.67	47.17	80.26	91.2	15.26	49.82	75.64	81.22	57.14	43.84	49.19	67.94	55.32	54.23	51.87
35	56.85	47.43	26.93	58.01	41.19	37.7	22.63	64.41	42.45	47.76	36.67	58.24	5.0	54.56	68.88	31.24	24.19	39.2	66.0	77.18	36.89	56.14	56.36	20.62	46.0	33.54	41.0	46.69	51.24	60.21	33.54	39.46	28.32	25.5	63.57	0.0	52.24	27.46	61.74	21.93	34.44	55.23	23.26	13.45	40.31	66.57	30.68	16.03	32.2	23.43	10.0	18.79
36	42.15	54.49	46.52	29.43	66.57	25.5	37.64	97.1	89.69	13.04	54.64	11.7	52.95	32.89	36.4	74.46	43.08	28.32	14.87	37.7	32.65	75.74	21.1	49.34	7.81	24.17	63.25	72.67	65.76	45.54	84.4	63.66	34.01	64.41	27.2	52.24	0.0	26.93	21.38	62.82	85.38	34.37	31.4	61.2	82.37	31.26	23.54	36.22	44.94	35.44	42.3	35.13
37	49.82	51.42	34.48	43.83	55.47	12.04	23.71	84.22	62.77	27.66	45.62	35.81	27.0	43.32	43.01	55.23	30.02	29.27	39.32	59.55	15.52	68.43	38.6	33.3	19.65	20.22	53.34	61.85	60.17	39.36	57.87	39.96	24.74	37.74	36.67	27.46	26.93	0.0	42.45	43.83	58.86	31.24	16.16	39.0	55.76	50.22	15.13	12.53	36.4	21.93	17.72	16.4
38	26.91	45.19	46.01	12.04	61.85	45.18	41.23	91.42	102.93	14.87	50.01	10.0	64.01	18.03	56.32	76.03	44.28	25.08	27.86	17.2	52.35	67.08	6.0	51.35	27.86	28.23	57.97	67.05	56.8	66.91	95.27	82.01	35.69	79.51	47.17	61.74	21.38	42.45	0.0	65.28	96.18	55.73	38.48	66.94	97.45	10.0	31.38	47.17	42.11	39.56	52.84	42.95
39	51.0	34.66	19.65	57.72	21.59	55.61	25.32	42.54	53.71	54.15	22.63	65.12	26.57	52.5	86.84	11.7	21.02	40.2	77.62	77.62	56.57	36.35	59.3	14.0	58.52	39.32	22.85	26.02	34.01	80.72	40.82	60.88	30.02	45.18	80.26	21.93	62.82	43.83	65.28	0.0	41.34	74.41	31.62	10.0	56.09	66.94	39.29	31.4	24.7	27.46	27.59	28.64
40	89.27	75.6	57.28	92.11	62.17	66.01	56.3	72.01	14.0	82.08	63.6	92.36	32.57	88.23	94.2	40.52	56.08	73.25	98.15	111.51	62.2	75.96	90.79	50.21	78.45	67.98	64.01	65.19	75.18	80.01	1.0	44.1	62.13	27.86	91.2	34.44	85.38	58.86	96.18	41.34	0.0	79.25	57.7	33.3	22.83	100.85	65.0	49.65	62.94	57.45	43.66	53.23
41	73.82	80.62	65.46	63.0	86.61	19.21	54.64	115.43	78.0	45.04	76.32	45.89	52.77	65.28	15.03	85.43	61.03	55.36	34.67	71.57	18.36	99.13	55.08	64.54	29.02	47.17	84.31	93.01	90.35	11.18	78.26	42.2	54.59	52.15	15.26	55.23	34.37	31.24	55.73	74.41	79.25	0.0	46.87	68.24	67.27	65.62	42.95	43.14	66.73	52.7	47.01	47.63
42	37.16	35.51	18.6	35.38	39.82	27.78	7.81	69.35	65.0	24.74	29.53	35.51	25.81	32.8	57.28	43.32	14.21	17.2	46.1	54.08	31.62	52.35	33.12	18.87	26.93	10.3	37.44	46.23	44.01	55.46	56.8	51.24	9.0	43.6	49.82	23.26	31.4	16.16	38.48	31.62	57.7	46.87	0.0	30.0	60.88	43.6	8.0	10.3	20.25	5.83	14.87	4.47
43	56.4	42.44	24.21	60.93	31.4	50.12	25.71	51.48	44.78	54.33	30.53	65.28	17.49	56.36	81.49	17.8	23.71	42.38	75.66	80.78	50.0	46.27	61.13	17.2	55.9	39.32	32.28	36.01	43.32	73.59	32.65	51.24	31.32	35.23	75.64	13.45	61.2	39.0	66.94	10.0	33.3	68.24	30.0	0.0	46.32	70.01	38.0	26.57	29.83	27.46	21.47	26.08
44	96.83	87.32	67.08	96.18	77.67	58.87	62.43	92.54	12.53	82.62	75.96	91.53	36.06	93.61	82.15	59.0	64.5	77.99	92.85	114.11	53.16	92.4	92.85	60.42	74.71	70.71	78.59	81.88	89.56	65.19	22.36	26.31	67.8	18.03	81.22	40.31	82.37	55.76	97.45	56.09	22.83	67.27	60.88	46.32	0.0	104.0	66.53	50.91	72.47	62.8	46.1	56.73
45	21.54	41.98	47.3	9.22	60.21	54.23	44.72	88.53	108.6	22.83	49.0	20.0	69.4	15.0	66.27	76.94	46.49	27.73	37.36	10.77	61.33	63.25	11.66	53.45	37.36	33.42	56.22	64.78	53.16	76.79	99.98	90.14	38.91	86.27	57.14	66.57	31.26	50.22	10.0	66.94	100.85	65.62	43.6	70.01	104.0	0.0	37.48	53.15	42.58	43.42	58.41	48.01
46	34.71	37.7	24.21	30.0	45.28	24.74	14.32	75.43	71.56	17.09	34.06	27.66	32.65	28.64	51.86	50.96	20.25	14.14	38.33	47.63	30.07	56.61	26.4	26.0	19.72	5.1	42.45	51.62	47.51	52.5	64.08	54.13	12.04	48.8	43.84	30.68	23.54	15.13	31.38	39.29	65.0	42.95	8.0	38.0	66.53	37.48	0.0	15.81	24.21	12.08	21.47	12.17
47	47.42	44.01	24.74	45.28	44.72	24.21	15.0	72.47	55.76	32.65	36.14	42.72	17.09	43.01	55.47	42.72	20.4	27.46	50.01	63.41	25.81	58.52	42.2	21.95	30.02	19.8	43.08	51.0	51.2	50.22	48.7	41.23	18.68	33.42	49.19	16.03	36.22	12.53	47.17	31.4	49.65	43.14	10.3	26.57	50.91	53.15	15.81	0.0	28.07	14.14	6.08	7.07
48	26.63	16.03	5.66	33.38	21.63	47.85	13.15	52.15	73.41	33.62	9.9	43.97	36.77	27.89	76.06	34.37	8.25	17.72	59.54	53.15	51.87	32.45	36.12	12.73	43.19	21.26	18.44	27.8	23.77	75.64	62.23	68.47	12.21	57.25	67.94	32.2	44.94	36.4	42.11	24.7	62.94	66.73	20.25	29.83	72.47	42.58	24.21	28.07	0.0	14.56	29.27	21.21
49	34.13	30.15	12.81	34.67	34.06	33.62	2.24	63.78	65.86	27.02	23.71	38.01	26.91	31.14	62.94	39.05	8.49	15.81	50.29	54.12	37.34	46.53	33.84	13.93	31.76	12.0	31.62	40.46	38.28	61.27	56.6	55.32	5.0	46.14	55.32	23.43	35.44	21.93	39.56	27.46	57.45	52.7	5.83	27.46	62.8	43.42	12.08	14.14	14.56	0.0	17.0	7.07
50	51.11	45.28	25.0	50.25	43.32	28.65	17.09	69.63	50.22	38.48	36.12	48.7	11.18	47.51	60.03	38.42	21.1	31.89	56.0	68.82	29.0	57.72	47.71	20.62	36.0	25.0	42.2	49.4	51.24	53.15	42.72	39.2	21.95	29.15	54.23	10.0	42.3	17.72	52.84	27.59	43.66	47.01	14.87	21.47	46.1	58.41	21.47	6.08	29.27	17.0	0.0	10.63
51	40.71	37.05	18.38	39.7	39.12	28.43	8.06	67.9	60.61	29.12	29.73	39.81	21.4	36.88	58.9	40.31	13.93	21.26	49.65	58.52	31.3	52.39	37.59	16.97	30.08	14.76	37.12	45.49	44.64	55.57	52.33	48.27	11.7	39.66	51.87	18.79	35.13	16.4	42.95	28.64	53.23	47.63	4.47	26.08	56.73	48.01	12.17	7.07	21.21	7.07	10.63	0.0
;
