vehicles
vehicle_idx, capacity, cost_per_unit_distance
1,100,1
2,100,1
3,100,1
4,100,1
5,100,1
6,100,1
7,100,1
depot
node_idx,x,y
0,75,55
home delivery customers
node_idx,x,y,service_time,demand
1,81,53,10,18
2,77,63,10,10
3,77,39,10,1
4,91,41,10,20
5,87,43,10,12
6,59,41,10,3
7,97,61,10,2
8,93,45,10,13
9,61,69,10,4
10,91,35,10,24
11,73,81,10,19
12,59,37,10,2
13,95,31,10,10
14,83,23,10,15
15,59,31,10,12
self pickup customers
node_idx,x,y,service_time,demand,locker_idxs
16,27,97,10,20,49
17,7,75,10,12,49-52-46
18,67,1,10,23,51-48-47
19,21,5,10,20,47
20,35,53,10,7,52
21,77,1,10,26,51-48-53
22,51,95,10,9,46-50-49
23,49,25,10,22,51-47
24,17,81,10,10,49
25,23,65,10,23,52-49
26,7,51,10,19,52-49
27,21,93,10,13,49
28,9,51,10,13,52-49-47
29,11,27,10,18,47-52
30,9,91,10,7,49-52
flexible customers
node_idx,x,y,service_time,demand,locker_idxs
31,37,51,10,7,52-47-49
32,23,3,10,21,47-51-52
33,27,31,10,24,47
34,27,53,10,3,52-49-47
35,33,87,10,6,49
36,37,13,10,15,47-51
37,17,45,10,22,52-47
38,41,61,10,12,52-49
39,51,25,10,1,51
40,29,81,10,6,49
41,47,29,10,17,47-51-52
42,81,25,10,20,51
43,3,89,10,13,49-52
44,3,1,10,9,47-52
45,43,21,10,20,47-51
lockers
node_idx,x,y,service_time,capacity,cost_per_unit_good
46,65,88,10,72
47,25,15,10,95
48,93,12,10,100
49,22,88,10,98
50,77,88,10,71
51,72,14,10,84
52,24.500000000000004,53.75,10,91
53,83.9090909090909,51.0,10,72
mrt lines
start_node_idx,end_node_idx,freight_capacity,cost_per_unit_good
46,47,87,1
47,46,87,1
distance matrix
,0,1,2,3,4,5,6,7,8,9,10,11,12,13,14,15,16,17,18,19,20,21,22,23,24,25,26,27,28,29,30,31,32,33,34,35,36,37,38,39,40,41,42,43,44,45,46,47,48,49,50,51,52,53,
0,0.0,6.32,8.25,16.12,21.26,16.97,21.26,22.8,20.59,19.8,25.61,26.08,24.08,31.24,32.98,28.84,63.78,70.88,54.59,73.59,40.05,54.04,46.65,39.7,63.56,52.95,68.12,66.03,66.12,69.86,75.18,38.21,73.54,53.67,48.04,52.8,56.64,58.86,34.53,38.42,52.84,38.21,30.59,79.62,90.0,46.69,34.48,64.03,46.62,62.43,33.06,41.11,50.52,9.77
1,6.32,0.0,10.77,14.56,15.62,11.66,25.06,17.89,14.42,25.61,20.59,29.12,27.2,26.08,30.07,31.11,69.66,77.2,53.85,76.84,46.0,52.15,51.61,42.52,69.86,59.23,74.03,72.11,72.03,74.67,81.41,44.05,76.58,58.31,54.0,58.82,59.46,64.5,40.79,41.04,59.06,41.62,28.0,85.91,93.74,49.68,38.48,67.68,42.72,68.6,35.23,40.02,56.5,3.53
2,8.25,10.77,0.0,24.0,26.08,22.36,28.43,20.1,24.08,17.09,31.3,18.44,31.62,36.72,40.45,36.72,60.46,71.02,62.8,80.62,43.17,62.0,41.23,47.2,62.64,54.04,71.02,63.53,69.05,75.18,73.54,41.76,80.72,59.36,50.99,50.12,64.03,62.64,36.06,46.04,51.26,45.34,38.21,78.43,96.54,54.04,27.73,70.77,53.45,60.42,25.0,49.25,53.31,13.85
3,16.12,14.56,24.0,0.0,14.14,10.77,18.11,29.73,17.09,34.0,14.56,42.19,18.11,19.7,17.09,19.7,76.58,78.71,39.29,65.51,44.27,38.0,61.74,31.3,73.24,59.93,71.02,77.79,69.05,67.08,85.6,41.76,64.9,50.64,51.92,65.12,47.71,60.3,42.19,29.53,63.78,31.62,14.56,89.31,83.19,38.47,50.45,57.27,31.38,73.66,49.0,25.5,54.53,13.85
4,21.26,15.62,26.08,14.14,0.0,4.47,32.0,20.88,4.47,41.04,6.0,43.86,32.25,10.77,19.7,33.53,85.04,90.62,46.65,78.71,57.27,42.38,67.2,44.94,84.12,72.11,84.59,87.2,82.61,81.22,96.04,54.92,77.9,64.78,65.12,74.03,60.83,74.11,53.85,43.08,73.78,45.61,18.87,100.24,96.66,52.0,53.71,70.94,29.07,83.49,49.04,33.02,67.71,12.26
5,16.97,11.66,22.36,10.77,4.47,0.0,28.07,20.59,6.32,36.77,8.94,40.5,28.64,14.42,20.4,30.46,80.72,86.16,46.52,76.16,52.95,43.17,63.25,42.05,79.65,67.68,80.4,82.8,78.41,77.67,91.59,50.64,75.47,61.19,60.83,69.66,58.31,70.03,49.4,40.25,69.34,42.38,18.97,95.77,93.91,49.19,50.09,68.03,31.58,79.06,46.1,32.65,63.42,8.58
6,21.26,25.06,28.43,18.11,32.0,28.07,0.0,42.94,34.23,28.07,32.56,42.38,4.0,37.36,30.0,10.0,64.5,62.13,40.79,52.35,26.83,43.86,54.59,18.87,58.0,43.27,52.95,64.4,50.99,50.0,70.71,24.17,52.35,33.53,34.18,52.84,35.61,42.19,26.91,17.89,50.0,16.97,27.2,73.76,68.82,25.61,47.38,42.8,44.69,59.82,50.33,29.97,36.78,26.84
7,22.8,17.89,20.1,29.73,20.88,20.59,42.94,0.0,16.49,36.88,26.68,31.24,44.94,30.07,40.5,48.41,78.71,91.08,67.08,94.4,62.51,63.25,57.2,60.0,82.46,74.11,90.55,82.46,88.57,92.48,92.97,60.83,94.02,76.16,70.46,69.08,76.84,81.58,56.0,58.41,70.88,59.36,39.4,98.08,111.52,67.2,41.87,85.44,49.16,79.71,33.6,53.24,72.86,16.47
8,20.59,14.42,24.08,17.09,4.47,6.32,34.23,16.49,0.0,40.0,10.2,41.18,34.93,14.14,24.17,36.77,84.02,91.08,51.11,82.37,58.55,46.82,65.3,48.33,84.1,72.8,86.21,86.53,84.21,83.95,95.77,56.32,81.63,67.47,66.48,73.24,64.5,76.0,54.41,46.52,73.43,48.7,23.32,100.18,100.18,55.46,51.31,74.32,33.0,83.01,45.88,37.44,69.06,10.89
9,19.8,25.61,17.09,34.0,41.04,36.77,28.07,36.88,40.0,0.0,45.34,16.97,32.06,50.99,50.99,38.05,44.05,54.33,68.26,75.47,30.53,69.86,27.86,45.61,45.61,38.21,56.92,46.65,55.03,65.3,56.46,30.0,76.16,50.99,37.58,33.29,60.93,50.12,21.54,45.12,34.18,42.38,48.33,61.35,89.38,51.26,19.42,64.9,65.37,43.38,24.84,56.09,39.56,29.13
10,25.61,20.59,31.3,14.56,6.0,8.94,32.56,26.68,10.2,45.34,0.0,49.4,32.06,5.66,14.42,32.25,89.11,93.04,41.62,76.16,58.82,36.77,72.11,43.17,87.13,74.32,85.51,90.91,83.55,80.4,99.3,56.32,75.15,64.12,66.48,77.9,58.31,74.67,56.36,41.23,77.2,44.41,14.14,103.25,94.34,50.0,59.03,68.96,23.09,87.01,54.82,28.32,69.09,17.5
11,26.08,29.12,18.44,42.19,43.86,40.5,42.38,31.24,41.18,16.97,49.4,0.0,46.17,54.63,58.86,51.92,48.7,66.27,80.22,92.09,47.2,80.1,26.08,60.93,56.0,52.5,72.5,53.37,70.68,82.22,64.78,46.86,92.65,67.94,53.85,40.45,76.94,66.57,37.74,60.17,44.0,58.14,56.57,70.46,106.3,67.08,10.63,81.61,71.84,51.48,8.06,67.01,55.63,31.92
12,24.08,27.2,31.62,18.11,32.25,28.64,4.0,44.94,34.93,32.06,32.06,46.17,0.0,36.5,27.78,6.0,68.0,64.4,36.88,49.68,28.84,40.25,58.55,15.62,60.83,45.61,53.85,67.68,51.92,49.03,73.59,26.08,49.52,32.56,35.78,56.36,32.56,42.76,30.0,14.42,53.25,14.42,25.06,76.42,66.57,22.63,51.35,40.5,42.2,63.01,54.08,26.42,38.35,28.57
13,31.24,26.08,36.72,19.7,10.77,14.42,37.36,30.07,14.14,50.99,5.66,54.63,36.5,0.0,14.42,36.0,94.76,98.39,41.04,78.43,63.91,34.99,77.67,46.39,92.65,79.62,90.24,96.54,88.29,84.1,104.86,61.35,77.25,68.0,71.47,83.55,60.73,79.25,61.77,44.41,82.8,48.04,15.23,108.76,96.77,52.95,64.41,71.81,19.1,92.62,59.77,28.6,74.08,22.87
14,32.98,30.07,40.45,17.09,19.7,20.4,30.0,40.5,24.17,50.99,14.42,58.86,27.78,14.42,0.0,25.3,92.8,92.09,27.2,64.56,56.6,22.8,78.79,34.06,87.86,73.24,80.99,93.51,79.12,72.11,100.5,53.85,63.25,56.57,63.53,81.22,47.07,69.57,56.64,32.06,79.25,36.5,2.83,103.71,82.97,40.05,67.45,58.55,14.87,89.14,65.28,14.21,66.09,28.01
15,28.84,31.11,36.72,19.7,33.53,30.46,10.0,48.41,36.77,38.05,32.25,51.92,6.0,36.0,25.3,0.0,73.35,68.12,31.05,46.04,32.56,34.99,64.5,11.66,65.3,49.52,55.71,72.72,53.85,48.17,78.1,29.73,45.61,32.0,38.83,61.74,28.43,44.27,34.99,10.0,58.31,12.17,22.8,80.62,63.53,18.87,57.31,37.58,38.95,67.96,59.77,21.4,41.33,31.94
16,63.78,69.66,60.46,76.58,85.04,80.72,64.5,78.71,84.02,44.05,89.11,48.7,68.0,94.76,92.8,73.35,0.0,29.73,104.0,92.2,44.72,108.24,24.08,75.29,18.87,32.25,50.16,7.21,49.4,71.81,18.97,47.07,94.09,66.0,44.0,11.66,84.59,52.95,38.63,75.89,16.12,70.88,90.0,25.3,98.95,77.67,39.05,82.02,107.62,10.3,50.8,94.41,43.32,73.18
17,70.88,77.2,71.02,78.71,90.62,86.16,62.13,91.08,91.08,54.33,93.04,66.27,64.4,98.39,92.09,68.12,29.73,0.0,95.27,71.39,35.61,101.86,48.33,65.3,11.66,18.87,24.0,22.8,24.08,48.17,16.12,38.42,73.76,48.33,29.73,28.64,68.88,31.62,36.77,66.6,22.8,60.96,89.31,14.56,74.11,64.9,59.44,62.64,106.61,19.85,71.2,89.14,27.53,80.57
18,54.59,53.85,62.8,39.29,46.65,46.52,40.79,67.08,51.11,68.26,41.62,80.22,36.88,41.04,27.2,31.05,104.0,95.27,0.0,46.17,61.06,10.0,95.35,30.0,94.34,77.67,78.1,102.86,76.58,61.74,107.07,58.31,44.05,50.0,65.6,92.48,32.31,66.6,65.39,28.84,88.57,34.41,27.78,108.81,64.0,31.24,87.02,44.27,28.23,97.95,87.57,13.93,67.74,52.78
19,73.59,76.84,80.62,65.51,78.71,76.16,52.35,94.4,82.37,75.47,76.16,92.09,49.68,78.43,64.56,46.04,92.2,71.39,46.17,0.0,50.0,56.14,94.87,34.41,76.11,60.03,48.08,88.0,47.54,24.17,86.83,48.7,2.83,26.68,48.37,82.87,17.89,40.2,59.46,36.06,76.42,35.38,63.25,85.91,18.44,27.2,93.94,10.77,72.34,83.01,100.12,51.79,48.88,77.93
20,40.05,46.0,43.17,44.27,57.27,52.95,26.83,62.51,58.55,30.53,58.82,47.2,28.84,63.91,56.6,32.56,44.72,35.61,61.06,50.0,0.0,66.84,44.94,31.3,33.29,16.97,28.07,42.38,26.08,35.38,46.04,2.83,51.42,23.41,8.0,34.06,40.05,19.7,10.0,32.25,28.64,26.83,53.85,48.17,61.06,32.98,46.1,39.29,71.03,37.34,54.67,53.76,10.53,48.95
21,54.04,52.15,62.0,38.0,42.38,43.17,43.86,63.25,46.82,69.86,36.77,80.1,40.25,34.99,22.8,34.99,108.24,101.86,10.0,56.14,66.84,0.0,97.53,36.88,100.0,83.74,86.02,107.7,84.4,70.94,112.8,64.03,54.04,58.31,72.14,96.6,41.76,74.4,69.97,35.38,93.3,41.04,24.33,114.98,74.0,39.45,87.82,53.85,19.42,102.93,87.0,13.93,74.42,50.48
22,46.65,51.61,41.23,61.74,67.2,63.25,54.59,57.2,65.3,27.86,72.11,26.08,58.55,77.67,78.79,64.5,24.08,48.33,95.35,94.87,44.94,97.53,0.0,70.03,36.77,41.04,62.23,30.07,60.83,78.89,42.19,46.17,96.17,68.35,48.37,19.7,83.19,60.46,35.44,70.0,26.08,66.12,76.16,48.37,105.55,74.43,15.65,84.12,93.02,29.83,26.93,83.68,49.03,54.95
23,39.7,42.52,47.2,31.3,44.94,42.05,18.87,60.0,48.33,45.61,43.17,60.93,15.62,46.39,34.06,11.66,75.29,65.3,30.0,34.41,31.3,36.88,70.03,0.0,64.5,47.71,49.4,73.54,47.71,38.05,77.18,28.64,34.06,22.8,35.61,64.03,16.97,37.74,36.88,2.0,59.46,4.47,32.0,78.82,51.88,7.21,65.0,26.0,45.88,68.54,68.94,25.5,37.77,43.53
24,63.56,69.86,62.64,73.24,84.12,79.65,58.0,82.46,84.1,45.61,87.13,56.0,60.83,92.65,87.86,65.3,18.87,11.66,94.34,76.11,33.29,100.0,36.77,64.5,0.0,17.09,31.62,12.65,31.05,54.33,12.81,36.06,78.23,50.99,29.73,17.09,70.88,36.0,31.24,65.51,12.0,60.03,85.04,16.12,81.22,65.39,48.51,66.48,102.65,8.6,60.41,86.68,28.26,73.33
25,52.95,59.23,54.04,59.93,72.11,67.68,43.27,74.11,72.8,38.21,74.32,52.5,45.61,79.62,73.24,49.52,32.25,18.87,77.67,60.03,16.97,83.74,41.04,47.71,17.09,0.0,21.26,28.07,19.8,39.85,29.53,19.8,62.0,34.23,12.65,24.17,53.85,20.88,18.44,48.83,17.09,43.27,70.46,31.24,67.05,48.33,47.89,50.04,87.8,23.02,58.69,70.72,11.35,62.5
26,68.12,74.03,71.02,71.02,84.59,80.4,52.95,90.55,86.21,56.92,85.51,72.5,53.85,90.24,80.99,55.71,50.16,24.0,78.1,48.08,28.07,86.02,62.23,49.4,31.62,21.26,0.0,44.27,2.0,24.33,40.05,30.0,50.6,28.28,20.1,44.41,48.41,11.66,35.44,51.11,37.2,45.65,78.43,38.21,50.16,46.86,68.8,40.25,94.43,39.92,79.18,74.79,17.71,76.91
27,66.03,72.11,63.53,77.79,87.2,82.8,64.4,82.46,86.53,46.65,90.91,53.37,67.68,96.54,93.51,72.72,7.21,22.8,102.86,88.0,42.38,107.7,30.07,73.54,12.65,28.07,44.27,0.0,43.68,66.75,12.17,44.94,90.02,62.29,40.45,13.42,81.58,48.17,37.74,74.32,14.42,69.08,90.69,18.44,93.74,75.29,44.28,78.1,108.37,5.1,56.22,94.03,39.41,75.64
28,66.12,72.03,69.05,69.05,82.61,78.41,50.99,88.57,84.21,55.03,83.55,70.68,51.92,88.29,79.12,53.85,49.4,24.08,76.58,47.54,26.08,84.4,60.83,47.71,31.05,19.8,2.0,43.68,0.0,24.08,40.0,28.0,50.0,26.91,18.11,43.27,47.2,10.0,33.53,49.4,36.06,43.91,76.55,38.47,50.36,45.34,67.12,39.4,92.61,39.22,77.41,73.06,15.74,74.91
29,69.86,74.67,75.18,67.08,81.22,77.67,50.0,92.48,83.95,65.3,80.4,82.22,49.03,84.1,72.11,48.17,71.81,48.17,61.74,24.17,35.38,70.94,78.89,38.05,54.33,39.85,24.33,66.75,24.08,0.0,64.03,35.38,26.83,16.49,30.53,63.91,29.53,18.97,45.34,40.05,56.92,36.06,70.03,62.51,27.2,32.56,81.47,18.44,83.36,61.98,89.87,62.37,29.96,76.76
30,75.18,81.41,73.54,85.6,96.04,91.59,70.71,92.97,95.77,56.46,99.3,64.78,73.59,104.86,100.5,78.1,18.97,16.12,107.07,86.83,46.04,112.8,42.19,77.18,12.81,29.53,40.05,12.17,40.0,64.03,0.0,48.83,89.11,62.64,42.05,24.33,82.87,46.69,43.86,78.23,22.36,72.72,97.67,6.32,90.2,77.82,56.08,77.67,115.31,13.34,68.07,99.49,40.35,84.92
31,38.21,44.05,41.76,41.76,54.92,50.64,24.17,60.83,56.32,30.0,56.32,46.86,26.08,61.35,53.85,29.73,47.07,38.42,58.31,48.7,2.83,64.03,46.17,28.64,36.06,19.8,30.0,44.94,28.0,35.38,48.83,0.0,50.0,22.36,10.2,36.22,38.0,20.88,10.77,29.53,31.05,24.17,51.11,50.99,60.46,30.59,46.4,37.95,68.24,39.92,54.49,50.93,12.8,46.91
32,73.54,76.58,80.72,64.9,77.9,75.47,52.35,94.02,81.63,76.16,75.15,92.65,49.52,77.25,63.25,45.61,94.09,73.76,44.05,2.83,51.42,54.04,96.17,34.06,78.23,62.0,50.6,90.02,50.0,26.83,89.11,50.0,0.0,28.28,50.16,84.59,17.2,42.43,60.73,35.61,78.23,35.38,62.03,88.29,20.1,26.91,94.81,12.17,70.58,85.01,100.7,50.22,50.77,77.55
33,53.67,58.31,59.36,50.64,64.78,61.19,33.53,76.16,67.47,50.99,64.12,67.94,32.56,68.0,56.57,32.0,66.0,48.33,50.0,26.68,23.41,58.31,68.35,22.8,50.99,34.23,28.28,62.29,26.91,16.49,62.64,22.36,28.28,0.0,22.0,56.32,20.59,17.2,33.11,24.74,50.04,20.1,54.33,62.77,38.42,18.87,68.51,16.12,68.68,57.22,75.82,48.1,22.89,60.32
34,48.04,54.0,50.99,51.92,65.12,60.83,34.18,70.46,66.48,37.58,66.48,53.85,35.78,71.47,63.53,38.83,44.0,29.73,65.6,48.37,8.0,72.14,48.37,35.61,29.73,12.65,20.1,40.45,18.11,30.53,42.05,10.2,50.16,22.0,0.0,34.53,41.23,12.81,16.12,36.88,28.07,31.24,60.83,43.27,57.27,35.78,51.66,38.05,77.7,35.36,61.03,59.55,2.61,56.94
35,52.8,58.82,50.12,65.12,74.03,69.66,52.84,69.08,73.24,33.29,77.9,40.45,56.36,83.55,81.22,61.74,11.66,28.64,92.48,82.87,34.06,96.6,19.7,64.03,17.09,24.17,44.41,13.42,43.27,63.91,24.33,36.22,84.59,56.32,34.53,0.0,74.11,44.94,27.2,64.56,7.21,59.67,78.41,30.07,91.08,66.75,32.02,72.44,96.05,11.05,44.01,82.76,34.32,62.35
36,56.64,59.46,64.03,47.71,60.83,58.31,35.61,76.84,64.5,60.93,58.31,76.94,32.56,60.73,47.07,28.43,84.59,68.88,32.31,17.89,40.05,41.76,83.19,16.97,70.88,53.85,48.41,81.58,47.2,29.53,82.87,38.0,17.2,20.59,41.23,74.11,0.0,37.74,48.17,18.44,68.47,18.87,45.61,83.26,36.06,10.0,80.06,12.17,56.01,76.49,85.0,35.01,42.62,60.37
37,58.86,64.5,62.64,60.3,74.11,70.03,42.19,81.58,76.0,50.12,74.67,66.57,42.76,79.25,69.57,44.27,52.95,31.62,66.6,40.2,19.7,74.4,60.46,37.74,36.0,20.88,11.66,48.17,10.0,18.97,46.69,20.88,42.43,17.2,12.81,44.94,37.74,0.0,28.84,39.45,37.95,34.0,67.05,46.17,46.17,35.38,64.44,31.05,82.86,43.29,73.82,63.13,11.52,67.18
38,34.53,40.79,36.06,42.19,53.85,49.4,26.91,56.0,54.41,21.54,56.36,37.74,30.0,61.77,56.64,34.99,38.63,36.77,65.39,59.46,10.0,69.97,35.44,36.88,31.24,18.44,35.44,37.74,33.53,45.34,43.86,10.77,60.73,33.11,16.12,27.2,48.17,28.84,0.0,37.36,23.32,32.56,53.81,47.2,71.02,40.05,36.12,48.7,71.45,33.02,45.0,56.3,18.02,44.06
39,38.42,41.04,46.04,29.53,43.08,40.25,17.89,58.41,46.52,45.12,41.23,60.17,14.42,44.41,32.06,10.0,75.89,66.6,28.84,36.06,32.25,35.38,70.0,2.0,65.51,48.83,51.11,74.32,49.4,40.05,78.23,29.53,35.61,24.74,36.88,64.56,18.44,39.45,37.36,0.0,60.17,5.66,30.0,80.0,53.67,8.94,64.54,27.86,43.97,69.35,68.15,23.71,39.1,41.94
40,52.84,59.06,51.26,63.78,73.78,69.34,50.0,70.88,73.43,34.18,77.2,44.0,53.25,82.8,79.25,58.31,16.12,22.8,88.57,76.42,28.64,93.3,26.08,59.46,12.0,17.09,37.2,14.42,36.06,56.92,22.36,31.05,78.23,50.04,28.07,7.21,68.47,37.95,23.32,60.17,0.0,55.03,76.42,27.2,84.12,61.61,36.67,66.12,94.11,9.9,48.51,79.61,27.62,62.57
41,38.21,41.62,45.34,31.62,45.61,42.38,16.97,59.36,48.7,42.38,44.41,58.14,14.42,48.04,36.5,12.17,70.88,60.96,34.41,35.38,26.83,41.04,66.12,4.47,60.03,43.27,45.65,69.08,43.91,36.06,72.72,24.17,35.38,20.1,31.24,59.67,18.87,34.0,32.56,5.66,55.03,0.0,34.23,74.4,52.15,8.94,61.68,26.08,49.04,64.08,66.19,29.15,33.45,42.97
42,30.59,28.0,38.21,14.56,18.87,18.97,27.2,39.4,23.32,48.33,14.14,56.57,25.06,15.23,2.83,22.8,90.0,89.31,27.78,63.25,53.85,24.33,76.16,32.0,85.04,70.46,78.43,90.69,76.55,70.03,97.67,51.11,62.03,54.33,60.83,78.41,45.61,67.05,53.81,30.0,76.42,34.23,0.0,100.9,81.61,38.21,65.0,56.89,17.69,86.31,63.13,14.21,63.39,26.16
43,79.62,85.91,78.43,89.31,100.24,95.77,73.76,98.08,100.18,61.35,103.25,70.46,76.42,108.76,103.71,80.62,25.3,14.56,108.81,85.91,48.17,114.98,48.37,78.82,16.12,31.24,38.21,18.44,38.47,62.51,6.32,50.99,88.29,62.77,43.27,30.07,83.26,46.17,47.2,80.0,27.2,74.4,100.9,0.0,88.0,78.89,62.01,77.2,118.44,19.03,74.01,101.91,41.29,89.39
44,90.0,93.74,96.54,83.19,96.66,93.91,68.82,111.52,100.18,89.38,94.34,106.3,66.57,96.77,82.97,63.53,98.95,74.11,64.0,18.44,61.06,74.0,105.55,51.88,81.22,67.05,50.16,93.74,50.36,27.2,90.2,60.46,20.1,38.42,57.27,91.08,36.06,46.17,71.02,53.67,84.12,52.15,81.61,88.0,0.0,44.72,106.83,26.08,90.67,89.05,114.21,70.21,56.96,95.11
45,46.69,49.68,54.04,38.47,52.0,49.19,25.61,67.2,55.46,51.26,50.0,67.08,22.63,52.95,40.05,18.87,77.67,64.9,31.24,27.2,32.98,39.45,74.43,7.21,65.39,48.33,46.86,75.29,45.34,32.56,77.82,30.59,26.91,18.87,35.78,66.75,10.0,35.38,40.05,8.94,61.61,8.94,38.21,78.89,44.72,0.0,70.52,18.97,50.8,70.21,75.13,29.83,37.61,50.73
46,34.48,38.48,27.73,50.45,53.71,50.09,47.38,41.87,51.31,19.42,59.03,10.63,51.35,64.41,67.45,57.31,39.05,59.44,87.02,93.94,46.1,87.82,15.65,65.0,48.51,47.89,68.8,44.28,67.12,81.47,56.08,46.4,94.81,68.51,51.66,32.02,80.06,64.44,36.12,64.54,36.67,61.68,65.0,62.01,106.83,70.52,0.0,83.24,80.99,43.0,12.0,74.33,53.04,41.55
47,64.03,67.68,70.77,57.27,70.94,68.03,42.8,85.44,74.32,64.9,68.96,81.61,40.5,71.81,58.55,37.58,82.02,62.64,44.27,10.77,39.29,53.85,84.12,26.0,66.48,50.04,40.25,78.1,39.4,18.44,77.67,37.95,12.17,16.12,38.05,72.44,12.17,31.05,48.7,27.86,66.12,26.08,56.89,77.2,26.08,18.97,83.24,0.0,68.07,73.06,89.63,47.01,38.75,69.04
48,46.62,42.72,53.45,31.38,29.07,31.58,44.69,49.16,33.0,65.37,23.09,71.84,42.2,19.1,14.87,38.95,107.62,106.61,28.23,72.34,71.03,19.42,93.02,45.88,102.65,87.8,94.43,108.37,92.61,83.36,115.31,68.24,70.58,68.68,77.7,96.05,56.01,82.86,71.45,43.97,94.11,49.04,17.69,118.44,90.67,50.8,80.99,68.07,0.0,104.0,77.67,21.1,80.22,40.05
49,62.43,68.6,60.42,73.66,83.49,79.06,59.82,79.71,83.01,43.38,87.01,51.48,63.01,92.62,89.14,67.96,10.3,19.85,97.95,83.01,37.34,102.93,29.83,68.54,8.6,23.02,39.92,5.1,39.22,61.98,13.34,39.92,85.01,57.22,35.36,11.05,76.49,43.29,33.02,69.35,9.9,64.08,86.31,19.03,89.05,70.21,43.0,73.06,104.0,0.0,55.0,89.31,34.34,72.12
50,33.06,35.23,25.0,49.0,49.04,46.1,50.33,33.6,45.88,24.84,54.82,8.06,54.08,59.77,65.28,59.77,50.8,71.2,87.57,100.12,54.67,87.0,26.93,68.94,60.41,58.69,79.18,56.22,77.41,89.87,68.07,54.49,100.7,75.82,61.03,44.01,85.0,73.82,45.0,68.15,48.51,66.19,63.13,74.01,114.21,75.13,12.0,89.63,77.67,55.0,0.0,74.17,62.68,37.64
51,41.11,40.02,49.25,25.5,33.02,32.65,29.97,53.24,37.44,56.09,28.32,67.01,26.42,28.6,14.21,21.4,94.41,89.14,13.93,51.79,53.76,13.93,83.68,25.5,86.68,70.72,74.79,94.03,73.06,62.37,99.49,50.93,50.22,48.1,59.55,82.76,35.01,63.13,56.3,23.71,79.61,29.15,14.21,101.91,70.21,29.83,74.33,47.01,21.1,89.31,74.17,0.0,61.94,38.87
52,50.52,56.5,53.31,54.53,67.71,63.42,36.78,72.86,69.06,39.56,69.09,55.63,38.35,74.08,66.09,41.33,43.32,27.53,67.74,48.88,10.53,74.42,49.03,37.77,28.26,11.35,17.71,39.41,15.74,29.96,40.35,12.8,50.77,22.89,2.61,34.32,42.62,11.52,18.02,39.1,27.62,33.45,63.39,41.29,56.96,37.61,53.04,38.75,80.22,34.34,62.68,61.94,0.0,59.47
53,9.77,3.53,13.85,13.85,12.26,8.58,26.84,16.47,10.89,29.13,17.5,31.92,28.57,22.87,28.01,31.94,73.18,80.57,52.78,77.93,48.95,50.48,54.95,43.53,73.33,62.5,76.91,75.64,74.91,76.76,84.92,46.91,77.55,60.32,56.94,62.35,60.37,67.18,44.06,41.94,62.57,42.97,26.16,89.39,95.11,50.73,41.55,69.04,40.05,72.12,37.64,38.87,59.47,0.0
