vehicles
vehicle_idx, capacity, cost_per_unit_distance
1,100,3
2,100,3
3,100,3
4,100,3
5,100,3
6,100,3
7,100,3
depot
node_idx,x,y
0,75,55
home delivery customers
node_idx,x,y,service_time,demand
1,93,45,10,13
2,43,21,10,20
3,27,31,10,24
4,87,43,10,12
5,9,51,10,13
6,73,81,10,19
7,49,25,10,22
8,21,5,10,20
9,91,35,10,24
10,27,97,10,20
11,27,53,10,3
12,9,91,10,7
13,3,89,10,13
14,33,87,10,6
15,23,3,10,21
self pickup customers
node_idx,x,y,service_time,demand,locker_idxs
16,51,25,10,1,56-49
17,59,37,10,2,55-49
18,37,51,10,7,54-56-52-49
19,95,31,10,10,51-53-55-46-48
20,3,1,10,9,50-49
21,41,61,10,12,50-47
22,51,95,10,9,56-48
23,7,51,10,19,50-47
24,17,81,10,10,55-47-48
25,21,93,10,13,52-47
26,11,27,10,18,50-49-47
27,67,1,10,23,50-46
28,77,39,10,1,51-55-46
29,47,29,10,17,54-49
30,91,41,10,20,51-46
flexible customers
node_idx,x,y,service_time,demand,locker_idxs
31,7,75,10,12,54-47
32,77,1,10,26,54-46
33,81,25,10,20,51-55-53-46
34,35,53,10,7,50-52-56-54-47
35,77,63,10,10,54-48
36,37,13,10,15,52-49
37,23,65,10,23,50-52-47-48
38,29,81,10,6,50-47-48
39,81,53,10,18,55-53-54-48
40,61,69,10,4,54-48-47
41,83,23,10,15,51-55-53-46
42,59,31,10,12,56-54-55-53-49
43,59,41,10,3,52-56-54-53-49-46
44,17,45,10,22,50-52-56-49
45,97,61,10,2,51-48-46
lockers
node_idx,x,y,service_time,capacity,cost_per_unit_good
46,93,12,10,81
47,22,88,10,75
48,65,88,10,76
49,25,15,10,90
50,29,47,10,70
51,101,34,10,91
52,37,51,10,81
53,80,30,10,73
54,60,46,10,88
55,86,35,10,91
56,44,47,10,81
mrt lines
start_node_idx,end_node_idx,freight_capacity,cost_per_unit_good
46,47,81,0.5
47,46,81,0.5
48,49,90,0.5
49,48,90,0.5
distance matrix
,0,1,2,3,4,5,6,7,8,9,10,11,12,13,14,15,16,17,18,19,20,21,22,23,24,25,26,27,28,29,30,31,32,33,34,35,36,37,38,39,40,41,42,43,44,45,46,47,48,49,50,51,52,53,54,55,56,
0,0.0,20.59,46.69,53.67,16.97,66.12,26.08,39.7,73.59,25.61,63.78,48.04,75.18,79.62,52.8,73.54,38.42,24.08,38.21,31.24,90.0,34.53,46.65,68.12,63.56,66.03,69.86,54.59,16.12,38.21,21.26,70.88,54.04,30.59,40.05,8.25,56.64,52.95,52.84,6.32,19.8,32.98,28.84,21.26,58.86,22.8,46.62,62.43,34.48,64.03,46.69,33.42,38.21,25.5,17.49,22.83,32.02
1,20.59,0.0,55.46,67.47,6.32,84.21,41.18,48.33,82.37,10.2,84.02,66.48,95.77,100.18,73.24,81.63,46.52,34.93,56.32,14.14,100.18,54.41,65.3,86.21,84.1,86.53,83.95,51.11,17.09,48.7,4.47,91.08,46.82,23.32,58.55,24.08,64.5,72.8,73.43,14.42,40.0,24.17,36.77,34.23,76.0,16.49,33.0,83.01,51.31,74.32,64.03,13.6,56.32,19.85,33.02,12.21,49.04
2,46.69,55.46,0.0,18.87,49.19,45.34,67.08,7.21,27.2,50.0,77.67,35.78,77.82,78.89,66.75,26.91,8.94,22.63,30.59,52.95,44.72,40.05,74.43,46.86,65.39,75.29,32.56,31.24,38.47,8.94,52.0,64.9,39.45,38.21,32.98,54.04,10.0,48.33,61.61,49.68,51.26,40.05,18.87,25.61,35.38,67.2,50.8,70.21,70.52,18.97,29.53,59.44,30.59,38.08,30.23,45.22,26.02
3,53.67,67.47,18.87,0.0,61.19,26.91,67.94,22.8,26.68,64.12,66.0,22.0,62.64,62.77,56.32,28.28,24.74,32.56,22.36,68.0,38.42,33.11,68.35,28.28,50.99,62.29,16.49,50.0,50.64,20.1,64.78,48.33,58.31,54.33,23.41,59.36,20.59,34.23,50.04,58.31,50.99,56.57,32.0,33.53,17.2,76.16,68.68,57.22,68.51,16.12,16.12,74.06,22.36,53.01,36.25,59.14,23.35
4,16.97,6.32,49.19,61.19,0.0,78.41,40.5,42.05,76.16,8.94,80.72,60.83,91.59,95.77,69.66,75.47,40.25,28.64,50.64,14.42,93.91,49.4,63.25,80.4,79.65,82.8,77.67,46.52,10.77,42.38,4.47,86.16,43.17,18.97,52.95,22.36,58.31,67.68,69.34,11.66,36.77,20.4,30.46,28.07,70.03,20.59,31.58,79.06,50.09,68.03,58.14,16.64,50.64,14.76,27.17,8.06,43.19
5,66.12,84.21,45.34,26.91,78.41,0.0,70.68,47.71,47.54,83.55,49.4,18.11,40.0,38.47,43.27,50.0,49.4,51.92,28.0,88.29,50.36,33.53,60.83,2.0,31.05,43.68,24.08,76.58,69.05,43.91,82.61,24.08,84.4,76.55,26.08,69.05,47.2,19.8,36.06,72.03,55.03,79.12,53.85,50.99,10.0,88.57,92.61,39.22,67.12,39.4,20.4,93.56,28.0,74.04,51.24,78.64,35.23
6,26.08,41.18,67.08,67.94,40.5,70.68,0.0,60.93,92.09,49.4,48.7,53.85,64.78,70.46,40.45,92.65,60.17,46.17,46.86,54.63,106.3,37.74,26.08,72.5,56.0,53.37,82.22,80.22,42.19,58.14,43.86,66.27,80.1,56.57,47.2,18.44,76.94,52.5,44.0,29.12,16.97,58.86,51.92,42.38,66.57,31.24,71.84,51.48,10.63,81.61,55.61,54.71,46.86,51.48,37.34,47.8,44.69
7,39.7,48.33,7.21,22.8,42.05,47.71,60.93,0.0,34.41,43.17,75.29,35.61,77.18,78.82,64.03,34.06,2.0,15.62,28.64,46.39,51.88,36.88,70.03,49.4,64.5,73.54,38.05,30.0,31.3,4.47,44.94,65.3,36.88,32.0,31.3,47.2,16.97,47.71,59.46,42.52,45.61,34.06,11.66,18.87,37.74,60.0,45.88,68.54,65.0,26.0,29.73,52.77,28.64,31.4,23.71,38.33,22.56
8,73.59,82.37,27.2,26.68,76.16,47.54,92.09,34.41,0.0,76.16,92.2,48.37,86.83,85.91,82.87,2.83,36.06,49.68,48.7,78.43,18.44,59.46,94.87,48.08,76.11,88.0,24.17,46.17,65.51,35.38,78.71,71.39,56.14,63.25,50.0,80.62,17.89,60.03,76.42,76.84,75.47,64.56,46.04,52.35,40.2,94.4,72.34,83.01,93.94,10.77,42.76,85.09,48.7,64.08,56.59,71.59,47.89
9,25.61,10.2,50.0,64.12,8.94,83.55,49.4,43.17,76.16,0.0,89.11,66.48,99.3,103.25,77.9,75.15,41.23,32.06,56.32,5.66,94.34,56.36,72.11,85.51,87.13,90.91,80.4,41.62,14.56,44.41,6.0,93.04,36.77,14.14,58.82,31.3,58.31,74.32,77.2,20.59,45.34,14.42,32.25,32.56,74.67,26.68,23.09,87.01,59.03,68.96,63.15,10.05,56.32,12.08,32.89,5.0,48.51
10,63.78,84.02,77.67,66.0,80.72,49.4,48.7,75.29,92.2,89.11,0.0,44.0,18.97,25.3,11.66,94.09,75.89,68.0,47.07,94.76,98.95,38.63,24.08,50.16,18.87,7.21,71.81,104.0,76.58,70.88,85.04,29.73,108.24,90.0,44.72,60.46,84.59,32.25,16.12,69.66,44.05,92.8,73.35,64.5,52.95,78.71,107.62,10.3,39.05,82.02,50.04,97.19,47.07,85.43,60.75,85.59,52.81
11,48.04,66.48,35.78,22.0,60.83,18.11,53.85,35.61,48.37,66.48,44.0,0.0,42.05,43.27,34.53,50.16,36.88,35.78,10.2,71.47,57.27,16.12,48.37,20.1,29.73,40.45,30.53,65.6,51.92,31.24,65.12,29.73,72.14,60.83,8.0,50.99,41.23,12.65,28.07,54.0,37.58,63.53,38.83,34.18,12.81,70.46,77.7,35.36,51.66,38.05,6.32,76.4,10.2,57.78,33.73,61.68,18.03
12,75.18,95.77,77.82,62.64,91.59,40.0,64.78,77.18,86.83,99.3,18.97,42.05,0.0,6.32,24.33,89.11,78.23,73.59,48.83,104.86,90.2,43.86,42.19,40.05,12.81,12.17,64.03,107.07,85.6,72.72,96.04,16.12,112.8,97.67,46.04,73.54,82.87,29.53,22.36,81.41,56.46,100.5,78.1,70.71,46.69,92.97,115.31,13.34,56.08,77.67,48.33,108.23,48.83,93.61,68.01,95.21,56.22
13,79.62,100.18,78.89,62.77,95.77,38.47,70.46,78.82,85.91,103.25,25.3,43.27,6.32,0.0,30.07,88.29,80.0,76.42,50.99,108.76,88.0,47.2,48.37,38.21,16.12,18.44,62.51,108.81,89.31,74.4,100.24,14.56,114.98,100.9,48.17,78.43,83.26,31.24,27.2,85.91,61.35,103.71,80.62,73.76,46.17,98.08,118.44,19.03,62.01,77.2,49.4,112.38,50.99,97.01,71.4,99.02,58.69
14,52.8,73.24,66.75,56.32,69.66,43.27,40.45,64.03,82.87,77.9,11.66,34.53,24.33,30.07,0.0,84.59,64.56,56.36,36.22,83.55,91.08,27.2,19.7,44.41,17.09,13.42,63.91,92.48,65.12,59.67,74.03,28.64,96.6,78.41,34.06,50.12,74.11,24.17,7.21,58.82,33.29,81.22,61.74,52.84,44.94,69.08,96.05,11.05,32.02,72.44,40.2,86.21,36.22,73.88,49.09,74.25,41.48
15,73.54,81.63,26.91,28.28,75.47,50.0,92.65,34.06,2.83,75.15,94.09,50.16,89.11,88.29,84.59,0.0,35.61,49.52,50.0,77.25,20.1,60.73,96.17,50.6,78.23,90.02,26.83,44.05,64.9,35.38,77.9,73.76,54.04,62.03,51.42,80.72,17.2,62.0,78.23,76.58,76.16,63.25,45.61,52.35,42.43,94.02,70.58,85.01,94.81,12.17,44.41,83.93,50.0,63.07,56.73,70.66,48.75
16,38.42,46.52,8.94,24.74,40.25,49.4,60.17,2.0,36.06,41.23,75.89,36.88,78.23,80.0,64.56,35.61,0.0,14.42,29.53,44.41,53.67,37.36,70.0,51.11,65.51,74.32,40.05,28.84,29.53,5.66,43.08,66.6,35.38,30.0,32.25,46.04,18.44,48.83,60.17,41.04,45.12,32.06,10.0,17.89,39.45,58.41,43.97,69.35,64.54,27.86,31.11,50.8,29.53,29.43,22.85,36.4,23.09
17,24.08,34.93,22.63,32.56,28.64,51.92,46.17,15.62,49.68,32.06,68.0,35.78,73.59,76.42,56.36,49.52,14.42,0.0,26.08,36.5,66.57,30.0,58.55,53.85,60.83,67.68,49.03,36.88,18.11,14.42,32.25,64.4,40.25,25.06,28.84,31.62,32.56,45.61,53.25,27.2,32.06,27.78,6.0,4.0,42.76,44.94,42.2,63.01,51.35,40.5,31.62,42.11,26.08,22.14,9.06,27.07,18.03
18,38.21,56.32,30.59,22.36,50.64,28.0,46.86,28.64,48.7,56.32,47.07,10.2,48.83,50.99,36.22,50.0,29.53,26.08,0.0,61.35,60.46,10.77,46.17,30.0,36.06,44.94,35.38,58.31,41.76,24.17,54.92,38.42,64.03,51.11,2.83,41.76,38.0,19.8,31.05,44.05,30.0,53.85,29.73,24.17,20.88,60.83,68.24,39.92,46.4,37.95,8.94,66.22,0.0,47.85,23.54,51.55,8.06
19,31.24,14.14,52.95,68.0,14.42,88.29,54.63,46.39,78.43,5.66,94.76,71.47,104.86,108.76,83.55,77.25,44.41,36.5,61.35,0.0,96.77,61.77,77.67,90.24,92.65,96.54,84.1,41.04,19.7,48.04,10.77,98.39,34.99,15.23,63.91,36.72,60.73,79.62,82.8,26.08,50.99,14.42,36.0,37.36,79.25,30.07,19.1,92.62,64.41,71.81,67.91,6.71,61.35,15.03,38.08,9.85,53.45
20,90.0,100.18,44.72,38.42,93.91,50.36,106.3,51.88,18.44,94.34,98.95,57.27,90.2,88.0,91.08,20.1,53.67,66.57,60.46,96.77,0.0,71.02,105.55,50.16,81.22,93.74,27.2,64.0,83.19,52.15,96.66,74.11,74.0,81.61,61.06,96.54,36.06,67.05,84.12,93.74,89.38,82.97,63.53,68.82,46.17,111.52,90.67,89.05,106.83,26.08,52.84,103.41,60.46,82.28,72.62,89.69,61.62
21,34.53,54.41,40.05,33.11,49.4,33.53,37.74,36.88,59.46,56.36,38.63,16.12,43.86,47.2,27.2,60.73,37.36,30.0,10.77,61.77,71.02,0.0,35.44,35.44,31.24,37.74,45.34,65.39,42.19,32.56,53.85,36.77,69.97,53.81,10.0,36.06,48.17,18.44,23.32,40.79,21.54,56.64,34.99,26.91,28.84,56.0,71.45,33.02,36.12,48.7,18.44,65.8,10.77,49.82,24.21,51.97,14.32
22,46.65,65.3,74.43,68.35,63.25,60.83,26.08,70.03,94.87,72.11,24.08,48.37,42.19,48.37,19.7,96.17,70.0,58.55,46.17,77.67,105.55,35.44,0.0,62.23,36.77,30.07,78.89,95.35,61.74,66.12,67.2,48.33,97.53,76.16,44.94,41.23,83.19,41.04,26.08,51.61,27.86,78.79,64.5,54.59,60.46,57.2,93.02,29.83,15.65,84.12,52.8,78.87,46.17,71.18,49.82,69.46,48.51
23,68.12,86.21,46.86,28.28,80.4,2.0,72.5,49.4,48.08,85.51,50.16,20.1,40.05,38.21,44.41,50.6,51.11,53.85,30.0,90.24,50.16,35.44,62.23,0.0,31.62,44.27,24.33,78.1,71.02,45.65,84.59,24.0,86.02,78.43,28.07,71.02,48.41,21.26,37.2,74.03,56.92,80.99,55.71,52.95,11.66,90.55,94.43,39.92,68.8,40.25,22.36,95.52,30.0,75.96,53.24,80.6,37.22
24,63.56,84.1,65.39,50.99,79.65,31.05,56.0,64.5,76.11,87.13,18.87,29.73,12.81,16.12,17.09,78.23,65.51,60.83,36.06,92.65,81.22,31.24,36.77,31.62,0.0,12.65,54.33,94.34,73.24,60.03,84.12,11.66,100.0,85.04,33.29,62.64,70.88,17.09,12.0,69.86,45.61,87.86,65.3,58.0,36.0,82.46,102.65,8.6,48.51,66.48,36.06,96.25,36.06,81.06,55.44,82.93,43.42
25,66.03,86.53,75.29,62.29,82.8,43.68,53.37,73.54,88.0,90.91,7.21,40.45,12.17,18.44,13.42,90.02,74.32,67.68,44.94,96.54,93.74,37.74,30.07,44.27,12.65,0.0,66.75,102.86,77.79,69.08,87.2,22.8,107.7,90.69,42.38,63.53,81.58,28.07,14.42,72.11,46.65,93.51,72.72,64.4,48.17,82.46,108.37,5.1,44.28,78.1,46.69,99.4,44.94,86.31,61.07,87.11,51.43
26,69.86,83.95,32.56,16.49,77.67,24.08,82.22,38.05,24.17,80.4,71.81,30.53,64.03,62.51,63.91,26.83,40.05,49.03,35.38,84.1,27.2,45.34,78.89,24.33,54.33,66.75,0.0,61.74,67.08,36.06,81.22,48.17,70.94,70.03,35.38,75.18,29.53,39.85,56.92,74.67,65.3,72.11,48.17,50.0,18.97,92.48,83.36,61.98,81.47,18.44,26.91,90.27,35.38,69.07,52.55,75.43,38.59
27,54.59,51.11,31.24,50.0,46.52,76.58,80.22,30.0,46.17,41.62,104.0,65.6,107.07,108.81,92.48,44.05,28.84,36.88,58.31,41.04,64.0,65.39,95.35,78.1,94.34,102.86,61.74,0.0,39.29,34.41,46.65,95.27,10.0,27.78,61.06,62.8,32.31,77.67,88.57,53.85,68.26,27.2,31.05,40.79,66.6,67.08,28.23,97.95,87.02,44.27,59.67,47.38,58.31,31.78,45.54,38.95,51.43
28,16.12,17.09,38.47,50.64,10.77,69.05,42.19,31.3,65.51,14.56,76.58,51.92,85.6,89.31,65.12,64.9,29.53,18.11,41.76,19.7,83.19,42.19,61.74,71.02,73.24,77.79,67.08,39.29,0.0,31.62,14.14,78.71,38.0,14.56,44.27,24.0,47.71,59.93,63.78,14.56,34.0,17.09,19.7,18.11,60.3,29.73,31.38,73.66,50.45,57.27,48.66,24.52,41.76,9.49,18.38,9.85,33.96
29,38.21,48.7,8.94,20.1,42.38,43.91,58.14,4.47,35.38,44.41,70.88,31.24,72.72,74.4,59.67,35.38,5.66,14.42,24.17,48.04,52.15,32.56,66.12,45.65,60.03,69.08,36.06,34.41,31.62,0.0,45.61,60.96,41.04,34.23,26.83,45.34,18.87,43.27,55.03,41.62,42.38,36.5,12.17,16.97,34.0,59.36,49.04,64.08,61.68,26.08,25.46,54.23,24.17,33.02,21.4,39.46,18.25
30,21.26,4.47,52.0,64.78,4.47,82.61,43.86,44.94,78.71,6.0,85.04,65.12,96.04,100.24,74.03,77.9,43.08,32.25,54.92,10.77,96.66,53.85,67.2,84.59,84.12,87.2,81.22,46.65,14.14,45.61,0.0,90.62,42.38,18.87,57.27,26.08,60.83,72.11,73.78,15.62,41.04,19.7,33.53,32.0,74.11,20.88,29.07,83.49,53.71,70.94,62.29,12.21,54.92,15.56,31.4,7.81,47.38
31,70.88,91.08,64.9,48.33,86.16,24.08,66.27,65.3,71.39,93.04,29.73,29.73,16.12,14.56,28.64,73.76,66.6,64.4,38.42,98.39,74.11,36.77,48.33,24.0,11.66,22.8,48.17,95.27,78.71,60.96,90.62,0.0,101.86,89.31,35.61,71.02,68.88,18.87,22.8,77.2,54.33,92.09,68.12,62.13,31.62,91.08,106.61,19.85,59.44,62.64,35.61,102.55,38.42,85.76,60.42,88.55,46.4
32,54.04,46.82,39.45,58.31,43.17,84.4,80.1,36.88,56.14,36.77,108.24,72.14,112.8,114.98,96.6,54.04,35.38,40.25,64.03,34.99,74.0,69.97,97.53,86.02,100.0,107.7,70.94,10.0,38.0,41.04,42.38,101.86,0.0,24.33,66.84,62.0,41.76,83.74,93.3,52.15,69.86,22.8,34.99,43.86,74.4,63.25,19.42,102.93,87.82,53.85,66.48,40.8,64.03,29.15,48.1,35.17,56.61
33,30.59,23.32,38.21,54.33,18.97,76.55,56.57,32.0,63.25,14.14,90.0,60.83,97.67,100.9,78.41,62.03,30.0,25.06,51.11,15.23,81.61,53.81,76.16,78.43,85.04,90.69,70.03,27.78,14.56,34.23,18.87,89.31,24.33,0.0,53.85,38.21,45.61,70.46,76.42,28.0,48.33,2.83,22.8,27.2,67.05,39.4,17.69,86.31,65.0,56.89,56.46,21.93,51.11,5.1,29.7,11.18,43.05
34,40.05,58.55,32.98,23.41,52.95,26.08,47.2,31.3,50.0,58.82,44.72,8.0,46.04,48.17,34.06,51.42,32.25,28.84,2.83,63.91,61.06,10.0,44.94,28.07,33.29,42.38,35.38,61.06,44.27,26.83,57.27,35.61,66.84,53.85,0.0,43.17,40.05,16.97,28.64,46.0,30.53,56.6,32.56,26.83,19.7,62.51,71.03,37.34,46.1,39.29,8.49,68.68,2.83,50.54,25.96,54.08,10.82
35,8.25,24.08,54.04,59.36,22.36,69.05,18.44,47.2,80.62,31.3,60.46,50.99,73.54,78.43,50.12,80.72,46.04,31.62,41.76,36.72,96.54,36.06,41.23,71.02,62.64,63.53,75.18,62.8,24.0,45.34,26.08,71.02,62.0,38.21,43.17,0.0,64.03,54.04,51.26,10.77,17.09,40.45,36.72,28.43,62.64,20.1,53.45,60.42,27.73,70.77,50.6,37.64,41.76,33.14,24.04,29.41,36.67
36,56.64,64.5,10.0,20.59,58.31,47.2,76.94,16.97,17.89,58.31,84.59,41.23,82.87,83.26,74.11,17.2,18.44,32.56,38.0,60.73,36.06,48.17,83.19,48.41,70.88,81.58,29.53,32.31,47.71,18.87,60.83,68.88,41.76,45.61,40.05,64.03,0.0,53.85,68.47,59.46,60.93,47.07,28.43,35.61,37.74,76.84,56.01,76.49,80.06,12.17,34.93,67.36,38.0,46.24,40.22,53.71,34.71
37,52.95,72.8,48.33,34.23,67.68,19.8,52.5,47.71,60.03,74.32,32.25,12.65,29.53,31.24,24.17,62.0,48.83,45.61,19.8,79.62,67.05,18.44,41.04,21.26,17.09,28.07,39.85,77.67,59.93,43.27,72.11,18.87,83.74,70.46,16.97,54.04,53.85,0.0,17.09,59.23,38.21,73.24,49.52,43.27,20.88,74.11,87.8,23.02,47.89,50.04,18.97,83.93,19.8,66.89,41.59,69.78,27.66
38,52.84,73.43,61.61,50.04,69.34,36.06,44.0,59.46,76.42,77.2,16.12,28.07,22.36,27.2,7.21,78.23,60.17,53.25,31.05,82.8,84.12,23.32,26.08,37.2,12.0,14.42,56.92,88.57,63.78,55.03,73.78,22.8,93.3,76.42,28.64,51.26,68.47,17.09,0.0,59.06,34.18,79.25,58.31,50.0,37.95,70.88,94.11,9.9,36.67,66.12,34.0,85.98,31.05,72.12,46.75,73.25,37.16
39,6.32,14.42,49.68,58.31,11.66,72.03,29.12,42.52,76.84,20.59,69.66,54.0,81.41,85.91,58.82,76.58,41.04,27.2,44.05,26.08,93.74,40.79,51.61,74.03,69.86,72.11,74.67,53.85,14.56,41.62,15.62,77.2,52.15,28.0,46.0,10.77,59.46,59.23,59.06,0.0,25.61,30.07,31.11,25.06,64.5,17.89,42.72,68.6,38.48,67.68,52.35,27.59,44.05,23.02,22.14,18.68,37.48
40,19.8,40.0,51.26,50.99,36.77,55.03,16.97,45.61,75.47,45.34,44.05,37.58,56.46,61.35,33.29,76.16,45.12,32.06,30.0,50.99,89.38,21.54,27.86,56.92,45.61,46.65,65.3,68.26,34.0,42.38,41.04,54.33,69.86,48.33,30.53,17.09,60.93,38.21,34.18,25.61,0.0,50.99,38.05,28.07,50.12,36.88,65.37,43.38,19.42,64.9,38.83,53.15,30.0,43.38,23.02,42.2,27.8
41,32.98,24.17,40.05,56.57,20.4,79.12,58.86,34.06,64.56,14.42,92.8,63.53,100.5,103.71,81.22,63.25,32.06,27.78,53.85,14.42,82.97,56.64,78.79,80.99,87.86,93.51,72.11,27.2,17.09,36.5,19.7,92.09,22.8,2.83,56.6,40.45,47.07,73.24,79.25,30.07,50.99,0.0,25.3,30.0,69.57,40.5,14.87,89.14,67.45,58.55,59.09,21.1,53.85,7.62,32.53,12.37,45.79
42,28.84,36.77,18.87,32.0,30.46,53.85,51.92,11.66,46.04,32.25,73.35,38.83,78.1,80.62,61.74,45.61,10.0,6.0,29.73,36.0,63.53,34.99,64.5,55.71,65.3,72.72,48.17,31.05,19.7,12.17,33.53,68.12,34.99,22.8,32.56,36.72,28.43,49.52,58.31,31.11,38.05,25.3,0.0,10.0,44.27,48.41,38.95,67.96,57.31,37.58,34.0,42.11,29.73,21.02,15.03,27.29,21.93
43,21.26,34.23,25.61,33.53,28.07,50.99,42.38,18.87,52.35,32.56,64.5,34.18,70.71,73.76,52.84,52.35,17.89,4.0,24.17,37.36,68.82,26.91,54.59,52.95,58.0,64.4,50.0,40.79,18.11,16.97,32.0,62.13,43.86,27.2,26.83,28.43,35.61,43.27,50.0,25.06,28.07,30.0,10.0,0.0,42.19,42.94,44.69,59.82,47.38,42.8,30.59,42.58,24.17,23.71,5.1,27.66,16.16
44,58.86,76.0,35.38,17.2,70.03,10.0,66.57,37.74,40.2,74.67,52.95,12.81,46.69,46.17,44.94,42.43,39.45,42.76,20.88,79.25,46.17,28.84,60.46,11.66,36.0,48.17,18.97,66.6,60.3,34.0,74.11,31.62,74.4,67.05,19.7,62.64,37.74,20.88,37.95,64.5,50.12,69.57,44.27,42.19,0.0,81.58,82.86,43.29,64.44,31.05,12.17,84.72,20.88,64.76,43.01,69.72,27.07
45,22.8,16.49,67.2,76.16,20.59,88.57,31.24,60.0,94.4,26.68,78.71,70.46,92.97,98.08,69.08,94.02,58.41,44.94,60.83,30.07,111.52,56.0,57.2,90.55,82.46,82.46,92.48,67.08,29.73,59.36,20.88,91.08,63.25,39.4,62.51,20.1,76.84,74.11,70.88,17.89,36.88,40.5,48.41,42.94,81.58,0.0,49.16,79.71,41.87,85.44,69.43,27.29,60.83,35.36,39.92,28.23,54.82
46,46.62,33.0,50.8,68.68,31.58,92.61,71.84,45.88,72.34,23.09,107.62,77.7,115.31,118.44,96.05,70.58,43.97,42.2,68.24,19.1,90.67,71.45,93.02,94.43,102.65,108.37,83.36,28.23,31.38,49.04,29.07,106.61,19.42,17.69,71.03,53.45,56.01,87.8,94.11,42.72,65.37,14.87,38.95,44.69,82.86,49.16,0.0,104.0,80.99,68.07,72.95,23.41,68.24,22.2,47.38,24.04,60.22
47,62.43,83.01,70.21,57.22,79.06,39.22,51.48,68.54,83.01,87.01,10.3,35.36,13.34,19.03,11.05,85.01,69.35,63.01,39.92,92.62,89.05,33.02,29.83,39.92,8.6,5.1,61.98,97.95,73.66,64.08,83.49,19.85,102.93,86.31,37.34,60.42,76.49,23.02,9.9,68.6,43.38,89.14,67.96,59.82,43.29,79.71,104.0,0.0,43.0,73.06,41.59,95.69,39.92,82.02,56.64,83.1,46.53
48,34.48,51.31,70.52,68.51,50.09,67.12,10.63,65.0,93.94,59.03,39.05,51.66,56.08,62.01,32.02,94.81,64.54,51.35,46.4,64.41,106.83,36.12,15.65,68.8,48.51,44.28,81.47,87.02,50.45,61.68,53.71,59.44,87.82,65.0,46.1,27.73,80.06,47.89,36.67,38.48,19.42,67.45,57.31,47.38,64.44,41.87,80.99,43.0,0.0,83.24,54.56,64.9,46.4,59.91,42.3,57.01,46.07
49,64.03,74.32,18.97,16.12,68.03,39.4,81.61,26.0,10.77,68.96,82.02,38.05,77.67,77.2,72.44,12.17,27.86,40.5,37.95,71.81,26.08,48.7,84.12,40.25,66.48,78.1,18.44,44.27,57.27,26.08,70.94,62.64,53.85,56.89,39.29,70.77,12.17,50.04,66.12,67.68,64.9,58.55,37.58,42.8,31.05,85.44,68.07,73.06,83.24,0.0,32.25,78.34,37.95,57.01,46.75,64.2,37.22
50,46.69,64.03,29.53,16.12,58.14,20.4,55.61,29.73,42.76,63.15,50.04,6.32,48.33,49.4,40.2,44.41,31.11,31.62,8.94,67.91,52.84,18.44,52.8,22.36,36.06,46.69,26.91,59.67,48.66,25.46,62.29,35.61,66.48,56.46,8.49,50.6,34.93,18.97,34.0,52.35,38.83,59.09,34.0,30.59,12.17,69.43,72.95,41.59,54.56,32.25,0.0,73.16,8.94,53.76,31.02,58.25,15.0
51,33.42,13.6,59.44,74.06,16.64,93.56,54.71,52.77,85.09,10.05,97.19,76.4,108.23,112.38,86.21,83.93,50.8,42.11,66.22,6.71,103.41,65.8,78.87,95.52,96.25,99.4,90.27,47.38,24.52,54.23,12.21,102.55,40.8,21.93,68.68,37.64,67.36,83.93,85.98,27.59,53.15,21.1,42.11,42.58,84.72,27.29,23.41,95.69,64.9,78.34,73.16,0.0,66.22,21.38,42.72,15.03,58.46
52,38.21,56.32,30.59,22.36,50.64,28.0,46.86,28.64,48.7,56.32,47.07,10.2,48.83,50.99,36.22,50.0,29.53,26.08,0.0,61.35,60.46,10.77,46.17,30.0,36.06,44.94,35.38,58.31,41.76,24.17,54.92,38.42,64.03,51.11,2.83,41.76,38.0,19.8,31.05,44.05,30.0,53.85,29.73,24.17,20.88,60.83,68.24,39.92,46.4,37.95,8.94,66.22,0.0,47.85,23.54,51.55,8.06
53,25.5,19.85,38.08,53.01,14.76,74.04,51.48,31.4,64.08,12.08,85.43,57.78,93.61,97.01,73.88,63.07,29.43,22.14,47.85,15.03,82.28,49.82,71.18,75.96,81.06,86.31,69.07,31.78,9.49,33.02,15.56,85.76,29.15,5.1,50.54,33.14,46.24,66.89,72.12,23.02,43.38,7.62,21.02,23.71,64.76,35.36,22.2,82.02,59.91,57.01,53.76,21.38,47.85,0.0,25.61,7.81,39.81
54,17.49,33.02,30.23,36.25,27.17,51.24,37.34,23.71,56.59,32.89,60.75,33.73,68.01,71.4,49.09,56.73,22.85,9.06,23.54,38.08,72.62,24.21,49.82,53.24,55.44,61.07,52.55,45.54,18.38,21.4,31.4,60.42,48.1,29.7,25.96,24.04,40.22,41.59,46.75,22.14,23.02,32.53,15.03,5.1,43.01,39.92,47.38,56.64,42.3,46.75,31.02,42.72,23.54,25.61,0.0,28.23,16.03
55,22.83,12.21,45.22,59.14,8.06,78.64,47.8,38.33,71.59,5.0,85.59,61.68,95.21,99.02,74.25,70.66,36.4,27.07,51.55,9.85,89.69,51.97,69.46,80.6,82.93,87.11,75.43,38.95,9.85,39.46,7.81,88.55,35.17,11.18,54.08,29.41,53.71,69.78,73.25,18.68,42.2,12.37,27.29,27.66,69.72,28.23,24.04,83.1,57.01,64.2,58.25,15.03,51.55,7.81,28.23,0.0,43.68
56,32.02,49.04,26.02,23.35,43.19,35.23,44.69,22.56,47.89,48.51,52.81,18.03,56.22,58.69,41.48,48.75,23.09,18.03,8.06,53.45,61.62,14.32,48.51,37.22,43.42,51.43,38.59,51.43,33.96,18.25,47.38,46.4,56.61,43.05,10.82,36.67,34.71,27.66,37.16,37.48,27.8,45.79,21.93,16.16,27.07,54.82,60.22,46.53,46.07,37.22,15.0,58.46,8.06,39.81,16.03,43.68,0.0
