set K:= 1	2	3	4	5	6;
set C_H:= 1	2	3	4	5	6	7	8	9	10	11	12	13	14	15;
set C_S:= 16	17	18	19	20	21	22	23	24	25	26	27	28	29;
set C_F:= 30	31	32	33	34	35	36	37	38	39	40	41	42	43;
set M:= 44	45;
set L_B:= 46	47	48	49	50	51	52	53	54	55;
set A1:=
(0,*) 1 2 3 4 5 6 7 8 9 10 11 12 13 14 15 30 31 32 33 34 35 36 37 38 39 40 41 42 43 44 45 46 47 48 49 50 51 52 53 54 55
(1,*) 0 2 3 4 5 6 7 8 9 10 11 12 13 14 15 30 31 32 33 34 35 36 37 38 39 40 41 42 43 44 45 46 47 48 49 50 51 52 53 54 55
(2,*) 0 1 3 4 5 6 7 8 9 10 11 12 13 14 15 30 31 32 33 34 35 36 37 38 39 40 41 42 43 44 45 46 47 48 49 50 51 52 53 54 55
(3,*) 0 1 2 4 5 6 7 8 9 10 11 12 13 14 15 30 31 32 33 34 35 36 37 38 39 40 41 42 43 44 45 46 47 48 49 50 51 52 53 54 55
(4,*) 0 1 2 3 5 6 7 8 9 10 11 12 13 14 15 30 31 32 33 34 35 36 37 38 39 40 41 42 43 44 45 46 47 48 49 50 51 52 53 54 55
(5,*) 0 1 2 3 4 6 7 8 9 10 11 12 13 14 15 30 31 32 33 34 35 36 37 38 39 40 41 42 43 44 45 46 47 48 49 50 51 52 53 54 55
(6,*) 0 1 2 3 4 5 7 8 9 10 11 12 13 14 15 30 31 32 33 34 35 36 37 38 39 40 41 42 43 44 45 46 47 48 49 50 51 52 53 54 55
(7,*) 0 1 2 3 4 5 6 8 9 10 11 12 13 14 15 30 31 32 33 34 35 36 37 38 39 40 41 42 43 44 45 46 47 48 49 50 51 52 53 54 55
(8,*) 0 1 2 3 4 5 6 7 9 10 11 12 13 14 15 30 31 32 33 34 35 36 37 38 39 40 41 42 43 44 45 46 47 48 49 50 51 52 53 54 55
(9,*) 0 1 2 3 4 5 6 7 8 10 11 12 13 14 15 30 31 32 33 34 35 36 37 38 39 40 41 42 43 44 45 46 47 48 49 50 51 52 53 54 55
(10,*) 0 1 2 3 4 5 6 7 8 9 11 12 13 14 15 30 31 32 33 34 35 36 37 38 39 40 41 42 43 44 45 46 47 48 49 50 51 52 53 54 55
(11,*) 0 1 2 3 4 5 6 7 8 9 10 12 13 14 15 30 31 32 33 34 35 36 37 38 39 40 41 42 43 44 45 46 47 48 49 50 51 52 53 54 55
(12,*) 0 1 2 3 4 5 6 7 8 9 10 11 13 14 15 30 31 32 33 34 35 36 37 38 39 40 41 42 43 44 45 46 47 48 49 50 51 52 53 54 55
(13,*) 0 1 2 3 4 5 6 7 8 9 10 11 12 14 15 30 31 32 33 34 35 36 37 38 39 40 41 42 43 44 45 46 47 48 49 50 51 52 53 54 55
(14,*) 0 1 2 3 4 5 6 7 8 9 10 11 12 13 15 30 31 32 33 34 35 36 37 38 39 40 41 42 43 44 45 46 47 48 49 50 51 52 53 54 55
(15,*) 0 1 2 3 4 5 6 7 8 9 10 11 12 13 14 30 31 32 33 34 35 36 37 38 39 40 41 42 43 44 45 46 47 48 49 50 51 52 53 54 55
(30,*) 0 1 2 3 4 5 6 7 8 9 10 11 12 13 14 15 31 32 33 34 35 36 37 38 39 40 41 42 43 44 45 46 47 48 49 50 51 52 53 54 55
(31,*) 0 1 2 3 4 5 6 7 8 9 10 11 12 13 14 15 30 32 33 34 35 36 37 38 39 40 41 42 43 44 45 46 47 48 49 50 51 52 53 54 55
(32,*) 0 1 2 3 4 5 6 7 8 9 10 11 12 13 14 15 30 31 33 34 35 36 37 38 39 40 41 42 43 44 45 46 47 48 49 50 51 52 53 54 55
(33,*) 0 1 2 3 4 5 6 7 8 9 10 11 12 13 14 15 30 31 32 34 35 36 37 38 39 40 41 42 43 44 45 46 47 48 49 50 51 52 53 54 55
(34,*) 0 1 2 3 4 5 6 7 8 9 10 11 12 13 14 15 30 31 32 33 35 36 37 38 39 40 41 42 43 44 45 46 47 48 49 50 51 52 53 54 55
(35,*) 0 1 2 3 4 5 6 7 8 9 10 11 12 13 14 15 30 31 32 33 34 36 37 38 39 40 41 42 43 44 45 46 47 48 49 50 51 52 53 54 55
(36,*) 0 1 2 3 4 5 6 7 8 9 10 11 12 13 14 15 30 31 32 33 34 35 37 38 39 40 41 42 43 44 45 46 47 48 49 50 51 52 53 54 55
(37,*) 0 1 2 3 4 5 6 7 8 9 10 11 12 13 14 15 30 31 32 33 34 35 36 38 39 40 41 42 43 44 45 46 47 48 49 50 51 52 53 54 55
(38,*) 0 1 2 3 4 5 6 7 8 9 10 11 12 13 14 15 30 31 32 33 34 35 36 37 39 40 41 42 43 44 45 46 47 48 49 50 51 52 53 54 55
(39,*) 0 1 2 3 4 5 6 7 8 9 10 11 12 13 14 15 30 31 32 33 34 35 36 37 38 40 41 42 43 44 45 46 47 48 49 50 51 52 53 54 55
(40,*) 0 1 2 3 4 5 6 7 8 9 10 11 12 13 14 15 30 31 32 33 34 35 36 37 38 39 41 42 43 44 45 46 47 48 49 50 51 52 53 54 55
(41,*) 0 1 2 3 4 5 6 7 8 9 10 11 12 13 14 15 30 31 32 33 34 35 36 37 38 39 40 42 43 44 45 46 47 48 49 50 51 52 53 54 55
(42,*) 0 1 2 3 4 5 6 7 8 9 10 11 12 13 14 15 30 31 32 33 34 35 36 37 38 39 40 41 43 44 45 46 47 48 49 50 51 52 53 54 55
(43,*) 0 1 2 3 4 5 6 7 8 9 10 11 12 13 14 15 30 31 32 33 34 35 36 37 38 39 40 41 42 44 45 46 47 48 49 50 51 52 53 54 55
(44,*) 0 1 2 3 4 5 6 7 8 9 10 11 12 13 14 15 30 31 32 33 34 35 36 37 38 39 40 41 42 43 46 47 48 49 50 51 52 53 54 55
(45,*) 0 1 2 3 4 5 6 7 8 9 10 11 12 13 14 15 30 31 32 33 34 35 36 37 38 39 40 41 42 43 46 47 48 49 50 51 52 53 54 55
(46,*) 0 1 2 3 4 5 6 7 8 9 10 11 12 13 14 15 30 31 32 33 34 35 36 37 38 39 40 41 42 43 44 45 47 48 49 50 51 52 53 54 55
(47,*) 0 1 2 3 4 5 6 7 8 9 10 11 12 13 14 15 30 31 32 33 34 35 36 37 38 39 40 41 42 43 44 45 46 48 49 50 51 52 53 54 55
(48,*) 0 1 2 3 4 5 6 7 8 9 10 11 12 13 14 15 30 31 32 33 34 35 36 37 38 39 40 41 42 43 44 45 46 47 49 50 51 52 53 54 55
(49,*) 0 1 2 3 4 5 6 7 8 9 10 11 12 13 14 15 30 31 32 33 34 35 36 37 38 39 40 41 42 43 44 45 46 47 48 50 51 52 53 54 55
(50,*) 0 1 2 3 4 5 6 7 8 9 10 11 12 13 14 15 30 31 32 33 34 35 36 37 38 39 40 41 42 43 44 45 46 47 48 49 51 52 53 54 55
(51,*) 0 1 2 3 4 5 6 7 8 9 10 11 12 13 14 15 30 31 32 33 34 35 36 37 38 39 40 41 42 43 44 45 46 47 48 49 50 52 53 54 55
(52,*) 0 1 2 3 4 5 6 7 8 9 10 11 12 13 14 15 30 31 32 33 34 35 36 37 38 39 40 41 42 43 44 45 46 47 48 49 50 51 53 54 55
(53,*) 0 1 2 3 4 5 6 7 8 9 10 11 12 13 14 15 30 31 32 33 34 35 36 37 38 39 40 41 42 43 44 45 46 47 48 49 50 51 52 54 55
(54,*) 0 1 2 3 4 5 6 7 8 9 10 11 12 13 14 15 30 31 32 33 34 35 36 37 38 39 40 41 42 43 44 45 46 47 48 49 50 51 52 53 55
(55,*) 0 1 2 3 4 5 6 7 8 9 10 11 12 13 14 15 30 31 32 33 34 35 36 37 38 39 40 41 42 43 44 45 46 47 48 49 50 51 52 53 54
;
set A2:=
(44,*) 45
(45,*) 44
;
param BigM:=99999;
param n:= 6;
param d:=
1	8
2	24
3	9
4	9
5	9
6	3
7	14
8	18
9	13
10	23
11	18
12	4
13	8
14	13
15	4
16	19
17	8
18	8
19	4
20	2
21	9
22	18
23	3
24	8
25	14
26	13
27	24
28	24
29	14
30	18
31	14
32	13
33	24
34	14
35	8
36	18
37	24
38	24
39	9
40	13
41	14
42	14
43	18
;
param Q:=100;
param w:=
[44,*] 45 0.5
[45,*] 44 0.5
;
param V:=
[44,*] 45 94
[45,*] 44 94
;
param e:
	44	45	46	47	48	49	50	51	52	53	54	55:=
16	0	1	0	0	0	0	0	0	0	0	0	0	
17	0	0	0	0	1	0	0	0	0	0	0	0	
18	0	1	0	0	0	0	0	0	0	0	0	0	
19	0	1	0	0	0	0	0	0	0	0	0	0	
20	0	1	0	0	0	0	0	0	0	0	0	0	
21	0	0	0	0	0	1	0	0	0	0	0	0	
22	0	0	0	1	1	1	0	0	0	0	0	0	
23	0	1	0	0	0	0	0	0	0	0	0	0	
24	1	0	0	0	0	0	0	0	0	0	0	0	
25	0	1	0	0	0	0	0	0	0	0	0	0	
26	0	0	1	1	0	1	0	0	0	0	0	0	
27	1	0	0	0	0	0	0	0	0	0	0	0	
28	1	0	0	0	0	0	0	0	0	0	0	0	
29	0	0	0	1	0	0	0	0	0	0	0	0	
30	1	1	0	1	1	1	0	0	0	0	0	0	
31	0	1	0	0	0	0	0	0	0	0	0	0	
32	0	0	1	0	0	0	0	0	0	0	0	0	
33	0	0	0	0	0	1	0	0	0	0	0	0	
34	1	1	0	1	1	1	0	0	0	0	0	0	
35	1	0	0	0	0	0	0	0	0	0	0	0	
36	1	1	0	0	0	0	0	0	0	0	0	0	
37	1	0	0	1	1	1	0	0	0	0	0	0	
38	0	1	0	0	0	0	0	0	0	0	0	0	
39	1	0	0	0	0	0	0	0	0	0	0	0	
40	1	0	0	0	0	0	0	0	0	0	0	0	
41	1	1	0	1	1	1	0	0	0	0	0	0	
42	0	0	0	1	0	0	0	0	0	0	0	0	
43	0	0	1	0	0	0	0	0	0	0	0	0	
;
param p:=
1	3
2	3
3	3
4	3
5	3
6	3
;
param G:=
44	94
45	75
46	99
47	90
48	78
49	94
50	82
51	72
52	77
53	98
54	91
55	79
;
param s:=
0	0
1	15
2	15
3	15
4	15
5	15
6	15
7	15
8	15
9	15
10	15
11	15
12	15
13	15
14	15
15	15
30	15
31	15
32	15
33	15
34	15
35	15
36	15
37	15
38	15
39	15
40	15
41	15
42	15
43	15
44	10
45	10
46	10
47	10
48	10
49	10
50	10
51	10
52	10
53	10
54	10
55	10
;
param t:
	0	1	2	3	4	5	6	7	8	9	10	11	12	13	14	15	16	17	18	19	20	21	22	23	24	25	26	27	28	29	30	31	32	33	34	35	36	37	38	39	40	41	42	43	44	45	46	47	48	49	50	51	52	53	54	55:=
0	0.0	88.53	21.02	33.24	53.25	30.27	40.11	58.01	41.76	80.26	9.43	36.12	44.05	37.16	56.4	31.78	20.62	64.2	34.41	22.8	69.29	30.08	56.85	42.15	49.82	26.91	51.0	60.8	73.82	84.48	32.2	14.87	67.27	88.26	29.15	99.09	29.41	39.2	34.41	78.43	45.12	29.61	89.27	59.46	96.83	21.54	54.78	54.13	66.1	79.25	43.32	18.0	68.45	47.51	48.75	42.64
1	88.53	0.0	75.0	55.32	97.16	110.64	61.74	65.01	75.61	26.93	87.42	63.53	64.85	56.8	32.65	74.71	72.4	61.2	55.47	89.89	90.2	63.01	33.54	84.4	57.87	95.27	40.82	31.62	78.26	79.06	56.57	91.27	72.0	43.27	61.29	14.04	81.15	49.5	91.42	93.21	77.47	67.08	1.0	40.26	22.36	99.98	86.37	49.73	86.09	12.04	55.03	77.7	45.01	41.88	47.43	46.87
2	21.02	75.0	0.0	24.19	68.01	51.24	19.42	62.3	21.95	72.8	27.51	15.52	23.02	35.51	42.44	11.66	26.4	66.94	29.02	39.82	79.88	12.04	47.43	54.49	51.42	45.19	34.66	52.2	80.62	90.14	20.62	33.84	46.57	84.48	26.68	87.13	41.73	26.93	50.22	88.51	54.64	33.54	75.6	40.82	87.32	41.98	66.22	34.18	76.01	67.6	42.58	28.32	48.38	38.33	45.0	34.53
3	33.24	55.32	24.19	0.0	57.94	57.25	25.61	41.88	38.48	49.04	32.65	23.32	32.02	14.21	23.71	30.81	19.24	45.19	6.4	38.33	63.78	15.81	24.19	43.08	30.02	44.28	21.02	28.64	61.03	69.35	4.47	37.34	55.32	60.3	9.22	65.95	33.38	7.07	44.28	71.42	39.96	18.97	56.08	32.14	64.5	46.49	52.15	31.38	59.46	46.1	20.59	24.52	43.93	14.76	21.21	10.44
4	53.25	97.16	68.01	57.94	0.0	40.0	81.12	34.01	89.64	75.27	43.83	77.7	87.13	46.1	75.66	79.51	42.44	40.31	52.5	30.53	21.84	69.12	66.0	14.87	39.32	27.86	77.62	66.19	34.67	45.18	61.33	38.95	111.65	71.56	48.85	101.24	26.4	64.2	18.87	30.27	20.0	39.0	98.15	89.29	92.85	37.36	12.21	89.32	21.47	85.16	44.1	39.7	101.53	61.52	51.0	58.05
5	30.27	110.64	51.24	57.25	40.0	0.0	70.01	62.27	71.81	96.26	25.32	66.01	74.24	54.08	80.78	61.98	38.48	69.46	55.46	21.26	61.29	59.14	77.18	37.7	59.55	17.2	77.62	79.88	71.57	82.71	57.97	19.92	97.49	99.2	49.66	119.04	31.89	64.2	26.0	70.11	44.72	43.83	111.51	87.48	114.11	10.77	48.05	83.29	59.84	99.86	57.49	33.11	97.51	68.88	64.82	63.95
6	40.11	61.74	19.42	25.61	81.12	70.01	0.0	67.42	15.0	66.01	45.28	4.0	6.4	39.82	31.4	13.45	38.91	70.33	32.02	56.04	89.11	12.08	41.19	66.57	55.47	61.85	21.59	46.17	86.61	94.67	21.26	51.48	30.53	80.62	33.3	75.03	55.01	22.85	65.0	96.94	64.66	42.8	62.17	23.35	77.67	60.21	76.84	15.26	84.85	56.75	46.04	42.72	29.15	34.21	45.19	32.7
7	58.01	65.01	62.3	41.88	34.01	62.27	67.42	0.0	80.13	41.48	50.36	65.19	73.82	27.78	50.12	71.59	38.21	7.21	35.51	42.72	25.96	57.31	37.7	25.5	12.04	45.18	55.61	36.14	19.21	27.86	46.32	49.48	96.26	38.29	35.85	67.68	31.62	45.34	36.62	31.38	17.8	29.43	66.01	66.85	58.87	54.23	22.14	70.09	21.59	53.0	21.4	40.01	79.32	37.2	24.41	36.07
8	41.76	75.61	21.95	38.48	89.64	71.81	15.0	80.13	0.0	81.01	49.24	15.52	10.77	52.35	46.27	10.3	47.42	83.67	44.72	61.77	100.12	22.83	56.14	75.74	68.43	67.08	36.35	61.13	99.13	107.78	34.01	55.54	26.02	95.52	44.65	89.19	63.25	37.11	72.11	108.41	75.07	53.26	75.96	35.78	92.4	63.25	87.0	26.42	96.05	71.39	59.03	50.0	37.48	48.84	59.14	46.84
9	80.26	26.93	72.8	49.04	75.27	96.26	66.01	41.48	81.01	0.0	76.4	66.19	71.06	43.6	35.23	76.66	60.8	36.35	46.07	75.01	65.12	62.17	25.5	64.41	37.74	79.51	45.18	20.62	52.15	52.2	52.2	78.64	85.73	17.8	51.11	26.31	64.66	46.1	73.5	67.19	56.8	53.15	27.86	51.24	18.03	86.27	63.6	59.23	61.29	17.03	38.9	65.44	60.84	34.48	32.02	38.63
10	9.43	87.42	27.51	32.65	43.83	25.32	45.28	50.36	49.24	76.4	0.0	41.3	50.01	32.8	56.36	39.0	15.62	56.89	32.02	13.45	60.08	34.0	54.56	32.89	43.32	18.03	52.5	57.98	65.28	76.11	32.89	6.32	74.04	82.76	26.25	97.0	20.4	39.4	25.0	69.26	36.35	23.71	88.23	62.17	93.61	15.0	45.54	58.08	57.01	77.34	38.08	11.18	72.25	45.61	44.41	40.61
11	36.12	63.53	15.52	23.32	77.7	66.01	4.0	65.19	15.52	66.19	41.3	0.0	9.43	37.44	32.28	11.18	35.36	68.43	29.68	52.2	86.28	8.6	41.0	63.25	53.34	57.97	22.85	46.0	84.31	92.66	18.87	47.52	34.0	80.22	30.41	76.56	51.48	21.59	61.33	94.26	61.62	39.7	64.01	26.25	78.59	56.22	73.76	18.79	82.07	57.87	43.91	39.0	32.89	33.38	43.66	31.32
12	44.05	64.85	23.02	32.02	87.13	74.24	6.4	73.82	10.77	71.06	50.01	9.43	0.0	46.23	36.01	13.93	44.78	76.66	38.42	61.35	95.46	18.03	46.69	72.67	61.85	67.05	26.02	51.62	93.01	101.02	27.66	56.29	24.6	86.15	39.62	78.45	60.9	29.07	70.68	103.32	70.94	49.04	65.19	25.06	81.88	64.78	83.1	15.81	91.22	60.83	52.43	48.33	28.02	40.16	51.43	38.91
13	37.16	56.8	35.51	14.21	46.1	54.08	39.82	27.78	52.35	43.6	32.8	37.44	46.23	0.0	30.0	44.01	17.2	31.62	7.81	33.12	49.82	29.53	23.26	31.4	16.16	38.48	31.62	25.81	46.87	55.46	18.6	35.38	69.35	51.24	9.0	65.0	24.74	18.87	35.51	57.28	26.93	10.3	57.7	43.32	60.88	43.6	38.91	44.42	45.45	45.79	7.07	21.93	55.71	16.12	11.66	12.04
14	56.4	32.65	42.44	23.71	75.66	80.78	31.4	50.12	46.27	35.23	56.36	32.28	36.01	30.0	0.0	43.32	42.38	50.0	25.71	61.13	75.64	30.53	13.45	61.2	39.0	66.94	10.0	17.49	68.24	73.59	24.21	60.93	51.48	51.24	31.32	44.78	54.33	17.2	65.28	81.49	55.9	39.32	33.3	17.8	46.32	70.01	67.19	24.35	71.18	25.63	31.78	47.76	29.73	14.14	26.0	18.03
15	31.78	74.71	11.66	30.81	79.51	61.98	13.45	71.59	10.3	76.66	39.0	11.18	13.93	44.01	43.32	0.0	37.48	75.61	36.69	51.48	90.6	15.13	51.24	65.76	60.17	56.8	34.01	56.22	90.35	99.4	26.48	45.31	35.51	90.01	35.78	87.73	53.15	31.0	61.85	99.05	65.44	43.83	75.18	36.8	89.56	53.16	77.23	28.43	86.61	68.95	50.92	39.82	41.68	43.0	51.97	40.2
16	20.62	72.4	26.4	19.24	42.44	38.48	38.91	38.21	47.42	60.8	15.62	35.36	44.78	17.2	42.38	37.48	0.0	44.0	17.0	19.1	53.54	26.83	39.2	28.32	29.27	25.08	40.2	42.45	55.36	65.51	21.02	18.87	69.35	67.78	11.18	81.57	16.12	26.31	26.25	62.27	28.3	9.06	73.25	51.0	77.99	27.73	39.82	48.84	49.74	62.01	22.85	5.39	62.29	30.53	28.84	25.55
17	64.2	61.2	66.94	45.19	40.31	69.46	70.33	7.21	83.67	36.35	56.89	68.43	76.66	31.62	50.0	75.61	44.0	0.0	39.0	49.77	29.02	60.93	36.89	32.65	15.52	52.35	56.57	34.44	18.36	24.41	49.66	56.32	98.23	31.4	40.26	62.65	38.63	47.71	43.83	32.57	25.0	35.01	62.2	67.36	53.16	61.33	28.18	71.51	25.02	49.37	24.7	46.27	79.65	38.21	25.61	38.01
18	34.41	55.47	29.02	6.4	52.5	55.46	32.02	35.51	44.72	46.07	32.02	29.68	38.42	7.81	25.71	36.69	17.0	39.0	0.0	35.44	57.49	21.93	22.63	37.64	23.71	41.23	25.32	26.4	54.64	63.06	10.82	35.85	61.62	55.9	5.83	65.07	29.0	11.7	40.0	65.05	34.0	14.04	56.3	36.88	62.43	44.72	46.14	37.12	53.15	45.34	14.32	22.36	49.04	13.6	16.03	8.6
19	22.8	89.89	39.82	38.33	30.53	21.26	56.04	42.72	61.77	75.01	13.45	52.2	61.35	33.12	61.13	51.48	19.1	49.77	35.44	0.0	48.05	44.15	56.36	21.1	38.6	6.0	59.3	58.83	55.08	66.19	40.01	8.54	85.8	78.49	29.83	97.91	11.18	45.4	11.66	57.27	26.31	22.83	90.79	70.03	92.85	11.66	33.54	67.36	45.4	78.89	36.24	14.0	81.1	48.47	43.6	43.66
20	69.29	90.2	79.88	63.78	21.84	61.29	89.11	25.96	100.12	65.12	60.08	86.28	95.46	49.82	75.64	90.6	53.54	29.02	57.49	48.05	0.0	77.83	63.57	27.2	36.67	47.17	80.26	62.1	15.26	24.21	67.94	56.52	119.1	56.92	55.87	91.35	39.92	68.6	37.22	9.22	25.24	46.86	91.2	91.79	81.22	57.14	14.56	94.05	4.47	78.31	44.94	52.77	104.32	62.18	49.66	60.21
21	30.08	63.01	12.04	15.81	69.12	59.14	12.08	57.31	22.83	62.17	34.0	8.6	18.03	29.53	30.53	15.13	26.83	60.93	21.93	44.15	77.83	0.0	36.67	54.64	45.62	50.01	22.63	41.59	76.32	84.97	11.4	40.05	42.54	75.01	22.02	75.29	42.94	16.12	52.92	85.91	53.08	31.14	63.6	29.55	75.96	49.0	65.19	24.19	73.66	55.9	36.25	30.68	38.47	28.07	36.88	25.08
22	56.85	33.54	47.43	24.19	66.0	77.18	41.19	37.7	56.14	25.5	54.56	41.0	46.69	23.26	13.45	51.24	39.2	36.89	22.63	56.36	63.57	36.67	0.0	52.24	27.46	61.74	21.93	5.0	55.23	60.21	26.93	58.01	64.41	39.46	28.32	42.45	47.76	20.62	58.24	68.88	46.0	33.54	34.44	31.24	40.31	66.57	56.44	37.12	59.14	22.8	22.2	44.41	43.14	9.43	15.0	14.21
23	42.15	84.4	54.49	43.08	14.87	37.7	66.57	25.5	75.74	64.41	32.89	63.25	72.67	31.4	61.2	65.76	28.32	32.65	37.64	21.1	27.2	54.64	52.24	0.0	26.93	21.38	62.82	52.95	34.37	45.54	46.52	29.43	97.1	63.66	34.01	89.69	13.04	49.34	11.7	36.4	7.81	24.17	85.38	74.46	82.37	31.26	12.65	74.46	24.33	72.53	30.07	26.4	86.68	47.1	37.34	43.42
24	49.82	57.87	51.42	30.02	39.32	59.55	55.47	12.04	68.43	37.74	43.32	53.34	61.85	16.16	39.0	60.17	29.27	15.52	23.71	38.6	36.67	45.62	27.46	26.93	0.0	42.45	43.83	27.0	31.24	39.36	34.48	43.83	84.22	39.96	24.74	62.77	27.66	33.3	35.81	43.01	19.65	20.22	58.86	55.23	55.76	50.22	29.07	58.14	32.2	45.89	9.43	32.28	67.74	25.55	13.0	24.08
25	26.91	95.27	45.19	44.28	27.86	17.2	61.85	45.18	67.08	79.51	18.03	57.97	67.05	38.48	66.94	56.8	25.08	52.35	41.23	6.0	47.17	50.01	61.74	21.38	42.45	0.0	65.28	64.01	55.73	66.91	46.01	12.04	91.42	82.01	35.69	102.93	14.87	51.35	10.0	56.32	27.86	28.23	96.18	76.03	97.45	10.0	33.0	73.33	45.0	84.12	41.05	20.0	87.09	54.08	48.55	49.34
26	51.0	40.82	34.66	21.02	77.62	77.62	21.59	55.61	36.35	45.18	52.5	22.85	26.02	31.62	10.0	34.01	40.2	56.57	25.32	59.3	80.26	22.63	21.93	62.82	43.83	65.28	0.0	26.57	74.41	80.72	19.65	57.72	42.54	60.88	30.02	53.71	54.15	14.0	65.12	86.84	58.52	39.32	41.34	11.7	56.09	66.94	70.38	15.26	75.8	35.17	35.36	45.4	24.17	18.44	31.24	20.12
27	60.8	31.62	52.2	28.64	66.19	79.88	46.17	36.14	61.13	20.62	57.98	46.0	51.62	25.81	17.49	56.22	42.45	34.44	26.4	58.83	62.1	41.59	5.0	52.95	27.0	64.01	26.57	0.0	52.77	57.01	31.62	61.07	68.88	34.53	31.89	39.2	49.66	25.5	59.81	66.85	46.27	36.06	32.57	35.23	36.06	69.4	56.04	41.63	57.72	20.12	23.41	47.51	46.75	13.93	15.81	18.36
28	73.82	78.26	80.62	61.03	34.67	71.57	86.61	19.21	99.13	52.15	65.28	84.31	93.01	46.87	68.24	90.35	55.36	18.36	54.64	55.08	15.26	76.32	55.23	34.37	31.24	55.73	74.41	52.77	0.0	11.18	65.46	63.0	115.43	42.2	54.59	78.0	45.04	64.54	45.89	15.03	29.02	47.17	79.25	85.43	67.27	65.62	23.77	89.11	13.45	66.71	40.61	56.09	97.8	55.97	43.19	55.17
29	84.48	79.06	90.14	69.35	45.18	82.71	94.67	27.86	107.78	52.2	76.11	92.66	101.02	55.46	73.59	99.4	65.51	24.41	63.06	66.19	24.21	84.97	60.21	45.54	39.36	66.91	80.72	57.01	11.18	0.0	73.82	74.03	122.61	39.01	63.69	76.79	56.0	72.11	57.07	19.72	40.01	57.01	80.01	91.22	65.19	76.79	34.79	95.78	23.71	68.15	48.76	66.61	103.32	62.48	50.0	62.43
30	32.2	56.57	20.62	4.47	61.33	57.97	21.26	46.32	34.01	52.2	32.89	18.87	27.66	18.6	24.21	26.48	21.02	49.66	10.82	40.01	67.94	11.4	26.93	46.52	34.48	46.01	19.65	31.62	65.46	73.82	0.0	38.08	51.22	64.12	12.53	67.8	36.14	7.07	46.87	75.69	43.83	22.36	57.28	30.02	67.08	47.3	56.04	28.16	63.66	48.01	25.06	26.02	41.3	17.72	25.5	14.04
31	14.87	91.27	33.84	37.34	38.95	19.92	51.48	49.48	55.54	78.64	6.32	47.52	56.29	35.38	60.93	45.31	18.87	56.32	35.85	8.54	56.52	40.05	58.01	29.43	43.83	12.04	57.72	61.07	63.0	74.03	38.08	0.0	80.36	83.73	30.02	100.26	18.11	44.27	20.12	65.73	34.01	25.5	92.11	67.74	96.18	9.22	41.98	64.01	53.76	80.8	39.82	13.6	78.1	49.4	46.69	44.42
32	67.27	72.0	46.57	55.32	111.65	97.49	30.53	96.26	26.02	85.73	74.04	34.0	24.6	69.35	51.48	35.51	69.35	98.23	61.62	85.8	119.1	42.54	64.41	97.1	84.22	91.42	42.54	68.88	115.43	122.61	51.22	80.36	0.0	102.53	63.6	86.01	85.48	50.93	95.27	126.62	95.0	73.24	72.01	34.48	92.54	88.53	107.2	27.29	114.77	72.01	74.97	72.92	27.02	60.22	72.62	60.31
33	88.26	43.27	84.48	60.3	71.56	99.2	80.62	38.29	95.52	17.8	82.76	80.22	86.15	51.24	51.24	90.01	67.78	31.4	55.9	78.49	56.92	75.01	39.46	63.66	39.96	82.01	60.88	34.53	42.2	39.01	64.12	83.73	102.53	0.0	59.91	38.33	67.42	59.01	74.33	56.72	55.87	59.09	44.1	68.15	26.31	90.14	59.36	75.58	53.85	34.66	44.94	71.59	78.29	47.01	40.02	50.09
34	29.15	61.29	26.68	9.22	48.85	49.66	33.3	35.85	44.65	51.11	26.25	30.41	39.62	9.0	31.32	35.78	11.18	40.26	5.83	29.83	55.87	22.02	28.32	34.01	24.74	35.69	30.02	31.89	54.59	63.69	12.53	30.02	63.6	59.91	0.0	70.77	24.19	16.03	35.13	63.89	31.4	9.85	62.13	41.3	67.8	38.91	43.6	40.5	51.66	51.09	16.03	16.55	53.15	19.42	19.92	14.42
35	99.09	14.04	87.13	65.95	101.24	119.04	75.03	67.68	89.19	26.31	97.0	76.56	78.45	65.0	44.78	87.73	81.57	62.65	65.07	97.91	91.35	75.29	42.45	89.69	62.77	102.93	53.71	39.2	78.0	76.79	67.8	100.26	86.01	38.33	70.77	0.0	88.32	60.8	97.95	93.01	82.28	75.21	14.0	54.13	12.53	108.6	89.74	63.56	87.57	19.85	61.91	86.68	59.0	51.62	54.38	56.57
36	29.41	81.15	41.73	33.38	26.4	31.89	55.01	31.62	63.25	64.66	20.4	51.48	60.9	24.74	54.33	53.15	16.12	38.63	29.0	11.18	39.92	42.94	47.76	13.04	27.66	14.87	54.15	49.66	45.04	56.0	36.14	18.11	85.48	67.42	24.19	88.32	0.0	40.2	11.0	49.04	16.03	15.03	82.08	65.49	82.62	22.83	25.5	64.29	36.69	69.78	26.42	13.45	77.28	40.79	34.0	36.35
37	39.2	49.5	26.93	7.07	64.2	64.2	22.85	45.34	37.11	46.1	39.4	21.59	29.07	18.87	17.2	31.0	26.31	47.71	11.7	45.4	68.6	16.12	20.62	49.34	33.3	51.35	14.0	25.5	64.54	72.11	7.07	44.27	50.93	59.01	16.03	60.8	40.2	0.0	51.16	75.82	45.62	25.5	50.21	25.32	60.42	53.45	57.71	25.55	64.2	41.05	24.04	31.58	37.36	12.0	22.36	9.85
38	34.41	91.42	50.22	44.28	18.87	26.0	65.0	36.62	72.11	73.5	25.0	61.33	70.68	35.51	65.28	61.85	26.25	43.83	40.0	11.66	37.22	52.92	58.24	11.7	35.81	10.0	65.12	59.81	45.89	57.07	46.87	20.12	95.27	74.33	35.13	97.95	11.0	51.16	0.0	46.39	18.87	26.02	92.36	76.42	91.53	20.0	23.0	74.95	35.0	79.85	36.4	22.36	88.12	51.62	44.01	47.27
39	78.43	93.21	88.51	71.42	30.27	70.11	96.94	31.38	108.41	67.19	69.26	94.26	103.32	57.28	81.49	99.05	62.27	32.57	65.05	57.27	9.22	85.91	68.88	36.4	43.01	56.32	86.84	66.85	15.03	19.72	75.69	65.73	126.62	56.72	63.89	93.01	49.04	75.82	46.39	0.0	34.0	55.22	94.2	98.18	82.15	66.27	23.77	101.04	12.53	81.58	51.86	61.74	110.68	68.51	55.76	67.01
40	45.12	77.47	54.64	39.96	20.0	44.72	64.66	17.8	75.07	56.8	36.35	61.62	70.94	26.93	55.9	65.44	28.3	25.0	34.0	26.31	25.24	53.08	46.0	7.81	19.65	27.86	58.52	46.27	29.02	40.01	43.83	34.01	95.0	55.87	31.4	82.28	16.03	45.62	18.87	34.0	0.0	21.93	78.45	70.23	74.71	37.36	12.21	71.12	21.47	65.51	24.19	27.86	82.64	41.77	31.0	38.6
41	29.61	67.08	33.54	18.97	39.0	43.83	42.8	29.43	53.26	53.15	23.71	39.7	49.04	10.3	39.32	43.83	9.06	35.01	14.04	22.83	46.86	31.14	33.54	24.17	20.22	28.23	39.32	36.06	47.17	57.01	22.36	25.5	73.24	59.09	9.85	75.21	15.03	25.5	26.02	55.22	21.93	0.0	67.98	50.8	70.71	33.42	34.06	50.33	42.8	56.08	14.42	12.53	62.82	25.96	21.21	21.38
42	89.27	1.0	75.6	56.08	98.15	111.51	62.17	66.01	75.96	27.86	88.23	64.01	65.19	57.7	33.3	75.18	73.25	62.2	56.3	90.79	91.2	63.6	34.44	85.38	58.86	96.18	41.34	32.57	79.25	80.01	57.28	92.11	72.01	44.1	62.13	14.0	82.08	50.21	92.36	94.2	78.45	67.98	0.0	40.52	22.83	100.85	87.37	50.0	87.09	13.04	55.97	78.55	45.0	42.72	48.38	47.71
43	59.46	40.26	40.82	32.14	89.29	87.48	23.35	66.85	35.78	51.24	62.17	26.25	25.06	43.32	17.8	36.8	51.0	67.36	36.88	70.03	91.79	29.55	31.24	74.46	55.23	76.03	11.7	35.23	85.43	91.22	30.02	67.74	34.48	68.15	41.3	54.13	65.49	25.32	76.42	98.18	70.23	50.8	40.52	0.0	59.0	76.94	82.08	9.49	87.32	38.05	46.96	56.04	12.53	29.68	42.44	31.78
44	96.83	22.36	87.32	64.5	92.85	114.11	77.67	58.87	92.4	18.03	93.61	78.59	81.88	60.88	46.32	89.56	77.99	53.16	62.43	92.85	81.22	75.96	40.31	82.37	55.76	97.45	56.09	36.06	67.27	65.19	67.08	96.18	92.54	26.31	67.8	12.53	82.62	60.42	91.53	82.15	74.71	70.71	22.83	59.0	0.0	104.0	80.99	68.07	77.67	21.1	56.64	82.81	65.92	49.74	49.5	54.38
45	21.54	99.98	41.98	46.49	37.36	10.77	60.21	54.23	63.25	86.27	15.0	56.22	64.78	43.6	70.01	53.16	27.73	61.33	44.72	11.66	57.14	49.0	66.57	31.26	50.22	10.0	66.94	69.4	65.62	76.79	47.3	9.22	88.53	90.14	38.91	108.6	22.83	53.45	20.0	66.27	37.36	33.42	100.85	76.94	104.0	0.0	43.0	73.06	55.0	89.31	47.38	22.36	87.21	58.18	54.56	53.24
46	54.78	86.37	66.22	52.15	12.21	48.05	76.84	22.14	87.0	63.6	45.54	73.76	83.1	38.91	67.19	77.23	39.82	28.18	46.14	33.54	14.56	65.19	56.44	12.65	29.07	33.0	70.38	56.04	23.77	34.79	56.04	41.98	107.2	59.36	43.6	89.74	25.5	57.71	23.0	23.77	12.21	34.06	87.37	82.08	80.99	43.0	0.0	83.24	12.0	74.33	35.44	38.59	94.54	53.16	41.59	50.33
47	54.13	49.73	34.18	31.38	89.32	83.29	15.26	70.09	26.42	59.23	58.08	18.79	15.81	44.42	24.35	28.43	48.84	71.51	37.12	67.36	94.05	24.19	37.12	74.46	58.14	73.33	15.26	41.63	89.11	95.78	28.16	64.01	27.29	75.58	40.5	63.56	64.29	25.55	74.95	101.04	71.12	50.33	50.0	9.49	68.07	73.06	83.24	0.0	89.63	47.01	49.2	53.46	14.32	33.3	45.97	34.06
48	66.1	86.09	76.01	59.46	21.47	59.84	84.85	21.59	96.05	61.29	57.01	82.07	91.22	45.45	71.18	86.61	49.74	25.02	53.15	45.4	4.47	73.66	59.14	24.33	32.2	45.0	75.8	57.72	13.45	23.71	63.66	53.76	114.77	53.85	51.66	87.57	36.69	64.2	35.0	12.53	21.47	42.8	87.09	87.32	77.67	55.0	12.0	89.63	0.0	74.17	40.5	49.24	99.85	57.71	45.19	55.76
49	79.25	12.04	67.6	46.1	85.16	99.86	56.75	53.0	71.39	17.03	77.34	57.87	60.83	45.79	25.63	68.95	62.01	49.37	45.34	78.89	78.31	55.9	22.8	72.53	45.89	84.12	35.17	20.12	66.71	68.15	48.01	80.8	72.01	34.66	51.09	19.85	69.78	41.05	79.85	81.58	65.51	56.08	13.04	38.05	21.1	89.31	74.33	47.01	74.17	0.0	43.46	67.2	45.88	31.83	35.85	36.8
50	43.32	55.03	42.58	20.59	44.1	57.49	46.04	21.4	59.03	38.9	38.08	43.91	52.43	7.07	31.78	50.92	22.85	24.7	14.32	36.24	44.94	36.25	22.2	30.07	9.43	41.05	35.36	23.41	40.61	48.76	25.06	39.82	74.97	44.94	16.03	61.91	26.42	24.04	36.4	51.86	24.19	14.42	55.97	46.96	56.64	47.38	35.44	49.2	40.5	43.46	0.0	26.93	59.48	17.72	7.62	15.26
51	18.0	77.7	28.32	24.52	39.7	33.11	42.72	40.01	50.0	65.44	11.18	39.0	48.33	21.93	47.76	39.82	5.39	46.27	22.36	14.0	52.77	30.68	44.41	26.4	32.28	20.0	45.4	47.51	56.09	66.61	26.02	13.6	72.92	71.59	16.55	86.68	13.45	31.58	22.36	61.74	27.86	12.53	78.55	56.04	82.81	22.36	38.59	53.46	49.24	67.2	26.93	0.0	67.12	35.85	33.42	30.89
52	68.45	45.01	48.38	43.93	101.53	97.51	29.15	79.32	37.48	60.84	72.25	32.89	28.02	55.71	29.73	41.68	62.29	79.65	49.04	81.1	104.32	38.47	43.14	86.68	67.74	87.09	24.17	46.75	97.8	103.32	41.3	78.1	27.02	78.29	53.15	59.0	77.28	37.36	88.12	110.68	82.64	62.82	45.0	12.53	65.92	87.21	94.54	14.32	99.85	45.88	59.48	67.12	0.0	42.19	54.92	44.28
53	47.51	41.88	38.33	14.76	61.52	68.88	34.21	37.2	48.84	34.48	45.61	33.38	40.16	16.12	14.14	43.0	30.53	38.21	13.6	48.47	62.18	28.07	9.43	47.1	25.55	54.08	18.44	13.93	55.97	62.48	17.72	49.4	60.22	47.01	19.42	51.62	40.79	12.0	51.62	68.51	41.77	25.96	42.72	29.68	49.74	58.18	53.16	33.3	57.71	31.83	17.72	35.85	42.19	0.0	12.81	5.0
54	48.75	47.43	45.0	21.21	51.0	64.82	45.19	24.41	59.14	32.02	44.41	43.66	51.43	11.66	26.0	51.97	28.84	25.61	16.03	43.6	49.66	36.88	15.0	37.34	13.0	48.55	31.24	15.81	43.19	50.0	25.5	46.69	72.62	40.02	19.92	54.38	34.0	22.36	44.01	55.76	31.0	21.21	48.38	42.44	49.5	54.56	41.59	45.97	45.19	35.85	7.62	33.42	54.92	12.81	0.0	12.53
55	42.64	46.87	34.53	10.44	58.05	63.95	32.7	36.07	46.84	38.63	40.61	31.32	38.91	12.04	18.03	40.2	25.55	38.01	8.6	43.66	60.21	25.08	14.21	43.42	24.08	49.34	20.12	18.36	55.17	62.43	14.04	44.42	60.31	50.09	14.42	56.57	36.35	9.85	47.27	67.01	38.6	21.38	47.71	31.78	54.38	53.24	50.33	34.06	55.76	36.8	15.26	30.89	44.28	5.0	12.53	0.0
;
