set K:= 1	2	3	4	5	6	7;
set C_H:= 1	2	3	4	5	6	7	8	9	10	11	12	13	14	15	16	17	18	19;
set C_S:= 20	21	22	23	24	25	26	27	28	29	30	31	32;
set C_F:= 33	34	35	36	37	38	39	40	41	42	43	44	45;
set M:= 46	47	48	49;
set L_B:= 50	51;
set A1:=
(0,*) 1 2 3 4 5 6 7 8 9 10 11 12 13 14 15 16 17 18 19 33 34 35 36 37 38 39 40 41 42 43 44 45 46 47 48 49 50 51
(1,*) 0 2 3 4 5 6 7 8 9 10 11 12 13 14 15 16 17 18 19 33 34 35 36 37 38 39 40 41 42 43 44 45 46 47 48 49 50 51
(2,*) 0 1 3 4 5 6 7 8 9 10 11 12 13 14 15 16 17 18 19 33 34 35 36 37 38 39 40 41 42 43 44 45 46 47 48 49 50 51
(3,*) 0 1 2 4 5 6 7 8 9 10 11 12 13 14 15 16 17 18 19 33 34 35 36 37 38 39 40 41 42 43 44 45 46 47 48 49 50 51
(4,*) 0 1 2 3 5 6 7 8 9 10 11 12 13 14 15 16 17 18 19 33 34 35 36 37 38 39 40 41 42 43 44 45 46 47 48 49 50 51
(5,*) 0 1 2 3 4 6 7 8 9 10 11 12 13 14 15 16 17 18 19 33 34 35 36 37 38 39 40 41 42 43 44 45 46 47 48 49 50 51
(6,*) 0 1 2 3 4 5 7 8 9 10 11 12 13 14 15 16 17 18 19 33 34 35 36 37 38 39 40 41 42 43 44 45 46 47 48 49 50 51
(7,*) 0 1 2 3 4 5 6 8 9 10 11 12 13 14 15 16 17 18 19 33 34 35 36 37 38 39 40 41 42 43 44 45 46 47 48 49 50 51
(8,*) 0 1 2 3 4 5 6 7 9 10 11 12 13 14 15 16 17 18 19 33 34 35 36 37 38 39 40 41 42 43 44 45 46 47 48 49 50 51
(9,*) 0 1 2 3 4 5 6 7 8 10 11 12 13 14 15 16 17 18 19 33 34 35 36 37 38 39 40 41 42 43 44 45 46 47 48 49 50 51
(10,*) 0 1 2 3 4 5 6 7 8 9 11 12 13 14 15 16 17 18 19 33 34 35 36 37 38 39 40 41 42 43 44 45 46 47 48 49 50 51
(11,*) 0 1 2 3 4 5 6 7 8 9 10 12 13 14 15 16 17 18 19 33 34 35 36 37 38 39 40 41 42 43 44 45 46 47 48 49 50 51
(12,*) 0 1 2 3 4 5 6 7 8 9 10 11 13 14 15 16 17 18 19 33 34 35 36 37 38 39 40 41 42 43 44 45 46 47 48 49 50 51
(13,*) 0 1 2 3 4 5 6 7 8 9 10 11 12 14 15 16 17 18 19 33 34 35 36 37 38 39 40 41 42 43 44 45 46 47 48 49 50 51
(14,*) 0 1 2 3 4 5 6 7 8 9 10 11 12 13 15 16 17 18 19 33 34 35 36 37 38 39 40 41 42 43 44 45 46 47 48 49 50 51
(15,*) 0 1 2 3 4 5 6 7 8 9 10 11 12 13 14 16 17 18 19 33 34 35 36 37 38 39 40 41 42 43 44 45 46 47 48 49 50 51
(16,*) 0 1 2 3 4 5 6 7 8 9 10 11 12 13 14 15 17 18 19 33 34 35 36 37 38 39 40 41 42 43 44 45 46 47 48 49 50 51
(17,*) 0 1 2 3 4 5 6 7 8 9 10 11 12 13 14 15 16 18 19 33 34 35 36 37 38 39 40 41 42 43 44 45 46 47 48 49 50 51
(18,*) 0 1 2 3 4 5 6 7 8 9 10 11 12 13 14 15 16 17 19 33 34 35 36 37 38 39 40 41 42 43 44 45 46 47 48 49 50 51
(19,*) 0 1 2 3 4 5 6 7 8 9 10 11 12 13 14 15 16 17 18 33 34 35 36 37 38 39 40 41 42 43 44 45 46 47 48 49 50 51
(33,*) 0 1 2 3 4 5 6 7 8 9 10 11 12 13 14 15 16 17 18 19 34 35 36 37 38 39 40 41 42 43 44 45 46 47 48 49 50 51
(34,*) 0 1 2 3 4 5 6 7 8 9 10 11 12 13 14 15 16 17 18 19 33 35 36 37 38 39 40 41 42 43 44 45 46 47 48 49 50 51
(35,*) 0 1 2 3 4 5 6 7 8 9 10 11 12 13 14 15 16 17 18 19 33 34 36 37 38 39 40 41 42 43 44 45 46 47 48 49 50 51
(36,*) 0 1 2 3 4 5 6 7 8 9 10 11 12 13 14 15 16 17 18 19 33 34 35 37 38 39 40 41 42 43 44 45 46 47 48 49 50 51
(37,*) 0 1 2 3 4 5 6 7 8 9 10 11 12 13 14 15 16 17 18 19 33 34 35 36 38 39 40 41 42 43 44 45 46 47 48 49 50 51
(38,*) 0 1 2 3 4 5 6 7 8 9 10 11 12 13 14 15 16 17 18 19 33 34 35 36 37 39 40 41 42 43 44 45 46 47 48 49 50 51
(39,*) 0 1 2 3 4 5 6 7 8 9 10 11 12 13 14 15 16 17 18 19 33 34 35 36 37 38 40 41 42 43 44 45 46 47 48 49 50 51
(40,*) 0 1 2 3 4 5 6 7 8 9 10 11 12 13 14 15 16 17 18 19 33 34 35 36 37 38 39 41 42 43 44 45 46 47 48 49 50 51
(41,*) 0 1 2 3 4 5 6 7 8 9 10 11 12 13 14 15 16 17 18 19 33 34 35 36 37 38 39 40 42 43 44 45 46 47 48 49 50 51
(42,*) 0 1 2 3 4 5 6 7 8 9 10 11 12 13 14 15 16 17 18 19 33 34 35 36 37 38 39 40 41 43 44 45 46 47 48 49 50 51
(43,*) 0 1 2 3 4 5 6 7 8 9 10 11 12 13 14 15 16 17 18 19 33 34 35 36 37 38 39 40 41 42 44 45 46 47 48 49 50 51
(44,*) 0 1 2 3 4 5 6 7 8 9 10 11 12 13 14 15 16 17 18 19 33 34 35 36 37 38 39 40 41 42 43 45 46 47 48 49 50 51
(45,*) 0 1 2 3 4 5 6 7 8 9 10 11 12 13 14 15 16 17 18 19 33 34 35 36 37 38 39 40 41 42 43 44 46 47 48 49 50 51
(46,*) 0 1 2 3 4 5 6 7 8 9 10 11 12 13 14 15 16 17 18 19 33 34 35 36 37 38 39 40 41 42 43 44 45 48 49 50 51
(47,*) 0 1 2 3 4 5 6 7 8 9 10 11 12 13 14 15 16 17 18 19 33 34 35 36 37 38 39 40 41 42 43 44 45 48 49 50 51
(48,*) 0 1 2 3 4 5 6 7 8 9 10 11 12 13 14 15 16 17 18 19 33 34 35 36 37 38 39 40 41 42 43 44 45 46 47 50 51
(49,*) 0 1 2 3 4 5 6 7 8 9 10 11 12 13 14 15 16 17 18 19 33 34 35 36 37 38 39 40 41 42 43 44 45 46 47 50 51
(50,*) 0 1 2 3 4 5 6 7 8 9 10 11 12 13 14 15 16 17 18 19 33 34 35 36 37 38 39 40 41 42 43 44 45 46 47 48 49 51
(51,*) 0 1 2 3 4 5 6 7 8 9 10 11 12 13 14 15 16 17 18 19 33 34 35 36 37 38 39 40 41 42 43 44 45 46 47 48 49 50
;
set A2:=
(46,*) 47
(47,*) 46
(48,*) 49
(49,*) 48
;
param BigM:=99999;
param n:= 7;
param d:=
1	12
2	13
3	7
4	10
5	23
6	19
7	12
8	19
9	24
10	4
11	20
12	15
13	13
14	12
15	3
16	23
17	1
18	13
19	22
20	26
21	1
22	2
23	20
24	7
25	24
26	9
27	20
28	3
29	7
30	18
31	6
32	21
33	20
34	10
35	15
36	12
37	13
38	6
39	9
40	22
41	18
42	10
43	17
44	20
45	2
;
param Q:=100
param w:=
[46,*] 47 5
[47,*] 46 5
[48,*] 49 5
[49,*] 48 5
;
param V:=
[46,*] 47 361
[47,*] 46 361
[48,*] 49 361
[49,*] 48 361
;
param f:=
46	100
47	100
48	100
49	100
50	100
51	100
;
param e:
	46	47	48	49	50	51:=
20	0	0	1	0	0	0	
21	0	0	0	0	1	0	
22	0	0	1	0	0	0	
23	1	0	0	0	1	0	
24	0	0	0	0	1	0	
25	1	0	0	0	1	0	
26	1	0	0	0	0	0	
27	1	0	0	0	0	0	
28	0	0	0	0	1	0	
29	0	0	0	1	0	0	
30	1	0	0	0	0	0	
31	0	0	0	1	1	0	
32	1	0	0	0	0	0	
33	0	0	1	0	0	1	
34	0	1	0	0	1	1	
35	1	0	0	0	0	0	
36	0	0	1	0	0	1	
37	0	0	0	1	1	0	
38	0	0	0	1	1	0	
39	0	1	0	0	0	0	
40	0	0	1	0	1	1	
41	0	1	0	0	1	1	
42	0	0	0	1	1	0	
43	0	0	0	0	1	1	
44	0	0	1	0	0	1	
45	0	1	0	0	0	1	
;
param r:
	46	47	48	49:=
46	0	1	0	0	
47	1	0	0	0	
48	0	0	0	1	
49	0	0	1	0	
;
param p:=
1	1
2	1
3	1
4	1
5	1
6	1
7	1
;
param G:=
46	361
47	361
48	361
49	361
50	90
51	90
;
param s:=
0	0
1	15
2	15
3	15
4	15
5	15
6	15
7	15
8	15
9	15
10	15
11	15
12	15
13	15
14	15
15	15
16	15
17	15
18	15
19	15
33	15
34	15
35	15
36	15
37	15
38	15
39	15
40	15
41	15
42	15
43	15
44	15
45	15
46	30
47	30
48	30
49	30
50	15
51	15
;
param t:
	0	1	2	3	4	5	6	7	8	9	10	11	12	13	14	15	16	17	18	19	20	21	22	23	24	25	26	27	28	29	30	31	32	33	34	35	36	37	38	39	40	41	42	43	44	45	46	47	48	49	50	51:=
0	0.0	70.88	20.59	40.05	31.24	52.95	26.08	34.53	68.12	25.61	19.8	63.78	32.98	66.03	28.84	21.26	54.59	16.12	79.62	58.86	54.04	38.42	24.08	46.69	38.21	53.67	90.0	73.59	48.04	75.18	69.86	52.8	73.54	30.59	8.25	56.64	16.97	66.12	52.84	46.65	39.7	6.32	63.56	38.21	21.26	22.8	80.05	35.49	47.31	73.69	31.02	30.08
1	70.88	0.0	91.08	35.61	98.39	18.87	66.27	36.77	24.0	93.04	54.33	29.73	92.09	22.8	68.12	62.13	95.27	78.71	14.56	31.62	101.86	66.6	64.4	64.9	38.42	48.33	74.11	71.39	29.73	16.12	48.17	28.64	73.76	89.31	71.02	68.88	86.16	24.08	22.8	48.33	65.3	77.2	11.66	60.96	90.62	91.08	66.87	76.41	100.41	15.11	42.54	92.44
2	20.59	91.08	0.0	58.55	14.14	72.8	41.18	54.41	86.21	10.2	40.0	84.02	24.17	86.53	36.77	34.23	51.11	17.09	100.18	76.0	46.82	46.52	34.93	55.46	56.32	67.47	100.18	82.37	66.48	95.77	83.95	73.24	81.63	23.32	24.08	64.5	6.32	84.21	73.43	65.3	48.33	14.42	84.1	48.7	4.47	16.49	90.75	46.14	38.42	94.27	49.82	19.31
3	40.05	35.61	58.55	0.0	63.91	16.97	47.2	10.0	28.07	58.82	30.53	44.72	56.6	42.38	32.56	26.83	61.06	44.27	48.17	19.7	66.84	32.25	28.84	32.98	2.83	23.41	61.06	50.0	8.0	46.04	35.38	34.06	51.42	53.85	43.17	40.05	52.95	26.08	28.64	44.94	31.3	46.0	33.29	26.83	57.27	62.51	51.28	59.66	64.9	44.46	9.06	57.25
4	31.24	98.39	14.14	63.91	0.0	79.62	54.63	61.77	90.24	5.66	50.99	94.76	14.42	96.54	36.0	37.36	41.04	19.7	108.76	79.25	34.99	44.41	36.5	52.95	61.35	68.0	96.77	78.43	71.47	104.86	84.1	83.55	77.25	15.23	36.72	60.73	14.42	88.29	82.8	77.67	46.39	26.08	92.65	48.04	10.77	30.07	87.96	60.23	26.27	103.31	55.95	9.85
5	52.95	18.87	72.8	16.97	79.62	0.0	52.5	18.44	21.26	74.32	38.21	32.25	73.24	28.07	49.52	43.27	77.67	59.93	31.24	20.88	83.74	48.83	45.61	48.33	19.8	34.23	67.05	60.03	12.65	29.53	39.85	24.17	62.0	70.46	54.04	53.85	67.68	19.8	17.09	41.04	47.71	59.23	17.09	43.27	72.11	74.11	58.26	63.96	81.87	27.98	23.71	73.57
6	26.08	66.27	41.18	47.2	54.63	52.5	0.0	37.74	72.5	49.4	16.97	48.7	58.86	53.37	51.92	42.38	80.22	42.19	70.46	66.57	80.1	60.17	46.17	67.08	46.86	67.94	106.3	92.09	53.85	64.78	82.22	40.45	92.65	56.57	18.44	76.94	40.5	70.68	44.0	26.08	60.93	29.12	56.0	58.14	43.86	31.24	96.24	12.56	73.35	63.56	39.62	55.54
7	34.53	36.77	54.41	10.0	61.77	18.44	37.74	0.0	35.44	56.36	21.54	38.63	56.64	37.74	34.99	26.91	65.39	42.19	47.2	28.84	69.97	37.36	30.0	40.05	10.77	33.11	71.02	59.46	16.12	43.86	45.34	27.2	60.73	53.81	36.06	48.17	49.4	33.53	23.32	35.44	36.88	40.79	31.24	32.56	53.85	56.0	61.2	50.07	66.82	42.28	7.62	56.4
8	68.12	24.0	86.21	28.07	90.24	21.26	72.5	35.44	0.0	85.51	56.92	50.16	80.99	44.27	55.71	52.95	78.1	71.02	38.21	11.66	86.02	51.11	53.85	46.86	30.0	28.28	50.16	48.08	20.1	40.05	24.33	44.41	50.6	78.43	71.02	48.41	80.4	2.0	37.2	62.23	49.4	74.03	31.62	45.65	84.59	90.55	42.91	84.41	86.32	38.92	37.12	82.57
9	25.61	93.04	10.2	58.82	5.66	74.32	49.4	56.36	85.51	0.0	45.34	89.11	14.42	90.91	32.25	32.56	41.62	14.56	103.25	74.67	36.77	41.23	32.06	50.0	56.32	64.12	94.34	76.16	66.48	99.3	80.4	77.9	75.15	14.14	31.3	58.31	8.94	83.55	77.2	72.11	43.17	20.59	87.13	44.41	6.0	26.68	85.27	55.54	28.28	97.75	50.7	9.43
10	19.8	54.33	40.0	30.53	50.99	38.21	16.97	21.54	56.92	45.34	0.0	44.05	50.99	46.65	38.05	28.07	68.26	34.0	61.35	50.12	69.86	45.12	32.06	51.26	30.0	50.99	89.38	75.47	37.58	56.46	65.3	33.29	76.16	48.33	17.09	60.93	36.77	55.03	34.18	27.86	45.61	25.61	45.61	42.38	41.04	36.88	79.33	29.53	64.31	55.03	22.67	48.88
11	63.78	29.73	84.02	44.72	94.76	32.25	48.7	38.63	50.16	89.11	44.05	0.0	92.8	7.21	73.35	64.5	104.0	76.58	25.3	52.95	108.24	75.89	68.0	77.67	47.07	66.0	98.95	92.2	44.0	18.97	71.81	11.66	94.09	90.0	60.46	84.59	80.72	49.4	16.12	24.08	75.29	69.66	18.87	70.88	85.04	78.71	90.4	55.43	104.43	18.42	46.24	91.55
12	32.98	92.09	24.17	56.6	14.42	73.24	58.86	56.64	80.99	14.42	50.99	92.8	0.0	93.51	25.3	30.0	27.2	17.09	103.71	69.57	22.8	32.06	27.78	40.05	53.85	56.57	82.97	64.56	63.53	100.5	72.11	81.22	63.25	2.83	40.45	47.07	20.4	79.12	79.25	78.79	34.06	30.07	87.86	36.5	19.7	40.5	74.44	66.81	14.84	98.91	49.82	5.0
13	66.03	22.8	86.53	42.38	96.54	28.07	53.37	37.74	44.27	90.91	46.65	7.21	93.51	0.0	72.72	64.4	102.86	77.79	18.44	48.17	107.7	74.32	67.68	75.29	44.94	62.29	93.74	88.0	40.45	12.17	66.75	13.42	90.02	90.69	63.53	81.58	82.8	43.68	14.42	30.07	73.54	72.11	12.65	69.08	87.2	82.46	85.5	61.04	104.44	11.41	45.28	92.63
14	28.84	68.12	36.77	32.56	36.0	49.52	51.92	34.99	55.71	32.25	38.05	73.35	25.3	72.72	0.0	10.0	31.05	19.7	80.62	44.27	34.99	10.0	6.0	18.87	29.73	32.0	63.53	46.04	38.83	78.1	48.17	61.74	45.61	22.8	36.72	28.43	30.46	53.85	58.31	64.5	11.66	31.11	65.3	12.17	33.53	48.41	54.0	63.12	32.36	76.51	27.46	27.29
15	21.26	62.13	34.23	26.83	37.36	43.27	42.38	26.91	52.95	32.56	28.07	64.5	30.0	64.4	10.0	0.0	40.79	18.11	73.76	42.19	43.86	17.89	4.0	25.61	24.17	33.53	68.82	52.35	34.18	70.71	50.0	52.84	52.35	27.2	28.43	35.61	28.07	50.99	50.0	54.59	18.87	25.06	58.0	16.97	32.0	42.94	58.92	53.93	40.04	69.12	19.85	30.41
16	54.59	95.27	51.11	61.06	41.04	77.67	80.22	65.39	78.1	41.62	68.26	104.0	27.2	102.86	31.05	40.79	0.0	39.29	108.81	66.6	10.0	28.84	36.88	31.24	58.31	50.0	64.0	46.17	65.6	107.07	61.74	92.48	44.05	27.78	62.8	32.31	46.52	76.58	88.57	95.35	30.0	53.85	94.34	34.41	46.65	67.08	57.4	90.05	16.6	105.49	57.78	32.2
17	16.12	78.71	17.09	44.27	19.7	59.93	42.19	42.19	71.02	14.56	34.0	76.58	17.09	77.79	19.7	18.11	39.29	0.0	89.31	60.3	38.0	29.53	18.11	38.47	41.76	50.64	83.19	65.51	51.92	85.6	67.08	65.12	64.9	14.56	24.0	47.71	10.77	69.05	63.78	61.74	31.3	14.56	73.24	31.62	14.14	29.73	73.69	51.04	31.2	84.04	36.25	15.0
18	79.62	14.56	100.18	48.17	108.76	31.24	70.46	47.2	38.21	103.25	61.35	25.3	103.71	18.44	80.62	73.76	108.81	89.31	0.0	46.17	114.98	80.0	76.42	78.89	50.99	62.77	88.0	85.91	43.27	6.32	62.51	30.07	88.29	100.9	78.43	83.26	95.77	38.47	27.2	48.37	78.82	85.91	16.12	74.4	100.24	98.08	81.11	78.96	112.97	7.1	53.91	103.6
19	58.86	31.62	76.0	19.7	79.25	20.88	66.57	28.84	11.66	74.67	50.12	52.95	69.57	48.17	44.27	42.19	66.6	60.3	46.17	0.0	74.4	39.45	42.76	35.38	20.88	17.2	46.17	40.2	12.81	46.69	18.97	44.94	42.43	67.05	62.64	37.74	70.03	10.0	37.95	60.46	37.74	64.5	36.0	34.0	74.11	81.58	37.45	78.91	74.66	45.34	28.46	71.31
20	54.04	101.86	46.82	66.84	34.99	83.74	80.1	69.97	86.02	36.77	69.86	108.24	22.8	107.7	34.99	43.86	10.0	38.0	114.98	74.4	0.0	35.38	40.25	39.45	64.03	58.31	74.0	56.14	72.14	112.8	70.94	96.6	54.04	24.33	62.0	41.76	43.17	84.4	93.3	97.53	36.88	52.15	100.0	41.04	42.38	63.25	67.34	88.94	8.74	111.21	62.43	27.51
21	38.42	66.6	46.52	32.25	44.41	48.83	60.17	37.36	51.11	41.23	45.12	75.89	32.06	74.32	10.0	17.89	28.84	29.53	80.0	39.45	35.38	0.0	14.42	8.94	29.53	24.74	53.67	36.06	36.88	78.23	40.05	64.56	35.61	30.0	46.04	18.44	40.25	49.4	60.17	70.0	2.0	41.04	65.51	5.66	43.08	58.41	44.26	71.82	35.22	76.65	29.83	35.06
22	24.08	64.4	34.93	28.84	36.5	45.61	46.17	30.0	53.85	32.06	32.06	68.0	27.78	67.68	6.0	4.0	36.88	18.11	76.42	42.76	40.25	14.42	0.0	22.63	26.08	32.56	66.57	49.68	35.78	73.59	49.03	56.36	49.52	25.06	31.62	32.56	28.64	51.92	53.25	58.55	15.62	27.2	60.83	14.42	32.25	44.94	56.79	57.58	36.83	72.0	22.67	28.79
23	46.69	64.9	55.46	32.98	52.95	48.33	67.08	40.05	46.86	50.0	51.26	77.67	40.05	75.29	18.87	25.61	31.24	38.47	78.89	35.38	39.45	8.94	22.63	0.0	30.59	18.87	44.72	27.2	35.78	77.82	32.56	66.75	26.91	38.21	54.04	10.0	49.19	45.34	61.61	74.43	7.21	49.68	65.39	8.94	52.0	67.2	35.35	79.07	41.01	76.28	33.02	43.42
24	38.21	38.42	56.32	2.83	61.35	19.8	46.86	10.77	30.0	56.32	30.0	47.07	53.85	44.94	29.73	24.17	58.31	41.76	50.99	20.88	64.03	29.53	26.08	30.59	0.0	22.36	60.46	48.7	10.2	48.83	35.38	36.22	50.0	51.11	41.76	38.0	50.64	28.0	31.05	46.17	28.64	44.05	36.06	24.17	54.92	60.83	50.58	59.39	62.07	47.24	7.62	54.56
25	53.67	48.33	67.47	23.41	68.0	34.23	67.94	33.11	28.28	64.12	50.99	66.0	56.57	62.29	32.0	33.53	50.0	50.64	62.77	17.2	58.31	24.74	32.56	18.87	22.36	0.0	38.42	26.68	22.0	62.64	16.49	56.32	28.28	54.33	59.36	20.59	61.19	26.91	50.04	68.35	22.8	58.31	50.99	20.1	64.78	76.16	28.41	80.49	59.5	61.19	28.6	59.14
26	90.0	74.11	100.18	61.06	96.77	67.05	106.3	71.02	50.16	94.34	89.38	98.95	82.97	93.74	63.53	68.82	64.0	83.19	88.0	46.17	74.0	53.67	66.57	44.72	60.46	38.42	0.0	18.44	57.27	90.2	27.2	91.08	20.1	81.61	96.54	36.06	93.91	50.36	84.12	105.55	51.88	93.74	81.22	52.15	96.66	111.52	10.08	118.83	79.29	89.08	67.01	86.98
27	73.59	71.39	82.37	50.0	78.43	60.03	92.09	59.46	48.08	76.16	75.47	92.2	64.56	88.0	46.04	52.35	46.17	65.51	85.91	40.2	56.14	36.06	49.68	27.2	48.7	26.68	18.44	0.0	48.37	86.83	24.17	82.87	2.83	63.25	80.62	17.89	76.16	47.54	76.42	94.87	34.41	76.84	76.11	35.38	78.71	94.4	11.41	104.44	61.04	85.5	54.13	68.62
28	48.04	29.73	66.48	8.0	71.47	12.65	53.85	16.12	20.1	66.48	37.58	44.0	63.53	40.45	38.83	34.18	65.6	51.92	43.27	12.81	72.14	36.88	35.78	35.78	10.2	22.0	57.27	48.37	0.0	42.05	30.53	34.53	50.16	60.83	50.99	41.23	60.83	18.11	28.07	48.37	35.61	54.0	29.73	31.24	65.12	70.46	47.9	66.14	70.91	40.52	17.03	64.47
29	75.18	16.12	95.77	46.04	104.86	29.53	64.78	43.86	40.05	99.3	56.46	18.97	100.5	12.17	78.1	70.71	107.07	85.6	6.32	46.69	112.8	78.23	73.59	77.82	48.83	62.64	90.2	86.83	42.05	0.0	64.03	24.33	89.11	97.67	73.54	82.87	91.59	40.0	22.36	42.19	77.18	81.41	12.81	72.72	96.04	92.97	82.81	72.97	110.36	1.59	50.93	100.12
30	69.86	48.17	83.95	35.38	84.1	39.85	82.22	45.34	24.33	80.4	65.3	71.81	72.11	66.75	48.17	50.0	61.74	67.08	62.51	18.97	70.94	40.05	49.03	32.56	35.38	16.49	27.2	24.17	30.53	64.03	0.0	63.91	26.83	70.03	75.18	29.53	77.67	24.08	56.92	78.89	38.05	74.67	54.33	36.06	81.22	92.48	18.82	94.76	73.41	62.81	42.64	75.0
31	52.8	28.64	73.24	34.06	83.55	24.17	40.45	27.2	44.41	77.9	33.29	11.66	81.22	13.42	61.74	52.84	92.48	65.12	30.07	44.94	96.6	64.56	56.36	66.75	36.22	56.32	91.08	82.87	34.53	24.33	63.91	0.0	84.59	78.41	50.12	74.11	69.66	43.27	7.21	19.7	64.03	58.82	17.09	59.67	74.03	69.08	82.07	49.04	92.77	23.12	34.79	80.06
32	73.54	73.76	81.63	51.42	77.25	62.0	92.65	60.73	50.6	75.15	76.16	94.09	63.25	90.02	45.61	52.35	44.05	64.9	88.29	42.43	54.04	35.61	49.52	26.91	50.0	28.28	20.1	2.83	50.16	89.11	26.83	84.59	0.0	62.03	80.72	17.2	75.47	50.0	78.23	96.17	34.06	76.58	78.23	35.38	77.9	94.02	13.96	104.93	59.19	87.76	55.15	67.42
33	30.59	89.31	23.32	53.85	15.23	70.46	56.57	53.81	78.43	14.14	48.33	90.0	2.83	90.69	22.8	27.2	27.78	14.56	100.9	67.05	24.33	30.0	25.06	38.21	51.11	54.33	81.61	63.25	60.83	97.67	70.03	78.41	62.03	0.0	38.21	45.61	18.97	76.55	76.42	76.16	32.0	28.0	85.04	34.23	18.87	39.4	72.91	64.81	16.83	96.09	47.01	5.39
34	8.25	71.02	24.08	43.17	36.72	54.04	18.44	36.06	71.02	31.3	17.09	60.46	40.45	63.53	36.72	28.43	62.8	24.0	78.43	62.64	62.0	46.04	31.62	54.04	41.76	59.36	96.54	80.62	50.99	73.54	75.18	50.12	80.72	38.21	0.0	64.03	22.36	69.05	51.26	41.23	47.2	10.77	62.64	45.34	26.08	20.1	86.52	27.26	55.02	72.11	34.21	37.11
35	56.64	68.88	64.5	40.05	60.73	53.85	76.94	48.17	48.41	58.31	60.93	84.59	47.07	81.58	28.43	35.61	32.31	47.71	83.26	37.74	41.76	18.44	32.56	10.0	38.0	20.59	36.06	17.89	41.23	82.87	29.53	74.11	17.2	45.61	64.03	0.0	58.31	47.2	68.47	83.19	16.97	59.46	70.88	18.87	60.83	76.84	27.37	88.99	45.22	81.39	41.59	50.96
36	16.97	86.16	6.32	52.95	14.42	67.68	40.5	49.4	80.4	8.94	36.77	80.72	20.4	82.8	30.46	28.07	46.52	10.77	95.77	70.03	43.17	40.25	28.64	49.19	50.64	61.19	93.91	76.16	60.83	91.59	77.67	69.66	75.47	18.97	22.36	58.31	0.0	78.41	69.34	63.25	42.05	11.66	79.65	42.38	4.47	20.59	84.45	47.07	35.16	90.06	44.38	16.03
37	66.12	24.08	84.21	26.08	88.29	19.8	70.68	33.53	2.0	83.55	55.03	49.4	79.12	43.68	53.85	50.99	76.58	69.05	38.47	10.0	84.4	49.4	51.92	45.34	28.0	26.91	50.36	47.54	18.11	40.0	24.08	43.27	50.0	76.55	69.05	47.2	78.41	0.0	36.06	60.83	47.71	72.03	31.05	43.91	82.61	88.57	42.81	82.64	84.59	38.81	35.13	80.65
38	52.84	22.8	73.43	28.64	82.8	17.09	44.0	23.32	37.2	77.2	34.18	16.12	79.25	14.42	58.31	50.0	88.57	63.78	27.2	37.95	93.3	60.17	53.25	61.61	31.05	50.04	84.12	76.42	28.07	22.36	56.92	7.21	78.23	76.42	51.26	68.47	69.34	36.06	0.0	26.08	59.46	59.06	12.0	55.03	73.78	70.88	75.23	53.69	90.03	20.89	30.89	78.52
39	46.65	48.33	65.3	44.94	77.67	41.04	26.08	35.44	62.23	72.11	27.86	24.08	78.79	30.07	64.5	54.59	95.35	61.74	48.37	60.46	97.53	70.0	58.55	74.43	46.17	68.35	105.55	94.87	48.37	42.19	78.89	19.7	96.17	76.16	41.23	83.19	63.25	60.83	26.08	0.0	70.03	51.61	36.77	66.12	67.2	57.2	95.97	31.39	92.16	41.28	41.59	76.48
40	39.7	65.3	48.33	31.3	46.39	47.71	60.93	36.88	49.4	43.17	45.61	75.29	34.06	73.54	11.66	18.87	30.0	31.3	78.82	37.74	36.88	2.0	15.62	7.21	28.64	22.8	51.88	34.41	35.61	77.18	38.05	64.03	34.06	32.0	47.2	16.97	42.05	47.71	59.46	70.03	0.0	42.52	64.5	4.47	44.94	60.0	42.42	72.7	36.99	75.61	29.43	37.05
41	6.32	77.2	14.42	46.0	26.08	59.23	29.12	40.79	74.03	20.59	25.61	69.66	30.07	72.11	31.11	25.06	53.85	14.56	85.91	64.5	52.15	41.04	27.2	49.68	44.05	58.31	93.74	76.84	54.0	81.41	74.67	58.82	76.58	28.0	10.77	59.46	11.66	72.03	59.06	51.61	42.52	0.0	69.86	41.62	15.62	17.89	83.91	36.81	44.81	79.93	37.01	26.48
42	63.56	11.66	84.1	33.29	92.65	17.09	56.0	31.24	31.62	87.13	45.61	18.87	87.86	12.65	65.3	58.0	94.34	73.24	16.12	36.0	100.0	65.51	60.83	65.39	36.06	50.99	81.22	76.11	29.73	12.81	54.33	17.09	78.23	85.04	62.64	70.88	79.65	31.05	12.0	36.77	64.5	69.86	0.0	60.03	84.12	82.46	73.13	65.55	97.57	11.21	38.18	87.62
43	38.21	60.96	48.7	26.83	48.04	43.27	58.14	32.56	45.65	44.41	42.38	70.88	36.5	69.08	12.17	16.97	34.41	31.62	74.4	34.0	41.04	5.66	14.42	8.94	24.17	20.1	52.15	35.38	31.24	72.72	36.06	59.67	35.38	34.23	45.34	18.87	42.38	43.91	55.03	66.12	4.47	41.62	60.03	0.0	45.61	59.36	42.4	70.13	40.68	71.15	25.18	39.05
44	21.26	90.62	4.47	57.27	10.77	72.11	43.86	53.85	84.59	6.0	41.04	85.04	19.7	87.2	33.53	32.0	46.65	14.14	100.24	74.11	42.38	43.08	32.25	52.0	54.92	64.78	96.66	78.71	65.12	96.04	81.22	74.03	77.9	18.87	26.08	60.83	4.47	82.61	73.78	67.2	44.94	15.62	84.12	45.61	0.0	20.88	87.34	49.63	34.02	94.52	48.76	14.87
45	22.8	91.08	16.49	62.51	30.07	74.11	31.24	56.0	90.55	26.68	36.88	78.71	40.5	82.46	48.41	42.94	67.08	29.73	98.08	81.58	63.25	58.41	44.94	67.2	60.83	76.16	111.52	94.4	70.46	92.97	92.48	69.08	94.02	39.4	20.1	76.84	20.59	88.57	70.88	57.2	60.0	17.89	82.46	59.36	20.88	0.0	101.73	32.49	54.9	91.6	53.46	35.74
46	80.05	66.87	90.75	51.28	87.96	58.26	96.24	61.2	42.91	85.27	79.33	90.4	74.44	85.5	54.0	58.92	57.4	73.69	81.11	37.45	67.34	44.26	56.79	35.35	50.58	28.41	10.08	11.41	47.9	82.81	18.82	82.07	13.96	72.91	86.52	27.37	84.45	42.81	75.23	95.97	42.42	83.91	73.13	42.4	87.34	101.73	0.0	108.76	71.91	81.6	57.01	78.24
47	35.49	76.41	46.14	59.66	60.23	63.96	12.56	50.07	84.41	55.54	29.53	55.43	66.81	61.04	63.12	53.93	90.05	51.04	78.96	78.91	88.94	71.82	57.58	79.07	59.39	80.49	118.83	104.44	66.14	72.97	94.76	49.04	104.93	64.81	27.26	88.99	47.07	82.64	53.69	31.39	72.7	36.81	65.55	70.13	49.63	32.49	108.76	0.0	81.6	71.91	52.18	62.93
48	47.31	100.41	38.42	64.9	26.27	81.87	73.35	66.82	86.32	28.28	64.31	104.43	14.84	104.44	32.36	40.04	16.6	31.2	112.97	74.66	8.74	35.22	36.83	41.01	62.07	59.5	79.29	61.04	70.91	110.36	73.41	92.77	59.19	16.83	55.02	45.22	35.16	84.59	90.03	92.16	36.99	44.81	97.57	40.68	34.02	54.9	71.91	81.6	0.0	108.76	59.49	19.23
49	73.69	15.11	94.27	44.46	103.31	27.98	63.56	42.28	38.92	97.75	55.03	18.42	98.91	11.41	76.51	69.12	105.49	84.04	7.1	45.34	111.21	76.65	72.0	76.28	47.24	61.19	89.08	85.5	40.52	1.59	62.81	23.12	87.76	96.09	72.11	81.39	90.06	38.81	20.89	41.28	75.61	79.93	11.21	71.15	94.52	91.6	81.6	71.91	108.76	0.0	49.34	98.55
50	31.02	42.54	49.82	9.06	55.95	23.71	39.62	7.62	37.12	50.7	22.67	46.24	49.82	45.28	27.46	19.85	57.78	36.25	53.91	28.46	62.43	29.83	22.67	33.02	7.62	28.6	67.01	54.13	17.03	50.93	42.64	34.79	55.15	47.01	34.21	41.59	44.38	35.13	30.89	41.59	29.43	37.01	38.18	25.18	48.76	53.46	57.01	52.18	59.49	49.34	0.0	49.93
51	30.08	92.44	19.31	57.25	9.85	73.57	55.54	56.4	82.57	9.43	48.88	91.55	5.0	92.63	27.29	30.41	32.2	15.0	103.6	71.31	27.51	35.06	28.79	43.42	54.56	59.14	86.98	68.62	64.47	100.12	75.0	80.06	67.42	5.39	37.11	50.96	16.03	80.65	78.52	76.48	37.05	26.48	87.62	39.05	14.87	35.74	78.24	62.93	19.23	98.55	49.93	0.0
;
