vehicles
vehicle_idx, capacity, cost_per_unit_distance
1,100,3
2,100,3
3,100,3
4,100,3
5,100,3
6,100,3
7,100,3
depot
node_idx,x,y
0,61,99
home delivery customers
node_idx,x,y,service_time,demand
1,45,87,10,1
2,29,71,10,6
3,73,35,10,20
4,17,35,10,14
5,75,77,10,7
6,79,81,10,20
7,45,5,10,19
8,93,69,10,13
9,89,33,10,8
10,13,65,10,12
11,67,75,10,14
12,41,27,10,25
13,83,7,10,15
14,57,81,10,9
15,93,89,10,10
16,35,35,10,24
self pickup customers
node_idx,x,y,service_time,demand,locker_idxs
17,55,23,10,12,53
18,87,79,10,5,45
19,75,63,10,1,52
20,65,61,10,13,52-54-50
21,49,37,10,8,53-49-51
22,85,31,10,21,47
23,89,43,10,24,47
24,49,69,10,3,45
25,93,33,10,17,47
26,63,9,10,20,53
27,49,77,10,17,54
28,57,81,10,19,52
29,17,13,10,6,46
30,7,25,10,21,46
flexible customers
node_idx,x,y,service_time,demand,locker_idxs
31,95,7,10,14,47
32,15,47,10,16,46
33,39,75,10,23,50-48
34,39,99,10,18,48
35,89,71,10,8,50
36,63,25,10,26,53-49-51-55
37,39,45,10,22,53-55-51-49
38,47,77,10,16,54-52-50
39,29,19,10,20,53-46
40,33,9,10,22,53-46
41,41,13,10,12,53-46
42,45,5,10,20,53
43,81,61,10,2,50
44,89,27,10,11,47
lockers
node_idx,x,y,service_time,capacity,cost_per_unit_good
45,65,88,10,79
46,25,15,10,97
47,93,12,10,99
48,22,88,10,93
49,51,32,10,75
50,62,81,10,74
51,50,43,10,79
52,64,85,10,93
53,53,25,10,70
54,61,85,10,97
55,54,44,10,96
mrt lines
start_node_idx,end_node_idx,freight_capacity,cost_per_unit_good
0,1,97,0.1
1,0,97,0.1
distance matrix
,0,1,2,3,4,5,6,7,8,9,10,11,12,13,14,15,16,17,18,19,20,21,22,23,24,25,26,27,28,29,30,31,32,33,34,35,36,37,38,39,40,41,42,43,44,45,46,47,48,49,50,51,52,53,54,55,
0,0.0,20.0,42.52,65.12,77.67,26.08,25.46,95.35,43.86,71.69,58.82,24.74,74.73,94.59,18.44,33.53,69.08,76.24,32.8,38.63,38.21,63.15,72.11,62.61,32.31,73.35,90.02,25.06,18.44,96.6,91.61,98.08,69.43,32.56,22.0,39.6,74.03,58.31,26.08,86.16,94.25,88.29,95.35,42.94,77.25,11.7,91.39,92.7,40.52,67.74,18.03,57.07,14.32,74.43,14.0,55.44
1,20.0,0.0,22.63,59.06,59.06,31.62,34.53,82.0,51.26,69.66,38.83,25.06,60.13,88.57,13.42,48.04,52.95,64.78,42.76,38.42,32.8,50.16,68.82,62.23,18.44,72.25,80.05,10.77,13.42,79.12,72.72,94.34,50.0,13.42,13.42,46.82,64.56,42.43,10.2,69.86,78.92,74.11,82.0,44.41,74.4,20.02,74.73,89.04,23.02,55.33,18.03,44.28,19.1,62.51,16.12,43.93
2,42.52,22.63,0.0,56.85,37.95,46.39,50.99,67.91,64.03,71.02,17.09,38.21,45.61,83.74,29.73,66.48,36.5,54.59,58.55,46.69,37.36,39.45,68.82,66.21,20.1,74.43,70.71,20.88,29.73,59.23,50.99,91.93,27.78,10.77,29.73,60.0,57.2,27.86,18.97,52.0,62.13,59.23,67.91,52.95,74.4,39.81,56.14,87.05,18.38,44.78,34.48,35.0,37.7,51.88,34.93,36.8
3,65.12,59.06,56.85,0.0,56.0,42.05,46.39,41.04,39.45,16.12,67.08,40.45,32.98,29.73,48.7,57.58,38.0,21.63,46.17,28.07,27.2,24.08,12.65,17.89,41.62,20.1,27.86,48.37,48.7,60.17,66.75,35.61,59.23,52.5,72.47,39.4,14.14,35.44,49.4,46.82,47.71,38.83,41.04,27.2,17.89,53.6,52.0,30.48,73.55,22.2,47.3,24.35,50.8,22.36,51.42,21.02
4,77.67,59.06,37.95,56.0,0.0,71.61,77.2,41.04,83.26,72.03,30.27,64.03,25.3,71.69,60.96,93.23,18.0,39.85,82.68,64.4,54.59,32.06,68.12,72.44,46.69,76.03,52.84,52.8,60.96,22.0,14.14,82.87,12.17,45.65,67.68,80.5,47.07,24.17,51.61,20.0,30.53,32.56,41.04,69.08,72.44,71.51,21.54,79.4,53.24,34.13,64.35,33.96,68.62,37.36,66.6,38.08
5,26.08,31.62,46.39,42.05,71.61,0.0,5.66,78.0,19.7,46.17,63.15,8.25,60.46,70.46,18.44,21.63,58.0,57.58,12.17,14.0,18.87,47.71,47.07,36.77,27.2,47.54,69.05,26.0,18.44,86.37,85.6,72.8,67.08,36.06,42.19,15.23,53.37,48.17,28.0,74.03,79.92,72.47,78.0,17.09,51.92,14.87,79.65,67.45,54.13,51.0,13.6,42.2,13.6,56.46,16.12,39.12
6,25.46,34.53,50.99,46.39,77.2,5.66,0.0,83.26,18.44,49.03,67.91,13.42,66.03,74.11,22.0,16.12,63.66,62.77,8.25,18.44,24.41,53.25,50.36,39.29,32.31,50.0,73.76,30.27,22.0,92.02,91.21,75.71,72.47,40.45,43.86,14.14,58.24,53.81,32.25,79.65,85.44,77.9,83.26,20.1,54.92,15.65,85.28,70.41,57.43,56.44,17.0,47.8,15.52,61.74,18.44,44.65
7,95.35,82.0,67.91,41.04,41.04,78.0,83.26,0.0,80.0,52.15,68.0,73.38,22.36,38.05,76.94,96.75,31.62,20.59,85.09,65.3,59.46,32.25,47.71,58.14,64.12,55.57,18.44,72.11,76.94,29.12,42.94,50.04,51.61,70.26,94.19,79.32,26.91,40.45,72.03,21.26,12.65,8.94,0.0,66.57,49.19,85.38,22.36,48.51,86.13,27.66,77.88,38.33,82.23,21.54,81.58,40.02
8,43.86,51.26,64.03,39.45,83.26,19.7,18.44,80.0,0.0,36.22,80.1,26.68,66.84,62.8,37.95,20.0,67.23,59.67,11.66,18.97,29.12,54.41,38.83,26.31,44.0,36.0,67.08,44.72,37.95,94.4,96.6,62.03,81.04,54.33,61.77,4.47,53.25,59.09,46.69,81.22,84.85,76.42,80.0,14.42,42.19,33.84,86.83,57.0,73.5,55.97,33.24,50.25,33.12,59.46,35.78,46.32
9,71.69,69.66,71.02,16.12,72.03,46.17,49.03,52.15,36.22,0.0,82.46,47.41,48.37,26.68,57.69,56.14,54.04,35.44,46.04,33.11,36.88,40.2,4.47,10.0,53.81,4.0,35.38,59.46,57.69,74.73,82.39,26.68,75.31,65.3,82.8,38.0,27.2,51.42,60.83,61.61,60.93,52.0,52.15,29.12,6.0,60.01,66.48,21.38,86.68,38.01,55.07,40.26,57.7,36.88,59.06,36.69
10,58.82,38.83,17.09,67.08,30.27,63.15,67.91,68.0,80.1,82.46,0.0,54.92,47.2,90.91,46.82,83.52,37.2,59.4,75.31,62.03,52.15,45.61,79.62,79.12,36.22,86.16,75.07,37.95,46.82,52.15,40.45,100.44,18.11,27.86,42.8,76.24,64.03,32.8,36.06,48.7,59.46,59.06,68.0,68.12,84.97,56.86,51.42,95.96,24.7,50.33,51.55,43.05,54.78,56.57,52.0,46.07
11,24.74,25.06,38.21,40.45,64.03,8.25,13.42,73.38,26.68,47.41,54.92,0.0,54.59,69.86,11.66,29.53,51.22,53.37,20.4,14.42,14.14,42.05,47.54,38.83,18.97,49.4,66.12,18.11,11.66,79.65,78.1,73.54,59.06,28.0,36.88,22.36,50.16,41.04,20.1,67.68,74.24,67.23,73.38,19.8,52.8,13.15,73.24,68.15,46.84,45.88,7.81,36.24,10.44,51.92,11.66,33.62
12,74.73,60.13,45.61,32.98,25.3,60.46,66.03,22.36,66.84,48.37,47.2,54.59,0.0,46.52,56.32,80.92,10.0,14.56,69.43,49.52,41.62,12.81,44.18,50.6,42.76,52.35,28.43,50.64,56.32,27.78,34.06,57.58,32.8,48.04,72.03,65.12,22.09,18.11,50.36,14.42,19.7,14.0,22.36,52.5,48.0,65.55,20.0,54.12,63.89,11.18,57.94,18.36,62.39,12.17,61.35,21.4
13,94.59,88.57,83.74,29.73,71.69,70.46,74.11,38.05,62.8,26.68,90.91,69.86,46.52,0.0,78.43,82.61,55.57,32.25,72.11,56.57,56.92,45.34,24.08,36.5,70.71,27.86,20.1,77.82,78.43,66.27,78.1,12.0,78.89,80.99,101.98,64.28,26.91,58.14,78.71,55.32,50.04,42.43,38.05,54.04,20.88,82.98,58.55,11.18,101.4,40.61,76.92,48.84,80.28,34.99,81.04,47.01
14,18.44,13.42,29.73,48.7,60.96,18.44,22.0,76.94,37.95,57.69,46.82,11.66,56.32,78.43,0.0,36.88,50.99,58.03,30.07,25.46,21.54,44.72,57.31,49.68,14.42,60.0,72.25,8.94,0.0,78.89,75.07,83.19,54.04,18.97,25.46,33.53,56.32,40.25,10.77,68.03,75.89,69.86,76.94,31.24,62.77,10.63,73.35,77.83,35.69,49.37,5.0,38.64,8.06,56.14,5.66,37.12
15,33.53,48.04,66.48,57.58,93.23,21.63,16.12,96.75,20.0,56.14,83.52,29.53,80.92,82.61,36.88,0.0,79.25,76.16,11.66,31.62,39.6,68.12,58.55,46.17,48.33,56.0,85.44,45.61,36.88,107.48,107.2,82.02,88.59,55.79,54.92,18.44,70.68,69.66,47.54,94.85,100.0,92.09,96.75,30.46,62.13,28.02,100.5,77.0,71.01,70.8,32.02,62.97,29.27,75.47,32.25,59.55
16,69.08,52.95,36.5,38.0,18.0,58.0,63.66,31.62,67.23,54.04,37.2,51.22,10.0,55.57,50.99,79.25,0.0,23.32,68.12,48.83,39.7,14.14,50.16,54.59,36.77,58.03,38.21,44.27,50.99,28.43,29.73,66.21,23.32,40.2,64.12,64.9,29.73,10.77,43.68,17.09,26.08,22.8,31.62,52.84,54.59,60.9,22.36,62.39,54.57,16.28,53.34,17.0,57.8,20.59,56.36,21.02
17,76.24,64.78,54.59,21.63,39.85,57.58,62.77,20.59,59.67,35.44,59.4,53.37,14.56,32.25,58.03,76.16,23.32,0.0,64.5,44.72,39.29,15.23,31.05,39.45,46.39,39.29,16.12,54.33,58.03,39.29,48.04,43.08,46.65,54.41,77.67,58.82,8.25,27.2,54.59,26.31,26.08,17.2,20.59,46.04,34.23,65.76,31.05,39.56,72.9,9.85,58.42,20.62,62.65,2.83,62.29,21.02
18,32.8,42.76,58.55,46.17,82.68,12.17,8.25,85.09,11.66,46.04,75.31,20.4,69.43,72.11,30.07,11.66,68.12,64.5,0.0,20.0,28.43,56.64,48.04,36.06,39.29,46.39,74.0,38.05,30.07,96.21,96.52,72.44,78.79,48.17,52.0,8.25,59.09,58.82,40.05,83.45,88.41,80.45,85.09,18.97,52.04,23.77,89.11,67.27,65.62,59.2,25.08,51.62,23.77,63.81,26.68,48.1
19,38.63,38.42,46.69,28.07,64.4,14.0,18.44,65.3,18.97,33.11,62.03,14.42,49.52,56.57,25.46,31.62,48.83,44.72,20.0,0.0,10.2,36.77,33.53,24.41,26.68,34.99,55.32,29.53,25.46,76.58,77.9,59.46,62.1,37.95,50.91,16.12,39.85,40.25,31.3,63.66,68.41,60.46,65.3,6.32,38.63,26.93,69.31,54.08,58.6,39.2,22.2,32.02,24.6,43.91,26.08,28.32
20,38.21,32.8,37.36,27.2,54.59,18.87,24.41,59.46,29.12,36.88,52.15,14.14,41.62,56.92,21.54,39.6,39.7,39.29,28.43,10.2,0.0,28.84,36.06,30.0,17.89,39.6,52.04,22.63,21.54,67.88,68.26,61.77,51.92,29.53,46.04,26.0,36.06,30.53,24.08,55.32,61.06,53.67,59.46,16.0,41.62,27.0,60.96,56.44,50.77,32.2,20.22,23.43,24.02,37.95,24.33,20.25
21,63.15,50.16,39.45,24.08,32.06,47.71,53.25,32.25,54.41,40.2,45.61,42.05,12.81,45.34,44.72,68.12,14.14,15.23,56.64,36.77,28.84,0.0,36.5,40.45,32.0,44.18,31.3,40.0,44.72,40.0,43.68,54.92,35.44,39.29,62.8,52.5,18.44,12.81,40.05,26.91,32.25,25.3,32.25,40.0,41.23,53.45,32.56,50.61,57.71,5.39,45.88,6.08,50.29,12.65,49.48,8.6
22,72.11,68.82,68.82,12.65,68.12,47.07,50.36,47.71,38.83,4.47,79.62,47.54,44.18,24.08,57.31,58.55,50.16,31.05,48.04,33.53,36.06,36.5,0.0,12.65,52.35,8.25,31.11,58.41,57.31,70.34,78.23,26.0,71.81,63.66,82.1,40.2,22.8,48.08,59.67,57.27,56.46,47.54,47.71,30.27,5.66,60.41,62.1,20.62,84.96,34.01,55.04,37.0,57.94,32.56,59.09,33.62
23,62.61,62.23,66.21,17.89,72.44,36.77,39.29,58.14,26.31,10.0,79.12,38.83,50.6,36.5,49.68,46.17,54.59,39.45,36.06,24.41,30.0,40.45,12.65,0.0,47.71,10.77,42.8,52.5,49.68,78.0,83.95,36.5,74.11,59.36,75.07,28.0,31.62,50.04,54.04,64.62,65.51,56.6,58.14,19.7,16.0,51.0,69.86,31.26,80.71,39.56,46.62,39.0,48.88,40.25,50.48,35.01
24,32.31,18.44,20.1,41.62,46.69,27.2,32.31,64.12,44.0,53.81,36.22,18.97,42.76,70.71,14.42,48.33,36.77,46.39,39.29,26.68,17.89,32.0,52.35,47.71,0.0,56.85,61.61,8.0,14.42,64.5,60.83,77.2,40.5,11.66,31.62,40.05,46.17,26.0,8.25,53.85,62.1,56.57,64.12,32.98,58.0,24.84,59.09,72.01,33.02,37.05,17.69,26.02,21.93,44.18,20.0,25.5
25,73.35,72.25,74.43,20.1,76.03,47.54,50.0,55.57,36.0,4.0,86.16,49.4,52.35,27.86,60.0,56.0,58.03,39.29,46.39,34.99,39.6,44.18,8.25,10.77,56.85,0.0,38.42,62.23,60.0,78.59,86.37,26.08,79.25,68.41,85.28,38.21,31.05,55.32,63.66,65.51,64.62,55.71,55.57,30.46,7.21,61.72,70.34,21.0,89.81,42.01,57.14,44.15,59.54,40.79,61.06,40.52
26,90.02,80.05,70.71,27.86,52.84,69.05,73.76,18.44,67.08,35.38,75.07,66.12,28.43,20.1,72.25,85.44,38.21,16.12,74.0,55.32,52.04,31.3,31.11,42.8,61.61,38.42,0.0,69.43,72.25,46.17,58.24,32.06,61.22,70.23,93.15,67.23,16.0,43.27,69.86,35.44,30.0,22.36,18.44,55.03,31.62,79.03,38.47,30.15,89.01,25.94,72.01,36.4,76.01,18.87,76.03,36.14
27,25.06,10.77,20.88,48.37,52.8,26.0,30.27,72.11,44.72,59.46,37.95,18.11,50.64,77.82,8.94,45.61,44.27,54.33,38.05,29.53,22.63,40.0,58.41,52.5,8.0,62.23,69.43,0.0,8.94,71.55,66.84,83.76,45.34,10.2,24.17,40.45,53.85,33.53,2.0,61.35,69.86,64.5,72.11,35.78,64.03,19.42,66.48,78.49,29.15,45.04,13.6,34.01,17.0,52.15,14.42,33.38
28,18.44,13.42,29.73,48.7,60.96,18.44,22.0,76.94,37.95,57.69,46.82,11.66,56.32,78.43,0.0,36.88,50.99,58.03,30.07,25.46,21.54,44.72,57.31,49.68,14.42,60.0,72.25,8.94,0.0,78.89,75.07,83.19,54.04,18.97,25.46,33.53,56.32,40.25,10.77,68.03,75.89,69.86,76.94,31.24,62.77,10.63,73.35,77.83,35.69,49.37,5.0,38.64,8.06,56.14,5.66,37.12
29,96.6,79.12,59.23,60.17,22.0,86.37,92.02,29.12,94.4,74.73,52.15,79.65,27.78,66.27,78.89,107.48,28.43,39.29,96.21,76.58,67.88,40.0,70.34,78.0,64.5,78.59,46.17,71.55,78.89,0.0,15.62,78.23,34.06,65.79,88.77,92.46,47.54,38.83,70.68,13.42,16.49,24.0,29.12,80.0,73.35,89.04,8.25,76.01,75.17,38.95,81.54,44.6,85.98,37.95,84.38,48.27
30,91.61,72.72,50.99,66.75,14.14,85.6,91.21,42.94,96.6,82.39,40.45,78.1,34.06,78.1,75.07,107.2,29.73,48.04,96.52,77.9,68.26,43.68,78.23,83.95,60.83,86.37,58.24,66.84,75.07,15.62,0.0,89.82,23.41,59.36,80.62,94.02,56.0,37.74,65.6,22.8,30.53,36.06,42.94,82.29,82.02,85.63,20.59,86.98,64.76,44.55,78.49,46.62,82.76,46.0,80.72,50.7
31,98.08,94.34,91.93,35.61,82.87,72.8,75.71,50.04,62.03,26.68,100.44,73.54,57.58,12.0,83.19,82.02,66.21,43.08,72.44,59.46,61.77,54.92,26.0,36.5,77.2,26.08,32.06,83.76,83.19,78.23,89.82,0.0,89.44,88.09,107.7,64.28,36.72,67.68,84.88,67.08,62.03,54.33,50.04,55.79,20.88,86.38,70.46,5.39,109.04,50.61,81.02,57.63,83.93,45.69,85.09,55.23
32,69.43,50.0,27.78,59.23,12.17,67.08,72.47,51.61,81.04,75.31,18.11,59.06,32.8,78.89,54.04,88.59,23.32,46.65,78.79,62.1,51.92,35.44,71.81,74.11,40.5,79.25,61.22,45.34,54.04,34.06,23.41,89.44,0.0,36.88,57.27,77.79,52.8,24.08,43.86,31.3,42.05,42.8,51.61,67.47,76.66,64.66,33.53,85.49,41.59,39.0,58.01,35.23,62.01,43.91,59.67,39.12
33,32.56,13.42,10.77,52.5,45.65,36.06,40.45,70.26,54.33,65.3,27.86,28.0,48.04,80.99,18.97,55.79,40.2,54.41,48.17,37.95,29.53,39.29,63.66,59.36,11.66,68.41,70.23,10.2,18.97,65.79,59.36,88.09,36.88,0.0,24.0,50.16,55.46,30.0,8.25,56.89,66.27,62.03,70.26,44.27,69.31,29.07,61.61,82.98,21.4,44.64,23.77,33.84,26.93,51.92,24.17,34.44
34,22.0,13.42,29.73,72.47,67.68,42.19,43.86,94.19,61.77,82.8,42.8,36.88,72.03,101.98,25.46,54.92,64.12,77.67,52.0,50.91,46.04,62.8,82.1,75.07,31.62,85.28,93.15,24.17,25.46,88.77,80.62,107.7,57.27,24.0,0.0,57.31,77.79,54.0,23.41,80.62,90.2,86.02,94.19,56.64,87.66,28.23,85.16,102.4,20.25,68.07,29.21,57.07,28.65,75.31,26.08,57.01
35,39.6,46.82,60.0,39.4,80.5,15.23,14.14,79.32,4.47,38.0,76.24,22.36,65.12,64.28,33.53,18.44,64.9,58.82,8.25,16.12,26.0,52.5,40.2,28.0,40.05,38.21,67.23,40.45,33.53,92.46,94.02,64.28,77.79,50.16,57.31,0.0,52.84,56.36,42.43,79.4,83.55,75.29,79.32,12.81,44.0,29.41,85.04,59.14,69.12,54.45,28.79,48.01,28.65,58.41,31.3,44.2
36,74.03,64.56,57.2,14.14,47.07,53.37,58.24,26.91,53.25,27.2,64.03,50.16,22.09,26.91,56.32,70.68,29.73,8.25,59.09,39.85,36.06,18.44,22.8,31.62,46.17,31.05,16.0,53.85,56.32,47.54,56.0,36.72,52.8,55.46,77.79,52.84,0.0,31.24,54.41,34.53,34.0,25.06,26.91,40.25,26.08,63.03,39.29,32.7,75.17,13.89,56.01,22.2,60.01,10.0,60.03,21.02
37,58.31,42.43,27.86,35.44,24.17,48.17,53.81,40.45,59.09,51.42,32.8,41.04,18.11,58.14,40.25,69.66,10.77,27.2,58.82,40.25,30.53,12.81,48.08,50.04,26.0,55.32,43.27,33.53,40.25,38.83,37.74,67.68,24.08,30.0,54.0,56.36,31.24,0.0,32.98,27.86,36.5,32.06,40.45,44.94,53.14,50.25,33.11,63.29,46.24,17.69,42.72,11.18,47.17,24.41,45.65,15.03
38,26.08,10.2,18.97,49.4,51.61,28.0,32.25,72.03,46.69,60.83,36.06,20.1,50.36,78.71,10.77,47.54,43.68,54.59,40.05,31.3,24.08,40.05,59.67,54.04,8.25,63.66,69.86,2.0,10.77,70.68,65.6,84.88,43.86,8.25,23.41,42.43,54.41,32.98,0.0,60.73,69.43,64.28,72.03,37.58,65.3,21.1,65.79,79.63,27.31,45.18,15.52,34.13,18.79,52.35,16.12,33.73
39,86.16,69.86,52.0,46.82,20.0,74.03,79.65,21.26,81.22,61.61,48.7,67.68,14.42,55.32,68.03,94.85,17.09,26.31,83.45,63.66,55.32,26.91,57.27,64.62,53.85,65.51,35.44,61.35,68.03,13.42,22.8,67.08,31.3,56.89,80.62,79.4,34.53,27.86,60.73,0.0,10.77,13.42,21.26,66.84,60.53,77.83,5.66,64.38,69.35,25.55,70.24,31.89,74.71,24.74,73.35,35.36
40,94.25,78.92,62.13,47.71,30.53,79.92,85.44,12.65,84.85,60.93,59.46,74.24,19.7,50.04,75.89,100.0,26.08,26.08,88.41,68.41,61.06,32.25,56.46,65.51,62.1,64.62,30.0,69.86,75.89,16.49,30.53,62.03,42.05,66.27,90.2,83.55,34.0,36.5,69.43,10.77,0.0,8.94,12.65,70.77,58.82,85.23,10.0,60.07,79.76,29.21,77.62,38.01,82.08,25.61,80.99,40.82
41,88.29,74.11,59.23,38.83,32.56,72.47,77.9,8.94,76.42,52.0,59.06,67.23,14.0,42.43,69.86,92.09,22.8,17.2,80.45,60.46,53.67,25.3,47.54,56.6,56.57,55.71,22.36,64.5,69.86,24.0,36.06,54.33,42.8,62.03,86.02,75.29,25.06,32.06,64.28,13.42,8.94,0.0,8.94,62.48,50.0,78.75,16.12,52.01,77.37,21.47,71.17,31.32,75.58,16.97,74.73,33.62
42,95.35,82.0,67.91,41.04,41.04,78.0,83.26,0.0,80.0,52.15,68.0,73.38,22.36,38.05,76.94,96.75,31.62,20.59,85.09,65.3,59.46,32.25,47.71,58.14,64.12,55.57,18.44,72.11,76.94,29.12,42.94,50.04,51.61,70.26,94.19,79.32,26.91,40.45,72.03,21.26,12.65,8.94,0.0,66.57,49.19,85.38,22.36,48.51,86.13,27.66,77.88,38.33,82.23,21.54,81.58,40.02
43,42.94,44.41,52.95,27.2,69.08,17.09,20.1,66.57,14.42,29.12,68.12,19.8,52.5,54.04,31.24,30.46,52.84,46.04,18.97,6.32,16.0,40.0,30.27,19.7,32.98,30.46,55.03,35.78,31.24,80.0,82.29,55.79,67.47,44.27,56.64,12.81,40.25,44.94,37.58,66.84,70.77,62.48,66.57,0.0,34.93,31.38,72.47,50.45,64.88,41.73,27.59,35.85,29.41,45.61,31.24,31.91
44,77.25,74.4,74.4,17.89,72.44,51.92,54.92,49.19,42.19,6.0,84.97,52.8,48.0,20.88,62.77,62.13,54.59,34.23,52.04,38.63,41.62,41.23,5.66,16.0,58.0,7.21,31.62,64.03,62.77,73.35,82.02,20.88,76.66,69.31,87.66,44.0,26.08,53.14,65.3,60.53,58.82,50.0,49.19,34.93,0.0,65.55,65.12,15.52,90.61,38.33,60.37,42.15,63.16,36.06,64.4,38.91
45,11.7,20.02,39.81,53.6,71.51,14.87,15.65,85.38,33.84,60.01,56.86,13.15,65.55,82.98,10.63,28.02,60.9,65.76,23.77,26.93,27.0,53.45,60.41,51.0,24.84,61.72,79.03,19.42,10.63,89.04,85.63,86.38,64.66,29.07,28.23,29.41,63.03,50.25,21.1,77.83,85.23,78.75,85.38,31.38,65.55,0.0,83.24,80.99,43.0,57.72,7.62,47.43,3.16,64.13,5.0,45.35
46,91.39,74.73,56.14,52.0,21.54,79.65,85.28,22.36,86.83,66.48,51.42,73.24,20.0,58.55,73.35,100.5,22.36,31.05,89.11,69.31,60.96,32.56,62.1,69.86,59.09,70.34,38.47,66.48,73.35,8.25,20.59,70.46,33.53,61.61,85.16,85.04,39.29,33.11,65.79,5.66,10.0,16.12,22.36,72.47,65.12,83.24,0.0,68.07,73.06,31.06,75.66,37.54,80.13,29.73,78.71,41.01
47,92.7,89.04,87.05,30.48,79.4,67.45,70.41,48.51,57.0,21.38,95.96,68.15,54.12,11.18,77.83,77.0,62.39,39.56,67.27,54.08,56.44,50.61,20.62,31.26,72.01,21.0,30.15,78.49,77.83,76.01,86.98,5.39,85.49,82.98,102.4,59.14,32.7,63.29,79.63,64.38,60.07,52.01,48.51,50.45,15.52,80.99,68.07,0.0,104.0,46.52,75.64,53.01,78.55,42.06,79.71,50.45
48,40.52,23.02,18.38,73.55,53.24,54.13,57.43,86.13,73.5,86.68,24.7,46.84,63.89,101.4,35.69,71.01,54.57,72.9,65.62,58.6,50.77,57.71,84.96,80.71,33.02,89.81,89.01,29.15,35.69,75.17,64.76,109.04,41.59,21.4,20.25,69.12,75.17,46.24,27.31,69.35,79.76,77.37,86.13,64.88,90.61,43.0,73.06,104.0,0.0,63.06,40.61,53.0,42.11,70.21,39.12,54.41
49,67.74,55.33,44.78,22.2,34.13,51.0,56.44,27.66,55.97,38.01,50.33,45.88,11.18,40.61,49.37,70.8,16.28,9.85,59.2,39.2,32.2,5.39,34.01,39.56,37.05,42.01,25.94,45.04,49.37,38.95,44.55,50.61,39.0,44.64,68.07,54.45,13.89,17.69,45.18,25.55,29.21,21.47,27.66,41.73,38.33,57.72,31.06,46.52,63.06,0.0,50.22,11.05,54.57,7.28,53.94,12.37
50,18.03,18.03,34.48,47.3,64.35,13.6,17.0,77.88,33.24,55.07,51.55,7.81,57.94,76.92,5.0,32.02,53.34,58.42,25.08,22.2,20.22,45.88,55.04,46.62,17.69,57.14,72.01,13.6,5.0,81.54,78.49,81.02,58.01,23.77,29.21,28.79,56.01,42.72,15.52,70.24,77.62,71.17,77.88,27.59,60.37,7.62,75.66,75.64,40.61,50.22,0.0,39.85,4.47,56.72,4.12,37.85
51,57.07,44.28,35.0,24.35,33.96,42.2,47.8,38.33,50.25,40.26,43.05,36.24,18.36,48.84,38.64,62.97,17.0,20.62,51.62,32.02,23.43,6.08,37.0,39.0,26.02,44.15,36.4,34.01,38.64,44.6,46.62,57.63,35.23,33.84,57.07,48.01,22.2,11.18,34.13,31.89,38.01,31.32,38.33,35.85,42.15,47.43,37.54,53.01,53.0,11.05,39.85,0.0,44.27,18.25,43.42,4.12
52,14.32,19.1,37.7,50.8,68.62,13.6,15.52,82.23,33.12,57.7,54.78,10.44,62.39,80.28,8.06,29.27,57.8,62.65,23.77,24.6,24.02,50.29,57.94,48.88,21.93,59.54,76.01,17.0,8.06,85.98,82.76,83.93,62.01,26.93,28.65,28.65,60.01,47.17,18.79,74.71,82.08,75.58,82.23,29.41,63.16,3.16,80.13,78.55,42.11,54.57,4.47,44.27,0.0,61.0,3.0,42.2
53,74.43,62.51,51.88,22.36,37.36,56.46,61.74,21.54,59.46,36.88,56.57,51.92,12.17,34.99,56.14,75.47,20.59,2.83,63.81,43.91,37.95,12.65,32.56,40.25,44.18,40.79,18.87,52.15,56.14,37.95,46.0,45.69,43.91,51.92,75.31,58.41,10.0,24.41,52.35,24.74,25.61,16.97,21.54,45.61,36.06,64.13,29.73,42.06,70.21,7.28,56.72,18.25,61.0,0.0,60.53,19.03
54,14.0,16.12,34.93,51.42,66.6,16.12,18.44,81.58,35.78,59.06,52.0,11.66,61.35,81.04,5.66,32.25,56.36,62.29,26.68,26.08,24.33,49.48,59.09,50.48,20.0,61.06,76.03,14.42,5.66,84.38,80.72,85.09,59.67,24.17,26.08,31.3,60.03,45.65,16.12,73.35,80.99,74.73,81.58,31.24,64.4,5.0,78.71,79.71,39.12,53.94,4.12,43.42,3.0,60.53,0.0,41.59
55,55.44,43.93,36.8,21.02,38.08,39.12,44.65,40.02,46.32,36.69,46.07,33.62,21.4,47.01,37.12,59.55,21.02,21.02,48.1,28.32,20.25,8.6,33.62,35.01,25.5,40.52,36.14,33.38,37.12,48.27,50.7,55.23,39.12,34.44,57.01,44.2,21.02,15.03,33.73,35.36,40.82,33.62,40.02,31.91,38.91,45.35,41.01,50.45,54.41,12.37,37.85,4.12,42.2,19.03,41.59,0.0
