vehicles
vehicle_idx, capacity, cost_per_unit_distance
1,100,3
2,100,3
3,100,3
4,100,3
5,100,3
6,100,3
7,100,3
depot
node_idx,x,y
0,47,5
home delivery customers
node_idx,x,y,service_time,demand
1,97,35,10,14
2,41,53,10,2
3,71,99,10,14
4,85,85,10,9
5,57,11,10,11
6,71,33,10,24
7,47,95,10,12
8,89,75,10,10
9,27,37,10,3
10,95,59,10,20
11,37,21,10,13
12,45,43,10,9
13,83,7,10,14
14,69,91,10,4
15,37,15,10,7
16,53,59,10,16
17,75,31,10,16
self pickup customers
node_idx,x,y,service_time,demand,locker_idxs
18,3,9,10,22,49-53
19,5,27,10,25,49
20,67,73,10,10,48-52
21,89,45,10,26,58
22,43,99,10,14,51-48
23,11,37,10,5,49
24,21,11,10,12,49
25,77,81,10,8,59-52-48
26,73,55,10,9,59
27,63,63,10,3,58
28,33,47,10,25,60
29,13,55,10,8,60-51
30,47,93,10,16,48-51
31,13,11,10,13,49
32,97,83,10,18,55-59-52
flexible customers
node_idx,x,y,service_time,demand,locker_idxs
33,1,19,10,20,49
34,23,79,10,5,51
35,77,87,10,11,59-57-52-48
36,51,87,10,18,59-48-52
37,11,1,10,22,49
38,57,85,10,18,59-48-52
39,61,13,10,15,56-53
40,39,15,10,23,54-49
41,13,59,10,16,60
42,87,73,10,8,57-59-52
43,3,63,10,16,51
44,53,75,10,15,59-57-48
45,81,71,10,2,59-57-52
46,11,9,10,2,49
47,23,63,10,23,60
lockers
node_idx,x,y,service_time,capacity,cost_per_unit_good
48,65,88,10,90
49,25,15,10,89
50,93,12,10,85
51,22,88,10,81
52,77,88,10,86
53,72,14,10,71
54,46,35,10,91
55,93,101,10,76
56,60,7,10,83
57,75,75,10,97
58,63,48,10,75
59,75,82,10,98
60,36,45,10,81
mrt lines
start_node_idx,end_node_idx,freight_capacity,cost_per_unit_good
48,49,90,0.1
49,48,90,0.1
distance matrix
,0,1,2,3,4,5,6,7,8,9,10,11,12,13,14,15,16,17,18,19,20,21,22,23,24,25,26,27,28,29,30,31,32,33,34,35,36,37,38,39,40,41,42,43,44,45,46,47,48,49,50,51,52,53,54,55,56,57,58,59,60,
0,0.0,58.31,48.37,97.02,88.57,11.66,36.88,90.0,81.63,37.74,72.25,18.87,38.05,36.06,88.77,14.14,54.33,38.21,44.18,47.41,70.88,58.0,94.09,48.17,26.68,81.71,56.36,60.17,44.27,60.46,88.0,34.53,92.65,48.08,77.79,87.32,82.1,36.22,80.62,16.12,12.81,63.81,78.89,72.8,70.26,74.24,36.22,62.77,84.93,24.17,46.53,86.68,88.26,26.57,30.02,106.45,13.15,75.39,45.88,81.93,41.48
1,58.31,0.0,58.82,69.08,51.42,46.65,26.08,78.1,40.79,70.03,24.08,61.61,52.61,31.3,62.61,63.25,50.12,22.36,97.53,92.35,48.41,12.81,83.74,86.02,79.7,50.16,31.24,44.05,65.12,86.35,76.58,87.36,48.0,97.32,86.09,55.71,69.43,92.48,64.03,42.19,61.35,87.36,39.29,98.08,59.46,39.4,89.84,79.12,61.91,74.73,23.35,91.84,56.65,32.65,51.0,66.12,46.4,45.65,36.4,51.89,61.81
2,48.37,58.82,0.0,54.92,54.41,44.94,36.06,42.43,52.8,21.26,54.33,32.25,10.77,62.29,47.2,38.21,13.42,40.5,58.14,44.41,32.8,48.66,46.04,34.0,46.52,45.61,32.06,24.17,10.0,28.07,40.45,50.48,63.53,52.5,31.62,49.52,35.44,60.03,35.78,44.72,38.05,28.64,50.16,39.29,25.06,43.86,53.25,20.59,42.44,41.23,66.22,39.82,50.21,49.82,18.68,70.77,49.77,40.5,22.56,44.69,9.43
3,97.02,69.08,54.92,0.0,19.8,89.11,66.0,24.33,30.0,76.03,46.65,85.09,61.74,92.78,8.25,90.62,43.86,68.12,112.8,97.67,26.31,56.92,28.0,86.28,101.21,18.97,44.05,36.88,64.4,72.8,24.74,105.39,30.53,106.3,52.0,13.42,23.32,114.91,19.8,86.58,89.89,70.46,30.53,76.94,30.0,29.73,108.17,60.0,12.53,95.77,89.74,50.22,12.53,85.01,68.71,22.09,92.66,24.33,51.62,17.46,64.35
4,88.57,51.42,54.41,19.8,0.0,79.12,53.85,39.29,10.77,75.29,27.86,80.0,58.0,78.03,17.09,84.88,41.23,54.92,111.8,98.81,21.63,40.2,44.27,88.2,97.84,8.94,32.31,31.11,64.4,78.0,38.83,103.25,12.17,106.83,62.29,8.25,34.06,111.95,28.0,75.89,83.76,76.55,12.17,84.9,33.53,14.56,106.08,65.79,20.22,92.2,73.44,63.07,8.54,72.18,63.41,17.89,81.91,14.14,43.05,10.44,63.25
5,11.66,46.65,44.94,89.11,79.12,0.0,26.08,84.59,71.55,39.7,61.22,22.36,34.18,26.31,80.89,20.4,48.17,26.91,54.04,54.41,62.8,46.69,89.11,52.84,36.0,72.8,46.82,52.35,43.27,62.23,82.61,44.0,82.37,56.57,76.03,78.59,76.24,47.07,74.0,4.47,18.44,65.12,68.88,74.97,64.12,64.62,46.04,62.13,77.41,32.25,36.01,84.58,79.56,15.3,26.4,96.93,5.0,66.48,37.48,73.25,39.96
6,36.88,26.08,36.06,66.0,53.85,26.08,0.0,66.48,45.69,44.18,35.38,36.06,27.86,28.64,58.03,38.47,31.62,4.47,72.11,66.27,40.2,21.63,71.69,60.13,54.63,48.37,22.09,31.05,40.5,62.03,64.62,62.03,56.36,71.39,66.48,54.33,57.58,68.0,53.85,22.36,36.72,63.56,43.08,74.32,45.69,39.29,64.62,56.6,55.33,49.4,30.41,73.66,55.33,19.03,25.08,71.47,28.23,42.19,17.0,49.16,37.0
7,90.0,78.1,42.43,24.33,39.29,84.59,66.48,0.0,46.52,61.35,60.0,74.67,52.04,95.08,22.36,80.62,36.5,69.86,96.6,79.92,29.73,65.3,5.66,68.26,87.93,33.11,47.71,35.78,50.0,52.5,2.0,90.62,51.42,88.84,28.84,31.05,8.94,100.66,14.14,83.19,80.4,49.52,45.65,54.41,20.88,41.62,93.23,40.0,19.31,82.97,94.89,25.96,30.81,84.77,60.01,46.39,88.96,34.41,49.65,30.87,51.2
8,81.63,40.79,52.8,30.0,10.77,71.55,45.69,46.52,0.0,72.72,17.09,74.97,54.41,68.26,25.61,79.4,39.4,46.17,108.41,96.75,22.09,30.0,51.88,86.76,93.38,13.42,25.61,28.64,62.61,78.59,45.69,99.36,11.31,104.31,66.12,16.97,39.85,107.52,33.53,68.03,78.1,77.67,2.83,86.83,36.0,8.94,102.18,67.08,27.29,87.73,63.13,68.25,17.69,63.32,58.73,26.31,73.93,14.0,37.48,15.65,60.9
9,37.74,70.03,21.26,76.03,75.29,39.7,44.18,61.35,72.72,0.0,71.47,18.87,18.97,63.53,68.41,24.17,34.06,48.37,36.88,24.17,53.81,62.51,64.03,16.0,26.68,66.6,49.4,44.41,11.66,22.8,59.46,29.53,83.76,31.62,42.19,70.71,55.46,39.4,56.6,41.62,25.06,26.08,69.97,35.38,46.04,63.81,32.25,26.31,63.6,22.09,70.58,51.24,71.42,50.54,19.1,91.93,44.6,61.22,37.64,65.8,12.04
10,72.25,24.08,54.33,46.65,27.86,61.22,35.38,60.0,17.09,71.47,0.0,69.34,52.5,53.37,41.23,72.8,42.0,34.41,104.71,95.52,31.3,15.23,65.6,86.83,88.2,28.43,22.36,32.25,63.15,82.1,58.82,95.02,24.08,102.16,74.73,33.29,52.15,102.08,46.04,57.2,71.22,82.0,16.12,92.09,44.94,18.44,97.75,72.11,41.73,82.68,47.04,78.55,34.13,50.54,54.56,42.05,62.68,25.61,33.84,30.48,60.64
11,18.87,61.61,32.25,85.09,80.0,22.36,36.06,74.67,74.97,18.87,69.34,0.0,23.41,48.08,76.97,6.0,41.23,39.29,36.06,32.56,60.03,57.27,78.23,30.53,18.87,72.11,49.52,49.4,26.31,41.62,72.69,26.0,86.28,36.06,59.67,77.18,67.47,32.8,67.05,25.3,6.32,44.94,72.14,54.04,56.32,66.6,28.64,44.27,72.62,13.42,56.72,68.66,78.03,35.69,16.64,97.65,26.93,66.03,37.48,71.87,24.02
12,38.05,52.61,10.77,61.74,58.0,34.18,27.86,52.04,54.41,18.97,52.5,23.41,0.0,52.35,53.67,29.12,17.89,32.31,54.04,43.08,37.2,44.05,56.04,34.53,40.0,49.68,30.46,26.91,12.65,34.18,50.04,45.25,65.6,50.12,42.19,54.41,44.41,54.04,43.68,34.0,28.64,35.78,51.61,46.52,32.98,45.61,48.08,29.73,49.24,34.41,57.14,50.54,55.22,39.62,8.06,75.29,39.0,43.86,18.68,49.2,9.22
13,36.06,31.3,62.29,92.78,78.03,26.31,28.64,95.08,68.26,63.53,53.37,48.08,52.35,0.0,85.16,46.69,60.03,25.3,80.02,80.52,67.91,38.47,100.32,78.0,62.13,74.24,49.03,59.46,64.03,84.88,93.23,70.11,77.28,82.87,93.72,80.22,86.16,72.25,82.22,22.8,44.72,87.2,66.12,97.65,74.32,64.03,72.03,82.07,82.98,58.55,11.18,101.4,81.22,13.04,46.4,94.53,23.0,68.47,45.62,75.43,60.44
14,88.77,62.61,47.2,8.25,17.09,80.89,58.03,22.36,25.61,68.41,41.23,76.97,53.67,85.16,0.0,82.46,35.78,60.3,105.26,90.51,18.11,50.16,27.2,79.25,93.3,12.81,36.22,28.64,56.85,66.57,22.09,97.65,29.12,99.04,47.54,8.94,18.44,107.07,13.42,78.41,81.71,64.5,25.46,71.69,22.63,23.32,100.44,53.85,5.0,87.82,82.57,47.1,8.54,77.06,60.54,26.0,84.48,17.09,43.42,10.82,56.61
15,14.14,63.25,38.21,90.62,84.88,20.4,38.47,80.62,79.4,24.17,72.8,6.0,29.12,46.69,82.46,0.0,46.82,41.23,34.53,34.18,65.3,60.03,84.21,34.06,16.49,77.18,53.81,54.59,32.25,46.65,78.64,24.33,90.69,36.22,65.51,82.37,73.35,29.53,72.8,24.08,2.0,50.12,76.58,58.82,62.1,71.22,26.68,50.0,78.19,12.0,56.08,74.53,83.24,35.01,21.93,102.63,24.35,71.02,42.01,77.03,30.02
16,54.33,50.12,13.42,43.86,41.23,48.17,31.62,36.5,39.4,34.06,42.0,41.23,17.89,60.03,35.78,46.82,0.0,35.61,70.71,57.69,19.8,38.63,41.23,47.41,57.69,32.56,20.4,10.77,23.32,40.2,34.53,62.48,50.12,65.6,36.06,36.88,28.07,71.61,26.31,46.69,46.17,40.0,36.77,50.16,16.0,30.46,65.3,30.27,31.38,52.15,61.72,42.45,37.64,48.85,25.0,58.0,52.47,27.2,14.87,31.83,22.02
17,38.21,22.36,40.5,68.12,54.92,26.91,4.47,69.86,46.17,48.37,34.41,39.29,32.31,25.3,60.3,41.23,35.61,0.0,75.29,70.11,42.76,19.8,75.15,64.28,57.58,50.04,24.08,34.18,44.94,66.48,68.03,65.15,56.46,74.97,70.77,56.04,60.93,70.68,56.92,22.8,39.4,68.03,43.68,78.79,49.19,40.45,67.68,61.06,57.87,52.5,26.17,77.83,57.04,17.26,29.27,72.28,28.3,44.0,20.81,51.0,41.44
18,44.18,97.53,58.14,112.8,111.8,54.04,72.11,96.6,108.41,36.88,104.71,36.06,54.04,80.02,105.26,34.53,70.71,75.29,0.0,18.11,90.51,93.23,98.49,29.12,18.11,103.25,83.76,80.72,48.41,47.07,94.83,10.2,119.63,10.2,72.8,107.52,91.59,11.31,93.23,58.14,36.5,50.99,105.6,54.0,82.8,99.64,8.0,57.58,100.42,22.8,90.05,81.25,108.25,69.18,50.25,128.7,57.04,97.67,71.56,102.53,48.84
19,47.41,92.35,44.41,97.67,98.81,54.41,66.27,79.92,96.75,24.17,95.52,32.56,43.08,80.52,90.51,34.18,57.69,70.11,18.11,0.0,77.2,85.91,81.41,11.66,22.63,90.0,73.54,68.26,34.41,29.12,78.23,17.89,107.7,8.94,55.03,93.72,75.6,26.68,77.9,57.72,36.06,32.98,94.02,36.06,67.88,87.82,18.97,40.25,85.56,23.32,89.27,63.32,94.37,68.25,41.77,114.98,58.52,84.88,61.68,89.02,35.85
20,70.88,48.41,32.8,26.31,21.63,62.8,40.2,29.73,22.09,53.81,31.3,60.03,37.2,67.91,18.11,65.3,19.8,42.76,90.51,77.2,0.0,35.61,35.38,66.57,77.2,12.81,18.97,10.77,42.8,56.92,28.28,82.22,31.62,85.28,44.41,17.2,21.26,91.21,15.62,60.3,64.4,55.79,20.0,64.78,14.14,14.14,85.04,45.12,15.13,71.61,66.31,47.43,18.03,59.21,43.42,38.21,66.37,8.25,25.32,12.04,41.77
21,58.0,12.81,48.66,56.92,40.2,46.69,21.63,65.3,30.0,62.51,15.23,57.27,44.05,38.47,50.16,60.03,38.63,19.8,93.23,85.91,35.61,0.0,70.94,78.41,76.03,37.95,18.87,31.62,56.04,76.66,63.78,83.26,38.83,91.76,74.24,43.68,56.64,89.55,51.22,42.52,58.31,77.28,28.07,87.86,46.86,27.2,85.91,68.41,49.24,70.68,33.24,79.61,44.64,35.36,44.15,56.14,47.8,33.11,26.17,39.56,53.0
22,94.09,83.74,46.04,28.0,44.27,89.11,71.69,5.66,51.88,64.03,65.6,78.23,56.04,100.32,27.2,84.21,41.23,75.15,98.49,81.41,35.38,70.94,0.0,69.77,90.71,38.47,53.25,41.18,52.95,53.25,7.21,92.97,56.32,90.35,28.28,36.06,14.42,103.09,19.8,87.86,84.1,50.0,51.11,53.81,26.0,47.2,95.52,41.18,24.6,85.91,100.34,23.71,35.74,89.81,64.07,50.04,93.56,40.0,54.78,36.24,54.45
23,48.17,86.02,34.0,86.28,88.2,52.84,60.13,68.26,86.76,16.0,86.83,30.53,34.53,78.0,79.25,34.06,47.41,64.28,29.12,11.66,66.57,78.41,69.77,0.0,27.86,79.32,64.56,58.14,24.17,18.11,66.57,26.08,97.53,20.59,43.68,82.8,64.03,36.0,66.48,55.46,35.61,22.09,84.1,27.2,56.64,77.82,28.0,28.64,74.28,26.08,85.73,52.17,83.41,65.19,35.06,104.02,57.45,74.43,53.15,78.24,26.25
24,26.68,79.7,46.52,101.21,97.84,36.0,54.63,87.93,93.38,26.68,88.2,18.87,40.0,62.13,93.3,16.49,57.69,57.58,18.11,22.63,77.2,76.03,90.71,27.86,0.0,89.64,68.12,66.84,37.95,44.72,86.02,8.0,104.69,21.54,68.03,94.4,81.71,14.14,82.29,40.05,18.44,48.66,90.55,55.03,71.55,84.85,10.2,52.04,88.68,5.66,72.01,77.01,95.21,51.09,34.66,115.26,39.2,83.74,55.97,89.2,37.16
25,81.71,50.16,45.61,18.97,8.94,72.8,48.37,33.11,13.42,66.6,28.43,72.11,49.68,74.24,12.81,77.18,32.56,50.04,103.25,90.0,12.81,37.95,38.47,79.32,89.64,0.0,26.31,22.8,55.61,69.08,32.31,94.85,20.1,98.08,54.04,6.0,26.68,103.71,20.4,69.86,76.16,67.68,12.81,76.16,24.74,10.77,97.67,56.92,13.89,84.02,70.83,55.44,7.0,67.19,55.47,25.61,75.93,6.32,35.85,2.24,54.56
26,56.36,31.24,32.06,44.05,32.31,46.82,22.09,47.71,25.61,49.4,22.36,49.52,30.46,49.03,36.22,53.81,20.4,24.08,83.76,73.54,18.97,18.87,53.25,64.56,68.12,26.31,0.0,12.81,40.79,60.0,46.04,74.4,36.88,80.5,55.46,32.25,38.83,82.22,34.0,43.68,52.5,60.13,22.8,70.46,28.28,17.89,77.2,50.64,33.96,62.48,47.42,60.75,33.24,41.01,33.6,50.16,49.73,20.1,12.21,27.07,38.33
27,60.17,44.05,24.17,36.88,31.11,52.35,31.05,35.78,28.64,44.41,32.25,49.4,26.91,59.46,28.64,54.59,10.77,34.18,80.72,68.26,10.77,31.62,41.18,58.14,66.84,22.8,12.81,0.0,34.0,50.64,34.0,72.14,39.45,76.03,43.08,27.78,26.83,80.92,22.8,50.04,53.67,50.16,26.0,60.0,15.62,19.7,74.97,40.0,25.08,61.22,59.17,48.02,28.65,49.82,32.76,48.41,56.08,16.97,15.0,22.47,32.45
28,44.27,65.12,10.0,64.4,64.4,43.27,40.5,50.0,62.61,11.66,63.15,26.31,12.65,64.03,56.85,32.25,23.32,44.94,48.41,34.41,42.8,56.04,52.95,24.17,37.95,55.61,40.79,34.0,0.0,21.54,48.08,41.18,73.43,42.52,33.53,59.46,43.86,50.99,44.94,44.05,32.56,23.32,59.93,34.0,34.41,53.67,43.91,18.87,52.01,32.98,69.46,42.45,60.14,51.09,17.69,80.72,48.26,50.48,30.02,54.67,3.61
29,60.46,86.35,28.07,72.8,78.0,62.23,62.03,52.5,78.59,22.8,82.1,41.62,34.18,84.88,66.57,46.65,40.2,66.48,47.07,29.12,56.92,76.66,53.25,18.11,44.72,69.08,60.0,50.64,21.54,0.0,50.99,44.0,88.54,37.95,26.0,71.55,49.68,54.04,53.25,63.78,47.71,4.0,76.16,12.81,44.72,69.86,46.04,12.81,61.59,41.76,90.82,34.21,72.01,71.85,38.59,92.28,67.18,65.15,50.49,67.62,25.08
30,88.0,76.58,40.45,24.74,38.83,82.61,64.62,2.0,45.69,59.46,58.82,72.69,50.04,93.23,22.09,78.64,34.53,68.03,94.83,78.23,28.28,63.78,7.21,66.57,86.02,32.31,46.04,34.0,48.08,50.99,0.0,88.77,50.99,87.13,27.78,30.59,7.21,98.79,12.81,81.22,78.41,48.08,44.72,53.25,18.97,40.5,91.39,38.42,18.68,81.04,93.15,25.5,30.41,82.86,58.01,46.69,86.98,33.29,47.76,30.08,49.24
31,34.53,87.36,50.48,105.39,103.25,44.0,62.03,90.62,99.36,29.53,95.02,26.0,45.25,70.11,97.65,24.33,62.48,65.15,10.2,17.89,82.22,83.26,92.97,26.08,8.0,94.85,74.4,72.14,41.18,44.0,88.77,0.0,110.63,14.42,68.73,99.36,84.97,10.2,86.09,48.04,26.31,48.0,96.54,52.95,75.47,90.69,2.83,52.95,92.91,12.65,80.01,77.52,100.12,59.08,40.8,120.42,47.17,89.11,62.2,94.26,41.05
32,92.65,48.0,63.53,30.53,12.17,82.37,56.36,51.42,11.31,83.76,24.08,86.28,65.6,77.28,29.12,90.69,50.12,56.46,119.63,107.7,31.62,38.83,56.32,97.53,104.69,20.1,36.88,39.45,73.43,88.54,50.99,110.63,0.0,115.38,74.11,20.4,46.17,118.83,40.05,78.71,89.38,87.36,14.14,96.1,44.72,20.0,113.45,76.66,32.39,99.04,71.11,75.17,20.62,73.39,70.04,18.44,84.53,23.41,48.8,22.02,71.87
33,48.08,97.32,52.5,106.3,106.83,56.57,71.39,88.84,104.31,31.62,102.16,36.06,50.12,82.87,99.04,36.22,65.6,74.97,10.2,8.94,85.28,91.76,90.35,20.59,21.54,98.08,80.5,76.03,42.52,37.95,87.13,14.42,115.38,0.0,63.91,101.98,84.4,20.59,86.56,60.3,38.21,41.76,101.55,44.05,76.42,95.41,14.14,49.19,94.11,24.33,92.27,72.12,102.65,71.18,47.76,123.24,60.21,92.8,68.45,97.19,43.6
34,77.79,86.09,31.62,52.0,62.29,76.03,66.48,28.84,66.12,42.19,74.73,59.67,42.19,93.72,47.54,65.51,36.06,70.77,72.8,55.03,44.41,74.24,28.28,43.68,68.03,54.04,55.46,43.08,33.53,26.0,27.78,68.73,74.11,63.91,0.0,54.59,29.12,78.92,34.53,76.16,65.97,22.36,64.28,25.61,30.27,58.55,71.02,16.0,42.95,64.03,96.9,9.06,54.74,81.4,49.65,73.38,80.95,52.15,50.61,52.09,36.4
35,87.32,55.71,49.52,13.42,8.25,78.59,54.33,31.05,16.97,70.71,33.29,77.18,54.41,80.22,8.94,82.37,36.88,56.04,107.52,93.72,17.2,43.68,36.06,82.8,94.4,6.0,32.25,27.78,59.46,71.55,30.59,99.36,20.4,101.98,54.59,0.0,26.0,108.41,20.1,75.71,81.41,69.86,17.2,77.79,26.83,16.49,102.18,59.09,12.04,88.81,76.69,55.01,1.0,73.17,60.54,21.26,81.79,12.17,41.44,5.39,58.69
36,82.1,69.43,35.44,23.32,34.06,76.24,57.58,8.94,39.85,55.46,52.15,67.47,44.41,86.16,18.44,73.35,28.07,60.93,91.59,75.6,21.26,56.64,14.42,64.03,81.71,26.68,38.83,26.83,43.86,49.68,7.21,84.97,46.17,84.4,29.12,26.0,0.0,94.85,6.32,74.67,72.99,47.2,38.63,53.67,12.17,34.0,87.66,36.88,14.04,76.55,85.96,29.02,26.02,75.96,52.24,44.27,80.5,26.83,40.8,24.52,44.6
37,36.22,92.48,60.03,114.91,111.95,47.07,68.0,100.66,107.52,39.4,102.08,32.8,54.04,72.25,107.07,29.53,71.61,70.68,11.31,26.68,91.21,89.55,103.09,36.0,14.14,103.71,82.22,80.92,50.99,54.04,98.79,10.2,118.83,20.59,78.92,108.41,94.85,0.0,95.77,51.42,31.3,58.03,104.69,62.51,85.09,98.99,8.0,63.15,102.4,19.8,82.73,87.69,109.2,62.37,48.8,129.32,49.37,97.84,70.09,103.23,50.61
38,80.62,64.03,35.78,19.8,28.0,74.0,53.85,14.14,33.53,56.6,46.04,67.05,43.68,82.22,13.42,72.8,26.31,56.92,93.23,77.9,15.62,51.22,19.8,66.48,82.29,20.4,34.0,22.8,44.94,53.25,12.81,86.09,40.05,86.56,34.53,20.1,6.32,95.77,0.0,72.11,72.28,51.11,32.31,58.31,10.77,27.78,88.84,40.5,8.54,76.97,81.39,35.13,20.22,72.57,51.2,39.4,78.06,20.59,37.48,18.25,45.18
39,16.12,42.19,44.72,86.58,75.89,4.47,22.36,83.19,68.03,41.62,57.2,25.3,34.0,22.8,78.41,24.08,46.69,22.8,58.14,57.72,60.3,42.52,87.86,55.46,40.05,69.86,43.68,50.04,44.05,63.78,81.22,48.04,78.71,60.3,76.16,75.71,74.67,51.42,72.11,0.0,22.09,66.48,65.39,76.58,62.51,61.35,50.16,62.8,75.11,36.06,32.02,84.53,76.69,11.05,26.63,93.64,6.08,63.56,35.06,70.41,40.61
40,12.81,61.35,38.05,89.89,83.76,18.44,36.72,80.4,78.1,25.06,71.22,6.32,28.64,44.72,81.71,2.0,46.17,39.4,36.5,36.06,64.4,58.31,84.1,35.61,18.44,76.16,52.5,53.67,32.56,47.71,78.41,26.31,89.38,38.21,65.97,81.41,72.99,31.3,72.28,22.09,0.0,51.11,75.29,60.0,61.61,70.0,28.64,50.6,77.49,14.0,54.08,74.95,82.3,33.02,21.19,101.55,22.47,69.97,40.8,76.06,30.15
41,63.81,87.36,28.64,70.46,76.55,65.12,63.56,49.52,77.67,26.08,82.0,44.94,35.78,87.2,64.5,50.12,40.0,68.03,50.99,32.98,55.79,77.28,50.0,22.09,48.66,67.68,60.13,50.16,23.32,4.0,48.08,48.0,87.36,41.76,22.36,69.86,47.2,58.03,51.11,66.48,51.11,0.0,75.31,10.77,43.08,69.05,50.04,10.77,59.54,45.61,92.78,30.36,70.26,74.2,40.8,90.35,70.09,64.03,51.2,66.13,26.93
42,78.89,39.29,50.16,30.53,12.17,68.88,43.08,45.65,2.83,69.97,16.12,72.14,51.61,66.12,25.46,76.58,36.77,43.68,105.6,94.02,20.0,28.07,51.11,84.1,90.55,12.81,22.8,26.0,59.93,76.16,44.72,96.54,14.14,101.55,64.28,17.2,38.63,104.69,32.31,65.39,75.29,75.31,0.0,84.59,34.06,6.32,99.36,64.78,26.63,84.9,61.29,66.71,18.03,60.88,55.9,28.64,71.31,12.17,34.66,15.0,58.18
43,72.8,98.08,39.29,76.94,84.9,74.97,74.32,54.41,86.83,35.38,92.09,54.04,46.52,97.65,71.69,58.82,50.16,78.79,54.0,36.06,64.78,87.86,53.81,27.2,55.03,76.16,70.46,60.0,34.0,12.81,53.25,52.95,96.1,44.05,25.61,77.79,53.67,62.51,58.31,76.58,60.0,10.77,84.59,0.0,51.42,78.41,54.59,20.0,66.85,52.8,103.45,31.4,78.11,84.63,51.31,97.69,79.91,72.99,61.85,74.46,37.59
44,70.26,59.46,25.06,30.0,33.53,64.12,45.69,20.88,36.0,46.04,44.94,56.32,32.98,74.32,22.63,62.1,16.0,49.19,82.8,67.88,14.14,46.86,26.0,56.64,71.55,24.74,28.28,15.62,34.41,44.72,18.97,75.47,44.72,76.42,30.27,26.83,12.17,85.09,10.77,62.51,61.61,43.08,34.06,51.42,0.0,28.28,78.23,32.31,17.69,66.21,74.63,33.62,27.29,63.89,40.61,47.71,68.36,22.0,28.79,23.09,34.48
45,74.24,39.4,43.86,29.73,14.56,64.62,39.29,41.62,8.94,63.81,18.44,66.6,45.61,64.03,23.32,71.22,30.46,40.45,99.64,87.82,14.14,27.2,47.2,77.82,84.85,10.77,17.89,19.7,53.67,69.86,40.5,90.69,20.0,95.41,58.55,16.49,34.0,98.99,27.78,61.35,70.0,69.05,6.32,78.41,28.28,0.0,93.51,58.55,23.35,79.2,60.21,61.4,17.46,57.71,50.21,32.31,67.36,7.21,29.21,12.53,51.97
46,36.22,89.84,53.25,108.17,106.08,46.04,64.62,93.23,102.18,32.25,97.75,28.64,48.08,72.03,100.44,26.68,65.3,67.68,8.0,18.97,85.04,85.91,95.52,28.0,10.2,97.67,77.2,74.97,43.91,46.04,91.39,2.83,113.45,14.14,71.02,102.18,87.66,8.0,88.84,50.16,28.64,50.04,99.36,54.59,78.23,93.51,0.0,55.32,95.69,15.23,82.05,79.76,102.94,61.2,43.6,123.24,49.04,91.93,65.0,97.08,43.83
47,62.77,79.12,20.59,60.0,65.79,62.13,56.6,40.0,67.08,26.31,72.11,44.27,29.73,82.07,53.85,50.0,30.27,61.06,57.58,40.25,45.12,68.41,41.18,28.64,52.04,56.92,50.64,40.0,18.87,12.81,38.42,52.95,76.66,49.19,16.0,59.09,36.88,63.15,40.5,62.8,50.6,10.77,64.78,20.0,32.31,58.55,55.32,0.0,48.88,48.04,86.61,25.02,59.51,69.3,36.24,79.65,67.12,53.37,42.72,55.36,22.2
48,84.93,61.91,42.44,12.53,20.22,77.41,55.33,19.31,27.29,63.6,41.73,72.62,49.24,82.98,5.0,78.19,31.38,57.87,100.42,85.56,15.13,49.24,24.6,74.28,88.68,13.89,33.96,25.08,52.01,61.59,18.68,92.91,32.39,94.11,42.95,12.04,14.04,102.4,8.54,75.11,77.49,59.54,26.63,66.85,17.69,23.35,95.69,48.88,0.0,83.24,80.99,43.0,12.0,74.33,56.3,30.87,81.15,16.4,40.05,11.66,51.87
49,24.17,74.73,41.23,95.77,92.2,32.25,49.4,82.97,87.73,22.09,82.68,13.42,34.41,58.55,87.82,12.0,52.15,52.5,22.8,23.32,71.61,70.68,85.91,26.08,5.66,84.02,62.48,61.22,32.98,41.76,81.04,12.65,99.04,24.33,64.03,88.81,76.55,19.8,76.97,36.06,14.0,45.61,84.9,52.8,66.21,79.2,15.23,48.04,83.24,0.0,68.07,73.06,89.63,47.01,29.0,109.64,35.9,78.1,50.33,83.6,31.95
50,46.53,23.35,66.22,89.74,73.44,36.01,30.41,94.89,63.13,70.58,47.04,56.72,57.14,11.18,82.57,56.08,61.72,26.17,90.05,89.27,66.31,33.24,100.34,85.73,72.01,70.83,47.42,59.17,69.46,90.82,93.15,80.01,71.11,92.27,96.9,76.69,85.96,82.73,81.39,32.02,54.08,92.78,61.29,103.45,74.63,60.21,82.05,86.61,80.99,68.07,0.0,104.0,77.67,21.1,52.33,89.0,33.38,65.52,46.86,72.28,65.86
51,86.68,91.84,39.82,50.22,63.07,84.58,73.66,25.96,68.25,51.24,78.55,68.66,50.54,101.4,47.1,74.53,42.45,77.83,81.25,63.32,47.43,79.61,23.71,52.17,77.01,55.44,60.75,48.02,42.45,34.21,25.5,77.52,75.17,72.12,9.06,55.01,29.02,87.69,35.13,84.53,74.95,30.36,66.71,31.4,33.62,61.4,79.76,25.02,43.0,73.06,104.0,0.0,55.0,89.31,58.18,72.18,89.47,54.57,57.28,53.34,45.22
52,88.26,56.65,50.21,12.53,8.54,79.56,55.33,30.81,17.69,71.42,34.13,78.03,55.22,81.22,8.54,83.24,37.64,57.04,108.25,94.37,18.03,44.64,35.74,83.41,95.21,7.0,33.24,28.65,60.14,72.01,30.41,100.12,20.62,102.65,54.74,1.0,26.02,109.2,20.22,76.69,82.3,70.26,18.03,78.11,27.29,17.46,102.94,59.51,12.0,89.63,77.67,55.0,0.0,74.17,61.4,20.62,82.76,13.15,42.38,6.32,59.41
53,26.57,32.65,49.82,85.01,72.18,15.3,19.03,84.77,63.32,50.54,50.54,35.69,39.62,13.04,77.06,35.01,48.85,17.26,69.18,68.25,59.21,35.36,89.81,65.19,51.09,67.19,41.01,49.82,51.09,71.85,82.86,59.08,73.39,71.18,81.4,73.17,75.96,62.37,72.57,11.05,33.02,74.2,60.88,84.63,63.89,57.71,61.2,69.3,74.33,47.01,21.1,89.31,74.17,0.0,33.42,89.5,13.89,61.07,35.17,68.07,47.51
54,30.02,51.0,18.68,68.71,63.41,26.4,25.08,60.01,58.73,19.1,54.56,16.64,8.06,46.4,60.54,21.93,25.0,29.27,50.25,41.77,43.42,44.15,64.07,35.06,34.66,55.47,33.6,32.76,17.69,38.59,58.01,40.8,70.04,47.76,49.65,60.54,52.24,48.8,51.2,26.63,21.19,40.8,55.9,51.31,40.61,50.21,43.6,36.24,56.3,29.0,52.33,58.18,61.4,33.42,0.0,81.02,31.3,49.41,21.4,55.23,14.14
55,106.45,66.12,70.77,22.09,17.89,96.93,71.47,46.39,26.31,91.93,42.05,97.65,75.29,94.53,26.0,102.63,58.0,72.28,128.7,114.98,38.21,56.14,50.04,104.02,115.26,25.61,50.16,48.41,80.72,92.28,46.69,120.42,18.44,123.24,73.38,21.26,44.27,129.32,39.4,93.64,101.55,90.35,28.64,97.69,47.71,32.31,123.24,79.65,30.87,109.64,89.0,72.18,20.62,89.5,81.02,0.0,99.62,31.62,60.9,26.17,79.91
56,13.15,46.4,49.77,92.66,81.91,5.0,28.23,88.96,73.93,44.6,62.68,26.93,39.0,23.0,84.48,24.35,52.47,28.3,57.04,58.52,66.37,47.8,93.56,57.45,39.2,75.93,49.73,56.08,48.26,67.18,86.98,47.17,84.53,60.21,80.95,81.79,80.5,49.37,78.06,6.08,22.47,70.09,71.31,79.91,68.36,67.36,49.04,67.12,81.15,35.9,33.38,89.47,82.76,13.89,31.3,99.62,0.0,69.63,41.11,76.49,44.94
57,75.39,45.65,40.5,24.33,14.14,66.48,42.19,34.41,14.0,61.22,25.61,66.03,43.86,68.47,17.09,71.02,27.2,44.0,97.67,84.88,8.25,33.11,40.0,74.43,83.74,6.32,20.1,16.97,50.48,65.15,33.29,89.11,23.41,92.8,52.15,12.17,26.83,97.84,20.59,63.56,69.97,64.03,12.17,72.99,22.0,7.21,91.93,53.37,16.4,78.1,65.52,54.57,13.15,61.07,49.41,31.62,69.63,0.0,29.55,7.0,49.2
58,45.88,36.4,22.56,51.62,43.05,37.48,17.0,49.65,37.48,37.64,33.84,37.48,18.68,45.62,43.42,42.01,14.87,20.81,71.56,61.68,25.32,26.17,54.78,53.15,55.97,35.85,12.21,15.0,30.02,50.49,47.76,62.2,48.8,68.45,50.61,41.44,40.8,70.09,37.48,35.06,40.8,51.2,34.66,61.85,28.79,29.21,65.0,42.72,40.05,50.33,46.86,57.28,42.38,35.17,21.4,60.9,41.11,29.55,0.0,36.06,27.17
59,81.93,51.89,44.69,17.46,10.44,73.25,49.16,30.87,15.65,65.8,30.48,71.87,49.2,75.43,10.82,77.03,31.83,51.0,102.53,89.02,12.04,39.56,36.24,78.24,89.2,2.24,27.07,22.47,54.67,67.62,30.08,94.26,22.02,97.19,52.09,5.39,24.52,103.23,18.25,70.41,76.06,66.13,15.0,74.46,23.09,12.53,97.08,55.36,11.66,83.6,72.28,53.34,6.32,68.07,55.23,26.17,76.49,7.0,36.06,0.0,53.76
60,41.48,61.81,9.43,64.35,63.25,39.96,37.0,51.2,60.9,12.04,60.64,24.02,9.22,60.44,56.61,30.02,22.02,41.44,48.84,35.85,41.77,53.0,54.45,26.25,37.16,54.56,38.33,32.45,3.61,25.08,49.24,41.05,71.87,43.6,36.4,58.69,44.6,50.61,45.18,40.61,30.15,26.93,58.18,37.59,34.48,51.97,43.83,22.2,51.87,31.95,65.86,45.22,59.41,47.51,14.14,79.91,44.94,49.2,27.17,53.76,0.0
