set K:= 1	2	3	4	5	6	7;
set C_H:= 1	2	3	4	5	6	7	8	9	10	11	12	13	14	15	16;
set C_S:= 17	18	19	20	21	22	23	24	25	26	27	28	29	30;
set C_F:= 31	32	33	34	35	36	37	38	39	40	41	42	43	44;
set M:= 45	46	47	48	49	50;
set L_B:= 51	52	53	54	55	56	57;
set A1:=
(0,*) 1 2 3 4 5 6 7 8 9 10 11 12 13 14 15 16 31 32 33 34 35 36 37 38 39 40 41 42 43 44 45 46 47 48 49 50 51 52 53 54 55 56 57
(1,*) 0 2 3 4 5 6 7 8 9 10 11 12 13 14 15 16 31 32 33 34 35 36 37 38 39 40 41 42 43 44 45 46 47 48 49 50 51 52 53 54 55 56 57
(2,*) 0 1 3 4 5 6 7 8 9 10 11 12 13 14 15 16 31 32 33 34 35 36 37 38 39 40 41 42 43 44 45 46 47 48 49 50 51 52 53 54 55 56 57
(3,*) 0 1 2 4 5 6 7 8 9 10 11 12 13 14 15 16 31 32 33 34 35 36 37 38 39 40 41 42 43 44 45 46 47 48 49 50 51 52 53 54 55 56 57
(4,*) 0 1 2 3 5 6 7 8 9 10 11 12 13 14 15 16 31 32 33 34 35 36 37 38 39 40 41 42 43 44 45 46 47 48 49 50 51 52 53 54 55 56 57
(5,*) 0 1 2 3 4 6 7 8 9 10 11 12 13 14 15 16 31 32 33 34 35 36 37 38 39 40 41 42 43 44 45 46 47 48 49 50 51 52 53 54 55 56 57
(6,*) 0 1 2 3 4 5 7 8 9 10 11 12 13 14 15 16 31 32 33 34 35 36 37 38 39 40 41 42 43 44 45 46 47 48 49 50 51 52 53 54 55 56 57
(7,*) 0 1 2 3 4 5 6 8 9 10 11 12 13 14 15 16 31 32 33 34 35 36 37 38 39 40 41 42 43 44 45 46 47 48 49 50 51 52 53 54 55 56 57
(8,*) 0 1 2 3 4 5 6 7 9 10 11 12 13 14 15 16 31 32 33 34 35 36 37 38 39 40 41 42 43 44 45 46 47 48 49 50 51 52 53 54 55 56 57
(9,*) 0 1 2 3 4 5 6 7 8 10 11 12 13 14 15 16 31 32 33 34 35 36 37 38 39 40 41 42 43 44 45 46 47 48 49 50 51 52 53 54 55 56 57
(10,*) 0 1 2 3 4 5 6 7 8 9 11 12 13 14 15 16 31 32 33 34 35 36 37 38 39 40 41 42 43 44 45 46 47 48 49 50 51 52 53 54 55 56 57
(11,*) 0 1 2 3 4 5 6 7 8 9 10 12 13 14 15 16 31 32 33 34 35 36 37 38 39 40 41 42 43 44 45 46 47 48 49 50 51 52 53 54 55 56 57
(12,*) 0 1 2 3 4 5 6 7 8 9 10 11 13 14 15 16 31 32 33 34 35 36 37 38 39 40 41 42 43 44 45 46 47 48 49 50 51 52 53 54 55 56 57
(13,*) 0 1 2 3 4 5 6 7 8 9 10 11 12 14 15 16 31 32 33 34 35 36 37 38 39 40 41 42 43 44 45 46 47 48 49 50 51 52 53 54 55 56 57
(14,*) 0 1 2 3 4 5 6 7 8 9 10 11 12 13 15 16 31 32 33 34 35 36 37 38 39 40 41 42 43 44 45 46 47 48 49 50 51 52 53 54 55 56 57
(15,*) 0 1 2 3 4 5 6 7 8 9 10 11 12 13 14 16 31 32 33 34 35 36 37 38 39 40 41 42 43 44 45 46 47 48 49 50 51 52 53 54 55 56 57
(16,*) 0 1 2 3 4 5 6 7 8 9 10 11 12 13 14 15 31 32 33 34 35 36 37 38 39 40 41 42 43 44 45 46 47 48 49 50 51 52 53 54 55 56 57
(31,*) 0 1 2 3 4 5 6 7 8 9 10 11 12 13 14 15 16 32 33 34 35 36 37 38 39 40 41 42 43 44 45 46 47 48 49 50 51 52 53 54 55 56 57
(32,*) 0 1 2 3 4 5 6 7 8 9 10 11 12 13 14 15 16 31 33 34 35 36 37 38 39 40 41 42 43 44 45 46 47 48 49 50 51 52 53 54 55 56 57
(33,*) 0 1 2 3 4 5 6 7 8 9 10 11 12 13 14 15 16 31 32 34 35 36 37 38 39 40 41 42 43 44 45 46 47 48 49 50 51 52 53 54 55 56 57
(34,*) 0 1 2 3 4 5 6 7 8 9 10 11 12 13 14 15 16 31 32 33 35 36 37 38 39 40 41 42 43 44 45 46 47 48 49 50 51 52 53 54 55 56 57
(35,*) 0 1 2 3 4 5 6 7 8 9 10 11 12 13 14 15 16 31 32 33 34 36 37 38 39 40 41 42 43 44 45 46 47 48 49 50 51 52 53 54 55 56 57
(36,*) 0 1 2 3 4 5 6 7 8 9 10 11 12 13 14 15 16 31 32 33 34 35 37 38 39 40 41 42 43 44 45 46 47 48 49 50 51 52 53 54 55 56 57
(37,*) 0 1 2 3 4 5 6 7 8 9 10 11 12 13 14 15 16 31 32 33 34 35 36 38 39 40 41 42 43 44 45 46 47 48 49 50 51 52 53 54 55 56 57
(38,*) 0 1 2 3 4 5 6 7 8 9 10 11 12 13 14 15 16 31 32 33 34 35 36 37 39 40 41 42 43 44 45 46 47 48 49 50 51 52 53 54 55 56 57
(39,*) 0 1 2 3 4 5 6 7 8 9 10 11 12 13 14 15 16 31 32 33 34 35 36 37 38 40 41 42 43 44 45 46 47 48 49 50 51 52 53 54 55 56 57
(40,*) 0 1 2 3 4 5 6 7 8 9 10 11 12 13 14 15 16 31 32 33 34 35 36 37 38 39 41 42 43 44 45 46 47 48 49 50 51 52 53 54 55 56 57
(41,*) 0 1 2 3 4 5 6 7 8 9 10 11 12 13 14 15 16 31 32 33 34 35 36 37 38 39 40 42 43 44 45 46 47 48 49 50 51 52 53 54 55 56 57
(42,*) 0 1 2 3 4 5 6 7 8 9 10 11 12 13 14 15 16 31 32 33 34 35 36 37 38 39 40 41 43 44 45 46 47 48 49 50 51 52 53 54 55 56 57
(43,*) 0 1 2 3 4 5 6 7 8 9 10 11 12 13 14 15 16 31 32 33 34 35 36 37 38 39 40 41 42 44 45 46 47 48 49 50 51 52 53 54 55 56 57
(44,*) 0 1 2 3 4 5 6 7 8 9 10 11 12 13 14 15 16 31 32 33 34 35 36 37 38 39 40 41 42 43 45 46 47 48 49 50 51 52 53 54 55 56 57
(45,*) 0 1 2 3 4 5 6 7 8 9 10 11 12 13 14 15 16 31 32 33 34 35 36 37 38 39 40 41 42 43 44 46 47 48 49 50 51 52 53 54 55 56 57
(46,*) 0 1 2 3 4 5 6 7 8 9 10 11 12 13 14 15 16 31 32 33 34 35 36 37 38 39 40 41 42 43 44 45 47 48 49 50 51 52 53 54 55 56 57
(47,*) 0 1 2 3 4 5 6 7 8 9 10 11 12 13 14 15 16 31 32 33 34 35 36 37 38 39 40 41 42 43 44 45 46 48 49 50 51 52 53 54 55 56 57
(48,*) 0 1 2 3 4 5 6 7 8 9 10 11 12 13 14 15 16 31 32 33 34 35 36 37 38 39 40 41 42 43 44 45 46 47 49 50 51 52 53 54 55 56 57
(49,*) 0 1 2 3 4 5 6 7 8 9 10 11 12 13 14 15 16 31 32 33 34 35 36 37 38 39 40 41 42 43 44 45 46 47 48 50 51 52 53 54 55 56 57
(50,*) 0 1 2 3 4 5 6 7 8 9 10 11 12 13 14 15 16 31 32 33 34 35 36 37 38 39 40 41 42 43 44 45 46 47 48 49 51 52 53 54 55 56 57
(51,*) 0 1 2 3 4 5 6 7 8 9 10 11 12 13 14 15 16 31 32 33 34 35 36 37 38 39 40 41 42 43 44 45 46 47 48 49 50 52 53 54 55 56 57
(52,*) 0 1 2 3 4 5 6 7 8 9 10 11 12 13 14 15 16 31 32 33 34 35 36 37 38 39 40 41 42 43 44 45 46 47 48 49 50 51 53 54 55 56 57
(53,*) 0 1 2 3 4 5 6 7 8 9 10 11 12 13 14 15 16 31 32 33 34 35 36 37 38 39 40 41 42 43 44 45 46 47 48 49 50 51 52 54 55 56 57
(54,*) 0 1 2 3 4 5 6 7 8 9 10 11 12 13 14 15 16 31 32 33 34 35 36 37 38 39 40 41 42 43 44 45 46 47 48 49 50 51 52 53 55 56 57
(55,*) 0 1 2 3 4 5 6 7 8 9 10 11 12 13 14 15 16 31 32 33 34 35 36 37 38 39 40 41 42 43 44 45 46 47 48 49 50 51 52 53 54 56 57
(56,*) 0 1 2 3 4 5 6 7 8 9 10 11 12 13 14 15 16 31 32 33 34 35 36 37 38 39 40 41 42 43 44 45 46 47 48 49 50 51 52 53 54 55 57
(57,*) 0 1 2 3 4 5 6 7 8 9 10 11 12 13 14 15 16 31 32 33 34 35 36 37 38 39 40 41 42 43 44 45 46 47 48 49 50 51 52 53 54 55 56
;
set A2:=
(45,*) 46
(46,*) 45
(47,*) 48
(48,*) 47
(49,*) 50
(50,*) 49
;
param BigM:=99999;
param n:= 7;
param d:=
1	1
2	16
3	23
4	6
5	5
6	14
7	21
8	24
9	19
10	3
11	17
12	12
13	22
14	20
15	14
16	25
17	1
18	18
19	8
20	8
21	20
22	13
23	12
24	17
25	19
26	15
27	2
28	10
29	11
30	21
31	14
32	12
33	13
34	20
35	7
36	26
37	22
38	8
39	16
40	20
41	20
42	9
43	6
44	24
;
param Q:=100;
param w:=
[45,*] 46 0.5
[46,*] 45 0.5
[47,*] 48 0.5
[48,*] 47 0.5
[49,*] 50 0.5
[50,*] 49 0.5
;
param V:=
[45,*] 46 89
[46,*] 45 89
[47,*] 48 87
[48,*] 47 87
[49,*] 50 98
[50,*] 49 98
;
param e:
	45	46	47	48	49	50	51	52	53	54	55	56	57:=
17	0	0	0	1	0	0	0	0	0	0	0	0	0	
18	0	0	0	0	0	1	0	0	0	0	0	0	0	
19	0	0	1	0	0	0	0	0	0	0	0	0	0	
20	0	0	0	1	0	0	0	0	0	0	0	0	0	
21	0	1	0	0	0	0	0	0	0	0	0	0	0	
22	1	0	0	0	0	0	0	0	0	0	0	0	0	
23	1	0	0	0	1	0	0	0	0	0	0	0	0	
24	0	0	0	0	0	1	0	0	0	0	0	0	0	
25	0	1	0	0	0	0	0	0	0	0	0	0	0	
26	0	0	1	0	0	0	0	0	0	0	0	0	0	
27	0	0	0	1	0	0	0	0	0	0	0	0	0	
28	0	0	0	0	0	1	0	0	0	0	0	0	0	
29	0	0	1	0	0	0	0	0	0	0	0	0	0	
30	0	0	1	0	0	0	0	0	0	0	0	0	0	
31	0	0	0	1	0	0	0	0	0	0	0	0	0	
32	1	0	1	0	1	0	1	0	0	0	0	0	0	
33	0	0	0	1	0	0	0	0	0	0	0	0	0	
34	1	0	1	0	1	0	1	0	0	0	0	0	0	
35	0	1	0	1	0	0	0	0	0	0	0	0	0	
36	1	0	1	0	1	0	1	0	0	0	0	0	0	
37	1	0	0	0	1	0	1	0	0	0	0	0	0	
38	0	0	1	0	0	0	0	0	0	0	0	0	0	
39	0	0	0	1	0	1	0	0	0	0	0	0	0	
40	1	0	0	0	0	0	0	0	0	0	0	0	0	
41	0	0	0	0	0	1	0	0	0	0	0	0	0	
42	0	1	0	1	0	1	0	0	0	0	0	0	0	
43	0	0	0	1	0	0	0	0	0	0	0	0	0	
44	1	0	0	0	1	0	1	0	0	0	0	0	0	
;
param p:=
1	3
2	3
3	3
4	3
5	3
6	3
7	3
;
param G:=
45	89
46	84
47	87
48	74
49	78
50	98
51	99
52	93
53	88
54	89
55	77
56	94
57	90
;
param s:=
0	0
1	15
2	15
3	15
4	15
5	15
6	15
7	15
8	15
9	15
10	15
11	15
12	15
13	15
14	15
15	15
16	15
31	15
32	15
33	15
34	15
35	15
36	15
37	15
38	15
39	15
40	15
41	15
42	15
43	15
44	15
45	10
46	10
47	10
48	10
49	10
50	10
51	10
52	10
53	10
54	10
55	10
56	10
57	10
;
param t:
	0	1	2	3	4	5	6	7	8	9	10	11	12	13	14	15	16	17	18	19	20	21	22	23	24	25	26	27	28	29	30	31	32	33	34	35	36	37	38	39	40	41	42	43	44	45	46	47	48	49	50	51	52	53	54	55	56	57:=
0	0.0	20.0	69.43	32.56	42.52	32.8	77.67	72.11	62.61	95.35	32.31	73.35	58.82	94.25	90.02	24.74	74.73	38.63	22.0	63.15	39.6	25.46	43.86	88.29	25.06	18.44	94.59	42.94	33.53	77.25	91.61	98.08	76.24	38.21	65.12	26.08	74.03	58.31	71.69	26.08	86.16	95.35	18.44	96.6	69.08	92.7	40.52	11.7	91.39	19.42	85.71	66.29	4.12	78.31	27.66	64.63	24.84	66.61
1	20.0	0.0	50.0	13.42	22.63	42.76	59.06	68.82	62.23	82.0	18.44	72.25	38.83	78.92	80.05	25.06	60.13	38.42	13.42	50.16	46.82	34.53	51.26	74.11	10.77	13.42	88.57	44.41	48.04	74.4	72.72	94.34	64.78	32.8	59.06	31.62	64.56	42.43	69.66	10.2	69.86	82.0	13.42	79.12	52.95	89.04	23.02	20.02	74.73	32.02	77.83	53.08	23.85	69.89	26.63	52.47	7.0	54.45
2	69.43	50.0	0.0	36.88	27.78	78.79	12.17	71.81	74.11	51.61	40.5	79.25	18.11	42.05	61.22	59.06	32.8	62.1	57.27	35.44	77.79	72.47	81.04	42.8	45.34	54.04	78.89	67.47	88.59	76.66	23.41	89.44	46.65	51.92	59.23	67.08	52.8	24.08	75.31	43.86	31.3	51.61	54.04	34.06	23.32	85.49	41.59	64.66	33.53	74.33	65.86	35.47	72.86	59.03	57.7	38.9	44.6	39.56
3	32.56	13.42	36.88	0.0	10.77	48.17	45.65	63.66	59.36	70.26	11.66	68.41	27.86	66.27	70.23	28.0	48.04	37.95	24.0	39.29	50.16	40.45	54.33	62.03	10.2	18.97	80.99	44.27	55.79	69.31	59.36	88.09	54.41	29.53	52.5	36.06	55.46	30.0	65.3	8.25	56.89	70.26	18.97	65.79	40.2	82.98	21.4	29.07	61.61	40.16	69.35	41.98	36.07	61.29	28.16	42.06	7.81	43.97
4	42.52	22.63	27.78	10.77	0.0	58.55	37.95	68.82	66.21	67.91	20.1	74.43	17.09	62.13	70.71	38.21	45.61	46.69	29.73	39.45	60.0	50.99	64.03	59.23	20.88	29.73	83.74	52.95	66.48	74.4	50.99	91.93	54.59	37.36	56.85	46.39	57.2	27.86	71.02	18.97	52.0	67.91	29.73	59.23	36.5	87.05	18.38	39.81	56.14	50.92	71.4	41.59	46.23	63.41	38.01	42.72	18.36	44.42
5	32.8	42.76	78.79	48.17	58.55	0.0	82.68	48.04	36.06	85.09	39.29	46.39	75.31	88.41	74.0	20.4	69.43	20.0	52.0	56.64	8.25	8.25	11.66	80.45	38.05	30.07	72.11	18.97	11.66	52.04	96.52	72.44	64.5	28.43	46.17	12.17	59.09	58.82	46.04	40.05	83.45	85.09	30.07	96.21	68.12	67.27	65.62	23.77	89.11	13.45	66.71	59.55	30.41	61.03	21.19	56.22	42.01	57.8
6	77.67	59.06	12.17	45.65	37.95	82.68	0.0	68.12	72.44	41.04	46.69	76.03	30.27	30.53	52.84	64.03	25.3	64.4	67.68	32.06	80.5	77.2	83.26	32.56	52.8	60.96	71.69	69.08	93.23	72.44	14.14	82.87	39.85	54.59	56.0	71.61	47.07	24.17	72.03	51.61	20.0	41.04	60.96	22.0	18.0	79.4	53.24	71.51	21.54	80.06	58.87	31.02	80.8	52.89	62.2	35.0	53.0	35.06
7	72.11	68.82	71.81	63.66	68.82	48.04	68.12	0.0	12.65	47.71	52.35	8.25	79.62	56.46	31.11	47.54	44.18	33.53	82.1	36.5	40.2	50.36	38.83	47.54	58.41	57.31	24.08	30.27	58.55	5.66	78.23	26.0	31.05	36.06	12.65	47.07	22.8	48.08	4.47	59.67	57.27	47.71	57.31	70.34	50.16	20.62	84.96	60.41	62.1	57.56	21.4	37.12	71.84	19.72	44.78	33.24	63.25	33.06
8	62.61	62.23	74.11	59.36	66.21	36.06	72.44	12.65	0.0	58.14	47.71	10.77	79.12	65.51	42.8	38.83	50.6	24.41	75.07	40.45	28.0	39.29	26.31	56.6	52.5	49.68	36.5	19.7	46.17	16.0	83.95	36.5	39.45	30.0	17.89	36.77	31.62	50.04	10.0	54.04	64.62	58.14	49.68	78.0	54.59	31.26	80.71	51.0	69.86	46.57	33.62	41.98	61.85	30.41	36.4	37.85	57.49	38.33
9	95.35	82.0	51.61	70.26	67.91	85.09	41.04	47.71	58.14	0.0	64.12	55.57	68.0	12.65	18.44	73.38	22.36	65.3	94.19	32.25	79.32	83.26	80.0	8.94	72.11	76.94	38.05	66.57	96.75	49.19	42.94	50.04	20.59	59.46	41.04	78.0	26.91	40.45	52.15	72.03	21.26	0.0	76.94	29.12	31.62	48.51	86.13	85.38	22.36	88.96	28.46	29.15	97.08	28.02	70.52	30.81	75.0	28.86
10	32.31	18.44	40.5	11.66	20.1	39.29	46.69	52.35	47.71	64.12	0.0	56.85	36.22	62.1	61.61	18.97	42.76	26.68	31.62	32.0	40.05	32.31	44.0	56.57	8.0	14.42	70.71	32.98	48.33	58.0	60.83	77.2	46.39	17.89	41.62	27.2	46.17	26.0	53.81	8.25	53.85	64.12	14.42	64.5	36.77	72.01	33.02	24.84	59.09	33.84	59.62	35.01	34.89	51.62	18.25	34.13	11.7	36.12
11	73.35	72.25	79.25	68.41	74.43	46.39	76.03	8.25	10.77	55.57	56.85	0.0	86.16	64.62	38.42	49.4	52.35	34.99	85.28	44.18	38.21	50.0	36.0	55.71	62.23	60.0	27.86	30.46	56.0	7.21	86.37	26.08	39.29	39.6	20.1	47.54	31.05	55.32	4.0	63.66	65.51	55.57	60.0	78.59	58.03	21.0	89.81	61.72	70.34	57.28	28.32	45.01	72.62	27.73	46.87	41.05	67.18	41.0
12	58.82	38.83	18.11	27.86	17.09	75.31	30.27	79.62	79.12	68.0	36.22	86.16	0.0	59.46	75.07	54.92	47.2	62.03	42.8	45.61	76.24	67.91	80.1	59.06	37.95	46.82	90.91	68.12	83.52	84.97	40.45	100.44	59.4	52.15	67.08	63.15	64.03	32.8	82.46	36.06	48.7	68.0	46.82	52.15	37.2	95.96	24.7	56.86	51.42	68.01	77.99	46.75	62.68	70.43	54.45	49.2	35.34	50.45
13	94.25	78.92	42.05	66.27	62.13	88.41	30.53	56.46	65.51	12.65	62.1	64.62	59.46	0.0	30.0	74.24	19.7	68.41	90.2	32.25	83.55	85.44	84.85	8.94	69.86	75.89	50.04	70.77	100.0	58.82	30.53	62.03	26.08	61.06	47.71	79.92	34.0	36.5	60.93	69.43	10.77	12.65	75.89	16.49	26.08	60.07	79.76	85.23	10.0	90.43	39.32	29.15	96.46	37.0	71.59	32.2	72.01	30.61
14	90.02	80.05	61.22	70.23	70.71	74.0	52.84	31.11	42.8	18.44	61.61	38.42	75.07	30.0	0.0	66.12	28.43	55.32	93.15	31.3	67.23	73.76	67.08	22.36	69.43	72.25	20.1	55.03	85.44	31.62	58.24	32.06	16.12	52.04	27.86	69.05	16.0	43.27	35.38	69.86	35.44	18.44	72.25	46.17	38.21	30.15	89.01	79.03	38.47	80.23	10.3	29.15	91.02	13.0	63.13	28.23	73.25	26.4
15	24.74	25.06	59.06	28.0	38.21	20.4	64.03	47.54	38.83	73.38	18.97	49.4	54.92	74.24	66.12	0.0	54.59	14.42	36.88	42.05	22.36	13.42	26.68	67.23	18.11	11.66	69.86	19.8	29.53	52.8	78.1	73.54	53.37	14.14	40.45	8.25	50.16	41.04	47.41	20.1	67.68	73.38	11.66	79.65	51.22	68.15	46.84	13.15	73.24	16.4	61.2	45.19	25.08	54.01	3.0	42.72	22.56	44.6
16	74.73	60.13	32.8	48.04	45.61	69.43	25.3	44.18	50.6	22.36	42.76	52.35	47.2	19.7	28.43	54.59	0.0	49.52	72.03	12.81	65.12	66.03	66.84	14.0	50.64	56.32	46.52	52.5	80.92	48.0	34.06	57.58	14.56	41.62	32.98	60.46	22.09	18.11	48.37	50.36	14.42	22.36	56.32	27.78	10.0	54.12	63.89	65.55	20.0	70.83	33.62	9.9	76.84	27.66	51.97	13.6	53.15	12.53
17	38.63	38.42	62.1	37.95	46.69	20.0	64.4	33.53	24.41	65.3	26.68	34.99	62.03	68.41	55.32	14.42	49.52	0.0	50.91	36.77	16.12	18.44	18.97	60.46	29.53	25.46	56.57	6.32	31.62	38.63	77.9	59.46	44.72	10.2	28.07	14.0	39.85	40.25	33.11	31.3	63.66	65.3	25.46	76.58	48.83	54.08	58.6	26.93	69.31	25.08	49.09	39.62	38.33	42.58	12.04	36.24	34.48	37.8
18	22.0	13.42	57.27	24.0	29.73	52.0	67.68	82.1	75.07	94.19	31.62	85.28	42.8	90.2	93.15	36.88	72.03	50.91	0.0	62.8	57.31	43.86	61.77	86.02	24.17	25.46	101.98	56.64	54.92	87.66	80.62	107.7	77.67	46.04	72.47	42.19	77.79	54.0	82.8	23.41	80.62	94.19	25.46	88.77	64.12	102.4	20.25	28.23	85.16	39.56	91.18	65.62	26.02	83.22	38.9	65.31	19.92	67.27
19	63.15	50.16	35.44	39.29	39.45	56.64	32.06	36.5	40.45	32.25	32.0	44.18	45.61	32.25	31.3	42.05	12.81	36.77	62.8	0.0	52.5	53.25	54.41	25.3	40.0	44.72	45.34	40.0	68.12	41.23	43.68	54.92	15.23	28.84	24.08	47.71	18.44	12.81	40.2	40.05	26.91	32.25	44.72	40.0	14.14	50.61	57.71	53.45	32.56	58.18	32.53	3.16	65.0	24.84	39.36	3.61	43.19	5.0
20	39.6	46.82	77.79	50.16	60.0	8.25	80.5	40.2	28.0	79.32	40.05	38.21	76.24	83.55	67.23	22.36	65.12	16.12	57.31	52.5	0.0	14.14	4.47	75.29	40.45	33.53	64.28	12.81	18.44	44.0	94.02	64.28	58.82	26.0	39.4	15.23	52.84	56.36	38.0	42.43	79.4	79.32	33.53	92.46	64.9	59.14	69.12	29.41	85.04	20.81	59.48	55.23	37.64	54.23	22.02	51.62	44.91	53.04
21	25.46	34.53	72.47	40.45	50.99	8.25	77.2	50.36	39.29	83.26	32.31	50.0	67.91	85.44	73.76	13.42	66.03	18.44	43.86	53.25	14.14	0.0	18.44	77.9	30.27	22.0	74.11	20.1	16.12	54.92	91.21	75.71	62.77	24.41	46.39	5.66	58.24	53.81	49.03	32.25	79.65	83.26	22.0	92.02	63.66	70.41	57.43	15.65	85.28	7.28	67.36	56.3	23.6	61.0	15.0	53.34	34.01	55.07
22	43.86	51.26	81.04	54.33	64.03	11.66	83.26	38.83	26.31	80.0	44.0	36.0	80.1	84.85	67.08	26.68	66.84	18.97	61.77	54.41	4.47	18.44	0.0	76.42	44.72	37.95	62.8	14.42	20.0	42.19	96.6	62.03	59.67	29.12	39.45	19.7	53.25	59.09	36.22	46.69	81.22	80.0	37.95	94.4	67.23	57.0	73.5	33.84	86.83	24.84	58.87	57.01	41.77	54.12	26.17	53.26	49.24	54.56
23	88.29	74.11	42.8	62.03	59.23	80.45	32.56	47.54	56.6	8.94	56.57	55.71	59.06	8.94	22.36	67.23	14.0	60.46	86.02	25.3	75.29	77.9	76.42	0.0	64.5	69.86	42.43	62.48	92.09	50.0	36.06	54.33	17.2	53.67	38.83	72.47	25.06	32.06	52.0	64.28	13.42	8.94	69.86	24.0	22.8	52.01	77.37	78.75	16.12	83.19	31.02	22.14	90.25	28.16	64.47	24.6	67.12	22.83
24	25.06	10.77	45.34	10.2	20.88	38.05	52.8	58.41	52.5	72.11	8.0	62.23	37.95	69.86	69.43	18.11	50.64	29.53	24.17	40.0	40.45	30.27	44.72	64.5	0.0	8.94	77.82	35.78	45.61	64.03	66.84	83.76	54.33	22.63	48.37	26.0	53.85	33.53	59.46	2.0	61.35	72.11	8.94	71.55	44.27	78.49	29.15	19.42	66.48	30.08	67.07	43.01	28.02	59.14	18.68	42.11	5.0	44.1
25	18.44	13.42	54.04	18.97	29.73	30.07	60.96	57.31	49.68	76.94	14.42	60.0	46.82	75.89	72.25	11.66	56.32	25.46	25.46	44.72	33.53	22.0	37.95	69.86	8.94	0.0	78.43	31.24	36.88	62.77	75.07	83.19	58.03	21.54	48.7	18.44	56.32	40.25	57.69	10.77	68.03	76.94	0.0	78.89	50.99	77.83	35.69	10.63	73.35	21.19	68.66	47.85	20.62	61.0	13.45	46.27	12.04	48.26
26	94.59	88.57	78.89	80.99	83.74	72.11	71.69	24.08	36.5	38.05	70.71	27.86	90.91	50.04	20.1	69.86	46.52	56.57	101.98	45.34	64.28	74.11	62.8	42.43	77.82	78.43	0.0	54.04	82.61	20.88	78.1	12.0	32.25	56.92	29.73	70.46	26.91	58.14	26.68	78.71	55.32	38.05	78.43	66.27	55.57	11.18	101.4	82.98	58.55	81.22	13.04	44.2	94.73	20.52	66.94	41.77	82.3	40.46
27	42.94	44.41	67.47	44.27	52.95	18.97	69.08	30.27	19.7	66.57	32.98	30.46	68.12	70.77	55.03	19.8	52.5	6.32	56.64	40.0	12.81	20.1	14.42	62.48	35.78	31.24	54.04	0.0	30.46	34.93	82.29	55.79	46.04	16.0	27.2	17.09	40.25	44.94	29.12	37.58	66.84	66.57	31.24	80.0	52.84	50.45	64.88	31.38	72.47	27.29	47.85	42.64	42.15	42.06	17.8	38.95	40.71	40.31
28	33.53	48.04	88.59	55.79	66.48	11.66	93.23	58.55	46.17	96.75	48.33	56.0	83.52	100.0	85.44	29.53	80.92	31.62	54.92	68.12	18.44	16.12	20.0	92.09	45.61	36.88	82.61	30.46	0.0	62.13	107.2	82.02	76.16	39.6	57.58	21.63	70.68	69.66	56.14	47.54	94.85	96.75	36.88	107.48	79.25	77.0	71.01	28.02	100.5	16.03	77.88	71.06	30.08	72.45	31.06	67.8	48.84	69.4
29	77.25	74.4	76.66	69.31	74.4	52.04	72.44	5.66	16.0	49.19	58.0	7.21	84.97	58.82	31.62	52.8	48.0	38.63	87.66	41.23	44.0	54.92	42.19	50.0	64.03	62.77	20.88	34.93	62.13	0.0	82.02	20.88	34.23	41.62	17.89	51.92	26.08	53.14	6.0	65.3	60.53	49.19	62.77	73.35	54.59	15.52	90.61	65.55	65.12	62.17	21.4	41.59	76.84	21.84	50.09	37.85	68.88	37.48
30	91.61	72.72	23.41	59.36	50.99	96.52	14.14	78.23	83.95	42.94	60.83	86.37	40.45	30.53	58.24	78.1	34.06	77.9	80.62	43.68	94.02	91.21	96.6	36.06	66.84	75.07	78.1	82.29	107.2	82.02	0.0	89.82	48.04	68.26	66.75	85.6	56.0	37.74	82.39	65.6	22.8	42.94	75.07	15.62	29.73	86.98	64.76	85.63	20.59	94.18	65.92	41.98	94.81	61.13	76.22	46.1	66.85	45.71
31	98.08	94.34	89.44	88.09	91.93	72.44	82.87	26.0	36.5	50.04	77.2	26.08	100.44	62.03	32.06	73.54	57.58	59.46	107.7	54.92	64.28	75.71	62.03	54.33	83.76	83.19	12.0	55.79	82.02	20.88	89.82	0.0	43.08	61.77	35.61	72.8	36.72	67.68	26.68	84.88	67.08	50.04	83.19	78.23	66.21	5.39	109.04	86.38	70.46	82.98	24.04	54.2	97.72	30.41	70.77	51.31	88.48	50.25
32	76.24	64.78	46.65	54.41	54.59	64.5	39.85	31.05	39.45	20.59	46.39	39.29	59.4	26.08	16.12	53.37	14.56	44.72	77.67	15.23	58.82	62.77	59.67	17.2	54.33	58.03	32.25	46.04	76.16	34.23	48.04	43.08	0.0	39.29	21.63	57.58	8.25	27.2	35.44	54.59	26.31	20.59	58.03	39.29	23.32	39.56	72.9	65.76	31.05	68.62	19.24	13.04	77.65	13.15	50.45	12.37	57.87	10.44
33	38.21	32.8	51.92	29.53	37.36	28.43	54.59	36.06	30.0	59.46	17.89	39.6	52.15	61.06	52.04	14.14	41.62	10.2	46.04	28.84	26.0	24.41	29.12	53.67	22.63	21.54	56.92	16.0	39.6	41.62	68.26	61.77	39.29	0.0	27.2	18.87	36.06	30.53	36.88	24.08	55.32	59.46	21.54	67.88	39.7	56.44	50.77	27.0	60.96	29.55	47.52	31.91	39.0	40.11	11.18	29.07	27.59	30.87
34	65.12	59.06	59.23	52.5	56.85	46.17	56.0	12.65	17.89	41.04	41.62	20.1	67.08	47.71	27.86	40.45	32.98	28.07	72.47	24.08	39.4	46.39	39.45	38.83	48.37	48.7	29.73	27.2	57.58	17.89	66.75	35.61	21.63	27.2	0.0	42.05	14.14	35.44	16.12	49.4	46.82	41.04	48.7	60.17	38.0	30.48	73.55	53.6	52.0	53.15	21.02	25.02	65.49	14.87	37.48	21.0	53.0	21.1
35	26.08	31.62	67.08	36.06	46.39	12.17	71.61	47.07	36.77	78.0	27.2	47.54	63.15	79.92	69.05	8.25	60.46	14.0	42.19	47.71	15.23	5.66	19.7	72.47	26.0	18.44	70.46	17.09	21.63	51.92	85.6	72.8	57.58	18.87	42.05	0.0	53.37	48.17	46.17	28.0	74.03	78.0	18.44	86.37	58.0	67.45	54.13	14.87	79.65	11.18	63.07	50.77	25.08	56.44	9.43	47.89	30.15	49.65
36	74.03	64.56	52.8	55.46	57.2	59.09	47.07	22.8	31.62	26.91	46.17	31.05	64.03	34.0	16.0	50.16	22.09	39.85	77.79	18.44	52.84	58.24	53.25	25.06	53.85	56.32	26.91	40.25	70.68	26.08	56.0	36.72	8.25	36.06	14.14	53.37	0.0	31.24	27.2	54.41	34.53	26.91	56.32	47.54	29.73	32.7	75.17	63.03	39.29	64.54	14.21	17.49	75.03	6.4	47.17	14.87	57.87	13.6
37	58.31	42.43	24.08	30.0	27.86	58.82	24.17	48.08	50.04	40.45	26.0	55.32	32.8	36.5	43.27	41.04	18.11	40.25	54.0	12.81	56.36	53.81	59.09	32.06	33.53	40.25	58.14	44.94	69.66	53.14	37.74	67.68	27.2	30.53	35.44	48.17	31.24	0.0	51.42	32.98	27.86	40.45	40.25	38.83	10.77	63.29	46.24	50.25	33.11	57.38	45.28	14.21	60.84	37.64	38.9	16.4	35.51	17.69
38	71.69	69.66	75.31	65.3	71.02	46.04	72.03	4.47	10.0	52.15	53.81	4.0	82.46	60.93	35.38	47.41	48.37	33.11	82.8	40.2	38.0	49.03	36.22	52.0	59.46	57.69	26.68	29.12	56.14	6.0	82.39	26.68	35.44	36.88	16.12	46.17	27.2	51.42	0.0	60.83	61.61	52.15	57.69	74.73	54.04	21.38	86.68	60.01	66.48	56.29	25.5	41.01	71.17	24.19	44.78	37.05	64.38	37.0
39	26.08	10.2	43.86	8.25	18.97	40.05	51.61	59.67	54.04	72.03	8.25	63.66	36.06	69.43	69.86	20.1	50.36	31.3	23.41	40.05	42.43	32.25	46.69	64.28	2.0	10.77	78.71	37.58	47.54	65.3	65.6	84.88	54.59	24.08	49.4	28.0	54.41	32.98	60.83	0.0	60.73	72.03	10.77	70.68	43.68	79.63	27.31	21.1	65.79	31.95	67.78	43.01	29.21	59.81	20.62	42.3	3.61	44.28
40	86.16	69.86	31.3	56.89	52.0	83.45	20.0	57.27	64.62	21.26	53.85	65.51	48.7	10.77	35.44	67.68	14.42	63.66	80.62	26.91	79.4	79.65	81.22	13.42	61.35	68.03	55.32	66.84	94.85	60.53	22.8	67.08	26.31	55.32	46.82	74.03	34.53	27.86	61.61	60.73	0.0	21.26	68.03	13.42	17.09	64.38	69.35	77.83	5.66	84.05	43.29	24.21	88.64	39.05	65.22	28.02	63.06	26.93
41	95.35	82.0	51.61	70.26	67.91	85.09	41.04	47.71	58.14	0.0	64.12	55.57	68.0	12.65	18.44	73.38	22.36	65.3	94.19	32.25	79.32	83.26	80.0	8.94	72.11	76.94	38.05	66.57	96.75	49.19	42.94	50.04	20.59	59.46	41.04	78.0	26.91	40.45	52.15	72.03	21.26	0.0	76.94	29.12	31.62	48.51	86.13	85.38	22.36	88.96	28.46	29.15	97.08	28.02	70.52	30.81	75.0	28.86
42	18.44	13.42	54.04	18.97	29.73	30.07	60.96	57.31	49.68	76.94	14.42	60.0	46.82	75.89	72.25	11.66	56.32	25.46	25.46	44.72	33.53	22.0	37.95	69.86	8.94	0.0	78.43	31.24	36.88	62.77	75.07	83.19	58.03	21.54	48.7	18.44	56.32	40.25	57.69	10.77	68.03	76.94	0.0	78.89	50.99	77.83	35.69	10.63	73.35	21.19	68.66	47.85	20.62	61.0	13.45	46.27	12.04	48.26
43	96.6	79.12	34.06	65.79	59.23	96.21	22.0	70.34	78.0	29.12	64.5	78.59	52.15	16.49	46.17	79.65	27.78	76.58	88.77	40.0	92.46	92.02	94.4	24.0	71.55	78.89	66.27	80.0	107.48	73.35	15.62	78.23	39.29	67.88	60.17	86.37	47.54	38.83	74.73	70.68	13.42	29.12	78.89	0.0	28.43	76.01	75.17	89.04	8.25	96.05	55.01	37.44	99.36	51.62	77.34	41.34	72.62	40.31
44	69.08	52.95	23.32	40.2	36.5	68.12	18.0	50.16	54.59	31.62	36.77	58.03	37.2	26.08	38.21	51.22	10.0	48.83	64.12	14.14	64.9	63.66	67.23	22.8	44.27	50.99	55.57	52.84	79.25	54.59	29.73	66.21	23.32	39.7	38.0	58.0	29.73	10.77	54.04	43.68	17.09	31.62	50.99	28.43	0.0	62.39	54.57	60.9	22.36	67.62	42.54	13.04	71.59	35.85	48.92	17.0	46.1	17.12
45	92.7	89.04	85.49	82.98	87.05	67.27	79.4	20.62	31.26	48.51	72.01	21.0	95.96	60.07	30.15	68.15	54.12	54.08	102.4	50.61	59.14	70.41	57.0	52.01	78.49	77.83	11.18	50.45	77.0	15.52	86.98	5.39	39.56	56.44	30.48	67.45	32.7	63.29	21.38	79.63	64.38	48.51	77.83	76.01	62.39	0.0	104.0	80.99	68.07	77.67	21.1	50.09	92.35	26.57	65.39	47.01	83.23	46.07
46	40.52	23.02	41.59	21.4	18.38	65.62	53.24	84.96	80.71	86.13	33.02	89.81	24.7	79.76	89.01	46.84	63.89	58.6	20.25	57.71	69.12	57.43	73.5	77.37	29.15	35.69	101.4	64.88	71.01	90.61	64.76	109.04	72.9	50.77	73.55	54.13	75.17	46.24	86.68	27.31	69.35	86.13	35.69	75.17	54.57	104.0	0.0	43.0	73.06	55.0	89.31	59.93	44.64	81.27	47.76	60.9	24.35	62.65
47	11.7	20.02	64.66	29.07	39.81	23.77	71.51	60.41	51.0	85.38	24.84	61.72	56.86	85.23	79.03	13.15	65.55	26.93	28.23	53.45	29.41	15.65	33.84	78.75	19.42	10.63	82.98	31.38	28.02	65.55	85.63	86.38	65.76	27.0	53.6	14.87	63.03	50.25	60.01	21.1	77.83	85.38	10.63	89.04	60.9	80.99	43.0	0.0	83.24	12.0	74.33	56.61	12.0	67.07	16.12	54.57	21.54	56.52
48	91.39	74.73	33.53	61.61	56.14	89.11	21.54	62.1	69.86	22.36	59.09	70.34	51.42	10.0	38.47	73.24	20.0	69.31	85.16	32.56	85.04	85.28	86.83	16.12	66.48	73.35	58.55	72.47	100.5	65.12	20.59	70.46	31.05	60.96	52.0	79.65	39.29	33.11	66.48	65.79	5.66	22.36	73.35	8.25	22.36	68.07	73.06	83.24	0.0	89.63	47.01	29.83	93.94	43.42	70.8	33.6	68.01	32.45
49	19.42	32.02	74.33	40.16	50.92	13.45	80.06	57.56	46.57	88.96	33.84	57.28	68.01	90.43	80.23	16.4	70.83	25.08	39.56	58.18	20.81	7.28	24.84	83.19	30.08	21.19	81.22	27.29	16.03	62.17	94.18	82.98	68.62	29.55	53.15	11.18	64.54	57.38	56.29	31.95	84.05	88.96	21.19	96.05	67.62	77.67	55.0	12.0	89.63	0.0	74.17	61.29	16.97	67.6	18.87	58.6	32.98	60.42
50	85.71	77.83	65.86	69.35	71.4	66.71	58.87	21.4	33.62	28.46	59.62	28.32	77.99	39.32	10.3	61.2	33.62	49.09	91.18	32.53	59.48	67.36	58.87	31.02	67.07	68.66	13.04	47.85	77.88	21.4	65.92	24.04	19.24	47.52	21.02	63.07	14.21	45.28	25.5	67.78	43.29	28.46	68.66	55.01	42.54	21.1	89.31	74.33	47.01	74.17	0.0	31.24	86.28	8.06	58.22	29.0	71.31	27.59
51	66.29	53.08	35.47	41.98	41.59	59.55	31.02	37.12	41.98	29.15	35.01	45.01	46.75	29.15	29.15	45.19	9.9	39.62	65.62	3.16	55.23	56.3	57.01	22.14	43.01	47.85	44.2	42.64	71.06	41.59	41.98	54.2	13.04	31.91	25.02	50.77	17.49	14.21	41.01	43.01	24.21	29.15	47.85	37.44	13.04	50.09	59.93	56.61	29.83	61.29	31.24	0.0	68.15	23.85	42.49	4.12	46.1	4.12
52	4.12	23.85	72.86	36.07	46.23	30.41	80.8	71.84	61.85	97.08	34.89	72.62	62.68	96.46	91.02	25.08	76.84	38.33	26.02	65.0	37.64	23.6	41.77	90.25	28.02	20.62	94.73	42.15	30.08	76.84	94.81	97.72	77.65	39.0	65.49	25.08	75.03	60.84	71.17	29.21	88.64	97.08	20.62	99.36	71.59	92.35	44.64	12.0	93.94	16.97	86.28	68.15	0.0	79.06	28.07	66.29	28.28	68.25
53	78.31	69.89	59.03	61.29	63.41	61.03	52.89	19.72	30.41	28.02	51.62	27.73	70.43	37.0	13.0	54.01	27.66	42.58	83.22	24.84	54.23	61.0	54.12	28.16	59.14	61.0	20.52	42.06	72.45	21.84	61.13	30.41	13.15	40.11	14.87	56.44	6.4	37.64	24.19	59.81	39.05	28.02	61.0	51.62	35.85	26.57	81.27	67.07	43.42	67.6	8.06	23.85	79.06	0.0	51.01	21.26	63.32	20.0
54	27.66	26.63	57.7	28.16	38.01	21.19	62.2	44.78	36.4	70.52	18.25	46.87	54.45	71.59	63.13	3.0	51.97	12.04	38.9	39.36	22.02	15.0	26.17	64.47	18.68	13.45	66.94	17.8	31.06	50.09	76.22	70.77	50.45	11.18	37.48	9.43	47.17	38.9	44.78	20.62	65.22	70.52	13.45	77.34	48.92	65.39	47.76	16.12	70.8	18.87	58.22	42.49	28.07	51.01	0.0	39.92	23.41	41.79
55	64.63	52.47	38.9	42.06	42.72	56.22	35.0	33.24	37.85	30.81	34.13	41.05	49.2	32.2	28.23	42.72	13.6	36.24	65.31	3.61	51.62	53.34	53.26	24.6	42.11	46.27	41.77	38.95	67.8	37.85	46.1	51.31	12.37	29.07	21.0	47.89	14.87	16.4	37.05	42.3	28.02	30.81	46.27	41.34	17.0	47.01	60.9	54.57	33.6	58.6	29.0	4.12	66.29	21.26	39.92	0.0	45.54	2.0
56	24.84	7.0	44.6	7.81	18.36	42.01	53.0	63.25	57.49	75.0	11.7	67.18	35.34	72.01	73.25	22.56	53.15	34.48	19.92	43.19	44.91	34.01	49.24	67.12	5.0	12.04	82.3	40.71	48.84	68.88	66.85	88.48	57.87	27.59	53.0	30.15	57.87	35.51	64.38	3.61	63.06	75.0	12.04	72.62	46.1	83.23	24.35	21.54	68.01	32.98	71.31	46.1	28.28	63.32	23.41	45.54	0.0	47.52
57	66.61	54.45	39.56	43.97	44.42	57.8	35.06	33.06	38.33	28.86	36.12	41.0	50.45	30.61	26.4	44.6	12.53	37.8	67.27	5.0	53.04	55.07	54.56	22.83	44.1	48.26	40.46	40.31	69.4	37.48	45.71	50.25	10.44	30.87	21.1	49.65	13.6	17.69	37.0	44.28	26.93	28.86	48.26	40.31	17.12	46.07	62.65	56.52	32.45	60.42	27.59	4.12	68.25	20.0	41.79	2.0	47.52	0.0
;
