set K:= 1	2	3	4	5	6	7;
set C_H:= 1	2	3	4	5	6	7	8	9	10	11	12	13	14	15	16	17;
set C_S:= 18	19	20	21	22	23	24	25	26	27	28	29	30	31	32;
set C_F:= 33	34	35	36	37	38	39	40	41	42	43	44	45	46	47;
set L_B:= 48	49	50	51	52	53	54	55	56;
set A1:=
(0,*) 1 2 3 4 5 6 7 8 9 10 11 12 13 14 15 16 17 33 34 35 36 37 38 39 40 41 42 43 44 45 46 47 48 49 50 51 52 53 54 55 56
(1,*) 0 2 3 4 5 6 7 8 9 10 11 12 13 14 15 16 17 33 34 35 36 37 38 39 40 41 42 43 44 45 46 47 48 49 50 51 52 53 54 55 56
(2,*) 0 1 3 4 5 6 7 8 9 10 11 12 13 14 15 16 17 33 34 35 36 37 38 39 40 41 42 43 44 45 46 47 48 49 50 51 52 53 54 55 56
(3,*) 0 1 2 4 5 6 7 8 9 10 11 12 13 14 15 16 17 33 34 35 36 37 38 39 40 41 42 43 44 45 46 47 48 49 50 51 52 53 54 55 56
(4,*) 0 1 2 3 5 6 7 8 9 10 11 12 13 14 15 16 17 33 34 35 36 37 38 39 40 41 42 43 44 45 46 47 48 49 50 51 52 53 54 55 56
(5,*) 0 1 2 3 4 6 7 8 9 10 11 12 13 14 15 16 17 33 34 35 36 37 38 39 40 41 42 43 44 45 46 47 48 49 50 51 52 53 54 55 56
(6,*) 0 1 2 3 4 5 7 8 9 10 11 12 13 14 15 16 17 33 34 35 36 37 38 39 40 41 42 43 44 45 46 47 48 49 50 51 52 53 54 55 56
(7,*) 0 1 2 3 4 5 6 8 9 10 11 12 13 14 15 16 17 33 34 35 36 37 38 39 40 41 42 43 44 45 46 47 48 49 50 51 52 53 54 55 56
(8,*) 0 1 2 3 4 5 6 7 9 10 11 12 13 14 15 16 17 33 34 35 36 37 38 39 40 41 42 43 44 45 46 47 48 49 50 51 52 53 54 55 56
(9,*) 0 1 2 3 4 5 6 7 8 10 11 12 13 14 15 16 17 33 34 35 36 37 38 39 40 41 42 43 44 45 46 47 48 49 50 51 52 53 54 55 56
(10,*) 0 1 2 3 4 5 6 7 8 9 11 12 13 14 15 16 17 33 34 35 36 37 38 39 40 41 42 43 44 45 46 47 48 49 50 51 52 53 54 55 56
(11,*) 0 1 2 3 4 5 6 7 8 9 10 12 13 14 15 16 17 33 34 35 36 37 38 39 40 41 42 43 44 45 46 47 48 49 50 51 52 53 54 55 56
(12,*) 0 1 2 3 4 5 6 7 8 9 10 11 13 14 15 16 17 33 34 35 36 37 38 39 40 41 42 43 44 45 46 47 48 49 50 51 52 53 54 55 56
(13,*) 0 1 2 3 4 5 6 7 8 9 10 11 12 14 15 16 17 33 34 35 36 37 38 39 40 41 42 43 44 45 46 47 48 49 50 51 52 53 54 55 56
(14,*) 0 1 2 3 4 5 6 7 8 9 10 11 12 13 15 16 17 33 34 35 36 37 38 39 40 41 42 43 44 45 46 47 48 49 50 51 52 53 54 55 56
(15,*) 0 1 2 3 4 5 6 7 8 9 10 11 12 13 14 16 17 33 34 35 36 37 38 39 40 41 42 43 44 45 46 47 48 49 50 51 52 53 54 55 56
(16,*) 0 1 2 3 4 5 6 7 8 9 10 11 12 13 14 15 17 33 34 35 36 37 38 39 40 41 42 43 44 45 46 47 48 49 50 51 52 53 54 55 56
(17,*) 0 1 2 3 4 5 6 7 8 9 10 11 12 13 14 15 16 33 34 35 36 37 38 39 40 41 42 43 44 45 46 47 48 49 50 51 52 53 54 55 56
(33,*) 0 1 2 3 4 5 6 7 8 9 10 11 12 13 14 15 16 17 34 35 36 37 38 39 40 41 42 43 44 45 46 47 48 49 50 51 52 53 54 55 56
(34,*) 0 1 2 3 4 5 6 7 8 9 10 11 12 13 14 15 16 17 33 35 36 37 38 39 40 41 42 43 44 45 46 47 48 49 50 51 52 53 54 55 56
(35,*) 0 1 2 3 4 5 6 7 8 9 10 11 12 13 14 15 16 17 33 34 36 37 38 39 40 41 42 43 44 45 46 47 48 49 50 51 52 53 54 55 56
(36,*) 0 1 2 3 4 5 6 7 8 9 10 11 12 13 14 15 16 17 33 34 35 37 38 39 40 41 42 43 44 45 46 47 48 49 50 51 52 53 54 55 56
(37,*) 0 1 2 3 4 5 6 7 8 9 10 11 12 13 14 15 16 17 33 34 35 36 38 39 40 41 42 43 44 45 46 47 48 49 50 51 52 53 54 55 56
(38,*) 0 1 2 3 4 5 6 7 8 9 10 11 12 13 14 15 16 17 33 34 35 36 37 39 40 41 42 43 44 45 46 47 48 49 50 51 52 53 54 55 56
(39,*) 0 1 2 3 4 5 6 7 8 9 10 11 12 13 14 15 16 17 33 34 35 36 37 38 40 41 42 43 44 45 46 47 48 49 50 51 52 53 54 55 56
(40,*) 0 1 2 3 4 5 6 7 8 9 10 11 12 13 14 15 16 17 33 34 35 36 37 38 39 41 42 43 44 45 46 47 48 49 50 51 52 53 54 55 56
(41,*) 0 1 2 3 4 5 6 7 8 9 10 11 12 13 14 15 16 17 33 34 35 36 37 38 39 40 42 43 44 45 46 47 48 49 50 51 52 53 54 55 56
(42,*) 0 1 2 3 4 5 6 7 8 9 10 11 12 13 14 15 16 17 33 34 35 36 37 38 39 40 41 43 44 45 46 47 48 49 50 51 52 53 54 55 56
(43,*) 0 1 2 3 4 5 6 7 8 9 10 11 12 13 14 15 16 17 33 34 35 36 37 38 39 40 41 42 44 45 46 47 48 49 50 51 52 53 54 55 56
(44,*) 0 1 2 3 4 5 6 7 8 9 10 11 12 13 14 15 16 17 33 34 35 36 37 38 39 40 41 42 43 45 46 47 48 49 50 51 52 53 54 55 56
(45,*) 0 1 2 3 4 5 6 7 8 9 10 11 12 13 14 15 16 17 33 34 35 36 37 38 39 40 41 42 43 44 46 47 48 49 50 51 52 53 54 55 56
(46,*) 0 1 2 3 4 5 6 7 8 9 10 11 12 13 14 15 16 17 33 34 35 36 37 38 39 40 41 42 43 44 45 47 48 49 50 51 52 53 54 55 56
(47,*) 0 1 2 3 4 5 6 7 8 9 10 11 12 13 14 15 16 17 33 34 35 36 37 38 39 40 41 42 43 44 45 46 48 49 50 51 52 53 54 55 56
(48,*) 0 1 2 3 4 5 6 7 8 9 10 11 12 13 14 15 16 17 33 34 35 36 37 38 39 40 41 42 43 44 45 46 47 49 50 51 52 53 54 55 56
(49,*) 0 1 2 3 4 5 6 7 8 9 10 11 12 13 14 15 16 17 33 34 35 36 37 38 39 40 41 42 43 44 45 46 47 48 50 51 52 53 54 55 56
(50,*) 0 1 2 3 4 5 6 7 8 9 10 11 12 13 14 15 16 17 33 34 35 36 37 38 39 40 41 42 43 44 45 46 47 48 49 51 52 53 54 55 56
(51,*) 0 1 2 3 4 5 6 7 8 9 10 11 12 13 14 15 16 17 33 34 35 36 37 38 39 40 41 42 43 44 45 46 47 48 49 50 52 53 54 55 56
(52,*) 0 1 2 3 4 5 6 7 8 9 10 11 12 13 14 15 16 17 33 34 35 36 37 38 39 40 41 42 43 44 45 46 47 48 49 50 51 53 54 55 56
(53,*) 0 1 2 3 4 5 6 7 8 9 10 11 12 13 14 15 16 17 33 34 35 36 37 38 39 40 41 42 43 44 45 46 47 48 49 50 51 52 54 55 56
(54,*) 0 1 2 3 4 5 6 7 8 9 10 11 12 13 14 15 16 17 33 34 35 36 37 38 39 40 41 42 43 44 45 46 47 48 49 50 51 52 53 55 56
(55,*) 0 1 2 3 4 5 6 7 8 9 10 11 12 13 14 15 16 17 33 34 35 36 37 38 39 40 41 42 43 44 45 46 47 48 49 50 51 52 53 54 56
(56,*) 0 1 2 3 4 5 6 7 8 9 10 11 12 13 14 15 16 17 33 34 35 36 37 38 39 40 41 42 43 44 45 46 47 48 49 50 51 52 53 54 55
;
param BigM:=99999;
param n:= 7;
param d:=
1	11
2	22
3	18
4	14
5	22
6	11
7	14
8	8
9	8
10	16
11	12
12	9
13	10
14	20
15	25
16	9
17	4
18	5
19	25
20	9
21	18
22	24
23	23
24	12
25	2
26	3
27	13
28	16
29	14
30	13
31	16
32	16
33	20
34	14
35	2
36	10
37	26
38	15
39	16
40	5
41	15
42	2
43	3
44	23
45	8
46	7
47	18
;
param Q:=100;
param e:
	48	49	50	51	52	53	54	55	56:=
18	0	1	0	0	0	1	0	0	0	
19	1	1	0	0	0	0	1	0	0	
20	1	1	0	1	0	0	0	0	0	
21	1	1	0	0	0	1	0	0	0	
22	1	1	0	0	1	0	0	0	0	
23	1	1	0	0	0	0	1	0	0	
24	1	0	0	0	0	1	0	0	0	
25	1	0	0	0	0	0	0	1	0	
26	0	1	1	0	0	0	1	0	0	
27	1	0	1	0	0	0	0	0	0	
28	0	1	0	0	0	0	0	1	0	
29	1	0	0	0	0	0	0	0	1	
30	0	1	0	1	0	0	0	0	0	
31	0	1	1	0	0	1	1	1	1	
32	1	1	0	0	1	0	0	0	1	
33	1	1	1	0	0	0	0	0	0	
34	1	0	0	0	1	0	0	0	0	
35	0	1	1	0	0	1	1	0	1	
36	1	1	0	1	0	1	0	1	0	
37	1	0	0	0	1	0	0	0	0	
38	1	1	0	0	0	0	0	1	0	
39	1	1	0	0	0	0	0	0	1	
40	0	1	0	0	0	0	1	0	0	
41	1	1	0	1	0	1	0	1	0	
42	0	1	0	1	0	0	0	0	0	
43	0	1	0	1	0	1	0	1	1	
44	1	1	0	0	0	1	0	0	0	
45	1	1	0	0	0	1	0	0	0	
46	1	0	1	0	0	0	1	0	0	
47	1	0	0	1	0	0	0	0	0	
;
param p:=
1	3
2	3
3	3
4	3
5	3
6	3
7	3
;
param G:=
48	70
49	76
50	96
51	98
52	88
53	78
54	78
55	87
56	80
;
param s:=
0	0
1	10
2	10
3	10
4	10
5	10
6	10
7	10
8	10
9	10
10	10
11	10
12	10
13	10
14	10
15	10
16	10
17	10
33	10
34	10
35	10
36	10
37	10
38	10
39	10
40	10
41	10
42	10
43	10
44	10
45	10
46	10
47	10
48	10
49	10
50	10
51	10
52	10
53	10
54	10
55	10
56	10
;
param t:
	0	1	2	3	4	5	6	7	8	9	10	11	12	13	14	15	16	17	18	19	20	21	22	23	24	25	26	27	28	29	30	31	32	33	34	35	36	37	38	39	40	41	42	43	44	45	46	47	48	49	50	51	52	53	54	55	56:=
0	0.0	87.32	44.18	82.1	97.02	36.22	11.66	94.09	78.89	81.71	72.8	90.0	56.36	81.63	72.25	44.27	38.05	88.77	77.79	47.41	88.57	80.62	36.88	12.81	26.68	74.24	37.74	18.87	88.0	36.06	34.53	54.33	38.21	48.08	58.31	48.37	70.88	58.0	16.12	63.81	48.17	70.26	36.22	60.17	62.77	60.46	14.14	92.65	46.53	86.68	35.01	81.34	52.8	69.01	33.96	73.98	40.16
1	87.32	0.0	107.52	26.0	13.42	108.41	78.59	36.06	17.2	6.0	77.79	31.05	32.25	16.97	33.29	59.46	54.41	8.94	54.59	93.72	8.25	20.1	54.33	81.41	94.4	16.49	70.71	77.18	30.59	80.22	99.36	36.88	56.04	101.98	55.71	49.52	17.2	43.68	75.71	69.86	82.8	26.83	102.18	27.78	59.09	71.55	82.37	20.4	76.69	55.01	55.23	6.08	51.42	31.78	62.01	16.4	47.17
2	44.18	107.52	0.0	91.59	112.8	11.31	54.04	98.49	105.6	103.25	54.0	96.6	83.76	108.41	104.71	48.41	54.04	105.26	72.8	18.11	111.8	93.23	72.11	36.5	18.11	99.64	36.88	36.06	94.83	80.02	10.2	70.71	75.29	10.2	97.53	58.14	90.51	93.23	58.14	50.99	29.12	82.8	8.0	80.72	57.58	47.07	34.53	119.63	90.05	81.25	54.64	102.53	90.44	79.06	46.23	91.35	66.37
3	82.1	26.0	91.59	0.0	23.32	94.85	76.24	14.42	38.63	26.68	53.67	8.94	38.83	39.85	52.15	43.86	44.41	18.44	29.12	75.6	34.06	6.32	57.58	72.99	81.71	34.0	55.46	67.47	7.21	86.16	84.97	28.07	60.93	84.4	69.43	35.44	21.26	56.64	74.67	47.2	64.03	12.17	87.66	26.83	36.88	49.68	73.35	46.17	85.96	29.02	47.1	25.71	62.8	13.34	50.45	16.4	44.91
4	97.02	13.42	112.8	23.32	0.0	114.91	89.11	28.0	30.53	18.97	76.94	24.33	44.05	30.0	46.65	64.4	61.74	8.25	52.0	97.67	19.8	19.8	66.0	89.89	101.21	29.73	76.03	85.09	24.74	92.78	105.39	43.86	68.12	106.3	69.08	54.92	26.31	56.92	86.58	70.46	86.28	30.0	108.17	36.88	60.0	72.8	90.62	30.53	89.74	50.22	63.32	18.68	64.56	33.97	68.88	23.09	57.07
5	36.22	108.41	11.31	94.85	114.91	0.0	47.07	103.09	104.69	103.71	62.51	100.66	82.22	107.52	102.08	50.99	54.04	107.07	78.92	26.68	111.95	95.77	68.0	31.3	14.14	98.99	39.4	32.8	98.79	72.25	10.2	71.61	70.68	20.59	92.48	60.03	91.21	89.55	51.42	58.03	36.0	85.09	8.0	80.92	63.15	54.04	29.53	118.83	82.73	87.69	53.76	103.08	85.91	81.84	46.4	92.66	64.54
6	11.66	78.59	54.04	76.24	89.11	47.07	0.0	89.11	68.88	72.8	74.97	84.59	46.82	71.55	61.22	43.27	34.18	80.89	76.03	54.41	79.12	74.0	26.08	18.44	36.0	64.62	39.7	22.36	82.61	26.31	44.0	48.17	26.91	56.57	46.65	44.94	62.8	46.69	4.47	65.12	52.84	64.12	46.04	52.35	62.13	62.23	20.4	82.37	36.01	84.58	30.36	72.53	41.23	63.64	32.45	66.37	32.14
7	94.09	36.06	98.49	14.42	28.0	103.09	89.11	0.0	51.11	38.47	53.81	5.66	53.25	51.88	65.6	52.95	56.04	27.2	28.28	81.41	44.27	19.8	71.69	84.1	90.71	47.2	64.03	78.23	7.21	100.32	92.97	41.23	75.15	90.35	83.74	46.04	35.38	70.94	87.86	50.0	69.77	26.0	95.52	41.18	41.18	53.25	84.21	56.32	100.34	23.71	59.21	37.59	77.2	25.5	61.13	30.41	58.52
8	78.89	17.2	105.6	38.63	30.53	104.69	68.88	51.11	0.0	12.81	84.59	45.65	22.8	2.83	16.12	59.93	51.61	25.46	64.28	94.02	12.17	32.31	43.08	75.29	90.55	6.32	69.97	72.14	44.72	66.12	96.54	36.77	43.68	101.55	39.29	50.16	20.0	28.07	65.39	75.31	84.1	34.06	99.36	26.0	64.78	76.16	76.58	14.14	61.29	66.71	51.09	13.6	36.06	39.01	59.41	23.35	40.36
9	81.71	6.0	103.25	26.68	18.97	103.71	72.8	38.47	12.81	0.0	76.16	33.11	26.31	13.42	28.43	55.61	49.68	12.81	54.04	90.0	8.94	20.4	48.37	76.16	89.64	10.77	66.6	72.11	32.31	74.24	94.85	32.56	50.04	98.08	50.16	45.61	12.81	37.95	69.86	67.68	79.32	24.74	97.67	22.8	56.92	69.08	77.18	20.1	70.83	55.44	50.22	1.0	45.61	29.83	57.38	13.6	41.63
10	72.8	77.79	54.0	53.67	76.94	62.51	74.97	53.81	84.59	76.16	0.0	54.41	70.46	86.83	92.09	34.0	46.52	71.69	25.61	36.06	84.9	58.31	74.32	60.0	55.03	78.41	35.38	54.04	53.25	97.65	52.95	50.16	78.79	44.05	98.08	39.29	64.78	87.86	76.58	10.77	27.2	51.42	54.59	60.0	20.0	12.81	58.82	96.1	103.45	31.4	50.54	75.19	89.84	46.32	43.83	62.59	60.41
11	90.0	31.05	96.6	8.94	24.33	100.66	84.59	5.66	45.65	33.11	54.41	0.0	47.71	46.52	60.0	50.0	52.04	22.36	28.84	79.92	39.29	14.14	66.48	80.4	87.93	41.62	61.35	74.67	2.0	95.08	90.62	36.5	69.86	88.84	78.1	42.43	29.73	65.3	83.19	49.52	68.26	20.88	93.23	35.78	40.0	52.5	80.62	51.42	94.89	25.96	55.01	32.2	71.61	21.02	57.56	24.76	53.6
12	56.36	32.25	83.76	38.83	44.05	82.22	46.82	53.25	22.8	26.31	70.46	47.71	0.0	25.61	22.36	40.79	30.46	36.22	55.46	73.54	32.31	34.0	22.09	52.5	68.12	17.89	49.4	49.52	46.04	49.03	74.4	20.4	24.08	80.5	31.24	32.06	18.97	18.87	43.68	60.13	64.56	28.28	77.2	12.81	50.64	60.0	53.81	36.88	47.42	60.75	29.15	26.17	24.08	31.4	38.01	23.77	17.69
13	81.63	16.97	108.41	39.85	30.0	107.52	71.55	51.88	2.83	13.42	86.83	46.52	25.61	0.0	17.09	62.61	54.41	25.61	66.12	96.75	10.77	33.53	45.69	78.1	93.38	8.94	72.72	74.97	45.69	68.26	99.36	39.4	46.17	104.31	40.79	52.8	22.09	30.0	68.03	77.67	86.76	36.0	102.18	28.64	67.08	78.59	79.4	11.31	63.13	68.25	53.91	14.32	38.0	41.01	62.2	25.08	43.19
14	72.25	33.29	104.71	52.15	46.65	102.08	61.22	65.6	16.12	28.43	92.09	60.0	22.36	17.09	0.0	63.15	52.5	41.23	74.73	95.52	27.86	46.04	35.38	71.22	88.2	18.44	71.47	69.34	58.82	53.37	95.02	42.0	34.41	102.16	24.08	54.33	31.3	15.23	57.2	82.0	86.83	44.94	97.75	32.25	72.11	82.1	72.8	24.08	47.04	78.55	50.7	29.07	22.8	49.34	59.81	35.85	38.48
15	44.27	59.46	48.41	43.86	64.4	50.99	43.27	52.95	59.93	55.61	34.0	50.0	40.79	62.61	63.15	0.0	12.65	56.85	33.53	34.41	64.4	44.94	40.5	32.56	37.95	53.67	11.66	26.31	48.08	64.03	41.18	23.32	44.94	42.52	65.12	10.0	42.8	56.04	44.05	23.32	24.17	34.41	43.91	34.0	18.87	21.54	32.25	73.43	69.46	42.45	16.55	54.82	56.89	30.89	10.82	43.14	27.29
16	38.05	54.41	54.04	44.41	61.74	54.04	34.18	56.04	51.61	49.68	46.52	52.04	30.46	54.41	52.5	12.65	0.0	53.67	42.19	43.08	58.0	43.68	27.86	28.64	40.0	45.61	18.97	23.41	50.04	52.35	45.25	17.89	32.31	50.12	52.61	10.77	37.2	44.05	34.0	35.78	34.53	32.98	48.08	26.91	29.73	34.18	29.12	65.6	57.14	50.54	4.24	49.04	44.41	31.14	7.81	38.95	15.0
17	88.77	8.94	105.26	18.44	8.25	107.07	80.89	27.2	25.46	12.81	71.69	22.36	36.22	25.61	41.23	56.85	53.67	0.0	47.54	90.51	17.09	13.42	58.03	81.71	93.3	23.32	68.41	76.97	22.09	85.16	97.65	35.78	60.3	99.04	62.61	47.2	18.11	50.16	78.41	64.5	79.25	22.63	100.44	28.64	53.85	66.57	82.46	29.12	82.57	47.1	55.15	12.21	57.58	27.02	60.9	14.87	48.84
18	77.79	54.59	72.8	29.12	52.0	78.92	76.03	28.28	64.28	54.04	25.61	28.84	55.46	66.12	74.73	33.53	42.19	47.54	0.0	55.03	62.29	34.53	66.48	65.97	68.03	58.55	42.19	59.67	27.78	93.72	68.73	36.06	70.77	63.91	86.09	31.62	44.41	74.24	76.16	22.36	43.68	30.27	71.02	43.08	16.0	26.0	65.51	74.11	96.9	9.06	46.32	53.04	78.23	25.5	44.01	41.05	51.62
19	47.41	93.72	18.11	75.6	97.67	26.68	54.41	81.41	94.02	90.0	36.06	79.92	73.54	96.75	95.52	34.41	43.08	90.51	55.03	0.0	98.81	77.9	66.27	36.06	22.63	87.82	24.17	32.56	78.23	80.52	17.89	57.69	70.11	8.94	92.35	44.41	77.2	85.91	57.72	32.98	11.66	67.88	18.97	68.26	40.25	29.12	34.18	107.7	89.27	63.32	44.92	89.2	84.59	63.7	35.74	77.34	57.28
20	88.57	8.25	111.8	34.06	19.8	111.95	79.12	44.27	12.17	8.94	84.9	39.29	32.31	10.77	27.86	64.4	58.0	17.09	62.29	98.81	0.0	28.0	53.85	83.76	97.84	14.56	75.29	80.0	38.83	78.03	103.25	41.23	54.92	106.83	51.42	54.41	21.63	40.2	75.89	76.55	88.2	33.53	106.08	31.11	65.79	78.0	84.88	12.17	73.44	63.07	58.26	9.85	48.17	38.6	65.76	22.47	48.88
21	80.62	20.1	93.23	6.32	19.8	95.77	74.0	19.8	32.31	20.4	58.31	14.14	34.0	33.53	46.04	44.94	43.68	13.42	34.53	77.9	28.0	0.0	53.85	72.28	82.29	27.78	56.6	67.05	12.81	82.22	86.09	26.31	56.92	86.56	64.03	35.78	15.62	51.22	72.11	51.11	66.48	10.77	88.84	22.8	40.5	53.25	72.8	40.05	81.39	35.13	45.89	19.42	57.69	14.21	50.33	10.63	42.11
22	36.88	54.33	72.11	57.58	66.0	68.0	26.08	71.69	43.08	48.37	74.32	66.48	22.09	45.69	35.38	40.5	27.86	58.03	66.48	66.27	53.85	53.85	0.0	36.72	54.63	39.29	44.18	36.06	64.62	28.64	62.03	31.62	4.47	71.39	26.08	36.06	40.2	21.63	22.36	63.56	60.13	45.69	64.62	31.05	56.6	62.03	38.47	56.36	30.41	73.66	24.04	48.26	18.44	47.01	32.39	44.55	14.87
23	12.81	81.41	36.5	72.99	89.89	31.3	18.44	84.1	75.29	76.16	60.0	80.4	52.5	78.1	71.22	32.56	28.64	81.71	65.97	36.06	83.76	72.28	36.72	0.0	18.44	70.0	25.06	6.32	78.41	44.72	26.31	46.17	39.4	38.21	61.35	38.05	64.4	58.31	22.09	51.11	35.61	61.61	28.64	53.67	50.6	47.71	2.0	89.38	54.08	74.95	26.57	75.66	54.63	59.68	23.0	66.85	35.0
24	26.68	94.4	18.11	81.71	101.21	14.14	36.0	90.71	90.55	89.64	55.03	87.93	68.12	93.38	88.2	37.95	40.0	93.3	68.03	22.63	97.84	82.29	54.63	18.44	0.0	84.85	26.68	18.87	86.02	62.13	8.0	57.69	57.58	21.54	79.7	46.52	77.2	76.03	40.05	48.66	27.86	71.55	10.2	66.84	52.04	44.72	16.49	104.69	72.01	77.01	39.62	89.02	72.8	68.54	32.45	78.77	50.45
25	74.24	16.49	99.64	34.0	29.73	98.99	64.62	47.2	6.32	10.77	78.41	41.62	17.89	8.94	18.44	53.67	45.61	23.32	58.55	87.82	14.56	27.78	39.29	70.0	84.85	0.0	63.81	66.6	40.5	64.03	90.69	30.46	40.45	95.41	39.4	43.86	14.14	27.2	61.35	69.05	77.82	28.28	93.51	19.7	58.55	69.86	71.22	20.0	60.21	61.4	45.28	11.18	34.93	33.14	53.41	18.03	35.0
26	37.74	70.71	36.88	55.46	76.03	39.4	39.7	64.03	69.97	66.6	35.38	61.35	49.4	72.72	71.47	11.66	18.97	68.41	42.19	24.17	75.29	56.6	44.18	25.06	26.68	63.81	0.0	18.87	59.46	63.53	29.53	34.06	48.37	31.62	70.03	21.26	53.81	62.51	41.62	26.08	16.0	46.04	32.25	44.41	26.31	22.8	24.17	83.76	70.58	51.24	21.21	65.86	62.0	42.54	12.04	54.49	33.54
27	18.87	77.18	36.06	67.47	85.09	32.8	22.36	78.23	72.14	72.11	54.04	74.67	49.52	74.97	69.34	26.31	23.41	76.97	59.67	32.56	80.0	67.05	36.06	6.32	18.87	66.6	18.87	0.0	72.69	48.08	26.0	41.23	39.29	36.06	61.61	32.25	60.03	57.27	25.3	44.94	30.53	56.32	28.64	49.4	44.27	41.62	6.0	86.28	56.72	68.66	21.95	71.56	54.41	54.13	17.12	62.17	31.83
28	88.0	30.59	94.83	7.21	24.74	98.79	82.61	7.21	44.72	32.31	53.25	2.0	46.04	45.69	58.82	48.08	50.04	22.09	27.78	78.23	38.83	12.81	64.62	78.41	86.02	40.5	59.46	72.69	0.0	93.23	88.77	34.53	68.03	87.13	76.58	40.45	28.28	63.78	81.22	48.08	66.57	18.97	91.39	34.0	38.42	50.99	78.64	50.99	93.15	25.5	53.01	31.38	70.0	19.03	55.58	23.35	51.66
29	36.06	80.22	80.02	86.16	92.78	72.25	26.31	100.32	66.12	74.24	97.65	95.08	49.03	68.26	53.37	64.03	52.35	85.16	93.72	80.52	78.03	82.22	28.64	44.72	62.13	64.03	63.53	48.08	93.23	0.0	70.11	60.03	25.3	82.87	31.3	62.29	67.91	38.47	22.8	87.2	78.0	74.32	72.03	59.46	82.07	84.88	46.69	77.28	11.18	101.4	48.1	74.33	30.59	75.59	53.82	72.53	42.72
30	34.53	99.36	10.2	84.97	105.39	10.2	44.0	92.97	96.54	94.85	52.95	90.62	74.4	99.36	95.02	41.18	45.25	97.65	68.73	17.89	103.25	86.09	62.03	26.31	8.0	90.69	29.53	26.0	88.77	70.11	0.0	62.48	65.15	14.42	87.36	50.48	82.22	83.26	48.04	48.0	26.08	75.47	2.83	72.14	52.95	44.0	24.33	110.63	80.01	77.52	45.45	94.18	80.32	72.07	37.48	83.41	56.86
31	54.33	36.88	70.71	28.07	43.86	71.61	48.17	41.23	36.77	32.56	50.16	36.5	20.4	39.4	42.0	23.32	17.89	35.78	36.06	57.69	41.23	26.31	31.62	46.17	57.69	30.46	34.06	41.23	34.53	60.03	62.48	0.0	35.61	65.6	50.12	13.42	19.8	38.63	46.69	40.0	47.41	16.0	65.3	10.77	30.27	40.2	46.82	50.12	61.72	42.45	19.65	31.83	42.19	15.81	25.24	21.1	17.46
32	38.21	56.04	75.29	60.93	68.12	70.68	26.91	75.15	43.68	50.04	78.79	69.86	24.08	46.17	34.41	44.94	32.31	60.3	70.77	70.11	54.92	56.92	4.47	39.4	57.58	40.45	48.37	39.29	68.03	25.3	65.15	35.61	0.0	74.97	22.36	40.5	42.76	19.8	22.8	68.03	64.28	49.19	67.68	34.18	61.06	66.48	41.23	56.46	26.17	77.83	28.46	50.01	15.23	50.77	36.67	47.3	19.21
33	48.08	101.98	10.2	84.4	106.3	20.59	56.57	90.35	101.55	98.08	44.05	88.84	80.5	104.31	102.16	42.52	50.12	99.04	63.91	8.94	106.83	86.56	71.39	38.21	21.54	95.41	31.62	36.06	87.13	82.87	14.42	65.6	74.97	0.0	97.32	52.5	85.28	91.76	60.3	41.76	20.59	76.42	14.14	76.03	49.19	37.95	36.22	115.38	92.27	72.12	51.48	97.31	89.82	72.35	42.49	85.63	63.69
34	58.31	55.71	97.53	69.43	69.08	92.48	46.65	83.74	39.29	50.16	98.08	78.1	31.24	40.79	24.08	65.12	52.61	62.61	86.09	92.35	51.42	64.03	26.08	61.35	79.7	39.4	70.03	61.61	76.58	31.3	87.36	50.12	22.36	97.32	0.0	58.82	48.41	12.81	42.19	87.36	86.02	59.46	89.84	44.05	79.12	86.35	63.25	48.0	23.35	91.84	49.25	50.57	8.25	62.63	58.08	53.41	37.85
35	48.37	49.52	58.14	35.44	54.92	60.03	44.94	46.04	50.16	45.61	39.29	42.43	32.06	52.8	54.33	10.0	10.77	47.2	31.62	44.41	54.41	35.78	36.06	38.05	46.52	43.86	21.26	32.25	40.45	62.29	50.48	13.42	40.5	52.5	58.82	0.0	32.8	48.66	44.72	28.64	34.0	25.06	53.25	24.17	20.59	28.07	38.21	63.53	66.22	39.82	14.76	44.82	50.6	22.14	15.13	33.24	21.47
36	70.88	17.2	90.51	21.26	26.31	91.21	62.8	35.38	20.0	12.81	64.78	29.73	18.97	22.09	31.3	42.8	37.2	18.11	44.41	77.2	21.63	15.62	40.2	64.4	77.2	14.14	53.81	60.03	28.28	67.91	82.22	19.8	42.76	85.28	48.41	32.8	0.0	35.61	60.3	55.79	66.57	14.14	85.04	10.77	45.12	56.92	65.3	31.62	66.31	47.43	38.08	12.04	42.19	19.03	44.82	5.0	30.81
37	58.0	43.68	93.23	56.64	56.92	89.55	46.69	70.94	28.07	37.95	87.86	65.3	18.87	30.0	15.23	56.04	44.05	50.16	74.24	85.91	40.2	51.22	21.63	58.31	76.03	27.2	62.51	57.27	63.78	38.47	83.26	38.63	19.8	91.76	12.81	48.66	35.61	0.0	42.52	77.28	78.41	46.86	85.91	31.62	68.41	76.66	60.03	38.83	33.24	79.61	41.3	38.28	8.0	50.22	50.49	40.61	29.07
38	16.12	75.71	58.14	74.67	86.58	51.42	4.47	87.86	65.39	69.86	76.58	83.19	43.68	68.03	57.2	44.05	34.0	78.41	76.16	57.72	75.89	72.11	22.36	22.09	40.05	61.35	41.62	25.3	81.22	22.8	48.04	46.69	22.8	60.3	42.19	44.72	60.3	42.52	0.0	66.48	55.46	62.51	50.16	50.04	62.8	63.78	24.08	78.71	32.02	84.53	29.97	69.63	36.88	62.37	33.3	64.07	30.02
39	63.81	69.86	50.99	47.2	70.46	58.03	65.12	50.0	75.31	67.68	10.77	49.52	60.13	77.67	82.0	23.32	35.78	64.5	22.36	32.98	76.55	51.11	63.56	51.11	48.66	69.05	26.08	44.94	48.08	87.2	48.0	40.0	68.03	41.76	87.36	28.64	55.79	77.28	66.48	0.0	22.09	43.08	50.04	50.16	10.77	4.0	50.12	87.36	92.78	30.36	39.82	66.73	79.12	38.08	33.42	54.08	49.65
40	48.17	82.8	29.12	64.03	86.28	36.0	52.84	69.77	84.1	79.32	27.2	68.26	64.56	86.76	86.83	24.17	34.53	79.25	43.68	11.66	88.2	66.48	60.13	35.61	27.86	77.82	16.0	30.53	66.57	78.0	26.08	47.41	64.28	20.59	86.02	34.0	66.57	78.41	55.46	22.09	0.0	56.64	28.0	58.14	28.64	18.11	34.06	97.53	85.73	52.17	37.12	78.49	78.0	52.33	28.02	66.4	49.37
41	70.26	26.83	82.8	12.17	30.0	85.09	64.12	26.0	34.06	24.74	51.42	20.88	28.28	36.0	44.94	34.41	32.98	22.63	30.27	67.88	33.53	10.77	45.69	61.61	71.55	28.28	46.04	56.32	18.97	74.32	75.47	16.0	49.19	76.42	59.46	25.06	14.14	46.86	62.51	43.08	56.64	0.0	78.23	15.62	32.31	44.72	62.1	44.72	74.63	33.62	35.36	23.77	52.35	5.1	39.56	11.18	32.76
42	36.22	102.18	8.0	87.66	108.17	8.0	46.04	95.52	99.36	97.67	54.59	93.23	77.2	102.18	97.75	43.91	48.08	100.44	71.02	18.97	106.08	88.84	64.62	28.64	10.2	93.51	32.25	28.64	91.39	72.03	2.83	65.3	67.68	14.14	89.84	53.25	85.04	85.91	50.16	50.04	28.0	78.23	0.0	74.97	55.32	46.04	26.68	113.45	82.05	79.76	48.27	97.0	82.87	74.79	40.31	86.21	59.64
43	60.17	27.78	80.72	26.83	36.88	80.92	52.35	41.18	26.0	22.8	60.0	35.78	12.81	28.64	32.25	34.0	26.91	28.64	43.08	68.26	31.11	22.8	31.05	53.67	66.84	19.7	44.41	49.4	34.0	59.46	72.14	10.77	34.18	76.03	44.05	24.17	10.77	31.62	50.04	50.16	58.14	15.62	74.97	0.0	40.0	50.64	54.59	39.45	59.17	48.02	27.46	22.2	36.77	18.6	34.66	14.04	20.22
44	62.77	59.09	57.58	36.88	60.0	63.15	62.13	41.18	64.78	56.92	20.0	40.0	50.64	67.08	72.11	18.87	29.73	53.85	16.0	40.25	65.79	40.5	56.6	50.6	52.04	58.55	26.31	44.27	38.42	82.07	52.95	30.27	61.06	49.19	79.12	20.59	45.12	68.41	62.8	10.77	28.64	32.31	55.32	40.0	0.0	12.81	50.0	76.66	86.61	25.02	33.97	55.97	70.94	27.31	29.68	43.32	42.06
45	60.46	71.55	47.07	49.68	72.8	54.04	62.23	53.25	76.16	69.08	12.81	52.5	60.0	78.59	82.1	21.54	34.18	66.57	26.0	29.12	78.0	53.25	62.03	47.71	44.72	69.86	22.8	41.62	50.99	84.88	44.0	40.2	66.48	37.95	86.35	28.07	56.92	76.66	63.78	4.0	18.11	44.72	46.04	50.64	12.81	0.0	46.65	88.54	90.82	34.21	38.08	68.15	78.1	39.82	31.06	55.54	48.51
46	14.14	82.37	34.53	73.35	90.62	29.53	20.4	84.21	76.58	77.18	58.82	80.62	53.81	79.4	72.8	32.25	29.12	82.46	65.51	34.18	84.88	72.8	38.47	2.0	16.49	71.22	24.17	6.0	78.64	46.69	24.33	46.82	41.23	36.22	63.25	38.21	65.3	60.03	24.08	50.12	34.06	62.1	26.68	54.59	50.0	46.65	0.0	90.69	56.08	74.53	27.31	76.66	56.46	60.02	23.09	67.62	36.24
47	92.65	20.4	119.63	46.17	30.53	118.83	82.37	56.32	14.14	20.1	96.1	51.42	36.88	11.31	24.08	73.43	65.6	29.12	74.11	107.7	12.17	40.05	56.36	89.38	104.69	20.0	83.76	86.28	50.99	77.28	110.63	50.12	56.46	115.38	48.0	63.53	31.62	38.83	78.71	87.36	97.53	44.72	113.45	39.45	76.66	88.54	90.69	0.0	71.11	75.17	65.19	21.1	46.69	49.82	73.41	33.54	54.49
48	46.53	76.69	90.05	85.96	89.74	82.73	36.01	100.34	61.29	70.83	103.45	94.89	47.42	63.13	47.04	69.46	57.14	82.57	96.9	89.27	73.44	81.39	30.41	54.08	72.01	60.21	70.58	56.72	93.15	11.18	80.01	61.72	26.17	92.27	23.35	66.22	66.31	33.24	32.02	92.78	85.73	74.63	82.05	59.17	86.61	90.82	56.08	71.11	0.0	104.0	53.0	71.06	25.32	76.61	59.93	71.18	45.28
49	86.68	55.01	81.25	29.02	50.22	87.69	84.58	23.71	66.71	55.44	31.4	25.96	60.75	68.25	78.55	42.45	50.54	47.1	9.06	63.32	63.07	35.13	73.66	74.95	77.01	61.4	51.24	68.66	25.5	101.4	77.52	42.45	77.83	72.12	91.84	39.82	47.43	79.61	84.53	30.36	52.17	33.62	79.76	48.02	25.02	34.21	74.53	75.17	104.0	0.0	54.59	54.45	84.2	29.53	52.81	43.42	58.9
50	35.01	55.23	54.64	47.1	63.32	53.76	30.36	59.21	51.09	50.22	50.54	55.01	29.15	53.91	50.7	16.55	4.24	55.15	46.32	44.92	58.26	45.89	24.04	26.57	39.62	45.28	21.21	21.95	53.01	48.1	45.45	19.65	28.46	51.48	49.25	14.76	38.08	41.3	29.97	39.82	37.12	35.36	48.27	27.46	33.97	38.08	27.31	65.19	53.0	54.59	0.0	49.65	41.11	34.0	9.22	40.31	12.37
51	81.34	6.08	102.53	25.71	18.68	103.08	72.53	37.59	13.6	1.0	75.19	32.2	26.17	14.32	29.07	54.82	49.04	12.21	53.04	89.2	9.85	19.42	48.26	75.66	89.02	11.18	65.86	71.56	31.38	74.33	94.18	31.83	50.01	97.31	50.57	44.82	12.04	38.28	69.63	66.73	78.49	23.77	97.0	22.2	55.97	68.15	76.66	21.1	71.06	54.45	49.65	0.0	45.88	28.86	56.73	12.65	41.23
52	52.8	51.42	90.44	62.8	64.56	85.91	41.23	77.2	36.06	45.61	89.84	71.61	24.08	38.0	22.8	56.89	44.41	57.58	78.23	84.59	48.17	57.69	18.44	54.63	72.8	34.93	62.0	54.41	70.0	30.59	80.32	42.19	15.23	89.82	8.25	50.6	42.19	8.0	36.88	79.12	78.0	52.35	82.87	36.77	70.94	78.1	56.46	46.69	25.32	84.2	41.11	45.88	0.0	55.23	50.01	47.17	29.61
53	69.01	31.78	79.06	13.34	33.97	81.84	63.64	25.5	39.01	29.83	46.32	21.02	31.4	41.01	49.34	30.89	31.14	27.02	25.5	63.7	38.6	14.21	47.01	59.68	68.54	33.14	42.54	54.13	19.03	75.59	72.07	15.81	50.77	72.35	62.63	22.14	19.03	50.22	62.37	38.08	52.33	5.1	74.79	18.6	27.31	39.82	60.02	49.82	76.61	29.53	34.0	28.86	55.23	0.0	37.11	16.28	33.24
54	33.96	62.01	46.23	50.45	68.88	46.4	32.45	61.13	59.41	57.38	43.83	57.56	38.01	62.2	59.81	10.82	7.81	60.9	44.01	35.74	65.76	50.33	32.39	23.0	32.45	53.41	12.04	17.12	55.58	53.82	37.48	25.24	36.67	42.49	58.08	15.13	44.82	50.49	33.3	33.42	28.02	39.56	40.31	34.66	29.68	31.06	23.09	73.41	59.93	52.81	9.22	56.73	50.01	37.11	0.0	46.32	21.59
55	73.98	16.4	91.35	16.4	23.09	92.66	66.37	30.41	23.35	13.6	62.59	24.76	23.77	25.08	35.85	43.14	38.95	14.87	41.05	77.34	22.47	10.63	44.55	66.85	78.77	18.03	54.49	62.17	23.35	72.53	83.41	21.1	47.3	85.63	53.41	33.24	5.0	40.61	64.07	54.08	66.4	11.18	86.21	14.04	43.32	55.54	67.62	33.54	71.18	43.42	40.31	12.65	47.17	16.28	46.32	0.0	34.23
56	40.16	47.17	66.37	44.91	57.07	64.54	32.14	58.52	40.36	41.63	60.41	53.6	17.69	43.19	38.48	27.29	15.0	48.84	51.62	57.28	48.88	42.11	14.87	35.0	50.45	35.0	33.54	31.83	51.66	42.72	56.86	17.46	19.21	63.69	37.85	21.47	30.81	29.07	30.02	49.65	49.37	32.76	59.64	20.22	42.06	48.51	36.24	54.49	45.28	58.9	12.37	41.23	29.61	33.24	21.59	34.23	0.0
;
