set K:= 1	2	3	4	5	6	7;
set C_H:= 1	2	3	4	5	6	7	8	9	10	11	12	13	14	15	16;
set C_S:= 17	18	19	20	21	22	23	24	25	26	27	28	29	30;
set C_F:= 31	32	33	34	35	36	37	38	39	40	41	42	43	44;
set M:= 45	46;
set L_B:= 47	48	49	50	51	52	53;
set A1:=
(0,*) 1 2 3 4 5 6 7 8 9 10 11 12 13 14 15 16 31 32 33 34 35 36 37 38 39 40 41 42 43 44 45 46 47 48 49 50 51 52 53
(1,*) 0 2 3 4 5 6 7 8 9 10 11 12 13 14 15 16 31 32 33 34 35 36 37 38 39 40 41 42 43 44 45 46 47 48 49 50 51 52 53
(2,*) 0 1 3 4 5 6 7 8 9 10 11 12 13 14 15 16 31 32 33 34 35 36 37 38 39 40 41 42 43 44 45 46 47 48 49 50 51 52 53
(3,*) 0 1 2 4 5 6 7 8 9 10 11 12 13 14 15 16 31 32 33 34 35 36 37 38 39 40 41 42 43 44 45 46 47 48 49 50 51 52 53
(4,*) 0 1 2 3 5 6 7 8 9 10 11 12 13 14 15 16 31 32 33 34 35 36 37 38 39 40 41 42 43 44 45 46 47 48 49 50 51 52 53
(5,*) 0 1 2 3 4 6 7 8 9 10 11 12 13 14 15 16 31 32 33 34 35 36 37 38 39 40 41 42 43 44 45 46 47 48 49 50 51 52 53
(6,*) 0 1 2 3 4 5 7 8 9 10 11 12 13 14 15 16 31 32 33 34 35 36 37 38 39 40 41 42 43 44 45 46 47 48 49 50 51 52 53
(7,*) 0 1 2 3 4 5 6 8 9 10 11 12 13 14 15 16 31 32 33 34 35 36 37 38 39 40 41 42 43 44 45 46 47 48 49 50 51 52 53
(8,*) 0 1 2 3 4 5 6 7 9 10 11 12 13 14 15 16 31 32 33 34 35 36 37 38 39 40 41 42 43 44 45 46 47 48 49 50 51 52 53
(9,*) 0 1 2 3 4 5 6 7 8 10 11 12 13 14 15 16 31 32 33 34 35 36 37 38 39 40 41 42 43 44 45 46 47 48 49 50 51 52 53
(10,*) 0 1 2 3 4 5 6 7 8 9 11 12 13 14 15 16 31 32 33 34 35 36 37 38 39 40 41 42 43 44 45 46 47 48 49 50 51 52 53
(11,*) 0 1 2 3 4 5 6 7 8 9 10 12 13 14 15 16 31 32 33 34 35 36 37 38 39 40 41 42 43 44 45 46 47 48 49 50 51 52 53
(12,*) 0 1 2 3 4 5 6 7 8 9 10 11 13 14 15 16 31 32 33 34 35 36 37 38 39 40 41 42 43 44 45 46 47 48 49 50 51 52 53
(13,*) 0 1 2 3 4 5 6 7 8 9 10 11 12 14 15 16 31 32 33 34 35 36 37 38 39 40 41 42 43 44 45 46 47 48 49 50 51 52 53
(14,*) 0 1 2 3 4 5 6 7 8 9 10 11 12 13 15 16 31 32 33 34 35 36 37 38 39 40 41 42 43 44 45 46 47 48 49 50 51 52 53
(15,*) 0 1 2 3 4 5 6 7 8 9 10 11 12 13 14 16 31 32 33 34 35 36 37 38 39 40 41 42 43 44 45 46 47 48 49 50 51 52 53
(16,*) 0 1 2 3 4 5 6 7 8 9 10 11 12 13 14 15 31 32 33 34 35 36 37 38 39 40 41 42 43 44 45 46 47 48 49 50 51 52 53
(31,*) 0 1 2 3 4 5 6 7 8 9 10 11 12 13 14 15 16 32 33 34 35 36 37 38 39 40 41 42 43 44 45 46 47 48 49 50 51 52 53
(32,*) 0 1 2 3 4 5 6 7 8 9 10 11 12 13 14 15 16 31 33 34 35 36 37 38 39 40 41 42 43 44 45 46 47 48 49 50 51 52 53
(33,*) 0 1 2 3 4 5 6 7 8 9 10 11 12 13 14 15 16 31 32 34 35 36 37 38 39 40 41 42 43 44 45 46 47 48 49 50 51 52 53
(34,*) 0 1 2 3 4 5 6 7 8 9 10 11 12 13 14 15 16 31 32 33 35 36 37 38 39 40 41 42 43 44 45 46 47 48 49 50 51 52 53
(35,*) 0 1 2 3 4 5 6 7 8 9 10 11 12 13 14 15 16 31 32 33 34 36 37 38 39 40 41 42 43 44 45 46 47 48 49 50 51 52 53
(36,*) 0 1 2 3 4 5 6 7 8 9 10 11 12 13 14 15 16 31 32 33 34 35 37 38 39 40 41 42 43 44 45 46 47 48 49 50 51 52 53
(37,*) 0 1 2 3 4 5 6 7 8 9 10 11 12 13 14 15 16 31 32 33 34 35 36 38 39 40 41 42 43 44 45 46 47 48 49 50 51 52 53
(38,*) 0 1 2 3 4 5 6 7 8 9 10 11 12 13 14 15 16 31 32 33 34 35 36 37 39 40 41 42 43 44 45 46 47 48 49 50 51 52 53
(39,*) 0 1 2 3 4 5 6 7 8 9 10 11 12 13 14 15 16 31 32 33 34 35 36 37 38 40 41 42 43 44 45 46 47 48 49 50 51 52 53
(40,*) 0 1 2 3 4 5 6 7 8 9 10 11 12 13 14 15 16 31 32 33 34 35 36 37 38 39 41 42 43 44 45 46 47 48 49 50 51 52 53
(41,*) 0 1 2 3 4 5 6 7 8 9 10 11 12 13 14 15 16 31 32 33 34 35 36 37 38 39 40 42 43 44 45 46 47 48 49 50 51 52 53
(42,*) 0 1 2 3 4 5 6 7 8 9 10 11 12 13 14 15 16 31 32 33 34 35 36 37 38 39 40 41 43 44 45 46 47 48 49 50 51 52 53
(43,*) 0 1 2 3 4 5 6 7 8 9 10 11 12 13 14 15 16 31 32 33 34 35 36 37 38 39 40 41 42 44 45 46 47 48 49 50 51 52 53
(44,*) 0 1 2 3 4 5 6 7 8 9 10 11 12 13 14 15 16 31 32 33 34 35 36 37 38 39 40 41 42 43 45 46 47 48 49 50 51 52 53
(45,*) 0 1 2 3 4 5 6 7 8 9 10 11 12 13 14 15 16 31 32 33 34 35 36 37 38 39 40 41 42 43 44 47 48 49 50 51 52 53
(46,*) 0 1 2 3 4 5 6 7 8 9 10 11 12 13 14 15 16 31 32 33 34 35 36 37 38 39 40 41 42 43 44 47 48 49 50 51 52 53
(47,*) 0 1 2 3 4 5 6 7 8 9 10 11 12 13 14 15 16 31 32 33 34 35 36 37 38 39 40 41 42 43 44 45 46 48 49 50 51 52 53
(48,*) 0 1 2 3 4 5 6 7 8 9 10 11 12 13 14 15 16 31 32 33 34 35 36 37 38 39 40 41 42 43 44 45 46 47 49 50 51 52 53
(49,*) 0 1 2 3 4 5 6 7 8 9 10 11 12 13 14 15 16 31 32 33 34 35 36 37 38 39 40 41 42 43 44 45 46 47 48 50 51 52 53
(50,*) 0 1 2 3 4 5 6 7 8 9 10 11 12 13 14 15 16 31 32 33 34 35 36 37 38 39 40 41 42 43 44 45 46 47 48 49 51 52 53
(51,*) 0 1 2 3 4 5 6 7 8 9 10 11 12 13 14 15 16 31 32 33 34 35 36 37 38 39 40 41 42 43 44 45 46 47 48 49 50 52 53
(52,*) 0 1 2 3 4 5 6 7 8 9 10 11 12 13 14 15 16 31 32 33 34 35 36 37 38 39 40 41 42 43 44 45 46 47 48 49 50 51 53
(53,*) 0 1 2 3 4 5 6 7 8 9 10 11 12 13 14 15 16 31 32 33 34 35 36 37 38 39 40 41 42 43 44 45 46 47 48 49 50 51 52
;
set A2:=
(45,*) 46
(46,*) 45
;
param BigM:=99999;
param n:= 7;
param d:=
1	16
2	23
3	20
4	18
5	21
6	3
7	26
8	17
9	8
10	20
11	20
12	15
13	2
14	6
15	21
16	24
17	6
18	5
19	1
20	13
21	20
22	19
23	13
24	20
25	22
26	12
27	17
28	19
29	9
30	10
31	14
32	1
33	12
34	14
35	7
36	8
37	8
38	24
39	22
40	16
41	12
42	14
43	25
44	11
;
param Q:=100;
param w:=
[45,*] 46 0.5
[46,*] 45 0.5
;
param V:=
[45,*] 46 92
[46,*] 45 92
;
param e:
	45	46	47	48	49	50	51	52	53:=
17	0	1	1	0	0	0	0	0	0	
18	1	1	0	0	0	1	0	0	0	
19	1	1	0	0	0	1	0	0	0	
20	1	1	0	0	1	1	0	1	0	
21	0	1	0	0	0	0	0	1	0	
22	1	1	0	0	0	0	0	1	0	
23	1	0	0	0	0	0	0	0	1	
24	1	1	1	0	0	0	0	0	0	
25	1	1	0	0	1	0	0	0	0	
26	1	0	1	0	0	0	0	0	0	
27	0	1	0	0	0	1	0	1	0	
28	0	1	0	1	0	0	0	0	0	
29	1	1	0	1	0	1	0	1	0	
30	0	1	1	0	0	0	0	0	0	
31	1	1	1	0	0	0	0	0	0	
32	1	1	0	1	0	1	0	1	0	
33	1	1	1	0	1	0	1	0	1	
34	0	1	1	0	0	0	0	0	0	
35	0	1	0	0	0	1	0	1	0	
36	1	0	1	0	1	0	1	0	1	
37	1	1	0	0	0	1	0	0	0	
38	1	1	0	0	1	0	0	0	0	
39	1	1	1	0	0	0	1	0	1	
40	1	1	0	0	0	1	0	1	0	
41	1	1	1	0	0	0	0	0	0	
42	1	1	0	0	0	1	0	1	0	
43	1	0	1	0	0	0	1	0	1	
44	1	1	0	0	1	0	0	0	0	
;
param p:=
1	3
2	3
3	3
4	3
5	3
6	3
7	3
;
param G:=
45	92
46	88
47	88
48	95
49	71
50	96
51	81
52	94
53	80
;
param s:=
0	0
1	10
2	10
3	10
4	10
5	10
6	10
7	10
8	10
9	10
10	10
11	10
12	10
13	10
14	10
15	10
16	10
31	10
32	10
33	10
34	10
35	10
36	10
37	10
38	10
39	10
40	10
41	10
42	10
43	10
44	10
45	10
46	10
47	10
48	10
49	10
50	10
51	10
52	10
53	10
;
param t:
	0	1	2	3	4	5	6	7	8	9	10	11	12	13	14	15	16	17	18	19	20	21	22	23	24	25	26	27	28	29	30	31	32	33	34	35	36	37	38	39	40	41	42	43	44	45	46	47	48	49	50	51	52	53:=
0	0.0	69.43	32.56	65.12	22.0	72.11	32.31	74.03	73.35	71.69	90.02	95.35	94.59	42.94	96.6	91.61	69.08	42.52	32.8	38.63	38.21	25.46	95.35	43.86	86.16	94.25	88.29	25.06	18.44	18.44	33.53	98.08	20.0	76.24	77.67	26.08	63.15	39.6	62.61	58.31	26.08	58.82	24.74	74.73	77.25	92.7	40.52	66.48	8.25	57.71	17.26	65.92	18.03	63.39
1	69.43	0.0	36.88	59.23	57.27	71.81	40.5	52.8	79.25	75.31	61.22	51.61	78.89	67.47	34.06	23.41	23.32	27.78	78.79	62.1	51.92	72.47	51.61	81.04	31.3	42.05	42.8	45.34	54.04	54.04	88.59	89.44	50.0	46.65	12.17	67.08	35.44	77.79	74.11	24.08	43.86	18.11	59.06	32.8	76.66	85.49	41.59	30.46	76.84	55.23	60.22	37.34	56.4	40.52
2	32.56	36.88	0.0	52.5	24.0	63.66	11.66	55.46	68.41	65.3	70.23	70.26	80.99	44.27	65.79	59.36	40.2	10.77	48.17	37.95	29.53	40.45	70.26	54.33	56.89	66.27	62.03	10.2	18.97	18.97	55.79	88.09	13.42	54.41	45.65	36.06	39.29	50.16	59.36	30.0	8.25	27.86	28.0	48.04	69.31	82.98	21.4	40.2	40.0	45.28	25.96	42.45	21.84	41.79
3	65.12	59.23	52.5	0.0	72.47	12.65	41.62	14.14	20.1	16.12	27.86	41.04	29.73	27.2	60.17	66.75	38.0	56.85	46.17	28.07	27.2	46.39	41.04	39.45	46.82	47.71	38.83	48.37	48.7	48.7	57.58	35.61	59.06	21.63	56.0	42.05	24.08	39.4	17.89	35.44	49.4	67.08	40.45	32.98	17.89	30.48	73.55	30.0	72.69	7.62	47.85	23.02	47.8	19.03
4	22.0	57.27	24.0	72.47	0.0	82.1	31.62	77.79	85.28	82.8	93.15	94.19	101.98	56.64	88.77	80.62	64.12	29.73	52.0	50.91	46.04	43.86	94.19	61.77	80.62	90.2	86.02	24.17	25.46	25.46	54.92	107.7	13.42	77.67	67.68	42.19	62.8	57.31	75.07	54.0	23.41	42.8	36.88	72.03	87.66	102.4	20.25	64.12	25.3	64.88	30.23	65.92	27.66	64.76
5	72.11	71.81	63.66	12.65	82.1	0.0	52.35	22.8	8.25	4.47	31.11	47.71	24.08	30.27	70.34	78.23	50.16	68.82	48.04	33.53	36.06	50.36	47.71	38.83	57.27	56.46	47.54	58.41	57.31	57.31	58.55	26.0	68.82	31.05	68.12	47.07	36.5	40.2	12.65	48.08	59.67	79.62	47.54	44.18	5.66	20.62	84.96	42.19	79.12	18.6	55.15	35.13	55.9	31.4
6	32.31	40.5	11.66	41.62	31.62	52.35	0.0	46.17	56.85	53.81	61.61	64.12	70.71	32.98	64.5	60.83	36.77	20.1	39.29	26.68	17.89	32.31	64.12	44.0	53.85	62.1	56.57	8.0	14.42	14.42	48.33	77.2	18.44	46.39	46.69	27.2	32.0	40.05	47.71	26.0	8.25	36.22	18.97	42.76	58.0	72.01	33.02	34.53	40.5	34.21	19.85	35.01	16.28	33.38
7	74.03	52.8	55.46	14.14	77.79	22.8	46.17	0.0	31.05	27.2	16.0	26.91	26.91	40.25	47.54	56.0	29.73	57.2	59.09	39.85	36.06	58.24	26.91	53.25	34.53	34.0	25.06	53.85	56.32	56.32	70.68	36.72	64.56	8.25	47.07	53.37	18.44	52.84	31.62	31.24	54.41	64.03	50.16	22.09	26.08	32.7	75.17	22.36	82.0	18.38	57.01	15.81	56.08	14.21
8	73.35	79.25	68.41	20.1	85.28	8.25	56.85	31.05	0.0	4.0	38.42	55.57	27.86	30.46	78.59	86.37	58.03	74.43	46.39	34.99	39.6	50.0	55.57	36.0	65.51	64.62	55.71	62.23	60.0	60.0	56.0	26.08	72.25	39.29	76.03	47.54	44.18	38.21	10.77	55.32	63.66	86.16	49.4	52.35	7.21	21.0	89.81	50.04	79.85	24.7	56.94	43.01	58.25	39.12
9	71.69	75.31	65.3	16.12	82.8	4.47	53.81	27.2	4.0	0.0	35.38	52.15	26.68	29.12	74.73	82.39	54.04	71.02	46.04	33.11	36.88	49.03	52.15	36.22	61.61	60.93	52.0	59.46	57.69	57.69	56.14	26.68	69.66	35.44	72.03	46.17	40.2	38.0	10.0	51.42	60.83	82.46	47.41	48.37	6.0	21.38	86.68	46.04	78.43	21.02	55.01	39.01	56.08	35.13
10	90.02	61.22	70.23	27.86	93.15	31.11	61.61	16.0	38.42	35.38	0.0	18.44	20.1	55.03	46.17	58.24	38.21	70.71	74.0	55.32	52.04	73.76	18.44	67.08	35.44	30.0	22.36	69.43	72.25	72.25	85.44	32.06	80.05	16.12	52.84	69.05	31.3	67.23	42.8	43.27	69.86	75.07	66.12	28.43	31.62	30.15	89.01	32.8	98.0	33.73	73.01	28.18	72.06	28.46
11	95.35	51.61	70.26	41.04	94.19	47.71	64.12	26.91	55.57	52.15	18.44	0.0	38.05	66.57	29.12	42.94	31.62	67.91	85.09	65.3	59.46	83.26	0.0	80.0	21.26	12.65	8.94	72.11	76.94	76.94	96.75	50.04	82.0	20.59	41.04	78.0	32.25	79.32	58.14	40.45	72.03	68.0	73.38	22.36	49.19	48.51	86.13	30.07	103.58	44.65	79.31	29.43	77.47	32.28
12	94.59	78.89	80.99	29.73	101.98	24.08	70.71	26.91	27.86	26.68	20.1	38.05	0.0	54.04	66.27	78.1	55.57	83.74	72.11	56.57	56.92	74.11	38.05	62.8	55.32	50.04	42.43	77.82	78.43	78.43	82.61	12.0	88.57	32.25	71.69	70.46	45.34	64.28	36.5	58.14	78.71	90.91	69.86	46.52	20.88	11.18	101.4	48.83	101.98	37.34	77.37	42.64	77.49	41.01
13	42.94	67.47	44.27	27.2	56.64	30.27	32.98	40.25	30.46	29.12	55.03	66.57	54.04	0.0	80.0	82.29	52.84	52.95	18.97	6.32	16.0	20.1	66.57	14.42	66.84	70.77	62.48	35.78	31.24	31.24	30.46	55.79	44.41	46.04	69.08	17.09	40.0	12.81	19.7	44.94	37.58	68.12	19.8	52.5	34.93	50.45	64.88	46.04	49.4	21.95	27.02	41.11	29.0	36.8
14	96.6	34.06	65.79	60.17	88.77	70.34	64.5	47.54	78.59	74.73	46.17	29.12	66.27	80.0	0.0	15.62	28.43	59.23	96.21	76.58	67.88	92.02	29.12	94.4	13.42	16.49	24.0	71.55	78.89	78.89	107.48	78.23	79.12	39.29	22.0	86.37	40.0	92.46	78.0	38.83	70.68	52.15	79.65	27.78	73.35	76.01	75.17	34.06	104.65	60.42	83.49	39.12	80.45	43.57
15	91.61	23.41	59.36	66.75	80.62	78.23	60.83	56.0	86.37	82.39	58.24	42.94	78.1	82.29	15.62	0.0	29.73	50.99	96.52	77.9	68.26	91.21	42.94	96.6	22.8	30.53	36.06	66.84	75.07	75.07	107.2	89.82	72.72	48.04	14.14	85.6	43.68	94.02	83.95	37.74	65.6	40.45	78.1	34.06	82.02	86.98	64.76	37.36	99.3	65.25	80.61	43.93	77.1	48.27
16	69.08	23.32	40.2	38.0	64.12	50.16	36.77	29.73	58.03	54.04	38.21	31.62	55.57	52.84	28.43	29.73	0.0	36.5	68.12	48.83	39.7	63.66	31.62	67.23	17.09	26.08	22.8	44.27	50.99	50.99	79.25	66.21	52.95	23.32	18.0	58.0	14.14	64.9	54.59	10.77	43.68	37.2	51.22	10.0	54.59	62.39	54.57	8.0	77.25	35.69	55.23	15.03	52.35	19.03
17	42.52	27.78	10.77	56.85	29.73	68.82	20.1	57.2	74.43	71.02	70.71	67.91	83.74	52.95	59.23	50.99	36.5	0.0	58.55	46.69	37.36	50.99	67.91	64.03	52.0	62.13	59.23	20.88	29.73	29.73	66.48	91.93	22.63	54.59	37.95	46.39	39.45	60.0	66.21	27.86	18.97	17.09	38.21	45.61	74.4	87.05	18.38	38.63	49.52	50.22	36.69	42.54	32.57	43.01
18	32.8	78.79	48.17	46.17	52.0	48.04	39.29	59.09	46.39	46.04	74.0	85.09	72.11	18.97	96.21	96.52	68.12	58.55	0.0	20.0	28.43	8.25	85.09	11.66	83.45	88.41	80.45	38.05	30.07	30.07	11.66	72.44	42.76	64.5	82.68	12.17	56.64	8.25	36.06	58.82	40.05	75.31	20.4	69.43	52.04	67.27	65.62	62.23	36.88	40.72	23.19	58.26	27.07	54.2
19	38.63	62.1	37.95	28.07	50.91	33.53	26.68	39.85	34.99	33.11	55.32	65.3	56.57	6.32	76.58	77.9	48.83	46.69	20.0	0.0	10.2	18.44	65.3	18.97	63.66	68.41	60.46	29.53	25.46	25.46	31.62	59.46	38.42	44.72	64.4	14.0	36.77	16.12	24.41	40.25	31.3	62.03	14.42	49.52	38.63	54.08	58.6	42.52	45.61	21.59	21.95	38.29	23.43	34.21
20	38.21	51.92	29.53	27.2	46.04	36.06	17.89	36.06	39.6	36.88	52.04	59.46	56.92	16.0	67.88	68.26	39.7	37.36	28.43	10.2	0.0	24.41	59.46	29.12	55.32	61.06	53.67	22.63	21.54	21.54	39.6	61.77	32.8	39.29	54.59	18.87	28.84	26.0	30.0	30.53	24.08	52.15	14.14	41.62	41.62	56.44	50.77	34.06	46.04	19.65	21.02	30.89	20.62	27.31
21	25.46	72.47	40.45	46.39	43.86	50.36	32.31	58.24	50.0	49.03	73.76	83.26	74.11	20.1	92.02	91.21	63.66	50.99	8.25	18.44	24.41	0.0	83.26	18.44	79.65	85.44	77.9	30.27	22.0	22.0	16.12	75.71	34.53	62.77	77.2	5.66	53.25	14.14	39.29	53.81	32.25	67.91	13.42	66.03	54.92	70.41	57.43	58.41	30.53	40.02	15.03	55.23	19.0	51.48
22	95.35	51.61	70.26	41.04	94.19	47.71	64.12	26.91	55.57	52.15	18.44	0.0	38.05	66.57	29.12	42.94	31.62	67.91	85.09	65.3	59.46	83.26	0.0	80.0	21.26	12.65	8.94	72.11	76.94	76.94	96.75	50.04	82.0	20.59	41.04	78.0	32.25	79.32	58.14	40.45	72.03	68.0	73.38	22.36	49.19	48.51	86.13	30.07	103.58	44.65	79.31	29.43	77.47	32.28
23	43.86	81.04	54.33	39.45	61.77	38.83	44.0	53.25	36.0	36.22	67.08	80.0	62.8	14.42	94.4	96.6	67.23	64.03	11.66	18.97	29.12	18.44	80.0	0.0	81.22	84.85	76.42	44.72	37.95	37.95	20.0	62.03	51.26	59.67	83.26	19.7	54.41	4.47	26.31	59.09	46.69	80.1	26.68	66.84	42.19	57.0	73.5	60.46	48.41	35.47	31.78	55.44	35.11	51.09
24	86.16	31.3	56.89	46.82	80.62	57.27	53.85	34.53	65.51	61.61	35.44	21.26	55.32	66.84	13.42	22.8	17.09	52.0	83.45	63.66	55.32	79.65	21.26	81.22	0.0	10.77	13.42	61.35	68.03	68.03	94.85	67.08	69.86	26.31	20.0	74.03	26.91	79.4	64.62	27.86	60.73	48.7	67.68	14.42	60.53	64.38	69.35	21.26	94.34	47.01	72.07	25.81	69.32	30.23
25	94.25	42.05	66.27	47.71	90.2	56.46	62.1	34.0	64.62	60.93	30.0	12.65	50.04	70.77	16.49	30.53	26.08	62.13	88.41	68.41	61.06	85.44	12.65	84.85	10.77	0.0	8.94	69.86	75.89	75.89	100.0	62.03	78.92	26.08	30.53	79.92	32.25	83.55	65.51	36.5	69.43	59.46	74.24	19.7	58.82	60.07	79.76	27.86	102.49	49.58	79.31	30.23	76.9	34.21
26	88.29	42.8	62.03	38.83	86.02	47.54	56.57	25.06	55.71	52.0	22.36	8.94	42.43	62.48	24.0	36.06	22.8	59.23	80.45	60.46	53.67	77.9	8.94	76.42	13.42	8.94	0.0	64.5	69.86	69.86	92.09	54.33	74.11	17.2	32.56	72.47	25.3	75.29	56.6	32.06	64.28	59.06	67.23	14.0	50.0	52.01	77.37	22.09	96.54	41.01	72.73	22.85	70.6	26.42
27	25.06	45.34	10.2	48.37	24.17	58.41	8.0	53.85	62.23	59.46	69.43	72.11	77.82	35.78	71.55	66.84	44.27	20.88	38.05	29.53	22.63	30.27	72.11	44.72	61.35	69.86	64.5	0.0	8.94	8.94	45.61	83.76	10.77	54.33	52.8	26.0	40.0	40.45	52.5	33.53	2.0	37.95	18.11	50.64	64.03	78.49	29.15	42.43	33.11	40.82	15.81	43.01	11.7	41.3
28	18.44	54.04	18.97	48.7	25.46	57.31	14.42	56.32	60.0	57.69	72.25	76.94	78.43	31.24	78.89	75.07	50.99	29.73	30.07	25.46	21.54	22.0	76.94	37.95	68.03	75.89	69.86	8.94	0.0	0.0	36.88	83.19	13.42	58.03	60.96	18.44	44.72	33.53	49.68	40.25	10.77	46.82	11.66	56.32	62.77	77.83	35.69	48.08	26.68	41.11	7.07	47.52	3.0	45.1
29	18.44	54.04	18.97	48.7	25.46	57.31	14.42	56.32	60.0	57.69	72.25	76.94	78.43	31.24	78.89	75.07	50.99	29.73	30.07	25.46	21.54	22.0	76.94	37.95	68.03	75.89	69.86	8.94	0.0	0.0	36.88	83.19	13.42	58.03	60.96	18.44	44.72	33.53	49.68	40.25	10.77	46.82	11.66	56.32	62.77	77.83	35.69	48.08	26.68	41.11	7.07	47.52	3.0	45.1
30	33.53	88.59	55.79	57.58	54.92	58.55	48.33	70.68	56.0	56.14	85.44	96.75	82.61	30.46	107.48	107.2	79.25	66.48	11.66	31.62	39.6	16.12	96.75	20.0	94.85	100.0	92.09	45.61	36.88	36.88	0.0	82.02	48.04	76.16	93.23	21.63	68.12	18.44	46.17	69.66	47.54	83.52	29.53	80.92	62.13	77.0	71.01	73.59	34.99	52.33	29.83	69.81	33.96	65.8
31	98.08	89.44	88.09	35.61	107.7	26.0	77.2	36.72	26.08	26.68	32.06	50.04	12.0	55.79	78.23	89.82	66.21	91.93	72.44	59.46	61.77	75.71	50.04	62.03	67.08	62.03	54.33	83.76	83.19	83.19	82.02	0.0	94.34	43.08	82.87	72.8	54.92	64.28	36.5	67.68	84.88	100.44	73.54	57.58	20.88	5.39	109.04	59.06	105.0	43.01	81.15	52.48	81.86	50.22
32	20.0	50.0	13.42	59.06	13.42	68.82	18.44	64.56	72.25	69.66	80.05	82.0	88.57	44.41	79.12	72.72	52.95	22.63	42.76	38.42	32.8	34.53	82.0	51.26	69.86	78.92	74.11	10.77	13.42	13.42	48.04	94.34	0.0	64.78	59.06	31.62	50.16	46.82	62.23	42.43	10.2	38.83	25.06	60.13	74.4	89.04	23.02	52.04	26.91	51.48	19.65	53.24	16.16	51.79
33	76.24	46.65	54.41	21.63	77.67	31.05	46.39	8.25	39.29	35.44	16.12	20.59	32.25	46.04	39.29	48.04	23.32	54.59	64.5	44.72	39.29	62.77	20.59	59.67	26.31	26.08	17.2	54.33	58.03	58.03	76.16	43.08	64.78	0.0	39.85	57.58	15.23	58.82	39.45	27.2	54.59	59.4	53.37	14.56	34.23	39.56	72.9	16.97	84.38	24.21	59.68	12.08	58.22	13.04
34	77.67	12.17	45.65	56.0	67.68	68.12	46.69	47.07	76.03	72.03	52.84	41.04	71.69	69.08	22.0	14.14	18.0	37.95	82.68	64.4	54.59	77.2	41.04	83.26	20.0	30.53	32.56	52.8	60.96	60.96	93.23	82.87	59.06	39.85	0.0	71.61	32.06	80.5	72.44	24.17	51.61	30.27	64.03	25.3	72.44	79.4	53.24	26.0	85.44	53.46	66.47	33.02	62.97	37.01
35	26.08	67.08	36.06	42.05	42.19	47.07	27.2	53.37	47.54	46.17	69.05	78.0	70.46	17.09	86.37	85.6	58.0	46.39	12.17	14.0	18.87	5.66	78.0	19.7	74.03	79.92	72.47	26.0	18.44	18.44	21.63	72.8	31.62	57.58	71.61	0.0	47.71	15.23	36.77	48.17	28.0	63.15	8.25	60.46	51.92	67.45	54.13	52.8	32.31	35.36	12.08	49.74	15.52	46.07
36	63.15	35.44	39.29	24.08	62.8	36.5	32.0	18.44	44.18	40.2	31.3	32.25	45.34	40.0	40.0	43.68	14.14	39.45	56.64	36.77	28.84	53.25	32.25	54.41	26.91	32.25	25.3	40.0	44.72	44.72	68.12	54.92	50.16	15.23	32.06	47.71	0.0	52.5	40.45	12.81	40.05	45.61	42.05	12.81	41.23	50.61	57.71	6.32	71.39	21.59	47.43	3.16	45.35	5.1
37	39.6	77.79	50.16	39.4	57.31	40.2	40.05	52.84	38.21	38.0	67.23	79.32	64.28	12.81	92.46	94.02	64.9	60.0	8.25	16.12	26.0	14.14	79.32	4.47	79.4	83.55	75.29	40.45	33.53	33.53	18.44	64.28	46.82	58.82	80.5	15.23	52.5	0.0	28.0	56.36	42.43	76.24	22.36	65.12	44.0	59.14	69.12	58.41	44.41	34.67	27.31	53.76	30.68	49.5
38	62.61	74.11	59.36	17.89	75.07	12.65	47.71	31.62	10.77	10.0	42.8	58.14	36.5	19.7	78.0	83.95	54.59	66.21	36.06	24.41	30.0	39.29	58.14	26.31	64.62	65.51	56.6	52.5	49.68	49.68	46.17	36.5	62.23	39.45	72.44	36.77	40.45	28.0	0.0	50.04	54.04	79.12	38.83	50.6	16.0	31.26	80.71	46.69	69.08	19.03	46.32	40.02	47.8	35.69
39	58.31	24.08	30.0	35.44	54.0	48.08	26.0	31.24	55.32	51.42	43.27	40.45	58.14	44.94	38.83	37.74	10.77	27.86	58.82	40.25	30.53	53.81	40.45	59.09	27.86	36.5	32.06	33.53	40.25	40.25	69.66	67.68	42.43	27.2	24.17	48.17	12.81	56.36	50.04	0.0	32.98	32.8	41.04	18.11	53.14	63.29	46.24	10.77	66.48	31.14	44.65	15.56	41.68	17.49
40	26.08	43.86	8.25	49.4	23.41	59.67	8.25	54.41	63.66	60.83	69.86	72.03	78.71	37.58	70.68	65.6	43.68	18.97	40.05	31.3	24.08	32.25	72.03	46.69	60.73	69.43	64.28	2.0	10.77	10.77	47.54	84.88	10.2	54.59	51.61	28.0	40.05	42.43	54.04	32.98	0.0	36.06	20.1	50.36	65.3	79.63	27.31	42.19	34.0	41.88	17.72	43.1	13.6	41.59
41	58.82	18.11	27.86	67.08	42.8	79.62	36.22	64.03	86.16	82.46	75.07	68.0	90.91	68.12	52.15	40.45	37.2	17.09	75.31	62.03	52.15	67.91	68.0	80.1	48.7	59.46	59.06	37.95	46.82	46.82	83.52	100.44	38.83	59.4	30.27	63.15	45.61	76.24	79.12	32.8	36.06	0.0	54.92	47.2	84.97	95.96	24.7	42.43	65.3	61.47	53.76	48.27	49.65	50.22
42	24.74	59.06	28.0	40.45	36.88	47.54	18.97	50.16	49.4	47.41	66.12	73.38	69.86	19.8	79.65	78.1	51.22	38.21	20.4	14.42	14.14	13.42	73.38	26.68	67.68	74.24	67.23	18.11	11.66	11.66	29.53	73.54	25.06	53.37	64.03	8.25	42.05	22.36	38.83	41.04	20.1	54.92	0.0	54.59	52.8	68.15	46.84	46.65	32.25	33.14	7.62	44.38	9.22	41.11
43	74.73	32.8	48.04	32.98	72.03	44.18	42.76	22.09	52.35	48.37	28.43	22.36	46.52	52.5	27.78	34.06	10.0	45.61	69.43	49.52	41.62	66.03	22.36	66.84	14.42	19.7	14.0	50.64	56.32	56.32	80.92	57.58	60.13	14.56	25.3	60.46	12.81	65.12	50.6	18.11	50.36	47.2	54.59	0.0	48.0	54.12	63.89	8.25	82.97	32.65	59.62	11.4	57.25	15.81
44	77.25	76.66	69.31	17.89	87.66	5.66	58.0	26.08	7.21	6.0	31.62	49.19	20.88	34.93	73.35	82.02	54.59	74.4	52.04	38.63	41.62	54.92	49.19	42.19	60.53	58.82	50.0	64.03	62.77	62.77	62.13	20.88	74.4	34.23	72.44	51.92	41.23	44.0	16.0	53.14	65.3	84.97	52.8	48.0	0.0	15.52	90.61	46.69	84.12	24.21	60.42	39.62	61.29	36.14
45	92.7	85.49	82.98	30.48	102.4	20.62	72.01	32.7	21.0	21.38	30.15	48.51	11.18	50.45	76.01	86.98	62.39	87.05	67.27	54.08	56.44	70.41	48.51	57.0	64.38	60.07	52.01	78.49	77.83	77.83	77.0	5.39	89.04	39.56	79.4	67.45	50.61	59.14	31.26	63.29	79.63	95.96	68.15	54.12	15.52	0.0	104.0	55.04	99.62	37.8	75.77	48.3	76.49	45.79
46	40.52	41.59	21.4	73.55	20.25	84.96	33.02	75.17	89.81	86.68	89.01	86.13	101.4	64.88	75.17	64.76	54.57	18.38	65.62	58.6	50.77	57.43	86.13	73.5	69.35	79.76	77.37	29.15	35.69	35.69	71.01	109.04	23.02	72.9	53.24	54.13	57.71	69.12	80.71	46.24	27.31	24.7	46.84	63.89	90.61	104.0	0.0	57.01	45.19	66.48	42.43	60.83	38.64	61.06
47	66.48	30.46	40.2	30.0	64.12	42.19	34.53	22.36	50.04	46.04	32.8	30.07	48.83	46.04	34.06	37.36	8.0	38.63	62.23	42.52	34.06	58.41	30.07	60.46	21.26	27.86	22.09	42.43	48.08	48.08	73.59	59.06	52.04	16.97	26.0	52.8	6.32	58.41	46.69	10.77	42.19	42.43	46.65	8.25	46.69	55.04	57.01	0.0	74.73	27.89	51.48	7.07	49.04	11.05
48	8.25	76.84	40.0	72.69	25.3	79.12	40.5	82.0	79.85	78.43	98.0	103.58	101.98	49.4	104.65	99.3	77.25	49.52	36.88	45.61	46.04	30.53	103.58	48.41	94.34	102.49	96.54	33.11	26.68	26.68	34.99	105.0	26.91	84.38	85.44	32.31	71.39	44.41	69.08	66.48	34.0	65.3	32.25	82.97	84.12	99.62	45.19	74.73	0.0	65.38	25.02	74.15	26.17	71.57
49	57.71	55.23	45.28	7.62	64.88	18.6	34.21	18.38	24.7	21.02	33.73	44.65	37.34	21.95	60.42	65.25	35.69	50.22	40.72	21.59	19.65	40.02	44.65	35.47	47.01	49.58	41.01	40.82	41.11	41.11	52.33	43.01	51.48	24.21	53.46	35.36	21.59	34.67	19.03	31.14	41.88	61.47	33.14	32.65	24.21	37.8	66.48	27.89	65.38	0.0	40.45	21.54	40.26	17.09
50	17.26	60.22	25.96	47.85	30.23	55.15	19.85	57.01	56.94	55.01	73.01	79.31	77.37	27.02	83.49	80.61	55.23	36.69	23.19	21.95	21.02	15.03	79.31	31.78	72.07	79.31	72.73	15.81	7.07	7.07	29.83	81.15	19.65	59.68	66.47	12.08	47.43	27.31	46.32	44.65	17.72	53.76	7.62	59.62	60.42	75.77	42.43	51.48	25.02	40.45	0.0	50.0	4.12	47.07
51	65.92	37.34	42.45	23.02	65.92	35.13	35.01	15.81	43.01	39.01	28.18	29.43	42.64	41.11	39.12	43.93	15.03	42.54	58.26	38.29	30.89	55.23	29.43	55.44	25.81	30.23	22.85	43.01	47.52	47.52	69.81	52.48	53.24	12.08	33.02	49.74	3.16	53.76	40.02	15.56	43.1	48.27	44.38	11.4	39.62	48.3	60.83	7.07	74.15	21.54	50.0	0.0	48.05	4.47
52	18.03	56.4	21.84	47.8	27.66	55.9	16.28	56.08	58.25	56.08	72.06	77.47	77.49	29.0	80.45	77.1	52.35	32.57	27.07	23.43	20.62	19.0	77.47	35.11	69.32	76.9	70.6	11.7	3.0	3.0	33.96	81.86	16.16	58.22	62.97	15.52	45.35	30.68	47.8	41.68	13.6	49.65	9.22	57.25	61.29	76.49	38.64	49.04	26.17	40.26	4.12	48.05	0.0	45.4
53	63.39	40.52	41.79	19.03	64.76	31.4	33.38	14.21	39.12	35.13	28.46	32.28	41.01	36.8	43.57	48.27	19.03	43.01	54.2	34.21	27.31	51.48	32.28	51.09	30.23	34.21	26.42	41.3	45.1	45.1	65.8	50.22	51.79	13.04	37.01	46.07	5.1	49.5	35.69	17.49	41.59	50.22	41.11	15.81	36.14	45.79	61.06	11.05	71.57	17.09	47.07	4.47	45.4	0.0
;
