vehicles
vehicle_idx, capacity, cost_per_unit_distance
1,100,1
2,100,1
3,100,1
4,100,1
5,100,1
6,100,1
7,100,1
depot
node_idx,x,y
0,47,5
home delivery customers
node_idx,x,y,service_time,demand
1,1,19,10,20
2,97,35,10,14
3,41,53,10,2
4,67,73,10,10
5,71,99,10,14
6,11,1,10,22
7,85,85,10,9
8,61,13,10,15
9,11,37,10,5
10,47,95,10,12
11,81,71,10,2
12,11,9,10,2
13,37,21,10,13
14,47,93,10,16
15,83,7,10,14
16,37,15,10,7
17,53,59,10,16
self pickup customers
node_idx,x,y,service_time,demand,locker_idxs
18,23,79,10,5,51
19,77,87,10,11,57-52
20,3,9,10,22,49
21,51,87,10,18,57-55-59-48
22,89,45,10,26,50
23,57,11,10,11,53
24,57,85,10,18,57-59-55-48
25,39,15,10,23,49
26,87,73,10,8,55-52
27,89,75,10,10,59-52
28,27,37,10,3,60
29,63,63,10,3,55-57-59
30,13,11,10,13,49
31,97,83,10,18,55-52
32,75,31,10,16,54-56-53
flexible customers
node_idx,x,y,service_time,demand,locker_idxs
33,5,27,10,25,60
34,71,33,10,24,56-54-53
35,13,59,10,16,60
36,43,99,10,14,51-48
37,21,11,10,12,49
38,77,81,10,8,59-55-57-52
39,3,63,10,16,60
40,53,75,10,15,57-55-59-48
41,73,55,10,9,56-58-59-55
42,95,59,10,20,52-48
43,33,47,10,25,60-54-58
44,23,63,10,23,60
45,13,55,10,8,60
46,45,43,10,9,56-54-58
47,69,91,10,4,55-57-48-52
lockers
node_idx,x,y,service_time,capacity,cost_per_unit_good
48,65,88,10,97
49,25,15,10,74
50,93,12,10,88
51,22,88,10,75
52,77,88,10,96
53,72,14,10,95
54,50,38,10,85
55,75,81,10,95
56,59,35,10,73
57,66,86,10,100
58,52,47,10,92
59,74,77,10,76
60,10,47,10,91
mrt lines
start_node_idx,end_node_idx,freight_capacity,cost_per_unit_good
distance matrix
,0,1,2,3,4,5,6,7,8,9,10,11,12,13,14,15,16,17,18,19,20,21,22,23,24,25,26,27,28,29,30,31,32,33,34,35,36,37,38,39,40,41,42,43,44,45,46,47,48,49,50,51,52,53,54,55,56,57,58,59,60,
0,0.0,48.08,58.31,48.37,70.88,97.02,36.22,88.57,16.12,48.17,90.0,74.24,36.22,18.87,88.0,36.06,14.14,54.33,77.79,87.32,44.18,82.1,58.0,11.66,80.62,12.81,78.89,81.63,37.74,60.17,34.53,92.65,38.21,47.41,36.88,63.81,94.09,26.68,81.71,72.8,70.26,56.36,72.25,44.27,62.77,60.46,38.05,88.77,84.93,24.17,46.53,86.68,88.26,26.57,33.14,80.99,32.31,83.2,42.3,76.9,55.97
1,48.08,0.0,97.32,52.5,85.28,106.3,20.59,106.83,60.3,20.59,88.84,95.41,14.14,36.06,87.13,82.87,36.22,65.6,63.91,101.98,10.2,84.4,91.76,56.57,86.56,38.21,101.55,104.31,31.62,76.03,14.42,115.38,74.97,8.94,71.39,41.76,90.35,21.54,98.08,44.05,76.42,80.5,102.16,42.52,49.19,37.95,50.12,99.04,94.11,24.33,92.27,72.12,102.65,71.18,52.55,96.54,60.17,93.35,58.18,93.24,29.41
2,58.31,97.32,0.0,58.82,48.41,69.08,92.48,51.42,42.19,86.02,78.1,39.4,89.84,61.61,76.58,31.3,63.25,50.12,86.09,55.71,97.53,69.43,12.81,46.65,64.03,61.35,39.29,40.79,70.03,44.05,87.36,48.0,22.36,92.35,26.08,87.36,83.74,79.7,50.16,98.08,59.46,31.24,24.08,65.12,79.12,86.35,52.61,62.61,61.91,74.73,23.35,91.84,56.65,32.65,47.1,50.99,38.0,59.68,46.57,47.89,87.82
3,48.37,52.5,58.82,0.0,32.8,54.92,60.03,54.41,44.72,34.0,42.43,43.86,53.25,32.25,40.45,62.29,38.21,13.42,31.62,49.52,58.14,35.44,48.66,44.94,35.78,38.05,50.16,52.8,21.26,24.17,50.48,63.53,40.5,44.41,36.06,28.64,46.04,46.52,45.61,39.29,25.06,32.06,54.33,10.0,20.59,28.07,10.77,47.2,42.44,41.23,66.22,39.82,50.21,49.82,17.49,44.05,25.46,41.4,12.53,40.8,31.58
4,70.88,85.28,48.41,32.8,0.0,26.31,91.21,21.63,60.3,66.57,29.73,14.14,85.04,60.03,28.28,67.91,65.3,19.8,44.41,17.2,90.51,21.26,35.61,62.8,15.62,64.4,20.0,22.09,53.81,10.77,82.22,31.62,42.76,77.2,40.2,55.79,35.38,77.2,12.81,64.78,14.14,18.97,31.3,42.8,45.12,56.92,37.2,18.11,15.13,71.61,66.31,47.43,18.03,59.21,38.91,11.31,38.83,13.04,30.02,8.06,62.65
5,97.02,106.3,69.08,54.92,26.31,0.0,114.91,19.8,86.58,86.28,24.33,29.73,108.17,85.09,24.74,92.78,90.62,43.86,52.0,13.42,112.8,23.32,56.92,89.11,19.8,89.89,30.53,30.0,76.03,36.88,105.39,30.53,68.12,97.67,66.0,70.46,28.0,101.21,18.97,76.94,30.0,44.05,46.65,64.4,60.0,72.8,61.74,8.25,12.53,95.77,89.74,50.22,12.53,85.01,64.51,18.44,65.12,13.93,55.36,22.2,80.16
6,36.22,20.59,92.48,60.03,91.21,114.91,0.0,111.95,51.42,36.0,100.66,98.99,8.0,32.8,98.79,72.25,29.53,71.61,78.92,108.41,11.31,94.85,89.55,47.07,95.77,31.3,104.69,107.52,39.4,80.92,10.2,118.83,70.68,26.68,68.0,58.03,103.09,14.14,103.71,62.51,85.09,82.22,102.08,50.99,63.15,54.04,54.04,107.07,102.4,19.8,82.73,87.69,109.2,62.37,53.76,102.45,58.82,101.24,61.62,98.72,46.01
7,88.57,106.83,51.42,54.41,21.63,19.8,111.95,0.0,75.89,88.2,39.29,14.56,106.08,80.0,38.83,78.03,84.88,41.23,62.29,8.25,111.8,34.06,40.2,79.12,28.0,83.76,12.17,10.77,75.29,31.11,103.25,12.17,54.92,98.81,53.85,76.55,44.27,97.84,8.94,84.9,33.53,32.31,27.86,64.4,65.79,78.0,58.0,17.09,20.22,92.2,73.44,63.07,8.54,72.18,58.6,10.77,56.36,19.03,50.33,13.6,84.08
8,16.12,60.3,42.19,44.72,60.3,86.58,51.42,75.89,0.0,55.46,83.19,61.35,50.16,25.3,81.22,22.8,24.08,46.69,76.16,75.71,58.14,74.67,42.52,4.47,72.11,22.09,65.39,68.03,41.62,50.04,48.04,78.71,22.8,57.72,22.36,66.48,87.86,40.05,69.86,76.58,62.51,43.68,57.2,44.05,62.8,63.78,34.0,78.41,75.11,36.06,32.02,84.53,76.69,11.05,27.31,69.43,22.09,73.17,35.17,65.31,61.29
9,48.17,20.59,86.02,34.0,66.57,86.28,36.0,88.2,55.46,0.0,68.26,77.82,28.0,30.53,66.57,78.0,34.06,47.41,43.68,82.8,29.12,64.03,78.41,52.84,66.48,35.61,84.1,86.76,16.0,58.14,26.08,97.53,64.28,11.66,60.13,22.09,69.77,27.86,79.32,27.2,56.64,64.56,86.83,24.17,28.64,18.11,34.53,79.25,74.28,26.08,85.73,52.17,83.41,65.19,39.01,77.67,48.04,73.66,42.2,74.63,10.05
10,90.0,88.84,78.1,42.43,29.73,24.33,100.66,39.29,83.19,68.26,0.0,41.62,93.23,74.67,2.0,95.08,80.62,36.5,28.84,31.05,96.6,8.94,65.3,84.59,14.14,80.4,45.65,46.52,61.35,35.78,90.62,51.42,69.86,79.92,66.48,49.52,5.66,87.93,33.11,54.41,20.88,47.71,60.0,50.0,40.0,52.5,52.04,22.36,19.31,82.97,94.89,25.96,30.81,84.77,57.08,31.3,61.19,21.02,48.26,32.45,60.61
11,74.24,95.41,39.4,43.86,14.14,29.73,98.99,14.56,61.35,77.82,41.62,0.0,93.51,66.6,40.5,64.03,71.22,30.46,58.55,16.49,99.64,34.0,27.2,64.62,27.78,70.0,6.32,8.94,63.81,19.7,90.69,20.0,40.45,87.82,39.29,69.05,47.2,84.85,10.77,78.41,28.28,17.89,18.44,53.67,58.55,69.86,45.61,23.32,23.35,79.2,60.21,61.4,17.46,57.71,45.28,11.66,42.19,21.21,37.64,9.22,74.95
12,36.22,14.14,89.84,53.25,85.04,108.17,8.0,106.08,50.16,28.0,93.23,93.51,0.0,28.64,91.39,72.03,26.68,65.3,71.02,102.18,8.0,87.66,85.91,46.04,88.84,28.64,99.36,102.18,32.25,74.97,2.83,113.45,67.68,18.97,64.62,50.04,95.52,10.2,97.67,54.59,78.23,77.2,97.75,43.91,55.32,46.04,48.08,100.44,95.69,15.23,82.05,79.76,102.94,61.2,48.6,96.33,54.59,94.63,55.9,92.7,38.01
13,18.87,36.06,61.61,32.25,60.03,85.09,32.8,80.0,25.3,30.53,74.67,66.6,28.64,0.0,72.69,48.08,6.0,41.23,59.67,77.18,36.06,67.47,57.27,22.36,67.05,6.32,72.14,74.97,18.87,49.4,26.0,86.28,39.29,32.56,36.06,44.94,78.23,18.87,72.11,54.04,56.32,49.52,69.34,26.31,44.27,41.62,23.41,76.97,72.62,13.42,56.72,68.66,78.03,35.69,21.4,71.02,26.08,71.18,30.02,67.12,37.48
14,88.0,87.13,76.58,40.45,28.28,24.74,98.79,38.83,81.22,66.57,2.0,40.5,91.39,72.69,0.0,93.23,78.64,34.53,27.78,30.59,94.83,7.21,63.78,82.61,12.81,78.41,44.72,45.69,59.46,34.0,88.77,50.99,68.03,78.23,64.62,48.08,7.21,86.02,32.31,53.25,18.97,46.04,58.82,48.08,38.42,50.99,50.04,22.09,18.68,81.04,93.15,25.5,30.41,82.86,55.08,30.46,59.23,20.25,46.27,31.38,59.03
15,36.06,82.87,31.3,62.29,67.91,92.78,72.25,78.03,22.8,78.0,95.08,64.03,72.03,48.08,93.23,0.0,46.69,60.03,93.72,80.22,80.02,86.16,38.47,26.31,82.22,44.72,66.12,68.26,63.53,59.46,70.11,77.28,25.3,80.52,28.64,87.2,100.32,62.13,74.24,97.65,74.32,49.03,53.37,64.03,82.07,84.88,52.35,85.16,82.98,58.55,11.18,101.4,81.22,13.04,45.28,74.43,36.88,80.81,50.61,70.58,83.24
16,14.14,36.22,63.25,38.21,65.3,90.62,29.53,84.88,24.08,34.06,80.62,71.22,26.68,6.0,78.64,46.69,0.0,46.82,65.51,82.37,34.53,73.35,60.03,20.4,72.8,2.0,76.58,79.4,24.17,54.59,24.33,90.69,41.23,34.18,38.47,50.12,84.21,16.49,77.18,58.82,62.1,53.81,72.8,32.25,50.0,46.65,29.12,82.46,78.19,12.0,56.08,74.53,83.24,35.01,26.42,76.16,29.73,76.69,35.34,72.2,41.87
17,54.33,65.6,50.12,13.42,19.8,43.86,71.61,41.23,46.69,47.41,36.5,30.46,65.3,41.23,34.53,60.03,46.82,0.0,36.06,36.88,70.71,28.07,38.63,48.17,26.31,46.17,36.77,39.4,34.06,10.77,62.48,50.12,35.61,57.69,31.62,40.0,41.23,57.69,32.56,50.16,16.0,20.4,42.0,23.32,30.27,40.2,17.89,35.78,31.38,52.15,61.72,42.45,37.64,48.85,21.21,31.11,24.74,29.97,12.04,27.66,44.64
18,77.79,63.91,86.09,31.62,44.41,52.0,78.92,62.29,76.16,43.68,28.84,58.55,71.02,59.67,27.78,93.72,65.51,36.06,0.0,54.59,72.8,29.12,74.24,76.03,34.53,65.97,64.28,66.12,42.19,43.08,68.73,74.11,70.77,55.03,66.48,22.36,28.28,68.03,54.04,25.61,30.27,55.46,74.73,33.53,16.0,26.0,42.19,47.54,42.95,64.03,96.9,9.06,54.74,81.4,49.09,52.04,56.85,43.57,43.19,51.04,34.54
19,87.32,101.98,55.71,49.52,17.2,13.42,108.41,8.25,75.71,82.8,31.05,16.49,102.18,77.18,30.59,80.22,82.37,36.88,54.59,0.0,107.52,26.0,43.68,78.59,20.1,81.41,17.2,16.97,70.71,27.78,99.36,20.4,56.04,93.72,54.33,69.86,36.06,94.4,6.0,77.79,26.83,32.25,33.29,59.46,59.09,71.55,54.41,8.94,12.04,88.81,76.69,55.01,1.0,73.17,55.95,6.32,55.03,11.05,47.17,10.44,78.03
20,44.18,10.2,97.53,58.14,90.51,112.8,11.31,111.8,58.14,29.12,96.6,99.64,8.0,36.06,94.83,80.02,34.53,70.71,72.8,107.52,0.0,91.59,93.23,54.04,93.23,36.5,105.6,108.41,36.88,80.72,10.2,119.63,75.29,18.11,72.11,50.99,98.49,18.11,103.25,54.0,82.8,83.76,104.71,48.41,57.58,47.07,54.04,105.26,100.42,22.8,90.05,81.25,108.25,69.18,55.23,101.82,61.74,99.49,62.01,98.31,38.64
21,82.1,84.4,69.43,35.44,21.26,23.32,94.85,34.06,74.67,64.03,8.94,34.0,87.66,67.47,7.21,86.16,73.35,28.07,29.12,26.0,91.59,0.0,56.64,76.24,6.32,72.99,38.63,39.85,55.46,26.83,84.97,46.17,60.93,75.6,57.58,47.2,14.42,81.71,26.68,53.67,12.17,38.83,52.15,43.86,36.88,49.68,44.41,18.44,14.04,76.55,85.96,29.02,26.02,75.96,49.01,24.74,52.61,15.03,40.01,25.08,57.28
22,58.0,91.76,12.81,48.66,35.61,56.92,89.55,40.2,42.52,78.41,65.3,27.2,85.91,57.27,63.78,38.47,60.03,38.63,74.24,43.68,93.23,56.64,0.0,46.69,51.22,58.31,28.07,30.0,62.51,31.62,83.26,38.83,19.8,85.91,21.63,77.28,70.94,76.03,37.95,87.86,46.86,18.87,15.23,56.04,68.41,76.66,44.05,50.16,49.24,70.68,33.24,79.61,44.64,35.36,39.62,38.63,31.62,47.01,37.05,35.34,79.03
23,11.66,56.57,46.65,44.94,62.8,89.11,47.07,79.12,4.47,52.84,84.59,64.62,46.04,22.36,82.61,26.31,20.4,48.17,76.03,78.59,54.04,76.24,46.69,0.0,74.0,18.44,68.88,71.55,39.7,52.35,44.0,82.37,26.91,54.41,26.08,65.12,89.11,36.0,72.8,74.97,64.12,46.82,61.22,43.27,62.13,62.23,34.18,80.89,77.41,32.25,36.01,84.58,79.56,15.3,27.89,72.28,24.08,75.54,36.35,68.15,59.2
24,80.62,86.56,64.03,35.78,15.62,19.8,95.77,28.0,72.11,66.48,14.14,27.78,88.84,67.05,12.81,82.22,72.8,26.31,34.53,20.1,93.23,6.32,51.22,74.0,0.0,72.28,32.31,33.53,56.6,22.8,86.09,40.05,56.92,77.9,53.85,51.11,19.8,82.29,20.4,58.31,10.77,34.0,46.04,44.94,40.5,53.25,43.68,13.42,8.54,76.97,81.39,35.13,20.22,72.57,47.52,18.44,50.04,9.06,38.33,18.79,60.44
25,12.81,38.21,61.35,38.05,64.4,89.89,31.3,83.76,22.09,35.61,80.4,70.0,28.64,6.32,78.41,44.72,2.0,46.17,65.97,81.41,36.5,72.99,58.31,18.44,72.28,0.0,75.29,78.1,25.06,53.67,26.31,89.38,39.4,36.06,36.72,51.11,84.1,18.44,76.16,60.0,61.61,52.5,71.22,32.56,50.6,47.71,28.64,81.71,77.49,14.0,54.08,74.95,82.3,33.02,25.5,75.18,28.28,75.96,34.54,71.2,43.19
26,78.89,101.55,39.29,50.16,20.0,30.53,104.69,12.17,65.39,84.1,45.65,6.32,99.36,72.14,44.72,66.12,76.58,36.77,64.28,17.2,105.6,38.63,28.07,68.88,32.31,75.29,0.0,2.83,69.97,26.0,96.54,14.14,43.68,94.02,43.08,75.31,51.11,90.55,12.81,84.59,34.06,22.8,16.12,59.93,64.78,76.16,51.61,25.46,26.63,84.9,61.29,66.71,18.03,60.88,50.93,14.42,47.2,24.7,43.6,13.6,81.27
27,81.63,104.31,40.79,52.8,22.09,30.0,107.52,10.77,68.03,86.76,46.52,8.94,102.18,74.97,45.69,68.26,79.4,39.4,66.12,16.97,108.41,39.85,30.0,71.55,33.53,78.1,2.83,0.0,72.72,28.64,99.36,11.31,46.17,96.75,45.69,77.67,51.88,93.38,13.42,86.83,36.0,25.61,17.09,62.61,67.08,78.59,54.41,25.61,27.29,87.73,63.13,68.25,17.69,63.32,53.76,15.23,50.0,25.5,46.4,15.13,83.82
28,37.74,31.62,70.03,21.26,53.81,76.03,39.4,75.29,41.62,16.0,61.35,63.81,32.25,18.87,59.46,63.53,24.17,34.06,42.19,70.71,36.88,55.46,62.51,39.7,56.6,25.06,69.97,72.72,0.0,44.41,29.53,83.76,48.37,24.17,44.18,26.08,64.03,26.68,66.6,35.38,46.04,49.4,71.47,11.66,26.31,22.8,18.97,68.41,63.6,22.09,70.58,51.24,71.42,50.54,23.02,65.12,32.06,62.63,26.93,61.72,19.72
29,60.17,76.03,44.05,24.17,10.77,36.88,80.92,31.11,50.04,58.14,35.78,19.7,74.97,49.4,34.0,59.46,54.59,10.77,43.08,27.78,80.72,26.83,31.62,52.35,22.8,53.67,26.0,28.64,44.41,0.0,72.14,39.45,34.18,68.26,31.05,50.16,41.18,66.84,22.8,60.0,15.62,12.81,32.25,34.0,40.0,50.64,26.91,28.64,25.08,61.22,59.17,48.02,28.65,49.82,28.18,21.63,28.28,23.19,19.42,17.8,55.36
30,34.53,14.42,87.36,50.48,82.22,105.39,10.2,103.25,48.04,26.08,90.62,90.69,2.83,26.0,88.77,70.11,24.33,62.48,68.73,99.36,10.2,84.97,83.26,44.0,86.09,26.31,96.54,99.36,29.53,72.14,0.0,110.63,65.15,17.89,62.03,48.0,92.97,8.0,94.85,52.95,75.47,74.4,95.02,41.18,52.95,44.0,45.25,97.65,92.91,12.65,80.01,77.52,100.12,59.08,45.8,93.51,51.88,91.84,53.08,89.87,36.12
31,92.65,115.38,48.0,63.53,31.62,30.53,118.83,12.17,78.71,97.53,51.42,20.0,113.45,86.28,50.99,77.28,90.69,50.12,74.11,20.4,119.63,46.17,38.83,82.37,40.05,89.38,14.14,11.31,83.76,39.45,110.63,0.0,56.46,107.7,56.36,87.36,56.32,104.69,20.1,96.1,44.72,36.88,24.08,73.43,76.66,88.54,65.6,29.12,32.39,99.04,71.11,75.17,20.62,73.39,65.07,22.09,61.22,31.14,57.63,23.77,94.15
32,38.21,74.97,22.36,40.5,42.76,68.12,70.68,54.92,22.8,64.28,69.86,40.45,67.68,39.29,68.03,25.3,41.23,35.61,70.77,56.04,75.29,60.93,19.8,26.91,56.92,39.4,43.68,46.17,48.37,34.18,65.15,56.46,0.0,70.11,4.47,68.03,75.15,57.58,50.04,78.79,49.19,24.08,34.41,44.94,61.06,66.48,32.31,60.3,57.87,52.5,26.17,77.83,57.04,17.26,25.96,50.0,16.49,55.73,28.02,46.01,66.94
33,47.41,8.94,92.35,44.41,77.2,97.67,26.68,98.81,57.72,11.66,79.92,87.82,18.97,32.56,78.23,80.52,34.18,57.69,55.03,93.72,18.11,75.6,85.91,54.41,77.9,36.06,94.02,96.75,24.17,68.26,17.89,107.7,70.11,0.0,66.27,32.98,81.41,22.63,90.0,36.06,67.88,73.54,95.52,34.41,40.25,29.12,43.08,90.51,85.56,23.32,89.27,63.32,94.37,68.25,46.32,88.41,54.59,84.86,51.08,85.21,20.62
34,36.88,71.39,26.08,36.06,40.2,66.0,68.0,53.85,22.36,60.13,66.48,39.29,64.62,36.06,64.62,28.64,38.47,31.62,66.48,54.33,72.11,57.58,21.63,26.08,53.85,36.72,43.08,45.69,44.18,31.05,62.03,56.36,4.47,66.27,0.0,63.56,71.69,54.63,48.37,74.32,45.69,22.09,35.38,40.5,56.6,62.03,27.86,58.03,55.33,49.4,30.41,73.66,55.33,19.03,21.59,48.17,12.17,53.24,23.6,44.1,62.59
35,63.81,41.76,87.36,28.64,55.79,70.46,58.03,76.55,66.48,22.09,49.52,69.05,50.04,44.94,48.08,87.2,50.12,40.0,22.36,69.86,50.99,47.2,77.28,65.12,51.11,51.11,75.31,77.67,26.08,50.16,48.0,87.36,68.03,32.98,63.56,0.0,50.0,48.66,67.68,10.77,43.08,60.13,82.0,23.32,10.77,4.0,35.78,64.5,59.54,45.61,92.78,30.36,70.26,74.2,42.54,65.79,51.88,59.48,40.8,63.6,12.37
36,94.09,90.35,83.74,46.04,35.38,28.0,103.09,44.27,87.86,69.77,5.66,47.2,95.52,78.23,7.21,100.32,84.21,41.23,28.28,36.06,98.49,14.42,70.94,89.11,19.8,84.1,51.11,51.88,64.03,41.18,92.97,56.32,75.15,81.41,71.69,50.0,0.0,90.71,38.47,53.81,26.0,53.25,65.6,52.95,41.18,53.25,56.04,27.2,24.6,85.91,100.34,23.71,35.74,89.81,61.4,36.72,65.97,26.42,52.77,38.01,61.59
37,26.68,21.54,79.7,46.52,77.2,101.21,14.14,97.84,40.05,27.86,87.93,84.85,10.2,18.87,86.02,62.13,16.49,57.69,68.03,94.4,18.11,81.71,76.03,36.0,82.29,18.44,90.55,93.38,26.68,66.84,8.0,104.69,57.58,22.63,54.63,48.66,90.71,0.0,89.64,55.03,71.55,68.12,88.2,37.95,52.04,44.72,40.0,93.3,88.68,5.66,72.01,77.01,95.21,51.09,39.62,88.41,44.94,87.46,47.51,84.65,37.64
38,81.71,98.08,50.16,45.61,12.81,18.97,103.71,8.94,69.86,79.32,33.11,10.77,97.67,72.11,32.31,74.24,77.18,32.56,54.04,6.0,103.25,26.68,37.95,72.8,20.4,76.16,12.81,13.42,66.6,22.8,94.85,20.1,50.04,90.0,48.37,67.68,38.47,89.64,0.0,76.16,24.74,26.31,28.43,55.61,56.92,69.08,49.68,12.81,13.89,84.02,70.83,55.44,7.0,67.19,50.77,2.0,49.4,12.08,42.2,5.0,75.13
39,72.8,44.05,98.08,39.29,64.78,76.94,62.51,84.9,76.58,27.2,54.41,78.41,54.59,54.04,53.25,97.65,58.82,50.16,25.61,77.79,54.0,53.67,87.86,74.97,58.31,60.0,84.59,86.83,35.38,60.0,52.95,96.1,78.79,36.06,74.32,10.77,53.81,55.03,76.16,0.0,51.42,70.46,92.09,34.0,20.0,12.81,46.52,71.69,66.85,52.8,103.45,31.4,78.11,84.63,53.24,74.22,62.61,67.07,51.55,72.37,17.46
40,70.26,76.42,59.46,25.06,14.14,30.0,85.09,33.53,62.51,56.64,20.88,28.28,78.23,56.32,18.97,74.32,62.1,16.0,30.27,26.83,82.8,12.17,46.86,64.12,10.77,61.61,34.06,36.0,46.04,15.62,75.47,44.72,49.19,67.88,45.69,43.08,26.0,71.55,24.74,51.42,0.0,28.28,44.94,34.41,32.31,44.72,32.98,22.63,17.69,66.21,74.63,33.62,27.29,63.89,37.12,22.8,40.45,17.03,28.02,21.1,51.31
41,56.36,80.5,31.24,32.06,18.97,44.05,82.22,32.31,43.68,64.56,47.71,17.89,77.2,49.52,46.04,49.03,53.81,20.4,55.46,32.25,83.76,38.83,18.87,46.82,34.0,52.5,22.8,25.61,49.4,12.81,74.4,36.88,24.08,73.54,22.09,60.13,53.25,68.12,26.31,70.46,28.28,0.0,22.36,40.79,50.64,60.0,30.46,36.22,33.96,62.48,47.42,60.75,33.24,41.01,28.6,26.08,24.41,31.78,22.47,22.02,63.51
42,72.25,102.16,24.08,54.33,31.3,46.65,102.08,27.86,57.2,86.83,60.0,18.44,97.75,69.34,58.82,53.37,72.8,42.0,74.73,33.29,104.71,52.15,15.23,61.22,46.04,71.22,16.12,17.09,71.47,32.25,95.02,24.08,34.41,95.52,35.38,82.0,65.6,88.2,28.43,92.09,44.94,22.36,0.0,63.15,72.11,82.1,52.5,41.23,41.73,82.68,47.04,78.55,34.13,50.54,49.66,29.73,43.27,39.62,44.64,27.66,85.84
43,44.27,42.52,65.12,10.0,42.8,64.4,50.99,64.4,44.05,24.17,50.0,53.67,43.91,26.31,48.08,64.03,32.25,23.32,33.53,59.46,48.41,43.86,56.04,43.27,44.94,32.56,59.93,62.61,11.66,34.0,41.18,73.43,44.94,34.41,40.5,23.32,52.95,37.95,55.61,34.0,34.41,40.79,63.15,0.0,18.87,21.54,12.65,56.85,52.01,32.98,69.46,42.45,60.14,51.09,19.24,54.04,28.64,51.09,19.0,50.8,23.0
44,62.77,49.19,79.12,20.59,45.12,60.0,63.15,65.79,62.8,28.64,40.0,58.55,55.32,44.27,38.42,82.07,50.0,30.27,16.0,59.09,57.58,36.88,68.41,62.13,40.5,50.6,64.78,67.08,26.31,40.0,52.95,76.66,61.06,40.25,56.6,10.77,41.18,52.04,56.92,20.0,32.31,50.64,72.11,18.87,0.0,12.81,29.73,53.85,48.88,48.04,86.61,25.02,59.51,69.3,36.8,55.03,45.61,48.76,33.12,52.89,20.62
45,60.46,37.95,86.35,28.07,56.92,72.8,54.04,78.0,63.78,18.11,52.5,69.86,46.04,41.62,50.99,84.88,46.65,40.2,26.0,71.55,47.07,49.68,76.66,62.23,53.25,47.71,76.16,78.59,22.8,50.64,44.0,88.54,66.48,29.12,62.03,4.0,53.25,44.72,69.08,12.81,44.72,60.0,82.1,21.54,12.81,0.0,34.18,66.57,61.59,41.76,90.82,34.21,72.01,71.85,40.72,67.23,50.16,61.4,39.81,64.85,8.54
46,38.05,50.12,52.61,10.77,37.2,61.74,54.04,58.0,34.0,34.53,52.04,45.61,48.08,23.41,50.04,52.35,29.12,17.89,42.19,54.41,54.04,44.41,44.05,34.18,43.68,28.64,51.61,54.41,18.97,26.91,45.25,65.6,32.31,43.08,27.86,35.78,56.04,40.0,49.68,46.52,32.98,30.46,52.5,12.65,29.73,34.18,0.0,53.67,49.24,34.41,57.14,50.54,55.22,39.62,7.07,48.41,16.12,47.85,8.06,44.69,35.23
47,88.77,99.04,62.61,47.2,18.11,8.25,107.07,17.09,78.41,79.25,22.36,23.32,100.44,76.97,22.09,85.16,82.46,35.78,47.54,8.94,105.26,18.44,50.16,80.89,13.42,81.71,25.46,25.61,68.41,28.64,97.65,29.12,60.3,90.51,58.03,64.5,27.2,93.3,12.81,71.69,22.63,36.22,41.23,56.85,53.85,66.57,53.67,0.0,5.0,87.82,82.57,47.1,8.54,77.06,56.3,11.66,56.89,5.83,47.17,14.87,73.6
48,84.93,94.11,61.91,42.44,15.13,12.53,102.4,20.22,75.11,74.28,19.31,23.35,95.69,72.62,18.68,82.98,78.19,31.38,42.95,12.04,100.42,14.04,49.24,77.41,8.54,77.49,26.63,27.29,63.6,25.08,92.91,32.39,57.87,85.56,55.33,59.54,24.6,88.68,13.89,66.85,17.69,33.96,41.73,52.01,48.88,61.59,49.24,5.0,0.0,83.24,80.99,43.0,12.0,74.33,52.2,12.21,53.34,2.24,43.01,14.21,68.6
49,24.17,24.33,74.73,41.23,71.61,95.77,19.8,92.2,36.06,26.08,82.97,79.2,15.23,13.42,81.04,58.55,12.0,52.15,64.03,88.81,22.8,76.55,70.68,32.25,76.97,14.0,84.9,87.73,22.09,61.22,12.65,99.04,52.5,23.32,49.4,45.61,85.91,5.66,84.02,52.8,66.21,62.48,82.68,32.98,48.04,41.76,34.41,87.82,83.24,0.0,68.07,73.06,89.63,47.01,33.97,82.8,39.45,81.99,41.87,79.03,35.34
50,46.53,92.27,23.35,66.22,66.31,89.74,82.73,73.44,32.02,85.73,94.89,60.21,82.05,56.72,93.15,11.18,56.08,61.72,96.9,76.69,90.05,85.96,33.24,36.01,81.39,54.08,61.29,63.13,70.58,59.17,80.01,71.11,26.17,89.27,30.41,92.78,100.34,72.01,70.83,103.45,74.63,47.42,47.04,69.46,86.61,90.82,57.14,82.57,80.99,68.07,0.0,104.0,77.67,21.1,50.25,71.31,41.05,78.77,53.91,67.72,90.08
51,86.68,72.12,91.84,39.82,47.43,50.22,87.69,63.07,84.53,52.17,25.96,61.4,79.76,68.66,25.5,101.4,74.53,42.45,9.06,55.01,81.25,29.02,79.61,84.58,35.13,74.95,66.71,68.25,51.24,48.02,77.52,75.17,77.83,63.32,73.66,30.36,23.71,77.01,55.44,31.4,33.62,60.75,78.55,42.45,25.02,34.21,50.54,47.1,43.0,73.06,104.0,0.0,55.0,89.31,57.31,53.46,64.64,44.05,50.8,53.15,42.72
52,88.26,102.65,56.65,50.21,18.03,12.53,109.2,8.54,76.69,83.41,30.81,17.46,102.94,78.03,30.41,81.22,83.24,37.64,54.74,1.0,108.25,26.02,44.64,79.56,20.22,82.3,18.03,17.69,71.42,28.65,100.12,20.62,57.04,94.37,55.33,70.26,35.74,95.21,7.0,78.11,27.29,33.24,34.13,60.14,59.51,72.01,55.22,8.54,12.0,89.63,77.67,55.0,0.0,74.17,56.82,7.28,55.97,11.18,48.02,11.4,78.55
53,26.57,71.18,32.65,49.82,59.21,85.01,62.37,72.18,11.05,65.19,84.77,57.71,61.2,35.69,82.86,13.04,35.01,48.85,81.4,73.17,69.18,75.96,35.36,15.3,72.57,33.02,60.88,63.32,50.54,49.82,59.08,73.39,17.26,68.25,19.03,74.2,89.81,51.09,67.19,84.63,63.89,41.01,50.54,51.09,69.3,71.85,39.62,77.06,74.33,47.01,21.1,89.31,74.17,0.0,32.56,67.07,24.7,72.25,38.59,63.03,70.24
54,33.14,52.55,47.1,17.49,38.91,64.51,53.76,58.6,27.31,39.01,57.08,45.28,48.6,21.4,55.08,45.28,26.42,21.21,49.09,55.95,55.23,49.01,39.62,27.89,47.52,25.5,50.93,53.76,23.02,28.18,45.8,65.07,25.96,46.32,21.59,42.54,61.4,39.62,50.77,53.24,37.12,28.6,49.66,19.24,36.8,40.72,7.07,56.3,52.2,33.97,50.25,57.31,56.82,32.56,0.0,49.74,9.49,50.6,9.22,45.79,41.0
55,80.99,96.54,50.99,44.05,11.31,18.44,102.45,10.77,69.43,77.67,31.3,11.66,96.33,71.02,30.46,74.43,76.16,31.11,52.04,6.32,101.82,24.74,38.63,72.28,18.44,75.18,14.42,15.23,65.12,21.63,93.51,22.09,50.0,88.41,48.17,65.79,36.72,88.41,2.0,74.22,22.8,26.08,29.73,54.04,55.03,67.23,48.41,11.66,12.21,82.8,71.31,53.46,7.28,67.07,49.74,0.0,48.7,10.3,41.05,4.12,73.36
56,32.31,60.17,38.0,25.46,38.83,65.12,58.82,56.36,22.09,48.04,61.19,42.19,54.59,26.08,59.23,36.88,29.73,24.74,56.85,55.03,61.74,52.61,31.62,24.08,50.04,28.28,47.2,50.0,32.06,28.28,51.88,61.22,16.49,54.59,12.17,51.88,65.97,44.94,49.4,62.61,40.45,24.41,43.27,28.64,45.61,50.16,16.12,56.89,53.34,39.45,41.05,64.64,55.97,24.7,9.49,48.7,0.0,51.48,13.89,44.6,50.45
57,83.2,93.35,59.68,41.4,13.04,13.93,101.24,19.03,73.17,73.66,21.02,21.21,94.63,71.18,20.25,80.81,76.69,29.97,43.57,11.05,99.49,15.03,47.01,75.54,9.06,75.96,24.7,25.5,62.63,23.19,91.84,31.14,55.73,84.86,53.24,59.48,26.42,87.46,12.08,67.07,17.03,31.78,39.62,51.09,48.76,61.4,47.85,5.83,2.24,81.99,78.77,44.05,11.18,72.25,50.6,10.3,51.48,0.0,41.44,12.04,68.24
58,42.3,58.18,46.57,12.53,30.02,55.36,61.62,50.33,35.17,42.2,48.26,37.64,55.9,30.02,46.27,50.61,35.34,12.04,43.19,47.17,62.01,40.01,37.05,36.35,38.33,34.54,43.6,46.4,26.93,19.42,53.08,57.63,28.02,51.08,23.6,40.8,52.77,47.51,42.2,51.55,28.02,22.47,44.64,19.0,33.12,39.81,8.06,47.17,43.01,41.87,53.91,50.8,48.02,38.59,9.22,41.05,13.89,41.44,0.0,37.2,42.0
59,76.9,93.24,47.89,40.8,8.06,22.2,98.72,13.6,65.31,74.63,32.45,9.22,92.7,67.12,31.38,70.58,72.2,27.66,51.04,10.44,98.31,25.08,35.34,68.15,18.79,71.2,13.6,15.13,61.72,17.8,89.87,23.77,46.01,85.21,44.1,63.6,38.01,84.65,5.0,72.37,21.1,22.02,27.66,50.8,52.89,64.85,44.69,14.87,14.21,79.03,67.72,53.15,11.4,63.03,45.79,4.12,44.6,12.04,37.2,0.0,70.68
60,55.97,29.41,87.82,31.58,62.65,80.16,46.01,84.08,61.29,10.05,60.61,74.95,38.01,37.48,59.03,83.24,41.87,44.64,34.54,78.03,38.64,57.28,79.03,59.2,60.44,43.19,81.27,83.82,19.72,55.36,36.12,94.15,66.94,20.62,62.59,12.37,61.59,37.64,75.13,17.46,51.31,63.51,85.84,23.0,20.62,8.54,35.23,73.6,68.6,35.34,90.08,42.72,78.55,70.24,41.0,73.36,50.45,68.24,42.0,70.68,0.0
