set K:= 1	2	3	4	5	6	7;
set C_H:= 1	2	3	4	5	6	7	8	9	10	11	12	13	14	15	16	17;
set C_S:= 18	19	20	21	22	23	24	25	26	27	28	29	30	31	32;
set C_F:= 33	34	35	36	37	38	39	40	41	42	43	44	45	46	47;
set M:= 48	49	50	51	52	53;
set L_B:= 54	55	56	57	58	59	60;
set A1:=
(0,*) 1 2 3 4 5 6 7 8 9 10 11 12 13 14 15 16 17 33 34 35 36 37 38 39 40 41 42 43 44 45 46 47 48 49 50 51 52 53 54 55 56 57 58 59 60
(1,*) 0 2 3 4 5 6 7 8 9 10 11 12 13 14 15 16 17 33 34 35 36 37 38 39 40 41 42 43 44 45 46 47 48 49 50 51 52 53 54 55 56 57 58 59 60
(2,*) 0 1 3 4 5 6 7 8 9 10 11 12 13 14 15 16 17 33 34 35 36 37 38 39 40 41 42 43 44 45 46 47 48 49 50 51 52 53 54 55 56 57 58 59 60
(3,*) 0 1 2 4 5 6 7 8 9 10 11 12 13 14 15 16 17 33 34 35 36 37 38 39 40 41 42 43 44 45 46 47 48 49 50 51 52 53 54 55 56 57 58 59 60
(4,*) 0 1 2 3 5 6 7 8 9 10 11 12 13 14 15 16 17 33 34 35 36 37 38 39 40 41 42 43 44 45 46 47 48 49 50 51 52 53 54 55 56 57 58 59 60
(5,*) 0 1 2 3 4 6 7 8 9 10 11 12 13 14 15 16 17 33 34 35 36 37 38 39 40 41 42 43 44 45 46 47 48 49 50 51 52 53 54 55 56 57 58 59 60
(6,*) 0 1 2 3 4 5 7 8 9 10 11 12 13 14 15 16 17 33 34 35 36 37 38 39 40 41 42 43 44 45 46 47 48 49 50 51 52 53 54 55 56 57 58 59 60
(7,*) 0 1 2 3 4 5 6 8 9 10 11 12 13 14 15 16 17 33 34 35 36 37 38 39 40 41 42 43 44 45 46 47 48 49 50 51 52 53 54 55 56 57 58 59 60
(8,*) 0 1 2 3 4 5 6 7 9 10 11 12 13 14 15 16 17 33 34 35 36 37 38 39 40 41 42 43 44 45 46 47 48 49 50 51 52 53 54 55 56 57 58 59 60
(9,*) 0 1 2 3 4 5 6 7 8 10 11 12 13 14 15 16 17 33 34 35 36 37 38 39 40 41 42 43 44 45 46 47 48 49 50 51 52 53 54 55 56 57 58 59 60
(10,*) 0 1 2 3 4 5 6 7 8 9 11 12 13 14 15 16 17 33 34 35 36 37 38 39 40 41 42 43 44 45 46 47 48 49 50 51 52 53 54 55 56 57 58 59 60
(11,*) 0 1 2 3 4 5 6 7 8 9 10 12 13 14 15 16 17 33 34 35 36 37 38 39 40 41 42 43 44 45 46 47 48 49 50 51 52 53 54 55 56 57 58 59 60
(12,*) 0 1 2 3 4 5 6 7 8 9 10 11 13 14 15 16 17 33 34 35 36 37 38 39 40 41 42 43 44 45 46 47 48 49 50 51 52 53 54 55 56 57 58 59 60
(13,*) 0 1 2 3 4 5 6 7 8 9 10 11 12 14 15 16 17 33 34 35 36 37 38 39 40 41 42 43 44 45 46 47 48 49 50 51 52 53 54 55 56 57 58 59 60
(14,*) 0 1 2 3 4 5 6 7 8 9 10 11 12 13 15 16 17 33 34 35 36 37 38 39 40 41 42 43 44 45 46 47 48 49 50 51 52 53 54 55 56 57 58 59 60
(15,*) 0 1 2 3 4 5 6 7 8 9 10 11 12 13 14 16 17 33 34 35 36 37 38 39 40 41 42 43 44 45 46 47 48 49 50 51 52 53 54 55 56 57 58 59 60
(16,*) 0 1 2 3 4 5 6 7 8 9 10 11 12 13 14 15 17 33 34 35 36 37 38 39 40 41 42 43 44 45 46 47 48 49 50 51 52 53 54 55 56 57 58 59 60
(17,*) 0 1 2 3 4 5 6 7 8 9 10 11 12 13 14 15 16 33 34 35 36 37 38 39 40 41 42 43 44 45 46 47 48 49 50 51 52 53 54 55 56 57 58 59 60
(33,*) 0 1 2 3 4 5 6 7 8 9 10 11 12 13 14 15 16 17 34 35 36 37 38 39 40 41 42 43 44 45 46 47 48 49 50 51 52 53 54 55 56 57 58 59 60
(34,*) 0 1 2 3 4 5 6 7 8 9 10 11 12 13 14 15 16 17 33 35 36 37 38 39 40 41 42 43 44 45 46 47 48 49 50 51 52 53 54 55 56 57 58 59 60
(35,*) 0 1 2 3 4 5 6 7 8 9 10 11 12 13 14 15 16 17 33 34 36 37 38 39 40 41 42 43 44 45 46 47 48 49 50 51 52 53 54 55 56 57 58 59 60
(36,*) 0 1 2 3 4 5 6 7 8 9 10 11 12 13 14 15 16 17 33 34 35 37 38 39 40 41 42 43 44 45 46 47 48 49 50 51 52 53 54 55 56 57 58 59 60
(37,*) 0 1 2 3 4 5 6 7 8 9 10 11 12 13 14 15 16 17 33 34 35 36 38 39 40 41 42 43 44 45 46 47 48 49 50 51 52 53 54 55 56 57 58 59 60
(38,*) 0 1 2 3 4 5 6 7 8 9 10 11 12 13 14 15 16 17 33 34 35 36 37 39 40 41 42 43 44 45 46 47 48 49 50 51 52 53 54 55 56 57 58 59 60
(39,*) 0 1 2 3 4 5 6 7 8 9 10 11 12 13 14 15 16 17 33 34 35 36 37 38 40 41 42 43 44 45 46 47 48 49 50 51 52 53 54 55 56 57 58 59 60
(40,*) 0 1 2 3 4 5 6 7 8 9 10 11 12 13 14 15 16 17 33 34 35 36 37 38 39 41 42 43 44 45 46 47 48 49 50 51 52 53 54 55 56 57 58 59 60
(41,*) 0 1 2 3 4 5 6 7 8 9 10 11 12 13 14 15 16 17 33 34 35 36 37 38 39 40 42 43 44 45 46 47 48 49 50 51 52 53 54 55 56 57 58 59 60
(42,*) 0 1 2 3 4 5 6 7 8 9 10 11 12 13 14 15 16 17 33 34 35 36 37 38 39 40 41 43 44 45 46 47 48 49 50 51 52 53 54 55 56 57 58 59 60
(43,*) 0 1 2 3 4 5 6 7 8 9 10 11 12 13 14 15 16 17 33 34 35 36 37 38 39 40 41 42 44 45 46 47 48 49 50 51 52 53 54 55 56 57 58 59 60
(44,*) 0 1 2 3 4 5 6 7 8 9 10 11 12 13 14 15 16 17 33 34 35 36 37 38 39 40 41 42 43 45 46 47 48 49 50 51 52 53 54 55 56 57 58 59 60
(45,*) 0 1 2 3 4 5 6 7 8 9 10 11 12 13 14 15 16 17 33 34 35 36 37 38 39 40 41 42 43 44 46 47 48 49 50 51 52 53 54 55 56 57 58 59 60
(46,*) 0 1 2 3 4 5 6 7 8 9 10 11 12 13 14 15 16 17 33 34 35 36 37 38 39 40 41 42 43 44 45 47 48 49 50 51 52 53 54 55 56 57 58 59 60
(47,*) 0 1 2 3 4 5 6 7 8 9 10 11 12 13 14 15 16 17 33 34 35 36 37 38 39 40 41 42 43 44 45 46 48 49 50 51 52 53 54 55 56 57 58 59 60
(48,*) 0 1 2 3 4 5 6 7 8 9 10 11 12 13 14 15 16 17 33 34 35 36 37 38 39 40 41 42 43 44 45 46 47 50 51 52 53 54 55 56 57 58 59 60
(49,*) 0 1 2 3 4 5 6 7 8 9 10 11 12 13 14 15 16 17 33 34 35 36 37 38 39 40 41 42 43 44 45 46 47 50 51 52 53 54 55 56 57 58 59 60
(50,*) 0 1 2 3 4 5 6 7 8 9 10 11 12 13 14 15 16 17 33 34 35 36 37 38 39 40 41 42 43 44 45 46 47 48 49 52 53 54 55 56 57 58 59 60
(51,*) 0 1 2 3 4 5 6 7 8 9 10 11 12 13 14 15 16 17 33 34 35 36 37 38 39 40 41 42 43 44 45 46 47 48 49 52 53 54 55 56 57 58 59 60
(52,*) 0 1 2 3 4 5 6 7 8 9 10 11 12 13 14 15 16 17 33 34 35 36 37 38 39 40 41 42 43 44 45 46 47 48 49 50 51 54 55 56 57 58 59 60
(53,*) 0 1 2 3 4 5 6 7 8 9 10 11 12 13 14 15 16 17 33 34 35 36 37 38 39 40 41 42 43 44 45 46 47 48 49 50 51 54 55 56 57 58 59 60
(54,*) 0 1 2 3 4 5 6 7 8 9 10 11 12 13 14 15 16 17 33 34 35 36 37 38 39 40 41 42 43 44 45 46 47 48 49 50 51 52 53 55 56 57 58 59 60
(55,*) 0 1 2 3 4 5 6 7 8 9 10 11 12 13 14 15 16 17 33 34 35 36 37 38 39 40 41 42 43 44 45 46 47 48 49 50 51 52 53 54 56 57 58 59 60
(56,*) 0 1 2 3 4 5 6 7 8 9 10 11 12 13 14 15 16 17 33 34 35 36 37 38 39 40 41 42 43 44 45 46 47 48 49 50 51 52 53 54 55 57 58 59 60
(57,*) 0 1 2 3 4 5 6 7 8 9 10 11 12 13 14 15 16 17 33 34 35 36 37 38 39 40 41 42 43 44 45 46 47 48 49 50 51 52 53 54 55 56 58 59 60
(58,*) 0 1 2 3 4 5 6 7 8 9 10 11 12 13 14 15 16 17 33 34 35 36 37 38 39 40 41 42 43 44 45 46 47 48 49 50 51 52 53 54 55 56 57 59 60
(59,*) 0 1 2 3 4 5 6 7 8 9 10 11 12 13 14 15 16 17 33 34 35 36 37 38 39 40 41 42 43 44 45 46 47 48 49 50 51 52 53 54 55 56 57 58 60
(60,*) 0 1 2 3 4 5 6 7 8 9 10 11 12 13 14 15 16 17 33 34 35 36 37 38 39 40 41 42 43 44 45 46 47 48 49 50 51 52 53 54 55 56 57 58 59
;
set A2:=
(48,*) 49
(49,*) 48
(50,*) 51
(51,*) 50
(52,*) 53
(53,*) 52
;
param BigM:=99999;
param n:= 7;
param d:=
1	11
2	25
3	14
4	22
5	9
6	23
7	16
8	14
9	8
10	12
11	12
12	10
13	3
14	25
15	16
16	4
17	18
18	20
19	2
20	18
21	26
22	18
23	24
24	5
25	8
26	15
27	9
28	2
29	20
30	23
31	9
32	13
33	14
34	5
35	22
36	10
37	11
38	15
39	16
40	2
41	3
42	13
43	8
44	14
45	7
46	16
47	16
;
param Q:=100;
param w:=
[48,*] 49 0.5
[49,*] 48 0.5
[50,*] 51 0.5
[51,*] 50 0.5
[52,*] 53 0.5
[53,*] 52 0.5
;
param V:=
[48,*] 49 88
[49,*] 48 88
[50,*] 51 100
[51,*] 50 100
[52,*] 53 96
[53,*] 52 96
;
param e:
	48	49	50	51	52	53	54	55	56	57	58	59	60:=
18	0	0	0	0	0	1	0	0	0	0	0	0	0	
19	0	0	1	0	0	0	0	0	0	0	0	0	0	
20	0	0	0	1	0	0	0	0	0	0	0	0	0	
21	0	0	1	0	0	0	0	0	0	0	0	0	0	
22	0	0	0	0	1	0	0	0	0	0	0	0	0	
23	0	0	1	0	0	0	0	0	0	0	0	0	0	
24	0	0	0	0	1	0	0	0	0	0	0	0	0	
25	0	0	0	1	0	1	0	0	0	0	0	0	0	
26	0	0	0	0	1	0	0	0	0	0	0	0	0	
27	0	0	0	1	0	0	0	0	0	0	0	0	0	
28	0	0	0	1	0	0	0	0	0	0	0	0	0	
29	0	0	0	1	0	0	0	0	0	0	0	0	0	
30	0	0	0	0	1	0	0	0	0	0	0	0	0	
31	1	0	1	0	1	0	1	0	0	0	0	0	0	
32	0	0	0	0	0	1	0	0	0	0	0	0	0	
33	0	0	0	0	0	1	0	0	0	0	0	0	0	
34	0	0	0	0	0	1	0	0	0	0	0	0	0	
35	1	0	0	0	0	0	0	0	0	0	0	0	0	
36	0	0	0	1	1	1	0	0	0	0	0	0	0	
37	1	0	1	0	0	0	1	0	0	0	0	0	0	
38	1	0	1	0	0	0	1	0	0	0	0	0	0	
39	0	0	0	1	0	0	0	0	0	0	0	0	0	
40	0	0	1	0	0	0	0	0	0	0	0	0	0	
41	1	0	1	1	1	1	1	0	0	0	0	0	0	
42	1	0	1	0	0	0	1	0	0	0	0	0	0	
43	0	0	0	1	0	0	0	0	0	0	0	0	0	
44	0	0	1	0	0	0	0	0	0	0	0	0	0	
45	1	0	0	0	0	0	1	0	0	0	0	0	0	
46	1	0	1	1	1	0	1	0	0	0	0	0	0	
47	1	0	1	0	0	0	1	0	0	0	0	0	0	
;
param p:=
1	3
2	3
3	3
4	3
5	3
6	3
7	3
;
param G:=
48	76
49	88
50	100
51	75
52	70
53	96
54	74
55	93
56	73
57	77
58	95
59	88
60	93
;
param s:=
0	0
1	15
2	15
3	15
4	15
5	15
6	15
7	15
8	15
9	15
10	15
11	15
12	15
13	15
14	15
15	15
16	15
17	15
33	15
34	15
35	15
36	15
37	15
38	15
39	15
40	15
41	15
42	15
43	15
44	15
45	15
46	15
47	15
48	10
49	10
50	10
51	10
52	10
53	10
54	10
55	10
56	10
57	10
58	10
59	10
60	10
;
param t:
	0	1	2	3	4	5	6	7	8	9	10	11	12	13	14	15	16	17	18	19	20	21	22	23	24	25	26	27	28	29	30	31	32	33	34	35	36	37	38	39	40	41	42	43	44	45	46	47	48	49	50	51	52	53	54	55	56	57	58	59	60:=
0	0.0	87.32	47.41	97.02	36.22	88.57	12.81	63.81	94.09	78.89	26.68	90.0	81.63	37.74	44.27	88.0	88.77	92.65	48.08	48.37	82.1	58.0	80.62	36.88	48.17	81.71	70.26	56.36	74.24	72.25	62.77	38.05	34.53	58.31	77.79	44.18	70.88	11.66	16.12	72.8	36.22	60.17	18.87	60.46	36.06	14.14	54.33	38.21	46.53	86.68	84.93	24.17	88.26	26.57	31.26	125.36	36.25	76.16	51.0	86.83	32.25
1	87.32	0.0	93.72	13.42	108.41	8.25	81.41	69.86	36.06	17.2	94.4	31.05	16.97	70.71	59.46	30.59	8.94	20.4	101.98	49.52	26.0	43.68	20.1	54.33	82.8	6.0	26.83	32.25	16.49	33.29	59.09	54.41	99.36	55.71	54.59	107.52	17.2	78.59	75.71	77.79	102.18	27.78	77.18	71.55	80.22	82.37	36.88	56.04	76.69	55.01	12.04	88.81	1.0	73.17	57.25	38.08	51.24	14.42	43.14	8.25	56.36
2	47.41	93.72	0.0	97.67	26.68	98.81	36.06	32.98	81.41	94.02	22.63	79.92	96.75	24.17	34.41	78.23	90.51	107.7	8.94	44.41	75.6	85.91	77.9	66.27	11.66	90.0	67.88	73.54	87.82	95.52	40.25	43.08	17.89	92.35	55.03	18.11	77.2	54.41	57.72	36.06	18.97	68.26	32.56	29.12	80.52	34.18	57.69	70.11	89.27	63.32	85.56	23.32	94.37	68.25	46.87	128.82	58.05	79.4	51.04	89.11	47.07
3	97.02	13.42	97.67	0.0	114.91	19.8	89.89	70.46	28.0	30.53	101.21	24.33	30.0	76.03	64.4	24.74	8.25	30.53	106.3	54.92	23.32	56.92	19.8	66.0	86.28	18.97	30.0	44.05	29.73	46.65	60.0	61.74	105.39	69.08	52.0	112.8	26.31	89.11	86.58	76.94	108.17	36.88	85.09	72.8	92.78	90.62	43.86	68.12	89.74	50.22	12.53	95.77	12.53	85.01	66.1	31.14	61.66	20.88	49.24	10.2	65.15
4	36.22	108.41	26.68	114.91	0.0	111.95	31.3	58.03	103.09	104.69	14.14	100.66	107.52	39.4	50.99	98.79	107.07	118.83	20.59	60.03	94.85	89.55	95.77	68.0	36.0	103.71	85.09	82.22	98.99	102.08	63.15	54.04	10.2	92.48	78.92	11.31	91.21	47.07	51.42	62.51	8.0	80.92	32.8	54.04	72.25	29.53	71.61	70.68	82.73	87.69	102.4	19.8	109.2	62.37	53.15	145.61	63.01	94.87	65.73	105.39	53.81
5	88.57	8.25	98.81	19.8	111.95	0.0	83.76	76.55	44.27	12.17	97.84	39.29	10.77	75.29	64.4	38.83	17.09	12.17	106.83	54.41	34.06	40.2	28.0	53.85	88.2	8.94	33.53	32.31	14.56	27.86	65.79	58.0	103.25	51.42	62.29	111.8	21.63	79.12	75.89	84.9	106.08	31.11	80.0	78.0	78.03	84.88	41.23	54.92	73.44	63.07	20.22	92.2	8.54	72.18	59.64	37.66	52.33	20.88	47.8	16.49	58.82
6	12.81	81.41	36.06	89.89	31.3	83.76	0.0	51.11	84.1	75.29	18.44	80.4	78.1	25.06	32.56	78.41	81.71	89.38	38.21	38.05	72.99	58.31	72.28	36.72	35.61	76.16	61.61	52.5	70.0	71.22	50.6	28.64	26.31	61.35	65.97	36.5	64.4	18.44	22.09	60.0	28.64	53.67	6.32	47.71	44.72	2.0	46.17	39.4	54.08	74.95	77.49	14.0	82.3	33.02	24.19	119.41	32.53	69.08	41.77	79.85	25.06
7	63.81	69.86	32.98	70.46	58.03	76.55	51.11	0.0	50.0	75.31	48.66	49.52	77.67	26.08	23.32	48.08	64.5	87.36	41.76	28.64	47.2	77.28	51.11	63.56	22.09	67.68	43.08	60.13	69.05	82.0	10.77	35.78	48.0	87.36	22.36	50.99	55.79	65.12	66.48	10.77	50.04	50.16	44.94	4.0	87.2	50.12	40.0	68.03	92.78	30.36	59.54	45.61	70.26	74.2	44.42	101.04	53.31	55.71	34.13	63.53	43.91
8	94.09	36.06	81.41	28.0	103.09	44.27	84.1	50.0	0.0	51.11	90.71	5.66	51.88	64.03	52.95	7.21	27.2	56.32	90.35	46.04	14.42	70.94	19.8	71.69	69.77	38.47	26.0	53.25	47.2	65.6	41.18	56.04	92.97	83.74	28.28	98.49	35.38	89.11	87.86	53.81	95.52	41.18	78.23	53.25	100.32	84.21	41.23	75.15	100.34	23.71	24.6	85.91	35.74	89.81	63.51	54.13	63.89	29.73	43.19	27.86	62.51
9	78.89	17.2	94.02	30.53	104.69	12.17	75.29	75.31	51.11	0.0	90.55	45.65	2.83	69.97	59.93	44.72	25.46	14.14	101.55	50.16	38.63	28.07	32.31	43.08	84.1	12.81	34.06	22.8	6.32	16.12	64.78	51.61	96.54	39.29	64.28	105.6	20.0	68.88	65.39	84.59	99.36	26.0	72.14	76.16	66.12	76.58	36.77	43.68	61.29	66.71	26.63	84.9	18.03	60.88	51.62	49.25	43.01	22.8	43.46	24.08	50.91
10	26.68	94.4	22.63	101.21	14.14	97.84	18.44	48.66	90.71	90.55	0.0	87.93	93.38	26.68	37.95	86.02	93.3	104.69	21.54	46.52	81.71	76.03	82.29	54.63	27.86	89.64	71.55	68.12	84.85	88.2	52.04	40.0	8.0	79.7	68.03	18.11	77.2	36.0	40.05	55.03	10.2	66.84	18.87	44.72	62.13	16.49	57.69	57.58	72.01	77.01	88.68	5.66	95.21	51.09	39.05	131.76	49.09	80.99	51.97	91.59	39.7
11	90.0	31.05	79.92	24.33	100.66	39.29	80.4	49.52	5.66	45.65	87.93	0.0	46.52	61.35	50.0	2.0	22.36	51.42	88.84	42.43	8.94	65.3	14.14	66.48	68.26	33.11	20.88	47.71	41.62	60.0	40.0	52.04	90.62	78.1	28.84	96.6	29.73	84.59	83.19	54.41	93.23	35.78	74.67	52.5	95.08	80.62	36.5	69.86	94.89	25.96	19.31	82.97	30.81	84.77	59.14	52.48	58.94	24.08	39.0	22.8	58.14
12	81.63	16.97	96.75	30.0	107.52	10.77	78.1	77.67	51.88	2.83	93.38	46.52	0.0	72.72	62.61	45.69	25.61	11.31	104.31	52.8	39.85	30.0	33.53	45.69	86.76	13.42	36.0	25.61	8.94	17.09	67.08	54.41	99.36	40.79	66.12	108.41	22.09	71.55	68.03	86.83	102.18	28.64	74.97	78.59	68.26	79.4	39.4	46.17	63.13	68.25	27.29	87.73	17.69	63.32	54.45	47.1	45.8	24.33	46.1	24.41	53.74
13	37.74	70.71	24.17	76.03	39.4	75.29	25.06	26.08	64.03	69.97	26.68	61.35	72.72	0.0	11.66	59.46	68.41	83.76	31.62	21.26	55.46	62.51	56.6	44.18	16.0	66.6	46.04	49.4	63.81	71.47	26.31	18.97	29.53	70.03	42.19	36.88	53.81	39.7	41.62	35.38	32.25	44.41	18.87	22.8	63.53	24.17	34.06	48.37	70.58	51.24	63.6	22.09	71.42	50.54	24.02	107.0	35.01	56.64	27.59	66.84	24.0
14	44.27	59.46	34.41	64.4	50.99	64.4	32.56	23.32	52.95	59.93	37.95	50.0	62.61	11.66	0.0	48.08	56.85	73.43	42.52	10.0	43.86	56.04	44.94	40.5	24.17	55.61	34.41	40.79	53.67	63.15	18.87	12.65	41.18	65.12	33.53	48.41	42.8	43.27	44.05	34.0	43.91	34.0	26.31	21.54	64.03	32.25	23.32	44.94	69.46	42.45	52.01	32.98	60.14	51.09	21.1	95.43	30.36	45.25	16.64	55.32	20.59
15	88.0	30.59	78.23	24.74	98.79	38.83	78.41	48.08	7.21	44.72	86.02	2.0	45.69	59.46	48.08	0.0	22.09	50.99	87.13	40.45	7.21	63.78	12.81	64.62	66.57	32.31	18.97	46.04	40.5	58.82	38.42	50.04	88.77	76.58	27.78	94.83	28.28	82.61	81.22	53.25	91.39	34.0	72.69	50.99	93.23	78.64	34.53	68.03	93.15	25.5	18.68	81.04	30.41	82.86	57.14	53.54	57.01	22.8	37.0	22.36	56.14
16	88.77	8.94	90.51	8.25	107.07	17.09	81.71	64.5	27.2	25.46	93.3	22.36	25.61	68.41	56.85	22.09	0.0	29.12	99.04	47.2	18.44	50.16	13.42	58.03	79.25	12.81	22.63	36.22	23.32	41.23	53.85	53.67	97.65	62.61	47.54	105.26	18.11	80.89	78.41	71.69	100.44	28.64	76.97	66.57	85.16	82.46	35.78	60.3	82.57	47.1	5.0	87.82	8.54	77.06	57.87	38.6	53.46	12.65	41.34	2.0	56.92
17	92.65	20.4	107.7	30.53	118.83	12.17	89.38	87.36	56.32	14.14	104.69	51.42	11.31	83.76	73.43	50.99	29.12	0.0	115.38	63.53	46.17	38.83	40.05	56.36	97.53	20.1	44.72	36.88	20.0	24.08	76.66	65.6	110.63	48.0	74.11	119.63	31.62	82.37	78.71	96.1	113.45	39.45	86.28	88.54	77.28	90.69	50.12	56.46	71.11	75.17	32.39	99.04	20.62	73.39	65.76	39.32	57.01	32.25	56.82	28.64	65.05
18	48.08	101.98	8.94	106.3	20.59	106.83	38.21	41.76	90.35	101.55	21.54	88.84	104.31	31.62	42.52	87.13	99.04	115.38	0.0	52.5	84.4	91.76	86.56	71.39	20.59	98.08	76.42	80.5	95.41	102.16	49.19	50.12	14.42	97.32	63.91	10.2	85.28	56.57	60.3	44.05	14.14	76.03	36.06	37.95	82.87	36.22	65.6	74.97	92.27	72.12	94.11	24.33	102.65	71.18	52.81	137.44	63.89	87.73	59.03	97.59	53.14
19	48.37	49.52	44.41	54.92	60.03	54.41	38.05	28.64	46.04	50.16	46.52	42.43	52.8	21.26	10.0	40.45	47.2	63.53	52.5	0.0	35.44	48.66	35.78	36.06	34.0	45.61	25.06	32.06	43.86	54.33	20.59	10.77	50.48	58.82	31.62	58.14	32.8	44.94	44.72	39.29	53.25	24.17	32.25	28.07	62.29	38.21	13.42	40.5	66.22	39.82	42.44	41.23	50.21	49.82	19.72	85.8	25.81	35.38	6.71	45.61	18.87
20	82.1	26.0	75.6	23.32	94.85	34.06	72.99	47.2	14.42	38.63	81.71	8.94	39.85	55.46	43.86	7.21	18.44	46.17	84.4	35.44	0.0	56.64	6.32	57.58	64.03	26.68	12.17	38.83	34.0	52.15	36.88	44.41	84.97	69.43	29.12	91.59	21.26	76.24	74.67	53.67	87.66	26.83	67.47	49.68	86.16	73.35	28.07	60.93	85.96	29.02	14.04	76.55	26.02	75.96	51.0	53.91	50.22	16.12	31.26	18.11	50.0
21	58.0	43.68	85.91	56.92	89.55	40.2	58.31	77.28	70.94	28.07	76.03	65.3	30.0	62.51	56.04	63.78	50.16	38.83	91.76	48.66	56.64	0.0	51.22	21.63	78.41	37.95	46.86	18.87	27.2	15.23	68.41	44.05	83.26	12.81	74.24	93.23	35.61	46.69	42.52	87.86	85.91	31.62	57.27	76.66	38.47	60.03	38.63	19.8	33.24	79.61	49.24	70.68	44.64	35.36	39.05	77.06	27.89	41.62	43.42	48.33	38.83
22	80.62	20.1	77.9	19.8	95.77	28.0	72.28	51.11	19.8	32.31	82.29	14.14	33.53	56.6	44.94	12.81	13.42	40.05	86.56	35.78	6.32	51.22	0.0	53.85	66.48	20.4	10.77	34.0	27.78	46.04	40.5	43.68	86.09	64.03	34.53	93.23	15.62	74.0	72.11	58.31	88.84	22.8	67.05	53.25	82.22	72.8	26.31	56.92	81.39	35.13	8.54	76.97	20.22	72.57	49.37	50.93	47.27	10.0	30.68	12.65	48.37
23	36.88	54.33	66.27	66.0	68.0	53.85	36.72	63.56	71.69	43.08	54.63	66.48	45.69	44.18	40.5	64.62	58.03	56.36	71.39	36.06	57.58	21.63	53.85	0.0	60.13	48.37	45.69	22.09	39.29	35.38	56.6	27.86	62.03	26.08	66.48	72.11	40.2	26.08	22.36	74.32	64.62	31.05	36.06	62.03	28.64	38.47	31.62	4.47	30.41	73.66	55.33	49.4	55.33	19.03	20.22	91.44	10.3	46.39	33.24	56.04	20.4
24	48.17	82.8	11.66	86.28	36.0	88.2	35.61	22.09	69.77	84.1	27.86	68.26	86.76	16.0	24.17	66.57	79.25	97.53	20.59	34.0	64.03	78.41	66.48	60.13	0.0	79.32	56.64	64.56	77.82	86.83	28.64	34.53	26.08	86.02	43.68	29.12	66.57	52.84	55.46	27.2	28.0	58.14	30.53	18.11	78.0	34.06	47.41	64.28	85.73	52.17	74.28	26.08	83.41	65.19	40.01	117.41	51.01	68.41	40.71	77.9	40.0
25	81.71	6.0	90.0	18.97	103.71	8.94	76.16	67.68	38.47	12.81	89.64	33.11	13.42	66.6	55.61	32.31	12.81	20.1	98.08	45.61	26.68	37.95	20.4	48.37	79.32	0.0	24.74	26.31	10.77	28.43	56.92	49.68	94.85	50.16	54.04	103.25	12.81	72.8	69.86	76.16	97.67	22.8	72.11	69.08	74.24	77.18	32.56	50.04	70.83	55.44	13.89	84.02	7.0	67.19	51.97	43.66	45.54	12.17	39.05	11.31	51.11
26	70.26	26.83	67.88	30.0	85.09	33.53	61.61	43.08	26.0	34.06	71.55	20.88	36.0	46.04	34.41	18.97	22.63	44.72	76.42	25.06	12.17	46.86	10.77	45.69	56.64	24.74	0.0	28.28	28.28	44.94	32.31	32.98	75.47	59.46	30.27	82.8	14.14	64.12	62.51	51.42	78.23	15.62	56.32	44.72	74.32	62.1	16.0	49.19	74.63	33.62	17.69	66.21	27.29	63.89	39.05	61.07	38.08	12.65	19.92	21.26	38.05
27	56.36	32.25	73.54	44.05	82.22	32.31	52.5	60.13	53.25	22.8	68.12	47.71	25.61	49.4	40.79	46.04	36.22	36.88	80.5	32.06	38.83	18.87	34.0	22.09	64.56	26.31	28.28	0.0	17.89	22.36	50.64	30.46	74.4	31.24	55.46	83.76	18.97	46.82	43.68	70.46	77.2	12.81	49.52	60.0	49.03	53.81	20.4	24.08	47.42	60.75	33.96	62.48	33.24	41.01	29.07	69.64	20.25	25.3	26.02	34.23	28.43
28	74.24	16.49	87.82	29.73	98.99	14.56	70.0	69.05	47.2	6.32	84.85	41.62	8.94	63.81	53.67	40.5	23.32	20.0	95.41	43.86	34.0	27.2	27.78	39.29	77.82	10.77	28.28	17.89	0.0	18.44	58.55	45.61	90.69	39.4	58.55	99.64	14.14	64.62	61.35	78.41	93.51	19.7	66.6	69.86	64.03	71.22	30.46	40.45	60.21	61.4	23.35	79.2	17.46	57.71	46.1	52.17	38.08	17.89	37.16	21.63	45.34
29	72.25	33.29	95.52	46.65	102.08	27.86	71.22	82.0	65.6	16.12	88.2	60.0	17.09	71.47	63.15	58.82	41.23	24.08	102.16	54.33	52.15	15.23	46.04	35.38	86.83	28.43	44.94	22.36	18.44	0.0	72.11	52.5	95.02	24.08	74.73	104.71	31.3	61.22	57.2	92.09	97.75	32.25	69.34	82.1	53.37	72.8	42.0	34.41	47.04	78.55	41.73	82.68	34.13	50.54	49.65	63.07	39.12	36.06	48.09	39.7	49.19
30	62.77	59.09	40.25	60.0	63.15	65.79	50.6	10.77	41.18	64.78	52.04	40.0	67.08	26.31	18.87	38.42	53.85	76.66	49.19	20.59	36.88	68.41	40.5	56.6	28.64	56.92	32.31	50.64	58.55	72.11	0.0	29.73	52.95	79.12	16.0	57.58	45.12	62.13	62.8	20.0	55.32	40.0	44.27	12.81	82.07	50.0	30.27	61.06	86.61	25.02	48.88	48.04	59.51	69.3	38.9	90.79	46.32	44.94	25.0	52.84	38.21
31	38.05	54.41	43.08	61.74	54.04	58.0	28.64	35.78	56.04	51.61	40.0	52.04	54.41	18.97	12.65	50.04	53.67	65.6	50.12	10.77	44.41	44.05	43.68	27.86	34.53	49.68	32.98	30.46	45.61	52.5	29.73	0.0	45.25	52.61	42.19	54.04	37.2	34.18	34.0	46.52	48.08	26.91	23.41	34.18	52.35	29.12	17.89	32.31	57.14	50.54	49.24	34.41	55.22	39.62	9.22	91.92	17.72	41.18	13.15	51.88	8.49
32	34.53	99.36	17.89	105.39	10.2	103.25	26.31	48.0	92.97	96.54	8.0	90.62	99.36	29.53	41.18	88.77	97.65	110.63	14.42	50.48	84.97	83.26	86.09	62.03	26.08	94.85	75.47	74.4	90.69	95.02	52.95	45.25	0.0	87.36	68.73	10.2	82.22	44.0	48.04	52.95	2.83	72.14	26.0	44.0	70.11	24.33	62.48	65.15	80.01	77.52	92.91	12.65	100.12	59.08	45.49	136.24	55.95	85.6	56.4	96.02	46.04
33	58.31	55.71	92.35	69.08	92.48	51.42	61.35	87.36	83.74	39.29	79.7	78.1	40.79	70.03	65.12	76.58	62.61	48.0	97.32	58.82	69.43	12.81	64.03	26.08	86.02	50.16	59.46	31.24	39.4	24.08	79.12	52.61	87.36	0.0	86.09	97.53	48.41	46.65	42.19	98.08	89.84	44.05	61.61	86.35	31.3	63.25	50.12	22.36	23.35	91.84	61.91	74.73	56.65	32.65	46.01	87.14	35.13	54.41	54.23	60.83	46.04
34	77.79	54.59	55.03	52.0	78.92	62.29	65.97	22.36	28.28	64.28	68.03	28.84	66.12	42.19	33.53	27.78	47.54	74.11	63.91	31.62	29.12	74.24	34.53	66.48	43.68	54.04	30.27	55.46	58.55	74.73	16.0	42.19	68.73	86.09	0.0	72.8	44.41	76.03	76.16	25.61	71.02	43.08	59.67	26.0	93.72	65.51	36.06	70.77	96.9	9.06	42.95	64.03	54.74	81.4	51.31	81.3	56.59	42.0	33.24	47.07	50.48
35	44.18	107.52	18.11	112.8	11.31	111.8	36.5	50.99	98.49	105.6	18.11	96.6	108.41	36.88	48.41	94.83	105.26	119.63	10.2	58.14	91.59	93.23	93.23	72.11	29.12	103.25	82.8	83.76	99.64	104.71	57.58	54.04	10.2	97.53	72.8	0.0	90.51	54.04	58.14	54.0	8.0	80.72	36.06	47.07	80.02	34.53	70.71	75.29	90.05	81.25	100.42	22.8	108.25	69.18	55.07	143.84	65.74	93.51	64.38	103.71	55.57
36	70.88	17.2	77.2	26.31	91.21	21.63	64.4	55.79	35.38	20.0	77.2	29.73	22.09	53.81	42.8	28.28	18.11	31.62	85.28	32.8	21.26	35.61	15.62	40.2	66.57	12.81	14.14	18.97	14.14	31.3	45.12	37.2	82.22	48.41	44.41	90.51	0.0	62.8	60.3	64.78	85.04	10.77	60.03	56.92	67.91	65.3	19.8	42.76	66.31	47.43	15.13	71.61	18.03	59.21	40.31	55.01	35.36	6.32	26.25	16.12	39.4
37	11.66	78.59	54.41	89.11	47.07	79.12	18.44	65.12	89.11	68.88	36.0	84.59	71.55	39.7	43.27	82.61	80.89	82.37	56.57	44.94	76.24	46.69	74.0	26.08	52.84	72.8	64.12	46.82	64.62	61.22	62.13	34.18	44.0	46.65	76.03	54.04	62.8	0.0	4.47	74.97	46.04	52.35	22.36	62.23	26.31	20.4	48.17	26.91	36.01	84.58	77.41	32.25	79.56	15.3	25.71	116.39	27.46	68.47	46.1	78.92	26.68
38	16.12	75.71	57.72	86.58	51.42	75.89	22.09	66.48	87.86	65.39	40.05	83.19	68.03	41.62	44.05	81.22	78.41	78.71	60.3	44.72	74.67	42.52	72.11	22.36	55.46	69.86	62.51	43.68	61.35	57.2	62.8	34.0	48.04	42.19	76.16	58.14	60.3	4.47	0.0	76.58	50.16	50.04	25.3	63.78	22.8	24.08	46.69	22.8	32.02	84.53	75.11	36.06	76.69	11.05	25.08	113.32	25.02	66.12	45.22	76.42	26.0
39	72.8	77.79	36.06	76.94	62.51	84.9	60.0	10.77	53.81	84.59	55.03	54.41	86.83	35.38	34.0	53.25	71.69	96.1	44.05	39.29	53.67	87.86	58.31	74.32	27.2	76.16	51.42	70.46	78.41	92.09	20.0	46.52	52.95	98.08	25.61	54.0	64.78	74.97	76.58	0.0	54.59	60.0	54.04	12.81	97.65	58.82	50.16	78.79	103.45	31.4	66.85	52.8	78.11	84.63	55.07	106.78	64.08	64.03	44.55	70.94	54.59
40	36.22	102.18	18.97	108.17	8.0	106.08	28.64	50.04	95.52	99.36	10.2	93.23	102.18	32.25	43.91	91.39	100.44	113.45	14.14	53.25	87.66	85.91	88.84	64.62	28.0	97.67	78.23	77.2	93.51	97.75	55.32	48.08	2.83	89.84	71.02	8.0	85.04	46.04	50.16	54.59	0.0	74.97	28.64	46.04	72.03	26.68	65.3	67.68	82.05	79.76	95.69	15.23	102.94	61.2	48.26	139.03	58.67	88.41	59.2	98.81	48.83
41	60.17	27.78	68.26	36.88	80.92	31.11	53.67	50.16	41.18	26.0	66.84	35.78	28.64	44.41	34.0	34.0	28.64	39.45	76.03	24.17	26.83	31.62	22.8	31.05	58.14	22.8	15.62	12.81	19.7	32.25	40.0	26.91	72.14	44.05	43.08	80.72	10.77	52.35	50.04	60.0	74.97	0.0	49.4	50.64	59.46	54.59	10.77	34.18	59.17	48.02	25.08	61.22	28.65	49.82	29.55	65.74	25.02	16.12	17.46	26.68	28.64
42	18.87	77.18	32.56	85.09	32.8	80.0	6.32	44.94	78.23	72.14	18.87	74.67	74.97	18.87	26.31	72.69	76.97	86.28	36.06	32.25	67.47	57.27	67.05	36.06	30.53	72.11	56.32	49.52	66.6	69.34	44.27	23.41	26.0	61.61	59.67	36.06	60.03	22.36	25.3	54.04	28.64	49.4	0.0	41.62	48.08	6.0	41.23	39.29	56.72	68.66	72.62	13.42	78.03	35.69	20.52	115.0	30.23	64.4	36.4	75.15	21.26
43	60.46	71.55	29.12	72.8	54.04	78.0	47.71	4.0	53.25	76.16	44.72	52.5	78.59	22.8	21.54	50.99	66.57	88.54	37.95	28.07	49.68	76.66	53.25	62.03	18.11	69.08	44.72	60.0	69.86	82.1	12.81	34.18	44.0	86.35	26.0	47.07	56.92	62.23	63.78	12.81	46.04	50.64	41.62	0.0	84.88	46.65	40.2	66.48	90.82	34.21	61.59	41.76	72.01	71.85	42.49	103.59	51.87	57.27	34.01	65.51	42.05
44	36.06	80.22	80.52	92.78	72.25	78.03	44.72	87.2	100.32	66.12	62.13	95.08	68.26	63.53	64.03	93.23	85.16	77.28	82.87	62.29	86.16	38.47	82.22	28.64	78.0	74.24	74.32	49.03	64.03	53.37	82.07	52.35	70.11	31.3	93.72	80.02	67.91	26.31	22.8	97.65	72.03	59.46	48.08	84.88	0.0	46.69	60.03	25.3	11.18	101.4	82.98	58.55	81.22	13.04	43.19	115.35	37.44	74.22	60.8	83.19	43.86
45	14.14	82.37	34.18	90.62	29.53	84.88	2.0	50.12	84.21	76.58	16.49	80.62	79.4	24.17	32.25	78.64	82.46	90.69	36.22	38.21	73.35	60.03	72.8	38.47	34.06	77.18	62.1	53.81	71.22	72.8	50.0	29.12	24.33	63.25	65.51	34.53	65.3	20.4	24.08	58.82	26.68	54.59	6.0	46.65	46.69	0.0	46.82	41.23	56.08	74.53	78.19	12.0	83.24	35.01	25.24	120.31	33.97	69.86	42.2	80.62	26.08
46	54.33	36.88	57.69	43.86	71.61	41.23	46.17	40.0	41.23	36.77	57.69	36.5	39.4	34.06	23.32	34.53	35.78	50.12	65.6	13.42	28.07	38.63	26.31	31.62	47.41	32.56	16.0	20.4	30.46	42.0	30.27	17.89	62.48	50.12	36.06	70.71	19.8	48.17	46.69	50.16	65.3	10.77	41.23	40.2	60.03	46.82	0.0	35.61	61.72	42.45	31.38	52.15	37.64	48.85	23.09	74.09	22.85	23.32	6.71	34.0	22.09
47	38.21	56.04	70.11	68.12	70.68	54.92	39.4	68.03	75.15	43.68	57.58	69.86	46.17	48.37	44.94	68.03	60.3	56.46	74.97	40.5	60.93	19.8	56.92	4.47	64.28	50.04	49.19	24.08	40.45	34.41	61.06	32.31	65.15	22.36	70.77	75.29	42.76	26.91	22.8	78.79	67.68	34.18	39.29	66.48	25.3	41.23	35.61	0.0	26.17	77.83	57.87	52.5	57.04	17.26	24.52	92.57	14.76	49.03	37.54	58.31	24.74
48	46.53	76.69	89.27	89.74	82.73	73.44	54.08	92.78	100.34	61.29	72.01	94.89	63.13	70.58	69.46	93.15	82.57	71.11	92.27	66.22	85.96	33.24	81.39	30.41	85.73	70.83	74.63	47.42	60.21	47.04	86.61	57.14	80.01	23.35	96.9	90.05	66.31	36.01	32.02	103.45	82.05	59.17	56.72	90.82	11.18	56.08	61.72	26.17	0.0	104.0	80.99	68.07	77.67	21.1	48.37	110.0	40.46	72.62	63.66	80.65	48.88
49	86.68	55.01	63.32	50.22	87.69	63.07	74.95	30.36	23.71	66.71	77.01	25.96	68.25	51.24	42.45	25.5	47.1	75.17	72.12	39.82	29.02	79.61	35.13	73.66	52.17	55.44	33.62	60.75	61.4	78.55	25.02	50.54	77.52	91.84	9.06	81.25	47.43	84.58	84.53	31.4	79.76	48.02	68.66	34.21	101.4	74.53	42.45	77.83	104.0	0.0	43.0	73.06	55.0	89.31	59.54	77.82	64.03	43.93	40.61	47.01	58.67
50	84.93	12.04	85.56	12.53	102.4	20.22	77.49	59.54	24.6	26.63	88.68	19.31	27.29	63.6	52.01	18.68	5.0	32.39	94.11	42.44	14.04	49.24	8.54	55.33	74.28	13.89	17.69	33.96	23.35	41.73	48.88	49.24	92.91	61.91	42.95	100.42	15.13	77.41	75.11	66.85	95.69	25.08	72.62	61.59	82.98	78.19	31.38	57.87	80.99	43.0	0.0	83.24	12.0	74.33	53.85	43.42	50.09	9.0	36.72	4.12	52.89
51	24.17	88.81	23.32	95.77	19.8	92.2	14.0	45.61	85.91	84.9	5.66	82.97	87.73	22.09	32.98	81.04	87.82	99.04	24.33	41.23	76.55	70.68	76.97	49.4	26.08	84.02	66.21	62.48	79.2	82.68	48.04	34.41	12.65	74.73	64.03	22.8	71.61	32.25	36.06	52.8	15.23	61.22	13.42	41.76	58.55	12.0	52.15	52.5	68.07	73.06	83.24	0.0	89.63	47.01	33.42	126.25	43.57	75.47	46.53	86.09	34.06
52	88.26	1.0	94.37	12.53	109.2	8.54	82.3	70.26	35.74	18.03	95.21	30.81	17.69	71.42	60.14	30.41	8.54	20.62	102.65	50.21	26.02	44.64	20.22	55.33	83.41	7.0	27.29	33.24	17.46	34.13	59.51	55.22	100.12	56.65	54.74	108.25	18.03	79.56	76.69	78.11	102.94	28.65	78.03	72.01	81.22	83.24	37.64	57.04	77.67	55.0	12.0	89.63	0.0	74.17	58.14	37.16	52.2	15.0	43.86	8.06	57.25
53	26.57	73.17	68.25	85.01	62.37	72.18	33.02	74.2	89.81	60.88	51.09	84.77	63.32	50.54	51.09	82.86	77.06	73.39	71.18	49.82	75.96	35.36	72.57	19.03	65.19	67.19	63.89	41.01	57.71	50.54	69.3	39.62	59.08	32.65	81.4	69.18	59.21	15.3	11.05	84.63	61.2	49.82	35.69	71.85	13.04	35.01	48.85	17.26	21.1	89.31	74.33	47.01	74.17	0.0	30.41	109.84	26.0	65.38	48.88	75.06	31.14
54	31.26	57.25	46.87	66.1	53.15	59.64	24.19	44.42	63.51	51.62	39.05	59.14	54.45	24.02	21.1	57.14	57.87	65.76	52.81	19.72	51.0	39.05	49.37	20.22	40.01	51.97	39.05	29.07	46.1	49.65	38.9	9.22	45.49	46.01	51.31	55.07	40.31	25.71	25.08	55.07	48.26	29.55	20.52	42.49	43.19	25.24	23.09	24.52	48.37	59.54	53.85	33.42	58.14	30.41	0.0	95.27	11.18	45.22	20.4	55.97	1.0
55	125.36	38.08	128.82	31.14	145.61	37.66	119.41	101.04	54.13	49.25	131.76	52.48	47.1	107.0	95.43	53.54	38.6	39.32	137.44	85.8	53.91	77.06	50.93	91.44	117.41	43.66	61.07	69.64	52.17	63.07	90.79	91.92	136.24	87.14	81.3	143.84	55.01	116.39	113.32	106.78	139.03	65.74	115.0	103.59	115.35	120.31	74.09	92.57	110.0	77.82	43.42	126.25	37.16	109.84	95.27	0.0	89.2	50.77	79.88	40.22	94.37
56	36.25	51.24	58.05	61.66	63.01	52.33	32.53	53.31	63.89	43.01	49.09	58.94	45.8	35.01	30.36	57.01	53.46	57.01	63.89	25.81	50.22	27.89	47.27	10.3	51.01	45.54	38.08	20.25	38.08	39.12	46.32	17.72	55.95	35.13	56.59	65.74	35.36	27.46	25.02	64.08	58.67	25.02	30.23	51.87	37.44	33.97	22.85	14.76	40.46	64.03	50.09	43.57	52.2	26.0	11.18	89.2	0.0	41.11	23.43	51.48	11.05
57	76.16	14.42	79.4	20.88	94.87	20.88	69.08	55.71	29.73	22.8	80.99	24.08	24.33	56.64	45.25	22.8	12.65	32.25	87.73	35.38	16.12	41.62	10.0	46.39	68.41	12.17	12.65	25.3	17.89	36.06	44.94	41.18	85.6	54.41	42.0	93.51	6.32	68.47	66.12	64.03	88.41	16.12	64.4	57.27	74.22	69.86	23.32	49.03	72.62	43.93	9.0	75.47	15.0	65.38	45.22	50.77	41.11	0.0	29.21	10.77	44.27
58	51.0	43.14	51.04	49.24	65.73	47.8	41.77	34.13	43.19	43.46	51.97	39.0	46.1	27.59	16.64	37.0	41.34	56.82	59.03	6.71	31.26	43.42	30.68	33.24	40.71	39.05	19.92	26.02	37.16	48.09	25.0	13.15	56.4	54.23	33.24	64.38	26.25	46.1	45.22	44.55	59.2	17.46	36.4	34.01	60.8	42.2	6.71	37.54	63.66	40.61	36.72	46.53	43.86	48.88	20.4	79.88	23.43	29.21	0.0	39.66	19.42
59	86.83	8.25	89.11	10.2	105.39	16.49	79.85	63.53	27.86	24.08	91.59	22.8	24.41	66.84	55.32	22.36	2.0	28.64	97.59	45.61	18.11	48.33	12.65	56.04	77.9	11.31	21.26	34.23	21.63	39.7	52.84	51.88	96.02	60.83	47.07	103.71	16.12	78.92	76.42	70.94	98.81	26.68	75.15	65.51	83.19	80.62	34.0	58.31	80.65	47.01	4.12	86.09	8.06	75.06	55.97	40.22	51.48	10.77	39.66	0.0	55.03
60	32.25	56.36	47.07	65.15	53.81	58.82	25.06	43.91	62.51	50.91	39.7	58.14	53.74	24.0	20.59	56.14	56.92	65.05	53.14	18.87	50.0	38.83	48.37	20.4	40.0	51.11	38.05	28.43	45.34	49.19	38.21	8.49	46.04	46.04	50.48	55.57	39.4	26.68	26.0	54.59	48.83	28.64	21.26	42.05	43.86	26.08	22.09	24.74	48.88	58.67	52.89	34.06	57.25	31.14	1.0	94.37	11.05	44.27	19.42	55.03	0.0
;
