set K:= 1	2	3	4	5	6	7;
set C_H:= 1	2	3	4	5	6	7	8	9	10	11	12	13	14	15	16	17	18	19;
set C_S:= 20	21	22	23	24	25	26	27	28	29	30	31	32	33;
set C_F:= 34	35	36	37	38	39	40	41	42	43	44	45	46	47;
set M:= 48	49	50	51;
set L_B:= 52	53;
set A1:=
(0,*) 1 2 3 4 5 6 7 8 9 10 11 12 13 14 15 16 17 18 19 34 35 36 37 38 39 40 41 42 43 44 45 46 47 48 49 50 51 52 53
(1,*) 0 2 3 4 5 6 7 8 9 10 11 12 13 14 15 16 17 18 19 34 35 36 37 38 39 40 41 42 43 44 45 46 47 48 49 50 51 52 53
(2,*) 0 1 3 4 5 6 7 8 9 10 11 12 13 14 15 16 17 18 19 34 35 36 37 38 39 40 41 42 43 44 45 46 47 48 49 50 51 52 53
(3,*) 0 1 2 4 5 6 7 8 9 10 11 12 13 14 15 16 17 18 19 34 35 36 37 38 39 40 41 42 43 44 45 46 47 48 49 50 51 52 53
(4,*) 0 1 2 3 5 6 7 8 9 10 11 12 13 14 15 16 17 18 19 34 35 36 37 38 39 40 41 42 43 44 45 46 47 48 49 50 51 52 53
(5,*) 0 1 2 3 4 6 7 8 9 10 11 12 13 14 15 16 17 18 19 34 35 36 37 38 39 40 41 42 43 44 45 46 47 48 49 50 51 52 53
(6,*) 0 1 2 3 4 5 7 8 9 10 11 12 13 14 15 16 17 18 19 34 35 36 37 38 39 40 41 42 43 44 45 46 47 48 49 50 51 52 53
(7,*) 0 1 2 3 4 5 6 8 9 10 11 12 13 14 15 16 17 18 19 34 35 36 37 38 39 40 41 42 43 44 45 46 47 48 49 50 51 52 53
(8,*) 0 1 2 3 4 5 6 7 9 10 11 12 13 14 15 16 17 18 19 34 35 36 37 38 39 40 41 42 43 44 45 46 47 48 49 50 51 52 53
(9,*) 0 1 2 3 4 5 6 7 8 10 11 12 13 14 15 16 17 18 19 34 35 36 37 38 39 40 41 42 43 44 45 46 47 48 49 50 51 52 53
(10,*) 0 1 2 3 4 5 6 7 8 9 11 12 13 14 15 16 17 18 19 34 35 36 37 38 39 40 41 42 43 44 45 46 47 48 49 50 51 52 53
(11,*) 0 1 2 3 4 5 6 7 8 9 10 12 13 14 15 16 17 18 19 34 35 36 37 38 39 40 41 42 43 44 45 46 47 48 49 50 51 52 53
(12,*) 0 1 2 3 4 5 6 7 8 9 10 11 13 14 15 16 17 18 19 34 35 36 37 38 39 40 41 42 43 44 45 46 47 48 49 50 51 52 53
(13,*) 0 1 2 3 4 5 6 7 8 9 10 11 12 14 15 16 17 18 19 34 35 36 37 38 39 40 41 42 43 44 45 46 47 48 49 50 51 52 53
(14,*) 0 1 2 3 4 5 6 7 8 9 10 11 12 13 15 16 17 18 19 34 35 36 37 38 39 40 41 42 43 44 45 46 47 48 49 50 51 52 53
(15,*) 0 1 2 3 4 5 6 7 8 9 10 11 12 13 14 16 17 18 19 34 35 36 37 38 39 40 41 42 43 44 45 46 47 48 49 50 51 52 53
(16,*) 0 1 2 3 4 5 6 7 8 9 10 11 12 13 14 15 17 18 19 34 35 36 37 38 39 40 41 42 43 44 45 46 47 48 49 50 51 52 53
(17,*) 0 1 2 3 4 5 6 7 8 9 10 11 12 13 14 15 16 18 19 34 35 36 37 38 39 40 41 42 43 44 45 46 47 48 49 50 51 52 53
(18,*) 0 1 2 3 4 5 6 7 8 9 10 11 12 13 14 15 16 17 19 34 35 36 37 38 39 40 41 42 43 44 45 46 47 48 49 50 51 52 53
(19,*) 0 1 2 3 4 5 6 7 8 9 10 11 12 13 14 15 16 17 18 34 35 36 37 38 39 40 41 42 43 44 45 46 47 48 49 50 51 52 53
(34,*) 0 1 2 3 4 5 6 7 8 9 10 11 12 13 14 15 16 17 18 19 35 36 37 38 39 40 41 42 43 44 45 46 47 48 49 50 51 52 53
(35,*) 0 1 2 3 4 5 6 7 8 9 10 11 12 13 14 15 16 17 18 19 34 36 37 38 39 40 41 42 43 44 45 46 47 48 49 50 51 52 53
(36,*) 0 1 2 3 4 5 6 7 8 9 10 11 12 13 14 15 16 17 18 19 34 35 37 38 39 40 41 42 43 44 45 46 47 48 49 50 51 52 53
(37,*) 0 1 2 3 4 5 6 7 8 9 10 11 12 13 14 15 16 17 18 19 34 35 36 38 39 40 41 42 43 44 45 46 47 48 49 50 51 52 53
(38,*) 0 1 2 3 4 5 6 7 8 9 10 11 12 13 14 15 16 17 18 19 34 35 36 37 39 40 41 42 43 44 45 46 47 48 49 50 51 52 53
(39,*) 0 1 2 3 4 5 6 7 8 9 10 11 12 13 14 15 16 17 18 19 34 35 36 37 38 40 41 42 43 44 45 46 47 48 49 50 51 52 53
(40,*) 0 1 2 3 4 5 6 7 8 9 10 11 12 13 14 15 16 17 18 19 34 35 36 37 38 39 41 42 43 44 45 46 47 48 49 50 51 52 53
(41,*) 0 1 2 3 4 5 6 7 8 9 10 11 12 13 14 15 16 17 18 19 34 35 36 37 38 39 40 42 43 44 45 46 47 48 49 50 51 52 53
(42,*) 0 1 2 3 4 5 6 7 8 9 10 11 12 13 14 15 16 17 18 19 34 35 36 37 38 39 40 41 43 44 45 46 47 48 49 50 51 52 53
(43,*) 0 1 2 3 4 5 6 7 8 9 10 11 12 13 14 15 16 17 18 19 34 35 36 37 38 39 40 41 42 44 45 46 47 48 49 50 51 52 53
(44,*) 0 1 2 3 4 5 6 7 8 9 10 11 12 13 14 15 16 17 18 19 34 35 36 37 38 39 40 41 42 43 45 46 47 48 49 50 51 52 53
(45,*) 0 1 2 3 4 5 6 7 8 9 10 11 12 13 14 15 16 17 18 19 34 35 36 37 38 39 40 41 42 43 44 46 47 48 49 50 51 52 53
(46,*) 0 1 2 3 4 5 6 7 8 9 10 11 12 13 14 15 16 17 18 19 34 35 36 37 38 39 40 41 42 43 44 45 47 48 49 50 51 52 53
(47,*) 0 1 2 3 4 5 6 7 8 9 10 11 12 13 14 15 16 17 18 19 34 35 36 37 38 39 40 41 42 43 44 45 46 48 49 50 51 52 53
(48,*) 0 1 2 3 4 5 6 7 8 9 10 11 12 13 14 15 16 17 18 19 34 35 36 37 38 39 40 41 42 43 44 45 46 47 50 51 52 53
(49,*) 0 1 2 3 4 5 6 7 8 9 10 11 12 13 14 15 16 17 18 19 34 35 36 37 38 39 40 41 42 43 44 45 46 47 50 51 52 53
(50,*) 0 1 2 3 4 5 6 7 8 9 10 11 12 13 14 15 16 17 18 19 34 35 36 37 38 39 40 41 42 43 44 45 46 47 48 49 52 53
(51,*) 0 1 2 3 4 5 6 7 8 9 10 11 12 13 14 15 16 17 18 19 34 35 36 37 38 39 40 41 42 43 44 45 46 47 48 49 52 53
(52,*) 0 1 2 3 4 5 6 7 8 9 10 11 12 13 14 15 16 17 18 19 34 35 36 37 38 39 40 41 42 43 44 45 46 47 48 49 50 51 53
(53,*) 0 1 2 3 4 5 6 7 8 9 10 11 12 13 14 15 16 17 18 19 34 35 36 37 38 39 40 41 42 43 44 45 46 47 48 49 50 51 52
;
set A2:=
(48,*) 49
(49,*) 48
(50,*) 51
(51,*) 50
;
param BigM:=99999;
param n:= 7;
param d:=
1	20
2	5
3	2
4	22
5	11
6	18
7	24
8	15
9	23
10	16
11	9
12	10
13	3
14	13
15	23
16	16
17	4
18	16
19	18
20	11
21	22
22	25
23	18
24	10
25	14
26	9
27	5
28	12
29	12
30	2
31	8
32	9
33	14
34	14
35	26
36	14
37	8
38	8
39	16
40	15
41	2
42	20
43	3
44	25
45	13
46	7
47	16
;
param Q:=100
param w:=
[48,*] 49 5
[49,*] 48 5
[50,*] 51 5
[51,*] 50 5
;
param V:=
[48,*] 49 375
[49,*] 48 375
[50,*] 51 375
[51,*] 50 375
;
param f:=
48	100
49	100
50	100
51	100
52	100
53	100
;
param e:
	48	49	50	51	52	53:=
20	0	1	0	0	1	0	
21	1	0	0	0	0	0	
22	1	0	0	0	0	0	
23	0	1	0	0	0	0	
24	0	1	0	0	0	0	
25	0	1	0	0	0	0	
26	0	1	0	0	0	0	
27	1	0	0	0	0	0	
28	1	0	0	0	0	0	
29	0	1	0	1	0	0	
30	0	1	0	0	1	0	
31	0	0	0	1	0	1	
32	0	0	0	0	1	1	
33	0	0	1	0	0	0	
34	0	0	1	0	1	0	
35	0	0	1	0	1	0	
36	0	1	0	1	0	0	
37	0	1	0	0	1	0	
38	0	1	0	0	1	0	
39	0	0	0	1	0	1	
40	0	1	0	0	1	1	
41	1	0	0	0	0	1	
42	0	1	0	0	1	0	
43	0	1	0	0	1	1	
44	0	0	0	0	0	1	
45	1	0	0	0	0	1	
46	1	0	0	0	0	1	
47	0	0	1	0	1	0	
;
param r:
	48	49	50	51:=
48	0	1	0	0	
49	1	0	0	0	
50	0	0	0	1	
51	0	0	1	0	
;
param p:=
1	1
2	1
3	1
4	1
5	1
6	1
7	1
;
param G:=
48	375
49	375
50	375
51	375
52	93
53	93
;
param s:=
0	0
1	15
2	15
3	15
4	15
5	15
6	15
7	15
8	15
9	15
10	15
11	15
12	15
13	15
14	15
15	15
16	15
17	15
18	15
19	15
34	15
35	15
36	15
37	15
38	15
39	15
40	15
41	15
42	15
43	15
44	15
45	15
46	15
47	15
48	30
49	30
50	30
51	30
52	15
53	15
;
param t:
	0	1	2	3	4	5	6	7	8	9	10	11	12	13	14	15	16	17	18	19	20	21	22	23	24	25	26	27	28	29	30	31	32	33	34	35	36	37	38	39	40	41	42	43	44	45	46	47	48	49	50	51	52	53:=
0	0.0	48.08	77.79	48.37	36.22	11.66	80.62	36.88	16.12	12.81	63.81	56.36	81.63	37.74	18.87	62.77	88.0	88.77	54.33	92.65	87.32	44.18	47.41	82.1	70.88	97.02	88.57	48.17	26.68	90.0	74.24	60.46	38.05	36.06	58.31	58.0	94.09	78.89	81.71	72.8	70.26	36.22	72.25	60.17	44.27	34.53	14.14	38.21	38.94	93.32	34.8	94.94	63.51	39.4
1	48.08	0.0	63.91	52.5	20.59	56.57	86.56	71.39	60.3	38.21	41.76	80.5	104.31	31.62	36.06	49.19	87.13	99.04	65.6	115.38	101.98	10.2	8.94	84.4	85.28	106.3	106.83	20.59	21.54	88.84	95.41	37.95	50.12	82.87	97.32	91.76	90.35	101.55	98.08	44.05	76.42	14.14	102.16	76.03	42.52	14.42	36.22	74.97	12.86	108.54	81.34	73.01	89.9	37.2
2	77.79	63.91	0.0	31.62	78.92	76.03	34.53	66.48	76.16	65.97	22.36	55.46	66.12	42.19	59.67	16.0	27.78	47.54	36.06	74.11	54.59	72.8	55.03	29.12	44.41	52.0	62.29	43.68	68.03	28.84	58.55	26.0	42.19	93.72	86.09	74.24	28.28	64.28	54.04	25.61	30.27	71.02	74.73	43.08	33.53	68.73	65.51	70.77	72.18	59.99	91.82	19.47	62.63	38.83
3	48.37	52.5	31.62	0.0	60.03	44.94	35.78	36.06	44.72	38.05	28.64	32.06	52.8	21.26	32.25	20.59	40.45	47.2	13.42	63.53	49.52	58.14	44.41	35.44	32.8	54.92	54.41	34.0	46.52	42.43	43.86	28.07	10.77	62.29	58.82	48.66	46.04	50.16	45.61	39.29	25.06	53.25	54.33	24.17	10.0	50.48	38.21	40.5	55.4	56.08	60.38	50.69	41.3	15.62
4	36.22	20.59	78.92	60.03	0.0	47.07	95.77	68.0	51.42	31.3	58.03	82.22	107.52	39.4	32.8	63.15	98.79	107.07	71.61	118.83	108.41	11.31	26.68	94.85	91.21	114.91	111.95	36.0	14.14	100.66	98.99	54.04	54.04	72.25	92.48	89.55	103.09	104.69	103.71	62.51	85.09	8.0	102.08	80.92	50.99	10.2	29.53	70.68	7.87	114.92	71.02	90.69	91.05	44.72
5	11.66	56.57	76.03	44.94	47.07	0.0	74.0	26.08	4.47	18.44	65.12	46.82	71.55	39.7	22.36	62.13	82.61	80.89	48.17	82.37	78.59	54.04	54.41	76.24	62.8	89.11	79.12	52.84	36.0	84.59	64.62	62.23	34.18	26.31	46.65	46.69	89.11	68.88	72.8	74.97	64.12	46.04	61.22	52.35	43.27	44.0	20.4	26.91	48.87	84.33	24.78	94.26	53.24	39.7
6	80.62	86.56	34.53	35.78	95.77	74.0	0.0	53.85	72.11	72.28	51.11	34.0	33.53	56.6	67.05	40.5	12.81	13.42	26.31	40.05	20.1	93.23	77.9	6.32	15.62	19.8	28.0	66.48	82.29	14.14	27.78	53.25	43.68	82.22	64.03	51.22	19.8	32.31	20.4	58.31	10.77	88.84	46.04	22.8	44.94	86.09	72.8	56.92	90.87	25.52	80.51	49.25	36.8	51.11
7	36.88	71.39	66.48	36.06	68.0	26.08	53.85	0.0	22.36	36.72	63.56	22.09	45.69	44.18	36.06	56.6	64.62	58.03	31.62	56.36	54.33	72.11	66.27	57.58	40.2	66.0	53.85	60.13	54.63	66.48	39.29	62.03	27.86	28.64	26.08	21.63	71.69	43.08	48.37	74.32	45.69	64.62	35.38	31.05	40.5	62.03	38.47	4.47	67.46	59.61	26.85	85.93	27.31	40.79
8	16.12	60.3	76.16	44.72	51.42	4.47	72.11	22.36	0.0	22.09	66.48	43.68	68.03	41.62	25.3	62.8	81.22	78.41	46.69	78.71	75.71	58.14	57.72	74.67	60.3	86.58	75.89	55.46	40.05	83.19	61.35	63.78	34.0	22.8	42.19	42.52	87.86	65.39	69.86	76.58	62.51	50.16	57.2	50.04	44.05	48.04	24.08	22.8	53.0	81.31	21.16	94.73	49.66	41.04
9	12.81	38.21	65.97	38.05	31.3	18.44	72.28	36.72	22.09	0.0	51.11	52.5	78.1	25.06	6.32	50.6	78.41	81.71	46.17	89.38	81.41	36.5	36.06	72.99	64.4	89.89	83.76	35.61	18.44	80.4	70.0	47.71	28.64	44.72	61.35	58.31	84.1	75.29	76.16	60.0	61.61	28.64	71.22	53.67	32.56	26.31	2.0	39.4	31.51	87.71	43.16	82.61	60.81	27.2
10	63.81	41.76	22.36	28.64	58.03	65.12	51.11	63.56	66.48	51.11	0.0	60.13	77.67	26.08	44.94	10.77	48.08	64.5	40.0	87.36	69.86	50.99	32.98	47.2	55.79	70.46	76.55	22.09	48.66	49.52	69.05	4.0	35.78	87.2	87.36	77.28	50.0	75.31	67.68	10.77	43.08	50.04	82.0	50.16	23.32	48.0	50.12	68.03	50.88	76.01	85.3	33.0	69.01	25.46
11	56.36	80.5	55.46	32.06	82.22	46.82	34.0	22.09	43.68	52.5	60.13	0.0	25.61	49.4	49.52	50.64	46.04	36.22	20.4	36.88	32.25	83.76	73.54	38.83	18.97	44.05	32.31	64.56	68.12	47.71	17.89	60.0	30.46	49.03	31.24	18.87	53.25	22.8	26.31	70.46	28.28	77.2	22.36	12.81	40.79	74.4	53.81	24.08	79.85	37.65	47.44	74.45	9.49	44.27
12	81.63	104.31	66.12	52.8	107.52	71.55	33.53	45.69	68.03	78.1	77.67	25.61	0.0	72.72	74.97	67.08	45.69	25.61	39.4	11.31	16.97	108.41	96.75	39.85	22.09	30.0	10.77	86.76	93.38	46.52	8.94	78.59	54.41	68.26	40.79	30.0	51.88	2.83	13.42	86.83	36.0	102.18	17.09	28.64	62.61	99.36	79.4	46.17	104.74	18.2	67.06	82.5	18.38	67.23
13	37.74	31.62	42.19	21.26	39.4	39.7	56.6	44.18	41.62	25.06	26.08	49.4	72.72	0.0	18.87	26.31	59.46	68.41	34.06	83.76	70.71	36.88	24.17	55.46	53.81	76.03	75.29	16.0	26.68	61.35	63.81	22.8	18.97	63.53	70.03	62.51	64.03	69.97	66.6	35.38	46.04	32.25	71.47	44.41	11.66	29.53	24.17	48.37	34.27	77.28	61.7	57.79	58.87	5.66
14	18.87	36.06	59.67	32.25	32.8	22.36	67.05	36.06	25.3	6.32	44.94	49.52	74.97	18.87	0.0	44.27	72.69	76.97	41.23	86.28	77.18	36.06	32.56	67.47	60.03	85.09	80.0	30.53	18.87	74.67	66.6	41.62	23.41	48.08	61.61	57.27	78.23	72.14	72.11	54.04	56.32	28.64	69.34	49.4	26.31	26.0	6.0	39.29	31.46	83.57	46.4	76.29	58.26	20.88
15	62.77	49.19	16.0	20.59	63.15	62.13	40.5	56.6	62.8	50.6	10.77	50.64	67.08	26.31	44.27	0.0	38.42	53.85	30.27	76.66	59.09	57.58	40.25	36.88	45.12	60.0	65.79	28.64	52.04	40.0	58.55	12.81	29.73	82.07	79.12	68.41	41.18	64.78	56.92	20.0	32.31	55.32	72.11	40.0	18.87	52.95	50.0	61.06	56.62	65.26	80.16	32.25	59.21	23.41
16	88.0	87.13	27.78	40.45	98.79	82.61	12.81	64.62	81.22	78.41	48.08	46.04	45.69	59.46	72.69	38.42	0.0	22.09	34.53	50.99	30.59	94.83	78.23	7.21	28.28	24.74	38.83	66.57	86.02	2.0	40.5	50.99	50.04	93.23	76.58	63.78	7.21	44.72	32.31	53.25	18.97	91.39	58.82	34.0	48.08	88.77	78.64	68.03	93.12	34.67	91.46	38.82	49.5	54.41
17	88.77	99.04	47.54	47.2	107.07	80.89	13.42	58.03	78.41	81.71	64.5	36.22	25.61	68.41	76.97	53.85	22.09	0.0	35.78	29.12	8.94	105.26	90.51	18.44	18.11	8.25	17.09	79.25	93.3	22.36	23.32	66.57	53.67	85.16	62.61	50.16	27.2	25.46	12.81	71.69	22.63	100.44	41.23	28.64	56.85	97.65	82.46	60.3	102.6	12.66	83.61	60.8	35.47	62.8
18	54.33	65.6	36.06	13.42	71.61	48.17	26.31	31.62	46.69	46.17	40.0	20.4	39.4	34.06	41.23	30.27	34.53	35.78	0.0	50.12	36.88	70.71	57.69	28.07	19.8	43.86	41.23	47.41	57.69	36.5	30.46	40.2	17.89	60.03	50.12	38.63	41.23	36.77	32.56	50.16	16.0	65.3	42.0	10.77	23.32	62.48	46.82	35.61	67.62	43.43	58.19	55.44	29.02	28.43
19	92.65	115.38	74.11	63.53	118.83	82.37	40.05	56.36	78.71	89.38	87.36	36.88	11.31	83.76	86.28	76.66	50.99	29.12	50.12	0.0	20.4	119.63	107.7	46.17	31.62	30.53	12.17	97.53	104.69	51.42	20.0	88.54	65.6	77.28	48.0	38.83	56.32	14.14	20.1	96.1	44.72	113.45	24.08	39.45	73.43	110.63	90.69	56.46	116.01	17.63	76.21	89.22	29.15	78.23
20	87.32	101.98	54.59	49.52	108.41	78.59	20.1	54.33	75.71	81.41	69.86	32.25	16.97	70.71	77.18	59.09	30.59	8.94	36.88	20.4	0.0	107.52	93.72	26.0	17.2	13.42	8.25	82.8	94.4	31.05	16.49	71.55	54.41	80.22	55.71	43.68	36.06	17.2	6.0	77.79	26.83	102.18	33.29	27.78	59.46	99.36	82.37	56.04	104.5	6.57	78.79	68.96	29.43	65.05
21	44.18	10.2	72.8	58.14	11.31	54.04	93.23	72.11	58.14	36.5	50.99	83.76	108.41	36.88	36.06	57.58	94.83	105.26	70.71	119.63	107.52	0.0	18.11	91.59	90.51	112.8	111.8	29.12	18.11	96.6	99.64	47.07	54.04	80.02	97.53	93.23	98.49	105.6	103.25	54.0	82.8	8.0	104.71	80.72	48.41	10.2	34.53	75.29	5.24	114.08	78.64	82.81	92.96	42.52
22	47.41	8.94	55.03	44.41	26.68	54.41	77.9	66.27	57.72	36.06	32.98	73.54	96.75	24.17	32.56	40.25	78.23	90.51	57.69	107.7	93.72	18.11	0.0	75.6	77.2	97.67	98.81	11.66	22.63	79.92	87.82	29.12	43.08	80.52	92.35	85.91	81.41	94.02	90.0	36.06	67.88	18.97	95.52	68.26	34.41	17.89	34.18	70.11	18.92	100.27	78.88	64.73	83.01	29.53
23	82.1	84.4	29.12	35.44	94.85	76.24	6.32	57.58	74.67	72.99	47.2	38.83	39.85	55.46	67.47	36.88	7.21	18.44	28.07	46.17	26.0	91.59	75.6	0.0	21.26	23.32	34.06	64.03	81.71	8.94	34.0	49.68	44.41	86.16	69.43	56.64	14.42	38.63	26.68	53.67	12.17	87.66	52.15	26.83	43.86	84.97	73.35	60.93	89.54	30.99	84.41	43.05	42.45	50.16
24	70.88	85.28	44.41	32.8	91.21	62.8	15.62	40.2	60.3	64.4	55.79	18.97	22.09	53.81	60.03	45.12	28.28	18.11	19.8	31.62	17.2	90.51	77.2	21.26	0.0	26.31	21.63	66.57	77.2	29.73	14.14	56.92	37.2	67.91	48.41	35.61	35.38	20.0	12.81	64.78	14.14	85.04	31.3	10.77	42.8	82.22	65.3	42.76	87.39	23.71	66.29	61.69	21.21	48.17
25	97.02	106.3	52.0	54.92	114.91	89.11	19.8	66.0	86.58	89.89	70.46	44.05	30.0	76.03	85.09	60.0	24.74	8.25	43.86	30.53	13.42	112.8	97.67	23.32	26.31	0.0	19.8	86.28	101.21	24.33	29.73	72.8	61.74	92.78	69.08	56.92	28.0	30.53	18.97	76.94	30.0	108.17	46.65	36.88	64.4	105.39	90.62	68.12	110.28	12.93	91.27	63.23	42.45	70.46
26	88.57	106.83	62.29	54.41	111.95	79.12	28.0	53.85	75.89	83.76	76.55	32.31	10.77	75.29	80.0	65.79	38.83	17.09	41.23	12.17	8.25	111.8	98.81	34.06	21.63	19.8	0.0	88.2	97.84	39.29	14.56	78.0	58.0	78.03	51.42	40.2	44.27	12.17	8.94	84.9	33.53	106.08	27.86	31.11	64.4	103.25	84.88	54.92	108.51	7.45	76.72	77.09	27.17	69.66
27	48.17	20.59	43.68	34.0	36.0	52.84	66.48	60.13	55.46	35.61	22.09	64.56	86.76	16.0	30.53	28.64	66.57	79.25	47.41	97.53	82.8	29.12	11.66	64.03	66.57	86.28	88.2	0.0	27.86	68.26	77.82	18.11	34.53	78.0	86.02	78.41	69.77	84.1	79.32	27.2	56.64	28.0	86.83	58.14	24.17	26.08	34.06	64.28	28.79	89.31	76.23	54.72	74.04	20.4
28	26.68	21.54	68.03	46.52	14.14	36.0	82.29	54.63	40.05	18.44	48.66	68.12	93.38	26.68	18.87	52.04	86.02	93.3	57.69	104.69	94.4	18.11	22.63	81.71	77.2	101.21	97.84	27.86	0.0	87.93	84.85	44.72	40.0	62.13	79.7	76.03	90.71	90.55	89.64	55.03	71.55	10.2	88.2	66.84	37.95	8.0	16.49	57.58	13.07	100.9	60.7	81.66	77.01	31.62
29	90.0	88.84	28.84	42.43	100.66	84.59	14.14	66.48	83.19	80.4	49.52	47.71	46.52	61.35	74.67	40.0	2.0	22.36	36.5	51.42	31.05	96.6	79.92	8.94	29.73	24.33	39.29	68.26	87.93	0.0	41.62	52.5	52.04	95.08	78.1	65.3	5.66	45.65	33.11	54.41	20.88	93.23	60.0	35.78	50.0	90.62	80.62	69.86	94.94	34.8	93.32	38.94	50.93	56.32
30	74.24	95.41	58.55	43.86	98.99	64.62	27.78	39.29	61.35	70.0	69.05	17.89	8.94	63.81	66.6	58.55	40.5	23.32	30.46	20.0	16.49	99.64	87.82	34.0	14.14	29.73	14.56	77.82	84.85	41.62	0.0	69.86	45.61	64.03	39.4	27.2	47.2	6.32	10.77	78.41	28.28	93.51	18.44	19.7	53.67	90.69	71.22	40.45	96.05	20.66	62.65	75.67	13.04	58.31
31	60.46	37.95	26.0	28.07	54.04	62.23	53.25	62.03	63.78	47.71	4.0	60.0	78.59	22.8	41.62	12.81	50.99	66.57	40.2	88.54	71.55	47.07	29.12	49.68	56.92	72.8	78.0	18.11	44.72	52.5	69.86	0.0	34.18	84.88	86.35	76.66	53.25	76.16	69.08	12.81	44.72	46.04	82.1	50.64	21.54	44.0	46.65	66.48	46.9	77.81	82.99	36.96	69.07	22.8
32	38.05	50.12	42.19	10.77	54.04	34.18	43.68	27.86	34.0	28.64	35.78	30.46	54.41	18.97	23.41	29.73	50.04	53.67	17.89	65.6	54.41	54.04	43.08	44.41	37.2	61.74	58.0	34.53	40.0	52.04	45.61	34.18	0.0	52.35	52.61	44.05	56.04	51.61	49.68	46.52	32.98	48.08	52.5	26.91	12.65	45.25	29.12	32.31	50.55	60.9	50.43	61.0	39.92	14.14
33	36.06	82.87	93.72	62.29	72.25	26.31	82.22	28.64	22.8	44.72	87.2	49.03	68.26	63.53	48.08	82.07	93.23	85.16	60.03	77.28	80.22	80.02	80.52	86.16	67.91	92.78	78.03	78.0	62.13	95.08	64.03	84.88	52.35	0.0	31.3	38.47	100.32	66.12	74.24	97.65	74.32	72.03	53.37	59.46	64.03	70.11	46.69	25.3	74.81	84.66	1.92	112.96	51.01	62.13
34	58.31	97.32	86.09	58.82	92.48	46.65	64.03	26.08	42.19	61.35	87.36	31.24	40.79	70.03	61.61	79.12	76.58	62.61	50.12	48.0	55.71	97.53	92.35	69.43	48.41	69.08	51.42	86.02	79.7	78.1	39.4	86.35	52.61	31.3	0.0	12.81	83.74	39.29	50.16	98.08	59.46	89.84	24.08	44.05	65.12	87.36	63.25	22.36	92.71	58.7	30.76	105.33	27.46	66.27
35	58.0	91.76	74.24	48.66	89.55	46.69	51.22	21.63	42.52	58.31	77.28	18.87	30.0	62.51	57.27	68.41	63.78	50.16	38.63	38.83	43.68	93.23	85.91	56.64	35.61	56.92	40.2	78.41	76.03	65.3	27.2	76.66	44.05	38.47	12.81	0.0	70.94	28.07	37.95	87.86	46.86	85.91	15.23	31.62	56.04	83.26	60.03	19.8	88.72	47.23	37.38	93.3	14.76	58.14
36	94.09	90.35	28.28	46.04	103.09	89.11	19.8	71.69	87.86	84.1	50.0	53.25	51.88	64.03	78.23	41.18	7.21	27.2	41.23	56.32	36.06	98.49	81.41	14.42	35.38	28.0	44.27	69.77	90.71	5.66	47.2	53.25	56.04	100.32	83.74	70.94	0.0	51.11	38.47	53.81	26.0	95.52	65.6	41.18	52.95	92.97	84.21	75.15	97.1	39.33	98.54	35.57	56.59	59.23
37	78.89	101.55	64.28	50.16	104.69	68.88	32.31	43.08	65.39	75.29	75.31	22.8	2.83	69.97	72.14	64.78	44.72	25.46	36.77	14.14	17.2	105.6	94.02	38.63	20.0	30.53	12.17	84.1	90.55	45.65	6.32	76.16	51.61	66.12	39.29	28.07	51.11	0.0	12.81	84.59	34.06	99.36	16.12	26.0	59.93	96.54	76.58	43.68	101.93	19.4	64.87	80.98	15.81	64.5
38	81.71	98.08	54.04	45.61	103.71	72.8	20.4	48.37	69.86	76.16	67.68	26.31	13.42	66.6	72.11	56.92	32.31	12.81	32.56	20.1	6.0	103.25	90.0	26.68	12.81	18.97	8.94	79.32	89.64	33.11	10.77	69.08	49.68	74.24	50.16	37.95	38.47	12.81	0.0	76.16	24.74	97.67	28.43	22.8	55.61	94.85	77.18	50.04	100.06	11.62	72.8	69.62	23.54	60.96
39	72.8	44.05	25.61	39.29	62.51	74.97	58.31	74.32	76.58	60.0	10.77	70.46	86.83	35.38	54.04	20.0	53.25	71.69	50.16	96.1	77.79	54.0	36.06	53.67	64.78	76.94	84.9	27.2	55.03	54.41	78.41	12.81	46.52	97.65	98.08	87.86	53.81	84.59	76.16	0.0	51.42	54.59	92.09	60.0	34.0	52.95	58.82	78.79	54.9	83.7	95.76	29.12	79.16	35.61
40	70.26	76.42	30.27	25.06	85.09	64.12	10.77	45.69	62.51	61.61	43.08	28.28	36.0	46.04	56.32	32.31	18.97	22.63	16.0	44.72	26.83	82.8	67.88	12.17	14.14	30.0	33.53	56.64	71.55	20.88	28.28	44.72	32.98	74.32	59.46	46.86	26.0	34.06	24.74	51.42	0.0	78.23	44.94	15.62	34.41	75.47	62.1	49.19	80.31	33.13	72.54	47.79	33.62	40.5
41	36.22	14.14	71.02	53.25	8.0	46.04	88.84	64.62	50.16	28.64	50.04	77.2	102.18	32.25	28.64	55.32	91.39	100.44	65.3	113.45	102.18	8.0	18.97	87.66	85.04	108.17	106.08	28.0	10.2	93.23	93.51	46.04	48.08	72.03	89.84	85.91	95.52	99.36	97.67	54.59	78.23	0.0	97.75	74.97	43.91	2.83	26.68	67.68	2.87	108.72	70.64	82.7	86.27	37.74
42	72.25	102.16	74.73	54.33	102.08	61.22	46.04	35.38	57.2	71.22	82.0	22.36	17.09	71.47	69.34	72.11	58.82	41.23	42.0	24.08	33.29	104.71	95.52	52.15	31.3	46.65	27.86	86.83	88.2	60.0	18.44	82.1	52.5	53.37	24.08	15.23	65.6	16.12	28.43	92.09	44.94	97.75	0.0	32.25	63.15	95.02	72.8	34.41	100.5	35.28	52.38	92.74	13.04	66.48
43	60.17	76.03	43.08	24.17	80.92	52.35	22.8	31.05	50.04	53.67	50.16	12.81	28.64	44.41	49.4	40.0	34.0	28.64	10.77	39.45	27.78	80.72	68.26	26.83	10.77	36.88	31.11	58.14	66.84	35.78	19.7	50.64	26.91	59.46	44.05	31.62	41.18	26.0	22.8	60.0	15.62	74.97	32.25	0.0	34.0	72.14	54.59	34.18	77.39	34.18	57.74	61.84	19.65	38.83
44	44.27	42.52	33.53	10.0	50.99	43.27	44.94	40.5	44.05	32.56	23.32	40.79	62.61	11.66	26.31	18.87	48.08	56.85	23.32	73.43	59.46	48.41	34.41	43.86	42.8	64.4	64.4	24.17	37.95	50.0	53.67	21.54	12.65	64.03	65.12	56.04	52.95	59.93	55.61	34.0	34.41	43.91	63.15	34.0	0.0	41.18	32.25	44.94	45.92	66.03	62.13	51.08	50.22	6.32
45	34.53	14.42	68.73	50.48	10.2	44.0	86.09	62.03	48.04	26.31	48.0	74.4	99.36	29.53	26.0	52.95	88.77	97.65	62.48	110.63	99.36	10.2	17.89	84.97	82.22	105.39	103.25	26.08	8.0	90.62	90.69	44.0	45.25	70.11	87.36	83.26	92.97	96.54	94.85	52.95	75.47	2.83	95.02	72.14	41.18	0.0	24.33	65.15	5.48	105.91	68.69	80.79	83.49	34.99
46	14.14	36.22	65.51	38.21	29.53	20.4	72.8	38.47	24.08	2.0	50.12	53.81	79.4	24.17	6.0	50.0	78.64	82.46	46.82	90.69	82.37	34.53	34.18	73.35	65.3	90.62	84.88	34.06	16.49	80.62	71.22	46.65	29.12	46.69	63.25	60.03	84.21	76.58	77.18	58.82	62.1	26.68	72.8	54.59	32.25	24.33	0.0	41.23	29.56	88.7	45.13	81.88	62.24	26.68
47	38.21	74.97	70.77	40.5	70.68	26.91	56.92	4.47	22.8	39.4	68.03	24.08	46.17	48.37	39.29	61.06	68.03	60.3	35.61	56.46	56.04	75.29	70.11	60.93	42.76	68.12	54.92	64.28	57.58	69.86	40.45	66.48	32.31	25.3	22.36	19.8	75.15	43.68	50.04	78.79	49.19	67.68	34.41	34.18	44.94	65.15	41.23	0.0	70.54	61.01	23.6	90.23	27.89	45.12
48	38.94	12.86	72.18	55.4	7.87	48.87	90.87	67.46	53.0	31.51	50.88	79.85	104.74	34.27	31.46	56.62	93.12	102.6	67.62	116.01	104.5	5.24	18.92	89.54	87.39	110.28	108.51	28.79	13.07	94.94	96.05	46.9	50.55	74.81	92.71	88.72	97.1	101.93	100.06	54.9	80.31	2.87	100.5	77.39	45.92	5.48	29.56	70.54	0.0	111.05	73.44	83.3	88.95	39.82
49	93.32	108.54	59.99	56.08	114.92	84.33	25.52	59.61	81.31	87.71	76.01	37.65	18.2	77.28	83.57	65.26	34.67	12.66	43.43	17.63	6.57	114.08	100.27	30.99	23.71	12.93	7.45	89.31	100.9	34.8	20.66	77.81	60.9	84.66	58.7	47.23	39.33	19.4	11.62	83.7	33.13	108.72	35.28	34.18	66.03	105.91	88.7	61.01	111.05	0.0	83.3	73.44	33.65	71.62
50	34.8	81.34	91.82	60.38	71.02	24.78	80.51	26.85	21.16	43.16	85.3	47.44	67.06	61.7	46.4	80.16	91.46	83.61	58.19	76.21	78.79	78.64	78.88	84.41	66.29	91.27	76.72	76.23	60.7	93.32	62.65	82.99	50.43	1.92	30.76	37.38	98.54	64.87	72.8	95.76	72.54	70.64	52.38	57.74	62.13	68.69	45.13	23.6	73.44	83.3	0.0	111.05	49.65	60.25
51	94.94	73.01	19.47	50.69	90.69	94.26	49.25	85.93	94.73	82.61	33.0	74.45	82.5	57.79	76.29	32.25	38.82	60.8	55.44	89.22	68.96	82.81	64.73	43.05	61.69	63.23	77.09	54.72	81.66	38.94	75.67	36.96	61.0	112.96	105.33	93.3	35.57	80.98	69.62	29.12	47.79	82.7	92.74	61.84	51.08	80.79	81.88	90.23	83.3	73.44	111.05	0.0	81.11	55.55
52	63.51	89.9	62.63	41.3	91.05	53.24	36.8	27.31	49.66	60.81	69.01	9.49	18.38	58.87	58.26	59.21	49.5	35.47	29.02	29.15	29.43	92.96	83.01	42.45	21.21	42.45	27.17	74.04	77.01	50.93	13.04	69.07	39.92	51.01	27.46	14.76	56.59	15.81	23.54	79.16	33.62	86.27	13.04	19.65	50.22	83.49	62.24	27.89	88.95	33.65	49.65	81.11	0.0	53.76
53	39.4	37.2	38.83	15.62	44.72	39.7	51.11	40.79	41.04	27.2	25.46	44.27	67.23	5.66	20.88	23.41	54.41	62.8	28.43	78.23	65.05	42.52	29.53	50.16	48.17	70.46	69.66	20.4	31.62	56.32	58.31	22.8	14.14	62.13	66.27	58.14	59.23	64.5	60.96	35.61	40.5	37.74	66.48	38.83	6.32	34.99	26.68	45.12	39.82	71.62	60.25	55.55	53.76	0.0
;
