vehicles
vehicle_idx, capacity, cost_per_unit_distance
1,100,3
2,100,3
3,100,3
4,100,3
5,100,3
6,100,3
depot
node_idx,x,y
0,14,68
home delivery customers
node_idx,x,y,service_time,demand
1,58,98,10,9
2,33,42,10,18
3,78,63,10,8
4,2,28,10,18
5,32,82,10,4
6,53,84,10,3
7,38,23,10,13
8,63,32,10,24
9,22,73,10,23
10,58,78,10,13
11,87,79,10,24
12,12,24,10,4
13,48,53,10,8
14,7,37,10,4
15,34,12,10,18
self pickup customers
node_idx,x,y,service_time,demand,locker_idxs
16,73,2,10,8,51-49-44
17,34,63,10,19,51-45
18,18,98,10,9,51-45
19,72,67,10,14,51-48-46
20,1,2,10,13,51-47
21,97,38,10,24,51-44
22,39,53,10,14,51-50-55-45-47
23,42,77,10,18,51-45-46
24,83,27,10,13,55-49-44
25,58,32,10,18,52-49
26,38,37,10,24,55-47
27,42,88,10,24,55-45-46
28,32,88,10,14,50-45
29,88,94,10,9,55-48-46
flexible customers
node_idx,x,y,service_time,demand,locker_idxs
30,13,47,10,24,55-47
31,37,44,10,9,55-50-53-54-52-47
32,24,79,10,14,55-45
33,17,28,10,3,51-47
34,42,48,10,8,55-53-50-52-54-51-47
35,87,1,10,8,55-44-49
36,79,92,10,2,52-48-46
37,22,39,10,9,53-50-55-47
38,63,59,10,8,52-54-53-50-51-46
39,43,62,10,14,55-51-50-53-54-45
40,73,1,10,14,52-49-44
41,17,32,10,18,55-47
42,48,23,10,13,52-54-53-50-47-49
43,98,77,10,14,51-48
lockers
node_idx,x,y,service_time,capacity,cost_per_unit_good
44,93,12,10,85
45,22,88,10,72
46,65,88,10,94
47,25,15,10,80
48,77,88,10,78
49,72,14,10,79
50,46,48,10,73
51,57,63,10,73
52,58,39,10,100
53,46,42,10,73
54,54,43,10,88
55,37,49,10,95
mrt lines
start_node_idx,end_node_idx,freight_capacity,cost_per_unit_good
44,45,85,0.5
45,44,85,0.5
46,47,94,0.5
47,46,94,0.5
48,49,79,0.5
49,48,79,0.5
distance matrix
,0,1,2,3,4,5,6,7,8,9,10,11,12,13,14,15,16,17,18,19,20,21,22,23,24,25,26,27,28,29,30,31,32,33,34,35,36,37,38,39,40,41,42,43,44,45,46,47,48,49,50,51,52,53,54,55,
0,0.0,53.25,32.2,64.2,41.76,22.8,42.15,51.0,60.8,9.43,45.12,73.82,44.05,37.16,31.78,59.46,88.53,20.62,30.27,58.01,67.27,88.26,29.15,29.41,80.26,56.85,39.2,34.41,26.91,78.43,21.02,33.24,14.87,40.11,34.41,99.09,69.29,30.08,49.82,29.61,89.27,36.12,56.4,84.48,96.83,21.54,54.78,54.13,66.1,79.25,37.74,43.29,52.7,41.23,47.17,29.83
1,53.25,0.0,61.33,40.31,89.64,30.53,14.87,77.62,66.19,43.83,20.0,34.67,87.13,46.1,79.51,89.29,97.16,42.44,40.0,34.01,111.65,71.56,48.85,26.4,75.27,66.0,64.2,18.87,27.86,30.27,68.01,57.94,38.95,81.12,52.5,101.24,21.84,69.12,39.32,39.0,98.15,77.7,75.66,45.18,92.85,37.36,12.21,89.32,21.47,85.16,51.42,35.01,59.0,57.27,55.15,53.31
2,32.2,61.33,0.0,49.66,34.01,40.01,46.52,19.65,31.62,32.89,43.83,65.46,27.66,18.6,26.48,30.02,56.57,21.02,57.97,46.32,51.22,64.12,12.53,36.14,52.2,26.93,7.07,46.87,46.01,75.69,20.62,4.47,38.08,21.26,10.82,67.8,67.94,11.4,34.48,22.36,57.28,18.87,24.21,73.82,67.08,47.3,56.04,28.16,63.66,48.01,14.32,31.89,25.18,13.0,21.02,8.06
3,64.2,40.31,49.66,0.0,83.67,49.77,32.65,56.57,34.44,56.89,25.0,18.36,76.66,31.62,75.61,67.36,61.2,44.0,69.46,7.21,98.23,31.4,40.26,38.63,36.35,36.89,47.71,43.83,52.35,32.57,66.94,45.19,56.32,70.33,39.0,62.65,29.02,60.93,15.52,35.01,62.2,68.43,50.0,24.41,53.16,61.33,28.18,71.51,25.02,49.37,35.34,21.0,31.24,38.28,31.24,43.32
4,41.76,89.64,34.01,83.67,0.0,61.77,75.74,36.35,61.13,49.24,75.07,99.13,10.77,52.35,10.3,35.78,75.61,47.42,71.81,80.13,26.02,95.52,44.65,63.25,81.01,56.14,37.11,72.11,67.08,108.41,21.95,38.48,55.54,15.0,44.72,89.19,100.12,22.83,68.43,53.26,75.96,15.52,46.27,107.78,92.4,63.25,87.0,26.42,96.05,71.39,48.33,65.19,57.07,46.17,54.12,40.82
5,22.8,30.53,40.01,49.77,61.77,0.0,21.1,59.3,58.83,13.45,26.31,55.08,61.35,33.12,51.48,70.03,89.89,19.1,21.26,42.72,85.8,78.49,29.83,11.18,75.01,56.36,45.4,11.66,6.0,57.27,39.82,38.33,8.54,56.04,35.44,97.91,48.05,44.15,38.6,22.83,90.79,52.2,61.13,66.19,92.85,11.66,33.54,67.36,45.4,78.89,36.77,31.4,50.25,42.38,44.78,33.38
6,42.15,14.87,46.52,32.65,75.74,21.1,0.0,62.82,52.95,32.89,7.81,34.37,72.67,31.4,65.76,74.46,84.4,28.32,37.7,25.5,97.1,63.66,34.01,13.04,64.41,52.24,49.34,11.7,21.38,36.4,54.49,43.08,29.43,66.57,37.64,89.69,27.2,54.64,26.93,24.17,85.38,63.25,61.2,45.54,82.37,31.26,12.65,74.46,24.33,72.53,36.67,21.38,45.28,42.58,41.01,38.48
7,51.0,77.62,19.65,56.57,36.35,59.3,62.82,0.0,26.57,52.5,58.52,74.41,26.02,31.62,34.01,11.7,40.82,40.2,77.62,55.61,42.54,60.88,30.02,54.15,45.18,21.93,14.0,65.12,65.28,86.84,34.66,21.02,57.72,21.59,25.32,53.71,80.26,22.63,43.83,39.32,41.34,22.85,10.0,80.72,56.09,66.94,70.38,15.26,75.8,35.17,26.25,44.28,25.61,20.62,25.61,26.02
8,60.8,66.19,31.62,34.44,61.13,58.83,52.95,26.57,0.0,57.98,46.27,52.77,51.62,25.81,56.22,35.23,31.62,42.45,79.88,36.14,68.88,34.53,31.89,49.66,20.62,5.0,25.5,59.81,64.01,66.85,52.2,28.64,61.07,46.17,26.4,39.2,62.1,41.59,27.0,36.06,32.57,46.0,17.49,57.01,36.06,69.4,56.04,41.63,57.72,20.12,23.35,31.58,8.6,19.72,14.21,31.06
9,9.43,43.83,32.89,56.89,49.24,13.45,32.89,52.5,57.98,0.0,36.35,65.28,50.01,32.8,39.0,62.17,87.42,15.62,25.32,50.36,74.04,82.76,26.25,20.4,76.4,54.56,39.4,25.0,18.03,69.26,27.51,32.65,6.32,45.28,32.02,97.0,60.08,34.0,43.32,23.71,88.23,41.3,56.36,76.11,93.61,15.0,45.54,58.08,57.01,77.34,34.66,36.4,49.52,39.2,43.86,28.3
10,45.12,20.0,43.83,25.0,75.07,26.31,7.81,58.52,46.27,36.35,0.0,29.02,70.94,26.93,65.44,70.23,77.47,28.3,44.72,17.8,95.0,55.87,31.4,16.03,56.8,46.0,45.62,18.87,27.86,34.0,54.64,39.96,34.01,64.66,34.0,82.28,25.24,53.08,19.65,21.93,78.45,61.62,55.9,40.01,74.71,37.36,12.21,71.12,21.47,65.51,32.31,15.03,39.0,37.95,35.23,35.81
11,73.82,34.67,65.46,18.36,99.13,55.08,34.37,74.41,52.77,65.28,29.02,0.0,93.01,46.87,90.35,85.43,78.26,55.36,71.57,19.21,115.43,42.2,54.59,45.04,52.15,55.23,64.54,45.89,55.73,15.03,80.62,61.03,63.0,86.61,54.64,78.0,15.26,76.32,31.24,47.17,79.25,84.31,68.24,11.18,67.27,65.62,23.77,89.11,13.45,66.71,51.4,34.0,49.41,55.23,48.84,58.31
12,44.05,87.13,27.66,76.66,10.77,61.35,72.67,26.02,51.62,50.01,70.94,93.01,0.0,46.23,13.93,25.06,64.85,44.78,74.24,73.82,24.6,86.15,39.62,60.9,71.06,46.69,29.07,70.68,67.05,103.32,23.02,32.02,56.29,6.4,38.42,78.45,95.46,18.03,61.85,49.04,65.19,9.43,36.01,101.02,81.88,64.78,83.1,15.81,91.22,60.83,41.62,59.55,48.38,38.47,46.1,35.36
13,37.16,46.1,18.6,31.62,52.35,33.12,31.4,31.62,25.81,32.8,26.93,46.87,46.23,0.0,44.01,43.32,56.8,17.2,54.08,27.78,69.35,51.24,9.0,24.74,43.6,23.26,18.87,35.51,38.48,57.28,35.51,14.21,35.38,39.82,7.81,65.0,49.82,29.53,16.16,10.3,57.7,37.44,30.0,55.46,60.88,43.6,38.91,44.42,45.45,45.79,5.39,13.45,17.2,11.18,11.66,11.7
14,31.78,79.51,26.48,75.61,10.3,51.48,65.76,34.01,56.22,39.0,65.44,90.35,13.93,44.01,0.0,36.8,74.71,37.48,61.98,71.59,35.51,90.01,35.78,53.15,76.66,51.24,31.0,61.85,56.8,99.05,11.66,30.81,45.31,13.45,36.69,87.73,90.6,15.13,60.17,43.83,75.18,11.18,43.32,99.4,89.56,53.16,77.23,28.43,86.61,68.95,40.52,56.36,51.04,39.32,47.38,32.31
15,59.46,89.29,30.02,67.36,35.78,70.03,74.46,11.7,35.23,62.17,70.23,85.43,25.06,43.32,36.8,0.0,40.26,51.0,87.48,66.85,34.48,68.15,41.3,65.49,51.24,31.24,25.32,76.42,76.03,98.18,40.82,32.14,67.74,23.35,36.88,54.13,91.79,29.55,55.23,50.8,40.52,26.25,17.8,91.22,59.0,76.94,82.08,9.49,87.32,38.05,37.95,55.95,36.12,32.31,36.89,37.12
16,88.53,97.16,56.57,61.2,75.61,89.89,84.4,40.82,31.62,87.42,77.47,78.26,64.85,56.8,74.71,40.26,0.0,72.4,110.64,65.01,72.0,43.27,61.29,81.15,26.93,33.54,49.5,91.42,95.27,93.21,75.0,55.32,91.27,61.74,55.47,14.04,90.2,63.01,57.87,67.08,1.0,63.53,32.65,79.06,22.36,99.98,86.37,49.73,86.09,12.04,53.34,63.06,39.92,48.26,45.19,59.2
17,20.62,42.44,21.02,44.0,47.42,19.1,28.32,40.2,42.45,15.62,28.3,55.36,44.78,17.2,37.48,51.0,72.4,0.0,38.48,38.21,69.35,67.78,11.18,16.12,60.8,39.2,26.31,26.25,25.08,62.27,26.4,19.24,18.87,38.91,17.0,81.57,53.54,26.83,29.27,9.06,73.25,35.36,42.38,65.51,77.99,27.73,39.82,48.84,49.74,62.01,19.21,23.0,33.94,24.19,28.28,14.32
18,30.27,40.0,57.97,69.46,71.81,21.26,37.7,77.62,79.88,25.32,44.72,71.57,74.24,54.08,61.98,87.48,110.64,38.48,0.0,62.27,97.49,99.2,49.66,31.89,96.26,77.18,64.2,26.0,17.2,70.11,51.24,57.25,19.92,70.01,55.46,119.04,61.29,59.14,59.55,43.83,111.51,66.01,80.78,82.71,114.11,10.77,48.05,83.29,59.84,99.86,57.31,52.4,71.28,62.61,65.73,52.55
19,58.01,34.01,46.32,7.21,80.13,42.72,25.5,55.61,36.14,50.36,17.8,19.21,73.82,27.78,71.59,66.85,65.01,38.21,62.27,0.0,96.26,38.29,35.85,31.62,41.48,37.7,45.34,36.62,45.18,31.38,62.3,41.88,49.48,67.42,35.51,67.68,25.96,57.31,12.04,29.43,66.01,65.19,50.12,27.86,58.87,54.23,22.14,70.09,21.59,53.0,32.2,15.52,31.3,36.07,30.0,39.36
20,67.27,111.65,51.22,98.23,26.02,85.8,97.1,42.54,68.88,74.04,95.0,115.43,24.6,69.35,35.51,34.48,72.0,69.35,97.49,96.26,0.0,102.53,63.6,85.48,85.73,64.41,50.93,95.27,91.42,126.62,46.57,55.32,80.36,30.53,61.62,86.01,119.1,42.54,84.22,73.24,72.01,34.0,51.48,122.61,92.54,88.53,107.2,27.29,114.77,72.01,64.35,82.81,67.96,60.21,67.01,59.2
21,88.26,71.56,64.12,31.4,95.52,78.49,63.66,60.88,34.53,82.76,55.87,42.2,86.15,51.24,90.01,68.15,43.27,67.78,99.2,38.29,102.53,0.0,59.91,67.42,17.8,39.46,59.01,74.33,82.01,56.72,84.48,60.3,83.73,80.62,55.9,38.33,56.92,75.01,39.96,59.09,44.1,80.22,51.24,39.01,26.31,90.14,59.36,75.58,53.85,34.66,51.97,47.17,39.01,51.16,43.29,61.0
22,29.15,48.85,12.53,40.26,44.65,29.83,34.01,30.02,31.89,26.25,31.4,54.59,39.62,9.0,35.78,41.3,61.29,11.18,49.66,35.85,63.6,59.91,0.0,24.19,51.11,28.32,16.03,35.13,35.69,63.89,26.68,9.22,30.02,33.3,5.83,70.77,55.87,22.02,24.74,9.85,62.13,30.41,31.32,63.69,67.8,38.91,43.6,40.5,51.66,51.09,8.6,20.59,23.6,13.04,18.03,4.47
23,29.41,26.4,36.14,38.63,63.25,11.18,13.04,54.15,49.66,20.4,16.03,45.04,60.9,24.74,53.15,65.49,81.15,16.12,31.89,31.62,85.48,67.42,24.19,0.0,64.66,47.76,40.2,11.0,14.87,49.04,41.73,33.38,18.11,55.01,29.0,88.32,39.92,42.94,27.66,15.03,82.08,51.48,54.33,56.0,82.62,22.83,25.5,64.29,36.69,69.78,29.27,20.52,41.23,35.23,36.06,28.44
24,80.26,75.27,52.2,36.35,81.01,75.01,64.41,45.18,20.62,76.4,56.8,52.15,71.06,43.6,76.66,51.24,26.93,60.8,96.26,41.48,85.73,17.8,51.11,64.66,0.0,25.5,46.1,73.5,79.51,67.19,72.8,49.04,78.64,66.01,46.07,26.31,65.12,62.17,37.74,53.15,27.86,66.19,35.23,52.2,18.03,86.27,63.6,59.23,61.29,17.03,42.54,44.41,27.73,39.92,33.12,50.99
25,56.85,66.0,26.93,36.89,56.14,56.36,52.24,21.93,5.0,54.56,46.0,55.23,46.69,23.26,51.24,31.24,33.54,39.2,77.18,37.7,64.41,39.46,28.32,47.76,25.5,0.0,20.62,58.24,61.74,68.88,47.43,24.19,58.01,41.19,22.63,42.45,63.57,36.67,27.46,33.54,34.44,41.0,13.45,60.21,40.31,66.57,56.44,37.12,59.14,22.8,20.0,31.02,7.0,15.62,11.7,27.02
26,39.2,64.2,7.07,47.71,37.11,45.4,49.34,14.0,25.5,39.4,45.62,64.54,29.07,18.87,31.0,25.32,49.5,26.31,64.2,45.34,50.93,59.01,16.03,40.2,46.1,20.62,0.0,51.16,51.35,75.82,26.93,7.07,44.27,22.85,11.7,60.8,68.6,16.12,33.3,25.5,50.21,21.59,17.2,72.11,60.42,53.45,57.71,25.55,64.2,41.05,13.6,32.2,20.1,9.43,17.09,12.04
27,34.41,18.87,46.87,43.83,72.11,11.66,11.7,65.12,59.81,25.0,18.87,45.89,70.68,35.51,61.85,76.42,91.42,26.25,26.0,36.62,95.27,74.33,35.13,11.0,73.5,58.24,51.16,0.0,10.0,46.39,50.22,44.28,20.12,65.0,40.0,97.95,37.22,52.92,35.81,26.02,92.36,61.33,65.28,57.07,91.53,20.0,23.0,74.95,35.0,79.85,40.2,29.15,51.55,46.17,46.57,39.32
28,26.91,27.86,46.01,52.35,67.08,6.0,21.38,65.28,64.01,18.03,27.86,55.73,67.05,38.48,56.8,76.03,95.27,25.08,17.2,45.18,91.42,82.01,35.69,14.87,79.51,61.74,51.35,10.0,0.0,56.32,45.19,44.28,12.04,61.85,41.23,102.93,47.17,50.01,42.45,28.23,96.18,57.97,66.94,66.91,97.45,10.0,33.0,73.33,45.0,84.12,42.38,35.36,55.47,48.08,50.09,39.32
29,78.43,30.27,75.69,32.57,108.41,57.27,36.4,86.84,66.85,69.26,34.0,15.03,103.32,57.28,99.05,98.18,93.21,62.27,70.11,31.38,126.62,56.72,63.89,49.04,67.19,68.88,75.82,46.39,56.32,0.0,88.51,71.42,65.73,96.94,65.05,93.01,9.22,85.91,43.01,55.22,94.2,94.26,81.49,19.72,82.15,66.27,23.77,101.04,12.53,81.58,62.29,43.84,62.65,66.84,61.29,68.01
30,21.02,68.01,20.62,66.94,21.95,39.82,54.49,34.66,52.2,27.51,54.64,80.62,23.02,35.51,11.66,40.82,75.0,26.4,51.24,62.3,46.57,84.48,26.68,41.73,72.8,47.43,26.93,50.22,45.19,88.51,0.0,24.19,33.84,19.42,29.02,87.13,79.88,12.04,51.42,33.54,75.6,15.52,42.44,90.14,87.32,41.98,66.22,34.18,76.01,67.6,33.02,46.82,45.71,33.38,41.19,24.08
31,33.24,57.94,4.47,45.19,38.48,38.33,43.08,21.02,28.64,32.65,39.96,61.03,32.02,14.21,30.81,32.14,55.32,19.24,57.25,41.88,55.32,60.3,9.22,33.38,49.04,24.19,7.07,44.28,44.28,71.42,24.19,0.0,37.34,25.61,6.4,65.95,63.78,15.81,30.02,18.97,56.08,23.32,23.71,69.35,64.5,46.49,52.15,31.38,59.46,46.1,9.85,27.59,21.59,9.22,17.03,5.0
32,14.87,38.95,38.08,56.32,55.54,8.54,29.43,57.72,61.07,6.32,34.01,63.0,56.29,35.38,45.31,67.74,91.27,18.87,19.92,49.48,80.36,83.73,30.02,18.11,78.64,58.01,44.27,20.12,12.04,65.73,33.84,37.34,0.0,51.48,35.85,100.26,56.52,40.05,43.83,25.5,92.11,47.52,60.93,74.03,96.18,9.22,41.98,64.01,53.76,80.8,38.01,36.67,52.5,43.05,46.86,32.7
33,40.11,81.12,21.26,70.33,15.0,56.04,66.57,21.59,46.17,45.28,64.66,86.61,6.4,39.82,13.45,23.35,61.74,38.91,70.01,67.42,30.53,80.62,33.3,55.01,66.01,41.19,22.85,65.0,61.85,96.94,19.42,25.61,51.48,0.0,32.02,75.03,89.11,12.08,55.47,42.8,62.17,4.0,31.4,94.67,77.67,60.21,76.84,15.26,84.85,56.75,35.23,53.15,42.45,32.2,39.92,29.0
34,34.41,52.5,10.82,39.0,44.72,35.44,37.64,25.32,26.4,32.02,34.0,54.64,38.42,7.81,36.69,36.88,55.47,17.0,55.46,35.51,61.62,55.9,5.83,29.0,46.07,22.63,11.7,40.0,41.23,65.05,29.02,6.4,35.85,32.02,0.0,65.07,57.49,21.93,23.71,14.04,56.3,29.68,25.71,63.06,62.43,44.72,46.14,37.12,53.15,45.34,4.0,21.21,18.36,7.21,13.0,5.1
35,99.09,101.24,67.8,62.65,89.19,97.91,89.69,53.71,39.2,97.0,82.28,78.0,78.45,65.0,87.73,54.13,14.04,81.57,119.04,67.68,86.01,38.33,70.77,88.32,26.31,42.45,60.8,97.95,102.93,93.01,87.13,65.95,100.26,75.03,65.07,0.0,91.35,75.29,62.77,75.21,14.0,76.56,44.78,76.79,12.53,108.6,89.74,63.56,87.57,19.85,62.37,68.88,47.8,57.98,53.41,69.31
36,69.29,21.84,67.94,29.02,100.12,48.05,27.2,80.26,62.1,60.08,25.24,15.26,95.46,49.82,90.6,91.79,90.2,53.54,61.29,25.96,119.1,56.92,55.87,39.92,65.12,63.57,68.6,37.22,47.17,9.22,79.88,63.78,56.52,89.11,57.49,91.35,0.0,77.83,36.67,46.86,91.2,86.28,75.64,24.21,81.22,57.14,14.56,94.05,4.47,78.31,55.0,36.4,57.01,59.91,55.01,60.11
37,30.08,69.12,11.4,60.93,22.83,44.15,54.64,22.63,41.59,34.0,53.08,76.32,18.03,29.53,15.13,29.55,63.01,26.83,59.14,57.31,42.54,75.01,22.02,42.94,62.17,36.67,16.12,52.92,50.01,85.91,12.04,15.81,40.05,12.08,21.93,75.29,77.83,0.0,45.62,31.14,63.6,8.6,30.53,84.97,75.96,49.0,65.19,24.19,73.66,55.9,25.63,42.44,36.0,24.19,32.25,18.03
38,49.82,39.32,34.48,15.52,68.43,38.6,26.93,43.83,27.0,43.32,19.65,31.24,61.85,16.16,60.17,55.23,57.87,29.27,59.55,12.04,84.22,39.96,24.74,27.66,37.74,27.46,33.3,35.81,42.45,43.01,51.42,30.02,43.83,55.47,23.71,62.77,36.67,45.62,0.0,20.22,58.86,53.34,39.0,39.36,55.76,50.22,29.07,58.14,32.2,45.89,20.25,7.21,20.62,24.04,18.36,27.86
39,29.61,39.0,22.36,35.01,53.26,22.83,24.17,39.32,36.06,23.71,21.93,47.17,49.04,10.3,43.83,50.8,67.08,9.06,43.83,29.43,73.24,59.09,9.85,15.03,53.15,33.54,25.5,26.02,28.23,55.22,33.54,18.97,25.5,42.8,14.04,75.21,46.86,31.14,20.22,0.0,67.98,39.7,39.32,57.01,70.71,33.42,34.06,50.33,42.8,56.08,14.32,14.04,27.46,20.22,21.95,14.32
40,89.27,98.15,57.28,62.2,75.96,90.79,85.38,41.34,32.57,88.23,78.45,79.25,65.19,57.7,75.18,40.52,1.0,73.25,111.51,66.01,72.01,44.1,62.13,82.08,27.86,34.44,50.21,92.36,96.18,94.2,75.6,56.08,92.11,62.17,56.3,14.0,91.2,63.6,58.86,67.98,0.0,64.01,33.3,80.01,22.83,100.85,87.37,50.0,87.09,13.04,54.2,64.03,40.85,49.09,46.1,60.0
41,36.12,77.7,18.87,68.43,15.52,52.2,63.25,22.85,46.0,41.3,61.62,84.31,9.43,37.44,11.18,26.25,63.53,35.36,66.01,65.19,34.0,80.22,30.41,51.48,66.19,41.0,21.59,61.33,57.97,94.26,15.52,23.32,47.52,4.0,29.68,76.56,86.28,8.6,53.34,39.7,64.01,0.0,32.28,92.66,78.59,56.22,73.76,18.79,82.07,57.87,33.12,50.61,41.59,30.68,38.6,26.25
42,56.4,75.66,24.21,50.0,46.27,61.13,61.2,10.0,17.49,56.36,55.9,68.24,36.01,30.0,43.32,17.8,32.65,42.38,80.78,50.12,51.48,51.24,31.32,54.33,35.23,13.45,17.2,65.28,66.94,81.49,42.44,23.71,60.93,31.4,25.71,44.78,75.64,30.53,39.0,39.32,33.3,32.28,0.0,73.59,46.32,70.01,67.19,24.35,71.18,25.63,25.08,41.0,18.87,19.1,20.88,28.23
43,84.48,45.18,73.82,24.41,107.78,66.19,45.54,80.72,57.01,76.11,40.01,11.18,101.02,55.46,99.4,91.22,79.06,65.51,82.71,27.86,122.61,39.01,63.69,56.0,52.2,60.21,72.11,57.07,66.91,19.72,90.14,69.35,74.03,94.67,63.06,76.79,24.21,84.97,39.36,57.01,80.01,92.66,73.59,0.0,65.19,76.79,34.79,95.78,23.71,68.15,59.54,43.32,55.17,62.68,55.61,67.12
44,96.83,92.85,67.08,53.16,92.4,92.85,82.37,56.09,36.06,93.61,74.71,67.27,81.88,60.88,89.56,59.0,22.36,77.99,114.11,58.87,92.54,26.31,67.8,82.62,18.03,40.31,60.42,91.53,97.45,82.15,87.32,64.5,96.18,77.67,62.43,12.53,81.22,75.96,55.76,70.71,22.83,78.59,46.32,65.19,0.0,104.0,80.99,68.07,77.67,21.1,59.2,62.43,44.2,55.76,49.82,67.12
45,21.54,37.36,47.3,61.33,63.25,11.66,31.26,66.94,69.4,15.0,37.36,65.62,64.78,43.6,53.16,76.94,99.98,27.73,10.77,54.23,88.53,90.14,38.91,22.83,86.27,66.57,53.45,20.0,10.0,66.27,41.98,46.49,9.22,60.21,44.72,108.6,57.14,49.0,50.22,33.42,100.85,56.22,70.01,76.79,104.0,0.0,43.0,73.06,55.0,89.31,46.65,43.01,60.8,51.88,55.22,41.79
46,54.78,12.21,56.04,28.18,87.0,33.54,12.65,70.38,56.04,45.54,12.21,23.77,83.1,38.91,77.23,82.08,86.37,39.82,48.05,22.14,107.2,59.36,43.6,25.5,63.6,56.44,57.71,23.0,33.0,23.77,66.22,52.15,41.98,76.84,46.14,89.74,14.56,65.19,29.07,34.06,87.37,73.76,67.19,34.79,80.99,43.0,0.0,83.24,12.0,74.33,44.28,26.25,49.5,49.77,46.32,48.01
47,54.13,89.32,28.16,71.51,26.42,67.36,74.46,15.26,41.63,58.08,71.12,89.11,15.81,44.42,28.43,9.49,49.73,48.84,83.29,70.09,27.29,75.58,40.5,64.29,59.23,37.12,25.55,74.95,73.33,101.04,34.18,31.38,64.01,15.26,37.12,63.56,94.05,24.19,58.14,50.33,50.0,18.79,24.35,95.78,68.07,73.06,83.24,0.0,89.63,47.01,39.12,57.69,40.8,34.21,40.31,36.06
48,66.1,21.47,63.66,25.02,96.05,45.4,24.33,75.8,57.72,57.01,21.47,13.45,91.22,45.45,86.61,87.32,86.09,49.74,59.84,21.59,114.77,53.85,51.66,36.69,61.29,59.14,64.2,35.0,45.0,12.53,76.01,59.46,53.76,84.85,53.15,87.57,4.47,73.66,32.2,42.8,87.09,82.07,71.18,23.71,77.67,55.0,12.0,89.63,0.0,74.17,50.61,32.02,52.55,55.47,50.54,55.87
49,79.25,85.16,48.01,49.37,71.39,78.89,72.53,35.17,20.12,77.34,65.51,66.71,60.83,45.79,68.95,38.05,12.04,62.01,99.86,53.0,72.01,34.66,51.09,69.78,17.03,22.8,41.05,79.85,84.12,81.58,67.6,46.1,80.8,56.75,45.34,19.85,78.31,55.9,45.89,56.08,13.04,57.87,25.63,68.15,21.1,89.31,74.33,47.01,74.17,0.0,42.8,51.24,28.65,38.21,34.13,49.5
50,37.74,51.42,14.32,35.34,48.33,36.77,36.67,26.25,23.35,34.66,32.31,51.4,41.62,5.39,40.52,37.95,53.34,19.21,57.31,32.2,64.35,51.97,8.6,29.27,42.54,20.0,13.6,40.2,42.38,62.29,33.02,9.85,38.01,35.23,4.0,62.37,55.0,25.63,20.25,14.32,54.2,33.12,25.08,59.54,59.2,46.65,44.28,39.12,50.61,42.8,0.0,18.6,15.0,6.0,9.43,9.06
51,43.29,35.01,31.89,21.0,65.19,31.4,21.38,44.28,31.58,36.4,15.03,34.0,59.55,13.45,56.36,55.95,63.06,23.0,52.4,15.52,82.81,47.17,20.59,20.52,44.41,31.02,32.2,29.15,35.36,43.84,46.82,27.59,36.67,53.15,21.21,68.88,36.4,42.44,7.21,14.04,64.03,50.61,41.0,43.32,62.43,43.01,26.25,57.69,32.02,51.24,18.6,0.0,24.02,23.71,20.22,24.41
52,52.7,59.0,25.18,31.24,57.07,50.25,45.28,25.61,8.6,49.52,39.0,49.41,48.38,17.2,51.04,36.12,39.92,33.94,71.28,31.3,67.96,39.01,23.6,41.23,27.73,7.0,20.1,51.55,55.47,62.65,45.71,21.59,52.5,42.45,18.36,47.8,57.01,36.0,20.62,27.46,40.85,41.59,18.87,55.17,44.2,60.8,49.5,40.8,52.55,28.65,15.0,24.02,0.0,12.37,5.66,23.26
53,41.23,57.27,13.0,38.28,46.17,42.38,42.58,20.62,19.72,39.2,37.95,55.23,38.47,11.18,39.32,32.31,48.26,24.19,62.61,36.07,60.21,51.16,13.04,35.23,39.92,15.62,9.43,46.17,48.08,66.84,33.38,9.22,43.05,32.2,7.21,57.98,59.91,24.19,24.04,20.22,49.09,30.68,19.1,62.68,55.76,51.88,49.77,34.21,55.47,38.21,6.0,23.71,12.37,0.0,8.06,11.4
54,47.17,55.15,21.02,31.24,54.12,44.78,41.01,25.61,14.21,43.86,35.23,48.84,46.1,11.66,47.38,36.89,45.19,28.28,65.73,30.0,67.01,43.29,18.03,36.06,33.12,11.7,17.09,46.57,50.09,61.29,41.19,17.03,46.86,39.92,13.0,53.41,55.01,32.25,18.36,21.95,46.1,38.6,20.88,55.61,49.82,55.22,46.32,40.31,50.54,34.13,9.43,20.22,5.66,8.06,0.0,18.03
55,29.83,53.31,8.06,43.32,40.82,33.38,38.48,26.02,31.06,28.3,35.81,58.31,35.36,11.7,32.31,37.12,59.2,14.32,52.55,39.36,59.2,61.0,4.47,28.44,50.99,27.02,12.04,39.32,39.32,68.01,24.08,5.0,32.7,29.0,5.1,69.31,60.11,18.03,27.86,14.32,60.0,26.25,28.23,67.12,67.12,41.79,48.01,36.06,55.87,49.5,9.06,24.41,23.26,11.4,18.03,0.0
