vehicles
vehicle_idx, capacity, cost_per_unit_distance
1,100,3
2,100,3
3,100,3
4,100,3
5,100,3
6,100,3
depot
node_idx,x,y
0,14,68
home delivery customers
node_idx,x,y,service_time,demand
1,13,47,10,24
2,33,42,10,18
3,18,98,10,9
4,17,28,10,3
5,32,82,10,4
6,39,53,10,14
7,83,27,10,13
8,58,32,10,18
9,38,37,10,24
10,42,88,10,24
11,63,32,10,24
12,22,73,10,23
13,88,94,10,9
14,43,62,10,14
15,87,79,10,24
self pickup customers
node_idx,x,y,service_time,demand,locker_idxs
16,37,44,10,9,51
17,1,2,10,13,45
18,2,28,10,18,45
19,97,38,10,24,46
20,42,77,10,18,47-44
21,22,39,10,9,52-55
22,53,84,10,3,44-48
23,32,88,10,14,47
24,58,78,10,13,44-48
25,73,1,10,14,54-49
26,17,32,10,18,52
27,48,53,10,8,51-50
28,7,37,10,4,52
29,34,12,10,18,45
flexible customers
node_idx,x,y,service_time,demand,locker_idxs
30,73,2,10,8,54-49
31,34,63,10,19,51-50-52-55-47
32,58,98,10,9,44-48
33,24,79,10,14,47
34,72,67,10,14,50-53-48-44
35,78,63,10,8,53
36,42,48,10,8,51-50-55-52
37,87,1,10,8,54-46
38,79,92,10,2,48-44
39,63,59,10,8,55-51-53-50
40,38,23,10,13,52-45
41,12,24,10,4,45
42,48,23,10,13,52-51-45-49
43,98,77,10,14,48
lockers
node_idx,x,y,service_time,capacity,cost_per_unit_good
44,65,88,10,89
45,25,15,10,92
46,93,12,10,72
47,22,88,10,94
48,77,88,10,93
49,72,14,10,91
50,51,51,10,96
51,54,47,10,100
52,32,41,10,88
53,76,55,10,91
54,75,13,10,85
55,40,48,10,73
mrt lines
start_node_idx,end_node_idx,freight_capacity,cost_per_unit_good
44,45,92,0.1
45,44,92,0.1
distance matrix
,0,1,2,3,4,5,6,7,8,9,10,11,12,13,14,15,16,17,18,19,20,21,22,23,24,25,26,27,28,29,30,31,32,33,34,35,36,37,38,39,40,41,42,43,44,45,46,47,48,49,50,51,52,53,54,55,
0,0.0,21.02,32.2,30.27,40.11,22.8,29.15,80.26,56.85,39.2,34.41,60.8,9.43,78.43,29.61,73.82,33.24,67.27,41.76,88.26,29.41,30.08,42.15,26.91,45.12,89.27,36.12,37.16,31.78,59.46,88.53,20.62,53.25,14.87,58.01,64.2,34.41,99.09,69.29,49.82,51.0,44.05,56.4,84.48,54.78,54.13,96.83,21.54,66.1,79.25,40.72,45.18,32.45,63.35,82.13,32.8
1,21.02,0.0,20.62,51.24,19.42,39.82,26.68,72.8,47.43,26.93,50.22,52.2,27.51,88.51,33.54,80.62,24.19,46.57,21.95,84.48,41.73,12.04,54.49,45.19,54.64,75.6,15.52,35.51,11.66,40.82,75.0,26.4,68.01,33.84,62.3,66.94,29.02,87.13,79.88,51.42,34.66,23.02,42.44,90.14,66.22,34.18,87.32,41.98,76.01,67.6,38.21,41.0,19.92,63.51,70.71,27.02
2,32.2,20.62,0.0,57.97,21.26,40.01,12.53,52.2,26.93,7.07,46.87,31.62,32.89,75.69,22.36,65.46,4.47,51.22,34.01,64.12,36.14,11.4,46.52,46.01,43.83,57.28,18.87,18.6,26.48,30.02,56.57,21.02,61.33,38.08,46.32,49.66,10.82,67.8,67.94,34.48,19.65,27.66,24.21,73.82,56.04,28.16,67.08,47.3,63.66,48.01,20.12,21.59,1.41,44.92,51.04,9.22
3,30.27,51.24,57.97,0.0,70.01,21.26,49.66,96.26,77.18,64.2,26.0,79.88,25.32,70.11,43.83,71.57,57.25,97.49,71.81,99.2,31.89,59.14,37.7,17.2,44.72,111.51,66.01,54.08,61.98,87.48,110.64,38.48,40.0,19.92,62.27,69.46,55.46,119.04,61.29,59.55,77.62,74.24,80.78,82.71,48.05,83.29,114.11,10.77,59.84,99.86,57.43,62.43,58.69,72.2,102.34,54.63
4,40.11,19.42,21.26,70.01,0.0,56.04,33.3,66.01,41.19,22.85,65.0,46.17,45.28,96.94,42.8,86.61,25.61,30.53,15.0,80.62,55.01,12.08,66.57,61.85,64.66,62.17,4.0,39.82,13.45,23.35,61.74,38.91,81.12,51.48,67.42,70.33,32.02,75.03,89.11,55.47,21.59,6.4,31.4,94.67,76.84,15.26,77.67,60.21,84.85,56.75,41.05,41.59,19.85,64.88,59.91,30.48
5,22.8,39.82,40.01,21.26,56.04,0.0,29.83,75.01,56.36,45.4,11.66,58.83,13.45,57.27,22.83,55.08,38.33,85.8,61.77,78.49,11.18,44.15,21.1,6.0,26.31,90.79,52.2,33.12,51.48,70.03,89.89,19.1,30.53,8.54,42.72,49.77,35.44,97.91,48.05,38.6,59.3,61.35,61.13,66.19,33.54,67.36,92.85,11.66,45.4,78.89,36.36,41.34,41.0,51.62,81.3,34.93
6,29.15,26.68,12.53,49.66,33.3,29.83,0.0,51.11,28.32,16.03,35.13,31.89,26.25,63.89,9.85,54.59,9.22,63.6,44.65,59.91,24.19,22.02,34.01,35.69,31.4,62.13,30.41,9.0,35.78,41.3,61.29,11.18,48.85,30.02,35.85,40.26,5.83,70.77,55.87,24.74,30.02,39.62,31.32,63.69,43.6,40.5,67.8,38.91,51.66,51.09,12.17,16.16,13.89,37.05,53.81,5.1
7,80.26,72.8,52.2,96.26,66.01,75.01,51.11,0.0,25.5,46.1,73.5,20.62,76.4,67.19,53.15,52.15,49.04,85.73,81.01,17.8,64.66,62.17,64.41,79.51,56.8,27.86,66.19,43.6,76.66,51.24,26.93,60.8,75.27,78.64,41.48,36.35,46.07,26.31,65.12,37.74,45.18,71.06,35.23,52.2,63.6,59.23,18.03,86.27,61.29,17.03,40.0,35.23,52.89,28.86,16.12,47.85
8,56.85,47.43,26.93,77.18,41.19,56.36,28.32,25.5,0.0,20.62,58.24,5.0,54.56,68.88,33.54,55.23,24.19,64.41,56.14,39.46,47.76,36.67,52.24,61.74,46.0,34.44,41.0,23.26,51.24,31.24,33.54,39.2,66.0,58.01,37.7,36.89,22.63,42.45,63.57,27.46,21.93,46.69,13.45,60.21,56.44,37.12,40.31,66.57,59.14,22.8,20.25,15.52,27.51,29.21,25.5,24.08
9,39.2,26.93,7.07,64.2,22.85,45.4,16.03,46.1,20.62,0.0,51.16,25.5,39.4,75.82,25.5,64.54,7.07,50.93,37.11,59.01,40.2,16.12,49.34,51.35,45.62,50.21,21.59,18.87,31.0,25.32,49.5,26.31,64.2,44.27,45.34,47.71,11.7,60.8,68.6,33.3,14.0,29.07,17.2,72.11,57.71,25.55,60.42,53.45,64.2,41.05,19.1,18.87,7.21,42.05,44.1,11.18
10,34.41,50.22,46.87,26.0,65.0,11.66,35.13,73.5,58.24,51.16,0.0,59.81,25.0,46.39,26.02,45.89,44.28,95.27,72.11,74.33,11.0,52.92,11.7,10.0,18.87,92.36,61.33,35.51,61.85,76.42,91.42,26.25,18.87,20.12,36.62,43.83,40.0,97.95,37.22,35.81,65.12,70.68,65.28,57.07,23.0,74.95,91.53,20.0,35.0,79.85,38.08,42.72,48.05,47.38,81.94,40.05
11,60.8,52.2,31.62,79.88,46.17,58.83,31.89,20.62,5.0,25.5,59.81,0.0,57.98,66.85,36.06,52.77,28.64,68.88,61.13,34.53,49.66,41.59,52.95,64.01,46.27,32.57,46.0,25.81,56.22,35.23,31.62,42.45,66.19,61.07,36.14,34.44,26.4,39.2,62.1,27.0,26.57,51.62,17.49,57.01,56.04,41.63,36.06,69.4,57.72,20.12,22.47,17.49,32.28,26.42,22.47,28.02
12,9.43,27.51,32.89,25.32,45.28,13.45,26.25,76.4,54.56,39.4,25.0,57.98,0.0,69.26,23.71,65.28,32.65,74.04,49.24,82.76,20.4,34.0,32.89,18.03,36.35,88.23,41.3,32.8,39.0,62.17,87.42,15.62,43.83,6.32,50.36,56.89,32.02,97.0,60.08,43.32,52.5,50.01,56.36,76.11,45.54,58.08,93.61,15.0,57.01,77.34,36.4,41.23,33.53,56.92,80.06,30.81
13,78.43,88.51,75.69,70.11,96.94,57.27,63.89,67.19,68.88,75.82,46.39,66.85,69.26,0.0,55.22,15.03,71.42,126.62,108.41,56.72,49.04,85.91,36.4,56.32,34.0,94.2,94.26,57.28,99.05,98.18,93.21,62.27,30.27,65.73,31.38,32.57,65.05,93.01,9.22,43.01,86.84,103.32,81.49,19.72,23.77,101.04,82.15,66.27,12.53,81.58,56.73,58.01,77.1,40.8,82.04,66.48
14,29.61,33.54,22.36,43.83,42.8,22.83,9.85,53.15,33.54,25.5,26.02,36.06,23.71,55.22,0.0,47.17,18.97,73.24,53.26,59.09,15.03,31.14,24.17,28.23,21.93,67.98,39.7,10.3,43.83,50.8,67.08,9.06,39.0,25.5,29.43,35.01,14.04,75.21,46.86,20.22,39.32,49.04,39.32,57.01,34.06,50.33,70.71,33.42,42.8,56.08,13.6,18.6,23.71,33.73,58.52,14.32
15,73.82,80.62,65.46,71.57,86.61,55.08,54.59,52.15,55.23,64.54,45.89,52.77,65.28,15.03,47.17,0.0,61.03,115.43,99.13,42.2,45.04,76.32,34.37,55.73,29.02,79.25,84.31,46.87,90.35,85.43,78.26,55.36,34.67,63.0,19.21,18.36,54.64,78.0,15.26,31.24,74.41,93.01,68.24,11.18,23.77,89.11,67.27,65.62,13.45,66.71,45.61,45.97,66.85,26.4,67.08,56.3
16,33.24,24.19,4.47,57.25,25.61,38.33,9.22,49.04,24.19,7.07,44.28,28.64,32.65,71.42,18.97,61.03,0.0,55.32,38.48,60.3,33.38,15.81,43.08,44.28,39.96,56.08,23.32,14.21,30.81,32.14,55.32,19.24,57.94,37.34,41.88,45.19,6.4,65.95,63.78,30.02,21.02,32.02,23.71,69.35,52.15,31.38,64.5,46.49,59.46,46.1,15.65,17.26,5.83,40.52,49.04,5.0
17,67.27,46.57,51.22,97.49,30.53,85.8,63.6,85.73,64.41,50.93,95.27,68.88,74.04,126.62,73.24,115.43,55.32,0.0,26.02,102.53,85.48,42.54,97.1,91.42,95.0,72.01,34.0,69.35,35.51,34.48,72.0,69.35,111.65,80.36,96.26,98.23,61.62,86.01,119.1,84.22,42.54,24.6,51.48,122.61,107.2,27.29,92.54,88.53,114.77,72.01,70.01,69.53,49.82,91.84,74.81,60.31
18,41.76,21.95,34.01,71.81,15.0,61.77,44.65,81.01,56.14,37.11,72.11,61.13,49.24,108.41,53.26,99.13,38.48,26.02,0.0,95.52,63.25,22.83,75.74,67.08,75.07,75.96,15.52,52.35,10.3,35.78,75.61,47.42,89.64,55.54,80.13,83.67,44.72,89.19,100.12,68.43,36.35,10.77,46.27,107.78,87.0,26.42,92.4,63.25,96.05,71.39,54.13,55.36,32.7,78.77,74.53,42.94
19,88.26,84.48,64.12,99.2,80.62,78.49,59.91,17.8,39.46,59.01,74.33,34.53,82.76,56.72,59.09,42.2,60.3,102.53,95.52,0.0,67.42,75.01,63.66,82.01,55.87,44.1,80.22,51.24,90.01,68.15,43.27,67.78,71.56,83.73,38.29,31.4,55.9,38.33,56.92,39.96,60.88,86.15,51.24,39.01,59.36,75.58,26.31,90.14,53.85,34.66,47.8,43.93,65.07,27.02,33.3,57.87
20,29.41,41.73,36.14,31.89,55.01,11.18,24.19,64.66,47.76,40.2,11.0,49.66,20.4,49.04,15.03,45.04,33.38,85.48,63.25,67.42,0.0,42.94,13.04,14.87,16.03,82.08,51.48,24.74,53.15,65.49,81.15,16.12,26.4,18.11,31.62,38.63,29.0,88.32,39.92,27.66,54.15,60.9,54.33,56.0,25.5,64.29,82.62,22.83,36.69,69.78,27.51,32.31,37.36,40.5,72.01,29.07
21,30.08,12.04,11.4,59.14,12.08,44.15,22.02,62.17,36.67,16.12,52.92,41.59,34.0,85.91,31.14,76.32,15.81,42.54,22.83,75.01,42.94,0.0,54.64,50.01,53.08,63.6,8.6,29.53,15.13,29.55,63.01,26.83,69.12,40.05,57.31,60.93,21.93,75.29,77.83,45.62,22.63,18.03,30.53,84.97,65.19,24.19,75.96,49.0,73.66,55.9,31.38,32.98,10.2,56.32,59.03,20.12
22,42.15,54.49,46.52,37.7,66.57,21.1,34.01,64.41,52.24,49.34,11.7,52.95,32.89,36.4,24.17,34.37,43.08,97.1,75.74,63.66,13.04,54.64,0.0,21.38,7.81,85.38,63.25,31.4,65.76,74.46,84.4,28.32,14.87,29.43,25.5,32.65,37.64,89.69,27.2,26.93,62.82,72.67,61.2,45.54,12.65,74.46,82.37,31.26,24.33,72.53,33.06,37.01,47.85,37.01,74.33,38.28
23,26.91,45.19,46.01,17.2,61.85,6.0,35.69,79.51,61.74,51.35,10.0,64.01,18.03,56.32,28.23,55.73,44.28,91.42,67.08,82.01,14.87,50.01,21.38,0.0,27.86,96.18,57.97,38.48,56.8,76.03,95.27,25.08,27.86,12.04,45.18,52.35,41.23,102.93,47.17,42.45,65.28,67.05,66.94,66.91,33.0,73.33,97.45,10.0,45.0,84.12,41.59,46.53,47.0,55.0,86.45,40.79
24,45.12,54.64,43.83,44.72,64.66,26.31,31.4,56.8,46.0,45.62,18.87,46.27,36.35,34.0,21.93,29.02,39.96,95.0,75.07,55.87,16.03,53.08,7.81,27.86,0.0,78.45,61.62,26.93,65.44,70.23,77.47,28.3,20.0,34.01,17.8,25.0,34.0,82.28,25.24,19.65,58.52,70.94,55.9,40.01,12.21,71.12,74.71,37.36,21.47,65.51,27.89,31.26,45.22,29.21,67.19,34.99
25,89.27,75.6,57.28,111.51,62.17,90.79,62.13,27.86,34.44,50.21,92.36,32.57,88.23,94.2,67.98,79.25,56.08,72.01,75.96,44.1,82.08,63.6,85.38,96.18,78.45,0.0,64.01,57.7,75.18,40.52,1.0,73.25,98.15,92.11,66.01,62.2,56.3,14.0,91.2,58.86,41.34,65.19,33.3,80.01,87.37,50.0,22.83,100.85,87.09,13.04,54.63,49.77,57.28,54.08,12.17,57.43
26,36.12,15.52,18.87,66.01,4.0,52.2,30.41,66.19,41.0,21.59,61.33,46.0,41.3,94.26,39.7,84.31,23.32,34.0,15.52,80.22,51.48,8.6,63.25,57.97,61.62,64.01,0.0,37.44,11.18,26.25,63.53,35.36,77.7,47.52,65.19,68.43,29.68,76.56,86.28,53.34,22.85,9.43,32.28,92.66,73.76,18.79,78.59,56.22,82.07,57.87,38.95,39.92,17.49,63.32,61.03,28.02
27,37.16,35.51,18.6,54.08,39.82,33.12,9.0,43.6,23.26,18.87,35.51,25.81,32.8,57.28,10.3,46.87,14.21,69.35,52.35,51.24,24.74,29.53,31.4,38.48,26.93,57.7,37.44,0.0,44.01,43.32,56.8,17.2,46.1,35.38,27.78,31.62,7.81,65.0,49.82,16.16,31.62,46.23,30.0,55.46,38.91,44.42,60.88,43.6,45.45,45.79,3.61,8.49,20.0,28.07,48.26,9.43
28,31.78,11.66,26.48,61.98,13.45,51.48,35.78,76.66,51.24,31.0,61.85,56.22,39.0,99.05,43.83,90.35,30.81,35.51,10.3,90.01,53.15,15.13,65.76,56.8,65.44,75.18,11.18,44.01,0.0,36.8,74.71,37.48,79.51,45.31,71.59,75.61,36.69,87.73,90.6,60.17,34.01,13.93,43.32,99.4,77.23,28.43,89.56,53.16,86.61,68.95,46.17,48.05,25.32,71.31,72.11,34.79
29,59.46,40.82,30.02,87.48,23.35,70.03,41.3,51.24,31.24,25.32,76.42,35.23,62.17,98.18,50.8,85.43,32.14,34.48,35.78,68.15,65.49,29.55,74.46,76.03,70.23,40.52,26.25,43.32,36.8,0.0,40.26,51.0,89.29,67.74,66.85,67.36,36.88,54.13,91.79,55.23,11.7,25.06,17.8,91.22,82.08,9.49,59.0,76.94,87.32,38.05,42.54,40.31,29.07,60.11,41.01,36.5
30,88.53,75.0,56.57,110.64,61.74,89.89,61.29,26.93,33.54,49.5,91.42,31.62,87.42,93.21,67.08,78.26,55.32,72.0,75.61,43.27,81.15,63.01,84.4,95.27,77.47,1.0,63.53,56.8,74.71,40.26,0.0,72.4,97.16,91.27,65.01,61.2,55.47,14.04,90.2,57.87,40.82,64.85,32.65,79.06,86.37,49.73,22.36,99.98,86.09,12.04,53.71,48.85,56.59,53.08,11.18,56.61
31,20.62,26.4,21.02,38.48,38.91,19.1,11.18,60.8,39.2,26.31,26.25,42.45,15.62,62.27,9.06,55.36,19.24,69.35,47.42,67.78,16.12,26.83,28.32,25.08,28.3,73.25,35.36,17.2,37.48,51.0,72.4,0.0,42.44,18.87,38.21,44.0,17.0,81.57,53.54,29.27,40.2,44.78,42.38,65.51,39.82,48.84,77.99,27.73,49.74,62.01,20.81,25.61,22.09,42.76,64.66,16.16
32,53.25,68.01,61.33,40.0,81.12,30.53,48.85,75.27,66.0,64.2,18.87,66.19,43.83,30.27,39.0,34.67,57.94,111.65,89.64,71.56,26.4,69.12,14.87,27.86,20.0,98.15,77.7,46.1,79.51,89.29,97.16,42.44,0.0,38.95,34.01,40.31,52.5,101.24,21.84,39.32,77.62,87.13,75.66,45.18,12.21,89.32,92.85,37.36,21.47,85.16,47.52,51.16,62.65,46.62,86.68,53.14
33,14.87,33.84,38.08,19.92,51.48,8.54,30.02,78.64,58.01,44.27,20.12,61.07,6.32,65.73,25.5,63.0,37.34,80.36,55.54,83.73,18.11,40.05,29.43,12.04,34.01,92.11,47.52,35.38,45.31,67.74,91.27,18.87,38.95,0.0,49.48,56.32,35.85,100.26,56.52,43.83,57.72,56.29,60.93,74.03,41.98,64.01,96.18,9.22,53.76,80.8,38.9,43.86,38.83,57.27,83.41,34.89
34,58.01,62.3,46.32,62.27,67.42,42.72,35.85,41.48,37.7,45.34,36.62,36.14,50.36,31.38,29.43,19.21,41.88,96.26,80.13,38.29,31.62,57.31,25.5,45.18,17.8,66.01,65.19,27.78,71.59,66.85,65.01,38.21,34.01,49.48,0.0,7.21,35.51,67.68,25.96,12.04,55.61,73.82,50.12,27.86,22.14,70.09,58.87,54.23,21.59,53.0,26.4,26.91,47.71,12.65,54.08,37.22
35,64.2,66.94,49.66,69.46,70.33,49.77,40.26,36.35,36.89,47.71,43.83,34.44,56.89,32.57,35.01,18.36,45.19,98.23,83.67,31.4,38.63,60.93,32.65,52.35,25.0,62.2,68.43,31.62,75.61,67.36,61.2,44.0,40.31,56.32,7.21,0.0,39.0,62.65,29.02,15.52,56.57,76.66,50.0,24.41,28.18,71.51,53.16,61.33,25.02,49.37,29.55,28.84,50.99,8.25,50.09,40.85
36,34.41,29.02,10.82,55.46,32.02,35.44,5.83,46.07,22.63,11.7,40.0,26.4,32.02,65.05,14.04,54.64,6.4,61.62,44.72,55.9,29.0,21.93,37.64,41.23,34.0,56.3,29.68,7.81,36.69,36.88,55.47,17.0,52.5,35.85,35.51,39.0,0.0,65.07,57.49,23.71,25.32,38.42,25.71,63.06,46.14,37.12,62.43,44.72,53.15,45.34,9.49,12.04,12.21,34.71,48.1,2.0
37,99.09,87.13,67.8,119.04,75.03,97.91,70.77,26.31,42.45,60.8,97.95,39.2,97.0,93.01,75.21,78.0,65.95,86.01,89.19,38.33,88.32,75.29,89.69,102.93,82.28,14.0,76.56,65.0,87.73,54.13,14.04,81.57,101.24,100.26,67.68,62.65,65.07,0.0,91.35,62.77,53.71,78.45,44.78,76.79,89.74,63.56,12.53,108.6,87.57,19.85,61.61,56.61,68.01,55.11,16.97,66.47
38,69.29,79.88,67.94,61.29,89.11,48.05,55.87,65.12,63.57,68.6,37.22,62.1,60.08,9.22,46.86,15.26,63.78,119.1,100.12,56.92,39.92,77.83,27.2,47.17,25.24,91.2,86.28,49.82,90.6,91.79,90.2,53.54,21.84,56.52,25.96,29.02,57.49,91.35,0.0,36.67,80.26,95.46,75.64,24.21,14.56,94.05,81.22,57.14,4.47,78.31,49.65,51.48,69.35,37.12,79.1,58.8
39,49.82,51.42,34.48,59.55,55.47,38.6,24.74,37.74,27.46,33.3,35.81,27.0,43.32,43.01,20.22,31.24,30.02,84.22,68.43,39.96,27.66,45.62,26.93,42.45,19.65,58.86,53.34,16.16,60.17,55.23,57.87,29.27,39.32,43.83,12.04,15.52,23.71,62.77,36.67,0.0,43.83,61.85,39.0,39.36,29.07,58.14,55.76,50.22,32.2,45.89,14.42,15.0,35.85,13.6,47.54,25.5
40,51.0,34.66,19.65,77.62,21.59,59.3,30.02,45.18,21.93,14.0,65.12,26.57,52.5,86.84,39.32,74.41,21.02,42.54,36.35,60.88,54.15,22.63,62.82,65.28,58.52,41.34,22.85,31.62,34.01,11.7,40.82,40.2,77.62,57.72,55.61,56.57,25.32,53.71,80.26,43.83,0.0,26.02,10.0,80.72,70.38,15.26,56.09,66.94,75.8,35.17,30.87,28.84,18.97,49.68,38.33,25.08
41,44.05,23.02,27.66,74.24,6.4,61.35,39.62,71.06,46.69,29.07,70.68,51.62,50.01,103.32,49.04,93.01,32.02,24.6,10.77,86.15,60.9,18.03,72.67,67.05,70.94,65.19,9.43,46.23,13.93,25.06,64.85,44.78,87.13,56.29,73.82,76.66,38.42,78.45,95.46,61.85,26.02,0.0,36.01,101.02,83.1,15.81,81.88,64.78,91.22,60.83,47.43,47.89,26.25,71.11,63.95,36.88
42,56.4,42.44,24.21,80.78,31.4,61.13,31.32,35.23,13.45,17.2,65.28,17.49,56.36,81.49,39.32,68.24,23.71,51.48,46.27,51.24,54.33,30.53,61.2,66.94,55.9,33.3,32.28,30.0,43.32,17.8,32.65,42.38,75.66,60.93,50.12,50.0,25.71,44.78,75.64,39.0,10.0,36.01,0.0,73.59,67.19,24.35,46.32,70.01,71.18,25.63,28.16,24.74,24.08,42.52,28.79,26.25
43,84.48,90.14,73.82,82.71,94.67,66.19,63.69,52.2,60.21,72.11,57.07,57.01,76.11,19.72,57.01,11.18,69.35,122.61,107.78,39.01,56.0,84.97,45.54,66.91,40.01,80.01,92.66,55.46,99.4,91.22,79.06,65.51,45.18,74.03,27.86,24.41,63.06,76.79,24.21,39.36,80.72,101.02,73.59,0.0,34.79,95.78,65.19,76.79,23.71,68.15,53.71,53.25,75.18,31.11,68.01,64.85
44,54.78,66.22,56.04,48.05,76.84,33.54,43.6,63.6,56.44,57.71,23.0,56.04,45.54,23.77,34.06,23.77,52.15,107.2,87.0,59.36,25.5,65.19,12.65,33.0,12.21,87.37,73.76,38.91,77.23,82.08,86.37,39.82,12.21,41.98,22.14,28.18,46.14,89.74,14.56,29.07,70.38,83.1,67.19,34.79,0.0,83.24,80.99,43.0,12.0,74.33,39.56,42.45,57.43,34.79,75.66,47.17
45,54.13,34.18,28.16,83.29,15.26,67.36,40.5,59.23,37.12,25.55,74.95,41.63,58.08,101.04,50.33,89.11,31.38,27.29,26.42,75.58,64.29,24.19,74.46,73.33,71.12,50.0,18.79,44.42,28.43,9.49,49.73,48.84,89.32,64.01,70.09,71.51,37.12,63.56,94.05,58.14,15.26,15.81,24.35,95.78,83.24,0.0,68.07,73.06,89.63,47.01,44.41,43.19,26.93,64.82,50.04,36.25
46,96.83,87.32,67.08,114.11,77.67,92.85,67.8,18.03,40.31,60.42,91.53,36.06,93.61,82.15,70.71,67.27,64.5,92.54,92.4,26.31,82.62,75.96,82.37,97.45,74.71,22.83,78.59,60.88,89.56,59.0,22.36,77.99,92.85,96.18,58.87,53.16,62.43,12.53,81.22,55.76,56.09,81.88,46.32,65.19,80.99,68.07,0.0,104.0,77.67,21.1,57.31,52.4,67.54,46.24,18.03,64.07
47,21.54,41.98,47.3,10.77,60.21,11.66,38.91,86.27,66.57,53.45,20.0,69.4,15.0,66.27,33.42,65.62,46.49,88.53,63.25,90.14,22.83,49.0,31.26,10.0,37.36,100.85,56.22,43.6,53.16,76.94,99.98,27.73,37.36,9.22,54.23,61.33,44.72,108.6,57.14,50.22,66.94,64.78,70.01,76.79,43.0,73.06,104.0,0.0,55.0,89.31,47.01,52.01,48.05,63.29,91.84,43.86
48,66.1,76.01,63.66,59.84,84.85,45.4,51.66,61.29,59.14,64.2,35.0,57.72,57.01,12.53,42.8,13.45,59.46,114.77,96.05,53.85,36.69,73.66,24.33,45.0,21.47,87.09,82.07,45.45,86.61,87.32,86.09,49.74,21.47,53.76,21.59,25.02,53.15,87.57,4.47,32.2,75.8,91.22,71.18,23.71,12.0,89.63,77.67,55.0,0.0,74.17,45.22,47.01,65.07,33.02,75.03,54.49
49,79.25,67.6,48.01,99.86,56.75,78.89,51.09,17.03,22.8,41.05,79.85,20.12,77.34,81.58,56.08,66.71,46.1,72.01,71.39,34.66,69.78,55.9,72.53,84.12,65.51,13.04,57.87,45.79,68.95,38.05,12.04,62.01,85.16,80.8,53.0,49.37,45.34,19.85,78.31,45.89,35.17,60.83,25.63,68.15,74.33,47.01,21.1,89.31,74.17,0.0,42.54,37.59,48.26,41.19,3.16,46.69
50,40.72,38.21,20.12,57.43,41.05,36.36,12.17,40.0,20.25,19.1,38.08,22.47,36.4,56.73,13.6,45.61,15.65,70.01,54.13,47.8,27.51,31.38,33.06,41.59,27.89,54.63,38.95,3.61,46.17,42.54,53.71,20.81,47.52,38.9,26.4,29.55,9.49,61.61,49.65,14.42,30.87,47.43,28.16,53.71,39.56,44.41,57.31,47.01,45.22,42.54,0.0,5.0,21.47,25.32,44.94,11.4
51,45.18,41.0,21.59,62.43,41.59,41.34,16.16,35.23,15.52,18.87,42.72,17.49,41.23,58.01,18.6,45.97,17.26,69.53,55.36,43.93,32.31,32.98,37.01,46.53,31.26,49.77,39.92,8.49,48.05,40.31,48.85,25.61,51.16,43.86,26.91,28.84,12.04,56.61,51.48,15.0,28.84,47.89,24.74,53.25,42.45,43.19,52.4,52.01,47.01,37.59,5.0,0.0,22.8,23.41,39.96,14.04
52,32.45,19.92,1.41,58.69,19.85,41.0,13.89,52.89,27.51,7.21,48.05,32.28,33.53,77.1,23.71,66.85,5.83,49.82,32.7,65.07,37.36,10.2,47.85,47.0,45.22,57.28,17.49,20.0,25.32,29.07,56.59,22.09,62.65,38.83,47.71,50.99,12.21,68.01,69.35,35.85,18.97,26.25,24.08,75.18,57.43,26.93,67.54,48.05,65.07,48.26,21.47,22.8,0.0,46.17,51.31,10.63
53,63.35,63.51,44.92,72.2,64.88,51.62,37.05,28.86,29.21,42.05,47.38,26.42,56.92,40.8,33.73,26.4,40.52,91.84,78.77,27.02,40.5,56.32,37.01,55.0,29.21,54.08,63.32,28.07,71.31,60.11,53.08,42.76,46.62,57.27,12.65,8.25,34.71,55.11,37.12,13.6,49.68,71.11,42.52,31.11,34.79,64.82,46.24,63.29,33.02,41.19,25.32,23.41,46.17,0.0,42.01,36.67
54,82.13,70.71,51.04,102.34,59.91,81.3,53.81,16.12,25.5,44.1,81.94,22.47,80.06,82.04,58.52,67.08,49.04,74.81,74.53,33.3,72.01,59.03,74.33,86.45,67.19,12.17,61.03,48.26,72.11,41.01,11.18,64.66,86.68,83.41,54.08,50.09,48.1,16.97,79.1,47.54,38.33,63.95,28.79,68.01,75.66,50.04,18.03,91.84,75.03,3.16,44.94,39.96,51.31,42.01,0.0,49.5
55,32.8,27.02,9.22,54.63,30.48,34.93,5.1,47.85,24.08,11.18,40.05,28.02,30.81,66.48,14.32,56.3,5.0,60.31,42.94,57.87,29.07,20.12,38.28,40.79,34.99,57.43,28.02,9.43,34.79,36.5,56.61,16.16,53.14,34.89,37.22,40.85,2.0,66.47,58.8,25.5,25.08,36.88,26.25,64.85,47.17,36.25,64.07,43.86,54.49,46.69,11.4,14.04,10.63,36.67,49.5,0.0
