vehicles
vehicle_idx, capacity, cost_per_unit_distance
1,100,1
2,100,1
3,100,1
4,100,1
5,100,1
6,100,1
7,100,1
depot
node_idx,x,y
0,47,5
home delivery customers
node_idx,x,y,service_time,demand
1,3,9,10,22
2,41,53,10,2
3,71,99,10,14
4,11,1,10,22
5,71,33,10,24
6,61,13,10,15
7,13,59,10,16
8,21,11,10,12
9,81,71,10,2
10,27,37,10,3
11,63,63,10,3
12,23,63,10,23
13,47,93,10,16
14,45,43,10,9
15,53,59,10,16
16,97,83,10,18
17,75,31,10,16
self pickup customers
node_idx,x,y,service_time,demand,locker_idxs
18,1,19,10,20,49
19,97,35,10,14,50
20,89,45,10,26,58
21,85,85,10,9,55-52
22,57,11,10,11,53
23,43,99,10,14,51-48
24,87,73,10,8,55-59-57-52
25,89,75,10,10,55-52
26,11,9,10,2,49
27,95,59,10,20,52
28,37,21,10,13,54-49
29,33,47,10,25,54
30,83,7,10,14,50-53
31,69,91,10,4,59-48-52
32,13,11,10,13,49
flexible customers
node_idx,x,y,service_time,demand,locker_idxs
33,23,79,10,5,51
34,77,87,10,11,59-57-52-48
35,5,27,10,25,49
36,51,87,10,18,59-57-48
37,67,73,10,10,59-57-48
38,57,85,10,18,57-59-48
39,39,15,10,23,54-49
40,11,37,10,5,60
41,77,81,10,8,57-59-52-48
42,3,63,10,16,51
43,47,95,10,12,48-51
44,53,75,10,15,59-57-48
45,73,55,10,9,59-57-58
46,13,55,10,8,60
47,37,15,10,7,54-49
lockers
node_idx,x,y,service_time,capacity,cost_per_unit_good
48,65,88,10,92
49,25,15,10,81
50,93,12,10,86
51,22,88,10,74
52,77,88,10,90
53,72,14,10,81
54,43,29,10,86
55,102,92,10,87
56,49,40,10,84
57,69,72,10,72
58,68,39,10,75
59,71,81,10,93
60,34,45,10,83
mrt lines
start_node_idx,end_node_idx,freight_capacity,cost_per_unit_good
48,49,92,0.5
49,48,92,0.5
50,51,86,0.5
51,50,86,0.5
52,53,90,0.5
53,52,90,0.5
distance matrix
,0,1,2,3,4,5,6,7,8,9,10,11,12,13,14,15,16,17,18,19,20,21,22,23,24,25,26,27,28,29,30,31,32,33,34,35,36,37,38,39,40,41,42,43,44,45,46,47,48,49,50,51,52,53,54,55,56,57,58,59,60,
0,0.0,44.18,48.37,97.02,36.22,36.88,16.12,63.81,26.68,74.24,37.74,60.17,62.77,88.0,38.05,54.33,92.65,38.21,48.08,58.31,58.0,88.57,11.66,94.09,78.89,81.63,36.22,72.25,18.87,44.27,36.06,88.77,34.53,77.79,87.32,47.41,82.1,70.88,80.62,12.81,48.17,81.71,72.8,90.0,70.26,56.36,60.46,14.14,84.93,24.17,46.53,86.68,88.26,26.57,24.33,102.93,35.06,70.52,39.96,79.7,42.06
1,44.18,0.0,58.14,112.8,11.31,72.11,58.14,50.99,18.11,99.64,36.88,80.72,57.58,94.83,54.04,70.71,119.63,75.29,10.2,97.53,93.23,111.8,54.04,98.49,105.6,108.41,8.0,104.71,36.06,48.41,80.02,105.26,10.2,72.8,107.52,18.11,91.59,90.51,93.23,36.5,29.12,103.25,54.0,96.6,82.8,83.76,47.07,34.53,100.42,22.8,90.05,81.25,108.25,69.18,44.72,129.19,55.47,91.24,71.59,99.04,47.51
2,48.37,58.14,0.0,54.92,60.03,36.06,44.72,28.64,46.52,43.86,21.26,24.17,20.59,40.45,10.77,13.42,63.53,40.5,52.5,58.82,48.66,54.41,44.94,46.04,50.16,52.8,53.25,54.33,32.25,10.0,62.29,47.2,50.48,31.62,49.52,44.41,35.44,32.8,35.78,38.05,34.0,45.61,39.29,42.43,25.06,32.06,28.07,38.21,42.44,41.23,66.22,39.82,50.21,49.82,24.08,72.4,15.26,33.84,30.41,41.04,10.63
3,97.02,112.8,54.92,0.0,114.91,66.0,86.58,70.46,101.21,29.73,76.03,36.88,60.0,24.74,61.74,43.86,30.53,68.12,106.3,69.08,56.92,19.8,89.11,28.0,30.53,30.0,108.17,46.65,85.09,64.4,92.78,8.25,105.39,52.0,13.42,97.67,23.32,26.31,19.8,89.89,86.28,18.97,76.94,24.33,30.0,44.05,72.8,90.62,12.53,95.77,89.74,50.22,12.53,85.01,75.39,31.78,62.97,27.07,60.07,18.0,65.46
4,36.22,11.31,60.03,114.91,0.0,68.0,51.42,58.03,14.14,98.99,39.4,80.92,63.15,98.79,54.04,71.61,118.83,70.68,20.59,92.48,89.55,111.95,47.07,103.09,104.69,107.52,8.0,102.08,32.8,50.99,72.25,107.07,10.2,78.92,108.41,26.68,94.85,91.21,95.77,31.3,36.0,103.71,62.51,100.66,85.09,82.22,54.04,29.53,102.4,19.8,82.73,87.69,109.2,62.37,42.52,128.69,54.45,91.68,68.51,100.0,49.65
5,36.88,72.11,36.06,66.0,68.0,0.0,22.36,63.56,54.63,39.29,44.18,31.05,56.6,64.62,27.86,31.62,56.36,4.47,71.39,26.08,21.63,53.85,26.08,71.69,43.08,45.69,64.62,35.38,36.06,40.5,28.64,58.03,62.03,66.48,54.33,66.27,57.58,40.2,53.85,36.72,60.13,48.37,74.32,66.48,45.69,22.09,62.03,38.47,55.33,49.4,30.41,73.66,55.33,19.03,28.28,66.65,23.09,39.05,6.71,48.0,38.9
6,16.12,58.14,44.72,86.58,51.42,22.36,0.0,66.48,40.05,61.35,41.62,50.04,62.8,81.22,34.0,46.69,78.71,22.8,60.3,42.19,42.52,75.89,4.47,87.86,65.39,68.03,50.16,57.2,25.3,44.05,22.8,78.41,48.04,76.16,75.71,57.72,74.67,60.3,72.11,22.09,55.46,69.86,76.58,83.19,62.51,43.68,63.78,24.08,75.11,36.06,32.02,84.53,76.69,11.05,24.08,89.01,29.55,59.54,26.93,68.73,41.87
7,63.81,50.99,28.64,70.46,58.03,63.56,66.48,0.0,48.66,69.05,26.08,50.16,10.77,48.08,35.78,40.0,87.36,68.03,41.76,87.36,77.28,76.55,65.12,50.0,75.31,77.67,50.04,82.0,44.94,23.32,87.2,64.5,48.0,22.36,69.86,32.98,47.2,55.79,51.11,51.11,22.09,67.68,10.77,49.52,43.08,60.13,4.0,50.12,59.54,45.61,92.78,30.36,70.26,74.2,42.43,94.92,40.71,57.49,58.52,62.03,25.24
8,26.68,18.11,46.52,101.21,14.14,54.63,40.05,48.66,0.0,84.85,26.68,66.84,52.04,86.02,40.0,57.69,104.69,57.58,21.54,79.7,76.03,97.84,36.0,90.71,90.55,93.38,10.2,88.2,18.87,37.95,62.13,93.3,8.0,68.03,94.4,22.63,81.71,77.2,82.29,18.44,27.86,89.64,55.03,87.93,71.55,68.12,44.72,16.49,88.68,5.66,72.01,77.01,95.21,51.09,28.43,114.55,40.31,77.62,54.71,86.02,36.4
9,74.24,99.64,43.86,29.73,98.99,39.29,61.35,69.05,84.85,0.0,63.81,19.7,58.55,40.5,45.61,30.46,20.0,40.45,95.41,39.4,27.2,14.56,64.62,47.2,6.32,8.94,93.51,18.44,66.6,53.67,64.03,23.32,90.69,58.55,16.49,87.82,34.0,14.14,27.78,70.0,77.82,10.77,78.41,41.62,28.28,17.89,69.86,71.22,23.35,79.2,60.21,61.4,17.46,57.71,56.64,29.7,44.55,12.04,34.54,14.14,53.71
10,37.74,36.88,21.26,76.03,39.4,44.18,41.62,26.08,26.68,63.81,0.0,44.41,26.31,59.46,18.97,34.06,83.76,48.37,31.62,70.03,62.51,75.29,39.7,64.03,69.97,72.72,32.25,71.47,18.87,11.66,63.53,68.41,29.53,42.19,70.71,24.17,55.46,53.81,56.6,25.06,16.0,66.6,35.38,61.35,46.04,49.4,22.8,24.17,63.6,22.09,70.58,51.24,71.42,50.54,17.89,93.01,22.2,54.67,41.05,62.23,10.63
11,60.17,80.72,24.17,36.88,80.92,31.05,50.04,50.16,66.84,19.7,44.41,0.0,40.0,34.0,26.91,10.77,39.45,34.18,76.03,44.05,31.62,31.11,52.35,41.18,26.0,28.64,74.97,32.25,49.4,34.0,59.46,28.64,72.14,43.08,27.78,68.26,26.83,10.77,22.8,53.67,58.14,22.8,60.0,35.78,15.62,12.81,50.64,54.59,25.08,61.22,59.17,48.02,28.65,49.82,39.45,48.6,26.93,10.82,24.52,19.7,34.13
12,62.77,57.58,20.59,60.0,63.15,56.6,62.8,10.77,52.04,58.55,26.31,40.0,0.0,38.42,29.73,30.27,76.66,61.06,49.19,79.12,68.41,65.79,62.13,41.18,64.78,67.08,55.32,72.11,44.27,18.87,82.07,53.85,52.95,16.0,59.09,40.25,36.88,45.12,40.5,50.6,28.64,56.92,20.0,40.0,32.31,50.64,12.81,50.0,48.88,48.04,86.61,25.02,59.51,69.3,39.45,84.15,34.71,46.87,51.0,51.26,21.1
13,88.0,94.83,40.45,24.74,98.79,64.62,81.22,48.08,86.02,40.5,59.46,34.0,38.42,0.0,50.04,34.53,50.99,68.03,87.13,76.58,63.78,38.83,82.61,7.21,44.72,45.69,91.39,58.82,72.69,48.08,93.23,22.09,88.77,27.78,30.59,78.23,7.21,28.28,12.81,78.41,66.57,32.31,53.25,2.0,18.97,46.04,50.99,78.64,18.68,81.04,93.15,25.5,30.41,82.86,64.12,55.01,53.04,30.41,57.94,26.83,49.73
14,38.05,54.04,10.77,61.74,54.04,27.86,34.0,35.78,40.0,45.61,18.97,26.91,29.73,50.04,0.0,17.89,65.6,32.31,50.12,52.61,44.05,58.0,34.18,56.04,51.61,54.41,48.08,52.5,23.41,12.65,52.35,53.67,45.25,42.19,54.41,43.08,44.41,37.2,43.68,28.64,34.53,49.68,46.52,52.04,32.98,30.46,34.18,29.12,49.24,34.41,57.14,50.54,55.22,39.62,14.14,75.17,5.0,37.64,23.35,46.04,11.18
15,54.33,70.71,13.42,43.86,71.61,31.62,46.69,40.0,57.69,30.46,34.06,10.77,30.27,34.53,17.89,0.0,50.12,35.61,65.6,50.12,38.63,41.23,48.17,41.23,36.77,39.4,65.3,42.0,41.23,23.32,60.03,35.78,62.48,36.06,36.88,57.69,28.07,19.8,26.31,46.17,47.41,32.56,50.16,36.5,16.0,20.4,40.2,46.82,31.38,52.15,61.72,42.45,37.64,48.85,31.62,59.08,19.42,20.62,25.0,28.43,23.6
16,92.65,119.63,63.53,30.53,118.83,56.36,78.71,87.36,104.69,20.0,83.76,39.45,76.66,50.99,65.6,50.12,0.0,56.46,115.38,48.0,38.83,12.17,82.37,56.32,14.14,11.31,113.45,24.08,86.28,73.43,77.28,29.12,110.63,74.11,20.4,107.7,46.17,31.62,40.05,89.38,97.53,20.1,96.1,51.42,44.72,36.88,88.54,90.69,32.39,99.04,71.11,75.17,20.62,73.39,76.37,10.3,64.44,30.08,52.7,26.08,73.57
17,38.21,75.29,40.5,68.12,70.68,4.47,22.8,68.03,57.58,40.45,48.37,34.18,61.06,68.03,32.31,35.61,56.46,0.0,74.97,22.36,19.8,54.92,26.91,75.15,43.68,46.17,67.68,34.41,39.29,44.94,25.3,60.3,65.15,70.77,56.04,70.11,60.93,42.76,56.92,39.4,64.28,50.04,78.79,69.86,49.19,24.08,66.48,41.23,57.87,52.5,26.17,77.83,57.04,17.26,32.06,66.71,27.51,41.44,10.63,50.16,43.32
18,48.08,10.2,52.5,106.3,20.59,71.39,60.3,41.76,21.54,95.41,31.62,76.03,49.19,87.13,50.12,65.6,115.38,74.97,0.0,97.32,91.76,106.83,56.57,90.35,101.55,104.31,14.14,102.16,36.06,42.52,82.87,99.04,14.42,63.91,101.98,8.94,84.4,85.28,86.56,38.21,20.59,98.08,44.05,88.84,76.42,80.5,37.95,36.22,94.11,24.33,92.27,72.12,102.65,71.18,43.17,124.62,52.39,86.21,69.92,93.51,42.01
19,58.31,97.53,58.82,69.08,92.48,26.08,42.19,87.36,79.7,39.4,70.03,44.05,79.12,76.58,52.61,50.12,48.0,22.36,97.32,0.0,12.81,51.42,46.65,83.74,39.29,40.79,89.84,24.08,61.61,65.12,31.3,62.61,87.36,86.09,55.71,92.35,69.43,48.41,64.03,61.35,86.02,50.16,98.08,78.1,59.46,31.24,86.35,63.25,61.91,74.73,23.35,91.84,56.65,32.65,54.33,57.22,48.26,46.4,29.27,52.84,63.79
20,58.0,93.23,48.66,56.92,89.55,21.63,42.52,77.28,76.03,27.2,62.51,31.62,68.41,63.78,44.05,38.63,38.83,19.8,91.76,12.81,0.0,40.2,46.69,70.94,28.07,30.0,85.91,15.23,57.27,56.04,38.47,50.16,83.26,74.24,43.68,85.91,56.64,35.61,51.22,58.31,78.41,37.95,87.86,65.3,46.86,18.87,76.66,60.03,49.24,70.68,33.24,79.61,44.64,35.36,48.7,48.76,40.31,33.6,21.84,40.25,55.0
21,88.57,111.8,54.41,19.8,111.95,53.85,75.89,76.55,97.84,14.56,75.29,31.11,65.79,38.83,58.0,41.23,12.17,54.92,106.83,51.42,40.2,0.0,79.12,44.27,12.17,10.77,106.08,27.86,80.0,64.4,78.03,17.09,103.25,62.29,8.25,98.81,34.06,21.63,28.0,83.76,88.2,8.94,84.9,39.29,33.53,32.31,78.0,84.88,20.22,92.2,73.44,63.07,8.54,72.18,70.0,18.38,57.63,20.62,49.04,14.56,64.82
22,11.66,54.04,44.94,89.11,47.07,26.08,4.47,65.12,36.0,64.62,39.7,52.35,62.13,82.61,34.18,48.17,82.37,26.91,56.57,46.65,46.69,79.12,0.0,89.11,68.88,71.55,46.04,61.22,22.36,43.27,26.31,80.89,44.0,76.03,78.59,54.41,76.24,62.8,74.0,18.44,52.84,72.8,74.97,84.59,64.12,46.82,62.23,20.4,77.41,32.25,36.01,84.58,79.56,15.3,22.8,92.66,30.08,62.17,30.08,71.39,41.05
23,94.09,98.49,46.04,28.0,103.09,71.69,87.86,50.0,90.71,47.2,64.03,41.18,41.18,7.21,56.04,41.23,56.32,75.15,90.35,83.74,70.94,44.27,89.11,0.0,51.11,51.88,95.52,65.6,78.23,52.95,100.32,27.2,92.97,28.28,36.06,81.41,14.42,35.38,19.8,84.1,69.77,38.47,53.81,5.66,26.0,53.25,53.25,84.21,24.6,85.91,100.34,23.71,35.74,89.81,70.0,59.41,59.3,37.48,65.0,33.29,54.74
24,78.89,105.6,50.16,30.53,104.69,43.08,65.39,75.31,90.55,6.32,69.97,26.0,64.78,44.72,51.61,36.77,14.14,43.68,101.55,39.29,28.07,12.17,68.88,51.11,0.0,2.83,99.36,16.12,72.14,59.93,66.12,25.46,96.54,64.28,17.2,94.02,38.63,20.0,32.31,75.29,84.1,12.81,84.59,45.65,34.06,22.8,76.16,76.58,26.63,84.9,61.29,66.71,18.03,60.88,62.23,24.21,50.33,18.03,38.95,17.89,59.94
25,81.63,108.41,52.8,30.0,107.52,45.69,68.03,77.67,93.38,8.94,72.72,28.64,67.08,45.69,54.41,39.4,11.31,46.17,104.31,40.79,30.0,10.77,71.55,51.88,2.83,0.0,102.18,17.09,74.97,62.61,68.26,25.61,99.36,66.12,16.97,96.75,39.85,22.09,33.53,78.1,86.76,13.42,86.83,46.52,36.0,25.61,78.59,79.4,27.29,87.73,63.13,68.25,17.69,63.32,65.05,21.4,53.15,20.22,41.68,18.97,62.65
26,36.22,8.0,53.25,108.17,8.0,64.62,50.16,50.04,10.2,93.51,32.25,74.97,55.32,91.39,48.08,65.3,113.45,67.68,14.14,89.84,85.91,106.08,46.04,95.52,99.36,102.18,0.0,97.75,28.64,43.91,72.03,100.44,2.83,71.02,102.18,18.97,87.66,85.04,88.84,28.64,28.0,97.67,54.59,93.23,78.23,77.2,46.04,26.68,95.69,15.23,82.05,79.76,102.94,61.2,37.74,123.17,49.04,85.63,64.41,93.72,42.72
27,72.25,104.71,54.33,46.65,102.08,35.38,57.2,82.0,88.2,18.44,71.47,32.25,72.11,58.82,52.5,42.0,24.08,34.41,102.16,24.08,15.23,27.86,61.22,65.6,16.12,17.09,97.75,0.0,69.34,63.15,53.37,41.23,95.02,74.73,33.29,95.52,52.15,31.3,46.04,71.22,86.83,28.43,92.09,60.0,44.94,22.36,82.1,72.8,41.73,82.68,47.04,78.55,34.13,50.54,60.03,33.73,49.77,29.07,33.6,32.56,62.59
28,18.87,36.06,32.25,85.09,32.8,36.06,25.3,44.94,18.87,66.6,18.87,49.4,44.27,72.69,23.41,41.23,86.28,39.29,36.06,61.61,57.27,80.0,22.36,78.23,72.14,74.97,28.64,69.34,0.0,26.31,48.08,76.97,26.0,59.67,77.18,32.56,67.47,60.03,67.05,6.32,30.53,72.11,54.04,74.67,56.32,49.52,41.62,6.0,72.62,13.42,56.72,68.66,78.03,35.69,10.0,96.26,22.47,60.21,35.85,68.96,24.19
29,44.27,48.41,10.0,64.4,50.99,40.5,44.05,23.32,37.95,53.67,11.66,34.0,18.87,48.08,12.65,23.32,73.43,44.94,42.52,65.12,56.04,64.4,43.27,52.95,59.93,62.61,43.91,63.15,26.31,0.0,64.03,56.85,41.18,33.53,59.46,34.41,43.86,42.8,44.94,32.56,24.17,55.61,34.0,50.0,34.41,40.79,21.54,32.25,52.01,32.98,69.46,42.45,60.14,51.09,20.59,82.38,17.46,43.83,35.9,50.99,2.24
30,36.06,80.02,62.29,92.78,72.25,28.64,22.8,87.2,62.13,64.03,63.53,59.46,82.07,93.23,52.35,60.03,77.28,25.3,82.87,31.3,38.47,78.03,26.31,100.32,66.12,68.26,72.03,53.37,48.08,64.03,0.0,85.16,70.11,93.72,80.22,80.52,86.16,67.91,82.22,44.72,78.0,74.24,97.65,95.08,74.32,49.03,84.88,46.69,82.98,58.55,11.18,101.4,81.22,13.04,45.65,87.1,47.38,66.49,35.34,74.97,62.01
31,88.77,105.26,47.2,8.25,107.07,58.03,78.41,64.5,93.3,23.32,68.41,28.64,53.85,22.09,53.67,35.78,29.12,60.3,99.04,62.61,50.16,17.09,80.89,27.2,25.46,25.61,100.44,41.23,76.97,56.85,85.16,0.0,97.65,47.54,8.94,90.51,18.44,18.11,13.42,81.71,79.25,12.81,71.69,22.36,22.63,36.22,66.57,82.46,5.0,87.82,82.57,47.1,8.54,77.06,67.23,33.02,54.78,19.0,52.01,10.2,57.8
32,34.53,10.2,50.48,105.39,10.2,62.03,48.04,48.0,8.0,90.69,29.53,72.14,52.95,88.77,45.25,62.48,110.63,65.15,14.42,87.36,83.26,103.25,44.0,92.97,96.54,99.36,2.83,95.02,26.0,41.18,70.11,97.65,0.0,68.73,99.36,17.89,84.97,82.22,86.09,26.31,26.08,94.85,52.95,90.62,75.47,74.4,44.0,24.33,92.91,12.65,80.01,77.52,100.12,59.08,34.99,120.34,46.23,82.81,61.72,90.91,39.96
33,77.79,72.8,31.62,52.0,78.92,66.48,76.16,22.36,68.03,58.55,42.19,43.08,16.0,27.78,42.19,36.06,74.11,70.77,63.91,86.09,74.24,62.29,76.03,28.28,64.28,66.12,71.02,74.73,59.67,33.53,93.72,47.54,68.73,0.0,54.59,55.03,29.12,44.41,34.53,65.97,43.68,54.04,25.61,28.84,30.27,55.46,26.0,65.51,42.95,64.03,96.9,9.06,54.74,81.4,53.85,80.06,46.87,46.53,60.21,48.04,35.74
34,87.32,107.52,49.52,13.42,108.41,54.33,75.71,69.86,94.4,16.49,70.71,27.78,59.09,30.59,54.41,36.88,20.4,56.04,101.98,55.71,43.68,8.25,78.59,36.06,17.2,16.97,102.18,33.29,77.18,59.46,80.22,8.94,99.36,54.59,0.0,93.72,26.0,17.2,20.1,81.41,82.8,6.0,77.79,31.05,26.83,32.25,71.55,82.37,12.04,88.81,76.69,55.01,1.0,73.17,67.23,25.5,54.71,17.0,48.84,8.49,60.11
35,47.41,18.11,44.41,97.67,26.68,66.27,57.72,32.98,22.63,87.82,24.17,68.26,40.25,78.23,43.08,57.69,107.7,70.11,8.94,92.35,85.91,98.81,54.41,81.41,94.02,96.75,18.97,95.52,32.56,34.41,80.52,90.51,17.89,55.03,93.72,0.0,75.6,77.2,77.9,36.06,11.66,90.0,36.06,79.92,67.88,73.54,29.12,34.18,85.56,23.32,89.27,63.32,94.37,68.25,38.05,116.76,45.88,78.24,64.13,85.28,34.13
36,82.1,91.59,35.44,23.32,94.85,57.58,74.67,47.2,81.71,34.0,55.46,26.83,36.88,7.21,44.41,28.07,46.17,60.93,84.4,69.43,56.64,34.06,76.24,14.42,38.63,39.85,87.66,52.15,67.47,43.86,86.16,18.44,84.97,29.12,26.0,75.6,0.0,21.26,6.32,72.99,64.03,26.68,53.67,8.94,12.17,38.83,49.68,73.35,14.04,76.55,85.96,29.02,26.02,75.96,58.55,51.24,47.04,23.43,50.92,20.88,45.31
37,70.88,90.51,32.8,26.31,91.21,40.2,60.3,55.79,77.2,14.14,53.81,10.77,45.12,28.28,37.2,19.8,31.62,42.76,85.28,48.41,35.61,21.63,62.8,35.38,20.0,22.09,85.04,31.3,60.03,42.8,67.91,18.11,82.22,44.41,17.2,77.2,21.26,0.0,15.62,64.4,66.57,12.81,64.78,29.73,14.14,18.97,56.92,65.3,15.13,71.61,66.31,47.43,18.03,59.21,50.12,39.82,37.59,2.24,34.01,8.94,43.28
38,80.62,93.23,35.78,19.8,95.77,53.85,72.11,51.11,82.29,27.78,56.6,22.8,40.5,12.81,43.68,26.31,40.05,56.92,86.56,64.03,51.22,28.0,74.0,19.8,32.31,33.53,88.84,46.04,67.05,44.94,82.22,13.42,86.09,34.53,20.1,77.9,6.32,15.62,0.0,72.28,66.48,20.4,58.31,14.14,10.77,34.0,53.25,72.8,8.54,76.97,81.39,35.13,20.22,72.57,57.72,45.54,45.71,17.69,47.3,14.56,46.14
39,12.81,36.5,38.05,89.89,31.3,36.72,22.09,51.11,18.44,70.0,25.06,53.67,50.6,78.41,28.64,46.17,89.38,39.4,38.21,61.35,58.31,83.76,18.44,84.1,75.29,78.1,28.64,71.22,6.32,32.56,44.72,81.71,26.31,65.97,81.41,36.06,72.99,64.4,72.28,0.0,35.61,76.16,60.0,80.4,61.61,52.5,47.71,2.0,77.49,14.0,54.08,74.95,82.3,33.02,14.56,99.49,26.93,64.41,37.64,73.35,30.41
40,48.17,29.12,34.0,86.28,36.0,60.13,55.46,22.09,27.86,77.82,16.0,58.14,28.64,66.57,34.53,47.41,97.53,64.28,20.59,86.02,78.41,88.2,52.84,69.77,84.1,86.76,28.0,86.83,30.53,24.17,78.0,79.25,26.08,43.68,82.8,11.66,64.03,66.57,66.48,35.61,0.0,79.32,27.2,68.26,56.64,64.56,18.11,34.06,74.28,26.08,85.73,52.17,83.41,65.19,32.98,106.33,38.12,67.74,57.04,74.4,24.35
41,81.71,103.25,45.61,18.97,103.71,48.37,69.86,67.68,89.64,10.77,66.6,22.8,56.92,32.31,49.68,32.56,20.1,50.04,98.08,50.16,37.95,8.94,72.8,38.47,12.81,13.42,97.67,28.43,72.11,55.61,74.24,12.81,94.85,54.04,6.0,90.0,26.68,12.81,20.4,76.16,79.32,0.0,76.16,33.11,24.74,26.31,69.08,77.18,13.89,84.02,70.83,55.44,7.0,67.19,62.13,27.31,49.65,12.04,42.95,6.0,56.08
42,72.8,54.0,39.29,76.94,62.51,74.32,76.58,10.77,55.03,78.41,35.38,60.0,20.0,53.25,46.52,50.16,96.1,78.79,44.05,98.08,87.86,84.9,74.97,53.81,84.59,86.83,54.59,92.09,54.04,34.0,97.65,71.69,52.95,25.61,77.79,36.06,53.67,64.78,58.31,60.0,27.2,76.16,0.0,54.41,51.42,70.46,12.81,58.82,66.85,52.8,103.45,31.4,78.11,84.63,52.5,103.16,51.43,66.61,69.29,70.34,35.85
43,90.0,96.6,42.43,24.33,100.66,66.48,83.19,49.52,87.93,41.62,61.35,35.78,40.0,2.0,52.04,36.5,51.42,69.86,88.84,78.1,65.3,39.29,84.59,5.66,45.65,46.52,93.23,60.0,74.67,50.0,95.08,22.36,90.62,28.84,31.05,79.92,8.94,29.73,14.14,80.4,68.26,33.11,54.41,0.0,20.88,47.71,52.5,80.62,19.31,82.97,94.89,25.96,30.81,84.77,66.12,55.08,55.04,31.83,59.81,27.78,51.66
44,70.26,82.8,25.06,30.0,85.09,45.69,62.51,43.08,71.55,28.28,46.04,15.62,32.31,18.97,32.98,16.0,44.72,49.19,76.42,59.46,46.86,33.53,64.12,26.0,34.06,36.0,78.23,44.94,56.32,34.41,74.32,22.63,75.47,30.27,26.83,67.88,12.17,14.14,10.77,61.61,56.64,24.74,51.42,20.88,0.0,28.28,44.72,62.1,17.69,66.21,74.63,33.62,27.29,63.89,47.07,51.87,35.23,16.28,39.0,18.97,35.51
45,56.36,83.76,32.06,44.05,82.22,22.09,43.68,60.13,68.12,17.89,49.4,12.81,50.64,46.04,30.46,20.4,36.88,24.08,80.5,31.24,18.87,32.31,46.82,53.25,22.8,25.61,77.2,22.36,49.52,40.79,49.03,36.22,74.4,55.46,32.25,73.54,38.83,18.97,34.0,52.5,64.56,26.31,70.46,47.71,28.28,0.0,60.0,53.81,33.96,62.48,47.42,60.75,33.24,41.01,39.7,47.01,28.3,17.46,16.76,26.08,40.26
46,60.46,47.07,28.07,72.8,54.04,62.03,63.78,4.0,44.72,69.86,22.8,50.64,12.81,50.99,34.18,40.2,88.54,66.48,37.95,86.35,76.66,78.0,62.23,53.25,76.16,78.59,46.04,82.1,41.62,21.54,84.88,66.57,44.0,26.0,71.55,29.12,49.68,56.92,53.25,47.71,18.11,69.08,12.81,52.5,44.72,60.0,0.0,46.65,61.59,41.76,90.82,34.21,72.01,71.85,39.7,96.38,39.0,58.52,57.28,63.56,23.26
47,14.14,34.53,38.21,90.62,29.53,38.47,24.08,50.12,16.49,71.22,24.17,54.59,50.0,78.64,29.12,46.82,90.69,41.23,36.22,63.25,60.03,84.88,20.4,84.21,76.58,79.4,26.68,72.8,6.0,32.25,46.69,82.46,24.33,65.51,82.37,34.18,73.35,65.3,72.8,2.0,34.06,77.18,58.82,80.62,62.1,53.81,46.65,0.0,78.19,12.0,56.08,74.53,83.24,35.01,15.23,100.77,27.73,65.37,39.2,74.24,30.15
48,84.93,100.42,42.44,12.53,102.4,55.33,75.11,59.54,88.68,23.35,63.6,25.08,48.88,18.68,49.24,31.38,32.39,57.87,94.11,61.91,49.24,20.22,77.41,24.6,26.63,27.29,95.69,41.73,72.62,52.01,82.98,5.0,92.91,42.95,12.04,85.56,14.04,15.13,8.54,77.49,74.28,13.89,66.85,19.31,17.69,33.96,61.59,78.19,0.0,83.24,80.99,43.0,12.0,74.33,62.97,37.22,50.6,16.49,49.09,9.22,53.01
49,24.17,22.8,41.23,95.77,19.8,49.4,36.06,45.61,5.66,79.2,22.09,61.22,48.04,81.04,34.41,52.15,99.04,52.5,24.33,74.73,70.68,92.2,32.25,85.91,84.9,87.73,15.23,82.68,13.42,32.98,58.55,87.82,12.65,64.03,88.81,23.32,76.55,71.61,76.97,14.0,26.08,84.02,52.8,82.97,66.21,62.48,41.76,12.0,83.24,0.0,68.07,73.06,89.63,47.01,22.8,108.89,34.66,72.01,49.24,80.45,31.32
50,46.53,90.05,66.22,89.74,82.73,30.41,32.02,92.78,72.01,60.21,70.58,59.17,86.61,93.15,57.14,61.72,71.11,26.17,92.27,23.35,33.24,73.44,36.01,100.34,61.29,63.13,82.05,47.04,56.72,69.46,11.18,82.57,80.01,96.9,76.69,89.27,85.96,66.31,81.39,54.08,85.73,70.83,103.45,94.89,74.63,47.42,90.82,56.08,80.99,68.07,0.0,104.0,77.67,21.1,52.81,80.5,52.15,64.62,36.8,72.42,67.6
51,86.68,81.25,39.82,50.22,87.69,73.66,84.53,30.36,77.01,61.4,51.24,48.02,25.02,25.5,50.54,42.45,75.17,77.83,72.12,91.84,79.61,63.07,84.58,23.71,66.71,68.25,79.76,78.55,68.66,42.45,101.4,47.1,77.52,9.06,55.01,63.32,29.02,47.43,35.13,74.95,52.17,55.44,31.4,25.96,33.62,60.75,34.21,74.53,43.0,73.06,104.0,0.0,55.0,89.31,62.63,80.1,55.07,49.65,67.21,49.5,44.64
52,88.26,108.25,50.21,12.53,109.2,55.33,76.69,70.26,95.21,17.46,71.42,28.65,59.51,30.41,55.22,37.64,20.62,57.04,102.65,56.65,44.64,8.54,79.56,35.74,18.03,17.69,102.94,34.13,78.03,60.14,81.22,8.54,100.12,54.74,1.0,94.37,26.02,18.03,20.22,82.3,83.41,7.0,78.11,30.81,27.29,33.24,72.01,83.24,12.0,89.63,77.67,55.0,0.0,74.17,68.1,25.32,55.57,17.89,49.82,9.22,60.81
53,26.57,69.18,49.82,85.01,62.37,19.03,11.05,74.2,51.09,57.71,50.54,49.82,69.3,82.86,39.62,48.85,73.39,17.26,71.18,32.65,35.36,72.18,15.3,89.81,60.88,63.32,61.2,50.54,35.69,51.09,13.04,77.06,59.08,81.4,73.17,68.25,75.96,59.21,72.57,33.02,65.19,67.19,84.63,84.77,63.89,41.01,71.85,35.01,74.33,47.01,21.1,89.31,74.17,0.0,32.65,83.57,34.71,58.08,25.32,67.01,49.04
54,24.33,44.72,24.08,75.39,42.52,28.28,24.08,42.43,28.43,56.64,17.89,39.45,39.45,64.12,14.14,31.62,76.37,32.06,43.17,54.33,48.7,70.0,22.8,70.0,62.23,65.05,37.74,60.03,10.0,20.59,45.65,67.23,34.99,53.85,67.23,38.05,58.55,50.12,57.72,14.56,32.98,62.13,52.5,66.12,47.07,39.7,39.7,15.23,62.97,22.8,52.81,62.63,68.1,32.65,0.0,86.31,12.53,50.25,26.93,59.06,18.36
55,102.93,129.19,72.4,31.78,128.69,66.65,89.01,94.92,114.55,29.7,93.01,48.6,84.15,55.01,75.17,59.08,10.3,66.71,124.62,57.22,48.76,18.38,92.66,59.41,24.21,21.4,123.17,33.73,96.26,82.38,87.1,33.02,120.34,80.06,25.5,116.76,51.24,39.82,45.54,99.49,106.33,27.31,103.16,55.08,51.87,47.01,96.38,100.77,37.22,108.89,80.5,80.1,25.32,83.57,86.31,0.0,74.25,38.59,62.97,32.89,82.66
56,35.06,55.47,15.26,62.97,54.45,23.09,29.55,40.71,40.31,44.55,22.2,26.93,34.71,53.04,5.0,19.42,64.44,27.51,52.39,48.26,40.31,57.63,30.08,59.3,50.33,53.15,49.04,49.77,22.47,17.46,47.38,54.78,46.23,46.87,54.71,45.88,47.04,37.59,45.71,26.93,38.12,49.65,51.43,55.04,35.23,28.3,39.0,27.73,50.6,34.66,52.15,55.07,55.57,34.71,12.53,74.25,0.0,37.74,19.03,46.53,15.81
57,70.52,91.24,33.84,27.07,91.68,39.05,59.54,57.49,77.62,12.04,54.67,10.82,46.87,30.41,37.64,20.62,30.08,41.44,86.21,46.4,33.6,20.62,62.17,37.48,18.03,20.22,85.63,29.07,60.21,43.83,66.49,19.0,82.81,46.53,17.0,78.24,23.43,2.24,17.69,64.41,67.74,12.04,66.61,31.83,16.28,17.46,58.52,65.37,16.49,72.01,64.62,49.65,17.89,58.08,50.25,38.59,37.74,0.0,33.02,9.22,44.2
58,39.96,71.59,30.41,60.07,68.51,6.71,26.93,58.52,54.71,34.54,41.05,24.52,51.0,57.94,23.35,25.0,52.7,10.63,69.92,29.27,21.84,49.04,30.08,65.0,38.95,41.68,64.41,33.6,35.85,35.9,35.34,52.01,61.72,60.21,48.84,64.13,50.92,34.01,47.3,37.64,57.04,42.95,69.29,59.81,39.0,16.76,57.28,39.2,49.09,49.24,36.8,67.21,49.82,25.32,26.93,62.97,19.03,33.02,0.0,42.11,34.53
59,79.7,99.04,41.04,18.0,100.0,48.0,68.73,62.03,86.02,14.14,62.23,19.7,51.26,26.83,46.04,28.43,26.08,50.16,93.51,52.84,40.25,14.56,71.39,33.29,17.89,18.97,93.72,32.56,68.96,50.99,74.97,10.2,90.91,48.04,8.49,85.28,20.88,8.94,14.56,73.35,74.4,6.0,70.34,27.78,18.97,26.08,63.56,74.24,9.22,80.45,72.42,49.5,9.22,67.01,59.06,32.89,46.53,9.22,42.11,0.0,51.62
60,42.06,47.51,10.63,65.46,49.65,38.9,41.87,25.24,36.4,53.71,10.63,34.13,21.1,49.73,11.18,23.6,73.57,43.32,42.01,63.79,55.0,64.82,41.05,54.74,59.94,62.65,42.72,62.59,24.19,2.24,62.01,57.8,39.96,35.74,60.11,34.13,45.31,43.28,46.14,30.41,24.35,56.08,35.85,51.66,35.51,40.26,23.26,30.15,53.01,31.32,67.6,44.64,60.81,49.04,18.36,82.66,15.81,44.2,34.53,51.62,0.0
