vehicles
vehicle_idx, capacity, cost_per_unit_distance
1,100,3
2,100,3
3,100,3
4,100,3
5,100,3
6,100,3
depot
node_idx,x,y
0,31,73
home delivery customers
node_idx,x,y,service_time,demand
1,71,5,10,6
2,6,56,10,17
3,48,50,10,8
4,49,68,10,2
5,64,30,10,24
6,40,72,10,6
7,1,44,10,21
8,60,95,10,10
9,46,53,10,21
10,28,43,10,24
11,3,9,10,11
12,1,100,10,16
13,53,46,10,8
14,2,35,10,22
15,90,68,10,3
16,33,31,10,18
self pickup customers
node_idx,x,y,service_time,demand,locker_idxs
17,52,96,10,2,45-49
18,81,29,10,12,50-47
19,85,29,10,8,47-50
20,11,16,10,5,46
21,56,37,10,22,51-54
22,13,81,10,14,48
23,96,55,10,23,54
24,32,23,10,21,46
25,6,13,10,2,46
26,87,5,10,10,47-50
27,15,33,10,13,46
28,6,25,10,11,46
29,96,88,10,17,49
30,95,94,10,8,49
flexible customers
node_idx,x,y,service_time,demand,locker_idxs
31,11,67,10,19,55-53-48
32,97,62,10,20,54
33,91,17,10,14,52-47-50
34,74,98,10,7,49-45
35,66,80,10,17,45-49
36,36,17,10,15,46-50
37,75,61,10,20,54-49
38,27,49,10,6,51-53-55
39,98,8,10,11,52-47
40,7,81,10,22,48
41,32,94,10,17,48
42,9,11,10,23,46
43,96,16,10,5,52-47
44,6,59,10,12,53-55
lockers
node_idx,x,y,service_time,capacity,cost_per_unit_good
45,65,88,10,86
46,25,15,10,71
47,93,12,10,88
48,22,88,10,97
49,77,88,10,95
50,72,14,10,99
51,35,51,10,95
52,110,26,10,87
53,27,55,10,75
54,75,57,10,72
55,7,61,10,96
56,70,34,10,84
mrt lines
start_node_idx,end_node_idx,freight_capacity,cost_per_unit_good
0,1,86,0.1
1,0,86,0.1
2,3,97,0.1
distance matrix
,0,1,2,3,4,5,6,7,8,9,10,11,12,13,14,15,16,17,18,19,20,21,22,23,24,25,26,27,28,29,30,31,32,33,34,35,36,37,38,39,40,41,42,43,44,45,46,47,48,49,50,51,52,53,54,55,56,
0,0.0,78.89,30.23,28.6,18.68,54.2,9.06,41.73,36.4,25.0,30.15,69.86,40.36,34.83,47.8,59.21,42.05,31.14,66.6,69.66,60.41,43.83,19.7,67.45,50.01,65.0,88.09,43.08,54.12,66.71,67.36,20.88,66.91,82.07,49.74,35.69,56.22,45.61,24.33,93.35,25.3,21.02,65.79,86.45,28.65,37.16,58.31,86.98,17.49,48.38,71.85,22.36,91.92,18.44,46.82,26.83,55.15
1,78.89,0.0,82.62,50.54,66.73,25.96,73.82,80.13,90.67,54.12,57.38,68.12,118.0,44.78,75.24,65.8,46.04,92.96,26.0,27.78,61.0,35.34,95.6,55.9,42.95,65.49,16.0,62.61,68.01,86.68,92.18,86.28,62.65,23.32,93.05,75.17,37.0,56.14,62.23,27.17,99.36,97.17,62.29,27.31,84.5,83.22,47.07,23.09,96.38,83.22,9.06,58.41,44.29,66.6,52.15,85.04,29.02
2,30.23,82.62,0.0,42.43,44.64,63.56,37.58,13.0,66.61,40.11,25.55,47.1,44.28,48.05,21.38,84.85,36.8,60.96,79.71,83.49,40.31,53.49,25.96,90.01,42.01,43.0,95.72,24.7,31.0,95.52,96.77,12.08,91.2,93.52,79.92,64.62,49.2,69.18,22.14,103.77,25.02,46.04,45.1,98.49,3.0,67.12,45.19,97.49,35.78,77.88,78.23,29.43,108.24,21.02,69.01,5.1,67.68
3,28.6,50.54,42.43,0.0,18.03,25.61,23.41,47.38,46.57,3.61,21.19,60.88,68.62,6.4,48.38,45.69,24.21,46.17,39.12,42.54,50.25,15.26,46.75,48.26,31.38,55.97,59.55,37.12,48.88,61.22,64.38,40.72,50.45,54.2,54.59,34.99,35.11,29.15,21.02,65.3,51.4,46.82,55.15,58.82,42.95,41.63,41.88,58.9,46.04,47.8,43.27,13.04,66.48,21.59,27.89,42.45,27.2
4,18.68,66.73,44.64,18.03,0.0,40.85,9.85,53.67,29.15,15.3,32.65,74.81,57.69,22.36,57.43,41.0,40.31,28.16,50.45,53.08,64.4,31.78,38.28,48.76,48.1,69.81,73.57,48.8,60.81,51.08,52.84,38.01,48.37,66.07,39.05,20.81,52.63,26.93,29.07,77.47,43.97,31.06,69.63,70.09,43.93,25.61,58.18,71.22,33.6,34.41,58.69,22.02,74.06,25.55,28.23,42.58,39.96
5,54.2,25.96,63.56,25.61,40.85,0.0,48.37,64.54,65.12,29.21,38.28,64.51,94.18,19.42,62.2,46.04,31.02,67.08,17.03,21.02,54.82,10.63,72.12,40.61,32.76,60.44,33.97,49.09,58.22,66.24,71.11,64.64,45.97,29.97,68.73,50.04,30.87,32.89,41.59,40.5,76.49,71.55,58.19,34.93,64.85,58.01,41.79,34.13,71.61,59.44,17.89,35.81,46.17,44.65,29.15,64.88,7.21
6,9.06,73.82,37.58,23.41,9.85,48.37,0.0,48.01,30.48,19.92,31.38,73.06,48.01,29.07,53.04,50.16,41.59,26.83,59.41,62.24,63.06,38.48,28.46,58.52,49.65,68.1,81.84,46.32,58.01,58.24,59.24,29.43,57.87,75.01,42.8,27.2,55.15,36.69,26.42,86.37,34.21,23.41,68.43,79.2,36.4,29.68,58.94,80.06,24.08,40.31,66.24,21.59,83.76,21.4,38.08,34.79,48.41
7,41.73,80.13,13.0,47.38,53.67,64.54,48.01,0.0,77.99,45.89,27.02,35.06,56.0,52.04,9.06,92.18,34.54,72.84,81.39,85.33,29.73,55.44,38.9,95.63,37.44,31.4,94.43,17.8,19.65,104.69,106.47,25.08,97.67,93.96,90.8,74.3,44.2,75.93,26.48,103.46,37.48,58.83,33.96,99.04,15.81,77.67,37.64,97.41,48.75,87.82,77.08,34.71,110.48,28.23,75.13,18.03,69.72
8,36.4,90.67,66.61,46.57,29.15,65.12,30.48,77.99,0.0,44.27,61.06,103.17,59.21,49.5,83.45,40.36,69.46,8.06,69.26,70.58,92.96,58.14,49.04,53.81,77.25,98.18,93.96,76.61,88.41,36.67,35.01,56.44,49.58,83.93,14.32,16.16,81.61,37.16,56.61,94.94,54.82,28.02,98.27,86.82,64.9,8.6,87.32,89.32,38.64,18.38,81.88,50.61,85.21,51.86,40.85,62.97,61.81
9,25.0,54.12,40.11,3.61,15.3,29.21,19.92,45.89,44.27,0.0,20.59,61.52,65.07,9.9,47.54,46.49,25.55,43.42,42.44,45.79,50.93,18.87,43.28,50.04,33.11,56.57,63.13,36.89,48.83,61.03,63.89,37.7,51.79,57.63,53.0,33.6,37.36,30.08,19.42,68.77,48.01,43.32,55.97,62.2,40.45,39.82,43.42,62.37,42.44,46.75,46.87,11.18,69.46,19.1,29.27,39.81,30.61
10,30.15,57.38,25.55,21.19,32.65,38.28,31.38,27.02,61.06,20.59,0.0,42.2,63.07,25.18,27.2,66.85,13.0,58.18,54.82,58.69,31.91,28.64,40.85,69.05,20.4,37.2,70.18,16.4,28.43,81.54,84.2,29.41,71.57,68.15,71.7,53.04,27.2,50.33,6.08,78.26,43.42,51.16,37.22,73.16,27.2,58.26,28.16,72.01,45.4,66.53,52.7,10.63,83.74,12.04,49.04,27.66,42.95
11,69.86,68.12,47.1,60.88,74.81,64.51,73.06,35.06,103.17,61.52,42.2,0.0,91.02,62.2,26.02,105.12,37.2,99.85,80.52,84.4,10.63,59.94,72.69,103.75,32.2,5.0,84.1,26.83,16.28,122.02,125.26,58.55,107.91,88.36,113.85,94.92,33.96,88.81,46.65,95.01,72.11,89.81,6.32,93.26,50.09,100.42,22.8,90.05,81.25,108.25,69.18,52.8,108.34,51.88,86.53,52.15,71.51
12,40.36,118.0,44.28,68.62,57.69,94.18,48.01,56.0,59.21,65.07,63.07,91.02,0.0,74.97,65.01,94.58,76.06,51.16,106.96,109.99,84.59,83.63,22.47,105.12,83.01,87.14,128.14,68.45,75.17,95.75,94.19,34.48,103.25,122.43,73.03,68.01,90.08,83.65,57.25,133.69,19.92,31.58,89.36,126.81,41.3,65.12,88.32,127.31,24.19,76.94,111.52,59.64,131.75,51.97,85.59,39.46,95.48
13,34.83,44.78,48.05,6.4,22.36,19.42,29.07,52.04,49.5,9.9,25.18,62.2,74.97,0.0,52.17,43.05,25.0,50.01,32.76,36.24,51.61,9.49,53.15,43.93,31.14,57.43,53.26,40.16,51.48,60.11,63.78,46.96,46.82,47.8,56.08,36.4,33.62,26.63,26.17,58.9,57.8,52.39,56.22,52.43,48.76,43.68,41.77,52.5,52.2,48.37,37.22,18.68,60.41,27.51,24.6,48.38,20.81
14,47.8,75.24,21.38,48.38,57.43,62.2,53.04,9.06,83.45,47.54,27.2,26.02,65.01,52.17,0.0,93.98,31.26,78.87,79.23,83.22,21.02,54.04,47.3,96.1,32.31,22.36,90.14,13.15,10.77,107.91,110.14,33.24,98.76,90.8,95.67,78.24,38.47,77.49,28.65,99.72,46.27,66.19,25.0,95.9,24.33,82.33,30.48,93.86,56.65,91.84,73.08,36.67,108.37,32.02,76.24,26.48,68.01
15,59.21,65.8,84.85,45.69,41.0,46.04,50.16,92.18,40.36,46.49,66.85,105.12,94.58,43.05,93.98,0.0,67.96,47.2,40.02,39.32,94.58,46.01,78.09,14.32,73.41,100.4,63.07,82.76,94.37,20.88,26.48,79.01,9.22,51.01,34.0,26.83,74.28,16.55,65.8,60.53,84.01,63.56,99.05,52.35,84.48,32.02,83.87,56.08,70.88,23.85,56.92,57.57,46.52,64.33,18.6,83.29,39.45
16,42.05,46.04,36.8,24.21,40.31,31.02,41.59,34.54,69.46,25.55,13.0,37.2,76.06,25.0,31.26,67.96,0.0,67.72,48.04,52.04,26.63,23.77,53.85,67.42,8.06,32.45,59.93,18.11,27.66,84.96,88.39,42.19,71.11,59.67,78.55,59.08,14.32,51.61,18.97,68.95,56.36,63.01,31.24,64.76,38.9,65.37,17.89,62.94,58.05,72.01,42.54,20.1,77.16,24.74,49.4,39.7,37.12
17,31.14,92.96,60.96,46.17,28.16,67.08,26.83,72.84,8.06,43.42,58.18,99.85,51.16,50.01,78.87,47.2,67.72,0.0,73.01,74.69,89.89,59.14,41.79,60.14,75.69,94.89,97.5,73.06,84.6,44.72,43.05,50.22,56.4,88.1,22.09,21.26,80.6,41.88,53.24,99.3,47.43,20.1,95.26,91.3,59.03,15.26,85.38,93.47,31.05,26.25,84.4,48.1,90.91,48.02,45.28,57.01,64.56
18,66.6,26.0,79.71,39.12,50.45,17.03,59.41,81.39,69.26,42.44,54.82,80.52,106.96,32.76,79.23,40.02,48.04,73.01,0.0,4.0,71.2,26.25,85.6,30.02,49.37,76.69,24.74,66.12,75.11,60.88,66.49,79.65,36.67,15.62,69.35,53.16,46.57,32.56,57.58,27.02,90.44,81.4,74.22,19.85,80.78,61.13,57.72,20.81,83.44,59.14,17.49,50.99,29.15,59.93,28.64,80.62,12.08
19,69.66,27.78,83.49,42.54,53.08,21.02,62.24,85.33,70.58,45.79,58.69,84.4,109.99,36.24,83.22,39.32,52.04,74.69,4.0,0.0,75.13,30.08,88.81,28.23,53.34,80.6,24.08,70.11,79.1,60.02,65.76,83.19,35.11,13.42,69.87,54.42,50.45,33.53,61.35,24.7,93.74,83.87,78.1,17.03,84.5,62.3,61.61,18.79,86.31,59.54,19.85,54.63,25.18,63.56,29.73,84.31,15.81
20,60.41,61.0,40.31,50.25,64.4,54.82,63.06,29.73,92.96,50.93,31.91,10.63,84.59,51.61,21.02,94.58,26.63,89.89,71.2,75.13,0.0,49.66,65.03,93.52,22.14,5.83,76.79,17.46,10.3,111.4,114.63,51.0,97.53,80.01,103.41,84.39,25.02,78.24,36.67,87.37,65.12,80.78,5.39,85.0,43.29,90.0,14.04,82.1,72.84,97.67,61.03,42.44,99.5,42.15,76.01,45.18,61.68
21,43.83,35.34,53.49,15.26,31.78,10.63,38.48,55.44,58.14,18.87,28.64,59.94,83.63,9.49,54.04,46.01,23.77,59.14,26.25,30.08,49.66,0.0,61.52,43.86,27.78,55.46,44.55,41.19,51.42,64.82,69.07,54.08,48.02,40.31,63.6,44.15,28.28,30.61,31.38,51.04,65.86,61.85,53.71,45.18,54.63,51.79,38.01,44.65,61.29,55.15,28.02,25.24,55.11,34.13,27.59,54.56,14.32
22,19.7,95.6,25.96,46.75,38.28,72.12,28.46,38.9,49.04,43.28,40.85,72.69,22.47,53.15,47.3,78.09,53.85,41.79,85.6,88.81,65.03,61.52,0.0,86.98,61.03,68.36,106.08,48.04,56.44,83.29,83.02,14.14,86.12,100.9,63.32,53.01,68.01,65.15,34.93,112.04,6.0,23.02,70.11,105.42,23.09,52.47,67.08,105.65,11.4,64.38,89.27,37.2,111.51,29.53,66.48,20.88,73.88
23,67.45,55.9,90.01,48.26,48.76,40.61,58.52,95.63,53.81,50.04,69.05,103.75,105.12,43.93,96.1,14.32,67.42,60.14,30.02,28.23,93.52,43.86,86.98,0.0,71.55,99.32,50.8,83.93,94.87,33.0,39.01,85.84,7.07,38.33,48.3,39.05,71.02,21.84,69.26,47.04,92.72,74.95,97.49,39.0,90.09,45.28,81.49,43.1,81.02,38.08,47.51,61.13,32.2,69.0,21.1,89.2,33.42
24,50.01,42.95,42.01,31.38,48.1,32.76,49.65,37.44,77.25,33.11,20.4,32.2,83.01,31.14,32.31,73.41,8.06,75.69,49.37,53.34,22.14,27.78,61.03,71.55,0.0,27.86,57.87,19.72,26.08,91.22,94.92,48.75,75.8,59.3,85.96,66.37,7.21,57.38,26.48,67.68,63.16,71.0,25.94,64.38,44.41,72.9,10.63,61.98,65.76,79.06,41.0,28.16,78.06,32.39,54.82,45.49,39.56
25,65.0,65.49,43.0,55.97,69.81,60.44,68.1,31.4,98.18,56.57,37.2,5.0,87.14,57.43,22.36,100.4,32.45,94.89,76.69,80.6,5.83,55.46,68.36,99.32,27.86,0.0,81.39,21.93,12.0,117.15,120.34,54.23,103.35,85.09,108.85,89.94,30.27,84.05,41.68,92.14,68.01,85.07,3.61,90.05,46.0,95.43,19.1,87.01,76.69,103.28,66.01,47.8,104.81,46.96,81.84,48.01,67.36
26,88.09,16.0,95.72,59.55,73.57,33.97,81.84,94.43,93.96,63.13,70.18,84.1,128.14,53.26,90.14,63.07,59.93,97.5,24.74,24.08,76.79,44.55,106.08,50.8,57.87,81.39,0.0,77.25,83.43,83.49,89.36,98.08,57.87,12.65,93.9,77.88,52.39,57.27,74.4,11.4,110.34,104.62,78.23,14.21,97.35,85.87,62.8,9.22,105.42,83.6,17.49,69.43,31.14,78.1,53.37,97.65,33.62
27,43.08,62.61,24.7,37.12,48.8,49.09,46.32,17.8,76.61,36.89,16.4,26.83,68.45,40.16,13.15,82.76,18.11,73.06,66.12,70.11,17.46,41.19,48.04,83.93,19.72,21.93,77.25,0.0,12.04,97.91,100.6,34.23,86.98,77.67,87.78,69.35,26.4,66.21,20.0,86.68,48.66,63.32,22.8,82.76,27.51,74.33,20.59,80.78,55.44,82.88,60.08,26.91,95.26,25.06,64.62,29.12,55.01
28,54.12,68.01,31.0,48.88,60.81,58.22,58.01,19.65,88.41,48.83,28.43,16.28,75.17,51.48,10.77,94.37,27.66,84.6,75.11,79.1,10.3,51.42,56.44,94.87,26.08,12.0,83.43,12.04,0.0,109.86,112.61,42.3,98.23,85.38,99.76,81.39,31.05,77.83,31.89,93.56,56.01,73.74,14.32,90.45,34.0,86.31,21.47,87.97,65.0,94.92,66.91,38.95,104.0,36.62,76.06,36.01,64.63
29,66.71,86.68,95.52,61.22,51.08,66.24,58.24,104.69,36.67,61.03,81.54,122.02,95.75,60.11,107.91,20.88,84.96,44.72,60.88,60.02,111.4,64.82,83.29,33.0,91.22,117.15,83.49,97.91,109.86,0.0,6.08,87.56,26.02,71.18,24.17,31.05,92.96,34.21,79.26,80.02,89.27,64.28,116.18,72.0,94.56,31.0,101.83,76.06,74.0,19.0,77.79,71.34,63.56,76.49,37.44,93.01,59.93
30,67.36,92.18,96.77,64.38,52.84,71.11,59.24,106.47,35.01,63.89,84.2,125.26,94.19,63.78,110.14,26.48,88.39,43.05,66.49,65.76,114.63,69.07,83.02,39.01,94.92,120.34,89.36,100.6,112.61,6.08,0.0,88.23,32.06,77.1,21.38,32.2,97.01,38.59,81.54,86.05,88.96,63.0,119.52,78.01,95.63,30.59,105.55,82.02,73.25,18.97,83.24,73.82,69.63,78.39,42.06,93.98,65.0
31,20.88,86.28,12.08,40.72,38.01,64.64,29.43,25.08,56.44,37.7,29.41,58.55,34.48,46.96,33.24,79.01,42.19,50.22,79.65,83.19,51.0,54.08,14.14,85.84,48.75,54.23,98.08,34.23,42.3,87.56,88.23,0.0,86.15,94.34,70.21,56.52,55.9,64.28,24.08,105.12,14.56,34.21,56.04,99.13,9.43,57.94,53.85,98.74,23.71,69.26,80.81,28.84,107.15,20.0,64.78,7.21,67.6
32,66.91,62.65,91.2,50.45,48.37,45.97,57.87,97.67,49.58,51.79,71.57,107.91,103.25,46.82,98.76,9.22,71.11,56.4,36.67,35.11,97.53,48.02,86.12,7.07,75.8,103.35,57.87,86.98,98.23,26.02,32.06,86.15,0.0,45.4,42.72,35.85,75.8,22.02,71.2,54.01,91.98,72.45,101.71,46.01,91.05,41.23,85.98,50.16,79.38,32.8,54.12,62.97,38.28,70.35,22.56,90.01,38.9
33,82.07,23.32,93.52,54.2,66.07,29.97,75.01,93.96,83.93,57.63,68.15,88.36,122.43,47.8,90.8,51.01,59.67,88.1,15.62,13.42,80.01,40.31,100.9,38.33,59.3,85.09,12.65,77.67,85.38,71.18,77.1,94.34,45.4,0.0,82.76,67.78,55.0,46.82,71.55,11.4,105.6,97.01,82.22,5.1,94.81,75.61,66.03,5.39,99.01,72.37,19.24,65.51,21.02,74.43,43.08,94.83,27.02
34,49.74,93.05,79.92,54.59,39.05,68.73,42.8,90.8,14.32,53.0,71.7,113.85,73.03,56.08,95.67,34.0,78.55,22.09,69.35,69.87,103.41,63.6,63.32,48.3,85.96,108.85,93.9,87.78,99.76,24.17,21.38,70.21,42.72,82.76,0.0,19.7,89.47,37.01,67.9,93.15,69.12,42.19,108.6,84.9,78.39,13.45,96.38,88.07,52.95,10.44,84.02,61.07,80.5,63.7,41.01,76.54,64.12
35,35.69,75.17,64.62,34.99,20.81,50.04,27.2,74.3,16.16,33.6,53.04,94.92,68.01,36.4,78.24,26.83,59.08,21.26,53.16,54.42,84.39,44.15,53.01,39.05,66.37,89.94,77.88,69.35,81.39,31.05,32.2,56.52,35.85,67.78,19.7,0.0,69.78,21.02,49.82,78.79,59.01,36.77,89.5,70.68,63.57,8.06,76.85,73.16,44.72,13.6,66.27,42.45,69.66,46.32,24.7,61.98,46.17
36,56.22,37.0,49.2,35.11,52.63,30.87,55.15,44.2,81.61,37.36,27.2,33.96,90.08,33.62,38.47,74.28,14.32,80.6,46.57,50.45,25.02,28.28,68.01,71.02,7.21,30.27,52.39,26.4,31.05,92.96,97.01,55.9,75.8,55.0,89.47,69.78,0.0,58.8,33.24,62.65,70.26,77.1,27.66,60.01,51.61,76.69,11.18,57.22,72.37,81.99,36.12,34.01,74.55,39.05,55.87,52.7,38.01
37,45.61,56.14,69.18,29.15,26.93,32.89,36.69,75.93,37.16,30.08,50.33,88.81,83.65,26.63,77.49,16.55,51.61,41.88,32.56,33.53,78.24,30.61,65.15,21.84,57.38,84.05,57.27,66.21,77.83,34.21,38.59,64.28,22.02,46.82,37.01,21.02,58.8,0.0,49.48,57.78,70.88,54.2,82.8,49.66,69.03,28.79,67.94,52.2,59.48,27.07,47.1,41.23,49.5,48.37,4.0,68.0,27.46
38,24.33,62.23,22.14,21.02,29.07,41.59,26.42,26.48,56.61,19.42,6.08,46.65,57.25,26.17,28.65,65.8,18.97,53.24,57.58,61.35,36.67,31.38,34.93,69.26,26.48,41.68,74.4,20.0,31.89,79.26,81.54,24.08,71.2,71.55,67.9,49.82,33.24,49.48,0.0,81.99,37.74,45.28,42.05,76.49,23.26,54.45,34.06,75.66,39.32,63.41,57.01,8.25,86.13,6.0,48.66,23.32,45.54
39,93.35,27.17,103.77,65.3,77.47,40.5,86.37,103.46,94.94,68.77,78.26,95.01,133.69,58.9,99.72,60.53,68.95,99.3,27.02,24.7,87.37,51.04,112.04,47.04,67.68,92.14,11.4,86.68,93.56,80.02,86.05,105.12,54.01,11.4,93.15,78.79,62.65,57.78,81.99,0.0,116.66,108.41,89.05,8.25,105.19,86.54,73.33,6.4,110.34,82.71,26.68,76.28,21.63,85.15,54.13,105.31,38.21
40,25.3,99.36,25.02,51.4,43.97,76.49,34.21,37.48,54.82,48.01,43.42,72.11,19.92,57.8,46.27,84.01,56.36,47.43,90.44,93.74,65.12,65.86,6.0,92.72,63.16,68.01,110.34,48.66,56.01,89.27,88.96,14.56,91.98,105.6,69.12,59.01,70.26,70.88,37.74,116.66,0.0,28.18,70.03,110.21,22.02,58.42,68.41,110.26,16.55,70.35,93.35,41.04,116.76,32.8,72.11,20.0,78.6
41,21.02,97.17,46.04,46.82,31.06,71.55,23.41,58.83,28.02,43.32,51.16,89.81,31.58,52.39,66.19,63.56,63.01,20.1,81.4,83.87,80.78,61.85,23.02,74.95,71.0,85.07,104.62,63.32,73.74,64.28,63.0,34.21,72.45,97.01,42.19,36.77,77.1,54.2,45.28,108.41,28.18,0.0,86.13,100.9,43.6,33.54,79.31,102.2,11.66,45.4,89.44,43.1,103.48,39.32,56.73,41.4,71.02
42,65.79,62.29,45.1,55.15,69.63,58.19,68.43,33.96,98.27,55.97,37.22,6.32,89.36,56.22,25.0,99.05,31.24,95.26,74.22,78.1,5.39,53.71,70.11,97.49,25.94,3.61,78.23,22.8,14.32,116.18,119.52,56.04,101.71,82.22,108.6,89.5,27.66,82.8,42.05,89.05,70.03,86.13,0.0,87.14,48.09,95.21,16.49,84.01,78.09,102.73,63.07,47.71,102.11,47.54,80.45,50.04,65.19
43,86.45,27.31,98.49,58.82,70.09,34.93,79.2,99.04,86.82,62.2,73.16,93.26,126.81,52.43,95.9,52.35,64.76,91.3,19.85,17.03,85.0,45.18,105.42,39.0,64.38,90.05,14.21,82.76,90.45,72.0,78.01,99.13,46.01,5.1,84.9,70.68,60.01,49.66,76.49,8.25,110.21,100.9,87.14,0.0,99.74,78.39,71.01,5.0,103.25,74.46,24.08,70.33,17.2,79.26,46.07,99.73,31.62
44,28.65,84.5,3.0,42.95,43.93,64.85,36.4,15.81,64.9,40.45,27.2,50.09,41.3,48.76,24.33,84.48,38.9,59.03,80.78,84.5,43.29,54.63,23.09,90.09,44.41,46.0,97.35,27.51,34.0,94.56,95.63,9.43,91.05,94.81,78.39,63.57,51.61,69.03,23.26,105.19,22.02,43.6,48.09,99.74,0.0,65.74,47.93,98.88,33.12,76.69,79.88,30.08,109.11,21.38,69.03,2.24,68.71
45,37.16,83.22,67.12,41.63,25.61,58.01,29.68,77.67,8.6,39.82,58.26,100.42,65.12,43.68,82.33,32.02,65.37,15.26,61.13,62.3,90.0,51.79,52.47,45.28,72.9,95.43,85.87,74.33,86.31,31.0,30.59,57.94,41.23,75.61,13.45,8.06,76.69,28.79,54.45,86.54,58.42,33.54,95.21,78.39,65.74,0.0,83.24,80.99,43.0,12.0,74.33,47.63,76.61,50.33,32.57,63.98,54.23
46,58.31,47.07,45.19,41.88,58.18,41.79,58.94,37.64,87.32,43.42,28.16,22.8,88.32,41.77,30.48,83.87,17.89,85.38,57.72,61.61,14.04,38.01,67.08,81.49,10.63,19.1,62.8,20.59,21.47,101.83,105.55,53.85,85.98,66.03,96.38,76.85,11.18,67.94,34.06,73.33,68.41,79.31,16.49,71.01,47.93,83.24,0.0,68.07,73.06,89.63,47.01,37.36,85.71,40.05,65.3,49.4,48.85
47,86.98,23.09,97.49,58.9,71.22,34.13,80.06,97.41,89.32,62.37,72.01,90.05,127.31,52.5,93.86,56.08,62.94,93.47,20.81,18.79,82.1,44.65,105.65,43.1,61.98,87.01,9.22,80.78,87.97,76.06,82.02,98.74,50.16,5.39,88.07,73.16,57.22,52.2,75.66,6.4,110.26,102.2,84.01,5.0,98.88,80.99,68.07,0.0,104.0,77.67,21.1,69.89,22.02,78.77,48.47,98.98,31.83
48,17.49,96.38,35.78,46.04,33.6,71.61,24.08,48.75,38.64,42.44,45.4,81.25,24.19,52.2,56.65,70.88,58.05,31.05,83.44,86.31,72.84,61.29,11.4,81.02,65.76,76.69,105.42,55.44,65.0,74.0,73.25,23.71,79.38,99.01,52.95,44.72,72.37,59.48,39.32,110.34,16.55,11.66,78.09,103.25,33.12,43.0,73.06,104.0,0.0,55.0,89.31,39.22,107.65,33.38,61.4,30.89,72.25
49,48.38,83.22,77.88,47.8,34.41,59.44,40.31,87.82,18.38,46.75,66.53,108.25,76.94,48.37,91.84,23.85,72.01,26.25,59.14,59.54,97.67,55.15,64.38,38.08,79.06,103.28,83.6,82.88,94.92,19.0,18.97,69.26,32.8,72.37,10.44,13.6,81.99,27.07,63.41,82.71,70.35,45.4,102.73,74.46,76.69,12.0,89.63,77.67,55.0,0.0,74.17,55.97,70.24,59.91,31.06,75.03,54.45
50,71.85,9.06,78.23,43.27,58.69,17.89,66.24,77.08,81.88,46.87,52.7,69.18,111.52,37.22,73.08,56.92,42.54,84.4,17.49,19.85,61.03,28.02,89.27,47.51,41.0,66.01,17.49,60.08,66.91,77.79,83.24,80.81,54.12,19.24,84.02,66.27,36.12,47.1,57.01,26.68,93.35,89.44,63.07,24.08,79.88,74.33,47.01,21.1,89.31,74.17,0.0,52.33,39.85,60.88,43.1,80.21,20.1
51,22.36,58.41,29.43,13.04,22.02,35.81,21.59,34.71,50.61,11.18,10.63,52.8,59.64,18.68,36.67,57.57,20.1,48.1,50.99,54.63,42.44,25.24,37.2,61.13,28.16,47.8,69.43,26.91,38.95,71.34,73.82,28.84,62.97,65.51,61.07,42.45,34.01,41.23,8.25,76.28,41.04,43.1,47.71,70.33,30.08,47.63,37.36,69.89,39.22,55.97,52.33,0.0,79.06,8.94,40.45,29.73,38.91
52,91.92,44.29,108.24,66.48,74.06,46.17,83.76,110.48,85.21,69.46,83.74,108.34,131.75,60.41,108.37,46.52,77.16,90.91,29.15,25.18,99.5,55.11,111.51,32.2,78.06,104.81,31.14,95.26,104.0,63.56,69.63,107.15,38.28,21.02,80.5,69.66,74.55,49.5,86.13,21.63,116.76,103.48,102.11,17.2,109.11,76.61,85.71,22.02,107.65,70.24,39.85,79.06,0.0,87.92,46.75,108.78,40.79
53,18.44,66.6,21.02,21.59,25.55,44.65,21.4,28.23,51.86,19.1,12.04,51.88,51.97,27.51,32.02,64.33,24.74,48.02,59.93,63.56,42.15,34.13,29.53,69.0,32.39,46.96,78.1,25.06,36.62,76.49,78.39,20.0,70.35,74.43,63.7,46.32,39.05,48.37,6.0,85.15,32.8,39.32,47.54,79.26,21.38,50.33,40.05,78.77,33.38,59.91,60.88,8.94,87.92,0.0,48.04,20.88,47.85
54,46.82,52.15,69.01,27.89,28.23,29.15,38.08,75.13,40.85,29.27,49.04,86.53,85.59,24.6,76.24,18.6,49.4,45.28,28.64,29.73,76.01,27.59,66.48,21.1,54.82,81.84,53.37,64.62,76.06,37.44,42.06,64.78,22.56,43.08,41.01,24.7,55.87,4.0,48.66,54.13,72.11,56.73,80.45,46.07,69.03,32.57,65.3,48.47,61.4,31.06,43.1,40.45,46.75,48.04,0.0,68.12,23.54
55,26.83,85.04,5.1,42.45,42.58,64.88,34.79,18.03,62.97,39.81,27.66,52.15,39.46,48.38,26.48,83.29,39.7,57.01,80.62,84.31,45.18,54.56,20.88,89.2,45.49,48.01,97.65,29.12,36.01,93.01,93.98,7.21,90.01,94.83,76.54,61.98,52.7,68.0,23.32,105.31,20.0,41.4,50.04,99.73,2.24,63.98,49.4,98.98,30.89,75.03,80.21,29.73,108.78,20.88,68.12,0.0,68.54
56,55.15,29.02,67.68,27.2,39.96,7.21,48.41,69.72,61.81,30.61,42.95,71.51,95.48,20.81,68.01,39.45,37.12,64.56,12.08,15.81,61.68,14.32,73.88,33.42,39.56,67.36,33.62,55.01,64.63,59.93,65.0,67.6,38.9,27.02,64.12,46.17,38.01,27.46,45.54,38.21,78.6,71.02,65.19,31.62,68.71,54.23,48.85,31.83,72.25,54.45,20.1,38.91,40.79,47.85,23.54,68.54,0.0
