vehicles
vehicle_idx, capacity, cost_per_unit_distance
1,100,1
2,100,1
3,100,1
4,100,1
5,100,1
6,100,1
7,100,1
depot
node_idx,x,y
0,47,5
home delivery customers
node_idx,x,y,service_time,demand
1,77,87,10,11
2,3,9,10,22
3,5,27,10,25
4,41,53,10,2
5,67,73,10,10
6,85,85,10,9
7,57,11,10,11
8,71,33,10,24
9,39,15,10,23
10,13,59,10,16
11,43,99,10,14
12,53,75,10,15
13,89,75,10,10
14,33,47,10,25
15,47,93,10,16
16,83,7,10,14
17,37,15,10,7
self pickup customers
node_idx,x,y,service_time,demand,locker_idxs
18,23,79,10,5,51
19,71,99,10,14,55-48-52
20,61,13,10,15,53
21,11,37,10,5,49
22,21,11,10,12,49
23,77,81,10,8,52-48
24,81,71,10,2,55-52
25,11,9,10,2,49
26,95,59,10,20,59
27,63,63,10,3,59
28,13,55,10,8,51-49
29,45,43,10,9,58-54
30,13,11,10,13,49
31,53,59,10,16,59-60-58-54
32,75,31,10,16,56-53
flexible customers
node_idx,x,y,service_time,demand,locker_idxs
33,1,19,10,20,49
34,97,35,10,14,56
35,51,87,10,18,55-57-48
36,89,45,10,26,56-59
37,11,1,10,22,49
38,57,85,10,18,55-57-48
39,87,73,10,8,55-59-52
40,3,63,10,16,51
41,47,95,10,12,57-55-48
42,73,55,10,9,59-56-60
43,27,37,10,3,58-54
44,37,21,10,13,58-49
45,23,63,10,23,51
46,69,91,10,4,55-48-52
47,97,83,10,18,52
lockers
node_idx,x,y,service_time,capacity,cost_per_unit_good
48,65,88,10,79
49,25,15,10,77
50,93,12,10,97
51,22,88,10,89
52,77,88,10,97
53,72,14,10,83
54,45,38,10,77
55,67,89,10,96
56,86,31,10,72
57,59,91,10,86
58,43,34,10,100
59,78,59,10,83
60,54,49,10,85
mrt lines
start_node_idx,end_node_idx,freight_capacity,cost_per_unit_good
48,49,79,1.5
49,48,79,1.5
distance matrix
,0,1,2,3,4,5,6,7,8,9,10,11,12,13,14,15,16,17,18,19,20,21,22,23,24,25,26,27,28,29,30,31,32,33,34,35,36,37,38,39,40,41,42,43,44,45,46,47,48,49,50,51,52,53,54,55,56,57,58,59,60,
0,0.0,87.32,44.18,47.41,48.37,70.88,88.57,11.66,36.88,12.81,63.81,94.09,70.26,81.63,44.27,88.0,36.06,14.14,77.79,97.02,16.12,48.17,26.68,81.71,74.24,36.22,72.25,60.17,60.46,38.05,34.53,54.33,38.21,48.08,58.31,82.1,58.0,36.22,80.62,78.89,72.8,90.0,56.36,37.74,18.87,62.77,88.77,92.65,84.93,24.17,46.53,86.68,88.26,26.57,33.06,86.35,46.87,86.83,29.27,62.27,44.55
1,87.32,0.0,107.52,93.72,49.52,17.2,8.25,78.59,54.33,81.41,69.86,36.06,26.83,16.97,59.46,30.59,80.22,82.37,54.59,13.42,75.71,82.8,94.4,6.0,16.49,102.18,33.29,27.78,71.55,54.41,99.36,36.88,56.04,101.98,55.71,26.0,43.68,108.41,20.1,17.2,77.79,31.05,32.25,70.71,77.18,59.09,8.94,20.4,12.04,88.81,76.69,55.01,1.0,73.17,58.52,10.2,56.72,18.44,62.97,28.02,44.42
2,44.18,107.52,0.0,18.11,58.14,90.51,111.8,54.04,72.11,36.5,50.99,98.49,82.8,108.41,48.41,94.83,80.02,34.53,72.8,112.8,58.14,29.12,18.11,103.25,99.64,8.0,104.71,80.72,47.07,54.04,10.2,70.71,75.29,10.2,97.53,91.59,93.23,11.31,93.23,105.6,54.0,96.6,83.76,36.88,36.06,57.58,105.26,119.63,100.42,22.8,90.05,81.25,108.25,69.18,51.04,102.45,85.87,99.3,47.17,90.14,64.82
3,47.41,93.72,18.11,0.0,44.41,77.2,98.81,54.41,66.27,36.06,32.98,81.41,67.88,96.75,34.41,78.23,80.52,34.18,55.03,97.67,57.72,11.66,22.63,90.0,87.82,18.97,95.52,68.26,29.12,43.08,17.89,57.69,70.11,8.94,92.35,75.6,85.91,26.68,77.9,94.02,36.06,79.92,73.54,24.17,32.56,40.25,90.51,107.7,85.56,23.32,89.27,63.32,94.37,68.25,41.48,87.68,81.1,83.74,38.64,79.71,53.71
4,48.37,49.52,58.14,44.41,0.0,32.8,54.41,44.94,36.06,38.05,28.64,46.04,25.06,52.8,10.0,40.45,62.29,38.21,31.62,54.92,44.72,34.0,46.52,45.61,43.86,53.25,54.33,24.17,28.07,10.77,50.48,13.42,40.5,52.5,58.82,35.44,48.66,60.03,35.78,50.16,39.29,42.43,32.06,21.26,32.25,20.59,47.2,63.53,42.44,41.23,66.22,39.82,50.21,49.82,15.52,44.41,50.09,42.05,19.1,37.48,13.6
5,70.88,17.2,90.51,77.2,32.8,0.0,21.63,62.8,40.2,64.4,55.79,35.38,14.14,22.09,42.8,28.28,67.91,65.3,44.41,26.31,60.3,66.57,77.2,12.81,14.14,85.04,31.3,10.77,56.92,37.2,82.22,19.8,42.76,85.28,48.41,21.26,35.61,91.21,15.62,20.0,64.78,29.73,18.97,53.81,60.03,45.12,18.11,31.62,15.13,71.61,66.31,47.43,18.03,59.21,41.34,16.0,46.1,19.7,45.79,17.8,27.29
6,88.57,8.25,111.8,98.81,54.41,21.63,0.0,79.12,53.85,83.76,76.55,44.27,33.53,10.77,64.4,38.83,78.03,84.88,62.29,19.8,75.89,88.2,97.84,8.94,14.56,106.08,27.86,31.11,78.0,58.0,103.25,41.23,54.92,106.83,51.42,34.06,40.2,111.95,28.0,12.17,84.9,39.29,32.31,75.29,80.0,65.79,17.09,12.17,20.22,92.2,73.44,63.07,8.54,72.18,61.72,18.44,54.01,26.68,66.07,26.93,47.51
7,11.66,78.59,54.04,54.41,44.94,62.8,79.12,0.0,26.08,18.44,65.12,89.11,64.12,71.55,43.27,82.61,26.31,20.4,76.03,89.11,4.47,52.84,36.0,72.8,64.62,46.04,61.22,52.35,62.23,34.18,44.0,48.17,26.91,56.57,46.65,76.24,46.69,47.07,74.0,68.88,74.97,84.59,46.82,39.7,22.36,62.13,80.89,82.37,77.41,32.25,36.01,84.58,79.56,15.3,29.55,78.64,35.23,80.02,26.93,52.39,38.12
8,36.88,54.33,72.11,66.27,36.06,40.2,53.85,26.08,0.0,36.72,63.56,71.69,45.69,45.69,40.5,64.62,28.64,38.47,66.48,66.0,22.36,60.13,54.63,48.37,39.29,64.62,35.38,31.05,62.03,27.86,62.03,31.62,4.47,71.39,26.08,57.58,21.63,68.0,53.85,43.08,74.32,66.48,22.09,44.18,36.06,56.6,58.03,56.36,55.33,49.4,30.41,73.66,55.33,19.03,26.48,56.14,15.13,59.23,28.02,26.93,23.35
9,12.81,81.41,36.5,36.06,38.05,64.4,83.76,18.44,36.72,0.0,51.11,84.1,61.61,78.1,32.56,78.41,44.72,2.0,65.97,89.89,22.09,35.61,18.44,76.16,70.0,28.64,71.22,53.67,47.71,28.64,26.31,46.17,39.4,38.21,61.35,72.99,58.31,31.3,72.28,75.29,60.0,80.4,52.5,25.06,6.32,50.6,81.71,89.38,77.49,14.0,54.08,74.95,82.3,33.02,23.77,79.12,49.65,78.59,19.42,58.8,37.16
10,63.81,69.86,50.99,32.98,28.64,55.79,76.55,65.12,63.56,51.11,0.0,50.0,43.08,77.67,23.32,48.08,87.2,50.12,22.36,70.46,66.48,22.09,48.66,67.68,69.05,50.04,82.0,50.16,4.0,35.78,48.0,40.0,68.03,41.76,87.36,47.2,77.28,58.03,51.11,75.31,10.77,49.52,60.13,26.08,44.94,10.77,64.5,87.36,59.54,45.61,92.78,30.36,70.26,74.2,38.28,61.77,78.19,56.04,39.05,65.0,42.2
11,94.09,36.06,98.49,81.41,46.04,35.38,44.27,89.11,71.69,84.1,50.0,0.0,26.0,51.88,52.95,7.21,100.32,84.21,28.28,28.0,87.86,69.77,90.71,38.47,47.2,95.52,65.6,41.18,53.25,56.04,92.97,41.23,75.15,90.35,83.74,14.42,70.94,103.09,19.8,51.11,53.81,5.66,53.25,64.03,78.23,41.18,27.2,56.32,24.6,85.91,100.34,23.71,35.74,89.81,61.03,26.0,80.45,17.89,65.0,53.15,51.2
12,70.26,26.83,82.8,67.88,25.06,14.14,33.53,64.12,45.69,61.61,43.08,26.0,0.0,36.0,34.41,18.97,74.32,62.1,30.27,30.0,62.51,56.64,71.55,24.74,28.28,78.23,44.94,15.62,44.72,32.98,75.47,16.0,49.19,76.42,59.46,12.17,46.86,85.09,10.77,34.06,51.42,20.88,28.28,46.04,56.32,32.31,22.63,44.72,17.69,66.21,74.63,33.62,27.29,63.89,37.85,19.8,55.0,17.09,42.2,29.68,26.02
13,81.63,16.97,108.41,96.75,52.8,22.09,10.77,71.55,45.69,78.1,77.67,51.88,36.0,0.0,62.61,45.69,68.26,79.4,66.12,30.0,68.03,86.76,93.38,13.42,8.94,102.18,17.09,28.64,78.59,54.41,99.36,39.4,46.17,104.31,40.79,39.85,30.0,107.52,33.53,2.83,86.83,46.52,25.61,72.72,74.97,67.08,25.61,11.31,27.29,87.73,63.13,68.25,17.69,63.32,57.49,26.08,44.1,34.0,61.62,19.42,43.6
14,44.27,59.46,48.41,34.41,10.0,42.8,64.4,43.27,40.5,32.56,23.32,52.95,34.41,62.61,0.0,48.08,64.03,32.25,33.53,64.4,44.05,24.17,37.95,55.61,53.67,43.91,63.15,34.0,21.54,12.65,41.18,23.32,44.94,42.52,65.12,43.86,56.04,50.99,44.94,59.93,34.0,50.0,40.79,11.66,26.31,18.87,56.85,73.43,52.01,32.98,69.46,42.45,60.14,51.09,15.0,54.04,55.36,51.11,16.4,46.57,21.1
15,88.0,30.59,94.83,78.23,40.45,28.28,38.83,82.61,64.62,78.41,48.08,7.21,18.97,45.69,48.08,0.0,93.23,78.64,27.78,24.74,81.22,66.57,86.02,32.31,40.5,91.39,58.82,34.0,50.99,50.04,88.77,34.53,68.03,87.13,76.58,7.21,63.78,98.79,12.81,44.72,53.25,2.0,46.04,59.46,72.69,38.42,22.09,50.99,18.68,81.04,93.15,25.5,30.41,82.86,55.04,20.4,73.25,12.17,59.14,46.01,44.55
16,36.06,80.22,80.02,80.52,62.29,67.91,78.03,26.31,28.64,44.72,87.2,100.32,74.32,68.26,64.03,93.23,0.0,46.69,93.72,92.78,22.8,78.0,62.13,74.24,64.03,72.03,53.37,59.46,84.88,52.35,70.11,60.03,25.3,82.87,31.3,86.16,38.47,72.25,82.22,66.12,97.65,95.08,49.03,63.53,48.08,82.07,85.16,77.28,82.98,58.55,11.18,101.4,81.22,13.04,49.04,83.55,24.19,87.36,48.26,52.24,51.04
17,14.14,82.37,34.53,34.18,38.21,65.3,84.88,20.4,38.47,2.0,50.12,84.21,62.1,79.4,32.25,78.64,46.69,0.0,65.51,90.62,24.08,34.06,16.49,77.18,71.22,26.68,72.8,54.59,46.65,29.12,24.33,46.82,41.23,36.22,63.25,73.35,60.03,29.53,72.8,76.58,58.82,80.62,53.81,24.17,6.0,50.0,82.46,90.69,78.19,12.0,56.08,74.53,83.24,35.01,24.35,79.85,51.55,79.12,19.92,60.14,38.01
18,77.79,54.59,72.8,55.03,31.62,44.41,62.29,76.03,66.48,65.97,22.36,28.28,30.27,66.12,33.53,27.78,93.72,65.51,0.0,52.0,76.16,43.68,68.03,54.04,58.55,71.02,74.73,43.08,26.0,42.19,68.73,36.06,70.77,63.91,86.09,29.12,74.24,78.92,34.53,64.28,25.61,28.84,55.46,42.19,59.67,16.0,47.54,74.11,42.95,64.03,96.9,9.06,54.74,81.4,46.53,45.12,79.2,37.95,49.24,58.52,43.14
19,97.02,13.42,112.8,97.67,54.92,26.31,19.8,89.11,66.0,89.89,70.46,28.0,30.0,30.0,64.4,24.74,92.78,90.62,52.0,0.0,86.58,86.28,101.21,18.97,29.73,108.17,46.65,36.88,72.8,61.74,105.39,43.86,68.12,106.3,69.08,23.32,56.92,114.91,19.8,30.53,76.94,24.33,44.05,76.03,85.09,60.0,8.25,30.53,12.53,95.77,89.74,50.22,12.53,85.01,66.31,10.77,69.63,14.42,70.77,40.61,52.81
20,16.12,75.71,58.14,57.72,44.72,60.3,75.89,4.47,22.36,22.09,66.48,87.86,62.51,68.03,44.05,81.22,22.8,24.08,76.16,86.58,0.0,55.46,40.05,69.86,61.35,50.16,57.2,50.04,63.78,34.0,48.04,46.69,22.8,60.3,42.19,74.67,42.52,51.42,72.11,65.39,76.58,83.19,43.68,41.62,25.3,62.8,78.41,78.71,75.11,36.06,32.02,84.53,76.69,11.05,29.68,76.24,30.81,78.03,27.66,49.04,36.67
21,48.17,82.8,29.12,11.66,34.0,66.57,88.2,52.84,60.13,35.61,22.09,69.77,56.64,86.76,24.17,66.57,78.0,34.06,43.68,86.28,55.46,0.0,27.86,79.32,77.82,28.0,86.83,58.14,18.11,34.53,26.08,47.41,64.28,20.59,86.02,64.03,78.41,36.0,66.48,84.1,27.2,68.26,64.56,16.0,30.53,28.64,79.25,97.53,74.28,26.08,85.73,52.17,83.41,65.19,34.01,76.42,75.24,72.25,32.14,70.52,44.64
22,26.68,94.4,18.11,22.63,46.52,77.2,97.84,36.0,54.63,18.44,48.66,90.71,71.55,93.38,37.95,86.02,62.13,16.49,68.03,101.21,40.05,27.86,0.0,89.64,84.85,10.2,88.2,66.84,44.72,40.0,8.0,57.69,57.58,21.54,79.7,81.71,76.03,14.14,82.29,90.55,55.03,87.93,68.12,26.68,18.87,52.04,93.3,104.69,88.68,5.66,72.01,77.01,95.21,51.09,36.12,90.55,68.01,88.57,31.83,74.52,50.33
23,81.71,6.0,103.25,90.0,45.61,12.81,8.94,72.8,48.37,76.16,67.68,38.47,24.74,13.42,55.61,32.31,74.24,77.18,54.04,18.97,69.86,79.32,89.64,0.0,10.77,97.67,28.43,22.8,69.08,49.68,94.85,32.56,50.04,98.08,50.16,26.68,37.95,103.71,20.4,12.81,76.16,33.11,26.31,66.6,72.11,56.92,12.81,20.1,13.89,84.02,70.83,55.44,7.0,67.19,53.6,12.81,50.8,20.59,58.01,22.02,39.41
24,74.24,16.49,99.64,87.82,43.86,14.14,14.56,64.62,39.29,70.0,69.05,47.2,28.28,8.94,53.67,40.5,64.03,71.22,58.55,29.73,61.35,77.82,84.85,10.77,0.0,93.51,18.44,19.7,69.86,45.61,90.69,30.46,40.45,95.41,39.4,34.0,27.2,98.99,27.78,6.32,78.41,41.62,17.89,63.81,66.6,58.55,23.32,20.0,23.35,79.2,60.21,61.4,17.46,57.71,48.84,22.8,40.31,29.73,53.04,12.37,34.83
25,36.22,102.18,8.0,18.97,53.25,85.04,106.08,46.04,64.62,28.64,50.04,95.52,78.23,102.18,43.91,91.39,72.03,26.68,71.02,108.17,50.16,28.0,10.2,97.67,93.51,0.0,97.75,74.97,46.04,48.08,2.83,65.3,67.68,14.14,89.84,87.66,85.91,8.0,88.84,99.36,54.59,93.23,77.2,32.25,28.64,55.32,100.44,113.45,95.69,15.23,82.05,79.76,102.94,61.2,44.69,97.65,78.16,95.02,40.61,83.6,58.73
26,72.25,33.29,104.71,95.52,54.33,31.3,27.86,61.22,35.38,71.22,82.0,65.6,44.94,17.09,63.15,58.82,53.37,72.8,74.73,46.65,57.2,86.83,88.2,28.43,18.44,97.75,0.0,32.25,82.1,52.5,95.02,42.0,34.41,102.16,24.08,52.15,15.23,102.08,46.04,16.12,92.09,60.0,22.36,71.47,69.34,72.11,41.23,24.08,41.73,82.68,47.04,78.55,34.13,50.54,54.23,41.04,29.41,48.17,57.7,17.0,42.2
27,60.17,27.78,80.72,68.26,24.17,10.77,31.11,52.35,31.05,53.67,50.16,41.18,15.62,28.64,34.0,34.0,59.46,54.59,43.08,36.88,50.04,58.14,66.84,22.8,19.7,74.97,32.25,0.0,50.64,26.91,72.14,10.77,34.18,76.03,44.05,26.83,31.62,80.92,22.8,26.0,60.0,35.78,12.81,44.41,49.4,40.0,28.64,39.45,25.08,61.22,59.17,48.02,28.65,49.82,30.81,26.31,39.41,28.28,35.23,15.52,16.64
28,60.46,71.55,47.07,29.12,28.07,56.92,78.0,62.23,62.03,47.71,4.0,53.25,44.72,78.59,21.54,50.99,84.88,46.65,26.0,72.8,63.78,18.11,44.72,69.08,69.86,46.04,82.1,50.64,0.0,34.18,44.0,40.2,66.48,37.95,86.35,49.68,76.66,54.04,53.25,76.16,12.81,52.5,60.0,22.8,41.62,12.81,66.57,88.54,61.59,41.76,90.82,34.21,72.01,71.85,36.24,63.81,76.84,58.41,36.62,65.12,41.44
29,38.05,54.41,54.04,43.08,10.77,37.2,58.0,34.18,27.86,28.64,35.78,56.04,32.98,54.41,12.65,50.04,52.35,29.12,42.19,61.74,34.0,34.53,40.0,49.68,45.61,48.08,52.5,26.91,34.18,0.0,45.25,17.89,32.31,50.12,52.61,44.41,44.05,54.04,43.68,51.61,46.52,52.04,30.46,18.97,23.41,29.73,53.67,65.6,49.24,34.41,57.14,50.54,55.22,39.62,5.0,50.99,42.72,50.0,9.22,36.67,10.82
30,34.53,99.36,10.2,17.89,50.48,82.22,103.25,44.0,62.03,26.31,48.0,92.97,75.47,99.36,41.18,88.77,70.11,24.33,68.73,105.39,48.04,26.08,8.0,94.85,90.69,2.83,95.02,72.14,44.0,45.25,0.0,62.48,65.15,14.42,87.36,84.97,83.26,10.2,86.09,96.54,52.95,90.62,74.4,29.53,26.0,52.95,97.65,110.63,92.91,12.65,80.01,77.52,100.12,59.08,41.87,94.87,75.69,92.28,37.8,80.8,55.9
31,54.33,36.88,70.71,57.69,13.42,19.8,41.23,48.17,31.62,46.17,40.0,41.23,16.0,39.4,23.32,34.53,60.03,46.82,36.06,43.86,46.69,47.41,57.69,32.56,30.46,65.3,42.0,10.77,40.2,17.89,62.48,0.0,35.61,65.6,50.12,28.07,38.63,71.61,26.31,36.77,50.16,36.5,20.4,34.06,41.23,30.27,35.78,50.12,31.38,52.15,61.72,42.45,37.64,48.85,22.47,33.11,43.28,32.56,26.93,25.0,10.05
32,38.21,56.04,75.29,70.11,40.5,42.76,54.92,26.91,4.47,39.4,68.03,75.15,49.19,46.17,44.94,68.03,25.3,41.23,70.77,68.12,22.8,64.28,57.58,50.04,40.45,67.68,34.41,34.18,66.48,32.31,65.15,35.61,0.0,74.97,22.36,60.93,19.8,70.68,56.92,43.68,78.79,69.86,24.08,48.37,39.29,61.06,60.3,56.46,57.87,52.5,26.17,77.83,57.04,17.26,30.81,58.55,11.0,62.1,32.14,28.16,27.66
33,48.08,101.98,10.2,8.94,52.5,85.28,106.83,56.57,71.39,38.21,41.76,90.35,76.42,104.31,42.52,87.13,82.87,36.22,63.91,106.3,60.3,20.59,21.54,98.08,95.41,14.14,102.16,76.03,37.95,50.12,14.42,65.6,74.97,0.0,97.32,84.4,91.76,20.59,86.56,101.55,44.05,88.84,80.5,31.62,36.06,49.19,99.04,115.38,94.11,24.33,92.27,72.12,102.65,71.18,47.93,96.21,85.84,92.46,44.6,86.77,60.9
34,58.31,55.71,97.53,92.35,58.82,48.41,51.42,46.65,26.08,61.35,87.36,83.74,59.46,40.79,65.12,76.58,31.3,63.25,86.09,69.08,42.19,86.02,79.7,50.16,39.4,89.84,24.08,44.05,86.35,52.61,87.36,50.12,22.36,97.32,0.0,69.43,12.81,92.48,64.03,39.29,98.08,78.1,31.24,70.03,61.61,79.12,62.61,48.0,61.91,74.73,23.35,91.84,56.65,32.65,52.09,61.77,11.7,67.68,54.01,30.61,45.22
35,82.1,26.0,91.59,75.6,35.44,21.26,34.06,76.24,57.58,72.99,47.2,14.42,12.17,39.85,43.86,7.21,86.16,73.35,29.12,23.32,74.67,64.03,81.71,26.68,34.0,87.66,52.15,26.83,49.68,44.41,84.97,28.07,60.93,84.4,69.43,0.0,56.64,94.85,6.32,38.63,53.67,8.94,38.83,55.46,67.47,36.88,18.44,46.17,14.04,76.55,85.96,29.02,26.02,75.96,49.37,16.12,66.04,8.94,53.6,38.9,38.12
36,58.0,43.68,93.23,85.91,48.66,35.61,40.2,46.69,21.63,58.31,77.28,70.94,46.86,30.0,56.04,63.78,38.47,60.03,74.24,56.92,42.52,78.41,76.03,37.95,27.2,85.91,15.23,31.62,76.66,44.05,83.26,38.63,19.8,91.76,12.81,56.64,0.0,89.55,51.22,28.07,87.86,65.3,18.87,62.51,57.27,68.41,50.16,38.83,49.24,70.68,33.24,79.61,44.64,35.36,44.55,49.19,14.32,54.92,47.3,17.8,35.23
37,36.22,108.41,11.31,26.68,60.03,91.21,111.95,47.07,68.0,31.3,58.03,103.09,85.09,107.52,50.99,98.79,72.25,29.53,78.92,114.91,51.42,36.0,14.14,103.71,98.99,8.0,102.08,80.92,54.04,54.04,10.2,71.61,70.68,20.59,92.48,94.85,89.55,0.0,95.77,104.69,62.51,100.66,82.22,39.4,32.8,63.15,107.07,118.83,102.4,19.8,82.73,87.69,109.2,62.37,50.25,104.31,80.78,102.0,45.97,88.62,64.44
38,80.62,20.1,93.23,77.9,35.78,15.62,28.0,74.0,53.85,72.28,51.11,19.8,10.77,33.53,44.94,12.81,82.22,72.8,34.53,19.8,72.11,66.48,82.29,20.4,27.78,88.84,46.04,22.8,53.25,43.68,86.09,26.31,56.92,86.56,64.03,6.32,51.22,95.77,0.0,32.31,58.31,14.14,34.0,56.6,67.05,40.5,13.42,40.05,8.54,76.97,81.39,35.13,20.22,72.57,48.51,10.77,61.29,6.32,52.89,33.42,36.12
39,78.89,17.2,105.6,94.02,50.16,20.0,12.17,68.88,43.08,75.29,75.31,51.11,34.06,2.83,59.93,44.72,66.12,76.58,64.28,30.53,65.39,84.1,90.55,12.81,6.32,99.36,16.12,26.0,76.16,51.61,96.54,36.77,43.68,101.55,39.29,38.63,28.07,104.69,32.31,0.0,84.59,45.65,22.8,69.97,72.14,64.78,25.46,14.14,26.63,84.9,61.29,66.71,18.03,60.88,54.67,25.61,42.01,33.29,58.8,16.64,40.8
40,72.8,77.79,54.0,36.06,39.29,64.78,84.9,74.97,74.32,60.0,10.77,53.81,51.42,86.83,34.0,53.25,97.65,58.82,25.61,76.94,76.58,27.2,55.03,76.16,78.41,54.59,92.09,60.0,12.81,46.52,52.95,50.16,78.79,44.05,98.08,53.67,87.86,62.51,58.31,84.59,0.0,54.41,70.46,35.38,54.04,20.0,71.69,96.1,66.85,52.8,103.45,31.4,78.11,84.63,48.88,69.08,88.96,62.61,49.41,75.11,52.89
41,90.0,31.05,96.6,79.92,42.43,29.73,39.29,84.59,66.48,80.4,49.52,5.66,20.88,46.52,50.0,2.0,95.08,80.62,28.84,24.33,83.19,68.26,87.93,33.11,41.62,93.23,60.0,35.78,52.5,52.04,90.62,36.5,69.86,88.84,78.1,8.94,65.3,100.66,14.14,45.65,54.41,0.0,47.71,61.35,74.67,40.0,22.36,51.42,19.31,82.97,94.89,25.96,30.81,84.77,57.04,20.88,74.95,12.65,61.13,47.51,46.53
42,56.36,32.25,83.76,73.54,32.06,18.97,32.31,46.82,22.09,52.5,60.13,53.25,28.28,25.61,40.79,46.04,49.03,53.81,55.46,44.05,43.68,64.56,68.12,26.31,17.89,77.2,22.36,12.81,60.0,30.46,74.4,20.4,24.08,80.5,31.24,38.83,18.87,82.22,34.0,22.8,70.46,47.71,0.0,49.4,49.52,50.64,36.22,36.88,33.96,62.48,47.42,60.75,33.24,41.01,32.76,34.53,27.29,38.63,36.62,6.4,19.92
43,37.74,70.71,36.88,24.17,21.26,53.81,75.29,39.7,44.18,25.06,26.08,64.03,46.04,72.72,11.66,59.46,63.53,24.17,42.19,76.03,41.62,16.0,26.68,66.6,63.81,32.25,71.47,44.41,22.8,18.97,29.53,34.06,48.37,31.62,70.03,55.46,62.51,39.4,56.6,69.97,35.38,61.35,49.4,0.0,18.87,26.31,68.41,83.76,63.6,22.09,70.58,51.24,71.42,50.54,18.03,65.6,59.3,62.77,16.28,55.54,29.55
44,18.87,77.18,36.06,32.56,32.25,60.03,80.0,22.36,36.06,6.32,44.94,78.23,56.32,74.97,26.31,72.69,48.08,6.0,59.67,85.09,25.3,30.53,18.87,72.11,66.6,28.64,69.34,49.4,41.62,23.41,26.0,41.23,39.29,36.06,61.61,67.47,57.27,32.8,67.05,72.14,54.04,74.67,49.52,18.87,0.0,44.27,76.97,86.28,72.62,13.42,56.72,68.66,78.03,35.69,18.79,74.32,50.01,73.38,14.32,55.9,32.76
45,62.77,59.09,57.58,40.25,20.59,45.12,65.79,62.13,56.6,50.6,10.77,41.18,32.31,67.08,18.87,38.42,82.07,50.0,16.0,60.0,62.8,28.64,52.04,56.92,58.55,55.32,72.11,40.0,12.81,29.73,52.95,30.27,61.06,49.19,79.12,36.88,68.41,63.15,40.5,64.78,20.0,40.0,50.64,26.31,44.27,0.0,53.85,76.66,48.88,48.04,86.61,25.02,59.51,69.3,33.3,51.11,70.66,45.61,35.23,55.15,34.01
46,88.77,8.94,105.26,90.51,47.2,18.11,17.09,80.89,58.03,81.71,64.5,27.2,22.63,25.61,56.85,22.09,85.16,82.46,47.54,8.25,78.41,79.25,93.3,12.81,23.32,100.44,41.23,28.64,66.57,53.67,97.65,35.78,60.3,99.04,62.61,18.44,50.16,107.07,13.42,25.46,71.69,22.36,36.22,68.41,76.97,53.85,0.0,29.12,5.0,87.82,82.57,47.1,8.54,77.06,58.18,2.83,62.36,10.0,62.65,33.24,44.6
47,92.65,20.4,119.63,107.7,63.53,31.62,12.17,82.37,56.36,89.38,87.36,56.32,44.72,11.31,73.43,50.99,77.28,90.69,74.11,30.53,78.71,97.53,104.69,20.1,20.0,113.45,24.08,39.45,88.54,65.6,110.63,50.12,56.46,115.38,48.0,46.17,38.83,118.83,40.05,14.14,96.1,51.42,36.88,83.76,86.28,76.66,29.12,0.0,32.39,99.04,71.11,75.17,20.62,73.39,68.77,30.59,53.15,38.83,72.92,30.61,54.82
48,84.93,12.04,100.42,85.56,42.44,15.13,20.22,77.41,55.33,77.49,59.54,24.6,17.69,27.29,52.01,18.68,82.98,78.19,42.95,12.53,75.11,74.28,88.68,13.89,23.35,95.69,41.73,25.08,61.59,49.24,92.91,31.38,57.87,94.11,61.91,14.04,49.24,102.4,8.54,26.63,66.85,19.31,33.96,63.6,72.62,48.88,5.0,32.39,0.0,83.24,80.99,43.0,12.0,74.33,53.85,2.24,60.75,6.71,58.31,31.78,40.52
49,24.17,88.81,22.8,23.32,41.23,71.61,92.2,32.25,49.4,14.0,45.61,85.91,66.21,87.73,32.98,81.04,58.55,12.0,64.03,95.77,36.06,26.08,5.66,84.02,79.2,15.23,82.68,61.22,41.76,34.41,12.65,52.15,52.5,24.33,74.73,76.55,70.68,19.8,76.97,84.9,52.8,82.97,62.48,22.09,13.42,48.04,87.82,99.04,83.24,0.0,68.07,73.06,89.63,47.01,30.48,85.09,63.06,83.26,26.17,68.88,44.69
50,46.53,76.69,90.05,89.27,66.22,66.31,73.44,36.01,30.41,54.08,92.78,100.34,74.63,63.13,69.46,93.15,11.18,56.08,96.9,89.74,32.02,85.73,72.01,70.83,60.21,82.05,47.04,59.17,90.82,57.14,80.01,61.72,26.17,92.27,23.35,85.96,33.24,82.73,81.39,61.29,103.45,94.89,47.42,70.58,56.72,86.61,82.57,71.11,80.99,68.07,0.0,104.0,77.67,21.1,54.59,81.27,20.25,86.01,54.63,49.34,53.76
51,86.68,55.01,81.25,63.32,39.82,47.43,63.07,84.58,73.66,74.95,30.36,23.71,33.62,68.25,42.45,25.5,101.4,74.53,9.06,50.22,84.53,52.17,77.01,55.44,61.4,79.76,78.55,48.02,34.21,50.54,77.52,42.45,77.83,72.12,91.84,29.02,79.61,87.69,35.13,66.71,31.4,25.96,60.75,51.24,68.66,25.02,47.1,75.17,43.0,73.06,104.0,0.0,55.0,89.31,55.04,45.01,85.7,37.12,57.94,63.06,50.45
52,88.26,1.0,108.25,94.37,50.21,18.03,8.54,79.56,55.33,82.3,70.26,35.74,27.29,17.69,60.14,30.41,81.22,83.24,54.74,12.53,76.69,83.41,95.21,7.0,17.46,102.94,34.13,28.65,72.01,55.22,100.12,37.64,57.04,102.65,56.65,26.02,44.64,109.2,20.22,18.03,78.11,30.81,33.24,71.42,78.03,59.51,8.54,20.62,12.0,89.63,77.67,55.0,0.0,74.17,59.36,10.05,57.71,18.25,63.81,29.02,45.28
53,26.57,73.17,69.18,68.25,49.82,59.21,72.18,15.3,19.03,33.02,74.2,89.81,63.89,63.32,51.09,82.86,13.04,35.01,81.4,85.01,11.05,65.19,51.09,67.19,57.71,61.2,50.54,49.82,71.85,39.62,59.08,48.85,17.26,71.18,32.65,75.96,35.36,62.37,72.57,60.88,84.63,84.77,41.01,50.54,35.69,69.3,77.06,73.39,74.33,47.01,21.1,89.31,74.17,0.0,36.12,75.17,22.02,78.09,35.23,45.4,39.36
54,33.06,58.52,51.04,41.48,15.52,41.34,61.72,29.55,26.48,23.77,38.28,61.03,37.85,57.49,15.0,55.04,49.04,24.35,46.53,66.31,29.68,34.01,36.12,53.6,48.84,44.69,54.23,30.81,36.24,5.0,41.87,22.47,30.81,47.93,52.09,49.37,44.55,50.25,48.51,54.67,48.88,57.04,32.76,18.03,18.79,33.3,58.18,68.77,53.85,30.48,54.59,55.04,59.36,36.12,0.0,55.54,41.59,54.82,4.47,39.12,14.21
55,86.35,10.2,102.45,87.68,44.41,16.0,18.44,78.64,56.14,79.12,61.77,26.0,19.8,26.08,54.04,20.4,83.55,79.85,45.12,10.77,76.24,76.42,90.55,12.81,22.8,97.65,41.04,26.31,63.81,50.99,94.87,33.11,58.55,96.21,61.77,16.12,49.19,104.31,10.77,25.61,69.08,20.88,34.53,65.6,74.32,51.11,2.83,30.59,2.24,85.09,81.27,45.01,10.05,75.17,55.54,0.0,61.03,8.25,60.01,31.95,42.06
56,46.87,56.72,85.87,81.1,50.09,46.1,54.01,35.23,15.13,49.65,78.19,80.45,55.0,44.1,55.36,73.25,24.19,51.55,79.2,69.63,30.81,75.24,68.01,50.8,40.31,78.16,29.41,39.41,76.84,42.72,75.69,43.28,11.0,85.84,11.7,66.04,14.32,80.78,61.29,42.01,88.96,74.95,27.29,59.3,50.01,70.66,62.36,53.15,60.75,63.06,20.25,85.7,57.71,22.02,41.59,61.03,0.0,65.8,43.1,29.12,36.72
57,86.83,18.44,99.3,83.74,42.05,19.7,26.68,80.02,59.23,78.59,56.04,17.89,17.09,34.0,51.11,12.17,87.36,79.12,37.95,14.42,78.03,72.25,88.57,20.59,29.73,95.02,48.17,28.28,58.41,50.0,92.28,32.56,62.1,92.46,67.68,8.94,54.92,102.0,6.32,33.29,62.61,12.65,38.63,62.77,73.38,45.61,10.0,38.83,6.71,83.26,86.01,37.12,18.25,78.09,54.82,8.25,65.8,0.0,59.2,37.22,42.3
58,29.27,62.97,47.17,38.64,19.1,45.79,66.07,26.93,28.02,19.42,39.05,65.0,42.2,61.62,16.4,59.14,48.26,19.92,49.24,70.77,27.66,32.14,31.83,58.01,53.04,40.61,57.7,35.23,36.62,9.22,37.8,26.93,32.14,44.6,54.01,53.6,47.3,45.97,52.89,58.8,49.41,61.13,36.62,16.28,14.32,35.23,62.65,72.92,58.31,26.17,54.63,57.94,63.81,35.23,4.47,60.01,43.1,59.2,0.0,43.01,18.6
59,62.27,28.02,90.14,79.71,37.48,17.8,26.93,52.39,26.93,58.8,65.0,53.15,29.68,19.42,46.57,46.01,52.24,60.14,58.52,40.61,49.04,70.52,74.52,22.02,12.37,83.6,17.0,15.52,65.12,36.67,80.8,25.0,28.16,86.77,30.61,38.9,17.8,88.62,33.42,16.64,75.11,47.51,6.4,55.54,55.9,55.15,33.24,30.61,31.78,68.88,49.34,63.06,29.02,45.4,39.12,31.95,29.12,37.22,43.01,0.0,26.0
60,44.55,44.42,64.82,53.71,13.6,27.29,47.51,38.12,23.35,37.16,42.2,51.2,26.02,43.6,21.1,44.55,51.04,38.01,43.14,52.81,36.67,44.64,50.33,39.41,34.83,58.73,42.2,16.64,41.44,10.82,55.9,10.05,27.66,60.9,45.22,38.12,35.23,64.44,36.12,40.8,52.89,46.53,19.92,29.55,32.76,34.01,44.6,54.82,40.52,44.69,53.76,50.45,45.28,39.36,14.21,42.06,36.72,42.3,18.6,26.0,0.0
