set K:= 1	2	3	4	5	6;
set C_H:= 1	2	3	4	5	6	7	8	9	10	11	12	13	14	15	16;
set C_S:= 17	18	19	20	21	22	23	24	25	26	27	28	29	30;
set C_F:= 31	32	33	34	35	36	37	38	39	40	41	42	43	44;
set M:= 45	46	47	48	49	50;
set L_B:= 51	52	53	54	55	56;
set A1:=
(0,*) 1 2 3 4 5 6 7 8 9 10 11 12 13 14 15 16 31 32 33 34 35 36 37 38 39 40 41 42 43 44 45 46 47 48 49 50 51 52 53 54 55 56
(1,*) 0 2 3 4 5 6 7 8 9 10 11 12 13 14 15 16 31 32 33 34 35 36 37 38 39 40 41 42 43 44 45 46 47 48 49 50 51 52 53 54 55 56
(2,*) 0 1 3 4 5 6 7 8 9 10 11 12 13 14 15 16 31 32 33 34 35 36 37 38 39 40 41 42 43 44 45 46 47 48 49 50 51 52 53 54 55 56
(3,*) 0 1 2 4 5 6 7 8 9 10 11 12 13 14 15 16 31 32 33 34 35 36 37 38 39 40 41 42 43 44 45 46 47 48 49 50 51 52 53 54 55 56
(4,*) 0 1 2 3 5 6 7 8 9 10 11 12 13 14 15 16 31 32 33 34 35 36 37 38 39 40 41 42 43 44 45 46 47 48 49 50 51 52 53 54 55 56
(5,*) 0 1 2 3 4 6 7 8 9 10 11 12 13 14 15 16 31 32 33 34 35 36 37 38 39 40 41 42 43 44 45 46 47 48 49 50 51 52 53 54 55 56
(6,*) 0 1 2 3 4 5 7 8 9 10 11 12 13 14 15 16 31 32 33 34 35 36 37 38 39 40 41 42 43 44 45 46 47 48 49 50 51 52 53 54 55 56
(7,*) 0 1 2 3 4 5 6 8 9 10 11 12 13 14 15 16 31 32 33 34 35 36 37 38 39 40 41 42 43 44 45 46 47 48 49 50 51 52 53 54 55 56
(8,*) 0 1 2 3 4 5 6 7 9 10 11 12 13 14 15 16 31 32 33 34 35 36 37 38 39 40 41 42 43 44 45 46 47 48 49 50 51 52 53 54 55 56
(9,*) 0 1 2 3 4 5 6 7 8 10 11 12 13 14 15 16 31 32 33 34 35 36 37 38 39 40 41 42 43 44 45 46 47 48 49 50 51 52 53 54 55 56
(10,*) 0 1 2 3 4 5 6 7 8 9 11 12 13 14 15 16 31 32 33 34 35 36 37 38 39 40 41 42 43 44 45 46 47 48 49 50 51 52 53 54 55 56
(11,*) 0 1 2 3 4 5 6 7 8 9 10 12 13 14 15 16 31 32 33 34 35 36 37 38 39 40 41 42 43 44 45 46 47 48 49 50 51 52 53 54 55 56
(12,*) 0 1 2 3 4 5 6 7 8 9 10 11 13 14 15 16 31 32 33 34 35 36 37 38 39 40 41 42 43 44 45 46 47 48 49 50 51 52 53 54 55 56
(13,*) 0 1 2 3 4 5 6 7 8 9 10 11 12 14 15 16 31 32 33 34 35 36 37 38 39 40 41 42 43 44 45 46 47 48 49 50 51 52 53 54 55 56
(14,*) 0 1 2 3 4 5 6 7 8 9 10 11 12 13 15 16 31 32 33 34 35 36 37 38 39 40 41 42 43 44 45 46 47 48 49 50 51 52 53 54 55 56
(15,*) 0 1 2 3 4 5 6 7 8 9 10 11 12 13 14 16 31 32 33 34 35 36 37 38 39 40 41 42 43 44 45 46 47 48 49 50 51 52 53 54 55 56
(16,*) 0 1 2 3 4 5 6 7 8 9 10 11 12 13 14 15 31 32 33 34 35 36 37 38 39 40 41 42 43 44 45 46 47 48 49 50 51 52 53 54 55 56
(31,*) 0 1 2 3 4 5 6 7 8 9 10 11 12 13 14 15 16 32 33 34 35 36 37 38 39 40 41 42 43 44 45 46 47 48 49 50 51 52 53 54 55 56
(32,*) 0 1 2 3 4 5 6 7 8 9 10 11 12 13 14 15 16 31 33 34 35 36 37 38 39 40 41 42 43 44 45 46 47 48 49 50 51 52 53 54 55 56
(33,*) 0 1 2 3 4 5 6 7 8 9 10 11 12 13 14 15 16 31 32 34 35 36 37 38 39 40 41 42 43 44 45 46 47 48 49 50 51 52 53 54 55 56
(34,*) 0 1 2 3 4 5 6 7 8 9 10 11 12 13 14 15 16 31 32 33 35 36 37 38 39 40 41 42 43 44 45 46 47 48 49 50 51 52 53 54 55 56
(35,*) 0 1 2 3 4 5 6 7 8 9 10 11 12 13 14 15 16 31 32 33 34 36 37 38 39 40 41 42 43 44 45 46 47 48 49 50 51 52 53 54 55 56
(36,*) 0 1 2 3 4 5 6 7 8 9 10 11 12 13 14 15 16 31 32 33 34 35 37 38 39 40 41 42 43 44 45 46 47 48 49 50 51 52 53 54 55 56
(37,*) 0 1 2 3 4 5 6 7 8 9 10 11 12 13 14 15 16 31 32 33 34 35 36 38 39 40 41 42 43 44 45 46 47 48 49 50 51 52 53 54 55 56
(38,*) 0 1 2 3 4 5 6 7 8 9 10 11 12 13 14 15 16 31 32 33 34 35 36 37 39 40 41 42 43 44 45 46 47 48 49 50 51 52 53 54 55 56
(39,*) 0 1 2 3 4 5 6 7 8 9 10 11 12 13 14 15 16 31 32 33 34 35 36 37 38 40 41 42 43 44 45 46 47 48 49 50 51 52 53 54 55 56
(40,*) 0 1 2 3 4 5 6 7 8 9 10 11 12 13 14 15 16 31 32 33 34 35 36 37 38 39 41 42 43 44 45 46 47 48 49 50 51 52 53 54 55 56
(41,*) 0 1 2 3 4 5 6 7 8 9 10 11 12 13 14 15 16 31 32 33 34 35 36 37 38 39 40 42 43 44 45 46 47 48 49 50 51 52 53 54 55 56
(42,*) 0 1 2 3 4 5 6 7 8 9 10 11 12 13 14 15 16 31 32 33 34 35 36 37 38 39 40 41 43 44 45 46 47 48 49 50 51 52 53 54 55 56
(43,*) 0 1 2 3 4 5 6 7 8 9 10 11 12 13 14 15 16 31 32 33 34 35 36 37 38 39 40 41 42 44 45 46 47 48 49 50 51 52 53 54 55 56
(44,*) 0 1 2 3 4 5 6 7 8 9 10 11 12 13 14 15 16 31 32 33 34 35 36 37 38 39 40 41 42 43 45 46 47 48 49 50 51 52 53 54 55 56
(45,*) 0 1 2 3 4 5 6 7 8 9 10 11 12 13 14 15 16 31 32 33 34 35 36 37 38 39 40 41 42 43 44 46 47 48 49 50 51 52 53 54 55 56
(46,*) 0 1 2 3 4 5 6 7 8 9 10 11 12 13 14 15 16 31 32 33 34 35 36 37 38 39 40 41 42 43 44 45 47 48 49 50 51 52 53 54 55 56
(47,*) 0 1 2 3 4 5 6 7 8 9 10 11 12 13 14 15 16 31 32 33 34 35 36 37 38 39 40 41 42 43 44 45 46 48 49 50 51 52 53 54 55 56
(48,*) 0 1 2 3 4 5 6 7 8 9 10 11 12 13 14 15 16 31 32 33 34 35 36 37 38 39 40 41 42 43 44 45 46 47 49 50 51 52 53 54 55 56
(49,*) 0 1 2 3 4 5 6 7 8 9 10 11 12 13 14 15 16 31 32 33 34 35 36 37 38 39 40 41 42 43 44 45 46 47 48 50 51 52 53 54 55 56
(50,*) 0 1 2 3 4 5 6 7 8 9 10 11 12 13 14 15 16 31 32 33 34 35 36 37 38 39 40 41 42 43 44 45 46 47 48 49 51 52 53 54 55 56
(51,*) 0 1 2 3 4 5 6 7 8 9 10 11 12 13 14 15 16 31 32 33 34 35 36 37 38 39 40 41 42 43 44 45 46 47 48 49 50 52 53 54 55 56
(52,*) 0 1 2 3 4 5 6 7 8 9 10 11 12 13 14 15 16 31 32 33 34 35 36 37 38 39 40 41 42 43 44 45 46 47 48 49 50 51 53 54 55 56
(53,*) 0 1 2 3 4 5 6 7 8 9 10 11 12 13 14 15 16 31 32 33 34 35 36 37 38 39 40 41 42 43 44 45 46 47 48 49 50 51 52 54 55 56
(54,*) 0 1 2 3 4 5 6 7 8 9 10 11 12 13 14 15 16 31 32 33 34 35 36 37 38 39 40 41 42 43 44 45 46 47 48 49 50 51 52 53 55 56
(55,*) 0 1 2 3 4 5 6 7 8 9 10 11 12 13 14 15 16 31 32 33 34 35 36 37 38 39 40 41 42 43 44 45 46 47 48 49 50 51 52 53 54 56
(56,*) 0 1 2 3 4 5 6 7 8 9 10 11 12 13 14 15 16 31 32 33 34 35 36 37 38 39 40 41 42 43 44 45 46 47 48 49 50 51 52 53 54 55
;
param BigM:=99999;
param n:= 6;
param d:=
1	19
2	2
3	6
4	8
5	5
6	14
7	15
8	2
9	10
10	20
11	13
12	11
13	16
14	11
15	5
16	18
17	12
18	17
19	8
20	7
21	22
22	24
23	6
24	21
25	10
26	21
27	24
28	8
29	23
30	3
31	20
32	14
33	2
34	17
35	23
36	21
37	6
38	8
39	11
40	22
41	17
42	22
43	17
44	12
;
param Q:=100;
param e:
	45	46	47	48	49	50	51	52	53	54	55	56:=
17		0		0		1		0		0		1		0		1		0		0		0		0	
18		0		0		0		0		0		0		1		0		0		0		0		0	
19		0		0		0		0		0		0		0		0		0		0		1		0	
20		1		0		0		0		1		0		0		0		0		0		0		0	
21		0		0		0		0		0		0		0		1		0		1		0		0	
22		0		0		0		0		0		1		0		1		0		1		0		0	
23		0		0		0		1		0		0		0		0		0		0		1		0	
24		0		0		0		0		0		0		1		0		0		0		0		0	
25		1		0		0		0		1		0		0		0		0		0		0		0	
26		1		0		0		0		0		0		0		0		1		0		0		0	
27		0		0		0		0		0		0		0		0		1		0		0		0	
28		0		0		0		0		1		0		0		0		0		0		0		0	
29		0		1		0		0		0		0		0		0		0		0		0		0	
30		0		0		0		0		1		0		0		0		0		0		0		1	
31		0		0		0		0		0		0		0		0		0		0		0		1	
32		0		0		1		0		0		1		0		0		0		0		0		0	
33		0		0		0		0		0		0		0		0		1		0		1		0	
34		1		0		0		0		1		0		0		0		0		0		0		0	
35		0		0		0		0		0		0		0		0		0		1		0		1	
36		0		1		0		0		0		0		0		0		0		0		0		0	
37		0		0		0		0		0		0		1		0		1		0		1		0	
38		0		0		0		0		0		0		1		1		0		1		1		0	
39		0		1		0		0		0		0		0		0		0		0		0		0	
40		0		0		0		1		0		0		0		0		0		0		0		0	
41		0		0		0		0		1		0		0		0		0		0		0		0	
42		0		1		0		0		0		0		0		0		0		0		1		0	
43		0		0		0		1		0		0		0		0		0		0		0		0	
44		0		0		0		0		0		0		1		0		1		0		0		0	
;
param p:=
1	3
2	3
3	3
4	3
5	3
6	3
;
param G:=
45	88
46	92
47	86
48	76
49	75
50	86
51	90
52	76
53	75
54	70
55	89
56	90
;
param s:=
0	0
1	10
2	10
3	10
4	10
5	10
6	10
7	10
8	10
9	10
10	10
11	10
12	10
13	10
14	10
15	10
16	10
31	10
32	10
33	10
34	10
35	10
36	10
37	10
38	10
39	10
40	10
41	10
42	10
43	10
44	10
45	10
46	10
47	10
48	10
49	10
50	10
51	10
52	10
53	10
54	10
55	10
56	10
;
param t:
	0	1	2	3	4	5	6	7	8	9	10	11	12	13	14	15	16	17	18	19	20	21	22	23	24	25	26	27	28	29	30	31	32	33	34	35	36	37	38	39	40	41	42	43	44	45	46	47	48	49	50	51	52	53	54	55	56:=
0	0.0	20.88	31.14	78.89	69.66	60.41	19.7	56.22	65.0	88.09	45.61	43.08	69.86	40.36	93.35	86.45	42.05	66.6	30.23	28.6	49.74	43.83	54.2	9.06	41.73	36.4	25.0	30.15	67.36	65.79	59.21	66.91	82.07	18.68	35.69	67.45	50.01	24.33	34.83	54.12	25.3	66.71	47.8	21.02	28.65	37.16	58.31	86.98	17.49	48.38	71.85	22.36	50.0	9.22	47.01	13.0	53.71
1	20.88	0.0	50.22	86.28	83.19	51.0	14.14	55.9	54.23	98.08	64.28	34.23	58.55	34.48	105.12	99.13	42.19	79.65	12.08	40.72	70.21	54.08	64.64	29.43	25.08	56.44	37.7	29.41	88.23	56.04	79.01	86.15	94.34	38.01	56.52	85.84	48.75	24.08	46.96	42.3	14.56	87.56	33.24	34.21	9.43	57.94	53.85	98.74	23.71	69.26	80.81	22.63	64.62	14.04	63.32	32.02	70.83
2	31.14	50.22	0.0	92.96	74.69	89.89	41.79	80.6	94.89	97.5	41.88	73.06	99.85	51.16	99.3	91.3	67.72	73.01	60.96	46.17	22.09	59.14	67.08	26.83	72.84	8.06	43.42	58.18	43.05	95.26	47.2	56.4	88.1	28.16	21.26	60.14	75.69	53.24	50.01	84.6	47.43	44.72	78.87	20.1	59.03	15.26	85.38	93.47	31.05	26.25	84.4	51.48	56.3	40.36	50.16	29.41	53.0
3	78.89	86.28	92.96	0.0	27.78	61.0	95.6	37.0	65.49	16.0	56.14	62.61	68.12	118.0	27.17	27.31	46.04	26.0	82.62	50.54	93.05	35.34	25.96	73.82	80.13	90.67	54.12	57.38	92.18	62.29	65.8	62.65	23.32	66.73	75.17	55.9	42.95	62.23	44.78	68.01	99.36	86.68	75.24	97.17	84.5	83.22	47.07	23.09	96.38	83.22	9.06	63.66	38.0	76.4	45.01	68.94	46.87
4	69.66	83.19	74.69	27.78	0.0	75.13	88.81	50.45	80.6	24.08	33.53	70.11	84.4	109.99	24.7	17.03	52.04	4.0	83.49	42.54	69.87	30.08	21.02	62.24	85.33	70.58	45.79	58.69	65.76	78.1	39.32	35.11	13.42	53.08	54.42	28.23	53.34	61.35	36.24	79.1	93.74	60.02	83.22	83.87	84.5	62.3	61.61	18.79	86.31	59.54	19.85	62.03	19.8	70.49	24.7	57.31	22.56
5	60.41	51.0	89.89	61.0	75.13	0.0	65.03	25.02	5.83	76.79	78.24	17.46	10.63	84.59	87.37	85.0	26.63	71.2	40.31	50.25	103.41	49.66	54.82	63.06	29.73	92.96	50.93	31.91	114.63	5.39	94.58	97.53	80.01	64.4	84.39	93.52	22.14	36.67	51.61	10.3	65.12	111.4	21.02	80.78	43.29	90.0	14.04	82.1	72.84	97.67	61.03	38.48	65.8	51.92	69.84	61.06	77.37
6	19.7	14.14	41.79	95.6	88.81	65.03	0.0	68.01	68.36	106.08	65.15	48.04	72.69	22.47	112.04	105.42	53.85	85.6	25.96	46.75	63.32	61.52	72.12	28.46	38.9	49.04	43.28	40.85	83.02	70.11	78.09	86.12	100.9	38.28	53.01	86.98	61.03	34.93	53.15	56.44	6.0	83.29	47.3	23.02	23.09	52.47	67.08	105.65	11.4	64.38	89.27	33.11	69.34	19.21	66.65	32.7	73.41
7	56.22	55.9	80.6	37.0	50.45	25.02	68.01	0.0	30.27	52.39	58.8	26.4	33.96	90.08	62.65	60.01	14.32	46.57	49.2	35.11	89.47	28.28	30.87	55.15	44.2	81.61	37.36	27.2	97.01	27.66	74.28	75.8	55.0	52.63	69.78	71.02	7.21	33.24	33.62	31.05	70.26	92.96	38.47	77.1	51.61	76.69	11.18	57.22	72.37	81.99	36.12	35.17	43.6	50.22	48.84	51.48	55.61
8	65.0	54.23	94.89	65.49	80.6	5.83	68.36	30.27	0.0	81.39	84.05	21.93	5.0	87.14	92.14	90.05	32.45	76.69	43.0	55.97	108.85	55.46	60.44	68.1	31.4	98.18	56.57	37.2	120.34	3.61	100.4	103.35	85.09	69.81	89.94	99.32	27.86	41.68	57.43	12.0	68.01	117.15	22.36	85.07	46.0	95.43	19.1	87.01	76.69	103.28	66.01	43.42	71.59	56.3	75.66	66.29	83.19
9	88.09	98.08	97.5	16.0	24.08	76.79	106.08	52.39	81.39	0.0	57.27	77.25	84.1	128.14	11.4	14.21	59.93	24.74	95.72	59.55	93.9	44.55	33.97	81.84	94.43	93.96	63.13	70.18	89.36	78.23	63.07	57.87	12.65	73.57	77.88	50.8	57.87	74.4	53.26	83.43	110.34	83.49	90.14	104.62	97.35	85.87	62.8	9.22	105.42	83.6	17.49	75.6	41.23	86.98	47.43	76.84	46.53
10	45.61	64.28	41.88	56.14	33.53	78.24	65.15	58.8	84.05	57.27	0.0	66.21	88.81	83.65	57.78	49.66	51.61	32.56	69.18	29.15	37.01	30.61	32.89	36.69	75.93	37.16	30.08	50.33	38.59	82.8	16.55	22.02	46.82	26.93	21.02	21.84	57.38	49.48	26.63	77.83	70.88	34.21	77.49	54.2	69.03	28.79	67.94	52.2	59.48	27.07	47.1	49.03	18.44	50.25	11.4	32.76	11.18
11	43.08	34.23	73.06	62.61	70.11	17.46	48.04	26.4	21.93	77.25	66.21	0.0	26.83	68.45	86.68	82.76	18.11	66.12	24.7	37.12	87.78	41.19	49.09	46.32	17.8	76.61	36.89	16.4	100.6	22.8	82.76	86.98	77.67	48.8	69.35	83.93	19.72	20.0	40.16	12.04	48.66	97.91	13.15	63.32	27.51	74.33	20.59	80.78	55.44	82.88	60.08	21.63	56.89	34.48	59.48	44.82	67.45
12	69.86	58.55	99.85	68.12	84.4	10.63	72.69	33.96	5.0	84.1	88.81	26.83	0.0	91.02	95.01	93.26	37.2	80.52	47.1	60.88	113.85	59.94	64.51	73.06	35.06	103.17	61.52	42.2	125.26	6.32	105.12	107.91	88.36	74.81	94.92	103.75	32.2	46.65	62.2	16.28	72.11	122.02	26.02	89.81	50.09	100.42	22.8	90.05	81.25	108.25	69.18	48.37	76.03	61.1	80.26	71.28	87.71
13	40.36	34.48	51.16	118.0	109.99	84.59	22.47	90.08	87.14	128.14	83.65	68.45	91.02	0.0	133.69	126.81	76.06	106.96	44.28	68.62	73.03	83.63	94.18	48.01	56.0	59.21	65.07	63.07	94.19	89.36	94.58	103.25	122.43	57.69	68.01	105.12	83.01	57.25	74.97	75.17	19.92	95.75	65.01	31.58	41.3	65.12	88.32	127.31	24.19	76.94	111.52	55.47	90.27	41.62	86.84	52.8	92.96
14	93.35	105.12	99.3	27.17	24.7	87.37	112.04	62.65	92.14	11.4	57.78	86.68	95.01	133.69	0.0	8.25	68.95	27.02	103.77	65.3	93.15	51.04	40.5	86.37	103.46	94.94	68.77	78.26	86.05	89.05	60.53	54.01	11.4	77.47	78.79	47.04	67.68	81.99	58.9	93.56	116.66	80.02	99.72	108.41	105.19	86.54	73.33	6.4	110.34	82.71	26.68	83.01	44.2	93.24	49.4	81.39	46.62
15	86.45	99.13	91.3	27.31	17.03	85.0	105.42	60.01	90.05	14.21	49.66	82.76	93.26	126.81	8.25	0.0	64.76	19.85	98.49	58.82	84.9	45.18	34.93	79.2	99.04	86.82	62.2	73.16	78.01	87.14	52.35	46.01	5.1	70.09	70.68	39.0	64.38	76.49	52.43	90.45	110.21	72.0	95.9	100.9	99.74	78.39	71.01	5.0	103.25	74.46	24.08	77.37	36.8	86.84	41.62	74.25	38.48
16	42.05	42.19	67.72	46.04	52.04	26.63	53.85	14.32	32.45	59.93	51.61	18.11	37.2	76.06	68.95	64.76	0.0	48.04	36.8	24.21	78.55	23.77	31.02	41.59	34.54	69.46	25.55	13.0	88.39	31.24	67.96	71.11	59.67	40.31	59.08	67.42	8.06	18.97	25.0	27.66	56.36	84.96	31.26	63.01	38.9	65.37	17.89	62.94	58.05	72.01	42.54	20.88	39.85	35.9	43.38	38.33	51.08
17	66.6	79.65	73.01	26.0	4.0	71.2	85.6	46.57	76.69	24.74	32.56	66.12	80.52	106.96	27.02	19.85	48.04	0.0	79.71	39.12	69.35	26.25	17.03	59.41	81.39	69.26	42.44	54.82	66.49	74.22	40.02	36.67	15.62	50.45	53.16	30.02	49.37	57.58	32.76	75.11	90.44	60.88	79.23	81.4	80.78	61.13	57.72	20.81	83.44	59.14	17.49	58.31	17.2	67.12	22.85	54.45	22.02
18	30.23	12.08	60.96	82.62	83.49	40.31	25.96	49.2	43.0	95.72	69.18	24.7	47.1	44.28	103.77	98.49	36.8	79.71	0.0	42.43	79.92	53.49	63.56	37.58	13.0	66.61	40.11	25.55	96.77	45.1	84.85	91.2	93.52	44.64	64.62	90.01	42.01	22.14	48.05	31.0	25.02	95.52	21.38	46.04	3.0	67.12	45.19	97.49	35.78	77.88	78.23	21.59	66.29	21.47	66.27	38.9	74.17
19	28.6	40.72	46.17	50.54	42.54	50.25	46.75	35.11	55.97	59.55	29.15	37.12	60.88	68.62	65.3	58.82	24.21	39.12	42.43	0.0	54.59	15.26	25.61	23.41	47.38	46.57	3.61	21.19	64.38	55.15	45.69	50.45	54.2	18.03	34.99	48.26	31.38	21.02	6.4	48.88	51.4	61.22	48.38	46.82	42.95	41.63	41.88	58.9	46.04	47.8	43.27	21.02	24.04	28.02	24.0	18.68	32.02
20	49.74	70.21	22.09	93.05	69.87	103.41	63.32	89.47	108.85	93.9	37.01	87.78	113.85	73.03	93.15	84.9	78.55	69.35	79.92	54.59	0.0	63.6	68.73	42.8	90.8	14.32	53.0	71.7	21.38	108.6	34.0	42.72	82.76	39.05	19.7	48.3	85.96	67.9	56.08	99.76	69.12	24.17	95.67	42.19	78.39	13.45	96.38	88.07	52.95	10.44	84.02	66.47	55.08	58.52	48.04	43.14	47.38
21	43.83	54.08	59.14	35.34	30.08	49.66	61.52	28.28	55.46	44.55	30.61	41.19	59.94	83.63	51.04	45.18	23.77	26.25	53.49	15.26	63.6	0.0	10.63	38.48	55.44	58.14	18.87	28.64	69.07	53.71	46.01	48.02	40.31	31.78	44.15	43.86	27.78	31.38	9.49	51.42	65.86	64.82	54.04	61.85	54.63	51.79	38.01	44.65	61.29	55.15	28.02	32.2	16.16	42.45	20.62	33.62	27.78
22	54.2	64.64	67.08	25.96	21.02	54.82	72.12	30.87	60.44	33.97	32.89	49.09	64.51	94.18	40.5	34.93	31.02	17.03	63.56	25.61	68.73	10.63	0.0	48.37	64.54	65.12	29.21	38.28	71.11	58.19	46.04	45.97	29.97	40.85	50.04	40.61	32.76	41.59	19.42	58.22	76.49	66.24	62.2	71.55	64.85	58.01	41.79	34.13	71.61	59.44	17.89	42.54	14.76	53.08	21.54	43.42	26.4
23	9.06	29.43	26.83	73.82	62.24	63.06	28.46	55.15	68.1	81.84	36.69	46.32	73.06	48.01	86.37	79.2	41.59	59.41	37.58	23.41	42.8	38.48	48.37	0.0	48.01	30.48	19.92	31.38	59.24	68.43	50.16	57.87	75.01	9.85	27.2	58.52	49.65	26.42	29.07	58.01	34.21	58.24	53.04	23.41	36.4	29.68	58.94	80.06	24.08	40.31	66.24	24.7	42.45	16.16	38.83	5.0	45.18
24	41.73	25.08	72.84	80.13	85.33	29.73	38.9	44.2	31.4	94.43	75.93	17.8	35.06	56.0	103.46	99.04	34.54	81.39	13.0	47.38	90.8	55.44	64.54	48.01	0.0	77.99	45.89	27.02	106.47	33.96	92.18	97.67	93.96	53.67	74.3	95.63	37.44	26.48	52.04	19.65	37.48	104.69	9.06	58.83	15.81	77.67	37.64	97.41	48.75	87.82	77.08	26.93	70.01	32.56	71.25	48.37	79.31
25	36.4	56.44	8.06	90.67	70.58	92.96	49.04	81.61	98.18	93.96	37.16	76.61	103.17	59.21	94.94	86.82	69.46	69.26	66.61	46.57	14.32	58.14	65.12	30.48	77.99	0.0	44.27	61.06	35.01	98.27	40.36	49.58	83.93	29.15	16.16	53.81	77.25	56.61	49.5	88.41	54.82	36.67	83.45	28.02	64.9	8.6	87.32	89.32	38.64	18.38	81.88	55.0	53.15	45.45	46.57	31.91	48.33
26	25.0	37.7	43.42	54.12	45.79	50.93	43.28	37.36	56.57	63.13	30.08	36.89	61.52	65.07	68.77	62.2	25.55	42.44	40.11	3.61	53.0	18.87	29.21	19.92	45.89	44.27	0.0	20.59	63.89	55.97	46.49	51.79	57.63	15.3	33.6	50.04	33.11	19.42	9.9	48.83	48.01	61.03	47.54	43.32	40.45	39.82	43.42	62.37	42.44	46.75	46.87	19.1	26.93	24.7	26.17	15.3	34.06
27	30.15	29.41	58.18	57.38	58.69	31.91	40.85	27.2	37.2	70.18	50.33	16.4	42.2	63.07	78.26	73.16	13.0	54.82	25.55	21.19	71.7	28.64	38.28	31.38	27.02	61.06	20.59	0.0	84.2	37.22	66.85	71.57	68.15	32.65	53.04	69.05	20.4	6.08	25.18	28.43	43.42	81.54	27.2	51.16	27.2	58.26	28.16	72.01	45.4	66.53	52.7	8.06	43.0	23.19	44.55	29.15	52.61
28	67.36	88.23	43.05	92.18	65.76	114.63	83.02	97.01	120.34	89.36	38.59	100.6	125.26	94.19	86.05	78.01	88.39	66.49	96.77	64.38	21.38	69.07	71.11	59.24	106.47	35.01	63.89	84.2	0.0	119.52	26.48	32.06	77.1	52.84	32.2	39.01	94.92	81.54	63.78	112.61	88.96	6.08	110.14	63.0	95.63	30.59	105.55	82.02	73.25	18.97	83.24	80.45	56.36	75.39	49.65	58.14	45.54
29	65.79	56.04	95.26	62.29	78.1	5.39	70.11	27.66	3.61	78.23	82.8	22.8	6.32	89.36	89.05	87.14	31.24	74.22	45.1	55.15	108.6	53.71	58.19	68.43	33.96	98.27	55.97	37.22	119.52	0.0	99.05	101.71	82.22	69.63	89.5	97.49	25.94	42.05	56.22	14.32	70.03	116.18	25.0	86.13	48.09	95.21	16.49	84.01	78.09	102.73	63.07	43.86	69.77	57.28	74.09	66.37	81.49
30	59.21	79.01	47.2	65.8	39.32	94.58	78.09	74.28	100.4	63.07	16.55	82.76	105.12	94.58	60.53	52.35	67.96	40.02	84.85	45.69	34.0	46.01	46.04	50.16	92.18	40.36	46.49	66.85	26.48	99.05	0.0	9.22	51.01	41.0	26.83	14.32	73.41	65.8	43.05	94.37	84.01	20.88	93.98	63.56	84.48	32.02	83.87	56.08	70.88	23.85	56.92	65.25	31.4	65.03	25.46	47.0	19.72
31	66.91	86.15	56.4	62.65	35.11	97.53	86.12	75.8	103.35	57.87	22.02	86.98	107.91	103.25	54.01	46.01	71.11	36.67	91.2	50.45	42.72	48.02	45.97	57.87	97.67	49.58	51.79	71.57	32.06	101.71	9.22	0.0	45.4	48.37	35.85	7.07	75.8	71.2	46.82	98.23	91.98	26.02	98.76	72.45	91.05	41.23	85.98	50.16	79.38	32.8	54.12	70.86	32.2	72.11	27.73	54.33	20.25
32	82.07	94.34	88.1	23.32	13.42	80.01	100.9	55.0	85.09	12.65	46.82	77.67	88.36	122.43	11.4	5.1	59.67	15.62	93.52	54.2	82.76	40.31	29.97	75.01	93.96	83.93	57.63	68.15	77.1	82.22	51.01	45.4	0.0	66.07	67.78	38.33	59.3	71.55	47.8	85.38	105.6	71.18	90.8	97.01	94.81	75.61	66.03	5.39	99.01	72.37	19.24	72.47	32.8	82.2	38.08	70.04	35.74
33	18.68	38.01	28.16	66.73	53.08	64.4	38.28	52.63	69.81	73.57	26.93	48.8	74.81	57.69	77.47	70.09	40.31	50.45	44.64	18.03	39.05	31.78	40.85	9.85	53.67	29.15	15.3	32.65	52.84	69.63	41.0	48.37	66.07	0.0	20.81	48.76	48.1	29.07	22.36	60.81	43.97	51.08	57.43	31.06	43.93	25.61	58.18	71.22	33.6	34.41	58.69	27.8	33.3	24.08	29.21	6.0	35.36
34	35.69	56.52	21.26	75.17	54.42	84.39	53.01	69.78	89.94	77.88	21.02	69.35	94.92	68.01	78.79	70.68	59.08	53.16	64.62	34.99	19.7	44.15	50.04	27.2	74.3	16.16	33.6	53.04	32.2	89.5	26.83	35.85	67.78	20.81	0.0	39.05	66.37	49.82	36.4	81.39	59.01	31.05	78.24	36.77	63.57	8.06	76.85	73.16	44.72	13.6	66.27	48.6	37.34	43.32	30.59	25.94	32.2
35	67.45	85.84	60.14	55.9	28.23	93.52	86.98	71.02	99.32	50.8	21.84	83.93	103.75	105.12	47.04	39.0	67.42	30.02	90.01	48.26	48.3	43.86	40.61	58.52	95.63	53.81	50.04	69.05	39.01	97.49	14.32	7.07	38.33	48.76	39.05	0.0	71.55	69.26	43.93	94.87	92.72	33.0	96.1	74.95	90.09	45.28	81.49	43.1	81.02	38.08	47.51	69.12	27.73	71.85	24.52	54.57	16.49
36	50.01	48.75	75.69	42.95	53.34	22.14	61.03	7.21	27.86	57.87	57.38	19.72	32.2	83.01	67.68	64.38	8.06	49.37	42.01	31.38	85.96	27.78	32.76	49.65	37.44	77.25	33.11	20.4	94.92	25.94	73.41	75.8	59.3	48.1	66.37	71.55	0.0	26.48	31.14	26.08	63.16	91.22	32.31	71.0	44.41	72.9	10.63	61.98	65.76	79.06	41.0	28.44	43.83	43.57	48.26	46.32	55.57
37	24.33	24.08	53.24	62.23	61.35	36.67	34.93	33.24	41.68	74.4	49.48	20.0	46.65	57.25	81.99	76.49	18.97	57.58	22.14	21.02	67.9	31.38	41.59	26.42	26.48	56.61	19.42	6.08	81.54	42.05	65.8	71.2	71.55	29.07	49.82	69.26	26.48	0.0	26.17	31.89	37.74	79.26	28.65	45.28	23.26	54.45	34.06	75.66	39.32	63.41	57.01	2.0	44.41	17.12	45.01	24.84	53.04
38	34.83	46.96	50.01	44.78	36.24	51.61	53.15	33.62	57.43	53.26	26.63	40.16	62.2	74.97	58.9	52.43	25.0	32.76	48.05	6.4	56.08	9.49	19.42	29.07	52.04	49.5	9.9	25.18	63.78	56.22	43.05	46.82	47.8	22.36	36.4	43.93	31.14	26.17	0.0	51.48	57.8	60.11	52.17	52.39	48.76	43.68	41.77	52.5	52.2	48.37	37.22	26.48	18.25	34.41	19.42	24.17	27.46
39	54.12	42.3	84.6	68.01	79.1	10.3	56.44	31.05	12.0	83.43	77.83	12.04	16.28	75.17	93.56	90.45	27.66	75.11	31.0	48.88	99.76	51.42	58.22	58.01	19.65	88.41	48.83	28.43	112.61	14.32	94.37	98.23	85.38	60.81	81.39	94.87	26.08	31.89	51.48	0.0	56.01	109.86	10.77	73.74	34.0	86.31	21.47	87.97	65.0	94.92	66.91	33.42	67.45	45.19	70.58	56.73	78.43
40	25.3	14.56	47.43	99.36	93.74	65.12	6.0	70.26	68.01	110.34	70.88	48.66	72.11	19.92	116.66	110.21	56.36	90.44	25.02	51.4	69.12	65.86	76.49	34.21	37.48	54.82	48.01	43.42	88.96	70.03	84.01	91.98	105.6	43.97	59.01	92.72	63.16	37.74	57.8	56.01	0.0	89.27	46.27	28.18	22.02	58.42	68.41	110.26	16.55	70.35	93.35	36.06	74.43	23.43	72.01	38.28	78.92
41	66.71	87.56	44.72	86.68	60.02	111.4	83.29	92.96	117.15	83.49	34.21	97.91	122.02	95.75	80.02	72.0	84.96	60.88	95.52	61.22	24.17	64.82	66.24	58.24	104.69	36.67	61.03	81.54	6.08	116.18	20.88	26.02	71.18	51.08	31.05	33.0	91.22	79.26	60.11	109.86	89.27	0.0	107.91	64.28	94.56	31.0	101.83	76.06	74.0	19.0	77.79	78.29	51.48	74.33	44.94	56.65	40.31
42	47.8	33.24	78.87	75.24	83.22	21.02	47.3	38.47	22.36	90.14	77.49	13.15	26.02	65.01	99.72	95.9	31.26	79.23	21.38	48.38	95.67	54.04	62.2	53.04	9.06	83.45	47.54	27.2	110.14	25.0	93.98	98.76	90.8	57.43	78.24	96.1	32.31	28.65	52.17	10.77	46.27	107.91	0.0	66.19	24.33	82.33	30.48	93.86	56.65	91.84	73.08	29.68	69.46	38.6	71.59	52.63	79.62
43	21.02	34.21	20.1	97.17	83.87	80.78	23.02	77.1	85.07	104.62	54.2	63.32	89.81	31.58	108.41	100.9	63.01	81.4	46.04	46.82	42.19	61.85	71.55	23.41	58.83	28.02	43.32	51.16	63.0	86.13	63.56	72.45	97.01	31.06	36.77	74.95	71.0	45.28	52.39	73.74	28.18	64.28	66.19	0.0	43.6	33.54	79.31	102.2	11.66	45.4	89.44	43.29	64.2	28.86	59.46	28.23	64.44
44	28.65	9.43	59.03	84.5	84.5	43.29	23.09	51.61	46.0	97.35	69.03	27.51	50.09	41.3	105.19	99.74	38.9	80.78	3.0	42.95	78.39	54.63	64.85	36.4	15.81	64.9	40.45	27.2	95.63	48.09	84.48	91.05	94.81	43.93	63.57	90.09	44.41	23.26	48.76	34.0	22.02	94.56	24.33	43.6	0.0	65.74	47.93	98.88	33.12	76.69	79.88	22.47	66.94	20.25	66.61	38.08	74.43
45	37.16	57.94	15.26	83.22	62.3	90.0	52.47	76.69	95.43	85.87	28.79	74.33	100.42	65.12	86.54	78.39	65.37	61.13	67.12	41.63	13.45	51.79	58.01	29.68	77.67	8.6	39.82	58.26	30.59	95.21	32.02	41.23	75.61	25.61	8.06	45.28	72.9	54.45	43.68	86.31	58.42	31.0	82.33	33.54	65.74	0.0	83.24	80.99	43.0	12.0	74.33	53.04	45.4	45.65	38.64	29.73	39.92
46	58.31	53.85	85.38	47.07	61.61	14.04	67.08	11.18	19.1	62.8	67.94	20.59	22.8	88.32	73.33	71.01	17.89	57.72	45.19	41.88	96.38	38.01	41.79	58.94	37.64	87.32	43.42	28.16	105.55	16.49	83.87	85.98	66.03	58.18	76.85	81.49	10.63	34.06	41.77	21.47	68.41	101.83	30.48	79.31	47.93	83.24	0.0	68.07	73.06	89.63	47.01	36.06	53.85	51.0	58.6	55.97	65.73
47	86.98	98.74	93.47	23.09	18.79	82.1	105.65	57.22	87.01	9.22	52.2	80.78	90.05	127.31	6.4	5.0	62.94	20.81	97.49	58.9	88.07	44.65	34.13	80.06	97.41	89.32	62.37	72.01	82.02	84.01	56.08	50.16	5.39	71.22	73.16	43.1	61.98	75.66	52.5	87.97	110.26	76.06	93.86	102.2	98.88	80.99	68.07	0.0	104.0	77.67	21.1	76.66	38.01	86.83	43.42	75.07	41.11
48	17.49	23.71	31.05	96.38	86.31	72.84	11.4	72.37	76.69	105.42	59.48	55.44	81.25	24.19	110.34	103.25	58.05	83.44	35.78	46.04	52.95	61.29	71.61	24.08	48.75	38.64	42.44	45.4	73.25	78.09	70.88	79.38	99.01	33.6	44.72	81.02	65.76	39.32	52.2	65.0	16.55	74.0	56.65	11.66	33.12	43.0	73.06	104.0	0.0	55.0	89.31	37.34	66.53	22.2	62.8	29.0	68.8
49	48.38	69.26	26.25	83.22	59.54	97.67	64.38	81.99	103.28	83.6	27.07	82.88	108.25	76.94	82.71	74.46	72.01	59.14	77.88	47.8	10.44	55.15	59.44	40.31	87.82	18.38	46.75	66.53	18.97	102.73	23.85	32.8	72.37	34.41	13.6	38.08	79.06	63.41	48.37	94.92	70.35	19.0	91.84	45.4	76.69	12.0	89.63	77.67	55.0	0.0	74.17	62.2	45.4	56.46	38.33	39.45	37.12
50	71.85	80.81	84.4	9.06	19.85	61.03	89.27	36.12	66.01	17.49	47.1	60.08	69.18	111.52	26.68	24.08	42.54	17.49	78.23	43.27	84.02	28.02	17.89	66.24	77.08	81.88	46.87	52.7	83.24	63.07	56.92	54.12	19.24	58.69	66.27	47.51	41.0	57.01	37.22	66.91	93.35	77.79	73.08	89.44	79.88	74.33	47.01	21.1	89.31	74.17	0.0	58.26	29.02	70.09	36.0	61.29	37.85
51	22.36	22.63	51.48	63.66	62.03	38.48	33.11	35.17	43.42	75.6	49.03	21.63	48.37	55.47	83.01	77.37	20.88	58.31	21.59	21.02	66.47	32.2	42.54	24.7	26.93	55.0	19.1	8.06	80.45	43.86	65.25	70.86	72.47	27.8	48.6	69.12	28.44	2.0	26.48	33.42	36.06	78.29	29.68	43.29	22.47	53.04	36.06	76.66	37.34	62.2	58.26	0.0	44.72	15.13	45.01	23.35	53.0
52	50.0	64.62	56.3	38.0	19.8	65.8	69.34	43.6	71.59	41.23	18.44	56.89	76.03	90.27	44.2	36.8	39.85	17.2	66.29	24.04	55.08	16.16	14.76	42.45	70.01	53.15	26.93	43.0	56.36	69.77	31.4	32.2	32.8	33.3	37.34	27.73	43.83	44.41	18.25	67.45	74.43	51.48	69.46	64.2	66.94	45.4	53.85	38.01	66.53	45.4	29.02	44.72	0.0	51.43	7.07	37.54	12.04
53	9.22	14.04	40.36	76.4	70.49	51.92	19.21	50.22	56.3	86.98	50.25	34.48	61.1	41.62	93.24	86.84	35.9	67.12	21.47	28.02	58.52	42.45	53.08	16.16	32.56	45.45	24.7	23.19	75.39	57.28	65.03	72.11	82.2	24.08	43.32	71.85	43.57	17.12	34.41	45.19	23.43	74.33	38.6	28.86	20.25	45.65	51.0	86.83	22.2	56.46	70.09	15.13	51.43	0.0	49.65	18.11	57.01
54	47.01	63.32	50.16	45.01	24.7	69.84	66.65	48.84	75.66	47.43	11.4	59.48	80.26	86.84	49.4	41.62	43.38	22.85	66.27	24.0	48.04	20.62	21.54	38.83	71.25	46.57	26.17	44.55	49.65	74.09	25.46	27.73	38.08	29.21	30.59	24.52	48.26	45.01	19.42	70.58	72.01	44.94	71.59	59.46	66.61	38.64	58.6	43.42	62.8	38.33	36.0	45.01	7.07	49.65	0.0	34.13	8.06
55	13.0	32.02	29.41	68.94	57.31	61.06	32.7	51.48	66.29	76.84	32.76	44.82	71.28	52.8	81.39	74.25	38.33	54.45	38.9	18.68	43.14	33.62	43.42	5.0	48.37	31.91	15.3	29.15	58.14	66.37	47.0	54.33	70.04	6.0	25.94	54.57	46.32	24.84	24.17	56.73	38.28	56.65	52.63	28.23	38.08	29.73	55.97	75.07	29.0	39.45	61.29	23.35	37.54	18.11	34.13	0.0	40.72
56	53.71	70.83	53.0	46.87	22.56	77.37	73.41	55.61	83.19	46.53	11.18	67.45	87.71	92.96	46.62	38.48	51.08	22.02	74.17	32.02	47.38	27.78	26.4	45.18	79.31	48.33	34.06	52.61	45.54	81.49	19.72	20.25	35.74	35.36	32.2	16.49	55.57	53.04	27.46	78.43	78.92	40.31	79.62	64.44	74.43	39.92	65.73	41.11	68.8	37.12	37.85	53.0	12.04	57.01	8.06	40.72	0.0
;
