set K:= 1	2	3	4	5	6	7;
set C_H:= 1	2	3	4	5	6	7	8	9	10	11	12	13	14	15	16;
set C_S:= 17	18	19	20	21	22	23	24	25	26	27	28	29	30;
set C_F:= 31	32	33	34	35	36	37	38	39	40	41	42	43	44;
set M:= 45	46;
set M_B:= 47	48;
set L_B:= 49	50	51	52	53	54	55;
set A1:=
(0,*) 1 2 3 4 5 6 7 8 9 10 11 12 13 14 15 16 31 32 33 34 35 36 37 38 39 40 41 42 43 44 45 46 47 48 49 50 51 52 53 54 55
(1,*) 0 2 3 4 5 6 7 8 9 10 11 12 13 14 15 16 31 32 33 34 35 36 37 38 39 40 41 42 43 44 45 46 47 48 49 50 51 52 53 54 55
(2,*) 0 1 3 4 5 6 7 8 9 10 11 12 13 14 15 16 31 32 33 34 35 36 37 38 39 40 41 42 43 44 45 46 47 48 49 50 51 52 53 54 55
(3,*) 0 1 2 4 5 6 7 8 9 10 11 12 13 14 15 16 31 32 33 34 35 36 37 38 39 40 41 42 43 44 45 46 47 48 49 50 51 52 53 54 55
(4,*) 0 1 2 3 5 6 7 8 9 10 11 12 13 14 15 16 31 32 33 34 35 36 37 38 39 40 41 42 43 44 45 46 47 48 49 50 51 52 53 54 55
(5,*) 0 1 2 3 4 6 7 8 9 10 11 12 13 14 15 16 31 32 33 34 35 36 37 38 39 40 41 42 43 44 45 46 47 48 49 50 51 52 53 54 55
(6,*) 0 1 2 3 4 5 7 8 9 10 11 12 13 14 15 16 31 32 33 34 35 36 37 38 39 40 41 42 43 44 45 46 47 48 49 50 51 52 53 54 55
(7,*) 0 1 2 3 4 5 6 8 9 10 11 12 13 14 15 16 31 32 33 34 35 36 37 38 39 40 41 42 43 44 45 46 47 48 49 50 51 52 53 54 55
(8,*) 0 1 2 3 4 5 6 7 9 10 11 12 13 14 15 16 31 32 33 34 35 36 37 38 39 40 41 42 43 44 45 46 47 48 49 50 51 52 53 54 55
(9,*) 0 1 2 3 4 5 6 7 8 10 11 12 13 14 15 16 31 32 33 34 35 36 37 38 39 40 41 42 43 44 45 46 47 48 49 50 51 52 53 54 55
(10,*) 0 1 2 3 4 5 6 7 8 9 11 12 13 14 15 16 31 32 33 34 35 36 37 38 39 40 41 42 43 44 45 46 47 48 49 50 51 52 53 54 55
(11,*) 0 1 2 3 4 5 6 7 8 9 10 12 13 14 15 16 31 32 33 34 35 36 37 38 39 40 41 42 43 44 45 46 47 48 49 50 51 52 53 54 55
(12,*) 0 1 2 3 4 5 6 7 8 9 10 11 13 14 15 16 31 32 33 34 35 36 37 38 39 40 41 42 43 44 45 46 47 48 49 50 51 52 53 54 55
(13,*) 0 1 2 3 4 5 6 7 8 9 10 11 12 14 15 16 31 32 33 34 35 36 37 38 39 40 41 42 43 44 45 46 47 48 49 50 51 52 53 54 55
(14,*) 0 1 2 3 4 5 6 7 8 9 10 11 12 13 15 16 31 32 33 34 35 36 37 38 39 40 41 42 43 44 45 46 47 48 49 50 51 52 53 54 55
(15,*) 0 1 2 3 4 5 6 7 8 9 10 11 12 13 14 16 31 32 33 34 35 36 37 38 39 40 41 42 43 44 45 46 47 48 49 50 51 52 53 54 55
(16,*) 0 1 2 3 4 5 6 7 8 9 10 11 12 13 14 15 31 32 33 34 35 36 37 38 39 40 41 42 43 44 45 46 47 48 49 50 51 52 53 54 55
(31,*) 0 1 2 3 4 5 6 7 8 9 10 11 12 13 14 15 16 32 33 34 35 36 37 38 39 40 41 42 43 44 45 46 47 48 49 50 51 52 53 54 55
(32,*) 0 1 2 3 4 5 6 7 8 9 10 11 12 13 14 15 16 31 33 34 35 36 37 38 39 40 41 42 43 44 45 46 47 48 49 50 51 52 53 54 55
(33,*) 0 1 2 3 4 5 6 7 8 9 10 11 12 13 14 15 16 31 32 34 35 36 37 38 39 40 41 42 43 44 45 46 47 48 49 50 51 52 53 54 55
(34,*) 0 1 2 3 4 5 6 7 8 9 10 11 12 13 14 15 16 31 32 33 35 36 37 38 39 40 41 42 43 44 45 46 47 48 49 50 51 52 53 54 55
(35,*) 0 1 2 3 4 5 6 7 8 9 10 11 12 13 14 15 16 31 32 33 34 36 37 38 39 40 41 42 43 44 45 46 47 48 49 50 51 52 53 54 55
(36,*) 0 1 2 3 4 5 6 7 8 9 10 11 12 13 14 15 16 31 32 33 34 35 37 38 39 40 41 42 43 44 45 46 47 48 49 50 51 52 53 54 55
(37,*) 0 1 2 3 4 5 6 7 8 9 10 11 12 13 14 15 16 31 32 33 34 35 36 38 39 40 41 42 43 44 45 46 47 48 49 50 51 52 53 54 55
(38,*) 0 1 2 3 4 5 6 7 8 9 10 11 12 13 14 15 16 31 32 33 34 35 36 37 39 40 41 42 43 44 45 46 47 48 49 50 51 52 53 54 55
(39,*) 0 1 2 3 4 5 6 7 8 9 10 11 12 13 14 15 16 31 32 33 34 35 36 37 38 40 41 42 43 44 45 46 47 48 49 50 51 52 53 54 55
(40,*) 0 1 2 3 4 5 6 7 8 9 10 11 12 13 14 15 16 31 32 33 34 35 36 37 38 39 41 42 43 44 45 46 47 48 49 50 51 52 53 54 55
(41,*) 0 1 2 3 4 5 6 7 8 9 10 11 12 13 14 15 16 31 32 33 34 35 36 37 38 39 40 42 43 44 45 46 47 48 49 50 51 52 53 54 55
(42,*) 0 1 2 3 4 5 6 7 8 9 10 11 12 13 14 15 16 31 32 33 34 35 36 37 38 39 40 41 43 44 45 46 47 48 49 50 51 52 53 54 55
(43,*) 0 1 2 3 4 5 6 7 8 9 10 11 12 13 14 15 16 31 32 33 34 35 36 37 38 39 40 41 42 44 45 46 47 48 49 50 51 52 53 54 55
(44,*) 0 1 2 3 4 5 6 7 8 9 10 11 12 13 14 15 16 31 32 33 34 35 36 37 38 39 40 41 42 43 45 46 47 48 49 50 51 52 53 54 55
(45,*) 0 1 2 3 4 5 6 7 8 9 10 11 12 13 14 15 16 31 32 33 34 35 36 37 38 39 40 41 42 43 44 46 47 48 49 50 51 52 53 54 55
(46,*) 0 1 2 3 4 5 6 7 8 9 10 11 12 13 14 15 16 31 32 33 34 35 36 37 38 39 40 41 42 43 44 45 47 48 49 50 51 52 53 54 55
(47,*) 0 1 2 3 4 5 6 7 8 9 10 11 12 13 14 15 16 31 32 33 34 35 36 37 38 39 40 41 42 43 44 45 46 48 49 50 51 52 53 54 55
(48,*) 0 1 2 3 4 5 6 7 8 9 10 11 12 13 14 15 16 31 32 33 34 35 36 37 38 39 40 41 42 43 44 45 46 47 49 50 51 52 53 54 55
(49,*) 0 1 2 3 4 5 6 7 8 9 10 11 12 13 14 15 16 31 32 33 34 35 36 37 38 39 40 41 42 43 44 45 46 47 48 50 51 52 53 54 55
(50,*) 0 1 2 3 4 5 6 7 8 9 10 11 12 13 14 15 16 31 32 33 34 35 36 37 38 39 40 41 42 43 44 45 46 47 48 49 51 52 53 54 55
(51,*) 0 1 2 3 4 5 6 7 8 9 10 11 12 13 14 15 16 31 32 33 34 35 36 37 38 39 40 41 42 43 44 45 46 47 48 49 50 52 53 54 55
(52,*) 0 1 2 3 4 5 6 7 8 9 10 11 12 13 14 15 16 31 32 33 34 35 36 37 38 39 40 41 42 43 44 45 46 47 48 49 50 51 53 54 55
(53,*) 0 1 2 3 4 5 6 7 8 9 10 11 12 13 14 15 16 31 32 33 34 35 36 37 38 39 40 41 42 43 44 45 46 47 48 49 50 51 52 54 55
(54,*) 0 1 2 3 4 5 6 7 8 9 10 11 12 13 14 15 16 31 32 33 34 35 36 37 38 39 40 41 42 43 44 45 46 47 48 49 50 51 52 53 55
(55,*) 0 1 2 3 4 5 6 7 8 9 10 11 12 13 14 15 16 31 32 33 34 35 36 37 38 39 40 41 42 43 44 45 46 47 48 49 50 51 52 53 54
;
set A2:=
(45,*) 46
(46,*) 45
;
param BigM:=99999;
param n:= 7;
param d:=
1	12
2	1
3	20
4	18
5	7
6	8
7	24
8	19
9	8
10	12
11	14
12	25
13	17
14	15
15	2
16	9
17	14
18	16
19	5
20	13
21	8
22	21
23	20
24	26
25	17
26	22
27	16
28	22
29	19
30	10
31	1
32	23
33	6
34	14
35	13
36	3
37	20
38	12
39	20
40	20
41	6
42	11
43	21
44	24
;
param Q:=100;
param w:=
[45,*] 46 0.1
[46,*] 45 0.1
;
param V:=
[45,*] 46 100
[46,*] 45 100
;
param e:
	45	46	47	48	49	50	51	52	53	54	55:=
17		0		0		0		0		0		0		1		0		0		0		0	
18		0		1		0		1		0		0		0		0		0		0		0	
19		0		0		0		0		0		0		0		1		0		0		0	
20		1		0		1		0		0		0		0		0		0		0		0	
21		0		0		0		0		0		0		0		0		0		0		1	
22		1		0		1		0		0		0		1		0		0		0		0	
23		1		0		1		0		0		0		0		1		0		0		0	
24		0		0		0		0		0		0		1		0		0		0		0	
25		0		0		0		0		0		0		1		0		0		0		0	
26		0		0		0		0		0		0		0		0		0		1		0	
27		0		0		0		0		0		0		0		0		0		1		0	
28		0		1		0		1		0		0		0		0		1		0		0	
29		1		0		1		0		0		0		0		1		0		0		0	
30		0		0		0		0		0		0		0		1		0		0		0	
31		1		0		1		0		0		0		0		1		0		0		0	
32		0		0		0		0		0		0		0		0		0		1		0	
33		1		0		1		0		0		0		0		0		0		0		0	
34		0		1		0		1		0		0		0		0		0		0		0	
35		0		0		0		0		0		0		0		1		0		0		0	
36		0		0		0		0		0		0		0		1		0		1		0	
37		0		1		0		1		0		0		0		0		1		0		1	
38		0		1		0		1		0		0		0		0		0		0		0	
39		0		0		0		0		0		0		1		0		1		0		1	
40		0		1		0		1		0		0		0		0		0		0		1	
41		0		1		0		1		0		0		0		0		1		0		0	
42		0		1		0		1		0		0		1		0		0		0		0	
43		0		1		0		1		0		0		0		0		0		0		0	
44		0		0		0		0		1		0		0		0		1		0		1	
;
param p:=
1	3
2	3
3	3
4	3
5	3
6	3
7	3
;
param G:=
45	74
46	100
47	74
48	100
49	93
50	84
51	79
52	78
53	80
54	96
55	78
;
param s:=
0	0
1	10
2	10
3	10
4	10
5	10
6	10
7	10
8	10
9	10
10	10
11	10
12	10
13	10
14	10
15	10
16	10
31	10
32	10
33	10
34	10
35	10
36	10
37	10
38	10
39	10
40	10
41	10
42	10
43	10
44	10
45	10
46	10
47	10
48	10
49	10
50	10
51	10
52	10
53	10
54	10
55	10
;
param t:
	0	1	2	3	4	5	6	7	8	9	10	11	12	13	14	15	16	17	18	19	20	21	22	23	24	25	26	27	28	29	30	31	32	33	34	35	36	37	38	39	40	41	42	43	44	45	46	47	48	49	50	51	52	53	54	55:=
0	0.0	76.24	38.63	65.12	22.0	26.08	39.6	62.61	95.35	71.69	88.29	24.74	74.73	25.06	94.59	42.94	18.44	98.08	69.43	32.8	38.21	63.15	72.11	25.46	74.03	73.35	58.31	26.08	94.25	18.44	33.53	20.0	32.56	42.52	77.67	43.86	32.31	86.16	58.82	90.02	95.35	96.6	77.25	91.61	69.08	11.7	91.39	11.7	91.39	63.15	29.27	88.46	22.85	72.8	36.01	78.52
1	76.24	0.0	44.72	21.63	77.67	57.58	58.82	39.45	20.59	35.44	17.2	53.37	14.56	54.33	32.25	46.04	58.03	43.08	46.65	64.5	39.29	15.23	31.05	62.77	8.25	39.29	27.2	54.59	26.08	58.03	76.16	64.78	54.41	54.59	39.85	59.67	46.39	26.31	59.4	16.12	20.59	39.29	34.23	48.04	23.32	65.76	31.05	65.76	31.05	15.23	105.48	24.6	57.01	15.23	40.61	3.61
2	38.63	44.72	0.0	28.07	50.91	14.0	16.12	24.41	65.3	33.11	60.46	14.42	49.52	29.53	56.57	6.32	25.46	59.46	62.1	20.0	10.2	36.77	33.53	18.44	39.85	34.99	40.25	31.3	68.41	25.46	31.62	38.42	37.95	46.69	64.4	18.97	26.68	63.66	62.03	55.32	65.3	76.58	38.63	77.9	48.83	26.93	69.31	26.93	69.31	36.77	65.76	51.04	15.81	48.08	13.0	47.89
3	65.12	21.63	28.07	0.0	72.47	42.05	39.4	17.89	41.04	16.12	38.83	40.45	32.98	48.37	29.73	27.2	48.7	35.61	59.23	46.17	27.2	24.08	12.65	46.39	14.14	20.1	35.44	49.4	47.71	48.7	57.58	59.06	52.5	56.85	56.0	39.45	41.62	46.82	67.08	27.86	41.04	60.17	17.89	66.75	38.0	53.6	52.0	53.6	52.0	24.08	93.34	23.35	43.1	32.56	30.08	25.24
4	22.0	77.67	50.91	72.47	0.0	42.19	57.31	75.07	94.19	82.8	86.02	36.88	72.03	24.17	101.98	56.64	25.46	107.7	57.27	52.0	46.04	62.8	82.1	43.86	77.79	85.28	54.0	23.41	90.2	25.46	54.92	13.42	24.0	29.73	67.68	61.77	31.62	80.62	42.8	93.15	94.19	88.77	87.66	80.62	64.12	28.23	85.16	28.23	85.16	62.8	38.95	94.94	37.44	70.03	42.72	79.08
5	26.08	57.58	14.0	42.05	42.19	0.0	15.23	36.77	78.0	46.17	72.47	8.25	60.46	26.0	70.46	17.09	18.44	72.8	67.08	12.17	18.87	47.71	47.07	5.66	53.37	47.54	48.17	28.0	79.92	18.44	21.63	31.62	36.06	46.39	71.61	19.7	27.2	74.03	63.15	69.05	78.0	86.37	51.92	85.6	58.0	14.87	79.65	14.87	79.65	47.71	51.97	65.03	5.1	58.82	19.1	60.54
6	39.6	58.82	16.12	39.4	57.31	15.23	0.0	28.0	79.32	38.0	75.29	22.36	65.12	40.45	64.28	12.81	33.53	64.28	77.79	8.25	26.0	52.5	40.2	14.14	52.84	38.21	56.36	42.43	83.55	33.53	18.44	46.82	50.16	60.0	80.5	4.47	40.05	79.4	76.24	67.23	79.32	92.46	44.0	94.02	64.9	29.41	85.04	29.41	85.04	52.5	61.85	60.21	20.25	63.78	28.16	62.2
7	62.61	39.45	24.41	17.89	75.07	36.77	28.0	0.0	58.14	10.0	56.6	38.83	50.6	52.5	36.5	19.7	49.68	36.5	74.11	36.06	30.0	40.45	12.65	39.29	31.62	10.77	50.04	54.04	65.51	49.68	46.17	62.23	59.36	66.21	72.44	26.31	47.71	64.62	79.12	42.8	58.14	78.0	16.0	83.95	54.59	51.0	69.86	51.0	69.86	40.45	88.32	33.24	39.82	50.0	33.6	43.05
8	95.35	20.59	65.3	41.04	94.19	78.0	79.32	58.14	0.0	52.15	8.94	73.38	22.36	72.11	38.05	66.57	76.94	50.04	51.61	85.09	59.46	32.25	47.71	83.26	26.91	55.57	40.45	72.03	12.65	76.94	96.75	82.0	70.26	67.91	41.04	80.0	64.12	21.26	68.0	18.44	0.0	29.12	49.19	42.94	31.62	85.38	22.36	85.38	22.36	32.25	124.62	32.76	77.16	24.33	60.44	17.46
9	71.69	35.44	33.11	16.12	82.8	46.17	38.0	10.0	52.15	0.0	52.0	47.41	48.37	59.46	26.68	29.12	57.69	26.68	75.31	46.04	36.88	40.2	4.47	49.03	27.2	4.0	51.42	60.83	60.93	57.69	56.14	69.66	65.3	71.02	72.03	36.22	53.81	61.61	82.46	35.38	52.15	74.73	6.0	82.39	54.04	60.01	66.48	60.01	66.48	40.2	97.98	24.19	48.85	48.17	40.36	38.9
10	88.29	17.2	60.46	38.83	86.02	72.47	75.29	56.6	8.94	52.0	0.0	67.23	14.0	64.5	42.43	62.48	69.86	54.33	42.8	80.45	53.67	25.3	47.54	77.9	25.06	55.71	32.06	64.28	8.94	69.86	92.09	74.11	62.03	59.23	32.56	76.42	56.57	13.42	59.06	22.36	8.94	24.0	50.0	36.06	22.8	78.75	16.12	78.75	16.12	25.3	117.48	36.01	71.18	16.0	54.23	13.6
11	24.74	53.37	14.42	40.45	36.88	8.25	22.36	38.83	73.38	47.41	67.23	0.0	54.59	18.11	69.86	19.8	11.66	73.54	59.06	20.4	14.14	42.05	47.54	13.42	50.16	49.4	41.04	20.1	74.24	11.66	29.53	25.06	28.0	38.21	64.03	26.68	18.97	67.68	54.92	66.12	73.38	79.65	52.8	78.1	51.22	13.15	73.24	13.15	73.24	42.05	53.04	63.79	4.24	52.84	13.0	56.04
12	74.73	14.56	49.52	32.98	72.03	60.46	65.12	50.6	22.36	48.37	14.0	54.59	0.0	50.64	46.52	52.5	56.32	57.58	32.8	69.43	41.62	12.81	44.18	66.03	22.09	52.35	18.11	50.36	19.7	56.32	80.92	60.13	48.04	45.61	25.3	66.84	42.76	14.42	47.2	28.43	22.36	27.78	48.0	34.06	10.0	65.55	20.0	65.55	20.0	12.81	103.81	39.0	58.67	2.0	41.68	12.53
13	25.06	54.33	29.53	48.37	24.17	26.0	40.45	52.5	72.11	59.46	64.5	18.11	50.64	0.0	77.82	35.78	8.94	83.76	45.34	38.05	22.63	40.0	58.41	30.27	53.85	62.23	33.53	2.0	69.86	8.94	45.61	10.77	10.2	20.88	52.8	44.72	8.0	61.35	37.95	69.43	72.11	71.55	64.03	66.84	44.27	19.42	66.48	19.42	66.48	40.0	53.45	70.77	21.02	48.66	19.1	56.08
14	94.59	32.25	56.57	29.73	101.98	70.46	64.28	36.5	38.05	26.68	42.43	69.86	46.52	77.82	0.0	54.04	78.43	12.0	78.89	72.11	56.92	45.34	24.08	74.11	26.91	27.86	58.14	78.71	50.04	78.43	82.61	88.57	80.99	83.74	71.69	62.8	70.71	55.32	90.91	20.1	38.05	66.27	20.88	78.1	55.57	82.98	58.55	82.98	58.55	45.34	122.33	7.81	72.18	47.41	59.81	34.01
15	42.94	46.04	6.32	27.2	56.64	17.09	12.81	19.7	66.57	29.12	62.48	19.8	52.5	35.78	54.04	0.0	31.24	55.79	67.47	18.97	16.0	40.0	30.27	20.1	40.25	30.46	44.94	37.58	70.77	31.24	30.46	44.41	44.27	52.95	69.08	14.42	32.98	66.84	68.12	55.03	66.57	80.0	34.93	82.29	52.84	31.38	72.47	31.38	72.47	40.0	68.88	49.16	20.25	51.22	19.1	49.41
16	18.44	58.03	25.46	48.7	25.46	18.44	33.53	49.68	76.94	57.69	69.86	11.66	56.32	8.94	78.43	31.24	0.0	83.19	54.04	30.07	21.54	44.72	57.31	22.0	56.32	60.0	40.25	10.77	75.89	0.0	36.88	13.42	18.97	29.73	60.96	37.95	14.42	68.03	46.82	72.25	76.94	78.89	62.77	75.07	50.99	10.63	73.35	10.63	73.35	44.72	47.68	71.84	13.34	54.41	18.68	60.21
17	98.08	43.08	59.46	35.61	107.7	72.8	64.28	36.5	50.04	26.68	54.33	73.54	57.58	83.76	12.0	55.79	83.19	0.0	89.44	72.44	61.77	54.92	26.0	75.71	36.72	26.08	67.68	84.88	62.03	83.19	82.02	94.34	88.09	91.93	82.87	62.03	77.2	67.08	100.44	32.06	50.04	78.23	20.88	89.82	66.21	86.38	70.46	86.38	70.46	54.92	124.66	18.68	75.27	58.31	65.0	45.22
18	69.43	46.65	62.1	59.23	57.27	67.08	77.79	74.11	51.61	75.31	42.8	59.06	32.8	45.34	78.89	67.47	54.04	89.44	0.0	78.79	51.92	35.44	71.81	72.47	52.8	79.25	24.08	43.86	42.05	54.04	88.59	50.0	36.88	27.78	12.17	81.04	40.5	31.3	18.11	61.22	51.61	34.06	76.66	23.41	23.32	64.66	33.53	64.66	33.53	35.44	95.19	71.2	63.13	31.62	49.65	45.22
19	32.8	64.5	20.0	46.17	52.0	12.17	8.25	36.06	85.09	46.04	80.45	20.4	69.43	38.05	72.11	18.97	30.07	72.44	78.79	0.0	28.43	56.64	48.04	8.25	59.09	46.39	58.82	40.05	88.41	30.07	11.66	42.76	48.17	58.55	82.68	11.66	39.29	83.45	75.31	74.0	85.09	96.21	52.04	96.52	68.12	23.77	89.11	23.77	89.11	56.64	53.71	67.74	17.03	67.94	29.68	67.74
20	38.21	39.29	10.2	27.2	46.04	18.87	26.0	30.0	59.46	36.88	53.67	14.14	41.62	22.63	56.92	16.0	21.54	61.77	51.92	28.43	0.0	28.84	36.06	24.41	36.06	39.6	30.53	24.08	61.06	21.54	39.6	32.8	29.53	37.36	54.59	29.12	17.89	55.32	52.15	52.04	59.46	67.88	41.62	68.26	39.7	27.0	60.96	27.0	60.96	28.84	67.0	50.45	17.72	40.0	3.61	42.06
21	63.15	15.23	36.77	24.08	62.8	47.71	52.5	40.45	32.25	40.2	25.3	42.05	12.81	40.0	45.34	40.0	44.72	54.92	35.44	56.64	28.84	0.0	36.5	53.25	18.44	44.18	12.81	40.05	32.25	44.72	68.12	50.16	39.29	39.45	32.06	54.41	32.0	26.91	45.61	31.3	32.25	40.0	41.23	43.68	14.14	53.45	32.56	53.45	32.56	0.0	92.4	37.54	46.07	11.31	29.07	16.28
22	72.11	31.05	33.53	12.65	82.1	47.07	40.2	12.65	47.71	4.47	47.54	47.54	44.18	58.41	24.08	30.27	57.31	26.0	71.81	48.04	36.06	36.5	0.0	50.36	22.8	8.25	48.08	59.67	56.46	57.31	58.55	68.82	63.66	68.82	68.12	38.83	52.35	57.27	79.62	31.11	47.71	70.34	5.66	78.23	50.16	60.41	62.1	60.41	62.1	36.5	99.04	20.62	49.34	44.05	39.41	34.48
23	25.46	62.77	18.44	46.39	43.86	5.66	14.14	39.29	83.26	49.03	77.9	13.42	66.03	30.27	74.11	20.1	22.0	75.71	72.47	8.25	24.41	53.25	50.36	0.0	58.24	50.0	53.81	32.25	85.44	22.0	16.12	34.53	40.45	50.99	77.2	18.44	32.31	79.65	67.91	73.76	83.26	92.02	54.92	91.21	63.66	15.65	85.28	15.65	85.28	53.25	49.04	69.03	9.49	64.4	24.76	65.8
24	74.03	8.25	39.85	14.14	77.79	53.37	52.84	31.62	26.91	27.2	25.06	50.16	22.09	53.85	26.91	40.25	56.32	36.72	52.8	59.09	36.06	18.44	22.8	58.24	0.0	31.05	31.24	54.41	34.0	56.32	70.68	64.56	55.46	57.2	47.07	53.25	46.17	34.53	64.03	16.0	26.91	47.54	26.08	56.0	29.73	63.03	39.29	63.03	39.29	18.44	103.02	19.1	53.46	22.36	38.01	11.7
25	73.35	39.29	34.99	20.1	85.28	47.54	38.21	10.77	55.57	4.0	55.71	49.4	52.35	62.23	27.86	30.46	60.0	26.08	79.25	46.39	39.6	44.18	8.25	50.0	31.05	0.0	55.32	63.66	64.62	60.0	56.0	72.25	68.41	74.43	76.03	36.0	56.85	65.51	86.16	38.42	55.57	78.59	7.21	86.37	58.03	61.72	70.34	61.72	70.34	44.18	99.04	26.4	50.54	52.15	43.14	42.72
26	58.31	27.2	40.25	35.44	54.0	48.17	56.36	50.04	40.45	51.42	32.06	41.04	18.11	33.53	58.14	44.94	40.25	67.68	24.08	58.82	30.53	12.81	48.08	53.81	31.24	55.32	0.0	32.98	36.5	40.25	69.66	42.43	30.0	27.86	24.17	59.09	26.0	27.86	32.8	43.27	40.45	38.83	53.14	37.74	10.77	50.25	33.11	50.25	33.11	12.81	86.98	50.33	45.28	16.12	29.21	27.29
27	26.08	54.59	31.3	49.4	23.41	28.0	42.43	54.04	72.03	60.83	64.28	20.1	50.36	2.0	78.71	37.58	10.77	84.88	43.86	40.05	24.08	40.05	59.67	32.25	54.41	63.66	32.98	0.0	69.43	10.77	47.54	10.2	8.25	18.97	51.61	46.69	8.25	60.73	36.06	69.86	72.03	70.68	65.3	65.6	43.68	21.1	65.79	21.1	65.79	40.05	54.08	71.59	23.02	48.37	20.52	56.22
28	94.25	26.08	68.41	47.71	90.2	79.92	83.55	65.51	12.65	60.93	8.94	74.24	19.7	69.86	50.04	70.77	75.89	62.03	42.05	88.41	61.06	32.25	56.46	85.44	34.0	64.62	36.5	69.43	0.0	75.89	100.0	78.92	66.27	62.13	30.53	84.85	62.1	10.77	59.46	30.0	12.65	16.49	58.82	30.53	26.08	85.23	10.0	85.23	10.0	32.25	123.23	44.1	78.29	21.54	61.29	22.47
29	18.44	58.03	25.46	48.7	25.46	18.44	33.53	49.68	76.94	57.69	69.86	11.66	56.32	8.94	78.43	31.24	0.0	83.19	54.04	30.07	21.54	44.72	57.31	22.0	56.32	60.0	40.25	10.77	75.89	0.0	36.88	13.42	18.97	29.73	60.96	37.95	14.42	68.03	46.82	72.25	76.94	78.89	62.77	75.07	50.99	10.63	73.35	10.63	73.35	44.72	47.68	71.84	13.34	54.41	18.68	60.21
30	33.53	76.16	31.62	57.58	54.92	21.63	18.44	46.17	96.75	56.14	92.09	29.53	80.92	45.61	82.61	30.46	36.88	82.02	88.59	11.66	39.6	68.12	58.55	16.12	70.68	56.0	69.66	47.54	100.0	36.88	0.0	48.04	55.79	66.48	93.23	20.0	48.33	94.85	83.52	85.44	96.75	107.48	62.13	107.2	79.25	28.02	100.5	28.02	100.5	68.12	48.01	78.64	25.5	79.4	40.46	79.4
31	20.0	64.78	38.42	59.06	13.42	31.62	46.82	62.23	82.0	69.66	74.11	25.06	60.13	10.77	88.57	44.41	13.42	94.34	50.0	42.76	32.8	50.16	68.82	34.53	64.56	72.25	42.43	10.2	78.92	13.42	48.04	0.0	13.42	22.63	59.06	51.26	18.44	69.86	38.83	80.05	82.0	79.12	74.4	72.72	52.95	20.02	74.73	20.02	74.73	50.16	45.62	81.54	26.57	58.14	29.41	66.37
32	32.56	54.41	37.95	52.5	24.0	36.06	50.16	59.36	70.26	65.3	62.03	28.0	48.04	10.2	80.99	44.27	18.97	88.09	36.88	48.17	29.53	39.29	63.66	40.45	55.46	68.41	30.0	8.25	66.27	18.97	55.79	13.42	0.0	10.77	45.65	54.33	11.66	56.89	27.86	70.23	70.26	65.79	69.31	59.36	40.2	29.07	61.61	29.07	61.61	39.29	59.03	73.57	31.14	46.04	25.94	55.54
33	42.52	54.59	46.69	56.85	29.73	46.39	60.0	66.21	67.91	71.02	59.23	38.21	45.61	20.88	83.74	52.95	29.73	91.93	27.78	58.55	37.36	39.45	68.82	50.99	57.2	74.43	27.86	18.97	62.13	29.73	66.48	22.63	10.77	0.0	37.95	64.03	20.1	52.0	17.09	70.71	67.91	59.23	74.4	50.99	36.5	39.81	56.14	39.81	56.14	39.45	67.42	76.06	41.59	43.68	33.96	55.04
34	77.67	39.85	64.4	56.0	67.68	71.61	80.5	72.44	41.04	72.03	32.56	64.03	25.3	52.8	71.69	69.08	60.96	82.87	12.17	82.68	54.59	32.06	68.12	77.2	47.07	76.03	24.17	51.61	30.53	60.96	93.23	59.06	45.65	37.95	0.0	83.26	46.69	20.0	30.27	52.84	41.04	22.0	72.44	14.14	18.0	71.51	21.54	71.51	21.54	32.06	104.66	64.26	68.25	24.74	53.0	37.7
35	43.86	59.67	18.97	39.45	61.77	19.7	4.47	26.31	80.0	36.22	76.42	26.68	66.84	44.72	62.8	14.42	37.95	62.03	81.04	11.66	29.12	54.41	38.83	18.44	53.25	36.0	59.09	46.69	84.85	37.95	20.0	51.26	54.33	64.03	83.26	0.0	44.0	81.22	80.1	67.08	80.0	94.4	42.19	96.6	67.23	33.84	86.83	33.84	86.83	54.41	65.31	59.2	24.7	65.6	31.58	63.13
36	32.31	46.39	26.68	41.62	31.62	27.2	40.05	47.71	64.12	53.81	56.57	18.97	42.76	8.0	70.71	32.98	14.42	77.2	40.5	39.29	17.89	32.0	52.35	32.31	46.17	56.85	26.0	8.25	62.1	14.42	48.33	18.44	11.66	20.1	46.69	44.0	0.0	53.85	36.22	61.61	64.12	64.5	58.0	60.83	36.77	24.84	59.09	24.84	59.09	32.0	61.13	63.51	22.85	40.79	14.32	48.09
37	86.16	26.31	63.66	46.82	80.62	74.03	79.4	64.62	21.26	61.61	13.42	67.68	14.42	61.35	55.32	66.84	68.03	67.08	31.3	83.45	55.32	26.91	57.27	79.65	34.53	65.51	27.86	60.73	10.77	68.03	94.85	69.86	56.89	52.0	20.0	81.22	53.85	0.0	48.7	35.44	21.26	13.42	60.53	22.8	17.09	77.83	5.66	77.83	5.66	26.91	114.79	48.51	71.85	15.62	55.0	23.09
38	58.82	59.4	62.03	67.08	42.8	63.15	76.24	79.12	68.0	82.46	59.06	54.92	47.2	37.95	90.91	68.12	46.82	100.44	18.11	75.31	52.15	45.61	79.62	67.91	64.03	86.16	32.8	36.06	59.46	46.82	83.52	38.83	27.86	17.09	30.27	80.1	36.22	48.7	0.0	75.07	68.0	52.15	84.97	40.45	37.2	56.86	51.42	56.86	51.42	45.61	81.69	83.1	58.46	45.61	49.04	58.8
39	90.02	16.12	55.32	27.86	93.15	69.05	67.23	42.8	18.44	35.38	22.36	66.12	28.43	69.43	20.1	55.03	72.25	32.06	61.22	74.0	52.04	31.3	31.11	73.76	16.0	38.42	43.27	69.86	30.0	72.25	85.44	80.05	70.23	70.71	52.84	67.08	61.61	35.44	75.07	0.0	18.44	46.17	31.62	58.24	38.21	79.03	38.47	79.03	38.47	31.3	119.02	14.32	69.35	29.73	54.01	16.28
40	95.35	20.59	65.3	41.04	94.19	78.0	79.32	58.14	0.0	52.15	8.94	73.38	22.36	72.11	38.05	66.57	76.94	50.04	51.61	85.09	59.46	32.25	47.71	83.26	26.91	55.57	40.45	72.03	12.65	76.94	96.75	82.0	70.26	67.91	41.04	80.0	64.12	21.26	68.0	18.44	0.0	29.12	49.19	42.94	31.62	85.38	22.36	85.38	22.36	32.25	124.62	32.76	77.16	24.33	60.44	17.46
41	96.6	39.29	76.58	60.17	88.77	86.37	92.46	78.0	29.12	74.73	24.0	79.65	27.78	71.55	66.27	80.0	78.89	78.23	34.06	96.21	67.88	40.0	70.34	92.02	47.54	78.59	38.83	70.68	16.49	78.89	107.48	79.12	65.79	59.23	22.0	94.4	64.5	13.42	52.15	46.17	29.12	0.0	73.35	15.62	28.43	89.04	8.25	89.04	8.25	40.0	124.62	60.01	83.87	28.84	67.27	35.9
42	77.25	34.23	38.63	17.89	87.66	51.92	44.0	16.0	49.19	6.0	50.0	52.8	48.0	64.03	20.88	34.93	62.77	20.88	76.66	52.04	41.62	41.23	5.66	54.92	26.08	7.21	53.14	65.3	58.82	62.77	62.13	74.4	69.31	74.4	72.44	42.19	58.0	60.53	84.97	31.62	49.19	73.35	0.0	82.02	54.59	65.55	65.12	65.55	65.12	41.23	103.81	19.21	54.42	48.04	45.0	37.48
43	91.61	48.04	77.9	66.75	80.62	85.6	94.02	83.95	42.94	82.39	36.06	78.1	34.06	66.84	78.1	82.29	75.07	89.82	23.41	96.52	68.26	43.68	78.23	91.21	56.0	86.37	37.74	65.6	30.53	75.07	107.2	72.72	59.36	50.99	14.14	96.6	60.83	22.8	40.45	58.24	42.94	15.62	82.02	0.0	29.73	85.63	20.59	85.63	20.59	43.68	118.21	71.2	82.33	34.23	66.85	45.18
44	69.08	23.32	48.83	38.0	64.12	58.0	64.9	54.59	31.62	54.04	22.8	51.22	10.0	44.27	55.57	52.84	50.99	66.21	23.32	68.12	39.7	14.14	50.16	63.66	29.73	58.03	10.77	43.68	26.08	50.99	79.25	52.95	40.2	36.5	18.0	67.23	36.77	17.09	37.2	38.21	31.62	28.43	54.59	29.73	0.0	60.9	22.36	60.9	22.36	14.14	97.72	47.89	55.44	8.49	38.9	22.02
45	11.7	65.76	26.93	53.6	28.23	14.87	29.41	51.0	85.38	60.01	78.75	13.15	65.55	19.42	82.98	31.38	10.63	86.38	64.66	23.77	27.0	53.45	60.41	15.65	63.03	61.72	50.25	21.1	85.23	10.63	28.02	20.02	29.07	39.81	71.51	33.84	24.84	77.83	56.86	79.03	85.38	89.04	65.55	85.63	60.9	0.0	83.24	0.0	83.24	53.45	40.0	76.94	11.18	63.69	25.18	68.25
46	91.39	31.05	69.31	52.0	85.16	79.65	85.04	69.86	22.36	66.48	16.12	73.24	20.0	66.48	58.55	72.47	73.35	70.46	33.53	89.11	60.96	32.56	62.1	85.28	39.29	70.34	33.11	65.79	10.0	73.35	100.5	74.73	61.61	56.14	21.54	86.83	59.09	5.66	51.42	38.47	22.36	8.25	65.12	20.59	22.36	83.24	0.0	83.24	0.0	32.56	119.87	52.09	77.42	21.26	60.61	27.66
47	11.7	65.76	26.93	53.6	28.23	14.87	29.41	51.0	85.38	60.01	78.75	13.15	65.55	19.42	82.98	31.38	10.63	86.38	64.66	23.77	27.0	53.45	60.41	15.65	63.03	61.72	50.25	21.1	85.23	10.63	28.02	20.02	29.07	39.81	71.51	33.84	24.84	77.83	56.86	79.03	85.38	89.04	65.55	85.63	60.9	0.0	83.24	0.0	83.24	53.45	40.0	76.94	11.18	63.69	25.18	68.25
48	91.39	31.05	69.31	52.0	85.16	79.65	85.04	69.86	22.36	66.48	16.12	73.24	20.0	66.48	58.55	72.47	73.35	70.46	33.53	89.11	60.96	32.56	62.1	85.28	39.29	70.34	33.11	65.79	10.0	73.35	100.5	74.73	61.61	56.14	21.54	86.83	59.09	5.66	51.42	38.47	22.36	8.25	65.12	20.59	22.36	83.24	0.0	83.24	0.0	32.56	119.87	52.09	77.42	21.26	60.61	27.66
49	63.15	15.23	36.77	24.08	62.8	47.71	52.5	40.45	32.25	40.2	25.3	42.05	12.81	40.0	45.34	40.0	44.72	54.92	35.44	56.64	28.84	0.0	36.5	53.25	18.44	44.18	12.81	40.05	32.25	44.72	68.12	50.16	39.29	39.45	32.06	54.41	32.0	26.91	45.61	31.3	32.25	40.0	41.23	43.68	14.14	53.45	32.56	53.45	32.56	0.0	92.4	37.54	46.07	11.31	29.07	16.28
50	29.27	105.48	65.76	93.34	38.95	51.97	61.85	88.32	124.62	97.98	117.48	53.04	103.81	53.45	122.33	68.88	47.68	124.66	95.19	53.71	67.0	92.4	99.04	49.04	103.02	99.04	86.98	54.08	123.23	47.68	48.01	45.62	59.03	67.42	104.66	65.31	61.13	114.79	81.69	119.02	124.62	124.62	103.81	118.21	97.72	40.0	119.87	40.0	119.87	92.4	0.0	116.62	50.25	101.87	65.07	107.79
51	88.46	24.6	51.04	23.35	94.94	65.03	60.21	33.24	32.76	24.19	36.01	63.79	39.0	70.77	7.81	49.16	71.84	18.68	71.2	67.74	50.45	37.54	20.62	69.03	19.1	26.4	50.33	71.59	44.1	71.84	78.64	81.54	73.57	76.06	64.26	59.2	63.51	48.51	83.1	14.32	32.76	60.01	19.21	71.2	47.89	76.94	52.09	76.94	52.09	37.54	116.62	0.0	66.37	39.81	53.16	26.57
52	22.85	57.01	15.81	43.1	37.44	5.1	20.25	39.82	77.16	48.85	71.18	4.24	58.67	21.02	72.18	20.25	13.34	75.27	63.13	17.03	17.72	46.07	49.34	9.49	53.46	50.54	45.28	23.02	78.29	13.34	25.5	26.57	31.14	41.59	68.25	24.7	22.85	71.85	58.46	69.35	77.16	83.87	54.42	82.33	55.44	11.18	77.42	11.18	77.42	46.07	50.25	66.37	0.0	56.94	17.0	59.77
53	72.8	15.23	48.08	32.56	70.03	58.82	63.78	50.0	24.33	48.17	16.0	52.84	2.0	48.66	47.41	51.22	54.41	58.31	31.62	67.94	40.0	11.31	44.05	64.4	22.36	52.15	16.12	48.37	21.54	54.41	79.4	58.14	46.04	43.68	24.74	65.6	40.79	15.62	45.61	29.73	24.33	28.84	48.04	34.23	8.49	63.69	21.26	63.69	21.26	11.31	101.87	39.81	56.94	0.0	39.96	13.6
54	36.01	40.61	13.0	30.08	42.72	19.1	28.16	33.6	60.44	40.36	54.23	13.0	41.68	19.1	59.81	19.1	18.68	65.0	49.65	29.68	3.61	29.07	39.41	24.76	38.01	43.14	29.21	20.52	61.29	18.68	40.46	29.41	25.94	33.96	53.0	31.58	14.32	55.0	49.04	54.01	60.44	67.27	45.0	66.85	38.9	25.18	60.61	25.18	60.61	29.07	65.07	53.16	17.0	39.96	0.0	43.17
55	78.52	3.61	47.89	25.24	79.08	60.54	62.2	43.05	17.46	38.9	13.6	56.04	12.53	56.08	34.01	49.41	60.21	45.22	45.22	67.74	42.06	16.28	34.48	65.8	11.7	42.72	27.29	56.22	22.47	60.21	79.4	66.37	55.54	55.04	37.7	63.13	48.09	23.09	58.8	16.28	17.46	35.9	37.48	45.18	22.02	68.25	27.66	68.25	27.66	16.28	107.79	26.57	59.77	13.6	43.17	0.0
;
