vehicles
vehicle_idx, capacity, cost_per_unit_distance
1,100,3
2,100,3
3,100,3
4,100,3
5,100,3
6,100,3
depot
node_idx,x,y
0,31,73
home delivery customers
node_idx,x,y,service_time,demand
1,11,67,10,19
2,52,96,10,2
3,97,62,10,20
4,71,5,10,6
5,6,56,10,17
6,48,50,10,8
7,91,17,10,14
8,49,68,10,2
9,66,80,10,17
10,36,17,10,15
11,64,30,10,24
12,60,95,10,10
13,15,33,10,13
14,32,94,10,17
15,9,11,10,23
16,33,31,10,18
self pickup customers
node_idx,x,y,service_time,demand,locker_idxs
17,85,29,10,8,50
18,11,16,10,5,46
19,74,98,10,7,48
20,56,37,10,22,50
21,96,55,10,23,48
22,32,23,10,21,49
23,40,72,10,6,46
24,27,49,10,6,47-51-49
25,46,53,10,21,47
26,6,25,10,11,47
27,96,88,10,17,50
28,2,35,10,22,47
29,95,94,10,8,46
30,6,59,10,12,47-49-51
flexible customers
node_idx,x,y,service_time,demand,locker_idxs
31,81,29,10,12,50
32,13,81,10,14,46
33,6,13,10,2,50
34,87,5,10,10,45
35,75,61,10,20,50-48-52
36,1,44,10,21,51-47
37,28,43,10,24,51-47-49
38,3,9,10,11,47
39,1,100,10,16,46
40,53,46,10,8,50-52-49
41,98,8,10,11,45
42,7,81,10,22,46
43,96,16,10,5,45
44,90,68,10,3,48-52
lockers
node_idx,x,y,service_time,capacity,cost_per_unit_good
45,93,12,10,76
46,22,88,10,79
47,23,49,10,81
48,90,60,10,73
49,31,52,10,94
50,74,43,10,98
51,21,55,10,92
52,68,63,10,94
mrt lines
start_node_idx,end_node_idx,freight_capacity,cost_per_unit_good
45,46,79,0.5
46,45,79,0.5
distance matrix
,0,1,2,3,4,5,6,7,8,9,10,11,12,13,14,15,16,17,18,19,20,21,22,23,24,25,26,27,28,29,30,31,32,33,34,35,36,37,38,39,40,41,42,43,44,45,46,47,48,49,50,51,52,
0,0.0,20.88,31.14,66.91,78.89,30.23,28.6,82.07,18.68,35.69,56.22,54.2,36.4,43.08,21.02,65.79,42.05,69.66,60.41,49.74,43.83,67.45,50.01,9.06,24.33,25.0,54.12,66.71,47.8,67.36,28.65,66.6,19.7,65.0,88.09,45.61,41.73,30.15,69.86,40.36,34.83,93.35,25.3,86.45,59.21,86.98,17.49,25.3,60.42,21.0,52.43,20.59,38.33
1,20.88,0.0,50.22,86.15,86.28,12.08,40.72,94.34,38.01,56.52,55.9,64.64,56.44,34.23,34.21,56.04,42.19,83.19,51.0,70.21,54.08,85.84,48.75,29.43,24.08,37.7,42.3,87.56,33.24,88.23,9.43,79.65,14.14,54.23,98.08,64.28,25.08,29.41,58.55,34.48,46.96,105.12,14.56,99.13,79.01,98.74,23.71,21.63,79.31,25.0,67.42,15.62,57.14
2,31.14,50.22,0.0,56.4,92.96,60.96,46.17,88.1,28.16,21.26,80.6,67.08,8.06,73.06,20.1,95.26,67.72,74.69,89.89,22.09,59.14,60.14,75.69,26.83,53.24,43.42,84.6,44.72,78.87,43.05,59.03,73.01,41.79,94.89,97.5,41.88,72.84,58.18,99.85,51.16,50.01,99.3,47.43,91.3,47.2,93.47,31.05,55.23,52.35,48.75,57.38,51.4,36.67
3,66.91,86.15,56.4,0.0,62.65,91.2,50.45,45.4,48.37,35.85,75.8,45.97,49.58,86.98,72.45,101.71,71.11,35.11,97.53,42.72,48.02,7.07,75.8,57.87,71.2,51.79,98.23,26.02,98.76,32.06,91.05,36.67,86.12,103.35,57.87,22.02,97.67,71.57,107.91,103.25,46.82,54.01,91.98,46.01,9.22,50.16,79.38,75.13,7.28,66.75,29.83,76.32,29.02
4,78.89,86.28,92.96,62.65,0.0,82.62,50.54,23.32,66.73,75.17,37.0,25.96,90.67,62.61,97.17,62.29,46.04,27.78,61.0,93.05,35.34,55.9,42.95,73.82,62.23,54.12,68.01,86.68,75.24,92.18,84.5,26.0,95.6,65.49,16.0,56.14,80.13,57.38,68.12,118.0,44.78,27.17,99.36,27.31,65.8,23.09,96.38,65.12,58.19,61.72,38.12,70.71,58.08
5,30.23,12.08,60.96,91.2,82.62,0.0,42.43,93.52,44.64,64.62,49.2,63.56,66.61,24.7,46.04,45.1,36.8,83.49,40.31,79.92,53.49,90.01,42.01,37.58,22.14,40.11,31.0,95.52,21.38,96.77,3.0,79.71,25.96,43.0,95.72,69.18,13.0,25.55,47.1,44.28,48.05,103.77,25.02,98.49,84.85,97.49,35.78,18.38,84.1,25.32,69.23,15.03,62.39
6,28.6,40.72,46.17,50.45,50.54,42.43,0.0,54.2,18.03,34.99,35.11,25.61,46.57,37.12,46.82,55.15,24.21,42.54,50.25,54.59,15.26,48.26,31.38,23.41,21.02,3.61,48.88,61.22,48.38,64.38,42.95,39.12,46.75,55.97,59.55,29.15,47.38,21.19,60.88,68.62,6.4,65.3,51.4,58.82,45.69,58.9,46.04,25.02,43.17,17.12,26.93,27.46,23.85
7,82.07,94.34,88.1,45.4,23.32,93.52,54.2,0.0,66.07,67.78,55.0,29.97,83.93,77.67,97.01,82.22,59.67,13.42,80.01,82.76,40.31,38.33,59.3,75.01,71.55,57.63,85.38,71.18,90.8,77.1,94.81,15.62,100.9,85.09,12.65,46.82,93.96,68.15,88.36,122.43,47.8,11.4,105.6,5.1,51.01,5.39,99.01,75.15,43.01,69.46,31.06,79.65,51.43
8,18.68,38.01,28.16,48.37,66.73,44.64,18.03,66.07,0.0,20.81,52.63,40.85,29.15,48.8,31.06,69.63,40.31,53.08,64.4,39.05,31.78,48.76,48.1,9.85,29.07,15.3,60.81,51.08,57.43,52.84,43.93,50.45,38.28,69.81,73.57,26.93,53.67,32.65,74.81,57.69,22.36,77.47,43.97,70.09,41.0,71.22,33.6,32.2,41.77,24.08,35.36,30.87,19.65
9,35.69,56.52,21.26,35.85,75.17,64.62,34.99,67.78,20.81,0.0,69.78,50.04,16.16,69.35,36.77,89.5,59.08,54.42,84.39,19.7,44.15,39.05,66.37,27.2,49.82,33.6,81.39,31.05,78.24,32.2,63.57,53.16,53.01,89.94,77.88,21.02,74.3,53.04,94.92,68.01,36.4,78.79,59.01,70.68,26.83,73.16,44.72,53.01,31.24,44.82,37.85,51.48,17.12
10,56.22,55.9,80.6,75.8,37.0,49.2,35.11,55.0,52.63,69.78,0.0,30.87,81.61,26.4,77.1,27.66,14.32,50.45,25.02,89.47,28.28,71.02,7.21,55.15,33.24,37.36,31.05,92.96,38.47,97.01,51.61,46.57,68.01,30.27,52.39,58.8,44.2,27.2,33.96,90.08,33.62,62.65,70.26,60.01,74.28,57.22,72.37,34.54,69.03,35.36,46.04,40.85,56.04
11,54.2,64.64,67.08,45.97,25.96,63.56,25.61,29.97,40.85,50.04,30.87,0.0,65.12,49.09,71.55,58.19,31.02,21.02,54.82,68.73,10.63,40.61,32.76,48.37,41.59,29.21,58.22,66.24,62.2,71.11,64.85,17.03,72.12,60.44,33.97,32.89,64.54,38.28,64.51,94.18,19.42,40.5,76.49,34.93,46.04,34.13,71.61,45.19,39.7,39.66,16.4,49.74,33.24
12,36.4,56.44,8.06,49.58,90.67,66.61,46.57,83.93,29.15,16.16,81.61,65.12,0.0,76.61,28.02,98.27,69.46,70.58,92.96,14.32,58.14,53.81,77.25,30.48,56.61,44.27,88.41,36.67,83.45,35.01,64.9,69.26,49.04,98.18,93.96,37.16,77.99,61.06,103.17,59.21,49.5,94.94,54.82,86.82,40.36,89.32,38.64,59.03,46.1,51.87,53.85,55.87,32.98
13,43.08,34.23,73.06,86.98,62.61,24.7,37.12,77.67,48.8,69.35,26.4,49.09,76.61,0.0,63.32,22.8,18.11,70.11,17.46,87.78,41.19,83.93,19.72,46.32,20.0,36.89,12.04,97.91,13.15,100.6,27.51,66.12,48.04,21.93,77.25,66.21,17.8,16.4,26.83,68.45,40.16,86.68,48.66,82.76,82.76,80.78,55.44,17.89,79.71,24.84,59.84,22.8,60.9
14,21.02,34.21,20.1,72.45,97.17,46.04,46.82,97.01,31.06,36.77,77.1,71.55,28.02,63.32,0.0,86.13,63.01,83.87,80.78,42.19,61.85,74.95,71.0,23.41,45.28,43.32,73.74,64.28,66.19,63.0,43.6,81.4,23.02,85.07,104.62,54.2,58.83,51.16,89.81,31.58,52.39,108.41,28.18,100.9,63.56,102.2,11.66,45.89,67.23,42.01,66.07,40.52,47.51
15,65.79,56.04,95.26,101.71,62.29,45.1,55.15,82.22,69.63,89.5,27.66,58.19,98.27,22.8,86.13,0.0,31.24,78.1,5.39,108.6,53.71,97.49,25.94,68.43,42.05,55.97,14.32,116.18,25.0,119.52,48.09,74.22,70.11,3.61,78.23,82.8,33.96,37.22,6.32,89.36,56.22,89.05,70.03,87.14,99.05,84.01,78.09,40.5,94.67,46.53,72.45,45.61,78.64
16,42.05,42.19,67.72,71.11,46.04,36.8,24.21,59.67,40.31,59.08,14.32,31.02,69.46,18.11,63.01,31.24,0.0,52.04,26.63,78.55,23.77,67.42,8.06,41.59,18.97,25.55,27.66,84.96,31.26,88.39,38.9,48.04,53.85,32.45,59.93,51.61,34.54,13.0,37.2,76.06,25.0,68.95,56.36,64.76,67.96,62.94,58.05,20.59,63.95,21.1,42.72,26.83,47.42
17,69.66,83.19,74.69,35.11,27.78,83.49,42.54,13.42,53.08,54.42,50.45,21.02,70.58,70.11,83.87,78.1,52.04,0.0,75.13,69.87,30.08,28.23,53.34,62.24,61.35,45.79,79.1,60.02,83.22,65.76,84.5,4.0,88.81,80.6,24.08,33.53,85.33,58.69,84.4,109.99,36.24,24.7,93.74,17.03,39.32,18.79,86.31,65.15,31.4,58.69,17.8,69.08,38.01
18,60.41,51.0,89.89,97.53,61.0,40.31,50.25,80.01,64.4,84.39,25.02,54.82,92.96,17.46,80.78,5.39,26.63,75.13,0.0,103.41,49.66,93.52,22.14,63.06,36.67,50.93,10.3,111.4,21.02,114.63,43.29,71.2,65.03,5.83,76.79,78.24,29.73,31.91,10.63,84.59,51.61,87.37,65.12,85.0,94.58,82.1,72.84,35.11,90.43,41.18,68.54,40.26,73.88
19,49.74,70.21,22.09,42.72,93.05,79.92,54.59,82.76,39.05,19.7,89.47,68.73,14.32,87.78,42.19,108.6,78.55,69.87,103.41,0.0,63.6,48.3,85.96,42.8,67.9,53.0,99.76,24.17,95.67,21.38,78.39,69.35,63.32,108.85,93.9,37.01,90.8,71.7,113.85,73.03,56.08,93.15,69.12,84.9,34.0,88.07,52.95,70.72,41.23,62.97,55.0,68.25,35.51
20,43.83,54.08,59.14,48.02,35.34,53.49,15.26,40.31,31.78,44.15,28.28,10.63,58.14,41.19,61.85,53.71,23.77,30.08,49.66,63.6,0.0,43.86,27.78,38.48,31.38,18.87,51.42,64.82,54.04,69.07,54.63,26.25,61.52,55.46,44.55,30.61,55.44,28.64,59.94,83.63,9.49,51.04,65.86,45.18,46.01,44.65,61.29,35.11,41.05,29.15,18.97,39.36,28.64
21,67.45,85.84,60.14,7.07,55.9,90.01,48.26,38.33,48.76,39.05,71.02,40.61,53.81,83.93,74.95,97.49,67.42,28.23,93.52,48.3,43.86,0.0,71.55,58.52,69.26,50.04,94.87,33.0,96.1,39.01,90.09,30.02,86.98,99.32,50.8,21.84,95.63,69.05,103.75,105.12,43.93,47.04,92.72,39.0,14.32,43.1,81.02,73.25,7.81,65.07,25.06,75.0,29.12
22,50.01,48.75,75.69,75.8,42.95,42.01,31.38,59.3,48.1,66.37,7.21,32.76,77.25,19.72,71.0,25.94,8.06,53.34,22.14,85.96,27.78,71.55,0.0,49.65,26.48,33.11,26.08,91.22,32.31,94.92,44.41,49.37,61.03,27.86,57.87,57.38,37.44,20.4,32.2,83.01,31.14,67.68,63.16,64.38,73.41,61.98,65.76,27.51,68.8,29.02,46.52,33.84,53.81
23,9.06,29.43,26.83,57.87,73.82,37.58,23.41,75.01,9.85,27.2,55.15,48.37,30.48,46.32,23.41,68.43,41.59,62.24,63.06,42.8,38.48,58.52,49.65,0.0,26.42,19.92,58.01,58.24,53.04,59.24,36.4,59.41,28.46,68.1,81.84,36.69,48.01,31.38,73.06,48.01,29.07,86.37,34.21,79.2,50.16,80.06,24.08,28.6,51.42,21.93,44.69,25.5,29.41
24,24.33,24.08,53.24,71.2,62.23,22.14,21.02,71.55,29.07,49.82,33.24,41.59,56.61,20.0,45.28,42.05,18.97,61.35,36.67,67.9,31.38,69.26,26.48,26.42,0.0,19.42,31.89,79.26,28.65,81.54,23.26,57.58,34.93,41.68,74.4,49.48,26.48,6.08,46.65,57.25,26.17,81.99,37.74,76.49,65.8,75.66,39.32,4.0,63.95,5.0,47.38,8.49,43.32
25,25.0,37.7,43.42,51.79,54.12,40.11,3.61,57.63,15.3,33.6,37.36,29.21,44.27,36.89,43.32,55.97,25.55,45.79,50.93,53.0,18.87,50.04,33.11,19.92,19.42,0.0,48.83,61.03,47.54,63.89,40.45,42.44,43.28,56.57,63.13,30.08,45.89,20.59,61.52,65.07,9.9,68.77,48.01,62.2,46.49,62.37,42.44,23.35,44.55,15.03,29.73,25.08,24.17
26,54.12,42.3,84.6,98.23,68.01,31.0,48.88,85.38,60.81,81.39,31.05,58.22,88.41,12.04,73.74,14.32,27.66,79.1,10.3,99.76,51.42,94.87,26.08,58.01,31.89,48.83,0.0,109.86,10.77,112.61,34.0,75.11,56.44,12.0,83.43,77.83,19.65,28.43,16.28,75.17,51.48,93.56,56.01,90.45,94.37,87.97,65.0,29.41,91.0,36.8,70.34,33.54,72.72
27,66.71,87.56,44.72,26.02,86.68,95.52,61.22,71.18,51.08,31.05,92.96,66.24,36.67,97.91,64.28,116.18,84.96,60.02,111.4,24.17,64.82,33.0,91.22,58.24,79.26,61.03,109.86,0.0,107.91,6.08,94.56,60.88,83.29,117.15,83.49,34.21,104.69,81.54,122.02,95.75,60.11,80.02,89.27,72.0,20.88,76.06,74.0,82.76,28.64,74.3,50.09,81.94,37.54
28,47.8,33.24,78.87,98.76,75.24,21.38,48.38,90.8,57.43,78.24,38.47,62.2,83.45,13.15,66.19,25.0,31.26,83.22,21.02,95.67,54.04,96.1,32.31,53.04,28.65,47.54,10.77,107.91,0.0,110.14,24.33,79.23,47.3,22.36,90.14,77.49,9.06,27.2,26.02,65.01,52.17,99.72,46.27,95.9,93.98,93.86,56.65,25.24,91.48,33.62,72.44,27.59,71.69
29,67.36,88.23,43.05,32.06,92.18,96.77,64.38,77.1,52.84,32.2,97.01,71.11,35.01,100.6,63.0,119.52,88.39,65.76,114.63,21.38,69.07,39.01,94.92,59.24,81.54,63.89,112.61,6.08,110.14,0.0,95.63,66.49,83.02,120.34,89.36,38.59,106.47,84.2,125.26,94.19,63.78,86.05,88.96,78.01,26.48,82.02,73.25,84.91,34.37,76.55,55.15,83.65,41.11
30,28.65,9.43,59.03,91.05,84.5,3.0,42.95,94.81,43.93,63.57,51.61,64.85,64.9,27.51,43.6,48.09,38.9,84.5,43.29,78.39,54.63,90.09,44.41,36.4,23.26,40.45,34.0,94.56,24.33,95.63,0.0,80.78,23.09,46.0,97.35,69.03,15.81,27.2,50.09,41.3,48.76,105.19,22.02,99.74,84.48,98.88,33.12,19.72,84.01,25.96,69.86,15.52,62.13
31,66.6,79.65,73.01,36.67,26.0,79.71,39.12,15.62,50.45,53.16,46.57,17.03,69.26,66.12,81.4,74.22,48.04,4.0,71.2,69.35,26.25,30.02,49.37,59.41,57.58,42.44,75.11,60.88,79.23,66.49,80.78,0.0,85.6,76.69,24.74,32.56,81.39,54.82,80.52,106.96,32.76,27.02,90.44,19.85,40.02,20.81,83.44,61.35,32.28,55.04,15.65,65.39,36.4
32,19.7,14.14,41.79,86.12,95.6,25.96,46.75,100.9,38.28,53.01,68.01,72.12,49.04,48.04,23.02,70.11,53.85,88.81,65.03,63.32,61.52,86.98,61.03,28.46,34.93,43.28,56.44,83.29,47.3,83.02,23.09,85.6,0.0,68.36,106.08,65.15,38.9,40.85,72.69,22.47,53.15,112.04,6.0,105.42,78.09,105.65,11.4,33.53,79.81,34.13,71.87,27.2,57.87
33,65.0,54.23,94.89,103.35,65.49,43.0,55.97,85.09,69.81,89.94,30.27,60.44,98.18,21.93,85.07,3.61,32.45,80.6,5.83,108.85,55.46,99.32,27.86,68.1,41.68,56.57,12.0,117.15,22.36,120.34,46.0,76.69,68.36,0.0,81.39,84.05,31.4,37.2,5.0,87.14,57.43,92.14,68.01,90.05,100.4,87.01,76.69,39.81,96.25,46.32,74.32,44.6,79.65
34,88.09,98.08,97.5,57.87,16.0,95.72,59.55,12.65,73.57,77.88,52.39,33.97,93.96,77.25,104.62,78.23,59.93,24.08,76.79,93.9,44.55,50.8,57.87,81.84,74.4,63.13,83.43,83.49,90.14,89.36,97.35,24.74,106.08,81.39,0.0,57.27,94.43,70.18,84.1,128.14,53.26,11.4,110.34,14.21,63.07,9.22,105.42,77.67,55.08,73.11,40.16,82.8,61.03
35,45.61,64.28,41.88,22.02,56.14,69.18,29.15,46.82,26.93,21.02,58.8,32.89,37.16,66.21,54.2,82.8,51.61,33.53,78.24,37.01,30.61,21.84,57.38,36.69,49.48,30.08,77.83,34.21,77.49,38.59,69.03,32.56,65.15,84.05,57.27,0.0,75.93,50.33,88.81,83.65,26.63,57.78,70.88,49.66,16.55,52.2,59.48,53.37,15.03,44.91,18.03,54.33,7.28
36,41.73,25.08,72.84,97.67,80.13,13.0,47.38,93.96,53.67,74.3,44.2,64.54,77.99,17.8,58.83,33.96,34.54,85.33,29.73,90.8,55.44,95.63,37.44,48.01,26.48,45.89,19.65,104.69,9.06,106.47,15.81,81.39,38.9,31.4,94.43,75.93,0.0,27.02,35.06,56.0,52.04,103.46,37.48,99.04,92.18,97.41,48.75,22.56,90.43,31.05,73.01,22.83,69.64
37,30.15,29.41,58.18,71.57,57.38,25.55,21.19,68.15,32.65,53.04,27.2,38.28,61.06,16.4,51.16,37.22,13.0,58.69,31.91,71.7,28.64,69.05,20.4,31.38,6.08,20.59,28.43,81.54,27.2,84.2,27.2,54.82,40.85,37.2,70.18,50.33,27.02,0.0,42.2,63.07,25.18,78.26,43.42,73.16,66.85,72.01,45.4,7.81,64.29,9.49,46.0,13.89,44.72
38,69.86,58.55,99.85,107.91,68.12,47.1,60.88,88.36,74.81,94.92,33.96,64.51,103.17,26.83,89.81,6.32,37.2,84.4,10.63,113.85,59.94,103.75,32.2,73.06,46.65,61.52,16.28,122.02,26.02,125.26,50.09,80.52,72.69,5.0,84.1,88.81,35.06,42.2,0.0,91.02,62.2,95.01,72.11,93.26,105.12,90.05,81.25,44.72,100.85,51.31,78.72,49.4,84.5
39,40.36,34.48,51.16,103.25,118.0,44.28,68.62,122.43,57.69,68.01,90.08,94.18,59.21,68.45,31.58,89.36,76.06,109.99,84.59,73.03,83.63,105.12,83.01,48.01,57.25,65.07,75.17,95.75,65.01,94.19,41.3,106.96,22.47,87.14,128.14,83.65,56.0,63.07,91.02,0.0,74.97,133.69,19.92,126.81,94.58,127.31,24.19,55.54,97.58,56.6,92.62,49.24,76.54
40,34.83,46.96,50.01,46.82,44.78,48.05,6.4,47.8,22.36,36.4,33.62,19.42,49.5,40.16,52.39,56.22,25.0,36.24,51.61,56.08,9.49,43.93,31.14,29.07,26.17,9.9,51.48,60.11,52.17,63.78,48.76,32.76,53.15,57.43,53.26,26.63,52.04,25.18,62.2,74.97,0.0,58.9,57.8,52.43,43.05,52.5,52.2,30.15,39.56,22.8,21.21,33.24,22.67
41,93.35,105.12,99.3,54.01,27.17,103.77,65.3,11.4,77.47,78.79,62.65,40.5,94.94,86.68,108.41,89.05,68.95,24.7,87.37,93.15,51.04,47.04,67.68,86.37,81.99,68.77,93.56,80.02,99.72,86.05,105.19,27.02,112.04,92.14,11.4,57.78,103.46,78.26,95.01,133.69,58.9,0.0,116.66,8.25,60.53,6.4,110.34,85.48,52.61,80.16,42.44,90.21,62.65
42,25.3,14.56,47.43,91.98,99.36,25.02,51.4,105.6,43.97,59.01,70.26,76.49,54.82,48.66,28.18,70.03,56.36,93.74,65.12,69.12,65.86,92.72,63.16,34.21,37.74,48.01,56.01,89.27,46.27,88.96,22.02,90.44,6.0,68.01,110.34,70.88,37.48,43.42,72.11,19.92,57.8,116.66,0.0,110.21,84.01,110.26,16.55,35.78,85.62,37.64,77.03,29.53,63.6
43,86.45,99.13,91.3,46.01,27.31,98.49,58.82,5.1,70.09,70.68,60.01,34.93,86.82,82.76,100.9,87.14,64.76,17.03,85.0,84.9,45.18,39.0,64.38,79.2,76.49,62.2,90.45,72.0,95.9,78.01,99.74,19.85,105.42,90.05,14.21,49.66,99.04,73.16,93.26,126.81,52.43,8.25,110.21,0.0,52.35,5.0,103.25,80.11,44.41,74.3,34.83,84.53,54.71
44,59.21,79.01,47.2,9.22,65.8,84.85,45.69,51.01,41.0,26.83,74.28,46.04,40.36,82.76,63.56,99.05,67.96,39.32,94.58,34.0,46.01,14.32,73.41,50.16,65.8,46.49,94.37,20.88,93.98,26.48,84.48,40.02,78.09,100.4,63.07,16.55,92.18,66.85,105.12,94.58,43.05,60.53,84.01,52.35,0.0,56.08,70.88,69.64,8.0,61.13,29.68,70.21,22.56
45,86.98,98.74,93.47,50.16,23.09,97.49,58.9,5.39,71.22,73.16,57.22,34.13,89.32,80.78,102.2,84.01,62.94,18.79,82.1,88.07,44.65,43.1,61.98,80.06,75.66,62.37,87.97,76.06,93.86,82.02,98.88,20.81,105.65,87.01,9.22,52.2,97.41,72.01,90.05,127.31,52.5,6.4,110.26,5.0,56.08,0.0,104.0,79.18,48.09,73.78,36.36,83.86,56.8
46,17.49,23.71,31.05,79.38,96.38,35.78,46.04,99.01,33.6,44.72,72.37,71.61,38.64,55.44,11.66,78.09,58.05,86.31,72.84,52.95,61.29,81.02,65.76,24.08,39.32,42.44,65.0,74.0,56.65,73.25,33.12,83.44,11.4,76.69,105.42,59.48,48.75,45.4,81.25,24.19,52.2,110.34,16.55,103.25,70.88,104.0,0.0,39.01,73.54,37.11,68.77,33.02,52.35
47,25.3,21.63,55.23,75.13,65.12,18.38,25.02,75.15,32.2,53.01,34.54,45.19,59.03,17.89,45.89,40.5,20.59,65.15,35.11,70.72,35.11,73.25,27.51,28.6,4.0,23.35,29.41,82.76,25.24,84.91,19.72,61.35,33.53,39.81,77.67,53.37,22.56,7.81,44.72,55.54,30.15,85.48,35.78,80.11,69.64,79.18,39.01,0.0,67.9,8.54,51.35,6.32,47.13
48,60.42,79.31,52.35,7.28,58.19,84.1,43.17,43.01,41.77,31.24,69.03,39.7,46.1,79.71,67.23,94.67,63.95,31.4,90.43,41.23,41.05,7.81,68.8,51.42,63.95,44.55,91.0,28.64,91.48,34.37,84.01,32.28,79.81,96.25,55.08,15.03,90.43,64.29,100.85,97.58,39.56,52.61,85.62,44.41,8.0,48.09,73.54,67.9,0.0,59.54,23.35,69.18,22.2
49,21.0,25.0,48.75,66.75,61.72,25.32,17.12,69.46,24.08,44.82,35.36,39.66,51.87,24.84,42.01,46.53,21.1,58.69,41.18,62.97,29.15,65.07,29.02,21.93,5.0,15.03,36.8,74.3,33.62,76.55,25.96,55.04,34.13,46.32,73.11,44.91,31.05,9.49,51.31,56.6,22.8,80.16,37.64,74.3,61.13,73.78,37.11,8.54,59.54,0.0,43.93,10.44,38.6
50,52.43,67.42,57.38,29.83,38.12,69.23,26.93,31.06,35.36,37.85,46.04,16.4,53.85,59.84,66.07,72.45,42.72,17.8,68.54,55.0,18.97,25.06,46.52,44.69,47.38,29.73,70.34,50.09,72.44,55.15,69.86,15.65,71.87,74.32,40.16,18.03,73.01,46.0,78.72,92.62,21.21,42.44,77.03,34.83,29.68,36.36,68.77,51.35,23.35,43.93,0.0,54.34,20.88
51,20.59,15.62,51.4,76.32,70.71,15.03,27.46,79.65,30.87,51.48,40.85,49.74,55.87,22.8,40.52,45.61,26.83,69.08,40.26,68.25,39.36,75.0,33.84,25.5,8.49,25.08,33.54,81.94,27.59,83.65,15.52,65.39,27.2,44.6,82.8,54.33,22.83,13.89,49.4,49.24,33.24,90.21,29.53,84.53,70.21,83.86,33.02,6.32,69.18,10.44,54.34,0.0,47.68
52,38.33,57.14,36.67,29.02,58.08,62.39,23.85,51.43,19.65,17.12,56.04,33.24,32.98,60.9,47.51,78.64,47.42,38.01,73.88,35.51,28.64,29.12,53.81,29.41,43.32,24.17,72.72,37.54,71.69,41.11,62.13,36.4,57.87,79.65,61.03,7.28,69.64,44.72,84.5,76.54,22.67,62.65,63.6,54.71,22.56,56.8,52.35,47.13,22.2,38.6,20.88,47.68,0.0
