vehicles
vehicle_idx, capacity, cost_per_unit_distance
1,100,3
2,100,3
3,100,3
4,100,3
5,100,3
6,100,3
depot
node_idx,x,y
0,14,68
home delivery customers
node_idx,x,y,service_time,demand
1,13,47,10,24
2,37,44,10,9
3,17,28,10,3
4,72,67,10,14
5,1,2,10,13
6,97,38,10,24
7,63,59,10,8
8,32,88,10,14
9,22,73,10,23
10,43,62,10,14
11,87,79,10,24
12,48,53,10,8
13,48,23,10,13
14,7,37,10,4
15,98,77,10,14
self pickup customers
node_idx,x,y,service_time,demand,locker_idxs
16,73,2,10,8,49-46
17,34,63,10,19,53-55-52-50-47
18,33,42,10,18,53
19,18,98,10,9,47
20,24,79,10,14,47
21,32,82,10,4,47
22,87,1,10,8,46-49
23,79,92,10,2,48-44
24,58,32,10,18,51
25,38,37,10,24,51
26,38,23,10,13,45
27,63,32,10,24,51
28,17,32,10,18,45
29,12,24,10,4,45
flexible customers
node_idx,x,y,service_time,demand,locker_idxs
30,58,98,10,9,44-48
31,78,63,10,8,54
32,42,48,10,8,51-54-53-55-50-52
33,2,28,10,18,45
34,39,53,10,14,51-54-50-53-55-52
35,42,77,10,18,54-52-47-44
36,83,27,10,13,49-46
37,22,39,10,9,52-50-45
38,53,84,10,3,54-44
39,42,88,10,24,47-44
40,88,94,10,9,48-44
41,58,78,10,13,54-44
42,73,1,10,14,49-46
43,34,12,10,18,45
lockers
node_idx,x,y,service_time,capacity,cost_per_unit_good
44,65,88,10,84
45,25,15,10,81
46,93,12,10,86
47,22,88,10,71
48,77,88,10,90
49,72,14,10,78
50,40,46,10,100
51,54,40,10,95
52,43,53,10,73
53,49,51,10,99
54,63,63,10,73
55,47,50,10,92
mrt lines
start_node_idx,end_node_idx,freight_capacity,cost_per_unit_good
44,45,84,0.1
45,44,84,0.1
46,47,86,0.1
47,46,86,0.1
distance matrix
,0,1,2,3,4,5,6,7,8,9,10,11,12,13,14,15,16,17,18,19,20,21,22,23,24,25,26,27,28,29,30,31,32,33,34,35,36,37,38,39,40,41,42,43,44,45,46,47,48,49,50,51,52,53,54,55,
0,0.0,21.02,33.24,40.11,58.01,67.27,88.26,49.82,26.91,9.43,29.61,73.82,37.16,56.4,31.78,84.48,88.53,20.62,32.2,30.27,14.87,22.8,99.09,69.29,56.85,39.2,51.0,60.8,36.12,44.05,53.25,64.2,34.41,41.76,29.15,29.41,80.26,30.08,42.15,34.41,78.43,45.12,89.27,59.46,54.78,54.13,96.83,21.54,66.1,79.25,34.06,48.83,32.65,38.91,49.25,37.59
1,21.02,0.0,24.19,19.42,62.3,46.57,84.48,51.42,45.19,27.51,33.54,80.62,35.51,42.44,11.66,90.14,75.0,26.4,20.62,51.24,33.84,39.82,87.13,79.88,47.43,26.93,34.66,52.2,15.52,23.02,68.01,66.94,29.02,21.95,26.68,41.73,72.8,12.04,54.49,50.22,88.51,54.64,75.6,40.82,66.22,34.18,87.32,41.98,76.01,67.6,27.02,41.59,30.59,36.22,52.5,34.13
2,33.24,24.19,0.0,25.61,41.88,55.32,60.3,30.02,44.28,32.65,18.97,61.03,14.21,23.71,30.81,69.35,55.32,19.24,4.47,57.25,37.34,38.33,65.95,63.78,24.19,7.07,21.02,28.64,23.32,32.02,57.94,45.19,6.4,38.48,9.22,33.38,49.04,15.81,43.08,44.28,71.42,39.96,56.08,32.14,52.15,31.38,64.5,46.49,59.46,46.1,3.61,17.46,10.82,13.89,32.2,11.66
3,40.11,19.42,25.61,0.0,67.42,30.53,80.62,55.47,61.85,45.28,42.8,86.61,39.82,31.4,13.45,94.67,61.74,38.91,21.26,70.01,51.48,56.04,75.03,89.11,41.19,22.85,21.59,46.17,4.0,6.4,81.12,70.33,32.02,15.0,33.3,55.01,66.01,12.08,66.57,65.0,96.94,64.66,62.17,23.35,76.84,15.26,77.67,60.21,84.85,56.75,29.21,38.9,36.07,39.41,57.8,37.2
4,58.01,62.3,41.88,67.42,0.0,96.26,38.29,12.04,45.18,50.36,29.43,19.21,27.78,50.12,71.59,27.86,65.01,38.21,46.32,62.27,49.48,42.72,67.68,25.96,37.7,45.34,55.61,36.14,65.19,73.82,34.01,7.21,35.51,80.13,35.85,31.62,41.48,57.31,25.5,36.62,31.38,17.8,66.01,66.85,22.14,70.09,58.87,54.23,21.59,53.0,38.28,32.45,32.2,28.02,9.85,30.23
5,67.27,46.57,55.32,30.53,96.26,0.0,102.53,84.22,91.42,74.04,73.24,115.43,69.35,51.48,35.51,122.61,72.0,69.35,51.22,97.49,80.36,85.8,86.01,119.1,64.41,50.93,42.54,68.88,34.0,24.6,111.65,98.23,61.62,26.02,63.6,85.48,85.73,42.54,97.1,95.27,126.62,95.0,72.01,34.48,107.2,27.29,92.54,88.53,114.77,72.01,58.8,65.22,66.07,68.59,86.98,66.48
6,88.26,84.48,60.3,80.62,38.29,102.53,0.0,39.96,82.01,82.76,59.09,42.2,51.24,51.24,90.01,39.01,43.27,67.78,64.12,99.2,83.73,78.49,38.33,56.92,39.46,59.01,60.88,34.53,80.22,86.15,71.56,31.4,55.9,95.52,59.91,67.42,17.8,75.01,63.66,74.33,56.72,55.87,44.1,68.15,59.36,75.58,26.31,90.14,53.85,34.66,57.56,43.05,56.04,49.73,42.2,51.42
7,49.82,51.42,30.02,55.47,12.04,84.22,39.96,0.0,42.45,43.32,20.22,31.24,16.16,39.0,60.17,39.36,57.87,29.27,34.48,59.55,43.83,38.6,62.77,36.67,27.46,33.3,43.83,27.0,53.34,61.85,39.32,15.52,23.71,68.43,24.74,27.66,37.74,45.62,26.93,35.81,43.01,19.65,58.86,55.23,29.07,58.14,55.76,50.22,32.2,45.89,26.42,21.02,20.88,16.12,4.0,18.36
8,26.91,45.19,44.28,61.85,45.18,91.42,82.01,42.45,0.0,18.03,28.23,55.73,38.48,66.94,56.8,66.91,95.27,25.08,46.01,17.2,12.04,6.0,102.93,47.17,61.74,51.35,65.28,64.01,57.97,67.05,27.86,52.35,41.23,67.08,35.69,14.87,79.51,50.01,21.38,10.0,56.32,27.86,96.18,76.03,33.0,73.33,97.45,10.0,45.0,84.12,42.76,52.8,36.69,40.72,39.82,40.85
9,9.43,27.51,32.65,45.28,50.36,74.04,82.76,43.32,18.03,0.0,23.71,65.28,32.8,56.36,39.0,76.11,87.42,15.62,32.89,25.32,6.32,13.45,97.0,60.08,54.56,39.4,52.5,57.98,41.3,50.01,43.83,56.89,32.02,49.24,26.25,20.4,76.4,34.0,32.89,25.0,69.26,36.35,88.23,62.17,45.54,58.08,93.61,15.0,57.01,77.34,32.45,45.97,29.0,34.83,42.2,33.97
10,29.61,33.54,18.97,42.8,29.43,73.24,59.09,20.22,28.23,23.71,0.0,47.17,10.3,39.32,43.83,57.01,67.08,9.06,22.36,43.83,25.5,22.83,75.21,46.86,33.54,25.5,39.32,36.06,39.7,49.04,39.0,35.01,14.04,53.26,9.85,15.03,53.15,31.14,24.17,26.02,55.22,21.93,67.98,50.8,34.06,50.33,70.71,33.42,42.8,56.08,16.28,24.6,9.0,12.53,20.02,12.65
11,73.82,80.62,61.03,86.61,19.21,115.43,42.2,31.24,55.73,65.28,47.17,0.0,46.87,68.24,90.35,11.18,78.26,55.36,65.46,71.57,63.0,55.08,78.0,15.26,55.23,64.54,74.41,52.77,84.31,93.01,34.67,18.36,54.64,99.13,54.59,45.04,52.15,76.32,34.37,45.89,15.03,29.02,79.25,85.43,23.77,89.11,67.27,65.62,13.45,66.71,57.43,51.09,51.11,47.2,28.84,49.41
12,37.16,35.51,14.21,39.82,27.78,69.35,51.24,16.16,38.48,32.8,10.3,46.87,0.0,30.0,44.01,55.46,56.8,17.2,18.6,54.08,35.38,33.12,65.0,49.82,23.26,18.87,31.62,25.81,37.44,46.23,46.1,31.62,7.81,52.35,9.0,24.74,43.6,29.53,31.4,35.51,57.28,26.93,57.7,43.32,38.91,44.42,60.88,43.6,45.45,45.79,10.63,14.32,5.0,2.24,18.03,3.16
13,56.4,42.44,23.71,31.4,50.12,51.48,51.24,39.0,66.94,56.36,39.32,68.24,30.0,0.0,43.32,73.59,32.65,42.38,24.21,80.78,60.93,61.13,44.78,75.64,13.45,17.2,10.0,17.49,32.28,36.01,75.66,50.0,25.71,46.27,31.32,54.33,35.23,30.53,61.2,65.28,81.49,55.9,33.3,17.8,67.19,24.35,46.32,70.01,71.18,25.63,24.35,18.03,30.41,28.02,42.72,27.02
14,31.78,11.66,30.81,13.45,71.59,35.51,90.01,60.17,56.8,39.0,43.83,90.35,44.01,43.32,0.0,99.4,74.71,37.48,26.48,61.98,45.31,51.48,87.73,90.6,51.24,31.0,34.01,56.22,11.18,13.93,79.51,75.61,36.69,10.3,35.78,53.15,76.66,15.13,65.76,61.85,99.05,65.44,75.18,36.8,77.23,28.43,89.56,53.16,86.61,68.95,34.21,47.1,39.4,44.27,61.74,42.06
15,84.48,90.14,69.35,94.67,27.86,122.61,39.01,39.36,66.91,76.11,57.01,11.18,55.46,73.59,99.4,0.0,79.06,65.51,73.82,82.71,74.03,66.19,76.79,24.21,60.21,72.11,80.72,57.01,92.66,101.02,45.18,24.41,63.06,107.78,63.69,56.0,52.2,84.97,45.54,57.07,19.72,40.01,80.01,91.22,34.79,95.78,65.19,76.79,23.71,68.15,65.76,57.49,60.01,55.47,37.7,57.71
16,88.53,75.0,55.32,61.74,65.01,72.0,43.27,57.87,95.27,87.42,67.08,78.26,56.8,32.65,74.71,79.06,0.0,72.4,56.57,110.64,91.27,89.89,14.04,90.2,33.54,49.5,40.82,31.62,63.53,64.85,97.16,61.2,55.47,75.61,61.29,81.15,26.93,63.01,84.4,91.42,93.21,77.47,1.0,40.26,86.37,49.73,22.36,99.98,86.09,12.04,55.0,42.49,59.17,54.56,61.81,54.59
17,20.62,26.4,19.24,38.91,38.21,69.35,67.78,29.27,25.08,15.62,9.06,55.36,17.2,42.38,37.48,65.51,72.4,0.0,21.02,38.48,18.87,19.1,81.57,53.54,39.2,26.31,40.2,42.45,35.36,44.78,42.44,44.0,17.0,47.42,11.18,16.12,60.8,26.83,28.32,26.25,62.27,28.3,73.25,51.0,39.82,48.84,77.99,27.73,49.74,62.01,18.03,30.48,13.45,19.21,29.0,18.38
18,32.2,20.62,4.47,21.26,46.32,51.22,64.12,34.48,46.01,32.89,22.36,65.46,18.6,24.21,26.48,73.82,56.57,21.02,0.0,57.97,38.08,40.01,67.8,67.94,26.93,7.07,19.65,31.62,18.87,27.66,61.33,49.66,10.82,34.01,12.53,36.14,52.2,11.4,46.52,46.87,75.69,43.83,57.28,30.02,56.04,28.16,67.08,47.3,63.66,48.01,8.06,21.1,14.87,18.36,36.62,16.12
19,30.27,51.24,57.25,70.01,62.27,97.49,99.2,59.55,17.2,25.32,43.83,71.57,54.08,80.78,61.98,82.71,110.64,38.48,57.97,0.0,19.92,21.26,119.04,61.29,77.18,64.2,77.62,79.88,66.01,74.24,40.0,69.46,55.46,71.81,49.66,31.89,96.26,59.14,37.7,26.0,70.11,44.72,111.51,87.48,48.05,83.29,114.11,10.77,59.84,99.86,56.46,68.26,51.48,56.3,57.01,56.08
20,14.87,33.84,37.34,51.48,49.48,80.36,83.73,43.83,12.04,6.32,25.5,63.0,35.38,60.93,45.31,74.03,91.27,18.87,38.08,19.92,0.0,8.54,100.26,56.52,58.01,44.27,57.72,61.07,47.52,56.29,38.95,56.32,35.85,55.54,30.02,18.11,78.64,40.05,29.43,20.12,65.73,34.01,92.11,67.74,41.98,64.01,96.18,9.22,53.76,80.8,36.67,49.2,32.2,37.54,42.15,37.01
21,22.8,39.82,38.33,56.04,42.72,85.8,78.49,38.6,6.0,13.45,22.83,55.08,33.12,61.13,51.48,66.19,89.89,19.1,40.01,21.26,8.54,0.0,97.91,48.05,56.36,45.4,59.3,58.83,52.2,61.35,30.53,49.77,35.44,61.77,29.83,11.18,75.01,44.15,21.1,11.66,57.27,26.31,90.79,70.03,33.54,67.36,92.85,11.66,45.4,78.89,36.88,47.41,31.02,35.36,36.36,35.34
22,99.09,87.13,65.95,75.03,67.68,86.01,38.33,62.77,102.93,97.0,75.21,78.0,65.0,44.78,87.73,76.79,14.04,81.57,67.8,119.04,100.26,97.91,0.0,91.35,42.45,60.8,53.71,39.2,76.56,78.45,101.24,62.65,65.07,89.19,70.77,88.32,26.31,75.29,89.69,97.95,93.01,82.28,14.0,54.13,89.74,63.56,12.53,108.6,87.57,19.85,65.07,51.09,68.12,62.8,66.48,63.25
23,69.29,79.88,63.78,89.11,25.96,119.1,56.92,36.67,47.17,60.08,46.86,15.26,49.82,75.64,90.6,24.21,90.2,53.54,67.94,61.29,56.52,48.05,91.35,0.0,63.57,68.6,80.26,62.1,86.28,95.46,21.84,29.02,57.49,100.12,55.87,39.92,65.12,77.83,27.2,37.22,9.22,25.24,91.2,91.79,14.56,94.05,81.22,57.14,4.47,78.31,60.31,57.7,53.08,50.8,33.12,52.8
24,56.85,47.43,24.19,41.19,37.7,64.41,39.46,27.46,61.74,54.56,33.54,55.23,23.26,13.45,51.24,60.21,33.54,39.2,26.93,77.18,58.01,56.36,42.45,63.57,0.0,20.62,21.93,5.0,41.0,46.69,66.0,36.89,22.63,56.14,28.32,47.76,25.5,36.67,52.24,58.24,68.88,46.0,34.44,31.24,56.44,37.12,40.31,66.57,59.14,22.8,22.8,8.94,25.81,21.02,31.4,21.1
25,39.2,26.93,7.07,22.85,45.34,50.93,59.01,33.3,51.35,39.4,25.5,64.54,18.87,17.2,31.0,72.11,49.5,26.31,7.07,64.2,44.27,45.4,60.8,68.6,20.62,0.0,14.0,25.5,21.59,29.07,64.2,47.71,11.7,37.11,16.03,40.2,46.1,16.12,49.34,51.16,75.82,45.62,50.21,25.32,57.71,25.55,60.42,53.45,64.2,41.05,9.22,16.28,16.76,17.8,36.07,15.81
26,51.0,34.66,21.02,21.59,55.61,42.54,60.88,43.83,65.28,52.5,39.32,74.41,31.62,10.0,34.01,80.72,40.82,40.2,19.65,77.62,57.72,59.3,53.71,80.26,21.93,14.0,0.0,26.57,22.85,26.02,77.62,56.57,25.32,36.35,30.02,54.15,45.18,22.63,62.82,65.12,86.84,58.52,41.34,11.7,70.38,15.26,56.09,66.94,75.8,35.17,23.09,23.35,30.41,30.08,47.17,28.46
27,60.8,52.2,28.64,46.17,36.14,68.88,34.53,27.0,64.01,57.98,36.06,52.77,25.81,17.49,56.22,57.01,31.62,42.45,31.62,79.88,61.07,58.83,39.2,62.1,5.0,25.5,26.57,0.0,46.0,51.62,66.19,34.44,26.4,61.13,31.89,49.66,20.62,41.59,52.95,59.81,66.85,46.27,32.57,35.23,56.04,41.63,36.06,69.4,57.72,20.12,26.93,12.04,29.0,23.6,31.0,24.08
28,36.12,15.52,23.32,4.0,65.19,34.0,80.22,53.34,57.97,41.3,39.7,84.31,37.44,32.28,11.18,92.66,63.53,35.36,18.87,66.01,47.52,52.2,76.56,86.28,41.0,21.59,22.85,46.0,0.0,9.43,77.7,68.43,29.68,15.52,30.41,51.48,66.19,8.6,63.25,61.33,94.26,61.62,64.01,26.25,73.76,18.79,78.59,56.22,82.07,57.87,26.93,37.85,33.42,37.22,55.47,34.99
29,44.05,23.02,32.02,6.4,73.82,24.6,86.15,61.85,67.05,50.01,49.04,93.01,46.23,36.01,13.93,101.02,64.85,44.78,27.66,74.24,56.29,61.35,78.45,95.46,46.69,29.07,26.02,51.62,9.43,0.0,87.13,76.66,38.42,10.77,39.62,60.9,71.06,18.03,72.67,70.68,103.32,70.94,65.19,25.06,83.1,15.81,81.88,64.78,91.22,60.83,35.61,44.94,42.45,45.8,64.2,43.6
30,53.25,68.01,57.94,81.12,34.01,111.65,71.56,39.32,27.86,43.83,39.0,34.67,46.1,75.66,79.51,45.18,97.16,42.44,61.33,40.0,38.95,30.53,101.24,21.84,66.0,64.2,77.62,66.19,77.7,87.13,0.0,40.31,52.5,89.64,48.85,26.4,75.27,69.12,14.87,18.87,30.27,20.0,98.15,89.29,12.21,89.32,92.85,37.36,21.47,85.16,55.03,58.14,47.43,47.85,35.36,49.24
31,64.2,66.94,45.19,70.33,7.21,98.23,31.4,15.52,52.35,56.89,35.01,18.36,31.62,50.0,75.61,24.41,61.2,44.0,49.66,69.46,56.32,49.77,62.65,29.02,36.89,47.71,56.57,34.44,68.43,76.66,40.31,0.0,39.0,83.67,40.26,38.63,36.35,60.93,32.65,43.83,32.57,25.0,62.2,67.36,28.18,71.51,53.16,61.33,25.02,49.37,41.63,33.24,36.4,31.38,15.0,33.62
32,34.41,29.02,6.4,32.02,35.51,61.62,55.9,23.71,41.23,32.02,14.04,54.64,7.81,25.71,36.69,63.06,55.47,17.0,10.82,55.46,35.85,35.44,65.07,57.49,22.63,11.7,25.32,26.4,29.68,38.42,52.5,39.0,0.0,44.72,5.83,29.0,46.07,21.93,37.64,40.0,65.05,34.0,56.3,36.88,46.14,37.12,62.43,44.72,53.15,45.34,2.83,14.42,5.1,7.62,25.81,5.39
33,41.76,21.95,38.48,15.0,80.13,26.02,95.52,68.43,67.08,49.24,53.26,99.13,52.35,46.27,10.3,107.78,75.61,47.42,34.01,71.81,55.54,61.77,89.19,100.12,56.14,37.11,36.35,61.13,15.52,10.77,89.64,83.67,44.72,0.0,44.65,63.25,81.01,22.83,75.74,72.11,108.41,75.07,75.96,35.78,87.0,26.42,92.4,63.25,96.05,71.39,42.05,53.37,48.02,52.33,70.33,50.09
34,29.15,26.68,9.22,33.3,35.85,63.6,59.91,24.74,35.69,26.25,9.85,54.59,9.0,31.32,35.78,63.69,61.29,11.18,12.53,49.66,30.02,29.83,70.77,55.87,28.32,16.03,30.02,31.89,30.41,39.62,48.85,40.26,5.83,44.65,0.0,24.19,51.11,22.02,34.01,35.13,63.89,31.4,62.13,41.3,43.6,40.5,67.8,38.91,51.66,51.09,7.07,19.85,4.0,10.2,26.0,8.54
35,29.41,41.73,33.38,55.01,31.62,85.48,67.42,27.66,14.87,20.4,15.03,45.04,24.74,54.33,53.15,56.0,81.15,16.12,36.14,31.89,18.11,11.18,88.32,39.92,47.76,40.2,54.15,49.66,51.48,60.9,26.4,38.63,29.0,63.25,24.19,0.0,64.66,42.94,13.04,11.0,49.04,16.03,82.08,65.49,25.5,64.29,82.62,22.83,36.69,69.78,31.06,38.9,24.02,26.93,25.24,27.46
36,80.26,72.8,49.04,66.01,41.48,85.73,17.8,37.74,79.51,76.4,53.15,52.15,43.6,35.23,76.66,52.2,26.93,60.8,52.2,96.26,78.64,75.01,26.31,65.12,25.5,46.1,45.18,20.62,66.19,71.06,75.27,36.35,46.07,81.01,51.11,64.66,0.0,62.17,64.41,73.5,67.19,56.8,27.86,51.24,63.6,59.23,18.03,86.27,61.29,17.03,47.01,31.78,47.71,41.62,41.18,42.72
37,30.08,12.04,15.81,12.08,57.31,42.54,75.01,45.62,50.01,34.0,31.14,76.32,29.53,30.53,15.13,84.97,63.01,26.83,11.4,59.14,40.05,44.15,75.29,77.83,36.67,16.12,22.63,41.59,8.6,18.03,69.12,60.93,21.93,22.83,22.02,42.94,62.17,0.0,54.64,52.92,85.91,53.08,63.6,29.55,65.19,24.19,75.96,49.0,73.66,55.9,19.31,32.02,25.24,29.55,47.51,27.31
38,42.15,54.49,43.08,66.57,25.5,97.1,63.66,26.93,21.38,32.89,24.17,34.37,31.4,61.2,65.76,45.54,84.4,28.32,46.52,37.7,29.43,21.1,89.69,27.2,52.24,49.34,62.82,52.95,63.25,72.67,14.87,32.65,37.64,75.74,34.01,13.04,64.41,54.64,0.0,11.7,36.4,7.81,85.38,74.46,12.65,74.46,82.37,31.26,24.33,72.53,40.16,44.01,32.57,33.24,23.26,34.53
39,34.41,50.22,44.28,65.0,36.62,95.27,74.33,35.81,10.0,25.0,26.02,45.89,35.51,65.28,61.85,57.07,91.42,26.25,46.87,26.0,20.12,11.66,97.95,37.22,58.24,51.16,65.12,59.81,61.33,70.68,18.87,43.83,40.0,72.11,35.13,11.0,73.5,52.92,11.7,0.0,46.39,18.87,92.36,76.42,23.0,74.95,91.53,20.0,35.0,79.85,42.05,49.48,35.01,37.66,32.65,38.33
40,78.43,88.51,71.42,96.94,31.38,126.62,56.72,43.01,56.32,69.26,55.22,15.03,57.28,81.49,99.05,19.72,93.21,62.27,75.69,70.11,65.73,57.27,93.01,9.22,68.88,75.82,86.84,66.85,94.26,103.32,30.27,32.57,65.05,108.41,63.89,49.04,67.19,85.91,36.4,46.39,0.0,34.0,94.2,98.18,23.77,101.04,82.15,66.27,12.53,81.58,67.88,63.81,60.88,58.05,39.82,60.14
41,45.12,54.64,39.96,64.66,17.8,95.0,55.87,19.65,27.86,36.35,21.93,29.02,26.93,55.9,65.44,40.01,77.47,28.3,43.83,44.72,34.01,26.31,82.28,25.24,46.0,45.62,58.52,46.27,61.62,70.94,20.0,25.0,34.0,75.07,31.4,16.03,56.8,53.08,7.81,18.87,34.0,0.0,78.45,70.23,12.21,71.12,74.71,37.36,21.47,65.51,36.72,38.21,29.15,28.46,15.81,30.08
42,89.27,75.6,56.08,62.17,66.01,72.01,44.1,58.86,96.18,88.23,67.98,79.25,57.7,33.3,75.18,80.01,1.0,73.25,57.28,111.51,92.11,90.79,14.0,91.2,34.44,50.21,41.34,32.57,64.01,65.19,98.15,62.2,56.3,75.96,62.13,82.08,27.86,63.6,85.38,92.36,94.2,78.45,0.0,40.52,87.37,50.0,22.83,100.85,87.09,13.04,55.8,43.38,60.03,55.46,62.8,55.47
43,59.46,40.82,32.14,23.35,66.85,34.48,68.15,55.23,76.03,62.17,50.8,85.43,43.32,17.8,36.8,91.22,40.26,51.0,30.02,87.48,67.74,70.03,54.13,91.79,31.24,25.32,11.7,35.23,26.25,25.06,89.29,67.36,36.88,35.78,41.3,65.49,51.24,29.55,74.46,76.42,98.18,70.23,40.52,0.0,82.08,9.49,59.0,76.94,87.32,38.05,34.53,34.41,41.98,41.79,58.67,40.16
44,54.78,66.22,52.15,76.84,22.14,107.2,59.36,29.07,33.0,45.54,34.06,23.77,38.91,67.19,77.23,34.79,86.37,39.82,56.04,48.05,41.98,33.54,89.74,14.56,56.44,57.71,70.38,56.04,73.76,83.1,12.21,28.18,46.14,87.0,43.6,25.5,63.6,65.19,12.65,23.0,23.77,12.21,87.37,82.08,0.0,83.24,80.99,43.0,12.0,74.33,48.88,49.24,41.34,40.31,25.08,42.05
45,54.13,34.18,31.38,15.26,70.09,27.29,75.58,58.14,73.33,58.08,50.33,89.11,44.42,24.35,28.43,95.78,49.73,48.84,28.16,83.29,64.01,67.36,63.56,94.05,37.12,25.55,15.26,41.63,18.79,15.81,89.32,71.51,37.12,26.42,40.5,64.29,59.23,24.19,74.46,74.95,101.04,71.12,50.0,9.49,83.24,0.0,68.07,73.06,89.63,47.01,34.44,38.29,42.05,43.27,61.22,41.34
46,96.83,87.32,64.5,77.67,58.87,92.54,26.31,55.76,97.45,93.61,70.71,67.27,60.88,46.32,89.56,65.19,22.36,77.99,67.08,114.11,96.18,92.85,12.53,81.22,40.31,60.42,56.09,36.06,78.59,81.88,92.85,53.16,62.43,92.4,67.8,82.62,18.03,75.96,82.37,91.53,82.15,74.71,22.83,59.0,80.99,68.07,0.0,104.0,77.67,21.1,62.97,48.01,64.66,58.8,59.17,59.67
47,21.54,41.98,46.49,60.21,54.23,88.53,90.14,50.22,10.0,15.0,33.42,65.62,43.6,70.01,53.16,76.79,99.98,27.73,47.3,10.77,9.22,11.66,108.6,57.14,66.57,53.45,66.94,69.4,56.22,64.78,37.36,61.33,44.72,63.25,38.91,22.83,86.27,49.0,31.26,20.0,66.27,37.36,100.85,76.94,43.0,73.06,104.0,0.0,55.0,89.31,45.69,57.69,40.82,45.8,48.02,45.49
48,66.1,76.01,59.46,84.85,21.59,114.77,53.85,32.2,45.0,57.01,42.8,13.45,45.45,71.18,86.61,23.71,86.09,49.74,63.66,59.84,53.76,45.4,87.57,4.47,59.14,64.2,75.8,57.72,82.07,91.22,21.47,25.02,53.15,96.05,51.66,36.69,61.29,73.66,24.33,35.0,12.53,21.47,87.09,87.32,12.0,89.63,77.67,55.0,0.0,74.17,55.97,53.23,48.8,46.4,28.65,48.41
49,79.25,67.6,46.1,56.75,53.0,72.01,34.66,45.89,84.12,77.34,56.08,66.71,45.79,25.63,68.95,68.15,12.04,62.01,48.01,99.86,80.8,78.89,19.85,78.31,22.8,41.05,35.17,20.12,57.87,60.83,85.16,49.37,45.34,71.39,51.09,69.78,17.03,55.9,72.53,79.85,81.58,65.51,13.04,38.05,74.33,47.01,21.1,89.31,74.17,0.0,45.25,31.62,48.6,43.57,49.82,43.83
50,34.06,27.02,3.61,29.21,38.28,58.8,57.56,26.42,42.76,32.45,16.28,57.43,10.63,24.35,34.21,65.76,55.0,18.03,8.06,56.46,36.67,36.88,65.07,60.31,22.8,9.22,23.09,26.93,26.93,35.61,55.03,41.63,2.83,42.05,7.07,31.06,47.01,19.31,40.16,42.05,67.88,36.72,55.8,34.53,48.88,34.44,62.97,45.69,55.97,45.25,0.0,15.23,7.62,10.3,28.6,8.06
51,48.83,41.59,17.46,38.9,32.45,65.22,43.05,21.02,52.8,45.97,24.6,51.09,14.32,18.03,47.1,57.49,42.49,30.48,21.1,68.26,49.2,47.41,51.09,57.7,8.94,16.28,23.35,12.04,37.85,44.94,58.14,33.24,14.42,53.37,19.85,38.9,31.78,32.02,44.01,49.48,63.81,38.21,43.38,34.41,49.24,38.29,48.01,57.69,53.23,31.62,15.23,0.0,17.03,12.08,24.7,12.21
52,32.65,30.59,10.82,36.07,32.2,66.07,56.04,20.88,36.69,29.0,9.0,51.11,5.0,30.41,39.4,60.01,59.17,13.45,14.87,51.48,32.2,31.02,68.12,53.08,25.81,16.76,30.41,29.0,33.42,42.45,47.43,36.4,5.1,48.02,4.0,24.02,47.71,25.24,32.57,35.01,60.88,29.15,60.03,41.98,41.34,42.05,64.66,40.82,48.8,48.6,7.62,17.03,0.0,6.32,22.36,5.0
53,38.91,36.22,13.89,39.41,28.02,68.59,49.73,16.12,40.72,34.83,12.53,47.2,2.24,28.02,44.27,55.47,54.56,19.21,18.36,56.3,37.54,35.36,62.8,50.8,21.02,17.8,30.08,23.6,37.22,45.8,47.85,31.38,7.62,52.33,10.2,26.93,41.62,29.55,33.24,37.66,58.05,28.46,55.46,41.79,40.31,43.27,58.8,45.8,46.4,43.57,10.3,12.08,6.32,0.0,18.44,2.24
54,49.25,52.5,32.2,57.8,9.85,86.98,42.2,4.0,39.82,42.2,20.02,28.84,18.03,42.72,61.74,37.7,61.81,29.0,36.62,57.01,42.15,36.36,66.48,33.12,31.4,36.07,47.17,31.0,55.47,64.2,35.36,15.0,25.81,70.33,26.0,25.24,41.18,47.51,23.26,32.65,39.82,15.81,62.8,58.67,25.08,61.22,59.17,48.02,28.65,49.82,28.6,24.7,22.36,18.44,0.0,20.62
55,37.59,34.13,11.66,37.2,30.23,66.48,51.42,18.36,40.85,33.97,12.65,49.41,3.16,27.02,42.06,57.71,54.59,18.38,16.12,56.08,37.01,35.34,63.25,52.8,21.1,15.81,28.46,24.08,34.99,43.6,49.24,33.62,5.39,50.09,8.54,27.46,42.72,27.31,34.53,38.33,60.14,30.08,55.47,40.16,42.05,41.34,59.67,45.49,48.41,43.83,8.06,12.21,5.0,2.24,20.62,0.0
