set K:= 1	2	3	4	5	6;
set C_H:= 1	2	3	4	5	6	7	8	9	10	11	12	13	14	15	16;
set C_S:= 17	18	19	20	21	22	23	24	25	26	27	28	29	30;
set C_F:= 31	32	33	34	35	36	37	38	39	40	41	42	43	44;
set L_B:= 45	46	47	48	49	50	51	52;
set A1:=
(0,*) 1 2 3 4 5 6 7 8 9 10 11 12 13 14 15 16 31 32 33 34 35 36 37 38 39 40 41 42 43 44 45 46 47 48 49 50 51 52
(1,*) 0 2 3 4 5 6 7 8 9 10 11 12 13 14 15 16 31 32 33 34 35 36 37 38 39 40 41 42 43 44 45 46 47 48 49 50 51 52
(2,*) 0 1 3 4 5 6 7 8 9 10 11 12 13 14 15 16 31 32 33 34 35 36 37 38 39 40 41 42 43 44 45 46 47 48 49 50 51 52
(3,*) 0 1 2 4 5 6 7 8 9 10 11 12 13 14 15 16 31 32 33 34 35 36 37 38 39 40 41 42 43 44 45 46 47 48 49 50 51 52
(4,*) 0 1 2 3 5 6 7 8 9 10 11 12 13 14 15 16 31 32 33 34 35 36 37 38 39 40 41 42 43 44 45 46 47 48 49 50 51 52
(5,*) 0 1 2 3 4 6 7 8 9 10 11 12 13 14 15 16 31 32 33 34 35 36 37 38 39 40 41 42 43 44 45 46 47 48 49 50 51 52
(6,*) 0 1 2 3 4 5 7 8 9 10 11 12 13 14 15 16 31 32 33 34 35 36 37 38 39 40 41 42 43 44 45 46 47 48 49 50 51 52
(7,*) 0 1 2 3 4 5 6 8 9 10 11 12 13 14 15 16 31 32 33 34 35 36 37 38 39 40 41 42 43 44 45 46 47 48 49 50 51 52
(8,*) 0 1 2 3 4 5 6 7 9 10 11 12 13 14 15 16 31 32 33 34 35 36 37 38 39 40 41 42 43 44 45 46 47 48 49 50 51 52
(9,*) 0 1 2 3 4 5 6 7 8 10 11 12 13 14 15 16 31 32 33 34 35 36 37 38 39 40 41 42 43 44 45 46 47 48 49 50 51 52
(10,*) 0 1 2 3 4 5 6 7 8 9 11 12 13 14 15 16 31 32 33 34 35 36 37 38 39 40 41 42 43 44 45 46 47 48 49 50 51 52
(11,*) 0 1 2 3 4 5 6 7 8 9 10 12 13 14 15 16 31 32 33 34 35 36 37 38 39 40 41 42 43 44 45 46 47 48 49 50 51 52
(12,*) 0 1 2 3 4 5 6 7 8 9 10 11 13 14 15 16 31 32 33 34 35 36 37 38 39 40 41 42 43 44 45 46 47 48 49 50 51 52
(13,*) 0 1 2 3 4 5 6 7 8 9 10 11 12 14 15 16 31 32 33 34 35 36 37 38 39 40 41 42 43 44 45 46 47 48 49 50 51 52
(14,*) 0 1 2 3 4 5 6 7 8 9 10 11 12 13 15 16 31 32 33 34 35 36 37 38 39 40 41 42 43 44 45 46 47 48 49 50 51 52
(15,*) 0 1 2 3 4 5 6 7 8 9 10 11 12 13 14 16 31 32 33 34 35 36 37 38 39 40 41 42 43 44 45 46 47 48 49 50 51 52
(16,*) 0 1 2 3 4 5 6 7 8 9 10 11 12 13 14 15 31 32 33 34 35 36 37 38 39 40 41 42 43 44 45 46 47 48 49 50 51 52
(31,*) 0 1 2 3 4 5 6 7 8 9 10 11 12 13 14 15 16 32 33 34 35 36 37 38 39 40 41 42 43 44 45 46 47 48 49 50 51 52
(32,*) 0 1 2 3 4 5 6 7 8 9 10 11 12 13 14 15 16 31 33 34 35 36 37 38 39 40 41 42 43 44 45 46 47 48 49 50 51 52
(33,*) 0 1 2 3 4 5 6 7 8 9 10 11 12 13 14 15 16 31 32 34 35 36 37 38 39 40 41 42 43 44 45 46 47 48 49 50 51 52
(34,*) 0 1 2 3 4 5 6 7 8 9 10 11 12 13 14 15 16 31 32 33 35 36 37 38 39 40 41 42 43 44 45 46 47 48 49 50 51 52
(35,*) 0 1 2 3 4 5 6 7 8 9 10 11 12 13 14 15 16 31 32 33 34 36 37 38 39 40 41 42 43 44 45 46 47 48 49 50 51 52
(36,*) 0 1 2 3 4 5 6 7 8 9 10 11 12 13 14 15 16 31 32 33 34 35 37 38 39 40 41 42 43 44 45 46 47 48 49 50 51 52
(37,*) 0 1 2 3 4 5 6 7 8 9 10 11 12 13 14 15 16 31 32 33 34 35 36 38 39 40 41 42 43 44 45 46 47 48 49 50 51 52
(38,*) 0 1 2 3 4 5 6 7 8 9 10 11 12 13 14 15 16 31 32 33 34 35 36 37 39 40 41 42 43 44 45 46 47 48 49 50 51 52
(39,*) 0 1 2 3 4 5 6 7 8 9 10 11 12 13 14 15 16 31 32 33 34 35 36 37 38 40 41 42 43 44 45 46 47 48 49 50 51 52
(40,*) 0 1 2 3 4 5 6 7 8 9 10 11 12 13 14 15 16 31 32 33 34 35 36 37 38 39 41 42 43 44 45 46 47 48 49 50 51 52
(41,*) 0 1 2 3 4 5 6 7 8 9 10 11 12 13 14 15 16 31 32 33 34 35 36 37 38 39 40 42 43 44 45 46 47 48 49 50 51 52
(42,*) 0 1 2 3 4 5 6 7 8 9 10 11 12 13 14 15 16 31 32 33 34 35 36 37 38 39 40 41 43 44 45 46 47 48 49 50 51 52
(43,*) 0 1 2 3 4 5 6 7 8 9 10 11 12 13 14 15 16 31 32 33 34 35 36 37 38 39 40 41 42 44 45 46 47 48 49 50 51 52
(44,*) 0 1 2 3 4 5 6 7 8 9 10 11 12 13 14 15 16 31 32 33 34 35 36 37 38 39 40 41 42 43 45 46 47 48 49 50 51 52
(45,*) 0 1 2 3 4 5 6 7 8 9 10 11 12 13 14 15 16 31 32 33 34 35 36 37 38 39 40 41 42 43 44 46 47 48 49 50 51 52
(46,*) 0 1 2 3 4 5 6 7 8 9 10 11 12 13 14 15 16 31 32 33 34 35 36 37 38 39 40 41 42 43 44 45 47 48 49 50 51 52
(47,*) 0 1 2 3 4 5 6 7 8 9 10 11 12 13 14 15 16 31 32 33 34 35 36 37 38 39 40 41 42 43 44 45 46 48 49 50 51 52
(48,*) 0 1 2 3 4 5 6 7 8 9 10 11 12 13 14 15 16 31 32 33 34 35 36 37 38 39 40 41 42 43 44 45 46 47 49 50 51 52
(49,*) 0 1 2 3 4 5 6 7 8 9 10 11 12 13 14 15 16 31 32 33 34 35 36 37 38 39 40 41 42 43 44 45 46 47 48 50 51 52
(50,*) 0 1 2 3 4 5 6 7 8 9 10 11 12 13 14 15 16 31 32 33 34 35 36 37 38 39 40 41 42 43 44 45 46 47 48 49 51 52
(51,*) 0 1 2 3 4 5 6 7 8 9 10 11 12 13 14 15 16 31 32 33 34 35 36 37 38 39 40 41 42 43 44 45 46 47 48 49 50 52
(52,*) 0 1 2 3 4 5 6 7 8 9 10 11 12 13 14 15 16 31 32 33 34 35 36 37 38 39 40 41 42 43 44 45 46 47 48 49 50 51
;
param BigM:=99999;
param n:= 6;
param d:=
1	20
2	6
3	2
4	15
5	21
6	2
7	20
8	6
9	6
10	21
11	16
12	17
13	22
14	23
15	18
16	12
17	19
18	12
19	17
20	8
21	5
22	22
23	10
24	21
25	10
26	13
27	24
28	11
29	11
30	22
31	2
32	14
33	8
34	7
35	14
36	17
37	23
38	24
39	8
40	11
41	17
42	8
43	5
44	3
;
param Q:=100;
param e:
	45	46	47	48	49	50	51	52:=
17	0	0	1	0	0	0	0	0	
18	0	0	0	0	0	1	0	0	
19	0	0	1	0	0	0	0	0	
20	0	0	0	0	0	1	0	0	
21	0	0	1	0	0	0	0	0	
22	0	0	0	0	0	1	0	0	
23	0	0	0	0	0	1	0	0	
24	0	0	1	0	0	0	0	0	
25	0	0	1	0	0	0	0	0	
26	0	0	1	0	0	0	0	0	
27	0	0	0	0	0	0	1	0	
28	0	0	0	1	0	0	0	0	
29	0	0	1	0	0	0	0	0	
30	0	0	1	0	0	0	0	0	
31	0	0	1	0	0	0	0	0	
32	0	0	1	0	0	0	0	0	
33	0	0	0	0	0	1	0	1	
34	0	0	0	0	0	0	0	1	
35	0	0	0	0	1	0	0	0	
36	0	0	0	0	0	1	0	0	
37	0	0	0	1	0	1	0	1	
38	0	0	0	0	0	1	0	1	
39	0	0	1	0	1	1	1	1	
40	0	0	1	0	0	0	0	0	
41	0	0	0	0	0	1	0	0	
42	0	0	1	0	0	0	0	0	
43	0	0	1	0	0	0	0	0	
44	0	0	0	0	0	1	0	1	
;
param p:=
1	3
2	3
3	3
4	3
5	3
6	3
;
param G:=
45	86
46	90
47	78
48	80
49	84
50	84
51	94
52	92
;
param s:=
0	0
1	10
2	10
3	10
4	10
5	10
6	10
7	10
8	10
9	10
10	10
11	10
12	10
13	10
14	10
15	10
16	10
31	10
32	10
33	10
34	10
35	10
36	10
37	10
38	10
39	10
40	10
41	10
42	10
43	10
44	10
45	10
46	10
47	10
48	10
49	10
50	10
51	10
52	10
;
param t:
	0	1	2	3	4	5	6	7	8	9	10	11	12	13	14	15	16	17	18	19	20	21	22	23	24	25	26	27	28	29	30	31	32	33	34	35	36	37	38	39	40	41	42	43	44	45	46	47	48	49	50	51	52:=
0	0.0	66.91	78.89	18.68	56.22	50.01	65.0	45.61	9.06	24.33	25.0	40.36	66.71	47.8	65.79	42.05	28.65	20.88	66.6	30.23	28.6	60.41	43.83	88.09	41.73	36.4	43.08	30.15	69.86	54.12	25.3	31.14	82.07	69.66	49.74	19.7	35.69	67.45	54.2	34.83	93.35	21.02	67.36	86.45	59.21	86.98	17.49	26.93	91.22	15.13	49.19	23.02	48.83
1	66.91	0.0	62.65	48.37	75.8	75.8	103.35	22.02	57.87	71.2	51.79	103.25	26.02	98.76	101.71	71.11	91.05	86.15	36.67	91.2	50.45	97.53	48.02	57.87	97.67	49.58	86.98	71.57	107.91	98.23	91.98	56.4	45.4	35.11	42.72	86.12	35.85	7.07	45.97	46.82	54.01	72.45	32.06	46.01	9.22	50.16	79.38	74.53	24.7	68.12	24.6	66.1	31.06
2	78.89	62.65	0.0	66.73	37.0	42.95	65.49	56.14	73.82	62.23	54.12	118.0	86.68	75.24	62.29	46.04	84.5	86.28	26.0	82.62	50.54	61.0	35.34	16.0	80.13	90.67	62.61	57.38	68.12	68.01	99.36	92.96	23.32	27.78	93.05	95.6	75.17	55.9	25.96	44.78	27.17	97.17	92.18	27.31	65.8	23.09	96.38	63.03	68.59	67.62	46.17	59.55	40.0
3	18.68	48.37	66.73	0.0	52.63	48.1	69.81	26.93	9.85	29.07	15.3	57.69	51.08	57.43	69.63	40.31	43.93	38.01	50.45	44.64	18.03	64.4	31.78	73.57	53.67	29.15	48.8	32.65	74.81	60.81	43.97	28.16	66.07	53.08	39.05	38.28	20.81	48.76	40.85	22.36	77.47	31.06	52.84	70.09	41.0	71.22	33.6	32.65	72.57	22.36	31.06	24.76	31.83
4	56.22	75.8	37.0	52.63	0.0	7.21	30.27	58.8	55.15	33.24	37.36	90.08	92.96	38.47	27.66	14.32	51.61	55.9	46.57	49.2	35.11	25.02	28.28	52.39	44.2	81.61	26.4	27.2	33.96	31.05	70.26	80.6	55.0	50.45	89.47	68.01	69.78	71.02	30.87	33.62	62.65	77.1	97.01	60.01	74.28	57.22	72.37	32.31	91.39	41.59	51.74	33.24	44.82
5	50.01	75.8	42.95	48.1	7.21	0.0	27.86	57.38	49.65	26.48	33.11	83.01	91.22	32.31	25.94	8.06	44.41	48.75	49.37	42.01	31.38	22.14	27.78	57.87	37.44	77.25	19.72	20.4	32.2	26.08	63.16	75.69	59.3	53.34	85.96	61.03	66.37	71.55	32.76	31.14	67.68	71.0	94.92	64.38	73.41	61.98	65.76	25.3	92.97	35.13	51.31	27.0	44.78
6	65.0	103.35	65.49	69.81	30.27	27.86	0.0	84.05	68.1	41.68	56.57	87.14	117.15	22.36	3.61	32.45	46.0	54.23	76.69	43.0	55.97	5.83	55.46	81.39	31.4	98.18	21.93	37.2	5.0	12.0	68.01	94.89	85.09	80.6	108.85	68.36	89.94	99.32	60.44	57.43	92.14	85.07	120.34	90.05	100.4	87.01	76.69	38.47	120.81	50.54	78.77	45.22	72.45
7	45.61	22.02	56.14	26.93	58.8	57.38	84.05	0.0	36.69	49.48	30.08	83.65	34.21	77.49	82.8	51.61	69.03	64.28	32.56	69.18	29.15	78.24	30.61	57.27	75.93	37.16	66.21	50.33	88.81	77.83	70.88	41.88	46.82	33.53	37.01	65.15	21.02	21.84	32.89	26.63	57.78	54.2	38.59	49.66	16.55	52.2	59.48	52.89	45.71	46.1	10.0	44.38	16.49
8	9.06	57.87	73.82	9.85	55.15	49.65	68.1	36.69	0.0	26.42	19.92	48.01	58.24	53.04	68.43	41.59	36.4	29.43	59.41	37.58	23.41	63.06	38.48	81.84	48.01	30.48	46.32	31.38	73.06	58.01	34.21	26.83	75.01	62.24	42.8	28.46	27.2	58.52	48.37	29.07	86.37	23.41	59.24	79.2	50.16	80.06	24.08	29.68	82.23	17.8	40.82	23.41	41.11
9	24.33	71.2	62.23	29.07	33.24	26.48	41.68	49.48	26.42	0.0	19.42	57.25	79.26	28.65	42.05	18.97	23.26	24.08	57.58	22.14	21.02	36.67	31.38	74.4	26.48	56.61	20.0	6.08	46.65	31.89	37.74	53.24	71.55	61.35	67.9	34.93	49.82	69.26	41.59	26.17	81.99	45.28	81.54	76.49	65.8	75.66	39.32	3.61	93.09	9.22	48.04	5.1	44.18
10	25.0	51.79	54.12	15.3	37.36	33.11	56.57	30.08	19.92	19.42	0.0	65.07	61.03	47.54	55.97	25.55	40.45	37.7	42.44	40.11	3.61	50.93	18.87	63.13	45.89	44.27	36.89	20.59	61.52	48.83	48.01	43.42	57.63	45.79	53.0	43.28	33.6	50.04	29.21	9.9	68.77	43.32	63.89	62.2	46.49	62.37	42.44	22.8	74.0	17.72	29.07	14.32	26.25
11	40.36	103.25	118.0	57.69	90.08	83.01	87.14	83.65	48.01	57.25	65.07	0.0	95.75	65.01	89.36	76.06	41.3	34.48	106.96	44.28	68.62	84.59	83.63	128.14	56.0	59.21	68.45	63.07	91.02	75.17	19.92	51.16	122.43	109.99	73.03	22.47	68.01	105.12	94.18	74.97	133.69	31.58	94.19	126.81	94.58	127.31	24.19	57.78	127.95	50.48	88.75	58.83	89.02
12	66.71	26.02	86.68	51.08	92.96	91.22	117.15	34.21	58.24	79.26	61.03	95.75	0.0	107.91	116.18	84.96	94.56	87.56	60.88	95.52	61.22	111.4	64.82	83.49	104.69	36.67	97.91	81.54	122.02	109.86	89.27	44.72	71.18	60.02	24.17	83.29	31.05	33.0	66.24	60.11	80.02	64.28	6.08	72.0	20.88	76.06	74.0	82.86	42.44	73.41	42.54	74.43	49.74
13	47.8	98.76	75.24	57.43	38.47	32.31	22.36	77.49	53.04	28.65	47.54	65.01	107.91	0.0	25.0	31.26	24.33	33.24	79.23	21.38	48.38	21.02	54.04	90.14	9.06	83.45	13.15	27.2	26.02	10.77	46.27	78.87	90.8	83.22	95.67	47.3	78.24	96.1	62.2	52.17	99.72	66.19	110.14	95.9	93.98	93.86	56.65	25.06	119.36	35.47	74.73	33.54	69.72
14	65.79	101.71	62.29	69.63	27.66	25.94	3.61	82.8	68.43	42.05	55.97	89.36	116.18	25.0	0.0	31.24	48.09	56.04	74.22	45.1	55.15	5.39	53.71	78.23	33.96	98.27	22.8	37.22	6.32	14.32	70.03	95.26	82.22	78.1	108.6	70.11	89.5	97.49	58.19	56.22	89.05	86.13	119.52	87.14	99.05	84.01	78.09	39.0	118.68	51.08	77.18	45.28	70.71
15	42.05	71.11	46.04	40.31	14.32	8.06	32.45	51.61	41.59	18.97	25.55	76.06	84.96	31.26	31.24	0.0	38.9	42.19	48.04	36.8	24.21	26.63	23.77	59.93	34.54	69.46	18.11	13.0	37.2	27.66	56.36	67.72	59.67	52.04	78.55	53.85	59.08	67.42	31.02	25.0	68.95	63.01	88.39	64.76	67.96	62.94	58.05	18.36	89.74	27.29	46.52	19.03	40.5
16	28.65	91.05	84.5	43.93	51.61	44.41	46.0	69.03	36.4	23.26	40.45	41.3	94.56	24.33	48.09	38.9	0.0	9.43	80.78	3.0	42.95	43.29	54.63	97.35	15.81	64.9	27.51	27.2	50.09	34.0	22.02	59.03	94.81	84.5	78.39	23.09	63.57	90.09	64.85	48.76	105.19	43.6	95.63	99.74	84.48	98.88	33.12	21.63	114.16	23.02	69.46	27.51	66.49
17	20.88	86.15	86.28	38.01	55.9	48.75	54.23	64.28	29.43	24.08	37.7	34.48	87.56	33.24	56.04	42.19	9.43	0.0	79.65	12.08	40.72	51.0	54.08	98.08	25.08	56.44	34.23	29.41	58.55	42.3	14.56	50.22	94.34	83.19	70.21	14.14	56.52	85.84	64.64	46.96	105.12	34.21	88.23	99.13	79.01	98.74	23.71	23.85	109.9	20.12	65.97	27.02	63.91
18	66.6	36.67	26.0	50.45	46.57	49.37	76.69	32.56	59.41	57.58	42.44	106.96	60.88	79.23	74.22	48.04	80.78	79.65	0.0	79.71	39.12	71.2	26.25	24.74	81.39	69.26	66.12	54.82	80.52	75.11	90.44	73.01	15.62	4.0	69.35	85.6	53.16	30.02	17.03	32.76	27.02	81.4	66.49	19.85	40.02	20.81	83.44	59.77	45.79	59.54	22.8	53.31	18.87
19	30.23	91.2	82.62	44.64	49.2	42.01	43.0	69.18	37.58	22.14	40.11	44.28	95.52	21.38	45.1	36.8	3.0	12.08	79.71	0.0	42.43	40.31	53.49	95.72	13.0	66.61	24.7	25.55	47.1	31.0	25.02	60.96	93.52	83.49	79.92	25.96	64.62	90.01	63.56	48.05	103.77	46.04	96.77	98.49	84.85	97.49	35.78	20.12	114.04	23.09	69.18	26.68	65.92
20	28.6	50.45	50.54	18.03	35.11	31.38	55.97	29.15	23.41	21.02	3.61	68.62	61.22	48.38	55.15	24.21	42.95	40.72	39.12	42.43	0.0	50.25	15.26	59.55	47.38	46.57	37.12	21.19	60.88	48.88	51.4	46.17	54.2	42.54	54.59	46.75	34.99	48.26	25.61	6.4	65.3	46.82	64.38	58.82	45.69	58.9	46.04	24.19	72.06	20.62	27.02	16.0	23.54
21	60.41	97.53	61.0	64.4	25.02	22.14	5.83	78.24	63.06	36.67	50.93	84.59	111.4	21.02	5.39	26.63	43.29	51.0	71.2	40.31	50.25	0.0	49.66	76.79	29.73	92.96	17.46	31.91	10.63	10.3	65.12	89.89	80.01	75.13	103.41	65.03	84.39	93.52	54.82	51.61	87.37	80.78	114.63	85.0	94.58	82.1	72.84	33.62	115.11	45.69	72.95	39.96	66.64
22	43.83	48.02	35.34	31.78	28.28	27.78	55.46	30.61	38.48	31.38	18.87	83.63	64.82	54.04	53.71	23.77	54.63	54.08	26.25	53.49	15.26	49.66	0.0	44.55	55.44	58.14	41.19	28.64	59.94	51.42	65.86	59.14	40.31	30.08	63.6	61.52	44.15	43.86	10.63	9.49	51.04	61.85	69.07	45.18	46.01	44.65	61.29	33.53	65.97	34.21	23.6	27.29	17.0
23	88.09	57.87	16.0	73.57	52.39	57.87	81.39	57.27	81.84	74.4	63.13	128.14	83.49	90.14	78.23	59.93	97.35	98.08	24.74	95.72	59.55	76.79	44.55	0.0	94.43	93.96	77.25	70.18	84.1	83.43	110.34	97.5	12.65	24.08	93.9	106.08	77.88	50.8	33.97	53.26	11.4	104.62	89.36	14.21	63.07	9.22	105.42	75.72	58.25	78.57	47.54	71.06	43.08
24	41.73	97.67	80.13	53.67	44.2	37.44	31.4	75.93	48.01	26.48	45.89	56.0	104.69	9.06	33.96	34.54	15.81	25.08	81.39	13.0	47.38	29.73	55.44	94.43	0.0	77.99	17.8	27.02	35.06	19.65	37.48	72.84	93.96	85.33	90.8	38.9	74.3	95.63	64.54	52.04	103.46	58.83	106.47	99.04	92.18	97.41	48.75	23.19	119.34	31.3	74.33	31.58	70.01
25	36.4	49.58	90.67	29.15	81.61	77.25	98.18	37.16	30.48	56.61	44.27	59.21	36.67	83.45	98.27	69.46	64.9	56.44	69.26	66.61	46.57	92.96	58.14	93.96	77.99	0.0	76.61	61.06	103.17	88.41	54.82	8.06	83.93	70.58	14.32	49.04	16.16	53.81	65.12	49.5	94.94	28.02	35.01	86.82	40.36	89.32	38.64	60.0	73.24	48.27	46.49	53.0	51.2
26	43.08	86.98	62.61	48.8	26.4	19.72	21.93	66.21	46.32	20.0	36.89	68.45	97.91	13.15	22.8	18.11	27.51	34.23	66.12	24.7	37.12	17.46	41.19	77.25	17.8	76.61	0.0	16.4	26.83	12.04	48.66	73.06	77.67	70.11	87.78	48.04	69.35	83.93	49.09	40.16	86.68	63.32	100.6	82.76	82.76	80.78	55.44	16.64	106.89	28.65	62.64	24.04	57.27
27	30.15	71.57	57.38	32.65	27.2	20.4	37.2	50.33	31.38	6.08	20.59	63.07	81.54	27.2	37.22	13.0	27.2	29.41	54.82	25.55	21.19	31.91	28.64	70.18	27.02	61.06	16.4	0.0	42.2	28.43	43.42	58.18	68.15	58.69	71.7	40.85	53.04	69.05	38.28	25.18	78.26	51.16	84.2	73.16	66.85	72.01	45.4	5.66	92.54	15.03	47.68	8.06	43.05
28	69.86	107.91	68.12	74.81	33.96	32.2	5.0	88.81	73.06	46.65	61.52	91.02	122.02	26.02	6.32	37.2	50.09	58.55	80.52	47.1	60.88	10.63	59.94	84.1	35.06	103.17	26.83	42.2	0.0	16.28	72.11	99.85	88.36	84.4	113.85	72.69	94.92	103.75	64.51	62.2	95.01	89.81	125.26	93.26	105.12	90.05	81.25	43.42	125.0	55.47	83.35	50.22	76.94
29	54.12	98.23	68.01	60.81	31.05	26.08	12.0	77.83	58.01	31.89	48.83	75.17	109.86	10.77	14.32	27.66	34.0	42.3	75.11	31.0	48.88	10.3	51.42	83.43	19.65	88.41	12.04	28.43	16.28	0.0	56.01	84.6	85.38	79.1	99.76	56.44	81.39	94.87	58.22	51.48	93.56	73.74	112.61	90.45	94.37	87.97	65.0	28.43	117.39	40.22	73.74	36.07	68.01
30	25.3	91.98	99.36	43.97	70.26	63.16	68.01	70.88	34.21	37.74	48.01	19.92	89.27	46.27	70.03	56.36	22.02	14.56	90.44	25.02	51.4	65.12	65.86	110.34	37.48	54.82	48.66	43.42	72.11	56.01	0.0	47.43	105.6	93.74	69.12	6.0	59.01	92.72	76.49	57.8	116.66	28.18	88.96	110.21	84.01	110.26	16.55	38.01	116.42	31.83	74.32	39.82	73.43
31	31.14	56.4	92.96	28.16	80.6	75.69	94.89	41.88	26.83	53.24	43.42	51.16	44.72	78.87	95.26	67.72	59.03	50.22	73.01	60.96	46.17	89.89	59.14	97.5	72.84	8.06	73.06	58.18	99.85	84.6	47.43	0.0	88.1	74.69	22.09	41.79	21.26	60.14	67.08	50.01	99.3	20.1	43.05	91.3	47.2	93.47	31.05	56.44	80.45	44.42	50.54	50.16	54.42
32	82.07	45.4	23.32	66.07	55.0	59.3	85.09	46.82	75.01	71.55	57.63	122.43	71.18	90.8	82.22	59.67	94.81	94.34	15.62	93.52	54.2	80.01	40.31	12.65	93.96	83.93	77.67	68.15	88.36	85.38	105.6	88.1	0.0	13.42	82.76	100.9	67.78	38.33	29.97	47.8	11.4	97.01	77.1	5.1	51.01	5.39	99.01	73.41	46.23	74.33	37.58	67.6	34.41
33	69.66	35.11	27.78	53.08	50.45	53.34	80.6	33.53	62.24	61.35	45.79	109.99	60.02	83.22	78.1	52.04	84.5	83.19	4.0	83.49	42.54	75.13	30.08	24.08	85.33	70.58	70.11	58.69	84.4	79.1	93.74	74.69	13.42	0.0	69.87	88.81	54.42	28.23	21.02	36.24	24.7	83.87	65.76	17.03	39.32	18.79	86.31	63.6	42.44	63.06	24.17	57.01	21.26
34	49.74	42.72	93.05	39.05	89.47	85.96	108.85	37.01	42.8	67.9	53.0	73.03	24.17	95.67	108.6	78.55	78.39	70.21	69.35	79.92	54.59	103.41	63.6	93.9	90.8	14.32	87.78	71.7	113.85	99.76	69.12	22.09	82.76	69.87	0.0	63.32	19.7	48.3	68.73	56.08	93.15	42.19	21.38	84.9	34.0	88.07	52.95	71.42	64.35	60.21	47.01	63.78	53.08
35	19.7	86.12	95.6	38.28	68.01	61.03	68.36	65.15	28.46	34.93	43.28	22.47	83.29	47.3	70.11	53.85	23.09	14.14	85.6	25.96	46.75	65.03	61.52	106.08	38.9	49.04	48.04	40.85	72.69	56.44	6.0	41.79	100.9	88.81	63.32	0.0	53.01	86.98	72.12	53.15	112.04	23.02	83.02	105.42	78.09	105.65	11.4	35.74	110.6	28.02	68.88	36.36	68.26
36	35.69	35.85	75.17	20.81	69.78	66.37	89.94	21.02	27.2	49.82	33.6	68.01	31.05	78.24	89.5	59.08	63.57	56.52	53.16	64.62	34.99	84.39	44.15	77.88	74.3	16.16	69.35	53.04	94.92	81.39	59.01	21.26	67.78	54.42	19.7	53.01	0.0	39.05	50.04	36.4	78.79	36.77	32.2	70.68	26.83	73.16	44.72	53.41	60.37	43.05	30.36	45.34	35.36
37	67.45	7.07	55.9	48.76	71.02	71.55	99.32	21.84	58.52	69.26	50.04	105.12	33.0	96.1	97.49	67.42	90.09	85.84	30.02	90.01	48.26	93.52	43.86	50.8	95.63	53.81	83.93	69.05	103.75	94.87	92.72	60.14	38.33	28.23	48.3	86.98	39.05	0.0	40.61	43.93	47.04	74.95	39.01	39.0	14.32	43.1	81.02	72.44	24.08	67.07	21.38	64.2	26.93
38	54.2	45.97	25.96	40.85	30.87	32.76	60.44	32.89	48.37	41.59	29.21	94.18	66.24	62.2	58.19	31.02	64.85	64.64	17.03	63.56	25.61	54.82	10.63	33.97	64.54	65.12	49.09	38.28	64.51	58.22	76.49	67.08	29.97	21.02	68.73	72.12	50.04	40.61	0.0	19.42	40.5	71.55	71.11	34.93	46.04	34.13	71.61	43.46	60.54	44.82	23.71	37.74	16.55
39	34.83	46.82	44.78	22.36	33.62	31.14	57.43	26.63	29.07	26.17	9.9	74.97	60.11	52.17	56.22	25.0	48.76	46.96	32.76	48.05	6.4	51.61	9.49	53.26	52.04	49.5	40.16	25.18	62.2	51.48	57.8	50.01	47.8	36.24	56.08	53.15	36.4	43.93	19.42	0.0	58.9	52.39	63.78	52.43	43.05	52.5	52.2	29.02	67.36	26.83	22.56	21.38	18.03
40	93.35	54.01	27.17	77.47	62.65	67.68	92.14	57.78	86.37	81.99	68.77	133.69	80.02	99.72	89.05	68.95	105.19	105.12	27.02	103.77	65.3	87.37	51.04	11.4	103.46	94.94	86.68	78.26	95.01	93.56	116.66	99.3	11.4	24.7	93.15	112.04	78.79	47.04	40.5	58.9	0.0	108.41	86.05	8.25	60.53	6.4	110.34	83.65	50.09	85.21	48.76	78.23	45.8
41	21.02	72.45	97.17	31.06	77.1	71.0	85.07	54.2	23.41	45.28	43.32	31.58	64.28	66.19	86.13	63.01	43.6	34.21	81.4	46.04	46.82	80.78	61.85	104.62	58.83	28.02	63.32	51.16	89.81	73.74	28.18	20.1	97.01	83.87	42.19	23.02	36.77	74.95	71.55	52.39	108.41	0.0	63.0	100.9	63.56	102.2	11.66	47.68	97.08	36.12	60.81	44.0	62.63
42	67.36	32.06	92.18	52.84	97.01	94.92	120.34	38.59	59.24	81.54	63.89	94.19	6.08	110.14	119.52	88.39	95.63	88.23	66.49	96.77	64.38	114.63	69.07	89.36	106.47	35.01	100.6	84.2	125.26	112.61	88.96	43.05	77.1	65.76	21.38	83.02	32.2	39.01	71.11	63.78	86.05	63.0	0.0	78.01	26.48	82.02	73.25	85.15	48.02	75.18	47.42	76.84	54.56
43	86.45	46.01	27.31	70.09	60.01	64.38	90.05	49.66	79.2	76.49	62.2	126.81	72.0	95.9	87.14	64.76	99.74	99.13	19.85	98.49	58.82	85.0	45.18	14.21	99.04	86.82	82.76	73.16	93.26	90.45	110.21	91.3	5.1	17.03	84.9	105.42	70.68	39.0	34.93	52.43	8.25	100.9	78.01	0.0	52.35	5.0	103.25	78.39	44.1	79.08	40.82	72.47	38.29
44	59.21	9.22	65.8	41.0	74.28	73.41	100.4	16.55	50.16	65.8	46.49	94.58	20.88	93.98	99.05	67.96	84.48	79.01	40.02	84.85	45.69	94.58	46.01	63.07	92.18	40.36	82.76	66.85	105.12	94.37	84.01	47.2	51.01	39.32	34.0	78.09	26.83	14.32	46.04	43.05	60.53	63.56	26.48	52.35	0.0	56.08	70.88	69.26	33.54	61.81	22.67	60.73	29.83
45	86.98	50.16	23.09	71.22	57.22	61.98	87.01	52.2	80.06	75.66	62.37	127.31	76.06	93.86	84.01	62.94	98.88	98.74	20.81	97.49	58.9	82.1	44.65	9.22	97.41	89.32	80.78	72.01	90.05	87.97	110.26	93.47	5.39	18.79	88.07	105.65	73.16	43.1	34.13	52.5	6.4	102.2	82.02	5.0	56.08	0.0	104.0	77.37	49.09	78.82	42.95	71.87	39.66
46	17.49	79.38	96.38	33.6	72.37	65.76	76.69	59.48	24.08	39.32	42.44	24.19	74.0	56.65	78.09	58.05	33.12	23.71	83.44	35.78	46.04	72.84	61.29	105.42	48.75	38.64	55.44	45.4	81.25	65.0	16.55	31.05	99.01	86.31	52.95	11.4	44.72	81.02	71.61	52.2	110.34	11.66	73.25	103.25	70.88	104.0	0.0	41.05	104.06	30.81	64.64	39.29	65.19
47	26.93	74.53	63.03	32.65	32.31	25.3	38.47	52.89	29.68	3.61	22.8	57.78	82.86	25.06	39.0	18.36	21.63	23.85	59.77	20.12	24.19	33.62	33.53	75.72	23.19	60.0	16.64	5.66	43.42	28.43	38.01	56.44	73.41	63.6	71.42	35.74	53.41	72.44	43.46	29.02	83.65	47.68	85.15	78.39	69.26	77.37	41.05	0.0	96.19	12.08	51.16	8.54	47.04
48	91.22	24.7	68.59	72.57	91.39	92.97	120.81	45.71	82.23	93.09	74.0	127.95	42.44	119.36	118.68	89.74	114.16	109.9	45.79	114.04	72.06	115.11	65.97	58.25	119.34	73.24	106.89	92.54	125.0	117.39	116.42	80.45	46.23	42.44	64.35	110.6	60.37	24.08	60.54	67.36	50.09	97.08	48.02	44.1	33.54	49.09	104.06	96.19	0.0	91.14	45.04	88.05	49.65
49	15.13	68.12	67.62	22.36	41.59	35.13	50.54	46.1	17.8	9.22	17.72	50.48	73.41	35.47	51.08	27.29	23.02	20.12	59.54	23.09	20.62	45.69	34.21	78.57	31.3	48.27	28.65	15.03	55.47	40.22	31.83	44.42	74.33	63.06	60.21	28.02	43.05	67.07	44.82	26.83	85.21	36.12	75.18	79.08	61.81	78.82	30.81	12.08	91.14	0.0	46.53	8.54	43.97
50	49.19	24.6	46.17	31.06	51.74	51.31	78.77	10.0	40.82	48.04	29.07	88.75	42.54	74.73	77.18	46.52	69.46	65.97	22.8	69.18	27.02	72.95	23.6	47.54	74.33	46.49	62.64	47.68	83.35	73.74	74.32	50.54	37.58	24.17	47.01	68.88	30.36	21.38	23.71	22.56	48.76	60.81	47.42	40.82	22.67	42.95	64.64	51.16	45.04	46.53	0.0	43.01	7.21
51	23.02	66.1	59.55	24.76	33.24	27.0	45.22	44.38	23.41	5.1	14.32	58.83	74.43	33.54	45.28	19.03	27.51	27.02	53.31	26.68	16.0	39.96	27.29	71.06	31.58	53.0	24.04	8.06	50.22	36.07	39.82	50.16	67.6	57.01	63.78	36.36	45.34	64.2	37.74	21.38	78.23	44.0	76.84	72.47	60.73	71.87	39.29	8.54	88.05	8.54	43.01	0.0	39.32
52	48.83	31.06	40.0	31.83	44.82	44.78	72.45	16.49	41.11	44.18	26.25	89.02	49.74	69.72	70.71	40.5	66.49	63.91	18.87	65.92	23.54	66.64	17.0	43.08	70.01	51.2	57.27	43.05	76.94	68.01	73.43	54.42	34.41	21.26	53.08	68.26	35.36	26.93	16.55	18.03	45.8	62.63	54.56	38.29	29.83	39.66	65.19	47.04	49.65	43.97	7.21	39.32	0.0
;
