vehicles
vehicle_idx, capacity, cost_per_unit_distance
1,100,3
2,100,3
3,100,3
4,100,3
5,100,3
6,100,3
7,100,3
depot
node_idx,x,y
0,61,99
home delivery customers
node_idx,x,y,service_time,demand
1,15,47,10,16
2,39,75,10,23
3,55,23,10,12
4,65,61,10,13
5,73,35,10,20
6,17,35,10,14
7,75,77,10,7
8,49,37,10,8
9,89,43,10,24
10,47,77,10,16
11,33,9,10,22
12,63,9,10,20
13,67,75,10,14
14,41,27,10,25
15,49,77,10,17
16,57,81,10,9
self pickup customers
node_idx,x,y,service_time,demand,locker_idxs
17,75,63,10,1,52
18,39,99,10,18,48
19,85,31,10,21,55-47
20,93,69,10,13,49
21,49,69,10,3,56
22,39,45,10,22,57-51-53
23,89,33,10,8,55-47
24,29,19,10,20,53
25,13,65,10,12,48
26,45,5,10,20,46
27,83,7,10,15,47-50
28,81,61,10,2,49
29,93,89,10,10,49
30,7,25,10,21,53
flexible customers
node_idx,x,y,service_time,demand,locker_idxs
31,95,7,10,14,47-50
32,45,87,10,1,54-56-52-45
33,29,71,10,6,54-48
34,87,79,10,5,49-45
35,89,71,10,8,49
36,79,81,10,20,49-45
37,45,5,10,19,53-46
38,63,25,10,26,55-57-50
39,93,33,10,17,47
40,41,13,10,12,46
41,57,81,10,19,52-56-54-45
42,17,13,10,6,46
43,89,27,10,11,55-47
44,35,35,10,24,53-51-46
lockers
node_idx,x,y,service_time,capacity,cost_per_unit_good
45,65,88,10,80
46,25,15,10,72
47,93,12,10,89
48,22,88,10,89
49,77,88,10,78
50,72,14,10,98
51,50,43,10,91
52,61,80,10,84
53,27,23,10,88
54,46,77,10,87
55,68,23,10,73
56,52,82,10,70
57,58,44,10,80
mrt lines
start_node_idx,end_node_idx,freight_capacity,cost_per_unit_good
45,46,80,0.1
46,45,80,0.1
distance matrix
,0,1,2,3,4,5,6,7,8,9,10,11,12,13,14,15,16,17,18,19,20,21,22,23,24,25,26,27,28,29,30,31,32,33,34,35,36,37,38,39,40,41,42,43,44,45,46,47,48,49,50,51,52,53,54,55,56,57,
0,0.0,69.43,32.56,76.24,38.21,65.12,77.67,26.08,63.15,62.61,26.08,94.25,90.02,24.74,74.73,25.06,18.44,38.63,22.0,72.11,43.86,32.31,58.31,71.69,86.16,58.82,95.35,94.59,42.94,33.53,91.61,98.08,20.0,42.52,32.8,39.6,25.46,95.35,74.03,73.35,88.29,18.44,96.6,77.25,69.08,11.7,91.39,92.7,40.52,19.42,85.71,57.07,19.0,83.26,26.63,76.32,19.24,55.08
1,69.43,0.0,36.88,46.65,51.92,59.23,12.17,67.08,35.44,74.11,43.86,42.05,61.22,59.06,32.8,45.34,54.04,62.1,57.27,71.81,81.04,40.5,24.08,75.31,31.3,18.11,51.61,78.89,67.47,88.59,23.41,89.44,50.0,27.78,78.79,77.79,72.47,51.61,52.8,79.25,42.8,54.04,34.06,76.66,23.32,64.66,33.53,85.49,41.59,74.33,65.86,35.23,56.61,26.83,43.14,58.18,50.93,43.1
2,32.56,36.88,0.0,54.41,29.53,52.5,45.65,36.06,39.29,59.36,8.25,66.27,70.23,28.0,48.04,10.2,18.97,37.95,24.0,63.66,54.33,11.66,30.0,65.3,56.89,27.86,70.26,80.99,44.27,55.79,59.36,88.09,13.42,10.77,48.17,50.16,40.45,70.26,55.46,68.41,62.03,18.97,65.79,69.31,40.2,29.07,61.61,82.98,21.4,40.16,69.35,33.84,22.56,53.37,7.28,59.54,14.76,36.36
3,76.24,46.65,54.41,0.0,39.29,21.63,39.85,57.58,15.23,39.45,54.59,26.08,16.12,53.37,14.56,54.33,58.03,44.72,77.67,31.05,59.67,46.39,27.2,35.44,26.31,59.4,20.59,32.25,46.04,76.16,48.04,43.08,64.78,54.59,64.5,58.82,62.77,20.59,8.25,39.29,17.2,58.03,39.29,34.23,23.32,65.76,31.05,39.56,72.9,68.62,19.24,20.62,57.31,28.0,54.74,13.0,59.08,21.21
4,38.21,51.92,29.53,39.29,0.0,27.2,54.59,18.87,28.84,30.0,24.08,61.06,52.04,14.14,41.62,22.63,21.54,10.2,46.04,36.06,29.12,17.89,30.53,36.88,55.32,52.15,59.46,56.92,16.0,39.6,68.26,61.77,32.8,37.36,28.43,26.0,24.41,59.46,36.06,39.6,53.67,21.54,67.88,41.62,39.7,27.0,60.96,56.44,50.77,29.55,47.52,23.43,19.42,53.74,24.84,38.12,24.7,18.38
5,65.12,59.23,52.5,21.63,27.2,0.0,56.0,42.05,24.08,17.89,49.4,47.71,27.86,40.45,32.98,48.37,48.7,28.07,72.47,12.65,39.45,41.62,35.44,16.12,46.82,67.08,41.04,29.73,27.2,57.58,66.75,35.61,59.06,56.85,46.17,39.4,46.39,41.04,14.14,20.1,38.83,48.7,60.17,17.89,38.0,53.6,52.0,30.48,73.55,53.15,21.02,24.35,46.57,47.54,49.93,13.0,51.48,17.49
6,77.67,12.17,45.65,39.85,54.59,56.0,0.0,71.61,32.06,72.44,51.61,30.53,52.84,64.03,25.3,52.8,60.96,64.4,67.68,68.12,83.26,46.69,24.17,72.03,20.0,30.27,41.04,71.69,69.08,93.23,14.14,82.87,59.06,37.95,82.68,80.5,77.2,41.04,47.07,76.03,32.56,60.96,22.0,72.44,18.0,71.51,21.54,79.4,53.24,80.06,58.87,33.96,62.94,15.62,51.04,52.39,58.6,41.98
7,26.08,67.08,36.06,57.58,18.87,42.05,71.61,0.0,47.71,36.77,28.0,79.92,69.05,8.25,60.46,26.0,18.44,14.0,42.19,47.07,19.7,27.2,48.17,46.17,74.03,63.15,78.0,70.46,17.09,21.63,85.6,72.8,31.62,46.39,12.17,15.23,5.66,78.0,53.37,47.54,72.47,18.44,86.37,51.92,58.0,14.87,79.65,67.45,54.13,11.18,63.07,42.2,14.32,72.25,29.0,54.45,23.54,37.12
8,63.15,35.44,39.29,15.23,28.84,24.08,32.06,47.71,0.0,40.45,40.05,32.25,31.3,42.05,12.81,40.0,44.72,36.77,62.8,36.5,54.41,32.0,12.81,40.2,26.91,45.61,32.25,45.34,40.0,68.12,43.68,54.92,50.16,39.45,56.64,52.5,53.25,32.25,18.44,44.18,25.3,44.72,40.0,41.23,14.14,53.45,32.56,50.61,57.71,58.18,32.53,6.08,44.64,26.08,40.11,23.6,45.1,11.4
9,62.61,74.11,59.36,39.45,30.0,17.89,72.44,36.77,40.45,0.0,54.04,65.51,42.8,38.83,50.6,52.5,49.68,24.41,75.07,12.65,26.31,47.71,50.04,10.0,64.62,79.12,58.14,36.5,19.7,46.17,83.95,36.5,62.23,66.21,36.06,28.0,39.29,58.14,31.62,10.77,56.6,49.68,78.0,16.0,54.59,51.0,69.86,31.26,80.71,46.57,33.62,39.0,46.4,65.15,54.82,29.0,53.76,31.02
10,26.08,43.86,8.25,54.59,24.08,49.4,51.61,28.0,40.05,54.04,0.0,69.43,69.86,20.1,50.36,2.0,10.77,31.3,23.41,59.67,46.69,8.25,32.98,60.83,60.73,36.06,72.03,78.71,37.58,47.54,65.6,84.88,10.2,18.97,40.05,42.43,32.25,72.03,54.41,63.66,64.28,10.77,70.68,65.3,43.68,21.1,65.79,79.63,27.31,31.95,67.78,34.13,14.32,57.58,1.0,57.94,7.07,34.79
11,94.25,42.05,66.27,26.08,61.06,47.71,30.53,79.92,32.25,65.51,69.43,0.0,30.0,74.24,19.7,69.86,75.89,68.41,90.2,56.46,84.85,62.1,36.5,60.93,10.77,59.46,12.65,50.04,70.77,100.0,30.53,62.03,78.92,62.13,88.41,83.55,85.44,12.65,34.0,64.62,8.94,75.89,16.49,58.82,26.08,85.23,10.0,60.07,79.76,90.43,39.32,38.01,76.32,15.23,69.23,37.7,75.43,43.01
12,90.02,61.22,70.23,16.12,52.04,27.86,52.84,69.05,31.3,42.8,69.86,30.0,0.0,66.12,28.43,69.43,72.25,55.32,93.15,31.11,67.08,61.61,43.27,35.38,35.44,75.07,18.44,20.1,55.03,85.44,58.24,32.06,80.05,70.71,74.0,67.23,73.76,18.44,16.0,38.42,22.36,72.25,46.17,31.62,38.21,79.03,38.47,30.15,89.01,80.23,10.3,36.4,71.03,38.63,70.09,14.87,73.82,35.36
13,24.74,59.06,28.0,53.37,14.14,40.45,64.03,8.25,42.05,38.83,20.1,74.24,66.12,0.0,54.59,18.11,11.66,14.42,36.88,47.54,26.68,18.97,41.04,47.41,67.68,54.92,73.38,69.86,19.8,29.53,78.1,73.54,25.06,38.21,20.4,22.36,13.42,73.38,50.16,49.4,67.23,11.66,79.65,52.8,51.22,13.15,73.24,68.15,46.84,16.4,61.2,36.24,7.81,65.6,21.1,52.01,16.55,32.28
14,74.73,32.8,48.04,14.56,41.62,32.98,25.3,60.46,12.81,50.6,50.36,19.7,28.43,54.59,0.0,50.64,56.32,49.52,72.03,44.18,66.84,42.76,18.11,48.37,14.42,47.2,22.36,46.52,52.5,80.92,34.06,57.58,60.13,45.61,69.43,65.12,66.03,22.36,22.09,52.35,14.0,56.32,27.78,48.0,10.0,65.55,20.0,54.12,63.89,70.83,33.62,18.36,56.65,14.56,50.25,27.29,56.09,24.04
15,25.06,45.34,10.2,54.33,22.63,48.37,52.8,26.0,40.0,52.5,2.0,69.86,69.43,18.11,50.64,0.0,8.94,29.53,24.17,58.41,44.72,8.0,33.53,59.46,61.35,37.95,72.11,77.82,35.78,45.61,66.84,83.76,10.77,20.88,38.05,40.45,30.27,72.11,53.85,62.23,64.5,8.94,71.55,64.03,44.27,19.42,66.48,78.49,29.15,30.08,67.07,34.01,12.37,58.31,3.0,57.25,5.83,34.21
16,18.44,54.04,18.97,58.03,21.54,48.7,60.96,18.44,44.72,49.68,10.77,75.89,72.25,11.66,56.32,8.94,0.0,25.46,25.46,57.31,37.95,14.42,40.25,57.69,68.03,46.82,76.94,78.43,31.24,36.88,75.07,83.19,13.42,29.73,30.07,33.53,22.0,76.94,56.32,60.0,69.86,0.0,78.89,62.77,50.99,10.63,73.35,77.83,35.69,21.19,68.66,38.64,4.12,65.3,11.7,59.03,5.1,37.01
17,38.63,62.1,37.95,44.72,10.2,28.07,64.4,14.0,36.77,24.41,31.3,68.41,55.32,14.42,49.52,29.53,25.46,0.0,50.91,33.53,18.97,26.68,40.25,33.11,63.66,62.03,65.3,56.57,6.32,31.62,77.9,59.46,38.42,46.69,20.0,16.12,18.44,65.3,39.85,34.99,60.46,25.46,76.58,38.63,48.83,26.93,69.31,54.08,58.6,25.08,49.09,32.02,22.02,62.48,32.2,40.61,29.83,25.5
18,22.0,57.27,24.0,77.67,46.04,72.47,67.68,42.19,62.8,75.07,23.41,90.2,93.15,36.88,72.03,24.17,25.46,50.91,0.0,82.1,61.77,31.62,54.0,82.8,80.62,42.8,94.19,101.98,56.64,54.92,80.62,107.7,13.42,29.73,52.0,57.31,43.86,94.19,77.79,85.28,86.02,25.46,88.77,87.66,64.12,28.23,85.16,102.4,20.25,39.56,91.18,57.07,29.07,76.94,23.09,81.34,21.4,58.19
19,72.11,71.81,63.66,31.05,36.06,12.65,68.12,47.07,36.5,12.65,59.67,56.46,31.11,47.54,44.18,58.41,57.31,33.53,82.1,0.0,38.83,52.35,48.08,4.47,57.27,79.62,47.71,24.08,30.27,58.55,78.23,26.0,68.82,68.82,48.04,40.2,50.36,47.71,22.8,8.25,47.54,57.31,70.34,5.66,50.16,60.41,62.1,20.62,84.96,57.56,21.4,37.0,54.56,58.55,60.31,18.79,60.75,29.97
20,43.86,81.04,54.33,59.67,29.12,39.45,83.26,19.7,54.41,26.31,46.69,84.85,67.08,26.68,66.84,44.72,37.95,18.97,61.77,38.83,0.0,44.0,59.09,36.22,81.22,80.1,80.0,62.8,14.42,20.0,96.6,62.03,51.26,64.03,11.66,4.47,18.44,80.0,53.25,36.0,76.42,37.95,94.4,42.19,67.23,33.84,86.83,57.0,73.5,24.84,58.87,50.25,33.84,80.45,47.68,52.35,43.01,43.01
21,32.31,40.5,11.66,46.39,17.89,41.62,46.69,27.2,32.0,47.71,8.25,62.1,61.61,18.97,42.76,8.0,14.42,26.68,31.62,52.35,44.0,0.0,26.0,53.81,53.85,36.22,64.12,70.71,32.98,48.33,60.83,77.2,18.44,20.1,39.29,40.05,32.31,64.12,46.17,56.85,56.57,14.42,64.5,58.0,36.77,24.84,59.09,72.01,33.02,33.84,59.62,26.02,16.28,50.99,8.54,49.77,13.34,26.57
22,58.31,24.08,30.0,27.2,30.53,35.44,24.17,48.17,12.81,50.04,32.98,36.5,43.27,41.04,18.11,33.53,40.25,40.25,54.0,48.08,59.09,26.0,0.0,51.42,27.86,32.8,40.45,58.14,44.94,69.66,37.74,67.68,42.43,27.86,58.82,56.36,53.81,40.45,31.24,55.32,32.06,40.25,38.83,53.14,10.77,50.25,33.11,63.29,46.24,57.38,45.28,11.18,41.34,25.06,32.76,36.4,39.22,19.03
23,71.69,75.31,65.3,35.44,36.88,16.12,72.03,46.17,40.2,10.0,60.83,60.93,35.38,47.41,48.37,59.46,57.69,33.11,82.8,4.47,36.22,53.81,51.42,0.0,61.61,82.46,52.15,26.68,29.12,56.14,82.39,26.68,69.66,71.02,46.04,38.0,49.03,52.15,27.2,4.0,52.0,57.69,74.73,6.0,54.04,60.01,66.48,21.38,86.68,56.29,25.5,40.26,54.71,62.8,61.52,23.26,61.4,32.89
24,86.16,31.3,56.89,26.31,55.32,46.82,20.0,74.03,26.91,64.62,60.73,10.77,35.44,67.68,14.42,61.35,68.03,63.66,80.62,57.27,81.22,53.85,27.86,61.61,0.0,48.7,21.26,55.32,66.84,94.85,22.8,67.08,69.86,52.0,83.45,79.4,79.65,21.26,34.53,65.51,13.42,68.03,13.42,60.53,17.09,77.83,5.66,64.38,69.35,84.05,43.29,31.89,68.88,4.47,60.44,39.2,67.07,38.29
25,58.82,18.11,27.86,59.4,52.15,67.08,30.27,63.15,45.61,79.12,36.06,59.46,75.07,54.92,47.2,37.95,46.82,62.03,42.8,79.62,80.1,36.22,32.8,82.46,48.7,0.0,68.0,90.91,68.12,83.52,40.45,100.44,38.83,17.09,75.31,76.24,67.91,68.0,64.03,86.16,59.06,46.82,52.15,84.97,37.2,56.86,51.42,95.96,24.7,68.01,77.99,43.05,50.29,44.27,35.11,69.2,42.54,49.66
26,95.35,51.61,70.26,20.59,59.46,41.04,41.04,78.0,32.25,58.14,72.03,12.65,18.44,73.38,22.36,72.11,76.94,65.3,94.19,47.71,80.0,64.12,40.45,52.15,21.26,68.0,0.0,38.05,66.57,96.75,42.94,50.04,82.0,67.91,85.09,79.32,83.26,0.0,26.91,55.57,8.94,76.94,29.12,49.19,31.62,85.38,22.36,48.51,86.13,88.96,28.46,38.33,76.69,25.46,72.01,29.21,77.32,41.11
27,94.59,78.89,80.99,32.25,56.92,29.73,71.69,70.46,45.34,36.5,78.71,50.04,20.1,69.86,46.52,77.82,78.43,56.57,101.98,24.08,62.8,70.71,58.14,26.68,55.32,90.91,38.05,0.0,54.04,82.61,78.1,12.0,88.57,83.74,72.11,64.28,74.11,38.05,26.91,27.86,42.43,78.43,66.27,20.88,55.57,82.98,58.55,11.18,101.4,81.22,13.04,48.84,76.24,58.24,79.18,21.93,81.15,44.65
28,42.94,67.47,44.27,46.04,16.0,27.2,69.08,17.09,40.0,19.7,37.58,70.77,55.03,19.8,52.5,35.78,31.24,6.32,56.64,30.27,14.42,32.98,44.94,29.12,66.84,68.12,66.57,54.04,0.0,30.46,82.29,55.79,44.41,52.95,18.97,12.81,20.1,66.57,40.25,30.46,62.48,31.24,80.0,34.93,52.84,31.38,72.47,50.45,64.88,27.29,47.85,35.85,27.59,66.03,38.48,40.16,35.81,28.6
29,33.53,88.59,55.79,76.16,39.6,57.58,93.23,21.63,68.12,46.17,47.54,100.0,85.44,29.53,80.92,45.61,36.88,31.62,54.92,58.55,20.0,48.33,69.66,56.14,94.85,83.52,96.75,82.61,30.46,0.0,107.2,82.02,48.04,66.48,11.66,18.44,16.12,96.75,70.68,56.0,92.09,36.88,107.48,62.13,79.25,28.02,100.5,77.0,71.01,16.03,77.88,62.97,33.24,93.34,48.51,70.58,41.59,57.01
30,91.61,23.41,59.36,48.04,68.26,66.75,14.14,85.6,43.68,83.95,65.6,30.53,58.24,78.1,34.06,66.84,75.07,77.9,80.62,78.23,96.6,60.83,37.74,82.39,22.8,40.45,42.94,78.1,82.29,107.2,0.0,89.82,72.72,50.99,96.52,94.02,91.21,42.94,56.0,86.37,36.06,75.07,15.62,82.02,29.73,85.63,20.59,86.98,64.76,94.18,65.92,46.62,77.08,20.1,65.0,61.03,72.62,54.42
31,98.08,89.44,88.09,43.08,61.77,35.61,82.87,72.8,54.92,36.5,84.88,62.03,32.06,73.54,57.58,83.76,83.19,59.46,107.7,26.0,62.03,77.2,67.68,26.68,67.08,100.44,50.04,12.0,55.79,82.02,89.82,0.0,94.34,91.93,72.44,64.28,75.71,50.04,36.72,26.08,54.33,83.19,78.23,20.88,66.21,86.38,70.46,5.39,109.04,82.98,24.04,57.63,80.53,69.86,85.45,31.38,86.45,52.33
32,20.0,50.0,13.42,64.78,32.8,59.06,59.06,31.62,50.16,62.23,10.2,78.92,80.05,25.06,60.13,10.77,13.42,38.42,13.42,68.82,51.26,18.44,42.43,69.66,69.86,38.83,82.0,88.57,44.41,48.04,72.72,94.34,0.0,22.63,42.76,46.82,34.53,82.0,64.56,72.25,74.11,13.42,79.12,74.4,52.95,20.02,74.73,89.04,23.02,32.02,77.83,44.28,17.46,66.48,10.05,68.01,8.6,44.92
33,42.52,27.78,10.77,54.59,37.36,56.85,37.95,46.39,39.45,66.21,18.97,62.13,70.71,38.21,45.61,20.88,29.73,46.69,29.73,68.82,64.03,20.1,27.86,71.02,52.0,17.09,67.91,83.74,52.95,66.48,50.99,91.93,22.63,0.0,58.55,60.0,50.99,67.91,57.2,74.43,59.23,29.73,59.23,74.4,36.5,39.81,56.14,87.05,18.38,50.92,71.4,35.0,33.24,48.04,18.03,61.85,25.5,39.62
34,32.8,78.79,48.17,64.5,28.43,46.17,82.68,12.17,56.64,36.06,40.05,88.41,74.0,20.4,69.43,38.05,30.07,20.0,52.0,48.04,11.66,39.29,58.82,46.04,83.45,75.31,85.09,72.11,18.97,11.66,96.52,72.44,42.76,58.55,0.0,8.25,8.25,85.09,59.09,46.39,80.45,30.07,96.21,52.04,68.12,23.77,89.11,67.27,65.62,13.45,66.71,51.62,26.02,82.07,41.05,59.14,35.13,45.45
35,39.6,77.79,50.16,58.82,26.0,39.4,80.5,15.23,52.5,28.0,42.43,83.55,67.23,22.36,65.12,40.45,33.53,16.12,57.31,40.2,4.47,40.05,56.36,38.0,79.4,76.24,79.32,64.28,12.81,18.44,94.02,64.28,46.82,60.0,8.25,0.0,14.14,79.32,52.84,38.21,75.29,33.53,92.46,44.0,64.9,29.41,85.04,59.14,69.12,20.81,59.48,48.01,29.41,78.41,43.42,52.39,38.6,41.11
36,25.46,72.47,40.45,62.77,24.41,46.39,77.2,5.66,53.25,39.29,32.25,85.44,73.76,13.42,66.03,30.27,22.0,18.44,43.86,50.36,18.44,32.31,53.81,49.03,79.65,67.91,83.26,74.11,20.1,16.12,91.21,75.71,34.53,50.99,8.25,14.14,0.0,83.26,58.24,50.0,77.9,22.0,92.02,54.92,63.66,15.65,85.28,70.41,57.43,7.28,67.36,47.8,18.03,77.9,33.24,59.03,27.02,42.54
37,95.35,51.61,70.26,20.59,59.46,41.04,41.04,78.0,32.25,58.14,72.03,12.65,18.44,73.38,22.36,72.11,76.94,65.3,94.19,47.71,80.0,64.12,40.45,52.15,21.26,68.0,0.0,38.05,66.57,96.75,42.94,50.04,82.0,67.91,85.09,79.32,83.26,0.0,26.91,55.57,8.94,76.94,29.12,49.19,31.62,85.38,22.36,48.51,86.13,88.96,28.46,38.33,76.69,25.46,72.01,29.21,77.32,41.11
38,74.03,52.8,55.46,8.25,36.06,14.14,47.07,53.37,18.44,31.62,54.41,34.0,16.0,50.16,22.09,53.85,56.32,39.85,77.79,22.8,53.25,46.17,31.24,27.2,34.53,64.03,26.91,26.91,40.25,70.68,56.0,36.72,64.56,57.2,59.09,52.84,58.24,26.91,0.0,31.05,25.06,56.32,47.54,26.08,29.73,63.03,39.29,32.7,75.17,64.54,14.21,22.2,55.04,36.06,54.71,5.39,58.05,19.65
39,73.35,79.25,68.41,39.29,39.6,20.1,76.03,47.54,44.18,10.77,63.66,64.62,38.42,49.4,52.35,62.23,60.0,34.99,85.28,8.25,36.0,56.85,55.32,4.0,65.51,86.16,55.57,27.86,30.46,56.0,86.37,26.08,72.25,74.43,46.39,38.21,50.0,55.57,31.05,0.0,55.71,60.0,78.59,7.21,58.03,61.72,70.34,21.0,89.81,57.28,28.32,44.15,56.86,66.75,64.38,26.93,63.89,36.69
40,88.29,42.8,62.03,17.2,53.67,38.83,32.56,72.47,25.3,56.6,64.28,8.94,22.36,67.23,14.0,64.5,69.86,60.46,86.02,47.54,76.42,56.57,32.06,52.0,13.42,59.06,8.94,42.43,62.48,92.09,36.06,54.33,74.11,59.23,80.45,75.29,77.9,8.94,25.06,55.71,0.0,69.86,24.0,50.0,22.8,78.75,16.12,52.01,77.37,83.19,31.02,31.32,69.92,17.2,64.2,28.79,69.87,35.36
41,18.44,54.04,18.97,58.03,21.54,48.7,60.96,18.44,44.72,49.68,10.77,75.89,72.25,11.66,56.32,8.94,0.0,25.46,25.46,57.31,37.95,14.42,40.25,57.69,68.03,46.82,76.94,78.43,31.24,36.88,75.07,83.19,13.42,29.73,30.07,33.53,22.0,76.94,56.32,60.0,69.86,0.0,78.89,62.77,50.99,10.63,73.35,77.83,35.69,21.19,68.66,38.64,4.12,65.3,11.7,59.03,5.1,37.01
42,96.6,34.06,65.79,39.29,67.88,60.17,22.0,86.37,40.0,78.0,70.68,16.49,46.17,79.65,27.78,71.55,78.89,76.58,88.77,70.34,94.4,64.5,38.83,74.73,13.42,52.15,29.12,66.27,80.0,107.48,15.62,78.23,79.12,59.23,96.21,92.46,92.02,29.12,47.54,78.59,24.0,78.89,0.0,73.35,28.43,89.04,8.25,76.01,75.17,96.05,55.01,44.6,80.16,14.14,70.26,51.97,77.37,51.4
43,77.25,76.66,69.31,34.23,41.62,17.89,72.44,51.92,41.23,16.0,65.3,58.82,31.62,52.8,48.0,64.03,62.77,38.63,87.66,5.66,42.19,58.0,53.14,6.0,60.53,84.97,49.19,20.88,34.93,62.13,82.02,20.88,74.4,74.4,52.04,44.0,54.92,49.19,26.08,7.21,50.0,62.77,73.35,0.0,54.59,65.55,65.12,15.52,90.61,62.17,21.4,42.15,59.94,62.13,65.95,21.38,66.29,35.36
44,69.08,23.32,40.2,23.32,39.7,38.0,18.0,58.0,14.14,54.59,43.68,26.08,38.21,51.22,10.0,44.27,50.99,48.83,64.12,50.16,67.23,36.77,10.77,54.04,17.09,37.2,31.62,55.57,52.84,79.25,29.73,66.21,52.95,36.5,68.12,64.9,63.66,31.62,29.73,58.03,22.8,50.99,28.43,54.59,0.0,60.9,22.36,62.39,54.57,67.62,42.54,17.0,51.97,14.42,43.42,35.11,49.98,24.7
45,11.7,64.66,29.07,65.76,27.0,53.6,71.51,14.87,53.45,51.0,21.1,85.23,79.03,13.15,65.55,19.42,10.63,26.93,28.23,60.41,33.84,24.84,50.25,60.01,77.83,56.86,85.38,82.98,31.38,28.02,85.63,86.38,20.02,39.81,23.77,29.41,15.65,85.38,63.03,61.72,78.75,10.63,89.04,65.55,60.9,0.0,83.24,80.99,43.0,12.0,74.33,47.43,8.94,75.29,21.95,65.07,14.32,44.55
46,91.39,33.53,61.61,31.05,60.96,52.0,21.54,79.65,32.56,69.86,65.79,10.0,38.47,73.24,20.0,66.48,73.35,69.31,85.16,62.1,86.83,59.09,33.11,66.48,5.66,51.42,22.36,58.55,72.47,100.5,20.59,70.46,74.73,56.14,89.11,85.04,85.28,22.36,39.29,70.34,16.12,73.35,8.25,65.12,22.36,83.24,0.0,68.07,73.06,89.63,47.01,37.54,74.3,8.25,65.46,43.74,72.24,43.93
47,92.7,85.49,82.98,39.56,56.44,30.48,79.4,67.45,50.61,31.26,79.63,60.07,30.15,68.15,54.12,78.49,77.83,54.08,102.4,20.62,57.0,72.01,63.29,21.38,64.38,95.96,48.51,11.18,50.45,77.0,86.98,5.39,89.04,87.05,67.27,59.14,70.41,48.51,32.7,21.0,52.01,77.83,76.01,15.52,62.39,80.99,68.07,0.0,104.0,77.67,21.1,53.01,75.15,66.91,80.21,27.31,81.12,47.42
48,40.52,41.59,21.4,72.9,50.77,73.55,53.24,54.13,57.71,80.71,27.31,79.76,89.01,46.84,63.89,29.15,35.69,58.6,20.25,84.96,73.5,33.02,46.24,86.68,69.35,24.7,86.13,101.4,64.88,71.01,64.76,109.04,23.02,18.38,65.62,69.12,57.43,86.13,75.17,89.81,77.37,35.69,75.17,90.61,54.57,43.0,73.06,104.0,0.0,55.0,89.31,53.0,39.81,65.19,26.4,79.63,30.59,56.85
49,19.42,74.33,40.16,68.62,29.55,53.15,80.06,11.18,58.18,46.57,31.95,90.43,80.23,16.4,70.83,30.08,21.19,25.08,39.56,57.56,24.84,33.84,57.38,56.29,84.05,68.01,88.96,81.22,27.29,16.03,94.18,82.98,32.02,50.92,13.45,20.81,7.28,88.96,64.54,57.28,83.19,21.19,96.05,62.17,67.62,12.0,89.63,77.67,55.0,0.0,74.17,52.48,17.89,82.01,32.89,65.62,25.71,47.93
50,85.71,65.86,69.35,19.24,47.52,21.02,58.87,63.07,32.53,33.62,67.78,39.32,10.3,61.2,33.62,67.07,68.66,49.09,91.18,21.4,58.87,59.62,45.28,25.5,43.29,77.99,28.46,13.04,47.85,77.88,65.92,24.04,77.83,71.4,66.71,59.48,67.36,28.46,14.21,28.32,31.02,68.66,55.01,21.4,42.54,74.33,47.01,21.1,89.31,74.17,0.0,36.4,66.91,45.89,68.15,9.85,70.88,33.11
51,57.07,35.23,33.84,20.62,23.43,24.35,33.96,42.2,6.08,39.0,34.13,38.01,36.4,36.24,18.36,34.01,38.64,32.02,57.07,37.0,50.25,26.02,11.18,40.26,31.89,43.05,38.33,48.84,35.85,62.97,46.62,57.63,44.28,35.0,51.62,48.01,47.8,38.33,22.2,44.15,31.32,38.64,44.6,42.15,17.0,47.43,37.54,53.01,53.0,52.48,36.4,0.0,38.6,30.48,34.23,26.91,39.05,8.06
52,19.0,56.61,22.56,57.31,19.42,46.57,62.94,14.32,44.64,46.4,14.32,76.32,71.03,7.81,56.65,12.37,4.12,22.02,29.07,54.56,33.84,16.28,41.34,54.71,68.88,50.29,76.69,76.24,27.59,33.24,77.08,80.53,17.46,33.24,26.02,29.41,18.03,76.69,55.04,56.86,69.92,4.12,80.16,59.94,51.97,8.94,74.3,75.15,39.81,17.89,66.91,38.6,0.0,66.37,15.3,57.43,9.22,36.12
53,83.26,26.83,53.37,28.0,53.74,47.54,15.62,72.25,26.08,65.15,57.58,15.23,38.63,65.6,14.56,58.31,65.3,62.48,76.94,58.55,80.45,50.99,25.06,62.8,4.47,44.27,25.46,58.24,66.03,93.34,20.1,69.86,66.48,48.04,82.07,78.41,77.9,25.46,36.06,66.75,17.2,65.3,14.14,62.13,14.42,75.29,8.25,66.91,65.19,82.01,45.89,30.48,66.37,0.0,57.25,41.0,64.08,37.44
54,26.63,43.14,7.28,54.74,24.84,49.93,51.04,29.0,40.11,54.82,1.0,69.23,70.09,21.1,50.25,3.0,11.7,32.2,23.09,60.31,47.68,8.54,32.76,61.52,60.44,35.11,72.01,79.18,38.48,48.51,65.0,85.45,10.05,18.03,41.05,43.42,33.24,72.01,54.71,64.38,64.2,11.7,70.26,65.95,43.42,21.95,65.46,80.21,26.4,32.89,68.15,34.23,15.3,57.25,0.0,58.31,7.81,35.11
55,76.32,58.18,59.54,13.0,38.12,13.0,52.39,54.45,23.6,29.0,57.94,37.7,14.87,52.01,27.29,57.25,59.03,40.61,81.34,18.79,52.35,49.77,36.4,23.26,39.2,69.2,29.21,21.93,40.16,70.58,61.03,31.38,68.01,61.85,59.14,52.39,59.03,29.21,5.39,26.93,28.79,59.03,51.97,21.38,35.11,65.07,43.74,27.31,79.63,65.62,9.85,26.91,57.43,41.0,58.31,0.0,61.13,23.26
56,19.24,50.93,14.76,59.08,24.7,51.48,58.6,23.54,45.1,53.76,7.07,75.43,73.82,16.55,56.09,5.83,5.1,29.83,21.4,60.75,43.01,13.34,39.22,61.4,67.07,42.54,77.32,81.15,35.81,41.59,72.62,86.45,8.6,25.5,35.13,38.6,27.02,77.32,58.05,63.89,69.87,5.1,77.37,66.29,49.98,14.32,72.24,81.12,30.59,25.71,70.88,39.05,9.22,64.08,7.81,61.13,0.0,38.47
57,55.08,43.1,36.36,21.21,18.38,17.49,41.98,37.12,11.4,31.02,34.79,43.01,35.36,32.28,24.04,34.21,37.01,25.5,58.19,29.97,43.01,26.57,19.03,32.89,38.29,49.66,41.11,44.65,28.6,57.01,54.42,52.33,44.92,39.62,45.45,41.11,42.54,41.11,19.65,36.69,35.36,37.01,51.4,35.36,24.7,44.55,43.93,47.42,56.85,47.93,33.11,8.06,36.12,37.44,35.11,23.26,38.47,0.0
