set K:= 1	2	3	4	5	6	7;
set C_H:= 1	2	3	4	5	6	7	8	9	10	11	12	13	14	15;
set C_S:= 16	17	18	19	20	21	22	23	24	25	26	27	28	29	30;
set C_F:= 31	32	33	34	35	36	37	38	39	40	41	42	43	44	45;
set M:= 46	47	48	49	50	51;
set L_B:= 52	53	54	55	56	57	58;
set A1:=
(0,*) 1 2 3 4 5 6 7 8 9 10 11 12 13 14 15 31 32 33 34 35 36 37 38 39 40 41 42 43 44 45 46 47 48 49 50 51 52 53 54 55 56 57 58
(1,*) 0 2 3 4 5 6 7 8 9 10 11 12 13 14 15 31 32 33 34 35 36 37 38 39 40 41 42 43 44 45 46 47 48 49 50 51 52 53 54 55 56 57 58
(2,*) 0 1 3 4 5 6 7 8 9 10 11 12 13 14 15 31 32 33 34 35 36 37 38 39 40 41 42 43 44 45 46 47 48 49 50 51 52 53 54 55 56 57 58
(3,*) 0 1 2 4 5 6 7 8 9 10 11 12 13 14 15 31 32 33 34 35 36 37 38 39 40 41 42 43 44 45 46 47 48 49 50 51 52 53 54 55 56 57 58
(4,*) 0 1 2 3 5 6 7 8 9 10 11 12 13 14 15 31 32 33 34 35 36 37 38 39 40 41 42 43 44 45 46 47 48 49 50 51 52 53 54 55 56 57 58
(5,*) 0 1 2 3 4 6 7 8 9 10 11 12 13 14 15 31 32 33 34 35 36 37 38 39 40 41 42 43 44 45 46 47 48 49 50 51 52 53 54 55 56 57 58
(6,*) 0 1 2 3 4 5 7 8 9 10 11 12 13 14 15 31 32 33 34 35 36 37 38 39 40 41 42 43 44 45 46 47 48 49 50 51 52 53 54 55 56 57 58
(7,*) 0 1 2 3 4 5 6 8 9 10 11 12 13 14 15 31 32 33 34 35 36 37 38 39 40 41 42 43 44 45 46 47 48 49 50 51 52 53 54 55 56 57 58
(8,*) 0 1 2 3 4 5 6 7 9 10 11 12 13 14 15 31 32 33 34 35 36 37 38 39 40 41 42 43 44 45 46 47 48 49 50 51 52 53 54 55 56 57 58
(9,*) 0 1 2 3 4 5 6 7 8 10 11 12 13 14 15 31 32 33 34 35 36 37 38 39 40 41 42 43 44 45 46 47 48 49 50 51 52 53 54 55 56 57 58
(10,*) 0 1 2 3 4 5 6 7 8 9 11 12 13 14 15 31 32 33 34 35 36 37 38 39 40 41 42 43 44 45 46 47 48 49 50 51 52 53 54 55 56 57 58
(11,*) 0 1 2 3 4 5 6 7 8 9 10 12 13 14 15 31 32 33 34 35 36 37 38 39 40 41 42 43 44 45 46 47 48 49 50 51 52 53 54 55 56 57 58
(12,*) 0 1 2 3 4 5 6 7 8 9 10 11 13 14 15 31 32 33 34 35 36 37 38 39 40 41 42 43 44 45 46 47 48 49 50 51 52 53 54 55 56 57 58
(13,*) 0 1 2 3 4 5 6 7 8 9 10 11 12 14 15 31 32 33 34 35 36 37 38 39 40 41 42 43 44 45 46 47 48 49 50 51 52 53 54 55 56 57 58
(14,*) 0 1 2 3 4 5 6 7 8 9 10 11 12 13 15 31 32 33 34 35 36 37 38 39 40 41 42 43 44 45 46 47 48 49 50 51 52 53 54 55 56 57 58
(15,*) 0 1 2 3 4 5 6 7 8 9 10 11 12 13 14 31 32 33 34 35 36 37 38 39 40 41 42 43 44 45 46 47 48 49 50 51 52 53 54 55 56 57 58
(31,*) 0 1 2 3 4 5 6 7 8 9 10 11 12 13 14 15 32 33 34 35 36 37 38 39 40 41 42 43 44 45 46 47 48 49 50 51 52 53 54 55 56 57 58
(32,*) 0 1 2 3 4 5 6 7 8 9 10 11 12 13 14 15 31 33 34 35 36 37 38 39 40 41 42 43 44 45 46 47 48 49 50 51 52 53 54 55 56 57 58
(33,*) 0 1 2 3 4 5 6 7 8 9 10 11 12 13 14 15 31 32 34 35 36 37 38 39 40 41 42 43 44 45 46 47 48 49 50 51 52 53 54 55 56 57 58
(34,*) 0 1 2 3 4 5 6 7 8 9 10 11 12 13 14 15 31 32 33 35 36 37 38 39 40 41 42 43 44 45 46 47 48 49 50 51 52 53 54 55 56 57 58
(35,*) 0 1 2 3 4 5 6 7 8 9 10 11 12 13 14 15 31 32 33 34 36 37 38 39 40 41 42 43 44 45 46 47 48 49 50 51 52 53 54 55 56 57 58
(36,*) 0 1 2 3 4 5 6 7 8 9 10 11 12 13 14 15 31 32 33 34 35 37 38 39 40 41 42 43 44 45 46 47 48 49 50 51 52 53 54 55 56 57 58
(37,*) 0 1 2 3 4 5 6 7 8 9 10 11 12 13 14 15 31 32 33 34 35 36 38 39 40 41 42 43 44 45 46 47 48 49 50 51 52 53 54 55 56 57 58
(38,*) 0 1 2 3 4 5 6 7 8 9 10 11 12 13 14 15 31 32 33 34 35 36 37 39 40 41 42 43 44 45 46 47 48 49 50 51 52 53 54 55 56 57 58
(39,*) 0 1 2 3 4 5 6 7 8 9 10 11 12 13 14 15 31 32 33 34 35 36 37 38 40 41 42 43 44 45 46 47 48 49 50 51 52 53 54 55 56 57 58
(40,*) 0 1 2 3 4 5 6 7 8 9 10 11 12 13 14 15 31 32 33 34 35 36 37 38 39 41 42 43 44 45 46 47 48 49 50 51 52 53 54 55 56 57 58
(41,*) 0 1 2 3 4 5 6 7 8 9 10 11 12 13 14 15 31 32 33 34 35 36 37 38 39 40 42 43 44 45 46 47 48 49 50 51 52 53 54 55 56 57 58
(42,*) 0 1 2 3 4 5 6 7 8 9 10 11 12 13 14 15 31 32 33 34 35 36 37 38 39 40 41 43 44 45 46 47 48 49 50 51 52 53 54 55 56 57 58
(43,*) 0 1 2 3 4 5 6 7 8 9 10 11 12 13 14 15 31 32 33 34 35 36 37 38 39 40 41 42 44 45 46 47 48 49 50 51 52 53 54 55 56 57 58
(44,*) 0 1 2 3 4 5 6 7 8 9 10 11 12 13 14 15 31 32 33 34 35 36 37 38 39 40 41 42 43 45 46 47 48 49 50 51 52 53 54 55 56 57 58
(45,*) 0 1 2 3 4 5 6 7 8 9 10 11 12 13 14 15 31 32 33 34 35 36 37 38 39 40 41 42 43 44 46 47 48 49 50 51 52 53 54 55 56 57 58
(46,*) 0 1 2 3 4 5 6 7 8 9 10 11 12 13 14 15 31 32 33 34 35 36 37 38 39 40 41 42 43 44 45 48 49 50 51 52 53 54 55 56 57 58
(47,*) 0 1 2 3 4 5 6 7 8 9 10 11 12 13 14 15 31 32 33 34 35 36 37 38 39 40 41 42 43 44 45 48 49 50 51 52 53 54 55 56 57 58
(48,*) 0 1 2 3 4 5 6 7 8 9 10 11 12 13 14 15 31 32 33 34 35 36 37 38 39 40 41 42 43 44 45 46 47 50 51 52 53 54 55 56 57 58
(49,*) 0 1 2 3 4 5 6 7 8 9 10 11 12 13 14 15 31 32 33 34 35 36 37 38 39 40 41 42 43 44 45 46 47 50 51 52 53 54 55 56 57 58
(50,*) 0 1 2 3 4 5 6 7 8 9 10 11 12 13 14 15 31 32 33 34 35 36 37 38 39 40 41 42 43 44 45 46 47 48 49 52 53 54 55 56 57 58
(51,*) 0 1 2 3 4 5 6 7 8 9 10 11 12 13 14 15 31 32 33 34 35 36 37 38 39 40 41 42 43 44 45 46 47 48 49 52 53 54 55 56 57 58
(52,*) 0 1 2 3 4 5 6 7 8 9 10 11 12 13 14 15 31 32 33 34 35 36 37 38 39 40 41 42 43 44 45 46 47 48 49 50 51 53 54 55 56 57 58
(53,*) 0 1 2 3 4 5 6 7 8 9 10 11 12 13 14 15 31 32 33 34 35 36 37 38 39 40 41 42 43 44 45 46 47 48 49 50 51 52 54 55 56 57 58
(54,*) 0 1 2 3 4 5 6 7 8 9 10 11 12 13 14 15 31 32 33 34 35 36 37 38 39 40 41 42 43 44 45 46 47 48 49 50 51 52 53 55 56 57 58
(55,*) 0 1 2 3 4 5 6 7 8 9 10 11 12 13 14 15 31 32 33 34 35 36 37 38 39 40 41 42 43 44 45 46 47 48 49 50 51 52 53 54 56 57 58
(56,*) 0 1 2 3 4 5 6 7 8 9 10 11 12 13 14 15 31 32 33 34 35 36 37 38 39 40 41 42 43 44 45 46 47 48 49 50 51 52 53 54 55 57 58
(57,*) 0 1 2 3 4 5 6 7 8 9 10 11 12 13 14 15 31 32 33 34 35 36 37 38 39 40 41 42 43 44 45 46 47 48 49 50 51 52 53 54 55 56 58
(58,*) 0 1 2 3 4 5 6 7 8 9 10 11 12 13 14 15 31 32 33 34 35 36 37 38 39 40 41 42 43 44 45 46 47 48 49 50 51 52 53 54 55 56 57
;
set A2:=
(46,*) 47
(47,*) 46
(48,*) 49
(49,*) 48
(50,*) 51
(51,*) 50
;
param BigM:=99999;
param n:= 7;
param d:=
1	12
2	20
3	2
4	15
5	7
6	24
7	10
8	19
9	6
10	9
11	4
12	12
13	3
14	3
15	21
16	1
17	20
18	10
19	23
20	13
21	9
22	22
23	20
24	20
25	13
26	7
27	1
28	17
29	13
30	22
31	26
32	13
33	7
34	12
35	12
36	18
37	19
38	24
39	10
40	15
41	18
42	23
43	6
44	20
45	2
;
param Q:=100;
param w:=
[46,*] 47 0.5
[47,*] 46 0.5
[48,*] 49 0.5
[49,*] 48 0.5
[50,*] 51 0.5
[51,*] 50 0.5
;
param V:=
[46,*] 47 76
[47,*] 46 76
[48,*] 49 93
[49,*] 48 93
[50,*] 51 87
[51,*] 50 87
;
param e:
	46	47	48	49	50	51	52	53	54	55	56	57	58:=
16	0	0	1	0	0	0	0	0	0	0	0	0	0	
17	1	0	0	0	0	0	0	0	0	0	0	0	0	
18	0	0	1	0	0	0	0	0	0	0	0	0	0	
19	1	0	0	0	0	0	0	0	0	0	0	0	0	
20	1	0	0	0	0	0	0	0	0	0	0	0	0	
21	0	0	1	0	0	0	0	0	0	0	0	0	0	
22	1	0	0	0	0	0	0	0	0	0	0	0	0	
23	0	0	0	0	1	0	0	0	0	0	0	0	0	
24	0	0	0	0	0	0	1	0	0	0	0	0	0	
25	0	0	0	0	0	0	1	0	0	0	0	0	0	
26	0	0	0	0	1	0	0	0	0	0	0	0	0	
27	0	0	0	1	0	0	0	0	0	0	0	0	0	
28	0	0	1	0	0	0	0	0	0	0	0	0	0	
29	0	0	1	0	0	0	0	0	0	0	0	0	0	
30	1	0	0	0	0	0	0	0	0	0	0	0	0	
31	0	0	0	1	0	0	0	0	0	0	0	0	0	
32	0	0	0	1	0	1	0	0	0	0	0	0	0	
33	1	0	1	0	1	0	0	0	0	0	0	0	0	
34	0	0	0	1	0	1	0	0	0	0	0	0	0	
35	1	0	1	0	1	0	0	0	0	0	0	0	0	
36	0	0	0	1	0	0	0	0	0	0	0	0	0	
37	1	0	0	0	0	0	0	0	0	0	0	0	0	
38	0	0	0	1	0	1	0	0	0	0	0	0	0	
39	0	0	0	0	0	0	1	0	0	0	0	0	0	
40	0	0	0	1	0	1	0	0	0	0	0	0	0	
41	0	0	0	0	0	0	1	0	0	0	0	0	0	
42	0	0	0	1	0	0	0	0	0	0	0	0	0	
43	0	0	0	0	0	0	1	0	0	0	0	0	0	
44	0	0	0	1	0	1	0	0	0	0	0	0	0	
45	1	0	0	0	0	0	0	0	0	0	0	0	0	
;
param p:=
1	3
2	3
3	3
4	3
5	3
6	3
7	3
;
param G:=
46	76
47	74
48	93
49	87
50	74
51	87
52	88
53	70
54	87
55	100
56	74
57	86
58	93
;
param s:=
0	0
1	15
2	15
3	15
4	15
5	15
6	15
7	15
8	15
9	15
10	15
11	15
12	15
13	15
14	15
15	15
31	15
32	15
33	15
34	15
35	15
36	15
37	15
38	15
39	15
40	15
41	15
42	15
43	15
44	15
45	15
46	10
47	10
48	10
49	10
50	10
51	10
52	10
53	10
54	10
55	10
56	10
57	10
58	10
;
param t:
	0	1	2	3	4	5	6	7	8	9	10	11	12	13	14	15	16	17	18	19	20	21	22	23	24	25	26	27	28	29	30	31	32	33	34	35	36	37	38	39	40	41	42	43	44	45	46	47	48	49	50	51	52	53	54	55	56	57	58:=
0	0.0	70.88	30.59	24.08	56.64	38.21	53.67	31.24	26.08	52.84	46.65	19.8	28.84	48.04	21.26	73.54	38.42	46.69	8.25	52.95	66.12	90.0	39.7	73.59	63.78	66.03	75.18	16.12	38.21	79.62	58.86	54.04	20.59	40.05	16.97	34.53	6.32	68.12	25.61	63.56	32.98	69.86	54.59	52.8	21.26	22.8	46.62	62.43	34.48	64.03	33.06	41.11	40.31	63.89	35.11	28.18	34.71	44.41	71.61
1	70.88	0.0	89.31	64.4	68.88	38.42	48.33	98.39	66.27	22.8	48.33	54.33	68.12	29.73	62.13	73.76	66.6	64.9	71.02	18.87	24.08	74.11	65.3	71.39	29.73	22.8	16.12	78.71	60.96	14.56	31.62	101.86	91.08	35.61	86.16	36.77	77.2	24.0	93.04	11.66	92.09	48.17	95.27	28.64	90.62	91.08	106.61	19.85	59.44	62.64	71.2	89.14	37.54	129.0	47.42	92.66	43.42	113.72	46.04
2	30.59	89.31	0.0	25.06	45.61	51.11	54.33	15.23	56.57	76.42	76.16	48.33	22.8	60.83	27.2	62.03	30.0	38.21	38.21	70.46	76.55	81.61	32.0	63.25	90.0	90.69	97.67	14.56	34.23	100.9	67.05	24.33	23.32	53.85	18.97	53.81	28.0	78.43	14.14	85.04	2.83	70.03	27.78	78.41	18.87	39.4	17.69	86.31	65.0	56.89	63.13	14.21	52.35	39.82	42.95	8.6	46.14	30.27	100.24
3	24.08	64.4	25.06	0.0	32.56	26.08	32.56	36.5	46.17	53.25	58.55	32.06	6.0	35.78	4.0	49.52	14.42	22.63	31.62	45.61	51.92	66.57	15.62	49.68	68.0	67.68	73.59	18.11	14.42	76.42	42.76	40.25	34.93	28.84	28.64	30.0	27.2	53.85	32.06	60.83	27.78	49.03	36.88	56.36	32.25	44.94	42.2	63.01	51.35	40.5	54.08	26.42	27.29	64.88	18.03	29.83	21.1	52.61	80.32
4	56.64	68.88	45.61	32.56	0.0	38.0	20.59	60.73	76.94	68.47	83.19	60.93	28.43	41.23	35.61	17.2	18.44	10.0	64.03	53.85	47.2	36.06	16.97	17.89	84.59	81.58	82.87	47.71	18.87	83.26	37.74	41.76	64.5	40.05	58.31	48.17	59.46	48.41	58.31	70.88	47.07	29.53	32.31	74.11	60.83	76.84	56.01	76.49	80.06	12.17	85.0	35.01	37.05	79.31	30.41	53.76	35.23	75.71	100.08
5	38.21	38.42	51.11	26.08	38.0	0.0	22.36	61.35	46.86	31.05	46.17	30.0	29.73	10.2	24.17	50.0	29.53	30.59	41.76	19.8	28.0	60.46	28.64	48.7	47.07	44.94	48.83	41.76	24.17	50.99	20.88	64.03	56.32	2.83	50.64	10.77	44.05	30.0	56.32	36.06	53.85	35.38	58.31	36.22	54.92	60.83	68.24	39.92	46.4	37.95	54.49	50.93	2.24	90.92	9.43	55.15	5.0	77.2	62.13
6	53.67	48.33	54.33	32.56	20.59	22.36	0.0	68.0	67.94	50.04	68.35	50.99	32.0	22.0	33.53	28.28	24.74	18.87	59.36	34.23	26.91	38.42	22.8	26.68	66.0	62.29	62.64	50.64	20.1	62.77	17.2	58.31	67.47	23.41	61.19	33.11	58.31	28.28	64.12	50.99	56.57	16.49	50.0	56.32	64.78	76.16	68.68	57.22	68.51	16.12	75.82	48.1	20.62	92.44	19.21	61.01	22.02	84.02	82.22
7	31.24	98.39	15.23	36.5	60.73	61.35	68.0	0.0	54.63	82.8	77.67	50.99	36.0	71.47	37.36	77.25	44.41	52.95	36.72	79.62	88.29	96.77	46.39	78.43	94.76	96.54	104.86	19.7	48.04	108.76	79.25	34.99	14.14	63.91	14.42	61.77	26.08	90.24	5.66	92.65	14.42	84.1	41.04	83.55	10.77	30.07	19.1	92.62	64.41	71.81	59.77	28.6	62.94	32.65	54.34	7.07	56.61	16.12	102.8
8	26.08	66.27	56.57	46.17	76.94	46.86	67.94	54.63	0.0	44.0	26.08	16.97	51.92	53.85	42.38	92.65	60.17	67.08	18.44	52.5	70.68	106.3	60.93	92.09	48.7	53.37	64.78	42.19	58.14	70.46	66.57	80.1	41.18	47.2	40.5	37.74	29.12	72.5	49.4	56.0	58.86	82.22	80.22	40.45	43.86	31.24	71.84	51.48	10.63	81.61	8.06	67.01	49.04	86.45	49.04	53.16	45.97	64.4	51.22
9	52.84	22.8	76.42	53.25	68.47	31.05	50.04	82.8	44.0	0.0	26.08	34.18	58.31	28.07	50.0	78.23	60.17	61.61	51.26	17.09	36.06	84.12	59.46	76.42	16.12	14.42	22.36	63.78	55.03	27.2	37.95	93.3	73.43	28.64	69.34	23.32	59.06	37.2	77.2	12.0	79.25	56.92	88.57	7.21	73.78	70.88	94.11	9.9	36.67	66.12	48.51	79.61	31.58	114.87	40.16	77.99	35.11	97.1	32.25
10	46.65	48.33	76.16	58.55	83.19	46.17	68.35	77.67	26.08	26.08	0.0	27.86	64.5	48.37	54.59	96.17	70.0	74.43	41.23	41.04	60.83	105.55	70.03	94.87	24.08	30.07	42.19	61.74	66.12	48.37	60.46	97.53	65.3	44.94	63.25	35.44	51.61	62.23	72.11	36.77	78.79	78.89	95.35	19.7	67.2	57.2	93.02	29.83	15.65	84.12	26.93	83.68	47.76	110.21	52.77	74.79	48.05	89.2	25.46
11	19.8	54.33	48.33	32.06	60.93	30.0	50.99	50.99	16.97	34.18	27.86	0.0	38.05	37.58	28.07	76.16	45.12	51.26	17.09	38.21	55.03	89.38	45.61	75.47	44.05	46.65	56.46	34.0	42.38	61.35	50.12	69.86	40.0	30.53	36.77	21.54	25.61	56.92	45.34	45.61	50.99	65.3	68.26	33.29	41.04	36.88	65.37	43.38	19.42	64.9	24.84	56.09	32.2	83.63	32.2	47.43	29.0	64.03	52.15
12	28.84	68.12	22.8	6.0	28.43	29.73	32.0	36.0	51.92	58.31	64.5	38.05	0.0	38.83	10.0	45.61	10.0	18.87	36.72	49.52	53.85	63.53	11.66	46.04	73.35	72.72	78.1	19.7	12.17	80.62	44.27	34.99	36.77	32.56	30.46	34.99	31.11	55.71	32.25	65.3	25.3	48.17	31.05	61.74	33.53	48.41	38.95	67.96	57.31	37.58	59.77	21.4	30.61	62.24	20.81	29.02	24.76	52.04	86.02
13	48.04	29.73	60.83	35.78	41.23	10.2	22.0	71.47	53.85	28.07	48.37	37.58	38.83	0.0	34.18	50.16	36.88	35.78	50.99	12.65	18.11	57.27	35.61	48.37	44.0	40.45	42.05	51.92	31.24	43.27	12.81	72.14	66.48	8.0	60.83	16.12	54.0	20.1	66.48	29.73	63.53	30.53	65.6	34.53	65.12	70.46	77.7	35.36	51.66	38.05	61.03	59.55	8.54	100.65	18.03	65.19	14.87	87.36	60.3
14	21.26	62.13	27.2	4.0	35.61	24.17	33.53	37.36	42.38	50.0	54.59	28.07	10.0	34.18	0.0	52.35	17.89	25.61	28.43	43.27	50.99	68.82	18.87	52.35	64.5	64.4	70.71	18.11	16.97	73.76	42.19	43.86	34.23	26.83	28.07	26.91	25.06	52.95	32.56	58.0	30.0	50.0	40.79	52.84	32.0	42.94	44.69	59.82	47.38	42.8	50.33	29.97	25.63	66.89	17.12	31.02	19.31	53.37	76.55
15	73.54	73.76	62.03	49.52	17.2	50.0	28.28	77.25	92.65	78.23	96.17	76.16	45.61	50.16	52.35	0.0	35.61	26.91	80.72	62.0	50.0	20.1	34.06	2.83	94.09	90.02	89.11	64.9	35.38	88.29	42.43	54.04	81.63	51.42	75.47	60.73	76.58	50.6	75.15	78.23	63.25	26.83	44.05	84.59	77.9	94.02	70.58	85.01	94.81	12.17	100.7	50.22	48.51	93.05	44.28	70.38	48.47	91.76	110.45
16	38.42	66.6	30.0	14.42	18.44	29.53	24.74	44.41	60.17	60.17	70.0	45.12	10.0	36.88	17.89	35.61	0.0	8.94	46.04	48.83	49.4	53.67	2.0	36.06	75.89	74.32	78.23	29.53	5.66	80.0	39.45	35.38	46.52	32.25	40.25	37.36	41.04	51.11	41.23	65.51	32.06	40.05	28.84	64.56	43.08	58.41	43.97	69.35	64.54	27.86	68.15	23.71	29.68	67.72	20.12	37.34	25.08	60.13	89.82
17	46.69	64.9	38.21	22.63	10.0	30.59	18.87	52.95	67.08	61.61	74.43	51.26	18.87	35.78	25.61	26.91	8.94	0.0	54.04	48.33	45.34	44.72	7.21	27.2	77.67	75.29	77.82	38.47	8.94	78.89	35.38	39.45	55.46	32.98	49.19	40.05	49.68	46.86	50.0	65.39	40.05	32.56	31.24	66.75	52.0	67.2	50.8	70.21	70.52	18.97	75.13	29.83	30.08	74.53	22.02	45.89	27.07	68.47	92.54
18	8.25	71.02	38.21	31.62	64.03	41.76	59.36	36.72	18.44	51.26	41.23	17.09	36.72	50.99	28.43	80.72	46.04	54.04	0.0	54.04	69.05	96.54	47.2	80.62	60.46	63.53	73.54	24.0	45.34	78.43	62.64	62.0	24.08	43.17	22.36	36.06	10.77	71.02	31.3	62.64	40.45	75.18	62.8	50.12	26.08	20.1	53.45	60.42	27.73	70.77	25.0	49.25	43.97	69.07	40.31	34.79	39.0	48.08	66.6
19	52.95	18.87	70.46	45.61	53.85	19.8	34.23	79.62	52.5	17.09	41.04	38.21	49.52	12.65	43.27	62.0	48.83	48.33	54.04	0.0	19.8	67.05	47.71	60.03	32.25	28.07	29.53	59.93	43.27	31.24	20.88	83.74	72.8	16.97	67.68	18.44	59.23	21.26	74.32	17.09	73.24	39.85	77.67	24.17	72.11	74.11	87.8	23.02	47.89	50.04	58.69	70.72	19.21	110.14	29.07	73.82	24.76	95.08	49.03
20	66.12	24.08	76.55	51.92	47.2	28.0	26.91	88.29	70.68	36.06	60.83	55.03	53.85	18.11	50.99	50.0	49.4	45.34	69.05	19.8	0.0	50.36	47.71	47.54	49.4	43.68	40.0	69.05	43.91	38.47	10.0	84.4	84.21	26.08	78.41	33.53	72.03	2.0	83.55	31.05	79.12	24.08	76.58	43.27	82.61	88.57	92.61	39.22	67.12	39.4	77.41	73.06	26.02	116.08	33.96	81.74	32.14	104.35	66.48
21	90.0	74.11	81.61	66.57	36.06	60.46	38.42	96.77	106.3	84.12	105.55	89.38	63.53	57.27	68.82	20.1	53.67	44.72	96.54	67.05	50.36	0.0	51.88	18.44	98.95	93.74	90.2	83.19	52.15	88.0	46.17	74.0	100.18	61.06	93.91	71.02	93.74	50.16	94.34	81.22	82.97	27.2	64.0	91.08	96.66	111.52	90.67	89.05	106.83	26.08	114.21	70.21	58.52	113.11	57.31	89.81	60.44	111.57	115.95
22	39.7	65.3	32.0	15.62	16.97	28.64	22.8	46.39	60.93	59.46	70.03	45.61	11.66	35.61	18.87	34.06	2.0	7.21	47.2	47.71	47.71	51.88	0.0	34.41	75.29	73.54	77.18	31.3	4.47	78.82	37.74	36.88	48.33	31.3	42.05	36.88	42.52	49.4	43.17	64.5	34.06	38.05	30.0	64.03	44.94	60.0	45.88	68.54	65.0	26.0	68.94	25.5	28.65	69.64	19.31	39.32	24.35	62.13	89.44
23	73.59	71.39	63.25	49.68	17.89	48.7	26.68	78.43	92.09	76.42	94.87	75.47	46.04	48.37	52.35	2.83	36.06	27.2	80.62	60.03	47.54	18.44	34.41	0.0	92.2	88.0	86.83	65.51	35.38	85.91	40.2	56.14	82.37	50.0	76.16	59.46	76.84	48.08	76.16	76.11	64.56	24.17	46.17	82.87	78.71	94.4	72.34	83.01	93.94	10.77	100.12	51.79	47.13	95.01	43.42	71.51	47.42	93.15	108.66
24	63.78	29.73	90.0	68.0	84.59	47.07	66.0	94.76	48.7	16.12	24.08	44.05	73.35	44.0	64.5	94.09	75.89	77.67	60.46	32.25	49.4	98.95	75.29	92.2	0.0	7.21	18.97	76.58	70.88	25.3	52.95	108.24	84.02	44.72	80.72	38.63	69.66	50.16	89.11	18.87	92.8	71.81	104.0	11.66	85.04	78.71	107.62	10.3	39.05	82.02	50.8	94.41	47.68	127.29	56.04	90.61	50.96	108.07	17.09
25	66.03	22.8	90.69	67.68	81.58	44.94	62.29	96.54	53.37	14.42	30.07	46.65	72.72	40.45	64.4	90.02	74.32	75.29	63.53	28.07	43.68	93.74	73.54	88.0	7.21	0.0	12.17	77.79	69.08	18.44	48.17	107.7	86.53	42.38	82.8	37.74	72.11	44.27	90.91	12.65	93.51	66.75	102.86	13.42	87.2	82.46	108.37	5.1	44.28	78.1	56.22	94.03	45.22	128.82	54.23	91.97	49.24	110.44	23.32
26	75.18	16.12	97.67	73.59	82.87	48.83	62.64	104.86	64.78	22.36	42.19	56.46	78.1	42.05	70.71	89.11	78.23	77.82	73.54	29.53	40.0	90.2	77.18	86.83	18.97	12.17	0.0	85.6	72.72	6.32	46.69	112.8	95.77	46.04	91.59	43.86	81.41	40.05	99.3	12.81	100.5	64.03	107.07	24.33	96.04	92.97	115.31	13.34	56.08	77.67	68.07	99.49	48.55	136.65	58.25	99.81	53.6	119.36	32.56
27	16.12	78.71	14.56	18.11	47.71	41.76	50.64	19.7	42.19	63.78	61.74	34.0	19.7	51.92	18.11	64.9	29.53	38.47	24.0	59.93	69.05	83.19	31.3	65.51	76.58	77.79	85.6	0.0	31.62	89.31	60.3	38.0	17.09	44.27	10.77	42.19	14.56	71.02	14.56	73.24	17.09	67.08	39.29	65.12	14.14	29.73	31.38	73.66	50.45	57.27	49.0	25.5	43.42	51.09	35.23	14.21	37.11	35.44	86.09
28	38.21	60.96	34.23	14.42	18.87	24.17	20.1	48.04	58.14	55.03	66.12	42.38	12.17	31.24	16.97	35.38	5.66	8.94	45.34	43.27	43.91	52.15	4.47	35.38	70.88	69.08	72.72	31.62	0.0	74.4	34.0	41.04	48.7	26.83	42.38	32.56	41.62	45.65	44.41	60.03	36.5	36.06	34.41	59.67	45.61	59.36	49.04	64.08	61.68	26.08	66.19	29.15	24.19	72.73	14.87	41.01	19.92	64.0	85.16
29	79.62	14.56	100.9	76.42	83.26	50.99	62.77	108.76	70.46	27.2	48.37	61.35	80.62	43.27	73.76	88.29	80.0	78.89	78.43	31.24	38.47	88.0	78.82	85.91	25.3	18.44	6.32	89.31	74.4	0.0	46.17	114.98	100.18	48.17	95.77	47.2	85.91	38.21	103.25	16.12	103.71	62.51	108.81	30.07	100.24	98.08	118.44	19.03	62.01	77.2	74.01	101.91	50.45	140.21	60.31	103.47	55.9	123.55	38.42
30	58.86	31.62	67.05	42.76	37.74	20.88	17.2	79.25	66.57	37.95	60.46	50.12	44.27	12.81	42.19	42.43	39.45	35.38	62.64	20.88	10.0	46.17	37.74	40.2	52.95	48.17	46.69	60.3	34.0	46.17	0.0	74.4	76.0	19.7	70.03	28.84	64.5	11.66	74.67	36.0	69.57	18.97	66.6	44.94	74.11	81.58	82.86	43.29	64.44	31.05	73.82	63.13	18.68	106.4	25.08	72.57	24.19	95.35	69.86
31	54.04	101.86	24.33	40.25	41.76	64.03	58.31	34.99	80.1	93.3	97.53	69.86	34.99	72.14	43.86	54.04	35.38	39.45	62.0	83.74	84.4	74.0	36.88	56.14	108.24	107.7	112.8	38.0	41.04	114.98	74.4	0.0	46.82	66.84	43.17	69.97	52.15	86.02	36.77	100.0	22.8	70.94	10.0	96.6	42.38	63.25	19.42	102.93	87.82	53.85	87.0	13.93	64.54	39.32	54.67	31.02	59.2	44.05	120.33
32	20.59	91.08	23.32	34.93	64.5	56.32	67.47	14.14	41.18	73.43	65.3	40.0	36.77	66.48	34.23	81.63	46.52	55.46	24.08	72.8	84.21	100.18	48.33	82.37	84.02	86.53	95.77	17.09	48.7	100.18	76.0	46.82	0.0	58.55	6.32	54.41	14.42	86.21	10.2	84.1	24.17	83.95	51.11	73.24	4.47	16.49	33.0	83.01	51.31	74.32	45.88	37.44	58.22	45.28	51.04	15.81	52.09	24.08	90.69
33	40.05	35.61	53.85	28.84	40.05	2.83	23.41	63.91	47.2	28.64	44.94	30.53	32.56	8.0	26.83	51.42	32.25	32.98	43.17	16.97	26.08	61.06	31.3	50.0	44.72	42.38	46.04	44.27	26.83	48.17	19.7	66.84	58.55	0.0	52.95	10.0	46.0	28.07	58.82	33.29	56.6	35.38	61.06	34.06	57.27	62.51	71.03	37.34	46.1	39.29	54.67	53.76	3.0	93.65	12.21	57.78	7.81	79.7	60.03
34	16.97	86.16	18.97	28.64	58.31	50.64	61.19	14.42	40.5	69.34	63.25	36.77	30.46	60.83	28.07	75.47	40.25	49.19	22.36	67.68	78.41	93.91	42.05	76.16	80.72	82.8	91.59	10.77	42.38	95.77	70.03	43.17	6.32	52.95	0.0	49.4	11.66	80.4	8.94	79.65	20.4	77.67	46.52	69.66	4.47	20.59	31.58	79.06	50.09	68.03	46.1	32.65	52.47	47.01	45.0	13.04	46.27	27.78	88.41
35	34.53	36.77	53.81	30.0	48.17	10.77	33.11	61.77	37.74	23.32	35.44	21.54	34.99	16.12	26.91	60.73	37.36	40.05	36.06	18.44	33.53	71.02	36.88	59.46	38.63	37.74	43.86	42.19	32.56	47.2	28.84	69.97	54.41	10.0	49.4	0.0	40.79	35.44	56.36	31.24	56.64	45.34	65.39	27.2	53.85	56.0	71.45	33.02	36.12	48.7	45.0	56.3	12.53	93.01	18.03	56.3	13.0	76.97	52.61
36	6.32	77.2	28.0	27.2	59.46	44.05	58.31	26.08	29.12	59.06	51.61	25.61	31.11	54.0	25.06	76.58	41.04	49.68	10.77	59.23	72.03	93.74	42.52	76.84	69.66	72.11	81.41	14.56	41.62	85.91	64.5	52.15	14.42	46.0	11.66	40.79	0.0	74.03	20.59	69.86	30.07	74.67	53.85	58.82	15.62	17.89	42.72	68.6	38.48	67.68	35.23	40.02	46.1	58.6	40.26	24.04	40.31	38.42	76.84
37	68.12	24.0	78.43	53.85	48.41	30.0	28.28	90.24	72.5	37.2	62.23	56.92	55.71	20.1	52.95	50.6	51.11	46.86	71.02	21.26	2.0	50.16	49.4	48.08	50.16	44.27	40.05	71.02	45.65	38.21	11.66	86.02	86.21	28.07	80.4	35.44	74.03	0.0	85.51	31.62	80.99	24.33	78.1	44.41	84.59	90.55	94.43	39.92	68.8	40.25	79.18	74.79	28.02	117.92	35.9	83.68	34.13	106.3	67.23
38	25.61	93.04	14.14	32.06	58.31	56.32	64.12	5.66	49.4	77.2	72.11	45.34	32.25	66.48	32.56	75.15	41.23	50.0	31.3	74.32	83.55	94.34	43.17	76.16	89.11	90.91	99.3	14.56	44.41	103.25	74.67	36.77	10.2	58.82	8.94	56.36	20.59	85.51	0.0	87.13	14.42	80.4	41.62	77.9	6.0	26.68	23.09	87.01	59.03	68.96	54.82	28.32	57.97	38.29	49.65	5.83	51.66	20.88	97.2
39	63.56	11.66	85.04	60.83	70.88	36.06	50.99	92.65	56.0	12.0	36.77	45.61	65.3	29.73	58.0	78.23	65.51	65.39	62.64	17.09	31.05	81.22	64.5	76.11	18.87	12.65	12.81	73.24	60.03	16.12	36.0	100.0	84.1	33.29	79.65	31.24	69.86	31.62	87.13	0.0	87.86	54.33	94.34	17.09	84.12	82.46	102.65	8.6	48.51	66.48	60.41	86.68	35.85	124.2	45.49	87.42	40.8	107.42	35.78
40	32.98	92.09	2.83	27.78	47.07	53.85	56.57	14.42	58.86	79.25	78.79	50.99	25.3	63.53	30.0	63.25	32.06	40.05	40.45	73.24	79.12	82.97	34.06	64.56	92.8	93.51	100.5	17.09	36.5	103.71	69.57	22.8	24.17	56.6	20.4	56.64	30.07	80.99	14.42	87.86	0.0	72.11	27.2	81.22	19.7	40.5	14.87	89.14	67.45	58.55	65.28	14.21	55.07	37.12	45.62	8.6	48.88	28.64	102.96
41	69.86	48.17	70.03	49.03	29.53	35.38	16.49	84.1	82.22	56.92	78.89	65.3	48.17	30.53	50.0	26.83	40.05	32.56	75.18	39.85	24.08	27.2	38.05	24.17	71.81	66.75	64.03	67.08	36.06	62.51	18.97	70.94	83.95	35.38	77.67	45.34	74.67	24.33	80.4	54.33	72.11	0.0	61.74	63.91	81.22	92.48	83.36	61.98	81.47	18.44	89.87	62.37	33.24	107.08	34.89	77.06	36.62	100.02	88.77
42	54.59	95.27	27.78	36.88	32.31	58.31	50.0	41.04	80.22	88.57	95.35	68.26	31.05	65.6	40.79	44.05	28.84	31.24	62.8	77.67	76.58	64.0	30.0	46.17	104.0	102.86	107.07	39.29	34.41	108.81	66.6	10.0	51.11	61.06	46.52	65.39	53.85	78.1	41.62	94.34	27.2	61.74	0.0	92.48	46.65	67.08	28.23	97.95	87.02	44.27	87.57	13.93	58.52	49.25	48.88	35.81	53.71	52.15	117.05
43	52.8	28.64	78.41	56.36	74.11	36.22	56.32	83.55	40.45	7.21	19.7	33.29	61.74	34.53	52.84	84.59	64.56	66.75	50.12	24.17	43.27	91.08	64.03	82.87	11.66	13.42	24.33	65.12	59.67	30.07	44.94	96.6	73.24	34.06	69.66	27.2	58.82	44.41	77.9	17.09	81.22	63.91	92.48	0.0	74.03	69.08	96.05	11.05	32.02	72.44	44.01	82.76	37.05	115.97	44.91	79.21	39.81	97.2	26.0
44	21.26	90.62	18.87	32.25	60.83	54.92	64.78	10.77	43.86	73.78	67.2	41.04	33.53	65.12	32.0	77.9	43.08	52.0	26.08	72.11	82.61	96.66	44.94	78.71	85.04	87.2	96.04	14.14	45.61	100.24	74.11	42.38	4.47	57.27	4.47	53.85	15.62	84.59	6.0	84.12	19.7	81.22	46.65	74.03	0.0	20.88	29.07	83.49	53.71	70.94	49.04	33.02	56.72	43.01	49.04	11.4	50.49	23.32	92.46
45	22.8	91.08	39.4	44.94	76.84	60.83	76.16	30.07	31.24	70.88	57.2	36.88	48.41	70.46	42.94	94.02	58.41	67.2	20.1	74.11	88.57	111.52	60.0	94.4	78.71	82.46	92.97	29.73	59.36	98.08	81.58	63.25	16.49	62.51	20.59	56.0	17.89	90.55	26.68	82.46	40.5	92.48	67.08	69.08	20.88	0.0	49.16	79.71	41.87	85.44	33.6	53.24	62.97	58.19	57.87	32.28	57.49	34.93	82.46
46	46.62	106.61	17.69	42.2	56.01	68.24	68.68	19.1	71.84	94.11	93.02	65.37	38.95	77.7	44.69	70.58	43.97	50.8	53.45	87.8	92.61	90.67	45.88	72.34	107.62	108.37	115.31	31.38	49.04	118.44	82.86	19.42	33.0	71.03	31.58	71.45	42.72	94.43	23.09	102.65	14.87	83.36	28.23	96.05	29.07	49.16	0.0	104.0	80.99	68.07	77.67	21.1	69.34	23.77	59.68	18.68	63.25	24.76	117.48
47	62.43	19.85	86.31	63.01	76.49	39.92	57.22	92.62	51.48	9.9	29.83	43.38	67.96	35.36	59.82	85.01	69.35	70.21	60.42	23.02	39.22	89.05	68.54	83.01	10.3	5.1	13.34	73.66	64.08	19.03	43.29	102.93	83.01	37.34	79.06	33.02	68.6	39.92	87.01	8.6	89.14	61.98	97.95	11.05	83.49	79.71	104.0	0.0	43.0	73.06	55.0	89.31	40.16	124.74	49.24	87.86	44.28	106.78	27.31
48	34.48	59.44	65.0	51.35	80.06	46.4	68.51	64.41	10.63	36.67	15.65	19.42	57.31	51.66	47.38	94.81	64.54	70.52	27.73	47.89	67.12	106.83	65.0	93.94	39.05	44.28	56.08	50.45	61.68	62.01	64.44	87.82	51.31	46.1	50.09	36.12	38.48	68.8	59.03	48.51	67.45	81.47	87.02	32.02	53.71	41.87	80.99	43.0	0.0	83.24	12.0	74.33	48.41	96.57	50.54	62.39	46.65	74.81	40.61
49	64.03	62.64	56.89	40.5	12.17	37.95	16.12	71.81	81.61	66.12	84.12	64.9	37.58	38.05	42.8	12.17	27.86	18.97	70.77	50.04	39.4	26.08	26.0	10.77	82.02	78.1	77.67	57.27	26.08	77.2	31.05	53.85	74.32	39.29	68.03	48.7	67.68	40.25	68.96	66.48	58.55	18.44	44.27	72.44	70.94	85.44	68.07	73.06	83.24	0.0	89.63	47.01	36.4	91.44	32.76	64.76	36.67	87.13	98.33
50	33.06	71.2	63.13	54.08	85.0	54.49	75.82	59.77	8.06	48.51	26.93	24.84	59.77	61.03	50.33	100.7	68.15	75.13	25.0	58.69	77.41	114.21	68.94	100.12	50.8	56.22	68.07	49.0	66.19	74.01	73.82	87.0	45.88	54.67	46.1	45.0	35.23	79.18	54.82	60.41	65.28	89.87	87.57	44.01	49.04	33.6	77.67	55.0	12.0	89.63	0.0	74.17	56.64	90.8	57.01	59.03	53.81	68.1	50.61
51	41.11	89.14	14.21	26.42	35.01	50.93	48.1	28.6	67.01	79.61	83.68	56.09	21.4	59.55	29.97	50.22	23.71	29.83	49.25	70.72	73.06	70.21	25.5	51.79	94.41	94.03	99.49	25.5	29.15	101.91	63.13	13.93	37.44	53.76	32.65	56.3	40.02	74.79	28.32	86.68	14.21	62.37	13.93	82.76	33.02	53.24	21.1	89.31	74.33	47.01	74.17	0.0	51.62	44.72	41.73	22.63	46.01	41.79	106.4
52	40.31	37.54	52.35	27.29	37.05	2.24	20.62	62.94	49.04	31.58	47.76	32.2	30.61	8.54	25.63	48.51	29.68	30.08	43.97	19.21	26.02	58.52	28.65	47.13	47.68	45.22	48.55	43.42	24.19	50.45	18.68	64.54	58.22	3.0	52.47	12.53	46.1	28.02	57.97	35.85	55.07	33.24	58.52	37.05	56.72	62.97	69.34	40.16	48.41	36.4	56.64	51.62	0.0	92.18	9.9	56.65	6.32	78.85	63.03
53	63.89	129.0	39.82	64.88	79.31	90.92	92.44	32.65	86.45	114.87	110.21	83.63	62.24	100.65	66.89	93.05	67.72	74.53	69.07	110.14	116.08	113.11	69.64	95.01	127.29	128.82	136.65	51.09	72.73	140.21	106.4	39.32	45.28	93.65	47.01	93.01	58.6	117.92	38.29	124.2	37.12	107.08	49.25	115.97	43.01	58.19	23.77	124.74	96.57	91.44	90.8	44.72	92.18	0.0	82.73	36.88	85.96	23.54	135.42
54	35.11	47.42	42.95	18.03	30.41	9.43	19.21	54.34	49.04	40.16	52.77	32.2	20.81	18.03	17.12	44.28	20.12	22.02	40.31	29.07	33.96	57.31	19.31	43.42	56.04	54.23	58.25	35.23	14.87	60.31	25.08	54.67	51.04	12.21	45.0	18.03	40.26	35.9	49.65	45.49	45.62	34.89	48.88	44.91	49.04	57.87	59.68	49.24	50.54	32.76	57.01	41.73	9.9	82.73	0.0	47.8	5.1	70.41	70.58
55	28.18	92.66	8.6	29.83	53.76	55.15	61.01	7.07	53.16	77.99	74.79	47.43	29.02	65.19	31.02	70.38	37.34	45.89	34.79	73.82	81.74	89.81	39.32	71.51	90.61	91.97	99.81	14.21	41.01	103.47	72.57	31.02	15.81	57.78	13.04	56.3	24.04	83.68	5.83	87.42	8.6	77.06	35.81	79.21	11.4	32.28	18.68	87.86	62.39	64.76	59.03	22.63	56.65	36.88	47.8	0.0	50.33	23.02	99.57
56	34.71	43.42	46.14	21.1	35.23	5.0	22.02	56.61	45.97	35.11	48.05	29.0	24.76	14.87	19.31	48.47	25.08	27.07	39.0	24.76	32.14	60.44	24.35	47.42	50.96	49.24	53.6	37.11	19.92	55.9	24.19	59.2	52.09	7.81	46.27	13.0	40.31	34.13	51.66	40.8	48.88	36.62	53.71	39.81	50.49	57.49	63.25	44.28	46.65	36.67	53.81	46.01	6.32	85.96	5.1	50.33	0.0	72.53	65.49
57	44.41	113.72	30.27	52.61	75.71	77.2	84.02	16.12	64.4	97.1	89.2	64.03	52.04	87.36	53.37	91.76	60.13	68.47	48.08	95.08	104.35	111.57	62.13	93.15	108.07	110.44	119.36	35.44	64.0	123.55	95.35	44.05	24.08	79.7	27.78	76.97	38.42	106.3	20.88	107.42	28.64	100.02	52.15	97.2	23.32	34.93	24.76	106.78	74.81	87.13	68.1	41.79	78.85	23.54	70.41	23.02	72.53	0.0	114.63
58	71.61	46.04	100.24	80.32	100.08	62.13	82.22	102.8	51.22	32.25	25.46	52.15	86.02	60.3	76.55	110.45	89.82	92.54	66.6	49.03	66.48	115.95	89.44	108.66	17.09	23.32	32.56	86.09	85.16	38.42	69.86	120.33	90.69	60.03	88.41	52.61	76.84	67.23	97.2	35.78	102.96	88.77	117.05	26.0	92.46	82.46	117.48	27.31	40.61	98.33	50.61	106.4	63.03	135.42	70.58	99.57	65.49	114.63	0.0
;
