set K:= 1	2	3	4	5	6	7;
set C_H:= 1	2	3	4	5	6	7	8	9	10	11	12	13	14	15	16	17;
set C_S:= 18	19	20	21	22	23	24	25	26	27	28	29	30	31	32;
set C_F:= 33	34	35	36	37	38	39	40	41	42	43	44	45	46	47;
set M:= 48	49;
set L_B:= 50	51	52	53	54	55	56;
set A1:=
(0,*) 1 2 3 4 5 6 7 8 9 10 11 12 13 14 15 16 17 33 34 35 36 37 38 39 40 41 42 43 44 45 46 47 48 49 50 51 52 53 54 55 56
(1,*) 0 2 3 4 5 6 7 8 9 10 11 12 13 14 15 16 17 33 34 35 36 37 38 39 40 41 42 43 44 45 46 47 48 49 50 51 52 53 54 55 56
(2,*) 0 1 3 4 5 6 7 8 9 10 11 12 13 14 15 16 17 33 34 35 36 37 38 39 40 41 42 43 44 45 46 47 48 49 50 51 52 53 54 55 56
(3,*) 0 1 2 4 5 6 7 8 9 10 11 12 13 14 15 16 17 33 34 35 36 37 38 39 40 41 42 43 44 45 46 47 48 49 50 51 52 53 54 55 56
(4,*) 0 1 2 3 5 6 7 8 9 10 11 12 13 14 15 16 17 33 34 35 36 37 38 39 40 41 42 43 44 45 46 47 48 49 50 51 52 53 54 55 56
(5,*) 0 1 2 3 4 6 7 8 9 10 11 12 13 14 15 16 17 33 34 35 36 37 38 39 40 41 42 43 44 45 46 47 48 49 50 51 52 53 54 55 56
(6,*) 0 1 2 3 4 5 7 8 9 10 11 12 13 14 15 16 17 33 34 35 36 37 38 39 40 41 42 43 44 45 46 47 48 49 50 51 52 53 54 55 56
(7,*) 0 1 2 3 4 5 6 8 9 10 11 12 13 14 15 16 17 33 34 35 36 37 38 39 40 41 42 43 44 45 46 47 48 49 50 51 52 53 54 55 56
(8,*) 0 1 2 3 4 5 6 7 9 10 11 12 13 14 15 16 17 33 34 35 36 37 38 39 40 41 42 43 44 45 46 47 48 49 50 51 52 53 54 55 56
(9,*) 0 1 2 3 4 5 6 7 8 10 11 12 13 14 15 16 17 33 34 35 36 37 38 39 40 41 42 43 44 45 46 47 48 49 50 51 52 53 54 55 56
(10,*) 0 1 2 3 4 5 6 7 8 9 11 12 13 14 15 16 17 33 34 35 36 37 38 39 40 41 42 43 44 45 46 47 48 49 50 51 52 53 54 55 56
(11,*) 0 1 2 3 4 5 6 7 8 9 10 12 13 14 15 16 17 33 34 35 36 37 38 39 40 41 42 43 44 45 46 47 48 49 50 51 52 53 54 55 56
(12,*) 0 1 2 3 4 5 6 7 8 9 10 11 13 14 15 16 17 33 34 35 36 37 38 39 40 41 42 43 44 45 46 47 48 49 50 51 52 53 54 55 56
(13,*) 0 1 2 3 4 5 6 7 8 9 10 11 12 14 15 16 17 33 34 35 36 37 38 39 40 41 42 43 44 45 46 47 48 49 50 51 52 53 54 55 56
(14,*) 0 1 2 3 4 5 6 7 8 9 10 11 12 13 15 16 17 33 34 35 36 37 38 39 40 41 42 43 44 45 46 47 48 49 50 51 52 53 54 55 56
(15,*) 0 1 2 3 4 5 6 7 8 9 10 11 12 13 14 16 17 33 34 35 36 37 38 39 40 41 42 43 44 45 46 47 48 49 50 51 52 53 54 55 56
(16,*) 0 1 2 3 4 5 6 7 8 9 10 11 12 13 14 15 17 33 34 35 36 37 38 39 40 41 42 43 44 45 46 47 48 49 50 51 52 53 54 55 56
(17,*) 0 1 2 3 4 5 6 7 8 9 10 11 12 13 14 15 16 33 34 35 36 37 38 39 40 41 42 43 44 45 46 47 48 49 50 51 52 53 54 55 56
(33,*) 0 1 2 3 4 5 6 7 8 9 10 11 12 13 14 15 16 17 34 35 36 37 38 39 40 41 42 43 44 45 46 47 48 49 50 51 52 53 54 55 56
(34,*) 0 1 2 3 4 5 6 7 8 9 10 11 12 13 14 15 16 17 33 35 36 37 38 39 40 41 42 43 44 45 46 47 48 49 50 51 52 53 54 55 56
(35,*) 0 1 2 3 4 5 6 7 8 9 10 11 12 13 14 15 16 17 33 34 36 37 38 39 40 41 42 43 44 45 46 47 48 49 50 51 52 53 54 55 56
(36,*) 0 1 2 3 4 5 6 7 8 9 10 11 12 13 14 15 16 17 33 34 35 37 38 39 40 41 42 43 44 45 46 47 48 49 50 51 52 53 54 55 56
(37,*) 0 1 2 3 4 5 6 7 8 9 10 11 12 13 14 15 16 17 33 34 35 36 38 39 40 41 42 43 44 45 46 47 48 49 50 51 52 53 54 55 56
(38,*) 0 1 2 3 4 5 6 7 8 9 10 11 12 13 14 15 16 17 33 34 35 36 37 39 40 41 42 43 44 45 46 47 48 49 50 51 52 53 54 55 56
(39,*) 0 1 2 3 4 5 6 7 8 9 10 11 12 13 14 15 16 17 33 34 35 36 37 38 40 41 42 43 44 45 46 47 48 49 50 51 52 53 54 55 56
(40,*) 0 1 2 3 4 5 6 7 8 9 10 11 12 13 14 15 16 17 33 34 35 36 37 38 39 41 42 43 44 45 46 47 48 49 50 51 52 53 54 55 56
(41,*) 0 1 2 3 4 5 6 7 8 9 10 11 12 13 14 15 16 17 33 34 35 36 37 38 39 40 42 43 44 45 46 47 48 49 50 51 52 53 54 55 56
(42,*) 0 1 2 3 4 5 6 7 8 9 10 11 12 13 14 15 16 17 33 34 35 36 37 38 39 40 41 43 44 45 46 47 48 49 50 51 52 53 54 55 56
(43,*) 0 1 2 3 4 5 6 7 8 9 10 11 12 13 14 15 16 17 33 34 35 36 37 38 39 40 41 42 44 45 46 47 48 49 50 51 52 53 54 55 56
(44,*) 0 1 2 3 4 5 6 7 8 9 10 11 12 13 14 15 16 17 33 34 35 36 37 38 39 40 41 42 43 45 46 47 48 49 50 51 52 53 54 55 56
(45,*) 0 1 2 3 4 5 6 7 8 9 10 11 12 13 14 15 16 17 33 34 35 36 37 38 39 40 41 42 43 44 46 47 48 49 50 51 52 53 54 55 56
(46,*) 0 1 2 3 4 5 6 7 8 9 10 11 12 13 14 15 16 17 33 34 35 36 37 38 39 40 41 42 43 44 45 47 48 49 50 51 52 53 54 55 56
(47,*) 0 1 2 3 4 5 6 7 8 9 10 11 12 13 14 15 16 17 33 34 35 36 37 38 39 40 41 42 43 44 45 46 48 49 50 51 52 53 54 55 56
(48,*) 0 1 2 3 4 5 6 7 8 9 10 11 12 13 14 15 16 17 33 34 35 36 37 38 39 40 41 42 43 44 45 46 47 49 50 51 52 53 54 55 56
(49,*) 0 1 2 3 4 5 6 7 8 9 10 11 12 13 14 15 16 17 33 34 35 36 37 38 39 40 41 42 43 44 45 46 47 48 50 51 52 53 54 55 56
(50,*) 0 1 2 3 4 5 6 7 8 9 10 11 12 13 14 15 16 17 33 34 35 36 37 38 39 40 41 42 43 44 45 46 47 48 49 51 52 53 54 55 56
(51,*) 0 1 2 3 4 5 6 7 8 9 10 11 12 13 14 15 16 17 33 34 35 36 37 38 39 40 41 42 43 44 45 46 47 48 49 50 52 53 54 55 56
(52,*) 0 1 2 3 4 5 6 7 8 9 10 11 12 13 14 15 16 17 33 34 35 36 37 38 39 40 41 42 43 44 45 46 47 48 49 50 51 53 54 55 56
(53,*) 0 1 2 3 4 5 6 7 8 9 10 11 12 13 14 15 16 17 33 34 35 36 37 38 39 40 41 42 43 44 45 46 47 48 49 50 51 52 54 55 56
(54,*) 0 1 2 3 4 5 6 7 8 9 10 11 12 13 14 15 16 17 33 34 35 36 37 38 39 40 41 42 43 44 45 46 47 48 49 50 51 52 53 55 56
(55,*) 0 1 2 3 4 5 6 7 8 9 10 11 12 13 14 15 16 17 33 34 35 36 37 38 39 40 41 42 43 44 45 46 47 48 49 50 51 52 53 54 56
(56,*) 0 1 2 3 4 5 6 7 8 9 10 11 12 13 14 15 16 17 33 34 35 36 37 38 39 40 41 42 43 44 45 46 47 48 49 50 51 52 53 54 55
;
set A2:=
(48,*) 49
(49,*) 48
;
param BigM:=99999;
param n:= 7;
param d:=
1	14
2	11
3	22
4	2
5	18
6	10
7	9
8	18
9	16
10	14
11	5
12	12
13	15
14	9
15	3
16	9
17	18
18	20
19	25
20	22
21	24
22	8
23	16
24	2
25	10
26	2
27	3
28	23
29	8
30	4
31	13
32	7
33	5
34	26
35	14
36	11
37	15
38	23
39	8
40	12
41	20
42	13
43	25
44	16
45	14
46	16
47	16
;
param Q:=100;
param w:=
[48,*] 49 0.5
[49,*] 48 0.5
;
param V:=
[48,*] 49 94
[49,*] 48 94
;
param e:
	48	49	50	51	52	53	54	55	56:=
18	0	0	1	0	0	0	0	0	0	
19	0	0	0	1	0	0	0	0	0	
20	0	0	0	0	1	0	0	0	0	
21	0	0	1	0	0	0	1	0	0	
22	0	0	0	0	0	0	0	1	0	
23	0	0	0	0	0	0	0	1	0	
24	0	0	0	0	0	1	0	0	0	
25	0	0	0	1	0	0	0	1	0	
26	0	0	0	0	1	0	0	0	0	
27	0	0	1	0	0	0	0	0	0	
28	0	0	0	0	1	0	0	0	0	
29	0	0	0	0	1	0	0	0	0	
30	0	0	0	1	0	0	0	0	0	
31	0	0	0	0	0	0	0	1	0	
32	0	0	0	0	1	0	1	0	0	
33	0	0	0	0	0	0	0	0	1	
34	0	0	0	1	0	0	0	0	0	
35	0	0	0	1	0	1	0	1	0	
36	0	0	0	0	1	0	0	0	0	
37	0	0	0	0	1	0	0	0	0	
38	0	0	1	0	1	0	1	0	0	
39	0	0	0	1	0	0	0	1	0	
40	0	0	0	1	0	1	0	0	0	
41	0	0	0	0	0	0	0	1	0	
42	0	0	1	0	1	0	1	0	1	
43	0	0	1	0	1	0	1	0	1	
44	0	0	0	1	0	1	0	0	0	
45	0	0	0	0	1	0	0	0	0	
46	0	0	1	0	0	1	1	1	1	
47	0	0	1	0	0	0	0	0	0	
;
param p:=
1	3
2	3
3	3
4	3
5	3
6	3
7	3
;
param G:=
48	85
49	94
50	74
51	82
52	83
53	73
54	82
55	95
56	82
;
param s:=
0	0
1	10
2	10
3	10
4	10
5	10
6	10
7	10
8	10
9	10
10	10
11	10
12	10
13	10
14	10
15	10
16	10
17	10
33	10
34	10
35	10
36	10
37	10
38	10
39	10
40	10
41	10
42	10
43	10
44	10
45	10
46	10
47	10
48	10
49	10
50	10
51	10
52	10
53	10
54	10
55	10
56	10
;
param t:
	0	1	2	3	4	5	6	7	8	9	10	11	12	13	14	15	16	17	18	19	20	21	22	23	24	25	26	27	28	29	30	31	32	33	34	35	36	37	38	39	40	41	42	43	44	45	46	47	48	49	50	51	52	53	54	55	56:=
0	0.0	58.31	87.32	44.18	48.37	82.1	70.88	88.57	80.62	63.81	94.09	48.17	26.68	70.26	56.36	37.74	38.05	92.65	48.08	47.41	36.22	36.88	81.71	72.8	74.24	81.63	36.22	60.17	62.77	60.46	88.77	34.53	14.14	77.79	58.0	97.02	11.66	16.12	12.81	78.89	90.0	72.25	18.87	44.27	88.0	36.06	54.33	38.21	46.53	86.68	35.13	88.6	35.47	76.12	33.06	74.0	36.06
1	58.31	0.0	55.71	97.53	58.82	69.43	48.41	51.42	64.03	87.36	83.74	86.02	79.7	59.46	31.24	70.03	52.61	48.0	97.32	92.35	92.48	26.08	50.16	98.08	39.4	40.79	89.84	44.05	79.12	86.35	62.61	87.36	63.25	86.09	12.81	69.08	46.65	42.19	61.35	39.29	78.1	24.08	61.61	65.12	76.58	31.3	50.12	22.36	23.35	91.84	47.27	60.42	63.07	58.26	52.09	47.71	48.37
2	87.32	55.71	0.0	107.52	49.52	26.0	17.2	8.25	20.1	69.86	36.06	82.8	94.4	26.83	32.25	70.71	54.41	20.4	101.98	93.72	108.41	54.33	6.0	77.79	16.49	16.97	102.18	27.78	59.09	71.55	8.94	99.36	82.37	54.59	43.68	13.42	78.59	75.71	81.41	17.2	31.05	33.29	77.18	59.46	30.59	80.22	36.88	56.04	76.69	55.01	54.2	5.83	65.19	18.38	58.52	13.42	53.85
3	44.18	97.53	107.52	0.0	58.14	91.59	90.51	111.8	93.23	50.99	98.49	29.12	18.11	82.8	83.76	36.88	54.04	119.63	10.2	18.11	11.31	72.11	103.25	54.0	99.64	108.41	8.0	80.72	57.58	47.07	105.26	10.2	34.53	72.8	93.23	112.8	54.04	58.14	36.5	105.6	96.6	104.71	36.06	48.41	94.83	80.02	70.71	75.29	90.05	81.25	56.3	106.4	42.45	91.05	51.04	94.76	56.04
4	48.37	58.82	49.52	58.14	0.0	35.44	32.8	54.41	35.78	28.64	46.04	34.0	46.52	25.06	32.06	21.26	10.77	63.53	52.5	44.41	60.03	36.06	45.61	39.29	43.86	52.8	53.25	24.17	20.59	28.07	47.2	50.48	38.21	31.62	48.66	54.92	44.94	44.72	38.05	50.16	42.43	54.33	32.25	10.0	40.45	62.29	13.42	40.5	66.22	39.82	15.81	48.27	16.55	33.02	15.52	37.2	14.42
5	82.1	69.43	26.0	91.59	35.44	0.0	21.26	34.06	6.32	47.2	14.42	64.03	81.71	12.17	38.83	55.46	44.41	46.17	84.4	75.6	94.85	57.58	26.68	53.67	34.0	39.85	87.66	26.83	36.88	49.68	18.44	84.97	73.35	29.12	56.64	23.32	76.24	74.67	72.99	38.63	8.94	52.15	67.47	43.86	7.21	86.16	28.07	60.93	85.96	29.02	47.01	21.21	51.87	11.4	49.37	23.32	46.04
6	70.88	48.41	17.2	90.51	32.8	21.26	0.0	21.63	15.62	55.79	35.38	66.57	77.2	14.14	18.97	53.81	37.2	31.62	85.28	77.2	91.21	40.2	12.81	64.78	14.14	22.09	85.04	10.77	45.12	56.92	18.11	82.22	65.3	44.41	35.61	26.31	62.8	60.3	64.4	20.0	29.73	31.3	60.03	42.8	28.28	67.91	19.8	42.76	66.31	47.43	37.12	17.72	48.1	9.9	41.34	4.47	36.72
7	88.57	51.42	8.25	111.8	54.41	34.06	21.63	0.0	28.0	76.55	44.27	88.2	97.84	33.53	32.31	75.29	58.0	12.17	106.83	98.81	111.95	53.85	8.94	84.9	14.56	10.77	106.08	31.11	65.79	78.0	17.09	103.25	84.88	62.29	40.2	19.8	79.12	75.89	83.76	12.17	39.29	27.86	80.0	64.4	38.83	78.03	41.23	54.92	73.44	63.07	57.01	13.93	69.35	25.5	61.72	17.2	56.85
8	80.62	64.03	20.1	93.23	35.78	6.32	15.62	28.0	0.0	51.11	19.8	66.48	82.29	10.77	34.0	56.6	43.68	40.05	86.56	77.9	95.77	53.85	20.4	58.31	27.78	33.53	88.84	22.8	40.5	53.25	13.42	86.09	72.8	34.53	51.22	19.8	74.0	72.11	72.28	32.31	14.14	46.04	67.05	44.94	12.81	82.22	26.31	56.92	81.39	35.13	45.54	15.81	52.33	5.83	48.51	17.2	44.72
9	63.81	87.36	69.86	50.99	28.64	47.2	55.79	76.55	51.11	0.0	50.0	22.09	48.66	43.08	60.13	26.08	35.78	87.36	41.76	32.98	58.03	63.56	67.68	10.77	69.05	77.67	50.04	50.16	10.77	4.0	64.5	48.0	50.12	22.36	77.28	70.46	65.12	66.48	51.11	75.31	49.52	82.0	44.94	23.32	48.08	87.2	40.0	68.03	92.78	30.36	41.59	66.65	29.7	51.48	38.28	60.17	40.25
10	94.09	83.74	36.06	98.49	46.04	14.42	35.38	44.27	19.8	50.0	0.0	69.77	90.71	26.0	53.25	64.03	56.04	56.32	90.35	81.41	103.09	71.69	38.47	53.81	47.2	51.88	95.52	41.18	41.18	53.25	27.2	92.97	84.21	28.28	70.94	28.0	89.11	87.86	84.1	51.11	5.66	65.6	78.23	52.95	7.21	100.32	41.23	75.15	100.34	23.71	59.41	30.36	61.66	25.5	61.03	36.88	58.31
11	48.17	86.02	82.8	29.12	34.0	64.03	66.57	88.2	66.48	22.09	69.77	0.0	27.86	56.64	64.56	16.0	34.53	97.53	20.59	11.66	36.0	60.13	79.32	27.2	77.82	86.76	28.0	58.14	28.64	18.11	79.25	26.08	34.06	43.68	78.41	86.28	52.84	55.46	35.61	84.1	68.26	86.83	30.53	24.17	66.57	78.0	47.41	64.28	85.73	52.17	39.12	80.81	23.02	65.19	34.01	71.02	38.21
12	26.68	79.7	94.4	18.11	46.52	81.71	77.2	97.84	82.29	48.66	90.71	27.86	0.0	71.55	68.12	26.68	40.0	104.69	21.54	22.63	14.14	54.63	89.64	55.03	84.85	93.38	10.2	66.84	52.04	44.72	93.3	8.0	16.49	68.03	76.03	101.21	36.0	40.05	18.44	90.55	87.93	88.2	18.87	37.95	86.02	62.13	57.69	57.58	72.01	77.01	41.01	94.03	29.97	79.26	36.12	81.22	41.04
13	70.26	59.46	26.83	82.8	25.06	12.17	14.14	33.53	10.77	43.08	26.0	56.64	71.55	0.0	28.28	46.04	32.98	44.72	76.42	67.88	85.09	45.69	24.74	51.42	28.28	36.0	78.23	15.62	32.31	44.72	22.63	75.47	62.1	30.27	46.86	30.0	64.12	62.51	61.61	34.06	20.88	44.94	56.32	34.41	18.97	74.32	16.0	49.19	74.63	33.62	35.13	24.21	41.59	8.6	37.85	18.0	34.23
14	56.36	31.24	32.25	83.76	32.06	38.83	18.97	32.31	34.0	60.13	53.25	64.56	68.12	28.28	0.0	49.4	30.46	36.88	80.5	73.54	82.22	22.09	26.31	70.46	17.89	25.61	77.2	12.81	50.64	60.0	36.22	74.4	53.81	55.46	18.87	44.05	46.82	43.68	52.5	22.8	47.71	22.36	49.52	40.79	46.04	49.03	20.4	24.08	47.42	60.75	27.46	35.01	42.54	28.18	32.76	20.1	27.78
15	37.74	70.03	70.71	36.88	21.26	55.46	53.81	75.29	56.6	26.08	64.03	16.0	26.68	46.04	49.4	0.0	18.97	83.76	31.62	24.17	39.4	44.18	66.6	35.38	63.81	72.72	32.25	44.41	26.31	22.8	68.41	29.53	24.17	42.19	62.51	76.03	39.7	41.62	25.06	69.97	61.35	71.47	18.87	11.66	59.46	63.53	34.06	48.37	70.58	51.24	23.19	69.53	7.07	54.2	18.03	58.14	22.36
16	38.05	52.61	54.41	54.04	10.77	44.41	37.2	58.0	43.68	35.78	56.04	34.53	40.0	32.98	30.46	18.97	0.0	65.6	50.12	43.08	54.04	27.86	49.68	46.52	45.61	54.41	48.08	26.91	29.73	34.18	53.67	45.25	29.12	42.19	44.05	61.74	34.18	34.0	28.64	51.61	52.04	52.5	23.41	12.65	50.04	52.35	17.89	32.31	57.14	50.54	5.83	54.2	12.08	39.92	5.0	41.23	4.47
17	92.65	48.0	20.4	119.63	63.53	46.17	31.62	12.17	40.05	87.36	56.32	97.53	104.69	44.72	36.88	83.76	65.6	0.0	115.38	107.7	118.83	56.36	20.1	96.1	20.0	11.31	113.45	39.45	76.66	88.54	29.12	110.63	90.69	74.11	38.83	30.53	82.37	78.71	89.38	14.14	51.42	24.08	86.28	73.43	50.99	77.28	50.12	56.46	71.11	75.17	63.7	25.96	77.42	37.12	68.77	27.2	63.78
18	48.08	97.32	101.98	10.2	52.5	84.4	85.28	106.83	86.56	41.76	90.35	20.59	21.54	76.42	80.5	31.62	50.12	115.38	0.0	8.94	20.59	71.39	98.08	44.05	95.41	104.31	14.14	76.03	49.19	37.95	99.04	14.42	36.22	63.91	91.76	106.3	56.57	60.3	38.21	101.55	88.84	102.16	36.06	42.52	87.13	82.87	65.6	74.97	92.27	72.12	53.31	100.41	38.08	84.86	47.93	89.64	52.8
19	47.41	92.35	93.72	18.11	44.41	75.6	77.2	98.81	77.9	32.98	81.41	11.66	22.63	67.88	73.54	24.17	43.08	107.7	8.94	0.0	26.68	66.27	90.0	36.06	87.82	96.75	18.97	68.26	40.25	29.12	90.51	17.89	34.18	55.03	85.91	97.67	54.41	57.72	36.06	94.02	79.92	95.52	32.56	34.41	78.23	80.52	57.69	70.11	89.27	63.32	46.84	91.97	31.02	76.38	41.48	81.61	46.17
20	36.22	92.48	108.41	11.31	60.03	94.85	91.21	111.95	95.77	58.03	103.09	36.0	14.14	85.09	82.22	39.4	54.04	118.83	20.59	26.68	0.0	68.0	103.71	62.51	98.99	107.52	8.0	80.92	63.15	54.04	107.07	10.2	29.53	78.92	89.55	114.91	47.07	51.42	31.3	104.69	100.66	102.08	32.8	50.99	98.79	72.25	71.61	70.68	82.73	87.69	55.15	107.9	43.57	92.96	50.25	95.27	55.17
21	36.88	26.08	54.33	72.11	36.06	57.58	40.2	53.85	53.85	63.56	71.69	60.13	54.63	45.69	22.09	44.18	27.86	56.36	71.39	66.27	68.0	0.0	48.37	74.32	39.29	45.69	64.62	31.05	56.6	62.03	58.03	62.03	38.47	66.48	21.63	66.0	26.08	22.36	36.72	43.08	66.48	35.38	36.06	40.5	64.62	28.64	31.62	4.47	30.41	73.66	22.14	57.01	37.34	48.27	26.48	42.0	23.41
22	81.71	50.16	6.0	103.25	45.61	26.68	12.81	8.94	20.4	67.68	38.47	79.32	89.64	24.74	26.31	66.6	49.68	20.1	98.08	90.0	103.71	48.37	0.0	76.16	10.77	13.42	97.67	22.8	56.92	69.08	12.81	94.85	77.18	54.04	37.95	18.97	72.8	69.86	76.16	12.81	33.11	28.43	72.11	55.61	32.31	74.24	32.56	50.04	70.83	55.44	49.09	10.3	60.81	17.03	53.6	8.49	48.83
23	72.8	98.08	77.79	54.0	39.29	53.67	64.78	84.9	58.31	10.77	53.81	27.2	55.03	51.42	70.46	35.38	46.52	96.1	44.05	36.06	62.51	74.32	76.16	0.0	78.41	86.83	54.59	60.0	20.0	12.81	71.69	52.95	58.82	25.61	87.86	76.94	74.97	76.58	60.0	84.59	54.41	92.09	54.04	34.0	53.25	97.65	50.16	78.79	103.45	31.4	52.33	74.09	39.82	59.48	48.88	69.05	50.99
24	74.24	39.4	16.49	99.64	43.86	34.0	14.14	14.56	27.78	69.05	47.2	77.82	84.85	28.28	17.89	63.81	45.61	20.0	95.41	87.82	98.99	39.29	10.77	78.41	0.0	8.94	93.51	19.7	58.55	69.86	23.32	90.69	71.22	58.55	27.2	29.73	64.62	61.35	70.0	6.32	41.62	18.44	66.6	53.67	40.5	64.03	30.46	40.45	60.21	61.4	43.84	21.02	57.43	22.85	48.84	10.77	43.86
25	81.63	40.79	16.97	108.41	52.8	39.85	22.09	10.77	33.53	77.67	51.88	86.76	93.38	36.0	25.61	72.72	54.41	11.31	104.31	96.75	107.52	45.69	13.42	86.83	8.94	0.0	102.18	28.64	67.08	78.59	25.61	99.36	79.4	66.12	30.0	30.0	71.55	68.03	78.1	2.83	46.52	17.09	74.97	62.61	45.69	68.26	39.4	46.17	63.13	68.25	52.4	22.67	66.29	29.43	57.49	18.0	52.5
26	36.22	89.84	102.18	8.0	53.25	87.66	85.04	106.08	88.84	50.04	95.52	28.0	10.2	78.23	77.2	32.25	48.08	113.45	14.14	18.97	8.0	64.62	97.67	54.59	93.51	102.18	0.0	74.97	55.32	46.04	100.44	2.83	26.68	71.02	85.91	108.17	46.04	50.16	28.64	99.36	93.23	97.75	28.64	43.91	91.39	72.03	65.3	67.68	82.05	79.76	49.82	101.4	37.01	86.27	44.69	89.2	49.68
27	60.17	44.05	27.78	80.72	24.17	26.83	10.77	31.11	22.8	50.16	41.18	58.14	66.84	15.62	12.81	44.41	26.91	39.45	76.03	68.26	80.92	31.05	22.8	60.0	19.7	28.64	74.97	0.0	40.0	50.64	28.64	72.14	54.59	43.08	31.62	36.88	52.35	50.04	53.67	26.0	35.78	32.25	49.4	34.0	34.0	59.46	10.77	34.18	59.17	48.02	26.42	28.46	38.29	17.26	30.81	14.42	26.08
28	62.77	79.12	59.09	57.58	20.59	36.88	45.12	65.79	40.5	10.77	41.18	28.64	52.04	32.31	50.64	26.31	29.73	76.66	49.19	40.25	63.15	56.6	56.92	20.0	58.55	67.08	55.32	40.0	0.0	12.81	53.85	52.95	50.0	16.0	68.41	60.0	62.13	62.8	50.6	64.78	40.0	72.11	44.27	18.87	38.42	82.07	30.27	61.06	86.61	25.02	35.47	55.95	27.31	40.72	33.3	49.48	34.06
29	60.46	86.35	71.55	47.07	28.07	49.68	56.92	78.0	53.25	4.0	53.25	18.11	44.72	44.72	60.0	22.8	34.18	88.54	37.95	29.12	54.04	62.03	69.08	12.81	69.86	78.59	46.04	50.64	12.81	0.0	66.57	44.0	46.65	26.0	76.66	72.8	62.23	63.78	47.71	76.16	52.5	82.1	41.62	21.54	50.99	84.88	40.2	66.48	90.82	34.21	39.92	68.6	27.02	53.24	36.24	61.35	38.63
30	88.77	62.61	8.94	105.26	47.2	18.44	18.11	17.09	13.42	64.5	27.2	79.25	93.3	22.63	36.22	68.41	53.67	29.12	99.04	90.51	107.07	58.03	12.81	71.69	23.32	25.61	100.44	28.64	53.85	66.57	0.0	97.65	82.46	47.54	50.16	8.25	80.89	78.41	81.71	25.46	22.36	41.23	76.97	56.85	22.09	85.16	35.78	60.3	82.57	47.1	54.42	3.16	63.51	14.21	58.18	16.12	53.85
31	34.53	87.36	99.36	10.2	50.48	84.97	82.22	103.25	86.09	48.0	92.97	26.08	8.0	75.47	74.4	29.53	45.25	110.63	14.42	17.89	10.2	62.03	94.85	52.95	90.69	99.36	2.83	72.14	52.95	44.0	97.65	0.0	24.33	68.73	83.26	105.39	44.0	48.04	26.31	96.54	90.62	95.02	26.0	41.18	88.77	70.11	62.48	65.15	80.01	77.52	47.01	98.6	34.21	83.49	41.87	86.37	46.86
32	14.14	63.25	82.37	34.53	38.21	73.35	65.3	84.88	72.8	50.12	84.21	34.06	16.49	62.1	53.81	24.17	29.12	90.69	36.22	34.18	29.53	38.47	77.18	58.82	71.22	79.4	26.68	54.59	50.0	46.65	82.46	24.33	0.0	65.51	60.03	90.62	20.4	24.08	2.0	76.58	80.62	72.8	6.0	32.25	78.64	46.69	46.82	41.23	56.08	74.53	28.18	82.76	23.19	68.95	24.35	68.96	28.64
33	77.79	86.09	54.59	72.8	31.62	29.12	44.41	62.29	34.53	22.36	28.28	43.68	68.03	30.27	55.46	42.19	42.19	74.11	63.91	55.03	78.92	66.48	54.04	25.61	58.55	66.12	71.02	43.08	16.0	26.0	47.54	68.73	65.51	0.0	74.24	52.0	76.03	76.16	65.97	64.28	28.84	74.73	59.67	33.53	27.78	93.72	36.06	70.77	96.9	9.06	47.43	50.22	42.45	37.01	46.53	48.17	46.04
34	58.0	12.81	43.68	93.23	48.66	56.64	35.61	40.2	51.22	77.28	70.94	78.41	76.03	46.86	18.87	62.51	44.05	38.83	91.76	85.91	89.55	21.63	37.95	87.86	27.2	30.0	85.91	31.62	68.41	76.66	50.16	83.26	60.03	74.24	0.0	56.92	46.69	42.52	58.31	28.07	65.3	15.23	57.27	56.04	63.78	38.47	38.63	19.8	33.24	79.61	39.32	48.1	55.44	45.45	44.55	34.99	40.2
35	97.02	69.08	13.42	112.8	54.92	23.32	26.31	19.8	19.8	70.46	28.0	86.28	101.21	30.0	44.05	76.03	61.74	30.53	106.3	97.67	114.91	66.0	18.97	76.94	29.73	30.0	108.17	36.88	60.0	72.8	8.25	105.39	90.62	52.0	56.92	0.0	89.11	86.58	89.89	30.53	24.33	46.65	85.09	64.4	24.74	92.78	43.86	68.12	89.74	50.22	62.63	9.06	71.34	21.95	66.31	24.0	62.03
36	11.66	46.65	78.59	54.04	44.94	76.24	62.8	79.12	74.0	65.12	89.11	52.84	36.0	64.12	46.82	39.7	34.18	82.37	56.57	54.41	47.07	26.08	72.8	74.97	64.62	71.55	46.04	52.35	62.13	62.23	80.89	44.0	20.4	76.03	46.69	89.11	0.0	4.47	18.44	68.88	84.59	61.22	22.36	43.27	82.61	26.31	48.17	26.91	36.01	84.58	29.83	80.41	35.47	69.07	29.55	65.51	31.05
37	16.12	42.19	75.71	58.14	44.72	74.67	60.3	75.89	72.11	66.48	87.86	55.46	40.05	62.51	43.68	41.62	34.0	78.71	60.3	57.72	51.42	22.36	69.86	76.58	61.35	68.03	50.16	50.04	62.8	63.78	78.41	48.04	24.08	76.16	42.52	86.58	4.47	0.0	22.09	65.39	83.19	57.2	25.3	44.05	81.22	22.8	46.69	22.8	32.02	84.53	29.15	77.78	36.8	67.01	29.68	62.8	30.46
38	12.81	61.35	81.41	36.5	38.05	72.99	64.4	83.76	72.28	51.11	84.1	35.61	18.44	61.61	52.5	25.06	28.64	89.38	38.21	36.06	31.3	36.72	76.16	60.0	70.0	78.1	28.64	53.67	50.6	47.71	81.71	26.31	2.0	65.97	58.31	89.89	18.44	22.09	0.0	75.29	80.4	71.22	6.32	32.56	78.41	44.72	46.17	39.4	54.08	74.95	27.31	81.94	23.54	68.31	23.77	68.0	27.86
39	78.89	39.29	17.2	105.6	50.16	38.63	20.0	12.17	32.31	75.31	51.11	84.1	90.55	34.06	22.8	69.97	51.61	14.14	101.55	94.02	104.69	43.08	12.81	84.59	6.32	2.83	99.36	26.0	64.78	76.16	25.46	96.54	76.58	64.28	28.07	30.53	68.88	65.39	75.29	0.0	45.65	16.12	72.14	59.93	44.72	66.12	36.77	43.68	61.29	66.71	49.58	22.67	63.51	27.89	54.67	16.12	49.68
40	90.0	78.1	31.05	96.6	42.43	8.94	29.73	39.29	14.14	49.52	5.66	68.26	87.93	20.88	47.71	61.35	52.04	51.42	88.84	79.92	100.66	66.48	33.11	54.41	41.62	46.52	93.23	35.78	40.0	52.5	22.36	90.62	80.62	28.84	65.3	24.33	84.59	83.19	80.4	45.65	0.0	60.0	74.67	50.0	2.0	95.08	36.5	69.86	94.89	25.96	55.08	25.5	58.46	19.85	57.04	31.24	54.04
41	72.25	24.08	33.29	104.71	54.33	52.15	31.3	27.86	46.04	82.0	65.6	86.83	88.2	44.94	22.36	71.47	52.5	24.08	102.16	95.52	102.08	35.38	28.43	92.09	18.44	17.09	97.75	32.25	72.11	82.1	41.23	95.02	72.8	74.73	15.23	46.65	61.22	57.2	71.22	16.12	60.0	0.0	69.34	63.15	58.82	53.37	42.0	34.41	47.04	78.55	48.85	38.6	64.51	40.82	54.23	28.84	49.4
42	18.87	61.61	77.18	36.06	32.25	67.47	60.03	80.0	67.05	44.94	78.23	30.53	18.87	56.32	49.52	18.87	23.41	86.28	36.06	32.56	32.8	36.06	72.11	54.04	66.6	74.97	28.64	49.4	44.27	41.62	76.97	26.0	6.0	59.67	57.27	85.09	22.36	25.3	6.32	72.14	74.67	69.34	0.0	26.31	72.69	48.08	41.23	39.29	56.72	68.66	23.02	77.37	17.26	63.32	18.79	63.81	23.32
43	44.27	65.12	59.46	48.41	10.0	43.86	42.8	64.4	44.94	23.32	52.95	24.17	37.95	34.41	40.79	11.66	12.65	73.43	42.52	34.41	50.99	40.5	55.61	34.0	53.67	62.61	43.91	34.0	18.87	21.54	56.85	41.18	32.25	33.53	56.04	64.4	43.27	44.05	32.56	59.93	50.0	63.15	26.31	0.0	48.08	64.03	23.32	44.94	69.46	42.45	18.38	58.05	9.06	42.64	15.0	47.2	17.09
44	88.0	76.58	30.59	94.83	40.45	7.21	28.28	38.83	12.81	48.08	7.21	66.57	86.02	18.97	46.04	59.46	50.04	50.99	87.13	78.23	98.79	64.62	32.31	53.25	40.5	45.69	91.39	34.0	38.42	50.99	22.09	88.77	78.64	27.78	63.78	24.74	82.61	81.22	78.41	44.72	2.0	58.82	72.69	48.08	0.0	93.23	34.53	68.03	93.15	25.5	53.08	25.18	56.52	18.38	55.04	30.0	52.04
45	36.06	31.3	80.22	80.02	62.29	86.16	67.91	78.03	82.22	87.2	100.32	78.0	62.13	74.32	49.03	63.53	52.35	77.28	82.87	80.52	72.25	28.64	74.24	97.65	64.03	68.26	72.03	59.46	82.07	84.88	85.16	70.11	46.69	93.72	38.47	92.78	26.31	22.8	44.72	66.12	95.08	53.37	48.08	64.03	93.23	0.0	60.03	25.3	11.18	101.4	46.67	83.73	57.98	76.54	49.04	69.05	48.08
46	54.33	50.12	36.88	70.71	13.42	28.07	19.8	41.23	26.31	40.0	41.23	47.41	57.69	16.0	20.4	34.06	17.89	50.12	65.6	57.69	71.61	31.62	32.56	50.16	30.46	39.4	65.3	10.77	30.27	40.2	35.78	62.48	46.82	36.06	38.63	43.86	48.17	46.69	46.17	36.77	36.5	42.0	41.23	23.32	34.53	60.03	0.0	35.61	61.72	42.45	19.24	36.36	28.32	22.14	22.47	24.08	18.44
47	38.21	22.36	56.04	75.29	40.5	60.93	42.76	54.92	56.92	68.03	75.15	64.28	57.58	49.19	24.08	48.37	32.31	56.46	74.97	70.11	70.68	4.47	50.04	78.79	40.45	46.17	67.68	34.18	61.06	66.48	60.3	65.15	41.23	70.77	19.8	68.12	26.91	22.8	39.4	43.68	69.86	34.41	39.29	44.94	68.03	25.3	35.61	0.0	26.17	77.83	26.57	59.08	41.59	51.24	30.81	44.18	27.86
48	46.53	23.35	76.69	90.05	66.22	85.96	66.31	73.44	81.39	92.78	100.34	85.73	72.01	74.63	47.42	70.58	57.14	71.11	92.27	89.27	82.73	30.41	70.83	103.45	60.21	63.13	82.05	59.17	86.61	90.82	82.57	80.01	56.08	96.9	33.24	89.74	36.01	32.02	54.08	61.29	94.89	47.04	56.72	69.46	93.15	11.18	61.72	26.17	0.0	104.0	51.31	80.78	64.47	75.58	54.59	66.73	52.7
49	86.68	91.84	55.01	81.25	39.82	29.02	47.43	63.07	35.13	30.36	23.71	52.17	77.01	33.62	60.75	51.24	50.54	75.17	72.12	63.32	87.69	73.66	55.44	31.4	61.4	68.25	79.76	48.02	25.02	34.21	47.1	77.52	74.53	9.06	79.61	50.22	84.58	84.53	74.95	66.71	25.96	78.55	68.66	42.45	25.5	101.4	42.45	77.83	104.0	0.0	55.57	50.04	51.42	38.83	55.04	50.7	54.2
50	35.13	47.27	54.2	56.3	15.81	47.01	37.12	57.01	45.54	41.59	59.41	39.12	41.01	35.13	27.46	23.19	5.83	63.7	53.31	46.84	55.15	22.14	49.09	52.33	43.84	52.4	49.82	26.42	35.47	39.92	54.42	47.01	28.18	47.43	39.32	62.63	29.83	29.15	27.31	49.58	55.08	48.85	23.02	18.38	53.08	46.67	19.24	26.57	51.31	55.57	0.0	54.63	16.12	41.23	5.39	40.82	1.41
51	88.6	60.42	5.83	106.4	48.27	21.21	17.72	13.93	15.81	66.65	30.36	80.81	94.03	24.21	35.01	69.53	54.2	25.96	100.41	91.97	107.9	57.01	10.3	74.09	21.02	22.67	101.4	28.46	55.95	68.6	3.16	98.6	82.76	50.22	48.1	9.06	80.41	77.78	81.94	22.67	25.5	38.6	77.37	58.05	25.18	83.73	36.36	59.08	80.78	50.04	54.63	0.0	64.4	15.62	58.59	15.03	54.13
52	35.47	63.07	65.19	42.45	16.55	51.87	48.1	69.35	52.33	29.7	61.66	23.02	29.97	41.59	42.54	7.07	12.08	77.42	38.08	31.02	43.57	37.34	60.81	39.82	57.43	66.29	37.01	38.29	27.31	27.02	63.51	34.21	23.19	42.45	55.44	71.34	35.47	36.8	23.54	63.51	58.46	64.51	17.26	9.06	56.52	57.98	28.32	41.59	64.47	51.42	16.12	64.4	0.0	49.4	11.0	52.33	15.3
53	76.12	58.26	18.38	91.05	33.02	11.4	9.9	25.5	5.83	51.48	25.5	65.19	79.26	8.6	28.18	54.2	39.92	37.12	84.86	76.38	92.96	48.27	17.03	59.48	22.85	29.43	86.27	17.26	40.72	53.24	14.21	83.49	68.95	37.01	45.45	21.95	69.07	67.01	68.31	27.89	19.85	40.82	63.32	42.64	18.38	76.54	22.14	51.24	75.58	38.83	41.23	15.62	49.4	0.0	44.6	12.08	40.52
54	33.06	52.09	58.52	51.04	15.52	49.37	41.34	61.72	48.51	38.28	61.03	34.01	36.12	37.85	32.76	18.03	5.0	68.77	47.93	41.48	50.25	26.48	53.6	48.88	48.84	57.49	44.69	30.81	33.3	36.24	58.18	41.87	24.35	46.53	44.55	66.31	29.55	29.68	23.77	54.67	57.04	54.23	18.79	15.0	55.04	49.04	22.47	30.81	54.59	55.04	5.39	58.59	11.0	44.6	0.0	45.22	5.0
55	74.0	47.71	13.42	94.76	37.2	23.32	4.47	17.2	17.2	60.17	36.88	71.02	81.22	18.0	20.1	58.14	41.23	27.2	89.64	81.61	95.27	42.0	8.49	69.05	10.77	18.0	89.2	14.42	49.48	61.35	16.12	86.37	68.96	48.17	34.99	24.0	65.51	62.8	68.0	16.12	31.24	28.84	63.81	47.2	30.0	69.05	24.08	44.18	66.73	50.7	40.82	15.03	52.33	12.08	45.22	0.0	40.5
56	36.06	48.37	53.85	56.04	14.42	46.04	36.72	56.85	44.72	40.25	58.31	38.21	41.04	34.23	27.78	22.36	4.47	63.78	52.8	46.17	55.17	23.41	48.83	50.99	43.86	52.5	49.68	26.08	34.06	38.63	53.85	46.86	28.64	46.04	40.2	62.03	31.05	30.46	27.86	49.68	54.04	49.4	23.32	17.09	52.04	48.08	18.44	27.86	52.7	54.2	1.41	54.13	15.3	40.52	5.0	40.5	0.0
;
