set K:= 1	2	3	4	5	6	7;
set C_H:= 1	2	3	4	5	6	7	8	9	10	11	12	13	14	15;
set C_S:= 16	17	18	19	20	21	22	23	24	25	26	27	28	29	30;
set C_F:= 31	32	33	34	35	36	37	38	39	40	41	42	43	44	45;
set M:= 0	1	2	3	4	5;
set L_B:= 52	53	54	55	56	57	58;
set A1:=
(0,*) 2 3 4 5 6 7 8 9 10 11 12 13 14 15 31 32 33 34 35 36 37 38 39 40 41 42 43 44 45 2 3 4 5 52 53 54 55 56 57 58
(1,*) 2 3 4 5 6 7 8 9 10 11 12 13 14 15 31 32 33 34 35 36 37 38 39 40 41 42 43 44 45 2 3 4 5 52 53 54 55 56 57 58
(2,*) 0 1 4 5 6 7 8 9 10 11 12 13 14 15 31 32 33 34 35 36 37 38 39 40 41 42 43 44 45 0 1 4 5 52 53 54 55 56 57 58
(3,*) 0 1 4 5 6 7 8 9 10 11 12 13 14 15 31 32 33 34 35 36 37 38 39 40 41 42 43 44 45 0 1 4 5 52 53 54 55 56 57 58
(4,*) 0 1 2 3 6 7 8 9 10 11 12 13 14 15 31 32 33 34 35 36 37 38 39 40 41 42 43 44 45 0 1 2 3 52 53 54 55 56 57 58
(5,*) 0 1 2 3 6 7 8 9 10 11 12 13 14 15 31 32 33 34 35 36 37 38 39 40 41 42 43 44 45 0 1 2 3 52 53 54 55 56 57 58
(6,*) 0 1 2 3 4 5 7 8 9 10 11 12 13 14 15 31 32 33 34 35 36 37 38 39 40 41 42 43 44 45 0 1 2 3 4 5 52 53 54 55 56 57 58
(7,*) 0 1 2 3 4 5 6 8 9 10 11 12 13 14 15 31 32 33 34 35 36 37 38 39 40 41 42 43 44 45 0 1 2 3 4 5 52 53 54 55 56 57 58
(8,*) 0 1 2 3 4 5 6 7 9 10 11 12 13 14 15 31 32 33 34 35 36 37 38 39 40 41 42 43 44 45 0 1 2 3 4 5 52 53 54 55 56 57 58
(9,*) 0 1 2 3 4 5 6 7 8 10 11 12 13 14 15 31 32 33 34 35 36 37 38 39 40 41 42 43 44 45 0 1 2 3 4 5 52 53 54 55 56 57 58
(10,*) 0 1 2 3 4 5 6 7 8 9 11 12 13 14 15 31 32 33 34 35 36 37 38 39 40 41 42 43 44 45 0 1 2 3 4 5 52 53 54 55 56 57 58
(11,*) 0 1 2 3 4 5 6 7 8 9 10 12 13 14 15 31 32 33 34 35 36 37 38 39 40 41 42 43 44 45 0 1 2 3 4 5 52 53 54 55 56 57 58
(12,*) 0 1 2 3 4 5 6 7 8 9 10 11 13 14 15 31 32 33 34 35 36 37 38 39 40 41 42 43 44 45 0 1 2 3 4 5 52 53 54 55 56 57 58
(13,*) 0 1 2 3 4 5 6 7 8 9 10 11 12 14 15 31 32 33 34 35 36 37 38 39 40 41 42 43 44 45 0 1 2 3 4 5 52 53 54 55 56 57 58
(14,*) 0 1 2 3 4 5 6 7 8 9 10 11 12 13 15 31 32 33 34 35 36 37 38 39 40 41 42 43 44 45 0 1 2 3 4 5 52 53 54 55 56 57 58
(15,*) 0 1 2 3 4 5 6 7 8 9 10 11 12 13 14 31 32 33 34 35 36 37 38 39 40 41 42 43 44 45 0 1 2 3 4 5 52 53 54 55 56 57 58
(31,*) 0 1 2 3 4 5 6 7 8 9 10 11 12 13 14 15 32 33 34 35 36 37 38 39 40 41 42 43 44 45 0 1 2 3 4 5 52 53 54 55 56 57 58
(32,*) 0 1 2 3 4 5 6 7 8 9 10 11 12 13 14 15 31 33 34 35 36 37 38 39 40 41 42 43 44 45 0 1 2 3 4 5 52 53 54 55 56 57 58
(33,*) 0 1 2 3 4 5 6 7 8 9 10 11 12 13 14 15 31 32 34 35 36 37 38 39 40 41 42 43 44 45 0 1 2 3 4 5 52 53 54 55 56 57 58
(34,*) 0 1 2 3 4 5 6 7 8 9 10 11 12 13 14 15 31 32 33 35 36 37 38 39 40 41 42 43 44 45 0 1 2 3 4 5 52 53 54 55 56 57 58
(35,*) 0 1 2 3 4 5 6 7 8 9 10 11 12 13 14 15 31 32 33 34 36 37 38 39 40 41 42 43 44 45 0 1 2 3 4 5 52 53 54 55 56 57 58
(36,*) 0 1 2 3 4 5 6 7 8 9 10 11 12 13 14 15 31 32 33 34 35 37 38 39 40 41 42 43 44 45 0 1 2 3 4 5 52 53 54 55 56 57 58
(37,*) 0 1 2 3 4 5 6 7 8 9 10 11 12 13 14 15 31 32 33 34 35 36 38 39 40 41 42 43 44 45 0 1 2 3 4 5 52 53 54 55 56 57 58
(38,*) 0 1 2 3 4 5 6 7 8 9 10 11 12 13 14 15 31 32 33 34 35 36 37 39 40 41 42 43 44 45 0 1 2 3 4 5 52 53 54 55 56 57 58
(39,*) 0 1 2 3 4 5 6 7 8 9 10 11 12 13 14 15 31 32 33 34 35 36 37 38 40 41 42 43 44 45 0 1 2 3 4 5 52 53 54 55 56 57 58
(40,*) 0 1 2 3 4 5 6 7 8 9 10 11 12 13 14 15 31 32 33 34 35 36 37 38 39 41 42 43 44 45 0 1 2 3 4 5 52 53 54 55 56 57 58
(41,*) 0 1 2 3 4 5 6 7 8 9 10 11 12 13 14 15 31 32 33 34 35 36 37 38 39 40 42 43 44 45 0 1 2 3 4 5 52 53 54 55 56 57 58
(42,*) 0 1 2 3 4 5 6 7 8 9 10 11 12 13 14 15 31 32 33 34 35 36 37 38 39 40 41 43 44 45 0 1 2 3 4 5 52 53 54 55 56 57 58
(43,*) 0 1 2 3 4 5 6 7 8 9 10 11 12 13 14 15 31 32 33 34 35 36 37 38 39 40 41 42 44 45 0 1 2 3 4 5 52 53 54 55 56 57 58
(44,*) 0 1 2 3 4 5 6 7 8 9 10 11 12 13 14 15 31 32 33 34 35 36 37 38 39 40 41 42 43 45 0 1 2 3 4 5 52 53 54 55 56 57 58
(45,*) 0 1 2 3 4 5 6 7 8 9 10 11 12 13 14 15 31 32 33 34 35 36 37 38 39 40 41 42 43 44 0 1 2 3 4 5 52 53 54 55 56 57 58
(0,*) 2 3 4 5 6 7 8 9 10 11 12 13 14 15 31 32 33 34 35 36 37 38 39 40 41 42 43 44 45 2 3 4 5 52 53 54 55 56 57 58
(1,*) 2 3 4 5 6 7 8 9 10 11 12 13 14 15 31 32 33 34 35 36 37 38 39 40 41 42 43 44 45 2 3 4 5 52 53 54 55 56 57 58
(2,*) 0 1 4 5 6 7 8 9 10 11 12 13 14 15 31 32 33 34 35 36 37 38 39 40 41 42 43 44 45 0 1 4 5 52 53 54 55 56 57 58
(3,*) 0 1 4 5 6 7 8 9 10 11 12 13 14 15 31 32 33 34 35 36 37 38 39 40 41 42 43 44 45 0 1 4 5 52 53 54 55 56 57 58
(4,*) 0 1 2 3 6 7 8 9 10 11 12 13 14 15 31 32 33 34 35 36 37 38 39 40 41 42 43 44 45 0 1 2 3 52 53 54 55 56 57 58
(5,*) 0 1 2 3 6 7 8 9 10 11 12 13 14 15 31 32 33 34 35 36 37 38 39 40 41 42 43 44 45 0 1 2 3 52 53 54 55 56 57 58
(52,*) 0 1 2 3 4 5 6 7 8 9 10 11 12 13 14 15 31 32 33 34 35 36 37 38 39 40 41 42 43 44 45 0 1 2 3 4 5 53 54 55 56 57 58
(53,*) 0 1 2 3 4 5 6 7 8 9 10 11 12 13 14 15 31 32 33 34 35 36 37 38 39 40 41 42 43 44 45 0 1 2 3 4 5 52 54 55 56 57 58
(54,*) 0 1 2 3 4 5 6 7 8 9 10 11 12 13 14 15 31 32 33 34 35 36 37 38 39 40 41 42 43 44 45 0 1 2 3 4 5 52 53 55 56 57 58
(55,*) 0 1 2 3 4 5 6 7 8 9 10 11 12 13 14 15 31 32 33 34 35 36 37 38 39 40 41 42 43 44 45 0 1 2 3 4 5 52 53 54 56 57 58
(56,*) 0 1 2 3 4 5 6 7 8 9 10 11 12 13 14 15 31 32 33 34 35 36 37 38 39 40 41 42 43 44 45 0 1 2 3 4 5 52 53 54 55 57 58
(57,*) 0 1 2 3 4 5 6 7 8 9 10 11 12 13 14 15 31 32 33 34 35 36 37 38 39 40 41 42 43 44 45 0 1 2 3 4 5 52 53 54 55 56 58
(58,*) 0 1 2 3 4 5 6 7 8 9 10 11 12 13 14 15 31 32 33 34 35 36 37 38 39 40 41 42 43 44 45 0 1 2 3 4 5 52 53 54 55 56 57
;
set A2:=
(0,*) 1
(1,*) 0
(2,*) 3
(3,*) 2
(4,*) 5
(5,*) 4
;
param BigM:=99999;
param n:= 7;
param d:=
1	26
2	1
3	7
4	24
5	23
6	13
7	19
8	9
9	9
10	4
11	20
12	13
13	18
14	23
15	13
16	12
17	2
18	13
19	15
20	7
21	12
22	6
23	18
24	15
25	12
26	3
27	7
28	6
29	20
30	2
31	20
32	20
33	10
34	10
35	12
36	22
37	19
38	20
39	24
40	10
41	3
42	1
43	17
44	22
45	21
;
param Q:=100;
param w:=
[0,*] 1 0.5
[1,*] 0 0.5
[2,*] 3 0.5
[3,*] 2 0.5
[4,*] 5 0.5
[5,*] 4 0.5
;
param V:=
[0,*] 1 98
[1,*] 0 98
[2,*] 3 85
[3,*] 2 85
[4,*] 5 97
[5,*] 4 97
;
param e:
	0	1	2	3	4	5	52	53	54	55	56	57	58:=
16	0	0	0	0	0	0	0	0	0	0	0	0	0	
17	0	0	0	0	0	0	0	0	0	0	0	0	0	
18	0	0	0	0	0	0	0	0	0	0	0	0	0	
19	0	0	0	0	0	0	0	0	0	0	0	0	0	
20	0	0	0	0	0	0	1	0	0	0	0	0	0	
21	0	0	0	0	0	0	0	0	0	0	0	0	0	
22	0	0	0	0	0	0	1	0	0	0	0	0	0	
23	0	0	0	0	0	0	0	0	0	0	0	0	0	
24	0	0	0	0	0	0	0	0	0	0	0	0	0	
25	0	0	0	0	0	0	0	0	0	0	0	0	0	
26	0	0	0	0	0	0	0	0	0	0	0	0	0	
27	0	0	0	0	0	0	0	0	0	0	0	0	0	
28	0	0	0	0	0	0	0	0	0	0	0	0	0	
29	0	0	0	0	0	0	0	0	0	0	0	0	0	
30	0	0	0	0	0	0	0	0	0	0	0	0	0	
31	0	0	0	0	0	0	0	0	0	0	0	0	0	
32	0	0	0	0	0	0	0	0	0	0	0	0	0	
33	0	0	0	0	0	0	0	0	0	0	0	0	0	
34	0	0	0	0	0	0	0	0	0	0	0	0	0	
35	0	0	0	0	0	0	1	0	0	0	0	0	0	
36	0	0	0	0	0	0	1	0	0	0	0	0	0	
37	0	0	0	0	0	0	0	0	0	0	0	0	0	
38	0	0	0	0	0	0	0	0	0	0	0	0	0	
39	0	0	0	0	0	0	0	0	0	0	0	0	0	
40	0	0	0	0	0	0	0	0	0	0	0	0	0	
41	0	0	0	0	0	0	1	0	0	0	0	0	0	
42	0	0	0	0	0	0	1	0	0	0	0	0	0	
43	0	0	0	0	0	0	1	0	0	0	0	0	0	
44	0	0	0	0	0	0	0	0	0	0	0	0	0	
45	0	0	0	0	0	0	0	0	0	0	0	0	0	
;
param p:=
1	3
2	3
3	3
4	3
5	3
6	3
7	3
;
param G:=
0	93
1	98
2	71
3	85
4	94
5	97
52	79
53	87
54	83
55	70
56	98
57	100
58	96
;
param s:=
0	0
1	15
2	15
3	15
4	15
5	15
6	15
7	15
8	15
9	15
10	15
11	15
12	15
13	15
14	15
15	15
31	15
32	15
33	15
34	15
35	15
36	15
37	15
38	15
39	15
40	15
41	15
42	15
43	15
44	15
45	15
0	10
1	10
2	10
3	10
4	10
5	10
52	10
53	10
54	10
55	10
56	10
57	10
58	10
;
param t:
	0	1	2	3	4	5	6	7	8	9	10	11	12	13	14	15	16	17	18	19	20	21	22	23	24	25	26	27	28	29	30	31	32	33	34	35	36	37	38	39	40	41	42	43	44	45	46	47	48	49	50	51	52	53	54	55	56	57	58:=
0	0.0	54.04	38.42	40.05	53.67	52.95	66.12	26.08	90.0	46.65	19.8	63.78	66.03	69.86	54.59	79.62	70.88	24.08	20.59	56.64	38.21	16.97	52.84	6.32	32.98	28.84	48.04	75.18	52.8	21.26	22.8	30.59	46.69	8.25	31.24	34.53	39.7	68.12	73.59	25.61	63.56	21.26	16.12	38.21	58.86	73.54	46.62	62.43	34.48	64.03	33.06	41.11	31.26	26.17	36.35	36.14	56.01	24.08	21.47
1	54.04	0.0	35.38	66.84	58.31	83.74	84.4	80.1	74.0	97.53	69.86	108.24	107.7	70.94	10.0	114.98	101.86	40.25	46.82	41.76	64.03	43.17	93.3	52.15	22.8	34.99	72.14	112.8	96.6	42.38	63.25	24.33	39.45	62.0	34.99	69.97	36.88	86.02	56.14	36.77	100.0	43.86	38.0	41.04	74.4	54.04	19.42	102.93	87.82	53.85	87.0	13.93	59.91	39.81	62.01	21.95	78.57	30.0	48.75
2	38.42	35.38	0.0	32.25	24.74	48.83	49.4	60.17	53.67	70.0	45.12	75.89	74.32	40.05	28.84	80.0	66.6	14.42	46.52	18.44	29.53	40.25	60.17	41.04	32.06	10.0	36.88	78.23	64.56	43.08	58.41	30.0	8.94	46.04	44.41	37.36	2.0	51.11	36.06	41.23	65.51	17.89	29.53	5.66	39.45	35.61	43.97	69.35	64.54	27.86	68.15	23.71	26.93	44.64	27.73	15.81	43.19	26.68	20.62
3	40.05	66.84	32.25	0.0	23.41	16.97	26.08	47.2	61.06	44.94	30.53	44.72	42.38	35.38	61.06	48.17	35.61	28.84	58.55	40.05	2.83	52.95	28.64	46.0	56.6	32.56	8.0	46.04	34.06	57.27	62.51	53.85	32.98	43.17	63.91	10.0	31.3	28.07	50.0	58.82	33.29	26.83	44.27	26.83	19.7	51.42	71.03	37.34	46.1	39.29	54.67	53.76	9.22	61.13	5.0	45.28	16.03	47.41	22.47
4	53.67	58.31	24.74	23.41	0.0	34.23	26.91	67.94	38.42	68.35	50.99	66.0	62.29	16.49	50.0	62.77	48.33	32.56	67.47	20.59	22.36	61.19	50.04	58.31	56.57	32.0	22.0	62.64	56.32	64.78	76.16	54.33	18.87	59.36	68.0	33.11	22.8	28.28	26.68	64.12	50.99	33.53	50.64	20.1	17.2	28.28	68.68	57.22	68.51	16.12	75.82	48.1	26.25	67.27	22.47	40.52	24.35	50.0	32.2
5	52.95	83.74	48.83	16.97	34.23	0.0	19.8	52.5	67.05	41.04	38.21	32.25	28.07	39.85	77.67	31.24	18.87	45.61	72.8	53.85	19.8	67.68	17.09	59.23	73.24	49.52	12.65	29.53	24.17	72.11	74.11	70.46	48.33	54.04	79.62	18.44	47.71	21.26	60.03	74.32	17.09	43.27	59.93	43.27	20.88	62.0	87.8	23.02	47.89	50.04	58.69	70.72	25.24	76.32	21.93	62.24	11.7	63.81	38.59
6	66.12	84.4	49.4	26.08	26.91	19.8	0.0	70.68	50.36	60.83	55.03	49.4	43.68	24.08	76.58	38.47	24.08	51.92	84.21	47.2	28.0	78.41	36.06	72.03	79.12	53.85	18.11	40.0	43.27	82.61	88.57	76.55	45.34	69.05	88.29	33.53	47.71	2.0	47.54	83.55	31.05	50.99	69.05	43.91	10.0	50.0	92.61	39.22	67.12	39.4	77.41	73.06	35.0	86.15	30.02	64.88	10.44	70.88	47.38
7	26.08	80.1	60.17	47.2	67.94	52.5	70.68	0.0	106.3	26.08	16.97	48.7	53.37	82.22	80.22	70.46	66.27	46.17	41.18	76.94	46.86	40.5	44.0	29.12	58.86	51.92	53.85	64.78	40.45	43.86	31.24	56.57	67.08	18.44	54.63	37.74	60.93	72.5	92.09	49.4	56.0	42.38	42.19	58.14	66.57	92.65	71.84	51.48	10.63	81.61	8.06	67.01	41.73	48.75	46.01	61.4	60.37	50.16	39.81
8	90.0	74.0	53.67	61.06	38.42	67.05	50.36	106.3	0.0	105.55	89.38	98.95	93.74	27.2	64.0	88.0	74.11	66.57	100.18	36.06	60.46	93.91	84.12	93.74	82.97	63.53	57.27	90.2	91.08	96.66	111.52	81.61	44.72	96.54	96.77	71.02	51.88	50.16	18.44	94.34	81.22	68.82	83.19	52.15	46.17	20.1	90.67	89.05	106.83	26.08	114.21	70.21	64.66	97.86	60.8	65.8	55.36	79.85	68.88
9	46.65	97.53	70.0	44.94	68.35	41.04	60.83	26.08	105.55	0.0	27.86	24.08	30.07	78.89	95.35	48.37	48.33	58.55	65.3	83.19	46.17	63.25	26.08	51.61	78.79	64.5	48.37	42.19	19.7	67.2	57.2	76.16	74.43	41.23	77.67	35.44	70.03	62.23	94.87	72.11	36.77	54.59	61.74	66.12	60.46	96.17	93.02	29.83	15.65	84.12	26.93	83.68	44.55	72.2	46.57	76.49	52.01	69.08	50.25
10	19.8	69.86	45.12	30.53	50.99	38.21	55.03	16.97	89.38	27.86	0.0	44.05	46.65	65.3	68.26	61.35	54.33	32.06	40.0	60.93	30.0	36.77	34.18	25.61	50.99	38.05	37.58	56.46	33.29	41.04	36.88	48.33	51.26	17.09	50.99	21.54	45.61	56.92	75.47	45.34	45.61	28.07	34.0	42.38	50.12	76.16	65.37	43.38	19.42	64.9	24.84	56.09	24.76	45.97	29.07	49.25	44.6	41.23	24.52
11	63.78	108.24	75.89	44.72	66.0	32.25	49.4	48.7	98.95	24.08	44.05	0.0	7.21	71.81	104.0	25.3	29.73	68.0	84.02	84.59	47.07	80.72	16.12	69.66	92.8	73.35	44.0	18.97	11.66	85.04	78.71	90.0	77.67	60.46	94.76	38.63	75.29	50.16	92.2	89.11	18.87	64.5	76.58	70.88	52.95	94.09	107.62	10.3	39.05	82.02	50.8	94.41	49.04	89.94	48.51	86.31	43.74	82.8	59.54
12	66.03	107.7	74.32	42.38	62.29	28.07	43.68	53.37	93.74	30.07	46.65	7.21	0.0	66.75	102.86	18.44	22.8	67.68	86.53	81.58	44.94	82.8	14.42	72.11	93.51	72.72	40.45	12.17	13.42	87.2	82.46	90.69	75.29	63.53	96.54	37.74	73.54	44.27	88.0	90.91	12.65	64.4	77.79	69.08	48.17	90.02	108.37	5.1	44.28	78.1	56.22	94.03	47.89	92.01	46.62	85.76	39.05	83.55	59.41
13	69.86	70.94	40.05	35.38	16.49	39.85	24.08	82.22	27.2	78.89	65.3	71.81	66.75	0.0	61.74	62.51	48.17	49.03	83.95	29.53	35.38	77.67	56.92	74.67	72.11	48.17	30.53	64.03	63.91	81.22	92.48	70.03	32.56	75.18	84.1	45.34	38.05	24.33	24.17	80.4	54.33	50.0	67.08	36.06	18.97	26.83	83.36	61.98	81.47	18.44	89.87	62.37	40.8	83.6	36.24	55.44	28.16	66.12	48.47
14	54.59	10.0	28.84	61.06	50.0	77.67	76.58	80.22	64.0	95.35	68.26	104.0	102.86	61.74	0.0	108.81	95.27	36.88	51.11	32.31	58.31	46.52	88.57	53.85	27.2	31.05	65.6	107.07	92.48	46.65	67.08	27.78	31.24	62.8	41.04	65.39	30.0	78.1	46.17	41.62	94.34	40.79	39.29	34.41	66.6	44.05	28.23	97.95	87.02	44.27	87.57	13.93	55.04	45.0	56.44	19.03	71.51	31.62	45.35
15	79.62	114.98	80.0	48.17	62.77	31.24	38.47	70.46	88.0	48.37	61.35	25.3	18.44	62.51	108.81	0.0	14.56	76.42	100.18	83.26	50.99	95.77	27.2	85.91	103.71	80.62	43.27	6.32	30.07	100.24	98.08	100.9	78.89	78.43	108.76	47.2	78.82	38.21	85.91	103.25	16.12	73.76	89.31	74.4	46.17	88.29	118.44	19.03	62.01	77.2	74.01	101.91	55.9	104.81	53.08	93.43	38.48	94.02	68.88
16	70.88	101.86	66.6	35.61	48.33	18.87	24.08	66.27	74.11	48.33	54.33	29.73	22.8	48.17	95.27	14.56	0.0	64.4	91.08	68.88	38.42	86.16	22.8	77.2	92.09	68.12	29.73	16.12	28.64	90.62	91.08	89.31	64.9	71.02	98.39	36.77	65.3	24.0	71.39	93.04	11.66	62.13	78.71	60.96	31.62	73.76	106.61	19.85	59.44	62.64	71.2	89.14	44.1	94.94	40.61	80.66	24.19	82.68	57.45
17	24.08	40.25	14.42	28.84	32.56	45.61	51.92	46.17	66.57	58.55	32.06	68.0	67.68	49.03	36.88	76.42	64.4	0.0	34.93	32.56	26.08	28.64	53.25	27.2	27.78	6.0	35.78	73.59	56.36	32.25	44.94	25.06	22.63	31.62	36.5	30.0	15.62	53.85	49.68	32.06	60.83	4.0	18.11	14.42	42.76	49.52	42.2	63.01	51.35	40.5	54.08	26.42	20.52	35.0	23.85	18.38	43.46	18.97	8.54
18	20.59	46.82	46.52	58.55	67.47	72.8	84.21	41.18	100.18	65.3	40.0	84.02	86.53	83.95	51.11	100.18	91.08	34.93	0.0	64.5	56.32	6.32	73.43	14.42	24.17	36.77	66.48	95.77	73.24	4.47	16.49	23.32	55.46	24.08	14.14	54.41	48.33	86.21	82.37	10.2	84.1	34.23	17.09	48.7	76.0	81.63	33.0	83.01	51.31	74.32	45.88	37.44	49.37	8.06	54.23	36.8	74.55	21.26	37.0
19	56.64	41.76	18.44	40.05	20.59	53.85	47.2	76.94	36.06	83.19	60.93	84.59	81.58	29.53	32.31	83.26	68.88	32.56	64.5	0.0	38.0	58.31	68.47	59.46	47.07	28.43	41.23	82.87	74.11	60.83	76.84	45.61	10.0	64.03	60.73	48.17	16.97	48.41	17.89	58.31	70.88	35.61	47.71	18.87	37.74	17.2	56.01	76.49	80.06	12.17	85.0	35.01	38.64	61.85	37.05	29.83	44.78	43.86	37.22
20	38.21	64.03	29.53	2.83	22.36	19.8	28.0	46.86	60.46	46.17	30.0	47.07	44.94	35.38	58.31	50.99	38.42	26.08	56.32	38.0	0.0	50.64	31.05	44.05	53.85	29.73	10.2	48.83	36.22	54.92	60.83	51.11	30.59	41.76	61.35	10.77	28.64	30.0	48.7	56.32	36.06	24.17	41.76	24.17	20.88	50.0	68.24	39.92	46.4	37.95	54.49	50.93	7.0	58.69	2.24	42.45	18.25	44.72	19.92
21	16.97	43.17	40.25	52.95	61.19	67.68	78.41	40.5	93.91	63.25	36.77	80.72	82.8	77.67	46.52	95.77	86.16	28.64	6.32	58.31	50.64	0.0	69.34	11.66	20.4	30.46	60.83	91.59	69.66	4.47	20.59	18.97	49.19	22.36	14.42	49.4	42.05	80.4	76.16	8.94	79.65	28.07	10.77	42.38	70.03	75.47	31.58	79.06	50.09	68.03	46.1	32.65	43.74	9.22	48.51	31.14	68.88	15.62	31.06
22	52.84	93.3	60.17	28.64	50.04	17.09	36.06	44.0	84.12	26.08	34.18	16.12	14.42	56.92	88.57	27.2	22.8	53.25	73.43	68.47	31.05	69.34	0.0	59.06	79.25	58.31	28.07	22.36	7.21	73.78	70.88	76.42	61.61	51.26	82.8	23.32	59.46	37.2	76.42	77.2	12.0	50.0	63.78	55.03	37.95	78.23	94.11	9.9	36.67	66.12	48.51	79.61	33.54	78.49	32.57	71.34	28.79	69.31	45.0
23	6.32	52.15	41.04	46.0	58.31	59.23	72.03	29.12	93.74	51.61	25.61	69.66	72.11	74.67	53.85	85.91	77.2	27.2	14.42	59.46	44.05	11.66	59.06	0.0	30.07	31.11	54.0	81.41	58.82	15.62	17.89	28.0	49.68	10.77	26.08	40.79	42.52	74.03	76.84	20.59	69.86	25.06	14.56	41.62	64.5	76.58	42.72	68.6	38.48	67.68	35.23	40.02	37.05	20.62	42.11	36.25	62.01	22.36	26.25
24	32.98	22.8	32.06	56.6	56.57	73.24	79.12	58.86	82.97	78.79	50.99	92.8	93.51	72.11	27.2	103.71	92.09	27.78	24.17	47.07	53.85	20.4	79.25	30.07	0.0	25.3	63.53	100.5	81.22	19.7	40.5	2.83	40.05	40.45	14.42	56.64	34.06	80.99	64.56	14.42	87.86	30.0	17.09	36.5	69.57	63.25	14.87	89.14	67.45	58.55	65.28	14.21	48.01	17.8	51.62	17.26	71.11	10.0	34.83
25	28.84	34.99	10.0	32.56	32.0	49.52	53.85	51.92	63.53	64.5	38.05	73.35	72.72	48.17	31.05	80.62	68.12	6.0	36.77	28.43	29.73	30.46	58.31	31.11	25.3	0.0	38.83	78.1	61.74	33.53	48.41	22.8	18.87	36.72	36.0	34.99	11.66	55.71	46.04	32.25	65.3	10.0	19.7	12.17	44.27	45.61	38.95	67.96	57.31	37.58	59.77	21.4	25.0	35.51	27.59	13.04	46.14	18.0	14.32
26	48.04	72.14	36.88	8.0	22.0	12.65	18.11	53.85	57.27	48.37	37.58	44.0	40.45	30.53	65.6	43.27	29.73	35.78	66.48	41.23	10.2	60.83	28.07	54.0	63.53	38.83	0.0	42.05	34.53	65.12	70.46	60.83	35.78	50.99	71.47	16.12	35.61	20.1	48.37	66.48	29.73	34.18	51.92	31.24	12.81	50.16	77.7	35.36	51.66	38.05	61.03	59.55	17.12	68.88	12.37	51.09	8.06	54.63	30.08
27	75.18	112.8	78.23	46.04	62.64	29.53	40.0	64.78	90.2	42.19	56.46	18.97	12.17	64.03	107.07	6.32	16.12	73.59	95.77	82.87	48.83	91.59	22.36	81.41	100.5	78.1	42.05	0.0	24.33	96.04	92.97	97.67	77.82	73.54	104.86	43.86	77.18	40.05	86.83	99.3	12.81	70.71	85.6	72.72	46.69	89.11	115.31	13.34	56.08	77.67	68.07	99.49	53.15	100.7	50.8	91.05	38.33	90.69	65.76
28	52.8	96.6	64.56	34.06	56.32	24.17	43.27	40.45	91.08	19.7	33.29	11.66	13.42	63.91	92.48	30.07	28.64	56.36	73.24	74.11	36.22	69.66	7.21	58.82	81.22	61.74	34.53	24.33	0.0	74.03	69.08	78.41	66.75	50.12	83.55	27.2	64.03	44.41	82.87	77.9	17.09	52.84	65.12	59.67	44.94	84.59	96.05	11.05	32.02	72.44	44.01	82.76	37.64	78.87	37.48	74.69	35.85	71.22	47.89
29	21.26	42.38	43.08	57.27	64.78	72.11	82.61	43.86	96.66	67.2	41.04	85.04	87.2	81.22	46.65	100.24	90.62	32.25	4.47	60.83	54.92	4.47	73.78	15.62	19.7	33.53	65.12	96.04	74.03	0.0	20.88	18.87	52.0	26.08	10.77	53.85	44.94	84.59	78.71	6.0	84.12	32.0	14.14	45.61	74.11	77.9	29.07	83.49	53.71	70.94	49.04	33.02	48.05	5.0	52.77	32.65	73.16	17.2	35.23
30	22.8	63.25	58.41	62.51	76.16	74.11	88.57	31.24	111.52	57.2	36.88	78.71	82.46	92.48	67.08	98.08	91.08	44.94	16.49	76.84	60.83	20.59	70.88	17.89	40.5	48.41	70.46	92.97	69.08	20.88	0.0	39.4	67.2	20.1	30.07	56.0	60.0	90.55	94.4	26.68	82.46	42.94	29.73	59.36	81.58	94.02	49.16	79.71	41.87	85.44	33.6	53.24	53.94	24.19	59.03	51.4	78.31	36.06	44.01
31	30.59	24.33	30.0	53.85	54.33	70.46	76.55	56.57	81.61	76.16	48.33	90.0	90.69	70.03	27.78	100.9	89.31	25.06	23.32	45.61	51.11	18.97	76.42	28.0	2.83	22.8	60.83	97.67	78.41	18.87	39.4	0.0	38.21	38.21	15.23	53.81	32.0	78.43	63.25	14.14	85.04	27.2	14.56	34.23	67.05	62.03	17.69	86.31	65.0	56.89	63.13	14.21	45.22	17.69	48.88	15.81	68.45	7.21	32.02
32	46.69	39.45	8.94	32.98	18.87	48.33	45.34	67.08	44.72	74.43	51.26	77.67	75.29	32.56	31.24	78.89	64.9	22.63	55.46	10.0	30.59	49.19	61.61	49.68	40.05	18.87	35.78	77.82	66.75	52.0	67.2	38.21	0.0	54.04	52.95	40.05	7.21	46.86	27.2	50.0	65.39	25.61	38.47	8.94	35.38	26.91	50.8	70.21	70.52	18.97	75.13	29.83	30.02	53.45	29.27	23.02	40.8	35.44	27.29
33	8.25	62.0	46.04	43.17	59.36	54.04	69.05	18.44	96.54	41.23	17.09	60.46	63.53	75.18	62.8	78.43	71.02	31.62	24.08	64.03	41.76	22.36	51.26	10.77	40.45	36.72	50.99	73.54	50.12	26.08	20.1	38.21	54.04	0.0	36.72	36.06	47.2	71.02	80.62	31.3	62.64	28.43	24.0	45.34	62.64	80.72	53.45	60.42	27.73	70.77	25.0	49.25	35.11	31.06	40.16	44.38	58.69	32.0	27.66
34	31.24	34.99	44.41	63.91	68.0	79.62	88.29	54.63	96.77	77.67	50.99	94.76	96.54	84.1	41.04	108.76	98.39	36.5	14.14	60.73	61.35	14.42	82.8	26.08	14.42	36.0	71.47	104.86	83.55	10.77	30.07	15.23	52.95	36.72	0.0	61.77	46.39	90.24	78.43	5.66	92.65	37.36	19.7	48.04	79.25	77.25	19.1	92.62	64.41	71.81	59.77	28.6	54.78	6.08	59.14	31.02	79.4	18.0	41.44
35	34.53	69.97	37.36	10.0	33.11	18.44	33.53	37.74	71.02	35.44	21.54	38.63	37.74	45.34	65.39	47.2	36.77	30.0	54.41	48.17	10.77	49.4	23.32	40.79	56.64	34.99	16.12	43.86	27.2	53.85	56.0	53.81	40.05	36.06	61.77	0.0	36.88	35.44	59.46	56.36	31.24	26.91	42.19	32.56	28.84	60.73	71.45	33.02	36.12	48.7	45.0	56.3	10.44	58.18	11.18	48.02	23.09	46.86	21.93
36	39.7	36.88	2.0	31.3	22.8	47.71	47.71	60.93	51.88	70.03	45.61	75.29	73.54	38.05	30.0	78.82	65.3	15.62	48.33	16.97	28.64	42.05	59.46	42.52	34.06	11.66	35.61	77.18	64.03	44.94	60.0	32.0	7.21	47.2	46.39	36.88	0.0	49.4	34.41	43.17	64.5	18.87	31.3	4.47	37.74	34.06	45.88	68.54	65.0	26.0	68.94	25.5	26.48	46.57	26.93	17.72	41.73	28.64	21.19
37	68.12	86.02	51.11	28.07	28.28	21.26	2.0	72.5	50.16	62.23	56.92	50.16	44.27	24.33	78.1	38.21	24.0	53.85	86.21	48.41	30.0	80.4	37.2	74.03	80.99	55.71	20.1	40.05	44.41	84.59	90.55	78.43	46.86	71.02	90.24	35.44	49.4	0.0	48.08	85.51	31.62	52.95	71.02	45.65	11.66	50.6	94.43	39.92	68.8	40.25	79.18	74.79	37.0	88.12	32.02	66.65	12.37	72.8	49.37
38	73.59	56.14	36.06	50.0	26.68	60.03	47.54	92.09	18.44	94.87	75.47	92.2	88.0	24.17	46.17	85.91	71.39	49.68	82.37	17.89	48.7	76.16	76.42	76.84	64.56	46.04	48.37	86.83	82.87	78.71	94.4	63.25	27.2	80.62	78.43	59.46	34.41	48.08	0.0	76.16	76.11	52.35	65.51	35.38	40.2	2.83	72.34	83.01	93.94	10.77	100.12	51.79	51.43	79.71	48.47	47.43	49.04	61.74	53.15
39	25.61	36.77	41.23	58.82	64.12	74.32	83.55	49.4	94.34	72.11	45.34	89.11	90.91	80.4	41.62	103.25	93.04	32.06	10.2	58.31	56.32	8.94	77.2	20.59	14.42	32.25	66.48	99.3	77.9	6.0	26.68	14.14	50.0	31.3	5.66	56.36	43.17	85.51	76.16	0.0	87.13	32.56	14.56	44.41	74.67	75.15	23.09	87.01	59.03	68.96	54.82	28.32	49.65	3.61	54.12	29.15	74.46	14.56	36.4
40	63.56	100.0	65.51	33.29	50.99	17.09	31.05	56.0	81.22	36.77	45.61	18.87	12.65	54.33	94.34	16.12	11.66	60.83	84.1	70.88	36.06	79.65	12.0	69.86	87.86	65.3	29.73	12.81	17.09	84.12	82.46	85.04	65.39	62.64	92.65	31.24	64.5	31.62	76.11	87.13	0.0	58.0	73.24	60.03	36.0	78.23	102.65	8.6	48.51	66.48	60.41	86.68	40.36	88.68	38.01	78.24	27.07	78.1	53.08
41	21.26	43.86	17.89	26.83	33.53	43.27	50.99	42.38	68.82	54.59	28.07	64.5	64.4	50.0	40.79	73.76	62.13	4.0	34.23	35.61	24.17	28.07	50.0	25.06	30.0	10.0	34.18	70.71	52.84	32.0	42.94	27.2	25.61	28.43	37.36	26.91	18.87	52.95	52.35	32.56	58.0	0.0	18.11	16.97	42.19	52.35	44.69	59.82	47.38	42.8	50.33	29.97	18.03	35.23	21.93	22.14	42.06	20.59	5.0
42	16.12	38.0	29.53	44.27	50.64	59.93	69.05	42.19	83.19	61.74	34.0	76.58	77.79	67.08	39.29	89.31	78.71	18.11	17.09	47.71	41.76	10.77	63.78	14.56	17.09	19.7	51.92	85.6	65.12	14.14	29.73	14.56	38.47	24.0	19.7	42.19	31.3	71.02	65.51	14.56	73.24	18.11	0.0	31.62	60.3	64.9	31.38	73.66	50.45	57.27	49.0	25.5	35.11	17.12	39.56	21.95	59.91	8.0	21.84
43	38.21	41.04	5.66	26.83	20.1	43.27	43.91	58.14	52.15	66.12	42.38	70.88	69.08	36.06	34.41	74.4	60.96	14.42	48.7	18.87	24.17	42.38	55.03	41.62	36.5	12.17	31.24	72.72	59.67	45.61	59.36	34.23	8.94	45.34	48.04	32.56	4.47	45.65	35.38	44.41	60.03	16.97	31.62	0.0	34.0	35.38	49.04	64.08	61.68	26.08	66.19	29.15	22.2	47.68	22.47	21.02	37.54	30.07	18.36
44	58.86	74.4	39.45	19.7	17.2	20.88	10.0	66.57	46.17	60.46	50.12	52.95	48.17	18.97	66.6	46.17	31.62	42.76	76.0	37.74	20.88	70.03	37.95	64.5	69.57	44.27	12.81	46.69	44.94	74.11	81.58	67.05	35.38	62.64	79.25	28.84	37.74	11.66	40.2	74.67	36.0	42.19	60.3	34.0	0.0	42.43	82.86	43.29	64.44	31.05	73.82	63.13	27.66	77.41	22.56	55.01	9.22	61.61	39.0
45	73.54	54.04	35.61	51.42	28.28	62.0	50.0	92.65	20.1	96.17	76.16	94.09	90.02	26.83	44.05	88.29	73.76	49.52	81.63	17.2	50.0	75.47	78.23	76.58	63.25	45.61	50.16	89.11	84.59	77.9	94.02	62.03	26.91	80.72	77.25	60.73	34.06	50.6	2.83	75.15	78.23	52.35	64.9	35.38	42.43	0.0	70.58	85.01	94.81	12.17	100.7	50.22	52.39	78.72	49.65	46.24	51.16	60.83	53.41
46	46.62	19.42	43.97	71.03	68.68	87.8	92.61	71.84	90.67	93.02	65.37	107.62	108.37	83.36	28.23	118.44	106.61	42.2	33.0	56.01	68.24	31.58	94.11	42.72	14.87	38.95	77.7	115.31	96.05	29.07	49.16	17.69	50.8	53.45	19.1	71.45	45.88	94.43	72.34	23.09	102.65	44.69	31.38	49.04	82.86	70.58	0.0	104.0	80.99	68.07	77.67	21.1	62.63	25.02	66.03	28.16	85.09	24.84	49.58
47	62.43	102.93	69.35	37.34	57.22	23.02	39.22	51.48	89.05	29.83	43.38	10.3	5.1	61.98	97.95	19.03	19.85	63.01	83.01	76.49	39.92	79.06	9.9	68.6	89.14	67.96	35.36	13.34	11.05	83.49	79.71	86.31	70.21	60.42	92.62	33.02	68.54	39.92	83.01	87.01	8.6	59.82	73.66	64.08	43.29	85.01	104.0	0.0	43.0	73.06	55.0	89.31	43.05	88.23	41.63	80.99	34.13	79.21	54.82
48	34.48	87.82	64.54	46.1	68.51	47.89	67.12	10.63	106.83	15.65	19.42	39.05	44.28	81.47	87.02	62.01	59.44	51.35	51.31	80.06	46.4	50.09	36.67	38.48	67.45	57.31	51.66	56.08	32.02	53.71	41.87	65.0	70.52	27.73	64.41	36.12	65.0	68.8	93.94	59.03	48.51	47.38	50.45	61.68	64.44	94.81	80.99	43.0	0.0	83.24	12.0	74.33	42.54	58.67	46.04	68.01	57.2	58.25	43.93
49	64.03	53.85	27.86	39.29	16.12	50.04	39.4	81.61	26.08	84.12	64.9	82.02	78.1	18.44	44.27	77.2	62.64	40.5	74.32	12.17	37.95	68.03	66.12	67.68	58.55	37.58	38.05	77.67	72.44	70.94	85.44	56.89	18.97	70.77	71.81	48.7	26.0	40.25	10.77	68.96	66.48	42.8	57.27	26.08	31.05	12.17	68.07	73.06	83.24	0.0	89.63	47.01	40.71	72.42	37.7	41.3	39.46	54.41	43.14
50	33.06	87.0	68.15	54.67	75.82	58.69	77.41	8.06	114.21	26.93	24.84	50.8	56.22	89.87	87.57	74.01	71.2	54.08	45.88	85.0	54.49	46.1	48.51	35.23	65.28	59.77	61.03	68.07	44.01	49.04	33.6	63.13	75.13	25.0	59.77	45.0	68.94	79.18	100.12	54.82	60.41	50.33	49.0	66.19	73.82	100.7	77.67	55.0	12.0	89.63	0.0	74.17	49.58	53.76	53.74	68.88	67.23	57.0	47.85
51	41.11	13.93	23.71	53.76	48.1	70.72	73.06	67.01	70.21	83.68	56.09	94.41	94.03	62.37	13.93	101.91	89.14	26.42	37.44	35.01	50.93	32.65	79.61	40.02	14.21	21.4	59.55	99.49	82.76	33.02	53.24	14.21	29.83	49.25	28.6	56.3	25.5	74.79	51.79	28.32	86.68	29.97	25.5	29.15	63.13	50.22	21.1	89.31	74.33	47.01	74.17	0.0	46.4	31.83	48.84	8.49	66.4	17.72	34.89
52	31.26	59.91	26.93	9.22	26.25	25.24	35.0	41.73	64.66	44.55	24.76	49.04	47.89	40.8	55.04	55.9	44.1	20.52	49.37	38.64	7.0	43.74	33.54	37.05	48.01	25.0	17.12	53.15	37.64	48.05	53.94	45.22	30.02	35.11	54.78	10.44	26.48	37.0	51.43	49.65	40.36	18.03	35.11	22.2	27.66	52.39	62.63	43.05	42.54	40.71	49.58	46.4	0.0	51.92	5.1	38.01	25.18	38.59	13.42
53	26.17	39.81	44.64	61.13	67.27	76.32	86.15	48.75	97.86	72.2	45.97	89.94	92.01	83.6	45.0	104.81	94.94	35.0	8.06	61.85	58.69	9.22	78.49	20.62	17.8	35.51	68.88	100.7	78.87	5.0	24.19	17.69	53.45	31.06	6.08	58.18	46.57	88.12	79.71	3.61	88.68	35.23	17.12	47.68	77.41	78.72	25.02	88.23	58.67	72.42	53.76	31.83	51.92	0.0	56.52	32.76	76.9	18.03	38.83
54	36.35	62.01	27.73	5.0	22.47	21.93	30.02	46.01	60.8	46.57	29.07	48.51	46.62	36.24	56.44	53.08	40.61	23.85	54.23	37.05	2.24	48.51	32.57	42.11	51.62	27.59	12.37	50.8	37.48	52.77	59.03	48.88	29.27	40.16	59.14	11.18	26.93	32.02	48.47	54.12	38.01	21.93	39.56	22.47	22.56	49.65	66.03	41.63	46.04	37.7	53.74	48.84	5.1	56.52	0.0	40.36	20.4	42.49	17.72
55	36.14	21.95	15.81	45.28	40.52	62.24	64.88	61.4	65.8	76.49	49.25	86.31	85.76	55.44	19.03	93.43	80.66	18.38	36.8	29.83	42.45	31.14	71.34	36.25	17.26	13.04	51.09	91.05	74.69	32.65	51.4	15.81	23.02	44.38	31.02	48.02	17.72	66.65	47.43	29.15	78.24	22.14	21.95	21.02	55.01	46.24	28.16	80.99	68.01	41.3	68.88	8.49	38.01	32.76	40.36	0.0	58.01	15.56	26.93
56	56.01	78.57	43.19	16.03	24.35	11.7	10.44	60.37	55.36	52.01	44.6	43.74	39.05	28.16	71.51	38.48	24.19	43.46	74.55	44.78	18.25	68.88	28.79	62.01	71.11	46.14	8.06	38.33	35.85	73.16	78.31	68.45	40.8	58.69	79.4	23.09	41.73	12.37	49.04	74.46	27.07	42.06	59.91	37.54	9.22	51.16	85.09	34.13	57.2	39.46	67.23	66.4	25.18	76.9	20.4	58.01	0.0	62.39	38.08
57	24.08	30.0	26.68	47.41	50.0	63.81	70.88	50.16	79.85	69.08	41.23	82.8	83.55	66.12	31.62	94.02	82.68	18.97	21.26	43.86	44.72	15.62	69.31	22.36	10.0	18.0	54.63	90.69	71.22	17.2	36.06	7.21	35.44	32.0	18.0	46.86	28.64	72.8	61.74	14.56	78.1	20.59	8.0	30.07	61.61	60.83	24.84	79.21	58.25	54.41	57.0	17.72	38.59	18.03	42.49	15.56	62.39	0.0	25.24
58	21.47	48.75	20.62	22.47	32.2	38.59	47.38	39.81	68.88	50.25	24.52	59.54	59.41	48.47	45.35	68.88	57.45	8.54	37.0	37.22	19.92	31.06	45.0	26.25	34.83	14.32	30.08	65.76	47.89	35.23	44.01	32.02	27.29	27.66	41.44	21.93	21.19	49.37	53.15	36.4	53.08	5.0	21.84	18.36	39.0	53.41	49.58	54.82	43.93	43.14	47.85	34.89	13.42	38.83	17.72	26.93	38.08	25.24	0.0
;
