set K:= 1	2	3	4	5	6;
set C_H:= 1	2	3	4	5	6	7	8	9	10	11	12	13	14	15	16;
set C_S:= 17	18	19	20	21	22	23	24	25	26	27	28	29	30;
set C_F:= 31	32	33	34	35	36	37	38	39	40	41	42	43	44;
set M:= 45	46	47	48;
set L_B:= 49	50	51	52	53	54	55	56;
set A1:=
(0,*) 1 2 3 4 5 6 7 8 9 10 11 12 13 14 15 16 31 32 33 34 35 36 37 38 39 40 41 42 43 44 45 46 47 48 49 50 51 52 53 54 55 56
(1,*) 0 2 3 4 5 6 7 8 9 10 11 12 13 14 15 16 31 32 33 34 35 36 37 38 39 40 41 42 43 44 45 46 47 48 49 50 51 52 53 54 55 56
(2,*) 0 1 3 4 5 6 7 8 9 10 11 12 13 14 15 16 31 32 33 34 35 36 37 38 39 40 41 42 43 44 45 46 47 48 49 50 51 52 53 54 55 56
(3,*) 0 1 2 4 5 6 7 8 9 10 11 12 13 14 15 16 31 32 33 34 35 36 37 38 39 40 41 42 43 44 45 46 47 48 49 50 51 52 53 54 55 56
(4,*) 0 1 2 3 5 6 7 8 9 10 11 12 13 14 15 16 31 32 33 34 35 36 37 38 39 40 41 42 43 44 45 46 47 48 49 50 51 52 53 54 55 56
(5,*) 0 1 2 3 4 6 7 8 9 10 11 12 13 14 15 16 31 32 33 34 35 36 37 38 39 40 41 42 43 44 45 46 47 48 49 50 51 52 53 54 55 56
(6,*) 0 1 2 3 4 5 7 8 9 10 11 12 13 14 15 16 31 32 33 34 35 36 37 38 39 40 41 42 43 44 45 46 47 48 49 50 51 52 53 54 55 56
(7,*) 0 1 2 3 4 5 6 8 9 10 11 12 13 14 15 16 31 32 33 34 35 36 37 38 39 40 41 42 43 44 45 46 47 48 49 50 51 52 53 54 55 56
(8,*) 0 1 2 3 4 5 6 7 9 10 11 12 13 14 15 16 31 32 33 34 35 36 37 38 39 40 41 42 43 44 45 46 47 48 49 50 51 52 53 54 55 56
(9,*) 0 1 2 3 4 5 6 7 8 10 11 12 13 14 15 16 31 32 33 34 35 36 37 38 39 40 41 42 43 44 45 46 47 48 49 50 51 52 53 54 55 56
(10,*) 0 1 2 3 4 5 6 7 8 9 11 12 13 14 15 16 31 32 33 34 35 36 37 38 39 40 41 42 43 44 45 46 47 48 49 50 51 52 53 54 55 56
(11,*) 0 1 2 3 4 5 6 7 8 9 10 12 13 14 15 16 31 32 33 34 35 36 37 38 39 40 41 42 43 44 45 46 47 48 49 50 51 52 53 54 55 56
(12,*) 0 1 2 3 4 5 6 7 8 9 10 11 13 14 15 16 31 32 33 34 35 36 37 38 39 40 41 42 43 44 45 46 47 48 49 50 51 52 53 54 55 56
(13,*) 0 1 2 3 4 5 6 7 8 9 10 11 12 14 15 16 31 32 33 34 35 36 37 38 39 40 41 42 43 44 45 46 47 48 49 50 51 52 53 54 55 56
(14,*) 0 1 2 3 4 5 6 7 8 9 10 11 12 13 15 16 31 32 33 34 35 36 37 38 39 40 41 42 43 44 45 46 47 48 49 50 51 52 53 54 55 56
(15,*) 0 1 2 3 4 5 6 7 8 9 10 11 12 13 14 16 31 32 33 34 35 36 37 38 39 40 41 42 43 44 45 46 47 48 49 50 51 52 53 54 55 56
(16,*) 0 1 2 3 4 5 6 7 8 9 10 11 12 13 14 15 31 32 33 34 35 36 37 38 39 40 41 42 43 44 45 46 47 48 49 50 51 52 53 54 55 56
(31,*) 0 1 2 3 4 5 6 7 8 9 10 11 12 13 14 15 16 32 33 34 35 36 37 38 39 40 41 42 43 44 45 46 47 48 49 50 51 52 53 54 55 56
(32,*) 0 1 2 3 4 5 6 7 8 9 10 11 12 13 14 15 16 31 33 34 35 36 37 38 39 40 41 42 43 44 45 46 47 48 49 50 51 52 53 54 55 56
(33,*) 0 1 2 3 4 5 6 7 8 9 10 11 12 13 14 15 16 31 32 34 35 36 37 38 39 40 41 42 43 44 45 46 47 48 49 50 51 52 53 54 55 56
(34,*) 0 1 2 3 4 5 6 7 8 9 10 11 12 13 14 15 16 31 32 33 35 36 37 38 39 40 41 42 43 44 45 46 47 48 49 50 51 52 53 54 55 56
(35,*) 0 1 2 3 4 5 6 7 8 9 10 11 12 13 14 15 16 31 32 33 34 36 37 38 39 40 41 42 43 44 45 46 47 48 49 50 51 52 53 54 55 56
(36,*) 0 1 2 3 4 5 6 7 8 9 10 11 12 13 14 15 16 31 32 33 34 35 37 38 39 40 41 42 43 44 45 46 47 48 49 50 51 52 53 54 55 56
(37,*) 0 1 2 3 4 5 6 7 8 9 10 11 12 13 14 15 16 31 32 33 34 35 36 38 39 40 41 42 43 44 45 46 47 48 49 50 51 52 53 54 55 56
(38,*) 0 1 2 3 4 5 6 7 8 9 10 11 12 13 14 15 16 31 32 33 34 35 36 37 39 40 41 42 43 44 45 46 47 48 49 50 51 52 53 54 55 56
(39,*) 0 1 2 3 4 5 6 7 8 9 10 11 12 13 14 15 16 31 32 33 34 35 36 37 38 40 41 42 43 44 45 46 47 48 49 50 51 52 53 54 55 56
(40,*) 0 1 2 3 4 5 6 7 8 9 10 11 12 13 14 15 16 31 32 33 34 35 36 37 38 39 41 42 43 44 45 46 47 48 49 50 51 52 53 54 55 56
(41,*) 0 1 2 3 4 5 6 7 8 9 10 11 12 13 14 15 16 31 32 33 34 35 36 37 38 39 40 42 43 44 45 46 47 48 49 50 51 52 53 54 55 56
(42,*) 0 1 2 3 4 5 6 7 8 9 10 11 12 13 14 15 16 31 32 33 34 35 36 37 38 39 40 41 43 44 45 46 47 48 49 50 51 52 53 54 55 56
(43,*) 0 1 2 3 4 5 6 7 8 9 10 11 12 13 14 15 16 31 32 33 34 35 36 37 38 39 40 41 42 44 45 46 47 48 49 50 51 52 53 54 55 56
(44,*) 0 1 2 3 4 5 6 7 8 9 10 11 12 13 14 15 16 31 32 33 34 35 36 37 38 39 40 41 42 43 45 46 47 48 49 50 51 52 53 54 55 56
(45,*) 0 1 2 3 4 5 6 7 8 9 10 11 12 13 14 15 16 31 32 33 34 35 36 37 38 39 40 41 42 43 44 47 48 49 50 51 52 53 54 55 56
(46,*) 0 1 2 3 4 5 6 7 8 9 10 11 12 13 14 15 16 31 32 33 34 35 36 37 38 39 40 41 42 43 44 47 48 49 50 51 52 53 54 55 56
(47,*) 0 1 2 3 4 5 6 7 8 9 10 11 12 13 14 15 16 31 32 33 34 35 36 37 38 39 40 41 42 43 44 45 46 49 50 51 52 53 54 55 56
(48,*) 0 1 2 3 4 5 6 7 8 9 10 11 12 13 14 15 16 31 32 33 34 35 36 37 38 39 40 41 42 43 44 45 46 49 50 51 52 53 54 55 56
(49,*) 0 1 2 3 4 5 6 7 8 9 10 11 12 13 14 15 16 31 32 33 34 35 36 37 38 39 40 41 42 43 44 45 46 47 48 50 51 52 53 54 55 56
(50,*) 0 1 2 3 4 5 6 7 8 9 10 11 12 13 14 15 16 31 32 33 34 35 36 37 38 39 40 41 42 43 44 45 46 47 48 49 51 52 53 54 55 56
(51,*) 0 1 2 3 4 5 6 7 8 9 10 11 12 13 14 15 16 31 32 33 34 35 36 37 38 39 40 41 42 43 44 45 46 47 48 49 50 52 53 54 55 56
(52,*) 0 1 2 3 4 5 6 7 8 9 10 11 12 13 14 15 16 31 32 33 34 35 36 37 38 39 40 41 42 43 44 45 46 47 48 49 50 51 53 54 55 56
(53,*) 0 1 2 3 4 5 6 7 8 9 10 11 12 13 14 15 16 31 32 33 34 35 36 37 38 39 40 41 42 43 44 45 46 47 48 49 50 51 52 54 55 56
(54,*) 0 1 2 3 4 5 6 7 8 9 10 11 12 13 14 15 16 31 32 33 34 35 36 37 38 39 40 41 42 43 44 45 46 47 48 49 50 51 52 53 55 56
(55,*) 0 1 2 3 4 5 6 7 8 9 10 11 12 13 14 15 16 31 32 33 34 35 36 37 38 39 40 41 42 43 44 45 46 47 48 49 50 51 52 53 54 56
(56,*) 0 1 2 3 4 5 6 7 8 9 10 11 12 13 14 15 16 31 32 33 34 35 36 37 38 39 40 41 42 43 44 45 46 47 48 49 50 51 52 53 54 55
;
set A2:=
(45,*) 46
(46,*) 45
(47,*) 48
(48,*) 47
;
param BigM:=99999;
param n:= 6;
param d:=
1	19
2	2
3	8
4	22
5	14
6	17
7	23
8	2
9	10
10	6
11	16
12	8
13	11
14	11
15	22
16	17
17	20
18	17
19	5
20	10
21	20
22	13
23	21
24	11
25	22
26	17
27	8
28	5
29	18
30	12
31	12
32	6
33	14
34	2
35	8
36	7
37	15
38	21
39	24
40	6
41	21
42	24
43	23
44	3
;
param Q:=100;
param w:=
[45,*] 46 0.5
[46,*] 45 0.5
[47,*] 48 0.5
[48,*] 47 0.5
;
param V:=
[45,*] 46 94
[46,*] 45 94
[47,*] 48 73
[48,*] 47 73
;
param e:
	45	46	47	48	49	50	51	52	53	54	55	56:=
17	0	0	0	0	0	1	0	0	0	0	0	0	
18	1	0	0	0	1	0	0	0	0	0	0	0	
19	0	0	0	0	1	0	0	0	0	0	0	0	
20	0	0	0	0	0	1	0	0	0	0	0	0	
21	0	0	0	0	0	1	0	0	0	0	0	0	
22	0	0	0	0	1	0	0	0	0	0	0	0	
23	0	0	0	0	1	0	0	0	0	0	0	0	
24	0	0	0	0	1	0	0	0	0	0	0	0	
25	0	0	0	1	0	0	0	0	0	0	0	0	
26	0	0	0	0	1	0	0	0	0	0	0	0	
27	0	0	1	0	0	0	0	0	0	0	0	0	
28	0	1	0	0	0	0	0	0	0	0	0	0	
29	1	0	0	0	1	0	0	0	0	0	0	0	
30	1	0	1	0	1	0	0	0	0	0	0	0	
31	0	1	0	0	0	1	0	0	0	0	0	0	
32	0	0	0	1	0	0	0	0	0	0	0	0	
33	0	1	0	0	0	0	0	0	0	0	0	0	
34	1	0	1	1	0	0	0	0	0	0	0	0	
35	0	1	0	0	0	1	0	0	0	0	0	0	
36	0	1	0	0	0	0	0	0	0	0	0	0	
37	0	0	0	1	0	0	0	0	0	0	0	0	
38	0	0	0	0	1	0	0	0	0	0	0	0	
39	0	0	0	0	0	1	0	0	0	0	0	0	
40	1	0	1	0	1	0	0	0	0	0	0	0	
41	0	0	0	0	1	0	0	0	0	0	0	0	
42	1	0	1	0	1	0	0	0	0	0	0	0	
43	0	0	0	1	0	0	0	0	0	0	0	0	
44	0	0	0	1	0	1	0	0	0	0	0	0	
;
param p:=
1	3
2	3
3	3
4	3
5	3
6	3
;
param G:=
45	94
46	73
47	70
48	73
49	81
50	71
51	88
52	85
53	84
54	73
55	93
56	87
;
param s:=
0	0
1	15
2	15
3	15
4	15
5	15
6	15
7	15
8	15
9	15
10	15
11	15
12	15
13	15
14	15
15	15
16	15
31	15
32	15
33	15
34	15
35	15
36	15
37	15
38	15
39	15
40	15
41	15
42	15
43	15
44	15
45	10
46	10
47	10
48	10
49	10
50	10
51	10
52	10
53	10
54	10
55	10
56	10
;
param t:
	0	1	2	3	4	5	6	7	8	9	10	11	12	13	14	15	16	17	18	19	20	21	22	23	24	25	26	27	28	29	30	31	32	33	34	35	36	37	38	39	40	41	42	43	44	45	46	47	48	49	50	51	52	53	54	55	56:=
0	0.0	20.88	31.14	28.6	43.83	19.7	35.69	67.45	65.0	36.4	24.33	40.36	34.83	93.35	54.12	25.3	66.71	66.91	30.23	60.41	88.09	45.61	43.08	25.0	69.86	47.8	21.02	67.36	86.45	42.05	28.65	66.6	78.89	82.07	18.68	69.66	49.74	56.22	50.01	54.2	9.06	41.73	30.15	65.79	59.21	86.98	17.49	37.16	58.31	48.38	71.85	19.24	74.63	13.34	42.72	24.19	49.19
1	20.88	0.0	50.22	40.72	54.08	14.14	56.52	85.84	54.23	56.44	24.08	34.48	46.96	105.12	42.3	14.56	87.56	86.15	12.08	51.0	98.08	64.28	34.23	37.7	58.55	33.24	34.21	88.23	99.13	42.19	9.43	79.65	86.28	94.34	38.01	83.19	70.21	55.9	48.75	64.64	29.43	25.08	29.41	56.04	79.01	98.74	23.71	57.94	53.85	69.26	80.81	21.4	89.69	18.38	60.67	24.76	65.97
2	31.14	50.22	0.0	46.17	59.14	41.79	21.26	60.14	94.89	8.06	53.24	51.16	50.01	99.3	84.6	47.43	44.72	56.4	60.96	89.89	97.5	41.88	73.06	43.42	99.85	78.87	20.1	43.05	91.3	67.72	59.03	73.01	92.96	88.1	28.16	74.69	22.09	80.6	75.69	67.08	26.83	72.84	58.18	95.26	47.2	93.47	31.05	15.26	85.38	26.25	84.4	48.37	75.72	43.27	42.49	52.77	50.54
3	28.6	40.72	46.17	0.0	15.26	46.75	34.99	48.26	55.97	46.57	21.02	68.62	6.4	65.3	48.88	51.4	61.22	50.45	42.43	50.25	59.55	29.15	37.12	3.61	60.88	48.38	46.82	64.38	58.82	24.21	42.95	39.12	50.54	54.2	18.03	42.54	54.59	35.11	31.38	25.61	23.41	47.38	21.19	55.15	45.69	58.9	46.04	41.63	41.88	47.8	43.27	20.4	49.04	22.36	24.35	20.02	27.02
4	43.83	54.08	59.14	15.26	0.0	61.52	44.15	43.86	55.46	58.14	31.38	83.63	9.49	51.04	51.42	65.86	64.82	48.02	53.49	49.66	44.55	30.61	41.19	18.87	59.94	54.04	61.85	69.07	45.18	23.77	54.63	26.25	35.34	40.31	31.78	30.08	63.6	28.28	27.78	10.63	38.48	55.44	28.64	53.71	46.01	44.65	61.29	51.79	38.01	55.15	28.02	32.76	38.21	36.24	25.81	30.46	23.6
5	19.7	14.14	41.79	46.75	61.52	0.0	53.01	86.98	68.36	49.04	34.93	22.47	53.15	112.04	56.44	6.0	83.29	86.12	25.96	65.03	106.08	65.15	48.04	43.28	72.69	47.3	23.02	83.02	105.42	53.85	23.09	85.6	95.6	100.9	38.28	88.81	63.32	68.01	61.03	72.12	28.46	38.9	40.85	70.11	78.09	105.65	11.4	52.47	67.08	64.38	89.27	30.89	94.15	25.81	62.39	35.34	68.88
6	35.69	56.52	21.26	34.99	44.15	53.01	0.0	39.05	89.94	16.16	49.82	68.01	36.4	78.79	81.39	59.01	31.05	35.85	64.62	84.39	77.88	21.02	69.35	33.6	94.92	78.24	36.77	32.2	70.68	59.08	63.57	53.16	75.17	67.78	20.81	54.42	19.7	69.78	66.37	50.04	27.2	74.3	53.04	89.5	26.83	73.16	44.72	8.06	76.85	13.6	66.27	46.04	54.71	42.94	22.56	49.04	30.36
7	67.45	85.84	60.14	48.26	43.86	86.98	39.05	0.0	99.32	53.81	69.26	105.12	43.93	47.04	94.87	92.72	33.0	7.07	90.01	93.52	50.8	21.84	83.93	50.04	103.75	96.1	74.95	39.01	39.0	67.42	90.09	30.02	55.9	38.33	48.76	28.23	48.3	71.02	71.55	40.61	58.52	95.63	69.05	97.49	14.32	43.1	81.02	45.28	81.49	38.08	47.51	68.01	22.09	68.18	25.18	68.26	21.38
8	65.0	54.23	94.89	55.97	55.46	68.36	89.94	99.32	0.0	98.18	41.68	87.14	57.43	92.14	12.0	68.01	117.15	103.35	43.0	5.83	81.39	84.05	21.93	56.57	5.0	22.36	85.07	120.34	90.05	32.45	46.0	76.69	65.49	85.09	69.81	80.6	108.85	30.27	27.86	60.44	68.1	31.4	37.2	3.61	100.4	87.01	76.69	95.43	19.1	103.28	66.01	46.53	90.24	51.89	79.06	42.19	78.77
9	36.4	56.44	8.06	46.57	58.14	49.04	16.16	53.81	98.18	0.0	56.61	59.21	49.5	94.94	88.41	54.82	36.67	49.58	66.61	92.96	93.96	37.16	76.61	44.27	103.17	83.45	28.02	35.01	86.82	69.46	64.9	69.26	90.67	83.93	29.15	70.58	14.32	81.61	77.25	65.12	30.48	77.99	61.06	98.27	40.36	89.32	38.64	8.6	87.32	18.38	81.88	52.01	70.71	47.42	38.6	56.04	46.49
10	24.33	24.08	53.24	21.02	31.38	34.93	49.82	69.26	41.68	56.61	0.0	57.25	26.17	81.99	31.89	37.74	79.26	71.2	22.14	36.67	74.4	49.48	20.0	19.42	46.65	28.65	45.28	81.54	76.49	18.97	23.26	57.58	62.23	71.55	29.07	61.35	67.9	33.24	26.48	41.59	26.42	26.48	6.08	42.05	65.8	75.66	39.32	54.45	34.06	63.41	57.01	5.1	68.88	11.05	44.91	1.0	48.04
11	40.36	34.48	51.16	68.62	83.63	22.47	68.01	105.12	87.14	59.21	57.25	0.0	74.97	133.69	75.17	19.92	95.75	103.25	44.28	84.59	128.14	83.65	68.45	65.07	91.02	65.01	31.58	94.19	126.81	76.06	41.3	106.96	118.0	122.43	57.69	109.99	73.03	90.08	83.01	94.18	48.01	56.0	63.07	89.36	94.58	127.31	24.19	65.12	88.32	76.94	111.52	53.34	114.62	48.26	81.63	57.71	88.75
12	34.83	46.96	50.01	6.4	9.49	53.15	36.4	43.93	57.43	49.5	26.17	74.97	0.0	58.9	51.48	57.8	60.11	46.82	48.05	51.61	53.26	26.63	40.16	9.9	62.2	52.17	52.39	63.78	52.43	25.0	48.76	32.76	44.78	47.8	22.36	36.24	56.08	33.62	31.14	19.42	29.07	52.04	25.18	56.22	43.05	52.5	52.2	43.68	41.77	48.37	37.22	26.25	43.01	28.65	21.63	25.18	22.56
13	93.35	105.12	99.3	65.3	51.04	112.04	78.79	47.04	92.14	94.94	81.99	133.69	58.9	0.0	93.56	116.66	80.02	54.01	103.77	87.37	11.4	57.78	86.68	68.77	95.01	99.72	108.41	86.05	8.25	68.95	105.19	27.02	27.17	11.4	77.47	24.7	93.15	62.65	67.68	40.5	86.37	103.46	78.26	89.05	60.53	6.4	110.34	86.54	73.33	82.71	26.68	83.76	25.32	87.2	56.82	81.12	48.76
14	54.12	42.3	84.6	48.88	51.42	56.44	81.39	94.87	12.0	88.41	31.89	75.17	51.48	93.56	0.0	56.01	109.86	98.23	31.0	10.3	83.43	77.83	12.04	48.83	16.28	10.77	73.74	112.61	90.45	27.66	34.0	75.11	68.01	85.38	60.81	79.1	99.76	31.05	26.08	58.22	58.01	19.65	28.43	14.32	94.37	87.97	65.0	86.31	21.47	94.92	66.91	36.4	88.36	41.34	72.9	32.56	73.74
15	25.3	14.56	47.43	51.4	65.86	6.0	59.01	92.72	68.01	54.82	37.74	19.92	57.8	116.66	56.01	0.0	89.27	91.98	25.02	65.12	110.34	70.88	48.66	48.01	72.11	46.27	28.18	88.96	110.21	56.36	22.02	90.44	99.36	105.6	43.97	93.74	69.12	70.26	63.16	76.49	34.21	37.48	43.42	70.03	84.01	110.26	16.55	58.42	68.41	70.35	93.35	34.21	99.36	29.7	68.01	38.28	74.32
16	66.71	87.56	44.72	61.22	64.82	83.29	31.05	33.0	117.15	36.67	79.26	95.75	60.11	80.02	109.86	89.27	0.0	26.02	95.52	111.4	83.49	34.21	97.91	61.03	122.02	107.91	64.28	6.08	72.0	84.96	94.56	60.88	86.68	71.18	51.08	60.02	24.17	92.96	91.22	66.24	58.24	104.69	81.54	116.18	20.88	76.06	74.0	31.0	101.83	19.0	77.79	76.03	55.04	73.54	39.05	78.39	42.54
17	66.91	86.15	56.4	50.45	48.02	86.12	35.85	7.07	103.35	49.58	71.2	103.25	46.82	54.01	98.23	91.98	26.02	0.0	91.2	97.53	57.87	22.02	86.98	51.79	107.91	98.76	72.45	32.06	46.01	71.11	91.05	36.67	62.65	45.4	48.37	35.11	42.72	75.8	75.8	45.97	57.87	97.67	71.57	101.71	9.22	50.16	79.38	41.23	85.98	32.8	54.12	69.46	29.15	69.03	26.31	70.21	24.6
18	30.23	12.08	60.96	42.43	53.49	25.96	64.62	90.01	43.0	66.61	22.14	44.28	48.05	103.77	31.0	25.02	95.52	91.2	0.0	40.31	95.72	69.18	24.7	40.11	47.1	21.38	46.04	96.77	98.49	36.8	3.0	79.71	82.62	93.52	44.64	83.49	79.92	49.2	42.01	63.56	37.58	13.0	25.55	45.1	84.85	97.49	35.78	67.12	45.19	77.88	78.23	22.09	90.96	22.36	65.03	23.09	69.18
19	60.41	51.0	89.89	50.25	49.66	65.03	84.39	93.52	5.83	92.96	36.67	84.59	51.61	87.37	10.3	65.12	111.4	97.53	40.31	0.0	76.79	78.24	17.46	50.93	10.63	21.02	80.78	114.63	85.0	26.63	43.29	71.2	61.0	80.01	64.4	75.13	103.41	25.02	22.14	54.82	63.06	29.73	31.91	5.39	94.58	82.1	72.84	90.0	14.04	97.67	61.03	41.63	84.72	47.17	73.24	37.12	72.95
20	88.09	98.08	97.5	59.55	44.55	106.08	77.88	50.8	81.39	93.96	74.4	128.14	53.26	11.4	83.43	110.34	83.49	57.87	95.72	76.79	0.0	57.27	77.25	63.13	84.1	90.14	104.62	89.36	14.21	59.93	97.35	24.74	16.0	12.65	73.57	24.08	93.9	52.39	57.87	33.97	81.84	94.43	70.18	78.23	63.07	9.22	105.42	85.87	62.8	83.6	17.49	76.69	28.86	80.66	55.36	73.6	47.54
21	45.61	64.28	41.88	29.15	30.61	65.15	21.02	21.84	84.05	37.16	49.48	83.65	26.63	57.78	77.83	70.88	34.21	22.02	69.18	78.24	57.27	0.0	66.21	30.08	88.81	77.49	54.2	38.59	49.66	51.61	69.03	32.56	56.14	46.82	26.93	33.53	37.01	58.8	57.38	32.89	36.69	75.93	50.33	82.8	16.55	52.2	59.48	28.79	67.94	27.07	47.1	47.52	33.84	47.01	5.0	48.51	10.0
22	43.08	34.23	73.06	37.12	41.19	48.04	69.35	83.93	21.93	76.61	20.0	68.45	40.16	86.68	12.04	48.66	97.91	86.98	24.7	17.46	77.25	66.21	0.0	36.89	26.83	13.15	63.32	100.6	82.76	18.11	27.51	66.12	62.61	77.67	48.8	70.11	87.78	26.4	19.72	49.09	46.32	17.8	16.4	22.8	82.76	80.78	55.44	74.33	20.59	82.88	60.08	24.7	79.0	29.97	61.33	20.62	62.64
23	25.0	37.7	43.42	3.61	18.87	43.28	33.6	50.04	56.57	44.27	19.42	65.07	9.9	68.77	48.83	48.01	61.03	51.79	40.11	50.93	63.13	30.08	36.89	0.0	61.52	47.54	43.32	63.89	62.2	25.55	40.45	42.44	54.12	57.63	15.3	45.79	53.0	37.36	33.11	29.21	19.92	45.89	20.59	55.97	46.49	62.37	42.44	39.82	43.42	46.75	46.87	18.03	52.0	19.31	25.5	18.44	29.07
24	69.86	58.55	99.85	60.88	59.94	72.69	94.92	103.75	5.0	103.17	46.65	91.02	62.2	95.01	16.28	72.11	122.02	107.91	47.1	10.63	84.1	88.81	26.83	61.52	0.0	26.02	89.81	125.26	93.26	37.2	50.09	80.52	68.12	88.36	74.81	84.4	113.85	33.96	32.2	64.51	73.06	35.06	42.2	6.32	105.12	90.05	81.25	100.42	22.8	108.25	69.18	51.48	94.11	56.8	83.82	47.17	83.35
25	47.8	33.24	78.87	48.38	54.04	47.3	78.24	96.1	22.36	83.45	28.65	65.01	52.17	99.72	10.77	46.27	107.91	98.76	21.38	21.02	90.14	77.49	13.15	47.54	26.02	0.0	66.19	110.14	95.9	31.26	24.33	79.23	75.24	90.8	57.43	83.22	95.67	38.47	32.31	62.2	53.04	9.06	27.2	25.0	93.98	93.86	56.65	82.33	30.48	91.84	73.08	32.2	92.02	36.07	72.73	29.53	74.73
26	21.02	34.21	20.1	46.82	61.85	23.02	36.77	74.95	85.07	28.02	45.28	31.58	52.39	108.41	73.74	28.18	64.28	72.45	46.04	80.78	104.62	54.2	63.32	43.32	89.81	66.19	0.0	63.0	100.9	63.01	43.6	81.4	97.17	97.01	31.06	83.87	42.19	77.1	71.0	71.55	23.41	58.83	51.16	86.13	63.56	102.2	11.66	33.54	79.31	45.4	89.44	40.2	86.98	34.23	53.08	45.18	60.81
27	67.36	88.23	43.05	64.38	69.07	83.02	32.2	39.01	120.34	35.01	81.54	94.19	63.78	86.05	112.61	88.96	6.08	32.06	96.77	114.63	89.36	38.59	100.6	63.89	125.26	110.14	63.0	0.0	78.01	88.39	95.63	66.49	92.18	77.1	52.84	65.76	21.38	97.01	94.92	71.11	59.24	106.47	84.2	119.52	26.48	82.02	73.25	30.59	105.55	18.97	83.24	78.03	61.01	75.13	43.27	80.71	47.42
28	86.45	99.13	91.3	58.82	45.18	105.42	70.68	39.0	90.05	86.82	76.49	126.81	52.43	8.25	90.45	110.21	72.0	46.01	98.49	85.0	14.21	49.66	82.76	62.2	93.26	95.9	100.9	78.01	0.0	64.76	99.74	19.85	27.31	5.1	70.09	17.03	84.9	60.01	64.38	34.93	79.2	99.04	73.16	87.14	52.35	5.0	103.25	78.39	71.01	74.46	24.08	77.9	17.12	80.99	48.88	75.58	40.82
29	42.05	42.19	67.72	24.21	23.77	53.85	59.08	67.42	32.45	69.46	18.97	76.06	25.0	68.95	27.66	56.36	84.96	71.11	36.8	26.63	59.93	51.61	18.11	25.55	37.2	31.26	63.01	88.39	64.76	0.0	38.9	48.04	46.04	59.67	40.31	52.04	78.55	14.32	8.06	31.02	41.59	34.54	13.0	31.24	67.96	62.94	58.05	65.37	17.89	72.01	42.54	23.54	61.03	29.43	46.62	18.68	46.52
30	28.65	9.43	59.03	42.95	54.63	23.09	63.57	90.09	46.0	64.9	23.26	41.3	48.76	105.19	34.0	22.02	94.56	91.05	3.0	43.29	97.35	69.03	27.51	40.45	50.09	24.33	43.6	95.63	99.74	38.9	0.0	80.78	84.5	94.81	43.93	84.5	78.39	51.61	44.41	64.85	36.4	15.81	27.2	48.09	84.48	98.88	33.12	65.74	47.93	76.69	79.88	22.56	91.76	22.02	65.01	24.17	69.46
31	66.6	79.65	73.01	39.12	26.25	85.6	53.16	30.02	76.69	69.26	57.58	106.96	32.76	27.02	75.11	90.44	60.88	36.67	79.71	71.2	24.74	32.56	66.12	42.44	80.52	79.23	81.4	66.49	19.85	48.04	80.78	0.0	26.0	15.62	50.45	4.0	69.35	46.57	49.37	17.03	59.41	81.39	54.82	74.22	40.02	20.81	83.44	61.13	57.72	59.14	17.49	58.6	13.6	61.4	30.68	56.65	22.8
32	78.89	86.28	92.96	50.54	35.34	95.6	75.17	55.9	65.49	90.67	62.23	118.0	44.78	27.17	68.01	99.36	86.68	62.65	82.62	61.0	16.0	56.14	62.61	54.12	68.12	75.24	97.17	92.18	27.31	46.04	84.5	26.0	0.0	23.32	66.73	27.78	93.05	37.0	42.95	25.96	73.82	80.13	57.38	62.29	65.8	23.09	96.38	83.22	47.07	83.22	9.06	65.19	36.24	69.81	53.0	61.52	46.17
33	82.07	94.34	88.1	54.2	40.31	100.9	67.78	38.33	85.09	83.93	71.55	122.43	47.8	11.4	85.38	105.6	71.18	45.4	93.52	80.01	12.65	46.82	77.67	57.63	88.36	90.8	97.01	77.1	5.1	59.67	94.81	15.62	23.32	0.0	66.07	13.42	82.76	55.0	59.3	29.97	75.01	93.96	68.15	82.22	51.01	5.39	99.01	75.61	66.03	72.37	19.24	73.06	16.28	76.28	45.62	70.66	37.58
34	18.68	38.01	28.16	18.03	31.78	38.28	20.81	48.76	69.81	29.15	29.07	57.69	22.36	77.47	60.81	43.97	51.08	48.37	44.64	64.4	73.57	26.93	48.8	15.3	74.81	57.43	31.06	52.84	70.09	40.31	43.93	50.45	66.73	66.07	0.0	53.08	39.05	52.63	48.1	40.85	9.85	53.67	32.65	69.63	41.0	71.22	33.6	25.61	58.18	34.41	58.69	25.24	57.01	22.47	24.17	28.32	31.06
35	69.66	83.19	74.69	42.54	30.08	88.81	54.42	28.23	80.6	70.58	61.35	109.99	36.24	24.7	79.1	93.74	60.02	35.11	83.49	75.13	24.08	33.53	70.11	45.79	84.4	83.22	83.87	65.76	17.03	52.04	84.5	4.0	27.78	13.42	53.08	0.0	69.87	50.45	53.34	21.02	62.24	85.33	58.69	78.1	39.32	18.79	86.31	62.3	61.61	59.54	19.85	62.24	9.85	64.88	32.2	60.41	24.17
36	49.74	70.21	22.09	54.59	63.6	63.32	19.7	48.3	108.85	14.32	67.9	73.03	56.08	93.15	99.76	69.12	24.17	42.72	79.92	103.41	93.9	37.01	87.78	53.0	113.85	95.67	42.19	21.38	84.9	78.55	78.39	69.35	93.05	82.76	39.05	69.87	0.0	89.47	85.96	68.73	42.8	90.8	71.7	108.6	34.0	88.07	52.95	13.45	96.38	10.44	84.02	63.66	68.01	59.67	40.11	67.21	47.01
37	56.22	55.9	80.6	35.11	28.28	68.01	69.78	71.02	30.27	81.61	33.24	90.08	33.62	62.65	31.05	70.26	92.96	75.8	49.2	25.02	52.39	58.8	26.4	37.36	33.96	38.47	77.1	97.01	60.01	14.32	51.61	46.57	37.0	55.0	52.63	50.45	89.47	0.0	7.21	30.87	55.15	44.2	27.2	27.66	74.28	57.22	72.37	76.69	11.18	81.99	36.12	37.85	60.17	43.74	53.91	32.98	51.74
38	50.01	48.75	75.69	31.38	27.78	61.03	66.37	71.55	27.86	77.25	26.48	83.01	31.14	67.68	26.08	63.16	91.22	75.8	42.01	22.14	57.87	57.38	19.72	33.11	32.2	32.31	71.0	94.92	64.38	8.06	44.41	49.37	42.95	59.3	48.1	53.34	85.96	7.21	0.0	32.76	49.65	37.44	20.4	25.94	73.41	61.98	65.76	72.9	10.63	79.06	41.0	31.26	62.8	37.22	52.4	26.31	51.31
39	54.2	64.64	67.08	25.61	10.63	72.12	50.04	40.61	60.44	65.12	41.59	94.18	19.42	40.5	58.22	76.49	66.24	45.97	63.56	54.82	33.97	32.89	49.09	29.21	64.51	62.2	71.55	71.11	34.93	31.02	64.85	17.03	25.96	29.97	40.85	21.02	68.73	30.87	32.76	0.0	48.37	64.54	38.28	58.19	46.04	34.13	71.61	58.01	41.79	59.44	17.89	43.27	30.15	46.86	28.86	40.71	23.71
40	9.06	29.43	26.83	23.41	38.48	28.46	27.2	58.52	68.1	30.48	26.42	48.01	29.07	86.37	58.01	34.21	58.24	57.87	37.58	63.06	81.84	36.69	46.32	19.92	73.06	53.04	23.41	59.24	79.2	41.59	36.4	59.41	73.82	75.01	9.85	62.24	42.8	55.15	49.65	48.37	0.0	48.01	31.38	68.43	50.16	80.06	24.08	29.68	58.94	40.31	66.24	21.63	66.61	16.97	34.01	25.94	40.82
41	41.73	25.08	72.84	47.38	55.44	38.9	74.3	95.63	31.4	77.99	26.48	56.0	52.04	103.46	19.65	37.48	104.69	97.67	13.0	29.73	94.43	75.93	17.8	45.89	35.06	9.06	58.83	106.47	99.04	34.54	15.81	81.39	80.13	93.96	53.67	85.33	90.8	44.2	37.44	64.54	48.01	0.0	27.02	33.96	92.18	97.41	48.75	77.67	37.64	87.82	77.08	28.79	93.65	31.38	71.39	27.46	74.33
42	30.15	29.41	58.18	21.19	28.64	40.85	53.04	69.05	37.2	61.06	6.08	63.07	25.18	78.26	28.43	43.42	81.54	71.57	25.55	31.91	70.18	50.33	16.4	20.59	42.2	27.2	51.16	84.2	73.16	13.0	27.2	54.82	57.38	68.15	32.65	58.69	71.7	27.2	20.4	38.28	31.38	27.02	0.0	37.22	66.85	72.01	45.4	58.26	28.16	66.53	52.7	11.0	66.75	17.0	45.54	6.0	47.68
43	65.79	56.04	95.26	55.15	53.71	70.11	89.5	97.49	3.61	98.27	42.05	89.36	56.22	89.05	14.32	70.03	116.18	101.71	45.1	5.39	78.23	82.8	22.8	55.97	6.32	25.0	86.13	119.52	87.14	31.24	48.09	74.22	62.29	82.22	69.63	78.1	108.6	27.66	25.94	58.19	68.43	33.96	37.22	0.0	99.05	84.01	78.09	95.21	16.49	102.73	63.07	47.01	87.8	52.55	77.8	42.49	77.18
44	59.21	79.01	47.2	45.69	46.01	78.09	26.83	14.32	100.4	40.36	65.8	94.58	43.05	60.53	94.37	84.01	20.88	9.22	84.85	94.58	63.07	16.55	82.76	46.49	105.12	93.98	63.56	26.48	52.35	67.96	84.48	40.02	65.8	51.01	41.0	39.32	34.0	74.28	73.41	46.04	50.16	92.18	66.85	99.05	0.0	56.08	70.88	32.02	83.87	23.85	56.92	63.56	35.23	62.51	21.47	64.85	22.67
45	86.98	98.74	93.47	58.9	44.65	105.65	73.16	43.1	87.01	89.32	75.66	127.31	52.5	6.4	87.97	110.26	76.06	50.16	97.49	82.1	9.22	52.2	80.78	62.37	90.05	93.86	102.2	82.02	5.0	62.94	98.88	20.81	23.09	5.39	71.22	18.79	88.07	57.22	61.98	34.13	80.06	97.41	72.01	84.01	56.08	0.0	104.0	80.99	68.07	77.67	21.1	77.39	21.02	80.8	50.99	74.79	42.95
46	17.49	23.71	31.05	46.04	61.29	11.4	44.72	81.02	76.69	38.64	39.32	24.19	52.2	110.34	65.0	16.55	74.0	79.38	35.78	72.84	105.42	59.48	55.44	42.44	81.25	56.65	11.66	73.25	103.25	58.05	33.12	83.44	96.38	99.01	33.6	86.31	52.95	72.37	65.76	71.61	24.08	48.75	45.4	78.09	70.88	104.0	0.0	43.0	73.06	55.0	89.31	34.53	90.6	28.64	57.45	39.46	64.64
47	37.16	57.94	15.26	41.63	51.79	52.47	8.06	45.28	95.43	8.6	54.45	65.12	43.68	86.54	86.31	58.42	31.0	41.23	67.12	90.0	85.87	28.79	74.33	39.82	100.42	82.33	33.54	30.59	78.39	65.37	65.74	61.13	83.22	75.61	25.61	62.3	13.45	76.69	72.9	58.01	29.68	77.67	58.26	95.21	32.02	80.99	43.0	0.0	83.24	12.0	74.33	50.25	62.18	46.4	30.59	53.76	38.33
48	58.31	53.85	85.38	41.88	38.01	67.08	76.85	81.49	19.1	87.32	34.06	88.32	41.77	73.33	21.47	68.41	101.83	85.98	45.19	14.04	62.8	67.94	20.59	43.42	22.8	30.48	79.31	105.55	71.01	17.89	47.93	57.72	47.07	66.03	58.18	61.61	96.38	11.18	10.63	41.79	58.94	37.64	28.16	16.49	83.87	68.07	73.06	83.24	0.0	89.63	47.01	39.12	71.31	45.1	62.97	34.13	61.61
49	48.38	69.26	26.25	47.8	55.15	64.38	13.6	38.08	103.28	18.38	63.41	76.94	48.37	82.71	94.92	70.35	19.0	32.8	77.88	97.67	83.6	27.07	82.88	46.75	108.25	91.84	45.4	18.97	74.46	72.01	76.69	59.14	83.22	72.37	34.41	59.54	10.44	81.99	79.06	59.44	40.31	87.82	66.53	102.73	23.85	77.67	55.0	12.0	89.63	0.0	74.17	59.64	57.57	56.44	30.59	62.63	37.05
50	71.85	80.81	84.4	43.27	28.02	89.27	66.27	47.51	66.01	81.88	57.01	111.52	37.22	26.68	66.91	93.35	77.79	54.12	78.23	61.03	17.49	47.1	60.08	46.87	69.18	73.08	89.44	83.24	24.08	42.54	79.88	17.49	9.06	19.24	58.69	19.85	84.02	36.12	41.0	17.89	66.24	77.08	52.7	63.07	56.92	21.1	89.31	74.33	47.01	74.17	0.0	59.46	29.07	63.66	44.01	56.22	37.12
51	19.24	21.4	48.37	20.4	32.76	30.89	46.04	68.01	46.53	52.01	5.1	53.34	26.25	83.76	36.4	34.21	76.03	69.46	22.09	41.63	76.69	47.52	24.7	18.03	51.48	32.2	40.2	78.03	77.9	23.54	22.56	58.6	65.19	73.06	25.24	62.24	63.66	37.85	31.26	43.27	21.63	28.79	11.0	47.01	63.56	77.39	34.53	50.25	39.12	59.64	59.46	0.0	69.26	6.0	43.19	5.0	47.1
52	74.63	89.69	75.72	49.04	38.21	94.15	54.71	22.09	90.24	70.71	68.88	114.62	43.01	25.32	88.36	99.36	55.04	29.15	90.96	84.72	28.86	33.84	79.0	52.0	94.11	92.02	86.98	61.01	17.12	61.03	91.76	13.6	36.24	16.28	57.01	9.85	68.01	60.17	62.8	30.15	66.61	93.65	66.75	87.8	35.23	21.02	90.6	62.18	71.31	57.57	29.07	69.26	0.0	71.31	33.97	67.91	26.17
53	13.34	18.38	43.27	22.36	36.24	25.81	42.94	68.18	51.89	47.42	11.05	48.26	28.65	87.2	41.34	29.7	73.54	69.03	22.36	47.17	80.66	47.01	29.97	19.31	56.8	36.07	34.23	75.13	80.99	29.43	22.02	61.4	69.81	76.28	22.47	64.88	59.67	43.74	37.22	46.86	16.97	31.38	17.0	52.55	62.51	80.8	28.64	46.4	45.1	56.44	63.66	6.0	71.31	0.0	43.05	11.0	47.85
54	42.72	60.67	42.49	24.35	25.81	62.39	22.56	25.18	79.06	38.6	44.91	81.63	21.63	56.82	72.9	68.01	39.05	26.31	65.03	73.24	55.36	5.0	61.33	25.5	83.82	72.73	53.08	43.27	48.88	46.62	65.01	30.68	53.0	45.62	24.17	32.2	40.11	53.91	52.4	28.86	34.01	71.39	45.54	77.8	21.47	50.99	57.45	30.59	62.97	30.59	44.01	43.19	33.97	43.05	0.0	43.93	8.06
55	24.19	24.76	52.77	20.02	30.46	35.34	49.04	68.26	42.19	56.04	1.0	57.71	25.18	81.12	32.56	38.28	78.39	70.21	23.09	37.12	73.6	48.51	20.62	18.44	47.17	29.53	45.18	80.71	75.58	18.68	24.17	56.65	61.52	70.66	28.32	60.41	67.21	32.98	26.31	40.71	25.94	27.46	6.0	42.49	64.85	74.79	39.46	53.76	34.13	62.63	56.22	5.0	67.91	11.0	43.93	0.0	47.04
56	49.19	65.97	50.54	27.02	23.6	68.88	30.36	21.38	78.77	46.49	48.04	88.75	22.56	48.76	73.74	74.32	42.54	24.6	69.18	72.95	47.54	10.0	62.64	29.07	83.35	74.73	60.81	47.42	40.82	46.52	69.46	22.8	46.17	37.58	31.06	24.17	47.01	51.74	51.31	23.71	40.82	74.33	47.68	77.18	22.67	42.95	64.64	38.33	61.61	37.05	37.12	47.1	26.17	47.85	8.06	47.04	0.0
;
