vehicles
vehicle_idx, capacity, cost_per_unit_distance
1,100,3
2,100,3
3,100,3
4,100,3
5,100,3
6,100,3
7,100,3
depot
node_idx,x,y
0,47,5
home delivery customers
node_idx,x,y,service_time,demand
1,1,19,10,20
2,5,27,10,25
3,67,73,10,10
4,85,85,10,9
5,57,85,10,18
6,71,33,10,24
7,43,99,10,14
8,53,75,10,15
9,89,75,10,10
10,11,9,10,2
11,27,37,10,3
12,37,21,10,13
13,45,43,10,9
14,83,7,10,14
15,69,91,10,4
16,13,11,10,13
17,75,31,10,16
self pickup customers
node_idx,x,y,service_time,demand,locker_idxs
18,77,87,10,11,53-55-50
19,3,9,10,22,56-51
20,41,53,10,2,58-56-49
21,89,45,10,26,57-48
22,71,99,10,14,55-50
23,61,13,10,15,58-48-51
24,13,59,10,16,56-49
25,87,73,10,8,57-50
26,47,95,10,12,53-50-49
27,73,55,10,9,55-50
28,33,47,10,25,58-54-51
29,13,55,10,8,56-49
30,47,93,10,16,53-50-49
31,53,59,10,16,55-56-54-57-58-52-50
32,97,83,10,18,53-50
flexible customers
node_idx,x,y,service_time,demand,locker_idxs
33,97,35,10,14,56-48
34,23,79,10,5,52-49
35,51,87,10,18,55-53-50
36,11,1,10,22,56-51
37,57,11,10,11,52-58-51
38,39,15,10,23,54-58-51
39,11,37,10,5,56-51
40,21,11,10,12,52-51
41,77,81,10,8,53-57-55-50
42,3,63,10,16,55-49
43,81,71,10,2,57-55-53-50
44,95,59,10,20,57-50
45,63,63,10,3,55-57-50
46,23,63,10,23,56-49-51
47,37,15,10,7,58-54-51
lockers
node_idx,x,y,service_time,capacity,cost_per_unit_good
48,93,12,10,73
49,22,88,10,86
50,65,88,10,96
51,25,15,10,92
52,59,34,10,72
53,72,89,10,78
54,41,42,10,70
55,68,72,10,86
56,34,47,10,93
57,72,57,10,91
58,49,34,10,78
mrt lines
start_node_idx,end_node_idx,freight_capacity,cost_per_unit_good
48,49,86,0.5
49,48,86,0.5
50,51,96,0.5
51,50,96,0.5
distance matrix
,0,1,2,3,4,5,6,7,8,9,10,11,12,13,14,15,16,17,18,19,20,21,22,23,24,25,26,27,28,29,30,31,32,33,34,35,36,37,38,39,40,41,42,43,44,45,46,47,48,49,50,51,52,53,54,55,56,57,58,
0,0.0,48.08,47.41,70.88,88.57,80.62,36.88,94.09,70.26,81.63,36.22,37.74,18.87,38.05,36.06,88.77,34.53,38.21,87.32,44.18,48.37,58.0,97.02,16.12,63.81,78.89,90.0,56.36,44.27,60.46,88.0,54.33,92.65,58.31,77.79,82.1,36.22,11.66,12.81,48.17,26.68,81.71,72.8,74.24,72.25,60.17,62.77,14.14,46.53,86.68,84.93,24.17,31.38,87.64,37.48,70.21,43.97,57.7,29.07
1,48.08,0.0,8.94,85.28,106.83,86.56,71.39,90.35,76.42,104.31,14.14,31.62,36.06,50.12,82.87,99.04,14.42,74.97,101.98,10.2,52.5,91.76,106.3,60.3,41.76,101.55,88.84,80.5,42.52,37.95,87.13,65.6,115.38,97.32,63.91,84.4,20.59,56.57,38.21,20.59,21.54,98.08,44.05,95.41,102.16,76.03,49.19,36.22,92.27,72.12,94.11,24.33,59.91,99.7,46.14,85.43,43.28,80.53,50.29
2,47.41,8.94,0.0,77.2,98.81,77.9,66.27,81.41,67.88,96.75,18.97,24.17,32.56,43.08,80.52,90.51,17.89,70.11,93.72,18.11,44.41,85.91,97.67,57.72,32.98,94.02,79.92,73.54,34.41,29.12,78.23,57.69,107.7,92.35,55.03,75.6,26.68,54.41,36.06,11.66,22.63,90.0,36.06,87.82,95.52,68.26,40.25,34.18,89.27,63.32,85.56,23.32,54.45,91.29,39.0,77.42,35.23,73.41,44.55
3,70.88,85.28,77.2,0.0,21.63,15.62,40.2,35.38,14.14,22.09,85.04,53.81,60.03,37.2,67.91,18.11,82.22,42.76,17.2,90.51,32.8,35.61,26.31,60.3,55.79,20.0,29.73,18.97,42.8,56.92,28.28,19.8,31.62,48.41,44.41,21.26,91.21,62.8,64.4,66.57,77.2,12.81,64.78,14.14,31.3,10.77,45.12,65.3,66.31,47.43,15.13,71.61,39.81,16.76,40.46,1.41,42.01,16.76,42.95
4,88.57,106.83,98.81,21.63,0.0,28.0,53.85,44.27,33.53,10.77,106.08,75.29,80.0,58.0,78.03,17.09,103.25,54.92,8.25,111.8,54.41,40.2,19.8,75.89,76.55,12.17,39.29,32.31,64.4,78.0,38.83,41.23,12.17,51.42,62.29,34.06,111.95,79.12,83.76,88.2,97.84,8.94,84.9,14.56,27.86,31.11,65.79,84.88,73.44,63.07,20.22,92.2,57.25,13.6,61.52,21.4,63.6,30.87,62.43
5,80.62,86.56,77.9,15.62,28.0,0.0,53.85,19.8,10.77,33.53,88.84,56.6,67.05,43.68,82.22,13.42,86.09,56.92,20.1,93.23,35.78,51.22,19.8,72.11,51.11,32.31,14.14,34.0,44.94,53.25,12.81,26.31,40.05,64.03,34.53,6.32,95.77,74.0,72.28,66.48,82.29,20.4,58.31,27.78,46.04,22.8,40.5,72.8,81.39,35.13,8.54,76.97,51.04,15.52,45.88,17.03,44.42,31.76,51.62
6,36.88,71.39,66.27,40.2,53.85,53.85,0.0,71.69,45.69,45.69,64.62,44.18,36.06,27.86,28.64,58.03,62.03,4.47,54.33,72.11,36.06,21.63,66.0,22.36,63.56,43.08,66.48,22.09,40.5,62.03,64.62,31.62,56.36,26.08,66.48,57.58,68.0,26.08,36.72,60.13,54.63,48.37,74.32,39.29,35.38,31.05,56.6,38.47,30.41,73.66,55.33,49.4,12.04,56.01,31.32,39.12,39.56,24.02,22.02
7,94.09,90.35,81.41,35.38,44.27,19.8,71.69,0.0,26.0,51.88,95.52,64.03,78.23,56.04,100.32,27.2,92.97,75.15,36.06,98.49,46.04,70.94,28.0,87.86,50.0,51.11,5.66,53.25,52.95,53.25,7.21,41.23,56.32,83.74,28.28,14.42,103.09,89.11,84.1,69.77,90.71,38.47,53.81,47.2,65.6,41.18,41.18,84.21,100.34,23.71,24.6,85.91,66.94,30.68,57.04,36.8,52.77,51.04,65.28
8,70.26,76.42,67.88,14.14,33.53,10.77,45.69,26.0,0.0,36.0,78.23,46.04,56.32,32.98,74.32,22.63,75.47,49.19,26.83,82.8,25.06,46.86,30.0,62.51,43.08,34.06,20.88,28.28,34.41,44.72,18.97,16.0,44.72,59.46,30.27,12.17,85.09,64.12,61.61,56.64,71.55,24.74,51.42,28.28,44.94,15.62,32.31,62.1,74.63,33.62,17.69,66.21,41.44,23.6,35.11,15.3,33.84,26.17,41.19
9,81.63,104.31,96.75,22.09,10.77,33.53,45.69,51.88,36.0,0.0,102.18,72.72,74.97,54.41,68.26,25.61,99.36,46.17,16.97,108.41,52.8,30.0,30.0,68.03,77.67,2.83,46.52,25.61,62.61,78.59,45.69,39.4,11.31,40.79,66.12,39.85,107.52,71.55,78.1,86.76,93.38,13.42,86.83,8.94,17.09,28.64,67.08,79.4,63.13,68.25,27.29,87.73,50.8,22.02,58.25,21.21,61.72,24.76,57.28
10,36.22,14.14,18.97,85.04,106.08,88.84,64.62,95.52,78.23,102.18,0.0,32.25,28.64,48.08,72.03,100.44,2.83,67.68,102.18,8.0,53.25,85.91,108.17,50.16,50.04,99.36,93.23,77.2,43.91,46.04,91.39,65.3,113.45,89.84,71.02,87.66,8.0,46.04,28.64,28.0,10.2,97.67,54.59,93.51,97.75,74.97,55.32,26.68,82.05,79.76,95.69,15.23,54.12,100.6,44.6,84.96,44.42,77.62,45.49
11,37.74,31.62,24.17,53.81,75.29,56.6,44.18,64.03,46.04,72.72,32.25,0.0,18.87,18.97,63.53,68.41,29.53,48.37,70.71,36.88,21.26,62.51,76.03,41.62,26.08,69.97,61.35,49.4,11.66,22.8,59.46,34.06,83.76,70.03,42.19,55.46,39.4,39.7,25.06,16.0,26.68,66.6,35.38,63.81,71.47,44.41,26.31,24.17,70.58,51.24,63.6,22.09,32.14,68.77,14.87,53.91,12.21,49.24,22.2
12,18.87,36.06,32.56,60.03,80.0,67.05,36.06,78.23,56.32,74.97,28.64,18.87,0.0,23.41,48.08,76.97,26.0,39.29,77.18,36.06,32.25,57.27,85.09,25.3,44.94,72.14,74.67,49.52,26.31,41.62,72.69,41.23,86.28,61.61,59.67,67.47,32.8,22.36,6.32,30.53,18.87,72.11,54.04,66.6,69.34,49.4,44.27,6.0,56.72,68.66,72.62,13.42,25.55,76.48,21.38,59.68,26.17,50.21,17.69
13,38.05,50.12,43.08,37.2,58.0,43.68,27.86,56.04,32.98,54.41,48.08,18.97,23.41,0.0,52.35,53.67,45.25,32.31,54.41,54.04,10.77,44.05,61.74,34.0,35.78,51.61,52.04,30.46,12.65,34.18,50.04,17.89,65.6,52.61,42.19,44.41,54.04,34.18,28.64,34.53,40.0,49.68,46.52,45.61,52.5,26.91,29.73,29.12,57.14,50.54,49.24,34.41,16.64,53.34,4.12,37.01,11.7,30.41,9.85
14,36.06,82.87,80.52,67.91,78.03,82.22,28.64,100.32,74.32,68.26,72.03,63.53,48.08,52.35,0.0,85.16,70.11,25.3,80.22,80.02,62.29,38.47,92.78,22.8,87.2,66.12,95.08,49.03,64.03,84.88,93.23,60.03,77.28,31.3,93.72,86.16,72.25,26.31,44.72,78.0,62.13,74.24,97.65,64.03,53.37,59.46,82.07,46.69,11.18,101.4,82.98,58.55,36.12,82.73,54.67,66.71,63.25,51.2,43.42
15,88.77,99.04,90.51,18.11,17.09,13.42,58.03,27.2,22.63,25.61,100.44,68.41,76.97,53.67,85.16,0.0,97.65,60.3,8.94,105.26,47.2,50.16,8.25,78.41,64.5,25.46,22.36,36.22,56.85,66.57,22.09,35.78,29.12,62.61,47.54,18.44,107.07,80.89,81.71,79.25,93.3,12.81,71.69,23.32,41.23,28.64,53.85,82.46,82.57,47.1,5.0,87.82,57.87,3.61,56.44,19.03,56.22,34.13,60.41
16,34.53,14.42,17.89,82.22,103.25,86.09,62.03,92.97,75.47,99.36,2.83,29.53,26.0,45.25,70.11,97.65,0.0,65.15,99.36,10.2,50.48,83.26,105.39,48.04,48.0,96.54,90.62,74.4,41.18,44.0,88.77,62.48,110.63,87.36,68.73,84.97,10.2,44.0,26.31,26.08,8.0,94.85,52.95,90.69,95.02,72.14,52.95,24.33,80.01,77.52,92.91,12.65,51.43,97.8,41.77,82.13,41.68,74.81,42.72
17,38.21,74.97,70.11,42.76,54.92,56.92,4.47,75.15,49.19,46.17,67.68,48.37,39.29,32.31,25.3,60.3,65.15,0.0,56.04,75.29,40.5,19.8,68.12,22.8,68.03,43.68,69.86,24.08,44.94,66.48,68.03,35.61,56.46,22.36,70.77,60.93,70.68,26.91,39.4,64.28,57.58,50.04,78.79,40.45,34.41,34.18,61.06,41.23,26.17,77.83,57.87,52.5,16.28,58.08,35.74,41.59,44.01,26.17,26.17
18,87.32,101.98,93.72,17.2,8.25,20.1,54.33,36.06,26.83,16.97,102.18,70.71,77.18,54.41,80.22,8.94,99.36,56.04,0.0,107.52,49.52,43.68,13.42,75.71,69.86,17.2,31.05,32.25,59.46,71.55,30.59,36.88,20.4,55.71,54.59,26.0,108.41,78.59,81.41,82.8,94.4,6.0,77.79,16.49,33.29,27.78,59.09,82.37,76.69,55.01,12.04,88.81,55.97,5.39,57.63,17.49,58.73,30.41,59.94
19,44.18,10.2,18.11,90.51,111.8,93.23,72.11,98.49,82.8,108.41,8.0,36.88,36.06,54.04,80.02,105.26,10.2,75.29,107.52,0.0,58.14,93.23,112.8,58.14,50.99,105.6,96.6,83.76,48.41,47.07,94.83,70.71,119.63,97.53,72.8,91.59,11.31,54.04,36.5,29.12,18.11,103.25,54.0,99.64,104.71,80.72,57.58,34.53,90.05,81.25,100.42,22.8,61.33,105.65,50.33,90.52,49.04,84.05,52.35
20,48.37,52.5,44.41,32.8,54.41,35.78,36.06,46.04,25.06,52.8,53.25,21.26,32.25,10.77,62.29,47.2,50.48,40.5,49.52,58.14,0.0,48.66,54.92,44.72,28.64,50.16,42.43,32.06,10.0,28.07,40.45,13.42,63.53,58.82,31.62,35.44,60.03,44.94,38.05,34.0,46.52,45.61,39.29,43.86,54.33,24.17,20.59,38.21,66.22,39.82,42.44,41.23,26.17,47.51,11.0,33.02,9.22,31.26,20.62
21,58.0,91.76,85.91,35.61,40.2,51.22,21.63,70.94,46.86,30.0,85.91,62.51,57.27,44.05,38.47,50.16,83.26,19.8,43.68,93.23,48.66,0.0,56.92,42.52,77.28,28.07,65.3,18.87,56.04,76.66,63.78,38.63,38.83,12.81,74.24,56.64,89.55,46.69,58.31,78.41,76.03,37.95,87.86,27.2,15.23,31.62,68.41,60.03,33.24,79.61,49.24,70.68,31.95,47.17,48.09,34.21,55.04,20.81,41.48
22,97.02,106.3,97.67,26.31,19.8,19.8,66.0,28.0,30.0,30.0,108.17,76.03,85.09,61.74,92.78,8.25,105.39,68.12,13.42,112.8,54.92,56.92,0.0,86.58,70.46,30.53,24.33,44.05,64.4,72.8,24.74,43.86,30.53,69.08,52.0,23.32,114.91,89.11,89.89,86.28,101.21,18.97,76.94,29.73,46.65,36.88,60.0,90.62,89.74,50.22,12.53,95.77,66.1,10.05,64.41,27.17,63.82,42.01,68.62
23,16.12,60.3,57.72,60.3,75.89,72.11,22.36,87.86,62.51,68.03,50.16,41.62,25.3,34.0,22.8,78.41,48.04,22.8,75.71,58.14,44.72,42.52,86.58,0.0,66.48,65.39,83.19,43.68,44.05,63.78,81.22,46.69,78.71,42.19,76.16,74.67,51.42,4.47,22.09,55.46,40.05,69.86,76.58,61.35,57.2,50.04,62.8,24.08,32.02,84.53,75.11,36.06,21.1,76.79,35.23,59.41,43.42,45.35,24.19
24,63.81,41.76,32.98,55.79,76.55,51.11,63.56,50.0,43.08,77.67,50.04,26.08,44.94,35.78,87.2,64.5,48.0,68.03,69.86,50.99,28.64,77.28,70.46,66.48,0.0,75.31,49.52,60.13,23.32,4.0,48.08,40.0,87.36,87.36,22.36,47.2,58.03,65.12,51.11,22.09,48.66,67.68,10.77,69.05,82.0,50.16,10.77,50.12,92.78,30.36,59.54,45.61,52.35,66.19,32.76,56.52,24.19,59.03,43.83
25,78.89,101.55,94.02,20.0,12.17,32.31,43.08,51.11,34.06,2.83,99.36,69.97,72.14,51.61,66.12,25.46,96.54,43.68,17.2,105.6,50.16,28.07,30.53,65.39,75.31,0.0,45.65,22.8,59.93,76.16,44.72,36.77,14.14,39.29,64.28,38.63,104.69,68.88,75.29,84.1,90.55,12.81,84.59,6.32,16.12,26.0,64.78,76.58,61.29,66.71,26.63,84.9,48.01,21.93,55.47,19.03,59.03,21.93,54.45
26,90.0,88.84,79.92,29.73,39.29,14.14,66.48,5.66,20.88,46.52,93.23,61.35,74.67,52.04,95.08,22.36,90.62,69.86,31.05,96.6,42.43,65.3,24.33,83.19,49.52,45.65,0.0,47.71,50.0,52.5,2.0,36.5,51.42,78.1,28.84,8.94,100.66,84.59,80.4,68.26,87.93,33.11,54.41,41.62,60.0,35.78,40.0,80.62,94.89,25.96,19.31,82.97,62.17,25.71,53.34,31.14,49.73,45.49,61.03
27,56.36,80.5,73.54,18.97,32.31,34.0,22.09,53.25,28.28,25.61,77.2,49.4,49.52,30.46,49.03,36.22,74.4,24.08,32.25,83.76,32.06,18.87,44.05,43.68,60.13,22.8,47.71,0.0,40.79,60.0,46.04,20.4,36.88,31.24,55.46,38.83,82.22,46.82,52.5,64.56,68.12,26.31,70.46,17.89,22.36,12.81,50.64,53.81,47.42,60.75,33.96,62.48,25.24,34.01,34.54,17.72,39.81,2.24,31.89
28,44.27,42.52,34.41,42.8,64.4,44.94,40.5,52.95,34.41,62.61,43.91,11.66,26.31,12.65,64.03,56.85,41.18,44.94,59.46,48.41,10.0,56.04,64.4,44.05,23.32,59.93,50.0,40.79,0.0,21.54,48.08,23.32,73.43,65.12,33.53,43.86,50.99,43.27,32.56,24.17,37.95,55.61,34.0,53.67,63.15,34.0,18.87,32.25,69.46,42.45,52.01,32.98,29.07,57.31,9.43,43.01,1.0,40.26,20.62
29,60.46,37.95,29.12,56.92,78.0,53.25,62.03,53.25,44.72,78.59,46.04,22.8,41.62,34.18,84.88,66.57,44.0,66.48,71.55,47.07,28.07,76.66,72.8,63.78,4.0,76.16,52.5,60.0,21.54,0.0,50.99,40.2,88.54,86.35,26.0,49.68,54.04,62.23,47.71,18.11,44.72,69.08,12.81,69.86,82.1,50.64,12.81,46.65,90.82,34.21,61.59,41.76,50.57,68.1,30.87,57.57,22.47,59.03,41.68
30,88.0,87.13,78.23,28.28,38.83,12.81,64.62,7.21,18.97,45.69,91.39,59.46,72.69,50.04,93.23,22.09,88.77,68.03,30.59,94.83,40.45,63.78,24.74,81.22,48.08,44.72,2.0,46.04,48.08,50.99,0.0,34.53,50.99,76.58,27.78,7.21,98.79,82.61,78.41,66.57,86.02,32.31,53.25,40.5,58.82,34.0,38.42,78.64,93.15,25.5,18.68,81.04,60.21,25.32,51.35,29.7,47.8,43.83,59.03
31,54.33,65.6,57.69,19.8,41.23,26.31,31.62,41.23,16.0,39.4,65.3,34.06,41.23,17.89,60.03,35.78,62.48,35.61,36.88,70.71,13.42,38.63,43.86,46.69,40.0,36.77,36.5,20.4,23.32,40.2,34.53,0.0,50.12,50.12,36.06,28.07,71.61,48.17,46.17,47.41,57.69,32.56,50.16,30.46,42.0,10.77,30.27,46.82,61.72,42.45,31.38,52.15,25.71,35.51,20.81,19.85,22.47,19.1,25.32
32,92.65,115.38,107.7,31.62,12.17,40.05,56.36,56.32,44.72,11.31,113.45,83.76,86.28,65.6,77.28,29.12,110.63,56.46,20.4,119.63,63.53,38.83,30.53,78.71,87.36,14.14,51.42,36.88,73.43,88.54,50.99,50.12,0.0,48.0,74.11,46.17,118.83,82.37,89.38,97.53,104.69,20.1,96.1,20.0,24.08,39.45,76.66,90.69,71.11,75.17,32.39,99.04,62.01,25.71,69.4,31.02,72.56,36.07,68.59
33,58.31,97.32,92.35,48.41,51.42,64.03,26.08,83.74,59.46,40.79,89.84,70.03,61.61,52.61,31.3,62.61,87.36,22.36,55.71,97.53,58.82,12.81,69.08,42.19,87.36,39.29,78.1,31.24,65.12,86.35,76.58,50.12,48.0,0.0,86.09,69.43,92.48,46.65,61.35,86.02,79.7,50.16,98.08,39.4,24.08,44.05,79.12,63.25,23.35,91.84,61.91,74.73,38.01,59.51,56.44,47.01,64.13,33.3,48.01
34,77.79,63.91,55.03,44.41,62.29,34.53,66.48,28.28,30.27,66.12,71.02,42.19,59.67,42.19,93.72,47.54,68.73,70.77,54.59,72.8,31.62,74.24,52.0,76.16,22.36,64.28,28.84,55.46,33.53,26.0,27.78,36.06,74.11,86.09,0.0,29.12,78.92,76.03,65.97,43.68,68.03,54.04,25.61,58.55,74.73,43.08,16.0,65.51,96.9,9.06,42.95,64.03,57.63,50.01,41.15,45.54,33.84,53.71,51.97
35,82.1,84.4,75.6,21.26,34.06,6.32,57.58,14.42,12.17,39.85,87.66,55.46,67.47,44.41,86.16,18.44,84.97,60.93,26.0,91.59,35.44,56.64,23.32,74.67,47.2,38.63,8.94,38.83,43.86,49.68,7.21,28.07,46.17,69.43,29.12,0.0,94.85,76.24,72.99,64.03,81.71,26.68,53.67,34.0,52.15,26.83,36.88,73.35,85.96,29.02,14.04,76.55,53.6,21.1,46.1,22.67,43.46,36.62,53.04
36,36.22,20.59,26.68,91.21,111.95,95.77,68.0,103.09,85.09,107.52,8.0,39.4,32.8,54.04,72.25,107.07,10.2,70.68,108.41,11.31,60.03,89.55,114.91,51.42,58.03,104.69,100.66,82.22,50.99,54.04,98.79,71.61,118.83,92.48,78.92,94.85,0.0,47.07,31.3,36.0,14.14,103.71,62.51,98.99,102.08,80.92,63.15,29.53,82.73,87.69,102.4,19.8,58.25,107.07,50.8,91.05,51.43,82.81,50.33
37,11.66,56.57,54.41,62.8,79.12,74.0,26.08,89.11,64.12,71.55,46.04,39.7,22.36,34.18,26.31,80.89,44.0,26.91,78.59,54.04,44.94,46.69,89.11,4.47,65.12,68.88,84.59,46.82,43.27,62.23,82.61,48.17,82.37,46.65,76.03,76.24,47.07,0.0,18.44,52.84,36.0,72.8,74.97,64.62,61.22,52.35,62.13,20.4,36.01,84.58,77.41,32.25,23.09,79.43,34.89,61.98,42.72,48.38,24.35
38,12.81,38.21,36.06,64.4,83.76,72.28,36.72,84.1,61.61,78.1,28.64,25.06,6.32,28.64,44.72,81.71,26.31,39.4,81.41,36.5,38.05,58.31,89.89,22.09,51.11,75.29,80.4,52.5,32.56,47.71,78.41,46.17,89.38,61.35,65.97,72.99,31.3,18.44,0.0,35.61,18.44,76.16,60.0,70.0,71.22,53.67,50.6,2.0,54.08,74.95,77.49,14.0,27.59,81.02,27.07,63.95,32.39,53.41,21.47
39,48.17,20.59,11.66,66.57,88.2,66.48,60.13,69.77,56.64,86.76,28.0,16.0,30.53,34.53,78.0,79.25,26.08,64.28,82.8,29.12,34.0,78.41,86.28,55.46,22.09,84.1,68.26,64.56,24.17,18.11,66.57,47.41,97.53,86.02,43.68,64.03,36.0,52.84,35.61,0.0,27.86,79.32,27.2,77.82,86.83,58.14,28.64,34.06,85.73,52.17,74.28,26.08,48.09,80.16,30.41,66.89,25.08,64.2,38.12
40,26.68,21.54,22.63,77.2,97.84,82.29,54.63,90.71,71.55,93.38,10.2,26.68,18.87,40.0,62.13,93.3,8.0,57.58,94.4,18.11,46.52,76.03,101.21,40.05,48.66,90.55,87.93,68.12,37.95,44.72,86.02,57.69,104.69,79.7,68.03,81.71,14.14,36.0,18.44,27.86,0.0,89.64,55.03,84.85,88.2,66.84,52.04,16.49,72.01,77.01,88.68,5.66,44.42,93.19,36.89,77.01,38.28,68.68,36.24
41,81.71,98.08,90.0,12.81,8.94,20.4,48.37,38.47,24.74,13.42,97.67,66.6,72.11,49.68,74.24,12.81,94.85,50.04,6.0,103.25,45.61,37.95,18.97,69.86,67.68,12.81,33.11,26.31,55.61,69.08,32.31,32.56,20.1,50.16,54.04,26.68,103.71,72.8,76.16,79.32,89.64,0.0,76.16,10.77,28.43,22.8,56.92,77.18,70.83,55.44,13.89,84.02,50.33,9.43,53.08,12.73,54.82,24.52,54.71
42,72.8,44.05,36.06,64.78,84.9,58.31,74.32,53.81,51.42,86.83,54.59,35.38,54.04,46.52,97.65,71.69,52.95,78.79,77.79,54.0,39.29,87.86,76.94,76.58,10.77,84.59,54.41,70.46,34.0,12.81,53.25,50.16,96.1,98.08,25.61,53.67,62.51,74.97,60.0,27.2,55.03,76.16,0.0,78.41,92.09,60.0,20.0,58.82,103.45,31.4,66.85,52.8,63.06,73.74,43.42,65.62,34.89,69.26,54.38
43,74.24,95.41,87.82,14.14,14.56,27.78,39.29,47.2,28.28,8.94,93.51,63.81,66.6,45.61,64.03,23.32,90.69,40.45,16.49,99.64,43.86,27.2,29.73,61.35,69.05,6.32,41.62,17.89,53.67,69.86,40.5,30.46,20.0,39.4,58.55,34.0,98.99,64.62,70.0,77.82,84.85,10.77,78.41,0.0,18.44,19.7,58.55,71.22,60.21,61.4,23.35,79.2,43.05,20.12,49.41,13.04,52.77,16.64,48.92
44,72.25,102.16,95.52,31.3,27.86,46.04,35.38,65.6,44.94,17.09,97.75,71.47,69.34,52.5,53.37,41.23,95.02,34.41,33.29,104.71,54.33,15.23,46.65,57.2,82.0,16.12,60.0,22.36,63.15,82.1,58.82,42.0,24.08,24.08,74.73,52.15,102.08,61.22,71.22,86.83,88.2,28.43,92.09,18.44,0.0,32.25,72.11,72.8,47.04,78.55,41.73,82.68,43.83,37.8,56.61,29.97,62.17,23.09,52.35
45,60.17,76.03,68.26,10.77,31.11,22.8,31.05,41.18,15.62,28.64,74.97,44.41,49.4,26.91,59.46,28.64,72.14,34.18,27.78,80.72,24.17,31.62,36.88,50.04,50.16,26.0,35.78,12.81,34.0,50.64,34.0,10.77,39.45,44.05,43.08,26.83,80.92,52.35,53.67,58.14,66.84,22.8,60.0,19.7,32.25,0.0,40.0,54.59,59.17,48.02,25.08,61.22,29.27,27.51,30.41,10.3,33.12,10.82,32.2
46,62.77,49.19,40.25,45.12,65.79,40.5,56.6,41.18,32.31,67.08,55.32,26.31,44.27,29.73,82.07,53.85,52.95,61.06,59.09,57.58,20.59,68.41,60.0,62.8,10.77,64.78,40.0,50.64,18.87,12.81,38.42,30.27,76.66,79.12,16.0,36.88,63.15,62.13,50.6,28.64,52.04,56.92,20.0,58.55,72.11,40.0,0.0,50.0,86.61,25.02,48.88,48.04,46.23,55.47,27.66,45.89,19.42,49.37,38.95
47,14.14,36.22,34.18,65.3,84.88,72.8,38.47,84.21,62.1,79.4,26.68,24.17,6.0,29.12,46.69,82.46,24.33,41.23,82.37,34.53,38.21,60.03,90.62,24.08,50.12,76.58,80.62,53.81,32.25,46.65,78.64,46.82,90.69,63.25,65.51,73.35,29.53,20.4,2.0,34.06,16.49,77.18,58.82,71.22,72.8,54.59,50.0,0.0,56.08,74.53,78.19,12.0,29.07,81.86,27.29,64.88,32.14,54.67,22.47
48,46.53,92.27,89.27,66.31,73.44,81.39,30.41,100.34,74.63,63.13,82.05,70.58,56.72,57.14,11.18,82.57,80.01,26.17,76.69,90.05,66.22,33.24,89.74,32.02,92.78,61.29,94.89,47.42,69.46,90.82,93.15,61.72,71.11,23.35,96.9,85.96,82.73,36.01,54.08,85.73,72.01,70.83,103.45,60.21,47.04,59.17,86.61,56.08,0.0,104.0,80.99,68.07,40.5,79.81,60.03,65.0,68.6,49.66,49.19
49,86.68,72.12,63.32,47.43,63.07,35.13,73.66,23.71,33.62,68.25,79.76,51.24,68.66,50.54,101.4,47.1,77.52,77.83,55.01,81.25,39.82,79.61,50.22,84.53,30.36,66.71,25.96,60.75,42.45,34.21,25.5,42.45,75.17,91.84,9.06,29.02,87.69,84.58,74.95,52.17,77.01,55.44,31.4,61.4,78.55,48.02,25.02,74.53,104.0,0.0,43.0,73.06,65.46,50.01,49.77,48.7,42.72,58.83,60.37
50,84.93,94.11,85.56,15.13,20.22,8.54,55.33,24.6,17.69,27.29,95.69,63.6,72.62,49.24,82.98,5.0,92.91,57.87,12.04,100.42,42.44,49.24,12.53,75.11,59.54,26.63,19.31,33.96,52.01,61.59,18.68,31.38,32.39,61.91,42.95,14.04,102.4,77.41,77.49,74.28,88.68,13.89,66.85,23.35,41.73,25.08,48.88,78.19,80.99,43.0,0.0,83.24,54.33,7.07,51.88,16.28,51.4,31.78,56.32
51,24.17,24.33,23.32,71.61,92.2,76.97,49.4,85.91,66.21,87.73,15.23,22.09,13.42,34.41,58.55,87.82,12.65,52.5,88.81,22.8,41.23,70.68,95.77,36.06,45.61,84.9,82.97,62.48,32.98,41.76,81.04,52.15,99.04,74.73,64.03,76.55,19.8,32.25,14.0,26.08,5.66,84.02,52.8,79.2,82.68,61.22,48.04,12.0,68.07,73.06,83.24,0.0,38.95,87.66,31.38,71.4,33.24,63.03,30.61
52,31.38,59.91,54.45,39.81,57.25,51.04,12.04,66.94,41.44,50.8,54.12,32.14,25.55,16.64,36.12,57.87,51.43,16.28,55.97,61.33,26.17,31.95,66.1,21.1,52.35,48.01,62.17,25.24,29.07,50.57,60.21,25.71,62.01,38.01,57.63,53.6,58.25,23.09,27.59,48.09,44.42,50.33,63.06,43.05,43.83,29.27,46.23,29.07,40.5,65.46,54.33,38.95,0.0,56.52,19.7,39.05,28.18,26.42,10.0
53,87.64,99.7,91.29,16.76,13.6,15.52,56.01,30.68,23.6,22.02,100.6,68.77,76.48,53.34,82.73,3.61,97.8,58.08,5.39,105.65,47.51,47.17,10.05,76.79,66.19,21.93,25.71,34.01,57.31,68.1,25.32,35.51,25.71,59.51,50.01,21.1,107.07,79.43,81.02,80.16,93.19,9.43,73.74,20.12,37.8,27.51,55.47,81.86,79.81,50.01,7.07,87.66,56.52,0.0,56.3,17.46,56.64,32.0,59.62
54,37.48,46.14,39.0,40.46,61.52,45.88,31.32,57.04,35.11,58.25,44.6,14.87,21.38,4.12,54.67,56.44,41.77,35.74,57.63,50.33,11.0,48.09,64.41,35.23,32.76,55.47,53.34,34.54,9.43,30.87,51.35,20.81,69.4,56.44,41.15,46.1,50.8,34.89,27.07,30.41,36.89,53.08,43.42,49.41,56.61,30.41,27.66,27.29,60.03,49.77,51.88,31.38,19.7,56.3,0.0,40.36,8.6,34.44,11.31
55,70.21,85.43,77.42,1.41,21.4,17.03,39.12,36.8,15.3,21.21,84.96,53.91,59.68,37.01,66.71,19.03,82.13,41.59,17.49,90.52,33.02,34.21,27.17,59.41,56.52,19.03,31.14,17.72,43.01,57.57,29.7,19.85,31.02,47.01,45.54,22.67,91.05,61.98,63.95,66.89,77.01,12.73,65.62,13.04,29.97,10.3,45.89,64.88,65.0,48.7,16.28,71.4,39.05,17.46,40.36,0.0,42.2,15.52,42.49
56,43.97,43.28,35.23,42.01,63.6,44.42,39.56,52.77,33.84,61.72,44.42,12.21,26.17,11.7,63.25,56.22,41.68,44.01,58.73,49.04,9.22,55.04,63.82,43.42,24.19,59.03,49.73,39.81,1.0,22.47,47.8,22.47,72.56,64.13,33.84,43.46,51.43,42.72,32.39,25.08,38.28,54.82,34.89,52.77,62.17,33.12,19.42,32.14,68.6,42.72,51.4,33.24,28.18,56.64,8.6,42.2,0.0,39.29,19.85
57,57.7,80.53,73.41,16.76,30.87,31.76,24.02,51.04,26.17,24.76,77.62,49.24,50.21,30.41,51.2,34.13,74.81,26.17,30.41,84.05,31.26,20.81,42.01,45.35,59.03,21.93,45.49,2.24,40.26,59.03,43.83,19.1,36.07,33.3,53.71,36.62,82.81,48.38,53.41,64.2,68.68,24.52,69.26,16.64,23.09,10.82,49.37,54.67,49.66,58.83,31.78,63.03,26.42,32.0,34.44,15.52,39.29,0.0,32.53
58,29.07,50.29,44.55,42.95,62.43,51.62,22.02,65.28,41.19,57.28,45.49,22.2,17.69,9.85,43.42,60.41,42.72,26.17,59.94,52.35,20.62,41.48,68.62,24.19,43.83,54.45,61.03,31.89,20.62,41.68,59.03,25.32,68.59,48.01,51.97,53.04,50.33,24.35,21.47,38.12,36.24,54.71,54.38,48.92,52.35,32.2,38.95,22.47,49.19,60.37,56.32,30.61,10.0,59.62,11.31,42.49,19.85,32.53,0.0
