vehicles
vehicle_idx, capacity, cost_per_unit_distance
1,100,1
2,100,1
3,100,1
4,100,1
5,100,1
6,100,1
7,100,1
depot
node_idx,x,y
0,61,99
home delivery customers
node_idx,x,y,service_time,demand
1,57,81,10,9
2,39,99,10,18
3,57,81,10,19
4,45,87,10,1
5,67,75,10,14
6,79,81,10,20
7,75,77,10,7
8,49,77,10,17
9,47,77,10,16
10,49,69,10,3
11,39,75,10,23
12,87,79,10,5
13,65,61,10,13
14,93,89,10,10
self pickup customers
node_idx,x,y,service_time,demand,locker_idxs
15,63,25,10,26,50
16,73,35,10,20,50-47-51
17,33,9,10,22,46
18,41,13,10,12,46-50-47
19,35,35,10,24,46
20,41,27,10,25,46-50-52
21,7,25,10,21,46
22,63,9,10,20,50
23,89,43,10,24,51
24,39,45,10,22,46-52-50
25,29,71,10,6,48
26,13,65,10,12,48
27,89,27,10,11,47-50-51
28,15,47,10,16,46-48
29,85,31,10,21,47-50-51
flexible customers
node_idx,x,y,service_time,demand,locker_idxs
30,89,33,10,8,47
31,45,5,10,19,46
32,89,71,10,8,51-49
33,45,5,10,20,46-50-47
34,55,23,10,12,50
35,17,13,10,6,46-50
36,83,7,10,15,47-50
37,29,19,10,20,46-50
38,81,61,10,2,51-49-45
39,17,35,10,14,46-52-48
40,49,37,10,8,50
41,93,69,10,13,51
42,75,63,10,1,51-49
43,95,7,10,14,47-50
44,93,33,10,17,47
lockers
node_idx,x,y,service_time,capacity,cost_per_unit_good
45,65,88,10,73
46,25,15,10,86
47,93,12,10,86
48,22,88,10,73
49,77,88,10,91
50,72,14,10,92
51,80.4,72.60000000000001,10,89
52,45.66666666666667,79.66666666666666,10,83
mrt lines
start_node_idx,end_node_idx,freight_capacity,cost_per_unit_good
45,46,84,1
46,45,84,1
47,48,73,1
48,47,73,1
distance matrix
,0,1,2,3,4,5,6,7,8,9,10,11,12,13,14,15,16,17,18,19,20,21,22,23,24,25,26,27,28,29,30,31,32,33,34,35,36,37,38,39,40,41,42,43,44,45,46,47,48,49,50,51,52,
0,0.0,18.44,22.0,18.44,20.0,24.74,25.46,26.08,25.06,26.08,32.31,32.56,32.8,38.21,33.53,74.03,65.12,94.25,88.29,69.08,74.73,91.61,90.02,62.61,58.31,42.52,58.82,77.25,69.43,72.11,71.69,95.35,39.6,95.35,76.24,96.6,94.59,86.16,42.94,77.67,63.15,43.86,38.63,98.08,73.35,11.7,91.39,92.7,40.52,19.42,85.71,32.76,24.68
1,18.44,0.0,25.46,0.0,13.42,11.66,22.0,18.44,8.94,10.77,14.42,18.97,30.07,21.54,36.88,56.32,48.7,75.89,69.86,50.99,56.32,75.07,72.25,49.68,40.25,29.73,46.82,62.77,54.04,57.31,57.69,76.94,33.53,76.94,58.03,78.89,78.43,68.03,31.24,60.96,44.72,37.95,25.46,83.19,60.0,10.63,73.35,77.83,35.69,21.19,68.66,24.86,11.41
2,22.0,25.46,0.0,25.46,13.42,36.88,43.86,42.19,24.17,23.41,31.62,24.0,52.0,46.04,54.92,77.79,72.47,90.2,86.02,64.12,72.03,80.62,93.15,75.07,54.0,29.73,42.8,87.66,57.27,82.1,82.8,94.19,57.31,94.19,77.67,88.77,101.98,80.62,56.64,67.68,62.8,61.77,50.91,107.7,85.28,28.23,85.16,102.4,20.25,39.56,91.18,49.1,20.45
3,18.44,0.0,25.46,0.0,13.42,11.66,22.0,18.44,8.94,10.77,14.42,18.97,30.07,21.54,36.88,56.32,48.7,75.89,69.86,50.99,56.32,75.07,72.25,49.68,40.25,29.73,46.82,62.77,54.04,57.31,57.69,76.94,33.53,76.94,58.03,78.89,78.43,68.03,31.24,60.96,44.72,37.95,25.46,83.19,60.0,10.63,73.35,77.83,35.69,21.19,68.66,24.86,11.41
4,20.0,13.42,13.42,13.42,0.0,25.06,34.53,31.62,10.77,10.2,18.44,13.42,42.76,32.8,48.04,64.56,59.06,78.92,74.11,52.95,60.13,72.72,80.05,62.23,42.43,22.63,38.83,74.4,50.0,68.82,69.66,82.0,46.82,82.0,64.78,79.12,88.57,69.86,44.41,59.06,50.16,51.26,38.42,94.34,72.25,20.02,74.73,89.04,23.02,32.02,77.83,38.22,7.36
5,24.74,11.66,36.88,11.66,25.06,0.0,13.42,8.25,18.11,20.1,18.97,28.0,20.4,14.14,29.53,50.16,40.45,74.24,67.23,51.22,54.59,78.1,66.12,38.83,41.04,38.21,54.92,52.8,59.06,47.54,47.41,73.38,22.36,73.38,53.37,79.65,69.86,67.68,19.8,64.03,42.05,26.68,14.42,73.54,49.4,13.15,73.24,68.15,46.84,16.4,61.2,13.61,21.84
6,25.46,22.0,43.86,22.0,34.53,13.42,0.0,5.66,30.27,32.25,32.31,40.45,8.25,24.41,16.12,58.24,46.39,85.44,77.9,63.66,66.03,91.21,73.76,39.29,53.81,50.99,67.91,54.92,72.47,50.36,49.03,83.26,14.14,83.26,62.77,92.02,74.11,79.65,20.1,77.2,53.25,18.44,18.44,75.71,50.0,15.65,85.28,70.41,57.43,7.28,67.36,8.52,33.36
7,26.08,18.44,42.19,18.44,31.62,8.25,5.66,0.0,26.0,28.0,27.2,36.06,12.17,18.87,21.63,53.37,42.05,79.92,72.47,58.0,60.46,85.6,69.05,36.77,48.17,46.39,63.15,51.92,67.08,47.07,46.17,78.0,15.23,78.0,57.58,86.37,70.46,74.03,17.09,71.61,47.71,19.7,14.0,72.8,47.54,14.87,79.65,67.45,54.13,11.18,63.07,6.97,29.45
8,25.06,8.94,24.17,8.94,10.77,18.11,30.27,26.0,0.0,2.0,8.0,10.2,38.05,22.63,45.61,53.85,48.37,69.86,64.5,44.27,50.64,66.84,69.43,52.5,33.53,20.88,37.95,64.03,45.34,58.41,59.46,72.11,40.45,72.11,54.33,71.55,77.82,61.35,35.78,52.8,40.0,44.72,29.53,83.76,62.23,19.42,66.48,78.49,29.15,30.08,67.07,31.71,4.27
9,26.08,10.77,23.41,10.77,10.2,20.1,32.25,28.0,2.0,0.0,8.25,8.25,40.05,24.08,47.54,54.41,49.4,69.43,64.28,43.68,50.36,65.6,69.86,54.04,32.98,18.97,36.06,65.3,43.86,59.67,60.83,72.03,42.43,72.03,54.59,70.68,78.71,60.73,37.58,51.61,40.05,46.69,31.3,84.88,63.66,21.1,65.79,79.63,27.31,31.95,67.78,33.69,2.98
10,32.31,14.42,31.62,14.42,18.44,18.97,32.31,27.2,8.0,8.25,0.0,11.66,39.29,17.89,48.33,46.17,41.62,62.1,56.57,36.77,42.76,60.83,61.61,47.71,26.0,20.1,36.22,58.0,40.5,52.35,53.81,64.12,40.05,64.12,46.39,64.5,70.71,53.85,32.98,46.69,32.0,44.0,26.68,77.2,56.85,24.84,59.09,72.01,33.02,33.84,59.62,31.61,11.18
11,32.56,18.97,24.0,18.97,13.42,28.0,40.45,36.06,10.2,8.25,11.66,0.0,48.17,29.53,55.79,55.46,52.5,66.27,62.03,40.2,48.04,59.36,70.23,59.36,30.0,10.77,27.86,69.31,36.88,63.66,65.3,70.26,50.16,70.26,54.41,65.79,80.99,56.89,44.27,45.65,39.29,54.33,37.95,88.09,68.41,29.07,61.61,82.98,21.4,40.16,69.35,41.47,8.14
12,32.8,30.07,52.0,30.07,42.76,20.4,8.25,12.17,38.05,40.05,39.29,48.17,0.0,28.43,11.66,59.09,46.17,88.41,80.45,68.12,69.43,96.52,74.0,36.06,58.82,58.55,75.31,52.04,78.79,48.04,46.04,85.09,8.25,85.09,64.5,96.21,72.11,83.45,18.97,82.68,56.64,11.66,20.0,72.44,46.39,23.77,89.11,67.27,65.62,13.45,66.71,9.19,41.34
13,38.21,21.54,46.04,21.54,32.8,14.14,24.41,18.87,22.63,24.08,17.89,29.53,28.43,0.0,39.6,36.06,27.2,61.06,53.67,39.7,41.62,68.26,52.04,30.0,30.53,37.36,52.15,41.62,51.92,36.06,36.88,59.46,26.0,59.46,39.29,67.88,56.92,55.32,16.0,54.59,28.84,29.12,10.2,61.77,39.6,27.0,60.96,56.44,50.77,29.55,47.52,19.28,26.87
14,33.53,36.88,54.92,36.88,48.04,29.53,16.12,21.63,45.61,47.54,48.33,55.79,11.66,39.6,0.0,70.68,57.58,100.0,92.09,79.25,80.92,107.2,85.44,46.17,69.66,66.48,83.52,62.13,88.59,58.55,56.14,96.75,18.44,96.75,76.16,107.48,82.61,94.85,30.46,93.23,68.12,20.0,31.62,82.02,56.0,28.02,100.5,77.0,71.01,16.03,77.88,20.68,48.24
15,74.03,56.32,77.79,56.32,64.56,50.16,58.24,53.37,53.85,54.41,46.17,55.46,59.09,36.06,70.68,0.0,14.14,34.0,25.06,29.73,22.09,56.0,16.0,31.62,31.24,57.2,64.03,26.08,52.8,22.8,27.2,26.91,52.84,26.91,8.25,47.54,26.91,34.53,40.25,47.07,18.44,53.25,39.85,36.72,31.05,63.03,39.29,32.7,75.17,64.54,14.21,50.68,57.35
16,65.12,48.7,72.47,48.7,59.06,40.45,46.39,42.05,48.37,49.4,41.62,52.5,46.17,27.2,57.58,14.14,0.0,47.71,38.83,38.0,32.98,66.75,27.86,17.89,35.44,56.85,67.08,17.89,59.23,12.65,16.12,41.04,39.4,41.04,21.63,60.17,29.73,46.82,27.2,56.0,24.08,39.45,28.07,35.61,20.1,53.6,52.0,30.48,73.55,53.15,21.02,38.32,52.37
17,94.25,75.89,90.2,75.89,78.92,74.24,85.44,79.92,69.86,69.43,62.1,66.27,88.41,61.06,100.0,34.0,47.71,0.0,8.94,26.08,19.7,30.53,30.0,65.51,36.5,62.13,59.46,58.82,42.05,56.46,60.93,12.65,83.55,12.65,26.08,16.49,50.04,10.77,70.77,30.53,32.25,84.85,68.41,62.03,64.62,85.23,10.0,60.07,79.76,90.43,39.32,79.32,71.79
18,88.29,69.86,86.02,69.86,74.11,67.23,77.9,72.47,64.5,64.28,56.57,62.03,80.45,53.67,92.09,25.06,38.83,8.94,0.0,22.8,14.0,36.06,22.36,56.6,32.06,59.23,59.06,50.0,42.8,47.54,52.0,8.94,75.29,8.94,17.2,24.0,42.43,13.42,62.48,32.56,25.3,76.42,60.46,54.33,55.71,78.75,16.12,52.01,77.37,83.19,31.02,71.45,66.83
19,69.08,50.99,64.12,50.99,52.95,51.22,63.66,58.0,44.27,43.68,36.77,40.2,68.12,39.7,79.25,29.73,38.0,26.08,22.8,0.0,10.0,29.73,38.21,54.59,10.77,36.5,37.2,54.59,23.32,50.16,54.04,31.62,64.9,31.62,23.32,28.43,55.57,17.09,52.84,18.0,14.14,67.23,48.83,66.21,58.03,60.9,22.36,62.39,54.57,67.62,42.54,58.95,45.92
20,74.73,56.32,72.03,56.32,60.13,54.59,66.03,60.46,50.64,50.36,42.76,48.04,69.43,41.62,80.92,22.09,32.98,19.7,14.0,10.0,0.0,34.06,28.43,50.6,18.11,45.61,47.2,48.0,32.8,44.18,48.37,22.36,65.12,22.36,14.56,27.78,46.52,14.42,52.5,25.3,12.81,66.84,49.52,57.58,52.35,65.55,20.0,54.12,63.89,70.83,33.62,60.26,52.87
21,91.61,75.07,80.62,75.07,72.72,78.1,91.21,85.6,66.84,65.6,60.83,59.36,96.52,68.26,107.2,56.0,66.75,30.53,36.06,29.73,34.06,0.0,58.24,83.95,37.74,50.99,40.45,82.02,23.41,78.23,82.39,42.94,94.02,42.94,48.04,15.62,78.1,22.8,82.29,14.14,43.68,96.6,77.9,89.82,86.37,85.63,20.59,86.98,64.76,94.18,65.92,87.48,66.96
22,90.02,72.25,93.15,72.25,80.05,66.12,73.76,69.05,69.43,69.86,61.61,70.23,74.0,52.04,85.44,16.0,27.86,30.0,22.36,38.21,28.43,58.24,0.0,42.8,43.27,70.71,75.07,31.62,61.22,31.11,35.38,18.44,67.23,18.44,16.12,46.17,20.1,35.44,55.03,52.84,31.3,67.08,55.32,32.06,38.42,79.03,38.47,30.15,89.01,80.23,10.3,65.94,72.76
23,62.61,49.68,75.07,49.68,62.23,38.83,39.29,36.77,52.5,54.04,47.71,59.36,36.06,30.0,46.17,31.62,17.89,65.51,56.6,54.59,50.6,83.95,42.8,0.0,50.04,66.21,79.12,16.0,74.11,12.65,10.0,58.14,28.0,58.14,39.45,78.0,36.5,64.62,19.7,72.44,40.45,26.31,24.41,36.5,10.77,51.0,69.86,31.26,80.71,46.57,33.62,30.82,56.76
24,58.31,40.25,54.0,40.25,42.43,41.04,53.81,48.17,33.53,32.98,26.0,30.0,58.82,30.53,69.66,31.24,35.44,36.5,32.06,10.77,18.11,37.74,43.27,50.04,0.0,27.86,32.8,53.14,24.08,48.08,51.42,40.45,56.36,40.45,27.2,38.83,58.14,27.86,44.94,24.17,12.81,59.09,40.25,67.68,55.32,50.25,33.11,63.29,46.24,57.38,45.28,49.76,35.3
25,42.52,29.73,29.73,29.73,22.63,38.21,50.99,46.39,20.88,18.97,20.1,10.77,58.55,37.36,66.48,57.2,56.85,62.13,59.23,36.5,45.61,50.99,70.71,66.21,27.86,0.0,17.09,74.4,27.78,68.82,71.02,67.91,60.0,67.91,54.59,59.23,83.74,52.0,52.95,37.95,39.45,64.03,46.69,91.93,74.43,39.81,56.14,87.05,18.38,50.92,71.4,51.42,18.79
26,58.82,46.82,42.8,46.82,38.83,54.92,67.91,63.15,37.95,36.06,36.22,27.86,75.31,52.15,83.52,64.03,67.08,59.46,59.06,37.2,47.2,40.45,75.07,79.12,32.8,17.09,0.0,84.97,18.11,79.62,82.46,68.0,76.24,68.0,59.4,52.15,90.91,48.7,68.12,30.27,45.61,80.1,62.03,100.44,86.16,56.86,51.42,95.96,24.7,68.01,77.99,67.83,35.81
27,77.25,62.77,87.66,62.77,74.4,52.8,54.92,51.92,64.03,65.3,58.0,69.31,52.04,41.62,62.13,26.08,17.89,58.82,50.0,54.59,48.0,82.02,31.62,16.0,53.14,74.4,84.97,0.0,76.66,5.66,6.0,49.19,44.0,49.19,34.23,73.35,20.88,60.53,34.93,72.44,41.23,42.19,38.63,20.88,7.21,65.55,65.12,15.52,90.61,62.17,21.4,46.4,68.2
28,69.43,54.04,57.27,54.04,50.0,59.06,72.47,67.08,45.34,43.86,40.5,36.88,78.79,51.92,88.59,52.8,59.23,42.05,42.8,23.32,32.8,23.41,61.22,74.11,24.08,27.78,18.11,76.66,0.0,71.81,75.31,51.61,77.79,51.61,46.65,34.06,78.89,31.3,67.47,12.17,35.44,81.04,62.1,89.44,79.25,64.66,33.53,85.49,41.59,74.33,65.86,70.23,44.81
29,72.11,57.31,82.1,57.31,68.82,47.54,50.36,47.07,58.41,59.67,52.35,63.66,48.04,36.06,58.55,22.8,12.65,56.46,47.54,50.16,44.18,78.23,31.11,12.65,48.08,68.82,79.62,5.66,71.81,0.0,4.47,47.71,40.2,47.71,31.05,70.34,24.08,57.27,30.27,68.12,36.5,38.83,33.53,26.0,8.25,60.41,62.1,20.62,84.96,57.56,21.4,41.85,62.57
30,71.69,57.69,82.8,57.69,69.66,47.41,49.03,46.17,59.46,60.83,53.81,65.3,46.04,36.88,56.14,27.2,16.12,60.93,52.0,54.04,48.37,82.39,35.38,10.0,51.42,71.02,82.46,6.0,75.31,4.47,0.0,52.15,38.0,52.15,35.44,74.73,26.68,61.61,29.12,72.03,40.2,36.22,33.11,26.68,4.0,60.01,66.48,21.38,86.68,56.29,25.5,40.52,63.68
31,95.35,76.94,94.19,76.94,82.0,73.38,83.26,78.0,72.11,72.03,64.12,70.26,85.09,59.46,96.75,26.91,41.04,12.65,8.94,31.62,22.36,42.94,18.44,58.14,40.45,67.91,68.0,49.19,51.61,47.71,52.15,0.0,79.32,0.0,20.59,29.12,38.05,21.26,66.57,41.04,32.25,80.0,65.3,50.04,55.57,85.38,22.36,48.51,86.13,88.96,28.46,76.31,74.67
32,39.6,33.53,57.31,33.53,46.82,22.36,14.14,15.23,40.45,42.43,40.05,50.16,8.25,26.0,18.44,52.84,39.4,83.55,75.29,64.9,65.12,94.02,67.23,28.0,56.36,60.0,76.24,44.0,77.79,40.2,38.0,79.32,0.0,79.32,58.82,92.46,64.28,79.4,12.81,80.5,52.5,4.47,16.12,64.28,38.21,29.41,85.04,59.14,69.12,20.81,59.48,8.75,44.19
33,95.35,76.94,94.19,76.94,82.0,73.38,83.26,78.0,72.11,72.03,64.12,70.26,85.09,59.46,96.75,26.91,41.04,12.65,8.94,31.62,22.36,42.94,18.44,58.14,40.45,67.91,68.0,49.19,51.61,47.71,52.15,0.0,79.32,0.0,20.59,29.12,38.05,21.26,66.57,41.04,32.25,80.0,65.3,50.04,55.57,85.38,22.36,48.51,86.13,88.96,28.46,76.31,74.67
34,76.24,58.03,77.67,58.03,64.78,53.37,62.77,57.58,54.33,54.59,46.39,54.41,64.5,39.29,76.16,8.25,21.63,26.08,17.2,23.32,14.56,48.04,16.12,39.45,27.2,54.59,59.4,34.23,46.65,31.05,35.44,20.59,58.82,20.59,0.0,39.29,32.25,26.31,46.04,39.85,15.23,59.67,44.72,43.08,39.29,65.76,31.05,39.56,72.9,68.62,19.24,55.73,57.43
35,96.6,78.89,88.77,78.89,79.12,79.65,92.02,86.37,71.55,70.68,64.5,65.79,96.21,67.88,107.48,47.54,60.17,16.49,24.0,28.43,27.78,15.62,46.17,78.0,38.83,59.23,52.15,73.35,34.06,70.34,74.73,29.12,92.46,29.12,39.29,0.0,66.27,13.42,80.0,22.0,40.0,94.4,76.58,78.23,78.59,89.04,8.25,76.01,75.17,96.05,55.01,87.02,72.57
36,94.59,78.43,101.98,78.43,88.57,69.86,74.11,70.46,77.82,78.71,70.71,80.99,72.11,56.92,82.61,26.91,29.73,50.04,42.43,55.57,46.52,78.1,20.1,36.5,58.14,83.74,90.91,20.88,78.89,24.08,26.68,38.05,64.28,38.05,32.25,66.27,0.0,55.32,54.04,71.69,45.34,62.8,56.57,12.0,27.86,82.98,58.55,11.18,101.4,81.22,13.04,65.65,81.7
37,86.16,68.03,80.62,68.03,69.86,67.68,79.65,74.03,61.35,60.73,53.85,56.89,83.45,55.32,94.85,34.53,46.82,10.77,13.42,17.09,14.42,22.8,35.44,64.62,27.86,52.0,48.7,60.53,31.3,57.27,61.61,21.26,79.4,21.26,26.31,13.42,55.32,0.0,66.84,20.0,26.91,81.22,63.66,67.08,65.51,77.83,5.66,64.38,69.35,84.05,43.29,74.26,62.91
38,42.94,31.24,56.64,31.24,44.41,19.8,20.1,17.09,35.78,37.58,32.98,44.27,18.97,16.0,30.46,40.25,27.2,70.77,62.48,52.84,52.5,82.29,55.03,19.7,44.94,52.95,68.12,34.93,67.47,30.27,29.12,66.57,12.81,66.57,46.04,80.0,54.04,66.84,0.0,69.08,40.0,14.42,6.32,55.79,30.46,31.38,72.47,50.45,64.88,27.29,47.85,11.62,39.96
39,77.67,60.96,67.68,60.96,59.06,64.03,77.2,71.61,52.8,51.61,46.69,45.65,82.68,54.59,93.23,47.07,56.0,30.53,32.56,18.0,25.3,14.14,52.84,72.44,24.17,37.95,30.27,72.44,12.17,68.12,72.03,41.04,80.5,41.04,39.85,22.0,71.69,20.0,69.08,0.0,32.06,83.26,64.4,82.87,76.03,71.51,21.54,79.4,53.24,80.06,58.87,73.71,53.07
40,63.15,44.72,62.8,44.72,50.16,42.05,53.25,47.71,40.0,40.05,32.0,39.29,56.64,28.84,68.12,18.44,24.08,32.25,25.3,14.14,12.81,43.68,31.3,40.45,12.81,39.45,45.61,41.23,35.44,36.5,40.2,32.25,52.5,32.25,15.23,40.0,45.34,26.91,40.0,32.06,0.0,54.41,36.77,54.92,44.18,53.45,32.56,50.61,57.71,58.18,32.53,47.47,42.8
41,43.86,37.95,61.77,37.95,51.26,26.68,18.44,19.7,44.72,46.69,44.0,54.33,11.66,29.12,20.0,53.25,39.45,84.85,76.42,67.23,66.84,96.6,67.08,26.31,59.09,64.03,80.1,42.19,81.04,38.83,36.22,80.0,4.47,80.0,59.67,94.4,62.8,81.22,14.42,83.26,54.41,0.0,18.97,62.03,36.0,33.84,86.83,57.0,73.5,24.84,58.87,13.1,48.52
42,38.63,25.46,50.91,25.46,38.42,14.42,18.44,14.0,29.53,31.3,26.68,37.95,20.0,10.2,31.62,39.85,28.07,68.41,60.46,48.83,49.52,77.9,55.32,24.41,40.25,46.69,62.03,38.63,62.1,33.53,33.11,65.3,16.12,65.3,44.72,76.58,56.57,63.66,6.32,64.4,36.77,18.97,0.0,59.46,34.99,26.93,69.31,54.08,58.6,25.08,49.09,11.01,33.74
43,98.08,83.19,107.7,83.19,94.34,73.54,75.71,72.8,83.76,84.88,77.2,88.09,72.44,61.77,82.02,36.72,35.61,62.03,54.33,66.21,57.58,89.82,32.06,36.5,67.68,91.93,100.44,20.88,89.44,26.0,26.68,50.04,64.28,50.04,43.08,78.23,12.0,67.08,55.79,82.87,54.92,62.03,59.46,0.0,26.08,86.38,70.46,5.39,109.04,82.98,24.04,67.21,87.83
44,73.35,60.0,85.28,60.0,72.25,49.4,50.0,47.54,62.23,63.66,56.85,68.41,46.39,39.6,56.0,31.05,20.1,64.62,55.71,58.03,52.35,86.37,38.42,10.77,55.32,74.43,86.16,7.21,79.25,8.25,4.0,55.57,38.21,55.57,39.29,78.59,27.86,65.51,30.46,76.03,44.18,36.0,34.99,26.08,0.0,61.72,70.34,21.0,89.81,57.28,28.32,41.56,66.47
45,11.7,10.63,28.23,10.63,20.02,13.15,15.65,14.87,19.42,21.1,24.84,29.07,23.77,27.0,28.02,63.03,53.6,85.23,78.75,60.9,65.55,85.63,79.03,51.0,50.25,39.81,56.86,65.55,64.66,60.41,60.01,85.38,29.41,85.38,65.76,89.04,82.98,77.83,31.38,71.51,53.45,33.84,26.93,86.38,61.72,0.0,83.24,80.99,43.0,12.0,74.33,21.78,21.05
46,91.39,73.35,85.16,73.35,74.73,73.24,85.28,79.65,66.48,65.79,59.09,61.61,89.11,60.96,100.5,39.29,52.0,10.0,16.12,22.36,20.0,20.59,38.47,69.86,33.11,56.14,51.42,65.12,33.53,62.1,66.48,22.36,85.04,22.36,31.05,8.25,58.55,5.66,72.47,21.54,32.56,86.83,69.31,70.46,70.34,83.24,0.0,68.07,73.06,89.63,47.01,79.92,67.89
47,92.7,77.83,102.4,77.83,89.04,68.15,70.41,67.45,78.49,79.63,72.01,82.98,67.27,56.44,77.0,32.7,30.48,60.07,52.01,62.39,54.12,86.98,30.15,31.26,63.29,87.05,95.96,15.52,85.49,20.62,21.38,48.51,59.14,48.51,39.56,76.01,11.18,64.38,50.45,79.4,50.61,57.0,54.08,5.39,21.0,80.99,68.07,0.0,104.0,77.67,21.1,61.9,82.58
48,40.52,35.69,20.25,35.69,23.02,46.84,57.43,54.13,29.15,27.31,33.02,21.4,65.62,50.77,71.01,75.17,73.55,79.76,77.37,54.57,63.89,64.76,89.01,80.71,46.24,18.38,24.7,90.61,41.59,84.96,86.68,86.13,69.12,86.13,72.9,75.17,101.4,69.35,64.88,53.24,57.71,73.5,58.6,109.04,89.81,43.0,73.06,104.0,0.0,55.0,89.31,60.4,25.09
49,19.42,21.19,39.56,21.19,32.02,16.4,7.28,11.18,30.08,31.95,33.84,40.16,13.45,29.55,16.03,64.54,53.15,90.43,83.19,67.62,70.83,94.18,80.23,46.57,57.38,50.92,68.01,62.17,74.33,57.56,56.29,88.96,20.81,88.96,68.62,96.05,81.22,84.05,27.29,80.06,58.18,24.84,25.08,82.98,57.28,12.0,89.63,77.67,55.0,0.0,74.17,15.77,32.42
50,85.71,68.66,91.18,68.66,77.83,61.2,67.36,63.07,67.07,67.78,59.62,69.35,66.71,47.52,77.88,14.21,21.02,39.32,31.02,42.54,33.62,65.92,10.3,33.62,45.28,71.4,77.99,21.4,65.86,21.4,25.5,28.46,59.48,28.46,19.24,55.01,13.04,43.29,47.85,58.87,32.53,58.87,49.09,24.04,28.32,74.33,47.01,21.1,89.31,74.17,0.0,59.2,70.75
51,32.76,24.86,49.1,24.86,38.22,13.61,8.52,6.97,31.71,33.69,31.61,41.47,9.19,19.28,20.68,50.68,38.32,79.32,71.45,58.95,60.26,87.48,65.94,30.82,49.76,51.42,67.83,46.4,70.23,41.85,40.52,76.31,8.75,76.31,55.73,87.02,65.65,74.26,11.62,73.71,47.47,13.1,11.01,67.21,41.56,21.78,79.92,61.9,60.4,15.77,59.2,0.0,35.44
52,24.68,11.41,20.45,11.41,7.36,21.84,33.36,29.45,4.27,2.98,11.18,8.14,41.34,26.87,48.24,57.35,52.37,71.79,66.83,45.92,52.87,66.96,72.76,56.76,35.3,18.79,35.81,68.2,44.81,62.57,63.68,74.67,44.19,74.67,57.43,72.57,81.7,62.91,39.96,53.07,42.8,48.52,33.74,87.83,66.47,21.05,67.89,82.58,25.09,32.42,70.75,35.44,0.0
