set K:= 1	2	3	4	5	6	7;
set C_H:= 1	2	3	4	5	6	7	8	9	10	11	12	13	14	15	16;
set C_S:= 17	18	19	20	21	22	23	24	25	26	27	28	29	30;
set C_F:= 31	32	33	34	35	36	37	38	39	40	41	42	43	44;
set M:= 45	46;
set L_B:= 47	48	49	50	51	52	53;
set A1:=
(0,*) 1 2 3 4 5 6 7 8 9 10 11 12 13 14 15 16 31 32 33 34 35 36 37 38 39 40 41 42 43 44 45 46 47 48 49 50 51 52 53
(1,*) 0 2 3 4 5 6 7 8 9 10 11 12 13 14 15 16 31 32 33 34 35 36 37 38 39 40 41 42 43 44 45 46 47 48 49 50 51 52 53
(2,*) 0 1 3 4 5 6 7 8 9 10 11 12 13 14 15 16 31 32 33 34 35 36 37 38 39 40 41 42 43 44 45 46 47 48 49 50 51 52 53
(3,*) 0 1 2 4 5 6 7 8 9 10 11 12 13 14 15 16 31 32 33 34 35 36 37 38 39 40 41 42 43 44 45 46 47 48 49 50 51 52 53
(4,*) 0 1 2 3 5 6 7 8 9 10 11 12 13 14 15 16 31 32 33 34 35 36 37 38 39 40 41 42 43 44 45 46 47 48 49 50 51 52 53
(5,*) 0 1 2 3 4 6 7 8 9 10 11 12 13 14 15 16 31 32 33 34 35 36 37 38 39 40 41 42 43 44 45 46 47 48 49 50 51 52 53
(6,*) 0 1 2 3 4 5 7 8 9 10 11 12 13 14 15 16 31 32 33 34 35 36 37 38 39 40 41 42 43 44 45 46 47 48 49 50 51 52 53
(7,*) 0 1 2 3 4 5 6 8 9 10 11 12 13 14 15 16 31 32 33 34 35 36 37 38 39 40 41 42 43 44 45 46 47 48 49 50 51 52 53
(8,*) 0 1 2 3 4 5 6 7 9 10 11 12 13 14 15 16 31 32 33 34 35 36 37 38 39 40 41 42 43 44 45 46 47 48 49 50 51 52 53
(9,*) 0 1 2 3 4 5 6 7 8 10 11 12 13 14 15 16 31 32 33 34 35 36 37 38 39 40 41 42 43 44 45 46 47 48 49 50 51 52 53
(10,*) 0 1 2 3 4 5 6 7 8 9 11 12 13 14 15 16 31 32 33 34 35 36 37 38 39 40 41 42 43 44 45 46 47 48 49 50 51 52 53
(11,*) 0 1 2 3 4 5 6 7 8 9 10 12 13 14 15 16 31 32 33 34 35 36 37 38 39 40 41 42 43 44 45 46 47 48 49 50 51 52 53
(12,*) 0 1 2 3 4 5 6 7 8 9 10 11 13 14 15 16 31 32 33 34 35 36 37 38 39 40 41 42 43 44 45 46 47 48 49 50 51 52 53
(13,*) 0 1 2 3 4 5 6 7 8 9 10 11 12 14 15 16 31 32 33 34 35 36 37 38 39 40 41 42 43 44 45 46 47 48 49 50 51 52 53
(14,*) 0 1 2 3 4 5 6 7 8 9 10 11 12 13 15 16 31 32 33 34 35 36 37 38 39 40 41 42 43 44 45 46 47 48 49 50 51 52 53
(15,*) 0 1 2 3 4 5 6 7 8 9 10 11 12 13 14 16 31 32 33 34 35 36 37 38 39 40 41 42 43 44 45 46 47 48 49 50 51 52 53
(16,*) 0 1 2 3 4 5 6 7 8 9 10 11 12 13 14 15 31 32 33 34 35 36 37 38 39 40 41 42 43 44 45 46 47 48 49 50 51 52 53
(31,*) 0 1 2 3 4 5 6 7 8 9 10 11 12 13 14 15 16 32 33 34 35 36 37 38 39 40 41 42 43 44 45 46 47 48 49 50 51 52 53
(32,*) 0 1 2 3 4 5 6 7 8 9 10 11 12 13 14 15 16 31 33 34 35 36 37 38 39 40 41 42 43 44 45 46 47 48 49 50 51 52 53
(33,*) 0 1 2 3 4 5 6 7 8 9 10 11 12 13 14 15 16 31 32 34 35 36 37 38 39 40 41 42 43 44 45 46 47 48 49 50 51 52 53
(34,*) 0 1 2 3 4 5 6 7 8 9 10 11 12 13 14 15 16 31 32 33 35 36 37 38 39 40 41 42 43 44 45 46 47 48 49 50 51 52 53
(35,*) 0 1 2 3 4 5 6 7 8 9 10 11 12 13 14 15 16 31 32 33 34 36 37 38 39 40 41 42 43 44 45 46 47 48 49 50 51 52 53
(36,*) 0 1 2 3 4 5 6 7 8 9 10 11 12 13 14 15 16 31 32 33 34 35 37 38 39 40 41 42 43 44 45 46 47 48 49 50 51 52 53
(37,*) 0 1 2 3 4 5 6 7 8 9 10 11 12 13 14 15 16 31 32 33 34 35 36 38 39 40 41 42 43 44 45 46 47 48 49 50 51 52 53
(38,*) 0 1 2 3 4 5 6 7 8 9 10 11 12 13 14 15 16 31 32 33 34 35 36 37 39 40 41 42 43 44 45 46 47 48 49 50 51 52 53
(39,*) 0 1 2 3 4 5 6 7 8 9 10 11 12 13 14 15 16 31 32 33 34 35 36 37 38 40 41 42 43 44 45 46 47 48 49 50 51 52 53
(40,*) 0 1 2 3 4 5 6 7 8 9 10 11 12 13 14 15 16 31 32 33 34 35 36 37 38 39 41 42 43 44 45 46 47 48 49 50 51 52 53
(41,*) 0 1 2 3 4 5 6 7 8 9 10 11 12 13 14 15 16 31 32 33 34 35 36 37 38 39 40 42 43 44 45 46 47 48 49 50 51 52 53
(42,*) 0 1 2 3 4 5 6 7 8 9 10 11 12 13 14 15 16 31 32 33 34 35 36 37 38 39 40 41 43 44 45 46 47 48 49 50 51 52 53
(43,*) 0 1 2 3 4 5 6 7 8 9 10 11 12 13 14 15 16 31 32 33 34 35 36 37 38 39 40 41 42 44 45 46 47 48 49 50 51 52 53
(44,*) 0 1 2 3 4 5 6 7 8 9 10 11 12 13 14 15 16 31 32 33 34 35 36 37 38 39 40 41 42 43 45 46 47 48 49 50 51 52 53
(45,*) 0 1 2 3 4 5 6 7 8 9 10 11 12 13 14 15 16 31 32 33 34 35 36 37 38 39 40 41 42 43 44 47 48 49 50 51 52 53
(46,*) 0 1 2 3 4 5 6 7 8 9 10 11 12 13 14 15 16 31 32 33 34 35 36 37 38 39 40 41 42 43 44 47 48 49 50 51 52 53
(47,*) 0 1 2 3 4 5 6 7 8 9 10 11 12 13 14 15 16 31 32 33 34 35 36 37 38 39 40 41 42 43 44 45 46 48 49 50 51 52 53
(48,*) 0 1 2 3 4 5 6 7 8 9 10 11 12 13 14 15 16 31 32 33 34 35 36 37 38 39 40 41 42 43 44 45 46 47 49 50 51 52 53
(49,*) 0 1 2 3 4 5 6 7 8 9 10 11 12 13 14 15 16 31 32 33 34 35 36 37 38 39 40 41 42 43 44 45 46 47 48 50 51 52 53
(50,*) 0 1 2 3 4 5 6 7 8 9 10 11 12 13 14 15 16 31 32 33 34 35 36 37 38 39 40 41 42 43 44 45 46 47 48 49 51 52 53
(51,*) 0 1 2 3 4 5 6 7 8 9 10 11 12 13 14 15 16 31 32 33 34 35 36 37 38 39 40 41 42 43 44 45 46 47 48 49 50 52 53
(52,*) 0 1 2 3 4 5 6 7 8 9 10 11 12 13 14 15 16 31 32 33 34 35 36 37 38 39 40 41 42 43 44 45 46 47 48 49 50 51 53
(53,*) 0 1 2 3 4 5 6 7 8 9 10 11 12 13 14 15 16 31 32 33 34 35 36 37 38 39 40 41 42 43 44 45 46 47 48 49 50 51 52
;
param BigM:=99999;
param n:= 7;
param d:=
1	1
2	23
3	5
4	1
5	14
6	21
7	8
8	24
9	19
10	22
11	20
12	22
13	25
14	17
15	15
16	11
17	14
18	16
19	13
20	18
21	8
22	20
23	8
24	12
25	12
26	14
27	19
28	10
29	21
30	24
31	12
32	6
33	20
34	7
35	13
36	3
37	26
38	17
39	16
40	20
41	20
42	2
43	9
44	6
;
param Q:=100;
param e:
	45	46	47	48	49	50	51	52	53:=
17	1	0	0	0	0	0	0	0	0	
18	0	0	0	0	0	0	0	0	1	
19	0	0	0	0	0	1	0	0	0	
20	0	1	0	0	0	0	0	0	0	
21	0	0	0	0	0	0	1	0	0	
22	0	0	0	1	0	0	0	0	0	
23	0	0	0	0	1	0	0	0	0	
24	0	1	0	0	1	0	0	0	0	
25	0	0	0	0	0	0	1	0	0	
26	0	0	0	0	0	0	0	1	0	
27	0	0	0	1	0	1	0	0	0	
28	0	0	0	0	0	0	0	1	0	
29	0	0	1	0	0	0	0	0	0	
30	0	0	1	0	0	0	1	0	1	
31	0	0	1	0	1	0	1	0	0	
32	0	1	0	0	0	0	0	0	0	
33	0	0	0	0	1	0	1	0	0	
34	0	0	0	1	0	1	0	1	0	
35	0	0	0	0	0	0	0	1	0	
36	0	0	0	0	0	1	0	0	0	
37	0	0	1	0	1	0	1	0	0	
38	0	0	0	0	1	0	0	0	0	
39	0	0	0	1	0	1	0	0	0	
40	1	0	0	0	0	0	0	0	0	
41	0	0	1	0	0	0	0	0	0	
42	1	0	0	0	0	0	0	1	0	
43	0	0	0	1	0	1	0	0	0	
44	0	1	0	0	0	0	0	0	0	
;
param p:=
1	3
2	3
3	3
4	3
5	3
6	3
7	3
;
param G:=
45	95
46	99
47	82
48	93
49	77
50	88
51	81
52	97
53	74
;
param s:=
0	0
1	10
2	10
3	10
4	10
5	10
6	10
7	10
8	10
9	10
10	10
11	10
12	10
13	10
14	10
15	10
16	10
31	10
32	10
33	10
34	10
35	10
36	10
37	10
38	10
39	10
40	10
41	10
42	10
43	10
44	10
45	10
46	10
47	10
48	10
49	10
50	10
51	10
52	10
53	10
;
param t:
	0	1	2	3	4	5	6	7	8	9	10	11	12	13	14	15	16	17	18	19	20	21	22	23	24	25	26	27	28	29	30	31	32	33	34	35	36	37	38	39	40	41	42	43	44	45	46	47	48	49	50	51	52	53:=
0	0.0	20.0	32.56	32.8	38.63	77.67	72.11	39.6	62.61	95.35	58.31	86.16	94.25	74.73	25.06	94.59	77.25	98.08	69.43	38.21	22.0	63.15	25.46	71.69	58.82	88.29	24.74	18.44	33.53	91.61	69.08	76.24	42.52	65.12	26.08	43.86	32.31	74.03	73.35	26.08	90.02	95.35	42.94	18.44	96.6	92.7	40.52	71.31	6.08	66.49	22.8	63.95	41.77	63.98
1	20.0	0.0	13.42	42.76	38.42	59.06	68.82	46.82	62.23	82.0	42.43	69.86	78.92	60.13	10.77	88.57	74.4	94.34	50.0	32.8	13.42	50.16	34.53	69.66	38.83	74.11	25.06	13.42	48.04	72.72	52.95	64.78	22.63	59.06	31.62	51.26	18.44	64.56	72.25	10.2	80.05	82.0	44.41	13.42	79.12	89.04	23.02	57.04	18.03	60.9	14.14	51.24	49.65	47.3
2	32.56	13.42	0.0	48.17	37.95	45.65	63.66	50.16	59.36	70.26	30.0	56.89	66.27	48.04	10.2	80.99	69.31	88.09	36.88	29.53	24.0	39.29	40.45	65.3	27.86	62.03	28.0	18.97	55.79	59.36	40.2	54.41	10.77	52.5	36.06	54.33	11.66	55.46	68.41	8.25	70.23	70.26	44.27	18.97	65.79	82.98	21.4	45.18	29.21	54.56	16.12	40.52	53.15	34.37
3	32.8	42.76	48.17	0.0	20.0	82.68	48.04	8.25	36.06	85.09	58.82	83.45	88.41	69.43	38.05	72.11	52.04	72.44	78.79	28.43	52.0	56.64	8.25	46.04	75.31	80.45	20.4	30.07	11.66	96.52	68.12	64.5	58.55	46.17	12.17	11.66	39.29	59.09	46.39	40.05	74.0	85.09	18.97	30.07	96.21	67.27	65.62	65.86	28.65	46.57	32.06	56.73	9.43	65.22
4	38.63	38.42	37.95	20.0	0.0	64.4	33.53	16.12	24.41	65.3	40.25	63.66	68.41	49.52	29.53	56.57	38.63	59.46	62.1	10.2	50.91	36.77	18.44	33.11	62.03	60.46	14.42	25.46	31.62	77.9	48.83	44.72	46.69	28.07	14.0	18.97	26.68	39.85	34.99	31.3	55.32	65.3	6.32	25.46	76.58	54.08	58.6	45.97	32.7	29.0	24.41	36.8	18.79	46.53
5	77.67	59.06	45.65	82.68	64.4	0.0	68.12	80.5	72.44	41.04	24.17	20.0	30.53	25.3	52.8	71.69	72.44	82.87	12.17	54.59	67.68	32.06	77.2	72.03	30.27	32.56	64.03	60.96	93.23	14.14	18.0	39.85	37.95	56.0	71.61	83.26	46.69	47.07	76.03	51.61	52.84	41.04	69.08	60.96	22.0	79.4	53.24	26.48	73.41	58.01	56.64	33.02	83.19	18.03
6	72.11	68.82	63.66	48.04	33.53	68.12	0.0	40.2	12.65	47.71	48.08	57.27	56.46	44.18	58.41	24.08	5.66	26.0	71.81	36.06	82.1	36.5	50.36	4.47	79.62	47.54	47.54	57.31	58.55	78.23	50.16	31.05	68.82	12.65	47.07	38.83	52.35	22.8	8.25	59.67	31.11	47.71	30.27	57.31	70.34	20.62	84.96	42.01	66.13	10.44	54.92	35.36	40.61	51.97
7	39.6	46.82	50.16	8.25	16.12	80.5	40.2	0.0	28.0	79.32	56.36	79.4	83.55	65.12	40.45	64.28	44.0	64.28	77.79	26.0	57.31	52.5	14.14	38.0	76.24	75.29	22.36	33.53	18.44	94.02	64.9	58.82	60.0	39.4	15.23	4.47	40.05	52.84	38.21	42.43	67.23	79.32	12.81	33.53	92.46	59.14	69.12	61.62	34.83	39.56	34.53	52.4	3.0	62.65
8	62.61	62.23	59.36	36.06	24.41	72.44	12.65	28.0	0.0	58.14	50.04	64.62	65.51	50.6	52.5	36.5	16.0	36.5	74.11	30.0	75.07	40.45	39.29	10.0	79.12	56.6	38.83	49.68	46.17	83.95	54.59	39.45	66.21	17.89	36.77	26.31	47.71	31.62	10.77	54.04	42.8	58.14	19.7	49.68	78.0	31.26	80.71	47.8	56.82	16.64	48.08	39.62	28.16	55.04
9	95.35	82.0	70.26	85.09	65.3	41.04	47.71	79.32	58.14	0.0	40.45	21.26	12.65	22.36	72.11	38.05	49.19	50.04	51.61	59.46	94.19	32.25	83.26	52.15	68.0	8.94	73.38	76.94	96.75	42.94	31.62	20.59	67.91	41.04	78.0	80.0	64.12	26.91	55.57	72.03	18.44	0.0	66.57	76.94	29.12	48.51	86.13	25.08	89.63	41.73	72.69	31.4	81.02	37.64
10	58.31	42.43	30.0	58.82	40.25	24.17	48.08	56.36	50.04	40.45	0.0	27.86	36.5	18.11	33.53	58.14	53.14	67.68	24.08	30.53	54.0	12.81	53.81	51.42	32.8	32.06	41.04	40.25	69.66	37.74	10.77	27.2	27.86	35.44	48.17	59.09	26.0	31.24	55.32	32.98	43.27	40.45	44.94	40.25	38.83	63.29	46.24	15.52	53.23	37.64	35.78	14.21	59.03	6.4
11	86.16	69.86	56.89	83.45	63.66	20.0	57.27	79.4	64.62	21.26	27.86	0.0	10.77	14.42	61.35	55.32	60.53	67.08	31.3	55.32	80.62	26.91	79.65	61.61	48.7	13.42	67.68	68.03	94.85	22.8	17.09	26.31	52.0	46.82	74.03	81.22	53.85	34.53	65.51	60.73	35.44	21.26	66.84	68.03	13.42	64.38	69.35	17.8	81.02	48.38	63.56	27.02	81.69	22.56
12	94.25	78.92	66.27	88.41	68.41	30.53	56.46	83.55	65.51	12.65	36.5	10.77	0.0	19.7	69.86	50.04	58.82	62.03	42.05	61.06	90.2	32.25	85.44	60.93	59.46	8.94	74.24	75.89	100.0	30.53	26.08	26.08	62.13	47.71	79.92	84.85	62.1	34.0	64.62	69.43	30.0	12.65	70.77	75.89	16.49	60.07	79.76	23.26	88.87	48.88	71.47	31.91	85.59	32.02
13	74.73	60.13	48.04	69.43	49.52	25.3	44.18	65.12	50.6	22.36	18.11	14.42	19.7	0.0	50.64	46.52	48.0	57.58	32.8	41.62	72.03	12.81	66.03	48.37	47.2	14.0	54.59	56.32	80.92	34.06	10.0	14.56	45.61	32.98	60.46	66.84	42.76	22.09	52.35	50.36	28.43	22.36	52.5	56.32	27.78	54.12	63.89	3.61	69.26	34.71	51.92	12.73	67.36	15.65
14	25.06	10.77	10.2	38.05	29.53	52.8	58.41	40.45	52.5	72.11	33.53	61.35	69.86	50.64	0.0	77.82	64.03	83.76	45.34	22.63	24.17	40.0	30.27	59.46	37.95	64.5	18.11	8.94	45.61	66.84	44.27	54.33	20.88	48.37	26.0	44.72	8.0	53.85	62.23	2.0	69.43	72.11	35.78	8.94	71.55	78.49	29.15	47.38	20.62	50.25	6.0	41.01	43.42	39.0
15	94.59	88.57	80.99	72.11	56.57	71.69	24.08	64.28	36.5	38.05	58.14	55.32	50.04	46.52	77.82	0.0	20.88	12.0	78.89	56.92	101.98	45.34	74.11	26.68	90.91	42.43	69.86	78.43	82.61	78.1	55.57	32.25	83.74	29.73	70.46	62.8	70.71	26.91	27.86	78.71	20.1	38.05	54.04	78.43	66.27	11.18	101.4	46.14	88.53	28.16	75.39	43.93	64.63	59.64
16	77.25	74.4	69.31	52.04	38.63	72.44	5.66	44.0	16.0	49.19	53.14	60.53	58.82	48.0	64.03	20.88	0.0	20.88	76.66	41.62	87.66	41.23	54.92	6.0	84.97	50.0	52.8	62.77	62.13	82.02	54.59	34.23	74.4	17.89	51.92	42.19	58.0	26.08	7.21	65.3	31.62	49.19	34.93	62.77	73.35	15.52	90.61	46.1	71.31	15.65	60.46	40.02	44.1	56.75
17	98.08	94.34	88.09	72.44	59.46	82.87	26.0	64.28	36.5	50.04	67.68	67.08	62.03	57.58	83.76	12.0	20.88	0.0	89.44	61.77	107.7	54.92	75.71	26.68	100.44	54.33	73.54	83.19	82.02	89.82	66.21	43.08	91.93	35.61	72.8	62.03	77.2	36.72	26.08	84.88	32.06	50.04	55.79	83.19	78.23	5.39	109.04	56.86	92.11	33.6	80.62	53.54	64.07	69.84
18	69.43	50.0	36.88	78.79	62.1	12.17	71.81	77.79	74.11	51.61	24.08	31.3	42.05	32.8	45.34	78.89	76.66	89.44	0.0	51.92	57.27	35.44	72.47	75.31	18.11	42.8	59.06	54.04	88.59	23.41	23.32	46.65	27.78	59.23	67.08	81.04	40.5	52.8	79.25	43.86	61.22	51.61	67.47	54.04	34.06	85.49	41.59	32.76	65.76	61.39	50.0	36.69	80.65	19.92
19	38.21	32.8	29.53	28.43	10.2	54.59	36.06	26.0	30.0	59.46	30.53	55.32	61.06	41.62	22.63	56.92	41.62	61.77	51.92	0.0	46.04	28.84	24.41	36.88	52.15	53.67	14.14	21.54	39.6	68.26	39.7	39.29	37.36	27.2	18.87	29.12	17.89	36.06	39.6	24.08	52.04	59.46	16.0	21.54	67.88	56.44	50.77	38.01	32.14	28.79	18.87	29.15	28.79	36.89
20	22.0	13.42	24.0	52.0	50.91	67.68	82.1	57.31	75.07	94.19	54.0	80.62	90.2	72.03	24.17	101.98	87.66	107.7	57.27	46.04	0.0	62.8	43.86	82.8	42.8	86.02	36.88	25.46	54.92	80.62	64.12	77.67	29.73	72.47	42.19	61.77	31.62	77.79	85.28	23.41	93.15	94.19	56.64	25.46	88.77	102.4	20.25	69.12	23.77	74.3	27.2	63.95	59.94	58.22
21	63.15	50.16	39.29	56.64	36.77	32.06	36.5	52.5	40.45	32.25	12.81	26.91	32.25	12.81	40.0	45.34	41.23	54.92	35.44	28.84	62.8	0.0	53.25	40.2	45.61	25.3	42.05	44.72	68.12	43.68	14.14	15.23	39.45	24.08	47.71	54.41	32.0	18.44	44.18	40.05	31.3	32.25	40.0	44.72	40.0	50.61	57.71	9.22	57.49	26.17	40.45	1.41	54.82	15.52
22	25.46	34.53	40.45	8.25	18.44	77.2	50.36	14.14	39.29	83.26	53.81	79.65	85.44	66.03	30.27	74.11	54.92	75.71	72.47	24.41	43.86	53.25	0.0	49.03	67.91	77.9	13.42	22.0	16.12	91.21	63.66	62.77	50.99	46.39	5.66	18.44	32.31	58.24	50.0	32.25	73.76	83.26	20.1	22.0	92.02	70.41	57.43	62.43	20.81	47.17	24.33	53.54	16.4	60.21
23	71.69	69.66	65.3	46.04	33.11	72.03	4.47	38.0	10.0	52.15	51.42	61.61	60.93	48.37	59.46	26.68	6.0	26.68	75.31	36.88	82.8	40.2	49.03	0.0	82.46	52.0	47.41	57.69	56.14	82.39	54.04	35.44	71.02	16.12	46.17	36.22	53.81	27.2	4.0	60.83	35.38	52.15	29.12	57.69	74.73	21.38	86.68	46.1	65.8	14.04	55.61	39.12	38.12	55.58
24	58.82	38.83	27.86	75.31	62.03	30.27	79.62	76.24	79.12	68.0	32.8	48.7	59.46	47.2	37.95	90.91	84.97	100.44	18.11	52.15	42.8	45.61	67.91	82.46	0.0	59.06	54.92	46.82	83.52	40.45	37.2	59.4	17.09	67.08	63.15	80.1	36.22	64.03	86.16	36.06	75.07	68.0	68.12	46.82	52.15	95.96	24.7	46.1	56.44	69.32	43.68	47.01	79.23	31.89
25	88.29	74.11	62.03	80.45	60.46	32.56	47.54	75.29	56.6	8.94	32.06	13.42	8.94	14.0	64.5	42.43	50.0	54.33	42.8	53.67	86.02	25.3	77.9	52.0	59.06	0.0	67.23	69.86	92.09	36.06	22.8	17.2	59.23	38.83	72.47	76.42	56.57	25.06	55.71	64.28	22.36	8.94	62.48	69.86	24.0	52.01	77.37	17.12	82.71	39.96	65.51	24.7	77.23	28.86
26	24.74	25.06	28.0	20.4	14.42	64.03	47.54	22.36	38.83	73.38	41.04	67.68	74.24	54.59	18.11	69.86	52.8	73.54	59.06	14.14	36.88	42.05	13.42	47.41	54.92	67.23	0.0	11.66	29.53	78.1	51.22	53.37	38.21	40.45	8.25	26.68	18.97	50.16	49.4	20.1	66.12	73.38	19.8	11.66	79.65	68.15	46.84	51.0	18.68	41.77	12.17	42.54	25.32	47.38
27	18.44	13.42	18.97	30.07	25.46	60.96	57.31	33.53	49.68	76.94	40.25	68.03	75.89	56.32	8.94	78.43	62.77	83.19	54.04	21.54	25.46	44.72	22.0	57.69	46.82	69.86	11.66	0.0	36.88	75.07	50.99	58.03	29.73	48.7	18.44	37.95	14.42	56.32	60.0	10.77	72.25	76.94	31.24	0.0	78.89	77.83	35.69	52.89	13.0	50.33	4.47	45.54	36.4	46.14
28	33.53	48.04	55.79	11.66	31.62	93.23	58.55	18.44	46.17	96.75	69.66	94.85	100.0	80.92	45.61	82.61	62.13	82.02	88.59	39.6	54.92	68.12	16.12	56.14	83.52	92.09	29.53	36.88	0.0	107.2	79.25	76.16	66.48	57.58	21.63	20.0	48.33	70.68	56.0	47.54	85.44	96.75	30.46	36.88	107.48	77.0	71.01	77.34	31.26	57.87	39.85	68.25	18.03	76.06
29	91.61	72.72	59.36	96.52	77.9	14.14	78.23	94.02	83.95	42.94	37.74	22.8	30.53	34.06	66.84	78.1	82.02	89.82	23.41	68.26	80.62	43.68	91.21	82.39	40.45	36.06	78.1	75.07	107.2	0.0	29.73	48.04	50.99	66.75	85.6	96.6	60.83	56.0	86.37	65.6	58.24	42.94	82.29	75.07	15.62	86.98	64.76	36.35	87.46	68.59	70.77	44.38	96.65	31.38
30	69.08	52.95	40.2	68.12	48.83	18.0	50.16	64.9	54.59	31.62	10.77	17.09	26.08	10.0	44.27	55.57	54.59	66.21	23.32	39.7	64.12	14.14	63.66	54.04	37.2	22.8	51.22	50.99	79.25	29.73	0.0	23.32	36.5	38.0	58.0	67.23	36.77	29.73	58.03	43.68	38.21	31.62	52.84	50.99	28.43	62.39	54.57	9.43	63.98	40.01	46.52	15.03	67.42	6.08
31	76.24	64.78	54.41	64.5	44.72	39.85	31.05	58.82	39.45	20.59	27.2	26.31	26.08	14.56	54.33	32.25	34.23	43.08	46.65	39.29	77.67	15.23	62.77	35.44	59.4	17.2	53.37	58.03	76.16	48.04	23.32	0.0	54.59	21.63	57.58	59.67	46.39	8.25	39.29	54.59	16.12	20.59	46.04	58.03	39.29	39.56	72.9	13.89	70.35	22.83	54.0	13.93	60.61	27.66
32	42.52	22.63	10.77	58.55	46.69	37.95	68.82	60.0	66.21	67.91	27.86	52.0	62.13	45.61	20.88	83.74	74.4	91.93	27.78	37.36	29.73	39.45	50.99	71.02	17.09	59.23	38.21	29.73	66.48	50.99	36.5	54.59	0.0	56.85	46.39	64.03	20.1	57.2	74.43	18.97	70.71	67.91	52.95	29.73	59.23	87.05	18.38	43.32	39.66	59.03	26.68	40.82	63.0	30.41
33	65.12	59.06	52.5	46.17	28.07	56.0	12.65	39.4	17.89	41.04	35.44	46.82	47.71	32.98	48.37	29.73	17.89	35.61	59.23	27.2	72.47	24.08	46.39	16.12	67.08	38.83	40.45	48.7	57.58	66.75	38.0	21.63	56.85	0.0	42.05	39.45	41.62	14.14	20.1	49.4	27.86	41.04	27.2	48.7	60.17	30.48	73.55	30.41	59.03	2.24	45.69	23.02	40.71	39.46
34	26.08	31.62	36.06	12.17	14.0	71.61	47.07	15.23	36.77	78.0	48.17	74.03	79.92	60.46	26.0	70.46	51.92	72.8	67.08	18.87	42.19	47.71	5.66	46.17	63.15	72.47	8.25	18.44	21.63	85.6	58.0	57.58	46.39	42.05	0.0	19.7	27.2	53.37	47.54	28.0	69.05	78.0	17.09	18.44	86.37	67.45	54.13	56.86	20.62	43.0	20.0	48.02	18.03	54.56
35	43.86	51.26	54.33	11.66	18.97	83.26	38.83	4.47	26.31	80.0	59.09	81.22	84.85	66.84	44.72	62.8	42.19	62.03	81.04	29.12	61.77	54.41	18.44	36.22	80.1	76.42	26.68	37.95	20.0	96.6	67.23	59.67	64.03	39.45	19.7	0.0	44.0	53.25	36.0	46.69	67.08	80.0	14.42	37.95	94.4	57.0	73.5	63.41	39.2	39.36	38.83	54.2	2.24	65.31
36	32.31	18.44	11.66	39.29	26.68	46.69	52.35	40.05	47.71	64.12	26.0	53.85	62.1	42.76	8.0	70.71	58.0	77.2	40.5	17.89	31.62	32.0	32.31	53.81	36.22	56.57	18.97	14.42	48.33	60.83	36.77	46.39	20.1	41.62	27.2	44.0	0.0	46.17	56.85	8.25	61.61	64.12	32.98	14.42	64.5	72.01	33.02	39.46	27.29	43.6	10.0	33.02	43.05	31.76
37	74.03	64.56	55.46	59.09	39.85	47.07	22.8	52.84	31.62	26.91	31.24	34.53	34.0	22.09	53.85	26.91	26.08	36.72	52.8	36.06	77.79	18.44	58.24	27.2	64.03	25.06	50.16	56.32	70.68	56.0	29.73	8.25	57.2	14.14	53.37	53.25	46.17	0.0	31.05	54.41	16.0	26.91	40.25	56.32	47.54	32.7	75.17	20.62	68.01	15.0	52.61	17.03	54.38	33.12
38	73.35	72.25	68.41	46.39	34.99	76.03	8.25	38.21	10.77	55.57	55.32	65.51	64.62	52.35	62.23	27.86	7.21	26.08	79.25	39.6	85.28	44.18	50.0	4.0	86.16	55.71	49.4	60.0	56.0	86.37	58.03	39.29	74.43	20.1	47.54	36.0	56.85	31.05	0.0	63.66	38.42	55.57	30.46	60.0	78.59	21.0	89.81	50.09	67.54	18.03	58.14	43.1	38.01	59.54
39	26.08	10.2	8.25	40.05	31.3	51.61	59.67	42.43	54.04	72.03	32.98	60.73	69.43	50.36	2.0	78.71	65.3	84.88	43.86	24.08	23.41	40.05	32.25	60.83	36.06	64.28	20.1	10.77	47.54	65.6	43.68	54.59	18.97	49.4	28.0	46.69	8.25	54.41	63.66	0.0	69.86	72.03	37.58	10.77	70.68	79.63	27.31	47.17	21.93	51.31	8.0	41.11	45.4	38.28
40	90.02	80.05	70.23	74.0	55.32	52.84	31.11	67.23	42.8	18.44	43.27	35.44	30.0	28.43	69.43	20.1	31.62	32.06	61.22	52.04	93.15	31.3	73.76	35.38	75.07	22.36	66.12	72.25	85.44	58.24	38.21	16.12	70.71	27.86	69.05	67.08	61.61	16.0	38.42	69.86	0.0	18.44	55.03	72.25	46.17	30.15	89.01	29.0	84.01	27.73	68.47	29.97	68.45	43.19
41	95.35	82.0	70.26	85.09	65.3	41.04	47.71	79.32	58.14	0.0	40.45	21.26	12.65	22.36	72.11	38.05	49.19	50.04	51.61	59.46	94.19	32.25	83.26	52.15	68.0	8.94	73.38	76.94	96.75	42.94	31.62	20.59	67.91	41.04	78.0	80.0	64.12	26.91	55.57	72.03	18.44	0.0	66.57	76.94	29.12	48.51	86.13	25.08	89.63	41.73	72.69	31.4	81.02	37.64
42	42.94	44.41	44.27	18.97	6.32	69.08	30.27	12.81	19.7	66.57	44.94	66.84	70.77	52.5	35.78	54.04	34.93	55.79	67.47	16.0	56.64	40.0	20.1	29.12	68.12	62.48	19.8	31.24	30.46	82.29	52.84	46.04	52.95	27.2	17.09	14.42	32.98	40.25	30.46	37.58	55.03	66.57	0.0	31.24	80.0	50.45	64.88	49.04	37.22	27.66	30.53	39.82	14.87	51.08
43	18.44	13.42	18.97	30.07	25.46	60.96	57.31	33.53	49.68	76.94	40.25	68.03	75.89	56.32	8.94	78.43	62.77	83.19	54.04	21.54	25.46	44.72	22.0	57.69	46.82	69.86	11.66	0.0	36.88	75.07	50.99	58.03	29.73	48.7	18.44	37.95	14.42	56.32	60.0	10.77	72.25	76.94	31.24	0.0	78.89	77.83	35.69	52.89	13.0	50.33	4.47	45.54	36.4	46.14
44	96.6	79.12	65.79	96.21	76.58	22.0	70.34	92.46	78.0	29.12	38.83	13.42	16.49	27.78	71.55	66.27	73.35	78.23	34.06	67.88	88.77	40.0	92.02	74.73	52.15	24.0	79.65	78.89	107.48	15.62	28.43	39.29	59.23	60.17	86.37	94.4	64.5	47.54	78.59	70.68	46.17	29.12	80.0	78.89	0.0	76.01	75.17	31.06	91.79	61.68	74.43	40.22	94.81	32.76
45	92.7	89.04	82.98	67.27	54.08	79.4	20.62	59.14	31.26	48.51	63.29	64.38	60.07	54.12	78.49	11.18	15.52	5.39	85.49	56.44	102.4	50.61	70.41	21.38	95.96	52.01	68.15	77.83	77.0	86.98	62.39	39.56	87.05	30.48	67.45	57.0	72.01	32.7	21.0	79.63	30.15	48.51	50.45	77.83	76.01	0.0	104.0	53.14	86.73	28.43	75.29	49.24	59.01	65.74
46	40.52	23.02	21.4	65.62	58.6	53.24	84.96	69.12	80.71	86.13	46.24	69.35	79.76	63.89	29.15	101.4	90.61	109.04	41.59	50.77	20.25	57.71	57.43	86.68	24.7	77.37	46.84	35.69	71.01	64.76	54.57	72.9	18.38	73.55	54.13	73.5	33.02	75.17	89.81	27.31	89.01	86.13	64.88	35.69	75.17	104.0	0.0	61.68	40.31	75.66	34.79	59.06	72.03	48.51
47	71.31	57.04	45.18	65.86	45.97	26.48	42.01	61.62	47.8	25.08	15.52	17.8	23.26	3.61	47.38	46.14	46.1	56.86	32.76	38.01	69.12	9.22	62.43	46.1	46.1	17.12	51.0	52.89	77.34	36.35	9.43	13.89	43.32	30.41	56.86	63.41	39.46	20.62	50.09	47.17	29.0	25.08	49.04	52.89	31.06	53.14	61.68	0.0	65.8	32.25	48.51	9.22	63.89	14.21
48	6.08	18.03	29.21	28.65	32.7	73.41	66.13	34.83	56.82	89.63	53.23	81.02	88.87	69.26	20.62	88.53	71.31	92.11	65.76	32.14	23.77	57.49	20.81	65.8	56.44	82.71	18.68	13.0	31.26	87.46	63.98	70.35	39.66	59.03	20.62	39.2	27.29	68.01	67.54	21.93	84.01	89.63	37.22	13.0	91.79	86.73	40.31	65.8	0.0	60.42	17.46	58.25	37.2	59.06
49	66.49	60.9	54.56	46.57	29.0	58.01	10.44	39.56	16.64	41.73	37.64	48.38	48.88	34.71	50.25	28.16	15.65	33.6	61.39	28.79	74.3	26.17	47.17	14.04	69.32	39.96	41.77	50.33	57.87	68.59	40.01	22.83	59.03	2.24	43.0	39.36	43.6	15.0	18.03	51.31	27.73	41.73	27.66	50.33	61.68	28.43	75.66	32.25	60.42	0.0	47.42	25.08	40.72	41.59
50	22.8	14.14	16.12	32.06	24.41	56.64	54.92	34.53	48.08	72.69	35.78	63.56	71.47	51.92	6.0	75.39	60.46	80.62	50.0	18.87	27.2	40.45	24.33	55.61	43.68	65.51	12.17	4.47	39.85	70.77	46.52	54.0	26.68	45.69	20.0	38.83	10.0	52.61	58.14	8.0	68.47	72.69	30.53	4.47	74.43	75.29	34.79	48.51	17.46	47.42	0.0	41.3	37.48	41.68
51	63.95	51.24	40.52	56.73	36.8	33.02	35.36	52.4	39.62	31.4	14.21	27.02	31.91	12.73	41.01	43.93	40.02	53.54	36.69	29.15	63.95	1.41	53.54	39.12	47.01	24.7	42.54	45.54	68.25	44.38	15.03	13.93	40.82	23.02	48.02	54.2	33.02	17.03	43.1	41.11	29.97	31.4	39.82	45.54	40.22	49.24	59.06	9.22	58.25	25.08	41.3	0.0	54.67	16.76
52	41.77	49.65	53.15	9.43	18.79	83.19	40.61	3.0	28.16	81.02	59.03	81.69	85.59	67.36	43.42	64.63	44.1	64.07	80.65	28.79	59.94	54.82	16.4	38.12	79.23	77.23	25.32	36.4	18.03	96.65	67.42	60.61	63.0	40.71	18.03	2.24	43.05	54.38	38.01	45.4	68.45	81.02	14.87	36.4	94.81	59.01	72.03	63.89	37.2	40.72	37.48	54.67	0.0	65.3
53	63.98	47.3	34.37	65.22	46.53	18.03	51.97	62.65	55.04	37.64	6.4	22.56	32.02	15.65	39.0	59.64	56.75	69.84	19.92	36.89	58.22	15.52	60.21	55.58	31.89	28.86	47.38	46.14	76.06	31.38	6.08	27.66	30.41	39.46	54.56	65.31	31.76	33.12	59.54	38.28	43.19	37.64	51.08	46.14	32.76	65.74	48.51	14.21	59.06	41.59	41.68	16.76	65.3	0.0
;
