set K:= 1	2	3	4	5	6	7;
set C_H:= 1	2	3	4	5	6	7	8	9	10	11	12	13	14	15	16	17	18	19;
set C_S:= 20	21	22	23	24	25	26	27	28	29	30	31	32	33;
set C_F:= 34	35	36	37	38	39	40	41	42	43	44	45	46	47;
set M:= 48	49	50	51;
set L_B:= 52	53;
set A1:=
(0,*) 1 2 3 4 5 6 7 8 9 10 11 12 13 14 15 16 17 18 19 34 35 36 37 38 39 40 41 42 43 44 45 46 47 48 49 50 51 52 53
(1,*) 0 2 3 4 5 6 7 8 9 10 11 12 13 14 15 16 17 18 19 34 35 36 37 38 39 40 41 42 43 44 45 46 47 48 49 50 51 52 53
(2,*) 0 1 3 4 5 6 7 8 9 10 11 12 13 14 15 16 17 18 19 34 35 36 37 38 39 40 41 42 43 44 45 46 47 48 49 50 51 52 53
(3,*) 0 1 2 4 5 6 7 8 9 10 11 12 13 14 15 16 17 18 19 34 35 36 37 38 39 40 41 42 43 44 45 46 47 48 49 50 51 52 53
(4,*) 0 1 2 3 5 6 7 8 9 10 11 12 13 14 15 16 17 18 19 34 35 36 37 38 39 40 41 42 43 44 45 46 47 48 49 50 51 52 53
(5,*) 0 1 2 3 4 6 7 8 9 10 11 12 13 14 15 16 17 18 19 34 35 36 37 38 39 40 41 42 43 44 45 46 47 48 49 50 51 52 53
(6,*) 0 1 2 3 4 5 7 8 9 10 11 12 13 14 15 16 17 18 19 34 35 36 37 38 39 40 41 42 43 44 45 46 47 48 49 50 51 52 53
(7,*) 0 1 2 3 4 5 6 8 9 10 11 12 13 14 15 16 17 18 19 34 35 36 37 38 39 40 41 42 43 44 45 46 47 48 49 50 51 52 53
(8,*) 0 1 2 3 4 5 6 7 9 10 11 12 13 14 15 16 17 18 19 34 35 36 37 38 39 40 41 42 43 44 45 46 47 48 49 50 51 52 53
(9,*) 0 1 2 3 4 5 6 7 8 10 11 12 13 14 15 16 17 18 19 34 35 36 37 38 39 40 41 42 43 44 45 46 47 48 49 50 51 52 53
(10,*) 0 1 2 3 4 5 6 7 8 9 11 12 13 14 15 16 17 18 19 34 35 36 37 38 39 40 41 42 43 44 45 46 47 48 49 50 51 52 53
(11,*) 0 1 2 3 4 5 6 7 8 9 10 12 13 14 15 16 17 18 19 34 35 36 37 38 39 40 41 42 43 44 45 46 47 48 49 50 51 52 53
(12,*) 0 1 2 3 4 5 6 7 8 9 10 11 13 14 15 16 17 18 19 34 35 36 37 38 39 40 41 42 43 44 45 46 47 48 49 50 51 52 53
(13,*) 0 1 2 3 4 5 6 7 8 9 10 11 12 14 15 16 17 18 19 34 35 36 37 38 39 40 41 42 43 44 45 46 47 48 49 50 51 52 53
(14,*) 0 1 2 3 4 5 6 7 8 9 10 11 12 13 15 16 17 18 19 34 35 36 37 38 39 40 41 42 43 44 45 46 47 48 49 50 51 52 53
(15,*) 0 1 2 3 4 5 6 7 8 9 10 11 12 13 14 16 17 18 19 34 35 36 37 38 39 40 41 42 43 44 45 46 47 48 49 50 51 52 53
(16,*) 0 1 2 3 4 5 6 7 8 9 10 11 12 13 14 15 17 18 19 34 35 36 37 38 39 40 41 42 43 44 45 46 47 48 49 50 51 52 53
(17,*) 0 1 2 3 4 5 6 7 8 9 10 11 12 13 14 15 16 18 19 34 35 36 37 38 39 40 41 42 43 44 45 46 47 48 49 50 51 52 53
(18,*) 0 1 2 3 4 5 6 7 8 9 10 11 12 13 14 15 16 17 19 34 35 36 37 38 39 40 41 42 43 44 45 46 47 48 49 50 51 52 53
(19,*) 0 1 2 3 4 5 6 7 8 9 10 11 12 13 14 15 16 17 18 34 35 36 37 38 39 40 41 42 43 44 45 46 47 48 49 50 51 52 53
(34,*) 0 1 2 3 4 5 6 7 8 9 10 11 12 13 14 15 16 17 18 19 35 36 37 38 39 40 41 42 43 44 45 46 47 48 49 50 51 52 53
(35,*) 0 1 2 3 4 5 6 7 8 9 10 11 12 13 14 15 16 17 18 19 34 36 37 38 39 40 41 42 43 44 45 46 47 48 49 50 51 52 53
(36,*) 0 1 2 3 4 5 6 7 8 9 10 11 12 13 14 15 16 17 18 19 34 35 37 38 39 40 41 42 43 44 45 46 47 48 49 50 51 52 53
(37,*) 0 1 2 3 4 5 6 7 8 9 10 11 12 13 14 15 16 17 18 19 34 35 36 38 39 40 41 42 43 44 45 46 47 48 49 50 51 52 53
(38,*) 0 1 2 3 4 5 6 7 8 9 10 11 12 13 14 15 16 17 18 19 34 35 36 37 39 40 41 42 43 44 45 46 47 48 49 50 51 52 53
(39,*) 0 1 2 3 4 5 6 7 8 9 10 11 12 13 14 15 16 17 18 19 34 35 36 37 38 40 41 42 43 44 45 46 47 48 49 50 51 52 53
(40,*) 0 1 2 3 4 5 6 7 8 9 10 11 12 13 14 15 16 17 18 19 34 35 36 37 38 39 41 42 43 44 45 46 47 48 49 50 51 52 53
(41,*) 0 1 2 3 4 5 6 7 8 9 10 11 12 13 14 15 16 17 18 19 34 35 36 37 38 39 40 42 43 44 45 46 47 48 49 50 51 52 53
(42,*) 0 1 2 3 4 5 6 7 8 9 10 11 12 13 14 15 16 17 18 19 34 35 36 37 38 39 40 41 43 44 45 46 47 48 49 50 51 52 53
(43,*) 0 1 2 3 4 5 6 7 8 9 10 11 12 13 14 15 16 17 18 19 34 35 36 37 38 39 40 41 42 44 45 46 47 48 49 50 51 52 53
(44,*) 0 1 2 3 4 5 6 7 8 9 10 11 12 13 14 15 16 17 18 19 34 35 36 37 38 39 40 41 42 43 45 46 47 48 49 50 51 52 53
(45,*) 0 1 2 3 4 5 6 7 8 9 10 11 12 13 14 15 16 17 18 19 34 35 36 37 38 39 40 41 42 43 44 46 47 48 49 50 51 52 53
(46,*) 0 1 2 3 4 5 6 7 8 9 10 11 12 13 14 15 16 17 18 19 34 35 36 37 38 39 40 41 42 43 44 45 47 48 49 50 51 52 53
(47,*) 0 1 2 3 4 5 6 7 8 9 10 11 12 13 14 15 16 17 18 19 34 35 36 37 38 39 40 41 42 43 44 45 46 48 49 50 51 52 53
(48,*) 0 1 2 3 4 5 6 7 8 9 10 11 12 13 14 15 16 17 18 19 34 35 36 37 38 39 40 41 42 43 44 45 46 47 49 50 51 52 53
(49,*) 0 1 2 3 4 5 6 7 8 9 10 11 12 13 14 15 16 17 18 19 34 35 36 37 38 39 40 41 42 43 44 45 46 47 48 50 51 52 53
(50,*) 0 1 2 3 4 5 6 7 8 9 10 11 12 13 14 15 16 17 18 19 34 35 36 37 38 39 40 41 42 43 44 45 46 47 48 49 51 52 53
(51,*) 0 1 2 3 4 5 6 7 8 9 10 11 12 13 14 15 16 17 18 19 34 35 36 37 38 39 40 41 42 43 44 45 46 47 48 49 50 52 53
(52,*) 0 1 2 3 4 5 6 7 8 9 10 11 12 13 14 15 16 17 18 19 34 35 36 37 38 39 40 41 42 43 44 45 46 47 48 49 50 51 53
(53,*) 0 1 2 3 4 5 6 7 8 9 10 11 12 13 14 15 16 17 18 19 34 35 36 37 38 39 40 41 42 43 44 45 46 47 48 49 50 51 52
;
set A2:=
(48,*) 49
(49,*) 48
(50,*) 51
(51,*) 50
;
param BigM:=99999;
param n:= 7;
param d:=
1	5
2	25
3	18
4	14
5	22
6	9
7	23
8	14
9	12
10	15
11	9
12	2
13	25
14	23
15	8
16	16
17	9
18	14
19	16
20	11
21	10
22	18
23	24
24	15
25	16
26	8
27	12
28	16
29	2
30	3
31	13
32	7
33	18
34	20
35	14
36	22
37	2
38	26
39	11
40	5
41	8
42	10
43	3
44	20
45	13
46	4
47	16
;
param Q:=100;
param w:=
[48,*] 49 5
[49,*] 48 5
[50,*] 51 5
[51,*] 50 5
;
param V:=
[48,*] 49 375
[49,*] 48 375
[50,*] 51 375
[51,*] 50 375
;
param f:=
48	100
49	100
50	100
51	100
52	100
53	100
;
param e:
	48	49	50	51	52	53:=
20	0	1	0	0	1	0	
21	0	1	0	0	1	0	
22	0	0	0	0	1	0	
23	0	0	1	0	0	0	
24	0	0	1	0	0	0	
25	0	0	0	1	0	0	
26	0	1	0	0	1	0	
27	1	0	0	0	0	1	
28	0	0	0	1	0	1	
29	0	1	0	0	1	0	
30	0	1	0	0	1	1	
31	1	0	0	0	0	1	
32	1	0	0	0	0	1	
33	0	1	0	0	1	0	
34	1	0	0	0	0	1	
35	0	0	1	0	1	0	
36	1	0	0	0	0	1	
37	0	0	0	0	1	1	
38	0	0	1	0	1	0	
39	0	0	1	0	0	1	
40	1	0	0	0	0	1	
41	0	1	0	0	1	0	
42	0	1	0	0	1	0	
43	1	0	0	0	0	1	
44	0	1	0	0	1	0	
45	1	0	0	0	0	1	
46	0	1	0	0	1	0	
47	0	0	1	0	1	0	
;
param p:=
1	1
2	1
3	1
4	1
5	1
6	1
7	1
;
param G:=
48	375
49	375
50	375
51	375
52	93
53	93
;
param s:=
0	0
1	15
2	15
3	15
4	15
5	15
6	15
7	15
8	15
9	15
10	15
11	15
12	15
13	15
14	15
15	15
16	15
17	15
18	15
19	15
34	15
35	15
36	15
37	15
38	15
39	15
40	15
41	15
42	15
43	15
44	15
45	15
46	15
47	15
48	30
49	30
50	30
51	30
52	15
53	15
;
param t:
	0	1	2	3	4	5	6	7	8	9	10	11	12	13	14	15	16	17	18	19	20	21	22	23	24	25	26	27	28	29	30	31	32	33	34	35	36	37	38	39	40	41	42	43	44	45	46	47	48	49	50	51	52	53:=
0	0.0	77.79	47.41	82.1	97.02	36.22	88.57	12.81	94.09	90.0	70.26	56.36	36.22	44.27	62.77	60.46	88.0	38.05	36.06	54.33	87.32	70.88	80.62	36.88	16.12	63.81	78.89	26.68	72.8	74.24	60.17	34.53	14.14	92.65	48.08	58.31	44.18	48.37	58.0	11.66	48.17	81.71	81.63	37.74	72.25	18.87	88.77	38.21	38.94	93.32	34.8	94.94	57.7	36.67
1	77.79	0.0	55.03	29.12	52.0	78.92	62.29	65.97	28.28	28.84	30.27	55.46	71.02	33.53	16.0	26.0	27.78	42.19	93.72	36.06	54.59	44.41	34.53	66.48	76.16	22.36	64.28	68.03	25.61	58.55	43.08	68.73	65.51	74.11	63.91	86.09	72.8	31.62	74.24	76.03	43.68	54.04	66.12	42.19	74.73	59.67	47.54	70.77	72.18	59.99	91.82	19.47	53.71	41.77
2	47.41	55.03	0.0	75.6	97.67	26.68	98.81	36.06	81.41	79.92	67.88	73.54	18.97	34.41	40.25	29.12	78.23	43.08	80.52	57.69	93.72	77.2	77.9	66.27	57.72	32.98	94.02	22.63	36.06	87.82	68.26	17.89	34.18	107.7	8.94	92.35	18.11	44.41	85.91	54.41	11.66	90.0	96.75	24.17	95.52	32.56	90.51	70.11	18.92	100.27	78.88	64.73	73.41	28.23
3	82.1	29.12	75.6	0.0	23.32	94.85	34.06	72.99	14.42	8.94	12.17	38.83	87.66	43.86	36.88	49.68	7.21	44.41	86.16	28.07	26.0	21.26	6.32	57.58	74.67	47.2	38.63	81.71	53.67	34.0	26.83	84.97	73.35	46.17	84.4	69.43	91.59	35.44	56.64	76.24	64.03	26.68	39.85	55.46	52.15	67.47	18.44	60.93	89.54	30.99	84.41	43.05	36.62	52.92
4	97.02	52.0	97.67	23.32	0.0	114.91	19.8	89.89	28.0	24.33	30.0	44.05	108.17	64.4	60.0	72.8	24.74	61.74	92.78	43.86	13.42	26.31	19.8	66.0	86.58	70.46	30.53	101.21	76.94	29.73	36.88	105.39	90.62	30.53	106.3	69.08	112.8	54.92	56.92	89.11	86.28	18.97	30.0	76.03	46.65	85.09	8.25	68.12	110.28	12.93	91.27	63.23	42.01	72.95
5	36.22	78.92	26.68	94.85	114.91	0.0	111.95	31.3	103.09	100.66	85.09	82.22	8.0	50.99	63.15	54.04	98.79	54.04	72.25	71.61	108.41	91.21	95.77	68.0	51.42	58.03	104.69	14.14	62.51	98.99	80.92	10.2	29.53	118.83	20.59	92.48	11.31	60.03	89.55	47.07	36.0	103.71	107.52	39.4	102.08	32.8	107.07	70.68	7.87	114.92	71.02	90.69	82.81	42.06
6	88.57	62.29	98.81	34.06	19.8	111.95	0.0	83.76	44.27	39.29	33.53	32.31	106.08	64.4	65.79	78.0	38.83	58.0	78.03	41.23	8.25	21.63	28.0	53.85	75.89	76.55	12.17	97.84	84.9	14.56	31.11	103.25	84.88	12.17	106.83	51.42	111.8	54.41	40.2	79.12	88.2	8.94	10.77	75.29	27.86	80.0	17.09	54.92	108.51	7.45	76.72	77.09	30.87	71.59
7	12.81	65.97	36.06	72.99	89.89	31.3	83.76	0.0	84.1	80.4	61.61	52.5	28.64	32.56	50.6	47.71	78.41	28.64	44.72	46.17	81.41	64.4	72.28	36.72	22.09	51.11	75.29	18.44	60.0	70.0	53.67	26.31	2.0	89.38	38.21	61.35	36.5	38.05	58.31	18.44	35.61	76.16	78.1	25.06	71.22	6.32	81.71	39.4	31.51	87.71	43.16	82.61	53.41	24.35
8	94.09	28.28	81.41	14.42	28.0	103.09	44.27	84.1	0.0	5.66	26.0	53.25	95.52	52.95	41.18	53.25	7.21	56.04	100.32	41.23	36.06	35.38	19.8	71.69	87.86	50.0	51.11	90.71	53.81	47.2	41.18	92.97	84.21	56.32	90.35	83.74	98.49	46.04	70.94	89.11	69.77	38.47	51.88	64.03	65.6	78.23	27.2	75.15	97.1	39.33	98.54	35.57	51.04	62.17
9	90.0	28.84	79.92	8.94	24.33	100.66	39.29	80.4	5.66	0.0	20.88	47.71	93.23	50.0	40.0	52.5	2.0	52.04	95.08	36.5	31.05	29.73	14.14	66.48	83.19	49.52	45.65	87.93	54.41	41.62	35.78	90.62	80.62	51.42	88.84	78.1	96.6	42.43	65.3	84.59	68.26	33.11	46.52	61.35	60.0	74.67	22.36	69.86	94.94	34.8	93.32	38.94	45.49	59.2
10	70.26	30.27	67.88	12.17	30.0	85.09	33.53	61.61	26.0	20.88	0.0	28.28	78.23	34.41	32.31	44.72	18.97	32.98	74.32	16.0	26.83	14.14	10.77	45.69	62.51	43.08	34.06	71.55	51.42	28.28	15.62	75.47	62.1	44.72	76.42	59.46	82.8	25.06	46.86	64.12	56.64	24.74	36.0	46.04	44.94	56.32	22.63	49.19	80.31	33.13	72.54	47.79	26.17	43.05
11	56.36	55.46	73.54	38.83	44.05	82.22	32.31	52.5	53.25	47.71	28.28	0.0	77.2	40.79	50.64	60.0	46.04	30.46	49.03	20.4	32.25	18.97	34.0	22.09	43.68	60.13	22.8	68.12	70.46	17.89	12.81	74.4	53.81	36.88	80.5	31.24	83.76	32.06	18.87	46.82	64.56	26.31	25.61	49.4	22.36	49.52	36.22	24.08	79.85	37.65	47.44	74.45	2.24	45.31
12	36.22	71.02	18.97	87.66	108.17	8.0	106.08	28.64	95.52	93.23	78.23	77.2	0.0	43.91	55.32	46.04	91.39	48.08	72.03	65.3	102.18	85.04	88.84	64.62	50.16	50.04	99.36	10.2	54.59	93.51	74.97	2.83	26.68	113.45	14.14	89.84	8.0	53.25	85.91	46.04	28.0	97.67	102.18	32.25	97.75	28.64	100.44	67.68	2.87	108.72	70.64	82.7	77.62	35.23
13	44.27	33.53	34.41	43.86	64.4	50.99	64.4	32.56	52.95	50.0	34.41	40.79	43.91	0.0	18.87	21.54	48.08	12.65	64.03	23.32	59.46	42.8	44.94	40.5	44.05	23.32	59.93	37.95	34.0	53.67	34.0	41.18	32.25	73.43	42.52	65.12	48.41	10.0	56.04	43.27	24.17	55.61	62.61	11.66	63.15	26.31	56.85	44.94	45.92	66.03	62.13	51.08	40.26	9.22
14	62.77	16.0	40.25	36.88	60.0	63.15	65.79	50.6	41.18	40.0	32.31	50.64	55.32	18.87	0.0	12.81	38.42	29.73	82.07	30.27	59.09	45.12	40.5	56.6	62.8	10.77	64.78	52.04	20.0	58.55	40.0	52.95	50.0	76.66	49.19	79.12	57.58	20.59	68.41	62.13	28.64	56.92	67.08	26.31	72.11	44.27	53.85	61.06	56.62	65.26	80.16	32.25	49.37	26.25
15	60.46	26.0	29.12	49.68	72.8	54.04	78.0	47.71	53.25	52.5	44.72	60.0	46.04	21.54	12.81	0.0	50.99	34.18	84.88	40.2	71.55	56.92	53.25	62.03	63.78	4.0	76.16	44.72	12.81	69.86	50.64	44.0	46.65	88.54	37.95	86.35	47.07	28.07	76.66	62.23	18.11	69.08	78.59	22.8	82.1	41.62	66.57	66.48	46.9	77.81	82.99	36.96	59.03	24.76
16	88.0	27.78	78.23	7.21	24.74	98.79	38.83	78.41	7.21	2.0	18.97	46.04	91.39	48.08	38.42	50.99	0.0	50.04	93.23	34.53	30.59	28.28	12.81	64.62	81.22	48.08	44.72	86.02	53.25	40.5	34.0	88.77	78.64	50.99	87.13	76.58	94.83	40.45	63.78	82.61	66.57	32.31	45.69	59.46	58.82	72.69	22.09	68.03	93.12	34.67	91.46	38.82	43.83	57.28
17	38.05	42.19	43.08	44.41	61.74	54.04	58.0	28.64	56.04	52.04	32.98	30.46	48.08	12.65	29.73	34.18	50.04	0.0	52.35	17.89	54.41	37.2	43.68	27.86	34.0	35.78	51.61	40.0	46.52	45.61	26.91	45.25	29.12	65.6	50.12	52.61	54.04	10.77	44.05	34.18	34.53	49.68	54.41	18.97	52.5	23.41	53.67	32.31	50.55	60.9	50.43	61.0	30.41	14.87
18	36.06	93.72	80.52	86.16	92.78	72.25	78.03	44.72	100.32	95.08	74.32	49.03	72.03	64.03	82.07	84.88	93.23	52.35	0.0	60.03	80.22	67.91	82.22	28.64	22.8	87.2	66.12	62.13	97.65	64.03	59.46	70.11	46.69	77.28	82.87	31.3	80.02	62.29	38.47	26.31	78.0	74.24	68.26	63.53	53.37	48.08	85.16	25.3	74.81	84.66	1.92	112.96	51.2	60.54
19	54.33	36.06	57.69	28.07	43.86	71.61	41.23	46.17	41.23	36.5	16.0	20.4	65.3	23.32	30.27	40.2	34.53	17.89	60.03	0.0	36.88	19.8	26.31	31.62	46.69	40.0	36.77	57.69	50.16	30.46	10.77	62.48	46.82	50.12	65.6	50.12	70.71	13.42	38.63	48.17	47.41	32.56	39.4	34.06	42.0	41.23	35.78	35.61	67.62	43.43	58.19	55.44	19.1	30.41
20	87.32	54.59	93.72	26.0	13.42	108.41	8.25	81.41	36.06	31.05	26.83	32.25	102.18	59.46	59.09	71.55	30.59	54.41	80.22	36.88	0.0	17.2	20.1	54.33	75.71	69.86	17.2	94.4	77.79	16.49	27.78	99.36	82.37	20.4	101.98	55.71	107.52	49.52	43.68	78.59	82.8	6.0	16.97	70.71	33.29	77.18	8.94	56.04	104.5	6.57	78.79	68.96	30.41	67.21
21	70.88	44.41	77.2	21.26	26.31	91.21	21.63	64.4	35.38	29.73	14.14	18.97	85.04	42.8	45.12	56.92	28.28	37.2	67.91	19.8	17.2	0.0	15.62	40.2	60.3	55.79	20.0	77.2	64.78	14.14	10.77	82.22	65.3	31.62	85.28	48.41	90.51	32.8	35.61	62.8	66.57	12.81	22.09	53.81	31.3	60.03	18.11	42.76	87.39	23.71	66.29	61.69	16.76	50.21
22	80.62	34.53	77.9	6.32	19.8	95.77	28.0	72.28	19.8	14.14	10.77	34.0	88.84	44.94	40.5	53.25	12.81	43.68	82.22	26.31	20.1	15.62	0.0	53.85	72.11	51.11	32.31	82.29	58.31	27.78	22.8	86.09	72.8	40.05	86.56	64.03	93.23	35.78	51.22	74.0	66.48	20.4	33.53	56.6	46.04	67.05	13.42	56.92	90.87	25.52	80.51	49.25	31.76	53.71
23	36.88	66.48	66.27	57.58	66.0	68.0	53.85	36.72	71.69	66.48	45.69	22.09	64.62	40.5	56.6	62.03	64.62	27.86	28.64	31.62	54.33	40.2	53.85	0.0	22.36	63.56	43.08	54.63	74.32	39.29	31.05	62.03	38.47	56.36	71.39	26.08	72.11	36.06	21.63	26.08	60.13	48.37	45.69	44.18	35.38	36.06	58.03	4.47	67.46	59.61	26.85	85.93	24.02	40.31
24	16.12	76.16	57.72	74.67	86.58	51.42	75.89	22.09	87.86	83.19	62.51	43.68	50.16	44.05	62.8	63.78	81.22	34.0	22.8	46.69	75.71	60.3	72.11	22.36	0.0	66.48	65.39	40.05	76.58	61.35	50.04	48.04	24.08	78.71	60.3	42.19	58.14	44.72	42.52	4.47	55.46	69.86	68.03	41.62	57.2	25.3	78.41	22.8	53.0	81.31	21.16	94.73	45.35	39.05
25	63.81	22.36	32.98	47.2	70.46	58.03	76.55	51.11	50.0	49.52	43.08	60.13	50.04	23.32	10.77	4.0	48.08	35.78	87.2	40.0	69.86	55.79	51.11	63.56	66.48	0.0	75.31	48.66	10.77	69.05	50.16	48.0	50.12	87.36	41.76	87.36	50.99	28.64	77.28	65.12	22.09	67.68	77.67	26.08	82.0	44.94	64.5	68.03	50.88	76.01	85.3	33.0	59.03	27.66
26	78.89	64.28	94.02	38.63	30.53	104.69	12.17	75.29	51.11	45.65	34.06	22.8	99.36	59.93	64.78	76.16	44.72	51.61	66.12	36.77	17.2	20.0	32.31	43.08	65.39	75.31	0.0	90.55	84.59	6.32	26.0	96.54	76.58	14.14	101.55	39.29	105.6	50.16	28.07	68.88	84.1	12.81	2.83	69.97	16.12	72.14	25.46	43.68	101.93	19.4	64.87	80.98	21.93	66.04
27	26.68	68.03	22.63	81.71	101.21	14.14	97.84	18.44	90.71	87.93	71.55	68.12	10.2	37.95	52.04	44.72	86.02	40.0	62.13	57.69	94.4	77.2	82.29	54.63	40.05	48.66	90.55	0.0	55.03	84.85	66.84	8.0	16.49	104.69	21.54	79.7	18.11	46.52	76.03	36.0	27.86	89.64	93.38	26.68	88.2	18.87	93.3	57.58	13.07	100.9	60.7	81.66	68.68	28.79
28	72.8	25.61	36.06	53.67	76.94	62.51	84.9	60.0	53.81	54.41	51.42	70.46	54.59	34.0	20.0	12.81	53.25	46.52	97.65	50.16	77.79	64.78	58.31	74.32	76.58	10.77	84.59	55.03	0.0	78.41	60.0	52.95	58.82	96.1	44.05	98.08	54.0	39.29	87.86	74.97	27.2	76.16	86.83	35.38	92.09	54.04	71.69	78.79	54.9	83.7	95.76	29.12	69.26	37.54
29	74.24	58.55	87.82	34.0	29.73	98.99	14.56	70.0	47.2	41.62	28.28	17.89	93.51	53.67	58.55	69.86	40.5	45.61	64.03	30.46	16.49	14.14	27.78	39.29	61.35	69.05	6.32	84.85	78.41	0.0	19.7	90.69	71.22	20.0	95.41	39.4	99.64	43.86	27.2	64.62	77.82	10.77	8.94	63.81	18.44	66.6	23.32	40.45	96.05	20.66	62.65	75.67	16.64	59.91
30	60.17	43.08	68.26	26.83	36.88	80.92	31.11	53.67	41.18	35.78	15.62	12.81	74.97	34.0	40.0	50.64	34.0	26.91	59.46	10.77	27.78	10.77	22.8	31.05	50.04	50.16	26.0	66.84	60.0	19.7	0.0	72.14	54.59	39.45	76.03	44.05	80.72	24.17	31.62	52.35	58.14	22.8	28.64	44.41	32.25	49.4	28.64	34.18	77.39	34.18	57.74	61.84	10.82	40.61
31	34.53	68.73	17.89	84.97	105.39	10.2	103.25	26.31	92.97	90.62	75.47	74.4	2.83	41.18	52.95	44.0	88.77	45.25	70.11	62.48	99.36	82.22	86.09	62.03	48.04	48.0	96.54	8.0	52.95	90.69	72.14	0.0	24.33	110.63	14.42	87.36	10.2	50.48	83.26	44.0	26.08	94.85	99.36	29.53	95.02	26.0	97.65	65.15	5.48	105.91	68.69	80.79	74.81	32.45
32	14.14	65.51	34.18	73.35	90.62	29.53	84.88	2.0	84.21	80.62	62.1	53.81	26.68	32.25	50.0	46.65	78.64	29.12	46.69	46.82	82.37	65.3	72.8	38.47	24.08	50.12	76.58	16.49	58.82	71.22	54.59	24.33	0.0	90.69	36.22	63.25	34.53	38.21	60.03	20.4	34.06	77.18	79.4	24.17	72.8	6.0	82.46	41.23	29.56	88.7	45.13	81.88	54.67	23.77
33	92.65	74.11	107.7	46.17	30.53	118.83	12.17	89.38	56.32	51.42	44.72	36.88	113.45	73.43	76.66	88.54	50.99	65.6	77.28	50.12	20.4	31.62	40.05	56.36	78.71	87.36	14.14	104.69	96.1	20.0	39.45	110.63	90.69	0.0	115.38	48.0	119.63	63.53	38.83	82.37	97.53	20.1	11.31	83.76	24.08	86.28	29.12	56.46	116.01	17.63	76.21	89.22	36.07	79.88
34	48.08	63.91	8.94	84.4	106.3	20.59	106.83	38.21	90.35	88.84	76.42	80.5	14.14	42.52	49.19	37.95	87.13	50.12	82.87	65.6	101.98	85.28	86.56	71.39	60.3	41.76	101.55	21.54	44.05	95.41	76.03	14.42	36.22	115.38	0.0	97.32	10.2	52.5	91.76	56.57	20.59	98.08	104.31	31.62	102.16	36.06	99.04	74.97	12.86	108.54	81.34	73.01	80.53	35.51
35	58.31	86.09	92.35	69.43	69.08	92.48	51.42	61.35	83.74	78.1	59.46	31.24	89.84	65.12	79.12	86.35	76.58	52.61	31.3	50.12	55.71	48.41	64.03	26.08	42.19	87.36	39.29	79.7	98.08	39.4	44.05	87.36	63.25	48.0	97.32	0.0	97.53	58.82	12.81	46.65	86.02	50.16	40.79	70.03	24.08	61.61	62.61	22.36	92.71	58.7	30.76	105.33	33.3	66.07
36	44.18	72.8	18.11	91.59	112.8	11.31	111.8	36.5	98.49	96.6	82.8	83.76	8.0	48.41	57.58	47.07	94.83	54.04	80.02	70.71	107.52	90.51	93.23	72.11	58.14	50.99	105.6	18.11	54.0	99.64	80.72	10.2	34.53	119.63	10.2	97.53	0.0	58.14	93.23	54.04	29.12	103.25	108.41	36.88	104.71	36.06	105.26	75.29	5.24	114.08	78.64	82.81	84.05	40.31
37	48.37	31.62	44.41	35.44	54.92	60.03	54.41	38.05	46.04	42.43	25.06	32.06	53.25	10.0	20.59	28.07	40.45	10.77	62.29	13.42	49.52	32.8	35.78	36.06	44.72	28.64	50.16	46.52	39.29	43.86	24.17	50.48	38.21	63.53	52.5	58.82	58.14	0.0	48.66	44.94	34.0	45.61	52.8	21.26	54.33	32.25	47.2	40.5	55.4	56.08	60.38	50.69	31.26	18.03
38	58.0	74.24	85.91	56.64	56.92	89.55	40.2	58.31	70.94	65.3	46.86	18.87	85.91	56.04	68.41	76.66	63.78	44.05	38.47	38.63	43.68	35.61	51.22	21.63	42.52	77.28	28.07	76.03	87.86	27.2	31.62	83.26	60.03	38.83	91.76	12.81	93.23	48.66	0.0	46.69	78.41	37.95	30.0	62.51	15.23	57.27	50.16	19.8	88.72	47.23	37.38	93.3	20.81	58.42
39	11.66	76.03	54.41	76.24	89.11	47.07	79.12	18.44	89.11	84.59	64.12	46.82	46.04	43.27	62.13	62.23	82.61	34.18	26.31	48.17	78.59	62.8	74.0	26.08	4.47	65.12	68.88	36.0	74.97	64.62	52.35	44.0	20.4	82.37	56.57	46.65	54.04	44.94	46.69	0.0	52.84	72.8	71.55	39.7	61.22	22.36	80.89	26.91	48.87	84.33	24.78	94.26	48.38	37.48
40	48.17	43.68	11.66	64.03	86.28	36.0	88.2	35.61	69.77	68.26	56.64	64.56	28.0	24.17	28.64	18.11	66.57	34.53	78.0	47.41	82.8	66.57	66.48	60.13	55.46	22.09	84.1	27.86	27.2	77.82	58.14	26.08	34.06	97.53	20.59	86.02	29.12	34.0	78.41	52.84	0.0	79.32	86.76	16.0	86.83	30.53	79.25	64.28	28.79	89.31	76.23	54.72	64.2	20.02
41	81.71	54.04	90.0	26.68	18.97	103.71	8.94	76.16	38.47	33.11	24.74	26.31	97.67	55.61	56.92	69.08	32.31	49.68	74.24	32.56	6.0	12.81	20.4	48.37	69.86	67.68	12.81	89.64	76.16	10.77	22.8	94.85	77.18	20.1	98.08	50.16	103.25	45.61	37.95	72.8	79.32	0.0	13.42	66.6	28.43	72.11	12.81	50.04	100.06	11.62	72.8	69.62	24.52	62.97
42	81.63	66.12	96.75	39.85	30.0	107.52	10.77	78.1	51.88	46.52	36.0	25.61	102.18	62.61	67.08	78.59	45.69	54.41	68.26	39.4	16.97	22.09	33.53	45.69	68.03	77.67	2.83	93.38	86.83	8.94	28.64	99.36	79.4	11.31	104.31	40.79	108.41	52.8	30.0	71.55	86.76	13.42	0.0	72.72	17.09	74.97	25.61	46.17	104.74	18.2	67.06	82.5	24.76	68.8
43	37.74	42.19	24.17	55.46	76.03	39.4	75.29	25.06	64.03	61.35	46.04	49.4	32.25	11.66	26.31	22.8	59.46	18.97	63.53	34.06	70.71	53.81	56.6	44.18	41.62	26.08	69.97	26.68	35.38	63.81	44.41	29.53	24.17	83.76	31.62	70.03	36.88	21.26	62.51	39.7	16.0	66.6	72.72	0.0	71.47	18.87	68.41	48.37	34.27	77.28	61.7	57.79	49.24	4.12
44	72.25	74.73	95.52	52.15	46.65	102.08	27.86	71.22	65.6	60.0	44.94	22.36	97.75	63.15	72.11	82.1	58.82	52.5	53.37	42.0	33.29	31.3	46.04	35.38	57.2	82.0	16.12	88.2	92.09	18.44	32.25	95.02	72.8	24.08	102.16	24.08	104.71	54.33	15.23	61.22	86.83	28.43	17.09	71.47	0.0	69.34	41.23	34.41	100.5	35.28	52.38	92.74	23.09	67.36
45	18.87	59.67	32.56	67.47	85.09	32.8	80.0	6.32	78.23	74.67	56.32	49.52	28.64	26.31	44.27	41.62	72.69	23.41	48.08	41.23	77.18	60.03	67.05	36.06	25.3	44.94	72.14	18.87	54.04	66.6	49.4	26.0	6.0	86.28	36.06	61.61	36.06	32.25	57.27	22.36	30.53	72.11	74.97	18.87	69.34	0.0	76.97	39.29	31.46	83.57	46.4	76.29	50.21	18.03
46	88.77	47.54	90.51	18.44	8.25	107.07	17.09	81.71	27.2	22.36	22.63	36.22	100.44	56.85	53.85	66.57	22.09	53.67	85.16	35.78	8.94	18.11	13.42	58.03	78.41	64.5	25.46	93.3	71.69	23.32	28.64	97.65	82.46	29.12	99.04	62.61	105.26	47.2	50.16	80.89	79.25	12.81	25.61	68.41	41.23	76.97	0.0	60.3	102.6	12.66	83.61	60.8	34.13	65.22
47	38.21	70.77	70.11	60.93	68.12	70.68	54.92	39.4	75.15	69.86	49.19	24.08	67.68	44.94	61.06	66.48	68.03	32.31	25.3	35.61	56.04	42.76	56.92	4.47	22.8	68.03	43.68	57.58	78.79	40.45	34.18	65.15	41.23	56.46	74.97	22.36	75.29	40.5	19.8	26.91	64.28	50.04	46.17	48.37	34.41	39.29	60.3	0.0	70.54	61.01	23.6	90.23	26.17	44.55
48	38.94	72.18	18.92	89.54	110.28	7.87	108.51	31.51	97.1	94.94	80.31	79.85	2.87	45.92	56.62	46.9	93.12	50.55	74.81	67.62	104.5	87.39	90.87	67.46	53.0	50.88	101.93	13.07	54.9	96.05	77.39	5.48	29.56	116.01	12.86	92.71	5.24	55.4	88.72	48.87	28.79	100.06	104.74	34.27	100.5	31.46	102.6	70.54	0.0	111.05	73.44	83.3	80.23	37.4
49	93.32	59.99	100.27	30.99	12.93	114.92	7.45	87.71	39.33	34.8	33.13	37.65	108.72	66.03	65.26	77.81	34.67	60.9	84.66	43.43	6.57	23.71	25.52	59.61	81.31	76.01	19.4	100.9	83.7	20.66	34.18	105.91	88.7	17.63	108.54	58.7	114.08	56.08	47.23	84.33	89.31	11.62	18.2	77.28	35.28	83.57	12.66	61.01	111.05	0.0	83.3	73.44	35.97	73.77
50	34.8	91.82	78.88	84.41	91.27	71.02	76.72	43.16	98.54	93.32	72.54	47.44	70.64	62.13	80.16	82.99	91.46	50.43	1.92	58.19	78.79	66.29	80.51	26.85	21.16	85.3	64.87	60.7	95.76	62.65	57.74	68.69	45.13	76.21	81.34	30.76	78.64	60.38	37.38	24.78	76.23	72.8	67.06	61.7	52.38	46.4	83.61	23.6	73.44	83.3	0.0	111.05	49.6	58.68
51	94.94	19.47	64.73	43.05	63.23	90.69	77.09	82.61	35.57	38.94	47.79	74.45	82.7	51.08	32.25	36.96	38.82	61.0	112.96	55.44	68.96	61.69	49.25	85.93	94.73	33.0	80.98	81.66	29.12	75.67	61.84	80.79	81.88	89.22	73.01	105.33	82.81	50.69	93.3	94.26	54.72	69.62	82.5	57.79	92.74	76.29	60.8	90.23	83.3	73.44	111.05	0.0	72.6	58.29
52	57.7	53.71	73.41	36.62	42.01	82.81	30.87	53.41	51.04	45.49	26.17	2.24	77.62	40.26	49.37	59.03	43.83	30.41	51.2	19.1	30.41	16.76	31.76	24.02	45.35	59.03	21.93	68.68	69.26	16.64	10.82	74.81	54.67	36.07	80.53	33.3	84.05	31.26	20.81	48.38	64.2	24.52	24.76	49.24	23.09	50.21	34.13	26.17	80.23	35.97	49.6	72.6	0.0	45.19
53	36.67	41.77	28.23	52.92	72.95	42.06	71.59	24.35	62.17	59.2	43.05	45.31	35.23	9.22	26.25	24.76	57.28	14.87	60.54	30.41	67.21	50.21	53.71	40.31	39.05	27.66	66.04	28.79	37.54	59.91	40.61	32.45	23.77	79.88	35.51	66.07	40.31	18.03	58.42	37.48	20.02	62.97	68.8	4.12	67.36	18.03	65.22	44.55	37.4	73.77	58.68	58.29	45.19	0.0
;
