vehicles
vehicle_idx, capacity, cost_per_unit_distance
1,100,1
2,100,1
3,100,1
4,100,1
5,100,1
6,100,1
depot
node_idx,x,y
0,31,73
home delivery customers
node_idx,x,y,service_time,demand
1,91,17,10,14
2,13,81,10,14
3,6,13,10,2
4,87,5,10,10
5,75,61,10,20
6,40,72,10,6
7,1,44,10,21
8,3,9,10,11
9,1,100,10,16
10,53,46,10,8
11,6,25,10,11
12,7,81,10,22
13,96,88,10,17
14,32,94,10,17
15,9,11,10,23
16,33,31,10,18
self pickup customers
node_idx,x,y,service_time,demand,locker_idxs
17,11,67,10,19,55
18,52,96,10,2,45-49
19,81,29,10,12,52-50
20,48,50,10,8,55
21,49,68,10,2,55
22,74,98,10,7,49-45
23,36,17,10,15,46
24,32,23,10,21,46
25,60,95,10,10,45-49
26,15,33,10,13,53
27,28,43,10,24,51
28,98,8,10,11,47-50
29,2,35,10,22,53
30,95,94,10,8,49
flexible customers
node_idx,x,y,service_time,demand,locker_idxs
31,97,62,10,20,54
32,71,5,10,6,50-47
33,6,56,10,17,53-55
34,85,29,10,8,52-47-50
35,11,16,10,5,46
36,56,37,10,22,56
37,66,80,10,17,45-49
38,96,55,10,23,52-54
39,64,30,10,24,56-50
40,27,49,10,6,51-55-53
41,46,53,10,21,53-56-55-51-54
42,96,16,10,5,52-47
43,90,68,10,3,54
44,6,59,10,12,55-53-51
lockers
node_idx,x,y,service_time,capacity,cost_per_unit_good
45,65,88,10,76
46,25,15,10,94
47,93,12,10,73
48,22,88,10,87
49,77,88,10,75
50,72,14,10,79
51,33,59,10,82
52,86,33,10,81
53,25,48,10,92
54,72,60,10,90
55,28,57,10,98
56,64,40,10,98
mrt lines
start_node_idx,end_node_idx,freight_capacity,cost_per_unit_good
45,46,94,1.5
46,45,94,1.5
47,48,87,1.5
48,47,87,1.5
distance matrix
,0,1,2,3,4,5,6,7,8,9,10,11,12,13,14,15,16,17,18,19,20,21,22,23,24,25,26,27,28,29,30,31,32,33,34,35,36,37,38,39,40,41,42,43,44,45,46,47,48,49,50,51,52,53,54,55,56,
0,0.0,82.07,19.7,65.0,88.09,45.61,9.06,41.73,69.86,40.36,34.83,54.12,25.3,66.71,21.02,65.79,42.05,20.88,31.14,66.6,28.6,18.68,49.74,56.22,50.01,36.4,43.08,30.15,93.35,47.8,67.36,66.91,78.89,30.23,69.66,60.41,43.83,35.69,67.45,54.2,24.33,25.0,86.45,59.21,28.65,37.16,58.31,86.98,17.49,48.38,71.85,14.14,68.01,25.71,43.01,16.28,46.67
1,82.07,0.0,100.9,85.09,12.65,46.82,75.01,93.96,88.36,122.43,47.8,85.38,105.6,71.18,97.01,82.22,59.67,94.34,88.1,15.62,54.2,66.07,82.76,55.0,59.3,83.93,77.67,68.15,11.4,90.8,77.1,45.4,23.32,93.52,13.42,80.01,40.31,67.78,38.33,29.97,71.55,57.63,5.1,51.01,94.81,75.61,66.03,5.39,99.01,72.37,19.24,71.61,16.76,72.92,47.01,74.63,35.47
2,19.7,100.9,0.0,68.36,106.08,65.15,28.46,38.9,72.69,22.47,53.15,56.44,6.0,83.29,23.02,70.11,53.85,14.14,41.79,85.6,46.75,38.28,63.32,68.01,61.03,49.04,48.04,40.85,112.04,47.3,83.02,86.12,95.6,25.96,88.81,65.03,61.52,53.01,86.98,72.12,34.93,43.28,105.42,78.09,23.09,52.47,67.08,105.65,11.4,64.38,89.27,29.73,87.37,35.11,62.63,28.3,65.44
3,65.0,85.09,68.36,0.0,81.39,84.05,68.1,31.4,5.0,87.14,57.43,12.0,68.01,117.15,85.07,3.61,32.45,54.23,94.89,76.69,55.97,69.81,108.85,30.27,27.86,98.18,21.93,37.2,92.14,22.36,120.34,103.35,65.49,43.0,80.6,5.83,55.46,89.94,99.32,60.44,41.68,56.57,90.05,100.4,46.0,95.43,19.1,87.01,76.69,103.28,66.01,53.34,82.46,39.82,81.02,49.19,63.98
4,88.09,12.65,106.08,81.39,0.0,57.27,81.84,94.43,84.1,128.14,53.26,83.43,110.34,83.49,104.62,78.23,59.93,98.08,97.5,24.74,59.55,73.57,93.9,52.39,57.87,93.96,77.25,70.18,11.4,90.14,89.36,57.87,16.0,95.72,24.08,76.79,44.55,77.88,50.8,33.97,74.4,63.13,14.21,63.07,97.35,85.87,62.8,9.22,105.42,83.6,17.49,76.37,28.02,75.45,57.01,78.64,41.88
5,45.61,46.82,65.15,84.05,57.27,0.0,36.69,75.93,88.81,83.65,26.63,77.83,70.88,34.21,54.2,82.8,51.61,64.28,41.88,32.56,29.15,26.93,37.01,58.8,57.38,37.16,66.21,50.33,57.78,77.49,38.59,22.02,56.14,69.18,33.53,78.24,30.61,21.02,21.84,32.89,49.48,30.08,49.66,16.55,69.03,28.79,67.94,52.2,59.48,27.07,47.1,42.05,30.08,51.66,3.16,47.17,23.71
6,9.06,75.01,28.46,68.1,81.84,36.69,0.0,48.01,73.06,48.01,29.07,58.01,34.21,58.24,23.41,68.43,41.59,29.43,26.83,59.41,23.41,9.85,42.8,55.15,49.65,30.48,46.32,31.38,86.37,53.04,59.24,57.87,73.82,37.58,62.24,63.06,38.48,27.2,58.52,48.37,26.42,19.92,79.2,50.16,36.4,29.68,58.94,80.06,24.08,40.31,66.24,14.76,60.31,28.3,34.18,19.21,40.0
7,41.73,93.96,38.9,31.4,94.43,75.93,48.01,0.0,35.06,56.0,52.04,19.65,37.48,104.69,58.83,33.96,34.54,25.08,72.84,81.39,47.38,53.67,90.8,44.2,37.44,77.99,17.8,27.02,103.46,9.06,106.47,97.67,80.13,13.0,85.33,29.73,55.44,74.3,95.63,64.54,26.48,45.89,99.04,92.18,15.81,77.67,37.64,97.41,48.75,87.82,77.08,35.34,85.71,24.33,72.78,29.97,63.13
8,69.86,88.36,72.69,5.0,84.1,88.81,73.06,35.06,0.0,91.02,62.2,16.28,72.11,122.02,89.81,6.32,37.2,58.55,99.85,80.52,60.88,74.81,113.85,33.96,32.2,103.17,26.83,42.2,95.01,26.02,125.26,107.91,68.12,47.1,84.4,10.63,59.94,94.92,103.75,64.51,46.65,61.52,93.26,105.12,50.09,100.42,22.8,90.05,81.25,108.25,69.18,58.31,86.4,44.78,85.8,54.12,68.43
9,40.36,122.43,22.47,87.14,128.14,83.65,48.01,56.0,91.02,0.0,74.97,75.17,19.92,95.75,31.58,89.36,76.06,34.48,51.16,106.96,68.62,57.69,73.03,90.08,83.01,59.21,68.45,63.07,133.69,65.01,94.19,103.25,118.0,44.28,109.99,84.59,83.63,68.01,105.12,94.18,57.25,65.07,126.81,94.58,41.3,65.12,88.32,127.31,24.19,76.94,111.52,52.01,108.23,57.27,81.49,50.77,87.0
10,34.83,47.8,53.15,57.43,53.26,26.63,29.07,52.04,62.2,74.97,0.0,51.48,57.8,60.11,52.39,56.22,25.0,46.96,50.01,32.76,6.4,22.36,56.08,33.62,31.14,49.5,40.16,25.18,58.9,52.17,63.78,46.82,44.78,48.05,36.24,51.61,9.49,36.4,43.93,19.42,26.17,9.9,52.43,43.05,48.76,43.68,41.77,52.5,52.2,48.37,37.22,23.85,35.47,28.07,23.6,27.31,12.53
11,54.12,85.38,56.44,12.0,83.43,77.83,58.01,19.65,16.28,75.17,51.48,0.0,56.01,109.86,73.74,14.32,27.66,42.3,84.6,75.11,48.88,60.81,99.76,31.05,26.08,88.41,12.04,28.43,93.56,10.77,112.61,98.23,68.01,31.0,79.1,10.3,51.42,81.39,94.87,58.22,31.89,48.83,90.45,94.37,34.0,86.31,21.47,87.97,65.0,94.92,66.91,43.42,80.4,29.83,74.71,38.83,59.91
12,25.3,105.6,6.0,68.01,110.34,70.88,34.21,37.48,72.11,19.92,57.8,56.01,0.0,89.27,28.18,70.03,56.36,14.56,47.43,90.44,51.4,43.97,69.12,70.26,63.16,54.82,48.66,43.42,116.66,46.27,88.96,91.98,99.36,25.02,93.74,65.12,65.86,59.01,92.72,76.49,37.74,48.01,110.21,84.01,22.02,58.42,68.41,110.26,16.55,70.35,93.35,34.06,92.44,37.59,68.31,31.89,70.21
13,66.71,71.18,83.29,117.15,83.49,34.21,58.24,104.69,122.02,95.75,60.11,109.86,89.27,0.0,64.28,116.18,84.96,87.56,44.72,60.88,61.22,51.08,24.17,92.96,91.22,36.67,97.91,81.54,80.02,107.91,6.08,26.02,86.68,95.52,60.02,111.4,64.82,31.05,33.0,66.24,79.26,61.03,72.0,20.88,94.56,31.0,101.83,76.06,74.0,19.0,77.79,69.35,55.9,81.49,36.88,74.73,57.69
14,21.02,97.01,23.02,85.07,104.62,54.2,23.41,58.83,89.81,31.58,52.39,73.74,28.18,64.28,0.0,86.13,63.01,34.21,20.1,81.4,46.82,31.06,42.19,77.1,71.0,28.02,63.32,51.16,108.41,66.19,63.0,72.45,97.17,46.04,83.87,80.78,61.85,36.77,74.95,71.55,45.28,43.32,100.9,63.56,43.6,33.54,79.31,102.2,11.66,45.4,89.44,35.01,81.47,46.53,52.5,37.22,62.77
15,65.79,82.22,70.11,3.61,78.23,82.8,68.43,33.96,6.32,89.36,56.22,14.32,70.03,116.18,86.13,0.0,31.24,56.04,95.26,74.22,55.15,69.63,108.6,27.66,25.94,98.27,22.8,37.22,89.05,25.0,119.52,101.71,62.29,45.1,78.1,5.39,53.71,89.5,97.49,58.19,42.05,55.97,87.14,99.05,48.09,95.21,16.49,84.01,78.09,102.73,63.07,53.67,80.08,40.31,79.81,49.77,62.18
16,42.05,59.67,53.85,32.45,59.93,51.61,41.59,34.54,37.2,76.06,25.0,27.66,56.36,84.96,63.01,31.24,0.0,42.19,67.72,48.04,24.21,40.31,78.55,14.32,8.06,69.46,18.11,13.0,68.95,31.26,88.39,71.11,46.04,36.8,52.04,26.63,23.77,59.08,67.42,31.02,18.97,25.55,64.76,67.96,38.9,65.37,17.89,62.94,58.05,72.01,42.54,28.0,53.04,18.79,48.6,26.48,32.28
17,20.88,94.34,14.14,54.23,98.08,64.28,29.43,25.08,58.55,34.48,46.96,42.3,14.56,87.56,34.21,56.04,42.19,0.0,50.22,79.65,40.72,38.01,70.21,55.9,48.75,56.44,34.23,29.41,105.12,33.24,88.23,86.15,86.28,12.08,83.19,51.0,54.08,56.52,85.84,64.64,24.08,37.7,99.13,79.01,9.43,57.94,53.85,98.74,23.71,69.26,80.81,23.41,82.35,23.6,61.4,19.72,59.48
18,31.14,88.1,41.79,94.89,97.5,41.88,26.83,72.84,99.85,51.16,50.01,84.6,47.43,44.72,20.1,95.26,67.72,50.22,0.0,73.01,46.17,28.16,22.09,80.6,75.69,8.06,73.06,58.18,99.3,78.87,43.05,56.4,92.96,60.96,74.69,89.89,59.14,21.26,60.14,67.08,53.24,43.42,91.3,47.2,59.03,15.26,85.38,93.47,31.05,26.25,84.4,41.59,71.59,55.07,41.18,45.79,57.27
19,66.6,15.62,85.6,76.69,24.74,32.56,59.41,81.39,80.52,106.96,32.76,75.11,90.44,60.88,81.4,74.22,48.04,79.65,73.01,0.0,39.12,50.45,69.35,46.57,49.37,69.26,66.12,54.82,27.02,79.23,66.49,36.67,26.0,79.71,4.0,71.2,26.25,53.16,30.02,17.03,57.58,42.44,19.85,40.02,80.78,61.13,57.72,20.81,83.44,59.14,17.49,56.6,6.4,59.14,32.28,59.94,20.25
20,28.6,54.2,46.75,55.97,59.55,29.15,23.41,47.38,60.88,68.62,6.4,48.88,51.4,61.22,46.82,55.15,24.21,40.72,46.17,39.12,0.0,18.03,54.59,35.11,31.38,46.57,37.12,21.19,65.3,48.38,64.38,50.45,50.54,42.43,42.54,50.25,15.26,34.99,48.26,25.61,21.02,3.61,58.82,45.69,42.95,41.63,41.88,58.9,46.04,47.8,43.27,17.49,41.63,23.09,26.0,21.19,18.87
21,18.68,66.07,38.28,69.81,73.57,26.93,9.85,53.67,74.81,57.69,22.36,60.81,43.97,51.08,31.06,69.63,40.31,38.01,28.16,50.45,18.03,0.0,39.05,52.63,48.1,29.15,48.8,32.65,77.47,57.43,52.84,48.37,66.73,44.64,53.08,64.4,31.78,20.81,48.76,40.85,29.07,15.3,70.09,41.0,43.93,25.61,58.18,71.22,33.6,34.41,58.69,18.36,50.93,31.24,24.35,23.71,31.76
22,49.74,82.76,63.32,108.85,93.9,37.01,42.8,90.8,113.85,73.03,56.08,99.76,69.12,24.17,42.19,108.6,78.55,70.21,22.09,69.35,54.59,39.05,0.0,89.47,85.96,14.32,87.78,71.7,93.15,95.67,21.38,42.72,93.05,79.92,69.87,103.41,63.6,19.7,48.3,68.73,67.9,53.0,84.9,34.0,78.39,13.45,96.38,88.07,52.95,10.44,84.02,56.59,66.1,70.01,38.05,61.62,58.86
23,56.22,55.0,68.01,30.27,52.39,58.8,55.15,44.2,33.96,90.08,33.62,31.05,70.26,92.96,77.1,27.66,14.32,55.9,80.6,46.57,35.11,52.63,89.47,0.0,7.21,81.61,26.4,27.2,62.65,38.47,97.01,75.8,37.0,49.2,50.45,25.02,28.28,69.78,71.02,30.87,33.24,37.36,60.01,74.28,51.61,76.69,11.18,57.22,72.37,81.99,36.12,42.11,52.5,32.89,56.08,40.79,36.24
24,50.01,59.3,61.03,27.86,57.87,57.38,49.65,37.44,32.2,83.01,31.14,26.08,63.16,91.22,71.0,25.94,8.06,48.75,75.69,49.37,31.38,48.1,85.96,7.21,0.0,77.25,19.72,20.4,67.68,32.31,94.92,75.8,42.95,42.01,53.34,22.14,27.78,66.37,71.55,32.76,26.48,33.11,64.38,73.41,44.41,72.9,10.63,61.98,65.76,79.06,41.0,36.01,54.92,25.96,54.49,34.23,36.24
25,36.4,83.93,49.04,98.18,93.96,37.16,30.48,77.99,103.17,59.21,49.5,88.41,54.82,36.67,28.02,98.27,69.46,56.44,8.06,69.26,46.57,29.15,14.32,81.61,77.25,0.0,76.61,61.06,94.94,83.45,35.01,49.58,90.67,66.61,70.58,92.96,58.14,16.16,53.81,65.12,56.61,44.27,86.82,40.36,64.9,8.6,87.32,89.32,38.64,18.38,81.88,45.0,67.23,58.6,37.0,49.68,55.15
26,43.08,77.67,48.04,21.93,77.25,66.21,46.32,17.8,26.83,68.45,40.16,12.04,48.66,97.91,63.32,22.8,18.11,34.23,73.06,66.12,37.12,48.8,87.78,26.4,19.72,76.61,0.0,16.4,86.68,13.15,100.6,86.98,62.61,24.7,70.11,17.46,41.19,69.35,83.93,49.09,20.0,36.89,82.76,82.76,27.51,74.33,20.59,80.78,55.44,82.88,60.08,31.62,71.0,18.03,63.07,27.29,49.5
27,30.15,68.15,40.85,37.2,70.18,50.33,31.38,27.02,42.2,63.07,25.18,28.43,43.42,81.54,51.16,37.22,13.0,29.41,58.18,54.82,21.19,32.65,71.7,27.2,20.4,61.06,16.4,0.0,78.26,27.2,84.2,71.57,57.38,25.55,58.69,31.91,28.64,53.04,69.05,38.28,6.08,20.59,73.16,66.85,27.2,58.26,28.16,72.01,45.4,66.53,52.7,16.76,58.86,5.83,47.17,14.0,36.12
28,93.35,11.4,112.04,92.14,11.4,57.78,86.37,103.46,95.01,133.69,58.9,93.56,116.66,80.02,108.41,89.05,68.95,105.12,99.3,27.02,65.3,77.47,93.15,62.65,67.68,94.94,86.68,78.26,0.0,99.72,86.05,54.01,27.17,103.77,24.7,87.37,51.04,78.79,47.04,40.5,81.99,68.77,8.25,60.53,105.19,86.54,73.33,6.4,110.34,82.71,26.68,82.62,27.73,83.24,58.14,85.45,46.69
29,47.8,90.8,47.3,22.36,90.14,77.49,53.04,9.06,26.02,65.01,52.17,10.77,46.27,107.91,66.19,25.0,31.26,33.24,78.87,79.23,48.38,57.43,95.67,38.47,32.31,83.45,13.15,27.2,99.72,0.0,110.14,98.76,75.24,21.38,83.22,21.02,54.04,78.24,96.1,62.2,28.65,47.54,95.9,93.98,24.33,82.33,30.48,93.86,56.65,91.84,73.08,39.2,84.02,26.42,74.33,34.06,62.2
30,67.36,77.1,83.02,120.34,89.36,38.59,59.24,106.47,125.26,94.19,63.78,112.61,88.96,6.08,63.0,119.52,88.39,88.23,43.05,66.49,64.38,52.84,21.38,97.01,94.92,35.01,100.6,84.2,86.05,110.14,0.0,32.06,92.18,96.77,65.76,114.63,69.07,32.2,39.01,71.11,81.54,63.89,78.01,26.48,95.63,30.59,105.55,82.02,73.25,18.97,83.24,71.2,61.66,83.76,41.05,76.54,62.27
31,66.91,45.4,86.12,103.35,57.87,22.02,57.87,97.67,107.91,103.25,46.82,98.23,91.98,26.02,72.45,101.71,71.11,86.15,56.4,36.67,50.45,48.37,42.72,75.8,75.8,49.58,86.98,71.57,54.01,98.76,32.06,0.0,62.65,91.2,35.11,97.53,48.02,35.85,7.07,45.97,71.2,51.79,46.01,9.22,91.05,41.23,85.98,50.16,79.38,32.8,54.12,64.07,31.02,73.35,25.08,69.18,39.66
32,78.89,23.32,95.6,65.49,16.0,56.14,73.82,80.13,68.12,118.0,44.78,68.01,99.36,86.68,97.17,62.29,46.04,86.28,92.96,26.0,50.54,66.73,93.05,37.0,42.95,90.67,62.61,57.38,27.17,75.24,92.18,62.65,0.0,82.62,27.78,61.0,35.34,75.17,55.9,25.96,62.23,54.12,27.31,65.8,84.5,83.22,47.07,23.09,96.38,83.22,9.06,66.03,31.76,62.97,55.01,67.48,35.69
33,30.23,93.52,25.96,43.0,95.72,69.18,37.58,13.0,47.1,44.28,48.05,31.0,25.02,95.52,46.04,45.1,36.8,12.08,60.96,79.71,42.43,44.64,79.92,49.2,42.01,66.61,24.7,25.55,103.77,21.38,96.77,91.2,82.62,0.0,83.49,40.31,53.49,64.62,90.01,63.56,22.14,40.11,98.49,84.85,3.0,67.12,45.19,97.49,35.78,77.88,78.23,27.17,83.24,20.62,66.12,22.02,60.17
34,69.66,13.42,88.81,80.6,24.08,33.53,62.24,85.33,84.4,109.99,36.24,79.1,93.74,60.02,83.87,78.1,52.04,83.19,74.69,4.0,42.54,53.08,69.87,50.45,53.34,70.58,70.11,58.69,24.7,83.22,65.76,35.11,27.78,83.49,0.0,75.13,30.08,54.42,28.23,21.02,61.35,45.79,17.03,39.32,84.5,62.3,61.61,18.79,86.31,59.54,19.85,60.03,4.12,62.94,33.62,63.51,23.71
35,60.41,80.01,65.03,5.83,76.79,78.24,63.06,29.73,10.63,84.59,51.61,10.3,65.12,111.4,80.78,5.39,26.63,51.0,89.89,71.2,50.25,64.4,103.41,25.02,22.14,92.96,17.46,31.91,87.37,21.02,114.63,97.53,61.0,40.31,75.13,0.0,49.66,84.39,93.52,54.82,36.67,50.93,85.0,94.58,43.29,90.0,14.04,82.1,72.84,97.67,61.03,48.3,76.9,34.93,75.21,44.38,58.18
36,43.83,40.31,61.52,55.46,44.55,30.61,38.48,55.44,59.94,83.63,9.49,51.42,65.86,64.82,61.85,53.71,23.77,54.08,59.14,26.25,15.26,31.78,63.6,28.28,27.78,58.14,41.19,28.64,51.04,54.04,69.07,48.02,35.34,53.49,30.08,49.66,0.0,44.15,43.86,10.63,31.38,18.87,45.18,46.01,54.63,51.79,38.01,44.65,61.29,55.15,28.02,31.83,30.27,32.89,28.02,34.41,8.54
37,35.69,67.78,53.01,89.94,77.88,21.02,27.2,74.3,94.92,68.01,36.4,81.39,59.01,31.05,36.77,89.5,59.08,56.52,21.26,53.16,34.99,20.81,19.7,69.78,66.37,16.16,69.35,53.04,78.79,78.24,32.2,35.85,75.17,64.62,54.42,84.39,44.15,0.0,39.05,50.04,49.82,33.6,70.68,26.83,63.57,8.06,76.85,73.16,44.72,13.6,66.27,39.12,51.08,52.01,20.88,44.42,40.05
38,67.45,38.33,86.98,99.32,50.8,21.84,58.52,95.63,103.75,105.12,43.93,94.87,92.72,33.0,74.95,97.49,67.42,85.84,60.14,30.02,48.26,48.76,48.3,71.02,71.55,53.81,83.93,69.05,47.04,96.1,39.01,7.07,55.9,90.01,28.23,93.52,43.86,39.05,0.0,40.61,69.26,50.04,39.0,14.32,90.09,45.28,81.49,43.1,81.02,38.08,47.51,63.13,24.17,71.34,24.52,68.03,35.34
39,54.2,29.97,72.12,60.44,33.97,32.89,48.37,64.54,64.51,94.18,19.42,58.22,76.49,66.24,71.55,58.19,31.02,64.64,67.08,17.03,25.61,40.85,68.73,30.87,32.76,65.12,49.09,38.28,40.5,62.2,71.11,45.97,25.96,63.56,21.02,54.82,10.63,50.04,40.61,0.0,41.59,29.21,34.93,46.04,64.85,58.01,41.79,34.13,71.61,59.44,17.89,42.45,22.2,42.95,31.05,45.0,10.0
40,24.33,71.55,34.93,41.68,74.4,49.48,26.42,26.48,46.65,57.25,26.17,31.89,37.74,79.26,45.28,42.05,18.97,24.08,53.24,57.58,21.02,29.07,67.9,33.24,26.48,56.61,20.0,6.08,81.99,28.65,81.54,71.2,62.23,22.14,61.35,36.67,31.38,49.82,69.26,41.59,0.0,19.42,76.49,65.8,23.26,54.45,34.06,75.66,39.32,63.41,57.01,11.66,61.13,2.24,46.32,8.06,38.08
41,25.0,57.63,43.28,56.57,63.13,30.08,19.92,45.89,61.52,65.07,9.9,48.83,48.01,61.03,43.32,55.97,25.55,37.7,43.42,42.44,3.61,15.3,53.0,37.36,33.11,44.27,36.89,20.59,68.77,47.54,63.89,51.79,54.12,40.11,45.79,50.93,18.87,33.6,50.04,29.21,19.42,0.0,62.2,46.49,40.45,39.82,43.42,62.37,42.44,46.75,46.87,14.32,44.72,21.59,26.93,18.44,22.2
42,86.45,5.1,105.42,90.05,14.21,49.66,79.2,99.04,93.26,126.81,52.43,90.45,110.21,72.0,100.9,87.14,64.76,99.13,91.3,19.85,58.82,70.09,84.9,60.01,64.38,86.82,82.76,73.16,8.25,95.9,78.01,46.01,27.31,98.49,17.03,85.0,45.18,70.68,39.0,34.93,76.49,62.2,0.0,52.35,99.74,78.39,71.01,5.0,103.25,74.46,24.08,76.28,19.72,77.88,50.12,79.4,40.0
43,59.21,51.01,78.09,100.4,63.07,16.55,50.16,92.18,105.12,94.58,43.05,94.37,84.01,20.88,63.56,99.05,67.96,79.01,47.2,40.02,45.69,41.0,34.0,74.28,73.41,40.36,82.76,66.85,60.53,93.98,26.48,9.22,65.8,84.85,39.32,94.58,46.01,26.83,14.32,46.04,65.8,46.49,52.35,0.0,84.48,32.02,83.87,56.08,70.88,23.85,56.92,57.71,35.23,68.01,19.7,62.97,38.21
44,28.65,94.81,23.09,46.0,97.35,69.03,36.4,15.81,50.09,41.3,48.76,34.0,22.02,94.56,43.6,48.09,38.9,9.43,59.03,80.78,42.95,43.93,78.39,51.61,44.41,64.9,27.51,27.2,105.19,24.33,95.63,91.05,84.5,3.0,84.5,43.29,54.63,63.57,90.09,64.85,23.26,40.45,99.74,84.48,0.0,65.74,47.93,98.88,33.12,76.69,79.88,27.0,84.12,21.95,66.01,22.09,61.03
45,37.16,75.61,52.47,95.43,85.87,28.79,29.68,77.67,100.42,65.12,43.68,86.31,58.42,31.0,33.54,95.21,65.37,57.94,15.26,61.13,41.63,25.61,13.45,76.69,72.9,8.6,74.33,58.26,86.54,82.33,30.59,41.23,83.22,67.12,62.3,90.0,51.79,8.06,45.28,58.01,54.45,39.82,78.39,32.02,65.74,0.0,83.24,80.99,43.0,12.0,74.33,43.19,58.87,56.57,28.86,48.27,48.01
46,58.31,66.03,67.08,19.1,62.8,67.94,58.94,37.64,22.8,88.32,41.77,21.47,68.41,101.83,79.31,16.49,17.89,53.85,85.38,57.72,41.88,58.18,96.38,11.18,10.63,87.32,20.59,28.16,73.33,30.48,105.55,85.98,47.07,45.19,61.61,14.04,38.01,76.85,81.49,41.79,34.06,43.42,71.01,83.87,47.93,83.24,0.0,68.07,73.06,89.63,47.01,44.72,63.6,33.0,65.07,42.11,46.32
47,86.98,5.39,105.65,87.01,9.22,52.2,80.06,97.41,90.05,127.31,52.5,87.97,110.26,76.06,102.2,84.01,62.94,98.74,93.47,20.81,58.9,71.22,88.07,57.22,61.98,89.32,80.78,72.01,6.4,93.86,82.02,50.16,23.09,97.49,18.79,82.1,44.65,73.16,43.1,34.13,75.66,62.37,5.0,56.08,98.88,80.99,68.07,0.0,104.0,77.67,21.1,76.22,22.14,76.94,52.39,79.06,40.31
48,17.49,99.01,11.4,76.69,105.42,59.48,24.08,48.75,81.25,24.19,52.2,65.0,16.55,74.0,11.66,78.09,58.05,23.71,31.05,83.44,46.04,33.6,52.95,72.37,65.76,38.64,55.44,45.4,110.34,56.65,73.25,79.38,96.38,35.78,86.31,72.84,61.29,44.72,81.02,71.61,39.32,42.44,103.25,70.88,33.12,43.0,73.06,104.0,0.0,55.0,89.31,31.02,84.39,40.11,57.31,31.58,63.78
49,48.38,72.37,64.38,103.28,83.6,27.07,40.31,87.82,108.25,76.94,48.37,94.92,70.35,19.0,45.4,102.73,72.01,69.26,26.25,59.14,47.8,34.41,10.44,81.99,79.06,18.38,82.88,66.53,82.71,91.84,18.97,32.8,83.22,77.88,59.54,97.67,55.15,13.6,38.08,59.44,63.41,46.75,74.46,23.85,76.69,12.0,89.63,77.67,55.0,0.0,74.17,52.7,55.73,65.6,28.44,57.98,49.73
50,71.85,19.24,89.27,66.01,17.49,47.1,66.24,77.08,69.18,111.52,37.22,66.91,93.35,77.79,89.44,63.07,42.54,80.81,84.4,17.49,43.27,58.69,84.02,36.12,41.0,81.88,60.08,52.7,26.68,73.08,83.24,54.12,9.06,78.23,19.85,61.03,28.02,66.27,47.51,17.89,57.01,46.87,24.08,56.92,79.88,74.33,47.01,21.1,89.31,74.17,0.0,59.55,23.6,58.01,46.0,61.52,27.2
51,14.14,71.61,29.73,53.34,76.37,42.05,14.76,35.34,58.31,52.01,23.85,43.42,34.06,69.35,35.01,53.67,28.0,23.41,41.59,56.6,17.49,18.36,56.59,42.11,36.01,45.0,31.62,16.76,82.62,39.2,71.2,64.07,66.03,27.17,60.03,48.3,31.83,39.12,63.13,42.45,11.66,14.32,76.28,57.71,27.0,43.19,44.72,76.22,31.02,52.7,59.55,0.0,59.03,13.6,39.01,5.39,36.36
52,68.01,16.76,87.37,82.46,28.02,30.08,60.31,85.71,86.4,108.23,35.47,80.4,92.44,55.9,81.47,80.08,53.04,82.35,71.59,6.4,41.63,50.93,66.1,52.5,54.92,67.23,71.0,58.86,27.73,84.02,61.66,31.02,31.76,83.24,4.12,76.9,30.27,51.08,24.17,22.2,61.13,44.72,19.72,35.23,84.12,58.87,63.6,22.14,84.39,55.73,23.6,59.03,0.0,62.82,30.41,62.77,23.09
53,25.71,72.92,35.11,39.82,75.45,51.66,28.3,24.33,44.78,57.27,28.07,29.83,37.59,81.49,46.53,40.31,18.79,23.6,55.07,59.14,23.09,31.24,70.01,32.89,25.96,58.6,18.03,5.83,83.24,26.42,83.76,73.35,62.97,20.62,62.94,34.93,32.89,52.01,71.34,42.95,2.24,21.59,77.88,68.01,21.95,56.57,33.0,76.94,40.11,65.6,58.01,13.6,62.82,0.0,48.51,9.49,39.81
54,43.01,47.01,62.63,81.02,57.01,3.16,34.18,72.78,85.8,81.49,23.6,74.71,68.31,36.88,52.5,79.81,48.6,61.4,41.18,32.28,26.0,24.35,38.05,56.08,54.49,37.0,63.07,47.17,58.14,74.33,41.05,25.08,55.01,66.12,33.62,75.21,28.02,20.88,24.52,31.05,46.32,26.93,50.12,19.7,66.01,28.86,65.07,52.39,57.31,28.44,46.0,39.01,30.41,48.51,0.0,44.1,21.54
55,16.28,74.63,28.3,49.19,78.64,47.17,19.21,29.97,54.12,50.77,27.31,38.83,31.89,74.73,37.22,49.77,26.48,19.72,45.79,59.94,21.19,23.71,61.62,40.79,34.23,49.68,27.29,14.0,85.45,34.06,76.54,69.18,67.48,22.02,63.51,44.38,34.41,44.42,68.03,45.0,8.06,18.44,79.4,62.97,22.09,48.27,42.11,79.06,31.58,57.98,61.52,5.39,62.77,9.49,44.1,0.0,39.81
56,46.67,35.47,65.44,63.98,41.88,23.71,40.0,63.13,68.43,87.0,12.53,59.91,70.21,57.69,62.77,62.18,32.28,59.48,57.27,20.25,18.87,31.76,58.86,36.24,36.24,55.15,49.5,36.12,46.69,62.2,62.27,39.66,35.69,60.17,23.71,58.18,8.54,40.05,35.34,10.0,38.08,22.2,40.0,38.21,61.03,48.01,46.32,40.31,63.78,49.73,27.2,36.36,23.09,39.81,21.54,39.81,0.0
