vehicles
vehicle_idx, capacity, cost_per_unit_distance
1,100,3
2,100,3
3,100,3
4,100,3
5,100,3
6,100,3
depot
node_idx,x,y
0,31,73
home delivery customers
node_idx,x,y,service_time,demand
1,71,5,10,6
2,11,16,10,5
3,13,81,10,14
4,32,23,10,21
5,6,13,10,2
6,75,61,10,20
7,40,72,10,6
8,1,44,10,21
9,46,53,10,21
10,1,100,10,16
11,6,25,10,11
12,2,35,10,22
13,32,94,10,17
14,9,11,10,23
15,96,16,10,5
16,90,68,10,3
self pickup customers
node_idx,x,y,service_time,demand,locker_idxs
17,81,29,10,12,50-46
18,48,50,10,8,52-49-45
19,49,68,10,2,52-45
20,85,29,10,8,50-46
21,74,98,10,7,47-45
22,96,55,10,23,48-45
23,36,17,10,15,49-46
24,87,5,10,10,47-46-45
25,28,43,10,24,47-51-46
26,3,9,10,11,51-46
27,53,46,10,8,50-46
28,96,88,10,17,48-45
29,95,94,10,8,49-45
30,6,59,10,12,51-47-46
flexible customers
node_idx,x,y,service_time,demand,locker_idxs
31,11,67,10,19,51-46
32,52,96,10,2,48-45
33,97,62,10,20,48-50-45-46
34,6,56,10,17,47-51-46
35,91,17,10,14,49-46
36,56,37,10,22,52-50-46
37,66,80,10,17,48-45
38,64,30,10,24,52-50-46
39,60,95,10,10,47-45
40,27,49,10,6,51-47-49-46
41,15,33,10,13,51-47-46
42,98,8,10,11,47-46
43,7,81,10,22,52-45
44,33,31,10,18,47-51-46
lockers
node_idx,x,y,service_time,capacity,cost_per_unit_good
45,65,88,10,95
46,25,15,10,70
47,19,41,10,86
48,88,63,10,77
49,41,62,10,96
50,78,51,10,88
51,27,55,10,72
52,56,51,10,89
mrt lines
start_node_idx,end_node_idx,freight_capacity,cost_per_unit_good
45,46,95,0.1
46,45,95,0.1
distance matrix
,0,1,2,3,4,5,6,7,8,9,10,11,12,13,14,15,16,17,18,19,20,21,22,23,24,25,26,27,28,29,30,31,32,33,34,35,36,37,38,39,40,41,42,43,44,45,46,47,48,49,50,51,52,
0,0.0,78.89,60.41,19.7,50.01,65.0,45.61,9.06,41.73,25.0,40.36,54.12,47.8,21.02,65.79,86.45,59.21,66.6,28.6,18.68,69.66,49.74,67.45,56.22,88.09,30.15,69.86,34.83,66.71,67.36,28.65,20.88,31.14,66.91,30.23,82.07,43.83,35.69,54.2,36.4,24.33,43.08,93.35,25.3,42.05,37.16,58.31,34.18,57.87,14.87,51.89,18.44,33.3
1,78.89,0.0,61.0,95.6,42.95,65.49,56.14,73.82,80.13,54.12,118.0,68.01,75.24,97.17,62.29,27.31,65.8,26.0,50.54,66.73,27.78,93.05,55.9,37.0,16.0,57.38,68.12,44.78,86.68,92.18,84.5,86.28,92.96,62.65,82.62,23.32,35.34,75.17,25.96,90.67,62.23,62.61,27.17,99.36,46.04,83.22,47.07,63.25,60.44,64.41,46.53,66.6,48.38
2,60.41,61.0,0.0,65.03,22.14,5.83,78.24,63.06,29.73,50.93,84.59,10.3,21.02,80.78,5.39,85.0,94.58,71.2,50.25,64.4,75.13,103.41,93.52,25.02,76.79,31.91,10.63,51.61,111.4,114.63,43.29,51.0,89.89,97.53,40.31,80.01,49.66,84.39,54.82,92.96,36.67,17.46,87.37,65.12,26.63,90.0,14.04,26.25,90.21,54.92,75.59,42.15,57.01
3,19.7,95.6,65.03,0.0,61.03,68.36,65.15,28.46,38.9,43.28,22.47,56.44,47.3,23.02,70.11,105.42,78.09,85.6,46.75,38.28,88.81,63.32,86.98,68.01,106.08,40.85,72.69,53.15,83.29,83.02,23.09,14.14,41.79,86.12,25.96,100.9,61.52,53.01,72.12,49.04,34.93,48.04,112.04,6.0,53.85,52.47,67.08,40.45,77.13,33.84,71.59,29.53,52.43
4,50.01,42.95,22.14,61.03,0.0,27.86,57.38,49.65,37.44,33.11,83.01,26.08,32.31,71.0,25.94,64.38,73.41,49.37,31.38,48.1,53.34,85.96,71.55,7.21,57.87,20.4,32.2,31.14,91.22,94.92,44.41,48.75,75.69,75.8,42.01,59.3,27.78,66.37,32.76,77.25,26.48,19.72,67.68,63.16,8.06,72.9,10.63,22.2,68.82,40.02,53.85,32.39,36.88
5,65.0,65.49,5.83,68.36,27.86,0.0,84.05,68.1,31.4,56.57,87.14,12.0,22.36,85.07,3.61,90.05,100.4,76.69,55.97,69.81,80.6,108.85,99.32,30.27,81.39,37.2,5.0,57.43,117.15,120.34,46.0,54.23,94.89,103.35,43.0,85.09,55.46,89.94,60.44,98.18,41.68,21.93,92.14,68.01,32.45,95.43,19.1,30.87,96.04,60.22,81.41,46.96,62.8
6,45.61,56.14,78.24,65.15,57.38,84.05,0.0,36.69,75.93,30.08,83.65,77.83,77.49,54.2,82.8,49.66,16.55,32.56,29.15,26.93,33.53,37.01,21.84,58.8,57.27,50.33,88.81,26.63,34.21,38.59,69.03,64.28,41.88,22.02,69.18,46.82,30.61,21.02,32.89,37.16,49.48,66.21,57.78,70.88,51.61,28.79,67.94,59.46,13.15,34.01,10.44,48.37,21.47
7,9.06,73.82,63.06,28.46,49.65,68.1,36.69,0.0,48.01,19.92,48.01,58.01,53.04,23.41,68.43,79.2,50.16,59.41,23.41,9.85,62.24,42.8,58.52,55.15,81.84,31.38,73.06,29.07,58.24,59.24,36.4,29.43,26.83,57.87,37.58,75.01,38.48,27.2,48.37,30.48,26.42,46.32,86.37,34.21,41.59,29.68,58.94,37.44,48.84,10.05,43.42,21.4,26.4
8,41.73,80.13,29.73,38.9,37.44,31.4,75.93,48.01,0.0,45.89,56.0,19.65,9.06,58.83,33.96,99.04,92.18,81.39,47.38,53.67,85.33,90.8,95.63,44.2,94.43,27.02,35.06,52.04,104.69,106.47,15.81,25.08,72.84,97.67,13.0,93.96,55.44,74.3,64.54,77.99,26.48,17.8,103.46,37.48,34.54,77.67,37.64,18.25,89.05,43.86,77.32,28.23,55.44
9,25.0,54.12,50.93,43.28,33.11,56.57,30.08,19.92,45.89,0.0,65.07,48.83,47.54,43.32,55.97,62.2,46.49,42.44,3.61,15.3,45.79,53.0,50.04,37.36,63.13,20.59,61.52,9.9,61.03,63.89,40.45,37.7,43.42,51.79,40.11,57.63,18.87,33.6,29.21,44.27,19.42,36.89,68.77,48.01,25.55,39.82,43.42,29.55,43.17,10.3,32.06,19.1,10.2
10,40.36,118.0,84.59,22.47,83.01,87.14,83.65,48.01,56.0,65.07,0.0,75.17,65.01,31.58,89.36,126.81,94.58,106.96,68.62,57.69,109.99,73.03,105.12,90.08,128.14,63.07,91.02,74.97,95.75,94.19,41.3,34.48,51.16,103.25,44.28,122.43,83.63,68.01,94.18,59.21,57.25,68.45,133.69,19.92,76.06,65.12,88.32,61.68,94.54,55.17,91.27,51.97,73.66
11,54.12,68.01,10.3,56.44,26.08,12.0,77.83,58.01,19.65,48.83,75.17,0.0,10.77,73.74,14.32,90.45,94.37,75.11,48.88,60.81,79.1,99.76,94.87,31.05,83.43,28.43,16.28,51.48,109.86,112.61,34.0,42.3,84.6,98.23,31.0,85.38,51.42,81.39,58.22,88.41,31.89,12.04,93.56,56.01,27.66,86.31,21.47,20.62,90.38,50.93,76.55,36.62,56.36
12,47.8,75.24,21.02,47.3,32.31,22.36,77.49,53.04,9.06,47.54,65.01,10.77,0.0,66.19,25.0,95.9,93.98,79.23,48.38,57.43,83.22,95.67,96.1,38.47,90.14,27.2,26.02,52.17,107.91,110.14,24.33,33.24,78.87,98.76,21.38,90.8,54.04,78.24,62.2,83.45,28.65,13.15,99.72,46.27,31.26,82.33,30.48,18.03,90.44,47.43,77.67,32.02,56.32
13,21.02,97.17,80.78,23.02,71.0,85.07,54.2,23.41,58.83,43.32,31.58,73.74,66.19,0.0,86.13,100.9,63.56,81.4,46.82,31.06,83.87,42.19,74.95,77.1,104.62,51.16,89.81,52.39,64.28,63.0,43.6,34.21,20.1,72.45,46.04,97.01,61.85,36.77,71.55,28.02,45.28,63.32,108.41,28.18,63.01,33.54,79.31,54.57,64.01,33.24,62.97,39.32,49.24
14,65.79,62.29,5.39,70.11,25.94,3.61,82.8,68.43,33.96,55.97,89.36,14.32,25.0,86.13,0.0,87.14,99.05,74.22,55.15,69.63,78.1,108.6,97.49,27.66,78.23,37.22,6.32,56.22,116.18,119.52,48.09,56.04,95.26,101.71,45.1,82.22,53.71,89.5,58.19,98.27,42.05,22.8,89.05,70.03,31.24,95.21,16.49,31.62,94.58,60.21,79.76,47.54,61.72
15,86.45,27.31,85.0,105.42,64.38,90.05,49.66,79.2,99.04,62.2,126.81,90.45,95.9,100.9,87.14,0.0,52.35,19.85,58.82,70.09,17.03,84.9,39.0,60.01,14.21,73.16,93.26,52.43,72.0,78.01,99.74,99.13,91.3,46.01,98.49,5.1,45.18,70.68,34.93,86.82,76.49,82.76,8.25,110.21,64.76,78.39,71.01,80.96,47.68,71.7,39.36,79.26,53.15
16,59.21,65.8,94.58,78.09,73.41,100.4,16.55,50.16,92.18,46.49,94.58,94.37,93.98,63.56,99.05,52.35,0.0,40.02,45.69,41.0,39.32,34.0,14.32,74.28,63.07,66.85,105.12,43.05,20.88,26.48,84.48,79.01,47.2,9.22,84.85,51.01,46.01,26.83,46.04,40.36,65.8,82.76,60.53,84.01,67.96,32.02,83.87,75.96,5.39,49.37,20.81,64.33,38.01
17,66.6,26.0,71.2,85.6,49.37,76.69,32.56,59.41,81.39,42.44,106.96,75.11,79.23,81.4,74.22,19.85,40.02,0.0,39.12,50.45,4.0,69.35,30.02,46.57,24.74,54.82,80.52,32.76,60.88,66.49,80.78,79.65,73.01,36.67,79.71,15.62,26.25,53.16,17.03,69.26,57.58,66.12,27.02,90.44,48.04,61.13,57.72,63.15,34.71,51.86,22.2,59.93,33.3
18,28.6,50.54,50.25,46.75,31.38,55.97,29.15,23.41,47.38,3.61,68.62,48.88,48.38,46.82,55.15,58.82,45.69,39.12,0.0,18.03,42.54,54.59,48.26,35.11,59.55,21.19,60.88,6.4,61.22,64.38,42.95,40.72,46.17,50.45,42.43,54.2,15.26,34.99,25.61,46.57,21.02,37.12,65.3,51.4,24.21,41.63,41.88,30.36,42.06,13.89,30.02,21.59,8.06
19,18.68,66.73,64.4,38.28,48.1,69.81,26.93,9.85,53.67,15.3,57.69,60.81,57.43,31.06,69.63,70.09,41.0,50.45,18.03,0.0,53.08,39.05,48.76,52.63,73.57,32.65,74.81,22.36,51.08,52.84,43.93,38.01,28.16,48.37,44.64,66.07,31.78,20.81,40.85,29.15,29.07,48.8,77.47,43.97,40.31,25.61,58.18,40.36,39.32,10.0,33.62,25.55,18.38
20,69.66,27.78,75.13,88.81,53.34,80.6,33.53,62.24,85.33,45.79,109.99,79.1,83.22,83.87,78.1,17.03,39.32,4.0,42.54,53.08,0.0,69.87,28.23,50.45,24.08,58.69,84.4,36.24,60.02,65.76,84.5,83.19,74.69,35.11,83.49,13.42,30.08,54.42,21.02,70.58,61.35,70.11,24.7,93.74,52.04,62.3,61.61,67.08,34.13,55.0,23.09,63.56,36.4
21,49.74,93.05,103.41,63.32,85.96,108.85,37.01,42.8,90.8,53.0,73.03,99.76,95.67,42.19,108.6,84.9,34.0,69.35,54.59,39.05,69.87,0.0,48.3,89.47,93.9,71.7,113.85,56.08,24.17,21.38,78.39,70.21,22.09,42.72,79.92,82.76,63.6,19.7,68.73,14.32,67.9,87.78,93.15,69.12,78.55,13.45,96.38,79.21,37.7,48.84,47.17,63.7,50.33
22,67.45,55.9,93.52,86.98,71.55,99.32,21.84,58.52,95.63,50.04,105.12,94.87,96.1,74.95,97.49,39.0,14.32,30.02,48.26,48.76,28.23,48.3,0.0,71.02,50.8,69.05,103.75,43.93,33.0,39.01,90.09,85.84,60.14,7.07,90.01,38.33,43.86,39.05,40.61,53.81,69.26,83.93,47.04,92.72,67.42,45.28,81.49,78.26,11.31,55.44,18.44,69.0,40.2
23,56.22,37.0,25.02,68.01,7.21,30.27,58.8,55.15,44.2,37.36,90.08,31.05,38.47,77.1,27.66,60.01,74.28,46.57,35.11,52.63,50.45,89.47,71.02,0.0,52.39,27.2,33.96,33.62,92.96,97.01,51.61,55.9,80.6,75.8,49.2,55.0,28.28,69.78,30.87,81.61,33.24,26.4,62.65,70.26,14.32,76.69,11.18,29.41,69.43,45.28,54.04,39.05,39.45
24,88.09,16.0,76.79,106.08,57.87,81.39,57.27,81.84,94.43,63.13,128.14,83.43,90.14,104.62,78.23,14.21,63.07,24.74,59.55,73.57,24.08,93.9,50.8,52.39,0.0,70.18,84.1,53.26,83.49,89.36,97.35,98.08,97.5,57.87,95.72,12.65,44.55,77.88,33.97,93.96,74.4,77.25,11.4,110.34,59.93,85.87,62.8,76.94,58.01,73.25,46.87,78.1,55.47
25,30.15,57.38,31.91,40.85,20.4,37.2,50.33,31.38,27.02,20.59,63.07,28.43,27.2,51.16,37.22,73.16,66.85,54.82,21.19,32.65,58.69,71.7,69.05,27.2,70.18,0.0,42.2,25.18,81.54,84.2,27.2,29.41,58.18,71.57,25.55,68.15,28.64,53.04,38.28,61.06,6.08,16.4,78.26,43.42,13.0,58.26,28.16,9.22,63.25,23.02,50.64,12.04,29.12
26,69.86,68.12,10.63,72.69,32.2,5.0,88.81,73.06,35.06,61.52,91.02,16.28,26.02,89.81,6.32,93.26,105.12,80.52,60.88,74.81,84.4,113.85,103.75,33.96,84.1,42.2,0.0,62.2,122.02,125.26,50.09,58.55,99.85,107.91,47.1,88.36,59.94,94.92,64.51,103.17,46.65,26.83,95.01,72.11,37.2,100.42,22.8,35.78,100.7,65.22,85.96,51.88,67.62
27,34.83,44.78,51.61,53.15,31.14,57.43,26.63,29.07,52.04,9.9,74.97,51.48,52.17,52.39,56.22,52.43,43.05,32.76,6.4,22.36,36.24,56.08,43.93,33.62,53.26,25.18,62.2,0.0,60.11,63.78,48.76,46.96,50.01,46.82,48.05,47.8,9.49,36.4,19.42,49.5,26.17,40.16,58.9,57.8,25.0,43.68,41.77,34.37,38.91,20.0,25.5,27.51,5.83
28,66.71,86.68,111.4,83.29,91.22,117.15,34.21,58.24,104.69,61.03,95.75,109.86,107.91,64.28,116.18,72.0,20.88,60.88,61.22,51.08,60.02,24.17,33.0,92.96,83.49,81.54,122.02,60.11,0.0,6.08,94.56,87.56,44.72,26.02,95.52,71.18,64.82,31.05,66.24,36.67,79.26,97.91,80.02,89.27,84.96,31.0,101.83,90.21,26.25,60.84,41.15,76.49,54.49
29,67.36,92.18,114.63,83.02,94.92,120.34,38.59,59.24,106.47,63.89,94.19,112.61,110.14,63.0,119.52,78.01,26.48,66.49,64.38,52.84,65.76,21.38,39.01,97.01,89.36,84.2,125.26,63.78,6.08,0.0,95.63,88.23,43.05,32.06,96.77,77.1,69.07,32.2,71.11,35.01,81.54,100.6,86.05,88.96,88.39,30.59,105.55,92.66,31.78,62.77,46.24,78.39,58.05
30,28.65,84.5,43.29,23.09,44.41,46.0,69.03,36.4,15.81,40.45,41.3,34.0,24.33,43.6,48.09,99.74,84.48,80.78,42.95,43.93,84.5,78.39,90.09,51.61,97.35,27.2,50.09,48.76,94.56,95.63,0.0,9.43,59.03,91.05,3.0,94.81,54.63,63.57,64.85,64.9,23.26,27.51,105.19,22.02,38.9,65.74,47.93,22.2,82.1,35.13,72.44,21.38,50.64
31,20.88,86.28,51.0,14.14,48.75,54.23,64.28,29.43,25.08,37.7,34.48,42.3,33.24,34.21,56.04,99.13,79.01,79.65,40.72,38.01,83.19,70.21,85.84,55.9,98.08,29.41,58.55,46.96,87.56,88.23,9.43,0.0,50.22,86.15,12.08,94.34,54.08,56.52,64.64,56.44,24.08,34.23,105.12,14.56,42.19,57.94,53.85,27.2,77.1,30.41,68.88,20.0,47.76
32,31.14,92.96,89.89,41.79,75.69,94.89,41.88,26.83,72.84,43.42,51.16,84.6,78.87,20.1,95.26,91.3,47.2,73.01,46.17,28.16,74.69,22.09,60.14,80.6,97.5,58.18,99.85,50.01,44.72,43.05,59.03,50.22,0.0,56.4,60.96,88.1,59.14,21.26,67.08,8.06,53.24,73.06,99.3,47.43,67.72,15.26,85.38,64.14,48.84,35.74,51.97,48.02,45.18
33,66.91,62.65,97.53,86.12,75.8,103.35,22.02,57.87,97.67,51.79,103.25,98.23,98.76,72.45,101.71,46.01,9.22,36.67,50.45,48.37,35.11,42.72,7.07,75.8,57.87,71.57,107.91,46.82,26.02,32.06,91.05,86.15,56.4,0.0,91.2,45.4,48.02,35.85,45.97,49.58,71.2,86.98,54.01,91.98,71.11,41.23,85.98,80.78,9.06,56.0,21.95,70.35,42.45
34,30.23,82.62,40.31,25.96,42.01,43.0,69.18,37.58,13.0,40.11,44.28,31.0,21.38,46.04,45.1,98.49,84.85,79.71,42.43,44.64,83.49,79.92,90.01,49.2,95.72,25.55,47.1,48.05,95.52,96.77,3.0,12.08,60.96,91.2,0.0,93.52,53.49,64.62,63.56,66.61,22.14,24.7,103.77,25.02,36.8,67.12,45.19,19.85,82.3,35.51,72.17,21.02,50.25
35,82.07,23.32,80.01,100.9,59.3,85.09,46.82,75.01,93.96,57.63,122.43,85.38,90.8,97.01,82.22,5.1,51.01,15.62,54.2,66.07,13.42,82.76,38.33,55.0,12.65,68.15,88.36,47.8,71.18,77.1,94.81,94.34,88.1,45.4,93.52,0.0,40.31,67.78,29.97,83.93,71.55,77.67,11.4,105.6,59.67,75.61,66.03,75.89,46.1,67.27,36.4,74.43,48.8
36,43.83,35.34,49.66,61.52,27.78,55.46,30.61,38.48,55.44,18.87,83.63,51.42,54.04,61.85,53.71,45.18,46.01,26.25,15.26,31.78,30.08,63.6,43.86,28.28,44.55,28.64,59.94,9.49,64.82,69.07,54.63,54.08,59.14,48.02,53.49,40.31,0.0,44.15,10.63,58.14,31.38,41.19,51.04,65.86,23.77,51.79,38.01,37.22,41.23,29.15,26.08,34.13,14.0
37,35.69,75.17,84.39,53.01,66.37,89.94,21.02,27.2,74.3,33.6,68.01,81.39,78.24,36.77,89.5,70.68,26.83,53.16,34.99,20.81,54.42,19.7,39.05,69.78,77.88,53.04,94.92,36.4,31.05,32.2,63.57,56.52,21.26,35.85,64.62,67.78,44.15,0.0,50.04,16.16,49.82,69.35,78.79,59.01,59.08,8.06,76.85,61.07,27.8,30.81,31.38,46.32,30.68
38,54.2,25.96,54.82,72.12,32.76,60.44,32.89,48.37,64.54,29.21,94.18,58.22,62.2,71.55,58.19,34.93,46.04,17.03,25.61,40.85,21.02,68.73,40.61,30.87,33.97,38.28,64.51,19.42,66.24,71.11,64.85,64.64,67.08,45.97,63.56,29.97,10.63,50.04,0.0,65.12,41.59,49.09,40.5,76.49,31.02,58.01,41.79,46.32,40.8,39.41,25.24,44.65,22.47
39,36.4,90.67,92.96,49.04,77.25,98.18,37.16,30.48,77.99,44.27,59.21,88.41,83.45,28.02,98.27,86.82,40.36,69.26,46.57,29.15,70.58,14.32,53.81,81.61,93.96,61.06,103.17,49.5,36.67,35.01,64.9,56.44,8.06,49.58,66.61,83.93,58.14,16.16,65.12,0.0,56.61,76.61,94.94,54.82,69.46,8.6,87.32,67.8,42.52,38.08,47.54,51.86,44.18
40,24.33,62.23,36.67,34.93,26.48,41.68,49.48,26.42,26.48,19.42,57.25,31.89,28.65,45.28,42.05,76.49,65.8,57.58,21.02,29.07,61.35,67.9,69.26,33.24,74.4,6.08,46.65,26.17,79.26,81.54,23.26,24.08,53.24,71.2,22.14,71.55,31.38,49.82,41.59,56.61,0.0,20.0,81.99,37.74,18.97,54.45,34.06,11.31,62.59,19.1,51.04,6.0,29.07
41,43.08,62.61,17.46,48.04,19.72,21.93,66.21,46.32,17.8,36.89,68.45,12.04,13.15,63.32,22.8,82.76,82.76,66.12,37.12,48.8,70.11,87.78,83.93,26.4,77.25,16.4,26.83,40.16,97.91,100.6,27.51,34.23,73.06,86.98,24.7,77.67,41.19,69.35,49.09,76.61,20.0,0.0,86.68,48.66,18.11,74.33,20.59,8.94,78.92,38.95,65.52,25.06,44.78
42,93.35,27.17,87.37,112.04,67.68,92.14,57.78,86.37,103.46,68.77,133.69,93.56,99.72,108.41,89.05,8.25,60.53,27.02,65.3,77.47,24.7,93.15,47.04,62.65,11.4,78.26,95.01,58.9,80.02,86.05,105.19,105.12,99.3,54.01,103.77,11.4,51.04,78.79,40.5,94.94,81.99,86.68,0.0,116.66,68.95,86.54,73.33,85.62,55.9,78.52,47.42,85.15,60.11
43,25.3,99.36,65.12,6.0,63.16,68.01,70.88,34.21,37.48,48.01,19.92,56.01,46.27,28.18,70.03,110.21,84.01,90.44,51.4,43.97,93.74,69.12,92.72,70.26,110.34,43.42,72.11,57.8,89.27,88.96,22.02,14.56,47.43,91.98,25.02,105.6,65.86,59.01,76.49,54.82,37.74,48.66,116.66,0.0,56.36,58.42,68.41,41.76,82.98,38.95,77.08,32.8,57.45
44,42.05,46.04,26.63,53.85,8.06,32.45,51.61,41.59,34.54,25.55,76.06,27.66,31.26,63.01,31.24,64.76,67.96,48.04,24.21,40.31,52.04,78.55,67.42,14.32,59.93,13.0,37.2,25.0,84.96,88.39,38.9,42.19,67.72,71.11,36.8,59.67,23.77,59.08,31.02,69.46,18.97,18.11,68.95,56.36,0.0,65.37,17.89,17.2,63.63,32.02,49.24,24.74,30.48
45,37.16,83.22,90.0,52.47,72.9,95.43,28.79,29.68,77.67,39.82,65.12,86.31,82.33,33.54,95.21,78.39,32.02,61.13,41.63,25.61,62.3,13.45,45.28,76.69,85.87,58.26,100.42,43.68,31.0,30.59,65.74,57.94,15.26,41.23,67.12,75.61,51.79,8.06,58.01,8.6,54.45,74.33,86.54,58.42,65.37,0.0,83.24,65.76,33.97,35.38,39.22,50.33,38.08
46,58.31,47.07,14.04,67.08,10.63,19.1,67.94,58.94,37.64,43.42,88.32,21.47,30.48,79.31,16.49,71.01,83.87,57.72,41.88,58.18,61.61,96.38,81.49,11.18,62.8,28.16,22.8,41.77,101.83,105.55,47.93,53.85,85.38,85.98,45.19,66.03,38.01,76.85,41.79,87.32,34.06,20.59,73.33,68.41,17.89,83.24,0.0,26.68,79.2,49.65,64.07,40.05,47.51
47,34.18,63.25,26.25,40.45,22.2,30.87,59.46,37.44,18.25,29.55,61.68,20.62,18.03,54.57,31.62,80.96,75.96,63.15,30.36,40.36,67.08,79.21,78.26,29.41,76.94,9.22,35.78,34.37,90.21,92.66,22.2,27.2,64.14,80.78,19.85,75.89,37.22,61.07,46.32,67.8,11.31,8.94,85.62,41.76,17.2,65.76,26.68,0.0,72.42,30.41,59.84,16.12,38.33
48,57.87,60.44,90.21,77.13,68.82,96.04,13.15,48.84,89.05,43.17,94.54,90.38,90.44,64.01,94.58,47.68,5.39,34.71,42.06,39.32,34.13,37.7,11.31,69.43,58.01,63.25,100.7,38.91,26.25,31.78,82.1,77.1,48.84,9.06,82.3,46.1,41.23,27.8,40.8,42.52,62.59,78.92,55.9,82.98,63.63,33.97,79.2,72.42,0.0,47.01,15.62,61.52,34.18
49,14.87,64.41,54.92,33.84,40.02,60.22,34.01,10.05,43.86,10.3,55.17,50.93,47.43,33.24,60.21,71.7,49.37,51.86,13.89,10.0,55.0,48.84,55.44,45.28,73.25,23.02,65.22,20.0,60.84,62.77,35.13,30.41,35.74,56.0,35.51,67.27,29.15,30.81,39.41,38.08,19.1,38.95,78.52,38.95,32.02,35.38,49.65,30.41,47.01,0.0,38.6,15.65,18.6
50,51.89,46.53,75.59,71.59,53.85,81.41,10.44,43.42,77.32,32.06,91.27,76.55,77.67,62.97,79.76,39.36,20.81,22.2,30.02,33.62,23.09,47.17,18.44,54.04,46.87,50.64,85.96,25.5,41.15,46.24,72.44,68.88,51.97,21.95,72.17,36.4,26.08,31.38,25.24,47.54,51.04,65.52,47.42,77.08,49.24,39.22,64.07,59.84,15.62,38.6,0.0,51.16,22.0
51,18.44,66.6,42.15,29.53,32.39,46.96,48.37,21.4,28.23,19.1,51.97,36.62,32.02,39.32,47.54,79.26,64.33,59.93,21.59,25.55,63.56,63.7,69.0,39.05,78.1,12.04,51.88,27.51,76.49,78.39,21.38,20.0,48.02,70.35,21.02,74.43,34.13,46.32,44.65,51.86,6.0,25.06,85.15,32.8,24.74,50.33,40.05,16.12,61.52,15.65,51.16,0.0,29.27
52,33.3,48.38,57.01,52.43,36.88,62.8,21.47,26.4,55.44,10.2,73.66,56.36,56.32,49.24,61.72,53.15,38.01,33.3,8.06,18.38,36.4,50.33,40.2,39.45,55.47,29.12,67.62,5.83,54.49,58.05,50.64,47.76,45.18,42.45,50.25,48.8,14.0,30.68,22.47,44.18,29.07,44.78,60.11,57.45,30.48,38.08,47.51,38.33,34.18,18.6,22.0,29.27,0.0
