set K:= 1	2	3	4	5	6;
set C_H:= 1	2	3	4	5	6	7	8	9	10	11	12	13	14	15	16;
set C_S:= 17	18	19	20	21	22	23	24	25	26	27	28	29	30;
set C_F:= 31	32	33	34	35	36	37	38	39	40	41	42	43	44;
set M:= 0	1;
set L_B:= 2	3	4	5	51	52	53	54	55	56;
set A1:=
(0,*) 1 2 3 4 5 6 7 8 9 10 11 12 13 14 15 16 31 32 33 34 35 36 37 38 39 40 41 42 43 44 1 2 3 4 5 51 52 53 54 55 56
(1,*) 0 2 3 4 5 6 7 8 9 10 11 12 13 14 15 16 31 32 33 34 35 36 37 38 39 40 41 42 43 44 0 2 3 4 5 51 52 53 54 55 56
(2,*) 0 1 3 4 5 6 7 8 9 10 11 12 13 14 15 16 31 32 33 34 35 36 37 38 39 40 41 42 43 44 0 1 3 4 5 51 52 53 54 55 56
(3,*) 0 1 2 4 5 6 7 8 9 10 11 12 13 14 15 16 31 32 33 34 35 36 37 38 39 40 41 42 43 44 0 1 2 4 5 51 52 53 54 55 56
(4,*) 0 1 2 3 5 6 7 8 9 10 11 12 13 14 15 16 31 32 33 34 35 36 37 38 39 40 41 42 43 44 0 1 2 3 5 51 52 53 54 55 56
(5,*) 0 1 2 3 4 6 7 8 9 10 11 12 13 14 15 16 31 32 33 34 35 36 37 38 39 40 41 42 43 44 0 1 2 3 4 51 52 53 54 55 56
(6,*) 0 1 2 3 4 5 7 8 9 10 11 12 13 14 15 16 31 32 33 34 35 36 37 38 39 40 41 42 43 44 0 1 2 3 4 5 51 52 53 54 55 56
(7,*) 0 1 2 3 4 5 6 8 9 10 11 12 13 14 15 16 31 32 33 34 35 36 37 38 39 40 41 42 43 44 0 1 2 3 4 5 51 52 53 54 55 56
(8,*) 0 1 2 3 4 5 6 7 9 10 11 12 13 14 15 16 31 32 33 34 35 36 37 38 39 40 41 42 43 44 0 1 2 3 4 5 51 52 53 54 55 56
(9,*) 0 1 2 3 4 5 6 7 8 10 11 12 13 14 15 16 31 32 33 34 35 36 37 38 39 40 41 42 43 44 0 1 2 3 4 5 51 52 53 54 55 56
(10,*) 0 1 2 3 4 5 6 7 8 9 11 12 13 14 15 16 31 32 33 34 35 36 37 38 39 40 41 42 43 44 0 1 2 3 4 5 51 52 53 54 55 56
(11,*) 0 1 2 3 4 5 6 7 8 9 10 12 13 14 15 16 31 32 33 34 35 36 37 38 39 40 41 42 43 44 0 1 2 3 4 5 51 52 53 54 55 56
(12,*) 0 1 2 3 4 5 6 7 8 9 10 11 13 14 15 16 31 32 33 34 35 36 37 38 39 40 41 42 43 44 0 1 2 3 4 5 51 52 53 54 55 56
(13,*) 0 1 2 3 4 5 6 7 8 9 10 11 12 14 15 16 31 32 33 34 35 36 37 38 39 40 41 42 43 44 0 1 2 3 4 5 51 52 53 54 55 56
(14,*) 0 1 2 3 4 5 6 7 8 9 10 11 12 13 15 16 31 32 33 34 35 36 37 38 39 40 41 42 43 44 0 1 2 3 4 5 51 52 53 54 55 56
(15,*) 0 1 2 3 4 5 6 7 8 9 10 11 12 13 14 16 31 32 33 34 35 36 37 38 39 40 41 42 43 44 0 1 2 3 4 5 51 52 53 54 55 56
(16,*) 0 1 2 3 4 5 6 7 8 9 10 11 12 13 14 15 31 32 33 34 35 36 37 38 39 40 41 42 43 44 0 1 2 3 4 5 51 52 53 54 55 56
(31,*) 0 1 2 3 4 5 6 7 8 9 10 11 12 13 14 15 16 32 33 34 35 36 37 38 39 40 41 42 43 44 0 1 2 3 4 5 51 52 53 54 55 56
(32,*) 0 1 2 3 4 5 6 7 8 9 10 11 12 13 14 15 16 31 33 34 35 36 37 38 39 40 41 42 43 44 0 1 2 3 4 5 51 52 53 54 55 56
(33,*) 0 1 2 3 4 5 6 7 8 9 10 11 12 13 14 15 16 31 32 34 35 36 37 38 39 40 41 42 43 44 0 1 2 3 4 5 51 52 53 54 55 56
(34,*) 0 1 2 3 4 5 6 7 8 9 10 11 12 13 14 15 16 31 32 33 35 36 37 38 39 40 41 42 43 44 0 1 2 3 4 5 51 52 53 54 55 56
(35,*) 0 1 2 3 4 5 6 7 8 9 10 11 12 13 14 15 16 31 32 33 34 36 37 38 39 40 41 42 43 44 0 1 2 3 4 5 51 52 53 54 55 56
(36,*) 0 1 2 3 4 5 6 7 8 9 10 11 12 13 14 15 16 31 32 33 34 35 37 38 39 40 41 42 43 44 0 1 2 3 4 5 51 52 53 54 55 56
(37,*) 0 1 2 3 4 5 6 7 8 9 10 11 12 13 14 15 16 31 32 33 34 35 36 38 39 40 41 42 43 44 0 1 2 3 4 5 51 52 53 54 55 56
(38,*) 0 1 2 3 4 5 6 7 8 9 10 11 12 13 14 15 16 31 32 33 34 35 36 37 39 40 41 42 43 44 0 1 2 3 4 5 51 52 53 54 55 56
(39,*) 0 1 2 3 4 5 6 7 8 9 10 11 12 13 14 15 16 31 32 33 34 35 36 37 38 40 41 42 43 44 0 1 2 3 4 5 51 52 53 54 55 56
(40,*) 0 1 2 3 4 5 6 7 8 9 10 11 12 13 14 15 16 31 32 33 34 35 36 37 38 39 41 42 43 44 0 1 2 3 4 5 51 52 53 54 55 56
(41,*) 0 1 2 3 4 5 6 7 8 9 10 11 12 13 14 15 16 31 32 33 34 35 36 37 38 39 40 42 43 44 0 1 2 3 4 5 51 52 53 54 55 56
(42,*) 0 1 2 3 4 5 6 7 8 9 10 11 12 13 14 15 16 31 32 33 34 35 36 37 38 39 40 41 43 44 0 1 2 3 4 5 51 52 53 54 55 56
(43,*) 0 1 2 3 4 5 6 7 8 9 10 11 12 13 14 15 16 31 32 33 34 35 36 37 38 39 40 41 42 44 0 1 2 3 4 5 51 52 53 54 55 56
(44,*) 0 1 2 3 4 5 6 7 8 9 10 11 12 13 14 15 16 31 32 33 34 35 36 37 38 39 40 41 42 43 0 1 2 3 4 5 51 52 53 54 55 56
(0,*) 1 2 3 4 5 6 7 8 9 10 11 12 13 14 15 16 31 32 33 34 35 36 37 38 39 40 41 42 43 44 1 2 3 4 5 51 52 53 54 55 56
(1,*) 0 2 3 4 5 6 7 8 9 10 11 12 13 14 15 16 31 32 33 34 35 36 37 38 39 40 41 42 43 44 0 2 3 4 5 51 52 53 54 55 56
(2,*) 0 1 3 4 5 6 7 8 9 10 11 12 13 14 15 16 31 32 33 34 35 36 37 38 39 40 41 42 43 44 0 1 3 4 5 51 52 53 54 55 56
(3,*) 0 1 2 4 5 6 7 8 9 10 11 12 13 14 15 16 31 32 33 34 35 36 37 38 39 40 41 42 43 44 0 1 2 4 5 51 52 53 54 55 56
(4,*) 0 1 2 3 5 6 7 8 9 10 11 12 13 14 15 16 31 32 33 34 35 36 37 38 39 40 41 42 43 44 0 1 2 3 5 51 52 53 54 55 56
(5,*) 0 1 2 3 4 6 7 8 9 10 11 12 13 14 15 16 31 32 33 34 35 36 37 38 39 40 41 42 43 44 0 1 2 3 4 51 52 53 54 55 56
(51,*) 0 1 2 3 4 5 6 7 8 9 10 11 12 13 14 15 16 31 32 33 34 35 36 37 38 39 40 41 42 43 44 0 1 2 3 4 5 52 53 54 55 56
(52,*) 0 1 2 3 4 5 6 7 8 9 10 11 12 13 14 15 16 31 32 33 34 35 36 37 38 39 40 41 42 43 44 0 1 2 3 4 5 51 53 54 55 56
(53,*) 0 1 2 3 4 5 6 7 8 9 10 11 12 13 14 15 16 31 32 33 34 35 36 37 38 39 40 41 42 43 44 0 1 2 3 4 5 51 52 54 55 56
(54,*) 0 1 2 3 4 5 6 7 8 9 10 11 12 13 14 15 16 31 32 33 34 35 36 37 38 39 40 41 42 43 44 0 1 2 3 4 5 51 52 53 55 56
(55,*) 0 1 2 3 4 5 6 7 8 9 10 11 12 13 14 15 16 31 32 33 34 35 36 37 38 39 40 41 42 43 44 0 1 2 3 4 5 51 52 53 54 56
(56,*) 0 1 2 3 4 5 6 7 8 9 10 11 12 13 14 15 16 31 32 33 34 35 36 37 38 39 40 41 42 43 44 0 1 2 3 4 5 51 52 53 54 55
;
set A2:=
(0,*) 1
(1,*) 0
;
param BigM:=99999;
param n:= 6;
param d:=
1	12
2	6
3	17
4	5
5	22
6	15
7	21
8	2
9	20
10	21
11	6
12	13
13	11
14	22
15	3
16	12
17	2
18	20
19	14
20	2
21	8
22	7
23	14
24	21
25	24
26	8
27	11
28	22
29	17
30	23
31	19
32	8
33	17
34	23
35	24
36	10
37	6
38	10
39	11
40	16
41	17
42	8
43	5
44	18
;
param Q:=100;
param w:=
[0,*] 1 0.5
[1,*] 0 0.5
;
param V:=
[0,*] 1 93
[1,*] 0 93
;
param e:
	0	1	2	3	4	5	51	52	53	54	55	56:=
17	0	0	0	0	0	0	0	0	0	0	0	0	
18	0	0	0	0	0	0	0	0	0	0	0	0	
19	0	0	0	0	0	0	0	0	0	0	0	0	
20	0	0	0	0	0	0	0	0	0	0	0	0	
21	0	0	0	0	0	0	0	0	0	0	0	0	
22	0	0	0	0	0	0	0	0	0	0	0	0	
23	0	0	0	0	0	0	0	0	0	0	0	0	
24	0	0	0	0	0	0	0	0	0	0	0	0	
25	0	0	0	0	0	0	0	0	0	0	0	0	
26	0	0	0	0	0	0	0	0	0	0	0	0	
27	0	0	0	0	0	0	0	0	0	0	0	0	
28	0	0	0	0	0	0	0	0	0	0	0	0	
29	0	0	0	0	0	0	0	0	0	0	0	0	
30	0	0	0	0	0	0	0	0	0	0	0	0	
31	0	0	0	0	0	0	0	0	0	0	0	0	
32	0	0	0	0	0	0	0	0	0	0	0	0	
33	0	0	0	0	0	0	0	0	0	0	0	0	
34	0	0	0	0	0	0	0	0	0	0	0	0	
35	0	0	0	0	0	0	0	0	0	0	0	0	
36	0	0	0	0	0	0	0	0	0	0	0	0	
37	0	0	0	0	0	0	0	0	0	0	0	0	
38	0	0	0	0	0	0	0	0	0	0	0	0	
39	0	0	0	0	0	0	0	0	0	0	0	0	
40	0	0	0	0	0	0	0	0	0	0	0	0	
41	0	0	0	0	0	0	0	0	0	0	0	0	
42	0	0	0	0	0	0	0	0	0	0	0	0	
43	0	0	0	0	0	0	0	0	0	0	0	0	
44	0	0	0	0	0	0	0	0	0	0	0	0	
;
param p:=
1	3
2	3
3	3
4	3
5	3
6	3
;
param G:=
0	93
1	75
2	74
3	80
4	100
5	76
51	75
52	87
53	76
54	94
55	82
56	76
;
param s:=
0	0
1	15
2	15
3	15
4	15
5	15
6	15
7	15
8	15
9	15
10	15
11	15
12	15
13	15
14	15
15	15
16	15
31	15
32	15
33	15
34	15
35	15
36	15
37	15
38	15
39	15
40	15
41	15
42	15
43	15
44	15
0	10
1	10
2	10
3	10
4	10
5	10
51	10
52	10
53	10
54	10
55	10
56	10
;
param t:
	0	1	2	3	4	5	6	7	8	9	10	11	12	13	14	15	16	17	18	19	20	21	22	23	24	25	26	27	28	29	30	31	32	33	34	35	36	37	38	39	40	41	42	43	44	45	46	47	48	49	50	51	52	53	54	55	56:=
0	0.0	66.6	78.89	30.23	60.41	43.83	56.22	50.01	65.0	45.61	41.73	24.33	43.08	54.12	47.8	59.21	28.65	31.14	66.91	82.07	18.68	69.66	49.74	19.7	25.0	30.15	34.83	93.35	25.3	21.02	65.79	20.88	28.6	35.69	67.45	54.2	88.09	9.06	36.4	69.86	40.36	66.71	67.36	86.45	42.05	86.98	17.49	37.16	58.31	48.38	71.85	21.19	46.53	18.79	64.33	24.35	76.97
1	66.6	0.0	26.0	79.71	71.2	26.25	46.57	49.37	76.69	32.56	81.39	57.58	66.12	75.11	79.23	40.02	80.78	73.01	36.67	15.62	50.45	4.0	69.35	85.6	42.44	54.82	32.76	27.02	90.44	81.4	74.22	79.65	39.12	53.16	30.02	17.03	24.74	59.41	69.26	80.52	106.96	60.88	66.49	19.85	48.04	20.81	83.44	61.13	57.72	59.14	17.49	61.85	23.77	49.93	58.46	81.39	23.32
2	78.89	26.0	0.0	82.62	61.0	35.34	37.0	42.95	65.49	56.14	80.13	62.23	62.61	68.01	75.24	65.8	84.5	92.96	62.65	23.32	66.73	27.78	93.05	95.6	54.12	57.38	44.78	27.17	99.36	97.17	62.29	86.28	50.54	75.17	55.9	25.96	16.0	73.82	90.67	68.12	118.0	86.68	92.18	27.31	46.04	23.09	96.38	83.22	47.07	83.22	9.06	67.18	46.01	60.21	84.2	87.0	46.86
3	30.23	79.71	82.62	0.0	40.31	53.49	49.2	42.01	43.0	69.18	13.0	22.14	24.7	31.0	21.38	84.85	3.0	60.96	91.2	93.52	44.64	83.49	79.92	25.96	40.11	25.55	48.05	103.77	25.02	46.04	45.1	12.08	42.43	64.62	90.01	63.56	95.72	37.58	66.61	47.1	44.28	95.52	96.77	98.49	36.8	97.49	35.78	67.12	45.19	77.88	78.23	18.25	66.19	33.0	92.97	9.22	96.18
4	60.41	71.2	61.0	40.31	0.0	49.66	25.02	22.14	5.83	78.24	29.73	36.67	17.46	10.3	21.02	94.58	43.29	89.89	97.53	80.01	64.4	75.13	103.41	65.03	50.93	31.91	51.61	87.37	65.12	80.78	5.39	51.0	50.25	84.39	93.52	54.82	76.79	63.06	92.96	10.63	84.59	111.4	114.63	85.0	26.63	82.1	72.84	90.0	14.04	97.67	61.03	39.22	70.33	48.83	108.58	49.09	93.41
5	43.83	26.25	35.34	53.49	49.66	0.0	28.28	27.78	55.46	30.61	55.44	31.38	41.19	51.42	54.04	46.01	54.63	59.14	48.02	40.31	31.78	30.08	63.6	61.52	18.87	28.64	9.49	51.04	65.86	61.85	53.71	54.08	15.26	44.15	43.86	10.63	44.55	38.48	58.14	59.94	83.63	64.82	69.07	45.18	23.77	44.65	61.29	51.79	38.01	55.15	28.02	35.78	21.26	25.5	62.01	55.57	45.18
6	56.22	46.57	37.0	49.2	25.02	28.28	0.0	7.21	30.27	58.8	44.2	33.24	26.4	31.05	38.47	74.28	51.61	80.6	75.8	55.0	52.63	50.45	89.47	68.01	37.36	27.2	33.62	62.65	70.26	77.1	27.66	55.9	35.11	69.78	71.02	30.87	52.39	55.15	81.61	33.96	90.08	92.96	97.01	60.01	14.32	57.22	72.37	76.69	11.18	81.99	36.12	37.95	49.52	39.12	90.14	55.57	69.29
7	50.01	49.37	42.95	42.01	22.14	27.78	7.21	0.0	27.86	57.38	37.44	26.48	19.72	26.08	32.31	73.41	44.41	75.69	75.8	59.3	48.1	53.34	85.96	61.03	33.11	20.4	31.14	67.68	63.16	71.0	25.94	48.75	31.38	66.37	71.55	32.76	57.87	49.65	77.25	32.2	83.01	91.22	94.92	64.38	8.06	61.98	65.76	72.9	10.63	79.06	41.0	31.05	48.83	33.73	88.39	48.37	71.31
8	65.0	76.69	65.49	43.0	5.83	55.46	30.27	27.86	0.0	84.05	31.4	41.68	21.93	12.0	22.36	100.4	46.0	94.89	103.35	85.09	69.81	80.6	108.85	68.36	56.57	37.2	57.43	92.14	68.01	85.07	3.61	54.23	55.97	89.94	99.32	60.44	81.39	68.1	98.18	5.0	87.14	117.15	120.34	90.05	32.45	87.01	76.69	95.43	19.1	103.28	66.01	43.86	76.16	54.2	114.34	52.04	99.04
9	45.61	32.56	56.14	69.18	78.24	30.61	58.8	57.38	84.05	0.0	75.93	49.48	66.21	77.83	77.49	16.55	69.03	41.88	22.02	46.82	26.93	33.53	37.01	65.15	30.08	50.33	26.63	57.78	70.88	54.2	82.8	64.28	29.15	21.02	21.84	32.89	57.27	36.69	37.16	88.81	83.65	34.21	38.59	49.66	51.61	52.2	59.48	28.79	67.94	27.07	47.1	51.62	10.44	36.35	31.4	67.12	32.8
10	41.73	81.39	80.13	13.0	29.73	55.44	44.2	37.44	31.4	75.93	0.0	26.48	17.8	19.65	9.06	92.18	15.81	72.84	97.67	93.96	53.67	85.33	90.8	38.9	45.89	27.02	52.04	103.46	37.48	58.83	33.96	25.08	47.38	74.3	95.63	64.54	94.43	48.01	77.99	35.06	56.0	104.69	106.47	99.04	34.54	97.41	48.75	77.67	37.64	87.82	77.08	24.7	71.34	39.85	102.04	22.14	100.04
11	24.33	57.58	62.23	22.14	36.67	31.38	33.24	26.48	41.68	49.48	26.48	0.0	20.0	31.89	28.65	65.8	23.26	53.24	71.2	71.55	29.07	61.35	67.9	34.93	19.42	6.08	26.17	81.99	37.74	45.28	42.05	24.08	21.02	49.82	69.26	41.59	74.4	26.42	56.61	46.65	57.25	79.26	81.54	76.49	18.97	75.66	39.32	54.45	34.06	63.41	57.01	5.0	45.04	13.89	76.54	24.84	74.43
12	43.08	66.12	62.61	24.7	17.46	41.19	26.4	19.72	21.93	66.21	17.8	20.0	0.0	12.04	13.15	82.76	27.51	73.06	86.98	77.67	48.8	70.11	87.78	48.04	36.89	16.4	40.16	86.68	48.66	63.32	22.8	34.23	37.12	69.35	83.93	49.09	77.25	46.32	76.61	26.83	68.45	97.91	100.6	82.76	18.11	80.78	55.44	74.33	20.59	82.88	60.08	21.93	59.77	33.24	95.13	32.76	86.37
13	54.12	75.11	68.01	31.0	10.3	51.42	31.05	26.08	12.0	77.83	19.65	31.89	12.04	0.0	10.77	94.37	34.0	84.6	98.23	85.38	60.81	79.1	99.76	56.44	48.83	28.43	51.48	93.56	56.01	73.74	14.32	42.3	48.88	81.39	94.87	58.22	83.43	58.01	88.41	16.28	75.17	109.86	112.61	90.45	27.66	87.97	65.0	86.31	21.47	94.92	66.91	33.29	70.94	45.28	107.07	40.05	96.34
14	47.8	79.23	75.24	21.38	21.02	54.04	38.47	32.31	22.36	77.49	9.06	28.65	13.15	10.77	0.0	93.98	24.33	78.87	98.76	90.8	57.43	83.22	95.67	47.3	47.54	27.2	52.17	99.72	46.27	66.19	25.0	33.24	48.38	78.24	96.1	62.2	90.14	53.04	83.45	26.02	65.01	107.91	110.14	95.9	31.26	93.86	56.65	82.33	30.48	91.84	73.08	28.43	71.81	42.54	105.19	30.59	99.18
15	59.21	40.02	65.8	84.85	94.58	46.01	74.28	73.41	100.4	16.55	92.18	65.8	82.76	94.37	93.98	0.0	84.48	47.2	9.22	51.01	41.0	39.32	34.0	78.09	46.49	66.85	43.05	60.53	84.01	63.56	99.05	79.01	45.69	26.83	14.32	46.04	63.07	50.16	40.36	105.12	94.58	20.88	26.48	52.35	67.96	56.08	70.88	32.02	83.87	23.85	56.92	67.68	24.76	52.39	18.44	82.05	29.15
16	28.65	80.78	84.5	3.0	43.29	54.63	51.61	44.41	46.0	69.03	15.81	23.26	27.51	34.0	24.33	84.48	0.0	59.03	91.05	94.81	43.93	84.5	78.39	23.09	40.45	27.2	48.76	105.19	22.02	43.6	48.09	9.43	42.95	63.57	90.09	64.85	97.35	36.4	64.9	50.09	41.3	94.56	95.63	99.74	38.9	98.88	33.12	65.74	47.93	76.69	79.88	18.97	66.48	33.14	92.05	6.32	96.69
17	31.14	73.01	92.96	60.96	89.89	59.14	80.6	75.69	94.89	41.88	72.84	53.24	73.06	84.6	78.87	47.2	59.03	0.0	56.4	88.1	28.16	74.69	22.09	41.79	43.42	58.18	50.01	99.3	47.43	20.1	95.26	50.22	46.17	21.26	60.14	67.08	97.5	26.83	8.06	99.85	51.16	44.72	43.05	91.3	67.72	93.47	31.05	15.26	85.38	26.25	84.4	51.31	49.24	42.06	43.17	53.82	73.66
18	66.91	36.67	62.65	91.2	97.53	48.02	75.8	75.8	103.35	22.02	97.67	71.2	86.98	98.23	98.76	9.22	91.05	56.4	0.0	45.4	48.37	35.11	42.72	86.12	51.79	71.57	46.82	54.01	91.98	72.45	101.71	86.15	50.45	35.85	7.07	45.97	57.87	57.87	49.58	107.91	103.25	26.02	32.06	46.01	71.11	50.16	79.38	41.23	85.98	32.8	54.12	73.55	27.31	58.31	24.19	89.05	21.38
19	82.07	15.62	23.32	93.52	80.01	40.31	55.0	59.3	85.09	46.82	93.96	71.55	77.67	85.38	90.8	51.01	94.81	88.1	45.4	0.0	66.07	13.42	82.76	100.9	57.63	68.15	47.8	11.4	105.6	97.01	82.22	94.34	54.2	67.78	38.33	29.97	12.65	75.01	83.93	88.36	122.43	71.18	77.1	5.1	59.67	5.39	99.01	75.61	66.03	72.37	19.24	76.06	38.95	65.0	69.07	95.88	26.0
20	18.68	50.45	66.73	44.64	64.4	31.78	52.63	48.1	69.81	26.93	53.67	29.07	48.8	60.81	57.43	41.0	43.93	28.16	48.37	66.07	0.0	53.08	39.05	38.28	15.3	32.65	22.36	77.47	43.97	31.06	69.63	38.01	18.03	20.81	48.76	40.85	73.57	9.85	29.15	74.81	57.69	51.08	52.84	70.09	40.31	71.22	33.6	25.61	58.18	34.41	58.69	29.15	28.6	15.62	48.47	41.11	58.59
21	69.66	4.0	27.78	83.49	75.13	30.08	50.45	53.34	80.6	33.53	85.33	61.35	70.11	79.1	83.22	39.32	84.5	74.69	35.11	13.42	53.08	0.0	69.87	88.81	45.79	58.69	36.24	24.7	93.74	83.87	78.1	83.19	42.54	54.42	28.23	21.02	24.08	62.24	70.58	84.4	109.99	60.02	65.76	17.03	52.04	18.79	86.31	62.3	61.61	59.54	19.85	65.55	25.55	53.34	57.71	85.0	20.0
22	49.74	69.35	93.05	79.92	103.41	63.6	89.47	85.96	108.85	37.01	90.8	67.9	87.78	99.76	95.67	34.0	78.39	22.09	42.72	82.76	39.05	69.87	0.0	63.32	53.0	71.7	56.08	93.15	69.12	42.19	108.6	70.21	54.59	19.7	48.3	68.73	93.9	42.8	14.32	113.85	73.03	24.17	21.38	84.9	78.55	88.07	52.95	13.45	96.38	10.44	84.02	67.27	47.04	54.67	23.32	73.79	63.07
23	19.7	85.6	95.6	25.96	65.03	61.52	68.01	61.03	68.36	65.15	38.9	34.93	48.04	56.44	47.3	78.09	23.09	41.79	86.12	100.9	38.28	88.81	63.32	0.0	43.28	40.85	53.15	112.04	6.0	23.02	70.11	14.14	46.75	53.01	86.98	72.12	106.08	28.46	49.04	72.69	22.47	83.29	83.02	105.42	53.85	105.65	11.4	52.47	67.08	64.38	89.27	30.08	66.19	36.07	81.15	16.76	96.66
24	25.0	42.44	54.12	40.11	50.93	18.87	37.36	33.11	56.57	30.08	45.89	19.42	36.89	48.83	47.54	46.49	40.45	43.42	51.79	57.63	15.3	45.79	53.0	43.28	0.0	20.59	9.9	68.77	48.01	43.32	55.97	37.7	3.61	33.6	50.04	29.21	63.13	19.92	44.27	61.52	65.07	61.03	63.89	62.2	25.55	62.37	42.44	39.82	43.42	46.75	46.87	22.0	26.08	7.62	58.25	39.85	56.29
25	30.15	54.82	57.38	25.55	31.91	28.64	27.2	20.4	37.2	50.33	27.02	6.08	16.4	28.43	27.2	66.85	27.2	58.18	71.57	68.15	32.65	58.69	71.7	40.85	20.59	0.0	25.18	78.26	43.42	51.16	37.22	29.41	21.19	53.04	69.05	38.28	70.18	31.38	61.06	42.2	63.07	81.54	84.2	73.16	13.0	72.01	45.4	58.26	28.16	66.53	52.7	10.77	44.72	17.03	78.77	29.73	73.03
26	34.83	32.76	44.78	48.05	51.61	9.49	33.62	31.14	57.43	26.63	52.04	26.17	40.16	51.48	52.17	43.05	48.76	50.01	46.82	47.8	22.36	36.24	56.08	53.15	9.9	25.18	0.0	58.9	57.8	52.39	56.22	46.96	6.4	36.4	43.93	19.42	53.26	29.07	49.5	62.2	74.97	60.11	63.78	52.43	25.0	52.5	52.2	43.68	41.77	48.37	37.22	29.83	19.65	17.2	57.28	48.85	48.26
27	93.35	27.02	27.17	103.77	87.37	51.04	62.65	67.68	92.14	57.78	103.46	81.99	86.68	93.56	99.72	60.53	105.19	99.3	54.01	11.4	77.47	24.7	93.15	112.04	68.77	78.26	58.9	0.0	116.66	108.41	89.05	105.12	65.3	78.79	47.04	40.5	11.4	86.37	94.94	95.01	133.69	80.02	86.05	8.25	68.95	6.4	110.34	86.54	73.33	82.71	26.68	86.61	50.25	76.06	78.1	106.53	33.14
28	25.3	90.44	99.36	25.02	65.12	65.86	70.26	63.16	68.01	70.88	37.48	37.74	48.66	56.01	46.27	84.01	22.02	47.43	91.98	105.6	43.97	93.74	69.12	6.0	48.01	43.42	57.8	116.66	0.0	28.18	70.03	14.56	51.4	59.01	92.72	76.49	110.34	34.21	54.82	72.11	19.92	89.27	88.96	110.21	56.36	110.26	16.55	58.42	68.41	70.35	93.35	32.76	71.59	40.61	87.14	16.03	102.16
29	21.02	81.4	97.17	46.04	80.78	61.85	77.1	71.0	85.07	54.2	58.83	45.28	63.32	73.74	66.19	63.56	43.6	20.1	72.45	97.01	31.06	83.87	42.19	23.02	43.32	51.16	52.39	108.41	28.18	0.0	86.13	34.21	46.82	36.77	74.95	71.55	104.62	23.41	28.02	89.81	31.58	64.28	63.0	100.9	63.01	102.2	11.66	33.54	79.31	45.4	89.44	41.77	58.73	38.64	62.51	37.64	87.01
30	65.79	74.22	62.29	45.1	5.39	53.71	27.66	25.94	3.61	82.8	33.96	42.05	22.8	14.32	25.0	99.05	48.09	95.26	101.71	82.22	69.63	78.1	108.6	70.11	55.97	37.22	56.22	89.05	70.03	86.13	0.0	56.04	55.15	89.5	97.49	58.19	78.23	68.43	98.27	6.32	89.36	116.18	119.52	87.14	31.24	84.01	78.09	95.21	16.49	102.73	63.07	44.6	74.63	54.08	113.36	54.01	96.77
31	20.88	79.65	86.28	12.08	51.0	54.08	55.9	48.75	54.23	64.28	25.08	24.08	34.23	42.3	33.24	79.01	9.43	50.22	86.15	94.34	38.01	83.19	70.21	14.14	37.7	29.41	46.96	105.12	14.56	34.21	56.04	0.0	40.72	56.52	85.84	64.64	98.08	29.43	56.44	58.55	34.48	87.56	88.23	99.13	42.19	98.74	23.71	57.94	53.85	69.26	80.81	19.1	63.06	30.08	85.15	3.61	93.68
32	28.6	39.12	50.54	42.43	50.25	15.26	35.11	31.38	55.97	29.15	47.38	21.02	37.12	48.88	48.38	45.69	42.95	46.17	50.45	54.2	18.03	42.54	54.59	46.75	3.61	21.19	6.4	65.3	51.4	46.82	55.15	40.72	0.0	34.99	48.26	25.61	59.55	23.41	46.57	60.88	68.62	61.22	64.38	58.82	24.21	58.9	46.04	41.63	41.88	47.8	43.27	24.19	24.02	10.82	58.41	42.72	53.76
33	35.69	53.16	75.17	64.62	84.39	44.15	69.78	66.37	89.94	21.02	74.3	49.82	69.35	81.39	78.24	26.83	63.57	21.26	35.85	67.78	20.81	54.42	19.7	53.01	33.6	53.04	36.4	78.79	59.01	36.77	89.5	56.52	34.99	0.0	39.05	50.04	77.88	27.2	16.16	94.92	68.01	31.05	32.2	70.68	59.08	73.16	44.72	8.06	76.85	13.6	66.27	49.93	29.61	36.12	28.64	59.91	52.4
34	67.45	30.02	55.9	90.01	93.52	43.86	71.02	71.55	99.32	21.84	95.63	69.26	83.93	94.87	96.1	14.32	90.09	60.14	7.07	38.33	48.76	28.23	48.3	86.98	50.04	69.05	43.93	47.04	92.72	74.95	97.49	85.84	48.26	39.05	0.0	40.61	50.8	58.52	53.81	103.75	105.12	33.0	39.01	39.0	67.42	43.1	81.02	45.28	81.49	38.08	47.51	72.03	24.33	57.01	31.06	88.57	14.87
35	54.2	17.03	25.96	63.56	54.82	10.63	30.87	32.76	60.44	32.89	64.54	41.59	49.09	58.22	62.2	46.04	64.85	67.08	45.97	29.97	40.85	21.02	68.73	72.12	29.21	38.28	19.42	40.5	76.49	71.55	58.19	64.64	25.61	50.04	40.61	0.0	33.97	48.37	65.12	64.51	94.18	66.24	71.11	34.93	31.02	34.13	71.61	58.01	41.79	59.44	17.89	46.14	22.47	36.07	63.53	66.04	38.6
36	88.09	24.74	16.0	95.72	76.79	44.55	52.39	57.87	81.39	57.27	94.43	74.4	77.25	83.43	90.14	63.07	97.35	97.5	57.87	12.65	73.57	24.08	93.9	106.08	63.13	70.18	53.26	11.4	110.34	104.62	78.23	98.08	59.55	77.88	50.8	33.97	0.0	81.84	93.96	84.1	128.14	83.49	89.36	14.21	59.93	9.22	105.42	85.87	62.8	83.6	17.49	79.2	48.38	70.04	81.3	99.2	38.63
37	9.06	59.41	73.82	37.58	63.06	38.48	55.15	49.65	68.1	36.69	48.01	26.42	46.32	58.01	53.04	50.16	36.4	26.83	57.87	75.01	9.85	62.24	42.8	28.46	19.92	31.38	29.07	86.37	34.21	23.41	68.43	29.43	23.41	27.2	58.52	48.37	81.84	0.0	30.48	73.06	48.01	58.24	59.24	79.2	41.59	80.06	24.08	29.68	58.94	40.31	66.24	24.84	38.28	16.03	55.79	32.76	68.43
38	36.4	69.26	90.67	66.61	92.96	58.14	81.61	77.25	98.18	37.16	77.99	56.61	76.61	88.41	83.45	40.36	64.9	8.06	49.58	83.93	29.15	70.58	14.32	49.04	44.27	61.06	49.5	94.94	54.82	28.02	98.27	56.44	46.57	16.16	53.81	65.12	93.96	30.48	0.0	103.17	59.21	36.67	35.01	86.82	69.46	89.32	38.64	8.6	87.32	18.38	81.88	55.32	45.61	44.29	35.17	60.03	67.8
39	69.86	80.52	68.12	47.1	10.63	59.94	33.96	32.2	5.0	88.81	35.06	46.65	26.83	16.28	26.02	105.12	50.09	99.85	107.91	88.36	74.81	84.4	113.85	72.69	61.52	42.2	62.2	95.01	72.11	89.81	6.32	58.55	60.88	94.92	103.75	64.51	84.1	73.06	103.17	0.0	91.02	122.02	125.26	93.26	37.2	90.05	81.25	100.42	22.8	108.25	69.18	48.75	80.78	59.2	119.21	56.22	103.09
40	40.36	106.96	118.0	44.28	84.59	83.63	90.08	83.01	87.14	83.65	56.0	57.25	68.45	75.17	65.01	94.58	41.3	51.16	103.25	122.43	57.69	109.99	73.03	22.47	65.07	63.07	74.97	133.69	19.92	31.58	89.36	34.48	68.62	68.01	105.12	94.18	128.14	48.01	59.21	91.02	0.0	95.75	94.19	126.81	76.06	127.31	24.19	65.12	88.32	76.94	111.52	52.33	86.27	58.14	94.05	35.69	116.11
41	66.71	60.88	86.68	95.52	111.4	64.82	92.96	91.22	117.15	34.21	104.69	79.26	97.91	109.86	107.91	20.88	94.56	44.72	26.02	71.18	51.08	60.02	24.17	83.29	61.03	81.54	60.11	80.02	89.27	64.28	116.18	87.56	61.22	31.05	33.0	66.24	83.49	58.24	36.67	122.02	95.75	0.0	6.08	72.0	84.96	76.06	74.0	31.0	101.83	19.0	77.79	80.06	44.1	65.37	2.83	90.96	47.27
42	67.36	66.49	92.18	96.77	114.63	69.07	97.01	94.92	120.34	38.59	106.47	81.54	100.6	112.61	110.14	26.48	95.63	43.05	32.06	77.1	52.84	65.76	21.38	83.02	63.89	84.2	63.78	86.05	88.96	63.0	119.52	88.23	64.38	32.2	39.01	71.11	89.36	59.24	35.01	125.26	94.19	6.08	0.0	78.01	88.39	82.02	73.25	30.59	105.55	18.97	83.24	81.99	48.76	67.68	8.06	91.71	53.34
43	86.45	19.85	27.31	98.49	85.0	45.18	60.01	64.38	90.05	49.66	99.04	76.49	82.76	90.45	95.9	52.35	99.74	91.3	46.01	5.1	70.09	17.03	84.9	105.42	62.2	73.16	52.43	8.25	110.21	100.9	87.14	99.13	58.82	70.68	39.0	34.93	14.21	79.2	86.82	93.26	126.81	72.0	78.01	0.0	64.76	5.0	103.25	78.39	71.01	74.46	24.08	80.95	42.44	69.63	70.03	100.72	25.5
44	42.05	48.04	46.04	36.8	26.63	23.77	14.32	8.06	32.45	51.61	34.54	18.97	18.11	27.66	31.26	67.96	38.9	67.72	71.11	59.67	40.31	52.04	78.55	53.85	25.55	13.0	25.0	68.95	56.36	63.01	31.24	42.19	24.21	59.08	67.42	31.02	59.93	41.59	69.46	37.2	76.06	84.96	88.39	64.76	0.0	62.94	58.05	65.37	17.89	72.01	42.54	23.77	43.83	25.71	82.13	42.2	68.73
45	86.98	20.81	23.09	97.49	82.1	44.65	57.22	61.98	87.01	52.2	97.41	75.66	80.78	87.97	93.86	56.08	98.88	93.47	50.16	5.39	71.22	18.79	88.07	105.65	62.37	72.01	52.5	6.4	110.26	102.2	84.01	98.74	58.9	73.16	43.1	34.13	9.22	80.06	89.32	90.05	127.31	76.06	82.02	5.0	62.94	0.0	104.0	80.99	68.07	77.67	21.1	80.26	44.29	69.66	74.01	100.17	30.08
46	17.49	83.44	96.38	35.78	72.84	61.29	72.37	65.76	76.69	59.48	48.75	39.32	55.44	65.0	56.65	70.88	33.12	31.05	79.38	99.01	33.6	86.31	52.95	11.4	42.44	45.4	52.2	110.34	16.55	11.66	78.09	23.71	46.04	44.72	81.02	71.61	105.42	24.08	38.64	81.25	24.19	74.0	73.25	103.25	58.05	104.0	0.0	43.0	73.06	55.0	89.31	35.06	62.2	36.24	72.03	26.93	91.92
47	37.16	61.13	83.22	67.12	90.0	51.79	76.69	72.9	95.43	28.79	77.67	54.45	74.33	86.31	82.33	32.02	65.74	15.26	41.23	75.61	25.61	62.3	13.45	52.47	39.82	58.26	43.68	86.54	58.42	33.54	95.21	57.94	41.63	8.06	45.28	58.01	85.87	29.68	8.6	100.42	65.12	31.0	30.59	78.39	65.37	80.99	43.0	0.0	83.24	12.0	74.33	53.91	37.66	41.23	29.07	61.47	59.2
48	58.31	57.72	47.07	45.19	14.04	38.01	11.18	10.63	19.1	67.94	37.64	34.06	20.59	21.47	30.48	83.87	47.93	85.38	85.98	66.03	58.18	61.61	96.38	67.08	43.42	28.16	41.77	73.33	68.41	79.31	16.49	53.85	41.88	76.85	81.49	41.79	62.8	58.94	87.32	22.8	88.32	101.83	105.55	71.01	17.89	68.07	73.06	83.24	0.0	89.63	47.01	38.01	59.2	43.32	99.01	52.81	80.32
49	48.38	59.14	83.22	77.88	97.67	55.15	81.99	79.06	103.28	27.07	87.82	63.41	82.88	94.92	91.84	23.85	76.69	26.25	32.8	72.37	34.41	59.54	10.44	64.38	46.75	66.53	48.37	82.71	70.35	45.4	102.73	69.26	47.8	13.6	38.08	59.44	83.6	40.31	18.38	108.25	76.94	19.0	18.97	74.46	72.01	77.67	55.0	12.0	89.63	0.0	74.17	63.51	37.34	49.68	17.12	72.73	52.77
50	71.85	17.49	9.06	78.23	61.03	28.02	36.12	41.0	66.01	47.1	77.08	57.01	60.08	66.91	73.08	56.92	79.88	84.4	54.12	19.24	58.69	19.85	84.02	89.27	46.87	52.7	37.22	26.68	93.35	89.44	63.07	80.81	43.27	66.27	47.51	17.89	17.49	66.24	81.88	69.18	111.52	77.79	83.24	24.08	42.54	21.1	89.31	74.33	47.01	74.17	0.0	61.85	37.0	53.41	75.29	81.84	39.62
51	21.19	61.85	67.18	18.25	39.22	35.78	37.95	31.05	43.86	51.62	24.7	5.0	21.93	33.29	28.43	67.68	18.97	51.31	73.55	76.06	29.15	65.55	67.27	30.08	22.0	10.77	29.83	86.61	32.76	41.77	44.6	19.1	24.19	49.93	72.03	46.14	79.2	24.84	55.32	48.75	52.33	80.06	81.99	80.95	23.77	80.26	35.06	53.91	38.01	63.51	61.85	0.0	48.04	15.3	77.39	20.0	77.93
52	46.53	23.77	46.01	66.19	70.33	21.26	49.52	48.83	76.16	10.44	71.34	45.04	59.77	70.94	71.81	24.76	66.48	49.24	27.31	38.95	28.6	25.55	47.04	66.19	26.08	44.72	19.65	50.25	71.59	58.73	74.63	63.06	24.02	29.61	24.33	22.47	48.38	38.28	45.61	80.78	86.27	44.1	48.76	42.44	43.83	44.29	62.2	37.66	59.2	37.34	37.0	48.04	0.0	33.38	41.34	65.51	30.68
53	18.79	49.93	60.21	33.0	48.83	25.5	39.12	33.73	54.2	36.35	39.85	13.89	33.24	45.28	42.54	52.39	33.14	42.06	58.31	65.0	15.62	53.34	54.67	36.07	7.62	17.03	17.2	76.06	40.61	38.64	54.08	30.08	10.82	36.12	57.01	36.07	70.04	16.03	44.29	59.2	58.14	65.37	67.68	69.63	25.71	69.66	36.24	41.23	43.32	49.68	53.41	15.3	33.38	0.0	62.65	32.28	63.79
54	64.33	58.46	84.2	92.97	108.58	62.01	90.14	88.39	114.34	31.4	102.04	76.54	95.13	107.07	105.19	18.44	92.05	43.17	24.19	69.07	48.47	57.71	23.32	81.15	58.25	78.77	57.28	78.1	87.14	62.51	113.36	85.15	58.41	28.64	31.06	63.53	81.3	55.79	35.17	119.21	94.05	2.83	8.06	70.03	82.13	74.01	72.03	29.07	99.01	17.12	75.29	77.39	41.34	62.65	0.0	88.53	45.54
55	24.35	81.39	87.0	9.22	49.09	55.57	55.57	48.37	52.04	67.12	22.14	24.84	32.76	40.05	30.59	82.05	6.32	53.82	89.05	95.88	41.11	85.0	73.79	16.76	39.85	29.73	48.85	106.53	16.03	37.64	54.01	3.61	42.72	59.91	88.57	66.04	99.2	32.76	60.03	56.22	35.69	90.96	91.71	100.72	42.2	100.17	26.93	61.47	52.81	72.73	81.84	20.0	65.51	32.28	88.53	0.0	96.05
56	76.97	23.32	46.86	96.18	93.41	45.18	69.29	71.31	99.04	32.8	100.04	74.43	86.37	96.34	99.18	29.15	96.69	73.66	21.38	26.0	58.59	20.0	63.07	96.66	56.29	73.03	48.26	33.14	102.16	87.01	96.77	93.68	53.76	52.4	14.87	38.6	38.63	68.43	67.8	103.09	116.11	47.27	53.34	25.5	68.73	30.08	91.92	59.2	80.32	52.77	39.62	77.93	30.68	63.79	45.54	96.05	0.0
;
