set K:= 1	2	3	4	5	6	7;
set C_H:= 1	2	3	4	5	6	7	8	9	10	11	12	13	14	15	16	17	18;
set C_S:= 19	20	21	22	23	24	25	26	27	28	29	30	31;
set C_F:= 32	33	34	35	36	37	38	39	40	41	42	43	44;
set M:= 45	46	47	48;
set L_B:= 49	50;
set A1:=
(0,*) 1 2 3 4 5 6 7 8 9 10 11 12 13 14 15 16 17 18 32 33 34 35 36 37 38 39 40 41 42 43 44 45 46 47 48 49 50
(1,*) 0 2 3 4 5 6 7 8 9 10 11 12 13 14 15 16 17 18 32 33 34 35 36 37 38 39 40 41 42 43 44 45 46 47 48 49 50
(2,*) 0 1 3 4 5 6 7 8 9 10 11 12 13 14 15 16 17 18 32 33 34 35 36 37 38 39 40 41 42 43 44 45 46 47 48 49 50
(3,*) 0 1 2 4 5 6 7 8 9 10 11 12 13 14 15 16 17 18 32 33 34 35 36 37 38 39 40 41 42 43 44 45 46 47 48 49 50
(4,*) 0 1 2 3 5 6 7 8 9 10 11 12 13 14 15 16 17 18 32 33 34 35 36 37 38 39 40 41 42 43 44 45 46 47 48 49 50
(5,*) 0 1 2 3 4 6 7 8 9 10 11 12 13 14 15 16 17 18 32 33 34 35 36 37 38 39 40 41 42 43 44 45 46 47 48 49 50
(6,*) 0 1 2 3 4 5 7 8 9 10 11 12 13 14 15 16 17 18 32 33 34 35 36 37 38 39 40 41 42 43 44 45 46 47 48 49 50
(7,*) 0 1 2 3 4 5 6 8 9 10 11 12 13 14 15 16 17 18 32 33 34 35 36 37 38 39 40 41 42 43 44 45 46 47 48 49 50
(8,*) 0 1 2 3 4 5 6 7 9 10 11 12 13 14 15 16 17 18 32 33 34 35 36 37 38 39 40 41 42 43 44 45 46 47 48 49 50
(9,*) 0 1 2 3 4 5 6 7 8 10 11 12 13 14 15 16 17 18 32 33 34 35 36 37 38 39 40 41 42 43 44 45 46 47 48 49 50
(10,*) 0 1 2 3 4 5 6 7 8 9 11 12 13 14 15 16 17 18 32 33 34 35 36 37 38 39 40 41 42 43 44 45 46 47 48 49 50
(11,*) 0 1 2 3 4 5 6 7 8 9 10 12 13 14 15 16 17 18 32 33 34 35 36 37 38 39 40 41 42 43 44 45 46 47 48 49 50
(12,*) 0 1 2 3 4 5 6 7 8 9 10 11 13 14 15 16 17 18 32 33 34 35 36 37 38 39 40 41 42 43 44 45 46 47 48 49 50
(13,*) 0 1 2 3 4 5 6 7 8 9 10 11 12 14 15 16 17 18 32 33 34 35 36 37 38 39 40 41 42 43 44 45 46 47 48 49 50
(14,*) 0 1 2 3 4 5 6 7 8 9 10 11 12 13 15 16 17 18 32 33 34 35 36 37 38 39 40 41 42 43 44 45 46 47 48 49 50
(15,*) 0 1 2 3 4 5 6 7 8 9 10 11 12 13 14 16 17 18 32 33 34 35 36 37 38 39 40 41 42 43 44 45 46 47 48 49 50
(16,*) 0 1 2 3 4 5 6 7 8 9 10 11 12 13 14 15 17 18 32 33 34 35 36 37 38 39 40 41 42 43 44 45 46 47 48 49 50
(17,*) 0 1 2 3 4 5 6 7 8 9 10 11 12 13 14 15 16 18 32 33 34 35 36 37 38 39 40 41 42 43 44 45 46 47 48 49 50
(18,*) 0 1 2 3 4 5 6 7 8 9 10 11 12 13 14 15 16 17 32 33 34 35 36 37 38 39 40 41 42 43 44 45 46 47 48 49 50
(32,*) 0 1 2 3 4 5 6 7 8 9 10 11 12 13 14 15 16 17 18 33 34 35 36 37 38 39 40 41 42 43 44 45 46 47 48 49 50
(33,*) 0 1 2 3 4 5 6 7 8 9 10 11 12 13 14 15 16 17 18 32 34 35 36 37 38 39 40 41 42 43 44 45 46 47 48 49 50
(34,*) 0 1 2 3 4 5 6 7 8 9 10 11 12 13 14 15 16 17 18 32 33 35 36 37 38 39 40 41 42 43 44 45 46 47 48 49 50
(35,*) 0 1 2 3 4 5 6 7 8 9 10 11 12 13 14 15 16 17 18 32 33 34 36 37 38 39 40 41 42 43 44 45 46 47 48 49 50
(36,*) 0 1 2 3 4 5 6 7 8 9 10 11 12 13 14 15 16 17 18 32 33 34 35 37 38 39 40 41 42 43 44 45 46 47 48 49 50
(37,*) 0 1 2 3 4 5 6 7 8 9 10 11 12 13 14 15 16 17 18 32 33 34 35 36 38 39 40 41 42 43 44 45 46 47 48 49 50
(38,*) 0 1 2 3 4 5 6 7 8 9 10 11 12 13 14 15 16 17 18 32 33 34 35 36 37 39 40 41 42 43 44 45 46 47 48 49 50
(39,*) 0 1 2 3 4 5 6 7 8 9 10 11 12 13 14 15 16 17 18 32 33 34 35 36 37 38 40 41 42 43 44 45 46 47 48 49 50
(40,*) 0 1 2 3 4 5 6 7 8 9 10 11 12 13 14 15 16 17 18 32 33 34 35 36 37 38 39 41 42 43 44 45 46 47 48 49 50
(41,*) 0 1 2 3 4 5 6 7 8 9 10 11 12 13 14 15 16 17 18 32 33 34 35 36 37 38 39 40 42 43 44 45 46 47 48 49 50
(42,*) 0 1 2 3 4 5 6 7 8 9 10 11 12 13 14 15 16 17 18 32 33 34 35 36 37 38 39 40 41 43 44 45 46 47 48 49 50
(43,*) 0 1 2 3 4 5 6 7 8 9 10 11 12 13 14 15 16 17 18 32 33 34 35 36 37 38 39 40 41 42 44 45 46 47 48 49 50
(44,*) 0 1 2 3 4 5 6 7 8 9 10 11 12 13 14 15 16 17 18 32 33 34 35 36 37 38 39 40 41 42 43 45 46 47 48 49 50
(45,*) 0 1 2 3 4 5 6 7 8 9 10 11 12 13 14 15 16 17 18 32 33 34 35 36 37 38 39 40 41 42 43 44 47 48 49 50
(46,*) 0 1 2 3 4 5 6 7 8 9 10 11 12 13 14 15 16 17 18 32 33 34 35 36 37 38 39 40 41 42 43 44 47 48 49 50
(47,*) 0 1 2 3 4 5 6 7 8 9 10 11 12 13 14 15 16 17 18 32 33 34 35 36 37 38 39 40 41 42 43 44 45 46 49 50
(48,*) 0 1 2 3 4 5 6 7 8 9 10 11 12 13 14 15 16 17 18 32 33 34 35 36 37 38 39 40 41 42 43 44 45 46 49 50
(49,*) 0 1 2 3 4 5 6 7 8 9 10 11 12 13 14 15 16 17 18 32 33 34 35 36 37 38 39 40 41 42 43 44 45 46 47 48 50
(50,*) 0 1 2 3 4 5 6 7 8 9 10 11 12 13 14 15 16 17 18 32 33 34 35 36 37 38 39 40 41 42 43 44 45 46 47 48 49
;
set A2:=
(45,*) 46
(46,*) 45
(47,*) 48
(48,*) 47
;
param BigM:=99999;
param n:= 7;
param d:=
1	5
2	13
3	20
4	7
5	20
6	19
7	3
8	17
9	22
10	8
11	20
12	12
13	14
14	25
15	20
16	2
17	9
18	11
19	14
20	16
21	12
22	6
23	1
24	14
25	18
26	24
27	13
28	16
29	19
30	15
31	21
32	1
33	23
34	8
35	21
36	8
37	26
38	22
39	20
40	12
41	17
42	10
43	6
44	24
;
param Q:=100;
param w:=
[45,*] 46 5
[46,*] 45 5
[47,*] 48 5
[48,*] 47 5
;
param V:=
[45,*] 46 380
[46,*] 45 380
[47,*] 48 380
[48,*] 47 380
;
param f:=
45	100
46	100
47	100
48	100
49	100
50	100
;
param e:
	45	46	47	48	49	50:=
19	0	0	1	0	0	0	
20	1	0	0	0	1	0	
21	0	0	1	0	1	0	
22	0	0	0	1	0	0	
23	0	1	0	0	1	1	
24	0	0	0	0	1	0	
25	0	0	0	1	0	0	
26	0	0	1	0	0	0	
27	0	1	0	0	0	1	
28	0	1	0	1	1	1	
29	0	1	0	0	0	1	
30	0	0	1	0	0	0	
31	1	0	0	0	0	0	
32	0	1	0	1	0	1	
33	0	0	0	1	1	1	
34	0	0	0	0	1	0	
35	0	0	1	0	0	0	
36	0	1	0	0	0	1	
37	0	0	1	0	1	0	
38	1	0	0	0	1	0	
39	0	0	1	0	1	0	
40	1	0	0	0	1	0	
41	0	1	0	1	1	1	
42	0	1	0	0	0	1	
43	1	0	0	0	0	0	
44	1	0	0	0	1	0	
;
param p:=
1	1
2	1
3	1
4	1
5	1
6	1
7	1
;
param G:=
45	380
46	380
47	380
48	380
49	95
50	95
;
param s:=
0	0
1	15
2	15
3	15
4	15
5	15
6	15
7	15
8	15
9	15
10	15
11	15
12	15
13	15
14	15
15	15
16	15
17	15
18	15
32	15
33	15
34	15
35	15
36	15
37	15
38	15
39	15
40	15
41	15
42	15
43	15
44	15
45	30
46	30
47	30
48	30
49	15
50	15
;
param t:
	0	1	2	3	4	5	6	7	8	9	10	11	12	13	14	15	16	17	18	19	20	21	22	23	24	25	26	27	28	29	30	31	32	33	34	35	36	37	38	39	40	41	42	43	44	45	46	47	48	49	50:=
0	0.0	32.8	38.21	65.12	26.08	25.46	95.35	32.31	73.35	58.31	71.69	86.16	58.82	24.74	74.73	95.35	42.94	18.44	77.25	98.08	69.43	76.24	42.52	38.63	77.67	22.0	62.61	43.86	26.08	18.44	94.59	91.61	20.0	32.56	63.15	72.11	39.6	74.03	94.25	90.02	88.29	25.06	33.53	96.6	69.08	99.03	21.13	89.2	47.92	60.88	5.66
1	32.8	0.0	28.43	46.17	12.17	8.25	85.09	39.29	46.39	58.82	46.04	83.45	75.31	20.4	69.43	85.09	18.97	30.07	52.04	72.44	78.79	64.5	58.55	20.0	82.68	52.0	36.06	11.66	40.05	30.07	72.11	96.52	42.76	48.17	56.64	48.04	8.25	59.09	88.41	74.0	80.45	38.05	11.66	96.21	68.12	99.35	14.31	67.23	74.53	56.59	27.2
2	38.21	28.43	0.0	27.2	18.87	24.41	59.46	17.89	39.6	30.53	36.88	55.32	52.15	14.14	41.62	59.46	16.0	21.54	41.62	61.77	51.92	39.29	37.36	10.2	54.59	46.04	30.0	29.12	24.08	21.54	56.92	68.26	32.8	29.53	28.84	36.06	26.0	36.06	61.06	52.04	53.67	22.63	39.6	67.88	39.7	70.98	34.8	51.47	60.0	28.32	34.0
3	65.12	46.17	27.2	0.0	42.05	46.39	41.04	41.62	20.1	35.44	16.12	46.82	67.08	40.45	32.98	41.04	27.2	48.7	17.89	35.61	59.23	21.63	56.85	28.07	56.0	72.47	17.89	39.45	49.4	48.7	29.73	66.75	59.06	52.5	24.08	12.65	39.4	14.14	47.71	27.86	38.83	48.37	57.58	60.17	38.0	63.68	57.5	24.28	82.29	27.46	60.53
4	26.08	12.17	18.87	42.05	0.0	5.66	78.0	27.2	47.54	48.17	46.17	74.03	63.15	8.25	60.46	78.0	17.09	18.44	51.92	72.8	67.08	57.58	46.39	14.0	71.61	42.19	36.77	19.7	28.0	18.44	70.46	85.6	31.62	36.06	47.71	47.07	15.23	53.37	79.92	69.05	72.47	26.0	21.63	86.37	58.0	89.38	16.08	65.22	63.19	47.01	20.59
5	25.46	8.25	24.41	46.39	5.66	0.0	83.26	32.31	50.0	53.81	49.03	79.65	67.91	13.42	66.03	83.26	20.1	22.0	54.92	75.71	72.47	62.77	50.99	18.44	77.2	43.86	39.29	18.44	32.25	22.0	74.11	91.21	34.53	40.45	53.25	50.36	14.14	58.24	85.44	73.76	77.9	30.27	16.12	92.02	63.66	95.03	11.12	68.98	66.31	52.63	19.8
6	95.35	85.09	59.46	41.04	78.0	83.26	0.0	64.12	55.57	40.45	52.15	21.26	68.0	73.38	22.36	0.0	66.57	76.94	49.19	50.04	51.61	20.59	67.91	65.3	41.04	94.19	58.14	80.0	72.03	76.94	38.05	42.94	82.0	70.26	32.25	47.71	79.32	26.91	12.65	18.44	8.94	72.11	96.75	29.12	31.62	32.18	94.08	36.61	92.45	35.01	92.2
7	32.31	39.29	17.89	41.62	27.2	32.31	64.12	0.0	56.85	26.0	53.81	53.85	36.22	18.97	42.76	64.12	32.98	14.42	58.0	77.2	40.5	46.39	20.1	26.68	46.69	31.62	47.71	44.0	8.25	14.42	70.71	60.83	18.44	11.66	32.0	52.35	40.05	46.17	62.1	61.61	56.57	8.0	48.33	64.5	36.77	67.06	39.31	65.29	42.19	29.15	30.53
8	73.35	46.39	39.6	20.1	47.54	50.0	55.57	56.85	0.0	55.32	4.0	65.51	86.16	49.4	52.35	55.57	30.46	60.0	7.21	26.08	79.25	39.29	74.43	34.99	76.03	85.28	10.77	36.0	63.66	60.0	27.86	86.37	72.25	68.41	44.18	8.25	38.21	31.05	64.62	38.42	55.71	62.23	56.0	78.59	58.03	82.12	60.17	24.18	98.89	47.52	68.03
9	58.31	58.82	30.53	35.44	48.17	53.81	40.45	26.0	55.32	0.0	51.42	27.86	32.8	41.04	18.11	40.45	44.94	40.25	53.14	67.68	24.08	27.2	27.86	40.25	24.17	54.0	50.04	59.09	32.98	40.25	58.14	37.74	42.43	30.0	12.81	48.08	56.36	31.24	36.5	43.27	32.06	33.53	69.66	38.83	10.77	41.6	62.94	53.32	53.38	8.6	56.36
10	71.69	46.04	36.88	16.12	46.17	49.03	52.15	53.81	4.0	51.42	0.0	61.61	82.46	47.41	48.37	52.15	29.12	57.69	6.0	26.68	75.31	35.44	71.02	33.11	72.03	82.8	10.0	36.22	60.83	57.69	26.68	82.39	69.66	65.3	40.2	4.47	38.0	27.2	60.93	35.38	52.0	59.46	56.14	74.73	54.04	78.26	59.5	22.45	95.71	43.57	66.48
11	86.16	83.45	55.32	46.82	74.03	79.65	21.26	53.85	65.51	27.86	61.61	0.0	48.7	67.68	14.42	21.26	66.84	68.03	60.53	67.08	31.3	26.31	52.0	63.66	20.0	80.62	64.62	81.22	60.73	68.03	55.32	22.8	69.86	56.89	26.91	57.27	79.4	34.53	10.77	35.44	13.42	61.35	94.85	13.42	17.09	16.9	89.54	52.38	74.56	27.02	84.1
12	58.82	75.31	52.15	67.08	63.15	67.91	68.0	36.22	86.16	32.8	82.46	48.7	0.0	54.92	47.2	68.0	68.12	46.82	84.97	100.44	18.11	59.4	17.09	62.03	30.27	42.8	79.12	80.1	36.06	46.82	90.91	40.45	38.83	27.86	45.61	79.62	76.24	64.03	59.46	75.07	59.06	37.95	83.52	52.15	37.2	52.95	73.07	86.12	26.96	41.4	60.03
13	24.74	20.4	14.14	40.45	8.25	13.42	73.38	18.97	49.4	41.04	47.41	67.68	54.92	0.0	54.59	73.38	19.8	11.66	52.8	73.54	59.06	53.37	38.21	14.42	64.03	36.88	38.83	26.68	20.1	11.66	69.86	78.1	25.06	28.0	42.05	47.54	22.36	50.16	74.24	66.12	67.23	18.11	29.53	79.65	51.22	82.55	21.93	64.47	56.03	40.82	20.1
14	74.73	69.43	41.62	32.98	60.46	66.03	22.36	42.76	52.35	18.11	48.37	14.42	47.2	54.59	0.0	22.36	52.5	56.32	48.0	57.58	32.8	14.56	45.61	49.52	25.3	72.03	50.6	66.84	50.36	56.32	46.52	34.06	60.13	48.04	12.81	44.18	65.12	22.09	19.7	28.43	14.0	50.64	80.92	27.78	10.0	31.21	76.24	42.63	70.49	13.93	72.11
15	95.35	85.09	59.46	41.04	78.0	83.26	0.0	64.12	55.57	40.45	52.15	21.26	68.0	73.38	22.36	0.0	66.57	76.94	49.19	50.04	51.61	20.59	67.91	65.3	41.04	94.19	58.14	80.0	72.03	76.94	38.05	42.94	82.0	70.26	32.25	47.71	79.32	26.91	12.65	18.44	8.94	72.11	96.75	29.12	31.62	32.18	94.08	36.61	92.45	35.01	92.2
16	42.94	18.97	16.0	27.2	17.09	20.1	66.57	32.98	30.46	44.94	29.12	66.84	68.12	19.8	52.5	66.57	0.0	31.24	34.93	55.79	67.47	46.04	52.95	6.32	69.08	56.64	19.7	14.42	37.58	31.24	54.04	82.29	44.41	44.27	40.0	30.27	12.81	40.25	70.77	55.03	62.48	35.78	30.46	80.0	52.84	83.3	30.95	48.95	74.17	40.82	37.58
17	18.44	30.07	21.54	48.7	18.44	22.0	76.94	14.42	60.0	40.25	57.69	68.03	46.82	11.66	56.32	76.94	31.24	0.0	62.77	83.19	54.04	58.03	29.73	25.46	60.96	25.46	49.68	37.95	10.77	0.0	78.43	75.07	13.42	18.97	44.72	57.31	33.53	56.32	75.89	72.25	69.86	8.94	36.88	78.89	50.99	81.47	26.31	72.98	44.76	42.45	16.12
18	77.25	52.04	41.62	17.89	51.92	54.92	49.19	58.0	7.21	53.14	6.0	60.53	84.97	52.8	48.0	49.19	34.93	62.77	0.0	20.88	76.66	34.23	74.4	38.63	72.44	87.66	16.0	42.19	65.3	62.77	20.88	82.02	74.4	69.31	41.23	5.66	44.0	26.08	58.82	31.62	50.0	64.03	62.13	73.35	54.59	76.87	65.45	16.99	99.52	44.92	72.11
19	98.08	72.44	61.77	35.61	72.8	75.71	50.04	77.2	26.08	67.68	26.68	67.08	100.44	73.54	57.58	50.04	55.79	83.19	20.88	0.0	89.44	43.08	91.93	59.46	82.87	107.7	36.5	62.03	84.88	83.19	12.0	89.82	94.34	88.09	54.92	26.0	64.28	36.72	62.03	32.06	54.33	83.76	82.02	78.23	66.21	81.56	86.11	14.96	117.65	59.08	92.97
20	69.43	78.79	51.92	59.23	67.08	72.47	51.61	40.5	79.25	24.08	75.31	31.3	18.11	59.06	32.8	51.61	67.47	54.04	76.66	89.44	0.0	46.65	27.78	62.1	12.17	57.27	74.11	81.04	43.86	54.04	78.89	23.41	50.0	36.88	35.44	71.81	77.79	52.8	42.05	61.22	42.8	45.34	88.59	34.06	23.32	34.98	79.79	74.61	44.97	31.78	69.31
21	76.24	64.5	39.29	21.63	57.58	62.77	20.59	46.39	39.29	27.2	35.44	26.31	59.4	53.37	14.56	20.59	46.04	58.03	34.23	43.08	46.65	0.0	54.59	44.72	39.85	77.67	39.45	59.67	54.59	58.03	32.25	48.04	64.78	54.41	15.23	31.05	58.82	8.25	26.08	16.12	17.2	54.33	76.16	39.29	23.32	42.82	73.66	28.14	80.42	19.24	72.69
22	42.52	58.55	37.36	56.85	46.39	50.99	67.91	20.1	74.43	27.86	71.02	52.0	17.09	38.21	45.61	67.91	52.95	29.73	74.4	91.93	27.78	54.59	0.0	46.69	37.95	29.73	66.21	64.03	18.97	29.73	83.74	50.99	22.63	10.77	39.45	68.82	60.0	57.2	62.13	70.71	59.23	20.88	66.48	59.23	36.5	60.93	55.99	78.55	26.0	35.36	43.27
23	38.63	20.0	10.2	28.07	14.0	18.44	65.3	26.68	34.99	40.25	33.11	63.66	62.03	14.42	49.52	65.3	6.32	25.46	38.63	59.46	62.1	44.72	46.69	0.0	64.4	50.91	24.41	18.97	31.3	25.46	56.57	77.9	38.42	37.95	36.77	33.53	16.12	39.85	68.41	55.32	60.46	29.53	31.62	76.58	48.83	79.79	29.55	51.29	67.88	37.01	33.53
24	77.67	82.68	54.59	56.0	71.61	77.2	41.04	46.69	76.03	24.17	72.03	20.0	30.27	64.03	25.3	41.04	69.08	60.96	72.44	82.87	12.17	39.85	37.95	64.4	0.0	67.68	72.44	83.26	51.61	60.96	71.69	14.14	59.06	45.65	32.06	68.12	80.5	47.07	30.53	52.84	32.56	52.8	93.23	22.0	18.0	23.2	85.61	67.92	57.05	29.43	76.84
25	22.0	52.0	46.04	72.47	42.19	43.86	94.19	31.62	85.28	54.0	82.8	80.62	42.8	36.88	72.03	94.19	56.64	25.46	87.66	107.7	57.27	77.67	29.73	50.91	67.68	0.0	75.07	61.77	23.41	25.46	101.98	80.62	13.42	24.0	62.8	82.1	57.31	77.79	90.2	93.15	86.02	24.17	54.92	88.77	64.12	90.58	42.51	96.53	26.36	59.41	26.31
26	62.61	36.06	30.0	17.89	36.77	39.29	58.14	47.71	10.77	50.04	10.0	64.62	79.12	38.83	50.6	58.14	19.7	49.68	16.0	36.5	74.11	39.45	66.21	24.41	72.44	75.07	0.0	26.31	54.04	49.68	36.5	83.95	62.23	59.36	40.45	12.65	28.0	31.62	65.51	42.8	56.6	52.5	46.17	78.0	54.59	81.5	49.61	31.99	89.9	43.1	57.27
27	43.86	11.66	29.12	39.45	19.7	18.44	80.0	44.0	36.0	59.09	36.22	81.22	80.1	26.68	66.84	80.0	14.42	37.95	42.19	62.03	81.04	59.67	64.03	18.97	83.26	61.77	26.31	0.0	46.69	37.95	62.8	96.6	51.26	54.33	54.41	38.83	4.47	53.25	84.85	67.08	76.42	44.72	20.0	94.4	67.23	97.71	25.94	58.22	82.65	55.23	38.21
28	26.08	40.05	24.08	49.4	28.0	32.25	72.03	8.25	63.66	32.98	60.83	60.73	36.06	20.1	50.36	72.03	37.58	10.77	65.3	84.88	43.86	54.59	18.97	31.3	51.61	23.41	54.04	46.69	0.0	10.77	78.71	65.6	10.2	8.25	40.05	59.67	42.43	54.41	69.43	69.86	64.28	2.0	47.54	70.68	43.68	73.03	37.07	73.27	36.59	37.01	25.46
29	18.44	30.07	21.54	48.7	18.44	22.0	76.94	14.42	60.0	40.25	57.69	68.03	46.82	11.66	56.32	76.94	31.24	0.0	62.77	83.19	54.04	58.03	29.73	25.46	60.96	25.46	49.68	37.95	10.77	0.0	78.43	75.07	13.42	18.97	44.72	57.31	33.53	56.32	75.89	72.25	69.86	8.94	36.88	78.89	50.99	81.47	26.31	72.98	44.76	42.45	16.12
30	94.59	72.11	56.92	29.73	70.46	74.11	38.05	70.71	27.86	58.14	26.68	55.32	90.91	69.86	46.52	38.05	54.04	78.43	20.88	12.0	78.89	32.25	83.74	56.57	71.69	101.98	36.5	62.8	78.71	78.43	0.0	78.1	88.57	80.99	45.34	24.08	64.28	26.91	50.04	20.1	42.43	77.82	82.61	66.27	55.57	69.58	84.98	5.46	109.69	49.58	89.82
31	91.61	96.52	68.26	66.75	85.6	91.21	42.94	60.83	86.37	37.74	82.39	22.8	40.45	78.1	34.06	42.94	82.29	75.07	82.02	89.82	23.41	48.04	50.99	77.9	14.14	80.62	83.95	96.6	65.6	75.07	78.1	0.0	72.72	59.36	43.68	78.23	94.02	56.0	30.53	58.24	36.06	66.84	107.2	15.62	29.73	14.53	99.73	75.05	67.27	41.79	90.91
32	20.0	42.76	32.8	59.06	31.62	34.53	82.0	18.44	72.25	42.43	69.66	69.86	38.83	25.06	60.13	82.0	44.41	13.42	74.4	94.34	50.0	64.78	22.63	38.42	59.06	13.42	62.23	51.26	10.2	13.42	88.57	72.72	0.0	13.42	50.16	68.82	46.82	64.56	78.92	80.05	74.11	10.77	48.04	79.12	52.95	81.26	36.26	83.11	31.79	47.01	21.54
33	32.56	48.17	29.53	52.5	36.06	40.45	70.26	11.66	68.41	30.0	65.3	56.89	27.86	28.0	48.04	70.26	44.27	18.97	69.31	88.09	36.88	54.41	10.77	37.95	45.65	24.0	59.36	54.33	8.25	18.97	80.99	59.36	13.42	0.0	39.29	63.66	50.16	55.46	66.27	70.23	62.03	10.2	55.79	65.79	40.2	67.88	45.22	75.63	30.54	35.69	32.8
34	63.15	56.64	28.84	24.08	47.71	53.25	32.25	32.0	44.18	12.81	40.2	26.91	45.61	42.05	12.81	32.25	40.0	44.72	41.23	54.92	35.44	15.23	39.45	36.77	32.06	62.8	40.45	54.41	40.05	44.72	45.34	43.68	50.16	39.29	0.0	36.5	52.5	18.44	32.25	31.3	25.3	40.0	68.12	40.0	14.14	43.31	63.55	40.51	65.37	4.24	60.17
35	72.11	48.04	36.06	12.65	47.07	50.36	47.71	52.35	8.25	48.08	4.47	57.27	79.62	47.54	44.18	47.71	30.27	57.31	5.66	26.0	71.81	31.05	68.82	33.53	68.12	82.1	12.65	38.83	59.67	57.31	24.08	78.23	68.82	63.66	36.5	0.0	40.2	22.8	56.46	31.11	47.54	58.41	58.55	70.34	50.16	73.87	61.09	19.38	93.88	40.02	67.05
36	39.6	8.25	26.0	39.4	15.23	14.14	79.32	40.05	38.21	56.36	38.0	79.4	76.24	22.36	65.12	79.32	12.81	33.53	44.0	64.28	77.79	58.82	60.0	16.12	80.5	57.31	28.0	4.47	42.43	33.53	64.28	94.02	46.82	50.16	52.5	40.2	0.0	52.84	83.55	67.23	75.29	40.45	18.44	92.46	64.9	95.71	22.45	59.5	78.26	53.01	33.94
37	74.03	59.09	36.06	14.14	53.37	58.24	26.91	46.17	31.05	31.24	27.2	34.53	64.03	50.16	22.09	26.91	40.25	56.32	26.08	36.72	52.8	8.25	57.2	39.85	47.07	77.79	31.62	53.25	54.41	56.32	26.91	56.0	64.56	55.46	18.44	22.8	52.84	0.0	34.0	16.0	25.06	53.85	70.68	47.54	29.73	51.07	69.31	22.11	83.2	22.67	70.03
38	94.25	88.41	61.06	47.71	79.92	85.44	12.65	62.1	64.62	36.5	60.93	10.77	59.46	74.24	19.7	12.65	70.77	75.89	58.82	62.03	42.05	26.08	62.13	68.41	30.53	90.2	65.51	84.85	69.43	75.89	50.04	30.53	78.92	66.27	32.25	56.46	83.55	34.0	0.0	30.0	8.94	69.86	100.0	16.49	26.08	19.64	95.8	48.02	85.19	33.62	91.76
39	90.02	74.0	52.04	27.86	69.05	73.76	18.44	61.61	38.42	43.27	35.38	35.44	75.07	66.12	28.43	18.44	55.03	72.25	31.62	32.06	61.22	16.12	70.71	55.32	52.84	93.15	42.8	67.08	69.86	72.25	20.1	58.24	80.05	70.23	31.3	31.11	67.23	16.0	30.0	0.0	22.36	69.43	85.44	46.17	38.21	49.49	84.86	18.18	96.55	35.36	86.02
40	88.29	80.45	53.67	38.83	72.47	77.9	8.94	56.57	55.71	32.06	52.0	13.42	59.06	67.23	14.0	8.94	62.48	69.86	50.0	54.33	42.8	17.2	59.23	60.46	32.56	86.02	56.6	76.42	64.28	69.86	42.43	36.06	74.11	62.03	25.3	47.54	75.29	25.06	8.94	22.36	0.0	64.5	92.09	24.0	22.8	27.42	88.47	39.93	83.57	27.46	85.44
41	25.06	38.05	22.63	48.37	26.0	30.27	72.11	8.0	62.23	33.53	59.46	61.35	37.95	18.11	50.64	72.11	35.78	8.94	64.03	83.76	45.34	54.33	20.88	29.53	52.8	24.17	52.5	44.72	2.0	8.94	77.82	66.84	10.77	10.2	40.0	58.41	40.45	53.85	69.86	69.43	64.5	0.0	45.61	71.55	44.27	73.97	35.25	72.37	38.43	37.12	24.08
42	33.53	11.66	39.6	57.58	21.63	16.12	96.75	48.33	56.0	69.66	56.14	94.85	83.52	29.53	80.92	96.75	30.46	36.88	62.13	82.02	88.59	76.16	66.48	31.62	93.23	54.92	46.17	20.0	47.54	36.88	82.61	107.2	48.04	55.79	68.12	58.55	18.44	70.68	100.0	85.44	92.09	45.61	0.0	107.48	79.25	110.57	12.43	77.89	79.45	67.9	28.64
43	96.6	96.21	67.88	60.17	86.37	92.02	29.12	64.5	78.59	38.83	74.73	13.42	52.15	79.65	27.78	29.12	80.0	78.89	73.35	78.23	34.06	39.29	59.23	76.58	22.0	88.77	78.0	94.4	70.68	78.89	66.27	15.62	79.12	65.79	40.0	70.34	92.46	47.54	16.49	46.17	24.0	71.55	107.48	0.0	28.43	3.53	101.58	63.93	79.02	39.62	95.02
44	69.08	68.12	39.7	38.0	58.0	63.66	31.62	36.77	58.03	10.77	54.04	17.09	37.2	51.22	10.0	31.62	52.84	50.99	54.59	66.21	23.32	23.32	36.5	48.83	18.0	64.12	54.59	67.23	43.68	50.99	55.57	29.73	52.95	40.2	14.14	50.16	64.9	29.73	26.08	38.21	22.8	44.27	79.25	28.43	0.0	31.38	73.16	51.34	60.84	12.08	67.08
45	99.03	99.35	70.98	63.68	89.38	95.03	32.18	67.06	82.12	41.6	78.26	16.9	52.95	82.55	31.21	32.18	83.3	81.47	76.87	81.56	34.98	42.82	60.93	79.79	23.2	90.58	81.5	97.71	73.03	81.47	69.58	14.53	81.26	67.88	43.31	73.87	95.71	51.07	19.64	49.49	27.42	73.97	110.57	3.53	31.38	0.0	104.48	67.32	79.9	42.79	97.58
46	21.13	14.31	34.8	57.5	16.08	11.12	94.08	39.31	60.17	62.94	59.5	89.54	73.07	21.93	76.24	94.08	30.95	26.31	65.45	86.11	79.79	73.66	55.99	29.55	85.61	42.51	49.61	25.94	37.07	26.31	84.98	99.73	36.26	45.22	63.55	61.09	22.45	69.31	95.8	84.86	88.47	35.25	12.43	101.58	73.16	104.48	0.0	79.9	67.32	62.6	16.21
47	89.2	67.23	51.47	24.28	65.22	68.98	36.61	65.29	24.18	53.32	22.45	52.38	86.12	64.47	42.63	36.61	48.95	72.98	16.99	14.96	74.61	28.14	78.55	51.29	67.92	96.53	31.99	58.22	73.27	72.98	5.46	75.05	83.11	75.63	40.51	19.38	59.5	22.11	48.02	18.18	39.93	72.37	77.89	63.93	51.34	67.32	79.9	0.0	104.48	44.73	84.46
48	47.92	74.53	60.0	82.29	63.19	66.31	92.45	42.19	98.89	53.38	95.71	74.56	26.96	56.03	70.49	92.45	74.17	44.76	99.52	117.65	44.97	80.42	26.0	67.88	57.05	26.36	89.9	82.65	36.59	44.76	109.69	67.27	31.79	30.54	65.37	93.88	78.26	83.2	85.19	96.55	83.57	38.43	79.45	79.02	60.84	79.9	67.32	104.48	0.0	61.23	51.49
49	60.88	56.59	28.32	27.46	47.01	52.63	35.01	29.15	47.52	8.6	43.57	27.02	41.4	40.82	13.93	35.01	40.82	42.45	44.92	59.08	31.78	19.24	35.36	37.01	29.43	59.41	43.1	55.23	37.01	42.45	49.58	41.79	47.01	35.69	4.24	40.02	53.01	22.67	33.62	35.36	27.46	37.12	67.9	39.62	12.08	42.79	62.6	44.73	61.23	0.0	58.19
50	5.66	27.2	34.0	60.53	20.59	19.8	92.2	30.53	68.03	56.36	66.48	84.1	60.03	20.1	72.11	92.2	37.58	16.12	72.11	92.97	69.31	72.69	43.27	33.53	76.84	26.31	57.27	38.21	25.46	16.12	89.82	90.91	21.54	32.8	60.17	67.05	33.94	70.03	91.76	86.02	85.44	24.08	28.64	95.02	67.08	97.58	16.21	84.46	51.49	58.19	0.0
;
