set K:= 1	2	3	4	5	6;
set C_H:= 1	2	3	4	5	6	7	8	9	10	11	12	13	14	15	16;
set C_S:= 17	18	19	20	21	22	23	24	25	26	27	28	29	30;
set C_F:= 31	32	33	34	35	36	37	38	39	40	41	42	43	44;
set M:= 45	46	47	48	49	50;
set L_B:= 51	52	53	54	55	56;
set A1:=
(0,*) 1 2 3 4 5 6 7 8 9 10 11 12 13 14 15 16 31 32 33 34 35 36 37 38 39 40 41 42 43 44 45 46 47 48 49 50 51 52 53 54 55 56 57
(1,*) 0 2 3 4 5 6 7 8 9 10 11 12 13 14 15 16 31 32 33 34 35 36 37 38 39 40 41 42 43 44 45 46 47 48 49 50 51 52 53 54 55 56 57
(2,*) 0 1 3 4 5 6 7 8 9 10 11 12 13 14 15 16 31 32 33 34 35 36 37 38 39 40 41 42 43 44 45 46 47 48 49 50 51 52 53 54 55 56 57
(3,*) 0 1 2 4 5 6 7 8 9 10 11 12 13 14 15 16 31 32 33 34 35 36 37 38 39 40 41 42 43 44 45 46 47 48 49 50 51 52 53 54 55 56 57
(4,*) 0 1 2 3 5 6 7 8 9 10 11 12 13 14 15 16 31 32 33 34 35 36 37 38 39 40 41 42 43 44 45 46 47 48 49 50 51 52 53 54 55 56 57
(5,*) 0 1 2 3 4 6 7 8 9 10 11 12 13 14 15 16 31 32 33 34 35 36 37 38 39 40 41 42 43 44 45 46 47 48 49 50 51 52 53 54 55 56 57
(6,*) 0 1 2 3 4 5 7 8 9 10 11 12 13 14 15 16 31 32 33 34 35 36 37 38 39 40 41 42 43 44 45 46 47 48 49 50 51 52 53 54 55 56 57
(7,*) 0 1 2 3 4 5 6 8 9 10 11 12 13 14 15 16 31 32 33 34 35 36 37 38 39 40 41 42 43 44 45 46 47 48 49 50 51 52 53 54 55 56 57
(8,*) 0 1 2 3 4 5 6 7 9 10 11 12 13 14 15 16 31 32 33 34 35 36 37 38 39 40 41 42 43 44 45 46 47 48 49 50 51 52 53 54 55 56 57
(9,*) 0 1 2 3 4 5 6 7 8 10 11 12 13 14 15 16 31 32 33 34 35 36 37 38 39 40 41 42 43 44 45 46 47 48 49 50 51 52 53 54 55 56 57
(10,*) 0 1 2 3 4 5 6 7 8 9 11 12 13 14 15 16 31 32 33 34 35 36 37 38 39 40 41 42 43 44 45 46 47 48 49 50 51 52 53 54 55 56 57
(11,*) 0 1 2 3 4 5 6 7 8 9 10 12 13 14 15 16 31 32 33 34 35 36 37 38 39 40 41 42 43 44 45 46 47 48 49 50 51 52 53 54 55 56 57
(12,*) 0 1 2 3 4 5 6 7 8 9 10 11 13 14 15 16 31 32 33 34 35 36 37 38 39 40 41 42 43 44 45 46 47 48 49 50 51 52 53 54 55 56 57
(13,*) 0 1 2 3 4 5 6 7 8 9 10 11 12 14 15 16 31 32 33 34 35 36 37 38 39 40 41 42 43 44 45 46 47 48 49 50 51 52 53 54 55 56 57
(14,*) 0 1 2 3 4 5 6 7 8 9 10 11 12 13 15 16 31 32 33 34 35 36 37 38 39 40 41 42 43 44 45 46 47 48 49 50 51 52 53 54 55 56 57
(15,*) 0 1 2 3 4 5 6 7 8 9 10 11 12 13 14 16 31 32 33 34 35 36 37 38 39 40 41 42 43 44 45 46 47 48 49 50 51 52 53 54 55 56 57
(16,*) 0 1 2 3 4 5 6 7 8 9 10 11 12 13 14 15 31 32 33 34 35 36 37 38 39 40 41 42 43 44 45 46 47 48 49 50 51 52 53 54 55 56 57
(31,*) 0 1 2 3 4 5 6 7 8 9 10 11 12 13 14 15 16 32 33 34 35 36 37 38 39 40 41 42 43 44 45 46 47 48 49 50 51 52 53 54 55 56 57
(32,*) 0 1 2 3 4 5 6 7 8 9 10 11 12 13 14 15 16 31 33 34 35 36 37 38 39 40 41 42 43 44 45 46 47 48 49 50 51 52 53 54 55 56 57
(33,*) 0 1 2 3 4 5 6 7 8 9 10 11 12 13 14 15 16 31 32 34 35 36 37 38 39 40 41 42 43 44 45 46 47 48 49 50 51 52 53 54 55 56 57
(34,*) 0 1 2 3 4 5 6 7 8 9 10 11 12 13 14 15 16 31 32 33 35 36 37 38 39 40 41 42 43 44 45 46 47 48 49 50 51 52 53 54 55 56 57
(35,*) 0 1 2 3 4 5 6 7 8 9 10 11 12 13 14 15 16 31 32 33 34 36 37 38 39 40 41 42 43 44 45 46 47 48 49 50 51 52 53 54 55 56 57
(36,*) 0 1 2 3 4 5 6 7 8 9 10 11 12 13 14 15 16 31 32 33 34 35 37 38 39 40 41 42 43 44 45 46 47 48 49 50 51 52 53 54 55 56 57
(37,*) 0 1 2 3 4 5 6 7 8 9 10 11 12 13 14 15 16 31 32 33 34 35 36 38 39 40 41 42 43 44 45 46 47 48 49 50 51 52 53 54 55 56 57
(38,*) 0 1 2 3 4 5 6 7 8 9 10 11 12 13 14 15 16 31 32 33 34 35 36 37 39 40 41 42 43 44 45 46 47 48 49 50 51 52 53 54 55 56 57
(39,*) 0 1 2 3 4 5 6 7 8 9 10 11 12 13 14 15 16 31 32 33 34 35 36 37 38 40 41 42 43 44 45 46 47 48 49 50 51 52 53 54 55 56 57
(40,*) 0 1 2 3 4 5 6 7 8 9 10 11 12 13 14 15 16 31 32 33 34 35 36 37 38 39 41 42 43 44 45 46 47 48 49 50 51 52 53 54 55 56 57
(41,*) 0 1 2 3 4 5 6 7 8 9 10 11 12 13 14 15 16 31 32 33 34 35 36 37 38 39 40 42 43 44 45 46 47 48 49 50 51 52 53 54 55 56 57
(42,*) 0 1 2 3 4 5 6 7 8 9 10 11 12 13 14 15 16 31 32 33 34 35 36 37 38 39 40 41 43 44 45 46 47 48 49 50 51 52 53 54 55 56 57
(43,*) 0 1 2 3 4 5 6 7 8 9 10 11 12 13 14 15 16 31 32 33 34 35 36 37 38 39 40 41 42 44 45 46 47 48 49 50 51 52 53 54 55 56 57
(44,*) 0 1 2 3 4 5 6 7 8 9 10 11 12 13 14 15 16 31 32 33 34 35 36 37 38 39 40 41 42 43 45 46 47 48 49 50 51 52 53 54 55 56 57
(45,*) 0 1 2 3 4 5 6 7 8 9 10 11 12 13 14 15 16 31 32 33 34 35 36 37 38 39 40 41 42 43 44 46 47 48 49 50 51 52 53 54 55 56 57
(46,*) 0 1 2 3 4 5 6 7 8 9 10 11 12 13 14 15 16 31 32 33 34 35 36 37 38 39 40 41 42 43 44 45 47 48 49 50 51 52 53 54 55 56 57
(47,*) 0 1 2 3 4 5 6 7 8 9 10 11 12 13 14 15 16 31 32 33 34 35 36 37 38 39 40 41 42 43 44 45 46 48 49 50 51 52 53 54 55 56 57
(48,*) 0 1 2 3 4 5 6 7 8 9 10 11 12 13 14 15 16 31 32 33 34 35 36 37 38 39 40 41 42 43 44 45 46 47 49 50 51 52 53 54 55 56 57
(49,*) 0 1 2 3 4 5 6 7 8 9 10 11 12 13 14 15 16 31 32 33 34 35 36 37 38 39 40 41 42 43 44 45 46 47 48 50 51 52 53 54 55 56 57
(50,*) 0 1 2 3 4 5 6 7 8 9 10 11 12 13 14 15 16 31 32 33 34 35 36 37 38 39 40 41 42 43 44 45 46 47 48 49 51 52 53 54 55 56 57
(51,*) 0 1 2 3 4 5 6 7 8 9 10 11 12 13 14 15 16 31 32 33 34 35 36 37 38 39 40 41 42 43 44 45 46 47 48 49 50 52 53 54 55 56 57
(52,*) 0 1 2 3 4 5 6 7 8 9 10 11 12 13 14 15 16 31 32 33 34 35 36 37 38 39 40 41 42 43 44 45 46 47 48 49 50 51 53 54 55 56 57
(53,*) 0 1 2 3 4 5 6 7 8 9 10 11 12 13 14 15 16 31 32 33 34 35 36 37 38 39 40 41 42 43 44 45 46 47 48 49 50 51 52 54 55 56 57
(54,*) 0 1 2 3 4 5 6 7 8 9 10 11 12 13 14 15 16 31 32 33 34 35 36 37 38 39 40 41 42 43 44 45 46 47 48 49 50 51 52 53 55 56 57
(55,*) 0 1 2 3 4 5 6 7 8 9 10 11 12 13 14 15 16 31 32 33 34 35 36 37 38 39 40 41 42 43 44 45 46 47 48 49 50 51 52 53 54 56 57
(56,*) 0 1 2 3 4 5 6 7 8 9 10 11 12 13 14 15 16 31 32 33 34 35 36 37 38 39 40 41 42 43 44 45 46 47 48 49 50 51 52 53 54 55 57
(57,*) 0 1 2 3 4 5 6 7 8 9 10 11 12 13 14 15 16 31 32 33 34 35 36 37 38 39 40 41 42 43 44 45 46 47 48 49 50 51 52 53 54 55 56
;
set A2:=
(45,*) 46
(46,*) 45
;
param BigM:=99999;
param n:= 6;
param d:=
1	19
2	12
3	8
4	14
5	2
6	8
7	7
8	14
9	17
10	23
11	21
12	10
13	13
14	24
15	11
16	17
17	20
18	6
19	22
20	24
21	10
22	20
23	6
24	21
25	16
26	11
27	22
28	17
29	8
30	12
31	2
32	17
33	5
34	15
35	2
36	6
37	21
38	8
39	11
40	22
41	23
42	5
43	3
44	18
;
param Q:=100;
param w:=
[45,*] 46 0.5
[46,*] 45 0.5
;
param V:=
[45,*] 46 99
[46,*] 45 99
;
param e:
	45	46	47	48	49	50	51	52	53	54	55	56:=
17		0		0		0		0		0		0		0		1		0		0		0		0	
18		0		0		1		0		0		1		0		0		0		0		0		0	
19		0		0		0		0		0		0		0		0		0		1		0		0	
20		0		0		0		0		0		0		0		0		0		1		0		0	
21		0		0		1		0		0		1		0		0		0		0		0		0	
22		0		0		0		0		0		0		0		1		0		1		0		1	
23		0		0		0		0		0		0		0		0		0		0		1		0	
24		1		0		0		0		0		0		0		0		0		0		0		1	
25		0		0		0		1		0		0		0		0		0		0		0		0	
26		0		1		0		0		0		0		0		0		0		0		0		0	
27		0		0		0		1		0		0		0		0		0		0		0		0	
28		0		0		0		1		0		0		0		0		0		0		0		0	
29		0		0		0		0		1		0		0		0		0		0		0		0	
30		0		0		0		1		0		0		1		0		1		0		1		0	
31		1		0		0		0		1		0		0		0		0		0		0		0	
32		0		0		0		0		0		0		1		0		1		0		1		0	
33		0		1		0		0		0		0		0		0		0		0		0		0	
34		0		1		0		0		0		0		0		0		0		0		0		0	
35		0		1		0		0		0		0		0		0		0		0		0		0	
36		0		0		0		1		0		0		0		0		1		0		0		1	
37		0		0		0		0		0		0		0		0		0		0		1		0	
38		0		0		0		0		0		1		1		0		1		1		0		1	
39		0		0		1		0		0		1		0		0		0		0		0		0	
40		0		1		0		0		0		0		0		0		0		0		0		0	
41		0		1		0		0		0		0		0		0		0		0		0		0	
42		0		0		1		0		0		1		0		0		0		0		0		0	
43		0		0		0		0		1		0		0		1		0		0		0		0	
44		0		1		0		0		0		0		1		0		0		0		0		0	
;
param p:=
1	1
2	1
3	1
4	1
5	1
6	1
;
param G:=
45	76
46	99
47	86
48	93
49	88
50	90
51	97
52	85
53	73
54	76
55	90
56	78
;
param s:=
0	0
1	10
2	10
3	10
4	10
5	10
6	10
7	10
8	10
9	10
10	10
11	10
12	10
13	10
14	10
15	10
16	10
31	10
32	10
33	10
34	10
35	10
36	10
37	10
38	10
39	10
40	10
41	10
42	10
43	10
44	10
45	10
46	10
47	10
48	10
49	10
50	10
51	10
52	10
53	10
54	10
55	10
56	10
;
param t:
	0	1	2	3	4	5	6	7	8	9	10	11	12	13	14	15	16	17	18	19	20	21	22	23	24	25	26	27	28	29	30	31	32	33	34	35	36	37	38	39	40	41	42	43	44	45	46	47	48	49	50	51	52	53	54	55	56	57:=
0	0.0	20.88	66.6	28.6	82.07	18.68	69.66	49.74	19.7	35.69	67.45	50.01	36.4	43.08	30.15	69.86	66.71	66.91	78.89	43.83	54.2	88.09	45.61	24.33	25.0	40.36	54.12	25.3	21.02	67.36	28.65	31.14	30.23	60.41	56.22	65.0	9.06	41.73	34.83	93.35	47.8	65.79	86.45	59.21	42.05	37.16	58.31	86.98	17.49	48.38	71.85	23.19	67.68	15.03	55.8	24.19	33.38	0.0
1	20.88	0.0	79.65	40.72	94.34	38.01	83.19	70.21	14.14	56.52	85.84	48.75	56.44	34.23	29.41	58.55	87.56	86.15	86.28	54.08	64.64	98.08	64.28	24.08	37.7	34.48	42.3	14.56	34.21	88.23	9.43	50.22	12.08	51.0	55.9	54.23	29.43	25.08	46.96	105.12	33.24	56.04	99.13	79.01	42.19	57.94	53.85	98.74	23.71	69.26	80.81	24.04	85.51	22.85	70.38	6.08	53.01	20.88
2	66.6	79.65	0.0	39.12	15.62	50.45	4.0	69.35	85.6	53.16	30.02	49.37	69.26	66.12	54.82	80.52	60.88	36.67	26.0	26.25	17.03	24.74	32.56	57.58	42.44	106.96	75.11	90.44	81.4	66.49	80.78	73.01	79.71	71.2	46.57	76.69	59.41	81.39	32.76	27.02	79.23	74.22	19.85	40.02	48.04	61.13	57.72	20.81	83.44	59.14	17.49	57.01	26.08	56.94	12.08	77.88	42.54	66.6
3	28.6	40.72	39.12	0.0	54.2	18.03	42.54	54.59	46.75	34.99	48.26	31.38	46.57	37.12	21.19	60.88	61.22	50.45	50.54	15.26	25.61	59.55	29.15	21.02	3.61	68.62	48.88	51.4	46.82	64.38	42.95	46.17	42.43	50.25	35.11	55.97	23.41	47.38	6.4	65.3	48.38	55.15	58.82	45.69	24.21	41.63	41.88	58.9	46.04	47.8	43.27	20.0	47.01	17.89	29.73	39.56	24.08	28.6
4	82.07	94.34	15.62	54.2	0.0	66.07	13.42	82.76	100.9	67.78	38.33	59.3	83.93	77.67	68.15	88.36	71.18	45.4	23.32	40.31	29.97	12.65	46.82	71.55	57.63	122.43	85.38	105.6	97.01	77.1	94.81	88.1	93.52	80.01	55.0	85.09	75.01	93.96	47.8	11.4	90.8	82.22	5.1	51.01	59.67	75.61	66.03	5.39	99.01	72.37	19.24	71.12	34.23	71.85	27.46	92.18	57.71	82.07
5	18.68	38.01	50.45	18.03	66.07	0.0	53.08	39.05	38.28	20.81	48.76	48.1	29.15	48.8	32.65	74.81	51.08	48.37	66.73	31.78	40.85	73.57	26.93	29.07	15.3	57.69	60.81	43.97	31.06	52.84	43.93	28.16	44.64	64.4	52.63	69.81	9.85	53.67	22.36	77.47	57.43	69.63	70.09	41.0	40.31	25.61	58.18	71.22	33.6	34.41	58.69	27.66	49.04	19.72	38.9	39.62	15.0	18.68
6	69.66	83.19	4.0	42.54	13.42	53.08	0.0	69.87	88.81	54.42	28.23	53.34	70.58	70.11	58.69	84.4	60.02	35.11	27.78	30.08	21.02	24.08	33.53	61.35	45.79	109.99	79.1	93.74	83.87	65.76	84.5	74.69	83.49	75.13	50.45	80.6	62.24	85.33	36.24	24.7	83.22	78.1	17.03	39.32	52.04	62.3	61.61	18.79	86.31	59.54	19.85	60.75	24.17	60.42	14.21	81.54	44.29	69.66
7	49.74	70.21	69.35	54.59	82.76	39.05	69.87	0.0	63.32	19.7	48.3	85.96	14.32	87.78	71.7	113.85	24.17	42.72	93.05	63.6	68.73	93.9	37.01	67.9	53.0	73.03	99.76	69.12	42.19	21.38	78.39	22.09	79.92	103.41	89.47	108.85	42.8	90.8	56.08	93.15	95.67	108.6	84.9	34.0	78.55	13.45	96.38	88.07	52.95	10.44	84.02	66.48	51.48	58.0	58.03	73.93	31.62	49.74
8	19.7	14.14	85.6	46.75	100.9	38.28	88.81	63.32	0.0	53.01	86.98	61.03	49.04	48.04	40.85	72.69	83.29	86.12	95.6	61.52	72.12	106.08	65.15	34.93	43.28	22.47	56.44	6.0	23.02	83.02	23.09	41.79	25.96	65.03	68.01	68.36	28.46	38.9	53.15	112.04	47.3	70.11	105.42	78.09	53.85	52.47	67.08	105.65	11.4	64.38	89.27	34.44	87.32	29.83	75.17	20.22	52.63	19.7
9	35.69	56.52	53.16	34.99	67.78	20.81	54.42	19.7	53.01	0.0	39.05	66.37	16.16	69.35	53.04	94.92	31.05	35.85	75.17	44.15	50.04	77.88	21.02	49.82	33.6	68.01	81.39	59.01	36.77	32.2	63.57	21.26	64.62	84.39	69.78	89.94	27.2	74.3	36.4	78.79	78.24	89.5	70.68	26.83	59.08	8.06	76.85	73.16	44.72	13.6	66.27	48.41	41.01	40.5	41.23	59.14	12.17	35.69
10	67.45	85.84	30.02	48.26	38.33	48.76	28.23	48.3	86.98	39.05	0.0	71.55	53.81	83.93	69.05	103.75	33.0	7.07	55.9	43.86	40.61	50.8	21.84	69.26	50.04	105.12	94.87	92.72	74.95	39.01	90.09	60.14	90.01	93.52	71.02	99.32	58.52	95.63	43.93	47.04	96.1	97.49	39.0	14.32	67.42	45.28	81.49	43.1	81.02	38.08	47.51	68.18	4.12	64.07	25.0	86.21	34.54	67.45
11	50.01	48.75	49.37	31.38	59.3	48.1	53.34	85.96	61.03	66.37	71.55	0.0	77.25	19.72	20.4	32.2	91.22	75.8	42.95	27.78	32.76	57.87	57.38	26.48	33.11	83.01	26.08	63.16	71.0	94.92	44.41	75.69	42.01	22.14	7.21	27.86	49.65	37.44	31.14	67.68	32.31	25.94	64.38	73.41	8.06	72.9	10.63	61.98	65.76	79.06	41.0	27.29	68.94	35.0	47.17	43.91	55.22	50.01
12	36.4	56.44	69.26	46.57	83.93	29.15	70.58	14.32	49.04	16.16	53.81	77.25	0.0	76.61	61.06	103.17	36.67	49.58	90.67	58.14	65.12	93.96	37.16	56.61	44.27	59.21	88.41	54.82	28.02	35.01	64.9	8.06	66.61	92.96	81.61	98.18	30.48	77.99	49.5	94.94	83.45	98.27	86.82	40.36	69.46	8.6	87.32	89.32	38.64	18.38	81.88	55.22	56.22	46.4	57.28	60.46	27.29	36.4
13	43.08	34.23	66.12	37.12	77.67	48.8	70.11	87.78	48.04	69.35	83.93	19.72	76.61	0.0	16.4	26.83	97.91	86.98	62.61	41.19	49.09	77.25	66.21	20.0	36.89	68.45	12.04	48.66	63.32	100.6	27.51	73.06	24.7	17.46	26.4	21.93	46.32	17.8	40.16	86.68	13.15	22.8	82.76	82.76	18.11	74.33	20.59	80.78	55.44	82.88	60.08	21.4	82.0	30.23	61.4	28.44	60.22	43.08
14	30.15	29.41	54.82	21.19	68.15	32.65	58.69	71.7	40.85	53.04	69.05	20.4	61.06	16.4	0.0	42.2	81.54	71.57	57.38	28.64	38.28	70.18	50.33	6.08	20.59	63.07	28.43	43.42	51.16	84.2	27.2	58.18	25.55	31.91	27.2	37.2	31.38	27.02	25.18	78.26	27.2	37.22	73.16	66.85	13.0	58.26	28.16	72.01	45.4	66.53	52.7	7.0	67.48	15.52	48.09	25.46	43.83	30.15
15	69.86	58.55	80.52	60.88	88.36	74.81	84.4	113.85	72.69	94.92	103.75	32.2	103.17	26.83	42.2	0.0	122.02	107.91	68.12	59.94	64.51	84.1	88.81	46.65	61.52	91.02	16.28	72.11	89.81	125.26	50.09	99.85	47.1	10.63	33.96	5.0	73.06	35.06	62.2	95.01	26.02	6.32	93.26	105.12	37.2	100.42	22.8	90.05	81.25	108.25	69.18	48.02	101.13	56.94	79.31	52.47	84.86	69.86
16	66.71	87.56	60.88	61.22	71.18	51.08	60.02	24.17	83.29	31.05	33.0	91.22	36.67	97.91	81.54	122.02	0.0	26.02	86.68	64.82	66.24	83.49	34.21	79.26	61.03	95.75	109.86	89.27	64.28	6.08	94.56	44.72	95.52	111.4	92.96	117.15	58.24	104.69	60.11	80.02	107.91	116.18	72.0	20.88	84.96	31.0	101.83	76.06	74.0	19.0	77.79	77.9	37.01	70.68	52.0	90.14	37.74	66.71
17	66.91	86.15	36.67	50.45	45.4	48.37	35.11	42.72	86.12	35.85	7.07	75.8	49.58	86.98	71.57	107.91	26.02	0.0	62.65	48.02	45.97	57.87	22.02	71.2	51.79	103.25	98.23	91.98	72.45	32.06	91.05	56.4	91.2	97.53	75.8	103.35	57.87	97.67	46.82	54.01	98.76	101.71	46.01	9.22	71.11	41.23	85.98	50.16	79.38	32.8	54.12	70.04	11.18	65.12	30.41	87.01	33.54	66.91
18	78.89	86.28	26.0	50.54	23.32	66.73	27.78	93.05	95.6	75.17	55.9	42.95	90.67	62.61	57.38	68.12	86.68	62.65	0.0	35.34	25.96	16.0	56.14	62.23	54.12	118.0	68.01	99.36	97.17	92.18	84.5	92.96	82.62	61.0	37.0	65.49	73.82	80.13	44.78	27.17	75.24	62.29	27.31	65.8	46.04	83.22	47.07	23.09	96.38	83.22	9.06	62.24	51.88	65.8	35.36	82.81	63.39	78.89
19	43.83	54.08	26.25	15.26	40.31	31.78	30.08	63.6	61.52	44.15	43.86	27.78	58.14	41.19	28.64	59.94	64.82	48.02	35.34	0.0	10.63	44.55	30.61	31.38	18.87	83.63	51.42	65.86	61.85	69.07	54.63	59.14	53.49	49.66	28.28	55.46	38.48	55.44	9.49	51.04	54.04	53.71	45.18	46.01	23.77	51.79	38.01	44.65	61.29	55.15	28.02	30.87	41.44	31.89	20.22	51.88	32.02	43.83
20	54.2	64.64	17.03	25.61	29.97	40.85	21.02	68.73	72.12	50.04	40.61	32.76	65.12	49.09	38.28	64.51	66.24	45.97	25.96	10.63	0.0	33.97	32.89	41.59	29.21	94.18	58.22	76.49	71.55	71.11	64.85	67.08	63.56	54.82	30.87	60.44	48.37	64.54	19.42	40.5	62.2	58.19	34.93	46.04	31.02	58.01	41.79	34.13	71.61	59.44	17.89	41.18	37.44	42.52	15.62	62.27	38.0	54.2
21	88.09	98.08	24.74	59.55	12.65	73.57	24.08	93.9	106.08	77.88	50.8	57.87	93.96	77.25	70.18	84.1	83.49	57.87	16.0	44.55	33.97	0.0	57.27	74.4	63.13	128.14	83.43	110.34	104.62	89.36	97.35	97.5	95.72	76.79	52.39	81.39	81.84	94.43	53.26	11.4	90.14	78.23	14.21	63.07	59.93	85.87	62.8	9.22	105.42	83.6	17.49	74.2	46.69	76.38	36.69	95.21	67.07	88.09
22	45.61	64.28	32.56	29.15	46.82	26.93	33.53	37.01	65.15	21.02	21.84	57.38	37.16	66.21	50.33	88.81	34.21	22.02	56.14	30.61	32.89	57.27	0.0	49.48	30.08	83.65	77.83	70.88	54.2	38.59	69.03	41.88	69.18	78.24	58.8	84.05	36.69	75.93	26.63	57.78	77.49	82.8	49.66	16.55	51.61	28.79	67.94	52.2	59.48	27.07	47.1	48.27	22.36	43.1	21.02	65.0	13.04	45.61
23	24.33	24.08	57.58	21.02	71.55	29.07	61.35	67.9	34.93	49.82	69.26	26.48	56.61	20.0	6.08	46.65	79.26	71.2	62.23	31.38	41.59	74.4	49.48	0.0	19.42	57.25	31.89	37.74	45.28	81.54	23.26	53.24	22.14	36.67	33.24	41.68	26.42	26.48	26.17	81.99	28.65	42.05	76.49	65.8	18.97	54.45	34.06	75.66	39.32	63.41	57.01	1.41	68.03	10.3	49.82	20.81	41.59	24.33
24	25.0	37.7	42.44	3.61	57.63	15.3	45.79	53.0	43.28	33.6	50.04	33.11	44.27	36.89	20.59	61.52	61.03	51.79	54.12	18.87	29.21	63.13	30.08	19.42	0.0	65.07	48.83	48.01	43.32	63.89	40.45	43.42	40.11	50.93	37.36	56.57	19.92	45.89	9.9	68.77	47.54	55.97	62.2	46.49	25.55	39.82	43.42	62.37	42.44	46.75	46.87	18.25	49.04	14.87	32.7	36.88	23.43	25.0
25	40.36	34.48	106.96	68.62	122.43	57.69	109.99	73.03	22.47	68.01	105.12	83.01	59.21	68.45	63.07	91.02	95.75	103.25	118.0	83.63	94.18	128.14	83.65	57.25	65.07	0.0	75.17	19.92	31.58	94.19	41.3	51.16	44.28	84.59	90.08	87.14	48.01	56.0	74.97	133.69	65.01	89.36	126.81	94.58	76.06	65.12	88.32	127.31	24.19	76.94	111.52	56.82	106.0	52.2	96.05	40.02	70.66	40.36
26	54.12	42.3	75.11	48.88	85.38	60.81	79.1	99.76	56.44	81.39	94.87	26.08	88.41	12.04	28.43	16.28	109.86	98.23	68.01	51.42	58.22	83.43	77.83	31.89	48.83	75.17	0.0	56.01	73.74	112.61	34.0	84.6	31.0	10.3	31.05	12.0	58.01	19.65	51.48	93.56	10.77	14.32	90.45	94.37	27.66	86.31	21.47	87.97	65.0	94.92	66.91	33.3	92.72	42.01	71.59	36.22	72.2	54.12
27	25.3	14.56	90.44	51.4	105.6	43.97	93.74	69.12	6.0	59.01	92.72	63.16	54.82	48.66	43.42	72.11	89.27	91.98	99.36	65.86	76.49	110.34	70.88	37.74	48.01	19.92	56.01	0.0	28.18	88.96	22.02	47.43	25.02	65.12	70.26	68.01	34.21	37.48	57.8	116.66	46.27	70.03	110.21	84.01	56.36	58.42	68.41	110.26	16.55	70.35	93.35	37.44	92.97	33.97	80.26	20.22	58.46	25.3
28	21.02	34.21	81.4	46.82	97.01	31.06	83.87	42.19	23.02	36.77	74.95	71.0	28.02	63.32	51.16	89.81	64.28	72.45	97.17	61.85	71.55	104.62	54.2	45.28	43.32	31.58	73.74	28.18	0.0	63.0	43.6	20.1	46.04	80.78	77.1	85.07	23.41	58.83	52.39	108.41	66.19	86.13	100.9	63.56	63.01	33.54	79.31	102.2	11.66	45.4	89.44	44.18	76.28	36.0	69.66	39.66	41.23	21.02
29	67.36	88.23	66.49	64.38	77.1	52.84	65.76	21.38	83.02	32.2	39.01	94.92	35.01	100.6	84.2	125.26	6.08	32.06	92.18	69.07	71.11	89.36	38.59	81.54	63.89	94.19	112.61	88.96	63.0	0.0	95.63	43.05	96.77	114.63	97.01	120.34	59.24	106.47	63.78	86.05	110.14	119.52	78.01	26.48	88.39	30.59	105.55	82.02	73.25	18.97	83.24	80.16	43.0	72.56	57.25	91.18	40.46	67.36
30	28.65	9.43	80.78	42.95	94.81	43.93	84.5	78.39	23.09	63.57	90.09	44.41	64.9	27.51	27.2	50.09	94.56	91.05	84.5	54.63	64.85	97.35	69.03	23.26	40.45	41.3	34.0	22.02	43.6	95.63	0.0	59.03	3.0	43.29	51.61	46.0	36.4	15.81	48.76	105.19	24.33	48.09	99.74	84.48	38.9	65.74	47.93	98.88	33.12	76.69	79.88	23.77	89.36	26.02	72.53	4.47	58.69	28.65
31	31.14	50.22	73.01	46.17	88.1	28.16	74.69	22.09	41.79	21.26	60.14	75.69	8.06	73.06	58.18	99.85	44.72	56.4	92.96	59.14	67.08	97.5	41.88	53.24	43.42	51.16	84.6	47.43	20.1	43.05	59.03	0.0	60.96	89.89	80.6	94.89	26.83	72.84	50.01	99.3	78.87	95.26	91.3	47.2	67.72	15.26	85.38	93.47	31.05	26.25	84.4	51.88	62.24	42.94	60.93	54.67	30.46	31.14
32	30.23	12.08	79.71	42.43	93.52	44.64	83.49	79.92	25.96	64.62	90.01	42.01	66.61	24.7	25.55	47.1	95.52	91.2	82.62	53.49	63.56	95.72	69.18	22.14	40.11	44.28	31.0	25.02	46.04	96.77	3.0	60.96	0.0	40.31	49.2	43.0	37.58	13.0	48.05	103.77	21.38	45.1	98.49	84.85	36.8	67.12	45.19	97.49	35.78	77.88	78.23	22.8	89.14	26.08	71.81	6.4	59.23	30.23
33	60.41	51.0	71.2	50.25	80.01	64.4	75.13	103.41	65.03	84.39	93.52	22.14	92.96	17.46	31.91	10.63	111.4	97.53	61.0	49.66	54.82	76.79	78.24	36.67	50.93	84.59	10.3	65.12	80.78	114.63	43.29	89.89	40.31	0.0	25.02	5.83	63.06	29.73	51.61	87.37	21.02	5.39	85.0	94.58	26.63	90.0	14.04	82.1	72.84	97.67	61.03	38.01	91.0	46.96	69.29	45.01	74.25	60.41
34	56.22	55.9	46.57	35.11	55.0	52.63	50.45	89.47	68.01	69.78	71.02	7.21	81.61	26.4	27.2	33.96	92.96	75.8	37.0	28.28	30.87	52.39	58.8	33.24	37.36	90.08	31.05	70.26	77.1	97.01	51.61	80.6	49.2	25.02	0.0	30.27	55.15	44.2	33.62	62.65	38.47	27.66	60.01	74.28	14.32	76.69	11.18	57.22	72.37	81.99	36.12	33.96	68.1	41.19	46.14	51.11	58.18	56.22
35	65.0	54.23	76.69	55.97	85.09	69.81	80.6	108.85	68.36	89.94	99.32	27.86	98.18	21.93	37.2	5.0	117.15	103.35	65.49	55.46	60.44	81.39	84.05	41.68	56.57	87.14	12.0	68.01	85.07	120.34	46.0	94.89	43.0	5.83	30.27	0.0	68.1	31.4	57.43	92.14	22.36	3.61	90.05	100.4	32.45	95.43	19.1	87.01	76.69	103.28	66.01	43.05	96.77	51.97	75.03	48.17	79.93	65.0
36	9.06	29.43	59.41	23.41	75.01	9.85	62.24	42.8	28.46	27.2	58.52	49.65	30.48	46.32	31.38	73.06	58.24	57.87	73.82	38.48	48.37	81.84	36.69	26.42	19.92	48.01	58.01	34.21	23.41	59.24	36.4	26.83	37.58	63.06	55.15	68.1	0.0	48.01	29.07	86.37	53.04	68.43	79.2	50.16	41.59	29.68	58.94	80.06	24.08	40.31	66.24	25.06	58.87	16.12	48.17	31.95	24.33	9.06
37	41.73	25.08	81.39	47.38	93.96	53.67	85.33	90.8	38.9	74.3	95.63	37.44	77.99	17.8	27.02	35.06	104.69	97.67	80.13	55.44	64.54	94.43	75.93	26.48	45.89	56.0	19.65	37.48	58.83	106.47	15.81	72.84	13.0	29.73	44.2	31.4	48.01	0.0	52.04	103.46	9.06	33.96	99.04	92.18	34.54	77.67	37.64	97.41	48.75	87.82	77.08	27.66	94.26	34.01	75.11	19.24	67.42	41.73
38	34.83	46.96	32.76	6.4	47.8	22.36	36.24	56.08	53.15	36.4	43.93	31.14	49.5	40.16	25.18	62.2	60.11	46.82	44.78	9.49	19.42	53.26	26.63	26.17	9.9	74.97	51.48	57.8	52.39	63.78	48.76	50.01	48.05	51.61	33.62	57.43	29.07	52.04	0.0	58.9	52.17	56.22	52.43	43.05	25.0	43.68	41.77	52.5	52.2	48.37	37.22	25.32	42.3	24.19	23.77	45.54	24.6	34.83
39	93.35	105.12	27.02	65.3	11.4	77.47	24.7	93.15	112.04	78.79	47.04	67.68	94.94	86.68	78.26	95.01	80.02	54.01	27.17	51.04	40.5	11.4	57.78	81.99	68.77	133.69	93.56	116.66	108.41	86.05	105.19	99.3	103.77	87.37	62.65	92.14	86.37	103.46	58.9	0.0	99.72	89.05	8.25	60.53	68.95	86.54	73.33	6.4	110.34	82.71	26.68	81.63	43.1	82.8	38.83	102.73	68.96	93.35
40	47.8	33.24	79.23	48.38	90.8	57.43	83.22	95.67	47.3	78.24	96.1	32.31	83.45	13.15	27.2	26.02	107.91	98.76	75.24	54.04	62.2	90.14	77.49	28.65	47.54	65.01	10.77	46.27	66.19	110.14	24.33	78.87	21.38	21.02	38.47	22.36	53.04	9.06	52.17	99.72	0.0	25.0	95.9	93.98	31.26	82.33	30.48	93.86	56.65	91.84	73.08	30.02	94.37	37.8	74.17	27.2	70.24	47.8
41	65.79	56.04	74.22	55.15	82.22	69.63	78.1	108.6	70.11	89.5	97.49	25.94	98.27	22.8	37.22	6.32	116.18	101.71	62.29	53.71	58.19	78.23	82.8	42.05	55.97	89.36	14.32	70.03	86.13	119.52	48.09	95.26	45.1	5.39	27.66	3.61	68.43	33.96	56.22	89.05	25.0	0.0	87.14	99.05	31.24	95.21	16.49	84.01	78.09	102.73	63.07	43.38	94.85	52.33	73.01	50.01	79.21	65.79
42	86.45	99.13	19.85	58.82	5.1	70.09	17.03	84.9	105.42	70.68	39.0	64.38	86.82	82.76	73.16	93.26	72.0	46.01	27.31	45.18	34.93	14.21	49.66	76.49	62.2	126.81	90.45	110.21	100.9	78.01	99.74	91.3	98.49	85.0	60.01	90.05	79.2	99.04	52.43	8.25	95.9	87.14	0.0	52.35	64.76	78.39	71.01	5.0	103.25	74.46	24.08	76.03	35.01	76.55	31.24	97.06	61.06	86.45
43	59.21	79.01	40.02	45.69	51.01	41.0	39.32	34.0	78.09	26.83	14.32	73.41	40.36	82.76	66.85	105.12	20.88	9.22	65.8	46.01	46.04	63.07	16.55	65.8	46.49	94.58	94.37	84.01	63.56	26.48	84.48	47.2	84.85	94.58	74.28	100.4	50.16	92.18	43.05	60.53	93.98	99.05	52.35	0.0	67.96	32.02	83.87	56.08	70.88	23.85	56.92	64.56	17.72	58.86	31.3	80.31	26.0	59.21
44	42.05	42.19	48.04	24.21	59.67	40.31	52.04	78.55	53.85	59.08	67.42	8.06	69.46	18.11	13.0	37.2	84.96	71.11	46.04	23.77	31.02	59.93	51.61	18.97	25.55	76.06	27.66	56.36	63.01	88.39	38.9	67.72	36.8	26.63	14.32	32.45	41.59	34.54	25.0	68.95	31.26	31.24	64.76	67.96	0.0	65.37	17.89	62.94	58.05	72.01	42.54	19.65	65.15	27.02	43.93	37.8	48.27	42.05
45	37.16	57.94	61.13	41.63	75.61	25.61	62.3	13.45	52.47	8.06	45.28	72.9	8.6	74.33	58.26	100.42	31.0	41.23	83.22	51.79	58.01	85.87	28.79	54.45	39.82	65.12	86.31	58.42	33.54	30.59	65.74	15.26	67.12	90.0	76.69	95.43	29.68	77.67	43.68	86.54	82.33	95.21	78.39	32.02	65.37	0.0	83.24	80.99	43.0	12.0	74.33	53.04	47.63	44.6	49.24	61.27	20.02	37.16
46	58.31	53.85	57.72	41.88	66.03	58.18	61.61	96.38	67.08	76.85	81.49	10.63	87.32	20.59	28.16	22.8	101.83	85.98	47.07	38.01	41.79	62.8	67.94	34.06	43.42	88.32	21.47	68.41	79.31	105.55	47.93	85.38	45.19	14.04	11.18	19.1	58.94	37.64	41.77	73.33	30.48	16.49	71.01	83.87	17.89	83.24	0.0	68.07	73.06	89.63	47.01	35.13	78.71	43.57	56.8	48.38	65.8	58.31
47	86.98	98.74	20.81	58.9	5.39	71.22	18.79	88.07	105.65	73.16	43.1	61.98	89.32	80.78	72.01	90.05	76.06	50.16	23.09	44.65	34.13	9.22	52.2	75.66	62.37	127.31	87.97	110.26	102.2	82.02	98.88	93.47	97.49	82.1	57.22	87.01	80.06	97.41	52.5	6.4	93.86	84.01	5.0	56.08	62.94	80.99	68.07	0.0	104.0	77.67	21.1	75.29	39.05	76.4	32.76	96.38	63.06	86.98
48	17.49	23.71	83.44	46.04	99.01	33.6	86.31	52.95	11.4	44.72	81.02	65.76	38.64	55.44	45.4	81.25	74.0	79.38	96.38	61.29	71.61	105.42	59.48	39.32	42.44	24.19	65.0	16.55	11.66	73.25	33.12	31.05	35.78	72.84	72.37	76.69	24.08	48.75	52.2	110.34	56.65	78.09	103.25	70.88	58.05	43.0	73.06	104.0	0.0	55.0	89.31	38.47	81.84	31.62	72.25	29.55	46.52	17.49
49	48.38	69.26	59.14	47.8	72.37	34.41	59.54	10.44	64.38	13.6	38.08	79.06	18.38	82.88	66.53	108.25	19.0	32.8	83.22	55.15	59.44	83.6	27.07	63.41	46.75	76.94	94.92	70.35	45.4	18.97	76.69	26.25	77.88	97.67	81.99	103.28	40.31	87.82	48.37	82.71	91.84	102.73	74.46	23.85	72.01	12.0	89.63	77.67	55.0	0.0	74.17	62.01	41.15	54.08	48.01	72.24	23.85	48.38
50	71.85	80.81	17.49	43.27	19.24	58.69	19.85	84.02	89.27	66.27	47.51	41.0	81.88	60.08	52.7	69.18	77.79	54.12	9.06	28.02	17.89	17.49	47.1	57.01	46.87	111.52	66.91	93.35	89.44	83.24	79.88	84.4	78.23	61.03	36.12	66.01	66.24	77.08	37.22	26.68	73.08	63.07	24.08	56.92	42.54	74.33	47.01	21.1	89.31	74.17	0.0	56.85	43.57	59.46	26.31	77.8	54.59	71.85
51	23.19	24.04	57.01	20.0	71.12	27.66	60.75	66.48	34.44	48.41	68.18	27.29	55.22	21.4	7.0	48.02	77.9	70.04	62.24	30.87	41.18	74.2	48.27	1.41	18.25	56.82	33.3	37.44	44.18	80.16	23.77	51.88	22.8	38.01	33.96	43.05	25.06	27.66	25.32	81.63	30.02	43.38	76.03	64.56	19.65	53.04	35.13	75.29	38.47	62.01	56.85	0.0	67.01	8.94	49.03	21.1	40.25	23.19
52	67.68	85.51	26.08	47.01	34.23	49.04	24.17	51.48	87.32	41.01	4.12	68.94	56.22	82.0	67.48	101.13	37.01	11.18	51.88	41.44	37.44	46.69	22.36	68.03	49.04	106.0	92.72	92.97	76.28	43.0	89.36	62.24	89.14	91.0	68.1	96.77	58.87	94.26	42.3	43.1	94.37	94.85	35.01	17.72	65.15	47.63	78.71	39.05	81.84	41.15	43.57	67.01	0.0	63.39	21.95	85.59	35.36	67.68
53	15.03	22.85	56.94	17.89	71.85	19.72	60.42	58.0	29.83	40.5	64.07	35.0	46.4	30.23	15.52	56.94	70.68	65.12	65.8	31.89	42.52	76.38	43.1	10.3	14.87	52.2	42.01	33.97	36.0	72.56	26.02	42.94	26.08	46.96	41.19	51.97	16.12	34.01	24.19	82.8	37.8	52.33	76.55	58.86	27.02	44.6	43.57	76.4	31.62	54.08	59.46	8.94	63.39	0.0	47.54	22.2	33.53	15.03
54	55.8	70.38	12.08	29.73	27.46	38.9	14.21	58.03	75.17	41.23	25.0	47.17	57.28	61.4	48.09	79.31	52.0	30.41	35.36	20.22	15.62	36.69	21.02	49.82	32.7	96.05	71.59	80.26	69.66	57.25	72.53	60.93	71.81	69.29	46.14	75.03	48.17	75.11	23.77	38.83	74.17	73.01	31.24	31.3	43.93	49.24	56.8	32.76	72.25	48.01	26.31	49.03	21.95	47.54	0.0	69.26	30.46	55.8
55	24.19	6.08	77.88	39.56	92.18	39.62	81.54	73.93	20.22	59.14	86.21	43.91	60.46	28.44	25.46	52.47	90.14	87.01	82.81	51.88	62.27	95.21	65.0	20.81	36.88	40.02	36.22	20.22	39.66	91.18	4.47	54.67	6.4	45.01	51.11	48.17	31.95	19.24	45.54	102.73	27.2	50.01	97.06	80.31	37.8	61.27	48.38	96.38	29.55	72.24	77.8	21.1	85.59	22.2	69.26	0.0	54.45	24.19
56	33.38	53.01	42.54	24.08	57.71	15.0	44.29	31.62	52.63	12.17	34.54	55.22	27.29	60.22	43.83	84.86	37.74	33.54	63.39	32.02	38.0	67.07	13.04	41.59	23.43	70.66	72.2	58.46	41.23	40.46	58.69	30.46	59.23	74.25	58.18	79.93	24.33	67.42	24.6	68.96	70.24	79.21	61.06	26.0	48.27	20.02	65.8	63.06	46.52	23.85	54.59	40.25	35.36	33.53	30.46	54.45	0.0	33.38
;
