vehicles
vehicle_idx, capacity, cost_per_unit_distance
1,100,3
2,100,3
3,100,3
4,100,3
5,100,3
6,100,3
7,100,3
depot
node_idx,x,y
0,75,55
home delivery customers
node_idx,x,y,service_time,demand
1,7,75,10,12
2,93,45,10,13
3,37,51,10,7
4,27,31,10,24
5,23,65,10,23
6,3,1,10,9
7,21,5,10,20
8,17,81,10,10
9,83,23,10,15
10,21,93,10,13
11,27,53,10,3
12,11,27,10,18
13,59,41,10,3
14,47,29,10,17
15,3,89,10,13
self pickup customers
node_idx,x,y,service_time,demand,locker_idxs
16,51,25,10,1,47
17,59,37,10,2,50
18,37,13,10,15,47
19,95,31,10,10,51-55
20,87,43,10,12,51
21,29,81,10,6,49
22,51,95,10,9,46
23,91,35,10,24,51-55
24,61,69,10,4,52-46
25,27,97,10,20,49
26,67,1,10,23,48
27,77,39,10,1,51
28,33,87,10,6,49
29,17,45,10,22,54
30,91,41,10,20,51
flexible customers
node_idx,x,y,service_time,demand,locker_idxs
31,77,1,10,26,48
32,81,25,10,20,51-55
33,43,21,10,20,47
34,35,53,10,7,56-52-50
35,77,63,10,10,53
36,9,51,10,13,54-56
37,73,81,10,19,46
38,41,61,10,12,56-52-50
39,49,25,10,22,47
40,81,53,10,18,55-53
41,7,51,10,19,54-56
42,59,31,10,12,55
43,9,91,10,7,49
44,23,3,10,21,47
45,97,61,10,2,53
lockers
node_idx,x,y,service_time,capacity,cost_per_unit_good
46,65,88,10,91
47,25,15,10,92
48,93,12,10,77
49,22,88,10,99
50,40,55,10,78
51,92,26,10,94
52,39,60,10,86
53,82,55,10,75
54,11,29,10,75
55,83,32,10,94
56,32,49,10,80
mrt lines
start_node_idx,end_node_idx,freight_capacity,cost_per_unit_good
46,47,92,0.1
47,46,92,0.1
48,49,99,0.1
49,48,99,0.1
distance matrix
,0,1,2,3,4,5,6,7,8,9,10,11,12,13,14,15,16,17,18,19,20,21,22,23,24,25,26,27,28,29,30,31,32,33,34,35,36,37,38,39,40,41,42,43,44,45,46,47,48,49,50,51,52,53,54,55,56,
0,0.0,70.88,20.59,38.21,53.67,52.95,90.0,73.59,63.56,32.98,66.03,48.04,69.86,21.26,38.21,79.62,38.42,24.08,56.64,31.24,16.97,52.84,46.65,25.61,19.8,63.78,54.59,16.12,52.8,58.86,21.26,54.04,30.59,46.69,40.05,8.25,66.12,26.08,34.53,39.7,6.32,68.12,28.84,75.18,73.54,22.8,34.48,64.03,46.62,62.43,35.0,33.62,36.35,7.0,69.08,24.35,43.42
1,70.88,0.0,91.08,38.42,48.33,18.87,74.11,71.39,11.66,92.09,22.8,29.73,48.17,62.13,60.96,14.56,66.6,64.4,68.88,98.39,86.16,22.8,48.33,93.04,54.33,29.73,95.27,78.71,28.64,31.62,90.62,101.86,89.31,64.9,35.61,71.02,24.08,66.27,36.77,65.3,77.2,24.0,68.12,16.12,73.76,91.08,59.44,62.64,106.61,19.85,38.59,98.11,35.34,77.62,46.17,87.32,36.07
2,20.59,91.08,0.0,56.32,67.47,72.8,100.18,82.37,84.1,24.17,86.53,66.48,83.95,34.23,48.7,100.18,46.52,34.93,64.5,14.14,6.32,73.43,65.3,10.2,40.0,84.02,51.11,17.09,73.24,76.0,4.47,46.82,23.32,55.46,58.55,24.08,84.21,41.18,54.41,48.33,14.42,86.21,36.77,95.77,81.63,16.49,51.31,74.32,33.0,83.01,53.94,19.03,56.04,14.87,83.55,16.4,61.13
3,38.21,38.42,56.32,0.0,22.36,19.8,60.46,48.7,36.06,53.85,44.94,10.2,35.38,24.17,24.17,50.99,29.53,26.08,38.0,61.35,50.64,31.05,46.17,56.32,30.0,47.07,58.31,41.76,36.22,20.88,54.92,64.03,51.11,30.59,2.83,41.76,28.0,46.86,10.77,28.64,44.05,30.0,29.73,48.83,50.0,60.83,46.4,37.95,68.24,39.92,5.0,60.42,9.22,45.18,34.06,49.77,5.39
4,53.67,48.33,67.47,22.36,0.0,34.23,38.42,26.68,50.99,56.57,62.29,22.0,16.49,33.53,20.1,62.77,24.74,32.56,20.59,68.0,61.19,50.04,68.35,64.12,50.99,66.0,50.0,50.64,56.32,17.2,64.78,58.31,54.33,18.87,23.41,59.36,26.91,67.94,33.11,22.8,58.31,28.28,32.0,62.64,28.28,76.16,68.51,16.12,68.68,57.22,27.29,65.19,31.38,60.01,16.12,56.01,18.68
5,52.95,18.87,72.8,19.8,34.23,0.0,67.05,60.03,17.09,73.24,28.07,12.65,39.85,43.27,43.27,31.24,48.83,45.61,53.85,79.62,67.68,17.09,41.04,74.32,38.21,32.25,77.67,59.93,24.17,20.88,72.11,83.74,70.46,48.33,16.97,54.04,19.8,52.5,18.44,47.71,59.23,21.26,49.52,29.53,62.0,74.11,47.89,50.04,87.8,23.02,19.72,79.26,16.76,59.84,37.95,68.48,18.36
6,90.0,74.11,100.18,60.46,38.42,67.05,0.0,18.44,81.22,82.97,93.74,57.27,27.2,68.82,52.15,88.0,53.67,66.57,36.06,96.77,93.91,84.12,105.55,94.34,89.38,98.95,64.0,83.19,91.08,46.17,96.66,74.0,81.61,44.72,61.06,96.54,50.36,106.3,71.02,51.88,93.74,50.16,63.53,90.2,20.1,111.52,106.83,26.08,90.67,89.05,65.46,92.44,69.12,95.69,29.12,85.8,56.08
7,73.59,71.39,82.37,48.7,26.68,60.03,18.44,0.0,76.11,64.56,88.0,48.37,24.17,52.35,35.38,85.91,36.06,49.68,17.89,78.43,76.16,76.42,94.87,76.16,75.47,92.2,46.17,65.51,82.87,40.2,78.71,56.14,63.25,27.2,50.0,80.62,47.54,92.09,59.46,34.41,76.84,48.08,46.04,86.83,2.83,94.4,93.94,10.77,72.34,83.01,53.49,74.04,57.87,78.87,26.0,67.62,45.35
8,63.56,11.66,84.1,36.06,50.99,17.09,81.22,76.11,0.0,87.86,12.65,29.73,54.33,58.0,60.03,16.12,65.51,60.83,70.88,92.65,79.65,12.0,36.77,87.13,45.61,18.87,94.34,73.24,17.09,36.0,84.12,100.0,85.04,65.39,33.29,62.64,31.05,56.0,31.24,64.5,69.86,31.62,65.3,12.81,78.23,82.46,48.51,66.48,102.65,8.6,34.71,93.01,30.41,70.01,52.35,82.2,35.34
9,32.98,92.09,24.17,53.85,56.57,73.24,82.97,64.56,87.86,0.0,93.51,63.53,72.11,30.0,36.5,103.71,32.06,27.78,47.07,14.42,20.4,79.25,78.79,14.42,50.99,92.8,27.2,17.09,81.22,69.57,19.7,22.8,2.83,40.05,56.6,40.45,79.12,58.86,56.64,34.06,30.07,80.99,25.3,100.5,63.25,40.5,67.45,58.55,14.87,89.14,53.6,9.49,57.49,32.02,72.25,9.0,57.25
10,66.03,22.8,86.53,44.94,62.29,28.07,93.74,88.0,12.65,93.51,0.0,40.45,66.75,64.4,69.08,18.44,74.32,67.68,81.58,96.54,82.8,14.42,30.07,90.91,46.65,7.21,102.86,77.79,13.42,48.17,87.2,107.7,90.69,75.29,42.38,63.53,43.68,53.37,37.74,73.54,72.11,44.27,72.72,12.17,90.02,82.46,44.28,78.1,108.37,5.1,42.49,97.62,37.59,71.87,64.78,86.98,45.35
11,48.04,29.73,66.48,10.2,22.0,12.65,57.27,48.37,29.73,63.53,40.45,0.0,30.53,34.18,31.24,43.27,36.88,35.78,41.23,71.47,60.83,28.07,48.37,66.48,37.58,44.0,65.6,51.92,34.53,12.81,65.12,72.14,60.83,35.78,8.0,50.99,18.11,53.85,16.12,35.61,54.0,20.1,38.83,42.05,50.16,70.46,51.66,38.05,77.7,35.36,13.15,70.38,13.89,55.04,28.84,59.81,6.4
12,69.86,48.17,83.95,35.38,16.49,39.85,27.2,24.17,54.33,72.11,66.75,30.53,0.0,50.0,36.06,62.51,40.05,49.03,29.53,84.1,77.67,56.92,78.89,80.4,65.3,71.81,61.74,67.08,63.91,18.97,81.22,70.94,70.03,32.56,35.38,75.18,24.08,82.22,45.34,38.05,74.67,24.33,48.17,64.03,26.83,92.48,81.47,18.44,83.36,61.98,40.31,81.01,43.28,76.32,2.0,72.17,30.41
13,21.26,62.13,34.23,24.17,33.53,43.27,68.82,52.35,58.0,30.0,64.4,34.18,50.0,0.0,16.97,73.76,17.89,4.0,35.61,37.36,28.07,50.0,54.59,32.56,28.07,64.5,40.79,18.11,52.84,42.19,32.0,43.86,27.2,25.61,26.83,28.43,50.99,42.38,26.91,18.87,25.06,52.95,10.0,70.71,52.35,42.94,47.38,42.8,44.69,59.82,23.6,36.25,27.59,26.93,49.48,25.63,28.16
14,38.21,60.96,48.7,24.17,20.1,43.27,52.15,35.38,60.03,36.5,69.08,31.24,36.06,16.97,0.0,74.4,5.66,14.42,18.87,48.04,42.38,55.03,66.12,44.41,42.38,70.88,34.41,31.62,59.67,34.0,45.61,41.04,34.23,8.94,26.83,45.34,43.91,58.14,32.56,4.47,41.62,45.65,12.17,72.72,35.38,59.36,61.68,26.08,49.04,64.08,26.93,45.1,32.02,43.6,36.0,36.12,25.0
15,79.62,14.56,100.18,50.99,62.77,31.24,88.0,85.91,16.12,103.71,18.44,43.27,62.51,73.76,74.4,0.0,80.0,76.42,83.26,108.76,95.77,27.2,48.37,103.25,61.35,25.3,108.81,89.31,30.07,46.17,100.24,114.98,100.9,78.89,48.17,78.43,38.47,70.46,47.2,78.82,85.91,38.21,80.62,6.32,88.29,98.08,62.01,77.2,118.44,19.03,50.25,109.04,46.23,86.01,60.53,98.23,49.41
16,38.42,66.6,46.52,29.53,24.74,48.83,53.67,36.06,65.51,32.06,74.32,36.88,40.05,17.89,5.66,80.0,0.0,14.42,18.44,44.41,40.25,60.17,70.0,41.23,45.12,75.89,28.84,29.53,64.56,39.45,43.08,35.38,30.0,8.94,32.25,46.04,49.4,60.17,37.36,2.0,41.04,51.11,10.0,78.23,35.61,58.41,64.54,27.86,43.97,69.35,31.95,41.01,37.0,43.14,40.2,32.76,30.61
17,24.08,64.4,34.93,26.08,32.56,45.61,66.57,49.68,60.83,27.78,67.68,35.78,49.03,4.0,14.42,76.42,14.42,0.0,32.56,36.5,28.64,53.25,58.55,32.06,32.06,68.0,36.88,18.11,56.36,42.76,32.25,40.25,25.06,22.63,28.84,31.62,51.92,46.17,30.0,15.62,27.2,53.85,6.0,73.59,49.52,44.94,51.35,40.5,42.2,63.01,26.17,34.79,30.48,29.21,48.66,24.52,29.55
18,56.64,68.88,64.5,38.0,20.59,53.85,36.06,17.89,70.88,47.07,81.58,41.23,29.53,35.61,18.87,83.26,18.44,32.56,0.0,60.73,58.31,68.47,83.19,58.31,60.93,84.59,32.31,47.71,74.11,37.74,60.83,41.76,45.61,10.0,40.05,64.03,47.2,76.94,48.17,16.97,59.46,48.41,28.43,82.87,17.2,76.84,80.06,12.17,56.01,76.49,42.11,56.52,47.04,61.55,30.53,49.77,36.35
19,31.24,98.39,14.14,61.35,68.0,79.62,96.77,78.43,92.65,14.42,96.54,71.47,84.1,37.36,48.04,108.76,44.41,36.5,60.73,0.0,14.42,82.8,77.67,5.66,50.99,94.76,41.04,19.7,83.55,79.25,10.77,34.99,15.23,52.95,63.91,36.72,88.29,54.63,61.77,46.39,26.08,90.24,36.0,104.86,77.25,30.07,64.41,71.81,19.1,92.62,60.01,5.83,63.06,27.29,84.02,12.04,65.52
20,16.97,86.16,6.32,50.64,61.19,67.68,93.91,76.16,79.65,20.4,82.8,60.83,77.67,28.07,42.38,95.77,40.25,28.64,58.31,14.42,0.0,69.34,63.25,8.94,36.77,80.72,46.52,10.77,69.66,70.03,4.47,43.17,18.97,49.19,52.95,22.36,78.41,40.5,49.4,42.05,11.66,80.4,30.46,91.59,75.47,20.59,50.09,68.03,31.58,79.06,48.51,17.72,50.92,13.0,77.28,11.7,55.33
21,52.84,22.8,73.43,31.05,50.04,17.09,84.12,76.42,12.0,79.25,14.42,28.07,56.92,50.0,55.03,27.2,60.17,53.25,68.47,82.8,69.34,0.0,26.08,77.2,34.18,16.12,88.57,63.78,7.21,37.95,73.78,93.3,76.42,61.61,28.64,51.26,36.06,44.0,23.32,59.46,59.06,37.2,58.31,22.36,78.23,70.88,36.67,66.12,94.11,9.9,28.23,83.63,23.26,59.03,55.03,72.92,32.14
22,46.65,48.33,65.3,46.17,68.35,41.04,105.55,94.87,36.77,78.79,30.07,48.37,78.89,54.59,66.12,48.37,70.0,58.55,83.19,77.67,63.25,26.08,0.0,72.11,27.86,24.08,95.35,61.74,19.7,60.46,67.2,97.53,76.16,74.43,44.94,41.23,60.83,26.08,35.44,70.03,51.61,62.23,64.5,42.19,96.17,57.2,15.65,84.12,93.02,29.83,41.48,80.26,37.0,50.61,77.18,70.66,49.77
23,25.61,93.04,10.2,56.32,64.12,74.32,94.34,76.16,87.13,14.42,90.91,66.48,80.4,32.56,44.41,103.25,41.23,32.06,58.31,5.66,8.94,77.2,72.11,0.0,45.34,89.11,41.62,14.56,77.9,74.67,6.0,36.77,14.14,50.0,58.82,31.3,83.55,49.4,56.36,43.17,20.59,85.51,32.25,99.3,75.15,26.68,59.03,68.96,23.09,87.01,54.78,9.06,57.7,21.93,80.22,8.54,60.64
24,19.8,54.33,40.0,30.0,50.99,38.21,89.38,75.47,45.61,50.99,46.65,37.58,65.3,28.07,42.38,61.35,45.12,32.06,60.93,50.99,36.77,34.18,27.86,45.34,0.0,44.05,68.26,34.0,33.29,50.12,41.04,69.86,48.33,51.26,30.53,17.09,55.03,16.97,21.54,45.61,25.61,56.92,38.05,56.46,76.16,36.88,19.42,64.9,65.37,43.38,25.24,53.01,23.77,25.24,64.03,43.05,35.23
25,63.78,29.73,84.02,47.07,66.0,32.25,98.95,92.2,18.87,92.8,7.21,44.0,71.81,64.5,70.88,25.3,75.89,68.0,84.59,94.76,80.72,16.12,24.08,89.11,44.05,0.0,104.0,76.58,11.66,52.95,85.04,108.24,90.0,77.67,44.72,60.46,49.4,48.7,38.63,75.29,69.66,50.16,73.35,18.97,94.09,78.71,39.05,82.02,107.62,10.3,43.97,96.26,38.9,69.2,69.86,85.8,48.26
26,54.59,95.27,51.11,58.31,50.0,77.67,64.0,46.17,94.34,27.2,102.86,65.6,61.74,40.79,34.41,108.81,28.84,36.88,32.31,41.04,46.52,88.57,95.35,41.62,68.26,104.0,0.0,39.29,92.48,66.6,46.65,10.0,27.78,31.24,61.06,62.8,76.58,80.22,65.39,30.0,53.85,78.1,31.05,107.07,44.05,67.08,87.02,44.27,28.23,97.95,60.37,35.36,65.31,56.04,62.61,34.89,59.41
27,16.12,78.71,17.09,41.76,50.64,59.93,83.19,65.51,73.24,17.09,77.79,51.92,67.08,18.11,31.62,89.31,29.53,18.11,47.71,19.7,10.77,63.78,61.74,14.56,34.0,76.58,39.29,0.0,65.12,60.3,14.14,38.0,14.56,38.47,44.27,24.0,69.05,42.19,42.19,31.3,14.56,71.02,19.7,85.6,64.9,29.73,50.45,57.27,31.38,73.66,40.31,19.85,43.42,16.76,66.75,9.22,46.1
28,52.8,28.64,73.24,36.22,56.32,24.17,91.08,82.87,17.09,81.22,13.42,34.53,63.91,52.84,59.67,30.07,64.56,56.36,74.11,83.55,69.66,7.21,19.7,77.9,33.29,11.66,92.48,65.12,0.0,44.94,74.03,96.6,78.41,66.75,34.06,50.12,43.27,40.45,27.2,64.03,58.82,44.41,61.74,24.33,84.59,69.08,32.02,72.44,96.05,11.05,32.76,84.86,27.66,58.52,62.03,74.33,38.01
29,58.86,31.62,76.0,20.88,17.2,20.88,46.17,40.2,36.0,69.57,48.17,12.81,18.97,42.19,34.0,46.17,39.45,42.76,37.74,79.25,70.03,37.95,60.46,74.67,50.12,52.95,66.6,60.3,44.94,0.0,74.11,74.4,67.05,35.38,19.7,62.64,10.0,66.57,28.84,37.74,64.5,11.66,44.27,46.69,42.43,81.58,64.44,31.05,82.86,43.29,25.08,77.37,26.63,65.76,17.09,67.27,15.52
30,21.26,90.62,4.47,54.92,64.78,72.11,96.66,78.71,84.12,19.7,87.2,65.12,81.22,32.0,45.61,100.24,43.08,32.25,60.83,10.77,4.47,73.78,67.2,6.0,41.04,85.04,46.65,14.14,74.03,74.11,0.0,42.38,18.87,52.0,57.27,26.08,82.61,43.86,53.85,44.94,15.62,84.59,33.53,96.04,77.9,20.88,53.71,70.94,29.07,83.49,52.89,15.03,55.36,16.64,80.89,12.04,59.54
31,54.04,101.86,46.82,64.03,58.31,83.74,74.0,56.14,100.0,22.8,107.7,72.14,70.94,43.86,41.04,114.98,35.38,40.25,41.76,34.99,43.17,93.3,97.53,36.77,69.86,108.24,10.0,38.0,96.6,74.4,42.38,0.0,24.33,39.45,66.84,62.0,84.4,80.1,69.97,36.88,52.15,86.02,34.99,112.8,54.04,63.25,87.82,53.85,19.42,102.93,65.46,29.15,70.18,54.23,71.69,31.58,65.8
32,30.59,89.31,23.32,51.11,54.33,70.46,81.61,63.25,85.04,2.83,90.69,60.83,70.03,27.2,34.23,100.9,30.0,25.06,45.61,15.23,18.97,76.42,76.16,14.14,48.33,90.0,27.78,14.56,78.41,67.05,18.87,24.33,0.0,38.21,53.85,38.21,76.55,56.57,53.81,32.0,28.0,78.43,22.8,97.67,62.03,39.4,65.0,56.89,17.69,86.31,50.8,11.05,54.67,30.02,70.11,7.28,54.56
33,46.69,64.9,55.46,30.59,18.87,48.33,44.72,27.2,65.39,40.05,75.29,35.78,32.56,25.61,8.94,78.89,8.94,22.63,10.0,52.95,49.19,61.61,74.43,50.0,51.26,77.67,31.24,38.47,66.75,35.38,52.0,39.45,38.21,0.0,32.98,54.04,45.34,67.08,40.05,7.21,49.68,46.86,18.87,77.82,26.91,67.2,70.52,18.97,50.8,70.21,34.13,49.25,39.2,51.74,32.98,41.48,30.08
34,40.05,35.61,58.55,2.83,23.41,16.97,61.06,50.0,33.29,56.6,42.38,8.0,35.38,26.83,26.83,48.17,32.25,28.84,40.05,63.91,52.95,28.64,44.94,58.82,30.53,44.72,61.06,44.27,34.06,19.7,57.27,66.84,53.85,32.98,0.0,43.17,26.08,47.2,10.0,31.3,46.0,28.07,32.56,46.04,51.42,62.51,46.1,39.29,71.03,37.34,5.39,63.07,8.06,47.04,33.94,52.39,5.0
35,8.25,71.02,24.08,41.76,59.36,54.04,96.54,80.62,62.64,40.45,63.53,50.99,75.18,28.43,45.34,78.43,46.04,31.62,64.03,36.72,22.36,51.26,41.23,31.3,17.09,60.46,62.8,24.0,50.12,62.64,26.08,62.0,38.21,54.04,43.17,0.0,69.05,18.44,36.06,47.2,10.77,71.02,36.72,73.54,80.72,20.1,27.73,70.77,53.45,60.42,37.85,39.92,38.12,9.43,74.24,31.58,47.13
36,66.12,24.08,84.21,28.0,26.91,19.8,50.36,47.54,31.05,79.12,43.68,18.11,24.08,50.99,43.91,38.47,49.4,51.92,47.2,88.29,78.41,36.06,60.83,83.55,55.03,49.4,76.58,69.05,43.27,10.0,82.61,84.4,76.55,45.34,26.08,69.05,0.0,70.68,33.53,47.71,72.03,2.0,53.85,40.0,50.0,88.57,67.12,39.4,92.61,39.22,31.26,86.68,31.32,73.11,22.09,76.4,23.09
37,26.08,66.27,41.18,46.86,67.94,52.5,106.3,92.09,56.0,58.86,53.37,53.85,82.22,42.38,58.14,70.46,60.17,46.17,76.94,54.63,40.5,44.0,26.08,49.4,16.97,48.7,80.22,42.19,40.45,66.57,43.86,80.1,56.57,67.08,47.2,18.44,70.68,0.0,37.74,60.93,29.12,72.5,51.92,64.78,92.65,31.24,10.63,81.61,71.84,51.48,42.01,58.19,39.96,27.51,80.92,50.01,52.01
38,34.53,36.77,54.41,10.77,33.11,18.44,71.02,59.46,31.24,56.64,37.74,16.12,45.34,26.91,32.56,47.2,37.36,30.0,48.17,61.77,49.4,23.32,35.44,56.36,21.54,38.63,65.39,42.19,27.2,28.84,53.85,69.97,53.81,40.05,10.0,36.06,33.53,37.74,0.0,36.88,40.79,35.44,34.99,43.86,60.73,56.0,36.12,48.7,71.45,33.02,6.08,61.85,2.24,41.44,43.86,51.04,15.0
39,39.7,65.3,48.33,28.64,22.8,47.71,51.88,34.41,64.5,34.06,73.54,35.61,38.05,18.87,4.47,78.82,2.0,15.62,16.97,46.39,42.05,59.46,70.03,43.17,45.61,75.29,30.0,31.3,64.03,37.74,44.94,36.88,32.0,7.21,31.3,47.2,47.71,60.93,36.88,0.0,42.52,49.4,11.66,77.18,34.06,60.0,65.0,26.0,45.88,68.54,31.32,43.01,36.4,44.6,38.21,34.71,29.41
40,6.32,77.2,14.42,44.05,58.31,59.23,93.74,76.84,69.86,30.07,72.11,54.0,74.67,25.06,41.62,85.91,41.04,27.2,59.46,26.08,11.66,59.06,51.61,20.59,25.61,69.66,53.85,14.56,58.82,64.5,15.62,52.15,28.0,49.68,46.0,10.77,72.03,29.12,40.79,42.52,0.0,74.03,31.11,81.41,76.58,17.89,38.48,67.68,42.72,68.6,41.05,29.15,42.58,2.24,74.0,21.1,49.16
41,68.12,24.0,86.21,30.0,28.28,21.26,50.16,48.08,31.62,80.99,44.27,20.1,24.33,52.95,45.65,38.21,51.11,53.85,48.41,90.24,80.4,37.2,62.23,85.51,56.92,50.16,78.1,71.02,44.41,11.66,84.59,86.02,78.43,46.86,28.07,71.02,2.0,72.5,35.44,49.4,74.03,0.0,55.71,40.05,50.6,90.55,68.8,40.25,94.43,39.92,33.24,88.6,33.24,75.11,22.36,78.34,25.08
42,28.84,68.12,36.77,29.73,32.0,49.52,63.53,46.04,65.3,25.3,72.72,38.83,48.17,10.0,12.17,80.62,10.0,6.0,28.43,36.0,30.46,58.31,64.5,32.25,38.05,73.35,31.05,19.7,61.74,44.27,33.53,34.99,22.8,18.87,32.56,36.72,53.85,51.92,34.99,11.66,31.11,55.71,0.0,78.1,45.61,48.41,57.31,37.58,38.95,67.96,30.61,33.38,35.23,33.24,48.04,24.02,32.45
43,75.18,16.12,95.77,48.83,62.64,29.53,90.2,86.83,12.81,100.5,12.17,42.05,64.03,70.71,72.72,6.32,78.23,73.59,82.87,104.86,91.59,22.36,42.19,99.3,56.46,18.97,107.07,85.6,24.33,46.69,96.04,112.8,97.67,77.82,46.04,73.54,40.0,64.78,43.86,77.18,81.41,40.05,78.1,0.0,89.11,92.97,56.08,77.67,115.31,13.34,47.51,105.42,43.14,81.39,62.03,94.64,47.89
44,73.54,73.76,81.63,50.0,28.28,62.0,20.1,2.83,78.23,63.25,90.02,50.16,26.83,52.35,35.38,88.29,35.61,49.52,17.2,77.25,75.47,78.23,96.17,75.15,76.16,94.09,44.05,64.9,84.59,42.43,77.9,54.04,62.03,26.91,51.42,80.72,50.0,92.65,60.73,34.06,76.58,50.6,45.61,89.11,0.0,94.02,94.81,12.17,70.58,85.01,54.71,72.73,59.2,78.64,28.64,66.64,46.87
45,22.8,91.08,16.49,60.83,76.16,74.11,111.52,94.4,82.46,40.5,82.46,70.46,92.48,42.94,59.36,98.08,58.41,44.94,76.84,30.07,20.59,70.88,57.2,26.68,36.88,78.71,67.08,29.73,69.08,81.58,20.88,63.25,39.4,67.2,62.51,20.1,88.57,31.24,56.0,60.0,17.89,90.55,48.41,92.97,94.02,0.0,41.87,85.44,49.16,79.71,57.31,35.36,58.01,16.16,91.76,32.2,66.1
46,34.48,59.44,51.31,46.4,68.51,47.89,106.83,93.94,48.51,67.45,44.28,51.66,81.47,47.38,61.68,62.01,64.54,51.35,80.06,64.41,50.09,36.67,15.65,59.03,19.42,39.05,87.02,50.45,32.02,64.44,53.71,87.82,65.0,70.52,46.1,27.73,67.12,10.63,36.12,65.0,38.48,68.8,57.31,56.08,94.81,41.87,0.0,83.24,80.99,43.0,41.4,67.62,38.21,37.12,79.98,58.82,51.09
47,64.03,62.64,74.32,37.95,16.12,50.04,26.08,10.77,66.48,58.55,78.1,38.05,18.44,42.8,26.08,77.2,27.86,40.5,12.17,71.81,68.03,66.12,84.12,68.96,64.9,82.02,44.27,57.27,72.44,31.05,70.94,53.85,56.89,18.97,39.29,70.77,39.4,81.61,48.7,26.0,67.68,40.25,37.58,77.67,12.17,85.44,83.24,0.0,68.07,73.06,42.72,67.9,47.13,69.63,19.8,60.44,34.71
48,46.62,106.61,33.0,68.24,68.68,87.8,90.67,72.34,102.65,14.87,108.37,77.7,83.36,44.69,49.04,118.44,43.97,42.2,56.01,19.1,31.58,94.11,93.02,23.09,65.37,107.62,28.23,31.38,96.05,82.86,29.07,19.42,17.69,50.8,71.03,53.45,92.61,71.84,71.45,45.88,42.72,94.43,38.95,115.31,70.58,49.16,80.99,68.07,0.0,104.0,68.25,14.04,72.25,44.38,83.74,22.36,71.34
49,62.43,19.85,83.01,39.92,57.22,23.02,89.05,83.01,8.6,89.14,5.1,35.36,61.98,59.82,64.08,19.03,69.35,63.01,76.49,92.62,79.06,9.9,29.83,87.01,43.38,10.3,97.95,73.66,11.05,43.29,83.49,102.93,86.31,70.21,37.34,60.42,39.22,51.48,33.02,68.54,68.6,39.92,67.96,13.34,85.01,79.71,43.0,73.06,104.0,0.0,37.59,93.51,32.76,68.48,60.02,82.81,40.26
50,35.0,38.59,53.94,5.0,27.29,19.72,65.46,53.49,34.71,53.6,42.49,13.15,40.31,23.6,26.93,50.25,31.95,26.17,42.11,60.01,48.51,28.23,41.48,54.78,25.24,43.97,60.37,40.31,32.76,25.08,52.89,65.46,50.8,34.13,5.39,37.85,31.26,42.01,6.08,31.32,41.05,33.24,30.61,47.51,54.71,57.31,41.4,42.72,68.25,37.59,0.0,59.54,5.1,42.0,38.95,48.76,10.0
51,33.62,98.11,19.03,60.42,65.19,79.26,92.44,74.04,93.01,9.49,97.62,70.38,81.01,36.25,45.1,109.04,41.01,34.79,56.52,5.83,17.72,83.63,80.26,9.06,53.01,96.26,35.36,19.85,84.86,77.37,15.03,29.15,11.05,49.25,63.07,39.92,86.68,58.19,61.85,43.01,29.15,88.6,33.38,105.42,72.73,35.36,67.62,67.9,14.04,93.51,59.54,0.0,62.97,30.68,81.06,10.82,64.26
52,36.35,35.34,56.04,9.22,31.38,16.76,69.12,57.87,30.41,57.49,37.59,13.89,43.28,27.59,32.02,46.23,37.0,30.48,47.04,63.06,50.92,23.26,37.0,57.7,23.77,38.9,65.31,43.42,27.66,26.63,55.36,70.18,54.67,39.2,8.06,38.12,31.32,39.96,2.24,36.4,42.58,33.24,35.23,43.14,59.2,58.01,38.21,47.13,72.25,32.76,5.1,62.97,0.0,43.29,41.77,52.15,13.04
53,7.0,77.62,14.87,45.18,60.01,59.84,95.69,78.87,70.01,32.02,71.87,55.04,76.32,26.93,43.6,86.01,43.14,29.21,61.55,27.29,13.0,59.03,50.61,21.93,25.24,69.2,56.04,16.76,58.52,65.76,16.64,54.23,30.02,51.74,47.04,9.43,73.11,27.51,41.44,44.6,2.24,75.11,33.24,81.39,78.64,16.16,37.12,69.63,44.38,68.48,42.0,30.68,43.29,0.0,75.61,23.02,50.36
54,69.08,46.17,83.55,34.06,16.12,37.95,29.12,26.0,52.35,72.25,64.78,28.84,2.0,49.48,36.0,60.53,40.2,48.66,30.53,84.02,77.28,55.03,77.18,80.22,64.03,69.86,62.61,66.75,62.03,17.09,80.89,71.69,70.11,32.98,33.94,74.24,22.09,80.92,43.86,38.21,74.0,22.36,48.04,62.03,28.64,91.76,79.98,19.8,83.74,60.02,38.95,81.06,41.77,75.61,0.0,72.06,29.0
55,24.35,87.32,16.4,49.77,56.01,68.48,85.8,67.62,82.2,9.0,86.98,59.81,72.17,25.63,36.12,98.23,32.76,24.52,49.77,12.04,11.7,72.92,70.66,8.54,43.05,85.8,34.89,9.22,74.33,67.27,12.04,31.58,7.28,41.48,52.39,31.58,76.4,50.01,51.04,34.71,21.1,78.34,24.02,94.64,66.64,32.2,58.82,60.44,22.36,82.81,48.76,10.82,52.15,23.02,72.06,0.0,53.76
56,43.42,36.07,61.13,5.39,18.68,18.36,56.08,45.35,35.34,57.25,45.35,6.4,30.41,28.16,25.0,49.41,30.61,29.55,36.35,65.52,55.33,32.14,49.77,60.64,35.23,48.26,59.41,46.1,38.01,15.52,59.54,65.8,54.56,30.08,5.0,47.13,23.09,52.01,15.0,29.41,49.16,25.08,32.45,47.89,46.87,66.1,51.09,34.71,71.34,40.26,10.0,64.26,13.04,50.36,29.0,53.76,0.0
