vehicles
vehicle_idx, capacity, cost_per_unit_distance
1,100,3
2,100,3
3,100,3
4,100,3
5,100,3
6,100,3
depot
node_idx,x,y
0,31,73
home delivery customers
node_idx,x,y,service_time,demand
1,6,56,10,17
2,48,50,10,8
3,74,98,10,7
4,56,37,10,22
5,13,81,10,14
6,36,17,10,15
7,64,30,10,24
8,40,72,10,6
9,1,44,10,21
10,60,95,10,10
11,27,49,10,6
12,46,53,10,21
13,98,8,10,11
14,7,81,10,22
15,9,11,10,23
16,6,59,10,12
self pickup customers
node_idx,x,y,service_time,demand,locker_idxs
17,11,67,10,19,51-46-48
18,52,96,10,2,54-47-49
19,81,29,10,12,52-50-45
20,97,62,10,20,52-49
21,91,17,10,14,55-45-50
22,49,68,10,2,54-51-47-46
23,85,29,10,8,52-45-50
24,96,55,10,23,52-56-49
25,87,5,10,10,55-45-50
26,75,61,10,20,52-49-47
27,3,9,10,11,51-48-50
28,1,100,10,16,51-46
29,6,25,10,11,53-48-46
30,96,16,10,5,55-45-50
flexible customers
node_idx,x,y,service_time,demand,locker_idxs
31,71,5,10,6,53-50-45
32,11,16,10,5,53-48
33,66,80,10,17,56-54-47-49
34,32,23,10,21,53-48-50
35,6,13,10,2,53-48
36,15,33,10,13,53-51-48
37,28,43,10,24,51-53-48
38,53,46,10,8,56-51-54-50-48
39,96,88,10,17,52-49
40,2,35,10,22,55-53-48-46
41,32,94,10,17,52-46
42,95,94,10,8,56-49
43,90,68,10,3,52-56-49-47
44,33,31,10,18,53-51-48
lockers
node_idx,x,y,service_time,capacity,cost_per_unit_good
45,93,12,10,93
46,22,88,10,87
47,65,88,10,70
48,25,15,10,90
49,77,88,10,78
50,72,14,10,99
51,30,53,10,76
52,81,51,10,73
53,25,27,10,75
54,56,72,10,99
55,6,60,10,80
56,76,55,10,76
mrt lines
start_node_idx,end_node_idx,freight_capacity,cost_per_unit_good
45,46,93,0.5
46,45,93,0.5
47,48,90,0.5
48,47,90,0.5
49,50,99,0.5
50,49,99,0.5
distance matrix
,0,1,2,3,4,5,6,7,8,9,10,11,12,13,14,15,16,17,18,19,20,21,22,23,24,25,26,27,28,29,30,31,32,33,34,35,36,37,38,39,40,41,42,43,44,45,46,47,48,49,50,51,52,53,54,55,56,
0,0.0,30.23,28.6,49.74,43.83,19.7,56.22,54.2,9.06,41.73,36.4,24.33,25.0,93.35,25.3,65.79,28.65,20.88,31.14,66.6,66.91,82.07,18.68,69.66,67.45,88.09,45.61,69.86,40.36,54.12,86.45,78.89,60.41,35.69,50.01,65.0,43.08,30.15,34.83,66.71,47.8,21.02,67.36,59.21,42.05,86.98,17.49,37.16,58.31,48.38,71.85,20.02,54.63,46.39,25.02,28.18,48.47
1,30.23,0.0,42.43,79.92,53.49,25.96,49.2,63.56,37.58,13.0,66.61,22.14,40.11,103.77,25.02,45.1,3.0,12.08,60.96,79.71,91.2,93.52,44.64,83.49,90.01,95.72,69.18,47.1,44.28,31.0,98.49,82.62,40.31,64.62,42.01,43.0,24.7,25.55,48.05,95.52,21.38,46.04,96.77,84.85,36.8,97.49,35.78,67.12,45.19,77.88,78.23,24.19,75.17,34.67,52.5,4.0,70.01
2,28.6,42.43,0.0,54.59,15.26,46.75,35.11,25.61,23.41,47.38,46.57,21.02,3.61,65.3,51.4,55.15,42.95,40.72,46.17,39.12,50.45,54.2,18.03,42.54,48.26,59.55,29.15,60.88,68.62,48.88,58.82,50.54,50.25,34.99,31.38,55.97,37.12,21.19,6.4,61.22,48.38,46.82,64.38,45.69,24.21,58.9,46.04,41.63,41.88,47.8,43.27,18.25,33.02,32.53,23.41,43.17,28.44
3,49.74,79.92,54.59,0.0,63.6,63.32,89.47,68.73,42.8,90.8,14.32,67.9,53.0,93.15,69.12,108.6,78.39,70.21,22.09,69.35,42.72,82.76,39.05,69.87,48.3,93.9,37.01,113.85,73.03,99.76,84.9,93.05,103.41,19.7,85.96,108.85,87.78,71.7,56.08,24.17,95.67,42.19,21.38,34.0,78.55,88.07,52.95,13.45,96.38,10.44,84.02,62.94,47.52,86.27,31.62,77.9,43.05
4,43.83,53.49,15.26,63.6,0.0,61.52,28.28,10.63,38.48,55.44,58.14,31.38,18.87,51.04,65.86,53.71,54.63,54.08,59.14,26.25,48.02,40.31,31.78,30.08,43.86,44.55,30.61,59.94,83.63,51.42,45.18,35.34,49.66,44.15,27.78,55.46,41.19,28.64,9.49,64.82,54.04,61.85,69.07,46.01,23.77,44.65,61.29,51.79,38.01,55.15,28.02,30.53,28.65,32.57,35.0,55.04,26.91
5,19.7,25.96,46.75,63.32,61.52,0.0,68.01,72.12,28.46,38.9,49.04,34.93,43.28,112.04,6.0,70.11,23.09,14.14,41.79,85.6,86.12,100.9,38.28,88.81,86.98,106.08,65.15,72.69,22.47,56.44,105.42,95.6,65.03,53.01,61.03,68.36,48.04,40.85,53.15,83.29,47.3,23.02,83.02,78.09,53.85,105.65,11.4,52.47,67.08,64.38,89.27,32.76,74.32,55.32,43.93,22.14,68.15
6,56.22,49.2,35.11,89.47,28.28,68.01,0.0,30.87,55.15,44.2,81.61,33.24,37.36,62.65,70.26,27.66,51.61,55.9,80.6,46.57,75.8,55.0,52.63,50.45,71.02,52.39,58.8,33.96,90.08,31.05,60.01,37.0,25.02,69.78,7.21,30.27,26.4,27.2,33.62,92.96,38.47,77.1,97.01,74.28,14.32,57.22,72.37,76.69,11.18,81.99,36.12,36.5,56.4,14.87,58.52,52.43,55.17
7,54.2,63.56,25.61,68.73,10.63,72.12,30.87,0.0,48.37,64.54,65.12,41.59,29.21,40.5,76.49,58.19,64.85,64.64,67.08,17.03,45.97,29.97,40.85,21.02,40.61,33.97,32.89,64.51,94.18,58.22,34.93,25.96,54.82,50.04,32.76,60.44,49.09,38.28,19.42,66.24,62.2,71.55,71.11,46.04,31.02,34.13,71.61,58.01,41.79,59.44,17.89,41.05,27.02,39.12,42.76,65.3,27.73
8,9.06,37.58,23.41,42.8,38.48,28.46,55.15,48.37,0.0,48.01,30.48,26.42,19.92,86.37,34.21,68.43,36.4,29.43,26.83,59.41,57.87,75.01,9.85,62.24,58.52,81.84,36.69,73.06,48.01,58.01,79.2,73.82,63.06,27.2,49.65,68.1,46.32,31.38,29.07,58.24,53.04,23.41,59.24,50.16,41.59,80.06,24.08,29.68,58.94,40.31,66.24,21.47,46.07,47.43,16.0,36.06,39.81
9,41.73,13.0,47.38,90.8,55.44,38.9,44.2,64.54,48.01,0.0,77.99,26.48,45.89,103.46,37.48,33.96,15.81,25.08,72.84,81.39,97.67,93.96,53.67,85.33,95.63,94.43,75.93,35.06,56.0,19.65,99.04,80.13,29.73,74.3,37.44,31.4,17.8,27.02,52.04,104.69,9.06,58.83,106.47,92.18,34.54,97.41,48.75,77.67,37.64,87.82,77.08,30.36,80.31,29.41,61.72,16.76,75.8
10,36.4,66.61,46.57,14.32,58.14,49.04,81.61,65.12,30.48,77.99,0.0,56.61,44.27,94.94,54.82,98.27,64.9,56.44,8.06,69.26,49.58,83.93,29.15,70.58,53.81,93.96,37.16,103.17,59.21,88.41,86.82,90.67,92.96,16.16,77.25,98.18,76.61,61.06,49.5,36.67,83.45,28.02,35.01,40.36,69.46,89.32,38.64,8.6,87.32,18.38,81.88,51.61,48.75,76.48,23.35,64.35,43.08
11,24.33,22.14,21.02,67.9,31.38,34.93,33.24,41.59,26.42,26.48,56.61,0.0,19.42,81.99,37.74,42.05,23.26,24.08,53.24,57.58,71.2,71.55,29.07,61.35,69.26,74.4,49.48,46.65,57.25,31.89,76.49,62.23,36.67,49.82,26.48,41.68,20.0,6.08,26.17,79.26,28.65,45.28,81.54,65.8,18.97,75.66,39.32,54.45,34.06,63.41,57.01,5.0,54.04,22.09,37.01,23.71,49.37
12,25.0,40.11,3.61,53.0,18.87,43.28,37.36,29.21,19.92,45.89,44.27,19.42,0.0,68.77,48.01,55.97,40.45,37.7,43.42,42.44,51.79,57.63,15.3,45.79,50.04,63.13,30.08,61.52,65.07,48.83,62.2,54.12,50.93,33.6,33.11,56.57,36.89,20.59,9.9,61.03,47.54,43.32,63.89,46.49,25.55,62.37,42.44,39.82,43.42,46.75,46.87,16.0,35.06,33.42,21.47,40.61,30.07
13,93.35,103.77,65.3,93.15,51.04,112.04,62.65,40.5,86.37,103.46,94.94,81.99,68.77,0.0,116.66,89.05,105.19,105.12,99.3,27.02,54.01,11.4,77.47,24.7,47.04,11.4,57.78,95.01,133.69,93.56,8.25,27.17,87.37,78.79,67.68,92.14,86.68,78.26,58.9,80.02,99.72,108.41,86.05,60.53,68.95,6.4,110.34,86.54,73.33,82.71,26.68,81.54,46.24,75.43,76.55,105.68,51.89
14,25.3,25.02,51.4,69.12,65.86,6.0,70.26,76.49,34.21,37.48,54.82,37.74,48.01,116.66,0.0,70.03,22.02,14.56,47.43,90.44,91.98,105.6,43.97,93.74,92.72,110.34,70.88,72.11,19.92,56.01,110.21,99.36,65.12,59.01,63.16,68.01,48.66,43.42,57.8,89.27,46.27,28.18,88.96,84.01,56.36,110.26,16.55,58.42,68.41,70.35,93.35,36.24,79.85,56.92,49.82,21.02,73.74
15,65.79,45.1,55.15,108.6,53.71,70.11,27.66,58.19,68.43,33.96,98.27,42.05,55.97,89.05,70.03,0.0,48.09,56.04,95.26,74.22,101.71,82.22,69.63,78.1,97.49,78.23,82.8,6.32,89.36,14.32,87.14,62.29,5.39,89.5,25.94,3.61,22.8,37.22,56.22,116.18,25.0,86.13,119.52,99.05,31.24,84.01,78.09,95.21,16.49,102.73,63.07,46.96,82.37,22.63,77.01,49.09,80.16
16,28.65,3.0,42.95,78.39,54.63,23.09,51.61,64.85,36.4,15.81,64.9,23.26,40.45,105.19,22.02,48.09,0.0,9.43,59.03,80.78,91.05,94.81,43.93,84.5,90.09,97.35,69.03,50.09,41.3,34.0,99.74,84.5,43.29,63.57,44.41,46.0,27.51,27.2,48.76,94.56,24.33,43.6,95.63,84.48,38.9,98.88,33.12,65.74,47.93,76.69,79.88,24.74,75.43,37.22,51.66,1.0,70.11
17,20.88,12.08,40.72,70.21,54.08,14.14,55.9,64.64,29.43,25.08,56.44,24.08,37.7,105.12,14.56,56.04,9.43,0.0,50.22,79.65,86.15,94.34,38.01,83.19,85.84,98.08,64.28,58.55,34.48,42.3,99.13,86.28,51.0,56.52,48.75,54.23,34.23,29.41,46.96,87.56,33.24,34.21,88.23,79.01,42.19,98.74,23.71,57.94,53.85,69.26,80.81,23.6,71.81,42.38,45.28,8.6,66.1
18,31.14,60.96,46.17,22.09,59.14,41.79,80.6,67.08,26.83,72.84,8.06,53.24,43.42,99.3,47.43,95.26,59.03,50.22,0.0,73.01,56.4,88.1,28.16,74.69,60.14,97.5,41.88,99.85,51.16,84.6,91.3,92.96,89.89,21.26,75.69,94.89,73.06,58.18,50.01,44.72,78.87,20.1,43.05,47.2,67.72,93.47,31.05,15.26,85.38,26.25,84.4,48.3,53.54,74.09,24.33,58.41,47.51
19,66.6,79.71,39.12,69.35,26.25,85.6,46.57,17.03,59.41,81.39,69.26,57.58,42.44,27.02,90.44,74.22,80.78,79.65,73.01,0.0,36.67,15.62,50.45,4.0,30.02,24.74,32.56,80.52,106.96,75.11,19.85,26.0,71.2,53.16,49.37,76.69,66.12,54.82,32.76,60.88,79.23,81.4,66.49,40.02,48.04,20.81,83.44,61.13,57.72,59.14,17.49,56.36,22.0,56.04,49.74,81.15,26.48
20,66.91,91.2,50.45,42.72,48.02,86.12,75.8,45.97,57.87,97.67,49.58,71.2,51.79,54.01,91.98,101.71,91.05,86.15,56.4,36.67,0.0,45.4,48.37,35.11,7.07,57.87,22.02,107.91,103.25,98.23,46.01,62.65,97.53,35.85,75.8,103.35,86.98,71.57,46.82,26.02,98.76,72.45,32.06,9.22,71.11,50.16,79.38,41.23,85.98,32.8,54.12,67.6,19.42,80.06,42.2,91.02,22.14
21,82.07,93.52,54.2,82.76,40.31,100.9,55.0,29.97,75.01,93.96,83.93,71.55,57.63,11.4,105.6,82.22,94.81,94.34,88.1,15.62,45.4,0.0,66.07,13.42,38.33,12.65,46.82,88.36,122.43,85.38,5.1,23.32,80.01,67.78,59.3,85.09,77.67,68.15,47.8,71.18,90.8,97.01,77.1,51.01,59.67,5.39,99.01,75.61,66.03,72.37,19.24,70.83,35.44,66.75,65.19,95.26,40.85
22,18.68,44.64,18.03,39.05,31.78,38.28,52.63,40.85,9.85,53.67,29.15,29.07,15.3,77.47,43.97,69.63,43.93,38.01,28.16,50.45,48.37,66.07,0.0,53.08,48.76,73.57,26.93,74.81,57.69,60.81,70.09,66.73,64.4,20.81,48.1,69.81,48.8,32.65,22.36,51.08,57.43,31.06,52.84,41.0,40.31,71.22,33.6,25.61,58.18,34.41,58.69,24.21,36.24,47.51,8.06,43.74,29.97
23,69.66,83.49,42.54,69.87,30.08,88.81,50.45,21.02,62.24,85.33,70.58,61.35,45.79,24.7,93.74,78.1,84.5,83.19,74.69,4.0,35.11,13.42,53.08,0.0,28.23,24.08,33.53,84.4,109.99,79.1,17.03,27.78,75.13,54.42,53.34,80.6,70.11,58.69,36.24,60.02,83.22,83.87,65.76,39.32,52.04,18.79,86.31,62.3,61.61,59.54,19.85,60.01,22.36,60.03,51.87,84.86,27.51
24,67.45,90.01,48.26,48.3,43.86,86.98,71.02,40.61,58.52,95.63,53.81,69.26,50.04,47.04,92.72,97.49,90.09,85.84,60.14,30.02,7.07,38.33,48.76,28.23,0.0,50.8,21.84,103.75,105.12,94.87,39.0,55.9,93.52,39.05,71.55,99.32,83.93,69.05,43.93,33.0,96.1,74.95,39.01,14.32,67.42,43.1,81.02,45.28,81.49,38.08,47.51,66.03,15.52,76.32,43.46,90.14,20.0
25,88.09,95.72,59.55,93.9,44.55,106.08,52.39,33.97,81.84,94.43,93.96,74.4,63.13,11.4,110.34,78.23,97.35,98.08,97.5,24.74,57.87,12.65,73.57,24.08,50.8,0.0,57.27,84.1,128.14,83.43,14.21,16.0,76.79,77.88,57.87,81.39,77.25,70.18,53.26,83.49,90.14,104.62,89.36,63.07,59.93,9.22,105.42,85.87,62.8,83.6,17.49,74.52,46.39,65.79,73.82,97.91,51.2
26,45.61,69.18,29.15,37.01,30.61,65.15,58.8,32.89,36.69,75.93,37.16,49.48,30.08,57.78,70.88,82.8,69.03,64.28,41.88,32.56,22.02,46.82,26.93,33.53,21.84,57.27,0.0,88.81,83.65,77.83,49.66,56.14,78.24,21.02,57.38,84.05,66.21,50.33,26.63,34.21,77.49,54.2,38.59,16.55,51.61,52.2,59.48,28.79,67.94,27.07,47.1,45.71,11.66,60.46,21.95,69.01,6.08
27,69.86,47.1,60.88,113.85,59.94,72.69,33.96,64.51,73.06,35.06,103.17,46.65,61.52,95.01,72.11,6.32,50.09,58.55,99.85,80.52,107.91,88.36,74.81,84.4,103.75,84.1,88.81,0.0,91.02,16.28,93.26,68.12,10.63,94.92,32.2,5.0,26.83,42.2,62.2,122.02,26.02,89.81,125.26,105.12,37.2,90.05,81.25,100.42,22.8,108.25,69.18,51.62,88.59,28.43,82.33,51.09,86.28
28,40.36,44.28,68.62,73.03,83.63,22.47,90.08,94.18,48.01,56.0,59.21,57.25,65.07,133.69,19.92,89.36,41.3,34.48,51.16,106.96,103.25,122.43,57.69,109.99,105.12,128.14,83.65,91.02,0.0,75.17,126.81,118.0,84.59,68.01,83.01,87.14,68.45,63.07,74.97,95.75,65.01,31.58,94.19,94.58,76.06,127.31,24.19,65.12,88.32,76.94,111.52,55.23,93.81,76.84,61.72,40.31,87.46
29,54.12,31.0,48.88,99.76,51.42,56.44,31.05,58.22,58.01,19.65,88.41,31.89,48.83,93.56,56.01,14.32,34.0,42.3,84.6,75.11,98.23,85.38,60.81,79.1,94.87,83.43,77.83,16.28,75.17,0.0,90.45,68.01,10.3,81.39,26.08,12.0,12.04,28.43,51.48,109.86,10.77,73.74,112.61,94.37,27.66,87.97,65.0,86.31,21.47,94.92,66.91,36.88,79.38,19.1,68.62,35.0,76.16
30,86.45,98.49,58.82,84.9,45.18,105.42,60.01,34.93,79.2,99.04,86.82,76.49,62.2,8.25,110.21,87.14,99.74,99.13,91.3,19.85,46.01,5.1,70.09,17.03,39.0,14.21,49.66,93.26,126.81,90.45,0.0,27.31,85.0,70.68,64.38,90.05,82.76,73.16,52.43,72.0,95.9,100.9,78.01,52.35,64.76,5.0,103.25,78.39,71.01,74.46,24.08,75.66,38.08,71.85,68.82,100.18,43.83
31,78.89,82.62,50.54,93.05,35.34,95.6,37.0,25.96,73.82,80.13,90.67,62.23,54.12,27.17,99.36,62.29,84.5,86.28,92.96,26.0,62.65,23.32,66.73,27.78,55.9,16.0,56.14,68.12,118.0,68.01,27.31,0.0,61.0,75.17,42.95,65.49,62.61,57.38,44.78,86.68,75.24,97.17,92.18,65.8,46.04,23.09,96.38,83.22,47.07,83.22,9.06,63.13,47.07,50.99,68.66,85.15,50.25
32,60.41,40.31,50.25,103.41,49.66,65.03,25.02,54.82,63.06,29.73,92.96,36.67,50.93,87.37,65.12,5.39,43.29,51.0,89.89,71.2,97.53,80.01,64.4,75.13,93.52,76.79,78.24,10.63,84.59,10.3,85.0,61.0,0.0,84.39,22.14,5.83,17.46,31.91,51.61,111.4,21.02,80.78,114.63,94.58,26.63,82.1,72.84,90.0,14.04,97.67,61.03,41.59,78.26,17.8,71.84,44.28,75.8
33,35.69,64.62,34.99,19.7,44.15,53.01,69.78,50.04,27.2,74.3,16.16,49.82,33.6,78.79,59.01,89.5,63.57,56.52,21.26,53.16,35.85,67.78,20.81,54.42,39.05,77.88,21.02,94.92,68.01,81.39,70.68,75.17,84.39,0.0,66.37,89.94,69.35,53.04,36.4,31.05,78.24,36.77,32.2,26.83,59.08,73.16,44.72,8.06,76.85,13.6,66.27,45.0,32.65,67.01,12.81,63.25,26.93
34,50.01,42.01,31.38,85.96,27.78,61.03,7.21,32.76,49.65,37.44,77.25,26.48,33.11,67.68,63.16,25.94,44.41,48.75,75.69,49.37,75.8,59.3,48.1,53.34,71.55,57.87,57.38,32.2,83.01,26.08,64.38,42.95,22.14,66.37,0.0,27.86,19.72,20.4,31.14,91.22,32.31,71.0,94.92,73.41,8.06,61.98,65.76,72.9,10.63,79.06,41.0,30.07,56.44,8.06,54.56,45.22,54.41
35,65.0,43.0,55.97,108.85,55.46,68.36,30.27,60.44,68.1,31.4,98.18,41.68,56.57,92.14,68.01,3.61,46.0,54.23,94.89,76.69,103.35,85.09,69.81,80.6,99.32,81.39,84.05,5.0,87.14,12.0,90.05,65.49,5.83,89.94,27.86,0.0,21.93,37.2,57.43,117.15,22.36,85.07,120.34,100.4,32.45,87.01,76.69,95.43,19.1,103.28,66.01,46.65,84.08,23.6,77.34,47.0,81.63
36,43.08,24.7,37.12,87.78,41.19,48.04,26.4,49.09,46.32,17.8,76.61,20.0,36.89,86.68,48.66,22.8,27.51,34.23,73.06,66.12,86.98,77.67,48.8,70.11,83.93,77.25,66.21,26.83,68.45,12.04,82.76,62.61,17.46,69.35,19.72,21.93,0.0,16.4,40.16,97.91,13.15,63.32,100.6,82.76,18.11,80.78,55.44,74.33,20.59,82.88,60.08,25.0,68.41,11.66,56.59,28.46,64.85
37,30.15,25.55,21.19,71.7,28.64,40.85,27.2,38.28,31.38,27.02,61.06,6.08,20.59,78.26,43.42,37.22,27.2,29.41,58.18,54.82,71.57,68.15,32.65,58.69,69.05,70.18,50.33,42.2,63.07,28.43,73.16,57.38,31.91,53.04,20.4,37.2,16.4,0.0,25.18,81.54,27.2,51.16,84.2,66.85,13.0,72.01,45.4,58.26,28.16,66.53,52.7,10.2,53.6,16.28,40.31,27.8,49.48
38,34.83,48.05,6.4,56.08,9.49,53.15,33.62,19.42,29.07,52.04,49.5,26.17,9.9,58.9,57.8,56.22,48.76,46.96,50.01,32.76,46.82,47.8,22.36,36.24,43.93,53.26,26.63,62.2,74.97,51.48,52.43,44.78,51.61,36.4,31.14,57.43,40.16,25.18,0.0,60.11,52.17,52.39,63.78,43.05,25.0,52.5,52.2,43.68,41.77,48.37,37.22,24.04,28.44,33.84,26.17,49.04,24.7
39,66.71,95.52,61.22,24.17,64.82,83.29,92.96,66.24,58.24,104.69,36.67,79.26,61.03,80.02,89.27,116.18,94.56,87.56,44.72,60.88,26.02,71.18,51.08,60.02,33.0,83.49,34.21,122.02,95.75,109.86,72.0,86.68,111.4,31.05,91.22,117.15,97.91,81.54,60.11,0.0,107.91,64.28,6.08,20.88,84.96,76.06,74.0,31.0,101.83,19.0,77.79,74.71,39.92,93.61,43.08,94.25,38.59
40,47.8,21.38,48.38,95.67,54.04,47.3,38.47,62.2,53.04,9.06,83.45,28.65,47.54,99.72,46.27,25.0,24.33,33.24,78.87,79.23,98.76,90.8,57.43,83.22,96.1,90.14,77.49,26.02,65.01,10.77,95.9,75.24,21.02,78.24,32.31,22.36,13.15,27.2,52.17,107.91,0.0,66.19,110.14,93.98,31.26,93.86,56.65,82.33,30.48,91.84,73.08,33.29,80.6,24.35,65.46,25.32,76.66
41,21.02,46.04,46.82,42.19,61.85,23.02,77.1,71.55,23.41,58.83,28.02,45.28,43.32,108.41,28.18,86.13,43.6,34.21,20.1,81.4,72.45,97.01,31.06,83.87,74.95,104.62,54.2,89.81,31.58,73.74,100.9,97.17,80.78,36.77,71.0,85.07,63.32,51.16,52.39,64.28,66.19,0.0,63.0,63.56,63.01,102.2,11.66,33.54,79.31,45.4,89.44,41.05,65.19,67.36,32.56,42.8,58.8
42,67.36,96.77,64.38,21.38,69.07,83.02,97.01,71.11,59.24,106.47,35.01,81.54,63.89,86.05,88.96,119.52,95.63,88.23,43.05,66.49,32.06,77.1,52.84,65.76,39.01,89.36,38.59,125.26,94.19,112.61,78.01,92.18,114.63,32.2,94.92,120.34,100.6,84.2,63.78,6.08,110.14,63.0,0.0,26.48,88.39,82.02,73.25,30.59,105.55,18.97,83.24,76.85,45.22,96.9,44.78,95.27,43.38
43,59.21,84.85,45.69,34.0,46.01,78.09,74.28,46.04,50.16,92.18,40.36,65.8,46.49,60.53,84.01,99.05,84.48,79.01,47.2,40.02,9.22,51.01,41.0,39.32,14.32,63.07,16.55,105.12,94.58,94.37,52.35,65.8,94.58,26.83,73.41,100.4,82.76,66.85,43.05,20.88,93.98,63.56,26.48,0.0,67.96,56.08,70.88,32.02,83.87,23.85,56.92,61.85,19.24,76.85,34.23,84.38,19.1
44,42.05,36.8,24.21,78.55,23.77,53.85,14.32,31.02,41.59,34.54,69.46,18.97,25.55,68.95,56.36,31.24,38.9,42.19,67.72,48.04,71.11,59.67,40.31,52.04,67.42,59.93,51.61,37.2,76.06,27.66,64.76,46.04,26.63,59.08,8.06,32.45,18.11,13.0,25.0,84.96,31.26,63.01,88.39,67.96,0.0,62.94,58.05,65.37,17.89,72.01,42.54,22.2,52.0,8.94,47.01,39.62,49.24
45,86.98,97.49,58.9,88.07,44.65,105.65,57.22,34.13,80.06,97.41,89.32,75.66,62.37,6.4,110.26,84.01,98.88,98.74,93.47,20.81,50.16,5.39,71.22,18.79,43.1,9.22,52.2,90.05,127.31,87.97,5.0,23.09,82.1,73.16,61.98,87.01,80.78,72.01,52.5,76.06,93.86,102.2,82.02,56.08,62.94,0.0,104.0,80.99,68.07,77.67,21.1,75.17,40.8,69.63,70.49,99.36,46.24
46,17.49,35.78,46.04,52.95,61.29,11.4,72.37,71.61,24.08,48.75,38.64,39.32,42.44,110.34,16.55,78.09,33.12,23.71,31.05,83.44,79.38,99.01,33.6,86.31,81.02,105.42,59.48,81.25,24.19,65.0,103.25,96.38,72.84,44.72,65.76,76.69,55.44,45.4,52.2,74.0,56.65,11.66,73.25,70.88,58.05,104.0,0.0,43.0,73.06,55.0,89.31,35.9,69.64,61.07,37.58,32.25,63.29
47,37.16,67.12,41.63,13.45,51.79,52.47,76.69,58.01,29.68,77.67,8.6,54.45,39.82,86.54,58.42,95.21,65.74,57.94,15.26,61.13,41.23,75.61,25.61,62.3,45.28,85.87,28.79,100.42,65.12,86.31,78.39,83.22,90.0,8.06,72.9,95.43,74.33,58.26,43.68,31.0,82.33,33.54,30.59,32.02,65.37,80.99,43.0,0.0,83.24,12.0,74.33,49.5,40.31,72.95,18.36,65.31,34.79
48,58.31,45.19,41.88,96.38,38.01,67.08,11.18,41.79,58.94,37.64,87.32,34.06,43.42,73.33,68.41,16.49,47.93,53.85,85.38,57.72,85.98,66.03,58.18,61.61,81.49,62.8,67.94,22.8,88.32,21.47,71.01,47.07,14.04,76.85,10.63,19.1,20.59,28.16,41.77,101.83,30.48,79.31,105.55,83.87,17.89,68.07,73.06,83.24,0.0,89.63,47.01,38.33,66.57,12.0,64.88,48.85,64.82
49,48.38,77.88,47.8,10.44,55.15,64.38,81.99,59.44,40.31,87.82,18.38,63.41,46.75,82.71,70.35,102.73,76.69,69.26,26.25,59.14,32.8,72.37,34.41,59.54,38.08,83.6,27.07,108.25,76.94,94.92,74.46,83.22,97.67,13.6,79.06,103.28,82.88,66.53,48.37,19.0,91.84,45.4,18.97,23.85,72.01,77.67,55.0,12.0,89.63,0.0,74.17,58.6,37.22,80.16,26.4,76.32,33.02
50,71.85,78.23,43.27,84.02,28.02,89.27,36.12,17.89,66.24,77.08,81.88,57.01,46.87,26.68,93.35,63.07,79.88,80.81,84.4,17.49,54.12,19.24,58.69,19.85,47.51,17.49,47.1,69.18,111.52,66.91,24.08,9.06,61.03,66.27,41.0,66.01,60.08,52.7,37.22,77.79,73.08,89.44,83.24,56.92,42.54,21.1,89.31,74.33,47.01,74.17,0.0,57.31,38.08,48.76,60.17,80.45,41.19
51,20.02,24.19,18.25,62.94,30.53,32.76,36.5,41.05,21.47,30.36,51.61,5.0,16.0,81.54,36.24,46.96,24.74,23.6,48.3,56.36,67.6,70.83,24.21,60.01,66.03,74.52,45.71,51.62,55.23,36.88,75.66,63.13,41.59,45.0,30.07,46.65,25.0,10.2,24.04,74.71,33.29,41.05,76.85,61.85,22.2,75.17,35.9,49.5,38.33,58.6,57.31,0.0,51.04,26.48,32.2,25.0,46.04
52,54.63,75.17,33.02,47.52,28.65,74.32,56.4,27.02,46.07,80.31,48.75,54.04,35.06,46.24,79.85,82.37,75.43,71.81,53.54,22.0,19.42,35.44,36.24,22.36,15.52,46.39,11.66,88.59,93.81,79.38,38.08,47.07,78.26,32.65,56.44,84.08,68.41,53.6,28.44,39.92,80.6,65.19,45.22,19.24,52.0,40.8,69.64,40.31,66.57,37.22,38.08,51.04,0.0,60.93,32.65,75.54,6.4
53,46.39,34.67,32.53,86.27,32.57,55.32,14.87,39.12,47.43,29.41,76.48,22.09,33.42,75.43,56.92,22.63,37.22,42.38,74.09,56.04,80.06,66.75,47.51,60.03,76.32,65.79,60.46,28.43,76.84,19.1,71.85,50.99,17.8,67.01,8.06,23.6,11.66,16.28,33.84,93.61,24.35,67.36,96.9,76.85,8.94,69.63,61.07,72.95,12.0,80.16,48.76,26.48,60.93,0.0,54.64,38.08,58.18
54,25.02,52.5,23.41,31.62,35.0,43.93,58.52,42.76,16.0,61.72,23.35,37.01,21.47,76.55,49.82,77.01,51.66,45.28,24.33,49.74,42.2,65.19,8.06,51.87,43.46,73.82,21.95,82.33,61.72,68.62,68.82,68.66,71.84,12.81,54.56,77.34,56.59,40.31,26.17,43.08,65.46,32.56,44.78,34.23,47.01,70.49,37.58,18.36,64.88,26.4,60.17,32.2,32.65,54.64,0.0,51.42,26.25
55,28.18,4.0,43.17,77.9,55.04,22.14,52.43,65.3,36.06,16.76,64.35,23.71,40.61,105.68,21.02,49.09,1.0,8.6,58.41,81.15,91.02,95.26,43.74,84.86,90.14,97.91,69.01,51.09,40.31,35.0,100.18,85.15,44.28,63.25,45.22,47.0,28.46,27.8,49.04,94.25,25.32,42.8,95.27,84.38,39.62,99.36,32.25,65.31,48.85,76.32,80.45,25.0,75.54,38.08,51.42,0.0,70.18
56,48.47,70.01,28.44,43.05,26.91,68.15,55.17,27.73,39.81,75.8,43.08,49.37,30.07,51.89,73.74,80.16,70.11,66.1,47.51,26.48,22.14,40.85,29.97,27.51,20.0,51.2,6.08,86.28,87.46,76.16,43.83,50.25,75.8,26.93,54.41,81.63,64.85,49.48,24.7,38.59,76.66,58.8,43.38,19.1,49.24,46.24,63.29,34.79,64.82,33.02,41.19,46.04,6.4,58.18,26.25,70.18,0.0
