vehicles
vehicle_idx, capacity, cost_per_unit_distance
1,100,3
2,100,3
3,100,3
4,100,3
5,100,3
6,100,3
7,100,3
depot
node_idx,x,y
0,61,99
home delivery customers
node_idx,x,y,service_time,demand
1,45,87,10,1
2,55,23,10,12
3,65,61,10,13
4,17,35,10,14
5,75,77,10,7
6,85,31,10,21
7,89,43,10,24
8,39,45,10,22
9,47,77,10,16
10,29,19,10,20
11,33,9,10,22
12,41,13,10,12
13,45,5,10,20
14,83,7,10,15
15,57,81,10,9
16,35,35,10,24
self pickup customers
node_idx,x,y,service_time,demand,locker_idxs
17,95,7,10,14,47-50
18,29,71,10,6,48
19,75,63,10,1,54
20,39,99,10,18,52
21,49,37,10,8,53
22,89,71,10,8,49
23,45,5,10,19,46
24,49,69,10,3,52
25,63,25,10,26,53-51-57-50
26,89,33,10,8,47-50
27,49,77,10,17,52
28,81,61,10,2,49
29,93,89,10,10,56
30,17,13,10,6,46
flexible customers
node_idx,x,y,service_time,demand,locker_idxs
31,15,47,10,16,46
32,39,75,10,23,52-48
33,87,79,10,5,56-49-45
34,73,35,10,20,51-50
35,79,81,10,20,54-49-45
36,93,69,10,13,49-45
37,93,33,10,17,47
38,13,65,10,12,48
39,63,9,10,20,50
40,67,75,10,14,54-45-49
41,41,27,10,25,55-57-53-46
42,57,81,10,19,52-54-45
43,89,27,10,11,47-50
44,7,25,10,21,46
lockers
node_idx,x,y,service_time,capacity,cost_per_unit_good
45,65,88,10,92
46,25,15,10,98
47,93,12,10,93
48,22,88,10,93
49,77,88,10,74
50,72,14,10,71
51,59,37,10,76
52,53,87,10,70
53,46,30,10,78
54,62,79,10,91
55,50,41,10,90
56,89,99,10,100
57,47,36,10,85
mrt lines
start_node_idx,end_node_idx,freight_capacity,cost_per_unit_good
45,46,98,0.1
46,45,98,0.1
47,48,93,0.1
48,47,93,0.1
49,50,74,0.1
50,49,74,0.1
distance matrix
,0,1,2,3,4,5,6,7,8,9,10,11,12,13,14,15,16,17,18,19,20,21,22,23,24,25,26,27,28,29,30,31,32,33,34,35,36,37,38,39,40,41,42,43,44,45,46,47,48,49,50,51,52,53,54,55,56,57,
0,0.0,20.0,76.24,38.21,77.67,26.08,72.11,62.61,58.31,26.08,86.16,94.25,88.29,95.35,94.59,18.44,69.08,98.08,42.52,38.63,22.0,63.15,39.6,95.35,32.31,74.03,71.69,25.06,42.94,33.53,96.6,69.43,32.56,32.8,65.12,25.46,43.86,73.35,58.82,90.02,24.74,74.73,18.44,77.25,91.61,11.7,91.39,92.7,40.52,19.42,85.71,62.03,14.42,70.61,20.02,59.03,28.0,64.54
1,20.0,0.0,64.78,32.8,59.06,31.62,68.82,62.23,42.43,10.2,69.86,78.92,74.11,82.0,88.57,13.42,52.95,94.34,22.63,38.42,13.42,50.16,46.82,82.0,18.44,64.56,69.66,10.77,44.41,48.04,79.12,50.0,13.42,42.76,59.06,34.53,51.26,72.25,38.83,80.05,25.06,60.13,13.42,74.4,72.72,20.02,74.73,89.04,23.02,32.02,77.83,51.92,8.0,57.01,18.79,46.27,45.61,51.04
2,76.24,64.78,0.0,39.29,39.85,57.58,31.05,39.45,27.2,54.59,26.31,26.08,17.2,20.59,32.25,58.03,23.32,43.08,54.59,44.72,77.67,15.23,58.82,20.59,46.39,8.25,35.44,54.33,46.04,76.16,39.29,46.65,54.41,64.5,21.63,62.77,59.67,39.29,59.4,16.12,53.37,14.56,58.03,34.23,48.04,65.76,31.05,39.56,72.9,68.62,19.24,14.56,64.03,11.4,56.44,18.68,83.26,15.26
3,38.21,32.8,39.29,0.0,54.59,18.87,36.06,30.0,30.53,24.08,55.32,61.06,53.67,59.46,56.92,21.54,39.7,61.77,37.36,10.2,46.04,28.84,26.0,59.46,17.89,36.06,36.88,22.63,16.0,39.6,67.88,51.92,29.53,28.43,27.2,24.41,29.12,39.6,52.15,52.04,14.14,41.62,21.54,41.62,68.26,27.0,60.96,56.44,50.77,29.55,47.52,24.74,28.64,36.36,18.25,25.0,44.94,30.81
4,77.67,59.06,39.85,54.59,0.0,71.61,68.12,72.44,24.17,51.61,20.0,30.53,32.56,41.04,71.69,60.96,18.0,82.87,37.95,64.4,67.68,32.06,80.5,41.04,46.69,47.07,72.03,52.8,69.08,93.23,22.0,12.17,45.65,82.68,56.0,77.2,83.26,76.03,30.27,52.84,64.03,25.3,60.96,72.44,14.14,71.51,21.54,79.4,53.24,80.06,58.87,42.05,63.25,29.43,62.94,33.54,96.33,30.02
5,26.08,31.62,57.58,18.87,71.61,0.0,47.07,36.77,48.17,28.0,74.03,79.92,72.47,78.0,70.46,18.44,58.0,72.8,46.39,14.0,42.19,47.71,15.23,78.0,27.2,53.37,46.17,26.0,17.09,21.63,86.37,67.08,36.06,12.17,42.05,5.66,19.7,47.54,63.15,69.05,8.25,60.46,18.44,51.92,85.6,14.87,79.65,67.45,54.13,11.18,63.07,43.08,24.17,55.23,13.15,43.83,26.08,49.65
6,72.11,68.82,31.05,36.06,68.12,47.07,0.0,12.65,48.08,59.67,57.27,56.46,47.54,47.71,24.08,57.31,50.16,26.0,68.82,33.53,82.1,36.5,40.2,47.71,52.35,22.8,4.47,58.41,30.27,58.55,70.34,71.81,63.66,48.04,12.65,50.36,38.83,8.25,79.62,31.11,47.54,44.18,57.31,5.66,78.23,60.41,62.1,20.62,84.96,57.56,21.4,26.68,64.5,39.01,53.23,36.4,68.12,38.33
7,62.61,62.23,39.45,30.0,72.44,36.77,12.65,0.0,50.04,54.04,64.62,65.51,56.6,58.14,36.5,49.68,54.59,36.5,66.21,24.41,75.07,40.45,28.0,58.14,47.71,31.62,10.0,52.5,19.7,46.17,78.0,74.11,59.36,36.06,17.89,39.29,26.31,10.77,79.12,42.8,38.83,50.6,49.68,16.0,83.95,51.0,69.86,31.26,80.71,46.57,33.62,30.59,56.85,44.92,45.0,39.05,56.0,42.58
8,58.31,42.43,27.2,30.53,24.17,48.17,48.08,50.04,0.0,32.98,27.86,36.5,32.06,40.45,58.14,40.25,10.77,67.68,27.86,40.25,54.0,12.81,56.36,40.45,26.0,31.24,51.42,33.53,44.94,69.66,38.83,24.08,30.0,58.82,35.44,53.81,59.09,55.32,32.8,43.27,41.04,18.11,40.25,53.14,37.74,50.25,33.11,63.29,46.24,57.38,45.28,21.54,44.27,16.55,41.05,11.7,73.59,12.04
9,26.08,10.2,54.59,24.08,51.61,28.0,59.67,54.04,32.98,0.0,60.73,69.43,64.28,72.03,78.71,10.77,43.68,84.88,18.97,31.3,23.41,40.05,42.43,72.03,8.25,54.41,60.83,2.0,37.58,47.54,70.68,43.86,8.25,40.05,49.4,32.25,46.69,63.66,36.06,69.86,20.1,50.36,10.77,65.3,65.6,21.1,65.79,79.63,27.31,31.95,67.78,41.76,11.66,47.01,15.13,36.12,47.41,41.0
10,86.16,69.86,26.31,55.32,20.0,74.03,57.27,64.62,27.86,60.73,0.0,10.77,13.42,21.26,55.32,68.03,17.09,67.08,52.0,63.66,80.62,26.91,79.4,21.26,53.85,34.53,61.61,61.35,66.84,94.85,13.42,31.3,56.89,83.45,46.82,79.65,81.22,65.51,48.7,35.44,67.68,14.42,68.03,60.53,22.8,77.83,5.66,64.38,69.35,84.05,43.29,34.99,72.11,20.25,68.48,30.41,100.0,24.76
11,94.25,78.92,26.08,61.06,30.53,79.92,56.46,65.51,36.5,69.43,10.77,0.0,8.94,12.65,50.04,75.89,26.08,62.03,62.13,68.41,90.2,32.25,83.55,12.65,62.1,34.0,60.93,69.86,70.77,100.0,16.49,42.05,66.27,88.41,47.71,85.44,84.85,64.62,59.46,30.0,74.24,19.7,75.89,58.82,30.53,85.23,10.0,60.07,79.76,90.43,39.32,38.21,80.52,24.7,75.77,36.24,106.0,30.41
12,88.29,74.11,17.2,53.67,32.56,72.47,47.54,56.6,32.06,64.28,13.42,8.94,0.0,8.94,42.43,69.86,22.8,54.33,59.23,60.46,86.02,25.3,75.29,8.94,56.57,25.06,52.0,64.5,62.48,92.09,24.0,42.8,62.03,80.45,38.83,77.9,76.42,55.71,59.06,22.36,67.23,14.0,69.86,50.0,36.06,78.75,16.12,52.01,77.37,83.19,31.02,30.0,74.97,17.72,69.26,29.41,98.49,23.77
13,95.35,82.0,20.59,59.46,41.04,78.0,47.71,58.14,40.45,72.03,21.26,12.65,8.94,0.0,38.05,76.94,31.62,50.04,67.91,65.3,94.19,32.25,79.32,0.0,64.12,26.91,52.15,72.11,66.57,96.75,29.12,51.61,70.26,85.09,41.04,83.26,80.0,55.57,68.0,18.44,73.38,22.36,76.94,49.19,42.94,85.38,22.36,48.51,86.13,88.96,28.46,34.93,82.39,25.02,75.93,36.35,103.79,31.06
14,94.59,88.57,32.25,56.92,71.69,70.46,24.08,36.5,58.14,78.71,55.32,50.04,42.43,38.05,0.0,78.43,55.57,12.0,83.74,56.57,101.98,45.34,64.28,38.05,70.71,26.91,26.68,77.82,54.04,82.61,66.27,78.89,80.99,72.11,29.73,74.11,62.8,27.86,90.91,20.1,69.86,46.52,78.43,20.88,78.1,82.98,58.55,11.18,101.4,81.22,13.04,38.42,85.44,43.57,75.0,47.38,92.2,46.23
15,18.44,13.42,58.03,21.54,60.96,18.44,57.31,49.68,40.25,10.77,68.03,75.89,69.86,76.94,78.43,0.0,50.99,83.19,29.73,25.46,25.46,44.72,33.53,76.94,14.42,56.32,57.69,8.94,31.24,36.88,78.89,54.04,18.97,30.07,48.7,22.0,37.95,60.0,46.82,72.25,11.66,56.32,0.0,62.77,75.07,10.63,73.35,77.83,35.69,21.19,68.66,44.05,7.21,52.17,5.39,40.61,36.72,46.1
16,69.08,52.95,23.32,39.7,18.0,58.0,50.16,54.59,10.77,43.68,17.09,26.08,22.8,31.62,55.57,50.99,0.0,66.21,36.5,48.83,64.12,14.14,64.9,31.62,36.77,29.73,54.04,44.27,52.84,79.25,28.43,23.32,40.2,68.12,38.0,63.66,67.23,58.03,37.2,38.21,51.22,10.0,50.99,54.59,29.73,60.9,22.36,62.39,54.57,67.62,42.54,24.08,55.03,12.08,51.62,16.16,83.74,12.04
17,98.08,94.34,43.08,61.77,82.87,72.8,26.0,36.5,67.68,84.88,67.08,62.03,54.33,50.04,12.0,83.19,66.21,0.0,91.93,59.46,107.7,54.92,64.28,50.04,77.2,36.72,26.68,83.76,55.79,82.02,78.23,89.44,88.09,72.44,35.61,75.71,62.03,26.08,100.44,32.06,73.54,57.58,83.19,20.88,89.82,86.38,70.46,5.39,109.04,82.98,24.04,46.86,90.35,54.13,79.2,56.4,92.2,56.08
18,42.52,22.63,54.59,37.36,37.95,46.39,68.82,66.21,27.86,18.97,52.0,62.13,59.23,67.91,83.74,29.73,36.5,91.93,0.0,46.69,29.73,39.45,60.0,67.91,20.1,57.2,71.02,20.88,52.95,66.48,59.23,27.78,10.77,58.55,56.85,50.99,64.03,74.43,17.09,70.71,38.21,45.61,29.73,74.4,50.99,39.81,56.14,87.05,18.38,50.92,71.4,45.34,28.84,44.38,33.96,36.62,66.21,39.36
19,38.63,38.42,44.72,10.2,64.4,14.0,33.53,24.41,40.25,31.3,63.66,68.41,60.46,65.3,56.57,25.46,48.83,59.46,46.69,0.0,50.91,36.77,16.12,65.3,26.68,39.85,33.11,29.53,6.32,31.62,76.58,62.1,37.95,20.0,28.07,18.44,18.97,34.99,62.03,55.32,14.42,49.52,25.46,38.63,77.9,26.93,69.31,54.08,58.6,25.08,49.09,30.53,32.56,43.93,20.62,33.3,38.63,38.9
20,22.0,13.42,77.67,46.04,67.68,42.19,82.1,75.07,54.0,23.41,80.62,90.2,86.02,94.19,101.98,25.46,64.12,107.7,29.73,50.91,0.0,62.8,57.31,94.19,31.62,77.79,82.8,24.17,56.64,54.92,88.77,57.27,24.0,52.0,72.47,43.86,61.77,85.28,42.8,93.15,36.88,72.03,25.46,87.66,80.62,28.23,85.16,102.4,20.25,39.56,91.18,65.15,18.44,69.35,30.48,59.03,50.0,63.51
21,63.15,50.16,15.23,28.84,32.06,47.71,36.5,40.45,12.81,40.05,26.91,32.25,25.3,32.25,45.34,44.72,14.14,54.92,39.45,36.77,62.8,0.0,52.5,32.25,32.0,18.44,40.2,40.0,40.0,68.12,40.0,35.44,39.29,56.64,24.08,53.25,54.41,44.18,45.61,31.3,42.05,12.81,44.72,41.23,43.68,53.45,32.56,50.61,57.71,58.18,32.53,10.0,50.16,7.62,43.97,4.12,73.78,2.24
22,39.6,46.82,58.82,26.0,80.5,15.23,40.2,28.0,56.36,42.43,79.4,83.55,75.29,79.32,64.28,33.53,64.9,64.28,60.0,16.12,57.31,52.5,0.0,79.32,40.05,52.84,38.0,40.45,12.81,18.44,92.46,77.79,50.16,8.25,39.4,14.14,4.47,38.21,76.24,67.23,22.36,65.12,33.53,44.0,94.02,29.41,85.04,59.14,69.12,20.81,59.48,45.34,39.4,59.41,28.16,49.2,28.0,54.67
23,95.35,82.0,20.59,59.46,41.04,78.0,47.71,58.14,40.45,72.03,21.26,12.65,8.94,0.0,38.05,76.94,31.62,50.04,67.91,65.3,94.19,32.25,79.32,0.0,64.12,26.91,52.15,72.11,66.57,96.75,29.12,51.61,70.26,85.09,41.04,83.26,80.0,55.57,68.0,18.44,73.38,22.36,76.94,49.19,42.94,85.38,22.36,48.51,86.13,88.96,28.46,34.93,82.39,25.02,75.93,36.35,103.79,31.06
24,32.31,18.44,46.39,17.89,46.69,27.2,52.35,47.71,26.0,8.25,53.85,62.1,56.57,64.12,70.71,14.42,36.77,77.2,20.1,26.68,31.62,32.0,40.05,64.12,0.0,46.17,53.81,8.0,32.98,48.33,64.5,40.5,11.66,39.29,41.62,32.31,44.0,56.85,36.22,61.61,18.97,42.76,14.42,58.0,60.83,24.84,59.09,72.01,33.02,33.84,59.62,33.53,18.44,39.12,16.4,28.02,50.0,33.06
25,74.03,64.56,8.25,36.06,47.07,53.37,22.8,31.62,31.24,54.41,34.53,34.0,25.06,26.91,26.91,56.32,29.73,36.72,57.2,39.85,77.79,18.44,52.84,26.91,46.17,0.0,27.2,53.85,40.25,70.68,47.54,52.8,55.46,59.09,14.14,58.24,53.25,31.05,64.03,16.0,50.16,22.09,56.32,26.08,56.0,63.03,39.29,32.7,75.17,64.54,14.21,12.65,62.8,17.72,54.01,20.62,78.43,19.42
26,71.69,69.66,35.44,36.88,72.03,46.17,4.47,10.0,51.42,60.83,61.61,60.93,52.0,52.15,26.68,57.69,54.04,26.68,71.02,33.11,82.8,40.2,38.0,52.15,53.81,27.2,0.0,59.46,29.12,56.14,74.73,75.31,65.3,46.04,16.12,49.03,36.22,4.0,82.46,35.38,47.41,48.37,57.69,6.0,82.39,60.01,66.48,21.38,86.68,56.29,25.5,30.27,64.9,43.1,53.34,39.81,66.0,42.11
27,25.06,10.77,54.33,22.63,52.8,26.0,58.41,52.5,33.53,2.0,61.35,69.86,64.5,72.11,77.82,8.94,44.27,83.76,20.88,29.53,24.17,40.0,40.45,72.11,8.0,53.85,59.46,0.0,35.78,45.61,71.55,45.34,10.2,38.05,48.37,30.27,44.72,62.23,37.95,69.43,18.11,50.64,8.94,64.03,66.84,19.42,66.48,78.49,29.15,30.08,67.07,41.23,10.77,47.1,13.15,36.01,45.65,41.05
28,42.94,44.41,46.04,16.0,69.08,17.09,30.27,19.7,44.94,37.58,66.84,70.77,62.48,66.57,54.04,31.24,52.84,55.79,52.95,6.32,56.64,40.0,12.81,66.57,32.98,40.25,29.12,35.78,0.0,30.46,80.0,67.47,44.27,18.97,27.2,20.1,14.42,30.46,68.12,55.03,19.8,52.5,31.24,34.93,82.29,31.38,72.47,50.45,64.88,27.29,47.85,32.56,38.21,46.75,26.17,36.89,38.83,42.2
29,33.53,48.04,76.16,39.6,93.23,21.63,58.55,46.17,69.66,47.54,94.85,100.0,92.09,96.75,82.61,36.88,79.25,82.02,66.48,31.62,54.92,68.12,18.44,96.75,48.33,70.68,56.14,45.61,30.46,0.0,107.48,88.59,55.79,11.66,57.58,16.12,20.0,56.0,83.52,85.44,29.53,80.92,36.88,62.13,107.2,28.02,100.5,77.0,71.01,16.03,77.88,62.13,40.05,75.43,32.57,64.44,10.77,70.18
30,96.6,79.12,39.29,67.88,22.0,86.37,70.34,78.0,38.83,70.68,13.42,16.49,24.0,29.12,66.27,78.89,28.43,78.23,59.23,76.58,88.77,40.0,92.46,29.12,64.5,47.54,74.73,71.55,80.0,107.48,0.0,34.06,65.79,96.21,60.17,92.02,94.4,78.59,52.15,46.17,79.65,27.78,78.89,73.35,15.62,89.04,8.25,76.01,75.17,96.05,55.01,48.37,82.29,33.62,79.88,43.28,112.16,37.8
31,69.43,50.0,46.65,51.92,12.17,67.08,71.81,74.11,24.08,43.86,31.3,42.05,42.8,51.61,78.89,54.04,23.32,89.44,27.78,62.1,57.27,35.44,77.79,51.61,40.5,52.8,75.31,45.34,67.47,88.59,34.06,0.0,36.88,78.79,59.23,72.47,81.04,79.25,18.11,61.22,59.06,32.8,54.04,76.66,23.41,64.66,33.53,85.49,41.59,74.33,65.86,45.12,55.17,35.36,56.86,35.51,90.44,33.84
32,32.56,13.42,54.41,29.53,45.65,36.06,63.66,59.36,30.0,8.25,56.89,66.27,62.03,70.26,80.99,18.97,40.2,88.09,10.77,37.95,24.0,39.29,50.16,70.26,11.66,55.46,65.3,10.2,44.27,55.79,65.79,36.88,0.0,48.17,52.5,40.45,54.33,68.41,27.86,70.23,28.0,48.04,18.97,69.31,59.36,29.07,61.61,82.98,21.4,40.16,69.35,42.94,18.44,45.54,23.35,35.74,55.46,39.81
33,32.8,42.76,64.5,28.43,82.68,12.17,48.04,36.06,58.82,40.05,83.45,88.41,80.45,85.09,72.11,30.07,68.12,72.44,58.55,20.0,52.0,56.64,8.25,85.09,39.29,59.09,46.04,38.05,18.97,11.66,96.21,78.79,48.17,0.0,46.17,8.25,11.66,46.39,75.31,74.0,20.4,69.43,30.07,52.04,96.52,23.77,89.11,67.27,65.62,13.45,66.71,50.48,34.93,63.89,25.0,53.04,20.1,58.73
34,65.12,59.06,21.63,27.2,56.0,42.05,12.65,17.89,35.44,49.4,46.82,47.71,38.83,41.04,29.73,48.7,38.0,35.61,56.85,28.07,72.47,24.08,39.4,41.04,41.62,14.14,16.12,48.37,27.2,57.58,60.17,59.23,52.5,46.17,0.0,46.39,39.45,20.1,67.08,27.86,40.45,32.98,48.7,17.89,66.75,53.6,52.0,30.48,73.55,53.15,21.02,14.14,55.71,27.46,45.35,23.77,65.97,26.02
35,25.46,34.53,62.77,24.41,77.2,5.66,50.36,39.29,53.81,32.25,79.65,85.44,77.9,83.26,74.11,22.0,63.66,75.71,50.99,18.44,43.86,53.25,14.14,83.26,32.31,58.24,49.03,30.27,20.1,16.12,92.02,72.47,40.45,8.25,46.39,0.0,18.44,50.0,67.91,73.76,13.42,66.03,22.0,54.92,91.21,15.65,85.28,70.41,57.43,7.28,67.36,48.33,26.68,60.75,17.12,49.41,20.59,55.22
36,43.86,51.26,59.67,29.12,83.26,19.7,38.83,26.31,59.09,46.69,81.22,84.85,76.42,80.0,62.8,37.95,67.23,62.03,64.03,18.97,61.77,54.41,4.47,80.0,44.0,53.25,36.22,44.72,14.42,20.0,94.4,81.04,54.33,11.66,39.45,18.44,0.0,36.0,80.1,67.08,26.68,66.84,37.95,42.19,96.6,33.84,86.83,57.0,73.5,24.84,58.87,46.69,43.86,61.07,32.57,51.31,30.27,56.61
37,73.35,72.25,39.29,39.6,76.03,47.54,8.25,10.77,55.32,63.66,65.51,64.62,55.71,55.57,27.86,60.0,58.03,26.08,74.43,34.99,85.28,44.18,38.21,55.57,56.85,31.05,4.0,62.23,30.46,56.0,78.59,79.25,68.41,46.39,20.1,50.0,36.0,0.0,86.16,38.42,49.4,52.35,60.0,7.21,86.37,61.72,70.34,21.0,89.81,57.28,28.32,34.23,67.2,47.1,55.47,43.74,66.12,46.1
38,58.82,38.83,59.4,52.15,30.27,63.15,79.62,79.12,32.8,36.06,48.7,59.46,59.06,68.0,90.91,46.82,37.2,100.44,17.09,62.03,42.8,45.61,76.24,68.0,36.22,64.03,82.46,37.95,68.12,83.52,52.15,18.11,27.86,75.31,67.08,67.91,80.1,86.16,0.0,75.07,54.92,47.2,46.82,84.97,40.45,56.86,51.42,95.96,24.7,68.01,77.99,53.85,45.65,48.1,50.96,44.1,83.26,44.69
39,90.02,80.05,16.12,52.04,52.84,69.05,31.11,42.8,43.27,69.86,35.44,30.0,22.36,18.44,20.1,72.25,38.21,32.06,70.71,55.32,93.15,31.3,67.23,18.44,61.61,16.0,35.38,69.43,55.03,85.44,46.17,61.22,70.23,74.0,27.86,73.76,67.08,38.42,75.07,0.0,66.12,28.43,72.25,31.62,58.24,79.03,38.47,30.15,89.01,80.23,10.3,28.28,78.64,27.02,70.01,34.54,93.68,31.38
40,24.74,25.06,53.37,14.14,64.03,8.25,47.54,38.83,41.04,20.1,67.68,74.24,67.23,73.38,69.86,11.66,51.22,73.54,38.21,14.42,36.88,42.05,22.36,73.38,18.97,50.16,47.41,18.11,19.8,29.53,79.65,59.06,28.0,20.4,40.45,13.42,26.68,49.4,54.92,66.12,0.0,54.59,11.66,52.8,78.1,13.15,73.24,68.15,46.84,16.4,61.2,38.83,18.44,49.66,6.4,38.01,32.56,43.83
41,74.73,60.13,14.56,41.62,25.3,60.46,44.18,50.6,18.11,50.36,14.42,19.7,14.0,22.36,46.52,56.32,10.0,57.58,45.61,49.52,72.03,12.81,65.12,22.36,42.76,22.09,48.37,50.64,52.5,80.92,27.78,32.8,48.04,69.43,32.98,66.03,66.84,52.35,47.2,28.43,54.59,0.0,56.32,48.0,34.06,65.55,20.0,54.12,63.89,70.83,33.62,20.59,61.19,5.83,56.08,16.64,86.53,10.82
42,18.44,13.42,58.03,21.54,60.96,18.44,57.31,49.68,40.25,10.77,68.03,75.89,69.86,76.94,78.43,0.0,50.99,83.19,29.73,25.46,25.46,44.72,33.53,76.94,14.42,56.32,57.69,8.94,31.24,36.88,78.89,54.04,18.97,30.07,48.7,22.0,37.95,60.0,46.82,72.25,11.66,56.32,0.0,62.77,75.07,10.63,73.35,77.83,35.69,21.19,68.66,44.05,7.21,52.17,5.39,40.61,36.72,46.1
43,77.25,74.4,34.23,41.62,72.44,51.92,5.66,16.0,53.14,65.3,60.53,58.82,50.0,49.19,20.88,62.77,54.59,20.88,74.4,38.63,87.66,41.23,44.0,49.19,58.0,26.08,6.0,64.03,34.93,62.13,73.35,76.66,69.31,52.04,17.89,54.92,42.19,7.21,84.97,31.62,52.8,48.0,62.77,0.0,82.02,65.55,65.12,15.52,90.61,62.17,21.4,31.62,69.97,43.1,58.59,41.44,72.0,42.95
44,91.61,72.72,48.04,68.26,14.14,85.6,78.23,83.95,37.74,65.6,22.8,30.53,36.06,42.94,78.1,75.07,29.73,89.82,50.99,77.9,80.62,43.68,94.02,42.94,60.83,56.0,82.39,66.84,82.29,107.2,15.62,23.41,59.36,96.52,66.75,91.21,96.6,86.37,40.45,58.24,78.1,34.06,75.07,82.02,0.0,85.63,20.59,86.98,64.76,94.18,65.92,53.37,77.2,39.32,77.08,45.88,110.45,41.48
45,11.7,20.02,65.76,27.0,71.51,14.87,60.41,51.0,50.25,21.1,77.83,85.23,78.75,85.38,82.98,10.63,60.9,86.38,39.81,26.93,28.23,53.45,29.41,85.38,24.84,63.03,60.01,19.42,31.38,28.02,89.04,64.66,29.07,23.77,53.6,15.65,33.84,61.72,56.86,79.03,13.15,65.55,10.63,65.55,85.63,0.0,83.24,80.99,43.0,12.0,74.33,51.35,12.04,61.03,9.49,49.34,26.4,55.03
46,91.39,74.73,31.05,60.96,21.54,79.65,62.1,69.86,33.11,65.79,5.66,10.0,16.12,22.36,58.55,73.35,22.36,70.46,56.14,69.31,85.16,32.56,85.04,22.36,59.09,39.29,66.48,66.48,72.47,100.5,8.25,33.53,61.61,89.11,52.0,85.28,86.83,70.34,51.42,38.47,73.24,20.0,73.35,65.12,20.59,83.24,0.0,68.07,73.06,89.63,47.01,40.5,77.25,25.81,73.93,36.07,105.6,30.41
47,92.7,89.04,39.56,56.44,79.4,67.45,20.62,31.26,63.29,79.63,64.38,60.07,52.01,48.51,11.18,77.83,62.39,5.39,87.05,54.08,102.4,50.61,59.14,48.51,72.01,32.7,21.38,78.49,50.45,77.0,76.01,85.49,82.98,67.27,30.48,70.41,57.0,21.0,95.96,30.15,68.15,54.12,77.83,15.52,86.98,80.99,68.07,0.0,104.0,77.67,21.1,42.2,85.0,50.33,73.82,51.87,87.09,51.88
48,40.52,23.02,72.9,50.77,53.24,54.13,84.96,80.71,46.24,27.31,69.35,79.76,77.37,86.13,101.4,35.69,54.57,109.04,18.38,58.6,20.25,57.71,69.12,86.13,33.02,75.17,86.68,29.15,64.88,71.01,75.17,41.59,21.4,65.62,73.55,57.43,73.5,89.81,24.7,89.01,46.84,63.89,35.69,90.61,64.76,43.0,73.06,104.0,0.0,55.0,89.31,63.01,31.02,62.77,41.0,54.71,67.9,57.7
49,19.42,32.02,68.62,29.55,80.06,11.18,57.56,46.57,57.38,31.95,84.05,90.43,83.19,88.96,81.22,21.19,67.62,82.98,50.92,25.08,39.56,58.18,20.81,88.96,33.84,64.54,56.29,30.08,27.29,16.03,96.05,74.33,40.16,13.45,53.15,7.28,24.84,57.28,68.01,80.23,16.4,70.83,21.19,62.17,94.18,12.0,89.63,77.67,55.0,0.0,74.17,54.08,24.02,65.76,17.49,54.2,16.28,60.03
50,85.71,77.83,19.24,47.52,58.87,63.07,21.4,33.62,45.28,67.78,43.29,39.32,31.02,28.46,13.04,68.66,42.54,24.04,71.4,49.09,91.18,32.53,59.48,28.46,59.62,14.21,25.5,67.07,47.85,77.88,55.01,65.86,69.35,66.71,21.02,67.36,58.87,28.32,77.99,10.3,61.2,33.62,68.66,21.4,65.92,74.33,47.01,21.1,89.31,74.17,0.0,26.42,75.43,30.53,65.76,34.83,86.68,33.3
51,62.03,51.92,14.56,24.74,42.05,43.08,26.68,30.59,21.54,41.76,34.99,38.21,30.0,34.93,38.42,44.05,24.08,46.86,45.34,30.53,65.15,10.0,45.34,34.93,33.53,12.65,30.27,41.23,32.56,62.13,48.37,45.12,42.94,50.48,14.14,48.33,46.69,34.23,53.85,28.28,38.83,20.59,44.05,31.62,53.37,51.35,40.5,42.2,63.01,54.08,26.42,0.0,50.36,14.76,42.11,9.85,68.88,12.04
52,14.42,8.0,64.03,28.64,63.25,24.17,64.5,56.85,44.27,11.66,72.11,80.52,74.97,82.39,85.44,7.21,55.03,90.35,28.84,32.56,18.44,50.16,39.4,82.39,18.44,62.8,64.9,10.77,38.21,40.05,82.29,55.17,18.44,34.93,55.71,26.68,43.86,67.2,45.65,78.64,18.44,61.19,7.21,69.97,77.2,12.04,77.25,85.0,31.02,24.02,75.43,50.36,0.0,57.43,12.04,46.1,37.95,51.35
53,70.61,57.01,11.4,36.36,29.43,55.23,39.01,44.92,16.55,47.01,20.25,24.7,17.72,25.02,43.57,52.17,12.08,54.13,44.38,43.93,69.35,7.62,59.41,25.02,39.12,17.72,43.1,47.1,46.75,75.43,33.62,35.36,45.54,63.89,27.46,60.75,61.07,47.1,48.1,27.02,49.66,5.83,52.17,43.1,39.32,61.03,25.81,50.33,62.77,65.76,30.53,14.76,57.43,0.0,51.55,11.7,81.3,6.08
54,20.02,18.79,56.44,18.25,62.94,13.15,53.23,45.0,41.05,15.13,68.48,75.77,69.26,75.93,75.0,5.39,51.62,79.2,33.96,20.62,30.48,43.97,28.16,75.93,16.4,54.01,53.34,13.15,26.17,32.57,79.88,56.86,23.35,25.0,45.35,17.12,32.57,55.47,50.96,70.01,6.4,56.08,5.39,58.59,77.08,9.49,73.93,73.82,41.0,17.49,65.76,42.11,12.04,51.55,0.0,39.85,33.6,45.54
55,59.03,46.27,18.68,25.0,33.54,43.83,36.4,39.05,11.7,36.12,30.41,36.24,29.41,36.35,47.38,40.61,16.16,56.4,36.62,33.3,59.03,4.12,49.2,36.35,28.02,20.62,39.81,36.01,36.89,64.44,43.28,35.51,35.74,53.04,23.77,49.41,51.31,43.74,44.1,34.54,38.01,16.64,40.61,41.44,45.88,49.34,36.07,51.87,54.71,54.2,34.83,9.85,46.1,11.7,39.85,0.0,69.89,5.83
56,28.0,45.61,83.26,44.94,96.33,26.08,68.12,56.0,73.59,47.41,100.0,106.0,98.49,103.79,92.2,36.72,83.74,92.2,66.21,38.63,50.0,73.78,28.0,103.79,50.0,78.43,66.0,45.65,38.83,10.77,112.16,90.44,55.46,20.1,65.97,20.59,30.27,66.12,83.26,93.68,32.56,86.53,36.72,72.0,110.45,26.4,105.6,87.09,67.9,16.28,86.68,68.88,37.95,81.3,33.6,69.89,0.0,75.72
57,64.54,51.04,15.26,30.81,30.02,49.65,38.33,42.58,12.04,41.0,24.76,30.41,23.77,31.06,46.23,46.1,12.04,56.08,39.36,38.9,63.51,2.24,54.67,31.06,33.06,19.42,42.11,41.05,42.2,70.18,37.8,33.84,39.81,58.73,26.02,55.22,56.61,46.1,44.69,31.38,43.83,10.82,46.1,42.95,41.48,55.03,30.41,51.88,57.7,60.03,33.3,12.04,51.35,6.08,45.54,5.83,75.72,0.0
