vehicles
vehicle_idx, capacity, cost_per_unit_distance
1,100,3
2,100,3
3,100,3
4,100,3
5,100,3
6,100,3
depot
node_idx,x,y
0,31,73
home delivery customers
node_idx,x,y,service_time,demand
1,52,96,10,2
2,81,29,10,12
3,6,56,10,17
4,48,50,10,8
5,91,17,10,14
6,11,16,10,5
7,74,98,10,7
8,56,37,10,22
9,13,81,10,14
10,96,55,10,23
11,87,5,10,10
12,1,44,10,21
13,2,35,10,22
14,96,16,10,5
15,90,68,10,3
16,6,59,10,12
self pickup customers
node_idx,x,y,service_time,demand,locker_idxs
17,11,67,10,19,51
18,49,68,10,2,55
19,66,80,10,17,45-49
20,36,17,10,15,46
21,6,13,10,2,46
22,60,95,10,10,45-49
23,27,49,10,6,51
24,15,33,10,13,46
25,46,53,10,21,54
26,1,100,10,16,48
27,98,8,10,11,47-50
28,6,25,10,11,46
29,96,88,10,17,49
30,32,94,10,17,48
flexible customers
node_idx,x,y,service_time,demand,locker_idxs
31,97,62,10,20,56-52
32,71,5,10,6,50-47
33,85,29,10,8,56-47
34,32,23,10,21,46
35,64,30,10,24,54-50
36,75,61,10,20,52-56-54
37,40,72,10,6,53-55-48
38,28,43,10,24,51-55-53
39,3,9,10,11,46
40,53,46,10,8,56-54-53-55
41,7,81,10,22,48
42,95,94,10,8,49
43,9,11,10,23,46
44,33,31,10,18,53-55-46
lockers
node_idx,x,y,service_time,capacity,cost_per_unit_good
45,65,88,10,80
46,25,15,10,96
47,93,12,10,75
48,22,88,10,79
49,77,88,10,96
50,72,14,10,70
51,21,53,10,89
52,89,56,10,90
53,34,56,10,82
54,62,47,10,82
55,29,53,10,90
56,78,47,10,99
mrt lines
start_node_idx,end_node_idx,freight_capacity,cost_per_unit_good
45,46,96,0.1
46,45,96,0.1
47,48,79,0.1
48,47,79,0.1
distance matrix
,0,1,2,3,4,5,6,7,8,9,10,11,12,13,14,15,16,17,18,19,20,21,22,23,24,25,26,27,28,29,30,31,32,33,34,35,36,37,38,39,40,41,42,43,44,45,46,47,48,49,50,51,52,53,54,55,56,
0,0.0,31.14,66.6,30.23,28.6,82.07,60.41,49.74,43.83,19.7,67.45,88.09,41.73,47.8,86.45,59.21,28.65,20.88,18.68,35.69,56.22,65.0,36.4,24.33,43.08,25.0,40.36,93.35,54.12,66.71,21.02,66.91,78.89,69.66,50.01,54.2,45.61,9.06,30.15,69.86,34.83,25.3,67.36,65.79,42.05,37.16,58.31,86.98,17.49,48.38,71.85,22.36,60.44,17.26,40.46,20.1,53.71
1,31.14,0.0,73.01,60.96,46.17,88.1,89.89,22.09,59.14,41.79,60.14,97.5,72.84,78.87,91.3,47.2,59.03,50.22,28.16,21.26,80.6,94.89,8.06,53.24,73.06,43.42,51.16,99.3,84.6,44.72,20.1,56.4,92.96,74.69,75.69,67.08,41.88,26.83,58.18,99.85,50.01,47.43,43.05,95.26,67.72,15.26,85.38,93.47,31.05,26.25,84.4,53.01,54.49,43.86,50.01,48.76,55.47
2,66.6,73.01,0.0,79.71,39.12,15.62,71.2,69.35,26.25,85.6,30.02,24.74,81.39,79.23,19.85,40.02,80.78,79.65,50.45,53.16,46.57,76.69,69.26,57.58,66.12,42.44,106.96,27.02,75.11,60.88,81.4,36.67,26.0,4.0,49.37,17.03,32.56,59.41,54.82,80.52,32.76,90.44,66.49,74.22,48.04,61.13,57.72,20.81,83.44,59.14,17.49,64.62,28.16,54.2,26.17,57.27,18.25
3,30.23,60.96,79.71,0.0,42.43,93.52,40.31,79.92,53.49,25.96,90.01,95.72,13.0,21.38,98.49,84.85,3.0,12.08,44.64,64.62,49.2,43.0,66.61,22.14,24.7,40.11,44.28,103.77,31.0,95.52,46.04,91.2,82.62,83.49,42.01,63.56,69.18,37.58,25.55,47.1,48.05,25.02,96.77,45.1,36.8,67.12,45.19,97.49,35.78,77.88,78.23,15.3,83.0,28.0,56.72,23.19,72.56
4,28.6,46.17,39.12,42.43,0.0,54.2,50.25,54.59,15.26,46.75,48.26,59.55,47.38,48.38,58.82,45.69,42.95,40.72,18.03,34.99,35.11,55.97,46.57,21.02,37.12,3.61,68.62,65.3,48.88,61.22,46.82,50.45,50.54,42.54,31.38,25.61,29.15,23.41,21.19,60.88,6.4,51.4,64.38,55.15,24.21,41.63,41.88,58.9,46.04,47.8,43.27,27.17,41.44,15.23,14.32,19.24,30.15
5,82.07,88.1,15.62,93.52,54.2,0.0,80.01,82.76,40.31,100.9,38.33,12.65,93.96,90.8,5.1,51.01,94.81,94.34,66.07,67.78,55.0,85.09,83.93,71.55,77.67,57.63,122.43,11.4,85.38,71.18,97.01,45.4,23.32,13.42,59.3,29.97,46.82,75.01,68.15,88.36,47.8,105.6,77.1,82.22,59.67,75.61,66.03,5.39,99.01,72.37,19.24,78.71,39.05,69.07,41.73,71.69,32.7
6,60.41,89.89,71.2,40.31,50.25,80.01,0.0,103.41,49.66,65.03,93.52,76.79,29.73,21.02,85.0,94.58,43.29,51.0,64.4,84.39,25.02,5.83,92.96,36.67,17.46,50.93,84.59,87.37,10.3,111.4,80.78,97.53,61.0,75.13,22.14,54.82,78.24,63.06,31.91,10.63,51.61,65.12,114.63,5.39,26.63,90.0,14.04,82.1,72.84,97.67,61.03,38.33,87.66,46.14,59.68,41.15,73.82
7,49.74,22.09,69.35,79.92,54.59,82.76,103.41,0.0,63.6,63.32,48.3,93.9,90.8,95.67,84.9,34.0,78.39,70.21,39.05,19.7,89.47,108.85,14.32,67.9,87.78,53.0,73.03,93.15,99.76,24.17,42.19,42.72,93.05,69.87,85.96,68.73,37.01,42.8,71.7,113.85,56.08,69.12,21.38,108.6,78.55,13.45,96.38,88.07,52.95,10.44,84.02,69.53,44.6,58.0,52.39,63.64,51.16
8,43.83,59.14,26.25,53.49,15.26,40.31,49.66,63.6,0.0,61.52,43.86,44.55,55.44,54.04,45.18,46.01,54.63,54.08,31.78,44.15,28.28,55.46,58.14,31.38,41.19,18.87,83.63,51.04,51.42,64.82,61.85,48.02,35.34,30.08,27.78,10.63,30.61,38.48,28.64,59.94,9.49,65.86,69.07,53.71,23.77,51.79,38.01,44.65,61.29,55.15,28.02,38.48,38.08,29.07,11.66,31.38,24.17
9,19.7,41.79,85.6,25.96,46.75,100.9,65.03,63.32,61.52,0.0,86.98,106.08,38.9,47.3,105.42,78.09,23.09,14.14,38.28,53.01,68.01,68.36,49.04,34.93,48.04,43.28,22.47,112.04,56.44,83.29,23.02,86.12,95.6,88.81,61.03,72.12,65.15,28.46,40.85,72.69,53.15,6.0,83.02,70.11,53.85,52.47,67.08,105.65,11.4,64.38,89.27,29.12,80.01,32.65,59.64,32.25,73.36
10,67.45,60.14,30.02,90.01,48.26,38.33,93.52,48.3,43.86,86.98,0.0,50.8,95.63,96.1,39.0,14.32,90.09,85.84,48.76,39.05,71.02,99.32,53.81,69.26,83.93,50.04,105.12,47.04,94.87,33.0,74.95,7.07,55.9,28.23,71.55,40.61,21.84,58.52,69.05,103.75,43.93,92.72,39.01,97.49,67.42,45.28,81.49,43.1,81.02,38.08,47.51,75.03,7.07,62.01,34.93,67.03,19.7
11,88.09,97.5,24.74,95.72,59.55,12.65,76.79,93.9,44.55,106.08,50.8,0.0,94.43,90.14,14.21,63.07,97.35,98.08,73.57,77.88,52.39,81.39,93.96,74.4,77.25,63.13,128.14,11.4,83.43,83.49,104.62,57.87,16.0,24.08,57.87,33.97,57.27,81.84,70.18,84.1,53.26,110.34,89.36,78.23,59.93,85.87,62.8,9.22,105.42,83.6,17.49,81.61,51.04,73.55,48.88,75.29,42.95
12,41.73,72.84,81.39,13.0,47.38,93.96,29.73,90.8,55.44,38.9,95.63,94.43,0.0,9.06,99.04,92.18,15.81,25.08,53.67,74.3,44.2,31.4,77.99,26.48,17.8,45.89,56.0,103.46,19.65,104.69,58.83,97.67,80.13,85.33,37.44,64.54,75.93,48.01,27.02,35.06,52.04,37.48,106.47,33.96,34.54,77.67,37.64,97.41,48.75,87.82,77.08,21.93,88.81,35.11,61.07,29.41,77.06
13,47.8,78.87,79.23,21.38,48.38,90.8,21.02,95.67,54.04,47.3,96.1,90.14,9.06,0.0,95.9,93.98,24.33,33.24,57.43,78.24,38.47,22.36,83.45,28.65,13.15,47.54,65.01,99.72,10.77,107.91,66.19,98.76,75.24,83.22,32.31,62.2,77.49,53.04,27.2,26.02,52.17,46.27,110.14,25.0,31.26,82.33,30.48,93.86,56.65,91.84,73.08,26.17,89.5,38.28,61.19,32.45,76.94
14,86.45,91.3,19.85,98.49,58.82,5.1,85.0,84.9,45.18,105.42,39.0,14.21,99.04,95.9,0.0,52.35,99.74,99.13,70.09,70.68,60.01,90.05,86.82,76.49,82.76,62.2,126.81,8.25,90.45,72.0,100.9,46.01,27.31,17.03,64.38,34.93,49.66,79.2,73.16,93.26,52.43,110.21,78.01,87.14,64.76,78.39,71.01,5.0,103.25,74.46,24.08,83.63,40.61,73.78,46.01,76.54,35.85
15,59.21,47.2,40.02,84.85,45.69,51.01,94.58,34.0,46.01,78.09,14.32,63.07,92.18,93.98,52.35,0.0,84.48,79.01,41.0,26.83,74.28,100.4,40.36,65.8,82.76,46.49,94.58,60.53,94.37,20.88,63.56,9.22,65.8,39.32,73.41,46.04,16.55,50.16,66.85,105.12,43.05,84.01,26.48,99.05,67.96,32.02,83.87,56.08,70.88,23.85,56.92,70.61,12.04,57.27,35.0,62.82,24.19
16,28.65,59.03,80.78,3.0,42.95,94.81,43.29,78.39,54.63,23.09,90.09,97.35,15.81,24.33,99.74,84.48,0.0,9.43,43.93,63.57,51.61,46.0,64.9,23.26,27.51,40.45,41.3,105.19,34.0,94.56,43.6,91.05,84.5,84.5,44.41,64.85,69.03,36.4,27.2,50.09,48.76,22.02,95.63,48.09,38.9,65.74,47.93,98.88,33.12,76.69,79.88,16.16,83.05,28.16,57.27,23.77,72.99
17,20.88,50.22,79.65,12.08,40.72,94.34,51.0,70.21,54.08,14.14,85.84,98.08,25.08,33.24,99.13,79.01,9.43,0.0,38.01,56.52,55.9,54.23,56.44,24.08,34.23,37.7,34.48,105.12,42.3,87.56,34.21,86.15,86.28,83.19,48.75,64.64,64.28,29.43,29.41,58.55,46.96,14.56,88.23,56.04,42.19,57.94,53.85,98.74,23.71,69.26,80.81,17.2,78.77,25.5,54.78,22.8,69.92
18,18.68,28.16,50.45,44.64,18.03,66.07,64.4,39.05,31.78,38.28,48.76,73.57,53.67,57.43,70.09,41.0,43.93,38.01,0.0,20.81,52.63,69.81,29.15,29.07,48.8,15.3,57.69,77.47,60.81,51.08,31.06,48.37,66.73,53.08,48.1,40.85,26.93,9.85,32.65,74.81,22.36,43.97,52.84,69.63,40.31,25.61,58.18,71.22,33.6,34.41,58.69,31.76,41.76,19.21,24.7,25.0,35.81
19,35.69,21.26,53.16,64.62,34.99,67.78,84.39,19.7,44.15,53.01,39.05,77.88,74.3,78.24,70.68,26.83,63.57,56.52,20.81,0.0,69.78,89.94,16.16,49.82,69.35,33.6,68.01,78.79,81.39,31.05,36.77,35.85,75.17,54.42,66.37,50.04,21.02,27.2,53.04,94.92,36.4,59.01,32.2,89.5,59.08,8.06,76.85,73.16,44.72,13.6,66.27,52.48,33.24,40.0,33.24,45.8,35.11
20,56.22,80.6,46.57,49.2,35.11,55.0,25.02,89.47,28.28,68.01,71.02,52.39,44.2,38.47,60.01,74.28,51.61,55.9,52.63,69.78,0.0,30.27,81.61,33.24,26.4,37.36,90.08,62.65,31.05,92.96,77.1,75.8,37.0,50.45,7.21,30.87,58.8,55.15,27.2,33.96,33.62,70.26,97.01,27.66,14.32,76.69,11.18,57.22,72.37,81.99,36.12,39.0,65.8,39.05,39.7,36.67,51.61
21,65.0,94.89,76.69,43.0,55.97,85.09,5.83,108.85,55.46,68.36,99.32,81.39,31.4,22.36,90.05,100.4,46.0,54.23,69.81,89.94,30.27,0.0,98.18,41.68,21.93,56.57,87.14,92.14,12.0,117.15,85.07,103.35,65.49,80.6,27.86,60.44,84.05,68.1,37.2,5.0,57.43,68.01,120.34,3.61,32.45,95.43,19.1,87.01,76.69,103.28,66.01,42.72,93.48,51.31,65.51,46.14,79.62
22,36.4,8.06,69.26,66.61,46.57,83.93,92.96,14.32,58.14,49.04,53.81,93.96,77.99,83.45,86.82,40.36,64.9,56.44,29.15,16.16,81.61,98.18,0.0,56.61,76.61,44.27,59.21,94.94,88.41,36.67,28.02,49.58,90.67,70.58,77.25,65.12,37.16,30.48,61.06,103.17,49.5,54.82,35.01,98.27,69.46,8.6,87.32,89.32,38.64,18.38,81.88,57.31,48.6,46.87,48.04,52.2,51.26
23,24.33,53.24,57.58,22.14,21.02,71.55,36.67,67.9,31.38,34.93,69.26,74.4,26.48,28.65,76.49,65.8,23.26,24.08,29.07,49.82,33.24,41.68,56.61,0.0,20.0,19.42,57.25,81.99,31.89,79.26,45.28,71.2,62.23,61.35,26.48,41.59,49.48,26.42,6.08,46.65,26.17,37.74,81.54,42.05,18.97,54.45,34.06,75.66,39.32,63.41,57.01,7.21,62.39,9.9,35.06,4.47,51.04
24,43.08,73.06,66.12,24.7,37.12,77.67,17.46,87.78,41.19,48.04,83.93,77.25,17.8,13.15,82.76,82.76,27.51,34.23,48.8,69.35,26.4,21.93,76.61,20.0,0.0,36.89,68.45,86.68,12.04,97.91,63.32,86.98,62.61,70.11,19.72,49.09,66.21,46.32,16.4,26.83,40.16,48.66,100.6,22.8,18.11,74.33,20.59,80.78,55.44,82.88,60.08,20.88,77.49,29.83,49.04,24.41,64.54
25,25.0,43.42,42.44,40.11,3.61,57.63,50.93,53.0,18.87,43.28,50.04,63.13,45.89,47.54,62.2,46.49,40.45,37.7,15.3,33.6,37.36,56.57,44.27,19.42,36.89,0.0,65.07,68.77,48.83,61.03,43.32,51.79,54.12,45.79,33.11,29.21,30.08,19.92,20.59,61.52,9.9,48.01,63.89,55.97,25.55,39.82,43.42,62.37,42.44,46.75,46.87,25.0,43.1,12.37,17.09,17.0,32.56
26,40.36,51.16,106.96,44.28,68.62,122.43,84.59,73.03,83.63,22.47,105.12,128.14,56.0,65.01,126.81,94.58,41.3,34.48,57.69,68.01,90.08,87.14,59.21,57.25,68.45,65.07,0.0,133.69,75.17,95.75,31.58,103.25,118.0,109.99,83.01,94.18,83.65,48.01,63.07,91.02,74.97,19.92,94.19,89.36,76.06,65.12,88.32,127.31,24.19,76.94,111.52,51.08,98.39,55.0,80.81,54.71,93.48
27,93.35,99.3,27.02,103.77,65.3,11.4,87.37,93.15,51.04,112.04,47.04,11.4,103.46,99.72,8.25,60.53,105.19,105.12,77.47,78.79,62.65,92.14,94.94,81.99,86.68,68.77,133.69,0.0,93.56,80.02,108.41,54.01,27.17,24.7,67.68,40.5,57.78,86.37,78.26,95.01,58.9,116.66,86.05,89.05,68.95,86.54,73.33,6.4,110.34,82.71,26.68,89.19,48.84,80.0,53.08,82.38,43.83
28,54.12,84.6,75.11,31.0,48.88,85.38,10.3,99.76,51.42,56.44,94.87,83.43,19.65,10.77,90.45,94.37,34.0,42.3,60.81,81.39,31.05,12.0,88.41,31.89,12.04,48.83,75.17,93.56,0.0,109.86,73.74,98.23,68.01,79.1,26.08,58.22,77.83,58.01,28.43,16.28,51.48,56.01,112.61,14.32,27.66,86.31,21.47,87.97,65.0,94.92,66.91,31.76,88.6,41.77,60.17,36.24,75.29
29,66.71,44.72,60.88,95.52,61.22,71.18,111.4,24.17,64.82,83.29,33.0,83.49,104.69,107.91,72.0,20.88,94.56,87.56,51.08,31.05,92.96,117.15,36.67,79.26,97.91,61.03,95.75,80.02,109.86,0.0,64.28,26.02,86.68,60.02,91.22,66.24,34.21,58.24,81.54,122.02,60.11,89.27,6.08,116.18,84.96,31.0,101.83,76.06,74.0,19.0,77.79,82.76,32.76,69.77,53.26,75.59,44.78
30,21.02,20.1,81.4,46.04,46.82,97.01,80.78,42.19,61.85,23.02,74.95,104.62,58.83,66.19,100.9,63.56,43.6,34.21,31.06,36.77,77.1,85.07,28.02,45.28,63.32,43.32,31.58,108.41,73.74,64.28,0.0,72.45,97.17,83.87,71.0,71.55,54.2,23.41,51.16,89.81,52.39,28.18,63.0,86.13,63.01,33.54,79.31,102.2,11.66,45.4,89.44,42.45,68.51,38.05,55.76,41.11,65.76
31,66.91,56.4,36.67,91.2,50.45,45.4,97.53,42.72,48.02,86.12,7.07,57.87,97.67,98.76,46.01,9.22,91.05,86.15,48.37,35.85,75.8,103.35,49.58,71.2,86.98,51.79,103.25,54.01,98.23,26.02,72.45,0.0,62.65,35.11,75.8,45.97,22.02,57.87,71.57,107.91,46.82,91.98,32.06,101.71,71.11,41.23,85.98,50.16,79.38,32.8,54.12,76.53,10.0,63.29,38.08,68.59,24.21
32,78.89,92.96,26.0,82.62,50.54,23.32,61.0,93.05,35.34,95.6,55.9,16.0,80.13,75.24,27.31,65.8,84.5,86.28,66.73,75.17,37.0,65.49,90.67,62.23,62.61,54.12,118.0,27.17,68.01,86.68,97.17,62.65,0.0,27.78,42.95,25.96,56.14,73.82,57.38,68.12,44.78,99.36,92.18,62.29,46.04,83.22,47.07,23.09,96.38,83.22,9.06,69.31,54.08,63.01,42.95,63.78,42.58
33,69.66,74.69,4.0,83.49,42.54,13.42,75.13,69.87,30.08,88.81,28.23,24.08,85.33,83.22,17.03,39.32,84.5,83.19,53.08,54.42,50.45,80.6,70.58,61.35,70.11,45.79,109.99,24.7,79.1,60.02,83.87,35.11,27.78,0.0,53.34,21.02,33.53,62.24,58.69,84.4,36.24,93.74,65.76,78.1,52.04,62.3,61.61,18.79,86.31,59.54,19.85,68.35,27.29,57.71,29.21,60.93,19.31
34,50.01,75.69,49.37,42.01,31.38,59.3,22.14,85.96,27.78,61.03,71.55,57.87,37.44,32.31,64.38,73.41,44.41,48.75,48.1,66.37,7.21,27.86,77.25,26.48,19.72,33.11,83.01,67.68,26.08,91.22,71.0,75.8,42.95,53.34,0.0,32.76,57.38,49.65,20.4,32.2,31.14,63.16,94.92,25.94,8.06,72.9,10.63,61.98,65.76,79.06,41.0,31.95,65.86,33.06,38.42,30.15,51.88
35,54.2,67.08,17.03,63.56,25.61,29.97,54.82,68.73,10.63,72.12,40.61,33.97,64.54,62.2,34.93,46.04,64.85,64.64,40.85,50.04,30.87,60.44,65.12,41.59,49.09,29.21,94.18,40.5,58.22,66.24,71.55,45.97,25.96,21.02,32.76,0.0,32.89,48.37,38.28,64.51,19.42,76.49,71.11,58.19,31.02,58.01,41.79,34.13,71.61,59.44,17.89,48.76,36.07,39.7,17.12,41.88,22.02
36,45.61,41.88,32.56,69.18,29.15,46.82,78.24,37.01,30.61,65.15,21.84,57.27,75.93,77.49,49.66,16.55,69.03,64.28,26.93,21.02,58.8,84.05,37.16,49.48,66.21,30.08,83.65,57.78,77.83,34.21,54.2,22.02,56.14,33.53,57.38,32.89,0.0,36.69,50.33,88.81,26.63,70.88,38.59,82.8,51.61,28.79,67.94,52.2,59.48,27.07,47.1,54.59,14.87,41.3,19.1,46.69,14.32
37,9.06,26.83,59.41,37.58,23.41,75.01,63.06,42.8,38.48,28.46,58.52,81.84,48.01,53.04,79.2,50.16,36.4,29.43,9.85,27.2,55.15,68.1,30.48,26.42,46.32,19.92,48.01,86.37,58.01,58.24,23.41,57.87,73.82,62.24,49.65,48.37,36.69,0.0,31.38,73.06,29.07,34.21,59.24,68.43,41.59,29.68,58.94,80.06,24.08,40.31,66.24,26.87,51.55,17.09,33.3,21.95,45.49
38,30.15,58.18,54.82,25.55,21.19,68.15,31.91,71.7,28.64,40.85,69.05,70.18,27.02,27.2,73.16,66.85,27.2,29.41,32.65,53.04,27.2,37.2,61.06,6.08,16.4,20.59,63.07,78.26,28.43,81.54,51.16,71.57,57.38,58.69,20.4,38.28,50.33,31.38,0.0,42.2,25.18,43.42,84.2,37.22,13.0,58.26,28.16,72.01,45.4,66.53,52.7,12.21,62.37,14.32,34.23,10.05,50.16
39,69.86,99.85,80.52,47.1,60.88,88.36,10.63,113.85,59.94,72.69,103.75,84.1,35.06,26.02,93.26,105.12,50.09,58.55,74.81,94.92,33.96,5.0,103.17,46.65,26.83,61.52,91.02,95.01,16.28,122.02,89.81,107.91,68.12,84.4,32.2,64.51,88.81,73.06,42.2,0.0,62.2,72.11,125.26,6.32,37.2,100.42,22.8,90.05,81.25,108.25,69.18,47.54,98.01,56.3,70.18,51.11,84.08
40,34.83,50.01,32.76,48.05,6.4,47.8,51.61,56.08,9.49,53.15,43.93,53.26,52.04,52.17,52.43,43.05,48.76,46.96,22.36,36.4,33.62,57.43,49.5,26.17,40.16,9.9,74.97,58.9,51.48,60.11,52.39,46.82,44.78,36.24,31.14,19.42,26.63,29.07,25.18,62.2,0.0,57.8,63.78,56.22,25.0,43.68,41.77,52.5,52.2,48.37,37.22,32.76,37.36,21.47,9.06,25.0,25.02
41,25.3,47.43,90.44,25.02,51.4,105.6,65.12,69.12,65.86,6.0,92.72,110.34,37.48,46.27,110.21,84.01,22.02,14.56,43.97,59.01,70.26,68.01,54.82,37.74,48.66,48.01,19.92,116.66,56.01,89.27,28.18,91.98,99.36,93.74,63.16,76.49,70.88,34.21,43.42,72.11,57.8,0.0,88.96,70.03,56.36,58.42,68.41,110.26,16.55,70.35,93.35,31.3,85.73,36.8,64.66,35.61,78.72
42,67.36,43.05,66.49,96.77,64.38,77.1,114.63,21.38,69.07,83.02,39.01,89.36,106.47,110.14,78.01,26.48,95.63,88.23,52.84,32.2,97.01,120.34,35.01,81.54,100.6,63.89,94.19,86.05,112.61,6.08,63.0,32.06,92.18,65.76,94.92,71.11,38.59,59.24,84.2,125.26,63.78,88.96,0.0,119.52,88.39,30.59,105.55,82.02,73.25,18.97,83.24,84.6,38.47,71.87,57.43,77.7,49.98
43,65.79,95.26,74.22,45.1,55.15,82.22,5.39,108.6,53.71,70.11,97.49,78.23,33.96,25.0,87.14,99.05,48.09,56.04,69.63,89.5,27.66,3.61,98.27,42.05,22.8,55.97,89.36,89.05,14.32,116.18,86.13,101.71,62.29,78.1,25.94,58.19,82.8,68.43,37.22,6.32,56.22,70.03,119.52,0.0,31.24,95.21,16.49,84.01,78.09,102.73,63.07,43.68,91.79,51.48,64.07,46.52,77.83
44,42.05,67.72,48.04,36.8,24.21,59.67,26.63,78.55,23.77,53.85,67.42,59.93,34.54,31.26,64.76,67.96,38.9,42.19,40.31,59.08,14.32,32.45,69.46,18.97,18.11,25.55,76.06,68.95,27.66,84.96,63.01,71.11,46.04,52.04,8.06,31.02,51.61,41.59,13.0,37.2,25.0,56.36,88.39,31.24,0.0,65.37,17.89,62.94,58.05,72.01,42.54,25.06,61.33,25.02,33.12,22.36,47.76
45,37.16,15.26,61.13,67.12,41.63,75.61,90.0,13.45,51.79,52.47,45.28,85.87,77.67,82.33,78.39,32.02,65.74,57.94,25.61,8.06,76.69,95.43,8.6,54.45,74.33,39.82,65.12,86.54,86.31,31.0,33.54,41.23,83.22,62.3,72.9,58.01,28.79,29.68,58.26,100.42,43.68,58.42,30.59,95.21,65.37,0.0,83.24,80.99,43.0,12.0,74.33,56.22,40.0,44.55,41.11,50.21,43.01
46,58.31,85.38,57.72,45.19,41.88,66.03,14.04,96.38,38.01,67.08,81.49,62.8,37.64,30.48,71.01,83.87,47.93,53.85,58.18,76.85,11.18,19.1,87.32,34.06,20.59,43.42,88.32,73.33,21.47,101.83,79.31,85.98,47.07,61.61,10.63,41.79,67.94,58.94,28.16,22.8,41.77,68.41,105.55,16.49,17.89,83.24,0.0,68.07,73.06,89.63,47.01,38.21,76.01,41.98,48.92,38.21,61.91
47,86.98,93.47,20.81,97.49,58.9,5.39,82.1,88.07,44.65,105.65,43.1,9.22,97.41,93.86,5.0,56.08,98.88,98.74,71.22,73.16,57.22,87.01,89.32,75.66,80.78,62.37,127.31,6.4,87.97,76.06,102.2,50.16,23.09,18.79,61.98,34.13,52.2,80.06,72.01,90.05,52.5,110.26,82.02,84.01,62.94,80.99,68.07,0.0,104.0,77.67,21.1,82.86,44.18,73.6,46.75,76.01,38.08
48,17.49,31.05,83.44,35.78,46.04,99.01,72.84,52.95,61.29,11.4,81.02,105.42,48.75,56.65,103.25,70.88,33.12,23.71,33.6,44.72,72.37,76.69,38.64,39.32,55.44,42.44,24.19,110.34,65.0,74.0,11.66,79.38,96.38,86.31,65.76,71.61,59.48,24.08,45.4,81.25,52.2,16.55,73.25,78.09,58.05,43.0,73.06,104.0,0.0,55.0,89.31,35.01,74.25,34.18,57.28,35.69,69.4
49,48.38,26.25,59.14,77.88,47.8,72.37,97.67,10.44,55.15,64.38,38.08,83.6,87.82,91.84,74.46,23.85,76.69,69.26,34.41,13.6,81.99,103.28,18.38,63.41,82.88,46.75,76.94,82.71,94.92,19.0,45.4,32.8,83.22,59.54,79.06,59.44,27.07,40.31,66.53,108.25,48.37,70.35,18.97,102.73,72.01,12.0,89.63,77.67,55.0,0.0,74.17,66.04,34.18,53.6,43.66,59.41,41.01
50,71.85,84.4,17.49,78.23,43.27,19.24,61.03,84.02,28.02,89.27,47.51,17.49,77.08,73.08,24.08,56.92,79.88,80.81,58.69,66.27,36.12,66.01,81.88,57.01,60.08,46.87,111.52,26.68,66.91,77.79,89.44,54.12,9.06,19.85,41.0,17.89,47.1,66.24,52.7,69.18,37.22,93.35,83.24,63.07,42.54,74.33,47.01,21.1,89.31,74.17,0.0,64.2,45.31,56.64,34.48,58.05,33.54
51,22.36,53.01,64.62,15.3,27.17,78.71,38.33,69.53,38.48,29.12,75.03,81.61,21.93,26.17,83.63,70.61,16.16,17.2,31.76,52.48,39.0,42.72,57.31,7.21,20.88,25.0,51.08,89.19,31.76,82.76,42.45,76.53,69.31,68.35,31.95,48.76,54.59,26.87,12.21,47.54,32.76,31.3,84.6,43.68,25.06,56.22,38.21,82.86,35.01,66.04,64.2,0.0,68.07,13.34,41.44,8.0,57.31
52,60.44,54.49,28.16,83.0,41.44,39.05,87.66,44.6,38.08,80.01,7.07,51.04,88.81,89.5,40.61,12.04,83.05,78.77,41.76,33.24,65.8,93.48,48.6,62.39,77.49,43.1,98.39,48.84,88.6,32.76,68.51,10.0,54.08,27.29,65.86,36.07,14.87,51.55,62.37,98.01,37.36,85.73,38.47,91.79,61.33,40.0,76.01,44.18,74.25,34.18,45.31,68.07,0.0,55.0,28.46,60.07,14.21
53,17.26,43.86,54.2,28.0,15.23,69.07,46.14,58.0,29.07,32.65,62.01,73.55,35.11,38.28,73.78,57.27,28.16,25.5,19.21,40.0,39.05,51.31,46.87,9.9,29.83,12.37,55.0,80.0,41.77,69.77,38.05,63.29,63.01,57.71,33.06,39.7,41.3,17.09,14.32,56.3,21.47,36.8,71.87,51.48,25.02,44.55,41.98,73.6,34.18,53.6,56.64,13.34,55.0,0.0,29.41,5.83,44.91
54,40.46,50.01,26.17,56.72,14.32,41.73,59.68,52.39,11.66,59.64,34.93,48.88,61.07,61.19,46.01,35.0,57.27,54.78,24.7,33.24,39.7,65.51,48.04,35.06,49.04,17.09,80.81,53.08,60.17,53.26,55.76,38.08,42.95,29.21,38.42,17.12,19.1,33.3,34.23,70.18,9.06,64.66,57.43,64.07,33.12,41.11,48.92,46.75,57.28,43.66,34.48,41.44,28.46,29.41,0.0,33.54,16.0
55,20.1,48.76,57.27,23.19,19.24,71.69,41.15,63.64,31.38,32.25,67.03,75.29,29.41,32.45,76.54,62.82,23.77,22.8,25.0,45.8,36.67,46.14,52.2,4.47,24.41,17.0,54.71,82.38,36.24,75.59,41.11,68.59,63.78,60.93,30.15,41.88,46.69,21.95,10.05,51.11,25.0,35.61,77.7,46.52,22.36,50.21,38.21,76.01,35.69,59.41,58.05,8.0,60.07,5.83,33.54,0.0,49.37
56,53.71,55.47,18.25,72.56,30.15,32.7,73.82,51.16,24.17,73.36,19.7,42.95,77.06,76.94,35.85,24.19,72.99,69.92,35.81,35.11,51.61,79.62,51.26,51.04,64.54,32.56,93.48,43.83,75.29,44.78,65.76,24.21,42.58,19.31,51.88,22.02,14.32,45.49,50.16,84.08,25.02,78.72,49.98,77.83,47.76,43.01,61.91,38.08,69.4,41.01,33.54,57.31,14.21,44.91,16.0,49.37,0.0
