vehicles
vehicle_idx, capacity, cost_per_unit_distance
1,100,1
2,100,1
3,100,1
4,100,1
5,100,1
6,100,1
7,100,1
depot
node_idx,x,y
0,75,55
home delivery customers
node_idx,x,y,service_time,demand
1,7,75,10,12
2,81,25,10,20
3,59,37,10,2
4,43,21,10,20
5,37,13,10,15
6,27,31,10,24
7,95,31,10,10
8,87,43,10,12
9,41,61,10,12
10,91,35,10,24
11,67,1,10,23
12,77,39,10,1
13,47,29,10,17
14,17,45,10,22
15,91,41,10,20
self pickup customers
node_idx,x,y,service_time,demand,locker_idxs
16,93,45,10,13,53
17,77,63,10,10,50
18,23,65,10,23,56-49
19,9,51,10,13,52-56
20,73,81,10,19,50-46
21,81,53,10,18,57
22,7,51,10,19,56
23,17,81,10,10,49-46
24,61,69,10,4,58-46
25,27,97,10,20,49
26,83,23,10,15,55-51
27,21,93,10,13,49
28,27,53,10,3,58
29,11,27,10,18,47
30,33,87,10,6,58-49
flexible customers
node_idx,x,y,service_time,demand,locker_idxs
31,77,1,10,26,51-48
32,51,25,10,1,51
33,35,53,10,7,58-54-56-52
34,37,51,10,7,58-54-52-56
35,3,1,10,9,47
36,29,81,10,6,49
37,51,95,10,9,46
38,49,25,10,22,54-51
39,21,5,10,20,47
40,59,31,10,12,57-55-51
41,9,91,10,7,49
42,59,41,10,3,57-55-54-52
43,3,89,10,13,49
44,23,3,10,21,47
45,97,61,10,2,53
lockers
node_idx,x,y,service_time,capacity,cost_per_unit_good
46,65,88,10,94
47,25,15,10,73
48,93,12,10,76
49,22,88,10,71
50,77,88,10,100
51,72,14,10,90
52,35,52,10,89
53,113,46,10,72
54,35,46,10,79
55,79,36,10,86
56,24,45,10,90
57,83,27,10,93
58,46,75,10,77
mrt lines
start_node_idx,end_node_idx,freight_capacity,cost_per_unit_good
46,47,94,2
47,46,94,2
48,49,76,2
49,48,76,2
50,51,100,2
51,50,100,2
distance matrix
,0,1,2,3,4,5,6,7,8,9,10,11,12,13,14,15,16,17,18,19,20,21,22,23,24,25,26,27,28,29,30,31,32,33,34,35,36,37,38,39,40,41,42,43,44,45,46,47,48,49,50,51,52,53,54,55,56,57,58,
0,0.0,70.88,30.59,24.08,46.69,56.64,53.67,31.24,16.97,34.53,25.61,54.59,16.12,38.21,58.86,21.26,20.59,8.25,52.95,66.12,26.08,6.32,68.12,63.56,19.8,63.78,32.98,66.03,48.04,69.86,52.8,54.04,38.42,40.05,38.21,90.0,52.84,46.65,39.7,73.59,28.84,75.18,21.26,79.62,73.54,22.8,34.48,64.03,46.62,62.43,33.06,41.11,40.11,39.05,41.0,19.42,51.97,29.12,35.23
1,70.88,0.0,89.31,64.4,64.9,68.88,48.33,98.39,86.16,36.77,93.04,95.27,78.71,60.96,31.62,90.62,91.08,71.02,18.87,24.08,66.27,77.2,24.0,11.66,54.33,29.73,92.09,22.8,29.73,48.17,28.64,101.86,66.6,35.61,38.42,74.11,22.8,48.33,65.3,71.39,68.12,16.12,62.13,14.56,73.76,91.08,59.44,62.64,106.61,19.85,71.2,89.14,36.24,109.9,40.31,81.88,34.48,89.89,39.0
2,30.59,89.31,0.0,25.06,38.21,45.61,54.33,15.23,18.97,53.81,14.14,27.78,14.56,34.23,67.05,18.87,23.32,38.21,70.46,76.55,56.57,28.0,78.43,85.04,48.33,90.0,2.83,90.69,60.83,70.03,78.41,24.33,30.0,53.85,51.11,81.61,76.42,76.16,32.0,63.25,22.8,97.67,27.2,100.9,62.03,39.4,65.0,56.89,17.69,86.31,63.13,14.21,53.34,38.28,50.57,11.18,60.41,2.83,61.03
3,24.08,64.4,25.06,0.0,22.63,32.56,32.56,36.5,28.64,30.0,32.06,36.88,18.11,14.42,42.76,32.25,34.93,31.62,45.61,51.92,46.17,27.2,53.85,60.83,32.06,68.0,27.78,67.68,35.78,49.03,56.36,40.25,14.42,28.84,26.08,66.57,53.25,58.55,15.62,49.68,6.0,73.59,4.0,76.42,49.52,44.94,51.35,40.5,42.2,63.01,54.08,26.42,28.3,54.74,25.63,20.02,35.9,26.0,40.16
4,46.69,64.9,38.21,22.63,0.0,10.0,18.87,52.95,49.19,40.05,50.0,31.24,38.47,8.94,35.38,52.0,55.46,54.04,48.33,45.34,67.08,49.68,46.86,65.39,51.26,77.67,40.05,75.29,35.78,32.56,66.75,39.45,8.94,32.98,30.59,44.72,61.61,74.43,7.21,27.2,18.87,77.82,25.61,78.89,26.91,67.2,70.52,18.97,50.8,70.21,75.13,29.83,32.02,74.33,26.25,39.0,30.61,40.45,54.08
5,56.64,68.88,45.61,32.56,10.0,0.0,20.59,60.73,58.31,48.17,58.31,32.31,47.71,18.87,37.74,60.83,64.5,64.03,53.85,47.2,76.94,59.46,48.41,70.88,60.93,84.59,47.07,81.58,41.23,29.53,74.11,41.76,18.44,40.05,38.0,36.06,68.47,83.19,16.97,17.89,28.43,82.87,35.61,83.26,17.2,76.84,80.06,12.17,56.01,76.49,85.0,35.01,39.05,82.86,33.06,47.89,34.54,48.08,62.65
6,53.67,48.33,54.33,32.56,18.87,20.59,0.0,68.0,61.19,33.11,64.12,50.0,50.64,20.1,17.2,64.78,67.47,59.36,34.23,26.91,67.94,58.31,28.28,50.99,50.99,66.0,56.57,62.29,22.0,16.49,56.32,58.31,24.74,23.41,22.36,38.42,50.04,68.35,22.8,26.68,32.0,62.64,33.53,62.77,28.28,76.16,68.51,16.12,68.68,57.22,75.82,48.1,22.47,87.3,17.0,52.24,14.32,56.14,47.93
7,31.24,98.39,15.23,36.5,52.95,60.73,68.0,0.0,14.42,61.77,5.66,41.04,19.7,48.04,79.25,10.77,14.14,36.72,79.62,88.29,54.63,26.08,90.24,92.65,50.99,94.76,14.42,96.54,71.47,84.1,83.55,34.99,44.41,63.91,61.35,96.77,82.8,77.67,46.39,78.43,36.0,104.86,37.36,108.76,77.25,30.07,64.41,71.81,19.1,92.62,59.77,28.6,63.57,23.43,61.85,16.76,72.37,12.65,65.86
8,16.97,86.16,18.97,28.64,49.19,58.31,61.19,14.42,0.0,49.4,8.94,46.52,10.77,42.38,70.03,4.47,6.32,22.36,67.68,78.41,40.5,11.66,80.4,79.65,36.77,80.72,20.4,82.8,60.83,77.67,69.66,43.17,40.25,52.95,50.64,93.91,69.34,63.25,42.05,76.16,30.46,91.59,28.07,95.77,75.47,20.59,50.09,68.03,31.58,79.06,46.1,32.65,52.77,26.17,52.09,10.63,63.03,16.49,52.01
9,34.53,36.77,53.81,30.0,40.05,48.17,33.11,61.77,49.4,0.0,56.36,65.39,42.19,32.56,28.84,53.85,54.41,36.06,18.44,33.53,37.74,40.79,35.44,31.24,21.54,38.63,56.64,37.74,16.12,45.34,27.2,69.97,37.36,10.0,10.77,71.02,23.32,35.44,36.88,59.46,34.99,43.86,26.91,47.2,60.73,56.0,36.12,48.7,71.45,33.02,45.0,56.3,10.82,73.55,16.16,45.49,23.35,54.04,14.87
10,25.61,93.04,14.14,32.06,50.0,58.31,64.12,5.66,8.94,56.36,0.0,41.62,14.56,44.41,74.67,6.0,10.2,31.3,74.32,83.55,49.4,20.59,85.51,87.13,45.34,89.11,14.42,90.91,66.48,80.4,77.9,36.77,41.23,58.82,56.32,94.34,77.2,72.11,43.17,76.16,32.25,99.3,32.56,103.25,75.15,26.68,59.03,68.96,23.09,87.01,54.82,28.32,58.52,24.6,57.07,12.04,67.74,11.31,60.21
11,54.59,95.27,27.78,36.88,31.24,32.31,50.0,41.04,46.52,65.39,41.62,0.0,39.29,34.41,66.6,46.65,51.11,62.8,77.67,76.58,80.22,53.85,78.1,94.34,68.26,104.0,27.2,102.86,65.6,61.74,92.48,10.0,28.84,61.06,58.31,64.0,88.57,95.35,30.0,46.17,31.05,107.07,40.79,108.81,44.05,67.08,87.02,44.27,28.23,97.95,87.57,13.93,60.21,64.35,55.22,37.0,61.52,30.53,76.92
12,16.12,78.71,14.56,18.11,38.47,47.71,50.64,19.7,10.77,42.19,14.56,39.29,0.0,31.62,60.3,14.14,17.09,24.0,59.93,69.05,42.19,14.56,71.02,73.24,34.0,76.58,17.09,77.79,51.92,67.08,65.12,38.0,29.53,44.27,41.76,83.19,63.78,61.74,31.3,65.51,19.7,85.6,18.11,89.31,64.9,29.73,50.45,57.27,31.38,73.66,49.0,25.5,43.97,36.67,42.58,3.61,53.34,13.42,47.51
13,38.21,60.96,34.23,14.42,8.94,18.87,20.1,48.04,42.38,32.56,44.41,34.41,31.62,0.0,34.0,45.61,48.7,45.34,43.27,43.91,58.14,41.62,45.65,60.03,42.38,70.88,36.5,69.08,31.24,36.06,59.67,41.04,5.66,26.83,24.17,52.15,55.03,66.12,4.47,35.38,12.17,72.72,16.97,74.4,35.38,59.36,61.68,26.08,49.04,64.08,66.19,29.15,25.94,68.15,20.81,32.76,28.02,36.06,46.01
14,58.86,31.62,67.05,42.76,35.38,37.74,17.2,79.25,70.03,28.84,74.67,66.6,60.3,34.0,0.0,74.11,76.0,62.64,20.88,10.0,66.57,64.5,11.66,36.0,50.12,52.95,69.57,48.17,12.81,18.97,44.94,74.4,39.45,19.7,20.88,46.17,37.95,60.46,37.74,40.2,44.27,46.69,42.19,46.17,42.43,81.58,64.44,31.05,82.86,43.29,73.82,63.13,19.31,96.01,18.03,62.65,7.0,68.41,41.73
15,21.26,90.62,18.87,32.25,52.0,60.83,64.78,10.77,4.47,53.85,6.0,46.65,14.14,45.61,74.11,0.0,4.47,26.08,72.11,82.61,43.86,15.62,84.59,84.12,41.04,85.04,19.7,87.2,65.12,81.22,74.03,42.38,43.08,57.27,54.92,96.66,73.78,67.2,44.94,78.71,33.53,96.04,32.0,100.24,77.9,20.88,53.71,70.94,29.07,83.49,49.04,33.02,57.07,22.56,56.22,13.0,67.12,16.12,56.4
16,20.59,91.08,23.32,34.93,55.46,64.5,67.47,14.14,6.32,54.41,10.2,51.11,17.09,48.7,76.0,4.47,0.0,24.08,72.8,84.21,41.18,14.42,86.21,84.1,40.0,84.02,24.17,86.53,66.48,83.95,73.24,46.82,46.52,58.55,56.32,100.18,73.43,65.3,48.33,82.37,36.77,95.77,34.23,100.18,81.63,16.49,51.31,74.32,33.0,83.01,45.88,37.44,58.42,20.02,58.01,16.64,69.0,20.59,55.76
17,8.25,71.02,38.21,31.62,54.04,64.03,59.36,36.72,22.36,36.06,31.3,62.8,24.0,45.34,62.64,26.08,24.08,0.0,54.04,69.05,18.44,10.77,71.02,62.64,17.09,60.46,40.45,63.53,50.99,75.18,50.12,62.0,46.04,43.17,41.76,96.54,51.26,41.23,47.2,80.62,36.72,73.54,28.43,78.43,80.72,20.1,27.73,70.77,53.45,60.42,25.0,49.25,43.42,39.81,45.31,27.07,55.97,36.5,33.24
18,52.95,18.87,70.46,45.61,48.33,53.85,34.23,79.62,67.68,18.44,74.32,77.67,59.93,43.27,20.88,72.11,72.8,54.04,0.0,19.8,52.5,59.23,21.26,17.09,38.21,32.25,73.24,28.07,12.65,39.85,24.17,83.74,48.83,16.97,19.8,67.05,17.09,41.04,47.71,60.03,49.52,29.53,43.27,31.24,62.0,74.11,47.89,50.04,87.8,23.02,58.69,70.72,17.69,91.98,22.47,63.06,20.02,71.02,25.08
19,66.12,24.08,76.55,51.92,45.34,47.2,26.91,88.29,78.41,33.53,83.55,76.58,69.05,43.91,10.0,82.61,84.21,69.05,19.8,0.0,70.68,72.03,2.0,31.05,55.03,49.4,79.12,43.68,18.11,24.08,43.27,84.4,49.4,26.08,28.0,50.36,36.06,60.83,47.71,47.54,53.85,40.0,50.99,38.47,50.0,88.57,67.12,39.4,92.61,39.22,77.41,73.06,26.02,104.12,26.48,71.59,16.16,77.79,44.1
20,26.08,66.27,56.57,46.17,67.08,76.94,67.94,54.63,40.5,37.74,49.4,80.22,42.19,58.14,66.57,43.86,41.18,18.44,52.5,70.68,0.0,29.12,72.5,56.0,16.97,48.7,58.86,53.37,53.85,82.22,40.45,80.1,60.17,47.2,46.86,106.3,44.0,26.08,60.93,92.09,51.92,64.78,42.38,70.46,92.65,31.24,10.63,81.61,71.84,51.48,8.06,67.01,47.8,53.15,51.66,45.4,60.8,54.92,27.66
21,6.32,77.2,28.0,27.2,49.68,59.46,58.31,26.08,11.66,40.79,20.59,53.85,14.56,41.62,64.5,15.62,14.42,10.77,59.23,72.03,29.12,0.0,74.03,69.86,25.61,69.66,30.07,72.11,54.0,74.67,58.82,52.15,41.04,46.0,44.05,93.74,59.06,51.61,42.52,76.84,31.11,81.41,25.06,85.91,76.58,17.89,38.48,67.68,42.72,68.6,35.23,40.02,46.01,32.76,46.53,17.12,57.56,26.08,41.34
22,68.12,24.0,78.43,53.85,46.86,48.41,28.28,90.24,80.4,35.44,85.51,78.1,71.02,45.65,11.66,84.59,86.21,71.02,21.26,2.0,72.5,74.03,0.0,31.62,56.92,50.16,80.99,44.27,20.1,24.33,44.41,86.02,51.11,28.07,30.0,50.16,37.2,62.23,49.4,48.08,55.71,40.05,52.95,38.21,50.6,90.55,68.8,40.25,94.43,39.92,79.18,74.79,28.02,106.12,28.44,73.55,18.03,79.7,45.79
23,63.56,11.66,85.04,60.83,65.39,70.88,50.99,92.65,79.65,31.24,87.13,94.34,73.24,60.03,36.0,84.12,84.1,62.64,17.09,31.05,56.0,69.86,31.62,0.0,45.61,18.87,87.86,12.65,29.73,54.33,17.09,100.0,65.51,33.29,36.06,81.22,12.0,36.77,64.5,76.11,65.3,12.81,58.0,16.12,78.23,82.46,48.51,66.48,102.65,8.6,60.41,86.68,34.13,102.18,39.36,76.61,36.67,85.28,29.61
24,19.8,54.33,48.33,32.06,51.26,60.93,50.99,50.99,36.77,21.54,45.34,68.26,34.0,42.38,50.12,41.04,40.0,17.09,38.21,55.03,16.97,25.61,56.92,45.61,0.0,44.05,50.99,46.65,37.58,65.3,33.29,69.86,45.12,30.53,30.0,89.38,34.18,27.86,45.61,75.47,38.05,56.46,28.07,61.35,76.16,36.88,19.42,64.9,65.37,43.38,24.84,56.09,31.06,56.86,34.71,37.59,44.1,47.41,16.16
25,63.78,29.73,90.0,68.0,77.67,84.59,66.0,94.76,80.72,38.63,89.11,104.0,76.58,70.88,52.95,85.04,84.02,60.46,32.25,49.4,48.7,69.66,50.16,18.87,44.05,0.0,92.8,7.21,44.0,71.81,11.66,108.24,75.89,44.72,47.07,98.95,16.12,24.08,75.29,92.2,73.35,18.97,64.5,25.3,94.09,78.71,39.05,82.02,107.62,10.3,50.8,94.41,45.71,99.98,51.62,80.16,52.09,89.64,29.07
26,32.98,92.09,2.83,27.78,40.05,47.07,56.57,14.42,20.4,56.64,14.42,27.2,17.09,36.5,69.57,19.7,24.17,40.45,73.24,79.12,58.86,30.07,80.99,87.86,50.99,92.8,0.0,93.51,63.53,72.11,81.22,22.8,32.06,56.6,53.85,82.97,79.25,78.79,34.06,64.56,25.3,100.5,30.0,103.71,63.25,40.5,67.45,58.55,14.87,89.14,65.28,14.21,56.08,37.8,53.23,13.6,62.97,4.0,63.82
27,66.03,22.8,90.69,67.68,75.29,81.58,62.29,96.54,82.8,37.74,90.91,102.86,77.79,69.08,48.17,87.2,86.53,63.53,28.07,43.68,53.37,72.11,44.27,12.65,46.65,7.21,93.51,0.0,40.45,66.75,13.42,107.7,74.32,42.38,44.94,93.74,14.42,30.07,73.54,88.0,72.72,12.17,64.4,18.44,90.02,82.46,44.28,78.1,108.37,5.1,56.22,94.03,43.32,103.31,49.04,81.32,48.09,90.55,30.81
28,48.04,29.73,60.83,35.78,35.78,41.23,22.0,71.47,60.83,16.12,66.48,65.6,51.92,31.24,12.81,65.12,66.48,50.99,12.65,18.11,53.85,54.0,20.1,29.73,37.58,44.0,63.53,40.45,0.0,30.53,34.53,72.14,36.88,8.0,10.2,57.27,28.07,48.37,35.61,48.37,38.83,42.05,34.18,43.27,50.16,70.46,51.66,38.05,77.7,35.36,61.03,59.55,8.06,86.28,10.63,54.71,8.54,61.74,29.07
29,69.86,48.17,70.03,49.03,32.56,29.53,16.49,84.1,77.67,45.34,80.4,61.74,67.08,36.06,18.97,81.22,83.95,75.18,39.85,24.08,82.22,74.67,24.33,54.33,65.3,71.81,72.11,66.75,30.53,0.0,63.91,70.94,40.05,35.38,35.38,27.2,56.92,78.89,38.05,24.17,48.17,64.03,50.0,62.51,26.83,92.48,81.47,18.44,83.36,61.98,89.87,62.37,34.66,103.75,30.61,68.59,22.2,72.0,59.41
30,52.8,28.64,78.41,56.36,66.75,74.11,56.32,83.55,69.66,27.2,77.9,92.48,65.12,59.67,44.94,74.03,73.24,50.12,24.17,43.27,40.45,58.82,44.41,17.09,33.29,11.66,81.22,13.42,34.53,63.91,0.0,96.6,64.56,34.06,36.22,91.08,7.21,19.7,64.03,82.87,61.74,24.33,52.84,30.07,84.59,69.08,32.02,72.44,96.05,11.05,44.01,82.76,35.06,89.89,41.05,68.68,42.95,78.1,17.69
31,54.04,101.86,24.33,40.25,39.45,41.76,58.31,34.99,43.17,69.97,36.77,10.0,38.0,41.04,74.4,42.38,46.82,62.0,83.74,84.4,80.1,52.15,86.02,100.0,69.86,108.24,22.8,107.7,72.14,70.94,96.6,0.0,35.38,66.84,64.03,74.0,93.3,97.53,36.88,56.14,34.99,112.8,43.86,114.98,54.04,63.25,87.82,53.85,19.42,102.93,87.0,13.93,66.07,57.63,61.55,35.06,68.88,26.68,80.23
32,38.42,66.6,30.0,14.42,8.94,18.44,24.74,44.41,40.25,37.36,41.23,28.84,29.53,5.66,39.45,43.08,46.52,46.04,48.83,49.4,60.17,41.04,51.11,65.51,45.12,75.89,32.06,74.32,36.88,40.05,64.56,35.38,0.0,32.25,29.53,53.67,60.17,70.0,2.0,36.06,10.0,78.23,17.89,80.0,35.61,58.41,64.54,27.86,43.97,69.35,68.15,23.71,31.38,65.46,26.4,30.08,33.6,32.06,50.25
33,40.05,35.61,53.85,28.84,32.98,40.05,23.41,63.91,52.95,10.0,58.82,61.06,44.27,26.83,19.7,57.27,58.55,43.17,16.97,26.08,47.2,46.0,28.07,33.29,30.53,44.72,56.6,42.38,8.0,35.38,34.06,66.84,32.25,0.0,2.83,61.06,28.64,44.94,31.3,50.0,32.56,46.04,26.83,48.17,51.42,62.51,46.1,39.29,71.03,37.34,54.67,53.76,1.0,78.31,7.0,47.17,13.6,54.59,24.6
34,38.21,38.42,51.11,26.08,30.59,38.0,22.36,61.35,50.64,10.77,56.32,58.31,41.76,24.17,20.88,54.92,56.32,41.76,19.8,28.0,46.86,44.05,30.0,36.06,30.0,47.07,53.85,44.94,10.2,35.38,36.22,64.03,29.53,2.83,0.0,60.46,31.05,46.17,28.64,48.7,29.73,48.83,24.17,50.99,50.0,60.83,46.4,37.95,68.24,39.92,54.49,50.93,2.24,76.16,5.39,44.6,14.32,51.88,25.63
35,90.0,74.11,81.61,66.57,44.72,36.06,38.42,96.77,93.91,71.02,94.34,64.0,83.19,52.15,46.17,96.66,100.18,96.54,67.05,50.36,106.3,93.74,50.16,81.22,89.38,98.95,82.97,93.74,57.27,27.2,91.08,74.0,53.67,61.06,60.46,0.0,84.12,105.55,51.88,18.44,63.53,90.2,68.82,88.0,20.1,111.52,106.83,26.08,90.67,89.05,114.21,70.21,60.21,118.85,55.22,83.67,48.75,84.12,85.59
36,52.84,22.8,76.42,53.25,61.61,68.47,50.04,82.8,69.34,23.32,77.2,88.57,63.78,55.03,37.95,73.78,73.43,51.26,17.09,36.06,44.0,59.06,37.2,12.0,34.18,16.12,79.25,14.42,28.07,56.92,7.21,93.3,60.17,28.64,31.05,84.12,0.0,26.08,59.46,76.42,58.31,22.36,50.0,27.2,78.23,70.88,36.67,66.12,94.11,9.9,48.51,79.61,29.61,91.0,35.51,67.27,36.35,76.37,18.03
37,46.65,48.33,76.16,58.55,74.43,83.19,68.35,77.67,63.25,35.44,72.11,95.35,61.74,66.12,60.46,67.2,65.3,41.23,41.04,60.83,26.08,51.61,62.23,36.77,27.86,24.08,78.79,30.07,48.37,78.89,19.7,97.53,70.0,44.94,46.17,105.55,26.08,0.0,70.03,94.87,64.5,42.19,54.59,48.37,96.17,57.2,15.65,84.12,93.02,29.83,26.93,83.68,45.88,79.03,51.55,65.31,56.82,75.15,20.62
38,39.7,65.3,32.0,15.62,7.21,16.97,22.8,46.39,42.05,36.88,43.17,30.0,31.3,4.47,37.74,44.94,48.33,47.2,47.71,47.71,60.93,42.52,49.4,64.5,45.61,75.29,34.06,73.54,35.61,38.05,64.03,36.88,2.0,31.3,28.64,51.88,59.46,70.03,0.0,34.41,11.66,77.18,18.87,78.82,34.06,60.0,65.0,26.0,45.88,68.54,68.94,25.5,30.41,67.36,25.24,31.95,32.02,34.06,50.09
39,73.59,71.39,63.25,49.68,27.2,17.89,26.68,78.43,76.16,59.46,76.16,46.17,65.51,35.38,40.2,78.71,82.37,80.62,60.03,47.54,92.09,76.84,48.08,76.11,75.47,92.2,64.56,88.0,48.37,24.17,82.87,56.14,36.06,50.0,48.7,18.44,76.42,94.87,34.41,0.0,46.04,86.83,52.35,85.91,2.83,94.4,93.94,10.77,72.34,83.01,100.12,51.79,49.04,100.72,43.32,65.76,40.11,65.79,74.33
40,28.84,68.12,22.8,6.0,18.87,28.43,32.0,36.0,30.46,34.99,32.25,31.05,19.7,12.17,44.27,33.53,36.77,36.72,49.52,53.85,51.92,31.11,55.71,65.3,38.05,73.35,25.3,72.72,38.83,48.17,61.74,34.99,10.0,32.56,29.73,63.53,58.31,64.5,11.66,46.04,0.0,78.1,10.0,80.62,45.61,48.41,57.31,37.58,38.95,67.96,59.77,21.4,31.89,56.04,28.3,20.62,37.7,24.33,45.88
41,75.18,16.12,97.67,73.59,77.82,82.87,62.64,104.86,91.59,43.86,99.3,107.07,85.6,72.72,46.69,96.04,95.77,73.54,29.53,40.0,64.78,81.41,40.05,12.81,56.46,18.97,100.5,12.17,42.05,64.03,24.33,112.8,78.23,46.04,48.83,90.2,22.36,42.19,77.18,86.83,78.1,0.0,70.71,6.32,89.11,92.97,56.08,77.67,115.31,13.34,68.07,99.49,46.87,113.32,51.97,89.02,48.38,97.84,40.31
42,21.26,62.13,27.2,4.0,25.61,35.61,33.53,37.36,28.07,26.91,32.56,40.79,18.11,16.97,42.19,32.0,34.23,28.43,43.27,50.99,42.38,25.06,52.95,58.0,28.07,64.5,30.0,64.4,34.18,50.0,52.84,43.86,17.89,26.83,24.17,68.82,50.0,54.59,18.87,52.35,10.0,70.71,0.0,73.76,52.35,42.94,47.38,42.8,44.69,59.82,50.33,29.97,26.4,54.23,24.52,20.62,35.23,27.78,36.4
43,79.62,14.56,100.9,76.42,78.89,83.26,62.77,108.76,95.77,47.2,103.25,108.81,89.31,74.4,46.17,100.24,100.18,78.43,31.24,38.47,70.46,85.91,38.21,16.12,61.35,25.3,103.71,18.44,43.27,62.51,30.07,114.98,80.0,48.17,50.99,88.0,27.2,48.37,78.82,85.91,80.62,6.32,73.76,0.0,88.29,98.08,62.01,77.2,118.44,19.03,74.01,101.91,48.92,118.11,53.6,92.66,48.75,101.21,45.22
44,73.54,73.76,62.03,49.52,26.91,17.2,28.28,77.25,75.47,60.73,75.15,44.05,64.9,35.38,42.43,77.9,81.63,80.72,62.0,50.0,92.65,76.58,50.6,78.23,76.16,94.09,63.25,90.02,50.16,26.83,84.59,54.04,35.61,51.42,50.0,20.1,78.23,96.17,34.06,2.83,45.61,89.11,52.35,88.29,0.0,94.02,94.81,12.17,70.58,85.01,100.7,50.22,50.45,99.74,44.64,65.0,42.01,64.62,75.58
45,22.8,91.08,39.4,44.94,67.2,76.84,76.16,30.07,20.59,56.0,26.68,67.08,29.73,59.36,81.58,20.88,16.49,20.1,74.11,88.57,31.24,17.89,90.55,82.46,36.88,78.71,40.5,82.46,70.46,92.48,69.08,63.25,58.41,62.51,60.83,111.52,70.88,57.2,60.0,94.4,48.41,92.97,42.94,98.08,94.02,0.0,41.87,85.44,49.16,79.71,33.6,53.24,62.65,21.93,63.79,30.81,74.73,36.77,52.89
46,34.48,59.44,65.0,51.35,70.52,80.06,68.51,64.41,50.09,36.12,59.03,87.02,50.45,61.68,64.44,53.71,51.31,27.73,47.89,67.12,10.63,38.48,68.8,48.51,19.42,39.05,67.45,44.28,51.66,81.47,32.02,87.82,64.54,46.1,46.4,106.83,36.67,15.65,65.0,93.94,57.31,56.08,47.38,62.01,94.81,41.87,0.0,83.24,80.99,43.0,12.0,74.33,46.86,63.78,51.61,53.85,59.41,63.6,23.02
47,64.03,62.64,56.89,40.5,18.97,12.17,16.12,71.81,68.03,48.7,68.96,44.27,57.27,26.08,31.05,70.94,74.32,70.77,50.04,39.4,81.61,67.68,40.25,66.48,64.9,82.02,58.55,78.1,38.05,18.44,72.44,53.85,27.86,39.29,37.95,26.08,66.12,84.12,26.0,10.77,37.58,77.67,42.8,77.2,12.17,85.44,83.24,0.0,68.07,73.06,89.63,47.01,38.33,93.3,32.57,57.94,30.02,59.23,63.57
48,46.62,106.61,17.69,42.2,50.8,56.01,68.68,19.1,31.58,71.45,23.09,28.23,31.38,49.04,82.86,29.07,33.0,53.45,87.8,92.61,71.84,42.72,94.43,102.65,65.37,107.62,14.87,108.37,77.7,83.36,96.05,19.42,43.97,71.03,68.24,90.67,94.11,93.02,45.88,72.34,38.95,115.31,44.69,118.44,70.58,49.16,80.99,68.07,0.0,104.0,77.67,21.1,70.46,39.45,67.23,27.78,76.49,18.03,78.6
49,62.43,19.85,86.31,63.01,70.21,76.49,57.22,92.62,79.06,33.02,87.01,97.95,73.66,64.08,43.29,83.49,83.01,60.42,23.02,39.22,51.48,68.6,39.92,8.6,43.38,10.3,89.14,5.1,35.36,61.98,11.05,102.93,69.35,37.34,39.92,89.05,9.9,29.83,68.54,83.01,67.96,13.34,59.82,19.03,85.01,79.71,43.0,73.06,104.0,0.0,55.0,89.31,38.28,100.22,43.97,77.16,43.05,86.27,27.29
50,33.06,71.2,63.13,54.08,75.13,85.0,75.82,59.77,46.1,45.0,54.82,87.57,49.0,66.19,73.82,49.04,45.88,25.0,58.69,77.41,8.06,35.23,79.18,60.41,24.84,50.8,65.28,56.22,61.03,89.87,44.01,87.0,68.15,54.67,54.49,114.21,48.51,26.93,68.94,100.12,59.77,68.07,50.33,74.01,100.7,33.6,12.0,89.63,77.67,55.0,0.0,74.17,55.32,55.32,59.4,52.04,68.25,61.29,33.62
51,41.11,89.14,14.21,26.42,29.83,35.01,48.1,28.6,32.65,56.3,28.32,13.93,25.5,29.15,63.13,33.02,37.44,49.25,70.72,73.06,67.01,40.02,74.79,86.68,56.09,94.41,14.21,94.03,59.55,62.37,82.76,13.93,23.71,53.76,50.93,70.21,79.61,83.68,25.5,51.79,21.4,99.49,29.97,101.91,50.22,53.24,74.33,47.01,21.1,89.31,74.17,0.0,53.04,52.01,48.92,23.09,57.14,17.03,66.31
52,40.11,36.24,53.34,28.3,32.02,39.05,22.47,63.57,52.77,10.82,58.52,60.21,43.97,25.94,19.31,57.07,58.42,43.42,17.69,26.02,47.8,46.01,28.02,34.13,31.06,45.71,56.08,43.32,8.06,34.66,35.06,66.07,31.38,1.0,2.24,60.21,29.61,45.88,30.41,49.04,31.89,46.87,26.4,48.92,50.45,62.65,46.86,38.33,70.46,38.28,55.32,53.04,0.0,78.23,6.0,46.82,13.04,54.12,25.5
53,39.05,109.9,38.28,54.74,74.33,82.86,87.3,23.43,26.17,73.55,24.6,64.35,36.67,68.15,96.01,22.56,20.02,39.81,91.98,104.12,53.15,32.76,106.12,102.18,56.86,99.98,37.8,103.31,86.28,103.75,89.89,57.63,65.46,78.31,76.16,118.85,91.0,79.03,67.36,100.72,56.04,113.32,54.23,118.11,99.74,21.93,63.78,93.3,39.45,100.22,55.32,52.01,78.23,0.0,78.0,35.44,89.01,35.51,73.01
54,41.0,40.31,50.57,25.63,26.25,33.06,17.0,61.85,52.09,16.16,57.07,55.22,42.58,20.81,18.03,56.22,58.01,45.31,22.47,26.48,51.66,46.53,28.44,39.36,34.71,51.62,53.23,49.04,10.63,30.61,41.05,61.55,26.4,7.0,5.39,55.22,35.51,51.55,25.24,43.32,28.3,51.97,24.52,53.6,44.64,63.79,51.61,32.57,67.23,43.97,59.4,48.92,6.0,78.0,0.0,45.12,11.05,51.62,31.02
55,19.42,81.88,11.18,20.02,39.0,47.89,52.24,16.76,10.63,45.49,12.04,37.0,3.61,32.76,62.65,13.0,16.64,27.07,63.06,71.59,45.4,17.12,73.55,76.61,37.59,80.16,13.6,81.32,54.71,68.59,68.68,35.06,30.08,47.17,44.6,83.67,67.27,65.31,31.95,65.76,20.62,89.02,20.62,92.66,65.0,30.81,53.85,57.94,27.78,77.16,52.04,23.09,46.82,35.44,45.12,0.0,55.73,9.85,51.09
56,51.97,34.48,60.41,35.9,30.61,34.54,14.32,72.37,63.03,23.35,67.74,61.52,53.34,28.02,7.0,67.12,69.0,55.97,20.02,16.16,60.8,57.56,18.03,36.67,44.1,52.09,62.97,48.09,8.54,22.2,42.95,68.88,33.6,13.6,14.32,48.75,36.35,56.82,32.02,40.11,37.7,48.38,35.23,48.75,42.01,74.73,59.41,30.02,76.49,43.05,68.25,57.14,13.04,89.01,11.05,55.73,0.0,61.68,37.2
57,29.12,89.89,2.83,26.0,40.45,48.08,56.14,12.65,16.49,54.04,11.31,30.53,13.42,36.06,68.41,16.12,20.59,36.5,71.02,77.79,54.92,26.08,79.7,85.28,47.41,89.64,4.0,90.55,61.74,72.0,78.1,26.68,32.06,54.59,51.88,84.12,76.37,75.15,34.06,65.79,24.33,97.84,27.78,101.21,64.62,36.77,63.6,59.23,18.03,86.27,61.29,17.03,54.12,35.51,51.62,9.85,61.68,0.0,60.61
58,35.23,39.0,61.03,40.16,54.08,62.65,47.93,65.86,52.01,14.87,60.21,76.92,47.51,46.01,41.73,56.4,55.76,33.24,25.08,44.1,27.66,41.34,45.79,29.61,16.16,29.07,63.82,30.81,29.07,59.41,17.69,80.23,50.25,24.6,25.63,85.59,18.03,20.62,50.09,74.33,45.88,40.31,36.4,45.22,75.58,52.89,23.02,63.57,78.6,27.29,33.62,66.31,25.5,73.01,31.02,51.09,37.2,60.61,0.0
