set K:= 1	2	3	4	5	6	7;
set C_H:= 1	2	3	4	5	6	7	8	9	10	11	12	13	14	15	16	17;
set C_S:= 18	19	20	21	22	23	24	25	26	27	28	29	30	31	32;
set C_F:= 33	34	35	36	37	38	39	40	41	42	43	44	45	46	47;
set M:= 0	1	2	3;
set M_B:= 4	5	6	7;
set L_B:= 52	53	54	55	56	57	58	59	60	61	62	63	64;
set A1:=
(0,*) 1 2 3 4 5 6 7 8 9 10 11 12 13 14 15 16 17 33 34 35 36 37 38 39 40 41 42 43 44 45 46 47 1 2 3 4 5 6 7 52 53 54 55 56 57 58 59 60 61 62 63 64
(1,*) 0 2 3 4 5 6 7 8 9 10 11 12 13 14 15 16 17 33 34 35 36 37 38 39 40 41 42 43 44 45 46 47 0 2 3 4 5 6 7 52 53 54 55 56 57 58 59 60 61 62 63 64
(2,*) 0 1 3 4 5 6 7 8 9 10 11 12 13 14 15 16 17 33 34 35 36 37 38 39 40 41 42 43 44 45 46 47 0 1 3 4 5 6 7 52 53 54 55 56 57 58 59 60 61 62 63 64
(3,*) 0 1 2 4 5 6 7 8 9 10 11 12 13 14 15 16 17 33 34 35 36 37 38 39 40 41 42 43 44 45 46 47 0 1 2 4 5 6 7 52 53 54 55 56 57 58 59 60 61 62 63 64
(4,*) 0 1 2 3 5 6 7 8 9 10 11 12 13 14 15 16 17 33 34 35 36 37 38 39 40 41 42 43 44 45 46 47 0 1 2 3 5 6 7 52 53 54 55 56 57 58 59 60 61 62 63 64
(5,*) 0 1 2 3 4 6 7 8 9 10 11 12 13 14 15 16 17 33 34 35 36 37 38 39 40 41 42 43 44 45 46 47 0 1 2 3 4 6 7 52 53 54 55 56 57 58 59 60 61 62 63 64
(6,*) 0 1 2 3 4 5 7 8 9 10 11 12 13 14 15 16 17 33 34 35 36 37 38 39 40 41 42 43 44 45 46 47 0 1 2 3 4 5 7 52 53 54 55 56 57 58 59 60 61 62 63 64
(7,*) 0 1 2 3 4 5 6 8 9 10 11 12 13 14 15 16 17 33 34 35 36 37 38 39 40 41 42 43 44 45 46 47 0 1 2 3 4 5 6 52 53 54 55 56 57 58 59 60 61 62 63 64
(8,*) 0 1 2 3 4 5 6 7 9 10 11 12 13 14 15 16 17 33 34 35 36 37 38 39 40 41 42 43 44 45 46 47 0 1 2 3 4 5 6 7 52 53 54 55 56 57 58 59 60 61 62 63 64
(9,*) 0 1 2 3 4 5 6 7 8 10 11 12 13 14 15 16 17 33 34 35 36 37 38 39 40 41 42 43 44 45 46 47 0 1 2 3 4 5 6 7 52 53 54 55 56 57 58 59 60 61 62 63 64
(10,*) 0 1 2 3 4 5 6 7 8 9 11 12 13 14 15 16 17 33 34 35 36 37 38 39 40 41 42 43 44 45 46 47 0 1 2 3 4 5 6 7 52 53 54 55 56 57 58 59 60 61 62 63 64
(11,*) 0 1 2 3 4 5 6 7 8 9 10 12 13 14 15 16 17 33 34 35 36 37 38 39 40 41 42 43 44 45 46 47 0 1 2 3 4 5 6 7 52 53 54 55 56 57 58 59 60 61 62 63 64
(12,*) 0 1 2 3 4 5 6 7 8 9 10 11 13 14 15 16 17 33 34 35 36 37 38 39 40 41 42 43 44 45 46 47 0 1 2 3 4 5 6 7 52 53 54 55 56 57 58 59 60 61 62 63 64
(13,*) 0 1 2 3 4 5 6 7 8 9 10 11 12 14 15 16 17 33 34 35 36 37 38 39 40 41 42 43 44 45 46 47 0 1 2 3 4 5 6 7 52 53 54 55 56 57 58 59 60 61 62 63 64
(14,*) 0 1 2 3 4 5 6 7 8 9 10 11 12 13 15 16 17 33 34 35 36 37 38 39 40 41 42 43 44 45 46 47 0 1 2 3 4 5 6 7 52 53 54 55 56 57 58 59 60 61 62 63 64
(15,*) 0 1 2 3 4 5 6 7 8 9 10 11 12 13 14 16 17 33 34 35 36 37 38 39 40 41 42 43 44 45 46 47 0 1 2 3 4 5 6 7 52 53 54 55 56 57 58 59 60 61 62 63 64
(16,*) 0 1 2 3 4 5 6 7 8 9 10 11 12 13 14 15 17 33 34 35 36 37 38 39 40 41 42 43 44 45 46 47 0 1 2 3 4 5 6 7 52 53 54 55 56 57 58 59 60 61 62 63 64
(17,*) 0 1 2 3 4 5 6 7 8 9 10 11 12 13 14 15 16 33 34 35 36 37 38 39 40 41 42 43 44 45 46 47 0 1 2 3 4 5 6 7 52 53 54 55 56 57 58 59 60 61 62 63 64
(33,*) 0 1 2 3 4 5 6 7 8 9 10 11 12 13 14 15 16 17 34 35 36 37 38 39 40 41 42 43 44 45 46 47 0 1 2 3 4 5 6 7 52 53 54 55 56 57 58 59 60 61 62 63 64
(34,*) 0 1 2 3 4 5 6 7 8 9 10 11 12 13 14 15 16 17 33 35 36 37 38 39 40 41 42 43 44 45 46 47 0 1 2 3 4 5 6 7 52 53 54 55 56 57 58 59 60 61 62 63 64
(35,*) 0 1 2 3 4 5 6 7 8 9 10 11 12 13 14 15 16 17 33 34 36 37 38 39 40 41 42 43 44 45 46 47 0 1 2 3 4 5 6 7 52 53 54 55 56 57 58 59 60 61 62 63 64
(36,*) 0 1 2 3 4 5 6 7 8 9 10 11 12 13 14 15 16 17 33 34 35 37 38 39 40 41 42 43 44 45 46 47 0 1 2 3 4 5 6 7 52 53 54 55 56 57 58 59 60 61 62 63 64
(37,*) 0 1 2 3 4 5 6 7 8 9 10 11 12 13 14 15 16 17 33 34 35 36 38 39 40 41 42 43 44 45 46 47 0 1 2 3 4 5 6 7 52 53 54 55 56 57 58 59 60 61 62 63 64
(38,*) 0 1 2 3 4 5 6 7 8 9 10 11 12 13 14 15 16 17 33 34 35 36 37 39 40 41 42 43 44 45 46 47 0 1 2 3 4 5 6 7 52 53 54 55 56 57 58 59 60 61 62 63 64
(39,*) 0 1 2 3 4 5 6 7 8 9 10 11 12 13 14 15 16 17 33 34 35 36 37 38 40 41 42 43 44 45 46 47 0 1 2 3 4 5 6 7 52 53 54 55 56 57 58 59 60 61 62 63 64
(40,*) 0 1 2 3 4 5 6 7 8 9 10 11 12 13 14 15 16 17 33 34 35 36 37 38 39 41 42 43 44 45 46 47 0 1 2 3 4 5 6 7 52 53 54 55 56 57 58 59 60 61 62 63 64
(41,*) 0 1 2 3 4 5 6 7 8 9 10 11 12 13 14 15 16 17 33 34 35 36 37 38 39 40 42 43 44 45 46 47 0 1 2 3 4 5 6 7 52 53 54 55 56 57 58 59 60 61 62 63 64
(42,*) 0 1 2 3 4 5 6 7 8 9 10 11 12 13 14 15 16 17 33 34 35 36 37 38 39 40 41 43 44 45 46 47 0 1 2 3 4 5 6 7 52 53 54 55 56 57 58 59 60 61 62 63 64
(43,*) 0 1 2 3 4 5 6 7 8 9 10 11 12 13 14 15 16 17 33 34 35 36 37 38 39 40 41 42 44 45 46 47 0 1 2 3 4 5 6 7 52 53 54 55 56 57 58 59 60 61 62 63 64
(44,*) 0 1 2 3 4 5 6 7 8 9 10 11 12 13 14 15 16 17 33 34 35 36 37 38 39 40 41 42 43 45 46 47 0 1 2 3 4 5 6 7 52 53 54 55 56 57 58 59 60 61 62 63 64
(45,*) 0 1 2 3 4 5 6 7 8 9 10 11 12 13 14 15 16 17 33 34 35 36 37 38 39 40 41 42 43 44 46 47 0 1 2 3 4 5 6 7 52 53 54 55 56 57 58 59 60 61 62 63 64
(46,*) 0 1 2 3 4 5 6 7 8 9 10 11 12 13 14 15 16 17 33 34 35 36 37 38 39 40 41 42 43 44 45 47 0 1 2 3 4 5 6 7 52 53 54 55 56 57 58 59 60 61 62 63 64
(47,*) 0 1 2 3 4 5 6 7 8 9 10 11 12 13 14 15 16 17 33 34 35 36 37 38 39 40 41 42 43 44 45 46 0 1 2 3 4 5 6 7 52 53 54 55 56 57 58 59 60 61 62 63 64
(0,*) 1 2 3 4 5 6 7 8 9 10 11 12 13 14 15 16 17 33 34 35 36 37 38 39 40 41 42 43 44 45 46 47 1 2 3 4 5 6 7 52 53 54 55 56 57 58 59 60 61 62 63 64
(1,*) 0 2 3 4 5 6 7 8 9 10 11 12 13 14 15 16 17 33 34 35 36 37 38 39 40 41 42 43 44 45 46 47 0 2 3 4 5 6 7 52 53 54 55 56 57 58 59 60 61 62 63 64
(2,*) 0 1 3 4 5 6 7 8 9 10 11 12 13 14 15 16 17 33 34 35 36 37 38 39 40 41 42 43 44 45 46 47 0 1 3 4 5 6 7 52 53 54 55 56 57 58 59 60 61 62 63 64
(3,*) 0 1 2 4 5 6 7 8 9 10 11 12 13 14 15 16 17 33 34 35 36 37 38 39 40 41 42 43 44 45 46 47 0 1 2 4 5 6 7 52 53 54 55 56 57 58 59 60 61 62 63 64
(4,*) 0 1 2 3 5 6 7 8 9 10 11 12 13 14 15 16 17 33 34 35 36 37 38 39 40 41 42 43 44 45 46 47 0 1 2 3 5 6 7 52 53 54 55 56 57 58 59 60 61 62 63 64
(5,*) 0 1 2 3 4 6 7 8 9 10 11 12 13 14 15 16 17 33 34 35 36 37 38 39 40 41 42 43 44 45 46 47 0 1 2 3 4 6 7 52 53 54 55 56 57 58 59 60 61 62 63 64
(6,*) 0 1 2 3 4 5 7 8 9 10 11 12 13 14 15 16 17 33 34 35 36 37 38 39 40 41 42 43 44 45 46 47 0 1 2 3 4 5 7 52 53 54 55 56 57 58 59 60 61 62 63 64
(7,*) 0 1 2 3 4 5 6 8 9 10 11 12 13 14 15 16 17 33 34 35 36 37 38 39 40 41 42 43 44 45 46 47 0 1 2 3 4 5 6 52 53 54 55 56 57 58 59 60 61 62 63 64
(52,*) 0 1 2 3 4 5 6 7 8 9 10 11 12 13 14 15 16 17 33 34 35 36 37 38 39 40 41 42 43 44 45 46 47 0 1 2 3 4 5 6 7 53 54 55 56 57 58 59 60 61 62 63 64
(53,*) 0 1 2 3 4 5 6 7 8 9 10 11 12 13 14 15 16 17 33 34 35 36 37 38 39 40 41 42 43 44 45 46 47 0 1 2 3 4 5 6 7 52 54 55 56 57 58 59 60 61 62 63 64
(54,*) 0 1 2 3 4 5 6 7 8 9 10 11 12 13 14 15 16 17 33 34 35 36 37 38 39 40 41 42 43 44 45 46 47 0 1 2 3 4 5 6 7 52 53 55 56 57 58 59 60 61 62 63 64
(55,*) 0 1 2 3 4 5 6 7 8 9 10 11 12 13 14 15 16 17 33 34 35 36 37 38 39 40 41 42 43 44 45 46 47 0 1 2 3 4 5 6 7 52 53 54 56 57 58 59 60 61 62 63 64
(56,*) 0 1 2 3 4 5 6 7 8 9 10 11 12 13 14 15 16 17 33 34 35 36 37 38 39 40 41 42 43 44 45 46 47 0 1 2 3 4 5 6 7 52 53 54 55 57 58 59 60 61 62 63 64
(57,*) 0 1 2 3 4 5 6 7 8 9 10 11 12 13 14 15 16 17 33 34 35 36 37 38 39 40 41 42 43 44 45 46 47 0 1 2 3 4 5 6 7 52 53 54 55 56 58 59 60 61 62 63 64
(58,*) 0 1 2 3 4 5 6 7 8 9 10 11 12 13 14 15 16 17 33 34 35 36 37 38 39 40 41 42 43 44 45 46 47 0 1 2 3 4 5 6 7 52 53 54 55 56 57 59 60 61 62 63 64
(59,*) 0 1 2 3 4 5 6 7 8 9 10 11 12 13 14 15 16 17 33 34 35 36 37 38 39 40 41 42 43 44 45 46 47 0 1 2 3 4 5 6 7 52 53 54 55 56 57 58 60 61 62 63 64
(60,*) 0 1 2 3 4 5 6 7 8 9 10 11 12 13 14 15 16 17 33 34 35 36 37 38 39 40 41 42 43 44 45 46 47 0 1 2 3 4 5 6 7 52 53 54 55 56 57 58 59 61 62 63 64
(61,*) 0 1 2 3 4 5 6 7 8 9 10 11 12 13 14 15 16 17 33 34 35 36 37 38 39 40 41 42 43 44 45 46 47 0 1 2 3 4 5 6 7 52 53 54 55 56 57 58 59 60 62 63 64
(62,*) 0 1 2 3 4 5 6 7 8 9 10 11 12 13 14 15 16 17 33 34 35 36 37 38 39 40 41 42 43 44 45 46 47 0 1 2 3 4 5 6 7 52 53 54 55 56 57 58 59 60 61 63 64
(63,*) 0 1 2 3 4 5 6 7 8 9 10 11 12 13 14 15 16 17 33 34 35 36 37 38 39 40 41 42 43 44 45 46 47 0 1 2 3 4 5 6 7 52 53 54 55 56 57 58 59 60 61 62 64
(64,*) 0 1 2 3 4 5 6 7 8 9 10 11 12 13 14 15 16 17 33 34 35 36 37 38 39 40 41 42 43 44 45 46 47 0 1 2 3 4 5 6 7 52 53 54 55 56 57 58 59 60 61 62 63
;
set A2:=
(0,*) 1
(1,*) 0
(2,*) 3
;
param BigM:=99999;
param n:= 7;
param d:=
1	14
2	5
3	11
4	2
5	9
6	15
7	16
8	14
9	5
10	8
11	16
12	3
13	16
14	9
15	14
16	13
17	16
18	22
19	26
20	22
21	11
22	18
23	23
24	12
25	9
26	2
27	10
28	20
29	13
30	25
31	23
32	4
33	20
34	25
35	18
36	10
37	14
38	24
39	8
40	12
41	15
42	2
43	3
44	8
45	7
46	18
47	16
;
param Q:=100;
param w:=
[0,*] 1 0.1
[1,*] 0 0.1
[2,*] 3 0.1
;
param V:=
[0,*] 1 88
[1,*] 0 88
[2,*] 3 100
;
param e:
	48	49	50	51	52	53	54	55	56	57	58	59	60	61	62	63	64:=
18		0		1		0		0		0		1		0		0		0		0		0		0		0		0		0		0		0	
19		0		0		0		0		0		0		0		0		0		0		0		0		0		1		0		0		1	
20		0		1		0		0		0		1		0		0		0		0		0		0		0		0		0		0		0	
21		0		0		0		0		0		0		0		0		0		1		0		0		1		0		0		0		0	
22		1		0		0		0		1		0		0		0		0		0		0		0		0		0		0		1		0	
23		0		1		0		0		0		1		0		0		0		0		0		0		0		0		0		0		0	
24		0		1		0		0		0		1		0		0		0		0		0		0		0		0		0		0		0	
25		0		0		0		0		0		0		0		0		0		0		0		0		0		0		0		0		1	
26		0		0		0		0		0		0		0		0		1		0		0		1		0		0		0		0		0	
27		0		0		0		0		0		0		0		0		1		0		0		0		0		1		0		0		0	
28		0		0		0		0		0		0		0		0		0		0		0		0		0		1		0		0		0	
29		0		1		0		0		0		1		0		0		0		0		0		0		1		0		0		0		0	
30		0		0		0		0		0		0		0		0		0		0		1		0		0		0		1		0		0	
31		0		0		0		0		0		0		0		0		0		0		0		0		0		0		1		0		0	
32		1		0		0		0		1		0		0		0		1		0		0		1		0		0		0		0		0	
33		0		1		0		0		0		1		0		0		0		0		0		0		0		0		0		0		0	
34		0		1		0		0		0		1		0		0		0		0		1		0		0		0		0		0		0	
35		1		0		0		0		1		0		0		0		0		0		0		1		0		0		0		1		0	
36		1		0		0		0		1		0		0		0		1		0		0		1		0		0		0		1		0	
37		1		0		0		0		1		0		0		0		1		0		0		1		0		0		0		0		0	
38		0		0		0		0		0		0		0		0		0		1		1		0		1		0		0		0		1	
39		0		0		0		0		0		0		0		0		1		0		0		1		0		1		0		1		0	
40		1		0		0		0		1		0		0		0		0		0		0		1		0		0		0		0		0	
41		1		0		0		0		1		0		0		0		0		0		0		1		0		0		0		1		0	
42		0		1		0		0		0		1		0		0		0		0		0		0		0		0		0		0		0	
43		0		1		0		0		0		1		0		0		0		0		0		0		0		0		1		0		0	
44		0		0		0		0		0		0		0		0		0		0		0		0		0		0		1		0		0	
45		0		1		0		0		0		1		0		0		0		0		0		0		1		0		0		0		0	
46		0		0		0		0		0		0		0		0		1		0		0		0		0		0		0		0		0	
47		0		0		1		0		0		0		1		0		0		1		0		0		1		1		0		0		1	
;
param p:=
1	3
2	3
3	3
4	3
5	3
6	3
7	3
;
param G:=
48	76
49	88
50	100
51	79
52	76
53	88
54	100
55	79
56	76
57	99
58	81
59	75
60	79
61	98
62	83
63	71
64	91
;
param s:=
0	0
1	10
2	10
3	10
4	10
5	10
6	10
7	10
8	10
9	10
10	10
11	10
12	10
13	10
14	10
15	10
16	10
17	10
33	10
34	10
35	10
36	10
37	10
38	10
39	10
40	10
41	10
42	10
43	10
44	10
45	10
46	10
47	10
48	10
49	10
50	10
51	10
52	10
53	10
54	10
55	10
56	10
57	10
58	10
59	10
60	10
61	10
62	10
63	10
64	10
;
param t:
	0	1	2	3	4	5	6	7	8	9	10	11	12	13	14	15	16	17	18	19	20	21	22	23	24	25	26	27	28	29	30	31	32	33	34	35	36	37	38	39	40	41	42	43	44	45	46	47	48	49	50	51	52	53	54	55	56	57	58	59	60	61	62	63	64:=
0	0.0	58.31	77.79	87.32	48.37	88.57	16.12	63.81	94.09	48.17	81.71	72.8	60.17	88.0	38.05	36.06	34.53	54.33	44.18	58.0	36.22	11.66	80.62	12.81	26.68	56.36	74.24	81.63	72.25	18.87	44.27	62.77	88.77	48.08	47.41	82.1	70.88	97.02	36.88	78.89	90.0	70.26	36.22	37.74	60.46	14.14	92.65	38.21	84.93	24.17	46.53	86.68	84.93	24.17	46.53	86.68	88.26	26.57	38.21	84.48	18.44	62.2	38.91	73.68	32.65
1	58.31	0.0	86.09	55.71	58.82	51.42	42.19	87.36	83.74	86.02	50.16	98.08	44.05	76.58	52.61	31.3	87.36	50.12	97.53	12.81	92.48	46.65	64.03	61.35	79.7	31.24	39.4	40.79	24.08	61.61	65.12	79.12	62.61	97.32	92.35	69.43	48.41	69.08	26.08	39.29	78.1	59.46	89.84	70.03	86.35	63.25	48.0	22.36	61.91	74.73	23.35	91.84	61.91	74.73	23.35	91.84	56.65	32.65	46.69	57.25	47.54	23.85	67.19	48.26	29.43
2	77.79	86.09	0.0	54.59	31.62	62.29	76.16	22.36	28.28	43.68	54.04	25.61	43.08	27.78	42.19	93.72	68.73	36.06	72.8	74.24	78.92	76.03	34.53	65.97	68.03	55.46	58.55	66.12	74.73	59.67	33.53	16.0	47.54	63.91	55.03	29.12	44.41	52.0	66.48	64.28	28.84	30.27	71.02	42.19	26.0	65.51	74.11	70.77	42.95	64.03	96.9	9.06	42.95	64.03	96.9	9.06	54.74	81.4	45.61	48.51	62.61	65.55	39.62	47.17	66.53
3	87.32	55.71	54.59	0.0	49.52	8.25	75.71	69.86	36.06	82.8	6.0	77.79	27.78	30.59	54.41	80.22	99.36	36.88	107.52	43.68	108.41	78.59	20.1	81.41	94.4	32.25	16.49	16.97	33.29	77.18	59.46	59.09	8.94	101.98	93.72	26.0	17.2	13.42	54.33	17.2	31.05	26.83	102.18	70.71	71.55	82.37	20.4	56.04	12.04	88.81	76.69	55.01	12.04	88.81	76.69	55.01	1.0	73.17	51.11	6.08	69.08	32.76	66.47	13.89	57.71
4	48.37	58.82	31.62	49.52	0.0	54.41	44.72	28.64	46.04	34.0	45.61	39.29	24.17	40.45	10.77	62.29	50.48	13.42	58.14	48.66	60.03	44.94	35.78	38.05	46.52	32.06	43.86	52.8	54.33	32.25	10.0	20.59	47.2	52.5	44.41	35.44	32.8	54.92	36.06	50.16	42.43	25.06	53.25	21.26	28.07	38.21	63.53	40.5	42.44	41.23	66.22	39.82	42.44	41.23	66.22	39.82	50.21	49.82	14.14	44.6	31.62	43.05	17.03	36.4	35.47
5	88.57	51.42	62.29	8.25	54.41	0.0	75.89	76.55	44.27	88.2	8.94	84.9	31.11	38.83	58.0	78.03	103.25	41.23	111.8	40.2	111.95	79.12	28.0	83.76	97.84	32.31	14.56	10.77	27.86	80.0	64.4	65.79	17.09	106.83	98.81	34.06	21.63	19.8	53.85	12.17	39.29	33.53	106.08	75.29	78.0	84.88	12.17	54.92	20.22	92.2	73.44	63.07	20.22	92.2	73.44	63.07	8.54	72.18	54.04	14.04	70.71	30.02	71.06	18.03	57.57
6	16.12	42.19	76.16	75.71	44.72	75.89	0.0	66.48	87.86	55.46	69.86	76.58	50.04	81.22	34.0	22.8	48.04	46.69	58.14	42.52	51.42	4.47	72.11	22.09	40.05	43.68	61.35	68.03	57.2	25.3	44.05	62.8	78.41	60.3	57.72	74.67	60.3	86.58	22.36	65.39	83.19	62.51	50.16	41.62	63.78	24.08	78.71	22.8	75.11	36.06	32.02	84.53	75.11	36.06	32.02	84.53	76.69	11.05	31.62	73.68	14.14	47.89	41.11	62.65	18.38
7	63.81	87.36	22.36	69.86	28.64	76.55	66.48	0.0	50.0	22.09	67.68	10.77	50.16	48.08	35.78	87.2	48.0	40.0	50.99	77.28	58.03	65.12	51.11	51.11	48.66	60.13	69.05	77.67	82.0	44.94	23.32	10.77	64.5	41.76	32.98	47.2	55.79	70.46	63.56	75.31	49.52	43.08	50.04	26.08	4.0	50.12	87.36	68.03	59.54	45.61	92.78	30.36	59.54	45.61	92.78	30.36	70.26	74.2	41.23	63.98	52.35	71.11	25.5	59.2	62.18
8	94.09	83.74	28.28	36.06	46.04	44.27	87.86	50.0	0.0	69.77	38.47	53.81	41.18	7.21	56.04	100.32	92.97	41.23	98.49	70.94	103.09	89.11	19.8	84.1	90.71	53.25	47.2	51.88	65.6	78.23	52.95	41.18	27.2	90.35	81.41	14.42	35.38	28.0	71.69	51.11	5.66	26.0	95.52	64.03	53.25	84.21	56.32	75.15	24.6	85.91	100.34	23.71	24.6	85.91	100.34	23.71	35.74	89.81	56.57	30.87	76.42	60.14	60.42	36.12	73.39
9	48.17	86.02	43.68	82.8	34.0	88.2	55.46	22.09	69.77	0.0	79.32	27.2	58.14	66.57	34.53	78.0	26.08	47.41	29.12	78.41	36.0	52.84	66.48	35.61	27.86	64.56	77.82	86.76	86.83	30.53	24.17	28.64	79.25	20.59	11.66	64.03	66.57	86.28	60.13	84.1	68.26	56.64	28.0	16.0	18.11	34.06	97.53	64.28	74.28	26.08	85.73	52.17	74.28	26.08	85.73	52.17	83.41	65.19	40.45	77.47	42.38	75.19	19.24	70.18	57.43
10	81.71	50.16	54.04	6.0	45.61	8.94	69.86	67.68	38.47	79.32	0.0	76.16	22.8	32.31	49.68	74.24	94.85	32.56	103.25	37.95	103.71	72.8	20.4	76.16	89.64	26.31	10.77	13.42	28.43	72.11	55.61	56.92	12.81	98.08	90.0	26.68	12.81	18.97	48.37	12.81	33.11	24.74	97.67	66.6	69.08	77.18	20.1	50.04	13.89	84.02	70.83	55.44	13.89	84.02	70.83	55.44	7.0	67.19	46.04	7.81	63.56	26.93	62.37	9.22	51.79
11	72.8	98.08	25.61	77.79	39.29	84.9	76.58	10.77	53.81	27.2	76.16	0.0	60.0	53.25	46.52	97.65	52.95	50.16	54.0	87.86	62.51	74.97	58.31	60.0	55.03	70.46	78.41	86.83	92.09	54.04	34.0	20.0	71.69	44.05	36.06	53.67	64.78	76.94	74.32	84.59	54.41	51.42	54.59	35.38	12.81	58.82	96.1	78.79	66.85	52.8	103.45	31.4	66.85	52.8	103.45	31.4	78.11	84.63	52.0	71.78	62.48	81.39	35.47	68.07	72.9
12	60.17	44.05	43.08	27.78	24.17	31.11	50.04	50.16	41.18	58.14	22.8	60.0	0.0	34.0	26.91	59.46	72.14	10.77	80.72	31.62	80.92	52.35	22.8	53.67	66.84	12.81	19.7	28.64	32.25	49.4	34.0	40.0	28.64	76.03	68.26	26.83	10.77	36.88	31.05	26.0	35.78	15.62	74.97	44.41	50.64	54.59	39.45	34.18	25.08	61.22	59.17	48.02	25.08	61.22	59.17	48.02	28.65	49.82	23.32	24.35	41.76	22.47	40.22	13.89	33.38
13	88.0	76.58	27.78	30.59	40.45	38.83	81.22	48.08	7.21	66.57	32.31	53.25	34.0	0.0	50.04	93.23	88.77	34.53	94.83	63.78	98.79	82.61	12.81	78.41	86.02	46.04	40.5	45.69	58.82	72.69	48.08	38.42	22.09	87.13	78.23	7.21	28.28	24.74	64.62	44.72	2.0	18.97	91.39	59.46	50.99	78.64	50.99	68.03	18.68	81.04	93.15	25.5	18.68	81.04	93.15	25.5	30.41	82.86	50.16	25.0	70.11	53.04	55.66	29.21	66.41
14	38.05	52.61	42.19	54.41	10.77	58.0	34.0	35.78	56.04	34.53	49.68	46.52	26.91	50.04	0.0	52.35	45.25	17.89	54.04	44.05	54.04	34.18	43.68	28.64	40.0	30.46	45.61	54.41	52.5	23.41	12.65	29.73	53.67	50.12	43.08	44.41	37.2	61.74	27.86	51.61	52.04	32.98	48.08	18.97	34.18	29.12	65.6	32.31	49.24	34.41	57.14	50.54	49.24	34.41	57.14	50.54	55.22	39.62	6.0	50.25	20.88	40.8	15.3	40.61	26.42
15	36.06	31.3	93.72	80.22	62.29	78.03	22.8	87.2	100.32	78.0	74.24	97.65	59.46	93.23	52.35	0.0	70.11	60.03	80.02	38.47	72.25	26.31	82.22	44.72	62.13	49.03	64.03	68.26	53.37	48.08	64.03	82.07	85.16	82.87	80.52	86.16	67.91	92.78	28.64	66.12	95.08	74.32	72.03	63.53	84.88	46.69	77.28	25.3	82.98	58.55	11.18	101.4	82.98	58.55	11.18	101.4	81.22	13.04	48.17	79.91	35.78	48.01	62.43	69.23	27.46
16	34.53	87.36	68.73	99.36	50.48	103.25	48.04	48.0	92.97	26.08	94.85	52.95	72.14	88.77	45.25	70.11	0.0	62.48	10.2	83.26	10.2	44.0	86.09	26.31	8.0	74.4	90.69	99.36	95.02	26.0	41.18	52.95	97.65	14.42	17.89	84.97	82.22	105.39	62.03	96.54	90.62	75.47	2.83	29.53	44.0	24.33	110.63	65.15	92.91	12.65	80.01	77.52	92.91	12.65	80.01	77.52	100.12	59.08	49.68	94.81	39.85	83.53	33.62	85.7	58.19
17	54.33	50.12	36.06	36.88	13.42	41.23	46.69	40.0	41.23	47.41	32.56	50.16	10.77	34.53	17.89	60.03	62.48	0.0	70.71	38.63	71.61	48.17	26.31	46.17	57.69	20.4	30.46	39.4	42.0	41.23	23.32	30.27	35.78	65.6	57.69	28.07	19.8	43.86	31.62	36.77	36.5	16.0	65.3	34.06	40.2	46.82	50.12	35.61	31.38	52.15	61.72	42.45	31.38	52.15	61.72	42.45	37.64	48.85	16.12	32.45	36.06	31.26	29.83	23.35	32.65
18	44.18	97.53	72.8	107.52	58.14	111.8	58.14	50.99	98.49	29.12	103.25	54.0	80.72	94.83	54.04	80.02	10.2	70.71	0.0	93.23	11.31	54.04	93.23	36.5	18.11	83.76	99.64	108.41	104.71	36.06	48.41	57.58	105.26	10.2	18.11	91.59	90.51	112.8	72.11	105.6	96.6	82.8	8.0	36.88	47.07	34.53	119.63	75.29	100.42	22.8	90.05	81.25	100.42	22.8	90.05	81.25	108.25	69.18	58.82	102.73	50.0	93.15	41.11	94.05	68.31
19	58.0	12.81	74.24	43.68	48.66	40.2	42.52	77.28	70.94	78.41	37.95	87.86	31.62	63.78	44.05	38.47	83.26	38.63	93.23	0.0	89.55	46.69	51.22	58.31	76.03	18.87	27.2	30.0	15.23	57.27	56.04	68.41	50.16	91.76	85.91	56.64	35.61	56.92	21.63	28.07	65.3	46.86	85.91	62.51	76.66	60.03	38.83	19.8	49.24	70.68	33.24	79.61	49.24	70.68	33.24	79.61	44.64	35.36	38.05	44.78	43.91	11.18	59.21	35.51	25.81
20	36.22	92.48	78.92	108.41	60.03	111.95	51.42	58.03	103.09	36.0	103.71	62.51	80.92	98.79	54.04	72.25	10.2	71.61	11.31	89.55	0.0	47.07	95.77	31.3	14.14	82.22	98.99	107.52	102.08	32.8	50.99	63.15	107.07	20.59	26.68	94.85	91.21	114.91	68.0	104.69	100.66	85.09	8.0	39.4	54.04	29.53	118.83	70.68	102.4	19.8	82.73	87.69	102.4	19.8	82.73	87.69	109.2	62.37	58.0	104.04	45.65	90.8	43.38	94.64	63.95
21	11.66	46.65	76.03	78.59	44.94	79.12	4.47	65.12	89.11	52.84	72.8	74.97	52.35	82.61	34.18	26.31	44.0	48.17	54.04	46.69	47.07	0.0	74.0	18.44	36.0	46.82	64.62	71.55	61.22	22.36	43.27	62.13	80.89	56.57	54.41	76.24	62.8	89.11	26.08	68.88	84.59	64.12	46.04	39.7	62.23	20.4	82.37	26.91	77.41	32.25	36.01	84.58	77.41	32.25	36.01	84.58	79.56	15.3	32.56	76.3	13.42	51.62	39.62	65.31	21.95
22	80.62	64.03	34.53	20.1	35.78	28.0	72.11	51.11	19.8	66.48	20.4	58.31	22.8	12.81	43.68	82.22	86.09	26.31	93.23	51.22	95.77	74.0	0.0	72.28	82.29	34.0	27.78	33.53	46.04	67.05	44.94	40.5	13.42	86.56	77.9	6.32	15.62	19.8	53.85	32.31	14.14	10.77	88.84	56.6	53.25	72.8	40.05	56.92	8.54	76.97	81.39	35.13	8.54	76.97	81.39	35.13	20.22	72.57	42.43	14.04	62.29	40.36	52.48	16.4	56.09
23	12.81	61.35	65.97	81.41	38.05	83.76	22.09	51.11	84.1	35.61	76.16	60.0	53.67	78.41	28.64	44.72	26.31	46.17	36.5	58.31	31.3	18.44	72.28	0.0	18.44	52.5	70.0	78.1	71.22	6.32	32.56	50.6	81.71	38.21	36.06	72.99	64.4	89.89	36.72	75.29	80.4	61.61	28.64	25.06	47.71	2.0	89.38	39.4	77.49	14.0	54.08	74.95	77.49	14.0	54.08	74.95	82.3	33.02	30.46	77.88	14.42	60.21	26.57	67.54	32.65
24	26.68	79.7	68.03	94.4	46.52	97.84	40.05	48.66	90.71	27.86	89.64	55.03	66.84	86.02	40.0	62.13	8.0	57.69	18.11	76.03	14.14	36.0	82.29	18.44	0.0	68.12	84.85	93.38	88.2	18.87	37.95	52.04	93.3	21.54	22.63	81.71	77.2	101.21	54.63	90.55	87.93	71.55	10.2	26.68	44.72	16.49	104.69	57.58	88.68	5.66	72.01	77.01	88.68	5.66	72.01	77.01	95.21	51.09	43.86	90.14	32.31	76.84	30.36	80.6	50.7
25	56.36	31.24	55.46	32.25	32.06	32.31	43.68	60.13	53.25	64.56	26.31	70.46	12.81	46.04	30.46	49.03	74.4	20.4	83.76	18.87	82.22	46.82	34.0	52.5	68.12	0.0	17.89	25.61	22.36	49.52	40.79	50.64	36.22	80.5	73.54	38.83	18.97	44.05	22.09	22.8	47.71	28.28	77.2	49.4	60.0	53.81	36.88	24.08	33.96	62.48	47.42	60.75	33.96	62.48	47.42	60.75	33.24	41.01	25.06	31.06	38.83	11.0	45.54	20.22	25.5
26	74.24	39.4	58.55	16.49	43.86	14.56	61.35	69.05	47.2	77.82	10.77	78.41	19.7	40.5	45.61	64.03	90.69	30.46	99.64	27.2	98.99	64.62	27.78	70.0	84.85	17.89	0.0	8.94	18.44	66.6	53.67	58.55	23.32	95.41	87.82	34.0	14.14	29.73	39.29	6.32	41.62	28.28	93.51	63.81	69.86	71.22	20.0	40.45	23.35	79.2	60.21	61.4	23.35	79.2	60.21	61.4	17.46	57.71	41.04	18.03	56.6	16.28	59.68	11.7	43.01
27	81.63	40.79	66.12	16.97	52.8	10.77	68.03	77.67	51.88	86.76	13.42	86.83	28.64	45.69	54.41	68.26	99.36	39.4	108.41	30.0	107.52	71.55	33.53	78.1	93.38	25.61	8.94	0.0	17.09	74.97	62.61	67.08	25.61	104.31	96.75	39.85	22.09	30.0	45.69	2.83	46.52	36.0	102.18	72.72	78.59	79.4	11.31	46.17	27.29	87.73	63.13	68.25	27.29	87.73	63.13	68.25	17.69	63.32	49.68	21.1	64.4	20.62	68.6	19.0	49.66
28	72.25	24.08	74.73	33.29	54.33	27.86	57.2	82.0	65.6	86.83	28.43	92.09	32.25	58.82	52.5	53.37	95.02	42.0	104.71	15.23	102.08	61.22	46.04	71.22	88.2	22.36	18.44	17.09	0.0	69.34	63.15	72.11	41.23	102.16	95.52	52.15	31.3	46.65	35.38	16.12	60.0	44.94	97.75	71.47	82.1	72.8	24.08	34.41	41.73	82.68	47.04	78.55	41.73	82.68	47.04	78.55	34.13	50.54	46.82	36.12	56.85	11.7	67.72	29.68	39.62
29	18.87	61.61	59.67	77.18	32.25	80.0	25.3	44.94	78.23	30.53	72.11	54.04	49.4	72.69	23.41	48.08	26.0	41.23	36.06	57.27	32.8	22.36	67.05	6.32	18.87	49.52	66.6	74.97	69.34	0.0	26.31	44.27	76.97	36.06	32.56	67.47	60.03	85.09	36.06	72.14	74.67	56.32	28.64	18.87	41.62	6.0	86.28	39.29	72.62	13.42	56.72	68.66	72.62	13.42	56.72	68.66	78.03	35.69	26.08	73.36	14.14	58.01	20.25	63.29	32.28
30	44.27	65.12	33.53	59.46	10.0	64.4	44.05	23.32	52.95	24.17	55.61	34.0	34.0	48.08	12.65	64.03	41.18	23.32	48.41	56.04	50.99	43.27	44.94	32.56	37.95	40.79	53.67	62.61	63.15	26.31	0.0	18.87	56.85	42.52	34.41	43.86	42.8	64.4	40.5	59.93	50.0	34.41	43.91	11.66	21.54	32.25	73.43	44.94	52.01	32.98	69.46	42.45	52.01	32.98	69.46	42.45	60.14	51.09	18.44	54.45	30.0	51.62	7.62	46.4	38.91
31	62.77	79.12	16.0	59.09	20.59	65.79	62.8	10.77	41.18	28.64	56.92	20.0	40.0	38.42	29.73	82.07	52.95	30.27	57.58	68.41	63.15	62.13	40.5	50.6	52.04	50.64	58.55	67.08	72.11	44.27	18.87	0.0	53.85	49.19	40.25	36.88	45.12	60.0	56.6	64.78	40.0	32.31	55.32	26.31	12.81	50.0	76.66	61.06	48.88	48.04	86.61	25.02	48.88	48.04	86.61	25.02	59.51	69.3	34.41	53.23	48.83	61.52	24.04	48.51	55.8
32	88.77	62.61	47.54	8.94	47.2	17.09	78.41	64.5	27.2	79.25	12.81	71.69	28.64	22.09	53.67	85.16	97.65	35.78	105.26	50.16	107.07	80.89	13.42	81.71	93.3	36.22	23.32	25.61	41.23	76.97	56.85	53.85	0.0	99.04	90.51	18.44	18.11	8.25	58.03	25.46	22.36	22.63	100.44	68.41	66.57	82.46	29.12	60.3	5.0	87.82	82.57	47.1	5.0	87.82	82.57	47.1	8.54	77.06	51.26	5.39	70.34	39.0	64.2	16.03	61.01
33	48.08	97.32	63.91	101.98	52.5	106.83	60.3	41.76	90.35	20.59	98.08	44.05	76.03	87.13	50.12	82.87	14.42	65.6	10.2	91.76	20.59	56.57	86.56	38.21	21.54	80.5	95.41	104.31	102.16	36.06	42.52	49.19	99.04	0.0	8.94	84.4	85.28	106.3	71.39	101.55	88.84	76.42	14.14	31.62	37.95	36.22	115.38	74.97	94.11	24.33	92.27	72.12	94.11	24.33	92.27	72.12	102.65	71.18	55.46	96.9	50.16	90.47	35.81	88.87	67.9
34	47.41	92.35	55.03	93.72	44.41	98.81	57.72	32.98	81.41	11.66	90.0	36.06	68.26	78.23	43.08	80.52	17.89	57.69	18.11	85.91	26.68	54.41	77.9	36.06	22.63	73.54	87.82	96.75	95.52	32.56	34.41	40.25	90.51	8.94	0.0	75.6	77.2	97.67	66.27	94.02	79.92	67.88	18.97	24.17	29.12	34.18	107.7	70.11	85.56	23.32	89.27	63.32	85.56	23.32	89.27	63.32	94.37	68.25	48.7	88.53	46.17	83.82	28.18	80.8	63.07
35	82.1	69.43	29.12	26.0	35.44	34.06	74.67	47.2	14.42	64.03	26.68	53.67	26.83	7.21	44.41	86.16	84.97	28.07	91.59	56.64	94.85	76.24	6.32	72.99	81.71	38.83	34.0	39.85	52.15	67.47	43.86	36.88	18.44	84.4	75.6	0.0	21.26	23.32	57.58	38.63	8.94	12.17	87.66	55.46	49.68	73.35	46.17	60.93	14.04	76.55	85.96	29.02	14.04	76.55	85.96	29.02	26.02	75.96	44.0	20.02	64.0	45.97	51.48	22.47	59.48
36	70.88	48.41	44.41	17.2	32.8	21.63	60.3	55.79	35.38	66.57	12.81	64.78	10.77	28.28	37.2	67.91	82.22	19.8	90.51	35.61	91.21	62.8	15.62	64.4	77.2	18.97	14.14	22.09	31.3	60.03	42.8	45.12	18.11	85.28	77.2	21.26	0.0	26.31	40.2	20.0	29.73	14.14	85.04	53.81	56.92	65.3	31.62	42.76	15.13	71.61	66.31	47.43	15.13	71.61	66.31	47.43	18.03	59.21	34.0	13.6	52.5	24.76	49.58	3.61	43.01
37	97.02	69.08	52.0	13.42	54.92	19.8	86.58	70.46	28.0	86.28	18.97	76.94	36.88	24.74	61.74	92.78	105.39	43.86	112.8	56.92	114.91	89.11	19.8	89.89	101.21	44.05	29.73	30.0	46.65	85.09	64.4	60.0	8.25	106.3	97.67	23.32	26.31	0.0	66.0	30.53	24.33	30.0	108.17	76.03	72.8	90.62	30.53	68.12	12.53	95.77	89.74	50.22	12.53	95.77	89.74	50.22	12.53	85.01	59.46	13.0	78.59	45.88	71.85	24.02	69.07
38	36.88	26.08	66.48	54.33	36.06	53.85	22.36	63.56	71.69	60.13	48.37	74.32	31.05	64.62	27.86	28.64	62.03	31.62	72.11	21.63	68.0	26.08	53.85	36.72	54.63	22.09	39.29	45.69	35.38	36.06	40.5	56.6	58.03	71.39	66.27	57.58	40.2	66.0	0.0	43.08	66.48	45.69	64.62	44.18	62.03	38.47	56.36	4.47	55.33	49.4	30.41	73.66	55.33	49.4	30.41	73.66	55.33	19.03	22.36	53.0	22.36	25.55	41.59	42.01	4.24
39	78.89	39.29	64.28	17.2	50.16	12.17	65.39	75.31	51.11	84.1	12.81	84.59	26.0	44.72	51.61	66.12	96.54	36.77	105.6	28.07	104.69	68.88	32.31	75.29	90.55	22.8	6.32	2.83	16.12	72.14	59.93	64.78	25.46	101.55	94.02	38.63	20.0	30.53	43.08	0.0	45.65	34.06	99.36	69.97	76.16	76.58	14.14	43.68	26.63	84.9	61.29	66.71	26.63	84.9	61.29	66.71	18.03	60.88	46.86	20.62	61.61	18.25	65.86	17.12	47.01
40	90.0	78.1	28.84	31.05	42.43	39.29	83.19	49.52	5.66	68.26	33.11	54.41	35.78	2.0	52.04	95.08	90.62	36.5	96.6	65.3	100.66	84.59	14.14	80.4	87.93	47.71	41.62	46.52	60.0	74.67	50.0	40.0	22.36	88.84	79.92	8.94	29.73	24.33	66.48	45.65	0.0	20.88	93.23	61.35	52.5	80.62	51.42	69.86	19.31	82.97	94.89	25.96	19.31	82.97	94.89	25.96	30.81	84.77	52.15	25.63	72.11	54.49	57.57	30.48	68.31
41	70.26	59.46	30.27	26.83	25.06	33.53	62.51	43.08	26.0	56.64	24.74	51.42	15.62	18.97	32.98	74.32	75.47	16.0	82.8	46.86	85.09	64.12	10.77	61.61	71.55	28.28	28.28	36.0	44.94	56.32	34.41	32.31	22.63	76.42	67.88	12.17	14.14	30.0	45.69	34.06	20.88	0.0	78.23	46.04	44.72	62.1	44.72	49.19	17.69	66.21	74.63	33.62	17.69	66.21	74.63	33.62	27.29	63.89	32.06	21.1	52.04	36.89	41.88	17.0	47.43
42	36.22	89.84	71.02	102.18	53.25	106.08	50.16	50.04	95.52	28.0	97.67	54.59	74.97	91.39	48.08	72.03	2.83	65.3	8.0	85.91	8.0	46.04	88.84	28.64	10.2	77.2	93.51	102.18	97.75	28.64	43.91	55.32	100.44	14.14	18.97	87.66	85.04	108.17	64.62	99.36	93.23	78.23	0.0	32.25	46.04	26.68	113.45	67.68	95.69	15.23	82.05	79.76	95.69	15.23	82.05	79.76	102.94	61.2	52.5	97.62	42.38	86.28	36.36	88.53	60.75
43	37.74	70.03	42.19	70.71	21.26	75.29	41.62	26.08	64.03	16.0	66.6	35.38	44.41	59.46	18.97	63.53	29.53	34.06	36.88	62.51	39.4	39.7	56.6	25.06	26.68	49.4	63.81	72.72	71.47	18.87	11.66	26.31	68.41	31.62	24.17	55.46	53.81	76.03	44.18	69.97	61.35	46.04	32.25	0.0	22.8	24.17	83.76	48.37	63.6	22.09	70.58	51.24	63.6	22.09	70.58	51.24	71.42	50.54	24.74	65.86	27.78	59.77	4.24	57.38	41.59
44	60.46	86.35	26.0	71.55	28.07	78.0	63.78	4.0	53.25	18.11	69.08	12.81	50.64	50.99	34.18	84.88	44.0	40.2	47.07	76.66	54.04	62.23	53.25	47.71	44.72	60.0	69.86	78.59	82.1	41.62	21.54	12.81	66.57	37.95	29.12	49.68	56.92	72.8	62.03	76.16	52.5	44.72	46.04	22.8	0.0	46.65	88.54	66.48	61.59	41.76	90.82	34.21	61.59	41.76	90.82	34.21	72.01	71.85	39.85	65.76	49.68	71.0	22.67	60.41	60.42
45	14.14	63.25	65.51	82.37	38.21	84.88	24.08	50.12	84.21	34.06	77.18	58.82	54.59	78.64	29.12	46.69	24.33	46.82	34.53	60.03	29.53	20.4	72.8	2.0	16.49	53.81	71.22	79.4	72.8	6.0	32.25	50.0	82.46	36.22	34.18	73.35	65.3	90.62	38.47	76.58	80.62	62.1	26.68	24.17	46.65	0.0	90.69	41.23	78.19	12.0	56.08	74.53	78.19	12.0	56.08	74.53	83.24	35.01	31.3	78.72	16.12	61.72	25.96	68.48	34.44
46	92.65	48.0	74.11	20.4	63.53	12.17	78.71	87.36	56.32	97.53	20.1	96.1	39.45	50.99	65.6	77.28	110.63	50.12	119.63	38.83	118.83	82.37	40.05	89.38	104.69	36.88	20.0	11.31	24.08	86.28	73.43	76.66	29.12	115.38	107.7	46.17	31.62	30.53	56.36	14.14	51.42	44.72	113.45	83.76	88.54	90.69	0.0	56.46	32.39	99.04	71.11	75.17	32.39	99.04	71.11	75.17	20.62	73.39	60.96	26.17	75.6	30.87	79.61	28.16	60.42
47	38.21	22.36	70.77	56.04	40.5	54.92	22.8	68.03	75.15	64.28	50.04	78.79	34.18	68.03	32.31	25.3	65.15	35.61	75.29	19.8	70.68	26.91	56.92	39.4	57.58	24.08	40.45	46.17	34.41	39.29	44.94	61.06	60.3	74.97	70.11	60.93	42.76	68.12	4.47	43.68	69.86	49.19	67.68	48.37	66.48	41.23	56.46	0.0	57.87	52.5	26.17	77.83	57.87	52.5	26.17	77.83	57.04	17.26	26.83	55.15	25.3	25.63	45.89	44.28	7.07
48	84.93	61.91	42.95	12.04	42.44	20.22	75.11	59.54	24.6	74.28	13.89	66.85	25.08	18.68	49.24	82.98	92.91	31.38	100.42	49.24	102.4	77.41	8.54	77.49	88.68	33.96	23.35	27.29	41.73	72.62	52.01	48.88	5.0	94.11	85.56	14.04	15.13	12.53	55.33	26.63	19.31	17.69	95.69	63.6	61.59	78.19	32.39	57.87	0.0	83.24	80.99	43.0	0.0	83.24	80.99	43.0	12.0	74.33	47.13	6.32	66.49	38.08	59.41	13.93	58.08
49	24.17	74.73	64.03	88.81	41.23	92.2	36.06	45.61	85.91	26.08	84.02	52.8	61.22	81.04	34.41	58.55	12.65	52.15	22.8	70.68	19.8	32.25	76.97	14.0	5.66	62.48	79.2	87.73	82.68	13.42	32.98	48.04	87.82	24.33	23.32	76.55	71.61	95.77	49.4	84.9	82.97	66.21	15.23	22.09	41.76	12.0	99.04	52.5	83.24	0.0	68.07	73.06	83.24	0.0	68.07	73.06	89.63	47.01	38.21	84.6	27.2	71.28	25.5	75.0	45.54
50	46.53	23.35	96.9	76.69	66.22	73.44	32.02	92.78	100.34	85.73	70.83	103.45	59.17	93.15	57.14	11.18	80.01	61.72	90.05	33.24	82.73	36.01	81.39	54.08	72.01	47.42	60.21	63.13	47.04	56.72	69.46	86.61	82.57	92.27	89.27	85.96	66.31	89.74	30.41	61.29	94.89	74.63	82.05	70.58	90.82	56.08	71.11	26.17	80.99	68.07	0.0	104.0	80.99	68.07	0.0	104.0	77.67	21.1	52.2	77.2	43.42	43.93	68.94	67.07	30.81
51	86.68	91.84	9.06	55.01	39.82	63.07	84.53	30.36	23.71	52.17	55.44	31.4	48.02	25.5	50.54	101.4	77.52	42.45	81.25	79.61	87.69	84.58	35.13	74.95	77.01	60.75	61.4	68.25	78.55	68.66	42.45	25.02	47.1	72.12	63.32	29.02	47.43	50.22	73.66	66.71	25.96	33.62	79.76	51.24	34.21	74.53	75.17	77.83	43.0	73.06	104.0	0.0	43.0	73.06	104.0	0.0	55.0	89.31	53.54	49.04	71.18	70.24	48.66	49.73	74.03
52	84.93	61.91	42.95	12.04	42.44	20.22	75.11	59.54	24.6	74.28	13.89	66.85	25.08	18.68	49.24	82.98	92.91	31.38	100.42	49.24	102.4	77.41	8.54	77.49	88.68	33.96	23.35	27.29	41.73	72.62	52.01	48.88	5.0	94.11	85.56	14.04	15.13	12.53	55.33	26.63	19.31	17.69	95.69	63.6	61.59	78.19	32.39	57.87	0.0	83.24	80.99	43.0	0.0	83.24	80.99	43.0	12.0	74.33	47.13	6.32	66.49	38.08	59.41	13.93	58.08
53	24.17	74.73	64.03	88.81	41.23	92.2	36.06	45.61	85.91	26.08	84.02	52.8	61.22	81.04	34.41	58.55	12.65	52.15	22.8	70.68	19.8	32.25	76.97	14.0	5.66	62.48	79.2	87.73	82.68	13.42	32.98	48.04	87.82	24.33	23.32	76.55	71.61	95.77	49.4	84.9	82.97	66.21	15.23	22.09	41.76	12.0	99.04	52.5	83.24	0.0	68.07	73.06	83.24	0.0	68.07	73.06	89.63	47.01	38.21	84.6	27.2	71.28	25.5	75.0	45.54
54	46.53	23.35	96.9	76.69	66.22	73.44	32.02	92.78	100.34	85.73	70.83	103.45	59.17	93.15	57.14	11.18	80.01	61.72	90.05	33.24	82.73	36.01	81.39	54.08	72.01	47.42	60.21	63.13	47.04	56.72	69.46	86.61	82.57	92.27	89.27	85.96	66.31	89.74	30.41	61.29	94.89	74.63	82.05	70.58	90.82	56.08	71.11	26.17	80.99	68.07	0.0	104.0	80.99	68.07	0.0	104.0	77.67	21.1	52.2	77.2	43.42	43.93	68.94	67.07	30.81
55	86.68	91.84	9.06	55.01	39.82	63.07	84.53	30.36	23.71	52.17	55.44	31.4	48.02	25.5	50.54	101.4	77.52	42.45	81.25	79.61	87.69	84.58	35.13	74.95	77.01	60.75	61.4	68.25	78.55	68.66	42.45	25.02	47.1	72.12	63.32	29.02	47.43	50.22	73.66	66.71	25.96	33.62	79.76	51.24	34.21	74.53	75.17	77.83	43.0	73.06	104.0	0.0	43.0	73.06	104.0	0.0	55.0	89.31	53.54	49.04	71.18	70.24	48.66	49.73	74.03
56	88.26	56.65	54.74	1.0	50.21	8.54	76.69	70.26	35.74	83.41	7.0	78.11	28.65	30.41	55.22	81.22	100.12	37.64	108.25	44.64	109.2	79.56	20.22	82.3	95.21	33.24	17.46	17.69	34.13	78.03	60.14	59.51	8.54	102.65	94.37	26.02	18.03	12.53	55.33	18.03	30.81	27.29	102.94	71.42	72.01	83.24	20.62	57.04	12.0	89.63	77.67	55.0	12.0	89.63	77.67	55.0	0.0	74.17	51.97	6.32	70.01	33.73	67.18	14.76	58.69
57	26.57	32.65	81.4	73.17	49.82	72.18	11.05	74.2	89.81	65.19	67.19	84.63	49.82	82.86	39.62	13.04	59.08	48.85	69.18	35.36	62.37	15.3	72.57	33.02	51.09	41.01	57.71	63.32	50.54	35.69	51.09	69.3	77.06	71.18	68.25	75.96	59.21	85.01	19.03	60.88	84.77	63.89	61.2	50.54	71.85	35.01	73.39	17.26	74.33	47.01	21.1	89.31	74.33	47.01	21.1	89.31	74.17	0.0	35.81	72.01	22.85	42.72	49.4	61.03	16.49
58	38.21	46.69	45.61	51.11	14.14	54.04	31.62	41.23	56.57	40.45	46.04	52.0	23.32	50.16	6.0	48.17	49.68	16.12	58.82	38.05	58.0	32.56	42.43	30.46	43.86	25.06	41.04	49.68	46.82	26.08	18.44	34.41	51.26	55.46	48.7	44.0	34.0	59.46	22.36	46.86	52.15	32.06	52.5	24.74	39.85	31.3	60.96	26.83	47.13	38.21	52.2	53.54	47.13	38.21	52.2	53.54	51.97	35.81	0.0	47.42	20.0	35.11	21.21	37.22	21.4
59	84.48	57.25	48.51	6.08	44.6	14.04	73.68	63.98	30.87	77.47	7.81	71.78	24.35	25.0	50.25	79.91	94.81	32.45	102.73	44.78	104.04	76.3	14.04	77.88	90.14	31.06	18.03	21.1	36.12	73.36	54.45	53.23	5.39	96.9	88.53	20.02	13.6	13.0	53.0	20.62	25.63	21.1	97.62	65.86	65.76	78.72	26.17	55.15	6.32	84.6	77.2	49.04	6.32	84.6	77.2	49.04	6.32	72.01	47.42	0.0	66.1	33.62	61.62	11.05	56.08
60	18.44	47.54	62.61	69.08	31.62	70.71	14.14	52.35	76.42	42.38	63.56	62.48	41.76	70.11	20.88	35.78	39.85	36.06	50.0	43.91	45.65	13.42	62.29	14.42	32.31	38.83	56.6	64.4	56.85	14.14	30.0	48.83	70.34	50.16	46.17	64.0	52.5	78.59	22.36	61.61	72.11	52.04	42.38	27.78	49.68	16.12	75.6	25.3	66.49	27.2	43.42	71.18	66.49	27.2	43.42	71.18	70.01	22.85	20.0	66.1	0.0	45.97	27.02	55.36	18.38
61	62.2	23.85	65.55	32.76	43.05	30.02	47.89	71.11	60.14	75.19	26.93	81.39	22.47	53.04	40.8	48.01	83.53	31.26	93.15	11.18	90.8	51.62	40.36	60.21	76.84	11.0	16.28	20.62	11.7	58.01	51.62	61.52	39.0	90.47	83.82	45.97	24.76	45.88	25.55	18.25	54.49	36.89	86.28	59.77	71.0	61.72	30.87	25.63	38.08	71.28	43.93	70.24	38.08	71.28	43.93	70.24	33.73	42.72	35.11	33.62	45.97	0.0	56.04	24.41	29.68
62	38.91	67.19	39.62	66.47	17.03	71.06	41.11	25.5	60.42	19.24	62.37	35.47	40.22	55.66	15.3	62.43	33.62	29.83	41.11	59.21	43.38	39.62	52.48	26.57	30.36	45.54	59.68	68.6	67.72	20.25	7.62	24.04	64.2	35.81	28.18	51.48	49.58	71.85	41.59	65.86	57.57	41.88	36.36	4.24	22.67	25.96	79.61	45.89	59.41	25.5	68.94	48.66	59.41	25.5	68.94	48.66	67.18	49.4	21.21	61.62	27.02	56.04	0.0	53.15	39.29
63	73.68	48.26	47.17	13.89	36.4	18.03	62.65	59.2	36.12	70.18	9.22	68.07	13.89	29.21	40.61	69.23	85.7	23.35	94.05	35.51	94.64	65.31	16.4	67.54	80.6	20.22	11.7	19.0	29.68	63.29	46.4	48.51	16.03	88.87	80.8	22.47	3.61	24.02	42.01	17.12	30.48	17.0	88.53	57.38	60.41	68.48	28.16	44.28	13.93	75.0	67.07	49.73	13.93	75.0	67.07	49.73	14.76	61.03	37.22	11.05	55.36	24.41	53.15	0.0	45.04
64	32.65	29.43	66.53	57.71	35.47	57.57	18.38	62.18	73.39	57.43	51.79	72.9	33.38	66.41	26.42	27.46	58.19	32.65	68.31	25.81	63.95	21.95	56.09	32.65	50.7	25.5	43.01	49.66	39.62	32.28	38.91	55.8	61.01	67.9	63.07	59.48	43.01	69.07	4.24	47.01	68.31	47.43	60.75	41.59	60.42	34.44	60.42	7.07	58.08	45.54	30.81	74.03	58.08	45.54	30.81	74.03	58.69	16.49	21.4	56.08	18.38	29.68	39.29	45.04	0.0
;
