set K:= 1	2	3	4	5	6;
set C_H:= 1	2	3	4	5	6	7	8	9	10	11	12	13	14	15	16	17	18;
set C_S:= 19	20	21	22	23	24	25	26	27	28	29	30	31;
set C_F:= 32	33	34	35	36	37	38	39	40	41	42	43	44;
set M:= 45	46	47	48;
set L_B:= 49	50;
set A1:=
(0,*) 1 2 3 4 5 6 7 8 9 10 11 12 13 14 15 16 17 18 32 33 34 35 36 37 38 39 40 41 42 43 44 45 46 47 48 49 50
(1,*) 0 2 3 4 5 6 7 8 9 10 11 12 13 14 15 16 17 18 32 33 34 35 36 37 38 39 40 41 42 43 44 45 46 47 48 49 50
(2,*) 0 1 3 4 5 6 7 8 9 10 11 12 13 14 15 16 17 18 32 33 34 35 36 37 38 39 40 41 42 43 44 45 46 47 48 49 50
(3,*) 0 1 2 4 5 6 7 8 9 10 11 12 13 14 15 16 17 18 32 33 34 35 36 37 38 39 40 41 42 43 44 45 46 47 48 49 50
(4,*) 0 1 2 3 5 6 7 8 9 10 11 12 13 14 15 16 17 18 32 33 34 35 36 37 38 39 40 41 42 43 44 45 46 47 48 49 50
(5,*) 0 1 2 3 4 6 7 8 9 10 11 12 13 14 15 16 17 18 32 33 34 35 36 37 38 39 40 41 42 43 44 45 46 47 48 49 50
(6,*) 0 1 2 3 4 5 7 8 9 10 11 12 13 14 15 16 17 18 32 33 34 35 36 37 38 39 40 41 42 43 44 45 46 47 48 49 50
(7,*) 0 1 2 3 4 5 6 8 9 10 11 12 13 14 15 16 17 18 32 33 34 35 36 37 38 39 40 41 42 43 44 45 46 47 48 49 50
(8,*) 0 1 2 3 4 5 6 7 9 10 11 12 13 14 15 16 17 18 32 33 34 35 36 37 38 39 40 41 42 43 44 45 46 47 48 49 50
(9,*) 0 1 2 3 4 5 6 7 8 10 11 12 13 14 15 16 17 18 32 33 34 35 36 37 38 39 40 41 42 43 44 45 46 47 48 49 50
(10,*) 0 1 2 3 4 5 6 7 8 9 11 12 13 14 15 16 17 18 32 33 34 35 36 37 38 39 40 41 42 43 44 45 46 47 48 49 50
(11,*) 0 1 2 3 4 5 6 7 8 9 10 12 13 14 15 16 17 18 32 33 34 35 36 37 38 39 40 41 42 43 44 45 46 47 48 49 50
(12,*) 0 1 2 3 4 5 6 7 8 9 10 11 13 14 15 16 17 18 32 33 34 35 36 37 38 39 40 41 42 43 44 45 46 47 48 49 50
(13,*) 0 1 2 3 4 5 6 7 8 9 10 11 12 14 15 16 17 18 32 33 34 35 36 37 38 39 40 41 42 43 44 45 46 47 48 49 50
(14,*) 0 1 2 3 4 5 6 7 8 9 10 11 12 13 15 16 17 18 32 33 34 35 36 37 38 39 40 41 42 43 44 45 46 47 48 49 50
(15,*) 0 1 2 3 4 5 6 7 8 9 10 11 12 13 14 16 17 18 32 33 34 35 36 37 38 39 40 41 42 43 44 45 46 47 48 49 50
(16,*) 0 1 2 3 4 5 6 7 8 9 10 11 12 13 14 15 17 18 32 33 34 35 36 37 38 39 40 41 42 43 44 45 46 47 48 49 50
(17,*) 0 1 2 3 4 5 6 7 8 9 10 11 12 13 14 15 16 18 32 33 34 35 36 37 38 39 40 41 42 43 44 45 46 47 48 49 50
(18,*) 0 1 2 3 4 5 6 7 8 9 10 11 12 13 14 15 16 17 32 33 34 35 36 37 38 39 40 41 42 43 44 45 46 47 48 49 50
(32,*) 0 1 2 3 4 5 6 7 8 9 10 11 12 13 14 15 16 17 18 33 34 35 36 37 38 39 40 41 42 43 44 45 46 47 48 49 50
(33,*) 0 1 2 3 4 5 6 7 8 9 10 11 12 13 14 15 16 17 18 32 34 35 36 37 38 39 40 41 42 43 44 45 46 47 48 49 50
(34,*) 0 1 2 3 4 5 6 7 8 9 10 11 12 13 14 15 16 17 18 32 33 35 36 37 38 39 40 41 42 43 44 45 46 47 48 49 50
(35,*) 0 1 2 3 4 5 6 7 8 9 10 11 12 13 14 15 16 17 18 32 33 34 36 37 38 39 40 41 42 43 44 45 46 47 48 49 50
(36,*) 0 1 2 3 4 5 6 7 8 9 10 11 12 13 14 15 16 17 18 32 33 34 35 37 38 39 40 41 42 43 44 45 46 47 48 49 50
(37,*) 0 1 2 3 4 5 6 7 8 9 10 11 12 13 14 15 16 17 18 32 33 34 35 36 38 39 40 41 42 43 44 45 46 47 48 49 50
(38,*) 0 1 2 3 4 5 6 7 8 9 10 11 12 13 14 15 16 17 18 32 33 34 35 36 37 39 40 41 42 43 44 45 46 47 48 49 50
(39,*) 0 1 2 3 4 5 6 7 8 9 10 11 12 13 14 15 16 17 18 32 33 34 35 36 37 38 40 41 42 43 44 45 46 47 48 49 50
(40,*) 0 1 2 3 4 5 6 7 8 9 10 11 12 13 14 15 16 17 18 32 33 34 35 36 37 38 39 41 42 43 44 45 46 47 48 49 50
(41,*) 0 1 2 3 4 5 6 7 8 9 10 11 12 13 14 15 16 17 18 32 33 34 35 36 37 38 39 40 42 43 44 45 46 47 48 49 50
(42,*) 0 1 2 3 4 5 6 7 8 9 10 11 12 13 14 15 16 17 18 32 33 34 35 36 37 38 39 40 41 43 44 45 46 47 48 49 50
(43,*) 0 1 2 3 4 5 6 7 8 9 10 11 12 13 14 15 16 17 18 32 33 34 35 36 37 38 39 40 41 42 44 45 46 47 48 49 50
(44,*) 0 1 2 3 4 5 6 7 8 9 10 11 12 13 14 15 16 17 18 32 33 34 35 36 37 38 39 40 41 42 43 45 46 47 48 49 50
(45,*) 0 1 2 3 4 5 6 7 8 9 10 11 12 13 14 15 16 17 18 32 33 34 35 36 37 38 39 40 41 42 43 44 47 48 49 50
(46,*) 0 1 2 3 4 5 6 7 8 9 10 11 12 13 14 15 16 17 18 32 33 34 35 36 37 38 39 40 41 42 43 44 47 48 49 50
(47,*) 0 1 2 3 4 5 6 7 8 9 10 11 12 13 14 15 16 17 18 32 33 34 35 36 37 38 39 40 41 42 43 44 45 46 49 50
(48,*) 0 1 2 3 4 5 6 7 8 9 10 11 12 13 14 15 16 17 18 32 33 34 35 36 37 38 39 40 41 42 43 44 45 46 49 50
(49,*) 0 1 2 3 4 5 6 7 8 9 10 11 12 13 14 15 16 17 18 32 33 34 35 36 37 38 39 40 41 42 43 44 45 46 47 48 50
(50,*) 0 1 2 3 4 5 6 7 8 9 10 11 12 13 14 15 16 17 18 32 33 34 35 36 37 38 39 40 41 42 43 44 45 46 47 48 49
;
set A2:=
(45,*) 46
(46,*) 45
(47,*) 48
(48,*) 47
;
param BigM:=99999;
param n:= 6;
param d:=
1	6
2	14
3	2
4	8
5	14
6	2
7	10
8	6
9	10
10	6
11	13
12	21
13	24
14	11
15	11
16	22
17	22
18	18
19	12
20	20
21	17
22	7
23	15
24	21
25	24
26	20
27	21
28	11
29	17
30	17
31	8
32	19
33	2
34	8
35	5
36	22
37	17
38	23
39	16
40	8
41	23
42	5
43	3
44	12
;
param Q:=100
param w:=
[45,*] 46 5
[46,*] 45 5
[47,*] 48 5
[48,*] 47 5
;
param V:=
[45,*] 46 355
[46,*] 45 355
[47,*] 48 355
[48,*] 47 355
;
param f:=
45	100
46	100
47	100
48	100
49	100
50	100
;
param e:
	45	46	47	48	49	50:=
19	0	0	1	0	0	1	
20	0	1	0	0	0	1	
21	1	0	0	0	0	0	
22	0	1	0	0	0	0	
23	1	0	0	0	0	0	
24	0	0	0	0	1	0	
25	0	0	1	0	1	0	
26	0	1	0	0	0	0	
27	1	0	0	0	1	0	
28	0	0	1	0	0	1	
29	0	1	0	0	0	0	
30	0	0	0	1	1	0	
31	0	1	0	0	0	0	
32	0	0	0	1	1	0	
33	0	1	0	1	0	0	
34	0	0	0	0	1	0	
35	1	0	0	0	1	0	
36	0	0	1	0	1	0	
37	0	1	0	0	1	0	
38	0	1	1	0	0	1	
39	0	0	0	1	0	0	
40	0	0	1	0	1	0	
41	1	0	0	0	0	0	
42	0	0	1	0	0	1	
43	0	1	0	0	0	1	
44	0	0	0	1	1	0	
;
param r:
	45	46	47	48:=
45	0	1	0	0	
46	1	0	0	0	
47	0	0	0	1	
48	0	0	1	0	
;
param p:=
1	1
2	1
3	1
4	1
5	1
6	1
;
param G:=
45	355
46	355
47	355
48	355
49	88
50	88
;
param s:=
0	0
1	15
2	15
3	15
4	15
5	15
6	15
7	15
8	15
9	15
10	15
11	15
12	15
13	15
14	15
15	15
16	15
17	15
18	15
32	15
33	15
34	15
35	15
36	15
37	15
38	15
39	15
40	15
41	15
42	15
43	15
44	15
45	30
46	30
47	30
48	30
49	15
50	15
;
param t:
	0	1	2	3	4	5	6	7	8	9	10	11	12	13	14	15	16	17	18	19	20	21	22	23	24	25	26	27	28	29	30	31	32	33	34	35	36	37	38	39	40	41	42	43	44	45	46	47	48	49	50:=
0	0.0	78.89	82.07	18.68	69.66	19.7	65.0	88.09	9.06	36.4	24.33	43.08	25.0	30.15	69.86	54.12	25.3	47.8	42.05	66.6	66.91	30.23	49.74	56.22	50.01	54.2	45.61	41.73	93.35	66.71	21.02	67.36	20.88	31.14	28.6	60.41	43.83	35.69	67.45	40.36	34.83	65.79	86.45	59.21	28.65	64.98	55.18	79.72	30.19	19.42	93.78
1	78.89	0.0	23.32	66.73	27.78	95.6	65.49	16.0	73.82	90.67	62.23	62.61	54.12	57.38	68.12	68.01	99.36	75.24	46.04	26.0	62.65	82.62	93.05	37.0	42.95	25.96	56.14	80.13	27.17	86.68	97.17	92.18	86.28	92.96	50.54	61.0	35.34	75.17	55.9	118.0	44.78	62.29	27.31	65.8	84.5	63.13	88.62	13.51	107.97	60.8	57.43
2	82.07	23.32	0.0	66.07	13.42	100.9	85.09	12.65	75.01	83.93	71.55	77.67	57.63	68.15	88.36	85.38	105.6	90.8	59.67	15.62	45.4	93.52	82.76	55.0	59.3	29.97	46.82	93.96	11.4	71.18	97.01	77.1	94.34	88.1	54.2	80.01	40.31	67.78	38.33	122.43	47.8	82.22	5.1	51.01	94.81	82.87	76.35	9.82	112.25	67.12	34.21
3	18.68	66.73	66.07	0.0	53.08	38.28	69.81	73.57	9.85	29.15	29.07	48.8	15.3	32.65	74.81	60.81	43.97	57.43	40.31	50.45	48.37	44.64	39.05	52.63	48.1	40.85	26.93	53.67	77.47	51.08	31.06	52.84	38.01	28.16	18.03	64.4	31.78	20.81	48.76	57.69	22.36	69.63	70.09	41.0	43.93	69.14	41.71	65.14	47.72	19.8	75.24
4	69.66	27.78	13.42	53.08	0.0	88.81	80.6	24.08	62.24	70.58	61.35	70.11	45.79	58.69	84.4	79.1	93.74	83.22	52.04	4.0	35.11	83.49	69.87	50.45	53.34	21.02	33.53	85.33	24.7	60.02	83.87	65.76	83.19	74.69	42.54	75.13	30.08	54.42	28.23	109.99	36.24	78.1	17.03	39.32	84.5	78.56	63.92	17.06	99.83	55.9	34.21
5	19.7	95.6	100.9	38.28	88.81	0.0	68.36	106.08	28.46	49.04	34.93	48.04	43.28	40.85	72.69	56.44	6.0	47.3	53.85	85.6	86.12	25.96	63.32	68.01	61.03	72.12	65.15	38.9	112.04	83.29	23.02	83.02	14.14	41.79	46.75	65.03	61.52	53.01	86.98	22.47	53.15	70.11	105.42	78.09	23.09	69.04	70.49	97.83	12.78	34.83	113.46
6	65.0	65.49	85.09	69.81	80.6	68.36	0.0	81.39	68.1	98.18	41.68	21.93	56.57	37.2	5.0	12.0	68.01	22.36	32.45	76.69	103.35	43.0	108.85	30.27	27.86	60.44	84.05	31.4	92.14	117.15	85.07	120.34	54.23	94.89	55.97	5.83	55.46	89.94	99.32	87.14	57.43	3.61	90.05	100.4	46.0	2.44	110.59	76.49	79.91	50.22	114.76
7	88.09	16.0	12.65	73.57	24.08	106.08	81.39	0.0	81.84	93.96	74.4	77.25	63.13	70.18	84.1	83.43	110.34	90.14	59.93	24.74	57.87	95.72	93.9	52.39	57.87	33.97	57.27	94.43	11.4	83.49	104.62	89.36	98.08	97.5	59.55	76.79	44.55	77.88	50.8	128.14	53.26	78.23	14.21	63.07	97.35	79.05	87.99	8.44	117.98	71.45	45.28
8	9.06	73.82	75.01	9.85	62.24	28.46	68.1	81.84	0.0	30.48	26.42	46.32	19.92	31.38	73.06	58.01	34.21	53.04	41.59	59.41	57.87	37.58	42.8	55.15	49.65	48.37	36.69	48.01	86.37	58.24	23.41	59.24	29.43	26.83	23.41	63.06	38.48	27.2	58.52	48.01	29.07	68.43	79.2	50.16	36.4	67.76	47.33	73.41	37.98	18.68	85.09
9	36.4	90.67	83.93	29.15	70.58	49.04	98.18	93.96	30.48	0.0	56.61	76.61	44.27	61.06	103.17	88.41	54.82	83.45	69.46	69.26	49.58	66.61	14.32	81.61	77.25	65.12	37.16	77.99	94.94	36.67	28.02	35.01	56.44	8.06	46.57	92.96	58.14	16.16	53.81	59.21	49.5	98.27	86.82	40.36	64.9	97.69	22.58	85.87	51.77	48.02	81.32
10	24.33	62.23	71.55	29.07	61.35	34.93	41.68	74.4	26.42	56.61	0.0	20.0	19.42	6.08	46.65	31.89	37.74	28.65	18.97	57.58	71.2	22.14	67.9	33.24	26.48	41.59	49.48	26.48	81.99	79.26	45.28	81.54	24.08	53.24	21.02	36.67	31.38	49.82	69.26	57.25	26.17	42.05	76.49	65.8	23.26	41.36	70.73	66.62	47.7	9.43	91.66
11	43.08	62.61	77.67	48.8	70.11	48.04	21.93	77.25	46.32	76.61	20.0	0.0	36.89	16.4	26.83	12.04	48.66	13.15	18.11	66.12	86.98	24.7	87.78	26.4	19.72	49.09	66.21	17.8	86.68	97.91	63.32	100.6	34.23	73.06	37.12	17.46	41.19	69.35	83.93	68.45	40.16	22.8	82.76	82.76	27.51	21.93	90.21	70.64	60.25	29.0	103.12
12	25.0	54.12	57.63	15.3	45.79	43.28	56.57	63.13	19.92	44.27	19.42	36.89	0.0	20.59	61.52	48.83	48.01	47.54	25.55	42.44	51.79	40.11	53.0	37.36	33.11	29.21	30.08	45.89	68.77	61.03	43.32	63.89	37.7	43.42	3.61	50.93	18.87	33.6	50.04	65.07	9.9	55.97	62.2	46.49	40.45	55.62	54.04	54.79	54.89	11.05	73.55
13	30.15	57.38	68.15	32.65	58.69	40.85	37.2	70.18	31.38	61.06	6.08	16.4	20.59	0.0	42.2	28.43	43.42	27.2	13.0	54.82	71.57	25.55	71.7	27.2	20.4	38.28	50.33	27.02	78.26	81.54	51.16	84.2	29.41	58.18	21.19	31.91	28.64	53.04	69.05	63.07	25.18	37.22	73.16	66.85	27.2	36.64	73.86	62.62	53.63	13.04	90.14
14	69.86	68.12	88.36	74.81	84.4	72.69	5.0	84.1	73.06	103.17	46.65	26.83	61.52	42.2	0.0	16.28	72.11	26.02	37.2	80.52	107.91	47.1	113.85	33.96	32.2	64.51	88.81	35.06	95.01	122.02	89.81	125.26	58.55	99.85	60.88	10.63	59.94	94.92	103.75	91.02	62.2	6.32	93.26	105.12	50.09	6.13	115.55	79.54	84.04	55.22	118.6
15	54.12	68.01	85.38	60.81	79.1	56.44	12.0	83.43	58.01	88.41	31.89	12.04	48.83	28.43	16.28	0.0	56.01	10.77	27.66	75.11	98.23	31.0	99.76	31.05	26.08	58.22	77.83	19.65	93.56	109.86	73.74	112.61	42.3	84.6	48.88	10.3	51.42	81.39	94.87	75.17	51.48	14.32	90.45	94.37	34.0	13.07	102.26	77.56	67.91	41.01	112.75
16	25.3	99.36	105.6	43.97	93.74	6.0	68.01	110.34	34.21	54.82	37.74	48.66	48.01	43.42	72.11	56.01	0.0	46.27	56.36	90.44	91.98	25.02	69.12	70.26	63.16	76.49	70.88	37.48	116.66	89.27	28.18	88.96	14.56	47.43	51.4	65.12	65.86	59.01	92.72	19.92	57.8	70.03	110.21	84.01	22.02	68.89	76.41	102.18	11.94	38.9	119.04
17	47.8	75.24	90.8	57.43	83.22	47.3	22.36	90.14	53.04	83.45	28.65	13.15	47.54	27.2	26.02	10.77	46.27	0.0	31.26	79.23	98.76	21.38	95.67	38.47	32.31	62.2	77.49	9.06	99.72	107.91	66.19	110.14	33.24	78.87	48.38	21.02	54.04	78.24	96.1	65.01	52.17	25.0	95.9	93.98	24.33	23.72	99.13	83.67	58.21	38.08	116.04
18	42.05	46.04	59.67	40.31	52.04	53.85	32.45	59.93	41.59	69.46	18.97	18.11	25.55	13.0	37.2	27.66	56.36	31.26	0.0	48.04	71.11	36.8	78.55	14.32	8.06	31.02	51.61	34.54	68.95	84.96	63.01	88.39	42.19	67.72	24.21	26.63	23.77	59.08	67.42	76.06	25.0	31.24	64.76	67.96	38.9	31.11	79.23	52.96	66.63	23.09	85.29
19	66.6	26.0	15.62	50.45	4.0	85.6	76.69	24.74	59.41	69.26	57.58	66.12	42.44	54.82	80.52	75.11	90.44	79.23	48.04	0.0	36.67	79.71	69.35	46.57	49.37	17.03	32.56	81.39	27.02	60.88	81.4	66.49	79.65	73.01	39.12	71.2	26.25	53.16	30.02	106.96	32.76	74.22	19.85	40.02	80.78	74.66	63.89	16.94	96.79	52.35	38.08
20	66.91	62.65	45.4	48.37	35.11	86.12	103.35	57.87	57.87	49.58	71.2	86.98	51.79	71.57	107.91	98.23	91.98	98.76	71.11	36.67	0.0	91.2	42.72	75.8	75.8	45.97	22.02	97.67	54.01	26.02	72.45	32.06	86.15	56.4	50.45	97.53	48.02	35.85	7.07	103.25	46.82	101.71	46.01	9.22	91.05	101.78	34.12	51.95	93.94	62.51	31.89
21	30.23	82.62	93.52	44.64	83.49	25.96	43.0	95.72	37.58	66.61	22.14	24.7	40.11	25.55	47.1	31.0	25.02	21.38	36.8	79.71	91.2	0.0	79.92	49.2	42.01	63.56	69.18	13.0	103.77	95.52	46.04	96.77	12.08	60.96	42.43	40.31	53.49	64.62	90.01	44.28	48.05	45.1	98.49	84.85	3.0	43.93	84.91	88.17	36.95	29.07	113.44
22	49.74	93.05	82.76	39.05	69.87	63.32	108.85	93.9	42.8	14.32	67.9	87.78	53.0	71.7	113.85	99.76	69.12	95.67	78.55	69.35	42.72	79.92	0.0	89.47	85.96	68.73	37.01	90.8	93.15	24.17	42.19	21.38	70.21	22.09	54.59	103.41	63.6	19.7	48.3	73.03	56.08	108.6	84.9	34.0	78.39	108.14	9.91	86.29	65.92	58.8	74.4
23	56.22	37.0	55.0	52.63	50.45	68.01	30.27	52.39	55.15	81.61	33.24	26.4	37.36	27.2	33.96	31.05	70.26	38.47	14.32	46.57	75.8	49.2	89.47	0.0	7.21	30.87	58.8	44.2	62.65	92.96	77.1	97.01	55.9	80.6	35.11	25.02	28.28	69.78	71.02	90.08	33.62	27.66	60.01	74.28	51.61	28.15	88.98	46.73	80.78	37.01	84.65
24	50.01	42.95	59.3	48.1	53.34	61.03	27.86	57.87	49.65	77.25	26.48	19.72	33.11	20.4	32.2	26.08	63.16	32.31	8.06	49.37	75.8	42.01	85.96	7.21	0.0	32.76	57.38	37.44	67.68	91.22	71.0	94.92	48.75	75.69	31.38	22.14	27.78	66.37	71.55	83.01	31.14	25.94	64.38	73.41	44.41	26.1	86.2	51.64	73.79	31.14	87.3
25	54.2	25.96	29.97	40.85	21.02	72.12	60.44	33.97	48.37	65.12	41.59	49.09	29.21	38.28	64.51	58.22	76.49	62.2	31.02	17.03	45.97	63.56	68.73	30.87	32.76	0.0	32.89	64.54	40.5	66.24	71.55	71.11	64.64	67.08	25.61	54.82	10.63	50.04	40.61	94.18	19.42	58.19	34.93	46.04	64.85	58.52	65.53	25.71	84.02	37.64	54.59
26	45.61	56.14	46.82	26.93	33.53	65.15	84.05	57.27	36.69	37.16	49.48	66.21	30.08	50.33	88.81	77.83	70.88	77.49	51.61	32.56	22.02	69.18	37.01	58.8	57.38	32.89	0.0	75.93	57.78	34.21	54.2	38.59	64.28	41.88	29.15	78.24	30.61	21.02	21.84	83.65	26.63	82.8	49.66	16.55	69.03	82.71	32.74	49.44	73.95	40.61	48.76
27	41.73	80.13	93.96	53.67	85.33	38.9	31.4	94.43	48.01	77.99	26.48	17.8	45.89	27.02	35.06	19.65	37.48	9.06	34.54	81.39	97.67	13.0	90.8	44.2	37.44	64.54	75.93	0.0	103.46	104.69	58.83	106.47	25.08	72.84	47.38	29.73	55.44	74.3	95.63	56.0	52.04	33.96	99.04	92.18	15.81	32.69	95.01	87.49	49.41	35.44	117.15
28	93.35	27.17	11.4	77.47	24.7	112.04	92.14	11.4	86.37	94.94	81.99	86.68	68.77	78.26	95.01	93.56	116.66	99.72	68.95	27.02	54.01	103.77	93.15	62.65	67.68	40.5	57.78	103.46	0.0	80.02	108.41	86.05	105.12	99.3	65.3	87.37	51.04	78.79	47.04	133.69	58.9	89.05	8.25	60.53	105.19	89.82	86.28	16.06	123.51	78.01	36.06
29	66.71	86.68	71.18	51.08	60.02	83.29	117.15	83.49	58.24	36.67	79.26	97.91	61.03	81.54	122.02	109.86	89.27	107.91	84.96	60.88	26.02	95.52	24.17	92.96	91.22	66.24	34.21	104.69	80.02	0.0	64.28	6.08	87.56	44.72	61.22	111.4	64.82	31.05	33.0	95.75	60.11	116.18	72.0	20.88	94.56	115.99	14.37	77.07	87.86	69.84	54.63
30	21.02	97.17	97.01	31.06	83.87	23.02	85.07	104.62	23.41	28.02	45.28	63.32	43.32	51.16	89.81	73.74	28.18	66.19	63.01	81.4	72.45	46.04	42.19	77.1	71.0	71.55	54.2	58.83	108.41	64.28	0.0	63.0	34.21	20.1	46.82	80.78	61.85	36.77	74.95	31.58	52.39	86.13	100.9	63.56	43.6	85.24	50.49	96.19	23.75	40.11	102.63
31	67.36	92.18	77.1	52.84	65.76	83.02	120.34	89.36	59.24	35.01	81.54	100.6	63.89	84.2	125.26	112.61	88.96	110.14	88.39	66.49	32.06	96.77	21.38	97.01	94.92	71.11	38.59	106.47	86.05	6.08	63.0	0.0	88.23	43.05	64.38	114.63	69.07	32.2	39.01	94.19	63.78	119.52	78.01	26.48	95.63	119.27	12.57	82.83	86.73	72.11	60.54
32	20.88	86.28	94.34	38.01	83.19	14.14	54.23	98.08	29.43	56.44	24.08	34.23	37.7	29.41	58.55	42.3	14.56	33.24	42.19	79.65	86.15	12.08	70.21	55.9	48.75	64.64	64.28	25.08	105.12	87.56	34.21	88.23	0.0	50.22	40.72	51.0	54.08	56.52	85.84	34.48	46.96	56.04	99.13	79.01	9.43	54.94	76.02	90.11	26.02	27.29	110.86
33	31.14	92.96	88.1	28.16	74.69	41.79	94.89	97.5	26.83	8.06	53.24	73.06	43.42	58.18	99.85	84.6	47.43	78.87	67.72	73.01	56.4	60.96	22.09	80.6	75.69	67.08	41.88	72.84	99.3	44.72	20.1	43.05	50.22	0.0	46.17	89.89	59.14	21.26	60.14	51.16	50.01	95.26	91.3	47.2	59.03	94.59	30.64	89.24	43.84	45.31	87.86
34	28.6	50.54	54.2	18.03	42.54	46.75	55.97	59.55	23.41	46.57	21.02	37.12	3.61	21.19	60.88	48.88	51.4	48.38	24.21	39.12	50.45	42.43	54.59	35.11	31.38	25.61	29.15	47.38	65.3	61.22	46.82	64.38	40.72	46.17	0.0	50.25	15.26	34.99	48.26	68.62	6.4	55.15	58.82	45.69	42.95	54.89	55.02	51.22	58.45	13.6	71.02
35	60.41	61.0	80.01	64.4	75.13	65.03	5.83	76.79	63.06	92.96	36.67	17.46	50.93	31.91	10.63	10.3	65.12	21.02	26.63	71.2	97.53	40.31	103.41	25.02	22.14	54.82	78.24	29.73	87.37	111.4	80.78	114.63	51.0	89.89	50.25	0.0	49.66	84.39	93.52	84.59	51.61	5.39	85.0	94.58	43.29	4.74	104.97	71.58	76.92	44.94	109.24
36	43.83	35.34	40.31	31.78	30.08	61.52	55.46	44.55	38.48	58.14	31.38	41.19	18.87	28.64	59.94	51.42	65.86	54.04	23.77	26.25	48.02	53.49	63.6	28.28	27.78	10.63	30.61	55.44	51.04	64.82	61.85	69.07	54.08	59.14	15.26	49.66	0.0	44.15	43.86	83.63	9.49	53.71	45.18	46.01	54.63	53.82	61.83	36.33	73.48	27.02	62.01
37	35.69	75.17	67.78	20.81	54.42	53.01	89.94	77.88	27.2	16.16	49.82	69.35	33.6	53.04	94.92	81.39	59.01	78.24	59.08	53.16	35.85	64.62	19.7	69.78	66.37	50.04	21.02	74.3	78.79	31.05	36.77	32.2	56.52	21.26	34.99	84.39	44.15	0.0	39.05	68.01	36.4	89.5	70.68	26.83	63.57	89.1	20.91	69.85	59.14	40.46	66.84
38	67.45	55.9	38.33	48.76	28.23	86.98	99.32	50.8	58.52	53.81	69.26	83.93	50.04	69.05	103.75	94.87	92.72	96.1	67.42	30.02	7.07	90.01	48.3	71.02	71.55	40.61	21.84	95.63	47.04	33.0	74.95	39.01	85.84	60.14	48.26	93.52	43.86	39.05	0.0	105.12	43.93	97.49	39.0	14.32	90.09	97.64	40.22	44.96	95.55	61.01	27.8
39	40.36	118.0	122.43	57.69	109.99	22.47	87.14	128.14	48.01	59.21	57.25	68.45	65.07	63.07	91.02	75.17	19.92	65.01	76.06	106.96	103.25	44.28	73.03	90.08	83.01	94.18	83.65	56.0	133.69	95.75	31.58	94.19	34.48	51.16	68.62	84.59	83.63	68.01	105.12	0.0	74.97	89.36	126.81	94.58	41.3	88.18	81.79	119.84	10.18	57.2	132.41
40	34.83	44.78	47.8	22.36	36.24	53.15	57.43	53.26	29.07	49.5	26.17	40.16	9.9	25.18	62.2	51.48	57.8	52.17	25.0	32.76	46.82	48.05	56.08	33.62	31.14	19.42	26.63	52.04	58.9	60.11	52.39	63.78	46.96	50.01	6.4	51.61	9.49	36.4	43.93	74.97	0.0	56.22	52.43	43.05	48.76	56.11	55.37	44.91	64.79	19.7	65.49
41	65.79	62.29	82.22	69.63	78.1	70.11	3.61	78.23	68.43	98.27	42.05	22.8	55.97	37.22	6.32	14.32	70.03	25.0	31.24	74.22	101.71	45.1	108.6	27.66	25.94	58.19	82.8	33.96	89.05	116.18	86.13	119.52	56.04	95.26	55.15	5.39	53.71	89.5	97.49	89.36	56.22	0.0	87.14	99.05	48.09	1.34	110.01	73.49	81.88	50.25	112.29
42	86.45	27.31	5.1	70.09	17.03	105.42	90.05	14.21	79.2	86.82	76.49	82.76	62.2	73.16	93.26	90.45	110.21	95.9	64.76	19.85	46.01	98.49	84.9	60.01	64.38	34.93	49.66	99.04	8.25	72.0	100.9	78.01	99.13	91.3	58.82	85.0	45.18	70.68	39.0	126.81	52.43	87.14	0.0	52.35	99.74	87.81	78.05	14.06	116.64	71.87	31.11
43	59.21	65.8	51.01	41.0	39.32	78.09	100.4	63.07	50.16	40.36	65.8	82.76	46.49	66.85	105.12	94.37	84.01	93.98	67.96	40.02	9.22	84.85	34.0	74.28	73.41	46.04	16.55	92.18	60.53	20.88	63.56	26.48	79.01	47.2	45.69	94.58	46.01	26.83	14.32	94.58	43.05	99.05	52.35	0.0	84.48	99.0	25.99	56.38	85.43	56.75	41.04
44	28.65	84.5	94.81	43.93	84.5	23.09	46.0	97.35	36.4	64.9	23.26	27.51	40.45	27.2	50.09	34.0	22.02	24.33	38.9	80.78	91.05	3.0	78.39	51.61	44.41	64.85	69.03	15.81	105.19	94.56	43.6	95.63	9.43	59.03	42.95	43.29	54.63	63.57	90.09	41.3	48.76	48.09	99.74	84.48	0.0	46.93	83.65	89.7	33.95	29.43	113.95
45	64.98	63.13	82.87	69.14	78.56	69.04	2.44	79.05	67.76	97.69	41.36	21.93	55.62	36.64	6.13	13.07	68.89	23.72	31.11	74.66	101.78	43.93	108.14	28.15	26.1	58.52	82.71	32.69	89.82	115.99	85.24	119.27	54.94	94.59	54.89	4.74	53.82	89.1	97.64	88.18	56.11	1.34	87.81	99.0	46.93	0.0	109.67	74.2	80.75	49.68	112.73
46	55.18	88.62	76.35	41.71	63.92	70.49	110.59	87.99	47.33	22.58	70.73	90.21	54.04	73.86	115.55	102.26	76.41	99.13	79.23	63.89	34.12	84.91	9.91	88.98	86.2	65.53	32.74	95.01	86.28	14.37	50.49	12.57	76.02	30.64	55.02	104.97	61.83	20.91	40.22	81.79	55.37	110.01	78.05	25.99	83.65	109.67	0.0	80.75	74.2	61.36	65.37
47	79.72	13.51	9.82	65.14	17.06	97.83	76.49	8.44	73.41	85.87	66.62	70.64	54.79	62.62	79.54	77.56	102.18	83.67	52.96	16.94	51.95	88.17	86.29	46.73	51.64	25.71	49.44	87.49	16.06	77.07	96.19	82.83	90.11	89.24	51.22	71.58	36.33	69.85	44.96	119.84	44.91	73.49	14.06	56.38	89.7	74.2	80.75	0.0	109.67	63.31	43.95
48	30.19	107.97	112.25	47.72	99.83	12.78	79.91	117.98	37.98	51.77	47.7	60.25	54.89	53.63	84.04	67.91	11.94	58.21	66.63	96.79	93.94	36.95	65.92	80.78	73.79	84.02	73.95	49.41	123.51	87.86	23.75	86.73	26.02	43.84	58.45	76.92	73.48	59.14	95.55	10.18	64.79	81.88	116.64	85.43	33.95	80.75	74.2	109.67	0.0	47.18	122.68
49	19.42	60.8	67.12	19.8	55.9	34.83	50.22	71.45	18.68	48.02	9.43	29.0	11.05	13.04	55.22	41.01	38.9	38.08	23.09	52.35	62.51	29.07	58.8	37.01	31.14	37.64	40.61	35.44	78.01	69.84	40.11	72.11	27.29	45.31	13.6	44.94	27.02	40.46	61.01	57.2	19.7	50.25	71.87	56.75	29.43	49.68	61.36	63.31	47.18	0.0	84.53
50	93.78	57.43	34.21	75.24	34.21	113.46	114.76	45.28	85.09	81.32	91.66	103.12	73.55	90.14	118.6	112.75	119.04	116.04	85.29	38.08	31.89	113.44	74.4	84.65	87.3	54.59	48.76	117.15	36.06	54.63	102.63	60.54	110.86	87.86	71.02	109.24	62.01	66.84	27.8	132.41	65.49	112.29	31.11	41.04	113.95	112.73	65.37	43.95	122.68	84.53	0.0
;
