vehicles
vehicle_idx, capacity, cost_per_unit_distance
1,100,1
2,100,1
3,100,1
4,100,1
5,100,1
6,100,1
depot
node_idx,x,y
0,14,68
home delivery customers
node_idx,x,y,service_time,demand
1,13,47,10,24
2,34,63,10,19
3,17,28,10,3
4,42,48,10,8
5,2,28,10,18
6,32,82,10,4
7,42,77,10,18
8,38,37,10,24
9,32,88,10,14
10,63,32,10,24
11,88,94,10,9
12,58,78,10,13
13,87,79,10,24
14,48,53,10,8
15,7,37,10,4
self pickup customers
node_idx,x,y,service_time,demand,locker_idxs
16,73,2,10,8,49-46
17,37,44,10,9,50
18,58,98,10,9,44-48
19,1,2,10,13,45
20,97,38,10,24,46
21,39,53,10,14,55
22,83,27,10,13,49-46
23,58,32,10,18,50-55-54-49
24,53,84,10,3,53-44
25,38,23,10,13,45
26,22,73,10,23,47
27,73,1,10,14,49-46
28,12,24,10,4,45
29,98,77,10,14,48
flexible customers
node_idx,x,y,service_time,demand,locker_idxs
30,33,42,10,18,50-55-54-52
31,18,98,10,9,47
32,24,79,10,14,47
33,72,67,10,14,51-53-48-44
34,78,63,10,8,51-48
35,87,1,10,8,46-49
36,79,92,10,2,48-44
37,22,39,10,9,52-54
38,63,59,10,8,53-51-54-50-55
39,42,88,10,24,47-44
40,43,62,10,14,53-51-52-50-55-54-47
41,17,32,10,18,45
42,48,23,10,13,54-50-55-45
43,34,12,10,18,45
lockers
node_idx,x,y,service_time,capacity,cost_per_unit_good
44,65,88,10,87
45,25,15,10,99
46,93,12,10,72
47,22,88,10,98
48,77,88,10,100
49,72,14,10,75
50,55,47,10,78
51,58,57,10,98
52,31,58,10,77
53,53,62,10,95
54,43,44,10,71
55,54,46,10,83
mrt lines
start_node_idx,end_node_idx,freight_capacity,cost_per_unit_good
44,45,99,2
45,44,99,2
46,47,98,2
47,46,98,2
distance matrix
,0,1,2,3,4,5,6,7,8,9,10,11,12,13,14,15,16,17,18,19,20,21,22,23,24,25,26,27,28,29,30,31,32,33,34,35,36,37,38,39,40,41,42,43,44,45,46,47,48,49,50,51,52,53,54,55,
0,0.0,21.02,20.62,40.11,34.41,41.76,22.8,29.41,39.2,26.91,60.8,78.43,45.12,73.82,37.16,31.78,88.53,33.24,53.25,67.27,88.26,29.15,80.26,56.85,42.15,51.0,9.43,89.27,44.05,84.48,32.2,30.27,14.87,58.01,64.2,99.09,69.29,30.08,49.82,34.41,29.61,36.12,56.4,59.46,54.78,54.13,96.83,21.54,66.1,79.25,46.07,45.35,19.72,39.46,37.64,45.65
1,21.02,0.0,26.4,19.42,29.02,21.95,39.82,41.73,26.93,45.19,52.2,88.51,54.64,80.62,35.51,11.66,75.0,24.19,68.01,46.57,84.48,26.68,72.8,47.43,54.49,34.66,27.51,75.6,23.02,90.14,20.62,51.24,33.84,62.3,66.94,87.13,79.88,12.04,51.42,50.22,33.54,15.52,42.44,40.82,66.22,34.18,87.32,41.98,76.01,67.6,42.0,46.1,21.1,42.72,30.15,41.01
2,20.62,26.4,0.0,38.91,17.0,47.42,19.1,16.12,26.31,25.08,42.45,62.27,28.3,55.36,17.2,37.48,72.4,19.24,42.44,69.35,67.78,11.18,60.8,39.2,28.32,40.2,15.62,73.25,44.78,65.51,21.02,38.48,18.87,38.21,44.0,81.57,53.54,26.83,29.27,26.25,9.06,35.36,42.38,51.0,39.82,48.84,77.99,27.73,49.74,62.01,26.4,24.74,5.83,19.03,21.02,26.25
3,40.11,19.42,38.91,0.0,32.02,15.0,56.04,55.01,22.85,61.85,46.17,96.94,64.66,86.61,39.82,13.45,61.74,25.61,81.12,30.53,80.62,33.3,66.01,41.19,66.57,21.59,45.28,62.17,6.4,94.67,21.26,70.01,51.48,67.42,70.33,75.03,89.11,12.08,55.47,65.0,42.8,4.0,31.4,23.35,76.84,15.26,77.67,60.21,84.85,56.75,42.49,50.22,33.11,49.52,30.53,41.15
4,34.41,29.02,17.0,32.02,0.0,44.72,35.44,29.0,11.7,41.23,26.4,65.05,34.0,54.64,7.81,36.69,55.47,6.4,52.5,61.62,55.9,5.83,46.07,22.63,37.64,25.32,32.02,56.3,38.42,63.06,10.82,55.46,35.85,35.51,39.0,65.07,57.49,21.93,23.71,40.0,14.04,29.68,25.71,36.88,46.14,37.12,62.43,44.72,53.15,45.34,13.04,18.36,14.87,17.8,4.12,12.17
5,41.76,21.95,47.42,15.0,44.72,0.0,61.77,63.25,37.11,67.08,61.13,108.41,75.07,99.13,52.35,10.3,75.61,38.48,89.64,26.02,95.52,44.65,81.01,56.14,75.74,36.35,49.24,75.96,10.77,107.78,34.01,71.81,55.54,80.13,83.67,89.19,100.12,22.83,68.43,72.11,53.26,15.52,46.27,35.78,87.0,26.42,92.4,63.25,96.05,71.39,56.3,63.06,41.73,61.29,44.01,55.03
6,22.8,39.82,19.1,56.04,35.44,61.77,0.0,11.18,45.4,6.0,58.83,57.27,26.31,55.08,33.12,51.48,89.89,38.33,30.53,85.8,78.49,29.83,75.01,56.36,21.1,59.3,13.45,90.79,61.35,66.19,40.01,21.26,8.54,42.72,49.77,97.91,48.05,44.15,38.6,11.66,22.83,52.2,61.13,70.03,33.54,67.36,92.85,11.66,45.4,78.89,41.88,36.07,24.02,29.0,39.56,42.19
7,29.41,41.73,16.12,55.01,29.0,63.25,11.18,0.0,40.2,14.87,49.66,49.04,16.03,45.04,24.74,53.15,81.15,33.38,26.4,85.48,67.42,24.19,64.66,47.76,13.04,54.15,20.4,82.08,60.9,56.0,36.14,31.89,18.11,31.62,38.63,88.32,39.92,42.94,27.66,11.0,15.03,51.48,54.33,65.49,25.5,64.29,82.62,22.83,36.69,69.78,32.7,25.61,21.95,18.6,33.02,33.24
8,39.2,26.93,26.31,22.85,11.7,37.11,45.4,40.2,0.0,51.35,25.5,75.82,45.62,64.54,18.87,31.0,49.5,7.07,64.2,50.93,59.01,16.03,46.1,20.62,49.34,14.0,39.4,50.21,29.07,72.11,7.07,64.2,44.27,45.34,47.71,60.8,68.6,16.12,33.3,51.16,25.5,21.59,17.2,25.32,57.71,25.55,60.42,53.45,64.2,41.05,19.72,28.28,22.14,29.15,8.6,18.36
9,26.91,45.19,25.08,61.85,41.23,67.08,6.0,14.87,51.35,0.0,64.01,56.32,27.86,55.73,38.48,56.8,95.27,44.28,27.86,91.42,82.01,35.69,79.51,61.74,21.38,65.28,18.03,96.18,67.05,66.91,46.01,17.2,12.04,45.18,52.35,102.93,47.17,50.01,42.45,10.0,28.23,57.97,66.94,76.03,33.0,73.33,97.45,10.0,45.0,84.12,47.01,40.46,30.02,33.42,45.35,47.41
10,60.8,52.2,42.45,46.17,26.4,61.13,58.83,49.66,25.5,64.01,0.0,66.85,46.27,52.77,25.81,56.22,31.62,28.64,66.19,68.88,34.53,31.89,20.62,5.0,52.95,26.57,57.98,32.57,51.62,57.01,31.62,79.88,61.07,36.14,34.44,39.2,62.1,41.59,27.0,59.81,36.06,46.0,17.49,35.23,56.04,41.63,36.06,69.4,57.72,20.12,17.0,25.5,41.23,31.62,23.32,16.64
11,78.43,88.51,62.27,96.94,65.05,108.41,57.27,49.04,75.82,56.32,66.85,0.0,34.0,15.03,57.28,99.05,93.21,71.42,30.27,126.62,56.72,63.89,67.19,68.88,36.4,86.84,69.26,94.2,103.32,19.72,75.69,70.11,65.73,31.38,32.57,93.01,9.22,85.91,43.01,46.39,55.22,94.26,81.49,98.18,23.77,101.04,82.15,66.27,12.53,81.58,57.43,47.63,67.42,47.42,67.27,58.82
12,45.12,54.64,28.3,64.66,34.0,75.07,26.31,16.03,45.62,27.86,46.27,34.0,0.0,29.02,26.93,65.44,77.47,39.96,20.0,95.0,55.87,31.4,56.8,46.0,7.81,58.52,36.35,78.45,70.94,40.01,43.83,44.72,34.01,17.8,25.0,82.28,25.24,53.08,19.65,18.87,21.93,61.62,55.9,70.23,12.21,71.12,74.71,37.36,21.47,65.51,31.14,21.0,33.6,16.76,37.16,32.25
13,73.82,80.62,55.36,86.61,54.64,99.13,55.08,45.04,64.54,55.73,52.77,15.03,29.02,0.0,46.87,90.35,78.26,61.03,34.67,115.43,42.2,54.59,52.15,55.23,34.37,74.41,65.28,79.25,93.01,11.18,65.46,71.57,63.0,19.21,18.36,78.0,15.26,76.32,31.24,45.89,47.17,84.31,68.24,85.43,23.77,89.11,67.27,65.62,13.45,66.71,45.25,36.4,59.81,38.01,56.22,46.67
14,37.16,35.51,17.2,39.82,7.81,52.35,33.12,24.74,18.87,38.48,25.81,57.28,26.93,46.87,0.0,44.01,56.8,14.21,46.1,69.35,51.24,9.0,43.6,23.26,31.4,31.62,32.8,57.7,46.23,55.46,18.6,54.08,35.38,27.78,31.62,65.0,49.82,29.53,16.16,35.51,10.3,37.44,30.0,43.32,38.91,44.42,60.88,43.6,45.45,45.79,9.22,10.77,17.72,10.3,10.3,9.22
15,31.78,11.66,37.48,13.45,36.69,10.3,51.48,53.15,31.0,56.8,56.22,99.05,65.44,90.35,44.01,0.0,74.71,30.81,79.51,35.51,90.01,35.78,76.66,51.24,65.76,34.01,39.0,75.18,13.93,99.4,26.48,61.98,45.31,71.59,75.61,87.73,90.6,15.13,60.17,61.85,43.83,11.18,43.32,36.8,77.23,28.43,89.56,53.16,86.61,68.95,49.03,54.78,31.89,52.35,36.67,47.85
16,88.53,75.0,72.4,61.74,55.47,75.61,89.89,81.15,49.5,95.27,31.62,93.21,77.47,78.26,56.8,74.71,0.0,55.32,97.16,72.0,43.27,61.29,26.93,33.54,84.4,40.82,87.42,1.0,64.85,79.06,56.57,110.64,91.27,65.01,61.2,14.04,90.2,63.01,57.87,91.42,67.08,63.53,32.65,40.26,86.37,49.73,22.36,99.98,86.09,12.04,48.47,57.01,70.0,63.25,51.61,47.93
17,33.24,24.19,19.24,25.61,6.4,38.48,38.33,33.38,7.07,44.28,28.64,71.42,39.96,61.03,14.21,30.81,55.32,0.0,57.94,55.32,60.3,9.22,49.04,24.19,43.08,21.02,32.65,56.08,32.02,69.35,4.47,57.25,37.34,41.88,45.19,65.95,63.78,15.81,30.02,44.28,18.97,23.32,23.71,32.14,52.15,31.38,64.5,46.49,59.46,46.1,18.25,24.7,15.23,24.08,6.0,17.12
18,53.25,68.01,42.44,81.12,52.5,89.64,30.53,26.4,64.2,27.86,66.19,30.27,20.0,34.67,46.1,79.51,97.16,57.94,0.0,111.65,71.56,48.85,75.27,66.0,14.87,77.62,43.83,98.15,87.13,45.18,61.33,40.0,38.95,34.01,40.31,101.24,21.84,69.12,39.32,18.87,39.0,77.7,75.66,89.29,12.21,89.32,92.85,37.36,21.47,85.16,51.09,41.0,48.26,36.35,56.04,52.15
19,67.27,46.57,69.35,30.53,61.62,26.02,85.8,85.48,50.93,91.42,68.88,126.62,95.0,115.43,69.35,35.51,72.0,55.32,111.65,0.0,102.53,63.6,85.73,64.41,97.1,42.54,74.04,72.01,24.6,122.61,51.22,97.49,80.36,96.26,98.23,86.01,119.1,42.54,84.22,95.27,73.24,34.0,51.48,34.48,107.2,27.29,92.54,88.53,114.77,72.01,70.29,79.21,63.53,79.4,59.4,68.88
20,88.26,84.48,67.78,80.62,55.9,95.52,78.49,67.42,59.01,82.01,34.53,56.72,55.87,42.2,51.24,90.01,43.27,60.3,71.56,102.53,0.0,59.91,17.8,39.46,63.66,60.88,82.76,44.1,86.15,39.01,64.12,99.2,83.73,38.29,31.4,38.33,56.92,75.01,39.96,74.33,59.09,80.22,51.24,68.15,59.36,75.58,26.31,90.14,53.85,34.66,42.95,43.38,68.96,50.12,54.33,43.74
21,29.15,26.68,11.18,33.3,5.83,44.65,29.83,24.19,16.03,35.69,31.89,63.89,31.4,54.59,9.0,35.78,61.29,9.22,48.85,63.6,59.91,0.0,51.11,28.32,34.01,30.02,26.25,62.13,39.62,63.69,12.53,49.66,30.02,35.85,40.26,70.77,55.87,22.02,24.74,35.13,9.85,30.41,31.32,41.3,43.6,40.5,67.8,38.91,51.66,51.09,17.09,19.42,9.43,16.64,9.85,16.55
22,80.26,72.8,60.8,66.01,46.07,81.01,75.01,64.66,46.1,79.51,20.62,67.19,56.8,52.15,43.6,76.66,26.93,49.04,75.27,85.73,17.8,51.11,0.0,25.5,64.41,45.18,76.4,27.86,71.06,52.2,52.2,96.26,78.64,41.48,36.35,26.31,65.12,62.17,37.74,73.5,53.15,66.19,35.23,51.24,63.6,59.23,18.03,86.27,61.29,17.03,34.41,39.05,60.54,46.1,43.46,34.67
23,56.85,47.43,39.2,41.19,22.63,56.14,56.36,47.76,20.62,61.74,5.0,68.88,46.0,55.23,23.26,51.24,33.54,24.19,66.0,64.41,39.46,28.32,25.5,0.0,52.24,21.93,54.56,34.44,46.69,60.21,26.93,77.18,58.01,37.7,36.89,42.45,63.57,36.67,27.46,58.24,33.54,41.0,13.45,31.24,56.44,37.12,40.31,66.57,59.14,22.8,15.3,25.0,37.48,30.41,19.21,14.56
24,42.15,54.49,28.32,66.57,37.64,75.74,21.1,13.04,49.34,21.38,52.95,36.4,7.81,34.37,31.4,65.76,84.4,43.08,14.87,97.1,63.66,34.01,64.41,52.24,0.0,62.82,32.89,85.38,72.67,45.54,46.52,37.7,29.43,25.5,32.65,89.69,27.2,54.64,26.93,11.7,24.17,63.25,61.2,74.46,12.65,74.46,82.37,31.26,24.33,72.53,37.05,27.46,34.06,22.0,41.23,38.01
25,51.0,34.66,40.2,21.59,25.32,36.35,59.3,54.15,14.0,65.28,26.57,86.84,58.52,74.41,31.62,34.01,40.82,21.02,77.62,42.54,60.88,30.02,45.18,21.93,62.82,0.0,52.5,41.34,26.02,80.72,19.65,77.62,57.72,55.61,56.57,53.71,80.26,22.63,43.83,65.12,39.32,22.85,10.0,11.7,70.38,15.26,56.09,66.94,75.8,35.17,29.41,39.45,35.69,41.79,21.59,28.02
26,9.43,27.51,15.62,45.28,32.02,49.24,13.45,20.4,39.4,18.03,57.98,69.26,36.35,65.28,32.8,39.0,87.42,32.65,43.83,74.04,82.76,26.25,76.4,54.56,32.89,52.5,0.0,88.23,50.01,76.11,32.89,25.32,6.32,50.36,56.89,97.0,60.08,34.0,43.32,25.0,23.71,41.3,56.36,62.17,45.54,58.08,93.61,15.0,57.01,77.34,42.01,39.4,17.49,32.89,35.81,41.87
27,89.27,75.6,73.25,62.17,56.3,75.96,90.79,82.08,50.21,96.18,32.57,94.2,78.45,79.25,57.7,75.18,1.0,56.08,98.15,72.01,44.1,62.13,27.86,34.44,85.38,41.34,88.23,0.0,65.19,80.01,57.28,111.51,92.11,66.01,62.2,14.0,91.2,63.6,58.86,92.36,67.98,64.01,33.3,40.52,87.37,50.0,22.83,100.85,87.09,13.04,49.4,57.97,70.8,64.2,52.43,48.85
28,44.05,23.02,44.78,6.4,38.42,10.77,61.35,60.9,29.07,67.05,51.62,103.32,70.94,93.01,46.23,13.93,64.85,32.02,87.13,24.6,86.15,39.62,71.06,46.69,72.67,26.02,50.01,65.19,0.0,101.02,27.66,74.24,56.29,73.82,76.66,78.45,95.46,18.03,61.85,70.68,49.04,9.43,36.01,25.06,83.1,15.81,81.88,64.78,91.22,60.83,48.76,56.61,38.95,55.9,36.89,47.41
29,84.48,90.14,65.51,94.67,63.06,107.78,66.19,56.0,72.11,66.91,57.01,19.72,40.01,11.18,55.46,99.4,79.06,69.35,45.18,122.61,39.01,63.69,52.2,60.21,45.54,80.72,76.11,80.01,101.02,0.0,73.82,82.71,74.03,27.86,24.41,76.79,24.21,84.97,39.36,57.07,57.01,92.66,73.59,91.22,34.79,95.78,65.19,76.79,23.71,68.15,52.43,44.72,69.64,47.43,64.14,53.82
30,32.2,20.62,21.02,21.26,10.82,34.01,40.01,36.14,7.07,46.01,31.62,75.69,43.83,65.46,18.6,26.48,56.57,4.47,61.33,51.22,64.12,12.53,52.2,26.93,46.52,19.65,32.89,57.28,27.66,73.82,0.0,57.97,38.08,46.32,49.66,67.8,67.94,11.4,34.48,46.87,22.36,18.87,24.21,30.02,56.04,28.16,67.08,47.3,63.66,48.01,22.56,29.15,16.12,28.28,10.2,21.38
31,30.27,51.24,38.48,70.01,55.46,71.81,21.26,31.89,64.2,17.2,79.88,70.11,44.72,71.57,54.08,61.98,110.64,57.25,40.0,97.49,99.2,49.66,96.26,77.18,37.7,77.62,25.32,111.51,74.24,82.71,57.97,0.0,19.92,62.27,69.46,119.04,61.29,59.14,59.55,26.0,43.83,66.01,80.78,87.48,48.05,83.29,114.11,10.77,59.84,99.86,63.01,57.28,42.06,50.21,59.51,63.25
32,14.87,33.84,18.87,51.48,35.85,55.54,8.54,18.11,44.27,12.04,61.07,65.73,34.01,63.0,35.38,45.31,91.27,37.34,38.95,80.36,83.73,30.02,78.64,58.01,29.43,57.72,6.32,92.11,56.29,74.03,38.08,19.92,0.0,49.48,56.32,100.26,56.52,40.05,43.83,20.12,25.5,47.52,60.93,67.74,41.98,64.01,96.18,9.22,53.76,80.8,44.55,40.5,22.14,33.62,39.82,44.6
33,58.01,62.3,38.21,67.42,35.51,80.13,42.72,31.62,45.34,45.18,36.14,31.38,17.8,19.21,27.78,71.59,65.01,41.88,34.01,96.26,38.29,35.85,41.48,37.7,25.5,55.61,50.36,66.01,73.82,27.86,46.32,62.27,49.48,0.0,7.21,67.68,25.96,57.31,12.04,36.62,29.43,65.19,50.12,66.85,22.14,70.09,58.87,54.23,21.59,53.0,26.25,17.2,41.98,19.65,37.01,27.66
34,64.2,66.94,44.0,70.33,39.0,83.67,49.77,38.63,47.71,52.35,34.44,32.57,25.0,18.36,31.62,75.61,61.2,45.19,40.31,98.23,31.4,40.26,36.35,36.89,32.65,56.57,56.89,62.2,76.66,24.41,49.66,69.46,56.32,7.21,0.0,62.65,29.02,60.93,15.52,43.83,35.01,68.43,50.0,67.36,28.18,71.51,53.16,61.33,25.02,49.37,28.02,20.88,47.27,25.02,39.82,29.41
35,99.09,87.13,81.57,75.03,65.07,89.19,97.91,88.32,60.8,102.93,39.2,93.01,82.28,78.0,65.0,87.73,14.04,65.95,101.24,86.01,38.33,70.77,26.31,42.45,89.69,53.71,97.0,14.0,78.45,76.79,67.8,119.04,100.26,67.68,62.65,0.0,91.35,75.29,62.77,97.95,75.21,76.56,44.78,54.13,89.74,63.56,12.53,108.6,87.57,19.85,56.04,63.06,79.91,69.84,61.52,55.8
36,69.29,79.88,53.54,89.11,57.49,100.12,48.05,39.92,68.6,47.17,62.1,9.22,25.24,15.26,49.82,90.6,90.2,63.78,21.84,119.1,56.92,55.87,65.12,63.57,27.2,80.26,60.08,91.2,95.46,24.21,67.94,61.29,56.52,25.96,29.02,91.35,0.0,77.83,36.67,37.22,46.86,86.28,75.64,91.79,14.56,94.05,81.22,57.14,4.47,78.31,51.0,40.82,58.82,39.7,60.0,52.35
37,30.08,12.04,26.83,12.08,21.93,22.83,44.15,42.94,16.12,50.01,41.59,85.91,53.08,76.32,29.53,15.13,63.01,15.81,69.12,42.54,75.01,22.02,62.17,36.67,54.64,22.63,34.0,63.6,18.03,84.97,11.4,59.14,40.05,57.31,60.93,75.29,77.83,0.0,45.62,52.92,31.14,8.6,30.53,29.55,65.19,24.19,75.96,49.0,73.66,55.9,33.96,40.25,21.02,38.6,21.59,32.76
38,49.82,51.42,29.27,55.47,23.71,68.43,38.6,27.66,33.3,42.45,27.0,43.01,19.65,31.24,16.16,60.17,57.87,30.02,39.32,84.22,39.96,24.74,37.74,27.46,26.93,43.83,43.32,58.86,61.85,39.36,34.48,59.55,43.83,12.04,15.52,62.77,36.67,45.62,0.0,35.81,20.22,53.34,39.0,55.23,29.07,58.14,55.76,50.22,32.2,45.89,14.42,5.39,32.02,10.44,25.0,15.81
39,34.41,50.22,26.25,65.0,40.0,72.11,11.66,11.0,51.16,10.0,59.81,46.39,18.87,45.89,35.51,61.85,91.42,44.28,18.87,95.27,74.33,35.13,73.5,58.24,11.7,65.12,25.0,92.36,70.68,57.07,46.87,26.0,20.12,36.62,43.83,97.95,37.22,52.92,35.81,0.0,26.02,61.33,65.28,76.42,23.0,74.95,91.53,20.0,35.0,79.85,43.01,34.89,31.95,28.23,44.01,43.68
40,29.61,33.54,9.06,42.8,14.04,53.26,22.83,15.03,25.5,28.23,36.06,55.22,21.93,47.17,10.3,43.83,67.08,18.97,39.0,73.24,59.09,9.85,53.15,33.54,24.17,39.32,23.71,67.98,49.04,57.01,22.36,43.83,25.5,29.43,35.01,75.21,46.86,31.14,20.22,26.02,0.0,39.7,39.32,50.8,34.06,50.33,70.71,33.42,42.8,56.08,19.21,15.81,12.65,10.0,18.0,19.42
41,36.12,15.52,35.36,4.0,29.68,15.52,52.2,51.48,21.59,57.97,46.0,94.26,61.62,84.31,37.44,11.18,63.53,23.32,77.7,34.0,80.22,30.41,66.19,41.0,63.25,22.85,41.3,64.01,9.43,92.66,18.87,66.01,47.52,65.19,68.43,76.56,86.28,8.6,53.34,61.33,39.7,0.0,32.28,26.25,73.76,18.79,78.59,56.22,82.07,57.87,40.85,48.02,29.53,46.86,28.64,39.56
42,56.4,42.44,42.38,31.4,25.71,46.27,61.13,54.33,17.2,66.94,17.49,81.49,55.9,68.24,30.0,43.32,32.65,23.71,75.66,51.48,51.24,31.32,35.23,13.45,61.2,10.0,56.36,33.3,36.01,73.59,24.21,80.78,60.93,50.12,50.0,44.78,75.64,30.53,39.0,65.28,39.32,32.28,0.0,17.8,67.19,24.35,46.32,70.01,71.18,25.63,25.0,35.44,38.91,39.32,21.59,23.77
43,59.46,40.82,51.0,23.35,36.88,35.78,70.03,65.49,25.32,76.03,35.23,98.18,70.23,85.43,43.32,36.8,40.26,32.14,89.29,34.48,68.15,41.3,51.24,31.24,74.46,11.7,62.17,40.52,25.06,91.22,30.02,87.48,67.74,66.85,67.36,54.13,91.79,29.55,55.23,76.42,50.8,26.25,17.8,0.0,82.08,9.49,59.0,76.94,87.32,38.05,40.82,51.0,46.1,53.49,33.24,39.45
44,54.78,66.22,39.82,76.84,46.14,87.0,33.54,25.5,57.71,33.0,56.04,23.77,12.21,23.77,38.91,77.23,86.37,52.15,12.21,107.2,59.36,43.6,63.6,56.44,12.65,70.38,45.54,87.37,83.1,34.79,56.04,48.05,41.98,22.14,28.18,89.74,14.56,65.19,29.07,23.0,34.06,73.76,67.19,82.08,0.0,83.24,80.99,43.0,12.0,74.33,42.2,31.78,45.34,28.64,49.19,43.42
45,54.13,34.18,48.84,15.26,37.12,26.42,67.36,64.29,25.55,73.33,41.63,101.04,71.12,89.11,44.42,28.43,49.73,31.38,89.32,27.29,75.58,40.5,59.23,37.12,74.46,15.26,58.08,50.0,15.81,95.78,28.16,83.29,64.01,70.09,71.51,63.56,94.05,24.19,58.14,74.95,50.33,18.79,24.35,9.49,83.24,0.0,68.07,73.06,89.63,47.01,43.86,53.41,43.42,54.71,34.13,42.45
46,96.83,87.32,77.99,77.67,62.43,92.4,92.85,82.62,60.42,97.45,36.06,82.15,74.71,67.27,60.88,89.56,22.36,64.5,92.85,92.54,26.31,67.8,18.03,40.31,82.37,56.09,93.61,22.83,81.88,65.19,67.08,114.11,96.18,58.87,53.16,12.53,81.22,75.96,55.76,91.53,70.71,78.59,46.32,59.0,80.99,68.07,0.0,104.0,77.67,21.1,51.66,57.01,77.2,64.03,59.36,51.74
47,21.54,41.98,27.73,60.21,44.72,63.25,11.66,22.83,53.45,10.0,69.4,66.27,37.36,65.62,43.6,53.16,99.98,46.49,37.36,88.53,90.14,38.91,86.27,66.57,31.26,66.94,15.0,100.85,64.78,76.79,47.3,10.77,9.22,54.23,61.33,108.6,57.14,49.0,50.22,20.0,33.42,56.22,70.01,76.94,43.0,73.06,104.0,0.0,55.0,89.31,52.63,47.51,31.32,40.46,48.75,52.8
48,66.1,76.01,49.74,84.85,53.15,96.05,45.4,36.69,64.2,45.0,57.72,12.53,21.47,13.45,45.45,86.61,86.09,59.46,21.47,114.77,53.85,51.66,61.29,59.14,24.33,75.8,57.01,87.09,91.22,23.71,63.66,59.84,53.76,21.59,25.02,87.57,4.47,73.66,32.2,35.0,42.8,82.07,71.18,87.32,12.0,89.63,77.67,55.0,0.0,74.17,46.53,36.36,54.92,35.38,55.61,47.89
49,79.25,67.6,62.01,56.75,45.34,71.39,78.89,69.78,41.05,84.12,20.12,81.58,65.51,66.71,45.79,68.95,12.04,46.1,85.16,72.01,34.66,51.09,17.03,22.8,72.53,35.17,77.34,13.04,60.83,68.15,48.01,99.86,80.8,53.0,49.37,19.85,78.31,55.9,45.89,79.85,56.08,57.87,25.63,38.05,74.33,47.01,21.1,89.31,74.17,0.0,37.12,45.22,60.14,51.62,41.73,36.72
50,46.07,42.0,26.4,42.49,13.04,56.3,41.88,32.7,19.72,47.01,17.0,57.43,31.14,45.25,9.22,49.03,48.47,18.25,51.09,70.29,42.95,17.09,34.41,15.3,37.05,29.41,42.01,49.4,48.76,52.43,22.56,63.01,44.55,26.25,28.02,56.04,51.0,33.96,14.42,43.01,19.21,40.85,25.0,40.82,42.2,43.86,51.66,52.63,46.53,37.12,0.0,10.44,26.4,15.13,12.37,1.41
51,45.35,46.1,24.74,50.22,18.36,63.06,36.07,25.61,28.28,40.46,25.5,47.63,21.0,36.4,10.77,54.78,57.01,24.7,41.0,79.21,43.38,19.42,39.05,25.0,27.46,39.45,39.4,57.97,56.61,44.72,29.15,57.28,40.5,17.2,20.88,63.06,40.82,40.25,5.39,34.89,15.81,48.02,35.44,51.0,31.78,53.41,57.01,47.51,36.36,45.22,10.44,0.0,27.02,7.07,19.85,11.7
52,19.72,21.1,5.83,33.11,14.87,41.73,24.02,21.95,22.14,30.02,41.23,67.42,33.6,59.81,17.72,31.89,70.0,15.23,48.26,63.53,68.96,9.43,60.54,37.48,34.06,35.69,17.49,70.8,38.95,69.64,16.12,42.06,22.14,41.98,47.27,79.91,58.82,21.02,32.02,31.95,12.65,29.53,38.91,46.1,45.34,43.42,77.2,31.32,54.92,60.14,26.4,27.02,0.0,22.36,18.44,25.94
53,39.46,42.72,19.03,49.52,17.8,61.29,29.0,18.6,29.15,33.42,31.62,47.42,16.76,38.01,10.3,52.35,63.25,24.08,36.35,79.4,50.12,16.64,46.1,30.41,22.0,41.79,32.89,64.2,55.9,47.43,28.28,50.21,33.62,19.65,25.02,69.84,39.7,38.6,10.44,28.23,10.0,46.86,39.32,53.49,28.64,54.71,64.03,40.46,35.38,51.62,15.13,7.07,22.36,0.0,20.59,16.03
54,37.64,30.15,21.02,30.53,4.12,44.01,39.56,33.02,8.6,45.35,23.32,67.27,37.16,56.22,10.3,36.67,51.61,6.0,56.04,59.4,54.33,9.85,43.46,19.21,41.23,21.59,35.81,52.43,36.89,64.14,10.2,59.51,39.82,37.01,39.82,61.52,60.0,21.59,25.0,44.01,18.0,28.64,21.59,33.24,49.19,34.13,59.36,48.75,55.61,41.73,12.37,19.85,18.44,20.59,0.0,11.18
55,45.65,41.01,26.25,41.15,12.17,55.03,42.19,33.24,18.36,47.41,16.64,58.82,32.25,46.67,9.22,47.85,47.93,17.12,52.15,68.88,43.74,16.55,34.67,14.56,38.01,28.02,41.87,48.85,47.41,53.82,21.38,63.25,44.6,27.66,29.41,55.8,52.35,32.76,15.81,43.68,19.42,39.56,23.77,39.45,43.42,42.45,51.74,52.8,47.89,36.72,1.41,11.7,25.94,16.03,11.18,0.0
