vehicles
vehicle_idx, capacity, cost_per_unit_distance
1,100,3
2,100,3
3,100,3
4,100,3
5,100,3
6,100,3
depot
node_idx,x,y
0,14,68
home delivery customers
node_idx,x,y,service_time,demand
1,58,98,10,9
2,18,98,10,9
3,24,79,10,14
4,17,28,10,3
5,78,63,10,8
6,2,28,10,18
7,87,1,10,8
8,83,27,10,13
9,58,32,10,18
10,38,37,10,24
11,43,62,10,14
12,12,24,10,4
13,48,53,10,8
14,98,77,10,14
15,34,12,10,18
self pickup customers
node_idx,x,y,service_time,demand,locker_idxs
16,13,47,10,24,51-45-44
17,37,44,10,9,50-45-44
18,34,63,10,19,48-45
19,33,42,10,18,46-47-49-48-45
20,72,67,10,14,46-45
21,42,48,10,8,46-45
22,1,2,10,13,48-45
23,32,82,10,4,46-45-44
24,97,38,10,24,48-44-45
25,53,84,10,3,50-45
26,63,59,10,8,48-45-44
27,38,23,10,13,48-51-50-44-45
28,88,94,10,9,47-45
29,58,78,10,13,46-45-44
flexible customers
node_idx,x,y,service_time,demand,locker_idxs
30,73,2,10,8,50-44-45
31,39,53,10,14,46-48-49-47-50-51-45
32,42,77,10,18,46-47-45-44
33,79,92,10,2,51-45
34,22,39,10,9,47-49-48-51-50-45-44
35,42,88,10,24,46-45-44
36,32,88,10,14,51-45-44
37,63,32,10,24,46-47-49-48-50-44
38,22,73,10,23,47-45
39,73,1,10,14,46-44
40,17,32,10,18,50-51-45-44
41,87,79,10,24,46-45
42,48,23,10,13,49-48-50-44-45
43,7,37,10,4,46-45
lockers
node_idx,x,y,service_time,capacity,cost_per_unit_good
44,93,12,10,73
45,22,88,10,92
46,55,53,10,85
47,46,52,10,100
48,47,43,10,95
49,47,49,10,87
50,41,40,10,71
51,38,49,10,89
mrt lines
start_node_idx,end_node_idx,freight_capacity,cost_per_unit_good
44,45,92,0.5
45,44,92,0.5
distance matrix
,0,1,2,3,4,5,6,7,8,9,10,11,12,13,14,15,16,17,18,19,20,21,22,23,24,25,26,27,28,29,30,31,32,33,34,35,36,37,38,39,40,41,42,43,44,45,46,47,48,49,50,51,
0,0.0,53.25,30.27,14.87,40.11,64.2,41.76,99.09,80.26,56.85,39.2,29.61,44.05,37.16,84.48,59.46,21.02,33.24,20.62,32.2,58.01,34.41,67.27,22.8,88.26,42.15,49.82,51.0,78.43,45.12,88.53,29.15,29.41,69.29,30.08,34.41,26.91,60.8,9.43,89.27,36.12,73.82,56.4,31.78,96.83,21.54,43.66,35.78,41.4,38.08,38.9,30.61
1,53.25,0.0,40.0,38.95,81.12,40.31,89.64,101.24,75.27,66.0,64.2,39.0,87.13,46.1,45.18,89.29,68.01,57.94,42.44,61.33,34.01,52.5,111.65,30.53,71.56,14.87,39.32,77.62,30.27,20.0,97.16,48.85,26.4,21.84,69.12,18.87,27.86,66.19,43.83,98.15,77.7,34.67,75.66,79.51,92.85,37.36,45.1,47.54,56.09,50.22,60.44,52.92
2,30.27,40.0,0.0,19.92,70.01,69.46,71.81,119.04,96.26,77.18,64.2,43.83,74.24,54.08,82.71,87.48,51.24,57.25,38.48,57.97,62.27,55.46,97.49,21.26,99.2,37.7,59.55,77.62,70.11,44.72,110.64,49.66,31.89,61.29,59.14,26.0,17.2,79.88,25.32,111.51,66.01,71.57,80.78,61.98,114.11,10.77,58.26,53.85,62.18,56.94,62.39,52.92
3,14.87,38.95,19.92,0.0,51.48,56.32,55.54,100.26,78.64,58.01,44.27,25.5,56.29,35.38,74.03,67.74,33.84,37.34,18.87,38.08,49.48,35.85,80.36,8.54,83.73,29.43,43.83,57.72,65.73,34.01,91.27,30.02,18.11,56.52,40.05,20.12,12.04,61.07,6.32,92.11,47.52,63.0,60.93,45.31,96.18,9.22,40.46,34.83,42.72,37.8,42.54,33.11
4,40.11,81.12,70.01,51.48,0.0,70.33,15.0,75.03,66.01,41.19,22.85,42.8,6.4,39.82,94.67,23.35,19.42,25.61,38.91,21.26,67.42,32.02,30.53,56.04,80.62,66.57,55.47,21.59,96.94,64.66,61.74,33.3,55.01,89.11,12.08,65.0,61.85,46.17,45.28,62.17,4.0,86.61,31.4,13.45,77.67,60.21,45.49,37.64,33.54,36.62,26.83,29.7
5,64.2,40.31,69.46,56.32,70.33,0.0,83.67,62.65,36.35,36.89,47.71,35.01,76.66,31.62,24.41,67.36,66.94,45.19,44.0,49.66,7.21,39.0,98.23,49.77,31.4,32.65,15.52,56.57,32.57,25.0,61.2,40.26,38.63,29.02,60.93,43.83,52.35,34.44,56.89,62.2,68.43,18.36,50.0,75.61,53.16,61.33,25.08,33.84,36.89,34.01,43.57,42.38
6,41.76,89.64,71.81,55.54,15.0,83.67,0.0,89.19,81.01,56.14,37.11,53.26,10.77,52.35,107.78,35.78,21.95,38.48,47.42,34.01,80.13,44.72,26.02,61.77,95.52,75.74,68.43,36.35,108.41,75.07,75.61,44.65,63.25,100.12,22.83,72.11,67.08,61.13,49.24,75.96,15.52,99.13,46.27,10.3,92.4,63.25,58.6,50.12,47.43,49.66,40.8,41.68
7,99.09,101.24,119.04,100.26,75.03,62.65,89.19,0.0,26.31,42.45,60.8,75.21,78.45,65.0,76.79,54.13,87.13,65.95,81.57,67.8,67.68,65.07,86.01,97.91,38.33,89.69,62.77,53.71,93.01,82.28,14.04,70.77,88.32,91.35,75.29,97.95,102.93,39.2,97.0,14.0,76.56,78.0,44.78,87.73,12.53,108.6,61.06,65.44,58.0,62.48,60.31,68.59
8,80.26,75.27,96.26,78.64,66.01,36.35,81.01,26.31,0.0,25.5,46.1,53.15,71.06,43.6,52.2,51.24,72.8,49.04,60.8,52.2,41.48,46.07,85.73,75.01,17.8,64.41,37.74,45.18,67.19,56.8,26.93,51.11,64.66,65.12,62.17,73.5,79.51,20.62,76.4,27.86,66.19,52.15,35.23,76.66,18.03,86.27,38.21,44.65,39.4,42.19,43.97,50.09
9,56.85,66.0,77.18,58.01,41.19,36.89,56.14,42.45,25.5,0.0,20.62,33.54,46.69,23.26,60.21,31.24,47.43,24.19,39.2,26.93,37.7,22.63,64.41,56.36,39.46,52.24,27.46,21.93,68.88,46.0,33.54,28.32,47.76,63.57,36.67,58.24,61.74,5.0,54.56,34.44,41.0,55.23,13.45,51.24,40.31,66.57,21.21,23.32,15.56,20.25,18.79,26.25
10,39.2,64.2,64.2,44.27,22.85,47.71,37.11,60.8,46.1,20.62,0.0,25.5,29.07,18.87,72.11,25.32,26.93,7.07,26.31,7.07,45.34,11.7,50.93,45.4,59.01,49.34,33.3,14.0,75.82,45.62,49.5,16.03,40.2,68.6,16.12,51.16,51.35,25.5,39.4,50.21,21.59,64.54,17.2,31.0,60.42,53.45,23.35,17.0,10.82,15.0,4.24,12.0
11,29.61,39.0,43.83,25.5,42.8,35.01,53.26,75.21,53.15,33.54,25.5,0.0,49.04,10.3,57.01,50.8,33.54,18.97,9.06,22.36,29.43,14.04,73.24,22.83,59.09,24.17,20.22,39.32,55.22,21.93,67.08,9.85,15.03,46.86,31.14,26.02,28.23,36.06,23.71,67.98,39.7,47.17,39.32,43.83,70.71,33.42,15.0,10.44,19.42,13.6,22.09,13.93
12,44.05,87.13,74.24,56.29,6.4,76.66,10.77,78.45,71.06,46.69,29.07,49.04,0.0,46.23,101.02,25.06,23.02,32.02,44.78,27.66,73.82,38.42,24.6,61.35,86.15,72.67,61.85,26.02,103.32,70.94,64.85,39.62,60.9,95.46,18.03,70.68,67.05,51.62,50.01,65.19,9.43,93.01,36.01,13.93,81.88,64.78,51.87,44.05,39.82,43.01,33.12,36.07
13,37.16,46.1,54.08,35.38,39.82,31.62,52.35,65.0,43.6,23.26,18.87,10.3,46.23,0.0,55.46,43.32,35.51,14.21,17.2,18.6,27.78,7.81,69.35,33.12,51.24,31.4,16.16,31.62,57.28,26.93,56.8,9.0,24.74,49.82,29.53,35.51,38.48,25.81,32.8,57.7,37.44,46.87,30.0,44.01,60.88,43.6,7.0,2.24,10.05,4.12,14.76,10.77
14,84.48,45.18,82.71,74.03,94.67,24.41,107.78,76.79,52.2,60.21,72.11,57.01,101.02,55.46,0.0,91.22,90.14,69.35,65.51,73.82,27.86,63.06,122.61,66.19,39.01,45.54,39.36,80.72,19.72,40.01,79.06,63.69,56.0,24.21,84.97,57.07,66.91,57.01,76.11,80.01,92.66,11.18,73.59,99.4,65.19,76.79,49.24,57.7,61.29,58.18,67.96,66.21
15,59.46,89.29,87.48,67.74,23.35,67.36,35.78,54.13,51.24,31.24,25.32,50.8,25.06,43.32,91.22,0.0,40.82,32.14,51.0,30.02,66.85,36.88,34.48,70.03,68.15,74.46,55.23,11.7,98.18,70.23,40.26,41.3,65.49,91.79,29.55,76.42,76.03,35.23,62.17,40.52,26.25,85.43,17.8,36.8,59.0,76.94,46.07,41.76,33.62,39.22,28.86,37.22
16,21.02,68.01,51.24,33.84,19.42,66.94,21.95,87.13,72.8,47.43,26.93,33.54,23.02,35.51,90.14,40.82,0.0,24.19,26.4,20.62,62.3,29.02,46.57,39.82,84.48,54.49,51.42,34.66,88.51,54.64,75.0,26.68,41.73,79.88,12.04,50.22,45.19,52.2,27.51,75.6,15.52,80.62,42.44,11.66,87.32,41.98,42.43,33.38,34.23,34.06,28.86,25.08
17,33.24,57.94,57.25,37.34,25.61,45.19,38.48,65.95,49.04,24.19,7.07,18.97,32.02,14.21,69.35,32.14,24.19,0.0,19.24,4.47,41.88,6.4,55.32,38.33,60.3,43.08,30.02,21.02,71.42,39.96,55.32,9.22,33.38,63.78,15.81,44.28,44.28,28.64,32.65,56.08,23.32,61.03,23.71,30.81,64.5,46.49,20.12,12.04,10.05,11.18,5.66,5.1
18,20.62,42.44,38.48,18.87,38.91,44.0,47.42,81.57,60.8,39.2,26.31,9.06,44.78,17.2,65.51,51.0,26.4,19.24,0.0,21.02,38.21,17.0,69.35,19.1,67.78,28.32,29.27,40.2,62.27,28.3,72.4,11.18,16.12,53.54,26.83,26.25,25.08,42.45,15.62,73.25,35.36,55.36,42.38,37.48,77.99,27.73,23.26,16.28,23.85,19.1,24.04,14.56
19,32.2,61.33,57.97,38.08,21.26,49.66,34.01,67.8,52.2,26.93,7.07,22.36,27.66,18.6,73.82,30.02,20.62,4.47,21.02,0.0,46.32,10.82,51.22,40.01,64.12,46.52,34.48,19.65,75.69,43.83,56.57,12.53,36.14,67.94,11.4,46.87,46.01,31.62,32.89,57.28,18.87,65.46,24.21,26.48,67.08,47.3,24.6,16.4,14.04,15.65,8.25,8.6
20,58.01,34.01,62.27,49.48,67.42,7.21,80.13,67.68,41.48,37.7,45.34,29.43,73.82,27.78,27.86,66.85,62.3,41.88,38.21,46.32,0.0,35.51,96.26,42.72,38.29,25.5,12.04,55.61,31.38,17.8,65.01,35.85,31.62,25.96,57.31,36.62,45.18,36.14,50.36,66.01,65.19,19.21,50.12,71.59,58.87,54.23,22.02,30.02,34.66,30.81,41.11,38.47
21,34.41,52.5,55.46,35.85,32.02,39.0,44.72,65.07,46.07,22.63,11.7,14.04,38.42,7.81,63.06,36.88,29.02,6.4,17.0,10.82,35.51,0.0,61.62,35.44,55.9,37.64,23.71,25.32,65.05,34.0,55.47,5.83,29.0,57.49,21.93,40.0,41.23,26.4,32.02,56.3,29.68,54.64,25.71,36.69,62.43,44.72,13.93,5.66,7.07,5.1,8.06,4.12
22,67.27,111.65,97.49,80.36,30.53,98.23,26.02,86.01,85.73,64.41,50.93,73.24,24.6,69.35,122.61,34.48,46.57,55.32,69.35,51.22,96.26,61.62,0.0,85.8,102.53,97.1,84.22,42.54,126.62,95.0,72.0,63.6,85.48,119.1,42.54,95.27,91.42,68.88,74.04,72.01,34.0,115.43,51.48,35.51,92.54,88.53,74.28,67.27,61.62,65.76,55.17,59.82
23,22.8,30.53,21.26,8.54,56.04,49.77,61.77,97.91,75.01,56.36,45.4,22.83,61.35,33.12,66.19,70.03,39.82,38.33,19.1,40.01,42.72,35.44,85.8,0.0,78.49,21.1,38.6,59.3,57.27,26.31,89.89,29.83,11.18,48.05,44.15,11.66,6.0,58.83,13.45,90.79,52.2,55.08,61.13,51.48,92.85,11.66,37.01,33.11,41.79,36.25,42.95,33.54
24,88.26,71.56,99.2,83.73,80.62,31.4,95.52,38.33,17.8,39.46,59.01,59.09,86.15,51.24,39.01,68.15,84.48,60.3,67.78,64.12,38.29,55.9,102.53,78.49,0.0,63.66,39.96,60.88,56.72,55.87,43.27,59.91,67.42,56.92,75.01,74.33,82.01,34.53,82.76,44.1,80.22,42.2,51.24,90.01,26.31,90.14,44.6,52.89,50.25,51.2,56.04,60.02
25,42.15,14.87,37.7,29.43,66.57,32.65,75.74,89.69,64.41,52.24,49.34,24.17,72.67,31.4,45.54,74.46,54.49,43.08,28.32,46.52,25.5,37.64,97.1,21.1,63.66,0.0,26.93,62.82,36.4,7.81,84.4,34.01,13.04,27.2,54.64,11.7,21.38,52.95,32.89,85.38,63.25,34.37,61.2,65.76,82.37,31.26,31.06,32.76,41.44,35.51,45.61,38.08
26,49.82,39.32,59.55,43.83,55.47,15.52,68.43,62.77,37.74,27.46,33.3,20.22,61.85,16.16,39.36,55.23,51.42,30.02,29.27,34.48,12.04,23.71,84.22,38.6,39.96,26.93,0.0,43.83,43.01,19.65,57.87,24.74,27.66,36.67,45.62,35.81,42.45,27.0,43.32,58.86,53.34,31.24,39.0,60.17,55.76,50.22,10.0,18.38,22.63,18.87,29.07,26.93
27,51.0,77.62,77.62,57.72,21.59,56.57,36.35,53.71,45.18,21.93,14.0,39.32,26.02,31.62,80.72,11.7,34.66,21.02,40.2,19.65,55.61,25.32,42.54,59.3,60.88,62.82,43.83,0.0,86.84,58.52,40.82,30.02,54.15,80.26,22.63,65.12,65.28,26.57,52.5,41.34,22.85,74.41,10.0,34.01,56.09,66.94,34.48,30.08,21.93,27.51,17.26,26.0
28,78.43,30.27,70.11,65.73,96.94,32.57,108.41,93.01,67.19,68.88,75.82,55.22,103.32,57.28,19.72,98.18,88.51,71.42,62.27,75.69,31.38,65.05,126.62,57.27,56.72,36.4,43.01,86.84,0.0,34.0,93.21,63.89,49.04,9.22,85.91,46.39,56.32,66.85,69.26,94.2,94.26,15.03,81.49,99.05,82.15,66.27,52.63,59.4,65.44,60.88,71.59,67.27
29,45.12,20.0,44.72,34.01,64.66,25.0,75.07,82.28,56.8,46.0,45.62,21.93,70.94,26.93,40.01,70.23,54.64,39.96,28.3,43.83,17.8,34.0,95.0,26.31,55.87,7.81,19.65,58.52,34.0,0.0,77.47,31.4,16.03,25.24,53.08,18.87,27.86,46.27,36.35,78.45,61.62,29.02,55.9,65.44,74.71,37.36,25.18,28.64,36.69,31.02,41.63,35.23
30,88.53,97.16,110.64,91.27,61.74,61.2,75.61,14.04,26.93,33.54,49.5,67.08,64.85,56.8,79.06,40.26,75.0,55.32,72.4,56.57,65.01,55.47,72.0,89.89,43.27,84.4,57.87,40.82,93.21,77.47,0.0,61.29,81.15,90.2,63.01,91.42,95.27,31.62,87.42,1.0,63.53,78.26,32.65,74.71,22.36,99.98,54.08,56.82,48.55,53.71,49.68,58.6
31,29.15,48.85,49.66,30.02,33.3,40.26,44.65,70.77,51.11,28.32,16.03,9.85,39.62,9.0,63.69,41.3,26.68,9.22,11.18,12.53,35.85,5.83,63.6,29.83,59.91,34.01,24.74,30.02,63.89,31.4,61.29,0.0,24.19,55.87,22.02,35.13,35.69,31.89,26.25,62.13,30.41,54.59,31.32,35.78,67.8,38.91,16.0,7.07,12.81,8.94,13.15,4.12
32,29.41,26.4,31.89,18.11,55.01,38.63,63.25,88.32,64.66,47.76,40.2,15.03,60.9,24.74,56.0,65.49,41.73,33.38,16.12,36.14,31.62,29.0,85.48,11.18,67.42,13.04,27.66,54.15,49.04,16.03,81.15,24.19,0.0,39.92,42.94,11.0,14.87,49.66,20.4,82.08,51.48,45.04,54.33,53.15,82.62,22.83,27.29,25.32,34.37,28.44,37.01,28.28
33,69.29,21.84,61.29,56.52,89.11,29.02,100.12,91.35,65.12,63.57,68.6,46.86,95.46,49.82,24.21,91.79,79.88,63.78,53.54,67.94,25.96,57.49,119.1,48.05,56.92,27.2,36.67,80.26,9.22,25.24,90.2,55.87,39.92,0.0,77.83,37.22,47.17,62.1,60.08,91.2,86.28,15.26,75.64,90.6,81.22,57.14,45.79,51.86,58.52,53.6,64.4,59.41
34,30.08,69.12,59.14,40.05,12.08,60.93,22.83,75.29,62.17,36.67,16.12,31.14,18.03,29.53,84.97,29.55,12.04,15.81,26.83,11.4,57.31,21.93,42.54,44.15,75.01,54.64,45.62,22.63,85.91,53.08,63.01,22.02,42.94,77.83,0.0,52.92,50.01,41.59,34.0,63.6,8.6,76.32,30.53,15.13,75.96,49.0,35.85,27.29,25.32,26.93,19.03,18.87
35,34.41,18.87,26.0,20.12,65.0,43.83,72.11,97.95,73.5,58.24,51.16,26.02,70.68,35.51,57.07,76.42,50.22,44.28,26.25,46.87,36.62,40.0,95.27,11.66,74.33,11.7,35.81,65.12,46.39,18.87,91.42,35.13,11.0,37.22,52.92,0.0,10.0,59.81,25.0,92.36,61.33,45.89,65.28,61.85,91.53,20.0,37.34,36.22,45.28,39.32,48.01,39.2
36,26.91,27.86,17.2,12.04,61.85,52.35,67.08,102.93,79.51,61.74,51.35,28.23,67.05,38.48,66.91,76.03,45.19,44.28,25.08,46.01,45.18,41.23,91.42,6.0,82.01,21.38,42.45,65.28,56.32,27.86,95.27,35.69,14.87,47.17,50.01,10.0,0.0,64.01,18.03,96.18,57.97,55.73,66.94,56.8,97.45,10.0,41.88,38.63,47.43,41.79,48.84,39.46
37,60.8,66.19,79.88,61.07,46.17,34.44,61.13,39.2,20.62,5.0,25.5,36.06,51.62,25.81,57.01,35.23,52.2,28.64,42.45,31.62,36.14,26.4,68.88,58.83,34.53,52.95,27.0,26.57,66.85,46.27,31.62,31.89,49.66,62.1,41.59,59.81,64.01,0.0,57.98,32.57,46.0,52.77,17.49,56.22,36.06,69.4,22.47,26.25,19.42,23.35,23.41,30.23
38,9.43,43.83,25.32,6.32,45.28,56.89,49.24,97.0,76.4,54.56,39.4,23.71,50.01,32.8,76.11,62.17,27.51,32.65,15.62,32.89,50.36,32.02,74.04,13.45,82.76,32.89,43.32,52.5,69.26,36.35,87.42,26.25,20.4,60.08,34.0,25.0,18.03,57.98,0.0,88.23,41.3,65.28,56.36,39.0,93.61,15.0,38.59,31.89,39.05,34.66,38.08,28.84
39,89.27,98.15,111.51,92.11,62.17,62.2,75.96,14.0,27.86,34.44,50.21,67.98,65.19,57.7,80.01,40.52,75.6,56.08,73.25,57.28,66.01,56.3,72.01,90.79,44.1,85.38,58.86,41.34,94.2,78.45,1.0,62.13,82.08,91.2,63.6,92.36,96.18,32.57,88.23,0.0,64.01,79.25,33.3,75.18,22.83,100.85,55.03,57.71,49.4,54.59,50.45,59.41
40,36.12,77.7,66.01,47.52,4.0,68.43,15.52,76.56,66.19,41.0,21.59,39.7,9.43,37.44,92.66,26.25,15.52,23.32,35.36,18.87,65.19,29.68,34.0,52.2,80.22,63.25,53.34,22.85,94.26,61.62,63.53,30.41,51.48,86.28,8.6,61.33,57.97,46.0,41.3,64.01,0.0,84.31,32.28,11.18,78.59,56.22,43.42,35.23,31.95,34.48,25.3,27.02
41,73.82,34.67,71.57,63.0,86.61,18.36,99.13,78.0,52.15,55.23,64.54,47.17,93.01,46.87,11.18,85.43,80.62,61.03,55.36,65.46,19.21,54.64,115.43,55.08,42.2,34.37,31.24,74.41,15.03,29.02,78.26,54.59,45.04,15.26,76.32,45.89,55.73,52.77,65.28,79.25,84.31,0.0,68.24,90.35,67.27,65.62,41.23,49.09,53.81,50.0,60.31,57.45
42,56.4,75.66,80.78,60.93,31.4,50.0,46.27,44.78,35.23,13.45,17.2,39.32,36.01,30.0,73.59,17.8,42.44,23.71,42.38,24.21,50.12,25.71,51.48,61.13,51.24,61.2,39.0,10.0,81.49,55.9,32.65,31.32,54.33,75.64,30.53,65.28,66.94,17.49,56.36,33.3,32.28,68.24,0.0,43.32,46.32,70.01,30.81,29.07,20.02,26.02,18.38,27.86
43,31.78,79.51,61.98,45.31,13.45,75.61,10.3,87.73,76.66,51.24,31.0,43.83,13.93,44.01,99.4,36.8,11.66,30.81,37.48,26.48,71.59,36.69,35.51,51.48,90.01,65.76,60.17,34.01,99.05,65.44,74.71,35.78,53.15,90.6,15.13,61.85,56.8,56.22,39.0,75.18,11.18,90.35,43.32,0.0,89.56,53.16,50.6,41.79,40.45,41.76,34.13,33.24
44,96.83,92.85,114.11,96.18,77.67,53.16,92.4,12.53,18.03,40.31,60.42,70.71,81.88,60.88,65.19,59.0,87.32,64.5,77.99,67.08,58.87,62.43,92.54,92.85,26.31,82.37,55.76,56.09,82.15,74.71,22.36,67.8,82.62,81.22,75.96,91.53,97.45,36.06,93.61,22.83,78.59,67.27,46.32,89.56,0.0,104.0,55.9,61.72,55.47,59.03,59.06,66.29
45,21.54,37.36,10.77,9.22,60.21,61.33,63.25,108.6,86.27,66.57,53.45,33.42,64.78,43.6,76.79,76.94,41.98,46.49,27.73,47.3,54.23,44.72,88.53,11.66,90.14,31.26,50.22,66.94,66.27,37.36,99.98,38.91,22.83,57.14,49.0,20.0,10.0,69.4,15.0,100.85,56.22,65.62,70.01,53.16,104.0,0.0,48.1,43.27,51.48,46.32,51.62,42.15
46,43.66,45.1,58.26,40.46,45.49,25.08,58.6,61.06,38.21,21.21,23.35,15.0,51.87,7.0,49.24,46.07,42.43,20.12,23.26,24.6,22.02,13.93,74.28,37.01,44.6,31.06,10.0,34.48,52.63,25.18,54.08,16.0,27.29,45.79,35.85,37.34,41.88,22.47,38.59,55.03,43.42,41.23,30.81,50.6,55.9,48.1,0.0,9.06,12.81,8.94,19.1,17.46
47,35.78,47.54,53.85,34.83,37.64,33.84,50.12,65.44,44.65,23.32,17.0,10.44,44.05,2.24,57.7,41.76,33.38,12.04,16.28,16.4,30.02,5.66,67.27,33.11,52.89,32.76,18.38,30.08,59.4,28.64,56.82,7.07,25.32,51.86,27.29,36.22,38.63,26.25,31.89,57.71,35.23,49.09,29.07,41.79,61.72,43.27,9.06,0.0,9.06,3.16,13.0,8.54
48,41.4,56.09,62.18,42.72,33.54,36.89,47.43,58.0,39.4,15.56,10.82,19.42,39.82,10.05,61.29,33.62,34.23,10.05,23.85,14.04,34.66,7.07,61.62,41.79,50.25,41.44,22.63,21.93,65.44,36.69,48.55,12.81,34.37,58.52,25.32,45.28,47.43,19.42,39.05,49.4,31.95,53.81,20.02,40.45,55.47,51.48,12.81,9.06,0.0,6.0,6.71,10.82
49,38.08,50.22,56.94,37.8,36.62,34.01,49.66,62.48,42.19,20.25,15.0,13.6,43.01,4.12,58.18,39.22,34.06,11.18,19.1,15.65,30.81,5.1,65.76,36.25,51.2,35.51,18.87,27.51,60.88,31.02,53.71,8.94,28.44,53.6,26.93,39.32,41.79,23.35,34.66,54.59,34.48,50.0,26.02,41.76,59.03,46.32,8.94,3.16,6.0,0.0,10.82,9.0
50,38.9,60.44,62.39,42.54,26.83,43.57,40.8,60.31,43.97,18.79,4.24,22.09,33.12,14.76,67.96,28.86,28.86,5.66,24.04,8.25,41.11,8.06,55.17,42.95,56.04,45.61,29.07,17.26,71.59,41.63,49.68,13.15,37.01,64.4,19.03,48.01,48.84,23.41,38.08,50.45,25.3,60.31,18.38,34.13,59.06,51.62,19.1,13.0,6.71,10.82,0.0,9.49
51,30.61,52.92,52.92,33.11,29.7,42.38,41.68,68.59,50.09,26.25,12.0,13.93,36.07,10.77,66.21,37.22,25.08,5.1,14.56,8.6,38.47,4.12,59.82,33.54,60.02,38.08,26.93,26.0,67.27,35.23,58.6,4.12,28.28,59.41,18.87,39.2,39.46,30.23,28.84,59.41,27.02,57.45,27.86,33.24,66.29,42.15,17.46,8.54,10.82,9.0,9.49,0.0
