vehicles
vehicle_idx, capacity, cost_per_unit_distance
1,100,1
2,100,1
3,100,1
4,100,1
5,100,1
6,100,1
7,100,1
depot
node_idx,x,y
0,75,55
home delivery customers
node_idx,x,y,service_time,demand
1,7,75,10,12
2,93,45,10,13
3,87,43,10,12
4,23,65,10,23
5,9,51,10,13
6,73,81,10,19
7,3,1,10,9
8,41,61,10,12
9,29,81,10,6
10,51,95,10,9
11,91,35,10,24
12,17,81,10,10
13,77,39,10,1
14,47,29,10,17
15,33,87,10,6
self pickup customers
node_idx,x,y,service_time,demand,locker_idxs
16,51,25,10,1,52
17,81,25,10,20,53-57-51
18,43,21,10,20,54-47
19,27,31,10,24,54
20,95,31,10,10,53
21,49,25,10,22,54-52-51-47
22,81,53,10,18,57
23,7,51,10,19,54
24,21,93,10,13,49
25,59,31,10,12,52-51
26,9,91,10,7,49
27,11,27,10,18,47
28,59,41,10,3,58
29,17,45,10,22,56-58
30,23,3,10,21,47
flexible customers
node_idx,x,y,service_time,demand,locker_idxs
31,77,1,10,26,51-48
32,59,37,10,2,58-52-51
33,35,53,10,7,56-58-52-54
34,77,63,10,10,50
35,37,13,10,15,47
36,37,51,10,7,56-58-54-52
37,21,5,10,20,47
38,61,69,10,4,46-50
39,27,97,10,20,49
40,83,23,10,15,53-57-51
41,27,53,10,3,54-52-58-56
42,67,1,10,23,51
43,3,89,10,13,49
44,91,41,10,20,53-57
45,97,61,10,2,55
lockers
node_idx,x,y,service_time,capacity,cost_per_unit_good
46,65,88,10,93
47,25,15,10,94
48,93,12,10,82
49,22,88,10,81
50,77,88,10,91
51,72,14,10,97
52,42,46,10,96
53,88,20,10,82
54,29,37,10,83
55,110,74,10,88
56,27,54,10,100
57,85,32,10,83
58,36,50,10,87
mrt lines
start_node_idx,end_node_idx,freight_capacity,cost_per_unit_good
46,47,94,0.5
47,46,94,0.5
distance matrix
,0,1,2,3,4,5,6,7,8,9,10,11,12,13,14,15,16,17,18,19,20,21,22,23,24,25,26,27,28,29,30,31,32,33,34,35,36,37,38,39,40,41,42,43,44,45,46,47,48,49,50,51,52,53,54,55,56,57,58,
0,0.0,70.88,20.59,16.97,52.95,66.12,26.08,90.0,34.53,52.84,46.65,25.61,63.56,16.12,38.21,52.8,38.42,30.59,46.69,53.67,31.24,39.7,6.32,68.12,66.03,28.84,75.18,69.86,21.26,58.86,73.54,54.04,24.08,40.05,8.25,56.64,38.21,73.59,19.8,63.78,32.98,48.04,54.59,79.62,21.26,22.8,34.48,64.03,46.62,62.43,33.06,41.11,34.21,37.34,49.4,39.82,48.01,25.08,39.32
1,70.88,0.0,91.08,86.16,18.87,24.08,66.27,74.11,36.77,22.8,48.33,93.04,11.66,78.71,60.96,28.64,66.6,89.31,64.9,48.33,98.39,65.3,77.2,24.0,22.8,68.12,16.12,48.17,62.13,31.62,73.76,101.86,64.4,35.61,71.02,68.88,38.42,71.39,54.33,29.73,92.09,29.73,95.27,14.56,90.62,91.08,59.44,62.64,106.61,19.85,71.2,89.14,45.45,97.91,43.91,103.0,29.0,89.07,38.29
2,20.59,91.08,0.0,6.32,72.8,84.21,41.18,100.18,54.41,73.43,65.3,10.2,84.1,17.09,48.7,73.24,46.52,23.32,55.46,67.47,14.14,48.33,14.42,86.21,86.53,36.77,95.77,83.95,34.23,76.0,81.63,46.82,34.93,58.55,24.08,64.5,56.32,82.37,40.0,84.02,24.17,66.48,51.11,100.18,4.47,16.49,51.31,74.32,33.0,83.01,45.88,37.44,51.01,25.5,64.5,33.62,66.61,15.26,57.22
3,16.97,86.16,6.32,0.0,67.68,78.41,40.5,93.91,49.4,69.34,63.25,8.94,79.65,10.77,42.38,69.66,40.25,18.97,49.19,61.19,14.42,42.05,11.66,80.4,82.8,30.46,91.59,77.67,28.07,70.03,75.47,43.17,28.64,52.95,22.36,58.31,50.64,76.16,36.77,80.72,20.4,60.83,46.52,95.77,4.47,20.59,50.09,68.03,31.58,79.06,46.1,32.65,45.1,23.02,58.31,38.6,61.0,11.18,51.48
4,52.95,18.87,72.8,67.68,0.0,19.8,52.5,67.05,18.44,17.09,41.04,74.32,17.09,59.93,43.27,24.17,48.83,70.46,48.33,34.23,79.62,47.71,59.23,21.26,28.07,49.52,29.53,39.85,43.27,20.88,62.0,83.74,45.61,16.97,54.04,53.85,19.8,60.03,38.21,32.25,73.24,12.65,77.67,31.24,72.11,74.11,47.89,50.04,87.8,23.02,58.69,70.72,26.87,79.06,28.64,87.46,11.7,70.24,19.85
5,66.12,24.08,84.21,78.41,19.8,0.0,70.68,50.36,33.53,36.06,60.83,83.55,31.05,69.05,43.91,43.27,49.4,76.55,45.34,26.91,88.29,47.71,72.03,2.0,43.68,53.85,40.0,24.08,50.99,10.0,50.0,84.4,51.92,26.08,69.05,47.2,28.0,47.54,55.03,49.4,79.12,18.11,76.58,38.47,82.61,88.57,67.12,39.4,92.61,39.22,77.41,73.06,33.38,84.86,24.41,103.59,18.25,78.34,27.02
6,26.08,66.27,41.18,40.5,52.5,70.68,0.0,106.3,37.74,44.0,26.08,49.4,56.0,42.19,58.14,40.45,60.17,56.57,67.08,67.94,54.63,60.93,29.12,72.5,53.37,51.92,64.78,82.22,42.38,66.57,92.65,80.1,46.17,47.2,18.44,76.94,46.86,92.09,16.97,48.7,58.86,53.85,80.22,70.46,43.86,31.24,10.63,81.61,71.84,51.48,8.06,67.01,46.75,62.82,62.23,37.66,53.34,50.45,48.27
7,90.0,74.11,100.18,93.91,67.05,50.36,106.3,0.0,71.02,84.12,105.55,94.34,81.22,83.19,52.15,91.08,53.67,81.61,44.72,38.42,96.77,51.88,93.74,50.16,93.74,63.53,90.2,27.2,68.82,46.17,20.1,74.0,66.57,61.06,96.54,36.06,60.46,18.44,89.38,98.95,82.97,57.27,64.0,88.0,96.66,111.52,106.83,26.08,90.67,89.05,114.21,70.21,59.55,87.1,44.41,129.53,58.18,87.66,59.08
8,34.53,36.77,54.41,49.4,18.44,33.53,37.74,71.02,0.0,23.32,35.44,56.36,31.24,42.19,32.56,27.2,37.36,53.81,40.05,33.11,61.77,36.88,40.79,35.44,37.74,34.99,43.86,45.34,26.91,28.84,60.73,69.97,30.0,10.0,36.06,48.17,10.77,59.46,21.54,38.63,56.64,16.12,65.39,47.2,53.85,56.0,36.12,48.7,71.45,33.02,45.0,56.3,15.03,62.37,26.83,70.21,15.65,52.7,12.08
9,52.84,22.8,73.43,69.34,17.09,36.06,44.0,84.12,23.32,0.0,26.08,77.2,12.0,63.78,55.03,7.21,60.17,76.42,61.61,50.04,82.8,59.46,59.06,37.2,14.42,58.31,22.36,56.92,50.0,37.95,78.23,93.3,53.25,28.64,51.26,68.47,31.05,76.42,34.18,16.12,79.25,28.07,88.57,27.2,73.78,70.88,36.67,66.12,94.11,9.9,48.51,79.61,37.34,84.86,44.0,81.3,27.07,74.41,31.78
10,46.65,48.33,65.3,63.25,41.04,60.83,26.08,105.55,35.44,26.08,0.0,72.11,36.77,61.74,66.12,19.7,70.0,76.16,74.43,68.35,77.67,70.03,51.61,62.23,30.07,64.5,42.19,78.89,54.59,60.46,96.17,97.53,58.55,44.94,41.23,83.19,46.17,94.87,27.86,24.08,78.79,48.37,95.35,48.37,67.2,57.2,15.65,84.12,93.02,29.83,26.93,83.68,49.82,83.63,62.03,62.63,47.51,71.59,47.43
11,25.61,93.04,10.2,8.94,74.32,83.55,49.4,94.34,56.36,77.2,72.11,0.0,87.13,14.56,44.41,77.9,41.23,14.14,50.0,64.12,5.66,43.17,20.59,85.51,90.91,32.25,99.3,80.4,32.56,74.67,75.15,36.77,32.06,58.82,31.3,58.31,56.32,76.16,45.34,89.11,14.42,66.48,41.62,103.25,6.0,26.68,59.03,68.96,23.09,87.01,54.82,28.32,50.22,15.3,62.03,43.38,66.76,6.71,57.01
12,63.56,11.66,84.1,79.65,17.09,31.05,56.0,81.22,31.24,12.0,36.77,87.13,0.0,73.24,60.03,17.09,65.51,85.04,65.39,50.99,92.65,64.5,69.86,31.62,12.65,65.3,12.81,54.33,58.0,36.0,78.23,100.0,60.83,33.29,62.64,70.88,36.06,76.11,45.61,18.87,87.86,29.73,94.34,16.12,84.12,82.46,48.51,66.48,102.65,8.6,60.41,86.68,43.01,93.61,45.61,93.26,28.79,83.82,36.36
13,16.12,78.71,17.09,10.77,59.93,69.05,42.19,83.19,42.19,63.78,61.74,14.56,73.24,0.0,31.62,65.12,29.53,14.56,38.47,50.64,19.7,31.3,14.56,71.02,77.79,19.7,85.6,67.08,18.11,60.3,64.9,38.0,18.11,44.27,24.0,47.71,41.76,65.51,34.0,76.58,17.09,51.92,39.29,89.31,14.14,29.73,50.45,57.27,31.38,73.66,49.0,25.5,35.69,21.95,48.04,48.1,52.2,10.63,42.45
14,38.21,60.96,48.7,42.38,43.27,43.91,58.14,52.15,32.56,55.03,66.12,44.41,60.03,31.62,0.0,59.67,5.66,34.23,8.94,20.1,48.04,4.47,41.62,45.65,69.08,12.17,72.72,36.06,16.97,34.0,35.38,41.04,14.42,26.83,45.34,18.87,24.17,35.38,42.38,70.88,36.5,31.24,34.41,74.4,45.61,59.36,61.68,26.08,49.04,64.08,66.19,29.15,17.72,41.98,19.7,77.42,32.02,38.12,23.71
15,52.8,28.64,73.24,69.66,24.17,43.27,40.45,91.08,27.2,7.21,19.7,77.9,17.09,65.12,59.67,0.0,64.56,78.41,66.75,56.32,83.55,64.03,58.82,44.41,13.42,61.74,24.33,63.91,52.84,44.94,84.59,96.6,56.36,34.06,50.12,74.11,36.22,82.87,33.29,11.66,81.22,34.53,92.48,30.07,74.03,69.08,32.02,72.44,96.05,11.05,44.01,82.76,41.98,86.68,50.16,78.09,33.54,75.69,37.12
16,38.42,66.6,46.52,40.25,48.83,49.4,60.17,53.67,37.36,60.17,70.0,41.23,65.51,29.53,5.66,64.56,0.0,30.0,8.94,24.74,44.41,2.0,41.04,51.11,74.32,10.0,78.23,40.05,17.89,39.45,35.61,35.38,14.42,32.25,46.04,18.44,29.53,36.06,45.12,75.89,32.06,36.88,28.84,80.0,43.08,58.41,64.54,27.86,43.97,69.35,68.15,23.71,22.85,37.34,25.06,76.69,37.64,34.71,29.15
17,30.59,89.31,23.32,18.97,70.46,76.55,56.57,81.61,53.81,76.42,76.16,14.14,85.04,14.56,34.23,78.41,30.0,0.0,38.21,54.33,15.23,32.0,28.0,78.43,90.69,22.8,97.67,70.03,27.2,67.05,62.03,24.33,25.06,53.85,38.21,45.61,51.11,63.25,48.33,90.0,2.83,60.83,27.78,100.9,18.87,39.4,65.0,56.89,17.69,86.31,63.13,14.21,44.29,8.6,53.37,56.94,61.29,8.06,51.48
18,46.69,64.9,55.46,49.19,48.33,45.34,67.08,44.72,40.05,61.61,74.43,50.0,65.39,38.47,8.94,66.75,8.94,38.21,0.0,18.87,52.95,7.21,49.68,46.86,75.29,18.87,77.82,32.56,25.61,35.38,26.91,39.45,22.63,32.98,54.04,10.0,30.59,27.2,51.26,77.67,40.05,35.78,31.24,78.89,52.0,67.2,70.52,18.97,50.8,70.21,75.13,29.83,25.02,45.01,21.26,85.43,36.67,43.42,29.83
19,53.67,48.33,67.47,61.19,34.23,26.91,67.94,38.42,33.11,50.04,68.35,64.12,50.99,50.64,20.1,56.32,24.74,54.33,18.87,0.0,68.0,22.8,58.31,28.28,62.29,32.0,62.64,16.49,33.53,17.2,28.28,58.31,32.56,23.41,59.36,20.59,22.36,26.68,50.99,66.0,56.57,22.0,50.0,62.77,64.78,76.16,68.51,16.12,68.68,57.22,75.82,48.1,21.21,61.98,6.32,93.48,23.0,58.01,21.02
20,31.24,98.39,14.14,14.42,79.62,88.29,54.63,96.77,61.77,82.8,77.67,5.66,92.65,19.7,48.04,83.55,44.41,15.23,52.95,68.0,0.0,46.39,26.08,90.24,96.54,36.0,104.86,84.1,37.36,79.25,77.25,34.99,36.5,63.91,36.72,60.73,61.35,78.43,50.99,94.76,14.42,71.47,41.04,108.76,10.77,30.07,64.41,71.81,19.1,92.62,59.77,28.6,55.08,13.04,66.27,45.54,71.78,10.05,61.98
21,39.7,65.3,48.33,42.05,47.71,47.71,60.93,51.88,36.88,59.46,70.03,43.17,64.5,31.3,4.47,64.03,2.0,32.0,7.21,22.8,46.39,0.0,42.52,49.4,73.54,11.66,77.18,38.05,18.87,37.74,34.06,36.88,15.62,31.3,47.2,16.97,28.64,34.41,45.61,75.29,34.06,35.61,30.0,78.82,44.94,60.0,65.0,26.0,45.88,68.54,68.94,25.5,22.14,39.32,23.32,78.24,36.4,36.67,28.18
22,6.32,77.2,14.42,11.66,59.23,72.03,29.12,93.74,40.79,59.06,51.61,20.59,69.86,14.56,41.62,58.82,41.04,28.0,49.68,58.31,26.08,42.52,0.0,74.03,72.11,31.11,81.41,74.67,25.06,64.5,76.58,52.15,27.2,46.0,10.77,59.46,44.05,76.84,25.61,69.66,30.07,54.0,53.85,85.91,15.62,17.89,38.48,67.68,42.72,68.6,35.23,40.02,39.62,33.73,54.41,35.81,54.01,21.38,45.1
23,68.12,24.0,86.21,80.4,21.26,2.0,72.5,50.16,35.44,37.2,62.23,85.51,31.62,71.02,45.65,44.41,51.11,78.43,46.86,28.28,90.24,49.4,74.03,0.0,44.27,55.71,40.05,24.33,52.95,11.66,50.6,86.02,53.85,28.07,71.02,48.41,30.0,48.08,56.92,50.16,80.99,20.1,78.1,38.21,84.59,90.55,68.8,40.25,94.43,39.92,79.18,74.79,35.36,86.73,26.08,105.54,20.22,80.28,29.02
24,66.03,22.8,86.53,82.8,28.07,43.68,53.37,93.74,37.74,14.42,30.07,90.91,12.65,77.79,69.08,13.42,74.32,90.69,75.29,62.29,96.54,73.54,72.11,44.27,0.0,72.72,12.17,66.75,64.4,48.17,90.02,107.7,67.68,42.38,63.53,81.58,44.94,88.0,46.65,7.21,93.51,40.45,102.86,18.44,87.2,82.46,44.28,78.1,108.37,5.1,56.22,94.03,51.48,99.09,56.57,91.01,39.46,88.41,45.54
25,28.84,68.12,36.77,30.46,49.52,53.85,51.92,63.53,34.99,58.31,64.5,32.25,65.3,19.7,12.17,61.74,10.0,22.8,18.87,32.0,36.0,11.66,31.11,55.71,72.72,0.0,78.1,48.17,10.0,44.27,45.61,34.99,6.0,32.56,36.72,28.43,29.73,46.04,38.05,73.35,25.3,38.83,31.05,80.62,33.53,48.41,57.31,37.58,38.95,67.96,59.77,21.4,22.67,31.02,30.59,66.71,39.41,26.02,29.83
26,75.18,16.12,95.77,91.59,29.53,40.0,64.78,90.2,43.86,22.36,42.19,99.3,12.81,85.6,72.72,24.33,78.23,97.67,77.82,62.64,104.86,77.18,81.41,40.05,12.17,78.1,0.0,64.03,70.71,46.69,89.11,112.8,73.59,46.04,73.54,82.87,48.83,86.83,56.46,18.97,100.5,42.05,107.07,6.32,96.04,92.97,56.08,77.67,115.31,13.34,68.07,99.49,55.8,106.22,57.58,102.42,41.15,96.21,49.09
27,69.86,48.17,83.95,77.67,39.85,24.08,82.22,27.2,45.34,56.92,78.89,80.4,54.33,67.08,36.06,63.91,40.05,70.03,32.56,16.49,84.1,38.05,74.67,24.33,66.75,48.17,64.03,0.0,50.0,18.97,26.83,70.94,49.03,35.38,75.18,29.53,35.38,24.17,65.3,71.81,72.11,30.53,61.74,62.51,81.22,92.48,81.47,18.44,83.36,61.98,89.87,62.37,36.36,77.32,20.59,109.59,31.38,74.17,33.97
28,21.26,62.13,34.23,28.07,43.27,50.99,42.38,68.82,26.91,50.0,54.59,32.56,58.0,18.11,16.97,52.84,17.89,27.2,25.61,33.53,37.36,18.87,25.06,52.95,64.4,10.0,70.71,50.0,0.0,42.19,52.35,43.86,4.0,26.83,28.43,35.61,24.17,52.35,28.07,64.5,30.0,34.18,40.79,73.76,32.0,42.94,47.38,42.8,44.69,59.82,50.33,29.97,17.72,35.81,30.27,60.75,34.54,27.51,24.7
29,58.86,31.62,76.0,70.03,20.88,10.0,66.57,46.17,28.84,37.95,60.46,74.67,36.0,60.3,34.0,44.94,39.45,67.05,35.38,17.2,79.25,37.74,64.5,11.66,48.17,44.27,46.69,18.97,42.19,0.0,42.43,74.4,42.76,19.7,62.64,37.74,20.88,40.2,50.12,52.95,69.57,12.81,66.6,46.17,74.11,81.58,64.44,31.05,82.86,43.29,73.82,63.13,25.02,75.27,14.42,97.42,13.45,69.23,19.65
30,73.54,73.76,81.63,75.47,62.0,50.0,92.65,20.1,60.73,78.23,96.17,75.15,78.23,64.9,35.38,84.59,35.61,62.03,26.91,28.28,77.25,34.06,76.58,50.6,90.02,45.61,89.11,26.83,52.35,42.43,0.0,54.04,49.52,51.42,80.72,17.2,50.0,2.83,76.16,94.09,63.25,50.16,44.05,88.29,77.9,94.02,94.81,12.17,70.58,85.01,100.7,50.22,47.01,67.19,34.53,112.29,51.16,68.45,48.76
31,54.04,101.86,46.82,43.17,83.74,84.4,80.1,74.0,69.97,93.3,97.53,36.77,100.0,38.0,41.04,96.6,35.38,24.33,39.45,58.31,34.99,36.88,52.15,86.02,107.7,34.99,112.8,70.94,43.86,74.4,54.04,0.0,40.25,66.84,62.0,41.76,64.03,56.14,69.86,108.24,22.8,72.14,10.0,114.98,42.38,63.25,87.82,53.85,19.42,102.93,87.0,13.93,57.01,21.95,60.0,80.11,72.86,32.02,63.89
32,24.08,64.4,34.93,28.64,45.61,51.92,46.17,66.57,30.0,53.25,58.55,32.06,60.83,18.11,14.42,56.36,14.42,25.06,22.63,32.56,36.5,15.62,27.2,53.85,67.68,6.0,73.59,49.03,4.0,42.76,49.52,40.25,0.0,28.84,31.62,32.56,26.08,49.68,32.06,68.0,27.78,35.78,36.88,76.42,32.25,44.94,51.35,40.5,42.2,63.01,54.08,26.42,19.24,33.62,30.0,63.01,36.24,26.48,26.42
33,40.05,35.61,58.55,52.95,16.97,26.08,47.2,61.06,10.0,28.64,44.94,58.82,33.29,44.27,26.83,34.06,32.25,53.85,32.98,23.41,63.91,31.3,46.0,28.07,42.38,32.56,46.04,35.38,26.83,19.7,51.42,66.84,28.84,0.0,43.17,40.05,2.83,50.0,30.53,44.72,56.6,8.0,61.06,48.17,57.27,62.51,46.1,39.29,71.03,37.34,54.67,53.76,9.9,62.43,17.09,77.88,8.06,54.23,3.16
34,8.25,71.02,24.08,22.36,54.04,69.05,18.44,96.54,36.06,51.26,41.23,31.3,62.64,24.0,45.34,50.12,46.04,38.21,54.04,59.36,36.72,47.2,10.77,71.02,63.53,36.72,73.54,75.18,28.43,62.64,80.72,62.0,31.62,43.17,0.0,64.03,41.76,80.62,17.09,60.46,40.45,50.99,62.8,78.43,26.08,20.1,27.73,70.77,53.45,60.42,25.0,49.25,38.91,44.38,54.59,34.79,50.8,32.02,43.01
35,56.64,68.88,64.5,58.31,53.85,47.2,76.94,36.06,48.17,68.47,83.19,58.31,70.88,47.71,18.87,74.11,18.44,45.61,10.0,20.59,60.73,16.97,59.46,48.41,81.58,28.43,82.87,29.53,35.61,37.74,17.2,41.76,32.56,40.05,64.03,0.0,38.0,17.89,60.93,84.59,47.07,41.23,32.31,83.26,60.83,76.84,80.06,12.17,56.01,76.49,85.0,35.01,33.38,51.48,25.3,95.13,42.2,51.62,37.01
36,38.21,38.42,56.32,50.64,19.8,28.0,46.86,60.46,10.77,31.05,46.17,56.32,36.06,41.76,24.17,36.22,29.53,51.11,30.59,22.36,61.35,28.64,44.05,30.0,44.94,29.73,48.83,35.38,24.17,20.88,50.0,64.03,26.08,2.83,41.76,38.0,0.0,48.7,30.0,47.07,53.85,10.2,58.31,50.99,54.92,60.83,46.4,37.95,68.24,39.92,54.49,50.93,7.07,59.68,16.12,76.54,10.44,51.62,1.41
37,73.59,71.39,82.37,76.16,60.03,47.54,92.09,18.44,59.46,76.42,94.87,76.16,76.11,65.51,35.38,82.87,36.06,63.25,27.2,26.68,78.43,34.41,76.84,48.08,88.0,46.04,86.83,24.17,52.35,40.2,2.83,56.14,49.68,50.0,80.62,17.89,48.7,0.0,75.47,92.2,64.56,48.37,46.17,85.91,78.71,94.4,93.94,10.77,72.34,83.01,100.12,51.79,46.07,68.66,32.98,112.61,49.37,69.46,47.43
38,19.8,54.33,40.0,36.77,38.21,55.03,16.97,89.38,21.54,34.18,27.86,45.34,45.61,34.0,42.38,33.29,45.12,48.33,51.26,50.99,50.99,45.61,25.61,56.92,46.65,38.05,56.46,65.3,28.07,50.12,76.16,69.86,32.06,30.53,17.09,60.93,30.0,75.47,0.0,44.05,50.99,37.58,68.26,61.35,41.04,36.88,19.42,64.9,65.37,43.38,24.84,56.09,29.83,55.95,45.25,49.25,37.16,44.1,31.4
39,63.78,29.73,84.02,80.72,32.25,49.4,48.7,98.95,38.63,16.12,24.08,89.11,18.87,76.58,70.88,11.66,75.89,90.0,77.67,66.0,94.76,75.29,69.66,50.16,7.21,73.35,18.97,71.81,64.5,52.95,94.09,108.24,68.0,44.72,60.46,84.59,47.07,92.2,44.05,0.0,92.8,44.0,104.0,25.3,85.04,78.71,39.05,82.02,107.62,10.3,50.8,94.41,53.16,98.23,60.03,86.13,43.0,87.11,47.85
40,32.98,92.09,24.17,20.4,73.24,79.12,58.86,82.97,56.64,79.25,78.79,14.42,87.86,17.09,36.5,81.22,32.06,2.83,40.05,56.57,14.42,34.06,30.07,80.99,93.51,25.3,100.5,72.11,30.0,69.57,63.25,22.8,27.78,56.6,40.45,47.07,53.85,64.56,50.99,92.8,0.0,63.53,27.2,103.71,19.7,40.5,67.45,58.55,14.87,89.14,65.28,14.21,47.01,5.83,55.79,57.71,64.01,9.22,54.2
41,48.04,29.73,66.48,60.83,12.65,18.11,53.85,57.27,16.12,28.07,48.37,66.48,29.73,51.92,31.24,34.53,36.88,60.83,35.78,22.0,71.47,35.61,54.0,20.1,40.45,38.83,42.05,30.53,34.18,12.81,50.16,72.14,35.78,8.0,50.99,41.23,10.2,48.37,37.58,44.0,63.53,0.0,65.6,43.27,65.12,70.46,51.66,38.05,77.7,35.36,61.03,59.55,16.55,69.35,16.12,85.62,1.0,61.68,9.49
42,54.59,95.27,51.11,46.52,77.67,76.58,80.22,64.0,65.39,88.57,95.35,41.62,94.34,39.29,34.41,92.48,28.84,27.78,31.24,50.0,41.04,30.0,53.85,78.1,102.86,31.05,107.07,61.74,40.79,66.6,44.05,10.0,36.88,61.06,62.8,32.31,58.31,46.17,68.26,104.0,27.2,65.6,0.0,108.81,46.65,67.08,87.02,44.27,28.23,97.95,87.57,13.93,51.48,28.32,52.35,84.72,66.4,35.85,57.98
43,79.62,14.56,100.18,95.77,31.24,38.47,70.46,88.0,47.2,27.2,48.37,103.25,16.12,89.31,74.4,30.07,80.0,100.9,78.89,62.77,108.76,78.82,85.91,38.21,18.44,80.62,6.32,62.51,73.76,46.17,88.29,114.98,76.42,48.17,78.43,83.26,50.99,85.91,61.35,25.3,103.71,43.27,108.81,0.0,100.24,98.08,62.01,77.2,118.44,19.03,74.01,101.91,58.05,109.48,58.14,108.05,42.44,99.86,51.09
44,21.26,90.62,4.47,4.47,72.11,82.61,43.86,96.66,53.85,73.78,67.2,6.0,84.12,14.14,45.61,74.03,43.08,18.87,52.0,64.78,10.77,44.94,15.62,84.59,87.2,33.53,96.04,81.22,32.0,74.11,77.9,42.38,32.25,57.27,26.08,60.83,54.92,78.71,41.04,85.04,19.7,65.12,46.65,100.24,0.0,20.88,53.71,70.94,29.07,83.49,49.04,33.02,49.25,21.21,62.13,38.08,65.31,10.82,55.73
45,22.8,91.08,16.49,20.59,74.11,88.57,31.24,111.52,56.0,70.88,57.2,26.68,82.46,29.73,59.36,69.08,58.41,39.4,67.2,76.16,30.07,60.0,17.89,90.55,82.46,48.41,92.97,92.48,42.94,81.58,94.02,63.25,44.94,62.51,20.1,76.84,60.83,94.4,36.88,78.71,40.5,70.46,67.08,98.08,20.88,0.0,41.87,85.44,49.16,79.71,33.6,53.24,57.01,41.98,72.11,18.38,70.35,31.38,61.98
46,34.48,59.44,51.31,50.09,47.89,67.12,10.63,106.83,36.12,36.67,15.65,59.03,48.51,50.45,61.68,32.02,64.54,65.0,70.52,68.51,64.41,65.0,38.48,68.8,44.28,57.31,56.08,81.47,47.38,64.44,94.81,87.82,51.35,46.1,27.73,80.06,46.4,93.94,19.42,39.05,67.45,51.66,87.02,62.01,53.71,41.87,0.0,83.24,80.99,43.0,12.0,74.33,47.89,71.78,62.43,47.13,50.99,59.46,47.8
47,64.03,62.64,74.32,68.03,50.04,39.4,81.61,26.08,48.7,66.12,84.12,68.96,66.48,57.27,26.08,72.44,27.86,56.89,18.97,16.12,71.81,26.0,67.68,40.25,78.1,37.58,77.67,18.44,42.8,31.05,12.17,53.85,40.5,39.29,70.77,12.17,37.95,10.77,64.9,82.02,58.55,38.05,44.27,77.2,70.94,85.44,83.24,0.0,68.07,73.06,89.63,47.01,35.36,63.2,22.36,103.47,39.05,62.36,36.69
48,46.62,106.61,33.0,31.58,87.8,92.61,71.84,90.67,71.45,94.11,93.02,23.09,102.65,31.38,49.04,96.05,43.97,17.69,50.8,68.68,19.1,45.88,42.72,94.43,108.37,38.95,115.31,83.36,44.69,82.86,70.58,19.42,42.2,71.03,53.45,56.01,68.24,72.34,65.37,107.62,14.87,77.7,28.23,118.44,29.07,49.16,80.99,68.07,0.0,104.0,77.67,21.1,61.29,9.43,68.71,64.29,78.23,21.54,68.51
49,62.43,19.85,83.01,79.06,23.02,39.22,51.48,89.05,33.02,9.9,29.83,87.01,8.6,73.66,64.08,11.05,69.35,86.31,70.21,57.22,92.62,68.54,68.6,39.92,5.1,67.96,13.34,61.98,59.82,43.29,85.01,102.93,63.01,37.34,60.42,76.49,39.92,83.01,43.38,10.3,89.14,35.36,97.95,19.03,83.49,79.71,43.0,73.06,104.0,0.0,55.0,89.31,46.52,94.76,51.48,89.11,34.37,84.29,40.5
50,33.06,71.2,45.88,46.1,58.69,77.41,8.06,114.21,45.0,48.51,26.93,54.82,60.41,49.0,66.19,44.01,68.15,63.13,75.13,75.82,59.77,68.94,35.23,79.18,56.22,59.77,68.07,89.87,50.33,73.82,100.7,87.0,54.08,54.67,25.0,85.0,54.49,100.12,24.84,50.8,65.28,61.03,87.57,74.01,49.04,33.6,12.0,89.63,77.67,55.0,0.0,74.17,54.67,68.88,70.04,35.85,60.46,56.57,55.9
51,41.11,89.14,37.44,32.65,70.72,73.06,67.01,70.21,56.3,79.61,83.68,28.32,86.68,25.5,29.15,82.76,23.71,14.21,29.83,48.1,28.6,25.5,40.02,74.79,94.03,21.4,99.49,62.37,29.97,63.13,50.22,13.93,26.42,53.76,49.25,35.01,50.93,51.79,56.09,94.41,14.21,59.55,13.93,101.91,33.02,53.24,74.33,47.01,21.1,89.31,74.17,0.0,43.86,17.09,48.76,71.02,60.21,22.2,50.91
52,34.21,45.45,51.01,45.1,26.87,33.38,46.75,59.55,15.03,37.34,49.82,50.22,43.01,35.69,17.72,41.98,22.85,44.29,25.02,21.21,55.08,22.14,39.62,35.36,51.48,22.67,55.8,36.36,17.72,25.02,47.01,57.01,19.24,9.9,38.91,33.38,7.07,46.07,29.83,53.16,47.01,16.55,51.48,58.05,49.25,57.01,47.89,35.36,61.29,46.52,54.67,43.86,0.0,52.84,15.81,73.54,17.0,45.22,7.21
53,37.34,97.91,25.5,23.02,79.06,84.86,62.82,87.1,62.37,84.86,83.63,15.3,93.61,21.95,41.98,86.68,37.34,8.6,45.01,61.98,13.04,39.32,33.73,86.73,99.09,31.02,106.22,77.32,35.81,75.27,67.19,21.95,33.62,62.43,44.38,51.48,59.68,68.66,55.95,98.23,5.83,69.35,28.32,109.48,21.21,41.98,71.78,63.2,9.43,94.76,68.88,17.09,52.84,0.0,61.4,58.31,69.84,12.37,60.03
54,49.4,43.91,64.5,58.31,28.64,24.41,62.23,44.41,26.83,44.0,62.03,62.03,45.61,48.04,19.7,50.16,25.06,53.37,21.26,6.32,66.27,23.32,54.41,26.08,56.57,30.59,57.58,20.59,30.27,14.42,34.53,60.0,30.0,17.09,54.59,25.3,16.12,32.98,45.25,60.03,55.79,16.12,52.35,58.14,62.13,72.11,62.43,22.36,68.71,51.48,70.04,48.76,15.81,61.4,0.0,89.05,17.12,56.22,14.76
55,39.82,103.0,33.62,38.6,87.46,103.59,37.66,129.53,70.21,81.3,62.63,43.38,93.26,48.1,77.42,78.09,76.69,56.94,85.43,93.48,45.54,78.24,35.81,105.54,91.01,66.71,102.42,109.59,60.75,97.42,112.29,80.11,63.01,77.88,34.79,95.13,76.54,112.61,49.25,86.13,57.71,85.62,84.72,108.05,38.08,18.38,47.13,103.47,64.29,89.11,35.85,71.02,73.54,58.31,89.05,0.0,85.38,48.88,77.79
56,48.01,29.0,66.61,61.0,11.7,18.25,53.34,58.18,15.65,27.07,47.51,66.76,28.79,52.2,32.02,33.54,37.64,61.29,36.67,23.0,71.78,36.4,54.01,20.22,39.46,39.41,41.15,31.38,34.54,13.45,51.16,72.86,36.24,8.06,50.8,42.2,10.44,49.37,37.16,43.0,64.01,1.0,66.4,42.44,65.31,70.35,50.99,39.05,78.23,34.37,60.46,60.21,17.0,69.84,17.12,85.38,0.0,62.03,9.85
57,25.08,89.07,15.26,11.18,70.24,78.34,50.45,87.66,52.7,74.41,71.59,6.71,83.82,10.63,38.12,75.69,34.71,8.06,43.42,58.01,10.05,36.67,21.38,80.28,88.41,26.02,96.21,74.17,27.51,69.23,68.45,32.02,26.48,54.23,32.02,51.62,51.62,69.46,44.1,87.11,9.22,61.68,35.85,99.86,10.82,31.38,59.46,62.36,21.54,84.29,56.57,22.2,45.22,12.37,56.22,48.88,62.03,0.0,52.2
58,39.32,38.29,57.22,51.48,19.85,27.02,48.27,59.08,12.08,31.78,47.43,57.01,36.36,42.45,23.71,37.12,29.15,51.48,29.83,21.02,61.98,28.18,45.1,29.02,45.54,29.83,49.09,33.97,24.7,19.65,48.76,63.89,26.42,3.16,43.01,37.01,1.41,47.43,31.4,47.85,54.2,9.49,57.98,51.09,55.73,61.98,47.8,36.69,68.51,40.5,55.9,50.91,7.21,60.03,14.76,77.79,9.85,52.2,0.0
