vehicles
vehicle_idx, capacity, cost_per_unit_distance
1,100,3
2,100,3
3,100,3
4,100,3
5,100,3
6,100,3
7,100,3
8,100,3
9,100,3
depot
node_idx,x,y
0,36,64
home delivery customers
node_idx,x,y,service_time,demand
1,25,79,10,4
2,81,45,10,20
3,42,56,10,10
4,65,96,10,17
5,58,96,10,11
6,41,50,10,22
7,97,90,10,21
8,11,54,10,19
9,60,97,10,15
10,21,51,10,15
11,84,36,10,10
12,95,76,10,10
13,10,49,10,10
14,69,16,10,7
15,74,69,10,5
16,1,14,10,18
17,46,22,10,11
18,74,92,10,12
self pickup customers
node_idx,x,y,service_time,demand,locker_idxs
19,16,46,10,25,62
20,41,30,10,11,56
21,41,39,10,13,62
22,21,14,10,14,56
23,13,49,10,11,62-65
24,21,14,10,36,56
25,57,2,10,6,61
26,14,42,10,7,65
27,5,51,10,17,62
28,60,89,10,22,63-55
29,58,68,10,7,55
30,30,93,10,11,58
31,19,40,10,12,65-59-62
32,33,58,10,2,59-62
33,81,6,10,13,61
34,49,6,10,3,56
35,51,78,10,20,55
36,9,62,10,14,62-65
flexible customers
node_idx,x,y,service_time,demand,locker_idxs
37,94,47,10,3,64
38,10,23,10,12,56
39,14,79,10,21,58
40,90,17,10,20,61-64-57
41,41,46,10,16,65-59-62
42,66,62,10,21,66
43,50,99,10,10,63
44,84,85,10,19,60-63-66-55
45,47,76,10,23,63-55
46,9,60,10,15,62-65-59
47,47,44,10,22,65
48,15,40,10,24,62-65-59
49,88,21,10,25,61-64-57
50,57,7,10,18,61-64-67
51,89,44,10,66,67-64
52,75,66,10,12,66
53,97,11,10,24,61-57
54,96,91,10,7,60-66
lockers
node_idx,x,y,service_time,capacity,cost_per_unit_good
55,65,88,10,75
56,25,15,10,72
57,93,12,10,77
58,22,88,10,72
59,20,62,10,93
60,108,89,10,96
61,78,6,10,71
62,14,46,10,71
63,64,97,10,71
64,77,26,10,89
65,28,49,10,80
66,74,82,10,89
67,69,24,10,100
mrt lines
start_node_idx,end_node_idx,freight_capacity,cost_per_unit_good
0,1,75,0.1
1,0,75,0.1
distance matrix
,0,1,2,3,4,5,6,7,8,9,10,11,12,13,14,15,16,17,18,19,20,21,22,23,24,25,26,27,28,29,30,31,32,33,34,35,36,37,38,39,40,41,42,43,44,45,46,47,48,49,50,51,52,53,54,55,56,57,58,59,60,61,62,63,64,65,66,67,
0,0.0,18.6,48.85,10.0,43.19,38.83,14.87,66.31,26.93,40.8,19.85,55.57,60.21,30.02,58.25,38.33,61.03,43.17,47.2,26.91,34.37,25.5,52.2,27.46,52.2,65.46,31.11,33.62,34.66,22.36,29.61,29.41,6.71,73.41,59.44,20.52,27.07,60.44,48.55,26.63,71.59,18.68,30.07,37.7,52.39,16.28,27.29,22.83,31.89,67.48,60.75,56.65,39.05,80.81,65.8,37.64,50.22,77.16,27.78,16.12,76.22,71.61,28.43,43.28,55.9,17.0,42.05,51.86
1,18.6,0.0,65.51,28.6,43.46,37.12,33.12,72.84,28.65,39.36,28.28,73.01,70.06,33.54,76.84,50.01,69.29,60.75,50.7,34.21,51.55,43.08,65.12,32.31,65.12,83.38,38.6,34.41,36.4,34.79,14.87,39.46,22.47,92.01,76.84,26.02,23.35,76.06,57.97,11.0,89.83,36.67,44.38,32.02,59.3,22.2,24.84,41.34,40.26,85.63,78.79,72.95,51.66,99.04,72.01,41.0,64.0,95.46,9.49,17.72,83.6,90.21,34.79,42.95,74.25,30.15,49.09,70.43
2,48.85,65.51,0.0,40.52,53.45,55.95,40.31,47.76,70.58,56.08,60.3,9.49,34.01,71.11,31.38,25.0,85.8,41.88,47.52,65.01,42.72,40.45,67.54,68.12,67.54,49.24,67.07,76.24,48.75,32.53,70.04,62.2,49.73,39.0,50.45,44.6,73.98,13.15,74.33,75.13,29.41,40.01,22.67,62.27,40.11,46.01,73.55,34.01,66.19,25.0,44.94,8.06,21.84,37.58,48.38,45.88,63.53,35.11,73.01,63.32,51.62,39.12,67.01,54.71,19.42,53.15,37.66,24.19
3,10.0,28.6,40.52,0.0,46.14,43.08,6.08,64.66,31.06,44.78,21.59,46.52,56.65,32.76,48.26,34.54,58.69,34.23,48.17,27.86,26.02,17.03,46.96,29.83,46.96,56.04,31.3,37.34,37.59,20.0,38.9,28.02,9.22,63.41,50.49,23.77,33.54,52.77,45.97,36.24,61.85,10.05,24.74,43.74,51.04,20.62,33.24,13.0,31.38,57.8,51.24,48.51,34.48,71.06,64.35,39.41,44.38,67.36,37.74,22.8,73.79,61.61,29.73,46.53,46.1,15.65,41.23,41.87
4,43.19,43.46,53.45,46.14,0.0,7.0,51.88,32.56,68.41,5.1,62.94,62.94,36.06,72.35,80.1,28.46,104.02,76.4,9.85,70.01,70.23,61.85,93.06,70.09,93.06,94.34,74.28,75.0,8.6,28.86,35.13,72.47,49.68,91.41,91.41,22.8,65.51,56.94,91.4,53.76,82.86,55.46,34.01,15.3,21.95,26.91,66.57,55.03,75.07,78.45,89.36,57.27,31.62,90.82,31.4,8.0,90.34,88.54,43.74,56.4,43.57,90.93,71.42,1.41,71.02,59.82,16.64,72.11
5,38.83,37.12,55.95,43.08,7.0,0.0,49.04,39.46,63.03,2.24,58.26,65.39,42.06,67.18,80.75,31.38,99.86,74.97,16.49,65.3,68.15,59.48,89.96,65.07,89.96,94.01,69.66,69.53,7.28,28.0,28.16,68.24,45.49,92.89,90.45,19.31,59.64,60.8,87.37,47.17,85.23,52.81,34.93,8.54,28.23,22.83,60.8,53.15,70.6,80.78,89.01,60.54,34.48,93.52,38.33,10.63,87.46,91.0,36.88,50.99,50.49,92.2,66.6,6.08,72.53,55.76,21.26,72.84
6,14.87,33.12,40.31,6.08,51.88,49.04,0.0,68.82,30.27,50.7,20.02,45.22,59.93,31.02,44.05,38.08,53.81,28.44,53.41,25.32,20.0,11.0,41.18,28.02,41.18,50.6,28.16,36.01,43.38,24.76,44.38,24.17,11.31,59.46,44.72,29.73,34.18,53.08,41.11,39.62,59.08,4.0,27.73,49.82,55.44,26.68,33.53,8.49,27.86,55.23,45.88,48.37,37.58,68.24,68.6,44.94,38.48,64.4,42.49,24.19,77.52,57.49,27.29,52.33,43.27,13.04,45.97,38.21
7,66.31,72.84,47.76,64.66,32.56,39.46,68.82,0.0,93.23,37.66,85.42,55.54,14.14,96.18,79.12,31.14,122.44,85.0,23.09,92.18,82.07,75.74,107.48,93.47,107.48,96.66,95.88,99.92,37.01,44.78,67.07,92.65,71.55,85.51,96.75,47.54,92.35,43.1,109.81,83.73,73.33,71.22,41.77,47.85,13.93,51.92,92.97,67.94,96.04,69.58,92.14,46.69,32.56,79.0,1.41,32.06,103.97,78.1,75.03,81.93,11.05,86.12,93.94,33.73,67.05,80.26,24.35,71.69
8,26.93,28.65,70.58,31.06,68.41,63.03,30.27,93.23,0.0,65.19,10.44,75.19,86.83,5.1,69.34,64.76,41.23,47.42,73.57,9.43,38.42,33.54,41.23,5.39,41.23,69.43,12.37,6.71,60.22,49.04,43.38,16.12,22.36,84.88,61.22,46.65,8.25,83.29,31.02,25.18,87.24,31.05,55.58,59.55,79.31,42.19,6.32,37.36,14.56,83.77,65.76,78.64,65.12,96.15,92.7,63.81,41.44,92.13,35.74,12.04,103.12,82.42,8.54,68.25,71.69,17.72,68.94,65.3
9,40.8,39.36,56.08,44.78,5.1,2.24,50.7,37.66,65.19,0.0,60.31,65.55,40.82,69.31,81.5,31.3,101.83,76.3,14.87,67.36,69.64,61.03,91.71,67.18,91.71,95.05,71.7,71.7,8.0,29.07,30.27,70.21,47.43,93.39,91.66,21.02,61.85,60.46,89.31,49.4,85.44,54.42,35.51,10.2,26.83,24.7,63.01,54.57,72.62,80.99,90.05,60.42,34.44,93.62,36.5,10.3,89.16,91.18,39.05,53.15,48.66,92.76,68.68,4.0,73.01,57.69,20.52,73.55
10,19.85,28.28,60.3,21.59,62.94,58.26,20.02,85.42,10.44,60.31,0.0,64.76,78.11,11.18,59.41,55.97,42.06,38.29,67.01,7.07,29.0,23.32,37.0,8.25,37.0,60.8,11.4,16.0,54.45,40.72,42.95,11.18,13.89,75.0,53.0,40.36,16.28,73.11,30.08,28.86,76.92,20.62,46.32,56.08,71.59,36.07,15.0,26.93,12.53,73.41,56.85,68.36,56.04,85.88,85.0,57.49,36.22,81.88,37.01,11.05,94.94,72.62,8.6,62.97,61.33,7.28,61.4,55.07
11,55.57,73.01,9.49,46.52,62.94,65.39,45.22,55.54,75.19,65.55,64.76,0.0,41.48,75.13,25.0,34.48,85.87,40.5,56.89,68.73,43.42,43.1,66.73,72.18,66.73,43.42,70.26,80.41,58.18,41.23,78.52,65.12,55.54,30.15,46.1,53.41,79.38,14.87,75.13,82.15,19.92,44.15,31.62,71.59,49.0,54.49,78.75,37.85,69.12,15.52,39.62,9.43,31.32,28.18,56.29,55.36,62.63,25.63,80.92,69.08,58.18,30.59,70.71,64.2,12.21,57.49,47.07,19.21
12,60.21,70.06,34.01,56.65,36.06,42.06,59.93,14.14,86.83,40.82,78.11,41.48,0.0,89.19,65.39,22.14,112.61,72.92,26.4,84.5,70.94,65.46,96.54,86.33,96.54,83.19,87.85,93.41,37.34,37.85,67.19,84.1,64.56,71.39,83.76,44.05,87.13,29.02,100.17,81.06,59.21,61.77,32.2,50.54,14.21,48.0,87.48,57.69,87.73,55.44,78.77,32.56,22.36,65.03,15.03,32.31,92.85,64.03,73.98,76.3,18.38,72.03,86.38,37.44,53.14,72.24,21.84,58.14
13,30.02,33.54,71.11,32.76,72.35,67.18,31.02,96.18,5.1,69.31,11.18,75.13,89.19,0.0,67.6,67.05,36.14,45.0,77.1,6.71,36.36,32.57,36.69,3.0,36.69,66.47,8.06,5.39,64.03,51.62,48.33,12.73,24.7,83.01,58.05,50.22,13.04,84.02,26.0,30.27,86.16,31.14,57.49,64.03,82.29,45.8,11.05,37.34,10.3,82.87,63.03,79.16,67.19,94.94,95.71,67.42,37.16,90.87,40.8,16.4,105.85,80.45,5.0,72.25,70.84,18.0,72.01,64.08
14,58.25,76.84,31.38,48.26,80.1,80.75,44.05,79.12,69.34,81.5,59.41,25.0,65.39,67.6,0.0,53.24,68.03,23.77,76.16,60.9,31.3,36.24,48.04,65.0,48.04,18.44,60.84,72.95,73.55,53.15,86.31,55.46,55.32,15.62,22.36,64.56,75.6,39.82,59.41,83.63,21.02,41.04,46.1,85.15,70.61,63.91,74.4,35.61,59.09,19.65,15.0,34.41,50.36,28.44,79.71,72.11,44.01,24.33,85.98,67.21,82.76,13.45,62.65,81.15,12.81,52.63,66.19,8.0
15,38.33,50.01,25.0,34.54,28.46,31.38,38.08,31.14,64.76,31.3,55.97,34.48,22.14,67.05,53.24,0.0,91.4,54.71,23.0,62.39,51.09,44.6,76.38,64.2,76.38,69.12,65.8,71.31,24.41,16.03,50.12,62.18,42.45,63.39,67.78,24.7,65.38,29.73,78.82,60.83,54.41,40.22,10.63,38.42,18.87,27.89,65.62,36.8,65.74,50.0,64.29,29.15,3.16,62.39,31.11,21.02,72.92,60.08,55.36,54.45,39.45,63.13,64.26,29.73,43.1,50.16,13.0,45.28
16,61.03,69.29,85.8,58.69,104.02,99.86,53.81,122.44,41.23,101.83,42.06,85.87,112.61,36.14,68.03,91.4,0.0,45.71,106.83,35.34,43.08,47.17,20.0,37.0,20.0,57.27,30.87,37.22,95.43,78.52,84.15,31.62,54.41,80.4,48.66,81.22,48.66,98.68,12.73,66.29,89.05,51.22,80.8,98.11,109.22,77.2,46.69,54.92,29.53,87.28,56.44,92.97,90.44,96.05,122.29,97.84,24.02,92.02,76.92,51.62,130.67,77.41,34.54,104.2,76.94,44.2,99.76,68.73
17,43.17,60.75,41.88,34.23,76.4,74.97,28.44,85.0,47.42,76.3,38.29,40.5,72.92,45.0,23.77,54.71,45.71,0.0,75.39,38.42,9.43,17.72,26.25,42.64,26.25,22.83,37.74,50.22,68.45,47.54,72.78,32.45,38.28,38.48,16.28,56.22,54.49,54.12,36.01,65.37,44.28,24.52,44.72,77.1,73.57,54.01,53.04,22.02,35.85,42.01,18.6,48.3,52.7,52.17,85.21,68.68,22.14,48.05,70.23,47.71,91.29,35.78,40.0,77.13,31.26,32.45,66.21,23.09
18,47.2,50.7,47.52,48.17,9.85,16.49,53.41,23.09,73.57,14.87,67.01,56.89,26.4,77.1,76.16,23.0,106.83,75.39,0.0,74.03,70.24,62.43,94.3,74.63,94.3,91.59,78.1,80.26,14.32,28.84,44.01,75.69,53.26,86.28,89.56,26.93,71.59,49.24,94.11,61.39,76.69,56.61,31.05,25.0,12.21,31.38,72.45,55.07,78.64,72.37,86.68,50.29,26.02,84.2,22.02,9.85,91.27,82.23,52.15,61.77,34.13,86.09,75.6,11.18,66.07,62.97,10.0,68.18
19,26.91,34.21,65.01,27.86,70.01,65.3,25.32,92.18,9.43,67.36,7.07,68.73,84.5,6.71,60.9,62.39,35.34,38.42,74.03,0.0,29.68,25.96,32.39,4.24,32.39,60.14,4.47,12.08,61.52,47.41,49.04,6.71,20.81,76.32,51.86,47.42,17.46,78.01,23.77,33.06,79.48,25.0,52.5,62.97,78.39,43.14,15.65,31.06,6.08,76.22,56.59,73.03,62.3,88.24,91.79,64.54,32.28,84.17,42.43,16.49,101.55,73.78,2.0,70.04,64.2,12.37,68.26,57.38
20,34.37,51.55,42.72,26.02,70.23,68.15,20.0,82.07,38.42,69.64,29.0,43.42,70.94,36.36,31.3,51.09,43.08,9.43,70.24,29.68,0.0,9.0,25.61,33.84,25.61,32.25,29.55,41.68,61.98,41.63,63.95,24.17,29.12,46.65,25.3,49.03,45.25,55.66,31.78,55.95,50.7,16.0,40.61,69.58,69.81,46.39,43.86,15.23,27.86,47.85,28.02,50.0,49.52,59.14,82.13,62.77,21.93,55.03,61.03,38.28,89.27,44.1,31.38,70.84,36.22,23.02,61.59,28.64
21,25.5,43.08,40.45,17.03,61.85,59.48,11.0,75.74,33.54,61.03,23.32,43.1,65.46,32.57,36.24,44.6,47.17,17.72,62.43,25.96,9.0,0.0,32.02,29.73,32.02,40.31,27.17,37.95,53.49,33.62,55.11,22.02,20.62,51.86,33.96,40.26,39.41,53.6,34.89,48.26,53.71,7.0,33.97,60.67,62.97,37.48,38.28,7.81,26.02,50.33,35.78,48.26,43.42,62.61,75.69,54.56,28.84,58.59,52.55,31.14,83.6,49.58,27.89,62.39,38.28,16.4,54.2,31.76
22,52.2,65.12,67.54,46.96,93.06,89.96,41.18,107.48,41.23,91.71,37.0,66.73,96.54,36.69,48.04,76.38,20.0,26.25,94.3,32.39,25.61,32.02,0.0,35.9,0.0,37.95,28.86,40.31,84.53,65.46,79.51,26.08,45.61,60.53,29.12,70.68,49.48,80.11,14.21,65.38,69.07,37.74,65.8,89.81,94.92,67.23,47.54,39.7,26.68,67.36,36.67,74.32,74.97,76.06,107.49,86.09,4.12,72.03,74.01,48.01,114.87,57.56,32.76,93.48,57.27,35.69,86.21,49.03
23,27.46,32.31,68.12,29.83,70.09,65.07,28.02,93.47,5.39,67.18,8.25,72.18,86.33,3.0,65.0,64.2,37.0,42.64,74.63,4.24,33.84,29.73,35.9,0.0,35.9,64.38,7.07,8.25,61.72,48.85,47.17,10.82,21.93,80.45,56.08,47.8,13.6,81.02,26.17,30.02,83.38,28.16,54.57,62.2,79.61,43.42,11.7,34.37,9.22,80.06,60.83,76.16,64.29,92.2,93.02,65.0,36.06,88.14,40.02,14.76,103.08,77.94,3.16,70.04,68.01,15.0,69.35,61.33
24,52.2,65.12,67.54,46.96,93.06,89.96,41.18,107.48,41.23,91.71,37.0,66.73,96.54,36.69,48.04,76.38,20.0,26.25,94.3,32.39,25.61,32.02,0.0,35.9,0.0,37.95,28.86,40.31,84.53,65.46,79.51,26.08,45.61,60.53,29.12,70.68,49.48,80.11,14.21,65.38,69.07,37.74,65.8,89.81,94.92,67.23,47.54,39.7,26.68,67.36,36.67,74.32,74.97,76.06,107.49,86.09,4.12,72.03,74.01,48.01,114.87,57.56,32.76,93.48,57.27,35.69,86.21,49.03
25,65.46,83.38,49.24,56.04,94.34,94.01,50.6,96.66,69.43,95.05,60.8,43.42,83.19,66.47,18.44,69.12,57.27,22.83,91.59,60.14,32.25,40.31,37.95,64.38,37.95,0.0,58.73,71.45,87.05,66.01,94.92,53.74,60.93,24.33,8.94,76.24,76.84,58.26,51.48,88.19,36.25,46.82,60.67,97.25,87.28,74.67,75.29,43.17,56.64,36.36,5.0,52.8,66.48,41.0,97.17,86.37,34.54,37.36,92.85,70.49,100.85,21.38,61.52,95.26,31.24,55.23,81.79,25.06
26,31.11,38.6,67.07,31.3,74.28,69.66,28.16,95.88,12.37,71.7,11.4,70.26,87.85,8.06,60.84,65.8,30.87,37.74,78.1,4.47,29.55,27.17,28.86,7.07,28.86,58.73,0.0,12.73,65.76,51.11,53.45,5.39,24.84,76.06,50.21,51.62,20.62,80.16,19.42,37.0,80.01,27.29,55.71,67.42,82.15,47.38,18.68,33.06,2.24,76.92,55.44,75.03,65.55,88.6,95.52,68.68,29.15,84.5,46.69,20.88,105.1,73.43,4.0,74.33,65.0,15.65,72.11,57.87
27,33.62,34.41,76.24,37.34,75.0,69.53,36.01,99.92,6.71,71.7,16.0,80.41,93.41,5.39,72.95,71.31,37.22,50.22,80.26,12.08,41.68,37.95,40.31,8.25,40.31,71.45,12.73,0.0,66.85,55.66,48.88,17.8,28.86,88.32,62.94,53.34,11.7,89.09,28.44,29.41,91.55,36.35,61.98,65.8,86.01,48.88,9.85,42.58,14.87,88.26,68.12,84.29,71.59,100.32,99.4,70.49,41.18,96.25,40.72,18.6,109.79,85.76,10.3,74.81,76.22,23.09,75.64,69.46
28,34.66,36.4,48.75,37.59,8.6,7.28,43.38,37.01,60.22,8.0,54.45,58.18,37.34,64.03,73.55,24.41,95.43,68.45,14.32,61.52,61.98,53.49,84.53,61.72,84.53,87.05,65.76,66.85,0.0,21.1,30.27,63.89,41.11,85.62,83.73,14.21,57.71,54.04,82.8,47.07,78.0,47.01,27.66,14.14,24.33,18.38,58.67,46.84,66.53,73.54,82.05,53.54,27.46,86.33,36.06,5.1,81.86,83.77,38.01,48.26,48.0,84.93,62.97,8.94,65.25,51.22,15.65,65.62
29,22.36,34.79,32.53,20.0,28.86,28.0,24.76,44.78,49.04,29.07,40.72,41.23,37.85,51.62,53.15,16.03,78.52,47.54,28.84,47.41,41.63,33.62,65.46,48.85,65.46,66.01,51.11,55.66,21.1,0.0,37.54,48.01,26.93,66.13,62.65,12.21,49.37,41.68,65.8,45.35,60.21,27.8,10.0,32.02,31.06,13.6,49.65,26.4,51.31,55.76,61.01,39.2,17.12,69.07,44.42,21.19,62.43,66.04,41.18,38.47,54.23,65.15,49.19,29.61,46.1,35.51,21.26,45.35
30,29.61,14.87,70.04,38.9,35.13,28.16,44.38,67.07,43.38,30.27,42.95,78.52,67.19,48.33,86.31,50.12,84.15,72.78,44.01,49.04,63.95,55.11,79.51,47.17,79.51,94.92,53.45,48.88,30.27,37.54,0.0,54.13,35.13,100.85,89.05,25.81,37.44,78.82,72.8,21.26,96.83,48.27,47.51,20.88,54.59,24.04,39.12,51.87,55.08,92.46,90.14,76.69,52.48,105.89,66.03,35.36,78.16,102.62,9.43,32.57,78.1,99.36,49.65,34.23,81.84,44.05,45.35,79.26
31,29.41,39.46,62.2,28.02,72.47,68.24,24.17,92.65,16.12,70.21,11.18,65.12,84.1,12.73,55.46,62.18,31.62,32.45,75.69,6.71,24.17,22.02,26.08,10.82,26.08,53.74,5.39,17.8,63.89,48.01,54.13,0.0,22.8,70.71,45.34,49.68,24.17,75.33,19.24,39.32,74.63,22.8,51.89,66.65,79.06,45.61,22.36,28.28,4.0,71.57,50.33,70.11,61.74,83.22,92.36,66.48,25.71,79.12,48.09,22.02,101.6,68.1,7.81,72.62,59.67,12.73,69.2,52.5
32,6.71,22.47,49.73,9.22,49.68,45.49,11.31,71.55,22.36,47.43,13.89,55.54,64.56,24.7,55.32,42.45,54.41,38.28,53.26,20.81,29.12,20.62,45.61,21.93,45.61,60.93,24.84,28.86,41.11,26.93,35.13,22.8,0.0,70.77,54.41,26.91,24.33,61.98,41.88,28.32,70.21,14.42,33.24,44.38,57.71,22.8,24.08,19.8,25.46,66.29,56.36,57.72,42.76,79.4,71.12,43.86,43.74,75.6,31.95,13.6,81.15,68.77,22.47,49.82,54.41,10.3,47.51,49.52
33,73.41,92.01,39.0,63.41,91.41,92.89,59.46,85.51,84.88,93.39,75.0,30.15,71.39,83.01,15.62,63.39,80.4,38.48,86.28,76.32,46.65,51.86,60.53,80.45,60.53,24.33,76.06,88.32,85.62,66.13,100.85,70.71,70.77,0.0,32.0,78.0,91.21,43.01,73.01,99.09,14.21,56.57,57.97,98.03,79.06,77.82,90.0,50.99,74.24,16.55,24.02,38.83,60.3,16.76,86.31,83.55,56.72,13.42,101.02,82.81,87.28,3.0,78.03,92.57,20.4,68.25,76.32,21.63
34,59.44,76.84,50.45,50.49,91.41,90.45,44.72,96.75,61.22,91.66,53.0,46.1,83.76,58.05,22.36,67.78,48.66,16.28,89.56,51.86,25.3,33.96,29.12,56.08,29.12,8.94,50.21,62.94,83.73,62.65,89.05,45.34,54.41,32.0,0.0,72.03,68.82,60.88,42.54,80.96,42.45,40.79,58.52,93.01,86.41,70.03,67.2,38.05,48.08,41.79,8.06,55.17,65.39,48.26,97.13,83.55,25.63,44.41,86.33,63.06,101.83,29.0,53.15,92.23,34.41,47.85,80.01,26.91
35,20.52,26.02,44.6,23.77,22.8,19.31,29.73,47.54,46.65,21.02,40.36,53.41,44.05,50.22,64.56,24.7,81.22,56.22,26.93,47.42,49.03,40.26,70.68,47.8,70.68,76.24,51.62,53.34,14.21,12.21,25.81,49.68,26.91,78.0,72.03,0.0,44.94,53.01,68.6,37.01,72.4,33.53,21.93,21.02,33.73,4.47,45.69,34.23,52.35,67.96,71.25,50.99,26.83,81.27,46.84,17.2,68.15,78.23,30.68,34.89,58.05,76.9,48.92,23.02,58.14,37.01,23.35,56.92
36,27.07,23.35,73.98,33.54,65.51,59.64,34.18,92.35,8.25,61.85,16.28,79.38,87.13,13.04,75.6,65.38,48.66,54.49,71.59,17.46,45.25,39.41,49.48,13.6,49.48,76.84,20.62,11.7,57.71,49.37,37.44,24.17,24.33,91.21,68.82,44.94,0.0,86.31,39.01,17.72,92.66,35.78,57.0,55.23,78.45,40.5,2.0,42.05,22.8,89.01,73.0,82.0,66.12,101.71,91.71,61.74,49.65,97.75,29.07,11.0,102.62,88.87,16.76,65.19,76.94,23.02,68.01,71.02
37,60.44,76.06,13.15,52.77,56.94,60.8,53.08,43.1,83.29,60.46,73.11,14.87,29.02,84.02,39.82,29.73,98.68,54.12,49.24,78.01,55.66,53.6,80.11,81.02,80.11,58.26,80.16,89.09,54.04,41.68,78.82,75.33,61.98,43.01,60.88,53.01,86.31,0.0,87.36,86.16,30.27,53.01,31.76,68.12,39.29,55.23,85.99,47.1,79.31,26.68,54.49,5.83,26.87,36.12,44.05,50.22,76.06,35.01,82.86,75.5,44.27,44.01,80.01,58.31,27.02,66.03,40.31,33.97
38,48.55,57.97,74.33,45.97,91.4,87.37,41.11,109.81,31.02,89.31,30.08,75.13,100.17,26.0,59.41,78.82,12.73,36.01,94.11,23.77,31.78,34.89,14.21,26.17,14.21,51.48,19.42,28.44,82.8,65.8,72.8,19.24,41.88,73.01,42.54,68.6,39.01,87.36,0.0,56.14,80.22,38.6,68.24,85.88,96.54,64.64,37.01,42.54,17.72,78.03,49.65,81.74,77.94,87.82,109.64,85.15,17.0,83.73,66.1,40.26,118.15,70.09,23.35,91.61,67.07,31.62,87.05,59.01
39,26.63,11.0,75.13,36.24,53.76,47.17,39.62,83.73,25.18,49.4,28.86,82.15,81.06,30.27,83.63,60.83,66.29,65.37,61.39,33.06,55.95,48.26,65.38,30.02,65.38,88.19,37.0,29.41,47.07,45.35,21.26,39.32,28.32,99.09,80.96,37.01,17.72,86.16,56.14,0.0,98.08,42.64,54.71,41.18,70.26,33.14,19.65,48.1,39.01,94.02,83.86,82.76,62.37,107.3,82.87,51.79,64.94,103.59,12.04,18.03,94.53,97.08,33.0,53.14,82.33,33.11,60.07,77.78
40,71.59,89.83,29.41,61.85,82.86,85.23,59.08,73.33,87.24,85.44,76.92,19.92,59.21,86.16,21.02,54.41,89.05,44.28,76.69,79.48,50.7,53.71,69.07,83.38,69.07,36.25,80.01,91.55,78.0,60.21,96.83,74.63,70.21,14.21,42.45,72.4,92.66,30.27,80.22,98.08,0.0,56.94,51.0,91.24,68.26,73.01,91.71,50.77,78.45,4.47,34.48,27.02,51.24,9.22,74.24,75.27,65.03,5.83,98.31,83.22,74.22,16.28,81.34,84.12,15.81,69.77,66.94,22.14
41,18.68,36.67,40.01,10.05,55.46,52.81,4.0,71.22,31.05,54.42,20.62,44.15,61.77,31.14,41.04,40.22,51.22,24.52,56.61,25.0,16.0,7.0,37.74,28.16,37.74,46.82,27.29,36.35,47.01,27.8,48.27,22.8,14.42,56.57,40.79,33.53,35.78,53.01,38.6,42.64,56.94,0.0,29.68,53.76,58.05,30.59,34.93,6.32,26.68,53.24,42.15,48.04,39.45,66.04,71.06,48.37,34.89,62.13,46.1,26.4,79.61,54.49,27.0,55.95,41.18,13.34,48.84,35.61
42,30.07,44.38,22.67,24.74,34.01,34.93,27.73,41.77,55.58,35.51,46.32,31.62,32.2,57.49,46.1,10.63,80.8,44.72,31.05,52.5,40.61,33.97,65.8,54.57,65.8,60.67,55.71,61.98,27.66,10.0,47.51,51.89,33.24,57.97,58.52,21.93,57.0,31.76,68.24,54.71,51.0,29.68,0.0,40.31,29.21,23.6,57.04,26.17,55.54,46.53,55.73,29.21,9.85,59.68,41.73,26.02,62.37,56.82,51.11,46.0,49.93,57.27,54.41,35.06,37.64,40.16,21.54,38.12
43,37.7,32.02,62.27,43.74,15.3,8.54,49.82,47.85,59.55,10.2,56.08,71.59,50.54,64.03,85.15,38.42,98.11,77.1,25.0,62.97,69.58,60.67,89.81,62.2,89.81,97.25,67.42,65.8,14.14,32.02,20.88,66.65,44.38,98.03,93.01,21.02,55.23,68.12,85.88,41.18,91.24,53.76,40.31,0.0,36.77,23.19,56.59,55.08,68.6,86.76,92.27,67.42,41.4,99.76,46.69,18.6,87.64,97.05,30.08,47.63,58.86,97.12,64.07,14.14,77.83,54.63,29.41,77.37
44,52.39,59.3,40.11,51.04,21.95,28.23,55.44,13.93,79.31,26.83,71.59,49.0,14.21,82.29,70.61,18.87,109.22,73.57,12.21,78.39,69.81,62.97,94.92,79.61,94.92,87.28,82.15,86.01,24.33,31.06,54.59,79.06,57.71,79.06,86.41,33.73,78.45,39.29,96.54,70.26,68.26,58.05,29.21,36.77,0.0,38.08,79.06,55.23,82.38,64.12,82.54,41.3,21.02,75.13,13.42,19.24,91.55,73.55,62.07,68.01,24.33,79.23,80.13,23.32,59.41,66.57,10.44,62.82
45,16.28,22.2,46.01,20.62,26.91,22.83,26.68,51.92,42.19,24.7,36.07,54.49,48.0,45.8,63.91,27.89,77.2,54.01,31.38,43.14,46.39,37.48,67.23,43.42,67.23,74.67,47.38,48.88,18.38,13.6,24.04,45.61,22.8,77.82,70.03,4.47,40.5,55.23,64.64,33.14,73.01,30.59,23.6,23.19,38.08,0.0,41.23,32.0,48.17,68.6,69.72,52.8,29.73,82.01,51.24,21.63,64.85,78.82,27.73,30.41,62.37,76.56,44.6,27.02,58.31,33.02,27.66,56.46
46,27.29,24.84,73.55,33.24,66.57,60.8,33.53,92.97,6.32,63.01,15.0,78.75,87.48,11.05,74.4,65.62,46.69,53.04,72.45,15.65,43.86,38.28,47.54,11.7,47.54,75.29,18.68,9.85,58.67,49.65,39.12,22.36,24.08,90.0,67.2,45.69,2.0,85.99,37.01,19.65,91.71,34.93,57.04,56.59,79.06,41.23,0.0,41.23,20.88,88.1,71.51,81.58,66.27,100.72,92.36,62.61,47.76,96.75,30.87,11.18,103.16,87.62,14.87,66.29,76.03,21.95,68.62,69.97
47,22.83,41.34,34.01,13.0,55.03,53.15,8.49,67.94,37.36,54.57,26.93,37.85,57.69,37.34,35.61,36.8,54.92,22.02,55.07,31.06,15.23,7.81,39.7,34.37,39.7,43.17,33.06,42.58,46.84,26.4,51.87,28.28,19.8,50.99,38.05,34.23,42.05,47.1,42.54,48.1,50.77,6.32,26.17,55.08,55.23,32.0,41.23,0.0,32.25,47.01,38.33,42.0,35.61,59.91,67.9,47.54,36.4,56.04,50.61,32.45,75.8,49.04,33.06,55.66,34.99,19.65,46.62,29.73
48,31.89,40.26,66.19,31.38,75.07,70.6,27.86,96.04,14.56,72.62,12.53,69.12,87.73,10.3,59.09,65.74,29.53,35.85,78.64,6.08,27.86,26.02,26.68,9.22,26.68,56.64,2.24,14.87,66.53,51.31,55.08,4.0,25.46,74.24,48.08,52.35,22.8,79.31,17.72,39.01,78.45,26.68,55.54,68.6,82.38,48.17,20.88,32.25,0.0,75.43,53.41,74.11,65.39,86.98,95.72,69.31,26.93,82.87,48.51,22.56,105.12,71.59,6.08,75.17,63.56,15.81,72.42,56.32
49,67.48,85.63,25.0,57.8,78.45,80.78,55.23,69.58,83.77,80.99,73.41,15.52,55.44,82.87,19.65,50.0,87.28,42.01,72.37,76.22,47.85,50.33,67.36,80.06,67.36,36.36,76.92,88.26,73.54,55.76,92.46,71.57,66.29,16.55,41.79,67.96,89.01,26.68,78.03,94.02,4.47,53.24,46.53,86.76,64.12,68.6,88.1,47.01,75.43,0.0,34.01,23.02,46.84,13.45,70.46,70.84,63.29,10.3,94.05,79.4,70.88,18.03,78.11,79.7,12.08,66.21,62.59,19.24
50,60.75,78.79,44.94,51.24,89.36,89.01,45.88,92.14,65.76,90.05,56.85,39.62,78.77,63.03,15.0,64.29,56.44,18.6,86.68,56.59,28.02,35.78,36.67,60.83,36.67,5.0,55.44,68.12,82.05,61.01,90.14,50.33,56.36,24.02,8.06,71.25,73.0,54.49,49.65,83.86,34.48,42.15,55.73,92.27,82.54,69.72,71.51,38.33,53.41,34.01,0.0,48.92,61.68,40.2,92.61,81.39,32.98,36.35,88.24,66.29,96.57,21.02,58.05,90.27,27.59,51.04,76.9,20.81
51,56.65,72.95,8.06,48.51,57.27,60.54,48.37,46.69,78.64,60.42,68.36,9.43,32.56,79.16,34.41,29.15,92.97,48.3,50.29,73.03,50.0,48.26,74.32,76.16,74.32,52.8,75.03,84.29,53.54,39.2,76.69,70.11,57.72,38.83,55.17,50.99,82.0,5.83,81.74,82.76,27.02,48.04,29.21,67.42,41.3,52.8,81.58,42.0,74.11,23.02,48.92,0.0,26.08,33.96,47.52,50.12,70.26,32.25,80.16,71.31,48.85,39.56,75.03,58.6,21.63,61.2,40.85,28.28
52,39.05,51.66,21.84,34.48,31.62,34.48,37.58,32.56,65.12,34.44,56.04,31.32,22.36,67.19,50.36,3.16,90.44,52.7,26.02,62.3,49.52,43.42,74.97,64.29,74.97,66.48,65.55,71.59,27.46,17.12,52.48,61.74,42.76,60.3,65.39,26.83,66.12,26.87,77.94,62.37,51.24,39.45,9.85,41.4,21.02,29.73,66.27,35.61,65.39,46.84,61.68,26.08,0.0,59.24,32.65,24.17,71.42,56.92,57.38,55.15,40.22,60.07,64.2,32.89,40.05,49.98,16.03,42.43
53,80.81,99.04,37.58,71.06,90.82,93.52,68.24,79.0,96.15,93.62,85.88,28.18,65.03,94.94,28.44,62.39,96.05,52.17,84.2,88.24,59.14,62.61,76.06,92.2,76.06,41.0,88.6,100.32,86.33,69.07,105.89,83.22,79.4,16.76,48.26,81.27,101.71,36.12,87.82,107.3,9.22,66.04,59.68,99.76,75.13,82.01,100.72,59.91,86.98,13.45,40.2,33.96,59.24,0.0,80.01,83.38,72.11,4.12,107.49,92.36,78.77,19.65,90.08,92.11,25.0,78.77,74.63,30.87
54,65.8,72.01,48.38,64.35,31.4,38.33,68.6,1.41,92.7,36.5,85.0,56.29,15.03,95.71,79.71,31.11,122.29,85.21,22.02,91.79,82.13,75.69,107.49,93.02,107.49,97.17,95.52,99.4,36.06,44.42,66.03,92.36,71.12,86.31,97.13,46.84,91.71,44.05,109.64,82.87,74.24,71.06,41.73,46.69,13.42,51.24,92.36,67.9,95.72,70.46,92.61,47.52,32.65,80.01,0.0,31.14,104.0,79.06,74.06,81.34,12.17,86.88,93.54,32.56,67.72,79.92,23.77,72.24
55,37.64,41.0,45.88,39.41,8.0,10.63,44.94,32.06,63.81,10.3,57.49,55.36,32.31,67.42,72.11,21.02,97.84,68.68,9.85,64.54,62.77,54.56,86.09,65.0,86.09,86.37,68.68,70.49,5.1,21.19,35.36,66.48,43.86,83.55,83.55,17.2,61.74,50.22,85.15,51.79,75.27,48.37,26.02,18.6,19.24,21.63,62.61,47.54,69.31,70.84,81.39,50.12,24.17,83.38,31.14,0.0,83.24,80.99,43.0,51.97,43.01,83.02,66.07,9.06,63.15,53.76,10.82,64.12
56,50.22,64.0,63.53,44.38,90.34,87.46,38.48,103.97,41.44,89.16,36.22,62.63,92.85,37.16,44.01,72.92,24.02,22.14,91.27,32.28,21.93,28.84,4.12,36.06,4.12,34.54,29.15,41.18,81.86,62.43,78.16,25.71,43.74,56.72,25.63,68.15,49.65,76.06,17.0,64.94,65.03,34.89,62.37,87.64,91.55,64.85,47.76,36.4,26.93,63.29,32.98,70.26,71.42,72.11,104.0,83.24,0.0,68.07,73.06,47.27,111.2,53.76,32.89,90.8,53.15,34.13,83.01,44.91
57,77.16,95.46,35.11,67.36,88.54,91.0,64.4,78.1,92.13,91.18,81.88,25.63,64.03,90.87,24.33,60.08,92.02,48.05,82.23,84.17,55.03,58.59,72.03,88.14,72.03,37.36,84.5,96.25,83.77,66.04,102.62,79.12,75.6,13.42,44.41,78.23,97.75,35.01,83.73,103.59,5.83,62.13,56.82,97.05,73.55,78.82,96.75,56.04,82.87,10.3,36.35,32.25,56.92,4.12,79.06,80.99,68.07,0.0,104.0,88.48,78.45,16.16,86.01,89.81,21.26,74.79,72.53,26.83
58,27.78,9.49,73.01,37.74,43.74,36.88,42.49,75.03,35.74,39.05,37.01,80.92,73.98,40.8,85.98,55.36,76.92,70.23,52.15,42.43,61.03,52.55,74.01,40.02,74.01,92.85,46.69,40.72,38.01,41.18,9.43,48.09,31.95,101.02,86.33,30.68,29.07,82.86,66.1,12.04,98.31,46.1,51.11,30.08,62.07,27.73,30.87,50.61,48.51,94.05,88.24,80.16,57.38,107.49,74.06,43.0,73.06,104.0,0.0,26.08,86.01,99.3,42.76,42.95,82.88,39.46,52.35,79.4
59,16.12,17.72,63.32,22.8,56.4,50.99,24.19,81.93,12.04,53.15,11.05,69.08,76.3,16.4,67.21,54.45,51.62,47.71,61.77,16.49,38.28,31.14,48.01,14.76,48.01,70.49,20.88,18.6,48.26,38.47,32.57,22.02,13.6,82.81,63.06,34.89,11.0,75.5,40.26,18.03,83.22,26.4,46.0,47.63,68.01,30.41,11.18,32.45,22.56,79.4,66.29,71.31,55.15,92.36,81.34,51.97,47.27,88.48,26.08,0.0,92.05,80.62,17.09,56.22,67.42,15.26,57.58,62.01
60,76.22,83.6,51.62,73.79,43.57,50.49,77.52,11.05,103.12,48.66,94.94,58.18,18.38,105.85,82.76,39.45,130.67,91.29,34.13,101.55,89.27,83.6,114.87,103.08,114.87,100.85,105.1,109.79,48.0,54.23,78.1,101.6,81.15,87.28,101.83,58.05,102.62,44.27,118.15,94.53,74.22,79.61,49.93,58.86,24.33,62.37,103.16,75.8,105.12,70.88,96.57,48.85,40.22,78.77,12.17,43.01,111.2,78.45,86.01,92.05,0.0,88.26,103.37,44.72,70.21,89.44,34.71,75.8
61,71.61,90.21,39.12,61.61,90.93,92.2,57.49,86.12,82.42,92.76,72.62,30.59,72.03,80.45,13.45,63.13,77.41,35.78,86.09,73.78,44.1,49.58,57.56,77.94,57.56,21.38,73.43,85.76,84.93,65.15,99.36,68.1,68.77,3.0,29.0,76.9,88.87,44.01,70.09,97.08,16.28,54.49,57.27,97.12,79.23,76.56,87.62,49.04,71.59,18.03,21.02,39.56,60.07,19.65,86.88,83.02,53.76,16.16,99.3,80.62,88.26,0.0,75.47,92.07,20.02,65.95,76.11,20.12
62,28.43,34.79,67.01,29.73,71.42,66.6,27.29,93.94,8.54,68.68,8.6,70.71,86.38,5.0,62.65,64.26,34.54,40.0,75.6,2.0,31.38,27.89,32.76,3.16,32.76,61.52,4.0,10.3,62.97,49.19,49.65,7.81,22.47,78.03,53.15,48.92,16.76,80.01,23.35,33.0,81.34,27.0,54.41,64.07,80.13,44.6,14.87,33.06,6.08,78.11,58.05,75.03,64.2,90.08,93.54,66.07,32.89,86.01,42.76,17.09,103.37,75.47,0.0,71.42,66.1,14.32,69.97,59.24
63,43.28,42.95,54.71,46.53,1.41,6.08,52.33,33.73,68.25,4.0,62.97,64.2,37.44,72.25,81.15,29.73,104.2,77.13,11.18,70.04,70.84,62.39,93.48,70.04,93.48,95.26,74.33,74.81,8.94,29.61,34.23,72.62,49.82,92.57,92.23,23.02,65.19,58.31,91.61,53.14,84.12,55.95,35.06,14.14,23.32,27.02,66.29,55.66,75.17,79.7,90.27,58.6,32.89,92.11,32.56,9.06,90.8,89.81,42.95,56.22,44.72,92.07,71.42,0.0,72.18,60.0,18.03,73.17
64,55.9,74.25,19.42,46.1,71.02,72.53,43.27,67.05,71.69,73.01,61.33,12.21,53.14,70.84,12.81,43.1,76.94,31.26,66.07,64.2,36.22,38.28,57.27,68.01,57.27,31.24,65.0,76.22,65.25,46.1,81.84,59.67,54.41,20.4,34.41,58.14,76.94,27.02,67.07,82.33,15.81,41.18,37.64,77.83,59.41,58.31,76.03,34.99,63.56,12.08,27.59,21.63,40.05,25.0,67.72,63.15,53.15,21.26,82.88,67.42,70.21,20.02,66.1,72.18,0.0,54.13,56.08,8.25
65,17.0,30.15,53.15,15.65,59.82,55.76,13.04,80.26,17.72,57.69,7.28,57.49,72.24,18.0,52.63,50.16,44.2,32.45,62.97,12.37,23.02,16.4,35.69,15.0,35.69,55.23,15.65,23.09,51.22,35.51,44.05,12.73,10.3,68.25,47.85,37.01,23.02,66.03,31.62,33.11,69.77,13.34,40.16,54.63,66.57,33.02,21.95,19.65,15.81,66.21,51.04,61.2,49.98,78.77,79.92,53.76,34.13,74.79,39.46,15.26,89.44,65.95,14.32,60.0,54.13,0.0,56.61,48.02
66,42.05,49.09,37.66,41.23,16.64,21.26,45.97,24.35,68.94,20.52,61.4,47.07,21.84,72.01,66.19,13.0,99.76,66.21,10.0,68.26,61.59,54.2,86.21,69.35,86.21,81.79,72.11,75.64,15.65,21.26,45.35,69.2,47.51,76.32,80.01,23.35,68.01,40.31,87.05,60.07,66.94,48.84,21.54,29.41,10.44,27.66,68.62,46.62,72.42,62.59,76.9,40.85,16.03,74.63,23.77,10.82,83.01,72.53,52.35,57.58,34.71,76.11,69.97,18.03,56.08,56.61,0.0,58.22
67,51.86,70.43,24.19,41.87,72.11,72.84,38.21,71.69,65.3,73.55,55.07,19.21,58.14,64.08,8.0,45.28,68.73,23.09,68.18,57.38,28.64,31.76,49.03,61.33,49.03,25.06,57.87,69.46,65.62,45.35,79.26,52.5,49.52,21.63,26.91,56.92,71.02,33.97,59.01,77.78,22.14,35.61,38.12,77.37,62.82,56.46,69.97,29.73,56.32,19.24,20.81,28.28,42.43,30.87,72.24,64.12,44.91,26.83,79.4,62.01,75.8,20.12,59.24,73.17,8.25,48.02,58.22,0.0
