vehicles
vehicle_idx, capacity, cost_per_unit_distance
1,100,3
2,100,3
3,100,3
4,100,3
5,100,3
6,100,3
7,100,3
8,100,3
9,100,3
depot
node_idx,x,y
0,36,64
home delivery customers
node_idx,x,y,service_time,demand
1,10,23,10,12
2,14,79,10,21
3,90,17,10,20
4,41,39,10,13
5,65,96,10,17
6,21,14,10,36
7,58,96,10,11
8,5,51,10,17
9,50,99,10,10
10,84,85,10,19
11,47,76,10,23
12,9,60,10,15
13,88,21,10,25
14,33,58,10,2
15,81,6,10,13
16,84,36,10,10
17,75,66,10,12
18,96,91,10,7
self pickup customers
node_idx,x,y,service_time,demand,locker_idxs
19,41,30,10,11,65
20,81,45,10,20,59-62
21,42,56,10,10,63-57-1
22,21,14,10,14,65-0
23,41,46,10,16,65-57-1
24,13,49,10,11,63-1
25,66,62,10,21,60-64-1
26,97,90,10,21,58-1
27,60,97,10,15,58
28,58,68,10,7,60-61-64
29,21,51,10,15,57-63-1
30,49,6,10,3,63
31,51,78,10,20,61
32,95,76,10,10,58
33,89,44,10,66,62-59-0
34,10,49,10,10,63-57
35,69,16,10,7,59-0
36,74,92,10,12,61
flexible customers
node_idx,x,y,service_time,demand,locker_idxs
37,94,47,10,3,65
38,16,46,10,25,63-57-1
39,25,79,10,4,63-60-1
40,57,2,10,6,62
41,14,42,10,7,63-57
42,41,50,10,22,65-60-63-57-1
43,11,54,10,19,63-57
44,60,89,10,22,61-64-58
45,30,93,10,11,61-1
46,47,44,10,22,57-65-60-1
47,19,40,10,12,63-57
48,15,40,10,24,63-57
49,57,7,10,18,59-62-65-0
50,9,62,10,14,63-57
51,97,11,10,24,62-59-0
52,74,69,10,5,58-64-61
53,1,14,10,18,62-1
54,46,22,10,11,62-65
lockers
node_idx,x,y,service_time,capacity,cost_per_unit_good
55,93,12,10,83
56,22,88,10,95
57,23,51,10,94
58,76,85,10,86
59,81,20,10,89
60,39,61,10,99
61,59,87,10,98
62,73,23,10,85
63,18,63,10,87
64,76,72,10,87
65,59,33,10,98
mrt lines
start_node_idx,end_node_idx,freight_capacity,cost_per_unit_good
55,56,95,0.5
56,55,95,0.5
distance matrix
,0,1,2,3,4,5,6,7,8,9,10,11,12,13,14,15,16,17,18,19,20,21,22,23,24,25,26,27,28,29,30,31,32,33,34,35,36,37,38,39,40,41,42,43,44,45,46,47,48,49,50,51,52,53,54,55,56,57,58,59,60,61,62,63,64,65,
0,0.0,48.55,26.63,71.59,25.5,43.19,52.2,38.83,33.62,37.7,52.39,16.28,27.29,67.48,6.71,73.41,55.57,39.05,65.8,34.37,48.85,10.0,52.2,18.68,27.46,30.07,66.31,40.8,22.36,19.85,59.44,20.52,60.21,56.65,30.02,58.25,47.2,60.44,26.91,18.6,65.46,31.11,14.87,26.93,34.66,29.61,22.83,29.41,31.89,60.75,27.07,80.81,38.33,61.03,43.17,77.16,27.78,18.38,45.18,62.94,4.24,32.53,55.23,18.03,40.79,38.6
1,48.55,0.0,56.14,80.22,34.89,91.4,14.21,87.37,28.44,85.88,96.54,64.64,37.01,78.03,41.88,73.01,75.13,77.94,109.64,31.78,74.33,45.97,14.21,38.6,26.17,68.24,109.81,89.31,65.8,30.08,42.54,68.6,100.17,81.74,26.0,59.41,94.11,87.36,23.77,57.97,51.48,19.42,41.11,31.02,82.8,72.8,42.54,19.24,17.72,49.65,39.01,87.82,78.82,12.73,36.01,83.73,66.1,30.87,90.55,71.06,47.8,80.6,63.0,40.79,82.2,50.01
2,26.63,56.14,0.0,98.08,48.26,53.76,65.38,47.17,29.41,41.18,70.26,33.14,19.65,94.02,28.32,99.09,82.15,62.37,82.87,55.95,75.13,36.24,65.38,42.64,30.02,54.71,83.73,49.4,45.35,28.86,80.96,37.01,81.06,82.76,30.27,83.63,61.39,86.16,33.06,11.0,88.19,37.0,39.62,25.18,47.07,21.26,48.1,39.32,39.01,83.86,17.72,107.3,60.83,66.29,65.37,103.59,12.04,29.41,62.29,89.27,30.81,45.71,81.34,16.49,62.39,64.35
3,71.59,80.22,98.08,0.0,53.71,82.86,69.07,85.23,91.55,91.24,68.26,73.01,91.71,4.47,70.21,14.21,19.92,51.24,74.24,50.7,29.41,61.85,69.07,56.94,83.38,51.0,73.33,85.44,60.21,76.92,42.45,72.4,59.21,27.02,86.16,21.02,76.69,30.27,79.48,89.83,36.25,80.01,59.08,87.24,78.0,96.83,50.77,74.63,78.45,34.48,92.66,9.22,54.41,89.05,44.28,5.83,98.31,75.13,69.43,9.49,67.36,76.56,18.03,85.44,56.75,34.89
4,25.5,34.89,48.26,53.71,0.0,61.85,32.02,59.48,37.95,60.67,62.97,37.48,38.28,50.33,20.62,51.86,43.1,43.42,75.69,9.0,40.45,17.03,32.02,7.0,29.73,33.97,75.74,61.03,33.62,23.32,33.96,40.26,65.46,48.26,32.57,36.24,62.43,53.6,25.96,43.08,40.31,27.17,11.0,33.54,53.49,55.11,7.81,22.02,26.02,35.78,39.41,62.61,44.6,47.17,17.72,58.59,52.55,21.63,57.8,44.28,22.09,51.26,35.78,33.24,48.1,18.97
5,43.19,91.4,53.76,82.86,61.85,0.0,93.06,7.0,75.0,15.3,21.95,26.91,66.57,78.45,49.68,91.41,62.94,31.62,31.4,70.23,53.45,46.14,93.06,55.46,70.09,34.01,32.56,5.1,28.86,62.94,91.41,22.8,36.06,57.27,72.35,80.1,9.85,56.94,70.01,43.46,94.34,74.28,51.88,68.41,8.6,35.13,55.03,72.47,75.07,89.36,65.51,90.82,28.46,104.02,76.4,88.54,43.74,61.55,15.56,77.67,43.6,10.82,73.44,57.43,26.4,63.29
6,52.2,14.21,65.38,69.07,32.02,93.06,0.0,89.96,40.31,89.81,94.92,67.23,47.54,67.36,45.61,60.53,66.73,74.97,107.49,25.61,67.54,46.96,0.0,37.74,35.9,65.8,107.48,91.71,65.46,37.0,29.12,70.68,96.54,74.32,36.69,48.04,94.3,80.11,32.39,65.12,37.95,28.86,41.18,41.23,84.53,79.51,39.7,26.08,26.68,36.67,49.48,76.06,76.38,20.0,26.25,72.03,74.01,37.05,89.81,60.3,50.33,82.3,52.77,49.09,79.93,42.49
7,38.83,87.37,47.17,85.23,59.48,7.0,89.96,0.0,69.53,8.54,28.23,22.83,60.8,80.78,45.49,92.89,65.39,34.48,38.33,68.15,55.95,43.08,89.96,52.81,65.07,34.93,39.46,2.24,28.0,58.26,90.45,19.31,42.06,60.54,67.18,80.75,16.49,60.8,65.3,37.12,94.01,69.66,49.04,63.03,7.28,28.16,53.15,68.24,70.6,89.01,59.64,93.52,31.38,99.86,74.97,91.0,36.88,57.01,21.1,79.4,39.82,9.06,74.53,51.86,30.0,63.01
8,33.62,28.44,29.41,91.55,37.95,75.0,40.31,69.53,0.0,65.8,86.01,48.88,9.85,88.26,28.86,88.32,80.41,71.59,99.4,41.68,76.24,37.34,40.31,36.35,8.25,61.98,99.92,71.7,55.66,16.0,62.94,53.34,93.41,84.29,5.39,72.95,80.26,89.09,12.08,34.41,71.45,12.73,36.01,6.71,66.85,48.88,42.58,17.8,14.87,68.12,11.7,100.32,71.31,37.22,50.22,96.25,40.72,18.0,78.72,82.08,35.44,64.9,73.54,17.69,74.04,56.92
9,37.7,85.88,41.18,91.24,60.67,15.3,89.81,8.54,65.8,0.0,36.77,23.19,56.59,86.76,44.38,98.03,71.59,41.4,46.69,69.58,62.27,43.74,89.81,53.76,62.2,40.31,47.85,10.2,32.02,56.08,93.01,21.02,50.54,67.42,64.03,85.15,25.0,68.12,62.97,32.02,97.25,67.42,49.82,59.55,14.14,20.88,55.08,66.65,68.6,92.27,55.23,99.76,38.42,98.11,77.1,97.05,30.08,55.07,29.53,84.86,39.56,15.0,79.4,48.17,37.48,66.61
10,52.39,96.54,70.26,68.26,62.97,21.95,94.92,28.23,86.01,36.77,0.0,38.08,79.06,64.12,57.71,79.06,49.0,21.02,13.42,69.81,40.11,51.04,94.92,58.05,79.61,29.21,13.93,26.83,31.06,71.59,86.41,33.73,14.21,41.3,82.29,70.61,12.21,39.29,78.39,59.3,87.28,82.15,55.44,79.31,24.33,54.59,55.23,79.06,82.38,82.54,78.45,75.13,18.87,109.22,73.57,73.55,62.07,69.84,8.0,65.07,51.0,25.08,62.97,69.57,15.26,57.7
11,16.28,64.64,33.14,73.01,37.48,26.91,67.23,22.83,48.88,23.19,38.08,0.0,41.23,68.6,22.8,77.82,54.49,29.73,51.24,46.39,46.01,20.62,67.23,30.59,43.42,23.6,51.92,24.7,13.6,36.07,70.03,4.47,48.0,52.8,45.8,63.91,31.38,55.23,43.14,22.2,74.67,47.38,26.68,42.19,18.38,24.04,32.0,45.61,48.17,69.72,40.5,82.01,27.89,77.2,54.01,78.82,27.73,34.66,30.36,65.51,17.0,16.28,59.03,31.78,29.27,44.64
12,27.29,37.01,19.65,91.71,38.28,66.57,47.54,60.8,9.85,56.59,79.06,41.23,0.0,88.1,24.08,90.0,78.75,66.27,92.36,43.86,73.55,33.24,47.54,34.93,11.7,57.04,92.97,63.01,49.65,15.0,67.2,45.69,87.48,81.58,11.05,74.4,72.45,85.99,15.65,24.84,75.29,18.68,33.53,6.32,58.67,39.12,41.23,22.36,20.88,71.51,2.0,100.72,65.62,46.69,53.04,96.75,30.87,16.64,71.51,82.37,30.02,56.82,73.93,9.49,68.07,56.82
13,67.48,78.03,94.02,4.47,50.33,78.45,67.36,80.78,88.26,86.76,64.12,68.6,88.1,0.0,66.29,16.55,15.52,46.84,70.46,47.85,25.0,57.8,67.36,53.24,80.06,46.53,69.58,80.99,55.76,73.41,41.79,67.96,55.44,23.02,82.87,19.65,72.37,26.68,76.22,85.63,36.36,76.92,55.23,83.77,73.54,92.46,47.01,71.57,75.43,34.01,89.01,13.45,50.0,87.28,42.01,10.3,94.05,71.59,65.12,7.07,63.25,72.09,15.13,81.63,52.39,31.38
14,6.71,41.88,28.32,70.21,20.62,49.68,45.61,45.49,28.86,44.38,57.71,22.8,24.08,66.29,0.0,70.77,55.54,42.76,71.12,29.12,49.73,9.22,45.61,14.42,21.93,33.24,71.55,47.43,26.93,13.89,54.41,26.91,64.56,57.72,24.7,55.32,53.26,61.98,20.81,22.47,60.93,24.84,11.31,22.36,41.11,35.13,19.8,22.8,25.46,56.36,24.33,79.4,42.45,54.41,38.28,75.6,31.95,12.21,50.77,61.22,6.71,38.95,53.15,15.81,45.22,36.07
15,73.41,73.01,99.09,14.21,51.86,91.41,60.53,92.89,88.32,98.03,79.06,77.82,90.0,16.55,70.77,0.0,30.15,60.3,86.31,46.65,39.0,63.41,60.53,56.57,80.45,57.97,85.51,93.39,66.13,75.0,32.0,78.0,71.39,38.83,83.01,15.62,86.28,43.01,76.32,92.01,24.33,76.06,59.46,84.88,85.62,100.85,50.99,70.71,74.24,24.02,91.21,16.76,63.39,80.4,38.48,13.42,101.02,73.41,79.16,14.0,69.2,83.93,18.79,84.96,66.19,34.83
16,55.57,75.13,82.15,19.92,43.1,62.94,66.73,65.39,80.41,71.59,49.0,54.49,78.75,15.52,55.54,30.15,0.0,31.32,56.29,43.42,9.49,46.52,66.73,44.15,72.18,31.62,55.54,65.55,41.23,64.76,46.1,53.41,41.48,9.43,75.13,25.0,56.89,14.87,68.73,73.01,43.42,70.26,45.22,75.19,58.18,78.52,37.85,65.12,69.12,39.62,79.38,28.18,34.48,85.87,40.5,25.63,80.92,62.82,49.65,16.28,51.48,56.8,17.03,71.31,36.88,25.18
17,39.05,77.94,62.37,51.24,43.42,31.62,74.97,34.48,71.59,41.4,21.02,29.73,66.27,46.84,42.76,60.3,31.32,0.0,32.65,49.52,21.84,34.48,74.97,39.45,64.29,9.85,32.56,34.44,17.12,56.04,65.39,26.83,22.36,26.08,67.19,50.36,26.02,26.87,62.3,51.66,66.48,65.55,37.58,65.12,27.46,52.48,35.61,61.74,65.39,61.68,66.12,59.24,3.16,90.44,52.7,56.92,57.38,54.12,19.03,46.39,36.35,26.4,43.05,57.08,6.08,36.67
18,65.8,109.64,82.87,74.24,75.69,31.4,107.49,38.33,99.4,46.69,13.42,51.24,92.36,70.46,71.12,86.31,56.29,32.65,0.0,82.13,48.38,64.35,107.49,71.06,93.02,41.73,1.41,36.5,44.42,85.0,97.13,46.84,15.03,47.52,95.71,79.71,22.02,44.05,91.79,72.01,97.17,95.52,68.6,92.7,36.06,66.03,67.9,92.36,95.72,92.61,91.71,80.01,31.11,122.29,85.21,79.06,74.06,83.24,20.88,72.57,64.41,37.22,71.78,82.87,27.59,68.8
19,34.37,31.78,55.95,50.7,9.0,70.23,25.61,68.15,41.68,69.58,69.81,46.39,43.86,47.85,29.12,46.65,43.42,49.52,82.13,0.0,42.72,26.02,25.61,16.0,33.84,40.61,82.07,69.64,41.63,29.0,25.3,49.03,70.94,50.0,36.36,31.3,70.24,55.66,29.68,51.55,32.25,29.55,20.0,38.42,61.98,63.95,15.23,24.17,27.86,28.02,45.25,59.14,51.09,43.08,9.43,55.03,61.03,27.66,65.19,41.23,31.06,59.77,32.76,40.22,54.67,18.25
20,48.85,74.33,75.13,29.41,40.45,53.45,67.54,55.95,76.24,62.27,40.11,46.01,73.55,25.0,49.73,39.0,9.49,21.84,48.38,42.72,0.0,40.52,67.54,40.01,68.12,22.67,47.76,56.08,32.53,60.3,50.45,44.6,34.01,8.06,71.11,31.38,47.52,13.15,65.01,65.51,49.24,67.07,40.31,70.58,48.75,70.04,34.01,62.2,66.19,44.94,73.98,37.58,25.0,85.8,41.88,35.11,73.01,58.31,40.31,25.0,44.94,47.41,23.41,65.52,27.46,25.06
21,10.0,45.97,36.24,61.85,17.03,46.14,46.96,43.08,37.34,43.74,51.04,20.62,33.24,57.8,9.22,63.41,46.52,34.48,64.35,26.02,40.52,0.0,46.96,10.05,29.83,24.74,64.66,44.78,20.0,21.59,50.49,23.77,56.65,48.51,32.76,48.26,48.17,52.77,27.86,28.6,56.04,31.3,6.08,31.06,37.59,38.9,13.0,28.02,31.38,51.24,33.54,71.06,34.54,58.69,34.23,67.36,37.74,19.65,44.69,53.08,5.83,35.36,45.28,25.0,37.58,28.6
22,52.2,14.21,65.38,69.07,32.02,93.06,0.0,89.96,40.31,89.81,94.92,67.23,47.54,67.36,45.61,60.53,66.73,74.97,107.49,25.61,67.54,46.96,0.0,37.74,35.9,65.8,107.48,91.71,65.46,37.0,29.12,70.68,96.54,74.32,36.69,48.04,94.3,80.11,32.39,65.12,37.95,28.86,41.18,41.23,84.53,79.51,39.7,26.08,26.68,36.67,49.48,76.06,76.38,20.0,26.25,72.03,74.01,37.05,89.81,60.3,50.33,82.3,52.77,49.09,79.93,42.49
23,18.68,38.6,42.64,56.94,7.0,55.46,37.74,52.81,36.35,53.76,58.05,30.59,34.93,53.24,14.42,56.57,44.15,39.45,71.06,16.0,40.01,10.05,37.74,0.0,28.16,29.68,71.22,54.42,27.8,20.62,40.79,33.53,61.77,48.04,31.14,41.04,56.61,53.01,25.0,36.67,46.82,27.29,4.0,31.05,47.01,48.27,6.32,22.8,26.68,42.15,35.78,66.04,40.22,51.22,24.52,62.13,46.1,18.68,52.4,47.71,15.13,44.78,39.41,28.6,43.6,22.2
24,27.46,26.17,30.02,83.38,29.73,70.09,35.9,65.07,8.25,62.2,79.61,43.42,11.7,80.06,21.93,80.45,72.18,64.29,93.02,33.84,68.12,29.83,35.9,28.16,0.0,54.57,93.47,67.18,48.85,8.25,56.08,47.8,86.33,76.16,3.0,65.0,74.63,81.02,4.24,32.31,64.38,7.07,28.02,5.39,61.72,47.17,34.37,10.82,9.22,60.83,13.6,92.2,64.2,37.0,42.64,88.14,40.02,10.2,72.56,73.93,28.64,59.67,65.39,14.87,67.07,48.7
25,30.07,68.24,54.71,51.0,33.97,34.01,65.8,34.93,61.98,40.31,29.21,23.6,57.04,46.53,33.24,57.97,31.62,9.85,41.73,40.61,22.67,24.74,65.8,29.68,54.57,0.0,41.77,35.51,10.0,46.32,58.52,21.93,32.2,29.21,57.49,46.1,31.05,31.76,52.5,44.38,60.67,55.71,27.73,55.58,27.66,47.51,26.17,51.89,55.54,55.73,57.0,59.68,10.63,80.8,44.72,56.82,51.11,44.38,25.08,44.6,27.02,25.96,39.62,48.01,14.14,29.83
26,66.31,109.81,83.73,73.33,75.74,32.56,107.48,39.46,99.92,47.85,13.93,51.92,92.97,69.58,71.55,85.51,55.54,32.56,1.41,82.07,47.76,64.66,107.48,71.22,93.47,41.77,0.0,37.66,44.78,85.42,96.75,47.54,14.14,46.69,96.18,79.12,23.09,43.1,92.18,72.84,96.66,95.88,68.82,93.23,37.01,67.07,67.94,92.65,96.04,92.14,92.35,79.0,31.14,122.44,85.0,78.1,75.03,83.65,21.59,71.81,64.85,38.12,71.17,83.49,27.66,68.51
27,40.8,89.31,49.4,85.44,61.03,5.1,91.71,2.24,71.7,10.2,26.83,24.7,63.01,80.99,47.43,93.39,65.55,34.44,36.5,69.64,56.08,44.78,91.71,54.42,67.18,35.51,37.66,0.0,29.07,60.31,91.66,21.02,40.82,60.42,69.31,81.5,14.87,60.46,67.36,39.36,95.05,71.7,50.7,65.19,8.0,30.27,54.57,70.21,72.62,90.05,61.85,93.62,31.3,101.83,76.3,91.18,39.05,59.03,20.0,79.81,41.68,10.05,75.13,54.04,29.68,64.01
28,22.36,65.8,45.35,60.21,33.62,28.86,65.46,28.0,55.66,32.02,31.06,13.6,49.65,55.76,26.93,66.13,41.23,17.12,44.42,41.63,32.53,20.0,65.46,27.8,48.85,10.0,44.78,29.07,0.0,40.72,62.65,12.21,37.85,39.2,51.62,53.15,28.84,41.68,47.41,34.79,66.01,51.11,24.76,49.04,21.1,37.54,26.4,48.01,51.31,61.01,49.37,69.07,16.03,78.52,47.54,66.04,41.18,38.91,24.76,53.23,20.25,19.03,47.43,40.31,18.44,35.01
29,19.85,30.08,28.86,76.92,23.32,62.94,37.0,58.26,16.0,56.08,71.59,36.07,15.0,73.41,13.89,75.0,64.76,56.04,85.0,29.0,60.3,21.59,37.0,20.62,8.25,46.32,85.42,60.31,40.72,0.0,53.0,40.36,78.11,68.36,11.18,59.41,67.01,73.11,7.07,28.28,60.8,11.4,20.02,10.44,54.45,42.95,26.93,11.18,12.53,56.85,16.28,85.88,55.97,42.06,38.29,81.88,37.01,2.0,64.66,67.54,20.59,52.35,59.06,12.37,58.87,42.05
30,59.44,42.54,80.96,42.45,33.96,91.41,29.12,90.45,62.94,93.01,86.41,70.03,67.2,41.79,54.41,32.0,46.1,65.39,97.13,25.3,50.45,50.49,29.12,40.79,56.08,58.52,96.75,91.66,62.65,53.0,0.0,72.03,83.76,55.17,58.05,22.36,89.56,60.88,51.86,76.84,8.94,50.21,44.72,61.22,83.73,89.05,38.05,45.34,48.08,8.06,68.82,48.26,67.78,48.66,16.28,44.41,86.33,51.97,83.49,34.93,55.9,81.61,29.41,64.88,71.31,28.79
31,20.52,68.6,37.01,72.4,40.26,22.8,70.68,19.31,53.34,21.02,33.73,4.47,45.69,67.96,26.91,78.0,53.41,26.83,46.84,49.03,44.6,23.77,70.68,33.53,47.8,21.93,47.54,21.02,12.21,40.36,72.03,0.0,44.05,50.99,50.22,64.56,26.93,53.01,47.42,26.02,76.24,51.62,29.73,46.65,14.21,25.81,34.23,49.68,52.35,71.25,44.94,81.27,24.7,81.22,56.22,78.23,30.68,38.9,25.96,65.3,20.81,12.04,59.24,36.25,25.71,45.71
32,60.21,100.17,81.06,59.21,65.46,36.06,96.54,42.06,93.41,50.54,14.21,48.0,87.48,55.44,64.56,71.39,41.48,22.36,15.03,70.94,34.01,56.65,96.54,61.77,86.33,32.2,14.14,40.82,37.85,78.11,83.76,44.05,0.0,32.56,89.19,65.39,26.4,29.02,84.5,70.06,83.19,87.85,59.93,86.83,37.34,67.19,57.69,84.1,87.73,78.77,87.13,65.03,22.14,112.61,72.92,64.03,73.98,76.22,21.02,57.72,57.97,37.64,57.38,78.09,19.42,56.08
33,56.65,81.74,82.76,27.02,48.26,57.27,74.32,60.54,84.29,67.42,41.3,52.8,81.58,23.02,57.72,38.83,9.43,26.08,47.52,50.0,8.06,48.51,74.32,48.04,76.16,29.21,46.69,60.42,39.2,68.36,55.17,50.99,32.56,0.0,79.16,34.41,50.29,5.83,73.03,72.95,52.8,75.03,48.37,78.64,53.54,76.69,42.0,70.11,74.11,48.92,82.0,33.96,29.15,92.97,48.3,32.25,80.16,66.37,43.01,25.3,52.81,52.43,26.4,73.5,30.87,31.95
34,30.02,26.0,30.27,86.16,32.57,72.35,36.69,67.18,5.39,64.03,82.29,45.8,11.05,82.87,24.7,83.01,75.13,67.19,95.71,36.36,71.11,32.76,36.69,31.14,3.0,57.49,96.18,69.31,51.62,11.18,58.05,50.22,89.19,79.16,0.0,67.6,77.1,84.02,6.71,33.54,66.47,8.06,31.02,5.1,64.03,48.33,37.34,12.73,10.3,63.03,13.04,94.94,67.05,36.14,45.0,90.87,40.8,13.15,75.18,76.69,31.38,62.01,68.15,16.12,69.89,51.55
35,58.25,59.41,83.63,21.02,36.24,80.1,48.04,80.75,72.95,85.15,70.61,63.91,74.4,19.65,55.32,15.62,25.0,50.36,79.71,31.3,31.38,48.26,48.04,41.04,65.0,46.1,79.12,81.5,53.15,59.41,22.36,64.56,65.39,34.41,67.6,0.0,76.16,39.82,60.9,76.84,18.44,60.84,44.05,69.34,73.55,86.31,35.61,55.46,59.09,15.0,75.6,28.44,53.24,68.03,23.77,24.33,85.98,57.8,69.35,12.65,54.08,71.7,8.06,69.35,56.44,19.72
36,47.2,94.11,61.39,76.69,62.43,9.85,94.3,16.49,80.26,25.0,12.21,31.38,72.45,72.37,53.26,86.28,56.89,26.02,22.02,70.24,47.52,48.17,94.3,56.61,74.63,31.05,23.09,14.87,28.84,67.01,89.56,26.93,26.4,50.29,77.1,76.16,0.0,49.24,74.03,50.7,91.59,78.1,53.41,73.57,14.32,44.01,55.07,75.69,78.64,86.68,71.59,84.2,23.0,106.83,75.39,82.23,52.15,65.44,7.28,72.34,46.75,15.81,69.01,63.06,20.1,60.88
37,60.44,87.36,86.16,30.27,53.6,56.94,80.11,60.8,89.09,68.12,39.29,55.23,85.99,26.68,61.98,43.01,14.87,26.87,44.05,55.66,13.15,52.77,80.11,53.01,81.02,31.76,43.1,60.46,41.68,73.11,60.88,53.01,29.02,5.83,84.02,39.82,49.24,0.0,78.01,76.06,58.26,80.16,53.08,83.29,54.04,78.82,47.1,75.33,79.31,54.49,86.31,36.12,29.73,98.68,54.12,35.01,82.86,71.11,42.05,29.97,56.75,53.15,31.89,77.67,30.81,37.7
38,26.91,23.77,33.06,79.48,25.96,70.01,32.39,65.3,12.08,62.97,78.39,43.14,15.65,76.22,20.81,76.32,68.73,62.3,91.79,29.68,65.01,27.86,32.39,25.0,4.24,52.5,92.18,67.36,47.41,7.07,51.86,47.42,84.5,73.03,6.71,60.9,74.03,78.01,0.0,34.21,60.14,4.47,25.32,9.43,61.52,49.04,31.06,6.71,6.08,56.59,17.46,88.24,62.39,35.34,38.42,84.17,42.43,8.6,71.56,70.01,27.46,59.41,61.47,17.12,65.39,44.92
39,18.6,57.97,11.0,89.83,43.08,43.46,65.12,37.12,34.41,32.02,59.3,22.2,24.84,85.63,22.47,92.01,73.01,51.66,72.01,51.55,65.51,28.6,65.12,36.67,32.31,44.38,72.84,39.36,34.79,28.28,76.84,26.02,70.06,72.95,33.54,76.84,50.7,76.06,34.21,0.0,83.38,38.6,33.12,28.65,36.4,14.87,41.34,39.46,40.26,78.79,23.35,99.04,50.01,69.29,60.75,95.46,9.49,28.07,51.35,81.34,22.8,34.93,73.76,17.46,51.48,57.2
40,65.46,51.48,88.19,36.25,40.31,94.34,37.95,94.01,71.45,97.25,87.28,74.67,75.29,36.36,60.93,24.33,43.42,66.48,97.17,32.25,49.24,56.04,37.95,46.82,64.38,60.67,96.66,95.05,66.01,60.8,8.94,76.24,83.19,52.8,66.47,18.44,91.59,58.26,60.14,83.38,0.0,58.73,50.6,69.43,87.05,94.92,43.17,53.74,56.64,5.0,76.84,41.0,69.12,57.27,22.83,37.36,92.85,59.64,85.15,30.0,61.68,85.02,26.4,72.4,72.53,31.06
41,31.11,19.42,37.0,80.01,27.17,74.28,28.86,69.66,12.73,67.42,82.15,47.38,18.68,76.92,24.84,76.06,70.26,65.55,95.52,29.55,67.07,31.3,28.86,27.29,7.07,55.71,95.88,71.7,51.11,11.4,50.21,51.62,87.85,75.03,8.06,60.84,78.1,80.16,4.47,38.6,58.73,0.0,28.16,12.37,65.76,53.45,33.06,5.39,2.24,55.44,20.62,88.6,65.8,30.87,37.74,84.5,46.69,12.73,75.45,70.52,31.4,63.64,61.98,21.38,68.88,45.89
42,14.87,41.11,39.62,59.08,11.0,51.88,41.18,49.04,36.01,49.82,55.44,26.68,33.53,55.23,11.31,59.46,45.22,37.58,68.6,20.0,40.31,6.08,41.18,4.0,28.02,27.73,68.82,50.7,24.76,20.02,44.72,29.73,59.93,48.37,31.02,44.05,53.41,53.08,25.32,33.12,50.6,28.16,0.0,30.27,43.38,44.38,8.49,24.17,27.86,45.88,34.18,68.24,38.08,53.81,28.44,64.4,42.49,18.03,49.5,50.0,11.18,41.15,41.87,26.42,41.34,24.76
43,26.93,31.02,25.18,87.24,33.54,68.41,41.23,63.03,6.71,59.55,79.31,42.19,6.32,83.77,22.36,84.88,75.19,65.12,92.7,38.42,70.58,31.06,41.23,31.05,5.39,55.58,93.23,65.19,49.04,10.44,61.22,46.65,86.83,78.64,5.1,69.34,73.57,83.29,9.43,28.65,69.43,12.37,30.27,0.0,60.22,43.38,37.36,16.12,14.56,65.76,8.25,96.15,64.76,41.23,47.42,92.13,35.74,12.37,72.01,77.82,28.86,58.25,69.32,11.4,67.45,52.39
44,34.66,82.8,47.07,78.0,53.49,8.6,84.53,7.28,66.85,14.14,24.33,18.38,58.67,73.54,41.11,85.62,58.18,27.46,36.06,61.98,48.75,37.59,84.53,47.01,61.72,27.66,37.01,8.0,21.1,54.45,83.73,14.21,37.34,53.54,64.03,73.55,14.32,54.04,61.52,36.4,87.05,65.76,43.38,60.22,0.0,30.27,46.84,63.89,66.53,82.05,57.71,86.33,24.41,95.43,68.45,83.77,38.01,53.04,16.49,72.12,35.0,2.24,67.27,49.4,23.35,56.01
45,29.61,72.8,21.26,96.83,55.11,35.13,79.51,28.16,48.88,20.88,54.59,24.04,39.12,92.46,35.13,100.85,78.52,52.48,66.03,63.95,70.04,38.9,79.51,48.27,47.17,47.51,67.07,30.27,37.54,42.95,89.05,25.81,67.19,76.69,48.33,86.31,44.01,78.82,49.04,14.87,94.92,53.45,44.38,43.38,30.27,0.0,51.87,54.13,55.08,90.14,37.44,105.89,50.12,84.15,72.78,102.62,9.43,42.58,46.69,89.05,33.24,29.61,82.15,32.31,50.57,66.64
46,22.83,42.54,48.1,50.77,7.81,55.03,39.7,53.15,42.58,55.08,55.23,32.0,41.23,47.01,19.8,50.99,37.85,35.61,67.9,15.23,34.01,13.0,39.7,6.32,34.37,26.17,67.94,54.57,26.4,26.93,38.05,34.23,57.69,42.0,37.34,35.61,55.07,47.1,31.06,41.34,43.17,33.06,8.49,37.36,46.84,51.87,0.0,28.28,32.25,38.33,42.05,59.91,36.8,54.92,22.02,56.04,50.61,25.0,50.22,41.62,18.79,44.64,33.42,34.67,40.31,16.28
47,29.41,19.24,39.32,74.63,22.02,72.47,26.08,68.24,17.8,66.65,79.06,45.61,22.36,71.57,22.8,70.71,65.12,61.74,92.36,24.17,62.2,28.02,26.08,22.8,10.82,51.89,92.65,70.21,48.01,11.18,45.34,49.68,84.1,70.11,12.73,55.46,75.69,75.33,6.71,39.46,53.74,5.39,24.17,16.12,63.89,54.13,28.28,0.0,4.0,50.33,24.17,83.22,62.18,31.62,32.45,79.12,48.09,11.7,72.62,65.15,29.0,61.72,56.61,23.02,65.37,40.61
48,31.89,17.72,39.01,78.45,26.02,75.07,26.68,70.6,14.87,68.6,82.38,48.17,20.88,75.43,25.46,74.24,69.12,65.39,95.72,27.86,66.19,31.38,26.68,26.68,9.22,55.54,96.04,72.62,51.31,12.53,48.08,52.35,87.73,74.11,10.3,59.09,78.64,79.31,6.08,40.26,56.64,2.24,27.86,14.56,66.53,55.08,32.25,4.0,0.0,53.41,22.8,86.98,65.74,29.53,35.85,82.87,48.51,13.6,75.8,68.96,31.89,64.38,60.44,23.19,68.88,44.55
49,60.75,49.65,83.86,34.48,35.78,89.36,36.67,89.01,68.12,92.27,82.54,69.72,71.51,34.01,56.36,24.02,39.62,61.68,92.61,28.02,44.94,51.24,36.67,42.15,60.83,55.73,92.14,90.05,61.01,56.85,8.06,71.25,78.77,48.92,63.03,15.0,86.68,54.49,56.59,78.79,5.0,55.44,45.88,65.76,82.05,90.14,38.33,50.33,53.41,0.0,73.0,40.2,64.29,56.44,18.6,36.35,88.24,55.61,80.28,27.29,56.92,80.02,22.63,68.24,67.72,26.08
50,27.07,39.01,17.72,92.66,39.41,65.51,49.48,59.64,11.7,55.23,78.45,40.5,2.0,89.01,24.33,91.21,79.38,66.12,91.71,45.25,73.98,33.54,49.48,35.78,13.6,57.0,92.35,61.85,49.37,16.28,68.82,44.94,87.13,82.0,13.04,75.6,71.59,86.31,17.46,23.35,76.84,20.62,34.18,8.25,57.71,37.44,42.05,24.17,22.8,73.0,0.0,101.71,65.38,48.66,54.49,97.75,29.07,17.8,70.84,83.35,30.02,55.9,74.95,9.06,67.74,57.8
51,80.81,87.82,107.3,9.22,62.61,90.82,76.06,93.52,100.32,99.76,75.13,82.01,100.72,13.45,79.4,16.76,28.18,59.24,80.01,59.14,37.58,71.06,76.06,66.04,92.2,59.68,79.0,93.62,69.07,85.88,48.26,81.27,65.03,33.96,94.94,28.44,84.2,36.12,88.24,99.04,41.0,88.6,68.24,96.15,86.33,105.89,59.91,83.22,86.98,40.2,101.71,0.0,62.39,96.05,52.17,4.12,107.49,84.12,76.92,18.36,76.58,84.97,26.83,94.58,64.51,43.91
52,38.33,78.82,60.83,54.41,44.6,28.46,76.38,31.38,71.31,38.42,18.87,27.89,65.62,50.0,42.45,63.39,34.48,3.16,31.11,51.09,25.0,34.54,76.38,40.22,64.2,10.63,31.14,31.3,16.03,55.97,67.78,24.7,22.14,29.15,67.05,53.24,23.0,29.73,62.39,50.01,69.12,65.8,38.08,64.76,24.41,50.12,36.8,62.18,65.74,64.29,65.38,62.39,0.0,91.4,54.71,60.08,55.36,54.08,16.12,49.5,35.9,23.43,46.01,56.32,3.61,39.0
53,61.03,12.73,66.29,89.05,47.17,104.02,20.0,99.86,37.22,98.11,109.22,77.2,46.69,87.28,54.41,80.4,85.87,90.44,122.29,43.08,85.8,58.69,20.0,51.22,37.0,80.8,122.44,101.83,78.52,42.06,48.66,81.22,112.61,92.97,36.14,68.03,106.83,98.68,35.34,69.29,57.27,30.87,53.81,41.23,95.43,84.15,54.92,31.62,29.53,56.44,48.66,96.05,91.4,0.0,45.71,92.02,76.92,43.05,103.28,80.22,60.44,93.24,72.56,51.87,94.81,61.03
54,43.17,36.01,65.37,44.28,17.72,76.4,26.25,74.97,50.22,77.1,73.57,54.01,53.04,42.01,38.28,38.48,40.5,52.7,85.21,9.43,41.88,34.23,26.25,24.52,42.64,44.72,85.0,76.3,47.54,38.29,16.28,56.22,72.92,48.3,45.0,23.77,75.39,54.12,38.42,60.75,22.83,37.74,28.44,47.42,68.45,72.78,22.02,32.45,35.85,18.6,54.49,52.17,54.71,45.71,0.0,48.05,70.23,37.01,69.78,35.06,39.62,66.29,27.02,49.65,58.31,17.03
55,77.16,83.73,103.59,5.83,58.59,88.54,72.03,91.0,96.25,97.05,73.55,78.82,96.75,10.3,75.6,13.42,25.63,56.92,79.06,55.03,35.11,67.36,72.03,62.13,88.14,56.82,78.1,91.18,66.04,81.88,44.41,78.23,64.03,32.25,90.87,24.33,82.23,35.01,84.17,95.46,37.36,84.5,64.4,92.13,83.77,102.62,56.04,79.12,82.87,36.35,97.75,4.12,60.08,92.02,48.05,0.0,104.0,80.13,74.95,14.42,72.92,82.35,22.83,90.7,62.36,39.96
56,27.78,66.1,12.04,98.31,52.55,43.74,74.01,36.88,40.72,30.08,62.07,27.73,30.87,94.05,31.95,101.02,80.92,57.38,74.06,61.03,73.01,37.74,74.01,46.1,40.02,51.11,75.03,39.05,41.18,37.01,86.33,30.68,73.98,80.16,40.8,85.98,52.15,82.86,42.43,9.49,92.85,46.69,42.49,35.74,38.01,9.43,50.61,48.09,48.51,88.24,29.07,107.49,55.36,76.92,70.23,104.0,0.0,37.01,54.08,90.03,31.91,37.01,82.62,25.32,56.32,66.29
57,18.38,30.87,29.41,75.13,21.63,61.55,37.05,57.01,18.0,55.07,69.84,34.66,16.64,71.59,12.21,73.41,62.82,54.12,83.24,27.66,58.31,19.65,37.05,18.68,10.2,44.38,83.65,59.03,38.91,2.0,51.97,38.9,76.22,66.37,13.15,57.8,65.44,71.11,8.6,28.07,59.64,12.73,18.03,12.37,53.04,42.58,25.0,11.7,13.6,55.61,17.8,84.12,54.08,43.05,37.01,80.13,37.01,0.0,62.97,65.76,18.87,50.91,57.31,13.0,57.01,40.25
58,45.18,90.55,62.29,69.43,57.8,15.56,89.81,21.1,78.72,29.53,8.0,30.36,71.51,65.12,50.77,79.16,49.65,19.03,20.88,65.19,40.31,44.69,89.81,52.4,72.56,25.08,21.59,20.0,24.76,64.66,83.49,25.96,21.02,43.01,75.18,69.35,7.28,42.05,71.56,51.35,85.15,75.45,49.5,72.01,16.49,46.69,50.22,72.62,75.8,80.28,70.84,76.92,16.12,103.28,69.78,74.95,54.08,62.97,0.0,65.19,44.1,17.12,62.07,62.03,13.0,54.71
59,62.94,71.06,89.27,9.49,44.28,77.67,60.3,79.4,82.08,84.86,65.07,65.51,82.37,7.07,61.22,14.0,16.28,46.39,72.57,41.23,25.0,53.08,60.3,47.71,73.93,44.6,71.81,79.81,53.23,67.54,34.93,65.3,57.72,25.3,76.69,12.65,72.34,29.97,70.01,81.34,30.0,70.52,50.0,77.82,72.12,89.05,41.62,65.15,68.96,27.29,83.35,18.36,49.5,80.22,35.06,14.42,90.03,65.76,65.19,0.0,58.69,70.52,8.54,76.28,52.24,25.55
60,4.24,47.8,30.81,67.36,22.09,43.6,50.33,39.82,35.44,39.56,51.0,17.0,30.02,63.25,6.71,69.2,51.48,36.35,64.41,31.06,44.94,5.83,50.33,15.13,28.64,27.02,64.85,41.68,20.25,20.59,55.9,20.81,57.97,52.81,31.38,54.08,46.75,56.75,27.46,22.8,61.68,31.4,11.18,28.86,35.0,33.24,18.79,29.0,31.89,56.92,30.02,76.58,35.9,60.44,39.62,72.92,31.91,18.87,44.1,58.69,0.0,32.8,50.99,21.1,38.6,34.41
61,32.53,80.6,45.71,76.56,51.26,10.82,82.3,9.06,64.9,15.0,25.08,16.28,56.82,72.09,38.95,83.93,56.8,26.4,37.22,59.77,47.41,35.36,82.3,44.78,59.67,25.96,38.12,10.05,19.03,52.35,81.61,12.04,37.64,52.43,62.01,71.7,15.81,53.15,59.41,34.93,85.02,63.64,41.15,58.25,2.24,29.61,44.64,61.72,64.38,80.02,55.9,84.97,23.43,93.24,66.29,82.35,37.01,50.91,17.12,70.52,32.8,0.0,65.51,47.51,22.67,54.0
62,55.23,63.0,81.34,18.03,35.78,73.44,52.77,74.53,73.54,79.4,62.97,59.03,73.93,15.13,53.15,18.79,17.03,43.05,71.78,32.76,23.41,45.28,52.77,39.41,65.39,39.62,71.17,75.13,47.43,59.06,29.41,59.24,57.38,26.4,68.15,8.06,69.01,31.89,61.47,73.76,26.4,61.98,41.87,69.32,67.27,82.15,33.42,56.61,60.44,22.63,74.95,26.83,46.01,72.56,27.02,22.83,82.62,57.31,62.07,8.54,50.99,65.51,0.0,68.01,49.09,17.2
63,18.03,40.79,16.49,85.44,33.24,57.43,49.09,51.86,17.69,48.17,69.57,31.78,9.49,81.63,15.81,84.96,71.31,57.08,82.87,40.22,65.52,25.0,49.09,28.6,14.87,48.01,83.49,54.04,40.31,12.37,64.88,36.25,78.09,73.5,16.12,69.35,63.06,77.67,17.12,17.46,72.4,21.38,26.42,11.4,49.4,32.31,34.67,23.02,23.19,68.24,9.06,94.58,56.32,51.87,49.65,90.7,25.32,13.0,62.03,76.28,21.1,47.51,68.01,0.0,58.69,50.8
64,40.79,82.2,62.39,56.75,48.1,26.4,79.93,30.0,74.04,37.48,15.26,29.27,68.07,52.39,45.22,66.19,36.88,6.08,27.59,54.67,27.46,37.58,79.93,43.6,67.07,14.14,27.66,29.68,18.44,58.87,71.31,25.71,19.42,30.87,69.89,56.44,20.1,30.81,65.39,51.48,72.53,68.88,41.34,67.45,23.35,50.57,40.31,65.37,68.88,67.72,67.74,64.51,3.61,94.81,58.31,62.36,56.32,57.01,13.0,52.24,38.6,22.67,49.09,58.69,0.0,42.54
65,38.6,50.01,64.35,34.89,18.97,63.29,42.49,63.01,56.92,66.61,57.7,44.64,56.82,31.38,36.07,34.83,25.18,36.67,68.8,18.25,25.06,28.6,42.49,22.2,48.7,29.83,68.51,64.01,35.01,42.05,28.79,45.71,56.08,31.95,51.55,19.72,60.88,37.7,44.92,57.2,31.06,45.89,24.76,52.39,56.01,66.64,16.28,40.61,44.55,26.08,57.8,43.91,39.0,61.03,17.03,39.96,66.29,40.25,54.71,25.55,34.41,54.0,17.2,50.8,42.54,0.0
