set K:= 1	2	3	4	5	6	7	8	9;
set C_H:= 1	2	3	4	5	6	7	8	9	10	11	12	13	14	15	16	17	18	19	20	21;
set C_S:= 22	23	24	25	26	27	28	29	30	31	32	33	34	35	36	37	38	39	40;
set C_F:= 41	42	43	44	45	46	47	48	49	50	51	52	53	54	55	56	57	58	59;
set M:= 60	61	62	63	64	65;
set M_B:= 66	67	68	69	70	71;
set L_B:= 72	73	74	75	76	77	78	79	80;
set A1:=
(0,*) 1 2 3 4 5 6 7 8 9 10 11 12 13 14 15 16 17 18 19 20 21 41 42 43 44 45 46 47 48 49 50 51 52 53 54 55 56 57 58 59 60 61 62 63 64 65 66 67 68 69 70 71 72 73 74 75 76 77 78 79 80
(1,*) 0 2 3 4 5 6 7 8 9 10 11 12 13 14 15 16 17 18 19 20 21 41 42 43 44 45 46 47 48 49 50 51 52 53 54 55 56 57 58 59 60 61 62 63 64 65 66 67 68 69 70 71 72 73 74 75 76 77 78 79 80
(2,*) 0 1 3 4 5 6 7 8 9 10 11 12 13 14 15 16 17 18 19 20 21 41 42 43 44 45 46 47 48 49 50 51 52 53 54 55 56 57 58 59 60 61 62 63 64 65 66 67 68 69 70 71 72 73 74 75 76 77 78 79 80
(3,*) 0 1 2 4 5 6 7 8 9 10 11 12 13 14 15 16 17 18 19 20 21 41 42 43 44 45 46 47 48 49 50 51 52 53 54 55 56 57 58 59 60 61 62 63 64 65 66 67 68 69 70 71 72 73 74 75 76 77 78 79 80
(4,*) 0 1 2 3 5 6 7 8 9 10 11 12 13 14 15 16 17 18 19 20 21 41 42 43 44 45 46 47 48 49 50 51 52 53 54 55 56 57 58 59 60 61 62 63 64 65 66 67 68 69 70 71 72 73 74 75 76 77 78 79 80
(5,*) 0 1 2 3 4 6 7 8 9 10 11 12 13 14 15 16 17 18 19 20 21 41 42 43 44 45 46 47 48 49 50 51 52 53 54 55 56 57 58 59 60 61 62 63 64 65 66 67 68 69 70 71 72 73 74 75 76 77 78 79 80
(6,*) 0 1 2 3 4 5 7 8 9 10 11 12 13 14 15 16 17 18 19 20 21 41 42 43 44 45 46 47 48 49 50 51 52 53 54 55 56 57 58 59 60 61 62 63 64 65 66 67 68 69 70 71 72 73 74 75 76 77 78 79 80
(7,*) 0 1 2 3 4 5 6 8 9 10 11 12 13 14 15 16 17 18 19 20 21 41 42 43 44 45 46 47 48 49 50 51 52 53 54 55 56 57 58 59 60 61 62 63 64 65 66 67 68 69 70 71 72 73 74 75 76 77 78 79 80
(8,*) 0 1 2 3 4 5 6 7 9 10 11 12 13 14 15 16 17 18 19 20 21 41 42 43 44 45 46 47 48 49 50 51 52 53 54 55 56 57 58 59 60 61 62 63 64 65 66 67 68 69 70 71 72 73 74 75 76 77 78 79 80
(9,*) 0 1 2 3 4 5 6 7 8 10 11 12 13 14 15 16 17 18 19 20 21 41 42 43 44 45 46 47 48 49 50 51 52 53 54 55 56 57 58 59 60 61 62 63 64 65 66 67 68 69 70 71 72 73 74 75 76 77 78 79 80
(10,*) 0 1 2 3 4 5 6 7 8 9 11 12 13 14 15 16 17 18 19 20 21 41 42 43 44 45 46 47 48 49 50 51 52 53 54 55 56 57 58 59 60 61 62 63 64 65 66 67 68 69 70 71 72 73 74 75 76 77 78 79 80
(11,*) 0 1 2 3 4 5 6 7 8 9 10 12 13 14 15 16 17 18 19 20 21 41 42 43 44 45 46 47 48 49 50 51 52 53 54 55 56 57 58 59 60 61 62 63 64 65 66 67 68 69 70 71 72 73 74 75 76 77 78 79 80
(12,*) 0 1 2 3 4 5 6 7 8 9 10 11 13 14 15 16 17 18 19 20 21 41 42 43 44 45 46 47 48 49 50 51 52 53 54 55 56 57 58 59 60 61 62 63 64 65 66 67 68 69 70 71 72 73 74 75 76 77 78 79 80
(13,*) 0 1 2 3 4 5 6 7 8 9 10 11 12 14 15 16 17 18 19 20 21 41 42 43 44 45 46 47 48 49 50 51 52 53 54 55 56 57 58 59 60 61 62 63 64 65 66 67 68 69 70 71 72 73 74 75 76 77 78 79 80
(14,*) 0 1 2 3 4 5 6 7 8 9 10 11 12 13 15 16 17 18 19 20 21 41 42 43 44 45 46 47 48 49 50 51 52 53 54 55 56 57 58 59 60 61 62 63 64 65 66 67 68 69 70 71 72 73 74 75 76 77 78 79 80
(15,*) 0 1 2 3 4 5 6 7 8 9 10 11 12 13 14 16 17 18 19 20 21 41 42 43 44 45 46 47 48 49 50 51 52 53 54 55 56 57 58 59 60 61 62 63 64 65 66 67 68 69 70 71 72 73 74 75 76 77 78 79 80
(16,*) 0 1 2 3 4 5 6 7 8 9 10 11 12 13 14 15 17 18 19 20 21 41 42 43 44 45 46 47 48 49 50 51 52 53 54 55 56 57 58 59 60 61 62 63 64 65 66 67 68 69 70 71 72 73 74 75 76 77 78 79 80
(17,*) 0 1 2 3 4 5 6 7 8 9 10 11 12 13 14 15 16 18 19 20 21 41 42 43 44 45 46 47 48 49 50 51 52 53 54 55 56 57 58 59 60 61 62 63 64 65 66 67 68 69 70 71 72 73 74 75 76 77 78 79 80
(18,*) 0 1 2 3 4 5 6 7 8 9 10 11 12 13 14 15 16 17 19 20 21 41 42 43 44 45 46 47 48 49 50 51 52 53 54 55 56 57 58 59 60 61 62 63 64 65 66 67 68 69 70 71 72 73 74 75 76 77 78 79 80
(19,*) 0 1 2 3 4 5 6 7 8 9 10 11 12 13 14 15 16 17 18 20 21 41 42 43 44 45 46 47 48 49 50 51 52 53 54 55 56 57 58 59 60 61 62 63 64 65 66 67 68 69 70 71 72 73 74 75 76 77 78 79 80
(20,*) 0 1 2 3 4 5 6 7 8 9 10 11 12 13 14 15 16 17 18 19 21 41 42 43 44 45 46 47 48 49 50 51 52 53 54 55 56 57 58 59 60 61 62 63 64 65 66 67 68 69 70 71 72 73 74 75 76 77 78 79 80
(21,*) 0 1 2 3 4 5 6 7 8 9 10 11 12 13 14 15 16 17 18 19 20 41 42 43 44 45 46 47 48 49 50 51 52 53 54 55 56 57 58 59 60 61 62 63 64 65 66 67 68 69 70 71 72 73 74 75 76 77 78 79 80
(41,*) 0 1 2 3 4 5 6 7 8 9 10 11 12 13 14 15 16 17 18 19 20 21 42 43 44 45 46 47 48 49 50 51 52 53 54 55 56 57 58 59 60 61 62 63 64 65 66 67 68 69 70 71 72 73 74 75 76 77 78 79 80
(42,*) 0 1 2 3 4 5 6 7 8 9 10 11 12 13 14 15 16 17 18 19 20 21 41 43 44 45 46 47 48 49 50 51 52 53 54 55 56 57 58 59 60 61 62 63 64 65 66 67 68 69 70 71 72 73 74 75 76 77 78 79 80
(43,*) 0 1 2 3 4 5 6 7 8 9 10 11 12 13 14 15 16 17 18 19 20 21 41 42 44 45 46 47 48 49 50 51 52 53 54 55 56 57 58 59 60 61 62 63 64 65 66 67 68 69 70 71 72 73 74 75 76 77 78 79 80
(44,*) 0 1 2 3 4 5 6 7 8 9 10 11 12 13 14 15 16 17 18 19 20 21 41 42 43 45 46 47 48 49 50 51 52 53 54 55 56 57 58 59 60 61 62 63 64 65 66 67 68 69 70 71 72 73 74 75 76 77 78 79 80
(45,*) 0 1 2 3 4 5 6 7 8 9 10 11 12 13 14 15 16 17 18 19 20 21 41 42 43 44 46 47 48 49 50 51 52 53 54 55 56 57 58 59 60 61 62 63 64 65 66 67 68 69 70 71 72 73 74 75 76 77 78 79 80
(46,*) 0 1 2 3 4 5 6 7 8 9 10 11 12 13 14 15 16 17 18 19 20 21 41 42 43 44 45 47 48 49 50 51 52 53 54 55 56 57 58 59 60 61 62 63 64 65 66 67 68 69 70 71 72 73 74 75 76 77 78 79 80
(47,*) 0 1 2 3 4 5 6 7 8 9 10 11 12 13 14 15 16 17 18 19 20 21 41 42 43 44 45 46 48 49 50 51 52 53 54 55 56 57 58 59 60 61 62 63 64 65 66 67 68 69 70 71 72 73 74 75 76 77 78 79 80
(48,*) 0 1 2 3 4 5 6 7 8 9 10 11 12 13 14 15 16 17 18 19 20 21 41 42 43 44 45 46 47 49 50 51 52 53 54 55 56 57 58 59 60 61 62 63 64 65 66 67 68 69 70 71 72 73 74 75 76 77 78 79 80
(49,*) 0 1 2 3 4 5 6 7 8 9 10 11 12 13 14 15 16 17 18 19 20 21 41 42 43 44 45 46 47 48 50 51 52 53 54 55 56 57 58 59 60 61 62 63 64 65 66 67 68 69 70 71 72 73 74 75 76 77 78 79 80
(50,*) 0 1 2 3 4 5 6 7 8 9 10 11 12 13 14 15 16 17 18 19 20 21 41 42 43 44 45 46 47 48 49 51 52 53 54 55 56 57 58 59 60 61 62 63 64 65 66 67 68 69 70 71 72 73 74 75 76 77 78 79 80
(51,*) 0 1 2 3 4 5 6 7 8 9 10 11 12 13 14 15 16 17 18 19 20 21 41 42 43 44 45 46 47 48 49 50 52 53 54 55 56 57 58 59 60 61 62 63 64 65 66 67 68 69 70 71 72 73 74 75 76 77 78 79 80
(52,*) 0 1 2 3 4 5 6 7 8 9 10 11 12 13 14 15 16 17 18 19 20 21 41 42 43 44 45 46 47 48 49 50 51 53 54 55 56 57 58 59 60 61 62 63 64 65 66 67 68 69 70 71 72 73 74 75 76 77 78 79 80
(53,*) 0 1 2 3 4 5 6 7 8 9 10 11 12 13 14 15 16 17 18 19 20 21 41 42 43 44 45 46 47 48 49 50 51 52 54 55 56 57 58 59 60 61 62 63 64 65 66 67 68 69 70 71 72 73 74 75 76 77 78 79 80
(54,*) 0 1 2 3 4 5 6 7 8 9 10 11 12 13 14 15 16 17 18 19 20 21 41 42 43 44 45 46 47 48 49 50 51 52 53 55 56 57 58 59 60 61 62 63 64 65 66 67 68 69 70 71 72 73 74 75 76 77 78 79 80
(55,*) 0 1 2 3 4 5 6 7 8 9 10 11 12 13 14 15 16 17 18 19 20 21 41 42 43 44 45 46 47 48 49 50 51 52 53 54 56 57 58 59 60 61 62 63 64 65 66 67 68 69 70 71 72 73 74 75 76 77 78 79 80
(56,*) 0 1 2 3 4 5 6 7 8 9 10 11 12 13 14 15 16 17 18 19 20 21 41 42 43 44 45 46 47 48 49 50 51 52 53 54 55 57 58 59 60 61 62 63 64 65 66 67 68 69 70 71 72 73 74 75 76 77 78 79 80
(57,*) 0 1 2 3 4 5 6 7 8 9 10 11 12 13 14 15 16 17 18 19 20 21 41 42 43 44 45 46 47 48 49 50 51 52 53 54 55 56 58 59 60 61 62 63 64 65 66 67 68 69 70 71 72 73 74 75 76 77 78 79 80
(58,*) 0 1 2 3 4 5 6 7 8 9 10 11 12 13 14 15 16 17 18 19 20 21 41 42 43 44 45 46 47 48 49 50 51 52 53 54 55 56 57 59 60 61 62 63 64 65 66 67 68 69 70 71 72 73 74 75 76 77 78 79 80
(59,*) 0 1 2 3 4 5 6 7 8 9 10 11 12 13 14 15 16 17 18 19 20 21 41 42 43 44 45 46 47 48 49 50 51 52 53 54 55 56 57 58 60 61 62 63 64 65 66 67 68 69 70 71 72 73 74 75 76 77 78 79 80
(60,*) 0 1 2 3 4 5 6 7 8 9 10 11 12 13 14 15 16 17 18 19 20 21 41 42 43 44 45 46 47 48 49 50 51 52 53 54 55 56 57 58 59 61 62 63 64 65 66 67 68 69 70 71 72 73 74 75 76 77 78 79 80
(61,*) 0 1 2 3 4 5 6 7 8 9 10 11 12 13 14 15 16 17 18 19 20 21 41 42 43 44 45 46 47 48 49 50 51 52 53 54 55 56 57 58 59 60 62 63 64 65 66 67 68 69 70 71 72 73 74 75 76 77 78 79 80
(62,*) 0 1 2 3 4 5 6 7 8 9 10 11 12 13 14 15 16 17 18 19 20 21 41 42 43 44 45 46 47 48 49 50 51 52 53 54 55 56 57 58 59 60 61 63 64 65 66 67 68 69 70 71 72 73 74 75 76 77 78 79 80
(63,*) 0 1 2 3 4 5 6 7 8 9 10 11 12 13 14 15 16 17 18 19 20 21 41 42 43 44 45 46 47 48 49 50 51 52 53 54 55 56 57 58 59 60 61 62 64 65 66 67 68 69 70 71 72 73 74 75 76 77 78 79 80
(64,*) 0 1 2 3 4 5 6 7 8 9 10 11 12 13 14 15 16 17 18 19 20 21 41 42 43 44 45 46 47 48 49 50 51 52 53 54 55 56 57 58 59 60 61 62 63 65 66 67 68 69 70 71 72 73 74 75 76 77 78 79 80
(65,*) 0 1 2 3 4 5 6 7 8 9 10 11 12 13 14 15 16 17 18 19 20 21 41 42 43 44 45 46 47 48 49 50 51 52 53 54 55 56 57 58 59 60 61 62 63 64 66 67 68 69 70 71 72 73 74 75 76 77 78 79 80
(66,*) 0 1 2 3 4 5 6 7 8 9 10 11 12 13 14 15 16 17 18 19 20 21 41 42 43 44 45 46 47 48 49 50 51 52 53 54 55 56 57 58 59 60 61 62 63 64 65 67 68 69 70 71 72 73 74 75 76 77 78 79 80
(67,*) 0 1 2 3 4 5 6 7 8 9 10 11 12 13 14 15 16 17 18 19 20 21 41 42 43 44 45 46 47 48 49 50 51 52 53 54 55 56 57 58 59 60 61 62 63 64 65 66 68 69 70 71 72 73 74 75 76 77 78 79 80
(68,*) 0 1 2 3 4 5 6 7 8 9 10 11 12 13 14 15 16 17 18 19 20 21 41 42 43 44 45 46 47 48 49 50 51 52 53 54 55 56 57 58 59 60 61 62 63 64 65 66 67 69 70 71 72 73 74 75 76 77 78 79 80
(69,*) 0 1 2 3 4 5 6 7 8 9 10 11 12 13 14 15 16 17 18 19 20 21 41 42 43 44 45 46 47 48 49 50 51 52 53 54 55 56 57 58 59 60 61 62 63 64 65 66 67 68 70 71 72 73 74 75 76 77 78 79 80
(70,*) 0 1 2 3 4 5 6 7 8 9 10 11 12 13 14 15 16 17 18 19 20 21 41 42 43 44 45 46 47 48 49 50 51 52 53 54 55 56 57 58 59 60 61 62 63 64 65 66 67 68 69 71 72 73 74 75 76 77 78 79 80
(71,*) 0 1 2 3 4 5 6 7 8 9 10 11 12 13 14 15 16 17 18 19 20 21 41 42 43 44 45 46 47 48 49 50 51 52 53 54 55 56 57 58 59 60 61 62 63 64 65 66 67 68 69 70 72 73 74 75 76 77 78 79 80
(72,*) 0 1 2 3 4 5 6 7 8 9 10 11 12 13 14 15 16 17 18 19 20 21 41 42 43 44 45 46 47 48 49 50 51 52 53 54 55 56 57 58 59 60 61 62 63 64 65 66 67 68 69 70 71 73 74 75 76 77 78 79 80
(73,*) 0 1 2 3 4 5 6 7 8 9 10 11 12 13 14 15 16 17 18 19 20 21 41 42 43 44 45 46 47 48 49 50 51 52 53 54 55 56 57 58 59 60 61 62 63 64 65 66 67 68 69 70 71 72 74 75 76 77 78 79 80
(74,*) 0 1 2 3 4 5 6 7 8 9 10 11 12 13 14 15 16 17 18 19 20 21 41 42 43 44 45 46 47 48 49 50 51 52 53 54 55 56 57 58 59 60 61 62 63 64 65 66 67 68 69 70 71 72 73 75 76 77 78 79 80
(75,*) 0 1 2 3 4 5 6 7 8 9 10 11 12 13 14 15 16 17 18 19 20 21 41 42 43 44 45 46 47 48 49 50 51 52 53 54 55 56 57 58 59 60 61 62 63 64 65 66 67 68 69 70 71 72 73 74 76 77 78 79 80
(76,*) 0 1 2 3 4 5 6 7 8 9 10 11 12 13 14 15 16 17 18 19 20 21 41 42 43 44 45 46 47 48 49 50 51 52 53 54 55 56 57 58 59 60 61 62 63 64 65 66 67 68 69 70 71 72 73 74 75 77 78 79 80
(77,*) 0 1 2 3 4 5 6 7 8 9 10 11 12 13 14 15 16 17 18 19 20 21 41 42 43 44 45 46 47 48 49 50 51 52 53 54 55 56 57 58 59 60 61 62 63 64 65 66 67 68 69 70 71 72 73 74 75 76 78 79 80
(78,*) 0 1 2 3 4 5 6 7 8 9 10 11 12 13 14 15 16 17 18 19 20 21 41 42 43 44 45 46 47 48 49 50 51 52 53 54 55 56 57 58 59 60 61 62 63 64 65 66 67 68 69 70 71 72 73 74 75 76 77 79 80
(79,*) 0 1 2 3 4 5 6 7 8 9 10 11 12 13 14 15 16 17 18 19 20 21 41 42 43 44 45 46 47 48 49 50 51 52 53 54 55 56 57 58 59 60 61 62 63 64 65 66 67 68 69 70 71 72 73 74 75 76 77 78 80
(80,*) 0 1 2 3 4 5 6 7 8 9 10 11 12 13 14 15 16 17 18 19 20 21 41 42 43 44 45 46 47 48 49 50 51 52 53 54 55 56 57 58 59 60 61 62 63 64 65 66 67 68 69 70 71 72 73 74 75 76 77 78 79
;
set A2:=
(60,*) 61
(61,*) 60
(62,*) 63
(63,*) 62
(64,*) 65
(65,*) 64
;
param BigM:=99999;
param n:= 9;
param d:=
1	2
2	21
3	18
4	5
5	2
6	5
7	20
8	18
9	19
10	17
11	11
12	9
13	2
14	19
15	48
16	1
17	42
18	2
19	11
20	9
21	18
22	11
23	17
24	10
25	20
26	13
27	11
28	3
29	2
30	17
31	9
32	2
33	6
34	20
35	18
36	4
37	24
38	18
39	22
40	23
41	16
42	7
43	9
44	23
45	6
46	19
47	24
48	1
49	23
50	24
51	9
52	5
53	14
54	11
55	21
56	21
57	17
58	21
59	9
;
param Q:=100;
param w:=
[60,*] 61 0.1
[61,*] 60 0.1
[62,*] 63 0.1
[63,*] 62 0.1
[64,*] 65 0.1
[65,*] 64 0.1
;
param V:=
[60,*] 61 98
[61,*] 60 98
[62,*] 63 88
[63,*] 62 88
[64,*] 65 93
[65,*] 64 93
;
param e:
	60	61	62	63	64	65	66	67	68	69	70	71	72	73	74	75	76	77	78	79	80:=
22		0		0		0		0		0		0		0		0		0		0		0		0		0		0		0		0		0		0		1		0		0	
23		0		0		0		1		0		0		0		0		0		1		0		0		0		0		0		1		0		0		1		0		0	
24		0		0		1		0		0		0		0		0		1		0		0		0		0		0		1		0		0		0		0		0		0	
25		1		0		0		0		1		0		1		0		0		0		1		0		0		1		0		0		0		0		0		0		0	
26		0		0		0		1		0		0		0		0		0		1		0		0		0		0		0		0		0		0		0		0		0	
27		0		0		0		1		0		0		0		0		0		1		0		0		0		0		0		0		0		0		0		0		0	
28		1		0		0		0		0		0		1		0		0		0		0		0		0		0		0		0		1		0		0		0		0	
29		0		0		0		0		1		0		0		0		0		0		1		0		0		1		0		0		0		0		0		0		0	
30		1		0		0		0		1		0		1		0		0		0		1		0		0		1		0		0		0		0		0		0		0	
31		0		1		0		0		0		0		0		1		0		0		0		0		0		0		0		0		0		0		0		0		0	
32		0		0		1		0		0		1		0		0		1		0		0		1		0		0		1		0		0		0		0		0		0	
33		0		0		0		1		0		0		0		0		0		1		0		0		0		0		0		0		1		0		0		0		0	
34		0		0		0		0		0		0		0		0		0		0		0		0		0		0		0		0		0		0		0		0		1	
35		0		1		0		0		0		0		0		1		0		0		0		0		0		0		0		0		0		0		0		0		0	
36		0		0		0		0		0		0		0		0		0		0		0		0		0		1		0		0		0		1		0		1		0	
37		0		0		1		0		0		0		0		0		1		0		0		0		0		0		1		0		0		0		0		0		0	
38		1		0		0		0		0		0		1		0		0		0		0		0		0		0		0		0		1		0		0		0		0	
39		0		0		0		0		1		0		0		0		0		0		1		0		0		1		0		0		0		0		0		0		0	
40		1		0		0		0		1		0		1		0		0		0		1		0		0		1		0		0		1		0		0		0		0	
41		0		1		0		0		0		0		0		1		0		0		0		0		0		0		0		0		0		0		0		0		0	
42		0		0		0		1		0		0		0		0		0		1		0		0		0		0		0		0		0		0		0		0		0	
43		0		0		0		0		0		1		0		0		0		0		0		1		0		0		0		0		0		0		0		0		1	
44		1		0		0		0		1		0		1		0		0		0		1		0		0		1		0		0		0		0		0		0		0	
45		0		0		0		0		0		0		0		0		0		0		0		0		0		0		0		0		0		0		0		0		1	
46		0		0		0		1		0		0		0		0		0		1		0		0		1		0		0		0		0		0		1		0		0	
47		0		0		0		0		1		0		0		0		0		0		1		0		0		1		0		0		0		0		0		0		0	
48		0		0		0		1		0		0		0		0		0		1		0		0		0		0		0		0		0		0		0		0		0	
49		0		0		0		0		0		0		0		0		0		0		0		0		1		0		0		0		0		0		0		1		0	
50		0		0		0		0		0		0		0		0		0		0		0		0		1		0		0		0		0		0		0		0		0	
51		0		0		0		0		0		0		0		0		0		0		0		0		1		0		0		0		0		0		1		1		0	
52		1		0		0		0		0		0		1		0		0		0		0		0		0		1		0		0		1		0		0		1		0	
53		1		0		0		0		1		0		1		0		0		0		1		0		0		0		0		0		1		0		0		0		0	
54		0		0		0		0		0		0		0		0		0		0		0		0		1		0		0		0		0		0		1		0		0	
55		0		0		0		1		0		0		0		0		0		1		0		0		0		0		0		0		0		0		0		0		0	
56		0		0		0		0		0		0		0		0		0		0		0		0		0		0		0		0		0		1		0		0		0	
57		0		0		0		1		0		0		0		0		0		1		0		0		1		0		0		0		1		0		0		1		0	
58		0		0		0		0		0		0		0		0		0		0		0		0		0		0		0		1		0		0		0		0		0	
59		0		0		0		0		0		0		0		0		0		0		0		0		1		0		0		0		0		0		0		1		0	
;
param p:=
1	3
2	3
3	3
4	3
5	3
6	3
7	3
8	3
9	3
;
param G:=
60	98
61	74
62	85
63	88
64	77
65	93
66	98
67	74
68	85
69	88
70	77
71	93
72	72
73	72
74	72
75	77
76	90
77	71
78	91
79	100
80	75
;
param s:=
0	0
1	10
2	10
3	10
4	10
5	10
6	10
7	10
8	10
9	10
10	10
11	10
12	10
13	10
14	10
15	10
16	10
17	10
18	10
19	10
20	10
21	10
41	10
42	10
43	10
44	10
45	10
46	10
47	10
48	10
49	10
50	10
51	10
52	10
53	10
54	10
55	10
56	10
57	10
58	10
59	10
60	10
61	10
62	10
63	10
64	10
65	10
66	10
67	10
68	10
69	10
70	10
71	10
72	10
73	10
74	10
75	10
76	10
77	10
78	10
79	10
80	10
;
param t:
	0	1	2	3	4	5	6	7	8	9	10	11	12	13	14	15	16	17	18	19	20	21	22	23	24	25	26	27	28	29	30	31	32	33	34	35	36	37	38	39	40	41	42	43	44	45	46	47	48	49	50	51	52	53	54	55	56	57	58	59	60	61	62	63	64	65	66	67	68	69	70	71	72	73	74	75	76	77	78	79	80:=
0	0.0	54.04	52.15	94.76	48.37	6.0	43.27	83.95	12.81	60.93	54.59	55.32	78.03	66.75	52.35	86.02	20.0	78.1	69.43	88.29	41.62	82.02	42.8	40.45	100.44	54.59	15.62	12.17	31.62	60.17	56.32	84.12	94.4	14.56	89.2	64.28	50.91	111.21	28.07	63.15	38.0	66.27	23.32	86.83	54.92	85.91	34.41	64.56	16.12	35.78	50.64	32.25	40.0	36.22	26.83	5.66	80.62	27.78	66.48	49.4	38.33	78.03	104.48	7.07	50.25	90.92	38.33	78.03	104.48	7.07	50.25	90.92	36.01	46.82	95.52	58.87	32.56	72.95	38.47	34.71	79.4
1	54.04	0.0	70.71	67.08	50.0	54.15	31.62	32.25	45.12	61.77	10.0	14.0	24.0	77.67	40.25	36.88	40.5	27.2	21.26	36.72	43.86	56.14	34.41	16.12	62.61	69.43	42.76	57.72	52.15	67.68	72.25	38.21	58.31	59.23	41.04	12.81	38.47	74.24	58.14	73.24	64.9	12.65	47.41	36.06	68.12	34.0	34.06	69.97	58.82	26.08	7.21	22.09	42.43	67.23	33.11	58.03	56.04	32.31	27.2	17.89	60.8	24.33	69.46	49.5	68.59	49.74	60.8	24.33	69.46	49.5	68.59	49.74	18.03	56.64	54.71	23.02	56.6	38.64	28.28	39.2	30.41
2	52.15	70.71	0.0	64.03	22.36	46.17	82.46	85.09	60.3	20.4	78.1	81.22	89.31	15.23	34.93	82.22	65.12	79.62	91.93	88.02	26.91	54.33	83.57	68.26	78.23	4.47	42.76	64.28	22.8	13.42	4.47	108.9	72.11	38.83	82.97	83.45	35.78	85.51	24.08	12.81	14.56	77.2	72.44	85.44	6.32	86.93	75.89	17.2	68.26	45.61	63.66	55.57	28.28	17.89	67.05	48.66	52.35	42.94	95.6	54.04	14.04	91.61	78.26	57.01	2.24	75.33	14.04	91.61	78.26	57.01	2.24	75.33	60.21	14.42	78.06	89.05	20.1	58.25	76.16	32.2	77.62
3	94.76	67.08	64.03	0.0	49.4	90.55	96.77	52.5	94.4	43.68	76.94	80.89	67.08	56.04	42.43	44.94	94.34	50.99	82.02	52.0	54.04	12.81	99.3	78.43	18.87	59.67	79.25	105.0	67.68	50.99	61.19	95.04	15.62	88.41	42.05	74.03	43.86	22.0	75.47	54.33	72.5	62.0	103.25	49.4	57.72	53.14	95.85	48.37	108.07	62.13	62.1	72.47	55.32	76.97	90.35	94.85	14.14	68.41	92.09	53.85	67.98	71.02	15.13	95.13	63.6	26.42	67.98	71.02	15.13	95.13	63.6	26.42	73.41	55.46	24.84	89.68	69.97	28.44	91.76	60.11	46.1
4	48.37	50.0	22.36	49.4	0.0	43.27	67.08	62.77	51.92	14.0	58.31	61.77	67.2	27.78	12.65	60.17	54.59	57.27	71.22	65.79	8.0	37.58	68.73	50.6	60.17	20.0	34.18	59.93	18.44	17.89	22.8	88.09	53.85	39.6	61.19	62.48	13.42	69.08	26.08	23.32	24.33	55.32	63.15	63.25	18.44	64.62	62.13	20.88	63.56	27.2	42.8	38.83	10.0	28.64	54.0	47.2	35.78	28.0	76.16	32.56	19.42	69.66	61.85	50.7	20.62	55.08	19.42	69.66	61.85	50.7	20.62	55.08	42.72	8.25	58.42	70.21	20.59	37.05	60.83	16.03	55.36
5	6.0	54.15	46.17	90.55	43.27	0.0	46.86	82.87	17.2	55.46	55.79	56.92	78.1	60.83	48.17	84.4	24.08	76.94	70.88	87.13	36.88	77.9	46.69	41.76	97.1	48.66	12.65	18.11	26.0	54.41	50.36	86.16	90.97	8.94	87.36	65.12	46.86	107.65	22.09	57.27	32.0	66.0	28.64	85.51	49.03	84.85	38.21	58.82	22.09	33.53	50.04	32.06	35.38	30.27	30.0	4.47	76.42	25.3	68.88	47.54	32.39	78.41	100.8	12.08	44.28	88.1	32.39	78.41	100.8	12.08	44.28	88.1	36.35	41.23	92.59	61.27	26.68	69.84	41.62	30.48	77.88
6	43.27	31.62	82.46	96.77	67.08	46.86	0.0	62.29	30.53	80.89	24.08	21.63	49.4	93.68	62.0	67.94	23.32	58.0	33.53	66.6	59.23	84.9	2.83	18.44	94.02	82.87	41.62	39.85	59.93	84.4	85.44	44.05	89.44	55.17	72.25	33.29	60.0	105.68	62.13	89.29	71.69	42.43	24.33	66.48	82.22	63.78	8.94	87.86	38.83	40.2	34.93	28.28	57.27	72.11	16.97	48.83	84.4	39.85	26.0	43.17	69.32	47.41	100.62	36.36	80.23	81.3	69.32	47.41	100.62	36.36	80.23	81.3	25.0	70.88	86.28	19.24	63.53	68.71	6.32	51.66	61.72
7	83.95	32.25	85.09	52.5	62.77	82.87	62.29	0.0	76.55	69.34	38.21	41.04	16.49	86.53	50.16	8.0	72.5	6.0	34.93	4.47	60.17	46.65	65.12	48.37	40.0	82.29	70.46	89.2	72.99	77.18	84.97	44.05	38.47	86.09	12.17	30.0	49.4	50.36	80.62	82.68	84.4	20.0	79.65	4.47	80.5	2.0	66.03	77.67	90.62	50.04	33.53	51.92	59.67	87.86	65.3	87.13	47.71	58.14	46.52	36.0	79.56	20.4	48.01	80.36	83.38	27.17	79.56	20.4	48.01	80.36	83.38	27.17	49.04	70.94	31.0	47.43	77.28	30.41	60.0	59.54	7.81
8	12.81	45.12	60.3	94.4	51.92	17.2	30.53	76.55	0.0	65.51	44.0	44.18	68.73	74.0	52.84	79.62	7.21	70.94	58.31	80.99	44.27	81.61	30.0	30.07	97.67	62.03	18.11	12.65	38.0	66.27	64.12	72.28	91.93	26.08	83.19	54.04	51.11	108.9	36.88	70.03	47.07	57.72	12.17	79.85	62.0	78.43	21.63	70.46	14.42	32.56	43.08	25.06	42.38	46.17	14.56	18.44	80.45	26.08	54.41	44.41	46.27	68.26	102.55	5.83	58.22	87.01	46.27	68.26	102.55	5.83	58.22	87.01	27.51	52.35	91.83	46.84	40.2	70.04	26.0	36.4	72.92
9	60.93	61.77	20.4	43.68	14.0	55.46	80.89	69.34	65.51	0.0	70.68	74.32	76.37	17.2	21.63	65.3	68.47	64.4	82.68	71.69	22.0	34.06	82.61	64.03	58.03	16.12	47.54	72.8	29.53	8.25	18.0	99.3	52.0	50.48	65.39	73.78	23.32	65.12	35.61	13.42	30.0	65.3	76.94	68.96	14.14	71.02	76.11	8.49	76.55	40.79	54.59	52.61	24.0	34.41	68.0	59.06	32.06	42.0	88.57	43.91	26.17	79.25	57.87	63.89	19.92	56.09	26.17	79.25	57.87	63.89	19.92	56.09	56.29	14.42	58.42	83.01	30.0	40.31	74.67	30.02	61.59
10	54.59	10.0	78.1	76.94	58.31	55.79	24.08	38.21	44.0	70.68	0.0	4.0	26.0	86.09	49.4	44.05	38.21	34.06	15.23	42.52	51.61	66.12	26.91	14.14	71.69	77.2	45.69	56.14	58.14	76.16	80.0	31.62	67.68	62.03	48.41	10.2	47.54	83.26	63.25	81.63	70.94	18.44	43.68	42.43	76.03	39.7	28.64	78.71	56.57	32.56	16.49	25.06	50.0	72.8	30.27	59.23	66.03	37.2	17.89	27.2	67.21	24.74	78.77	49.09	75.93	58.6	67.21	24.74	78.77	49.09	75.93	58.6	20.12	64.4	63.51	13.04	62.48	48.51	22.36	46.01	38.01
11	55.32	14.0	81.22	80.89	61.77	56.92	21.63	41.04	44.18	74.32	4.0	0.0	27.78	89.55	53.14	47.2	38.0	37.2	14.14	45.25	54.92	70.11	24.41	15.23	75.39	80.45	47.41	56.0	60.83	79.65	83.23	29.53	71.47	63.56	51.61	11.66	51.26	86.93	65.6	85.09	73.59	21.63	42.76	45.34	79.32	42.43	27.2	82.29	56.14	35.61	20.4	27.2	53.25	75.29	30.0	60.17	70.03	39.7	14.42	31.05	70.01	26.0	82.54	49.5	79.03	62.24	70.01	26.0	82.54	49.5	79.03	62.24	22.2	67.68	67.12	9.06	65.12	52.47	20.88	49.04	41.34
12	78.03	24.0	89.31	67.08	67.2	78.1	49.4	16.49	68.73	76.37	26.0	27.78	0.0	93.38	55.32	24.33	63.56	16.12	18.87	19.7	62.77	59.46	52.15	38.83	56.14	87.2	66.48	81.22	73.54	83.55	90.0	28.07	54.04	82.87	28.64	16.12	54.04	66.75	80.32	89.2	85.91	12.65	69.57	20.88	85.6	17.09	54.63	84.85	82.0	48.08	28.64	46.04	61.77	88.77	55.79	82.02	60.17	55.32	30.53	35.78	81.39	4.0	64.07	73.33	87.37	43.01	81.39	4.0	64.07	73.33	87.37	43.01	42.01	74.89	47.17	32.53	78.0	41.63	48.33	60.01	21.1
13	66.75	77.67	15.23	56.04	27.78	60.83	93.68	86.53	74.0	17.2	86.09	89.55	93.38	0.0	38.21	82.37	78.23	81.61	98.81	88.84	34.93	48.66	95.08	78.0	72.44	12.17	56.04	78.92	36.0	10.0	10.77	115.6	66.75	53.85	82.29	90.0	39.7	78.03	38.83	4.47	29.73	82.07	86.02	86.09	12.0	88.2	87.86	8.94	82.87	54.63	70.46	65.79	36.77	33.11	79.25	63.56	46.69	53.85	103.94	60.0	28.44	96.17	71.0	71.18	16.76	72.12	28.44	96.17	71.0	71.18	16.76	72.12	70.01	22.8	73.98	97.95	34.23	57.25	87.36	42.06	78.77
14	52.35	40.25	34.93	42.43	12.65	48.17	62.0	50.16	52.84	21.63	49.4	53.14	55.32	38.21	0.0	47.54	53.85	44.72	61.06	53.14	12.65	29.73	64.03	44.18	50.16	32.25	36.88	62.8	27.2	28.28	34.99	77.67	43.86	46.65	48.66	52.15	2.0	60.03	35.44	33.94	36.0	43.86	62.77	50.6	30.53	52.0	58.55	30.0	66.03	22.36	33.11	34.23	13.42	40.05	51.42	52.5	28.28	26.83	67.23	22.36	31.0	58.0	53.0	53.01	33.24	43.57	31.0	58.0	53.0	53.01	33.24	43.57	37.0	20.88	47.3	61.98	30.59	25.08	56.04	17.69	42.72
15	86.02	36.88	82.22	44.94	60.17	84.4	67.94	8.0	79.62	65.3	44.05	47.2	24.33	82.37	47.54	0.0	76.16	10.0	42.38	7.21	58.55	40.0	70.77	52.8	32.0	79.12	71.81	92.2	72.11	73.35	81.71	52.04	30.59	86.83	4.47	36.72	47.07	42.43	80.02	78.71	82.87	25.61	83.76	4.47	77.25	8.25	70.94	73.43	93.91	50.99	36.72	54.63	58.31	86.58	69.34	88.77	41.23	59.23	53.85	36.88	77.93	28.28	40.01	83.01	80.65	19.24	77.93	28.28	40.01	83.01	80.65	19.24	52.35	68.41	23.0	54.2	76.24	25.24	65.12	59.0	6.71
16	20.0	40.5	65.12	94.34	54.59	24.08	23.32	72.5	7.21	68.47	38.21	38.0	63.56	78.23	53.85	76.16	0.0	67.08	52.04	76.97	46.69	81.63	22.8	24.74	96.21	66.48	22.36	18.0	42.43	70.0	68.73	65.51	90.69	32.8	79.92	48.37	52.0	107.63	42.38	74.11	52.5	53.14	8.94	76.03	66.27	74.32	14.42	74.03	18.44	32.25	39.45	22.63	44.72	52.0	8.0	25.61	80.62	27.2	47.54	42.43	51.2	62.8	101.53	13.04	62.97	84.96	51.2	62.8	101.53	13.04	62.97	84.96	23.85	56.0	89.87	40.02	45.12	68.77	18.97	38.64	69.46
17	78.1	27.2	79.62	50.99	57.27	76.94	58.0	6.0	70.94	64.4	34.06	37.2	16.12	81.61	44.72	10.0	67.08	0.0	32.98	10.2	54.41	43.86	60.83	43.27	40.45	76.94	64.5	83.57	67.08	72.11	79.65	44.18	38.0	80.1	14.42	26.83	43.86	51.42	74.67	77.67	78.59	15.62	74.43	8.94	75.18	8.0	61.22	72.8	85.09	44.05	27.86	46.17	53.85	82.0	60.03	81.22	44.72	52.15	44.27	30.0	73.76	20.1	48.26	74.63	77.88	27.17	73.76	20.1	48.26	74.63	77.88	27.17	43.46	65.39	31.58	44.29	71.39	26.63	55.32	53.6	5.0
18	69.43	21.26	91.93	82.02	71.22	70.88	33.53	34.93	58.31	82.68	15.23	14.14	18.87	98.81	61.06	42.38	52.04	32.98	0.0	38.47	65.12	72.69	36.06	29.12	73.35	90.69	60.93	70.03	72.8	88.81	93.51	16.97	70.46	77.25	46.82	8.94	59.36	84.4	78.23	94.4	85.6	20.1	56.32	39.4	89.38	35.78	40.45	90.97	70.03	46.86	28.43	40.25	63.66	87.66	44.05	74.22	72.99	52.15	11.66	38.83	81.69	15.62	81.05	63.64	89.81	60.02	81.69	15.62	81.05	63.64	89.81	60.02	35.34	77.9	64.54	14.76	77.2	54.45	34.23	60.21	37.85
19	88.29	36.72	88.02	52.0	65.79	87.13	66.6	4.47	80.99	71.69	42.52	45.25	19.7	88.84	53.14	7.21	76.97	10.2	38.47	0.0	63.56	47.2	69.43	52.84	38.21	85.09	74.67	93.64	76.66	79.65	87.73	46.39	37.36	90.2	10.2	34.06	52.5	48.04	84.38	85.09	87.86	24.41	84.12	2.83	83.26	2.83	70.46	79.92	95.08	54.15	37.95	56.32	63.15	91.41	69.77	91.41	48.41	62.29	50.12	40.05	82.98	23.41	46.27	84.77	86.38	25.96	82.98	23.41	46.27	84.77	86.38	25.96	53.49	74.0	29.27	51.4	80.89	32.02	64.4	63.29	10.44
20	41.62	43.86	26.91	54.04	8.0	36.88	59.23	60.17	44.27	22.0	51.61	54.92	62.77	34.93	12.65	58.55	46.69	54.41	65.12	63.56	0.0	41.62	60.83	43.08	62.77	25.61	26.83	52.84	14.56	25.3	28.43	82.07	56.46	34.41	60.13	56.57	12.17	72.47	22.8	30.46	24.33	50.48	55.32	61.19	24.41	62.1	54.15	28.64	56.36	19.7	36.77	31.05	2.0	28.07	46.0	41.04	40.0	20.0	69.34	27.2	19.42	64.9	65.37	43.38	24.84	56.09	19.42	64.9	65.37	43.38	24.84	56.09	35.11	12.81	59.91	63.13	18.11	37.48	52.95	8.06	53.15
21	82.02	56.14	54.33	12.81	37.58	77.9	84.9	46.65	81.61	34.06	66.12	70.11	59.46	48.66	29.73	40.0	81.63	43.86	72.69	47.2	41.62	0.0	87.36	66.48	24.0	50.16	66.48	92.2	55.57	42.0	52.04	86.83	18.11	76.03	38.21	64.28	31.11	31.62	63.53	46.17	61.35	52.61	90.55	44.41	48.17	47.71	83.57	40.2	95.27	49.4	50.64	59.93	42.8	65.79	77.82	82.22	2.0	55.61	82.1	41.76	56.65	63.25	24.35	82.33	53.6	24.7	56.65	63.25	24.35	82.33	53.6	24.7	61.1	44.27	25.63	79.06	58.14	18.25	79.7	47.42	39.36
22	42.8	34.41	83.57	99.3	68.73	46.69	2.83	65.12	30.0	82.61	26.91	24.41	52.15	95.08	64.03	70.77	22.8	60.83	36.06	69.43	60.83	87.36	0.0	20.88	96.75	84.12	42.19	38.63	60.93	85.91	86.65	46.0	92.13	55.17	75.07	36.06	62.03	108.41	62.77	90.71	72.47	45.25	22.8	69.31	83.52	66.6	8.49	89.44	37.36	42.05	37.58	30.07	58.86	72.72	17.2	48.41	86.83	41.23	28.07	45.61	70.26	50.12	103.31	35.81	81.34	84.06	70.26	50.12	103.31	35.81	81.34	84.06	27.07	72.28	89.04	21.59	64.4	71.31	8.0	53.15	64.54
23	40.45	16.12	68.26	78.43	50.6	41.76	18.44	48.37	30.07	64.03	14.14	15.23	38.83	78.0	44.18	52.8	24.74	43.27	29.12	52.84	43.08	66.48	20.88	0.0	76.55	68.0	32.25	42.43	46.86	68.35	70.71	44.72	71.69	48.33	56.85	24.0	42.19	88.2	50.99	73.54	59.46	28.64	31.3	52.15	67.08	50.12	18.44	71.47	43.17	23.41	17.2	12.81	41.23	60.83	17.09	45.12	65.97	25.61	28.43	24.74	56.22	38.21	82.86	35.01	66.04	64.2	56.22	38.21	82.86	35.01	66.04	64.2	8.06	55.46	69.2	21.21	50.99	50.57	13.42	36.24	46.23
24	100.44	62.61	78.23	18.87	60.17	97.1	94.02	40.0	97.67	58.03	71.69	75.39	56.14	72.44	50.16	32.0	96.21	40.45	73.35	38.21	62.77	24.0	96.75	76.55	0.0	74.11	84.88	109.34	77.25	66.0	76.03	84.02	6.32	96.6	28.07	66.48	50.99	11.66	85.44	70.11	84.4	54.41	104.8	36.06	72.11	40.05	94.87	64.12	111.95	65.3	59.36	73.59	63.56	88.77	90.91	101.55	26.0	72.8	84.4	53.81	79.56	60.13	8.06	99.49	77.41	13.34	79.56	60.13	8.06	99.49	77.41	13.34	73.25	67.47	9.0	83.49	80.32	27.66	89.89	67.12	35.51
25	54.59	69.43	4.47	59.67	20.0	48.66	82.87	82.29	62.03	16.12	77.2	80.45	87.2	12.17	32.25	79.12	66.48	76.94	90.69	85.09	25.61	50.16	84.12	68.0	74.11	0.0	44.18	66.75	24.08	8.94	2.83	107.63	68.03	41.76	79.7	82.07	33.29	81.22	26.68	8.94	17.89	75.29	74.11	82.46	2.0	84.1	76.66	12.81	70.71	44.94	62.29	55.46	27.2	21.63	67.91	51.42	48.17	43.08	94.87	52.35	16.28	89.64	73.98	59.08	5.0	71.57	16.28	89.64	73.98	59.08	5.0	71.57	59.94	12.81	74.17	88.51	22.09	54.82	76.55	31.76	74.73
26	15.62	42.76	42.76	79.25	34.18	12.65	41.62	70.46	18.11	47.54	45.69	47.41	66.48	56.04	36.88	71.81	22.36	64.5	60.93	74.67	26.83	66.48	42.19	32.25	84.88	44.18	0.0	26.08	20.1	48.17	46.39	76.94	78.82	16.49	74.73	54.41	35.38	95.6	20.59	52.0	30.46	54.15	30.0	72.99	44.05	72.44	34.0	52.35	29.53	20.88	38.05	20.88	25.06	30.53	25.06	17.09	65.12	12.65	60.46	34.93	28.86	67.08	88.87	16.55	40.61	75.59	28.86	67.08	88.87	16.55	40.61	75.59	25.63	34.23	80.13	53.01	22.8	57.45	35.61	19.42	65.31
27	12.17	57.72	64.28	105.0	59.93	18.11	39.85	89.2	12.65	72.8	56.14	56.0	81.22	78.92	62.8	92.2	18.0	83.57	70.03	93.64	52.84	92.2	38.63	42.43	109.34	66.75	26.08	0.0	43.68	72.28	68.47	83.19	103.48	26.08	95.71	66.27	61.22	120.42	40.2	75.31	50.04	70.34	16.12	92.48	67.08	91.08	31.05	76.66	4.0	44.05	55.71	37.58	51.11	48.04	26.0	16.12	90.91	36.77	65.12	56.6	50.49	80.62	113.9	9.9	62.39	99.05	50.49	80.62	113.9	9.9	62.39	99.05	40.16	58.82	103.81	57.71	44.72	81.69	36.5	45.49	85.49
28	31.62	52.15	22.8	67.68	18.44	26.0	59.93	72.99	38.0	29.53	58.14	60.83	73.54	36.0	27.2	72.11	42.43	67.08	72.8	76.66	14.56	55.57	60.93	46.86	77.25	24.08	20.1	43.68	0.0	28.64	26.31	89.64	70.94	21.26	74.0	64.9	26.68	86.76	8.25	32.06	12.81	60.93	50.04	74.43	24.0	74.97	53.14	32.98	47.54	26.08	45.65	34.06	14.14	15.23	44.27	29.53	53.85	21.26	74.97	37.95	9.43	75.15	79.61	35.36	20.62	70.61	9.43	75.15	79.61	35.36	20.62	70.61	38.95	15.23	74.46	68.01	4.47	51.97	53.67	13.6	66.37
29	60.17	67.68	13.42	50.99	17.89	54.41	84.4	77.18	66.27	8.25	76.16	79.65	83.55	10.0	28.28	73.35	70.0	72.11	88.81	79.65	25.3	42.0	85.91	68.35	66.0	8.94	48.17	72.28	28.64	0.0	10.2	105.6	60.03	48.33	73.54	80.0	29.73	72.69	33.11	5.66	25.61	72.14	78.1	76.94	7.21	78.89	78.92	4.47	76.16	44.94	60.46	56.32	27.2	29.73	70.46	57.58	40.0	44.72	94.02	50.0	22.83	86.28	65.49	63.95	13.6	64.33	22.83	86.28	65.49	63.95	13.6	64.33	60.41	14.0	66.61	88.1	27.86	48.47	78.1	32.76	69.46
30	56.32	72.25	4.47	61.19	22.8	50.36	85.44	84.97	64.12	18.0	80.0	83.23	90.0	10.77	34.99	81.71	68.73	79.65	93.51	87.73	28.43	52.04	86.65	70.71	76.03	2.83	46.39	68.47	26.31	10.2	0.0	110.45	70.0	43.17	82.22	84.9	36.06	82.87	28.28	8.49	18.97	78.1	76.24	85.09	4.47	86.76	79.12	13.42	72.44	47.71	65.12	58.14	30.0	22.36	70.34	52.95	50.04	45.69	97.65	55.17	18.03	92.46	75.66	61.01	6.08	73.82	18.03	92.46	75.66	61.01	6.08	73.82	62.65	15.62	76.32	91.27	24.0	57.28	79.12	34.48	77.39
31	84.12	38.21	108.9	95.04	88.09	86.16	44.05	44.05	72.28	99.3	31.62	29.53	28.07	115.6	77.67	52.04	65.51	44.18	16.97	46.39	82.07	86.83	46.0	44.72	84.02	107.63	76.94	83.19	89.64	105.6	110.45	0.0	82.1	93.04	56.14	25.61	76.03	94.34	94.87	111.21	102.45	34.93	68.26	48.17	106.3	44.18	52.35	107.65	82.61	63.78	45.34	56.6	80.62	104.4	57.72	89.2	87.36	68.82	18.11	55.61	98.6	24.08	92.01	77.88	106.78	71.01	98.6	24.08	92.01	77.88	106.78	71.01	51.62	94.85	75.03	25.5	94.02	68.68	46.69	77.16	49.16
32	94.4	58.31	72.11	15.62	53.85	90.97	89.44	38.47	91.93	52.0	67.68	71.47	54.04	66.75	43.86	30.59	90.69	38.0	70.46	37.36	56.46	18.11	92.13	71.69	6.32	68.03	78.82	103.48	70.94	60.03	70.0	82.1	0.0	90.35	27.2	63.15	44.72	16.97	79.12	64.28	78.1	50.99	99.36	34.93	66.03	38.83	89.89	58.31	106.15	59.46	54.59	68.12	57.27	82.46	85.6	95.41	20.1	66.84	81.22	48.41	73.25	58.03	11.18	93.61	71.25	11.4	73.25	58.03	11.18	93.61	71.25	11.4	68.01	61.19	9.22	79.81	74.0	21.93	85.09	60.9	33.0
33	14.56	59.23	38.83	88.41	39.6	8.94	55.17	86.09	26.08	50.48	62.03	63.56	82.87	53.85	46.65	86.83	32.8	80.1	77.25	90.2	34.41	76.03	55.17	48.33	96.6	41.76	16.49	26.08	21.26	48.33	43.17	93.04	90.35	0.0	89.44	70.88	45.65	106.68	15.23	50.6	24.33	70.46	37.58	88.36	42.38	88.09	46.69	52.8	30.07	36.06	54.33	37.36	33.29	22.0	38.21	10.0	74.4	28.0	76.16	50.16	25.63	83.55	99.64	21.02	37.11	88.6	25.63	83.55	99.64	21.02	37.11	88.6	42.06	36.06	92.85	68.6	20.59	70.01	49.68	29.55	80.5
34	89.2	41.04	82.97	42.05	61.19	87.36	72.25	12.17	83.19	65.39	48.41	51.61	28.64	82.29	48.66	4.47	79.92	14.42	46.82	10.2	60.13	38.21	75.07	56.85	28.07	79.7	74.73	95.71	74.0	73.54	82.22	56.14	27.2	89.44	0.0	41.18	48.37	38.21	82.02	78.79	84.38	30.0	87.66	8.0	77.79	12.0	75.07	73.35	97.53	53.85	40.5	58.14	60.03	88.2	73.24	91.76	39.6	62.1	58.31	39.85	79.4	32.56	36.12	86.41	81.49	15.81	79.4	32.56	36.12	86.41	81.49	15.81	56.08	69.43	19.1	58.67	78.03	25.08	69.31	61.13	10.63
35	64.28	12.81	83.45	74.03	62.48	65.12	33.29	30.0	54.04	73.78	10.2	11.66	16.12	90.0	52.15	36.72	48.37	26.83	8.94	34.06	56.57	64.28	36.06	24.0	66.48	82.07	54.41	66.27	64.9	80.0	84.9	25.61	63.15	70.88	41.18	0.0	50.48	77.79	70.71	85.6	77.67	12.17	53.85	34.41	80.72	31.24	38.63	82.1	66.75	38.83	19.8	33.53	55.17	79.92	40.45	68.73	64.5	44.72	18.11	30.0	73.6	14.56	73.98	59.01	81.34	53.16	73.6	14.56	73.98	59.01	81.34	53.16	28.86	69.31	57.87	17.49	69.34	46.1	32.31	52.01	31.38
36	50.91	38.47	35.78	43.86	13.42	46.86	60.0	49.4	51.11	23.32	47.54	51.26	54.04	39.7	2.0	47.07	52.0	43.86	59.36	52.5	12.17	31.11	62.03	42.19	50.99	33.29	35.38	61.22	26.68	29.73	36.06	76.03	44.72	45.65	48.37	50.48	0.0	61.06	34.93	35.38	36.06	42.43	60.93	50.0	31.62	51.26	56.57	31.62	64.4	20.4	31.3	32.25	12.65	40.0	49.48	51.22	29.73	25.06	65.39	20.59	31.06	56.64	54.08	51.4	34.01	43.93	31.06	56.64	54.08	51.4	34.01	43.93	35.0	21.54	47.8	60.08	30.27	25.32	54.04	16.4	42.06
37	111.21	74.24	85.51	22.0	69.08	107.65	105.68	50.36	108.9	65.12	83.26	86.93	66.75	78.03	60.03	42.43	107.63	51.42	84.4	48.04	72.47	31.62	108.41	88.2	11.66	81.22	95.6	120.42	86.76	72.69	82.87	94.34	16.97	106.68	38.21	77.79	61.06	0.0	94.85	76.24	92.97	65.79	116.28	46.17	79.25	50.16	106.51	70.26	123.11	76.42	71.02	85.04	73.43	97.41	102.45	112.07	33.53	83.74	95.6	65.3	88.26	70.71	7.28	110.54	84.93	24.7	88.26	70.71	7.28	110.54	84.93	24.7	84.81	75.89	19.92	94.92	89.55	38.9	101.55	77.39	46.57
38	28.07	58.14	24.08	75.47	26.08	22.09	62.13	80.62	36.88	35.61	63.25	65.6	80.32	38.83	35.44	80.02	42.38	74.67	78.23	84.38	22.8	63.53	62.77	50.99	85.44	26.68	20.59	40.2	8.25	33.11	28.28	94.87	79.12	15.23	82.02	70.71	34.93	94.85	0.0	35.44	10.2	67.68	49.03	82.22	27.2	82.61	54.59	37.58	44.18	32.31	52.0	38.42	22.36	10.0	45.65	24.74	61.77	26.08	79.4	45.12	10.44	81.71	87.66	33.14	22.2	78.85	10.44	81.71	87.66	33.14	22.2	78.85	43.42	21.26	82.71	72.18	5.66	60.21	56.04	21.1	74.17
39	63.15	73.24	12.81	54.33	23.32	57.27	89.29	82.68	70.03	13.42	81.63	85.09	89.2	4.47	33.94	78.71	74.11	77.67	94.4	85.09	30.46	46.17	90.71	73.54	70.11	8.94	52.0	75.31	32.06	5.66	8.49	111.21	64.28	50.6	78.79	85.6	35.38	76.24	35.44	0.0	26.83	77.79	82.0	82.37	8.25	84.38	83.55	6.0	79.25	50.16	66.03	61.35	32.31	30.53	74.97	60.17	44.18	49.48	99.48	55.61	25.0	91.93	69.12	67.36	13.89	69.12	25.0	91.93	69.12	67.36	13.89	69.12	65.55	18.44	71.2	93.48	30.59	53.71	82.97	37.64	74.95
40	38.0	64.9	14.56	72.5	24.33	32.0	71.69	84.4	47.07	30.0	70.94	73.59	85.91	29.73	36.0	82.87	52.5	78.59	85.6	87.86	24.33	61.35	72.47	59.46	84.4	17.89	30.46	50.04	12.81	25.61	18.97	102.45	78.1	24.33	84.38	77.67	36.06	92.97	10.2	26.83	0.0	73.35	59.23	85.51	18.87	86.35	64.4	30.0	54.04	38.83	58.31	46.69	24.74	4.47	55.46	34.23	59.46	33.94	87.68	50.16	5.0	87.66	85.7	43.29	13.0	79.31	5.0	87.66	85.7	43.29	13.0	79.31	51.62	17.09	82.73	80.66	8.49	61.03	65.51	25.94	77.47
41	66.27	12.65	77.2	62.0	55.32	66.0	42.43	20.0	57.72	65.3	18.44	21.63	12.65	82.07	43.86	25.61	53.14	15.62	20.1	24.41	50.48	52.61	45.25	28.64	54.41	75.29	54.15	70.34	60.93	72.14	78.1	34.93	50.99	70.46	30.0	12.17	42.43	65.79	67.68	77.79	73.35	0.0	59.93	24.08	73.76	21.63	46.04	73.76	71.47	35.44	16.12	34.06	49.4	76.16	45.69	70.03	52.95	42.76	30.27	23.32	68.88	14.42	61.85	61.98	75.21	41.11	68.88	14.42	61.85	61.98	75.21	41.11	30.41	62.8	45.88	29.15	65.39	34.37	40.0	47.42	19.72
42	23.32	47.41	72.44	103.25	63.15	28.64	24.33	79.65	12.17	76.94	43.68	42.76	69.57	86.02	62.77	83.76	8.94	74.43	56.32	84.12	55.32	90.55	22.8	31.3	104.8	74.11	30.0	16.12	50.04	78.1	76.24	68.26	99.36	37.58	87.66	53.85	60.93	116.28	49.03	82.0	59.23	59.93	0.0	83.35	74.03	81.41	16.0	82.22	14.56	41.18	47.2	31.24	53.37	58.24	14.42	28.84	89.55	36.06	50.16	50.99	58.42	68.41	110.26	16.55	70.35	93.35	58.42	68.41	110.26	16.55	70.35	93.35	31.89	64.12	98.29	43.01	52.35	77.47	22.09	47.3	77.1
43	86.83	36.06	85.44	49.4	63.25	85.51	66.48	4.47	79.85	68.96	42.43	45.34	20.88	86.09	50.6	4.47	76.03	8.94	39.4	2.83	61.19	44.41	69.31	52.15	36.06	82.46	72.99	92.48	74.43	76.94	85.09	48.17	34.93	88.36	8.0	34.41	50.0	46.17	82.22	82.37	85.51	24.08	83.35	0.0	80.62	4.0	70.0	77.18	94.02	52.35	36.77	55.03	60.83	89.11	68.96	89.82	45.61	60.53	50.99	38.21	80.6	24.74	44.1	83.49	83.82	23.54	80.6	24.74	44.1	83.49	83.82	23.54	52.39	71.47	27.07	51.87	78.64	29.21	64.03	61.13	8.06
44	54.92	68.12	6.32	57.72	18.44	49.03	82.22	80.5	62.0	14.14	76.03	79.32	85.6	12.0	30.53	77.25	66.27	75.18	89.38	83.26	24.41	48.17	83.52	67.08	72.11	2.0	44.05	67.08	24.0	7.21	4.47	106.3	66.03	42.38	77.79	80.72	31.62	79.25	27.2	8.25	18.87	73.76	74.03	80.62	0.0	82.29	76.16	11.31	71.02	43.91	60.96	54.63	26.08	22.8	67.47	51.92	46.17	42.38	93.74	50.91	16.76	88.09	72.01	59.21	6.4	69.58	16.76	88.09	72.01	59.21	6.4	69.58	59.03	11.66	72.17	87.46	22.36	52.89	75.89	30.87	72.92
45	85.91	34.0	86.93	53.14	64.62	84.85	63.78	2.0	78.43	71.02	39.7	42.43	17.09	88.2	52.0	8.25	74.32	8.0	35.78	2.83	62.1	47.71	66.6	50.12	40.05	84.1	72.44	91.08	74.97	78.89	86.76	44.18	38.83	88.09	12.0	31.24	51.26	50.16	82.61	84.38	86.35	21.63	81.41	4.0	82.29	0.0	67.68	79.32	92.48	52.04	35.44	53.85	61.61	89.82	67.08	89.11	48.83	60.13	47.41	38.0	81.49	20.88	48.09	82.28	85.23	27.46	81.49	20.88	48.09	82.28	85.23	27.46	50.92	72.8	31.06	48.6	79.25	31.83	61.61	61.52	9.43
46	34.41	34.06	75.89	95.85	62.13	38.21	8.94	66.03	21.63	76.11	28.64	27.2	54.63	87.86	58.55	70.94	14.42	61.22	40.45	70.46	54.15	83.57	8.49	18.44	94.87	76.66	34.0	31.05	53.14	78.92	79.12	52.35	89.89	46.69	75.07	38.63	56.57	106.51	54.59	83.55	64.4	46.04	16.0	70.0	76.16	67.68	0.0	82.61	30.27	36.22	35.61	24.33	52.15	64.5	8.94	40.0	82.87	34.23	34.23	42.05	62.39	53.14	101.02	27.46	73.68	82.62	62.39	53.14	101.02	27.46	73.68	82.62	22.47	65.12	87.62	27.02	56.46	68.48	6.32	46.27	64.44
47	64.56	69.97	17.2	48.37	20.88	58.82	87.86	77.67	70.46	8.49	78.71	82.29	84.85	8.94	30.0	73.43	74.03	72.8	90.97	79.92	28.64	40.2	89.44	71.47	64.12	12.81	52.35	76.66	32.98	4.47	13.42	107.65	58.31	52.8	73.35	82.1	31.62	70.26	37.58	6.0	30.0	73.76	82.22	77.18	11.31	79.32	82.61	0.0	80.52	48.08	62.77	59.67	30.59	34.06	74.24	62.03	38.21	48.37	96.6	52.15	27.29	87.73	63.13	68.25	17.69	63.32	27.29	87.73	63.13	68.25	17.69	63.32	63.6	18.11	65.31	90.87	32.31	48.3	81.58	36.35	69.89
48	16.12	58.82	68.26	108.07	63.56	22.09	38.83	90.62	14.42	76.55	56.57	56.14	82.0	82.87	66.03	93.91	18.44	85.09	70.03	95.08	56.36	95.27	37.36	43.17	111.95	70.71	29.53	4.0	47.54	76.16	72.44	82.61	106.15	30.07	97.53	66.75	64.4	123.11	44.18	79.25	54.04	71.47	14.56	94.02	71.02	92.48	30.27	80.52	0.0	46.69	57.27	39.45	54.59	52.04	26.31	20.1	94.02	39.7	64.5	58.82	54.45	81.22	116.67	13.04	66.37	101.4	54.45	81.22	116.67	13.04	66.37	101.4	41.63	62.64	106.21	57.22	48.66	84.29	36.06	48.88	87.21
49	35.78	26.08	45.61	62.13	27.2	33.53	40.2	50.04	32.56	40.79	32.56	35.61	48.08	54.63	22.36	50.99	32.25	44.05	46.86	54.15	19.7	49.4	42.05	23.41	65.3	44.94	20.88	44.05	26.08	44.94	47.71	63.78	59.46	36.06	53.85	38.83	20.4	76.42	32.31	50.16	38.83	35.44	41.18	52.35	43.91	52.04	36.22	48.08	46.69	0.0	19.7	12.0	17.89	41.18	29.12	37.95	48.37	8.25	50.0	14.14	34.83	49.4	70.01	34.21	43.42	55.23	34.83	49.4	70.01	34.21	43.42	55.23	15.52	32.25	59.91	43.57	30.53	37.64	34.06	13.45	44.55
50	50.64	7.21	63.66	62.1	42.8	50.04	34.93	33.53	43.08	54.59	16.49	20.4	28.64	70.46	33.11	36.72	39.45	27.86	28.43	37.95	36.77	50.64	37.58	17.2	59.36	62.29	38.05	55.71	45.65	60.46	65.12	45.34	54.59	54.33	40.5	19.8	31.3	71.02	52.0	66.03	58.31	16.12	47.2	36.77	60.96	35.44	35.61	62.77	57.27	19.7	0.0	18.44	35.38	60.83	32.8	54.15	50.36	26.68	34.18	10.77	54.08	29.73	65.76	46.84	61.55	47.01	54.08	29.73	65.76	46.84	61.55	47.01	15.65	49.52	52.01	29.43	50.12	33.84	30.53	32.45	30.02
