vehicles
vehicle_idx, capacity, cost_per_unit_distance
1,100,1
2,100,1
3,100,1
4,100,1
5,100,1
6,100,1
7,100,1
8,100,1
9,100,1
depot
node_idx,x,y
0,27,93
home delivery customers
node_idx,x,y,service_time,demand
1,1,59,10,11
2,49,9,10,9
3,81,83,10,23
4,7,65,10,19
5,95,27,10,18
6,81,85,10,20
7,37,81,10,13
8,89,75,10,24
9,3,57,10,5
10,83,69,10,19
11,19,39,10,17
12,83,17,10,2
13,41,97,10,6
14,31,61,10,9
15,29,15,10,9
16,15,77,10,1
17,45,17,10,42
18,95,5,10,24
19,55,91,10,18
20,47,7,10,11
21,85,35,10,18
self pickup customers
node_idx,x,y,service_time,demand,locker_idxs
22,21,53,10,17,69
23,79,89,10,21,70-64-60
24,85,11,10,10,62-65
25,69,69,10,5,70-60
26,15,95,10,11,63
27,57,83,10,3,73-60
28,45,11,10,20,74-71-61
29,43,61,10,23,69-66
30,19,83,10,18,63
31,85,77,10,2,64-60
32,83,87,10,17,64-60
33,63,97,10,14,73-60-64
34,65,57,10,19,71
35,15,69,10,11,66
36,63,57,10,4,73-70
37,3,31,10,21,72
38,89,81,10,22,64-60
39,45,47,10,9,66-69-71
40,65,93,10,23,73-60-64
flexible customers
node_idx,x,y,service_time,demand,locker_idxs
41,33,27,10,16,69-61
42,29,39,10,2,66-69-61
43,7,81,10,7,63
44,45,9,10,6,74-71-61
45,33,93,10,2,63
46,11,95,10,1,63-60
47,35,43,10,24,69-66
48,1,13,10,9,61
49,15,39,10,11,72-66-69
50,59,69,10,5,73-70-60
51,93,83,10,2,64
52,31,97,10,21,63
53,57,9,10,20,74-71-65
54,85,37,10,21,68-71-62
55,21,29,10,18,72-69-61
56,53,11,10,48,68-74-71-65
57,41,69,10,17,66-73-70
58,13,25,10,2,72-61
59,61,69,10,9,73-70-60
lockers
node_idx,x,y,service_time,capacity,cost_per_unit_good
60,65,88,10,78
61,25,15,10,77
62,93,12,10,78
63,22,88,10,96
64,77,88,10,82
65,72,14,10,86
66,27,55,10,99
67,110,108,10,91
68,78,17,10,79
69,36,35,10,89
70,64,74,10,83
71,63,28,10,73
72,2,40,10,97
73,56,82,10,91
74,68,17,10,97
mrt lines
start_node_idx,end_node_idx,freight_capacity,cost_per_unit_good
60,61,78,2
61,60,78,2
62,63,96,2
63,62,96,2
64,65,86,2
65,64,86,2
distance matrix
,0,1,2,3,4,5,6,7,8,9,10,11,12,13,14,15,16,17,18,19,20,21,22,23,24,25,26,27,28,29,30,31,32,33,34,35,36,37,38,39,40,41,42,43,44,45,46,47,48,49,50,51,52,53,54,55,56,57,58,59,60,61,62,63,64,65,66,67,68,69,70,71,72,73,74,
0,0.0,42.8,86.83,54.92,34.41,94.76,54.59,15.62,64.56,43.27,60.93,54.59,94.4,14.56,32.25,78.03,20.0,78.1,111.21,28.07,88.29,82.02,40.45,52.15,100.44,48.37,12.17,31.62,83.95,35.78,12.81,60.17,56.32,36.22,52.35,26.83,50.91,66.48,63.15,49.4,38.0,66.27,54.04,23.32,85.91,6.0,16.12,50.64,84.12,55.32,40.0,66.75,5.66,89.2,80.62,64.28,86.02,27.78,69.43,41.62,38.33,78.03,104.48,7.07,50.25,90.92,38.0,84.34,91.53,58.69,41.59,74.3,58.6,31.02,86.35
1,42.8,0.0,69.31,83.52,8.49,99.3,84.12,42.19,89.44,2.83,82.61,26.91,92.13,55.17,30.07,52.15,22.8,60.83,108.41,62.77,69.43,87.36,20.88,83.57,96.75,68.73,38.63,60.93,65.12,42.05,30.0,85.91,86.65,72.72,64.03,17.2,62.03,28.07,90.71,45.61,72.47,45.25,34.41,22.8,66.6,46.69,37.36,37.58,46.0,24.41,58.86,95.08,48.41,75.07,86.83,36.06,70.77,41.23,36.06,60.83,70.26,50.12,103.31,35.81,81.34,84.06,26.31,119.51,87.71,42.44,64.76,69.32,19.03,59.62,79.08
2,86.83,69.31,0.0,80.62,70.0,49.4,82.46,72.99,77.18,66.48,68.96,42.43,34.93,88.36,55.03,20.88,76.03,8.94,46.17,82.22,2.83,44.41,52.15,85.44,36.06,63.25,92.48,74.43,4.47,52.35,79.85,76.94,85.09,89.11,50.6,68.96,50.0,50.99,82.37,38.21,85.51,24.08,36.06,83.35,4.0,85.51,94.02,36.77,48.17,45.34,60.83,86.09,89.82,8.0,45.61,34.41,4.47,60.53,39.4,61.19,80.6,24.74,44.1,83.49,83.82,23.54,50.99,116.28,30.08,29.07,66.71,23.6,56.3,73.33,20.62
3,54.92,83.52,80.62,0.0,76.16,57.72,2.0,44.05,11.31,82.22,14.14,76.03,66.03,42.38,54.63,85.6,66.27,75.18,79.25,27.2,83.26,48.17,67.08,6.32,72.11,18.44,67.08,24.0,80.5,43.91,62.0,7.21,4.47,22.8,30.53,67.47,31.62,93.74,8.25,50.91,18.87,73.76,68.12,74.03,82.29,49.03,71.02,60.96,106.3,79.32,26.08,12.0,51.92,77.79,46.17,80.72,77.25,42.38,89.38,24.41,16.76,88.09,72.01,59.21,6.4,69.58,60.83,38.29,66.07,65.8,19.24,57.87,89.94,25.02,67.27
4,34.41,8.49,70.0,76.16,0.0,95.85,76.66,34.0,82.61,8.94,76.11,28.64,89.89,46.69,24.33,54.63,14.42,61.22,106.51,54.59,70.46,83.57,18.44,75.89,94.87,62.13,31.05,53.14,66.03,36.22,21.63,78.92,79.12,64.5,58.55,8.94,56.57,34.23,83.55,42.05,64.4,46.04,34.06,16.0,67.68,38.21,30.27,35.61,52.35,27.2,52.15,87.86,40.0,75.07,82.87,38.63,70.94,34.23,40.45,54.15,62.39,53.14,101.02,27.46,73.68,82.62,22.36,111.62,85.7,41.73,57.71,67.12,25.5,51.87,77.62
5,94.76,99.3,49.4,57.72,95.85,0.0,59.67,79.25,48.37,96.77,43.68,76.94,15.62,88.41,72.47,67.08,94.34,50.99,22.0,75.47,52.0,12.81,78.43,64.03,18.87,49.4,105.0,67.68,52.5,62.13,94.4,50.99,61.19,76.97,42.43,90.35,43.86,92.09,54.33,53.85,72.5,62.0,67.08,103.25,53.14,90.55,108.07,62.1,95.04,80.89,55.32,56.04,94.85,42.05,14.14,74.03,44.94,68.41,82.02,54.04,67.98,71.02,15.13,95.13,63.6,26.42,73.54,82.38,19.72,59.54,56.3,32.02,93.9,67.42,28.79
6,54.59,84.12,82.46,2.0,76.66,59.67,0.0,44.18,12.81,82.87,16.12,77.2,68.03,41.76,55.46,87.2,66.48,76.94,81.22,26.68,85.09,50.16,68.0,4.47,74.11,20.0,66.75,24.08,82.29,44.94,62.03,8.94,2.83,21.63,32.25,67.91,33.29,94.87,8.94,52.35,17.89,75.29,69.43,74.11,84.1,48.66,70.71,62.29,107.63,80.45,27.2,12.17,51.42,79.7,48.17,82.07,79.12,43.08,90.69,25.61,16.28,89.64,73.98,59.08,5.0,71.57,61.77,37.01,68.07,67.27,20.25,59.77,90.92,25.18,69.23
7,15.62,42.19,72.99,44.05,34.0,79.25,44.18,0.0,52.35,41.62,47.54,45.69,78.82,16.49,20.88,66.48,22.36,64.5,95.6,20.59,74.67,66.48,32.25,42.76,84.88,34.18,26.08,20.1,70.46,20.88,18.11,48.17,46.39,30.53,36.88,25.06,35.38,60.46,52.0,34.93,30.46,54.15,42.76,30.0,72.44,12.65,29.53,38.05,76.94,47.41,25.06,56.04,17.09,74.73,65.12,54.41,71.81,12.65,60.93,26.83,28.86,67.08,88.87,16.55,40.61,75.59,27.86,77.83,76.01,46.01,27.89,59.03,53.91,19.03,71.11
8,64.56,89.44,77.18,11.31,82.61,48.37,12.81,52.35,0.0,87.86,8.49,78.71,58.31,52.8,59.67,84.85,74.03,72.8,70.26,37.58,79.92,40.2,71.47,17.2,64.12,20.88,76.66,32.98,77.67,48.08,70.46,4.47,13.42,34.06,30.0,74.24,31.62,96.6,6.0,52.15,30.0,73.76,69.97,82.22,79.32,58.82,80.52,62.77,107.65,82.29,30.59,8.94,62.03,73.35,38.21,82.1,73.43,48.37,90.97,28.64,27.29,87.73,63.13,68.25,17.69,63.32,65.15,39.12,59.03,66.4,25.02,53.71,93.78,33.73,61.68
9,43.27,2.83,66.48,82.22,8.94,96.77,82.87,41.62,87.86,0.0,80.89,24.08,89.44,55.17,28.28,49.4,23.32,58.0,105.68,62.13,66.6,84.9,18.44,82.46,94.02,67.08,39.85,59.93,62.29,40.2,30.53,84.4,85.44,72.11,62.0,16.97,60.0,26.0,89.29,43.17,71.69,42.43,31.62,24.33,63.78,46.86,38.83,34.93,44.05,21.63,57.27,93.68,48.83,72.25,84.4,33.29,67.94,39.85,33.53,59.23,69.32,47.41,100.62,36.36,80.23,81.3,24.08,118.53,85.0,39.66,63.32,66.64,17.03,58.6,76.32
10,60.93,82.61,68.96,14.14,76.11,43.68,16.12,47.54,8.49,80.89,0.0,70.68,52.0,50.48,52.61,76.37,68.47,64.4,65.12,35.61,71.69,34.06,64.03,20.4,58.03,14.0,72.8,29.53,69.34,40.79,65.51,8.25,18.0,34.41,21.63,68.0,23.32,88.57,13.42,43.91,30.0,65.3,61.77,76.94,71.02,55.46,76.55,54.59,99.3,74.32,24.0,17.2,59.06,65.39,32.06,73.78,65.3,42.0,82.68,22.0,26.17,79.25,57.87,63.89,19.92,56.09,57.72,47.43,52.24,58.01,19.65,45.62,86.03,29.97,54.12
11,54.59,26.91,42.43,76.03,28.64,76.94,77.2,45.69,78.71,24.08,70.68,0.0,67.68,62.03,25.06,26.0,38.21,34.06,83.26,63.25,42.52,66.12,14.14,78.1,71.69,58.31,56.14,58.14,38.21,32.56,44.0,76.16,80.0,72.8,49.4,30.27,47.54,17.89,81.63,27.2,70.94,18.44,10.0,43.68,39.7,55.79,56.57,16.49,31.62,4.0,50.0,86.09,59.23,48.41,66.03,10.2,44.05,37.2,15.23,51.61,67.21,24.74,78.77,49.09,75.93,58.6,17.89,114.2,62.97,17.46,57.01,45.35,17.03,56.73,53.71
12,94.4,92.13,34.93,66.03,89.89,15.62,68.03,78.82,58.31,89.44,52.0,67.68,0.0,90.35,68.12,54.04,90.69,38.0,16.97,79.12,37.36,18.11,71.69,72.11,6.32,53.85,103.48,70.94,38.47,59.46,91.93,60.03,70.0,82.46,43.86,85.6,44.72,81.22,64.28,48.41,78.1,50.99,58.31,99.36,38.83,90.97,106.15,54.59,82.1,71.47,57.27,66.75,95.41,27.2,20.1,63.15,30.59,66.84,70.46,56.46,73.25,58.03,11.18,93.61,71.25,11.4,67.68,94.92,5.0,50.33,60.08,22.83,84.2,70.38,15.0
13,14.56,55.17,88.36,42.38,46.69,88.41,41.76,16.49,52.8,55.17,50.48,62.03,90.35,0.0,37.36,82.87,32.8,80.1,106.68,15.23,90.2,76.03,48.33,38.83,96.6,39.6,26.08,21.26,86.09,36.06,26.08,48.33,43.17,22.0,46.65,38.21,45.65,76.16,50.6,50.16,24.33,70.46,59.23,37.58,88.09,8.94,30.07,54.33,93.04,63.56,33.29,53.85,10.0,89.44,74.4,70.88,86.83,28.0,77.25,34.41,25.63,83.55,99.64,21.02,37.11,88.6,44.27,69.87,88.14,62.2,32.53,72.42,69.07,21.21,84.43
14,32.25,30.07,55.03,54.63,24.33,72.47,55.46,20.88,59.67,28.28,52.61,25.06,68.12,37.36,0.0,46.04,22.63,46.17,85.04,38.42,56.32,59.93,12.81,55.57,73.59,38.83,37.58,34.06,51.92,12.0,25.06,56.32,58.14,48.17,34.23,17.89,32.25,41.04,61.35,19.8,46.69,34.06,22.09,31.24,53.85,32.06,39.45,18.44,56.6,27.2,29.12,65.79,36.0,58.14,59.09,33.53,54.63,12.81,40.25,31.05,43.42,46.39,79.03,28.46,53.34,62.37,7.21,91.92,64.38,26.48,35.47,45.97,35.81,32.65,57.49
15,78.03,52.15,20.88,85.6,54.63,67.08,87.2,66.48,84.85,49.4,76.37,26.0,54.04,82.87,46.04,0.0,63.56,16.12,66.75,80.32,19.7,59.46,38.83,89.31,56.14,67.2,81.22,73.54,16.49,48.08,68.73,83.55,90.0,88.77,55.32,55.79,54.04,30.53,89.2,35.78,85.91,12.65,24.0,69.57,17.09,78.1,82.0,28.64,28.07,27.78,61.77,93.38,82.02,28.64,60.17,16.12,24.33,55.32,18.87,62.77,81.39,4.0,64.07,73.33,87.37,43.01,40.05,123.33,49.04,21.19,68.6,36.4,36.8,72.24,39.05
16,20.0,22.8,76.03,66.27,14.42,94.34,66.48,22.36,74.03,23.32,68.47,38.21,90.69,32.8,22.63,63.56,0.0,67.08,107.63,42.38,76.97,81.63,24.74,65.12,96.21,54.59,18.0,42.43,72.5,32.25,7.21,70.0,68.73,52.0,53.85,8.0,52.0,47.54,74.11,42.43,52.5,53.14,40.5,8.94,74.32,24.08,18.44,39.45,65.51,38.0,44.72,78.23,25.61,79.92,80.62,48.37,76.16,27.2,52.04,46.69,51.2,62.8,101.53,13.04,62.97,84.96,25.06,99.93,87.0,46.96,49.09,68.59,39.22,41.3,80.06
17,78.1,60.83,8.94,75.18,61.22,50.99,76.94,64.5,72.8,58.0,64.4,34.06,38.0,80.1,46.17,16.12,67.08,0.0,51.42,74.67,10.2,43.86,43.27,79.62,40.45,57.27,83.57,67.08,6.0,44.05,70.94,72.11,79.65,82.0,44.72,60.03,43.86,44.27,77.67,30.0,78.59,15.62,27.2,74.43,8.0,76.94,85.09,27.86,44.18,37.2,53.85,81.61,81.22,14.42,44.72,26.83,10.0,52.15,32.98,54.41,73.76,20.1,48.26,74.63,77.88,27.17,42.05,111.83,33.0,20.12,60.08,21.1,48.76,65.92,23.0
18,111.21,108.41,46.17,79.25,106.51,22.0,81.22,95.6,70.26,105.68,65.12,83.26,16.97,106.68,85.04,66.75,107.63,51.42,0.0,94.85,48.04,31.62,88.2,85.51,11.66,69.08,120.42,86.76,50.36,76.42,108.9,72.69,82.87,97.41,60.03,102.45,61.06,95.6,76.24,65.3,92.97,65.79,74.24,116.28,50.16,107.65,123.11,71.02,94.34,86.93,73.43,78.03,112.07,38.21,33.53,77.79,42.43,83.74,84.4,72.47,88.26,70.71,7.28,110.54,84.93,24.7,84.4,104.09,20.81,66.19,75.64,39.41,99.37,86.31,29.55
19,28.07,62.77,82.22,27.2,54.59,75.47,26.68,20.59,37.58,62.13,35.61,63.25,79.12,15.23,38.42,80.32,42.38,74.67,94.85,0.0,84.38,63.53,50.99,24.08,85.44,26.08,40.2,8.25,80.62,32.31,36.88,33.11,28.28,10.0,35.44,45.65,34.93,79.4,35.44,45.12,10.2,67.68,58.14,49.03,82.61,22.09,44.18,52.0,94.87,65.6,22.36,38.83,24.74,82.02,61.77,70.71,80.02,26.08,78.23,22.8,10.44,81.71,87.66,33.14,22.2,78.85,45.61,57.57,77.49,59.14,19.24,63.51,73.55,9.06,75.13
20,88.29,69.43,2.83,83.26,70.46,52.0,85.09,74.67,79.92,66.6,71.69,42.52,37.36,90.2,56.32,19.7,76.97,10.2,48.04,84.38,0.0,47.2,52.84,88.02,38.21,65.79,93.64,76.66,4.47,54.15,80.99,79.65,87.73,91.41,53.14,69.77,52.5,50.12,85.09,40.05,87.86,24.41,36.72,84.12,2.83,87.13,95.08,37.95,46.39,45.25,63.15,88.84,91.41,10.2,48.41,34.06,7.21,62.29,38.47,63.56,82.98,23.41,46.27,84.77,86.38,25.96,52.0,119.04,32.57,30.08,69.12,26.4,55.8,75.54,23.26
21,82.02,87.36,44.41,48.17,83.57,12.81,50.16,66.48,40.2,84.9,34.06,66.12,18.11,76.03,59.93,59.46,81.63,43.86,31.62,63.53,47.2,0.0,66.48,54.33,24.0,37.58,92.2,55.57,46.65,49.4,81.61,42.0,52.04,65.79,29.73,77.82,31.11,82.1,46.17,41.76,61.35,52.61,56.14,90.55,47.71,77.9,95.27,50.64,86.83,70.11,42.8,48.66,82.22,38.21,2.0,64.28,40.0,55.61,72.69,41.62,56.65,63.25,24.35,82.33,53.6,24.7,61.35,77.16,19.31,49.0,44.29,23.09,83.15,55.23,24.76
22,40.45,20.88,52.15,67.08,18.44,78.43,68.0,32.25,71.47,18.44,64.03,14.14,71.69,48.33,12.81,38.83,24.74,43.27,88.2,50.99,52.84,66.48,0.0,68.26,76.55,50.6,42.43,46.86,48.37,23.41,30.07,68.35,70.71,60.83,44.18,17.09,42.19,28.43,73.54,24.74,59.46,28.64,16.12,31.3,50.12,41.76,43.17,17.2,44.72,15.23,41.23,78.0,45.12,56.85,65.97,24.0,52.8,25.61,29.12,43.08,56.22,38.21,82.86,35.01,66.04,64.2,6.32,104.62,67.42,23.43,47.85,48.88,23.02,45.45,59.2
23,52.15,83.57,85.44,6.32,75.89,64.03,4.47,42.76,17.2,82.46,20.4,78.1,72.11,38.83,55.57,89.31,65.12,79.62,85.51,24.08,88.02,54.33,68.26,0.0,78.23,22.36,64.28,22.8,85.09,45.61,60.3,13.42,4.47,17.89,34.93,67.05,35.78,95.6,12.81,54.04,14.56,77.2,70.71,72.44,86.93,46.17,68.26,63.66,108.9,81.22,28.28,15.23,48.66,82.97,52.35,83.45,82.22,42.94,91.93,26.91,14.04,91.61,78.26,57.01,2.24,75.33,62.13,36.36,72.01,69.03,21.21,63.06,91.27,24.04,72.84
24,100.44,96.75,36.06,72.11,94.87,18.87,74.11,84.88,64.12,94.02,58.03,71.69,6.32,96.6,73.59,56.14,96.21,40.45,11.66,85.44,38.21,24.0,76.55,78.23,0.0,60.17,109.34,77.25,40.0,65.3,97.67,66.0,76.03,88.77,50.16,90.91,50.99,84.4,70.11,53.81,84.4,54.41,62.61,104.8,40.05,97.1,111.95,59.36,84.02,75.39,63.56,72.44,101.55,28.07,26.0,66.48,32.0,72.8,73.35,62.77,79.56,60.13,8.06,99.49,77.41,13.34,72.8,100.17,9.22,54.56,66.41,27.8,87.92,76.69,18.03
25,48.37,68.73,63.25,18.44,62.13,49.4,20.0,34.18,20.88,67.08,14.0,58.31,53.85,39.6,38.83,67.2,54.59,57.27,69.08,26.08,65.79,37.58,50.6,22.36,60.17,0.0,59.93,18.44,62.77,27.2,51.92,17.89,22.8,28.64,12.65,54.0,13.42,76.16,23.32,32.56,24.33,55.32,50.0,63.15,64.62,43.27,63.56,42.8,88.09,61.77,10.0,27.78,47.2,61.19,35.78,62.48,60.17,28.0,71.22,8.0,19.42,69.66,61.85,50.7,20.62,55.08,44.27,56.59,52.77,47.38,7.07,41.44,73.01,18.38,52.01
26,12.17,38.63,92.48,67.08,31.05,105.0,66.75,26.08,76.66,39.85,72.8,56.14,103.48,26.08,37.58,81.22,18.0,83.57,120.42,40.2,93.64,92.2,42.43,64.28,109.34,59.93,0.0,43.68,89.2,44.05,12.65,72.28,68.47,48.04,62.8,26.0,61.22,65.12,75.31,56.6,50.04,70.34,57.72,16.12,91.08,18.11,4.0,55.71,83.19,56.0,51.11,78.92,16.12,95.71,90.91,66.27,92.2,36.77,70.03,52.84,50.49,80.62,113.9,9.9,62.39,99.05,41.76,95.89,100.26,63.57,53.31,82.42,56.52,43.01,94.3
27,31.62,60.93,74.43,24.0,53.14,67.68,24.08,20.1,32.98,59.93,29.53,58.14,70.94,21.26,34.06,73.54,42.43,67.08,86.76,8.25,76.66,55.57,46.86,22.8,77.25,18.44,43.68,0.0,72.99,26.08,38.0,28.64,26.31,15.23,27.2,44.27,26.68,74.97,32.06,37.95,12.81,60.93,52.15,50.04,74.97,26.0,47.54,45.65,89.64,60.83,14.14,36.0,29.53,74.0,53.85,64.9,72.11,21.26,72.8,14.56,9.43,75.15,79.61,35.36,20.62,70.61,41.04,58.6,69.26,52.39,11.4,55.33,69.81,1.41,66.91
28,83.95,65.12,4.47,80.5,66.03,52.5,82.29,70.46,77.67,62.29,69.34,38.21,38.47,86.09,51.92,16.49,72.5,6.0,50.36,80.62,4.47,46.65,48.37,85.09,40.0,62.77,89.2,72.99,0.0,50.04,76.55,77.18,84.97,87.86,50.16,65.3,49.4,46.52,82.68,36.0,84.4,20.0,32.25,79.65,2.0,82.87,90.62,33.53,44.05,41.04,59.67,86.53,87.13,12.17,47.71,30.0,8.0,58.14,34.93,60.17,79.56,20.4,48.01,80.36,83.38,27.17,47.54,116.76,33.54,25.63,65.8,24.76,51.87,71.85,23.77
29,35.78,42.05,52.35,43.91,36.22,62.13,44.94,20.88,48.08,40.2,40.79,32.56,59.46,36.06,12.0,48.08,32.25,44.05,76.42,32.31,54.15,49.4,23.41,45.61,65.3,27.2,44.05,26.08,50.04,0.0,32.56,44.94,47.71,41.18,22.36,29.12,20.4,50.0,50.16,14.14,38.83,35.44,26.08,41.18,52.04,33.53,46.69,19.7,63.78,35.61,17.89,54.63,37.95,53.85,48.37,38.83,50.99,8.25,46.86,19.7,34.83,49.4,70.01,34.21,43.42,55.23,17.09,81.84,56.22,26.93,24.7,38.59,46.07,24.7,50.61
30,12.81,30.0,79.85,62.0,21.63,94.4,62.03,18.11,70.46,30.53,65.51,44.0,91.93,26.08,25.06,68.73,7.21,70.94,108.9,36.88,80.99,81.61,30.07,60.3,97.67,51.92,12.65,38.0,76.55,32.56,0.0,66.27,64.12,46.17,52.84,14.56,51.11,54.41,70.03,44.41,47.07,57.72,45.12,12.17,78.43,17.2,14.42,43.08,72.28,44.18,42.38,74.0,18.44,83.19,80.45,54.04,79.62,26.08,58.31,44.27,46.27,68.26,102.55,5.83,58.22,87.01,29.12,94.37,88.53,50.92,45.89,70.43,46.24,37.01,82.2
31,60.17,85.91,76.94,7.21,78.92,50.99,8.94,48.17,4.47,84.4,8.25,76.16,60.03,48.33,56.32,83.55,70.0,72.11,72.69,33.11,79.65,42.0,68.35,13.42,66.0,17.89,72.28,28.64,77.18,44.94,66.27,0.0,10.2,29.73,28.28,70.46,29.73,94.02,5.66,50.0,25.61,72.14,67.68,78.1,78.89,54.41,76.16,60.46,105.6,79.65,27.2,10.0,57.58,73.54,40.0,80.0,73.35,44.72,88.81,25.3,22.83,86.28,65.49,63.95,13.6,64.33,62.03,39.82,60.41,64.54,21.21,53.71,90.87,29.43,62.36
32,56.32,86.65,85.09,4.47,79.12,61.19,2.83,46.39,13.42,85.44,18.0,80.0,70.0,43.17,58.14,90.0,68.73,79.65,82.87,28.28,87.73,52.04,70.71,4.47,76.03,22.8,68.47,26.31,84.97,47.71,64.12,10.2,0.0,22.36,34.99,70.34,36.06,97.65,8.49,55.17,18.97,78.1,72.25,76.24,86.76,50.36,72.44,65.12,110.45,83.23,30.0,10.77,52.95,82.22,50.04,84.9,81.71,45.69,93.51,28.43,18.03,92.46,75.66,61.01,6.08,73.82,64.5,34.21,70.18,70.09,23.02,62.3,93.65,27.46,71.59
33,36.22,72.72,89.11,22.8,64.5,76.97,21.63,30.53,34.06,72.11,34.41,72.8,82.46,22.0,48.17,88.77,52.0,82.0,97.41,10.0,91.41,65.79,60.83,17.89,88.77,28.64,48.04,15.23,87.86,41.18,46.17,29.73,22.36,0.0,40.05,55.57,40.0,89.2,30.53,53.14,4.47,76.16,67.23,58.24,89.82,30.27,52.04,60.83,104.4,75.29,28.28,33.11,32.0,88.2,63.91,79.92,86.58,35.61,87.66,28.07,9.22,90.38,90.14,41.98,16.64,83.49,55.32,48.27,81.39,67.62,23.02,69.0,83.49,16.55,80.16
34,52.35,64.03,50.6,30.53,58.55,42.43,32.25,36.88,30.0,62.0,21.63,49.4,43.86,46.65,34.23,55.32,53.85,44.72,60.03,35.44,53.14,29.73,44.18,34.93,50.16,12.65,62.8,27.2,50.16,22.36,52.84,28.28,34.99,40.05,0.0,51.42,2.0,67.23,33.94,22.36,36.0,43.86,40.25,62.77,52.0,48.17,66.03,33.11,77.67,53.14,13.42,38.21,52.5,48.66,28.28,52.15,47.54,26.83,61.06,12.65,31.0,58.0,53.0,53.01,33.24,43.57,38.05,68.01,42.06,36.4,17.03,29.07,65.25,26.57,40.11
35,26.83,17.2,68.96,67.47,8.94,90.35,67.91,25.06,74.24,16.97,68.0,30.27,85.6,38.21,17.89,55.79,8.0,60.03,102.45,45.65,69.77,77.82,17.09,67.05,90.91,54.0,26.0,44.27,65.3,29.12,14.56,70.46,70.34,55.57,51.42,0.0,49.48,39.85,74.97,37.2,55.46,45.69,33.11,14.42,67.08,30.0,26.31,32.8,57.72,30.0,44.0,79.25,32.25,73.24,76.97,40.45,69.34,26.0,44.05,46.0,53.49,54.92,96.61,20.25,64.85,79.21,18.44,102.69,81.69,39.96,49.25,63.13,31.78,43.01,74.25
36,50.91,62.03,50.0,31.62,56.57,43.86,33.29,35.38,31.62,60.0,23.32,47.54,44.72,45.65,32.25,54.04,52.0,43.86,61.06,34.93,52.5,31.11,42.19,35.78,50.99,13.42,61.22,26.68,49.4,20.4,51.11,29.73,36.06,40.0,2.0,49.48,0.0,65.39,35.38,20.59,36.06,42.43,38.47,60.93,51.26,46.86,64.4,31.3,76.03,51.26,12.65,39.7,51.22,48.37,29.73,50.48,47.07,25.06,59.36,12.17,31.06,56.64,54.08,51.4,34.01,43.93,36.06,69.35,42.72,34.83,17.03,29.0,63.32,25.96,40.31
37,66.48,28.07,50.99,93.74,34.23,92.09,94.87,60.46,96.6,26.0,88.57,17.89,81.22,76.16,41.04,30.53,47.54,44.27,95.6,79.4,50.12,82.1,28.43,95.6,84.4,76.16,65.12,74.97,46.52,50.0,54.41,94.02,97.65,89.2,67.23,39.85,65.39,0.0,99.48,44.94,87.68,30.27,27.2,50.16,47.41,68.88,64.5,34.18,18.11,14.42,67.68,103.94,71.69,58.31,82.22,18.11,53.85,53.74,11.66,69.34,84.22,27.2,91.98,60.08,93.41,71.06,33.94,131.83,76.3,33.24,74.63,60.07,9.06,73.55,66.49
38,63.15,90.71,82.37,8.25,83.55,54.33,8.94,52.0,6.0,89.29,13.42,81.63,64.28,50.6,61.35,89.2,74.11,77.67,76.24,35.44,85.09,46.17,73.54,12.81,70.11,23.32,75.31,32.06,82.68,50.16,70.03,5.66,8.49,30.53,33.94,74.97,35.38,99.48,0.0,55.61,26.83,77.79,73.24,82.0,84.38,57.27,79.25,66.03,111.21,85.09,32.31,4.47,60.17,78.79,44.18,85.6,78.71,49.48,94.4,30.46,25.0,91.93,69.12,67.36,13.89,69.12,67.23,34.21,64.94,70.18,25.96,59.03,96.18,33.02,67.36
39,49.4,45.61,38.21,50.91,42.05,53.85,52.35,34.93,52.15,43.17,43.91,27.2,48.41,50.16,19.8,35.78,42.43,30.0,65.3,45.12,40.05,41.76,24.74,54.04,53.81,32.56,56.6,37.95,36.0,14.14,44.41,50.0,55.17,53.14,22.36,37.2,20.59,44.94,55.61,0.0,50.16,23.32,17.89,50.99,38.0,47.54,58.82,10.77,55.61,31.05,26.08,60.0,51.92,39.85,41.23,30.0,36.88,22.36,38.83,27.2,45.62,37.74,59.41,47.01,52.01,42.64,19.7,89.14,44.6,15.0,33.02,26.17,43.57,36.69,37.8
40,38.0,72.47,85.51,18.87,64.4,72.5,17.89,30.46,30.0,71.69,30.0,70.94,78.1,24.33,46.69,85.91,52.5,78.59,92.97,10.2,87.86,61.35,59.46,14.56,84.4,24.33,50.04,12.81,84.4,38.83,47.07,25.61,18.97,4.47,36.0,55.46,36.06,87.68,26.83,50.16,0.0,73.35,64.9,59.23,86.35,32.0,54.04,58.31,102.45,73.59,24.74,29.73,34.23,84.38,59.46,77.67,82.87,33.94,85.6,24.33,5.0,87.66,85.7,43.29,13.0,79.31,53.74,47.43,77.1,64.85,19.03,65.03,82.33,14.21,76.06
41,66.27,45.25,24.08,73.76,46.04,62.0,75.29,54.15,73.76,42.43,65.3,18.44,50.99,70.46,34.06,12.65,53.14,15.62,65.79,67.68,24.41,52.61,28.64,77.2,54.41,55.32,70.34,60.93,20.0,35.44,57.72,72.14,78.1,76.16,43.86,45.69,42.43,30.27,77.79,23.32,73.35,0.0,12.65,59.93,21.63,66.0,71.47,16.12,34.93,21.63,49.4,82.07,70.03,30.0,52.95,12.17,25.61,42.76,20.1,50.48,68.88,14.42,61.85,61.98,75.21,41.11,28.64,111.76,46.1,8.54,56.3,30.02,33.62,59.62,36.4
42,54.04,34.41,36.06,68.12,34.06,67.08,69.43,42.76,69.97,31.62,61.77,10.0,58.31,59.23,22.09,24.0,40.5,27.2,74.24,58.14,36.72,56.14,16.12,70.71,62.61,50.0,57.72,52.15,32.25,26.08,45.12,67.68,72.25,67.23,40.25,33.11,38.47,27.2,73.24,17.89,64.9,12.65,0.0,47.41,34.0,54.15,58.82,7.21,38.21,14.0,42.43,77.67,58.03,41.04,56.04,12.81,36.88,32.31,21.26,43.86,60.8,24.33,69.46,49.5,68.59,49.74,16.12,106.4,53.71,8.06,49.5,35.74,27.02,50.77,44.78
43,23.32,22.8,83.35,74.03,16.0,103.25,74.11,30.0,82.22,24.33,76.94,43.68,99.36,37.58,31.24,69.57,8.94,74.43,116.28,49.03,84.12,90.55,31.3,72.44,104.8,63.15,16.12,50.04,79.65,41.18,12.17,78.1,76.24,58.24,62.77,14.42,60.93,50.16,82.0,50.99,59.23,59.93,47.41,0.0,81.41,28.64,14.56,47.2,68.26,42.76,53.37,86.02,28.84,87.66,89.55,53.85,83.76,36.06,56.32,55.32,58.42,68.41,110.26,16.55,70.35,93.35,32.8,106.48,95.59,54.38,57.43,77.1,41.3,49.01,88.41
44,85.91,66.6,4.0,82.29,67.68,53.14,84.1,72.44,79.32,63.78,71.02,39.7,38.83,88.09,53.85,17.09,74.32,8.0,50.16,82.61,2.83,47.71,50.12,86.93,40.05,64.62,91.08,74.97,2.0,52.04,78.43,78.89,86.76,89.82,52.0,67.08,51.26,47.41,84.38,38.0,86.35,21.63,34.0,81.41,0.0,84.85,92.48,35.44,44.18,42.43,61.61,88.2,89.11,12.0,48.83,31.24,8.25,60.13,35.78,62.1,81.49,20.88,48.09,82.28,85.23,27.46,49.4,118.43,33.96,27.51,67.72,26.17,53.01,73.82,24.35
45,6.0,46.69,85.51,49.03,38.21,90.55,48.66,12.65,58.82,46.86,55.46,55.79,90.97,8.94,32.06,78.1,24.08,76.94,107.65,22.09,87.13,77.9,41.76,46.17,97.1,43.27,18.11,26.0,82.87,33.53,17.2,54.41,50.36,30.27,48.17,30.0,46.86,68.88,57.27,47.54,32.0,66.0,54.15,28.64,84.85,0.0,22.09,50.04,86.16,56.92,35.38,60.83,4.47,87.36,76.42,65.12,84.4,25.3,70.88,36.88,32.39,78.41,100.8,12.08,44.28,88.1,38.47,78.45,88.32,58.08,36.36,71.59,61.4,25.5,83.67
46,16.12,37.36,94.02,71.02,30.27,108.07,70.71,29.53,80.52,38.83,76.55,56.57,106.15,30.07,39.45,82.0,18.44,85.09,123.11,44.18,95.08,95.27,43.17,68.26,111.95,63.56,4.0,47.54,90.62,46.69,14.42,76.16,72.44,52.04,66.03,26.31,64.4,64.5,79.25,58.82,54.04,71.47,58.82,14.56,92.48,22.09,0.0,57.27,82.61,56.14,54.59,82.87,20.1,97.53,94.02,66.75,93.91,39.7,70.03,56.36,54.45,81.22,116.67,13.04,66.37,101.4,43.08,99.85,102.83,65.0,57.01,84.81,55.73,46.84,96.61
47,50.64,37.58,36.77,60.96,35.61,62.1,62.29,38.05,62.77,34.93,54.59,16.49,54.59,54.33,18.44,28.64,39.45,27.86,71.02,52.0,37.95,50.64,17.2,63.66,59.36,42.8,55.71,45.65,33.53,19.7,43.08,60.46,65.12,60.83,33.11,32.8,31.3,34.18,66.03,10.77,58.31,16.12,7.21,47.2,35.44,50.04,57.27,0.0,45.34,20.4,35.38,70.46,54.15,40.5,50.36,19.8,36.72,26.68,28.43,36.77,54.08,29.73,65.76,46.84,61.55,47.01,14.42,99.25,50.25,8.06,42.45,31.76,33.14,44.29,42.01
48,84.12,46.0,48.17,106.3,52.35,95.04,107.63,76.94,107.65,44.05,99.3,31.62,82.1,93.04,56.6,28.07,65.51,44.18,94.34,94.87,46.39,86.83,44.72,108.9,84.02,88.09,83.19,89.64,44.05,63.78,72.28,105.6,110.45,104.4,77.67,57.72,76.03,18.11,111.21,55.61,102.45,34.93,38.21,68.26,44.18,86.16,82.61,45.34,0.0,29.53,80.62,115.6,89.2,56.14,87.36,25.61,52.04,68.82,16.97,82.07,98.6,24.08,92.01,77.88,106.78,71.01,49.4,144.59,77.1,41.34,87.69,63.79,27.02,88.24,67.12
49,55.32,24.41,45.34,79.32,27.2,80.89,80.45,47.41,82.29,21.63,74.32,4.0,71.47,63.56,27.2,27.78,38.0,37.2,86.93,65.6,45.25,70.11,15.23,81.22,75.39,61.77,56.0,60.83,41.04,35.61,44.18,79.65,83.23,75.29,53.14,30.0,51.26,14.42,85.09,31.05,73.59,21.63,14.0,42.76,42.43,56.92,56.14,20.4,29.53,0.0,53.25,89.55,60.17,51.61,70.03,11.66,47.2,39.7,14.14,54.92,70.01,26.0,82.54,49.5,79.03,62.24,20.0,117.41,66.73,21.38,60.22,49.24,13.04,59.41,57.38
50,40.0,58.86,60.83,26.08,52.15,55.32,27.2,25.06,30.59,57.27,24.0,50.0,57.27,33.29,29.12,61.77,44.72,53.85,73.43,22.36,63.15,42.8,41.23,28.28,63.56,10.0,51.11,14.14,59.67,17.89,42.38,27.2,30.0,28.28,13.42,44.0,12.65,67.68,32.31,26.08,24.74,49.4,42.43,53.37,61.61,35.38,54.59,35.38,80.62,53.25,0.0,36.77,39.6,60.03,41.23,55.17,58.31,18.0,63.66,2.0,19.92,63.81,66.37,41.59,26.17,56.52,34.93,64.2,55.36,41.05,7.07,41.19,63.95,13.34,52.77
51,66.75,95.08,86.09,12.0,87.86,56.04,12.17,56.04,8.94,93.68,17.2,86.09,66.75,53.85,65.79,93.38,78.23,81.61,78.03,38.83,88.84,48.66,78.0,15.23,72.44,27.78,78.92,36.0,86.53,54.63,74.0,10.0,10.77,33.11,38.21,79.25,39.7,103.94,4.47,60.0,29.73,82.07,77.67,86.02,88.2,60.83,82.87,70.46,115.6,89.55,36.77,0.0,63.56,82.29,46.69,90.0,82.37,53.85,98.81,34.93,28.44,96.17,71.0,71.18,16.76,72.12,71.69,30.23,67.68,74.52,30.36,62.65,100.65,37.01,70.58
52,5.66,48.41,89.82,51.92,40.0,94.85,51.42,17.09,62.03,48.83,59.06,59.23,95.41,10.0,36.0,82.02,25.61,81.22,112.07,24.74,91.41,82.22,45.12,48.66,101.55,47.2,16.12,29.53,87.13,37.95,18.44,57.58,52.95,32.0,52.5,32.25,51.22,71.69,60.17,51.92,34.23,70.03,58.03,28.84,89.11,4.47,20.1,54.15,89.2,60.17,39.6,63.56,0.0,91.76,80.72,68.73,88.77,29.73,74.22,41.04,35.17,82.22,105.21,12.73,46.87,92.57,42.19,79.76,92.78,62.2,40.22,76.06,63.95,29.15,88.14
53,89.2,75.07,8.0,77.79,75.07,42.05,79.7,74.73,73.35,72.25,65.39,48.41,27.2,89.44,58.14,28.64,79.92,14.42,38.21,82.02,10.2,38.21,56.85,82.97,28.07,61.19,95.71,74.0,12.17,53.85,83.19,73.54,82.22,88.2,48.66,73.24,48.37,58.31,78.79,39.85,84.38,30.0,41.04,87.66,12.0,87.36,97.53,40.5,56.14,51.61,60.03,82.29,91.76,0.0,39.6,41.18,4.47,62.1,46.82,60.13,79.4,32.56,36.12,86.41,81.49,15.81,54.92,112.29,22.47,33.42,65.38,19.92,63.13,73.01,13.6
54,80.62,86.83,45.61,46.17,82.87,14.14,48.17,65.12,38.21,84.4,32.06,66.03,20.1,74.4,59.09,60.17,80.62,44.72,33.53,61.77,48.41,2.0,65.97,52.35,26.0,35.78,90.91,53.85,47.71,48.37,80.45,40.0,50.04,63.91,28.28,76.97,29.73,82.22,44.18,41.23,59.46,52.95,56.04,89.55,48.83,76.42,94.02,50.36,87.36,70.03,41.23,46.69,80.72,39.6,0.0,64.5,41.23,54.41,72.99,40.0,54.78,63.91,26.25,81.06,51.62,26.42,60.73,75.27,21.19,49.04,42.54,23.77,83.05,53.54,26.25
55,64.28,36.06,34.41,80.72,38.63,74.03,82.07,54.41,82.1,33.29,73.78,10.2,63.15,70.88,33.53,16.12,48.37,26.83,77.79,70.71,34.06,64.28,24.0,83.45,66.48,62.48,66.27,64.9,30.0,38.83,54.04,80.0,84.9,79.92,52.15,40.45,50.48,18.11,85.6,30.0,77.67,12.17,12.81,53.85,31.24,65.12,66.75,19.8,25.61,11.66,55.17,90.0,68.73,41.18,64.5,0.0,36.72,44.72,8.94,56.57,73.6,14.56,73.98,59.01,81.34,53.16,26.68,119.0,58.25,16.16,62.24,42.01,21.95,63.51,48.51
56,86.02,70.77,4.47,77.25,70.94,44.94,79.12,71.81,73.43,67.94,65.3,44.05,30.59,86.83,54.63,24.33,76.16,10.0,42.43,80.02,7.21,40.0,52.8,82.22,32.0,60.17,92.2,72.11,8.0,50.99,79.62,73.35,81.71,86.58,47.54,69.34,47.07,53.85,78.71,36.88,82.87,25.61,36.88,83.76,8.25,84.4,93.91,36.72,52.04,47.2,58.31,82.37,88.77,4.47,41.23,36.72,0.0,59.23,42.38,58.55,77.93,28.28,40.01,83.01,80.65,19.24,51.11,112.51,25.71,29.41,63.95,19.72,58.67,71.06,16.16
57,27.78,41.23,60.53,42.38,34.23,68.41,43.08,12.65,48.37,39.85,42.0,37.2,66.84,28.0,12.81,55.32,27.2,52.15,83.74,26.08,62.29,55.61,25.61,42.94,72.8,28.0,36.77,21.26,58.14,8.25,26.08,44.72,45.69,35.61,26.83,26.0,25.06,53.74,49.48,22.36,33.94,42.76,32.31,36.06,60.13,25.3,39.7,26.68,68.82,39.7,18.0,53.85,29.73,62.1,54.41,44.72,59.23,0.0,52.15,20.0,30.61,56.32,77.16,26.87,40.71,63.13,19.8,79.26,63.82,34.37,23.54,46.53,48.6,19.85,58.59
58,69.43,36.06,39.4,89.38,40.45,82.02,90.69,60.93,90.97,33.53,82.68,15.23,70.46,77.25,40.25,18.87,52.04,32.98,84.4,78.23,38.47,72.69,29.12,91.93,73.35,71.22,70.03,72.8,34.93,46.86,58.31,88.81,93.51,87.66,61.06,44.05,59.36,11.66,94.4,38.83,85.6,20.1,21.26,56.32,35.78,70.88,70.03,28.43,16.97,14.14,63.66,98.81,74.22,46.82,72.99,8.94,42.38,52.15,0.0,65.12,81.69,15.62,81.05,63.64,89.81,60.02,33.11,127.66,65.49,25.08,70.72,50.09,18.6,71.4,55.58
59,41.62,60.83,61.19,24.41,54.15,54.04,25.61,26.83,28.64,59.23,22.0,51.61,56.46,34.41,31.05,62.77,46.69,54.41,72.47,22.8,63.56,41.62,43.08,26.91,62.77,8.0,52.84,14.56,60.17,19.7,44.27,25.3,28.43,28.07,12.65,46.0,12.17,69.34,30.46,27.2,24.33,50.48,43.86,55.32,62.1,36.88,56.36,36.77,82.07,54.92,2.0,34.93,41.04,60.13,40.0,56.57,58.55,20.0,65.12,0.0,19.42,64.9,65.37,43.38,24.84,56.09,36.77,62.63,54.71,42.2,5.83,41.05,65.74,13.93,52.47
60,38.33,70.26,80.6,16.76,62.39,67.98,16.28,28.86,27.29,69.32,26.17,67.21,73.25,25.63,43.42,81.39,51.2,73.76,88.26,10.44,82.98,56.65,56.22,14.04,79.56,19.42,50.49,9.43,79.56,34.83,46.27,22.83,18.03,9.22,31.0,53.49,31.06,84.22,25.0,45.62,5.0,68.88,60.8,58.42,81.49,32.39,54.45,54.08,98.6,70.01,19.92,28.44,35.17,79.4,54.78,73.6,77.93,30.61,81.69,19.42,0.0,83.24,80.99,43.0,12.0,74.33,50.33,49.24,72.18,60.42,14.04,60.03,79.2,10.82,71.06
61,78.03,50.12,24.74,88.09,53.14,71.02,89.64,67.08,87.73,47.41,79.25,24.74,58.03,83.55,46.39,4.0,62.8,20.1,70.71,81.71,23.41,63.25,38.21,91.61,60.13,69.66,80.62,75.15,20.4,49.4,68.26,86.28,92.46,90.38,58.0,54.92,56.64,27.2,91.93,37.74,87.66,14.42,24.33,68.41,20.88,78.41,81.22,29.73,24.08,26.0,63.81,96.17,82.22,32.56,63.91,14.56,28.28,56.32,15.62,64.9,83.24,0.0,68.07,73.06,89.63,47.01,40.05,125.99,53.04,22.83,70.72,40.16,33.97,73.82,43.05
62,104.48,103.31,44.1,72.01,101.02,15.13,73.98,88.87,63.13,100.62,57.87,78.77,11.18,99.64,79.03,64.07,101.53,48.26,7.28,87.66,46.27,24.35,82.86,78.26,8.06,61.85,113.9,79.61,48.01,70.01,102.55,65.49,75.66,90.14,53.0,96.61,54.08,91.98,69.12,59.41,85.7,61.85,69.46,110.26,48.09,100.8,116.67,65.76,92.01,82.54,66.37,71.0,105.21,36.12,26.25,73.98,40.01,77.16,81.05,65.37,80.99,68.07,0.0,104.0,77.67,21.1,78.77,97.49,15.81,61.47,68.45,34.0,95.21,79.18,25.5
63,7.07,35.81,83.49,59.21,27.46,95.13,59.08,16.55,68.25,36.36,63.89,49.09,93.61,21.02,28.46,73.33,13.04,74.63,110.54,33.14,84.77,82.33,35.01,57.01,99.49,50.7,9.9,35.36,80.36,34.21,5.83,63.95,61.01,41.98,53.01,20.25,51.4,60.08,67.36,47.01,43.29,61.98,49.5,16.55,82.28,12.08,13.04,46.84,77.88,49.5,41.59,71.18,12.73,86.41,81.06,59.01,83.01,26.87,63.64,43.38,43.0,73.06,104.0,0.0,55.0,89.31,33.38,90.24,90.43,54.82,44.27,72.67,52.0,34.53,84.6
64,50.25,81.34,83.82,6.4,73.68,63.6,5.0,40.61,17.69,80.23,19.92,75.93,71.25,37.11,53.34,87.37,62.97,77.88,84.93,22.2,86.38,53.6,66.04,2.24,77.41,20.62,62.39,20.62,83.38,43.42,58.22,13.6,6.08,16.64,33.24,64.85,34.01,93.41,13.89,52.01,13.0,75.21,68.59,70.35,85.23,44.28,66.37,61.55,106.78,79.03,26.17,16.76,46.87,81.49,51.62,81.34,80.65,40.71,89.81,24.84,12.0,89.63,77.67,55.0,0.0,74.17,59.91,38.59,71.01,67.01,19.1,61.61,89.04,21.84,71.57
65,90.92,84.06,23.54,69.58,82.62,26.42,71.57,75.59,63.32,81.3,56.09,58.6,11.4,88.6,62.37,43.01,84.96,27.17,24.7,78.85,25.96,24.7,64.2,75.33,13.34,55.08,99.05,70.61,27.17,55.23,87.01,64.33,73.82,83.49,43.57,79.21,43.93,71.06,69.12,42.64,79.31,41.11,49.74,93.35,27.46,88.1,101.4,47.01,71.01,62.24,56.52,72.12,92.57,15.81,26.42,53.16,19.24,63.13,60.02,56.09,74.33,47.01,21.1,89.31,74.17,0.0,60.88,101.39,6.71,41.68,60.53,16.64,74.67,69.86,5.0
66,38.0,26.31,50.99,60.83,22.36,73.54,61.77,27.86,65.15,24.08,57.72,17.89,67.68,44.27,7.21,40.05,25.06,42.05,84.4,45.61,52.0,61.35,6.32,62.13,72.8,44.27,41.76,41.04,47.54,17.09,29.12,62.03,64.5,55.32,38.05,18.44,36.06,33.94,67.23,19.7,53.74,28.64,16.12,32.8,49.4,38.47,43.08,14.42,49.4,20.0,34.93,71.69,42.19,54.92,60.73,26.68,51.11,19.8,33.11,36.77,50.33,40.05,78.77,33.38,59.91,60.88,0.0,98.48,63.6,21.93,41.59,45.0,29.15,39.62,55.9
67,84.34,119.51,116.28,38.29,111.62,82.38,37.01,77.83,39.12,118.53,47.43,114.2,94.92,69.87,91.92,123.33,99.93,111.83,104.09,57.57,119.04,77.16,104.62,36.36,100.17,56.59,95.89,58.6,116.76,81.84,94.37,39.82,34.21,48.27,68.01,102.69,69.35,131.83,34.21,89.14,47.43,111.76,106.4,106.48,118.43,78.45,99.85,99.25,144.59,117.41,64.2,30.23,79.76,112.29,75.27,119.0,112.51,79.26,127.66,62.63,49.24,125.99,97.49,90.24,38.59,101.39,98.48,0.0,96.46,103.95,57.2,92.78,127.62,59.93,100.22
68,91.53,87.71,30.08,66.07,85.7,19.72,68.07,76.01,59.03,85.0,52.24,62.97,5.0,88.14,64.38,49.04,87.0,33.0,20.81,77.49,32.57,19.31,67.42,72.01,9.22,52.77,100.26,69.26,33.54,56.22,88.53,60.41,70.18,81.39,42.06,81.69,42.72,76.3,64.94,44.6,77.1,46.1,53.71,95.59,33.96,88.32,102.83,50.25,77.1,66.73,55.36,67.68,92.78,22.47,21.19,58.25,25.71,63.82,65.49,54.71,72.18,53.04,15.81,90.43,71.01,6.71,63.6,96.46,0.0,45.69,58.69,18.6,79.4,68.62,10.0
69,58.69,42.44,29.07,65.8,41.73,59.54,67.27,46.01,66.4,39.66,58.01,17.46,50.33,62.2,26.48,21.19,46.96,20.12,66.19,59.14,30.08,49.0,23.43,69.03,54.56,47.38,63.57,52.39,25.63,26.93,50.92,64.54,70.09,67.62,36.4,39.96,34.83,33.24,70.18,15.0,64.85,8.54,8.06,54.38,27.51,58.08,65.0,8.06,41.34,21.38,41.05,74.52,62.2,33.42,49.04,16.16,29.41,34.37,25.08,42.2,60.42,22.83,61.47,54.82,67.01,41.68,21.93,103.95,45.69,0.0,48.01,27.89,34.37,51.08,36.72
70,41.59,64.76,66.71,19.24,57.71,56.3,20.25,27.89,25.02,63.32,19.65,57.01,60.08,32.53,35.47,68.6,49.09,60.08,75.64,19.24,69.12,44.29,47.85,21.21,66.41,7.07,53.31,11.4,65.8,24.7,45.89,21.21,23.02,23.02,17.03,49.25,17.03,74.63,25.96,33.02,19.03,56.3,49.5,57.43,67.72,36.36,57.01,42.45,87.69,60.22,7.07,30.36,40.22,65.38,42.54,62.24,63.95,23.54,70.72,5.83,14.04,70.72,68.45,44.27,19.1,60.53,41.59,57.2,58.69,48.01,0.0,46.01,70.71,11.31,57.14
71,74.3,69.32,23.6,57.87,67.12,32.02,59.77,59.03,53.71,66.64,45.62,45.35,22.83,72.42,45.97,36.4,68.59,21.1,39.41,63.51,26.4,23.09,48.88,63.06,27.8,41.44,82.42,55.33,24.76,38.59,70.43,53.71,62.3,69.0,29.07,63.13,29.0,60.07,59.03,26.17,65.03,30.02,35.74,77.1,26.17,71.59,84.81,31.76,63.79,49.24,41.19,62.65,76.06,19.92,23.77,42.01,19.72,46.53,50.09,41.05,60.03,40.16,34.0,72.67,61.61,16.64,45.0,92.78,18.6,27.89,46.01,0.0,62.17,54.45,12.08
72,58.6,19.03,56.3,89.94,25.5,93.9,90.92,53.91,93.78,17.03,86.03,17.03,84.2,69.07,35.81,36.8,39.22,48.76,99.37,73.55,55.8,83.15,23.02,91.27,87.92,73.01,56.52,69.81,51.87,46.07,46.24,90.87,93.65,83.49,65.25,31.78,63.32,9.06,96.18,43.57,82.33,33.62,27.02,41.3,53.01,61.4,55.73,33.14,27.02,13.04,63.95,100.65,63.95,63.13,83.05,21.95,58.67,48.6,18.6,65.74,79.2,33.97,95.21,52.0,89.04,74.67,29.15,127.62,79.4,34.37,70.71,62.17,0.0,68.41,69.89
73,31.02,59.62,73.33,25.02,51.87,67.42,25.18,19.03,33.73,58.6,29.97,56.73,70.38,21.21,32.65,72.24,41.3,65.92,86.31,9.06,75.54,55.23,45.45,24.04,76.69,18.38,43.01,1.41,71.85,24.7,37.01,29.43,27.46,16.55,26.57,43.01,25.96,73.55,33.02,36.69,14.21,59.62,50.77,49.01,73.82,25.5,46.84,44.29,88.24,59.41,13.34,37.01,29.15,73.01,53.54,63.51,71.06,19.85,71.4,13.93,10.82,73.82,79.18,34.53,21.84,69.86,39.62,59.93,68.62,51.08,11.31,54.45,68.41,0.0,66.1
74,86.35,79.08,20.62,67.27,77.62,28.79,69.23,71.11,61.68,76.32,54.12,53.71,15.0,84.43,57.49,39.05,80.06,23.0,29.55,75.13,23.26,24.76,59.2,72.84,18.03,52.01,94.3,66.91,23.77,50.61,82.2,62.36,71.59,80.16,40.11,74.25,40.31,66.49,67.36,37.8,76.06,36.4,44.78,88.41,24.35,83.67,96.61,42.01,67.12,57.38,52.77,70.58,88.14,13.6,26.25,48.51,16.16,58.59,55.58,52.47,71.06,43.05,25.5,84.6,71.57,5.0,55.9,100.22,10.0,36.72,57.14,12.08,69.89,66.1,0.0
