set K:= 1	2	3	4	5	6	7	8	9;
set C_H:= 1	2	3	4	5	6	7	8	9	10	11	12	13	14	15	16	17	18;
set C_S:= 19	20	21	22	23	24	25	26	27	28	29	30	31	32	33	34	35	36;
set C_F:= 37	38	39	40	41	42	43	44	45	46	47	48	49	50	51	52	53	54;
set M:= 55	56	57	58	59	60;
set L_B:= 61	62	63	64	65	66	67	68	69;
set A1:=
(0,*) 1 2 3 4 5 6 7 8 9 10 11 12 13 14 15 16 17 18 37 38 39 40 41 42 43 44 45 46 47 48 49 50 51 52 53 54 55 56 57 58 59 60 61 62 63 64 65 66 67 68 69
(1,*) 0 2 3 4 5 6 7 8 9 10 11 12 13 14 15 16 17 18 37 38 39 40 41 42 43 44 45 46 47 48 49 50 51 52 53 54 55 56 57 58 59 60 61 62 63 64 65 66 67 68 69
(2,*) 0 1 3 4 5 6 7 8 9 10 11 12 13 14 15 16 17 18 37 38 39 40 41 42 43 44 45 46 47 48 49 50 51 52 53 54 55 56 57 58 59 60 61 62 63 64 65 66 67 68 69
(3,*) 0 1 2 4 5 6 7 8 9 10 11 12 13 14 15 16 17 18 37 38 39 40 41 42 43 44 45 46 47 48 49 50 51 52 53 54 55 56 57 58 59 60 61 62 63 64 65 66 67 68 69
(4,*) 0 1 2 3 5 6 7 8 9 10 11 12 13 14 15 16 17 18 37 38 39 40 41 42 43 44 45 46 47 48 49 50 51 52 53 54 55 56 57 58 59 60 61 62 63 64 65 66 67 68 69
(5,*) 0 1 2 3 4 6 7 8 9 10 11 12 13 14 15 16 17 18 37 38 39 40 41 42 43 44 45 46 47 48 49 50 51 52 53 54 55 56 57 58 59 60 61 62 63 64 65 66 67 68 69
(6,*) 0 1 2 3 4 5 7 8 9 10 11 12 13 14 15 16 17 18 37 38 39 40 41 42 43 44 45 46 47 48 49 50 51 52 53 54 55 56 57 58 59 60 61 62 63 64 65 66 67 68 69
(7,*) 0 1 2 3 4 5 6 8 9 10 11 12 13 14 15 16 17 18 37 38 39 40 41 42 43 44 45 46 47 48 49 50 51 52 53 54 55 56 57 58 59 60 61 62 63 64 65 66 67 68 69
(8,*) 0 1 2 3 4 5 6 7 9 10 11 12 13 14 15 16 17 18 37 38 39 40 41 42 43 44 45 46 47 48 49 50 51 52 53 54 55 56 57 58 59 60 61 62 63 64 65 66 67 68 69
(9,*) 0 1 2 3 4 5 6 7 8 10 11 12 13 14 15 16 17 18 37 38 39 40 41 42 43 44 45 46 47 48 49 50 51 52 53 54 55 56 57 58 59 60 61 62 63 64 65 66 67 68 69
(10,*) 0 1 2 3 4 5 6 7 8 9 11 12 13 14 15 16 17 18 37 38 39 40 41 42 43 44 45 46 47 48 49 50 51 52 53 54 55 56 57 58 59 60 61 62 63 64 65 66 67 68 69
(11,*) 0 1 2 3 4 5 6 7 8 9 10 12 13 14 15 16 17 18 37 38 39 40 41 42 43 44 45 46 47 48 49 50 51 52 53 54 55 56 57 58 59 60 61 62 63 64 65 66 67 68 69
(12,*) 0 1 2 3 4 5 6 7 8 9 10 11 13 14 15 16 17 18 37 38 39 40 41 42 43 44 45 46 47 48 49 50 51 52 53 54 55 56 57 58 59 60 61 62 63 64 65 66 67 68 69
(13,*) 0 1 2 3 4 5 6 7 8 9 10 11 12 14 15 16 17 18 37 38 39 40 41 42 43 44 45 46 47 48 49 50 51 52 53 54 55 56 57 58 59 60 61 62 63 64 65 66 67 68 69
(14,*) 0 1 2 3 4 5 6 7 8 9 10 11 12 13 15 16 17 18 37 38 39 40 41 42 43 44 45 46 47 48 49 50 51 52 53 54 55 56 57 58 59 60 61 62 63 64 65 66 67 68 69
(15,*) 0 1 2 3 4 5 6 7 8 9 10 11 12 13 14 16 17 18 37 38 39 40 41 42 43 44 45 46 47 48 49 50 51 52 53 54 55 56 57 58 59 60 61 62 63 64 65 66 67 68 69
(16,*) 0 1 2 3 4 5 6 7 8 9 10 11 12 13 14 15 17 18 37 38 39 40 41 42 43 44 45 46 47 48 49 50 51 52 53 54 55 56 57 58 59 60 61 62 63 64 65 66 67 68 69
(17,*) 0 1 2 3 4 5 6 7 8 9 10 11 12 13 14 15 16 18 37 38 39 40 41 42 43 44 45 46 47 48 49 50 51 52 53 54 55 56 57 58 59 60 61 62 63 64 65 66 67 68 69
(18,*) 0 1 2 3 4 5 6 7 8 9 10 11 12 13 14 15 16 17 37 38 39 40 41 42 43 44 45 46 47 48 49 50 51 52 53 54 55 56 57 58 59 60 61 62 63 64 65 66 67 68 69
(37,*) 0 1 2 3 4 5 6 7 8 9 10 11 12 13 14 15 16 17 18 38 39 40 41 42 43 44 45 46 47 48 49 50 51 52 53 54 55 56 57 58 59 60 61 62 63 64 65 66 67 68 69
(38,*) 0 1 2 3 4 5 6 7 8 9 10 11 12 13 14 15 16 17 18 37 39 40 41 42 43 44 45 46 47 48 49 50 51 52 53 54 55 56 57 58 59 60 61 62 63 64 65 66 67 68 69
(39,*) 0 1 2 3 4 5 6 7 8 9 10 11 12 13 14 15 16 17 18 37 38 40 41 42 43 44 45 46 47 48 49 50 51 52 53 54 55 56 57 58 59 60 61 62 63 64 65 66 67 68 69
(40,*) 0 1 2 3 4 5 6 7 8 9 10 11 12 13 14 15 16 17 18 37 38 39 41 42 43 44 45 46 47 48 49 50 51 52 53 54 55 56 57 58 59 60 61 62 63 64 65 66 67 68 69
(41,*) 0 1 2 3 4 5 6 7 8 9 10 11 12 13 14 15 16 17 18 37 38 39 40 42 43 44 45 46 47 48 49 50 51 52 53 54 55 56 57 58 59 60 61 62 63 64 65 66 67 68 69
(42,*) 0 1 2 3 4 5 6 7 8 9 10 11 12 13 14 15 16 17 18 37 38 39 40 41 43 44 45 46 47 48 49 50 51 52 53 54 55 56 57 58 59 60 61 62 63 64 65 66 67 68 69
(43,*) 0 1 2 3 4 5 6 7 8 9 10 11 12 13 14 15 16 17 18 37 38 39 40 41 42 44 45 46 47 48 49 50 51 52 53 54 55 56 57 58 59 60 61 62 63 64 65 66 67 68 69
(44,*) 0 1 2 3 4 5 6 7 8 9 10 11 12 13 14 15 16 17 18 37 38 39 40 41 42 43 45 46 47 48 49 50 51 52 53 54 55 56 57 58 59 60 61 62 63 64 65 66 67 68 69
(45,*) 0 1 2 3 4 5 6 7 8 9 10 11 12 13 14 15 16 17 18 37 38 39 40 41 42 43 44 46 47 48 49 50 51 52 53 54 55 56 57 58 59 60 61 62 63 64 65 66 67 68 69
(46,*) 0 1 2 3 4 5 6 7 8 9 10 11 12 13 14 15 16 17 18 37 38 39 40 41 42 43 44 45 47 48 49 50 51 52 53 54 55 56 57 58 59 60 61 62 63 64 65 66 67 68 69
(47,*) 0 1 2 3 4 5 6 7 8 9 10 11 12 13 14 15 16 17 18 37 38 39 40 41 42 43 44 45 46 48 49 50 51 52 53 54 55 56 57 58 59 60 61 62 63 64 65 66 67 68 69
(48,*) 0 1 2 3 4 5 6 7 8 9 10 11 12 13 14 15 16 17 18 37 38 39 40 41 42 43 44 45 46 47 49 50 51 52 53 54 55 56 57 58 59 60 61 62 63 64 65 66 67 68 69
(49,*) 0 1 2 3 4 5 6 7 8 9 10 11 12 13 14 15 16 17 18 37 38 39 40 41 42 43 44 45 46 47 48 50 51 52 53 54 55 56 57 58 59 60 61 62 63 64 65 66 67 68 69
(50,*) 0 1 2 3 4 5 6 7 8 9 10 11 12 13 14 15 16 17 18 37 38 39 40 41 42 43 44 45 46 47 48 49 51 52 53 54 55 56 57 58 59 60 61 62 63 64 65 66 67 68 69
(51,*) 0 1 2 3 4 5 6 7 8 9 10 11 12 13 14 15 16 17 18 37 38 39 40 41 42 43 44 45 46 47 48 49 50 52 53 54 55 56 57 58 59 60 61 62 63 64 65 66 67 68 69
(52,*) 0 1 2 3 4 5 6 7 8 9 10 11 12 13 14 15 16 17 18 37 38 39 40 41 42 43 44 45 46 47 48 49 50 51 53 54 55 56 57 58 59 60 61 62 63 64 65 66 67 68 69
(53,*) 0 1 2 3 4 5 6 7 8 9 10 11 12 13 14 15 16 17 18 37 38 39 40 41 42 43 44 45 46 47 48 49 50 51 52 54 55 56 57 58 59 60 61 62 63 64 65 66 67 68 69
(54,*) 0 1 2 3 4 5 6 7 8 9 10 11 12 13 14 15 16 17 18 37 38 39 40 41 42 43 44 45 46 47 48 49 50 51 52 53 55 56 57 58 59 60 61 62 63 64 65 66 67 68 69
(55,*) 0 1 2 3 4 5 6 7 8 9 10 11 12 13 14 15 16 17 18 37 38 39 40 41 42 43 44 45 46 47 48 49 50 51 52 53 54 56 57 58 59 60 61 62 63 64 65 66 67 68 69
(56,*) 0 1 2 3 4 5 6 7 8 9 10 11 12 13 14 15 16 17 18 37 38 39 40 41 42 43 44 45 46 47 48 49 50 51 52 53 54 55 57 58 59 60 61 62 63 64 65 66 67 68 69
(57,*) 0 1 2 3 4 5 6 7 8 9 10 11 12 13 14 15 16 17 18 37 38 39 40 41 42 43 44 45 46 47 48 49 50 51 52 53 54 55 56 58 59 60 61 62 63 64 65 66 67 68 69
(58,*) 0 1 2 3 4 5 6 7 8 9 10 11 12 13 14 15 16 17 18 37 38 39 40 41 42 43 44 45 46 47 48 49 50 51 52 53 54 55 56 57 59 60 61 62 63 64 65 66 67 68 69
(59,*) 0 1 2 3 4 5 6 7 8 9 10 11 12 13 14 15 16 17 18 37 38 39 40 41 42 43 44 45 46 47 48 49 50 51 52 53 54 55 56 57 58 60 61 62 63 64 65 66 67 68 69
(60,*) 0 1 2 3 4 5 6 7 8 9 10 11 12 13 14 15 16 17 18 37 38 39 40 41 42 43 44 45 46 47 48 49 50 51 52 53 54 55 56 57 58 59 61 62 63 64 65 66 67 68 69
(61,*) 0 1 2 3 4 5 6 7 8 9 10 11 12 13 14 15 16 17 18 37 38 39 40 41 42 43 44 45 46 47 48 49 50 51 52 53 54 55 56 57 58 59 60 62 63 64 65 66 67 68 69
(62,*) 0 1 2 3 4 5 6 7 8 9 10 11 12 13 14 15 16 17 18 37 38 39 40 41 42 43 44 45 46 47 48 49 50 51 52 53 54 55 56 57 58 59 60 61 63 64 65 66 67 68 69
(63,*) 0 1 2 3 4 5 6 7 8 9 10 11 12 13 14 15 16 17 18 37 38 39 40 41 42 43 44 45 46 47 48 49 50 51 52 53 54 55 56 57 58 59 60 61 62 64 65 66 67 68 69
(64,*) 0 1 2 3 4 5 6 7 8 9 10 11 12 13 14 15 16 17 18 37 38 39 40 41 42 43 44 45 46 47 48 49 50 51 52 53 54 55 56 57 58 59 60 61 62 63 65 66 67 68 69
(65,*) 0 1 2 3 4 5 6 7 8 9 10 11 12 13 14 15 16 17 18 37 38 39 40 41 42 43 44 45 46 47 48 49 50 51 52 53 54 55 56 57 58 59 60 61 62 63 64 66 67 68 69
(66,*) 0 1 2 3 4 5 6 7 8 9 10 11 12 13 14 15 16 17 18 37 38 39 40 41 42 43 44 45 46 47 48 49 50 51 52 53 54 55 56 57 58 59 60 61 62 63 64 65 67 68 69
(67,*) 0 1 2 3 4 5 6 7 8 9 10 11 12 13 14 15 16 17 18 37 38 39 40 41 42 43 44 45 46 47 48 49 50 51 52 53 54 55 56 57 58 59 60 61 62 63 64 65 66 68 69
(68,*) 0 1 2 3 4 5 6 7 8 9 10 11 12 13 14 15 16 17 18 37 38 39 40 41 42 43 44 45 46 47 48 49 50 51 52 53 54 55 56 57 58 59 60 61 62 63 64 65 66 67 69
(69,*) 0 1 2 3 4 5 6 7 8 9 10 11 12 13 14 15 16 17 18 37 38 39 40 41 42 43 44 45 46 47 48 49 50 51 52 53 54 55 56 57 58 59 60 61 62 63 64 65 66 67 68
;
set A2:=
(55,*) 56
(56,*) 55
(57,*) 58
(58,*) 57
;
param BigM:=99999;
param n:= 9;
param d:=
1	3
2	20
3	16
4	6
5	19
6	23
7	15
8	22
9	7
10	11
11	12
12	24
13	2
14	18
15	3
16	10
17	24
18	12
19	12
20	25
21	11
22	21
23	14
24	11
25	36
26	21
27	17
28	19
29	15
30	22
31	15
32	14
33	10
34	12
35	18
36	11
37	4
38	10
39	20
40	13
41	17
42	7
43	11
44	22
45	10
46	21
47	25
48	13
49	20
50	10
51	66
52	7
53	5
54	7
;
param Q:=100;
param w:=
[55,*] 56 0.1
[56,*] 55 0.1
[57,*] 58 0.1
[58,*] 57 0.1
;
param V:=
[55,*] 56 85
[56,*] 55 85
[57,*] 58 97
[58,*] 57 97
;
param e:
	55	56	57	58	59	60	61	62	63	64	65	66	67	68	69:=
19		0		1		0		0		0		0		0		0		0		0		0		0		0		0		0	
20		0		0		0		0		0		0		1		0		0		1		0		0		1		0		0	
21		0		1		0		0		0		0		0		0		0		0		0		0		1		0		0	
22		0		0		0		1		0		0		0		0		0		0		0		0		0		0		0	
23		0		1		0		0		0		0		0		0		0		0		0		0		0		0		0	
24		0		0		0		0		0		0		0		0		0		0		0		0		1		0		0	
25		0		1		0		0		0		0		0		0		0		0		0		0		0		0		0	
26		0		0		0		0		0		0		0		0		0		0		0		0		0		1		0	
27		0		0		0		0		0		0		0		0		0		1		0		0		0		0		0	
28		0		0		0		0		0		0		1		0		0		0		0		0		1		0		0	
29		0		0		0		0		0		0		0		0		0		1		0		0		0		0		0	
30		0		0		0		0		0		0		0		0		0		0		0		1		0		0		0	
31		0		0		0		0		0		0		0		0		0		1		0		0		1		0		0	
32		0		0		0		0		0		0		1		0		0		1		0		0		1		0		0	
33		0		0		0		0		0		0		1		0		0		1		0		0		1		0		0	
34		0		0		0		0		1		0		0		1		0		0		0		0		0		0		0	
35		0		1		0		0		0		0		0		0		0		0		0		0		0		0		0	
36		0		1		0		0		0		0		0		0		0		0		0		1		0		0		0	
37		0		0		0		1		0		0		0		0		0		1		0		0		0		0		0	
38		0		0		0		0		0		0		1		0		0		1		0		0		1		0		0	
39		0		0		1		0		0		1		0		0		1		0		0		0		0		0		1	
40		0		0		0		0		0		0		1		0		0		0		0		0		1		0		0	
41		1		0		0		0		1		0		0		1		0		0		0		0		0		0		0	
42		0		0		0		0		0		0		1		0		0		1		0		0		1		0		0	
43		1		0		0		0		1		0		0		1		0		0		0		0		0		0		0	
44		0		0		0		0		0		0		1		0		0		1		0		0		1		0		0	
45		1		0		0		0		0		0		0		0		0		0		0		0		0		0		0	
46		0		0		0		0		1		0		0		0		0		0		0		0		0		1		0	
47		0		0		1		0		0		1		0		0		1		0		0		0		0		0		1	
48		0		0		0		0		0		1		0		0		1		0		0		0		0		0		0	
49		1		0		0		0		0		0		0		1		0		0		0		0		0		0		0	
50		0		0		0		0		1		0		0		1		0		0		1		0		0		1		0	
51		0		0		0		0		0		0		0		0		0		0		1		1		0		0		1	
52		0		0		1		0		0		1		0		0		1		0		0		1		0		0		0	
53		1		0		0		0		1		0		0		1		0		0		0		0		0		1		0	
54		0		0		0		0		1		0		0		0		0		0		0		0		0		1		0	
;
param p:=
1	3
2	3
3	3
4	3
5	3
6	3
7	3
8	3
9	3
;
param G:=
55	79
56	85
57	97
58	96
59	88
60	72
61	90
62	75
63	94
64	81
65	90
66	75
67	81
68	100
69	87
;
param s:=
0	0
1	10
2	10
3	10
4	10
5	10
6	10
7	10
8	10
9	10
10	10
11	10
12	10
13	10
14	10
15	10
16	10
17	10
18	10
37	10
38	10
39	10
40	10
41	10
42	10
43	10
44	10
45	10
46	10
47	10
48	10
49	10
50	10
51	10
52	10
53	10
54	10
55	10
56	10
57	10
58	10
59	10
60	10
61	10
62	10
63	10
64	10
65	10
66	10
67	10
68	10
69	10
;
param t:
	0	1	2	3	4	5	6	7	8	9	10	11	12	13	14	15	16	17	18	19	20	21	22	23	24	25	26	27	28	29	30	31	32	33	34	35	36	37	38	39	40	41	42	43	44	45	46	47	48	49	50	51	52	53	54	55	56	57	58	59	60	61	62	63	64	65	66	67	68	69:=
0	0.0	60.44	48.85	18.68	65.46	52.39	16.28	40.8	34.66	22.36	29.61	29.41	31.89	6.71	60.75	59.44	55.57	80.81	47.2	48.55	26.91	34.37	26.63	52.2	27.46	52.2	30.07	33.62	26.93	27.29	22.83	19.85	27.07	30.02	39.05	61.03	43.17	18.6	10.0	71.59	25.5	43.19	31.11	38.83	14.87	37.7	66.31	67.48	73.41	20.52	60.21	56.65	58.25	38.33	65.8	37.64	50.22	77.16	27.78	47.51	61.61	12.04	41.88	64.82	20.62	61.52	45.25	23.32	42.06	53.34
1	60.44	0.0	13.15	53.01	58.26	39.29	55.23	60.46	54.04	41.68	78.82	75.33	79.31	61.98	54.49	60.88	14.87	36.12	49.24	87.36	78.01	55.66	86.16	80.11	81.02	80.11	31.76	89.09	83.29	85.99	47.1	73.11	86.31	84.02	26.87	98.68	54.12	76.06	52.77	30.27	53.6	56.94	80.16	60.8	53.08	68.12	43.1	26.68	43.01	53.01	29.02	5.83	39.82	29.73	44.05	50.22	76.06	35.01	82.86	44.38	39.66	66.48	46.14	38.47	78.92	9.49	30.02	70.06	34.99	15.62
2	48.85	13.15	0.0	40.01	49.24	40.11	46.01	56.08	48.75	32.53	70.04	62.2	66.19	49.73	44.94	50.45	9.49	37.58	47.52	74.33	65.01	42.72	75.13	67.54	68.12	67.54	22.67	76.24	70.58	73.55	34.01	60.3	73.98	71.11	21.84	85.8	41.88	65.51	40.52	29.41	40.45	53.45	67.07	55.95	40.31	62.27	47.76	25.0	39.0	44.6	34.01	8.06	31.38	25.0	48.38	45.88	63.53	35.11	73.01	43.19	32.28	53.94	43.17	32.39	66.49	19.42	18.38	57.01	32.39	8.06
3	18.68	53.01	40.01	0.0	46.82	58.05	30.59	54.42	47.01	27.8	48.27	22.8	26.68	14.42	42.15	40.79	44.15	66.04	56.61	38.6	25.0	16.0	42.64	37.74	28.16	37.74	29.68	36.35	31.05	34.93	6.32	20.62	35.78	31.14	39.45	51.22	24.52	36.67	10.05	56.94	7.0	55.46	27.29	52.81	4.0	53.76	71.22	53.24	56.57	33.53	61.77	48.04	41.04	40.22	71.06	48.37	34.89	62.13	46.1	55.32	44.55	15.81	50.8	48.1	28.18	56.89	30.41	17.12	46.75	41.98
4	65.46	58.26	49.24	46.82	0.0	87.28	74.67	95.05	87.05	66.01	94.92	53.74	56.64	60.93	5.0	8.94	43.42	41.0	91.59	51.48	60.14	32.25	88.19	37.95	64.38	37.95	60.67	71.45	69.43	75.29	43.17	60.8	76.84	66.47	66.48	57.27	22.83	83.38	56.04	36.25	40.31	94.34	58.73	94.01	50.6	97.25	96.66	36.36	24.33	76.24	83.19	52.8	18.44	69.12	97.17	86.37	34.54	37.36	92.85	88.29	19.21	60.42	86.15	21.95	70.21	67.2	31.95	53.41	77.37	43.01
5	52.39	39.29	40.11	58.05	87.28	0.0	38.08	26.83	24.33	31.06	54.59	79.06	82.38	57.71	82.54	86.41	49.0	75.13	12.21	96.54	78.39	69.81	70.26	94.92	79.61	94.92	29.21	86.01	79.31	79.06	55.23	71.59	78.45	82.29	21.02	109.22	73.57	59.3	51.04	68.26	62.97	21.95	82.15	28.23	55.44	36.77	13.93	64.12	79.06	33.73	14.21	41.3	70.61	18.87	13.42	19.24	91.55	73.55	62.07	7.62	72.01	63.53	13.15	72.44	72.8	31.78	55.36	72.67	11.31	48.04
6	16.28	55.23	46.01	30.59	74.67	38.08	0.0	24.7	18.38	13.6	24.04	45.61	48.17	22.8	69.72	70.03	54.49	82.01	31.38	64.64	43.14	46.39	33.14	67.23	43.42	67.23	23.6	48.88	42.19	41.23	32.0	36.07	40.5	45.8	29.73	77.2	54.01	22.2	20.62	73.01	37.48	26.91	47.38	22.83	26.68	23.19	51.92	68.6	77.82	4.47	48.0	52.8	63.91	27.89	51.24	21.63	64.85	78.82	27.73	32.31	66.85	28.32	26.4	69.35	35.36	53.85	48.75	39.41	29.02	52.4
7	40.8	60.46	56.08	54.42	95.05	26.83	24.7	0.0	8.0	29.07	30.27	70.21	72.62	47.43	90.05	91.66	65.55	93.62	14.87	89.31	67.36	69.64	49.4	91.71	67.18	91.71	35.51	71.7	65.19	63.01	54.57	60.31	61.85	69.31	34.44	101.83	76.3	39.36	44.78	85.44	61.03	5.1	71.7	2.24	50.7	10.2	37.66	80.99	93.39	21.02	40.82	60.42	81.5	31.3	36.5	10.3	89.16	91.18	39.05	19.24	83.86	52.8	14.87	85.51	58.14	55.23	65.49	64.07	25.61	63.91
8	34.66	54.04	48.75	47.01	87.05	24.33	18.38	8.0	0.0	21.1	30.27	63.89	66.53	41.11	82.05	83.73	58.18	86.33	14.32	82.8	61.52	61.98	47.07	84.53	61.72	84.53	27.66	66.85	60.22	58.67	46.84	54.45	57.71	64.03	27.46	95.43	68.45	36.4	37.59	78.0	53.49	8.6	65.76	7.28	43.38	14.14	37.01	73.54	85.62	14.21	37.34	53.54	73.55	24.41	36.06	5.1	81.86	83.77	38.01	17.03	75.95	46.69	11.18	77.67	53.25	49.58	57.56	57.63	20.0	56.46
9	22.36	41.68	32.53	27.8	66.01	31.06	13.6	29.07	21.1	0.0	37.54	48.01	51.31	26.93	61.01	62.65	41.23	69.07	28.84	65.8	47.41	41.63	45.35	65.46	48.85	65.46	10.0	55.66	49.04	49.65	26.4	40.72	49.37	51.62	17.12	78.52	47.54	34.79	20.0	60.21	33.62	28.86	51.11	28.0	24.76	32.02	44.78	55.76	66.13	12.21	37.85	39.2	53.15	16.03	44.42	21.19	62.43	66.04	41.18	27.59	55.79	32.7	23.02	57.87	42.95	40.8	37.36	41.62	20.12	39.2
10	29.61	78.82	70.04	48.27	94.92	54.59	24.04	30.27	30.27	37.54	0.0	54.13	55.08	35.13	90.14	89.05	78.52	105.89	44.01	72.8	49.04	63.95	21.26	79.51	47.17	79.51	47.51	48.88	43.38	39.12	51.87	42.95	37.44	48.33	52.48	84.15	72.78	14.87	38.9	96.83	55.11	35.13	53.45	28.16	44.38	20.88	67.07	92.46	100.85	25.81	67.19	76.69	86.31	50.12	66.03	35.36	78.16	102.62	9.43	47.27	89.47	38.05	41.44	92.28	36.77	76.54	71.87	49.37	48.7	76.42
11	29.41	75.33	62.2	22.8	53.74	79.06	45.61	70.21	63.89	48.01	54.13	0.0	4.0	22.8	50.33	45.34	65.12	83.22	75.69	19.24	6.71	24.17	39.32	26.08	10.82	26.08	51.89	17.8	16.12	22.36	28.28	11.18	24.17	12.73	61.74	31.62	32.45	39.46	28.02	74.63	22.02	72.47	5.39	68.24	24.17	66.65	92.65	71.57	70.71	49.68	84.1	70.11	55.46	62.18	92.36	66.48	25.71	79.12	48.09	75.29	59.03	17.49	70.09	63.07	19.24	79.62	49.65	6.4	67.96	63.07
12	31.89	79.31	66.19	26.68	56.64	82.38	48.17	72.62	66.53	51.31	55.08	4.0	0.0	25.46	53.41	48.08	69.12	86.98	78.64	17.72	6.08	27.86	39.01	26.68	9.22	26.68	55.54	14.87	14.56	20.88	32.25	12.53	22.8	10.3	65.39	29.53	35.85	40.26	31.38	78.45	26.02	75.07	2.24	70.6	27.86	68.6	96.04	75.43	74.24	52.35	87.73	74.11	59.09	65.74	95.72	69.31	26.93	82.87	48.51	78.41	62.65	19.85	73.11	66.71	19.03	83.55	53.6	9.85	71.34	67.07
13	6.71	61.98	49.73	14.42	60.93	57.71	22.8	47.43	41.11	26.93	35.13	22.8	25.46	0.0	56.36	54.41	55.54	79.4	53.26	41.88	20.81	29.12	28.32	45.61	21.93	45.61	33.24	28.86	22.36	24.08	19.8	13.89	24.33	24.7	42.76	54.41	38.28	22.47	9.22	70.21	20.62	49.68	24.84	45.49	11.31	44.38	71.55	66.29	70.77	26.91	64.56	57.72	55.32	42.45	71.12	43.86	43.74	75.6	31.95	53.25	58.8	5.83	47.8	62.24	17.03	64.03	43.6	16.64	47.01	53.31
14	60.75	54.49	44.94	42.15	5.0	82.54	69.72	90.05	82.05	61.01	90.14	50.33	53.41	56.36	0.0	8.06	39.62	40.2	86.68	49.65	56.59	28.02	83.86	36.67	60.83	36.67	55.73	68.12	65.76	71.51	38.33	56.85	73.0	63.03	61.68	56.44	18.6	78.79	51.24	34.48	35.78	89.36	55.44	89.01	45.88	92.27	92.14	34.01	24.02	71.25	78.77	48.92	15.0	64.29	92.61	81.39	32.98	36.35	88.24	83.43	16.55	56.08	81.22	19.92	66.22	63.25	27.31	49.58	72.53	39.05
15	59.44	60.88	50.45	40.79	8.94	86.41	70.03	91.66	83.73	62.65	89.05	45.34	48.08	54.41	8.06	0.0	46.1	48.26	89.56	42.54	51.86	25.3	80.96	29.12	56.08	29.12	58.52	62.94	61.22	67.2	38.05	53.0	68.82	58.05	65.39	48.66	16.28	76.84	50.49	42.45	33.96	91.41	50.21	90.45	44.72	93.01	96.75	41.79	32.0	72.03	83.76	55.17	22.36	67.78	97.13	83.55	25.63	44.41	86.33	86.65	24.35	53.31	83.93	27.89	62.43	69.31	32.2	45.49	75.96	45.28
16	55.57	14.87	9.49	44.15	43.42	49.0	54.49	65.55	58.18	41.23	78.52	65.12	69.12	55.54	39.62	46.1	0.0	28.18	56.89	75.13	68.73	43.42	82.15	66.73	72.18	66.73	31.62	80.41	75.19	78.75	37.85	64.76	79.38	75.13	31.32	85.87	40.5	73.01	46.52	19.92	43.1	62.94	70.26	65.39	45.22	71.59	55.54	15.52	30.15	53.41	41.48	9.43	25.0	34.48	56.29	55.36	62.63	25.63	80.92	52.47	25.06	59.14	52.63	24.35	71.78	23.85	16.49	60.53	41.77	2.24
17	80.81	36.12	37.58	66.04	41.0	75.13	82.01	93.62	86.33	69.07	105.89	83.22	86.98	79.4	40.2	48.26	28.18	0.0	84.2	87.82	88.24	59.14	107.3	76.06	92.2	76.06	59.68	100.32	96.15	100.72	59.91	85.88	101.71	94.94	59.24	96.05	52.17	99.04	71.06	9.22	62.61	90.82	88.6	93.52	68.24	99.76	79.0	13.45	16.76	81.27	65.03	33.96	28.44	62.39	80.01	83.38	72.11	4.12	107.49	79.56	25.18	81.84	80.32	21.1	94.15	45.0	35.81	80.11	69.26	30.02
18	47.2	49.24	47.52	56.61	91.59	12.21	31.38	14.87	14.32	28.84	44.01	75.69	78.64	53.26	86.68	89.56	56.89	84.2	0.0	94.11	74.03	70.24	61.39	94.3	74.63	94.3	31.05	80.26	73.57	72.45	55.07	67.01	71.59	77.1	26.02	106.83	75.39	50.7	48.17	76.69	62.43	9.85	78.1	16.49	53.41	25.0	23.09	72.37	86.28	26.93	26.4	50.29	76.16	23.0	22.02	9.85	91.27	82.23	52.15	5.0	78.03	59.03	5.83	79.03	66.73	42.72	60.3	69.31	15.13	55.58
19	48.55	87.36	74.33	38.6	51.48	96.54	64.64	89.31	82.8	65.8	72.8	19.24	17.72	41.88	49.65	42.54	75.13	87.82	94.11	0.0	23.77	31.78	56.14	14.21	26.17	14.21	68.24	28.44	31.02	37.01	42.54	30.08	39.01	26.0	77.94	12.73	36.01	57.97	45.97	80.22	34.89	91.4	19.42	87.37	41.11	85.88	109.81	78.03	73.01	68.6	100.17	81.74	59.41	78.82	109.64	85.15	17.0	83.73	66.1	93.35	62.65	36.72	88.41	66.75	36.5	93.05	58.69	25.24	85.28	73.35
20	26.91	78.01	65.01	25.0	60.14	78.39	43.14	67.36	61.52	47.41	49.04	6.71	6.08	20.81	56.59	51.86	68.73	88.24	74.03	23.77	0.0	29.68	33.06	32.39	4.24	32.39	52.5	12.08	9.43	15.65	31.06	7.07	17.46	6.71	62.3	35.34	38.42	34.21	27.86	79.48	25.96	70.01	4.47	65.3	25.32	62.97	92.18	76.22	76.32	47.42	84.5	73.03	60.9	62.39	91.79	64.54	32.28	84.17	42.43	74.06	64.5	15.0	68.6	68.48	13.0	81.61	53.85	8.25	67.54	66.61
21	34.37	55.66	42.72	16.0	32.25	69.81	46.39	69.64	61.98	41.63	63.95	24.17	27.86	29.12	28.02	25.3	43.42	59.14	70.24	31.78	29.68	0.0	55.95	25.61	33.84	25.61	40.61	41.68	38.42	43.86	15.23	29.0	45.25	36.36	49.52	43.08	9.43	51.55	26.02	50.7	9.0	70.23	29.55	68.15	20.0	69.58	82.07	47.85	46.65	49.03	70.94	50.0	31.3	51.09	82.13	62.77	21.93	55.03	61.03	68.26	34.89	28.18	64.41	38.91	38.29	61.74	27.07	22.02	58.6	41.59
22	26.63	86.16	75.13	42.64	88.19	70.26	33.14	49.4	47.07	45.35	21.26	39.32	39.01	28.32	83.86	80.96	82.15	107.3	61.39	56.14	33.06	55.95	0.0	65.38	30.02	65.38	54.71	29.41	25.18	19.65	48.1	28.86	17.72	30.27	62.37	66.29	65.37	11.0	36.24	98.08	48.26	53.76	37.0	47.17	39.62	41.18	83.73	94.02	99.09	37.01	81.06	82.76	83.63	60.83	82.87	51.79	64.94	103.59	12.04	63.64	87.11	27.78	57.56	90.55	20.1	86.13	71.59	36.4	62.03	79.92
23	52.2	80.11	67.54	37.74	37.95	94.92	67.23	91.71	84.53	65.46	79.51	26.08	26.68	45.61	36.67	29.12	66.73	76.06	94.3	14.21	32.39	25.61	65.38	0.0	35.9	0.0	65.8	40.31	41.23	47.54	39.7	37.0	49.48	36.69	74.97	20.0	26.25	65.12	46.96	69.07	32.02	93.06	28.86	89.96	41.18	89.81	107.48	67.36	60.53	70.68	96.54	74.32	48.04	76.38	107.49	86.09	4.12	72.03	74.01	92.8	51.0	41.59	88.48	55.01	45.28	86.83	50.33	30.15	83.63	65.19
24	27.46	81.02	68.12	28.16	64.38	79.61	43.42	67.18	61.72	48.85	47.17	10.82	9.22	21.93	60.83	56.08	72.18	92.2	74.63	26.17	4.24	33.84	30.02	35.9	0.0	35.9	54.57	8.25	5.39	11.7	34.37	8.25	13.6	3.0	64.29	37.0	42.64	32.31	29.83	83.38	29.73	70.09	7.07	65.07	28.02	62.2	93.47	80.06	80.45	47.8	86.33	76.16	65.0	64.2	93.02	65.0	36.06	88.14	40.02	74.95	68.6	16.16	69.34	72.56	10.44	84.29	57.57	12.08	68.94	70.04
25	52.2	80.11	67.54	37.74	37.95	94.92	67.23	91.71	84.53	65.46	79.51	26.08	26.68	45.61	36.67	29.12	66.73	76.06	94.3	14.21	32.39	25.61	65.38	0.0	35.9	0.0	65.8	40.31	41.23	47.54	39.7	37.0	49.48	36.69	74.97	20.0	26.25	65.12	46.96	69.07	32.02	93.06	28.86	89.96	41.18	89.81	107.48	67.36	60.53	70.68	96.54	74.32	48.04	76.38	107.49	86.09	4.12	72.03	74.01	92.8	51.0	41.59	88.48	55.01	45.28	86.83	50.33	30.15	83.63	65.19
26	30.07	31.76	22.67	29.68	60.67	29.21	23.6	35.51	27.66	10.0	47.51	51.89	55.54	33.24	55.73	58.52	31.62	59.68	31.05	68.24	52.5	40.61	54.71	65.8	54.57	65.8	0.0	61.98	55.58	57.04	26.17	46.32	57.0	57.49	9.85	80.8	44.72	44.38	24.74	51.0	33.97	34.01	55.71	34.93	27.73	40.31	41.77	46.53	57.97	21.93	32.2	29.21	46.1	10.63	41.73	26.02	62.37	56.82	51.11	28.23	48.37	38.64	25.5	50.01	50.09	31.58	30.07	45.69	18.03	29.68
27	33.62	89.09	76.24	36.35	71.45	86.01	48.88	71.7	66.85	55.66	48.88	17.8	14.87	28.86	68.12	62.94	80.41	100.32	80.26	28.44	12.08	41.68	29.41	40.31	8.25	40.31	61.98	0.0	6.71	9.85	42.58	16.0	11.7	5.39	71.59	37.22	50.22	34.41	37.34	91.55	37.95	75.0	12.73	69.53	36.01	65.8	99.92	88.26	88.32	53.34	93.41	84.29	72.95	71.31	99.4	70.49	41.18	96.25	40.72	80.95	76.54	23.35	75.18	80.53	13.6	92.14	65.8	20.25	75.61	78.26
28	26.93	83.29	70.58	31.05	69.43	79.31	42.19	65.19	60.22	49.04	43.38	16.12	14.56	22.36	65.76	61.22	75.19	96.15	73.57	31.02	9.43	38.42	25.18	41.23	5.39	41.23	55.58	6.71	0.0	6.32	37.36	10.44	8.25	5.1	65.12	41.23	47.42	28.65	31.06	87.24	33.54	68.41	12.37	63.03	30.27	59.55	93.23	83.77	84.88	46.65	86.83	78.64	69.34	64.76	92.7	63.81	41.44	92.13	35.74	74.24	72.95	17.03	68.48	76.85	7.07	86.02	61.1	16.4	68.95	73.01
29	27.29	85.99	73.55	34.93	75.29	79.06	41.23	63.01	58.67	49.65	39.12	22.36	20.88	24.08	71.51	67.2	78.75	100.72	72.45	37.01	15.65	43.86	19.65	47.54	11.7	47.54	57.04	9.85	6.32	0.0	41.23	15.0	2.0	11.05	66.27	46.69	53.04	24.84	33.24	91.71	38.28	66.57	18.68	60.8	33.53	56.59	92.97	88.1	90.0	45.69	87.48	81.58	74.4	65.62	92.36	62.61	47.76	96.75	30.87	73.54	78.01	19.65	67.62	81.84	7.07	88.09	65.31	21.93	69.12	76.54
30	22.83	47.1	34.01	6.32	43.17	55.23	32.0	54.57	46.84	26.4	51.87	28.28	32.25	19.8	38.33	38.05	37.85	59.91	55.07	42.54	31.06	15.23	48.1	39.7	34.37	39.7	26.17	42.58	37.36	41.23	0.0	26.93	42.05	37.34	35.61	54.92	22.02	41.34	13.0	50.77	7.81	55.03	33.06	53.15	8.49	55.08	67.94	47.01	50.99	34.23	57.69	42.0	35.61	36.8	67.9	47.54	36.4	56.04	50.61	53.25	39.05	21.95	49.24	42.45	34.44	51.42	24.19	23.0	43.93	35.69
31	19.85	73.11	60.3	20.62	60.8	71.59	36.07	60.31	54.45	40.72	42.95	11.18	12.53	13.89	56.85	53.0	64.76	85.88	67.01	30.08	7.07	29.0	28.86	37.0	8.25	37.0	46.32	16.0	10.44	15.0	26.93	0.0	16.28	11.18	56.04	42.06	38.29	28.28	21.59	76.92	23.32	62.94	11.4	58.26	20.02	56.08	85.42	73.41	75.0	40.36	78.11	68.36	59.41	55.97	85.0	57.49	36.22	81.88	37.01	67.12	63.01	8.06	61.61	66.85	9.43	76.16	50.7	7.62	60.84	62.59
32	27.07	86.31	73.98	35.78	76.84	78.45	40.5	61.85	57.71	49.37	37.44	24.17	22.8	24.33	73.0	68.82	79.38	101.71	71.59	39.01	17.46	45.25	17.72	49.48	13.6	49.48	57.0	11.7	8.25	2.0	42.05	16.28	0.0	13.04	66.12	48.66	54.49	23.35	33.54	92.66	39.41	65.51	20.62	59.64	34.18	55.23	92.35	89.01	91.21	44.94	87.13	82.0	75.6	65.38	91.71	61.74	49.65	97.75	29.07	72.8	79.2	20.25	66.85	83.01	7.62	88.2	66.19	23.43	68.66	77.16
33	30.02	84.02	71.11	31.14	66.47	82.29	45.8	69.31	64.03	51.62	48.33	12.73	10.3	24.7	63.03	58.05	75.13	94.94	77.1	26.0	6.71	36.36	30.27	36.69	3.0	36.69	57.49	5.39	5.1	11.05	37.34	11.18	13.04	0.0	67.19	36.14	45.0	33.54	32.76	86.16	32.57	72.35	8.06	67.18	31.02	64.03	96.18	82.87	83.01	50.22	89.19	79.16	67.6	67.05	95.71	67.42	37.16	90.87	40.8	77.52	71.2	18.97	71.87	75.18	11.66	87.28	60.44	14.87	71.69	72.99
34	39.05	26.87	21.84	39.45	66.48	21.02	29.73	34.44	27.46	17.12	52.48	61.74	65.39	42.76	61.68	65.39	31.32	59.24	26.02	77.94	62.3	49.52	62.37	74.97	64.29	74.97	9.85	71.59	65.12	66.27	35.61	56.04	66.12	67.19	0.0	90.44	52.7	51.66	34.48	51.24	43.42	31.62	65.55	34.48	37.58	41.4	32.56	46.84	60.3	26.83	22.36	26.08	50.36	3.16	32.65	24.17	71.42	56.92	57.38	22.09	52.09	48.27	21.38	53.01	59.41	24.17	34.71	55.54	11.05	29.83
35	61.03	98.68	85.8	51.22	57.27	109.22	77.2	101.83	95.43	78.52	84.15	31.62	29.53	54.41	56.44	48.66	85.87	96.05	106.83	12.73	35.34	43.08	66.29	20.0	37.0	20.0	80.8	37.22	41.23	46.69	54.92	42.06	48.66	36.14	90.44	0.0	45.71	69.29	58.69	89.05	47.17	104.02	30.87	99.86	53.81	98.11	122.44	87.28	80.4	81.22	112.61	92.97	68.03	91.4	122.29	97.84	24.02	92.02	76.92	106.08	71.0	49.09	101.14	75.01	47.43	104.79	69.38	37.8	97.95	84.2
36	43.17	54.12	41.88	24.52	22.83	73.57	54.01	76.3	68.45	47.54	72.78	32.45	35.85	38.28	18.6	16.28	40.5	52.17	75.39	36.01	38.42	9.43	65.37	26.25	42.64	26.25	44.72	50.22	47.42	53.04	22.02	38.29	54.49	45.0	52.7	45.71	0.0	60.75	34.23	44.28	17.72	76.4	37.74	74.97	28.44	77.1	85.0	42.01	38.48	56.22	72.92	48.3	23.77	54.71	85.21	68.68	22.14	48.05	70.23	72.92	27.2	37.59	69.64	31.32	47.63	61.29	24.17	31.11	62.65	39.0
37	18.6	76.06	65.51	36.67	83.38	59.3	22.2	39.36	36.4	34.79	14.87	39.46	40.26	22.47	78.79	76.84	73.01	99.04	50.7	57.97	34.21	51.55	11.0	65.12	32.31	65.12	44.38	34.41	28.65	24.84	41.34	28.28	23.35	33.54	51.66	69.29	60.75	0.0	28.6	89.83	43.08	43.46	38.6	37.12	33.12	32.02	72.84	85.63	92.01	26.02	70.06	72.95	76.84	50.01	72.01	41.0	64.0	95.46	9.49	52.77	80.21	24.19	46.69	83.41	21.93	75.58	63.7	35.01	51.04	70.8
38	10.0	52.77	40.52	10.05	56.04	51.04	20.62	44.78	37.59	20.0	38.9	28.02	31.38	9.22	51.24	50.49	46.52	71.06	48.17	45.97	27.86	26.02	36.24	46.96	29.83	46.96	24.74	37.34	31.06	33.24	13.0	21.59	33.54	32.76	34.48	58.69	34.23	28.6	0.0	61.85	17.03	46.14	31.3	43.08	6.08	43.74	64.66	57.8	63.41	23.77	56.65	48.51	48.26	34.54	64.35	39.41	44.38	67.36	37.74	47.42	51.61	14.04	42.45	54.82	26.17	55.0	35.38	21.63	39.96	44.28
39	71.59	30.27	29.41	56.94	36.25	68.26	73.01	85.44	78.0	60.21	96.83	74.63	78.45	70.21	34.48	42.45	19.92	9.22	76.69	80.22	79.48	50.7	98.08	69.07	83.38	69.07	51.0	91.55	87.24	91.71	50.77	76.92	92.66	86.16	51.24	89.05	44.28	89.83	61.85	0.0	53.71	82.86	80.01	85.23	59.08	91.24	73.33	4.47	14.21	72.4	59.21	27.02	21.02	54.41	74.24	75.27	65.03	5.83	98.31	72.18	18.25	72.72	72.53	14.56	85.09	39.62	26.63	71.31	61.61	21.54
40	25.5	53.6	40.45	7.0	40.31	62.97	37.48	61.03	53.49	33.62	55.11	22.02	26.02	20.62	35.78	33.96	43.1	62.61	62.43	34.89	25.96	9.0	48.26	32.02	29.73	32.02	33.97	37.95	33.54	38.28	7.81	23.32	39.41	32.57	43.42	47.17	17.72	43.08	17.03	53.71	0.0	61.85	27.17	59.48	11.0	60.67	75.74	50.33	51.86	40.26	65.46	48.26	36.24	44.6	75.69	54.56	28.84	58.59	52.55	60.8	39.82	20.62	56.6	43.6	32.02	58.52	27.89	17.72	51.66	41.05
41	43.19	56.94	53.45	55.46	94.34	21.95	26.91	5.1	8.6	28.86	35.13	72.47	75.07	49.68	89.36	91.41	62.94	90.82	9.85	91.4	70.01	70.23	53.76	93.06	70.09	93.06	34.01	75.0	68.41	66.57	55.03	62.94	65.51	72.35	31.62	104.02	76.4	43.46	46.14	82.86	61.85	0.0	74.28	7.0	51.88	15.3	32.56	78.45	91.41	22.8	36.06	57.27	80.1	28.46	31.4	8.0	90.34	88.54	43.74	14.42	82.3	55.23	10.82	83.73	61.4	51.22	64.07	66.22	21.95	61.4
42	31.11	80.16	67.07	27.29	58.73	82.15	47.38	71.7	65.76	51.11	53.45	5.39	2.24	24.84	55.44	50.21	70.26	88.6	78.1	19.42	4.47	29.55	37.0	28.86	7.07	28.86	55.71	12.73	12.37	18.68	33.06	11.4	20.62	8.06	65.55	30.87	37.74	38.6	31.3	80.01	27.17	74.28	0.0	69.66	28.16	67.42	95.88	76.92	76.06	51.62	87.85	75.03	60.84	65.8	95.52	68.68	29.15	84.5	46.69	78.01	64.4	19.1	72.62	68.45	17.12	84.17	54.92	10.2	71.2	68.18
43	38.83	60.8	55.95	52.81	94.01	28.23	22.83	2.24	7.28	28.0	28.16	68.24	70.6	45.49	89.01	90.45	65.39	93.52	16.49	87.37	65.3	68.15	47.17	89.96	65.07	89.96	34.93	69.53	63.03	60.8	53.15	58.26	59.64	67.18	34.48	99.86	74.97	37.12	43.08	85.23	59.48	7.0	69.66	0.0	49.04	8.54	39.46	80.78	92.89	19.31	42.06	60.54	80.75	31.38	38.33	10.63	87.46	91.0	36.88	20.62	83.19	50.8	15.81	84.93	55.97	55.87	64.78	62.13	26.17	63.69
44	14.87	53.08	40.31	4.0	50.6	55.44	26.68	50.7	43.38	24.76	44.38	24.17	27.86	11.31	45.88	44.72	45.22	68.24	53.41	41.11	25.32	20.0	39.62	41.18	28.02	41.18	27.73	36.01	30.27	33.53	8.49	20.02	34.18	31.02	37.58	53.81	28.44	33.12	6.08	59.08	11.0	51.88	28.16	49.04	0.0	49.82	68.82	55.23	59.46	29.73	59.93	48.37	44.05	38.08	68.6	44.94	38.48	64.4	42.49	52.35	47.51	13.93	47.63	50.93	26.57	56.32	32.45	18.03	44.2	43.01
45	37.7	68.12	62.27	53.76	97.25	36.77	23.19	10.2	14.14	32.02	20.88	66.65	68.6	44.38	92.27	93.01	71.59	99.76	25.0	85.88	62.97	69.58	41.18	89.81	62.2	89.81	40.31	65.8	59.55	56.59	55.08	56.08	55.23	64.03	41.4	98.11	77.1	32.02	43.74	91.24	60.67	15.3	67.42	8.54	49.82	0.0	47.85	86.76	98.03	21.02	50.54	67.42	85.15	38.42	46.69	18.6	87.64	97.05	30.08	29.15	87.8	49.19	24.19	89.84	52.5	63.7	69.38	60.84	34.06	69.77
46	66.31	43.1	47.76	71.22	96.66	13.93	51.92	37.66	37.01	44.78	67.07	92.65	96.04	71.55	92.14	96.75	55.54	79.0	23.09	109.81	92.18	82.07	83.73	107.48	93.47	107.48	41.77	99.92	93.23	92.97	67.94	85.42	92.35	96.18	32.56	122.44	85.0	72.84	64.66	73.33	75.74	32.56	95.88	39.46	68.82	47.85	0.0	69.58	85.51	47.54	14.14	46.69	79.12	31.14	1.41	32.06	103.97	78.1	75.03	20.1	80.01	77.37	26.17	79.81	86.73	34.0	64.85	86.28	24.7	55.08
47	67.48	26.68	25.0	53.24	36.36	64.12	68.6	80.99	73.54	55.76	92.46	71.57	75.43	66.29	34.01	41.79	15.52	13.45	72.37	78.03	76.22	47.85	94.02	67.36	80.06	67.36	46.53	88.26	83.77	88.1	47.01	73.41	89.01	82.87	46.84	87.28	42.01	85.63	57.8	4.47	50.33	78.45	76.92	80.78	55.23	86.76	69.58	0.0	16.55	67.96	55.44	23.02	19.65	50.0	70.46	70.84	63.29	10.3	94.05	67.9	17.46	68.96	68.15	14.42	81.41	36.14	22.83	68.01	57.27	17.09
48	73.41	43.01	39.0	56.57	24.33	79.06	77.82	93.39	85.62	66.13	100.85	70.71	74.24	70.77	24.02	32.0	30.15	16.76	86.28	73.01	76.32	46.65	99.09	60.53	80.45	60.53	57.97	88.32	84.88	90.0	50.99	75.0	91.21	83.01	60.3	80.4	38.48	92.01	63.41	14.21	51.86	91.41	76.06	92.89	59.46	98.03	85.51	16.55	0.0	78.0	71.39	38.83	15.62	63.39	86.31	83.55	56.72	13.42	101.02	82.1	12.04	72.18	81.61	8.6	83.87	52.5	29.07	68.51	71.18	31.02
49	20.52	53.01	44.6	33.53	76.24	33.73	4.47	21.02	14.21	12.21	25.81	49.68	52.35	26.91	71.25	72.03	53.41	81.27	26.93	68.6	47.42	49.03	37.01	70.68	47.8	70.68	21.93	53.34	46.65	45.69	34.23	40.36	44.94	50.22	26.83	81.22	56.22	26.02	23.77	72.4	40.26	22.8	51.62	19.31	29.73	21.02	47.54	67.96	78.0	0.0	44.05	50.99	64.56	24.7	46.84	17.2	68.15	78.23	30.68	27.86	67.36	32.53	21.93	69.64	39.82	50.99	49.04	43.42	25.02	51.4
50	60.21	29.02	34.01	61.77	83.19	14.21	48.0	40.82	37.34	37.85	67.19	84.1	87.73	64.56	78.77	83.76	41.48	65.03	26.4	100.17	84.5	70.94	81.06	96.54	86.33	96.54	32.2	93.41	86.83	87.48	57.69	78.11	87.13	89.19	22.36	112.61	72.92	70.06	56.65	59.21	65.46	36.06	87.85	42.06	59.93	50.54	14.14	55.44	71.39	44.05	0.0	32.56	65.39	22.14	15.03	32.31	92.85	64.03	73.98	21.63	66.13	70.21	26.4	65.8	80.81	20.1	51.62	77.88	19.03	41.11
51	56.65	5.83	8.06	48.04	52.8	41.3	52.8	60.42	53.54	39.2	76.69	70.11	74.11	57.72	48.92	55.17	9.43	33.96	50.29	81.74	73.03	50.0	82.76	74.32	76.16	74.32	29.21	84.29	78.64	81.58	42.0	68.36	82.0	79.16	26.08	92.97	48.3	72.95	48.51	27.02	48.26	57.27	75.03	60.54	48.37	67.42	46.69	23.02	38.83	50.99	32.56	0.0	34.41	29.15	47.52	50.12	70.26	32.25	80.16	45.61	34.48	61.98	46.62	33.62	74.53	14.42	24.19	65.0	35.47	9.9
52	58.25	39.82	31.38	41.04	18.44	70.61	63.91	81.5	73.55	53.15	86.31	55.46	59.09	55.32	15.0	22.36	25.0	28.44	76.16	59.41	60.9	31.3	83.63	48.04	65.0	48.04	46.1	72.95	69.34	74.4	35.61	59.41	75.6	67.6	50.36	68.03	23.77	76.84	48.26	21.02	36.24	80.1	60.84	80.75	44.05	85.15	79.12	19.65	15.62	64.56	65.39	34.41	0.0	53.24	79.71	72.11	44.01	24.33	85.98	72.44	3.61	56.59	71.03	7.62	68.25	48.83	16.03	53.0	61.4	24.7
53	38.33	29.73	25.0	40.22	69.12	18.87	27.89	31.3	24.41	16.03	50.12	62.18	65.74	42.45	64.29	67.78	34.48	62.39	23.0	78.82	62.39	51.09	60.83	76.38	64.2	76.38	10.63	71.31	64.76	65.62	36.8	55.97	65.38	67.05	3.16	91.4	54.71	50.01	34.54	54.41	44.6	28.46	65.8	31.38	38.08	38.42	31.14	50.0	63.39	24.7	22.14	29.15	53.24	0.0	31.11	21.02	72.92	60.08	55.36	19.24	55.04	48.08	18.25	56.04	58.86	26.42	37.48	55.9	8.25	32.98
54	65.8	44.05	48.38	71.06	97.17	13.42	51.24	36.5	36.06	44.42	66.03	92.36	95.72	71.12	92.61	97.13	56.29	80.01	22.02	109.64	91.79	82.13	82.87	107.49	93.02	107.49	41.73	99.4	92.7	92.36	67.9	85.0	91.71	95.71	32.65	122.29	85.21	72.01	64.35	74.24	75.69	31.4	95.52	38.33	68.6	46.69	1.41	70.46	86.31	46.84	15.03	47.52	79.71	31.11	0.0	31.14	104.0	79.06	74.06	19.24	80.65	76.94	25.32	80.52	86.16	35.01	65.31	85.98	24.41	55.79
55	37.64	50.22	45.88	48.37	86.37	19.24	21.63	10.3	5.1	21.19	35.36	66.48	69.31	43.86	81.39	83.55	55.36	83.38	9.85	85.15	64.54	62.77	51.79	86.09	65.0	86.09	26.02	70.49	63.81	62.61	47.54	57.49	61.74	67.42	24.17	97.84	68.68	41.0	39.41	75.27	54.56	8.0	68.68	10.63	44.94	18.6	32.06	70.84	83.55	17.2	32.31	50.12	72.11	21.02	31.14	0.0	83.24	80.99	43.0	12.0	74.33	49.58	6.08	75.8	56.94	45.25	56.08	60.14	15.56	53.76
56	50.22	76.06	63.53	34.89	34.54	91.55	64.85	89.16	81.86	62.43	78.16	25.71	26.93	43.74	32.98	25.63	62.63	72.11	91.27	17.0	32.28	21.93	64.94	4.12	36.06	4.12	62.37	41.18	41.44	47.76	36.4	36.22	49.65	37.16	71.42	24.02	22.14	64.0	44.38	65.03	28.84	90.34	29.15	87.46	38.48	87.64	103.97	63.29	56.72	68.15	92.85	70.26	44.01	72.92	104.0	83.24	0.0	68.07	73.06	89.63	47.01	40.11	85.44	51.04	44.91	82.86	46.24	29.02	80.28	61.1
57	77.16	35.01	35.11	62.13	37.36	73.55	78.82	91.18	83.77	66.04	102.62	79.12	82.87	75.6	36.35	44.41	25.63	4.12	82.23	83.73	84.17	55.03	103.59	72.03	88.14	72.03	56.82	96.25	92.13	96.75	56.04	81.88	97.75	90.87	56.92	92.02	48.05	95.46	67.36	5.83	58.59	88.54	84.5	91.0	64.4	97.05	78.1	10.3	13.42	78.23	64.03	32.25	24.33	60.08	79.06	80.99	68.07	0.0	104.0	77.67	21.1	77.94	78.16	17.03	90.21	44.18	32.02	76.06	67.19	27.31
58	27.78	82.86	73.01	46.1	92.85	62.07	27.73	39.05	38.01	41.18	9.43	48.09	48.51	31.95	88.24	86.33	80.92	107.49	52.15	66.1	42.43	61.03	12.04	74.01	40.02	74.01	51.11	40.72	35.74	30.87	50.61	37.01	29.07	40.8	57.38	76.92	70.23	9.49	37.74	98.31	52.55	43.74	46.69	36.88	42.49	30.08	75.03	94.05	101.02	30.68	73.98	80.16	85.98	55.36	74.06	43.0	73.06	104.0	0.0	55.0	89.31	33.54	49.01	92.42	29.61	81.54	72.47	44.05	55.11	78.75
59	47.51	44.38	43.19	55.32	88.29	7.62	32.31	19.24	17.03	27.59	47.27	75.29	78.41	53.25	83.43	86.65	52.47	79.56	5.0	93.35	74.06	68.26	63.64	92.8	74.95	92.8	28.23	80.95	74.24	73.54	53.25	67.12	72.8	77.52	22.09	106.08	72.92	52.77	47.42	72.18	60.8	14.42	78.01	20.62	52.35	29.15	20.1	67.9	82.1	27.86	21.63	45.61	72.44	19.24	19.24	12.0	89.63	77.67	55.0	0.0	74.17	59.08	6.08	75.01	67.54	37.74	56.72	68.88	11.05	51.24
60	61.61	39.66	32.28	44.55	19.21	72.01	66.85	83.86	75.95	55.79	89.47	59.03	62.65	58.8	16.55	24.35	25.06	25.18	78.03	62.65	64.5	34.89	87.11	51.0	68.6	51.0	48.37	76.54	72.95	78.01	39.05	63.01	79.2	71.2	52.09	71.0	27.2	80.21	51.61	18.25	39.82	82.3	64.4	83.19	47.51	87.8	80.01	17.46	12.04	67.36	66.13	34.48	3.61	55.04	80.65	74.33	47.01	21.1	89.31	74.17	0.0	60.14	73.01	4.12	71.84	48.88	18.44	56.6	63.13	25.08
61	12.04	66.48	53.94	15.81	60.42	63.53	28.32	52.8	46.69	32.7	38.05	17.49	19.85	5.83	56.08	53.31	59.14	81.84	59.03	36.72	15.0	28.18	27.78	41.59	16.16	41.59	38.64	23.35	17.03	19.65	21.95	8.06	20.25	18.97	48.27	49.09	37.59	24.19	14.04	72.72	20.62	55.23	19.1	50.8	13.93	49.19	77.37	68.96	72.18	32.53	70.21	61.98	56.59	48.08	76.94	49.58	40.11	77.94	33.54	59.08	60.14	0.0	53.6	63.78	12.65	69.01	46.14	11.7	52.8	56.92
62	41.88	46.14	43.17	50.8	86.15	13.15	26.4	14.87	11.18	23.02	41.44	70.09	73.11	47.8	81.22	83.93	52.63	80.32	5.83	88.41	68.6	64.41	57.56	88.48	69.34	88.48	25.5	75.18	68.48	67.62	49.24	61.61	66.85	71.87	21.38	101.14	69.64	46.69	42.45	72.53	56.6	10.82	72.62	15.81	47.63	24.19	26.17	68.15	81.61	21.93	26.4	46.62	71.03	18.25	25.32	6.08	85.44	78.16	49.01	6.08	73.01	53.6	0.0	74.17	61.72	40.46	55.08	63.7	11.18	51.2
63	64.82	38.47	32.39	48.1	21.95	72.44	69.35	85.51	77.67	57.87	92.28	63.07	66.71	62.24	19.92	27.89	24.35	21.1	79.03	66.75	68.48	38.91	90.55	55.01	72.56	55.01	50.01	80.53	76.85	81.84	42.45	66.85	83.01	75.18	53.01	75.01	31.32	83.41	54.82	14.56	43.6	83.73	68.45	84.93	50.93	89.84	79.81	14.42	8.6	69.64	65.8	33.62	7.62	56.04	80.52	75.8	51.04	17.03	92.42	75.01	4.12	63.78	74.17	0.0	75.6	47.85	20.62	60.54	64.0	24.74
64	20.62	78.92	66.49	28.18	70.21	72.8	35.36	58.14	53.25	42.95	36.77	19.24	19.03	17.03	66.22	62.43	71.78	94.15	66.73	36.5	13.0	38.29	20.1	45.28	10.44	45.28	50.09	13.6	7.07	7.07	34.44	9.43	7.62	11.66	59.41	47.43	47.63	21.93	26.17	85.09	32.02	61.4	17.12	55.97	26.57	52.5	86.73	81.41	83.87	39.82	80.81	74.53	68.25	58.86	86.16	56.94	44.91	90.21	29.61	67.54	71.84	12.65	61.72	75.6	0.0	81.06	58.59	17.0	62.64	69.57
65	61.52	9.49	19.42	56.89	67.2	31.78	53.85	55.23	49.58	40.8	76.54	79.62	83.55	64.03	63.25	69.31	23.85	45.0	42.72	93.05	81.61	61.74	86.13	86.83	84.29	86.83	31.58	92.14	86.02	88.09	51.42	76.16	88.2	87.28	24.17	104.79	61.29	75.58	55.0	39.62	58.52	51.22	84.17	55.87	56.32	63.7	34.0	36.14	52.5	50.99	20.1	14.42	48.83	26.42	35.01	45.25	82.86	44.18	81.54	37.74	48.88	69.01	40.46	47.85	81.06	0.0	37.64	73.98	29.7	24.21
66	45.25	30.02	18.38	30.41	31.95	55.36	48.75	65.49	57.56	37.36	71.87	49.65	53.6	43.6	27.31	32.2	16.49	35.81	60.3	58.69	53.85	27.07	71.59	50.33	57.57	50.33	30.07	65.8	61.1	65.31	24.19	50.7	66.19	60.44	34.71	69.38	24.17	63.7	35.38	26.63	27.89	64.07	54.92	64.78	32.45	69.38	64.85	22.83	29.07	49.04	51.62	24.19	16.03	37.48	65.31	56.08	46.24	32.02	72.47	56.72	18.44	46.14	55.08	20.62	58.59	37.64	0.0	45.61	45.71	14.87
67	23.32	70.06	57.01	17.12	53.41	72.67	39.41	64.07	57.63	41.62	49.37	6.4	9.85	16.64	49.58	45.49	60.53	80.11	69.31	25.24	8.25	22.02	36.4	30.15	12.08	30.15	45.69	20.25	16.4	21.93	23.0	7.62	23.43	14.87	55.54	37.8	31.11	35.01	21.63	71.31	17.72	66.22	10.2	62.13	18.03	60.84	86.28	68.01	68.51	43.42	77.88	65.0	53.0	55.9	85.98	60.14	29.02	76.06	44.05	68.88	56.6	11.7	63.7	60.54	17.0	73.98	45.61	0.0	61.59	58.42
68	42.06	34.99	32.39	46.75	77.37	11.31	29.02	25.61	20.0	20.12	48.7	67.96	71.34	47.01	72.53	75.96	41.77	69.26	15.13	85.28	67.54	58.6	62.03	83.63	68.94	83.63	18.03	75.61	68.95	69.12	43.93	60.84	68.66	71.69	11.05	97.95	62.65	51.04	39.96	61.61	51.66	21.95	71.2	26.17	44.2	34.06	24.7	57.27	71.18	25.02	19.03	35.47	61.4	8.25	24.41	15.56	80.28	67.19	55.11	11.05	63.13	52.8	11.18	64.0	62.64	29.7	45.71	61.59	0.0	40.45
69	53.34	15.62	8.06	41.98	43.01	48.04	52.4	63.91	56.46	39.2	76.42	63.07	67.07	53.31	39.05	45.28	2.24	30.02	55.58	73.35	66.61	41.59	79.92	65.19	70.04	65.19	29.68	78.26	73.01	76.54	35.69	62.59	77.16	72.99	29.83	84.2	39.0	70.8	44.28	21.54	41.05	61.4	68.18	63.69	43.01	69.77	55.08	17.09	31.02	51.4	41.11	9.9	24.7	32.98	55.79	53.76	61.1	27.31	78.75	51.24	25.08	56.92	51.2	24.74	69.57	24.21	14.87	58.42	40.45	0.0
;
