vehicles
vehicle_idx, capacity, cost_per_unit_distance
1,100,3
2,100,3
3,100,3
4,100,3
5,100,3
6,100,3
7,100,3
8,100,3
9,100,3
depot
node_idx,x,y
0,36,64
home delivery customers
node_idx,x,y,service_time,demand
1,10,23,15,12
2,81,45,15,20
3,21,14,15,14
4,57,2,15,6
5,58,96,15,11
6,41,50,15,22
7,50,99,15,10
8,47,76,15,23
9,60,97,15,15
10,30,93,15,11
11,19,40,15,12
12,15,40,15,24
13,88,21,15,25
14,33,58,15,2
15,51,78,15,20
16,75,66,15,12
17,1,14,15,18
18,74,92,15,12
self pickup customers
node_idx,x,y,service_time,demand,locker_idxs
19,94,47,15,3,60
20,90,17,15,20,63
21,13,49,15,11,58-55
22,21,14,15,36,57
23,97,90,15,21,59-56
24,11,54,15,19,55-58
25,60,89,15,22,59-56
26,21,51,15,15,61-55-58
27,57,7,15,18,57
28,81,6,15,13,63
29,9,62,15,14,58
30,84,36,15,10,63-60
31,95,76,15,10,59
32,89,44,15,66,63-60
33,69,16,15,7,63-57
34,74,69,15,5,56
35,96,91,15,7,59
36,46,22,15,11,57
flexible customers
node_idx,x,y,service_time,demand,locker_idxs
37,16,46,15,25,55-58-61
38,25,79,15,4,58
39,41,30,15,11,61-55
40,14,79,15,21,58
41,42,56,15,10,55-61-58
42,41,39,15,13,61-58-55
43,41,46,15,16,61-55-58
44,65,96,15,17,59-56-62
45,14,42,15,7,58-55-61
46,66,62,15,21,56
47,5,51,15,17,55
48,84,85,15,19,59-56
49,58,68,15,7,56
50,9,60,15,15,55-58
51,47,44,15,22,58-55-61
52,49,6,15,3,57
53,10,49,15,10,55-58
54,97,11,15,24,60-63
lockers
node_idx,x,y,service_time,capacity,cost_per_unit_good
0,93,12,10,78
1,22,88,10,88
2,65,88,10,80
3,25,15,10,71
4,77,88,10,73
5,72,14,10,97
61,22,48,10,84
62,78,81,10,93
63,71,21,10,96
64,31,62,10,96
65,86,97,10,77
66,85,31,10,74
67,37,38,10,70
68,49,97,10,79
69,85,19,10,90
mrt lines
start_node_idx,end_node_idx,freight_capacity,cost_per_unit_good
0,1,88,0.5
1,0,88,0.5
2,3,80,0.5
3,2,80,0.5
distance matrix
,0,1,2,3,4,5,6,7,8,9,10,11,12,13,14,15,16,17,18,19,20,21,22,23,24,25,26,27,28,29,30,31,32,33,34,35,36,37,38,39,40,41,42,43,44,45,46,47,48,49,50,51,52,53,54,55,56,57,58,59,60,61,62,63,64,65,66,67,68,69,
0,0.0,48.55,48.85,52.2,65.46,38.83,14.87,37.7,16.28,40.8,29.61,29.41,31.89,67.48,6.71,20.52,39.05,61.03,47.2,60.44,71.59,27.46,52.2,66.31,26.93,34.66,19.85,60.75,73.41,27.07,55.57,60.21,56.65,58.25,38.33,65.8,43.17,26.91,18.6,34.37,26.63,10.0,25.5,18.68,43.19,31.11,30.07,33.62,52.39,22.36,27.29,22.83,59.44,30.02,80.81,77.16,27.78,37.64,50.22,47.51,61.61,21.26,45.31,55.44,5.39,59.91,59.08,26.02,35.47,66.53
1,48.55,0.0,74.33,14.21,51.48,87.37,41.11,85.88,64.64,89.31,72.8,19.24,17.72,78.03,41.88,68.6,77.94,12.73,94.11,87.36,80.22,26.17,14.21,109.81,31.02,82.8,30.08,49.65,73.01,39.01,75.13,100.17,81.74,59.41,78.82,109.64,36.01,23.77,57.97,31.78,56.14,45.97,34.89,38.6,91.4,19.42,68.24,28.44,96.54,65.8,37.01,42.54,42.54,26.0,87.82,83.73,66.1,85.15,17.0,93.35,62.65,27.73,89.38,61.03,44.29,106.08,75.43,30.89,83.65,75.11
2,48.85,74.33,0.0,67.54,49.24,55.95,40.31,62.27,46.01,56.08,70.04,62.2,66.19,25.0,49.73,44.6,21.84,85.8,47.52,13.15,29.41,68.12,67.54,47.76,70.58,48.75,60.3,44.94,39.0,73.98,9.49,34.01,8.06,31.38,25.0,48.38,41.88,65.01,65.51,42.72,75.13,40.52,40.45,40.01,53.45,67.07,22.67,76.24,40.11,32.53,73.55,34.01,50.45,71.11,37.58,35.11,73.01,45.88,63.53,43.19,32.28,59.08,36.12,26.0,52.81,52.24,14.56,44.55,61.06,26.31
3,52.2,14.21,67.54,0.0,37.95,89.96,41.18,89.81,67.23,91.71,79.51,26.08,26.68,67.36,45.61,70.68,74.97,20.0,94.3,80.11,69.07,35.9,0.0,107.48,41.23,84.53,37.0,36.67,60.53,49.48,66.73,96.54,74.32,48.04,76.38,107.49,26.25,32.39,65.12,25.61,65.38,46.96,32.02,37.74,93.06,28.86,65.8,40.31,94.92,65.46,47.54,39.7,29.12,36.69,76.06,72.03,74.01,86.09,4.12,92.8,51.0,34.01,87.97,50.49,49.03,105.42,66.22,28.84,87.6,64.2
4,65.46,51.48,49.24,37.95,0.0,94.01,50.6,97.25,74.67,95.05,94.92,53.74,56.64,36.36,60.93,76.24,66.48,57.27,91.59,58.26,36.25,64.38,37.95,96.66,69.43,87.05,60.8,5.0,24.33,76.84,43.42,83.19,52.8,18.44,69.12,97.17,22.83,60.14,83.38,32.25,88.19,56.04,40.31,46.82,94.34,58.73,60.67,71.45,87.28,66.01,75.29,43.17,8.94,66.47,41.0,37.36,92.85,86.37,34.54,88.29,19.21,57.8,81.74,23.6,65.39,99.33,40.31,41.18,95.34,32.76
5,38.83,87.37,55.95,89.96,94.01,0.0,49.04,8.54,22.83,2.24,28.16,68.24,70.6,80.78,45.49,19.31,34.48,99.86,16.49,60.8,85.23,65.07,89.96,39.46,63.03,7.28,58.26,89.01,92.89,59.64,65.39,42.06,60.54,80.75,31.38,38.33,74.97,65.3,37.12,68.15,47.17,43.08,59.48,52.81,7.0,69.66,34.93,69.53,28.23,28.0,60.8,53.15,90.45,67.18,93.52,91.0,36.88,10.63,87.46,20.62,83.19,60.0,25.0,76.12,43.42,28.02,70.38,61.68,9.06,81.6
6,14.87,41.11,40.31,41.18,50.6,49.04,0.0,49.82,26.68,50.7,44.38,24.17,27.86,55.23,11.31,29.73,37.58,53.81,53.41,53.08,59.08,28.02,41.18,68.82,30.27,43.38,20.02,45.88,59.46,34.18,45.22,59.93,48.37,44.05,38.08,68.6,28.44,25.32,33.12,20.0,39.62,6.08,11.0,4.0,51.88,28.16,27.73,36.01,55.44,24.76,33.53,8.49,44.72,31.02,68.24,64.4,42.49,44.94,38.48,52.35,47.51,19.1,48.27,41.73,15.62,65.07,47.93,12.65,47.68,53.82
7,37.7,85.88,62.27,89.81,97.25,8.54,49.82,0.0,23.19,10.2,20.88,66.65,68.6,86.76,44.38,21.02,41.4,98.11,25.0,68.12,91.24,62.2,89.81,47.85,59.55,14.14,56.08,92.27,98.03,55.23,71.59,50.54,67.42,85.15,38.42,46.69,77.1,62.97,32.02,69.58,41.18,43.74,60.67,53.76,15.3,67.42,40.31,65.8,36.77,32.02,56.59,55.08,93.01,64.03,99.76,97.05,30.08,18.6,87.64,29.15,87.8,58.18,33.29,80.78,41.59,36.06,76.48,62.37,2.24,87.32
8,16.28,64.64,46.01,67.23,74.67,22.83,26.68,23.19,0.0,24.7,24.04,45.61,48.17,68.6,22.8,4.47,29.73,77.2,31.38,55.23,73.01,43.42,67.23,51.92,42.19,18.38,36.07,69.72,77.82,40.5,54.49,48.0,52.8,63.91,27.89,51.24,54.01,43.14,22.2,46.39,33.14,20.62,37.48,30.59,26.91,47.38,23.6,48.88,38.08,13.6,41.23,32.0,70.03,45.8,82.01,78.82,27.73,21.63,64.85,32.31,66.85,37.54,31.4,60.01,21.26,44.29,58.9,39.29,21.1,68.51
9,40.8,89.31,56.08,91.71,95.05,2.24,50.7,10.2,24.7,0.0,30.27,70.21,72.62,80.99,47.43,21.02,34.44,101.83,14.87,60.46,85.44,67.18,91.71,37.66,65.19,8.0,60.31,90.05,93.39,61.85,65.55,40.82,60.42,81.5,31.3,36.5,76.3,67.36,39.36,69.64,49.4,44.78,61.03,54.42,5.1,71.7,35.51,71.7,26.83,29.07,63.01,54.57,91.66,69.31,93.62,91.18,39.05,10.3,89.16,19.24,83.86,62.01,24.08,76.79,45.45,26.0,70.58,63.32,11.0,81.91
10,29.61,72.8,70.04,79.51,94.92,28.16,44.38,20.88,24.04,30.27,0.0,54.13,55.08,92.46,35.13,25.81,52.48,84.15,44.01,78.82,96.83,47.17,79.51,67.07,43.38,30.27,42.95,90.14,100.85,37.44,78.52,67.19,76.69,86.31,50.12,66.03,72.78,49.04,14.87,63.95,21.26,38.9,55.11,48.27,35.13,53.45,47.51,48.88,54.59,37.54,39.12,51.87,89.05,48.33,105.89,102.62,9.43,35.36,78.16,47.27,89.47,45.71,49.48,82.86,31.02,56.14,82.88,55.44,19.42,92.2
11,29.41,19.24,62.2,26.08,53.74,68.24,24.17,66.65,45.61,70.21,54.13,0.0,4.0,71.57,22.8,49.68,61.74,31.62,75.69,75.33,74.63,10.82,26.08,92.65,16.12,63.89,11.18,50.33,70.71,24.17,65.12,84.1,70.11,55.46,62.18,92.36,32.45,6.71,39.46,24.17,39.32,28.02,22.02,22.8,72.47,5.39,51.89,17.8,79.06,48.01,22.36,28.28,45.34,12.73,83.22,79.12,48.09,66.48,25.71,75.29,59.03,8.54,71.85,55.36,25.06,87.97,66.61,18.11,64.41,69.26
12,31.89,17.72,66.19,26.68,56.64,70.6,27.86,68.6,48.17,72.62,55.08,4.0,0.0,75.43,25.46,52.35,65.39,29.53,78.64,79.31,78.45,9.22,26.68,96.04,14.56,66.53,12.53,53.41,74.24,22.8,69.12,87.73,74.11,59.09,65.74,95.72,35.85,6.08,40.26,27.86,39.01,31.38,26.02,26.68,75.07,2.24,55.54,14.87,82.38,51.31,20.88,32.25,48.08,10.3,86.98,82.87,48.51,69.31,26.93,78.41,62.65,10.63,75.17,59.14,27.2,91.05,70.58,22.09,66.37,73.08
13,67.48,78.03,25.0,67.36,36.36,80.78,55.23,86.76,68.6,80.99,92.46,71.57,75.43,0.0,66.29,67.96,46.84,87.28,72.37,26.68,4.47,80.06,67.36,69.58,83.77,73.54,73.41,34.01,16.55,89.01,15.52,55.44,23.02,19.65,50.0,70.46,42.01,76.22,85.63,47.85,94.02,57.8,50.33,53.24,78.45,76.92,46.53,88.26,64.12,55.76,88.1,47.01,41.79,82.87,13.45,10.3,94.05,70.84,63.29,67.9,17.46,71.31,60.83,17.0,70.21,76.03,10.44,53.76,85.42,3.61
14,6.71,41.88,49.73,45.61,60.93,45.49,11.31,44.38,22.8,47.43,35.13,22.8,25.46,66.29,0.0,26.91,42.76,54.41,53.26,61.98,70.21,21.93,45.61,71.55,22.36,41.11,13.89,56.36,70.77,24.33,55.54,64.56,57.72,55.32,42.45,71.12,38.28,20.81,22.47,29.12,28.32,9.22,20.62,14.42,49.68,24.84,33.24,28.86,57.71,26.93,24.08,19.8,54.41,24.7,79.4,75.6,31.95,43.86,43.74,53.25,58.8,14.87,50.54,53.04,4.47,65.8,58.59,20.4,42.15,65.0
15,20.52,68.6,44.6,70.68,76.24,19.31,29.73,21.02,4.47,21.02,25.81,49.68,52.35,67.96,26.91,0.0,26.83,81.22,26.93,53.01,72.4,47.8,70.68,47.54,46.65,14.21,40.36,71.25,78.0,44.94,53.41,44.05,50.99,64.56,24.7,46.84,56.22,47.42,26.02,49.03,37.01,23.77,40.26,33.53,22.8,51.62,21.93,53.34,33.73,12.21,45.69,34.23,72.03,50.22,81.27,78.23,30.68,17.2,68.15,27.86,67.36,41.73,27.17,60.41,25.61,39.82,58.01,42.38,19.1,68.1
16,39.05,77.94,21.84,74.97,66.48,34.48,37.58,41.4,29.73,34.44,52.48,61.74,65.39,46.84,42.76,26.83,0.0,90.44,26.02,26.87,51.24,64.29,74.97,32.56,65.12,27.46,56.04,61.68,60.3,66.12,31.32,22.36,26.08,50.36,3.16,32.65,52.7,62.3,51.66,49.52,62.37,34.48,43.42,39.45,31.62,65.55,9.85,71.59,21.02,17.12,66.27,35.61,65.39,67.19,59.24,56.92,57.38,24.17,71.42,22.09,52.09,55.97,15.3,45.18,44.18,32.89,36.4,47.2,40.46,48.05
17,61.03,12.73,85.8,20.0,57.27,99.86,53.81,98.11,77.2,101.83,84.15,31.62,29.53,87.28,54.41,81.22,90.44,0.0,106.83,98.68,89.05,37.0,20.0,122.44,41.23,95.43,42.06,56.44,80.4,48.66,85.87,112.61,92.97,68.03,91.4,122.29,45.71,35.34,69.29,43.08,66.29,58.69,47.17,51.22,104.02,30.87,80.8,37.22,109.22,78.52,46.69,54.92,48.66,36.14,96.05,92.02,76.92,97.84,24.02,106.08,71.0,39.96,102.07,70.35,56.6,118.8,85.7,43.27,95.88,84.15
18,47.2,94.11,47.52,94.3,91.59,16.49,53.41,25.0,31.38,14.87,44.01,75.69,78.64,72.37,53.26,26.93,26.02,106.83,0.0,49.24,76.69,74.63,94.3,23.09,73.57,14.32,67.01,86.68,86.28,71.59,56.89,26.4,50.29,76.16,23.0,22.02,75.39,74.03,50.7,70.24,61.39,48.17,62.43,56.61,9.85,78.1,31.05,80.26,12.21,28.84,72.45,55.07,89.56,77.1,84.2,82.23,52.15,9.85,91.27,5.0,78.03,68.12,11.7,71.06,52.43,13.0,61.98,65.46,25.5,73.82
19,60.44,87.36,13.15,80.11,58.26,60.8,53.08,68.12,55.23,60.46,78.82,75.33,79.31,26.68,61.98,53.01,26.87,98.68,49.24,0.0,30.27,81.02,80.11,43.1,83.29,54.04,73.11,54.49,43.01,86.31,14.87,29.02,5.83,39.82,29.73,44.05,54.12,78.01,76.06,55.66,86.16,52.77,53.6,53.01,56.94,80.16,31.76,89.09,39.29,41.68,85.99,47.1,60.88,84.02,36.12,35.01,82.86,50.22,76.06,44.38,39.66,72.01,37.58,34.71,64.76,50.64,18.36,57.71,67.27,29.41
20,71.59,80.22,29.41,69.07,36.25,85.23,59.08,91.24,73.01,85.44,96.83,74.63,78.45,4.47,70.21,72.4,51.24,89.05,76.69,30.27,0.0,83.38,69.07,73.33,87.24,78.0,76.92,34.48,14.21,92.66,19.92,59.21,27.02,21.02,54.41,74.24,44.28,79.48,89.83,50.7,98.08,61.85,53.71,56.94,82.86,80.01,51.0,91.55,68.26,60.21,91.71,50.77,42.45,86.16,9.22,5.83,98.31,75.27,65.03,72.18,18.25,74.73,65.12,19.42,74.2,80.1,14.87,57.01,89.89,5.39
21,27.46,26.17,68.12,35.9,64.38,65.07,28.02,62.2,43.42,67.18,47.17,10.82,9.22,80.06,21.93,47.8,64.29,37.0,74.63,81.02,83.38,0.0,35.9,93.47,5.39,61.72,8.25,60.83,80.45,13.6,72.18,86.33,76.16,65.0,64.2,93.02,42.64,4.24,32.31,33.84,30.02,29.83,29.73,28.16,70.09,7.07,54.57,8.25,79.61,48.85,11.7,34.37,56.08,3.0,92.2,88.14,40.02,65.0,36.06,74.95,68.6,9.06,72.45,64.4,22.2,87.37,74.22,26.4,60.0,78.0
22,52.2,14.21,67.54,0.0,37.95,89.96,41.18,89.81,67.23,91.71,79.51,26.08,26.68,67.36,45.61,70.68,74.97,20.0,94.3,80.11,69.07,35.9,0.0,107.48,41.23,84.53,37.0,36.67,60.53,49.48,66.73,96.54,74.32,48.04,76.38,107.49,26.25,32.39,65.12,25.61,65.38,46.96,32.02,37.74,93.06,28.86,65.8,40.31,94.92,65.46,47.54,39.7,29.12,36.69,76.06,72.03,74.01,86.09,4.12,92.8,51.0,34.01,87.97,50.49,49.03,105.42,66.22,28.84,87.6,64.2
23,66.31,109.81,47.76,107.48,96.66,39.46,68.82,47.85,51.92,37.66,67.07,92.65,96.04,69.58,71.55,47.54,32.56,122.44,23.09,43.1,73.33,93.47,107.48,0.0,93.23,37.01,85.42,92.14,85.51,92.35,55.54,14.14,46.69,79.12,31.14,1.41,85.0,92.18,72.84,82.07,83.73,64.66,75.74,71.22,32.56,95.88,41.77,99.92,13.93,44.78,92.97,67.94,96.75,96.18,79.0,78.1,75.03,32.06,103.97,20.1,80.01,85.96,21.02,73.74,71.69,13.04,60.21,79.4,48.51,72.01
24,26.93,31.02,70.58,41.23,69.43,63.03,30.27,59.55,42.19,65.19,43.38,16.12,14.56,83.77,22.36,46.65,65.12,41.23,73.57,83.29,87.24,5.39,41.23,93.23,0.0,60.22,10.44,65.76,84.88,8.25,75.19,86.83,78.64,69.34,64.76,92.7,47.42,9.43,28.65,38.42,25.18,31.06,33.54,31.05,68.41,12.37,55.58,6.71,79.31,49.04,6.32,37.36,61.22,5.1,96.15,92.13,35.74,63.81,41.44,74.24,72.95,12.53,72.24,68.48,21.54,86.45,77.49,30.53,57.38,81.86
25,34.66,82.8,48.75,84.53,87.05,7.28,43.38,14.14,18.38,8.0,30.27,63.89,66.53,73.54,41.11,14.21,27.46,95.43,14.32,54.04,78.0,61.72,84.53,37.01,60.22,0.0,54.45,82.05,85.62,57.71,58.18,37.34,53.54,73.55,24.41,36.06,68.45,61.52,36.4,61.98,47.07,37.59,53.49,47.01,8.6,65.76,27.66,66.85,24.33,21.1,58.67,46.84,83.73,64.03,86.33,83.77,38.01,5.1,81.86,17.03,75.95,55.9,19.7,68.88,39.62,27.2,63.16,55.95,13.6,74.33
26,19.85,30.08,60.3,37.0,60.8,58.26,20.02,56.08,36.07,60.31,42.95,11.18,12.53,73.41,13.89,40.36,56.04,42.06,67.01,73.11,76.92,8.25,37.0,85.42,10.44,54.45,0.0,56.85,75.0,16.28,64.76,78.11,68.36,59.41,55.97,85.0,38.29,7.07,28.28,29.0,28.86,21.59,23.32,20.62,62.94,11.4,46.32,16.0,71.59,40.72,15.0,26.93,53.0,11.18,85.88,81.88,37.01,57.49,36.22,67.12,63.01,3.16,64.41,58.31,14.87,79.63,67.05,20.62,53.85,71.55
27,60.75,49.65,44.94,36.67,5.0,89.01,45.88,92.27,69.72,90.05,90.14,50.33,53.41,34.01,56.36,71.25,61.68,56.44,86.68,54.49,34.48,60.83,36.67,92.14,65.76,82.05,56.85,0.0,24.02,73.0,39.62,78.77,48.92,15.0,64.29,92.61,18.6,56.59,78.79,28.02,83.86,51.24,35.78,42.15,89.36,55.44,55.73,68.12,82.54,61.01,71.51,38.33,8.06,63.03,40.2,36.35,88.24,81.39,32.98,83.43,16.55,53.91,76.92,19.8,60.84,94.56,36.88,36.89,90.35,30.46
28,73.41,73.01,39.0,60.53,24.33,92.89,59.46,98.03,77.82,93.39,100.85,70.71,74.24,16.55,70.77,78.0,60.3,80.4,86.28,43.01,14.21,80.45,60.53,85.51,84.88,85.62,75.0,24.02,0.0,91.21,30.15,71.39,38.83,15.62,63.39,86.31,38.48,76.32,92.01,46.65,99.09,63.41,51.86,56.57,91.41,76.06,57.97,88.32,79.06,66.13,90.0,50.99,32.0,83.01,16.76,13.42,101.02,83.55,56.72,82.1,12.04,72.42,75.06,18.03,75.07,91.14,25.32,54.41,96.46,13.6
29,27.07,39.01,73.98,49.48,76.84,59.64,34.18,55.23,40.5,61.85,37.44,24.17,22.8,89.01,24.33,44.94,66.12,48.66,71.59,86.31,92.66,13.6,49.48,92.35,8.25,57.71,16.28,73.0,91.21,0.0,79.38,87.13,82.0,75.6,65.38,91.71,54.49,17.46,23.35,45.25,17.72,33.54,39.41,35.78,65.51,20.62,57.0,11.7,78.45,49.37,2.0,42.05,68.82,13.04,101.71,97.75,29.07,61.74,49.65,72.8,79.2,19.1,71.57,74.33,22.0,84.58,82.08,36.88,53.15,87.32
30,55.57,75.13,9.49,66.73,43.42,65.39,45.22,71.59,54.49,65.55,78.52,65.12,69.12,15.52,55.54,53.41,31.32,85.87,56.89,14.87,19.92,72.18,66.73,55.54,75.19,58.18,64.76,39.62,30.15,79.38,0.0,41.48,9.43,25.0,34.48,56.29,40.5,68.73,73.01,43.42,82.15,46.52,43.1,44.15,62.94,70.26,31.62,80.41,49.0,41.23,78.75,37.85,46.1,75.13,28.18,25.63,80.92,55.36,62.63,52.47,25.06,63.15,45.4,19.85,59.03,61.03,5.1,47.04,70.33,17.03
31,60.21,100.17,34.01,96.54,83.19,42.06,59.93,50.54,48.0,40.82,67.19,84.1,87.73,55.44,64.56,44.05,22.36,112.61,26.4,29.02,59.21,86.33,96.54,14.14,86.83,37.34,78.11,78.77,71.39,87.13,41.48,0.0,32.56,65.39,22.14,15.03,72.92,84.5,70.06,70.94,81.06,56.65,65.46,61.77,36.06,87.85,32.2,93.41,14.21,37.85,87.48,57.69,83.76,89.19,65.03,64.03,73.98,32.31,92.85,21.63,66.13,78.19,17.72,60.01,65.51,22.85,46.1,69.34,50.57,57.87
32,56.65,81.74,8.06,74.32,52.8,60.54,48.37,67.42,52.8,60.42,76.69,70.11,74.11,23.02,57.72,50.99,26.08,92.97,50.29,5.83,27.02,76.16,74.32,46.69,78.64,53.54,68.36,48.92,38.83,82.0,9.43,32.56,0.0,34.41,29.15,47.52,48.3,73.03,72.95,50.0,82.76,48.51,48.26,48.04,57.27,75.03,29.21,84.29,41.3,39.2,81.58,42.0,55.17,79.16,33.96,32.25,80.16,50.12,70.26,45.61,34.48,67.12,38.6,29.21,60.73,53.08,13.6,52.35,66.4,25.32
33,58.25,59.41,31.38,48.04,18.44,80.75,44.05,85.15,63.91,81.5,86.31,55.46,59.09,19.65,55.32,64.56,50.36,68.03,76.16,39.82,21.02,65.0,48.04,79.12,69.34,73.55,59.41,15.0,15.62,75.6,25.0,65.39,34.41,0.0,53.24,79.71,23.77,60.9,76.84,31.3,83.63,48.26,36.24,41.04,80.1,60.84,46.1,72.95,70.61,53.15,74.4,35.61,22.36,67.6,28.44,24.33,85.98,72.11,44.01,72.44,3.61,56.86,65.62,5.39,59.67,82.76,21.93,38.83,83.43,16.28
34,38.33,78.82,25.0,76.38,69.12,31.38,38.08,38.42,27.89,31.3,50.12,62.18,65.74,50.0,42.45,24.7,3.16,91.4,23.0,29.73,54.41,64.2,76.38,31.14,64.76,24.41,55.97,64.29,63.39,65.38,34.48,22.14,29.15,53.24,0.0,31.11,54.71,62.39,50.01,51.09,60.83,34.54,44.6,40.22,28.46,65.8,10.63,71.31,18.87,16.03,65.62,36.8,67.78,67.05,62.39,60.08,55.36,21.02,72.92,19.24,55.04,56.08,12.65,48.09,43.57,30.46,39.56,48.27,37.54,51.2
35,65.8,109.64,48.38,107.49,97.17,38.33,68.6,46.69,51.24,36.5,66.03,92.36,95.72,70.46,71.12,46.84,32.65,122.29,22.02,44.05,74.24,93.02,107.49,1.41,92.7,36.06,85.0,92.61,86.31,91.71,56.29,15.03,47.52,79.71,31.11,0.0,85.21,91.79,72.01,82.13,82.87,64.35,75.69,71.06,31.4,95.52,41.73,99.4,13.42,44.42,92.36,67.9,97.13,95.71,80.01,79.06,74.06,31.14,104.0,19.24,80.65,85.59,20.59,74.33,71.18,11.66,61.0,79.31,47.38,72.84
36,43.17,36.01,41.88,26.25,22.83,74.97,28.44,77.1,54.01,76.3,72.78,32.45,35.85,42.01,38.28,56.22,52.7,45.71,75.39,54.12,44.28,42.64,26.25,85.0,47.42,68.45,38.29,18.6,38.48,54.49,40.5,72.92,48.3,23.77,54.71,85.21,0.0,38.42,60.75,9.43,65.37,34.23,17.72,24.52,76.4,37.74,44.72,50.22,73.57,47.54,53.04,22.02,16.28,45.0,52.17,48.05,70.23,68.68,22.14,72.92,27.2,35.38,67.12,25.02,42.72,85.0,40.02,18.36,75.06,39.12
37,26.91,23.77,65.01,32.39,60.14,65.3,25.32,62.97,43.14,67.36,49.04,6.71,6.08,76.22,20.81,47.42,62.3,35.34,74.03,78.01,79.48,4.24,32.39,92.18,9.43,61.52,7.07,56.59,76.32,17.46,68.73,84.5,73.03,60.9,62.39,91.79,38.42,0.0,34.21,29.68,33.06,27.86,25.96,25.0,70.01,4.47,52.5,12.08,78.39,47.41,15.65,31.06,51.86,6.71,88.24,84.17,42.43,64.54,32.28,74.06,64.5,6.32,71.2,60.42,21.93,86.61,70.61,22.47,60.75,74.09
38,18.6,57.97,65.51,65.12,83.38,37.12,33.12,32.02,22.2,39.36,14.87,39.46,40.26,85.63,22.47,26.02,51.66,69.29,50.7,76.06,89.83,32.31,65.12,72.84,28.65,36.4,28.28,78.79,92.01,23.35,73.01,70.06,72.95,76.84,50.01,72.01,60.75,34.21,0.0,51.55,11.0,28.6,43.08,36.67,43.46,38.6,44.38,34.41,59.3,34.79,24.84,41.34,76.84,33.54,99.04,95.46,9.49,41.0,64.0,52.77,80.21,31.14,53.04,74.03,18.03,63.6,76.84,42.72,30.0,84.85
39,34.37,31.78,42.72,25.61,32.25,68.15,20.0,69.58,46.39,69.64,63.95,24.17,27.86,47.85,29.12,49.03,49.52,43.08,70.24,55.66,50.7,33.84,25.61,82.07,38.42,61.98,29.0,28.02,46.65,45.25,43.42,70.94,50.0,31.3,51.09,82.13,9.43,29.68,51.55,0.0,55.95,26.02,9.0,16.0,70.23,29.55,40.61,41.68,69.81,41.63,43.86,15.23,25.3,36.36,59.14,55.03,61.03,62.77,21.93,68.26,34.89,26.17,63.01,31.32,33.53,80.71,44.01,8.94,67.48,45.35
40,26.63,56.14,75.13,65.38,88.19,47.17,39.62,41.18,33.14,49.4,21.26,39.32,39.01,94.02,28.32,37.01,62.37,66.29,61.39,86.16,98.08,30.02,65.38,83.73,25.18,47.07,28.86,83.86,99.09,17.72,82.15,81.06,82.76,83.63,60.83,82.87,65.37,33.06,11.0,55.95,0.0,36.24,48.26,42.64,53.76,37.0,54.71,29.41,70.26,45.35,19.65,48.1,80.96,30.27,107.3,103.59,12.04,51.79,64.94,63.64,87.11,32.02,64.03,81.32,24.04,74.22,85.7,47.01,39.36,92.96
41,10.0,45.97,40.52,46.96,56.04,43.08,6.08,43.74,20.62,44.78,38.9,28.02,31.38,57.8,9.22,23.77,34.48,58.69,48.17,52.77,61.85,29.83,46.96,64.66,31.06,37.59,21.59,51.24,63.41,33.54,46.52,56.65,48.51,48.26,34.54,64.35,34.23,27.86,28.6,26.02,36.24,0.0,17.03,10.05,46.14,31.3,24.74,37.34,51.04,20.0,33.24,13.0,50.49,32.76,71.06,67.36,37.74,39.41,44.38,47.42,51.61,21.54,43.83,45.45,12.53,60.14,49.74,18.68,41.59,56.73
42,25.5,34.89,40.45,32.02,40.31,59.48,11.0,60.67,37.48,61.03,55.11,22.02,26.02,50.33,20.62,40.26,43.42,47.17,62.43,53.6,53.71,29.73,32.02,75.74,33.54,53.49,23.32,35.78,51.86,39.41,43.1,65.46,48.26,36.24,44.6,75.69,17.72,25.96,43.08,9.0,48.26,17.03,0.0,7.0,61.85,27.17,33.97,37.95,62.97,33.62,38.28,7.81,33.96,32.57,62.61,58.59,52.55,54.56,28.84,60.8,39.82,21.02,55.97,34.99,25.08,73.41,44.72,4.12,58.55,48.33
43,18.68,38.6,40.01,37.74,46.82,52.81,4.0,53.76,30.59,54.42,48.27,22.8,26.68,53.24,14.42,33.53,39.45,51.22,56.61,53.01,56.94,28.16,37.74,71.22,31.05,47.01,20.62,42.15,56.57,35.78,44.15,61.77,48.04,41.04,40.22,71.06,24.52,25.0,36.67,16.0,42.64,10.05,7.0,0.0,55.46,27.29,29.68,36.35,58.05,27.8,34.93,6.32,40.79,31.14,66.04,62.13,46.1,48.37,34.89,55.32,44.55,19.1,50.93,39.05,18.87,68.01,46.49,8.94,51.62,51.62
44,43.19,91.4,53.45,93.06,94.34,7.0,51.88,15.3,26.91,5.1,35.13,72.47,75.07,78.45,49.68,22.8,31.62,104.02,9.85,56.94,82.86,70.09,93.06,32.56,68.41,8.6,62.94,89.36,91.41,65.51,62.94,36.06,57.27,80.1,28.46,31.4,76.4,70.01,43.46,70.23,53.76,46.14,61.85,55.46,0.0,74.28,34.01,75.0,21.95,28.86,66.57,55.03,91.41,72.35,90.82,88.54,43.74,8.0,90.34,14.42,82.3,64.44,19.85,75.24,48.08,21.02,68.01,64.4,16.03,79.56
45,31.11,19.42,67.07,28.86,58.73,69.66,28.16,67.42,47.38,71.7,53.45,5.39,2.24,76.92,24.84,51.62,65.55,30.87,78.1,80.16,80.01,7.07,28.86,95.88,12.37,65.76,11.4,55.44,76.06,20.62,70.26,87.85,75.03,60.84,65.8,95.52,37.74,4.47,38.6,29.55,37.0,31.3,27.17,27.29,74.28,0.0,55.71,12.73,82.15,51.11,18.68,33.06,50.21,8.06,88.6,84.5,46.69,68.68,29.15,78.01,64.4,10.0,74.95,60.75,26.25,90.6,71.85,23.35,65.19,74.63
46,30.07,68.24,22.67,65.8,60.67,34.93,27.73,40.31,23.6,35.51,47.51,51.89,55.54,46.53,33.24,21.93,9.85,80.8,31.05,31.76,51.0,54.57,65.8,41.77,55.58,27.66,46.32,55.73,57.97,57.0,31.62,32.2,29.21,46.1,10.63,41.73,44.72,52.5,44.38,40.61,54.71,24.74,33.97,29.68,34.01,55.71,0.0,61.98,29.21,10.0,57.04,26.17,58.52,57.49,59.68,56.82,51.11,26.02,62.37,28.23,48.37,46.17,22.47,41.3,35.0,40.31,36.36,37.64,38.91,47.01
47,33.62,28.44,76.24,40.31,71.45,69.53,36.01,65.8,48.88,71.7,48.88,17.8,14.87,88.26,28.86,53.34,71.59,37.22,80.26,89.09,91.55,8.25,40.31,99.92,6.71,66.85,16.0,68.12,88.32,11.7,80.41,93.41,84.29,72.95,71.31,99.4,50.22,12.08,34.41,41.68,29.41,37.34,37.95,36.35,75.0,12.73,61.98,0.0,86.01,55.66,9.85,42.58,62.94,5.39,100.32,96.25,40.72,70.49,41.18,80.95,76.54,17.26,78.92,72.5,28.23,93.15,82.46,34.54,63.66,86.16
48,52.39,96.54,40.11,94.92,87.28,28.23,55.44,36.77,38.08,26.83,54.59,79.06,82.38,64.12,57.71,33.73,21.02,109.22,12.21,39.29,68.26,79.61,94.92,13.93,79.31,24.33,71.59,82.54,79.06,78.45,49.0,14.21,41.3,70.61,18.87,13.42,73.57,78.39,59.3,69.81,70.26,51.04,62.97,58.05,21.95,82.15,29.21,86.01,0.0,31.06,79.06,55.23,86.41,82.29,75.13,73.55,62.07,19.24,91.55,7.62,72.01,72.2,7.21,65.31,57.78,12.17,54.01,66.47,37.0,66.01
49,22.36,65.8,32.53,65.46,66.01,28.0,24.76,32.02,13.6,29.07,37.54,48.01,51.31,55.76,26.93,12.21,17.12,78.52,28.84,41.68,60.21,48.85,65.46,44.78,49.04,21.1,40.72,61.01,66.13,49.37,41.23,37.85,39.2,53.15,16.03,44.42,47.54,47.41,34.79,41.63,45.35,20.0,33.62,27.8,28.86,51.11,10.0,55.66,31.06,0.0,49.65,26.4,62.65,51.62,69.07,66.04,41.18,21.19,62.43,27.59,55.79,41.18,23.85,48.76,27.66,40.31,45.8,36.62,30.36,55.95
50,27.29,37.01,73.55,47.54,75.29,60.8,33.53,56.59,41.23,63.01,39.12,22.36,20.88,88.1,24.08,45.69,66.27,46.69,72.45,85.99,91.71,11.7,47.54,92.97,6.32,58.67,15.0,71.51,90.0,2.0,78.75,87.48,81.58,74.4,65.62,92.36,53.04,15.65,24.84,43.86,19.65,33.24,38.28,34.93,66.57,18.68,57.04,9.85,79.06,49.65,0.0,41.23,67.2,11.05,100.72,96.75,30.87,62.61,47.76,73.54,78.01,17.69,72.12,73.25,22.09,85.43,81.34,35.61,54.49,86.35
51,22.83,42.54,34.01,39.7,43.17,53.15,8.49,55.08,32.0,54.57,51.87,28.28,32.25,47.01,19.8,34.23,35.61,54.92,55.07,47.1,50.77,34.37,39.7,67.94,37.36,46.84,26.93,38.33,50.99,42.05,37.85,57.69,42.0,35.61,36.8,67.9,22.02,31.06,41.34,15.23,48.1,13.0,7.81,6.32,55.03,33.06,26.17,42.58,55.23,26.4,41.23,0.0,38.05,37.34,59.91,56.04,50.61,47.54,36.4,53.25,39.05,25.32,48.27,33.24,24.08,65.8,40.16,11.66,53.04,45.49
52,59.44,42.54,50.45,29.12,8.94,90.45,44.72,93.01,70.03,91.66,89.05,45.34,48.08,41.79,54.41,72.03,65.39,48.66,89.56,60.88,42.45,56.08,29.12,96.75,61.22,83.73,53.0,8.06,32.0,68.82,46.1,83.76,55.17,22.36,67.78,97.13,16.28,51.86,76.84,25.3,80.96,50.49,33.96,40.79,91.41,50.21,58.52,62.94,86.41,62.65,67.2,38.05,0.0,58.05,48.26,44.41,86.33,83.55,25.63,86.65,24.35,49.93,80.41,26.63,58.82,98.23,43.83,34.18,91.0,38.28
53,30.02,26.0,71.11,36.69,66.47,67.18,31.02,64.03,45.8,69.31,48.33,12.73,10.3,82.87,24.7,50.22,67.19,36.14,77.1,84.02,86.16,3.0,36.69,96.18,5.1,64.03,11.18,63.03,83.01,13.04,75.13,89.19,79.16,67.6,67.05,95.71,45.0,6.71,33.54,36.36,30.27,32.76,32.57,31.14,72.35,8.06,57.49,5.39,82.29,51.62,11.05,37.34,58.05,0.0,94.94,90.87,40.8,67.42,37.16,77.52,71.2,12.04,75.15,67.12,24.7,89.89,77.13,29.15,61.85,80.78
54,80.81,87.82,37.58,76.06,41.0,93.52,68.24,99.76,82.01,93.62,105.89,83.22,86.98,13.45,79.4,81.27,59.24,96.05,84.2,36.12,9.22,92.2,76.06,79.0,96.15,86.33,85.88,40.2,16.76,101.71,28.18,65.03,33.96,28.44,62.39,80.01,52.17,88.24,99.04,59.14,107.3,71.06,62.61,66.04,90.82,88.6,59.68,100.32,75.13,69.07,100.72,59.91,48.26,94.94,0.0,4.12,107.49,83.38,72.11,79.56,25.18,83.63,72.53,27.86,83.41,86.7,23.32,65.8,98.49,14.42
55,77.16,83.73,35.11,72.03,37.36,91.0,64.4,97.05,78.82,91.18,102.62,79.12,82.87,10.3,75.6,78.23,56.92,92.02,82.23,35.01,5.83,88.14,72.03,78.1,92.13,83.77,81.88,36.35,13.42,97.75,25.63,64.03,32.25,24.33,60.08,79.06,48.05,84.17,95.46,55.03,103.59,67.36,58.59,62.13,88.54,84.5,56.82,96.25,73.55,66.04,96.75,56.04,44.41,90.87,4.12,0.0,104.0,80.99,68.07,77.67,21.1,79.61,70.61,23.77,79.65,85.29,20.62,61.74,95.71,10.63
56,27.78,66.1,73.01,74.01,92.85,36.88,42.49,30.08,27.73,39.05,9.43,48.09,48.51,94.05,31.95,30.68,57.38,76.92,52.15,82.86,98.31,40.02,74.01,75.03,35.74,38.01,37.01,88.24,101.02,29.07,80.92,73.98,80.16,85.98,55.36,74.06,70.23,42.43,9.49,61.03,12.04,37.74,52.55,46.1,43.74,46.69,51.11,40.72,62.07,41.18,30.87,50.61,86.33,40.8,107.49,104.0,0.0,43.0,73.06,55.0,89.31,40.0,56.44,83.01,27.51,64.63,84.96,52.2,28.46,93.43
57,37.64,85.15,45.88,86.09,86.37,10.63,44.94,18.6,21.63,10.3,35.36,66.48,69.31,70.84,43.86,17.2,24.17,97.84,9.85,50.22,75.27,65.0,86.09,32.06,63.81,5.1,57.49,81.39,83.55,61.74,55.36,32.31,50.12,72.11,21.02,31.14,68.68,64.54,41.0,62.77,51.79,39.41,54.56,48.37,8.0,68.68,26.02,70.49,19.24,21.19,62.61,47.54,83.55,67.42,83.38,80.99,43.0,0.0,83.24,12.0,74.33,58.73,14.76,67.27,42.8,22.85,60.41,57.31,18.36,71.84
58,50.22,17.0,63.53,4.12,34.54,87.46,38.48,87.64,64.85,89.16,78.16,25.71,26.93,63.29,43.74,68.15,71.42,24.02,91.27,76.06,65.03,36.06,4.12,103.97,41.44,81.86,36.22,32.98,56.72,49.65,62.63,92.85,70.26,44.01,72.92,104.0,22.14,32.28,64.0,21.93,64.94,44.38,28.84,34.89,90.34,29.15,62.37,41.18,91.55,62.43,47.76,36.4,25.63,37.16,72.11,68.07,73.06,83.24,0.0,89.63,47.01,33.14,84.65,46.39,47.38,102.2,62.1,25.94,85.44,60.13
59,47.51,93.35,43.19,92.8,88.29,20.62,52.35,29.15,32.31,19.24,47.27,75.29,78.41,67.9,53.25,27.86,22.09,106.08,5.0,44.38,72.18,74.95,92.8,20.1,74.24,17.03,67.12,83.43,82.1,72.8,52.47,21.63,45.61,72.44,19.24,19.24,72.92,74.06,52.77,68.26,63.64,47.42,60.8,55.32,14.42,78.01,28.23,80.95,7.62,27.59,73.54,53.25,86.65,77.52,79.56,77.67,55.0,12.0,89.63,0.0,74.17,68.01,7.07,67.27,52.84,12.73,57.56,64.03,29.41,69.46
60,61.61,62.65,32.28,51.0,19.21,83.19,47.51,87.8,66.85,83.86,89.47,59.03,62.65,17.46,58.8,67.36,52.09,71.0,78.03,39.66,18.25,68.6,51.0,80.01,72.95,75.95,63.01,16.55,12.04,79.2,25.06,66.13,34.48,3.61,55.04,80.65,27.2,64.5,80.21,34.89,87.11,51.61,39.82,44.55,82.3,64.4,48.37,76.54,72.01,55.79,78.01,39.05,24.35,71.2,25.18,21.1,89.31,74.33,47.01,74.17,0.0,60.46,67.27,7.07,63.13,84.17,21.4,42.44,86.13,13.93
61,21.26,27.73,59.08,34.01,57.8,60.0,19.1,58.18,37.54,62.01,45.71,8.54,10.63,71.31,14.87,41.73,55.97,39.96,68.12,72.01,74.73,9.06,34.01,85.96,12.53,55.9,3.16,53.91,72.42,19.1,63.15,78.19,67.12,56.86,56.08,85.59,35.38,6.32,31.14,26.17,32.02,21.54,21.02,19.1,64.44,10.0,46.17,17.26,72.2,41.18,17.69,25.32,49.93,12.04,83.63,79.61,40.0,58.73,33.14,68.01,60.46,0.0,65.0,55.95,16.64,80.6,65.25,18.03,55.95,69.35
62,45.31,89.38,36.12,87.97,81.74,25.0,48.27,33.29,31.4,24.08,49.48,71.85,75.17,60.83,50.54,27.17,15.3,102.07,11.7,37.58,65.12,72.45,87.97,21.02,72.24,19.7,64.41,76.92,75.06,71.57,45.4,17.72,38.6,65.62,12.65,20.59,67.12,71.2,53.04,63.01,64.03,43.83,55.97,50.93,19.85,74.95,22.47,78.92,7.21,23.85,72.12,48.27,80.41,75.15,72.53,70.61,56.44,14.76,84.65,7.07,67.27,65.0,0.0,60.41,50.7,17.89,50.49,59.41,33.12,62.39
63,55.44,61.03,26.0,50.49,23.6,76.12,41.73,80.78,60.01,76.79,82.86,55.36,59.14,17.0,53.04,60.41,45.18,70.35,71.06,34.71,19.42,64.4,50.49,73.74,68.48,68.88,58.31,19.8,18.03,74.33,19.85,60.01,29.21,5.39,48.09,74.33,25.02,60.42,74.03,31.32,81.32,45.45,34.99,39.05,75.24,60.75,41.3,72.5,65.31,48.76,73.25,33.24,26.63,67.12,27.86,23.77,83.01,67.27,46.39,67.27,7.07,55.95,60.41,0.0,57.28,77.47,17.2,38.01,79.12,14.14
64,5.39,44.29,52.81,49.03,65.39,43.42,15.62,41.59,21.26,45.45,31.02,25.06,27.2,70.21,4.47,25.61,44.18,56.6,52.43,64.76,74.2,22.2,49.03,71.69,21.54,39.62,14.87,60.84,75.07,22.0,59.03,65.51,60.73,59.67,43.57,71.18,42.72,21.93,18.03,33.53,24.04,12.53,25.08,18.87,48.08,26.25,35.0,28.23,57.78,27.66,22.09,24.08,58.82,24.7,83.41,79.65,27.51,42.8,47.38,52.84,63.13,16.64,50.7,57.28,0.0,65.19,62.27,24.74,39.36,69.03
65,59.91,106.08,52.24,105.42,99.33,28.02,65.07,36.06,44.29,26.0,56.14,87.97,91.05,76.03,65.8,39.82,32.89,118.8,13.0,50.64,80.1,87.37,105.42,13.04,86.45,27.2,79.63,94.56,91.14,84.58,61.03,22.85,53.08,82.76,30.46,11.66,85.0,86.61,63.6,80.71,74.22,60.14,73.41,68.01,21.02,90.6,40.31,93.15,12.17,40.31,85.43,65.8,98.23,89.89,86.7,85.29,64.63,22.85,102.2,12.73,84.17,80.6,17.89,77.47,65.19,0.0,66.01,76.69,37.0,78.01
66,59.08,75.43,14.56,66.22,40.31,70.38,47.93,76.48,58.9,70.58,82.88,66.61,70.58,10.44,58.59,58.01,36.4,85.7,61.98,18.36,14.87,74.22,66.22,60.21,77.49,63.16,67.05,36.88,25.32,82.08,5.1,46.1,13.6,21.93,39.56,61.0,40.02,70.61,76.84,44.01,85.7,49.74,44.72,46.49,68.01,71.85,36.36,82.46,54.01,45.8,81.34,40.16,43.83,77.13,23.32,20.62,84.96,60.41,62.1,57.56,21.4,65.25,50.49,17.2,62.27,66.01,0.0,48.51,75.18,12.0
67,26.02,30.89,44.55,28.84,41.18,61.68,12.65,62.37,39.29,63.32,55.44,18.11,22.09,53.76,20.4,42.38,47.2,43.27,65.46,57.71,57.01,26.4,28.84,79.4,30.53,55.95,20.62,36.89,54.41,36.88,47.04,69.34,52.35,38.83,48.27,79.31,18.36,22.47,42.72,8.94,47.01,18.68,4.12,8.94,64.4,23.35,37.64,34.54,66.47,36.62,35.61,11.66,34.18,29.15,65.8,61.74,52.2,57.31,25.94,64.03,42.44,18.03,59.41,38.01,24.74,76.69,48.51,0.0,60.21,51.62
68,35.47,83.65,61.06,87.6,95.34,9.06,47.68,2.24,21.1,11.0,19.42,64.41,66.37,85.42,42.15,19.1,40.46,95.88,25.5,67.27,89.89,60.0,87.6,48.51,57.38,13.6,53.85,90.35,96.46,53.15,70.33,50.57,66.4,83.43,37.54,47.38,75.06,60.75,30.0,67.48,39.36,41.59,58.55,51.62,16.03,65.19,38.91,63.66,37.0,30.36,54.49,53.04,91.0,61.85,98.49,95.71,28.46,18.36,85.44,29.41,86.13,55.95,33.12,79.12,39.36,37.0,75.18,60.21,0.0,85.91
69,66.53,75.11,26.31,64.2,32.76,81.6,53.82,87.32,68.51,81.91,92.2,69.26,73.08,3.61,65.0,68.1,48.05,84.15,73.82,29.41,5.39,78.0,64.2,72.01,81.86,74.33,71.55,30.46,13.6,87.32,17.03,57.87,25.32,16.28,51.2,72.84,39.12,74.09,84.85,45.35,92.96,56.73,48.33,51.62,79.56,74.63,47.01,86.16,66.01,55.95,86.35,45.49,38.28,80.78,14.42,10.63,93.43,71.84,60.13,69.46,13.93,69.35,62.39,14.14,69.03,78.01,12.0,51.62,85.91,0.0
