vehicles
vehicle_idx, capacity, cost_per_unit_distance
1,100,3
2,100,3
3,100,3
4,100,3
5,100,3
6,100,3
7,100,3
depot
node_idx,x,y
0,61,5
home delivery customers
node_idx,x,y,service_time,demand
1,85,53,10,24
2,87,15,10,2
3,49,39,10,19
4,87,23,10,10
5,19,83,10,17
6,69,87,10,20
7,89,7,10,2
8,21,83,10,19
9,43,93,10,23
10,75,25,10,5
11,23,57,10,13
12,49,3,10,7
13,41,37,10,2
14,31,13,10,2
15,69,33,10,2
16,15,19,10,3
17,85,69,10,4
18,85,31,10,10
19,5,33,10,5
self pickup customers
node_idx,x,y,service_time,demand,locker_idxs
20,17,57,10,9,59-61-1
21,49,93,10,15,58-1
22,69,11,10,17,56-0
23,69,43,10,16,62-0
24,49,67,10,8,62-1
25,21,53,10,23,59
26,1,43,10,12,57-61-59
27,81,69,10,9,58-0
28,81,15,10,18,60-0
29,71,91,10,8,60-1
30,65,75,10,18,60-62
31,91,27,10,9,58-0
32,9,85,10,19,56-1
33,1,13,10,22,59
34,1,83,10,13,56-1
35,51,11,10,9,59
36,51,85,10,36,60-1
flexible customers
node_idx,x,y,service_time,demand,locker_idxs
37,17,61,10,12,57-61-59-1
38,45,61,10,3,56-1
39,71,37,10,4,62-56
40,53,23,10,23,60-0
41,77,63,10,20,60-58-62-56
42,77,25,10,2,56-0
43,85,95,10,23,60-1
44,7,7,10,15,57
45,77,35,10,16,58-62-56
46,21,93,10,6,60-1
47,91,47,10,4,62-58
48,13,69,10,13,61-57-1
49,7,37,10,14,59-61-57-1
50,61,11,10,19,58
51,59,83,10,21,60-1
52,15,29,10,6,57-61-59-1
53,95,25,10,18,57-0
lockers
node_idx,x,y,service_time,capacity,cost_per_unit_good
54,93,12,10,83
55,22,88,10,80
56,62,49,10,94
57,15,54,10,89
58,94,52,10,75
59,15,39,10,97
60,76,79,10,79
61,15,50,10,78
62,72,57,10,78
mrt lines
start_node_idx,end_node_idx,freight_capacity,cost_per_unit_good
distance matrix
,0,1,2,3,4,5,6,7,8,9,10,11,12,13,14,15,16,17,18,19,20,21,22,23,24,25,26,27,28,29,30,31,32,33,34,35,36,37,38,39,40,41,42,43,44,45,46,47,48,49,50,51,52,53,54,55,56,57,58,59,60,61,62,
0,0.0,53.67,27.86,36.06,31.62,88.59,82.39,28.07,87.66,89.82,24.41,64.4,12.17,37.74,31.05,29.12,48.08,68.35,35.38,62.61,68.12,88.81,10.0,38.83,63.15,62.48,71.02,67.05,22.36,86.58,70.11,37.2,95.41,60.53,98.41,11.66,80.62,71.22,58.24,33.53,19.7,60.17,25.61,93.15,54.04,34.0,96.66,51.61,80.0,62.77,6.0,78.03,51.88,39.45,32.76,91.71,44.01,67.21,57.43,57.2,75.5,64.35,53.15
1,53.67,0.0,38.05,38.63,30.07,72.5,37.58,46.17,70.68,58.0,29.73,62.13,61.61,46.82,67.2,25.61,77.82,16.0,22.0,82.46,68.12,53.81,44.94,18.87,38.63,64.0,84.59,16.49,38.21,40.5,29.73,26.68,82.46,93.04,89.2,54.04,46.69,68.47,40.79,21.26,43.86,12.81,29.12,42.0,90.55,19.7,75.47,8.49,73.76,79.62,48.37,39.7,74.0,29.73,41.77,72.07,23.35,70.01,9.06,71.39,27.51,70.06,13.6
2,27.86,38.05,0.0,44.94,8.0,96.17,74.22,8.25,94.76,89.55,15.62,76.55,39.85,50.99,56.04,25.46,72.11,54.04,16.12,83.95,81.63,86.76,18.44,33.29,64.4,76.16,90.44,54.33,6.0,77.67,63.91,12.65,104.8,86.02,109.64,36.22,78.71,83.76,62.29,27.2,34.93,49.03,14.14,80.02,80.4,22.36,102.18,32.25,91.61,82.97,26.31,73.54,73.35,12.81,6.71,97.74,42.2,81.88,37.66,75.89,64.94,80.06,44.6
3,36.06,38.63,44.94,0.0,41.23,53.25,52.0,51.22,52.15,54.33,29.53,31.62,36.0,8.25,31.62,20.88,39.45,46.86,36.88,44.41,36.72,54.0,34.41,20.4,28.0,31.3,48.17,43.86,40.0,56.46,39.4,43.68,60.96,54.59,65.12,28.07,46.04,38.83,22.36,22.09,16.49,36.88,31.3,66.57,52.8,28.28,60.83,42.76,46.86,42.05,30.46,45.12,35.44,48.08,51.62,55.95,16.4,37.16,46.84,34.0,48.26,35.74,29.21
4,31.62,30.07,8.0,41.23,0.0,90.69,66.48,16.12,89.2,82.68,12.17,72.47,42.94,48.08,56.89,20.59,72.11,46.04,8.25,82.61,77.82,79.65,21.63,26.91,58.14,72.5,88.29,46.39,10.0,69.86,56.46,5.66,99.64,86.58,104.86,37.95,71.69,79.65,56.64,21.26,34.0,41.23,10.2,72.03,81.58,15.62,96.21,24.33,87.13,81.22,28.64,66.21,72.25,8.25,12.53,91.92,36.07,78.39,29.83,73.76,57.07,76.9,37.16
5,88.59,72.5,96.17,53.25,90.69,0.0,50.16,103.32,2.0,26.0,80.62,26.31,85.44,50.99,71.02,70.71,64.12,67.47,84.02,51.92,26.08,31.62,87.66,64.03,34.0,30.07,43.86,63.56,92.02,52.61,46.69,91.21,10.2,72.28,18.0,78.79,32.06,22.09,34.06,69.43,68.96,61.35,82.02,67.08,76.94,75.29,10.2,80.5,15.23,47.54,83.35,40.0,54.15,95.6,102.55,5.83,54.82,29.27,81.15,44.18,57.14,33.24,59.03
6,82.39,37.58,74.22,52.0,66.48,50.16,0.0,82.46,48.17,26.68,62.29,54.92,86.35,57.31,83.19,54.0,86.83,24.08,58.24,83.74,60.03,20.88,76.0,44.0,28.28,58.82,80.99,21.63,72.99,4.47,12.65,63.91,60.03,100.5,68.12,78.1,18.11,58.14,35.38,50.04,65.97,25.3,62.51,17.89,101.21,52.61,48.37,45.65,58.82,79.65,76.42,10.77,79.25,67.23,78.75,47.01,38.64,63.29,43.01,72.25,10.63,65.46,30.15
7,28.07,46.17,8.25,51.22,16.12,103.32,82.46,0.0,101.98,97.53,22.8,82.8,40.2,56.6,58.31,32.8,74.97,62.13,24.33,87.93,87.66,94.85,20.4,41.18,72.11,82.1,95.08,62.51,11.31,85.91,72.11,20.1,111.73,88.2,116.28,38.21,86.76,90.0,69.66,34.99,39.4,57.27,21.63,88.09,82.0,30.46,109.64,40.05,98.08,87.32,28.28,81.71,77.2,18.97,6.4,105.12,49.93,87.66,45.28,80.62,73.16,85.59,52.81
8,87.66,70.68,94.76,52.15,89.2,2.0,48.17,101.98,0.0,24.17,79.25,26.08,84.76,50.16,70.71,69.31,64.28,65.51,82.46,52.5,26.31,29.73,86.53,62.48,32.25,30.0,44.72,61.61,90.69,50.64,44.72,89.64,12.17,72.8,20.0,78.0,30.07,22.36,32.56,67.94,68.0,59.46,80.62,65.12,77.28,73.76,10.0,78.71,16.12,48.08,82.37,38.0,54.33,94.02,101.12,5.1,53.26,29.61,79.31,44.41,55.15,33.54,57.25
9,89.82,58.0,89.55,54.33,82.68,26.0,26.68,97.53,24.17,0.0,75.15,41.18,90.2,56.04,80.89,65.39,79.12,48.37,74.89,71.02,44.41,6.0,86.02,56.36,26.68,45.65,65.3,44.94,86.76,28.07,28.43,81.61,34.93,90.35,43.17,82.39,11.31,41.23,32.06,62.61,70.71,45.34,76.03,42.05,93.23,67.23,22.0,66.48,38.42,66.57,83.95,18.87,69.86,85.6,95.19,21.59,47.93,48.01,65.44,60.83,35.85,51.31,46.23
10,24.41,29.73,15.62,29.53,12.17,80.62,62.29,22.8,79.25,75.15,0.0,61.06,34.06,36.06,45.61,10.0,60.3,45.12,11.66,70.46,66.24,72.8,15.23,18.97,49.4,60.83,76.16,44.41,11.66,66.12,50.99,16.12,89.2,74.97,94.02,27.78,64.62,68.26,46.86,12.65,22.09,38.05,2.0,70.71,70.34,10.2,86.83,27.2,76.03,69.05,19.8,60.17,60.13,20.0,22.2,82.33,27.29,66.64,33.02,61.61,54.01,65.0,32.14
11,64.4,62.13,76.55,31.62,72.47,26.31,54.92,82.8,26.08,41.18,61.06,0.0,59.93,26.91,44.72,51.88,38.83,63.15,67.23,30.0,6.0,44.41,65.05,48.08,27.86,4.47,26.08,59.23,71.61,58.82,45.69,74.32,31.3,49.19,34.06,53.85,39.6,7.21,22.36,52.0,45.34,54.33,62.77,72.72,52.5,58.31,36.06,68.73,15.62,25.61,59.67,44.41,29.12,78.79,83.22,31.02,39.81,8.54,71.18,19.7,57.38,10.63,49.0
12,12.17,61.61,39.85,36.0,42.94,85.44,86.35,40.2,84.76,90.2,34.06,59.93,0.0,34.93,20.59,36.06,37.58,75.18,45.61,53.25,62.77,90.0,21.54,44.72,64.0,57.31,62.48,73.35,34.18,90.71,73.76,48.37,91.24,49.03,93.3,8.25,82.02,66.24,58.14,40.5,20.4,66.21,35.61,98.79,42.19,42.52,94.25,60.83,75.18,54.04,14.42,80.62,42.8,50.99,44.91,89.19,47.8,61.29,66.53,49.52,80.65,58.01,58.69
13,37.74,46.82,50.99,8.25,48.08,50.99,57.31,56.6,50.16,56.04,36.06,26.91,34.93,0.0,26.0,28.28,31.62,54.41,44.41,36.22,31.24,56.57,38.21,28.64,31.05,25.61,40.45,51.22,45.65,61.77,44.94,50.99,57.69,46.65,60.96,27.86,49.03,33.94,24.33,30.0,18.44,44.41,37.95,72.8,45.34,36.06,59.46,50.99,42.52,34.0,32.8,49.4,27.2,55.32,57.7,54.42,24.19,31.06,55.08,26.08,54.67,29.07,36.89
14,31.05,67.2,56.04,31.62,56.89,71.02,83.19,58.31,70.71,80.89,45.61,44.72,20.59,26.0,0.0,42.94,17.09,77.79,56.92,32.8,46.17,82.0,38.05,48.41,56.92,41.23,42.43,75.07,50.04,87.66,70.71,61.61,75.29,30.0,76.16,20.1,74.73,50.0,50.0,46.65,24.17,67.94,47.54,98.18,24.74,50.99,80.62,68.96,58.82,33.94,30.07,75.39,22.63,65.12,62.01,75.54,47.51,44.01,74.09,30.53,79.88,40.31,60.14
15,29.12,25.61,25.46,20.88,20.59,70.71,54.0,32.8,69.31,65.39,10.0,51.88,36.06,28.28,42.94,0.0,55.79,39.4,16.12,64.0,57.27,63.25,22.0,10.0,39.45,52.0,68.73,37.95,21.63,58.03,42.19,22.8,79.4,70.88,84.4,28.43,55.03,59.06,36.88,4.47,18.87,31.05,11.31,64.03,67.23,8.25,76.84,26.08,66.57,62.13,23.41,50.99,54.15,27.2,31.89,72.35,17.46,57.94,31.4,54.33,46.53,56.61,24.19
16,48.08,77.82,72.11,39.45,72.11,64.12,86.83,74.97,64.28,79.12,60.3,38.83,37.58,31.62,17.09,55.79,0.0,86.02,71.02,17.2,38.05,81.44,54.59,59.09,58.82,34.53,27.78,82.8,66.12,91.21,75.07,76.42,66.27,15.23,65.51,36.88,75.18,42.05,51.61,58.82,38.21,76.03,62.29,103.32,14.42,64.03,74.24,80.99,50.04,19.7,46.69,77.67,10.0,80.22,78.31,69.35,55.76,35.0,85.62,20.0,85.56,31.0,68.51
17,68.35,16.0,54.04,46.86,46.04,67.47,24.08,62.13,65.51,48.37,45.12,63.15,75.18,54.41,77.79,39.4,86.02,0.0,38.0,87.73,69.05,43.27,60.17,30.53,36.06,65.97,87.93,4.0,54.15,26.08,20.88,42.43,77.67,100.96,85.16,67.23,37.58,68.47,40.79,34.93,56.04,10.0,44.72,26.0,99.64,34.93,68.35,22.8,72.0,84.31,62.77,29.53,80.62,45.12,57.56,65.8,30.48,71.59,19.24,76.16,13.45,72.53,17.69
18,35.38,22.0,16.12,36.88,8.25,84.02,58.24,24.33,82.46,74.89,11.66,67.23,45.61,44.41,56.92,16.12,71.02,38.0,0.0,80.02,72.8,71.69,25.61,20.0,50.91,67.68,84.85,38.21,16.49,61.61,48.33,7.21,93.23,85.91,98.79,39.45,63.81,74.32,50.0,15.23,32.98,32.98,10.0,64.0,81.61,8.94,89.11,17.09,81.41,78.23,31.24,58.14,70.03,11.66,20.62,84.96,29.21,73.68,22.85,70.46,48.84,72.53,29.07
19,62.61,82.46,83.95,44.41,82.61,51.92,83.74,87.93,52.5,71.02,70.46,30.0,53.25,36.22,32.8,64.0,17.2,87.73,80.02,0.0,26.83,74.4,67.68,64.78,55.61,25.61,10.77,84.1,78.1,87.86,73.24,86.21,52.15,20.4,50.16,50.99,69.43,30.46,48.83,66.12,49.03,78.0,72.44,101.21,26.08,72.03,62.1,87.13,36.88,4.47,60.17,73.59,10.77,90.35,90.47,57.57,59.2,23.26,91.01,11.66,84.6,19.72,71.17
20,68.12,68.12,81.63,36.72,77.82,26.08,60.03,87.66,26.31,44.41,66.24,6.0,62.77,31.24,46.17,57.27,38.05,69.05,72.8,26.83,0.0,48.17,69.43,53.85,33.53,5.66,21.26,65.12,76.55,63.81,51.26,79.85,29.12,46.82,30.53,57.2,44.05,4.0,28.28,57.58,49.52,60.3,68.0,77.9,50.99,63.91,36.22,74.67,12.65,22.36,63.66,49.4,28.07,84.31,88.32,31.4,45.71,3.61,77.16,18.11,62.97,7.28,55.0
21,88.81,53.81,86.76,54.0,79.65,31.62,20.88,94.85,29.73,6.0,72.8,44.41,90.0,56.57,82.0,63.25,81.44,43.27,71.69,74.4,48.17,0.0,84.4,53.85,26.0,48.83,69.31,40.0,84.31,22.09,24.08,78.23,40.79,93.3,49.03,82.02,8.25,45.25,32.25,60.17,70.11,41.04,73.54,36.06,95.71,64.4,28.0,62.29,43.27,70.0,82.87,14.14,72.47,82.1,92.18,27.46,45.88,51.74,60.88,63.81,30.41,54.82,42.72
22,10.0,44.94,18.44,34.41,21.63,87.66,76.0,20.4,86.53,86.02,15.23,65.05,21.54,38.21,38.05,22.0,54.59,60.17,25.61,67.68,69.43,84.4,0.0,32.0,59.46,63.78,75.15,59.23,12.65,80.02,64.12,27.2,95.27,68.03,99.04,18.0,76.16,72.14,55.46,26.08,20.0,52.61,16.12,85.51,62.13,25.3,95.02,42.19,80.62,67.23,8.0,72.69,56.92,29.53,24.02,90.21,38.64,69.03,48.02,60.83,68.36,66.61,46.1
23,38.83,18.87,33.29,20.4,26.91,64.03,44.0,41.18,62.48,56.36,18.97,48.08,44.72,28.64,48.41,10.0,59.09,30.53,20.0,64.78,53.85,53.85,32.0,0.0,31.24,49.03,68.0,28.64,30.46,48.04,32.25,27.2,73.24,74.32,78.89,36.72,45.69,55.03,30.0,6.32,25.61,21.54,19.7,54.41,71.69,11.31,69.31,22.36,61.74,62.29,32.98,41.23,55.79,31.62,39.2,65.07,9.22,55.11,26.57,54.15,36.67,54.45,14.32
24,63.15,38.63,64.4,28.0,58.14,34.0,28.28,72.11,32.25,26.68,49.4,27.86,64.0,31.05,56.92,39.45,58.82,36.06,50.91,55.61,33.53,26.0,59.46,31.24,0.0,31.3,53.67,32.06,61.06,32.56,17.89,58.0,43.86,72.25,50.6,56.04,18.11,32.56,7.21,37.2,44.18,28.28,50.48,45.61,73.24,42.52,38.21,46.52,36.06,51.61,57.27,18.87,50.99,62.29,70.43,34.21,22.2,36.4,47.43,44.05,29.55,38.01,25.08
25,62.48,64.0,76.16,31.3,72.5,30.07,58.82,82.1,30.0,45.65,60.83,4.47,57.31,25.61,41.23,52.0,34.53,65.97,67.68,25.61,5.66,48.83,63.78,49.03,31.3,0.0,22.36,62.1,71.02,62.8,49.19,74.67,34.18,44.72,36.06,51.61,43.86,8.94,25.3,52.5,43.86,56.89,62.61,76.55,48.08,58.82,40.0,70.26,17.89,21.26,58.0,48.41,24.74,79.12,82.86,35.01,41.19,6.08,73.01,15.23,60.84,6.71,51.16
26,71.02,84.59,90.44,48.17,88.29,43.86,80.99,95.08,44.72,65.3,76.16,26.08,62.48,40.45,42.43,68.73,27.78,87.93,84.85,10.77,21.26,69.31,75.15,68.0,53.67,22.36,0.0,84.12,84.76,84.88,71.55,91.41,42.76,30.0,40.0,59.36,65.3,24.08,47.54,70.26,55.71,78.59,78.1,98.79,36.5,76.42,53.85,90.09,28.64,8.49,68.0,70.46,19.8,95.71,97.08,49.66,61.29,17.8,93.43,14.56,83.19,15.65,72.37
27,67.05,16.49,54.33,43.86,46.39,63.56,21.63,62.51,61.61,44.94,44.41,59.23,73.35,51.22,75.07,37.95,82.8,4.0,38.21,84.1,65.12,40.0,59.23,28.64,32.06,62.1,84.12,0.0,54.0,24.17,17.09,43.17,73.76,97.65,81.22,65.3,34.0,64.5,36.88,33.53,53.85,7.21,44.18,26.31,96.54,34.23,64.62,24.17,68.0,80.62,61.35,26.08,77.18,46.17,58.25,61.98,27.59,67.68,21.4,72.5,11.18,68.68,15.0
28,22.36,38.21,6.0,40.0,10.0,92.02,72.99,11.31,90.69,86.76,11.66,71.61,34.18,45.65,50.04,21.63,66.12,54.15,16.49,78.1,76.55,84.31,12.65,30.46,61.06,71.02,84.76,54.0,0.0,76.66,62.1,15.62,100.42,80.02,105.0,30.27,76.16,78.82,58.41,24.17,29.12,48.17,10.77,80.1,74.43,20.4,98.41,33.53,86.83,77.2,20.4,71.47,67.47,17.2,12.37,93.86,38.95,76.66,39.22,70.23,64.2,74.71,42.95
29,86.58,40.5,77.67,56.46,69.86,52.61,4.47,85.91,50.64,28.07,66.12,58.82,90.71,61.77,87.66,58.03,91.21,26.08,61.61,87.86,63.81,22.09,80.02,48.04,32.56,62.8,84.88,24.17,76.66,0.0,17.09,67.05,62.29,104.8,70.46,82.46,20.88,61.77,39.7,54.0,70.34,28.64,66.27,14.56,105.6,56.32,50.04,48.33,62.03,83.74,80.62,14.42,83.55,70.23,82.01,49.09,42.95,67.12,45.28,76.42,13.0,69.4,34.01
30,70.11,29.73,63.91,39.4,56.46,46.69,12.65,72.11,44.72,28.43,50.99,45.69,73.76,44.94,70.71,42.19,75.07,20.88,48.33,73.24,51.26,24.08,64.12,32.25,17.89,49.19,71.55,17.09,62.1,17.09,0.0,54.59,56.89,89.11,64.5,65.51,17.2,50.0,24.41,38.47,53.37,16.97,51.42,28.28,89.38,41.76,47.54,38.21,52.35,69.34,64.12,10.0,67.94,58.31,68.94,44.92,26.17,54.23,37.01,61.61,11.7,55.9,19.31
31,37.2,26.68,12.65,43.68,5.66,91.21,63.91,20.1,89.64,81.61,16.12,74.32,48.37,50.99,61.61,22.8,76.42,42.43,7.21,86.21,79.85,78.23,27.2,27.2,58.0,74.67,91.41,43.17,15.62,67.05,54.59,0.0,100.44,91.08,106.0,43.08,70.46,81.44,57.2,22.36,38.21,38.63,14.14,68.26,86.35,16.12,96.21,20.0,88.59,84.59,34.0,64.5,76.03,4.47,15.13,92.1,36.4,80.65,25.18,76.94,54.12,79.4,35.51
32,95.41,82.46,104.8,60.96,99.64,10.2,60.03,111.73,12.17,34.93,89.2,31.3,91.24,57.69,75.29,79.4,66.27,77.67,93.23,52.15,29.12,40.79,95.27,73.24,43.86,34.18,42.76,73.76,100.42,62.29,56.89,100.44,0.0,72.44,8.25,85.09,42.0,25.3,43.27,78.41,76.03,71.47,90.69,76.66,78.03,84.4,14.42,90.38,16.49,48.04,90.44,50.04,56.32,104.86,111.29,13.34,64.07,31.58,91.18,46.39,67.27,35.51,68.94
33,60.53,93.04,86.02,54.59,86.58,72.28,100.5,88.2,72.8,90.35,74.97,49.19,49.03,46.65,30.0,70.88,15.23,100.96,85.91,20.4,46.82,93.3,68.03,74.32,72.25,44.72,30.0,97.65,80.02,104.8,89.11,91.08,72.44,0.0,70.0,50.04,87.66,50.6,65.12,74.0,52.95,90.97,76.94,117.39,8.49,79.12,82.46,96.21,57.27,24.74,60.03,90.91,21.26,94.76,92.01,77.88,70.83,43.32,100.85,29.53,99.9,39.56,83.53
34,98.41,89.2,109.64,65.12,104.86,18.0,68.12,116.28,20.0,43.17,94.02,34.06,93.3,60.96,76.16,84.4,65.51,85.16,98.79,50.16,30.53,49.03,99.04,78.89,50.6,36.06,40.0,81.22,105.0,70.46,64.5,106.0,8.25,70.0,0.0,87.66,50.04,27.2,49.19,83.76,79.4,78.59,95.6,84.85,76.24,89.89,22.36,96.93,18.44,46.39,93.72,58.0,55.79,110.45,116.21,21.59,69.84,32.2,98.03,46.17,75.11,35.85,75.61
35,11.66,54.04,36.22,28.07,37.95,78.79,78.1,38.21,78.0,82.39,27.78,53.85,8.25,27.86,20.1,28.43,36.88,67.23,39.45,50.99,57.2,82.02,18.0,36.72,56.04,51.61,59.36,65.3,30.27,82.46,65.51,43.08,85.09,50.04,87.66,0.0,74.0,60.46,50.36,32.8,12.17,58.14,29.53,90.62,44.18,35.38,87.32,53.81,69.34,51.11,10.0,72.44,40.25,46.17,42.01,82.28,39.56,56.08,59.41,45.61,72.45,53.08,50.57
36,80.62,46.69,78.71,46.04,71.69,32.06,18.11,86.76,30.07,11.31,64.62,39.6,82.02,49.03,74.73,55.03,75.18,37.58,63.81,69.43,44.05,8.25,76.16,45.69,18.11,43.86,65.3,34.0,76.16,20.88,17.2,70.46,42.0,87.66,50.04,74.0,0.0,41.62,24.74,52.0,62.03,34.06,65.39,35.44,89.55,56.36,31.05,55.17,41.23,65.12,74.67,8.25,66.57,74.4,84.22,29.15,37.64,47.51,54.2,58.41,25.71,50.21,35.0
37,71.22,68.47,83.76,38.83,79.65,22.09,58.14,90.0,22.36,41.23,68.26,7.21,66.24,33.94,50.0,59.06,42.05,68.47,74.32,30.46,4.0,45.25,72.14,55.03,32.56,8.94,24.08,64.5,78.82,61.77,50.0,81.44,25.3,50.6,27.2,60.46,41.62,0.0,28.0,59.09,52.35,60.03,69.97,76.03,54.92,65.39,32.25,75.31,8.94,26.0,66.6,47.41,32.06,85.91,90.43,27.46,46.57,7.28,77.52,22.09,61.68,11.18,55.15
38,58.24,40.79,62.29,22.36,56.64,34.06,35.38,69.66,32.56,32.06,46.86,22.36,58.14,24.33,50.0,36.88,51.61,40.79,50.0,48.83,28.28,32.25,55.46,30.0,7.21,25.3,47.54,36.88,58.41,39.7,24.41,57.2,43.27,65.12,49.19,50.36,24.74,28.0,0.0,35.38,38.83,32.06,48.17,52.5,66.03,41.23,40.0,48.08,32.98,44.94,52.5,26.08,43.86,61.61,68.59,35.47,20.81,30.81,49.82,37.2,35.85,31.95,27.29
39,33.53,21.26,27.2,22.09,21.26,69.43,50.04,34.99,67.94,62.61,12.65,52.0,40.5,30.0,46.65,4.47,58.82,34.93,15.23,66.12,57.58,60.17,26.08,6.32,37.2,52.5,70.26,33.53,24.17,54.0,38.47,22.36,78.41,74.0,83.76,32.8,52.0,59.09,35.38,0.0,22.8,26.68,13.42,59.67,70.68,6.32,75.07,22.36,66.24,64.0,27.86,47.54,56.57,26.83,33.3,70.72,15.0,58.52,27.46,56.04,42.3,57.49,20.02
40,19.7,43.86,34.93,16.49,34.0,68.96,65.97,39.4,68.0,70.71,22.09,45.34,20.4,18.44,24.17,18.87,38.21,56.04,32.98,49.03,49.52,70.11,20.0,25.61,44.18,43.86,55.71,53.85,29.12,70.34,53.37,38.21,76.03,52.95,79.4,12.17,62.03,52.35,38.83,22.8,0.0,46.65,24.08,78.79,48.7,26.83,76.97,44.94,60.96,48.08,14.42,60.3,38.47,42.05,41.48,72.01,27.51,49.04,50.22,41.23,60.54,46.62,38.95
41,60.17,12.81,49.03,36.88,41.23,61.35,25.3,57.27,59.46,45.34,38.05,54.33,66.21,44.41,67.94,31.05,76.03,10.0,32.98,78.0,60.3,41.04,52.61,21.54,28.28,56.89,78.59,7.21,48.17,28.64,16.97,38.63,71.47,90.97,78.59,58.14,34.06,60.03,32.06,26.68,46.65,0.0,38.0,32.98,89.64,28.0,63.53,21.26,64.28,74.67,54.41,26.91,70.71,42.05,53.45,60.42,20.52,62.65,20.25,66.48,16.03,63.35,7.81
42,25.61,29.12,14.14,31.3,10.2,82.02,62.51,21.63,80.62,76.03,2.0,62.77,35.61,37.95,47.54,11.31,62.29,44.72,10.0,72.44,68.0,73.54,16.12,19.7,50.48,62.61,78.1,44.18,10.77,66.27,51.42,14.14,90.69,76.94,95.6,29.53,65.39,69.97,48.17,13.42,24.08,38.0,0.0,70.46,72.28,10.0,88.09,26.08,77.67,71.02,21.26,60.73,62.13,18.0,20.62,83.63,28.3,68.45,31.91,63.56,54.01,66.85,32.39
43,93.15,42.0,80.02,66.57,72.03,67.08,17.89,88.09,65.12,42.05,70.71,72.72,98.79,72.8,98.18,64.03,103.32,26.0,64.0,101.21,77.9,36.06,85.51,54.41,45.61,76.55,98.79,26.31,80.1,14.56,28.28,68.26,76.66,117.39,84.85,90.62,35.44,76.03,52.5,59.67,78.79,32.98,70.46,0.0,117.59,60.53,64.03,48.37,76.55,97.2,87.36,28.64,96.21,70.71,83.38,63.39,51.43,81.12,43.93,89.64,18.36,83.22,40.16
44,54.04,90.55,80.4,52.8,81.58,76.94,101.21,82.0,77.28,93.23,70.34,52.5,42.19,45.34,24.74,67.23,14.42,99.64,81.61,26.08,50.99,95.71,62.13,71.69,73.24,48.08,36.5,96.54,74.43,105.6,89.38,86.35,78.03,8.49,76.24,44.18,89.55,54.92,66.03,70.68,48.7,89.64,72.28,117.59,0.0,75.39,87.13,93.04,62.29,30.0,54.15,92.09,23.41,89.82,86.15,82.38,69.2,47.68,97.95,32.98,99.72,43.74,82.01
45,34.0,19.7,22.36,28.28,15.62,75.29,52.61,30.46,73.76,67.23,10.2,58.31,42.52,36.06,50.99,8.25,64.03,34.93,8.94,72.03,63.91,64.4,25.3,11.31,42.52,58.82,76.42,34.23,20.4,56.32,41.76,16.12,84.4,79.12,89.89,35.38,56.36,65.39,41.23,6.32,26.83,28.0,10.0,60.53,75.39,0.0,80.62,18.44,72.47,70.03,28.84,51.26,62.29,20.59,28.02,76.38,20.52,64.85,24.04,62.13,44.01,63.79,22.56
46,96.66,75.47,102.18,60.83,96.21,10.2,48.37,109.64,10.0,22.0,86.83,36.06,94.25,59.46,80.62,76.84,74.24,68.35,89.11,62.1,36.22,28.0,95.02,69.31,38.21,40.0,53.85,64.62,98.41,50.04,47.54,96.21,14.42,82.46,22.36,87.32,31.05,32.25,40.0,75.07,76.97,63.53,88.09,64.03,87.13,80.62,0.0,83.76,25.3,57.72,91.24,39.29,64.28,100.5,108.37,5.1,60.14,39.46,83.73,54.33,56.75,43.42,62.43
47,51.61,8.49,32.25,42.76,24.33,80.5,45.65,40.05,78.71,66.48,27.2,68.73,60.83,50.99,68.96,26.08,80.99,22.8,17.09,87.13,74.67,62.29,42.19,22.36,46.52,70.26,90.09,24.17,33.53,48.33,38.21,20.0,90.38,96.21,96.93,53.81,55.17,75.31,48.08,22.36,44.94,21.26,26.08,48.37,93.04,18.44,83.76,0.0,81.04,84.59,46.86,48.17,78.1,22.36,35.06,80.26,29.07,76.32,5.83,76.42,35.34,76.06,21.47
48,80.0,73.76,91.61,46.86,87.13,15.23,58.82,98.08,16.12,38.42,76.03,15.62,75.18,42.52,58.82,66.57,50.04,72.0,81.41,36.88,12.65,43.27,80.62,61.74,36.06,17.89,28.64,68.0,86.83,62.03,52.35,88.59,16.49,57.27,18.44,69.34,41.23,8.94,32.98,66.24,60.96,64.28,77.67,76.55,62.29,72.47,25.3,81.04,0.0,32.56,75.29,48.08,40.05,93.06,98.23,21.02,52.92,15.13,82.76,30.07,63.79,19.1,60.21
49,62.77,79.62,82.97,42.05,81.22,47.54,79.65,87.32,48.08,66.57,69.05,25.61,54.04,34.0,33.94,62.13,19.7,84.31,78.23,4.47,22.36,70.0,67.23,62.29,51.61,21.26,8.49,80.62,77.2,83.74,69.34,84.59,48.04,24.74,46.39,51.11,65.12,26.0,44.94,64.0,48.08,74.67,71.02,97.2,30.0,70.03,57.72,84.59,32.56,0.0,59.93,69.43,11.31,88.81,89.56,53.16,56.29,18.79,88.28,8.25,80.78,15.26,68.01
50,6.0,48.37,26.31,30.46,28.64,83.35,76.42,28.28,82.37,83.95,19.8,59.67,14.42,32.8,30.07,23.41,46.69,62.77,31.24,60.17,63.66,82.87,8.0,32.98,57.27,58.0,68.0,61.35,20.4,80.62,64.12,34.0,90.44,60.03,93.72,10.0,74.67,66.6,52.5,27.86,14.42,54.41,21.26,87.36,54.15,28.84,91.24,46.86,75.29,59.93,0.0,72.03,49.4,36.77,32.02,86.31,38.01,62.97,52.63,53.85,69.63,60.31,47.3
51,78.03,39.7,73.54,45.12,66.21,40.0,10.77,81.71,38.0,18.87,60.17,44.41,80.62,49.4,75.39,50.99,77.67,29.53,58.14,73.59,49.4,14.14,72.69,41.23,18.87,48.41,70.46,26.08,71.47,14.42,10.0,64.5,50.04,90.91,58.0,72.44,8.25,47.41,26.08,47.54,60.3,26.91,60.73,28.64,92.09,51.26,39.29,48.17,48.08,69.43,72.03,0.0,69.66,68.26,78.72,37.34,34.13,52.7,46.75,62.23,17.46,55.0,29.07
52,51.88,74.0,73.35,35.44,72.25,54.15,79.25,77.2,54.33,69.86,60.13,29.12,42.8,27.2,22.63,54.15,10.0,80.62,70.03,10.77,28.07,72.47,56.92,55.79,50.99,24.74,19.8,77.18,67.47,83.55,67.94,76.03,56.32,21.26,55.79,40.25,66.57,32.06,43.86,56.57,38.47,70.71,62.13,96.21,23.41,62.29,64.28,78.1,40.05,11.31,49.4,69.66,0.0,80.1,79.83,59.41,51.08,25.0,82.28,10.0,78.87,21.0,63.51
53,39.45,29.73,12.81,48.08,8.25,95.6,67.23,18.97,94.02,85.6,20.0,78.79,50.99,55.32,65.12,27.2,80.22,45.12,11.66,90.35,84.31,82.1,29.53,31.62,62.29,79.12,95.71,46.17,17.2,70.23,58.31,4.47,104.86,94.76,110.45,46.17,74.4,85.91,61.61,26.83,42.05,42.05,18.0,70.71,89.82,20.59,100.5,22.36,93.06,88.81,36.77,68.26,80.1,0.0,13.15,96.43,40.8,85.09,27.02,81.22,57.25,83.82,39.41
54,32.76,41.77,6.71,51.62,12.53,102.55,78.75,6.4,101.12,95.19,22.2,83.22,44.91,57.7,62.01,31.89,78.31,57.56,20.62,90.47,88.32,92.18,24.02,39.2,70.43,82.86,97.08,58.25,12.37,82.01,68.94,15.13,111.29,92.01,116.21,42.01,84.22,90.43,68.59,33.3,41.48,53.45,20.62,83.38,86.15,28.02,108.37,35.06,98.23,89.56,32.02,78.72,79.83,13.15,0.0,104.0,48.27,88.59,40.01,82.54,69.12,86.76,49.66
55,91.71,72.07,97.74,55.95,91.92,5.83,47.01,105.12,5.1,21.59,82.33,31.02,89.19,54.42,75.54,72.35,69.35,65.8,84.96,57.57,31.4,27.46,90.21,65.07,34.21,35.01,49.66,61.98,93.86,49.09,44.92,92.1,13.34,77.88,21.59,82.28,29.15,27.46,35.47,70.72,72.01,60.42,83.63,63.39,82.38,76.38,5.1,80.26,21.02,53.16,86.31,37.34,59.41,96.43,104.0,0.0,55.87,34.71,80.5,49.5,54.74,38.64,58.83
56,44.01,23.35,42.2,16.4,36.07,54.82,38.64,49.93,53.26,47.93,27.29,39.81,47.8,24.19,47.51,17.46,55.76,30.48,29.21,59.2,45.71,45.88,38.64,9.22,22.2,41.19,61.29,27.59,38.95,42.95,26.17,36.4,64.07,70.83,69.84,39.56,37.64,46.57,20.81,15.0,27.51,20.52,28.3,51.43,69.2,20.52,60.14,29.07,52.92,56.29,38.01,34.13,51.08,40.8,48.27,55.87,0.0,47.27,32.14,48.05,33.11,47.01,12.81
57,67.21,70.01,81.88,37.16,78.39,29.27,63.29,87.66,29.61,48.01,66.64,8.54,61.29,31.06,44.01,57.94,35.0,71.59,73.68,23.26,3.61,51.74,69.03,55.11,36.4,6.08,17.8,67.68,76.66,67.12,54.23,80.65,31.58,43.32,32.2,56.08,47.51,7.28,30.81,58.52,49.04,62.65,68.45,81.12,47.68,64.85,39.46,76.32,15.13,18.79,62.97,52.7,25.0,85.09,88.59,34.71,47.27,0.0,79.03,15.0,65.92,4.0,57.08
58,57.43,9.06,37.66,46.84,29.83,81.15,43.01,45.28,79.31,65.44,33.02,71.18,66.53,55.08,74.09,31.4,85.62,19.24,22.85,91.01,77.16,60.88,48.02,26.57,47.43,73.01,93.43,21.4,39.22,45.28,37.01,25.18,91.18,100.85,98.03,59.41,54.2,77.52,49.82,27.46,50.22,20.25,31.91,43.93,97.95,24.04,83.73,5.83,82.76,88.28,52.63,46.75,82.28,27.02,40.01,80.5,32.14,79.03,0.0,80.06,32.45,79.03,22.56
59,57.2,71.39,75.89,34.0,73.76,44.18,72.25,80.62,44.41,60.83,61.61,19.7,49.52,26.08,30.53,54.33,20.0,76.16,70.46,11.66,18.11,63.81,60.83,54.15,44.05,15.23,14.56,72.5,70.23,76.42,61.61,76.94,46.39,29.53,46.17,45.61,58.41,22.09,37.2,56.04,41.23,66.48,63.56,89.64,32.98,62.13,54.33,76.42,30.07,8.25,53.85,62.23,10.0,81.22,82.54,49.5,48.05,15.0,80.06,0.0,72.95,11.0,59.77
60,75.5,27.51,64.94,48.26,57.07,57.14,10.63,73.16,55.15,35.85,54.01,57.38,80.65,54.67,79.88,46.53,85.56,13.45,48.84,84.6,62.97,30.41,68.36,36.67,29.55,60.84,83.19,11.18,64.2,13.0,11.7,54.12,67.27,99.9,75.11,72.45,25.71,61.68,35.85,42.3,60.54,16.03,54.01,18.36,99.72,44.01,56.75,35.34,63.79,80.78,69.63,17.46,78.87,57.25,69.12,54.74,33.11,65.92,32.45,72.95,0.0,67.54,22.36
61,64.35,70.06,80.06,35.74,76.9,33.24,65.46,85.59,33.54,51.31,65.0,10.63,58.01,29.07,40.31,56.61,31.0,72.53,72.53,19.72,7.28,54.82,66.61,54.45,38.01,6.71,15.65,68.68,74.71,69.4,55.9,79.4,35.51,39.56,35.85,53.08,50.21,11.18,31.95,57.49,46.62,63.35,66.85,83.22,43.74,63.79,43.42,76.06,19.1,15.26,60.31,55.0,21.0,83.82,86.76,38.64,47.01,4.0,79.03,11.0,67.54,0.0,57.43
62,53.15,13.6,44.6,29.21,37.16,59.03,30.15,52.81,57.25,46.23,32.14,49.0,58.69,36.89,60.14,24.19,68.51,17.69,29.07,71.17,55.0,42.72,46.1,14.32,25.08,51.16,72.37,15.0,42.95,34.01,19.31,35.51,68.94,83.53,75.61,50.57,35.0,55.15,27.29,20.02,38.95,7.81,32.39,40.16,82.01,22.56,62.43,21.47,60.21,68.01,47.3,29.07,63.51,39.41,49.66,58.83,12.81,57.08,22.56,59.77,22.36,57.43,0.0
