set K:= 1	2	3	4	5	6	7	8	9;
set C_H:= 1	2	3	4	5	6	7	8	9	10	11	12	13	14	15	16	17	18;
set C_S:= 19	20	21	22	23	24	25	26	27	28	29	30	31	32	33	34	35	36;
set C_F:= 37	38	39	40	41	42	43	44	45	46	47	48	49	50	51	52	53	54;
set M:= 55	56	57	58;
set M_B:= 59	60	61	62;
set L_B:= 63	64	65	66	67	68	69	70	71;
set A1:=
(0,*) 1 2 3 4 5 6 7 8 9 10 11 12 13 14 15 16 17 18 37 38 39 40 41 42 43 44 45 46 47 48 49 50 51 52 53 54 55 56 57 58 59 60 61 62 63 64 65 66 67 68 69 70 71
(1,*) 0 2 3 4 5 6 7 8 9 10 11 12 13 14 15 16 17 18 37 38 39 40 41 42 43 44 45 46 47 48 49 50 51 52 53 54 55 56 57 58 59 60 61 62 63 64 65 66 67 68 69 70 71
(2,*) 0 1 3 4 5 6 7 8 9 10 11 12 13 14 15 16 17 18 37 38 39 40 41 42 43 44 45 46 47 48 49 50 51 52 53 54 55 56 57 58 59 60 61 62 63 64 65 66 67 68 69 70 71
(3,*) 0 1 2 4 5 6 7 8 9 10 11 12 13 14 15 16 17 18 37 38 39 40 41 42 43 44 45 46 47 48 49 50 51 52 53 54 55 56 57 58 59 60 61 62 63 64 65 66 67 68 69 70 71
(4,*) 0 1 2 3 5 6 7 8 9 10 11 12 13 14 15 16 17 18 37 38 39 40 41 42 43 44 45 46 47 48 49 50 51 52 53 54 55 56 57 58 59 60 61 62 63 64 65 66 67 68 69 70 71
(5,*) 0 1 2 3 4 6 7 8 9 10 11 12 13 14 15 16 17 18 37 38 39 40 41 42 43 44 45 46 47 48 49 50 51 52 53 54 55 56 57 58 59 60 61 62 63 64 65 66 67 68 69 70 71
(6,*) 0 1 2 3 4 5 7 8 9 10 11 12 13 14 15 16 17 18 37 38 39 40 41 42 43 44 45 46 47 48 49 50 51 52 53 54 55 56 57 58 59 60 61 62 63 64 65 66 67 68 69 70 71
(7,*) 0 1 2 3 4 5 6 8 9 10 11 12 13 14 15 16 17 18 37 38 39 40 41 42 43 44 45 46 47 48 49 50 51 52 53 54 55 56 57 58 59 60 61 62 63 64 65 66 67 68 69 70 71
(8,*) 0 1 2 3 4 5 6 7 9 10 11 12 13 14 15 16 17 18 37 38 39 40 41 42 43 44 45 46 47 48 49 50 51 52 53 54 55 56 57 58 59 60 61 62 63 64 65 66 67 68 69 70 71
(9,*) 0 1 2 3 4 5 6 7 8 10 11 12 13 14 15 16 17 18 37 38 39 40 41 42 43 44 45 46 47 48 49 50 51 52 53 54 55 56 57 58 59 60 61 62 63 64 65 66 67 68 69 70 71
(10,*) 0 1 2 3 4 5 6 7 8 9 11 12 13 14 15 16 17 18 37 38 39 40 41 42 43 44 45 46 47 48 49 50 51 52 53 54 55 56 57 58 59 60 61 62 63 64 65 66 67 68 69 70 71
(11,*) 0 1 2 3 4 5 6 7 8 9 10 12 13 14 15 16 17 18 37 38 39 40 41 42 43 44 45 46 47 48 49 50 51 52 53 54 55 56 57 58 59 60 61 62 63 64 65 66 67 68 69 70 71
(12,*) 0 1 2 3 4 5 6 7 8 9 10 11 13 14 15 16 17 18 37 38 39 40 41 42 43 44 45 46 47 48 49 50 51 52 53 54 55 56 57 58 59 60 61 62 63 64 65 66 67 68 69 70 71
(13,*) 0 1 2 3 4 5 6 7 8 9 10 11 12 14 15 16 17 18 37 38 39 40 41 42 43 44 45 46 47 48 49 50 51 52 53 54 55 56 57 58 59 60 61 62 63 64 65 66 67 68 69 70 71
(14,*) 0 1 2 3 4 5 6 7 8 9 10 11 12 13 15 16 17 18 37 38 39 40 41 42 43 44 45 46 47 48 49 50 51 52 53 54 55 56 57 58 59 60 61 62 63 64 65 66 67 68 69 70 71
(15,*) 0 1 2 3 4 5 6 7 8 9 10 11 12 13 14 16 17 18 37 38 39 40 41 42 43 44 45 46 47 48 49 50 51 52 53 54 55 56 57 58 59 60 61 62 63 64 65 66 67 68 69 70 71
(16,*) 0 1 2 3 4 5 6 7 8 9 10 11 12 13 14 15 17 18 37 38 39 40 41 42 43 44 45 46 47 48 49 50 51 52 53 54 55 56 57 58 59 60 61 62 63 64 65 66 67 68 69 70 71
(17,*) 0 1 2 3 4 5 6 7 8 9 10 11 12 13 14 15 16 18 37 38 39 40 41 42 43 44 45 46 47 48 49 50 51 52 53 54 55 56 57 58 59 60 61 62 63 64 65 66 67 68 69 70 71
(18,*) 0 1 2 3 4 5 6 7 8 9 10 11 12 13 14 15 16 17 37 38 39 40 41 42 43 44 45 46 47 48 49 50 51 52 53 54 55 56 57 58 59 60 61 62 63 64 65 66 67 68 69 70 71
(37,*) 0 1 2 3 4 5 6 7 8 9 10 11 12 13 14 15 16 17 18 38 39 40 41 42 43 44 45 46 47 48 49 50 51 52 53 54 55 56 57 58 59 60 61 62 63 64 65 66 67 68 69 70 71
(38,*) 0 1 2 3 4 5 6 7 8 9 10 11 12 13 14 15 16 17 18 37 39 40 41 42 43 44 45 46 47 48 49 50 51 52 53 54 55 56 57 58 59 60 61 62 63 64 65 66 67 68 69 70 71
(39,*) 0 1 2 3 4 5 6 7 8 9 10 11 12 13 14 15 16 17 18 37 38 40 41 42 43 44 45 46 47 48 49 50 51 52 53 54 55 56 57 58 59 60 61 62 63 64 65 66 67 68 69 70 71
(40,*) 0 1 2 3 4 5 6 7 8 9 10 11 12 13 14 15 16 17 18 37 38 39 41 42 43 44 45 46 47 48 49 50 51 52 53 54 55 56 57 58 59 60 61 62 63 64 65 66 67 68 69 70 71
(41,*) 0 1 2 3 4 5 6 7 8 9 10 11 12 13 14 15 16 17 18 37 38 39 40 42 43 44 45 46 47 48 49 50 51 52 53 54 55 56 57 58 59 60 61 62 63 64 65 66 67 68 69 70 71
(42,*) 0 1 2 3 4 5 6 7 8 9 10 11 12 13 14 15 16 17 18 37 38 39 40 41 43 44 45 46 47 48 49 50 51 52 53 54 55 56 57 58 59 60 61 62 63 64 65 66 67 68 69 70 71
(43,*) 0 1 2 3 4 5 6 7 8 9 10 11 12 13 14 15 16 17 18 37 38 39 40 41 42 44 45 46 47 48 49 50 51 52 53 54 55 56 57 58 59 60 61 62 63 64 65 66 67 68 69 70 71
(44,*) 0 1 2 3 4 5 6 7 8 9 10 11 12 13 14 15 16 17 18 37 38 39 40 41 42 43 45 46 47 48 49 50 51 52 53 54 55 56 57 58 59 60 61 62 63 64 65 66 67 68 69 70 71
(45,*) 0 1 2 3 4 5 6 7 8 9 10 11 12 13 14 15 16 17 18 37 38 39 40 41 42 43 44 46 47 48 49 50 51 52 53 54 55 56 57 58 59 60 61 62 63 64 65 66 67 68 69 70 71
(46,*) 0 1 2 3 4 5 6 7 8 9 10 11 12 13 14 15 16 17 18 37 38 39 40 41 42 43 44 45 47 48 49 50 51 52 53 54 55 56 57 58 59 60 61 62 63 64 65 66 67 68 69 70 71
(47,*) 0 1 2 3 4 5 6 7 8 9 10 11 12 13 14 15 16 17 18 37 38 39 40 41 42 43 44 45 46 48 49 50 51 52 53 54 55 56 57 58 59 60 61 62 63 64 65 66 67 68 69 70 71
(48,*) 0 1 2 3 4 5 6 7 8 9 10 11 12 13 14 15 16 17 18 37 38 39 40 41 42 43 44 45 46 47 49 50 51 52 53 54 55 56 57 58 59 60 61 62 63 64 65 66 67 68 69 70 71
(49,*) 0 1 2 3 4 5 6 7 8 9 10 11 12 13 14 15 16 17 18 37 38 39 40 41 42 43 44 45 46 47 48 50 51 52 53 54 55 56 57 58 59 60 61 62 63 64 65 66 67 68 69 70 71
(50,*) 0 1 2 3 4 5 6 7 8 9 10 11 12 13 14 15 16 17 18 37 38 39 40 41 42 43 44 45 46 47 48 49 51 52 53 54 55 56 57 58 59 60 61 62 63 64 65 66 67 68 69 70 71
(51,*) 0 1 2 3 4 5 6 7 8 9 10 11 12 13 14 15 16 17 18 37 38 39 40 41 42 43 44 45 46 47 48 49 50 52 53 54 55 56 57 58 59 60 61 62 63 64 65 66 67 68 69 70 71
(52,*) 0 1 2 3 4 5 6 7 8 9 10 11 12 13 14 15 16 17 18 37 38 39 40 41 42 43 44 45 46 47 48 49 50 51 53 54 55 56 57 58 59 60 61 62 63 64 65 66 67 68 69 70 71
(53,*) 0 1 2 3 4 5 6 7 8 9 10 11 12 13 14 15 16 17 18 37 38 39 40 41 42 43 44 45 46 47 48 49 50 51 52 54 55 56 57 58 59 60 61 62 63 64 65 66 67 68 69 70 71
(54,*) 0 1 2 3 4 5 6 7 8 9 10 11 12 13 14 15 16 17 18 37 38 39 40 41 42 43 44 45 46 47 48 49 50 51 52 53 55 56 57 58 59 60 61 62 63 64 65 66 67 68 69 70 71
(55,*) 0 1 2 3 4 5 6 7 8 9 10 11 12 13 14 15 16 17 18 37 38 39 40 41 42 43 44 45 46 47 48 49 50 51 52 53 54 56 57 58 59 60 61 62 63 64 65 66 67 68 69 70 71
(56,*) 0 1 2 3 4 5 6 7 8 9 10 11 12 13 14 15 16 17 18 37 38 39 40 41 42 43 44 45 46 47 48 49 50 51 52 53 54 55 57 58 59 60 61 62 63 64 65 66 67 68 69 70 71
(57,*) 0 1 2 3 4 5 6 7 8 9 10 11 12 13 14 15 16 17 18 37 38 39 40 41 42 43 44 45 46 47 48 49 50 51 52 53 54 55 56 58 59 60 61 62 63 64 65 66 67 68 69 70 71
(58,*) 0 1 2 3 4 5 6 7 8 9 10 11 12 13 14 15 16 17 18 37 38 39 40 41 42 43 44 45 46 47 48 49 50 51 52 53 54 55 56 57 59 60 61 62 63 64 65 66 67 68 69 70 71
(59,*) 0 1 2 3 4 5 6 7 8 9 10 11 12 13 14 15 16 17 18 37 38 39 40 41 42 43 44 45 46 47 48 49 50 51 52 53 54 55 56 57 58 60 61 62 63 64 65 66 67 68 69 70 71
(60,*) 0 1 2 3 4 5 6 7 8 9 10 11 12 13 14 15 16 17 18 37 38 39 40 41 42 43 44 45 46 47 48 49 50 51 52 53 54 55 56 57 58 59 61 62 63 64 65 66 67 68 69 70 71
(61,*) 0 1 2 3 4 5 6 7 8 9 10 11 12 13 14 15 16 17 18 37 38 39 40 41 42 43 44 45 46 47 48 49 50 51 52 53 54 55 56 57 58 59 60 62 63 64 65 66 67 68 69 70 71
(62,*) 0 1 2 3 4 5 6 7 8 9 10 11 12 13 14 15 16 17 18 37 38 39 40 41 42 43 44 45 46 47 48 49 50 51 52 53 54 55 56 57 58 59 60 61 63 64 65 66 67 68 69 70 71
(63,*) 0 1 2 3 4 5 6 7 8 9 10 11 12 13 14 15 16 17 18 37 38 39 40 41 42 43 44 45 46 47 48 49 50 51 52 53 54 55 56 57 58 59 60 61 62 64 65 66 67 68 69 70 71
(64,*) 0 1 2 3 4 5 6 7 8 9 10 11 12 13 14 15 16 17 18 37 38 39 40 41 42 43 44 45 46 47 48 49 50 51 52 53 54 55 56 57 58 59 60 61 62 63 65 66 67 68 69 70 71
(65,*) 0 1 2 3 4 5 6 7 8 9 10 11 12 13 14 15 16 17 18 37 38 39 40 41 42 43 44 45 46 47 48 49 50 51 52 53 54 55 56 57 58 59 60 61 62 63 64 66 67 68 69 70 71
(66,*) 0 1 2 3 4 5 6 7 8 9 10 11 12 13 14 15 16 17 18 37 38 39 40 41 42 43 44 45 46 47 48 49 50 51 52 53 54 55 56 57 58 59 60 61 62 63 64 65 67 68 69 70 71
(67,*) 0 1 2 3 4 5 6 7 8 9 10 11 12 13 14 15 16 17 18 37 38 39 40 41 42 43 44 45 46 47 48 49 50 51 52 53 54 55 56 57 58 59 60 61 62 63 64 65 66 68 69 70 71
(68,*) 0 1 2 3 4 5 6 7 8 9 10 11 12 13 14 15 16 17 18 37 38 39 40 41 42 43 44 45 46 47 48 49 50 51 52 53 54 55 56 57 58 59 60 61 62 63 64 65 66 67 69 70 71
(69,*) 0 1 2 3 4 5 6 7 8 9 10 11 12 13 14 15 16 17 18 37 38 39 40 41 42 43 44 45 46 47 48 49 50 51 52 53 54 55 56 57 58 59 60 61 62 63 64 65 66 67 68 70 71
(70,*) 0 1 2 3 4 5 6 7 8 9 10 11 12 13 14 15 16 17 18 37 38 39 40 41 42 43 44 45 46 47 48 49 50 51 52 53 54 55 56 57 58 59 60 61 62 63 64 65 66 67 68 69 71
(71,*) 0 1 2 3 4 5 6 7 8 9 10 11 12 13 14 15 16 17 18 37 38 39 40 41 42 43 44 45 46 47 48 49 50 51 52 53 54 55 56 57 58 59 60 61 62 63 64 65 66 67 68 69 70
;
set A2:=
(55,*) 56
(56,*) 55
(57,*) 58
(58,*) 57
;
param BigM:=99999;
param n:= 9;
param d:=
1	12
2	25
3	4
4	20
5	16
6	17
7	7
8	10
9	19
10	21
11	11
12	12
13	2
14	10
15	7
16	12
17	24
18	12
19	3
20	11
21	13
22	14
23	36
24	17
25	22
26	19
27	15
28	22
29	7
30	24
31	25
32	18
33	14
34	10
35	5
36	11
37	20
38	21
39	10
40	11
41	6
42	21
43	11
44	23
45	15
46	22
47	15
48	13
49	3
50	20
51	10
52	66
53	18
54	7
;
param Q:=100;
param w:=
[55,*] 56 0.1
[56,*] 55 0.1
[57,*] 58 0.1
[58,*] 57 0.1
;
param V:=
[55,*] 56 83
[56,*] 55 83
[57,*] 58 99
[58,*] 57 99
;
param e:
	55	56	57	58	59	60	61	62	63	64	65	66	67	68	69	70	71:=
19		0		0		1		0		0		0		1		0		0		0		1		0		0		0		0		0		0	
20		0		1		0		0		0		1		0		0		0		0		0		0		0		1		0		0		0	
21		0		1		0		0		0		1		0		0		0		0		0		0		0		1		1		0		0	
22		0		1		0		0		0		1		0		0		0		0		0		0		0		0		1		0		0	
23		0		1		1		0		0		1		1		0		0		0		0		0		0		0		1		0		0	
24		0		1		0		1		0		1		0		1		0		0		0		0		0		0		1		0		0	
25		0		1		0		0		0		1		0		0		1		0		0		0		0		0		0		0		0	
26		0		0		0		1		0		0		0		1		1		0		0		1		0		0		1		0		0	
27		1		0		0		0		1		0		0		0		0		0		0		0		1		0		0		0		0	
28		1		0		0		0		1		0		0		0		0		0		0		0		1		0		0		0		0	
29		1		0		0		0		1		0		0		0		0		0		0		0		1		0		0		1		0	
30		0		1		0		0		0		1		0		0		1		0		0		1		0		0		0		0		0	
31		0		0		1		0		0		0		1		0		0		0		1		0		0		0		0		0		0	
32		0		1		1		0		0		1		1		0		0		0		0		0		0		1		0		0		1	
33		0		0		0		1		0		0		0		1		1		0		0		1		0		0		1		0		0	
34		1		0		0		0		1		0		0		0		0		1		0		0		0		0		0		0		0	
35		1		0		0		0		1		0		0		0		0		0		0		0		1		0		0		0		0	
36		0		1		0		0		0		1		0		0		0		0		0		0		0		1		0		0		1	
37		0		0		1		0		0		0		1		0		0		0		1		0		0		0		0		0		1	
38		0		0		0		1		0		0		0		1		0		0		0		0		0		1		0		0		0	
39		0		0		0		1		0		0		0		1		1		0		0		0		0		0		1		0		0	
40		0		1		0		1		0		1		0		1		1		0		0		1		0		0		1		0		0	
41		0		1		0		0		0		1		0		0		0		0		0		0		0		1		0		0		0	
42		1		0		0		0		1		0		0		0		0		0		0		0		1		0		0		1		0	
43		1		0		0		0		1		0		0		0		0		0		0		0		1		0		0		1		0	
44		1		0		0		0		1		0		0		0		1		0		0		0		1		0		0		1		0	
45		0		0		0		1		0		0		0		1		1		0		0		1		0		0		1		0		0	
46		0		1		0		0		0		1		0		0		1		0		0		0		0		1		1		0		1	
47		0		1		0		0		0		1		0		0		1		0		0		1		0		0		1		0		0	
48		0		0		1		0		0		0		1		0		0		0		1		0		0		0		0		0		1	
49		0		1		0		0		0		1		0		0		0		0		0		0		0		1		0		0		0	
50		1		0		0		0		1		0		0		0		0		0		0		0		1		0		0		1		0	
51		0		0		1		0		0		0		1		0		0		0		1		0		0		1		0		0		1	
52		0		0		1		0		0		0		1		0		0		0		1		0		0		0		0		0		1	
53		0		1		0		0		0		1		0		0		0		0		0		0		0		0		0		1		0	
54		1		0		0		0		1		0		0		0		0		1		0		0		0		0		0		1		0	
;
param p:=
1	3
2	3
3	3
4	3
5	3
6	3
7	3
8	3
9	3
;
param G:=
55	83
56	78
57	95
58	99
59	83
60	78
61	95
62	99
63	87
64	86
65	70
66	74
67	90
68	87
69	74
70	87
71	100
;
param s:=
0	0
1	10
2	10
3	10
4	10
5	10
6	10
7	10
8	10
9	10
10	10
11	10
12	10
13	10
14	10
15	10
16	10
17	10
18	10
37	10
38	10
39	10
40	10
41	10
42	10
43	10
44	10
45	10
46	10
47	10
48	10
49	10
50	10
51	10
52	10
53	10
54	10
55	10
56	10
57	10
58	10
59	10
60	10
61	10
62	10
63	10
64	10
65	10
66	10
67	10
68	10
69	10
70	10
71	10
;
param t:
	0	1	2	3	4	5	6	7	8	9	10	11	12	13	14	15	16	17	18	19	20	21	22	23	24	25	26	27	28	29	30	31	32	33	34	35	36	37	38	39	40	41	42	43	44	45	46	47	48	49	50	51	52	53	54	55	56	57	58	59	60	61	62	63	64	65	66	67	68	69	70	71:=
0	0.0	48.55	26.91	18.6	71.59	18.68	43.19	31.11	37.7	52.39	66.31	29.61	29.41	6.71	30.02	58.25	39.05	80.81	47.2	60.44	34.37	25.5	52.2	52.2	33.62	14.87	26.93	40.8	34.66	22.36	31.89	67.48	60.75	27.07	60.21	38.33	43.17	48.85	26.63	10.0	27.46	65.46	30.07	38.83	16.28	27.29	22.83	19.85	73.41	59.44	20.52	55.57	56.65	61.03	65.8	37.64	50.22	77.16	27.78	37.64	50.22	77.16	27.78	11.18	69.29	60.21	27.02	25.46	46.14	28.3	38.48	47.38
1	48.55	0.0	23.77	57.97	80.22	38.6	91.4	19.42	85.88	96.54	109.81	72.8	19.24	41.88	26.0	59.41	77.94	87.82	94.11	87.36	31.78	34.89	14.21	14.21	28.44	41.11	31.02	89.31	82.8	65.8	17.72	78.03	49.65	39.01	100.17	78.82	36.01	74.33	56.14	45.97	26.17	51.48	68.24	87.37	64.64	37.01	42.54	30.08	73.01	42.54	68.6	75.13	81.74	12.73	109.64	85.15	17.0	83.73	66.1	85.15	17.0	83.73	66.1	37.44	111.83	71.01	24.52	73.6	49.01	20.25	83.49	59.41
2	26.91	23.77	0.0	34.21	79.48	25.0	70.01	4.47	62.97	78.39	92.18	49.04	6.71	20.81	6.71	60.9	62.3	88.24	74.03	78.01	29.68	25.96	32.39	32.39	12.08	25.32	9.43	67.36	61.52	47.41	6.08	76.22	56.59	17.46	84.5	62.39	38.42	65.01	33.06	27.86	4.24	60.14	52.5	65.3	43.14	15.65	31.06	7.07	76.32	51.86	47.42	68.73	73.03	35.34	91.79	64.54	32.28	84.17	42.43	64.54	32.28	84.17	42.43	17.0	94.81	68.62	1.41	52.35	48.3	7.81	64.66	55.36
3	18.6	57.97	34.21	0.0	89.83	36.67	43.46	38.6	32.02	59.3	72.84	14.87	39.46	22.47	33.54	76.84	51.66	99.04	50.7	76.06	51.55	43.08	65.12	65.12	34.41	33.12	28.65	39.36	36.4	34.79	40.26	85.63	78.79	23.35	70.06	50.01	60.75	65.51	11.0	28.6	32.31	83.38	44.38	37.12	22.2	24.84	41.34	28.28	92.01	76.84	26.02	73.01	72.95	69.29	72.01	41.0	64.0	95.46	9.49	41.0	64.0	95.46	9.49	25.71	76.53	78.49	33.53	29.15	64.66	39.2	46.01	65.86
4	71.59	80.22	79.48	89.83	0.0	56.94	82.86	80.01	91.24	68.26	73.33	96.83	74.63	70.21	86.16	21.02	51.24	9.22	76.69	30.27	50.7	53.71	69.07	69.07	91.55	59.08	87.24	85.44	78.0	60.21	78.45	4.47	34.48	92.66	59.21	54.41	44.28	29.41	98.08	61.85	83.38	36.25	51.0	85.23	73.01	91.71	50.77	76.92	14.21	42.45	72.4	19.92	27.02	89.05	74.24	75.27	65.03	5.83	98.31	75.27	65.03	5.83	98.31	69.64	71.85	11.4	80.78	74.3	31.78	72.73	65.8	24.7
5	18.68	38.6	25.0	36.67	56.94	0.0	55.46	27.29	53.76	58.05	71.22	48.27	22.8	14.42	31.14	41.04	39.45	66.04	56.61	53.01	16.0	7.0	37.74	37.74	36.35	4.0	31.05	54.42	47.01	27.8	26.68	53.24	42.15	35.78	61.77	40.22	24.52	40.01	42.64	10.05	28.16	46.82	29.68	52.81	30.59	34.93	6.32	20.62	56.57	40.79	33.53	44.15	48.04	51.22	71.06	48.37	34.89	62.13	46.1	48.37	34.89	62.13	46.1	12.81	73.24	45.65	26.02	38.28	28.43	20.88	45.34	32.25
6	43.19	91.4	70.01	43.46	82.86	55.46	0.0	74.28	15.3	21.95	32.56	35.13	72.47	49.68	72.35	80.1	31.62	90.82	9.85	56.94	70.23	61.85	93.06	93.06	75.0	51.88	68.41	5.1	8.6	28.86	75.07	78.45	89.36	65.51	36.06	28.46	76.4	53.45	53.76	46.14	70.09	94.34	34.01	7.0	26.91	66.57	55.03	62.94	91.41	91.41	22.8	62.94	57.27	104.02	31.4	8.0	90.34	88.54	43.74	8.0	90.34	88.54	43.74	54.04	36.88	73.76	70.01	17.8	72.25	71.22	17.09	66.12
7	31.11	19.42	4.47	38.6	80.01	27.29	74.28	0.0	67.42	82.15	95.88	53.45	5.39	24.84	8.06	60.84	65.55	88.6	78.1	80.16	29.55	27.17	28.86	28.86	12.73	28.16	12.37	71.7	65.76	51.11	2.24	76.92	55.44	20.62	87.85	65.8	37.74	67.07	37.0	31.3	7.07	58.73	55.71	69.66	47.38	18.68	33.06	11.4	76.06	50.21	51.62	70.26	75.03	30.87	95.52	68.68	29.15	84.5	46.69	68.68	29.15	84.5	46.69	20.81	98.41	69.38	5.1	56.57	48.47	7.28	68.51	56.29
8	37.7	85.88	62.97	32.02	91.24	53.76	15.3	67.42	0.0	36.77	47.85	20.88	66.65	44.38	64.03	85.15	41.4	99.76	25.0	68.12	69.58	60.67	89.81	89.81	65.8	49.82	59.55	10.2	14.14	32.02	68.6	86.76	92.27	55.23	50.54	38.42	77.1	62.27	41.18	43.74	62.2	97.25	40.31	8.54	23.19	56.59	55.08	56.08	98.03	93.01	21.02	71.59	67.42	98.11	46.69	18.6	87.64	97.05	30.08	18.6	87.64	97.05	30.08	48.85	52.17	81.15	62.68	17.46	75.54	65.74	28.32	71.57
9	52.39	96.54	78.39	59.3	68.26	58.05	21.95	82.15	36.77	0.0	13.93	54.59	79.06	57.71	82.29	70.61	21.02	75.13	12.21	39.29	69.81	62.97	94.92	94.92	86.01	55.44	79.31	26.83	24.33	31.06	82.38	64.12	82.54	78.45	14.21	18.87	73.57	40.11	70.26	51.04	79.61	87.28	29.21	28.23	38.08	79.06	55.23	71.59	79.06	86.41	33.73	49.0	41.3	109.22	13.42	19.24	91.55	73.55	62.07	19.24	91.55	73.55	62.07	61.4	17.26	61.07	78.77	30.15	65.92	77.42	13.93	57.01
10	66.31	109.81	92.18	72.84	73.33	71.22	32.56	95.88	47.85	13.93	0.0	67.07	92.65	71.55	96.18	79.12	32.56	79.0	23.09	43.1	82.07	75.74	107.48	107.48	99.92	68.82	93.23	37.66	37.01	44.78	96.04	69.58	92.14	92.35	14.14	31.14	85.0	47.76	83.73	64.66	93.47	96.66	41.77	39.46	51.92	92.97	67.94	85.42	85.51	96.75	47.54	55.54	46.69	122.44	1.41	32.06	103.97	78.1	75.03	32.06	103.97	78.1	75.03	75.18	4.47	67.91	92.59	43.74	76.16	90.97	27.86	66.21
11	29.61	72.8	49.04	14.87	96.83	48.27	35.13	53.45	20.88	54.59	67.07	0.0	54.13	35.13	48.33	86.31	52.48	105.89	44.01	78.82	63.95	55.11	79.51	79.51	48.88	44.38	43.38	30.27	30.27	37.54	55.08	92.46	90.14	37.44	67.19	50.12	72.78	70.04	21.26	38.9	47.17	94.92	47.51	28.16	24.04	39.12	51.87	42.95	100.85	89.05	25.81	78.52	76.69	84.15	66.03	35.36	78.16	102.62	9.43	35.36	78.16	102.62	9.43	39.01	71.18	85.8	48.38	26.4	74.85	53.76	43.01	74.09
12	29.41	19.24	6.71	39.46	74.63	22.8	72.47	5.39	66.65	79.06	92.65	54.13	0.0	22.8	12.73	55.46	61.74	83.22	75.69	75.33	24.17	22.02	26.08	26.08	17.8	24.17	16.12	70.21	63.89	48.01	4.0	71.57	50.33	24.17	84.1	62.18	32.45	62.2	39.32	28.02	10.82	53.74	51.89	68.24	45.61	22.36	28.28	11.18	70.71	45.34	49.68	65.12	70.11	31.62	92.36	66.48	25.71	79.12	48.09	66.48	25.71	79.12	48.09	18.44	95.02	64.03	8.06	54.67	43.08	2.0	65.6	50.99
13	6.71	41.88	20.81	22.47	70.21	14.42	49.68	24.84	44.38	57.71	71.55	35.13	22.8	0.0	24.7	55.32	42.76	79.4	53.26	61.98	29.12	20.62	45.61	45.61	28.86	11.31	22.36	47.43	41.11	26.93	25.46	66.29	56.36	24.33	64.56	42.45	38.28	49.73	28.32	9.22	21.93	60.93	33.24	45.49	22.8	24.08	19.8	13.89	70.77	54.41	26.91	55.54	57.72	54.41	71.12	43.86	43.74	75.6	31.95	43.86	43.74	75.6	31.95	4.47	74.32	58.82	21.1	31.89	42.8	21.63	43.91	45.61
14	30.02	26.0	6.71	33.54	86.16	31.14	72.35	8.06	64.03	82.29	96.18	48.33	12.73	24.7	0.0	67.6	67.19	94.94	77.1	84.02	36.36	32.57	36.69	36.69	5.39	31.02	5.1	69.31	64.03	51.62	10.3	82.87	63.03	13.04	89.19	67.05	45.0	71.11	30.27	32.76	3.0	66.47	57.49	67.18	45.8	11.05	37.34	11.18	83.01	58.05	50.22	75.13	79.16	36.14	95.71	67.42	37.16	90.87	40.8	67.42	37.16	90.87	40.8	21.59	99.01	75.27	5.39	55.0	55.01	14.21	68.43	61.98
15	58.25	59.41	60.9	76.84	21.02	41.04	80.1	60.84	85.15	70.61	79.12	86.31	55.46	55.32	67.6	0.0	50.36	28.44	76.16	39.82	31.3	36.24	48.04	48.04	72.95	44.05	69.34	81.5	73.55	53.15	59.09	19.65	15.0	75.6	65.39	53.24	23.77	31.38	83.63	48.26	65.0	18.44	46.1	80.75	63.91	74.4	35.61	59.41	15.62	22.36	64.56	25.0	34.41	68.03	79.71	72.11	44.01	24.33	85.98	72.11	44.01	24.33	85.98	53.74	78.79	14.42	62.27	67.68	12.81	53.67	64.03	14.0
16	39.05	77.94	62.3	51.66	51.24	39.45	31.62	65.55	41.4	21.02	32.56	52.48	61.74	42.76	67.19	50.36	0.0	59.24	26.02	26.87	49.52	43.42	74.97	74.97	71.59	37.58	65.12	34.44	27.46	17.12	65.39	46.84	61.68	66.12	22.36	3.16	52.7	21.84	62.37	34.48	64.29	66.48	9.85	34.48	29.73	66.27	35.61	56.04	60.3	65.39	26.83	31.32	26.08	90.44	32.65	24.17	71.42	56.92	57.38	24.17	71.42	56.92	57.38	45.61	34.06	42.43	62.94	26.4	44.94	59.93	14.56	36.5
17	80.81	87.82	88.24	99.04	9.22	66.04	90.82	88.6	99.76	75.13	79.0	105.89	83.22	79.4	94.94	28.44	59.24	0.0	84.2	36.12	59.14	62.61	76.06	76.06	100.32	68.24	96.15	93.62	86.33	69.07	86.98	13.45	40.2	101.71	65.03	62.39	52.17	37.58	107.3	71.06	92.2	41.0	59.68	93.52	82.01	100.72	59.91	85.88	16.76	48.26	81.27	28.18	33.96	96.05	80.01	83.38	72.11	4.12	107.49	83.38	72.11	4.12	107.49	78.77	77.1	20.62	89.55	83.01	40.16	81.34	73.74	33.84
18	47.2	94.11	74.03	50.7	76.69	56.61	9.85	78.1	25.0	12.21	23.09	44.01	75.69	53.26	77.1	76.16	26.02	84.2	0.0	49.24	70.24	62.43	94.3	94.3	80.26	53.41	73.57	14.87	14.32	28.84	78.64	72.37	86.68	71.59	26.4	23.0	75.39	47.52	61.39	48.17	74.63	91.59	31.05	16.49	31.38	72.45	55.07	67.01	86.28	89.56	26.93	56.89	50.29	106.83	22.02	9.85	91.27	82.23	52.15	9.85	91.27	82.23	52.15	57.38	27.29	68.36	74.2	22.36	69.63	74.25	12.37	62.2
19	60.44	87.36	78.01	76.06	30.27	53.01	56.94	80.16	68.12	39.29	43.1	78.82	75.33	61.98	84.02	39.82	26.87	36.12	49.24	0.0	55.66	53.6	80.11	80.11	89.09	53.08	83.29	60.46	54.04	41.68	79.31	26.68	54.49	86.31	29.02	29.73	54.12	13.15	86.16	52.77	81.02	58.26	31.76	60.8	55.23	85.99	47.1	73.11	43.01	60.88	53.01	14.87	5.83	98.68	44.05	50.22	76.06	35.01	82.86	50.22	76.06	35.01	82.86	63.39	41.59	26.42	79.0	53.15	41.88	73.33	40.22	30.23
20	34.37	31.78	29.68	51.55	50.7	16.0	70.23	29.55	69.58	69.81	82.07	63.95	24.17	29.12	36.36	31.3	49.52	59.14	70.24	55.66	0.0	9.0	25.61	25.61	41.68	20.0	38.42	69.64	61.98	41.63	27.86	47.85	28.02	45.25	70.94	51.09	9.43	42.72	55.95	26.02	33.84	32.25	40.61	68.15	46.39	43.86	15.23	29.0	46.65	25.3	49.03	43.42	50.0	43.08	82.13	62.77	21.93	55.03	61.03	62.77	21.93	55.03	61.03	26.0	83.45	40.45	31.06	53.6	18.97	22.36	58.31	28.0
21	25.5	34.89	25.96	43.08	53.71	7.0	61.85	27.17	60.67	62.97	75.74	55.11	22.02	20.62	32.57	36.24	43.42	62.61	62.43	53.6	9.0	0.0	32.02	32.02	37.95	11.0	33.54	61.03	53.49	33.62	26.02	50.33	35.78	39.41	65.46	44.6	17.72	40.45	48.26	17.03	29.73	40.31	33.97	59.48	37.48	38.28	7.81	23.32	51.86	33.96	40.26	43.1	48.26	47.17	75.69	54.56	28.84	58.59	52.55	54.56	28.84	58.59	52.55	18.03	77.47	42.72	27.2	44.92	23.43	20.02	50.8	29.41
22	52.2	14.21	32.39	65.12	69.07	37.74	93.06	28.86	89.81	94.92	107.48	79.51	26.08	45.61	36.69	48.04	74.97	76.06	94.3	80.11	25.61	32.02	0.0	0.0	40.31	41.18	41.23	91.71	84.53	65.46	26.68	67.36	36.67	49.48	96.54	76.38	26.25	67.54	65.38	46.96	35.9	37.95	65.8	89.96	67.23	47.54	39.7	37.0	60.53	29.12	70.68	66.73	74.32	20.0	107.49	86.09	4.12	72.03	74.01	86.09	4.12	72.03	74.01	41.23	108.98	60.83	33.54	75.58	39.29	26.0	82.8	50.6
23	52.2	14.21	32.39	65.12	69.07	37.74	93.06	28.86	89.81	94.92	107.48	79.51	26.08	45.61	36.69	48.04	74.97	76.06	94.3	80.11	25.61	32.02	0.0	0.0	40.31	41.18	41.23	91.71	84.53	65.46	26.68	67.36	36.67	49.48	96.54	76.38	26.25	67.54	65.38	46.96	35.9	37.95	65.8	89.96	67.23	47.54	39.7	37.0	60.53	29.12	70.68	66.73	74.32	20.0	107.49	86.09	4.12	72.03	74.01	86.09	4.12	72.03	74.01	41.23	108.98	60.83	33.54	75.58	39.29	26.0	82.8	50.6
24	33.62	28.44	12.08	34.41	91.55	36.35	75.0	12.73	65.8	86.01	99.92	48.88	17.8	28.86	5.39	72.95	71.59	100.32	80.26	89.09	41.68	37.95	40.31	40.31	0.0	36.01	6.71	71.7	66.85	55.66	14.87	88.26	68.12	11.7	93.41	71.31	50.22	76.24	29.41	37.34	8.25	71.45	61.98	69.53	48.88	9.85	42.58	16.0	88.32	62.94	53.34	80.41	84.29	37.22	99.4	70.49	41.18	96.25	40.72	70.49	41.18	96.25	40.72	26.17	102.88	80.65	10.77	57.98	60.37	19.42	72.09	67.36
25	14.87	41.11	25.32	33.12	59.08	4.0	51.88	28.16	49.82	55.44	68.82	44.38	24.17	11.31	31.02	44.05	37.58	68.24	53.41	53.08	20.0	11.0	41.18	41.18	36.01	0.0	30.27	50.7	43.38	24.76	27.86	55.23	45.88	34.18	59.93	38.08	28.44	40.31	39.62	6.08	28.02	50.6	27.73	49.04	26.68	33.53	8.49	20.02	59.46	44.72	29.73	45.22	48.37	53.81	68.6	44.94	38.48	64.4	42.49	44.94	38.48	64.4	42.49	10.77	71.02	47.71	26.17	34.54	31.62	22.36	42.43	34.41
26	26.93	31.02	9.43	28.65	87.24	31.05	68.41	12.37	59.55	79.31	93.23	43.38	16.12	22.36	5.1	69.34	65.12	96.15	73.57	83.29	38.42	33.54	41.23	41.23	6.71	30.27	0.0	65.19	60.22	49.04	14.56	83.77	65.76	8.25	86.83	64.76	47.42	70.58	25.18	31.06	5.39	69.43	55.58	63.03	42.19	6.32	37.36	10.44	84.88	61.22	46.65	75.19	78.64	41.23	92.7	63.81	41.44	92.13	35.74	63.81	41.44	92.13	35.74	20.0	96.21	76.16	8.06	51.31	56.6	17.2	65.39	62.77
27	40.8	89.31	67.36	39.36	85.44	54.42	5.1	71.7	10.2	26.83	37.66	30.27	70.21	47.43	69.31	81.5	34.44	93.62	14.87	60.46	69.64	61.03	91.71	91.71	71.7	50.7	65.19	0.0	8.0	29.07	72.62	80.99	90.05	61.85	40.82	31.3	76.3	56.08	49.4	44.78	67.18	95.05	35.51	2.24	24.7	63.01	54.57	60.31	93.39	91.66	21.02	65.55	60.42	101.83	36.5	10.3	89.16	91.18	39.05	10.3	89.16	91.18	39.05	51.87	41.98	75.96	67.27	16.16	73.01	69.07	20.25	67.6
28	34.66	82.8	61.52	36.4	78.0	47.01	8.6	65.76	14.14	24.33	37.01	30.27	63.89	41.11	64.03	73.55	27.46	86.33	14.32	54.04	61.98	53.49	84.53	84.53	66.85	43.38	60.22	8.0	0.0	21.1	66.53	73.54	82.05	57.71	37.34	24.41	68.45	48.75	47.07	37.59	61.72	87.05	27.66	7.28	18.38	58.67	46.84	54.45	85.62	83.73	14.21	58.18	53.54	95.43	36.06	5.1	81.86	83.77	38.01	5.1	81.86	83.77	38.01	45.45	41.01	68.31	61.55	9.22	65.01	62.63	14.21	59.68
29	22.36	65.8	47.41	34.79	60.21	27.8	28.86	51.11	32.02	31.06	44.78	37.54	48.01	26.93	51.62	53.15	17.12	69.07	28.84	41.68	41.63	33.62	65.46	65.46	55.66	24.76	49.04	29.07	21.1	0.0	51.31	55.76	61.01	49.37	37.85	16.03	47.54	32.53	45.35	20.0	48.85	66.01	10.0	28.0	13.6	49.65	26.4	40.72	66.13	62.65	12.21	41.23	39.2	78.52	44.42	21.19	62.43	66.04	41.18	21.19	62.43	66.04	41.18	30.41	47.42	49.65	47.85	14.56	44.01	46.4	17.69	39.56
30	31.89	17.72	6.08	40.26	78.45	26.68	75.07	2.24	68.6	82.38	96.04	55.08	4.0	25.46	10.3	59.09	65.39	86.98	78.64	79.31	27.86	26.02	26.68	26.68	14.87	27.86	14.56	72.62	66.53	51.31	0.0	75.43	53.41	22.8	87.73	65.74	35.85	66.19	39.01	31.38	9.22	56.64	55.54	70.6	48.17	20.88	32.25	12.53	74.24	48.08	52.35	69.12	74.11	29.53	95.72	69.31	26.93	82.87	48.51	69.31	26.93	82.87	48.51	21.26	98.49	67.91	7.0	57.31	46.82	6.0	68.82	54.92
31	67.48	78.03	76.22	85.63	4.47	53.24	78.45	76.92	86.76	64.12	69.58	92.46	71.57	66.29	82.87	19.65	46.84	13.45	72.37	26.68	47.85	50.33	67.36	67.36	88.26	55.23	83.77	80.99	73.54	55.76	75.43	0.0	34.01	89.01	55.44	50.0	42.01	25.0	94.02	57.8	80.06	36.36	46.53	80.78	68.6	88.1	47.01	73.41	16.55	41.79	67.96	15.52	23.02	87.28	70.46	70.84	63.29	10.3	94.05	70.84	63.29	10.3	94.05	65.86	68.25	7.62	77.49	69.84	29.15	69.64	61.4	21.02
32	60.75	49.65	56.59	78.79	34.48	42.15	89.36	55.44	92.27	82.54	92.14	90.14	50.33	56.36	63.03	15.0	61.68	40.2	86.68	54.49	28.02	35.78	36.67	36.67	68.12	45.88	65.76	90.05	82.05	61.01	53.41	34.01	0.0	73.0	78.77	64.29	18.6	44.94	83.86	51.24	60.83	5.0	55.73	89.01	69.72	71.51	38.33	56.85	24.02	8.06	71.25	39.62	48.92	56.44	92.61	81.39	32.98	36.35	88.24	81.39	32.98	36.35	88.24	53.71	92.18	29.41	58.0	75.06	17.12	48.84	74.33	25.94
33	27.07	39.01	17.46	23.35	92.66	35.78	65.51	20.62	55.23	78.45	92.35	37.44	24.17	24.33	13.04	75.6	66.12	101.71	71.59	86.31	45.25	39.41	49.48	49.48	11.7	34.18	8.25	61.85	57.71	49.37	22.8	89.01	73.0	0.0	87.13	65.38	54.49	73.98	17.72	33.54	13.6	76.84	57.0	59.64	40.5	2.0	42.05	16.28	91.21	68.82	44.94	79.38	82.0	48.66	91.71	61.74	49.65	97.75	29.07	61.74	49.65	97.75	29.07	23.41	95.6	81.41	16.16	49.24	62.8	25.06	64.56	68.0
34	60.21	100.17	84.5	70.06	59.21	61.77	36.06	87.85	50.54	14.21	14.14	67.19	84.1	64.56	89.19	65.39	22.36	65.03	26.4	29.02	70.94	65.46	96.54	96.54	93.41	59.93	86.83	40.82	37.34	37.85	87.73	55.44	78.77	87.13	0.0	22.14	72.92	34.01	81.06	56.65	86.33	83.19	32.2	42.06	48.0	87.48	57.69	78.11	71.39	83.76	44.05	41.48	32.56	112.61	15.03	32.31	92.85	64.03	73.98	32.31	92.85	64.03	73.98	67.68	13.42	53.85	85.09	41.44	63.25	82.29	24.33	52.84
35	38.33	78.82	62.39	50.01	54.41	40.22	28.46	65.8	38.42	18.87	31.14	50.12	62.18	42.45	67.05	53.24	3.16	62.39	23.0	29.73	51.09	44.6	76.38	76.38	71.31	38.08	64.76	31.3	24.41	16.03	65.74	50.0	64.29	65.38	22.14	0.0	54.71	25.0	60.83	34.54	64.2	69.12	10.63	31.38	27.89	65.62	36.8	55.97	63.39	67.78	24.7	34.48	29.15	91.4	31.11	21.02	72.92	60.08	55.36	21.02	72.92	60.08	55.36	45.54	33.02	45.54	62.97	23.85	47.43	60.42	11.4	39.32
36	43.17	36.01	38.42	60.75	44.28	24.52	76.4	37.74	77.1	73.57	85.0	72.78	32.45	38.28	45.0	23.77	52.7	52.17	75.39	54.12	9.43	17.72	26.25	26.25	50.22	28.44	47.42	76.3	68.45	47.54	35.85	42.01	18.6	54.49	72.92	54.71	0.0	41.88	65.37	34.23	42.64	22.83	44.72	74.97	54.01	53.04	22.02	38.29	38.48	16.28	56.22	40.5	48.3	45.71	85.21	68.68	22.14	48.05	70.23	68.68	22.14	48.05	70.23	35.34	85.91	35.06	39.82	60.53	13.15	30.81	63.16	24.35
37	48.85	74.33	65.01	65.51	29.41	40.01	53.45	67.07	62.27	40.11	47.76	70.04	62.2	49.73	71.11	31.38	21.84	37.58	47.52	13.15	42.72	40.45	67.54	67.54	76.24	40.31	70.58	56.08	48.75	32.53	66.19	25.0	44.94	73.98	34.01	25.0	41.88	0.0	75.13	40.52	68.12	49.24	22.67	55.95	46.01	73.55	34.01	60.3	39.0	50.45	44.6	9.49	8.06	85.8	48.38	45.88	63.53	35.11	73.01	45.88	63.53	35.11	73.01	50.8	47.42	21.0	66.03	45.8	30.41	60.21	36.4	19.21
38	26.63	56.14	33.06	11.0	98.08	42.64	53.76	37.0	41.18	70.26	83.73	21.26	39.32	28.32	30.27	83.63	62.37	107.3	61.39	86.16	55.95	48.26	65.38	65.38	29.41	39.62	25.18	49.4	47.07	45.35	39.01	94.02	83.86	17.72	81.06	60.83	65.37	75.13	0.0	36.24	30.02	88.19	54.71	47.17	33.14	19.65	48.1	28.86	99.09	80.96	37.01	82.15	82.76	66.29	82.87	51.79	64.94	103.59	12.04	51.79	64.94	103.59	12.04	30.23	87.46	86.68	32.02	40.11	71.06	39.62	57.01	73.66
39	10.0	45.97	27.86	28.6	61.85	10.05	46.14	31.3	43.74	51.04	64.66	38.9	28.02	9.22	32.76	48.26	34.48	71.06	48.17	52.77	26.02	17.03	46.96	46.96	37.34	6.08	31.06	44.78	37.59	20.0	31.38	57.8	51.24	33.54	56.65	34.54	34.23	40.52	36.24	0.0	29.83	56.04	24.74	43.08	20.62	33.24	13.0	21.59	63.41	50.49	23.77	46.52	48.51	58.69	64.35	39.41	44.38	67.36	37.74	39.41	44.38	67.36	37.74	11.18	67.12	50.45	28.46	28.64	36.24	26.4	37.64	37.48
40	27.46	26.17	4.24	32.31	83.38	28.16	70.09	7.07	62.2	79.61	93.47	47.17	10.82	21.93	3.0	65.0	64.29	92.2	74.63	81.02	33.84	29.73	35.9	35.9	8.25	28.02	5.39	67.18	61.72	48.85	9.22	80.06	60.83	13.6	86.33	64.2	42.64	68.12	30.02	29.83	0.0	64.38	54.57	65.07	43.42	11.7	34.37	8.25	80.45	56.08	47.8	72.18	76.16	37.0	93.02	65.0	36.06	88.14	40.02	65.0	36.06	88.14	40.02	18.68	96.25	72.45	2.83	52.63	52.35	12.04	65.76	59.14
41	65.46	51.48	60.14	83.38	36.25	46.82	94.34	58.73	97.25	87.28	96.66	94.92	53.74	60.93	66.47	18.44	66.48	41.0	91.59	58.26	32.25	40.31	37.95	37.95	71.45	50.6	69.43	95.05	87.05	66.01	56.64	36.36	5.0	76.84	83.19	69.12	22.83	49.24	88.19	56.04	64.38	0.0	60.67	94.01	74.67	75.29	43.17	60.8	24.33	8.94	76.24	43.42	52.8	57.27	97.17	86.37	34.54	37.36	92.85	86.37	34.54	37.36	92.85	58.14	96.6	32.56	61.55	80.06	22.09	52.35	79.25	30.46
42	30.07	68.24	52.5	44.38	51.0	29.68	34.01	55.71	40.31	29.21	41.77	47.51	51.89	33.24	57.49	46.1	9.85	59.68	31.05	31.76	40.61	33.97	65.8	65.8	61.98	27.73	55.58	35.51	27.66	10.0	55.54	46.53	55.73	57.0	32.2	10.63	44.72	22.67	54.71	24.74	54.57	60.67	0.0	34.93	23.6	57.04	26.17	46.32	57.97	58.52	21.93	31.62	29.21	80.8	41.73	26.02	62.37	56.82	51.11	26.02	62.37	56.82	51.11	35.9	43.6	40.85	53.16	23.32	38.64	50.09	18.68	32.14
43	38.83	87.37	65.3	37.12	85.23	52.81	7.0	69.66	8.54	28.23	39.46	28.16	68.24	45.49	67.18	80.75	34.48	93.52	16.49	60.8	68.15	59.48	89.96	89.96	69.53	49.04	63.03	2.24	7.28	28.0	70.6	80.78	89.01	59.64	42.06	31.38	74.97	55.95	47.17	43.08	65.07	94.01	34.93	0.0	22.83	60.8	53.15	58.26	92.89	90.45	19.31	65.39	60.54	99.86	38.33	10.63	87.46	91.0	36.88	10.63	87.46	91.0	36.88	49.93	43.74	75.58	65.19	14.56	72.01	67.12	20.62	66.91
44	16.28	64.64	43.14	22.2	73.01	30.59	26.91	47.38	23.19	38.08	51.92	24.04	45.61	22.8	45.8	63.91	29.73	82.01	31.38	55.23	46.39	37.48	67.23	67.23	48.88	26.68	42.19	24.7	18.38	13.6	48.17	68.6	69.72	40.5	48.0	27.89	54.01	46.01	33.14	20.62	43.42	74.67	23.6	22.83	0.0	41.23	32.0	36.07	77.82	70.03	4.47	54.49	52.8	77.2	51.24	21.63	64.85	78.82	27.73	21.63	64.85	78.82	27.73	27.2	55.32	62.13	43.19	9.22	53.37	44.41	24.33	50.99
45	27.29	37.01	15.65	24.84	91.71	34.93	66.57	18.68	56.59	79.06	92.97	39.12	22.36	24.08	11.05	74.4	66.27	100.72	72.45	85.99	43.86	38.28	47.54	47.54	9.85	33.53	6.32	63.01	58.67	49.65	20.88	88.1	71.51	2.0	87.48	65.62	53.04	73.55	19.65	33.24	11.7	75.29	57.04	60.8	41.23	0.0	41.23	15.0	90.0	67.2	45.69	78.75	81.58	46.69	92.36	62.61	47.76	96.75	30.87	62.61	47.76	96.75	30.87	22.8	96.17	80.5	14.32	50.09	61.61	23.32	65.15	67.08
46	22.83	42.54	31.06	41.34	50.77	6.32	55.03	33.06	55.08	55.23	67.94	51.87	28.28	19.8	37.34	35.61	35.61	59.91	55.07	47.1	15.23	7.81	39.7	39.7	42.58	8.49	37.36	54.57	46.84	26.4	32.25	47.01	38.33	42.05	57.69	36.8	22.02	34.01	48.1	13.0	34.37	43.17	26.17	53.15	32.0	41.23	0.0	26.93	50.99	38.05	34.23	37.85	42.0	54.92	67.9	47.54	36.4	56.04	50.61	47.54	36.4	56.04	50.61	18.87	69.66	39.45	32.14	38.64	23.32	26.31	43.27	26.08
47	19.85	30.08	7.07	28.28	76.92	20.62	62.94	11.4	56.08	71.59	85.42	42.95	11.18	13.89	11.18	59.41	56.04	85.88	67.01	73.11	29.0	23.32	37.0	37.0	16.0	20.02	10.44	60.31	54.45	40.72	12.53	73.41	56.85	16.28	78.11	55.97	38.29	60.3	28.86	21.59	8.25	60.8	46.32	58.26	36.07	15.0	26.93	0.0	75.0	53.0	40.36	64.76	68.36	42.06	85.0	57.49	36.22	81.88	37.01	57.49	36.22	81.88	37.01	10.44	88.14	65.8	7.21	45.28	46.62	11.0	57.8	52.39
48	73.41	73.01	76.32	92.01	14.21	56.57	91.41	76.06	98.03	79.06	85.51	100.85	70.71	70.77	83.01	15.62	60.3	16.76	86.28	43.01	46.65	51.86	60.53	60.53	88.32	59.46	84.88	93.39	85.62	66.13	74.24	16.55	24.02	91.21	71.39	63.39	38.48	39.0	99.09	63.41	80.45	24.33	57.97	92.89	77.82	90.0	50.99	75.0	0.0	32.0	78.0	30.15	38.83	80.4	86.31	83.55	56.72	13.42	101.02	83.55	56.72	13.42	101.02	69.31	84.4	18.0	77.7	80.65	28.43	68.96	74.67	26.83
49	59.44	42.54	51.86	76.84	42.45	40.79	91.41	50.21	93.01	86.41	96.75	89.05	45.34	54.41	58.05	22.36	65.39	48.26	89.56	60.88	25.3	33.96	29.12	29.12	62.94	44.72	61.22	91.66	83.73	62.65	48.08	41.79	8.06	68.82	83.76	67.78	16.28	50.45	80.96	50.49	56.08	8.94	58.52	90.45	70.03	67.2	38.05	53.0	32.0	0.0	72.03	46.1	55.17	48.66	97.13	83.55	25.63	44.41	86.33	83.55	25.63	44.41	86.33	51.26	97.1	36.72	53.26	76.16	20.59	44.05	77.2	31.24
50	20.52	68.6	47.42	26.02	72.4	33.53	22.8	51.62	21.02	33.73	47.54	25.81	49.68	26.91	50.22	64.56	26.83	81.27	26.93	53.01	49.03	40.26	70.68	70.68	53.34	29.73	46.65	21.02	14.21	12.21	52.35	67.96	71.25	44.94	44.05	24.7	56.22	44.6	37.01	23.77	47.8	76.24	21.93	19.31	4.47	45.69	34.23	40.36	78.0	72.03	0.0	53.41	50.99	81.22	46.84	17.2	68.15	78.23	30.68	17.2	68.15	78.23	30.68	31.24	50.99	61.77	47.51	5.0	54.59	48.41	20.1	51.26
51	55.57	75.13	68.73	73.01	19.92	44.15	62.94	70.26	71.59	49.0	55.54	78.52	65.12	55.54	75.13	25.0	31.32	28.18	56.89	14.87	43.42	43.1	66.73	66.73	80.41	45.22	75.19	65.55	58.18	41.23	69.12	15.52	39.62	79.38	41.48	34.48	40.5	9.49	82.15	46.52	72.18	43.42	31.62	65.39	54.49	78.75	37.85	64.76	30.15	46.1	53.41	0.0	9.43	85.87	56.29	55.36	62.63	25.63	80.92	55.36	62.63	25.63	80.92	55.97	54.71	12.37	69.87	54.92	27.73	63.13	45.88	16.16
52	56.65	81.74	73.03	72.95	27.02	48.04	57.27	75.03	67.42	41.3	46.69	76.69	70.11	57.72	79.16	34.41	26.08	33.96	50.29	5.83	50.0	48.26	74.32	74.32	84.29	48.37	78.64	60.42	53.54	39.2	74.11	23.02	48.92	82.0	32.56	29.15	48.3	8.06	82.76	48.51	76.16	52.8	29.21	60.54	52.8	81.58	42.0	68.36	38.83	55.17	50.99	9.43	0.0	92.97	47.52	50.12	70.26	32.25	80.16	50.12	70.26	32.25	80.16	58.86	45.61	21.54	74.06	51.66	36.06	68.12	40.25	24.41
53	61.03	12.73	35.34	69.29	89.05	51.22	104.02	30.87	98.11	109.22	122.44	84.15	31.62	54.41	36.14	68.03	90.44	96.05	106.83	98.68	43.08	47.17	20.0	20.0	37.22	53.81	41.23	101.83	95.43	78.52	29.53	87.28	56.44	48.66	112.61	91.4	45.71	85.8	66.29	58.69	37.0	57.27	80.8	99.86	77.2	46.69	54.92	42.06	80.4	48.66	81.22	85.87	92.97	0.0	122.29	97.84	24.02	92.02	76.92	97.84	24.02	92.02	76.92	50.0	124.4	80.62	35.85	86.21	58.86	32.8	96.21	69.86
54	65.8	109.64	91.79	72.01	74.24	71.06	31.4	95.52	46.69	13.42	1.41	66.03	92.36	71.12	95.71	79.71	32.65	80.01	22.02	44.05	82.13	75.69	107.49	107.49	99.4	68.6	92.7	36.5	36.06	44.42	95.72	70.46	92.61	91.71	15.03	31.11	85.21	48.38	82.87	64.35	93.02	97.17	41.73	38.33	51.24	92.36	67.9	85.0	86.31	97.13	46.84	56.29	47.52	122.29	0.0	31.14	104.0	79.06	74.06	31.14	104.0	79.06	74.06	74.79	5.83	68.66	92.18	42.95	76.54	90.7	27.31	66.71
55	37.64	85.15	64.54	41.0	75.27	48.37	8.0	68.68	18.6	19.24	32.06	35.36	66.48	43.86	67.42	72.11	24.17	83.38	9.85	50.22	62.77	54.56	86.09	86.09	70.49	44.94	63.81	10.3	5.1	21.19	69.31	70.84	81.39	61.74	32.31	21.02	68.68	45.88	51.79	39.41	65.0	86.37	26.02	10.63	21.63	62.61	47.54	57.49	83.55	83.55	17.2	55.36	50.12	97.84	31.14	0.0	83.24	80.99	43.0	0.0	83.24	80.99	43.0	48.08	36.0	65.97	64.66	12.53	64.28	65.12	10.0	58.14
56	50.22	17.0	32.28	64.0	65.03	34.89	90.34	29.15	87.64	91.55	103.97	78.16	25.71	43.74	37.16	44.01	71.42	72.11	91.27	76.06	21.93	28.84	4.12	4.12	41.18	38.48	41.44	89.16	81.86	62.43	26.93	63.29	32.98	49.65	92.85	72.92	22.14	63.53	64.94	44.38	36.06	34.54	62.37	87.46	64.85	47.76	36.4	36.22	56.72	25.63	68.15	62.63	70.26	24.02	104.0	83.24	0.0	68.07	73.06	83.24	0.0	68.07	73.06	39.46	105.38	56.72	33.53	73.01	35.17	25.32	79.63	46.49
57	77.16	83.73	84.17	95.46	5.83	62.13	88.54	84.5	97.05	73.55	78.1	102.62	79.12	75.6	90.87	24.33	56.92	4.12	82.23	35.01	55.03	58.59	72.03	72.03	96.25	64.4	92.13	91.18	83.77	66.04	82.87	10.3	36.35	97.75	64.03	60.08	48.05	35.11	103.59	67.36	88.14	37.36	56.82	91.0	78.82	96.75	56.04	81.88	13.42	44.41	78.23	25.63	32.25	92.02	79.06	80.99	68.07	0.0	104.0	80.99	68.07	0.0	104.0	74.89	76.42	16.97	85.49	80.13	36.06	77.25	71.47	30.0
58	27.78	66.1	42.43	9.49	98.31	46.1	43.74	46.69	30.08	62.07	75.03	9.43	48.09	31.95	40.8	85.98	57.38	107.49	52.15	82.86	61.03	52.55	74.01	74.01	40.72	42.49	35.74	39.05	38.01	41.18	48.51	94.05	88.24	29.07	73.98	55.36	70.23	73.01	12.04	37.74	40.02	92.85	51.11	36.88	27.73	30.87	50.61	37.01	101.02	86.33	30.68	80.92	80.16	76.92	74.06	43.0	73.06	104.0	0.0	43.0	73.06	104.0	0.0	35.17	79.0	87.05	41.59	32.56	73.93	48.01	49.65	74.65
59	37.64	85.15	64.54	41.0	75.27	48.37	8.0	68.68	18.6	19.24	32.06	35.36	66.48	43.86	67.42	72.11	24.17	83.38	9.85	50.22	62.77	54.56	86.09	86.09	70.49	44.94	63.81	10.3	5.1	21.19	69.31	70.84	81.39	61.74	32.31	21.02	68.68	45.88	51.79	39.41	65.0	86.37	26.02	10.63	21.63	62.61	47.54	57.49	83.55	83.55	17.2	55.36	50.12	97.84	31.14	0.0	83.24	80.99	43.0	0.0	83.24	80.99	43.0	48.08	36.0	65.97	64.66	12.53	64.28	65.12	10.0	58.14
60	50.22	17.0	32.28	64.0	65.03	34.89	90.34	29.15	87.64	91.55	103.97	78.16	25.71	43.74	37.16	44.01	71.42	72.11	91.27	76.06	21.93	28.84	4.12	4.12	41.18	38.48	41.44	89.16	81.86	62.43	26.93	63.29	32.98	49.65	92.85	72.92	22.14	63.53	64.94	44.38	36.06	34.54	62.37	87.46	64.85	47.76	36.4	36.22	56.72	25.63	68.15	62.63	70.26	24.02	104.0	83.24	0.0	68.07	73.06	83.24	0.0	68.07	73.06	39.46	105.38	56.72	33.53	73.01	35.17	25.32	79.63	46.49
61	77.16	83.73	84.17	95.46	5.83	62.13	88.54	84.5	97.05	73.55	78.1	102.62	79.12	75.6	90.87	24.33	56.92	4.12	82.23	35.01	55.03	58.59	72.03	72.03	96.25	64.4	92.13	91.18	83.77	66.04	82.87	10.3	36.35	97.75	64.03	60.08	48.05	35.11	103.59	67.36	88.14	37.36	56.82	91.0	78.82	96.75	56.04	81.88	13.42	44.41	78.23	25.63	32.25	92.02	79.06	80.99	68.07	0.0	104.0	80.99	68.07	0.0	104.0	74.89	76.42	16.97	85.49	80.13	36.06	77.25	71.47	30.0
62	27.78	66.1	42.43	9.49	98.31	46.1	43.74	46.69	30.08	62.07	75.03	9.43	48.09	31.95	40.8	85.98	57.38	107.49	52.15	82.86	61.03	52.55	74.01	74.01	40.72	42.49	35.74	39.05	38.01	41.18	48.51	94.05	88.24	29.07	73.98	55.36	70.23	73.01	12.04	37.74	40.02	92.85	51.11	36.88	27.73	30.87	50.61	37.01	101.02	86.33	30.68	80.92	80.16	76.92	74.06	43.0	73.06	104.0	0.0	43.0	73.06	104.0	0.0	35.17	79.0	87.05	41.59	32.56	73.93	48.01	49.65	74.65
63	11.18	37.44	17.0	25.71	69.64	12.81	54.04	20.81	48.85	61.4	75.18	39.01	18.44	4.47	21.59	53.74	45.61	78.77	57.38	63.39	26.0	18.03	41.23	41.23	26.17	10.77	20.0	51.87	45.45	30.41	21.26	65.86	53.71	23.41	67.68	45.54	35.34	50.8	30.23	11.18	18.68	58.14	35.9	49.93	27.2	22.8	18.87	10.44	69.31	51.26	31.24	55.97	58.86	50.0	74.79	48.08	39.46	74.89	35.17	48.08	39.46	74.89	35.17	0.0	77.82	58.31	17.46	36.24	41.04	17.2	47.71	44.94
64	69.29	111.83	94.81	76.53	71.85	73.24	36.88	98.41	52.17	17.26	4.47	71.18	95.02	74.32	99.01	78.79	34.06	77.1	27.29	41.59	83.45	77.47	108.98	108.98	102.88	71.02	96.21	41.98	41.01	47.42	98.49	68.25	92.18	95.6	13.42	33.02	85.91	47.42	87.46	67.12	96.25	96.6	43.6	43.74	55.32	96.17	69.66	88.14	84.4	97.1	50.99	54.71	45.61	124.4	5.83	36.0	105.38	76.42	79.0	36.0	105.38	76.42	79.0	77.82	0.0	67.05	95.27	47.38	76.55	93.3	31.05	66.24
65	60.21	71.01	68.62	78.49	11.4	45.65	73.76	69.38	81.15	61.07	67.91	85.8	64.03	58.82	75.27	14.42	42.43	20.62	68.36	26.42	40.45	42.72	60.83	60.83	80.65	47.71	76.16	75.96	68.31	49.65	67.91	7.62	29.41	81.41	53.85	45.54	35.06	21.0	86.68	50.45	72.45	32.56	40.85	75.58	62.13	80.5	39.45	65.8	18.0	36.72	61.77	12.37	21.54	80.62	68.66	65.97	56.72	16.97	87.05	65.97	56.72	16.97	87.05	58.31	67.05	0.0	69.89	63.98	22.0	62.1	56.89	13.42
