set K:= 1	2	3	4	5	6	7	8	9;
set C_H:= 1	2	3	4	5	6	7	8	9	10	11	12	13	14	15	16	17	18;
set C_S:= 19	20	21	22	23	24	25	26	27	28	29	30	31	32	33	34	35	36;
set C_F:= 37	38	39	40	41	42	43	44	45	46	47	48	49	50	51	52	53	54;
set M:= 55	56	57	58	59	60;
set L_B:= 61	62	63	64	65	66	67	68	69;
set A1:=
(0,*) 1 2 3 4 5 6 7 8 9 10 11 12 13 14 15 16 17 18 37 38 39 40 41 42 43 44 45 46 47 48 49 50 51 52 53 54 55 56 57 58 59 60 61 62 63 64 65 66 67 68 69 70
(1,*) 0 2 3 4 5 6 7 8 9 10 11 12 13 14 15 16 17 18 37 38 39 40 41 42 43 44 45 46 47 48 49 50 51 52 53 54 55 56 57 58 59 60 61 62 63 64 65 66 67 68 69 70
(2,*) 0 1 3 4 5 6 7 8 9 10 11 12 13 14 15 16 17 18 37 38 39 40 41 42 43 44 45 46 47 48 49 50 51 52 53 54 55 56 57 58 59 60 61 62 63 64 65 66 67 68 69 70
(3,*) 0 1 2 4 5 6 7 8 9 10 11 12 13 14 15 16 17 18 37 38 39 40 41 42 43 44 45 46 47 48 49 50 51 52 53 54 55 56 57 58 59 60 61 62 63 64 65 66 67 68 69 70
(4,*) 0 1 2 3 5 6 7 8 9 10 11 12 13 14 15 16 17 18 37 38 39 40 41 42 43 44 45 46 47 48 49 50 51 52 53 54 55 56 57 58 59 60 61 62 63 64 65 66 67 68 69 70
(5,*) 0 1 2 3 4 6 7 8 9 10 11 12 13 14 15 16 17 18 37 38 39 40 41 42 43 44 45 46 47 48 49 50 51 52 53 54 55 56 57 58 59 60 61 62 63 64 65 66 67 68 69 70
(6,*) 0 1 2 3 4 5 7 8 9 10 11 12 13 14 15 16 17 18 37 38 39 40 41 42 43 44 45 46 47 48 49 50 51 52 53 54 55 56 57 58 59 60 61 62 63 64 65 66 67 68 69 70
(7,*) 0 1 2 3 4 5 6 8 9 10 11 12 13 14 15 16 17 18 37 38 39 40 41 42 43 44 45 46 47 48 49 50 51 52 53 54 55 56 57 58 59 60 61 62 63 64 65 66 67 68 69 70
(8,*) 0 1 2 3 4 5 6 7 9 10 11 12 13 14 15 16 17 18 37 38 39 40 41 42 43 44 45 46 47 48 49 50 51 52 53 54 55 56 57 58 59 60 61 62 63 64 65 66 67 68 69 70
(9,*) 0 1 2 3 4 5 6 7 8 10 11 12 13 14 15 16 17 18 37 38 39 40 41 42 43 44 45 46 47 48 49 50 51 52 53 54 55 56 57 58 59 60 61 62 63 64 65 66 67 68 69 70
(10,*) 0 1 2 3 4 5 6 7 8 9 11 12 13 14 15 16 17 18 37 38 39 40 41 42 43 44 45 46 47 48 49 50 51 52 53 54 55 56 57 58 59 60 61 62 63 64 65 66 67 68 69 70
(11,*) 0 1 2 3 4 5 6 7 8 9 10 12 13 14 15 16 17 18 37 38 39 40 41 42 43 44 45 46 47 48 49 50 51 52 53 54 55 56 57 58 59 60 61 62 63 64 65 66 67 68 69 70
(12,*) 0 1 2 3 4 5 6 7 8 9 10 11 13 14 15 16 17 18 37 38 39 40 41 42 43 44 45 46 47 48 49 50 51 52 53 54 55 56 57 58 59 60 61 62 63 64 65 66 67 68 69 70
(13,*) 0 1 2 3 4 5 6 7 8 9 10 11 12 14 15 16 17 18 37 38 39 40 41 42 43 44 45 46 47 48 49 50 51 52 53 54 55 56 57 58 59 60 61 62 63 64 65 66 67 68 69 70
(14,*) 0 1 2 3 4 5 6 7 8 9 10 11 12 13 15 16 17 18 37 38 39 40 41 42 43 44 45 46 47 48 49 50 51 52 53 54 55 56 57 58 59 60 61 62 63 64 65 66 67 68 69 70
(15,*) 0 1 2 3 4 5 6 7 8 9 10 11 12 13 14 16 17 18 37 38 39 40 41 42 43 44 45 46 47 48 49 50 51 52 53 54 55 56 57 58 59 60 61 62 63 64 65 66 67 68 69 70
(16,*) 0 1 2 3 4 5 6 7 8 9 10 11 12 13 14 15 17 18 37 38 39 40 41 42 43 44 45 46 47 48 49 50 51 52 53 54 55 56 57 58 59 60 61 62 63 64 65 66 67 68 69 70
(17,*) 0 1 2 3 4 5 6 7 8 9 10 11 12 13 14 15 16 18 37 38 39 40 41 42 43 44 45 46 47 48 49 50 51 52 53 54 55 56 57 58 59 60 61 62 63 64 65 66 67 68 69 70
(18,*) 0 1 2 3 4 5 6 7 8 9 10 11 12 13 14 15 16 17 37 38 39 40 41 42 43 44 45 46 47 48 49 50 51 52 53 54 55 56 57 58 59 60 61 62 63 64 65 66 67 68 69 70
(37,*) 0 1 2 3 4 5 6 7 8 9 10 11 12 13 14 15 16 17 18 38 39 40 41 42 43 44 45 46 47 48 49 50 51 52 53 54 55 56 57 58 59 60 61 62 63 64 65 66 67 68 69 70
(38,*) 0 1 2 3 4 5 6 7 8 9 10 11 12 13 14 15 16 17 18 37 39 40 41 42 43 44 45 46 47 48 49 50 51 52 53 54 55 56 57 58 59 60 61 62 63 64 65 66 67 68 69 70
(39,*) 0 1 2 3 4 5 6 7 8 9 10 11 12 13 14 15 16 17 18 37 38 40 41 42 43 44 45 46 47 48 49 50 51 52 53 54 55 56 57 58 59 60 61 62 63 64 65 66 67 68 69 70
(40,*) 0 1 2 3 4 5 6 7 8 9 10 11 12 13 14 15 16 17 18 37 38 39 41 42 43 44 45 46 47 48 49 50 51 52 53 54 55 56 57 58 59 60 61 62 63 64 65 66 67 68 69 70
(41,*) 0 1 2 3 4 5 6 7 8 9 10 11 12 13 14 15 16 17 18 37 38 39 40 42 43 44 45 46 47 48 49 50 51 52 53 54 55 56 57 58 59 60 61 62 63 64 65 66 67 68 69 70
(42,*) 0 1 2 3 4 5 6 7 8 9 10 11 12 13 14 15 16 17 18 37 38 39 40 41 43 44 45 46 47 48 49 50 51 52 53 54 55 56 57 58 59 60 61 62 63 64 65 66 67 68 69 70
(43,*) 0 1 2 3 4 5 6 7 8 9 10 11 12 13 14 15 16 17 18 37 38 39 40 41 42 44 45 46 47 48 49 50 51 52 53 54 55 56 57 58 59 60 61 62 63 64 65 66 67 68 69 70
(44,*) 0 1 2 3 4 5 6 7 8 9 10 11 12 13 14 15 16 17 18 37 38 39 40 41 42 43 45 46 47 48 49 50 51 52 53 54 55 56 57 58 59 60 61 62 63 64 65 66 67 68 69 70
(45,*) 0 1 2 3 4 5 6 7 8 9 10 11 12 13 14 15 16 17 18 37 38 39 40 41 42 43 44 46 47 48 49 50 51 52 53 54 55 56 57 58 59 60 61 62 63 64 65 66 67 68 69 70
(46,*) 0 1 2 3 4 5 6 7 8 9 10 11 12 13 14 15 16 17 18 37 38 39 40 41 42 43 44 45 47 48 49 50 51 52 53 54 55 56 57 58 59 60 61 62 63 64 65 66 67 68 69 70
(47,*) 0 1 2 3 4 5 6 7 8 9 10 11 12 13 14 15 16 17 18 37 38 39 40 41 42 43 44 45 46 48 49 50 51 52 53 54 55 56 57 58 59 60 61 62 63 64 65 66 67 68 69 70
(48,*) 0 1 2 3 4 5 6 7 8 9 10 11 12 13 14 15 16 17 18 37 38 39 40 41 42 43 44 45 46 47 49 50 51 52 53 54 55 56 57 58 59 60 61 62 63 64 65 66 67 68 69 70
(49,*) 0 1 2 3 4 5 6 7 8 9 10 11 12 13 14 15 16 17 18 37 38 39 40 41 42 43 44 45 46 47 48 50 51 52 53 54 55 56 57 58 59 60 61 62 63 64 65 66 67 68 69 70
(50,*) 0 1 2 3 4 5 6 7 8 9 10 11 12 13 14 15 16 17 18 37 38 39 40 41 42 43 44 45 46 47 48 49 51 52 53 54 55 56 57 58 59 60 61 62 63 64 65 66 67 68 69 70
(51,*) 0 1 2 3 4 5 6 7 8 9 10 11 12 13 14 15 16 17 18 37 38 39 40 41 42 43 44 45 46 47 48 49 50 52 53 54 55 56 57 58 59 60 61 62 63 64 65 66 67 68 69 70
(52,*) 0 1 2 3 4 5 6 7 8 9 10 11 12 13 14 15 16 17 18 37 38 39 40 41 42 43 44 45 46 47 48 49 50 51 53 54 55 56 57 58 59 60 61 62 63 64 65 66 67 68 69 70
(53,*) 0 1 2 3 4 5 6 7 8 9 10 11 12 13 14 15 16 17 18 37 38 39 40 41 42 43 44 45 46 47 48 49 50 51 52 54 55 56 57 58 59 60 61 62 63 64 65 66 67 68 69 70
(54,*) 0 1 2 3 4 5 6 7 8 9 10 11 12 13 14 15 16 17 18 37 38 39 40 41 42 43 44 45 46 47 48 49 50 51 52 53 55 56 57 58 59 60 61 62 63 64 65 66 67 68 69 70
(55,*) 0 1 2 3 4 5 6 7 8 9 10 11 12 13 14 15 16 17 18 37 38 39 40 41 42 43 44 45 46 47 48 49 50 51 52 53 54 56 57 58 59 60 61 62 63 64 65 66 67 68 69 70
(56,*) 0 1 2 3 4 5 6 7 8 9 10 11 12 13 14 15 16 17 18 37 38 39 40 41 42 43 44 45 46 47 48 49 50 51 52 53 54 55 57 58 59 60 61 62 63 64 65 66 67 68 69 70
(57,*) 0 1 2 3 4 5 6 7 8 9 10 11 12 13 14 15 16 17 18 37 38 39 40 41 42 43 44 45 46 47 48 49 50 51 52 53 54 55 56 58 59 60 61 62 63 64 65 66 67 68 69 70
(58,*) 0 1 2 3 4 5 6 7 8 9 10 11 12 13 14 15 16 17 18 37 38 39 40 41 42 43 44 45 46 47 48 49 50 51 52 53 54 55 56 57 59 60 61 62 63 64 65 66 67 68 69 70
(59,*) 0 1 2 3 4 5 6 7 8 9 10 11 12 13 14 15 16 17 18 37 38 39 40 41 42 43 44 45 46 47 48 49 50 51 52 53 54 55 56 57 58 60 61 62 63 64 65 66 67 68 69 70
(60,*) 0 1 2 3 4 5 6 7 8 9 10 11 12 13 14 15 16 17 18 37 38 39 40 41 42 43 44 45 46 47 48 49 50 51 52 53 54 55 56 57 58 59 61 62 63 64 65 66 67 68 69 70
(61,*) 0 1 2 3 4 5 6 7 8 9 10 11 12 13 14 15 16 17 18 37 38 39 40 41 42 43 44 45 46 47 48 49 50 51 52 53 54 55 56 57 58 59 60 62 63 64 65 66 67 68 69 70
(62,*) 0 1 2 3 4 5 6 7 8 9 10 11 12 13 14 15 16 17 18 37 38 39 40 41 42 43 44 45 46 47 48 49 50 51 52 53 54 55 56 57 58 59 60 61 63 64 65 66 67 68 69 70
(63,*) 0 1 2 3 4 5 6 7 8 9 10 11 12 13 14 15 16 17 18 37 38 39 40 41 42 43 44 45 46 47 48 49 50 51 52 53 54 55 56 57 58 59 60 61 62 64 65 66 67 68 69 70
(64,*) 0 1 2 3 4 5 6 7 8 9 10 11 12 13 14 15 16 17 18 37 38 39 40 41 42 43 44 45 46 47 48 49 50 51 52 53 54 55 56 57 58 59 60 61 62 63 65 66 67 68 69 70
(65,*) 0 1 2 3 4 5 6 7 8 9 10 11 12 13 14 15 16 17 18 37 38 39 40 41 42 43 44 45 46 47 48 49 50 51 52 53 54 55 56 57 58 59 60 61 62 63 64 66 67 68 69 70
(66,*) 0 1 2 3 4 5 6 7 8 9 10 11 12 13 14 15 16 17 18 37 38 39 40 41 42 43 44 45 46 47 48 49 50 51 52 53 54 55 56 57 58 59 60 61 62 63 64 65 67 68 69 70
(67,*) 0 1 2 3 4 5 6 7 8 9 10 11 12 13 14 15 16 17 18 37 38 39 40 41 42 43 44 45 46 47 48 49 50 51 52 53 54 55 56 57 58 59 60 61 62 63 64 65 66 68 69 70
(68,*) 0 1 2 3 4 5 6 7 8 9 10 11 12 13 14 15 16 17 18 37 38 39 40 41 42 43 44 45 46 47 48 49 50 51 52 53 54 55 56 57 58 59 60 61 62 63 64 65 66 67 69 70
(69,*) 0 1 2 3 4 5 6 7 8 9 10 11 12 13 14 15 16 17 18 37 38 39 40 41 42 43 44 45 46 47 48 49 50 51 52 53 54 55 56 57 58 59 60 61 62 63 64 65 66 67 68 70
(70,*) 0 1 2 3 4 5 6 7 8 9 10 11 12 13 14 15 16 17 18 37 38 39 40 41 42 43 44 45 46 47 48 49 50 51 52 53 54 55 56 57 58 59 60 61 62 63 64 65 66 67 68 69
;
set A2:=
(55,*) 56
(56,*) 55
(57,*) 58
(58,*) 57
(59,*) 60
(60,*) 59
;
param BigM:=99999;
param n:= 9;
param d:=
1	25
2	20
3	21
4	14
5	17
6	21
7	17
8	21
9	19
10	11
11	15
12	12
13	24
14	2
15	15
16	13
17	10
18	10
19	3
20	4
21	11
22	10
23	20
24	11
25	19
26	23
27	22
28	7
29	22
30	25
31	18
32	20
33	14
34	24
35	18
36	11
37	12
38	13
39	16
40	11
41	36
42	6
43	7
44	22
45	10
46	15
47	3
48	10
49	66
50	7
51	12
52	5
53	7
54	12
;
param Q:=100;
param w:=
[55,*] 56 0.5
[56,*] 55 0.5
[57,*] 58 0.5
[58,*] 57 0.5
[59,*] 60 0.5
[60,*] 59 0.5
;
param V:=
[55,*] 56 95
[56,*] 55 95
[57,*] 58 96
[58,*] 57 96
[59,*] 60 74
[60,*] 59 74
;
param e:
	55	56	57	58	59	60	61	62	63	64	65	66	67	68	69:=
19		0		0		0		0		0		0		0		0		0		0		0		0		0		0		1	
20		0		0		0		1		0		0		0		0		0		1		0		0		0		0		0	
21		0		0		0		0		0		0		1		0		0		0		0		0		0		0		0	
22		0		0		0		0		0		0		0		0		0		1		0		0		1		0		0	
23		0		0		1		0		0		0		0		0		0		0		0		0		0		0		1	
24		1		0		0		0		0		0		0		0		0		0		0		0		0		1		0	
25		0		0		0		0		1		0		0		0		0		0		1		0		0		0		0	
26		1		0		0		1		0		0		0		0		0		0		0		0		0		0		0	
27		1		0		0		0		0		0		0		0		0		0		1		0		0		0		0	
28		0		0		0		0		0		0		0		0		0		0		1		0		0		0		0	
29		0		0		0		0		0		0		1		0		0		0		0		0		0		0		0	
30		0		0		1		0		0		0		0		0		0		0		0		1		0		0		1	
31		0		0		0		0		0		1		0		0		1		0		0		0		0		0		0	
32		1		0		0		0		0		0		0		0		0		0		0		0		0		0		0	
33		0		0		0		0		0		0		0		0		0		1		0		0		0		0		0	
34		0		0		1		0		0		1		0		0		0		0		0		0		0		0		1	
35		0		1		0		0		0		0		0		0		0		0		0		0		0		0		0	
36		0		1		0		0		0		1		0		0		1		0		0		0		0		0		0	
37		0		1		0		0		0		0		0		0		0		0		0		0		0		0		0	
38		0		0		0		0		0		0		1		0		0		0		0		0		1		0		0	
39		0		0		0		0		0		0		1		0		0		0		0		0		1		0		0	
40		0		0		0		0		0		0		1		0		0		1		0		0		1		0		0	
41		0		1		0		0		0		0		0		0		0		0		0		0		0		0		0	
42		0		0		0		0		0		1		0		0		0		0		0		0		0		0		0	
43		0		0		0		0		0		0		1		0		0		0		0		0		1		0		0	
44		0		1		0		0		0		0		1		0		0		0		0		0		1		0		0	
45		1		0		0		0		0		0		0		0		0		0		0		0		0		1		0	
46		1		0		0		0		1		0		0		0		0		0		0		0		0		1		0	
47		0		1		0		0		0		1		0		0		0		0		0		0		0		0		0	
48		0		0		0		0		0		1		0		0		1		0		0		1		0		0		1	
49		0		0		0		0		0		0		0		0		1		0		0		1		0		0		1	
50		0		0		0		0		0		1		0		0		1		0		0		1		0		0		1	
51		0		0		0		0		1		0		0		0		0		0		1		0		0		0		0	
52		1		0		0		0		1		0		0		0		0		0		1		0		0		0		0	
53		0		0		0		0		1		0		0		1		0		0		0		0		0		0		0	
54		1		0		0		0		1		0		0		0		0		0		1		0		0		0		0	
;
param p:=
1	1
2	1
3	1
4	1
5	1
6	1
7	1
8	1
9	1
;
param G:=
55	95
56	76
57	96
58	80
59	72
60	74
61	75
62	86
63	74
64	95
65	78
66	71
67	74
68	70
69	79
;
param s:=
0	0
1	10
2	10
3	10
4	10
5	10
6	10
7	10
8	10
9	10
10	10
11	10
12	10
13	10
14	10
15	10
16	10
17	10
18	10
37	10
38	10
39	10
40	10
41	10
42	10
43	10
44	10
45	10
46	10
47	10
48	10
49	10
50	10
51	10
52	10
53	10
54	10
55	10
56	10
57	10
58	10
59	10
60	10
61	10
62	10
63	10
64	10
65	10
66	10
67	10
68	10
69	10
;
param t:
	0	1	2	3	4	5	6	7	8	9	10	11	12	13	14	15	16	17	18	19	20	21	22	23	24	25	26	27	28	29	30	31	32	33	34	35	36	37	38	39	40	41	42	43	44	45	46	47	48	49	50	51	52	53	54	55	56	57	58	59	60	61	62	63	64	65	66	67	68	69	70:=
0	0.0	26.91	48.85	26.63	52.2	43.19	30.07	33.62	66.31	26.93	29.61	27.29	29.41	31.89	6.71	19.85	73.41	60.21	30.02	60.44	18.6	34.37	10.0	71.59	38.83	52.39	16.28	34.66	22.36	22.83	67.48	60.75	20.52	27.07	80.81	61.03	43.17	48.55	25.5	18.68	27.46	52.2	65.46	31.11	14.87	37.7	40.8	59.44	55.57	56.65	58.25	39.05	38.33	65.8	47.2	37.64	50.22	77.16	27.78	47.51	61.61	20.62	80.41	51.66	16.97	40.31	56.04	12.08	32.2	62.24	0.0
1	26.91	0.0	65.01	33.06	32.39	70.01	52.5	12.08	92.18	9.43	49.04	15.65	6.71	6.08	20.81	7.07	76.32	84.5	6.71	78.01	34.21	29.68	27.86	79.48	65.3	78.39	43.14	61.52	47.41	31.06	76.22	56.59	47.42	17.46	88.24	35.34	38.42	23.77	25.96	25.0	4.24	32.39	60.14	4.47	25.32	62.97	67.36	51.86	68.73	73.03	60.9	62.3	62.39	91.79	74.03	64.54	32.28	84.17	42.43	74.06	64.5	12.04	104.36	58.52	31.05	66.37	67.47	15.81	58.8	69.64	26.91
2	48.85	65.01	0.0	75.13	67.54	53.45	22.67	76.24	47.76	70.58	70.04	73.55	62.2	66.19	49.73	60.3	39.0	34.01	71.11	13.15	65.51	42.72	40.52	29.41	55.95	40.11	46.01	48.75	32.53	34.01	25.0	44.94	44.6	73.98	37.58	85.8	41.88	74.33	40.45	40.01	68.12	67.54	49.24	67.07	40.31	62.27	56.08	50.45	9.49	8.06	31.38	21.84	25.0	48.38	47.52	45.88	63.53	35.11	73.01	43.19	32.28	53.0	48.08	21.47	64.88	35.9	13.04	57.72	51.97	24.0	48.85
3	26.63	33.06	75.13	0.0	65.38	53.76	54.71	29.41	83.73	25.18	21.26	19.65	39.32	39.01	28.32	28.86	99.09	81.06	30.27	86.16	11.0	55.95	36.24	98.08	47.17	70.26	33.14	47.07	45.35	48.1	94.02	83.86	37.01	17.72	107.3	66.29	65.37	56.14	48.26	42.64	30.02	65.38	88.19	37.0	39.62	41.18	49.4	80.96	82.15	82.76	83.63	62.37	60.83	82.87	61.39	51.79	64.94	103.59	12.04	63.64	87.11	36.77	101.0	77.83	10.44	59.01	82.66	22.83	42.45	88.62	26.63
4	52.2	32.39	67.54	65.38	0.0	93.06	65.8	40.31	107.48	41.23	79.51	47.54	26.08	26.68	45.61	37.0	60.53	96.54	36.69	80.11	65.12	25.61	46.96	69.07	89.96	94.92	67.23	84.53	65.46	39.7	67.36	36.67	70.68	49.48	76.06	20.0	26.25	14.21	32.02	37.74	35.9	0.0	37.95	28.86	41.18	89.81	91.71	29.12	66.73	74.32	48.04	74.97	76.38	107.49	94.3	86.09	4.12	72.03	74.01	92.8	51.0	31.78	114.28	51.42	62.07	84.02	63.6	45.18	83.26	60.41	52.2
5	43.19	70.01	53.45	53.76	93.06	0.0	34.01	75.0	32.56	68.41	35.13	66.57	72.47	75.07	49.68	62.94	91.41	36.06	72.35	56.94	43.46	70.23	46.14	82.86	7.0	21.95	26.91	8.6	28.86	55.03	78.45	89.36	22.8	65.51	90.82	104.02	76.4	91.4	61.85	55.46	70.09	93.06	94.34	74.28	51.88	15.3	5.1	91.41	62.94	57.27	80.1	31.62	28.46	31.4	9.85	8.0	90.34	88.54	43.74	14.42	82.3	63.01	52.81	70.26	45.62	17.89	66.22	54.49	11.66	76.69	43.19
6	30.07	52.5	22.67	54.71	65.8	34.01	0.0	61.98	41.77	55.58	47.51	57.04	51.89	55.54	33.24	46.32	57.97	32.2	57.49	31.76	44.38	40.61	24.74	51.0	34.93	29.21	23.6	27.66	10.0	26.17	46.53	55.73	21.93	57.0	59.68	80.8	44.72	68.24	33.97	29.68	54.57	65.8	60.67	55.71	27.73	40.31	35.51	58.52	31.62	29.21	46.1	9.85	10.63	41.73	31.05	26.02	62.37	56.82	51.11	28.23	48.37	41.63	51.87	36.35	44.27	19.31	34.0	41.11	30.08	43.66	30.07
7	33.62	12.08	76.24	29.41	40.31	75.0	61.98	0.0	99.92	6.71	48.88	9.85	17.8	14.87	28.86	16.0	88.32	93.41	5.39	89.09	34.41	41.68	37.34	91.55	69.53	86.01	48.88	66.85	55.66	42.58	88.26	68.12	53.34	11.7	100.32	37.22	50.22	28.44	37.95	36.35	8.25	40.31	71.45	12.73	36.01	65.8	71.7	62.94	80.41	84.29	72.95	71.59	71.31	99.4	80.26	70.49	41.18	96.25	40.72	80.95	76.54	23.77	113.51	70.58	31.4	73.93	79.31	21.54	63.41	81.71	33.62
8	66.31	92.18	47.76	83.73	107.48	32.56	41.77	99.92	0.0	93.23	67.07	92.97	92.65	96.04	71.55	85.42	85.51	14.14	96.18	43.1	72.84	82.07	64.66	73.33	39.46	13.93	51.92	37.01	44.78	67.94	69.58	92.14	47.54	92.35	79.0	122.44	85.0	109.81	75.74	71.22	93.47	107.48	96.66	95.88	68.82	47.85	37.66	96.75	55.54	46.69	79.12	32.56	31.14	1.41	23.09	32.06	103.97	78.1	75.03	20.1	80.01	82.38	21.1	69.08	74.33	26.0	59.91	78.39	42.0	70.83	66.31
9	26.93	9.43	70.58	25.18	41.23	68.41	55.58	6.71	93.23	0.0	43.38	6.32	16.12	14.56	22.36	10.44	84.88	86.83	5.1	83.29	28.65	38.42	31.06	87.24	63.03	79.31	42.19	60.22	49.04	37.36	83.77	65.76	46.65	8.25	96.15	41.23	47.42	31.02	33.54	31.05	5.39	41.23	69.43	12.37	30.27	59.55	65.19	61.22	75.19	78.64	69.34	65.12	64.76	92.7	73.57	63.81	41.44	92.13	35.74	74.24	72.95	19.24	106.96	66.21	25.55	67.23	74.33	14.87	56.85	77.39	26.93
10	29.61	49.04	70.04	21.26	79.51	35.13	47.51	48.88	67.07	43.38	0.0	39.12	54.13	55.08	35.13	42.95	100.85	67.19	48.33	78.82	14.87	63.95	38.9	96.83	28.16	54.59	24.04	30.27	37.54	51.87	92.46	90.14	25.81	37.44	105.89	84.15	72.78	72.8	55.11	48.27	47.17	79.51	94.92	53.45	44.38	20.88	30.27	89.05	78.52	76.69	86.31	52.48	50.12	66.03	44.01	35.36	78.16	102.62	9.43	47.27	89.47	48.04	86.15	78.55	18.03	44.92	80.16	34.37	25.18	88.23	29.61
11	27.29	15.65	73.55	19.65	47.54	66.57	57.04	9.85	92.97	6.32	39.12	0.0	22.36	20.88	24.08	15.0	90.0	87.48	11.05	85.99	24.84	43.86	33.24	91.71	60.8	79.06	41.23	58.67	49.65	41.23	88.1	71.51	45.69	2.0	100.72	46.69	53.04	37.01	38.28	34.93	11.7	47.54	75.29	18.68	33.53	56.59	63.01	67.2	78.75	81.58	74.4	66.27	65.62	92.36	72.45	62.61	47.76	96.75	30.87	73.54	78.01	24.21	107.69	70.71	21.93	67.05	78.19	16.03	54.92	81.88	27.29
12	29.41	6.71	62.2	39.32	26.08	72.47	51.89	17.8	92.65	16.12	54.13	22.36	0.0	4.0	22.8	11.18	70.71	84.1	12.73	75.33	39.46	24.17	28.02	74.63	68.24	79.06	45.61	63.89	48.01	28.28	71.57	50.33	49.68	24.17	83.22	31.62	32.45	19.24	22.02	22.8	10.82	26.08	53.74	5.39	24.17	66.65	70.21	45.34	65.12	70.11	55.46	61.74	62.18	92.36	75.69	66.48	25.71	79.12	48.09	75.29	59.03	10.3	103.62	53.85	36.35	67.2	63.51	19.92	61.61	64.85	29.41
13	31.89	6.08	66.19	39.01	26.68	75.07	55.54	14.87	96.04	14.56	55.08	20.88	4.0	0.0	25.46	12.53	74.24	87.73	10.3	79.31	40.26	27.86	31.38	78.45	70.6	82.38	48.17	66.53	51.31	32.25	75.43	53.41	52.35	22.8	86.98	29.53	35.85	17.72	26.02	26.68	9.22	26.68	56.64	2.24	27.86	68.6	72.62	48.08	69.12	74.11	59.09	65.39	65.74	95.72	78.64	69.31	26.93	82.87	48.51	78.41	62.65	13.93	107.34	57.72	37.11	70.46	67.48	21.47	64.03	68.68	31.89
14	6.71	20.81	49.73	28.32	45.61	49.68	33.24	28.86	71.55	22.36	35.13	24.08	22.8	25.46	0.0	13.89	70.77	64.56	24.7	61.98	22.47	29.12	9.22	70.21	45.49	57.71	22.8	41.11	26.93	19.8	66.29	56.36	26.91	24.33	79.4	54.41	38.28	41.88	20.62	14.42	21.93	45.61	60.93	24.84	11.31	44.38	47.43	54.41	55.54	57.72	55.32	42.76	42.45	71.12	53.26	43.86	43.74	75.6	31.95	53.25	58.8	13.93	84.65	49.68	20.12	45.65	55.47	8.06	38.83	60.61	6.71
15	19.85	7.07	60.3	28.86	37.0	62.94	46.32	16.0	85.42	10.44	42.95	15.0	11.18	12.53	13.89	0.0	75.0	78.11	11.18	73.11	28.28	29.0	21.59	76.92	58.26	71.59	36.07	54.45	40.72	26.93	73.41	56.85	40.36	16.28	85.88	42.06	38.29	30.08	23.32	20.62	8.25	37.0	60.8	11.4	20.02	56.08	60.31	53.0	64.76	68.36	59.41	56.04	55.97	85.0	67.01	57.49	36.22	81.88	37.01	67.12	63.01	9.22	98.08	55.9	25.18	59.54	63.89	8.94	51.74	67.08	19.85
16	73.41	76.32	39.0	99.09	60.53	91.41	57.97	88.32	85.51	84.88	100.85	90.0	70.71	74.24	70.77	75.0	0.0	71.39	83.01	43.01	92.01	46.65	63.41	14.21	92.89	79.06	77.82	85.62	66.13	50.99	16.55	24.02	78.0	91.21	16.76	80.4	38.48	73.01	51.86	56.57	80.45	60.53	24.33	76.06	59.46	98.03	93.39	32.0	30.15	38.83	15.62	60.3	63.39	86.31	86.28	83.55	56.72	13.42	101.02	82.1	12.04	65.8	80.53	22.36	90.27	74.43	26.02	77.1	87.93	15.0	73.41
17	60.21	84.5	34.01	81.06	96.54	36.06	32.2	93.41	14.14	86.83	67.19	87.48	84.1	87.73	64.56	78.11	71.39	0.0	89.19	29.02	70.06	70.94	56.65	59.21	42.06	14.21	48.0	37.34	37.85	57.69	55.44	78.77	44.05	87.13	65.03	112.61	72.92	100.17	65.46	61.77	86.33	96.54	83.19	87.85	59.93	50.54	40.82	83.76	41.48	32.56	65.39	22.36	22.14	15.03	26.4	32.31	92.85	64.03	73.98	21.63	66.13	73.82	20.22	55.46	71.0	22.36	45.88	72.03	42.38	56.75	60.21
18	30.02	6.71	71.11	30.27	36.69	72.35	57.49	5.39	96.18	5.1	48.33	11.05	12.73	10.3	24.7	11.18	83.01	89.19	0.0	84.02	33.54	36.36	32.76	86.16	67.18	82.29	45.8	64.03	51.62	37.34	82.87	63.03	50.22	13.04	94.94	36.14	45.0	26.0	32.57	31.14	3.0	36.69	66.47	8.06	31.02	64.03	69.31	58.05	75.13	79.16	67.6	67.19	67.05	95.71	77.1	67.42	37.16	90.87	40.8	77.52	71.2	18.44	109.2	65.19	30.41	70.21	73.98	18.03	60.88	76.32	30.02
19	60.44	78.01	13.15	86.16	80.11	56.94	31.76	89.09	43.1	83.29	78.82	85.99	75.33	79.31	61.98	73.11	43.01	29.02	84.02	0.0	76.06	55.66	52.77	30.27	60.8	39.29	55.23	54.04	41.68	47.1	26.68	54.49	53.01	86.31	36.12	98.68	54.12	87.36	53.6	53.01	81.02	80.11	58.26	80.16	53.08	68.12	60.46	60.88	14.87	5.83	39.82	26.87	29.73	44.05	49.24	50.22	76.06	35.01	82.86	44.38	39.66	66.03	38.28	31.14	75.77	39.12	19.21	70.04	58.05	29.07	60.44
20	18.6	34.21	65.51	11.0	65.12	43.46	44.38	34.41	72.84	28.65	14.87	24.84	39.46	40.26	22.47	28.28	92.01	70.06	33.54	76.06	0.0	51.55	28.6	89.83	37.12	59.3	22.2	36.4	34.79	41.34	85.63	78.79	26.02	23.35	99.04	69.29	60.75	57.97	43.08	36.67	32.31	65.12	83.38	38.6	33.12	32.02	39.36	76.84	73.01	72.95	76.84	51.66	50.01	72.01	50.7	41.0	64.0	95.46	9.49	52.77	80.21	34.13	90.0	70.18	3.16	48.01	73.88	20.0	31.95	80.62	18.6
21	34.37	29.68	42.72	55.95	25.61	70.23	40.61	41.68	82.07	38.42	63.95	43.86	24.17	27.86	29.12	29.0	46.65	70.94	36.36	55.66	51.55	0.0	26.02	50.7	68.15	69.81	46.39	61.98	41.63	15.23	47.85	28.02	49.03	45.25	59.14	43.08	9.43	31.78	9.0	16.0	33.84	25.61	32.25	29.55	20.0	69.58	69.64	25.3	43.42	50.0	31.3	49.52	51.09	82.13	70.24	62.77	21.93	55.03	61.03	68.26	34.89	19.85	88.75	30.27	49.04	59.36	41.05	33.12	61.61	41.0	34.37
22	10.0	27.86	40.52	36.24	46.96	46.14	24.74	37.34	64.66	31.06	38.9	33.24	28.02	31.38	9.22	21.59	63.41	56.65	32.76	52.77	28.6	26.02	0.0	61.85	43.08	51.04	20.62	37.59	20.0	13.0	57.8	51.24	23.77	33.54	71.06	58.69	34.23	45.97	17.03	10.05	29.83	46.96	56.04	31.3	6.08	43.74	44.78	50.49	46.52	48.51	48.26	34.48	34.54	64.35	48.17	39.41	44.38	67.36	37.74	47.42	51.61	17.8	76.54	41.73	26.91	39.2	46.65	17.26	36.4	52.4	10.0
23	71.59	79.48	29.41	98.08	69.07	82.86	51.0	91.55	73.33	87.24	96.83	91.71	74.63	78.45	70.21	76.92	14.21	59.21	86.16	30.27	89.83	50.7	61.85	0.0	85.23	68.26	73.01	78.0	60.21	50.77	4.47	34.48	72.4	92.66	9.22	89.05	44.28	80.22	53.71	56.94	83.38	69.07	36.25	80.01	59.08	91.24	85.44	42.45	19.92	27.02	21.02	51.24	54.41	74.24	76.69	75.27	65.03	5.83	98.31	72.18	18.25	68.03	66.85	21.02	88.53	65.25	17.0	77.39	80.96	9.85	71.59
24	38.83	65.3	55.95	47.17	89.96	7.0	34.93	69.53	39.46	63.03	28.16	60.8	68.24	70.6	45.49	58.26	92.89	42.06	67.18	60.8	37.12	68.15	43.08	85.23	0.0	28.23	22.83	7.28	28.0	53.15	80.78	89.01	19.31	59.64	93.52	99.86	74.97	87.37	59.48	52.81	65.07	89.96	94.01	69.66	49.04	8.54	2.24	90.45	65.39	60.54	80.75	34.48	31.38	38.33	16.49	10.63	87.46	91.0	36.88	20.62	83.19	59.17	59.48	71.2	39.45	21.93	68.35	49.58	6.71	78.45	38.83
25	52.39	78.39	40.11	70.26	94.92	21.95	29.21	86.01	13.93	79.31	54.59	79.06	79.06	82.38	57.71	71.59	79.06	14.21	82.29	39.29	59.3	69.81	51.04	68.26	28.23	0.0	38.08	24.33	31.06	55.23	64.12	82.54	33.73	78.45	75.13	109.22	73.57	96.54	62.97	58.05	79.61	94.92	87.28	82.15	55.44	36.77	26.83	86.41	49.0	41.3	70.61	21.02	18.87	13.42	12.21	19.24	91.55	73.55	62.07	7.62	72.01	68.82	31.58	60.42	60.67	12.08	53.04	64.47	29.43	64.07	52.39
26	16.28	43.14	46.01	33.14	67.23	26.91	23.6	48.88	51.92	42.19	24.04	41.23	45.61	48.17	22.8	36.07	77.82	48.0	45.8	55.23	22.2	46.39	20.62	73.01	22.83	38.08	0.0	18.38	13.6	32.0	68.6	69.72	4.47	40.5	82.01	77.2	54.01	64.64	37.48	30.59	43.42	67.23	74.67	47.38	26.68	23.19	24.7	70.03	54.49	52.8	63.91	29.73	27.89	51.24	31.38	21.63	64.85	78.82	27.73	32.31	66.85	36.36	68.07	55.46	23.0	26.31	56.22	27.8	16.12	64.66	16.28
27	34.66	61.52	48.75	47.07	84.53	8.6	27.66	66.85	37.01	60.22	30.27	58.67	63.89	66.53	41.11	54.45	85.62	37.34	64.03	54.04	36.4	61.98	37.59	78.0	7.28	24.33	18.38	0.0	21.1	46.84	73.54	82.05	14.21	57.71	86.33	95.43	68.45	82.8	53.49	47.01	61.72	84.53	87.05	65.76	43.38	14.14	8.0	83.73	58.18	53.54	73.55	27.46	24.41	36.06	14.32	5.1	81.86	83.77	38.01	17.03	75.95	54.41	55.9	63.95	38.28	15.81	61.1	46.1	5.1	71.17	34.66
28	22.36	47.41	32.53	45.35	65.46	28.86	10.0	55.66	44.78	49.04	37.54	49.65	48.01	51.31	26.93	40.72	66.13	37.85	51.62	41.68	34.79	41.63	20.0	60.21	28.0	31.06	13.6	21.1	0.0	26.4	55.76	61.01	12.21	49.37	69.07	78.52	47.54	65.8	33.62	27.8	48.85	65.46	66.01	51.11	24.76	32.02	29.07	62.65	41.23	39.2	53.15	17.12	16.03	44.42	28.84	21.19	62.43	66.04	41.18	27.59	55.79	37.8	58.05	43.97	34.93	19.21	43.27	34.21	22.2	52.33	22.36
29	22.83	31.06	34.01	48.1	39.7	55.03	26.17	42.58	67.94	37.36	51.87	41.23	28.28	32.25	19.8	26.93	50.99	57.69	37.34	47.1	41.34	15.23	13.0	50.77	53.15	55.23	32.0	46.84	26.4	0.0	47.01	38.33	34.23	42.05	59.91	54.92	22.02	42.54	7.81	6.32	34.37	39.7	43.17	33.06	8.49	55.08	54.57	38.05	37.85	42.0	35.61	35.61	36.8	67.9	55.07	47.54	36.4	56.04	50.61	53.25	39.05	19.03	76.48	30.0	39.41	44.41	37.0	26.63	46.69	41.05	22.83
30	67.48	76.22	25.0	94.02	67.36	78.45	46.53	88.26	69.58	83.77	92.46	88.1	71.57	75.43	66.29	73.41	16.55	55.44	82.87	26.68	85.63	47.85	57.8	4.47	80.78	64.12	68.6	73.54	55.76	47.01	0.0	34.01	67.96	89.01	13.45	87.28	42.01	78.03	50.33	53.24	80.06	67.36	36.36	76.92	55.23	86.76	80.99	41.79	15.52	23.02	19.65	46.84	50.0	70.46	72.37	70.84	63.29	10.3	94.05	67.9	17.46	64.62	63.98	17.72	84.39	60.88	12.53	73.57	76.49	7.0	67.48
31	60.75	56.59	44.94	83.86	36.67	89.36	55.73	68.12	92.14	65.76	90.14	71.51	50.33	53.41	56.36	56.85	24.02	78.77	63.03	54.49	78.79	28.02	51.24	34.48	89.01	82.54	69.72	82.05	61.01	38.33	34.01	0.0	71.25	73.0	40.2	56.44	18.6	49.65	35.78	42.15	60.83	36.67	5.0	55.44	45.88	92.27	90.05	8.06	39.62	48.92	15.0	61.68	64.29	92.61	86.68	81.39	32.98	36.35	88.24	83.43	16.55	47.8	92.46	23.6	76.49	74.73	35.36	61.06	83.02	27.78	60.75
32	20.52	47.42	44.6	37.01	70.68	22.8	21.93	53.34	47.54	46.65	25.81	45.69	49.68	52.35	26.91	40.36	78.0	44.05	50.22	53.01	26.02	49.03	23.77	72.4	19.31	33.73	4.47	14.21	12.21	34.23	67.96	71.25	0.0	44.94	81.27	81.22	56.22	68.6	40.26	33.53	47.8	70.68	76.24	51.62	29.73	21.02	21.02	72.03	53.41	50.99	64.56	26.83	24.7	46.84	26.93	17.2	68.15	78.23	30.68	27.86	67.36	40.22	64.01	55.71	27.07	22.09	55.47	32.2	12.65	64.41	20.52
33	27.07	17.46	73.98	17.72	49.48	65.51	57.0	11.7	92.35	8.25	37.44	2.0	24.17	22.8	24.33	16.28	91.21	87.13	13.04	86.31	23.35	45.25	33.54	92.66	59.64	78.45	40.5	57.71	49.37	42.05	89.01	73.0	44.94	0.0	101.71	48.66	54.49	39.01	39.41	35.78	13.6	49.48	76.84	20.62	34.18	55.23	61.85	68.82	79.38	82.0	75.6	66.12	65.38	91.71	71.59	61.74	49.65	97.75	29.07	72.8	79.2	25.5	107.35	71.69	20.52	66.48	78.92	16.28	53.85	82.86	27.07
34	80.81	88.24	37.58	107.3	76.06	90.82	59.68	100.32	79.0	96.15	105.89	100.72	83.22	86.98	79.4	85.88	16.76	65.03	94.94	36.12	99.04	59.14	71.06	9.22	93.52	75.13	82.01	86.33	69.07	59.91	13.45	40.2	81.27	101.71	0.0	96.05	52.17	87.82	62.61	66.04	92.2	76.06	41.0	88.6	68.24	99.76	93.62	48.26	28.18	33.96	28.44	59.24	62.39	80.01	84.2	83.38	72.11	4.12	107.49	79.56	25.18	76.92	70.34	30.02	97.74	73.05	25.81	86.53	89.47	18.87	80.81
35	61.03	35.34	85.8	66.29	20.0	104.02	80.8	37.22	122.44	41.23	84.15	46.69	31.62	29.53	54.41	42.06	80.4	112.61	36.14	98.68	69.29	43.08	58.69	89.05	99.86	109.22	77.2	95.43	78.52	54.92	87.28	56.44	81.22	48.66	96.05	0.0	45.71	12.73	47.17	51.22	37.0	20.0	57.27	30.87	53.81	98.11	101.83	48.66	85.87	92.97	68.03	90.44	91.4	122.29	106.83	97.84	24.02	92.02	76.92	106.08	71.0	41.11	131.23	71.02	66.13	97.67	82.98	51.0	93.23	80.31	61.03
36	43.17	38.42	41.88	65.37	26.25	76.4	44.72	50.22	85.0	47.42	72.78	53.04	32.45	35.85	38.28	38.29	38.48	72.92	45.0	54.12	60.75	9.43	34.23	44.28	74.97	73.57	54.01	68.45	47.54	22.02	42.01	18.6	56.22	54.49	52.17	45.71	0.0	36.01	17.72	24.52	42.64	26.25	22.83	37.74	28.44	77.1	76.3	16.28	40.5	48.3	23.77	52.7	54.71	85.21	75.39	68.68	22.14	48.05	70.23	72.92	27.2	29.21	89.5	25.32	58.31	63.98	37.36	42.54	68.59	35.01	43.17
37	48.55	23.77	74.33	56.14	14.21	91.4	68.24	28.44	109.81	31.02	72.8	37.01	19.24	17.72	41.88	30.08	73.01	100.17	26.0	87.36	57.97	31.78	45.97	80.22	87.37	96.54	64.64	82.8	65.8	42.54	78.03	49.65	68.6	39.01	87.82	12.73	36.01	0.0	34.89	38.6	26.17	14.21	51.48	19.42	41.11	85.88	89.31	42.54	75.13	81.74	59.41	77.94	78.82	109.64	94.11	85.15	17.0	83.73	66.1	93.35	62.65	28.43	119.0	61.07	54.82	84.96	72.56	39.0	80.71	71.03	48.55
38	25.5	25.96	40.45	48.26	32.02	61.85	33.97	37.95	75.74	33.54	55.11	38.28	22.02	26.02	20.62	23.32	51.86	65.46	32.57	53.6	43.08	9.0	17.03	53.71	59.48	62.97	37.48	53.49	33.62	7.81	50.33	35.78	40.26	39.41	62.61	47.17	17.72	34.89	0.0	7.0	29.73	32.02	40.31	27.17	11.0	60.67	61.03	33.96	43.1	48.26	36.24	43.42	44.6	75.69	62.43	54.56	28.84	58.59	52.55	60.8	39.82	14.32	84.12	32.7	40.72	52.01	41.59	25.61	52.89	43.86	25.5
39	18.68	25.0	40.01	42.64	37.74	55.46	29.68	36.35	71.22	31.05	48.27	34.93	22.8	26.68	14.42	20.62	56.57	61.77	31.14	53.01	36.67	16.0	10.05	56.94	52.81	58.05	30.59	47.01	27.8	6.32	53.24	42.15	33.53	35.78	66.04	51.22	24.52	38.6	7.0	0.0	28.16	37.74	46.82	27.29	4.0	53.76	54.42	40.79	44.15	48.04	41.04	39.45	40.22	71.06	56.61	48.37	34.89	62.13	46.1	55.32	44.55	13.04	81.02	36.06	34.48	46.69	43.32	20.62	46.17	47.17	18.68
40	27.46	4.24	68.12	30.02	35.9	70.09	54.57	8.25	93.47	5.39	47.17	11.7	10.82	9.22	21.93	8.25	80.45	86.33	3.0	81.02	32.31	33.84	29.83	83.38	65.07	79.61	43.42	61.72	48.85	34.37	80.06	60.83	47.8	13.6	92.2	37.0	42.64	26.17	29.73	28.16	0.0	35.9	64.38	7.07	28.02	62.2	67.18	56.08	72.18	76.16	65.0	64.29	64.2	93.02	74.63	65.0	36.06	88.14	40.02	74.95	68.6	15.52	106.32	62.39	29.15	67.54	71.06	15.62	58.69	73.54	27.46
41	52.2	32.39	67.54	65.38	0.0	93.06	65.8	40.31	107.48	41.23	79.51	47.54	26.08	26.68	45.61	37.0	60.53	96.54	36.69	80.11	65.12	25.61	46.96	69.07	89.96	94.92	67.23	84.53	65.46	39.7	67.36	36.67	70.68	49.48	76.06	20.0	26.25	14.21	32.02	37.74	35.9	0.0	37.95	28.86	41.18	89.81	91.71	29.12	66.73	74.32	48.04	74.97	76.38	107.49	94.3	86.09	4.12	72.03	74.01	92.8	51.0	31.78	114.28	51.42	62.07	84.02	63.6	45.18	83.26	60.41	52.2
42	65.46	60.14	49.24	88.19	37.95	94.34	60.67	71.45	96.66	69.43	94.92	75.29	53.74	56.64	60.93	60.8	24.33	83.19	66.47	58.26	83.38	32.25	56.04	36.25	94.01	87.28	74.67	87.05	66.01	43.17	36.36	5.0	76.24	76.84	41.0	57.27	22.83	51.48	40.31	46.82	64.38	37.95	0.0	58.73	50.6	97.25	95.05	8.94	43.42	52.8	18.44	66.48	69.12	97.17	91.59	86.37	34.54	37.36	92.85	88.29	19.21	51.87	96.4	27.78	81.02	79.62	39.05	65.37	88.02	30.61	65.46
43	31.11	4.47	67.07	37.0	28.86	74.28	55.71	12.73	95.88	12.37	53.45	18.68	5.39	2.24	24.84	11.4	76.06	87.85	8.06	80.16	38.6	29.55	31.3	80.01	69.66	82.15	47.38	65.76	51.11	33.06	76.92	55.44	51.62	20.62	88.6	30.87	37.74	19.42	27.17	27.29	7.07	28.86	58.73	0.0	28.16	67.42	71.7	50.21	70.26	75.03	60.84	65.55	65.8	95.52	78.1	68.68	29.15	84.5	46.69	78.01	64.4	14.32	107.56	59.2	35.44	70.18	68.73	20.25	63.13	70.21	31.11
44	14.87	25.32	40.31	39.62	41.18	51.88	27.73	36.01	68.82	30.27	44.38	33.53	24.17	27.86	11.31	20.02	59.46	59.93	31.02	53.08	33.12	20.0	6.08	59.08	49.04	55.44	26.68	43.38	24.76	8.49	55.23	45.88	29.73	34.18	68.24	53.81	28.44	41.11	11.0	4.0	28.02	41.18	50.6	28.16	0.0	49.82	50.7	44.72	45.22	48.37	44.05	37.58	38.08	68.6	53.41	44.94	38.48	64.4	42.49	52.35	47.51	13.93	79.48	38.42	31.06	43.86	44.78	18.36	42.38	49.41	14.87
45	37.7	62.97	62.27	41.18	89.81	15.3	40.31	65.8	47.85	59.55	20.88	56.59	66.65	68.6	44.38	56.08	98.03	50.54	64.03	68.12	32.02	69.58	43.74	91.24	8.54	36.77	23.19	14.14	32.02	55.08	86.76	92.27	21.02	55.23	99.76	98.11	77.1	85.88	60.67	53.76	62.2	89.81	97.25	67.42	49.82	0.0	10.2	93.01	71.59	67.42	85.15	41.4	38.42	46.69	25.0	18.6	87.64	97.05	30.08	29.15	87.8	58.31	68.01	75.96	34.71	29.83	74.25	47.17	10.3	83.93	37.7
46	40.8	67.36	56.08	49.4	91.71	5.1	35.51	71.7	37.66	65.19	30.27	63.01	70.21	72.62	47.43	60.31	93.39	40.82	69.31	60.46	39.36	69.64	44.78	85.44	2.24	26.83	24.7	8.0	29.07	54.57	80.99	90.05	21.02	61.85	93.62	101.83	76.3	89.31	61.03	54.42	67.18	91.71	95.05	71.7	50.7	10.2	0.0	91.66	65.55	60.42	81.5	34.44	31.3	36.5	14.87	10.3	89.16	91.18	39.05	19.24	83.86	61.06	57.87	71.85	41.68	21.4	68.62	51.66	8.6	78.85	40.8
47	59.44	51.86	50.45	80.96	29.12	91.41	58.52	62.94	96.75	61.22	89.05	67.2	45.34	48.08	54.41	53.0	32.0	83.76	58.05	60.88	76.84	25.3	50.49	42.45	90.45	86.41	70.03	83.73	62.65	38.05	41.79	8.06	72.03	68.82	48.26	48.66	16.28	42.54	33.96	40.79	56.08	29.12	8.94	50.21	44.72	93.01	91.66	0.0	46.1	55.17	22.36	65.39	67.78	97.13	89.56	83.55	25.63	44.41	86.33	86.65	24.35	44.29	98.41	29.73	74.33	77.79	42.01	58.18	84.21	35.34	59.44
48	55.57	68.73	9.49	82.15	66.73	62.94	31.62	80.41	55.54	75.19	78.52	78.75	65.12	69.12	55.54	64.76	30.15	41.48	75.13	14.87	73.01	43.42	46.52	19.92	65.39	49.0	54.49	58.18	41.23	37.85	15.52	39.62	53.41	79.38	28.18	85.87	40.5	75.13	43.1	44.15	72.18	66.73	43.42	70.26	45.22	71.59	65.55	46.1	0.0	9.43	25.0	31.32	34.48	56.29	56.89	55.36	62.63	25.63	80.92	52.47	25.06	56.72	53.01	16.4	72.11	45.35	4.47	63.32	61.29	15.3	55.57
49	56.65	73.03	8.06	82.76	74.32	57.27	29.21	84.29	46.69	78.64	76.69	81.58	70.11	74.11	57.72	68.36	38.83	32.56	79.16	5.83	72.95	50.0	48.51	27.02	60.54	41.3	52.8	53.54	39.2	42.0	23.02	48.92	50.99	82.0	33.96	92.97	48.3	81.74	48.26	48.04	76.16	74.32	52.8	75.03	48.37	67.42	60.42	55.17	9.43	0.0	34.41	26.08	29.15	47.52	50.29	50.12	70.26	32.25	80.16	45.61	34.48	61.01	43.6	25.46	72.45	39.4	13.89	65.73	57.2	24.35	56.65
50	58.25	60.9	31.38	83.63	48.04	80.1	46.1	72.95	79.12	69.34	86.31	74.4	55.46	59.09	55.32	59.41	15.62	65.39	67.6	39.82	76.84	31.3	48.26	21.02	80.75	70.61	63.91	73.55	53.15	35.61	19.65	15.0	64.56	75.6	28.44	68.03	23.77	59.41	36.24	41.04	65.0	48.04	18.44	60.84	44.05	85.15	81.5	22.36	25.0	34.41	0.0	50.36	53.24	79.71	76.16	72.11	44.01	24.33	85.98	72.44	3.61	50.22	78.01	10.2	75.0	64.12	20.62	61.52	75.31	13.0	58.25
51	39.05	62.3	21.84	62.37	74.97	31.62	9.85	71.59	32.56	65.12	52.48	66.27	61.74	65.39	42.76	56.04	60.3	22.36	67.19	26.87	51.66	49.52	34.48	51.24	34.48	21.02	29.73	27.46	17.12	35.61	46.84	61.68	26.83	66.12	59.24	90.44	52.7	77.94	43.42	39.45	64.29	74.97	66.48	65.55	37.58	41.4	34.44	65.39	31.32	26.08	50.36	0.0	3.16	32.65	26.02	24.17	71.42	56.92	57.38	22.09	52.09	51.48	42.06	40.2	51.97	14.14	34.71	50.49	31.24	45.4	39.05
52	38.33	62.39	25.0	60.83	76.38	28.46	10.63	71.31	31.14	64.76	50.12	65.62	62.18	65.74	42.45	55.97	63.39	22.14	67.05	29.73	50.01	51.09	34.54	54.41	31.38	18.87	27.89	24.41	16.03	36.8	50.0	64.29	24.7	65.38	62.39	91.4	54.71	78.82	44.6	40.22	64.2	76.38	69.12	65.8	38.08	38.42	31.3	67.78	34.48	29.15	53.24	3.16	0.0	31.11	23.0	21.02	72.92	60.08	55.36	19.24	55.04	51.88	42.2	43.1	50.49	11.05	37.85	50.01	28.32	48.51	38.33
53	65.8	91.79	48.38	82.87	107.49	31.4	41.73	99.4	1.41	92.7	66.03	92.36	92.36	95.72	71.12	85.0	86.31	15.03	95.71	44.05	72.01	82.13	64.35	74.24	38.33	13.42	51.24	36.06	44.42	67.9	70.46	92.61	46.84	91.71	80.01	122.29	85.21	109.64	75.69	71.06	93.02	107.49	97.17	95.52	68.6	46.69	36.5	97.13	56.29	47.52	79.71	32.65	31.11	0.0	22.02	31.14	104.0	79.06	74.06	19.24	80.65	82.1	22.47	69.64	73.55	25.5	60.64	77.88	41.01	71.59	65.8
54	47.2	74.03	47.52	61.39	94.3	9.85	31.05	80.26	23.09	73.57	44.01	72.45	75.69	78.64	53.26	67.01	86.28	26.4	77.1	49.24	50.7	70.24	48.17	76.69	16.49	12.21	31.38	14.32	28.84	55.07	72.37	86.68	26.93	71.59	84.2	106.83	75.39	94.11	62.43	56.61	74.63	94.3	91.59	78.1	53.41	25.0	14.87	89.56	56.89	50.29	76.16	26.02	23.0	22.02	0.0	9.85	91.27	82.23	52.15	5.0	78.03	65.76	43.01	66.07	52.5	12.04	60.53	59.08	19.1	71.34	47.2
55	37.64	64.54	45.88	51.79	86.09	8.0	26.02	70.49	32.06	63.81	35.36	62.61	66.48	69.31	43.86	57.49	83.55	32.31	67.42	50.22	41.0	62.77	39.41	75.27	10.63	19.24	21.63	5.1	21.19	47.54	70.84	81.39	17.2	61.74	83.38	97.84	68.68	85.15	54.56	48.37	65.0	86.09	86.37	68.68	44.94	18.6	10.3	83.55	55.36	50.12	72.11	24.17	21.02	31.14	9.85	0.0	83.24	80.99	43.0	12.0	74.33	56.73	50.8	62.29	42.72	11.31	58.52	49.41	10.2	68.88	37.64
56	50.22	32.28	63.53	64.94	4.12	90.34	62.37	41.18	103.97	41.44	78.16	47.76	25.71	26.93	43.74	36.22	56.72	92.85	37.16	76.06	64.0	21.93	44.38	65.03	87.46	91.55	64.85	81.86	62.43	36.4	63.29	32.98	68.15	49.65	72.11	24.02	22.14	17.0	28.84	34.89	36.06	4.12	34.54	29.15	38.48	87.64	89.16	25.63	62.63	70.26	44.01	71.42	72.92	104.0	91.27	83.24	0.0	68.07	73.06	89.63	47.01	30.15	110.44	47.3	61.01	80.8	59.48	44.0	80.78	56.32	50.22
57	77.16	84.17	35.11	103.59	72.03	88.54	56.82	96.25	78.1	92.13	102.62	96.75	79.12	82.87	75.6	81.88	13.42	64.03	90.87	35.01	95.46	55.03	67.36	5.83	91.0	73.55	78.82	83.77	66.04	56.04	10.3	36.35	78.23	97.75	4.12	92.02	48.05	83.73	58.59	62.13	88.14	72.03	37.36	84.5	64.4	97.05	91.18	44.41	25.63	32.25	24.33	56.92	60.08	79.06	82.23	80.99	68.07	0.0	104.0	77.67	21.1	72.9	70.52	26.08	94.11	70.88	22.83	82.66	86.76	15.0	77.16
58	27.78	42.43	73.01	12.04	74.01	43.74	51.11	40.72	75.03	35.74	9.43	30.87	48.09	48.51	31.95	37.01	101.02	73.98	40.8	82.86	9.49	61.03	37.74	98.31	36.88	62.07	27.73	38.01	41.18	50.61	94.05	88.24	30.68	29.07	107.49	76.92	70.23	66.1	52.55	46.1	40.02	74.01	92.85	46.69	42.49	30.08	39.05	86.33	80.92	80.16	85.98	57.38	55.36	74.06	52.15	43.0	73.06	104.0	0.0	55.0	89.31	43.42	93.43	79.03	12.17	51.62	82.07	29.15	33.06	89.27	27.78
59	47.51	74.06	43.19	63.64	92.8	14.42	28.23	80.95	20.1	74.24	47.27	73.54	75.29	78.41	53.25	67.12	82.1	21.63	77.52	44.38	52.77	68.26	47.42	72.18	20.62	7.62	32.31	17.03	27.59	53.25	67.9	83.43	27.86	72.8	79.56	106.08	72.92	93.35	60.8	55.32	74.95	92.8	88.29	78.01	52.35	29.15	19.24	86.65	52.47	45.61	72.44	22.09	19.24	19.24	5.0	12.0	89.63	77.67	55.0	0.0	74.17	65.19	39.05	62.29	54.34	8.94	56.22	59.54	22.09	67.12	47.51
60	61.61	64.5	32.28	87.11	51.0	82.3	48.37	76.54	80.01	72.95	89.47	78.01	59.03	62.65	58.8	63.01	12.04	66.13	71.2	39.66	80.21	34.89	51.61	18.25	83.19	72.01	66.85	75.95	55.79	39.05	17.46	16.55	67.36	79.2	25.18	71.0	27.2	62.65	39.82	44.55	68.6	51.0	19.21	64.4	47.51	87.8	83.86	24.35	25.06	34.48	3.61	52.09	55.04	80.65	78.03	74.33	47.01	21.1	89.31	74.17	0.0	53.82	77.94	12.04	78.41	66.01	20.59	65.07	77.88	11.4	61.61
61	20.62	12.04	53.0	36.77	31.78	63.01	41.63	23.77	82.38	19.24	48.04	24.21	10.3	13.93	13.93	9.22	65.8	73.82	18.44	66.03	34.13	19.85	17.8	68.03	59.17	68.82	36.36	54.41	37.8	19.03	64.62	47.8	40.22	25.5	76.92	41.11	29.21	28.43	14.32	13.04	15.52	31.78	51.87	14.32	13.93	58.31	61.06	44.29	56.72	61.01	50.22	51.48	51.88	82.1	65.76	56.73	30.15	72.9	43.42	65.19	53.82	0.0	93.41	47.01	31.26	57.01	55.54	14.32	52.48	58.18	20.62
62	80.41	104.36	48.08	101.0	114.28	52.81	51.87	113.51	21.1	106.96	86.15	107.69	103.62	107.34	84.65	98.08	80.53	20.22	109.2	38.28	90.0	88.75	76.54	66.85	59.48	31.58	68.07	55.9	58.05	76.48	63.98	92.46	64.01	107.35	70.34	131.23	89.5	119.0	84.12	81.02	106.32	114.28	96.4	107.56	79.48	68.01	57.87	98.41	53.01	43.6	78.01	42.06	42.2	22.47	43.01	50.8	110.44	70.52	93.43	39.05	77.94	93.41	0.0	68.88	91.05	42.01	57.43	92.2	61.0	67.23	80.41
63	51.66	58.52	21.47	77.83	51.42	70.26	36.35	70.58	69.08	66.21	78.55	70.71	53.85	57.72	49.68	55.9	22.36	55.46	65.19	31.14	70.18	30.27	41.73	21.02	71.2	60.42	55.46	63.95	43.97	30.0	17.72	23.6	55.71	71.69	30.02	71.02	25.32	61.07	32.7	36.06	62.39	51.42	27.78	59.2	38.42	75.96	71.85	29.73	16.4	25.46	10.2	40.2	43.1	69.64	66.07	62.29	47.3	26.08	79.03	62.29	12.04	47.01	68.88	0.0	68.62	54.04	12.53	56.61	65.97	11.18	51.66
64	16.97	31.05	64.88	10.44	62.07	45.62	44.27	31.4	74.33	25.55	18.03	21.93	36.35	37.11	20.12	25.18	90.27	71.0	30.41	75.77	3.16	49.04	26.91	88.53	39.45	60.67	23.0	38.28	34.93	39.41	84.39	76.49	27.07	20.52	97.74	66.13	58.31	54.82	40.72	34.48	29.15	62.07	81.02	35.44	31.06	34.71	41.68	74.33	72.11	72.45	75.0	51.97	50.49	73.55	52.5	42.72	61.01	94.11	12.17	54.34	78.41	31.26	91.05	68.62	0.0	49.16	72.8	17.03	34.01	79.21	16.97
65	40.31	66.37	35.9	59.01	84.02	17.89	19.31	73.93	26.0	67.23	44.92	67.05	67.2	70.46	45.65	59.54	74.43	22.36	70.21	39.12	48.01	59.36	39.2	65.25	21.93	12.08	26.31	15.81	19.21	44.41	60.88	74.73	22.09	66.48	73.05	97.67	63.98	84.96	52.01	46.69	67.54	84.02	79.62	70.18	43.86	29.83	21.4	77.79	45.35	39.4	64.12	14.14	11.05	25.5	12.04	11.31	80.8	70.88	51.62	8.94	66.01	57.01	42.01	54.04	49.16	0.0	48.84	52.39	20.59	59.54	40.31
66	56.04	67.47	13.04	82.66	63.6	66.22	34.0	79.31	59.91	74.33	80.16	78.19	63.51	67.48	55.47	63.89	26.02	45.88	73.98	19.21	73.88	41.05	46.65	17.0	68.35	53.04	56.22	61.1	43.27	37.0	12.53	35.36	55.47	78.92	25.81	82.98	37.36	72.56	41.59	43.32	71.06	63.6	39.05	68.73	44.78	74.25	68.62	42.01	4.47	13.89	20.62	34.71	37.85	60.64	60.53	58.52	59.48	22.83	82.07	56.22	20.59	55.54	57.43	12.53	72.8	48.84	0.0	63.07	63.98	11.05	56.04
67	12.08	15.81	57.72	22.83	45.18	54.49	41.11	21.54	78.39	14.87	34.37	16.03	19.92	21.47	8.06	8.94	77.1	72.03	18.03	70.04	20.0	33.12	17.26	77.39	49.58	64.47	27.8	46.1	34.21	26.63	73.57	61.06	32.2	16.28	86.53	51.0	42.54	39.0	25.61	20.62	15.62	45.18	65.37	20.25	18.36	47.17	51.66	58.18	63.32	65.73	61.52	50.49	50.01	77.88	59.08	49.41	44.0	82.66	29.15	59.54	65.07	14.32	92.2	56.61	17.03	52.39	63.07	0.0	43.14	67.68	12.08
