set K:= 1	2	3	4	5	6	7	8	9;
set C_H:= 1	2	3	4	5	6	7	8	9	10	11	12	13	14	15	16	17	18	19	20	21;
set C_S:= 22	23	24	25	26	27	28	29	30	31	32	33	34	35	36	37	38	39	40;
set C_F:= 41	42	43	44	45	46	47	48	49	50	51	52	53	54	55	56	57	58	59;
set L_B:= 60	61	62	63	64	65	66	67	68	69	70;
set A1:=
(0,*) 1 2 3 4 5 6 7 8 9 10 11 12 13 14 15 16 17 18 19 20 21 41 42 43 44 45 46 47 48 49 50 51 52 53 54 55 56 57 58 59 60 61 62 63 64 65 66 67 68 69 70
(1,*) 0 2 3 4 5 6 7 8 9 10 11 12 13 14 15 16 17 18 19 20 21 41 42 43 44 45 46 47 48 49 50 51 52 53 54 55 56 57 58 59 60 61 62 63 64 65 66 67 68 69 70
(2,*) 0 1 3 4 5 6 7 8 9 10 11 12 13 14 15 16 17 18 19 20 21 41 42 43 44 45 46 47 48 49 50 51 52 53 54 55 56 57 58 59 60 61 62 63 64 65 66 67 68 69 70
(3,*) 0 1 2 4 5 6 7 8 9 10 11 12 13 14 15 16 17 18 19 20 21 41 42 43 44 45 46 47 48 49 50 51 52 53 54 55 56 57 58 59 60 61 62 63 64 65 66 67 68 69 70
(4,*) 0 1 2 3 5 6 7 8 9 10 11 12 13 14 15 16 17 18 19 20 21 41 42 43 44 45 46 47 48 49 50 51 52 53 54 55 56 57 58 59 60 61 62 63 64 65 66 67 68 69 70
(5,*) 0 1 2 3 4 6 7 8 9 10 11 12 13 14 15 16 17 18 19 20 21 41 42 43 44 45 46 47 48 49 50 51 52 53 54 55 56 57 58 59 60 61 62 63 64 65 66 67 68 69 70
(6,*) 0 1 2 3 4 5 7 8 9 10 11 12 13 14 15 16 17 18 19 20 21 41 42 43 44 45 46 47 48 49 50 51 52 53 54 55 56 57 58 59 60 61 62 63 64 65 66 67 68 69 70
(7,*) 0 1 2 3 4 5 6 8 9 10 11 12 13 14 15 16 17 18 19 20 21 41 42 43 44 45 46 47 48 49 50 51 52 53 54 55 56 57 58 59 60 61 62 63 64 65 66 67 68 69 70
(8,*) 0 1 2 3 4 5 6 7 9 10 11 12 13 14 15 16 17 18 19 20 21 41 42 43 44 45 46 47 48 49 50 51 52 53 54 55 56 57 58 59 60 61 62 63 64 65 66 67 68 69 70
(9,*) 0 1 2 3 4 5 6 7 8 10 11 12 13 14 15 16 17 18 19 20 21 41 42 43 44 45 46 47 48 49 50 51 52 53 54 55 56 57 58 59 60 61 62 63 64 65 66 67 68 69 70
(10,*) 0 1 2 3 4 5 6 7 8 9 11 12 13 14 15 16 17 18 19 20 21 41 42 43 44 45 46 47 48 49 50 51 52 53 54 55 56 57 58 59 60 61 62 63 64 65 66 67 68 69 70
(11,*) 0 1 2 3 4 5 6 7 8 9 10 12 13 14 15 16 17 18 19 20 21 41 42 43 44 45 46 47 48 49 50 51 52 53 54 55 56 57 58 59 60 61 62 63 64 65 66 67 68 69 70
(12,*) 0 1 2 3 4 5 6 7 8 9 10 11 13 14 15 16 17 18 19 20 21 41 42 43 44 45 46 47 48 49 50 51 52 53 54 55 56 57 58 59 60 61 62 63 64 65 66 67 68 69 70
(13,*) 0 1 2 3 4 5 6 7 8 9 10 11 12 14 15 16 17 18 19 20 21 41 42 43 44 45 46 47 48 49 50 51 52 53 54 55 56 57 58 59 60 61 62 63 64 65 66 67 68 69 70
(14,*) 0 1 2 3 4 5 6 7 8 9 10 11 12 13 15 16 17 18 19 20 21 41 42 43 44 45 46 47 48 49 50 51 52 53 54 55 56 57 58 59 60 61 62 63 64 65 66 67 68 69 70
(15,*) 0 1 2 3 4 5 6 7 8 9 10 11 12 13 14 16 17 18 19 20 21 41 42 43 44 45 46 47 48 49 50 51 52 53 54 55 56 57 58 59 60 61 62 63 64 65 66 67 68 69 70
(16,*) 0 1 2 3 4 5 6 7 8 9 10 11 12 13 14 15 17 18 19 20 21 41 42 43 44 45 46 47 48 49 50 51 52 53 54 55 56 57 58 59 60 61 62 63 64 65 66 67 68 69 70
(17,*) 0 1 2 3 4 5 6 7 8 9 10 11 12 13 14 15 16 18 19 20 21 41 42 43 44 45 46 47 48 49 50 51 52 53 54 55 56 57 58 59 60 61 62 63 64 65 66 67 68 69 70
(18,*) 0 1 2 3 4 5 6 7 8 9 10 11 12 13 14 15 16 17 19 20 21 41 42 43 44 45 46 47 48 49 50 51 52 53 54 55 56 57 58 59 60 61 62 63 64 65 66 67 68 69 70
(19,*) 0 1 2 3 4 5 6 7 8 9 10 11 12 13 14 15 16 17 18 20 21 41 42 43 44 45 46 47 48 49 50 51 52 53 54 55 56 57 58 59 60 61 62 63 64 65 66 67 68 69 70
(20,*) 0 1 2 3 4 5 6 7 8 9 10 11 12 13 14 15 16 17 18 19 21 41 42 43 44 45 46 47 48 49 50 51 52 53 54 55 56 57 58 59 60 61 62 63 64 65 66 67 68 69 70
(21,*) 0 1 2 3 4 5 6 7 8 9 10 11 12 13 14 15 16 17 18 19 20 41 42 43 44 45 46 47 48 49 50 51 52 53 54 55 56 57 58 59 60 61 62 63 64 65 66 67 68 69 70
(41,*) 0 1 2 3 4 5 6 7 8 9 10 11 12 13 14 15 16 17 18 19 20 21 42 43 44 45 46 47 48 49 50 51 52 53 54 55 56 57 58 59 60 61 62 63 64 65 66 67 68 69 70
(42,*) 0 1 2 3 4 5 6 7 8 9 10 11 12 13 14 15 16 17 18 19 20 21 41 43 44 45 46 47 48 49 50 51 52 53 54 55 56 57 58 59 60 61 62 63 64 65 66 67 68 69 70
(43,*) 0 1 2 3 4 5 6 7 8 9 10 11 12 13 14 15 16 17 18 19 20 21 41 42 44 45 46 47 48 49 50 51 52 53 54 55 56 57 58 59 60 61 62 63 64 65 66 67 68 69 70
(44,*) 0 1 2 3 4 5 6 7 8 9 10 11 12 13 14 15 16 17 18 19 20 21 41 42 43 45 46 47 48 49 50 51 52 53 54 55 56 57 58 59 60 61 62 63 64 65 66 67 68 69 70
(45,*) 0 1 2 3 4 5 6 7 8 9 10 11 12 13 14 15 16 17 18 19 20 21 41 42 43 44 46 47 48 49 50 51 52 53 54 55 56 57 58 59 60 61 62 63 64 65 66 67 68 69 70
(46,*) 0 1 2 3 4 5 6 7 8 9 10 11 12 13 14 15 16 17 18 19 20 21 41 42 43 44 45 47 48 49 50 51 52 53 54 55 56 57 58 59 60 61 62 63 64 65 66 67 68 69 70
(47,*) 0 1 2 3 4 5 6 7 8 9 10 11 12 13 14 15 16 17 18 19 20 21 41 42 43 44 45 46 48 49 50 51 52 53 54 55 56 57 58 59 60 61 62 63 64 65 66 67 68 69 70
(48,*) 0 1 2 3 4 5 6 7 8 9 10 11 12 13 14 15 16 17 18 19 20 21 41 42 43 44 45 46 47 49 50 51 52 53 54 55 56 57 58 59 60 61 62 63 64 65 66 67 68 69 70
(49,*) 0 1 2 3 4 5 6 7 8 9 10 11 12 13 14 15 16 17 18 19 20 21 41 42 43 44 45 46 47 48 50 51 52 53 54 55 56 57 58 59 60 61 62 63 64 65 66 67 68 69 70
(50,*) 0 1 2 3 4 5 6 7 8 9 10 11 12 13 14 15 16 17 18 19 20 21 41 42 43 44 45 46 47 48 49 51 52 53 54 55 56 57 58 59 60 61 62 63 64 65 66 67 68 69 70
(51,*) 0 1 2 3 4 5 6 7 8 9 10 11 12 13 14 15 16 17 18 19 20 21 41 42 43 44 45 46 47 48 49 50 52 53 54 55 56 57 58 59 60 61 62 63 64 65 66 67 68 69 70
(52,*) 0 1 2 3 4 5 6 7 8 9 10 11 12 13 14 15 16 17 18 19 20 21 41 42 43 44 45 46 47 48 49 50 51 53 54 55 56 57 58 59 60 61 62 63 64 65 66 67 68 69 70
(53,*) 0 1 2 3 4 5 6 7 8 9 10 11 12 13 14 15 16 17 18 19 20 21 41 42 43 44 45 46 47 48 49 50 51 52 54 55 56 57 58 59 60 61 62 63 64 65 66 67 68 69 70
(54,*) 0 1 2 3 4 5 6 7 8 9 10 11 12 13 14 15 16 17 18 19 20 21 41 42 43 44 45 46 47 48 49 50 51 52 53 55 56 57 58 59 60 61 62 63 64 65 66 67 68 69 70
(55,*) 0 1 2 3 4 5 6 7 8 9 10 11 12 13 14 15 16 17 18 19 20 21 41 42 43 44 45 46 47 48 49 50 51 52 53 54 56 57 58 59 60 61 62 63 64 65 66 67 68 69 70
(56,*) 0 1 2 3 4 5 6 7 8 9 10 11 12 13 14 15 16 17 18 19 20 21 41 42 43 44 45 46 47 48 49 50 51 52 53 54 55 57 58 59 60 61 62 63 64 65 66 67 68 69 70
(57,*) 0 1 2 3 4 5 6 7 8 9 10 11 12 13 14 15 16 17 18 19 20 21 41 42 43 44 45 46 47 48 49 50 51 52 53 54 55 56 58 59 60 61 62 63 64 65 66 67 68 69 70
(58,*) 0 1 2 3 4 5 6 7 8 9 10 11 12 13 14 15 16 17 18 19 20 21 41 42 43 44 45 46 47 48 49 50 51 52 53 54 55 56 57 59 60 61 62 63 64 65 66 67 68 69 70
(59,*) 0 1 2 3 4 5 6 7 8 9 10 11 12 13 14 15 16 17 18 19 20 21 41 42 43 44 45 46 47 48 49 50 51 52 53 54 55 56 57 58 60 61 62 63 64 65 66 67 68 69 70
(60,*) 0 1 2 3 4 5 6 7 8 9 10 11 12 13 14 15 16 17 18 19 20 21 41 42 43 44 45 46 47 48 49 50 51 52 53 54 55 56 57 58 59 61 62 63 64 65 66 67 68 69 70
(61,*) 0 1 2 3 4 5 6 7 8 9 10 11 12 13 14 15 16 17 18 19 20 21 41 42 43 44 45 46 47 48 49 50 51 52 53 54 55 56 57 58 59 60 62 63 64 65 66 67 68 69 70
(62,*) 0 1 2 3 4 5 6 7 8 9 10 11 12 13 14 15 16 17 18 19 20 21 41 42 43 44 45 46 47 48 49 50 51 52 53 54 55 56 57 58 59 60 61 63 64 65 66 67 68 69 70
(63,*) 0 1 2 3 4 5 6 7 8 9 10 11 12 13 14 15 16 17 18 19 20 21 41 42 43 44 45 46 47 48 49 50 51 52 53 54 55 56 57 58 59 60 61 62 64 65 66 67 68 69 70
(64,*) 0 1 2 3 4 5 6 7 8 9 10 11 12 13 14 15 16 17 18 19 20 21 41 42 43 44 45 46 47 48 49 50 51 52 53 54 55 56 57 58 59 60 61 62 63 65 66 67 68 69 70
(65,*) 0 1 2 3 4 5 6 7 8 9 10 11 12 13 14 15 16 17 18 19 20 21 41 42 43 44 45 46 47 48 49 50 51 52 53 54 55 56 57 58 59 60 61 62 63 64 66 67 68 69 70
(66,*) 0 1 2 3 4 5 6 7 8 9 10 11 12 13 14 15 16 17 18 19 20 21 41 42 43 44 45 46 47 48 49 50 51 52 53 54 55 56 57 58 59 60 61 62 63 64 65 67 68 69 70
(67,*) 0 1 2 3 4 5 6 7 8 9 10 11 12 13 14 15 16 17 18 19 20 21 41 42 43 44 45 46 47 48 49 50 51 52 53 54 55 56 57 58 59 60 61 62 63 64 65 66 68 69 70
(68,*) 0 1 2 3 4 5 6 7 8 9 10 11 12 13 14 15 16 17 18 19 20 21 41 42 43 44 45 46 47 48 49 50 51 52 53 54 55 56 57 58 59 60 61 62 63 64 65 66 67 69 70
(69,*) 0 1 2 3 4 5 6 7 8 9 10 11 12 13 14 15 16 17 18 19 20 21 41 42 43 44 45 46 47 48 49 50 51 52 53 54 55 56 57 58 59 60 61 62 63 64 65 66 67 68 70
(70,*) 0 1 2 3 4 5 6 7 8 9 10 11 12 13 14 15 16 17 18 19 20 21 41 42 43 44 45 46 47 48 49 50 51 52 53 54 55 56 57 58 59 60 61 62 63 64 65 66 67 68 69
;
param BigM:=99999;
param n:= 9;
param d:=
1	7
2	9
3	21
4	23
5	10
6	6
7	18
8	13
9	11
10	20
11	2
12	17
13	11
14	2
15	2
16	14
17	19
18	2
19	4
20	21
21	23
22	11
23	20
24	5
25	2
26	3
27	1
28	5
29	23
30	24
31	18
32	19
33	9
34	21
35	48
36	1
37	17
38	42
39	9
40	18
41	16
42	2
43	17
44	19
45	24
46	17
47	9
48	6
49	5
50	9
51	11
52	20
53	21
54	18
55	24
56	18
57	11
58	22
59	9
;
param Q:=100;
param e:
	60	61	62	63	64	65	66	67	68	69	70:=
22	0	1	1	0	0	0	0	0	1	0	0	
23	0	1	0	1	0	0	1	0	0	1	0	
24	0	1	0	1	0	0	1	0	0	0	0	
25	0	1	0	1	0	0	0	0	0	0	0	
26	0	1	0	0	0	0	0	0	0	1	0	
27	0	1	0	0	0	0	0	0	0	0	1	
28	1	1	1	0	0	0	0	0	1	0	0	
29	0	1	0	0	0	0	0	0	1	0	0	
30	1	1	0	0	0	0	0	0	1	0	0	
31	0	1	0	0	0	1	0	0	0	0	0	
32	1	1	0	0	0	0	1	0	0	1	0	
33	1	1	0	0	0	1	0	0	0	0	0	
34	1	1	1	0	0	0	0	0	0	0	0	
35	1	1	0	0	0	0	0	0	0	0	1	
36	1	1	1	0	0	0	0	0	0	0	0	
37	1	1	0	0	0	0	0	0	1	0	0	
38	1	0	0	0	0	0	0	0	0	0	1	
39	1	1	0	0	0	0	1	0	0	1	0	
40	1	0	0	0	1	0	0	1	0	0	0	
41	1	0	1	0	0	0	0	0	0	0	0	
42	1	1	1	0	0	1	0	0	1	0	0	
43	1	1	1	0	0	1	0	0	1	0	0	
44	1	1	1	0	0	1	0	0	1	0	0	
45	1	0	0	1	0	0	0	0	0	1	0	
46	1	1	0	1	0	0	1	0	0	1	0	
47	1	1	0	0	0	0	1	0	0	0	0	
48	1	1	0	0	0	1	0	0	0	0	0	
49	1	1	0	0	0	0	1	0	0	1	0	
50	1	0	0	0	0	1	0	0	0	0	0	
51	0	1	1	0	0	1	0	0	1	0	0	
52	1	1	0	0	1	0	0	1	0	0	1	
53	1	1	0	0	1	0	0	1	0	0	0	
54	0	1	1	0	0	0	0	0	1	0	0	
55	1	1	0	0	0	0	0	1	0	0	0	
56	1	1	0	0	0	0	1	0	0	1	0	
57	1	0	0	0	0	0	0	0	0	0	1	
58	1	1	0	1	0	0	0	0	0	1	0	
59	0	1	0	0	0	1	0	0	1	0	0	
;
param p:=
1	3
2	3
3	3
4	3
5	3
6	3
7	3
8	3
9	3
;
param G:=
60	78
61	87
62	96
63	84
64	87
65	76
66	88
67	100
68	95
69	82
70	84
;
param s:=
0	0
1	10
2	10
3	10
4	10
5	10
6	10
7	10
8	10
9	10
10	10
11	10
12	10
13	10
14	10
15	10
16	10
17	10
18	10
19	10
20	10
21	10
41	10
42	10
43	10
44	10
45	10
46	10
47	10
48	10
49	10
50	10
51	10
52	10
53	10
54	10
55	10
56	10
57	10
58	10
59	10
60	10
61	10
62	10
63	10
64	10
65	10
66	10
67	10
68	10
69	10
70	10
;
param t:
	0	1	2	3	4	5	6	7	8	9	10	11	12	13	14	15	16	17	18	19	20	21	22	23	24	25	26	27	28	29	30	31	32	33	34	35	36	37	38	39	40	41	42	43	44	45	46	47	48	49	50	51	52	53	54	55	56	57	58	59	60	61	62	63	64	65	66	67	68	69	70:=
0	0.0	23.32	86.83	52.15	54.92	100.44	85.91	94.76	15.62	12.17	83.95	60.17	54.59	55.32	94.4	66.75	36.22	52.35	69.43	50.91	66.48	38.0	42.8	54.59	48.37	6.0	31.62	16.12	43.27	35.78	50.64	12.81	60.93	32.25	5.66	86.02	20.0	27.78	78.1	41.62	82.02	66.27	54.04	40.45	34.41	64.56	56.32	84.12	14.56	40.0	78.03	26.83	89.2	80.62	64.28	111.21	28.07	88.29	63.15	49.4	104.48	7.07	42.38	59.68	82.15	32.06	37.58	95.44	41.19	48.05	88.55
1	23.32	0.0	83.35	72.44	74.03	104.8	81.41	103.25	30.0	16.12	79.65	78.1	43.68	42.76	99.36	86.02	58.24	62.77	56.32	60.93	50.16	59.23	22.8	74.11	63.15	28.64	50.04	14.56	24.33	41.18	47.2	12.17	76.94	31.24	28.84	83.76	8.94	36.06	74.43	55.32	90.55	59.93	47.41	31.3	16.0	82.22	76.24	68.26	37.58	53.37	69.57	14.42	87.66	89.55	53.85	116.28	49.03	84.12	82.0	50.99	110.26	16.55	28.64	79.06	85.63	29.73	54.15	99.9	33.12	67.03	89.94
2	86.83	83.35	0.0	85.44	80.62	36.06	4.0	49.4	72.99	92.48	4.47	76.94	42.43	45.34	34.93	86.09	89.11	50.6	39.4	50.0	50.99	85.51	69.31	82.46	63.25	85.51	74.43	94.02	66.48	52.35	36.77	79.85	68.96	55.03	89.82	4.47	76.03	60.53	8.94	61.19	44.41	24.08	36.06	52.15	70.0	77.18	85.09	48.17	88.36	60.83	20.88	68.96	8.0	45.61	34.41	46.17	82.22	2.83	82.37	38.21	44.1	83.49	56.85	83.63	25.24	55.71	69.05	33.54	50.25	78.11	18.68
3	52.15	72.44	85.44	0.0	6.32	78.23	86.93	64.03	42.76	64.28	85.09	13.42	78.1	81.22	72.11	15.23	17.89	34.93	91.93	35.78	95.6	14.56	83.57	4.47	22.36	46.17	22.8	68.26	82.46	45.61	63.66	60.3	20.4	55.57	48.66	82.22	65.12	42.94	79.62	26.91	54.33	77.2	70.71	68.26	75.89	17.2	4.47	108.9	38.83	28.28	89.31	67.05	82.97	52.35	83.45	85.51	24.08	88.02	12.81	54.04	78.26	57.01	75.18	8.6	66.61	57.31	21.63	74.06	67.12	7.81	75.95
4	54.92	74.03	80.62	6.32	0.0	72.11	82.29	57.72	44.05	67.08	80.5	7.21	76.03	79.32	66.03	12.0	22.8	30.53	89.38	31.62	93.74	18.87	83.52	2.0	18.44	49.03	24.0	71.02	82.22	43.91	60.96	62.0	14.14	54.63	51.92	77.25	66.27	42.38	75.18	24.41	48.17	73.76	68.12	67.08	76.16	11.31	4.47	106.3	42.38	26.08	85.6	67.47	77.79	46.17	80.72	79.25	27.2	83.26	8.25	50.91	72.01	59.21	74.32	5.1	61.0	56.46	20.88	68.01	65.76	7.0	70.41
5	100.44	104.8	36.06	78.23	72.11	0.0	40.05	18.87	84.88	109.34	40.0	66.0	71.69	75.39	6.32	72.44	88.77	50.16	73.35	50.99	84.4	84.4	96.75	74.11	60.17	97.1	77.25	111.95	94.02	65.3	59.36	97.67	58.03	73.59	101.55	32.0	96.21	72.8	40.45	62.77	24.0	54.41	62.61	76.55	94.87	64.12	76.03	84.02	96.6	63.56	56.14	90.91	28.07	26.0	66.48	11.66	85.44	38.21	70.11	53.81	8.06	99.49	83.35	73.01	19.21	75.07	70.23	5.0	74.33	72.84	18.25
6	85.91	81.41	4.0	86.93	82.29	40.05	0.0	53.14	72.44	91.08	2.0	78.89	39.7	42.43	38.83	88.2	89.82	52.0	35.78	51.26	47.41	86.35	66.6	84.1	64.62	84.85	74.97	92.48	63.78	52.04	35.44	78.43	71.02	53.85	89.11	8.25	74.32	60.13	8.0	62.1	47.71	21.63	34.0	50.12	67.68	79.32	86.76	44.18	88.09	61.61	17.09	67.08	12.0	48.83	31.24	50.16	82.61	2.83	84.38	38.0	48.09	82.28	54.41	85.48	28.65	54.41	69.86	37.48	48.3	79.48	22.56
7	94.76	103.25	49.4	64.03	57.72	18.87	53.14	0.0	79.25	105.0	52.5	50.99	76.94	80.89	15.62	56.04	76.97	42.43	82.02	43.86	92.09	72.5	99.3	59.67	49.4	90.55	67.68	108.07	96.77	62.13	62.1	94.4	43.68	72.47	94.85	44.94	94.34	68.41	50.99	54.04	12.81	62.0	67.08	78.43	95.85	48.37	61.19	95.04	88.41	55.32	67.08	90.35	42.05	14.14	74.03	22.0	75.47	52.0	54.33	53.85	15.13	95.13	86.02	57.71	25.32	74.24	60.46	17.69	76.22	59.81	30.87
8	15.62	30.0	72.99	42.76	44.05	84.88	72.44	79.25	0.0	26.08	70.46	48.17	45.69	47.41	78.82	56.04	30.53	36.88	60.93	35.38	60.46	30.46	42.19	44.18	34.18	12.65	20.1	29.53	41.62	20.88	38.05	18.11	47.54	20.88	17.09	71.81	22.36	12.65	64.5	26.83	66.48	54.15	42.76	32.25	34.0	52.35	46.39	76.94	16.49	25.06	66.48	25.06	74.73	65.12	54.41	95.6	20.59	74.67	52.0	34.93	88.87	16.55	36.88	49.09	66.73	21.54	24.33	79.88	32.2	37.05	73.41
9	12.17	16.12	92.48	64.28	67.08	109.34	91.08	105.0	26.08	0.0	89.2	72.28	56.14	56.0	103.48	78.92	48.04	62.8	70.03	61.22	65.12	50.04	38.63	66.75	59.93	18.11	43.68	4.0	39.85	44.05	55.71	12.65	72.8	37.58	16.12	92.2	18.0	36.77	83.57	52.84	92.2	70.34	57.72	42.43	31.05	76.66	68.47	83.19	26.08	51.11	81.22	26.0	95.71	90.91	66.27	120.42	40.2	93.64	75.31	56.6	113.9	9.9	42.05	71.85	90.6	36.77	49.4	104.35	43.74	60.21	96.25
10	83.95	79.65	4.47	85.09	80.5	40.0	2.0	52.5	70.46	89.2	0.0	77.18	38.21	41.04	38.47	86.53	87.86	50.16	34.93	49.4	46.52	84.4	65.12	82.29	62.77	82.87	72.99	90.62	62.29	50.04	33.53	76.55	69.34	51.92	87.13	8.0	72.5	58.14	6.0	60.17	46.65	20.0	32.25	48.37	66.03	77.67	84.97	44.05	86.09	59.67	16.49	65.3	12.17	47.71	30.0	50.36	80.62	4.47	82.68	36.0	48.01	80.36	52.8	83.73	27.73	52.5	67.91	37.22	46.53	77.62	22.2
11	60.17	78.1	76.94	13.42	7.21	66.0	78.89	50.99	48.17	72.28	77.18	0.0	76.16	79.65	60.03	10.0	29.73	28.28	88.81	29.73	94.02	25.61	85.91	8.94	17.89	54.41	28.64	76.16	84.4	44.94	60.46	66.27	8.25	56.32	57.58	73.35	70.0	44.72	72.11	25.3	42.0	72.14	67.68	68.35	78.92	4.47	10.2	105.6	48.33	27.2	83.55	70.46	73.54	40.0	80.0	72.69	33.11	79.65	5.66	50.0	65.49	63.95	75.89	7.07	56.04	58.24	24.0	62.07	66.85	12.53	65.52
12	54.59	43.68	42.43	78.1	76.03	71.69	39.7	76.94	45.69	56.14	38.21	76.16	0.0	4.0	67.68	86.09	72.8	49.4	15.23	47.54	17.89	70.94	26.91	77.2	58.31	55.79	58.14	56.57	24.08	32.56	16.49	44.0	70.68	25.06	59.23	44.05	38.21	37.2	34.06	51.61	66.12	18.44	10.0	14.14	28.64	78.71	80.0	31.62	62.03	50.0	26.0	30.27	48.41	66.03	10.2	83.26	63.25	42.52	81.63	27.2	78.77	49.09	15.23	80.71	53.45	24.17	56.64	67.42	13.6	70.43	54.12
13	55.32	42.76	45.34	81.22	79.32	75.39	42.43	80.89	47.41	56.0	41.04	79.65	4.0	0.0	71.47	89.55	75.29	53.14	14.14	51.26	14.42	73.59	24.41	80.45	61.77	56.92	60.83	56.14	21.63	35.61	20.4	44.18	74.32	27.2	60.17	47.2	38.0	39.7	37.2	54.92	70.11	21.63	14.0	15.23	27.2	82.29	83.23	29.53	63.56	53.25	27.78	30.0	51.61	70.03	11.66	86.93	65.6	45.25	85.09	31.05	82.54	49.5	14.14	84.06	57.28	26.08	59.67	71.17	15.26	73.6	57.7
14	94.4	99.36	34.93	72.11	66.03	6.32	38.83	15.62	78.82	103.48	38.47	60.03	67.68	71.47	0.0	66.75	82.46	43.86	70.46	44.72	81.22	78.1	92.13	68.03	53.85	90.97	70.94	106.15	89.44	59.46	54.59	91.93	52.0	68.12	95.41	30.59	90.69	66.84	38.0	56.46	18.11	50.99	58.31	71.69	89.89	58.31	70.0	82.1	90.35	57.27	54.04	85.6	27.2	20.1	63.15	16.97	79.12	37.36	64.28	48.41	11.18	93.61	78.71	67.07	14.32	69.66	63.91	2.24	69.46	66.61	16.28
15	66.75	86.02	86.09	15.23	12.0	72.44	88.2	56.04	56.04	78.92	86.53	10.0	86.09	89.55	66.75	0.0	33.11	38.21	98.81	39.7	103.94	29.73	95.08	12.17	27.78	60.83	36.0	82.87	93.68	54.63	70.46	74.0	17.2	65.79	63.56	82.37	78.23	53.85	81.61	34.93	48.66	82.07	77.67	78.0	87.86	8.94	10.77	115.6	53.85	36.77	93.38	79.25	82.29	46.69	90.0	78.03	38.83	88.84	4.47	60.0	71.0	71.18	85.44	7.07	64.26	67.68	32.56	68.88	76.56	19.0	73.74
16	36.22	58.24	89.11	17.89	22.8	88.77	89.82	76.97	30.53	48.04	87.86	29.73	72.8	75.29	82.46	33.11	0.0	40.05	87.66	40.0	89.2	4.47	72.72	21.63	28.64	30.27	15.23	52.04	72.11	41.18	60.83	46.17	34.41	48.17	32.0	86.58	52.0	35.61	82.0	28.07	65.79	76.16	67.23	60.83	64.5	34.06	22.36	104.4	22.0	28.28	88.77	55.57	88.2	63.91	79.92	97.41	10.0	91.41	30.53	53.14	90.14	41.98	66.6	26.42	74.33	49.52	20.1	84.17	60.21	17.8	83.1
17	52.35	62.77	50.6	34.93	30.53	50.16	52.0	42.43	36.88	62.8	50.16	28.28	49.4	53.14	43.86	38.21	40.05	0.0	61.06	2.0	67.23	36.0	64.03	32.25	12.65	48.17	27.2	66.03	62.0	22.36	33.11	52.84	21.63	34.23	52.5	47.54	53.85	26.83	44.72	12.65	29.73	43.86	40.25	44.18	58.55	30.0	34.99	77.67	46.65	13.42	55.32	51.42	48.66	28.28	52.15	60.03	35.44	53.14	33.94	22.36	53.0	53.01	52.15	34.21	34.37	36.22	20.4	45.31	42.3	27.51	43.05
18	69.43	56.32	39.4	91.93	89.38	73.35	35.78	82.02	60.93	70.03	34.93	88.81	15.23	14.14	70.46	98.81	87.66	61.06	0.0	59.36	11.66	85.6	36.06	90.69	71.22	70.88	72.8	70.03	33.53	46.86	28.43	58.31	82.68	40.25	74.22	42.38	52.04	52.15	32.98	65.12	72.69	20.1	21.26	29.12	40.45	90.97	93.51	16.97	77.25	63.66	18.87	44.05	46.82	72.99	8.94	84.4	78.23	38.47	94.4	38.83	81.05	63.64	28.0	93.86	57.04	39.4	70.77	69.72	28.79	84.17	55.11
19	50.91	60.93	50.0	35.78	31.62	50.99	51.26	43.86	35.38	61.22	49.4	29.73	47.54	51.26	44.72	39.7	40.0	2.0	59.36	0.0	65.39	36.06	62.03	33.29	13.42	46.86	26.68	64.4	60.0	20.4	31.3	51.11	23.32	32.25	51.22	47.07	52.0	25.06	43.86	12.17	31.11	42.43	38.47	42.19	56.57	31.62	36.06	76.03	45.65	12.65	54.04	49.48	48.37	29.73	50.48	61.06	34.93	52.5	35.38	20.59	54.08	51.4	50.16	35.47	34.71	34.23	20.1	46.1	40.31	28.23	43.19
20	66.48	50.16	50.99	95.6	93.74	84.4	47.41	92.09	60.46	65.12	46.52	94.02	17.89	14.42	81.22	103.94	89.2	67.23	11.66	65.39	0.0	87.68	28.07	94.87	76.16	68.88	74.97	64.5	26.0	50.0	34.18	54.41	88.57	41.04	71.69	53.85	47.54	53.74	44.27	69.34	82.1	30.27	27.2	28.43	34.23	96.6	97.65	18.11	76.16	67.68	30.53	39.85	58.31	82.22	18.11	95.6	79.4	50.12	99.48	44.94	91.98	60.08	24.17	98.48	67.48	39.7	74.03	80.6	29.0	88.01	66.22
21	38.0	59.23	85.51	14.56	18.87	84.4	86.35	72.5	30.46	50.04	84.4	25.61	70.94	73.59	78.1	29.73	4.47	36.0	85.6	36.06	87.68	0.0	72.47	17.89	24.33	32.0	12.81	54.04	71.69	38.83	58.31	47.07	30.0	46.69	34.23	82.87	52.5	33.94	78.59	24.33	61.35	73.35	64.9	59.46	64.4	30.0	18.97	102.45	24.33	24.74	85.91	55.46	84.38	59.46	77.67	92.97	10.2	87.86	26.83	50.16	85.7	43.29	65.6	22.85	70.18	48.17	16.49	79.83	58.69	13.45	79.03
22	42.8	22.8	69.31	83.57	83.52	96.75	66.6	99.3	42.19	38.63	65.12	85.91	26.91	24.41	92.13	95.08	72.72	64.03	36.06	62.03	28.07	72.47	0.0	84.12	68.73	46.69	60.93	37.36	2.83	42.05	37.58	30.0	82.61	30.07	48.41	70.77	22.8	41.23	60.83	60.83	87.36	45.25	34.41	20.88	8.49	89.44	86.65	46.0	55.17	58.86	52.15	17.2	75.07	86.83	36.06	108.41	62.77	69.43	90.71	45.61	103.31	35.81	13.42	88.6	77.83	28.07	62.64	92.18	23.09	76.84	79.88
23	54.59	74.11	82.46	4.47	2.0	74.11	84.1	59.67	44.18	66.75	82.29	8.94	77.2	80.45	68.03	12.17	21.63	32.25	90.69	33.29	94.87	17.89	84.12	0.0	20.0	48.66	24.08	70.71	82.87	44.94	62.29	62.03	16.12	55.46	51.42	79.12	66.48	43.08	76.94	25.61	50.16	75.29	69.43	68.0	76.66	12.81	2.83	107.63	41.76	27.2	87.2	67.91	79.7	48.17	82.07	81.22	26.68	85.09	8.94	52.35	73.98	59.08	75.15	5.1	62.97	57.27	21.54	70.01	66.73	7.28	72.37
24	48.37	63.15	63.25	22.36	18.44	60.17	64.62	49.4	34.18	59.93	62.77	17.89	58.31	61.77	53.85	27.78	28.64	12.65	71.22	13.42	76.16	24.33	68.73	20.0	0.0	43.27	18.44	63.56	67.08	27.2	42.8	51.92	14.0	38.83	47.2	60.17	54.59	28.0	57.27	8.0	37.58	55.32	50.0	50.6	62.13	20.88	22.8	88.09	39.6	10.0	67.2	54.0	61.19	35.78	62.48	69.08	26.08	65.79	23.32	32.56	61.85	50.7	58.24	22.67	46.01	40.79	11.31	55.54	49.04	14.87	55.04
25	6.0	28.64	85.51	46.17	49.03	97.1	84.85	90.55	12.65	18.11	82.87	54.41	55.79	56.92	90.97	60.83	30.27	48.17	70.88	46.86	68.88	32.0	46.69	48.66	43.27	0.0	26.0	22.09	46.86	33.53	50.04	17.2	55.46	32.06	4.47	84.4	24.08	25.3	76.94	36.88	77.9	66.0	54.15	41.76	38.21	58.82	50.36	86.16	8.94	35.38	78.1	30.0	87.36	76.42	65.12	107.65	22.09	87.13	57.27	47.54	100.8	12.08	44.72	53.76	79.18	32.25	32.25	92.11	42.2	42.2	86.01
26	31.62	50.04	74.43	22.8	24.0	77.25	74.97	67.68	20.1	43.68	72.99	28.64	58.14	60.83	70.94	36.0	15.23	27.2	72.8	26.68	74.97	12.81	60.93	24.08	18.44	26.0	0.0	47.54	59.93	26.08	45.65	38.0	29.53	34.06	29.53	72.11	42.43	21.26	67.08	14.56	55.57	60.93	52.15	46.86	53.14	32.98	26.31	89.64	21.26	14.14	73.54	44.27	74.0	53.85	64.9	86.76	8.25	76.66	32.06	37.95	79.61	35.36	53.25	29.02	61.39	35.61	7.21	72.45	46.01	17.0	69.72
27	16.12	14.56	94.02	68.26	71.02	111.95	92.48	108.07	29.53	4.0	90.62	76.16	56.57	56.14	106.15	82.87	52.04	66.03	70.03	64.4	64.5	54.04	37.36	70.71	63.56	22.09	47.54	0.0	38.83	46.69	57.27	14.42	76.55	39.45	20.1	93.91	18.44	39.7	85.09	56.36	95.27	71.47	58.82	43.17	30.27	80.52	72.44	82.61	30.07	54.59	82.0	26.31	97.53	94.02	66.75	123.11	44.18	95.08	79.25	58.82	116.67	13.04	42.05	75.8	93.09	38.47	53.14	106.96	44.64	64.13	98.47
28	43.27	24.33	66.48	82.46	82.22	94.02	63.78	96.77	41.62	39.85	62.29	84.4	24.08	21.63	89.44	93.68	72.11	62.0	33.53	60.0	26.0	71.69	2.83	82.87	67.08	46.86	59.93	38.83	0.0	40.2	34.93	30.53	80.89	28.28	48.83	67.94	23.32	39.85	58.0	59.23	84.9	42.43	31.62	18.44	8.94	87.86	85.44	44.05	55.17	57.27	49.4	16.97	72.25	84.4	33.29	105.68	62.13	66.6	89.29	43.17	100.62	36.36	10.77	87.28	75.13	26.31	61.35	89.47	20.62	75.61	77.1
29	35.78	41.18	52.35	45.61	43.91	65.3	52.04	62.13	20.88	44.05	50.04	44.94	32.56	35.61	59.46	54.63	41.18	22.36	46.86	20.4	50.0	38.83	42.05	44.94	27.2	33.53	26.08	46.69	40.2	0.0	19.7	32.56	40.79	12.0	37.95	50.99	32.25	8.25	44.05	19.7	49.4	35.44	26.08	23.41	36.22	48.08	47.71	63.78	36.06	17.89	48.08	29.12	53.85	48.37	38.83	76.42	32.31	54.15	50.16	14.14	70.01	34.21	31.05	48.76	46.62	14.0	24.08	60.31	21.93	38.01	52.77
30	50.64	47.2	36.77	63.66	60.96	59.36	35.44	62.1	38.05	55.71	33.53	60.46	16.49	20.4	54.59	70.46	60.83	33.11	28.43	31.3	34.18	58.31	37.58	62.29	42.8	50.04	45.65	57.27	34.93	19.7	0.0	43.08	54.59	18.44	54.15	36.72	39.45	26.68	27.86	36.77	50.64	16.12	7.21	17.2	35.61	62.77	65.12	45.34	54.33	35.38	28.64	32.8	40.5	50.36	19.8	71.02	52.0	37.95	66.03	10.77	65.76	46.84	24.17	65.44	40.31	18.97	42.8	54.71	15.0	55.87	43.19
31	12.81	12.17	79.85	60.3	62.0	97.67	78.43	94.4	18.11	12.65	76.55	66.27	44.0	44.18	91.93	74.0	46.17	52.84	58.31	51.11	54.41	47.07	30.0	62.03	51.92	17.2	38.0	14.42	30.53	32.56	43.08	0.0	65.51	25.06	18.44	79.62	7.21	26.08	70.94	44.27	81.61	57.72	45.12	30.07	21.63	70.46	64.12	72.28	26.08	42.38	68.73	14.56	83.19	80.45	54.04	108.9	36.88	80.99	70.03	44.41	102.55	5.83	30.59	67.01	78.75	24.17	42.43	92.7	31.26	55.0	84.05
32	60.93	76.94	68.96	20.4	14.14	58.03	71.02	43.68	47.54	72.8	69.34	8.25	70.68	74.32	52.0	17.2	34.41	21.63	82.68	23.32	88.57	30.0	82.61	16.12	14.0	55.46	29.53	76.55	80.89	40.79	54.59	65.51	0.0	52.61	59.06	65.3	68.47	42.0	64.4	22.0	34.06	65.3	61.77	64.03	76.11	8.49	18.0	99.3	50.48	24.0	76.37	68.0	65.39	32.06	73.78	65.12	35.61	71.69	13.42	43.91	57.87	63.89	71.81	15.3	47.8	54.59	23.41	54.01	62.36	16.64	57.28
33	32.25	31.24	55.03	55.57	54.63	73.59	53.85	72.47	20.88	37.58	51.92	56.32	25.06	27.2	68.12	65.79	48.17	34.23	40.25	32.25	41.04	46.69	30.07	55.46	38.83	32.06	34.06	39.45	28.28	12.0	18.44	25.06	52.61	0.0	36.0	54.63	22.63	12.81	46.17	31.05	59.93	34.06	22.09	12.81	24.33	59.67	58.14	56.6	37.36	29.12	46.04	17.89	58.14	59.09	33.53	85.04	38.42	56.32	61.35	19.8	79.03	28.46	19.7	59.62	54.45	2.0	34.0	68.68	12.04	48.3	59.2
34	5.66	28.84	89.82	48.66	51.92	101.55	89.11	94.85	17.09	16.12	87.13	57.58	59.23	60.17	95.41	63.56	32.0	52.5	74.22	51.22	71.69	34.23	48.41	51.42	47.2	4.47	29.53	20.1	48.83	37.95	54.15	18.44	59.06	36.0	0.0	88.77	25.61	29.73	81.22	41.04	82.22	70.03	58.03	45.12	40.0	62.03	52.95	89.2	10.0	39.6	82.02	32.25	91.76	80.72	68.73	112.07	24.74	91.41	60.17	51.92	105.21	12.73	47.54	56.52	83.65	36.06	36.06	96.57	45.71	45.22	90.47
35	86.02	83.76	4.47	82.22	77.25	32.0	8.25	44.94	71.81	92.2	8.0	73.35	44.05	47.2	30.59	82.37	86.58	47.54	42.38	47.07	53.85	82.87	70.77	79.12	60.17	84.4	72.11	93.91	67.94	50.99	36.72	79.62	65.3	54.63	88.77	0.0	76.16	59.23	10.0	58.55	40.0	25.61	36.88	52.8	70.94	73.43	81.71	52.04	86.83	58.31	24.33	69.34	4.47	41.23	36.72	42.43	80.02	7.21	78.71	36.88	40.01	83.01	58.0	80.11	20.81	55.46	66.48	29.27	50.8	75.0	14.32
36	20.0	8.94	76.03	65.12	66.27	96.21	74.32	94.34	22.36	18.0	72.5	70.0	38.21	38.0	90.69	78.23	52.0	53.85	52.04	52.0	47.54	52.5	22.8	66.48	54.59	24.08	42.43	18.44	23.32	32.25	39.45	7.21	68.47	22.63	25.61	76.16	0.0	27.2	67.08	46.69	81.63	53.14	40.5	24.74	14.42	74.03	68.73	65.51	32.8	44.72	63.56	8.0	79.92	80.62	48.37	107.63	42.38	76.97	74.11	42.43	101.53	13.04	24.08	71.34	77.08	21.26	46.0	91.29	26.25	59.3	81.69
37	27.78	36.06	60.53	42.94	42.38	72.8	60.13	68.41	12.65	36.77	58.14	44.72	37.2	39.7	66.84	53.85	35.61	26.83	52.15	25.06	53.74	33.94	41.23	43.08	28.0	25.3	21.26	39.7	39.85	8.25	26.68	26.08	42.0	12.81	29.73	59.23	27.2	0.0	52.15	20.0	55.61	42.76	32.31	25.61	34.23	48.37	45.69	68.82	28.0	18.0	55.32	26.0	62.1	54.41	44.72	83.74	26.08	62.29	49.48	22.36	77.16	26.87	32.25	47.43	54.38	14.42	21.54	67.8	24.76	35.85	60.84
38	78.1	74.43	8.94	79.62	75.18	40.45	8.0	50.99	64.5	83.57	6.0	72.11	34.06	37.2	38.0	81.61	82.0	44.72	32.98	43.86	44.27	78.59	60.83	76.94	57.27	76.94	67.08	85.09	58.0	44.05	27.86	70.94	64.4	46.17	81.22	10.0	67.08	52.15	0.0	54.41	43.86	15.62	27.2	43.27	61.22	72.8	79.65	44.18	80.1	53.85	16.12	60.03	14.42	44.72	26.83	51.42	74.67	10.2	77.67	30.0	48.26	74.63	48.17	78.55	25.71	46.82	62.1	37.05	41.34	72.09	22.2
39	41.62	55.32	61.19	26.91	24.41	62.77	62.1	54.04	26.83	52.84	60.17	25.3	51.61	54.92	56.46	34.93	28.07	12.65	65.12	12.17	69.34	24.33	60.83	25.61	8.0	36.88	14.56	56.36	59.23	19.7	36.77	44.27	22.0	31.05	41.04	58.55	46.69	20.0	54.41	0.0	41.62	50.48	43.86	43.08	54.15	28.64	28.43	82.07	34.41	2.0	62.77	46.0	60.13	40.0	56.57	72.47	22.8	63.56	30.46	27.2	65.37	43.38	50.6	29.15	46.87	32.98	8.0	57.94	41.63	19.1	55.33
40	82.02	90.55	44.41	54.33	48.17	24.0	47.71	12.81	66.48	92.2	46.65	42.0	66.12	70.11	18.11	48.66	65.79	29.73	72.69	31.11	82.1	61.35	87.36	50.16	37.58	77.9	55.57	95.27	84.9	49.4	50.64	81.61	34.06	59.93	82.22	40.0	81.63	55.61	43.86	41.62	0.0	52.61	56.14	66.48	83.57	40.2	52.04	86.83	76.03	42.8	59.46	77.82	38.21	2.0	64.28	31.62	63.53	47.2	46.17	41.76	24.35	82.33	74.22	49.01	19.21	61.74	48.37	20.22	64.29	49.24	27.66
41	66.27	59.93	24.08	77.2	73.76	54.41	21.63	62.0	54.15	70.34	20.0	72.14	18.44	21.63	50.99	82.07	76.16	43.86	20.1	42.43	30.27	73.35	45.25	75.29	55.32	66.0	60.93	71.47	42.43	35.44	16.12	57.72	65.3	34.06	70.03	25.61	53.14	42.76	15.62	50.48	52.61	0.0	12.65	28.64	46.04	73.76	78.1	34.93	70.46	49.4	12.65	45.69	30.0	52.95	12.17	65.79	67.68	24.41	77.79	23.32	61.85	61.98	32.8	77.83	37.22	34.23	57.31	50.45	26.93	69.4	36.4
42	54.04	47.41	36.06	70.71	68.12	62.61	34.0	67.08	42.76	57.72	32.25	67.68	10.0	14.0	58.31	77.67	67.23	40.25	21.26	38.47	27.2	64.9	34.41	69.43	50.0	54.15	52.15	58.82	31.62	26.08	7.21	45.12	61.77	22.09	58.03	36.88	40.5	32.31	27.2	43.86	56.14	12.65	0.0	16.12	34.06	69.97	72.25	38.21	59.23	42.43	24.0	33.11	41.04	56.04	12.81	74.24	58.14	36.72	73.24	17.89	69.46	49.5	21.26	72.62	44.01	22.0	49.68	58.18	14.32	62.94	45.49
43	40.45	31.3	52.15	68.26	67.08	76.55	50.12	78.43	32.25	42.43	48.37	68.35	14.14	15.23	71.69	78.0	60.83	44.18	29.12	42.19	28.43	59.46	20.88	68.0	50.6	41.76	46.86	43.17	18.44	23.41	17.2	30.07	64.03	12.81	45.12	52.8	24.74	25.61	43.27	43.08	66.48	28.64	16.12	0.0	18.44	71.47	70.71	44.72	48.33	41.23	38.83	17.09	56.85	65.97	24.0	88.2	50.99	52.84	73.54	24.74	82.86	35.01	8.0	72.01	57.45	11.31	46.65	71.87	2.24	60.9	60.31
44	34.41	16.0	70.0	75.89	76.16	94.87	67.68	95.85	34.0	31.05	66.03	78.92	28.64	27.2	89.89	87.86	64.5	58.55	40.45	56.57	34.23	64.4	8.49	76.66	62.13	38.21	53.14	30.27	8.94	36.22	35.61	21.63	76.11	24.33	40.0	70.94	14.42	34.23	61.22	54.15	83.57	46.04	34.06	18.44	0.0	82.61	79.12	52.35	46.69	52.15	54.63	8.94	75.07	82.87	38.63	106.51	54.59	70.46	83.55	42.05	101.02	27.46	13.42	81.25	75.72	22.36	55.32	90.14	20.62	69.38	78.75
45	64.56	82.22	77.18	17.2	11.31	64.12	79.32	48.37	52.35	76.66	77.67	4.47	78.71	82.29	58.31	8.94	34.06	30.0	90.97	31.62	96.6	30.0	89.44	12.81	20.88	58.82	32.98	80.52	87.86	48.08	62.77	70.46	8.49	59.67	62.03	73.43	74.03	48.37	72.8	28.64	40.2	73.76	69.97	71.47	82.61	0.0	13.42	107.65	52.8	30.59	84.85	74.24	73.35	38.21	82.1	70.26	37.58	79.92	6.0	52.15	63.13	68.25	79.12	9.49	55.36	61.61	28.07	60.41	69.89	17.0	64.85
46	56.32	76.24	85.09	4.47	4.47	76.03	86.76	61.19	46.39	68.47	84.97	10.2	80.0	83.23	70.0	10.77	22.36	34.99	93.51	36.06	97.65	18.97	86.65	2.83	22.8	50.36	26.31	72.44	85.44	47.71	65.12	64.12	18.0	58.14	52.95	81.71	68.73	45.69	79.65	28.43	52.04	78.1	72.25	70.71	79.12	13.42	0.0	110.45	43.17	30.0	90.0	70.34	82.22	50.04	84.9	82.87	28.28	87.73	8.49	55.17	75.66	61.01	77.82	4.24	65.31	59.93	24.17	72.01	69.46	9.85	74.73
47	84.12	68.26	48.17	108.9	106.3	84.02	44.18	95.04	76.94	83.19	44.05	105.6	31.62	29.53	82.1	115.6	104.4	77.67	16.97	76.03	18.11	102.45	46.0	107.63	88.09	86.16	89.64	82.61	44.05	63.78	45.34	72.28	99.3	56.6	89.2	52.04	65.51	68.82	44.18	82.07	86.83	34.93	38.21	44.72	52.35	107.65	110.45	0.0	93.04	80.62	28.07	57.72	56.14	87.36	25.61	94.34	94.87	46.39	111.21	55.61	92.01	77.88	41.76	110.75	69.72	55.57	87.73	81.02	44.78	101.14	66.01
48	14.56	37.58	88.36	38.83	42.38	96.6	88.09	88.41	16.49	26.08	86.09	48.33	62.03	63.56	90.35	53.85	22.0	46.65	77.25	45.65	76.16	24.33	55.17	41.76	39.6	8.94	21.26	30.07	55.17	36.06	54.33	26.08	50.48	37.36	10.0	86.83	32.8	28.0	80.1	34.41	76.03	70.46	59.23	48.33	46.69	52.8	43.17	93.04	0.0	33.29	82.87	38.21	89.44	74.4	70.88	106.68	15.23	90.2	50.6	50.16	99.64	21.02	52.15	46.84	79.48	37.95	28.28	91.68	48.47	35.85	86.98
49	40.0	53.37	60.83	28.28	26.08	63.56	61.61	55.32	25.06	51.11	59.67	27.2	50.0	53.25	57.27	36.77	28.28	13.42	63.66	12.65	67.68	24.74	58.86	27.2	10.0	35.38	14.14	54.59	57.27	17.89	35.38	42.38	24.0	29.12	39.6	58.31	44.72	18.0	53.85	2.0	42.8	49.4	42.43	41.23	52.15	30.59	30.0	80.62	33.29	0.0	61.77	44.0	60.03	41.23	55.17	73.43	22.36	63.15	32.31	26.08	66.37	41.59	48.7	30.89	47.3	31.05	8.25	58.69	39.81	20.52	55.58
50	78.03	69.57	20.88	89.31	85.6	56.14	17.09	67.08	66.48	81.22	16.49	83.55	26.0	27.78	54.04	93.38	88.77	55.32	18.87	54.04	30.53	85.91	52.15	87.2	67.2	78.1	73.54	82.0	49.4	48.08	28.64	68.73	76.37	46.04	82.02	24.33	63.56	55.32	16.12	62.77	59.46	12.65	24.0	38.83	54.63	84.85	90.0	28.07	82.87	61.77	0.0	55.79	28.64	60.17	16.12	66.75	80.32	19.7	89.2	35.78	64.07	73.33	41.23	89.5	41.77	46.0	69.77	53.0	37.48	81.54	38.01
51	26.83	14.42	68.96	67.05	67.47	90.91	67.08	90.35	25.06	26.0	65.3	70.46	30.27	30.0	85.6	79.25	55.57	51.42	44.05	49.48	39.85	55.46	17.2	67.91	54.0	30.0	44.27	26.31	16.97	29.12	32.8	14.56	68.0	17.89	32.25	69.34	8.0	26.0	60.03	46.0	77.82	45.69	33.11	17.09	8.94	74.24	70.34	57.72	38.21	44.0	55.79	0.0	73.24	76.97	40.45	102.45	45.65	69.77	74.97	37.2	96.61	20.25	16.12	72.57	71.7	16.12	46.69	86.05	18.79	60.64	75.69
52	89.2	87.66	8.0	82.97	77.79	28.07	12.0	42.05	74.73	95.71	12.17	73.54	48.41	51.61	27.2	82.29	88.2	48.66	46.82	48.37	58.31	84.38	75.07	79.7	61.19	87.36	74.0	97.53	72.25	53.85	40.5	83.19	65.39	58.14	91.76	4.47	79.92	62.1	14.42	60.13	38.21	30.0	41.04	56.85	75.07	73.35	82.22	56.14	89.44	60.03	28.64	73.24	0.0	39.6	41.18	38.21	82.02	10.2	78.79	39.85	36.12	86.41	62.23	80.41	19.1	59.06	68.12	25.71	54.82	75.93	11.18
53	80.62	89.55	45.61	52.35	46.17	26.0	48.83	14.14	65.12	90.91	47.71	40.0	66.03	70.03	20.1	46.69	63.91	28.28	72.99	29.73	82.22	59.46	86.83	48.17	35.78	76.42	53.85	94.02	84.4	48.37	50.36	80.45	32.06	59.09	80.72	41.23	80.62	54.41	44.72	40.0	2.0	52.95	56.04	65.97	82.87	38.21	50.04	87.36	74.4	41.23	60.17	76.97	39.6	0.0	64.5	33.53	61.77	48.41	44.18	41.23	26.25	81.06	73.76	47.01	20.52	60.93	46.65	22.2	63.79	47.3	29.21
54	64.28	53.85	34.41	83.45	80.72	66.48	31.24	74.03	54.41	66.27	30.0	80.0	10.2	11.66	63.15	90.0	79.92	52.15	8.94	50.48	18.11	77.67	36.06	82.07	62.48	65.12	64.9	66.75	33.29	38.83	19.8	54.04	73.78	33.53	68.73	36.72	48.37	44.72	26.83	56.57	64.28	12.17	12.81	24.0	38.63	82.1	84.9	25.61	70.88	55.17	16.12	40.45	41.18	64.5	0.0	77.79	70.71	34.06	85.6	30.0	73.98	59.01	25.3	85.15	49.37	32.98	62.48	62.59	23.09	75.66	48.38
55	111.21	116.28	46.17	85.51	79.25	11.66	50.16	22.0	95.6	120.42	50.36	72.69	83.26	86.93	16.97	78.03	97.41	60.03	84.4	61.06	95.6	92.97	108.41	81.22	69.08	107.65	86.76	123.11	105.68	76.42	71.02	108.9	65.12	85.04	112.07	42.43	107.63	83.74	51.42	72.47	31.62	65.79	74.24	88.2	106.51	70.26	82.87	94.34	106.68	73.43	66.75	102.45	38.21	33.53	77.79	0.0	94.85	48.04	76.24	65.3	7.28	110.54	95.02	79.51	30.81	86.56	79.62	16.4	85.98	80.78	29.41
56	28.07	49.03	82.22	24.08	27.2	85.44	82.61	75.47	20.59	40.2	80.62	33.11	63.25	65.6	79.12	38.83	10.0	35.44	78.23	34.93	79.4	10.2	62.77	26.68	26.08	22.09	8.25	44.18	62.13	32.31	52.0	36.88	35.61	38.42	24.74	80.02	42.38	26.08	74.67	22.8	63.53	67.68	58.14	50.99	54.59	37.58	28.28	94.87	15.23	22.36	80.32	45.65	82.02	61.77	70.71	94.85	0.0	84.38	35.44	45.12	87.66	33.14	56.64	31.78	69.63	39.7	15.23	80.65	50.45	20.62	77.93
57	88.29	84.12	2.83	88.02	83.26	38.21	2.83	52.0	74.67	93.64	4.47	79.65	42.52	45.25	37.36	88.84	91.41	53.14	38.47	52.5	50.12	87.86	69.43	85.09	65.79	87.13	76.66	95.08	66.6	54.15	37.95	80.99	71.69	56.32	91.41	7.21	76.97	62.29	10.2	63.56	47.2	24.41	36.72	52.84	70.46	79.92	87.73	46.39	90.2	63.15	19.7	69.77	10.2	48.41	34.06	48.04	84.38	0.0	85.09	40.05	46.27	84.77	57.2	86.31	28.02	56.92	71.39	35.9	51.0	80.65	21.19
58	63.15	82.0	82.37	12.81	8.25	70.11	84.38	54.33	52.0	75.31	82.68	5.66	81.63	85.09	64.28	4.47	30.53	33.94	94.4	35.38	99.48	26.83	90.71	8.94	23.32	57.27	32.06	79.25	89.29	50.16	66.03	70.03	13.42	61.35	60.17	78.71	74.11	49.48	77.67	30.46	46.17	77.79	73.24	73.54	83.55	6.0	8.49	111.21	50.6	32.31	89.2	74.97	78.79	44.18	85.6	76.24	35.44	85.09	0.0	55.61	69.12	67.36	80.99	4.24	61.03	63.25	28.28	66.37	72.09	15.13	70.52
59	49.4	50.99	38.21	54.04	50.91	53.81	38.0	53.85	34.93	56.6	36.0	50.0	27.2	31.05	48.41	60.0	53.14	22.36	38.83	20.59	44.94	50.16	45.61	52.35	32.56	47.54	37.95	58.82	43.17	14.14	10.77	44.41	43.91	19.8	51.92	36.88	42.43	22.36	30.0	27.2	41.76	23.32	17.89	24.74	42.05	52.15	55.17	55.61	50.16	26.08	35.78	37.2	39.85	41.23	30.0	65.3	45.12	40.05	55.61	0.0	59.41	47.01	32.56	55.23	34.66	21.26	34.0	48.92	22.56	46.23	39.66
60	104.48	110.26	44.1	78.26	72.01	8.06	48.09	15.13	88.87	113.9	48.01	65.49	78.77	82.54	11.18	71.0	90.14	53.0	81.05	54.08	91.98	85.7	103.31	73.98	61.85	100.8	79.61	116.67	100.62	70.01	65.76	102.55	57.87	79.03	105.21	40.01	101.53	77.16	48.26	65.37	24.35	61.85	69.46	82.86	101.02	63.13	75.66	92.01	99.64	66.37	64.07	96.61	36.12	26.25	73.98	7.28	87.66	46.27	69.12	59.41	0.0	104.0	89.89	72.34	25.5	80.6	72.45	11.4	80.62	73.5	26.08
61	7.07	16.55	83.49	57.01	59.21	99.49	82.28	95.13	16.55	9.9	80.36	63.95	49.09	49.5	93.61	71.18	41.98	53.01	63.64	51.4	60.08	43.29	35.81	59.08	50.7	12.08	35.36	13.04	36.36	34.21	46.84	5.83	63.89	28.46	12.73	83.01	13.04	26.87	74.63	43.38	82.33	61.98	49.5	35.01	27.46	68.25	61.01	77.88	21.02	41.59	73.33	20.25	86.41	81.06	59.01	110.54	33.14	84.77	67.36	47.01	104.0	0.0	36.14	64.12	80.8	27.89	40.52	94.49	36.01	52.24	86.61
62	42.38	28.64	56.85	75.18	74.32	83.35	54.41	86.02	36.88	42.05	52.8	75.89	15.23	14.14	78.71	85.44	66.6	52.15	28.0	50.16	24.17	65.6	13.42	75.15	58.24	44.72	53.25	42.05	10.77	31.05	24.17	30.59	71.81	19.7	47.54	58.0	24.08	32.25	48.17	50.6	74.22	32.8	21.26	8.0	13.42	79.12	77.82	41.76	52.15	48.7	41.23	16.12	62.23	73.76	25.3	95.02	56.64	57.2	80.99	32.56	89.89	36.14	0.0	79.31	64.41	17.89	53.67	78.77	10.05	67.98	66.61
63	59.68	79.06	83.63	8.6	5.1	73.01	85.48	57.71	49.09	71.85	83.73	7.07	80.71	84.06	67.07	7.07	26.42	34.21	93.86	35.47	98.48	22.85	88.6	5.1	22.67	53.76	29.02	75.8	87.28	48.76	65.44	67.01	15.3	59.62	56.52	80.11	71.34	47.43	78.55	29.15	49.01	77.83	72.62	72.01	81.25	9.49	4.24	110.75	46.84	30.89	89.5	72.57	80.41	47.01	85.15	79.51	31.78	86.31	4.24	55.23	72.34	64.12	79.31	0.0	63.06	61.47	25.96	69.12	70.66	12.04	72.53
64	82.15	85.63	25.24	66.61	61.0	19.21	28.65	25.32	66.73	90.6	27.73	56.04	53.45	57.28	14.32	64.26	74.33	34.37	57.04	34.71	67.48	70.18	77.83	62.97	46.01	79.18	61.39	93.09	75.13	46.62	40.31	78.75	47.8	54.45	83.65	20.81	77.08	54.38	25.71	46.87	19.21	37.22	44.01	57.45	75.72	55.36	65.31	69.72	79.48	47.3	41.77	71.7	19.1	20.52	49.37	30.81	69.63	28.02	61.03	34.66	25.5	80.8	64.41	63.06	0.0	55.9	54.74	14.42	55.23	60.13	9.49
65	32.06	29.73	55.71	57.31	56.46	75.07	54.41	74.24	21.54	36.77	52.5	58.24	24.17	26.08	69.66	67.68	49.52	36.22	39.4	34.23	39.7	48.17	28.07	57.27	40.79	32.25	35.61	38.47	26.31	14.0	18.97	24.17	54.59	2.0	36.06	55.46	21.26	14.42	46.82	32.98	61.74	34.23	22.0	11.31	22.36	61.61	59.93	55.57	37.95	31.05	46.0	16.12	59.06	60.93	32.98	86.56	39.7	56.92	63.25	21.26	80.6	27.89	17.89	61.47	55.9	0.0	35.78	70.18	10.82	50.09	60.44
66	37.58	54.15	69.05	21.63	20.88	70.23	69.86	60.46	24.33	49.4	67.91	24.0	56.64	59.67	63.91	32.56	20.1	20.4	70.77	20.1	74.03	16.49	62.64	21.54	11.31	32.25	7.21	53.14	61.35	24.08	42.8	42.43	23.41	34.0	36.06	66.48	46.0	21.54	62.1	8.0	48.37	57.31	49.68	46.65	55.32	28.07	24.17	87.73	28.28	8.25	69.77	46.69	68.12	46.65	62.48	79.62	15.23	71.39	28.28	34.0	72.45	40.52	53.67	25.96	54.74	35.78	0.0	65.46	45.49	14.32	63.29
67	95.44	99.9	33.54	74.06	68.01	5.0	37.48	17.69	79.88	104.35	37.22	62.07	67.42	71.17	2.24	68.88	84.17	45.31	69.72	46.1	80.6	79.83	92.18	70.01	55.54	92.11	72.45	106.96	89.47	60.31	54.71	92.7	54.01	68.68	96.57	29.27	91.29	67.8	37.05	57.94	20.22	50.45	58.18	71.87	90.14	60.41	72.01	81.02	91.68	58.69	53.0	86.05	25.71	22.2	62.59	16.4	80.65	35.9	66.37	48.92	11.4	94.49	78.77	69.12	14.42	70.18	65.46	0.0	69.64	68.47	15.03
68	41.19	33.12	50.25	67.12	65.76	74.33	48.3	76.22	32.2	43.74	46.53	66.85	13.6	15.26	69.46	76.56	60.21	42.3	28.79	40.31	29.0	58.69	23.09	66.73	49.04	42.2	46.01	44.64	20.62	21.93	15.0	31.26	62.36	12.04	45.71	50.8	26.25	24.76	41.34	41.63	64.29	26.93	14.32	2.24	20.62	69.89	69.46	44.78	48.47	39.81	37.48	18.79	54.82	63.79	23.09	85.98	50.45	51.0	72.09	22.56	80.62	36.01	10.05	70.66	55.23	10.82	45.49	69.64	0.0	59.68	58.14
69	48.05	67.03	78.11	7.81	7.0	72.84	79.48	59.81	37.05	60.21	77.62	12.53	70.43	73.6	66.61	19.0	17.8	27.51	84.17	28.23	88.01	13.45	76.84	7.28	14.87	42.2	17.0	64.13	75.61	38.01	55.87	55.0	16.64	48.3	45.22	75.0	59.3	35.85	72.09	19.1	49.24	69.4	62.94	60.9	69.38	17.0	9.85	101.14	35.85	20.52	81.54	60.64	75.93	47.3	75.66	80.78	20.62	80.65	15.13	46.23	73.5	52.24	67.98	12.04	60.13	50.09	14.32	68.47	59.68	0.0	69.35
70	88.55	89.94	18.68	75.95	70.41	18.25	22.56	30.87	73.41	96.25	22.2	65.52	54.12	57.7	16.28	73.74	83.1	43.05	55.11	43.19	66.22	79.03	79.88	72.37	55.04	86.01	69.72	98.47	77.1	52.77	43.19	84.05	57.28	59.2	90.47	14.32	81.69	60.84	22.2	55.33	27.66	36.4	45.49	60.31	78.75	64.85	74.73	66.01	86.98	55.58	38.01	75.69	11.18	29.21	48.38	29.41	77.93	21.19	70.52	39.66	26.08	86.61	66.61	72.53	9.49	60.44	63.29	15.03	58.14	69.35	0.0
;
