set K:= 1	2	3	4	5	6	7	8	9;
set C_H:= 1	2	3	4	5	6	7	8	9	10	11	12	13	14	15	16	17	18	19	20	21;
set C_S:= 22	23	24	25	26	27	28	29	30	31	32	33	34	35	36	37	38	39	40;
set C_F:= 41	42	43	44	45	46	47	48	49	50	51	52	53	54	55	56	57	58	59;
set M:= 60	61	62	63;
set L_B:= 64	65	66	67	68	69	70	71	72	73	74;
set A1:=
(0,*) 1 2 3 4 5 6 7 8 9 10 11 12 13 14 15 16 17 18 19 20 21 41 42 43 44 45 46 47 48 49 50 51 52 53 54 55 56 57 58 59 60 61 62 63 64 65 66 67 68 69 70 71 72 73 74
(1,*) 0 2 3 4 5 6 7 8 9 10 11 12 13 14 15 16 17 18 19 20 21 41 42 43 44 45 46 47 48 49 50 51 52 53 54 55 56 57 58 59 60 61 62 63 64 65 66 67 68 69 70 71 72 73 74
(2,*) 0 1 3 4 5 6 7 8 9 10 11 12 13 14 15 16 17 18 19 20 21 41 42 43 44 45 46 47 48 49 50 51 52 53 54 55 56 57 58 59 60 61 62 63 64 65 66 67 68 69 70 71 72 73 74
(3,*) 0 1 2 4 5 6 7 8 9 10 11 12 13 14 15 16 17 18 19 20 21 41 42 43 44 45 46 47 48 49 50 51 52 53 54 55 56 57 58 59 60 61 62 63 64 65 66 67 68 69 70 71 72 73 74
(4,*) 0 1 2 3 5 6 7 8 9 10 11 12 13 14 15 16 17 18 19 20 21 41 42 43 44 45 46 47 48 49 50 51 52 53 54 55 56 57 58 59 60 61 62 63 64 65 66 67 68 69 70 71 72 73 74
(5,*) 0 1 2 3 4 6 7 8 9 10 11 12 13 14 15 16 17 18 19 20 21 41 42 43 44 45 46 47 48 49 50 51 52 53 54 55 56 57 58 59 60 61 62 63 64 65 66 67 68 69 70 71 72 73 74
(6,*) 0 1 2 3 4 5 7 8 9 10 11 12 13 14 15 16 17 18 19 20 21 41 42 43 44 45 46 47 48 49 50 51 52 53 54 55 56 57 58 59 60 61 62 63 64 65 66 67 68 69 70 71 72 73 74
(7,*) 0 1 2 3 4 5 6 8 9 10 11 12 13 14 15 16 17 18 19 20 21 41 42 43 44 45 46 47 48 49 50 51 52 53 54 55 56 57 58 59 60 61 62 63 64 65 66 67 68 69 70 71 72 73 74
(8,*) 0 1 2 3 4 5 6 7 9 10 11 12 13 14 15 16 17 18 19 20 21 41 42 43 44 45 46 47 48 49 50 51 52 53 54 55 56 57 58 59 60 61 62 63 64 65 66 67 68 69 70 71 72 73 74
(9,*) 0 1 2 3 4 5 6 7 8 10 11 12 13 14 15 16 17 18 19 20 21 41 42 43 44 45 46 47 48 49 50 51 52 53 54 55 56 57 58 59 60 61 62 63 64 65 66 67 68 69 70 71 72 73 74
(10,*) 0 1 2 3 4 5 6 7 8 9 11 12 13 14 15 16 17 18 19 20 21 41 42 43 44 45 46 47 48 49 50 51 52 53 54 55 56 57 58 59 60 61 62 63 64 65 66 67 68 69 70 71 72 73 74
(11,*) 0 1 2 3 4 5 6 7 8 9 10 12 13 14 15 16 17 18 19 20 21 41 42 43 44 45 46 47 48 49 50 51 52 53 54 55 56 57 58 59 60 61 62 63 64 65 66 67 68 69 70 71 72 73 74
(12,*) 0 1 2 3 4 5 6 7 8 9 10 11 13 14 15 16 17 18 19 20 21 41 42 43 44 45 46 47 48 49 50 51 52 53 54 55 56 57 58 59 60 61 62 63 64 65 66 67 68 69 70 71 72 73 74
(13,*) 0 1 2 3 4 5 6 7 8 9 10 11 12 14 15 16 17 18 19 20 21 41 42 43 44 45 46 47 48 49 50 51 52 53 54 55 56 57 58 59 60 61 62 63 64 65 66 67 68 69 70 71 72 73 74
(14,*) 0 1 2 3 4 5 6 7 8 9 10 11 12 13 15 16 17 18 19 20 21 41 42 43 44 45 46 47 48 49 50 51 52 53 54 55 56 57 58 59 60 61 62 63 64 65 66 67 68 69 70 71 72 73 74
(15,*) 0 1 2 3 4 5 6 7 8 9 10 11 12 13 14 16 17 18 19 20 21 41 42 43 44 45 46 47 48 49 50 51 52 53 54 55 56 57 58 59 60 61 62 63 64 65 66 67 68 69 70 71 72 73 74
(16,*) 0 1 2 3 4 5 6 7 8 9 10 11 12 13 14 15 17 18 19 20 21 41 42 43 44 45 46 47 48 49 50 51 52 53 54 55 56 57 58 59 60 61 62 63 64 65 66 67 68 69 70 71 72 73 74
(17,*) 0 1 2 3 4 5 6 7 8 9 10 11 12 13 14 15 16 18 19 20 21 41 42 43 44 45 46 47 48 49 50 51 52 53 54 55 56 57 58 59 60 61 62 63 64 65 66 67 68 69 70 71 72 73 74
(18,*) 0 1 2 3 4 5 6 7 8 9 10 11 12 13 14 15 16 17 19 20 21 41 42 43 44 45 46 47 48 49 50 51 52 53 54 55 56 57 58 59 60 61 62 63 64 65 66 67 68 69 70 71 72 73 74
(19,*) 0 1 2 3 4 5 6 7 8 9 10 11 12 13 14 15 16 17 18 20 21 41 42 43 44 45 46 47 48 49 50 51 52 53 54 55 56 57 58 59 60 61 62 63 64 65 66 67 68 69 70 71 72 73 74
(20,*) 0 1 2 3 4 5 6 7 8 9 10 11 12 13 14 15 16 17 18 19 21 41 42 43 44 45 46 47 48 49 50 51 52 53 54 55 56 57 58 59 60 61 62 63 64 65 66 67 68 69 70 71 72 73 74
(21,*) 0 1 2 3 4 5 6 7 8 9 10 11 12 13 14 15 16 17 18 19 20 41 42 43 44 45 46 47 48 49 50 51 52 53 54 55 56 57 58 59 60 61 62 63 64 65 66 67 68 69 70 71 72 73 74
(41,*) 0 1 2 3 4 5 6 7 8 9 10 11 12 13 14 15 16 17 18 19 20 21 42 43 44 45 46 47 48 49 50 51 52 53 54 55 56 57 58 59 60 61 62 63 64 65 66 67 68 69 70 71 72 73 74
(42,*) 0 1 2 3 4 5 6 7 8 9 10 11 12 13 14 15 16 17 18 19 20 21 41 43 44 45 46 47 48 49 50 51 52 53 54 55 56 57 58 59 60 61 62 63 64 65 66 67 68 69 70 71 72 73 74
(43,*) 0 1 2 3 4 5 6 7 8 9 10 11 12 13 14 15 16 17 18 19 20 21 41 42 44 45 46 47 48 49 50 51 52 53 54 55 56 57 58 59 60 61 62 63 64 65 66 67 68 69 70 71 72 73 74
(44,*) 0 1 2 3 4 5 6 7 8 9 10 11 12 13 14 15 16 17 18 19 20 21 41 42 43 45 46 47 48 49 50 51 52 53 54 55 56 57 58 59 60 61 62 63 64 65 66 67 68 69 70 71 72 73 74
(45,*) 0 1 2 3 4 5 6 7 8 9 10 11 12 13 14 15 16 17 18 19 20 21 41 42 43 44 46 47 48 49 50 51 52 53 54 55 56 57 58 59 60 61 62 63 64 65 66 67 68 69 70 71 72 73 74
(46,*) 0 1 2 3 4 5 6 7 8 9 10 11 12 13 14 15 16 17 18 19 20 21 41 42 43 44 45 47 48 49 50 51 52 53 54 55 56 57 58 59 60 61 62 63 64 65 66 67 68 69 70 71 72 73 74
(47,*) 0 1 2 3 4 5 6 7 8 9 10 11 12 13 14 15 16 17 18 19 20 21 41 42 43 44 45 46 48 49 50 51 52 53 54 55 56 57 58 59 60 61 62 63 64 65 66 67 68 69 70 71 72 73 74
(48,*) 0 1 2 3 4 5 6 7 8 9 10 11 12 13 14 15 16 17 18 19 20 21 41 42 43 44 45 46 47 49 50 51 52 53 54 55 56 57 58 59 60 61 62 63 64 65 66 67 68 69 70 71 72 73 74
(49,*) 0 1 2 3 4 5 6 7 8 9 10 11 12 13 14 15 16 17 18 19 20 21 41 42 43 44 45 46 47 48 50 51 52 53 54 55 56 57 58 59 60 61 62 63 64 65 66 67 68 69 70 71 72 73 74
(50,*) 0 1 2 3 4 5 6 7 8 9 10 11 12 13 14 15 16 17 18 19 20 21 41 42 43 44 45 46 47 48 49 51 52 53 54 55 56 57 58 59 60 61 62 63 64 65 66 67 68 69 70 71 72 73 74
(51,*) 0 1 2 3 4 5 6 7 8 9 10 11 12 13 14 15 16 17 18 19 20 21 41 42 43 44 45 46 47 48 49 50 52 53 54 55 56 57 58 59 60 61 62 63 64 65 66 67 68 69 70 71 72 73 74
(52,*) 0 1 2 3 4 5 6 7 8 9 10 11 12 13 14 15 16 17 18 19 20 21 41 42 43 44 45 46 47 48 49 50 51 53 54 55 56 57 58 59 60 61 62 63 64 65 66 67 68 69 70 71 72 73 74
(53,*) 0 1 2 3 4 5 6 7 8 9 10 11 12 13 14 15 16 17 18 19 20 21 41 42 43 44 45 46 47 48 49 50 51 52 54 55 56 57 58 59 60 61 62 63 64 65 66 67 68 69 70 71 72 73 74
(54,*) 0 1 2 3 4 5 6 7 8 9 10 11 12 13 14 15 16 17 18 19 20 21 41 42 43 44 45 46 47 48 49 50 51 52 53 55 56 57 58 59 60 61 62 63 64 65 66 67 68 69 70 71 72 73 74
(55,*) 0 1 2 3 4 5 6 7 8 9 10 11 12 13 14 15 16 17 18 19 20 21 41 42 43 44 45 46 47 48 49 50 51 52 53 54 56 57 58 59 60 61 62 63 64 65 66 67 68 69 70 71 72 73 74
(56,*) 0 1 2 3 4 5 6 7 8 9 10 11 12 13 14 15 16 17 18 19 20 21 41 42 43 44 45 46 47 48 49 50 51 52 53 54 55 57 58 59 60 61 62 63 64 65 66 67 68 69 70 71 72 73 74
(57,*) 0 1 2 3 4 5 6 7 8 9 10 11 12 13 14 15 16 17 18 19 20 21 41 42 43 44 45 46 47 48 49 50 51 52 53 54 55 56 58 59 60 61 62 63 64 65 66 67 68 69 70 71 72 73 74
(58,*) 0 1 2 3 4 5 6 7 8 9 10 11 12 13 14 15 16 17 18 19 20 21 41 42 43 44 45 46 47 48 49 50 51 52 53 54 55 56 57 59 60 61 62 63 64 65 66 67 68 69 70 71 72 73 74
(59,*) 0 1 2 3 4 5 6 7 8 9 10 11 12 13 14 15 16 17 18 19 20 21 41 42 43 44 45 46 47 48 49 50 51 52 53 54 55 56 57 58 60 61 62 63 64 65 66 67 68 69 70 71 72 73 74
(60,*) 0 1 2 3 4 5 6 7 8 9 10 11 12 13 14 15 16 17 18 19 20 21 41 42 43 44 45 46 47 48 49 50 51 52 53 54 55 56 57 58 59 61 62 63 64 65 66 67 68 69 70 71 72 73 74
(61,*) 0 1 2 3 4 5 6 7 8 9 10 11 12 13 14 15 16 17 18 19 20 21 41 42 43 44 45 46 47 48 49 50 51 52 53 54 55 56 57 58 59 60 62 63 64 65 66 67 68 69 70 71 72 73 74
(62,*) 0 1 2 3 4 5 6 7 8 9 10 11 12 13 14 15 16 17 18 19 20 21 41 42 43 44 45 46 47 48 49 50 51 52 53 54 55 56 57 58 59 60 61 63 64 65 66 67 68 69 70 71 72 73 74
(63,*) 0 1 2 3 4 5 6 7 8 9 10 11 12 13 14 15 16 17 18 19 20 21 41 42 43 44 45 46 47 48 49 50 51 52 53 54 55 56 57 58 59 60 61 62 64 65 66 67 68 69 70 71 72 73 74
(64,*) 0 1 2 3 4 5 6 7 8 9 10 11 12 13 14 15 16 17 18 19 20 21 41 42 43 44 45 46 47 48 49 50 51 52 53 54 55 56 57 58 59 60 61 62 63 65 66 67 68 69 70 71 72 73 74
(65,*) 0 1 2 3 4 5 6 7 8 9 10 11 12 13 14 15 16 17 18 19 20 21 41 42 43 44 45 46 47 48 49 50 51 52 53 54 55 56 57 58 59 60 61 62 63 64 66 67 68 69 70 71 72 73 74
(66,*) 0 1 2 3 4 5 6 7 8 9 10 11 12 13 14 15 16 17 18 19 20 21 41 42 43 44 45 46 47 48 49 50 51 52 53 54 55 56 57 58 59 60 61 62 63 64 65 67 68 69 70 71 72 73 74
(67,*) 0 1 2 3 4 5 6 7 8 9 10 11 12 13 14 15 16 17 18 19 20 21 41 42 43 44 45 46 47 48 49 50 51 52 53 54 55 56 57 58 59 60 61 62 63 64 65 66 68 69 70 71 72 73 74
(68,*) 0 1 2 3 4 5 6 7 8 9 10 11 12 13 14 15 16 17 18 19 20 21 41 42 43 44 45 46 47 48 49 50 51 52 53 54 55 56 57 58 59 60 61 62 63 64 65 66 67 69 70 71 72 73 74
(69,*) 0 1 2 3 4 5 6 7 8 9 10 11 12 13 14 15 16 17 18 19 20 21 41 42 43 44 45 46 47 48 49 50 51 52 53 54 55 56 57 58 59 60 61 62 63 64 65 66 67 68 70 71 72 73 74
(70,*) 0 1 2 3 4 5 6 7 8 9 10 11 12 13 14 15 16 17 18 19 20 21 41 42 43 44 45 46 47 48 49 50 51 52 53 54 55 56 57 58 59 60 61 62 63 64 65 66 67 68 69 71 72 73 74
(71,*) 0 1 2 3 4 5 6 7 8 9 10 11 12 13 14 15 16 17 18 19 20 21 41 42 43 44 45 46 47 48 49 50 51 52 53 54 55 56 57 58 59 60 61 62 63 64 65 66 67 68 69 70 72 73 74
(72,*) 0 1 2 3 4 5 6 7 8 9 10 11 12 13 14 15 16 17 18 19 20 21 41 42 43 44 45 46 47 48 49 50 51 52 53 54 55 56 57 58 59 60 61 62 63 64 65 66 67 68 69 70 71 73 74
(73,*) 0 1 2 3 4 5 6 7 8 9 10 11 12 13 14 15 16 17 18 19 20 21 41 42 43 44 45 46 47 48 49 50 51 52 53 54 55 56 57 58 59 60 61 62 63 64 65 66 67 68 69 70 71 72 74
(74,*) 0 1 2 3 4 5 6 7 8 9 10 11 12 13 14 15 16 17 18 19 20 21 41 42 43 44 45 46 47 48 49 50 51 52 53 54 55 56 57 58 59 60 61 62 63 64 65 66 67 68 69 70 71 72 73
;
set A2:=
(60,*) 61
(61,*) 60
(62,*) 63
(63,*) 62
;
param BigM:=99999;
param n:= 9;
param d:=
1	16
2	9
3	21
4	11
5	24
6	3
7	17
8	9
9	11
10	2
11	21
12	21
13	1
14	17
15	4
16	18
17	11
18	9
19	18
20	22
21	23
22	10
23	19
24	13
25	2
26	5
27	20
28	23
29	24
30	19
31	2
32	2
33	5
34	14
35	19
36	20
37	18
38	42
39	21
40	9
41	2
42	7
43	11
44	17
45	23
46	6
47	18
48	20
49	5
50	1
51	18
52	17
53	6
54	9
55	9
56	11
57	48
58	2
59	24
;
param Q:=100;
param w:=
[60,*] 61 0.5
[61,*] 60 0.5
[62,*] 63 0.5
[63,*] 62 0.5
;
param V:=
[60,*] 61 90
[61,*] 60 90
[62,*] 63 91
[63,*] 62 91
;
param e:
	60	61	62	63	64	65	66	67	68	69	70	71	72	73	74:=
22	0	0	0	0	0	1	0	0	1	0	0	0	0	0	0	
23	1	0	0	1	0	0	1	0	0	0	0	0	0	0	0	
24	1	0	0	0	1	0	0	0	0	0	0	0	0	0	0	
25	1	0	0	0	0	0	0	0	0	0	0	0	0	0	0	
26	0	0	0	1	0	0	1	0	0	0	0	0	0	0	0	
27	0	1	0	0	0	0	0	0	0	0	0	0	0	0	0	
28	1	0	0	1	0	0	0	0	0	0	0	0	0	0	0	
29	1	0	0	0	0	0	0	0	0	0	0	0	0	0	0	
30	0	0	0	0	0	0	0	1	0	0	0	0	0	0	0	
31	0	1	0	0	0	0	0	1	0	0	0	0	0	0	0	
32	0	0	0	0	0	1	0	0	0	0	0	0	0	0	0	
33	0	0	0	0	1	0	0	0	0	0	0	0	0	0	0	
34	0	0	0	0	0	0	0	1	0	0	0	0	0	0	0	
35	0	0	0	0	0	0	0	1	0	0	0	0	0	0	0	
36	0	0	0	0	0	1	0	0	0	0	0	0	0	0	0	
37	0	0	0	0	0	0	1	0	0	0	0	0	0	0	0	
38	0	0	0	0	0	1	0	0	0	0	0	0	0	0	0	
39	0	0	0	0	0	0	1	0	0	0	0	0	0	0	0	
40	1	0	0	1	1	0	0	0	0	0	0	0	0	0	0	
41	1	0	0	1	0	0	1	0	0	0	0	0	0	0	0	
42	0	1	0	0	0	0	0	0	0	0	0	0	0	0	0	
43	0	0	0	1	0	0	1	0	0	0	0	0	0	0	0	
44	1	0	0	1	0	0	1	0	0	0	0	0	0	0	0	
45	0	1	0	0	0	0	0	1	0	0	0	0	0	0	0	
46	0	0	0	0	1	0	0	0	0	0	0	0	0	0	0	
47	0	0	1	0	0	0	0	0	1	0	0	0	0	0	0	
48	0	1	0	0	0	0	0	1	0	0	0	0	0	0	0	
49	0	1	0	0	1	0	0	1	0	0	0	0	0	0	0	
50	0	0	0	1	0	0	0	0	0	0	0	0	0	0	0	
51	0	0	0	0	0	0	0	1	0	0	0	0	0	0	0	
52	1	0	0	1	0	0	1	0	0	0	0	0	0	0	0	
53	0	0	0	0	0	0	0	0	1	0	0	0	0	0	0	
54	1	0	0	1	1	0	1	0	0	0	0	0	0	0	0	
55	0	1	0	0	0	0	0	0	0	0	0	0	0	0	0	
56	1	0	0	1	0	0	1	0	0	0	0	0	0	0	0	
57	0	0	1	0	0	1	0	0	0	0	0	0	0	0	0	
58	0	0	0	1	0	0	0	0	0	0	0	0	0	0	0	
59	0	0	0	0	0	1	0	0	1	0	0	0	0	0	0	
;
param p:=
1	3
2	3
3	3
4	3
5	3
6	3
7	3
8	3
9	3
;
param G:=
60	72
61	90
62	79
63	91
64	100
65	89
66	96
67	77
68	84
69	73
70	76
71	92
72	88
73	99
74	97
;
param s:=
0	0
1	15
2	15
3	15
4	15
5	15
6	15
7	15
8	15
9	15
10	15
11	15
12	15
13	15
14	15
15	15
16	15
17	15
18	15
19	15
20	15
21	15
41	15
42	15
43	15
44	15
45	15
46	15
47	15
48	15
49	15
50	15
51	15
52	15
53	15
54	15
55	15
56	15
57	15
58	15
59	15
60	10
61	10
62	10
63	10
64	10
65	10
66	10
67	10
68	10
69	10
70	10
71	10
72	10
73	10
74	10
;
param t:
	0	1	2	3	4	5	6	7	8	9	10	11	12	13	14	15	16	17	18	19	20	21	22	23	24	25	26	27	28	29	30	31	32	33	34	35	36	37	38	39	40	41	42	43	44	45	46	47	48	49	50	51	52	53	54	55	56	57	58	59	60	61	62	63	64	65	66	67	68	69	70	71	72	73	74:=
0	0.0	66.27	86.83	52.15	12.17	64.56	31.62	56.32	84.12	55.32	66.75	5.66	80.62	20.0	27.78	50.91	28.07	88.29	41.62	82.02	63.15	38.0	100.44	34.41	15.62	6.0	43.27	83.95	35.78	50.64	60.93	60.17	94.4	40.0	36.22	52.35	89.2	64.28	78.1	66.48	49.4	54.04	23.32	42.8	40.45	54.92	85.91	94.76	54.59	48.37	16.12	12.81	54.59	14.56	32.25	78.03	26.83	86.02	69.43	111.21	104.48	7.07	38.33	78.03	50.25	90.92	36.06	42.95	86.61	42.19	36.07	94.02	44.78	50.92	91.21
1	66.27	0.0	24.08	77.2	70.34	73.76	60.93	78.1	34.93	21.63	82.07	70.03	52.95	53.14	42.76	42.43	67.68	24.41	50.48	52.61	77.79	73.35	54.41	46.04	54.15	66.0	42.43	20.0	35.44	16.12	65.3	72.14	50.99	49.4	76.16	43.86	30.0	12.17	15.62	30.27	23.32	12.65	59.93	45.25	28.64	73.76	21.63	62.0	75.29	55.32	71.47	57.72	18.44	70.46	34.06	12.65	45.69	25.61	20.1	65.79	61.85	61.98	68.88	14.42	75.21	41.11	30.27	58.25	39.81	26.0	44.28	43.08	34.66	64.54	50.36
2	86.83	24.08	0.0	85.44	92.48	77.18	74.43	85.09	48.17	45.34	86.09	89.82	45.61	76.03	60.53	50.0	82.22	2.83	61.19	44.41	82.37	85.51	36.06	70.0	72.99	85.51	66.48	4.47	52.35	36.77	68.96	76.94	34.93	60.83	89.11	50.6	8.0	34.41	8.94	50.99	38.21	36.06	83.35	69.31	52.15	80.62	4.0	49.4	82.46	63.25	94.02	79.85	42.43	88.36	55.03	20.88	68.96	4.47	39.4	46.17	44.1	83.49	80.6	24.74	83.82	23.54	52.0	68.15	25.08	49.4	58.08	24.08	58.73	71.87	36.06
3	52.15	77.2	85.44	0.0	64.28	17.2	22.8	4.47	108.9	81.22	15.23	48.66	52.35	65.12	42.94	35.78	24.08	88.02	26.91	54.33	12.81	14.56	78.23	75.89	42.76	46.17	82.46	85.09	45.61	63.66	20.4	13.42	72.11	28.28	17.89	34.93	82.97	83.45	79.62	95.6	54.04	70.71	72.44	83.57	68.26	6.32	86.93	64.03	4.47	22.36	68.26	60.3	78.1	38.83	55.57	89.31	67.05	82.22	91.93	85.51	78.26	57.01	14.04	91.61	2.24	75.33	59.36	19.1	70.35	67.68	34.83	78.23	79.18	13.6	68.12
4	12.17	70.34	92.48	64.28	0.0	76.66	43.68	68.47	83.19	56.0	78.92	16.12	90.91	18.0	36.77	61.22	40.2	93.64	52.84	92.2	75.31	50.04	109.34	31.05	26.08	18.11	39.85	89.2	44.05	55.71	72.8	72.28	103.48	51.11	48.04	62.8	95.71	66.27	83.57	65.12	56.6	57.72	16.12	38.63	42.43	67.08	91.08	105.0	66.75	59.93	4.0	12.65	56.14	26.08	37.58	81.22	26.0	92.2	70.03	120.42	113.9	9.9	50.49	80.62	62.39	99.05	40.5	54.78	95.0	44.72	46.4	102.08	43.42	62.94	100.5
5	64.56	73.76	77.18	17.2	76.66	0.0	32.98	13.42	107.65	82.29	8.94	62.03	38.21	74.03	48.37	31.62	37.58	79.92	28.64	40.2	6.0	30.0	64.12	82.61	52.35	58.82	87.86	77.67	48.08	62.77	8.49	4.47	58.31	30.59	34.06	30.0	73.35	82.1	72.8	96.6	52.15	69.97	82.22	89.44	71.47	11.31	79.32	48.37	12.81	20.88	80.52	70.46	78.71	52.8	59.67	84.85	74.24	73.43	90.97	70.26	63.13	68.25	27.29	87.73	17.69	63.32	62.64	23.0	58.52	70.23	37.85	65.97	83.24	14.04	54.33
6	31.62	60.93	74.43	22.8	43.68	32.98	0.0	26.31	89.64	60.83	36.0	29.53	53.85	42.43	21.26	26.68	8.25	76.66	14.56	55.57	32.06	12.81	77.25	53.14	20.1	26.0	59.93	72.99	26.08	45.65	29.53	28.64	70.94	14.14	15.23	27.2	74.0	64.9	67.08	74.97	37.95	52.15	50.04	60.93	46.86	24.0	74.97	67.68	24.08	18.44	47.54	38.0	58.14	21.26	34.06	73.54	44.27	72.11	72.8	86.76	79.61	35.36	9.43	75.15	20.62	70.61	38.21	12.04	65.73	46.69	16.76	73.76	57.14	19.31	67.23
7	56.32	78.1	85.09	4.47	68.47	13.42	26.31	0.0	110.45	83.23	10.77	52.95	50.04	68.73	45.69	36.06	28.28	87.73	28.43	52.04	8.49	18.97	76.03	79.12	46.39	50.36	85.44	84.97	47.71	65.12	18.0	10.2	70.0	30.0	22.36	34.99	82.22	84.9	79.65	97.65	55.17	72.25	76.24	86.65	70.71	4.47	86.76	61.19	2.83	22.8	72.44	64.12	80.0	43.17	58.14	90.0	70.34	81.71	93.51	82.87	75.66	61.01	18.03	92.46	6.08	73.82	61.77	20.81	68.88	69.97	36.89	76.66	81.86	13.6	66.0
8	84.12	34.93	48.17	108.9	83.19	107.65	89.64	110.45	0.0	29.53	115.6	89.2	87.36	65.51	68.82	76.03	94.87	46.39	82.07	86.83	111.21	102.45	84.02	52.35	76.94	86.16	44.05	44.05	63.78	45.34	99.3	105.6	82.1	80.62	104.4	77.67	56.14	25.61	44.18	18.11	55.61	38.21	68.26	46.0	44.72	106.3	44.18	95.04	107.63	88.09	82.61	72.28	31.62	93.04	56.6	28.07	57.72	52.04	16.97	94.34	92.01	77.88	98.6	24.08	106.78	71.01	52.15	89.83	71.25	43.91	74.28	72.03	39.81	97.19	82.39
9	55.32	21.63	45.34	81.22	56.0	82.29	60.83	83.23	29.53	0.0	89.55	60.17	70.03	38.0	39.7	51.26	65.6	45.25	54.92	70.11	85.09	73.59	75.39	27.2	47.41	56.92	21.63	41.04	35.61	20.4	74.32	79.65	71.47	53.25	75.29	53.14	51.61	11.66	37.2	14.42	31.05	14.0	42.76	24.41	15.23	79.32	42.43	80.89	80.45	61.77	56.14	44.18	4.0	63.56	27.2	27.78	30.0	47.2	14.14	86.93	82.54	49.5	70.01	26.0	79.03	62.24	22.8	62.43	60.41	14.42	46.4	64.4	14.32	70.49	70.34
10	66.75	82.07	86.09	15.23	78.92	8.94	36.0	10.77	115.6	89.55	0.0	63.56	46.69	78.23	53.85	39.7	38.83	88.84	34.93	48.66	4.47	29.73	72.44	87.86	56.04	60.83	93.68	86.53	54.63	70.46	17.2	10.0	66.75	36.77	33.11	38.21	82.29	90.0	81.61	103.94	60.0	77.67	86.02	95.08	78.0	12.0	88.2	56.04	12.17	27.78	82.87	74.0	86.09	53.85	65.79	93.38	79.25	82.37	98.81	78.03	71.0	71.18	28.44	96.17	16.76	72.12	69.08	28.16	67.36	76.97	44.01	74.73	89.54	19.31	62.8
11	5.66	70.03	89.82	48.66	16.12	62.03	29.53	52.95	89.2	60.17	63.56	0.0	80.72	25.61	29.73	51.22	24.74	91.41	41.04	82.22	60.17	34.23	101.55	40.0	17.09	4.47	48.83	87.13	37.95	54.15	59.06	57.58	95.41	39.6	32.0	52.5	91.76	68.73	81.22	71.69	51.92	58.03	28.84	48.41	45.12	51.92	89.11	94.85	51.42	47.2	20.1	18.44	59.23	10.0	36.0	82.02	32.25	88.77	74.22	112.07	105.21	12.73	35.17	82.22	46.87	92.57	40.05	41.34	88.12	46.69	36.62	95.71	50.09	48.75	92.09
12	80.62	52.95	45.61	52.35	90.91	38.21	53.85	50.04	87.36	70.03	46.69	80.72	0.0	80.62	54.41	29.73	61.77	48.41	40.0	2.0	44.18	59.46	26.0	82.87	65.12	76.42	84.4	47.71	48.37	50.36	32.06	40.0	20.1	41.23	63.91	28.28	39.6	64.5	44.72	82.22	41.23	56.04	89.55	86.83	65.97	46.17	48.83	14.14	48.17	35.78	94.02	80.45	66.03	74.4	59.09	60.17	76.97	41.23	72.99	33.53	26.25	81.06	54.78	63.91	51.62	26.42	59.46	42.49	22.2	63.56	44.6	28.64	77.47	40.26	16.12
13	20.0	53.14	76.03	65.12	18.0	74.03	42.43	68.73	65.51	38.0	78.23	25.61	80.62	0.0	27.2	52.0	42.38	76.97	46.69	81.63	74.11	52.5	96.21	14.42	22.36	24.08	23.32	72.5	32.25	39.45	68.47	70.0	90.69	44.72	52.0	53.85	79.92	48.37	67.08	47.54	42.43	40.5	8.94	22.8	24.74	66.27	74.32	94.34	66.48	54.59	18.44	7.21	38.21	32.8	22.63	63.56	8.0	76.16	52.04	107.63	101.53	13.04	51.2	62.8	62.97	84.96	24.41	51.04	81.32	27.2	38.33	87.86	25.71	60.01	88.09
14	27.78	42.76	60.53	42.94	36.77	48.37	21.26	45.69	68.82	39.7	53.85	29.73	54.41	27.2	0.0	25.06	26.08	62.29	20.0	55.61	49.48	33.94	72.8	34.23	12.65	25.3	39.85	58.14	8.25	26.68	42.0	44.72	66.84	18.0	35.61	26.83	62.1	44.72	52.15	53.74	22.36	32.31	36.06	41.23	25.61	42.38	60.13	68.41	43.08	28.0	39.7	26.08	37.2	28.0	12.81	55.32	26.0	59.23	52.15	83.74	77.16	26.87	30.61	56.32	40.71	63.13	16.97	25.71	58.83	25.46	11.18	66.24	36.24	34.71	63.78
15	50.91	42.43	50.0	35.78	61.22	31.62	26.68	36.06	76.03	51.26	39.7	51.22	29.73	52.0	25.06	0.0	34.93	52.5	12.17	31.11	35.38	36.06	50.99	56.57	35.38	46.86	60.0	49.4	20.4	31.3	23.32	29.73	44.72	12.65	40.0	2.0	48.37	50.48	43.86	65.39	20.59	38.47	60.93	62.03	42.19	31.62	51.26	43.86	33.29	13.42	64.4	51.11	47.54	45.65	32.25	54.04	49.48	47.07	59.36	61.06	54.08	51.4	31.06	56.64	34.01	43.93	34.0	18.25	39.05	40.45	14.87	47.07	54.23	22.47	41.18
16	28.07	67.68	82.22	24.08	40.2	37.58	8.25	28.28	94.87	65.6	38.83	24.74	61.77	42.38	26.08	34.93	0.0	84.38	22.8	63.53	35.44	10.2	85.44	54.59	20.59	22.09	62.13	80.62	32.31	52.0	35.61	33.11	79.12	22.36	10.0	35.44	82.02	70.71	74.67	79.4	45.12	58.14	49.03	62.77	50.99	27.2	82.61	75.47	26.68	26.08	44.18	36.88	63.25	15.23	38.42	80.32	45.65	80.02	78.23	94.85	87.66	33.14	10.44	81.71	22.2	78.85	42.8	19.42	73.98	51.22	24.19	82.0	60.31	25.0	75.39
17	88.29	24.41	2.83	88.02	93.64	79.92	76.66	87.73	46.39	45.25	88.84	91.41	48.41	76.97	62.29	52.5	84.38	0.0	63.56	47.2	85.09	87.86	38.21	70.46	74.67	87.13	66.6	4.47	54.15	37.95	71.69	79.65	37.36	63.15	91.41	53.14	10.2	34.06	10.2	50.12	40.05	36.72	84.12	69.43	52.84	83.26	2.83	52.0	85.09	65.79	95.08	80.99	42.52	90.2	56.32	19.7	69.77	7.21	38.47	48.04	46.27	84.77	82.98	23.41	86.38	25.96	53.14	70.6	27.73	50.12	60.21	26.31	58.9	74.46	38.63
18	41.62	50.48	61.19	26.91	52.84	28.64	14.56	28.43	82.07	54.92	34.93	41.04	40.0	46.69	20.0	12.17	22.8	63.56	0.0	41.62	30.46	24.33	62.77	54.15	26.83	36.88	59.23	60.17	19.7	36.77	22.0	25.3	56.46	2.0	28.07	12.65	60.13	56.57	54.41	69.34	27.2	43.86	55.32	60.83	43.08	24.41	62.1	54.04	25.61	8.0	56.36	44.27	51.61	34.41	31.05	62.77	46.0	58.55	65.12	72.47	65.37	43.38	19.42	64.9	24.84	56.09	34.18	7.81	51.2	42.05	9.22	59.23	54.71	15.65	52.8
19	82.02	52.61	44.41	54.33	92.2	40.2	55.57	52.04	86.83	70.11	48.66	82.22	2.0	81.63	55.61	31.11	63.53	47.2	41.62	0.0	46.17	61.35	24.0	83.57	66.48	77.9	84.9	46.65	49.4	50.64	34.06	42.0	18.11	42.8	65.79	29.73	38.21	64.28	43.86	82.1	41.76	56.14	90.55	87.36	66.48	48.17	47.71	12.81	50.16	37.58	95.27	81.61	66.12	76.03	59.93	59.46	77.82	40.0	72.69	31.62	24.35	82.33	56.65	63.25	53.6	24.7	60.17	44.28	20.62	64.03	45.97	26.83	77.88	42.2	14.14
20	63.15	77.79	82.37	12.81	75.31	6.0	32.06	8.49	111.21	85.09	4.47	60.17	44.18	74.11	49.48	35.38	35.44	85.09	30.46	46.17	0.0	26.83	70.11	83.55	52.0	57.27	89.29	82.68	50.16	66.03	13.42	5.66	64.28	32.31	30.53	33.94	78.79	85.6	77.67	99.48	55.61	73.24	82.0	90.71	73.54	8.25	84.38	54.33	8.94	23.32	79.25	70.03	81.63	50.6	61.35	89.2	74.97	78.71	94.4	76.24	69.12	67.36	25.0	91.93	13.89	69.12	64.62	23.77	64.29	72.5	39.56	71.81	85.09	14.87	60.3
21	38.0	73.35	85.51	14.56	50.04	30.0	12.81	18.97	102.45	73.59	29.73	34.23	59.46	52.5	33.94	36.06	10.2	87.86	24.33	61.35	26.83	0.0	84.4	64.4	30.46	32.0	71.69	84.4	38.83	58.31	30.0	25.61	78.1	24.74	4.47	36.0	84.38	77.67	78.59	87.68	50.16	64.9	59.23	72.47	59.46	18.87	86.35	72.5	17.89	24.33	54.04	47.07	70.94	24.33	46.69	85.91	55.46	82.87	85.6	92.97	85.7	43.29	5.0	87.66	13.0	79.31	50.91	18.03	74.33	59.4	29.07	82.39	69.4	19.72	74.22
22	100.44	54.41	36.06	78.23	109.34	64.12	77.25	76.03	84.02	75.39	72.44	101.55	26.0	96.21	72.8	50.99	85.44	38.21	62.77	24.0	70.11	84.4	0.0	94.87	84.88	97.1	94.02	40.0	65.3	59.36	58.03	66.0	6.32	63.56	88.77	50.16	28.07	66.48	40.45	84.4	53.81	62.61	104.8	96.75	76.55	72.11	40.05	18.87	74.11	60.17	111.95	97.67	71.69	96.6	73.59	56.14	90.91	32.0	73.35	11.66	8.06	99.49	79.56	60.13	77.41	13.34	72.47	66.76	15.26	73.78	65.0	12.0	86.35	65.76	10.2
23	34.41	46.04	70.0	75.89	31.05	82.61	53.14	79.12	52.35	27.2	87.86	40.0	82.87	14.42	34.23	56.57	54.59	70.46	54.15	83.57	83.55	64.4	94.87	0.0	34.0	38.21	8.94	66.03	36.22	35.61	76.11	78.92	89.89	52.15	64.5	58.55	75.07	38.63	61.22	34.23	42.05	34.06	16.0	8.49	18.44	76.16	67.68	95.85	76.66	62.13	30.27	21.63	28.64	46.69	24.33	54.63	8.94	70.94	40.45	106.51	101.02	27.46	62.39	53.14	73.68	82.62	23.41	59.84	79.63	21.26	45.04	85.28	13.15	68.88	87.82
24	15.62	54.15	72.99	42.76	26.08	52.35	20.1	46.39	76.94	47.41	56.04	17.09	65.12	22.36	12.65	35.38	20.59	74.67	26.83	66.48	52.0	30.46	84.88	34.0	0.0	12.65	41.62	70.46	20.88	38.05	47.54	48.17	78.82	25.06	30.53	36.88	74.73	54.41	64.5	60.46	34.93	42.76	30.0	42.19	32.25	44.05	72.44	79.25	44.18	34.18	29.53	18.11	45.69	16.49	20.88	66.48	25.06	71.81	60.93	95.6	88.87	16.55	28.86	67.08	40.61	75.59	25.3	29.61	71.2	33.11	20.52	78.71	40.31	38.33	75.6
25	6.0	66.0	85.51	46.17	18.11	58.82	26.0	50.36	86.16	56.92	60.83	4.47	76.42	24.08	25.3	46.86	22.09	87.13	36.88	77.9	57.27	32.0	97.1	38.21	12.65	0.0	46.86	82.87	33.53	50.04	55.46	54.41	90.97	35.38	30.27	48.17	87.36	65.12	76.94	68.88	47.54	54.15	28.64	46.69	41.76	49.03	84.85	90.55	48.66	43.27	22.09	17.2	55.79	8.94	32.06	78.1	30.0	84.4	70.88	107.65	100.8	12.08	32.39	78.41	44.28	88.1	36.22	37.59	83.65	43.17	32.2	91.24	47.51	45.31	87.66
26	43.27	42.43	66.48	82.46	39.85	87.86	59.93	85.44	44.05	21.63	93.68	48.83	84.4	23.32	39.85	60.0	62.13	66.6	59.23	84.9	89.29	71.69	94.02	8.94	41.62	46.86	0.0	62.29	40.2	34.93	80.89	84.4	89.44	57.27	72.11	62.0	72.25	33.29	58.0	26.0	43.17	31.62	24.33	2.83	18.44	82.22	63.78	96.77	82.87	67.08	38.83	30.53	24.08	55.17	28.28	49.4	16.97	67.94	33.53	105.68	100.62	36.36	69.32	47.41	80.23	81.3	26.0	65.52	78.77	20.88	50.01	83.76	7.81	74.46	87.73
27	83.95	20.0	4.47	85.09	89.2	77.67	72.99	84.97	44.05	41.04	86.53	87.13	47.71	72.5	58.14	49.4	80.62	4.47	60.17	46.65	82.68	84.4	40.0	66.03	70.46	82.87	62.29	0.0	50.04	33.53	69.34	77.18	38.47	59.67	87.86	50.16	12.17	30.0	6.0	46.52	36.0	32.25	79.65	65.12	48.37	80.5	2.0	52.5	82.29	62.77	90.62	76.55	38.21	86.09	51.92	16.49	65.3	8.0	34.93	50.36	48.01	80.36	79.56	20.4	83.38	27.17	48.7	67.36	28.16	45.65	56.44	28.0	54.56	71.59	39.29
28	35.78	35.44	52.35	45.61	44.05	48.08	26.08	47.71	63.78	35.61	54.63	37.95	48.37	32.25	8.25	20.4	32.31	54.15	19.7	49.4	50.16	38.83	65.3	36.22	20.88	33.53	40.2	50.04	0.0	19.7	40.79	44.94	59.46	17.89	41.18	22.36	53.85	38.83	44.05	50.0	14.14	26.08	41.18	42.05	23.41	43.91	52.04	62.13	44.94	27.2	46.69	32.56	32.56	36.06	12.0	48.08	29.12	50.99	46.86	76.42	70.01	34.21	34.83	49.4	43.42	55.23	14.56	26.93	51.04	22.36	10.82	58.31	35.17	35.34	56.57
29	50.64	16.12	36.77	63.66	55.71	62.77	45.65	65.12	45.34	20.4	70.46	54.15	50.36	39.45	26.68	31.3	52.0	37.95	36.77	50.64	66.03	58.31	59.36	35.61	38.05	50.04	34.93	33.53	19.7	0.0	54.59	60.46	54.59	35.38	60.83	33.11	40.5	19.8	27.86	34.18	10.77	7.21	47.2	37.58	17.2	60.96	35.44	62.1	62.29	42.8	57.27	43.08	16.49	54.33	18.44	28.64	32.8	36.72	28.43	71.02	65.76	46.84	54.08	29.73	61.55	47.01	15.23	44.55	44.1	14.42	29.41	49.68	27.51	51.86	52.8
30	60.93	65.3	68.96	20.4	72.8	8.49	29.53	18.0	99.3	74.32	17.2	59.06	32.06	68.47	42.0	23.32	35.61	71.69	22.0	34.06	13.42	30.0	58.03	76.11	47.54	55.46	80.89	69.34	40.79	54.59	0.0	8.25	52.0	24.0	34.41	21.63	65.39	73.78	64.4	88.57	43.91	61.77	76.94	82.61	64.03	14.14	71.02	43.68	16.12	14.0	76.55	65.51	70.68	50.48	52.61	76.37	68.0	65.3	82.68	65.12	57.87	63.89	26.17	79.25	19.92	56.09	55.32	18.03	51.2	62.64	31.06	58.86	75.93	10.63	48.0
31	60.17	72.14	76.94	13.42	72.28	4.47	28.64	10.2	105.6	79.65	10.0	57.58	40.0	70.0	44.72	29.73	33.11	79.65	25.3	42.0	5.66	25.61	66.0	78.92	48.17	54.41	84.4	77.18	44.94	60.46	8.25	0.0	60.03	27.2	29.73	28.28	73.54	80.0	72.11	94.02	50.0	67.68	78.1	85.91	68.35	7.21	78.89	50.99	8.94	17.89	76.16	66.27	76.16	48.33	56.32	83.55	70.46	73.35	88.81	72.69	65.49	63.95	22.83	86.28	13.6	64.33	59.46	19.1	59.44	67.23	34.48	67.08	80.01	10.05	56.04
32	94.4	50.99	34.93	72.11	103.48	58.31	70.94	70.0	82.1	71.47	66.75	95.41	20.1	90.69	66.84	44.72	79.12	37.36	56.46	18.11	64.28	78.1	6.32	89.89	78.82	90.97	89.44	38.47	59.46	54.59	52.0	60.03	0.0	57.27	82.46	43.86	27.2	63.15	38.0	81.22	48.41	58.31	99.36	92.13	71.69	66.03	38.83	15.62	68.03	53.85	106.15	91.93	67.68	90.35	68.12	54.04	85.6	30.59	70.46	16.97	11.18	93.61	73.25	58.03	71.25	11.4	67.2	60.44	11.18	68.96	58.83	11.66	81.86	59.54	4.0
33	40.0	49.4	60.83	28.28	51.11	30.59	14.14	30.0	80.62	53.25	36.77	39.6	41.23	44.72	18.0	12.65	22.36	63.15	2.0	42.8	32.31	24.74	63.56	52.15	25.06	35.38	57.27	59.67	17.89	35.38	24.0	27.2	57.27	0.0	28.28	13.42	60.03	55.17	53.85	67.68	26.08	42.43	53.37	58.86	41.23	26.08	61.61	55.32	27.2	10.0	54.59	42.38	50.0	33.29	29.12	61.77	44.0	58.31	63.66	73.43	66.37	41.59	19.92	63.81	26.17	56.52	32.31	9.22	51.66	40.25	7.28	59.67	52.81	17.46	53.67
34	36.22	76.16	89.11	17.89	48.04	34.06	15.23	22.36	104.4	75.29	33.11	32.0	63.91	52.0	35.61	40.0	10.0	91.41	28.07	65.79	30.53	4.47	88.77	64.5	30.53	30.27	72.11	87.86	41.18	60.83	34.41	29.73	82.46	28.28	0.0	40.05	88.2	79.92	82.0	89.2	53.14	67.23	58.24	72.72	60.83	22.8	89.82	76.97	21.63	28.64	52.04	46.17	72.8	22.0	48.17	88.77	55.57	86.58	87.66	97.41	90.14	41.98	9.22	90.38	16.64	83.49	52.5	22.2	78.52	60.96	31.95	86.58	70.29	24.19	78.59
35	52.35	43.86	50.6	34.93	62.8	30.0	27.2	34.99	77.67	53.14	38.21	52.5	28.28	53.85	26.83	2.0	35.44	53.14	12.65	29.73	33.94	36.0	50.16	58.55	36.88	48.17	62.0	50.16	22.36	33.11	21.63	28.28	43.86	13.42	40.05	0.0	48.66	52.15	44.72	67.23	22.36	40.25	62.77	64.03	44.18	30.53	52.0	42.43	32.25	12.65	66.03	52.84	49.4	46.65	34.23	55.32	51.42	47.54	61.06	60.03	53.0	53.01	31.0	58.0	33.24	43.57	36.0	18.03	38.64	42.43	16.4	46.69	56.22	21.47	40.25
36	89.2	30.0	8.0	82.97	95.71	73.35	74.0	82.22	56.14	51.61	82.29	91.76	39.6	79.92	62.1	48.37	82.02	10.2	60.13	38.21	78.79	84.38	28.07	75.07	74.73	87.36	72.25	12.17	53.85	40.5	65.39	73.54	27.2	60.03	88.2	48.66	0.0	41.18	14.42	58.31	39.85	41.04	87.66	75.07	56.85	77.79	12.0	42.05	79.7	61.19	97.53	83.19	48.41	89.44	58.14	28.64	73.24	4.47	46.82	38.21	36.12	86.41	79.4	32.56	81.49	15.81	55.57	66.61	18.03	54.04	58.22	16.12	64.44	69.38	28.64
37	64.28	12.17	34.41	83.45	66.27	82.1	64.9	84.9	25.61	11.66	90.0	68.73	64.5	48.37	44.72	50.48	70.71	34.06	56.57	64.28	85.6	77.67	66.48	38.63	54.41	65.12	33.29	30.0	38.83	19.8	73.78	80.0	63.15	55.17	79.92	52.15	41.18	0.0	26.83	18.11	30.0	12.81	53.85	36.06	24.0	80.72	31.24	74.03	82.07	62.48	66.75	54.04	10.2	70.88	33.53	16.12	40.45	36.72	8.94	77.79	73.98	59.01	73.6	14.56	81.34	53.16	29.12	64.35	51.97	22.09	49.04	55.03	25.94	71.59	62.51
38	78.1	15.62	8.94	79.62	83.57	72.8	67.08	79.65	44.18	37.2	81.61	81.22	44.72	67.08	52.15	43.86	74.67	10.2	54.41	43.86	77.67	78.59	40.45	61.22	64.5	76.94	58.0	6.0	44.05	27.86	64.4	72.11	38.0	53.85	82.0	44.72	14.42	26.83	0.0	44.27	30.0	27.2	74.43	60.83	43.27	75.18	8.0	50.99	76.94	57.27	85.09	70.94	34.06	80.1	46.17	16.12	60.03	10.0	32.98	51.42	48.26	74.63	73.76	20.1	77.88	27.17	43.08	61.68	27.07	40.5	50.49	28.64	50.21	66.19	38.21
39	66.48	30.27	50.99	95.6	65.12	96.6	74.97	97.65	18.11	14.42	103.94	71.69	82.22	47.54	53.74	65.39	79.4	50.12	69.34	82.1	99.48	87.68	84.4	34.23	60.46	68.88	26.0	46.52	50.0	34.18	88.57	94.02	81.22	67.68	89.2	67.23	58.31	18.11	44.27	0.0	44.94	27.2	50.16	28.07	28.43	93.74	47.41	92.09	94.87	76.16	64.5	54.41	17.89	76.16	41.04	30.53	39.85	53.85	11.66	95.6	91.98	60.08	84.22	27.2	93.41	71.06	36.77	76.84	70.04	28.28	60.8	72.8	21.84	84.91	80.62
40	49.4	23.32	38.21	54.04	56.6	52.15	37.95	55.17	55.61	31.05	60.0	51.92	41.23	42.43	22.36	20.59	45.12	40.05	27.2	41.76	55.61	50.16	53.81	42.05	34.93	47.54	43.17	36.0	14.14	10.77	43.91	50.0	48.41	26.08	53.14	22.36	39.85	30.0	30.0	44.94	0.0	17.89	50.99	45.61	24.74	50.91	38.0	53.85	52.35	32.56	58.82	44.41	27.2	50.16	19.8	35.78	37.2	36.88	38.83	65.3	59.41	47.01	45.62	37.74	52.01	42.64	18.87	35.0	38.9	22.36	21.19	45.61	36.35	41.73	46.04
41	54.04	12.65	36.06	70.71	57.72	69.97	52.15	72.25	38.21	14.0	77.67	58.03	56.04	40.5	32.31	38.47	58.14	36.72	43.86	56.14	73.24	64.9	62.61	34.06	42.76	54.15	31.62	32.25	26.08	7.21	61.77	67.68	58.31	42.43	67.23	40.25	41.04	12.81	27.2	27.2	17.89	0.0	47.41	34.41	16.12	68.12	34.0	67.08	69.43	50.0	58.82	45.12	10.0	59.23	22.09	24.0	33.11	36.88	21.26	74.24	69.46	49.5	60.8	24.33	68.59	49.74	18.0	51.62	47.42	13.42	36.24	52.15	23.85	59.03	56.92
42	23.32	59.93	83.35	72.44	16.12	82.22	50.04	76.24	68.26	42.76	86.02	28.84	89.55	8.94	36.06	60.93	49.03	84.12	55.32	90.55	82.0	59.23	104.8	16.0	30.0	28.64	24.33	79.65	41.18	47.2	76.94	78.1	99.36	53.37	58.24	62.77	87.66	53.85	74.43	50.16	50.99	47.41	0.0	22.8	31.3	74.03	81.41	103.25	74.11	63.15	14.56	12.17	43.68	37.58	31.24	69.57	14.42	83.76	56.32	116.28	110.26	16.55	58.42	68.41	70.35	93.35	32.56	59.3	89.83	34.0	47.13	96.21	29.07	68.18	96.83
43	42.8	45.25	69.31	83.57	38.63	89.44	60.93	86.65	46.0	24.41	95.08	48.41	86.83	22.8	41.23	62.03	62.77	69.43	60.83	87.36	90.71	72.47	96.75	8.49	42.19	46.69	2.83	65.12	42.05	37.58	82.61	85.91	92.13	58.86	72.72	64.03	75.07	36.06	60.83	28.07	45.61	34.41	22.8	0.0	20.88	83.52	66.6	99.3	84.12	68.73	37.36	30.0	26.91	55.17	30.07	52.15	17.2	70.77	36.06	108.41	103.31	35.81	70.26	50.12	81.34	84.06	28.07	66.94	81.49	23.41	51.62	86.53	10.63	75.93	90.38
44	40.45	28.64	52.15	68.26	42.43	71.47	46.86	70.71	44.72	15.23	78.0	45.12	65.97	24.74	25.61	42.19	50.99	52.84	43.08	66.48	73.54	59.46	76.55	18.44	32.25	41.76	18.44	48.37	23.41	17.2	64.03	68.35	71.69	41.23	60.83	44.18	56.85	24.0	43.27	28.43	24.74	16.12	31.3	20.88	0.0	67.08	50.12	78.43	68.0	50.6	43.17	30.07	14.14	48.33	12.81	38.83	17.09	52.8	29.12	88.2	82.86	35.01	56.22	38.21	66.04	64.2	8.94	50.09	61.29	2.83	34.01	66.84	12.04	58.69	69.77
45	54.92	73.76	80.62	6.32	67.08	11.31	24.0	4.47	106.3	79.32	12.0	51.92	46.17	66.27	42.38	31.62	27.2	83.26	24.41	48.17	8.25	18.87	72.11	76.16	44.05	49.03	82.22	80.5	43.91	60.96	14.14	7.21	66.03	26.08	22.8	30.53	77.79	80.72	75.18	93.74	50.91	68.12	74.03	83.52	67.08	0.0	82.29	57.72	2.0	18.44	71.02	62.0	76.03	42.38	54.63	85.6	67.47	77.25	89.38	79.25	72.01	59.21	16.76	88.09	6.4	69.58	58.14	17.0	64.63	66.24	33.12	72.44	78.39	9.22	62.03
46	85.91	21.63	4.0	86.93	91.08	79.32	74.97	86.76	44.18	42.43	88.2	89.11	48.83	74.32	60.13	51.26	82.61	2.83	62.1	47.71	84.38	86.35	40.05	67.68	72.44	84.85	63.78	2.0	52.04	35.44	71.02	78.89	38.83	61.61	89.82	52.0	12.0	31.24	8.0	47.41	38.0	34.0	81.41	66.6	50.12	82.29	0.0	53.14	84.1	64.62	92.48	78.43	39.7	88.09	53.85	17.09	67.08	8.25	35.78	50.16	48.09	82.28	81.49	20.88	85.23	27.46	50.6	69.26	28.79	47.41	58.42	28.07	56.08	73.41	39.85
47	94.76	62.0	49.4	64.03	105.0	48.37	67.68	61.19	95.04	80.89	56.04	94.85	14.14	94.34	68.41	43.86	75.47	52.0	54.04	12.81	54.33	72.5	18.87	95.85	79.25	90.55	96.77	52.5	62.13	62.1	43.68	50.99	15.62	55.32	76.97	42.43	42.05	74.03	50.99	92.09	53.85	67.08	103.25	99.3	78.43	57.72	53.14	0.0	59.67	49.4	108.07	94.4	76.94	88.41	72.47	67.08	90.35	44.94	82.02	22.0	15.13	95.13	67.98	71.02	63.6	26.42	72.5	56.08	24.35	75.89	58.73	27.2	89.56	52.92	13.42
48	54.59	75.29	82.46	4.47	66.75	12.81	24.08	2.83	107.63	80.45	12.17	51.42	48.17	66.48	43.08	33.29	26.68	85.09	25.61	50.16	8.94	17.89	74.11	76.66	44.18	48.66	82.87	82.29	44.94	62.29	16.12	8.94	68.03	27.2	21.63	32.25	79.7	82.07	76.94	94.87	52.35	69.43	74.11	84.12	68.0	2.0	84.1	59.67	0.0	20.0	70.71	62.03	77.2	41.76	55.46	87.2	67.91	79.12	90.69	81.22	73.98	59.08	16.28	89.64	5.0	71.57	59.06	18.03	66.61	67.23	34.13	74.43	79.2	10.82	64.03
49	48.37	55.32	63.25	22.36	59.93	20.88	18.44	22.8	88.09	61.77	27.78	47.2	35.78	54.59	28.0	13.42	26.08	65.79	8.0	37.58	23.32	24.33	60.17	62.13	34.18	43.27	67.08	62.77	27.2	42.8	14.0	17.89	53.85	10.0	28.64	12.65	61.19	62.48	57.27	76.16	32.56	50.0	63.15	68.73	50.6	18.44	64.62	49.4	20.0	0.0	63.56	51.92	58.31	39.6	38.83	67.2	54.0	60.17	71.22	69.08	61.85	50.7	19.42	69.66	20.62	55.08	41.76	6.71	50.09	49.4	17.12	58.14	62.36	9.22	50.0
50	16.12	71.47	94.02	68.26	4.0	80.52	47.54	72.44	82.61	56.14	82.87	20.1	94.02	18.44	39.7	64.4	44.18	95.08	56.36	95.27	79.25	54.04	111.95	30.27	29.53	22.09	38.83	90.62	46.69	57.27	76.55	76.16	106.15	54.59	52.04	66.03	97.53	66.75	85.09	64.5	58.82	58.82	14.56	37.36	43.17	71.02	92.48	108.07	70.71	63.56	0.0	14.42	56.57	30.07	39.45	82.0	26.31	93.91	70.03	123.11	116.67	13.04	54.45	81.22	66.37	101.4	42.05	58.52	97.45	45.61	49.65	104.4	43.05	66.76	103.25
51	12.81	57.72	79.85	60.3	12.65	70.46	38.0	64.12	72.28	44.18	74.0	18.44	80.45	7.21	26.08	51.11	36.88	80.99	44.27	81.61	70.03	47.07	97.67	21.63	18.11	17.2	30.53	76.55	32.56	43.08	65.51	66.27	91.93	42.38	46.17	52.84	83.19	54.04	70.94	54.41	44.41	45.12	12.17	30.0	30.07	62.0	78.43	94.4	62.03	51.92	14.42	0.0	44.0	26.08	25.06	68.73	14.56	79.62	58.31	108.9	102.55	5.83	46.27	68.26	58.22	87.01	27.86	47.68	83.1	32.25	36.67	90.0	32.57	56.44	89.11
52	54.59	18.44	42.43	78.1	56.14	78.71	58.14	80.0	31.62	4.0	86.09	59.23	66.03	38.21	37.2	47.54	63.25	42.52	51.61	66.12	81.63	70.94	71.69	28.64	45.69	55.79	24.08	38.21	32.56	16.49	70.68	76.16	67.68	50.0	72.8	49.4	48.41	10.2	34.06	17.89	27.2	10.0	43.68	26.91	14.14	76.03	39.7	76.94	77.2	58.31	56.57	44.0	0.0	62.03	25.06	26.0	30.27	44.05	15.23	83.26	78.77	49.09	67.21	24.74	75.93	58.6	20.59	59.2	56.65	12.65	43.28	60.83	16.4	67.12	66.48
53	14.56	70.46	88.36	38.83	26.08	52.8	21.26	43.17	93.04	63.56	53.85	10.0	74.4	32.8	28.0	45.65	15.23	90.2	34.41	76.03	50.6	24.33	96.6	46.69	16.49	8.94	55.17	86.09	36.06	54.33	50.48	48.33	90.35	33.29	22.0	46.65	89.44	70.88	80.1	76.16	50.16	59.23	37.58	55.17	48.33	42.38	88.09	88.41	41.76	39.6	30.07	26.08	62.03	0.0	37.36	82.87	38.21	86.83	77.25	106.68	99.64	21.02	25.63	83.55	37.11	88.6	41.76	33.3	83.93	49.4	31.95	91.76	55.22	39.96	86.83
54	32.25	34.06	55.03	55.57	37.58	59.67	34.06	58.14	56.6	27.2	65.79	36.0	59.09	22.63	12.81	32.25	38.42	56.32	31.05	59.93	61.35	46.69	73.59	24.33	20.88	32.06	28.28	51.92	12.0	18.44	52.61	56.32	68.12	29.12	48.17	34.23	58.14	33.53	46.17	41.04	19.8	22.09	31.24	30.07	12.81	54.63	53.85	72.47	55.46	38.83	39.45	25.06	25.06	37.36	0.0	46.04	17.89	54.63	40.25	85.04	79.03	28.46	43.42	46.39	53.34	62.37	4.47	37.7	58.69	12.81	21.84	65.3	23.77	46.49	65.6
55	78.03	12.65	20.88	89.31	81.22	84.85	73.54	90.0	28.07	27.78	93.38	82.02	60.17	63.56	55.32	54.04	80.32	19.7	62.77	59.46	89.2	85.91	56.14	54.63	66.48	78.1	49.4	16.49	48.08	28.64	76.37	83.55	54.04	61.77	88.77	55.32	28.64	16.12	16.12	30.53	35.78	24.0	69.57	52.15	38.83	85.6	17.09	67.08	87.2	67.2	82.0	68.73	26.0	82.87	46.04	0.0	55.79	24.33	18.87	66.75	64.07	73.33	81.39	4.0	87.37	43.01	42.0	70.49	43.19	36.5	56.86	44.18	42.06	76.4	54.33
56	26.83	45.69	68.96	67.05	26.0	74.24	44.27	70.34	57.72	30.0	79.25	32.25	76.97	8.0	26.0	49.48	45.65	69.77	46.0	77.82	74.97	55.46	90.91	8.94	25.06	30.0	16.97	65.3	29.12	32.8	68.0	70.46	85.6	44.0	55.57	51.42	73.24	40.45	60.03	39.85	37.2	33.11	14.42	17.2	17.09	67.47	67.08	90.35	67.91	54.0	26.31	14.56	30.27	38.21	17.89	55.79	0.0	69.34	44.05	102.45	96.61	20.25	53.49	54.92	64.85	79.21	18.44	51.35	75.82	19.7	37.05	82.02	18.03	60.41	83.23
57	86.02	25.61	4.47	82.22	92.2	73.43	72.11	81.71	52.04	47.2	82.37	88.77	41.23	76.16	59.23	47.07	80.02	7.21	58.55	40.0	78.71	82.87	32.0	70.94	71.81	84.4	67.94	8.0	50.99	36.72	65.3	73.35	30.59	58.31	86.58	47.54	4.47	36.72	10.0	53.85	36.88	36.88	83.76	70.77	52.8	77.25	8.25	44.94	79.12	60.17	93.91	79.62	44.05	86.83	54.63	24.33	69.34	0.0	42.38	42.43	40.01	83.01	77.93	28.28	80.65	19.24	51.88	65.31	20.62	50.0	56.01	20.0	60.14	68.62	31.62
58	69.43	20.1	39.4	91.93	70.03	90.97	72.8	93.51	16.97	14.14	98.81	74.22	72.99	52.04	52.15	59.36	78.23	38.47	65.12	72.69	94.4	85.6	73.35	40.45	60.93	70.88	33.53	34.93	46.86	28.43	82.68	88.81	70.46	63.66	87.66	61.06	46.82	8.94	32.98	11.66	38.83	21.26	56.32	36.06	29.12	89.38	35.78	82.02	90.69	71.22	70.03	58.31	15.23	77.25	40.25	18.87	44.05	42.38	0.0	84.4	81.05	63.64	81.69	15.62	89.81	60.02	35.78	72.86	59.3	27.86	57.31	61.61	27.29	80.28	70.11
59	111.21	65.79	46.17	85.51	120.42	70.26	86.76	82.87	94.34	86.93	78.03	112.07	33.53	107.63	83.74	61.06	94.85	48.04	72.47	31.62	76.24	92.97	11.66	106.51	95.6	107.65	105.68	50.36	76.42	71.02	65.12	72.69	16.97	73.43	97.41	60.03	38.21	77.79	51.42	95.6	65.3	74.24	116.28	108.41	88.2	79.25	50.16	22.0	81.22	69.08	123.11	108.9	83.26	106.68	85.04	66.75	102.45	42.43	84.4	0.0	7.28	110.54	88.26	70.71	84.93	24.7	84.02	75.77	26.93	85.44	75.45	22.8	98.01	73.76	20.0
60	104.48	61.85	44.1	78.26	113.9	63.13	79.61	75.66	92.01	82.54	71.0	105.21	26.25	101.53	77.16	54.08	87.66	46.27	65.37	24.35	69.12	85.7	8.06	101.02	88.87	100.8	100.62	48.01	70.01	65.76	57.87	65.49	11.18	66.37	90.14	53.0	36.12	73.98	48.26	91.98	59.41	69.46	110.26	103.31	82.86	72.01	48.09	15.13	73.98	61.85	116.67	102.55	78.77	99.64	79.03	64.07	96.61	40.01	81.05	7.28	0.0	104.0	80.99	68.07	77.67	21.1	78.24	68.54	22.14	80.13	68.6	20.02	93.04	66.48	13.45
61	7.07	61.98	83.49	57.01	9.9	68.25	35.36	61.01	77.88	49.5	71.18	12.73	81.06	13.04	26.87	51.4	33.14	84.77	43.38	82.33	67.36	43.29	99.49	27.46	16.55	12.08	36.36	80.36	34.21	46.84	63.89	63.95	93.61	41.59	41.98	53.01	86.41	59.01	74.63	60.08	47.01	49.5	16.55	35.81	35.01	59.21	82.28	95.13	59.08	50.7	13.04	5.83	49.09	21.02	28.46	73.33	20.25	83.01	63.64	110.54	104.0	0.0	43.0	73.06	55.0	89.31	31.78	45.88	85.21	37.01	36.62	92.36	38.28	54.34	90.61
62	38.33	68.88	80.6	14.04	50.49	27.29	9.43	18.03	98.6	70.01	28.44	35.17	54.78	51.2	30.61	31.06	10.44	82.98	19.42	56.65	25.0	5.0	79.56	62.39	28.86	32.39	69.32	79.56	34.83	54.08	26.17	22.83	73.25	19.92	9.22	31.0	79.4	73.6	73.76	84.22	45.62	60.8	58.42	70.26	56.22	16.76	81.49	67.98	16.28	19.42	54.45	46.27	67.21	25.63	43.42	81.39	53.49	77.93	81.69	88.26	80.99	43.0	0.0	83.24	12.0	74.33	47.51	13.04	69.35	55.97	24.7	77.41	66.57	15.62	69.38
