set K:= 1	2	3	4	5	6	7	8	9;
set C_H:= 1	2	3	4	5	6	7	8	9	10	11	12	13	14	15	16	17	18;
set C_S:= 19	20	21	22	23	24	25	26	27	28	29	30	31	32	33	34	35	36;
set C_F:= 37	38	39	40	41	42	43	44	45	46	47	48	49	50	51	52	53	54;
set M:= 55	56;
set L_B:= 57	58	59	60	61	62	63	64	65;
set A1:=
(0,*) 1 2 3 4 5 6 7 8 9 10 11 12 13 14 15 16 17 18 37 38 39 40 41 42 43 44 45 46 47 48 49 50 51 52 53 54 55 56 57 58 59 60 61 62 63 64 65
(1,*) 0 2 3 4 5 6 7 8 9 10 11 12 13 14 15 16 17 18 37 38 39 40 41 42 43 44 45 46 47 48 49 50 51 52 53 54 55 56 57 58 59 60 61 62 63 64 65
(2,*) 0 1 3 4 5 6 7 8 9 10 11 12 13 14 15 16 17 18 37 38 39 40 41 42 43 44 45 46 47 48 49 50 51 52 53 54 55 56 57 58 59 60 61 62 63 64 65
(3,*) 0 1 2 4 5 6 7 8 9 10 11 12 13 14 15 16 17 18 37 38 39 40 41 42 43 44 45 46 47 48 49 50 51 52 53 54 55 56 57 58 59 60 61 62 63 64 65
(4,*) 0 1 2 3 5 6 7 8 9 10 11 12 13 14 15 16 17 18 37 38 39 40 41 42 43 44 45 46 47 48 49 50 51 52 53 54 55 56 57 58 59 60 61 62 63 64 65
(5,*) 0 1 2 3 4 6 7 8 9 10 11 12 13 14 15 16 17 18 37 38 39 40 41 42 43 44 45 46 47 48 49 50 51 52 53 54 55 56 57 58 59 60 61 62 63 64 65
(6,*) 0 1 2 3 4 5 7 8 9 10 11 12 13 14 15 16 17 18 37 38 39 40 41 42 43 44 45 46 47 48 49 50 51 52 53 54 55 56 57 58 59 60 61 62 63 64 65
(7,*) 0 1 2 3 4 5 6 8 9 10 11 12 13 14 15 16 17 18 37 38 39 40 41 42 43 44 45 46 47 48 49 50 51 52 53 54 55 56 57 58 59 60 61 62 63 64 65
(8,*) 0 1 2 3 4 5 6 7 9 10 11 12 13 14 15 16 17 18 37 38 39 40 41 42 43 44 45 46 47 48 49 50 51 52 53 54 55 56 57 58 59 60 61 62 63 64 65
(9,*) 0 1 2 3 4 5 6 7 8 10 11 12 13 14 15 16 17 18 37 38 39 40 41 42 43 44 45 46 47 48 49 50 51 52 53 54 55 56 57 58 59 60 61 62 63 64 65
(10,*) 0 1 2 3 4 5 6 7 8 9 11 12 13 14 15 16 17 18 37 38 39 40 41 42 43 44 45 46 47 48 49 50 51 52 53 54 55 56 57 58 59 60 61 62 63 64 65
(11,*) 0 1 2 3 4 5 6 7 8 9 10 12 13 14 15 16 17 18 37 38 39 40 41 42 43 44 45 46 47 48 49 50 51 52 53 54 55 56 57 58 59 60 61 62 63 64 65
(12,*) 0 1 2 3 4 5 6 7 8 9 10 11 13 14 15 16 17 18 37 38 39 40 41 42 43 44 45 46 47 48 49 50 51 52 53 54 55 56 57 58 59 60 61 62 63 64 65
(13,*) 0 1 2 3 4 5 6 7 8 9 10 11 12 14 15 16 17 18 37 38 39 40 41 42 43 44 45 46 47 48 49 50 51 52 53 54 55 56 57 58 59 60 61 62 63 64 65
(14,*) 0 1 2 3 4 5 6 7 8 9 10 11 12 13 15 16 17 18 37 38 39 40 41 42 43 44 45 46 47 48 49 50 51 52 53 54 55 56 57 58 59 60 61 62 63 64 65
(15,*) 0 1 2 3 4 5 6 7 8 9 10 11 12 13 14 16 17 18 37 38 39 40 41 42 43 44 45 46 47 48 49 50 51 52 53 54 55 56 57 58 59 60 61 62 63 64 65
(16,*) 0 1 2 3 4 5 6 7 8 9 10 11 12 13 14 15 17 18 37 38 39 40 41 42 43 44 45 46 47 48 49 50 51 52 53 54 55 56 57 58 59 60 61 62 63 64 65
(17,*) 0 1 2 3 4 5 6 7 8 9 10 11 12 13 14 15 16 18 37 38 39 40 41 42 43 44 45 46 47 48 49 50 51 52 53 54 55 56 57 58 59 60 61 62 63 64 65
(18,*) 0 1 2 3 4 5 6 7 8 9 10 11 12 13 14 15 16 17 37 38 39 40 41 42 43 44 45 46 47 48 49 50 51 52 53 54 55 56 57 58 59 60 61 62 63 64 65
(37,*) 0 1 2 3 4 5 6 7 8 9 10 11 12 13 14 15 16 17 18 38 39 40 41 42 43 44 45 46 47 48 49 50 51 52 53 54 55 56 57 58 59 60 61 62 63 64 65
(38,*) 0 1 2 3 4 5 6 7 8 9 10 11 12 13 14 15 16 17 18 37 39 40 41 42 43 44 45 46 47 48 49 50 51 52 53 54 55 56 57 58 59 60 61 62 63 64 65
(39,*) 0 1 2 3 4 5 6 7 8 9 10 11 12 13 14 15 16 17 18 37 38 40 41 42 43 44 45 46 47 48 49 50 51 52 53 54 55 56 57 58 59 60 61 62 63 64 65
(40,*) 0 1 2 3 4 5 6 7 8 9 10 11 12 13 14 15 16 17 18 37 38 39 41 42 43 44 45 46 47 48 49 50 51 52 53 54 55 56 57 58 59 60 61 62 63 64 65
(41,*) 0 1 2 3 4 5 6 7 8 9 10 11 12 13 14 15 16 17 18 37 38 39 40 42 43 44 45 46 47 48 49 50 51 52 53 54 55 56 57 58 59 60 61 62 63 64 65
(42,*) 0 1 2 3 4 5 6 7 8 9 10 11 12 13 14 15 16 17 18 37 38 39 40 41 43 44 45 46 47 48 49 50 51 52 53 54 55 56 57 58 59 60 61 62 63 64 65
(43,*) 0 1 2 3 4 5 6 7 8 9 10 11 12 13 14 15 16 17 18 37 38 39 40 41 42 44 45 46 47 48 49 50 51 52 53 54 55 56 57 58 59 60 61 62 63 64 65
(44,*) 0 1 2 3 4 5 6 7 8 9 10 11 12 13 14 15 16 17 18 37 38 39 40 41 42 43 45 46 47 48 49 50 51 52 53 54 55 56 57 58 59 60 61 62 63 64 65
(45,*) 0 1 2 3 4 5 6 7 8 9 10 11 12 13 14 15 16 17 18 37 38 39 40 41 42 43 44 46 47 48 49 50 51 52 53 54 55 56 57 58 59 60 61 62 63 64 65
(46,*) 0 1 2 3 4 5 6 7 8 9 10 11 12 13 14 15 16 17 18 37 38 39 40 41 42 43 44 45 47 48 49 50 51 52 53 54 55 56 57 58 59 60 61 62 63 64 65
(47,*) 0 1 2 3 4 5 6 7 8 9 10 11 12 13 14 15 16 17 18 37 38 39 40 41 42 43 44 45 46 48 49 50 51 52 53 54 55 56 57 58 59 60 61 62 63 64 65
(48,*) 0 1 2 3 4 5 6 7 8 9 10 11 12 13 14 15 16 17 18 37 38 39 40 41 42 43 44 45 46 47 49 50 51 52 53 54 55 56 57 58 59 60 61 62 63 64 65
(49,*) 0 1 2 3 4 5 6 7 8 9 10 11 12 13 14 15 16 17 18 37 38 39 40 41 42 43 44 45 46 47 48 50 51 52 53 54 55 56 57 58 59 60 61 62 63 64 65
(50,*) 0 1 2 3 4 5 6 7 8 9 10 11 12 13 14 15 16 17 18 37 38 39 40 41 42 43 44 45 46 47 48 49 51 52 53 54 55 56 57 58 59 60 61 62 63 64 65
(51,*) 0 1 2 3 4 5 6 7 8 9 10 11 12 13 14 15 16 17 18 37 38 39 40 41 42 43 44 45 46 47 48 49 50 52 53 54 55 56 57 58 59 60 61 62 63 64 65
(52,*) 0 1 2 3 4 5 6 7 8 9 10 11 12 13 14 15 16 17 18 37 38 39 40 41 42 43 44 45 46 47 48 49 50 51 53 54 55 56 57 58 59 60 61 62 63 64 65
(53,*) 0 1 2 3 4 5 6 7 8 9 10 11 12 13 14 15 16 17 18 37 38 39 40 41 42 43 44 45 46 47 48 49 50 51 52 54 55 56 57 58 59 60 61 62 63 64 65
(54,*) 0 1 2 3 4 5 6 7 8 9 10 11 12 13 14 15 16 17 18 37 38 39 40 41 42 43 44 45 46 47 48 49 50 51 52 53 55 56 57 58 59 60 61 62 63 64 65
(55,*) 0 1 2 3 4 5 6 7 8 9 10 11 12 13 14 15 16 17 18 37 38 39 40 41 42 43 44 45 46 47 48 49 50 51 52 53 54 57 58 59 60 61 62 63 64 65
(56,*) 0 1 2 3 4 5 6 7 8 9 10 11 12 13 14 15 16 17 18 37 38 39 40 41 42 43 44 45 46 47 48 49 50 51 52 53 54 57 58 59 60 61 62 63 64 65
(57,*) 0 1 2 3 4 5 6 7 8 9 10 11 12 13 14 15 16 17 18 37 38 39 40 41 42 43 44 45 46 47 48 49 50 51 52 53 54 55 56 58 59 60 61 62 63 64 65
(58,*) 0 1 2 3 4 5 6 7 8 9 10 11 12 13 14 15 16 17 18 37 38 39 40 41 42 43 44 45 46 47 48 49 50 51 52 53 54 55 56 57 59 60 61 62 63 64 65
(59,*) 0 1 2 3 4 5 6 7 8 9 10 11 12 13 14 15 16 17 18 37 38 39 40 41 42 43 44 45 46 47 48 49 50 51 52 53 54 55 56 57 58 60 61 62 63 64 65
(60,*) 0 1 2 3 4 5 6 7 8 9 10 11 12 13 14 15 16 17 18 37 38 39 40 41 42 43 44 45 46 47 48 49 50 51 52 53 54 55 56 57 58 59 61 62 63 64 65
(61,*) 0 1 2 3 4 5 6 7 8 9 10 11 12 13 14 15 16 17 18 37 38 39 40 41 42 43 44 45 46 47 48 49 50 51 52 53 54 55 56 57 58 59 60 62 63 64 65
(62,*) 0 1 2 3 4 5 6 7 8 9 10 11 12 13 14 15 16 17 18 37 38 39 40 41 42 43 44 45 46 47 48 49 50 51 52 53 54 55 56 57 58 59 60 61 63 64 65
(63,*) 0 1 2 3 4 5 6 7 8 9 10 11 12 13 14 15 16 17 18 37 38 39 40 41 42 43 44 45 46 47 48 49 50 51 52 53 54 55 56 57 58 59 60 61 62 64 65
(64,*) 0 1 2 3 4 5 6 7 8 9 10 11 12 13 14 15 16 17 18 37 38 39 40 41 42 43 44 45 46 47 48 49 50 51 52 53 54 55 56 57 58 59 60 61 62 63 65
(65,*) 0 1 2 3 4 5 6 7 8 9 10 11 12 13 14 15 16 17 18 37 38 39 40 41 42 43 44 45 46 47 48 49 50 51 52 53 54 55 56 57 58 59 60 61 62 63 64
;
set A2:=
(55,*) 56
(56,*) 55
;
param BigM:=99999;
param n:= 9;
param d:=
1	3
2	25
3	20
4	13
5	14
6	36
7	23
8	22
9	24
10	15
11	18
12	13
13	3
14	10
15	66
16	10
17	5
18	12
19	12
20	21
21	17
22	11
23	7
24	21
25	19
26	15
27	22
28	7
29	15
30	12
31	2
32	10
33	7
34	12
35	7
36	11
37	4
38	11
39	20
40	10
41	16
42	6
43	21
44	11
45	17
46	22
47	10
48	19
49	11
50	25
51	20
52	14
53	24
54	18
;
param Q:=100;
param w:=
[55,*] 56 0.5
[56,*] 55 0.5
;
param V:=
[55,*] 56 85
[56,*] 55 85
;
param e:
	55	56	57	58	59	60	61	62	63	64	65:=
19	0	1	0	0	0	0	0	1	0	0	0	
20	0	1	0	0	0	1	0	0	0	0	0	
21	0	1	0	0	0	0	1	0	0	0	0	
22	0	1	0	0	0	1	0	0	1	0	0	
23	0	1	1	0	0	0	0	0	0	0	0	
24	0	1	0	1	0	0	0	0	0	0	0	
25	0	1	1	0	0	1	0	0	0	0	0	
26	0	1	0	0	0	0	0	0	0	1	0	
27	1	1	0	0	0	0	1	0	0	1	0	
28	1	1	0	0	0	0	0	0	0	1	0	
29	1	1	0	0	0	1	0	0	0	0	0	
30	1	1	1	0	0	0	0	0	0	0	0	
31	0	1	0	0	0	0	0	0	1	0	0	
32	1	1	0	1	0	0	0	0	0	0	0	
33	1	0	0	0	1	0	0	0	0	0	1	
34	1	0	0	1	0	0	1	0	0	1	0	
35	0	1	0	1	0	0	0	0	0	0	0	
36	1	0	0	0	0	0	0	0	0	1	0	
37	1	1	1	0	0	1	0	0	1	0	0	
38	1	0	1	0	0	0	0	0	0	0	0	
39	1	1	0	0	1	0	0	1	0	0	1	
40	0	1	1	0	0	0	0	0	1	0	0	
41	1	1	1	0	0	0	0	0	1	0	1	
42	1	0	0	0	1	0	0	0	0	0	0	
43	1	1	0	0	0	0	1	0	0	1	1	
44	1	1	0	0	0	0	1	0	0	1	0	
45	0	1	1	0	0	1	0	0	0	0	0	
46	0	1	1	0	0	0	0	0	1	0	0	
47	1	1	0	0	0	0	1	0	0	0	0	
48	1	1	0	1	0	0	1	0	0	1	0	
49	0	1	0	0	0	0	0	0	1	0	0	
50	1	0	0	0	1	0	0	1	0	0	0	
51	0	1	0	0	0	0	1	0	1	1	0	
52	0	1	1	0	0	1	0	0	1	0	0	
53	1	1	0	0	1	0	0	1	0	0	0	
54	0	1	0	0	0	0	0	0	0	0	1	
;
param p:=
1	3
2	3
3	3
4	3
5	3
6	3
7	3
8	3
9	3
;
param G:=
55	76
56	85
57	100
58	99
59	71
60	91
61	96
62	91
63	100
64	70
65	83
;
param s:=
0	0
1	10
2	10
3	10
4	10
5	10
6	10
7	10
8	10
9	10
10	10
11	10
12	10
13	10
14	10
15	10
16	10
17	10
18	10
37	10
38	10
39	10
40	10
41	10
42	10
43	10
44	10
45	10
46	10
47	10
48	10
49	10
50	10
51	10
52	10
53	10
54	10
55	10
56	10
57	10
58	10
59	10
60	10
61	10
62	10
63	10
64	10
65	10
;
param t:
	0	1	2	3	4	5	6	7	8	9	10	11	12	13	14	15	16	17	18	19	20	21	22	23	24	25	26	27	28	29	30	31	32	33	34	35	36	37	38	39	40	41	42	43	44	45	46	47	48	49	50	51	52	53	54	55	56	57	58	59	60	61	62	63	64	65:=
0	0.0	60.44	26.91	71.59	25.5	52.2	52.2	16.28	22.83	31.89	19.85	60.75	73.41	59.44	55.57	56.65	30.02	38.33	47.2	48.55	26.63	43.19	27.46	31.11	66.31	26.93	40.8	34.66	22.36	27.29	29.41	6.71	60.21	58.25	39.05	65.8	43.17	18.6	34.37	48.85	10.0	18.68	65.46	30.07	38.83	33.62	14.87	37.7	52.39	29.61	67.48	20.52	27.07	80.81	61.03	77.16	27.78	12.21	60.17	58.9	28.16	27.78	68.1	7.62	39.0	39.2
1	60.44	0.0	78.01	30.27	53.6	80.11	80.11	55.23	47.1	79.31	73.11	54.49	43.01	60.88	14.87	5.83	84.02	29.73	49.24	87.36	86.16	56.94	81.02	80.16	43.1	83.29	60.46	54.04	41.68	85.99	75.33	61.98	29.02	39.82	26.87	44.05	54.12	76.06	55.66	13.15	52.77	53.01	58.26	31.76	60.8	89.09	53.08	68.12	39.29	78.82	26.68	53.01	86.31	36.12	98.68	35.01	82.86	65.38	39.05	34.41	88.6	46.01	17.03	68.01	38.83	27.89
2	26.91	78.01	0.0	79.48	25.96	32.39	32.39	43.14	31.06	6.08	7.07	56.59	76.32	51.86	68.73	73.03	6.71	62.39	74.03	23.77	33.06	70.01	4.24	4.47	92.18	9.43	67.36	61.52	47.41	15.65	6.71	20.81	84.5	60.9	62.3	91.79	38.42	34.21	29.68	65.01	27.86	25.0	60.14	52.5	65.3	12.08	25.32	62.97	78.39	49.04	76.22	47.42	17.46	88.24	35.34	84.17	42.43	15.26	85.88	63.98	26.93	54.41	80.6	24.7	65.0	51.35
3	71.59	30.27	79.48	0.0	53.71	69.07	69.07	73.01	50.77	78.45	76.92	34.48	14.21	42.45	19.92	27.02	86.16	54.41	76.69	80.22	98.08	82.86	83.38	80.01	73.33	87.24	85.44	78.0	60.21	91.71	74.63	70.21	59.21	21.02	51.24	74.24	44.28	89.83	50.7	29.41	61.85	56.94	36.25	51.0	85.23	91.55	59.08	91.24	68.26	96.83	4.47	72.4	92.66	9.22	89.05	5.83	98.31	71.34	69.03	16.12	97.91	67.98	13.93	78.87	64.56	32.53
4	25.5	53.6	25.96	53.71	0.0	32.02	32.02	37.48	7.81	26.02	23.32	35.78	51.86	33.96	43.1	48.26	32.57	44.6	62.43	34.89	48.26	61.85	29.73	27.17	75.74	33.54	61.03	53.49	33.62	38.28	22.02	20.62	65.46	36.24	43.42	75.69	17.72	43.08	9.0	40.45	17.03	7.0	40.31	33.97	59.48	37.95	11.0	60.67	62.97	55.11	50.33	40.26	39.41	62.61	47.17	58.59	52.55	19.21	69.35	38.59	45.97	43.38	54.74	30.46	50.61	26.02
5	52.2	80.11	32.39	69.07	32.02	0.0	0.0	67.23	39.7	26.68	37.0	36.67	60.53	29.12	66.73	74.32	36.69	76.38	94.3	14.21	65.38	93.06	35.9	28.86	107.48	41.23	91.71	84.53	65.46	47.54	26.08	45.61	96.54	48.04	74.97	107.49	26.25	65.12	25.61	67.54	46.96	37.74	37.95	65.8	89.96	40.31	41.18	89.81	94.92	79.51	67.36	70.68	49.48	76.06	20.0	72.03	74.01	40.79	101.12	53.24	59.23	74.95	75.71	53.6	82.62	52.84
6	52.2	80.11	32.39	69.07	32.02	0.0	0.0	67.23	39.7	26.68	37.0	36.67	60.53	29.12	66.73	74.32	36.69	76.38	94.3	14.21	65.38	93.06	35.9	28.86	107.48	41.23	91.71	84.53	65.46	47.54	26.08	45.61	96.54	48.04	74.97	107.49	26.25	65.12	25.61	67.54	46.96	37.74	37.95	65.8	89.96	40.31	41.18	89.81	94.92	79.51	67.36	70.68	49.48	76.06	20.0	72.03	74.01	40.79	101.12	53.24	59.23	74.95	75.71	53.6	82.62	52.84
7	16.28	55.23	43.14	73.01	37.48	67.23	67.23	0.0	32.0	48.17	36.07	69.72	77.82	70.03	54.49	52.8	45.8	27.89	31.38	64.64	33.14	26.91	43.42	47.38	51.92	42.19	24.7	18.38	13.6	41.23	45.61	22.8	48.0	63.91	29.73	51.24	54.01	22.2	46.39	46.01	20.62	30.59	74.67	23.6	22.83	48.88	26.68	23.19	38.08	24.04	68.6	4.47	40.5	82.01	77.2	78.82	27.73	28.43	46.1	63.07	38.21	13.15	66.48	20.12	25.18	41.18
8	22.83	47.1	31.06	50.77	7.81	39.7	39.7	32.0	0.0	32.25	26.93	38.33	50.99	38.05	37.85	42.0	37.34	36.8	55.07	42.54	48.1	55.03	34.37	33.06	67.94	37.36	54.57	46.84	26.4	41.23	28.28	19.8	57.69	35.61	35.61	67.9	22.02	41.34	15.23	34.01	13.0	6.32	43.17	26.17	53.15	42.58	8.49	55.08	55.23	51.87	47.01	34.23	42.05	59.91	54.92	56.04	50.61	20.59	61.55	36.8	47.2	36.4	50.0	29.21	43.01	20.4
9	31.89	79.31	6.08	78.45	26.02	26.68	26.68	48.17	32.25	0.0	12.53	53.41	74.24	48.08	69.12	74.11	10.3	65.74	78.64	17.72	39.01	75.07	9.22	2.24	96.04	14.56	72.62	66.53	51.31	20.88	4.0	25.46	87.73	59.09	65.39	95.72	35.85	40.26	27.86	66.19	31.38	26.68	56.64	55.54	70.6	14.87	27.86	68.6	82.38	55.08	75.43	52.35	22.8	86.98	29.53	82.87	48.51	19.8	89.69	62.63	32.56	58.9	80.62	30.41	69.07	52.0
10	19.85	73.11	7.07	76.92	23.32	37.0	37.0	36.07	26.93	12.53	0.0	56.85	75.0	53.0	64.76	68.36	11.18	55.97	67.01	30.08	28.86	62.94	8.25	11.4	85.42	10.44	60.31	54.45	40.72	15.0	11.18	13.89	78.11	59.41	56.04	85.0	38.29	28.28	29.0	60.3	21.59	20.62	60.8	46.32	58.26	16.0	20.02	56.08	71.59	42.95	73.41	40.36	16.28	85.88	42.06	81.88	37.01	8.54	79.16	61.91	24.19	47.43	76.92	17.89	58.18	47.3
11	60.75	54.49	56.59	34.48	35.78	36.67	36.67	69.72	38.33	53.41	56.85	0.0	24.02	8.06	39.62	48.92	63.03	64.29	86.68	49.65	83.86	89.36	60.83	55.44	92.14	65.76	90.05	82.05	61.01	71.51	50.33	56.36	78.77	15.0	61.68	92.61	18.6	78.79	28.02	44.94	51.24	42.15	5.0	55.73	89.01	68.12	45.88	92.27	82.54	90.14	34.01	71.25	73.0	40.2	56.44	36.35	88.24	54.71	86.41	20.81	80.8	71.06	44.42	66.21	73.55	34.48
12	73.41	43.01	76.32	14.21	51.86	60.53	60.53	77.82	50.99	74.24	75.0	24.02	0.0	32.0	30.15	38.83	83.01	63.39	86.28	73.01	99.09	91.41	80.45	76.06	85.51	84.88	93.39	85.62	66.13	90.0	70.71	70.77	71.39	15.62	60.3	86.31	38.48	92.01	46.65	39.0	63.41	56.57	24.33	57.97	92.89	88.32	59.46	98.03	79.06	100.85	16.55	78.0	91.21	16.76	80.4	13.42	101.02	70.77	80.75	14.76	97.67	75.0	27.78	80.16	73.55	36.77
13	59.44	60.88	51.86	42.45	33.96	29.12	29.12	70.03	38.05	48.08	53.0	8.06	32.0	0.0	46.1	55.17	58.05	67.78	89.56	42.54	80.96	91.41	56.08	50.21	96.75	61.22	91.66	83.73	62.65	67.2	45.34	54.41	83.76	22.36	65.39	97.13	16.28	76.84	25.3	50.45	50.49	40.79	8.94	58.52	90.45	62.94	44.72	93.01	86.41	89.05	41.79	72.03	68.82	48.26	48.66	44.41	86.33	52.0	90.82	28.18	77.18	72.84	51.88	64.2	76.54	38.47
14	55.57	14.87	68.73	19.92	43.1	66.73	66.73	54.49	37.85	69.12	64.76	39.62	30.15	46.1	0.0	9.43	75.13	34.48	56.89	75.13	82.15	62.94	72.18	70.26	55.54	75.19	65.55	58.18	41.23	78.75	65.12	55.54	41.48	25.0	31.32	56.29	40.5	73.01	43.42	9.49	46.52	44.15	43.42	31.62	65.39	80.41	45.22	71.59	49.0	78.52	15.52	53.41	79.38	28.18	85.87	25.63	80.92	57.87	50.64	19.72	83.19	48.37	12.53	63.13	44.64	17.46
15	56.65	5.83	73.03	27.02	48.26	74.32	74.32	52.8	42.0	74.11	68.36	48.92	38.83	55.17	9.43	0.0	79.16	29.15	50.29	81.74	82.76	57.27	76.16	75.03	46.69	78.64	60.42	53.54	39.2	81.58	70.11	57.72	32.56	34.41	26.08	47.52	48.3	72.95	50.0	8.06	48.51	48.04	52.8	29.21	60.54	84.29	48.37	67.42	41.3	76.69	23.02	50.99	82.0	33.96	92.97	32.25	80.16	60.83	42.11	29.15	84.76	44.69	15.23	64.26	38.91	22.36
16	30.02	84.02	6.71	86.16	32.57	36.69	36.69	45.8	37.34	10.3	11.18	63.03	83.01	58.05	75.13	79.16	0.0	67.05	77.1	26.0	30.27	72.35	3.0	8.06	96.18	5.1	69.31	64.03	51.62	11.05	12.73	24.7	89.19	67.6	67.19	95.71	45.0	33.54	36.36	71.11	32.76	31.14	66.47	57.49	67.18	5.39	31.02	64.03	82.29	48.33	82.87	50.22	13.04	94.94	36.14	90.87	40.8	19.65	89.96	70.68	23.02	57.8	87.1	26.17	68.88	57.71
17	38.33	29.73	62.39	54.41	44.6	76.38	76.38	27.89	36.8	65.74	55.97	64.29	63.39	67.78	34.48	29.15	67.05	0.0	23.0	78.82	60.83	28.46	64.2	65.8	31.14	64.76	31.3	24.41	16.03	65.62	62.18	42.45	22.14	53.24	3.16	31.11	54.71	50.01	51.09	25.0	34.54	40.22	69.12	10.63	31.38	71.31	38.08	38.42	18.87	50.12	50.0	24.7	65.38	62.39	91.4	60.08	55.36	47.43	24.76	50.0	65.07	16.64	44.29	45.04	10.2	29.83
18	47.2	49.24	74.03	76.69	62.43	94.3	94.3	31.38	55.07	78.64	67.01	86.68	86.28	89.56	56.89	50.29	77.1	23.0	0.0	94.11	61.39	9.85	74.63	78.1	23.09	73.57	14.87	14.32	28.84	72.45	75.69	53.26	26.4	76.16	26.02	22.02	75.39	50.7	70.24	47.52	48.17	56.61	91.59	31.05	16.49	80.26	53.41	25.0	12.21	44.01	72.37	26.93	71.59	84.2	106.83	82.23	52.15	58.9	18.97	73.0	68.01	19.8	65.46	51.48	13.15	52.47
19	48.55	87.36	23.77	80.22	34.89	14.21	14.21	64.64	42.54	17.72	30.08	49.65	73.01	42.54	75.13	81.74	26.0	78.82	94.11	0.0	56.14	91.4	26.17	19.42	109.81	31.02	89.31	82.8	65.8	37.01	19.24	41.88	100.17	59.41	77.94	109.64	36.01	57.97	31.78	74.33	45.97	38.6	51.48	68.24	87.37	28.44	41.11	85.88	96.54	72.8	78.03	68.6	39.01	87.82	12.73	83.73	66.1	36.36	103.41	64.12	49.01	74.33	85.29	47.93	83.55	59.48
20	26.63	86.16	33.06	98.08	48.26	65.38	65.38	33.14	48.1	39.01	28.86	83.86	99.09	80.96	82.15	82.76	30.27	60.83	61.39	56.14	0.0	53.76	30.02	37.0	83.73	25.18	49.4	47.07	45.35	19.65	39.32	28.32	81.06	83.63	62.37	82.87	65.37	11.0	55.95	75.13	36.24	42.64	88.19	54.71	47.17	29.41	39.62	41.18	70.26	21.26	94.02	37.01	17.72	107.3	66.29	103.59	12.04	29.15	78.31	84.85	8.6	46.01	94.67	19.21	58.0	65.8
21	43.19	56.94	70.01	82.86	61.85	93.06	93.06	26.91	55.03	75.07	62.94	89.36	91.41	91.41	62.94	57.27	72.35	28.46	9.85	91.4	53.76	0.0	70.09	74.28	32.56	68.41	5.1	8.6	28.86	66.57	72.47	49.68	36.06	80.1	31.62	31.4	76.4	43.46	70.23	53.45	46.14	55.46	94.34	34.01	7.0	75.0	51.88	15.3	21.95	35.13	78.45	22.8	65.51	90.82	104.02	88.54	43.74	55.32	28.79	77.52	60.93	18.68	72.5	46.23	18.38	56.04
22	27.46	81.02	4.24	83.38	29.73	35.9	35.9	43.42	34.37	9.22	8.25	60.83	80.45	56.08	72.18	76.16	3.0	64.2	74.63	26.17	30.02	70.09	0.0	7.07	93.47	5.39	67.18	61.72	48.85	11.7	10.82	21.93	86.33	65.0	64.29	93.02	42.64	32.31	33.84	68.12	29.83	28.16	64.38	54.57	65.07	8.25	28.02	62.2	79.61	47.17	80.06	47.8	13.6	92.2	37.0	88.14	40.02	16.76	87.24	67.98	23.35	55.23	84.17	24.08	66.19	54.74
23	31.11	80.16	4.47	80.01	27.17	28.86	28.86	47.38	33.06	2.24	11.4	55.44	76.06	50.21	70.26	75.03	8.06	65.8	78.1	19.42	37.0	74.28	7.07	0.0	95.88	12.37	71.7	65.76	51.11	18.68	5.39	24.84	87.85	60.84	65.55	95.52	37.74	38.6	29.55	67.07	31.3	27.29	58.73	55.71	69.66	12.73	28.16	67.42	82.15	53.45	76.92	51.62	20.62	88.6	30.87	84.5	46.69	19.21	89.55	64.26	30.41	58.41	81.88	29.15	68.8	53.04
24	66.31	43.1	92.18	73.33	75.74	107.48	107.48	51.92	67.94	96.04	85.42	92.14	85.51	96.75	55.54	46.69	96.18	31.14	23.09	109.81	83.73	32.56	93.47	95.88	0.0	93.23	37.66	37.01	44.78	92.97	92.65	71.55	14.14	79.12	32.56	1.41	85.0	72.84	82.07	47.76	64.66	71.22	96.66	41.77	39.46	99.92	68.82	47.85	13.93	67.07	69.58	47.54	92.35	79.0	122.44	78.1	75.03	76.94	6.4	74.63	89.82	38.9	60.03	71.78	27.31	58.31
25	26.93	83.29	9.43	87.24	33.54	41.23	41.23	42.19	37.36	14.56	10.44	65.76	84.88	61.22	75.19	78.64	5.1	64.76	73.57	31.02	25.18	68.41	5.39	12.37	93.23	0.0	65.19	60.22	49.04	6.32	16.12	22.36	86.83	69.34	65.12	92.7	47.42	28.65	38.42	70.58	31.06	31.05	69.43	55.58	63.03	6.71	30.27	59.55	79.31	43.38	83.77	46.65	8.25	96.15	41.23	92.13	35.74	18.0	87.09	72.07	18.11	54.56	87.36	22.2	65.92	57.72
26	40.8	60.46	67.36	85.44	61.03	91.71	91.71	24.7	54.57	72.62	60.31	90.05	93.39	91.66	65.55	60.42	69.31	31.3	14.87	89.31	49.4	5.1	67.18	71.7	37.66	65.19	0.0	8.0	29.07	63.01	70.21	47.43	40.82	81.5	34.44	36.5	76.3	39.36	69.64	56.08	44.78	54.42	95.05	35.51	2.24	71.7	50.7	10.2	26.83	30.27	80.99	21.02	61.85	93.62	101.83	91.18	39.05	53.01	33.84	79.25	56.8	19.0	75.59	43.14	21.63	57.43
27	34.66	54.04	61.52	78.0	53.49	84.53	84.53	18.38	46.84	66.53	54.45	82.05	85.62	83.73	58.18	53.54	64.03	24.41	14.32	82.8	47.07	8.6	61.72	65.76	37.01	60.22	8.0	0.0	21.1	58.67	63.89	41.11	37.34	73.55	27.46	36.06	68.45	36.4	61.98	48.75	37.59	47.01	87.05	27.66	7.28	66.85	43.38	14.14	24.33	30.27	73.54	14.21	57.71	86.33	95.43	83.77	38.01	46.75	32.14	71.39	53.76	11.0	68.6	38.01	15.62	49.5
28	22.36	41.68	47.41	60.21	33.62	65.46	65.46	13.6	26.4	51.31	40.72	61.01	66.13	62.65	41.23	39.2	51.62	16.03	28.84	65.8	45.35	28.86	48.85	51.11	44.78	49.04	29.07	21.1	0.0	49.65	48.01	26.93	37.85	53.15	17.12	44.42	47.54	34.79	41.63	32.53	20.0	27.8	66.01	10.0	28.0	55.66	24.76	32.02	31.06	37.54	55.76	12.21	49.37	69.07	78.52	66.04	41.18	32.2	38.47	51.55	49.16	10.2	53.04	29.02	17.8	29.41
29	27.29	85.99	15.65	91.71	38.28	47.54	47.54	41.23	41.23	20.88	15.0	71.51	90.0	67.2	78.75	81.58	11.05	65.62	72.45	37.01	19.65	66.57	11.7	18.68	92.97	6.32	63.01	58.67	49.65	0.0	22.36	24.08	87.48	74.4	66.27	92.36	53.04	24.84	43.86	73.55	33.24	34.93	75.29	57.04	60.8	9.85	33.53	56.59	79.06	39.12	88.1	45.69	2.0	100.72	46.69	96.75	30.87	20.88	86.98	76.85	12.0	54.08	91.08	21.19	65.8	61.35
30	29.41	75.33	6.71	74.63	22.02	26.08	26.08	45.61	28.28	4.0	11.18	50.33	70.71	45.34	65.12	70.11	12.73	62.18	75.69	19.24	39.32	72.47	10.82	5.39	92.65	16.12	70.21	63.89	48.01	22.36	0.0	22.8	84.1	55.46	61.74	92.36	32.45	39.46	24.17	62.2	28.02	22.8	53.74	51.89	68.24	17.8	24.17	66.65	79.06	54.13	71.57	49.68	24.17	83.22	31.62	79.12	48.09	17.2	86.28	58.87	33.53	55.9	76.66	28.79	65.8	48.0
31	6.71	61.98	20.81	70.21	20.62	45.61	45.61	22.8	19.8	25.46	13.89	56.36	70.77	54.41	55.54	57.72	24.7	42.45	53.26	41.88	28.32	49.68	21.93	24.84	71.55	22.36	47.43	41.11	26.93	24.08	22.8	0.0	64.56	55.32	42.76	71.12	38.28	22.47	29.12	49.73	9.22	14.42	60.93	33.24	45.49	28.86	11.31	44.38	57.71	35.13	66.29	26.91	24.33	79.4	54.41	75.6	31.95	5.66	65.31	56.59	27.78	33.6	68.03	9.85	44.29	38.47
32	60.21	29.02	84.5	59.21	65.46	96.54	96.54	48.0	57.69	87.73	78.11	78.77	71.39	83.76	41.48	32.56	89.19	22.14	26.4	100.17	81.06	36.06	86.33	87.85	14.14	86.83	40.82	37.34	37.85	87.48	84.1	64.56	0.0	65.39	22.36	15.03	72.92	70.06	70.94	34.01	56.65	61.77	83.19	32.2	42.06	93.41	59.93	50.54	14.21	67.19	55.44	44.05	87.13	65.03	112.61	64.03	73.98	69.57	10.44	60.75	86.09	35.06	46.0	66.61	23.19	45.61
33	58.25	39.82	60.9	21.02	36.24	48.04	48.04	63.91	35.61	59.09	59.41	15.0	15.62	22.36	25.0	34.41	67.6	53.24	76.16	59.41	83.63	80.1	65.0	60.84	79.12	69.34	81.5	73.55	53.15	74.4	55.46	55.32	65.39	0.0	50.36	79.71	23.77	76.84	31.3	31.38	48.26	41.04	18.44	46.1	80.75	72.95	44.05	85.15	70.61	86.31	19.65	64.56	75.6	28.44	68.03	24.33	85.98	55.17	73.68	5.83	82.07	62.65	29.53	64.82	63.07	24.08
34	39.05	26.87	62.3	51.24	43.42	74.97	74.97	29.73	35.61	65.39	56.04	61.68	60.3	65.39	31.32	26.08	67.19	3.16	26.02	77.94	62.37	31.62	64.29	65.55	32.56	65.12	34.44	27.46	17.12	66.27	61.74	42.76	22.36	50.36	0.0	32.65	52.7	51.66	49.52	21.84	34.48	39.45	66.48	9.85	34.48	71.59	37.58	41.4	21.02	52.48	46.84	26.83	66.12	59.24	90.44	56.92	57.38	47.54	26.25	47.01	66.27	19.21	41.18	46.01	13.34	27.2
35	65.8	44.05	91.79	74.24	75.69	107.49	107.49	51.24	67.9	95.72	85.0	92.61	86.31	97.13	56.29	47.52	95.71	31.11	22.02	109.64	82.87	31.4	93.02	95.52	1.41	92.7	36.5	36.06	44.42	92.36	92.36	71.12	15.03	79.71	32.65	0.0	85.21	72.01	82.13	48.38	64.35	71.06	97.17	41.73	38.33	99.4	68.6	46.69	13.42	66.03	70.46	46.84	91.71	80.01	122.29	79.06	74.06	76.54	6.4	75.29	89.05	38.28	61.01	71.17	26.83	58.67
36	43.17	54.12	38.42	44.28	17.72	26.25	26.25	54.01	22.02	35.85	38.29	18.6	38.48	16.28	40.5	48.3	45.0	54.71	75.39	36.01	65.37	76.4	42.64	37.74	85.0	47.42	76.3	68.45	47.54	53.04	32.45	38.28	72.92	23.77	52.7	85.21	0.0	60.75	9.43	41.88	34.23	24.52	22.83	44.72	74.97	50.22	28.44	77.1	73.57	72.78	42.01	56.22	54.49	52.17	45.71	48.05	70.23	36.24	78.82	28.16	62.2	57.72	49.65	48.1	62.65	27.66
37	18.6	76.06	34.21	89.83	43.08	65.12	65.12	22.2	41.34	40.26	28.28	78.79	92.01	76.84	73.01	72.95	33.54	50.01	50.7	57.97	11.0	43.46	32.31	38.6	72.84	28.65	39.36	36.4	34.79	24.84	39.46	22.47	70.06	76.84	51.66	72.01	60.75	0.0	51.55	65.51	28.6	36.67	83.38	44.38	37.12	34.41	33.12	32.02	59.3	14.87	85.63	26.02	23.35	99.04	69.29	95.46	9.49	25.32	67.36	77.47	17.46	35.01	85.45	12.65	47.0	57.31
38	34.37	55.66	29.68	50.7	9.0	25.61	25.61	46.39	15.23	27.86	29.0	28.02	46.65	25.3	43.42	50.0	36.36	51.09	70.24	31.78	55.95	70.23	33.84	29.55	82.07	38.42	69.64	61.98	41.63	43.86	24.17	29.12	70.94	31.3	49.52	82.13	9.43	51.55	0.0	42.72	26.02	16.0	32.25	40.61	68.15	41.68	20.0	69.58	69.81	63.95	47.85	49.03	45.25	59.14	43.08	55.03	61.03	26.83	75.74	34.79	52.8	51.62	54.0	38.9	57.98	27.86
39	48.85	13.15	65.01	29.41	40.45	67.54	67.54	46.01	34.01	66.19	60.3	44.94	39.0	50.45	9.49	8.06	71.11	25.0	47.52	74.33	75.13	53.45	68.12	67.07	47.76	70.58	56.08	48.75	32.53	73.55	62.2	49.73	34.01	31.38	21.84	48.38	41.88	65.51	42.72	0.0	40.52	40.01	49.24	22.67	55.95	76.24	40.31	62.27	40.11	70.04	25.0	44.6	73.98	37.58	85.8	35.11	73.01	52.77	42.45	26.93	76.9	39.12	20.52	56.46	35.17	14.87
40	10.0	52.77	27.86	61.85	17.03	46.96	46.96	20.62	13.0	31.38	21.59	51.24	63.41	50.49	46.52	48.51	32.76	34.54	48.17	45.97	36.24	46.14	29.83	31.3	64.66	31.06	44.78	37.59	20.0	33.24	28.02	9.22	56.65	48.26	34.48	64.35	34.23	28.6	26.02	40.52	0.0	10.05	56.04	24.74	43.08	37.34	6.08	43.74	51.04	38.9	57.8	23.77	33.54	71.06	58.69	67.36	37.74	13.15	58.31	48.92	36.67	28.43	59.03	17.03	37.8	29.68
41	18.68	53.01	25.0	56.94	7.0	37.74	37.74	30.59	6.32	26.68	20.62	42.15	56.57	40.79	44.15	48.04	31.14	40.22	56.61	38.6	42.64	55.46	28.16	27.29	71.22	31.05	54.42	47.01	27.8	34.93	22.8	14.42	61.77	41.04	39.45	71.06	24.52	36.67	16.0	40.01	10.05	0.0	46.82	29.68	52.81	36.35	4.0	53.76	58.05	48.27	53.24	33.53	35.78	66.04	51.22	62.13	46.1	14.42	64.82	42.64	41.23	37.22	56.32	24.19	45.28	26.68
42	65.46	58.26	60.14	36.25	40.31	37.95	37.95	74.67	43.17	56.64	60.8	5.0	24.33	8.94	43.42	52.8	66.47	69.12	91.59	51.48	88.19	94.34	64.38	58.73	96.66	69.43	95.05	87.05	66.01	75.29	53.74	60.93	83.19	18.44	66.48	97.17	22.83	83.38	32.25	49.24	56.04	46.82	0.0	60.67	94.01	71.45	50.6	97.25	87.28	94.92	36.36	76.24	76.84	41.0	57.27	37.36	92.85	59.06	91.0	24.04	84.88	76.06	47.2	70.77	78.45	39.29
43	30.07	31.76	52.5	51.0	33.97	65.8	65.8	23.6	26.17	55.54	46.32	55.73	57.97	58.52	31.62	29.21	57.49	10.63	31.05	68.24	54.71	34.01	54.57	55.71	41.77	55.58	35.51	27.66	10.0	57.04	51.89	33.24	32.2	46.1	9.85	41.73	44.72	44.38	40.61	22.67	24.74	29.68	60.67	0.0	34.93	61.98	27.73	40.31	29.21	47.51	46.53	21.93	57.0	59.68	80.8	56.82	51.11	37.85	35.38	43.74	57.87	17.09	43.19	37.34	18.03	22.02
44	38.83	60.8	65.3	85.23	59.48	89.96	89.96	22.83	53.15	70.6	58.26	89.01	92.89	90.45	65.39	60.54	67.18	31.38	16.49	87.37	47.17	7.0	65.07	69.66	39.46	63.03	2.24	7.28	28.0	60.8	68.24	45.49	42.06	80.75	34.48	38.33	74.97	37.12	68.15	55.95	43.08	52.81	94.01	34.93	0.0	69.53	49.04	8.54	28.23	28.16	80.78	19.31	59.64	93.52	99.86	91.0	36.88	51.04	35.44	78.64	54.56	18.11	75.66	41.01	22.02	56.72
45	33.62	89.09	12.08	91.55	37.95	40.31	40.31	48.88	42.58	14.87	16.0	68.12	88.32	62.94	80.41	84.29	5.39	71.31	80.26	28.44	29.41	75.0	8.25	12.73	99.92	6.71	71.7	66.85	55.66	9.85	17.8	28.86	93.41	72.95	71.59	99.4	50.22	34.41	41.68	76.24	37.34	36.35	71.45	61.98	69.53	0.0	36.01	65.8	86.01	48.88	88.26	53.34	11.7	100.32	37.22	96.25	40.72	24.19	93.78	76.06	21.38	61.27	92.42	28.84	72.62	62.97
46	14.87	53.08	25.32	59.08	11.0	41.18	41.18	26.68	8.49	27.86	20.02	45.88	59.46	44.72	45.22	48.37	31.02	38.08	53.41	41.11	39.62	51.88	28.02	28.16	68.82	30.27	50.7	43.38	24.76	33.53	24.17	11.31	59.93	44.05	37.58	68.6	28.44	33.12	20.0	40.31	6.08	4.0	50.6	27.73	49.04	36.01	0.0	49.82	55.44	44.38	55.23	29.73	34.18	68.24	53.81	64.4	42.49	12.65	62.43	45.28	38.83	33.84	57.58	20.81	42.45	27.86
47	37.7	68.12	62.97	91.24	60.67	89.81	89.81	23.19	55.08	68.6	56.08	92.27	98.03	93.01	71.59	67.42	64.03	38.42	25.0	85.88	41.18	15.3	62.2	67.42	47.85	59.55	10.2	14.14	32.02	56.59	66.65	44.38	50.54	85.15	41.4	46.69	77.1	32.02	69.58	62.27	43.74	53.76	97.25	40.31	8.54	65.8	49.82	0.0	36.77	20.88	86.76	21.02	55.23	99.76	98.11	97.05	30.08	49.66	43.97	83.52	49.09	23.26	82.38	38.28	29.73	61.4
48	52.39	39.29	78.39	68.26	62.97	94.92	94.92	38.08	55.23	82.38	71.59	82.54	79.06	86.41	49.0	41.3	82.29	18.87	12.21	96.54	70.26	21.95	79.61	82.15	13.93	79.31	26.83	24.33	31.06	79.06	79.06	57.71	14.21	70.61	21.02	13.42	73.57	59.3	69.81	40.11	51.04	58.05	87.28	29.21	28.23	86.01	55.44	36.77	0.0	54.59	64.12	33.73	78.45	75.13	109.22	73.55	62.07	63.13	8.06	66.75	76.12	25.0	56.09	57.87	13.42	48.1
49	29.61	78.82	49.04	96.83	55.11	79.51	79.51	24.04	51.87	55.08	42.95	90.14	100.85	89.05	78.52	76.69	48.33	50.12	44.01	72.8	21.26	35.13	47.17	53.45	67.07	43.38	30.27	30.27	37.54	39.12	54.13	35.13	67.19	86.31	52.48	66.03	72.78	14.87	63.95	70.04	38.9	48.27	94.92	47.51	28.16	48.88	44.38	20.88	54.59	0.0	92.46	25.81	37.44	105.89	84.15	102.62	9.43	39.01	62.39	86.09	29.7	33.54	90.52	26.02	44.27	64.64
50	67.48	26.68	76.22	4.47	50.33	67.36	67.36	68.6	47.01	75.43	73.41	34.01	16.55	41.79	15.52	23.02	82.87	50.0	72.37	78.03	94.02	78.45	80.06	76.92	69.58	83.77	80.99	73.54	55.76	88.1	71.57	66.29	55.44	19.65	46.84	70.46	42.01	85.63	47.85	25.0	57.8	53.24	36.36	46.53	80.78	88.26	55.23	86.76	64.12	92.46	0.0	67.96	89.01	13.45	87.28	10.3	94.05	67.6	65.12	14.14	94.03	63.51	11.4	74.81	60.17	28.32
51	20.52	53.01	47.42	72.4	40.26	70.68	70.68	4.47	34.23	52.35	40.36	71.25	78.0	72.03	53.41	50.99	50.22	24.7	26.93	68.6	37.01	22.8	47.8	51.62	47.54	46.65	21.02	14.21	12.21	45.69	49.68	26.91	44.05	64.56	26.83	46.84	56.22	26.02	49.03	44.6	23.77	33.53	76.24	21.93	19.31	53.34	29.73	21.02	33.73	25.81	67.96	0.0	44.94	81.27	81.22	78.23	30.68	32.56	41.77	63.32	42.43	9.0	65.12	24.6	21.02	41.23
52	27.07	86.31	17.46	92.66	39.41	49.48	49.48	40.5	42.05	22.8	16.28	73.0	91.21	68.82	79.38	82.0	13.04	65.38	71.59	39.01	17.72	65.51	13.6	20.62	92.35	8.25	61.85	57.71	49.37	2.0	24.17	24.33	87.13	75.6	66.12	91.71	54.49	23.35	45.25	73.98	33.54	35.78	76.84	57.0	59.64	11.7	34.18	55.23	78.45	37.44	89.01	44.94	0.0	101.71	48.66	97.75	29.07	21.54	86.4	77.94	10.0	53.45	91.76	20.62	65.25	62.03
53	80.81	36.12	88.24	9.22	62.61	76.06	76.06	82.01	59.91	86.98	85.88	40.2	16.76	48.26	28.18	33.96	94.94	62.39	84.2	87.82	107.3	90.82	92.2	88.6	79.0	96.15	93.62	86.33	69.07	100.72	83.22	79.4	65.03	28.44	59.24	80.01	52.17	99.04	59.14	37.58	71.06	66.04	41.0	59.68	93.52	100.32	68.24	99.76	75.13	105.89	13.45	81.27	101.71	0.0	96.05	4.12	107.49	80.45	75.17	24.35	107.07	76.54	19.1	88.09	72.45	41.73
54	61.03	98.68	35.34	89.05	47.17	20.0	20.0	77.2	54.92	29.53	42.06	56.44	80.4	48.66	85.87	92.97	36.14	91.4	106.83	12.73	66.29	104.02	37.0	30.87	122.44	41.23	101.83	95.43	78.52	46.69	31.62	54.41	112.61	68.03	90.44	122.29	45.71	69.29	43.08	85.8	58.69	51.22	57.27	80.8	99.86	37.22	53.81	98.11	109.22	84.15	87.28	81.22	48.66	96.05	0.0	92.02	76.92	48.83	116.04	73.17	58.55	87.05	95.35	59.94	96.26	70.94
55	77.16	35.01	84.17	5.83	58.59	72.03	72.03	78.82	56.04	82.87	81.88	36.35	13.42	44.41	25.63	32.25	90.87	60.08	82.23	83.73	103.59	88.54	88.14	84.5	78.1	92.13	91.18	83.77	66.04	96.75	79.12	75.6	64.03	24.33	56.92	79.06	48.05	95.46	55.03	35.11	67.36	62.13	37.36	56.82	91.0	96.25	64.4	97.05	73.55	102.62	10.3	78.23	97.75	4.12	92.02	0.0	104.0	76.55	74.01	20.25	103.23	73.79	18.11	84.39	70.21	38.21
56	27.78	82.86	42.43	98.31	52.55	74.01	74.01	27.73	50.61	48.51	37.01	88.24	101.02	86.33	80.92	80.16	40.8	55.36	52.15	66.1	12.04	43.74	40.02	46.69	75.03	35.74	39.05	38.01	41.18	30.87	48.09	31.95	73.98	85.98	57.38	74.06	70.23	9.49	61.03	73.01	37.74	46.1	92.85	51.11	36.88	40.72	42.49	30.08	62.07	9.43	94.05	30.68	29.07	107.49	76.92	104.0	0.0	34.71	70.03	86.4	20.62	39.29	93.24	22.14	50.8	65.8
57	12.21	65.38	15.26	71.34	19.21	40.79	40.79	28.43	20.59	19.8	8.54	54.71	70.77	52.0	57.87	60.83	19.65	47.43	58.9	36.36	29.15	55.32	16.76	19.21	76.94	18.0	53.01	46.75	32.2	20.88	17.2	5.66	69.57	55.17	47.54	76.54	36.24	25.32	26.83	52.77	13.15	14.42	59.06	37.85	51.04	24.19	12.65	49.66	63.13	39.01	67.6	32.56	21.54	80.45	48.83	76.55	34.71	0.0	70.66	57.01	26.91	39.2	70.23	13.0	49.74	40.5
58	60.17	39.05	85.88	69.03	69.35	101.12	101.12	46.1	61.55	89.69	79.16	86.41	80.75	90.82	50.64	42.11	89.96	24.76	18.97	103.41	78.31	28.79	87.24	89.55	6.4	87.09	33.84	32.14	38.47	86.98	86.28	65.31	10.44	73.68	26.25	6.4	78.82	67.36	75.74	42.45	58.31	64.82	91.0	35.38	35.44	93.78	62.43	43.97	8.06	62.39	65.12	41.77	86.4	75.17	116.04	74.01	70.03	70.66	0.0	69.38	84.17	32.98	56.08	65.8	21.19	52.35
59	58.9	34.41	63.98	16.12	38.59	53.24	53.24	63.07	36.8	62.63	61.91	20.81	14.76	28.18	19.72	29.15	70.68	50.0	73.0	64.12	84.85	77.52	67.98	64.26	74.63	72.07	79.25	71.39	51.55	76.85	58.87	56.59	60.75	5.83	47.01	75.29	28.16	77.47	34.79	26.93	48.92	42.64	24.04	43.74	78.64	76.06	45.28	83.52	66.75	86.09	14.14	63.32	77.94	24.35	73.17	20.25	86.4	57.01	69.38	0.0	83.87	60.64	23.71	65.8	60.03	22.14
60	28.16	88.6	26.93	97.91	45.97	59.23	59.23	38.21	47.2	32.56	24.19	80.8	97.67	77.18	83.19	84.76	23.02	65.07	68.01	49.01	8.6	60.93	23.35	30.41	89.82	18.11	56.8	53.76	49.16	12.0	33.53	27.78	86.09	82.07	66.27	89.05	62.2	17.46	52.8	76.9	36.67	41.23	84.88	57.87	54.56	21.38	38.83	49.09	76.12	29.7	94.03	42.43	10.0	107.07	58.55	103.23	20.62	26.91	84.17	83.87	0.0	51.35	95.71	20.62	63.39	66.24
61	27.78	46.01	54.41	67.98	43.38	74.95	74.95	13.15	36.4	58.9	47.43	71.06	75.0	72.84	48.37	44.69	57.8	16.64	19.8	74.33	46.01	18.68	55.23	58.41	38.9	54.56	19.0	11.0	10.2	54.08	55.9	33.6	35.06	62.65	19.21	38.28	57.72	35.01	51.62	39.12	28.43	37.22	76.06	17.09	18.11	61.27	33.84	23.26	25.0	33.54	63.51	9.0	53.45	76.54	87.05	73.79	39.29	39.2	32.98	60.64	51.35	0.0	59.41	32.89	12.04	38.64
62	68.1	17.03	80.6	13.93	54.74	75.71	75.71	66.48	50.0	80.62	76.92	44.42	27.78	51.88	12.53	15.23	87.1	44.29	65.46	85.29	94.67	72.5	84.17	81.88	60.03	87.36	75.59	68.6	53.04	91.08	76.66	68.03	46.0	29.53	41.18	61.01	49.65	85.45	54.0	20.52	59.03	56.32	47.2	43.19	75.66	92.42	57.58	82.38	56.09	90.52	11.4	65.12	91.76	19.1	95.35	18.11	93.24	70.23	56.08	23.71	95.71	59.41	0.0	75.66	54.13	29.73
63	7.62	68.01	24.7	78.87	30.46	53.6	53.6	20.12	29.21	30.41	17.89	66.21	80.16	64.2	63.13	64.26	26.17	45.04	51.48	47.93	19.21	46.23	24.08	29.15	71.78	22.2	43.14	38.01	29.02	21.19	28.79	9.85	66.61	64.82	46.01	71.17	48.1	12.65	38.9	56.46	17.03	24.19	70.77	37.34	41.01	28.84	20.81	38.28	57.87	26.02	74.81	24.6	20.62	88.09	59.94	84.39	22.14	13.0	65.8	65.8	20.62	32.89	75.66	0.0	44.64	46.62
64	39.0	38.83	65.0	64.56	50.61	82.62	82.62	25.18	43.01	69.07	58.18	73.55	73.55	76.54	44.64	38.91	68.88	10.2	13.15	83.55	58.0	18.38	66.19	68.8	27.31	65.92	21.63	15.62	17.8	65.8	65.8	44.29	23.19	63.07	13.34	26.83	62.65	47.0	57.98	35.17	37.8	45.28	78.45	18.03	22.02	72.62	42.45	29.73	13.42	44.27	60.17	21.02	65.25	72.45	96.26	70.21	50.8	49.74	21.19	60.03	63.39	12.04	54.13	44.64	0.0	39.32
65	39.2	27.89	51.35	32.53	26.02	52.84	52.84	41.18	20.4	52.0	47.3	34.48	36.77	38.47	17.46	22.36	57.71	29.83	52.47	59.48	65.8	56.04	54.74	53.04	58.31	57.72	57.43	49.5	29.41	61.35	48.0	38.47	45.61	24.08	27.2	58.67	27.66	57.31	27.86	14.87	29.68	26.68	39.29	22.02	56.72	62.97	27.86	61.4	48.1	64.64	28.32	41.23	62.03	41.73	70.94	38.21	65.8	40.5	52.35	22.14	66.24	38.64	29.73	46.62	39.32	0.0
;
