set K:= 1	2	3	4	5	6	7;
set C_H:= 1	2	3	4	5	6	7	8	9	10	11	12	13	14	15	16	17	18	19;
set C_S:= 20	21	22	23	24	25	26	27	28	29	30	31	32	33	34	35	36;
set C_F:= 37	38	39	40	41	42	43	44	45	46	47	48	49	50	51	52	53;
set M:= 54	55	56	57	58	59;
set L_B:= 60	61	62	63	64	65	66;
set A1:=
(0,*) 1 2 3 4 5 6 7 8 9 10 11 12 13 14 15 16 17 18 19 37 38 39 40 41 42 43 44 45 46 47 48 49 50 51 52 53 54 55 56 57 58 59 60 61 62 63 64 65 66
(1,*) 0 2 3 4 5 6 7 8 9 10 11 12 13 14 15 16 17 18 19 37 38 39 40 41 42 43 44 45 46 47 48 49 50 51 52 53 54 55 56 57 58 59 60 61 62 63 64 65 66
(2,*) 0 1 3 4 5 6 7 8 9 10 11 12 13 14 15 16 17 18 19 37 38 39 40 41 42 43 44 45 46 47 48 49 50 51 52 53 54 55 56 57 58 59 60 61 62 63 64 65 66
(3,*) 0 1 2 4 5 6 7 8 9 10 11 12 13 14 15 16 17 18 19 37 38 39 40 41 42 43 44 45 46 47 48 49 50 51 52 53 54 55 56 57 58 59 60 61 62 63 64 65 66
(4,*) 0 1 2 3 5 6 7 8 9 10 11 12 13 14 15 16 17 18 19 37 38 39 40 41 42 43 44 45 46 47 48 49 50 51 52 53 54 55 56 57 58 59 60 61 62 63 64 65 66
(5,*) 0 1 2 3 4 6 7 8 9 10 11 12 13 14 15 16 17 18 19 37 38 39 40 41 42 43 44 45 46 47 48 49 50 51 52 53 54 55 56 57 58 59 60 61 62 63 64 65 66
(6,*) 0 1 2 3 4 5 7 8 9 10 11 12 13 14 15 16 17 18 19 37 38 39 40 41 42 43 44 45 46 47 48 49 50 51 52 53 54 55 56 57 58 59 60 61 62 63 64 65 66
(7,*) 0 1 2 3 4 5 6 8 9 10 11 12 13 14 15 16 17 18 19 37 38 39 40 41 42 43 44 45 46 47 48 49 50 51 52 53 54 55 56 57 58 59 60 61 62 63 64 65 66
(8,*) 0 1 2 3 4 5 6 7 9 10 11 12 13 14 15 16 17 18 19 37 38 39 40 41 42 43 44 45 46 47 48 49 50 51 52 53 54 55 56 57 58 59 60 61 62 63 64 65 66
(9,*) 0 1 2 3 4 5 6 7 8 10 11 12 13 14 15 16 17 18 19 37 38 39 40 41 42 43 44 45 46 47 48 49 50 51 52 53 54 55 56 57 58 59 60 61 62 63 64 65 66
(10,*) 0 1 2 3 4 5 6 7 8 9 11 12 13 14 15 16 17 18 19 37 38 39 40 41 42 43 44 45 46 47 48 49 50 51 52 53 54 55 56 57 58 59 60 61 62 63 64 65 66
(11,*) 0 1 2 3 4 5 6 7 8 9 10 12 13 14 15 16 17 18 19 37 38 39 40 41 42 43 44 45 46 47 48 49 50 51 52 53 54 55 56 57 58 59 60 61 62 63 64 65 66
(12,*) 0 1 2 3 4 5 6 7 8 9 10 11 13 14 15 16 17 18 19 37 38 39 40 41 42 43 44 45 46 47 48 49 50 51 52 53 54 55 56 57 58 59 60 61 62 63 64 65 66
(13,*) 0 1 2 3 4 5 6 7 8 9 10 11 12 14 15 16 17 18 19 37 38 39 40 41 42 43 44 45 46 47 48 49 50 51 52 53 54 55 56 57 58 59 60 61 62 63 64 65 66
(14,*) 0 1 2 3 4 5 6 7 8 9 10 11 12 13 15 16 17 18 19 37 38 39 40 41 42 43 44 45 46 47 48 49 50 51 52 53 54 55 56 57 58 59 60 61 62 63 64 65 66
(15,*) 0 1 2 3 4 5 6 7 8 9 10 11 12 13 14 16 17 18 19 37 38 39 40 41 42 43 44 45 46 47 48 49 50 51 52 53 54 55 56 57 58 59 60 61 62 63 64 65 66
(16,*) 0 1 2 3 4 5 6 7 8 9 10 11 12 13 14 15 17 18 19 37 38 39 40 41 42 43 44 45 46 47 48 49 50 51 52 53 54 55 56 57 58 59 60 61 62 63 64 65 66
(17,*) 0 1 2 3 4 5 6 7 8 9 10 11 12 13 14 15 16 18 19 37 38 39 40 41 42 43 44 45 46 47 48 49 50 51 52 53 54 55 56 57 58 59 60 61 62 63 64 65 66
(18,*) 0 1 2 3 4 5 6 7 8 9 10 11 12 13 14 15 16 17 19 37 38 39 40 41 42 43 44 45 46 47 48 49 50 51 52 53 54 55 56 57 58 59 60 61 62 63 64 65 66
(19,*) 0 1 2 3 4 5 6 7 8 9 10 11 12 13 14 15 16 17 18 37 38 39 40 41 42 43 44 45 46 47 48 49 50 51 52 53 54 55 56 57 58 59 60 61 62 63 64 65 66
(37,*) 0 1 2 3 4 5 6 7 8 9 10 11 12 13 14 15 16 17 18 19 38 39 40 41 42 43 44 45 46 47 48 49 50 51 52 53 54 55 56 57 58 59 60 61 62 63 64 65 66
(38,*) 0 1 2 3 4 5 6 7 8 9 10 11 12 13 14 15 16 17 18 19 37 39 40 41 42 43 44 45 46 47 48 49 50 51 52 53 54 55 56 57 58 59 60 61 62 63 64 65 66
(39,*) 0 1 2 3 4 5 6 7 8 9 10 11 12 13 14 15 16 17 18 19 37 38 40 41 42 43 44 45 46 47 48 49 50 51 52 53 54 55 56 57 58 59 60 61 62 63 64 65 66
(40,*) 0 1 2 3 4 5 6 7 8 9 10 11 12 13 14 15 16 17 18 19 37 38 39 41 42 43 44 45 46 47 48 49 50 51 52 53 54 55 56 57 58 59 60 61 62 63 64 65 66
(41,*) 0 1 2 3 4 5 6 7 8 9 10 11 12 13 14 15 16 17 18 19 37 38 39 40 42 43 44 45 46 47 48 49 50 51 52 53 54 55 56 57 58 59 60 61 62 63 64 65 66
(42,*) 0 1 2 3 4 5 6 7 8 9 10 11 12 13 14 15 16 17 18 19 37 38 39 40 41 43 44 45 46 47 48 49 50 51 52 53 54 55 56 57 58 59 60 61 62 63 64 65 66
(43,*) 0 1 2 3 4 5 6 7 8 9 10 11 12 13 14 15 16 17 18 19 37 38 39 40 41 42 44 45 46 47 48 49 50 51 52 53 54 55 56 57 58 59 60 61 62 63 64 65 66
(44,*) 0 1 2 3 4 5 6 7 8 9 10 11 12 13 14 15 16 17 18 19 37 38 39 40 41 42 43 45 46 47 48 49 50 51 52 53 54 55 56 57 58 59 60 61 62 63 64 65 66
(45,*) 0 1 2 3 4 5 6 7 8 9 10 11 12 13 14 15 16 17 18 19 37 38 39 40 41 42 43 44 46 47 48 49 50 51 52 53 54 55 56 57 58 59 60 61 62 63 64 65 66
(46,*) 0 1 2 3 4 5 6 7 8 9 10 11 12 13 14 15 16 17 18 19 37 38 39 40 41 42 43 44 45 47 48 49 50 51 52 53 54 55 56 57 58 59 60 61 62 63 64 65 66
(47,*) 0 1 2 3 4 5 6 7 8 9 10 11 12 13 14 15 16 17 18 19 37 38 39 40 41 42 43 44 45 46 48 49 50 51 52 53 54 55 56 57 58 59 60 61 62 63 64 65 66
(48,*) 0 1 2 3 4 5 6 7 8 9 10 11 12 13 14 15 16 17 18 19 37 38 39 40 41 42 43 44 45 46 47 49 50 51 52 53 54 55 56 57 58 59 60 61 62 63 64 65 66
(49,*) 0 1 2 3 4 5 6 7 8 9 10 11 12 13 14 15 16 17 18 19 37 38 39 40 41 42 43 44 45 46 47 48 50 51 52 53 54 55 56 57 58 59 60 61 62 63 64 65 66
(50,*) 0 1 2 3 4 5 6 7 8 9 10 11 12 13 14 15 16 17 18 19 37 38 39 40 41 42 43 44 45 46 47 48 49 51 52 53 54 55 56 57 58 59 60 61 62 63 64 65 66
(51,*) 0 1 2 3 4 5 6 7 8 9 10 11 12 13 14 15 16 17 18 19 37 38 39 40 41 42 43 44 45 46 47 48 49 50 52 53 54 55 56 57 58 59 60 61 62 63 64 65 66
(52,*) 0 1 2 3 4 5 6 7 8 9 10 11 12 13 14 15 16 17 18 19 37 38 39 40 41 42 43 44 45 46 47 48 49 50 51 53 54 55 56 57 58 59 60 61 62 63 64 65 66
(53,*) 0 1 2 3 4 5 6 7 8 9 10 11 12 13 14 15 16 17 18 19 37 38 39 40 41 42 43 44 45 46 47 48 49 50 51 52 54 55 56 57 58 59 60 61 62 63 64 65 66
(54,*) 0 1 2 3 4 5 6 7 8 9 10 11 12 13 14 15 16 17 18 19 37 38 39 40 41 42 43 44 45 46 47 48 49 50 51 52 53 55 56 57 58 59 60 61 62 63 64 65 66
(55,*) 0 1 2 3 4 5 6 7 8 9 10 11 12 13 14 15 16 17 18 19 37 38 39 40 41 42 43 44 45 46 47 48 49 50 51 52 53 54 56 57 58 59 60 61 62 63 64 65 66
(56,*) 0 1 2 3 4 5 6 7 8 9 10 11 12 13 14 15 16 17 18 19 37 38 39 40 41 42 43 44 45 46 47 48 49 50 51 52 53 54 55 57 58 59 60 61 62 63 64 65 66
(57,*) 0 1 2 3 4 5 6 7 8 9 10 11 12 13 14 15 16 17 18 19 37 38 39 40 41 42 43 44 45 46 47 48 49 50 51 52 53 54 55 56 58 59 60 61 62 63 64 65 66
(58,*) 0 1 2 3 4 5 6 7 8 9 10 11 12 13 14 15 16 17 18 19 37 38 39 40 41 42 43 44 45 46 47 48 49 50 51 52 53 54 55 56 57 59 60 61 62 63 64 65 66
(59,*) 0 1 2 3 4 5 6 7 8 9 10 11 12 13 14 15 16 17 18 19 37 38 39 40 41 42 43 44 45 46 47 48 49 50 51 52 53 54 55 56 57 58 60 61 62 63 64 65 66
(60,*) 0 1 2 3 4 5 6 7 8 9 10 11 12 13 14 15 16 17 18 19 37 38 39 40 41 42 43 44 45 46 47 48 49 50 51 52 53 54 55 56 57 58 59 61 62 63 64 65 66
(61,*) 0 1 2 3 4 5 6 7 8 9 10 11 12 13 14 15 16 17 18 19 37 38 39 40 41 42 43 44 45 46 47 48 49 50 51 52 53 54 55 56 57 58 59 60 62 63 64 65 66
(62,*) 0 1 2 3 4 5 6 7 8 9 10 11 12 13 14 15 16 17 18 19 37 38 39 40 41 42 43 44 45 46 47 48 49 50 51 52 53 54 55 56 57 58 59 60 61 63 64 65 66
(63,*) 0 1 2 3 4 5 6 7 8 9 10 11 12 13 14 15 16 17 18 19 37 38 39 40 41 42 43 44 45 46 47 48 49 50 51 52 53 54 55 56 57 58 59 60 61 62 64 65 66
(64,*) 0 1 2 3 4 5 6 7 8 9 10 11 12 13 14 15 16 17 18 19 37 38 39 40 41 42 43 44 45 46 47 48 49 50 51 52 53 54 55 56 57 58 59 60 61 62 63 65 66
(65,*) 0 1 2 3 4 5 6 7 8 9 10 11 12 13 14 15 16 17 18 19 37 38 39 40 41 42 43 44 45 46 47 48 49 50 51 52 53 54 55 56 57 58 59 60 61 62 63 64 66
(66,*) 0 1 2 3 4 5 6 7 8 9 10 11 12 13 14 15 16 17 18 19 37 38 39 40 41 42 43 44 45 46 47 48 49 50 51 52 53 54 55 56 57 58 59 60 61 62 63 64 65
;
set A2:=
(54,*) 55
(55,*) 54
(56,*) 57
(57,*) 56
(58,*) 59
(59,*) 58
;
param BigM:=99999;
param n:= 7;
param d:=
1	24
2	10
3	3
4	4
5	20
6	2
7	5
8	15
9	9
10	7
11	6
12	8
13	2
14	18
15	9
16	19
17	22
18	10
19	5
20	9
21	17
22	2
23	8
24	12
25	23
26	23
27	2
28	23
29	18
30	2
31	4
32	19
33	3
34	4
35	6
36	36
37	15
38	19
39	17
40	20
41	16
42	19
43	23
44	12
45	13
46	16
47	2
48	13
49	14
50	21
51	13
52	18
53	9
;
param Q:=100;
param w:=
[54,*] 55 0.5
[55,*] 54 0.5
[56,*] 57 0.5
[57,*] 56 0.5
[58,*] 59 0.5
[59,*] 58 0.5
;
param V:=
[54,*] 55 98
[55,*] 54 98
[56,*] 57 88
[57,*] 56 88
[58,*] 59 87
[59,*] 58 87
;
param e:
	54	55	56	57	58	59	60	61	62	63	64	65	66:=
20	0	1	0	0	0	0	0	1	0	0	0	0	0	
21	1	0	0	0	0	1	0	0	0	0	0	0	1	
22	1	0	0	0	0	1	0	0	0	0	0	0	1	
23	0	0	1	0	0	0	1	0	0	0	0	0	0	
24	0	1	0	0	0	0	0	1	0	0	0	0	0	
25	0	1	0	0	0	0	0	1	0	0	0	0	0	
26	0	0	0	0	0	1	0	0	0	0	1	0	0	
27	1	0	0	0	0	1	0	0	1	0	1	0	1	
28	0	1	1	0	0	0	1	0	0	0	0	0	0	
29	1	0	0	0	0	1	0	0	0	0	0	0	1	
30	0	0	0	0	0	1	0	0	1	0	0	0	0	
31	1	0	0	0	0	0	0	0	0	0	1	0	0	
32	0	1	0	0	0	0	0	0	0	1	0	0	0	
33	0	0	0	1	0	0	0	0	0	1	0	0	0	
34	0	0	0	0	1	0	1	0	0	0	0	0	0	
35	0	0	0	1	0	0	0	1	0	1	0	1	0	
36	0	0	1	0	1	0	0	0	0	1	0	0	0	
37	0	0	1	0	0	0	0	0	0	0	0	0	1	
38	0	0	0	1	0	0	1	0	1	1	1	0	0	
39	0	1	0	0	0	0	0	0	0	0	0	1	0	
40	0	0	1	0	1	0	0	0	0	0	0	0	1	
41	0	0	0	0	0	1	1	0	1	0	1	0	0	
42	0	1	0	0	0	0	1	0	0	0	0	0	0	
43	0	0	1	0	1	0	0	0	0	0	0	1	0	
44	0	0	0	1	0	0	0	1	0	0	0	1	0	
45	0	1	0	0	0	0	0	1	0	1	0	1	0	
46	0	0	0	0	0	1	1	0	1	0	1	0	1	
47	0	0	0	1	0	0	0	0	0	1	1	1	0	
48	0	1	0	0	0	0	0	1	0	0	0	1	0	
49	0	0	0	1	0	0	0	1	0	1	0	1	0	
50	0	0	1	0	1	0	0	0	1	0	0	0	0	
51	0	1	0	0	0	0	0	1	0	0	0	0	0	
52	1	0	0	0	0	1	0	0	0	0	0	0	1	
53	0	0	0	1	0	1	1	0	0	0	0	0	0	
;
param p:=
1	3
2	3
3	3
4	3
5	3
6	3
7	3
;
param G:=
54	98
55	73
56	85
57	88
58	87
59	70
60	77
61	70
62	83
63	94
64	86
65	98
66	88
;
param s:=
0	0
1	10
2	10
3	10
4	10
5	10
6	10
7	10
8	10
9	10
10	10
11	10
12	10
13	10
14	10
15	10
16	10
17	10
18	10
19	10
37	10
38	10
39	10
40	10
41	10
42	10
43	10
44	10
45	10
46	10
47	10
48	10
49	10
50	10
51	10
52	10
53	10
54	10
55	10
56	10
57	10
58	10
59	10
60	10
61	10
62	10
63	10
64	10
65	10
66	10
;
param t:
	0	1	2	3	4	5	6	7	8	9	10	11	12	13	14	15	16	17	18	19	20	21	22	23	24	25	26	27	28	29	30	31	32	33	34	35	36	37	38	39	40	41	42	43	44	45	46	47	48	49	50	51	52	53	54	55	56	57	58	59	60	61	62	63	64	65	66:=
0	0.0	53.67	31.62	58.24	33.53	60.17	28.07	24.41	54.04	67.05	12.17	96.66	86.58	31.05	70.11	37.2	6.0	60.53	35.38	62.61	68.12	10.0	27.86	63.15	71.22	62.48	19.7	25.61	89.82	22.36	29.12	51.61	95.41	48.08	68.35	51.88	80.62	88.81	36.06	88.59	82.39	38.83	87.66	93.15	71.02	64.4	34.0	37.74	80.0	62.77	78.03	98.41	39.45	11.66	32.76	91.71	83.1	37.36	84.53	14.21	46.53	68.68	39.85	46.01	35.51	62.29	37.7
1	53.67	0.0	30.07	40.79	21.26	12.81	46.17	29.73	90.55	16.49	61.61	75.47	40.5	67.2	29.73	26.68	48.37	93.04	22.0	82.46	68.12	44.94	38.05	38.63	68.47	64.0	43.86	29.12	58.0	38.21	25.61	8.49	82.46	77.82	16.0	74.0	46.69	53.81	38.63	72.5	37.58	18.87	70.68	42.0	84.59	62.13	19.7	46.82	73.76	79.62	39.7	89.2	29.73	54.04	41.77	72.07	40.31	71.02	35.9	41.11	17.12	75.03	15.62	60.44	22.2	66.03	35.74
2	31.62	30.07	0.0	56.64	21.26	41.23	16.12	12.17	81.58	46.39	42.94	96.21	69.86	56.89	56.46	5.66	28.64	86.58	8.25	82.61	77.82	21.63	8.0	58.14	79.65	72.5	34.0	10.2	82.68	10.0	20.59	24.33	99.64	72.11	46.04	72.25	71.69	79.65	41.23	90.69	66.48	26.91	89.2	72.03	88.29	72.47	15.62	48.08	87.13	81.22	66.21	104.86	8.25	37.95	12.53	91.92	68.62	62.51	65.76	17.49	33.84	81.93	24.41	61.39	26.25	73.54	9.85
3	58.24	40.79	56.64	0.0	35.38	32.06	69.66	46.86	66.03	36.88	58.14	40.0	39.7	50.0	24.41	57.2	52.5	65.12	50.0	48.83	28.28	55.46	62.29	7.21	28.0	25.3	38.83	48.17	32.06	58.41	36.88	48.08	43.27	51.61	40.79	43.86	24.74	32.25	22.36	34.06	35.38	30.0	32.56	52.5	47.54	22.36	41.23	24.33	32.98	44.94	26.08	49.19	61.61	50.36	68.59	35.47	33.6	50.16	41.87	54.2	25.08	36.4	33.29	30.81	30.41	27.86	66.07
4	33.53	21.26	21.26	35.38	0.0	26.68	34.99	12.65	70.68	33.53	40.5	75.07	54.0	46.65	38.47	22.36	27.86	74.0	15.23	66.12	57.58	26.08	27.2	37.2	59.09	52.5	22.8	13.42	62.61	24.17	4.47	22.36	78.41	58.82	34.93	56.57	52.0	60.17	22.09	69.43	50.04	6.32	67.94	59.67	70.26	52.0	6.32	30.0	66.24	64.0	47.54	83.76	26.83	32.8	33.3	70.72	51.35	50.99	51.35	23.02	14.32	62.59	6.32	44.01	5.0	53.85	30.81
5	60.17	12.81	41.23	32.06	26.68	0.0	57.27	38.05	89.64	7.21	66.21	63.53	28.64	67.94	16.97	38.63	54.41	90.97	32.98	78.0	60.3	52.61	49.03	28.28	60.03	56.89	46.65	38.0	45.34	48.17	31.05	21.26	71.47	76.03	10.0	70.71	34.06	41.04	36.88	61.35	25.3	21.54	59.46	32.98	78.59	54.33	28.0	44.41	64.28	74.67	26.91	78.59	42.05	58.14	53.45	60.42	27.73	70.77	25.0	49.25	15.0	68.07	20.4	56.82	25.08	59.23	47.93
6	28.07	46.17	16.12	69.66	34.99	57.27	0.0	22.8	82.0	62.51	40.2	109.64	85.91	58.31	72.11	20.1	28.28	88.2	24.33	87.93	87.66	20.4	8.25	72.11	90.0	82.1	39.4	21.63	97.53	11.31	32.8	40.05	111.73	74.97	62.13	77.2	86.76	94.85	51.22	103.32	82.46	41.18	101.98	88.09	95.08	82.8	30.46	56.6	98.08	87.32	81.71	116.28	18.97	38.21	6.4	105.12	84.48	64.5	81.88	18.38	48.75	90.43	39.4	68.45	39.66	82.68	13.89
7	24.41	29.73	12.17	46.86	12.65	38.05	22.8	0.0	70.34	44.41	34.06	86.83	66.12	45.61	50.99	16.12	19.8	74.97	11.66	70.46	66.24	15.23	15.62	49.4	68.26	60.83	22.09	2.0	75.15	11.66	10.0	27.2	89.2	60.3	45.12	60.13	64.62	72.8	29.53	80.62	62.29	18.97	79.25	70.71	76.16	61.06	10.2	36.06	76.03	69.05	60.17	94.02	20.0	27.78	22.2	82.33	63.79	50.99	63.03	11.4	26.93	70.01	18.11	49.24	17.0	61.74	21.84
8	54.04	90.55	81.58	66.03	70.68	89.64	82.0	70.34	0.0	96.54	42.19	87.13	105.6	24.74	89.38	86.35	54.15	8.49	81.61	26.08	50.99	62.13	80.4	73.24	54.92	48.08	48.7	72.28	93.23	74.43	67.23	93.04	78.03	14.42	99.64	23.41	89.55	95.71	52.8	76.94	101.21	71.69	77.28	117.59	36.5	52.5	75.39	45.34	62.29	30.0	92.09	76.24	89.82	44.18	86.15	82.38	99.62	19.7	107.06	65.38	75.21	44.1	75.18	35.23	68.48	45.61	89.81
9	67.05	16.49	46.39	36.88	33.53	7.21	62.51	44.41	96.54	0.0	73.35	64.62	24.17	75.07	17.09	43.17	61.35	97.65	38.21	84.1	65.12	59.23	54.33	32.06	64.5	62.1	53.85	44.18	44.94	54.0	37.95	24.17	73.76	82.8	4.0	77.18	34.0	40.0	43.86	63.56	21.63	28.64	61.61	26.31	84.12	59.23	34.23	51.22	68.0	80.62	26.08	81.22	46.17	65.3	58.25	61.98	24.84	77.79	19.42	55.73	22.2	73.25	27.2	63.29	32.2	64.56	52.2
10	12.17	61.61	42.94	58.14	40.5	66.21	40.2	34.06	42.19	73.35	0.0	94.25	90.71	20.59	73.76	48.37	14.42	49.03	45.61	53.25	62.77	21.54	39.85	64.0	66.24	57.31	20.4	35.61	90.2	34.18	36.06	60.83	91.24	37.58	75.18	42.8	82.02	90.0	36.0	85.44	86.35	44.72	84.76	98.79	62.48	59.93	42.52	34.93	75.18	54.04	80.62	93.3	50.99	8.25	44.91	89.19	86.49	26.83	89.49	25.5	51.62	61.85	46.65	39.66	41.15	56.6	49.65
11	96.66	75.47	96.21	40.0	75.07	63.53	109.64	86.83	87.13	64.62	94.25	0.0	50.04	80.62	47.54	96.21	91.24	82.46	89.11	62.1	36.22	95.02	102.18	38.21	32.25	40.0	76.97	88.09	22.0	98.41	76.84	83.76	14.42	74.24	68.35	64.28	31.05	28.0	60.83	10.2	48.37	69.31	10.0	64.03	53.85	36.06	80.62	59.46	25.3	57.72	39.29	22.36	100.5	87.32	108.37	5.1	44.28	78.1	56.22	94.03	63.03	43.42	72.14	57.31	70.18	42.05	105.36
12	86.58	40.5	69.86	39.7	54.0	28.64	85.91	66.12	105.6	24.17	90.71	50.04	0.0	87.66	17.09	67.05	80.62	104.8	61.61	87.86	63.81	80.02	77.67	32.56	61.77	62.8	70.34	66.27	28.07	76.66	58.03	48.33	62.29	91.21	26.08	83.55	20.88	22.09	56.46	52.61	4.47	48.04	50.64	14.56	84.88	58.82	56.32	61.77	62.03	83.74	14.42	70.46	70.23	82.46	82.01	49.09	6.71	88.84	6.71	77.01	40.11	72.95	48.04	70.43	51.16	65.6	76.22
13	31.05	67.2	56.89	50.0	46.65	67.94	58.31	45.61	24.74	75.07	20.59	80.62	87.66	0.0	70.71	61.61	30.07	30.0	56.92	32.8	46.17	38.05	56.04	56.92	50.0	41.23	24.17	47.54	80.89	50.04	42.94	68.96	75.29	17.09	77.79	22.63	74.73	82.0	31.62	71.02	83.19	48.41	70.71	98.18	42.43	44.72	50.99	26.0	58.82	33.94	75.39	76.16	65.12	20.1	62.01	75.54	82.35	6.32	87.98	41.01	53.04	43.42	51.61	23.35	45.0	39.85	65.28
14	70.11	29.73	56.46	24.41	38.47	16.97	72.11	50.99	89.38	17.09	73.76	47.54	17.09	70.71	0.0	54.59	64.12	89.11	48.33	73.24	51.26	64.12	63.91	17.89	50.0	49.19	53.37	51.42	28.43	62.1	42.19	38.21	56.89	75.07	20.88	67.94	17.2	24.08	39.4	46.69	12.65	32.25	44.72	28.28	71.55	45.69	41.76	44.94	52.35	69.34	10.0	64.5	58.31	65.51	68.94	44.92	13.0	72.11	17.69	61.4	24.19	60.01	32.98	54.45	35.06	51.88	64.01
15	37.2	26.68	5.66	57.2	22.36	38.63	20.1	16.12	86.35	43.17	48.37	96.21	67.05	61.61	54.59	0.0	34.0	91.08	7.21	86.21	79.85	27.2	12.65	58.0	81.44	74.67	38.21	14.14	81.61	15.62	22.8	20.0	100.44	76.42	42.43	76.03	70.46	78.23	43.68	91.21	63.91	27.2	89.64	68.26	91.41	74.32	16.12	50.99	88.59	84.59	64.5	106.0	4.47	43.08	15.13	92.1	66.31	67.08	62.59	23.02	33.24	84.48	24.08	64.63	27.29	75.89	9.43
16	6.0	48.37	28.64	52.5	27.86	54.41	28.28	19.8	54.15	61.35	14.42	91.24	80.62	30.07	64.12	34.0	0.0	60.03	31.24	60.17	63.66	8.0	26.31	57.27	66.6	58.0	14.42	21.26	83.95	20.4	23.41	46.86	90.44	46.69	62.77	49.4	74.67	82.87	30.46	83.35	76.42	32.98	82.37	87.36	68.0	59.67	28.84	32.8	75.29	59.93	72.03	93.72	36.77	10.0	32.02	86.31	77.1	36.22	78.64	11.4	40.61	64.82	34.18	42.2	29.61	58.0	35.9
17	60.53	93.04	86.58	65.12	74.0	90.97	88.2	74.97	8.49	97.65	49.03	82.46	104.8	30.0	89.11	91.08	60.03	0.0	85.91	20.4	46.82	68.03	86.02	72.25	50.6	44.72	52.95	76.94	90.35	80.02	70.88	96.21	72.44	15.23	100.96	21.26	87.66	93.3	54.59	72.28	100.5	74.32	72.8	117.39	30.0	49.19	79.12	46.65	57.27	24.74	90.91	70.0	94.76	50.04	92.01	77.88	98.6	24.08	106.78	71.01	77.03	39.05	78.0	34.71	71.31	42.05	95.19
18	35.38	22.0	8.25	50.0	15.23	32.98	24.33	11.66	81.61	38.21	45.61	89.11	61.61	56.92	48.33	7.21	31.24	85.91	0.0	80.02	72.8	25.61	16.12	50.91	74.32	67.68	32.98	10.0	74.89	16.49	16.12	17.09	93.23	71.02	38.0	70.03	63.81	71.69	36.88	84.02	58.24	20.0	82.46	64.0	84.85	67.23	8.94	44.41	81.41	78.23	58.14	98.79	11.66	39.45	20.62	84.96	60.41	62.1	57.56	21.4	26.25	77.62	16.97	58.22	20.12	68.96	16.28
19	62.61	82.46	82.61	48.83	66.12	78.0	87.93	70.46	26.08	84.1	53.25	62.1	87.86	32.8	73.24	86.21	60.17	20.4	80.02	0.0	26.83	67.68	83.95	55.61	30.46	25.61	49.03	72.44	71.02	78.1	64.0	87.13	52.15	17.2	87.73	10.77	69.43	74.4	44.41	51.92	83.74	64.78	52.5	101.21	10.77	30.0	72.03	36.22	36.88	4.47	73.59	50.16	90.35	50.99	90.47	57.57	81.39	26.91	90.6	69.64	65.52	18.68	68.73	22.2	62.39	22.8	92.07
20	68.12	68.12	77.82	28.28	57.58	60.3	87.66	66.24	50.99	65.12	62.77	36.22	63.81	46.17	51.26	79.85	63.66	46.82	72.8	26.83	0.0	69.43	81.63	33.53	4.0	5.66	49.52	68.0	44.41	76.55	57.27	74.67	29.12	38.05	69.05	28.07	44.05	48.17	36.72	26.08	60.03	53.85	26.31	77.9	21.26	6.0	63.91	31.24	12.65	22.36	49.4	30.53	84.31	57.2	88.32	31.4	57.14	42.76	67.54	69.81	51.35	9.22	57.72	23.26	52.81	6.32	87.66
21	10.0	44.94	21.63	55.46	26.08	52.61	20.4	15.23	62.13	59.23	21.54	95.02	80.02	38.05	64.12	27.2	8.0	68.03	25.61	67.68	69.43	0.0	18.44	59.46	72.14	63.78	20.0	16.12	86.02	12.65	22.0	42.19	95.27	54.59	60.17	56.92	76.16	84.4	34.41	87.66	76.0	32.0	86.53	85.51	75.15	65.05	25.3	38.21	80.62	67.23	72.69	99.04	29.53	18.0	24.02	90.21	77.1	44.18	77.41	4.24	40.01	71.28	32.25	48.88	29.07	64.03	28.16
22	27.86	38.05	8.0	62.29	27.2	49.03	8.25	15.62	80.4	54.33	39.85	102.18	77.67	56.04	63.91	12.65	26.31	86.02	16.12	83.95	81.63	18.44	0.0	64.4	83.76	76.16	34.93	14.14	89.55	6.0	25.46	32.25	104.8	72.11	54.04	73.35	78.71	86.76	44.94	96.17	74.22	33.29	94.76	80.02	90.44	76.55	22.36	50.99	91.61	82.97	73.54	109.64	12.81	36.22	6.71	97.74	76.24	62.0	73.68	15.03	40.71	85.0	31.3	63.57	32.02	76.94	9.85
23	63.15	38.63	58.14	7.21	37.2	28.28	72.11	49.4	73.24	32.06	64.0	38.21	32.56	56.92	17.89	58.0	57.27	72.25	50.91	55.61	33.53	59.46	64.4	0.0	32.56	31.3	44.18	50.48	26.68	61.06	39.45	46.52	43.86	58.82	36.06	50.99	18.11	26.0	28.0	34.0	28.28	31.24	32.25	45.61	53.67	27.86	42.52	31.05	36.06	51.61	18.87	50.6	62.29	56.04	70.43	34.21	26.4	57.27	35.0	57.78	24.84	42.15	33.94	38.01	32.45	34.0	67.18
24	71.22	68.47	79.65	28.0	59.09	60.03	90.0	68.26	54.92	64.5	66.24	32.25	61.77	50.0	50.0	81.44	66.6	50.6	74.32	30.46	4.0	72.14	83.76	32.56	0.0	8.94	52.35	69.97	41.23	78.82	59.06	75.31	25.3	42.05	68.47	32.06	41.62	45.25	38.83	22.09	58.14	55.03	22.36	76.03	24.08	7.21	65.39	33.94	8.94	26.0	47.41	27.2	85.91	60.46	90.43	27.46	55.07	46.69	65.8	72.35	51.97	12.21	58.82	26.93	54.23	10.2	89.47
25	62.48	64.0	72.5	25.3	52.5	56.89	82.1	60.83	48.08	62.1	57.31	40.0	62.8	41.23	49.19	74.67	58.0	44.72	67.68	25.61	5.66	63.78	76.16	31.3	8.94	0.0	43.86	62.61	45.65	71.02	52.0	70.26	34.18	34.53	65.97	24.74	43.86	48.83	31.3	30.07	58.82	49.03	30.0	76.55	22.36	4.47	58.82	25.61	17.89	21.26	48.41	36.06	79.12	51.61	82.86	35.01	56.22	38.21	66.04	64.2	47.04	11.18	52.95	18.03	47.8	2.83	82.35
26	19.7	43.86	34.0	38.83	22.8	46.65	39.4	22.09	48.7	53.85	20.4	76.97	70.34	24.17	53.37	38.21	14.42	52.95	32.98	49.03	49.52	20.0	34.93	44.18	52.35	43.86	0.0	24.08	70.71	29.12	18.87	44.94	76.03	38.21	56.04	38.47	62.03	70.11	16.49	68.96	65.97	25.61	68.0	78.79	55.71	45.34	26.83	18.44	60.96	48.08	60.3	79.4	42.05	12.17	41.48	72.01	66.1	29.12	69.29	21.02	31.76	51.31	28.28	29.07	22.02	44.05	43.19
27	25.61	29.12	10.2	48.17	13.42	38.0	21.63	2.0	72.28	44.18	35.61	88.09	66.27	47.54	51.42	14.14	21.26	76.94	10.0	72.44	68.0	16.12	14.14	50.48	69.97	62.61	24.08	0.0	76.03	10.77	11.31	26.08	90.69	62.29	44.72	62.13	65.39	73.54	31.3	82.02	62.51	19.7	80.62	70.46	78.1	62.77	10.0	37.95	77.67	71.02	60.73	95.6	18.0	29.53	20.62	83.63	64.13	52.95	63.0	12.08	27.51	71.87	18.44	51.2	18.03	63.56	19.92
28	89.82	58.0	82.68	32.06	62.61	45.34	97.53	75.15	93.23	44.94	90.2	22.0	28.07	80.89	28.43	81.61	83.95	90.35	74.89	71.02	44.41	86.02	89.55	26.68	41.23	45.65	70.71	76.03	0.0	86.76	65.39	66.48	34.93	79.12	48.37	69.86	11.31	6.0	54.33	26.0	26.68	56.36	24.17	42.05	65.3	41.18	67.23	56.04	38.42	66.57	18.87	43.17	85.6	82.39	95.19	21.59	22.56	80.05	34.37	84.15	48.88	53.41	58.31	59.2	58.18	48.37	91.02
29	22.36	38.21	10.0	58.41	24.17	48.17	11.31	11.66	74.43	54.0	34.18	98.41	76.66	50.04	62.1	15.62	20.4	80.02	16.49	78.1	76.55	12.65	6.0	61.06	78.82	71.02	29.12	10.77	86.76	0.0	21.63	33.53	100.42	66.12	54.15	67.47	76.16	84.31	40.0	92.02	72.99	30.46	90.69	80.1	84.76	71.61	20.4	45.65	86.83	77.2	71.47	105.0	17.2	30.27	12.37	93.86	74.73	56.0	73.11	9.06	38.28	79.61	29.12	57.94	28.65	71.69	15.52
30	29.12	25.61	20.59	36.88	4.47	31.05	32.8	10.0	67.23	37.95	36.06	76.84	58.03	42.94	42.19	22.8	23.41	70.88	16.12	64.0	57.27	22.0	25.46	39.45	59.06	52.0	18.87	11.31	65.39	21.63	0.0	26.08	79.4	55.79	39.4	54.15	55.03	63.25	20.88	70.71	54.0	10.0	69.31	64.03	68.73	51.88	8.25	28.28	66.57	62.13	50.99	84.4	27.2	28.43	31.89	72.35	55.15	47.54	55.58	19.24	18.03	61.68	10.77	42.11	7.28	53.14	30.41
31	51.61	8.49	24.33	48.08	22.36	21.26	40.05	27.2	93.04	24.17	60.83	83.76	48.33	68.96	38.21	20.0	46.86	96.21	17.09	87.13	74.67	42.19	32.25	46.52	75.31	70.26	44.94	26.08	66.48	33.53	26.08	0.0	90.38	80.99	22.8	78.1	55.17	62.29	42.76	80.5	45.65	22.36	78.71	48.37	90.09	68.73	18.44	50.99	81.04	84.59	48.17	96.93	22.36	53.81	35.06	80.26	48.55	73.35	43.32	38.08	23.35	81.1	18.44	64.94	25.0	72.11	28.44
32	95.41	82.46	99.64	43.27	78.41	71.47	111.73	89.2	78.03	73.76	91.24	14.42	62.29	75.29	56.89	100.44	90.44	72.44	93.23	52.15	29.12	95.27	104.8	43.86	25.3	34.18	76.03	90.69	34.93	100.42	79.4	90.38	0.0	66.27	77.67	56.32	42.0	40.79	60.96	10.2	60.03	73.24	12.17	76.66	42.76	31.3	84.4	57.69	16.49	48.04	50.04	8.25	104.86	85.09	111.29	13.34	56.08	71.81	68.07	94.92	68.1	34.01	76.55	52.2	73.41	35.44	109.2
33	48.08	77.82	72.11	51.61	58.82	76.03	74.97	60.3	14.42	82.8	37.58	74.24	91.21	17.09	75.07	76.42	46.69	15.23	71.02	17.2	38.05	54.59	72.11	58.82	42.05	34.53	38.21	62.29	79.12	66.12	55.79	80.99	66.27	0.0	86.02	10.0	75.18	81.44	39.45	64.12	86.83	59.09	64.28	103.32	27.78	38.83	64.03	31.62	50.04	19.7	77.67	65.51	80.22	36.88	78.31	69.35	85.21	10.77	92.76	57.22	61.91	32.39	62.77	20.81	56.08	32.25	81.0
34	68.35	16.0	46.04	40.79	34.93	10.0	62.13	45.12	99.64	4.0	75.18	68.35	26.08	77.79	20.88	42.43	62.77	100.96	38.0	87.73	69.05	60.17	54.04	36.06	68.47	65.97	56.04	44.72	48.37	54.15	39.4	22.8	77.67	86.02	0.0	80.62	37.58	43.27	46.86	67.47	24.08	30.53	65.51	26.0	87.93	63.15	34.93	54.41	72.0	84.31	29.53	85.16	45.12	67.23	57.56	65.8	27.59	80.72	20.62	56.52	24.76	77.13	28.64	66.73	34.13	68.41	51.2
35	51.88	74.0	72.25	43.86	56.57	70.71	77.2	60.13	23.41	77.18	42.8	64.28	83.55	22.63	67.94	76.03	49.4	21.26	70.03	10.77	28.07	56.92	73.35	50.99	32.06	24.74	38.47	62.13	69.86	67.47	54.15	78.1	56.32	10.0	80.62	0.0	66.57	72.47	35.44	54.15	79.25	55.79	54.33	96.21	19.8	29.12	62.29	27.2	40.05	11.31	69.66	55.79	80.1	40.25	79.83	59.41	77.34	17.2	85.59	58.94	57.38	22.56	59.67	13.89	53.15	22.36	81.61
36	80.62	46.69	71.69	24.74	52.0	34.06	86.76	64.62	89.55	34.0	82.02	31.05	20.88	74.73	17.2	70.46	74.67	87.66	63.81	69.43	44.05	76.16	78.71	18.11	41.62	43.86	62.03	65.39	11.31	76.16	55.03	55.17	42.0	75.18	37.58	66.57	0.0	8.25	46.04	32.06	18.11	45.69	30.07	35.44	65.3	39.6	56.36	49.03	41.23	65.12	8.25	50.04	74.4	74.0	84.22	29.15	14.32	74.67	26.17	74.04	38.01	53.26	47.41	54.56	47.76	46.69	79.88
37	88.81	53.81	79.65	32.25	60.17	41.04	94.85	72.8	95.71	40.0	90.0	28.0	22.09	82.0	24.08	78.23	82.87	93.3	71.69	74.4	48.17	84.4	86.76	26.0	45.25	48.83	70.11	73.54	6.0	84.31	63.25	62.29	40.79	81.44	43.27	72.47	8.25	0.0	54.0	31.62	20.88	53.85	29.73	36.06	69.31	44.41	64.4	56.57	43.27	70.0	14.14	49.03	82.1	82.02	92.18	27.46	16.76	81.61	28.44	82.28	46.1	57.31	55.46	61.1	55.97	51.61	87.66
38	36.06	38.63	41.23	22.36	22.09	36.88	51.22	29.53	52.8	43.86	36.0	60.83	56.46	31.62	39.4	43.68	30.46	54.59	36.88	44.41	36.72	34.41	44.94	28.0	38.83	31.3	16.49	31.3	54.33	40.0	20.88	42.76	60.96	39.45	46.86	35.44	46.04	54.0	0.0	53.25	52.0	20.4	52.15	66.57	48.17	31.62	28.28	8.25	46.86	42.05	45.12	65.12	48.08	28.07	51.62	55.95	51.55	33.94	56.44	33.97	22.47	40.8	24.33	22.2	18.03	32.31	51.08
39	88.59	72.5	90.69	34.06	69.43	61.35	103.32	80.62	76.94	63.56	85.44	10.2	52.61	71.02	46.69	91.21	83.35	72.28	84.02	51.92	26.08	87.66	96.17	34.0	22.09	30.07	68.96	82.02	26.0	92.02	70.71	80.5	10.2	64.12	67.47	54.15	32.06	31.62	53.25	0.0	50.16	64.03	2.0	67.08	43.86	26.31	75.29	50.99	15.23	47.54	40.0	18.0	95.6	78.79	102.55	5.83	46.27	68.26	58.22	87.01	58.52	33.24	67.2	47.68	64.44	32.0	100.12
40	82.39	37.58	66.48	35.38	50.04	25.3	82.46	62.29	101.21	21.63	86.35	48.37	4.47	83.19	12.65	63.91	76.42	100.5	58.24	83.74	60.03	76.0	74.22	28.28	58.14	58.82	65.97	62.51	26.68	72.99	54.0	45.65	60.03	86.83	24.08	79.25	18.11	20.88	52.0	50.16	0.0	44.0	48.17	17.89	80.99	54.92	52.61	57.31	58.82	79.65	10.77	68.12	67.23	78.1	78.75	47.01	4.12	84.38	8.06	73.06	36.01	69.12	44.18	66.07	47.04	61.61	73.16
41	38.83	18.87	26.91	30.0	6.32	21.54	41.18	18.97	71.69	28.64	44.72	69.31	48.04	48.41	32.25	27.2	32.98	74.32	20.0	64.78	53.85	32.0	33.29	31.24	55.03	49.03	25.61	19.7	56.36	30.46	10.0	22.36	73.24	59.09	30.53	55.79	45.69	53.85	20.4	64.03	44.0	0.0	62.48	54.41	68.0	48.08	11.31	28.64	61.74	62.29	41.23	78.89	31.62	36.72	39.2	65.07	45.18	52.15	45.71	29.15	8.06	59.54	4.0	42.58	3.61	50.64	36.12
42	87.66	70.68	89.2	32.56	67.94	59.46	101.98	79.25	77.28	61.61	84.76	10.0	50.64	70.71	44.72	89.64	82.37	72.8	82.46	52.5	26.31	86.53	94.76	32.25	22.36	30.0	68.0	80.62	24.17	90.69	69.31	78.71	12.17	64.28	65.51	54.33	30.07	29.73	52.15	2.0	48.17	62.48	0.0	65.12	44.72	26.08	73.76	50.16	16.12	48.08	38.0	20.0	94.02	78.0	101.12	5.1	44.28	68.12	56.22	85.8	56.86	33.84	65.6	47.38	62.97	32.06	98.6
43	93.15	42.0	72.03	52.5	59.67	32.98	88.09	70.71	117.59	26.31	98.79	64.03	14.56	98.18	28.28	68.26	87.36	117.39	64.0	101.21	77.9	85.51	80.02	45.61	76.03	76.55	78.79	70.46	42.05	80.1	64.03	48.37	76.66	103.32	26.0	96.21	35.44	36.06	66.57	67.08	17.89	54.41	65.12	0.0	98.79	72.72	60.53	72.8	76.55	97.2	28.64	84.85	70.71	90.62	83.38	63.39	21.19	100.0	10.63	82.04	47.17	86.95	53.37	82.73	57.87	79.32	76.79
44	71.02	84.59	88.29	47.54	70.26	78.59	95.08	76.16	36.5	84.12	62.48	53.85	84.88	42.43	71.55	91.41	68.0	30.0	84.85	10.77	21.26	75.15	90.44	53.67	24.08	22.36	55.71	78.1	65.3	84.76	68.73	90.09	42.76	27.78	87.93	19.8	65.3	69.31	48.17	43.86	80.99	68.0	44.72	98.79	0.0	26.08	76.42	40.45	28.64	8.49	70.46	40.0	95.71	59.36	97.08	49.66	78.24	36.88	88.32	76.69	67.48	12.04	72.0	26.93	66.07	19.7	97.98
45	64.4	62.13	72.47	22.36	52.0	54.33	82.8	61.06	52.5	59.23	59.93	36.06	58.82	44.72	45.69	74.32	59.67	49.19	67.23	30.0	6.0	65.05	76.55	27.86	7.21	4.47	45.34	62.77	41.18	71.61	51.88	68.73	31.3	38.83	63.15	29.12	39.6	44.41	31.62	26.31	54.92	48.08	26.08	72.72	26.08	0.0	58.31	26.91	15.62	25.61	44.41	34.06	78.79	53.85	83.22	31.02	52.2	42.05	62.27	65.19	45.4	14.32	51.92	21.38	47.17	7.21	82.3
46	34.0	19.7	15.62	41.23	6.32	28.0	30.46	10.2	75.39	34.23	42.52	80.62	56.32	50.99	41.76	16.12	28.84	79.12	8.94	72.03	63.91	25.3	22.36	42.52	65.39	58.82	26.83	10.0	67.23	20.4	8.25	18.44	84.4	64.03	34.93	62.29	56.36	64.4	28.28	75.29	52.61	11.31	73.76	60.53	76.42	58.31	0.0	36.06	72.47	70.03	51.26	89.89	20.59	35.38	28.02	76.38	54.34	55.71	53.0	21.59	18.36	68.88	8.94	50.01	11.18	60.17	24.84
47	37.74	46.82	48.08	24.33	30.0	44.41	56.6	36.06	45.34	51.22	34.93	59.46	61.77	26.0	44.94	50.99	32.8	46.65	44.41	36.22	31.24	38.21	50.99	31.05	33.94	25.61	18.44	37.95	56.04	45.65	28.28	50.99	57.69	31.62	54.41	27.2	49.03	56.57	8.25	50.99	57.31	28.64	50.16	72.8	40.45	26.91	36.06	0.0	42.52	34.0	49.4	60.96	55.32	27.86	57.7	54.42	56.36	27.2	62.43	38.6	30.41	34.01	32.56	14.04	26.17	26.08	57.87
48	80.0	73.76	87.13	32.98	66.24	64.28	98.08	76.03	62.29	68.0	75.18	25.3	62.03	58.82	52.35	88.59	75.29	57.27	81.41	36.88	12.65	80.62	91.61	36.06	8.94	17.89	60.96	77.67	38.42	86.83	66.57	81.04	16.49	50.04	72.0	40.05	41.23	43.27	46.86	15.23	58.82	61.74	16.12	76.55	28.64	15.62	72.47	42.52	0.0	32.56	48.08	18.44	93.06	69.34	98.23	21.02	55.36	55.32	66.76	80.66	57.87	18.25	65.39	35.85	61.29	18.97	96.9
49	62.77	79.62	81.22	44.94	64.0	74.67	87.32	69.05	30.0	80.62	54.04	57.72	83.74	33.94	69.34	84.59	59.93	24.74	78.23	4.47	22.36	67.23	82.97	51.61	26.0	21.26	48.08	71.02	66.57	77.2	62.13	84.59	48.04	19.7	84.31	11.31	65.12	70.0	42.05	47.54	79.65	62.29	48.08	97.2	8.49	25.61	70.03	34.0	32.56	0.0	69.43	46.39	88.81	51.11	89.56	53.16	77.23	28.43	86.61	68.95	62.59	14.32	66.27	20.02	60.07	18.44	90.8
50	78.03	39.7	66.21	26.08	47.54	26.91	81.71	60.17	92.09	26.08	80.62	39.29	14.42	75.39	10.0	64.5	72.03	90.91	58.14	73.59	49.4	72.69	73.54	18.87	47.41	48.41	60.3	60.73	18.87	71.47	50.99	48.17	50.04	77.67	29.53	69.66	8.25	14.14	45.12	40.0	10.77	41.23	38.0	28.64	70.46	44.41	51.26	49.4	48.08	69.43	0.0	58.0	68.26	72.44	78.72	37.34	7.81	76.03	18.68	70.21	33.24	58.52	42.38	56.86	43.74	51.22	73.93
51	98.41	89.2	104.86	49.19	83.76	78.59	116.28	94.02	76.24	81.22	93.3	22.36	70.46	76.16	64.5	106.0	93.72	70.0	98.79	50.16	30.53	99.04	109.64	50.6	27.2	36.06	79.4	95.6	43.17	105.0	84.4	96.93	8.25	65.51	85.16	55.79	50.04	49.03	65.12	18.0	68.12	78.89	20.0	84.85	40.0	34.06	89.89	60.96	18.44	46.39	58.0	0.0	110.45	87.66	116.21	21.59	64.2	72.11	76.16	99.01	74.25	33.24	82.37	53.71	78.77	36.72	114.55
52	39.45	29.73	8.25	61.61	26.83	42.05	18.97	20.0	89.82	46.17	50.99	100.5	70.23	65.12	58.31	4.47	36.77	94.76	11.66	90.35	84.31	29.53	12.81	62.29	85.91	79.12	42.05	18.0	85.6	17.2	27.2	22.36	104.86	80.22	45.12	80.1	74.4	82.1	48.08	95.6	67.23	31.62	94.02	70.71	95.71	78.79	20.59	55.32	93.06	88.81	68.26	110.45	0.0	46.17	13.15	96.43	69.78	70.71	65.52	25.5	37.48	88.89	28.43	68.88	31.76	80.32	6.08
53	11.66	54.04	37.95	50.36	32.8	58.14	38.21	27.78	44.18	65.3	8.25	87.32	82.46	20.1	65.51	43.08	10.0	50.04	39.45	50.99	57.2	18.0	36.22	56.04	60.46	51.61	12.17	29.53	82.39	30.27	28.43	53.81	85.09	36.88	67.23	40.25	74.0	82.02	28.07	78.79	78.1	36.72	78.0	90.62	59.36	53.85	35.38	27.86	69.34	51.11	72.44	87.66	46.17	0.0	42.01	82.28	78.26	26.31	81.27	21.21	43.46	57.28	38.83	34.66	33.12	51.22	45.71
54	32.76	41.77	12.53	68.59	33.3	53.45	6.4	22.2	86.15	58.25	44.91	108.37	82.01	62.01	68.94	15.13	32.02	92.01	20.62	90.47	88.32	24.02	6.71	70.43	90.43	82.86	41.48	20.62	95.19	12.37	31.89	35.06	111.29	78.31	57.56	79.83	84.22	92.18	51.62	102.55	78.75	39.2	101.12	83.38	97.08	83.22	28.02	57.7	98.23	89.56	78.72	116.21	13.15	42.01	0.0	104.0	80.99	68.07	77.67	21.1	46.32	91.71	36.89	70.23	38.21	83.65	7.62
55	91.71	72.07	91.92	35.47	70.72	60.42	105.12	82.33	82.38	61.98	89.19	5.1	49.09	75.54	44.92	92.1	86.31	77.88	84.96	57.57	31.4	90.21	97.74	34.21	27.46	35.01	72.01	83.63	21.59	93.86	72.35	80.26	13.34	69.35	65.8	59.41	29.15	27.46	55.95	5.83	47.01	65.07	5.1	63.39	49.66	31.02	76.38	54.42	21.02	53.16	37.34	21.59	96.43	82.28	104.0	0.0	43.0	73.06	55.0	89.31	59.03	38.9	68.01	52.24	65.8	37.12	101.18
56	83.1	40.31	68.62	33.6	51.35	27.73	84.48	63.79	99.62	24.84	86.49	44.28	6.71	82.35	13.0	66.31	77.1	98.6	60.41	81.39	57.14	77.1	76.24	26.4	55.07	56.22	66.1	64.13	22.56	74.73	55.15	48.55	56.08	85.21	27.59	77.34	14.32	16.76	51.55	46.27	4.12	45.18	44.28	21.19	78.24	52.2	54.34	56.36	55.36	77.23	7.81	64.2	69.78	78.26	80.99	43.0	0.0	83.24	12.0	74.33	37.12	66.29	45.71	64.4	48.04	59.03	75.64
57	37.36	71.02	62.51	50.16	50.99	70.77	64.5	50.99	19.7	77.79	26.83	78.1	88.84	6.32	72.11	67.08	36.22	24.08	62.1	26.91	42.76	44.18	62.0	57.27	46.69	38.21	29.12	52.95	80.05	56.0	47.54	73.35	71.81	10.77	80.72	17.2	74.67	81.61	33.94	68.26	84.38	52.15	68.12	100.0	36.88	42.05	55.71	27.2	55.32	28.43	76.03	72.11	70.71	26.31	68.07	73.06	83.24	0.0	89.63	47.01	56.08	39.0	55.57	21.1	48.88	36.5	71.11
58	84.53	35.9	65.76	41.87	51.35	25.0	81.88	63.03	107.06	19.42	89.49	56.22	6.71	87.98	17.69	62.59	78.64	106.78	57.56	90.6	67.54	77.41	73.68	35.0	65.8	66.04	69.29	63.0	34.37	73.11	55.58	43.32	68.07	92.76	20.62	85.59	26.17	28.44	56.44	58.22	8.06	45.71	56.22	10.63	88.32	62.27	53.0	62.43	66.76	86.61	18.68	76.16	65.52	81.27	77.67	55.0	12.0	89.63	0.0	74.17	38.08	76.54	45.18	72.14	49.03	68.8	71.57
59	14.21	41.11	17.49	54.2	23.02	49.25	18.38	11.4	65.38	55.73	25.5	94.03	77.01	41.01	61.4	23.02	11.4	71.01	21.4	69.64	69.81	4.24	15.03	57.78	72.35	64.2	21.02	12.08	84.15	9.06	19.24	38.08	94.92	57.22	56.52	58.94	74.04	82.28	33.97	87.01	73.06	29.15	85.8	82.04	76.69	65.19	21.59	38.6	80.66	68.95	70.21	99.01	25.5	21.21	21.1	89.31	74.33	47.01	74.17	0.0	37.22	72.2	29.02	50.09	26.48	64.64	24.52
60	46.53	17.12	33.84	25.08	14.32	15.0	48.75	26.93	75.21	22.2	51.62	63.03	40.11	53.04	24.19	33.24	40.61	77.03	26.25	65.52	51.35	40.01	40.71	24.84	51.97	47.04	31.76	27.51	48.88	38.28	18.03	23.35	68.1	61.91	24.76	57.38	38.01	46.1	22.47	58.52	36.01	8.06	56.86	47.17	67.48	45.4	18.36	30.41	57.87	62.59	33.24	74.25	37.48	43.46	46.32	59.03	37.12	56.08	38.08	37.22	0.0	58.0	9.43	43.66	11.05	49.0	42.52
61	68.68	75.03	81.93	36.4	62.59	68.07	90.43	70.01	44.1	73.25	61.85	43.42	72.95	43.42	60.01	84.48	64.82	39.05	77.62	18.68	9.22	71.28	85.0	42.15	12.21	11.18	51.31	71.87	53.41	79.61	61.68	81.1	34.01	32.39	77.13	22.56	53.26	57.31	40.8	33.24	69.12	59.54	33.84	86.95	12.04	14.32	68.88	34.01	18.25	14.32	58.52	33.24	88.89	57.28	91.71	38.9	66.29	39.0	76.54	72.2	58.0	0.0	63.51	22.67	58.05	9.0	91.76
62	39.85	15.62	24.41	33.29	6.32	20.4	39.4	18.11	75.18	27.2	46.65	72.14	48.04	51.61	32.98	24.08	34.18	78.0	16.97	68.73	57.72	32.25	31.3	33.94	58.82	52.95	28.28	18.44	58.31	29.12	10.77	18.44	76.55	62.77	28.64	59.67	47.41	55.46	24.33	67.2	44.18	4.0	65.6	53.37	72.0	51.92	8.94	32.56	65.39	66.27	42.38	82.37	28.43	38.83	36.89	68.01	45.71	55.57	45.18	29.02	9.43	63.51	0.0	46.53	6.71	54.59	33.24
63	46.01	60.44	61.39	30.81	44.01	56.82	68.45	49.24	35.23	63.29	39.66	57.31	70.43	23.35	54.45	64.63	42.2	34.71	58.22	22.2	23.26	48.88	63.57	38.01	26.93	18.03	29.07	51.2	59.2	57.94	42.11	64.94	52.2	20.81	66.73	13.89	54.56	61.1	22.2	47.68	66.07	42.58	47.38	82.73	26.93	21.38	50.01	14.04	35.85	20.02	56.86	53.71	68.88	34.66	70.23	52.24	64.4	21.1	72.14	50.09	43.66	22.67	46.53	0.0	40.2	17.0	71.06
64	35.51	22.2	26.25	30.41	5.0	25.08	39.66	17.0	68.48	32.2	41.15	70.18	51.16	45.0	35.06	27.29	29.61	71.31	20.12	62.39	52.81	29.07	32.02	32.45	54.23	47.8	22.02	18.03	58.18	28.65	7.28	25.0	73.41	56.08	34.13	53.15	47.76	55.97	18.03	64.44	47.04	3.61	62.97	57.87	66.07	47.17	11.18	26.17	61.29	60.07	43.74	78.77	31.76	33.12	38.21	65.8	48.04	48.88	49.03	26.48	11.05	58.05	6.71	40.2	0.0	49.24	35.81
65	62.29	66.03	73.54	27.86	53.85	59.23	82.68	61.74	45.61	64.56	56.6	42.05	65.6	39.85	51.88	75.89	58.0	42.05	68.96	22.8	6.32	64.03	76.94	34.0	10.2	2.83	44.05	63.56	48.37	71.69	53.14	72.11	35.44	32.25	68.41	22.36	46.69	51.61	32.31	32.0	61.61	50.64	32.06	79.32	19.7	7.21	60.17	26.08	18.97	18.44	51.22	36.72	80.32	51.22	83.65	37.12	59.03	36.5	68.8	64.64	49.0	9.0	54.59	17.0	49.24	0.0	83.38
66	37.7	35.74	9.85	66.07	30.81	47.93	13.89	21.84	89.81	52.2	49.65	105.36	76.22	65.28	64.01	9.43	35.9	95.19	16.28	92.07	87.66	28.16	9.85	67.18	89.47	82.35	43.19	19.92	91.02	15.52	30.41	28.44	109.2	81.0	51.2	81.61	79.88	87.66	51.08	100.12	73.16	36.12	98.6	76.79	97.98	82.3	24.84	57.87	96.9	90.8	73.93	114.55	6.08	45.71	7.62	101.18	75.64	71.11	71.57	24.52	42.52	91.76	33.24	71.06	35.81	83.38	0.0
;
