set K:= 1	2	3	4	5	6	7;
set C_H:= 1	2	3	4	5	6	7	8	9	10	11	12	13	14	15	16;
set C_S:= 17	18	19	20	21	22	23	24	25	26	27	28	29	30	31	32	33	34;
set C_F:= 35	36	37	38	39	40	41	42	43	44	45	46	47	48	49	50	51	52;
set M:= 53	54	55	56	57	58;
set L_B:= 59	60;
set A1:=
(0,*) 1 2 3 4 5 6 7 8 9 10 11 12 13 14 15 16 35 36 37 38 39 40 41 42 43 44 45 46 47 48 49 50 51 52 53 54 55 56 57 58 59 60 61
(1,*) 0 2 3 4 5 6 7 8 9 10 11 12 13 14 15 16 35 36 37 38 39 40 41 42 43 44 45 46 47 48 49 50 51 52 53 54 55 56 57 58 59 60 61
(2,*) 0 1 3 4 5 6 7 8 9 10 11 12 13 14 15 16 35 36 37 38 39 40 41 42 43 44 45 46 47 48 49 50 51 52 53 54 55 56 57 58 59 60 61
(3,*) 0 1 2 4 5 6 7 8 9 10 11 12 13 14 15 16 35 36 37 38 39 40 41 42 43 44 45 46 47 48 49 50 51 52 53 54 55 56 57 58 59 60 61
(4,*) 0 1 2 3 5 6 7 8 9 10 11 12 13 14 15 16 35 36 37 38 39 40 41 42 43 44 45 46 47 48 49 50 51 52 53 54 55 56 57 58 59 60 61
(5,*) 0 1 2 3 4 6 7 8 9 10 11 12 13 14 15 16 35 36 37 38 39 40 41 42 43 44 45 46 47 48 49 50 51 52 53 54 55 56 57 58 59 60 61
(6,*) 0 1 2 3 4 5 7 8 9 10 11 12 13 14 15 16 35 36 37 38 39 40 41 42 43 44 45 46 47 48 49 50 51 52 53 54 55 56 57 58 59 60 61
(7,*) 0 1 2 3 4 5 6 8 9 10 11 12 13 14 15 16 35 36 37 38 39 40 41 42 43 44 45 46 47 48 49 50 51 52 53 54 55 56 57 58 59 60 61
(8,*) 0 1 2 3 4 5 6 7 9 10 11 12 13 14 15 16 35 36 37 38 39 40 41 42 43 44 45 46 47 48 49 50 51 52 53 54 55 56 57 58 59 60 61
(9,*) 0 1 2 3 4 5 6 7 8 10 11 12 13 14 15 16 35 36 37 38 39 40 41 42 43 44 45 46 47 48 49 50 51 52 53 54 55 56 57 58 59 60 61
(10,*) 0 1 2 3 4 5 6 7 8 9 11 12 13 14 15 16 35 36 37 38 39 40 41 42 43 44 45 46 47 48 49 50 51 52 53 54 55 56 57 58 59 60 61
(11,*) 0 1 2 3 4 5 6 7 8 9 10 12 13 14 15 16 35 36 37 38 39 40 41 42 43 44 45 46 47 48 49 50 51 52 53 54 55 56 57 58 59 60 61
(12,*) 0 1 2 3 4 5 6 7 8 9 10 11 13 14 15 16 35 36 37 38 39 40 41 42 43 44 45 46 47 48 49 50 51 52 53 54 55 56 57 58 59 60 61
(13,*) 0 1 2 3 4 5 6 7 8 9 10 11 12 14 15 16 35 36 37 38 39 40 41 42 43 44 45 46 47 48 49 50 51 52 53 54 55 56 57 58 59 60 61
(14,*) 0 1 2 3 4 5 6 7 8 9 10 11 12 13 15 16 35 36 37 38 39 40 41 42 43 44 45 46 47 48 49 50 51 52 53 54 55 56 57 58 59 60 61
(15,*) 0 1 2 3 4 5 6 7 8 9 10 11 12 13 14 16 35 36 37 38 39 40 41 42 43 44 45 46 47 48 49 50 51 52 53 54 55 56 57 58 59 60 61
(16,*) 0 1 2 3 4 5 6 7 8 9 10 11 12 13 14 15 35 36 37 38 39 40 41 42 43 44 45 46 47 48 49 50 51 52 53 54 55 56 57 58 59 60 61
(35,*) 0 1 2 3 4 5 6 7 8 9 10 11 12 13 14 15 16 36 37 38 39 40 41 42 43 44 45 46 47 48 49 50 51 52 53 54 55 56 57 58 59 60 61
(36,*) 0 1 2 3 4 5 6 7 8 9 10 11 12 13 14 15 16 35 37 38 39 40 41 42 43 44 45 46 47 48 49 50 51 52 53 54 55 56 57 58 59 60 61
(37,*) 0 1 2 3 4 5 6 7 8 9 10 11 12 13 14 15 16 35 36 38 39 40 41 42 43 44 45 46 47 48 49 50 51 52 53 54 55 56 57 58 59 60 61
(38,*) 0 1 2 3 4 5 6 7 8 9 10 11 12 13 14 15 16 35 36 37 39 40 41 42 43 44 45 46 47 48 49 50 51 52 53 54 55 56 57 58 59 60 61
(39,*) 0 1 2 3 4 5 6 7 8 9 10 11 12 13 14 15 16 35 36 37 38 40 41 42 43 44 45 46 47 48 49 50 51 52 53 54 55 56 57 58 59 60 61
(40,*) 0 1 2 3 4 5 6 7 8 9 10 11 12 13 14 15 16 35 36 37 38 39 41 42 43 44 45 46 47 48 49 50 51 52 53 54 55 56 57 58 59 60 61
(41,*) 0 1 2 3 4 5 6 7 8 9 10 11 12 13 14 15 16 35 36 37 38 39 40 42 43 44 45 46 47 48 49 50 51 52 53 54 55 56 57 58 59 60 61
(42,*) 0 1 2 3 4 5 6 7 8 9 10 11 12 13 14 15 16 35 36 37 38 39 40 41 43 44 45 46 47 48 49 50 51 52 53 54 55 56 57 58 59 60 61
(43,*) 0 1 2 3 4 5 6 7 8 9 10 11 12 13 14 15 16 35 36 37 38 39 40 41 42 44 45 46 47 48 49 50 51 52 53 54 55 56 57 58 59 60 61
(44,*) 0 1 2 3 4 5 6 7 8 9 10 11 12 13 14 15 16 35 36 37 38 39 40 41 42 43 45 46 47 48 49 50 51 52 53 54 55 56 57 58 59 60 61
(45,*) 0 1 2 3 4 5 6 7 8 9 10 11 12 13 14 15 16 35 36 37 38 39 40 41 42 43 44 46 47 48 49 50 51 52 53 54 55 56 57 58 59 60 61
(46,*) 0 1 2 3 4 5 6 7 8 9 10 11 12 13 14 15 16 35 36 37 38 39 40 41 42 43 44 45 47 48 49 50 51 52 53 54 55 56 57 58 59 60 61
(47,*) 0 1 2 3 4 5 6 7 8 9 10 11 12 13 14 15 16 35 36 37 38 39 40 41 42 43 44 45 46 48 49 50 51 52 53 54 55 56 57 58 59 60 61
(48,*) 0 1 2 3 4 5 6 7 8 9 10 11 12 13 14 15 16 35 36 37 38 39 40 41 42 43 44 45 46 47 49 50 51 52 53 54 55 56 57 58 59 60 61
(49,*) 0 1 2 3 4 5 6 7 8 9 10 11 12 13 14 15 16 35 36 37 38 39 40 41 42 43 44 45 46 47 48 50 51 52 53 54 55 56 57 58 59 60 61
(50,*) 0 1 2 3 4 5 6 7 8 9 10 11 12 13 14 15 16 35 36 37 38 39 40 41 42 43 44 45 46 47 48 49 51 52 53 54 55 56 57 58 59 60 61
(51,*) 0 1 2 3 4 5 6 7 8 9 10 11 12 13 14 15 16 35 36 37 38 39 40 41 42 43 44 45 46 47 48 49 50 52 53 54 55 56 57 58 59 60 61
(52,*) 0 1 2 3 4 5 6 7 8 9 10 11 12 13 14 15 16 35 36 37 38 39 40 41 42 43 44 45 46 47 48 49 50 51 53 54 55 56 57 58 59 60 61
(53,*) 0 1 2 3 4 5 6 7 8 9 10 11 12 13 14 15 16 35 36 37 38 39 40 41 42 43 44 45 46 47 48 49 50 51 52 54 55 56 57 58 59 60 61
(54,*) 0 1 2 3 4 5 6 7 8 9 10 11 12 13 14 15 16 35 36 37 38 39 40 41 42 43 44 45 46 47 48 49 50 51 52 53 55 56 57 58 59 60 61
(55,*) 0 1 2 3 4 5 6 7 8 9 10 11 12 13 14 15 16 35 36 37 38 39 40 41 42 43 44 45 46 47 48 49 50 51 52 53 54 56 57 58 59 60 61
(56,*) 0 1 2 3 4 5 6 7 8 9 10 11 12 13 14 15 16 35 36 37 38 39 40 41 42 43 44 45 46 47 48 49 50 51 52 53 54 55 57 58 59 60 61
(57,*) 0 1 2 3 4 5 6 7 8 9 10 11 12 13 14 15 16 35 36 37 38 39 40 41 42 43 44 45 46 47 48 49 50 51 52 53 54 55 56 58 59 60 61
(58,*) 0 1 2 3 4 5 6 7 8 9 10 11 12 13 14 15 16 35 36 37 38 39 40 41 42 43 44 45 46 47 48 49 50 51 52 53 54 55 56 57 59 60 61
(59,*) 0 1 2 3 4 5 6 7 8 9 10 11 12 13 14 15 16 35 36 37 38 39 40 41 42 43 44 45 46 47 48 49 50 51 52 53 54 55 56 57 58 60 61
(60,*) 0 1 2 3 4 5 6 7 8 9 10 11 12 13 14 15 16 35 36 37 38 39 40 41 42 43 44 45 46 47 48 49 50 51 52 53 54 55 56 57 58 59 61
(61,*) 0 1 2 3 4 5 6 7 8 9 10 11 12 13 14 15 16 35 36 37 38 39 40 41 42 43 44 45 46 47 48 49 50 51 52 53 54 55 56 57 58 59 60
;
set A2:=
(53,*) 54
(54,*) 53
(55,*) 56
(56,*) 55
;
param BigM:=99999;
param n:= 7;
param d:=
1	2
2	10
3	1
4	2
5	5
6	1
7	13
8	30
9	14
10	10
11	26
12	22
13	3
14	23
15	25
16	18
17	7
18	16
19	3
20	18
21	9
22	15
23	12
24	20
25	2
26	8
27	25
28	26
29	13
30	18
31	22
32	2
33	6
34	3
35	20
36	2
37	19
38	13
39	23
40	8
41	4
42	24
43	17
44	7
45	21
46	2
47	18
48	6
49	23
50	3
51	22
52	2
;
param Q:=100;
param w:=
[53,*] 54 2
[54,*] 53 2
[55,*] 56 2
[56,*] 55 2
;
param V:=
[53,*] 54 88
[54,*] 53 88
[55,*] 56 77
[56,*] 55 77
;
param e:
	53	54	55	56	57	58	59	60:=
17		0		1		0		0		0		0		0		0	
18		0		1		0		0		0		1		0		1	
19		0		0		0		0		1		0		0		0	
20		0		1		1		0		0		1		0		0	
21		1		0		0		0		1		0		0		0	
22		0		1		1		0		0		1		0		0	
23		0		0		1		0		1		1		0		0	
24		0		0		0		1		0		0		1		0	
25		1		0		0		0		0		0		0		0	
26		1		0		0		0		1		0		0		0	
27		0		1		0		0		0		0		0		1	
28		0		0		1		0		0		1		0		0	
29		0		1		0		0		0		1		0		0	
30		0		0		0		0		1		1		0		0	
31		1		0		0		0		1		0		0		0	
32		0		0		1		0		0		0		0		0	
33		0		0		1		0		0		1		0		0	
34		0		0		1		0		0		1		0		0	
35		0		0		0		0		0		0		0		1	
36		0		0		0		0		1		0		0		0	
37		0		1		1		0		0		1		0		0	
38		0		1		0		0		0		0		0		1	
39		0		1		0		0		0		0		0		0	
40		0		0		1		0		0		1		0		0	
41		0		1		0		0		0		0		0		0	
42		1		0		0		0		1		0		0		0	
43		0		0		0		0		0		0		0		1	
44		0		1		0		0		0		0		0		1	
45		0		0		1		0		0		1		0		0	
46		0		1		0		0		0		1		0		1	
47		1		0		0		0		1		0		0		0	
48		1		0		0		0		1		0		1		0	
49		1		0		0		0		0		0		0		0	
50		0		0		1		0		0		0		0		0	
51		0		1		0		0		0		0		0		1	
52		0		0		1		0		1		1		0		0	
;
param p:=
1	1
2	1
3	1
4	1
5	1
6	1
7	1
;
param G:=
53	70
54	88
55	77
56	71
57	98
58	90
59	91
60	86
;
param s:=
0	0
1	10
2	10
3	10
4	10
5	10
6	10
7	10
8	10
9	10
10	10
11	10
12	10
13	10
14	10
15	10
16	10
35	10
36	10
37	10
38	10
39	10
40	10
41	10
42	10
43	10
44	10
45	10
46	10
47	10
48	10
49	10
50	10
51	10
52	10
53	10
54	10
55	10
56	10
57	10
58	10
59	10
60	10
;
param t:
	0	1	2	3	4	5	6	7	8	9	10	11	12	13	14	15	16	17	18	19	20	21	22	23	24	25	26	27	28	29	30	31	32	33	34	35	36	37	38	39	40	41	42	43	44	45	46	47	48	49	50	51	52	53	54	55	56	57	58	59	60	61:=
0	0.0	11.4	18.03	22.47	22.2	21.54	23.77	24.19	25.24	27.66	27.78	33.11	29.07	31.3	42.72	33.53	30.53	57.31	55.33	64.28	73.55	40.01	55.23	57.57	33.38	44.18	52.35	61.98	72.95	46.01	54.34	42.8	90.0	82.49	96.54	49.65	58.86	69.03	62.29	57.31	82.04	47.54	63.32	31.14	35.11	76.49	40.22	63.98	47.2	37.01	74.04	48.05	65.12	48.02	48.01	85.8	25.08	58.6	68.59	17.12	43.41	0.0
1	11.4	0.0	18.03	28.02	12.21	14.21	26.25	28.16	36.24	35.34	17.03	25.5	23.09	20.25	37.22	24.7	24.21	54.23	54.71	53.76	64.03	29.07	44.41	46.17	36.5	33.73	44.82	62.03	62.2	36.89	42.95	37.01	79.51	71.56	86.31	53.26	48.76	58.73	61.4	54.23	72.25	43.01	54.59	37.74	30.02	65.3	32.31	55.76	41.11	31.62	62.64	48.75	53.76	41.04	46.1	75.29	30.87	50.48	59.03	18.58	44.36	11.4
2	18.03	18.03	0.0	40.5	29.12	12.21	41.23	11.4	31.02	45.28	32.2	20.02	41.11	34.13	55.23	22.56	16.03	72.11	71.81	54.74	79.4	34.0	57.49	55.22	18.68	35.74	37.36	78.85	75.01	53.31	50.77	26.4	92.76	83.49	100.12	67.6	48.26	72.8	78.64	72.11	87.09	61.03	49.65	49.04	48.04	76.06	49.73	49.48	30.87	20.62	70.83	65.15	60.37	32.57	63.64	88.53	15.62	44.15	74.43	2.3	60.57	18.03
3	22.47	28.02	40.5	0.0	30.59	41.87	7.21	45.54	34.21	9.06	36.35	53.41	25.96	40.31	34.21	52.7	51.66	42.05	36.5	80.01	71.59	55.03	59.84	67.03	54.71	60.54	72.8	42.01	75.96	45.54	65.38	64.35	91.0	86.13	96.15	27.31	75.77	70.23	43.42	42.05	80.53	36.12	82.49	9.85	27.78	82.2	37.7	83.76	68.62	58.69	83.02	28.07	76.32	68.88	31.78	87.09	45.12	78.49	67.08	39.55	23.5	22.47
4	22.2	12.21	29.12	30.59	0.0	21.1	26.0	39.92	47.43	39.32	6.08	29.55	13.93	10.05	27.17	26.93	30.08	45.61	48.37	49.77	51.86	25.06	33.12	37.22	47.8	31.06	47.2	56.08	50.77	24.7	35.01	42.15	67.8	60.42	74.41	51.4	46.14	46.86	54.56	45.61	60.14	33.54	54.56	40.26	20.88	54.78	20.62	56.57	45.62	37.64	53.6	44.05	46.01	44.42	38.91	63.6	42.94	51.66	46.86	30.1	40.2	22.2
5	21.54	14.21	12.21	41.87	21.1	0.0	40.46	23.35	41.44	48.55	22.36	11.66	34.71	23.41	48.26	12.17	10.0	66.49	68.15	44.05	68.43	21.93	45.8	43.01	29.15	24.33	31.06	75.64	63.13	43.42	38.59	22.8	80.92	71.42	88.41	67.48	38.05	61.29	74.67	66.49	75.8	54.59	41.79	51.4	41.77	63.89	41.11	42.49	26.91	17.49	58.67	62.65	48.33	27.02	59.14	76.69	27.8	37.12	63.51	14.28	58.34	21.54
6	23.77	26.25	41.23	7.21	26.0	40.46	0.0	47.85	39.92	15.81	31.32	51.62	19.24	35.17	27.02	50.33	50.45	36.06	32.0	75.77	64.41	50.99	53.34	61.29	57.07	56.82	70.77	38.33	69.12	38.6	60.02	63.25	83.93	79.31	89.0	27.02	72.01	63.25	39.0	36.06	73.36	29.21	79.63	15.0	20.59	75.66	30.68	81.22	67.36	57.8	77.03	24.33	70.86	67.18	25.96	80.06	48.17	76.06	59.93	40.67	19.67	23.77
7	24.19	28.16	11.4	45.54	39.92	23.35	47.85	0.0	26.0	48.37	43.42	28.79	50.99	45.49	65.12	32.2	24.35	81.06	79.51	63.6	90.74	44.65	68.88	66.22	9.22	45.62	43.01	86.15	86.37	64.4	61.61	31.06	104.14	94.76	111.52	72.8	56.75	84.2	86.47	81.06	98.47	70.58	56.01	52.77	57.71	87.21	60.41	55.08	35.23	26.02	81.54	72.18	70.83	38.01	72.03	99.9	5.1	50.01	85.76	9.91	67.52	24.19
8	25.24	36.24	31.02	34.21	47.43	41.44	39.92	26.0	0.0	32.0	53.0	51.0	52.5	56.44	64.9	53.15	47.04	75.96	70.61	85.38	98.35	62.82	80.45	82.08	32.2	65.76	67.9	75.66	98.18	70.77	78.43	56.29	115.21	107.7	121.66	58.03	79.1	94.2	77.47	75.96	106.96	68.48	80.5	37.0	57.43	101.53	64.38	80.06	60.64	50.8	98.43	61.98	88.89	62.97	65.79	111.02	21.95	74.81	93.43	28.74	57.53	25.24
9	27.66	35.34	45.28	9.06	39.32	48.55	15.81	48.37	32.0	0.0	45.18	60.21	34.93	49.16	42.19	59.94	58.01	47.43	39.92	88.32	80.06	63.32	68.88	76.01	57.25	68.62	79.61	44.15	84.9	54.41	74.24	70.43	99.72	95.08	104.69	26.08	83.82	79.06	46.49	47.43	89.0	43.28	89.89	5.0	36.25	91.24	46.49	90.92	74.81	64.66	92.05	31.02	85.21	75.45	37.2	95.86	47.01	85.59	75.64	43.96	26.96	27.66
10	27.78	17.03	32.2	36.35	6.08	22.36	31.32	43.42	53.0	45.18	0.0	28.64	16.28	4.0	27.51	25.3	30.07	46.62	50.8	44.72	47.43	20.62	27.46	31.14	50.7	26.91	44.78	58.6	45.22	21.19	29.07	41.23	62.48	54.71	69.31	55.76	41.62	41.73	56.6	46.62	55.44	34.18	50.93	45.89	22.47	48.85	19.03	53.26	44.27	37.34	47.52	47.38	40.05	42.54	41.05	58.26	46.87	48.6	42.44	33.51	43.86	27.78
11	33.11	25.5	20.02	53.41	29.55	11.66	51.62	28.79	51.0	60.21	28.64	0.0	43.46	28.07	56.04	4.47	4.47	74.95	77.83	34.93	70.21	18.03	46.24	39.82	31.4	17.2	19.42	85.48	62.27	48.01	34.71	12.65	79.92	69.4	87.82	78.57	28.28	61.85	84.1	74.95	76.69	62.64	30.36	63.01	50.33	61.07	47.52	30.87	16.12	9.06	53.91	72.95	42.8	15.56	68.45	75.8	33.84	25.5	65.52	22.32	68.8	33.11
12	29.07	23.09	41.11	25.96	13.93	34.71	19.24	50.99	52.5	34.93	16.28	43.46	0.0	19.21	14.14	40.71	43.97	31.78	34.67	60.21	46.62	36.8	34.13	42.95	59.54	43.14	60.75	42.44	50.0	19.7	42.38	56.08	65.31	60.17	70.83	40.25	57.63	44.38	40.71	31.78	55.47	20.02	67.21	34.13	7.07	56.44	12.21	69.53	59.51	51.55	58.22	31.14	52.89	58.18	25.06	61.33	53.16	64.82	41.88	41.62	27.78	29.07
13	31.3	20.25	34.13	40.31	10.05	23.41	35.17	45.49	56.44	49.16	4.0	28.07	19.21	0.0	29.07	24.33	30.07	48.3	53.26	41.18	45.28	17.69	24.21	27.17	52.33	24.08	42.95	61.07	42.01	20.22	25.08	40.45	59.46	51.31	66.48	59.17	38.42	38.95	58.82	48.3	53.01	35.78	48.27	49.82	24.84	45.19	19.65	50.8	43.17	37.01	43.57	50.33	36.06	41.11	43.42	55.23	49.2	46.32	40.31	35.63	46.98	31.3
14	42.72	37.22	55.23	34.21	27.17	48.26	27.02	65.12	64.9	42.19	27.51	56.04	14.14	29.07	0.0	52.81	57.07	19.24	25.81	67.21	38.28	46.32	33.84	46.14	73.68	52.7	72.01	33.42	46.0	17.09	47.2	68.68	58.69	56.04	62.97	38.21	65.95	39.12	30.41	19.24	47.17	6.71	76.84	39.81	7.62	54.45	10.63	79.61	71.78	64.54	59.14	25.96	56.44	70.01	16.12	55.11	67.19	75.29	34.21	55.76	24.57	42.72
15	33.53	24.7	22.56	52.7	26.93	12.17	50.33	32.2	53.15	59.94	25.3	4.47	40.71	24.33	52.81	0.0	8.49	71.87	75.29	32.25	65.8	13.6	41.79	35.47	35.47	13.42	20.52	83.01	57.8	44.01	30.41	16.12	75.47	65.0	83.35	77.08	26.0	57.38	81.41	71.87	72.24	59.46	29.97	62.43	47.42	56.73	43.93	31.06	18.97	13.34	49.82	70.8	38.83	17.49	65.76	71.34	37.16	25.81	61.13	24.85	66.79	33.53
16	30.53	24.21	16.03	51.66	30.08	10.0	50.45	24.35	47.04	58.01	30.07	4.47	43.97	30.07	57.07	8.49	0.0	75.69	77.88	39.29	73.39	22.02	49.66	43.93	27.02	21.63	21.93	85.43	66.04	50.25	38.9	12.81	83.76	73.41	91.59	77.47	32.56	65.31	84.31	75.69	80.11	63.56	33.73	61.07	50.96	65.19	49.09	33.84	16.97	7.62	58.26	72.56	47.2	17.49	68.71	79.61	29.41	28.46	68.62	18.3	68.29	30.53
17	57.31	54.23	72.11	42.05	45.61	66.49	36.06	81.06	75.96	47.43	46.62	74.95	31.78	48.3	19.24	71.87	75.69	0.0	12.17	85.63	45.18	65.51	49.65	63.25	90.01	71.87	91.24	17.46	57.57	33.97	65.07	87.6	66.07	66.71	68.18	31.78	84.81	50.0	13.0	0.0	53.0	12.53	95.96	43.42	24.74	67.42	29.41	98.79	90.82	83.24	74.3	18.87	73.41	89.16	10.3	63.29	82.39	94.51	42.76	72.31	21.29	57.31
18	55.33	54.71	71.81	36.5	48.37	68.15	32.0	79.51	70.61	39.92	50.8	77.83	34.67	53.26	25.81	75.29	77.88	12.17	0.0	92.85	57.04	70.94	59.03	71.87	88.68	77.34	95.41	7.81	68.66	42.54	73.01	90.34	78.01	78.09	80.31	20.25	91.22	61.19	7.0	12.17	65.03	20.12	101.53	35.34	28.43	78.16	36.4	104.02	93.94	85.49	84.17	8.94	82.15	92.78	9.9	75.11	80.1	99.4	54.33	71.61	13.1	55.33
19	64.28	53.76	54.74	80.01	49.77	44.05	75.77	63.6	85.38	88.32	44.72	34.93	60.21	41.18	67.21	32.25	39.29	85.63	92.85	0.0	60.42	25.0	38.91	24.7	64.88	20.1	26.17	100.57	46.1	51.86	21.1	36.06	60.53	48.51	68.73	100.34	7.21	50.01	97.59	85.63	63.2	73.54	17.72	89.81	65.0	39.32	56.59	21.84	34.06	38.91	27.89	91.02	18.0	29.83	82.98	57.22	68.68	21.95	57.28	57.05	87.95	64.28
20	73.55	64.03	79.4	71.59	51.86	68.43	64.41	90.74	98.35	80.06	47.43	70.21	46.62	45.28	38.28	65.8	73.39	45.18	57.04	60.42	0.0	53.15	24.33	36.22	97.53	57.43	78.16	62.51	16.4	27.59	41.05	80.81	21.02	22.83	24.7	74.55	63.39	10.44	57.71	45.18	8.94	39.62	76.42	78.0	43.83	26.91	34.41	80.31	82.04	79.12	37.74	61.29	43.01	78.64	50.25	18.11	94.3	78.03	5.0	80.85	61.38	73.55
21	40.01	29.07	34.0	55.03	25.06	21.93	50.99	44.65	62.82	63.32	20.62	18.03	36.8	17.69	46.32	13.6	22.02	65.51	70.94	25.0	53.15	0.0	28.86	21.93	48.8	6.4	26.68	78.75	44.29	34.21	17.03	27.66	61.91	51.4	69.84	76.28	21.1	44.27	76.4	65.51	59.14	53.0	30.61	64.85	42.52	43.19	36.24	33.29	29.07	26.4	36.89	67.94	26.4	26.02	61.07	57.8	49.4	29.07	48.66	36.16	64.47	40.01
22	55.23	44.41	57.49	59.84	33.12	45.8	53.34	68.88	80.45	68.88	27.46	46.24	34.13	24.21	33.84	41.79	49.66	49.65	59.03	38.91	24.33	28.86	0.0	14.42	74.89	33.14	54.01	66.24	17.8	16.76	18.03	56.52	35.36	27.29	42.64	71.59	40.52	15.65	62.43	49.65	30.46	38.91	53.37	68.26	35.23	22.36	24.33	57.07	57.71	55.03	25.3	59.77	24.04	54.33	49.77	31.11	72.92	54.33	20.02	59.2	58.01	55.23
23	57.57	46.17	55.22	67.03	37.22	43.01	61.29	66.22	82.08	76.01	31.14	39.82	42.95	27.17	46.14	35.47	43.93	63.25	71.87	24.7	36.22	21.93	14.42	0.0	70.71	23.71	42.95	79.32	23.77	29.41	5.39	47.85	40.72	29.68	48.85	82.54	27.17	26.02	75.8	63.25	40.2	51.87	40.2	76.24	45.88	21.26	35.78	44.1	48.1	47.71	16.49	71.59	10.3	44.27	62.27	36.77	70.8	42.05	32.76	57.26	69.27	57.57
24	33.38	36.5	18.68	54.71	47.8	29.15	57.07	9.22	32.2	57.25	50.7	31.4	59.54	52.33	73.68	35.47	27.02	90.01	88.68	64.88	97.53	48.8	74.89	70.71	0.0	48.6	41.77	95.35	92.01	71.87	65.8	29.83	109.81	99.9	117.41	81.93	57.78	90.43	95.63	90.01	104.96	79.31	54.92	61.74	66.37	91.93	68.41	53.34	33.38	26.0	85.28	81.39	74.2	36.88	81.1	105.6	10.63	48.66	92.59	17.92	76.74	33.38
25	44.18	33.73	35.74	60.54	31.06	24.33	56.82	45.62	65.76	68.62	26.91	17.2	43.14	24.08	52.7	13.42	21.63	71.87	77.34	20.1	57.43	6.4	33.14	23.71	48.6	0.0	21.1	85.15	47.17	40.16	18.36	24.17	64.4	53.34	72.5	82.42	15.23	48.05	82.8	71.87	62.82	59.36	24.21	70.38	48.92	44.65	42.54	26.93	24.74	24.21	36.8	74.28	25.61	21.21	67.48	60.42	50.57	22.85	53.15	38.0	70.76	44.18
26	52.35	44.82	37.36	72.8	47.2	31.06	70.77	43.01	67.9	79.61	44.78	19.42	60.75	42.95	72.01	20.52	21.93	91.24	95.41	26.17	78.16	26.68	54.01	42.95	41.77	21.1	0.0	103.17	66.71	60.88	37.66	12.04	83.17	71.51	91.39	97.58	19.21	68.47	101.36	91.24	83.02	78.72	13.15	82.42	67.23	62.39	62.39	12.17	8.54	17.12	52.35	91.21	41.15	5.0	85.76	79.4	48.0	7.0	74.03	39.5	87.25	52.35
27	61.98	62.03	78.85	42.01	56.08	75.64	38.33	86.15	75.66	44.15	58.6	85.48	42.44	61.07	33.42	83.01	85.43	17.46	7.81	100.57	62.51	78.75	66.24	79.32	95.35	85.15	103.17	0.0	75.0	49.93	80.6	97.95	83.29	84.17	85.01	20.81	99.01	67.45	5.1	17.46	70.11	27.46	109.34	39.29	36.24	84.76	44.05	111.83	101.6	93.04	91.24	14.04	89.59	100.5	17.69	80.62	86.47	107.2	60.21	78.55	18.7	61.98
28	72.95	62.2	75.01	75.96	50.77	63.13	69.12	86.37	98.18	84.9	45.22	62.27	50.0	42.01	46.0	57.8	66.04	57.57	68.66	46.1	16.4	44.29	17.8	23.77	92.01	47.17	66.71	75.0	0.0	30.59	29.12	71.31	17.8	10.2	25.55	84.1	50.09	7.62	70.52	57.57	17.12	49.37	63.03	83.74	49.5	10.63	38.64	67.07	71.78	70.66	21.47	71.34	28.16	68.01	60.53	13.6	90.52	65.49	15.81	76.78	70.49	72.95
29	46.01	36.89	53.31	45.54	24.7	43.42	38.6	64.4	70.77	54.41	21.19	48.01	19.7	20.22	17.09	44.01	50.25	33.97	42.54	51.86	27.59	34.21	16.76	29.41	71.87	40.16	60.88	49.93	30.59	0.0	31.11	60.07	45.62	40.79	51.31	54.92	51.62	24.7	46.4	33.97	36.24	22.47	63.51	53.15	19.03	38.01	8.06	66.71	62.39	57.04	42.06	43.01	39.66	59.84	33.11	41.63	67.6	62.97	22.67	54.51	41.31	46.01
30	54.34	42.95	50.77	65.38	35.01	38.59	60.02	61.61	78.43	74.24	29.07	34.71	42.38	25.08	47.2	30.41	38.9	65.07	73.01	21.1	41.05	17.03	18.03	5.39	65.8	18.36	37.66	80.6	29.12	31.11	0.0	42.49	46.1	34.99	54.23	82.46	22.56	31.02	77.34	65.07	45.4	53.26	35.51	74.81	46.07	26.4	36.62	39.32	42.72	42.44	20.12	72.07	11.0	38.9	63.25	42.15	66.29	37.0	37.34	52.87	69.44	54.34
31	42.8	37.01	26.4	64.35	42.15	22.8	63.25	31.06	56.29	70.43	41.23	12.65	56.08	40.45	68.68	16.12	12.81	87.6	90.34	36.06	80.81	27.66	56.52	47.85	29.83	24.17	12.04	97.95	71.31	60.07	42.49	0.0	88.57	77.41	96.66	90.27	28.84	71.84	96.66	87.6	86.68	75.29	25.18	73.66	62.97	68.6	60.02	24.02	4.47	5.83	59.82	85.23	48.41	7.07	81.02	84.58	36.01	19.03	76.3	28.39	81.01	42.8
32	90.0	79.51	92.76	91.0	67.8	80.92	83.93	104.14	115.21	99.72	62.48	79.92	65.31	59.46	58.69	75.47	83.76	66.07	78.01	60.53	21.02	61.91	35.36	40.72	109.81	64.4	83.17	83.29	17.8	45.62	46.1	88.57	0.0	12.04	8.25	95.52	65.51	21.1	78.41	66.07	13.34	60.53	78.09	98.03	63.57	21.21	53.31	82.2	88.77	88.19	33.02	82.3	42.76	84.86	71.25	4.24	108.25	81.25	24.52	94.52	82.28	90.0
33	82.49	71.56	83.49	86.13	60.42	71.42	79.31	94.76	107.7	95.08	54.71	69.4	60.17	51.31	56.04	65.0	73.41	66.71	78.09	48.51	22.83	51.4	27.29	29.68	99.9	53.34	71.51	84.17	10.2	40.79	34.99	77.41	12.04	0.0	20.22	94.02	53.6	17.03	79.56	66.71	19.21	59.14	66.1	93.94	59.68	9.22	48.84	70.21	77.39	77.39	21.0	81.15	30.81	73.41	70.26	9.22	99.09	69.38	24.04	85.36	80.46	82.49
34	96.54	86.31	100.12	96.15	74.41	88.41	89.0	111.52	121.66	104.69	69.31	87.82	70.83	66.48	62.97	83.35	91.59	68.18	80.31	68.73	24.7	69.84	42.64	48.85	117.41	72.5	91.39	85.01	25.55	51.31	54.23	96.66	8.25	20.22	0.0	98.66	73.76	27.59	80.0	68.18	15.81	64.03	86.31	102.69	68.45	29.43	58.67	90.43	96.93	96.18	41.11	85.33	50.99	93.05	74.33	12.08	115.52	89.5	29.07	101.82	85.73	96.54
35	49.65	53.26	67.6	27.31	51.4	67.48	27.02	72.8	58.03	26.08	55.76	78.57	40.25	59.17	38.21	77.08	77.47	31.78	20.25	100.34	74.55	76.28	71.59	82.54	81.93	82.42	97.58	20.81	84.1	54.92	82.46	90.27	95.52	94.02	98.66	0.0	97.35	77.01	24.76	31.78	83.02	35.06	105.89	21.1	36.69	92.66	47.3	107.71	94.37	84.81	96.77	13.34	92.7	94.11	24.33	92.27	72.12	102.65	71.18	66.77	13.64	49.65
36	58.86	48.76	48.26	75.77	46.14	38.05	72.01	56.75	79.1	83.82	41.62	28.28	57.63	38.42	65.95	26.0	32.56	84.81	91.22	7.21	63.39	21.1	40.52	27.17	57.78	15.23	19.21	99.01	50.09	51.62	22.56	28.84	65.51	53.6	73.76	97.35	0.0	53.15	96.33	84.81	67.01	72.47	13.04	85.62	62.97	44.38	55.44	17.0	26.91	31.78	33.62	88.73	22.8	22.67	81.32	61.98	61.85	15.81	59.84	50.56	85.39	58.86
37	69.03	58.73	72.8	70.23	46.86	61.29	63.25	84.2	94.2	79.06	41.73	61.85	44.38	38.95	39.12	57.38	65.31	50.0	61.19	50.01	10.44	44.27	15.65	26.02	90.43	48.05	68.47	67.45	7.62	24.7	31.02	71.84	21.1	17.03	27.59	77.01	53.15	0.0	62.94	50.0	14.87	42.11	66.19	77.62	43.17	18.03	32.57	70.11	72.78	70.58	27.8	64.12	32.57	69.23	53.24	17.0	88.09	68.01	8.49	74.43	63.46	69.03
38	62.29	61.4	78.64	43.42	54.56	74.67	39.0	86.47	77.47	46.49	56.6	84.1	40.71	58.82	30.41	81.41	84.31	13.0	7.0	97.59	57.71	76.4	62.43	75.8	95.63	82.8	101.36	5.1	70.52	46.4	77.34	96.66	78.41	79.56	80.0	24.76	96.33	62.94	0.0	13.0	65.19	24.08	107.0	41.79	34.13	80.41	41.01	109.62	100.18	91.92	87.24	15.52	86.02	98.88	15.65	75.8	87.09	105.12	55.54	78.49	19.94	62.29
39	57.31	54.23	72.11	42.05	45.61	66.49	36.06	81.06	75.96	47.43	46.62	74.95	31.78	48.3	19.24	71.87	75.69	0.0	12.17	85.63	45.18	65.51	49.65	63.25	90.01	71.87	91.24	17.46	57.57	33.97	65.07	87.6	66.07	66.71	68.18	31.78	84.81	50.0	13.0	0.0	53.0	12.53	95.96	43.42	24.74	67.42	29.41	98.79	90.82	83.24	74.3	18.87	73.41	89.16	10.3	63.29	82.39	94.51	42.76	72.31	21.29	57.31
40	82.04	72.25	87.09	80.53	60.14	75.8	73.36	98.47	106.96	89.0	55.44	76.69	55.47	53.01	47.17	72.24	80.11	53.0	65.03	63.2	8.94	59.14	30.46	40.2	104.96	62.82	83.02	70.11	17.12	36.24	45.4	86.68	13.34	19.21	15.81	83.02	67.01	14.87	65.19	53.0	0.0	48.27	80.0	86.93	52.77	26.0	43.27	84.01	87.56	85.44	37.95	69.72	45.28	83.95	58.69	11.66	102.2	82.22	13.6	88.63	70.0	82.04
41	47.54	43.01	61.03	36.12	33.54	54.59	29.21	70.58	68.48	43.28	34.18	62.64	20.02	35.78	6.71	59.46	63.56	12.53	20.12	73.54	39.62	53.0	38.91	51.87	79.31	59.36	78.72	27.46	49.37	22.47	53.26	75.29	60.53	59.14	64.03	35.06	72.47	42.11	24.08	12.53	48.27	0.0	83.49	40.22	13.0	58.46	17.03	86.28	78.43	71.06	64.08	22.02	62.13	76.69	11.18	57.22	72.37	81.99	36.12	61.44	21.76	47.54
42	63.32	54.59	49.65	82.49	54.56	41.79	79.63	56.01	80.5	89.89	50.93	30.36	67.21	48.27	76.84	29.97	33.73	95.96	101.53	17.72	76.42	30.61	53.37	40.2	54.92	24.21	13.15	109.34	63.03	63.51	35.51	25.18	78.09	66.1	86.31	105.89	13.04	66.19	107.0	95.96	80.0	83.49	0.0	92.28	73.11	56.89	66.57	4.12	21.59	30.0	45.61	98.29	35.36	18.11	91.68	74.67	61.03	6.32	72.84	51.86	94.65	63.32
43	31.14	37.74	49.04	9.85	40.26	51.4	15.0	52.77	37.0	5.0	45.89	63.01	34.13	49.82	39.81	62.43	61.07	43.42	35.34	89.81	78.0	64.85	68.26	76.24	61.74	70.38	82.42	39.29	83.74	53.15	74.81	73.66	98.03	93.94	102.69	21.1	85.62	77.62	41.79	43.42	86.93	40.22	92.28	0.0	34.48	90.55	45.12	93.49	77.99	67.94	92.02	26.4	85.71	78.41	33.3	94.25	51.62	88.2	73.74	47.86	22.54	31.14
44	35.11	30.02	48.04	27.78	20.88	41.77	20.59	57.71	57.43	36.25	22.47	50.33	7.07	24.84	7.62	47.42	50.96	24.74	28.43	65.0	43.83	42.52	35.23	45.88	66.37	48.92	67.23	36.24	49.5	19.03	46.07	62.97	63.57	59.68	68.45	36.69	62.97	43.17	34.13	24.74	52.77	13.0	73.11	34.48	0.0	57.0	11.0	75.6	66.31	58.52	60.21	26.08	56.08	64.85	18.6	59.77	59.67	71.03	39.4	48.48	23.41	35.11
45	76.49	65.3	76.06	82.2	54.78	63.89	75.66	87.21	101.53	91.24	48.85	61.07	56.44	45.19	54.45	56.73	65.19	67.42	78.16	39.32	26.91	43.19	22.36	21.26	91.93	44.65	62.39	84.76	10.63	38.01	26.4	68.6	21.21	9.22	29.43	92.66	44.38	18.03	80.41	67.42	26.0	58.46	56.89	90.55	57.0	0.0	46.0	61.0	68.43	68.82	12.17	80.23	21.59	64.4	69.63	18.0	91.68	60.17	26.4	78.02	79.01	76.49
46	40.22	32.31	49.73	37.7	20.62	41.11	30.68	60.41	64.38	46.49	19.03	47.52	12.21	19.65	10.63	43.93	49.09	29.41	36.4	56.59	34.41	36.24	24.33	35.78	68.41	42.54	62.39	44.05	38.64	8.06	36.62	60.02	53.31	48.84	58.67	47.3	55.44	32.57	41.01	29.41	43.27	17.03	66.57	45.12	11.0	46.0	0.0	69.46	62.82	56.32	49.48	35.85	46.07	60.73	26.63	49.4	63.16	65.3	29.68	50.65	33.78	40.22
47	63.98	55.76	49.48	83.76	56.57	42.49	81.22	55.08	80.06	90.92	53.26	30.87	69.53	50.8	79.61	31.06	33.84	98.79	104.02	21.84	80.31	33.29	57.07	44.1	53.34	26.93	12.17	111.83	67.07	66.71	39.32	24.02	82.2	70.21	90.43	107.71	17.0	70.11	109.62	98.79	84.01	86.28	4.12	93.49	75.6	61.0	69.46	0.0	20.02	29.27	49.73	100.5	39.46	17.12	94.2	78.77	60.03	5.39	76.66	51.63	96.75	63.98
48	47.2	41.11	30.87	68.62	45.62	26.91	67.36	35.23	60.64	74.81	44.27	16.12	59.51	43.17	71.78	18.97	16.97	90.82	93.94	34.06	82.04	29.07	57.71	48.1	33.38	24.74	8.54	101.6	71.78	62.39	42.72	4.47	88.77	77.39	96.93	94.37	26.91	72.78	100.18	90.82	87.56	78.43	21.59	77.99	66.31	68.43	62.82	20.02	0.0	10.3	59.08	89.04	47.71	4.24	84.53	84.86	40.11	15.3	77.65	32.85	84.87	47.2
49	37.01	31.62	20.62	58.69	37.64	17.49	57.8	26.02	50.8	64.66	37.34	9.06	51.55	37.01	64.54	13.34	7.62	83.24	85.49	38.91	79.12	26.4	55.03	47.71	26.0	24.21	17.12	93.04	70.66	57.04	42.44	5.83	88.19	77.39	96.18	84.81	31.78	70.58	91.92	83.24	85.44	71.06	30.0	67.94	58.52	68.82	56.32	29.27	10.3	0.0	60.83	80.13	49.5	12.17	76.32	84.12	31.06	24.08	74.46	22.64	75.84	37.01
50	74.04	62.64	70.83	83.02	53.6	58.67	77.03	81.54	98.43	92.05	47.52	53.91	58.22	43.57	59.14	49.82	58.26	74.3	84.17	27.89	37.74	36.89	25.3	16.49	85.28	36.8	52.35	91.24	21.47	42.06	20.12	59.82	33.02	21.0	41.11	96.77	33.62	27.8	87.24	74.3	37.95	64.08	45.61	92.02	60.21	12.17	49.48	49.73	59.08	60.83	0.0	85.07	11.4	54.92	75.03	30.07	86.28	49.4	36.24	72.95	83.24	74.04
51	48.05	48.75	65.15	28.07	44.05	62.65	24.33	72.18	61.98	31.02	47.38	72.95	31.14	50.33	25.96	70.8	72.56	18.87	8.94	91.02	61.29	67.94	59.77	71.59	81.39	74.28	91.21	14.04	71.34	43.01	72.07	85.23	82.3	81.15	85.33	13.34	88.73	64.12	15.52	18.87	69.72	22.02	98.29	26.4	26.08	80.23	35.85	100.5	89.04	80.13	85.07	0.0	81.86	88.23	11.05	79.1	72.44	95.67	58.03	64.76	4.67	48.05
52	65.12	53.76	60.37	76.32	46.01	48.33	70.86	70.83	88.89	85.21	40.05	42.8	52.89	36.06	56.44	38.83	47.2	73.41	82.15	18.0	43.01	26.4	24.04	10.3	74.2	25.61	41.15	89.59	28.16	39.66	11.0	48.41	42.76	30.81	50.99	92.7	22.8	32.57	86.02	73.41	45.28	62.13	35.36	85.71	56.08	21.59	46.07	39.46	47.71	49.5	11.4	81.86	0.0	43.57	72.56	39.32	75.66	38.6	40.31	62.55	79.48	65.12
53	48.02	41.04	32.57	68.88	44.42	27.02	67.18	38.01	62.97	75.45	42.54	15.56	58.18	41.11	70.01	17.49	17.49	89.16	92.78	29.83	78.64	26.02	54.33	44.27	36.88	21.21	5.0	100.5	68.01	59.84	38.9	7.07	84.86	73.41	93.05	94.11	22.67	69.23	98.88	89.16	83.95	76.69	18.11	78.41	64.85	64.4	60.73	17.12	4.24	12.17	54.92	88.23	43.57	0.0	83.24	80.99	43.0	12.0	74.33	34.67	84.16	48.02
54	48.01	46.1	63.64	31.78	38.91	59.14	25.96	72.03	65.79	37.2	41.05	68.45	25.06	43.42	16.12	65.76	68.71	10.3	9.9	82.98	50.25	61.07	49.77	62.27	81.1	67.48	85.76	17.69	60.53	33.11	63.25	81.02	71.25	70.26	74.33	24.33	81.32	53.24	15.65	10.3	58.69	11.18	91.68	33.3	18.6	69.63	26.63	94.2	84.53	76.32	75.03	11.05	72.56	83.24	0.0	68.07	73.06	89.63	47.01	63.64	11.88	48.01
55	85.8	75.29	88.53	87.09	63.6	76.69	80.06	99.9	111.02	95.86	58.26	75.8	61.33	55.23	55.11	71.34	79.61	63.29	75.11	57.22	18.11	57.8	31.11	36.77	105.6	60.42	79.4	80.62	13.6	41.63	42.15	84.58	4.24	9.22	12.08	92.27	61.98	17.0	75.8	63.29	11.66	57.22	74.67	94.25	59.77	18.0	49.4	78.77	84.86	84.12	30.07	79.1	39.32	80.99	68.07	0.0	104.0	77.67	21.1	90.28	78.93	85.8
56	25.08	30.87	15.62	45.12	42.94	27.8	48.17	5.1	21.95	47.01	46.87	33.84	53.16	49.2	67.19	37.16	29.41	82.39	80.1	68.68	94.3	49.4	72.92	70.8	10.63	50.57	48.0	86.47	90.52	67.6	66.29	36.01	108.25	99.09	115.52	72.12	61.85	88.09	87.09	82.39	102.2	72.37	61.03	51.62	59.67	91.68	63.16	60.03	40.11	31.06	86.28	72.44	75.66	43.0	73.06	104.0	0.0	55.0	89.31	13.74	67.77	25.08
57	58.6	50.48	44.15	78.49	51.66	37.12	76.06	50.01	74.81	85.59	48.6	25.5	64.82	46.32	75.29	25.81	28.46	94.51	99.4	21.95	78.03	29.07	54.33	42.05	48.66	22.85	7.0	107.2	65.49	62.97	37.0	19.03	81.25	69.38	89.5	102.65	15.81	68.01	105.12	94.51	82.22	81.99	6.32	88.2	71.03	60.17	65.3	5.39	15.3	24.08	49.4	95.67	38.6	12.0	89.63	77.67	55.0	0.0	74.17	46.32	91.86	58.6
58	68.59	59.03	74.43	67.08	46.86	63.51	59.93	85.76	93.43	75.64	42.44	65.52	41.88	40.31	34.21	61.13	68.62	42.76	54.33	57.28	5.0	48.66	20.02	32.76	92.59	53.15	74.03	60.21	15.81	22.67	37.34	76.3	24.52	24.04	29.07	71.18	59.84	8.49	55.54	42.76	13.6	36.12	72.84	73.74	39.4	26.4	29.68	76.66	77.65	74.46	36.24	58.03	40.31	74.33	47.01	21.1	89.31	74.17	0.0	75.87	57.84	68.59
59	17.12	18.58	2.3	39.55	30.1	14.28	40.67	9.91	28.74	43.96	33.51	22.32	41.62	35.63	55.76	24.85	18.3	72.31	71.61	57.05	80.85	36.16	59.2	57.26	17.92	38.0	39.5	78.55	76.78	54.51	52.87	28.39	94.52	85.36	101.82	66.77	50.56	74.43	78.49	72.31	88.63	61.44	51.86	47.86	48.48	78.02	50.65	51.63	32.85	22.64	72.95	64.76	62.55	34.67	63.64	90.28	13.74	46.32	75.87	0.0	60.15	17.12
60	43.41	44.36	60.57	23.5	40.2	58.34	19.67	67.52	57.53	26.96	43.86	68.8	27.78	46.98	24.57	66.79	68.29	21.29	13.1	87.95	61.38	64.47	58.01	69.27	76.74	70.76	87.25	18.7	70.49	41.31	69.44	81.01	82.28	80.46	85.73	13.64	85.39	63.46	19.94	21.29	70.0	21.76	94.65	22.54	23.41	79.01	33.78	96.75	84.87	75.84	83.24	4.67	79.48	84.16	11.88	78.93	67.77	91.86	57.84	60.15	0.0	43.41
;
