set K:= 1	2	3	4	5	6	7	8	9;
set C_H:= 1	2	3	4	5	6	7	8	9	10	11	12	13	14	15	16	17	18	19	20	21	22;
set C_S:= 23	24	25	26	27	28	29	30	31	32	33	34	35	36	37	38;
set C_F:= 39	40	41	42	43	44	45	46	47	48	49	50	51	52	53	54;
set M:= 55	56	57	58;
set L_B:= 59	60;
set A1:=
(0,*) 1 2 3 4 5 6 7 8 9 10 11 12 13 14 15 16 17 18 19 20 21 22 39 40 41 42 43 44 45 46 47 48 49 50 51 52 53 54 55 56 57 58 59 60
(1,*) 0 2 3 4 5 6 7 8 9 10 11 12 13 14 15 16 17 18 19 20 21 22 39 40 41 42 43 44 45 46 47 48 49 50 51 52 53 54 55 56 57 58 59 60
(2,*) 0 1 3 4 5 6 7 8 9 10 11 12 13 14 15 16 17 18 19 20 21 22 39 40 41 42 43 44 45 46 47 48 49 50 51 52 53 54 55 56 57 58 59 60
(3,*) 0 1 2 4 5 6 7 8 9 10 11 12 13 14 15 16 17 18 19 20 21 22 39 40 41 42 43 44 45 46 47 48 49 50 51 52 53 54 55 56 57 58 59 60
(4,*) 0 1 2 3 5 6 7 8 9 10 11 12 13 14 15 16 17 18 19 20 21 22 39 40 41 42 43 44 45 46 47 48 49 50 51 52 53 54 55 56 57 58 59 60
(5,*) 0 1 2 3 4 6 7 8 9 10 11 12 13 14 15 16 17 18 19 20 21 22 39 40 41 42 43 44 45 46 47 48 49 50 51 52 53 54 55 56 57 58 59 60
(6,*) 0 1 2 3 4 5 7 8 9 10 11 12 13 14 15 16 17 18 19 20 21 22 39 40 41 42 43 44 45 46 47 48 49 50 51 52 53 54 55 56 57 58 59 60
(7,*) 0 1 2 3 4 5 6 8 9 10 11 12 13 14 15 16 17 18 19 20 21 22 39 40 41 42 43 44 45 46 47 48 49 50 51 52 53 54 55 56 57 58 59 60
(8,*) 0 1 2 3 4 5 6 7 9 10 11 12 13 14 15 16 17 18 19 20 21 22 39 40 41 42 43 44 45 46 47 48 49 50 51 52 53 54 55 56 57 58 59 60
(9,*) 0 1 2 3 4 5 6 7 8 10 11 12 13 14 15 16 17 18 19 20 21 22 39 40 41 42 43 44 45 46 47 48 49 50 51 52 53 54 55 56 57 58 59 60
(10,*) 0 1 2 3 4 5 6 7 8 9 11 12 13 14 15 16 17 18 19 20 21 22 39 40 41 42 43 44 45 46 47 48 49 50 51 52 53 54 55 56 57 58 59 60
(11,*) 0 1 2 3 4 5 6 7 8 9 10 12 13 14 15 16 17 18 19 20 21 22 39 40 41 42 43 44 45 46 47 48 49 50 51 52 53 54 55 56 57 58 59 60
(12,*) 0 1 2 3 4 5 6 7 8 9 10 11 13 14 15 16 17 18 19 20 21 22 39 40 41 42 43 44 45 46 47 48 49 50 51 52 53 54 55 56 57 58 59 60
(13,*) 0 1 2 3 4 5 6 7 8 9 10 11 12 14 15 16 17 18 19 20 21 22 39 40 41 42 43 44 45 46 47 48 49 50 51 52 53 54 55 56 57 58 59 60
(14,*) 0 1 2 3 4 5 6 7 8 9 10 11 12 13 15 16 17 18 19 20 21 22 39 40 41 42 43 44 45 46 47 48 49 50 51 52 53 54 55 56 57 58 59 60
(15,*) 0 1 2 3 4 5 6 7 8 9 10 11 12 13 14 16 17 18 19 20 21 22 39 40 41 42 43 44 45 46 47 48 49 50 51 52 53 54 55 56 57 58 59 60
(16,*) 0 1 2 3 4 5 6 7 8 9 10 11 12 13 14 15 17 18 19 20 21 22 39 40 41 42 43 44 45 46 47 48 49 50 51 52 53 54 55 56 57 58 59 60
(17,*) 0 1 2 3 4 5 6 7 8 9 10 11 12 13 14 15 16 18 19 20 21 22 39 40 41 42 43 44 45 46 47 48 49 50 51 52 53 54 55 56 57 58 59 60
(18,*) 0 1 2 3 4 5 6 7 8 9 10 11 12 13 14 15 16 17 19 20 21 22 39 40 41 42 43 44 45 46 47 48 49 50 51 52 53 54 55 56 57 58 59 60
(19,*) 0 1 2 3 4 5 6 7 8 9 10 11 12 13 14 15 16 17 18 20 21 22 39 40 41 42 43 44 45 46 47 48 49 50 51 52 53 54 55 56 57 58 59 60
(20,*) 0 1 2 3 4 5 6 7 8 9 10 11 12 13 14 15 16 17 18 19 21 22 39 40 41 42 43 44 45 46 47 48 49 50 51 52 53 54 55 56 57 58 59 60
(21,*) 0 1 2 3 4 5 6 7 8 9 10 11 12 13 14 15 16 17 18 19 20 22 39 40 41 42 43 44 45 46 47 48 49 50 51 52 53 54 55 56 57 58 59 60
(22,*) 0 1 2 3 4 5 6 7 8 9 10 11 12 13 14 15 16 17 18 19 20 21 39 40 41 42 43 44 45 46 47 48 49 50 51 52 53 54 55 56 57 58 59 60
(39,*) 0 1 2 3 4 5 6 7 8 9 10 11 12 13 14 15 16 17 18 19 20 21 22 40 41 42 43 44 45 46 47 48 49 50 51 52 53 54 55 56 57 58 59 60
(40,*) 0 1 2 3 4 5 6 7 8 9 10 11 12 13 14 15 16 17 18 19 20 21 22 39 41 42 43 44 45 46 47 48 49 50 51 52 53 54 55 56 57 58 59 60
(41,*) 0 1 2 3 4 5 6 7 8 9 10 11 12 13 14 15 16 17 18 19 20 21 22 39 40 42 43 44 45 46 47 48 49 50 51 52 53 54 55 56 57 58 59 60
(42,*) 0 1 2 3 4 5 6 7 8 9 10 11 12 13 14 15 16 17 18 19 20 21 22 39 40 41 43 44 45 46 47 48 49 50 51 52 53 54 55 56 57 58 59 60
(43,*) 0 1 2 3 4 5 6 7 8 9 10 11 12 13 14 15 16 17 18 19 20 21 22 39 40 41 42 44 45 46 47 48 49 50 51 52 53 54 55 56 57 58 59 60
(44,*) 0 1 2 3 4 5 6 7 8 9 10 11 12 13 14 15 16 17 18 19 20 21 22 39 40 41 42 43 45 46 47 48 49 50 51 52 53 54 55 56 57 58 59 60
(45,*) 0 1 2 3 4 5 6 7 8 9 10 11 12 13 14 15 16 17 18 19 20 21 22 39 40 41 42 43 44 46 47 48 49 50 51 52 53 54 55 56 57 58 59 60
(46,*) 0 1 2 3 4 5 6 7 8 9 10 11 12 13 14 15 16 17 18 19 20 21 22 39 40 41 42 43 44 45 47 48 49 50 51 52 53 54 55 56 57 58 59 60
(47,*) 0 1 2 3 4 5 6 7 8 9 10 11 12 13 14 15 16 17 18 19 20 21 22 39 40 41 42 43 44 45 46 48 49 50 51 52 53 54 55 56 57 58 59 60
(48,*) 0 1 2 3 4 5 6 7 8 9 10 11 12 13 14 15 16 17 18 19 20 21 22 39 40 41 42 43 44 45 46 47 49 50 51 52 53 54 55 56 57 58 59 60
(49,*) 0 1 2 3 4 5 6 7 8 9 10 11 12 13 14 15 16 17 18 19 20 21 22 39 40 41 42 43 44 45 46 47 48 50 51 52 53 54 55 56 57 58 59 60
(50,*) 0 1 2 3 4 5 6 7 8 9 10 11 12 13 14 15 16 17 18 19 20 21 22 39 40 41 42 43 44 45 46 47 48 49 51 52 53 54 55 56 57 58 59 60
(51,*) 0 1 2 3 4 5 6 7 8 9 10 11 12 13 14 15 16 17 18 19 20 21 22 39 40 41 42 43 44 45 46 47 48 49 50 52 53 54 55 56 57 58 59 60
(52,*) 0 1 2 3 4 5 6 7 8 9 10 11 12 13 14 15 16 17 18 19 20 21 22 39 40 41 42 43 44 45 46 47 48 49 50 51 53 54 55 56 57 58 59 60
(53,*) 0 1 2 3 4 5 6 7 8 9 10 11 12 13 14 15 16 17 18 19 20 21 22 39 40 41 42 43 44 45 46 47 48 49 50 51 52 54 55 56 57 58 59 60
(54,*) 0 1 2 3 4 5 6 7 8 9 10 11 12 13 14 15 16 17 18 19 20 21 22 39 40 41 42 43 44 45 46 47 48 49 50 51 52 53 55 56 57 58 59 60
(55,*) 0 1 2 3 4 5 6 7 8 9 10 11 12 13 14 15 16 17 18 19 20 21 22 39 40 41 42 43 44 45 46 47 48 49 50 51 52 53 54 56 57 58 59 60
(56,*) 0 1 2 3 4 5 6 7 8 9 10 11 12 13 14 15 16 17 18 19 20 21 22 39 40 41 42 43 44 45 46 47 48 49 50 51 52 53 54 55 57 58 59 60
(57,*) 0 1 2 3 4 5 6 7 8 9 10 11 12 13 14 15 16 17 18 19 20 21 22 39 40 41 42 43 44 45 46 47 48 49 50 51 52 53 54 55 56 58 59 60
(58,*) 0 1 2 3 4 5 6 7 8 9 10 11 12 13 14 15 16 17 18 19 20 21 22 39 40 41 42 43 44 45 46 47 48 49 50 51 52 53 54 55 56 57 59 60
(59,*) 0 1 2 3 4 5 6 7 8 9 10 11 12 13 14 15 16 17 18 19 20 21 22 39 40 41 42 43 44 45 46 47 48 49 50 51 52 53 54 55 56 57 58 60
(60,*) 0 1 2 3 4 5 6 7 8 9 10 11 12 13 14 15 16 17 18 19 20 21 22 39 40 41 42 43 44 45 46 47 48 49 50 51 52 53 54 55 56 57 58 59
;
set A2:=
(55,*) 56
(56,*) 55
(57,*) 58
(58,*) 57
;
param BigM:=99999;
param n:= 9;
param d:=
1	3
2	25
3	4
4	21
5	13
6	11
7	6
8	11
9	22
10	23
11	22
12	12
13	25
14	15
15	13
16	14
17	10
18	10
19	66
20	10
21	7
22	11
23	12
24	14
25	16
26	7
27	19
28	21
29	19
30	15
31	22
32	11
33	24
34	18
35	3
36	24
37	18
38	12
39	11
40	20
41	10
42	20
43	17
44	36
45	21
46	17
47	10
48	7
49	15
50	2
51	20
52	12
53	5
54	7
;
param Q:=100;
param w:=
[55,*] 56 5
[56,*] 55 5
[57,*] 58 5
[58,*] 57 5
;
param V:=
[55,*] 56 503
[56,*] 55 503
[57,*] 58 503
[58,*] 57 503
;
param f:=
55	100
56	100
57	100
58	100
59	100
60	100
;
param e:
	55	56	57	58	59	60:=
23	1	0	0	0	0	0	
24	1	0	0	0	1	0	
25	0	0	0	0	1	0	
26	1	0	0	0	0	0	
27	0	1	0	0	0	1	
28	0	0	0	0	0	1	
29	0	0	0	1	1	0	
30	0	0	0	0	0	1	
31	0	0	0	0	0	1	
32	0	0	0	1	1	0	
33	1	0	0	0	1	0	
34	0	0	1	0	0	0	
35	1	0	1	0	0	0	
36	0	0	1	0	0	0	
37	1	0	0	0	0	0	
38	0	1	0	0	0	1	
39	1	0	0	0	1	0	
40	0	0	1	0	0	0	
41	0	0	0	0	1	0	
42	0	0	1	0	0	0	
43	0	1	0	0	0	1	
44	1	0	0	0	1	0	
45	0	1	0	0	0	0	
46	0	0	0	1	1	0	
47	0	1	0	0	0	1	
48	0	1	0	0	1	0	
49	0	0	0	1	1	0	
50	0	0	0	0	1	0	
51	0	1	0	0	1	1	
52	0	1	0	0	0	1	
53	0	1	0	0	0	1	
54	0	1	0	0	0	1	
;
param p:=
1	1
2	1
3	1
4	1
5	1
6	1
7	1
8	1
9	1
;
param G:=
55	503
56	503
57	503
58	503
59	125
60	125
;
param s:=
0	0
1	15
2	15
3	15
4	15
5	15
6	15
7	15
8	15
9	15
10	15
11	15
12	15
13	15
14	15
15	15
16	15
17	15
18	15
19	15
20	15
21	15
22	15
39	15
40	15
41	15
42	15
43	15
44	15
45	15
46	15
47	15
48	15
49	15
50	15
51	15
52	15
53	15
54	15
55	30
56	30
57	30
58	30
59	15
60	15
;
param t:
	0	1	2	3	4	5	6	7	8	9	10	11	12	13	14	15	16	17	18	19	20	21	22	23	24	25	26	27	28	29	30	31	32	33	34	35	36	37	38	39	40	41	42	43	44	45	46	47	48	49	50	51	52	53	54	55	56	57	58	59	60:=
0	0.0	60.44	26.91	18.6	26.63	25.5	27.46	65.46	38.83	14.87	16.28	22.83	29.41	67.48	19.85	73.41	27.07	55.57	60.21	56.65	30.02	58.25	43.17	48.55	52.2	18.68	31.11	52.39	66.31	26.93	40.8	34.66	29.61	31.89	60.75	59.44	80.81	61.03	47.2	34.37	48.85	10.0	71.59	43.19	52.2	30.07	33.62	37.7	22.36	27.29	6.71	20.52	39.05	38.33	65.8	61.38	53.4	71.26	39.26	14.87	61.03
1	60.44	0.0	78.01	76.06	86.16	53.6	81.02	58.26	60.8	53.08	55.23	47.1	75.33	26.68	73.11	43.01	86.31	14.87	29.02	5.83	84.02	39.82	54.12	87.36	80.11	53.01	80.16	39.29	43.1	83.29	60.46	54.04	78.82	79.31	54.49	60.88	36.12	98.68	49.24	55.66	13.15	52.77	30.27	56.94	80.11	31.76	89.09	68.12	41.68	85.99	61.98	53.01	26.87	29.73	44.05	93.73	46.4	39.7	96.76	69.35	52.61
2	26.91	78.01	0.0	34.21	33.06	25.96	4.24	60.14	65.3	25.32	43.14	31.06	6.71	76.22	7.07	76.32	17.46	68.73	84.5	73.03	6.71	60.9	38.42	23.77	32.39	25.0	4.47	78.39	92.18	9.43	67.36	61.52	49.04	6.08	56.59	51.86	88.24	35.34	74.03	29.68	65.01	27.86	79.48	70.01	32.39	52.5	12.08	62.97	47.41	15.65	20.81	47.42	62.3	62.39	91.79	37.54	80.0	75.22	46.39	12.04	87.8
3	18.6	76.06	34.21	0.0	11.0	43.08	32.31	83.38	37.12	33.12	22.2	41.34	39.46	85.63	28.28	92.01	23.35	73.01	70.06	72.95	33.54	76.84	60.75	57.97	65.12	36.67	38.6	59.3	72.84	28.65	39.36	36.4	14.87	40.26	78.79	76.84	99.04	69.29	50.7	51.55	65.51	28.6	89.83	43.46	65.12	44.38	34.41	32.02	34.79	24.84	22.47	26.02	51.66	50.01	72.01	71.72	58.05	89.83	21.08	25.0	64.2
4	26.63	86.16	33.06	11.0	0.0	48.26	30.02	88.19	47.17	39.62	33.14	48.1	39.32	94.02	28.86	99.09	17.72	82.15	81.06	82.76	30.27	83.63	65.37	56.14	65.38	42.64	37.0	70.26	83.73	25.18	49.4	47.07	21.26	39.01	83.86	80.96	107.3	66.29	61.39	55.95	75.13	36.24	98.08	53.76	65.38	54.71	29.41	41.18	45.35	19.65	28.32	37.01	62.37	60.83	82.87	69.97	68.83	97.14	13.98	27.31	74.73
5	25.5	53.6	25.96	43.08	48.26	0.0	29.73	40.31	59.48	11.0	37.48	7.81	22.02	50.33	23.32	51.86	39.41	43.1	65.46	48.26	32.57	36.24	17.72	34.89	32.02	7.0	27.17	62.97	75.74	33.54	61.03	53.49	55.11	26.02	35.78	33.96	62.61	47.17	62.43	9.0	40.45	17.03	53.71	61.85	32.02	33.97	37.95	60.67	33.62	38.28	20.62	40.26	43.42	44.6	75.69	44.27	66.57	50.35	62.09	21.93	75.0
6	27.46	81.02	4.24	32.31	30.02	29.73	0.0	64.38	65.07	28.02	43.42	34.37	10.82	80.06	8.25	80.45	13.6	72.18	86.33	76.16	3.0	65.0	42.64	26.17	35.9	28.16	7.07	79.61	93.47	5.39	67.18	61.72	47.17	9.22	60.83	56.08	92.2	37.0	74.63	33.84	68.12	29.83	83.38	70.09	35.9	54.57	8.25	62.2	48.85	11.7	21.93	47.8	64.29	64.2	93.02	40.01	80.85	79.31	42.99	13.0	88.48
7	65.46	58.26	60.14	83.38	88.19	40.31	64.38	0.0	94.01	50.6	74.67	43.17	53.74	36.36	60.8	24.33	76.84	43.42	83.19	52.8	66.47	18.44	22.83	51.48	37.95	46.82	58.73	87.28	96.66	69.43	95.05	87.05	94.92	56.64	5.0	8.94	41.0	57.27	91.59	32.25	49.24	56.04	36.25	94.34	37.95	60.67	71.45	97.25	66.01	75.29	60.93	76.24	66.48	69.12	97.17	49.34	93.05	25.69	102.14	61.06	101.24
8	38.83	60.8	65.3	37.12	47.17	59.48	65.07	94.01	0.0	49.04	22.83	53.15	68.24	80.78	58.26	92.89	59.64	65.39	42.06	60.54	67.18	80.75	74.97	87.37	89.96	52.81	69.66	28.23	39.46	63.03	2.24	7.28	28.16	70.6	89.01	90.45	93.52	99.86	16.49	68.15	55.95	43.08	85.23	7.0	89.96	34.93	69.53	8.54	28.0	60.8	45.49	19.31	34.48	31.38	38.33	100.01	24.02	89.89	49.98	53.41	28.16
9	14.87	53.08	25.32	33.12	39.62	11.0	28.02	50.6	49.04	0.0	26.68	8.49	24.17	55.23	20.02	59.46	34.18	45.22	59.93	48.37	31.02	44.05	28.44	41.11	41.18	4.0	28.16	55.44	68.82	30.27	50.7	43.38	44.38	27.86	45.88	44.72	68.24	53.81	53.41	20.0	40.31	6.08	59.08	51.88	41.18	27.73	36.01	49.82	24.76	33.53	11.31	29.73	37.58	38.08	68.6	52.29	58.25	57.53	53.07	16.49	66.53
10	16.28	55.23	43.14	22.2	33.14	37.48	43.42	74.67	22.83	26.68	0.0	32.0	45.61	68.6	36.07	77.82	40.5	54.49	48.0	52.8	45.8	63.91	54.01	64.64	67.23	30.59	47.38	38.08	51.92	42.19	24.7	18.38	24.04	48.17	69.72	70.03	82.01	77.2	31.38	46.39	46.01	20.62	73.01	26.91	67.23	23.6	48.88	23.19	13.6	41.23	22.8	4.47	29.73	27.89	51.24	77.19	38.04	75.18	41.87	31.11	45.28
11	22.83	47.1	31.06	41.34	48.1	7.81	34.37	43.17	53.15	8.49	32.0	0.0	28.28	47.01	26.93	50.99	42.05	37.85	57.69	42.0	37.34	35.61	22.02	42.54	39.7	6.32	33.06	55.23	67.94	37.36	54.57	46.84	51.87	32.25	38.33	38.05	59.91	54.92	55.07	15.23	34.01	13.0	50.77	55.03	39.7	26.17	42.58	55.08	26.4	41.23	19.8	34.23	35.61	36.8	67.9	52.07	58.97	49.05	61.51	24.17	67.42
12	29.41	75.33	6.71	39.46	39.32	22.02	10.82	53.74	68.24	24.17	45.61	28.28	0.0	71.57	11.18	70.71	24.17	65.12	84.1	70.11	12.73	55.46	32.45	19.24	26.08	22.8	5.39	79.06	92.65	16.12	70.21	63.89	54.13	4.0	50.33	45.34	83.22	31.62	75.69	24.17	62.2	28.02	74.63	72.47	26.08	51.89	17.8	66.65	48.01	22.36	22.8	49.68	61.74	62.18	92.36	32.57	81.24	69.77	52.84	15.23	89.27
13	67.48	26.68	76.22	85.63	94.02	50.33	80.06	36.36	80.78	55.23	68.6	47.01	71.57	0.0	73.41	16.55	89.01	15.52	55.44	23.02	82.87	19.65	42.01	78.03	67.36	53.24	76.92	64.12	69.58	83.77	80.99	73.54	92.46	75.43	34.01	41.79	13.45	87.28	72.37	47.85	25.0	57.8	4.47	78.45	67.36	46.53	88.26	86.76	55.76	88.1	66.29	67.96	46.84	50.0	70.46	80.66	71.01	13.34	106.63	71.12	78.03
14	19.85	73.11	7.07	28.28	28.86	23.32	8.25	60.8	58.26	20.02	36.07	26.93	11.18	73.41	0.0	75.0	16.28	64.76	78.11	68.36	11.18	59.41	38.29	30.08	37.0	20.62	11.4	71.59	85.42	10.44	60.31	54.45	42.95	12.53	56.85	53.0	85.88	42.06	67.01	29.0	60.3	21.59	76.92	62.94	37.0	46.32	16.0	56.08	40.72	15.0	13.89	40.36	56.04	55.97	85.0	43.64	73.05	73.61	42.69	5.0	80.8
15	73.41	43.01	76.32	92.01	99.09	51.86	80.45	24.33	92.89	59.46	77.82	50.99	70.71	16.55	75.0	0.0	91.21	30.15	71.39	38.83	83.01	15.62	38.48	73.01	60.53	56.57	76.06	79.06	85.51	84.88	93.39	85.62	100.85	74.24	24.02	32.0	16.76	80.4	86.28	46.65	39.0	63.41	14.21	91.41	60.53	57.97	88.32	98.03	66.13	90.0	70.77	78.0	60.3	63.39	86.31	72.87	85.73	3.34	112.47	73.76	93.13
16	27.07	86.31	17.46	23.35	17.72	39.41	13.6	76.84	59.64	34.18	40.5	42.05	24.17	89.01	16.28	91.21	0.0	79.38	87.13	82.0	13.04	75.6	54.49	39.01	49.48	35.78	20.62	78.45	92.35	8.25	61.85	57.71	37.44	22.8	73.0	68.82	101.71	48.66	71.59	45.25	73.98	33.54	92.66	65.51	49.48	57.0	11.7	55.23	49.37	2.0	24.33	44.94	66.12	65.38	91.71	52.73	78.49	89.76	29.74	17.89	85.43
17	55.57	14.87	68.73	73.01	82.15	43.1	72.18	43.42	65.39	45.22	54.49	37.85	65.12	15.52	64.76	30.15	79.38	0.0	41.48	9.43	75.13	25.0	40.5	75.13	66.73	44.15	70.26	49.0	55.54	75.19	65.55	58.18	78.52	69.12	39.62	46.1	28.18	85.87	56.89	43.42	9.49	46.52	19.92	62.94	66.73	31.62	80.41	71.59	41.23	78.75	55.54	53.41	31.32	34.48	56.29	80.37	55.77	26.83	94.08	61.68	63.03
18	60.21	29.02	84.5	70.06	81.06	65.46	86.33	83.19	42.06	59.93	48.0	57.69	84.1	55.44	78.11	71.39	87.13	41.48	0.0	32.56	89.19	65.39	72.92	100.17	96.54	61.77	87.85	14.21	14.14	86.83	40.82	37.34	67.19	87.73	78.77	83.76	65.03	112.61	26.4	70.94	34.01	56.65	59.21	36.06	96.54	32.2	93.41	50.54	37.85	87.48	64.56	44.05	22.36	22.14	15.03	109.48	20.63	68.05	88.21	73.38	24.7
19	56.65	5.83	73.03	72.95	82.76	48.26	76.16	52.8	60.54	48.37	52.8	42.0	70.11	23.02	68.36	38.83	82.0	9.43	32.56	0.0	79.16	34.41	48.3	81.74	74.32	48.04	75.03	41.3	46.69	78.64	60.42	53.54	76.69	74.11	48.92	55.17	33.96	92.97	50.29	50.0	8.06	48.51	27.02	57.27	74.32	29.21	84.29	67.42	39.2	81.58	57.72	50.99	26.08	29.15	47.52	87.95	48.29	35.5	93.84	64.78	55.08
20	30.02	84.02	6.71	33.54	30.27	32.57	3.0	66.47	67.18	31.02	45.8	37.34	12.73	82.87	11.18	83.01	13.04	75.13	89.19	79.16	0.0	67.6	45.0	26.0	36.69	31.14	8.06	82.29	96.18	5.1	69.31	64.03	48.33	10.3	63.03	58.05	94.94	36.14	77.1	36.36	71.11	32.76	86.16	72.35	36.69	57.49	5.39	64.03	51.62	11.05	24.7	50.22	67.19	67.05	95.71	39.77	83.41	81.92	42.76	15.81	90.97
21	58.25	39.82	60.9	76.84	83.63	36.24	65.0	18.44	80.75	44.05	63.91	35.61	55.46	19.65	59.41	15.62	75.6	25.0	65.39	34.41	67.6	0.0	23.77	59.41	48.04	41.04	60.84	70.61	79.12	69.34	81.5	73.55	86.31	59.09	15.0	22.36	28.44	68.03	76.16	31.3	31.38	48.26	21.02	80.1	48.04	46.1	72.95	85.15	53.15	74.4	55.32	64.56	50.36	53.24	79.71	61.17	76.77	14.32	97.11	58.14	84.72
22	43.17	54.12	38.42	60.75	65.37	17.72	42.64	22.83	74.97	28.44	54.01	22.02	32.45	42.01	38.29	38.48	54.49	40.5	72.92	48.3	45.0	23.77	0.0	36.01	26.25	24.52	37.74	73.57	85.0	47.42	76.3	68.45	72.78	35.85	18.6	16.28	52.17	45.71	75.39	9.43	41.88	34.23	44.28	76.4	26.25	44.72	50.22	77.1	47.54	53.04	38.28	56.22	52.7	54.71	85.21	39.88	78.31	37.84	79.31	38.28	86.77
23	48.55	87.36	23.77	57.97	56.14	34.89	26.17	51.48	87.37	41.11	64.64	42.54	19.24	78.03	30.08	73.01	39.01	75.13	100.17	81.74	26.0	59.41	36.01	0.0	14.21	38.6	19.42	96.54	109.81	31.02	89.31	82.8	72.8	17.72	49.65	42.54	87.82	12.73	94.11	31.78	74.33	45.97	80.22	91.4	14.21	68.24	28.44	85.88	65.8	37.01	41.88	68.6	77.94	78.82	109.64	13.84	99.27	72.94	68.75	34.44	107.48
24	52.2	80.11	32.39	65.12	65.38	32.02	35.9	37.95	89.96	41.18	67.23	39.7	26.08	67.36	37.0	60.53	49.48	66.73	96.54	74.32	36.69	48.04	26.25	14.21	0.0	37.74	28.86	94.92	107.48	41.23	91.71	84.53	79.51	26.68	36.67	29.12	76.06	20.0	94.3	25.61	67.54	46.96	69.07	93.06	0.0	65.8	40.31	89.81	65.46	47.54	45.61	70.68	74.97	76.38	107.49	13.64	98.58	60.82	78.77	40.2	107.0
25	18.68	53.01	25.0	36.67	42.64	7.0	28.16	46.82	52.81	4.0	30.59	6.32	22.8	53.24	20.62	56.57	35.78	44.15	61.77	48.04	31.14	41.04	24.52	38.6	37.74	0.0	27.29	58.05	71.22	31.05	54.42	47.01	48.27	26.68	42.15	40.79	66.04	51.22	56.61	16.0	40.01	10.05	56.94	55.46	37.74	29.68	36.35	53.76	27.8	34.93	14.42	33.53	39.45	40.22	71.06	49.24	61.18	54.78	56.27	17.89	69.53
26	31.11	80.16	4.47	38.6	37.0	27.17	7.07	58.73	69.66	28.16	47.38	33.06	5.39	76.92	11.4	76.06	20.62	70.26	87.85	75.03	8.06	60.84	37.74	19.42	28.86	27.29	0.0	82.15	95.88	12.37	71.7	65.76	53.45	2.24	55.44	50.21	88.6	30.87	78.1	29.55	67.07	31.3	80.01	74.28	28.86	55.71	12.73	67.42	51.11	18.68	24.84	51.62	65.55	65.8	95.52	33.24	83.95	75.14	50.06	16.28	91.83
27	52.39	39.29	78.39	59.3	70.26	62.97	79.61	87.28	28.23	55.44	38.08	55.23	79.06	64.12	71.59	79.06	78.45	49.0	14.21	41.3	82.29	70.61	73.57	96.54	94.92	58.05	82.15	0.0	13.93	79.31	26.83	24.33	54.59	82.38	82.54	86.41	75.13	109.22	12.21	69.81	40.11	51.04	68.26	21.95	94.92	29.21	86.01	36.77	31.06	79.06	57.71	33.73	21.02	18.87	13.42	107.14	7.13	75.76	76.1	66.65	14.14
28	66.31	43.1	92.18	72.84	83.73	75.74	93.47	96.66	39.46	68.82	51.92	67.94	92.65	69.58	85.42	85.51	92.35	55.54	14.14	46.69	96.18	79.12	85.0	109.81	107.48	71.22	95.88	13.93	0.0	93.23	37.66	37.01	67.07	96.04	92.14	96.75	79.0	122.44	23.09	82.07	47.76	64.66	73.33	32.56	107.48	41.77	99.92	47.85	44.78	92.97	71.55	47.54	32.56	31.14	1.41	120.01	15.46	82.17	88.82	80.5	14.21
29	26.93	83.29	9.43	28.65	25.18	33.54	5.39	69.43	63.03	30.27	42.19	37.36	16.12	83.77	10.44	84.88	8.25	75.19	86.83	78.64	5.1	69.34	47.42	31.02	41.23	31.05	12.37	79.31	93.23	0.0	65.19	60.22	43.38	14.56	65.76	61.22	96.15	41.23	73.57	38.42	70.58	31.06	87.24	68.41	41.23	55.58	6.71	59.55	49.04	6.32	22.36	46.65	65.12	64.76	92.7	44.81	80.08	83.61	37.83	14.0	87.46
30	40.8	60.46	67.36	39.36	49.4	61.03	67.18	95.05	2.24	50.7	24.7	54.57	70.21	80.99	60.31	93.39	61.85	65.55	40.82	60.42	69.31	81.5	76.3	89.31	91.71	54.42	71.7	26.83	37.66	65.19	0.0	8.0	30.27	72.62	90.05	91.66	93.62	101.83	14.87	69.64	56.08	44.78	85.44	5.1	91.71	35.51	71.7	10.2	29.07	63.01	47.43	21.02	34.44	31.3	36.5	101.88	22.27	90.35	52.07	55.44	26.08
31	34.66	54.04	61.52	36.4	47.07	53.49	61.72	87.05	7.28	43.38	18.38	46.84	63.89	73.54	54.45	85.62	57.71	58.18	37.34	53.54	64.03	73.55	68.45	82.8	84.53	47.01	65.76	24.33	37.01	60.22	8.0	0.0	30.27	66.53	82.05	83.73	86.33	95.43	14.32	61.98	48.75	37.59	78.0	8.6	84.53	27.66	66.85	14.14	21.1	58.67	41.11	14.21	27.46	24.41	36.06	95.08	21.81	82.61	51.87	49.5	27.86
32	29.61	78.82	49.04	14.87	21.26	55.11	47.17	94.92	28.16	44.38	24.04	51.87	54.13	92.46	42.95	100.85	37.44	78.52	67.19	76.69	48.33	86.31	72.78	72.8	79.51	48.27	53.45	54.59	67.07	43.38	30.27	30.27	0.0	55.08	90.14	89.05	105.89	84.15	44.01	63.95	70.04	38.9	96.83	35.13	79.51	47.51	48.88	20.88	37.54	39.12	35.13	25.81	52.48	50.12	66.03	86.52	51.66	98.37	21.84	39.32	56.32
33	31.89	79.31	6.08	40.26	39.01	26.02	9.22	56.64	70.6	27.86	48.17	32.25	4.0	75.43	12.53	74.24	22.8	69.12	87.73	74.11	10.3	59.09	35.85	17.72	26.68	26.68	2.24	82.38	96.04	14.56	72.62	66.53	55.08	0.0	53.41	48.08	86.98	29.53	78.64	27.86	66.19	31.38	78.45	75.07	26.68	55.54	14.87	68.6	51.31	20.88	25.46	52.35	65.39	65.74	95.72	31.47	84.36	73.38	52.17	17.2	92.31
34	60.75	54.49	56.59	78.79	83.86	35.78	60.83	5.0	89.01	45.88	69.72	38.33	50.33	34.01	56.85	24.02	73.0	39.62	78.77	48.92	63.03	15.0	18.6	49.65	36.67	42.15	55.44	82.54	92.14	65.76	90.05	82.05	90.14	53.41	0.0	8.06	40.2	56.44	86.68	28.02	44.94	51.24	34.48	89.36	36.67	55.73	68.12	92.27	61.01	71.51	56.36	71.25	61.68	64.29	92.61	48.85	88.24	24.74	97.77	56.86	96.46
35	59.44	60.88	51.86	76.84	80.96	33.96	56.08	8.94	90.45	44.72	70.03	38.05	45.34	41.79	53.0	32.0	68.82	46.1	83.76	55.17	58.05	22.36	16.28	42.54	29.12	40.79	50.21	86.41	96.75	61.22	91.66	83.73	89.05	48.08	8.06	0.0	48.26	48.66	89.56	25.3	50.45	50.49	42.45	91.41	29.12	58.52	62.94	93.01	62.65	67.2	54.41	72.03	65.39	67.78	97.13	40.93	91.73	32.8	94.94	53.67	100.09
36	80.81	36.12	88.24	99.04	107.3	62.61	92.2	41.0	93.52	68.24	82.01	59.91	83.22	13.45	85.88	16.76	101.71	28.18	65.03	33.96	94.94	28.44	52.17	87.82	76.06	66.04	88.6	75.13	79.0	96.15	93.62	86.33	105.89	86.98	40.2	48.26	0.0	96.05	84.2	59.14	37.58	71.06	9.22	90.82	76.06	59.68	100.32	99.76	69.07	100.72	79.4	81.27	59.24	62.39	80.01	88.82	82.17	15.46	120.01	83.86	88.68
37	61.03	98.68	35.34	69.29	66.29	47.17	37.0	57.27	99.86	53.81	77.2	54.92	31.62	87.28	42.06	80.4	48.66	85.87	112.61	92.97	36.14	68.03	45.71	12.73	20.0	51.22	30.87	109.22	122.44	41.23	101.83	95.43	84.15	29.53	56.44	48.66	96.05	0.0	106.83	43.08	85.8	58.69	89.05	104.02	20.0	80.8	37.22	98.11	78.52	46.69	54.41	81.22	90.44	91.4	122.29	8.61	112.0	80.78	78.06	46.65	120.21
38	47.2	49.24	74.03	50.7	61.39	62.43	74.63	91.59	16.49	53.41	31.38	55.07	75.69	72.37	67.01	86.28	71.59	56.89	26.4	50.29	77.1	76.16	75.39	94.11	94.3	56.61	78.1	12.21	23.09	73.57	14.87	14.32	44.01	78.64	86.68	89.56	84.2	106.83	0.0	70.24	47.52	48.17	76.69	9.85	94.3	31.05	80.26	25.0	28.84	72.45	53.26	26.93	26.02	23.0	22.02	105.7	7.64	83.08	65.8	62.01	13.89
39	34.37	55.66	29.68	51.55	55.95	9.0	33.84	32.25	68.15	20.0	46.39	15.23	24.17	47.85	29.0	46.65	45.25	43.42	70.94	50.0	36.36	31.3	9.43	31.78	25.61	16.0	29.55	69.81	82.07	38.42	69.64	61.98	63.95	27.86	28.02	25.3	59.14	43.08	70.24	0.0	42.72	26.02	50.7	70.23	25.61	40.61	41.68	69.58	41.63	43.86	29.12	49.03	49.52	51.09	82.13	38.8	73.9	45.62	69.9	28.84	82.38
40	48.85	13.15	65.01	65.51	75.13	40.45	68.12	49.24	55.95	40.31	46.01	34.01	62.2	25.0	60.3	39.0	73.98	9.49	34.01	8.06	71.11	31.38	41.88	74.33	67.54	40.01	67.07	40.11	47.76	70.58	56.08	48.75	70.04	66.19	44.94	50.45	37.58	85.8	47.52	42.72	0.0	40.52	29.41	53.45	67.54	22.67	76.24	62.27	32.53	73.55	49.73	44.6	21.84	25.0	48.38	81.09	46.73	35.73	86.5	56.72	54.23
41	10.0	52.77	27.86	28.6	36.24	17.03	29.83	56.04	43.08	6.08	20.62	13.0	28.02	57.8	21.59	63.41	33.54	46.52	56.65	48.51	32.76	48.26	34.23	45.97	46.96	10.05	31.3	51.04	64.66	31.06	44.78	37.59	38.9	31.38	51.24	50.49	71.06	58.69	48.17	26.02	40.52	0.0	61.85	46.14	46.96	24.74	37.34	43.74	20.0	33.24	9.22	23.77	34.48	34.54	64.35	57.67	53.36	61.27	49.18	17.12	61.52
42	71.59	30.27	79.48	89.83	98.08	53.71	83.38	36.25	85.23	59.08	73.01	50.77	74.63	4.47	76.92	14.21	92.66	19.92	59.21	27.02	86.16	21.02	44.28	80.22	69.07	56.94	80.01	68.26	73.33	87.24	85.44	78.0	96.83	78.45	34.48	42.45	9.22	89.05	76.69	50.7	29.41	61.85	0.0	82.86	69.07	51.0	91.55	91.24	60.21	91.71	70.21	72.4	51.24	54.41	74.24	82.16	75.19	11.38	110.79	74.79	82.1
43	43.19	56.94	70.01	43.46	53.76	61.85	70.09	94.34	7.0	51.88	26.91	55.03	72.47	78.45	62.94	91.41	65.51	62.94	36.06	57.27	72.35	80.1	76.4	91.4	93.06	55.46	74.28	21.95	32.56	68.41	5.1	8.6	35.13	75.07	89.36	91.41	90.82	104.02	9.85	70.23	53.45	46.14	82.86	0.0	93.06	34.01	75.0	15.3	28.86	66.57	49.68	22.8	31.62	28.46	31.4	103.67	17.18	88.31	56.96	58.0	21.21
44	52.2	80.11	32.39	65.12	65.38	32.02	35.9	37.95	89.96	41.18	67.23	39.7	26.08	67.36	37.0	60.53	49.48	66.73	96.54	74.32	36.69	48.04	26.25	14.21	0.0	37.74	28.86	94.92	107.48	41.23	91.71	84.53	79.51	26.68	36.67	29.12	76.06	20.0	94.3	25.61	67.54	46.96	69.07	93.06	0.0	65.8	40.31	89.81	65.46	47.54	45.61	70.68	74.97	76.38	107.49	13.64	98.58	60.82	78.77	40.2	107.0
45	30.07	31.76	52.5	44.38	54.71	33.97	54.57	60.67	34.93	27.73	23.6	26.17	51.89	46.53	46.32	57.97	57.0	31.62	32.2	29.21	57.49	46.1	44.72	68.24	65.8	29.68	55.71	29.21	41.77	55.58	35.51	27.66	47.51	55.54	55.73	58.52	59.68	80.8	31.05	40.61	22.67	24.74	51.0	34.01	65.8	0.0	61.98	40.31	10.0	57.04	33.24	21.93	9.85	10.63	41.73	78.24	33.59	55.0	65.0	41.77	42.06
46	33.62	89.09	12.08	34.41	29.41	37.95	8.25	71.45	69.53	36.01	48.88	42.58	17.8	88.26	16.0	88.32	11.7	80.41	93.41	84.29	5.39	72.95	50.22	28.44	40.31	36.35	12.73	86.01	99.92	6.71	71.7	66.85	48.88	14.87	68.12	62.94	100.32	37.22	80.26	41.68	76.24	37.34	91.55	75.0	40.31	61.98	0.0	65.8	55.66	9.85	28.86	53.34	71.59	71.31	99.4	41.85	86.79	87.26	40.85	20.22	94.15
47	37.7	68.12	62.97	32.02	41.18	60.67	62.2	97.25	8.54	49.82	23.19	55.08	66.65	86.76	56.08	98.03	55.23	71.59	50.54	67.42	64.03	85.15	77.1	85.88	89.81	53.76	67.42	36.77	47.85	59.55	10.2	14.14	20.88	68.6	92.27	93.01	99.76	98.11	25.0	69.58	62.27	43.74	91.24	15.3	89.81	40.31	65.8	0.0	32.02	56.59	44.38	21.02	41.4	38.42	46.69	98.98	32.47	95.14	42.43	51.48	36.0
48	22.36	41.68	47.41	34.79	45.35	33.62	48.85	66.01	28.0	24.76	13.6	26.4	48.01	55.76	40.72	66.13	49.37	41.23	37.85	39.2	51.62	53.15	47.54	65.8	65.46	27.8	51.11	31.06	44.78	49.04	29.07	21.1	37.54	51.31	61.01	62.65	69.07	78.52	28.84	41.63	32.53	20.0	60.21	28.86	65.46	10.0	55.66	32.02	0.0	49.65	26.93	12.21	17.12	16.03	44.42	77.0	33.49	63.3	55.16	35.85	41.77
49	27.29	85.99	15.65	24.84	19.65	38.28	11.7	75.29	60.8	33.53	41.23	41.23	22.36	88.1	15.0	90.0	2.0	78.75	87.48	81.58	11.05	74.4	53.04	37.01	47.54	34.93	18.68	79.06	92.97	6.32	63.01	58.67	39.12	20.88	71.51	67.2	100.72	46.69	72.45	43.86	73.55	33.24	91.71	66.57	47.54	57.04	9.85	56.59	49.65	0.0	24.08	45.69	66.27	65.62	92.36	50.73	79.27	88.6	31.74	17.09	86.31
50	6.71	61.98	20.81	22.47	28.32	20.62	21.93	60.93	45.49	11.31	22.8	19.8	22.8	66.29	13.89	70.77	24.33	55.54	64.56	57.72	24.7	55.32	38.28	41.88	45.61	14.42	24.84	57.71	71.55	22.36	47.43	41.11	35.13	25.46	56.36	54.41	79.4	54.41	53.26	29.12	49.73	9.22	70.21	49.68	45.61	33.24	28.86	44.38	26.93	24.08	0.0	26.91	42.76	42.45	71.12	54.67	59.19	68.85	41.86	8.94	67.01
51	20.52	53.01	47.42	26.02	37.01	40.26	47.8	76.24	19.31	29.73	4.47	34.23	49.68	67.96	40.36	78.0	44.94	53.41	44.05	50.99	50.22	64.56	56.22	68.6	70.68	33.53	51.62	33.73	47.54	46.65	21.02	14.21	25.81	52.35	71.25	72.03	81.27	81.22	26.93	49.03	44.6	23.77	72.4	22.8	70.68	21.93	53.34	21.02	12.21	45.69	26.91	0.0	26.83	24.7	46.84	80.96	33.57	75.25	44.95	35.38	40.82
52	39.05	26.87	62.3	51.66	62.37	43.42	64.29	66.48	34.48	37.58	29.73	35.61	61.74	46.84	56.04	60.3	66.12	31.32	22.36	26.08	67.19	50.36	52.7	77.94	74.97	39.45	65.55	21.02	32.56	65.12	34.44	27.46	52.48	65.39	61.68	65.39	59.24	90.44	26.02	49.52	21.84	34.48	51.24	31.62	74.97	9.85	71.59	41.4	17.12	66.27	42.76	26.83	0.0	3.16	32.65	87.64	26.57	57.11	71.58	51.42	34.79
53	38.33	29.73	62.39	50.01	60.83	44.6	64.2	69.12	31.38	38.08	27.89	36.8	62.18	50.0	55.97	63.39	65.38	34.48	22.14	29.15	67.05	53.24	54.71	78.82	76.38	40.22	65.8	18.87	31.14	64.76	31.3	24.41	50.12	65.74	64.29	67.78	62.39	91.4	23.0	51.09	25.0	34.54	54.41	28.46	76.38	10.63	71.31	38.42	16.03	65.62	42.45	24.7	3.16	0.0	31.11	88.86	23.97	60.21	69.61	51.24	32.31
54	65.8	44.05	91.79	72.01	82.87	75.69	93.02	97.17	38.33	68.6	51.24	67.9	92.36	70.46	85.0	86.31	91.71	56.29	15.03	47.52	95.71	79.71	85.21	109.64	107.49	71.06	95.52	13.42	1.41	92.7	36.5	36.06	66.03	95.72	92.61	97.13	80.01	122.29	22.02	82.13	48.38	64.35	74.24	31.4	107.49	41.73	99.4	46.69	44.42	92.36	71.12	46.84	32.65	31.11	0.0	119.95	14.38	82.98	87.8	80.06	12.81
55	61.38	93.73	37.54	71.72	69.97	44.27	40.01	49.34	100.01	52.29	77.19	52.07	32.57	80.66	43.64	72.87	52.73	80.37	109.48	87.95	39.77	61.17	39.88	13.84	13.64	49.24	33.24	107.14	120.01	44.81	101.88	95.08	86.52	31.47	48.85	40.93	88.82	8.61	105.7	38.8	81.09	57.67	82.16	103.67	13.64	78.24	41.85	98.98	77.0	50.73	54.67	80.96	87.64	88.86	119.95	0.0	110.41	73.44	82.45	47.78	118.76
56	53.4	46.4	80.0	58.05	68.83	66.57	80.85	93.05	24.02	58.25	38.04	58.97	81.24	71.01	73.05	85.73	78.49	55.77	20.63	48.29	83.41	76.77	78.31	99.27	98.58	61.18	83.95	7.13	15.46	80.08	22.27	21.81	51.66	84.36	88.24	91.73	82.17	112.0	7.64	73.9	46.73	53.36	75.19	17.18	98.58	33.59	86.79	32.47	33.49	79.27	59.19	33.57	26.57	23.97	14.38	110.41	0.0	82.45	73.44	68.05	8.48
57	71.26	39.7	75.22	89.83	97.14	50.35	79.31	25.69	89.89	57.53	75.18	49.05	69.77	13.34	73.61	3.34	89.76	26.83	68.05	35.5	81.92	14.32	37.84	72.94	60.82	54.78	75.14	75.76	82.17	83.61	90.35	82.61	98.37	73.38	24.74	32.8	15.46	80.78	83.08	45.62	35.73	61.27	11.38	88.31	60.82	55.0	87.26	95.14	63.3	88.6	68.85	75.25	57.11	60.21	82.98	73.44	82.45	0.0	110.41	72.17	89.83
58	39.26	96.76	46.39	21.08	13.98	62.09	42.99	102.14	49.98	53.07	41.87	61.51	52.84	106.63	42.69	112.47	29.74	94.08	88.21	93.84	42.76	97.11	79.31	68.75	78.77	56.27	50.06	76.1	88.82	37.83	52.07	51.87	21.84	52.17	97.77	94.94	120.01	78.06	65.8	69.9	86.5	49.18	110.79	56.96	78.77	65.0	40.85	42.43	55.16	31.74	41.86	44.95	71.58	69.61	87.8	82.45	73.44	110.41	0.0	41.3	78.14
59	14.87	69.35	12.04	25.0	27.31	21.93	13.0	61.06	53.41	16.49	31.11	24.17	15.23	71.12	5.0	73.76	17.89	61.68	73.38	64.78	15.81	58.14	38.28	34.44	40.2	17.89	16.28	66.65	80.5	14.0	55.44	49.5	39.32	17.2	56.86	53.67	83.86	46.65	62.01	28.84	56.72	17.12	74.79	58.0	40.2	41.77	20.22	51.48	35.85	17.09	8.94	35.38	51.42	51.24	80.06	47.78	68.05	72.17	41.3	0.0	75.8
60	61.03	52.61	87.8	64.2	74.73	75.0	88.48	101.24	28.16	66.53	45.28	67.42	89.27	78.03	80.8	93.13	85.43	63.03	24.7	55.08	90.97	84.72	86.77	107.48	107.0	69.53	91.83	14.14	14.21	87.46	26.08	27.86	56.32	92.31	96.46	100.09	88.68	120.21	13.89	82.38	54.23	61.52	82.1	21.21	107.0	42.06	94.15	36.0	41.77	86.31	67.01	40.82	34.79	32.31	12.81	118.76	8.48	89.83	78.14	75.8	0.0
;
