vehicles
vehicle_idx, capacity, cost_per_unit_distance
1,100,3
2,100,3
3,100,3
4,100,3
5,100,3
6,100,3
7,100,3
8,100,3
9,100,3
depot
node_idx,x,y
0,27,93
home delivery customers
node_idx,x,y,service_time,demand
1,45,9,10,6
2,95,27,10,18
3,81,85,10,20
4,69,69,10,5
5,15,95,10,11
6,19,39,10,17
7,1,13,10,9
8,15,39,10,11
9,83,17,10,2
10,59,69,10,5
11,93,83,10,2
12,31,97,10,21
13,85,37,10,21
14,53,11,10,48
15,15,77,10,1
16,45,17,10,42
17,13,25,10,2
18,47,7,10,11
19,85,35,10,18
20,89,81,10,22
21,65,93,10,23
self pickup customers
node_idx,x,y,service_time,demand,locker_idxs
22,29,39,10,2,65-61-60
23,7,81,10,7,62-61
24,49,9,10,9,64-60-61
25,21,53,10,17,62-68-61-60
26,7,65,10,19,68-61-60
27,37,81,10,13,63-61-60
28,11,95,10,1,68-61-60
29,45,11,10,20,68-60-61
30,35,43,10,24,65-61-60
31,19,83,10,18,62-61-60
32,85,77,10,2,69-61-60
33,83,87,10,17,69-61
34,15,69,10,11,62-61-60
35,57,9,10,20,70-60-61
36,21,29,10,18,68-61-60
37,41,69,10,17,63-61-60
38,63,57,10,4,66-61
39,55,91,10,18,63-66-69-61-60
40,61,69,10,9,63-66-69-61-60
flexible customers
node_idx,x,y,service_time,demand,locker_idxs
41,33,27,10,16,68-60-61
42,1,59,10,11,68-62-65-61
43,79,89,10,21,63-66-69-61-60
44,81,83,10,23,69-66-63-61-60
45,85,11,10,10,70-67-64-60-61
46,89,75,10,24,66-69-60-61
47,33,93,10,2,62-61
48,57,83,10,3,69-66-63-61-60
49,3,57,10,5,68-65-62-61-60
50,43,61,10,23,69-65-68-61
51,83,69,10,19,66-69-60-61
52,41,97,10,6,63-61
53,31,61,10,9,62-68-65-61-60
54,29,15,10,9,66-60
55,63,97,10,14,66-63-61-60
56,65,57,10,19,66-69-60-61
57,95,5,10,24,70-64-60
58,3,31,10,21,68-61
59,45,47,10,9,68-65-61-60
lockers
node_idx,x,y,service_time,capacity,cost_per_unit_good
60,93,12,10,73
61,22,88,10,75
62,13,62,10,96
63,59,87,10,82
64,72,11,10,76
65,22,58,10,93
66,65,77,10,96
67,73,21,10,77
68,20,49,10,81
69,65,70,10,88
70,78,17,10,78
mrt lines
start_node_idx,end_node_idx,freight_capacity,cost_per_unit_good
distance matrix
,0,1,2,3,4,5,6,7,8,9,10,11,12,13,14,15,16,17,18,19,20,21,22,23,24,25,26,27,28,29,30,31,32,33,34,35,36,37,38,39,40,41,42,43,44,45,46,47,48,49,50,51,52,53,54,55,56,57,58,59,60,61,62,63,64,65,66,67,68,69,70,
0,0.0,85.91,94.76,54.59,48.37,12.17,54.59,84.12,55.32,94.4,40.0,66.75,5.66,80.62,86.02,20.0,78.1,69.43,88.29,82.02,63.15,38.0,54.04,23.32,86.83,40.45,34.41,15.62,16.12,83.95,50.64,12.81,60.17,56.32,26.83,89.2,64.28,27.78,50.91,28.07,41.62,66.27,42.8,52.15,54.92,100.44,64.56,6.0,31.62,43.27,35.78,60.93,14.56,32.25,78.03,36.22,52.35,111.21,66.48,49.4,104.48,7.07,34.01,32.56,93.54,35.36,41.23,85.44,44.55,44.42,91.53
1,85.91,0.0,53.14,84.1,64.62,91.08,39.7,44.18,42.43,38.83,61.61,88.2,89.11,48.83,8.25,74.32,8.0,35.78,2.83,47.71,84.38,86.35,34.0,81.41,4.0,50.12,67.68,72.44,92.48,2.0,35.44,78.43,78.89,86.76,67.08,12.0,31.24,60.13,51.26,82.61,62.1,21.63,66.6,86.93,82.29,40.05,79.32,84.85,74.97,63.78,52.04,71.02,88.09,53.85,17.09,89.82,52.0,50.16,47.41,38.0,48.09,82.28,61.91,79.25,27.07,54.13,70.88,30.46,47.17,64.2,33.96
2,94.76,53.14,0.0,59.67,49.4,105.0,76.94,95.04,80.89,15.62,55.32,56.04,94.85,14.14,44.94,94.34,50.99,82.02,52.0,12.81,54.33,72.5,67.08,103.25,49.4,78.43,95.85,79.25,108.07,52.5,62.1,94.4,50.99,61.19,90.35,42.05,74.03,68.41,43.86,75.47,54.04,62.0,99.3,64.03,57.72,18.87,48.37,90.55,67.68,96.77,62.13,43.68,88.41,72.47,67.08,76.97,42.43,22.0,92.09,53.85,15.13,95.13,89.16,69.97,28.02,79.31,58.31,22.8,78.16,52.43,19.72
3,54.59,84.1,59.67,0.0,20.0,66.75,77.2,107.63,80.45,68.03,27.2,12.17,51.42,48.17,79.12,66.48,76.94,90.69,85.09,50.16,8.94,17.89,69.43,74.11,82.46,68.0,76.66,44.18,70.71,82.29,62.29,62.03,8.94,2.83,67.91,79.7,82.07,43.08,33.29,26.68,25.61,75.29,84.12,4.47,2.0,74.11,12.81,48.66,24.08,82.87,44.94,16.12,41.76,55.46,87.2,21.63,32.25,81.22,94.87,52.35,73.98,59.08,71.78,22.09,74.55,64.88,17.89,64.5,70.83,21.93,68.07
4,48.37,64.62,49.4,20.0,0.0,59.93,58.31,88.09,61.77,53.85,10.0,27.78,47.2,35.78,60.17,54.59,57.27,71.22,65.79,37.58,23.32,24.33,50.0,63.15,63.25,50.6,62.13,34.18,63.56,62.77,42.8,51.92,17.89,22.8,54.0,61.19,62.48,28.0,13.42,26.08,8.0,55.32,68.73,22.36,18.44,60.17,20.88,43.27,18.44,67.08,27.2,14.0,39.6,38.83,67.2,28.64,12.65,69.08,76.16,32.56,61.85,50.7,56.44,20.59,58.08,48.27,8.94,48.17,52.92,4.12,52.77
5,12.17,91.08,105.0,66.75,59.93,0.0,56.14,83.19,56.0,103.48,51.11,78.92,16.12,90.91,92.2,18.0,83.57,70.03,93.64,92.2,75.31,50.04,57.72,16.12,92.48,42.43,31.05,26.08,4.0,89.2,55.71,12.65,72.28,68.47,26.0,95.71,66.27,36.77,61.22,40.2,52.84,70.34,38.63,64.28,67.08,109.34,76.66,18.11,43.68,39.85,44.05,72.8,26.08,37.58,81.22,48.04,62.8,120.42,65.12,56.6,113.9,9.9,33.06,44.72,101.51,37.66,53.14,94.02,46.27,55.9,100.26
6,54.59,39.7,76.94,77.2,58.31,56.14,0.0,31.62,4.0,67.68,50.0,86.09,59.23,66.03,44.05,38.21,34.06,15.23,42.52,66.12,81.63,70.94,10.0,43.68,42.43,14.14,28.64,45.69,56.57,38.21,16.49,44.0,76.16,80.0,30.27,48.41,10.2,37.2,47.54,63.25,51.61,18.44,26.91,78.1,76.03,71.69,78.71,55.79,58.14,24.08,32.56,70.68,62.03,25.06,26.0,72.8,49.4,83.26,17.89,27.2,78.77,49.09,23.77,62.48,59.94,19.24,59.67,56.92,10.05,55.47,62.97
7,84.12,44.18,95.04,107.63,88.09,83.19,31.62,0.0,29.53,82.1,80.62,115.6,89.2,87.36,52.04,65.51,44.18,16.97,46.39,86.83,111.21,102.45,38.21,68.26,48.17,44.72,52.35,76.94,82.61,44.05,45.34,72.28,105.6,110.45,57.72,56.14,25.61,68.82,76.03,94.87,82.07,34.93,46.0,108.9,106.3,84.02,107.65,86.16,89.64,44.05,63.78,99.3,93.04,56.6,28.07,104.4,77.67,94.34,18.11,55.61,92.01,77.88,50.45,94.02,71.03,49.66,90.51,72.44,40.71,85.7,77.1
8,55.32,42.43,80.89,80.45,61.77,56.0,4.0,29.53,0.0,71.47,53.25,89.55,60.17,70.03,47.2,38.0,37.2,14.14,45.25,70.11,85.09,73.59,14.0,42.76,45.34,15.23,27.2,47.41,56.14,41.04,20.4,44.18,79.65,83.23,30.0,51.61,11.66,39.7,51.26,65.6,54.92,21.63,24.41,81.22,79.32,75.39,82.29,56.92,60.83,21.63,35.61,74.32,63.56,27.2,27.78,75.29,53.14,86.93,14.42,31.05,82.54,49.5,23.09,65.12,63.51,20.25,62.8,60.73,11.18,58.83,66.73
9,94.4,38.83,15.62,68.03,53.85,103.48,67.68,82.1,71.47,0.0,57.27,66.75,95.41,20.1,30.59,90.69,38.0,70.46,37.36,18.11,64.28,78.1,58.31,99.36,34.93,71.69,89.89,78.82,106.15,38.47,54.59,91.93,60.03,70.0,85.6,27.2,63.15,66.84,44.72,79.12,56.46,50.99,92.13,72.11,66.03,6.32,58.31,90.97,70.94,89.44,59.46,52.0,90.35,68.12,54.04,82.46,43.86,16.97,81.22,48.41,11.18,93.61,83.22,74.0,12.53,73.5,62.64,10.77,70.66,55.97,5.0
10,40.0,61.61,55.32,27.2,10.0,51.11,50.0,80.62,53.25,57.27,0.0,36.77,39.6,41.23,58.31,44.72,53.85,63.66,63.15,42.8,32.31,24.74,42.43,53.37,60.83,41.23,52.15,25.06,54.59,59.67,35.38,42.38,27.2,30.0,44.0,60.03,55.17,18.0,12.65,22.36,2.0,49.4,58.86,28.28,26.08,63.56,30.59,35.38,14.14,57.27,17.89,24.0,33.29,29.12,61.77,28.28,13.42,73.43,67.68,26.08,66.37,41.59,46.53,18.0,59.44,38.6,10.0,50.0,43.83,6.08,55.36
11,66.75,88.2,56.04,12.17,27.78,78.92,86.09,115.6,89.55,66.75,36.77,0.0,63.56,46.69,82.37,78.23,81.61,98.81,88.84,48.66,4.47,29.73,77.67,86.02,86.09,78.0,87.86,56.04,82.87,86.53,70.46,74.0,10.0,10.77,79.25,82.29,90.0,53.85,39.7,38.83,34.93,82.07,95.08,15.23,12.0,72.44,8.94,60.83,36.0,93.68,54.63,17.2,53.85,65.79,93.38,33.11,38.21,78.03,103.94,60.0,71.0,71.18,82.71,34.23,75.0,75.27,28.64,65.15,80.53,30.87,67.68
12,5.66,89.11,94.85,51.42,47.2,16.12,59.23,89.2,60.17,95.41,39.6,63.56,0.0,80.72,88.77,25.61,81.22,74.22,91.41,82.22,60.17,34.23,58.03,28.84,89.82,45.12,40.0,17.09,20.1,87.13,54.15,18.44,57.58,52.95,32.25,91.76,68.73,29.73,51.22,24.74,41.04,70.03,48.41,48.66,51.92,101.55,62.03,4.47,29.53,48.83,37.95,59.06,10.0,36.0,82.02,32.0,52.5,112.07,71.69,51.92,105.21,12.73,39.36,29.73,95.27,40.02,39.45,86.83,49.24,43.42,92.78
13,80.62,48.83,14.14,48.17,35.78,90.91,66.03,87.36,70.03,20.1,41.23,46.69,80.72,0.0,41.23,80.62,44.72,72.99,48.41,2.0,44.18,59.46,56.04,89.55,45.61,65.97,82.87,65.12,94.02,47.71,50.36,80.45,40.0,50.04,76.97,39.6,64.5,54.41,29.73,61.77,40.0,52.95,86.83,52.35,46.17,26.0,38.21,76.42,53.85,84.4,48.37,32.06,74.4,59.09,60.17,63.91,28.28,33.53,82.22,41.23,26.25,81.06,76.22,56.36,29.07,66.41,44.72,20.0,66.1,38.59,21.19
14,86.02,8.25,44.94,79.12,60.17,92.2,44.05,52.04,47.2,30.59,58.31,82.37,88.77,41.23,0.0,76.16,10.0,42.38,7.21,40.0,78.71,82.87,36.88,83.76,4.47,52.8,70.94,71.81,93.91,8.0,36.72,79.62,73.35,81.71,69.34,4.47,36.72,59.23,47.07,80.02,58.55,25.61,70.77,82.22,77.25,32.0,73.43,84.4,72.11,67.94,50.99,65.3,86.83,54.63,24.33,86.58,47.54,42.43,53.85,36.88,40.01,83.01,64.82,76.24,19.0,56.3,67.08,22.36,50.33,60.21,25.71
15,20.0,74.32,94.34,66.48,54.59,18.0,38.21,65.51,38.0,90.69,44.72,78.23,25.61,80.62,76.16,0.0,67.08,52.04,76.97,81.63,74.11,52.5,40.5,8.94,76.03,24.74,14.42,22.36,18.44,72.5,39.45,7.21,70.0,68.73,8.0,79.92,48.37,27.2,52.0,42.38,46.69,53.14,22.8,65.12,66.27,96.21,74.03,24.08,42.43,23.32,32.25,68.47,32.8,22.63,63.56,52.0,53.85,107.63,47.54,42.43,101.53,13.04,15.13,45.12,87.21,20.25,50.0,80.62,28.44,50.49,87.0
16,78.1,8.0,50.99,76.94,57.27,83.57,34.06,44.18,37.2,38.0,53.85,81.61,81.22,44.72,10.0,67.08,0.0,32.98,10.2,43.86,77.67,78.59,27.2,74.43,8.94,43.27,61.22,64.5,85.09,6.0,27.86,70.94,72.11,79.65,60.03,14.42,26.83,52.15,43.86,74.67,54.41,15.62,60.83,79.62,75.18,40.45,72.8,76.94,67.08,58.0,44.05,64.4,80.1,46.17,16.12,82.0,44.72,51.42,44.27,30.0,48.26,74.63,55.22,71.39,27.66,47.01,63.25,28.28,40.61,56.65,33.0
17,69.43,35.78,82.02,90.69,71.22,70.03,15.23,16.97,14.14,70.46,63.66,98.81,74.22,72.99,42.38,52.04,32.98,0.0,38.47,72.69,94.4,85.6,21.26,56.32,39.4,29.12,40.45,60.93,70.03,34.93,28.43,58.31,88.81,93.51,44.05,46.82,8.94,52.15,59.36,78.23,65.12,20.1,36.06,91.93,89.38,73.35,90.97,70.88,72.8,33.53,46.86,82.68,77.25,40.25,18.87,87.66,61.06,84.4,11.66,38.83,81.05,63.64,37.0,77.2,60.64,34.21,73.54,60.13,25.0,68.77,65.49
18,88.29,2.83,52.0,85.09,65.79,93.64,42.52,46.39,45.25,37.36,63.15,88.84,91.41,48.41,7.21,76.97,10.2,38.47,0.0,47.2,85.09,87.86,36.72,84.12,2.83,52.84,70.46,74.67,95.08,4.47,37.95,80.99,79.65,87.73,69.77,10.2,34.06,62.29,52.5,84.38,63.56,24.41,69.43,88.02,83.26,38.21,79.92,87.13,76.66,66.6,54.15,71.69,90.2,56.32,19.7,91.41,53.14,48.04,50.12,40.05,46.27,84.77,64.66,80.89,25.32,56.8,72.28,29.53,49.93,65.52,32.57
19,82.02,47.71,12.81,50.16,37.58,92.2,66.12,86.83,70.11,18.11,42.8,48.66,82.22,2.0,40.0,81.63,43.86,72.69,47.2,0.0,46.17,61.35,56.14,90.55,44.41,66.48,83.57,66.48,95.27,46.65,50.64,81.61,42.0,52.04,77.82,38.21,64.28,55.61,31.11,63.53,41.62,52.61,87.36,54.33,48.17,24.0,40.2,77.9,55.57,84.9,49.4,34.06,76.03,59.93,59.46,65.79,29.73,31.62,82.1,41.76,24.35,82.33,76.9,58.14,27.29,67.07,46.52,18.44,66.49,40.31,19.31
20,63.15,84.38,54.33,8.94,23.32,75.31,81.63,111.21,85.09,64.28,32.31,4.47,60.17,44.18,78.71,74.11,77.67,94.4,85.09,46.17,0.0,26.83,73.24,82.0,82.37,73.54,83.55,52.0,79.25,82.68,66.03,70.03,5.66,8.49,74.97,78.79,85.6,49.48,35.38,35.44,30.46,77.79,90.71,12.81,8.25,70.11,6.0,57.27,32.06,89.29,50.16,13.42,50.6,61.35,89.2,30.53,33.94,76.24,99.48,55.61,69.12,67.36,78.34,30.59,72.03,70.84,24.33,62.1,76.06,26.4,64.94
21,38.0,86.35,72.5,17.89,24.33,50.04,70.94,102.45,73.59,78.1,24.74,29.73,34.23,59.46,82.87,52.5,78.59,85.6,87.86,61.35,26.83,0.0,64.9,59.23,85.51,59.46,64.4,30.46,54.04,84.4,58.31,47.07,25.61,18.97,55.46,84.38,77.67,33.94,36.06,10.2,24.33,73.35,72.47,14.56,18.87,84.4,30.0,32.0,12.81,71.69,38.83,30.0,24.33,46.69,85.91,4.47,36.0,92.97,87.68,50.16,85.7,43.29,60.54,8.49,82.3,55.44,16.0,72.44,62.94,23.0,77.1
22,54.04,34.0,67.08,69.43,50.0,57.72,10.0,38.21,14.0,58.31,42.43,77.67,58.03,56.04,36.88,40.5,27.2,21.26,36.72,56.14,73.24,64.9,0.0,47.41,36.06,16.12,34.06,42.76,58.82,32.25,7.21,45.12,67.68,72.25,33.11,41.04,12.81,32.31,38.47,58.14,43.86,12.65,34.41,70.71,68.12,62.61,69.97,54.15,52.15,31.62,26.08,61.77,59.23,22.09,24.0,67.23,40.25,74.24,27.2,17.89,69.46,49.5,28.02,56.6,51.31,20.25,52.35,47.54,13.45,47.51,53.71
23,23.32,81.41,103.25,74.11,63.15,16.12,43.68,68.26,42.76,99.36,53.37,86.02,28.84,89.55,83.76,8.94,74.43,56.32,84.12,90.55,82.0,59.23,47.41,0.0,83.35,31.3,16.0,30.0,14.56,79.65,47.2,12.17,78.1,76.24,14.42,87.66,53.85,36.06,60.93,49.03,55.32,59.93,22.8,72.44,74.03,104.8,82.22,28.64,50.04,24.33,41.18,76.94,37.58,31.24,69.57,58.24,62.77,116.28,50.16,50.99,110.26,16.55,19.92,52.35,95.52,27.46,58.14,89.2,34.54,59.03,95.59
24,86.83,4.0,49.4,82.46,63.25,92.48,42.43,48.17,45.34,34.93,60.83,86.09,89.82,45.61,4.47,76.03,8.94,39.4,2.83,44.41,82.37,85.51,36.06,83.35,0.0,52.15,70.0,72.99,94.02,4.47,36.77,79.85,76.94,85.09,68.96,8.0,34.41,60.53,50.0,82.22,61.19,24.08,69.31,85.44,80.62,36.06,77.18,85.51,74.43,66.48,52.35,68.96,88.36,55.03,20.88,89.11,50.6,46.17,50.99,38.21,44.1,83.49,64.07,78.64,23.09,55.95,69.86,26.83,49.41,63.06,30.08
25,40.45,50.12,78.43,68.0,50.6,42.43,14.14,44.72,15.23,71.69,41.23,78.0,45.12,65.97,52.8,24.74,43.27,29.12,52.84,66.48,73.54,59.46,16.12,31.3,52.15,0.0,18.44,32.25,43.17,48.37,17.2,30.07,68.35,70.71,17.09,56.85,24.0,25.61,42.19,50.99,43.08,28.64,20.88,68.26,67.08,76.55,71.47,41.76,46.86,18.44,23.41,64.03,48.33,12.81,38.83,60.83,44.18,88.2,28.43,24.74,82.86,35.01,12.04,50.99,66.07,5.1,50.12,61.06,4.12,47.17,67.42
26,34.41,67.68,95.85,76.66,62.13,31.05,28.64,52.35,27.2,89.89,52.15,87.86,40.0,82.87,70.94,14.42,61.22,40.45,70.46,83.57,83.55,64.4,34.06,16.0,70.0,18.44,0.0,34.0,30.27,66.03,35.61,21.63,78.92,79.12,8.94,75.07,38.63,34.23,56.57,54.59,54.15,46.04,8.49,75.89,76.16,94.87,82.61,38.21,53.14,8.94,36.22,76.11,46.69,24.33,54.63,64.5,58.55,106.51,34.23,42.05,101.02,27.46,6.71,56.46,84.5,16.55,59.23,79.32,20.62,58.22,85.7
27,15.62,72.44,79.25,44.18,34.18,26.08,45.69,76.94,47.41,78.82,25.06,56.04,17.09,65.12,71.81,22.36,64.5,60.93,74.67,66.48,52.0,30.46,42.76,30.0,72.99,32.25,34.0,0.0,29.53,70.46,38.05,18.11,48.17,46.39,25.06,74.73,54.41,12.65,35.38,20.59,26.83,54.15,42.19,42.76,44.05,84.88,52.35,12.65,20.1,41.62,20.88,47.54,16.49,20.88,66.48,30.53,36.88,95.6,60.46,34.93,88.87,16.55,30.61,22.8,78.26,27.46,28.28,69.97,36.24,30.08,76.01
28,16.12,92.48,108.07,70.71,63.56,4.0,56.57,82.61,56.14,106.15,54.59,82.87,20.1,94.02,93.91,18.44,85.09,70.03,95.08,95.27,79.25,54.04,58.82,14.56,94.02,43.17,30.27,29.53,0.0,90.62,57.27,14.42,76.16,72.44,26.31,97.53,66.75,39.7,64.4,44.18,56.36,71.47,37.36,68.26,71.02,111.95,80.52,22.09,47.54,38.83,46.69,76.55,30.07,39.45,82.0,52.04,66.03,123.11,64.5,58.82,116.67,13.04,33.06,48.66,103.81,38.6,56.92,96.54,46.87,59.51,102.83
29,83.95,2.0,52.5,82.29,62.77,89.2,38.21,44.05,41.04,38.47,59.67,86.53,87.13,47.71,8.0,72.5,6.0,34.93,4.47,46.65,82.68,84.4,32.25,79.65,4.47,48.37,66.03,70.46,90.62,0.0,33.53,76.55,77.18,84.97,65.3,12.17,30.0,58.14,49.4,80.62,60.17,20.0,65.12,85.09,80.5,40.0,77.67,82.87,72.99,62.29,50.04,69.34,86.09,51.92,16.49,87.86,50.16,50.36,46.52,36.0,48.01,80.36,60.21,77.28,27.0,52.33,68.96,29.73,45.49,62.3,33.54
30,50.64,35.44,62.1,62.29,42.8,55.71,16.49,45.34,20.4,54.59,35.38,70.46,54.15,50.36,36.72,39.45,27.86,28.43,37.95,50.64,66.03,58.31,7.21,47.2,36.77,17.2,35.61,38.05,57.27,33.53,0.0,43.08,60.46,65.12,32.8,40.5,19.8,26.68,31.3,52.0,36.77,16.12,37.58,63.66,60.96,59.36,62.77,50.04,45.65,34.93,19.7,54.59,54.33,18.44,28.64,60.83,33.11,71.02,34.18,10.77,65.76,46.84,29.07,50.12,48.92,19.85,45.34,43.91,16.16,40.36,50.25
31,12.81,78.43,94.4,62.03,51.92,12.65,44.0,72.28,44.18,91.93,42.38,74.0,18.44,80.45,79.62,7.21,70.94,58.31,80.99,81.61,70.03,47.07,45.12,12.17,79.85,30.07,21.63,18.11,14.42,76.55,43.08,0.0,66.27,64.12,14.56,83.19,54.04,26.08,51.11,36.88,44.27,57.72,30.0,60.3,62.0,97.67,70.46,17.2,38.0,30.53,32.56,65.51,26.08,25.06,68.73,46.17,52.84,108.9,54.41,44.41,102.55,5.83,21.84,40.2,89.4,25.18,46.39,82.22,34.01,47.8,88.53
32,60.17,78.89,50.99,8.94,17.89,72.28,76.16,105.6,79.65,60.03,27.2,10.0,57.58,40.0,73.35,70.0,72.11,88.81,79.65,42.0,5.66,25.61,67.68,78.1,76.94,68.35,78.92,48.17,76.16,77.18,60.46,66.27,0.0,10.2,70.46,73.54,80.0,44.72,29.73,33.11,25.3,72.14,85.91,13.42,7.21,66.0,4.47,54.41,28.64,84.4,44.94,8.25,48.33,56.32,83.55,29.73,28.28,72.69,94.02,50.0,65.49,63.95,73.55,27.86,67.27,65.8,20.0,57.27,70.77,21.19,60.41
33,56.32,86.76,61.19,2.83,22.8,68.47,80.0,110.45,83.23,70.0,30.0,10.77,52.95,50.04,81.71,68.73,79.65,93.51,87.73,52.04,8.49,18.97,72.25,76.24,85.09,70.71,79.12,46.39,72.44,84.97,65.12,64.12,10.2,0.0,70.34,82.22,84.9,45.69,36.06,28.28,28.43,78.1,86.65,4.47,4.47,76.03,13.42,50.36,26.31,85.44,47.71,18.0,43.17,58.14,90.0,22.36,34.99,82.87,97.65,55.17,75.66,61.01,74.33,24.0,76.79,67.54,20.59,66.75,73.57,24.76,70.18
34,26.83,67.08,90.35,67.91,54.0,26.0,30.27,57.72,30.0,85.6,44.0,79.25,32.25,76.97,69.34,8.0,60.03,44.05,69.77,77.82,74.97,55.46,33.11,14.42,68.96,17.09,8.94,25.06,26.31,65.3,32.8,14.56,70.46,70.34,0.0,73.24,40.45,26.0,49.48,45.65,46.0,45.69,17.2,67.05,67.47,90.91,74.24,30.0,44.27,16.97,29.12,68.0,38.21,17.89,55.79,55.57,51.42,102.45,39.85,37.2,96.61,20.25,7.28,47.54,81.32,13.04,50.64,75.29,20.62,50.01,81.69
35,89.2,12.0,42.05,79.7,61.19,95.71,48.41,56.14,51.61,27.2,60.03,82.29,91.76,39.6,4.47,79.92,14.42,46.82,10.2,38.21,78.79,84.38,41.04,87.66,8.0,56.85,75.07,74.73,97.53,12.17,40.5,83.19,73.54,82.22,73.24,0.0,41.18,62.1,48.37,82.02,60.13,30.0,75.07,82.97,77.79,28.07,73.35,87.36,74.0,72.25,53.85,65.39,89.44,58.14,28.64,88.2,48.66,38.21,58.31,39.85,36.12,86.41,68.88,78.03,15.13,60.22,68.47,20.0,54.49,61.52,22.47
36,64.28,31.24,74.03,82.07,62.48,66.27,10.2,25.61,11.66,63.15,55.17,90.0,68.73,64.5,36.72,48.37,26.83,8.94,34.06,64.28,85.6,77.67,12.81,53.85,34.41,24.0,38.63,54.41,66.75,30.0,19.8,54.04,80.0,84.9,40.45,41.18,0.0,44.72,50.48,70.71,56.57,12.17,36.06,83.45,80.72,66.48,82.1,65.12,64.9,33.29,38.83,73.78,70.88,33.53,16.12,79.92,52.15,77.79,18.11,30.0,73.98,59.01,33.96,69.34,54.08,29.02,65.12,52.61,20.02,60.14,58.25
37,27.78,60.13,68.41,43.08,28.0,36.77,37.2,68.82,39.7,66.84,18.0,53.85,29.73,54.41,59.23,27.2,52.15,52.15,62.29,55.61,49.48,33.94,32.31,36.06,60.53,25.61,34.23,12.65,39.7,58.14,26.68,26.08,44.72,45.69,26.0,62.1,44.72,0.0,25.06,26.08,20.0,42.76,41.23,42.94,42.38,72.8,48.37,25.3,21.26,39.85,8.25,42.0,28.0,12.81,55.32,35.61,26.83,83.74,53.74,22.36,77.16,26.87,28.86,25.46,65.76,21.95,25.3,57.69,29.0,24.02,63.82
38,50.91,51.26,43.86,33.29,13.42,61.22,47.54,76.03,51.26,44.72,12.65,39.7,51.22,29.73,47.07,52.0,43.86,59.36,52.5,31.11,35.38,36.06,38.47,60.93,50.0,42.19,56.57,35.38,64.4,49.4,31.3,51.11,29.73,36.06,49.48,48.37,50.48,25.06,0.0,34.93,12.17,42.43,62.03,35.78,31.62,50.99,31.62,46.86,26.68,60.0,20.4,23.32,45.65,32.25,54.04,40.0,2.0,61.06,65.39,20.59,54.08,51.4,50.25,30.27,46.87,41.01,20.1,37.36,43.74,13.15,42.72
39,28.07,82.61,75.47,26.68,26.08,40.2,63.25,94.87,65.6,79.12,22.36,38.83,24.74,61.77,80.02,42.38,74.67,78.23,84.38,63.53,35.44,10.2,58.14,49.03,82.22,50.99,54.59,20.59,44.18,80.62,52.0,36.88,33.11,28.28,45.65,82.02,70.71,26.08,34.93,0.0,22.8,67.68,62.77,24.08,27.2,85.44,37.58,22.09,8.25,62.13,32.31,35.61,15.23,38.42,80.32,10.0,35.44,94.85,79.4,45.12,87.66,33.14,51.04,5.66,81.79,46.67,17.2,72.28,54.67,23.26,77.49
40,41.62,62.1,54.04,25.61,8.0,52.84,51.61,82.07,54.92,56.46,2.0,34.93,41.04,40.0,58.55,46.69,54.41,65.12,63.56,41.62,30.46,24.33,43.86,55.32,61.19,43.08,54.15,26.83,56.36,60.17,36.77,44.27,25.3,28.43,46.0,60.13,56.57,20.0,12.17,22.8,0.0,50.48,60.83,26.91,24.41,62.77,28.64,36.88,14.56,59.23,19.7,22.0,34.41,31.05,62.77,28.07,12.65,72.47,69.34,27.2,65.37,43.38,48.51,18.11,59.03,40.52,8.94,49.48,45.62,4.12,54.71
41,66.27,21.63,62.0,75.29,55.32,70.34,18.44,34.93,21.63,50.99,49.4,82.07,70.03,52.95,25.61,53.14,15.62,20.1,24.41,52.61,77.79,73.35,12.65,59.93,24.08,28.64,46.04,54.15,71.47,20.0,16.12,57.72,72.14,78.1,45.69,30.0,12.17,42.76,42.43,67.68,50.48,0.0,45.25,77.2,73.76,54.41,73.76,66.0,60.93,42.43,35.44,65.3,70.46,34.06,12.65,76.16,43.86,65.79,30.27,23.32,61.85,61.98,40.31,65.39,42.15,32.89,59.36,40.45,25.55,53.6,46.1
42,42.8,66.6,99.3,84.12,68.73,38.63,26.91,46.0,24.41,92.13,58.86,95.08,48.41,86.83,70.77,22.8,60.83,36.06,69.43,87.36,90.71,72.47,34.41,22.8,69.31,20.88,8.49,42.19,37.36,65.12,37.58,30.0,85.91,86.65,17.2,75.07,36.06,41.23,62.03,62.77,60.83,45.25,0.0,83.57,83.52,96.75,89.44,46.69,60.93,2.83,42.05,82.61,55.17,30.07,52.15,72.72,64.03,108.41,28.07,45.61,103.31,35.81,12.37,64.4,85.7,21.02,66.48,81.41,21.47,64.94,87.71
43,52.15,86.93,64.03,4.47,22.36,64.28,78.1,108.9,81.22,72.11,28.28,15.23,48.66,52.35,82.22,65.12,79.62,91.93,88.02,54.33,12.81,14.56,70.71,72.44,85.44,68.26,75.89,42.76,68.26,85.09,63.66,60.3,13.42,4.47,67.05,82.97,83.45,42.94,35.78,24.08,26.91,77.2,83.57,0.0,6.32,78.23,17.2,46.17,22.8,82.46,45.61,20.4,38.83,55.57,89.31,17.89,34.93,85.51,95.6,54.04,78.26,57.01,71.31,20.1,78.31,64.88,18.44,68.26,71.28,23.6,72.01
44,54.92,82.29,57.72,2.0,18.44,67.08,76.03,106.3,79.32,66.03,26.08,12.0,51.92,46.17,77.25,66.27,75.18,89.38,83.26,48.17,8.25,18.87,68.12,74.03,80.62,67.08,76.16,44.05,71.02,80.5,60.96,62.0,7.21,4.47,67.47,77.79,80.72,42.38,31.62,27.2,24.41,73.76,83.52,6.32,0.0,72.11,11.31,49.03,24.0,82.22,43.91,14.14,42.38,54.63,85.6,22.8,30.53,79.25,93.74,50.91,72.01,59.21,71.17,22.36,72.56,64.08,17.09,62.51,69.84,20.62,66.07
45,100.44,40.05,18.87,74.11,60.17,109.34,71.69,84.02,75.39,6.32,63.56,72.44,101.55,26.0,32.0,96.21,40.45,73.35,38.21,24.0,70.11,84.4,62.61,104.8,36.06,76.55,94.87,84.88,111.95,40.0,59.36,97.67,66.0,76.03,90.91,28.07,66.48,72.8,50.99,85.44,62.77,54.41,96.75,78.23,72.11,0.0,64.12,97.1,77.25,94.02,65.3,58.03,96.6,73.59,56.14,88.77,50.16,11.66,84.4,53.81,8.06,99.49,88.23,80.32,13.0,78.6,68.96,15.62,75.29,62.3,9.22
46,64.56,79.32,48.37,12.81,20.88,76.66,78.71,107.65,82.29,58.31,30.59,8.94,62.03,38.21,73.43,74.03,72.8,90.97,79.92,40.2,6.0,30.0,69.97,82.22,77.18,71.47,82.61,52.35,80.52,77.67,62.77,70.46,4.47,13.42,74.24,73.35,82.1,48.37,31.62,37.58,28.64,73.76,89.44,17.2,11.31,64.12,0.0,58.82,32.98,87.86,48.08,8.49,52.8,59.67,84.85,34.06,30.0,70.26,96.6,52.15,63.13,68.25,77.1,32.31,66.22,69.12,24.08,56.32,73.74,24.52,59.03
47,6.0,84.85,90.55,48.66,43.27,18.11,55.79,86.16,56.92,90.97,35.38,60.83,4.47,76.42,84.4,24.08,76.94,70.88,87.13,77.9,57.27,32.0,54.15,28.64,85.51,41.76,38.21,12.65,22.09,82.87,50.04,17.2,54.41,50.36,30.0,87.36,65.12,25.3,46.86,22.09,36.88,66.0,46.69,46.17,49.03,97.1,58.82,0.0,26.0,46.86,33.53,55.46,8.94,32.06,78.1,30.27,48.17,107.65,68.88,47.54,100.8,12.08,36.89,26.68,90.8,36.69,35.78,82.37,45.88,39.41,88.32
48,31.62,74.97,67.68,24.08,18.44,43.68,58.14,89.64,60.83,70.94,14.14,36.0,29.53,53.85,72.11,42.43,67.08,72.8,76.66,55.57,32.06,12.81,52.15,50.04,74.43,46.86,53.14,20.1,47.54,72.99,45.65,38.0,28.64,26.31,44.27,74.0,64.9,21.26,26.68,8.25,14.56,60.93,60.93,22.8,24.0,77.25,32.98,26.0,0.0,59.93,26.08,29.53,21.26,34.06,73.54,15.23,27.2,86.76,74.97,37.95,79.61,35.36,48.75,4.47,73.55,43.01,10.0,64.03,50.25,15.26,69.26
49,43.27,63.78,96.77,82.87,67.08,39.85,24.08,44.05,21.63,89.44,57.27,93.68,48.83,84.4,67.94,23.32,58.0,33.53,66.6,84.9,89.29,71.69,31.62,24.33,66.48,18.44,8.94,41.62,38.83,62.29,34.93,30.53,84.4,85.44,16.97,72.25,33.29,39.85,60.0,62.13,59.23,42.43,2.83,82.46,82.22,94.02,87.86,46.86,59.93,0.0,40.2,80.89,55.17,28.28,49.4,72.11,62.0,105.68,26.0,43.17,100.62,36.36,11.18,63.53,82.93,19.03,65.15,78.71,18.79,63.35,85.0
50,35.78,52.04,62.13,44.94,27.2,44.05,32.56,63.78,35.61,59.46,17.89,54.63,37.95,48.37,50.99,32.25,44.05,46.86,54.15,49.4,50.16,38.83,26.08,41.18,52.35,23.41,36.22,20.88,46.69,50.04,19.7,32.56,44.94,47.71,29.12,53.85,38.83,8.25,20.4,32.31,19.7,35.44,42.05,45.61,43.91,65.3,48.08,33.53,26.08,40.2,0.0,40.79,36.06,12.0,48.08,41.18,22.36,76.42,50.0,14.14,70.01,34.21,30.02,30.53,57.8,21.21,27.2,50.0,25.94,23.77,56.22
51,60.93,71.02,43.68,16.12,14.0,72.8,70.68,99.3,74.32,52.0,24.0,17.2,59.06,32.06,65.3,68.47,64.4,82.68,71.69,34.06,13.42,30.0,61.77,76.94,68.96,64.03,76.11,47.54,76.55,69.34,54.59,65.51,8.25,18.0,68.0,65.39,73.78,42.0,23.32,35.61,22.0,65.3,82.61,20.4,14.14,58.03,8.49,55.46,29.53,80.89,40.79,0.0,50.48,52.61,76.37,34.41,21.63,65.12,88.57,43.91,57.87,63.89,70.35,30.0,59.03,61.98,19.7,49.03,66.1,18.03,52.24
52,14.56,88.09,88.41,41.76,39.6,26.08,62.03,93.04,63.56,90.35,33.29,53.85,10.0,74.4,86.83,32.8,80.1,77.25,90.2,76.03,50.6,24.33,59.23,37.58,88.36,48.33,46.69,16.49,30.07,86.09,54.33,26.08,48.33,43.17,38.21,89.44,70.88,28.0,45.65,15.23,34.41,70.46,55.17,38.83,42.38,96.6,52.8,8.94,21.26,55.17,36.06,50.48,0.0,37.36,82.87,22.0,46.65,106.68,76.16,50.16,99.64,21.02,44.82,20.59,91.42,43.38,31.24,82.46,52.39,36.12,88.14
53,32.25,53.85,72.47,55.46,38.83,37.58,25.06,56.6,27.2,68.12,29.12,65.79,36.0,59.09,54.63,22.63,46.17,40.25,56.32,59.93,61.35,46.69,22.09,31.24,55.03,12.81,24.33,20.88,39.45,51.92,18.44,25.06,56.32,58.14,17.89,58.14,33.53,12.81,32.25,38.42,31.05,34.06,30.07,55.57,54.63,73.59,59.67,32.06,34.06,28.28,12.0,52.61,37.36,0.0,46.04,48.17,34.23,85.04,41.04,19.8,79.03,28.46,18.03,38.21,64.66,9.49,37.58,58.0,16.28,35.17,64.38
54,78.03,17.09,67.08,87.2,67.2,81.22,26.0,28.07,27.78,54.04,61.77,93.38,82.02,60.17,24.33,63.56,16.12,18.87,19.7,59.46,89.2,85.91,24.0,69.57,20.88,38.83,54.63,66.48,82.0,16.49,28.64,68.73,83.55,90.0,55.79,28.64,16.12,55.32,54.04,80.32,62.77,12.65,52.15,89.31,85.6,56.14,84.85,78.1,73.54,49.4,48.08,76.37,82.87,46.04,0.0,88.77,55.32,66.75,30.53,35.78,64.07,73.33,49.65,78.0,43.19,43.57,71.69,44.41,35.17,65.73,49.04
55,36.22,89.82,76.97,21.63,28.64,48.04,72.8,104.4,75.29,82.46,28.28,33.11,32.0,63.91,86.58,52.0,82.0,87.66,91.41,65.79,30.53,4.47,67.23,58.24,89.11,60.83,64.5,30.53,52.04,87.86,60.83,46.17,29.73,22.36,55.57,88.2,79.92,35.61,40.0,10.0,28.07,76.16,72.72,17.89,22.8,88.77,34.06,30.27,15.23,72.11,41.18,34.41,22.0,48.17,88.77,0.0,40.05,97.41,89.2,53.14,90.14,41.98,61.03,10.77,86.47,56.59,20.1,76.66,64.44,27.07,81.39
56,52.35,52.0,42.43,32.25,12.65,62.8,49.4,77.67,53.14,43.86,13.42,38.21,52.5,28.28,47.54,53.85,44.72,61.06,53.14,29.73,33.94,36.0,40.25,62.77,50.6,44.18,58.55,36.88,66.03,50.16,33.11,52.84,28.28,34.99,51.42,48.66,52.15,26.83,2.0,35.44,12.65,43.86,64.03,34.93,30.53,50.16,30.0,48.17,27.2,62.0,22.36,21.63,46.65,34.23,55.32,40.05,0.0,60.03,67.23,22.36,53.0,53.01,52.24,30.59,46.53,43.01,20.0,36.88,45.71,13.0,42.06
57,111.21,50.16,22.0,81.22,69.08,120.42,83.26,94.34,86.93,16.97,73.43,78.03,112.07,33.53,42.43,107.63,51.42,84.4,48.04,31.62,76.24,92.97,74.24,116.28,46.17,88.2,106.51,95.6,123.11,50.36,71.02,108.9,72.69,82.87,102.45,38.21,77.79,83.74,61.06,94.85,72.47,65.79,108.41,85.51,79.25,11.66,70.26,107.65,86.76,105.68,76.42,65.12,106.68,85.04,66.75,97.41,60.03,0.0,95.6,65.3,7.28,110.54,99.86,89.55,23.77,90.21,78.0,27.2,86.95,71.59,20.81
58,66.48,47.41,92.09,94.87,76.16,65.12,17.89,18.11,14.42,81.22,67.68,103.94,71.69,82.22,53.85,47.54,44.27,11.66,50.12,82.1,99.48,87.68,27.2,50.16,50.99,28.43,34.23,60.46,64.5,46.52,34.18,54.41,94.02,97.65,39.85,58.31,18.11,53.74,65.39,79.4,69.34,30.27,28.07,95.6,93.74,84.4,96.6,68.88,74.97,26.0,50.0,88.57,76.16,41.04,30.53,89.2,67.23,95.6,0.0,44.94,91.98,60.08,32.57,79.2,71.84,33.02,77.2,70.71,24.76,73.25,76.3
59,49.4,38.0,53.85,52.35,32.56,56.6,27.2,55.61,31.05,48.41,26.08,60.0,51.92,41.23,36.88,42.43,30.0,38.83,40.05,41.76,55.61,50.16,17.89,50.99,38.21,24.74,42.05,34.93,58.82,36.0,10.77,44.41,50.0,55.17,37.2,39.85,30.0,22.36,20.59,45.12,27.2,23.32,45.61,54.04,50.91,53.81,52.15,47.54,37.95,43.17,14.14,43.91,50.16,19.8,35.78,53.14,22.36,65.3,44.94,0.0,59.41,47.01,35.34,42.38,45.0,25.5,36.06,38.21,25.08,30.48,44.6
60,104.48,48.09,15.13,73.98,61.85,113.9,78.77,92.01,82.54,11.18,66.37,71.0,105.21,26.25,40.01,101.53,48.26,81.05,46.27,24.35,69.12,85.7,69.46,110.26,44.1,82.86,101.02,88.87,116.67,48.01,65.76,102.55,65.49,75.66,96.61,36.12,73.98,77.16,54.08,87.66,65.37,61.85,103.31,78.26,72.01,8.06,63.13,100.8,79.61,100.62,70.01,57.87,99.64,79.03,64.07,90.14,53.0,7.28,91.98,59.41,0.0,104.0,94.34,82.35,21.02,84.6,70.77,21.93,81.84,64.4,15.81
61,7.07,82.28,95.13,59.08,50.7,9.9,49.09,77.88,49.5,93.61,41.59,71.18,12.73,81.06,83.01,13.04,74.63,63.64,84.77,82.33,67.36,43.29,49.5,16.55,83.49,35.01,27.46,16.55,13.04,80.36,46.84,5.83,63.95,61.01,20.25,86.41,59.01,26.87,51.4,33.14,43.38,61.98,35.81,57.01,59.21,99.49,68.25,12.08,35.36,36.36,34.21,63.89,21.02,28.46,73.33,41.98,53.01,110.54,60.08,47.01,104.0,0.0,27.51,37.01,91.81,30.0,44.38,84.2,39.05,46.62,90.43
62,34.01,61.91,89.16,71.78,56.44,33.06,23.77,50.45,23.09,83.22,46.53,82.71,39.36,76.22,64.82,15.13,55.22,37.0,64.66,76.9,78.34,60.54,28.02,19.92,64.07,12.04,6.71,30.61,33.06,60.21,29.07,21.84,73.55,74.33,7.28,68.88,33.96,28.86,50.25,51.04,48.51,40.31,12.37,71.31,71.17,88.23,77.1,36.89,48.75,11.18,30.02,70.35,44.82,18.03,49.65,61.03,52.24,99.86,32.57,35.34,94.34,27.51,0.0,52.35,77.99,9.85,54.12,72.67,14.76,52.61,79.06
63,32.56,79.25,69.97,22.09,20.59,44.72,62.48,94.02,65.12,74.0,18.0,34.23,29.73,56.36,76.24,45.12,71.39,77.2,80.89,58.14,30.59,8.49,56.6,52.35,78.64,50.99,56.46,22.8,48.66,77.28,50.12,40.2,27.86,24.0,47.54,78.03,69.34,25.46,30.27,5.66,18.11,65.39,64.4,20.1,22.36,80.32,32.31,26.68,4.47,63.53,30.53,30.0,20.59,38.21,78.0,10.77,30.59,89.55,79.2,42.38,82.35,37.01,52.35,0.0,77.1,47.01,11.66,67.47,54.45,18.03,72.53
64,93.54,27.07,28.02,74.55,58.08,101.51,59.94,71.03,63.51,12.53,59.44,75.0,95.27,29.07,19.0,87.21,27.66,60.64,25.32,27.29,72.03,82.3,51.31,95.52,23.09,66.07,84.5,78.26,103.81,27.0,48.92,89.4,67.27,76.79,81.32,15.13,54.08,65.76,46.87,81.79,59.03,42.15,85.7,78.31,72.56,13.0,66.22,90.8,73.55,82.93,57.8,59.03,91.42,64.66,43.19,86.47,46.53,23.77,71.84,45.0,21.02,91.81,77.99,77.1,0.0,68.62,66.37,10.05,64.4,59.41,8.49
65,35.36,54.13,79.31,64.88,48.27,37.66,19.24,49.66,20.25,73.5,38.6,75.27,40.02,66.41,56.3,20.25,47.01,34.21,56.8,67.07,70.84,55.44,20.25,27.46,55.95,5.1,16.55,27.46,38.6,52.33,19.85,25.18,65.8,67.54,13.04,60.22,29.02,21.95,41.01,46.67,40.52,32.89,21.02,64.88,64.08,78.6,69.12,36.69,43.01,19.03,21.21,61.98,43.38,9.49,43.57,56.59,43.01,90.21,33.02,25.5,84.6,30.0,9.85,47.01,68.62,0.0,47.01,63.01,9.22,44.64,69.4
66,41.23,70.88,58.31,17.89,8.94,53.14,59.67,90.51,62.8,62.64,10.0,28.64,39.45,44.72,67.08,50.0,63.25,73.54,72.28,46.52,24.33,16.0,52.35,58.14,69.86,50.12,59.23,28.28,56.92,68.96,45.34,46.39,20.0,20.59,50.64,68.47,65.12,25.3,20.1,17.2,8.94,59.36,66.48,18.44,17.09,68.96,24.08,35.78,10.0,65.15,27.2,19.7,31.24,37.58,71.69,20.1,20.0,78.0,77.2,36.06,70.77,44.38,54.12,11.66,66.37,47.01,0.0,56.57,53.0,7.0,61.39
67,85.44,30.46,22.8,64.5,48.17,94.02,56.92,72.44,60.73,10.77,50.0,65.15,86.83,20.0,22.36,80.62,28.28,60.13,29.53,18.44,62.1,72.44,47.54,89.2,26.83,61.06,79.32,69.97,96.54,29.73,43.91,82.22,57.27,66.75,75.29,20.0,52.61,57.69,37.36,72.28,49.48,40.45,81.41,68.26,62.51,15.62,56.32,82.37,64.03,78.71,50.0,49.03,82.46,58.0,44.41,76.66,36.88,27.2,70.71,38.21,21.93,84.2,72.67,67.47,10.05,63.01,56.57,0.0,59.94,49.65,6.4
68,44.55,47.17,78.16,70.83,52.92,46.27,10.05,40.71,11.18,70.66,43.83,80.53,49.24,66.1,50.33,28.44,40.61,25.0,49.93,66.49,76.06,62.94,13.45,34.54,49.41,4.12,20.62,36.24,46.87,45.49,16.16,34.01,70.77,73.57,20.62,54.49,20.02,29.0,43.74,54.67,45.62,25.55,21.47,71.28,69.84,75.29,73.74,45.88,50.25,18.79,25.94,66.1,52.39,16.28,35.17,64.44,45.71,86.95,24.76,25.08,81.84,39.05,14.76,54.45,64.4,9.22,53.0,59.94,0.0,49.66,66.24
69,44.42,64.2,52.43,21.93,4.12,55.9,55.47,85.7,58.83,55.97,6.08,30.87,43.42,38.59,60.21,50.49,56.65,68.77,65.52,40.31,26.4,23.0,47.51,59.03,63.06,47.17,58.22,30.08,59.51,62.3,40.36,47.8,21.19,24.76,50.01,61.52,60.14,24.02,13.15,23.26,4.12,53.6,64.94,23.6,20.62,62.3,24.52,39.41,15.26,63.35,23.77,18.03,36.12,35.17,65.73,27.07,13.0,71.59,73.25,30.48,64.4,46.62,52.61,18.03,59.41,44.64,7.0,49.65,49.66,0.0,54.57
70,91.53,33.96,19.72,68.07,52.77,100.26,62.97,77.1,66.73,5.0,55.36,67.68,92.78,21.19,25.71,87.0,33.0,65.49,32.57,19.31,64.94,77.1,53.71,95.59,30.08,67.42,85.7,76.01,102.83,33.54,50.25,88.53,60.41,70.18,81.69,22.47,58.25,63.82,42.72,77.49,54.71,46.1,87.71,72.01,66.07,9.22,59.03,88.32,69.26,85.0,56.22,52.24,88.14,64.38,49.04,81.39,42.06,20.81,76.3,44.6,15.81,90.43,79.06,72.53,8.49,69.4,61.39,6.4,66.24,54.57,0.0
