vehicles
vehicle_idx, capacity, cost_per_unit_distance
1,100,3
2,100,3
3,100,3
4,100,3
5,100,3
6,100,3
7,100,3
8,100,3
9,100,3
depot
node_idx,x,y
0,27,93
home delivery customers
node_idx,x,y,service_time,demand
1,29,39,10,2
2,79,89,10,21
3,45,9,10,6
4,95,27,10,18
5,69,69,10,5
6,43,61,10,23
7,35,43,10,24
8,85,77,10,2
9,83,87,10,17
10,59,69,10,5
11,65,57,10,19
12,85,37,10,21
13,21,29,10,18
14,53,11,10,48
15,41,69,10,17
16,13,25,10,2
17,55,91,10,18
18,61,69,10,9
19,85,35,10,18
20,45,47,10,9
21,65,93,10,23
self pickup customers
node_idx,x,y,service_time,demand,locker_idxs
22,49,9,10,9,74-71-65
23,7,65,10,19,72-66-69
24,89,75,10,24,67-64
25,33,93,10,2,63
26,57,83,10,3,70-73-60
27,11,95,10,1,63
28,1,13,10,9,61
29,15,39,10,11,72-66
30,83,17,10,2,74-62
31,31,61,10,9,72
32,29,15,10,9,61
33,93,83,10,2,67-64
34,63,97,10,14,70-60
35,57,9,10,20,74-68-65
36,45,17,10,42,68
37,95,5,10,24,62-65
38,3,31,10,21,72
39,47,7,10,11,68-61
40,89,81,10,22,73-67-64
flexible customers
node_idx,x,y,service_time,demand,locker_idxs
41,33,27,10,16,61
42,7,81,10,7,63
43,1,59,10,11,66-72
44,21,53,10,17,69-72-66
45,81,83,10,23,73-67-64-60
46,85,11,10,10,74-62-65
47,81,85,10,20,67-73-64-60
48,37,81,10,13,70-63
49,15,95,10,11,63
50,3,57,10,5,66-72
51,45,11,10,20,68
52,19,83,10,18,63
53,83,69,10,19,67-70-73-64
54,19,39,10,17,72-66-69
55,41,97,10,6,70-63
56,15,69,10,11,66-72-69
57,31,97,10,21,63
58,15,77,10,1,66-63
59,63,57,10,4,73-70
lockers
node_idx,x,y,service_time,capacity,cost_per_unit_good
60,65,88,10,78
61,25,15,10,74
62,93,12,10,77
63,22,88,10,97
64,77,88,10,70
65,72,14,10,93
66,19,61,10,89
67,92,73,10,78
68,57,8,10,93
69,30,56,10,71
70,60,81,10,90
71,68,24,10,78
72,16,50,10,79
73,66,74,10,74
74,72,17,10,76
mrt lines
start_node_idx,end_node_idx,freight_capacity,cost_per_unit_good
60,61,78,0.1
61,60,78,0.1
distance matrix
,0,1,2,3,4,5,6,7,8,9,10,11,12,13,14,15,16,17,18,19,20,21,22,23,24,25,26,27,28,29,30,31,32,33,34,35,36,37,38,39,40,41,42,43,44,45,46,47,48,49,50,51,52,53,54,55,56,57,58,59,60,61,62,63,64,65,66,67,68,69,70,71,72,73,74,
0,0.0,54.04,52.15,85.91,94.76,48.37,35.78,50.64,60.17,56.32,40.0,52.35,80.62,64.28,86.02,27.78,69.43,28.07,41.62,82.02,49.4,38.0,86.83,34.41,64.56,6.0,31.62,16.12,84.12,55.32,94.4,32.25,78.03,66.75,36.22,89.2,78.1,111.21,66.48,88.29,63.15,66.27,23.32,42.8,40.45,54.92,100.44,54.59,15.62,12.17,43.27,83.95,12.81,60.93,54.59,14.56,26.83,5.66,20.0,50.91,38.33,78.03,104.48,7.07,50.25,90.92,32.98,68.01,90.14,37.12,35.11,80.26,44.38,43.38,88.32
1,54.04,0.0,70.71,34.0,67.08,50.0,26.08,7.21,67.68,72.25,42.43,40.25,56.04,12.81,36.88,32.31,21.26,58.14,43.86,56.14,17.89,64.9,36.06,34.06,69.97,54.15,52.15,58.82,38.21,14.0,58.31,22.09,24.0,77.67,67.23,41.04,27.2,74.24,27.2,36.72,73.24,12.65,47.41,34.41,16.12,68.12,62.61,69.43,42.76,57.72,31.62,32.25,45.12,61.77,10.0,59.23,33.11,58.03,40.5,38.47,60.8,24.33,69.46,49.5,68.59,49.74,24.17,71.59,41.77,17.03,52.2,41.79,17.03,50.93,48.3
2,52.15,70.71,0.0,86.93,64.03,22.36,45.61,63.66,13.42,4.47,28.28,34.93,52.35,83.45,82.22,42.94,91.93,24.08,26.91,54.33,54.04,14.56,85.44,75.89,17.2,46.17,22.8,68.26,108.9,81.22,72.11,55.57,89.31,15.23,17.89,82.97,79.62,85.51,95.6,88.02,12.81,77.2,72.44,83.57,68.26,6.32,78.23,4.47,42.76,64.28,82.46,85.09,60.3,20.4,78.1,38.83,67.05,48.66,65.12,35.78,14.04,91.61,78.26,57.01,2.24,75.33,66.21,20.62,83.93,59.08,20.62,65.92,74.09,19.85,72.34
3,85.91,34.0,86.93,0.0,53.14,64.62,52.04,35.44,78.89,86.76,61.61,52.0,48.83,31.24,8.25,60.13,35.78,82.61,62.1,47.71,38.0,86.35,4.0,67.68,79.32,84.85,74.97,92.48,44.18,42.43,38.83,53.85,17.09,88.2,89.82,12.0,8.0,50.16,47.41,2.83,84.38,21.63,81.41,66.6,50.12,82.29,40.05,84.1,72.44,91.08,63.78,2.0,78.43,71.02,39.7,88.09,67.08,89.11,74.32,51.26,81.49,20.88,48.09,82.28,85.23,27.46,58.14,79.4,12.04,49.34,73.55,27.46,50.22,68.31,28.16
4,94.76,67.08,64.03,53.14,0.0,49.4,62.13,62.1,50.99,61.19,55.32,42.43,14.14,74.03,44.94,68.41,82.02,75.47,54.04,12.81,53.85,72.5,49.4,95.85,48.37,90.55,67.68,108.07,95.04,80.89,15.62,72.47,67.08,56.04,76.97,42.05,50.99,22.0,92.09,52.0,54.33,62.0,103.25,99.3,78.43,57.72,18.87,59.67,79.25,105.0,96.77,52.5,94.4,43.68,76.94,88.41,90.35,94.85,94.34,43.86,67.98,71.02,15.13,95.13,63.6,26.42,83.26,46.1,42.49,71.18,64.35,27.17,82.28,55.23,25.08
5,48.37,50.0,22.36,64.62,49.4,0.0,27.2,42.8,17.89,22.8,10.0,12.65,35.78,62.48,60.17,28.0,71.22,26.08,8.0,37.58,32.56,24.33,63.25,62.13,20.88,43.27,18.44,63.56,88.09,61.77,53.85,38.83,67.2,27.78,28.64,61.19,57.27,69.08,76.16,65.79,23.32,55.32,63.15,68.73,50.6,18.44,60.17,20.0,34.18,59.93,67.08,62.77,51.92,14.0,58.31,39.6,54.0,47.2,54.59,13.42,19.42,69.66,61.85,50.7,20.62,55.08,50.64,23.35,62.17,41.11,15.0,45.01,56.3,5.83,52.09
6,35.78,26.08,45.61,52.04,62.13,27.2,0.0,19.7,44.94,47.71,17.89,22.36,48.37,38.83,50.99,8.25,46.86,32.31,19.7,49.4,14.14,38.83,52.35,36.22,48.08,33.53,26.08,46.69,63.78,35.61,59.46,12.0,48.08,54.63,41.18,53.85,44.05,76.42,50.0,54.15,50.16,35.44,41.18,42.05,23.41,43.91,65.3,44.94,20.88,44.05,40.2,50.04,32.56,40.79,32.56,36.06,29.12,37.95,32.25,20.4,34.83,49.4,70.01,34.21,43.42,55.23,24.0,50.45,54.82,13.93,26.25,44.65,29.15,26.42,52.7
7,50.64,7.21,63.66,35.44,62.1,42.8,19.7,0.0,60.46,65.12,35.38,33.11,50.36,19.8,36.72,26.68,28.43,52.0,36.77,50.64,10.77,58.31,36.77,35.61,62.77,50.04,45.65,57.27,45.34,20.4,54.59,18.44,28.64,70.46,60.83,40.5,27.86,71.02,34.18,37.95,66.03,16.12,47.2,37.58,17.2,60.96,59.36,62.29,38.05,55.71,34.93,33.53,43.08,54.59,16.49,54.33,32.8,54.15,39.45,31.3,54.08,29.73,65.76,46.84,61.55,47.01,24.08,64.41,41.34,13.93,45.49,38.08,20.25,43.84,45.22
8,60.17,67.68,13.42,78.89,50.99,17.89,44.94,60.46,0.0,10.2,27.2,28.28,40.0,80.0,73.35,44.72,88.81,33.11,25.3,42.0,50.0,25.61,76.94,78.92,4.47,54.41,28.64,76.16,105.6,79.65,60.03,56.32,83.55,10.0,29.73,73.54,72.11,72.69,94.02,79.65,5.66,72.14,78.1,85.91,68.35,7.21,66.0,8.94,48.17,72.28,84.4,77.18,66.27,8.25,76.16,48.33,70.46,57.58,70.0,29.73,22.83,86.28,65.49,63.95,13.6,64.33,67.91,8.06,74.46,58.87,25.32,55.66,74.09,19.24,61.39
9,56.32,72.25,4.47,86.76,61.19,22.8,47.71,65.12,10.2,0.0,30.0,34.99,50.04,84.9,81.71,45.69,93.51,28.28,28.43,52.04,55.17,18.97,85.09,79.12,13.42,50.36,26.31,72.44,110.45,83.23,70.0,58.14,90.0,10.77,22.36,82.22,79.65,82.87,97.65,87.73,8.49,78.1,76.24,86.65,70.71,4.47,76.03,2.83,46.39,68.47,85.44,84.97,64.12,18.0,80.0,43.17,70.34,52.95,68.73,36.06,18.03,92.46,75.66,61.01,6.08,73.82,69.08,16.64,83.17,61.4,23.77,64.76,76.54,21.4,70.86
10,40.0,42.43,28.28,61.61,55.32,10.0,17.89,35.38,27.2,30.0,0.0,13.42,41.23,55.17,58.31,18.0,63.66,22.36,2.0,42.8,26.08,24.74,60.83,52.15,30.59,35.38,14.14,54.59,80.62,53.25,57.27,29.12,61.77,36.77,28.28,60.03,53.85,73.43,67.68,63.15,32.31,49.4,53.37,58.86,41.23,26.08,63.56,27.2,25.06,51.11,57.27,59.67,42.38,24.0,50.0,33.29,44.0,39.6,44.72,12.65,19.92,63.81,66.37,41.59,26.17,56.52,40.79,33.24,61.03,31.78,12.04,45.89,47.01,8.6,53.6
11,52.35,40.25,34.93,52.0,42.43,12.65,22.36,33.11,28.28,34.99,13.42,0.0,28.28,52.15,47.54,26.83,61.06,35.44,12.65,29.73,22.36,36.0,50.6,58.55,30.0,48.17,27.2,66.03,77.67,53.14,43.86,34.23,55.32,38.21,40.05,48.66,44.72,60.03,67.23,53.14,33.94,43.86,62.77,64.03,44.18,30.53,50.16,32.25,36.88,62.8,62.0,50.16,52.84,21.63,49.4,46.65,51.42,52.5,53.85,2.0,31.0,58.0,53.0,53.01,33.24,43.57,46.17,31.38,49.65,35.01,24.52,33.14,49.5,17.03,40.61
12,80.62,56.04,52.35,48.83,14.14,35.78,48.37,50.36,40.0,50.04,41.23,28.28,0.0,64.5,41.23,54.41,72.99,61.77,40.0,2.0,41.23,59.46,45.61,82.87,38.21,76.42,53.85,94.02,87.36,70.03,20.1,59.09,60.17,46.69,63.91,39.6,44.72,33.53,82.22,48.41,44.18,52.95,89.55,86.83,65.97,46.17,26.0,48.17,65.12,90.91,84.4,47.71,80.45,32.06,66.03,74.4,76.97,80.72,80.62,29.73,54.78,63.91,26.25,81.06,51.62,26.42,70.23,36.67,40.31,58.19,50.61,21.4,70.21,41.59,23.85
13,64.28,12.81,83.45,31.24,74.03,62.48,38.83,19.8,80.0,84.9,55.17,52.15,64.5,0.0,36.72,44.72,8.94,70.71,56.57,64.28,30.0,77.67,34.41,38.63,82.1,65.12,64.9,66.75,25.61,11.66,63.15,33.53,16.12,90.0,79.92,41.18,26.83,77.79,18.11,34.06,85.6,12.17,53.85,36.06,24.0,80.72,66.48,82.07,54.41,66.27,33.29,30.0,54.04,73.78,10.2,70.88,40.45,68.73,48.37,50.48,73.6,14.56,73.98,59.01,81.34,53.16,32.06,83.53,41.68,28.46,65.0,47.27,21.59,63.64,52.39
14,86.02,36.88,82.22,8.25,44.94,60.17,50.99,36.72,73.35,81.71,58.31,47.54,41.23,36.72,0.0,59.23,42.38,80.02,58.55,40.0,36.88,82.87,4.47,70.94,73.43,84.4,72.11,93.91,52.04,47.2,30.59,54.63,24.33,82.37,86.58,4.47,10.0,42.43,53.85,7.21,78.71,25.61,83.76,70.77,52.8,77.25,32.0,79.12,71.81,92.2,67.94,8.0,79.62,65.3,44.05,86.83,69.34,88.77,76.16,47.07,77.93,28.28,40.01,83.01,80.65,19.24,60.46,73.25,5.0,50.54,70.35,19.85,53.76,64.33,19.92
15,27.78,32.31,42.94,60.13,68.41,28.0,8.25,26.68,44.72,45.69,18.0,26.83,54.41,44.72,59.23,0.0,52.15,26.08,20.0,55.61,22.36,33.94,60.53,34.23,48.37,25.3,21.26,39.7,68.82,39.7,66.84,12.81,55.32,53.85,35.61,62.1,52.15,83.74,53.74,62.29,49.48,42.76,36.06,41.23,25.61,42.38,72.8,43.08,12.65,36.77,39.85,58.14,26.08,42.0,37.2,28.0,26.0,29.73,27.2,25.06,30.61,56.32,77.16,26.87,40.71,63.13,23.41,51.16,63.06,17.03,22.47,52.48,31.4,25.5,60.54
16,69.43,21.26,91.93,35.78,82.02,71.22,46.86,28.43,88.81,93.51,63.66,61.06,72.99,8.94,42.38,52.15,0.0,78.23,65.12,72.69,38.83,85.6,39.4,40.45,90.97,70.88,72.8,70.03,16.97,14.14,70.46,40.25,18.87,98.81,87.66,46.82,32.98,84.4,11.66,38.47,94.4,20.1,56.32,36.06,29.12,89.38,73.35,90.69,60.93,70.03,33.53,34.93,58.31,82.68,15.23,77.25,44.05,74.22,52.04,59.36,81.69,15.62,81.05,63.64,89.81,60.02,36.5,92.44,47.17,35.36,73.11,55.01,25.18,72.18,59.54
17,28.07,58.14,24.08,82.61,75.47,26.08,32.31,52.0,33.11,28.28,22.36,35.44,61.77,70.71,80.02,26.08,78.23,0.0,22.8,63.53,45.12,10.2,82.22,54.59,37.58,22.09,8.25,44.18,94.87,65.6,79.12,38.42,80.32,38.83,10.0,82.02,74.67,94.85,79.4,84.38,35.44,67.68,49.03,62.77,50.99,27.2,85.44,26.68,20.59,40.2,62.13,80.62,36.88,35.61,63.25,15.23,45.65,24.74,42.38,34.93,10.44,81.71,87.66,33.14,22.2,78.85,46.86,41.15,83.02,43.01,11.18,68.25,56.59,20.25,75.93
18,41.62,43.86,26.91,62.1,54.04,8.0,19.7,36.77,25.3,28.43,2.0,12.65,40.0,56.57,58.55,20.0,65.12,22.8,0.0,41.62,27.2,24.33,61.19,54.15,28.64,36.88,14.56,56.36,82.07,54.92,56.46,31.05,62.77,34.93,28.07,60.13,54.41,72.47,69.34,63.56,30.46,50.48,55.32,60.83,43.08,24.41,62.77,25.61,26.83,52.84,59.23,60.17,44.27,22.0,51.61,34.41,46.0,41.04,46.69,12.17,19.42,64.9,65.37,43.38,24.84,56.09,42.76,31.26,61.13,33.62,12.04,45.54,48.85,7.07,53.15
19,82.02,56.14,54.33,47.71,12.81,37.58,49.4,50.64,42.0,52.04,42.8,29.73,2.0,64.28,40.0,55.61,72.69,63.53,41.62,0.0,41.76,61.35,44.41,83.57,40.2,77.9,55.57,95.27,86.83,70.11,18.11,59.93,59.46,48.66,65.79,38.21,43.86,31.62,82.1,47.2,46.17,52.61,90.55,87.36,66.48,48.17,24.0,50.16,66.48,92.2,84.9,46.65,81.61,34.06,66.12,76.03,77.82,82.22,81.63,31.11,56.65,63.25,24.35,82.33,53.6,24.7,70.94,38.64,38.9,58.87,52.35,20.25,70.61,43.38,22.2
20,49.4,17.89,54.04,38.0,53.85,32.56,14.14,10.77,50.0,55.17,26.08,22.36,41.23,30.0,36.88,22.36,38.83,45.12,27.2,41.76,0.0,50.16,38.21,42.05,52.15,47.54,37.95,58.82,55.61,31.05,48.41,19.8,35.78,60.0,53.14,39.85,30.0,65.3,44.94,40.05,55.61,23.32,50.99,45.61,24.74,50.91,53.81,52.35,34.93,56.6,43.17,36.0,44.41,43.91,27.2,50.16,37.2,51.92,42.43,20.59,45.62,37.74,59.41,47.01,52.01,42.64,29.53,53.71,40.8,17.49,37.16,32.53,29.15,34.21,40.36
21,38.0,64.9,14.56,86.35,72.5,24.33,38.83,58.31,25.61,18.97,24.74,36.0,59.46,77.67,82.87,33.94,85.6,10.2,24.33,61.35,50.16,0.0,85.51,64.4,30.0,32.0,12.81,54.04,102.45,73.59,78.1,46.69,85.91,29.73,4.47,84.38,78.59,92.97,87.68,87.86,26.83,73.35,59.23,72.47,59.46,18.87,84.4,17.89,30.46,50.04,71.69,84.4,47.07,30.0,70.94,24.33,55.46,34.23,52.5,36.06,5.0,87.66,85.7,43.29,13.0,79.31,56.04,33.6,85.38,50.93,13.0,69.07,65.19,19.03,76.32
22,86.83,36.06,85.44,4.0,49.4,63.25,52.35,36.77,76.94,85.09,60.83,50.6,45.61,34.41,4.47,60.53,39.4,82.22,61.19,44.41,38.21,85.51,0.0,70.0,77.18,85.51,74.43,94.02,48.17,45.34,34.93,55.03,20.88,86.09,89.11,8.0,8.94,46.17,50.99,2.83,82.37,24.08,83.35,69.31,52.15,80.62,36.06,82.46,72.99,92.48,66.48,4.47,79.85,68.96,42.43,88.36,68.96,89.82,76.03,50.0,80.6,24.74,44.1,83.49,83.82,23.54,60.03,77.1,8.06,50.7,72.84,24.21,52.63,67.19,24.35
23,34.41,34.06,75.89,67.68,95.85,62.13,36.22,35.61,78.92,79.12,52.15,58.55,82.87,38.63,70.94,34.23,40.45,54.59,54.15,83.57,42.05,64.4,70.0,0.0,82.61,38.21,53.14,30.27,52.35,27.2,89.89,24.33,54.63,87.86,64.5,75.07,61.22,106.51,34.23,70.46,83.55,46.04,16.0,8.49,18.44,76.16,94.87,76.66,34.0,31.05,8.94,66.03,21.63,76.11,28.64,46.69,8.94,40.0,14.42,56.57,62.39,53.14,101.02,27.46,73.68,82.62,12.65,85.38,75.82,24.7,55.36,73.5,17.49,59.68,80.8
24,64.56,69.97,17.2,79.32,48.37,20.88,48.08,62.77,4.47,13.42,30.59,30.0,38.21,82.1,73.43,48.37,90.97,37.58,28.64,40.2,52.15,30.0,77.18,82.61,0.0,58.82,32.98,80.52,107.65,82.29,58.31,59.67,84.85,8.94,34.06,73.35,72.8,70.26,96.6,79.92,6.0,73.76,82.22,89.44,71.47,11.31,64.12,12.81,52.35,76.66,87.86,77.67,70.46,8.49,78.71,52.8,74.24,62.03,74.03,31.62,27.29,87.73,63.13,68.25,17.69,63.32,71.39,3.61,74.25,61.98,29.61,55.15,77.16,23.02,60.44
25,6.0,54.15,46.17,84.85,90.55,43.27,33.53,50.04,54.41,50.36,35.38,48.17,76.42,65.12,84.4,25.3,70.88,22.09,36.88,77.9,47.54,32.0,85.51,38.21,58.82,0.0,26.0,22.09,86.16,56.92,90.97,32.06,78.1,60.83,30.27,87.36,76.94,107.65,68.88,87.13,57.27,66.0,28.64,46.69,41.76,49.03,97.1,48.66,12.65,18.11,46.86,82.87,17.2,55.46,55.79,8.94,30.0,4.47,24.08,46.86,32.39,78.41,100.8,12.08,44.28,88.1,34.93,62.3,88.32,37.12,29.55,77.37,46.24,38.08,85.42
26,31.62,52.15,22.8,74.97,67.68,18.44,26.08,45.65,28.64,26.31,14.14,27.2,53.85,64.9,72.11,21.26,72.8,8.25,14.56,55.57,37.95,12.81,74.43,53.14,32.98,26.0,0.0,47.54,89.64,60.83,70.94,34.06,73.54,36.0,15.23,74.0,67.08,86.76,74.97,76.66,32.06,60.93,50.04,60.93,46.86,24.0,77.25,24.08,20.1,43.68,59.93,72.99,38.0,29.53,58.14,21.26,44.27,29.53,42.43,26.68,9.43,75.15,79.61,35.36,20.62,70.61,43.91,36.4,75.0,38.18,3.61,60.02,52.63,12.73,67.68
27,16.12,58.82,68.26,92.48,108.07,63.56,46.69,57.27,76.16,72.44,54.59,66.03,94.02,66.75,93.91,39.7,70.03,44.18,56.36,95.27,58.82,54.04,94.02,30.27,80.52,22.09,47.54,0.0,82.61,56.14,106.15,39.45,82.0,82.87,52.04,97.53,85.09,123.11,64.5,95.08,79.25,71.47,14.56,37.36,43.17,71.02,111.95,70.71,29.53,4.0,38.83,90.62,14.42,76.55,56.57,30.07,26.31,20.1,18.44,64.4,54.45,81.22,116.67,13.04,66.37,101.4,34.93,83.93,98.41,43.38,50.96,91.05,45.28,58.87,99.02
28,84.12,38.21,108.9,44.18,95.04,88.09,63.78,45.34,105.6,110.45,80.62,77.67,87.36,25.61,52.04,68.82,16.97,94.87,82.07,86.83,55.61,102.45,48.17,52.35,107.65,86.16,89.64,82.61,0.0,29.53,82.1,56.6,28.07,115.6,104.4,56.14,44.18,94.34,18.11,46.39,111.21,34.93,68.26,46.0,44.72,106.3,84.02,107.63,76.94,83.19,44.05,44.05,72.28,99.3,31.62,93.04,57.72,89.2,65.51,76.03,98.6,24.08,92.01,77.88,106.78,71.01,51.26,109.0,56.22,51.87,90.03,67.9,39.92,89.14,71.11
29,55.32,14.0,81.22,42.43,80.89,61.77,35.61,20.4,79.65,83.23,53.25,53.14,70.03,11.66,47.2,39.7,14.14,65.6,54.92,70.11,31.05,73.59,45.34,27.2,82.29,56.92,60.83,56.14,29.53,0.0,71.47,27.2,27.78,89.55,75.29,51.61,37.2,86.93,14.42,45.25,85.09,21.63,42.76,24.41,15.23,79.32,75.39,80.45,47.41,56.0,21.63,41.04,44.18,74.32,4.0,63.56,30.0,60.17,38.0,51.26,70.01,26.0,82.54,49.5,79.03,62.24,22.36,84.17,52.2,22.67,61.55,55.08,11.05,61.85,61.1
30,94.4,58.31,72.11,38.83,15.62,53.85,59.46,54.59,60.03,70.0,57.27,43.86,20.1,63.15,30.59,66.84,70.46,79.12,56.46,18.11,48.41,78.1,34.93,89.89,58.31,90.97,70.94,106.15,82.1,71.47,0.0,68.12,54.04,66.75,82.46,27.2,38.0,16.97,81.22,37.36,64.28,50.99,99.36,92.13,71.69,66.03,6.32,68.03,78.82,103.48,89.44,38.47,91.93,52.0,67.68,90.35,85.6,95.41,90.69,44.72,73.25,58.03,11.18,93.61,71.25,11.4,77.67,56.72,27.51,65.8,68.01,16.55,74.69,59.48,11.0
31,32.25,22.09,55.57,53.85,72.47,38.83,12.0,18.44,56.32,58.14,29.12,34.23,59.09,33.53,54.63,12.81,40.25,38.42,31.05,59.93,19.8,46.69,55.03,24.33,59.67,32.06,34.06,39.45,56.6,27.2,68.12,0.0,46.04,65.79,48.17,58.14,46.17,85.04,41.04,56.32,61.35,34.06,31.24,30.07,12.81,54.63,73.59,55.46,20.88,37.58,28.28,51.92,25.06,52.61,25.06,37.36,17.89,36.0,22.63,32.25,43.42,46.39,79.03,28.46,53.34,62.37,12.0,62.17,59.03,5.1,35.23,52.33,18.6,37.34,60.14
32,78.03,24.0,89.31,17.09,67.08,67.2,48.08,28.64,83.55,90.0,61.77,55.32,60.17,16.12,24.33,55.32,18.87,80.32,62.77,59.46,35.78,85.91,20.88,54.63,84.85,78.1,73.54,82.0,28.07,27.78,54.04,46.04,0.0,93.38,88.77,28.64,16.12,66.75,30.53,19.7,89.2,12.65,69.57,52.15,38.83,85.6,56.14,87.2,66.48,81.22,49.4,16.49,68.73,76.37,26.0,82.87,55.79,82.02,63.56,54.04,81.39,4.0,64.07,73.33,87.37,43.01,47.07,85.63,28.86,41.01,72.92,40.02,37.34,69.64,43.05
33,66.75,77.67,15.23,88.2,56.04,27.78,54.63,70.46,10.0,10.77,36.77,38.21,46.69,90.0,82.37,53.85,98.81,38.83,34.93,48.66,60.0,29.73,86.09,87.86,8.94,60.83,36.0,82.87,115.6,89.55,66.75,65.79,93.38,0.0,33.11,82.29,81.61,78.03,103.94,88.84,4.47,82.07,86.02,95.08,78.0,12.0,72.44,12.17,56.04,78.92,93.68,86.53,74.0,17.2,86.09,53.85,79.25,63.56,78.23,39.7,28.44,96.17,71.0,71.18,16.76,72.12,77.2,10.05,83.19,68.54,33.06,64.08,83.77,28.46,69.26
34,36.22,67.23,17.89,89.82,76.97,28.64,41.18,60.83,29.73,22.36,28.28,40.05,63.91,79.92,86.58,35.61,87.66,10.0,28.07,65.79,53.14,4.47,89.11,64.5,34.06,30.27,15.23,52.04,104.4,75.29,82.46,48.17,88.77,33.11,0.0,88.2,82.0,97.41,89.2,91.41,30.53,76.16,58.24,72.72,60.83,22.8,88.77,21.63,30.53,48.04,72.11,87.86,46.17,34.41,72.8,22.0,55.57,32.0,52.0,40.0,9.22,90.38,90.14,41.98,16.64,83.49,56.85,37.64,89.2,52.63,16.28,73.17,66.47,23.19,80.5
35,89.2,41.04,82.97,12.0,42.05,61.19,53.85,40.5,73.54,82.22,60.03,48.66,39.6,41.18,4.47,62.1,46.82,82.02,60.13,38.21,39.85,84.38,8.0,75.07,73.35,87.36,74.0,97.53,56.14,51.61,27.2,58.14,28.64,82.29,88.2,0.0,14.42,38.21,58.31,10.2,78.79,30.0,87.66,75.07,56.85,77.79,28.07,79.7,74.73,95.71,72.25,12.17,83.19,65.39,48.41,89.44,73.24,91.76,79.92,48.37,79.4,32.56,36.12,86.41,81.49,15.81,64.4,72.95,1.0,54.2,72.06,18.6,57.98,65.62,17.0
36,78.1,27.2,79.62,8.0,50.99,57.27,44.05,27.86,72.11,79.65,53.85,44.72,44.72,26.83,10.0,52.15,32.98,74.67,54.41,43.86,30.0,78.59,8.94,61.22,72.8,76.94,67.08,85.09,44.18,37.2,38.0,46.17,16.12,81.61,82.0,14.42,0.0,51.42,44.27,10.2,77.67,15.62,74.43,60.83,43.27,75.18,40.45,76.94,64.5,83.57,58.0,6.0,70.94,64.4,34.06,80.1,60.03,81.22,67.08,43.86,73.76,20.1,48.26,74.63,77.88,27.17,51.11,73.11,15.0,41.79,65.73,24.04,43.93,60.75,27.0
37,111.21,74.24,85.51,50.16,22.0,69.08,76.42,71.02,72.69,82.87,73.43,60.03,33.53,77.79,42.43,83.74,84.4,94.85,72.47,31.62,65.3,92.97,46.17,106.51,70.26,107.65,86.76,123.11,94.34,86.93,16.97,85.04,66.75,78.03,97.41,38.21,51.42,0.0,95.6,48.04,76.24,65.79,116.28,108.41,88.2,79.25,11.66,81.22,95.6,120.42,105.68,50.36,108.9,65.12,83.26,106.68,102.45,112.07,107.63,61.06,88.26,70.71,7.28,110.54,84.93,24.7,94.4,68.07,38.12,82.62,83.67,33.02,90.92,74.85,25.94
38,66.48,27.2,95.6,47.41,92.09,76.16,50.0,34.18,94.02,97.65,67.68,67.23,82.22,18.11,53.85,53.74,11.66,79.4,69.34,82.1,44.94,87.68,50.99,34.23,96.6,68.88,74.97,64.5,18.11,14.42,81.22,41.04,30.53,103.94,89.2,58.31,44.27,95.6,0.0,50.12,99.48,30.27,50.16,28.07,28.43,93.74,84.4,94.87,60.46,65.12,26.0,46.52,54.41,88.57,17.89,76.16,39.85,71.69,47.54,65.39,84.22,27.2,91.98,60.08,93.41,71.06,34.0,98.41,58.69,36.8,75.82,65.38,23.02,76.28,70.41
39,88.29,36.72,88.02,2.83,52.0,65.79,54.15,37.95,79.65,87.73,63.15,53.14,48.41,34.06,7.21,62.29,38.47,84.38,63.56,47.2,40.05,87.86,2.83,70.46,79.92,87.13,76.66,95.08,46.39,45.25,37.36,56.32,19.7,88.84,91.41,10.2,10.2,48.04,50.12,0.0,85.09,24.41,84.12,69.43,52.84,83.26,38.21,85.09,74.67,93.64,66.6,4.47,80.99,71.69,42.52,90.2,69.77,91.41,76.97,52.5,82.98,23.41,46.27,84.77,86.38,25.96,60.83,79.88,10.05,51.87,75.13,27.02,53.01,69.64,26.93
40,63.15,73.24,12.81,84.38,54.33,23.32,50.16,66.03,5.66,8.49,32.31,33.94,44.18,85.6,78.71,49.48,94.4,35.44,30.46,46.17,55.61,26.83,82.37,83.55,6.0,57.27,32.06,79.25,111.21,85.09,64.28,61.35,89.2,4.47,30.53,78.79,77.67,76.24,99.48,85.09,0.0,77.79,82.0,90.71,73.54,8.25,70.11,8.94,52.0,75.31,89.29,82.68,70.03,13.42,81.63,50.6,74.97,60.17,74.11,35.38,25.0,91.93,69.12,67.36,13.89,69.12,72.8,8.54,79.71,64.08,29.0,60.75,79.31,24.04,66.22
41,66.27,12.65,77.2,21.63,62.0,55.32,35.44,16.12,72.14,78.1,49.4,43.86,52.95,12.17,25.61,42.76,20.1,67.68,50.48,52.61,23.32,73.35,24.08,46.04,73.76,66.0,60.93,71.47,34.93,21.63,50.99,34.06,12.65,82.07,76.16,30.0,15.62,65.79,30.27,24.41,77.79,0.0,59.93,45.25,28.64,73.76,54.41,75.29,54.15,70.34,42.43,20.0,57.72,65.3,18.44,70.46,45.69,70.03,53.14,42.43,68.88,14.42,61.85,61.98,75.21,41.11,36.77,74.81,30.61,29.15,60.37,35.13,28.6,57.43,40.26
42,23.32,47.41,72.44,81.41,103.25,63.15,41.18,47.2,78.1,76.24,53.37,62.77,89.55,53.85,83.76,36.06,56.32,49.03,55.32,90.55,50.99,59.23,83.35,16.0,82.22,28.64,50.04,14.56,68.26,42.76,99.36,31.24,69.57,86.02,58.24,87.66,74.43,116.28,50.16,84.12,82.0,59.93,0.0,22.8,31.3,74.03,104.8,74.11,30.0,16.12,24.33,79.65,12.17,76.94,43.68,37.58,14.42,28.84,8.94,60.93,58.42,68.41,110.26,16.55,70.35,93.35,23.32,85.38,88.48,33.97,53.0,83.49,32.28,59.41,91.22
43,42.8,34.41,83.57,66.6,99.3,68.73,42.05,37.58,85.91,86.65,58.86,64.03,86.83,36.06,70.77,41.23,36.06,62.77,60.83,87.36,45.61,72.47,69.31,8.49,89.44,46.69,60.93,37.36,46.0,24.41,92.13,30.07,52.15,95.08,72.72,75.07,60.83,108.41,28.07,69.43,90.71,45.25,22.8,0.0,20.88,83.52,96.75,84.12,42.19,38.63,2.83,65.12,30.0,82.61,26.91,55.17,17.2,48.41,22.8,62.03,70.26,50.12,103.31,35.81,81.34,84.06,18.11,92.07,75.74,29.15,62.97,75.59,17.49,66.71,82.49
44,40.45,16.12,68.26,50.12,78.43,50.6,23.41,17.2,68.35,70.71,41.23,44.18,65.97,24.0,52.8,25.61,29.12,50.99,43.08,66.48,24.74,59.46,52.15,18.44,71.47,41.76,46.86,43.17,44.72,15.23,71.69,12.81,38.83,78.0,60.83,56.85,43.27,88.2,28.43,52.84,73.54,28.64,31.3,20.88,0.0,67.08,76.55,68.0,32.25,42.43,18.44,48.37,30.07,64.03,14.14,48.33,17.09,45.12,24.74,42.19,56.22,38.21,82.86,35.01,66.04,64.2,8.25,73.76,57.63,9.49,48.01,55.23,5.83,49.66,62.43
45,54.92,68.12,6.32,82.29,57.72,18.44,43.91,60.96,7.21,4.47,26.08,30.53,46.17,80.72,77.25,42.38,89.38,27.2,24.41,48.17,50.91,18.87,80.62,76.16,11.31,49.03,24.0,71.02,106.3,79.32,66.03,54.63,85.6,12.0,22.8,77.79,75.18,79.25,93.74,83.26,8.25,73.76,74.03,83.52,67.08,0.0,72.11,2.0,44.05,67.08,82.22,80.5,62.0,14.14,76.03,42.38,67.47,51.92,66.27,31.62,16.76,88.09,72.01,59.21,6.4,69.58,65.79,14.87,78.75,57.71,21.1,60.42,72.9,17.49,66.61
46,100.44,62.61,78.23,40.05,18.87,60.17,65.3,59.36,66.0,76.03,63.56,50.16,26.0,66.48,32.0,72.8,73.35,85.44,62.77,24.0,53.81,84.4,36.06,94.87,64.12,97.1,77.25,111.95,84.02,75.39,6.32,73.59,56.14,72.44,88.77,28.07,40.45,11.66,84.4,38.21,70.11,54.41,104.8,96.75,76.55,72.11,0.0,74.11,84.88,109.34,94.02,40.0,97.67,58.03,71.69,96.6,90.91,101.55,96.21,50.99,79.56,60.13,8.06,99.49,77.41,13.34,82.8,62.39,28.16,71.06,74.33,21.4,79.26,65.8,14.32
47,54.59,69.43,4.47,84.1,59.67,20.0,44.94,62.29,8.94,2.83,27.2,32.25,48.17,82.07,79.12,43.08,90.69,26.68,25.61,50.16,52.35,17.89,82.46,76.66,12.81,48.66,24.08,70.71,107.63,80.45,68.03,55.46,87.2,12.17,21.63,79.7,76.94,81.22,94.87,85.09,8.94,75.29,74.11,84.12,68.0,2.0,74.11,0.0,44.18,66.75,82.87,82.29,62.03,16.12,77.2,41.76,67.91,51.42,66.48,33.29,16.28,89.64,73.98,59.08,5.0,71.57,66.48,16.28,80.65,58.67,21.38,62.37,73.82,18.6,68.59
48,15.62,42.76,42.76,72.44,79.25,34.18,20.88,38.05,48.17,46.39,25.06,36.88,65.12,54.41,71.81,12.65,60.93,20.59,26.83,66.48,34.93,30.46,72.99,34.0,52.35,12.65,20.1,29.53,76.94,47.41,78.82,20.88,66.48,56.04,30.53,74.73,64.5,95.6,60.46,74.67,52.0,54.15,30.0,42.19,32.25,44.05,84.88,44.18,0.0,26.08,41.62,70.46,18.11,47.54,45.69,16.49,25.06,17.09,22.36,35.38,28.86,67.08,88.87,16.55,40.61,75.59,26.91,55.58,75.69,25.96,23.0,64.88,37.44,29.83,72.95
49,12.17,57.72,64.28,91.08,105.0,59.93,44.05,55.71,72.28,68.47,51.11,62.8,90.91,66.27,92.2,36.77,70.03,40.2,52.84,92.2,56.6,50.04,92.48,31.05,76.66,18.11,43.68,4.0,83.19,56.0,103.48,37.58,81.22,78.92,48.04,95.71,83.57,120.42,65.12,93.64,75.31,70.34,16.12,38.63,42.43,67.08,109.34,66.75,26.08,0.0,39.85,89.2,12.65,72.8,56.14,26.08,26.0,16.12,18.0,61.22,50.49,80.62,113.9,9.9,62.39,99.05,34.23,80.08,96.61,41.79,47.13,88.6,45.01,55.15,96.61
50,43.27,31.62,82.46,63.78,96.77,67.08,40.2,34.93,84.4,85.44,57.27,62.0,84.4,33.29,67.94,39.85,33.53,62.13,59.23,84.9,43.17,71.69,66.48,8.94,87.86,46.86,59.93,38.83,44.05,21.63,89.44,28.28,49.4,93.68,72.11,72.25,58.0,105.68,26.0,66.6,89.29,42.43,24.33,2.83,18.44,82.22,94.02,82.87,41.62,39.85,0.0,62.29,30.53,80.89,24.08,55.17,16.97,48.83,23.32,60.0,69.32,47.41,100.62,36.36,80.23,81.3,16.49,90.43,72.92,27.02,61.85,72.9,14.76,65.25,79.76
51,83.95,32.25,85.09,2.0,52.5,62.77,50.04,33.53,77.18,84.97,59.67,50.16,47.71,30.0,8.0,58.14,34.93,80.62,60.17,46.65,36.0,84.4,4.47,66.03,77.67,82.87,72.99,90.62,44.05,41.04,38.47,51.92,16.49,86.53,87.86,12.17,6.0,50.36,46.52,4.47,82.68,20.0,79.65,65.12,48.37,80.5,40.0,82.29,70.46,89.2,62.29,0.0,76.55,69.34,38.21,86.09,65.3,87.13,72.5,49.4,79.56,20.4,48.01,80.36,83.38,27.17,56.36,77.8,12.37,47.43,71.59,26.42,48.6,66.41,27.66
52,12.81,45.12,60.3,78.43,94.4,51.92,32.56,43.08,66.27,64.12,42.38,52.84,80.45,54.04,79.62,26.08,58.31,36.88,44.27,81.61,44.41,47.07,79.85,21.63,70.46,17.2,38.0,14.42,72.28,44.18,91.93,25.06,68.73,74.0,46.17,83.19,70.94,108.9,54.41,80.99,70.03,57.72,12.17,30.0,30.07,62.0,97.67,62.03,18.11,12.65,30.53,76.55,0.0,65.51,44.0,26.08,14.56,18.44,7.21,51.11,46.27,68.26,102.55,5.83,58.22,87.01,22.0,73.68,84.08,29.15,41.05,76.69,33.14,47.85,84.65
53,60.93,61.77,20.4,71.02,43.68,14.0,40.79,54.59,8.25,18.0,24.0,21.63,32.06,73.78,65.3,42.0,82.68,35.61,22.0,34.06,43.91,30.0,68.96,76.11,8.49,55.46,29.53,76.55,99.3,74.32,52.0,52.61,76.37,17.2,34.41,65.39,64.4,65.12,88.57,71.69,13.42,65.3,76.94,82.61,64.03,14.14,58.03,16.12,47.54,72.8,80.89,69.34,65.51,0.0,70.68,50.48,68.0,59.06,68.47,23.32,26.17,79.25,57.87,63.89,19.92,56.09,64.5,9.85,66.31,54.57,25.94,47.43,69.64,17.72,53.15
54,54.59,10.0,78.1,39.7,76.94,58.31,32.56,16.49,76.16,80.0,50.0,49.4,66.03,10.2,44.05,37.2,15.23,63.25,51.61,66.12,27.2,70.94,42.43,28.64,78.71,55.79,58.14,56.57,31.62,4.0,67.68,25.06,26.0,86.09,72.8,48.41,34.06,83.26,17.89,42.52,81.63,18.44,43.68,26.91,14.14,76.03,71.69,77.2,45.69,56.14,24.08,38.21,44.0,70.68,0.0,62.03,30.27,59.23,38.21,47.54,67.21,24.74,78.77,49.09,75.93,58.6,22.0,80.53,49.04,20.25,58.69,51.24,11.4,58.6,57.38
55,14.56,59.23,38.83,88.09,88.41,39.6,36.06,54.33,48.33,43.17,33.29,46.65,74.4,70.88,86.83,28.0,77.25,15.23,34.41,76.03,50.16,24.33,88.36,46.69,52.8,8.94,21.26,30.07,93.04,63.56,90.35,37.36,82.87,53.85,22.0,89.44,80.1,106.68,76.16,90.2,50.6,70.46,37.58,55.17,48.33,42.38,96.6,41.76,16.49,26.08,55.17,86.09,26.08,50.48,62.03,0.0,38.21,10.0,32.8,45.65,25.63,83.55,99.64,21.02,37.11,88.6,42.19,56.36,90.43,42.45,24.84,77.83,53.24,33.97,85.8
56,26.83,33.11,67.05,67.08,90.35,54.0,29.12,32.8,70.46,70.34,44.0,51.42,76.97,40.45,69.34,26.0,44.05,45.65,46.0,77.82,37.2,55.46,68.96,8.94,74.24,30.0,44.27,26.31,57.72,30.0,85.6,17.89,55.79,79.25,55.57,73.24,60.03,102.45,39.85,69.77,74.97,45.69,14.42,17.2,17.09,67.47,90.91,67.91,25.06,26.0,16.97,65.3,14.56,68.0,30.27,38.21,0.0,32.25,8.0,49.48,53.49,54.92,96.61,20.25,64.85,79.21,8.94,77.1,74.06,19.85,46.57,69.53,19.03,51.24,77.16
57,5.66,58.03,48.66,89.11,94.85,47.2,37.95,54.15,57.58,52.95,39.6,52.5,80.72,68.73,88.77,29.73,74.22,24.74,41.04,82.22,51.92,34.23,89.82,40.0,62.03,4.47,29.53,20.1,89.2,60.17,95.41,36.0,82.02,63.56,32.0,91.76,81.22,112.07,71.69,91.41,60.17,70.03,28.84,48.41,45.12,51.92,101.55,51.42,17.09,16.12,48.83,87.13,18.44,59.06,59.23,10.0,32.25,0.0,25.61,51.22,35.17,82.22,105.21,12.73,46.87,92.57,37.95,65.55,92.72,41.01,33.12,81.84,49.34,41.88,89.89
58,20.0,40.5,65.12,74.32,94.34,54.59,32.25,39.45,70.0,68.73,44.72,53.85,80.62,48.37,76.16,27.2,52.04,42.38,46.69,81.63,42.43,52.5,76.03,14.42,74.03,24.08,42.43,18.44,65.51,38.0,90.69,22.63,63.56,78.23,52.0,79.92,67.08,107.63,47.54,76.97,74.11,53.14,8.94,22.8,24.74,66.27,96.21,66.48,22.36,18.0,23.32,72.5,7.21,68.47,38.21,32.8,8.0,25.61,0.0,52.0,51.2,62.8,101.53,13.04,62.97,84.96,16.49,77.1,80.78,25.81,45.18,74.95,27.02,51.09,82.76
59,50.91,38.47,35.78,51.26,43.86,13.42,20.4,31.3,29.73,36.06,12.65,2.0,29.73,50.48,47.07,25.06,59.36,34.93,12.17,31.11,20.59,36.06,50.0,56.57,31.62,46.86,26.68,64.4,76.03,51.26,44.72,32.25,54.04,39.7,40.0,48.37,43.86,61.06,65.39,52.5,35.38,42.43,60.93,62.03,42.19,31.62,50.99,33.29,35.38,61.22,60.0,49.4,51.11,23.32,47.54,45.65,49.48,51.22,52.0,0.0,31.06,56.64,54.08,51.4,34.01,43.93,44.18,33.12,49.37,33.02,24.19,33.38,47.52,17.26,41.0
60,38.33,60.8,14.04,81.49,67.98,19.42,34.83,54.08,22.83,18.03,19.92,31.0,54.78,73.6,77.93,30.61,81.69,10.44,19.42,56.65,45.62,5.0,80.6,62.39,27.29,32.39,9.43,54.45,98.6,70.01,73.25,43.42,81.39,28.44,9.22,79.4,73.76,88.26,84.22,82.98,25.0,68.88,58.42,70.26,56.22,16.76,79.56,16.28,28.86,50.49,69.32,79.56,46.27,26.17,67.21,25.63,53.49,35.17,51.2,31.06,0.0,83.24,80.99,43.0,12.0,74.33,53.34,30.89,80.4,47.42,8.6,64.07,62.01,14.04,71.34
61,78.03,24.33,91.61,20.88,71.02,69.66,49.4,29.73,86.28,92.46,63.81,58.0,63.91,14.56,28.28,56.32,15.62,81.71,64.9,63.25,37.74,87.66,24.74,53.14,87.73,78.41,75.15,81.22,24.08,26.0,58.03,46.39,4.0,96.17,90.38,32.56,20.1,70.71,27.2,23.41,91.93,14.42,68.41,50.12,38.21,88.09,60.13,89.64,67.08,80.62,47.41,20.4,68.26,79.25,24.74,83.55,54.92,82.22,62.8,56.64,83.24,0.0,68.07,73.06,89.63,47.01,46.39,88.62,32.76,41.3,74.71,43.93,36.14,71.85,47.04
62,104.48,69.46,78.26,48.09,15.13,61.85,70.01,65.76,65.49,75.66,66.37,53.0,26.25,73.98,40.01,77.16,81.05,87.66,65.37,24.35,59.41,85.7,44.1,101.02,63.13,100.8,79.61,116.67,92.01,82.54,11.18,79.03,64.07,71.0,90.14,36.12,48.26,7.28,91.98,46.27,69.12,61.85,110.26,103.31,82.86,72.01,8.06,73.98,88.87,113.9,100.62,48.01,102.55,57.87,78.77,99.64,96.61,105.21,101.53,54.08,80.99,68.07,0.0,104.0,77.67,21.1,88.75,61.01,36.22,76.84,76.49,27.73,85.87,67.62,21.59
63,7.07,49.5,57.01,82.28,95.13,50.7,34.21,46.84,63.95,61.01,41.59,53.01,81.06,59.01,83.01,26.87,63.64,33.14,43.38,82.33,47.01,43.29,83.49,27.46,68.25,12.08,35.36,13.04,77.88,49.5,93.61,28.46,73.33,71.18,41.98,86.41,74.63,110.54,60.08,84.77,67.36,61.98,16.55,35.81,35.01,59.21,99.49,59.08,16.55,9.9,36.36,80.36,5.83,63.89,49.09,21.02,20.25,12.73,13.04,51.4,43.0,73.06,104.0,0.0,55.0,89.31,27.17,71.59,87.32,32.98,38.64,78.82,38.47,46.17,86.84
64,50.25,68.59,2.24,85.23,63.6,20.62,43.42,61.55,13.6,6.08,26.17,33.24,51.62,81.34,80.65,40.71,89.81,22.2,24.84,53.6,52.01,13.0,83.82,73.68,17.69,44.28,20.62,66.37,106.78,79.03,71.25,53.34,87.37,16.76,16.64,81.49,77.88,84.93,93.41,86.38,13.89,75.21,70.35,81.34,66.04,6.4,77.41,5.0,40.61,62.39,80.23,83.38,58.22,19.92,75.93,37.11,64.85,46.87,62.97,34.01,12.0,89.63,77.67,55.0,0.0,74.17,63.98,21.21,82.46,56.86,18.38,64.63,71.87,17.8,71.18
65,90.92,49.74,75.33,27.46,26.42,55.08,55.23,47.01,64.33,73.82,56.52,43.57,26.42,53.16,19.24,63.13,60.02,78.85,56.09,24.7,42.64,79.31,23.54,82.62,63.32,88.1,70.61,101.4,71.01,62.24,11.4,62.37,43.01,72.12,83.49,15.81,27.17,24.7,71.06,25.96,69.12,41.11,93.35,84.06,64.2,69.58,13.34,71.57,75.59,99.05,81.3,27.17,87.01,56.09,58.6,88.6,79.21,92.57,84.96,43.93,74.33,47.01,21.1,89.31,74.17,0.0,70.84,62.3,16.16,59.4,68.07,10.77,66.57,60.3,3.0
66,32.98,24.17,66.21,58.14,83.26,50.64,24.0,24.08,67.91,69.08,40.79,46.17,70.23,32.06,60.46,23.41,36.5,46.86,42.76,70.94,29.53,56.04,60.03,12.65,71.39,34.93,43.91,34.93,51.26,22.36,77.67,12.0,47.07,77.2,56.85,64.4,51.11,94.4,34.0,60.83,72.8,36.77,23.32,18.11,8.25,65.79,82.8,66.48,26.91,34.23,16.49,56.36,22.0,64.5,22.0,42.19,8.94,37.95,16.49,44.18,53.34,46.39,88.75,27.17,63.98,70.84,0.0,73.98,65.22,12.08,45.62,61.4,11.4,48.76,68.88
67,68.01,71.59,20.62,79.4,46.1,23.35,50.45,64.41,8.06,16.64,33.24,31.38,36.67,83.53,73.25,51.16,92.44,41.15,31.26,38.64,53.71,33.6,77.1,85.38,3.61,62.3,36.4,83.93,109.0,84.17,56.72,62.17,85.63,10.05,37.64,72.95,73.11,68.07,98.41,79.88,8.54,74.81,85.38,92.07,73.76,14.87,62.39,16.28,55.58,80.08,90.43,77.8,73.68,9.85,80.53,56.36,77.1,65.55,77.1,33.12,30.89,88.62,61.01,71.59,21.21,62.3,73.98,0.0,73.82,64.29,32.98,54.56,79.4,26.02,59.46
68,90.14,41.77,83.93,12.04,42.49,62.17,54.82,41.34,74.46,83.17,61.03,49.65,40.31,41.68,5.0,63.06,47.17,83.02,61.13,38.9,40.8,85.38,8.06,75.82,74.25,88.32,75.0,98.41,56.22,52.2,27.51,59.03,28.86,83.19,89.2,1.0,15.0,38.12,58.69,10.05,79.71,30.61,88.48,75.74,57.63,78.75,28.16,80.65,75.69,96.61,72.92,12.37,84.08,66.31,49.04,90.43,74.06,92.72,80.78,49.37,80.4,32.76,36.22,87.32,82.46,16.16,65.22,73.82,0.0,55.07,73.06,19.42,58.69,66.61,17.49
69,37.12,17.03,59.08,49.34,71.18,41.11,13.93,13.93,58.87,61.4,31.78,35.01,58.19,28.46,50.54,17.03,35.36,43.01,33.62,58.87,17.49,50.93,50.7,24.7,61.98,37.12,38.18,43.38,51.87,22.67,65.8,5.1,41.01,68.54,52.63,54.2,41.79,82.62,36.8,51.87,64.08,29.15,33.97,29.15,9.49,57.71,71.06,58.67,25.96,41.79,27.02,47.43,29.15,54.57,20.25,42.45,19.85,41.01,25.81,33.02,47.42,41.3,76.84,32.98,56.86,59.4,12.08,64.29,55.07,0.0,39.05,49.68,15.23,40.25,57.31
70,35.11,52.2,20.62,73.55,64.35,15.0,26.25,45.49,25.32,23.77,12.04,24.52,50.61,65.0,70.35,22.47,73.11,11.18,12.04,52.35,37.16,13.0,72.84,55.36,29.61,29.55,3.61,50.96,90.03,61.55,68.01,35.23,72.92,33.06,16.28,72.06,65.73,83.67,75.82,75.13,29.0,60.37,53.0,62.97,48.01,21.1,74.33,21.38,23.0,47.13,61.85,71.59,41.05,25.94,58.69,24.84,46.57,33.12,45.18,24.19,8.6,74.71,76.49,38.64,18.38,68.07,45.62,32.98,73.06,39.05,0.0,57.56,53.82,9.22,65.12
71,80.26,41.79,65.92,27.46,27.17,45.01,44.65,38.08,55.66,64.76,45.89,33.14,21.4,47.27,19.85,52.48,55.01,68.25,45.54,20.25,32.53,69.07,24.21,73.5,55.15,77.37,60.02,91.05,67.9,55.08,16.55,52.33,40.02,64.08,73.17,18.6,24.04,33.02,65.38,27.02,60.75,35.13,83.49,75.59,55.23,60.42,21.4,62.37,64.88,88.6,72.9,26.42,76.69,47.43,51.24,77.83,69.53,81.84,74.95,33.38,64.07,43.93,27.73,78.82,64.63,10.77,61.4,54.56,19.42,49.68,57.56,0.0,58.14,50.04,8.06
72,44.38,17.03,74.09,50.22,82.28,56.3,29.15,20.25,74.09,76.54,47.01,49.5,70.21,21.59,53.76,31.4,25.18,56.59,48.85,70.61,29.15,65.19,52.63,17.49,77.16,46.24,52.63,45.28,39.92,11.05,74.69,18.6,37.34,83.77,66.47,57.98,43.93,90.92,23.02,53.01,79.31,28.6,32.28,17.49,5.83,72.9,79.26,73.82,37.44,45.01,14.76,48.6,33.14,69.64,11.4,53.24,19.03,49.34,27.02,47.52,62.01,36.14,85.87,38.47,71.87,66.57,11.4,79.4,58.69,15.23,53.82,58.14,0.0,55.46,65.0
73,43.38,50.93,19.85,68.31,55.23,5.83,26.42,43.84,19.24,21.4,8.6,17.03,41.59,63.64,64.33,25.5,72.18,20.25,7.07,43.38,34.21,19.03,67.19,59.68,23.02,38.08,12.73,58.87,89.14,61.85,59.48,37.34,69.64,28.46,23.19,65.62,60.75,74.85,76.28,69.64,24.04,57.43,59.41,66.71,49.66,17.49,65.8,18.6,29.83,55.15,65.25,66.41,47.85,17.72,58.6,33.97,51.24,41.88,51.09,17.26,14.04,71.85,67.62,46.17,17.8,60.3,48.76,26.02,66.61,40.25,9.22,50.04,55.46,0.0,57.31
74,88.32,48.3,72.34,28.16,25.08,52.09,52.7,45.22,61.39,70.86,53.6,40.61,23.85,52.39,19.92,60.54,59.54,75.93,53.15,22.2,40.36,76.32,24.35,80.8,60.44,85.42,67.68,99.02,71.11,61.1,11.0,60.14,43.05,69.26,80.5,17.0,27.0,25.94,70.41,26.93,66.22,40.26,91.22,82.49,62.43,66.61,14.32,68.59,72.95,96.61,79.76,27.66,84.65,53.15,57.38,85.8,77.16,89.89,82.76,41.0,71.34,47.04,21.59,86.84,71.18,3.0,68.88,59.46,17.49,57.31,65.12,8.06,65.0,57.31,0.0
