set K:= 1	2	3	4	5	6	7;
set C_H:= 1	2	3	4	5	6	7	8	9	10	11	12	13	14	15	16	17	18	19;
set C_S:= 20	21	22	23	24	25	26	27	28	29	30	31	32	33	34	35	36;
set C_F:= 37	38	39	40	41	42	43	44	45	46	47	48	49	50	51	52	53;
set M:= 54	55	56	57	58	59;
set L_B:= 60	61	62	63	64	65	66;
set A1:=
(0,*) 1 2 3 4 5 6 7 8 9 10 11 12 13 14 15 16 17 18 19 37 38 39 40 41 42 43 44 45 46 47 48 49 50 51 52 53 54 55 56 57 58 59 60 61 62 63 64 65 66 67
(1,*) 0 2 3 4 5 6 7 8 9 10 11 12 13 14 15 16 17 18 19 37 38 39 40 41 42 43 44 45 46 47 48 49 50 51 52 53 54 55 56 57 58 59 60 61 62 63 64 65 66 67
(2,*) 0 1 3 4 5 6 7 8 9 10 11 12 13 14 15 16 17 18 19 37 38 39 40 41 42 43 44 45 46 47 48 49 50 51 52 53 54 55 56 57 58 59 60 61 62 63 64 65 66 67
(3,*) 0 1 2 4 5 6 7 8 9 10 11 12 13 14 15 16 17 18 19 37 38 39 40 41 42 43 44 45 46 47 48 49 50 51 52 53 54 55 56 57 58 59 60 61 62 63 64 65 66 67
(4,*) 0 1 2 3 5 6 7 8 9 10 11 12 13 14 15 16 17 18 19 37 38 39 40 41 42 43 44 45 46 47 48 49 50 51 52 53 54 55 56 57 58 59 60 61 62 63 64 65 66 67
(5,*) 0 1 2 3 4 6 7 8 9 10 11 12 13 14 15 16 17 18 19 37 38 39 40 41 42 43 44 45 46 47 48 49 50 51 52 53 54 55 56 57 58 59 60 61 62 63 64 65 66 67
(6,*) 0 1 2 3 4 5 7 8 9 10 11 12 13 14 15 16 17 18 19 37 38 39 40 41 42 43 44 45 46 47 48 49 50 51 52 53 54 55 56 57 58 59 60 61 62 63 64 65 66 67
(7,*) 0 1 2 3 4 5 6 8 9 10 11 12 13 14 15 16 17 18 19 37 38 39 40 41 42 43 44 45 46 47 48 49 50 51 52 53 54 55 56 57 58 59 60 61 62 63 64 65 66 67
(8,*) 0 1 2 3 4 5 6 7 9 10 11 12 13 14 15 16 17 18 19 37 38 39 40 41 42 43 44 45 46 47 48 49 50 51 52 53 54 55 56 57 58 59 60 61 62 63 64 65 66 67
(9,*) 0 1 2 3 4 5 6 7 8 10 11 12 13 14 15 16 17 18 19 37 38 39 40 41 42 43 44 45 46 47 48 49 50 51 52 53 54 55 56 57 58 59 60 61 62 63 64 65 66 67
(10,*) 0 1 2 3 4 5 6 7 8 9 11 12 13 14 15 16 17 18 19 37 38 39 40 41 42 43 44 45 46 47 48 49 50 51 52 53 54 55 56 57 58 59 60 61 62 63 64 65 66 67
(11,*) 0 1 2 3 4 5 6 7 8 9 10 12 13 14 15 16 17 18 19 37 38 39 40 41 42 43 44 45 46 47 48 49 50 51 52 53 54 55 56 57 58 59 60 61 62 63 64 65 66 67
(12,*) 0 1 2 3 4 5 6 7 8 9 10 11 13 14 15 16 17 18 19 37 38 39 40 41 42 43 44 45 46 47 48 49 50 51 52 53 54 55 56 57 58 59 60 61 62 63 64 65 66 67
(13,*) 0 1 2 3 4 5 6 7 8 9 10 11 12 14 15 16 17 18 19 37 38 39 40 41 42 43 44 45 46 47 48 49 50 51 52 53 54 55 56 57 58 59 60 61 62 63 64 65 66 67
(14,*) 0 1 2 3 4 5 6 7 8 9 10 11 12 13 15 16 17 18 19 37 38 39 40 41 42 43 44 45 46 47 48 49 50 51 52 53 54 55 56 57 58 59 60 61 62 63 64 65 66 67
(15,*) 0 1 2 3 4 5 6 7 8 9 10 11 12 13 14 16 17 18 19 37 38 39 40 41 42 43 44 45 46 47 48 49 50 51 52 53 54 55 56 57 58 59 60 61 62 63 64 65 66 67
(16,*) 0 1 2 3 4 5 6 7 8 9 10 11 12 13 14 15 17 18 19 37 38 39 40 41 42 43 44 45 46 47 48 49 50 51 52 53 54 55 56 57 58 59 60 61 62 63 64 65 66 67
(17,*) 0 1 2 3 4 5 6 7 8 9 10 11 12 13 14 15 16 18 19 37 38 39 40 41 42 43 44 45 46 47 48 49 50 51 52 53 54 55 56 57 58 59 60 61 62 63 64 65 66 67
(18,*) 0 1 2 3 4 5 6 7 8 9 10 11 12 13 14 15 16 17 19 37 38 39 40 41 42 43 44 45 46 47 48 49 50 51 52 53 54 55 56 57 58 59 60 61 62 63 64 65 66 67
(19,*) 0 1 2 3 4 5 6 7 8 9 10 11 12 13 14 15 16 17 18 37 38 39 40 41 42 43 44 45 46 47 48 49 50 51 52 53 54 55 56 57 58 59 60 61 62 63 64 65 66 67
(37,*) 0 1 2 3 4 5 6 7 8 9 10 11 12 13 14 15 16 17 18 19 38 39 40 41 42 43 44 45 46 47 48 49 50 51 52 53 54 55 56 57 58 59 60 61 62 63 64 65 66 67
(38,*) 0 1 2 3 4 5 6 7 8 9 10 11 12 13 14 15 16 17 18 19 37 39 40 41 42 43 44 45 46 47 48 49 50 51 52 53 54 55 56 57 58 59 60 61 62 63 64 65 66 67
(39,*) 0 1 2 3 4 5 6 7 8 9 10 11 12 13 14 15 16 17 18 19 37 38 40 41 42 43 44 45 46 47 48 49 50 51 52 53 54 55 56 57 58 59 60 61 62 63 64 65 66 67
(40,*) 0 1 2 3 4 5 6 7 8 9 10 11 12 13 14 15 16 17 18 19 37 38 39 41 42 43 44 45 46 47 48 49 50 51 52 53 54 55 56 57 58 59 60 61 62 63 64 65 66 67
(41,*) 0 1 2 3 4 5 6 7 8 9 10 11 12 13 14 15 16 17 18 19 37 38 39 40 42 43 44 45 46 47 48 49 50 51 52 53 54 55 56 57 58 59 60 61 62 63 64 65 66 67
(42,*) 0 1 2 3 4 5 6 7 8 9 10 11 12 13 14 15 16 17 18 19 37 38 39 40 41 43 44 45 46 47 48 49 50 51 52 53 54 55 56 57 58 59 60 61 62 63 64 65 66 67
(43,*) 0 1 2 3 4 5 6 7 8 9 10 11 12 13 14 15 16 17 18 19 37 38 39 40 41 42 44 45 46 47 48 49 50 51 52 53 54 55 56 57 58 59 60 61 62 63 64 65 66 67
(44,*) 0 1 2 3 4 5 6 7 8 9 10 11 12 13 14 15 16 17 18 19 37 38 39 40 41 42 43 45 46 47 48 49 50 51 52 53 54 55 56 57 58 59 60 61 62 63 64 65 66 67
(45,*) 0 1 2 3 4 5 6 7 8 9 10 11 12 13 14 15 16 17 18 19 37 38 39 40 41 42 43 44 46 47 48 49 50 51 52 53 54 55 56 57 58 59 60 61 62 63 64 65 66 67
(46,*) 0 1 2 3 4 5 6 7 8 9 10 11 12 13 14 15 16 17 18 19 37 38 39 40 41 42 43 44 45 47 48 49 50 51 52 53 54 55 56 57 58 59 60 61 62 63 64 65 66 67
(47,*) 0 1 2 3 4 5 6 7 8 9 10 11 12 13 14 15 16 17 18 19 37 38 39 40 41 42 43 44 45 46 48 49 50 51 52 53 54 55 56 57 58 59 60 61 62 63 64 65 66 67
(48,*) 0 1 2 3 4 5 6 7 8 9 10 11 12 13 14 15 16 17 18 19 37 38 39 40 41 42 43 44 45 46 47 49 50 51 52 53 54 55 56 57 58 59 60 61 62 63 64 65 66 67
(49,*) 0 1 2 3 4 5 6 7 8 9 10 11 12 13 14 15 16 17 18 19 37 38 39 40 41 42 43 44 45 46 47 48 50 51 52 53 54 55 56 57 58 59 60 61 62 63 64 65 66 67
(50,*) 0 1 2 3 4 5 6 7 8 9 10 11 12 13 14 15 16 17 18 19 37 38 39 40 41 42 43 44 45 46 47 48 49 51 52 53 54 55 56 57 58 59 60 61 62 63 64 65 66 67
(51,*) 0 1 2 3 4 5 6 7 8 9 10 11 12 13 14 15 16 17 18 19 37 38 39 40 41 42 43 44 45 46 47 48 49 50 52 53 54 55 56 57 58 59 60 61 62 63 64 65 66 67
(52,*) 0 1 2 3 4 5 6 7 8 9 10 11 12 13 14 15 16 17 18 19 37 38 39 40 41 42 43 44 45 46 47 48 49 50 51 53 54 55 56 57 58 59 60 61 62 63 64 65 66 67
(53,*) 0 1 2 3 4 5 6 7 8 9 10 11 12 13 14 15 16 17 18 19 37 38 39 40 41 42 43 44 45 46 47 48 49 50 51 52 54 55 56 57 58 59 60 61 62 63 64 65 66 67
(54,*) 0 1 2 3 4 5 6 7 8 9 10 11 12 13 14 15 16 17 18 19 37 38 39 40 41 42 43 44 45 46 47 48 49 50 51 52 53 55 56 57 58 59 60 61 62 63 64 65 66 67
(55,*) 0 1 2 3 4 5 6 7 8 9 10 11 12 13 14 15 16 17 18 19 37 38 39 40 41 42 43 44 45 46 47 48 49 50 51 52 53 54 56 57 58 59 60 61 62 63 64 65 66 67
(56,*) 0 1 2 3 4 5 6 7 8 9 10 11 12 13 14 15 16 17 18 19 37 38 39 40 41 42 43 44 45 46 47 48 49 50 51 52 53 54 55 57 58 59 60 61 62 63 64 65 66 67
(57,*) 0 1 2 3 4 5 6 7 8 9 10 11 12 13 14 15 16 17 18 19 37 38 39 40 41 42 43 44 45 46 47 48 49 50 51 52 53 54 55 56 58 59 60 61 62 63 64 65 66 67
(58,*) 0 1 2 3 4 5 6 7 8 9 10 11 12 13 14 15 16 17 18 19 37 38 39 40 41 42 43 44 45 46 47 48 49 50 51 52 53 54 55 56 57 59 60 61 62 63 64 65 66 67
(59,*) 0 1 2 3 4 5 6 7 8 9 10 11 12 13 14 15 16 17 18 19 37 38 39 40 41 42 43 44 45 46 47 48 49 50 51 52 53 54 55 56 57 58 60 61 62 63 64 65 66 67
(60,*) 0 1 2 3 4 5 6 7 8 9 10 11 12 13 14 15 16 17 18 19 37 38 39 40 41 42 43 44 45 46 47 48 49 50 51 52 53 54 55 56 57 58 59 61 62 63 64 65 66 67
(61,*) 0 1 2 3 4 5 6 7 8 9 10 11 12 13 14 15 16 17 18 19 37 38 39 40 41 42 43 44 45 46 47 48 49 50 51 52 53 54 55 56 57 58 59 60 62 63 64 65 66 67
(62,*) 0 1 2 3 4 5 6 7 8 9 10 11 12 13 14 15 16 17 18 19 37 38 39 40 41 42 43 44 45 46 47 48 49 50 51 52 53 54 55 56 57 58 59 60 61 63 64 65 66 67
(63,*) 0 1 2 3 4 5 6 7 8 9 10 11 12 13 14 15 16 17 18 19 37 38 39 40 41 42 43 44 45 46 47 48 49 50 51 52 53 54 55 56 57 58 59 60 61 62 64 65 66 67
(64,*) 0 1 2 3 4 5 6 7 8 9 10 11 12 13 14 15 16 17 18 19 37 38 39 40 41 42 43 44 45 46 47 48 49 50 51 52 53 54 55 56 57 58 59 60 61 62 63 65 66 67
(65,*) 0 1 2 3 4 5 6 7 8 9 10 11 12 13 14 15 16 17 18 19 37 38 39 40 41 42 43 44 45 46 47 48 49 50 51 52 53 54 55 56 57 58 59 60 61 62 63 64 66 67
(66,*) 0 1 2 3 4 5 6 7 8 9 10 11 12 13 14 15 16 17 18 19 37 38 39 40 41 42 43 44 45 46 47 48 49 50 51 52 53 54 55 56 57 58 59 60 61 62 63 64 65 67
(67,*) 0 1 2 3 4 5 6 7 8 9 10 11 12 13 14 15 16 17 18 19 37 38 39 40 41 42 43 44 45 46 47 48 49 50 51 52 53 54 55 56 57 58 59 60 61 62 63 64 65 66
;
set A2:=
(54,*) 55
(55,*) 54
;
param BigM:=99999;
param n:= 7;
param d:=
1	24
2	10
3	17
4	16
5	12
6	23
7	4
8	20
9	2
10	18
11	16
12	7
13	2
14	4
15	18
16	4
17	6
18	10
19	5
20	9
21	8
22	23
23	19
24	23
25	5
26	12
27	9
28	13
29	6
30	8
31	13
32	9
33	19
34	3
35	18
36	36
37	15
38	17
39	2
40	19
41	20
42	3
43	2
44	23
45	15
46	2
47	2
48	14
49	19
50	21
51	22
52	13
53	9
;
param Q:=100;
param w:=
[54,*] 55 1.5
[55,*] 54 1.5
;
param V:=
[54,*] 55 99
[55,*] 54 99
;
param e:
	54	55	56	57	58	59	60	61	62	63	64	65	66:=
20		0		0		0		0		0		0		0		0		0		0		0		1		0	
21		0		0		0		0		0		0		0		0		1		1		0		0		0	
22		0		0		0		0		0		1		0		0		0		0		0		0		0	
23		0		0		0		1		0		0		0		0		0		0		0		0		0	
24		1		0		0		1		0		0		0		0		0		0		0		0		0	
25		0		0		1		0		0		1		0		0		0		0		0		0		0	
26		0		0		0		0		0		0		0		0		0		0		0		1		0	
27		0		0		0		0		1		0		0		0		0		0		1		0		0	
28		0		0		0		0		0		0		0		0		0		0		0		1		0	
29		0		0		0		1		0		0		0		0		0		0		0		0		0	
30		1		0		0		0		1		0		0		0		0		0		0		0		0	
31		0		0		0		1		0		0		0		0		0		0		0		0		0	
32		0		0		1		0		0		1		0		0		0		0		0		0		0	
33		0		0		0		1		0		0		0		0		0		0		0		0		0	
34		0		1		0		0		0		0		0		0		0		0		0		0		0	
35		0		0		1		0		0		1		0		0		0		0		0		0		0	
36		1		0		0		0		0		0		0		0		0		1		0		0		0	
37		1		0		0		0		0		0		0		0		0		0		0		0		0	
38		0		0		1		0		0		1		0		0		0		0		0		0		0	
39		0		0		1		0		0		1		0		0		0		0		0		0		0	
40		0		0		0		0		0		0		1		0		1		0		0		0		1	
41		1		0		0		0		1		0		0		0		0		0		0		0		0	
42		0		0		0		0		0		0		1		0		1		1		0		0		0	
43		0		0		1		0		0		1		0		0		0		0		0		0		0	
44		1		0		0		0		1		0		0		0		0		0		0		0		0	
45		0		1		0		0		0		0		0		0		0		0		0		0		0	
46		0		0		0		0		0		0		1		1		0		0		0		0		0	
47		0		1		0		0		0		0		0		0		0		0		0		0		0	
48		0		0		0		0		0		0		0		1		0		0		0		1		0	
49		0		0		0		0		0		1		0		0		0		0		0		0		0	
50		1		0		0		0		1		0		0		0		0		0		0		0		0	
51		0		1		0		0		0		0		0		0		0		0		0		0		0	
52		0		0		0		1		0		0		0		0		0		1		0		0		0	
53		0		1		0		0		0		1		0		0		0		0		0		0		0	
;
param p:=
1	1
2	1
3	1
4	1
5	1
6	1
7	1
;
param G:=
54	87
55	99
56	88
57	79
58	91
59	79
60	71
61	100
62	82
63	89
64	73
65	75
66	81
;
param s:=
0	0
1	10
2	10
3	10
4	10
5	10
6	10
7	10
8	10
9	10
10	10
11	10
12	10
13	10
14	10
15	10
16	10
17	10
18	10
19	10
37	10
38	10
39	10
40	10
41	10
42	10
43	10
44	10
45	10
46	10
47	10
48	10
49	10
50	10
51	10
52	10
53	10
54	10
55	10
56	10
57	10
58	10
59	10
60	10
61	10
62	10
63	10
64	10
65	10
66	10
;
param t:
	0	1	2	3	4	5	6	7	8	9	10	11	12	13	14	15	16	17	18	19	20	21	22	23	24	25	26	27	28	29	30	31	32	33	34	35	36	37	38	39	40	41	42	43	44	45	46	47	48	49	50	51	52	53	54	55	56	57	58	59	60	61	62	63	64	65	66	67:=
0	0.0	53.67	31.62	88.59	38.83	71.22	62.48	33.53	60.17	25.61	22.36	34.0	12.17	29.12	51.61	70.11	68.35	51.88	35.38	62.61	68.12	63.15	19.7	87.66	89.82	24.41	71.02	67.05	64.4	96.66	86.58	80.0	37.2	95.41	48.08	39.45	80.62	88.81	10.0	27.86	36.06	82.39	58.24	28.07	93.15	54.04	37.74	31.05	62.77	6.0	78.03	60.53	98.41	11.66	83.1	37.36	32.76	91.71	84.53	14.21	37.0	58.14	48.66	69.08	47.13	66.48	39.62	0.0
1	53.67	0.0	30.07	72.5	18.87	68.47	64.0	21.26	12.81	29.12	38.21	19.7	61.61	25.61	8.49	29.73	16.0	74.0	22.0	82.46	68.12	38.63	43.86	70.68	58.0	29.73	84.59	16.49	62.13	75.47	40.5	73.76	26.68	82.46	77.82	29.73	46.69	53.81	44.94	38.05	38.63	37.58	40.79	46.17	42.0	90.55	46.82	67.2	79.62	48.37	39.7	93.04	89.2	54.04	40.31	71.02	41.77	72.07	35.9	41.11	26.4	68.73	16.0	52.5	10.44	72.03	19.24	53.67
2	31.62	30.07	0.0	90.69	26.91	79.65	72.5	21.26	41.23	10.2	10.0	15.62	42.94	20.59	24.33	56.46	46.04	72.25	8.25	82.61	77.82	58.14	34.0	89.2	82.68	12.17	88.29	46.39	72.47	96.21	69.86	87.13	5.66	99.64	72.11	8.25	71.69	79.65	21.63	8.0	41.23	66.48	56.64	16.12	72.03	81.58	48.08	56.89	81.22	28.64	66.21	86.58	104.86	37.95	68.62	62.51	12.53	91.92	65.76	17.49	32.2	72.8	34.99	69.43	29.55	79.12	28.32	31.62
3	88.59	72.5	90.69	0.0	64.03	22.09	30.07	69.43	61.35	82.02	92.02	75.29	85.44	70.71	80.5	46.69	67.47	54.15	84.02	51.92	26.08	34.0	68.96	2.0	26.0	80.62	43.86	63.56	26.31	10.2	52.61	15.23	91.21	10.2	64.12	95.6	32.06	31.62	87.66	96.17	53.25	50.16	34.06	103.32	67.08	76.94	50.99	71.02	47.54	83.35	40.0	72.28	18.0	78.79	46.27	68.26	102.55	5.83	58.22	87.01	58.69	40.05	58.31	21.26	65.0	32.56	62.63	88.59
4	38.83	18.87	26.91	64.03	0.0	55.03	49.03	6.32	21.54	19.7	30.46	11.31	44.72	10.0	22.36	32.25	30.53	55.79	20.0	64.78	53.85	31.24	25.61	62.48	56.36	18.97	68.0	28.64	48.08	69.31	48.04	61.74	27.2	73.24	59.09	31.62	45.69	53.85	32.0	33.29	20.4	44.0	30.0	41.18	54.41	71.69	28.64	48.41	62.29	32.98	41.23	74.32	78.89	36.72	45.18	52.15	39.2	65.07	45.71	29.15	8.06	52.0	10.0	42.8	9.22	56.57	1.41	38.83
5	71.22	68.47	79.65	22.09	55.03	0.0	8.94	59.09	60.03	69.97	78.82	65.39	66.24	59.06	75.31	50.0	68.47	32.06	74.32	30.46	4.0	32.56	52.35	22.36	41.23	68.26	24.08	64.5	7.21	32.25	61.77	8.94	81.44	25.3	42.05	85.91	41.62	45.25	72.14	83.76	38.83	58.14	28.0	90.0	76.03	54.92	33.94	50.0	26.0	66.6	47.41	50.6	27.2	60.46	55.07	46.69	90.43	27.46	65.8	72.35	47.93	18.0	52.61	19.7	59.03	10.77	53.76	71.22
6	62.48	64.0	72.5	30.07	49.03	8.94	0.0	52.5	56.89	62.61	71.02	58.82	57.31	52.0	70.26	49.19	65.97	24.74	67.68	25.61	5.66	31.3	43.86	30.0	45.65	60.83	22.36	62.1	4.47	40.0	62.8	17.89	74.67	34.18	34.53	79.12	43.86	48.83	63.78	76.16	31.3	58.82	25.3	82.1	76.55	48.08	25.61	41.23	21.26	58.0	48.41	44.72	36.06	51.61	56.22	38.21	82.86	35.01	66.04	64.2	41.48	10.77	48.0	21.26	54.08	8.25	47.85	62.48
7	33.53	21.26	21.26	69.43	6.32	59.09	52.5	0.0	26.68	13.42	24.17	6.32	40.5	4.47	22.36	38.47	34.93	56.57	15.23	66.12	57.58	37.2	22.8	67.94	62.61	12.65	70.26	33.53	52.0	75.07	54.0	66.24	22.36	78.41	58.82	26.83	52.0	60.17	26.08	27.2	22.09	50.04	35.38	34.99	59.67	70.68	30.0	46.65	64.0	27.86	47.54	74.0	83.76	32.8	51.35	50.99	33.3	70.72	51.35	23.02	11.18	54.33	16.12	48.17	13.6	59.67	7.62	33.53
8	60.17	12.81	41.23	61.35	21.54	60.03	56.89	26.68	0.0	38.0	48.17	28.0	66.21	31.05	21.26	16.97	10.0	70.71	32.98	78.0	60.3	28.28	46.65	59.46	45.34	38.05	78.59	7.21	54.33	63.53	28.64	64.28	38.63	71.47	76.03	42.05	34.06	41.04	52.61	49.03	36.88	25.3	32.06	57.27	32.98	89.64	44.41	67.94	74.67	54.41	26.91	90.97	78.59	58.14	27.73	70.77	53.45	60.42	25.0	49.25	26.4	63.25	12.81	42.43	13.15	65.12	21.02	60.17
9	25.61	29.12	10.2	82.02	19.7	69.97	62.61	13.42	38.0	0.0	10.77	10.0	35.61	11.31	26.08	51.42	44.72	62.13	10.0	72.44	68.0	50.48	24.08	80.62	76.03	2.0	78.1	44.18	62.77	88.09	66.27	77.67	14.14	90.69	62.29	18.0	65.39	73.54	16.12	14.14	31.3	62.51	48.17	21.63	70.46	72.28	37.95	47.54	71.02	21.26	60.73	76.94	95.6	29.53	64.13	52.95	20.62	83.63	63.0	12.08	23.35	62.64	29.12	60.83	25.08	69.08	21.02	25.61
10	22.36	38.21	10.0	92.02	30.46	78.82	71.02	24.17	48.17	10.77	0.0	20.4	34.18	21.63	33.53	62.1	54.15	67.47	16.49	78.1	76.55	61.06	29.12	90.69	86.76	11.66	84.76	54.0	71.61	98.41	76.66	86.83	15.62	100.42	66.12	17.2	76.16	84.31	12.65	6.0	40.0	72.99	58.41	11.31	80.1	74.43	45.65	50.04	77.2	20.4	71.47	80.02	105.0	30.27	74.73	56.0	12.37	93.86	73.11	9.06	33.6	69.86	39.85	70.94	35.51	76.94	31.78	22.36
11	34.0	19.7	15.62	75.29	11.31	65.39	58.82	6.32	28.0	10.0	20.4	0.0	42.52	8.25	18.44	41.76	34.93	62.29	8.94	72.03	63.91	42.52	26.83	73.76	67.23	10.2	76.42	34.23	58.31	80.62	56.32	72.47	16.12	84.4	64.03	20.59	56.36	64.4	25.3	22.36	28.28	52.61	41.23	30.46	60.53	75.39	36.06	50.99	70.03	28.84	51.26	79.12	89.89	35.38	54.34	55.71	28.02	76.38	53.0	21.59	17.46	60.53	19.7	54.04	15.13	65.97	12.73	34.0
12	12.17	61.61	42.94	85.44	44.72	66.24	57.31	40.5	66.21	35.61	34.18	42.52	0.0	36.06	60.83	73.76	75.18	42.8	45.61	53.25	62.77	64.0	20.4	84.76	90.2	34.06	62.48	73.35	59.93	94.25	90.71	75.18	48.37	91.24	37.58	50.99	82.02	90.0	21.54	39.85	36.0	86.35	58.14	40.2	98.79	42.19	34.93	20.59	54.04	14.42	80.62	49.03	93.3	8.25	86.49	26.83	44.91	89.19	89.49	25.5	40.8	51.22	53.85	67.47	53.71	60.0	45.19	12.17
13	29.12	25.61	20.59	70.71	10.0	59.06	52.0	4.47	31.05	11.31	21.63	8.25	36.06	0.0	26.08	42.19	39.4	54.15	16.12	64.0	57.27	39.45	18.87	69.31	65.39	10.0	68.73	37.95	51.88	76.84	58.03	66.57	22.8	79.4	55.79	27.2	55.03	63.25	22.0	25.46	20.88	54.0	36.88	32.8	64.03	67.23	28.28	42.94	62.13	23.41	50.99	70.88	84.4	28.43	55.15	47.54	31.89	72.35	55.58	19.24	12.04	52.95	20.0	49.52	18.03	58.82	11.05	29.12
14	51.61	8.49	24.33	80.5	22.36	75.31	70.26	22.36	21.26	26.08	33.53	18.44	60.83	26.08	0.0	38.21	22.8	78.1	17.09	87.13	74.67	46.52	44.94	78.71	66.48	27.2	90.09	24.17	68.73	83.76	48.33	81.04	20.0	90.38	80.99	22.36	55.17	62.29	42.19	32.25	42.76	45.65	48.08	40.05	48.37	93.04	50.99	68.96	84.59	46.86	48.17	96.21	96.93	53.81	48.55	73.35	35.06	80.26	43.32	38.08	30.41	74.11	22.8	60.17	16.28	78.1	23.19	51.61
15	70.11	29.73	56.46	46.69	32.25	50.0	49.19	38.47	16.97	51.42	62.1	41.76	73.76	42.19	38.21	0.0	20.88	67.94	48.33	73.24	51.26	17.89	53.37	44.72	28.43	50.99	71.55	17.09	45.69	47.54	17.09	52.35	54.59	56.89	75.07	58.31	17.2	24.08	64.12	63.91	39.4	12.65	24.41	72.11	28.28	89.38	44.94	70.71	69.34	64.12	10.0	89.11	64.5	65.51	13.0	72.11	68.94	44.92	17.69	61.4	33.24	57.69	22.36	30.59	26.93	57.27	31.14	70.11
16	68.35	16.0	46.04	67.47	30.53	68.47	65.97	34.93	10.0	44.72	54.15	34.93	75.18	39.4	22.8	20.88	0.0	80.62	38.0	87.73	69.05	36.06	56.04	65.51	48.37	45.12	87.93	4.0	63.15	68.35	26.08	72.0	42.43	77.67	86.02	45.12	37.58	43.27	60.17	54.04	46.86	24.08	40.79	62.13	26.0	99.64	54.41	77.79	84.31	62.77	29.53	100.96	85.16	67.23	27.59	80.72	57.56	65.8	20.62	56.52	36.12	72.8	22.63	50.0	21.47	74.22	30.23	68.35
17	51.88	74.0	72.25	54.15	55.79	32.06	24.74	56.57	70.71	62.13	67.47	62.29	42.8	54.15	78.1	67.94	80.62	0.0	70.03	10.77	28.07	50.99	38.47	54.33	69.86	60.13	19.8	77.18	29.12	64.28	83.55	40.05	76.03	56.32	10.0	80.1	66.57	72.47	56.92	73.35	35.44	79.25	43.86	77.2	96.21	23.41	27.2	22.63	11.31	49.4	69.66	21.26	55.79	40.25	77.34	17.2	79.83	59.41	85.59	58.94	47.8	14.14	59.09	44.72	63.57	22.09	55.08	51.88
18	35.38	22.0	8.25	84.02	20.0	74.32	67.68	15.23	32.98	10.0	16.49	8.94	45.61	16.12	17.09	48.33	38.0	70.03	0.0	80.02	72.8	50.91	32.98	82.46	74.89	11.66	84.85	38.21	67.23	89.11	61.61	81.41	7.21	93.23	71.02	11.66	63.81	71.69	25.61	16.12	36.88	58.24	50.0	24.33	64.0	81.61	44.41	56.92	78.23	31.24	58.14	85.91	98.79	39.45	60.41	62.1	20.62	84.96	57.56	21.4	26.4	69.05	27.2	62.8	21.47	74.73	21.4	35.38
19	62.61	82.46	82.61	51.92	64.78	30.46	25.61	66.12	78.0	72.44	78.1	72.03	53.25	64.0	87.13	73.24	87.73	10.77	80.02	0.0	26.83	55.61	49.03	52.5	71.02	70.46	10.77	84.1	30.0	62.1	87.86	36.88	86.21	52.15	17.2	90.35	69.43	74.4	67.68	83.95	44.41	83.74	48.83	87.93	101.21	26.08	36.22	32.8	4.47	60.17	73.59	20.4	50.16	50.99	81.39	26.91	90.47	57.57	90.6	69.64	56.72	15.62	67.05	46.86	72.03	19.7	63.95	62.61
20	68.12	68.12	77.82	26.08	53.85	4.0	5.66	57.58	60.3	68.0	76.55	63.91	62.77	57.27	74.67	51.26	69.05	28.07	72.8	26.83	0.0	33.53	49.52	26.31	44.41	66.24	21.26	65.12	6.0	36.22	63.81	12.65	79.85	29.12	38.05	84.31	44.05	48.17	69.43	81.63	36.72	60.03	28.28	87.66	77.9	50.99	31.24	46.17	22.36	63.66	49.4	46.82	30.53	57.2	57.14	42.76	88.32	31.4	67.54	69.81	46.49	14.0	52.15	21.63	58.42	7.21	52.63	68.12
21	63.15	38.63	58.14	34.0	31.24	32.56	31.3	37.2	28.28	50.48	61.06	42.52	64.0	39.45	46.52	17.89	36.06	50.99	50.91	55.61	33.53	0.0	44.18	32.25	26.68	49.4	53.67	32.06	27.86	38.21	32.56	36.06	58.0	43.86	58.82	62.29	18.11	26.0	59.46	64.4	28.0	28.28	7.21	72.11	45.61	73.24	31.05	56.92	51.61	57.27	18.87	72.25	50.6	56.04	26.4	57.27	70.43	34.21	35.0	57.78	27.73	40.0	24.41	14.14	31.06	39.4	29.83	63.15
22	19.7	43.86	34.0	68.96	25.61	52.35	43.86	22.8	46.65	24.08	29.12	26.83	20.4	18.87	44.94	53.37	56.04	38.47	32.98	49.03	49.52	44.18	0.0	68.0	70.71	22.09	55.71	53.85	45.34	76.97	70.34	60.96	38.21	76.03	38.21	42.05	62.03	70.11	20.0	34.93	16.49	65.97	38.83	39.4	78.79	48.7	18.44	24.17	48.08	14.42	60.3	52.95	79.4	12.17	66.1	29.12	41.48	72.01	69.29	21.02	20.62	41.18	34.0	49.4	34.83	48.83	25.81	19.7
23	87.66	70.68	89.2	2.0	62.48	22.36	30.0	67.94	59.46	80.62	90.69	73.76	84.76	69.31	78.71	44.72	65.51	54.33	82.46	52.5	26.31	32.25	68.0	0.0	24.17	79.25	44.72	61.61	26.08	10.0	50.64	16.12	89.64	12.17	64.28	94.02	30.07	29.73	86.53	94.76	52.15	48.17	32.56	101.98	65.12	77.28	50.16	70.71	48.08	82.37	38.0	72.8	20.0	78.0	44.28	68.12	101.12	5.1	56.22	85.8	57.28	40.2	56.6	19.8	63.29	32.98	61.07	87.66
24	89.82	58.0	82.68	26.0	56.36	41.23	45.65	62.61	45.34	76.03	86.76	67.23	90.2	65.39	66.48	28.43	48.37	69.86	74.89	71.02	44.41	26.68	70.71	24.17	0.0	75.15	65.3	44.94	41.18	22.0	28.07	38.42	81.61	34.93	79.12	85.6	11.31	6.0	86.02	89.55	54.33	26.68	32.06	97.53	42.05	93.23	56.04	80.89	66.57	83.95	18.87	90.35	43.17	82.39	22.56	80.05	95.19	21.59	34.37	84.15	54.08	56.36	47.71	25.3	53.6	51.61	55.01	89.82
25	24.41	29.73	12.17	80.62	18.97	68.26	60.83	12.65	38.05	2.0	11.66	10.2	34.06	10.0	27.2	50.99	45.12	60.13	11.66	70.46	66.24	49.4	22.09	79.25	75.15	0.0	76.16	44.41	61.06	86.83	66.12	76.03	16.12	89.2	60.3	20.0	64.62	72.8	15.23	15.62	29.53	62.29	46.86	22.8	70.71	70.34	36.06	45.61	69.05	19.8	60.17	74.97	94.02	27.78	63.79	50.99	22.2	82.33	63.03	11.4	22.02	60.73	28.64	59.46	25.0	67.23	20.25	24.41
26	71.02	84.59	88.29	43.86	68.0	24.08	22.36	70.26	78.59	78.1	84.76	76.42	62.48	68.73	90.09	71.55	87.93	19.8	84.85	10.77	21.26	53.67	55.71	44.72	65.3	76.16	0.0	84.12	26.08	53.85	84.88	28.64	91.41	42.76	27.78	95.71	65.3	69.31	75.15	90.44	48.17	80.99	47.54	95.08	98.79	36.5	40.45	42.43	8.49	68.0	70.46	30.0	40.0	59.36	78.24	36.88	97.08	49.66	88.32	76.69	60.01	16.0	68.73	42.8	74.33	14.42	67.01	71.02
27	67.05	16.49	46.39	63.56	28.64	64.5	62.1	33.53	7.21	44.18	54.0	34.23	73.35	37.95	24.17	17.09	4.0	77.18	38.21	84.1	65.12	32.06	53.85	61.61	44.94	44.41	84.12	0.0	59.23	64.62	24.17	68.0	43.17	73.76	82.8	46.17	34.0	40.0	59.23	54.33	43.86	21.63	36.88	62.51	26.31	96.54	51.22	75.07	80.62	61.35	26.08	97.65	81.22	65.3	24.84	77.79	58.25	61.98	19.42	55.73	33.6	69.08	20.0	46.0	19.92	70.34	28.18	67.05
28	64.4	62.13	72.47	26.31	48.08	7.21	4.47	52.0	54.33	62.77	71.61	58.31	59.93	51.88	68.73	45.69	63.15	29.12	67.23	30.0	6.0	27.86	45.34	26.08	41.18	61.06	26.08	59.23	0.0	36.06	58.82	15.62	74.32	31.3	38.83	78.79	39.6	44.41	65.05	76.55	31.62	54.92	22.36	82.8	72.72	52.5	26.91	44.72	25.61	59.67	44.41	49.19	34.06	53.85	52.2	42.05	83.22	31.02	62.27	65.19	40.85	15.23	46.17	16.97	52.47	11.66	46.84	64.4
29	96.66	75.47	96.21	10.2	69.31	32.25	40.0	75.07	63.53	88.09	98.41	80.62	94.25	76.84	83.76	47.54	68.35	64.28	89.11	62.1	36.22	38.21	76.97	10.0	22.0	86.83	53.85	64.62	36.06	0.0	50.04	25.3	96.21	14.42	74.24	100.5	31.05	28.0	95.02	102.18	60.83	48.37	40.0	109.64	64.03	87.13	59.46	80.62	57.72	91.24	39.29	82.46	22.36	87.32	44.28	78.1	108.37	5.1	56.22	94.03	64.82	50.16	62.48	27.78	69.03	42.76	67.9	96.66
30	86.58	40.5	69.86	52.61	48.04	61.77	62.8	54.0	28.64	66.27	76.66	56.32	90.71	58.03	48.33	17.09	26.08	83.55	61.61	87.86	63.81	32.56	70.34	50.64	28.07	66.12	84.88	24.17	58.82	50.04	0.0	62.03	67.05	62.29	91.21	70.23	20.88	22.09	80.02	77.67	56.46	4.47	39.7	85.91	14.56	105.6	61.77	87.66	83.74	80.62	14.42	104.8	70.46	82.46	6.71	88.84	82.01	49.09	6.71	77.01	50.01	72.25	38.05	42.19	41.19	70.46	47.1	86.58
31	80.0	73.76	87.13	15.23	61.74	8.94	17.89	66.24	64.28	77.67	86.83	72.47	75.18	66.57	81.04	52.35	72.0	40.05	81.41	36.88	12.65	36.06	60.96	16.12	38.42	76.03	28.64	68.0	15.62	25.3	62.03	0.0	88.59	16.49	50.04	93.06	41.23	43.27	80.62	91.61	46.86	58.82	32.98	98.08	76.55	62.29	42.52	58.82	32.56	75.29	48.08	57.27	18.44	69.34	55.36	55.32	98.23	21.02	66.76	80.66	55.07	26.31	58.24	22.0	64.85	18.0	60.42	80.0
32	37.2	26.68	5.66	91.21	27.2	81.44	74.67	22.36	38.63	14.14	15.62	16.12	48.37	22.8	20.0	54.59	42.43	76.03	7.21	86.21	79.85	58.0	38.21	89.64	81.61	16.12	91.41	43.17	74.32	96.21	67.05	88.59	0.0	100.44	76.42	4.47	70.46	78.23	27.2	12.65	43.68	63.91	57.2	20.1	68.26	86.35	50.99	61.61	84.59	34.0	64.5	91.08	106.0	43.08	66.31	67.08	15.13	92.1	62.59	23.02	33.54	75.71	34.06	70.0	28.02	81.61	28.6	37.2
33	95.41	82.46	99.64	10.2	73.24	25.3	34.18	78.41	71.47	90.69	100.42	84.4	91.24	79.4	90.38	56.89	77.67	56.32	93.23	52.15	29.12	43.86	76.03	12.17	34.93	89.2	42.76	73.76	31.3	14.42	62.29	16.49	100.44	0.0	66.27	104.86	42.0	40.79	95.27	104.8	60.96	60.03	43.27	111.73	76.66	78.03	57.69	75.29	48.04	90.44	50.04	72.44	8.25	85.09	56.08	71.81	111.29	13.34	68.07	94.92	67.48	42.76	68.0	30.53	74.71	34.23	71.85	95.41
34	48.08	77.82	72.11	64.12	59.09	42.05	34.53	58.82	76.03	62.29	66.12	64.03	37.58	55.79	80.99	75.07	86.02	10.0	71.02	17.2	38.05	58.82	38.21	64.28	79.12	60.3	27.78	82.8	38.83	74.24	91.21	50.04	76.42	66.27	0.0	80.22	75.18	81.44	54.59	72.11	39.45	86.83	51.61	74.97	103.32	14.42	31.62	17.09	19.7	46.69	77.67	15.23	65.51	36.88	85.21	10.77	78.31	69.35	92.76	57.22	51.43	24.08	63.81	53.85	67.54	32.06	58.6	48.08
35	39.45	29.73	8.25	95.6	31.62	85.91	79.12	26.83	42.05	18.0	17.2	20.59	50.99	27.2	22.36	58.31	45.12	80.1	11.66	90.35	84.31	62.29	42.05	94.02	85.6	20.0	95.71	46.17	78.79	100.5	70.23	93.06	4.47	104.86	80.22	0.0	74.4	82.1	29.53	12.81	48.08	67.23	61.61	18.97	70.71	89.82	55.32	65.12	88.81	36.77	68.26	94.76	110.45	46.17	69.78	70.71	13.15	96.43	65.52	25.5	38.01	80.05	38.21	74.4	32.02	86.02	33.02	39.45
36	80.62	46.69	71.69	32.06	45.69	41.62	43.86	52.0	34.06	65.39	76.16	56.36	82.02	55.03	55.17	17.2	37.58	66.57	63.81	69.43	44.05	18.11	62.03	30.07	11.31	64.62	65.3	34.0	39.6	31.05	20.88	41.23	70.46	42.0	75.18	74.4	0.0	8.25	76.16	78.71	46.04	18.11	24.74	86.76	35.44	89.55	49.03	74.73	65.12	74.67	8.25	87.66	50.04	74.0	14.32	74.67	84.22	29.15	26.17	74.04	44.15	54.04	36.72	22.63	42.44	50.99	44.38	80.62
37	88.81	53.81	79.65	31.62	53.85	45.25	48.83	60.17	41.04	73.54	84.31	64.4	90.0	63.25	62.29	24.08	43.27	72.47	71.69	74.4	48.17	26.0	70.11	29.73	6.0	72.8	69.31	40.0	44.41	28.0	22.09	43.27	78.23	40.79	81.44	82.1	8.25	0.0	84.4	86.76	54.0	20.88	32.25	94.85	36.06	95.71	56.57	82.0	70.0	82.87	14.14	93.3	49.03	82.02	16.76	81.61	92.18	27.46	28.44	82.28	52.39	59.36	44.72	27.78	50.25	55.32	52.55	88.81
38	10.0	44.94	21.63	87.66	32.0	72.14	63.78	26.08	52.61	16.12	12.65	25.3	21.54	22.0	42.19	64.12	60.17	56.92	25.61	67.68	69.43	59.46	20.0	86.53	86.02	15.23	75.15	59.23	65.05	95.02	80.02	80.62	27.2	95.27	54.59	29.53	76.16	84.4	0.0	18.44	34.41	76.0	55.46	20.4	85.51	62.13	38.21	38.05	67.23	8.0	72.69	68.03	99.04	18.0	77.1	44.18	24.02	90.21	77.41	4.24	32.02	61.06	42.0	67.23	39.46	68.82	33.02	10.0
39	27.86	38.05	8.0	96.17	33.29	83.76	76.16	27.2	49.03	14.14	6.0	22.36	39.85	25.46	32.25	63.91	54.04	73.35	16.12	83.95	81.63	64.4	34.93	94.76	89.55	15.62	90.44	54.33	76.55	102.18	77.67	91.61	12.65	104.8	72.11	12.81	78.71	86.76	18.44	0.0	44.94	74.22	62.29	8.25	80.02	80.4	50.99	56.04	82.97	26.31	73.54	86.02	109.64	36.22	76.24	62.0	6.71	97.74	73.68	15.03	37.48	75.39	42.05	74.97	37.0	82.29	34.67	27.86
40	36.06	38.63	41.23	53.25	20.4	38.83	31.3	22.09	36.88	31.3	40.0	28.28	36.0	20.88	42.76	39.4	46.86	35.44	36.88	44.41	36.72	28.0	16.49	52.15	54.33	29.53	48.17	43.86	31.62	60.83	56.46	46.86	43.68	60.96	39.45	48.08	46.04	54.0	34.41	44.94	0.0	52.0	22.36	51.22	66.57	52.8	8.25	31.62	42.05	30.46	45.12	54.59	65.12	28.07	51.55	33.94	51.62	55.95	56.44	33.97	12.37	32.25	24.41	33.11	28.23	37.95	19.65	36.06
41	82.39	37.58	66.48	50.16	44.0	58.14	58.82	50.04	25.3	62.51	72.99	52.61	86.35	54.0	45.65	12.65	24.08	79.25	58.24	83.74	60.03	28.28	65.97	48.17	26.68	62.29	80.99	21.63	54.92	48.37	4.47	58.82	63.91	60.03	86.83	67.23	18.11	20.88	76.0	74.22	52.0	0.0	35.38	82.46	17.89	101.21	57.31	83.19	79.65	76.42	10.77	100.5	68.12	78.1	4.12	84.38	78.75	47.01	8.06	73.06	45.71	68.12	34.0	38.47	37.48	66.57	43.01	82.39
42	58.24	40.79	56.64	34.06	30.0	28.0	25.3	35.38	32.06	48.17	58.41	41.23	58.14	36.88	48.08	24.41	40.79	43.86	50.0	48.83	28.28	7.21	38.83	32.56	32.06	46.86	47.54	36.88	22.36	40.0	39.7	32.98	57.2	43.27	51.61	61.61	24.74	32.25	55.46	62.29	22.36	35.38	0.0	69.66	52.5	66.03	24.33	50.0	44.94	52.5	26.08	65.12	49.19	50.36	33.6	50.16	68.59	35.47	41.87	54.2	24.84	33.29	25.3	12.81	31.95	33.53	28.6	58.24
43	28.07	46.17	16.12	103.32	41.18	90.0	82.1	34.99	57.27	21.63	11.31	30.46	40.2	32.8	40.05	72.11	62.13	77.2	24.33	87.93	87.66	72.11	39.4	101.98	97.53	22.8	95.08	62.51	82.8	109.64	85.91	98.08	20.1	111.73	74.97	18.97	86.76	94.85	20.4	8.25	51.22	82.46	69.66	0.0	88.09	82.0	56.6	58.31	87.32	28.28	81.71	88.2	116.28	38.21	84.48	64.5	6.4	105.12	81.88	18.38	44.82	80.5	50.16	82.22	45.22	87.82	42.54	28.07
44	93.15	42.0	72.03	67.08	54.41	76.03	76.55	59.67	32.98	70.46	80.1	60.53	98.79	64.03	48.37	28.28	26.0	96.21	64.0	101.21	77.9	45.61	78.79	65.12	42.05	70.71	98.79	26.31	72.72	64.03	14.56	76.55	68.26	76.66	103.32	70.71	35.44	36.06	85.51	80.02	66.57	17.89	52.5	88.09	0.0	117.59	72.8	98.18	97.2	87.36	28.64	117.39	84.85	90.62	21.19	100.0	83.38	63.39	10.63	82.04	58.18	85.6	44.94	56.36	46.1	84.38	53.76	93.15
45	54.04	90.55	81.58	76.94	71.69	54.92	48.08	70.68	89.64	72.28	74.43	75.39	42.19	67.23	93.04	89.38	99.64	23.41	81.61	26.08	50.99	73.24	48.7	77.28	93.23	70.34	36.5	96.54	52.5	87.13	105.6	62.29	86.35	78.03	14.42	89.82	89.55	95.71	62.13	80.4	52.8	101.21	66.03	82.0	117.59	0.0	45.34	24.74	30.0	54.15	92.09	8.49	76.24	44.18	99.62	19.7	86.15	82.38	107.06	65.38	64.35	37.36	77.2	68.03	80.45	44.41	71.34	54.04
46	37.74	46.82	48.08	50.99	28.64	33.94	25.61	30.0	44.41	37.95	45.65	36.06	34.93	28.28	50.99	44.94	54.41	27.2	44.41	36.22	31.24	31.05	18.44	50.16	56.04	36.06	40.45	51.22	26.91	59.46	61.77	42.52	50.99	57.69	31.62	55.32	49.03	56.57	38.21	50.99	8.25	57.31	24.33	56.6	72.8	45.34	0.0	26.0	34.0	32.8	49.4	46.65	60.96	27.86	56.36	27.2	57.7	54.42	62.43	38.6	20.62	24.74	32.25	32.56	36.4	31.3	27.89	37.74
47	31.05	67.2	56.89	71.02	48.41	50.0	41.23	46.65	67.94	47.54	50.04	50.99	20.59	42.94	68.96	70.71	77.79	22.63	56.92	32.8	46.17	56.92	24.17	70.71	80.89	45.61	42.43	75.07	44.72	80.62	87.66	58.82	61.61	75.29	17.09	65.12	74.73	82.0	38.05	56.04	31.62	83.19	50.0	58.31	98.18	24.74	26.0	0.0	33.94	30.07	75.39	30.0	76.16	20.1	82.35	6.32	62.01	75.54	87.98	41.01	41.73	33.11	55.17	56.14	57.49	42.05	48.27	31.05
48	62.77	79.62	81.22	47.54	62.29	26.0	21.26	64.0	74.67	71.02	77.2	70.03	54.04	62.13	84.59	69.34	84.31	11.31	78.23	4.47	22.36	51.61	48.08	48.08	66.57	69.05	8.49	80.62	25.61	57.72	83.74	32.56	84.59	48.04	19.7	88.81	65.12	70.0	67.23	82.97	42.05	79.65	44.94	87.32	97.2	30.0	34.0	33.94	0.0	59.93	69.43	24.74	46.39	51.11	77.23	28.43	89.56	53.16	86.61	68.95	54.23	11.66	64.03	42.52	69.23	15.23	61.4	62.77
49	6.0	48.37	28.64	83.35	32.98	66.6	58.0	27.86	54.41	21.26	20.4	28.84	14.42	23.41	46.86	64.12	62.77	49.4	31.24	60.17	63.66	57.27	14.42	82.37	83.95	19.8	68.0	61.35	59.67	91.24	80.62	75.29	34.0	90.44	46.69	36.77	74.67	82.87	8.0	26.31	30.46	76.42	52.5	28.28	87.36	54.15	32.8	30.07	59.93	0.0	72.03	60.03	93.72	10.0	77.1	36.22	32.02	86.31	78.64	11.4	31.0	54.41	42.76	63.56	41.44	62.48	33.73	6.0
50	78.03	39.7	66.21	40.0	41.23	47.41	48.41	47.54	26.91	60.73	71.47	51.26	80.62	50.99	48.17	10.0	29.53	69.66	58.14	73.59	49.4	18.87	60.3	38.0	18.87	60.17	70.46	26.08	44.41	39.29	14.42	48.08	64.5	50.04	77.67	68.26	8.25	14.14	72.69	73.54	45.12	10.77	26.08	81.71	28.64	92.09	49.4	75.39	69.43	72.03	0.0	90.91	58.0	72.44	7.81	76.03	78.72	37.34	18.68	70.21	41.05	58.0	31.62	27.78	36.67	56.04	40.02	78.03
51	60.53	93.04	86.58	72.28	74.32	50.6	44.72	74.0	90.97	76.94	80.02	79.12	49.03	70.88	96.21	89.11	100.96	21.26	85.91	20.4	46.82	72.25	52.95	72.8	90.35	74.97	30.0	97.65	49.19	82.46	104.8	57.27	91.08	72.44	15.23	94.76	87.66	93.3	68.03	86.02	54.59	100.5	65.12	88.2	117.39	8.49	46.65	30.0	24.74	60.03	90.91	0.0	70.0	50.04	98.6	24.08	92.01	77.88	106.78	71.01	66.64	34.0	78.89	65.51	82.73	39.85	73.82	60.53
52	98.41	89.2	104.86	18.0	78.89	27.2	36.06	83.76	78.59	95.6	105.0	89.89	93.3	84.4	96.93	64.5	85.16	55.79	98.79	50.16	30.53	50.6	79.4	20.0	43.17	94.02	40.0	81.22	34.06	22.36	70.46	18.44	106.0	8.25	65.51	110.45	50.04	49.03	99.04	109.64	65.12	68.12	49.19	116.28	84.85	76.24	60.96	76.16	46.39	93.72	58.0	70.0	0.0	87.66	64.2	72.11	116.21	21.59	76.16	99.01	72.67	43.08	74.32	36.77	81.02	34.18	77.52	98.41
53	11.66	54.04	37.95	78.79	36.72	60.46	51.61	32.8	58.14	29.53	30.27	35.38	8.25	28.43	53.81	65.51	67.23	40.25	39.45	50.99	57.2	56.04	12.17	78.0	82.39	27.78	59.36	65.3	53.85	87.32	82.46	69.34	43.08	85.09	36.88	46.17	74.0	82.02	18.0	36.22	28.07	78.1	50.36	38.21	90.62	44.18	27.86	20.1	51.11	10.0	72.44	50.04	87.66	0.0	78.26	26.31	42.01	82.28	81.27	21.21	32.57	46.69	45.69	60.17	45.79	55.17	37.12	11.66
54	83.1	40.31	68.62	46.27	45.18	55.07	56.22	51.35	27.73	64.13	74.73	54.34	86.49	55.15	48.55	13.0	27.59	77.34	60.41	81.39	57.14	26.4	66.1	44.28	22.56	63.79	78.24	24.84	52.2	44.28	6.71	55.36	66.31	56.08	85.21	69.78	14.32	16.76	77.1	76.24	51.55	4.12	33.6	84.48	21.19	99.62	56.36	82.35	77.23	77.1	7.81	98.6	64.2	78.26	0.0	83.24	80.99	43.0	12.0	74.33	46.17	65.8	35.23	35.51	39.29	63.82	44.1	83.1
55	37.36	71.02	62.51	68.26	52.15	46.69	38.21	50.99	70.77	52.95	56.0	55.71	26.83	47.54	73.35	72.11	80.72	17.2	62.1	26.91	42.76	57.27	29.12	68.12	80.05	50.99	36.88	77.79	42.05	78.1	88.84	55.32	67.08	71.81	10.77	70.71	74.67	81.61	44.18	62.0	33.94	84.38	50.16	64.5	100.0	19.7	27.2	6.32	28.43	36.22	76.03	24.08	72.11	26.31	83.24	0.0	68.07	73.06	89.63	47.01	45.0	29.12	58.14	54.92	61.03	37.95	51.87	37.36
56	32.76	41.77	12.53	102.55	39.2	90.43	82.86	33.3	53.45	20.62	12.37	28.02	44.91	31.89	35.06	68.94	57.56	79.83	20.62	90.47	88.32	70.43	41.48	101.12	95.19	22.2	97.08	58.25	83.22	108.37	82.01	98.23	15.13	111.29	78.31	13.15	84.22	92.18	24.02	6.71	51.62	78.75	68.59	6.4	83.38	86.15	57.7	62.01	89.56	32.02	78.72	92.01	116.21	42.01	80.99	68.07	0.0	104.0	77.67	21.1	43.86	82.08	47.51	81.32	42.05	89.0	40.61	32.76
57	91.71	72.07	91.92	5.83	65.07	27.46	35.01	70.72	60.42	83.63	93.86	76.38	89.19	72.35	80.26	44.92	65.8	59.41	84.96	57.57	31.4	34.21	72.01	5.1	21.59	82.33	49.66	61.98	31.02	5.1	49.09	21.02	92.1	13.34	69.35	96.43	29.15	27.46	90.21	97.74	55.95	47.01	35.47	105.12	63.39	82.38	54.42	75.54	53.16	86.31	37.34	77.88	21.59	82.28	43.0	73.06	104.0	0.0	55.0	89.31	60.31	45.28	58.6	23.02	65.22	38.08	63.66	91.71
58	84.53	35.9	65.76	58.22	45.71	65.8	66.04	51.35	25.0	63.0	73.11	53.0	89.49	55.58	43.32	17.69	20.62	85.59	57.56	90.6	67.54	35.0	69.29	56.22	34.37	63.03	88.32	19.42	62.27	56.22	6.71	66.76	62.59	68.07	92.76	65.52	26.17	28.44	77.41	73.68	56.44	8.06	41.87	81.88	10.63	107.06	62.43	87.98	86.61	78.64	18.68	106.78	76.16	81.27	12.0	89.63	77.67	55.0	0.0	74.17	48.7	75.0	35.9	46.1	38.05	73.93	44.91	84.53
59	14.21	41.11	17.49	87.01	29.15	72.35	64.2	23.02	49.25	12.08	9.06	21.59	25.5	19.24	38.08	61.4	56.52	58.94	21.4	69.64	69.81	57.78	21.02	85.8	84.15	11.4	76.69	55.73	65.19	94.03	77.01	80.66	23.02	94.92	57.22	25.5	74.04	82.28	4.24	15.03	33.97	73.06	54.2	18.38	82.04	65.38	38.6	41.01	68.95	11.4	70.21	71.01	99.01	21.21	74.33	47.01	21.1	89.31	74.17	0.0	30.08	62.18	39.12	66.29	36.12	69.64	30.27	14.21
60	37.0	26.4	32.2	58.69	8.06	47.93	41.48	11.18	26.4	23.35	33.6	17.46	40.8	12.04	30.41	33.24	36.12	47.8	26.4	56.72	46.49	27.73	20.62	57.28	54.08	22.02	60.01	33.6	40.85	64.82	50.01	55.07	33.54	67.48	51.43	38.01	44.15	52.39	32.02	37.48	12.37	45.71	24.84	44.82	58.18	64.35	20.62	41.73	54.23	31.0	41.05	66.64	72.67	32.57	46.17	45.0	43.86	60.31	48.7	30.08	0.0	44.01	13.6	37.48	16.12	48.84	7.28	37.0
61	58.14	68.73	72.8	40.05	52.0	18.0	10.77	54.33	63.25	62.64	69.86	60.53	51.22	52.95	74.11	57.69	72.8	14.14	69.05	15.62	14.0	40.0	41.18	40.2	56.36	60.73	16.0	69.08	15.23	50.16	72.25	26.31	75.71	42.76	24.08	80.05	54.04	59.36	61.06	75.39	32.25	68.12	33.29	80.5	85.6	37.36	24.74	33.11	11.66	54.41	58.0	34.0	43.08	46.69	65.8	29.12	82.08	45.28	75.0	62.18	44.01	0.0	52.95	31.62	58.42	8.94	51.01	58.14
62	48.66	16.0	34.99	58.31	10.0	52.61	48.0	16.12	12.81	29.12	39.85	19.7	53.85	20.0	22.8	22.36	22.63	59.09	27.2	67.05	52.15	24.41	34.0	56.6	47.71	28.64	68.73	20.0	46.17	62.48	38.05	58.24	34.06	68.0	63.81	38.21	36.72	44.72	42.0	42.05	24.41	34.0	25.3	50.16	44.94	77.2	32.25	55.17	64.03	42.76	31.62	78.89	74.32	45.69	35.23	58.14	47.51	58.6	35.9	39.12	13.6	52.95	0.0	37.58	6.71	56.04	9.06	48.66
63	69.08	52.5	69.43	21.26	42.8	19.7	21.26	48.17	42.43	60.83	70.94	54.04	67.47	49.52	60.17	30.59	50.0	44.72	62.8	46.86	21.63	14.14	49.4	19.8	25.3	59.46	42.8	46.0	16.97	27.78	42.19	22.0	70.0	30.53	53.85	74.4	22.63	27.78	67.23	74.97	33.11	38.47	12.81	82.22	56.36	68.03	32.56	56.14	42.52	63.56	27.78	65.51	36.77	60.17	35.51	54.92	81.32	23.02	46.1	66.29	37.48	31.62	37.58	0.0	44.28	28.43	41.4	69.08
64	47.13	10.44	29.55	65.0	9.22	59.03	54.08	13.6	13.15	25.08	35.51	15.13	53.71	18.03	16.28	26.93	21.47	63.57	21.47	72.03	58.42	31.06	34.83	63.29	53.6	25.0	74.33	19.92	52.47	69.03	41.19	64.85	28.02	74.71	67.54	32.02	42.44	50.25	39.46	37.0	28.23	37.48	31.95	45.22	46.1	80.45	36.4	57.49	69.23	41.44	36.67	82.73	81.02	45.79	39.29	61.03	42.05	65.22	38.05	36.12	16.12	58.42	6.71	44.28	0.0	62.01	9.22	47.13
65	66.48	72.03	79.12	32.56	56.57	10.77	8.25	59.67	65.12	69.08	76.94	65.97	60.0	58.82	78.1	57.27	74.22	22.09	74.73	19.7	7.21	39.4	48.83	32.98	51.61	67.23	14.42	70.34	11.66	42.76	70.46	18.0	81.61	34.23	32.06	86.02	50.99	55.32	68.82	82.29	37.95	66.57	33.53	87.82	84.38	44.41	31.3	42.05	15.23	62.48	56.04	39.85	34.18	55.17	63.82	37.95	89.0	38.08	73.93	69.64	48.84	8.94	56.04	28.43	62.01	0.0	55.44	66.48
66	39.62	19.24	28.32	62.63	1.41	53.76	47.85	7.62	21.02	21.02	31.78	12.73	45.19	11.05	23.19	31.14	30.23	55.08	21.4	63.95	52.63	29.83	25.81	61.07	55.01	20.25	67.01	28.18	46.84	67.9	47.1	60.42	28.6	71.85	58.6	33.02	44.38	52.55	33.02	34.67	19.65	43.01	28.6	42.54	53.76	71.34	27.89	48.27	61.4	33.73	40.02	73.82	77.52	37.12	44.1	51.87	40.61	63.66	44.91	30.27	7.28	51.01	9.06	41.4	9.22	55.44	0.0	39.62
;
