set K:= 1	2	3	4	5	6	7;
set C_H:= 1	2	3	4	5	6	7	8	9	10	11	12	13	14	15	16	17	18	19	20	21	22;
set C_S:= 23	24	25	26	27	28	29	30	31	32	33	34	35	36	37;
set C_F:= 38	39	40	41	42	43	44	45	46	47	48	49	50	51	52;
set M:= 53	54	55	56;
set L_B:= 57	58;
set A1:=
(0,*) 1 2 3 4 5 6 7 8 9 10 11 12 13 14 15 16 17 18 19 20 21 22 38 39 40 41 42 43 44 45 46 47 48 49 50 51 52 53 54 55 56 57 58
(1,*) 0 2 3 4 5 6 7 8 9 10 11 12 13 14 15 16 17 18 19 20 21 22 38 39 40 41 42 43 44 45 46 47 48 49 50 51 52 53 54 55 56 57 58
(2,*) 0 1 3 4 5 6 7 8 9 10 11 12 13 14 15 16 17 18 19 20 21 22 38 39 40 41 42 43 44 45 46 47 48 49 50 51 52 53 54 55 56 57 58
(3,*) 0 1 2 4 5 6 7 8 9 10 11 12 13 14 15 16 17 18 19 20 21 22 38 39 40 41 42 43 44 45 46 47 48 49 50 51 52 53 54 55 56 57 58
(4,*) 0 1 2 3 5 6 7 8 9 10 11 12 13 14 15 16 17 18 19 20 21 22 38 39 40 41 42 43 44 45 46 47 48 49 50 51 52 53 54 55 56 57 58
(5,*) 0 1 2 3 4 6 7 8 9 10 11 12 13 14 15 16 17 18 19 20 21 22 38 39 40 41 42 43 44 45 46 47 48 49 50 51 52 53 54 55 56 57 58
(6,*) 0 1 2 3 4 5 7 8 9 10 11 12 13 14 15 16 17 18 19 20 21 22 38 39 40 41 42 43 44 45 46 47 48 49 50 51 52 53 54 55 56 57 58
(7,*) 0 1 2 3 4 5 6 8 9 10 11 12 13 14 15 16 17 18 19 20 21 22 38 39 40 41 42 43 44 45 46 47 48 49 50 51 52 53 54 55 56 57 58
(8,*) 0 1 2 3 4 5 6 7 9 10 11 12 13 14 15 16 17 18 19 20 21 22 38 39 40 41 42 43 44 45 46 47 48 49 50 51 52 53 54 55 56 57 58
(9,*) 0 1 2 3 4 5 6 7 8 10 11 12 13 14 15 16 17 18 19 20 21 22 38 39 40 41 42 43 44 45 46 47 48 49 50 51 52 53 54 55 56 57 58
(10,*) 0 1 2 3 4 5 6 7 8 9 11 12 13 14 15 16 17 18 19 20 21 22 38 39 40 41 42 43 44 45 46 47 48 49 50 51 52 53 54 55 56 57 58
(11,*) 0 1 2 3 4 5 6 7 8 9 10 12 13 14 15 16 17 18 19 20 21 22 38 39 40 41 42 43 44 45 46 47 48 49 50 51 52 53 54 55 56 57 58
(12,*) 0 1 2 3 4 5 6 7 8 9 10 11 13 14 15 16 17 18 19 20 21 22 38 39 40 41 42 43 44 45 46 47 48 49 50 51 52 53 54 55 56 57 58
(13,*) 0 1 2 3 4 5 6 7 8 9 10 11 12 14 15 16 17 18 19 20 21 22 38 39 40 41 42 43 44 45 46 47 48 49 50 51 52 53 54 55 56 57 58
(14,*) 0 1 2 3 4 5 6 7 8 9 10 11 12 13 15 16 17 18 19 20 21 22 38 39 40 41 42 43 44 45 46 47 48 49 50 51 52 53 54 55 56 57 58
(15,*) 0 1 2 3 4 5 6 7 8 9 10 11 12 13 14 16 17 18 19 20 21 22 38 39 40 41 42 43 44 45 46 47 48 49 50 51 52 53 54 55 56 57 58
(16,*) 0 1 2 3 4 5 6 7 8 9 10 11 12 13 14 15 17 18 19 20 21 22 38 39 40 41 42 43 44 45 46 47 48 49 50 51 52 53 54 55 56 57 58
(17,*) 0 1 2 3 4 5 6 7 8 9 10 11 12 13 14 15 16 18 19 20 21 22 38 39 40 41 42 43 44 45 46 47 48 49 50 51 52 53 54 55 56 57 58
(18,*) 0 1 2 3 4 5 6 7 8 9 10 11 12 13 14 15 16 17 19 20 21 22 38 39 40 41 42 43 44 45 46 47 48 49 50 51 52 53 54 55 56 57 58
(19,*) 0 1 2 3 4 5 6 7 8 9 10 11 12 13 14 15 16 17 18 20 21 22 38 39 40 41 42 43 44 45 46 47 48 49 50 51 52 53 54 55 56 57 58
(20,*) 0 1 2 3 4 5 6 7 8 9 10 11 12 13 14 15 16 17 18 19 21 22 38 39 40 41 42 43 44 45 46 47 48 49 50 51 52 53 54 55 56 57 58
(21,*) 0 1 2 3 4 5 6 7 8 9 10 11 12 13 14 15 16 17 18 19 20 22 38 39 40 41 42 43 44 45 46 47 48 49 50 51 52 53 54 55 56 57 58
(22,*) 0 1 2 3 4 5 6 7 8 9 10 11 12 13 14 15 16 17 18 19 20 21 38 39 40 41 42 43 44 45 46 47 48 49 50 51 52 53 54 55 56 57 58
(38,*) 0 1 2 3 4 5 6 7 8 9 10 11 12 13 14 15 16 17 18 19 20 21 22 39 40 41 42 43 44 45 46 47 48 49 50 51 52 53 54 55 56 57 58
(39,*) 0 1 2 3 4 5 6 7 8 9 10 11 12 13 14 15 16 17 18 19 20 21 22 38 40 41 42 43 44 45 46 47 48 49 50 51 52 53 54 55 56 57 58
(40,*) 0 1 2 3 4 5 6 7 8 9 10 11 12 13 14 15 16 17 18 19 20 21 22 38 39 41 42 43 44 45 46 47 48 49 50 51 52 53 54 55 56 57 58
(41,*) 0 1 2 3 4 5 6 7 8 9 10 11 12 13 14 15 16 17 18 19 20 21 22 38 39 40 42 43 44 45 46 47 48 49 50 51 52 53 54 55 56 57 58
(42,*) 0 1 2 3 4 5 6 7 8 9 10 11 12 13 14 15 16 17 18 19 20 21 22 38 39 40 41 43 44 45 46 47 48 49 50 51 52 53 54 55 56 57 58
(43,*) 0 1 2 3 4 5 6 7 8 9 10 11 12 13 14 15 16 17 18 19 20 21 22 38 39 40 41 42 44 45 46 47 48 49 50 51 52 53 54 55 56 57 58
(44,*) 0 1 2 3 4 5 6 7 8 9 10 11 12 13 14 15 16 17 18 19 20 21 22 38 39 40 41 42 43 45 46 47 48 49 50 51 52 53 54 55 56 57 58
(45,*) 0 1 2 3 4 5 6 7 8 9 10 11 12 13 14 15 16 17 18 19 20 21 22 38 39 40 41 42 43 44 46 47 48 49 50 51 52 53 54 55 56 57 58
(46,*) 0 1 2 3 4 5 6 7 8 9 10 11 12 13 14 15 16 17 18 19 20 21 22 38 39 40 41 42 43 44 45 47 48 49 50 51 52 53 54 55 56 57 58
(47,*) 0 1 2 3 4 5 6 7 8 9 10 11 12 13 14 15 16 17 18 19 20 21 22 38 39 40 41 42 43 44 45 46 48 49 50 51 52 53 54 55 56 57 58
(48,*) 0 1 2 3 4 5 6 7 8 9 10 11 12 13 14 15 16 17 18 19 20 21 22 38 39 40 41 42 43 44 45 46 47 49 50 51 52 53 54 55 56 57 58
(49,*) 0 1 2 3 4 5 6 7 8 9 10 11 12 13 14 15 16 17 18 19 20 21 22 38 39 40 41 42 43 44 45 46 47 48 50 51 52 53 54 55 56 57 58
(50,*) 0 1 2 3 4 5 6 7 8 9 10 11 12 13 14 15 16 17 18 19 20 21 22 38 39 40 41 42 43 44 45 46 47 48 49 51 52 53 54 55 56 57 58
(51,*) 0 1 2 3 4 5 6 7 8 9 10 11 12 13 14 15 16 17 18 19 20 21 22 38 39 40 41 42 43 44 45 46 47 48 49 50 52 53 54 55 56 57 58
(52,*) 0 1 2 3 4 5 6 7 8 9 10 11 12 13 14 15 16 17 18 19 20 21 22 38 39 40 41 42 43 44 45 46 47 48 49 50 51 53 54 55 56 57 58
(53,*) 0 1 2 3 4 5 6 7 8 9 10 11 12 13 14 15 16 17 18 19 20 21 22 38 39 40 41 42 43 44 45 46 47 48 49 50 51 52 55 56 57 58
(54,*) 0 1 2 3 4 5 6 7 8 9 10 11 12 13 14 15 16 17 18 19 20 21 22 38 39 40 41 42 43 44 45 46 47 48 49 50 51 52 55 56 57 58
(55,*) 0 1 2 3 4 5 6 7 8 9 10 11 12 13 14 15 16 17 18 19 20 21 22 38 39 40 41 42 43 44 45 46 47 48 49 50 51 52 53 54 57 58
(56,*) 0 1 2 3 4 5 6 7 8 9 10 11 12 13 14 15 16 17 18 19 20 21 22 38 39 40 41 42 43 44 45 46 47 48 49 50 51 52 53 54 57 58
(57,*) 0 1 2 3 4 5 6 7 8 9 10 11 12 13 14 15 16 17 18 19 20 21 22 38 39 40 41 42 43 44 45 46 47 48 49 50 51 52 53 54 55 56 58
(58,*) 0 1 2 3 4 5 6 7 8 9 10 11 12 13 14 15 16 17 18 19 20 21 22 38 39 40 41 42 43 44 45 46 47 48 49 50 51 52 53 54 55 56 57
;
set A2:=
(53,*) 54
(54,*) 53
(55,*) 56
(56,*) 55
;
param BigM:=99999;
param n:= 7;
param d:=
1	2
2	14
3	2
4	17
5	2
6	26
7	25
8	2
9	18
10	18
11	2
12	9
13	10
14	30
15	23
16	22
17	4
18	21
19	25
20	19
21	5
22	13
23	12
24	20
25	7
26	24
27	23
28	3
29	18
30	23
31	13
32	22
33	1
34	16
35	8
36	2
37	15
38	13
39	20
40	6
41	3
42	6
43	7
44	10
45	8
46	2
47	18
48	1
49	26
50	22
51	3
52	3
;
param Q:=100;
param w:=
[53,*] 54 5
[54,*] 53 5
[55,*] 56 5
[56,*] 55 5
;
param V:=
[53,*] 54 398
[54,*] 53 398
[55,*] 56 398
[56,*] 55 398
;
param f:=
53	100
54	100
55	100
56	100
57	100
58	100
;
param e:
	53	54	55	56	57	58:=
23	0	0	1	0	0	0	
24	0	0	0	0	1	0	
25	1	0	0	0	0	0	
26	0	1	0	0	1	0	
27	1	0	0	0	0	0	
28	0	0	1	0	0	0	
29	0	0	1	0	0	0	
30	1	0	0	0	0	0	
31	0	0	0	1	1	0	
32	1	0	0	0	0	1	
33	1	0	0	0	0	1	
34	1	0	0	0	0	1	
35	0	1	0	0	1	0	
36	0	1	0	0	1	0	
37	0	0	1	0	0	0	
38	0	0	1	0	0	0	
39	1	0	0	0	0	1	
40	0	1	0	0	1	0	
41	0	0	0	0	1	0	
42	0	0	1	0	0	0	
43	1	0	0	0	0	1	
44	0	0	0	0	1	0	
45	0	0	1	0	0	0	
46	0	1	0	0	0	0	
47	0	1	0	0	1	0	
48	1	0	0	0	0	1	
49	0	0	1	0	0	0	
50	1	0	0	0	0	1	
51	0	1	0	0	1	0	
52	0	0	1	0	0	0	
;
param p:=
1	1
2	1
3	1
4	1
5	1
6	1
7	1
;
param G:=
53	398
54	398
55	398
56	398
57	99
58	99
;
param s:=
0	0
1	15
2	15
3	15
4	15
5	15
6	15
7	15
8	15
9	15
10	15
11	15
12	15
13	15
14	15
15	15
16	15
17	15
18	15
19	15
20	15
21	15
22	15
38	15
39	15
40	15
41	15
42	15
43	15
44	15
45	15
46	15
47	15
48	15
49	15
50	15
51	15
52	15
53	30
54	30
55	30
56	30
57	15
58	15
;
param t:
	0	1	2	3	4	5	6	7	8	9	10	11	12	13	14	15	16	17	18	19	20	21	22	23	24	25	26	27	28	29	30	31	32	33	34	35	36	37	38	39	40	41	42	43	44	45	46	47	48	49	50	51	52	53	54	55	56	57	58:=
0	0.0	11.4	27.66	22.2	31.14	40.22	33.11	61.98	90.0	63.98	30.53	58.86	40.01	18.03	25.24	37.01	42.8	47.54	76.49	33.53	69.03	21.54	62.29	57.57	33.38	35.11	63.32	57.31	96.54	73.55	42.72	24.19	48.05	23.77	55.33	52.35	44.18	55.23	46.01	49.65	47.2	31.3	82.49	57.31	27.78	82.04	65.12	54.34	22.47	72.95	29.07	64.28	74.04	57.08	63.95	80.19	30.28	29.15	55.9
1	11.4	0.0	35.34	12.21	37.74	32.31	25.5	62.03	79.51	55.76	24.21	48.76	29.07	18.03	36.24	31.62	37.01	43.01	65.3	24.7	58.73	14.21	61.4	46.17	36.5	30.02	54.59	54.23	86.31	64.03	37.22	28.16	48.75	26.25	54.71	44.82	33.73	44.41	36.89	53.26	41.11	20.25	71.56	54.23	17.03	72.25	53.76	42.95	28.02	62.2	23.09	53.76	62.64	58.35	55.57	70.32	39.34	22.8	56.08
2	27.66	35.34	0.0	39.32	5.0	46.49	60.21	44.15	99.72	90.92	58.01	83.82	63.32	45.28	32.0	64.66	70.43	43.28	91.24	59.94	79.06	48.55	46.49	76.01	57.25	36.25	89.89	47.43	104.69	80.06	42.19	48.37	31.02	15.81	39.92	79.61	68.62	68.88	54.41	26.08	74.81	49.16	95.08	47.43	45.18	89.0	85.21	74.24	9.06	84.9	34.93	88.32	92.05	37.25	90.79	87.62	44.19	56.61	38.6
3	22.2	12.21	39.32	0.0	40.26	20.62	29.55	56.08	67.8	56.57	30.08	46.14	25.06	29.12	47.43	37.64	42.15	33.54	54.78	26.93	46.86	21.1	54.56	37.22	47.8	20.88	54.56	45.61	74.41	51.86	27.17	39.92	44.05	26.0	48.37	47.2	31.06	33.12	24.7	51.4	45.62	10.05	60.42	45.61	6.08	60.14	46.01	35.01	30.59	50.77	13.93	49.77	53.6	53.77	56.12	58.24	51.46	28.86	50.48
4	31.14	37.74	5.0	40.26	0.0	45.12	63.01	39.29	98.03	93.49	61.07	85.62	64.85	49.04	37.0	67.94	73.66	40.22	90.55	62.43	77.62	51.4	41.79	76.24	61.74	34.48	92.28	43.42	102.69	78.0	39.81	52.77	26.4	15.0	35.34	82.42	70.38	68.26	53.15	21.1	77.99	49.82	93.94	43.42	45.89	86.93	85.71	74.81	9.85	83.74	34.13	89.81	92.02	32.31	93.31	85.63	49.16	59.67	33.84
5	40.22	32.31	46.49	20.62	45.12	0.0	47.52	44.05	53.31	69.46	49.09	55.44	36.24	49.73	64.38	56.32	60.02	17.03	46.0	43.93	32.57	41.11	41.01	35.78	68.41	11.0	66.57	29.41	58.67	34.41	10.63	60.41	35.85	30.68	36.4	62.39	42.54	24.33	8.06	47.3	62.82	19.65	48.84	29.41	19.03	43.27	46.07	36.62	37.7	38.64	12.21	56.59	49.48	44.48	68.74	41.68	70.47	48.04	39.66
6	33.11	25.5	60.21	29.55	63.01	47.52	0.0	85.48	79.92	30.87	4.47	28.28	18.03	20.02	51.0	9.06	12.65	62.64	61.07	4.47	61.85	11.66	84.1	39.82	31.4	50.33	30.36	74.95	87.82	70.21	56.04	28.79	72.95	51.62	77.83	19.42	17.2	46.24	48.01	78.57	16.12	28.07	69.4	74.95	28.64	76.69	42.8	34.71	53.41	62.27	43.46	34.93	53.91	82.67	30.86	74.53	47.24	5.1	79.76
7	61.98	62.03	44.15	56.08	39.29	44.05	85.48	0.0	83.29	111.83	85.43	99.01	78.75	78.85	75.66	93.04	97.95	27.46	84.76	83.01	67.45	75.64	5.1	79.32	95.35	36.24	109.34	17.46	85.01	62.51	33.42	86.15	14.04	38.33	7.81	103.17	85.15	66.24	49.93	20.81	101.6	61.07	84.17	17.46	58.6	70.11	89.59	80.6	42.01	75.0	42.44	100.57	91.24	7.74	111.24	69.75	87.0	84.1	6.08
8	90.0	79.51	99.72	67.8	98.03	53.31	79.92	83.29	0.0	82.2	83.76	65.51	61.91	92.76	115.21	88.19	88.57	60.53	21.21	75.47	21.1	80.92	78.41	40.72	109.81	63.57	78.09	66.07	8.25	21.02	58.69	104.14	82.3	83.93	78.01	83.17	64.4	35.36	45.62	95.52	88.77	59.46	12.04	66.07	62.48	13.34	42.76	46.1	91.0	17.8	65.31	60.53	33.02	87.73	81.01	13.55	118.64	83.49	82.01
9	63.98	55.76	90.92	56.57	93.49	69.46	30.87	111.83	82.2	0.0	33.84	17.0	33.29	49.48	80.06	29.27	24.02	86.28	61.0	31.06	70.11	42.49	109.62	44.1	53.34	75.6	4.12	98.79	90.43	80.31	79.61	55.08	100.5	81.22	104.02	12.17	26.93	57.07	66.71	107.71	20.02	50.8	70.21	98.79	53.26	84.01	39.46	39.32	83.76	67.07	69.53	21.84	49.73	110.18	1.22	81.88	73.73	35.11	106.53
10	30.53	24.21	58.01	30.08	61.07	49.09	4.47	85.43	83.76	33.84	0.0	32.56	22.02	16.03	47.04	7.62	12.81	63.56	65.19	8.49	65.31	10.0	84.31	43.93	27.02	50.96	33.73	75.69	91.59	73.39	57.07	24.35	72.56	50.45	77.88	21.93	21.63	49.66	50.25	77.47	16.97	30.07	73.41	75.69	30.07	80.11	47.2	38.9	51.66	66.04	43.97	39.29	58.26	82.25	33.95	77.96	42.88	1.41	79.61
11	58.86	48.76	83.82	46.14	85.62	55.44	28.28	99.01	65.51	17.0	32.56	0.0	21.1	48.26	79.1	31.78	28.84	72.47	44.38	26.0	53.15	38.05	96.33	27.17	57.78	62.97	13.04	84.81	73.76	63.39	65.95	56.75	88.73	72.01	91.22	19.21	15.23	40.52	51.62	97.35	26.91	38.42	53.6	84.81	41.62	67.01	22.8	22.56	75.77	50.09	57.63	7.21	33.62	98.2	15.88	64.88	75.41	33.38	94.07
12	40.01	29.07	63.32	25.06	64.85	36.24	18.03	78.75	61.91	33.29	22.02	21.1	0.0	34.0	62.82	26.4	27.66	53.0	43.19	13.6	44.27	21.93	76.4	21.93	48.8	42.52	30.61	65.51	69.84	53.15	46.32	44.65	67.94	50.99	70.94	26.68	6.4	28.86	34.21	76.28	29.07	17.69	51.4	65.51	20.62	59.14	26.4	17.03	55.03	44.29	36.8	25.0	36.89	77.51	32.62	56.96	61.87	21.93	73.59
13	18.03	18.03	45.28	29.12	49.04	49.73	20.02	78.85	92.76	49.48	16.03	48.26	34.0	0.0	31.02	20.62	26.4	61.03	76.06	22.56	72.8	12.21	78.64	55.22	18.68	48.04	49.65	72.11	100.12	79.4	55.23	11.4	65.15	41.23	71.81	37.36	35.74	57.49	53.31	67.6	30.87	34.13	83.49	72.11	32.2	87.09	60.37	50.77	40.5	75.01	41.11	54.74	70.83	74.46	49.68	85.05	27.93	15.0	72.8
14	25.24	36.24	32.0	47.43	37.0	64.38	51.0	75.66	115.21	80.06	47.04	79.1	62.82	31.02	0.0	50.8	56.29	68.48	101.53	53.15	94.2	41.44	77.47	82.08	32.2	57.43	80.5	75.96	121.66	98.35	64.9	26.0	61.98	39.92	70.61	67.9	65.76	80.45	70.77	58.03	60.64	56.44	107.7	75.96	53.0	106.96	88.89	78.43	34.21	98.18	52.5	85.38	98.43	69.08	80.36	105.17	12.99	46.01	69.87
15	37.01	31.62	64.66	37.64	67.94	56.32	9.06	93.04	88.19	29.27	7.62	31.78	26.4	20.62	50.8	0.0	5.83	71.06	68.82	13.34	70.58	17.49	91.92	47.71	26.0	58.52	30.0	83.24	96.18	79.12	64.54	26.02	80.13	57.8	85.49	17.12	24.21	55.03	57.04	84.81	10.3	37.01	77.39	83.24	37.34	85.44	49.5	42.44	58.69	70.66	51.55	38.91	60.83	89.8	29.62	83.27	44.82	8.94	87.21
16	42.8	37.01	70.43	42.15	73.66	60.02	12.65	97.95	88.57	24.02	12.81	28.84	27.66	26.4	56.29	5.83	0.0	75.29	68.6	16.12	71.84	22.8	96.66	47.85	29.83	62.97	25.18	87.6	96.66	80.81	68.68	31.06	85.23	63.25	90.34	12.04	24.17	56.52	60.07	90.27	4.47	40.45	77.41	87.6	41.23	86.68	48.41	42.49	64.35	71.31	56.08	36.06	59.82	94.94	24.48	84.5	49.73	14.21	92.18
17	47.54	43.01	43.28	33.54	40.22	17.03	62.64	27.46	60.53	86.28	63.56	72.47	53.0	61.03	68.48	71.06	75.29	0.0	58.46	59.46	42.11	54.59	24.08	51.87	79.31	13.0	83.49	12.53	64.03	39.62	6.71	70.58	22.02	29.21	20.12	78.72	59.36	38.91	22.47	35.06	78.43	35.78	59.14	12.53	34.18	48.27	62.13	53.26	36.12	49.37	20.02	73.54	64.08	29.11	85.59	47.32	77.04	62.37	23.77
18	76.49	65.3	91.24	54.78	90.55	46.0	61.07	84.76	21.21	61.0	65.19	44.38	43.19	76.06	101.53	68.82	68.6	58.46	0.0	56.73	18.03	63.89	80.41	21.26	91.93	57.0	56.89	67.42	29.43	26.91	54.45	87.21	80.23	75.66	78.16	62.39	44.65	22.36	38.01	92.66	68.43	45.19	9.22	67.42	48.85	26.0	21.59	26.4	82.2	10.63	56.44	39.32	12.17	87.5	59.81	24.27	103.17	65.12	82.01
19	33.53	24.7	59.94	26.93	62.43	43.93	4.47	83.01	75.47	31.06	8.49	26.0	13.6	22.56	53.15	13.34	16.12	59.46	56.73	0.0	57.38	12.17	81.41	35.47	35.47	47.42	29.97	71.87	83.35	65.8	52.81	32.2	70.8	50.33	75.29	20.52	13.42	41.79	44.01	77.08	18.97	24.33	65.0	71.87	25.3	72.24	38.83	30.41	52.7	57.8	40.71	32.25	49.82	80.54	30.87	70.07	50.3	8.6	77.39
20	69.03	58.73	79.06	46.86	77.62	32.57	61.85	67.45	21.1	70.11	65.31	53.15	44.27	72.8	94.2	70.58	71.84	42.11	18.03	57.38	0.0	61.29	62.94	26.02	90.43	43.17	66.19	50.0	27.59	10.44	39.12	84.2	64.12	63.25	61.19	68.47	48.05	15.65	24.7	77.01	72.78	38.95	17.03	50.0	41.73	14.87	32.57	31.02	70.23	7.62	44.38	50.01	27.8	70.73	69.02	12.69	98.01	64.85	65.12
21	21.54	14.21	48.55	21.1	51.4	41.11	11.66	75.64	80.92	42.49	10.0	38.05	21.93	12.21	41.44	17.49	22.8	54.59	63.89	12.17	61.29	0.0	74.67	43.01	29.15	41.77	41.79	66.49	88.41	68.43	48.26	23.35	62.65	40.46	68.15	31.06	24.33	45.8	43.42	67.48	26.91	23.41	71.42	66.49	22.36	75.8	48.33	38.59	41.87	63.13	34.71	44.05	58.67	72.32	42.43	73.72	39.95	8.6	69.78
22	62.29	61.4	46.49	54.56	41.79	41.01	84.1	5.1	78.41	109.62	84.31	96.33	76.4	78.64	77.47	91.92	96.66	24.08	80.41	81.41	62.94	74.67	0.0	75.8	95.63	34.13	107.0	13.0	80.0	57.71	30.41	86.47	15.52	39.0	7.0	101.36	82.8	62.43	46.4	24.76	100.18	58.82	79.56	13.0	56.6	65.19	86.02	77.34	43.42	70.52	40.71	97.59	87.24	12.06	108.99	64.87	88.41	83.01	8.06
23	57.57	46.17	76.01	37.22	76.24	35.78	39.82	79.32	40.72	44.1	43.93	27.17	21.93	55.22	82.08	47.71	47.85	51.87	21.26	35.47	26.02	43.01	75.8	0.0	70.71	45.88	40.2	63.25	48.85	36.22	46.14	66.22	71.59	61.29	71.87	42.95	23.71	14.42	29.41	82.54	48.1	27.17	29.68	63.25	31.14	40.2	10.3	5.39	67.03	23.77	42.95	24.7	16.49	80.23	43.02	38.03	82.71	43.86	75.29
24	33.38	36.5	57.25	47.8	61.74	68.41	31.4	95.35	109.81	53.34	27.02	57.78	48.8	18.68	32.2	26.0	29.83	79.31	91.93	35.47	90.43	29.15	95.63	70.71	0.0	66.37	54.92	90.01	117.41	97.53	73.68	9.22	81.39	57.07	88.68	41.77	48.6	74.89	71.87	81.93	33.38	52.33	99.9	90.01	50.7	104.96	74.2	65.8	54.71	92.01	59.54	64.88	85.28	90.29	53.95	102.87	21.92	26.91	89.27
25	35.11	30.02	36.25	20.88	34.48	11.0	50.33	36.24	63.57	75.6	50.96	62.97	42.52	48.04	57.43	58.52	62.97	13.0	57.0	47.42	43.17	41.77	34.13	45.88	66.37	0.0	73.11	24.74	68.45	43.83	7.62	57.71	26.08	20.59	28.43	67.23	48.92	35.23	19.03	36.69	66.31	24.84	59.68	24.74	22.47	52.77	56.08	46.07	27.78	49.5	7.07	65.0	60.21	35.32	75.01	51.37	65.08	49.73	31.11
26	63.32	54.59	89.89	54.56	92.28	66.57	30.36	109.34	78.09	4.12	33.73	13.04	30.61	49.65	80.5	30.0	25.18	83.49	56.89	29.97	66.19	41.79	107.0	40.2	54.92	73.11	0.0	95.96	86.31	76.42	76.84	56.01	98.29	79.63	101.53	13.15	24.21	53.37	63.51	105.89	21.59	48.27	66.1	95.96	50.93	80.0	35.36	35.51	82.49	63.03	67.21	17.72	45.61	107.93	2.92	77.88	74.78	34.93	104.14
27	57.31	54.23	47.43	45.61	43.42	29.41	74.95	17.46	66.07	98.79	75.69	84.81	65.51	72.11	75.96	83.24	87.6	12.53	67.42	71.87	50.0	66.49	13.0	63.25	90.01	24.74	95.96	0.0	68.18	45.18	19.24	81.06	18.87	36.06	12.17	91.24	71.87	49.65	33.97	31.78	90.82	48.3	66.71	0.0	46.62	53.0	73.41	65.07	42.05	57.57	31.78	85.63	74.3	21.83	98.09	52.52	85.68	74.46	16.12
28	96.54	86.31	104.69	74.41	102.69	58.67	87.82	85.01	8.25	90.43	91.59	73.76	69.84	100.12	121.66	96.18	96.66	64.03	29.43	83.35	27.59	88.41	80.0	48.85	117.41	68.45	86.31	68.18	0.0	24.7	62.97	111.52	85.33	89.0	80.31	91.39	72.5	42.64	51.31	98.66	96.93	66.48	20.22	68.18	69.31	15.81	50.99	54.23	96.15	25.55	70.83	68.73	41.11	90.01	89.24	17.08	125.59	91.27	84.29
29	73.55	64.03	80.06	51.86	78.0	34.41	70.21	62.51	21.02	80.31	73.39	63.39	53.15	79.4	98.35	79.12	80.81	39.62	26.91	65.8	10.44	68.43	57.71	36.22	97.53	43.83	76.42	45.18	24.7	0.0	38.28	90.74	61.29	64.41	57.04	78.16	57.43	24.33	27.59	74.55	82.04	45.28	22.83	45.18	47.43	8.94	43.01	41.05	71.59	16.4	46.62	60.42	37.74	66.75	79.23	7.71	103.31	72.8	61.03
30	42.72	37.22	42.19	27.17	39.81	10.63	56.04	33.42	58.69	79.61	57.07	65.95	46.32	55.23	64.9	64.54	68.68	6.71	54.45	52.81	39.12	48.26	30.41	46.14	73.68	7.62	76.84	19.24	62.97	38.28	0.0	65.12	25.96	27.02	25.81	72.01	52.7	33.84	17.09	38.21	71.78	29.07	56.04	19.24	27.51	47.17	56.44	47.2	34.21	46.0	14.14	67.21	59.14	34.14	78.93	45.95	72.69	55.9	29.15
31	24.19	28.16	48.37	39.92	52.77	60.41	28.79	86.15	104.14	55.08	24.35	56.75	44.65	11.4	26.0	26.02	31.06	70.58	87.21	32.2	84.2	23.35	86.47	66.22	9.22	57.71	56.01	81.06	111.52	90.74	65.12	0.0	72.18	47.85	79.51	43.01	45.62	68.88	64.4	72.8	35.23	45.49	94.76	81.06	43.42	98.47	70.83	61.61	45.54	86.37	50.99	63.6	81.54	81.07	55.51	96.43	18.82	23.77	80.06
32	48.05	48.75	31.02	44.05	26.4	35.85	72.95	14.04	82.3	100.5	72.56	88.73	67.94	65.15	61.98	80.13	85.23	22.02	80.23	70.8	64.12	62.65	15.52	71.59	81.39	26.08	98.29	18.87	85.33	61.29	25.96	72.18	0.0	24.33	8.94	91.21	74.28	59.77	43.01	13.34	89.04	50.33	81.15	18.87	47.38	69.72	81.86	72.07	28.07	71.34	31.14	91.02	85.07	9.74	100.0	68.93	73.1	71.2	8.0
33	23.77	26.25	15.81	26.0	15.0	30.68	51.62	38.33	83.93	81.22	50.45	72.01	50.99	41.23	39.92	57.8	63.25	29.21	75.66	50.33	63.25	40.46	39.0	61.29	57.07	20.59	79.63	36.06	89.0	64.41	27.02	47.85	24.33	0.0	32.0	70.77	56.82	53.34	38.6	27.02	67.36	35.17	79.31	36.06	31.32	73.36	70.86	60.02	7.21	69.12	19.24	75.77	77.03	33.33	80.91	71.93	49.83	49.04	32.25
34	55.33	54.71	39.92	48.37	35.34	36.4	77.83	7.81	78.01	104.02	77.88	91.22	70.94	71.81	70.61	85.49	90.34	20.12	78.16	75.29	61.19	68.15	7.0	71.87	88.68	28.43	101.53	12.17	80.31	57.04	25.81	79.51	8.94	32.0	0.0	95.41	77.34	59.03	42.54	20.25	93.94	53.26	78.09	12.17	50.8	65.03	82.15	73.01	36.5	68.66	34.67	92.85	84.17	9.73	103.43	64.48	81.46	76.56	4.0
35	52.35	44.82	79.61	47.2	82.42	62.39	19.42	103.17	83.17	12.17	21.93	19.21	26.68	37.36	67.9	17.12	12.04	78.72	62.39	20.52	68.47	31.06	101.36	42.95	41.77	67.23	13.15	91.24	91.39	78.16	72.01	43.01	91.21	70.77	95.41	0.0	21.1	54.01	60.88	97.58	8.54	42.95	71.51	91.24	44.78	83.02	41.15	37.66	72.8	66.71	60.75	26.17	52.35	100.95	12.51	80.84	61.73	23.26	97.65
36	44.18	33.73	68.62	31.06	70.38	42.54	17.2	85.15	64.4	26.93	21.63	15.23	6.4	35.74	65.76	24.21	24.17	59.36	44.65	13.42	48.05	24.33	82.8	23.71	48.6	48.92	24.21	71.87	72.5	57.43	52.7	45.62	74.28	56.82	77.34	21.1	0.0	33.14	40.16	82.42	24.74	24.08	53.34	71.87	26.91	62.82	25.61	18.36	60.54	47.17	43.14	20.1	36.8	83.87	26.23	60.63	63.6	21.95	79.98
37	55.23	44.41	68.88	33.12	68.26	24.33	46.24	66.24	35.36	57.07	49.66	40.52	28.86	57.49	80.45	55.03	56.52	38.91	22.36	41.79	15.65	45.8	62.43	14.42	74.89	35.23	53.37	49.65	42.64	24.33	33.84	68.88	59.77	53.34	59.03	54.01	33.14	0.0	16.76	71.59	57.71	24.21	27.29	49.65	27.46	30.46	24.04	18.03	59.84	17.8	34.13	38.91	25.3	67.85	56.06	28.31	83.34	49.19	62.65
38	46.01	36.89	54.41	24.7	53.15	8.06	48.01	49.93	45.62	66.71	50.25	51.62	34.21	53.31	70.77	57.04	60.07	22.47	38.01	44.01	24.7	43.42	46.4	29.41	71.87	19.03	63.51	33.97	51.31	27.59	17.09	64.4	43.01	38.6	42.54	60.88	40.16	16.76	0.0	54.92	62.39	20.22	40.79	33.97	21.19	36.24	39.66	31.11	45.54	30.59	19.7	51.86	42.06	51.18	65.88	34.51	75.95	49.37	46.07
39	49.65	53.26	26.08	51.4	21.1	47.3	78.57	20.81	95.52	107.71	77.47	97.35	76.28	67.6	58.03	84.81	90.27	35.06	92.66	77.08	77.01	67.48	24.76	82.54	81.93	36.69	105.89	31.78	98.66	74.55	38.21	72.8	13.34	27.02	20.25	97.58	82.42	71.59	54.92	0.0	94.37	59.17	94.02	31.78	55.76	83.02	92.7	82.46	27.31	84.1	40.25	100.34	96.77	13.08	107.34	82.2	70.25	76.06	17.03
40	47.2	41.11	74.81	45.62	77.99	62.82	16.12	101.6	88.77	20.02	16.97	26.91	29.07	30.87	60.64	10.3	4.47	78.43	68.43	18.97	72.78	26.91	100.18	48.1	33.38	66.31	21.59	90.82	96.93	82.04	71.78	35.23	89.04	67.36	93.94	8.54	24.74	57.71	62.39	94.37	0.0	43.17	77.39	90.82	44.27	87.56	47.71	42.72	68.62	71.78	59.51	34.06	59.08	98.77	20.59	85.37	53.77	18.38	95.88
41	31.3	20.25	49.16	10.05	49.82	19.65	28.07	61.07	59.46	50.8	30.07	38.42	17.69	34.13	56.44	37.01	40.45	35.78	45.19	24.33	38.95	23.41	58.82	27.17	52.33	24.84	48.27	48.3	66.48	45.28	29.07	45.49	50.33	35.17	53.26	42.95	24.08	24.21	20.22	59.17	43.17	0.0	51.31	48.3	4.0	53.01	36.06	25.08	40.31	42.01	19.21	41.18	43.57	59.86	50.19	50.99	59.18	29.15	55.9
42	82.49	71.56	95.08	60.42	93.94	48.84	69.4	84.17	12.04	70.21	73.41	53.6	51.4	83.49	107.7	77.39	77.41	59.14	9.22	65.0	17.03	71.42	79.56	29.68	99.9	59.68	66.1	66.71	20.22	22.83	56.04	94.76	81.15	79.31	78.09	71.51	53.34	27.29	40.79	94.02	77.39	51.31	0.0	66.71	54.71	19.21	30.81	34.99	86.13	10.2	60.17	48.51	21.0	87.68	69.02	17.96	110.13	73.25	82.04
43	57.31	54.23	47.43	45.61	43.42	29.41	74.95	17.46	66.07	98.79	75.69	84.81	65.51	72.11	75.96	83.24	87.6	12.53	67.42	71.87	50.0	66.49	13.0	63.25	90.01	24.74	95.96	0.0	68.18	45.18	19.24	81.06	18.87	36.06	12.17	91.24	71.87	49.65	33.97	31.78	90.82	48.3	66.71	0.0	46.62	53.0	73.41	65.07	42.05	57.57	31.78	85.63	74.3	21.83	98.09	52.52	85.68	74.46	16.12
44	27.78	17.03	45.18	6.08	45.89	19.03	28.64	58.6	62.48	53.26	30.07	41.62	20.62	32.2	53.0	37.34	41.23	34.18	48.85	25.3	41.73	22.36	56.6	31.14	50.7	22.47	50.93	46.62	69.31	47.43	27.51	43.42	47.38	31.32	50.8	44.78	26.91	27.46	21.19	55.76	44.27	4.0	54.71	46.62	0.0	55.44	40.05	29.07	36.35	45.22	16.28	44.72	47.52	57.0	52.72	53.48	56.29	29.02	53.26
45	82.04	72.25	89.0	60.14	86.93	43.27	76.69	70.11	13.34	84.01	80.11	67.01	59.14	87.09	106.96	85.44	86.68	48.27	26.0	72.24	14.87	75.8	65.19	40.2	104.96	52.77	80.0	53.0	15.81	8.94	47.17	98.47	69.72	73.36	65.03	83.02	62.82	30.46	36.24	83.02	87.56	53.01	19.21	53.0	55.44	0.0	45.28	45.4	80.53	17.12	55.47	63.2	37.95	74.76	82.88	2.19	111.59	79.62	69.03
46	65.12	53.76	85.21	46.01	85.71	46.07	42.8	89.59	42.76	39.46	47.2	22.8	26.4	60.37	88.89	49.5	48.41	62.13	21.59	38.83	32.57	48.33	86.02	10.3	74.2	56.08	35.36	73.41	50.99	43.01	56.44	70.83	81.86	70.86	82.15	41.15	25.61	24.04	39.66	92.7	47.71	36.06	30.81	73.41	40.05	45.28	0.0	11.0	76.32	28.16	52.89	18.0	11.4	90.52	38.28	43.23	88.26	47.43	85.59
47	54.34	42.95	74.24	35.01	74.81	36.62	34.71	80.6	46.1	39.32	38.9	22.56	17.03	50.77	78.43	42.44	42.49	53.26	26.4	30.41	31.02	38.59	77.34	5.39	65.8	46.07	35.51	65.07	54.23	41.05	47.2	61.61	72.07	60.02	73.01	37.66	18.36	18.03	31.11	82.46	42.72	25.08	34.99	65.07	29.07	45.4	11.0	0.0	65.38	29.12	42.38	21.1	20.12	81.0	38.27	43.22	78.47	38.9	76.28
48	22.47	28.02	9.06	30.59	9.85	37.7	53.41	42.01	91.0	83.76	51.66	75.77	55.03	40.5	34.21	58.69	64.35	36.12	82.2	52.7	70.23	41.87	43.42	67.03	54.71	27.78	82.49	42.05	96.15	71.59	34.21	45.54	28.07	7.21	36.5	72.8	60.54	59.84	45.54	27.31	68.62	40.31	86.13	42.05	36.35	80.53	76.32	65.38	0.0	75.96	25.96	80.01	83.02	36.07	83.55	79.09	45.03	50.25	36.06
49	72.95	62.2	84.9	50.77	83.74	38.64	62.27	75.0	17.8	67.07	66.04	50.09	44.29	75.01	98.18	70.66	71.31	49.37	10.63	57.8	7.62	63.13	70.52	23.77	92.01	49.5	63.03	57.57	25.55	16.4	46.0	86.37	71.34	69.12	68.66	66.71	47.17	17.8	30.59	84.1	71.78	42.01	10.2	57.57	45.22	17.12	28.16	29.12	75.96	0.0	50.0	46.1	21.47	78.15	65.92	15.09	101.12	65.73	72.57
50	29.07	23.09	34.93	13.93	34.13	12.21	43.46	42.44	65.31	69.53	43.97	57.63	36.8	41.11	52.5	51.55	56.08	20.02	56.44	40.71	44.38	34.71	40.71	42.95	59.54	7.07	67.21	31.78	70.83	46.62	14.14	50.99	31.14	19.24	34.67	60.75	43.14	34.13	19.7	40.25	59.51	19.21	60.17	31.78	16.28	55.47	52.89	42.38	25.96	50.0	0.0	60.21	58.22	40.73	68.99	53.87	59.3	42.72	37.01
51	64.28	53.76	88.32	49.77	89.81	56.59	34.93	100.57	60.53	21.84	39.29	7.21	25.0	54.74	85.38	38.91	36.06	73.54	39.32	32.25	50.01	44.05	97.59	24.7	64.88	65.0	17.72	85.63	68.73	60.42	67.21	63.6	91.02	75.77	92.85	26.17	20.1	38.91	51.86	100.34	34.06	41.18	48.51	85.63	44.72	63.2	18.0	21.1	80.01	46.1	60.21	0.0	27.89	100.31	20.63	61.12	82.17	40.02	95.9
52	74.04	62.64	92.05	53.6	92.02	49.48	53.91	91.24	33.02	49.73	58.26	33.62	36.89	70.83	98.43	60.83	59.82	64.08	12.17	49.82	27.8	58.67	87.24	16.49	85.28	60.21	45.61	74.3	41.11	37.74	59.14	81.54	85.07	77.03	84.17	52.35	36.8	25.3	42.06	96.77	59.08	43.57	21.0	74.3	47.52	37.95	11.4	20.12	83.02	21.47	58.22	27.89	0.0	93.11	48.52	36.11	98.58	58.41	87.85
53	57.08	58.35	37.25	53.77	32.31	44.48	82.67	7.74	87.73	110.18	82.25	98.2	77.51	74.46	69.08	89.8	94.94	29.11	87.5	80.54	70.73	72.32	12.06	80.23	90.29	35.32	107.93	21.83	90.01	66.75	34.14	81.07	9.74	33.33	9.73	100.95	83.87	67.85	51.18	13.08	98.77	59.86	87.68	21.83	57.0	74.76	90.52	81.0	36.07	78.15	40.73	100.31	93.11	0.0	109.67	74.2	80.75	80.88	5.73
54	63.95	55.57	90.79	56.12	93.31	68.74	30.86	111.24	81.01	1.22	33.95	15.88	32.62	49.68	80.36	29.62	24.48	85.59	59.81	30.87	69.02	42.43	108.99	43.02	53.95	75.01	2.92	98.09	89.24	79.23	78.93	55.51	100.0	80.91	103.43	12.51	26.23	56.06	65.88	107.34	20.59	50.19	69.02	98.09	52.72	82.88	38.28	38.27	83.55	65.92	68.99	20.63	48.52	109.67	0.0	80.75	74.2	35.2	105.97
55	80.19	70.32	87.62	58.24	85.63	41.68	74.53	69.75	13.55	81.88	77.96	64.88	56.96	85.05	105.17	83.27	84.5	47.32	24.27	70.07	12.69	73.72	64.87	38.03	102.87	51.37	77.88	52.52	17.08	7.71	45.95	96.43	68.93	71.93	64.48	80.84	60.63	28.31	34.51	82.2	85.37	50.99	17.96	52.52	53.48	2.19	43.23	43.22	79.09	15.09	53.87	61.12	36.11	74.2	80.75	0.0	109.67	77.48	68.48
56	30.28	39.34	44.19	51.46	49.16	70.47	47.24	87.0	118.64	73.73	42.88	75.41	61.87	27.93	12.99	44.82	49.73	77.04	103.17	50.3	98.01	39.95	88.41	82.71	21.92	65.08	74.78	85.68	125.59	103.31	72.69	18.82	73.1	49.83	81.46	61.73	63.6	83.34	75.95	70.25	53.77	59.18	110.13	85.68	56.29	111.59	88.26	78.47	45.03	101.12	59.3	82.17	98.58	80.75	74.2	109.67	0.0	42.15	81.08
57	29.15	22.8	56.61	28.86	59.67	48.04	5.1	84.1	83.49	35.11	1.41	33.38	21.93	15.0	46.01	8.94	14.21	62.37	65.12	8.6	64.85	8.6	83.01	43.86	26.91	49.73	34.93	74.46	91.27	72.8	55.9	23.77	71.2	49.04	76.56	23.26	21.95	49.19	49.37	76.06	18.38	29.15	73.25	74.46	29.02	79.62	47.43	38.9	50.25	65.73	42.72	40.02	58.41	80.88	35.2	77.48	42.15	0.0	78.26
58	55.9	56.08	38.6	50.48	33.84	39.66	79.76	6.08	82.01	106.53	79.61	94.07	73.59	72.8	69.87	87.21	92.18	23.77	82.01	77.39	65.12	69.78	8.06	75.29	89.27	31.11	104.14	16.12	84.29	61.03	29.15	80.06	8.0	32.25	4.0	97.65	79.98	62.65	46.07	17.03	95.88	55.9	82.04	16.12	53.26	69.03	85.59	76.28	36.06	72.57	37.01	95.9	87.85	5.73	105.97	68.48	81.08	78.26	0.0
;
