set K:= 1	2	3	4	5	6	7;
set C_H:= 1	2	3	4	5	6	7	8	9	10	11	12	13	14	15	16	17	18	19;
set C_S:= 20	21	22	23	24	25	26	27	28	29	30	31	32	33	34	35	36;
set C_F:= 37	38	39	40	41	42	43	44	45	46	47	48	49	50	51	52	53;
set M:= 54	55;
set L_B:= 56	57	58	59	60	61	62;
set A1:=
(0,*) 1 2 3 4 5 6 7 8 9 10 11 12 13 14 15 16 17 18 19 37 38 39 40 41 42 43 44 45 46 47 48 49 50 51 52 53 54 55 56 57 58 59 60 61 62
(1,*) 0 2 3 4 5 6 7 8 9 10 11 12 13 14 15 16 17 18 19 37 38 39 40 41 42 43 44 45 46 47 48 49 50 51 52 53 54 55 56 57 58 59 60 61 62
(2,*) 0 1 3 4 5 6 7 8 9 10 11 12 13 14 15 16 17 18 19 37 38 39 40 41 42 43 44 45 46 47 48 49 50 51 52 53 54 55 56 57 58 59 60 61 62
(3,*) 0 1 2 4 5 6 7 8 9 10 11 12 13 14 15 16 17 18 19 37 38 39 40 41 42 43 44 45 46 47 48 49 50 51 52 53 54 55 56 57 58 59 60 61 62
(4,*) 0 1 2 3 5 6 7 8 9 10 11 12 13 14 15 16 17 18 19 37 38 39 40 41 42 43 44 45 46 47 48 49 50 51 52 53 54 55 56 57 58 59 60 61 62
(5,*) 0 1 2 3 4 6 7 8 9 10 11 12 13 14 15 16 17 18 19 37 38 39 40 41 42 43 44 45 46 47 48 49 50 51 52 53 54 55 56 57 58 59 60 61 62
(6,*) 0 1 2 3 4 5 7 8 9 10 11 12 13 14 15 16 17 18 19 37 38 39 40 41 42 43 44 45 46 47 48 49 50 51 52 53 54 55 56 57 58 59 60 61 62
(7,*) 0 1 2 3 4 5 6 8 9 10 11 12 13 14 15 16 17 18 19 37 38 39 40 41 42 43 44 45 46 47 48 49 50 51 52 53 54 55 56 57 58 59 60 61 62
(8,*) 0 1 2 3 4 5 6 7 9 10 11 12 13 14 15 16 17 18 19 37 38 39 40 41 42 43 44 45 46 47 48 49 50 51 52 53 54 55 56 57 58 59 60 61 62
(9,*) 0 1 2 3 4 5 6 7 8 10 11 12 13 14 15 16 17 18 19 37 38 39 40 41 42 43 44 45 46 47 48 49 50 51 52 53 54 55 56 57 58 59 60 61 62
(10,*) 0 1 2 3 4 5 6 7 8 9 11 12 13 14 15 16 17 18 19 37 38 39 40 41 42 43 44 45 46 47 48 49 50 51 52 53 54 55 56 57 58 59 60 61 62
(11,*) 0 1 2 3 4 5 6 7 8 9 10 12 13 14 15 16 17 18 19 37 38 39 40 41 42 43 44 45 46 47 48 49 50 51 52 53 54 55 56 57 58 59 60 61 62
(12,*) 0 1 2 3 4 5 6 7 8 9 10 11 13 14 15 16 17 18 19 37 38 39 40 41 42 43 44 45 46 47 48 49 50 51 52 53 54 55 56 57 58 59 60 61 62
(13,*) 0 1 2 3 4 5 6 7 8 9 10 11 12 14 15 16 17 18 19 37 38 39 40 41 42 43 44 45 46 47 48 49 50 51 52 53 54 55 56 57 58 59 60 61 62
(14,*) 0 1 2 3 4 5 6 7 8 9 10 11 12 13 15 16 17 18 19 37 38 39 40 41 42 43 44 45 46 47 48 49 50 51 52 53 54 55 56 57 58 59 60 61 62
(15,*) 0 1 2 3 4 5 6 7 8 9 10 11 12 13 14 16 17 18 19 37 38 39 40 41 42 43 44 45 46 47 48 49 50 51 52 53 54 55 56 57 58 59 60 61 62
(16,*) 0 1 2 3 4 5 6 7 8 9 10 11 12 13 14 15 17 18 19 37 38 39 40 41 42 43 44 45 46 47 48 49 50 51 52 53 54 55 56 57 58 59 60 61 62
(17,*) 0 1 2 3 4 5 6 7 8 9 10 11 12 13 14 15 16 18 19 37 38 39 40 41 42 43 44 45 46 47 48 49 50 51 52 53 54 55 56 57 58 59 60 61 62
(18,*) 0 1 2 3 4 5 6 7 8 9 10 11 12 13 14 15 16 17 19 37 38 39 40 41 42 43 44 45 46 47 48 49 50 51 52 53 54 55 56 57 58 59 60 61 62
(19,*) 0 1 2 3 4 5 6 7 8 9 10 11 12 13 14 15 16 17 18 37 38 39 40 41 42 43 44 45 46 47 48 49 50 51 52 53 54 55 56 57 58 59 60 61 62
(37,*) 0 1 2 3 4 5 6 7 8 9 10 11 12 13 14 15 16 17 18 19 38 39 40 41 42 43 44 45 46 47 48 49 50 51 52 53 54 55 56 57 58 59 60 61 62
(38,*) 0 1 2 3 4 5 6 7 8 9 10 11 12 13 14 15 16 17 18 19 37 39 40 41 42 43 44 45 46 47 48 49 50 51 52 53 54 55 56 57 58 59 60 61 62
(39,*) 0 1 2 3 4 5 6 7 8 9 10 11 12 13 14 15 16 17 18 19 37 38 40 41 42 43 44 45 46 47 48 49 50 51 52 53 54 55 56 57 58 59 60 61 62
(40,*) 0 1 2 3 4 5 6 7 8 9 10 11 12 13 14 15 16 17 18 19 37 38 39 41 42 43 44 45 46 47 48 49 50 51 52 53 54 55 56 57 58 59 60 61 62
(41,*) 0 1 2 3 4 5 6 7 8 9 10 11 12 13 14 15 16 17 18 19 37 38 39 40 42 43 44 45 46 47 48 49 50 51 52 53 54 55 56 57 58 59 60 61 62
(42,*) 0 1 2 3 4 5 6 7 8 9 10 11 12 13 14 15 16 17 18 19 37 38 39 40 41 43 44 45 46 47 48 49 50 51 52 53 54 55 56 57 58 59 60 61 62
(43,*) 0 1 2 3 4 5 6 7 8 9 10 11 12 13 14 15 16 17 18 19 37 38 39 40 41 42 44 45 46 47 48 49 50 51 52 53 54 55 56 57 58 59 60 61 62
(44,*) 0 1 2 3 4 5 6 7 8 9 10 11 12 13 14 15 16 17 18 19 37 38 39 40 41 42 43 45 46 47 48 49 50 51 52 53 54 55 56 57 58 59 60 61 62
(45,*) 0 1 2 3 4 5 6 7 8 9 10 11 12 13 14 15 16 17 18 19 37 38 39 40 41 42 43 44 46 47 48 49 50 51 52 53 54 55 56 57 58 59 60 61 62
(46,*) 0 1 2 3 4 5 6 7 8 9 10 11 12 13 14 15 16 17 18 19 37 38 39 40 41 42 43 44 45 47 48 49 50 51 52 53 54 55 56 57 58 59 60 61 62
(47,*) 0 1 2 3 4 5 6 7 8 9 10 11 12 13 14 15 16 17 18 19 37 38 39 40 41 42 43 44 45 46 48 49 50 51 52 53 54 55 56 57 58 59 60 61 62
(48,*) 0 1 2 3 4 5 6 7 8 9 10 11 12 13 14 15 16 17 18 19 37 38 39 40 41 42 43 44 45 46 47 49 50 51 52 53 54 55 56 57 58 59 60 61 62
(49,*) 0 1 2 3 4 5 6 7 8 9 10 11 12 13 14 15 16 17 18 19 37 38 39 40 41 42 43 44 45 46 47 48 50 51 52 53 54 55 56 57 58 59 60 61 62
(50,*) 0 1 2 3 4 5 6 7 8 9 10 11 12 13 14 15 16 17 18 19 37 38 39 40 41 42 43 44 45 46 47 48 49 51 52 53 54 55 56 57 58 59 60 61 62
(51,*) 0 1 2 3 4 5 6 7 8 9 10 11 12 13 14 15 16 17 18 19 37 38 39 40 41 42 43 44 45 46 47 48 49 50 52 53 54 55 56 57 58 59 60 61 62
(52,*) 0 1 2 3 4 5 6 7 8 9 10 11 12 13 14 15 16 17 18 19 37 38 39 40 41 42 43 44 45 46 47 48 49 50 51 53 54 55 56 57 58 59 60 61 62
(53,*) 0 1 2 3 4 5 6 7 8 9 10 11 12 13 14 15 16 17 18 19 37 38 39 40 41 42 43 44 45 46 47 48 49 50 51 52 54 55 56 57 58 59 60 61 62
(54,*) 0 1 2 3 4 5 6 7 8 9 10 11 12 13 14 15 16 17 18 19 37 38 39 40 41 42 43 44 45 46 47 48 49 50 51 52 53 56 57 58 59 60 61 62
(55,*) 0 1 2 3 4 5 6 7 8 9 10 11 12 13 14 15 16 17 18 19 37 38 39 40 41 42 43 44 45 46 47 48 49 50 51 52 53 56 57 58 59 60 61 62
(56,*) 0 1 2 3 4 5 6 7 8 9 10 11 12 13 14 15 16 17 18 19 37 38 39 40 41 42 43 44 45 46 47 48 49 50 51 52 53 54 55 57 58 59 60 61 62
(57,*) 0 1 2 3 4 5 6 7 8 9 10 11 12 13 14 15 16 17 18 19 37 38 39 40 41 42 43 44 45 46 47 48 49 50 51 52 53 54 55 56 58 59 60 61 62
(58,*) 0 1 2 3 4 5 6 7 8 9 10 11 12 13 14 15 16 17 18 19 37 38 39 40 41 42 43 44 45 46 47 48 49 50 51 52 53 54 55 56 57 59 60 61 62
(59,*) 0 1 2 3 4 5 6 7 8 9 10 11 12 13 14 15 16 17 18 19 37 38 39 40 41 42 43 44 45 46 47 48 49 50 51 52 53 54 55 56 57 58 60 61 62
(60,*) 0 1 2 3 4 5 6 7 8 9 10 11 12 13 14 15 16 17 18 19 37 38 39 40 41 42 43 44 45 46 47 48 49 50 51 52 53 54 55 56 57 58 59 61 62
(61,*) 0 1 2 3 4 5 6 7 8 9 10 11 12 13 14 15 16 17 18 19 37 38 39 40 41 42 43 44 45 46 47 48 49 50 51 52 53 54 55 56 57 58 59 60 62
(62,*) 0 1 2 3 4 5 6 7 8 9 10 11 12 13 14 15 16 17 18 19 37 38 39 40 41 42 43 44 45 46 47 48 49 50 51 52 53 54 55 56 57 58 59 60 61
;
set A2:=
(54,*) 55
(55,*) 54
;
param BigM:=99999;
param n:= 7;
param d:=
1	9
2	8
3	12
4	3
5	23
6	19
7	2
8	23
9	23
10	15
11	18
12	7
13	6
14	2
15	4
16	9
17	3
18	19
19	10
20	24
21	19
22	10
23	17
24	20
25	4
26	2
27	9
28	13
29	14
30	21
31	4
32	6
33	22
34	13
35	5
36	9
37	15
38	17
39	2
40	16
41	23
42	20
43	5
44	12
45	16
46	2
47	8
48	2
49	13
50	18
51	19
52	18
53	36
;
param Q:=100;
param w:=
[54,*] 55 0.5
[55,*] 54 0.5
;
param V:=
[54,*] 55 80
[55,*] 54 80
;
param e:
	54	55	56	57	58	59	60	61	62:=
20	1	0	0	0	0	0	0	0	1	
21	1	1	1	0	1	0	0	0	1	
22	1	0	0	1	0	0	0	0	0	
23	1	1	0	0	0	0	1	0	0	
24	1	1	0	0	0	0	0	1	0	
25	1	0	1	0	1	0	0	0	1	
26	1	1	0	0	0	0	0	0	1	
27	1	1	0	0	1	0	0	0	0	
28	0	1	0	0	0	0	0	1	0	
29	1	1	0	1	0	0	0	0	0	
30	0	1	0	0	0	0	1	0	0	
31	1	1	0	0	0	0	1	0	0	
32	0	1	0	0	0	0	0	1	0	
33	0	1	0	0	0	0	0	0	1	
34	0	1	0	0	1	0	0	0	0	
35	0	1	0	1	0	1	0	1	0	
36	1	0	0	0	0	0	0	1	0	
37	1	1	0	0	0	0	0	0	1	
38	1	1	0	0	0	0	0	0	1	
39	1	1	0	0	1	0	0	0	0	
40	1	0	1	0	1	0	1	0	1	
41	1	1	1	0	0	0	0	0	0	
42	1	0	1	0	1	0	1	0	1	
43	1	1	1	0	1	0	0	0	1	
44	1	1	0	1	0	1	0	1	0	
45	1	1	1	0	1	0	0	0	1	
46	1	1	1	0	0	0	0	1	0	
47	0	1	0	1	0	0	0	0	0	
48	1	0	0	0	0	0	0	1	0	
49	0	1	0	1	0	1	0	1	0	
50	0	1	0	0	1	0	1	0	0	
51	1	1	0	0	0	0	0	1	0	
52	1	1	0	0	0	0	0	1	0	
53	0	1	0	0	0	1	0	0	0	
;
param p:=
1	3
2	3
3	3
4	3
5	3
6	3
7	3
;
param G:=
54	72
55	80
56	75
57	98
58	91
59	80
60	100
61	73
62	86
;
param s:=
0	0
1	10
2	10
3	10
4	10
5	10
6	10
7	10
8	10
9	10
10	10
11	10
12	10
13	10
14	10
15	10
16	10
17	10
18	10
19	10
37	10
38	10
39	10
40	10
41	10
42	10
43	10
44	10
45	10
46	10
47	10
48	10
49	10
50	10
51	10
52	10
53	10
54	10
55	10
56	10
57	10
58	10
59	10
60	10
61	10
62	10
;
param t:
	0	1	2	3	4	5	6	7	8	9	10	11	12	13	14	15	16	17	18	19	20	21	22	23	24	25	26	27	28	29	30	31	32	33	34	35	36	37	38	39	40	41	42	43	44	45	46	47	48	49	50	51	52	53	54	55	56	57	58	59	60	61	62:=
0	0.0	68.12	63.15	71.22	58.24	62.48	87.66	25.61	93.15	89.82	54.04	22.36	12.17	96.66	29.12	51.61	37.2	48.08	6.0	35.38	53.67	36.06	31.62	88.59	82.39	33.53	28.07	67.05	64.4	62.77	78.03	68.35	51.88	60.53	98.41	62.61	11.66	88.81	10.0	27.86	38.83	19.7	60.17	24.41	71.02	34.0	37.74	86.58	31.05	80.0	70.11	95.41	39.45	80.62	32.76	91.71	40.2	68.01	46.1	70.01	54.15	61.52	40.02
1	68.12	0.0	33.53	4.0	28.28	5.66	26.31	68.0	77.9	44.41	50.99	76.55	62.77	36.22	57.27	74.67	79.85	38.05	63.66	72.8	68.12	36.72	77.82	26.08	60.03	57.58	87.66	65.12	6.0	22.36	49.4	69.05	28.07	46.82	30.53	26.83	57.2	48.17	69.43	81.63	53.85	49.52	60.3	66.24	21.26	63.91	31.24	63.81	46.17	12.65	51.26	29.12	84.31	44.05	88.32	31.4	49.48	1.41	54.45	6.71	48.04	8.06	54.57
2	63.15	33.53	0.0	32.56	7.21	31.3	32.25	50.48	45.61	26.68	73.24	61.06	64.0	38.21	39.45	46.52	58.0	58.82	57.27	50.91	38.63	28.0	58.14	34.0	28.28	37.2	72.11	32.06	27.86	51.61	18.87	36.06	50.99	72.25	50.6	55.61	56.04	26.0	59.46	64.4	31.24	44.18	28.28	49.4	53.67	42.52	31.05	32.56	56.92	36.06	17.89	43.86	62.29	18.11	70.43	34.21	27.2	34.79	27.8	40.16	17.89	35.85	31.14
3	71.22	4.0	32.56	0.0	28.0	8.94	22.36	69.97	76.03	41.23	54.92	78.82	66.24	32.25	59.06	75.31	81.44	42.05	66.6	74.32	68.47	38.83	79.65	22.09	58.14	59.09	90.0	64.5	7.21	26.0	47.41	68.47	32.06	50.6	27.2	30.46	60.46	45.25	72.14	83.76	55.03	52.35	60.03	68.26	24.08	65.39	33.94	61.77	50.0	8.94	50.0	25.3	85.91	41.62	90.43	27.46	50.6	5.1	55.11	9.22	48.04	12.04	55.66
4	58.24	28.28	7.21	28.0	0.0	25.3	32.56	48.17	52.5	32.06	66.03	58.41	58.14	40.0	36.88	48.08	57.2	51.61	52.5	50.0	40.79	22.36	56.64	34.06	35.38	35.38	69.66	36.88	22.36	44.94	26.08	40.79	43.86	65.12	49.19	48.83	50.36	32.25	55.46	62.29	30.0	38.83	32.06	46.86	47.54	41.23	24.33	39.7	50.0	32.98	24.41	43.27	61.61	24.74	68.59	35.47	25.61	29.43	28.23	34.71	20.1	29.55	30.23
5	62.48	5.66	31.3	8.94	25.3	0.0	30.0	62.61	76.55	45.65	48.08	71.02	57.31	40.0	52.0	70.26	74.67	34.53	58.0	67.68	64.0	31.3	72.5	30.07	58.82	52.5	82.1	62.1	4.47	21.26	48.41	65.97	24.74	44.72	36.06	25.61	51.61	48.83	63.78	76.16	49.03	43.86	56.89	60.83	22.36	58.82	25.61	62.8	41.23	17.89	49.19	34.18	79.12	43.86	82.86	35.01	44.72	5.83	50.09	10.05	44.41	5.0	49.82
6	87.66	26.31	32.25	22.36	32.56	30.0	0.0	80.62	65.12	24.17	77.28	90.69	84.76	10.0	69.31	78.71	89.64	64.28	82.37	82.46	70.68	52.15	89.2	2.0	48.17	67.94	101.98	61.61	26.08	48.08	38.0	65.51	54.33	72.8	20.0	52.5	78.0	29.73	86.53	94.76	62.48	68.0	59.46	79.25	44.72	73.76	50.16	50.64	70.71	16.12	44.72	12.17	94.02	30.07	101.12	5.1	58.14	27.46	59.91	30.68	50.12	34.13	62.63
7	25.61	68.0	50.48	69.97	48.17	62.61	80.62	0.0	70.46	76.03	72.28	10.77	35.61	88.09	11.31	26.08	14.14	62.29	21.26	10.0	29.12	31.3	10.2	82.02	62.51	13.42	21.63	44.18	62.77	71.02	60.73	44.72	62.13	76.94	95.6	72.44	29.53	73.54	16.12	14.14	19.7	24.08	38.0	2.0	78.1	10.0	37.95	66.27	47.54	77.67	51.42	90.69	18.0	65.39	20.62	83.63	23.32	68.43	25.71	72.09	36.06	63.69	20.25
8	93.15	77.9	45.61	76.03	52.5	76.55	65.12	70.46	0.0	42.05	117.59	80.1	98.79	64.03	64.03	48.37	68.26	103.32	87.36	64.0	42.0	66.57	72.03	67.08	17.89	59.67	88.09	26.31	72.72	97.2	28.64	26.0	96.21	117.39	84.85	101.21	90.62	36.06	85.51	80.02	54.41	78.79	32.98	70.71	98.79	60.53	72.8	14.56	98.18	76.55	28.28	76.66	70.71	35.44	83.38	63.39	53.85	79.26	47.13	84.6	41.18	81.27	53.16
9	89.82	44.41	26.68	41.23	32.06	45.65	24.17	76.03	42.05	0.0	93.23	86.76	90.2	22.0	65.39	66.48	81.61	79.12	83.95	74.89	58.0	54.33	82.68	26.0	26.68	62.61	97.53	44.94	41.18	66.57	18.87	48.37	69.86	90.35	43.17	71.02	82.39	6.0	86.02	89.55	56.36	70.71	45.34	75.15	65.3	67.23	56.04	28.07	80.89	38.42	28.43	34.93	85.6	11.31	95.19	21.59	52.8	45.8	51.31	50.45	40.5	50.61	55.95
10	54.04	50.99	73.24	54.92	66.03	48.08	77.28	72.28	117.59	93.23	0.0	74.43	42.19	87.13	67.23	93.04	86.35	14.42	54.15	81.61	90.55	52.8	81.58	76.94	101.21	70.68	82.0	96.54	52.5	30.0	92.09	99.64	23.41	8.49	76.24	26.08	44.18	95.71	62.13	80.4	71.69	48.7	89.64	70.34	36.5	75.39	45.34	105.6	24.74	62.29	89.38	78.03	89.82	89.55	86.15	82.38	69.34	49.82	77.1	47.17	77.9	43.42	73.06
11	22.36	76.55	61.06	78.82	58.41	71.02	90.69	10.77	80.1	86.76	74.43	0.0	34.18	98.41	21.63	33.53	15.62	66.12	20.4	16.49	38.21	40.0	10.0	92.02	72.99	24.17	11.31	54.0	71.61	77.2	71.47	54.15	67.47	80.02	105.0	78.1	30.27	84.31	12.65	6.0	30.46	29.12	48.17	11.66	84.76	20.4	45.65	76.66	50.04	86.83	62.1	100.42	17.2	76.16	12.37	93.86	34.0	76.85	36.4	80.13	46.82	71.59	31.02
12	12.17	62.77	64.0	66.24	58.14	57.31	84.76	35.61	98.79	90.2	42.19	34.18	0.0	94.25	36.06	60.83	48.37	37.58	14.42	45.61	61.61	36.0	42.94	85.44	86.35	40.5	40.2	73.35	59.93	54.04	80.62	75.18	42.8	49.03	93.3	53.25	8.25	90.0	21.54	39.85	44.72	20.4	66.21	34.06	62.48	42.52	34.93	90.71	20.59	75.18	73.76	91.24	50.99	82.02	44.91	89.19	44.94	62.43	51.89	63.6	58.24	55.47	46.07
13	96.66	36.22	38.21	32.25	40.0	40.0	10.0	88.09	64.03	22.0	87.13	98.41	94.25	0.0	76.84	83.76	96.21	74.24	91.24	89.11	75.47	60.83	96.21	10.2	48.37	75.07	109.64	64.62	36.06	57.72	39.29	68.35	64.28	82.46	22.36	62.1	87.32	28.0	95.02	102.18	69.31	76.97	63.53	86.83	53.85	80.62	59.46	50.04	80.62	25.3	47.54	14.42	100.5	31.05	108.37	5.1	65.12	37.34	65.95	40.26	55.61	44.1	69.3
14	29.12	57.27	39.45	59.06	36.88	52.0	69.31	11.31	64.03	65.39	67.23	21.63	36.06	76.84	0.0	26.08	22.8	55.79	23.41	16.12	25.61	20.88	20.59	70.71	54.0	4.47	32.8	37.95	51.88	62.13	50.99	39.4	54.15	70.88	84.4	64.0	28.43	63.25	22.0	25.46	10.0	18.87	31.05	10.0	68.73	8.25	28.28	58.03	42.94	66.57	42.19	79.4	27.2	55.03	31.89	72.35	12.65	57.78	17.12	61.68	26.31	53.45	11.05
15	51.61	74.67	46.52	75.31	48.08	70.26	78.71	26.08	48.37	66.48	93.04	33.53	60.83	83.76	26.08	0.0	20.0	80.99	46.86	17.09	8.49	42.76	24.33	80.5	45.65	22.36	40.05	24.17	68.73	84.59	48.17	22.8	78.1	96.21	96.93	87.13	53.81	62.29	42.19	32.25	22.36	44.94	21.26	27.2	90.09	18.44	50.99	48.33	68.96	81.04	38.21	90.38	22.36	55.17	35.06	80.26	26.08	75.54	20.22	80.31	28.64	73.03	21.21
16	37.2	79.85	58.0	81.44	57.2	74.67	89.64	14.14	68.26	81.61	86.35	15.62	48.37	96.21	22.8	20.0	0.0	76.42	34.0	7.21	26.68	43.68	5.66	91.21	63.91	22.36	20.1	43.17	74.32	84.59	64.5	42.43	76.03	91.08	106.0	86.21	43.08	78.23	27.2	12.65	27.2	38.21	38.63	16.12	91.41	16.12	50.99	67.05	61.61	88.59	54.59	100.44	4.47	70.46	15.13	92.1	31.62	80.41	30.48	84.43	41.23	76.24	27.02
17	48.08	38.05	58.82	42.05	51.61	34.53	64.28	62.29	103.32	79.12	14.42	66.12	37.58	74.24	55.79	80.99	76.42	0.0	46.69	71.02	77.82	39.45	72.11	64.12	86.83	58.82	74.97	82.8	38.83	19.7	77.67	86.02	10.0	15.23	65.51	17.2	36.88	81.44	54.59	72.11	59.09	38.21	76.03	60.3	27.78	64.03	31.62	91.21	17.09	50.04	75.07	66.27	80.22	75.18	78.31	69.35	56.36	37.01	64.01	35.23	64.03	30.15	60.42
18	6.0	63.66	57.27	66.6	52.5	58.0	82.37	21.26	87.36	83.95	54.15	20.4	14.42	91.24	23.41	46.86	34.0	46.69	0.0	31.24	48.37	30.46	28.64	83.35	76.42	27.86	28.28	61.35	59.67	59.93	72.03	62.77	49.4	60.03	93.72	60.17	10.0	82.87	8.0	26.31	32.98	14.42	54.41	19.8	68.0	28.84	32.8	80.62	30.07	75.29	64.12	90.44	36.77	74.67	32.02	86.31	34.23	63.64	40.26	65.95	48.17	57.38	34.21
19	35.38	72.8	50.91	74.32	50.0	67.68	82.46	10.0	64.0	74.89	81.61	16.49	45.61	89.11	16.12	17.09	7.21	71.02	31.24	0.0	22.0	36.88	8.25	84.02	58.24	15.23	24.33	38.21	67.23	78.23	58.14	38.0	70.03	85.91	98.79	80.02	39.45	71.69	25.61	16.12	20.0	32.98	32.98	11.66	84.85	8.94	44.41	61.61	56.92	81.41	48.33	93.23	11.66	63.81	20.62	84.96	24.41	73.39	23.6	77.49	34.41	69.38	19.85
20	53.67	68.12	38.63	68.47	40.79	64.0	70.68	29.12	42.0	58.0	90.55	38.21	61.61	75.47	25.61	8.49	26.68	77.82	48.37	22.0	0.0	38.63	30.07	72.5	37.58	21.26	46.17	16.49	62.13	79.62	39.7	16.0	74.0	93.04	89.2	82.46	54.04	53.81	44.94	38.05	18.87	43.86	12.81	29.73	84.59	19.7	46.82	40.5	67.2	73.76	29.73	82.46	29.73	46.69	41.77	72.07	21.54	69.07	14.32	74.01	20.88	67.12	17.49
21	36.06	36.72	28.0	38.83	22.36	31.3	52.15	31.3	66.57	54.33	52.8	40.0	36.0	60.83	20.88	42.76	43.68	39.45	30.46	36.88	38.63	0.0	41.23	53.25	52.0	22.09	51.22	43.86	31.62	42.05	45.12	46.86	35.44	54.59	65.12	44.41	28.07	54.0	34.41	44.94	20.4	16.49	36.88	29.53	48.17	28.28	8.25	56.46	31.62	46.86	39.4	60.96	48.08	46.04	51.62	55.95	17.09	37.12	24.6	40.85	25.61	32.57	21.59
22	31.62	77.82	58.14	79.65	56.64	72.5	89.2	10.2	72.03	82.68	81.58	10.0	42.94	96.21	20.59	24.33	5.66	72.11	28.64	8.25	30.07	41.23	0.0	90.69	66.48	21.26	16.12	46.39	72.47	81.22	66.21	46.04	72.25	86.58	104.86	82.61	37.95	79.65	21.63	8.0	26.91	34.0	41.23	12.17	88.29	15.62	48.08	69.86	56.89	87.13	56.46	99.64	8.25	71.69	12.53	91.92	31.11	78.29	31.38	82.08	42.19	73.74	27.02
23	88.59	26.08	34.0	22.09	34.06	30.07	2.0	82.02	67.08	26.0	76.94	92.02	85.44	10.2	70.71	80.5	91.21	64.12	83.35	84.02	72.5	53.25	90.69	0.0	50.16	69.43	103.32	63.56	26.31	47.54	40.0	67.47	54.15	72.28	18.0	51.92	78.79	31.62	87.66	96.17	64.03	68.96	61.35	80.62	43.86	75.29	50.99	52.61	71.02	15.23	46.69	10.2	95.6	32.06	102.55	5.83	59.67	27.17	61.59	30.08	51.88	34.01	64.2
24	82.39	60.03	28.28	58.14	35.38	58.82	48.17	62.51	17.89	26.68	101.21	72.99	86.35	48.37	54.0	45.65	63.91	86.83	76.42	58.24	37.58	52.0	66.48	50.16	0.0	50.04	82.46	21.63	54.92	79.65	10.77	24.08	79.25	100.5	68.12	83.74	78.1	20.88	76.0	74.22	44.0	65.97	25.3	62.29	80.99	52.61	57.31	4.47	83.19	58.82	12.65	60.03	67.23	18.11	78.75	47.01	42.19	61.4	37.05	66.73	28.28	63.6	43.01
25	33.53	57.58	37.2	59.09	35.38	52.5	67.94	13.42	59.67	62.61	70.68	24.17	40.5	75.07	4.47	22.36	22.36	58.82	27.86	15.23	21.26	22.09	21.26	69.43	50.04	0.0	34.99	33.53	52.0	64.0	47.54	34.93	56.57	74.0	83.76	66.12	32.8	60.17	26.08	27.2	6.32	22.8	26.68	12.65	70.26	6.32	30.0	54.0	46.65	66.24	38.47	78.41	26.83	52.0	33.3	70.72	10.0	58.19	13.0	62.36	22.8	54.34	7.07
26	28.07	87.66	72.11	90.0	69.66	82.1	101.98	21.63	88.09	97.53	82.0	11.31	40.2	109.64	32.8	40.05	20.1	74.97	28.28	24.33	46.17	51.22	16.12	103.32	82.46	34.99	0.0	62.51	82.8	87.32	81.71	62.13	77.2	88.2	116.28	87.93	38.21	94.85	20.4	8.25	41.18	39.4	57.27	22.8	95.08	30.46	56.6	85.91	58.31	98.08	72.11	111.73	18.97	86.76	6.4	105.12	44.94	87.92	46.62	91.07	57.27	82.49	41.59
27	67.05	65.12	32.06	64.5	36.88	62.1	61.61	44.18	26.31	44.94	96.54	54.0	73.35	64.62	37.95	24.17	43.17	82.8	61.35	38.21	16.49	43.86	46.39	63.56	21.63	33.53	62.51	0.0	59.23	80.62	26.08	4.0	77.18	97.65	81.22	84.1	65.3	40.0	59.23	54.33	28.64	53.85	7.21	44.41	84.12	34.23	51.22	24.17	75.07	68.0	17.09	73.76	46.17	34.0	58.25	61.98	28.84	66.29	21.47	71.59	18.87	66.1	27.31
28	64.4	6.0	27.86	7.21	22.36	4.47	26.08	62.77	72.72	41.18	52.5	71.61	59.93	36.06	51.88	68.73	74.32	38.83	59.67	67.23	62.13	31.62	72.47	26.31	54.92	52.0	82.8	59.23	0.0	25.61	44.41	63.15	29.12	49.19	34.06	30.0	53.85	44.41	65.05	76.55	48.08	45.34	54.33	61.06	26.08	58.31	26.91	58.82	44.72	15.62	45.69	31.3	78.79	39.6	83.22	31.02	43.68	7.07	48.51	12.37	42.05	9.43	48.76
29	62.77	22.36	51.61	26.0	44.94	21.26	48.08	71.02	97.2	66.57	30.0	77.2	54.04	57.72	62.13	84.59	84.59	19.7	59.93	78.23	79.62	42.05	81.22	47.54	79.65	64.0	87.32	80.62	25.61	0.0	69.43	84.31	11.31	24.74	46.39	4.47	51.11	70.0	67.23	82.97	62.29	48.08	74.67	69.05	8.49	70.03	34.0	83.74	33.94	32.56	69.34	48.04	88.81	65.12	89.56	53.16	58.55	21.02	65.31	17.46	62.03	16.28	63.39
30	78.03	49.4	18.87	47.41	26.08	48.41	38.0	60.73	28.64	18.87	92.09	71.47	80.62	39.29	50.99	48.17	64.5	77.67	72.03	58.14	39.7	45.12	66.21	40.0	10.77	47.54	81.71	26.08	44.41	69.43	0.0	29.53	69.66	90.91	58.0	73.59	72.44	14.14	72.69	73.54	41.23	60.3	26.91	60.17	70.46	51.26	49.4	14.42	75.39	48.08	10.0	50.04	68.26	8.25	78.72	37.34	38.47	50.77	35.11	56.08	24.74	53.26	40.52
31	68.35	69.05	36.06	68.47	40.79	65.97	65.51	44.72	26.0	48.37	99.64	54.15	75.18	68.35	39.4	22.8	42.43	86.02	62.77	38.0	16.0	46.86	46.04	67.47	24.08	34.93	62.13	4.0	63.15	84.31	29.53	0.0	80.62	100.96	85.16	87.73	67.23	43.27	60.17	54.04	30.53	56.04	10.0	45.12	87.93	34.93	54.41	26.08	77.79	72.0	20.88	77.67	45.12	37.58	57.56	65.8	31.24	70.21	23.6	75.5	22.36	69.92	29.15
32	51.88	28.07	50.99	32.06	43.86	24.74	54.33	62.13	96.21	69.86	23.41	67.47	42.8	64.28	54.15	78.1	76.03	10.0	49.4	70.03	74.0	35.44	72.25	54.15	79.25	56.57	77.2	77.18	29.12	11.31	69.66	80.62	0.0	21.26	55.79	10.77	40.25	72.47	56.92	73.35	55.79	38.47	70.71	60.13	19.8	62.29	27.2	83.55	22.63	40.05	67.94	56.32	80.1	66.57	79.83	59.41	52.5	27.02	59.81	25.32	58.31	20.22	57.01
33	60.53	46.82	72.25	50.6	65.12	44.72	72.8	76.94	117.39	90.35	8.49	80.02	49.03	82.46	70.88	96.21	91.08	15.23	60.03	85.91	93.04	54.59	86.58	72.28	100.5	74.0	88.2	97.65	49.19	24.74	90.91	100.96	21.26	0.0	70.0	20.4	50.04	93.3	68.03	86.02	74.32	52.95	90.97	74.97	30.0	79.12	46.65	104.8	30.0	57.27	89.11	72.44	94.76	87.66	92.01	77.88	71.55	45.54	79.18	42.2	78.82	39.81	75.64
34	98.41	30.53	50.6	27.2	49.19	36.06	20.0	95.6	84.85	43.17	76.24	105.0	93.3	22.36	84.4	96.93	106.0	65.51	93.72	98.79	89.2	65.12	104.86	18.0	68.12	83.76	116.28	81.22	34.06	46.39	58.0	85.16	55.79	70.0	0.0	50.16	87.66	49.03	99.04	109.64	78.89	79.4	78.59	94.02	40.0	89.89	60.96	70.46	76.16	18.44	64.5	8.25	110.45	50.04	116.21	21.59	74.43	30.89	77.39	30.68	68.35	38.01	79.26
35	62.61	26.83	55.61	30.46	48.83	25.61	52.5	72.44	101.21	71.02	26.08	78.1	53.25	62.1	64.0	87.13	86.21	17.2	60.17	80.02	82.46	44.41	82.61	51.92	83.74	66.12	87.93	84.1	30.0	4.47	73.59	87.73	10.77	20.4	50.16	0.0	50.99	74.4	67.68	83.95	64.78	49.03	78.0	70.46	10.77	72.03	36.22	87.86	32.8	36.88	73.24	52.15	90.35	69.43	90.47	57.57	61.19	25.5	68.15	21.84	65.39	20.62	65.92
36	11.66	57.2	56.04	60.46	50.36	51.61	78.0	29.53	90.62	82.39	44.18	30.27	8.25	87.32	28.43	53.81	43.08	36.88	10.0	39.45	54.04	28.07	37.95	78.79	78.1	32.8	38.21	65.3	53.85	51.11	72.44	67.23	40.25	50.04	87.66	50.99	0.0	82.02	18.0	36.22	36.72	12.17	58.14	27.78	59.36	35.38	27.86	82.46	20.1	69.34	65.51	85.09	46.17	74.0	42.01	82.28	36.77	57.01	43.83	58.73	50.0	50.33	38.08
37	88.81	48.17	26.0	45.25	32.25	48.83	29.73	73.54	36.06	6.0	95.71	84.31	90.0	28.0	63.25	62.29	78.23	81.44	82.87	71.69	53.81	54.0	79.65	31.62	20.88	60.17	94.85	40.0	44.41	70.0	14.14	43.27	72.47	93.3	49.03	74.4	82.02	0.0	84.4	86.76	53.85	70.11	41.04	72.8	69.31	64.4	56.57	22.09	82.0	43.27	24.08	40.79	82.1	8.25	92.18	27.46	50.6	49.58	48.3	54.45	37.58	53.82	53.31
38	10.0	69.43	59.46	72.14	55.46	63.78	86.53	16.12	85.51	86.02	62.13	12.65	21.54	95.02	22.0	42.19	27.2	54.59	8.0	25.61	44.94	34.41	21.63	87.66	76.0	26.08	20.4	59.23	65.05	67.23	72.69	60.17	56.92	68.03	99.04	67.68	18.0	84.4	0.0	18.44	32.0	20.0	52.61	15.23	75.15	25.3	38.21	80.02	38.05	80.62	64.12	95.27	29.53	76.16	24.02	90.21	34.23	69.53	39.05	72.2	48.17	63.6	33.02
39	27.86	81.63	64.4	83.76	62.29	76.16	94.76	14.14	80.02	89.55	80.4	6.0	39.85	102.18	25.46	32.25	12.65	72.11	26.31	16.12	38.05	44.94	8.0	96.17	74.22	27.2	8.25	54.33	76.55	82.97	73.54	54.04	73.35	86.02	109.64	83.95	36.22	86.76	18.44	0.0	33.29	34.93	49.03	15.62	90.44	22.36	50.99	77.67	56.04	91.61	63.91	104.8	12.81	78.71	6.71	97.74	37.2	81.99	38.48	85.42	49.19	76.92	33.62
40	38.83	53.85	31.24	55.03	30.0	49.03	62.48	19.7	54.41	56.36	71.69	30.46	44.72	69.31	10.0	22.36	27.2	59.09	32.98	20.0	18.87	20.4	26.91	64.03	44.0	6.32	41.18	28.64	48.08	62.29	41.23	30.53	55.79	74.32	78.89	64.78	36.72	53.85	32.0	33.29	0.0	25.61	21.54	18.97	68.0	11.31	28.64	48.04	48.41	61.74	32.25	73.24	31.62	45.69	39.2	65.07	4.47	54.57	7.28	59.03	16.49	51.35	1.41
41	19.7	49.52	44.18	52.35	38.83	43.86	68.0	24.08	78.79	70.71	48.7	29.12	20.4	76.97	18.87	44.94	38.21	38.21	14.42	32.98	43.86	16.49	34.0	68.96	65.97	22.8	39.4	53.85	45.34	48.08	60.3	56.04	38.47	52.95	79.4	49.03	12.17	70.11	20.0	34.93	25.61	0.0	46.65	22.09	55.71	26.83	18.44	70.34	24.17	60.96	53.37	76.03	42.05	62.03	41.48	72.01	25.06	49.58	32.45	52.2	37.95	43.6	27.02
42	60.17	60.3	28.28	60.03	32.06	56.89	59.46	38.0	32.98	45.34	89.64	48.17	66.21	63.53	31.05	21.26	38.63	76.03	54.41	32.98	12.81	36.88	41.23	61.35	25.3	26.68	57.27	7.21	54.33	74.67	26.91	10.0	70.71	90.97	78.59	78.0	58.14	41.04	52.61	49.03	21.54	46.65	0.0	38.05	78.59	28.0	44.41	28.64	67.94	64.28	16.97	71.47	42.05	34.06	53.45	60.42	21.63	61.4	14.32	66.61	12.65	60.64	20.25
43	24.41	66.24	49.4	68.26	46.86	60.83	79.25	2.0	70.71	75.15	70.34	11.66	34.06	86.83	10.0	27.2	16.12	60.3	19.8	11.66	29.73	29.53	12.17	80.62	62.29	12.65	22.8	44.41	61.06	69.05	60.17	45.12	60.13	74.97	94.02	70.46	27.78	72.8	15.23	15.62	18.97	22.09	38.05	0.0	76.16	10.2	36.06	66.12	45.61	76.03	50.99	89.2	20.0	64.62	22.2	82.33	22.36	66.65	25.32	70.26	35.44	61.85	19.65
44	71.02	21.26	53.67	24.08	47.54	22.36	44.72	78.1	98.79	65.3	36.5	84.76	62.48	53.85	68.73	90.09	91.41	27.78	68.0	84.85	84.59	48.17	88.29	43.86	80.99	70.26	95.08	84.12	26.08	8.49	70.46	87.93	19.8	30.0	40.0	10.77	59.36	69.31	75.15	90.44	68.0	55.71	78.59	76.16	0.0	76.42	40.45	84.88	42.43	28.64	71.55	42.76	95.71	65.3	97.08	49.66	64.03	19.85	70.35	14.87	65.97	18.03	69.01
45	34.0	63.91	42.52	65.39	41.23	58.82	73.76	10.0	60.53	67.23	75.39	20.4	42.52	80.62	8.25	18.44	16.12	64.03	28.84	8.94	19.7	28.28	15.62	75.29	52.61	6.32	30.46	34.23	58.31	70.03	51.26	34.93	62.29	79.12	89.89	72.03	35.38	64.4	25.3	22.36	11.31	26.83	28.0	10.2	76.42	0.0	36.06	56.32	50.99	72.47	41.76	84.4	20.59	56.36	28.02	76.38	15.62	64.51	16.16	68.68	26.83	60.64	11.4
46	37.74	31.24	31.05	33.94	24.33	25.61	50.16	37.95	72.8	56.04	45.34	45.65	34.93	59.46	28.28	50.99	50.99	31.62	32.8	44.41	46.82	8.25	48.08	50.99	57.31	30.0	56.6	51.22	26.91	34.0	49.4	54.41	27.2	46.65	60.96	36.22	27.86	56.57	38.21	50.99	28.64	18.44	44.41	36.06	40.45	36.06	0.0	61.77	26.0	42.52	44.94	57.69	55.32	49.03	57.7	54.42	25.3	31.4	32.7	34.48	32.56	25.94	29.83
47	86.58	63.81	32.56	61.77	39.7	62.8	50.64	66.27	14.56	28.07	105.6	76.66	90.71	50.04	58.03	48.33	67.05	91.21	80.62	61.61	40.5	56.46	69.86	52.61	4.47	54.0	85.91	24.17	58.82	83.74	14.42	26.08	83.55	104.8	70.46	87.86	82.46	22.09	80.02	77.67	48.04	70.34	28.64	66.12	84.88	56.32	61.77	0.0	87.66	62.03	17.09	62.29	70.23	20.88	82.01	49.09	46.39	65.19	41.0	70.49	32.56	67.62	47.01
48	31.05	46.17	56.92	50.0	50.0	41.23	70.71	47.54	98.18	80.89	24.74	50.04	20.59	80.62	42.94	68.96	61.61	17.09	30.07	56.92	67.2	31.62	56.89	71.02	83.19	46.65	58.31	75.07	44.72	33.94	75.39	77.79	22.63	30.0	76.16	32.8	20.1	82.0	38.05	56.04	48.41	24.17	67.94	45.61	42.43	50.99	26.0	87.66	0.0	58.82	70.71	75.29	65.12	74.73	62.01	75.54	46.69	45.54	54.49	45.62	57.2	38.28	49.82
49	80.0	12.65	36.06	8.94	32.98	17.89	16.12	77.67	76.55	38.42	62.29	86.83	75.18	25.3	66.57	81.04	88.59	50.04	75.29	81.41	73.76	46.86	87.13	15.23	58.82	66.24	98.08	68.0	15.62	32.56	48.08	72.0	40.05	57.27	18.44	36.88	69.34	43.27	80.62	91.61	61.74	60.96	64.28	76.03	28.64	72.47	42.52	62.03	58.82	0.0	52.35	16.49	93.06	41.23	98.23	21.02	57.27	13.34	61.03	15.13	52.95	20.62	62.24
50	70.11	51.26	17.89	50.0	24.41	49.19	44.72	51.42	28.28	28.43	89.38	62.1	73.76	47.54	42.19	38.21	54.59	75.07	64.12	48.33	29.73	39.4	56.46	46.69	12.65	38.47	72.11	17.09	45.69	69.34	10.0	20.88	67.94	89.11	64.5	73.24	65.51	24.08	64.12	63.91	32.25	53.37	16.97	50.99	71.55	41.76	44.94	17.09	70.71	52.35	0.0	56.89	58.31	17.2	68.94	44.92	30.0	52.55	25.71	57.94	16.0	53.71	31.4
51	95.41	29.12	43.86	25.3	43.27	34.18	12.17	90.69	76.66	34.93	78.03	100.42	91.24	14.42	79.4	90.38	100.44	66.27	90.44	93.23	82.46	60.96	99.64	10.2	60.03	78.41	111.73	73.76	31.3	48.04	50.04	77.67	56.32	72.44	8.25	52.15	85.09	40.79	95.27	104.8	73.24	76.03	71.47	89.2	42.76	84.4	57.69	62.29	75.29	16.49	56.89	0.0	104.86	42.0	111.29	13.34	68.82	29.83	71.2	31.06	61.74	37.11	73.5
52	39.45	84.31	62.29	85.91	61.61	79.12	94.02	18.0	70.71	85.6	89.82	17.2	50.99	100.5	27.2	22.36	4.47	80.22	36.77	11.66	29.73	48.08	8.25	95.6	67.23	26.83	18.97	46.17	78.79	88.81	68.26	45.12	80.1	94.76	110.45	90.35	46.17	82.1	29.53	12.81	31.62	42.05	42.05	20.0	95.71	20.59	55.32	70.23	65.12	93.06	58.31	104.86	0.0	74.4	13.15	96.43	36.06	84.86	34.66	88.87	45.34	80.65	31.4
53	80.62	44.05	18.11	41.62	24.74	43.86	30.07	65.39	35.44	11.31	89.55	76.16	82.02	31.05	55.03	55.17	70.46	75.18	74.67	63.81	46.69	46.04	71.69	32.06	18.11	52.0	86.76	34.0	39.6	65.12	8.25	37.58	66.57	87.66	50.04	69.43	74.0	8.25	76.16	78.71	45.69	62.03	34.06	64.62	65.3	56.36	49.03	20.88	74.73	41.23	17.2	42.0	74.4	0.0	84.22	29.15	42.38	45.45	40.31	50.61	29.53	48.84	45.19
54	32.76	88.32	70.43	90.43	68.59	82.86	101.12	20.62	83.38	95.19	86.15	12.37	44.91	108.37	31.89	35.06	15.13	78.31	32.02	20.62	41.77	51.62	12.53	102.55	78.75	33.3	6.4	58.25	83.22	89.56	78.72	57.56	79.83	92.01	116.21	90.47	42.01	92.18	24.02	6.71	39.2	41.48	53.45	22.2	97.08	28.02	57.7	82.01	62.01	98.23	68.94	111.29	13.15	84.22	0.0	104.0	43.28	88.68	43.91	92.13	54.71	83.63	39.41
55	91.71	31.4	34.21	27.46	35.47	35.01	5.1	83.63	63.39	21.59	82.38	93.86	89.19	5.1	72.35	80.26	92.1	69.35	86.31	84.96	72.07	55.95	91.92	5.83	47.01	70.72	105.12	61.98	31.02	53.16	37.34	65.8	59.41	77.88	21.59	57.57	82.28	27.46	90.21	97.74	65.07	72.01	60.42	82.33	49.66	76.38	54.42	49.09	75.54	21.02	44.92	13.34	96.43	29.15	104.0	0.0	60.81	32.56	62.01	35.74	51.87	39.2	65.12
56	40.2	49.48	27.2	50.6	25.61	44.72	58.14	23.32	53.85	52.8	69.34	34.0	44.94	65.12	12.65	26.08	31.62	56.36	34.23	24.41	21.54	17.09	31.11	59.67	42.19	10.0	44.94	28.84	43.68	58.55	38.47	31.24	52.5	71.55	74.43	61.19	36.77	50.6	34.23	37.2	4.47	25.06	21.63	22.36	64.03	15.62	25.3	46.39	46.69	57.27	30.0	68.82	36.06	42.38	43.28	60.81	0.0	50.22	7.81	54.74	14.0	47.17	5.1
57	68.01	1.41	34.79	5.1	29.43	5.83	27.46	68.43	79.26	45.8	49.82	76.85	62.43	37.34	57.78	75.54	80.41	37.01	63.64	73.39	69.07	37.12	78.29	27.17	61.4	58.19	87.92	66.29	7.07	21.02	50.77	70.21	27.02	45.54	30.89	25.5	57.01	49.58	69.53	81.99	54.57	49.58	61.4	66.65	19.85	64.51	31.4	65.19	45.54	13.34	52.55	29.83	84.86	45.45	88.68	32.56	50.22	0.0	55.33	5.39	49.09	7.28	55.32
58	46.1	54.45	27.8	55.11	28.23	50.09	59.91	25.71	47.13	51.31	77.1	36.4	51.89	65.95	17.12	20.22	30.48	64.01	40.26	23.6	14.32	24.6	31.38	61.59	37.05	13.0	46.62	21.47	48.51	65.31	35.11	23.6	59.81	79.18	77.39	68.15	43.83	48.3	39.05	38.48	7.28	32.45	14.32	25.32	70.35	16.16	32.7	41.0	54.49	61.03	25.71	71.2	34.66	40.31	43.91	62.01	7.81	55.33	0.0	60.13	10.82	53.01	6.08
59	70.01	6.71	40.16	9.22	34.71	10.05	30.68	72.09	84.6	50.45	47.17	80.13	63.6	40.26	61.68	80.31	84.43	35.23	65.95	77.49	74.01	40.85	82.08	30.08	66.73	62.36	91.07	71.59	12.37	17.46	56.08	75.5	25.32	42.2	30.68	21.84	58.73	54.45	72.2	85.42	59.03	52.2	66.61	70.26	14.87	68.68	34.48	70.49	45.62	15.13	57.94	31.06	88.87	50.61	92.13	35.74	54.74	5.39	60.13	0.0	54.23	8.6	59.84
60	54.15	48.04	17.89	48.04	20.1	44.41	50.12	36.06	41.18	40.5	77.9	46.82	58.24	55.61	26.31	28.64	41.23	64.03	48.17	34.41	20.88	25.61	42.19	51.88	28.28	22.8	57.27	18.87	42.05	62.03	24.74	22.36	58.31	78.82	68.35	65.39	50.0	37.58	48.17	49.19	16.49	37.95	12.65	35.44	65.97	26.83	32.56	32.56	57.2	52.95	16.0	61.74	45.34	29.53	54.71	51.87	14.0	49.09	10.82	54.23	0.0	48.05	15.81
61	61.52	8.06	35.85	12.04	29.55	5.0	34.13	63.69	81.27	50.61	43.42	71.59	55.47	44.1	53.45	73.03	76.24	30.15	57.38	69.38	67.12	32.57	73.74	34.01	63.6	54.34	82.49	66.1	9.43	16.28	53.26	69.92	20.22	39.81	38.01	20.62	50.33	53.82	63.6	76.92	51.35	43.6	60.64	61.85	18.03	60.64	25.94	67.62	38.28	20.62	53.71	37.11	80.65	48.84	83.63	39.2	47.17	7.28	53.01	8.6	48.05	0.0	52.24
62	40.02	54.57	31.14	55.66	30.23	49.82	62.63	20.25	53.16	55.95	73.06	31.02	46.07	69.3	11.05	21.21	27.02	60.42	34.21	19.85	17.49	21.59	27.02	64.2	43.01	7.07	41.59	27.31	48.76	63.39	40.52	29.15	57.01	75.64	79.26	65.92	38.08	53.31	33.02	33.62	1.41	27.02	20.25	19.65	69.01	11.4	29.83	47.01	49.82	62.24	31.4	73.5	31.4	45.19	39.41	65.12	5.1	55.32	6.08	59.84	15.81	52.24	0.0
;
