vehicles
vehicle_idx, capacity, cost_per_unit_distance
1,100,3
2,100,3
3,100,3
4,100,3
5,100,3
6,100,3
7,100,3
8,100,3
9,100,3
depot
node_idx,x,y
0,36,64
home delivery customers
node_idx,x,y,service_time,demand
1,41,30,10,11
2,41,39,10,13
3,21,14,10,14
4,41,46,10,16
5,13,49,10,11
6,57,2,10,6
7,66,62,10,21
8,50,99,10,10
9,47,76,10,23
10,47,44,10,22
11,19,40,10,12
12,15,40,10,24
13,57,7,10,18
14,81,6,10,13
15,49,6,10,3
16,9,62,10,14
17,75,66,10,12
18,97,11,10,24
self pickup customers
node_idx,x,y,service_time,demand,locker_idxs
19,81,45,10,20,69
20,14,79,10,21,58
21,5,51,10,17,67-61
22,41,50,10,22,64-61
23,84,85,10,19,62-59
24,97,90,10,21,62
25,60,97,10,15,55-59
26,60,89,10,22,65-55
27,58,68,10,7,65
28,30,93,10,11,58
29,88,21,10,25,63-69-57
30,33,58,10,2,64-61
31,21,51,10,15,64
32,51,78,10,20,55
33,84,36,10,10,69-60
34,95,76,10,10,59
35,89,44,10,66,69
36,1,14,10,18,56
flexible customers
node_idx,x,y,service_time,demand,locker_idxs
37,94,47,10,3,66
38,10,23,10,12,56
39,16,46,10,25,61-67
40,25,79,10,4,64-61-58
41,42,56,10,10,61-64
42,90,17,10,20,63-69-57
43,65,96,10,17,62-68-55-59
44,21,14,10,36,56
45,14,42,10,7,67-61
46,58,96,10,11,62-68-55-59
47,11,54,10,19,67-61
48,9,60,10,15,67-64-61
49,10,49,10,10,67-61
50,69,16,10,7,63-69-66-60
51,74,69,10,5,68-65-59-55
52,96,91,10,7,62-59
53,46,22,10,11,66-56
54,74,92,10,12,62-68-59-55
lockers
node_idx,x,y,service_time,capacity,cost_per_unit_good
55,65,88,10,75
56,25,15,10,75
57,93,12,10,90
58,22,88,10,94
59,77,88,10,95
60,72,14,10,89
61,23,55,10,80
62,79,91,10,96
63,73,17,10,71
64,31,73,10,85
65,72,77,10,88
66,67,32,10,79
67,14,55,10,81
68,69,87,10,86
69,75,26,10,86
mrt lines
start_node_idx,end_node_idx,freight_capacity,cost_per_unit_good
distance matrix
,0,1,2,3,4,5,6,7,8,9,10,11,12,13,14,15,16,17,18,19,20,21,22,23,24,25,26,27,28,29,30,31,32,33,34,35,36,37,38,39,40,41,42,43,44,45,46,47,48,49,50,51,52,53,54,55,56,57,58,59,60,61,62,63,64,65,66,67,68,69,
0,0.0,34.37,25.5,52.2,18.68,27.46,65.46,30.07,37.7,16.28,22.83,29.41,31.89,60.75,73.41,59.44,27.07,39.05,80.81,48.85,26.63,33.62,14.87,52.39,66.31,40.8,34.66,22.36,29.61,67.48,6.71,19.85,20.52,55.57,60.21,56.65,61.03,60.44,48.55,26.91,18.6,10.0,71.59,43.19,52.2,31.11,38.83,26.93,27.29,30.02,58.25,38.33,65.8,43.17,47.2,37.64,50.22,77.16,27.78,47.51,61.61,15.81,50.77,59.82,10.3,38.28,44.55,23.77,40.22,54.45
1,34.37,0.0,9.0,25.61,16.0,33.84,32.25,40.61,69.58,46.39,15.23,24.17,27.86,28.02,46.65,25.3,45.25,49.52,59.14,42.72,55.95,41.68,20.0,69.81,82.07,69.64,61.98,41.63,63.95,47.85,29.12,29.0,49.03,43.42,70.94,50.0,43.08,55.66,31.78,29.68,51.55,26.02,50.7,70.23,25.61,29.55,68.15,38.42,43.86,36.36,31.3,51.09,82.13,9.43,70.24,62.77,21.93,55.03,61.03,68.26,34.89,30.81,71.87,34.54,44.15,56.3,26.08,36.8,63.51,34.23
2,25.5,9.0,0.0,32.02,7.0,29.73,40.31,33.97,60.67,37.48,7.81,22.02,26.02,35.78,51.86,33.96,39.41,43.42,62.61,40.45,48.26,37.95,11.0,62.97,75.74,61.03,53.49,33.62,55.11,50.33,20.62,23.32,40.26,43.1,65.46,48.26,47.17,53.6,34.89,25.96,43.08,17.03,53.71,61.85,32.02,27.17,59.48,33.54,38.28,32.57,36.24,44.6,75.69,17.72,62.43,54.56,28.84,58.59,52.55,60.8,39.82,24.08,64.4,38.83,35.44,49.04,26.93,31.38,55.57,36.4
3,52.2,25.61,32.02,0.0,37.74,35.9,37.95,65.8,89.81,67.23,39.7,26.08,26.68,36.67,60.53,29.12,49.48,74.97,76.06,67.54,65.38,40.31,41.18,94.92,107.48,91.71,84.53,65.46,79.51,67.36,45.61,37.0,70.68,66.73,96.54,74.32,20.0,80.11,14.21,32.39,65.12,46.96,69.07,93.06,0.0,28.86,89.96,41.23,47.54,36.69,48.04,76.38,107.49,26.25,94.3,86.09,4.12,72.03,74.01,92.8,51.0,41.05,96.4,52.09,59.84,81.06,49.4,41.59,87.37,55.32
4,18.68,16.0,7.0,37.74,0.0,28.16,46.82,29.68,53.76,30.59,6.32,22.8,26.68,42.15,56.57,40.79,35.78,39.45,66.04,40.01,42.64,36.35,4.0,58.05,71.22,54.42,47.01,27.8,48.27,53.24,14.42,20.62,33.53,44.15,61.77,48.04,51.22,53.01,38.6,25.0,36.67,10.05,56.94,55.46,37.74,27.29,52.81,31.05,34.93,31.14,41.04,40.22,71.06,24.52,56.61,48.37,34.89,62.13,46.1,55.32,44.55,20.12,58.9,43.19,28.79,43.84,29.53,28.46,49.65,39.45
5,27.46,33.84,29.73,35.9,28.16,0.0,64.38,54.57,62.2,43.42,34.37,10.82,9.22,60.83,80.45,56.08,13.6,64.29,92.2,68.12,30.02,8.25,28.02,79.61,93.47,67.18,61.72,48.85,47.17,80.06,21.93,8.25,47.8,72.18,86.33,76.16,37.0,81.02,26.17,4.24,32.31,29.83,83.38,70.09,35.9,7.07,65.07,5.39,11.7,3.0,65.0,64.2,93.02,42.64,74.63,65.0,36.06,88.14,40.02,74.95,68.6,11.66,78.23,68.0,30.0,65.31,56.61,6.08,67.68,66.13
6,65.46,32.25,40.31,37.95,46.82,64.38,0.0,60.67,97.25,74.67,43.17,53.74,56.64,5.0,24.33,8.94,76.84,66.48,41.0,49.24,88.19,71.45,50.6,87.28,96.66,95.05,87.05,66.01,94.92,36.36,60.93,60.8,76.24,43.42,83.19,52.8,57.27,58.26,51.48,60.14,83.38,56.04,36.25,94.34,37.95,58.73,94.01,69.43,75.29,66.47,18.44,69.12,97.17,22.83,91.59,86.37,34.54,37.36,92.85,88.29,19.21,62.97,91.68,21.93,75.61,76.49,31.62,68.25,85.84,30.0
7,30.07,40.61,33.97,65.8,29.68,54.57,60.67,0.0,40.31,23.6,26.17,51.89,55.54,55.73,57.97,58.52,57.0,9.85,59.68,22.67,54.71,61.98,27.73,29.21,41.77,35.51,27.66,10.0,47.51,46.53,33.24,46.32,21.93,31.62,32.2,29.21,80.8,31.76,68.24,52.5,44.38,24.74,51.0,34.01,65.8,55.71,34.93,55.58,57.04,57.49,46.1,10.63,41.73,44.72,31.05,26.02,62.37,56.82,51.11,28.23,48.37,43.57,31.78,45.54,36.69,16.16,30.02,52.47,25.18,37.11
8,37.7,69.58,60.67,89.81,53.76,62.2,97.25,40.31,0.0,23.19,55.08,66.65,68.6,92.27,98.03,93.01,55.23,41.4,99.76,62.27,41.18,65.8,49.82,36.77,47.85,10.2,14.14,32.02,20.88,86.76,44.38,56.08,21.02,71.59,50.54,67.42,98.11,68.12,85.88,62.97,32.02,43.74,91.24,15.3,89.81,67.42,8.54,59.55,56.59,64.03,85.15,38.42,46.69,77.1,25.0,18.6,87.64,97.05,30.08,29.15,87.8,51.62,30.08,85.16,32.2,31.11,69.12,56.85,22.47,77.16
9,16.28,46.39,37.48,67.23,30.59,43.42,74.67,23.6,23.19,0.0,32.0,45.61,48.17,69.72,77.82,70.03,40.5,29.73,82.01,46.01,33.14,48.88,26.68,38.08,51.92,24.7,18.38,13.6,24.04,68.6,22.8,36.07,4.47,54.49,48.0,52.8,77.2,55.23,64.64,43.14,22.2,20.62,73.01,26.91,67.23,47.38,22.83,42.19,41.23,45.8,63.91,27.89,51.24,54.01,31.38,21.63,64.85,78.82,27.73,32.31,66.85,31.89,35.34,64.47,16.28,25.02,48.33,39.12,24.6,57.31
10,22.83,15.23,7.81,39.7,6.32,34.37,43.17,26.17,55.08,32.0,0.0,28.28,32.25,38.33,50.99,38.05,42.05,35.61,59.91,34.01,48.1,42.58,8.49,55.23,67.94,54.57,46.84,26.4,51.87,47.01,19.8,26.93,34.23,37.85,57.69,42.0,54.92,47.1,42.54,31.06,41.34,13.0,50.77,55.03,39.7,33.06,53.15,37.36,41.23,37.34,35.61,36.8,67.9,22.02,55.07,47.54,36.4,56.04,50.61,53.25,39.05,26.4,56.86,37.48,33.12,41.4,23.32,34.79,48.3,33.29
11,29.41,24.17,22.02,26.08,22.8,10.82,53.74,51.89,66.65,45.61,28.28,0.0,4.0,50.33,70.71,45.34,24.17,61.74,83.22,62.2,39.32,17.8,24.17,79.06,92.65,70.21,63.89,48.01,54.13,71.57,22.8,11.18,49.68,65.12,84.1,70.11,31.62,75.33,19.24,6.71,39.46,28.02,74.63,72.47,26.08,5.39,68.24,16.12,22.36,12.73,55.46,62.18,92.36,32.45,75.69,66.48,25.71,79.12,48.09,75.29,59.03,15.52,78.75,58.69,35.11,64.64,48.66,15.81,68.62,57.72
12,31.89,27.86,26.02,26.68,26.68,9.22,56.64,55.54,68.6,48.17,32.25,4.0,0.0,53.41,74.24,48.08,22.8,65.39,86.98,66.19,39.01,14.87,27.86,82.38,96.04,72.62,66.53,51.31,55.08,75.43,25.46,12.53,52.35,69.12,87.73,74.11,29.53,79.31,17.72,6.08,40.26,31.38,78.45,75.07,26.68,2.24,70.6,14.56,20.88,10.3,59.09,65.74,95.72,35.85,78.64,69.31,26.93,82.87,48.51,78.41,62.65,17.0,81.84,62.39,36.67,67.96,52.61,15.03,71.59,61.61
13,60.75,28.02,35.78,36.67,42.15,60.83,5.0,55.73,92.27,69.72,38.33,50.33,53.41,0.0,24.02,8.06,73.0,61.68,40.2,44.94,83.86,68.12,45.88,82.54,92.14,90.05,82.05,61.01,90.14,34.01,56.36,56.85,71.25,39.62,78.77,48.92,56.44,54.49,49.65,56.59,78.79,51.24,34.48,89.36,36.67,55.44,89.01,65.76,71.51,63.03,15.0,64.29,92.61,18.6,86.68,81.39,32.98,36.35,88.24,83.43,16.55,58.82,86.83,18.87,70.94,71.59,26.93,64.44,80.89,26.17
14,73.41,46.65,51.86,60.53,56.57,80.45,24.33,57.97,98.03,77.82,50.99,70.71,74.24,24.02,0.0,32.0,91.21,60.3,16.76,39.0,99.09,88.32,59.46,79.06,85.51,93.39,85.62,66.13,100.85,16.55,70.77,75.0,78.0,30.15,71.39,38.83,80.4,43.01,73.01,76.32,92.01,63.41,14.21,91.41,60.53,76.06,92.89,84.88,90.0,83.01,15.62,63.39,86.31,38.48,86.28,83.55,56.72,13.42,101.02,82.1,12.04,75.93,85.02,13.6,83.6,71.57,29.53,83.01,81.88,20.88
15,59.44,25.3,33.96,29.12,40.79,56.08,8.94,58.52,93.01,70.03,38.05,45.34,48.08,8.06,32.0,0.0,68.82,65.39,48.26,50.45,80.96,62.94,44.72,86.41,96.75,91.66,83.73,62.65,89.05,41.79,54.41,53.0,72.03,46.1,83.76,55.17,48.66,60.88,42.54,51.86,76.84,50.49,42.45,91.41,29.12,50.21,90.45,61.22,67.2,58.05,22.36,67.78,97.13,16.28,89.56,83.55,25.63,44.41,86.33,86.65,24.35,55.47,90.14,26.4,69.38,74.63,31.62,60.22,83.43,32.8
16,27.07,45.25,39.41,49.48,35.78,13.6,76.84,57.0,55.23,40.5,42.05,24.17,22.8,73.0,91.21,68.82,0.0,66.12,101.71,73.98,17.72,11.7,34.18,78.45,92.35,61.85,57.71,49.37,37.44,89.01,24.33,16.28,44.94,79.38,87.13,82.0,48.66,86.31,39.01,17.46,23.35,33.54,92.66,65.51,49.48,20.62,59.64,8.25,2.0,13.04,75.6,65.38,91.71,54.49,71.59,61.74,49.65,97.75,29.07,72.8,79.2,15.65,75.77,78.24,24.6,64.76,65.3,8.6,65.0,75.18
17,39.05,49.52,43.42,74.97,39.45,64.29,66.48,9.85,41.4,29.73,35.61,61.74,65.39,61.68,60.3,65.39,66.12,0.0,59.24,21.84,62.37,71.59,37.58,21.02,32.56,34.44,27.46,17.12,52.48,46.84,42.76,56.04,26.83,31.32,22.36,26.08,90.44,26.87,77.94,62.3,51.66,34.48,51.24,31.62,74.97,65.55,34.48,65.12,66.27,67.19,50.36,3.16,32.65,52.7,26.02,24.17,71.42,56.92,57.38,22.09,52.09,53.15,25.32,49.04,44.55,11.4,34.93,61.98,21.84,40.0
18,80.81,59.14,62.61,76.06,66.04,92.2,41.0,59.68,99.76,82.01,59.91,83.22,86.98,40.2,16.76,48.26,101.71,59.24,0.0,37.58,107.3,100.32,68.24,75.13,79.0,93.62,86.33,69.07,105.89,13.45,79.4,85.88,81.27,28.18,65.03,33.96,96.05,36.12,87.82,88.24,99.04,71.06,9.22,90.82,76.06,88.6,93.52,96.15,100.72,94.94,28.44,62.39,80.01,52.17,84.2,83.38,72.11,4.12,107.49,79.56,25.18,86.09,82.0,24.74,90.55,70.58,36.62,93.94,80.99,26.63
19,48.85,42.72,40.45,67.54,40.01,68.12,49.24,22.67,62.27,46.01,34.01,62.2,66.19,44.94,39.0,50.45,73.98,21.84,37.58,0.0,75.13,76.24,40.31,40.11,47.76,56.08,48.75,32.53,70.04,25.0,49.73,60.3,44.6,9.49,34.01,8.06,85.8,13.15,74.33,65.01,65.51,40.52,29.41,53.45,67.54,67.07,55.95,70.58,73.55,71.11,31.38,25.0,48.38,41.88,47.52,45.88,63.53,35.11,73.01,43.19,32.28,58.86,46.04,29.12,57.31,33.24,19.1,67.74,43.68,19.92
20,26.63,55.95,48.26,65.38,42.64,30.02,88.19,54.71,41.18,33.14,48.1,39.32,39.01,83.86,99.09,80.96,17.72,62.37,107.3,75.13,0.0,29.41,39.62,70.26,83.73,49.4,47.07,45.35,21.26,94.02,28.32,28.86,37.01,82.15,81.06,82.76,66.29,86.16,56.14,33.06,11.0,36.24,98.08,53.76,65.38,37.0,47.17,25.18,19.65,30.27,83.63,60.83,82.87,65.37,61.39,51.79,64.94,103.59,12.04,63.64,87.11,25.63,66.1,85.59,18.03,58.03,70.84,24.0,55.58,80.81
21,33.62,41.68,37.95,40.31,36.35,8.25,71.45,61.98,65.8,48.88,42.58,17.8,14.87,68.12,88.32,62.94,11.7,71.59,100.32,76.24,29.41,0.0,36.01,86.01,99.92,71.7,66.85,55.66,48.88,88.26,28.86,16.0,53.34,80.41,93.41,84.29,37.22,89.09,28.44,12.08,34.41,37.34,91.55,75.0,40.31,12.73,69.53,6.71,9.85,5.39,72.95,71.31,99.4,50.22,80.26,70.49,41.18,96.25,40.72,80.95,76.54,18.44,84.12,76.03,34.06,71.87,64.85,9.85,73.43,74.33
22,14.87,20.0,11.0,41.18,4.0,28.02,50.6,27.73,49.82,26.68,8.49,24.17,27.86,45.88,59.46,44.72,34.18,37.58,68.24,40.31,39.62,36.01,0.0,55.44,68.82,50.7,43.38,24.76,44.38,55.23,11.31,20.02,29.73,45.22,59.93,48.37,53.81,53.08,41.11,25.32,33.12,6.08,59.08,51.88,41.18,28.16,49.04,30.27,33.53,31.02,44.05,38.08,68.6,28.44,53.41,44.94,38.48,64.4,42.49,52.35,47.51,18.68,55.9,45.97,25.08,41.11,31.62,27.46,46.4,41.62
23,52.39,69.81,62.97,94.92,58.05,79.61,87.28,29.21,36.77,38.08,55.23,79.06,82.38,82.54,79.06,86.41,78.45,21.02,75.13,40.11,70.26,86.01,55.44,0.0,13.93,26.83,24.33,31.06,54.59,64.12,57.71,71.59,33.73,49.0,14.21,41.3,109.22,39.29,96.54,78.39,59.3,51.04,68.26,21.95,94.92,82.15,28.23,79.31,79.06,82.29,70.61,18.87,13.42,73.57,12.21,19.24,91.55,73.55,62.07,7.62,72.01,67.98,7.81,68.88,54.34,14.42,55.66,76.16,15.13,59.68
24,66.31,82.07,75.74,107.48,71.22,93.47,96.66,41.77,47.85,51.92,67.94,92.65,96.04,92.14,85.51,96.75,92.35,32.56,79.0,47.76,83.73,99.92,68.82,13.93,0.0,37.66,37.01,44.78,67.07,69.58,71.55,85.42,47.54,55.54,14.14,46.69,122.44,43.1,109.81,92.18,72.84,64.66,73.33,32.56,107.48,95.88,39.46,93.23,92.97,96.18,79.12,31.14,1.41,85.0,23.09,32.06,103.97,78.1,75.03,20.1,80.01,81.86,18.03,76.84,68.15,28.18,65.3,90.08,28.16,67.68
25,40.8,69.64,61.03,91.71,54.42,67.18,95.05,35.51,10.2,24.7,54.57,70.21,72.62,90.05,93.39,91.66,61.85,34.44,93.62,56.08,49.4,71.7,50.7,26.83,37.66,0.0,8.0,29.07,30.27,80.99,47.43,60.31,21.02,65.55,40.82,60.42,101.83,60.46,89.31,67.36,39.36,44.78,85.44,5.1,91.71,71.7,2.24,65.19,63.01,69.31,81.5,31.3,36.5,76.3,14.87,10.3,89.16,91.18,39.05,19.24,83.86,55.97,19.92,81.05,37.64,23.32,65.38,62.29,13.45,72.57
26,34.66,61.98,53.49,84.53,47.01,61.72,87.05,27.66,14.14,18.38,46.84,63.89,66.53,82.05,85.62,83.73,57.71,27.46,86.33,48.75,47.07,66.85,43.38,24.33,37.01,8.0,0.0,21.1,30.27,73.54,41.11,54.45,14.21,58.18,37.34,53.54,95.43,54.04,82.8,61.52,36.4,37.59,78.0,8.6,84.53,65.76,7.28,60.22,58.67,64.03,73.55,24.41,36.06,68.45,14.32,5.1,81.86,83.77,38.01,17.03,75.95,50.25,19.1,73.16,33.12,16.97,57.43,57.2,9.22,64.76
27,22.36,41.63,33.62,65.46,27.8,48.85,66.01,10.0,32.02,13.6,26.4,48.01,51.31,61.01,66.13,62.65,49.37,17.12,69.07,32.53,45.35,55.66,24.76,31.06,44.78,29.07,21.1,0.0,37.54,55.76,26.93,40.72,12.21,41.23,37.85,39.2,78.52,41.68,65.8,47.41,34.79,20.0,60.21,28.86,65.46,51.11,28.0,49.04,49.65,51.62,53.15,16.03,44.42,47.54,28.84,21.19,62.43,66.04,41.18,27.59,55.79,37.34,31.14,53.16,27.46,16.64,37.11,45.88,21.95,45.31
28,29.61,63.95,55.11,79.51,48.27,47.17,94.92,47.51,20.88,24.04,51.87,54.13,55.08,90.14,100.85,89.05,37.44,52.48,105.89,70.04,21.26,48.88,44.38,54.59,67.07,30.27,30.27,37.54,0.0,92.46,35.13,42.95,25.81,78.52,67.19,76.69,84.15,78.82,72.8,49.04,14.87,38.9,96.83,35.13,79.51,53.45,28.16,43.38,39.12,48.33,86.31,50.12,66.03,72.78,44.01,35.36,78.16,102.62,9.43,47.27,89.47,38.64,49.04,87.32,20.02,44.94,71.34,41.23,39.46,80.71
29,67.48,47.85,50.33,67.36,53.24,80.06,36.36,46.53,86.76,68.6,47.01,71.57,75.43,34.01,16.55,41.79,89.01,46.84,13.45,25.0,94.02,88.26,55.23,64.12,69.58,80.99,73.54,55.76,92.46,0.0,66.29,73.41,67.96,15.52,55.44,23.02,87.28,26.68,78.03,76.22,85.63,57.8,4.47,78.45,67.36,76.92,80.78,83.77,88.1,82.87,19.65,50.0,70.46,42.01,72.37,70.84,63.29,10.3,94.05,67.9,17.46,73.36,70.58,15.52,77.16,58.24,23.71,81.44,68.68,13.93
30,6.71,29.12,20.62,45.61,14.42,21.93,60.93,33.24,44.38,22.8,19.8,22.8,25.46,56.36,70.77,54.41,24.33,42.76,79.4,49.73,28.32,28.86,11.31,57.71,71.55,47.43,41.11,26.93,35.13,66.29,0.0,13.89,26.91,55.54,64.56,57.72,54.41,61.98,41.88,20.81,22.47,9.22,70.21,49.68,45.61,24.84,45.49,22.36,24.08,24.7,55.32,42.45,71.12,38.28,53.26,43.86,43.74,75.6,31.95,53.25,58.8,10.44,56.61,57.28,15.13,43.38,42.8,19.24,46.23,52.8
31,19.85,29.0,23.32,37.0,20.62,8.25,60.8,46.32,56.08,36.07,26.93,11.18,12.53,56.85,75.0,53.0,16.28,56.04,85.88,60.3,28.86,16.0,20.02,71.59,85.42,60.31,54.45,40.72,42.95,73.41,13.89,0.0,40.36,64.76,78.11,68.36,42.06,73.11,30.08,7.07,28.28,21.59,76.92,62.94,37.0,11.4,58.26,10.44,15.0,11.18,59.41,55.97,85.0,38.29,67.01,57.49,36.22,81.88,37.01,67.12,63.01,4.47,70.46,62.13,24.17,57.25,49.77,8.06,60.0,59.51
32,20.52,49.03,40.26,70.68,33.53,47.8,76.24,21.93,21.02,4.47,34.23,49.68,52.35,71.25,78.0,72.03,44.94,26.83,81.27,44.6,37.01,53.34,29.73,33.73,47.54,21.02,14.21,12.21,25.81,67.96,26.91,40.36,0.0,53.41,44.05,50.99,81.22,53.01,68.6,47.42,26.02,23.77,72.4,22.8,70.68,51.62,19.31,46.65,45.69,50.22,64.56,24.7,46.84,56.22,26.93,17.2,68.15,78.23,30.68,27.86,67.36,36.24,30.87,64.85,20.62,21.02,48.7,43.57,20.12,57.27
33,55.57,43.42,43.1,66.73,44.15,72.18,43.42,31.62,71.59,54.49,37.85,65.12,69.12,39.62,30.15,46.1,79.38,31.32,28.18,9.49,82.15,80.41,45.22,49.0,55.54,65.55,58.18,41.23,78.52,15.52,55.54,64.76,53.41,0.0,41.48,9.43,85.87,14.87,75.13,68.73,73.01,46.52,19.92,62.94,66.73,70.26,65.39,75.19,78.75,75.13,25.0,34.48,56.29,40.5,56.89,55.36,62.63,25.63,80.92,52.47,25.06,63.89,55.23,21.95,64.64,42.72,17.46,72.53,53.16,13.45
34,60.21,70.94,65.46,96.54,61.77,86.33,83.19,32.2,50.54,48.0,57.69,84.1,87.73,78.77,71.39,83.76,87.13,22.36,65.03,34.01,81.06,93.41,59.93,14.21,14.14,40.82,37.34,37.85,67.19,55.44,64.56,78.11,44.05,41.48,0.0,32.56,112.61,29.02,100.17,84.5,70.06,56.65,59.21,36.06,96.54,87.85,42.06,86.83,87.48,89.19,65.39,22.14,15.03,72.92,26.4,32.31,92.85,64.03,73.98,21.63,66.13,75.0,21.93,62.97,64.07,23.02,52.15,83.68,28.23,53.85
35,56.65,50.0,48.26,74.32,48.04,76.16,52.8,29.21,67.42,52.8,42.0,70.11,74.11,48.92,38.83,55.17,82.0,26.08,33.96,8.06,82.76,84.29,48.37,41.3,46.69,60.42,53.54,39.2,76.69,23.02,57.72,68.36,50.99,9.43,32.56,0.0,92.97,5.83,81.74,73.03,72.95,48.51,27.02,57.27,74.32,75.03,60.54,78.64,81.58,79.16,34.41,29.15,47.52,48.3,50.29,50.12,70.26,32.25,80.16,45.61,34.48,66.91,48.05,31.38,64.85,37.12,25.06,75.8,47.42,22.8
36,61.03,43.08,47.17,20.0,51.22,37.0,57.27,80.8,98.11,77.2,54.92,31.62,29.53,56.44,80.4,48.66,48.66,90.44,96.05,85.8,66.29,37.22,53.81,109.22,122.44,101.83,95.43,78.52,84.15,87.28,54.41,42.06,81.22,85.87,112.61,92.97,0.0,98.68,12.73,35.34,69.29,58.69,89.05,104.02,20.0,30.87,99.86,41.23,46.69,36.14,68.03,91.4,122.29,45.71,106.83,97.84,24.02,92.02,76.92,106.08,71.0,46.53,109.6,72.06,66.19,94.92,68.41,43.01,99.76,74.97
37,60.44,55.66,53.6,80.11,53.01,81.02,58.26,31.76,68.12,55.23,47.1,75.33,79.31,54.49,43.01,60.88,86.31,26.87,36.12,13.15,86.16,89.09,53.08,39.29,43.1,60.46,54.04,41.68,78.82,26.68,61.98,73.11,53.01,14.87,29.02,5.83,98.68,0.0,87.36,78.01,76.06,52.77,30.27,56.94,80.11,80.16,60.8,83.29,85.99,84.02,39.82,29.73,44.05,54.12,49.24,50.22,76.06,35.01,82.86,44.38,39.66,71.45,46.49,36.62,68.15,37.2,30.89,80.4,47.17,28.32
38,48.55,31.78,34.89,14.21,38.6,26.17,51.48,68.24,85.88,64.64,42.54,19.24,17.72,49.65,73.01,42.54,39.01,77.94,87.82,74.33,56.14,28.44,41.11,96.54,109.81,89.31,82.8,65.8,72.8,78.03,41.88,30.08,68.6,75.13,100.17,81.74,12.73,87.36,0.0,23.77,57.97,45.97,80.22,91.4,14.21,19.42,87.37,31.02,37.01,26.0,59.41,78.82,109.64,36.01,94.11,85.15,17.0,83.73,66.1,93.35,62.65,34.54,96.88,63.29,54.23,82.22,57.71,32.25,87.05,65.07
39,26.91,29.68,25.96,32.39,25.0,4.24,60.14,52.5,62.97,43.14,31.06,6.71,6.08,56.59,76.32,51.86,17.46,62.3,88.24,65.01,33.06,12.08,25.32,78.39,92.18,67.36,61.52,47.41,49.04,76.22,20.81,7.07,47.42,68.73,84.5,73.03,35.34,78.01,23.77,0.0,34.21,27.86,79.48,70.01,32.39,4.47,65.3,9.43,15.65,6.71,60.9,62.39,91.79,38.42,74.03,64.54,32.28,84.17,42.43,74.06,64.5,11.4,77.42,63.95,30.89,64.01,52.89,9.22,67.01,62.3
40,18.6,51.55,43.08,65.12,36.67,32.31,83.38,44.38,32.02,22.2,41.34,39.46,40.26,78.79,92.01,76.84,23.35,51.66,99.04,65.51,11.0,34.41,33.12,59.3,72.84,39.36,36.4,34.79,14.87,85.63,22.47,28.28,26.02,73.01,70.06,72.95,69.29,76.06,57.97,34.21,0.0,28.6,89.83,43.46,65.12,38.6,37.12,28.65,24.84,33.54,76.84,50.01,72.01,60.75,50.7,41.0,64.0,95.46,9.49,52.77,80.21,24.08,55.32,78.41,8.49,47.04,63.03,26.4,44.72,72.86
41,10.0,26.02,17.03,46.96,10.05,29.83,56.04,24.74,43.74,20.62,13.0,28.02,31.38,51.24,63.41,50.49,33.54,34.48,71.06,40.52,36.24,37.34,6.08,51.04,64.66,44.78,37.59,20.0,38.9,57.8,9.22,21.59,23.77,46.52,56.65,48.51,58.69,52.77,45.97,27.86,28.6,0.0,61.85,46.14,46.96,31.3,43.08,31.06,33.24,32.76,48.26,34.54,64.35,34.23,48.17,39.41,44.38,67.36,37.74,47.42,51.61,19.03,50.93,49.82,20.25,36.62,34.66,28.02,41.11,44.6
42,71.59,50.7,53.71,69.07,56.94,83.38,36.25,51.0,91.24,73.01,50.77,74.63,78.45,34.48,14.21,42.45,92.66,51.24,9.22,29.41,98.08,91.55,59.08,68.26,73.33,85.44,78.0,60.21,96.83,4.47,70.21,76.92,72.4,19.92,59.21,27.02,89.05,30.27,80.22,79.48,89.83,61.85,0.0,82.86,69.07,80.01,85.23,87.24,91.71,86.16,21.02,54.41,74.24,44.28,76.69,75.27,65.03,5.83,98.31,72.18,18.25,77.03,74.81,17.0,81.34,62.64,27.46,84.97,73.08,17.49
43,43.19,70.23,61.85,93.06,55.46,70.09,94.34,34.01,15.3,26.91,55.03,72.47,75.07,89.36,91.41,91.41,65.51,31.62,90.82,53.45,53.76,75.0,51.88,21.95,32.56,5.1,8.6,28.86,35.13,78.45,49.68,62.94,22.8,62.94,36.06,57.27,104.02,56.94,91.4,70.01,43.46,46.14,82.86,0.0,93.06,74.28,7.0,68.41,66.57,72.35,80.1,28.46,31.4,76.4,9.85,8.0,90.34,88.54,43.74,14.42,82.3,58.69,14.87,79.4,41.05,20.25,64.03,65.44,9.85,70.71
44,52.2,25.61,32.02,0.0,37.74,35.9,37.95,65.8,89.81,67.23,39.7,26.08,26.68,36.67,60.53,29.12,49.48,74.97,76.06,67.54,65.38,40.31,41.18,94.92,107.48,91.71,84.53,65.46,79.51,67.36,45.61,37.0,70.68,66.73,96.54,74.32,20.0,80.11,14.21,32.39,65.12,46.96,69.07,93.06,0.0,28.86,89.96,41.23,47.54,36.69,48.04,76.38,107.49,26.25,94.3,86.09,4.12,72.03,74.01,92.8,51.0,41.05,96.4,52.09,59.84,81.06,49.4,41.59,87.37,55.32
45,31.11,29.55,27.17,28.86,27.29,7.07,58.73,55.71,67.42,47.38,33.06,5.39,2.24,55.44,76.06,50.21,20.62,65.55,88.6,67.07,37.0,12.73,28.16,82.15,95.88,71.7,65.76,51.11,53.45,76.92,24.84,11.4,51.62,70.26,87.85,75.03,30.87,80.16,19.42,4.47,38.6,31.3,80.01,74.28,28.86,0.0,69.66,12.37,18.68,8.06,60.84,65.8,95.52,37.74,78.1,68.68,29.15,84.5,46.69,78.01,64.4,15.81,81.4,64.08,35.36,67.74,53.94,13.0,71.06,63.06
46,38.83,68.15,59.48,89.96,52.81,65.07,94.01,34.93,8.54,22.83,53.15,68.24,70.6,89.01,92.89,90.45,59.64,34.48,93.52,55.95,47.17,69.53,49.04,28.23,39.46,2.24,7.28,28.0,28.16,80.78,45.49,58.26,19.31,65.39,42.06,60.54,99.86,60.8,87.37,65.3,37.12,43.08,85.23,7.0,89.96,69.66,0.0,63.03,60.8,67.18,80.75,31.38,38.33,74.97,16.49,10.63,87.46,91.0,36.88,20.62,83.19,53.91,21.59,80.41,35.47,23.6,64.63,60.14,14.21,72.03
47,26.93,38.42,33.54,41.23,31.05,5.39,69.43,55.58,59.55,42.19,37.36,16.12,14.56,65.76,84.88,61.22,8.25,65.12,96.15,70.58,25.18,6.71,30.27,79.31,93.23,65.19,60.22,49.04,43.38,83.77,22.36,10.44,46.65,75.19,86.83,78.64,41.23,83.29,31.02,9.43,28.65,31.06,87.24,68.41,41.23,12.37,63.03,0.0,6.32,5.1,69.34,64.76,92.7,47.42,73.57,63.81,41.44,92.13,35.74,74.24,72.95,12.04,77.41,72.2,27.59,65.19,60.17,3.16,66.73,69.86
48,27.29,43.86,38.28,47.54,34.93,11.7,75.29,57.04,56.59,41.23,41.23,22.36,20.88,71.51,90.0,67.2,2.0,66.27,100.72,73.55,19.65,9.85,33.53,79.06,92.97,63.01,58.67,49.65,39.12,88.1,24.08,15.0,45.69,78.75,87.48,81.58,46.69,85.99,37.01,15.65,24.84,33.24,91.71,66.57,47.54,18.68,60.8,6.32,0.0,11.05,74.4,65.62,92.36,53.04,72.45,62.61,47.76,96.75,30.87,73.54,78.01,14.87,76.56,77.1,25.55,65.25,64.4,7.07,65.8,74.24
49,30.02,36.36,32.57,36.69,31.14,3.0,66.47,57.49,64.03,45.8,37.34,12.73,10.3,63.03,83.01,58.05,13.04,67.19,94.94,71.11,30.27,5.39,31.02,82.29,96.18,69.31,64.03,51.62,48.33,82.87,24.7,11.18,50.22,75.13,89.19,79.16,36.14,84.02,26.0,6.71,33.54,32.76,86.16,72.35,36.69,8.06,67.18,5.1,11.05,0.0,67.6,67.05,95.71,45.0,77.1,67.42,37.16,90.87,40.8,77.52,71.2,14.32,80.78,70.66,31.89,68.03,59.48,7.21,70.18,68.95
50,58.25,31.3,36.24,48.04,41.04,65.0,18.44,46.1,85.15,63.91,35.61,55.46,59.09,15.0,15.62,22.36,75.6,50.36,28.44,31.38,83.63,72.95,44.05,70.61,79.12,81.5,73.55,53.15,86.31,19.65,55.32,59.41,64.56,25.0,65.39,34.41,68.03,39.82,59.41,60.9,76.84,48.26,21.02,80.1,48.04,60.84,80.75,69.34,74.4,67.6,0.0,53.24,79.71,23.77,76.16,72.11,44.01,24.33,85.98,72.44,3.61,60.31,75.66,4.12,68.51,61.07,16.12,67.42,71.0,11.66
51,38.33,51.09,44.6,76.38,40.22,64.2,69.12,10.63,38.42,27.89,36.8,62.18,65.74,64.29,63.39,67.78,65.38,3.16,62.39,25.0,60.83,71.31,38.08,18.87,31.14,31.3,24.41,16.03,50.12,50.0,42.45,55.97,24.7,34.48,22.14,29.15,91.4,29.73,78.82,62.39,50.01,34.54,54.41,28.46,76.38,65.8,31.38,64.76,65.62,67.05,53.24,0.0,31.11,54.71,23.0,21.02,72.92,60.08,55.36,19.24,55.04,52.89,22.56,52.01,43.19,8.25,37.66,61.61,18.68,43.01
52,65.8,82.13,75.69,107.49,71.06,93.02,97.17,41.73,46.69,51.24,67.9,92.36,95.72,92.61,86.31,97.13,91.71,32.65,80.01,48.38,82.87,99.4,68.6,13.42,1.41,36.5,36.06,44.42,66.03,70.46,71.12,85.0,46.84,56.29,15.03,47.52,122.29,44.05,109.64,91.79,72.01,64.35,74.24,31.4,107.49,95.52,38.33,92.7,92.36,95.71,79.71,31.11,0.0,85.21,22.02,31.14,104.0,79.06,74.06,19.24,80.65,81.39,17.0,77.49,67.45,27.78,65.74,89.55,27.29,68.31
53,43.17,9.43,17.72,26.25,24.52,42.64,22.83,44.72,77.1,54.01,22.02,32.45,35.85,18.6,38.48,16.28,54.49,52.7,52.17,41.88,65.37,50.22,28.44,73.57,85.0,76.3,68.45,47.54,72.78,42.01,38.28,38.29,56.22,40.5,72.92,48.3,45.71,54.12,36.01,38.42,60.75,34.23,44.28,76.4,26.25,37.74,74.97,47.42,53.04,45.0,23.77,54.71,85.21,0.0,75.39,68.68,22.14,48.05,70.23,72.92,27.2,40.22,76.49,27.46,53.16,60.84,23.26,45.97,68.95,29.27
54,47.2,70.24,62.43,94.3,56.61,74.63,91.59,31.05,25.0,31.38,55.07,75.69,78.64,86.68,86.28,89.56,71.59,26.02,84.2,47.52,61.39,80.26,53.41,12.21,23.09,14.87,14.32,28.84,44.01,72.37,53.26,67.01,26.93,56.89,26.4,50.29,106.83,49.24,94.11,74.03,50.7,48.17,76.69,9.85,94.3,78.1,16.49,73.57,72.45,77.1,76.16,23.0,22.02,75.39,0.0,9.85,91.27,82.23,52.15,5.0,78.03,63.01,5.1,75.01,47.01,15.13,60.41,70.49,7.07,66.01
55,37.64,62.77,54.56,86.09,48.37,65.0,86.37,26.02,18.6,21.63,47.54,66.48,69.31,81.39,83.55,83.55,61.74,24.17,83.38,45.88,51.79,70.49,44.94,19.24,32.06,10.3,5.1,21.19,35.36,70.84,43.86,57.49,17.2,55.36,32.31,50.12,97.84,50.22,85.15,64.54,41.0,39.41,75.27,8.0,86.09,68.68,10.63,63.81,62.61,67.42,72.11,21.02,31.14,68.68,9.85,0.0,83.24,80.99,43.0,12.0,74.33,53.41,14.32,71.45,37.16,13.04,56.04,60.75,4.12,62.8
56,50.22,21.93,28.84,4.12,34.89,36.06,34.54,62.37,87.64,64.85,36.4,25.71,26.93,32.98,56.72,25.63,49.65,71.42,72.11,63.53,64.94,41.18,38.48,91.55,103.97,89.16,81.86,62.43,78.16,63.29,43.74,36.22,68.15,62.63,92.85,70.26,24.02,76.06,17.0,32.28,64.0,44.38,65.03,90.34,4.12,29.15,87.46,41.44,47.76,37.16,44.01,72.92,104.0,22.14,91.27,83.24,0.0,68.07,73.06,89.63,47.01,40.05,93.23,48.04,58.31,77.8,45.31,41.48,84.38,51.2
57,77.16,55.03,58.59,72.03,62.13,88.14,37.36,56.82,97.05,78.82,56.04,79.12,82.87,36.35,13.42,44.41,97.75,56.92,4.12,35.11,103.59,96.25,64.4,73.55,78.1,91.18,83.77,66.04,102.62,10.3,75.6,81.88,78.23,25.63,64.03,32.25,92.02,35.01,83.73,84.17,95.46,67.36,5.83,88.54,72.03,84.5,91.0,92.13,96.75,90.87,24.33,60.08,79.06,48.05,82.23,80.99,68.07,0.0,104.0,77.67,21.1,82.15,80.23,20.62,86.98,68.31,32.8,89.94,78.75,22.8
58,27.78,61.03,52.55,74.01,46.1,40.02,92.85,51.11,30.08,27.73,50.61,48.09,48.51,88.24,101.02,86.33,29.07,57.38,107.49,73.01,12.04,40.72,42.49,62.07,75.03,39.05,38.01,41.18,9.43,94.05,31.95,37.01,30.68,80.92,73.98,80.16,76.92,82.86,66.1,42.43,9.49,37.74,98.31,43.74,74.01,46.69,36.88,35.74,30.87,40.8,85.98,55.36,74.06,70.23,52.15,43.0,73.06,104.0,0.0,55.0,89.31,33.02,57.08,87.42,17.49,51.2,71.84,33.96,47.01,81.57
59,47.51,68.26,60.8,92.8,55.32,74.95,88.29,28.23,29.15,32.31,53.25,75.29,78.41,83.43,82.1,86.65,72.8,22.09,79.56,43.19,63.64,80.95,52.35,7.62,20.1,19.24,17.03,27.59,47.27,67.9,53.25,67.12,27.86,52.47,21.63,45.61,106.08,44.38,93.35,74.06,52.77,47.42,72.18,14.42,92.8,78.01,20.62,74.24,73.54,77.52,72.44,19.24,19.24,72.92,5.0,12.0,89.63,77.67,55.0,0.0,74.17,63.29,3.61,71.11,48.38,12.08,56.89,71.12,8.06,62.03
60,61.61,34.89,39.82,51.0,44.55,68.6,19.21,48.37,87.8,66.85,39.05,59.03,62.65,16.55,12.04,24.35,79.2,52.09,25.18,32.28,87.11,76.54,47.51,72.01,80.01,83.86,75.95,55.79,89.47,17.46,58.8,63.01,67.36,25.06,66.13,34.48,71.0,39.66,62.65,64.5,80.21,51.61,18.25,82.3,51.0,64.4,83.19,72.95,78.01,71.2,3.61,55.04,80.65,27.2,78.03,74.33,47.01,21.1,89.31,74.17,0.0,63.89,77.32,3.16,71.85,63.0,18.68,71.03,73.06,12.37
61,15.81,30.81,24.08,41.05,20.12,11.66,62.97,43.57,51.62,31.89,26.4,15.52,17.0,58.82,75.93,55.47,15.65,53.15,86.09,58.86,25.63,18.44,18.68,67.98,81.86,55.97,50.25,37.34,38.64,73.36,10.44,4.47,36.24,63.89,75.0,66.91,46.53,71.45,34.54,11.4,24.08,19.03,77.03,58.69,41.05,15.81,53.91,12.04,14.87,14.32,60.31,52.89,81.39,40.22,63.01,53.41,40.05,82.15,33.02,63.29,63.89,0.0,66.57,62.8,19.7,53.71,49.65,9.0,56.04,59.54
62,50.77,71.87,64.4,96.4,58.9,78.23,91.68,31.78,30.08,35.34,56.86,78.75,81.84,86.83,85.02,90.14,75.77,25.32,82.0,46.04,66.1,84.12,55.9,7.81,18.03,19.92,19.1,31.14,49.04,70.58,56.61,70.46,30.87,55.23,21.93,48.05,109.6,46.49,96.88,77.42,55.32,50.93,74.81,14.87,96.4,81.4,21.59,77.41,76.56,80.78,75.66,22.56,17.0,76.49,5.1,14.32,93.23,80.23,57.08,3.61,77.32,66.57,0.0,74.24,51.26,15.65,60.21,74.3,10.77,65.12
63,59.82,34.54,38.83,52.09,43.19,68.0,21.93,45.54,85.16,64.47,37.48,58.69,62.39,18.87,13.6,26.4,78.24,49.04,24.74,29.12,85.59,76.03,45.97,68.88,76.84,81.05,73.16,53.16,87.32,15.52,57.28,62.13,64.85,21.95,62.97,31.38,72.06,36.62,63.29,63.95,78.41,49.82,17.0,79.4,52.09,64.08,80.41,72.2,77.1,70.66,4.12,52.01,77.49,27.46,75.01,71.45,48.04,20.62,87.42,71.11,3.16,62.8,74.24,0.0,70.0,60.01,16.16,70.18,70.11,9.22
64,10.3,44.15,35.44,59.84,28.79,30.0,75.61,36.69,32.2,16.28,33.12,35.11,36.67,70.94,83.6,69.38,24.6,44.55,90.55,57.31,18.03,34.06,25.08,54.34,68.15,37.64,33.12,27.46,20.02,77.16,15.13,24.17,20.62,64.64,64.07,64.85,66.19,68.15,54.23,30.89,8.49,20.25,81.34,41.05,59.84,35.36,35.47,27.59,25.55,31.89,68.51,43.19,67.45,53.16,47.01,37.16,58.31,86.98,17.49,48.38,71.85,19.7,51.26,70.0,0.0,41.19,54.56,24.76,40.5,64.38
65,38.28,56.3,49.04,81.06,43.84,65.31,76.49,16.16,31.11,25.02,41.4,64.64,67.96,71.59,71.57,74.63,64.76,11.4,70.58,33.24,58.03,71.87,41.11,14.42,28.18,23.32,16.97,16.64,44.94,58.24,43.38,57.25,21.02,42.72,23.02,37.12,94.92,37.2,82.22,64.01,47.04,36.62,62.64,20.25,81.06,67.74,23.6,65.19,65.25,68.03,61.07,8.25,27.78,60.84,15.13,13.04,77.8,68.31,51.2,12.08,63.0,53.71,15.65,60.01,41.19,0.0,45.28,62.03,10.44,51.09
66,44.55,26.08,26.93,49.4,29.53,56.61,31.62,30.02,69.12,48.33,23.32,48.66,52.61,26.93,29.53,31.62,65.3,34.93,36.62,19.1,70.84,64.85,31.62,55.66,65.3,65.38,57.43,37.11,71.34,23.71,42.8,49.77,48.7,17.46,52.15,25.06,68.41,30.89,57.71,52.89,63.03,34.66,27.46,64.03,49.4,53.94,64.63,60.17,64.4,59.48,16.12,37.66,65.74,23.26,60.41,56.04,45.31,32.8,71.84,56.89,18.68,49.65,60.21,16.16,54.56,45.28,0.0,57.78,55.04,10.0
67,23.77,36.8,31.38,41.59,28.46,6.08,68.25,52.47,56.85,39.12,34.79,15.81,15.03,64.44,83.01,60.22,8.6,61.98,93.94,67.74,24.0,9.85,27.46,76.16,90.08,62.29,57.2,45.88,41.23,81.44,19.24,8.06,43.57,72.53,83.68,75.8,43.01,80.4,32.25,9.22,26.4,28.02,84.97,65.44,41.59,13.0,60.14,3.16,7.07,7.21,67.42,61.61,89.55,45.97,70.49,60.75,41.48,89.94,33.96,71.12,71.03,9.0,74.3,70.18,24.76,62.03,57.78,0.0,63.63,67.54
68,40.22,63.51,55.57,87.37,49.65,67.68,85.84,25.18,22.47,24.6,48.3,68.62,71.59,80.89,81.88,83.43,65.0,21.84,80.99,43.68,55.58,73.43,46.4,15.13,28.16,13.45,9.22,21.95,39.46,68.68,46.23,60.0,20.12,53.16,28.23,47.42,99.76,47.17,87.05,67.01,44.72,41.11,73.08,9.85,87.37,71.06,14.21,66.73,65.8,70.18,71.0,18.68,27.29,68.95,7.07,4.12,84.38,78.75,47.01,8.06,73.06,56.04,10.77,70.11,40.5,10.44,55.04,63.63,0.0,61.29
69,54.45,34.23,36.4,55.32,39.45,66.13,30.0,37.11,77.16,57.31,33.29,57.72,61.61,26.17,20.88,32.8,75.18,40.0,26.63,19.92,80.81,74.33,41.62,59.68,67.68,72.57,64.76,45.31,80.71,13.93,52.8,59.51,57.27,13.45,53.85,22.8,74.97,28.32,65.07,62.3,72.86,44.6,17.49,70.71,55.32,63.06,72.03,69.86,74.24,68.95,11.66,43.01,68.31,29.27,66.01,62.8,51.2,22.8,81.57,62.03,12.37,59.54,65.12,9.22,64.38,51.09,10.0,67.54,61.29,0.0
