set K:= 1	2	3	4	5	6	7;
set C_H:= 1	2	3	4	5	6	7	8	9	10	11	12	13	14	15	16	17	18	19;
set C_S:= 20	21	22	23	24	25	26	27	28	29	30	31	32	33	34	35	36;
set C_F:= 37	38	39	40	41	42	43	44	45	46	47	48	49	50	51	52	53;
set M:= 54	55	56	57;
set L_B:= 58	59	60	61	62	63	64;
set A1:=
(0,*) 1 2 3 4 5 6 7 8 9 10 11 12 13 14 15 16 17 18 19 37 38 39 40 41 42 43 44 45 46 47 48 49 50 51 52 53 54 55 56 57 58 59 60 61 62 63 64
(1,*) 0 2 3 4 5 6 7 8 9 10 11 12 13 14 15 16 17 18 19 37 38 39 40 41 42 43 44 45 46 47 48 49 50 51 52 53 54 55 56 57 58 59 60 61 62 63 64
(2,*) 0 1 3 4 5 6 7 8 9 10 11 12 13 14 15 16 17 18 19 37 38 39 40 41 42 43 44 45 46 47 48 49 50 51 52 53 54 55 56 57 58 59 60 61 62 63 64
(3,*) 0 1 2 4 5 6 7 8 9 10 11 12 13 14 15 16 17 18 19 37 38 39 40 41 42 43 44 45 46 47 48 49 50 51 52 53 54 55 56 57 58 59 60 61 62 63 64
(4,*) 0 1 2 3 5 6 7 8 9 10 11 12 13 14 15 16 17 18 19 37 38 39 40 41 42 43 44 45 46 47 48 49 50 51 52 53 54 55 56 57 58 59 60 61 62 63 64
(5,*) 0 1 2 3 4 6 7 8 9 10 11 12 13 14 15 16 17 18 19 37 38 39 40 41 42 43 44 45 46 47 48 49 50 51 52 53 54 55 56 57 58 59 60 61 62 63 64
(6,*) 0 1 2 3 4 5 7 8 9 10 11 12 13 14 15 16 17 18 19 37 38 39 40 41 42 43 44 45 46 47 48 49 50 51 52 53 54 55 56 57 58 59 60 61 62 63 64
(7,*) 0 1 2 3 4 5 6 8 9 10 11 12 13 14 15 16 17 18 19 37 38 39 40 41 42 43 44 45 46 47 48 49 50 51 52 53 54 55 56 57 58 59 60 61 62 63 64
(8,*) 0 1 2 3 4 5 6 7 9 10 11 12 13 14 15 16 17 18 19 37 38 39 40 41 42 43 44 45 46 47 48 49 50 51 52 53 54 55 56 57 58 59 60 61 62 63 64
(9,*) 0 1 2 3 4 5 6 7 8 10 11 12 13 14 15 16 17 18 19 37 38 39 40 41 42 43 44 45 46 47 48 49 50 51 52 53 54 55 56 57 58 59 60 61 62 63 64
(10,*) 0 1 2 3 4 5 6 7 8 9 11 12 13 14 15 16 17 18 19 37 38 39 40 41 42 43 44 45 46 47 48 49 50 51 52 53 54 55 56 57 58 59 60 61 62 63 64
(11,*) 0 1 2 3 4 5 6 7 8 9 10 12 13 14 15 16 17 18 19 37 38 39 40 41 42 43 44 45 46 47 48 49 50 51 52 53 54 55 56 57 58 59 60 61 62 63 64
(12,*) 0 1 2 3 4 5 6 7 8 9 10 11 13 14 15 16 17 18 19 37 38 39 40 41 42 43 44 45 46 47 48 49 50 51 52 53 54 55 56 57 58 59 60 61 62 63 64
(13,*) 0 1 2 3 4 5 6 7 8 9 10 11 12 14 15 16 17 18 19 37 38 39 40 41 42 43 44 45 46 47 48 49 50 51 52 53 54 55 56 57 58 59 60 61 62 63 64
(14,*) 0 1 2 3 4 5 6 7 8 9 10 11 12 13 15 16 17 18 19 37 38 39 40 41 42 43 44 45 46 47 48 49 50 51 52 53 54 55 56 57 58 59 60 61 62 63 64
(15,*) 0 1 2 3 4 5 6 7 8 9 10 11 12 13 14 16 17 18 19 37 38 39 40 41 42 43 44 45 46 47 48 49 50 51 52 53 54 55 56 57 58 59 60 61 62 63 64
(16,*) 0 1 2 3 4 5 6 7 8 9 10 11 12 13 14 15 17 18 19 37 38 39 40 41 42 43 44 45 46 47 48 49 50 51 52 53 54 55 56 57 58 59 60 61 62 63 64
(17,*) 0 1 2 3 4 5 6 7 8 9 10 11 12 13 14 15 16 18 19 37 38 39 40 41 42 43 44 45 46 47 48 49 50 51 52 53 54 55 56 57 58 59 60 61 62 63 64
(18,*) 0 1 2 3 4 5 6 7 8 9 10 11 12 13 14 15 16 17 19 37 38 39 40 41 42 43 44 45 46 47 48 49 50 51 52 53 54 55 56 57 58 59 60 61 62 63 64
(19,*) 0 1 2 3 4 5 6 7 8 9 10 11 12 13 14 15 16 17 18 37 38 39 40 41 42 43 44 45 46 47 48 49 50 51 52 53 54 55 56 57 58 59 60 61 62 63 64
(37,*) 0 1 2 3 4 5 6 7 8 9 10 11 12 13 14 15 16 17 18 19 38 39 40 41 42 43 44 45 46 47 48 49 50 51 52 53 54 55 56 57 58 59 60 61 62 63 64
(38,*) 0 1 2 3 4 5 6 7 8 9 10 11 12 13 14 15 16 17 18 19 37 39 40 41 42 43 44 45 46 47 48 49 50 51 52 53 54 55 56 57 58 59 60 61 62 63 64
(39,*) 0 1 2 3 4 5 6 7 8 9 10 11 12 13 14 15 16 17 18 19 37 38 40 41 42 43 44 45 46 47 48 49 50 51 52 53 54 55 56 57 58 59 60 61 62 63 64
(40,*) 0 1 2 3 4 5 6 7 8 9 10 11 12 13 14 15 16 17 18 19 37 38 39 41 42 43 44 45 46 47 48 49 50 51 52 53 54 55 56 57 58 59 60 61 62 63 64
(41,*) 0 1 2 3 4 5 6 7 8 9 10 11 12 13 14 15 16 17 18 19 37 38 39 40 42 43 44 45 46 47 48 49 50 51 52 53 54 55 56 57 58 59 60 61 62 63 64
(42,*) 0 1 2 3 4 5 6 7 8 9 10 11 12 13 14 15 16 17 18 19 37 38 39 40 41 43 44 45 46 47 48 49 50 51 52 53 54 55 56 57 58 59 60 61 62 63 64
(43,*) 0 1 2 3 4 5 6 7 8 9 10 11 12 13 14 15 16 17 18 19 37 38 39 40 41 42 44 45 46 47 48 49 50 51 52 53 54 55 56 57 58 59 60 61 62 63 64
(44,*) 0 1 2 3 4 5 6 7 8 9 10 11 12 13 14 15 16 17 18 19 37 38 39 40 41 42 43 45 46 47 48 49 50 51 52 53 54 55 56 57 58 59 60 61 62 63 64
(45,*) 0 1 2 3 4 5 6 7 8 9 10 11 12 13 14 15 16 17 18 19 37 38 39 40 41 42 43 44 46 47 48 49 50 51 52 53 54 55 56 57 58 59 60 61 62 63 64
(46,*) 0 1 2 3 4 5 6 7 8 9 10 11 12 13 14 15 16 17 18 19 37 38 39 40 41 42 43 44 45 47 48 49 50 51 52 53 54 55 56 57 58 59 60 61 62 63 64
(47,*) 0 1 2 3 4 5 6 7 8 9 10 11 12 13 14 15 16 17 18 19 37 38 39 40 41 42 43 44 45 46 48 49 50 51 52 53 54 55 56 57 58 59 60 61 62 63 64
(48,*) 0 1 2 3 4 5 6 7 8 9 10 11 12 13 14 15 16 17 18 19 37 38 39 40 41 42 43 44 45 46 47 49 50 51 52 53 54 55 56 57 58 59 60 61 62 63 64
(49,*) 0 1 2 3 4 5 6 7 8 9 10 11 12 13 14 15 16 17 18 19 37 38 39 40 41 42 43 44 45 46 47 48 50 51 52 53 54 55 56 57 58 59 60 61 62 63 64
(50,*) 0 1 2 3 4 5 6 7 8 9 10 11 12 13 14 15 16 17 18 19 37 38 39 40 41 42 43 44 45 46 47 48 49 51 52 53 54 55 56 57 58 59 60 61 62 63 64
(51,*) 0 1 2 3 4 5 6 7 8 9 10 11 12 13 14 15 16 17 18 19 37 38 39 40 41 42 43 44 45 46 47 48 49 50 52 53 54 55 56 57 58 59 60 61 62 63 64
(52,*) 0 1 2 3 4 5 6 7 8 9 10 11 12 13 14 15 16 17 18 19 37 38 39 40 41 42 43 44 45 46 47 48 49 50 51 53 54 55 56 57 58 59 60 61 62 63 64
(53,*) 0 1 2 3 4 5 6 7 8 9 10 11 12 13 14 15 16 17 18 19 37 38 39 40 41 42 43 44 45 46 47 48 49 50 51 52 54 55 56 57 58 59 60 61 62 63 64
(54,*) 0 1 2 3 4 5 6 7 8 9 10 11 12 13 14 15 16 17 18 19 37 38 39 40 41 42 43 44 45 46 47 48 49 50 51 52 53 55 56 57 58 59 60 61 62 63 64
(55,*) 0 1 2 3 4 5 6 7 8 9 10 11 12 13 14 15 16 17 18 19 37 38 39 40 41 42 43 44 45 46 47 48 49 50 51 52 53 54 56 57 58 59 60 61 62 63 64
(56,*) 0 1 2 3 4 5 6 7 8 9 10 11 12 13 14 15 16 17 18 19 37 38 39 40 41 42 43 44 45 46 47 48 49 50 51 52 53 54 55 57 58 59 60 61 62 63 64
(57,*) 0 1 2 3 4 5 6 7 8 9 10 11 12 13 14 15 16 17 18 19 37 38 39 40 41 42 43 44 45 46 47 48 49 50 51 52 53 54 55 56 58 59 60 61 62 63 64
(58,*) 0 1 2 3 4 5 6 7 8 9 10 11 12 13 14 15 16 17 18 19 37 38 39 40 41 42 43 44 45 46 47 48 49 50 51 52 53 54 55 56 57 59 60 61 62 63 64
(59,*) 0 1 2 3 4 5 6 7 8 9 10 11 12 13 14 15 16 17 18 19 37 38 39 40 41 42 43 44 45 46 47 48 49 50 51 52 53 54 55 56 57 58 60 61 62 63 64
(60,*) 0 1 2 3 4 5 6 7 8 9 10 11 12 13 14 15 16 17 18 19 37 38 39 40 41 42 43 44 45 46 47 48 49 50 51 52 53 54 55 56 57 58 59 61 62 63 64
(61,*) 0 1 2 3 4 5 6 7 8 9 10 11 12 13 14 15 16 17 18 19 37 38 39 40 41 42 43 44 45 46 47 48 49 50 51 52 53 54 55 56 57 58 59 60 62 63 64
(62,*) 0 1 2 3 4 5 6 7 8 9 10 11 12 13 14 15 16 17 18 19 37 38 39 40 41 42 43 44 45 46 47 48 49 50 51 52 53 54 55 56 57 58 59 60 61 63 64
(63,*) 0 1 2 3 4 5 6 7 8 9 10 11 12 13 14 15 16 17 18 19 37 38 39 40 41 42 43 44 45 46 47 48 49 50 51 52 53 54 55 56 57 58 59 60 61 62 64
(64,*) 0 1 2 3 4 5 6 7 8 9 10 11 12 13 14 15 16 17 18 19 37 38 39 40 41 42 43 44 45 46 47 48 49 50 51 52 53 54 55 56 57 58 59 60 61 62 63
;
set A2:=
(54,*) 55
(55,*) 54
(56,*) 57
(57,*) 56
;
param BigM:=99999;
param n:= 7;
param d:=
1	15
2	19
3	20
4	23
5	23
6	20
7	19
8	12
9	9
10	16
11	7
12	8
13	2
14	2
15	13
16	18
17	5
18	9
19	36
20	24
21	17
22	2
23	8
24	12
25	2
26	23
27	5
28	15
29	13
30	18
31	19
32	14
33	19
34	21
35	4
36	6
37	9
38	10
39	17
40	16
41	3
42	4
43	2
44	23
45	13
46	18
47	6
48	2
49	4
50	9
51	3
52	22
53	10
;
param Q:=100;
param w:=
[54,*] 55 0.5
[55,*] 54 0.5
[56,*] 57 0.5
[57,*] 56 0.5
;
param V:=
[54,*] 55 98
[55,*] 54 98
[56,*] 57 87
[57,*] 56 87
;
param e:
	54	55	56	57	58	59	60	61	62	63	64:=
20	1	0	1	0	0	0	0	0	1	0	0	
21	1	0	0	0	0	0	1	0	0	0	0	
22	1	0	0	0	0	0	1	0	0	0	0	
23	0	1	1	0	0	0	1	0	0	0	0	
24	0	1	0	0	0	1	0	1	0	0	0	
25	1	0	0	1	0	0	0	0	1	0	0	
26	0	0	1	0	0	0	0	1	0	0	0	
27	1	0	0	0	0	0	0	0	1	0	0	
28	0	1	0	1	0	0	0	0	0	1	0	
29	0	1	0	0	0	1	0	1	0	0	0	
30	0	1	1	0	1	0	0	0	0	0	0	
31	0	1	1	0	0	0	1	0	0	0	0	
32	0	0	0	1	0	0	0	1	0	0	0	
33	1	0	0	0	0	0	0	0	0	0	1	
34	0	0	1	0	0	0	0	1	0	0	0	
35	0	0	1	0	0	0	0	0	1	0	0	
36	0	1	0	1	0	1	0	1	0	1	0	
37	0	1	0	0	0	1	0	1	0	1	0	
38	1	0	0	0	0	0	0	0	1	0	0	
39	0	1	1	0	0	0	0	0	1	0	0	
40	1	0	1	0	1	0	1	0	1	0	1	
41	0	0	1	0	1	0	1	0	0	0	0	
42	1	0	0	0	1	0	0	0	1	0	1	
43	1	0	0	0	1	0	0	0	1	0	1	
44	0	1	1	0	0	0	0	0	1	0	0	
45	0	1	0	0	0	1	1	1	0	0	0	
46	1	0	0	0	0	0	0	0	0	0	1	
47	0	1	1	0	0	0	0	0	0	1	0	
48	0	1	0	1	1	0	1	0	0	0	1	
49	1	0	1	0	0	0	0	0	1	0	1	
50	1	0	1	0	0	0	0	0	1	0	0	
51	0	1	0	1	0	0	0	0	0	1	0	
52	0	0	0	1	0	0	0	0	0	1	0	
53	1	0	0	0	1	0	0	0	1	0	1	
;
param p:=
1	3
2	3
3	3
4	3
5	3
6	3
7	3
;
param G:=
54	92
55	98
56	72
57	87
58	78
59	96
60	92
61	82
62	82
63	88
64	80
;
param s:=
0	0
1	10
2	10
3	10
4	10
5	10
6	10
7	10
8	10
9	10
10	10
11	10
12	10
13	10
14	10
15	10
16	10
17	10
18	10
19	10
37	10
38	10
39	10
40	10
41	10
42	10
43	10
44	10
45	10
46	10
47	10
48	10
49	10
50	10
51	10
52	10
53	10
54	10
55	10
56	10
57	10
58	10
59	10
60	10
61	10
62	10
63	10
64	10
;
param t:
	0	1	2	3	4	5	6	7	8	9	10	11	12	13	14	15	16	17	18	19	20	21	22	23	24	25	26	27	28	29	30	31	32	33	34	35	36	37	38	39	40	41	42	43	44	45	46	47	48	49	50	51	52	53	54	55	56	57	58	59	60	61	62	63	64:=
0	0.0	88.81	36.06	82.39	62.48	19.7	60.17	87.66	71.02	67.05	34.0	12.17	86.58	31.05	29.12	98.41	39.45	62.61	11.66	80.62	53.67	10.0	27.86	63.15	71.22	28.07	93.15	24.41	54.04	80.0	70.11	95.41	62.77	6.0	78.03	68.35	51.88	68.12	31.62	88.59	38.83	58.24	33.53	25.61	89.82	64.4	22.36	96.66	37.74	51.61	37.2	48.08	60.53	35.38	32.76	91.71	83.1	37.36	39.12	68.24	50.45	64.54	44.78	55.07	39.32
1	88.81	0.0	54.0	20.88	48.83	70.11	41.04	29.73	69.31	40.0	64.4	90.0	22.09	82.0	63.25	49.03	82.1	74.4	82.02	8.25	53.81	84.4	86.76	26.0	45.25	94.85	36.06	72.8	95.71	43.27	24.08	40.79	70.0	82.87	14.14	43.27	72.47	48.17	79.65	31.62	53.85	32.25	60.17	73.54	6.0	44.41	84.31	28.0	56.57	62.29	78.23	81.44	93.3	71.69	92.18	27.46	16.76	81.61	51.24	65.86	39.0	49.2	55.76	70.83	51.87
2	36.06	54.0	0.0	52.0	31.3	16.49	36.88	52.15	48.17	43.86	28.28	36.0	56.46	31.62	20.88	65.12	48.08	44.41	28.07	46.04	38.63	34.41	44.94	28.0	38.83	51.22	66.57	29.53	52.8	46.86	39.4	60.96	42.05	30.46	45.12	46.86	35.44	36.72	41.23	53.25	20.4	22.36	22.09	31.3	54.33	31.62	40.0	60.83	8.25	42.76	43.68	39.45	54.59	36.88	51.62	55.95	51.55	33.94	15.81	44.28	15.0	33.54	30.81	36.67	17.72
3	82.39	20.88	52.0	0.0	58.82	65.97	25.3	48.17	80.99	21.63	52.61	86.35	4.47	83.19	54.0	68.12	67.23	83.74	78.1	18.11	37.58	76.0	74.22	28.28	58.14	82.46	17.89	62.29	101.21	58.82	12.65	60.03	79.65	76.42	10.77	24.08	79.25	60.03	66.48	50.16	44.0	35.38	50.04	62.51	26.68	54.92	72.99	48.37	57.31	45.65	63.91	86.83	100.5	58.24	78.75	47.01	4.12	84.38	43.29	77.1	38.59	59.91	42.2	78.49	43.1
4	62.48	48.83	31.3	58.82	0.0	43.86	56.89	30.0	22.36	62.1	58.82	57.31	62.8	41.23	52.0	36.06	79.12	25.61	51.61	43.86	64.0	63.78	76.16	31.3	8.94	82.1	76.55	60.83	48.08	17.89	49.19	34.18	21.26	58.0	48.41	65.97	24.74	5.66	72.5	30.07	49.03	25.3	52.5	62.61	45.65	4.47	71.02	40.0	25.61	70.26	74.67	34.53	44.72	67.68	82.86	35.01	56.22	38.21	43.93	18.36	28.02	2.24	58.42	22.47	45.89
5	19.7	70.11	16.49	65.97	43.86	0.0	46.65	68.0	55.71	53.85	26.83	20.4	70.34	24.17	18.87	79.4	42.05	49.03	12.17	62.03	43.86	20.0	34.93	44.18	52.35	39.4	78.79	22.09	48.7	60.96	53.37	76.03	48.08	14.42	60.3	56.04	38.47	49.52	34.0	68.96	25.61	38.83	22.8	24.08	70.71	45.34	29.12	76.97	18.44	44.94	38.21	38.21	52.95	32.98	41.48	72.01	66.1	29.12	23.71	52.39	31.26	46.01	34.71	41.0	24.7
6	60.17	41.04	36.88	25.3	56.89	46.65	0.0	59.46	78.59	7.21	28.0	66.21	28.64	67.94	31.05	78.59	42.05	78.0	58.14	34.06	12.81	52.61	49.03	28.28	60.03	57.27	32.98	38.05	89.64	64.28	16.97	71.47	74.67	54.41	26.91	10.0	70.71	60.3	41.23	61.35	21.54	32.06	26.68	38.0	45.34	54.33	48.17	63.53	44.41	21.26	38.63	76.03	90.97	32.98	53.45	60.42	27.73	70.77	23.02	74.46	29.41	58.69	17.12	71.11	21.95
7	87.66	29.73	52.15	48.17	30.0	68.0	59.46	0.0	44.72	61.61	73.76	84.76	50.64	70.71	69.31	20.0	94.02	52.5	78.0	30.07	70.68	86.53	94.76	32.25	22.36	101.98	65.12	79.25	77.28	16.12	44.72	12.17	48.08	82.37	38.0	65.51	54.33	26.31	89.2	2.0	62.48	32.56	67.94	80.62	24.17	26.08	90.69	10.0	50.16	78.71	89.64	64.28	72.8	82.46	101.12	5.1	44.28	68.12	58.05	42.15	40.31	29.07	68.8	51.62	59.55
8	71.02	69.31	48.17	80.99	22.36	55.71	78.59	44.72	0.0	84.12	76.42	62.48	84.88	42.43	68.73	40.0	95.71	10.77	59.36	65.3	84.59	75.15	90.44	53.67	24.08	95.08	98.79	76.16	36.5	28.64	71.55	42.76	8.49	68.0	70.46	87.93	19.8	21.26	88.29	43.86	68.0	47.54	70.26	78.1	65.3	26.08	84.76	53.85	40.45	90.09	91.41	27.78	30.0	84.85	97.08	49.66	78.24	36.88	63.01	4.12	49.24	21.1	78.06	16.28	65.01
9	67.05	40.0	43.86	21.63	62.1	53.85	7.21	61.61	84.12	0.0	34.23	73.35	24.17	75.07	37.95	81.22	46.17	84.1	65.3	34.0	16.49	59.23	54.33	32.06	64.5	62.51	26.31	44.41	96.54	68.0	17.09	73.76	80.62	61.35	26.08	4.0	77.18	65.12	46.39	63.56	28.64	36.88	33.53	44.18	44.94	59.23	54.0	64.62	51.22	24.17	43.17	82.8	97.65	38.21	58.25	61.98	24.84	77.79	30.23	80.01	35.34	63.79	23.09	77.41	29.15
10	34.0	64.4	28.28	52.61	58.82	26.83	28.0	73.76	76.42	34.23	0.0	42.52	56.32	50.99	8.25	89.89	20.59	72.03	35.38	56.36	19.7	25.3	22.36	42.52	65.39	30.46	60.53	10.2	75.39	72.47	41.76	84.4	70.03	28.84	51.26	34.93	62.29	63.91	15.62	75.29	11.31	41.23	6.32	10.0	67.23	58.31	20.4	80.62	36.06	18.44	16.12	64.03	79.12	8.94	28.02	76.38	54.34	55.71	15.81	72.56	33.84	61.03	11.18	64.07	14.21
11	12.17	90.0	36.0	86.35	57.31	20.4	66.21	84.76	62.48	73.35	42.52	0.0	90.71	20.59	36.06	93.3	50.99	53.25	8.25	82.02	61.61	21.54	39.85	64.0	66.24	40.2	98.79	34.06	42.19	75.18	73.76	91.24	54.04	14.42	80.62	75.18	42.8	62.77	42.94	85.44	44.72	58.14	40.5	35.61	90.2	59.93	34.18	94.25	34.93	60.83	48.37	37.58	49.03	45.61	44.91	89.19	86.49	26.83	43.66	60.14	51.0	59.17	52.43	46.23	44.38
12	86.58	22.09	56.46	4.47	62.8	70.34	28.64	50.64	84.88	24.17	56.32	90.71	0.0	87.66	58.03	70.46	70.23	87.86	82.46	20.88	40.5	80.02	77.67	32.56	61.77	85.91	14.56	66.12	105.6	62.03	17.09	62.29	83.74	80.62	14.42	26.08	83.55	63.81	69.86	52.61	48.04	39.7	54.0	66.27	28.07	58.82	76.66	50.04	61.77	48.33	67.05	91.21	104.8	61.61	82.01	49.09	6.71	88.84	47.52	81.02	43.05	63.82	45.71	82.73	47.27
13	31.05	82.0	31.62	83.19	41.23	24.17	67.94	70.71	42.43	75.07	50.99	20.59	87.66	0.0	42.94	76.16	65.12	32.8	20.1	74.73	67.2	38.05	56.04	56.92	50.0	58.31	98.18	45.61	24.74	58.82	70.71	75.29	33.94	30.07	75.39	77.79	22.63	46.17	56.89	71.02	48.41	50.0	46.65	47.54	80.89	44.72	50.04	80.62	26.0	68.96	61.61	17.09	30.0	56.92	62.01	75.54	82.35	6.32	45.28	40.46	44.78	42.72	58.25	26.17	46.75
14	29.12	63.25	20.88	54.0	52.0	18.87	31.05	69.31	68.73	37.95	8.25	36.06	58.03	42.94	0.0	84.4	27.2	64.0	28.43	55.03	25.61	22.0	25.46	39.45	59.06	32.8	64.03	10.0	67.23	66.57	42.19	79.4	62.13	23.41	50.99	39.4	54.15	57.27	20.59	70.71	10.0	36.88	4.47	11.31	65.39	51.88	21.63	76.84	28.28	26.08	22.8	55.79	70.88	16.12	31.89	72.35	55.15	47.54	12.08	64.94	29.0	54.23	16.4	56.01	11.4
15	98.41	49.03	65.12	68.12	36.06	79.4	78.59	20.0	40.0	81.22	89.89	93.3	70.46	76.16	84.4	0.0	110.45	50.16	87.66	50.04	89.2	99.04	109.64	50.6	27.2	116.28	84.85	94.02	76.24	18.44	64.5	8.25	46.39	93.72	58.0	85.16	55.79	30.53	104.86	18.0	78.89	49.19	83.76	95.6	43.17	34.06	105.0	22.36	60.96	96.93	106.0	65.51	70.0	98.79	116.21	21.59	64.2	72.11	74.09	39.2	56.08	34.13	86.33	52.39	75.8
16	39.45	82.1	48.08	67.23	79.12	42.05	42.05	94.02	95.71	46.17	20.59	50.99	70.23	65.12	27.2	110.45	0.0	90.35	46.17	74.4	29.73	29.53	12.81	62.29	85.91	18.97	70.71	20.0	89.82	93.06	58.31	104.86	88.81	36.77	68.26	45.12	80.1	84.31	8.25	95.6	31.62	61.61	26.83	18.0	85.6	78.79	17.2	100.5	55.32	22.36	4.47	80.22	94.76	11.66	13.15	96.43	69.78	70.71	36.36	91.98	54.38	81.34	26.4	82.3	34.67
17	62.61	74.4	44.41	83.74	25.61	49.03	78.0	52.5	10.77	84.1	72.03	53.25	87.86	32.8	64.0	50.16	90.35	0.0	50.99	69.43	82.46	67.68	83.95	55.61	30.46	87.93	101.21	70.46	26.08	36.88	73.24	52.15	4.47	60.17	73.59	87.73	10.77	26.83	82.61	51.92	64.78	48.83	66.12	72.44	71.02	30.0	78.1	62.1	36.22	87.13	86.21	17.2	20.4	80.02	90.47	57.57	81.39	26.91	60.02	11.0	48.75	25.24	75.13	8.06	61.98
18	11.66	82.02	28.07	78.1	51.61	12.17	58.14	78.0	59.36	65.3	35.38	8.25	82.46	20.1	28.43	87.66	46.17	50.99	0.0	74.0	54.04	18.0	36.22	56.04	60.46	38.21	90.62	27.78	44.18	69.34	65.51	85.09	51.11	10.0	72.44	67.23	40.25	57.2	37.95	78.79	36.72	50.36	32.8	29.53	82.39	53.85	30.27	87.32	27.86	53.81	43.08	36.88	50.04	39.45	42.01	82.28	78.26	26.31	35.47	56.61	43.05	53.6	44.82	43.42	36.25
19	80.62	8.25	46.04	18.11	43.86	62.03	34.06	30.07	65.3	34.0	56.36	82.02	20.88	74.73	55.03	50.04	74.4	69.43	74.0	0.0	46.69	76.16	78.71	18.11	41.62	86.76	35.44	64.62	89.55	41.23	17.2	42.0	65.12	74.67	8.25	37.58	66.57	44.05	71.69	32.06	45.69	24.74	52.0	65.39	11.31	39.6	76.16	31.05	49.03	55.17	70.46	75.18	87.66	63.81	84.22	29.15	14.32	74.67	43.01	61.62	31.06	44.55	48.01	65.22	43.66
20	53.67	53.81	38.63	37.58	64.0	43.86	12.81	70.68	84.59	16.49	19.7	61.61	40.5	67.2	25.61	89.2	29.73	82.46	54.04	46.69	0.0	44.94	38.05	38.63	68.47	46.17	42.0	29.73	90.55	73.76	29.73	82.46	79.62	48.37	39.7	16.0	74.0	68.12	30.07	72.5	18.87	40.79	21.26	29.12	58.0	62.13	38.21	75.47	46.82	8.49	26.68	77.82	93.04	22.0	41.77	72.07	40.31	71.02	22.85	80.5	36.01	66.01	9.22	75.0	21.02
21	10.0	84.4	34.41	76.0	63.78	20.0	52.61	86.53	75.15	59.23	25.3	21.54	80.02	38.05	22.0	99.04	29.53	67.68	18.0	76.16	44.94	0.0	18.44	59.46	72.14	20.4	85.51	15.23	62.13	80.62	64.12	95.27	67.23	8.0	72.69	60.17	56.92	69.43	21.63	87.66	32.0	55.46	26.08	16.12	86.02	65.05	12.65	95.02	38.21	42.19	27.2	54.59	68.03	25.61	24.02	90.21	77.1	44.18	33.38	72.01	47.42	65.95	36.4	59.81	33.14
22	27.86	86.76	44.94	74.22	76.16	34.93	49.03	94.76	90.44	54.33	22.36	39.85	77.67	56.04	25.46	109.64	12.81	83.95	36.22	78.71	38.05	18.44	0.0	64.4	83.76	8.25	80.02	15.62	80.4	91.61	63.91	104.8	82.97	26.31	73.54	54.04	73.35	81.63	8.0	96.17	33.29	62.29	27.2	14.14	89.55	76.55	6.0	102.18	50.99	32.25	12.65	72.11	86.02	16.12	6.71	97.74	76.24	62.0	37.01	86.98	54.45	78.39	32.02	75.93	35.81
23	63.15	26.0	28.0	28.28	31.3	44.18	28.28	32.25	53.67	32.06	42.52	64.0	32.56	56.92	39.45	50.6	62.29	55.61	56.04	18.11	38.63	59.46	64.4	0.0	32.56	72.11	45.61	49.4	73.24	36.06	17.89	43.86	51.61	57.27	18.87	36.06	50.99	33.53	58.14	34.0	31.24	7.21	37.2	50.48	26.68	27.86	61.06	38.21	31.05	46.52	58.0	58.82	72.25	50.91	70.43	34.21	26.4	57.27	27.46	49.65	13.0	32.7	36.62	50.21	28.6
24	71.22	45.25	38.83	58.14	8.94	52.35	60.03	22.36	24.08	64.5	65.39	66.24	61.77	50.0	59.06	27.2	85.91	30.46	60.46	41.62	68.47	72.14	83.76	32.56	0.0	90.0	76.03	68.26	54.92	8.94	50.0	25.3	26.0	66.6	47.41	68.47	32.06	4.0	79.65	22.09	55.03	28.0	59.09	69.97	41.23	7.21	78.82	32.25	33.94	75.31	81.44	42.05	50.6	74.32	90.43	27.46	55.07	46.69	49.98	20.81	32.76	7.28	63.79	29.27	51.87
25	28.07	94.85	51.22	82.46	82.1	39.4	57.27	101.98	95.08	62.51	30.46	40.2	85.91	58.31	32.8	116.28	18.97	87.93	38.21	86.76	46.17	20.4	8.25	72.11	90.0	0.0	88.09	22.8	82.0	98.08	72.11	111.73	87.32	28.28	81.71	62.13	77.2	87.66	16.12	103.32	41.18	69.66	34.99	21.63	97.53	82.8	11.31	109.64	56.6	40.05	20.1	74.97	88.2	24.33	6.4	105.12	84.48	64.5	44.65	91.79	61.72	84.31	40.26	80.01	43.57
26	93.15	36.06	66.57	17.89	76.55	78.79	32.98	65.12	98.79	26.31	60.53	98.79	14.56	98.18	64.03	84.85	70.71	101.21	90.62	35.44	42.0	85.51	80.02	45.61	76.03	88.09	0.0	70.71	117.59	76.55	28.28	76.66	97.2	87.36	28.64	26.0	96.21	77.9	72.03	67.08	54.41	52.5	59.67	70.46	42.05	72.72	80.1	64.03	72.8	48.37	68.26	103.32	117.39	64.0	83.38	63.39	21.19	100.0	55.15	94.87	54.56	77.7	49.37	95.67	54.42
27	24.41	72.8	29.53	62.29	60.83	22.09	38.05	79.25	76.16	44.41	10.2	34.06	66.12	45.61	10.0	94.02	20.0	70.46	27.78	64.62	29.73	15.23	15.62	49.4	68.26	22.8	70.71	0.0	70.34	76.03	50.99	89.2	69.05	19.8	60.17	45.12	60.13	66.24	12.17	80.62	18.97	46.86	12.65	2.0	75.15	61.06	11.66	86.83	36.06	27.2	16.12	60.3	74.97	11.66	22.2	82.33	63.79	50.99	21.95	72.53	38.95	63.06	21.38	62.39	21.02
28	54.04	95.71	52.8	101.21	48.08	48.7	89.64	77.28	36.5	96.54	75.39	42.19	105.6	24.74	67.23	76.24	89.82	26.08	44.18	89.55	90.55	62.13	80.4	73.24	54.92	82.0	117.59	70.34	0.0	62.29	89.38	78.03	30.0	54.15	92.09	99.64	23.41	50.99	81.58	76.94	71.69	66.03	70.68	72.28	93.23	52.5	74.43	87.13	45.34	93.04	86.35	14.42	8.49	81.61	86.15	82.38	99.62	19.7	67.96	37.05	63.03	48.51	81.88	25.71	69.64
29	80.0	43.27	46.86	58.82	17.89	60.96	64.28	16.12	28.64	68.0	72.47	75.18	62.03	58.82	66.57	18.44	93.06	36.88	69.34	41.23	73.76	80.62	91.61	36.06	8.94	98.08	76.55	76.03	62.29	0.0	52.35	16.49	32.56	75.29	48.08	72.0	40.05	12.65	87.13	15.23	61.74	32.98	66.24	77.67	38.42	15.62	86.83	25.3	42.52	81.04	88.59	50.04	57.27	81.41	98.23	21.02	55.36	55.32	56.8	26.25	39.0	16.16	69.89	37.0	58.6
30	70.11	24.08	39.4	12.65	49.19	53.37	16.97	44.72	71.55	17.09	41.76	73.76	17.09	70.71	42.19	64.5	58.31	73.24	65.51	17.2	29.73	64.12	63.91	17.89	50.0	72.11	28.28	50.99	89.38	52.35	0.0	56.89	69.34	64.12	10.0	20.88	67.94	51.26	56.46	46.69	32.25	24.41	38.47	51.42	28.43	45.69	62.1	47.54	44.94	38.21	54.59	75.07	89.11	48.33	68.94	44.92	13.0	72.11	31.02	67.54	26.4	50.57	32.2	67.48	31.02
31	95.41	40.79	60.96	60.03	34.18	76.03	71.47	12.17	42.76	73.76	84.4	91.24	62.29	75.29	79.4	8.25	104.86	52.15	85.09	42.0	82.46	95.27	104.8	43.86	25.3	111.73	76.66	89.2	78.03	16.49	56.89	0.0	48.04	90.44	50.04	77.67	56.32	29.12	99.64	10.2	73.24	43.27	78.41	90.69	34.93	31.3	100.42	14.42	57.69	90.38	100.44	66.27	72.44	93.23	111.29	13.34	56.08	71.81	68.6	41.19	50.61	32.57	80.13	53.15	70.21
32	62.77	70.0	42.05	79.65	21.26	48.08	74.67	48.08	8.49	80.62	70.03	54.04	83.74	33.94	62.13	46.39	88.81	4.47	51.11	65.12	79.62	67.23	82.97	51.61	26.0	87.32	97.2	69.05	30.0	32.56	69.34	48.04	0.0	59.93	69.43	84.31	11.31	22.36	81.22	47.54	62.29	44.94	64.0	71.02	66.57	25.61	77.2	57.72	34.0	84.59	84.59	19.7	24.74	78.23	89.56	53.16	77.23	28.43	57.43	7.28	45.31	20.81	72.56	7.81	59.41
33	6.0	82.87	30.46	76.42	58.0	14.42	54.41	82.37	68.0	61.35	28.84	14.42	80.62	30.07	23.41	93.72	36.77	60.17	10.0	74.67	48.37	8.0	26.31	57.27	66.6	28.28	87.36	19.8	54.15	75.29	64.12	90.44	59.93	0.0	72.03	62.77	49.4	63.66	28.64	83.35	32.98	52.5	27.86	21.26	83.95	59.67	20.4	91.24	32.8	46.86	34.0	46.69	60.03	31.24	32.02	86.31	77.1	36.22	33.14	65.0	44.64	60.11	39.36	52.39	33.38
34	78.03	14.14	45.12	10.77	48.41	60.3	26.91	38.0	70.46	26.08	51.26	80.62	14.42	75.39	50.99	58.0	68.26	73.59	72.44	8.25	39.7	72.69	73.54	18.87	47.41	81.71	28.64	60.17	92.09	48.08	10.0	50.04	69.43	72.03	0.0	29.53	69.66	49.4	66.21	40.0	41.23	26.08	47.54	60.73	18.87	44.41	71.47	39.29	49.4	48.17	64.5	77.67	90.91	58.14	78.72	37.34	7.81	76.03	39.32	66.61	30.68	49.41	42.06	68.68	39.62
35	68.35	43.27	46.86	24.08	65.97	56.04	10.0	65.51	87.93	4.0	34.93	75.18	26.08	77.79	39.4	85.16	45.12	87.73	67.23	37.58	16.0	60.17	54.04	36.06	68.47	62.13	26.0	45.12	99.64	72.0	20.88	77.67	84.31	62.77	29.53	0.0	80.62	69.05	46.04	67.47	30.53	40.79	34.93	44.72	48.37	63.15	54.15	68.35	54.41	22.8	42.43	86.02	100.96	38.0	57.56	65.8	27.59	80.72	32.65	83.82	39.0	67.68	23.77	80.95	31.4
36	51.88	72.47	35.44	79.25	24.74	38.47	70.71	54.33	19.8	77.18	62.29	42.8	83.55	22.63	54.15	55.79	80.1	10.77	40.25	66.57	74.0	56.92	73.35	50.99	32.06	77.2	96.21	60.13	23.41	40.05	67.94	56.32	11.31	49.4	69.66	80.62	0.0	28.07	72.25	54.15	55.79	43.86	56.57	62.13	69.86	29.12	67.47	64.28	27.2	78.1	76.03	10.0	21.26	70.03	79.83	59.41	77.34	17.2	51.24	18.03	42.2	25.32	66.22	3.61	53.16
37	68.12	48.17	36.72	60.03	5.66	49.52	60.3	26.31	21.26	65.12	63.91	62.77	63.81	46.17	57.27	30.53	84.31	26.83	57.2	44.05	68.12	69.43	81.63	33.53	4.0	87.66	77.9	66.24	50.99	12.65	51.26	29.12	22.36	63.66	49.4	69.05	28.07	0.0	77.82	26.08	53.85	28.28	57.58	68.0	44.41	6.0	76.55	36.22	31.24	74.67	79.85	38.05	46.82	72.8	88.32	31.4	57.14	42.76	48.76	17.69	32.14	3.61	62.97	25.32	50.7
38	31.62	79.65	41.23	66.48	72.5	34.0	41.23	89.2	88.29	46.39	15.62	42.94	69.86	56.89	20.59	104.86	8.25	82.61	37.95	71.69	30.07	21.63	8.0	58.14	79.65	16.12	72.03	12.17	81.58	87.13	56.46	99.64	81.22	28.64	66.21	46.04	72.25	77.82	0.0	90.69	26.91	56.64	21.26	10.2	82.68	72.47	10.0	96.21	48.08	24.33	5.66	72.11	86.58	8.25	12.53	91.92	68.62	62.51	31.14	84.65	49.04	74.73	24.35	74.55	29.7
39	88.59	31.62	53.25	50.16	30.07	68.96	61.35	2.0	43.86	63.56	75.29	85.44	52.61	71.02	70.71	18.0	95.6	51.92	78.79	32.06	72.5	87.66	96.17	34.0	22.09	103.32	67.08	80.62	76.94	15.23	46.69	10.2	47.54	83.35	40.0	67.47	54.15	26.08	90.69	0.0	64.03	34.06	69.43	82.02	26.0	26.31	92.02	10.2	50.99	80.5	91.21	64.12	72.28	84.02	102.55	5.83	46.27	68.26	59.55	41.44	41.73	29.0	70.49	51.35	61.07
40	38.83	53.85	20.4	44.0	49.03	25.61	21.54	62.48	68.0	28.64	11.31	44.72	48.04	48.41	10.0	78.89	31.62	64.78	36.72	45.69	18.87	32.0	33.29	31.24	55.03	41.18	54.41	18.97	71.69	61.74	32.25	73.24	62.29	32.98	41.23	30.53	55.79	53.85	26.91	64.03	0.0	30.0	6.32	19.7	56.36	48.08	30.46	69.31	28.64	22.36	27.2	59.09	74.32	20.0	39.2	65.07	45.18	52.15	5.1	64.01	22.83	51.2	10.44	57.07	3.16
41	58.24	32.25	22.36	35.38	25.3	38.83	32.06	32.56	47.54	36.88	41.23	58.14	39.7	50.0	36.88	49.19	61.61	48.83	50.36	24.74	40.79	55.46	62.29	7.21	28.0	69.66	52.5	46.86	66.03	32.98	24.41	43.27	44.94	52.5	26.08	40.79	43.86	28.28	56.64	34.06	30.0	0.0	35.38	48.17	32.06	22.36	58.41	40.0	24.33	48.08	57.2	51.61	65.12	50.0	68.59	35.47	33.6	50.16	25.5	43.46	8.06	26.93	37.16	43.19	27.02
42	33.53	60.17	22.09	50.04	52.5	22.8	26.68	67.94	70.26	33.53	6.32	40.5	54.0	46.65	4.47	83.76	26.83	66.12	32.8	52.0	21.26	26.08	27.2	37.2	59.09	34.99	59.67	12.65	70.68	66.24	38.47	78.41	64.0	27.86	47.54	34.93	56.57	57.58	21.26	69.43	6.32	35.38	0.0	13.42	62.61	52.0	24.17	75.07	30.0	22.36	22.36	58.82	74.0	15.23	33.3	70.72	51.35	50.99	9.9	66.37	27.8	54.71	12.04	58.22	8.6
43	25.61	73.54	31.3	62.51	62.61	24.08	38.0	80.62	78.1	44.18	10.0	35.61	66.27	47.54	11.31	95.6	18.0	72.44	29.53	65.39	29.12	16.12	14.14	50.48	69.97	21.63	70.46	2.0	72.28	77.67	51.42	90.69	71.02	21.26	60.73	44.72	62.13	68.0	10.2	82.02	19.7	48.17	13.42	0.0	76.03	62.77	10.77	88.09	37.95	26.08	14.14	62.29	76.94	10.0	20.62	83.63	64.13	52.95	23.02	74.46	40.31	64.85	21.1	64.38	21.95
44	89.82	6.0	54.33	26.68	45.65	70.71	45.34	24.17	65.3	44.94	67.23	90.2	28.07	80.89	65.39	43.17	85.6	71.02	82.39	11.31	58.0	86.02	89.55	26.68	41.23	97.53	42.05	75.15	93.23	38.42	28.43	34.93	66.57	83.95	18.87	48.37	69.86	44.41	82.68	26.0	56.36	32.06	62.61	76.03	0.0	41.18	86.76	22.0	56.04	66.48	81.61	79.12	90.35	74.89	95.19	21.59	22.56	80.05	53.31	62.01	39.46	45.79	59.2	67.98	54.13
45	64.4	44.41	31.62	54.92	4.47	45.34	54.33	26.08	26.08	59.23	58.31	59.93	58.82	44.72	51.88	34.06	78.79	30.0	53.85	39.6	62.13	65.05	76.55	27.86	7.21	82.8	72.72	61.06	52.5	15.62	45.69	31.3	25.61	59.67	44.41	63.15	29.12	6.0	72.47	26.31	48.08	22.36	52.0	62.77	41.18	0.0	71.61	36.06	26.91	68.73	74.32	38.83	49.19	67.23	83.22	31.02	52.2	42.05	43.01	22.2	26.17	5.0	57.07	26.93	44.92
46	22.36	84.31	40.0	72.99	71.02	29.12	48.17	90.69	84.76	54.0	20.4	34.18	76.66	50.04	21.63	105.0	17.2	78.1	30.27	76.16	38.21	12.65	6.0	61.06	78.82	11.31	80.1	11.66	74.43	86.83	62.1	100.42	77.2	20.4	71.47	54.15	67.47	76.55	10.0	92.02	30.46	58.41	24.17	10.77	86.76	71.61	0.0	98.41	45.65	33.53	15.62	66.12	80.02	16.49	12.37	93.86	74.73	56.0	33.62	81.34	50.45	73.25	31.06	70.09	32.65
47	96.66	28.0	60.83	48.37	40.0	76.97	63.53	10.0	53.85	64.62	80.62	94.25	50.04	80.62	76.84	22.36	100.5	62.1	87.32	31.05	75.47	95.02	102.18	38.21	32.25	109.64	64.03	86.83	87.13	25.3	47.54	14.42	57.72	91.24	39.29	68.35	64.28	36.22	96.21	10.2	69.31	40.0	75.07	88.09	22.0	36.06	98.41	0.0	59.46	83.76	96.21	74.24	82.46	89.11	108.37	5.1	44.28	78.1	65.19	51.55	48.01	39.05	74.65	61.52	66.53
48	37.74	56.57	8.25	57.31	25.61	18.44	44.41	50.16	40.45	51.22	36.06	34.93	61.77	26.0	28.28	60.96	55.32	36.22	27.86	49.03	46.82	38.21	50.99	31.05	33.94	56.6	72.8	36.06	45.34	42.52	44.94	57.69	34.0	32.8	49.4	54.41	27.2	31.24	48.08	50.99	28.64	24.33	30.0	37.95	56.04	26.91	45.65	59.46	0.0	50.99	50.99	31.62	46.65	44.41	57.7	54.42	56.36	27.2	24.04	36.67	18.79	27.8	39.05	28.44	25.96
49	51.61	62.29	42.76	45.65	70.26	44.94	21.26	78.71	90.09	24.17	18.44	60.83	48.33	68.96	26.08	96.93	22.36	87.13	53.81	55.17	8.49	42.19	32.25	46.52	75.31	40.05	48.37	27.2	93.04	81.04	38.21	90.38	84.59	46.86	48.17	22.8	78.1	74.67	24.33	80.5	22.36	48.08	22.36	26.08	66.48	68.73	33.53	83.76	50.99	0.0	20.0	80.99	96.21	17.09	35.06	80.26	48.55	73.35	27.17	86.05	42.58	72.34	12.04	79.43	25.18
50	37.2	78.23	43.68	63.91	74.67	38.21	38.63	89.64	91.41	43.17	16.12	48.37	67.05	61.61	22.8	106.0	4.47	86.21	43.08	70.46	26.68	27.2	12.65	58.0	81.44	20.1	68.26	16.12	86.35	88.59	54.59	100.44	84.59	34.0	64.5	42.43	76.03	79.85	5.66	91.21	27.2	57.2	22.36	14.14	81.61	74.32	15.62	96.21	50.99	20.0	0.0	76.42	91.08	7.21	15.13	92.1	66.31	67.08	31.91	87.66	49.93	76.9	22.47	78.16	30.23
51	48.08	81.44	39.45	86.83	34.53	38.21	76.03	64.28	27.78	82.8	64.03	37.58	91.21	17.09	55.79	65.51	80.22	17.2	36.88	75.18	77.82	54.59	72.11	58.82	42.05	74.97	103.32	60.3	14.42	50.04	75.07	66.27	19.7	46.69	77.67	86.02	10.0	38.05	72.11	64.12	59.09	51.61	58.82	62.29	79.12	38.83	66.12	74.24	31.62	80.99	76.42	0.0	15.23	71.02	78.31	69.35	85.21	10.77	55.01	26.93	48.8	35.23	69.46	13.15	56.8
52	60.53	93.3	54.59	100.5	44.72	52.95	90.97	72.8	30.0	97.65	79.12	49.03	104.8	30.0	70.88	70.0	94.76	20.4	50.04	87.66	93.04	68.03	86.02	72.25	50.6	88.2	117.39	74.97	8.49	57.27	89.11	72.44	24.74	60.03	90.91	100.96	21.26	46.82	86.58	72.28	74.32	65.12	74.0	76.94	90.35	49.19	80.02	82.46	46.65	96.21	91.08	15.23	0.0	85.91	92.01	77.88	98.6	24.08	70.21	31.26	63.13	44.78	84.69	22.47	72.01
53	35.38	71.69	36.88	58.24	67.68	32.98	32.98	82.46	84.85	38.21	8.94	45.61	61.61	56.92	16.12	98.79	11.66	80.02	39.45	63.81	22.0	25.61	16.12	50.91	74.32	24.33	64.0	11.66	81.61	81.41	48.33	93.23	78.23	31.24	58.14	38.0	70.03	72.8	8.25	84.02	20.0	50.0	15.23	10.0	74.89	67.23	16.49	89.11	44.41	17.09	7.21	71.02	85.91	0.0	20.62	84.96	60.41	62.1	24.7	81.05	42.72	69.89	16.16	72.01	23.02
54	32.76	92.18	51.62	78.75	82.86	41.48	53.45	101.12	97.08	58.25	28.02	44.91	82.01	62.01	31.89	116.21	13.15	90.47	42.01	84.22	41.77	24.02	6.71	70.43	90.43	6.4	83.38	22.2	86.15	98.23	68.94	111.29	89.56	32.02	78.72	57.56	79.83	88.32	12.53	102.55	39.2	68.59	33.3	20.62	95.19	83.22	12.37	108.37	57.7	35.06	15.13	78.31	92.01	20.62	0.0	104.0	80.99	68.07	43.19	93.64	60.83	85.09	36.77	82.46	41.87
55	91.71	27.46	55.95	47.01	35.01	72.01	60.42	5.1	49.66	61.98	76.38	89.19	49.09	75.54	72.35	21.59	96.43	57.57	82.28	29.15	72.07	90.21	97.74	34.21	27.46	105.12	63.39	82.33	82.38	21.02	44.92	13.34	53.16	86.31	37.34	65.8	59.41	31.4	91.92	5.83	65.07	35.47	70.72	83.63	21.59	31.02	93.86	5.1	54.42	80.26	92.1	69.35	77.88	84.96	104.0	0.0	43.0	73.06	60.83	47.17	43.42	34.13	70.8	56.72	62.23
56	83.1	16.76	51.55	4.12	56.22	66.1	27.73	44.28	78.24	24.84	54.34	86.49	6.71	82.35	55.15	64.2	69.78	81.39	78.26	14.32	40.31	77.1	76.24	26.4	55.07	84.48	21.19	63.79	99.62	55.36	13.0	56.08	77.23	77.1	7.81	27.59	77.34	57.14	68.62	46.27	45.18	33.6	51.35	64.13	22.56	52.2	74.73	44.28	56.36	48.55	66.31	85.21	98.6	60.41	80.99	43.0	0.0	83.24	44.01	74.4	37.58	57.2	44.27	76.42	44.01
57	37.36	81.61	33.94	84.38	38.21	29.12	70.77	68.12	36.88	77.79	55.71	26.83	88.84	6.32	47.54	72.11	70.71	26.91	26.31	74.67	71.02	44.18	62.0	57.27	46.69	64.5	100.0	50.99	19.7	55.32	72.11	71.81	28.43	36.22	76.03	80.72	17.2	42.76	62.51	68.26	52.15	50.16	50.99	52.95	80.05	42.05	56.0	78.1	27.2	73.35	67.08	10.77	24.08	62.1	68.07	73.06	83.24	0.0	48.6	35.23	45.79	39.46	62.27	20.81	50.22
58	39.12	51.24	15.81	43.29	43.93	23.71	23.02	58.05	63.01	30.23	15.81	43.66	47.52	45.28	12.08	74.09	36.36	60.02	35.47	43.01	22.85	33.38	37.01	27.46	49.98	44.65	55.15	21.95	67.96	56.8	31.02	68.6	57.43	33.14	39.32	32.65	51.24	48.76	31.14	59.55	5.1	25.5	9.9	23.02	53.31	43.01	33.62	65.19	24.04	27.17	31.91	55.01	70.21	24.7	43.19	60.83	44.01	48.6	0.0	59.0	18.03	46.1	15.13	52.39	2.0
59	68.24	65.86	44.28	77.1	18.36	52.39	74.46	42.15	4.12	80.01	72.56	60.14	81.02	40.46	64.94	39.2	91.98	11.0	56.61	61.62	80.5	72.01	86.98	49.65	20.81	91.79	94.87	72.53	37.05	26.25	67.54	41.19	7.28	65.0	66.61	83.82	18.03	17.69	84.65	41.44	64.01	43.46	66.37	74.46	62.01	22.2	81.34	51.55	36.67	86.05	87.66	26.93	31.26	81.05	93.64	47.17	74.4	35.23	59.0	0.0	45.12	17.2	74.03	14.42	61.0
60	50.45	39.0	15.0	38.59	28.02	31.26	29.41	40.31	49.24	35.34	33.84	51.0	43.05	44.78	29.0	56.08	54.38	48.75	43.05	31.06	36.01	47.42	54.45	13.0	32.76	61.72	54.56	38.95	63.03	39.0	26.4	50.61	45.31	44.64	30.68	39.0	42.2	32.14	49.04	41.73	22.83	8.06	27.8	40.31	39.46	26.17	50.45	48.01	18.79	42.58	49.93	48.8	63.13	42.72	60.83	43.42	37.58	45.79	18.03	45.12	0.0	30.0	31.05	42.19	19.72
61	64.54	49.2	33.54	59.91	2.24	46.01	58.69	29.07	21.1	63.79	61.03	59.17	63.82	42.72	54.23	34.13	81.34	25.24	53.6	44.55	66.01	65.95	78.39	32.7	7.28	84.31	77.7	63.06	48.51	16.16	50.57	32.57	20.81	60.11	49.41	67.68	25.32	3.61	74.73	29.0	51.2	26.93	54.71	64.85	45.79	5.0	73.25	39.05	27.8	72.34	76.9	35.23	44.78	69.89	85.09	34.13	57.2	39.46	46.1	17.2	30.0	0.0	60.53	22.8	48.05
62	44.78	55.76	30.81	42.2	58.42	34.71	17.12	68.8	78.06	23.09	11.18	52.43	45.71	58.25	16.4	86.33	26.4	75.13	44.82	48.01	9.22	36.4	32.02	36.62	63.79	40.26	49.37	21.38	81.88	69.89	32.2	80.13	72.56	39.36	42.06	23.77	66.22	62.97	24.35	70.49	10.44	37.16	12.04	21.1	59.2	57.07	31.06	74.65	39.05	12.04	22.47	69.46	84.69	16.16	36.77	70.8	44.27	62.27	15.13	74.03	31.05	60.53	0.0	67.47	13.15
63	55.07	70.83	36.67	78.49	22.47	41.0	71.11	51.62	16.28	77.41	64.07	46.23	82.73	26.17	56.01	52.39	82.3	8.06	43.42	65.22	75.0	59.81	75.93	50.21	29.27	80.01	95.67	62.39	25.71	37.0	67.48	53.15	7.81	52.39	68.68	80.95	3.61	25.32	74.55	51.35	57.07	43.19	58.22	64.38	67.98	26.93	70.09	61.52	28.44	79.43	78.16	13.15	22.47	72.01	82.46	56.72	76.42	20.81	52.39	14.42	42.19	22.8	67.47	0.0	54.34
64	39.32	51.87	17.72	43.1	45.89	24.7	21.95	59.55	65.01	29.15	14.21	44.38	47.27	46.75	11.4	75.8	34.67	61.98	36.25	43.66	21.02	33.14	35.81	28.6	51.87	43.57	54.42	21.02	69.64	58.6	31.02	70.21	59.41	33.38	39.62	31.4	53.16	50.7	29.7	61.07	3.16	27.02	8.6	21.95	54.13	44.92	32.65	66.53	25.96	25.18	30.23	56.8	72.01	23.02	41.87	62.23	44.01	50.22	2.0	61.0	19.72	48.05	13.15	54.34	0.0
;
