vehicles
vehicle_idx, capacity, cost_per_unit_distance
1,100,3
2,100,3
3,100,3
4,100,3
5,100,3
6,100,3
7,100,3
depot
node_idx,x,y
0,61,5
home delivery customers
node_idx,x,y,service_time,demand
1,49,67,15,8
2,17,61,15,12
3,45,61,15,3
4,71,37,15,4
5,77,63,15,20
6,21,83,15,19
7,77,25,15,2
8,85,95,15,23
9,75,25,15,5
10,81,69,15,9
11,23,57,15,13
12,77,35,15,16
13,41,37,15,2
14,13,69,15,13
15,9,85,15,19
16,59,83,15,21
17,1,83,15,13
18,95,25,15,18
19,51,85,15,36
self pickup customers
node_idx,x,y,service_time,demand,locker_idxs
20,49,93,15,15,56
21,69,11,15,17,59
22,87,15,15,2,58
23,19,83,15,17,54
24,69,87,15,20,60
25,69,43,15,16,58-54-60
26,53,23,15,23,58
27,7,7,15,15,60
28,81,15,15,18,58
29,21,93,15,6,60
30,71,91,15,8,59
31,31,13,15,2,57
32,65,75,15,18,60
33,91,27,15,9,58
34,15,19,15,3,57
35,7,37,15,14,57-55-59
36,15,29,15,6,57-59
flexible customers
node_idx,x,y,service_time,demand,locker_idxs
37,85,53,15,24,60-54-58
38,17,57,15,9,55-59-56
39,49,39,15,19,54-56
40,87,23,15,10,58
41,21,53,15,23,55-59-57-56
42,89,7,15,2,55
43,43,93,15,23,60
44,1,43,15,12,55-59-57
45,49,3,15,7,54
46,69,33,15,2,58-60-54
47,91,47,15,4,60-54-58
48,61,11,15,19,55
49,85,69,15,4,60
50,1,13,15,22,57
51,85,31,15,10,58-54
52,5,33,15,5,55-59-57
53,51,11,15,9,57
lockers
node_idx,x,y,service_time,capacity,cost_per_unit_good
0,93,12,10,89
1,22,88,10,84
2,65,88,10,92
3,25,15,10,84
4,77,88,10,92
5,72,14,10,95
60,68,47,10,93
61,2,59,10,94
62,37,47,10,86
63,23,30,10,80
64,89,41,10,74
65,19,48,10,74
66,72,59,10,85
mrt lines
start_node_idx,end_node_idx,freight_capacity,cost_per_unit_good
0,1,89,0.5
1,0,89,0.5
2,3,92,0.5
3,2,92,0.5
4,5,95,0.5
5,4,95,0.5
distance matrix
,0,1,2,3,4,5,6,7,8,9,10,11,12,13,14,15,16,17,18,19,20,21,22,23,24,25,26,27,28,29,30,31,32,33,34,35,36,37,38,39,40,41,42,43,44,45,46,47,48,49,50,51,52,53,54,55,56,57,58,59,60,61,62,63,64,65,66,
0,0.0,63.15,71.22,58.24,33.53,60.17,87.66,25.61,93.15,24.41,67.05,64.4,34.0,37.74,80.0,95.41,78.03,98.41,39.45,80.62,88.81,10.0,27.86,88.59,82.39,38.83,19.7,54.04,22.36,96.66,86.58,31.05,70.11,37.2,48.08,62.77,51.88,53.67,68.12,36.06,31.62,62.48,28.07,89.82,71.02,12.17,29.12,51.61,6.0,68.35,60.53,35.38,62.61,11.66,32.76,91.71,83.1,37.36,84.53,14.21,42.58,79.98,48.37,45.49,45.61,60.11,55.11
1,63.15,0.0,32.56,7.21,37.2,28.28,32.25,50.48,45.61,49.4,32.06,27.86,42.52,31.05,36.06,43.86,18.87,50.6,62.29,18.11,26.0,59.46,64.4,34.0,28.28,31.24,44.18,73.24,61.06,38.21,32.56,56.92,17.89,58.0,58.82,51.61,50.99,38.63,33.53,28.0,58.14,31.3,72.11,26.68,53.67,64.0,39.45,46.52,57.27,36.06,72.25,50.91,55.61,56.04,70.43,34.21,26.4,57.27,35.0,57.78,27.59,47.68,23.32,45.22,47.71,35.51,24.35
2,71.22,32.56,0.0,28.0,59.09,60.03,22.36,69.97,76.03,68.26,64.5,7.21,65.39,33.94,8.94,25.3,47.41,27.2,85.91,41.62,45.25,72.14,83.76,22.09,58.14,55.03,52.35,54.92,78.82,32.25,61.77,50.0,50.0,81.44,42.05,26.0,32.06,68.47,4.0,38.83,79.65,8.94,90.0,41.23,24.08,66.24,59.06,75.31,66.6,68.47,50.6,74.32,30.46,60.46,90.43,27.46,55.07,46.69,65.8,72.35,52.89,15.13,24.41,31.58,74.73,13.15,55.04
3,58.24,7.21,28.0,0.0,35.38,32.06,32.56,48.17,52.5,46.86,36.88,22.36,41.23,24.33,32.98,43.27,26.08,49.19,61.61,24.74,32.25,55.46,62.29,34.06,35.38,30.0,38.83,66.03,58.41,40.0,39.7,50.0,24.41,57.2,51.61,44.94,43.86,40.79,28.28,22.36,56.64,25.3,69.66,32.06,47.54,58.14,36.88,48.08,52.5,40.79,65.12,50.0,48.83,50.36,68.59,35.47,33.6,50.16,41.87,54.2,26.93,43.05,16.12,38.01,48.33,29.07,27.07
4,33.53,37.2,59.09,35.38,0.0,26.68,67.94,13.42,59.67,12.65,33.53,52.0,6.32,30.0,66.24,78.41,47.54,83.76,26.83,52.0,60.17,26.08,27.2,69.43,50.04,6.32,22.8,70.68,24.17,75.07,54.0,46.65,38.47,22.36,58.82,64.0,56.57,21.26,57.58,22.09,21.26,52.5,34.99,62.61,70.26,40.5,4.47,22.36,27.86,34.93,74.0,15.23,66.12,32.8,33.3,70.72,51.35,50.99,51.35,23.02,10.44,72.42,35.44,48.51,18.44,53.15,22.02
5,60.17,28.28,60.03,32.06,26.68,0.0,59.46,38.0,32.98,38.05,7.21,54.33,28.0,44.41,64.28,71.47,26.91,78.59,42.05,34.06,41.04,52.61,49.03,61.35,25.3,21.54,46.65,89.64,48.17,63.53,28.64,67.94,16.97,38.63,76.03,74.67,70.71,12.81,60.3,36.88,41.23,56.89,57.27,45.34,78.59,66.21,31.05,21.26,54.41,10.0,90.97,32.98,78.0,58.14,53.45,60.42,27.73,70.77,25.0,49.25,18.36,75.11,43.08,63.29,25.06,59.91,6.4
6,87.66,32.25,22.36,32.56,67.94,59.46,0.0,80.62,65.12,79.25,61.61,26.08,73.76,50.16,16.12,12.17,38.0,20.0,94.02,30.07,29.73,86.53,94.76,2.0,48.17,62.48,68.0,77.28,90.69,10.0,50.64,70.71,44.72,89.64,64.28,48.08,54.33,70.68,26.31,52.15,89.2,30.0,101.98,24.17,44.72,84.76,69.31,78.71,82.37,65.51,72.8,82.46,52.5,78.0,101.12,5.1,44.28,68.12,56.22,85.8,59.2,30.61,39.4,53.04,79.92,35.06,56.36
7,25.61,50.48,69.97,48.17,13.42,38.0,80.62,0.0,70.46,2.0,44.18,62.77,10.0,37.95,77.67,90.69,60.73,95.6,18.0,65.39,73.54,16.12,14.14,82.02,62.51,19.7,24.08,72.28,10.77,88.09,66.27,47.54,51.42,14.14,62.29,71.02,62.13,29.12,68.0,31.3,10.2,62.61,21.63,76.03,78.1,35.61,11.31,26.08,21.26,44.72,76.94,10.0,72.44,29.53,20.62,83.63,64.13,52.95,63.0,12.08,23.77,82.35,45.65,54.23,20.0,62.39,34.37
8,93.15,45.61,76.03,52.5,59.67,32.98,65.12,70.46,0.0,70.71,26.31,72.72,60.53,72.8,76.55,76.66,28.64,84.85,70.71,35.44,36.06,85.51,80.02,67.08,17.89,54.41,78.79,117.59,80.1,64.03,14.56,98.18,28.28,68.26,103.32,97.2,96.21,42.0,77.9,66.57,72.03,76.55,88.09,42.05,98.79,98.79,64.03,48.37,87.36,26.0,117.39,64.0,101.21,90.62,83.38,63.39,21.19,100.0,10.63,82.04,50.92,90.47,67.88,89.83,54.15,81.02,38.28
9,24.41,49.4,68.26,46.86,12.65,38.05,79.25,2.0,70.71,0.0,44.41,61.06,10.2,36.06,76.03,89.2,60.17,94.02,20.0,64.62,72.8,15.23,15.62,80.62,62.29,18.97,22.09,70.34,11.66,86.83,66.12,45.61,50.99,16.12,60.3,69.05,60.13,29.73,66.24,29.53,12.17,60.83,22.8,75.15,76.16,34.06,10.0,27.2,19.8,45.12,74.97,11.66,70.46,27.78,22.2,82.33,63.79,50.99,63.03,11.4,23.09,80.53,43.91,52.24,21.26,60.54,34.13
10,67.05,32.06,64.5,36.88,33.53,7.21,61.61,44.18,26.31,44.41,0.0,59.23,34.23,51.22,68.0,73.76,26.08,81.22,46.17,34.0,40.0,59.23,54.33,63.56,21.63,28.64,53.85,96.54,54.0,64.62,24.17,75.07,17.09,43.17,82.8,80.62,77.18,16.49,65.12,43.86,46.39,62.1,62.51,44.94,84.12,73.35,37.95,24.17,61.35,4.0,97.65,38.21,84.1,65.3,58.25,61.98,24.84,77.79,19.42,55.73,25.55,79.63,49.19,69.89,29.12,65.46,13.45
11,64.4,27.86,7.21,22.36,52.0,54.33,26.08,62.77,72.72,61.06,59.23,0.0,58.31,26.91,15.62,31.3,44.41,34.06,78.79,39.6,44.41,65.05,76.55,26.31,54.92,48.08,45.34,52.5,71.61,36.06,58.82,44.72,45.69,74.32,38.83,25.61,29.12,62.13,6.0,31.62,72.47,4.47,82.8,41.18,26.08,59.93,51.88,68.73,59.67,63.15,49.19,67.23,30.0,53.85,83.22,31.02,52.2,42.05,62.27,65.19,46.1,21.1,17.2,27.0,67.91,9.85,49.04
12,34.0,42.52,65.39,41.23,6.32,28.0,73.76,10.0,60.53,10.2,34.23,58.31,0.0,36.06,72.47,84.4,51.26,89.89,20.59,56.36,64.4,25.3,22.36,75.29,52.61,11.31,26.83,75.39,20.4,80.62,56.32,50.99,41.76,16.12,64.03,70.03,62.29,19.7,63.91,28.28,15.62,58.82,30.46,67.23,76.42,42.52,8.25,18.44,28.84,34.93,79.12,8.94,72.03,35.38,28.02,76.38,54.34,55.71,53.0,21.59,15.0,78.75,41.76,54.23,13.42,59.44,24.52
13,37.74,31.05,33.94,24.33,30.0,44.41,50.16,37.95,72.8,36.06,51.22,26.91,36.06,0.0,42.52,57.69,49.4,60.96,55.32,49.03,56.57,38.21,50.99,50.99,57.31,28.64,18.44,45.34,45.65,59.46,61.77,26.0,44.94,50.99,31.62,34.0,27.2,46.82,31.24,8.25,48.08,25.61,56.6,56.04,40.45,34.93,28.28,50.99,32.8,54.41,46.65,44.41,36.22,27.86,57.7,54.42,56.36,27.2,62.43,38.6,28.79,44.78,10.77,19.31,48.17,24.6,38.01
14,80.0,36.06,8.94,32.98,66.24,64.28,16.12,77.67,76.55,76.03,68.0,15.62,72.47,42.52,0.0,16.49,48.08,18.44,93.06,41.23,43.27,80.62,91.61,15.23,58.82,61.74,60.96,62.29,86.83,25.3,62.03,58.82,52.35,88.59,50.04,32.56,40.05,73.76,12.65,46.86,87.13,17.89,98.08,38.42,28.64,75.18,66.57,81.04,75.29,72.0,57.27,81.41,36.88,69.34,98.23,21.02,55.36,55.32,66.76,80.66,59.24,14.87,32.56,40.26,80.99,21.84,59.84
15,95.41,43.86,25.3,43.27,78.41,71.47,12.17,90.69,76.66,89.2,73.76,31.3,84.4,57.69,16.49,0.0,50.04,8.25,104.86,42.0,40.79,95.27,104.8,10.2,60.03,73.24,76.03,78.03,100.42,14.42,62.29,75.29,56.89,100.44,66.27,48.04,56.32,82.46,29.12,60.96,99.64,34.18,111.73,34.93,42.76,91.24,79.4,90.38,90.44,77.67,72.44,93.23,52.15,85.09,111.29,13.34,56.08,71.81,68.07,94.92,70.18,26.93,47.2,56.75,91.3,38.33,68.15
16,78.03,18.87,47.41,26.08,47.54,26.91,38.0,60.73,28.64,60.17,26.08,44.41,51.26,49.4,48.08,50.04,0.0,58.0,68.26,8.25,14.14,72.69,73.54,40.0,10.77,41.23,60.3,92.09,71.47,39.29,14.42,75.39,10.0,64.5,77.67,69.43,69.66,39.7,49.4,45.12,66.21,48.41,81.71,18.87,70.46,80.62,50.99,48.17,72.03,29.53,90.91,58.14,73.59,72.44,78.72,37.34,7.81,76.03,18.68,70.21,37.11,61.85,42.19,64.07,51.61,53.15,27.29
17,98.41,50.6,27.2,49.19,83.76,78.59,20.0,95.6,84.85,94.02,81.22,34.06,89.89,60.96,18.44,8.25,58.0,0.0,110.45,50.04,49.03,99.04,109.64,18.0,68.12,78.89,79.4,76.24,105.0,22.36,70.46,76.16,64.5,106.0,65.51,46.39,55.79,89.2,30.53,65.12,104.86,36.06,116.28,43.17,40.0,93.3,84.4,96.93,93.72,85.16,70.0,98.79,50.16,87.66,116.21,21.59,64.2,72.11,76.16,99.01,76.06,24.02,50.91,57.38,97.51,39.36,74.95
18,39.45,62.29,85.91,61.61,26.83,42.05,94.02,18.0,70.71,20.0,46.17,78.79,20.59,55.32,93.06,104.86,68.26,110.45,0.0,74.4,82.1,29.53,12.81,95.6,67.23,31.62,42.05,89.82,17.2,100.5,70.23,65.12,58.31,4.47,80.22,88.81,80.1,29.73,84.31,48.08,8.25,79.12,18.97,85.6,95.71,50.99,27.2,22.36,36.77,45.12,94.76,11.66,90.35,46.17,13.15,96.43,69.78,70.71,65.52,25.5,34.83,99.02,62.03,72.17,17.09,79.4,41.05
19,80.62,18.11,41.62,24.74,52.0,34.06,30.07,65.39,35.44,64.62,34.0,39.6,56.36,49.03,41.23,42.0,8.25,50.04,74.4,0.0,8.25,76.16,78.71,32.06,18.11,45.69,62.03,89.55,76.16,31.05,20.88,74.73,17.2,70.46,75.18,65.12,66.57,46.69,44.05,46.04,71.69,43.86,86.76,11.31,65.3,82.02,55.03,55.17,74.67,37.58,87.66,63.81,69.43,74.0,84.22,29.15,14.32,74.67,26.17,74.04,41.63,55.47,40.5,61.72,58.14,48.92,33.42
20,88.81,26.0,45.25,32.25,60.17,41.04,29.73,73.54,36.06,72.8,40.0,44.41,64.4,56.57,43.27,40.79,14.14,49.03,82.1,8.25,0.0,84.4,86.76,31.62,20.88,53.85,70.11,95.71,84.31,28.0,22.09,82.0,24.08,78.23,81.44,70.0,72.47,53.81,48.17,54.0,79.65,48.83,94.85,6.0,69.31,90.0,63.25,62.29,82.87,43.27,93.3,71.69,74.4,82.02,92.18,27.46,16.76,81.61,28.44,82.28,49.77,58.01,47.54,68.15,65.6,54.08,41.05
21,10.0,59.46,72.14,55.46,26.08,52.61,86.53,16.12,85.51,15.23,59.23,65.05,25.3,38.21,80.62,95.27,72.69,99.04,29.53,76.16,84.4,0.0,18.44,87.66,76.0,32.0,20.0,62.13,12.65,95.02,80.02,38.05,64.12,27.2,54.59,67.23,56.92,44.94,69.43,34.41,21.63,63.78,20.4,86.02,75.15,21.54,22.0,42.19,8.0,60.17,68.03,25.61,67.68,18.0,24.02,90.21,77.1,44.18,77.41,4.24,36.01,82.42,48.17,49.77,36.06,62.2,48.09
22,27.86,64.4,83.76,62.29,27.2,49.03,94.76,14.14,80.02,15.62,54.33,76.55,22.36,50.99,91.61,104.8,73.54,109.64,12.81,78.71,86.76,18.44,0.0,96.17,74.22,33.29,34.93,80.4,6.0,102.18,77.67,56.04,63.91,12.65,72.11,82.97,73.35,38.05,81.63,44.94,8.0,76.16,8.25,89.55,90.44,39.85,25.46,32.25,26.31,54.04,86.02,16.12,83.95,36.22,6.71,97.74,76.24,62.0,73.68,15.03,37.22,95.71,59.36,65.73,26.08,75.58,46.49
23,88.59,34.0,22.09,34.06,69.43,61.35,2.0,82.02,67.08,80.62,63.56,26.31,75.29,50.99,15.23,10.2,40.0,18.0,95.6,32.06,31.62,87.66,96.17,0.0,50.16,64.03,68.96,76.94,92.02,10.2,52.61,71.02,46.69,91.21,64.12,47.54,54.15,72.5,26.08,53.25,90.69,30.07,103.32,26.0,43.86,85.44,70.71,80.5,83.35,67.47,72.28,84.02,51.92,78.79,102.55,5.83,46.27,68.26,58.22,87.01,60.8,29.41,40.25,53.15,81.63,35.0,58.18
24,82.39,28.28,58.14,35.38,50.04,25.3,48.17,62.51,17.89,62.29,21.63,54.92,52.61,57.31,58.82,60.03,10.77,68.12,67.23,18.11,20.88,76.0,74.22,50.16,0.0,44.0,65.97,101.21,72.99,48.37,4.47,83.19,12.65,63.91,86.83,79.65,79.25,37.58,60.03,52.0,66.48,58.82,82.46,26.68,80.99,86.35,54.0,45.65,76.42,24.08,100.5,58.24,83.74,78.1,78.75,47.01,4.12,84.38,8.06,73.06,40.01,72.62,51.22,73.25,50.16,63.41,28.16
25,38.83,31.24,55.03,30.0,6.32,21.54,62.48,19.7,54.41,18.97,28.64,48.08,11.31,28.64,61.74,73.24,41.23,78.89,31.62,45.69,53.85,32.0,33.29,64.03,44.0,0.0,25.61,71.69,30.46,69.31,48.04,48.41,32.25,27.2,59.09,62.29,55.79,18.87,53.85,20.4,26.91,49.03,41.18,56.36,68.0,44.72,10.0,22.36,32.98,30.53,74.32,20.0,64.78,36.72,39.2,65.07,45.18,52.15,45.71,29.15,4.12,68.88,32.25,47.8,20.1,50.25,16.28
26,19.7,44.18,52.35,38.83,22.8,46.65,68.0,24.08,78.79,22.09,53.85,45.34,26.83,18.44,60.96,76.03,60.3,79.4,42.05,62.03,70.11,20.0,34.93,68.96,65.97,25.61,0.0,48.7,29.12,76.97,70.34,24.17,53.37,38.21,38.21,48.08,38.47,43.86,49.52,16.49,34.0,43.86,39.4,70.71,55.71,20.4,18.87,44.94,14.42,56.04,52.95,32.98,49.03,12.17,41.48,72.01,66.1,29.12,69.29,21.02,28.3,62.43,28.84,30.81,40.25,42.2,40.71
27,54.04,73.24,54.92,66.03,70.68,89.64,77.28,72.28,117.59,70.34,96.54,52.5,75.39,45.34,62.29,78.03,92.09,76.24,89.82,89.55,95.71,62.13,80.4,76.94,101.21,71.69,48.7,0.0,74.43,87.13,105.6,24.74,89.38,86.35,14.42,30.0,23.41,90.55,50.99,52.8,81.58,48.08,82.0,93.23,36.5,42.19,67.23,93.04,54.15,99.64,8.49,81.61,26.08,44.18,86.15,82.38,99.62,19.7,107.06,65.38,72.95,52.24,50.0,28.02,88.77,42.72,83.24
28,22.36,61.06,78.82,58.41,24.17,48.17,90.69,10.77,80.1,11.66,54.0,71.61,20.4,45.65,86.83,100.42,71.47,105.0,17.2,76.16,84.31,12.65,6.0,92.02,72.99,30.46,29.12,74.43,0.0,98.41,76.66,50.04,62.1,15.62,66.12,77.2,67.47,38.21,76.55,40.0,10.0,71.02,11.31,86.76,84.76,34.18,21.63,33.53,20.4,54.15,80.02,16.49,78.1,30.27,12.37,93.86,74.73,56.0,73.11,9.06,34.54,90.43,54.41,59.91,27.2,70.24,44.91
29,96.66,38.21,32.25,40.0,75.07,63.53,10.0,88.09,64.03,86.83,64.62,36.06,80.62,59.46,25.3,14.42,39.29,22.36,100.5,31.05,28.0,95.02,102.18,10.2,48.37,69.31,76.97,87.13,98.41,0.0,50.04,80.62,47.54,96.21,74.24,57.72,64.28,75.47,36.22,60.83,96.21,40.0,109.64,22.0,53.85,94.25,76.84,83.76,91.24,68.35,82.46,89.11,62.1,87.32,108.37,5.1,44.28,78.1,56.22,94.03,65.76,38.95,48.7,63.03,85.6,45.04,61.29
30,86.58,32.56,61.77,39.7,54.0,28.64,50.64,66.27,14.56,66.12,24.17,58.82,56.32,61.77,62.03,62.29,14.42,70.46,70.23,20.88,22.09,80.02,77.67,52.61,4.47,48.04,70.34,105.6,76.66,50.04,0.0,87.66,17.09,67.05,91.21,83.74,83.55,40.5,63.81,56.46,69.86,62.8,85.91,28.07,84.88,90.71,58.03,48.33,80.62,26.08,104.8,61.61,87.86,82.46,82.01,49.09,6.71,88.84,6.71,77.01,44.1,76.06,55.61,77.62,53.14,67.48,32.02
31,31.05,56.92,50.0,50.0,46.65,67.94,70.71,47.54,98.18,45.61,75.07,44.72,50.99,26.0,58.82,75.29,75.39,76.16,65.12,74.73,82.0,38.05,56.04,71.02,83.19,48.41,24.17,24.74,50.04,80.62,87.66,0.0,70.71,61.61,17.09,33.94,22.63,67.2,46.17,31.62,56.89,41.23,58.31,80.89,42.43,20.59,42.94,68.96,30.07,77.79,30.0,56.92,32.8,20.1,62.01,75.54,82.35,6.32,87.98,41.01,50.25,54.38,34.53,18.79,64.4,37.0,61.62
32,70.11,17.89,50.0,24.41,38.47,16.97,44.72,51.42,28.28,50.99,17.09,45.69,41.76,44.94,52.35,56.89,10.0,64.5,58.31,17.2,24.08,64.12,63.91,46.69,12.65,32.25,53.37,89.38,62.1,47.54,17.09,70.71,0.0,54.59,75.07,69.34,67.94,29.73,51.26,39.4,56.46,49.19,72.11,28.43,71.55,73.76,42.19,38.21,64.12,20.88,89.11,48.33,73.24,65.51,68.94,44.92,13.0,72.11,17.69,61.4,28.16,65.0,39.6,61.55,41.62,53.34,17.46
33,37.2,58.0,81.44,57.2,22.36,38.63,89.64,14.14,68.26,16.12,43.17,74.32,16.12,50.99,88.59,100.44,64.5,106.0,4.47,70.46,78.23,27.2,12.65,91.21,63.91,27.2,38.21,86.35,15.62,96.21,67.05,61.61,54.59,0.0,76.42,84.59,76.03,26.68,79.85,43.68,5.66,74.67,20.1,81.61,91.41,48.37,22.8,20.0,34.0,42.43,91.08,7.21,86.21,43.08,15.13,92.1,66.31,67.08,62.59,23.02,30.48,94.58,57.58,68.07,14.14,75.0,37.22
34,48.08,58.82,42.05,51.61,58.82,76.03,64.28,62.29,103.32,60.3,82.8,38.83,64.03,31.62,50.04,66.27,77.67,65.51,80.22,75.18,81.44,54.59,72.11,64.12,86.83,59.09,38.21,14.42,66.12,74.24,91.21,17.09,75.07,76.42,0.0,19.7,10.0,77.82,38.05,39.45,72.11,34.53,74.97,79.12,27.78,37.58,55.79,80.99,46.69,86.02,15.23,71.02,17.2,36.88,78.31,69.35,85.21,10.77,92.76,57.22,59.94,42.06,35.61,13.6,77.2,29.27,69.63
35,62.77,51.61,26.0,44.94,64.0,74.67,48.08,71.02,97.2,69.05,80.62,25.61,70.03,34.0,32.56,48.04,69.43,46.39,88.81,65.12,70.0,67.23,82.97,47.54,79.65,62.29,48.08,30.0,77.2,57.72,83.74,33.94,69.34,84.59,19.7,0.0,11.31,79.62,22.36,42.05,81.22,21.26,87.32,66.57,8.49,54.04,62.13,84.59,59.93,84.31,24.74,78.23,4.47,51.11,89.56,53.16,77.23,28.43,86.61,68.95,61.81,22.56,31.62,17.46,82.1,16.28,68.62
36,51.88,50.99,32.06,43.86,56.57,70.71,54.33,62.13,96.21,60.13,77.18,29.12,62.29,27.2,40.05,56.32,69.66,55.79,80.1,66.57,72.47,56.92,73.35,54.15,79.25,55.79,38.47,23.41,67.47,64.28,83.55,22.63,67.94,76.03,10.0,11.31,0.0,74.0,28.07,35.44,72.25,24.74,77.2,69.86,19.8,42.8,54.15,78.1,49.4,80.62,21.26,70.03,10.77,40.25,79.83,59.41,77.34,17.2,85.59,58.94,55.97,32.7,28.43,8.06,74.97,19.42,64.41
37,53.67,38.63,68.47,40.79,21.26,12.81,70.68,29.12,42.0,29.73,16.49,62.13,19.7,46.82,73.76,82.46,39.7,89.2,29.73,46.69,53.81,44.94,38.05,72.5,37.58,18.87,43.86,90.55,38.21,75.47,40.5,67.2,29.73,26.68,77.82,79.62,74.0,0.0,68.12,38.63,30.07,64.0,46.17,58.0,84.59,61.61,25.61,8.49,48.37,16.0,93.04,22.0,82.46,54.04,41.77,72.07,40.31,71.02,35.9,41.11,18.03,83.22,48.37,66.13,12.65,66.19,14.32
38,68.12,33.53,4.0,28.28,57.58,60.3,26.31,68.0,77.9,66.24,65.12,6.0,63.91,31.24,12.65,29.12,49.4,30.53,84.31,44.05,48.17,69.43,81.63,26.08,60.03,53.85,49.52,50.99,76.55,36.22,63.81,46.17,51.26,79.85,38.05,22.36,28.07,68.12,0.0,36.72,77.82,5.66,87.66,44.41,21.26,62.77,57.27,74.67,63.66,69.05,46.82,72.8,26.83,57.2,88.32,31.4,57.14,42.76,67.54,69.81,51.97,15.13,22.36,27.66,73.76,9.22,55.04
39,36.06,28.0,38.83,22.36,22.09,36.88,52.15,31.3,66.57,29.53,43.86,31.62,28.28,8.25,46.86,60.96,45.12,65.12,48.08,46.04,54.0,34.41,44.94,53.25,52.0,20.4,16.49,52.8,40.0,60.83,56.46,31.62,39.4,43.68,39.45,42.05,35.44,38.63,36.72,0.0,41.23,31.3,51.22,54.33,48.17,36.0,20.88,42.76,30.46,46.86,54.59,36.88,44.41,28.07,51.62,55.95,51.55,33.94,56.44,33.97,20.62,51.08,14.42,27.51,40.05,31.32,30.48
40,31.62,58.14,79.65,56.64,21.26,41.23,89.2,10.2,72.03,12.17,46.39,72.47,15.62,48.08,87.13,99.64,66.21,104.86,8.25,71.69,79.65,21.63,8.0,90.69,66.48,26.91,34.0,81.58,10.0,96.21,69.86,56.89,56.46,5.66,72.11,81.22,72.25,30.07,77.82,41.23,0.0,72.5,16.12,82.68,88.29,42.94,20.59,24.33,28.64,46.04,86.58,8.25,82.61,37.95,12.53,91.92,68.62,62.51,65.76,17.49,30.61,92.31,55.46,64.38,18.11,72.45,39.0
41,62.48,31.3,8.94,25.3,52.5,56.89,30.0,62.61,76.55,60.83,62.1,4.47,58.82,25.61,17.89,34.18,48.41,36.06,79.12,43.86,48.83,63.78,76.16,30.07,58.82,49.03,43.86,48.08,71.02,40.0,62.8,41.23,49.19,74.67,34.53,21.26,24.74,64.0,5.66,31.3,72.5,0.0,82.1,45.65,22.36,57.31,52.0,70.26,58.0,65.97,44.72,67.68,25.61,51.61,82.86,35.01,56.22,38.21,66.04,64.2,47.38,19.92,17.09,23.09,69.05,5.39,51.35
42,28.07,72.11,90.0,69.66,34.99,57.27,101.98,21.63,88.09,22.8,62.51,82.8,30.46,56.6,98.08,111.73,81.71,116.28,18.97,86.76,94.85,20.4,8.25,103.32,82.46,41.18,39.4,82.0,11.31,109.64,85.91,58.31,72.11,20.1,74.97,87.32,77.2,46.17,87.66,51.22,16.12,82.1,0.0,97.53,95.08,40.2,32.8,40.05,28.28,62.13,88.2,24.33,87.93,38.21,6.4,105.12,84.48,64.5,81.88,18.38,45.18,101.36,65.6,69.89,34.0,81.12,54.71
43,89.82,26.68,41.23,32.06,62.61,45.34,24.17,76.03,42.05,75.15,44.94,41.18,67.23,56.04,38.42,34.93,18.87,43.17,85.6,11.31,6.0,86.02,89.55,26.0,26.68,56.36,70.71,93.23,86.76,22.0,28.07,80.89,28.43,81.61,79.12,66.57,69.86,58.0,44.41,54.33,82.68,45.65,97.53,0.0,65.3,90.2,65.39,66.48,83.95,48.37,90.35,74.89,71.02,82.39,95.19,21.59,22.56,80.05,34.37,84.15,52.35,53.26,46.39,66.1,69.43,51.0,44.69
44,71.02,53.67,24.08,47.54,70.26,78.59,44.72,78.1,98.79,76.16,84.12,26.08,76.42,40.45,28.64,42.76,70.46,40.0,95.71,65.3,69.31,75.15,90.44,43.86,80.99,68.0,55.71,36.5,84.76,53.85,84.88,42.43,71.55,91.41,27.78,8.49,19.8,84.59,21.26,48.17,88.29,22.36,95.08,65.3,0.0,62.48,68.73,90.09,68.0,87.93,30.0,84.85,10.77,59.36,97.08,49.66,78.24,36.88,88.32,76.69,67.12,16.03,36.22,25.55,88.02,18.68,72.78
45,12.17,64.0,66.24,58.14,40.5,66.21,84.76,35.61,98.79,34.06,73.35,59.93,42.52,34.93,75.18,91.24,80.62,93.3,50.99,82.02,90.0,21.54,39.85,85.44,86.35,44.72,20.4,42.19,34.18,94.25,90.71,20.59,73.76,48.37,37.58,54.04,42.8,61.61,62.77,36.0,42.94,57.31,40.2,90.2,62.48,0.0,36.06,60.83,14.42,75.18,49.03,45.61,53.25,8.25,44.91,89.19,86.49,26.83,89.49,25.5,47.93,73.11,45.61,37.48,55.17,54.08,60.54
46,29.12,39.45,59.06,36.88,4.47,31.05,69.31,11.31,64.03,10.0,37.95,51.88,8.25,28.28,66.57,79.4,50.99,84.4,27.2,55.03,63.25,22.0,25.46,70.71,54.0,10.0,18.87,67.23,21.63,76.84,58.03,42.94,42.19,22.8,55.79,62.13,54.15,25.61,57.27,20.88,20.59,52.0,32.8,65.39,68.73,36.06,0.0,26.08,23.41,39.4,70.88,16.12,64.0,28.43,31.89,72.35,55.15,47.54,55.58,19.24,14.04,71.87,34.93,46.1,21.54,52.2,26.17
47,51.61,46.52,75.31,48.08,22.36,21.26,78.71,26.08,48.37,27.2,24.17,68.73,18.44,50.99,81.04,90.38,48.17,96.93,22.36,55.17,62.29,42.19,32.25,80.5,45.65,22.36,44.94,93.04,33.53,83.76,48.33,68.96,38.21,20.0,80.99,84.59,78.1,8.49,74.67,42.76,24.33,70.26,40.05,66.48,90.09,60.83,26.08,0.0,46.86,22.8,96.21,17.09,87.13,53.81,35.06,80.26,48.55,73.35,43.32,38.08,23.0,89.81,54.0,70.09,6.32,72.01,22.47
48,6.0,57.27,66.6,52.5,27.86,54.41,82.37,21.26,87.36,19.8,61.35,59.67,28.84,32.8,75.29,90.44,72.03,93.72,36.77,74.67,82.87,8.0,26.31,83.35,76.42,32.98,14.42,54.15,20.4,91.24,80.62,30.07,64.12,34.0,46.69,59.93,49.4,48.37,63.66,30.46,28.64,58.0,28.28,83.95,68.0,14.42,23.41,46.86,0.0,62.77,60.03,31.24,60.17,10.0,32.02,86.31,77.1,36.22,78.64,11.4,36.67,76.06,43.27,42.49,41.04,55.97,49.24
49,68.35,36.06,68.47,40.79,34.93,10.0,65.51,44.72,26.0,45.12,4.0,63.15,34.93,54.41,72.0,77.67,29.53,85.16,45.12,37.58,43.27,60.17,54.04,67.47,24.08,30.53,56.04,99.64,54.15,68.35,26.08,77.79,20.88,42.43,86.02,84.31,80.62,16.0,69.05,46.86,46.04,65.97,62.13,48.37,87.93,75.18,39.4,22.8,62.77,0.0,100.96,38.0,87.73,67.23,57.56,65.8,27.59,80.72,20.62,56.52,27.8,83.6,52.8,73.25,28.28,69.26,16.4
50,60.53,72.25,50.6,65.12,74.0,90.97,72.8,76.94,117.39,74.97,97.65,49.19,79.12,46.65,57.27,72.44,90.91,70.0,94.76,87.66,93.3,68.03,86.02,72.28,100.5,74.32,52.95,8.49,80.02,82.46,104.8,30.0,89.11,91.08,15.23,24.74,21.26,93.04,46.82,54.59,86.58,44.72,88.2,90.35,30.0,49.03,70.88,96.21,60.03,100.96,0.0,85.91,20.4,50.04,92.01,77.88,98.6,24.08,106.78,71.01,75.13,46.01,49.52,27.8,92.35,39.36,84.6
51,35.38,50.91,74.32,50.0,15.23,32.98,82.46,10.0,64.0,11.66,38.21,67.23,8.94,44.41,81.41,93.23,58.14,98.79,11.66,63.81,71.69,25.61,16.12,84.02,58.24,20.0,32.98,81.61,16.49,89.11,61.61,56.92,48.33,7.21,71.02,78.23,70.03,22.0,72.8,36.88,8.25,67.68,24.33,74.89,84.85,45.61,16.12,17.09,31.24,38.0,85.91,0.0,80.02,39.45,20.62,84.96,60.41,62.1,57.56,21.4,23.35,87.6,50.6,62.01,10.77,68.15,30.87
52,62.61,55.61,30.46,48.83,66.12,78.0,52.5,72.44,101.21,70.46,84.1,30.0,72.03,36.22,36.88,52.15,73.59,50.16,90.35,69.43,74.4,67.68,83.95,51.92,83.74,64.78,49.03,26.08,78.1,62.1,87.86,32.8,73.24,86.21,17.2,4.47,10.77,82.46,26.83,44.41,82.61,25.61,87.93,71.02,10.77,53.25,64.0,87.13,60.17,87.73,20.4,80.02,0.0,50.99,90.47,57.57,81.39,26.91,90.6,69.64,64.54,26.17,34.93,18.25,84.38,20.52,71.87
53,11.66,56.04,60.46,50.36,32.8,58.14,78.0,29.53,90.62,27.78,65.3,53.85,35.38,27.86,69.34,85.09,72.44,87.66,46.17,74.0,82.02,18.0,36.22,78.79,78.1,36.72,12.17,44.18,30.27,87.32,82.46,20.1,65.51,43.08,36.88,51.11,40.25,54.04,57.2,28.07,37.95,51.61,38.21,82.39,59.36,8.25,28.43,53.81,10.0,67.23,50.04,39.45,50.99,0.0,42.01,82.28,78.26,26.31,81.27,21.21,39.81,68.59,38.63,33.84,48.41,48.92,52.39
54,32.76,70.43,90.43,68.59,33.3,53.45,101.12,20.62,83.38,22.2,58.25,83.22,28.02,57.7,98.23,111.29,78.72,116.21,13.15,84.22,92.18,24.02,6.71,102.55,78.75,39.2,41.48,86.15,12.37,108.37,82.01,62.01,68.94,15.13,78.31,89.56,79.83,41.77,88.32,51.62,12.53,82.86,6.4,95.19,97.08,44.91,31.89,35.06,32.02,57.56,92.01,20.62,90.47,42.01,0.0,104.0,80.99,68.07,77.67,21.1,43.01,102.42,66.04,72.28,29.27,82.29,51.48
55,91.71,34.21,27.46,35.47,70.72,60.42,5.1,83.63,63.39,82.33,61.98,31.02,76.38,54.42,21.02,13.34,37.34,21.59,96.43,29.15,27.46,90.21,97.74,5.83,47.01,65.07,72.01,82.38,93.86,5.1,49.09,75.54,44.92,92.1,69.35,53.16,59.41,72.07,31.4,55.95,91.92,35.01,105.12,21.59,49.66,89.19,72.35,80.26,86.31,65.8,77.88,84.96,57.57,82.28,104.0,0.0,43.0,73.06,55.0,89.31,61.62,35.23,43.66,58.01,81.84,40.11,57.8
56,83.1,26.4,55.07,33.6,51.35,27.73,44.28,64.13,21.19,63.79,24.84,52.2,54.34,56.36,55.36,56.08,7.81,64.2,69.78,14.32,16.76,77.1,76.24,46.27,4.12,45.18,66.1,99.62,74.73,44.28,6.71,82.35,13.0,66.31,85.21,77.23,77.34,40.31,57.14,51.55,68.62,56.22,84.48,22.56,78.24,86.49,55.15,48.55,77.1,27.59,98.6,60.41,81.39,78.26,80.99,43.0,0.0,83.24,12.0,74.33,41.11,69.35,49.65,71.61,52.77,60.96,29.83
57,37.36,57.27,46.69,50.16,50.99,70.77,68.12,52.95,100.0,50.99,77.79,42.05,55.71,27.2,55.32,71.81,76.03,72.11,70.71,74.67,81.61,44.18,62.0,68.26,84.38,52.15,29.12,19.7,56.0,78.1,88.84,6.32,72.11,67.08,10.77,28.43,17.2,71.02,42.76,33.94,62.51,38.21,64.5,80.05,36.88,26.83,47.54,73.35,36.22,80.72,24.08,62.1,26.91,26.31,68.07,73.06,83.24,0.0,89.63,47.01,53.6,49.65,34.18,15.13,69.08,33.54,64.38
58,84.53,35.0,65.8,41.87,51.35,25.0,56.22,63.0,10.63,63.03,19.42,62.27,53.0,62.43,66.76,68.07,18.68,76.16,65.52,26.17,28.44,77.41,73.68,58.22,8.06,45.71,69.29,107.06,73.11,56.22,6.71,87.98,17.69,62.59,92.76,86.61,85.59,35.9,67.54,56.44,65.76,66.04,81.88,34.37,88.32,89.49,55.58,43.32,78.64,20.62,106.78,57.56,90.6,81.27,77.67,55.0,12.0,89.63,0.0,74.17,41.98,80.41,57.28,79.25,48.51,70.46,29.43
59,14.21,57.78,72.35,54.2,23.02,49.25,85.8,12.08,82.04,11.4,55.73,65.19,21.59,38.6,80.66,94.92,70.21,99.01,25.5,74.04,82.28,4.24,15.03,87.01,73.06,29.15,21.02,65.38,9.06,94.03,77.01,41.01,61.4,23.02,57.22,68.95,58.94,41.11,69.81,33.97,17.49,64.2,18.38,84.15,76.69,25.5,19.24,38.08,11.4,56.52,71.01,21.4,69.64,21.21,21.1,89.31,74.33,47.01,74.17,0.0,33.24,83.22,48.1,51.55,31.91,62.97,45.0
60,42.58,27.59,52.89,26.93,10.44,18.36,59.2,23.77,50.92,23.09,25.55,46.1,15.0,28.79,59.24,70.18,37.11,76.06,34.83,41.63,49.77,36.01,37.22,60.8,40.01,4.12,28.3,72.95,34.54,65.76,44.1,50.25,28.16,30.48,59.94,61.81,55.97,18.03,51.97,20.62,30.61,47.38,45.18,52.35,67.12,47.93,14.04,23.0,36.67,27.8,75.13,23.35,64.54,39.81,43.01,61.62,41.11,53.6,41.98,33.24,0.0,67.08,31.0,48.1,21.84,49.01,12.65
61,79.98,47.68,15.13,43.05,72.42,75.11,30.61,82.35,90.47,80.53,79.63,21.1,78.75,44.78,14.87,26.93,61.85,24.02,99.02,55.47,58.01,82.42,95.71,29.41,72.62,68.88,62.43,52.24,90.43,38.95,76.06,54.38,65.0,94.58,42.06,22.56,32.7,83.22,15.13,51.08,92.31,19.92,101.36,53.26,16.03,73.11,71.87,89.81,76.06,83.6,46.01,87.6,26.17,68.59,102.42,35.23,69.35,49.65,80.41,83.22,67.08,0.0,37.0,35.81,88.84,20.25,70.0
62,48.37,23.32,24.41,16.12,35.44,43.08,39.4,45.65,67.88,43.91,49.19,17.2,41.76,10.77,32.56,47.2,42.19,50.91,62.03,40.5,47.54,48.17,59.36,40.25,51.22,32.25,28.84,50.0,54.41,48.7,55.61,34.53,39.6,57.58,35.61,31.62,28.43,48.37,22.36,14.42,55.46,17.09,65.6,46.39,36.22,45.61,34.93,54.0,43.27,52.8,49.52,50.6,34.93,38.63,66.04,43.66,49.65,34.18,57.28,48.1,31.0,37.0,0.0,22.02,52.35,18.03,37.0
63,45.49,45.22,31.58,38.01,48.51,63.29,53.04,54.23,89.83,52.24,69.89,27.0,54.23,19.31,40.26,56.75,64.07,57.38,72.17,61.72,68.15,49.77,65.73,53.15,73.25,47.8,30.81,28.02,59.91,63.03,77.62,18.79,61.55,68.07,13.6,17.46,8.06,66.13,27.66,27.51,64.38,23.09,69.89,66.1,25.55,37.48,46.1,70.09,42.49,73.25,27.8,62.01,18.25,33.84,72.28,58.01,71.61,15.13,79.25,51.55,48.1,35.81,22.02,0.0,66.91,18.44,56.94
64,45.61,47.71,74.73,48.33,18.44,25.06,79.92,20.0,54.15,21.26,29.12,67.91,13.42,48.17,80.99,91.3,51.61,97.51,17.09,58.14,65.6,36.06,26.08,81.63,50.16,20.1,40.25,88.77,27.2,85.6,53.14,64.4,41.62,14.14,77.2,82.1,74.97,12.65,73.76,40.05,18.11,69.05,34.0,69.43,88.02,55.17,21.54,6.32,41.04,28.28,92.35,10.77,84.38,48.41,29.27,81.84,52.77,69.08,48.51,31.91,21.84,88.84,52.35,66.91,0.0,70.35,24.76
65,60.11,35.51,13.15,29.07,53.15,59.91,35.06,62.39,81.02,60.54,65.46,9.85,59.44,24.6,21.84,38.33,53.15,39.36,79.4,48.92,54.08,62.2,75.58,35.0,63.41,50.25,42.2,42.72,70.24,45.04,67.48,37.0,53.34,75.0,29.27,16.28,19.42,66.19,9.22,31.32,72.45,5.39,81.12,51.0,18.68,54.08,52.2,72.01,55.97,69.26,39.36,68.15,20.52,48.92,82.29,40.11,60.96,33.54,70.46,62.97,49.01,20.25,18.03,18.44,70.35,0.0,54.13
66,55.11,24.35,55.04,27.07,22.02,6.4,56.36,34.37,38.28,34.13,13.45,49.04,24.52,38.01,59.84,68.15,27.29,74.95,41.05,33.42,41.05,48.09,46.49,58.18,28.16,16.28,40.71,83.24,44.91,61.29,32.02,61.62,17.46,37.22,69.63,68.62,64.41,14.32,55.04,30.48,39.0,51.35,54.71,44.69,72.78,60.54,26.17,22.47,49.24,16.4,84.6,30.87,71.87,52.39,51.48,57.8,29.83,64.38,29.43,45.0,12.65,70.0,37.0,56.94,24.76,54.13,0.0
