set K:= 1	2	3	4	5	6	7	8	9;
set C_H:= 1	2	3	4	5	6	7	8	9	10	11	12	13	14	15	16	17	18	19	20	21;
set C_S:= 22	23	24	25	26	27	28	29	30	31	32	33	34	35	36	37	38	39	40;
set C_F:= 41	42	43	44	45	46	47	48	49	50	51	52	53	54	55	56	57	58	59;
set M:= 60	61	62	63	64	65;
set L_B:= 66	67	68	69	70	71	72	73	74;
set A1:=
(0,*) 1 2 3 4 5 6 7 8 9 10 11 12 13 14 15 16 17 18 19 20 21 41 42 43 44 45 46 47 48 49 50 51 52 53 54 55 56 57 58 59 60 61 62 63 64 65 66 67 68 69 70 71 72 73 74 75
(1,*) 0 2 3 4 5 6 7 8 9 10 11 12 13 14 15 16 17 18 19 20 21 41 42 43 44 45 46 47 48 49 50 51 52 53 54 55 56 57 58 59 60 61 62 63 64 65 66 67 68 69 70 71 72 73 74 75
(2,*) 0 1 3 4 5 6 7 8 9 10 11 12 13 14 15 16 17 18 19 20 21 41 42 43 44 45 46 47 48 49 50 51 52 53 54 55 56 57 58 59 60 61 62 63 64 65 66 67 68 69 70 71 72 73 74 75
(3,*) 0 1 2 4 5 6 7 8 9 10 11 12 13 14 15 16 17 18 19 20 21 41 42 43 44 45 46 47 48 49 50 51 52 53 54 55 56 57 58 59 60 61 62 63 64 65 66 67 68 69 70 71 72 73 74 75
(4,*) 0 1 2 3 5 6 7 8 9 10 11 12 13 14 15 16 17 18 19 20 21 41 42 43 44 45 46 47 48 49 50 51 52 53 54 55 56 57 58 59 60 61 62 63 64 65 66 67 68 69 70 71 72 73 74 75
(5,*) 0 1 2 3 4 6 7 8 9 10 11 12 13 14 15 16 17 18 19 20 21 41 42 43 44 45 46 47 48 49 50 51 52 53 54 55 56 57 58 59 60 61 62 63 64 65 66 67 68 69 70 71 72 73 74 75
(6,*) 0 1 2 3 4 5 7 8 9 10 11 12 13 14 15 16 17 18 19 20 21 41 42 43 44 45 46 47 48 49 50 51 52 53 54 55 56 57 58 59 60 61 62 63 64 65 66 67 68 69 70 71 72 73 74 75
(7,*) 0 1 2 3 4 5 6 8 9 10 11 12 13 14 15 16 17 18 19 20 21 41 42 43 44 45 46 47 48 49 50 51 52 53 54 55 56 57 58 59 60 61 62 63 64 65 66 67 68 69 70 71 72 73 74 75
(8,*) 0 1 2 3 4 5 6 7 9 10 11 12 13 14 15 16 17 18 19 20 21 41 42 43 44 45 46 47 48 49 50 51 52 53 54 55 56 57 58 59 60 61 62 63 64 65 66 67 68 69 70 71 72 73 74 75
(9,*) 0 1 2 3 4 5 6 7 8 10 11 12 13 14 15 16 17 18 19 20 21 41 42 43 44 45 46 47 48 49 50 51 52 53 54 55 56 57 58 59 60 61 62 63 64 65 66 67 68 69 70 71 72 73 74 75
(10,*) 0 1 2 3 4 5 6 7 8 9 11 12 13 14 15 16 17 18 19 20 21 41 42 43 44 45 46 47 48 49 50 51 52 53 54 55 56 57 58 59 60 61 62 63 64 65 66 67 68 69 70 71 72 73 74 75
(11,*) 0 1 2 3 4 5 6 7 8 9 10 12 13 14 15 16 17 18 19 20 21 41 42 43 44 45 46 47 48 49 50 51 52 53 54 55 56 57 58 59 60 61 62 63 64 65 66 67 68 69 70 71 72 73 74 75
(12,*) 0 1 2 3 4 5 6 7 8 9 10 11 13 14 15 16 17 18 19 20 21 41 42 43 44 45 46 47 48 49 50 51 52 53 54 55 56 57 58 59 60 61 62 63 64 65 66 67 68 69 70 71 72 73 74 75
(13,*) 0 1 2 3 4 5 6 7 8 9 10 11 12 14 15 16 17 18 19 20 21 41 42 43 44 45 46 47 48 49 50 51 52 53 54 55 56 57 58 59 60 61 62 63 64 65 66 67 68 69 70 71 72 73 74 75
(14,*) 0 1 2 3 4 5 6 7 8 9 10 11 12 13 15 16 17 18 19 20 21 41 42 43 44 45 46 47 48 49 50 51 52 53 54 55 56 57 58 59 60 61 62 63 64 65 66 67 68 69 70 71 72 73 74 75
(15,*) 0 1 2 3 4 5 6 7 8 9 10 11 12 13 14 16 17 18 19 20 21 41 42 43 44 45 46 47 48 49 50 51 52 53 54 55 56 57 58 59 60 61 62 63 64 65 66 67 68 69 70 71 72 73 74 75
(16,*) 0 1 2 3 4 5 6 7 8 9 10 11 12 13 14 15 17 18 19 20 21 41 42 43 44 45 46 47 48 49 50 51 52 53 54 55 56 57 58 59 60 61 62 63 64 65 66 67 68 69 70 71 72 73 74 75
(17,*) 0 1 2 3 4 5 6 7 8 9 10 11 12 13 14 15 16 18 19 20 21 41 42 43 44 45 46 47 48 49 50 51 52 53 54 55 56 57 58 59 60 61 62 63 64 65 66 67 68 69 70 71 72 73 74 75
(18,*) 0 1 2 3 4 5 6 7 8 9 10 11 12 13 14 15 16 17 19 20 21 41 42 43 44 45 46 47 48 49 50 51 52 53 54 55 56 57 58 59 60 61 62 63 64 65 66 67 68 69 70 71 72 73 74 75
(19,*) 0 1 2 3 4 5 6 7 8 9 10 11 12 13 14 15 16 17 18 20 21 41 42 43 44 45 46 47 48 49 50 51 52 53 54 55 56 57 58 59 60 61 62 63 64 65 66 67 68 69 70 71 72 73 74 75
(20,*) 0 1 2 3 4 5 6 7 8 9 10 11 12 13 14 15 16 17 18 19 21 41 42 43 44 45 46 47 48 49 50 51 52 53 54 55 56 57 58 59 60 61 62 63 64 65 66 67 68 69 70 71 72 73 74 75
(21,*) 0 1 2 3 4 5 6 7 8 9 10 11 12 13 14 15 16 17 18 19 20 41 42 43 44 45 46 47 48 49 50 51 52 53 54 55 56 57 58 59 60 61 62 63 64 65 66 67 68 69 70 71 72 73 74 75
(41,*) 0 1 2 3 4 5 6 7 8 9 10 11 12 13 14 15 16 17 18 19 20 21 42 43 44 45 46 47 48 49 50 51 52 53 54 55 56 57 58 59 60 61 62 63 64 65 66 67 68 69 70 71 72 73 74 75
(42,*) 0 1 2 3 4 5 6 7 8 9 10 11 12 13 14 15 16 17 18 19 20 21 41 43 44 45 46 47 48 49 50 51 52 53 54 55 56 57 58 59 60 61 62 63 64 65 66 67 68 69 70 71 72 73 74 75
(43,*) 0 1 2 3 4 5 6 7 8 9 10 11 12 13 14 15 16 17 18 19 20 21 41 42 44 45 46 47 48 49 50 51 52 53 54 55 56 57 58 59 60 61 62 63 64 65 66 67 68 69 70 71 72 73 74 75
(44,*) 0 1 2 3 4 5 6 7 8 9 10 11 12 13 14 15 16 17 18 19 20 21 41 42 43 45 46 47 48 49 50 51 52 53 54 55 56 57 58 59 60 61 62 63 64 65 66 67 68 69 70 71 72 73 74 75
(45,*) 0 1 2 3 4 5 6 7 8 9 10 11 12 13 14 15 16 17 18 19 20 21 41 42 43 44 46 47 48 49 50 51 52 53 54 55 56 57 58 59 60 61 62 63 64 65 66 67 68 69 70 71 72 73 74 75
(46,*) 0 1 2 3 4 5 6 7 8 9 10 11 12 13 14 15 16 17 18 19 20 21 41 42 43 44 45 47 48 49 50 51 52 53 54 55 56 57 58 59 60 61 62 63 64 65 66 67 68 69 70 71 72 73 74 75
(47,*) 0 1 2 3 4 5 6 7 8 9 10 11 12 13 14 15 16 17 18 19 20 21 41 42 43 44 45 46 48 49 50 51 52 53 54 55 56 57 58 59 60 61 62 63 64 65 66 67 68 69 70 71 72 73 74 75
(48,*) 0 1 2 3 4 5 6 7 8 9 10 11 12 13 14 15 16 17 18 19 20 21 41 42 43 44 45 46 47 49 50 51 52 53 54 55 56 57 58 59 60 61 62 63 64 65 66 67 68 69 70 71 72 73 74 75
(49,*) 0 1 2 3 4 5 6 7 8 9 10 11 12 13 14 15 16 17 18 19 20 21 41 42 43 44 45 46 47 48 50 51 52 53 54 55 56 57 58 59 60 61 62 63 64 65 66 67 68 69 70 71 72 73 74 75
(50,*) 0 1 2 3 4 5 6 7 8 9 10 11 12 13 14 15 16 17 18 19 20 21 41 42 43 44 45 46 47 48 49 51 52 53 54 55 56 57 58 59 60 61 62 63 64 65 66 67 68 69 70 71 72 73 74 75
(51,*) 0 1 2 3 4 5 6 7 8 9 10 11 12 13 14 15 16 17 18 19 20 21 41 42 43 44 45 46 47 48 49 50 52 53 54 55 56 57 58 59 60 61 62 63 64 65 66 67 68 69 70 71 72 73 74 75
(52,*) 0 1 2 3 4 5 6 7 8 9 10 11 12 13 14 15 16 17 18 19 20 21 41 42 43 44 45 46 47 48 49 50 51 53 54 55 56 57 58 59 60 61 62 63 64 65 66 67 68 69 70 71 72 73 74 75
(53,*) 0 1 2 3 4 5 6 7 8 9 10 11 12 13 14 15 16 17 18 19 20 21 41 42 43 44 45 46 47 48 49 50 51 52 54 55 56 57 58 59 60 61 62 63 64 65 66 67 68 69 70 71 72 73 74 75
(54,*) 0 1 2 3 4 5 6 7 8 9 10 11 12 13 14 15 16 17 18 19 20 21 41 42 43 44 45 46 47 48 49 50 51 52 53 55 56 57 58 59 60 61 62 63 64 65 66 67 68 69 70 71 72 73 74 75
(55,*) 0 1 2 3 4 5 6 7 8 9 10 11 12 13 14 15 16 17 18 19 20 21 41 42 43 44 45 46 47 48 49 50 51 52 53 54 56 57 58 59 60 61 62 63 64 65 66 67 68 69 70 71 72 73 74 75
(56,*) 0 1 2 3 4 5 6 7 8 9 10 11 12 13 14 15 16 17 18 19 20 21 41 42 43 44 45 46 47 48 49 50 51 52 53 54 55 57 58 59 60 61 62 63 64 65 66 67 68 69 70 71 72 73 74 75
(57,*) 0 1 2 3 4 5 6 7 8 9 10 11 12 13 14 15 16 17 18 19 20 21 41 42 43 44 45 46 47 48 49 50 51 52 53 54 55 56 58 59 60 61 62 63 64 65 66 67 68 69 70 71 72 73 74 75
(58,*) 0 1 2 3 4 5 6 7 8 9 10 11 12 13 14 15 16 17 18 19 20 21 41 42 43 44 45 46 47 48 49 50 51 52 53 54 55 56 57 59 60 61 62 63 64 65 66 67 68 69 70 71 72 73 74 75
(59,*) 0 1 2 3 4 5 6 7 8 9 10 11 12 13 14 15 16 17 18 19 20 21 41 42 43 44 45 46 47 48 49 50 51 52 53 54 55 56 57 58 60 61 62 63 64 65 66 67 68 69 70 71 72 73 74 75
(60,*) 0 1 2 3 4 5 6 7 8 9 10 11 12 13 14 15 16 17 18 19 20 21 41 42 43 44 45 46 47 48 49 50 51 52 53 54 55 56 57 58 59 61 62 63 64 65 66 67 68 69 70 71 72 73 74 75
(61,*) 0 1 2 3 4 5 6 7 8 9 10 11 12 13 14 15 16 17 18 19 20 21 41 42 43 44 45 46 47 48 49 50 51 52 53 54 55 56 57 58 59 60 62 63 64 65 66 67 68 69 70 71 72 73 74 75
(62,*) 0 1 2 3 4 5 6 7 8 9 10 11 12 13 14 15 16 17 18 19 20 21 41 42 43 44 45 46 47 48 49 50 51 52 53 54 55 56 57 58 59 60 61 63 64 65 66 67 68 69 70 71 72 73 74 75
(63,*) 0 1 2 3 4 5 6 7 8 9 10 11 12 13 14 15 16 17 18 19 20 21 41 42 43 44 45 46 47 48 49 50 51 52 53 54 55 56 57 58 59 60 61 62 64 65 66 67 68 69 70 71 72 73 74 75
(64,*) 0 1 2 3 4 5 6 7 8 9 10 11 12 13 14 15 16 17 18 19 20 21 41 42 43 44 45 46 47 48 49 50 51 52 53 54 55 56 57 58 59 60 61 62 63 65 66 67 68 69 70 71 72 73 74 75
(65,*) 0 1 2 3 4 5 6 7 8 9 10 11 12 13 14 15 16 17 18 19 20 21 41 42 43 44 45 46 47 48 49 50 51 52 53 54 55 56 57 58 59 60 61 62 63 64 66 67 68 69 70 71 72 73 74 75
(66,*) 0 1 2 3 4 5 6 7 8 9 10 11 12 13 14 15 16 17 18 19 20 21 41 42 43 44 45 46 47 48 49 50 51 52 53 54 55 56 57 58 59 60 61 62 63 64 65 67 68 69 70 71 72 73 74 75
(67,*) 0 1 2 3 4 5 6 7 8 9 10 11 12 13 14 15 16 17 18 19 20 21 41 42 43 44 45 46 47 48 49 50 51 52 53 54 55 56 57 58 59 60 61 62 63 64 65 66 68 69 70 71 72 73 74 75
(68,*) 0 1 2 3 4 5 6 7 8 9 10 11 12 13 14 15 16 17 18 19 20 21 41 42 43 44 45 46 47 48 49 50 51 52 53 54 55 56 57 58 59 60 61 62 63 64 65 66 67 69 70 71 72 73 74 75
(69,*) 0 1 2 3 4 5 6 7 8 9 10 11 12 13 14 15 16 17 18 19 20 21 41 42 43 44 45 46 47 48 49 50 51 52 53 54 55 56 57 58 59 60 61 62 63 64 65 66 67 68 70 71 72 73 74 75
(70,*) 0 1 2 3 4 5 6 7 8 9 10 11 12 13 14 15 16 17 18 19 20 21 41 42 43 44 45 46 47 48 49 50 51 52 53 54 55 56 57 58 59 60 61 62 63 64 65 66 67 68 69 71 72 73 74 75
(71,*) 0 1 2 3 4 5 6 7 8 9 10 11 12 13 14 15 16 17 18 19 20 21 41 42 43 44 45 46 47 48 49 50 51 52 53 54 55 56 57 58 59 60 61 62 63 64 65 66 67 68 69 70 72 73 74 75
(72,*) 0 1 2 3 4 5 6 7 8 9 10 11 12 13 14 15 16 17 18 19 20 21 41 42 43 44 45 46 47 48 49 50 51 52 53 54 55 56 57 58 59 60 61 62 63 64 65 66 67 68 69 70 71 73 74 75
(73,*) 0 1 2 3 4 5 6 7 8 9 10 11 12 13 14 15 16 17 18 19 20 21 41 42 43 44 45 46 47 48 49 50 51 52 53 54 55 56 57 58 59 60 61 62 63 64 65 66 67 68 69 70 71 72 74 75
(74,*) 0 1 2 3 4 5 6 7 8 9 10 11 12 13 14 15 16 17 18 19 20 21 41 42 43 44 45 46 47 48 49 50 51 52 53 54 55 56 57 58 59 60 61 62 63 64 65 66 67 68 69 70 71 72 73 75
(75,*) 0 1 2 3 4 5 6 7 8 9 10 11 12 13 14 15 16 17 18 19 20 21 41 42 43 44 45 46 47 48 49 50 51 52 53 54 55 56 57 58 59 60 61 62 63 64 65 66 67 68 69 70 71 72 73 74
;
set A2:=
(60,*) 61
(61,*) 60
(62,*) 63
(63,*) 62
;
param BigM:=99999;
param n:= 9;
param d:=
1	7
2	9
3	20
4	5
5	2
6	1
7	24
8	2
9	11
10	9
11	2
12	19
13	11
14	20
15	48
16	17
17	42
18	2
19	11
20	9
21	23
22	16
23	17
24	21
25	23
26	6
27	13
28	11
29	3
30	5
31	20
32	23
33	19
34	17
35	5
36	9
37	14
38	18
39	1
40	4
41	2
42	11
43	10
44	19
45	18
46	24
47	18
48	17
49	9
50	2
51	6
52	21
53	21
54	24
55	18
56	21
57	18
58	22
59	9
;
param Q:=100;
param w:=
[60,*] 61 0.1
[61,*] 60 0.1
[62,*] 63 0.1
[63,*] 62 0.1
;
param V:=
[60,*] 61 99
[61,*] 60 99
[62,*] 63 81
[63,*] 62 81
;
param e:
	60	61	62	63	64	65	66	67	68	69	70	71	72	73	74:=
22		0		1		0		0		0		0		0		0		0		0		0		0		0		0		0	
23		0		0		0		0		0		0		1		0		0		0		0		0		0		0		0	
24		1		0		0		0		1		0		0		1		0		0		0		0		0		0		0	
25		1		0		0		0		1		0		0		0		0		0		0		0		0		0		0	
26		0		0		0		0		0		0		0		0		0		0		0		1		0		0		0	
27		0		0		0		0		0		0		0		0		0		0		0		0		0		1		0	
28		0		0		0		1		0		0		0		0		0		0		0		0		0		0		0	
29		1		0		0		0		1		0		0		0		0		0		0		0		0		0		0	
30		0		0		0		0		0		0		0		0		0		0		0		0		1		0		0	
31		0		0		0		0		0		0		0		0		0		0		0		1		0		0		0	
32		0		0		0		0		0		0		1		0		0		0		0		0		0		0		0	
33		0		0		0		0		1		0		0		0		0		0		1		0		0		0		0	
34		0		0		0		0		0		0		0		0		0		1		0		0		0		0		0	
35		1		0		0		0		0		0		0		0		0		0		1		0		0		0		0	
36		0		1		0		0		0		0		0		0		0		0		0		0		0		0		0	
37		1		0		0		0		1		0		0		0		0		0		1		0		0		0		0	
38		0		1		0		0		0		0		0		0		0		0		0		0		0		0		0	
39		0		0		0		1		0		0		0		0		0		0		0		0		0		0		0	
40		0		0		0		0		0		0		0		0		0		0		1		0		0		0		0	
41		0		0		0		0		0		0		1		0		0		1		0		0		1		0		0	
42		0		0		0		0		0		0		1		0		0		1		0		0		0		0		0	
43		0		0		1		0		0		1		0		0		1		0		0		0		0		0		0	
44		0		0		0		0		0		0		1		0		0		1		0		0		1		0		0	
45		0		0		1		0		0		0		0		0		1		0		0		0		0		0		0	
46		0		0		0		0		1		0		0		1		0		0		0		0		0		0		0	
47		0		0		0		1		0		0		0		0		0		0		0		0		0		0		0	
48		1		0		0		0		1		0		0		1		0		0		0		0		0		0		0	
49		0		1		0		0		0		0		0		0		0		0		0		0		0		0		0	
50		0		0		1		0		0		1		0		0		1		0		0		0		0		0		0	
51		0		0		0		1		0		0		0		0		0		0		0		0		0		1		0	
52		0		0		0		0		0		0		0		0		0		0		0		0		0		1		0	
53		0		0		0		0		0		0		0		0		0		0		0		0		0		0		1	
54		0		0		1		0		0		0		0		0		1		0		0		0		0		0		0	
55		1		0		0		0		0		0		0		0		0		0		1		0		0		1		0	
56		0		0		0		0		0		0		0		0		0		1		0		0		0		0		0	
57		0		0		1		0		0		1		0		0		0		0		0		0		0		0		1	
58		1		0		0		0		1		0		0		1		0		0		0		0		0		0		0	
59		0		0		0		0		0		0		1		0		0		0		0		1		1		0		0	
;
param p:=
1	3
2	3
3	3
4	3
5	3
6	3
7	3
8	3
9	3
;
param G:=
60	72
61	99
62	77
63	81
64	80
65	90
66	96
67	87
68	92
69	85
70	87
71	90
72	94
73	70
74	99
;
param s:=
0	0
1	10
2	10
3	10
4	10
5	10
6	10
7	10
8	10
9	10
10	10
11	10
12	10
13	10
14	10
15	10
16	10
17	10
18	10
19	10
20	10
21	10
41	10
42	10
43	10
44	10
45	10
46	10
47	10
48	10
49	10
50	10
51	10
52	10
53	10
54	10
55	10
56	10
57	10
58	10
59	10
60	10
61	10
62	10
63	10
64	10
65	10
66	10
67	10
68	10
69	10
70	10
71	10
72	10
73	10
74	10
;
param t:
	0	1	2	3	4	5	6	7	8	9	10	11	12	13	14	15	16	17	18	19	20	21	22	23	24	25	26	27	28	29	30	31	32	33	34	35	36	37	38	39	40	41	42	43	44	45	46	47	48	49	50	51	52	53	54	55	56	57	58	59	60	61	62	63	64	65	66	67	68	69	70	71	72	73	74	75:=
0	0.0	23.32	86.83	54.59	48.37	6.0	16.12	50.64	60.17	55.32	32.25	66.75	52.35	26.83	89.2	86.02	27.78	78.1	69.43	88.29	41.62	38.0	66.27	40.45	52.15	54.92	85.91	15.62	12.17	31.62	43.27	83.95	35.78	60.93	54.59	40.0	78.03	36.22	64.28	20.0	50.91	54.04	42.8	100.44	34.41	94.76	64.56	12.81	56.32	84.12	94.4	14.56	5.66	80.62	111.21	28.07	66.48	82.02	63.15	49.4	38.33	78.03	104.48	7.07	50.25	90.92	37.34	69.03	104.2	48.08	40.31	75.29	40.05	11.18	77.67	0.0
1	23.32	0.0	83.35	74.11	63.15	28.64	14.56	47.2	78.1	42.76	31.24	86.02	62.77	14.42	87.66	83.76	36.06	74.43	56.32	84.12	55.32	59.23	59.93	31.3	72.44	74.03	81.41	30.0	16.12	50.04	24.33	79.65	41.18	76.94	43.68	53.37	69.57	58.24	53.85	8.94	60.93	47.41	22.8	104.8	16.0	103.25	82.22	12.17	76.24	68.26	99.36	37.58	28.84	89.55	116.28	49.03	50.16	90.55	82.0	50.99	58.42	68.41	110.26	16.55	70.35	93.35	29.15	90.09	109.22	34.53	57.14	73.24	35.61	32.57	82.46	23.32
2	86.83	83.35	0.0	82.46	63.25	85.51	94.02	36.77	76.94	45.34	55.03	86.09	50.6	68.96	8.0	4.47	60.53	8.94	39.4	2.83	61.19	85.51	24.08	52.15	85.44	80.62	4.0	72.99	92.48	74.43	66.48	4.47	52.35	68.96	42.43	60.83	20.88	89.11	34.41	76.03	50.0	36.06	69.31	36.06	70.0	49.4	77.18	79.85	85.09	48.17	34.93	88.36	89.82	45.61	46.17	82.22	50.99	44.41	82.37	38.21	80.6	24.74	44.1	83.49	83.82	23.54	54.2	98.01	41.01	52.35	69.63	12.0	48.33	82.73	29.73	86.83
3	54.59	74.11	82.46	0.0	20.0	48.66	70.71	62.29	8.94	80.45	55.46	12.17	32.25	67.91	79.7	79.12	43.08	76.94	90.69	85.09	25.61	17.89	75.29	68.0	4.47	2.0	84.1	44.18	66.75	24.08	82.87	82.29	44.94	16.12	77.2	27.2	87.2	21.63	82.07	66.48	33.29	69.43	84.12	74.11	76.66	59.67	12.81	62.03	2.83	107.63	68.03	41.76	51.42	48.17	81.22	26.68	94.87	50.16	8.94	52.35	16.28	89.64	73.98	59.08	5.0	71.57	65.74	18.03	75.54	77.9	18.79	71.55	61.06	43.42	56.89	54.59
4	48.37	63.15	63.25	20.0	0.0	43.27	63.56	42.8	17.89	61.77	38.83	27.78	12.65	54.0	61.19	60.17	28.0	57.27	71.22	65.79	8.0	24.33	55.32	50.6	22.36	18.44	64.62	34.18	59.93	18.44	67.08	62.77	27.2	14.0	58.31	10.0	67.2	28.64	62.48	54.59	13.42	50.0	68.73	60.17	62.13	49.4	20.88	51.92	22.8	88.09	53.85	39.6	47.2	35.78	69.08	26.08	76.16	37.58	23.32	32.56	19.42	69.66	61.85	50.7	20.62	55.08	48.76	37.48	62.63	60.17	9.43	52.0	43.08	38.01	40.05	48.37
5	6.0	28.64	85.51	48.66	43.27	0.0	22.09	50.04	54.41	56.92	32.06	60.83	48.17	30.0	87.36	84.4	25.3	76.94	70.88	87.13	36.88	32.0	66.0	41.76	46.17	49.03	84.85	12.65	18.11	26.0	46.86	82.87	33.53	55.46	55.79	35.38	78.1	30.27	65.12	24.08	46.86	54.15	46.69	97.1	38.21	90.55	58.82	17.2	50.36	86.16	90.97	8.94	4.47	76.42	107.65	22.09	68.88	77.9	57.27	47.54	32.39	78.41	100.8	12.08	44.28	88.1	38.6	63.03	100.69	50.16	34.89	73.76	40.2	5.39	74.43	6.0
6	16.12	14.56	94.02	70.71	63.56	22.09	0.0	57.27	76.16	56.14	39.45	82.87	66.03	26.31	97.53	93.91	39.7	85.09	70.03	95.08	56.36	54.04	71.47	43.17	68.26	71.02	92.48	29.53	4.0	47.54	38.83	90.62	46.69	76.55	56.57	54.59	82.0	52.04	66.75	18.44	64.4	58.82	37.36	111.95	30.27	108.07	80.52	14.42	72.44	82.61	106.15	30.07	20.1	94.02	123.11	44.18	64.5	95.27	79.25	58.82	54.45	81.22	116.67	13.04	66.37	101.4	40.52	85.0	116.04	48.04	55.97	83.19	45.69	27.29	89.2	16.12
7	50.64	47.2	36.77	62.29	42.8	50.04	57.27	0.0	60.46	20.4	18.44	70.46	33.11	32.8	40.5	36.72	26.68	27.86	28.43	37.95	36.77	58.31	16.12	17.2	63.66	60.96	35.44	38.05	55.71	45.65	34.93	33.53	19.7	54.59	16.49	35.38	28.64	60.83	19.8	39.45	31.3	7.21	37.58	59.36	35.61	62.1	62.77	43.08	65.12	45.34	54.59	54.33	54.15	50.36	71.02	52.0	34.18	50.64	66.03	10.77	54.08	29.73	65.76	46.84	61.55	47.01	18.38	80.16	64.14	22.36	44.69	26.08	11.66	48.09	38.63	50.64
8	60.17	78.1	76.94	8.94	17.89	54.41	76.16	60.46	0.0	79.65	56.32	10.0	28.28	70.46	73.54	73.35	44.72	72.11	88.81	79.65	25.3	25.61	72.14	68.35	13.42	7.21	78.89	48.17	72.28	28.64	84.4	77.18	44.94	8.25	76.16	27.2	83.55	29.73	80.0	70.0	29.73	67.68	85.91	66.0	78.92	50.99	4.47	66.27	10.2	105.6	60.03	48.33	57.58	40.0	72.69	33.11	94.02	42.0	5.66	50.0	22.83	86.28	65.49	63.95	13.6	64.33	66.41	21.1	67.19	78.0	21.0	66.57	60.93	49.04	50.0	60.17
9	55.32	42.76	45.34	80.45	61.77	56.92	56.14	20.4	79.65	0.0	27.2	89.55	53.14	30.0	51.61	47.2	39.7	37.2	14.14	45.25	54.92	73.59	21.63	15.23	81.22	79.32	42.43	47.41	56.0	60.83	21.63	41.04	35.61	74.32	4.0	53.25	27.78	75.29	11.66	38.0	51.26	14.0	24.41	75.39	27.2	80.89	82.29	44.18	83.23	29.53	71.47	63.56	60.17	70.03	86.93	65.6	14.42	70.11	85.09	31.05	70.01	26.0	82.54	49.5	79.03	62.24	18.38	98.47	80.41	8.25	62.01	38.47	19.8	56.86	56.89	55.32
10	32.25	31.24	55.03	55.46	38.83	32.06	39.45	18.44	56.32	27.2	0.0	65.79	34.23	17.89	58.14	54.63	12.81	46.17	40.25	56.32	31.05	46.69	34.06	12.81	55.57	54.63	53.85	20.88	37.58	34.06	28.28	51.92	12.0	52.61	25.06	29.12	46.04	48.17	33.53	22.63	32.25	22.09	30.07	73.59	24.33	72.47	59.67	25.06	58.14	56.6	68.12	37.36	36.0	59.09	85.04	38.42	41.04	59.93	61.35	19.8	43.42	46.39	79.03	28.46	53.34	62.37	10.3	73.36	77.99	22.8	36.67	43.86	8.25	30.81	51.22	32.25
11	66.75	86.02	86.09	12.17	27.78	60.83	82.87	70.46	10.0	89.55	65.79	0.0	38.21	79.25	82.29	82.37	53.85	81.61	98.81	88.84	34.93	29.73	82.07	78.0	15.23	12.0	88.2	56.04	78.92	36.0	93.68	86.53	54.63	17.2	86.09	36.77	93.38	33.11	90.0	78.23	39.7	77.67	95.08	72.44	87.86	56.04	8.94	74.0	10.77	115.6	66.75	53.85	63.56	46.69	78.03	38.83	103.94	48.66	4.47	60.0	28.44	96.17	71.0	71.18	16.76	72.12	75.96	12.37	73.06	87.73	29.61	76.03	70.68	55.58	58.31	66.75
12	52.35	62.77	50.6	32.25	12.65	48.17	66.03	33.11	28.28	53.14	34.23	38.21	0.0	51.42	48.66	47.54	26.83	44.72	61.06	53.14	12.65	36.0	43.86	44.18	34.93	30.53	52.0	36.88	62.8	27.2	62.0	50.16	22.36	21.63	49.4	13.42	55.32	40.05	52.15	53.85	2.0	40.25	64.03	50.16	58.55	42.43	30.0	52.84	34.99	77.67	43.86	46.65	52.5	28.28	60.03	35.44	67.23	29.73	33.94	22.36	31.0	58.0	53.0	53.01	33.24	43.57	43.01	49.04	53.24	52.95	20.02	39.4	36.22	43.42	28.64	52.35
13	26.83	14.42	68.96	67.91	54.0	30.0	26.31	32.8	70.46	30.0	17.89	79.25	51.42	0.0	73.24	69.34	26.0	60.03	44.05	69.77	46.0	55.46	45.69	17.09	67.05	67.47	67.08	25.06	26.0	44.27	16.97	65.3	29.12	68.0	30.27	44.0	55.79	55.57	40.45	8.0	49.48	33.11	17.2	90.91	8.94	90.35	74.24	14.56	70.34	57.72	85.6	38.21	32.25	76.97	102.45	45.65	39.85	77.82	74.97	37.2	53.49	54.92	96.61	20.25	64.85	79.21	14.76	85.07	95.43	22.09	49.65	58.82	21.26	31.83	68.82	26.83
14	89.2	87.66	8.0	79.7	61.19	87.36	97.53	40.5	73.54	51.61	58.14	82.29	48.66	73.24	0.0	4.47	62.1	14.42	46.82	10.2	60.13	84.38	30.0	56.85	82.97	77.79	12.0	74.73	95.71	74.0	72.25	12.17	53.85	65.39	48.41	60.03	28.64	88.2	41.18	79.92	48.37	41.04	75.07	28.07	75.07	42.05	73.35	83.19	82.22	56.14	27.2	89.44	91.76	39.6	38.21	82.02	58.31	38.21	78.79	39.85	79.4	32.56	36.12	86.41	81.49	15.81	58.6	94.43	33.02	58.14	68.36	14.42	52.15	84.17	24.41	89.2
15	86.02	83.76	4.47	79.12	60.17	84.4	93.91	36.72	73.35	47.2	54.63	82.37	47.54	69.34	4.47	0.0	59.23	10.0	42.38	7.21	58.55	82.87	25.61	52.8	82.22	77.25	8.25	71.81	92.2	72.11	67.94	8.0	50.99	65.3	44.05	58.31	24.33	86.58	36.72	76.16	47.07	36.88	70.77	32.0	70.94	44.94	73.43	79.62	81.71	52.04	30.59	86.83	88.77	41.23	42.43	80.02	53.85	40.0	78.71	36.88	77.93	28.28	40.01	83.01	80.65	19.24	54.64	94.37	37.01	53.81	66.91	10.77	48.37	81.39	25.46	86.02
16	27.78	36.06	60.53	43.08	28.0	25.3	39.7	26.68	44.72	39.7	12.81	53.85	26.83	26.0	62.1	59.23	0.0	52.15	52.15	62.29	20.0	33.94	42.76	25.61	42.94	42.38	60.13	12.65	36.77	21.26	39.85	58.14	8.25	42.0	37.2	18.0	55.32	35.61	44.72	27.2	25.06	32.31	41.23	72.8	34.23	68.41	48.37	26.08	45.69	68.82	66.84	28.0	29.73	54.41	83.74	26.08	53.74	55.61	49.48	22.36	30.61	56.32	77.16	26.87	40.71	63.13	23.02	60.84	76.69	35.61	24.35	48.66	20.0	22.2	50.0	27.78
17	78.1	74.43	8.94	76.94	57.27	76.94	85.09	27.86	72.11	37.2	46.17	81.61	44.72	60.03	14.42	10.0	52.15	0.0	32.98	10.2	54.41	78.59	15.62	43.27	79.62	75.18	8.0	64.5	83.57	67.08	58.0	6.0	44.05	64.4	34.06	53.85	16.12	82.0	26.83	67.08	43.86	27.2	60.83	40.45	61.22	50.99	72.8	70.94	79.65	44.18	38.0	80.1	81.22	44.72	51.42	74.67	44.27	43.86	77.67	30.0	73.76	20.1	48.26	74.63	77.88	27.17	45.28	93.19	45.54	43.86	62.94	5.66	39.4	74.33	28.64	78.1
18	69.43	56.32	39.4	90.69	71.22	70.88	70.03	28.43	88.81	14.14	40.25	98.81	61.06	44.05	46.82	42.38	52.15	32.98	0.0	38.47	65.12	85.6	20.1	29.12	91.93	89.38	35.78	60.93	70.03	72.8	33.53	34.93	46.86	82.68	15.23	63.66	18.87	87.66	8.94	52.04	59.36	21.26	36.06	73.35	40.45	82.02	90.97	58.31	93.51	16.97	70.46	77.25	74.22	72.99	84.4	78.23	11.66	72.69	94.4	38.83	81.69	15.62	81.05	63.64	89.81	60.02	32.28	108.58	78.45	22.0	72.84	36.22	32.25	70.58	58.14	69.43
19	88.29	84.12	2.83	85.09	65.79	87.13	95.08	37.95	79.65	45.25	56.32	88.84	53.14	69.77	10.2	7.21	62.29	10.2	38.47	0.0	63.56	87.86	24.41	52.84	88.02	83.26	2.83	74.67	93.64	76.66	66.6	4.47	54.15	71.69	42.52	63.15	19.7	91.41	34.06	76.97	52.5	36.72	69.43	38.21	70.46	52.0	79.92	80.99	87.73	46.39	37.36	90.2	91.41	48.41	48.04	84.38	50.12	47.2	85.09	40.05	82.98	23.41	46.27	84.77	86.38	25.96	55.01	100.72	43.1	52.5	72.03	14.14	49.4	84.48	32.56	88.29
20	41.62	55.32	61.19	25.61	8.0	36.88	56.36	36.77	25.3	54.92	31.05	34.93	12.65	46.0	60.13	58.55	20.0	54.41	65.12	63.56	0.0	24.33	50.48	43.08	26.91	24.41	62.1	26.83	52.84	14.56	59.23	60.17	19.7	22.0	51.61	2.0	62.77	28.07	56.57	46.69	12.17	43.86	60.83	62.77	54.15	54.04	28.64	44.27	28.43	82.07	56.46	34.41	41.04	40.0	72.47	22.8	69.34	41.62	30.46	27.2	19.42	64.9	65.37	43.38	24.84	56.09	41.11	43.6	65.74	52.8	8.54	49.48	35.78	31.83	41.23	41.62
21	38.0	59.23	85.51	17.89	24.33	32.0	54.04	58.31	25.61	73.59	46.69	29.73	36.0	55.46	84.38	82.87	33.94	78.59	85.6	87.86	24.33	0.0	73.35	59.46	14.56	18.87	86.35	30.46	50.04	12.81	71.69	84.4	38.83	30.0	70.94	24.74	85.91	4.47	77.67	52.5	36.06	64.9	72.47	84.4	64.4	72.5	30.0	47.07	18.97	102.45	78.1	24.33	34.23	59.46	92.97	10.2	87.68	61.35	26.83	50.16	5.0	87.66	85.7	43.29	13.0	79.31	56.73	31.06	86.68	69.43	16.03	73.76	53.81	27.07	64.28	38.0
22	66.27	59.93	24.08	75.29	55.32	66.0	71.47	16.12	72.14	21.63	34.06	82.07	43.86	45.69	30.0	25.61	42.76	15.62	20.1	24.41	50.48	73.35	0.0	28.64	77.2	73.76	21.63	54.15	70.34	60.93	42.43	20.0	35.44	65.3	18.44	49.4	12.65	76.16	12.17	53.14	42.43	12.65	45.25	54.41	46.04	62.0	73.76	57.72	78.1	34.93	50.99	70.46	70.03	52.95	65.79	67.68	30.27	52.61	77.79	23.32	68.88	14.42	61.85	61.98	75.21	41.11	31.02	92.7	59.48	28.28	58.83	17.09	26.31	64.2	38.05	66.27
23	40.45	31.3	52.15	68.0	50.6	41.76	43.17	17.2	68.35	15.23	12.81	78.0	44.18	17.09	56.85	52.8	25.61	43.27	29.12	52.84	43.08	59.46	28.64	0.0	68.26	67.08	50.12	32.25	42.43	46.86	18.44	48.37	23.41	64.03	14.14	41.23	38.83	60.83	24.0	24.74	42.19	16.12	20.88	76.55	18.44	78.43	71.47	30.07	70.71	44.72	71.69	48.33	45.12	65.97	88.2	50.99	28.43	66.48	73.54	24.74	56.22	38.21	82.86	35.01	66.04	64.2	3.16	85.96	81.3	10.0	49.24	42.52	8.0	41.63	55.46	40.45
24	52.15	72.44	85.44	4.47	22.36	46.17	68.26	63.66	13.42	81.22	55.57	15.23	34.93	67.05	82.97	82.22	42.94	79.62	91.93	88.02	26.91	14.56	77.2	68.26	0.0	6.32	86.93	42.76	64.28	22.8	82.46	85.09	45.61	20.4	78.1	28.28	89.31	17.89	83.45	65.12	35.78	70.71	83.57	78.23	75.89	64.03	17.2	60.3	4.47	108.9	72.11	38.83	48.66	52.35	85.51	24.08	95.6	54.33	12.81	54.04	14.04	91.61	78.26	57.01	2.24	75.33	65.86	18.03	79.76	78.23	19.21	74.32	61.61	41.05	60.53	52.15
25	54.92	74.03	80.62	2.0	18.44	49.03	71.02	60.96	7.21	79.32	54.63	12.0	30.53	67.47	77.79	77.25	42.38	75.18	89.38	83.26	24.41	18.87	73.76	67.08	6.32	0.0	82.29	44.05	67.08	24.0	82.22	80.5	43.91	14.14	76.03	26.08	85.6	22.8	80.72	66.27	31.62	68.12	83.52	72.11	76.16	57.72	11.31	62.0	4.47	106.3	66.03	42.38	51.92	46.17	79.25	27.2	93.74	48.17	8.25	50.91	16.76	88.09	72.01	59.21	6.4	69.58	64.88	19.21	73.55	76.94	18.03	69.77	60.03	43.74	54.92	54.92
26	85.91	81.41	4.0	84.1	64.62	84.85	92.48	35.44	78.89	42.43	53.85	88.2	52.0	67.08	12.0	8.25	60.13	8.0	35.78	2.83	62.1	86.35	21.63	50.12	86.93	82.29	0.0	72.44	91.08	74.97	63.78	2.0	52.04	71.02	39.7	61.61	17.09	89.82	31.24	74.32	51.26	34.0	66.6	40.05	67.68	53.14	79.32	78.43	86.76	44.18	38.83	88.09	89.11	48.83	50.16	82.61	47.41	47.71	84.38	38.0	81.49	20.88	48.09	82.28	85.23	27.46	52.33	99.98	45.01	49.68	70.6	12.65	46.82	82.3	32.8	85.91
27	15.62	30.0	72.99	44.18	34.18	12.65	29.53	38.05	48.17	47.41	20.88	56.04	36.88	25.06	74.73	71.81	12.65	64.5	60.93	74.67	26.83	30.46	54.15	32.25	42.76	44.05	72.44	0.0	26.08	20.1	41.62	70.46	20.88	47.54	45.69	25.06	66.48	30.53	54.41	22.36	35.38	42.76	42.19	84.88	34.0	79.25	52.35	18.11	46.39	76.94	78.82	16.49	17.09	65.12	95.6	20.59	60.46	66.48	52.0	34.93	28.86	67.08	88.87	16.55	40.61	75.59	29.15	60.64	88.6	41.62	27.29	61.19	29.12	10.05	62.13	15.62
28	12.17	16.12	92.48	66.75	59.93	18.11	4.0	55.71	72.28	56.0	37.58	78.92	62.8	26.0	95.71	92.2	36.77	83.57	70.03	93.64	52.84	50.04	70.34	42.43	64.28	67.08	91.08	26.08	0.0	43.68	39.85	89.2	44.05	72.8	56.14	51.11	81.22	48.04	66.27	18.0	61.22	57.72	38.63	109.34	31.05	105.0	76.66	12.65	68.47	83.19	103.48	26.08	16.12	90.91	120.42	40.2	65.12	92.2	75.31	56.6	50.49	80.62	113.9	9.9	62.39	99.05	39.62	81.0	113.36	48.04	52.2	81.44	44.27	23.35	86.56	12.17
29	31.62	50.04	74.43	24.08	18.44	26.0	47.54	45.65	28.64	60.83	34.06	36.0	27.2	44.27	74.0	72.11	21.26	67.08	72.8	76.66	14.56	12.81	60.93	46.86	22.8	24.0	74.97	20.1	43.68	0.0	59.93	72.99	26.08	29.53	58.14	14.14	73.54	15.23	64.9	42.43	26.68	52.15	60.93	77.25	53.14	67.68	32.98	38.0	26.31	89.64	70.94	21.26	29.53	53.85	86.76	8.25	74.97	55.57	32.06	37.95	9.43	75.15	79.61	35.36	20.62	70.61	44.2	40.8	80.11	56.85	9.22	62.51	41.04	20.62	55.79	31.62
30	43.27	24.33	66.48	82.87	67.08	46.86	38.83	34.93	84.4	21.63	28.28	93.68	62.0	16.97	72.25	67.94	39.85	58.0	33.53	66.6	59.23	71.69	42.43	18.44	82.46	82.22	63.78	41.62	39.85	59.93	0.0	62.29	40.2	80.89	24.08	57.27	49.4	72.11	33.29	23.32	60.0	31.62	2.83	94.02	8.94	96.77	87.86	30.53	85.44	44.05	89.44	55.17	48.83	84.4	105.68	62.13	26.0	84.9	89.29	43.17	69.32	47.41	100.62	36.36	80.23	81.3	19.03	100.46	98.88	14.14	64.2	58.41	26.31	48.8	73.54	43.27
31	83.95	79.65	4.47	82.29	62.77	82.87	90.62	33.53	77.18	41.04	51.92	86.53	50.16	65.3	12.17	8.0	58.14	6.0	34.93	4.47	60.17	84.4	20.0	48.37	85.09	80.5	2.0	70.46	89.2	72.99	62.29	0.0	50.04	69.34	38.21	59.67	16.49	87.86	30.0	72.5	49.4	32.25	65.12	40.0	66.03	52.5	77.67	76.55	84.97	44.05	38.47	86.09	87.13	47.71	50.36	80.62	46.52	46.65	82.68	36.0	79.56	20.4	48.01	80.36	83.38	27.17	50.54	98.27	45.01	48.17	68.68	10.77	44.94	80.31	31.62	83.95
32	35.78	41.18	52.35	44.94	27.2	33.53	46.69	19.7	44.94	35.61	12.0	54.63	22.36	29.12	53.85	50.99	8.25	44.05	46.86	54.15	19.7	38.83	35.44	23.41	45.61	43.91	52.04	20.88	44.05	26.08	40.2	50.04	0.0	40.79	32.56	17.89	48.08	41.18	38.83	32.25	20.4	26.08	42.05	65.3	36.22	62.13	48.08	32.56	47.71	63.78	59.46	36.06	37.95	48.37	76.42	32.31	50.0	49.4	50.16	14.14	34.83	49.4	70.01	34.21	43.42	55.23	21.59	62.97	69.35	33.11	26.4	40.45	16.12	30.41	42.52	35.78
33	60.93	76.94	68.96	16.12	14.0	55.46	76.55	54.59	8.25	74.32	52.61	17.2	21.63	68.0	65.39	65.3	42.0	64.4	82.68	71.69	22.0	30.0	65.3	64.03	20.4	14.14	71.02	47.54	72.8	29.53	80.89	69.34	40.79	0.0	70.68	24.0	76.37	34.41	73.78	68.47	23.32	61.77	82.61	58.03	76.11	43.68	8.49	65.51	18.0	99.3	52.0	50.48	59.06	32.06	65.12	35.61	88.57	34.06	13.42	43.91	26.17	79.25	57.87	63.89	19.92	56.09	62.37	29.07	59.41	73.38	20.62	58.82	56.32	50.09	41.76	60.93
34	54.59	43.68	42.43	77.2	58.31	55.79	56.57	16.49	76.16	4.0	25.06	86.09	49.4	30.27	48.41	44.05	37.2	34.06	15.23	42.52	51.61	70.94	18.44	14.14	78.1	76.03	39.7	45.69	56.14	58.14	24.08	38.21	32.56	70.68	0.0	50.0	26.0	72.8	10.2	38.21	47.54	10.0	26.91	71.69	28.64	76.94	78.71	44.0	80.0	31.62	67.68	62.03	59.23	66.03	83.26	63.25	17.89	66.12	81.63	27.2	67.21	24.74	78.77	49.09	75.93	58.6	17.26	95.21	76.69	10.0	58.9	34.99	17.2	55.36	52.95	54.59
35	40.0	53.37	60.83	27.2	10.0	35.38	54.59	35.38	27.2	53.25	29.12	36.77	13.42	44.0	60.03	58.31	18.0	53.85	63.66	63.15	2.0	24.74	49.4	41.23	28.28	26.08	61.61	25.06	51.11	14.14	57.27	59.67	17.89	24.0	50.0	0.0	61.77	28.28	55.17	44.72	12.65	42.43	58.86	63.56	52.15	55.32	30.59	42.38	30.0	80.62	57.27	33.29	39.6	41.23	73.43	22.36	67.68	42.8	32.31	26.08	19.92	63.81	66.37	41.59	26.17	56.52	39.22	45.22	66.65	50.99	9.43	49.03	34.0	30.41	41.76	40.0
36	78.03	69.57	20.88	87.2	67.2	78.1	82.0	28.64	83.55	27.78	46.04	93.38	55.32	55.79	28.64	24.33	55.32	16.12	18.87	19.7	62.77	85.91	12.65	38.83	89.31	85.6	17.09	66.48	81.22	73.54	49.4	16.49	48.08	76.37	26.0	61.77	0.0	88.77	16.12	63.56	54.04	24.0	52.15	56.14	54.63	67.08	84.85	68.73	90.0	28.07	54.04	82.87	82.02	60.17	66.75	80.32	30.53	59.46	89.2	35.78	81.39	4.0	64.07	73.33	87.37	43.01	41.59	104.35	61.2	35.78	71.2	20.88	38.0	76.53	44.27	78.03
37	36.22	58.24	89.11	21.63	28.64	30.27	52.04	60.83	29.73	75.29	48.17	33.11	40.05	55.57	88.2	86.58	35.61	82.0	87.66	91.41	28.07	4.47	76.16	60.83	17.89	22.8	89.82	30.53	48.04	15.23	72.11	87.86	41.18	34.41	72.8	28.28	88.77	0.0	79.92	52.0	40.0	67.23	72.72	88.77	64.5	76.97	34.06	46.17	22.36	104.4	82.46	22.0	32.0	63.91	97.41	10.0	89.2	65.79	30.53	53.14	9.22	90.38	90.14	41.98	16.64	83.49	57.98	33.06	91.09	70.71	20.02	77.28	55.61	25.71	68.47	36.22
38	64.28	53.85	34.41	82.07	62.48	65.12	66.75	19.8	80.0	11.66	33.53	90.0	52.15	40.45	41.18	36.72	44.72	26.83	8.94	34.06	56.57	77.67	12.17	24.0	83.45	80.72	31.24	54.41	66.27	64.9	33.29	30.0	38.83	73.78	10.2	55.17	16.12	79.92	0.0	48.37	50.48	12.81	36.06	66.48	38.63	74.03	82.1	54.04	84.9	25.61	63.15	70.88	68.73	64.5	77.79	70.71	18.11	64.28	85.6	30.0	73.6	14.56	73.98	59.01	81.34	53.16	27.02	99.9	71.57	19.7	64.44	29.12	25.3	64.29	50.0	64.28
39	20.0	8.94	76.03	66.48	54.59	24.08	18.44	39.45	70.0	38.0	22.63	78.23	53.85	8.0	79.92	76.16	27.2	67.08	52.04	76.97	46.69	52.5	53.14	24.74	65.12	66.27	74.32	22.36	18.0	42.43	23.32	72.5	32.25	68.47	38.21	44.72	63.56	52.0	48.37	0.0	52.0	40.5	22.8	96.21	14.42	94.34	74.03	7.21	68.73	65.51	90.69	32.8	25.61	80.62	107.63	42.38	47.54	81.63	74.11	42.43	51.2	62.8	101.53	13.04	62.97	84.96	22.14	82.98	100.57	30.07	49.0	65.51	27.78	26.93	73.76	20.0
40	50.91	60.93	50.0	33.29	13.42	46.86	64.4	31.3	29.73	51.26	32.25	39.7	2.0	49.48	48.37	47.07	25.06	43.86	59.36	52.5	12.17	36.06	42.43	42.19	35.78	31.62	51.26	35.38	61.22	26.68	60.0	49.4	20.4	23.32	47.54	12.65	54.04	40.0	50.48	52.0	0.0	38.47	62.03	50.99	56.57	43.86	31.62	51.11	36.06	76.03	44.72	45.65	51.22	29.73	61.06	34.93	65.39	31.11	35.38	20.59	31.06	56.64	54.08	51.4	34.01	43.93	41.01	50.33	54.2	50.99	20.02	38.63	34.23	42.2	29.12	50.91
41	54.04	47.41	36.06	69.43	50.0	54.15	58.82	7.21	67.68	14.0	22.09	77.67	40.25	33.11	41.04	36.88	32.31	27.2	21.26	36.72	43.86	64.9	12.65	16.12	70.71	68.12	34.0	42.76	57.72	52.15	31.62	32.25	26.08	61.77	10.0	42.43	24.0	67.23	12.81	40.5	38.47	0.0	34.41	62.61	34.06	67.08	69.97	45.12	72.25	38.21	58.31	59.23	58.03	56.04	74.24	58.14	27.2	56.14	73.24	17.89	60.8	24.33	69.46	49.5	68.59	49.74	18.38	87.32	67.54	17.89	51.66	26.91	14.0	52.77	43.17	54.04
42	42.8	22.8	69.31	84.12	68.73	46.69	37.36	37.58	85.91	24.41	30.07	95.08	64.03	17.2	75.07	70.77	41.23	60.83	36.06	69.43	60.83	72.47	45.25	20.88	83.57	83.52	66.6	42.19	38.63	60.93	2.83	65.12	42.05	82.61	26.91	58.86	52.15	72.72	36.06	22.8	62.03	34.41	0.0	96.75	8.49	99.3	89.44	30.0	86.65	46.0	92.13	55.17	48.41	86.83	108.41	62.77	28.07	87.36	90.71	45.61	70.26	50.12	103.31	35.81	81.34	84.06	21.21	101.59	101.6	16.97	65.52	61.22	28.64	48.92	76.16	42.8
43	100.44	104.8	36.06	74.11	60.17	97.1	111.95	59.36	66.0	75.39	73.59	72.44	50.16	90.91	28.07	32.0	72.8	40.45	73.35	38.21	62.77	84.4	54.41	76.55	78.23	72.11	40.05	84.88	109.34	77.25	94.02	40.0	65.3	58.03	71.69	63.56	56.14	88.77	66.48	96.21	50.99	62.61	96.75	0.0	94.87	18.87	64.12	97.67	76.03	84.02	6.32	96.6	101.55	26.0	11.66	85.44	84.4	24.0	70.11	53.81	79.56	60.13	8.06	99.49	77.41	13.34	77.42	84.72	5.1	80.5	69.26	37.36	70.0	92.78	22.8	100.44
44	34.41	16.0	70.0	76.66	62.13	38.21	30.27	35.61	78.92	27.2	24.33	87.86	58.55	8.94	75.07	70.94	34.23	61.22	40.45	70.46	54.15	64.4	46.04	18.44	75.89	76.16	67.68	34.0	31.05	53.14	8.94	66.03	36.22	76.11	28.64	52.15	54.63	64.5	38.63	14.42	56.57	34.06	8.49	94.87	0.0	95.85	82.61	21.63	79.12	52.35	89.89	46.69	40.0	82.87	106.51	54.59	34.23	83.57	83.55	42.05	62.39	53.14	101.02	27.46	73.68	82.62	17.49	93.92	99.57	18.97	58.25	60.83	25.06	40.46	73.43	34.41
45	94.76	103.25	49.4	59.67	49.4	90.55	108.07	62.1	50.99	80.89	72.47	56.04	42.43	90.35	42.05	44.94	68.41	50.99	82.02	52.0	54.04	72.5	62.0	78.43	64.03	57.72	53.14	79.25	105.0	67.68	96.77	52.5	62.13	43.68	76.94	55.32	67.08	76.97	74.03	94.34	43.86	67.08	99.3	18.87	95.85	0.0	48.37	94.4	61.19	95.04	15.62	88.41	94.85	14.14	22.0	75.47	92.09	12.81	54.33	53.85	67.98	71.02	15.13	95.13	63.6	26.42	78.55	68.01	17.72	84.4	58.83	46.39	70.94	85.7	24.08	94.76
46	64.56	82.22	77.18	12.81	20.88	58.82	80.52	62.77	4.47	82.29	59.67	8.94	30.0	74.24	73.35	73.43	48.37	72.8	90.97	79.92	28.64	30.0	73.76	71.47	17.2	11.31	79.32	52.35	76.66	32.98	87.86	77.67	48.08	8.49	78.71	30.59	84.85	34.06	82.1	74.03	31.62	69.97	89.44	64.12	82.61	48.37	0.0	70.46	13.42	107.65	58.31	52.8	62.03	38.21	70.26	37.58	96.6	40.2	6.0	52.15	27.29	87.73	63.13	68.25	17.69	63.32	69.64	21.19	65.01	80.99	25.08	67.2	63.91	53.45	49.4	64.56
47	12.81	12.17	79.85	62.03	51.92	17.2	14.42	43.08	66.27	44.18	25.06	74.0	52.84	14.56	83.19	79.62	26.08	70.94	58.31	80.99	44.27	47.07	57.72	30.07	60.3	62.0	78.43	18.11	12.65	38.0	30.53	76.55	32.56	65.51	44.0	42.38	68.73	46.17	54.04	7.21	51.11	45.12	30.0	97.67	21.63	94.4	70.46	0.0	64.12	72.28	91.93	26.08	18.44	80.45	108.9	36.88	54.41	81.61	70.03	44.41	46.27	68.26	102.55	5.83	58.22	87.01	27.17	77.93	101.83	36.5	45.4	68.88	31.62	20.62	74.97	12.81
48	56.32	76.24	85.09	2.83	22.8	50.36	72.44	65.12	10.2	83.23	58.14	10.77	34.99	70.34	82.22	81.71	45.69	79.65	93.51	87.73	28.43	18.97	78.1	70.71	4.47	4.47	86.76	46.39	68.47	26.31	85.44	84.97	47.71	18.0	80.0	30.0	90.0	22.36	84.9	68.73	36.06	72.25	86.65	76.03	79.12	61.19	13.42	64.12	0.0	110.45	70.0	43.17	52.95	50.04	82.87	28.28	97.65	52.04	8.49	55.17	18.03	92.46	75.66	61.01	6.08	73.82	68.43	15.26	77.32	80.62	21.47	74.24	63.81	45.18	59.23	56.32
49	84.12	68.26	48.17	107.63	88.09	86.16	82.61	45.34	105.6	29.53	56.6	115.6	77.67	57.72	56.14	52.04	68.82	44.18	16.97	46.39	82.07	102.45	34.93	44.72	108.9	106.3	44.18	76.94	83.19	89.64	44.05	44.05	63.78	99.3	31.62	80.62	28.07	104.4	25.61	65.51	76.03	38.21	46.0	84.02	52.35	95.04	107.65	72.28	110.45	0.0	82.1	93.04	89.2	87.36	94.34	94.87	18.11	86.83	111.21	55.61	98.6	24.08	92.01	77.88	106.78	71.01	47.85	125.5	89.05	36.06	89.81	48.66	48.83	86.33	71.81	84.12
50	94.4	99.36	34.93	68.03	53.85	90.97	106.15	54.59	60.03	71.47	68.12	66.75	43.86	85.6	27.2	30.59	66.84	38.0	70.46	37.36	56.46	78.1	50.99	71.69	72.11	66.03	38.83	78.82	103.48	70.94	89.44	38.47	59.46	52.0	67.68	57.27	54.04	82.46	63.15	90.69	44.72	58.31	92.13	6.32	89.89	15.62	58.31	91.93	70.0	82.1	0.0	90.35	95.41	20.1	16.97	79.12	81.22	18.11	64.28	48.41	73.25	58.03	11.18	93.61	71.25	11.4	72.4	79.08	9.9	76.16	62.94	34.23	64.9	86.61	16.97	94.4
51	14.56	37.58	88.36	41.76	39.6	8.94	30.07	54.33	48.33	63.56	37.36	53.85	46.65	38.21	89.44	86.83	28.0	80.1	77.25	90.2	34.41	24.33	70.46	48.33	38.83	42.38	88.09	16.49	26.08	21.26	55.17	86.09	36.06	50.48	62.03	33.29	82.87	22.0	70.88	32.8	45.65	59.23	55.17	96.6	46.69	88.41	52.8	26.08	43.17	93.04	90.35	0.0	10.0	74.4	106.68	15.23	76.16	76.03	50.6	50.16	25.63	83.55	99.64	21.02	37.11	88.6	45.19	55.04	99.85	57.31	30.48	76.42	45.61	6.71	74.32	14.56
52	5.66	28.84	89.82	51.42	47.2	4.47	20.1	54.15	57.58	60.17	36.0	63.56	52.5	32.25	91.76	88.77	29.73	81.22	74.22	91.41	41.04	34.23	70.03	45.12	48.66	51.92	89.11	17.09	16.12	29.53	48.83	87.13	37.95	59.06	59.23	39.6	82.02	32.0	68.73	25.61	51.22	58.03	48.41	101.55	40.0	94.85	62.03	18.44	52.95	89.2	95.41	10.0	0.0	80.72	112.07	24.74	71.69	82.22	60.17	51.92	35.17	82.22	105.21	12.73	46.87	92.57	41.98	65.03	105.12	53.14	38.59	78.1	44.05	9.22	78.89	5.66
53	80.62	89.55	45.61	48.17	35.78	76.42	94.02	50.36	40.0	70.03	59.09	46.69	28.28	76.97	39.6	41.23	54.41	44.72	72.99	48.41	40.0	59.46	52.95	65.97	52.35	46.17	48.83	65.12	90.91	53.85	84.4	47.71	48.37	32.06	66.03	41.23	60.17	63.91	64.5	80.62	29.73	56.04	86.83	26.0	82.87	14.14	38.21	80.45	50.04	87.36	20.1	74.4	80.72	0.0	33.53	61.77	82.22	2.0	44.18	41.23	54.78	63.91	26.25	81.06	51.62	26.42	65.8	59.03	27.46	72.69	45.18	39.4	58.24	71.59	16.12	80.62
54	111.21	116.28	46.17	81.22	69.08	107.65	123.11	71.02	72.69	86.93	85.04	78.03	60.03	102.45	38.21	42.43	83.74	51.42	84.4	48.04	72.47	92.97	65.79	88.2	85.51	79.25	50.16	95.6	120.42	86.76	105.68	50.36	76.42	65.12	83.26	73.43	66.75	97.41	77.79	107.63	61.06	74.24	108.41	11.66	106.51	22.0	70.26	108.9	82.87	94.34	16.97	106.68	112.07	33.53	0.0	94.85	95.6	31.62	76.24	65.3	88.26	70.71	7.28	110.54	84.93	24.7	89.05	90.01	7.07	92.13	78.39	48.7	81.61	103.17	33.94	111.21
55	28.07	49.03	82.22	26.68	26.08	22.09	44.18	52.0	33.11	65.6	38.42	38.83	35.44	45.65	82.02	80.02	26.08	74.67	78.23	84.38	22.8	10.2	67.68	50.99	24.08	27.2	82.61	20.59	40.2	8.25	62.13	80.62	32.31	35.61	63.25	22.36	80.32	10.0	70.71	42.38	34.93	58.14	62.77	85.44	54.59	75.47	37.58	36.88	28.28	94.87	79.12	15.23	24.74	61.77	94.85	0.0	79.4	63.53	35.44	45.12	10.44	81.71	87.66	33.14	22.2	78.85	48.1	41.19	88.24	60.83	16.64	70.26	46.04	17.0	64.03	28.07
56	66.48	50.16	50.99	94.87	76.16	68.88	64.5	34.18	94.02	14.42	41.04	103.94	67.23	39.85	58.31	53.85	53.74	44.27	11.66	50.12	69.34	87.68	30.27	28.43	95.6	93.74	47.41	60.46	65.12	74.97	26.0	46.52	50.0	88.57	17.89	67.68	30.53	89.2	18.11	47.54	65.39	27.2	28.07	84.4	34.23	92.09	96.6	54.41	97.65	18.11	81.22	76.16	71.69	82.22	95.6	79.4	0.0	82.1	99.48	44.94	84.22	27.2	91.98	60.08	93.41	71.06	31.4	112.89	89.5	18.87	76.4	47.07	34.06	69.46	68.03	66.48
57	82.02	90.55	44.41	50.16	37.58	77.9	95.27	50.64	42.0	70.11	59.93	48.66	29.73	77.82	38.21	40.0	55.61	43.86	72.69	47.2	41.62	61.35	52.61	66.48	54.33	48.17	47.71	66.48	92.2	55.57	84.9	46.65	49.4	34.06	66.12	42.8	59.46	65.79	64.28	81.63	31.11	56.14	87.36	24.0	83.57	12.81	40.2	81.61	52.04	86.83	18.11	76.03	82.22	2.0	31.62	63.53	82.1	0.0	46.17	41.76	56.65	63.25	24.35	82.33	53.6	24.7	66.41	61.0	25.5	72.99	46.96	38.63	58.82	73.11	15.23	82.02
58	63.15	82.0	82.37	8.94	23.32	57.27	79.25	66.03	5.66	85.09	61.35	4.47	33.94	74.97	78.79	78.71	49.48	77.67	94.4	85.09	30.46	26.83	77.79	73.54	12.81	8.25	84.38	52.0	75.31	32.06	89.29	82.68	50.16	13.42	81.63	32.31	89.2	30.53	85.6	74.11	35.38	73.24	90.71	70.11	83.55	54.33	6.0	70.03	8.49	111.21	64.28	50.6	60.17	44.18	76.24	35.44	99.48	46.17	0.0	55.61	25.0	91.93	69.12	67.36	13.89	69.12	71.51	15.65	71.01	83.26	25.32	72.11	66.21	51.97	55.03	63.15
59	49.4	50.99	38.21	52.35	32.56	47.54	58.82	10.77	50.0	31.05	19.8	60.0	22.36	37.2	39.85	36.88	22.36	30.0	38.83	40.05	27.2	50.16	23.32	24.74	54.04	50.91	38.0	34.93	56.6	37.95	43.17	36.0	14.14	43.91	27.2	26.08	35.78	53.14	30.0	42.43	20.59	17.89	45.61	53.81	42.05	53.85	52.15	44.41	55.17	55.61	48.41	50.16	51.92	41.23	65.3	45.12	44.94	41.76	55.61	0.0	45.62	37.74	59.41	47.01	52.01	42.64	24.7	70.04	58.26	32.0	35.51	26.31	17.09	44.55	31.62	49.4
60	38.33	58.42	80.6	16.28	19.42	32.39	54.45	54.08	22.83	70.01	43.42	28.44	31.0	53.49	79.4	77.93	30.61	73.76	81.69	82.98	19.42	5.0	68.88	56.22	14.04	16.76	81.49	28.86	50.49	9.43	69.32	79.56	34.83	26.17	67.21	19.92	81.39	9.22	73.6	51.2	31.06	60.8	70.26	79.56	62.39	67.98	27.29	46.27	18.03	98.6	73.25	25.63	35.17	54.78	88.26	10.44	84.22	56.65	25.0	45.62	0.0	83.24	80.99	43.0	12.0	74.33	53.6	31.78	81.91	66.22	11.05	68.88	50.21	27.17	59.3	38.33
