set K:= 1	2	3	4	5	6	7	8	9;
set C_H:= 1	2	3	4	5	6	7	8	9	10	11	12	13	14	15	16	17	18	19	20	21;
set C_S:= 22	23	24	25	26	27	28	29	30	31	32	33	34	35	36	37	38	39	40;
set C_F:= 41	42	43	44	45	46	47	48	49	50	51	52	53	54	55	56	57	58	59;
set M:= 60	61	62	63	64	65;
set L_B:= 66	67	68	69	70	71	72	73	74;
set A1:=
(0,*) 1 2 3 4 5 6 7 8 9 10 11 12 13 14 15 16 17 18 19 20 21 41 42 43 44 45 46 47 48 49 50 51 52 53 54 55 56 57 58 59 60 61 62 63 64 65 66 67 68 69 70 71 72 73 74 75
(1,*) 0 2 3 4 5 6 7 8 9 10 11 12 13 14 15 16 17 18 19 20 21 41 42 43 44 45 46 47 48 49 50 51 52 53 54 55 56 57 58 59 60 61 62 63 64 65 66 67 68 69 70 71 72 73 74 75
(2,*) 0 1 3 4 5 6 7 8 9 10 11 12 13 14 15 16 17 18 19 20 21 41 42 43 44 45 46 47 48 49 50 51 52 53 54 55 56 57 58 59 60 61 62 63 64 65 66 67 68 69 70 71 72 73 74 75
(3,*) 0 1 2 4 5 6 7 8 9 10 11 12 13 14 15 16 17 18 19 20 21 41 42 43 44 45 46 47 48 49 50 51 52 53 54 55 56 57 58 59 60 61 62 63 64 65 66 67 68 69 70 71 72 73 74 75
(4,*) 0 1 2 3 5 6 7 8 9 10 11 12 13 14 15 16 17 18 19 20 21 41 42 43 44 45 46 47 48 49 50 51 52 53 54 55 56 57 58 59 60 61 62 63 64 65 66 67 68 69 70 71 72 73 74 75
(5,*) 0 1 2 3 4 6 7 8 9 10 11 12 13 14 15 16 17 18 19 20 21 41 42 43 44 45 46 47 48 49 50 51 52 53 54 55 56 57 58 59 60 61 62 63 64 65 66 67 68 69 70 71 72 73 74 75
(6,*) 0 1 2 3 4 5 7 8 9 10 11 12 13 14 15 16 17 18 19 20 21 41 42 43 44 45 46 47 48 49 50 51 52 53 54 55 56 57 58 59 60 61 62 63 64 65 66 67 68 69 70 71 72 73 74 75
(7,*) 0 1 2 3 4 5 6 8 9 10 11 12 13 14 15 16 17 18 19 20 21 41 42 43 44 45 46 47 48 49 50 51 52 53 54 55 56 57 58 59 60 61 62 63 64 65 66 67 68 69 70 71 72 73 74 75
(8,*) 0 1 2 3 4 5 6 7 9 10 11 12 13 14 15 16 17 18 19 20 21 41 42 43 44 45 46 47 48 49 50 51 52 53 54 55 56 57 58 59 60 61 62 63 64 65 66 67 68 69 70 71 72 73 74 75
(9,*) 0 1 2 3 4 5 6 7 8 10 11 12 13 14 15 16 17 18 19 20 21 41 42 43 44 45 46 47 48 49 50 51 52 53 54 55 56 57 58 59 60 61 62 63 64 65 66 67 68 69 70 71 72 73 74 75
(10,*) 0 1 2 3 4 5 6 7 8 9 11 12 13 14 15 16 17 18 19 20 21 41 42 43 44 45 46 47 48 49 50 51 52 53 54 55 56 57 58 59 60 61 62 63 64 65 66 67 68 69 70 71 72 73 74 75
(11,*) 0 1 2 3 4 5 6 7 8 9 10 12 13 14 15 16 17 18 19 20 21 41 42 43 44 45 46 47 48 49 50 51 52 53 54 55 56 57 58 59 60 61 62 63 64 65 66 67 68 69 70 71 72 73 74 75
(12,*) 0 1 2 3 4 5 6 7 8 9 10 11 13 14 15 16 17 18 19 20 21 41 42 43 44 45 46 47 48 49 50 51 52 53 54 55 56 57 58 59 60 61 62 63 64 65 66 67 68 69 70 71 72 73 74 75
(13,*) 0 1 2 3 4 5 6 7 8 9 10 11 12 14 15 16 17 18 19 20 21 41 42 43 44 45 46 47 48 49 50 51 52 53 54 55 56 57 58 59 60 61 62 63 64 65 66 67 68 69 70 71 72 73 74 75
(14,*) 0 1 2 3 4 5 6 7 8 9 10 11 12 13 15 16 17 18 19 20 21 41 42 43 44 45 46 47 48 49 50 51 52 53 54 55 56 57 58 59 60 61 62 63 64 65 66 67 68 69 70 71 72 73 74 75
(15,*) 0 1 2 3 4 5 6 7 8 9 10 11 12 13 14 16 17 18 19 20 21 41 42 43 44 45 46 47 48 49 50 51 52 53 54 55 56 57 58 59 60 61 62 63 64 65 66 67 68 69 70 71 72 73 74 75
(16,*) 0 1 2 3 4 5 6 7 8 9 10 11 12 13 14 15 17 18 19 20 21 41 42 43 44 45 46 47 48 49 50 51 52 53 54 55 56 57 58 59 60 61 62 63 64 65 66 67 68 69 70 71 72 73 74 75
(17,*) 0 1 2 3 4 5 6 7 8 9 10 11 12 13 14 15 16 18 19 20 21 41 42 43 44 45 46 47 48 49 50 51 52 53 54 55 56 57 58 59 60 61 62 63 64 65 66 67 68 69 70 71 72 73 74 75
(18,*) 0 1 2 3 4 5 6 7 8 9 10 11 12 13 14 15 16 17 19 20 21 41 42 43 44 45 46 47 48 49 50 51 52 53 54 55 56 57 58 59 60 61 62 63 64 65 66 67 68 69 70 71 72 73 74 75
(19,*) 0 1 2 3 4 5 6 7 8 9 10 11 12 13 14 15 16 17 18 20 21 41 42 43 44 45 46 47 48 49 50 51 52 53 54 55 56 57 58 59 60 61 62 63 64 65 66 67 68 69 70 71 72 73 74 75
(20,*) 0 1 2 3 4 5 6 7 8 9 10 11 12 13 14 15 16 17 18 19 21 41 42 43 44 45 46 47 48 49 50 51 52 53 54 55 56 57 58 59 60 61 62 63 64 65 66 67 68 69 70 71 72 73 74 75
(21,*) 0 1 2 3 4 5 6 7 8 9 10 11 12 13 14 15 16 17 18 19 20 41 42 43 44 45 46 47 48 49 50 51 52 53 54 55 56 57 58 59 60 61 62 63 64 65 66 67 68 69 70 71 72 73 74 75
(41,*) 0 1 2 3 4 5 6 7 8 9 10 11 12 13 14 15 16 17 18 19 20 21 42 43 44 45 46 47 48 49 50 51 52 53 54 55 56 57 58 59 60 61 62 63 64 65 66 67 68 69 70 71 72 73 74 75
(42,*) 0 1 2 3 4 5 6 7 8 9 10 11 12 13 14 15 16 17 18 19 20 21 41 43 44 45 46 47 48 49 50 51 52 53 54 55 56 57 58 59 60 61 62 63 64 65 66 67 68 69 70 71 72 73 74 75
(43,*) 0 1 2 3 4 5 6 7 8 9 10 11 12 13 14 15 16 17 18 19 20 21 41 42 44 45 46 47 48 49 50 51 52 53 54 55 56 57 58 59 60 61 62 63 64 65 66 67 68 69 70 71 72 73 74 75
(44,*) 0 1 2 3 4 5 6 7 8 9 10 11 12 13 14 15 16 17 18 19 20 21 41 42 43 45 46 47 48 49 50 51 52 53 54 55 56 57 58 59 60 61 62 63 64 65 66 67 68 69 70 71 72 73 74 75
(45,*) 0 1 2 3 4 5 6 7 8 9 10 11 12 13 14 15 16 17 18 19 20 21 41 42 43 44 46 47 48 49 50 51 52 53 54 55 56 57 58 59 60 61 62 63 64 65 66 67 68 69 70 71 72 73 74 75
(46,*) 0 1 2 3 4 5 6 7 8 9 10 11 12 13 14 15 16 17 18 19 20 21 41 42 43 44 45 47 48 49 50 51 52 53 54 55 56 57 58 59 60 61 62 63 64 65 66 67 68 69 70 71 72 73 74 75
(47,*) 0 1 2 3 4 5 6 7 8 9 10 11 12 13 14 15 16 17 18 19 20 21 41 42 43 44 45 46 48 49 50 51 52 53 54 55 56 57 58 59 60 61 62 63 64 65 66 67 68 69 70 71 72 73 74 75
(48,*) 0 1 2 3 4 5 6 7 8 9 10 11 12 13 14 15 16 17 18 19 20 21 41 42 43 44 45 46 47 49 50 51 52 53 54 55 56 57 58 59 60 61 62 63 64 65 66 67 68 69 70 71 72 73 74 75
(49,*) 0 1 2 3 4 5 6 7 8 9 10 11 12 13 14 15 16 17 18 19 20 21 41 42 43 44 45 46 47 48 50 51 52 53 54 55 56 57 58 59 60 61 62 63 64 65 66 67 68 69 70 71 72 73 74 75
(50,*) 0 1 2 3 4 5 6 7 8 9 10 11 12 13 14 15 16 17 18 19 20 21 41 42 43 44 45 46 47 48 49 51 52 53 54 55 56 57 58 59 60 61 62 63 64 65 66 67 68 69 70 71 72 73 74 75
(51,*) 0 1 2 3 4 5 6 7 8 9 10 11 12 13 14 15 16 17 18 19 20 21 41 42 43 44 45 46 47 48 49 50 52 53 54 55 56 57 58 59 60 61 62 63 64 65 66 67 68 69 70 71 72 73 74 75
(52,*) 0 1 2 3 4 5 6 7 8 9 10 11 12 13 14 15 16 17 18 19 20 21 41 42 43 44 45 46 47 48 49 50 51 53 54 55 56 57 58 59 60 61 62 63 64 65 66 67 68 69 70 71 72 73 74 75
(53,*) 0 1 2 3 4 5 6 7 8 9 10 11 12 13 14 15 16 17 18 19 20 21 41 42 43 44 45 46 47 48 49 50 51 52 54 55 56 57 58 59 60 61 62 63 64 65 66 67 68 69 70 71 72 73 74 75
(54,*) 0 1 2 3 4 5 6 7 8 9 10 11 12 13 14 15 16 17 18 19 20 21 41 42 43 44 45 46 47 48 49 50 51 52 53 55 56 57 58 59 60 61 62 63 64 65 66 67 68 69 70 71 72 73 74 75
(55,*) 0 1 2 3 4 5 6 7 8 9 10 11 12 13 14 15 16 17 18 19 20 21 41 42 43 44 45 46 47 48 49 50 51 52 53 54 56 57 58 59 60 61 62 63 64 65 66 67 68 69 70 71 72 73 74 75
(56,*) 0 1 2 3 4 5 6 7 8 9 10 11 12 13 14 15 16 17 18 19 20 21 41 42 43 44 45 46 47 48 49 50 51 52 53 54 55 57 58 59 60 61 62 63 64 65 66 67 68 69 70 71 72 73 74 75
(57,*) 0 1 2 3 4 5 6 7 8 9 10 11 12 13 14 15 16 17 18 19 20 21 41 42 43 44 45 46 47 48 49 50 51 52 53 54 55 56 58 59 60 61 62 63 64 65 66 67 68 69 70 71 72 73 74 75
(58,*) 0 1 2 3 4 5 6 7 8 9 10 11 12 13 14 15 16 17 18 19 20 21 41 42 43 44 45 46 47 48 49 50 51 52 53 54 55 56 57 59 60 61 62 63 64 65 66 67 68 69 70 71 72 73 74 75
(59,*) 0 1 2 3 4 5 6 7 8 9 10 11 12 13 14 15 16 17 18 19 20 21 41 42 43 44 45 46 47 48 49 50 51 52 53 54 55 56 57 58 60 61 62 63 64 65 66 67 68 69 70 71 72 73 74 75
(60,*) 0 1 2 3 4 5 6 7 8 9 10 11 12 13 14 15 16 17 18 19 20 21 41 42 43 44 45 46 47 48 49 50 51 52 53 54 55 56 57 58 59 61 62 63 64 65 66 67 68 69 70 71 72 73 74 75
(61,*) 0 1 2 3 4 5 6 7 8 9 10 11 12 13 14 15 16 17 18 19 20 21 41 42 43 44 45 46 47 48 49 50 51 52 53 54 55 56 57 58 59 60 62 63 64 65 66 67 68 69 70 71 72 73 74 75
(62,*) 0 1 2 3 4 5 6 7 8 9 10 11 12 13 14 15 16 17 18 19 20 21 41 42 43 44 45 46 47 48 49 50 51 52 53 54 55 56 57 58 59 60 61 63 64 65 66 67 68 69 70 71 72 73 74 75
(63,*) 0 1 2 3 4 5 6 7 8 9 10 11 12 13 14 15 16 17 18 19 20 21 41 42 43 44 45 46 47 48 49 50 51 52 53 54 55 56 57 58 59 60 61 62 64 65 66 67 68 69 70 71 72 73 74 75
(64,*) 0 1 2 3 4 5 6 7 8 9 10 11 12 13 14 15 16 17 18 19 20 21 41 42 43 44 45 46 47 48 49 50 51 52 53 54 55 56 57 58 59 60 61 62 63 65 66 67 68 69 70 71 72 73 74 75
(65,*) 0 1 2 3 4 5 6 7 8 9 10 11 12 13 14 15 16 17 18 19 20 21 41 42 43 44 45 46 47 48 49 50 51 52 53 54 55 56 57 58 59 60 61 62 63 64 66 67 68 69 70 71 72 73 74 75
(66,*) 0 1 2 3 4 5 6 7 8 9 10 11 12 13 14 15 16 17 18 19 20 21 41 42 43 44 45 46 47 48 49 50 51 52 53 54 55 56 57 58 59 60 61 62 63 64 65 67 68 69 70 71 72 73 74 75
(67,*) 0 1 2 3 4 5 6 7 8 9 10 11 12 13 14 15 16 17 18 19 20 21 41 42 43 44 45 46 47 48 49 50 51 52 53 54 55 56 57 58 59 60 61 62 63 64 65 66 68 69 70 71 72 73 74 75
(68,*) 0 1 2 3 4 5 6 7 8 9 10 11 12 13 14 15 16 17 18 19 20 21 41 42 43 44 45 46 47 48 49 50 51 52 53 54 55 56 57 58 59 60 61 62 63 64 65 66 67 69 70 71 72 73 74 75
(69,*) 0 1 2 3 4 5 6 7 8 9 10 11 12 13 14 15 16 17 18 19 20 21 41 42 43 44 45 46 47 48 49 50 51 52 53 54 55 56 57 58 59 60 61 62 63 64 65 66 67 68 70 71 72 73 74 75
(70,*) 0 1 2 3 4 5 6 7 8 9 10 11 12 13 14 15 16 17 18 19 20 21 41 42 43 44 45 46 47 48 49 50 51 52 53 54 55 56 57 58 59 60 61 62 63 64 65 66 67 68 69 71 72 73 74 75
(71,*) 0 1 2 3 4 5 6 7 8 9 10 11 12 13 14 15 16 17 18 19 20 21 41 42 43 44 45 46 47 48 49 50 51 52 53 54 55 56 57 58 59 60 61 62 63 64 65 66 67 68 69 70 72 73 74 75
(72,*) 0 1 2 3 4 5 6 7 8 9 10 11 12 13 14 15 16 17 18 19 20 21 41 42 43 44 45 46 47 48 49 50 51 52 53 54 55 56 57 58 59 60 61 62 63 64 65 66 67 68 69 70 71 73 74 75
(73,*) 0 1 2 3 4 5 6 7 8 9 10 11 12 13 14 15 16 17 18 19 20 21 41 42 43 44 45 46 47 48 49 50 51 52 53 54 55 56 57 58 59 60 61 62 63 64 65 66 67 68 69 70 71 72 74 75
(74,*) 0 1 2 3 4 5 6 7 8 9 10 11 12 13 14 15 16 17 18 19 20 21 41 42 43 44 45 46 47 48 49 50 51 52 53 54 55 56 57 58 59 60 61 62 63 64 65 66 67 68 69 70 71 72 73 75
(75,*) 0 1 2 3 4 5 6 7 8 9 10 11 12 13 14 15 16 17 18 19 20 21 41 42 43 44 45 46 47 48 49 50 51 52 53 54 55 56 57 58 59 60 61 62 63 64 65 66 67 68 69 70 71 72 73 74
;
set A2:=
;
param BigM:=99999;
param n:= 9;
param d:=
1	17
2	21
3	18
4	24
5	1
6	20
7	24
8	18
9	11
10	6
11	21
12	20
13	21
14	18
15	48
16	1
17	2
18	24
19	18
20	11
21	22
22	2
23	11
24	10
25	6
26	13
27	11
28	2
29	5
30	23
31	2
32	9
33	19
34	11
35	17
36	42
37	4
38	21
39	9
40	23
41	16
42	7
43	9
44	23
45	19
46	20
47	5
48	3
49	19
50	2
51	17
52	17
53	9
54	9
55	5
56	2
57	14
58	18
59	9
;
param Q:=100;
param e:
	60	61	62	63	64	65	66	67	68	69	70	71	72	73	74:=
22		0		1		0		0		0		0		0		0		0		0		0		0		0		0		0	
23		0		0		0		0		0		0		1		0		0		1		0		0		0		0		0	
24		0		0		1		0		0		1		0		0		1		0		0		0		0		0		0	
25		0		1		0		0		0		0		0		0		1		0		0		0		0		0		0	
26		0		0		0		1		0		0		0		0		0		0		0		0		0		0		0	
27		0		0		0		1		0		0		0		0		0		0		0		0		0		0		0	
28		0		0		0		1		0		0		0		0		0		0		0		0		0		0		0	
29		0		0		0		0		0		0		1		0		0		0		0		0		0		0		0	
30		0		0		0		0		0		0		0		0		0		0		1		0		1		0		0	
31		0		0		1		0		0		1		0		0		0		0		0		1		0		0		0	
32		0		1		0		0		0		0		0		0		0		0		0		0		0		0		0	
33		0		0		0		0		0		0		0		0		0		0		1		0		0		1		0	
34		0		0		0		1		0		0		0		0		0		1		0		0		0		0		0	
35		0		0		0		0		0		0		0		0		0		0		1		0		0		0		0	
36		0		1		0		0		0		0		0		0		0		0		0		0		0		0		0	
37		1		0		0		0		0		0		0		0		0		0		0		0		0		1		1	
38		0		1		0		0		0		0		0		0		0		0		0		0		0		0		0	
39		1		0		0		0		0		0		0		0		0		0		1		0		0		1		0	
40		1		0		0		0		1		0		0		0		0		0		0		0		0		1		0	
41		0		1		0		0		0		0		0		0		0		0		0		0		0		0		0	
42		0		0		0		1		0		0		0		0		0		1		0		0		0		0		0	
43		0		1		0		0		0		1		0		0		1		0		0		0		0		0		0	
44		1		0		0		0		1		0		0		0		0		0		0		0		0		1		0	
45		0		0		0		0		0		0		1		0		0		1		0		0		1		0		0	
46		1		0		0		0		1		0		0		0		0		0		1		0		0		1		0	
47		1		0		0		0		0		0		0		0		0		0		1		0		0		1		0	
48		1		0		0		0		0		0		0		0		0		0		1		0		0		1		0	
49		0		0		0		0		1		0		0		0		0		0		1		0		0		1		0	
50		0		0		0		0		1		0		0		0		0		0		1		0		0		1		0	
51		0		1		0		0		0		0		1		0		0		1		0		0		0		0		0	
52		1		0		0		0		1		0		0		0		0		0		1		0		0		1		0	
53		0		1		0		0		0		0		0		0		0		0		0		0		0		0		0	
54		0		0		0		0		0		0		1		0		0		1		0		0		1		0		0	
55		1		0		0		0		0		0		0		0		0		0		1		0		0		1		0	
56		0		0		0		0		1		0		0		0		0		0		0		0		0		0		0	
57		1		0		0		0		1		0		0		0		0		0		0		0		0		1		0	
58		0		0		1		0		0		0		0		0		0		0		0		1		0		0		1	
59		0		0		0		0		0		0		1		0		0		1		0		0		1		0		1	
;
param p:=
1	1
2	1
3	1
4	1
5	1
6	1
7	1
8	1
9	1
;
param G:=
60	79
61	74
62	100
63	88
64	98
65	75
66	100
67	88
68	88
69	73
70	72
71	97
72	100
73	70
74	77
;
param s:=
0	0
1	10
2	10
3	10
4	10
5	10
6	10
7	10
8	10
9	10
10	10
11	10
12	10
13	10
14	10
15	10
16	10
17	10
18	10
19	10
20	10
21	10
41	10
42	10
43	10
44	10
45	10
46	10
47	10
48	10
49	10
50	10
51	10
52	10
53	10
54	10
55	10
56	10
57	10
58	10
59	10
60	10
61	10
62	10
63	10
64	10
65	10
66	10
67	10
68	10
69	10
70	10
71	10
72	10
73	10
74	10
;
param t:
	0	1	2	3	4	5	6	7	8	9	10	11	12	13	14	15	16	17	18	19	20	21	22	23	24	25	26	27	28	29	30	31	32	33	34	35	36	37	38	39	40	41	42	43	44	45	46	47	48	49	50	51	52	53	54	55	56	57	58	59	60	61	62	63	64	65	66	67	68	69	70	71	72	73	74	75:=
0	0.0	40.45	52.15	94.76	64.56	16.12	83.95	50.64	12.81	55.32	14.56	5.66	89.2	80.62	64.28	86.02	20.0	69.43	111.21	28.07	88.29	63.15	54.04	42.8	100.44	85.91	15.62	12.17	6.0	43.27	35.78	94.4	78.03	52.35	26.83	27.78	78.1	50.91	66.48	41.62	38.0	66.27	23.32	86.83	54.92	34.41	54.59	48.37	31.62	60.93	60.17	54.59	56.32	84.12	32.25	40.0	66.75	36.22	82.02	49.4	38.33	78.03	104.48	7.07	50.25	90.92	43.05	63.25	84.58	35.69	42.06	100.45	28.07	49.03	74.43	0.0
1	40.45	0.0	68.26	78.43	71.47	43.17	48.37	17.2	30.07	15.23	48.33	45.12	56.85	65.97	24.0	52.8	24.74	29.12	88.2	50.99	52.84	73.54	16.12	20.88	76.55	50.12	32.25	42.43	41.76	18.44	23.41	71.69	38.83	44.18	17.09	25.61	43.27	42.19	28.43	43.08	59.46	28.64	31.3	52.15	67.08	18.44	68.0	50.6	46.86	64.03	68.35	14.14	70.71	44.72	12.81	41.23	78.0	60.83	66.48	24.74	56.22	38.21	82.86	35.01	66.04	64.2	5.0	89.2	55.23	5.1	47.42	81.94	14.42	61.77	50.12	40.45
2	52.15	68.26	0.0	64.03	17.2	68.26	85.09	63.66	60.3	81.22	38.83	48.66	82.97	52.35	83.45	82.22	65.12	91.93	85.51	24.08	88.02	12.81	70.71	83.57	78.23	86.93	42.76	64.28	46.17	82.46	45.61	72.11	89.31	34.93	67.05	42.94	79.62	35.78	95.6	26.91	14.56	77.2	72.44	85.44	6.32	75.89	4.47	22.36	22.8	20.4	13.42	78.1	4.47	108.9	55.57	28.28	15.23	17.89	54.33	54.04	14.04	91.61	78.26	57.01	2.24	75.33	66.61	25.3	74.95	66.65	21.93	71.06	55.46	7.21	61.61	52.15
3	94.76	78.43	64.03	0.0	48.37	108.07	52.5	62.1	94.4	80.89	88.41	94.85	42.05	14.14	74.03	44.94	94.34	82.02	22.0	75.47	52.0	54.33	67.08	99.3	18.87	53.14	79.25	105.0	90.55	96.77	62.13	15.62	67.08	42.43	90.35	68.41	50.99	43.86	92.09	54.04	72.5	62.0	103.25	49.4	57.72	95.85	59.67	49.4	67.68	43.68	50.99	76.94	61.19	95.04	72.47	55.32	56.04	76.97	12.81	53.85	67.98	71.02	15.13	95.13	63.6	26.42	73.68	86.37	34.79	81.15	55.47	7.07	76.16	59.46	30.07	94.76
4	64.56	71.47	17.2	48.37	0.0	80.52	77.67	62.77	70.46	82.29	52.8	62.03	73.35	38.21	82.1	73.43	74.03	90.97	70.26	37.58	79.92	6.0	69.97	89.44	64.12	79.32	52.35	76.66	58.82	87.86	48.08	58.31	84.85	30.0	74.24	48.37	72.8	31.62	96.6	28.64	30.0	73.76	82.22	77.18	11.31	82.61	12.81	20.88	32.98	8.49	4.47	78.71	13.42	107.65	59.67	30.59	8.94	34.06	40.2	52.15	27.29	87.73	63.13	68.25	17.69	63.32	68.71	38.05	64.88	71.06	25.08	55.44	60.83	16.12	51.88	64.56
5	16.12	43.17	68.26	108.07	80.52	0.0	90.62	57.27	14.42	56.14	30.07	20.1	97.53	94.02	66.75	93.91	18.44	70.03	123.11	44.18	95.08	79.25	58.82	37.36	111.95	92.48	29.53	4.0	22.09	38.83	46.69	106.15	82.0	66.03	26.31	39.7	85.09	64.4	64.5	56.36	54.04	71.47	14.56	94.02	71.02	30.27	70.71	63.56	47.54	76.55	76.16	56.57	72.44	82.61	39.45	54.59	82.87	52.04	95.27	58.82	54.45	81.22	116.67	13.04	66.37	101.4	47.13	78.1	94.03	38.08	57.38	113.36	34.99	65.12	85.28	16.12
6	83.95	48.37	85.09	52.5	77.67	90.62	0.0	33.53	76.55	41.04	86.09	87.13	12.17	47.71	30.0	8.0	72.5	34.93	50.36	80.62	4.47	82.68	32.25	65.12	40.0	2.0	70.46	89.2	82.87	62.29	50.04	38.47	16.49	50.16	65.3	58.14	6.0	49.4	46.52	60.17	84.4	20.0	79.65	4.47	80.5	66.03	82.29	62.77	72.99	69.34	77.18	38.21	84.97	44.05	51.92	59.67	86.53	87.86	46.65	36.0	79.56	20.4	48.01	80.36	83.38	27.17	43.83	110.31	17.72	53.24	64.85	51.79	56.32	78.0	26.91	83.95
7	50.64	17.2	63.66	62.1	62.77	57.27	33.53	0.0	43.08	20.4	54.33	54.15	40.5	50.36	19.8	36.72	39.45	28.43	71.02	52.0	37.95	66.03	7.21	37.58	59.36	35.44	38.05	55.71	50.04	34.93	19.7	54.59	28.64	33.11	32.8	26.68	27.86	31.3	34.18	36.77	58.31	16.12	47.2	36.77	60.96	35.61	62.29	42.8	45.65	54.59	60.46	16.49	65.12	45.34	18.44	35.38	70.46	60.83	50.64	10.77	54.08	29.73	65.76	46.84	61.55	47.01	12.21	87.2	38.18	21.21	41.73	65.19	22.8	56.57	33.11	50.64
8	12.81	30.07	60.3	94.4	70.46	14.42	76.55	43.08	0.0	44.18	26.08	18.44	83.19	80.45	54.04	79.62	7.21	58.31	108.9	36.88	80.99	70.03	45.12	30.0	97.67	78.43	18.11	12.65	17.2	30.53	32.56	91.93	68.73	52.84	14.56	26.08	70.94	51.11	54.41	44.27	47.07	57.72	12.17	79.85	62.0	21.63	62.03	51.92	38.0	65.51	66.27	44.0	64.12	72.28	25.06	42.38	74.0	46.17	81.61	44.41	46.27	68.26	102.55	5.83	58.22	87.01	33.54	74.32	79.61	25.02	46.1	99.49	20.59	56.0	70.94	12.81
9	55.32	15.23	81.22	80.89	82.29	56.14	41.04	20.4	44.18	0.0	63.56	60.17	51.61	70.03	11.66	47.2	38.0	14.14	86.93	65.6	45.25	85.09	14.0	24.41	75.39	42.43	47.41	56.0	56.92	21.63	35.61	71.47	27.78	53.14	30.0	39.7	37.2	51.26	14.42	54.92	73.59	21.63	42.76	45.34	79.32	27.2	80.45	61.77	60.83	74.32	79.65	4.0	83.23	29.53	27.2	53.25	89.55	75.29	70.11	31.05	70.01	26.0	82.54	49.5	79.03	62.24	14.87	103.25	52.33	19.65	59.64	83.2	29.53	74.4	50.99	55.32
10	14.56	48.33	38.83	88.41	52.8	30.07	86.09	54.33	26.08	63.56	0.0	10.0	89.44	74.4	70.88	86.83	32.8	77.25	106.68	15.23	90.2	50.6	59.23	55.17	96.6	88.09	16.49	26.08	8.94	55.17	36.06	90.35	82.87	46.65	38.21	28.0	80.1	45.65	76.16	34.41	24.33	70.46	37.58	88.36	42.38	46.69	41.76	39.6	21.26	50.48	48.33	62.03	43.17	93.04	37.36	33.29	53.85	22.0	76.03	50.16	25.63	83.55	99.64	21.02	37.11	88.6	49.65	48.7	83.68	44.29	33.24	94.63	34.18	36.77	72.11	14.56
11	5.66	45.12	48.66	94.85	62.03	20.1	87.13	54.15	18.44	60.17	10.0	0.0	91.76	80.72	68.73	88.77	25.61	74.22	112.07	24.74	91.41	60.17	58.03	48.41	101.55	89.11	17.09	16.12	4.47	48.83	37.95	95.41	82.02	52.5	32.25	29.73	81.22	51.22	71.69	41.04	34.23	70.03	28.84	89.82	51.92	40.0	51.42	47.2	29.53	59.06	57.58	59.23	52.95	89.2	36.0	39.6	63.56	32.0	82.22	51.92	35.17	82.22	105.21	12.73	46.87	92.57	47.38	58.24	86.73	40.52	40.8	100.77	32.06	46.17	76.03	5.66
12	89.2	56.85	82.97	42.05	73.35	97.53	12.17	40.5	83.19	51.61	89.44	91.76	0.0	39.6	41.18	4.47	79.92	46.82	38.21	82.02	10.2	78.79	41.04	75.07	28.07	12.0	74.73	95.71	87.36	72.25	53.85	27.2	28.64	48.66	73.24	62.1	14.42	48.37	58.31	60.13	84.38	30.0	87.66	8.0	77.79	75.07	79.7	61.19	74.0	65.39	73.54	48.41	82.22	56.14	58.14	60.03	82.29	88.2	38.21	39.85	79.4	32.56	36.12	86.41	81.49	15.81	52.01	108.24	8.6	61.4	64.38	40.52	62.61	76.16	21.54	89.2
13	80.62	65.97	52.35	14.14	38.21	94.02	47.71	50.36	80.45	70.03	74.4	80.72	39.6	0.0	64.5	41.23	80.62	72.99	33.53	61.77	48.41	44.18	56.04	86.83	26.0	48.83	65.12	90.91	76.42	84.4	48.37	20.1	60.17	28.28	76.97	54.41	44.72	29.73	82.22	40.0	59.46	52.95	89.55	45.61	46.17	82.87	48.17	35.78	53.85	32.06	40.0	66.03	50.04	87.36	59.09	41.23	46.69	63.91	2.0	41.23	54.78	63.91	26.25	81.06	51.62	26.42	61.39	76.03	31.14	68.31	41.68	20.25	62.61	47.07	21.54	80.62
14	64.28	24.0	83.45	74.03	82.1	66.75	30.0	19.8	54.04	11.66	70.88	68.73	41.18	64.5	0.0	36.72	48.37	8.94	77.79	70.71	34.06	85.6	12.81	36.06	66.48	31.24	54.41	66.27	65.12	33.29	38.83	63.15	16.12	52.15	40.45	44.72	26.83	50.48	18.11	56.57	77.67	12.17	53.85	34.41	80.72	38.63	82.07	62.48	64.9	73.78	80.0	10.2	84.9	25.61	33.53	55.17	90.0	79.92	64.28	30.0	73.6	14.56	73.98	59.01	81.34	53.16	21.38	106.83	43.01	29.02	61.52	75.54	36.88	76.37	44.0	64.28
15	86.02	52.8	82.22	44.94	73.43	93.91	8.0	36.72	79.62	47.2	86.83	88.77	4.47	41.23	36.72	0.0	76.16	42.38	42.43	80.02	7.21	78.71	36.88	70.77	32.0	8.25	71.81	92.2	84.4	67.94	50.99	30.59	24.33	47.54	69.34	59.23	10.0	47.07	53.85	58.55	82.87	25.61	83.76	4.47	77.25	70.94	79.12	60.17	72.11	65.3	73.35	44.05	81.71	52.04	54.63	58.31	82.37	86.58	40.0	36.88	77.93	28.28	40.01	83.01	80.65	19.24	48.01	107.52	10.3	57.43	62.97	43.93	59.09	75.29	21.63	86.02
16	20.0	24.74	65.12	94.34	74.03	18.44	72.5	39.45	7.21	38.0	32.8	25.61	79.92	80.62	48.37	76.16	0.0	52.04	107.63	42.38	76.97	74.11	40.5	22.8	96.21	74.32	22.36	18.0	24.08	23.32	32.25	90.69	63.56	53.85	8.0	27.2	67.08	52.0	47.54	46.69	52.5	53.14	8.94	76.03	66.27	14.42	66.48	54.59	42.43	68.47	70.0	38.21	68.73	65.51	22.63	44.72	78.23	52.0	81.63	42.43	51.2	62.8	101.53	13.04	62.97	84.96	28.79	80.5	77.01	19.65	49.16	99.05	18.44	60.3	69.31	20.0
17	69.43	29.12	91.93	82.02	90.97	70.03	34.93	28.43	58.31	14.14	77.25	74.22	46.82	72.99	8.94	42.38	52.04	0.0	84.4	78.23	38.47	94.4	21.26	36.06	73.35	35.78	60.93	70.03	70.88	33.53	46.86	70.46	18.87	61.06	44.05	52.15	32.98	59.36	11.66	65.12	85.6	20.1	56.32	39.4	89.38	40.45	90.69	71.22	72.8	82.68	88.81	15.23	93.51	16.97	40.25	63.66	98.81	87.66	72.69	38.83	81.69	15.62	81.05	63.64	89.81	60.02	27.73	114.98	49.82	33.73	70.04	83.15	43.08	84.9	52.15	69.43
18	111.21	88.2	85.51	22.0	70.26	123.11	50.36	71.02	108.9	86.93	106.68	112.07	38.21	33.53	77.79	42.43	107.63	84.4	0.0	94.85	48.04	76.24	74.24	108.41	11.66	50.16	95.6	120.42	107.65	105.68	76.42	16.97	66.75	60.03	102.45	83.74	51.42	61.06	95.6	72.47	92.97	65.79	116.28	46.17	79.25	106.51	81.22	69.08	86.76	65.12	72.69	83.26	82.87	94.34	85.04	73.43	78.03	97.41	31.62	65.3	88.26	70.71	7.28	110.54	84.93	24.7	83.22	108.3	34.79	91.84	74.73	15.03	89.2	80.52	38.42	111.21
19	28.07	50.99	24.08	75.47	37.58	44.18	80.62	52.0	36.88	65.6	15.23	24.74	82.02	61.77	70.71	80.02	42.38	78.23	94.85	0.0	84.38	35.44	58.14	62.77	85.44	82.61	20.59	40.2	22.09	62.13	32.31	79.12	80.32	35.44	45.65	26.08	74.67	34.93	79.4	22.8	10.2	67.68	49.03	82.22	27.2	54.59	26.68	26.08	8.25	35.61	33.11	63.25	28.28	94.87	38.42	22.36	38.83	10.0	63.53	45.12	10.44	81.71	87.66	33.14	22.2	78.85	50.8	38.83	75.33	48.1	20.12	81.99	36.77	21.54	62.8	28.07
20	88.29	52.84	88.02	52.0	79.92	95.08	4.47	37.95	80.99	45.25	90.2	91.41	10.2	48.41	34.06	7.21	76.97	38.47	48.04	84.38	0.0	85.09	36.72	69.43	38.21	2.83	74.67	93.64	87.13	66.6	54.15	37.36	19.7	53.14	69.77	62.29	10.2	52.5	50.12	63.56	87.86	24.41	84.12	2.83	83.26	70.46	85.09	65.79	76.66	71.69	79.65	42.52	87.73	46.39	56.32	63.15	88.84	91.41	47.2	40.05	82.98	23.41	46.27	84.77	86.38	25.96	48.3	113.3	17.49	57.71	68.15	50.7	60.73	80.99	28.43	88.29
21	63.15	73.54	12.81	54.33	6.0	79.25	82.68	66.03	70.03	85.09	50.6	60.17	78.79	44.18	85.6	78.71	74.11	94.4	76.24	35.44	85.09	0.0	73.24	90.71	70.11	84.38	52.0	75.31	57.27	89.29	50.16	64.28	89.2	33.94	74.97	49.48	77.67	35.38	99.48	30.46	26.83	77.79	82.0	82.37	8.25	83.55	8.94	23.32	32.06	13.42	5.66	81.63	8.49	111.21	61.35	32.31	4.47	30.53	46.17	55.61	25.0	91.93	69.12	67.36	13.89	69.12	71.11	32.06	70.38	72.73	26.25	61.4	62.1	14.14	57.27	63.15
22	54.04	16.12	70.71	67.08	69.97	58.82	32.25	7.21	45.12	14.0	59.23	58.03	41.04	56.04	12.81	36.88	40.5	21.26	74.24	58.14	36.72	73.24	0.0	34.41	62.61	34.0	42.76	57.72	54.15	31.62	26.08	58.31	24.0	40.25	33.11	32.31	27.2	38.47	27.2	43.86	64.9	12.65	47.41	36.06	68.12	34.06	69.43	50.0	52.15	61.77	67.68	10.0	72.25	38.21	22.09	42.43	77.67	67.23	56.14	17.89	60.8	24.33	69.46	49.5	68.59	49.74	11.7	94.02	40.22	21.02	48.8	69.64	26.0	63.66	37.36	54.04
23	42.8	20.88	83.57	99.3	89.44	37.36	65.12	37.58	30.0	24.41	55.17	48.41	75.07	86.83	36.06	70.77	22.8	36.06	108.41	62.77	69.43	90.71	34.41	0.0	96.75	66.6	42.19	38.63	46.69	2.83	42.05	92.13	52.15	64.03	17.2	41.23	60.83	62.03	28.07	60.83	72.47	45.25	22.8	69.31	83.52	8.49	84.12	68.73	60.93	82.61	85.91	26.91	86.65	46.0	30.07	58.86	95.08	72.72	87.36	45.61	70.26	50.12	103.31	35.81	81.34	84.06	25.63	101.55	74.63	19.03	64.54	102.69	28.64	77.79	70.68	42.8
24	100.44	76.55	78.23	18.87	64.12	111.95	40.0	59.36	97.67	75.39	96.6	101.55	28.07	26.0	66.48	32.0	96.21	73.35	11.66	85.44	38.21	70.11	62.61	96.75	0.0	40.05	84.88	109.34	97.1	94.02	65.3	6.32	56.14	50.16	90.91	72.8	40.45	50.99	84.4	62.77	84.4	54.41	104.8	36.06	72.11	94.87	74.11	60.17	77.25	58.03	66.0	71.69	76.03	84.02	73.59	63.56	72.44	88.77	24.0	53.81	79.56	60.13	8.06	99.49	77.41	13.34	71.56	102.02	23.54	80.21	65.46	14.21	77.79	72.69	26.91	100.44
25	85.91	50.12	86.93	53.14	79.32	92.48	2.0	35.44	78.43	42.43	88.09	89.11	12.0	48.83	31.24	8.25	74.32	35.78	50.16	82.61	2.83	84.38	34.0	66.6	40.05	0.0	72.44	91.08	84.85	63.78	52.04	38.83	17.09	52.0	67.08	60.13	8.0	51.26	47.41	62.1	86.35	21.63	81.41	4.0	82.29	67.68	84.1	64.62	74.97	71.02	78.89	39.7	86.76	44.18	53.85	61.61	88.2	89.82	47.71	38.0	81.49	20.88	48.09	82.28	85.23	27.46	45.62	112.16	18.38	55.01	66.76	52.17	58.24	79.85	28.28	85.91
26	15.62	32.25	42.76	79.25	52.35	29.53	70.46	38.05	18.11	47.41	16.49	17.09	74.73	65.12	54.41	71.81	22.36	60.93	95.6	20.59	74.67	52.0	42.76	42.19	84.88	72.44	0.0	26.08	12.65	41.62	20.88	78.82	66.48	36.88	25.06	12.65	64.5	35.38	60.46	26.83	30.46	54.15	30.0	72.99	44.05	34.0	44.18	34.18	20.1	47.54	48.17	45.69	46.39	76.94	20.88	25.06	56.04	30.53	66.48	34.93	28.86	67.08	88.87	16.55	40.61	75.59	33.24	59.36	69.64	28.6	28.16	84.86	17.89	38.05	59.06	15.62
27	12.17	42.43	64.28	105.0	76.66	4.0	89.2	55.71	12.65	56.0	26.08	16.12	95.71	90.91	66.27	92.2	18.0	70.03	120.42	40.2	93.64	75.31	57.72	38.63	109.34	91.08	26.08	0.0	18.11	39.85	44.05	103.48	81.22	62.8	26.0	36.77	83.57	61.22	65.12	52.84	50.04	70.34	16.12	92.48	67.08	31.05	66.75	59.93	43.68	72.8	72.28	56.14	68.47	83.19	37.58	51.11	78.92	48.04	92.2	56.6	50.49	80.62	113.9	9.9	62.39	99.05	46.1	74.22	91.92	37.34	53.71	110.39	33.11	61.19	82.8	12.17
28	6.0	41.76	46.17	90.55	58.82	22.09	82.87	50.04	17.2	56.92	8.94	4.47	87.36	76.42	65.12	84.4	24.08	70.88	107.65	22.09	87.13	57.27	54.15	46.69	97.1	84.85	12.65	18.11	0.0	46.86	33.53	90.97	78.1	48.17	30.0	25.3	76.94	46.86	68.88	36.88	32.0	66.0	28.64	85.51	49.03	38.21	48.66	43.27	26.0	55.46	54.41	55.79	50.36	86.16	32.06	35.38	60.83	30.27	77.9	47.54	32.39	78.41	100.8	12.08	44.28	88.1	43.74	57.58	82.28	37.34	36.89	96.43	28.28	43.17	71.55	6.0
29	43.27	18.44	82.46	96.77	87.86	38.83	62.29	34.93	30.53	21.63	55.17	48.83	72.25	84.4	33.29	67.94	23.32	33.53	105.68	62.13	66.6	89.29	31.62	2.83	94.02	63.78	41.62	39.85	46.86	0.0	40.2	89.44	49.4	62.0	16.97	39.85	58.0	60.0	26.0	59.23	71.69	42.43	24.33	66.48	82.22	8.94	82.87	67.08	59.93	80.89	84.4	24.08	85.44	44.05	28.28	57.27	93.68	72.11	84.9	43.17	69.32	47.41	100.62	36.36	80.23	81.3	23.09	100.96	71.85	17.03	63.06	100.09	27.2	76.55	68.03	43.27
30	35.78	23.41	45.61	62.13	48.08	46.69	50.04	19.7	32.56	35.61	36.06	37.95	53.85	48.37	38.83	50.99	32.25	46.86	76.42	32.31	54.15	50.16	26.08	42.05	65.3	52.04	20.88	44.05	33.53	40.2	0.0	59.46	48.08	22.36	29.12	8.25	44.05	20.4	50.0	19.7	38.83	35.44	41.18	52.35	43.91	36.22	44.94	27.2	26.08	40.79	44.94	32.56	47.71	63.78	12.0	17.89	54.63	41.18	49.4	14.14	34.83	49.4	70.01	34.21	43.42	55.23	21.1	68.12	48.85	23.19	24.19	67.01	14.56	38.83	38.83	35.78
31	94.4	71.69	72.11	15.62	58.31	106.15	38.47	54.59	91.93	71.47	90.35	95.41	27.2	20.1	63.15	30.59	90.69	70.46	16.97	79.12	37.36	64.28	58.31	92.13	6.32	38.83	78.82	103.48	90.97	89.44	59.46	0.0	54.04	43.86	85.6	66.84	38.0	44.72	81.22	56.46	78.1	50.99	99.36	34.93	66.03	89.89	68.03	53.85	70.94	52.0	60.03	67.68	70.0	82.1	68.12	57.27	66.75	82.46	18.11	48.41	73.25	58.03	11.18	93.61	71.25	11.4	66.73	96.08	21.02	75.17	59.14	13.34	72.25	66.48	21.63	94.4
32	78.03	38.83	89.31	67.08	84.85	82.0	16.49	28.64	68.73	27.78	82.87	82.02	28.64	60.17	16.12	24.33	63.56	18.87	66.75	80.32	19.7	89.2	24.0	52.15	56.14	17.09	66.48	81.22	78.1	49.4	48.08	54.04	0.0	55.32	55.79	55.32	16.12	54.04	30.53	62.77	85.91	12.65	69.57	20.88	85.6	54.63	87.2	67.2	73.54	76.37	83.55	26.0	90.0	28.07	46.04	61.77	93.38	88.77	59.46	35.78	81.39	4.0	64.07	73.33	87.37	43.01	35.23	113.88	33.02	43.93	67.74	67.19	50.0	82.1	38.63	78.03
33	52.35	44.18	34.93	42.43	30.0	66.03	50.16	33.11	52.84	53.14	46.65	52.5	48.66	28.28	52.15	47.54	53.85	61.06	60.03	35.44	53.14	33.94	40.25	64.03	50.16	52.0	36.88	62.8	48.17	62.0	22.36	43.86	55.32	0.0	51.42	26.83	44.72	2.0	67.23	12.65	36.0	43.86	62.77	50.6	30.53	58.55	32.25	12.65	27.2	21.63	28.28	49.4	34.99	77.67	34.23	13.42	38.21	40.05	29.73	22.36	31.0	58.0	53.0	53.01	33.24	43.57	40.61	60.17	41.11	45.01	16.03	48.27	36.88	27.86	28.0	52.35
34	26.83	17.09	67.05	90.35	74.24	26.31	65.3	32.8	14.56	30.0	38.21	32.25	73.24	76.97	40.45	69.34	8.0	44.05	102.45	45.65	69.77	74.97	33.11	17.2	90.91	67.08	25.06	26.0	30.0	16.97	29.12	85.6	55.79	51.42	0.0	26.0	60.03	49.48	39.85	46.0	55.46	45.69	14.42	68.96	67.47	8.94	67.91	54.0	44.27	68.0	70.46	30.27	70.34	57.72	17.89	44.0	79.25	55.57	77.82	37.2	53.49	54.92	96.61	20.25	64.85	79.21	21.47	84.38	70.84	12.08	49.16	94.67	14.56	61.61	64.03	26.83
35	27.78	25.61	42.94	68.41	48.37	39.7	58.14	26.68	26.08	39.7	28.0	29.73	62.1	54.41	44.72	59.23	27.2	52.15	83.74	26.08	62.29	49.48	32.31	41.23	72.8	60.13	12.65	36.77	25.3	39.85	8.25	66.84	55.32	26.83	26.0	0.0	52.15	25.06	53.74	20.0	33.94	42.76	36.06	60.53	42.38	34.23	43.08	28.0	21.26	42.0	44.72	37.2	45.69	68.82	12.81	18.0	53.85	35.61	55.61	22.36	30.61	56.32	77.16	26.87	40.71	63.13	24.84	63.66	57.01	23.71	23.35	73.66	12.65	36.77	46.65	27.78
36	78.1	43.27	79.62	50.99	72.8	85.09	6.0	27.86	70.94	37.2	80.1	81.22	14.42	44.72	26.83	10.0	67.08	32.98	51.42	74.67	10.2	77.67	27.2	60.83	40.45	8.0	64.5	83.57	76.94	58.0	44.05	38.0	16.12	44.72	60.03	52.15	0.0	43.86	44.27	54.41	78.59	15.62	74.43	8.94	75.18	61.22	76.94	57.27	67.08	64.4	72.11	34.06	79.65	44.18	46.17	53.85	81.61	82.0	43.86	30.0	73.76	20.1	48.26	74.63	77.88	27.17	38.59	104.79	17.03	48.02	59.14	51.09	50.6	72.5	23.32	78.1
37	50.91	42.19	35.78	43.86	31.62	64.4	49.4	31.3	51.11	51.26	45.65	51.22	48.37	29.73	50.48	47.07	52.0	59.36	61.06	34.93	52.5	35.38	38.47	62.03	50.99	51.26	35.38	61.22	46.86	60.0	20.4	44.72	54.04	2.0	49.48	25.06	43.86	0.0	65.39	12.17	36.06	42.43	60.93	50.0	31.62	56.57	33.29	13.42	26.68	23.32	29.73	47.54	36.06	76.03	32.25	12.65	39.7	40.0	31.11	20.59	31.06	56.64	54.08	51.4	34.01	43.93	38.64	60.93	41.01	43.01	16.03	49.58	34.93	28.64	28.07	50.91
38	66.48	28.43	95.6	92.09	96.6	64.5	46.52	34.18	54.41	14.42	76.16	71.69	58.31	82.22	18.11	53.85	47.54	11.66	95.6	79.4	50.12	99.48	27.2	28.07	84.4	47.41	60.46	65.12	68.88	26.0	50.0	81.22	30.53	67.23	39.85	53.74	44.27	65.39	0.0	69.34	87.68	30.27	50.16	50.99	93.74	34.23	94.87	76.16	74.97	88.57	94.02	17.89	97.65	18.11	41.04	67.68	103.94	89.2	82.1	44.94	84.22	27.2	91.98	60.08	93.41	71.06	29.07	117.39	60.88	31.91	74.06	93.65	42.8	88.81	62.03	66.48
39	41.62	43.08	26.91	54.04	28.64	56.36	60.17	36.77	44.27	54.92	34.41	41.04	60.13	40.0	56.57	58.55	46.69	65.12	72.47	22.8	63.56	30.46	43.86	60.83	62.77	62.1	26.83	52.84	36.88	59.23	19.7	56.46	62.77	12.65	46.0	20.0	54.41	12.17	69.34	0.0	24.33	50.48	55.32	61.19	24.41	54.15	25.61	8.0	14.56	22.0	25.3	51.61	28.43	82.07	31.05	2.0	34.93	28.07	41.62	27.2	19.42	64.9	65.37	43.38	24.84	56.09	40.71	51.11	53.01	42.45	5.0	60.22	32.25	19.8	40.2	41.62
40	38.0	59.46	14.56	72.5	30.0	54.04	84.4	58.31	47.07	73.59	24.33	34.23	84.38	59.46	77.67	82.87	52.5	85.6	92.97	10.2	87.86	26.83	64.9	72.47	84.4	86.35	30.46	50.04	32.0	71.69	38.83	78.1	85.91	36.0	55.46	33.94	78.59	36.06	87.68	24.33	0.0	73.35	59.23	85.51	18.87	64.4	17.89	24.33	12.81	30.0	25.61	70.94	18.97	102.45	46.69	24.74	29.73	4.47	61.35	50.16	5.0	87.66	85.7	43.29	13.0	79.31	58.73	29.73	77.06	57.01	20.02	79.31	45.61	14.14	64.0	38.0
41	66.27	28.64	77.2	62.0	73.76	71.47	20.0	16.12	57.72	21.63	70.46	70.03	30.0	52.95	12.17	25.61	53.14	20.1	65.79	67.68	24.41	77.79	12.65	45.25	54.41	21.63	54.15	70.34	66.0	42.43	35.44	50.99	12.65	43.86	45.69	42.76	15.62	42.43	30.27	50.48	73.35	0.0	59.93	24.08	73.76	46.04	75.29	55.32	60.93	65.3	72.14	18.44	78.1	34.93	34.06	49.4	82.07	76.16	52.61	23.32	68.88	14.42	61.85	61.98	75.21	41.11	24.35	101.55	31.02	33.62	55.47	63.39	38.21	70.0	32.06	66.27
42	23.32	31.3	72.44	103.25	82.22	14.56	79.65	47.2	12.17	42.76	37.58	28.84	87.66	89.55	53.85	83.76	8.94	56.32	116.28	49.03	84.12	82.0	47.41	22.8	104.8	81.41	30.0	16.12	28.64	24.33	41.18	99.36	69.57	62.77	14.42	36.06	74.43	60.93	50.16	55.32	59.23	59.93	0.0	83.35	74.03	16.0	74.11	63.15	50.04	76.94	78.1	43.68	76.24	68.26	31.24	53.37	86.02	58.24	90.55	50.99	58.42	68.41	110.26	16.55	70.35	93.35	35.85	86.16	85.15	26.42	57.56	107.9	27.2	68.03	77.9	23.32
43	86.83	52.15	85.44	49.4	77.18	94.02	4.47	36.77	79.85	45.34	88.36	89.82	8.0	45.61	34.41	4.47	76.03	39.4	46.17	82.22	2.83	82.37	36.06	69.31	36.06	4.0	72.99	92.48	85.51	66.48	52.35	34.93	20.88	50.6	68.96	60.53	8.94	50.0	50.99	61.19	85.51	24.08	83.35	0.0	80.62	70.0	82.46	63.25	74.43	68.96	76.94	42.43	85.09	48.17	55.03	60.83	86.09	89.11	44.41	38.21	80.6	24.74	44.1	83.49	83.82	23.54	47.51	110.72	14.76	56.94	65.73	48.27	59.46	78.43	25.61	86.83
44	54.92	67.08	6.32	57.72	11.31	71.02	80.5	60.96	62.0	79.32	42.38	51.92	77.79	46.17	80.72	77.25	66.27	89.38	79.25	27.2	83.26	8.25	68.12	83.52	72.11	82.29	44.05	67.08	49.03	82.22	43.91	66.03	85.6	30.53	67.47	42.38	75.18	31.62	93.74	24.41	18.87	73.76	74.03	80.62	0.0	76.16	2.0	18.44	24.0	14.14	7.21	76.03	4.47	106.3	54.63	26.08	12.0	22.8	48.17	50.91	16.76	88.09	72.01	59.21	6.4	69.58	65.0	30.59	69.64	65.92	19.72	64.76	55.03	6.0	56.32	54.92
45	34.41	18.44	75.89	95.85	82.61	30.27	66.03	35.61	21.63	27.2	46.69	40.0	75.07	82.87	38.63	70.94	14.42	40.45	106.51	54.59	70.46	83.55	34.06	8.49	94.87	67.68	34.0	31.05	38.21	8.94	36.22	89.89	54.63	58.55	8.94	34.23	61.22	56.57	34.23	54.15	64.4	46.04	16.0	70.0	76.16	0.0	76.66	62.13	53.14	76.11	78.92	28.64	79.12	52.35	24.33	52.15	87.86	64.5	83.57	42.05	62.39	53.14	101.02	27.46	73.68	82.62	23.43	93.3	73.66	14.76	57.56	99.73	22.0	70.34	68.26	34.41
46	54.59	68.0	4.47	59.67	12.81	70.71	82.29	62.29	62.03	80.45	41.76	51.42	79.7	48.17	82.07	79.12	66.48	90.69	81.22	26.68	85.09	8.94	69.43	84.12	74.11	84.1	44.18	66.75	48.66	82.87	44.94	68.03	87.2	32.25	67.91	43.08	76.94	33.29	94.87	25.61	17.89	75.29	74.11	82.46	2.0	76.66	0.0	20.0	24.08	16.12	8.94	77.2	2.83	107.63	55.46	27.2	12.17	21.63	50.16	52.35	16.28	89.64	73.98	59.08	5.0	71.57	66.04	28.64	71.57	66.71	20.81	66.71	55.71	6.32	58.24	54.59
47	48.37	50.6	22.36	49.4	20.88	63.56	62.77	42.8	51.92	61.77	39.6	47.2	61.19	35.78	62.48	60.17	54.59	71.22	69.08	26.08	65.79	23.32	50.0	68.73	60.17	64.62	34.18	59.93	43.27	67.08	27.2	53.85	67.2	12.65	54.0	28.0	57.27	13.42	76.16	8.0	24.33	55.32	63.15	63.25	18.44	62.13	20.0	0.0	18.44	14.0	17.89	58.31	22.8	88.09	38.83	10.0	27.78	28.64	37.58	32.56	19.42	69.66	61.85	50.7	20.62	55.08	47.93	47.54	53.46	50.22	6.4	55.95	40.2	15.23	40.2	48.37
48	31.62	46.86	22.8	67.68	32.98	47.54	72.99	45.65	38.0	60.83	21.26	29.53	74.0	53.85	64.9	72.11	42.43	72.8	86.76	8.25	76.66	32.06	52.15	60.93	77.25	74.97	20.1	43.68	26.0	59.93	26.08	70.94	73.54	27.2	44.27	21.26	67.08	26.68	74.97	14.56	12.81	60.93	50.04	74.43	24.0	53.14	24.08	18.44	0.0	29.53	28.64	58.14	26.31	89.64	34.06	14.14	36.0	15.23	55.57	37.95	9.43	75.15	79.61	35.36	20.62	70.61	45.97	42.43	67.19	44.65	12.21	74.09	33.29	18.0	54.59	31.62
49	60.93	64.03	20.4	43.68	8.49	76.55	69.34	54.59	65.51	74.32	50.48	59.06	65.39	32.06	73.78	65.3	68.47	82.68	65.12	35.61	71.69	13.42	61.77	82.61	58.03	71.02	47.54	72.8	55.46	80.89	40.79	52.0	76.37	21.63	68.0	42.0	64.4	23.32	88.57	22.0	30.0	65.3	76.94	68.96	14.14	76.11	16.12	14.0	29.53	0.0	8.25	70.68	18.0	99.3	52.61	24.0	17.2	34.41	34.06	43.91	26.17	79.25	57.87	63.89	19.92	56.09	61.03	44.18	57.01	63.95	19.42	50.7	54.15	16.12	43.86	60.93
50	60.17	68.35	13.42	50.99	4.47	76.16	77.18	60.46	66.27	79.65	48.33	57.58	73.54	40.0	80.0	73.35	70.0	88.81	72.69	33.11	79.65	5.66	67.68	85.91	66.0	78.89	48.17	72.28	54.41	84.4	44.94	60.03	83.55	28.28	70.46	44.72	72.11	29.73	94.02	25.3	25.61	72.14	78.1	76.94	7.21	78.92	8.94	17.89	28.64	8.25	0.0	76.16	10.2	105.6	56.32	27.2	10.0	29.73	42.0	50.0	22.83	86.28	65.49	63.95	13.6	64.33	65.8	36.06	65.19	67.72	21.38	58.05	57.27	11.66	52.0	60.17
51	54.59	14.14	78.1	76.94	78.71	56.57	38.21	16.49	44.0	4.0	62.03	59.23	48.41	66.03	10.2	44.05	38.21	15.23	83.26	63.25	42.52	81.63	10.0	26.91	71.69	39.7	45.69	56.14	55.79	24.08	32.56	67.68	26.0	49.4	30.27	37.2	34.06	47.54	17.89	51.61	70.94	18.44	43.68	42.43	76.03	28.64	77.2	58.31	58.14	70.68	76.16	0.0	80.0	31.62	25.06	50.0	86.09	72.8	66.12	27.2	67.21	24.74	78.77	49.09	75.93	58.6	12.53	100.5	48.76	19.03	56.4	79.31	27.86	71.22	47.07	54.59
52	56.32	70.71	4.47	61.19	13.42	72.44	84.97	65.12	64.12	83.23	43.17	52.95	82.22	50.04	84.9	81.71	68.73	93.51	82.87	28.28	87.73	8.49	72.25	86.65	76.03	86.76	46.39	68.47	50.36	85.44	47.71	70.0	90.0	34.99	70.34	45.69	79.65	36.06	97.65	28.43	18.97	78.1	76.24	85.09	4.47	79.12	2.83	22.8	26.31	18.0	10.2	80.0	0.0	110.45	58.14	30.0	10.77	22.36	52.04	55.17	18.03	92.46	75.66	61.01	6.08	73.82	68.8	26.31	74.04	69.35	23.6	68.25	58.31	8.94	60.73	56.32
53	84.12	44.72	108.9	95.04	107.65	82.61	44.05	45.34	72.28	29.53	93.04	89.2	56.14	87.36	25.61	52.04	65.51	16.97	94.34	94.87	46.39	111.21	38.21	46.0	84.02	44.18	76.94	83.19	86.16	44.05	63.78	82.1	28.07	77.67	57.72	68.82	44.18	76.03	18.11	82.07	102.45	34.93	68.26	48.17	106.3	52.35	107.63	88.09	89.64	99.3	105.6	31.62	110.45	0.0	56.6	80.62	115.6	104.4	86.83	55.61	98.6	24.08	92.01	77.88	106.78	71.01	44.1	131.89	61.07	48.85	87.0	95.26	59.06	101.86	65.97	84.12
54	32.25	12.81	55.57	72.47	59.67	39.45	51.92	18.44	25.06	27.2	37.36	36.0	58.14	59.09	33.53	54.63	22.63	40.25	85.04	38.42	56.32	61.35	22.09	30.07	73.59	53.85	20.88	37.58	32.06	28.28	12.0	68.12	46.04	34.23	17.89	12.81	46.17	32.25	41.04	31.05	46.69	34.06	31.24	55.03	54.63	24.33	55.46	38.83	34.06	52.61	56.32	25.06	58.14	56.6	0.0	29.12	65.79	48.17	59.93	19.8	43.42	46.39	79.03	28.46	53.34	62.37	12.53	76.42	54.64	11.4	35.11	76.85	4.47	49.19	46.69	32.25
55	40.0	41.23	28.28	55.32	30.59	54.59	59.67	35.38	42.38	53.25	33.29	39.6	60.03	41.23	55.17	58.31	44.72	63.66	73.43	22.36	63.15	32.31	42.43	58.86	63.56	61.61	25.06	51.11	35.38	57.27	17.89	57.27	61.77	13.42	44.0	18.0	53.85	12.65	67.68	2.0	24.74	49.4	53.37	60.83	26.08	52.15	27.2	10.0	14.14	24.0	27.2	50.0	30.0	80.62	29.12	0.0	36.77	28.28	42.8	26.08	19.92	63.81	66.37	41.59	26.17	56.52	38.95	52.15	53.08	40.52	6.4	61.4	30.27	21.26	40.45	40.0
56	66.75	78.0	15.23	56.04	8.94	82.87	86.53	70.46	74.0	89.55	53.85	63.56	82.29	46.69	90.0	82.37	78.23	98.81	78.03	38.83	88.84	4.47	77.67	95.08	72.44	88.2	56.04	78.92	60.83	93.68	54.63	66.75	93.38	38.21	79.25	53.85	81.61	39.7	103.94	34.93	29.73	82.07	86.02	86.09	12.0	87.86	12.17	27.78	36.0	17.2	10.0	86.09	10.77	115.6	65.79	36.77	0.0	33.11	48.66	60.0	28.44	96.17	71.0	71.18	16.76	72.12	75.58	30.59	73.82	77.16	30.68	63.07	66.48	18.0	60.83	66.75
57	36.22	60.83	17.89	76.97	34.06	52.04	87.86	60.83	46.17	75.29	22.0	32.0	88.2	63.91	79.92	86.58	52.0	87.66	97.41	10.0	91.41	30.53	67.23	72.72	88.77	89.82	30.53	48.04	30.27	72.11	41.18	82.46	88.77	40.05	55.57	35.61	82.0	40.0	89.2	28.07	4.47	76.16	58.24	89.11	22.8	64.5	21.63	28.64	15.23	34.41	29.73	72.8	22.36	104.4	48.17	28.28	33.11	0.0	65.79	53.14	9.22	90.38	90.14	41.98	16.64	83.49	60.44	28.84	81.01	58.05	24.02	83.77	46.69	18.44	68.03	36.22
58	82.02	66.48	54.33	12.81	40.2	95.27	46.65	50.64	81.61	70.11	76.03	82.22	38.21	2.0	64.28	40.0	81.63	72.69	31.62	63.53	47.2	46.17	56.14	87.36	24.0	47.71	66.48	92.2	77.9	84.9	49.4	18.11	59.46	29.73	77.82	55.61	43.86	31.11	82.1	41.62	61.35	52.61	90.55	44.41	48.17	83.57	50.16	37.58	55.57	34.06	42.0	66.12	52.04	86.83	59.93	42.8	48.66	65.79	0.0	41.76	56.65	63.25	24.35	82.33	53.6	24.7	61.85	78.03	29.83	68.95	43.42	18.6	63.53	49.03	20.88	82.02
59	49.4	24.74	54.04	53.85	52.15	58.82	36.0	10.77	44.41	31.05	50.16	51.92	39.85	41.23	30.0	36.88	42.43	38.83	65.3	45.12	40.05	55.61	17.89	45.61	53.81	38.0	34.93	56.6	47.54	43.17	14.14	48.41	35.78	22.36	37.2	22.36	30.0	20.59	44.94	27.2	50.16	23.32	50.99	38.21	50.91	42.05	52.35	32.56	37.95	43.91	50.0	27.2	55.17	55.61	19.8	26.08	60.0	53.14	41.76	0.0	45.62	37.74	59.41	47.01	52.01	42.64	20.22	78.23	35.36	27.31	32.2	57.71	24.08	46.86	26.91	49.4
60	38.33	56.22	14.04	67.98	27.29	54.45	79.56	54.08	46.27	70.01	25.63	35.17	79.4	54.78	73.6	77.93	51.2	81.69	88.26	10.44	82.98	25.0	60.8	70.26	79.56	81.49	28.86	50.49	32.39	69.32	34.83	73.25	81.39	31.0	53.49	30.61	73.76	31.06	84.22	19.42	5.0	68.88	58.42	80.6	16.76	62.39	16.28	19.42	9.43	26.17	22.83	67.21	18.03	98.6	43.42	19.92	28.44	9.22	56.65	45.62	0.0	83.24	80.99	43.0	12.0	74.33	55.17	33.3	72.06	54.08	15.03	74.73	42.72	11.18	59.0	38.33
