set K:= 1	2	3	4	5	6	7;
set C_H:= 1	2	3	4	5	6	7	8	9	10	11	12	13	14	15	16	17	18;
set C_S:= 19	20	21	22	23	24	25	26	27	28	29	30	31	32	33	34	35;
set C_F:= 36	37	38	39	40	41	42	43	44	45	46	47	48	49	50	51	52;
set M:= 53	54	55	56	57	58;
set L_B:= 59	60	61	62	63	64	65;
set A1:=
(0,*) 1 2 3 4 5 6 7 8 9 10 11 12 13 14 15 16 17 18 36 37 38 39 40 41 42 43 44 45 46 47 48 49 50 51 52 53 54 55 56 57 58 59 60 61 62 63 64 65
(1,*) 0 2 3 4 5 6 7 8 9 10 11 12 13 14 15 16 17 18 36 37 38 39 40 41 42 43 44 45 46 47 48 49 50 51 52 53 54 55 56 57 58 59 60 61 62 63 64 65
(2,*) 0 1 3 4 5 6 7 8 9 10 11 12 13 14 15 16 17 18 36 37 38 39 40 41 42 43 44 45 46 47 48 49 50 51 52 53 54 55 56 57 58 59 60 61 62 63 64 65
(3,*) 0 1 2 4 5 6 7 8 9 10 11 12 13 14 15 16 17 18 36 37 38 39 40 41 42 43 44 45 46 47 48 49 50 51 52 53 54 55 56 57 58 59 60 61 62 63 64 65
(4,*) 0 1 2 3 5 6 7 8 9 10 11 12 13 14 15 16 17 18 36 37 38 39 40 41 42 43 44 45 46 47 48 49 50 51 52 53 54 55 56 57 58 59 60 61 62 63 64 65
(5,*) 0 1 2 3 4 6 7 8 9 10 11 12 13 14 15 16 17 18 36 37 38 39 40 41 42 43 44 45 46 47 48 49 50 51 52 53 54 55 56 57 58 59 60 61 62 63 64 65
(6,*) 0 1 2 3 4 5 7 8 9 10 11 12 13 14 15 16 17 18 36 37 38 39 40 41 42 43 44 45 46 47 48 49 50 51 52 53 54 55 56 57 58 59 60 61 62 63 64 65
(7,*) 0 1 2 3 4 5 6 8 9 10 11 12 13 14 15 16 17 18 36 37 38 39 40 41 42 43 44 45 46 47 48 49 50 51 52 53 54 55 56 57 58 59 60 61 62 63 64 65
(8,*) 0 1 2 3 4 5 6 7 9 10 11 12 13 14 15 16 17 18 36 37 38 39 40 41 42 43 44 45 46 47 48 49 50 51 52 53 54 55 56 57 58 59 60 61 62 63 64 65
(9,*) 0 1 2 3 4 5 6 7 8 10 11 12 13 14 15 16 17 18 36 37 38 39 40 41 42 43 44 45 46 47 48 49 50 51 52 53 54 55 56 57 58 59 60 61 62 63 64 65
(10,*) 0 1 2 3 4 5 6 7 8 9 11 12 13 14 15 16 17 18 36 37 38 39 40 41 42 43 44 45 46 47 48 49 50 51 52 53 54 55 56 57 58 59 60 61 62 63 64 65
(11,*) 0 1 2 3 4 5 6 7 8 9 10 12 13 14 15 16 17 18 36 37 38 39 40 41 42 43 44 45 46 47 48 49 50 51 52 53 54 55 56 57 58 59 60 61 62 63 64 65
(12,*) 0 1 2 3 4 5 6 7 8 9 10 11 13 14 15 16 17 18 36 37 38 39 40 41 42 43 44 45 46 47 48 49 50 51 52 53 54 55 56 57 58 59 60 61 62 63 64 65
(13,*) 0 1 2 3 4 5 6 7 8 9 10 11 12 14 15 16 17 18 36 37 38 39 40 41 42 43 44 45 46 47 48 49 50 51 52 53 54 55 56 57 58 59 60 61 62 63 64 65
(14,*) 0 1 2 3 4 5 6 7 8 9 10 11 12 13 15 16 17 18 36 37 38 39 40 41 42 43 44 45 46 47 48 49 50 51 52 53 54 55 56 57 58 59 60 61 62 63 64 65
(15,*) 0 1 2 3 4 5 6 7 8 9 10 11 12 13 14 16 17 18 36 37 38 39 40 41 42 43 44 45 46 47 48 49 50 51 52 53 54 55 56 57 58 59 60 61 62 63 64 65
(16,*) 0 1 2 3 4 5 6 7 8 9 10 11 12 13 14 15 17 18 36 37 38 39 40 41 42 43 44 45 46 47 48 49 50 51 52 53 54 55 56 57 58 59 60 61 62 63 64 65
(17,*) 0 1 2 3 4 5 6 7 8 9 10 11 12 13 14 15 16 18 36 37 38 39 40 41 42 43 44 45 46 47 48 49 50 51 52 53 54 55 56 57 58 59 60 61 62 63 64 65
(18,*) 0 1 2 3 4 5 6 7 8 9 10 11 12 13 14 15 16 17 36 37 38 39 40 41 42 43 44 45 46 47 48 49 50 51 52 53 54 55 56 57 58 59 60 61 62 63 64 65
(36,*) 0 1 2 3 4 5 6 7 8 9 10 11 12 13 14 15 16 17 18 37 38 39 40 41 42 43 44 45 46 47 48 49 50 51 52 53 54 55 56 57 58 59 60 61 62 63 64 65
(37,*) 0 1 2 3 4 5 6 7 8 9 10 11 12 13 14 15 16 17 18 36 38 39 40 41 42 43 44 45 46 47 48 49 50 51 52 53 54 55 56 57 58 59 60 61 62 63 64 65
(38,*) 0 1 2 3 4 5 6 7 8 9 10 11 12 13 14 15 16 17 18 36 37 39 40 41 42 43 44 45 46 47 48 49 50 51 52 53 54 55 56 57 58 59 60 61 62 63 64 65
(39,*) 0 1 2 3 4 5 6 7 8 9 10 11 12 13 14 15 16 17 18 36 37 38 40 41 42 43 44 45 46 47 48 49 50 51 52 53 54 55 56 57 58 59 60 61 62 63 64 65
(40,*) 0 1 2 3 4 5 6 7 8 9 10 11 12 13 14 15 16 17 18 36 37 38 39 41 42 43 44 45 46 47 48 49 50 51 52 53 54 55 56 57 58 59 60 61 62 63 64 65
(41,*) 0 1 2 3 4 5 6 7 8 9 10 11 12 13 14 15 16 17 18 36 37 38 39 40 42 43 44 45 46 47 48 49 50 51 52 53 54 55 56 57 58 59 60 61 62 63 64 65
(42,*) 0 1 2 3 4 5 6 7 8 9 10 11 12 13 14 15 16 17 18 36 37 38 39 40 41 43 44 45 46 47 48 49 50 51 52 53 54 55 56 57 58 59 60 61 62 63 64 65
(43,*) 0 1 2 3 4 5 6 7 8 9 10 11 12 13 14 15 16 17 18 36 37 38 39 40 41 42 44 45 46 47 48 49 50 51 52 53 54 55 56 57 58 59 60 61 62 63 64 65
(44,*) 0 1 2 3 4 5 6 7 8 9 10 11 12 13 14 15 16 17 18 36 37 38 39 40 41 42 43 45 46 47 48 49 50 51 52 53 54 55 56 57 58 59 60 61 62 63 64 65
(45,*) 0 1 2 3 4 5 6 7 8 9 10 11 12 13 14 15 16 17 18 36 37 38 39 40 41 42 43 44 46 47 48 49 50 51 52 53 54 55 56 57 58 59 60 61 62 63 64 65
(46,*) 0 1 2 3 4 5 6 7 8 9 10 11 12 13 14 15 16 17 18 36 37 38 39 40 41 42 43 44 45 47 48 49 50 51 52 53 54 55 56 57 58 59 60 61 62 63 64 65
(47,*) 0 1 2 3 4 5 6 7 8 9 10 11 12 13 14 15 16 17 18 36 37 38 39 40 41 42 43 44 45 46 48 49 50 51 52 53 54 55 56 57 58 59 60 61 62 63 64 65
(48,*) 0 1 2 3 4 5 6 7 8 9 10 11 12 13 14 15 16 17 18 36 37 38 39 40 41 42 43 44 45 46 47 49 50 51 52 53 54 55 56 57 58 59 60 61 62 63 64 65
(49,*) 0 1 2 3 4 5 6 7 8 9 10 11 12 13 14 15 16 17 18 36 37 38 39 40 41 42 43 44 45 46 47 48 50 51 52 53 54 55 56 57 58 59 60 61 62 63 64 65
(50,*) 0 1 2 3 4 5 6 7 8 9 10 11 12 13 14 15 16 17 18 36 37 38 39 40 41 42 43 44 45 46 47 48 49 51 52 53 54 55 56 57 58 59 60 61 62 63 64 65
(51,*) 0 1 2 3 4 5 6 7 8 9 10 11 12 13 14 15 16 17 18 36 37 38 39 40 41 42 43 44 45 46 47 48 49 50 52 53 54 55 56 57 58 59 60 61 62 63 64 65
(52,*) 0 1 2 3 4 5 6 7 8 9 10 11 12 13 14 15 16 17 18 36 37 38 39 40 41 42 43 44 45 46 47 48 49 50 51 53 54 55 56 57 58 59 60 61 62 63 64 65
(53,*) 0 1 2 3 4 5 6 7 8 9 10 11 12 13 14 15 16 17 18 36 37 38 39 40 41 42 43 44 45 46 47 48 49 50 51 52 55 56 57 58 59 60 61 62 63 64 65
(54,*) 0 1 2 3 4 5 6 7 8 9 10 11 12 13 14 15 16 17 18 36 37 38 39 40 41 42 43 44 45 46 47 48 49 50 51 52 55 56 57 58 59 60 61 62 63 64 65
(55,*) 0 1 2 3 4 5 6 7 8 9 10 11 12 13 14 15 16 17 18 36 37 38 39 40 41 42 43 44 45 46 47 48 49 50 51 52 53 54 57 58 59 60 61 62 63 64 65
(56,*) 0 1 2 3 4 5 6 7 8 9 10 11 12 13 14 15 16 17 18 36 37 38 39 40 41 42 43 44 45 46 47 48 49 50 51 52 53 54 57 58 59 60 61 62 63 64 65
(57,*) 0 1 2 3 4 5 6 7 8 9 10 11 12 13 14 15 16 17 18 36 37 38 39 40 41 42 43 44 45 46 47 48 49 50 51 52 53 54 55 56 59 60 61 62 63 64 65
(58,*) 0 1 2 3 4 5 6 7 8 9 10 11 12 13 14 15 16 17 18 36 37 38 39 40 41 42 43 44 45 46 47 48 49 50 51 52 53 54 55 56 59 60 61 62 63 64 65
(59,*) 0 1 2 3 4 5 6 7 8 9 10 11 12 13 14 15 16 17 18 36 37 38 39 40 41 42 43 44 45 46 47 48 49 50 51 52 53 54 55 56 57 58 60 61 62 63 64 65
(60,*) 0 1 2 3 4 5 6 7 8 9 10 11 12 13 14 15 16 17 18 36 37 38 39 40 41 42 43 44 45 46 47 48 49 50 51 52 53 54 55 56 57 58 59 61 62 63 64 65
(61,*) 0 1 2 3 4 5 6 7 8 9 10 11 12 13 14 15 16 17 18 36 37 38 39 40 41 42 43 44 45 46 47 48 49 50 51 52 53 54 55 56 57 58 59 60 62 63 64 65
(62,*) 0 1 2 3 4 5 6 7 8 9 10 11 12 13 14 15 16 17 18 36 37 38 39 40 41 42 43 44 45 46 47 48 49 50 51 52 53 54 55 56 57 58 59 60 61 63 64 65
(63,*) 0 1 2 3 4 5 6 7 8 9 10 11 12 13 14 15 16 17 18 36 37 38 39 40 41 42 43 44 45 46 47 48 49 50 51 52 53 54 55 56 57 58 59 60 61 62 64 65
(64,*) 0 1 2 3 4 5 6 7 8 9 10 11 12 13 14 15 16 17 18 36 37 38 39 40 41 42 43 44 45 46 47 48 49 50 51 52 53 54 55 56 57 58 59 60 61 62 63 65
(65,*) 0 1 2 3 4 5 6 7 8 9 10 11 12 13 14 15 16 17 18 36 37 38 39 40 41 42 43 44 45 46 47 48 49 50 51 52 53 54 55 56 57 58 59 60 61 62 63 64
;
set A2:=
(53,*) 54
(54,*) 53
(55,*) 56
(56,*) 55
(57,*) 58
(58,*) 57
;
param BigM:=99999;
param n:= 7;
param d:=
1	12
2	2
3	23
4	25
5	3
6	18
7	23
8	6
9	3
10	1
11	10
12	2
13	30
14	16
15	23
16	26
17	22
18	3
19	14
20	20
21	24
22	13
23	13
24	6
25	7
26	18
27	10
28	18
29	1
30	4
31	21
32	25
33	19
34	3
35	13
36	2
37	2
38	17
39	26
40	7
41	20
42	2
43	22
44	18
45	9
46	8
47	2
48	22
49	8
50	2
51	15
52	5
;
param Q:=100;
param w:=
[53,*] 54 0.5
[54,*] 53 0.5
[55,*] 56 0.5
[56,*] 55 0.5
[57,*] 58 0.5
[58,*] 57 0.5
;
param V:=
[53,*] 54 95
[54,*] 53 95
[55,*] 56 86
[56,*] 55 86
[57,*] 58 100
[58,*] 57 100
;
param e:
	53	54	55	56	57	58	59	60	61	62	63	64	65:=
19	0	0	0	0	0	0	0	0	0	0	0	0	1	
20	0	0	0	0	0	0	0	1	0	0	0	0	0	
21	0	0	0	0	0	0	0	0	0	1	0	0	0	
22	0	0	0	0	0	0	1	0	0	0	0	0	0	
23	0	0	0	0	0	0	0	1	0	0	0	0	0	
24	0	0	0	0	0	0	0	0	1	0	0	1	0	
25	0	0	0	0	0	0	0	0	0	1	0	0	0	
26	0	0	0	0	0	0	0	0	0	0	1	0	0	
27	0	0	0	0	0	0	0	1	0	0	0	0	0	
28	0	0	0	0	0	0	0	0	0	0	0	1	0	
29	0	0	0	0	0	0	0	0	0	0	0	0	1	
30	0	0	0	0	0	0	0	0	0	1	0	0	0	
31	0	0	0	0	0	0	0	0	1	0	0	0	0	
32	0	0	0	0	0	0	0	1	0	0	0	0	0	
33	0	0	0	0	0	0	0	0	1	0	0	0	0	
34	0	0	0	0	0	0	0	0	0	0	0	1	0	
35	0	0	0	0	0	0	0	0	0	1	0	0	0	
36	0	0	0	0	0	0	1	0	0	0	1	0	0	
37	0	0	0	0	0	0	1	0	0	0	1	0	0	
38	0	0	0	0	0	0	0	0	0	0	0	0	1	
39	0	0	0	0	0	0	0	1	0	0	1	0	0	
40	0	0	0	0	0	0	1	0	0	1	0	0	0	
41	0	0	0	0	0	0	0	0	0	0	0	0	1	
42	0	0	0	0	0	0	0	0	1	0	0	1	0	
43	0	0	0	0	0	0	0	0	0	1	0	0	1	
44	0	0	0	0	0	0	0	0	0	0	1	0	0	
45	0	0	0	0	0	0	0	0	0	0	1	0	0	
46	0	0	0	0	0	0	0	0	1	0	0	1	0	
47	0	0	0	0	0	0	0	0	0	0	0	1	0	
48	0	0	0	0	0	0	0	1	0	0	1	0	0	
49	0	0	0	0	0	0	0	1	0	0	0	0	0	
50	0	0	0	0	0	0	0	0	0	0	1	0	0	
51	0	0	0	0	0	0	0	0	0	0	0	1	0	
52	0	0	0	0	0	0	0	1	0	0	1	0	0	
;
param p:=
1	3
2	3
3	3
4	3
5	3
6	3
7	3
;
param G:=
53	95
54	93
55	71
56	86
57	100
58	83
59	87
60	79
61	82
62	72
63	71
64	84
65	94
;
param s:=
0	0
1	10
2	10
3	10
4	10
5	10
6	10
7	10
8	10
9	10
10	10
11	10
12	10
13	10
14	10
15	10
16	10
17	10
18	10
36	10
37	10
38	10
39	10
40	10
41	10
42	10
43	10
44	10
45	10
46	10
47	10
48	10
49	10
50	10
51	10
52	10
53	10
54	10
55	10
56	10
57	10
58	10
59	10
60	10
61	10
62	10
63	10
64	10
65	10
;
param t:
	0	1	2	3	4	5	6	7	8	9	10	11	12	13	14	15	16	17	18	19	20	21	22	23	24	25	26	27	28	29	30	31	32	33	34	35	36	37	38	39	40	41	42	43	44	45	46	47	48	49	50	51	52	53	54	55	56	57	58	59	60	61	62	63	64	65:=
0	0.0	57.57	40.22	57.31	61.98	96.54	73.55	42.72	47.2	31.3	23.77	27.78	58.86	25.24	55.33	37.01	72.95	29.07	74.04	27.66	33.38	63.32	46.01	24.19	82.49	57.31	30.53	18.03	54.34	22.47	47.54	76.49	33.53	69.03	64.28	62.29	11.4	22.2	31.14	33.11	35.11	49.65	90.0	48.05	63.98	40.01	82.04	65.12	42.8	52.35	44.18	55.23	21.54	85.8	25.08	48.02	48.01	58.6	68.59	28.65	40.22	89.4	37.22	17.2	71.2	42.54
1	57.57	0.0	35.78	63.25	79.32	48.85	36.22	46.14	48.1	27.17	61.29	31.14	27.17	82.08	71.87	47.71	23.77	42.95	16.49	76.01	70.71	40.2	29.41	66.22	29.68	63.25	43.93	55.22	5.39	67.03	51.87	21.26	35.47	26.02	24.7	75.8	46.17	37.22	76.24	39.82	45.88	82.54	40.72	71.59	44.1	21.93	40.2	10.3	47.85	42.95	23.71	14.42	43.01	36.77	70.8	44.27	62.27	42.05	32.76	41.77	59.36	39.81	54.78	49.09	19.31	78.59
2	40.22	35.78	0.0	29.41	44.05	58.67	34.41	10.63	62.82	19.65	30.68	19.03	55.44	64.38	36.4	56.32	38.64	12.21	49.48	46.49	68.41	66.57	8.06	60.41	48.84	29.41	49.09	49.73	36.62	37.7	17.03	46.0	43.93	32.57	56.59	41.01	32.31	20.62	45.12	47.52	11.0	47.3	53.31	35.85	69.46	36.24	43.27	46.07	60.02	62.39	42.54	24.33	41.11	49.4	63.16	60.73	26.63	65.3	29.68	12.04	66.0	52.92	19.42	43.93	39.05	44.18
3	57.31	63.25	29.41	0.0	17.46	68.18	45.18	19.24	90.82	48.3	36.06	46.62	84.81	75.96	12.17	83.24	57.57	31.78	74.3	47.43	90.01	95.96	33.97	81.06	66.71	0.0	75.69	72.11	65.07	42.05	12.53	67.42	71.87	50.0	85.63	13.0	54.23	45.61	43.42	74.95	24.74	31.78	66.07	18.87	98.79	65.51	53.0	73.41	87.6	91.24	71.87	49.65	66.49	63.29	82.39	89.16	10.3	94.51	42.76	32.98	91.59	66.12	20.1	67.48	60.17	33.6
4	61.98	79.32	44.05	17.46	0.0	85.01	62.51	33.42	101.6	61.07	38.33	58.6	99.01	75.66	7.81	93.04	75.0	42.44	91.24	44.15	95.35	109.34	49.93	86.15	84.17	17.46	85.43	78.85	80.6	42.01	27.46	84.76	83.01	67.45	100.57	5.1	62.03	56.08	39.29	85.48	36.24	20.81	83.29	14.04	111.83	78.75	70.11	89.59	97.95	103.17	85.15	66.24	75.64	80.62	86.47	100.5	17.69	107.2	60.21	43.83	99.96	83.38	28.3	75.27	77.49	26.0
5	96.54	48.85	58.67	68.18	85.01	0.0	24.7	62.97	96.93	66.48	89.0	69.31	73.76	121.66	80.31	96.18	25.55	70.83	41.11	104.69	117.41	86.31	51.31	111.52	20.22	68.18	91.59	100.12	54.23	96.15	64.03	29.43	83.35	27.59	68.73	80.0	86.31	74.41	102.69	87.82	68.45	98.66	8.25	85.33	90.43	69.84	15.81	50.99	96.66	91.39	72.5	42.64	88.41	12.08	115.52	93.05	74.33	89.5	29.07	70.49	107.82	9.22	74.33	93.72	29.55	98.23
6	73.55	36.22	34.41	45.18	62.51	24.7	0.0	38.28	82.04	45.28	64.41	47.43	63.39	98.35	57.04	79.12	16.4	46.62	37.74	80.06	97.53	76.42	27.59	90.74	22.83	45.18	73.39	79.4	41.05	71.59	39.62	26.91	65.8	10.44	60.42	57.71	64.03	51.86	78.0	70.21	43.83	74.55	21.02	61.29	80.31	53.15	8.94	43.01	80.81	78.16	57.43	24.33	68.43	18.11	94.3	78.64	50.25	78.03	5.0	46.4	90.44	21.0	49.65	73.06	21.1	73.76
7	42.72	46.14	10.63	19.24	33.42	62.97	38.28	0.0	71.78	29.07	27.02	27.51	65.95	64.9	25.81	64.54	46.0	14.14	59.14	42.19	73.68	76.84	17.09	65.12	56.04	19.24	57.07	55.23	47.2	34.21	6.71	54.45	52.81	39.12	67.21	30.41	37.22	27.17	39.81	56.04	7.62	38.21	58.69	25.96	79.61	46.32	47.17	56.44	68.68	72.01	52.7	33.84	48.26	55.11	67.19	70.01	16.12	75.29	34.21	15.03	73.44	58.46	11.4	50.01	47.27	36.12
8	47.2	48.1	62.82	90.82	101.6	96.93	82.04	71.78	0.0	43.17	67.36	44.27	26.91	60.64	93.94	10.3	71.78	59.51	59.08	74.81	33.38	21.59	62.39	35.23	77.39	90.82	16.97	30.87	42.72	68.62	78.43	68.43	18.97	72.78	34.06	100.18	41.11	45.62	77.99	16.12	66.31	94.37	88.77	89.04	20.02	29.07	87.56	47.71	4.47	8.54	24.74	57.71	26.91	84.86	40.11	4.24	84.53	15.3	77.65	58.18	15.81	87.85	73.36	30.0	67.42	87.78
9	31.3	27.17	19.65	48.3	61.07	66.48	45.28	29.07	43.17	0.0	35.17	4.0	38.42	56.44	53.26	37.01	42.01	19.21	43.57	49.16	52.33	48.27	20.22	45.49	51.31	48.3	30.07	34.13	25.08	40.31	35.78	45.19	24.33	38.95	41.18	58.82	20.25	10.05	49.82	28.07	24.84	59.17	59.46	50.33	50.8	17.69	53.01	36.06	40.45	42.95	24.08	24.21	23.41	55.23	49.2	41.11	43.42	46.32	40.31	17.8	47.27	58.8	33.24	27.78	39.96	54.13
10	23.77	61.29	30.68	36.06	38.33	89.0	64.41	27.02	67.36	35.17	0.0	31.32	72.01	39.92	32.0	57.8	69.12	19.24	77.03	15.81	57.07	79.63	38.6	47.85	79.31	36.06	50.45	41.23	60.02	7.21	29.21	75.66	50.33	63.25	75.77	39.0	26.25	26.0	15.0	51.62	20.59	27.02	83.93	24.33	81.22	50.99	73.36	70.86	63.25	70.77	56.82	53.34	40.46	80.06	48.17	67.18	25.96	76.06	59.93	20.1	63.06	83.57	17.2	38.59	69.05	20.52
11	27.78	31.14	19.03	46.62	58.6	69.31	47.43	27.51	44.27	4.0	31.32	0.0	41.62	53.0	50.8	37.34	45.22	16.28	47.52	45.18	50.7	50.93	21.19	43.42	54.71	46.62	30.07	32.2	29.07	36.35	34.18	48.85	25.3	41.73	44.72	56.6	17.03	6.08	45.89	28.64	22.47	55.76	62.48	47.38	53.26	20.62	55.44	40.05	41.23	44.78	26.91	27.46	22.36	58.26	46.87	42.54	41.05	48.6	42.44	14.87	47.01	61.85	30.48	26.0	43.42	50.54
12	58.86	27.17	55.44	84.81	99.01	73.76	63.39	65.95	26.91	38.42	72.01	41.62	0.0	79.1	91.22	31.78	50.09	57.63	33.62	83.82	57.78	13.04	51.62	56.75	53.6	84.81	32.56	48.26	22.56	75.77	72.47	44.38	26.0	53.15	7.21	96.33	48.76	46.14	85.62	28.28	62.97	97.35	65.51	88.73	17.0	21.1	67.01	22.8	28.84	19.21	15.23	40.52	38.05	61.98	61.85	22.67	81.32	15.81	59.84	56.22	41.88	64.54	71.59	44.0	45.18	91.92
13	25.24	82.08	64.38	75.96	75.66	121.66	98.35	64.9	60.64	56.44	39.92	53.0	79.1	0.0	70.61	50.8	98.18	52.5	98.43	32.0	32.2	80.5	70.77	26.0	107.7	75.96	47.04	31.02	78.43	34.21	68.48	101.53	53.15	94.2	85.38	77.47	36.24	47.43	37.0	51.0	57.43	58.03	115.21	61.98	80.06	62.82	106.96	88.89	56.29	67.9	65.76	80.45	41.44	111.02	21.95	62.97	65.79	74.81	93.43	52.4	47.93	114.62	56.8	35.23	96.38	51.0
14	55.33	71.87	36.4	12.17	7.81	80.31	57.04	25.81	93.94	53.26	32.0	50.8	91.22	70.61	0.0	85.49	68.66	34.67	84.17	39.92	88.68	101.53	42.54	79.51	78.09	12.17	77.88	71.81	73.01	36.5	20.12	78.16	75.29	61.19	92.85	7.0	54.71	48.37	35.34	77.83	28.43	20.25	78.01	8.94	104.02	70.94	65.03	82.15	90.34	95.41	77.34	59.03	68.15	75.11	80.1	92.78	9.9	99.4	54.33	36.06	92.66	78.03	20.59	68.01	70.88	23.43
15	37.01	47.71	56.32	83.24	93.04	96.18	79.12	64.54	10.3	37.01	57.8	37.34	31.78	50.8	85.49	0.0	70.66	51.55	60.83	64.66	26.0	30.0	57.04	26.02	77.39	83.24	7.62	20.62	42.44	58.69	71.06	68.82	13.34	70.58	38.91	91.92	31.62	37.64	67.94	9.06	58.52	84.81	88.19	80.13	29.27	26.4	85.44	49.5	5.83	17.12	24.21	55.03	17.49	84.12	31.06	12.17	76.32	24.08	74.46	50.29	11.66	87.32	65.0	19.85	66.73	78.1
16	72.95	23.77	38.64	57.57	75.0	25.55	16.4	46.0	71.78	42.01	69.12	45.22	50.09	98.18	68.66	70.66	0.0	50.0	21.47	84.9	92.01	63.03	30.59	86.37	10.2	57.57	66.04	75.01	29.12	75.96	49.37	10.63	57.8	7.62	46.1	70.52	62.2	50.77	83.74	62.27	49.5	84.1	17.8	71.34	67.07	44.29	17.12	28.16	71.31	66.71	47.17	17.8	63.13	13.6	90.52	68.01	60.53	65.49	15.81	49.34	82.3	17.03	57.08	68.62	5.1	82.05
17	29.07	42.95	12.21	31.78	42.44	70.83	46.62	14.14	59.51	19.21	19.24	16.28	57.63	52.5	34.67	51.55	50.0	0.0	58.22	34.93	59.54	67.21	19.7	50.99	60.17	31.78	43.97	41.11	42.38	25.96	20.02	56.44	40.71	44.38	60.21	40.71	23.09	13.93	34.13	43.46	7.07	40.25	65.31	31.14	69.53	36.8	55.47	52.89	56.08	60.75	43.14	34.13	34.71	61.33	53.16	58.18	25.06	64.82	41.88	1.41	59.84	64.88	14.21	36.01	49.82	35.74
18	74.04	16.49	49.48	74.3	91.24	41.11	37.74	59.14	59.08	43.57	77.03	47.52	33.62	98.43	84.17	60.83	21.47	58.22	0.0	92.05	85.28	45.61	42.06	81.54	21.0	74.3	58.26	70.83	20.12	83.02	64.08	12.17	49.82	27.8	27.89	87.24	62.64	53.6	92.02	53.91	60.21	96.77	33.02	85.07	49.73	36.89	37.95	11.4	59.82	52.35	36.8	25.3	58.67	30.07	86.28	54.92	75.03	49.4	36.24	57.14	72.25	32.02	68.88	64.88	16.64	93.38
19	27.66	76.01	46.49	47.43	44.15	104.69	80.06	42.19	74.81	49.16	15.81	45.18	83.82	32.0	39.92	64.66	84.9	34.93	92.05	0.0	57.25	89.89	54.41	48.37	95.08	47.43	58.01	45.28	74.24	9.06	43.28	91.24	59.94	79.06	88.32	46.49	35.34	39.32	5.0	60.21	36.25	26.08	99.72	31.02	90.92	63.32	89.0	85.21	70.43	79.61	68.62	68.88	48.55	95.86	47.01	75.45	37.2	85.59	75.64	35.69	67.36	99.37	31.4	44.82	84.72	19.0
20	33.38	70.71	68.41	90.01	95.35	117.41	97.53	73.68	33.38	52.33	57.07	50.7	57.78	32.2	88.68	26.0	92.01	59.54	85.28	57.25	0.0	54.92	71.87	9.22	99.9	90.01	27.02	18.68	65.8	54.71	79.31	91.93	35.47	90.43	64.88	95.63	36.5	47.8	61.74	31.4	66.37	81.93	109.81	81.39	53.34	48.8	104.96	74.2	29.83	41.77	48.6	74.89	29.15	105.6	10.63	36.88	81.1	48.66	92.59	58.69	18.0	109.02	70.01	24.7	88.73	74.67
21	63.32	40.2	66.57	95.96	109.34	86.31	76.42	76.84	21.59	48.27	79.63	50.93	13.04	80.5	101.53	30.0	63.03	67.21	45.61	89.89	54.92	0.0	63.51	56.01	66.1	95.96	33.73	49.65	35.51	82.49	83.49	56.89	29.97	66.19	17.72	107.0	54.59	54.56	92.28	30.36	73.11	105.89	78.09	98.29	4.12	30.61	80.0	35.36	25.18	13.15	24.21	53.37	41.79	74.67	61.03	18.11	91.68	6.32	72.84	65.8	37.36	77.1	81.39	46.84	58.08	100.0
22	46.01	29.41	8.06	33.97	49.93	51.31	27.59	17.09	62.39	20.22	38.6	21.19	51.62	70.77	42.54	57.04	30.59	19.7	42.06	54.41	71.87	63.51	0.0	64.4	40.79	33.97	50.25	53.31	31.11	45.54	22.47	38.01	44.01	24.7	51.86	46.4	36.89	24.7	53.15	48.01	19.03	54.92	45.62	43.01	66.71	34.21	36.24	39.66	60.07	60.88	40.16	16.76	43.42	41.63	67.6	59.84	33.11	62.97	22.67	19.24	67.48	45.19	27.17	47.17	31.02	52.09
23	24.19	66.22	60.41	81.06	86.15	111.52	90.74	65.12	35.23	45.49	47.85	43.42	56.75	26.0	79.51	26.02	86.37	50.99	81.54	48.37	9.22	56.01	64.4	0.0	94.76	81.06	24.35	11.4	61.61	45.54	70.58	87.21	32.2	84.2	63.6	86.47	28.16	39.92	52.77	28.79	57.71	72.8	104.14	72.18	55.08	44.65	98.47	70.83	31.06	43.01	45.62	68.88	23.35	99.9	5.1	38.01	72.03	50.01	85.76	50.22	21.93	103.39	61.01	17.8	83.44	65.55
24	82.49	29.68	48.84	66.71	84.17	20.22	22.83	56.04	77.39	51.31	79.31	54.71	53.6	107.7	78.09	77.39	10.2	60.17	21.0	95.08	99.9	66.1	40.79	94.76	0.0	66.71	73.41	83.49	34.99	86.13	59.14	9.22	65.0	17.03	48.51	79.56	71.56	60.42	93.94	69.4	59.68	94.02	12.04	81.15	70.21	51.4	19.21	30.81	77.41	71.51	53.34	27.29	71.42	9.22	99.09	73.41	70.26	69.38	24.04	59.48	89.04	11.05	67.19	77.16	11.4	92.14
25	57.31	63.25	29.41	0.0	17.46	68.18	45.18	19.24	90.82	48.3	36.06	46.62	84.81	75.96	12.17	83.24	57.57	31.78	74.3	47.43	90.01	95.96	33.97	81.06	66.71	0.0	75.69	72.11	65.07	42.05	12.53	67.42	71.87	50.0	85.63	13.0	54.23	45.61	43.42	74.95	24.74	31.78	66.07	18.87	98.79	65.51	53.0	73.41	87.6	91.24	71.87	49.65	66.49	63.29	82.39	89.16	10.3	94.51	42.76	32.98	91.59	66.12	20.1	67.48	60.17	33.6
26	30.53	43.93	49.09	75.69	85.43	91.59	73.39	57.07	16.97	30.07	50.45	30.07	32.56	47.04	77.88	7.62	66.04	43.97	58.26	58.01	27.02	33.73	50.25	24.35	73.41	75.69	0.0	16.03	38.9	51.66	63.56	65.19	8.49	65.31	39.29	84.31	24.21	30.08	61.07	4.47	50.96	77.47	83.76	72.56	33.84	22.02	80.11	47.2	12.81	21.93	21.63	49.66	10.0	79.61	29.41	17.49	68.71	28.46	68.62	42.72	17.26	82.93	57.38	13.42	62.43	70.84
27	18.03	55.22	49.73	72.11	78.85	100.12	79.4	55.23	30.87	34.13	41.23	32.2	48.26	31.02	71.81	20.62	75.01	41.11	70.83	45.28	18.68	49.65	53.31	11.4	83.49	72.11	16.03	0.0	50.77	40.5	61.03	76.06	22.56	72.8	54.74	78.64	18.03	29.12	49.04	20.02	48.04	67.6	92.76	65.15	49.48	34.0	87.09	60.37	26.4	37.36	35.74	57.49	12.21	88.53	15.62	32.57	63.64	44.15	74.43	40.2	22.2	92.02	52.35	6.4	72.14	60.54
28	54.34	5.39	36.62	65.07	80.6	54.23	41.05	47.2	42.72	25.08	60.02	29.07	22.56	78.43	73.01	42.44	29.12	42.38	20.12	74.24	65.8	35.51	31.11	61.61	34.99	65.07	38.9	50.77	0.0	65.38	53.26	26.4	30.41	31.02	21.1	77.34	42.95	35.01	74.81	34.71	46.07	82.46	46.1	72.07	39.32	17.03	45.4	11.0	42.49	37.66	18.36	18.03	38.59	42.15	66.29	38.9	63.25	37.0	37.34	41.11	54.08	45.19	55.01	44.78	24.7	78.11
29	22.47	67.03	37.7	42.05	42.01	96.15	71.59	34.21	68.62	40.31	7.21	36.35	75.77	34.21	36.5	58.69	75.96	25.96	83.02	9.06	54.71	82.49	45.54	45.54	86.13	42.05	51.66	40.5	65.38	0.0	36.12	82.2	52.7	70.23	80.01	43.42	28.02	30.59	9.85	53.41	27.78	27.31	91.0	28.07	83.76	55.03	80.53	76.32	64.35	72.8	60.54	59.84	41.87	87.09	45.12	68.88	31.78	78.49	67.08	26.68	62.68	90.62	24.08	38.95	75.71	20.12
30	47.54	51.87	17.03	12.53	27.46	64.03	39.62	6.71	78.43	35.78	29.21	34.18	72.47	68.48	20.12	71.06	49.37	20.02	64.08	43.28	79.31	83.49	22.47	70.58	59.14	12.53	63.56	61.03	53.26	36.12	0.0	58.46	59.46	42.11	73.54	24.08	43.01	33.54	40.22	62.64	13.0	35.06	60.53	22.02	86.28	53.0	48.27	62.13	75.29	78.72	59.36	38.91	54.59	57.22	72.37	76.69	11.18	81.99	36.12	21.1	79.76	60.41	12.04	56.04	51.2	34.21
31	76.49	21.26	46.0	67.42	84.76	29.43	26.91	54.45	68.43	45.19	75.66	48.85	44.38	101.53	78.16	68.82	10.63	56.44	12.17	91.24	91.93	56.89	38.01	87.21	9.22	67.42	65.19	76.06	26.4	82.2	58.46	0.0	56.73	18.03	39.32	80.41	65.3	54.78	90.55	61.07	57.0	92.66	21.21	80.23	61.0	43.19	26.0	21.59	68.6	62.39	44.65	22.36	63.89	18.0	91.68	64.4	69.63	60.17	26.4	55.58	80.45	20.22	65.12	69.81	7.28	90.09
32	33.53	35.47	43.93	71.87	83.01	83.35	65.8	52.81	18.97	24.33	50.33	25.3	26.0	53.15	75.29	13.34	57.8	40.71	49.82	59.94	35.47	29.97	44.01	32.2	65.0	71.87	8.49	22.56	30.41	52.7	59.46	56.73	0.0	57.38	32.25	81.41	24.7	26.93	62.43	4.47	47.42	77.08	75.47	70.8	31.06	13.6	72.24	38.83	16.12	20.52	13.42	41.79	12.17	71.34	37.16	17.49	65.76	25.81	61.13	39.36	24.7	74.63	54.71	18.0	54.08	70.84
33	69.03	26.02	32.57	50.0	67.45	27.59	10.44	39.12	72.78	38.95	63.25	41.73	53.15	94.2	61.19	70.58	7.62	44.38	27.8	79.06	90.43	66.19	24.7	84.2	17.03	50.0	65.31	72.8	31.02	70.23	42.11	18.03	57.38	0.0	50.01	62.94	58.73	46.86	77.62	61.85	43.17	77.01	21.1	64.12	70.11	44.27	14.87	32.57	71.84	68.47	48.05	15.65	61.29	17.0	88.09	69.23	53.24	68.01	8.49	43.86	82.08	20.59	50.36	66.4	11.31	75.24
34	64.28	24.7	56.59	85.63	100.57	68.73	60.42	67.21	34.06	41.18	75.77	44.72	7.21	85.38	92.85	38.91	46.1	60.21	27.89	88.32	64.88	17.72	51.86	63.6	48.51	85.63	39.29	54.74	21.1	80.01	73.54	39.32	32.25	50.01	0.0	97.59	53.76	49.77	89.81	34.93	65.0	100.34	60.53	91.02	21.84	25.0	63.2	18.0	36.06	26.17	20.1	38.91	44.05	57.22	68.68	29.83	82.98	21.95	57.28	58.83	49.09	59.54	73.82	50.16	41.05	95.26
35	62.29	75.8	41.01	13.0	5.1	80.0	57.71	30.41	100.18	58.82	39.0	56.6	96.33	77.47	7.0	91.92	70.52	40.71	87.24	46.49	95.63	107.0	46.4	86.47	79.56	13.0	84.31	78.64	77.34	43.42	24.08	80.41	81.41	62.94	97.59	0.0	61.4	54.56	41.79	84.1	34.13	24.76	78.41	15.52	109.62	76.4	65.19	86.02	96.66	101.36	82.8	62.43	74.67	75.8	87.09	98.88	15.65	105.12	55.54	42.06	99.33	78.52	26.93	74.73	73.16	29.15
36	11.4	46.17	32.31	54.23	62.03	86.31	64.03	37.22	41.11	20.25	26.25	17.03	48.76	36.24	54.71	31.62	62.2	23.09	62.64	35.34	36.5	54.59	36.89	28.16	71.56	54.23	24.21	18.03	42.95	28.02	43.01	65.3	24.7	58.73	53.76	61.4	0.0	12.21	37.74	25.5	30.02	53.26	79.51	48.75	55.76	29.07	72.25	53.76	37.01	44.82	33.73	44.41	14.21	75.29	30.87	41.04	46.1	50.48	59.03	22.2	37.95	78.87	34.71	13.34	60.21	46.69
37	22.2	37.22	20.62	45.61	56.08	74.41	51.86	27.17	45.62	10.05	26.0	6.08	46.14	47.43	48.37	37.64	50.77	13.93	53.6	39.32	47.8	54.56	24.7	39.92	60.42	45.61	30.08	29.12	35.01	30.59	33.54	54.78	26.93	46.86	49.77	54.56	12.21	0.0	40.26	29.55	20.88	51.4	67.8	44.05	56.57	25.06	60.14	46.01	42.15	47.2	31.06	33.12	21.1	63.6	42.94	44.42	38.91	51.66	46.86	12.65	46.27	67.2	27.78	23.35	49.19	45.79
38	31.14	76.24	45.12	43.42	39.29	102.69	78.0	39.81	77.99	49.82	15.0	45.89	85.62	37.0	35.34	67.94	83.74	34.13	92.02	5.0	61.74	92.28	53.15	52.77	93.94	43.42	61.07	49.04	74.81	9.85	40.22	90.55	62.43	77.62	89.81	41.79	37.74	40.26	0.0	63.01	34.48	21.1	98.03	26.4	93.49	64.85	86.93	85.71	73.66	82.42	70.38	68.26	51.4	94.25	51.62	78.41	33.3	88.2	73.74	35.06	71.22	97.72	28.65	48.1	83.86	14.0
39	33.11	39.82	47.52	74.95	85.48	87.82	70.21	56.04	16.12	28.07	51.62	28.64	28.28	51.0	77.83	9.06	62.27	43.46	53.91	60.21	31.4	30.36	48.01	28.79	69.4	74.95	4.47	20.02	34.71	53.41	62.64	61.07	4.47	61.85	34.93	84.1	25.5	29.55	63.01	0.0	50.33	78.57	79.92	72.95	30.87	18.03	76.69	42.8	12.65	19.42	17.2	46.24	11.66	75.8	33.84	15.56	68.45	25.5	65.52	42.15	20.25	79.08	57.25	16.49	58.52	72.12
40	35.11	45.88	11.0	24.74	36.24	68.45	43.83	7.62	66.31	24.84	20.59	22.47	62.97	57.43	28.43	58.52	49.5	7.07	60.21	36.25	66.37	73.11	19.03	57.71	59.68	24.74	50.96	48.04	46.07	27.78	13.0	57.0	47.42	43.17	65.0	34.13	30.02	20.88	34.48	50.33	0.0	36.69	63.57	26.08	75.6	42.52	52.77	56.08	62.97	67.23	48.92	35.23	41.77	59.77	59.67	64.85	18.6	71.03	39.4	8.25	66.91	63.25	8.94	43.05	50.04	33.24
41	49.65	82.54	47.3	31.78	20.81	98.66	74.55	38.21	94.37	59.17	27.02	55.76	97.35	58.03	20.25	84.81	84.1	40.25	96.77	26.08	81.93	105.89	54.92	72.8	94.02	31.78	77.47	67.6	82.46	27.31	35.06	92.66	77.08	77.01	100.34	24.76	53.26	51.4	21.1	78.57	36.69	0.0	95.52	13.34	107.71	76.28	83.02	92.7	90.27	97.58	82.42	71.59	67.48	92.27	72.12	94.11	24.33	102.65	71.18	41.59	89.69	95.43	27.89	65.46	85.48	7.28
42	90.0	40.72	53.31	66.07	83.29	8.25	21.02	58.69	88.77	59.46	83.93	62.48	65.51	115.21	78.01	88.19	17.8	65.31	33.02	99.72	109.81	78.09	45.62	104.14	12.04	66.07	83.76	92.76	46.1	91.0	60.53	21.21	75.47	21.1	60.53	78.41	79.51	67.8	98.03	79.92	63.57	95.52	0.0	82.3	82.2	61.91	13.34	42.76	88.57	83.17	64.4	35.36	80.92	4.24	108.25	84.86	71.25	81.25	24.52	64.85	99.85	1.0	70.09	86.37	21.47	94.54
43	48.05	71.59	35.85	18.87	14.04	85.33	61.29	25.96	89.04	50.33	24.33	47.38	88.73	61.98	8.94	80.13	71.34	31.14	85.07	31.02	81.39	98.29	43.01	72.18	81.15	18.87	72.56	65.15	72.07	28.07	22.02	80.23	70.8	64.12	91.02	15.52	48.75	44.05	26.4	72.95	26.08	13.34	82.3	0.0	100.5	67.94	69.72	81.86	85.23	91.21	74.28	59.77	62.65	79.1	72.44	88.23	11.05	95.67	58.03	32.56	86.54	82.22	17.2	61.85	72.99	14.87
44	63.98	44.1	69.46	98.79	111.83	90.43	80.31	79.61	20.02	50.8	81.22	53.26	17.0	80.06	104.02	29.27	67.07	69.53	49.73	90.92	53.34	4.12	66.71	55.08	70.21	98.79	33.84	49.48	39.32	83.76	86.28	61.0	31.06	70.11	21.84	109.62	55.76	56.57	93.49	30.87	75.6	107.71	82.2	100.5	0.0	33.29	84.01	39.46	24.02	12.17	26.93	57.07	42.49	78.77	60.03	17.12	94.2	5.39	76.66	68.12	35.51	81.22	83.74	47.17	62.13	101.67
45	40.01	21.93	36.24	65.51	78.75	69.84	53.15	46.32	29.07	17.69	50.99	20.62	21.1	62.82	70.94	26.4	44.29	36.8	36.89	63.32	48.8	30.61	34.21	44.65	51.4	65.51	22.02	34.0	17.03	55.03	53.0	43.19	13.6	44.27	25.0	76.4	29.07	25.06	64.85	18.03	42.52	76.28	61.91	67.94	33.29	0.0	59.14	26.4	27.66	26.68	6.4	28.86	21.93	57.8	49.4	26.02	61.07	29.07	48.66	35.38	38.01	61.06	50.91	28.23	40.5	70.83
46	82.04	40.2	43.27	53.0	70.11	15.81	8.94	47.17	87.56	53.01	73.36	55.44	67.01	106.96	65.03	85.44	17.12	55.47	37.95	89.0	104.96	80.0	36.24	98.47	19.21	53.0	80.11	87.09	45.4	80.53	48.27	26.0	72.24	14.87	63.2	65.19	72.25	60.14	86.93	76.69	52.77	83.02	13.34	69.72	84.01	59.14	0.0	45.28	86.68	83.02	62.82	30.46	75.8	11.66	102.2	83.95	58.69	82.22	13.6	55.22	96.93	13.6	58.52	80.71	22.2	82.46
47	65.12	10.3	46.07	73.41	89.59	50.99	43.01	56.44	47.71	36.06	70.86	40.05	22.8	88.89	82.15	49.5	28.16	52.89	11.4	85.21	74.2	35.36	39.66	70.83	30.81	73.41	47.2	60.37	11.0	76.32	62.13	21.59	38.83	32.57	18.0	86.02	53.76	46.01	85.71	42.8	56.08	92.7	42.76	81.86	39.46	26.4	45.28	0.0	48.41	41.15	25.61	24.04	48.33	39.32	75.66	43.57	72.56	38.6	40.31	51.66	60.88	41.77	65.0	54.63	23.09	88.6
48	42.8	47.85	60.02	87.6	97.95	96.66	80.81	68.68	4.47	40.45	63.25	41.23	28.84	56.29	90.34	5.83	71.31	56.08	59.82	70.43	29.83	25.18	60.07	31.06	77.41	87.6	12.81	26.4	42.49	64.35	75.29	68.6	16.12	71.84	36.06	96.66	37.01	42.15	73.66	12.65	62.97	90.27	88.57	85.23	24.02	27.66	86.68	48.41	0.0	12.04	24.17	56.52	22.8	84.58	36.01	7.07	81.02	19.03	76.3	54.78	13.04	87.66	69.78	25.61	67.12	83.63
49	52.35	42.95	62.39	91.24	103.17	91.39	78.16	72.01	8.54	42.95	70.77	44.78	19.21	67.9	95.41	17.12	66.71	60.75	52.35	79.61	41.77	13.15	60.88	43.01	71.51	91.24	21.93	37.36	37.66	72.8	78.72	62.39	20.52	68.47	26.17	101.36	44.82	47.2	82.42	19.42	67.23	97.58	83.17	91.21	12.17	26.68	83.02	41.15	12.04	0.0	21.1	54.01	31.06	79.4	48.0	5.0	85.76	7.0	74.03	59.36	24.35	82.22	74.89	35.34	62.1	91.29
50	44.18	23.71	42.54	71.87	85.15	72.5	57.43	52.7	24.74	24.08	56.82	26.91	15.23	65.76	77.34	24.21	47.17	43.14	36.8	68.62	48.6	24.21	40.16	45.62	53.34	71.87	21.63	35.74	18.36	60.54	59.36	44.65	13.42	48.05	20.1	82.8	33.73	31.06	70.38	17.2	48.92	82.42	64.4	74.28	26.93	6.4	62.82	25.61	24.17	21.1	0.0	33.14	24.33	60.42	50.57	21.21	67.48	22.85	53.15	41.73	35.81	63.51	57.28	30.59	42.95	76.85
51	55.23	14.42	24.33	49.65	66.24	42.64	24.33	33.84	57.71	24.21	53.34	27.46	40.52	80.45	59.03	55.03	17.8	34.13	25.3	68.88	74.89	53.37	16.76	68.88	27.29	49.65	49.66	57.49	18.03	59.84	38.91	22.36	41.79	15.65	38.91	62.43	44.41	33.12	68.26	46.24	35.23	71.59	35.36	59.77	57.07	28.86	30.46	24.04	56.52	54.01	33.14	0.0	45.8	31.11	72.92	54.33	49.77	54.33	20.02	33.24	66.48	34.66	43.74	51.09	16.16	68.47
52	21.54	43.01	41.11	66.49	75.64	88.41	68.43	48.26	26.91	23.41	40.46	22.36	38.05	41.44	68.15	17.49	63.13	34.71	58.67	48.55	29.15	41.79	43.42	23.35	71.42	66.49	10.0	12.21	38.59	41.87	54.59	63.89	12.17	61.29	44.05	74.67	14.21	21.1	51.4	11.66	41.77	67.48	80.92	62.65	42.49	21.93	75.8	48.33	22.8	31.06	24.33	45.8	0.0	76.69	27.8	27.02	59.14	37.12	63.51	33.54	25.18	80.16	47.76	6.32	60.11	60.88
53	85.8	36.77	49.4	63.29	80.62	12.08	18.11	55.11	84.86	55.23	80.06	58.26	61.98	111.02	75.11	84.12	13.6	61.33	30.07	95.86	105.6	74.67	41.63	99.9	9.22	63.29	79.61	88.53	42.15	87.09	57.22	18.0	71.34	17.0	57.22	75.8	75.29	63.6	94.25	75.8	59.77	92.27	4.24	79.1	78.77	57.8	11.66	39.32	84.58	79.4	60.42	31.11	76.69	0.0	104.0	80.99	68.07	77.67	21.1	60.84	95.77	3.61	66.49	82.13	17.46	91.08
54	25.08	70.8	63.16	82.39	86.47	115.52	94.3	67.19	40.11	49.2	48.17	46.87	61.85	21.95	80.1	31.06	90.52	53.16	86.28	47.01	10.63	61.03	67.6	5.1	99.09	82.39	29.41	15.62	66.29	45.12	72.37	91.68	37.16	88.09	68.68	87.09	30.87	42.94	51.62	33.84	59.67	72.12	108.25	72.44	60.03	49.4	102.2	75.66	36.01	48.0	50.57	72.92	27.8	104.0	0.0	43.0	73.06	55.0	89.31	52.5	26.25	107.52	62.29	21.93	87.73	64.85
55	48.02	44.27	60.73	89.16	100.5	93.05	78.64	70.01	4.24	41.11	67.18	42.54	22.67	62.97	92.78	12.17	68.01	58.18	54.92	75.45	36.88	18.11	59.84	38.01	73.41	89.16	17.49	32.57	38.9	68.88	76.69	64.4	17.49	69.23	29.83	98.88	41.04	44.42	78.41	15.56	64.85	94.11	84.86	88.23	17.12	26.02	83.95	43.57	7.07	5.0	21.21	54.33	27.02	80.99	43.0	0.0	83.24	12.0	74.33	56.82	19.7	83.93	72.2	30.89	63.57	87.68
56	48.01	62.27	26.63	10.3	17.69	74.33	50.25	16.12	84.53	43.42	25.96	41.05	81.32	65.79	9.9	76.32	60.53	25.06	75.03	37.2	81.1	91.68	33.11	72.03	70.26	10.3	68.71	63.64	63.25	31.78	11.18	69.63	65.76	53.24	82.98	15.65	46.1	38.91	33.3	68.45	18.6	24.33	71.25	11.05	94.2	61.07	58.69	72.56	81.02	85.76	67.48	49.77	59.14	68.07	73.06	83.24	0.0	89.63	47.01	26.42	83.93	71.18	11.4	59.44	62.37	24.6
57	58.6	42.05	65.3	94.51	107.2	89.5	78.03	75.29	15.3	46.32	76.06	48.6	15.81	74.81	99.4	24.08	65.49	64.82	49.4	85.59	48.66	6.32	62.97	50.01	69.38	94.51	28.46	44.15	37.0	78.49	81.99	60.17	25.81	68.01	21.95	105.12	50.48	51.66	88.2	25.5	71.03	102.65	81.25	95.67	5.39	29.07	82.22	38.6	19.03	7.0	22.85	54.33	37.12	77.67	55.0	12.0	89.63	0.0	74.17	63.41	31.05	80.28	79.03	41.79	60.67	96.54
58	68.59	32.76	29.68	42.76	60.21	29.07	5.0	34.21	77.65	40.31	59.93	42.44	59.84	93.43	54.33	74.46	15.81	41.88	36.24	75.64	92.59	72.84	22.67	85.76	24.04	42.76	68.62	74.43	37.34	67.08	36.12	26.4	61.13	8.49	57.28	55.54	59.03	46.86	73.74	65.52	39.4	71.18	24.52	58.03	76.66	48.66	13.6	40.31	76.3	74.03	53.15	20.02	63.51	21.1	89.31	74.33	47.01	74.17	0.0	41.62	85.73	24.33	45.61	68.1	19.8	70.04
59	28.65	41.77	12.04	32.98	43.83	70.49	46.4	15.03	58.18	17.8	20.1	14.87	56.22	52.4	36.06	50.29	49.34	1.41	57.14	35.69	58.69	65.8	19.24	50.22	59.48	32.98	42.72	40.2	41.11	26.68	21.1	55.58	39.36	43.86	58.83	42.06	22.2	12.65	35.06	42.15	8.25	41.59	64.85	32.56	68.12	35.38	55.22	51.66	54.78	59.36	41.73	33.24	33.54	60.84	52.5	56.82	26.42	63.41	41.62	0.0	58.69	64.4	15.62	35.0	49.03	37.0
60	40.22	59.36	66.0	91.59	99.96	107.82	90.44	73.44	15.81	47.27	63.06	47.01	41.88	47.93	92.66	11.66	82.3	59.84	72.25	67.36	18.0	37.36	67.48	21.93	89.04	91.59	17.26	22.2	54.08	62.68	79.76	80.45	24.7	82.08	49.09	99.33	37.95	46.27	71.22	20.25	66.91	89.69	99.85	86.54	35.51	38.01	96.93	60.88	13.04	24.35	35.81	66.48	25.18	95.77	26.25	19.7	83.93	31.05	85.73	58.69	0.0	98.98	72.53	24.7	78.39	82.68
61	89.4	39.81	52.92	66.12	83.38	9.22	21.0	58.46	87.85	58.8	83.57	61.85	64.54	114.62	78.03	87.32	17.03	64.88	32.02	99.37	109.02	77.1	45.19	103.39	11.05	66.12	82.93	92.02	45.19	90.62	60.41	20.22	74.63	20.59	59.54	78.52	78.87	67.2	97.72	79.08	63.25	95.43	1.0	82.22	81.22	61.06	13.6	41.77	87.66	82.22	63.51	34.66	80.16	3.61	107.52	83.93	71.18	80.28	24.33	64.4	98.98	0.0	69.86	85.63	20.59	94.37
62	37.22	54.78	19.42	20.1	28.3	74.33	49.65	11.4	73.36	33.24	17.2	30.48	71.59	56.8	20.59	65.0	57.08	14.21	68.88	31.4	70.01	81.39	27.17	61.01	67.19	20.1	57.38	52.35	55.01	24.08	12.04	65.12	54.71	50.36	73.82	26.93	34.71	27.78	28.65	57.25	8.94	27.89	70.09	17.2	83.74	50.91	58.52	65.0	69.78	74.89	57.28	43.74	47.76	66.49	62.29	72.2	11.4	79.03	45.61	15.62	72.53	69.86	0.0	48.05	58.03	25.0
63	17.2	49.09	43.93	67.48	75.27	93.72	73.06	50.01	30.0	27.78	38.59	26.0	44.0	35.23	68.01	19.85	68.62	36.01	64.88	44.82	24.7	46.84	47.17	17.8	77.16	67.48	13.42	6.4	44.78	38.95	56.04	69.81	18.0	66.4	50.16	74.73	13.34	23.35	48.1	16.49	43.05	65.46	86.37	61.85	47.17	28.23	80.71	54.63	25.61	35.34	30.59	51.09	6.32	82.13	21.93	30.89	59.44	41.79	68.1	35.0	24.7	85.63	48.05	0.0	65.8	58.6
64	71.2	19.31	39.05	60.17	77.49	29.55	21.1	47.27	67.42	39.96	69.05	43.42	45.18	96.38	70.88	66.73	5.1	49.82	16.64	84.72	88.73	58.08	31.02	83.44	11.4	60.17	62.43	72.14	24.7	75.71	51.2	7.28	54.08	11.31	41.05	73.16	60.21	49.19	83.86	58.52	50.04	85.48	21.47	72.99	62.13	40.5	22.2	23.09	67.12	62.1	42.95	16.16	60.11	17.46	87.73	63.57	62.37	60.67	19.8	49.03	78.39	20.59	58.03	65.8	0.0	83.02
65	42.54	78.59	44.18	33.6	26.0	98.23	73.76	36.12	87.78	54.13	20.52	50.54	91.92	51.0	23.43	78.1	82.05	35.74	93.38	19.0	74.67	100.0	52.09	65.55	92.14	33.6	70.84	60.54	78.11	20.12	34.21	90.09	70.84	75.24	95.26	29.15	46.69	45.79	14.0	72.12	33.24	7.28	94.54	14.87	101.67	70.83	82.46	88.6	83.63	91.29	76.85	68.47	60.88	91.08	64.85	87.68	24.6	96.54	70.04	37.0	82.68	94.37	25.0	58.6	83.02	0.0
;
