vehicles
vehicle_idx, capacity, cost_per_unit_distance
1,100,1
2,100,1
depot
node_idx,x,y
0,82,76
home delivery customers
node_idx,x,y,service_time,demand
1,85,60,10,14
2,5,42,10,4
3,1,65,10,22
self pickup customers
node_idx,x,y,service_time,demand,locker_idxs
4,49,8,10,6,11-7
flexible customers
node_idx,x,y,service_time,demand,locker_idxs
5,96,44,10,19,8
lockers
node_idx,x,y,service_time,capacity,cost_per_unit_good
6,65,88,10,86
7,25,15,10,76
8,93,12,10,71
9,22,88,10,84
10,77,88,10,94
11,72,14,10,72
12,57,34,10,98
13,26,38,10,83
mrt lines
start_node_idx,end_node_idx,freight_capacity,cost_per_unit_good
6,7,86,0.5
7,6,86,0.5
8,9,84,0.5
9,8,84,0.5
distance matrix
,0,1,2,3,4,5,6,7,8,9,10,11,12,13,
0,0.0,16.28,84.17,81.74,75.58,34.93,20.81,83.49,64.94,61.19,13.0,62.8,48.88,67.68
1,16.28,0.0,82.0,84.15,63.25,19.42,34.41,75.0,48.66,68.94,29.12,47.8,38.21,62.97
2,84.17,82.0,0.0,23.35,55.61,91.02,75.6,33.6,92.97,49.04,85.44,72.62,52.61,21.38
3,81.74,84.15,23.35,0.0,74.52,97.29,68.01,55.46,106.17,31.14,79.4,87.42,64.01,36.8
4,75.58,63.25,55.61,74.52,0.0,59.2,81.58,25.0,44.18,84.43,84.76,23.77,27.2,37.8
5,34.93,19.42,91.02,97.29,59.2,0.0,53.82,76.69,32.14,86.09,47.93,38.42,40.26,70.26
6,20.81,34.41,75.6,68.01,81.58,53.82,0.0,83.24,80.99,43.0,12.0,74.33,54.59,63.41
7,83.49,75.0,33.6,55.46,25.0,76.69,83.24,0.0,68.07,73.06,89.63,47.01,37.22,23.02
8,64.94,48.66,92.97,106.17,44.18,32.14,80.99,68.07,0.0,104.0,77.67,21.1,42.19,71.87
9,61.19,68.94,49.04,31.14,84.43,86.09,43.0,73.06,104.0,0.0,55.0,89.31,64.35,50.16
10,13.0,29.12,85.44,79.4,84.76,47.93,12.0,89.63,77.67,55.0,0.0,74.17,57.58,71.42
11,62.8,47.8,72.62,87.42,23.77,38.42,74.33,47.01,21.1,89.31,74.17,0.0,25.0,51.88
12,48.88,38.21,52.61,64.01,27.2,40.26,54.59,37.22,42.19,64.35,57.58,25.0,0.0,31.26
13,67.68,62.97,21.38,36.8,37.8,70.26,63.41,23.02,71.87,50.16,71.42,51.88,31.26,0.0
