vehicles
vehicle_idx, capacity, cost_per_unit_distance
1,100,3
2,100,3
depot
node_idx,x,y
0,92,92
home delivery customers
node_idx,x,y,service_time,demand
1,56,75,10,13
2,63,83,10,12
3,60,25,10,9
self pickup customers
node_idx,x,y,service_time,demand,locker_idxs
4,65,22,10,23,8
flexible customers
node_idx,x,y,service_time,demand,locker_idxs
5,59,2,10,9,8
lockers
node_idx,x,y,service_time,capacity,cost_per_unit_good
6,65,88,10,73
7,25,15,10,93
8,71,33,10,94
9,34,90,10,73
mrt lines
start_node_idx,end_node_idx,freight_capacity,cost_per_unit_good
6,7,93,0.1
7,6,93,0.1
distance matrix
,0,1,2,3,4,5,6,7,8,9,
0,0.0,39.81,30.36,74.25,75.03,95.86,27.29,102.07,62.63,58.03
1,39.81,0.0,10.63,50.16,53.76,73.06,15.81,67.54,44.6,26.63
2,30.36,10.63,0.0,58.08,61.03,81.1,5.39,77.9,50.64,29.83
3,74.25,50.16,58.08,0.0,5.83,23.02,63.2,36.4,13.6,70.01
4,75.03,53.76,61.03,5.83,0.0,20.88,66.0,40.61,12.53,74.73
5,95.86,73.06,81.1,23.02,20.88,0.0,86.21,36.4,33.24,91.48
6,27.29,15.81,5.39,63.2,66.0,86.21,0.0,83.24,55.33,31.06
7,102.07,67.54,77.9,36.4,40.61,36.4,83.24,0.0,49.4,75.54
8,62.63,44.6,50.64,13.6,12.53,33.24,55.33,49.4,0.0,67.96
9,58.03,26.63,29.83,70.01,74.73,91.48,31.06,75.54,67.96,0.0
