vehicles
vehicle_idx, capacity, cost_per_unit_distance
1,100,1
2,100,1
3,100,1
4,100,1
5,100,1
6,100,1
7,100,1
depot
node_idx,x,y
0,61,5
home delivery customers
node_idx,x,y,service_time,demand
1,85,53,10,24
2,69,11,10,17
3,87,15,10,2
4,87,23,10,10
5,69,87,10,20
6,21,53,10,23
7,77,63,10,20
8,77,25,10,2
9,7,7,10,15
10,81,69,10,9
11,23,57,10,13
12,31,13,10,2
13,91,47,10,4
14,85,69,10,4
15,15,29,10,6
16,1,83,10,13
17,85,31,10,10
18,5,33,10,5
19,51,85,10,36
self pickup customers
node_idx,x,y,service_time,demand,locker_idxs
20,17,57,10,9,61
21,49,93,10,15,54
22,69,43,10,16,60-62-64
23,17,61,10,12,61
24,53,23,10,23,64
25,89,7,10,2,56-59
26,75,25,10,5,64-66-59
27,81,15,10,18,59-56
28,77,35,10,16,62-66-59
29,21,93,10,6,57
30,71,91,10,8,54-58
31,13,69,10,13,61
32,65,75,10,18,54-58
33,7,37,10,14,61
34,61,11,10,19,59
35,1,13,10,22,55
36,51,11,10,9,64-59
flexible customers
node_idx,x,y,service_time,demand,locker_idxs
37,49,39,10,19,66-62-64-63
38,19,83,10,17,57
39,49,67,10,8,60-62-63
40,45,61,10,3,62-63
41,71,37,10,4,64-60-62-66
42,21,83,10,19,57
43,85,95,10,23,58-54
44,43,93,10,23,57-54
45,1,43,10,12,61-65
46,49,3,10,7,64
47,41,37,10,2,65-63-64
48,69,33,10,2,64-66-62-59
49,91,27,10,9,56-59
50,9,85,10,19,57
51,15,19,10,3,55
52,59,83,10,21,54-58
53,95,25,10,18,56-59
lockers
node_idx,x,y,service_time,capacity,cost_per_unit_good
54,65,88,10,77
55,25,15,10,91
56,93,12,10,88
57,22,88,10,84
58,77,88,10,75
59,72,14,10,79
60,72,56,10,85
61,11,51,10,90
62,68,49,10,95
63,36,50,10,90
64,56,25,10,98
65,20,41,10,78
66,71,43,10,79
mrt lines
start_node_idx,end_node_idx,freight_capacity,cost_per_unit_good
54,55,91,0.5
55,54,91,0.5
56,57,88,0.5
57,56,88,0.5
58,59,79,0.5
59,58,79,0.5
distance matrix
,0,1,2,3,4,5,6,7,8,9,10,11,12,13,14,15,16,17,18,19,20,21,22,23,24,25,26,27,28,29,30,31,32,33,34,35,36,37,38,39,40,41,42,43,44,45,46,47,48,49,50,51,52,53,54,55,56,57,58,59,60,61,62,63,64,65,66,
0,0.0,53.67,10.0,27.86,31.62,82.39,62.48,60.17,25.61,54.04,67.05,64.4,31.05,51.61,68.35,51.88,98.41,35.38,62.61,80.62,68.12,88.81,38.83,71.22,19.7,28.07,24.41,22.36,34.0,96.66,86.58,80.0,70.11,62.77,6.0,60.53,11.66,36.06,88.59,63.15,58.24,33.53,87.66,93.15,89.82,71.02,12.17,37.74,29.12,37.2,95.41,48.08,78.03,39.45,83.1,37.36,32.76,91.71,84.53,14.21,52.17,67.94,44.55,51.48,20.62,54.56,39.29
1,53.67,0.0,44.94,38.05,30.07,37.58,64.0,12.81,29.12,90.55,16.49,62.13,67.2,8.49,16.0,74.0,89.2,22.0,82.46,46.69,68.12,53.81,18.87,68.47,43.86,46.17,29.73,38.21,19.7,75.47,40.5,73.76,29.73,79.62,48.37,93.04,54.04,38.63,72.5,38.63,40.79,21.26,70.68,42.0,58.0,84.59,61.61,46.82,25.61,26.68,82.46,77.82,39.7,29.73,40.31,71.02,41.77,72.07,35.9,41.11,13.34,74.03,17.46,49.09,40.31,66.1,17.2
2,10.0,44.94,0.0,18.44,21.63,76.0,63.78,52.61,16.12,62.13,59.23,65.05,38.05,42.19,60.17,56.92,99.04,25.61,67.68,76.16,69.43,84.4,32.0,72.14,20.0,20.4,15.23,12.65,25.3,95.02,80.02,80.62,64.12,67.23,8.0,68.03,18.0,34.41,87.66,59.46,55.46,26.08,86.53,85.51,86.02,75.15,21.54,38.21,22.0,27.2,95.27,54.59,72.69,29.53,77.1,44.18,24.02,90.21,77.41,4.24,45.1,70.46,38.01,51.09,19.1,57.45,32.06
3,27.86,38.05,18.44,0.0,8.0,74.22,76.16,49.03,14.14,80.4,54.33,76.55,56.04,32.25,54.04,73.35,109.64,16.12,83.95,78.71,81.63,86.76,33.29,83.76,34.93,8.25,15.62,6.0,22.36,102.18,77.67,91.61,63.91,82.97,26.31,86.02,36.22,44.94,96.17,64.4,62.29,27.2,94.76,80.02,89.55,90.44,39.85,50.99,25.46,12.65,104.8,72.11,73.54,12.81,76.24,62.0,6.71,97.74,73.68,15.03,43.66,84.1,38.95,61.85,32.57,71.87,32.25
4,31.62,30.07,21.63,8.0,0.0,66.48,72.5,41.23,10.2,81.58,46.39,72.47,56.89,24.33,46.04,72.25,104.86,8.25,82.61,71.69,77.82,79.65,26.91,79.65,34.0,16.12,12.17,10.0,15.62,96.21,69.86,87.13,56.46,81.22,28.64,86.58,37.95,41.23,90.69,58.14,56.64,21.26,89.2,72.03,82.68,88.29,42.94,48.08,20.59,5.66,99.64,72.11,66.21,8.25,68.62,62.51,12.53,91.92,65.76,17.49,36.25,80.99,32.2,57.71,31.06,69.38,25.61
5,82.39,37.58,76.0,74.22,66.48,0.0,58.82,25.3,62.51,101.21,21.63,54.92,83.19,45.65,24.08,79.25,68.12,58.24,83.74,18.11,60.03,20.88,44.0,58.14,65.97,82.46,62.29,72.99,52.61,48.37,4.47,58.82,12.65,79.65,76.42,100.5,78.1,52.0,50.16,28.28,35.38,50.04,48.17,17.89,26.68,80.99,86.35,57.31,54.0,63.91,60.03,86.83,10.77,67.23,4.12,84.38,78.75,47.01,8.06,73.06,31.14,68.26,38.01,49.58,63.35,67.21,44.05
6,62.48,64.0,63.78,76.16,72.5,58.82,0.0,56.89,62.61,48.08,62.1,4.47,41.23,70.26,65.97,24.74,36.06,67.68,25.61,43.86,5.66,48.83,49.03,8.94,43.86,82.1,60.83,71.02,58.82,40.0,62.8,17.89,49.19,21.26,58.0,44.72,51.61,31.3,30.07,31.3,25.3,52.5,30.0,76.55,45.65,22.36,57.31,25.61,52.0,74.67,34.18,34.53,48.41,79.12,56.22,38.21,82.86,35.01,66.04,64.2,51.09,10.2,47.17,15.3,44.82,12.04,50.99
7,60.17,12.81,52.61,49.03,41.23,25.3,56.89,0.0,38.0,89.64,7.21,54.33,67.94,21.26,10.0,70.71,78.59,32.98,78.0,34.06,60.3,41.04,21.54,60.03,46.65,57.27,38.05,48.17,28.0,63.53,28.64,64.28,16.97,74.67,54.41,90.97,58.14,36.88,61.35,28.28,32.06,26.68,59.46,32.98,45.34,78.59,66.21,44.41,31.05,38.63,71.47,76.03,26.91,42.05,27.73,70.77,53.45,60.42,25.0,49.25,8.6,67.08,16.64,43.01,43.42,61.1,20.88
8,25.61,29.12,16.12,14.14,10.2,62.51,62.61,38.0,0.0,72.28,44.18,62.77,47.54,26.08,44.72,62.13,95.6,10.0,72.44,65.39,68.0,73.54,19.7,69.97,24.08,21.63,2.0,10.77,10.0,88.09,66.27,77.67,51.42,71.02,21.26,76.94,29.53,31.3,82.02,50.48,48.17,13.42,80.62,70.46,76.03,78.1,35.61,37.95,11.31,14.14,90.69,62.29,60.73,18.0,64.13,52.95,20.62,83.63,63.0,12.08,31.4,70.94,25.63,48.02,21.0,59.2,18.97
9,54.04,90.55,62.13,80.4,81.58,101.21,48.08,89.64,72.28,0.0,96.54,52.5,24.74,93.04,99.64,23.41,76.24,81.61,26.08,89.55,50.99,95.71,71.69,54.92,48.7,82.0,70.34,74.43,75.39,87.13,105.6,62.29,89.38,30.0,54.15,8.49,44.18,52.8,76.94,73.24,66.03,70.68,77.28,117.59,93.23,36.5,42.19,45.34,67.23,86.35,78.03,14.42,92.09,89.82,99.62,19.7,86.15,82.38,107.06,65.38,81.4,44.18,74.06,51.87,52.2,36.4,73.43
10,67.05,16.49,59.23,54.33,46.39,21.63,62.1,7.21,44.18,96.54,0.0,59.23,75.07,24.17,4.0,77.18,81.22,38.21,84.1,34.0,65.12,40.0,28.64,64.5,53.85,62.51,44.41,54.0,34.23,64.62,24.17,68.0,17.09,80.62,61.35,97.65,65.3,43.86,63.56,32.06,36.88,33.53,61.61,26.31,44.94,84.12,73.35,51.22,37.95,43.17,73.76,82.8,26.08,46.17,24.84,77.79,58.25,61.98,19.42,55.73,15.81,72.28,23.85,48.85,50.61,67.12,27.86
11,64.4,62.13,65.05,76.55,72.47,54.92,4.47,54.33,62.77,52.5,59.23,0.0,44.72,68.73,63.15,29.12,34.06,67.23,30.0,39.6,6.0,44.41,48.08,7.21,45.34,82.8,61.06,71.61,58.31,36.06,58.82,15.62,45.69,25.61,59.67,49.19,53.85,31.62,26.31,27.86,22.36,52.0,26.08,72.72,41.18,26.08,59.93,26.91,51.88,74.32,31.3,38.83,44.41,78.79,52.2,42.05,83.22,31.02,62.27,65.19,49.01,13.42,45.71,14.76,45.97,16.28,50.0
12,31.05,67.2,38.05,56.04,56.89,83.19,41.23,67.94,47.54,24.74,75.07,44.72,0.0,68.96,77.79,22.63,76.16,56.92,32.8,74.73,46.17,82.0,48.41,50.0,24.17,58.31,45.61,50.04,50.99,80.62,87.66,58.82,70.71,33.94,30.07,30.0,20.1,31.62,71.02,56.92,50.0,46.65,70.71,98.18,80.89,42.43,20.59,26.0,42.94,61.61,75.29,17.09,75.39,65.12,82.35,6.32,62.01,75.54,87.98,41.01,59.41,42.94,51.62,37.34,27.73,30.08,50.0
13,51.61,8.49,42.19,32.25,24.33,45.65,70.26,21.26,26.08,93.04,24.17,68.73,68.96,0.0,22.8,78.1,96.93,17.09,87.13,55.17,74.67,62.29,22.36,75.31,44.94,40.05,27.2,33.53,18.44,83.76,48.33,81.04,38.21,84.59,46.86,96.21,53.81,42.76,80.5,46.52,48.08,22.36,78.71,48.37,66.48,90.09,60.83,50.99,26.08,20.0,90.38,80.99,48.17,22.36,48.55,73.35,35.06,80.26,43.32,38.08,21.02,80.1,23.09,55.08,41.34,71.25,20.4
14,68.35,16.0,60.17,54.04,46.04,24.08,65.97,10.0,44.72,99.64,4.0,63.15,77.79,22.8,0.0,80.62,85.16,38.0,87.73,37.58,69.05,43.27,30.53,68.47,56.04,62.13,45.12,54.15,34.93,68.35,26.08,72.0,20.88,84.31,62.77,100.96,67.23,46.86,67.47,36.06,40.79,34.93,65.51,26.0,48.37,87.93,75.18,54.41,39.4,42.43,77.67,86.02,29.53,45.12,27.59,80.72,57.56,65.8,20.62,56.52,18.38,76.16,26.25,52.55,52.7,70.77,29.53
15,51.88,74.0,56.92,73.35,72.25,79.25,24.74,70.71,62.13,23.41,77.18,29.12,22.63,78.1,80.62,0.0,55.79,70.03,10.77,66.57,28.07,72.47,55.79,32.06,38.47,77.2,60.13,67.47,62.29,64.28,83.55,40.05,67.94,11.31,49.4,21.26,40.25,35.44,54.15,50.99,43.86,56.57,54.33,96.21,69.86,19.8,42.8,27.2,54.15,76.03,56.32,10.0,69.66,80.1,77.34,17.2,79.83,59.41,85.59,58.94,63.07,22.36,56.65,29.7,41.19,13.0,57.72
16,98.41,89.2,99.04,109.64,104.86,68.12,36.06,78.59,95.6,76.24,81.22,34.06,76.16,96.93,85.16,55.79,0.0,98.79,50.16,50.04,30.53,49.03,78.89,27.2,79.4,116.28,94.02,105.0,89.89,22.36,70.46,18.44,64.5,46.39,93.72,70.0,87.66,65.12,18.0,50.6,49.19,83.76,20.0,84.85,43.17,40.0,93.3,60.96,84.4,106.0,8.25,65.51,58.0,110.45,64.2,72.11,116.21,21.59,76.16,99.01,75.96,33.53,75.13,48.1,79.93,46.1,80.62
17,35.38,22.0,25.61,16.12,8.25,58.24,67.68,32.98,10.0,81.61,38.21,67.23,56.92,17.09,38.0,70.03,98.79,0.0,80.02,63.81,72.8,71.69,20.0,74.32,32.98,24.33,11.66,16.49,8.94,89.11,61.61,81.41,48.33,78.23,31.24,85.91,39.45,36.88,84.02,50.91,50.0,15.23,82.46,64.0,74.89,84.85,45.61,44.41,16.12,7.21,93.23,71.02,58.14,11.66,60.41,62.1,20.62,84.96,57.56,21.4,28.18,76.66,24.76,52.55,29.61,65.76,18.44
18,62.61,82.46,67.68,83.95,82.61,83.74,25.61,78.0,72.44,26.08,84.1,30.0,32.8,87.13,87.73,10.77,50.16,80.02,0.0,69.43,26.83,74.4,64.78,30.46,49.03,87.93,70.46,78.1,72.03,62.1,87.86,36.88,73.24,4.47,60.17,20.4,50.99,44.41,51.92,55.61,48.83,66.12,52.5,101.21,71.02,10.77,53.25,36.22,64.0,86.21,52.15,17.2,73.59,90.35,81.39,26.91,90.47,57.57,90.6,69.64,70.84,18.97,65.0,35.36,51.62,17.0,66.75
19,80.62,46.69,76.16,78.71,71.69,18.11,43.86,34.06,65.39,89.55,34.0,39.6,74.73,55.17,37.58,66.57,50.04,63.81,69.43,0.0,44.05,8.25,45.69,41.62,62.03,86.76,64.62,76.16,56.36,31.05,20.88,41.23,17.2,65.12,74.67,87.66,74.0,46.04,32.06,18.11,24.74,52.0,30.07,35.44,11.31,65.3,82.02,49.03,55.03,70.46,42.0,75.18,8.25,74.4,14.32,74.67,84.22,29.15,26.17,74.04,35.81,52.5,39.81,38.08,60.21,53.82,46.52
20,68.12,68.12,69.43,81.63,77.82,60.03,5.66,60.3,68.0,50.99,65.12,6.0,46.17,74.67,69.05,28.07,30.53,72.8,26.83,44.05,0.0,48.17,53.85,4.0,49.52,87.66,66.24,76.55,63.91,36.22,63.81,12.65,51.26,22.36,63.66,46.82,57.2,36.72,26.08,33.53,28.28,57.58,26.31,77.9,44.41,21.26,62.77,31.24,57.27,79.85,29.12,38.05,49.4,84.31,57.14,42.76,88.32,31.4,67.54,69.81,55.01,8.49,51.62,20.25,50.45,16.28,55.79
21,88.81,53.81,84.4,86.76,79.65,20.88,48.83,41.04,73.54,95.71,40.0,44.41,82.0,62.29,43.27,72.47,49.03,71.69,74.4,8.25,48.17,0.0,53.85,45.25,70.11,94.85,72.8,84.31,64.4,28.0,22.09,43.27,24.08,70.0,82.87,93.3,82.02,54.0,31.62,26.0,32.25,60.17,29.73,36.06,6.0,69.31,90.0,56.57,63.25,78.23,40.79,81.44,14.14,82.1,16.76,81.61,92.18,27.46,28.44,82.28,43.57,56.64,47.93,44.92,68.36,59.54,54.63
22,38.83,18.87,32.0,33.29,26.91,44.0,49.03,21.54,19.7,71.69,28.64,48.08,48.41,22.36,30.53,55.79,78.89,20.0,64.78,45.69,53.85,53.85,0.0,55.03,25.61,41.18,18.97,30.46,11.31,69.31,48.04,61.74,32.25,62.29,32.98,74.32,36.72,20.4,64.03,31.24,30.0,6.32,62.48,54.41,56.36,68.0,44.72,28.64,10.0,27.2,73.24,59.09,41.23,31.62,45.18,52.15,39.2,65.07,45.71,29.15,13.34,58.55,6.08,33.73,22.2,49.04,2.0
23,71.22,68.47,72.14,83.76,79.65,58.14,8.94,60.03,69.97,54.92,64.5,7.21,50.0,75.31,68.47,32.06,27.2,74.32,30.46,41.62,4.0,45.25,55.03,0.0,52.35,90.0,68.26,78.82,65.39,32.25,61.77,8.94,50.0,26.0,66.6,50.6,60.46,38.83,22.09,32.56,28.0,59.09,22.36,76.03,41.23,24.08,66.24,33.94,59.06,81.44,25.3,42.05,47.41,85.91,55.07,46.69,90.43,27.46,65.8,72.35,55.23,11.66,52.39,21.95,53.08,20.22,56.92
24,19.7,43.86,20.0,34.93,34.0,65.97,43.86,46.65,24.08,48.7,53.85,45.34,24.17,44.94,56.04,38.47,79.4,32.98,49.03,62.03,49.52,70.11,25.61,52.35,0.0,39.4,22.09,29.12,26.83,76.97,70.34,60.96,53.37,48.08,14.42,52.95,12.17,16.49,68.96,44.18,38.83,22.8,68.0,78.79,70.71,55.71,20.4,18.44,18.87,38.21,76.03,38.21,60.3,42.05,66.1,29.12,41.48,72.01,69.29,21.02,38.08,50.48,30.02,31.91,3.61,37.59,26.91
25,28.07,46.17,20.4,8.25,16.12,82.46,82.1,57.27,21.63,82.0,62.51,82.8,58.31,40.05,62.13,77.2,116.28,24.33,87.93,86.76,87.66,94.85,41.18,90.0,39.4,0.0,22.8,11.31,30.46,109.64,85.91,98.08,72.11,87.32,28.28,88.2,38.21,51.22,103.32,72.11,69.66,34.99,101.98,88.09,97.53,95.08,40.2,56.6,32.8,20.1,111.73,74.97,81.71,18.97,84.48,64.5,6.4,105.12,81.88,18.38,51.87,89.55,46.96,68.25,37.59,76.92,40.25
26,24.41,29.73,15.23,15.62,12.17,62.29,60.83,38.05,2.0,70.34,44.41,61.06,45.61,27.2,45.12,60.13,94.02,11.66,70.46,64.62,66.24,72.8,18.97,68.26,22.09,22.8,0.0,11.66,10.2,86.83,66.12,76.03,50.99,69.05,19.8,74.97,27.78,29.53,80.62,49.4,46.86,12.65,79.25,70.71,75.15,76.16,34.06,36.06,10.0,16.12,89.2,60.3,60.17,20.0,63.79,50.99,22.2,82.33,63.03,11.4,31.14,69.08,25.0,46.32,19.0,57.28,18.44
27,22.36,38.21,12.65,6.0,10.0,72.99,71.02,48.17,10.77,74.43,54.0,71.61,50.04,33.53,54.15,67.47,105.0,16.49,78.1,76.16,76.55,84.31,30.46,78.82,29.12,11.31,11.66,0.0,20.4,98.41,76.66,86.83,62.1,77.2,20.4,80.02,30.27,40.0,92.02,61.06,58.41,24.17,90.69,80.1,86.76,84.76,34.18,45.65,21.63,15.62,100.42,66.12,71.47,17.2,74.73,56.0,12.37,93.86,73.11,9.06,41.98,78.71,36.4,57.01,26.93,66.31,29.73
28,34.0,19.7,25.3,22.36,15.62,52.61,58.82,28.0,10.0,75.39,34.23,58.31,50.99,18.44,34.93,62.29,89.89,8.94,72.03,56.36,63.91,64.4,11.31,65.39,26.83,30.46,10.2,20.4,0.0,80.62,56.32,72.47,41.76,70.03,28.84,79.12,35.38,28.28,75.29,42.52,41.23,6.32,73.76,60.53,67.23,76.42,42.52,36.06,8.25,16.12,84.4,64.03,51.26,20.59,54.34,55.71,28.02,76.38,53.0,21.59,21.59,67.91,16.64,43.66,23.26,57.31,10.0
29,96.66,75.47,95.02,102.18,96.21,48.37,40.0,63.53,88.09,87.13,64.62,36.06,80.62,83.76,68.35,64.28,22.36,89.11,62.1,31.05,36.22,28.0,69.31,32.25,76.97,109.64,86.83,98.41,80.62,0.0,50.04,25.3,47.54,57.72,91.24,82.46,87.32,60.83,10.2,38.21,40.0,75.07,10.0,64.03,22.0,53.85,94.25,59.46,76.84,96.21,14.42,74.24,39.29,100.5,44.28,78.1,108.37,5.1,56.22,94.03,63.01,43.17,64.38,45.54,76.48,52.01,70.71
30,86.58,40.5,80.02,77.67,69.86,4.47,62.8,28.64,66.27,105.6,24.17,58.82,87.66,48.33,26.08,83.55,70.46,61.61,87.86,20.88,63.81,22.09,48.04,61.77,70.34,85.91,66.12,76.66,56.32,50.04,0.0,62.03,17.09,83.74,80.62,104.8,82.46,56.46,52.61,32.56,39.7,54.0,50.64,14.56,28.07,84.88,90.71,61.77,58.03,67.05,62.29,91.21,14.42,70.23,6.71,88.84,82.01,49.09,6.71,77.01,35.01,72.11,42.11,53.91,67.68,71.42,48.0
31,80.0,73.76,80.62,91.61,87.13,58.82,17.89,64.28,77.67,62.29,68.0,15.62,58.82,81.04,72.0,40.05,18.44,81.41,36.88,41.23,12.65,43.27,61.74,8.94,60.96,98.08,76.03,86.83,72.47,25.3,62.03,0.0,52.35,32.56,75.29,57.27,69.34,46.86,15.23,36.06,32.98,66.24,16.12,76.55,38.42,28.64,75.18,42.52,66.57,88.59,16.49,50.04,48.08,93.06,55.36,55.32,98.23,21.02,66.76,80.66,60.42,18.11,58.52,29.83,61.52,28.86,63.56
32,70.11,29.73,64.12,63.91,56.46,12.65,49.19,16.97,51.42,89.38,17.09,45.69,70.71,38.21,20.88,67.94,64.5,48.33,73.24,17.2,51.26,24.08,32.25,50.0,53.37,72.11,50.99,62.1,41.76,47.54,17.09,52.35,0.0,69.34,64.12,89.11,65.51,39.4,46.69,17.89,24.41,38.47,44.72,28.28,28.43,71.55,73.76,44.94,42.19,54.59,56.89,75.07,10.0,58.31,13.0,72.11,68.94,44.92,17.69,61.4,20.25,59.09,26.17,38.29,50.8,56.4,32.56
33,62.77,79.62,67.23,82.97,81.22,79.65,21.26,74.67,71.02,30.0,80.62,25.61,33.94,84.59,84.31,11.31,46.39,78.23,4.47,65.12,22.36,70.0,62.29,26.0,48.08,87.32,69.05,77.2,70.03,57.72,83.74,32.56,69.34,0.0,59.93,24.74,51.11,42.05,47.54,51.61,44.94,64.0,48.08,97.2,66.57,8.49,54.04,34.0,62.13,84.59,48.04,19.7,69.43,88.81,77.23,28.43,89.56,53.16,86.61,68.95,67.72,14.56,62.17,31.78,50.45,13.6,64.28
34,6.0,48.37,8.0,26.31,28.64,76.42,58.0,54.41,21.26,54.15,61.35,59.67,30.07,46.86,62.77,49.4,93.72,31.24,60.17,74.67,63.66,82.87,32.98,66.6,14.42,28.28,19.8,20.4,28.84,91.24,80.62,75.29,64.12,59.93,0.0,60.03,10.0,30.46,83.35,57.27,52.5,27.86,82.37,87.36,83.95,68.0,14.42,32.8,23.41,34.0,90.44,46.69,72.03,36.77,77.1,36.22,32.02,86.31,78.64,11.4,46.32,64.03,38.64,46.32,14.87,50.8,33.53
35,60.53,93.04,68.03,86.02,86.58,100.5,44.72,90.97,76.94,8.49,97.65,49.19,30.0,96.21,100.96,21.26,70.0,85.91,20.4,87.66,46.82,93.3,74.32,50.6,52.95,88.2,74.97,80.02,79.12,82.46,104.8,57.27,89.11,24.74,60.03,0.0,50.04,54.59,72.28,72.25,65.12,74.0,72.8,117.39,90.35,30.0,49.03,46.65,70.88,91.08,72.44,15.23,90.91,94.76,98.6,24.08,92.01,77.88,106.78,71.01,83.01,39.29,76.06,50.93,56.29,33.84,76.16
36,11.66,54.04,18.0,36.22,37.95,78.1,51.61,58.14,29.53,44.18,65.3,53.85,20.1,53.81,67.23,40.25,87.66,39.45,50.99,74.0,57.2,82.02,36.72,60.46,12.17,38.21,27.78,30.27,35.38,87.32,82.46,69.34,65.51,51.11,10.0,50.04,0.0,28.07,78.79,56.04,50.36,32.8,78.0,90.62,82.39,59.36,8.25,27.86,28.43,43.08,85.09,36.88,72.44,46.17,78.26,26.31,42.01,82.28,81.27,21.21,49.66,56.57,41.63,41.79,14.87,43.14,37.74
37,36.06,38.63,34.41,44.94,41.23,52.0,31.3,36.88,31.3,52.8,43.86,31.62,31.62,42.76,46.86,35.44,65.12,36.88,44.41,46.04,36.72,54.0,20.4,38.83,16.49,51.22,29.53,40.0,28.28,60.83,56.46,46.86,39.4,42.05,30.46,54.59,28.07,0.0,53.25,28.0,22.36,22.09,52.15,66.57,54.33,48.17,36.0,8.25,20.88,43.68,60.96,39.45,45.12,48.08,51.55,33.94,51.62,55.95,56.44,33.97,28.6,39.85,21.47,17.03,15.65,29.07,22.36
38,88.59,72.5,87.66,96.17,90.69,50.16,30.07,61.35,82.02,76.94,63.56,26.31,71.02,80.5,67.47,54.15,18.0,84.02,51.92,32.06,26.08,31.62,64.03,22.09,68.96,103.32,80.62,92.02,75.29,10.2,52.61,15.23,46.69,47.54,83.35,72.28,78.79,53.25,0.0,34.0,34.06,69.43,2.0,67.08,26.0,43.86,85.44,50.99,70.71,91.21,10.2,64.12,40.0,95.6,46.27,68.26,102.55,5.83,58.22,87.01,59.48,32.98,59.64,37.12,68.8,42.01,65.6
39,63.15,38.63,59.46,64.4,58.14,28.28,31.3,28.28,50.48,73.24,32.06,27.86,56.92,46.52,36.06,50.99,50.6,50.91,55.61,18.11,33.53,26.0,31.24,32.56,44.18,72.11,49.4,61.06,42.52,38.21,32.56,36.06,17.89,51.61,57.27,72.25,56.04,28.0,34.0,0.0,7.21,37.2,32.25,45.61,26.68,53.67,64.0,31.05,39.45,58.0,43.86,58.82,18.87,62.29,26.4,57.27,70.43,34.21,35.0,57.78,25.5,41.23,26.17,21.4,42.58,38.95,32.56
40,58.24,40.79,55.46,62.29,56.64,35.38,25.3,32.06,48.17,66.03,36.88,22.36,50.0,48.08,40.79,43.86,49.19,50.0,48.83,24.74,28.28,32.25,30.0,28.0,38.83,69.66,46.86,58.41,41.23,40.0,39.7,32.98,24.41,44.94,52.5,65.12,50.36,22.36,34.06,7.21,0.0,35.38,32.56,52.5,32.06,47.54,58.14,24.33,36.88,57.2,43.27,51.61,26.08,61.61,33.6,50.16,68.59,35.47,41.87,54.2,27.46,35.44,25.94,14.21,37.64,32.02,31.62
41,33.53,21.26,26.08,27.2,21.26,50.04,52.5,26.68,13.42,70.68,33.53,52.0,46.65,22.36,34.93,56.57,83.76,15.23,66.12,52.0,57.58,60.17,6.32,59.09,22.8,34.99,12.65,24.17,6.32,75.07,54.0,66.24,38.47,64.0,27.86,74.0,32.8,22.09,69.43,37.2,35.38,0.0,67.94,59.67,62.61,70.26,40.5,30.0,4.47,22.36,78.41,58.82,47.54,26.83,51.35,50.99,33.3,70.72,51.35,23.02,19.03,61.61,12.37,37.34,19.21,51.16,6.0
42,87.66,70.68,86.53,94.76,89.2,48.17,30.0,59.46,80.62,77.28,61.61,26.08,70.71,78.71,65.51,54.33,20.0,82.46,52.5,30.07,26.31,29.73,62.48,22.36,68.0,101.98,79.25,90.69,73.76,10.0,50.64,16.12,44.72,48.08,82.37,72.8,78.0,52.15,2.0,32.25,32.56,67.94,0.0,65.12,24.17,44.72,84.76,50.16,69.31,89.64,12.17,64.28,38.0,94.02,44.28,68.12,101.12,5.1,56.22,85.8,57.71,33.53,58.01,36.25,67.74,42.01,64.03
43,93.15,42.0,85.51,80.02,72.03,17.89,76.55,32.98,70.46,117.59,26.31,72.72,98.18,48.37,26.0,96.21,84.85,64.0,101.21,35.44,77.9,36.06,54.41,76.03,78.79,88.09,70.71,80.1,60.53,64.03,14.56,76.55,28.28,97.2,87.36,117.39,90.62,66.57,67.08,45.61,52.5,59.67,65.12,0.0,42.05,98.79,98.79,72.8,64.03,68.26,76.66,103.32,28.64,70.71,21.19,100.0,83.38,63.39,10.63,82.04,41.11,86.09,49.04,66.53,75.77,84.5,53.85
44,89.82,58.0,86.02,89.55,82.68,26.68,45.65,45.34,76.03,93.23,44.94,41.18,80.89,66.48,48.37,69.86,43.17,74.89,71.02,11.31,44.41,6.0,56.36,41.23,70.71,97.53,75.15,86.76,67.23,22.0,28.07,38.42,28.43,66.57,83.95,90.35,82.39,54.33,26.0,26.68,32.06,62.61,24.17,42.05,0.0,65.3,90.2,56.04,65.39,81.61,34.93,79.12,18.87,85.6,22.56,80.05,95.19,21.59,34.37,84.15,47.01,52.8,50.61,43.57,69.23,56.86,57.31
45,71.02,84.59,75.15,90.44,88.29,80.99,22.36,78.59,78.1,36.5,84.12,26.08,42.43,90.09,87.93,19.8,40.0,84.85,10.77,65.3,21.26,69.31,68.0,24.08,55.71,95.08,76.16,84.76,76.42,53.85,84.88,28.64,71.55,8.49,68.0,30.0,59.36,48.17,43.86,53.67,47.54,70.26,44.72,98.79,65.3,0.0,62.48,40.45,68.73,91.41,42.76,27.78,70.46,95.71,78.24,36.88,97.08,49.66,88.32,76.69,72.18,12.81,67.27,35.69,57.87,19.1,70.0
46,12.17,61.61,21.54,39.85,42.94,86.35,57.31,66.21,35.61,42.19,73.35,59.93,20.59,60.83,75.18,42.8,93.3,45.61,53.25,82.02,62.77,90.0,44.72,66.24,20.4,40.2,34.06,34.18,42.52,94.25,90.71,75.18,73.76,54.04,14.42,49.03,8.25,36.0,85.44,64.0,58.14,40.5,84.76,98.79,90.2,62.48,0.0,34.93,36.06,48.37,91.24,37.58,80.62,50.99,86.49,26.83,44.91,89.19,89.49,25.5,57.78,61.22,49.77,48.76,23.09,47.8,45.65
47,37.74,46.82,38.21,50.99,48.08,57.31,25.61,44.41,37.95,45.34,51.22,26.91,26.0,50.99,54.41,27.2,60.96,44.41,36.22,49.03,31.24,56.57,28.64,33.94,18.44,56.6,36.06,45.65,36.06,59.46,61.77,42.52,44.94,34.0,32.8,46.65,27.86,8.25,50.99,31.05,24.33,30.0,50.16,72.8,56.04,40.45,34.93,0.0,28.28,50.99,57.69,31.62,49.4,55.32,56.36,27.2,57.7,54.42,62.43,38.6,36.36,33.11,29.55,13.93,19.21,21.38,30.59
48,29.12,25.61,22.0,25.46,20.59,54.0,52.0,31.05,11.31,67.23,37.95,51.88,42.94,26.08,39.4,54.15,84.4,16.12,64.0,55.03,57.27,63.25,10.0,59.06,18.87,32.8,10.0,21.63,8.25,76.84,58.03,66.57,42.19,62.13,23.41,70.88,28.43,20.88,70.71,39.45,36.88,4.47,69.31,64.03,65.39,68.73,36.06,28.28,0.0,22.8,79.4,55.79,50.99,27.2,55.15,47.54,31.89,72.35,55.58,19.24,23.19,60.73,16.03,37.12,15.26,49.65,10.2
49,37.2,26.68,27.2,12.65,5.66,63.91,74.67,38.63,14.14,86.35,43.17,74.32,61.61,20.0,42.43,76.03,106.0,7.21,86.21,70.46,79.85,78.23,27.2,81.44,38.21,20.1,16.12,15.62,16.12,96.21,67.05,88.59,54.59,84.59,34.0,91.08,43.08,43.68,91.21,58.0,57.2,22.36,89.64,68.26,81.61,91.41,48.37,50.99,22.8,0.0,100.44,76.42,64.5,4.47,66.31,67.08,15.13,92.1,62.59,23.02,34.67,83.52,31.83,59.62,35.06,72.37,25.61
50,95.41,82.46,95.27,104.8,99.64,60.03,34.18,71.47,90.69,78.03,73.76,31.3,75.29,90.38,77.67,56.32,8.25,93.23,52.15,42.0,29.12,40.79,73.24,25.3,76.03,111.73,89.2,100.42,84.4,14.42,62.29,16.49,56.89,48.04,90.44,72.44,85.09,60.96,10.2,43.86,43.27,78.41,12.17,76.66,34.93,42.76,91.24,57.69,79.4,100.44,0.0,66.27,50.04,104.86,56.08,71.81,111.29,13.34,68.07,94.92,69.35,34.06,69.12,44.2,76.22,45.35,74.89
51,48.08,77.82,54.59,72.11,72.11,86.83,34.53,76.03,62.29,14.42,82.8,38.83,17.09,80.99,86.02,10.0,65.51,71.02,17.2,75.18,38.05,81.44,59.09,42.05,38.21,74.97,60.3,66.12,64.03,74.24,91.21,50.04,75.07,19.7,46.69,15.23,36.88,39.45,64.12,58.82,51.61,58.82,64.28,103.32,79.12,27.78,37.58,31.62,55.79,76.42,66.27,0.0,77.67,80.22,85.21,10.77,78.31,69.35,92.76,57.22,67.96,32.25,60.9,37.44,41.44,22.56,60.93
52,78.03,39.7,72.69,73.54,66.21,10.77,48.41,26.91,60.73,92.09,26.08,44.41,75.39,48.17,29.53,69.66,58.0,58.14,73.59,8.25,49.4,14.14,41.23,47.41,60.3,81.71,60.17,71.47,51.26,39.29,14.42,48.08,10.0,69.43,72.03,90.91,72.44,45.12,40.0,18.87,26.08,47.54,38.0,28.64,18.87,70.46,80.62,49.4,50.99,64.5,50.04,77.67,0.0,68.26,7.81,76.03,78.72,37.34,18.68,70.21,29.97,57.69,35.17,40.22,58.08,57.31,41.76
53,39.45,29.73,29.53,12.81,8.25,67.23,79.12,42.05,18.0,89.82,46.17,78.79,65.12,22.36,45.12,80.1,110.45,11.66,90.35,74.4,84.31,82.1,31.62,85.91,42.05,18.97,20.0,17.2,20.59,100.5,70.23,93.06,58.31,88.81,36.77,94.76,46.17,48.08,95.6,62.29,61.61,26.83,94.02,70.71,85.6,95.71,50.99,55.32,27.2,4.47,104.86,80.22,68.26,0.0,69.78,70.71,13.15,96.43,65.52,25.5,38.6,87.93,36.12,64.08,39.0,76.69,30.0
54,83.1,40.31,77.1,76.24,68.62,4.12,56.22,27.73,64.13,99.62,24.84,52.2,82.35,48.55,27.59,77.34,64.2,60.41,81.39,14.32,57.14,16.76,45.18,55.07,66.1,84.48,63.79,74.73,54.34,44.28,6.71,55.36,13.0,77.23,77.1,98.6,78.26,51.55,46.27,26.4,33.6,51.35,44.28,21.19,22.56,78.24,86.49,56.36,55.15,66.31,56.08,85.21,7.81,69.78,0.0,83.24,80.99,43.0,12.0,74.33,32.76,65.46,39.12,47.8,63.64,65.07,45.4
55,37.36,71.02,44.18,62.0,62.51,84.38,38.21,70.77,52.95,19.7,77.79,42.05,6.32,73.35,80.72,17.2,72.11,62.1,26.91,74.67,42.76,81.61,52.15,46.69,29.12,64.5,50.99,56.0,55.71,78.1,88.84,55.32,72.11,28.43,36.22,24.08,26.31,33.94,68.26,57.27,50.16,50.99,68.12,100.0,80.05,36.88,26.83,27.2,47.54,67.08,71.81,10.77,76.03,70.71,83.24,0.0,68.07,73.06,89.63,47.01,62.37,38.63,54.82,36.69,32.57,26.48,53.85
56,32.76,41.77,24.02,6.71,12.53,78.75,82.86,53.45,20.62,86.15,58.25,83.22,62.01,35.06,57.56,79.83,116.21,20.62,90.47,84.22,88.32,92.18,39.2,90.43,41.48,6.4,22.2,12.37,28.02,108.37,82.01,98.23,68.94,89.56,32.02,92.01,42.01,51.62,102.55,70.43,68.59,33.3,101.12,83.38,95.19,97.08,44.91,57.7,31.89,15.13,111.29,78.31,78.72,13.15,80.99,68.07,0.0,104.0,77.67,21.1,48.75,90.8,44.65,68.51,39.22,78.55,38.01
57,91.71,72.07,90.21,97.74,91.92,47.01,35.01,60.42,83.63,82.38,61.98,31.02,75.54,80.26,65.8,59.41,21.59,84.96,57.57,29.15,31.4,27.46,65.07,27.46,72.01,105.12,82.33,93.86,76.38,5.1,49.09,21.02,44.92,53.16,86.31,77.88,82.28,55.95,5.83,34.21,35.47,70.72,5.1,63.39,21.59,49.66,89.19,54.42,72.35,92.1,13.34,69.35,37.34,96.43,43.0,73.06,104.0,0.0,55.0,89.31,59.36,38.6,60.31,40.5,71.59,47.04,66.53
58,84.53,35.9,77.41,73.68,65.76,8.06,66.04,25.0,63.0,107.06,19.42,62.27,87.98,43.32,20.62,85.59,76.16,57.56,90.6,26.17,67.54,28.44,45.71,65.8,69.29,81.88,63.03,73.11,53.0,56.22,6.71,66.76,17.69,86.61,78.64,106.78,81.27,56.44,58.22,35.0,41.87,51.35,56.22,10.63,34.37,88.32,89.49,62.43,55.58,62.59,68.07,92.76,18.68,65.52,12.0,89.63,77.67,55.0,0.0,74.17,32.39,75.66,40.02,55.9,66.41,73.88,45.4
59,14.21,41.11,4.24,15.03,17.49,73.06,64.2,49.25,12.08,65.38,55.73,65.19,41.01,38.08,56.52,58.94,99.01,21.4,69.64,74.04,69.81,82.28,29.15,72.35,21.02,18.38,11.4,9.06,21.59,94.03,77.01,80.66,61.4,68.95,11.4,71.01,21.21,33.97,87.01,57.78,54.2,23.02,85.8,82.04,84.15,76.69,25.5,38.6,19.24,23.02,94.92,57.22,70.21,25.5,74.33,47.01,21.1,89.31,74.17,0.0,42.0,71.34,35.23,50.91,19.42,58.59,29.02
60,52.17,13.34,45.1,43.66,36.25,31.14,51.09,8.6,31.4,81.4,15.81,49.01,59.41,21.02,18.38,63.07,75.96,28.18,70.84,35.81,55.01,43.57,13.34,55.23,38.08,51.87,31.14,41.98,21.59,63.01,35.01,60.42,20.25,67.72,46.32,83.01,49.66,28.6,59.48,25.5,27.46,19.03,57.71,41.11,47.01,72.18,57.78,36.36,23.19,34.67,69.35,67.96,29.97,38.6,32.76,62.37,48.75,59.36,32.39,42.0,0.0,61.2,8.06,36.5,34.89,54.12,13.04
61,67.94,74.03,70.46,84.1,80.99,68.26,10.2,67.08,70.94,44.18,72.28,13.42,42.94,80.1,76.16,22.36,33.53,76.66,18.97,52.5,8.49,56.64,58.55,11.66,50.48,89.55,69.08,78.71,67.91,43.17,72.11,18.11,59.09,14.56,64.03,39.29,56.57,39.85,32.98,41.23,35.44,61.61,33.53,86.09,52.8,12.81,61.22,33.11,60.73,83.52,34.06,32.25,57.69,87.93,65.46,38.63,90.8,38.6,75.66,71.34,61.2,0.0,57.04,25.02,51.97,13.45,60.53
62,44.55,17.46,38.01,38.95,32.2,38.01,47.17,16.64,25.63,74.06,23.85,45.71,51.62,23.09,26.25,56.65,75.13,24.76,65.0,39.81,51.62,47.93,6.08,52.39,30.02,46.96,25.0,36.4,16.64,64.38,42.11,58.52,26.17,62.17,38.64,76.06,41.63,21.47,59.64,26.17,25.94,12.37,58.01,49.04,50.61,67.27,49.77,29.55,16.03,31.83,69.12,60.9,35.17,36.12,39.12,54.82,44.65,60.31,40.02,35.23,8.06,57.04,0.0,32.02,26.83,48.66,6.71
63,51.48,49.09,51.09,61.85,57.71,49.58,15.3,43.01,48.02,51.87,48.85,14.76,37.34,55.08,52.55,29.7,48.1,52.55,35.36,38.08,20.25,44.92,33.73,21.95,31.91,68.25,46.32,57.01,43.66,45.54,53.91,29.83,38.29,31.78,46.32,50.93,41.79,17.03,37.12,21.4,14.21,37.34,36.25,66.53,43.57,35.69,48.76,13.93,37.12,59.62,44.2,37.44,40.22,64.08,47.8,36.69,68.51,40.5,55.9,50.91,36.5,25.02,32.02,0.0,32.02,18.36,35.69
64,20.62,40.31,19.1,32.57,31.06,63.35,44.82,43.42,21.0,52.2,50.61,45.97,27.73,41.34,52.7,41.19,79.93,29.61,51.62,60.21,50.45,68.36,22.2,53.08,3.61,37.59,19.0,26.93,23.26,76.48,67.68,61.52,50.8,50.45,14.87,56.29,14.87,15.65,68.8,42.58,37.64,19.21,67.74,75.77,69.23,57.87,23.09,19.21,15.26,35.06,76.22,41.44,58.08,39.0,63.64,32.57,39.22,71.59,66.41,19.42,34.89,51.97,26.83,32.02,0.0,39.4,23.43
65,54.56,66.1,57.45,71.87,69.38,67.21,12.04,61.1,59.2,36.4,67.12,16.28,30.08,71.25,70.77,13.0,46.1,65.76,17.0,53.82,16.28,59.54,49.04,20.22,37.59,76.92,57.28,66.31,57.31,52.01,71.42,28.86,56.4,13.6,50.8,33.84,43.14,29.07,42.01,38.95,32.02,51.16,42.01,84.5,56.86,19.1,47.8,21.38,49.65,72.37,45.35,22.56,57.31,76.69,65.07,26.48,78.55,47.04,73.88,58.59,54.12,13.45,48.66,18.36,39.4,0.0,51.04
66,39.29,17.2,32.06,32.25,25.61,44.05,50.99,20.88,18.97,73.43,27.86,50.0,50.0,20.4,29.53,57.72,80.62,18.44,66.75,46.52,55.79,54.63,2.0,56.92,26.91,40.25,18.44,29.73,10.0,70.71,48.0,63.56,32.56,64.28,33.53,76.16,37.74,22.36,65.6,32.56,31.62,6.0,64.03,53.85,57.31,70.0,45.65,30.59,10.2,25.61,74.89,60.93,41.76,30.0,45.4,53.85,38.01,66.53,45.4,29.02,13.04,60.53,6.71,35.69,23.43,51.04,0.0
