vehicles
vehicle_idx, capacity, cost_per_unit_distance
1,100,3
2,100,3
3,100,3
4,100,3
5,100,3
6,100,3
7,100,3
8,100,3
9,100,3
depot
node_idx,x,y
0,27,93
home delivery customers
node_idx,x,y,service_time,demand
1,29,39,15,2
2,49,9,15,9
3,21,53,15,17
4,81,83,15,23
5,7,65,15,19
6,95,27,15,18
7,81,85,15,20
8,3,57,15,5
9,19,83,15,18
10,1,13,15,9
11,59,69,15,5
12,93,83,15,2
13,15,69,15,11
14,31,97,15,21
15,21,29,15,18
16,15,77,15,1
17,41,69,15,17
18,45,17,15,42
19,55,91,15,18
20,85,35,15,18
21,89,81,15,22
self pickup customers
node_idx,x,y,service_time,demand,locker_idxs
22,33,27,15,16,63
23,1,59,15,11,60
24,79,89,15,21,64
25,85,11,15,10,65
26,37,81,15,13,67
27,57,83,15,3,67-61
28,11,95,15,1,61
29,45,11,15,20,62-68-65
30,83,69,15,19,61
31,19,39,15,17,60
32,83,87,15,17,64
33,83,17,15,2,65
34,31,61,15,9,67-66
35,63,97,15,14,64
36,57,9,15,20,62-68
37,53,11,15,48,62
38,63,57,15,4,61
39,95,5,15,24,65
40,65,93,15,23,64-61-67
flexible customers
node_idx,x,y,service_time,demand,locker_idxs
41,7,81,15,7,60
42,45,9,15,6,65-62-68
43,69,69,15,5,61-67
44,15,95,15,11,60
45,89,75,15,24,61
46,33,93,15,2,67
47,43,61,15,23,66-60-67
48,35,43,15,24,66-60
49,85,77,15,2,61
50,15,39,15,11,60-66-63
51,41,97,15,6,67
52,29,15,15,9,63
53,65,57,15,19,61
54,85,37,15,21,68-62
55,13,25,15,2,63-66
56,3,31,15,21,63
57,47,7,15,11,68-62-65
58,61,69,15,9,61-67
59,45,47,15,9,66
lockers
node_idx,x,y,service_time,capacity,cost_per_unit_good
0,93,12,10,83
1,22,88,10,75
2,65,88,10,76
3,25,15,10,98
4,77,88,10,71
5,72,14,10,96
66,21,62,10,85
67,72,81,10,76
68,69,16,10,97
69,17,14,10,98
70,86,109,10,90
71,61,17,10,82
72,30,47,10,89
73,43,76,10,100
74,68,23,10,70
mrt lines
start_node_idx,end_node_idx,freight_capacity,cost_per_unit_good
distance matrix
,0,1,2,3,4,5,6,7,8,9,10,11,12,13,14,15,16,17,18,19,20,21,22,23,24,25,26,27,28,29,30,31,32,33,34,35,36,37,38,39,40,41,42,43,44,45,46,47,48,49,50,51,52,53,54,55,56,57,58,59,60,61,62,63,64,65,66,67,68,69,70,71,72,73,74,
0,0.0,54.04,86.83,40.45,54.92,34.41,94.76,54.59,43.27,12.81,84.12,40.0,66.75,26.83,5.66,64.28,20.0,27.78,78.1,28.07,82.02,63.15,66.27,42.8,52.15,100.44,15.62,31.62,16.12,83.95,60.93,54.59,56.32,94.4,32.25,36.22,89.2,86.02,50.91,111.21,38.0,23.32,85.91,48.37,12.17,64.56,6.0,35.78,50.64,60.17,55.32,14.56,78.03,52.35,80.62,69.43,66.48,88.29,41.62,49.4,104.48,7.07,38.33,78.03,50.25,90.92,31.58,46.57,87.71,79.63,61.13,83.26,46.1,23.35,81.12
1,54.04,0.0,36.06,16.12,68.12,34.06,67.08,69.43,31.62,45.12,38.21,42.43,77.67,33.11,58.03,12.81,40.5,32.31,27.2,58.14,56.14,73.24,12.65,34.41,70.71,62.61,42.76,52.15,58.82,32.25,61.77,10.0,72.25,58.31,22.09,67.23,41.04,36.88,38.47,74.24,64.9,47.41,34.0,50.0,57.72,69.97,54.15,26.08,7.21,67.68,14.0,59.23,24.0,40.25,56.04,21.26,27.2,36.72,43.86,17.89,69.46,49.5,60.8,24.33,68.59,49.74,24.35,60.11,46.14,27.73,90.27,38.83,8.06,39.56,42.15
2,86.83,36.06,0.0,52.15,80.62,70.0,49.4,82.46,66.48,79.85,48.17,60.83,86.09,68.96,89.82,34.41,76.03,60.53,8.94,82.22,44.41,82.37,24.08,69.31,85.44,36.06,72.99,74.43,94.02,4.47,68.96,42.43,85.09,34.93,55.03,89.11,8.0,4.47,50.0,46.17,85.51,83.35,4.0,63.25,92.48,77.18,85.51,52.35,36.77,76.94,45.34,88.36,20.88,50.6,45.61,39.4,50.99,2.83,61.19,38.21,44.1,83.49,80.6,24.74,83.82,23.54,59.94,75.58,21.19,32.39,106.63,14.42,42.49,67.27,23.6
3,40.45,16.12,52.15,0.0,67.08,18.44,78.43,68.0,18.44,30.07,44.72,41.23,78.0,17.09,45.12,24.0,24.74,25.61,43.27,50.99,66.48,73.54,28.64,20.88,68.26,76.55,32.25,46.86,43.17,48.37,64.03,14.14,70.71,71.69,12.81,60.83,56.85,52.8,42.19,88.2,59.46,31.3,50.12,50.6,42.43,71.47,41.76,23.41,17.2,68.35,15.23,48.33,38.83,44.18,65.97,29.12,28.43,52.84,43.08,24.74,82.86,35.01,56.22,38.21,66.04,64.2,9.0,58.18,60.61,39.2,85.8,53.81,10.82,31.83,55.76
4,54.92,68.12,80.62,67.08,0.0,76.16,57.72,2.0,82.22,62.0,106.3,26.08,12.0,67.47,51.92,80.72,66.27,42.38,75.18,27.2,48.17,8.25,73.76,83.52,6.32,72.11,44.05,24.0,71.02,80.5,14.14,76.03,4.47,66.03,54.63,22.8,77.79,77.25,31.62,79.25,18.87,74.03,82.29,18.44,67.08,11.31,49.03,43.91,60.96,7.21,79.32,42.38,85.6,30.53,46.17,89.38,93.74,83.26,24.41,50.91,72.01,59.21,16.76,88.09,6.4,69.58,63.57,9.22,68.07,94.11,26.48,68.96,62.43,38.64,61.39
5,34.41,34.06,70.0,18.44,76.16,0.0,95.85,76.66,8.94,21.63,52.35,52.15,87.86,8.94,40.0,38.63,14.42,34.23,61.22,54.59,83.57,83.55,46.04,8.49,75.89,94.87,34.0,53.14,30.27,66.03,76.11,28.64,79.12,89.89,24.33,64.5,75.07,70.94,56.57,106.51,64.4,16.0,67.68,62.13,31.05,82.61,38.21,36.22,35.61,78.92,27.2,46.69,54.63,58.55,82.87,40.45,34.23,70.46,54.15,42.05,101.02,27.46,62.39,53.14,73.68,82.62,14.32,66.94,79.03,51.97,90.43,72.25,29.21,37.64,74.06
6,94.76,67.08,49.4,78.43,57.72,95.85,0.0,59.67,96.77,94.4,95.04,55.32,56.04,90.35,94.85,74.03,94.34,68.41,50.99,75.47,12.81,54.33,62.0,99.3,64.03,18.87,79.25,67.68,108.07,52.5,43.68,76.94,61.19,15.62,72.47,76.97,42.05,44.94,43.86,22.0,72.5,103.25,53.14,49.4,105.0,48.37,90.55,62.13,62.1,50.99,80.89,88.41,67.08,42.43,14.14,82.02,92.09,52.0,54.04,53.85,15.13,95.13,67.98,71.02,63.6,26.42,81.86,58.69,28.23,79.08,82.49,35.44,68.01,71.45,27.29
7,54.59,69.43,82.46,68.0,2.0,76.66,59.67,0.0,82.87,62.03,107.63,27.2,12.17,67.91,51.42,82.07,66.48,43.08,76.94,26.68,50.16,8.94,75.29,84.12,4.47,74.11,44.18,24.08,70.71,82.29,16.12,77.2,2.83,68.03,55.46,21.63,79.7,79.12,33.29,81.22,17.89,74.11,84.1,20.0,66.75,12.81,48.66,44.94,62.29,8.94,80.45,41.76,87.2,32.25,48.17,90.69,94.87,85.09,25.61,52.35,73.98,59.08,16.28,89.64,5.0,71.57,64.26,9.85,70.04,95.59,24.52,70.88,63.6,39.05,63.35
8,43.27,31.62,66.48,18.44,82.22,8.94,96.77,82.87,0.0,30.53,44.05,57.27,93.68,16.97,48.83,33.29,23.32,39.85,58.0,62.13,84.9,89.29,42.43,2.83,82.46,94.02,41.62,59.93,38.83,62.29,80.89,24.08,85.44,89.44,28.28,72.11,72.25,67.94,60.0,105.68,71.69,24.33,63.78,67.08,39.85,87.86,46.86,40.2,34.93,84.4,21.63,55.17,49.4,62.0,84.4,33.53,26.0,66.6,59.23,43.17,100.62,36.36,69.32,47.41,80.23,81.3,18.68,73.05,77.7,45.22,97.94,70.46,28.79,44.28,73.36
9,12.81,45.12,79.85,30.07,62.0,21.63,94.4,62.03,30.53,0.0,72.28,42.38,74.0,14.56,18.44,54.04,7.21,26.08,70.94,36.88,81.61,70.03,57.72,30.0,60.3,97.67,18.11,38.0,14.42,76.55,65.51,44.0,64.12,91.93,25.06,46.17,83.19,79.62,51.11,108.9,47.07,12.17,78.43,51.92,12.65,70.46,17.2,32.56,43.08,66.27,44.18,26.08,68.73,52.84,80.45,58.31,54.41,80.99,44.27,44.41,102.55,5.83,46.27,68.26,58.22,87.01,21.1,53.04,83.6,69.03,71.87,78.23,37.64,25.0,77.47
10,84.12,38.21,48.17,44.72,106.3,52.35,95.04,107.63,44.05,72.28,0.0,80.62,115.6,57.72,89.2,25.61,65.51,68.82,44.18,94.87,86.83,111.21,34.93,46.0,108.9,84.02,76.94,89.64,82.61,44.05,99.3,31.62,110.45,82.1,56.6,104.4,56.14,52.04,76.03,94.34,102.45,68.26,44.18,88.09,83.19,107.65,86.16,63.78,45.34,105.6,29.53,93.04,28.07,77.67,87.36,16.97,18.11,46.39,82.07,55.61,92.01,77.88,98.6,24.08,106.78,71.01,52.92,98.31,68.07,16.03,128.22,60.13,44.69,75.72,67.74
11,40.0,42.43,60.83,41.23,26.08,52.15,55.32,27.2,57.27,42.38,80.62,0.0,36.77,44.0,39.6,55.17,44.72,18.0,53.85,22.36,42.8,32.31,49.4,58.86,28.28,63.56,25.06,14.14,54.59,59.67,24.0,50.0,30.0,57.27,29.12,28.28,60.03,58.31,12.65,73.43,24.74,53.37,61.61,10.0,51.11,30.59,35.38,17.89,35.38,27.2,53.25,33.29,61.77,13.42,41.23,63.66,67.68,63.15,2.0,26.08,66.37,41.59,19.92,63.81,26.17,56.52,38.64,17.69,53.94,69.2,48.26,52.04,36.4,17.46,46.87
12,66.75,77.67,86.09,78.0,12.0,87.86,56.04,12.17,93.68,74.0,115.6,36.77,0.0,79.25,63.56,90.0,78.23,53.85,81.61,38.83,48.66,4.47,82.07,95.08,15.23,72.44,56.04,36.0,82.87,86.53,17.2,86.09,10.77,66.75,65.79,33.11,82.29,82.37,39.7,78.03,29.73,86.02,88.2,27.78,78.92,8.94,60.83,54.63,70.46,10.0,89.55,53.85,93.38,38.21,46.69,98.81,103.94,88.84,34.93,60.0,71.0,71.18,28.44,96.17,16.76,72.12,75.0,21.1,71.17,102.65,26.93,73.35,72.56,50.49,65.0
13,26.83,33.11,68.96,17.09,67.47,8.94,90.35,67.91,16.97,14.56,57.72,44.0,79.25,0.0,32.25,40.45,8.0,26.0,60.03,45.65,77.82,74.97,45.69,17.2,67.05,90.91,25.06,44.27,26.31,65.3,68.0,30.27,70.34,85.6,17.89,55.57,73.24,69.34,49.48,102.45,55.46,14.42,67.08,54.0,26.0,74.24,30.0,29.12,32.8,70.46,30.0,38.21,55.79,51.42,76.97,44.05,39.85,69.77,46.0,37.2,96.61,20.25,53.49,54.92,64.85,79.21,9.22,58.25,75.66,55.04,81.49,69.43,26.63,28.86,70.18
14,5.66,58.03,89.82,45.12,51.92,40.0,94.85,51.42,48.83,18.44,89.2,39.6,63.56,32.25,0.0,68.73,25.61,29.73,81.22,24.74,82.22,60.17,70.03,48.41,48.66,101.55,17.09,29.53,20.1,87.13,59.06,59.23,52.95,95.41,36.0,32.0,91.76,88.77,51.22,112.07,34.23,28.84,89.11,47.2,16.12,62.03,4.47,37.95,54.15,57.58,60.17,10.0,82.02,52.5,80.72,74.22,71.69,91.41,41.04,51.92,105.21,12.73,35.17,82.22,46.87,92.57,36.4,44.01,89.47,84.17,56.29,85.44,50.01,24.19,82.73
15,64.28,12.81,34.41,24.0,80.72,38.63,74.03,82.07,33.29,54.04,25.61,55.17,90.0,40.45,68.73,0.0,48.37,44.72,26.83,70.71,64.28,85.6,12.17,36.06,83.45,66.48,54.41,64.9,66.75,30.0,73.78,10.2,84.9,63.15,33.53,79.92,41.18,36.72,50.48,77.79,77.67,53.85,31.24,62.48,66.27,82.1,65.12,38.83,19.8,80.0,11.66,70.88,16.12,52.15,64.5,8.94,18.11,34.06,56.57,30.0,73.98,59.01,73.6,14.56,81.34,53.16,33.0,72.84,49.73,15.52,103.08,41.76,20.12,51.89,47.38
16,20.0,40.5,76.03,24.74,66.27,14.42,94.34,66.48,23.32,7.21,65.51,44.72,78.23,8.0,25.61,48.37,0.0,27.2,67.08,42.38,81.63,74.11,53.14,22.8,65.12,96.21,22.36,42.43,18.44,72.5,68.47,38.21,68.73,90.69,22.63,52.0,79.92,76.16,52.0,107.63,52.5,8.94,74.32,54.59,18.0,74.03,24.08,32.25,39.45,70.0,38.0,32.8,63.56,53.85,80.62,52.04,47.54,76.97,46.69,42.43,101.53,13.04,51.2,62.8,62.97,84.96,16.16,57.14,81.47,63.03,77.88,75.6,33.54,28.02,75.66
17,27.78,32.31,60.53,25.61,42.38,34.23,68.41,43.08,39.85,26.08,68.82,18.0,53.85,26.0,29.73,44.72,27.2,0.0,52.15,26.08,55.61,49.48,42.76,41.23,42.94,72.8,12.65,21.26,39.7,58.14,42.0,37.2,45.69,66.84,12.81,35.61,62.1,59.23,25.06,83.74,33.94,36.06,60.13,28.0,36.77,48.37,25.3,8.25,26.68,44.72,39.7,28.0,55.32,26.83,54.41,52.15,53.74,62.29,20.0,22.36,77.16,26.87,30.61,56.32,40.71,63.13,21.19,33.24,59.94,60.01,60.21,55.71,24.6,7.28,53.34
18,78.1,27.2,8.94,43.27,75.18,61.22,50.99,76.94,58.0,70.94,44.18,53.85,81.61,60.03,81.22,26.83,67.08,52.15,0.0,74.67,43.86,77.67,15.62,60.83,79.62,40.45,64.5,67.08,85.09,6.0,64.4,34.06,79.65,38.0,46.17,82.0,14.42,10.0,43.86,51.42,78.59,74.43,8.0,57.27,83.57,72.8,76.94,44.05,27.86,72.11,37.2,80.1,16.12,44.72,44.72,32.98,44.27,10.2,54.41,30.0,48.26,74.63,73.76,20.1,77.88,27.17,51.0,69.46,24.02,28.16,100.72,16.0,33.54,59.03,23.77
19,28.07,58.14,82.22,50.99,27.2,54.59,75.47,26.68,62.13,36.88,94.87,22.36,38.83,45.65,24.74,70.71,42.38,26.08,74.67,0.0,63.53,35.44,67.68,62.77,24.08,85.44,20.59,8.25,44.18,80.62,35.61,63.25,28.28,79.12,38.42,10.0,82.02,80.02,34.93,94.85,10.2,49.03,82.61,26.08,40.2,37.58,22.09,32.31,52.0,33.11,65.6,15.23,80.32,35.44,61.77,78.23,79.4,84.38,22.8,45.12,87.66,33.14,10.44,81.71,22.2,78.85,44.69,19.72,76.3,85.87,35.85,74.24,50.61,19.21,69.23
20,82.02,56.14,44.41,66.48,48.17,83.57,12.81,50.16,84.9,81.61,86.83,42.8,48.66,77.82,82.22,64.28,81.63,55.61,43.86,63.53,0.0,46.17,52.61,87.36,54.33,24.0,66.48,55.57,95.27,46.65,34.06,66.12,52.04,18.11,59.93,65.79,38.21,40.0,31.11,31.62,61.35,90.55,47.71,37.58,92.2,40.2,77.9,49.4,50.64,42.0,70.11,76.03,59.46,29.73,2.0,72.69,82.1,47.2,41.62,41.76,24.35,82.33,56.65,63.25,53.6,24.7,69.46,47.8,24.84,71.17,74.01,30.0,56.29,58.69,20.81
21,63.15,73.24,82.37,73.54,8.25,83.55,54.33,8.94,89.29,70.03,111.21,32.31,4.47,74.97,60.17,85.6,74.11,49.48,77.67,35.44,46.17,0.0,77.79,90.71,12.81,70.11,52.0,32.06,79.25,82.68,13.42,81.63,8.49,64.28,61.35,30.53,78.79,78.71,35.38,76.24,26.83,82.0,84.38,23.32,75.31,6.0,57.27,50.16,66.03,5.66,85.09,50.6,89.2,33.94,44.18,94.4,99.48,85.09,30.46,55.61,69.12,67.36,25.0,91.93,13.89,69.12,70.6,17.0,68.01,98.35,28.16,69.86,68.1,46.27,61.68
22,66.27,12.65,24.08,28.64,73.76,46.04,62.0,75.29,42.43,57.72,34.93,49.4,82.07,45.69,70.03,12.17,53.14,42.76,15.62,67.68,52.61,77.79,0.0,45.25,77.2,54.41,54.15,60.93,71.47,20.0,65.3,18.44,78.1,50.99,34.06,76.16,30.0,25.61,42.43,65.79,73.35,59.93,21.63,55.32,70.34,73.76,66.0,35.44,16.12,72.14,21.63,70.46,12.65,43.86,52.95,20.1,30.27,24.41,50.48,23.32,61.85,61.98,68.88,14.42,75.21,41.11,37.0,66.61,37.64,20.62,97.64,29.73,20.22,50.01,35.23
23,42.8,34.41,69.31,20.88,83.52,8.49,99.3,84.12,2.83,30.0,46.0,58.86,95.08,17.2,48.41,36.06,22.8,41.23,60.83,62.77,87.36,90.71,45.25,0.0,83.57,96.75,42.19,60.93,37.36,65.12,82.61,26.91,86.65,92.13,30.07,72.72,75.07,70.77,62.03,108.41,72.47,22.8,66.6,68.73,38.63,89.44,46.69,42.05,37.58,85.91,24.41,55.17,52.15,64.03,86.83,36.06,28.07,69.43,60.83,45.61,103.31,35.81,70.26,50.12,81.34,84.06,20.22,74.33,80.45,47.76,98.62,73.24,31.38,45.31,76.06
24,52.15,70.71,85.44,68.26,6.32,75.89,64.03,4.47,82.46,60.3,108.9,28.28,15.23,67.05,48.66,83.45,65.12,42.94,79.62,24.08,54.33,12.81,77.2,83.57,0.0,78.23,42.76,22.8,68.26,85.09,20.4,78.1,4.47,72.11,55.57,17.89,82.97,82.22,35.78,85.51,14.56,72.44,86.93,22.36,64.28,17.2,46.17,45.61,63.66,13.42,81.22,38.83,89.31,34.93,52.35,91.93,95.6,88.02,26.91,54.04,78.26,57.01,14.04,91.61,2.24,75.33,63.98,10.63,73.68,97.31,21.19,74.22,64.54,38.28,66.91
25,100.44,62.61,36.06,76.55,72.11,94.87,18.87,74.11,94.02,97.67,84.02,63.56,72.44,90.91,101.55,66.48,96.21,72.8,40.45,85.44,24.0,70.11,54.41,96.75,78.23,0.0,84.88,77.25,111.95,40.0,58.03,71.69,76.03,6.32,73.59,88.77,28.07,32.0,50.99,11.66,84.4,104.8,40.05,60.17,109.34,64.12,97.1,65.3,59.36,66.0,75.39,96.6,56.14,50.16,26.0,73.35,84.4,38.21,62.77,53.81,8.06,99.49,79.56,60.13,77.41,13.34,81.84,71.2,16.76,68.07,98.01,24.74,65.73,77.39,20.81
26,15.62,42.76,72.99,32.25,44.05,34.0,79.25,44.18,41.62,18.11,76.94,25.06,56.04,25.06,17.09,54.41,22.36,12.65,64.5,20.59,66.48,52.0,54.15,42.19,42.76,84.88,0.0,20.1,29.53,70.46,47.54,45.69,46.39,78.82,20.88,30.53,74.73,71.81,35.38,95.6,30.46,30.0,72.44,34.18,26.08,52.35,12.65,20.88,38.05,48.17,47.41,16.49,66.48,36.88,65.12,60.93,60.46,74.67,26.83,34.93,88.87,16.55,28.86,67.08,40.61,75.59,24.84,35.0,72.45,69.92,56.44,68.35,34.71,7.81,65.76
27,31.62,52.15,74.43,46.86,24.0,53.14,67.68,24.08,59.93,38.0,89.64,14.14,36.0,44.27,29.53,64.9,42.43,21.26,67.08,8.25,55.57,32.06,60.93,60.93,22.8,77.25,20.1,0.0,47.54,72.99,29.53,58.14,26.31,70.94,34.06,15.23,74.0,72.11,26.68,86.76,12.81,50.04,74.97,18.44,43.68,32.98,26.0,26.08,45.65,28.64,60.83,21.26,73.54,27.2,53.85,72.8,74.97,76.66,14.56,37.95,79.61,35.36,9.43,75.15,20.62,70.61,41.68,15.13,68.07,79.76,38.95,66.12,45.0,15.65,61.0
28,16.12,58.82,94.02,43.17,71.02,30.27,108.07,70.71,38.83,14.42,82.61,54.59,82.87,26.31,20.1,66.75,18.44,39.7,85.09,44.18,95.27,79.25,71.47,37.36,68.26,111.95,29.53,47.54,0.0,90.62,76.55,56.57,72.44,106.15,39.45,52.04,97.53,93.91,64.4,123.11,54.04,14.56,92.48,63.56,4.0,80.52,22.09,46.69,57.27,76.16,56.14,30.07,82.0,66.03,94.02,70.03,64.5,95.08,56.36,58.82,116.67,13.04,54.45,81.22,66.37,101.4,34.48,62.59,98.01,81.22,76.3,92.65,51.62,37.22,91.83
29,83.95,32.25,4.47,48.37,80.5,66.03,52.5,82.29,62.29,76.55,44.05,59.67,86.53,65.3,87.13,30.0,72.5,58.14,6.0,80.62,46.65,82.68,20.0,65.12,85.09,40.0,70.46,72.99,90.62,0.0,69.34,38.21,84.97,38.47,51.92,87.86,12.17,8.0,49.4,50.36,84.4,79.65,2.0,62.77,89.2,77.67,82.87,50.04,33.53,77.18,41.04,86.09,16.49,50.16,47.71,34.93,46.52,4.47,60.17,36.0,48.01,80.36,79.56,20.4,83.38,27.17,56.36,75.03,24.52,28.16,106.23,17.09,39.0,65.03,25.94
30,60.93,61.77,68.96,64.03,14.14,76.11,43.68,16.12,80.89,65.51,99.3,24.0,17.2,68.0,59.06,73.78,68.47,42.0,64.4,35.61,34.06,13.42,65.3,82.61,20.4,58.03,47.54,29.53,76.55,69.34,0.0,70.68,18.0,52.0,52.61,34.41,65.39,65.3,23.32,65.12,30.0,76.94,71.02,14.0,72.8,8.49,55.46,40.79,54.59,8.25,74.32,50.48,76.37,21.63,32.06,82.68,88.57,71.69,22.0,43.91,57.87,63.89,26.17,79.25,19.92,56.09,62.39,16.28,54.82,85.91,40.11,56.46,57.38,40.61,48.38
31,54.59,10.0,42.43,14.14,76.03,28.64,76.94,77.2,24.08,44.0,31.62,50.0,86.09,30.27,59.23,10.2,38.21,37.2,34.06,63.25,66.12,81.63,18.44,26.91,78.1,71.69,45.69,58.14,56.57,38.21,70.68,0.0,80.0,67.68,25.06,72.8,48.41,44.05,47.54,83.26,70.94,43.68,39.7,58.31,56.14,78.71,55.79,32.56,16.49,76.16,4.0,62.03,26.0,49.4,66.03,15.23,17.89,42.52,51.61,27.2,78.77,49.09,67.21,24.74,75.93,58.6,23.09,67.62,55.04,25.08,96.9,47.41,13.6,44.1,51.55
32,56.32,72.25,85.09,70.71,4.47,79.12,61.19,2.83,85.44,64.12,110.45,30.0,10.77,70.34,52.95,84.9,68.73,45.69,79.65,28.28,52.04,8.49,78.1,86.65,4.47,76.03,46.39,26.31,72.44,84.97,18.0,80.0,0.0,70.0,58.14,22.36,82.22,81.71,36.06,82.87,18.97,76.24,86.76,22.8,68.47,13.42,50.36,47.71,65.12,10.2,83.23,43.17,90.0,34.99,50.04,93.51,97.65,87.73,28.43,55.17,75.66,61.01,18.03,92.46,6.08,73.82,66.85,12.53,72.37,98.41,22.2,73.38,66.4,41.48,65.73
33,94.4,58.31,34.93,71.69,66.03,89.89,15.62,68.03,89.44,91.93,82.1,57.27,66.75,85.6,95.41,63.15,90.69,66.84,38.0,79.12,18.11,64.28,50.99,92.13,72.11,6.32,78.82,70.94,106.15,38.47,52.0,67.68,70.0,0.0,68.12,82.46,27.2,30.59,44.72,16.97,78.1,99.36,38.83,53.85,103.48,58.31,90.97,59.46,54.59,60.03,71.47,90.35,54.04,43.86,20.1,70.46,81.22,37.36,56.46,48.41,11.18,93.61,73.25,58.03,71.25,11.4,76.61,64.94,14.04,66.07,92.05,22.0,60.9,71.28,16.16
34,32.25,22.09,55.03,12.81,54.63,24.33,72.47,55.46,28.28,25.06,56.6,29.12,65.79,17.89,36.0,33.53,22.63,12.81,46.17,38.42,59.93,61.35,34.06,30.07,55.57,73.59,20.88,34.06,39.45,51.92,52.61,25.06,58.14,68.12,0.0,48.17,58.14,54.63,32.25,85.04,46.69,31.24,53.85,38.83,37.58,59.67,32.06,12.0,18.44,56.32,27.2,37.36,46.04,34.23,59.09,40.25,41.04,56.32,31.05,19.8,79.03,28.46,43.42,46.39,53.34,62.37,10.05,45.62,58.9,49.04,73.0,53.25,14.04,19.21,53.04
35,36.22,67.23,89.11,60.83,22.8,64.5,76.97,21.63,72.11,46.17,104.4,28.28,33.11,55.57,32.0,79.92,52.0,35.61,82.0,10.0,65.79,30.53,76.16,72.72,17.89,88.77,30.53,15.23,52.04,87.86,34.41,72.8,22.36,82.46,48.17,0.0,88.2,86.58,40.0,97.41,4.47,58.24,89.82,28.64,48.04,34.06,30.27,41.18,60.83,29.73,75.29,22.0,88.77,40.05,63.91,87.66,89.2,91.41,28.07,53.14,90.14,41.98,9.22,90.38,16.64,83.49,54.67,18.36,81.22,94.89,25.94,80.02,59.91,29.0,74.17
36,89.2,41.04,8.0,56.85,77.79,75.07,42.05,79.7,72.25,83.19,56.14,60.03,82.29,73.24,91.76,41.18,79.92,62.1,14.42,82.02,38.21,78.79,30.0,75.07,82.97,28.07,74.73,74.0,97.53,12.17,65.39,48.41,82.22,27.2,58.14,88.2,0.0,4.47,48.37,38.21,84.38,87.66,12.0,61.19,95.71,73.35,87.36,53.85,40.5,73.54,51.61,89.44,28.64,48.66,39.6,46.82,58.31,10.2,60.13,39.85,36.12,86.41,79.4,32.56,81.49,15.81,64.07,73.55,13.89,40.31,104.12,8.94,46.62,68.45,17.8
37,86.02,36.88,4.47,52.8,77.25,70.94,44.94,79.12,67.94,79.62,52.04,58.31,82.37,69.34,88.77,36.72,76.16,59.23,10.0,80.02,40.0,78.71,25.61,70.77,82.22,32.0,71.81,72.11,93.91,8.0,65.3,44.05,81.71,30.59,54.63,86.58,4.47,0.0,47.07,42.43,82.87,83.76,8.25,60.17,92.2,73.43,84.4,50.99,36.72,73.35,47.2,86.83,24.33,47.54,41.23,42.38,53.85,7.21,58.55,36.88,40.01,83.01,77.93,28.28,80.65,19.24,60.21,72.53,16.76,36.12,103.41,10.0,42.72,65.76,19.21
38,50.91,38.47,50.0,42.19,31.62,56.57,43.86,33.29,60.0,51.11,76.03,12.65,39.7,49.48,51.22,50.48,52.0,25.06,43.86,34.93,31.11,35.38,42.43,62.03,35.78,50.99,35.38,26.68,64.4,49.4,23.32,47.54,36.06,44.72,32.25,40.0,48.37,47.07,0.0,61.06,36.06,60.93,51.26,13.42,61.22,31.62,46.86,20.4,31.3,29.73,51.26,45.65,54.04,2.0,29.73,59.36,65.39,52.5,12.17,20.59,54.08,51.4,31.06,56.64,34.01,43.93,42.3,25.63,41.44,62.97,56.86,40.05,34.48,27.59,34.37
39,111.21,74.24,46.17,88.2,79.25,106.51,22.0,81.22,105.68,108.9,94.34,73.43,78.03,102.45,112.07,77.79,107.63,83.74,51.42,94.85,31.62,76.24,65.79,108.41,85.51,11.66,95.6,86.76,123.11,50.36,65.12,83.26,82.87,16.97,85.04,97.41,38.21,42.43,61.06,0.0,92.97,116.28,50.16,69.08,120.42,70.26,107.65,76.42,71.02,72.69,86.93,106.68,66.75,60.03,33.53,84.4,95.6,48.04,72.47,65.3,7.28,110.54,88.26,70.71,84.93,24.7,93.41,79.4,28.23,78.52,104.39,36.06,77.39,88.01,32.45
40,38.0,64.9,85.51,59.46,18.87,64.4,72.5,17.89,71.69,47.07,102.45,24.74,29.73,55.46,34.23,77.67,52.5,33.94,78.59,10.2,61.35,26.83,73.35,72.47,14.56,84.4,30.46,12.81,54.04,84.4,30.0,70.94,18.97,78.1,46.69,4.47,84.38,82.87,36.06,92.97,0.0,59.23,86.35,24.33,50.04,30.0,32.0,38.83,58.31,25.61,73.59,24.33,85.91,36.0,59.46,85.6,87.68,87.86,24.33,50.16,85.7,43.29,5.0,87.66,13.0,79.31,53.82,13.89,77.1,92.44,26.4,76.11,57.8,27.8,70.06
41,23.32,47.41,83.35,31.3,74.03,16.0,103.25,74.11,24.33,12.17,68.26,53.37,86.02,14.42,28.84,53.85,8.94,36.06,74.43,49.03,90.55,82.0,59.93,22.8,72.44,104.8,30.0,50.04,14.56,79.65,76.94,43.68,76.24,99.36,31.24,58.24,87.66,83.76,60.93,116.28,59.23,0.0,81.41,63.15,16.12,82.22,28.64,41.18,47.2,78.1,42.76,37.58,69.57,62.77,89.55,56.32,50.16,84.12,55.32,50.99,110.26,16.55,58.42,68.41,70.35,93.35,23.6,65.0,89.83,67.74,83.82,83.74,41.05,36.35,84.17
42,85.91,34.0,4.0,50.12,82.29,67.68,53.14,84.1,63.78,78.43,44.18,61.61,88.2,67.08,89.11,31.24,74.32,60.13,8.0,82.61,47.71,84.38,21.63,66.6,86.93,40.05,72.44,74.97,92.48,2.0,71.02,39.7,86.76,38.83,53.85,89.82,12.0,8.25,51.26,50.16,86.35,81.41,0.0,64.62,91.08,79.32,84.85,52.04,35.44,78.89,42.43,88.09,17.09,52.0,48.83,35.78,47.41,2.83,62.1,38.0,48.09,82.28,81.49,20.88,85.23,27.46,58.18,76.9,25.0,28.44,108.08,17.89,40.85,67.03,26.93
43,48.37,50.0,63.25,50.6,18.44,62.13,49.4,20.0,67.08,51.92,88.09,10.0,27.78,54.0,47.2,62.48,54.59,28.0,57.27,26.08,37.58,23.32,55.32,68.73,22.36,60.17,34.18,18.44,63.56,62.77,14.0,58.31,22.8,53.85,38.83,28.64,61.19,60.17,13.42,69.08,24.33,63.15,64.62,0.0,59.93,20.88,43.27,27.2,42.8,17.89,61.77,39.6,67.2,12.65,35.78,71.22,76.16,65.79,8.0,32.56,61.85,50.7,19.42,69.66,20.62,55.08,48.51,12.37,53.0,75.69,43.46,52.61,44.78,26.93,46.01
44,12.17,57.72,92.48,42.43,67.08,31.05,105.0,66.75,39.85,12.65,83.19,51.11,78.92,26.0,16.12,66.27,18.0,36.77,83.57,40.2,92.2,75.31,70.34,38.63,64.28,109.34,26.08,43.68,4.0,89.2,72.8,56.14,68.47,103.48,37.58,48.04,95.71,92.2,61.22,120.42,50.04,16.12,91.08,59.93,0.0,76.66,18.11,44.05,55.71,72.28,56.0,26.08,81.22,62.8,90.91,70.03,65.12,93.64,52.84,56.6,113.9,9.9,50.49,80.62,62.39,99.05,33.54,58.69,95.69,81.02,72.37,90.55,50.29,33.84,89.4
45,64.56,69.97,77.18,71.47,11.31,82.61,48.37,12.81,87.86,70.46,107.65,30.59,8.94,74.24,62.03,82.1,74.03,48.37,72.8,37.58,40.2,6.0,73.76,89.44,17.2,64.12,52.35,32.98,80.52,77.67,8.49,78.71,13.42,58.31,59.67,34.06,73.35,73.43,31.62,70.26,30.0,82.22,79.32,20.88,76.66,0.0,58.82,48.08,62.77,4.47,82.29,52.8,84.85,30.0,38.21,90.97,96.6,79.92,28.64,52.15,63.13,68.25,27.29,87.73,17.69,63.32,69.23,18.03,62.3,94.37,34.13,64.4,65.31,46.01,56.08
46,6.0,54.15,85.51,41.76,49.03,38.21,90.55,48.66,46.86,17.2,86.16,35.38,60.83,30.0,4.47,65.12,24.08,25.3,76.94,22.09,77.9,57.27,66.0,46.69,46.17,97.1,12.65,26.0,22.09,82.87,55.46,55.79,50.36,90.97,32.06,30.27,87.36,84.4,46.86,107.65,32.0,28.64,84.85,43.27,18.11,58.82,0.0,33.53,50.04,54.41,56.92,8.94,78.1,48.17,76.42,70.88,68.88,87.13,36.88,47.54,100.8,12.08,32.39,78.41,44.28,88.1,33.24,40.8,85.0,80.6,55.36,80.99,46.1,19.72,78.26
47,35.78,26.08,52.35,23.41,43.91,36.22,62.13,44.94,40.2,32.56,63.78,17.89,54.63,29.12,37.95,38.83,32.25,8.25,44.05,32.31,49.4,50.16,35.44,42.05,45.61,65.3,20.88,26.08,46.69,50.04,40.79,32.56,47.71,59.46,12.0,41.18,53.85,50.99,20.4,76.42,38.83,41.18,52.04,27.2,44.05,48.08,33.53,0.0,19.7,44.94,35.61,36.06,48.08,22.36,48.37,46.86,50.0,54.15,19.7,14.14,70.01,34.21,34.83,49.4,43.42,55.23,22.02,35.23,51.97,53.71,64.44,47.54,19.1,15.0,45.49
48,50.64,7.21,36.77,17.2,60.96,35.61,62.1,62.29,34.93,43.08,45.34,35.38,70.46,32.8,54.15,19.8,39.45,26.68,27.86,52.0,50.64,66.03,16.12,37.58,63.66,59.36,38.05,45.65,57.27,33.53,54.59,16.49,65.12,54.59,18.44,60.83,40.5,36.72,31.3,71.02,58.31,47.2,35.44,42.8,55.71,62.77,50.04,19.7,0.0,60.46,20.4,54.33,28.64,33.11,50.36,28.43,34.18,37.95,36.77,10.77,65.76,46.84,54.08,29.73,61.55,47.01,23.6,53.04,43.42,34.13,83.41,36.77,6.4,33.96,38.59
49,60.17,67.68,76.94,68.35,7.21,78.92,50.99,8.94,84.4,66.27,105.6,27.2,10.0,70.46,57.58,80.0,70.0,44.72,72.11,33.11,42.0,5.66,72.14,85.91,13.42,66.0,48.17,28.64,76.16,77.18,8.25,76.16,10.2,60.03,56.32,29.73,73.54,73.35,29.73,72.69,25.61,78.1,78.89,17.89,72.28,4.47,54.41,44.94,60.46,0.0,79.65,48.33,83.55,28.28,40.0,88.81,94.02,79.65,25.3,50.0,65.49,63.95,22.83,86.28,13.6,64.33,65.73,13.6,63.06,92.7,32.02,64.62,62.65,42.01,56.61
50,55.32,14.0,45.34,15.23,79.32,27.2,80.89,80.45,21.63,44.18,29.53,53.25,89.55,30.0,60.17,11.66,38.0,39.7,37.2,65.6,70.11,85.09,21.63,24.41,81.22,75.39,47.41,60.83,56.14,41.04,74.32,4.0,83.23,71.47,27.2,75.29,51.61,47.2,51.26,86.93,73.59,42.76,42.43,61.77,56.0,82.29,56.92,35.61,20.4,79.65,0.0,63.56,27.78,53.14,70.03,14.14,14.42,45.25,54.92,31.05,82.54,49.5,70.01,26.0,79.03,62.24,23.77,70.8,58.69,25.08,99.7,50.99,17.0,46.4,55.36
51,14.56,59.23,88.36,48.33,42.38,46.69,88.41,41.76,55.17,26.08,93.04,33.29,53.85,38.21,10.0,70.88,32.8,28.0,80.1,15.23,76.03,50.6,70.46,55.17,38.83,96.6,16.49,21.26,30.07,86.09,50.48,62.03,43.17,90.35,37.36,22.0,89.44,86.83,45.65,106.68,24.33,37.58,88.09,39.6,26.08,52.8,8.94,36.06,54.33,48.33,63.56,0.0,82.87,46.65,74.4,77.25,76.16,90.2,34.41,50.16,99.64,21.02,25.63,83.55,37.11,88.6,40.31,34.89,85.7,86.4,46.57,82.46,51.2,21.1,78.77
52,78.03,24.0,20.88,38.83,85.6,54.63,67.08,87.2,49.4,68.73,28.07,61.77,93.38,55.79,82.02,16.12,63.56,55.32,16.12,80.32,59.46,89.2,12.65,52.15,89.31,56.14,66.48,73.54,82.0,16.49,76.37,26.0,90.0,54.04,46.04,88.77,28.64,24.33,54.04,66.75,85.91,69.57,17.09,67.2,81.22,84.85,78.1,48.08,28.64,83.55,27.78,82.87,0.0,55.32,60.17,18.87,30.53,19.7,62.77,35.78,64.07,73.33,81.39,4.0,87.37,43.01,47.68,78.77,40.01,12.04,109.93,32.06,32.02,62.59,39.81
53,52.35,40.25,50.6,44.18,30.53,58.55,42.43,32.25,62.0,52.84,77.67,13.42,38.21,51.42,52.5,52.15,53.85,26.83,44.72,35.44,29.73,33.94,43.86,64.03,34.93,50.16,36.88,27.2,66.03,50.16,21.63,49.4,34.99,43.86,34.23,40.05,48.66,47.54,2.0,60.03,36.0,62.77,52.0,12.65,62.8,30.0,48.17,22.36,33.11,28.28,53.14,46.65,55.32,0.0,28.28,61.06,67.23,53.14,12.65,22.36,53.0,53.01,31.0,58.0,33.24,43.57,44.28,25.0,41.19,64.44,56.08,40.2,36.4,29.07,34.13
54,80.62,56.04,45.61,65.97,46.17,82.87,14.14,48.17,84.4,80.45,87.36,41.23,46.69,76.97,80.72,64.5,80.62,54.41,44.72,61.77,2.0,44.18,52.95,86.83,52.35,26.0,65.12,53.85,94.02,47.71,32.06,66.03,50.04,20.1,59.09,63.91,39.6,41.23,29.73,33.53,59.46,89.55,48.83,35.78,90.91,38.21,76.42,48.37,50.36,40.0,70.03,74.4,60.17,28.28,0.0,72.99,82.22,48.41,40.0,41.23,26.25,81.06,54.78,63.91,51.62,26.42,68.71,45.88,26.4,71.78,72.01,31.24,55.9,57.31,22.02
55,69.43,21.26,39.4,29.12,89.38,40.45,82.02,90.69,33.53,58.31,16.97,63.66,98.81,44.05,74.22,8.94,52.04,52.15,32.98,78.23,72.69,94.4,20.1,36.06,91.93,73.35,60.93,72.8,70.03,34.93,82.68,15.23,93.51,70.46,40.25,87.66,46.82,42.38,59.36,84.4,85.6,56.32,35.78,71.22,70.03,90.97,70.88,46.86,28.43,88.81,14.14,77.25,18.87,61.06,72.99,0.0,11.66,38.47,65.12,38.83,81.05,63.64,81.69,15.62,89.81,60.02,37.85,81.34,56.72,11.7,111.29,48.66,27.8,59.17,55.04
56,66.48,27.2,50.99,28.43,93.74,34.23,92.09,94.87,26.0,54.41,18.11,67.68,103.94,39.85,71.69,18.11,47.54,53.74,44.27,79.4,82.1,99.48,30.27,28.07,95.6,84.4,60.46,74.97,64.5,46.52,88.57,17.89,97.65,81.22,41.04,89.2,58.31,53.85,65.39,95.6,87.68,50.16,47.41,76.16,65.12,96.6,68.88,50.0,34.18,94.02,14.42,76.16,30.53,67.23,82.22,11.66,0.0,50.12,69.34,44.94,91.98,60.08,84.22,27.2,93.41,71.06,35.85,85.21,67.68,22.02,113.9,59.67,31.38,60.21,65.49
57,88.29,36.72,2.83,52.84,83.26,70.46,52.0,85.09,66.6,80.99,46.39,63.15,88.84,69.77,91.41,34.06,76.97,62.29,10.2,84.38,47.2,85.09,24.41,69.43,88.02,38.21,74.67,76.66,95.08,4.47,71.69,42.52,87.73,37.36,56.32,91.41,10.2,7.21,52.5,48.04,87.86,84.12,2.83,65.79,93.64,79.92,87.13,54.15,37.95,79.65,45.25,90.2,19.7,53.14,48.41,38.47,50.12,0.0,63.56,40.05,46.27,84.77,82.98,23.41,86.38,25.96,60.84,78.11,23.77,30.81,109.2,17.2,43.46,69.12,26.4
58,41.62,43.86,61.19,43.08,24.41,54.15,54.04,25.61,59.23,44.27,82.07,2.0,34.93,46.0,41.04,56.57,46.69,20.0,54.41,22.8,41.62,30.46,50.48,60.83,26.91,62.77,26.83,14.56,56.36,60.17,22.0,51.61,28.43,56.46,31.05,28.07,60.13,58.55,12.17,72.47,24.33,55.32,62.1,8.0,52.84,28.64,36.88,19.7,36.77,25.3,54.92,34.41,62.77,12.65,40.0,65.12,69.34,63.56,0.0,27.2,65.37,43.38,19.42,64.9,24.84,56.09,40.61,16.28,53.6,70.43,47.17,52.0,38.01,19.31,46.53
59,49.4,17.89,38.21,24.74,50.91,42.05,53.85,52.35,43.17,44.41,55.61,26.08,60.0,37.2,51.92,30.0,42.43,22.36,30.0,45.12,41.76,55.61,23.32,45.61,54.04,53.81,34.93,37.95,58.82,36.0,43.91,27.2,55.17,48.41,19.8,53.14,39.85,36.88,20.59,65.3,50.16,50.99,38.0,32.56,56.6,52.15,47.54,14.14,10.77,50.0,31.05,50.16,35.78,22.36,41.23,38.83,44.94,40.05,27.2,0.0,59.41,47.01,45.62,37.74,52.01,42.64,28.3,43.42,39.2,43.28,74.33,34.0,15.0,29.07,33.24
60,104.48,69.46,44.1,82.86,72.01,101.02,15.13,73.98,100.62,102.55,92.01,66.37,71.0,96.61,105.21,73.98,101.53,77.16,48.26,87.66,24.35,69.12,61.85,103.31,78.26,8.06,88.87,79.61,116.67,48.01,57.87,78.77,75.66,11.18,79.03,90.14,36.12,40.01,54.08,7.28,85.7,110.26,48.09,61.85,113.9,63.13,100.8,70.01,65.76,65.49,82.54,99.64,64.07,53.0,26.25,81.05,91.98,46.27,65.37,59.41,0.0,104.0,80.99,68.07,77.67,21.1,87.66,72.12,24.33,76.03,97.25,32.39,72.07,81.22,27.31
61,7.07,49.5,83.49,35.01,59.21,27.46,95.13,59.08,36.36,5.83,77.88,41.59,71.18,20.25,12.73,59.01,13.04,26.87,74.63,33.14,82.33,67.36,61.98,35.81,57.01,99.49,16.55,35.36,13.04,80.36,63.89,49.09,61.01,93.61,28.46,41.98,86.41,83.01,51.4,110.54,43.29,16.55,82.28,50.7,9.9,68.25,12.08,34.21,46.84,63.95,49.5,21.02,73.33,53.01,81.06,63.64,60.08,84.77,43.38,47.01,104.0,0.0,43.0,73.06,55.0,89.31,26.02,50.49,85.98,74.17,67.36,81.01,41.77,24.19,79.63
62,38.33,60.8,80.6,56.22,16.76,62.39,67.98,16.28,69.32,46.27,98.6,19.92,28.44,53.49,35.17,73.6,51.2,30.61,73.76,10.44,56.65,25.0,68.88,70.26,14.04,79.56,28.86,9.43,54.45,79.56,26.17,67.21,18.03,73.25,43.42,9.22,79.4,77.93,31.06,88.26,5.0,58.42,81.49,19.42,50.49,27.29,32.39,34.83,54.08,22.83,70.01,25.63,81.39,31.0,54.78,81.69,84.22,82.98,19.42,45.62,80.99,43.0,0.0,83.24,12.0,74.33,51.11,9.9,72.11,88.2,29.7,71.11,53.91,25.06,65.07
63,78.03,24.33,24.74,38.21,88.09,53.14,71.02,89.64,47.41,68.26,24.08,63.81,96.17,54.92,82.22,14.56,62.8,56.32,20.1,81.71,63.25,91.93,14.42,50.12,91.61,60.13,67.08,75.15,81.22,20.4,79.25,24.74,92.46,58.03,46.39,90.38,32.56,28.28,56.64,70.71,87.66,68.41,20.88,69.66,80.62,87.73,78.41,49.4,29.73,86.28,26.0,83.55,4.0,58.0,63.91,15.62,27.2,23.41,64.9,37.74,68.07,73.06,83.24,0.0,89.63,47.01,47.17,81.02,44.01,8.06,112.06,36.06,32.39,63.6,43.74
64,50.25,68.59,83.82,66.04,6.4,73.68,63.6,5.0,80.23,58.22,106.78,26.17,16.76,64.85,46.87,81.34,62.97,40.71,77.88,22.2,53.6,13.89,75.21,81.34,2.24,77.41,40.61,20.62,66.37,83.38,19.92,75.93,6.08,71.25,53.34,16.64,81.49,80.65,34.01,84.93,13.0,70.35,85.23,20.62,62.39,17.69,44.28,43.42,61.55,13.6,79.03,37.11,87.37,33.24,51.62,89.81,93.41,86.38,24.84,52.01,77.67,55.0,12.0,89.63,0.0,74.17,61.74,8.6,72.44,95.27,22.85,72.78,62.37,36.06,65.62
65,90.92,49.74,23.54,64.2,69.58,82.62,26.42,71.57,81.3,87.01,71.01,56.52,72.12,79.21,92.57,53.16,84.96,63.13,27.17,78.85,24.7,69.12,41.11,84.06,75.33,13.34,75.59,70.61,101.4,27.17,56.09,58.6,73.82,11.4,62.37,83.49,15.81,19.24,43.93,24.7,79.31,93.35,27.46,55.08,99.05,63.32,88.1,55.23,47.01,64.33,62.24,88.6,43.01,43.57,26.42,60.02,71.06,25.96,56.09,42.64,21.1,89.31,74.33,47.01,74.17,0.0,70.04,67.0,3.61,55.0,96.03,11.4,53.41,68.45,9.85
66,31.58,24.35,59.94,9.0,63.57,14.32,81.86,64.26,18.68,21.1,52.92,38.64,75.0,9.22,36.4,33.0,16.16,21.19,51.0,44.69,69.46,70.6,37.0,20.22,63.98,81.84,24.84,41.68,34.48,56.36,62.39,23.09,66.85,76.61,10.05,54.67,64.07,60.21,42.3,93.41,53.82,23.6,58.18,48.51,33.54,69.23,33.24,22.02,23.6,65.73,23.77,40.31,47.68,44.28,68.71,37.85,35.85,60.84,40.61,28.3,87.66,26.02,51.11,47.17,61.74,70.04,0.0,54.42,66.48,48.17,80.21,60.21,17.49,26.08,61.07
67,46.57,60.11,75.58,58.18,9.22,66.94,58.69,9.85,73.05,53.04,98.31,17.69,21.1,58.25,44.01,72.84,57.14,33.24,69.46,19.72,47.8,17.0,66.61,74.33,10.63,71.2,35.0,15.13,62.59,75.03,16.28,67.62,12.53,64.94,45.62,18.36,73.55,72.53,25.63,79.4,13.89,65.0,76.9,12.37,58.69,18.03,40.8,35.23,53.04,13.6,70.8,34.89,78.77,25.0,45.88,81.34,85.21,78.11,16.28,43.42,72.12,50.49,9.9,81.02,8.6,67.0,54.42,0.0,65.07,86.68,31.3,64.94,54.04,29.43,58.14
68,87.71,46.14,21.19,60.61,68.07,79.03,28.23,70.04,77.7,83.6,68.07,53.94,71.17,75.66,89.47,49.73,81.47,59.94,24.02,76.3,24.84,68.01,37.64,80.45,73.68,16.76,72.45,68.07,98.01,24.52,54.82,55.04,72.37,14.04,58.9,81.22,13.89,16.76,41.44,28.23,77.1,89.83,25.0,53.0,95.69,62.3,85.0,51.97,43.42,63.06,58.69,85.7,40.01,41.19,26.4,56.72,67.68,23.77,53.6,39.2,24.33,85.98,72.11,44.01,72.44,3.61,66.48,65.07,0.0,52.04,94.54,8.06,49.82,65.39,7.07
69,79.63,27.73,32.39,39.2,94.11,51.97,79.08,95.59,45.22,69.03,16.03,69.2,102.65,55.04,84.17,15.52,63.03,60.01,28.16,85.87,71.17,98.35,20.62,47.76,97.31,68.07,69.92,79.76,81.22,28.16,85.91,25.08,98.41,66.07,49.04,94.89,40.31,36.12,62.97,78.52,92.44,67.74,28.44,75.69,81.02,94.37,80.6,53.71,34.13,92.7,25.08,86.4,12.04,64.44,71.78,11.7,22.02,30.81,70.43,43.28,76.03,74.17,88.2,8.06,95.27,55.0,48.17,86.68,52.04,0.0,117.41,44.1,35.47,67.23,51.79
70,61.13,90.27,106.63,85.8,26.48,90.43,82.49,24.52,97.94,71.87,128.22,48.26,26.93,81.49,56.29,103.08,77.88,60.21,100.72,35.85,74.01,28.16,97.64,98.62,21.19,98.01,56.44,38.95,76.3,106.23,40.11,96.9,22.2,92.05,73.0,25.94,104.12,103.41,56.86,104.39,26.4,83.82,108.08,43.46,72.37,34.13,55.36,64.44,83.41,32.02,99.7,46.57,109.93,56.08,72.01,111.29,113.9,109.2,47.17,74.33,97.25,67.36,29.7,112.06,22.85,96.03,80.21,31.3,94.54,117.41,0.0,95.34,83.55,54.2,87.86
71,83.26,38.83,14.42,53.81,68.96,72.25,35.44,70.88,70.46,78.23,60.13,52.04,73.35,69.43,85.44,41.76,75.6,55.71,16.0,74.24,30.0,69.86,29.73,73.24,74.22,24.74,68.35,66.12,92.65,17.09,56.46,47.41,73.38,22.0,53.25,80.02,8.94,10.0,40.05,36.06,76.11,83.74,17.89,52.61,90.55,64.4,80.99,47.54,36.77,64.62,50.99,82.46,32.06,40.2,31.24,48.66,59.67,17.2,52.0,34.0,32.39,81.01,71.11,36.06,72.78,11.4,60.21,64.94,8.06,44.1,95.34,0.0,43.14,61.68,9.22
72,46.1,8.06,42.49,10.82,62.43,29.21,68.01,63.6,28.79,37.64,44.69,36.4,72.56,26.63,50.01,20.12,33.54,24.6,33.54,50.61,56.29,68.1,20.22,31.38,64.54,65.73,34.71,45.0,51.62,39.0,57.38,13.6,66.4,60.9,14.04,59.91,46.62,42.72,34.48,77.39,57.8,41.05,40.85,44.78,50.29,65.31,46.1,19.1,6.4,62.65,17.0,51.2,32.02,36.4,55.9,27.8,31.38,43.46,38.01,15.0,72.07,41.77,53.91,32.39,62.37,53.41,17.49,54.04,49.82,35.47,83.55,43.14,0.0,31.78,44.94
73,23.35,39.56,67.27,31.83,38.64,37.64,71.45,39.05,44.28,25.0,75.72,17.46,50.49,28.86,24.19,51.89,28.02,7.28,59.03,19.21,58.69,46.27,50.01,45.31,38.28,77.39,7.81,15.65,37.22,65.03,40.61,44.1,41.48,71.28,19.21,29.0,68.45,65.76,27.59,88.01,27.8,36.35,67.03,26.93,33.84,46.01,19.72,15.0,33.96,42.01,46.4,21.1,62.59,29.07,57.31,59.17,60.21,69.12,19.31,29.07,81.22,24.19,25.06,63.6,36.06,68.45,26.08,29.43,65.39,67.23,54.2,61.68,31.78,0.0,58.6
74,81.12,42.15,23.6,55.76,61.39,74.06,27.29,63.35,73.36,77.47,67.74,46.87,65.0,70.18,82.73,47.38,75.66,53.34,23.77,69.23,20.81,61.68,35.23,76.06,66.91,20.81,65.76,61.0,91.83,25.94,48.38,51.55,65.73,16.16,53.04,74.17,17.8,19.21,34.37,32.45,70.06,84.17,26.93,46.01,89.4,56.08,78.26,45.49,38.59,56.61,55.36,78.77,39.81,34.13,22.02,55.04,65.49,26.4,46.53,33.24,27.31,79.63,65.07,43.74,65.62,9.85,61.07,58.14,7.07,51.79,87.86,9.22,44.94,58.6,0.0
