vehicles
vehicle_idx, capacity, cost_per_unit_distance
1,100,3
2,100,3
3,100,3
4,100,3
5,100,3
6,100,3
7,100,3
depot
node_idx,x,y
0,61,5
home delivery customers
node_idx,x,y,service_time,demand
1,85,53,10,24
2,87,23,10,10
3,69,43,10,16
4,49,67,10,8
5,45,61,10,3
6,77,63,10,20
7,77,25,10,2
8,85,95,10,23
9,43,93,10,23
10,75,25,10,5
11,1,43,10,12
12,7,7,10,15
13,81,69,10,9
14,23,57,10,13
15,49,3,10,7
16,41,37,10,2
17,91,27,10,9
18,9,85,10,19
19,51,85,10,36
self pickup customers
node_idx,x,y,service_time,demand,locker_idxs
20,19,83,10,17,57
21,21,53,10,23,61
22,53,23,10,23,60
23,89,7,10,2,56-59
24,81,15,10,18,59-56
25,77,35,10,16,62-59
26,21,93,10,6,57
27,13,69,10,13,61
28,65,75,10,18,54-58
29,15,19,10,3,55
30,61,11,10,19,59
31,59,83,10,21,54-58
32,85,69,10,4,58
33,15,29,10,6,63-55
34,1,13,10,22,55
35,85,31,10,10,62-56-59
36,95,25,10,18,56-59
flexible customers
node_idx,x,y,service_time,demand,locker_idxs
37,17,57,10,9,63-65-61
38,49,93,10,15,54
39,69,11,10,17,60-59
40,87,15,10,2,56-59
41,49,39,10,19,64-62-63-60
42,69,87,10,20,54-58
43,17,61,10,12,61-65-63
44,71,37,10,4,60-64-62
45,21,83,10,19,57
46,71,91,10,8,54-58
47,31,13,10,2,55
48,69,33,10,2,64-62-60
49,91,47,10,4,64-62
50,7,37,10,14,61-63-65
51,1,83,10,13,57
52,5,33,10,5,61-65-63-55
53,51,11,10,9,60-59
lockers
node_idx,x,y,service_time,capacity,cost_per_unit_good
54,65,88,10,78
55,25,15,10,95
56,93,12,10,84
57,22,88,10,91
58,77,88,10,77
59,72,14,10,81
60,53,28,10,80
61,7,58,10,93
62,68,50,10,93
63,26,37,10,87
64,69,51,10,74
65,19,49,10,94
66,87,80,10,85
mrt lines
start_node_idx,end_node_idx,freight_capacity,cost_per_unit_good
distance matrix
,0,1,2,3,4,5,6,7,8,9,10,11,12,13,14,15,16,17,18,19,20,21,22,23,24,25,26,27,28,29,30,31,32,33,34,35,36,37,38,39,40,41,42,43,44,45,46,47,48,49,50,51,52,53,54,55,56,57,58,59,60,61,62,63,64,65,66,
0,0.0,53.67,31.62,38.83,63.15,58.24,60.17,25.61,93.15,89.82,24.41,71.02,54.04,67.05,64.4,12.17,37.74,37.2,95.41,80.62,88.59,62.48,19.7,28.07,22.36,34.0,96.66,80.0,70.11,48.08,6.0,78.03,68.35,51.88,60.53,35.38,39.45,68.12,88.81,10.0,27.86,36.06,82.39,71.22,33.53,87.66,86.58,31.05,29.12,51.61,62.77,98.41,62.61,11.66,83.1,37.36,32.76,91.71,84.53,14.21,24.35,75.66,45.54,47.42,46.69,60.83,79.38
1,53.67,0.0,30.07,18.87,38.63,40.79,12.81,29.12,42.0,58.0,29.73,84.59,90.55,16.49,62.13,61.61,46.82,26.68,82.46,46.69,72.5,64.0,43.86,46.17,38.21,19.7,75.47,73.76,29.73,77.82,48.37,39.7,16.0,74.0,93.04,22.0,29.73,68.12,53.81,44.94,38.05,38.63,37.58,68.47,21.26,70.68,40.5,67.2,25.61,8.49,79.62,89.2,82.46,54.04,40.31,71.02,41.77,72.07,35.9,41.11,40.61,78.16,17.26,61.13,16.12,66.12,27.07
2,31.62,30.07,0.0,26.91,58.14,56.64,41.23,10.2,72.03,82.68,12.17,88.29,81.58,46.39,72.47,42.94,48.08,5.66,99.64,71.69,90.69,72.5,34.0,16.12,10.0,15.62,96.21,87.13,56.46,72.11,28.64,66.21,46.04,72.25,86.58,8.25,8.25,77.82,79.65,21.63,8.0,41.23,66.48,79.65,21.26,89.2,69.86,56.89,20.59,24.33,81.22,104.86,82.61,37.95,68.62,62.51,12.53,91.92,65.76,17.49,34.37,87.32,33.02,62.59,33.29,72.8,57.0
3,38.83,18.87,26.91,0.0,31.24,30.0,21.54,19.7,54.41,56.36,18.97,68.0,71.69,28.64,48.08,44.72,28.64,27.2,73.24,45.69,64.03,49.03,25.61,41.18,30.46,11.31,69.31,61.74,32.25,59.09,32.98,41.23,30.53,55.79,74.32,20.0,31.62,53.85,53.85,32.0,33.29,20.4,44.0,55.03,6.32,62.48,48.04,48.41,10.0,22.36,62.29,78.89,64.78,36.72,45.18,52.15,39.2,65.07,45.71,29.15,21.93,63.79,7.07,43.42,8.0,50.36,41.15
4,63.15,38.63,58.14,31.24,0.0,7.21,28.28,50.48,45.61,26.68,49.4,53.67,73.24,32.06,27.86,64.0,31.05,58.0,43.86,18.11,34.0,31.3,44.18,72.11,61.06,42.52,38.21,36.06,17.89,58.82,57.27,18.87,36.06,50.99,72.25,50.91,62.29,33.53,26.0,59.46,64.4,28.0,28.28,32.56,37.2,32.25,32.56,56.92,39.45,46.52,51.61,50.6,55.61,56.04,26.4,57.27,70.43,34.21,35.0,57.78,39.2,42.95,25.5,37.8,25.61,34.99,40.16
5,58.24,40.79,56.64,30.0,7.21,0.0,32.06,48.17,52.5,32.06,46.86,47.54,66.03,36.88,22.36,58.14,24.33,57.2,43.27,24.74,34.06,25.3,38.83,69.66,58.41,41.23,40.0,32.98,24.41,51.61,52.5,26.08,40.79,43.86,65.12,50.0,61.61,28.28,32.25,55.46,62.29,22.36,35.38,28.0,35.38,32.56,39.7,50.0,36.88,48.08,44.94,49.19,48.83,50.36,33.6,50.16,68.59,35.47,41.87,54.2,33.96,38.12,25.5,30.61,26.0,28.64,46.1
6,60.17,12.81,41.23,21.54,28.28,32.06,0.0,38.0,32.98,45.34,38.05,78.59,89.64,7.21,54.33,66.21,44.41,38.63,71.47,34.06,61.35,56.89,46.65,57.27,48.17,28.0,63.53,64.28,16.97,76.03,54.41,26.91,10.0,70.71,90.97,32.98,42.05,60.3,41.04,52.61,49.03,36.88,25.3,60.03,26.68,59.46,28.64,67.94,31.05,21.26,74.67,78.59,78.0,58.14,27.73,70.77,53.45,60.42,25.0,49.25,42.44,70.18,15.81,57.25,14.42,59.67,19.72
7,25.61,29.12,10.2,19.7,50.48,48.17,38.0,0.0,70.46,76.03,2.0,78.1,72.28,44.18,62.77,35.61,37.95,14.14,90.69,65.39,82.02,62.61,24.08,21.63,10.77,10.0,88.09,77.67,51.42,62.29,21.26,60.73,44.72,62.13,76.94,10.0,18.0,68.0,73.54,16.12,14.14,31.3,62.51,69.97,13.42,80.62,66.27,47.54,11.31,26.08,71.02,95.6,72.44,29.53,64.13,52.95,20.62,83.63,63.0,12.08,24.19,77.39,26.57,52.39,27.2,62.77,55.9
8,93.15,42.0,72.03,54.41,45.61,52.5,32.98,70.46,0.0,42.05,70.71,98.79,117.59,26.31,72.72,98.79,72.8,68.26,76.66,35.44,67.08,76.55,78.79,88.09,80.1,60.53,64.03,76.55,28.28,103.32,87.36,28.64,26.0,96.21,117.39,64.0,70.71,77.9,36.06,85.51,80.02,66.57,17.89,76.03,59.67,65.12,14.56,98.18,64.03,48.37,97.2,84.85,101.21,90.62,21.19,100.0,83.38,63.39,10.63,82.04,74.25,86.33,48.1,82.73,46.82,80.45,15.13
9,89.82,58.0,82.68,56.36,26.68,32.06,45.34,76.03,42.05,0.0,75.15,65.3,93.23,44.94,41.18,90.2,56.04,81.61,34.93,11.31,26.0,45.65,70.71,97.53,86.76,67.23,22.0,38.42,28.43,79.12,83.95,18.87,48.37,69.86,90.35,74.89,85.6,44.41,6.0,86.02,89.55,54.33,26.68,41.23,62.61,24.17,28.07,80.89,65.39,66.48,66.57,43.17,71.02,82.39,22.56,80.05,95.19,21.59,34.37,84.15,65.76,50.21,49.74,58.52,49.4,50.12,45.88
10,24.41,29.73,12.17,18.97,49.4,46.86,38.05,2.0,70.71,75.15,0.0,76.16,70.34,44.41,61.06,34.06,36.06,16.12,89.2,64.62,80.62,60.83,22.09,22.8,11.66,10.2,86.83,76.03,50.99,60.3,19.8,60.17,45.12,60.13,74.97,11.66,20.0,66.24,72.8,15.23,15.62,29.53,62.29,68.26,12.65,79.25,66.12,45.61,10.0,27.2,69.05,94.02,70.46,27.78,63.79,50.99,22.2,82.33,63.03,11.4,22.2,75.58,25.96,50.45,26.68,60.93,56.29
11,71.02,84.59,88.29,68.0,53.67,47.54,78.59,78.1,98.79,65.3,76.16,0.0,36.5,84.12,26.08,62.48,40.45,91.41,42.76,65.3,43.86,22.36,55.71,95.08,84.76,76.42,53.85,28.64,71.55,27.78,68.0,70.46,87.93,19.8,30.0,84.85,95.71,21.26,69.31,75.15,90.44,48.17,80.99,24.08,70.26,44.72,84.88,42.43,68.73,90.09,8.49,40.0,10.77,59.36,78.24,36.88,97.08,49.66,88.32,76.69,54.12,16.16,67.36,25.71,68.47,18.97,93.62
12,54.04,90.55,81.58,71.69,73.24,66.03,89.64,72.28,117.59,93.23,70.34,36.5,0.0,96.54,52.5,42.19,45.34,86.35,78.03,89.55,76.94,48.08,48.7,82.0,74.43,75.39,87.13,62.29,89.38,14.42,54.15,92.09,99.64,23.41,8.49,81.61,89.82,50.99,95.71,62.13,80.4,52.8,101.21,54.92,70.68,77.28,105.6,24.74,67.23,93.04,30.0,76.24,26.08,44.18,99.62,19.7,86.15,82.38,107.06,65.38,50.57,51.0,74.63,35.51,76.03,43.68,108.3
13,67.05,16.49,46.39,28.64,32.06,36.88,7.21,44.18,26.31,44.94,44.41,84.12,96.54,0.0,59.23,73.35,51.22,43.17,73.76,34.0,63.56,62.1,53.85,62.51,54.0,34.23,64.62,68.0,17.09,82.8,61.35,26.08,4.0,77.18,97.65,38.21,46.17,65.12,40.0,59.23,54.33,43.86,21.63,64.5,33.53,61.61,24.17,75.07,37.95,24.17,80.62,81.22,84.1,65.3,24.84,77.79,58.25,61.98,19.42,55.73,49.65,74.81,23.02,63.63,21.63,65.15,12.53
14,64.4,62.13,72.47,48.08,27.86,22.36,54.33,62.77,72.72,41.18,61.06,26.08,52.5,59.23,0.0,59.93,26.91,74.32,31.3,39.6,26.31,4.47,45.34,82.8,71.61,58.31,36.06,15.62,45.69,38.83,59.67,44.41,63.15,29.12,49.19,67.23,78.79,6.0,44.41,65.05,76.55,31.62,54.92,7.21,52.0,26.08,58.82,44.72,51.88,68.73,25.61,34.06,30.0,53.85,52.2,42.05,83.22,31.02,62.27,65.19,41.73,16.03,45.54,20.22,46.39,8.94,68.01
15,12.17,61.61,42.94,44.72,64.0,58.14,66.21,35.61,98.79,90.2,34.06,62.48,42.19,73.35,59.93,0.0,34.93,48.37,91.24,82.02,85.44,57.31,20.4,40.2,34.18,42.52,94.25,75.18,73.76,37.58,14.42,80.62,75.18,42.8,49.03,45.61,50.99,62.77,90.0,21.54,39.85,36.0,86.35,66.24,40.5,84.76,90.71,20.59,36.06,60.83,54.04,93.3,53.25,8.25,86.49,26.83,44.91,89.19,89.49,25.5,25.32,69.2,50.7,41.05,52.0,54.92,85.87
16,37.74,46.82,48.08,28.64,31.05,24.33,44.41,37.95,72.8,56.04,36.06,40.45,45.34,51.22,26.91,34.93,0.0,50.99,57.69,49.03,50.99,25.61,18.44,56.6,45.65,36.06,59.46,42.52,44.94,31.62,32.8,49.4,54.41,27.2,46.65,44.41,55.32,31.24,56.57,38.21,50.99,8.25,57.31,33.94,30.0,50.16,61.77,26.0,28.28,50.99,34.0,60.96,36.22,27.86,56.36,27.2,57.7,54.42,62.43,38.6,15.0,39.96,29.97,15.0,31.3,25.06,62.97
17,37.2,26.68,5.66,27.2,58.0,57.2,38.63,14.14,68.26,81.61,16.12,91.41,86.35,43.17,74.32,48.37,50.99,0.0,100.44,70.46,91.21,74.67,38.21,20.1,15.62,16.12,96.21,88.59,54.59,76.42,34.0,64.5,42.43,76.03,91.08,7.21,4.47,79.85,78.23,27.2,12.65,43.68,63.91,81.44,22.36,89.64,67.05,61.61,22.8,20.0,84.59,106.0,86.21,43.08,66.31,67.08,15.13,92.1,62.59,23.02,38.01,89.54,32.53,65.76,32.56,75.29,53.15
18,95.41,82.46,99.64,73.24,43.86,43.27,71.47,90.69,76.66,34.93,89.2,42.76,78.03,73.76,31.3,91.24,57.69,100.44,0.0,42.0,10.2,34.18,76.03,111.73,100.42,84.4,14.42,16.49,56.89,66.27,90.44,50.04,77.67,56.32,72.44,93.23,104.86,29.12,40.79,95.27,104.8,60.96,60.03,25.3,78.41,12.17,62.29,75.29,79.4,90.38,48.04,8.25,52.15,85.09,56.08,71.81,111.29,13.34,68.07,94.92,72.01,27.07,68.6,50.92,68.96,37.36,78.16
19,80.62,46.69,71.69,45.69,18.11,24.74,34.06,65.39,35.44,11.31,64.62,65.3,89.55,34.0,39.6,82.02,49.03,70.46,42.0,0.0,32.06,43.86,62.03,86.76,76.16,56.36,31.05,41.23,17.2,75.18,74.67,8.25,37.58,66.57,87.66,63.81,74.4,44.05,8.25,76.16,78.71,46.04,18.11,41.62,52.0,30.07,20.88,74.73,55.03,55.17,65.12,50.04,69.43,74.0,14.32,74.67,84.22,29.15,26.17,74.04,57.04,51.62,38.91,54.12,38.47,48.17,36.35
20,88.59,72.5,90.69,64.03,34.0,34.06,61.35,82.02,67.08,26.0,80.62,43.86,76.94,63.56,26.31,85.44,50.99,91.21,10.2,32.06,0.0,30.07,68.96,103.32,92.02,75.29,10.2,15.23,46.69,64.12,83.35,40.0,67.47,54.15,72.28,84.02,95.6,26.08,31.62,87.66,96.17,53.25,50.16,22.09,69.43,2.0,52.61,71.02,70.71,80.5,47.54,18.0,51.92,78.79,46.27,68.26,102.55,5.83,58.22,87.01,64.66,27.73,59.08,46.53,59.36,34.0,68.07
21,62.48,64.0,72.5,49.03,31.3,25.3,56.89,62.61,76.55,45.65,60.83,22.36,48.08,62.1,4.47,57.31,25.61,74.67,34.18,43.86,30.07,0.0,43.86,82.1,71.02,58.82,40.0,17.89,49.19,34.53,58.0,48.41,65.97,24.74,44.72,67.68,79.12,5.66,48.83,63.78,76.16,31.3,58.82,8.94,52.5,30.0,62.8,41.23,52.0,70.26,21.26,36.06,25.61,51.61,56.22,38.21,82.86,35.01,66.04,64.2,40.61,14.87,47.1,16.76,48.04,4.47,71.31
22,19.7,43.86,34.0,25.61,44.18,38.83,46.65,24.08,78.79,70.71,22.09,55.71,48.7,53.85,45.34,20.4,18.44,38.21,76.03,62.03,68.96,43.86,0.0,39.4,29.12,26.83,76.97,60.96,53.37,38.21,14.42,60.3,56.04,38.47,52.95,32.98,42.05,49.52,70.11,20.0,34.93,16.49,65.97,52.35,22.8,68.0,70.34,24.17,18.87,44.94,48.08,79.4,49.03,12.17,66.1,29.12,41.48,72.01,69.29,21.02,5.0,57.8,30.89,30.41,32.25,42.8,66.37
23,28.07,46.17,16.12,41.18,72.11,69.66,57.27,21.63,88.09,97.53,22.8,95.08,82.0,62.51,82.8,40.2,56.6,20.1,111.73,86.76,103.32,82.1,39.4,0.0,11.31,30.46,109.64,98.08,72.11,74.97,28.28,81.71,62.13,77.2,88.2,24.33,18.97,87.66,94.85,20.4,8.25,51.22,82.46,90.0,34.99,101.98,85.91,58.31,32.8,40.05,87.32,116.28,87.93,38.21,84.48,64.5,6.4,105.12,81.88,18.38,41.68,96.57,47.85,69.78,48.33,81.63,73.03
24,22.36,38.21,10.0,30.46,61.06,58.41,48.17,10.77,80.1,86.76,11.66,84.76,74.43,54.0,71.61,34.18,45.65,15.62,100.42,76.16,92.02,71.02,29.12,11.31,0.0,20.4,98.41,86.83,62.1,66.12,20.4,71.47,54.15,67.47,80.02,16.49,17.2,76.55,84.31,12.65,6.0,40.0,72.99,78.82,24.17,90.69,76.66,50.04,21.63,33.53,77.2,105.0,78.1,30.27,74.73,56.0,12.37,93.86,73.11,9.06,30.87,85.59,37.34,59.24,37.95,70.71,65.28
25,34.0,19.7,15.62,11.31,42.52,41.23,28.0,10.0,60.53,67.23,10.2,76.42,75.39,34.23,58.31,42.52,36.06,16.12,84.4,56.36,75.29,58.82,26.83,30.46,20.4,0.0,80.62,72.47,41.76,64.03,28.84,51.26,34.93,62.29,79.12,8.94,20.59,63.91,64.4,25.3,22.36,28.28,52.61,65.39,6.32,73.76,56.32,50.99,8.25,18.44,70.03,89.89,72.03,35.38,54.34,55.71,28.02,76.38,53.0,21.59,25.0,73.68,17.49,51.04,17.89,59.67,46.1
26,96.66,75.47,96.21,69.31,38.21,40.0,63.53,88.09,64.03,22.0,86.83,53.85,87.13,64.62,36.06,94.25,59.46,96.21,14.42,31.05,10.2,40.0,76.97,109.64,98.41,80.62,0.0,25.3,47.54,74.24,91.24,39.29,68.35,64.28,82.46,89.11,100.5,36.22,28.0,95.02,102.18,60.83,48.37,32.25,75.07,10.0,50.04,80.62,76.84,83.76,57.72,22.36,62.1,87.32,44.28,78.1,108.37,5.1,56.22,94.03,72.45,37.7,63.7,56.22,63.78,44.05,67.27
27,80.0,73.76,87.13,61.74,36.06,32.98,64.28,77.67,76.55,38.42,76.03,28.64,62.29,68.0,15.62,75.18,42.52,88.59,16.49,41.23,15.23,17.89,60.96,98.08,86.83,72.47,25.3,0.0,52.35,50.04,75.29,48.08,72.0,40.05,57.27,81.41,93.06,12.65,43.27,80.62,91.61,46.86,58.82,8.94,66.24,16.12,62.03,58.82,66.57,81.04,32.56,18.44,36.88,69.34,55.36,55.32,98.23,21.02,66.76,80.66,57.28,12.53,58.19,34.54,58.82,20.88,74.81
28,70.11,29.73,56.46,32.25,17.89,24.41,16.97,51.42,28.28,28.43,50.99,71.55,89.38,17.09,45.69,73.76,44.94,54.59,56.89,17.2,46.69,49.19,53.37,72.11,62.1,41.76,47.54,52.35,0.0,75.07,64.12,10.0,20.88,67.94,89.11,48.33,58.31,51.26,24.08,64.12,63.91,39.4,12.65,50.0,38.47,44.72,17.09,70.71,42.19,38.21,69.34,64.5,73.24,65.51,13.0,72.11,68.94,44.92,17.69,61.4,48.51,60.44,25.18,54.45,24.33,52.84,22.56
29,48.08,77.82,72.11,59.09,58.82,51.61,76.03,62.29,103.32,79.12,60.3,27.78,14.42,82.8,38.83,37.58,31.62,76.42,66.27,75.18,64.12,34.53,38.21,74.97,66.12,64.03,74.24,50.04,75.07,0.0,46.69,77.67,86.02,10.0,15.23,71.02,80.22,38.05,81.44,54.59,72.11,39.45,86.83,42.05,58.82,64.28,91.21,17.09,55.79,80.99,19.7,65.51,17.2,36.88,85.21,10.77,78.31,69.35,92.76,57.22,39.05,39.81,61.4,21.1,62.77,30.27,94.37
30,6.0,48.37,28.64,32.98,57.27,52.5,54.41,21.26,87.36,83.95,19.8,68.0,54.15,61.35,59.67,14.42,32.8,34.0,90.44,74.67,83.35,58.0,14.42,28.28,20.4,28.84,91.24,75.29,64.12,46.69,0.0,72.03,62.77,49.4,60.03,31.24,36.77,63.66,82.87,8.0,26.31,30.46,76.42,66.6,27.86,82.37,80.62,30.07,23.41,46.86,59.93,93.72,60.17,10.0,77.1,36.22,32.02,86.31,78.64,11.4,18.79,71.59,39.62,43.6,40.79,56.64,73.74
31,78.03,39.7,66.21,41.23,18.87,26.08,26.91,60.73,28.64,18.87,60.17,70.46,92.09,26.08,44.41,80.62,49.4,64.5,50.04,8.25,40.0,48.41,60.3,81.71,71.47,51.26,39.29,48.08,10.0,77.67,72.03,0.0,29.53,69.66,90.91,58.14,68.26,49.4,14.14,72.69,73.54,45.12,10.77,47.41,47.54,38.0,14.42,75.39,50.99,48.17,69.43,58.0,73.59,72.44,7.81,76.03,78.72,37.34,18.68,70.21,55.33,57.7,34.21,56.61,33.53,52.5,28.16
32,68.35,16.0,46.04,30.53,36.06,40.79,10.0,44.72,26.0,48.37,45.12,87.93,99.64,4.0,63.15,75.18,54.41,42.43,77.67,37.58,67.47,65.97,56.04,62.13,54.15,34.93,68.35,72.0,20.88,86.02,62.77,29.53,0.0,80.62,100.96,38.0,45.12,69.05,43.27,60.17,54.04,46.86,24.08,68.47,34.93,65.51,26.08,77.79,39.4,22.8,84.31,85.16,87.73,67.23,27.59,80.72,57.56,65.8,20.62,56.52,52.01,78.77,25.5,67.12,24.08,68.96,11.18
33,51.88,74.0,72.25,55.79,50.99,43.86,70.71,62.13,96.21,69.86,60.13,19.8,23.41,77.18,29.12,42.8,27.2,76.03,56.32,66.57,54.15,24.74,38.47,77.2,67.47,62.29,64.28,40.05,67.94,10.0,49.4,69.66,80.62,0.0,21.26,70.03,80.1,28.07,72.47,56.92,73.35,35.44,79.25,32.06,56.57,54.33,83.55,22.63,54.15,78.1,11.31,55.79,10.77,40.25,77.34,17.2,79.83,59.41,85.59,58.94,38.01,30.08,57.01,13.6,58.31,20.4,88.23
34,60.53,93.04,86.58,74.32,72.25,65.12,90.97,76.94,117.39,90.35,74.97,30.0,8.49,97.65,49.19,49.03,46.65,91.08,72.44,87.66,72.28,44.72,52.95,88.2,80.02,79.12,82.46,57.27,89.11,15.23,60.03,90.91,100.96,21.26,0.0,85.91,94.76,46.82,93.3,68.03,86.02,54.59,100.5,50.6,74.0,72.8,104.8,30.0,70.88,96.21,24.74,70.0,20.4,50.04,98.6,24.08,92.01,77.88,106.78,71.01,54.12,45.4,76.54,34.66,77.9,40.25,109.02
35,35.38,22.0,8.25,20.0,50.91,50.0,32.98,10.0,64.0,74.89,11.66,84.85,81.61,38.21,67.23,45.61,44.41,7.21,93.23,63.81,84.02,67.68,32.98,24.33,16.49,8.94,89.11,81.41,48.33,71.02,31.24,58.14,38.0,70.03,85.91,0.0,11.66,72.8,71.69,25.61,16.12,36.88,58.24,74.32,15.23,82.46,61.61,56.92,16.12,17.09,78.23,98.79,80.02,39.45,60.41,62.1,20.62,84.96,57.56,21.4,32.14,82.54,25.5,59.3,25.61,68.41,49.04
36,39.45,29.73,8.25,31.62,62.29,61.61,42.05,18.0,70.71,85.6,20.0,95.71,89.82,46.17,78.79,50.99,55.32,4.47,104.86,74.4,95.6,79.12,42.05,18.97,17.2,20.59,100.5,93.06,58.31,80.22,36.77,68.26,45.12,80.1,94.76,11.66,0.0,84.31,82.1,29.53,12.81,48.08,67.23,85.91,26.83,94.02,70.23,65.12,27.2,22.36,88.81,110.45,90.35,46.17,69.78,70.71,13.15,96.43,65.52,25.5,42.11,93.98,36.8,70.04,36.77,79.7,55.58
37,68.12,68.12,77.82,53.85,33.53,28.28,60.3,68.0,77.9,44.41,66.24,21.26,50.99,65.12,6.0,62.77,31.24,79.85,29.12,44.05,26.08,5.66,49.52,87.66,76.55,63.91,36.22,12.65,51.26,38.05,63.66,49.4,69.05,28.07,46.82,72.8,84.31,0.0,48.17,69.43,81.63,36.72,60.03,4.0,57.58,26.31,63.81,46.17,57.27,74.67,22.36,30.53,26.83,57.2,57.14,42.76,88.32,31.4,67.54,69.81,46.23,10.05,51.48,21.93,52.35,8.25,73.68
38,88.81,53.81,79.65,53.85,26.0,32.25,41.04,73.54,36.06,6.0,72.8,69.31,95.71,40.0,44.41,90.0,56.57,78.23,40.79,8.25,31.62,48.83,70.11,94.85,84.31,64.4,28.0,43.27,24.08,81.44,82.87,14.14,43.27,72.47,93.3,71.69,82.1,48.17,0.0,84.4,86.76,54.0,20.88,45.25,60.17,29.73,22.09,82.0,63.25,62.29,70.0,49.03,74.4,82.02,16.76,81.61,92.18,27.46,28.44,82.28,65.12,54.67,47.01,60.54,46.52,53.25,40.16
39,10.0,44.94,21.63,32.0,59.46,55.46,52.61,16.12,85.51,86.02,15.23,75.15,62.13,59.23,65.05,21.54,38.21,27.2,95.27,76.16,87.66,63.78,20.0,20.4,12.65,25.3,95.02,80.62,64.12,54.59,8.0,72.69,60.17,56.92,68.03,25.61,29.53,69.43,84.4,0.0,18.44,34.41,76.0,72.14,26.08,86.53,80.02,38.05,22.0,42.19,67.23,99.04,67.68,18.0,77.1,44.18,24.02,90.21,77.41,4.24,23.35,77.8,39.01,50.25,40.0,62.8,71.31
40,27.86,38.05,8.0,33.29,64.4,62.29,49.03,14.14,80.02,89.55,15.62,90.44,80.4,54.33,76.55,39.85,50.99,12.65,104.8,78.71,96.17,76.16,34.93,8.25,6.0,22.36,102.18,91.61,63.91,72.11,26.31,73.54,54.04,73.35,86.02,16.12,12.81,81.63,86.76,18.44,0.0,44.94,74.22,83.76,27.2,94.76,77.67,56.04,25.46,32.25,82.97,109.64,83.95,36.22,76.24,62.0,6.71,97.74,73.68,15.03,36.4,90.82,39.82,64.85,40.25,76.03,65.0
41,36.06,38.63,41.23,20.4,28.0,22.36,36.88,31.3,66.57,54.33,29.53,48.17,52.8,43.86,31.62,36.0,8.25,43.68,60.96,46.04,53.25,31.3,16.49,51.22,40.0,28.28,60.83,46.86,39.4,39.45,30.46,45.12,46.86,35.44,54.59,36.88,48.08,36.72,54.0,34.41,44.94,0.0,52.0,38.83,22.09,52.15,56.46,31.62,20.88,42.76,42.05,65.12,44.41,28.07,51.55,33.94,51.62,55.95,56.44,33.97,11.7,46.1,21.95,23.09,23.32,31.62,55.9
42,82.39,37.58,66.48,44.0,28.28,35.38,25.3,62.51,17.89,26.68,62.29,80.99,101.21,21.63,54.92,86.35,57.31,63.91,60.03,18.11,50.16,58.82,65.97,82.46,72.99,52.61,48.37,58.82,12.65,86.83,76.42,10.77,24.08,79.25,100.5,58.24,67.23,60.03,20.88,76.0,74.22,52.0,0.0,58.14,50.04,48.17,4.47,83.19,54.0,45.65,79.65,68.12,83.74,78.1,4.12,84.38,78.75,47.01,8.06,73.06,61.13,68.45,37.01,65.95,36.0,62.8,19.31
43,71.22,68.47,79.65,55.03,32.56,28.0,60.03,69.97,76.03,41.23,68.26,24.08,54.92,64.5,7.21,66.24,33.94,81.44,25.3,41.62,22.09,8.94,52.35,90.0,78.82,65.39,32.25,8.94,50.0,42.05,66.6,47.41,68.47,32.06,50.6,74.32,85.91,4.0,45.25,72.14,83.76,38.83,58.14,0.0,59.09,22.36,61.77,50.0,59.06,75.31,26.0,27.2,30.46,60.46,55.07,46.69,90.43,27.46,65.8,72.35,48.84,10.44,52.17,25.63,52.95,12.17,72.53
44,33.53,21.26,21.26,6.32,37.2,35.38,26.68,13.42,59.67,62.61,12.65,70.26,70.68,33.53,52.0,40.5,30.0,22.36,78.41,52.0,69.43,52.5,22.8,34.99,24.17,6.32,75.07,66.24,38.47,58.82,27.86,47.54,34.93,56.57,74.0,15.23,26.83,57.58,60.17,26.08,27.2,22.09,50.04,59.09,0.0,67.94,54.0,46.65,4.47,22.36,64.0,83.76,66.12,32.8,51.35,50.99,33.3,70.72,51.35,23.02,20.12,67.36,13.34,45.0,14.14,53.37,45.88
45,87.66,70.68,89.2,62.48,32.25,32.56,59.46,80.62,65.12,24.17,79.25,44.72,77.28,61.61,26.08,84.76,50.16,89.64,12.17,30.07,2.0,30.0,68.0,101.98,90.69,73.76,10.0,16.12,44.72,64.28,82.37,38.0,65.51,54.33,72.8,82.46,94.02,26.31,29.73,86.53,94.76,52.15,48.17,22.36,67.94,0.0,50.64,70.71,69.31,78.71,48.08,20.0,52.5,78.0,44.28,68.12,101.12,5.1,56.22,85.8,63.63,28.65,57.43,46.27,57.69,34.06,66.07
46,86.58,40.5,69.86,48.04,32.56,39.7,28.64,66.27,14.56,28.07,66.12,84.88,105.6,24.17,58.82,90.71,61.77,67.05,62.29,20.88,52.61,62.8,70.34,85.91,76.66,56.32,50.04,62.03,17.09,91.21,80.62,14.42,26.08,83.55,104.8,61.61,70.23,63.81,22.09,80.02,77.67,56.46,4.47,61.77,54.0,50.64,0.0,87.66,58.03,48.33,83.74,70.46,87.86,82.46,6.71,88.84,82.01,49.09,6.71,77.01,65.52,72.01,41.11,70.29,40.05,66.84,19.42
47,31.05,67.2,56.89,48.41,56.92,50.0,67.94,47.54,98.18,80.89,45.61,42.43,24.74,75.07,44.72,20.59,26.0,61.61,75.29,74.73,71.02,41.23,24.17,58.31,50.04,50.99,80.62,58.82,70.71,17.09,30.07,75.39,77.79,22.63,30.0,56.92,65.12,46.17,82.0,38.05,56.04,31.62,83.19,50.0,46.65,70.71,87.66,0.0,42.94,68.96,33.94,76.16,32.8,20.1,82.35,6.32,62.01,75.54,87.98,41.01,26.63,51.0,52.33,24.52,53.74,37.95,87.32
48,29.12,25.61,20.59,10.0,39.45,36.88,31.05,11.31,64.03,65.39,10.0,68.73,67.23,37.95,51.88,36.06,28.28,22.8,79.4,55.03,70.71,52.0,18.87,32.8,21.63,8.25,76.84,66.57,42.19,55.79,23.41,50.99,39.4,54.15,70.88,16.12,27.2,57.27,63.25,22.0,25.46,20.88,54.0,59.06,4.47,69.31,58.03,42.94,0.0,26.08,62.13,84.4,64.0,28.43,55.15,47.54,31.89,72.35,55.58,19.24,16.76,66.85,17.03,43.19,18.0,52.5,50.33
49,51.61,8.49,24.33,22.36,46.52,48.08,21.26,26.08,48.37,66.48,27.2,90.09,93.04,24.17,68.73,60.83,50.99,20.0,90.38,55.17,80.5,70.26,44.94,40.05,33.53,18.44,83.76,81.04,38.21,80.99,46.86,48.17,22.8,78.1,96.21,17.09,22.36,74.67,62.29,42.19,32.25,42.76,45.65,75.31,22.36,78.71,48.33,68.96,26.08,0.0,84.59,96.93,87.13,53.81,48.55,73.35,35.06,80.26,43.32,38.08,42.49,84.72,23.19,65.76,22.36,72.03,33.24
50,62.77,79.62,81.22,62.29,51.61,44.94,74.67,71.02,97.2,66.57,69.05,8.49,30.0,80.62,25.61,54.04,34.0,84.59,48.04,65.12,47.54,21.26,48.08,87.32,77.2,70.03,57.72,32.56,69.34,19.7,59.93,69.43,84.31,11.31,24.74,78.23,88.81,22.36,70.0,67.23,82.97,42.05,79.65,26.0,64.0,48.08,83.74,33.94,62.13,84.59,0.0,46.39,4.47,51.11,77.23,28.43,89.56,53.16,86.61,68.95,46.87,21.0,62.37,19.0,63.56,16.97,90.82
51,98.41,89.2,104.86,78.89,50.6,49.19,78.59,95.6,84.85,43.17,94.02,40.0,76.24,81.22,34.06,93.3,60.96,106.0,8.25,50.04,18.0,36.06,79.4,116.28,105.0,89.89,22.36,18.44,64.5,65.51,93.72,58.0,85.16,55.79,70.0,98.79,110.45,30.53,49.03,99.04,109.64,65.12,68.12,27.2,83.76,20.0,70.46,76.16,84.4,96.93,46.39,0.0,50.16,87.66,64.2,72.11,116.21,21.59,76.16,99.01,75.69,25.71,74.69,52.35,75.15,38.47,86.05
52,62.61,82.46,82.61,64.78,55.61,48.83,78.0,72.44,101.21,71.02,70.46,10.77,26.08,84.1,30.0,53.25,36.22,86.21,52.15,69.43,51.92,25.61,49.03,87.93,78.1,72.03,62.1,36.88,73.24,17.2,60.17,73.59,87.73,10.77,20.4,80.02,90.35,26.83,74.4,67.68,83.95,44.41,83.74,30.46,66.12,52.5,87.86,32.8,64.0,87.13,4.47,50.16,0.0,50.99,81.39,26.91,90.47,57.57,90.6,69.64,48.26,25.08,65.25,21.38,66.48,21.26,94.51
53,11.66,54.04,37.95,36.72,56.04,50.36,58.14,29.53,90.62,82.39,27.78,59.36,44.18,65.3,53.85,8.25,27.86,43.08,85.09,74.0,78.79,51.61,12.17,38.21,30.27,35.38,87.32,69.34,65.51,36.88,10.0,72.44,67.23,40.25,50.04,39.45,46.17,57.2,82.02,18.0,36.22,28.07,78.1,60.46,32.8,78.0,82.46,20.1,28.43,53.81,51.11,87.66,50.99,0.0,78.26,26.31,42.01,82.28,81.27,21.21,17.12,64.38,42.54,36.07,43.86,49.68,77.83
54,83.1,40.31,68.62,45.18,26.4,33.6,27.73,64.13,21.19,22.56,63.79,78.24,99.62,24.84,52.2,86.49,56.36,66.31,56.08,14.32,46.27,56.22,66.1,84.48,74.73,54.34,44.28,55.36,13.0,85.21,77.1,7.81,27.59,77.34,98.6,60.41,69.78,57.14,16.76,77.1,76.24,51.55,4.12,55.07,51.35,44.28,6.71,82.35,55.15,48.55,77.23,64.2,81.39,78.26,0.0,83.24,80.99,43.0,12.0,74.33,61.19,65.3,38.12,64.2,37.22,60.31,23.41
55,37.36,71.02,62.51,52.15,57.27,50.16,70.77,52.95,100.0,80.05,50.99,36.88,19.7,77.79,42.05,26.83,27.2,67.08,71.81,74.67,68.26,38.21,29.12,64.5,56.0,55.71,78.1,55.32,72.11,10.77,36.22,76.03,80.72,17.2,24.08,62.1,70.71,42.76,81.61,44.18,62.0,33.94,84.38,46.69,50.99,68.12,88.84,6.32,47.54,73.35,28.43,72.11,26.91,26.31,83.24,0.0,68.07,73.06,89.63,47.01,30.87,46.62,55.44,22.02,56.85,34.53,89.83
56,32.76,41.77,12.53,39.2,70.43,68.59,53.45,20.62,83.38,95.19,22.2,97.08,86.15,58.25,83.22,44.91,57.7,15.13,111.29,84.22,102.55,82.86,41.48,6.4,12.37,28.02,108.37,98.23,68.94,78.31,32.02,78.72,57.56,79.83,92.01,20.62,13.15,88.32,92.18,24.02,6.71,51.62,78.75,90.43,33.3,101.12,82.01,62.01,31.89,35.06,89.56,116.21,90.47,42.01,80.99,68.07,0.0,104.0,77.67,21.1,43.08,97.53,45.49,71.51,45.79,82.73,68.26
57,91.71,72.07,91.92,65.07,34.21,35.47,60.42,83.63,63.39,21.59,82.33,49.66,82.38,61.98,31.02,89.19,54.42,92.1,13.34,29.15,5.83,35.01,72.01,105.12,93.86,76.38,5.1,21.02,44.92,69.35,86.31,37.34,65.8,59.41,77.88,84.96,96.43,31.4,27.46,90.21,97.74,55.95,47.01,27.46,70.72,5.1,49.09,75.54,72.35,80.26,53.16,21.59,57.57,82.28,43.0,73.06,104.0,0.0,55.0,89.31,67.54,33.54,59.67,51.16,59.82,39.12,65.49
58,84.53,35.9,65.76,45.71,35.0,41.87,25.0,63.0,10.63,34.37,63.03,88.32,107.06,19.42,62.27,89.49,62.43,62.59,68.07,26.17,58.22,66.04,69.29,81.88,73.11,53.0,56.22,66.76,17.69,92.76,78.64,18.68,20.62,85.59,106.78,57.56,65.52,67.54,28.44,77.41,73.68,56.44,8.06,65.8,51.35,56.22,6.71,87.98,55.58,43.32,86.61,76.16,90.6,81.27,12.0,89.63,77.67,55.0,0.0,74.17,64.62,76.16,39.05,72.12,37.85,69.89,12.81
59,14.21,41.11,17.49,29.15,57.78,54.2,49.25,12.08,82.04,84.15,11.4,76.69,65.38,55.73,65.19,25.5,38.6,23.02,94.92,74.04,87.01,64.2,21.02,18.38,9.06,21.59,94.03,80.66,61.4,57.22,11.4,70.21,56.52,58.94,71.01,21.4,25.5,69.81,82.28,4.24,15.03,33.97,73.06,72.35,23.02,85.8,77.01,41.01,19.24,38.08,68.95,99.01,69.64,21.21,74.33,47.01,21.1,89.31,74.17,0.0,23.6,78.49,36.22,51.43,37.12,63.51,67.68
60,24.35,40.61,34.37,21.93,39.2,33.96,42.44,24.19,74.25,65.76,22.2,54.12,50.57,49.65,41.73,25.32,15.0,38.01,72.01,57.04,64.66,40.61,5.0,41.68,30.87,25.0,72.45,57.28,48.51,39.05,18.79,55.33,52.01,38.01,54.12,32.14,42.11,46.23,65.12,23.35,36.4,11.7,61.13,48.84,20.12,63.63,65.52,26.63,16.76,42.49,46.87,75.69,48.26,17.12,61.19,30.87,43.08,67.54,64.62,23.6,0.0,54.92,26.63,28.46,28.02,39.96,62.13
61,75.66,78.16,87.32,63.79,42.95,38.12,70.18,77.39,86.33,50.21,75.58,16.16,51.0,74.81,16.03,69.2,39.96,89.54,27.07,51.62,27.73,14.87,57.8,96.57,85.59,73.68,37.7,12.53,60.44,39.81,71.59,57.7,78.77,30.08,45.4,82.54,93.98,10.05,54.67,77.8,90.82,46.1,68.45,10.44,67.36,28.65,72.01,51.0,66.85,84.72,21.0,25.71,25.08,64.38,65.3,46.62,97.53,33.54,76.16,78.49,54.92,0.0,61.52,28.32,62.39,15.0,82.97
62,45.54,17.26,33.02,7.07,25.5,25.5,15.81,26.57,48.1,49.74,25.96,67.36,74.63,23.02,45.54,50.7,29.97,32.53,68.6,38.91,59.08,47.1,30.89,47.85,37.34,17.49,63.7,58.19,25.18,61.4,39.62,34.21,25.5,57.01,76.54,25.5,36.8,51.48,47.01,39.01,39.82,21.95,37.01,52.17,13.34,57.43,41.11,52.33,17.03,23.19,62.37,74.69,65.25,42.54,38.12,55.44,45.49,59.67,39.05,36.22,26.63,61.52,0.0,43.97,1.41,49.01,35.51
63,47.42,61.13,62.59,43.42,37.8,30.61,57.25,52.39,82.73,58.52,50.45,25.71,35.51,63.63,20.22,41.05,15.0,65.76,50.92,54.12,46.53,16.76,30.41,69.78,59.24,51.04,56.22,34.54,54.45,21.1,43.6,56.61,67.12,13.6,34.66,59.3,70.04,21.93,60.54,50.25,64.85,23.09,65.95,25.63,45.0,46.27,70.29,24.52,43.19,65.76,19.0,52.35,21.38,36.07,64.2,22.02,71.51,51.16,72.12,51.43,28.46,28.32,43.97,0.0,45.22,13.89,74.63
64,46.69,16.12,33.29,8.0,25.61,26.0,14.42,27.2,46.82,49.4,26.68,68.47,76.03,21.63,46.39,52.0,31.3,32.56,68.96,38.47,59.36,48.04,32.25,48.33,37.95,17.89,63.78,58.82,24.33,62.77,40.79,33.53,24.08,58.31,77.9,25.61,36.77,52.35,46.52,40.0,40.25,23.32,36.0,52.95,14.14,57.69,40.05,53.74,18.0,22.36,63.56,75.15,66.48,43.86,37.22,56.85,45.79,59.82,37.85,37.12,28.02,62.39,1.41,45.22,0.0,50.04,34.13
65,60.83,66.12,72.8,50.36,34.99,28.64,59.67,62.77,80.45,50.12,60.93,18.97,43.68,65.15,8.94,54.92,25.06,75.29,37.36,48.17,34.0,4.47,42.8,81.63,70.71,59.67,44.05,20.88,52.84,30.27,56.64,52.5,68.96,20.4,40.25,68.41,79.7,8.25,53.25,62.8,76.03,31.62,62.8,12.17,53.37,34.06,66.84,37.95,52.5,72.03,16.97,38.47,21.26,49.68,60.31,34.53,82.73,39.12,69.89,63.51,39.96,15.0,49.01,13.89,50.04,0.0,74.73
66,79.38,27.07,57.0,41.15,40.16,46.1,19.72,55.9,15.13,45.88,56.29,93.62,108.3,12.53,68.01,85.87,62.97,53.15,78.16,36.35,68.07,71.31,66.37,73.03,65.28,46.1,67.27,74.81,22.56,94.37,73.74,28.16,11.18,88.23,109.02,49.04,55.58,73.68,40.16,71.31,65.0,55.9,19.31,72.53,45.88,66.07,19.42,87.32,50.33,33.24,90.82,86.05,94.51,77.83,23.41,89.83,68.26,65.49,12.81,67.68,62.13,82.97,35.51,74.63,34.13,74.73,0.0
