vehicles
vehicle_idx, capacity, cost_per_unit_distance
1,100,1
2,100,1
3,100,1
4,100,1
5,100,1
6,100,1
7,100,1
depot
node_idx,x,y
0,61,5
home delivery customers
node_idx,x,y,service_time,demand
1,85,53,10,24
2,49,93,10,15
3,49,39,10,19
4,21,53,10,23
5,71,37,10,4
6,89,7,10,2
7,43,93,10,23
8,1,43,10,12
9,81,69,10,9
10,49,3,10,7
11,21,93,10,6
12,41,37,10,2
13,13,69,10,13
14,65,75,10,18
15,7,37,10,14
16,59,83,10,21
17,15,29,10,6
18,85,31,10,10
19,51,85,10,36
self pickup customers
node_idx,x,y,service_time,demand,locker_idxs
20,69,11,10,17,59-56
21,87,15,10,2,56-59
22,19,83,10,17,57
23,69,43,10,16,62
24,17,61,10,12,61-65
25,45,61,10,3,60
26,77,63,10,20,62-66
27,77,25,10,2,59-56
28,85,95,10,23,58-54
29,75,25,10,5,66-59
30,7,7,10,15,55
31,31,13,10,2,55
32,9,85,10,19,57
33,61,11,10,19,59
34,85,69,10,4,64
35,1,13,10,22,55
36,1,83,10,13,57
flexible customers
node_idx,x,y,service_time,demand,locker_idxs
37,17,57,10,9,61-65-63
38,87,23,10,10,56-59
39,69,87,10,20,54-58
40,49,67,10,8,60
41,53,23,10,23,59
42,21,83,10,19,57
43,23,57,10,13,65-61-63
44,81,15,10,18,59-56
45,77,35,10,16,66-62-59
46,71,91,10,8,54-58
47,69,33,10,2,66-60-59
48,91,47,10,4,64-62-66
49,91,27,10,9,56-59
50,15,19,10,3,55
51,95,25,10,18,56-59
52,5,33,10,5,61-63-65
53,51,11,10,9,59-55
lockers
node_idx,x,y,service_time,capacity,cost_per_unit_good
54,65,88,10,90
55,25,15,10,83
56,93,12,10,89
57,22,88,10,77
58,77,88,10,99
59,72,14,10,77
60,63,52,10,73
61,5,54,10,94
62,84,52,10,82
63,19,48,10,100
64,82,66,10,87
65,14,39,10,75
66,73,47,10,74
mrt lines
start_node_idx,end_node_idx,freight_capacity,cost_per_unit_good
distance matrix
,0,1,2,3,4,5,6,7,8,9,10,11,12,13,14,15,16,17,18,19,20,21,22,23,24,25,26,27,28,29,30,31,32,33,34,35,36,37,38,39,40,41,42,43,44,45,46,47,48,49,50,51,52,53,54,55,56,57,58,59,60,61,62,63,64,65,66,
0,0.0,53.67,88.81,36.06,62.48,33.53,28.07,89.82,71.02,67.05,12.17,96.66,37.74,80.0,70.11,62.77,78.03,51.88,35.38,80.62,10.0,27.86,88.59,38.83,71.22,58.24,60.17,25.61,93.15,24.41,54.04,31.05,95.41,6.0,68.35,60.53,98.41,68.12,31.62,82.39,63.15,19.7,87.66,64.4,22.36,34.0,86.58,29.12,51.61,37.2,48.08,39.45,62.61,11.66,83.1,37.36,32.76,91.71,84.53,14.21,47.04,74.41,52.33,60.11,64.51,58.01,43.68
1,53.67,0.0,53.81,38.63,64.0,21.26,46.17,58.0,84.59,16.49,61.61,75.47,46.82,73.76,29.73,79.62,39.7,74.0,22.0,46.69,44.94,38.05,72.5,18.87,68.47,40.79,12.81,29.12,42.0,29.73,90.55,67.2,82.46,48.37,16.0,93.04,89.2,68.12,30.07,37.58,38.63,43.86,70.68,62.13,38.21,19.7,40.5,25.61,8.49,26.68,77.82,29.73,82.46,54.04,40.31,71.02,41.77,72.07,35.9,41.11,22.02,80.01,1.41,66.19,13.34,72.37,13.42
2,88.81,53.81,0.0,54.0,48.83,60.17,94.85,6.0,69.31,40.0,90.0,28.0,56.57,43.27,24.08,70.0,14.14,72.47,71.69,8.25,84.4,86.76,31.62,53.85,45.25,32.25,41.04,73.54,36.06,72.8,95.71,82.0,40.79,82.87,43.27,93.3,49.03,48.17,79.65,20.88,26.0,70.11,29.73,44.41,84.31,64.4,22.09,63.25,62.29,78.23,81.44,82.1,74.4,82.02,16.76,81.61,92.18,27.46,28.44,82.28,43.32,58.8,53.91,54.08,42.64,64.35,51.88
3,36.06,38.63,54.0,0.0,31.3,22.09,51.22,54.33,48.17,43.86,36.0,60.83,8.25,46.86,39.4,42.05,45.12,35.44,36.88,46.04,34.41,44.94,53.25,20.4,38.83,22.36,36.88,31.3,66.57,29.53,52.8,31.62,60.96,30.46,46.86,54.59,65.12,36.72,41.23,52.0,28.0,16.49,52.15,31.62,40.0,28.28,56.46,20.88,42.76,43.68,39.45,48.08,44.41,28.07,51.55,33.94,51.62,55.95,56.44,33.97,19.1,46.49,37.34,31.32,42.64,35.0,25.3
4,62.48,64.0,48.83,31.3,0.0,52.5,82.1,45.65,22.36,62.1,57.31,40.0,25.61,17.89,49.19,21.26,48.41,24.74,67.68,43.86,63.78,76.16,30.07,49.03,8.94,25.3,56.89,62.61,76.55,60.83,48.08,41.23,34.18,58.0,65.97,44.72,36.06,5.66,72.5,58.82,31.3,43.86,30.0,4.47,71.02,58.82,62.8,52.0,70.26,74.67,34.53,79.12,25.61,51.61,56.22,38.21,82.86,35.01,66.04,64.2,42.01,16.03,63.01,5.39,62.37,15.65,52.35
5,33.53,21.26,60.17,22.09,52.5,0.0,34.99,62.61,70.26,33.53,40.5,75.07,30.0,66.24,38.47,64.0,47.54,56.57,15.23,52.0,26.08,27.2,69.43,6.32,59.09,35.38,26.68,13.42,59.67,12.65,70.68,46.65,78.41,27.86,34.93,74.0,83.76,57.58,21.26,50.04,37.2,22.8,67.94,52.0,24.17,6.32,54.0,4.47,22.36,22.36,58.82,26.83,66.12,32.8,51.35,50.99,33.3,70.72,51.35,23.02,17.0,68.15,19.85,53.15,31.02,57.04,10.2
6,28.07,46.17,94.85,51.22,82.1,34.99,0.0,97.53,95.08,62.51,40.2,109.64,56.6,98.08,72.11,87.32,81.71,77.2,24.33,86.76,20.4,8.25,103.32,41.18,90.0,69.66,57.27,21.63,88.09,22.8,82.0,58.31,111.73,28.28,62.13,88.2,116.28,87.66,16.12,82.46,72.11,39.4,101.98,82.8,11.31,30.46,85.91,32.8,40.05,20.1,74.97,18.97,87.93,38.21,84.48,64.5,6.4,105.12,81.88,18.38,51.97,96.25,45.28,81.12,59.41,81.54,43.08
7,89.82,58.0,6.0,54.33,45.65,62.61,97.53,0.0,65.3,44.94,90.2,22.0,56.04,38.42,28.43,66.57,18.87,69.86,74.89,11.31,86.02,89.55,26.0,56.36,41.23,32.06,45.34,76.03,42.05,75.15,93.23,80.89,34.93,83.95,48.37,90.35,43.17,44.41,82.68,26.68,26.68,70.71,24.17,41.18,86.76,67.23,28.07,65.39,66.48,81.61,79.12,85.6,71.02,82.39,22.56,80.05,95.19,21.59,34.37,84.15,45.62,54.45,57.98,51.0,47.43,61.29,54.92
8,71.02,84.59,69.31,48.17,22.36,70.26,95.08,65.3,0.0,84.12,62.48,53.85,40.45,28.64,71.55,8.49,70.46,19.8,84.85,65.3,75.15,90.44,43.86,68.0,24.08,47.54,78.59,78.1,98.79,76.16,36.5,42.43,42.76,68.0,87.93,30.0,40.0,21.26,88.29,80.99,53.67,55.71,44.72,26.08,84.76,76.42,84.88,68.73,90.09,91.41,27.78,95.71,10.77,59.36,78.24,36.88,97.08,49.66,88.32,76.69,62.65,11.7,83.49,18.68,84.2,13.6,72.11
9,67.05,16.49,40.0,43.86,62.1,33.53,62.51,44.94,84.12,0.0,73.35,64.62,51.22,68.0,17.09,80.62,26.08,77.18,38.21,34.0,59.23,54.33,63.56,28.64,64.5,36.88,7.21,44.18,26.31,44.41,96.54,75.07,73.76,61.35,4.0,97.65,81.22,65.12,46.39,21.63,32.06,53.85,61.61,59.23,54.0,34.23,24.17,37.95,24.17,43.17,82.8,46.17,84.1,65.3,24.84,77.79,58.25,61.98,19.42,55.73,24.76,77.47,17.26,65.46,3.16,73.41,23.41
10,12.17,61.61,90.0,36.0,57.31,40.5,40.2,90.2,62.48,73.35,0.0,94.25,34.93,75.18,73.76,54.04,80.62,42.8,45.61,82.02,21.54,39.85,85.44,44.72,66.24,58.14,66.21,35.61,98.79,34.06,42.19,20.59,91.24,14.42,75.18,49.03,93.3,62.77,42.94,86.35,64.0,20.4,84.76,59.93,34.18,42.52,90.71,36.06,60.83,48.37,37.58,50.99,53.25,8.25,86.49,26.83,44.91,89.19,89.49,25.5,50.96,67.36,60.22,54.08,71.12,50.21,50.12
11,96.66,75.47,28.0,60.83,40.0,75.07,109.64,22.0,53.85,64.62,94.25,0.0,59.46,25.3,47.54,57.72,39.29,64.28,89.11,31.05,95.02,102.18,10.2,69.31,32.25,40.0,63.53,88.09,64.03,86.83,87.13,80.62,14.42,91.24,68.35,82.46,22.36,36.22,96.21,48.37,38.21,76.97,10.0,36.06,98.41,80.62,50.04,76.84,83.76,96.21,74.24,100.5,62.1,87.32,44.28,78.1,108.37,5.1,56.22,94.03,58.69,42.15,75.17,45.04,66.71,54.45,69.43
12,37.74,46.82,56.57,8.25,25.61,30.0,56.6,56.04,40.45,51.22,34.93,59.46,0.0,42.52,44.94,34.0,49.4,27.2,44.41,49.03,38.21,50.99,50.99,28.64,33.94,24.33,44.41,37.95,72.8,36.06,45.34,26.0,57.69,32.8,54.41,46.65,60.96,31.24,48.08,57.31,31.05,18.44,50.16,26.91,45.65,36.06,61.77,28.28,50.99,50.99,31.62,55.32,36.22,27.86,56.36,27.2,57.7,54.42,62.43,38.6,26.63,39.81,45.54,24.6,50.22,27.07,33.53
13,80.0,73.76,43.27,46.86,17.89,66.24,98.08,38.42,28.64,68.0,75.18,25.3,42.52,0.0,52.35,32.56,48.08,40.05,81.41,41.23,80.62,91.61,15.23,61.74,8.94,32.98,64.28,77.67,76.55,76.03,62.29,58.82,16.49,75.29,72.0,57.27,18.44,12.65,87.13,58.82,36.06,60.96,16.12,15.62,86.83,72.47,62.03,66.57,81.04,88.59,50.04,93.06,36.88,69.34,55.36,55.32,98.23,21.02,66.76,80.66,52.81,17.0,73.01,21.84,69.07,30.02,63.91
14,70.11,29.73,24.08,39.4,49.19,38.47,72.11,28.43,71.55,17.09,73.76,47.54,44.94,52.35,0.0,69.34,10.0,67.94,48.33,17.2,64.12,63.91,46.69,32.25,50.0,24.41,16.97,51.42,28.28,50.99,89.38,70.71,56.89,64.12,20.88,89.11,64.5,51.26,56.46,12.65,17.89,53.37,44.72,45.69,62.1,41.76,17.09,42.19,38.21,54.59,75.07,58.31,73.24,65.51,13.0,72.11,68.94,44.92,17.69,61.4,23.09,63.57,29.83,53.34,19.24,62.43,29.12
15,62.77,79.62,70.0,42.05,21.26,64.0,87.32,66.57,8.49,80.62,54.04,57.72,34.0,32.56,69.34,0.0,69.43,11.31,78.23,65.12,67.23,82.97,47.54,62.29,26.0,44.94,74.67,71.02,97.2,69.05,30.0,33.94,48.04,59.93,84.31,24.74,46.39,22.36,81.22,79.65,51.61,48.08,48.08,25.61,77.2,70.03,83.74,62.13,84.59,84.59,19.7,88.81,4.47,51.11,77.23,28.43,89.56,53.16,86.61,68.95,57.97,17.12,78.45,16.28,80.41,7.28,66.75
16,78.03,39.7,14.14,45.12,48.41,47.54,81.71,18.87,70.46,26.08,80.62,39.29,49.4,48.08,10.0,69.43,0.0,69.66,58.14,8.25,72.69,73.54,40.0,41.23,47.41,26.08,26.91,60.73,28.64,60.17,92.09,75.39,50.04,72.03,29.53,90.91,58.0,49.4,66.21,10.77,18.87,60.3,38.0,44.41,71.47,51.26,14.42,50.99,48.17,64.5,77.67,68.26,73.59,72.44,7.81,76.03,78.72,37.34,18.68,70.21,31.26,61.29,39.82,53.15,28.6,62.94,38.63
17,51.88,74.0,72.47,35.44,24.74,56.57,77.2,69.86,19.8,77.18,42.8,64.28,27.2,40.05,67.94,11.31,69.66,0.0,70.03,66.57,56.92,73.35,54.15,55.79,32.06,43.86,70.71,62.13,96.21,60.13,23.41,22.63,56.32,49.4,80.62,21.26,55.79,28.07,72.25,79.25,50.99,38.47,54.33,29.12,67.47,62.29,83.55,54.15,78.1,76.03,10.0,80.1,10.77,40.25,77.34,17.2,79.83,59.41,85.59,58.94,53.23,26.93,72.73,19.42,76.54,10.05,60.73
18,35.38,22.0,71.69,36.88,67.68,15.23,24.33,74.89,84.85,38.21,45.61,89.11,44.41,81.41,48.33,78.23,58.14,70.03,0.0,63.81,25.61,16.12,84.02,20.0,74.32,50.0,32.98,10.0,64.0,11.66,81.61,56.92,93.23,31.24,38.0,85.91,98.79,72.8,8.25,58.24,50.91,32.98,82.46,67.23,16.49,8.94,61.61,16.12,17.09,7.21,71.02,11.66,80.02,39.45,60.41,62.1,20.62,84.96,57.56,21.4,30.41,83.24,21.02,68.15,35.13,71.45,20.0
19,80.62,46.69,8.25,46.04,43.86,52.0,86.76,11.31,65.3,34.0,82.02,31.05,49.03,41.23,17.2,65.12,8.25,66.57,63.81,0.0,76.16,78.71,32.06,45.69,41.62,24.74,34.06,65.39,35.44,64.62,89.55,74.73,42.0,74.67,37.58,87.66,50.04,44.05,71.69,18.11,18.11,62.03,30.07,39.6,76.16,56.36,20.88,55.03,55.17,70.46,75.18,74.4,69.43,74.0,14.32,74.67,84.22,29.15,26.17,74.04,35.11,55.47,46.67,48.92,36.36,59.03,43.91
20,10.0,44.94,84.4,34.41,63.78,26.08,20.4,86.02,75.15,59.23,21.54,95.02,38.21,80.62,64.12,67.23,72.69,56.92,25.61,76.16,0.0,18.44,87.66,32.0,72.14,55.46,52.61,16.12,85.51,15.23,62.13,38.05,95.27,8.0,60.17,68.03,99.04,69.43,21.63,76.0,59.46,20.0,86.53,65.05,12.65,25.3,80.02,22.0,42.19,27.2,54.59,29.53,67.68,18.0,77.1,44.18,24.02,90.21,77.41,4.24,41.44,77.1,43.66,62.2,56.52,61.72,36.22
21,27.86,38.05,86.76,44.94,76.16,27.2,8.25,89.55,90.44,54.33,39.85,102.18,50.99,91.61,63.91,82.97,73.54,73.35,16.12,78.71,18.44,0.0,96.17,33.29,83.76,62.29,49.03,14.14,80.02,15.62,80.4,56.04,104.8,26.31,54.04,86.02,109.64,81.63,8.0,74.22,64.4,34.93,94.76,76.55,6.0,22.36,77.67,25.46,32.25,12.65,72.11,12.81,83.95,36.22,76.24,62.0,6.71,97.74,73.68,15.03,44.1,90.8,37.12,75.58,51.24,76.84,34.93
22,88.59,72.5,31.62,53.25,30.07,69.43,103.32,26.0,43.86,63.56,85.44,10.2,50.99,15.23,46.69,47.54,40.0,54.15,84.02,32.06,87.66,96.17,0.0,64.03,22.09,34.06,61.35,82.02,67.08,80.62,76.94,71.02,10.2,83.35,67.47,72.28,18.0,26.08,90.69,50.16,34.0,68.96,2.0,26.31,92.02,75.29,52.61,70.71,80.5,91.21,64.12,95.6,51.92,78.79,46.27,68.26,102.55,5.83,58.22,87.01,53.82,32.2,72.01,35.0,65.25,44.28,64.9
23,38.83,18.87,53.85,20.4,49.03,6.32,41.18,56.36,68.0,28.64,44.72,69.31,28.64,61.74,32.25,62.29,41.23,55.79,20.0,45.69,32.0,33.29,64.03,0.0,55.03,30.0,21.54,19.7,54.41,18.97,71.69,48.41,73.24,32.98,30.53,74.32,78.89,53.85,26.91,44.0,31.24,25.61,62.48,48.08,30.46,11.31,48.04,10.0,22.36,27.2,59.09,31.62,64.78,36.72,45.18,52.15,39.2,65.07,45.71,29.15,10.82,64.94,17.49,50.25,26.42,55.15,5.66
24,71.22,68.47,45.25,38.83,8.94,59.09,90.0,41.23,24.08,64.5,66.24,32.25,33.94,8.94,50.0,26.0,47.41,32.06,74.32,41.62,72.14,83.76,22.09,55.03,0.0,28.0,60.03,69.97,76.03,68.26,54.92,50.0,25.3,66.6,68.47,50.6,27.2,4.0,79.65,58.14,32.56,52.35,22.36,7.21,78.82,65.39,61.77,59.06,75.31,81.44,42.05,85.91,30.46,60.46,55.07,46.69,90.43,27.46,65.8,72.35,46.87,13.89,67.6,13.15,65.19,22.2,57.72
25,58.24,40.79,32.25,22.36,25.3,35.38,69.66,32.06,47.54,36.88,58.14,40.0,24.33,32.98,24.41,44.94,26.08,43.86,50.0,24.74,55.46,62.29,34.06,30.0,28.0,0.0,32.06,48.17,52.5,46.86,66.03,50.0,43.27,52.5,40.79,65.12,49.19,28.28,56.64,35.38,7.21,38.83,32.56,22.36,58.41,41.23,39.7,36.88,48.08,57.2,51.61,61.61,48.83,50.36,33.6,50.16,68.59,35.47,41.87,54.2,20.12,40.61,40.02,29.07,37.34,38.01,31.3
26,60.17,12.81,41.04,36.88,56.89,26.68,57.27,45.34,78.59,7.21,66.21,63.53,44.41,64.28,16.97,74.67,26.91,70.71,32.98,34.06,52.61,49.03,61.35,21.54,60.03,32.06,0.0,38.0,32.98,38.05,89.64,67.94,71.47,54.41,10.0,90.97,78.59,60.3,41.23,25.3,28.28,46.65,59.46,54.33,48.17,28.0,28.64,31.05,21.26,38.63,76.03,42.05,78.0,58.14,27.73,70.77,53.45,60.42,25.0,49.25,17.8,72.56,13.04,59.91,5.83,67.42,16.49
27,25.61,29.12,73.54,31.3,62.61,13.42,21.63,76.03,78.1,44.18,35.61,88.09,37.95,77.67,51.42,71.02,60.73,62.13,10.0,65.39,16.12,14.14,82.02,19.7,69.97,48.17,38.0,0.0,70.46,2.0,72.28,47.54,90.69,21.26,44.72,76.94,95.6,68.0,10.2,62.51,50.48,24.08,80.62,62.77,10.77,10.0,66.27,11.31,26.08,14.14,62.29,18.0,72.44,29.53,64.13,52.95,20.62,83.63,63.0,12.08,30.41,77.62,27.89,62.39,41.3,64.54,22.36
28,93.15,42.0,36.06,66.57,76.55,59.67,88.09,42.05,98.79,26.31,98.79,64.03,72.8,76.55,28.28,97.2,28.64,96.21,64.0,35.44,85.51,80.02,67.08,54.41,76.03,52.5,32.98,70.46,0.0,70.71,117.59,98.18,76.66,87.36,26.0,117.39,84.85,77.9,72.03,17.89,45.61,78.79,65.12,72.72,80.1,60.53,14.56,64.03,48.37,68.26,103.32,70.71,101.21,90.62,21.19,100.0,83.38,63.39,10.63,82.04,48.3,89.89,43.01,81.02,29.15,90.43,49.48
29,24.41,29.73,72.8,29.53,60.83,12.65,22.8,75.15,76.16,44.41,34.06,86.83,36.06,76.03,50.99,69.05,60.17,60.13,11.66,64.62,15.23,15.62,80.62,18.97,68.26,46.86,38.05,2.0,70.71,0.0,70.34,45.61,89.2,19.8,45.12,74.97,94.02,66.24,12.17,62.29,49.4,22.09,79.25,61.06,11.66,10.2,66.12,10.0,27.2,16.12,60.3,20.0,70.46,27.78,63.79,50.99,22.2,82.33,63.03,11.4,29.55,75.77,28.46,60.54,41.59,62.59,22.09
30,54.04,90.55,95.71,52.8,48.08,70.68,82.0,93.23,36.5,96.54,42.19,87.13,45.34,62.29,89.38,30.0,92.09,23.41,81.61,89.55,62.13,80.4,76.94,71.69,54.92,66.03,89.64,72.28,117.59,70.34,0.0,24.74,78.03,54.15,99.64,8.49,76.24,50.99,81.58,101.21,73.24,48.7,77.28,52.5,74.43,75.39,105.6,67.23,93.04,86.35,14.42,89.82,26.08,44.18,99.62,19.7,86.15,82.38,107.06,65.38,71.84,47.04,89.19,42.72,95.43,32.76,77.18
31,31.05,67.2,82.0,31.62,41.23,46.65,58.31,80.89,42.43,75.07,20.59,80.62,26.0,58.82,70.71,33.94,75.39,22.63,56.92,74.73,38.05,56.04,71.02,48.41,50.0,50.0,67.94,47.54,98.18,45.61,24.74,0.0,75.29,30.07,77.79,30.0,76.16,46.17,56.89,83.19,56.92,24.17,70.71,44.72,50.04,50.99,87.66,42.94,68.96,61.61,17.09,65.12,32.8,20.1,82.35,6.32,62.01,75.54,87.98,41.01,50.45,48.55,65.8,37.0,73.55,31.06,54.04
32,95.41,82.46,40.79,60.96,34.18,78.41,111.73,34.93,42.76,73.76,91.24,14.42,57.69,16.49,56.89,48.04,50.04,56.32,93.23,42.0,95.27,104.8,10.2,73.24,25.3,43.27,71.47,90.69,76.66,89.2,78.03,75.29,0.0,90.44,77.67,72.44,8.25,29.12,99.64,60.03,43.86,76.03,12.17,31.3,100.42,84.4,62.29,79.4,90.38,100.44,66.27,104.86,52.15,85.09,56.08,71.81,111.29,13.34,68.07,94.92,63.29,31.26,81.94,38.33,75.43,46.27,74.43
33,6.0,48.37,82.87,30.46,58.0,27.86,28.28,83.95,68.0,61.35,14.42,91.24,32.8,75.29,64.12,59.93,72.03,49.4,31.24,74.67,8.0,26.31,83.35,32.98,66.6,52.5,54.41,21.26,87.36,19.8,54.15,30.07,90.44,0.0,62.77,60.03,93.72,63.66,28.64,76.42,57.27,14.42,82.37,59.67,20.4,28.84,80.62,23.41,46.86,34.0,46.69,36.77,60.17,10.0,77.1,36.22,32.02,86.31,78.64,11.4,41.05,70.6,47.01,55.97,58.87,54.71,37.95
34,68.35,16.0,43.27,46.86,65.97,34.93,62.13,48.37,87.93,4.0,75.18,68.35,54.41,72.0,20.88,84.31,29.53,80.62,38.0,37.58,60.17,54.04,67.47,30.53,68.47,40.79,10.0,44.72,26.0,45.12,99.64,77.79,77.67,62.77,0.0,100.96,85.16,69.05,46.04,24.08,36.06,56.04,65.51,63.15,54.15,34.93,26.08,39.4,22.8,42.43,86.02,45.12,87.73,67.23,27.59,80.72,57.56,65.8,20.62,56.52,27.8,81.39,17.03,69.26,4.24,77.08,25.06
35,60.53,93.04,93.3,54.59,44.72,74.0,88.2,90.35,30.0,97.65,49.03,82.46,46.65,57.27,89.11,24.74,90.91,21.26,85.91,87.66,68.03,86.02,72.28,74.32,50.6,65.12,90.97,76.94,117.39,74.97,8.49,30.0,72.44,60.03,100.96,0.0,70.0,46.82,86.58,100.5,72.25,52.95,72.8,49.19,80.02,79.12,104.8,70.88,96.21,91.08,15.23,94.76,20.4,50.04,98.6,24.08,92.01,77.88,106.78,71.01,73.25,41.19,91.71,39.36,96.8,29.07,79.62
36,98.41,89.2,49.03,65.12,36.06,83.76,116.28,43.17,40.0,81.22,93.3,22.36,60.96,18.44,64.5,46.39,58.0,55.79,98.79,50.04,99.04,109.64,18.0,78.89,27.2,49.19,78.59,95.6,84.85,94.02,76.24,76.16,8.25,93.72,85.16,70.0,0.0,30.53,104.86,68.12,50.6,79.4,20.0,34.06,105.0,89.89,70.46,84.4,96.93,106.0,65.51,110.45,50.16,87.66,64.2,72.11,116.21,21.59,76.16,99.01,69.32,29.27,88.6,39.36,82.76,45.88,80.5
37,68.12,68.12,48.17,36.72,5.66,57.58,87.66,44.41,21.26,65.12,62.77,36.22,31.24,12.65,51.26,22.36,49.4,28.07,72.8,44.05,69.43,81.63,26.08,53.85,4.0,28.28,60.3,68.0,77.9,66.24,50.99,46.17,29.12,63.66,69.05,46.82,30.53,0.0,77.82,60.03,33.53,49.52,26.31,6.0,76.55,63.91,63.81,57.27,74.67,79.85,38.05,84.31,26.83,57.2,57.14,42.76,88.32,31.4,67.54,69.81,46.27,12.37,67.19,9.22,65.62,18.25,56.89
38,31.62,30.07,79.65,41.23,72.5,21.26,16.12,82.68,88.29,46.39,42.94,96.21,48.08,87.13,56.46,81.22,66.21,72.25,8.25,71.69,21.63,8.0,90.69,26.91,79.65,56.64,41.23,10.2,72.03,12.17,81.58,56.89,99.64,28.64,46.04,86.58,104.86,77.82,0.0,66.48,58.14,34.0,89.2,72.47,10.0,15.62,69.86,20.59,24.33,5.66,72.11,8.25,82.61,37.95,68.62,62.51,12.53,91.92,65.76,17.49,37.64,87.66,29.15,72.45,43.29,74.73,27.78
39,82.39,37.58,20.88,52.0,58.82,50.04,82.46,26.68,80.99,21.63,86.35,48.37,57.31,58.82,12.65,79.65,10.77,79.25,58.24,18.11,76.0,74.22,50.16,44.0,58.14,35.38,25.3,62.51,17.89,62.29,101.21,83.19,60.03,76.42,24.08,100.5,68.12,60.03,66.48,0.0,28.28,65.97,48.17,54.92,72.99,52.61,4.47,54.0,45.65,63.91,86.83,67.23,83.74,78.1,4.12,84.38,78.75,47.01,8.06,73.06,35.51,72.01,38.08,63.41,24.7,73.0,40.2
40,63.15,38.63,26.0,28.0,31.3,37.2,72.11,26.68,53.67,32.06,64.0,38.21,31.05,36.06,17.89,51.61,18.87,50.99,50.91,18.11,59.46,64.4,34.0,31.24,32.56,7.21,28.28,50.48,45.61,49.4,73.24,56.92,43.86,57.27,36.06,72.25,50.6,33.53,58.14,28.28,0.0,44.18,32.25,27.86,61.06,42.52,32.56,39.45,46.52,58.0,58.82,62.29,55.61,56.04,26.4,57.27,70.43,34.21,35.0,57.78,20.52,45.88,38.08,35.51,33.02,44.82,31.24
41,19.7,43.86,70.11,16.49,43.86,22.8,39.4,70.71,55.71,53.85,20.4,76.97,18.44,60.96,53.37,48.08,60.3,38.47,32.98,62.03,20.0,34.93,68.96,25.61,52.35,38.83,46.65,24.08,78.79,22.09,48.7,24.17,76.03,14.42,56.04,52.95,79.4,49.52,34.0,65.97,44.18,0.0,68.0,45.34,29.12,26.83,70.34,18.87,44.94,38.21,38.21,42.05,49.03,12.17,66.1,29.12,41.48,72.01,69.29,21.02,30.68,57.14,42.45,42.2,51.87,42.15,31.24
42,87.66,70.68,29.73,52.15,30.0,67.94,101.98,24.17,44.72,61.61,84.76,10.0,50.16,16.12,44.72,48.08,38.0,54.33,82.46,30.07,86.53,94.76,2.0,62.48,22.36,32.56,59.46,80.62,65.12,79.25,77.28,70.71,12.17,82.37,65.51,72.8,20.0,26.31,89.2,48.17,32.25,68.0,0.0,26.08,90.69,73.76,50.64,69.31,78.71,89.64,64.28,94.02,52.5,78.0,44.28,68.12,101.12,5.1,56.22,85.8,52.2,33.12,70.21,35.06,63.32,44.55,63.25
43,64.4,62.13,44.41,31.62,4.47,52.0,82.8,41.18,26.08,59.23,59.93,36.06,26.91,15.62,45.69,25.61,44.41,29.12,67.23,39.6,65.05,76.55,26.31,48.08,7.21,22.36,54.33,62.77,72.72,61.06,52.5,44.72,31.3,59.67,63.15,49.19,34.06,6.0,72.47,54.92,27.86,45.34,26.08,0.0,71.61,58.31,58.82,51.88,68.73,74.32,38.83,78.79,30.0,53.85,52.2,42.05,83.22,31.02,62.27,65.19,40.31,18.25,61.2,9.85,59.68,20.12,50.99
44,22.36,38.21,84.31,40.0,71.02,24.17,11.31,86.76,84.76,54.0,34.18,98.41,45.65,86.83,62.1,77.2,71.47,67.47,16.49,76.16,12.65,6.0,92.02,30.46,78.82,58.41,48.17,10.77,80.1,11.66,74.43,50.04,100.42,20.4,54.15,80.02,105.0,76.55,10.0,72.99,61.06,29.12,90.69,71.61,0.0,20.4,76.66,21.63,33.53,15.62,66.12,17.2,78.1,30.27,74.73,56.0,12.37,93.86,73.11,9.06,41.15,85.42,37.12,70.24,51.01,71.17,32.98
45,34.0,19.7,64.4,28.28,58.82,6.32,30.46,67.23,76.42,34.23,42.52,80.62,36.06,72.47,41.76,70.03,51.26,62.29,8.94,56.36,25.3,22.36,75.29,11.31,65.39,41.23,28.0,10.0,60.53,10.2,75.39,50.99,84.4,28.84,34.93,79.12,89.89,63.91,15.62,52.61,42.52,26.83,73.76,58.31,20.4,0.0,56.32,8.25,18.44,16.12,64.03,20.59,72.03,35.38,54.34,55.71,28.02,76.38,53.0,21.59,22.02,74.46,18.38,59.44,31.4,63.13,12.65
46,86.58,40.5,22.09,56.46,62.8,54.0,85.91,28.07,84.88,24.17,90.71,50.04,61.77,62.03,17.09,83.74,14.42,83.55,61.61,20.88,80.02,77.67,52.61,48.04,61.77,39.7,28.64,66.27,14.56,66.12,105.6,87.66,62.29,80.62,26.08,104.8,70.46,63.81,69.86,4.47,32.56,70.34,50.64,58.82,76.66,56.32,0.0,58.03,48.33,67.05,91.21,70.23,87.86,82.46,6.71,88.84,82.01,49.09,6.71,77.01,39.81,75.66,41.11,67.48,27.31,77.16,44.05
47,29.12,25.61,63.25,20.88,52.0,4.47,32.8,65.39,68.73,37.95,36.06,76.84,28.28,66.57,42.19,62.13,50.99,54.15,16.12,55.03,22.0,25.46,70.71,10.0,59.06,36.88,31.05,11.31,64.03,10.0,67.23,42.94,79.4,23.41,39.4,70.88,84.4,57.27,20.59,54.0,39.45,18.87,69.31,51.88,21.63,8.25,58.03,0.0,26.08,22.8,55.79,27.2,64.0,28.43,55.15,47.54,31.89,72.35,55.58,19.24,19.92,67.36,24.21,52.2,35.47,55.33,14.56
48,51.61,8.49,62.29,42.76,70.26,22.36,40.05,66.48,90.09,24.17,60.83,83.76,50.99,81.04,38.21,84.59,48.17,78.1,17.09,55.17,42.19,32.25,80.5,22.36,75.31,48.08,21.26,26.08,48.37,27.2,93.04,68.96,90.38,46.86,22.8,96.21,96.93,74.67,24.33,45.65,46.52,44.94,78.71,68.73,33.53,18.44,48.33,26.08,0.0,20.0,80.99,22.36,87.13,53.81,48.55,73.35,35.06,80.26,43.32,38.08,28.44,86.28,8.6,72.01,21.02,77.41,18.0
49,37.2,26.68,78.23,43.68,74.67,22.36,20.1,81.61,91.41,43.17,48.37,96.21,50.99,88.59,54.59,84.59,64.5,76.03,7.21,70.46,27.2,12.65,91.21,27.2,81.44,57.2,38.63,14.14,68.26,16.12,86.35,61.61,100.44,34.0,42.43,91.08,106.0,79.85,5.66,63.91,58.0,38.21,89.64,74.32,15.62,16.12,67.05,22.8,20.0,0.0,76.42,4.47,86.21,43.08,66.31,67.08,15.13,92.1,62.59,23.02,37.54,90.14,25.96,75.0,40.02,77.93,26.91
50,48.08,77.82,81.44,39.45,34.53,58.82,74.97,79.12,27.78,82.8,37.58,74.24,31.62,50.04,75.07,19.7,77.67,10.0,71.02,75.18,54.59,72.11,64.12,59.09,42.05,51.61,76.03,62.29,103.32,60.3,14.42,17.09,66.27,46.69,86.02,15.23,65.51,38.05,72.11,86.83,58.82,38.21,64.28,38.83,66.12,64.03,91.21,55.79,80.99,76.42,0.0,80.22,17.2,36.88,85.21,10.77,78.31,69.35,92.76,57.22,58.25,36.4,76.49,29.27,81.84,20.02,64.4
51,39.45,29.73,82.1,48.08,79.12,26.83,18.97,85.6,95.71,46.17,50.99,100.5,55.32,93.06,58.31,88.81,68.26,80.1,11.66,74.4,29.53,12.81,95.6,31.62,85.91,61.61,42.05,18.0,70.71,20.0,89.82,65.12,104.86,36.77,45.12,94.76,110.45,84.31,8.25,67.23,62.29,42.05,94.02,78.79,17.2,20.59,70.23,27.2,22.36,4.47,80.22,0.0,90.35,46.17,69.78,70.71,13.15,96.43,65.52,25.5,41.87,94.56,29.15,79.4,43.01,82.2,31.11
52,62.61,82.46,74.4,44.41,25.61,66.12,87.93,71.02,10.77,84.1,53.25,62.1,36.22,36.88,73.24,4.47,73.59,10.77,80.02,69.43,67.68,83.95,51.92,64.78,30.46,48.83,78.0,72.44,101.21,70.46,26.08,32.8,52.15,60.17,87.73,20.4,50.16,26.83,82.61,83.74,55.61,49.03,52.5,30.0,78.1,72.03,87.86,64.0,87.13,86.21,17.2,90.35,0.0,50.99,81.39,26.91,90.47,57.57,90.6,69.64,61.03,21.0,81.25,20.52,83.77,10.82,69.43
53,11.66,54.04,82.02,28.07,51.61,32.8,38.21,82.39,59.36,65.3,8.25,87.32,27.86,69.34,65.51,51.11,72.44,40.25,39.45,74.0,18.0,36.22,78.79,36.72,60.46,50.36,58.14,29.53,90.62,27.78,44.18,20.1,85.09,10.0,67.23,50.04,87.66,57.2,37.95,78.1,56.04,12.17,78.0,53.85,30.27,35.38,82.46,28.43,53.81,43.08,36.88,46.17,50.99,0.0,78.26,26.31,42.01,82.28,81.27,21.21,42.72,62.97,52.63,48.92,63.13,46.4,42.19
54,83.1,40.31,16.76,51.55,56.22,51.35,84.48,22.56,78.24,24.84,86.49,44.28,56.36,55.36,13.0,77.23,7.81,77.34,60.41,14.32,77.1,76.24,46.27,45.18,55.07,33.6,27.73,64.13,21.19,63.79,99.62,82.35,56.08,77.1,27.59,98.6,64.2,57.14,68.62,4.12,26.4,66.1,44.28,52.2,74.73,54.34,6.71,55.15,48.55,66.31,85.21,69.78,81.39,78.26,0.0,83.24,80.99,43.0,12.0,74.33,36.06,68.96,40.71,60.96,27.8,70.72,41.77
55,37.36,71.02,81.61,33.94,38.21,50.99,64.5,80.05,36.88,77.79,26.83,78.1,27.2,55.32,72.11,28.43,76.03,17.2,62.1,74.67,44.18,62.0,68.26,52.15,46.69,50.16,70.77,52.95,100.0,50.99,19.7,6.32,71.81,36.22,80.72,24.08,72.11,42.76,62.51,84.38,57.27,29.12,68.12,42.05,56.0,55.71,88.84,47.54,73.35,67.08,10.77,70.71,26.91,26.31,83.24,0.0,68.07,73.06,89.63,47.01,53.04,43.83,69.64,33.54,76.49,26.4,57.69
56,32.76,41.77,92.18,51.62,82.86,33.3,6.4,95.19,97.08,58.25,44.91,108.37,57.7,98.23,68.94,89.56,78.72,79.83,20.62,84.22,24.02,6.71,102.55,39.2,90.43,68.59,53.45,20.62,83.38,22.2,86.15,62.01,111.29,32.02,57.56,92.01,116.21,88.32,12.53,78.75,70.43,41.48,101.12,83.22,12.37,28.02,82.01,31.89,35.06,15.13,78.31,13.15,90.47,42.01,80.99,68.07,0.0,104.0,77.67,21.1,50.0,97.51,41.0,82.29,55.11,83.49,40.31
57,91.71,72.07,27.46,55.95,35.01,70.72,105.12,21.59,49.66,61.98,89.19,5.1,54.42,21.02,44.92,53.16,37.34,59.41,84.96,29.15,90.21,97.74,5.83,65.07,27.46,35.47,60.42,83.63,63.39,82.33,82.38,75.54,13.34,86.31,65.8,77.88,21.59,31.4,91.92,47.01,34.21,72.01,5.1,31.02,93.86,76.38,49.09,72.35,80.26,92.1,69.35,96.43,57.57,82.28,43.0,73.06,104.0,0.0,55.0,89.31,54.56,38.01,71.69,40.11,63.91,49.65,65.44
58,84.53,35.9,28.44,56.44,66.04,51.35,81.88,34.37,88.32,19.42,89.49,56.22,62.43,66.76,17.69,86.61,18.68,85.59,57.56,26.17,77.41,73.68,58.22,45.71,65.8,41.87,25.0,63.0,10.63,63.03,107.06,87.98,68.07,78.64,20.62,106.78,76.16,67.54,65.76,8.06,35.0,69.29,56.22,62.27,73.11,53.0,6.71,55.58,43.32,62.59,92.76,65.52,90.6,81.27,12.0,89.63,77.67,55.0,0.0,74.17,38.63,79.62,36.67,70.46,22.56,79.81,41.19
59,14.21,41.11,82.28,33.97,64.2,23.02,18.38,84.15,76.69,55.73,25.5,94.03,38.6,80.66,61.4,68.95,70.21,58.94,21.4,74.04,4.24,15.03,87.01,29.15,72.35,54.2,49.25,12.08,82.04,11.4,65.38,41.01,94.92,11.4,56.52,71.01,99.01,69.81,17.49,73.06,57.78,21.02,85.8,65.19,9.06,21.59,77.01,19.24,38.08,23.02,57.22,25.5,69.64,21.21,74.33,47.01,21.1,89.31,74.17,0.0,39.05,78.03,39.85,62.97,52.95,63.16,33.02
60,47.04,22.02,43.32,19.1,42.01,17.0,51.97,45.62,62.65,24.76,50.96,58.69,26.63,52.81,23.09,57.97,31.26,53.23,30.41,35.11,41.44,44.1,53.82,10.82,46.87,20.12,17.8,30.41,48.3,29.55,71.84,50.45,63.29,41.05,27.8,73.25,69.32,46.27,37.64,35.51,20.52,30.68,52.2,40.31,41.15,22.02,39.81,19.92,28.44,37.54,58.25,41.87,61.03,42.72,36.06,53.04,50.0,54.56,38.63,39.05,0.0,58.03,21.0,44.18,23.6,50.7,11.18
61,74.41,80.01,58.8,46.49,16.03,68.15,96.25,54.45,11.7,77.47,67.36,42.15,39.81,17.0,63.57,17.12,61.29,26.93,83.24,55.47,77.1,90.8,32.2,64.94,13.89,40.61,72.56,77.62,89.89,75.77,47.04,48.55,31.26,70.6,81.39,41.19,29.27,12.37,87.66,72.01,45.88,57.14,33.12,18.25,85.42,74.46,75.66,67.36,86.28,90.14,36.4,94.56,21.0,62.97,68.96,43.83,97.51,38.01,79.62,78.03,58.03,0.0,79.03,15.23,77.93,17.49,68.36
62,52.33,1.41,53.91,37.34,63.01,19.85,45.28,57.98,83.49,17.26,60.22,75.17,45.54,73.01,29.83,78.45,39.82,72.73,21.02,46.67,43.66,37.12,72.01,17.49,67.6,40.02,13.04,27.89,43.01,28.46,89.19,65.8,81.94,47.01,17.03,91.71,88.6,67.19,29.15,38.08,38.08,42.45,70.21,61.2,37.12,18.38,41.11,24.21,8.6,25.96,76.49,29.15,81.25,52.63,40.71,69.64,41.0,71.69,36.67,39.85,21.0,79.03,0.0,65.12,14.14,71.2,12.08
63,60.11,66.19,54.08,31.32,5.39,53.15,81.12,51.0,18.68,65.46,54.08,45.04,24.6,21.84,53.34,16.28,53.15,19.42,68.15,48.92,62.2,75.58,35.0,50.25,13.15,29.07,59.91,62.39,81.02,60.54,42.72,37.0,38.33,55.97,69.26,39.36,39.36,9.22,72.45,63.41,35.51,42.2,35.06,9.85,70.24,59.44,67.48,52.2,72.01,75.0,29.27,79.4,20.52,48.92,60.96,33.54,82.29,40.11,70.46,62.97,44.18,15.23,65.12,0.0,65.52,10.3,54.01
64,64.51,13.34,42.64,42.64,62.37,31.02,59.41,47.43,84.2,3.16,71.12,66.71,50.22,69.07,19.24,80.41,28.6,76.54,35.13,36.36,56.52,51.24,65.25,26.42,65.19,37.34,5.83,41.3,29.15,41.59,95.43,73.55,75.43,58.87,4.24,96.8,82.76,65.62,43.29,24.7,33.02,51.87,63.32,59.68,51.01,31.4,27.31,35.47,21.02,40.02,81.84,43.01,83.77,63.13,27.8,76.49,55.11,63.91,22.56,52.95,23.6,77.93,14.14,65.52,0.0,73.16,21.02
65,58.01,72.37,64.35,35.0,15.65,57.04,81.54,61.29,13.6,73.41,50.21,54.45,27.07,30.02,62.43,7.28,62.94,10.05,71.45,59.03,61.72,76.84,44.28,55.15,22.2,38.01,67.42,64.54,90.43,62.59,32.76,31.06,46.27,54.71,77.08,29.07,45.88,18.25,74.73,73.0,44.82,42.15,44.55,20.12,71.17,63.13,77.16,55.33,77.41,77.93,20.02,82.2,10.82,46.4,70.72,26.4,83.49,49.65,79.81,63.16,50.7,17.49,71.2,10.3,73.16,0.0,59.54
66,43.68,13.42,51.88,25.3,52.35,10.2,43.08,54.92,72.11,23.41,50.12,69.43,33.53,63.91,29.12,66.75,38.63,60.73,20.0,43.91,36.22,34.93,64.9,5.66,57.72,31.3,16.49,22.36,49.48,22.09,77.18,54.04,74.43,37.95,25.06,79.62,80.5,56.89,27.78,40.2,31.24,31.24,63.25,50.99,32.98,12.65,44.05,14.56,18.0,26.91,64.4,31.11,69.43,42.19,41.77,57.69,40.31,65.44,41.19,33.02,11.18,68.36,12.08,54.01,21.02,59.54,0.0
