vehicles
vehicle_idx, capacity, cost_per_unit_distance
1,100,1
2,100,1
3,100,1
4,100,1
5,100,1
6,100,1
7,100,1
depot
node_idx,x,y
0,24,63
home delivery customers
node_idx,x,y,service_time,demand
1,35,60,10,2
2,79,46,10,12
3,3,40,10,17
4,47,30,10,2
5,36,30,10,7
6,83,86,10,24
7,30,6,10,23
8,14,16,10,22
9,52,49,10,3
10,95,21,10,6
11,30,6,10,7
12,34,78,10,10
13,83,6,10,8
14,18,8,10,16
15,88,51,10,2
16,78,20,10,19
17,95,42,10,3
18,44,71,10,5
self pickup customers
node_idx,x,y,service_time,demand,locker_idxs
19,3,45,10,14,65
20,13,2,10,25,54
21,98,1,10,3,55
22,39,23,10,23,54
23,96,9,10,2,55-58
24,27,87,10,13,56
25,18,40,10,1,65
26,64,62,10,9,63
27,3,77,10,30,65-56
28,53,86,10,23,60-53
29,77,51,10,18,61
30,12,44,10,1,59
31,70,88,10,8,53-57
32,85,23,10,26,61-55
33,56,73,10,25,60-53
34,88,69,10,3,57
35,18,1,10,13,54
flexible customers
node_idx,x,y,service_time,demand,locker_idxs
36,42,50,10,2,65-63
37,29,96,10,20,60-63-56
38,54,77,10,26,60-63-53
39,55,29,10,13,62
40,1,19,10,20,54
41,75,10,10,18,64-58-55
42,62,91,10,6,60-53-57
43,82,90,10,18,57-53
44,50,79,10,18,60-63
45,48,49,10,10,62-63-65
46,82,73,10,2,57-53
47,58,89,10,22,60-53-57
48,36,17,10,4,59-54
49,93,30,10,21,61-55
50,68,67,10,2,53-57
51,71,34,10,15,61-58
52,37,37,10,22,59-65-62
lockers
node_idx,x,y,service_time,capacity,cost_per_unit_good
53,65,88,10,80
54,25,15,10,88
55,93,12,10,100
56,22,88,10,99
57,77,88,10,95
58,72,14,10,80
59,25,27,10,81
60,47,87,10,73
61,85,31,10,71
62,50,24,10,71
63,43,74,10,95
64,77,7,10,98
65,29,47,10,93
mrt lines
start_node_idx,end_node_idx,freight_capacity,cost_per_unit_good
53,54,88,2
54,53,88,2
55,56,100,2
56,55,100,2
distance matrix
,0,1,2,3,4,5,6,7,8,9,10,11,12,13,14,15,16,17,18,19,20,21,22,23,24,25,26,27,28,29,30,31,32,33,34,35,36,37,38,39,40,41,42,43,44,45,46,47,48,49,50,51,52,53,54,55,56,57,58,59,60,61,62,63,64,65,
0,0.0,11.4,57.57,31.14,40.22,35.11,63.32,57.31,48.05,31.3,82.49,57.31,18.03,82.04,55.33,65.12,69.03,74.04,21.54,27.66,61.98,96.54,42.72,90.0,24.19,23.77,40.01,25.24,37.01,54.34,22.47,52.35,72.95,33.53,64.28,62.29,22.2,33.38,33.11,46.01,49.65,73.55,47.2,63.98,30.53,27.78,58.86,42.8,47.54,76.49,44.18,55.23,29.07,48.02,48.01,85.8,25.08,58.6,68.59,36.01,33.24,68.88,46.87,21.95,77.1,16.76
1,11.4,0.0,46.17,37.74,32.31,30.02,54.59,54.23,48.75,20.25,71.56,54.23,18.03,72.25,54.71,53.76,58.73,62.64,14.21,35.34,62.03,86.31,37.22,79.51,28.16,26.25,29.07,36.24,31.62,42.95,28.02,44.82,62.2,24.7,53.76,61.4,12.21,36.5,25.5,36.89,53.26,64.03,41.11,55.76,24.21,17.03,48.76,37.01,43.01,65.3,33.73,44.41,23.09,41.04,46.1,75.29,30.87,50.48,59.03,34.48,29.55,57.8,39.0,16.12,67.62,14.32
2,57.57,46.17,0.0,76.24,35.78,45.88,40.2,63.25,71.59,27.17,29.68,63.25,55.22,40.2,71.87,10.3,26.02,16.49,43.01,76.01,79.32,48.85,46.14,40.72,66.22,61.29,21.93,82.08,47.71,5.39,67.03,42.95,23.77,35.47,24.7,75.8,37.22,70.71,39.82,29.41,82.54,36.22,48.1,44.1,43.93,31.14,27.17,47.85,51.87,21.26,23.71,14.42,42.95,44.27,62.27,36.77,70.8,42.05,32.76,57.25,52.01,16.16,36.4,45.61,39.05,50.01
3,31.14,37.74,76.24,0.0,45.12,34.48,92.28,43.42,26.4,49.82,93.94,43.42,49.04,86.93,35.34,85.71,77.62,92.02,51.4,5.0,39.29,102.69,39.81,98.03,52.77,15.0,64.85,37.0,67.94,74.81,9.85,82.42,83.74,62.43,89.81,41.79,40.26,61.74,63.01,53.15,21.1,78.0,77.99,93.49,61.07,45.89,85.62,73.66,40.22,90.55,70.38,68.26,34.13,78.41,33.3,94.25,51.62,88.2,73.74,25.55,64.38,82.49,49.65,52.5,81.02,26.93
4,40.22,32.31,35.78,45.12,0.0,11.0,66.57,29.41,35.85,19.65,48.84,29.41,49.73,43.27,36.4,46.07,32.57,49.48,41.11,46.49,44.05,58.67,10.63,53.31,60.41,30.68,36.24,64.38,56.32,36.62,37.7,62.39,38.64,43.93,56.59,41.01,20.62,68.41,47.52,8.06,47.3,34.41,62.82,69.46,49.09,19.03,55.44,60.02,17.03,46.0,42.54,24.33,12.21,60.73,26.63,49.4,63.16,65.3,29.68,22.2,57.0,38.01,6.71,44.18,37.8,24.76
5,35.11,30.02,45.88,34.48,11.0,0.0,73.11,24.74,26.08,24.84,59.68,24.74,48.04,52.77,28.43,56.08,43.17,60.21,41.77,36.25,36.24,68.45,7.62,63.57,57.71,20.59,42.52,57.43,58.52,46.07,27.78,67.23,49.5,47.42,65.0,34.13,20.88,66.37,50.33,19.03,36.69,43.83,66.31,75.6,50.96,22.47,62.97,62.97,13.0,57.0,48.92,35.23,7.07,64.85,18.6,59.77,59.67,71.03,39.4,11.4,58.05,49.01,15.23,44.55,47.01,18.38
6,63.32,54.59,40.2,92.28,66.57,73.11,0.0,95.96,98.29,48.27,66.1,95.96,49.65,80.0,101.53,35.36,66.19,45.61,41.79,89.89,109.34,86.31,76.84,78.09,56.01,79.63,30.61,80.5,30.0,35.51,82.49,13.15,63.03,29.97,17.72,107.0,54.56,54.92,30.36,63.51,105.89,76.42,21.59,4.12,33.73,50.93,13.04,25.18,83.49,56.89,24.21,53.37,67.21,18.11,91.68,74.67,61.03,6.32,72.84,82.73,36.01,55.04,70.24,41.76,79.23,66.61
7,57.31,54.23,63.25,43.42,29.41,24.74,95.96,0.0,18.87,48.3,66.71,0.0,72.11,53.0,12.17,73.41,50.0,74.3,66.49,47.43,17.46,68.18,19.24,66.07,81.06,36.06,65.51,75.96,83.24,65.07,42.05,91.24,57.57,71.87,85.63,13.0,45.61,90.01,74.95,33.97,31.78,45.18,90.82,98.79,75.69,46.62,84.81,87.6,12.53,67.42,71.87,49.65,31.78,89.16,10.3,63.29,82.39,94.51,42.76,21.59,82.76,60.42,26.91,69.23,47.01,41.01
8,48.05,48.75,71.59,26.4,35.85,26.08,98.29,18.87,0.0,50.33,81.15,18.87,65.15,69.72,8.94,81.86,64.12,85.07,62.65,31.02,14.04,85.33,25.96,82.3,72.18,24.33,67.94,61.98,80.13,72.07,28.07,91.21,71.34,70.8,91.02,15.52,44.05,81.39,72.95,43.01,13.34,61.29,89.04,100.5,72.56,47.38,88.73,85.23,22.02,80.23,74.28,59.77,31.14,88.23,11.05,79.1,72.44,95.67,58.03,15.56,78.29,72.57,36.88,64.85,63.64,34.44
9,31.3,20.25,27.17,49.82,19.65,24.84,48.27,48.3,50.33,0.0,51.31,48.3,34.13,53.01,53.26,36.06,38.95,43.57,23.41,49.16,61.07,66.48,29.07,59.46,45.49,35.17,17.69,56.44,37.01,25.08,40.31,42.95,42.01,24.33,41.18,58.82,10.05,52.33,28.07,20.22,59.17,45.28,43.17,50.8,30.07,4.0,38.42,40.45,35.78,45.19,24.08,24.21,19.21,41.11,43.42,55.23,49.2,46.32,40.31,34.83,38.33,37.59,25.08,26.57,48.88,23.09
10,82.49,71.56,29.68,93.94,48.84,59.68,66.1,66.71,81.15,51.31,0.0,66.71,83.49,19.21,78.09,30.81,17.03,21.0,71.42,95.08,84.17,20.22,56.04,12.04,94.76,79.31,51.4,107.7,77.39,34.99,86.13,71.51,10.2,65.0,48.51,79.56,60.42,99.9,69.4,40.79,94.02,22.83,77.39,70.21,73.41,54.71,53.6,77.41,59.14,9.22,53.34,27.29,60.17,73.41,70.26,9.22,99.09,69.38,24.04,70.26,81.61,14.14,45.1,74.25,22.8,70.94
11,57.31,54.23,63.25,43.42,29.41,24.74,95.96,0.0,18.87,48.3,66.71,0.0,72.11,53.0,12.17,73.41,50.0,74.3,66.49,47.43,17.46,68.18,19.24,66.07,81.06,36.06,65.51,75.96,83.24,65.07,42.05,91.24,57.57,71.87,85.63,13.0,45.61,90.01,74.95,33.97,31.78,45.18,90.82,98.79,75.69,46.62,84.81,87.6,12.53,67.42,71.87,49.65,31.78,89.16,10.3,63.29,82.39,94.51,42.76,21.59,82.76,60.42,26.91,69.23,47.01,41.01
12,18.03,18.03,55.22,49.04,49.73,48.04,49.65,72.11,65.15,34.13,83.49,72.11,0.0,87.09,71.81,60.37,72.8,70.83,12.21,45.28,78.85,100.12,55.23,92.76,11.4,41.23,34.0,31.02,20.62,50.77,40.5,37.36,75.01,22.56,54.74,78.64,29.12,18.68,20.02,53.31,67.6,79.4,30.87,49.48,16.03,32.2,48.26,26.4,61.03,76.06,35.74,57.49,41.11,32.57,63.64,88.53,15.62,44.15,74.43,51.79,15.81,69.35,56.32,9.85,83.01,31.4
13,82.04,72.25,40.2,86.93,43.27,52.77,80.0,53.0,69.72,53.01,19.21,53.0,87.09,0.0,65.03,45.28,14.87,37.95,75.8,89.0,70.11,15.81,47.17,13.34,98.47,73.36,59.14,106.96,85.44,45.4,80.53,83.02,17.12,72.24,63.2,65.19,60.14,104.96,76.69,36.24,83.02,8.94,87.56,84.01,80.11,55.44,67.01,86.68,48.27,26.0,62.82,30.46,55.47,83.95,58.69,11.66,102.2,82.22,13.6,61.68,88.64,25.08,37.59,78.89,6.08,67.8
14,55.33,54.71,71.87,35.34,36.4,28.43,101.53,12.17,8.94,53.26,78.09,12.17,71.81,65.03,0.0,82.15,61.19,84.17,68.15,39.92,7.81,80.31,25.81,78.01,79.51,32.0,70.94,70.61,85.49,73.01,36.5,95.41,68.66,75.29,92.85,7.0,48.37,88.68,77.83,42.54,20.25,57.04,93.94,104.02,77.88,50.8,91.22,90.34,20.12,78.16,77.34,59.03,34.67,92.78,9.9,75.11,80.1,99.4,54.33,20.25,84.15,70.84,35.78,70.58,59.01,40.52
15,65.12,53.76,10.3,85.71,46.07,56.08,35.36,73.41,81.86,36.06,30.81,73.41,60.37,45.28,82.15,0.0,32.57,11.4,48.33,85.21,89.59,50.99,56.44,42.76,70.83,70.86,26.4,88.89,49.5,11.0,76.32,41.15,28.16,38.83,18.0,86.02,46.01,74.2,42.8,39.66,92.7,43.01,47.71,39.46,47.2,40.05,22.8,48.41,62.13,21.59,25.61,24.04,52.89,43.57,72.56,39.32,75.66,38.6,40.31,67.42,54.56,20.22,46.62,50.54,45.35,59.14
16,69.03,58.73,26.02,77.62,32.57,43.17,66.19,50.0,64.12,38.95,17.03,50.0,72.8,14.87,61.19,32.57,0.0,27.8,61.29,79.06,67.45,27.59,39.12,21.1,84.2,63.25,44.27,94.2,70.58,31.02,70.23,68.47,7.62,57.38,50.01,62.94,46.86,90.43,61.85,24.7,77.01,10.44,72.78,70.11,65.31,41.73,53.15,71.84,42.11,18.03,48.05,15.65,44.38,69.23,53.24,17.0,88.09,68.01,8.49,53.46,73.82,13.04,28.28,64.35,13.04,55.95
17,74.04,62.64,16.49,92.02,49.48,60.21,45.61,74.3,85.07,43.57,21.0,74.3,70.83,37.95,84.17,11.4,27.8,0.0,58.67,92.05,91.24,41.11,59.14,33.02,81.54,77.03,36.89,98.43,60.83,20.12,83.02,52.35,21.47,49.82,27.89,87.24,53.6,85.28,53.91,42.06,96.77,37.74,59.08,49.73,58.26,47.52,33.62,59.82,64.08,12.17,36.8,25.3,58.22,54.92,75.03,30.07,86.28,49.4,36.24,71.59,65.8,14.87,48.47,61.06,39.36,66.19
18,21.54,14.21,43.01,51.4,41.11,41.77,41.79,66.49,62.65,23.41,71.42,66.49,12.21,75.8,68.15,48.33,61.29,58.67,0.0,48.55,75.64,88.41,48.26,80.92,23.35,40.46,21.93,41.44,17.49,38.59,41.87,31.06,63.13,12.17,44.05,74.67,21.1,29.15,11.66,43.42,67.48,68.43,26.91,42.49,10.0,22.36,38.05,22.8,54.59,63.89,24.33,45.8,34.71,27.02,59.14,76.69,27.8,37.12,63.51,47.93,16.28,57.28,47.38,3.16,72.01,28.3
19,27.66,35.34,76.01,5.0,46.49,36.25,89.89,47.43,31.02,49.16,95.08,47.43,45.28,89.0,39.92,85.21,79.06,92.05,48.55,0.0,44.15,104.69,42.19,99.72,48.37,15.81,63.32,32.0,64.66,74.24,9.06,79.61,84.9,59.94,88.32,46.49,39.32,57.25,60.21,54.41,26.08,80.06,74.81,90.92,58.01,45.18,83.82,70.43,43.28,91.24,68.62,68.88,34.93,75.45,37.2,95.86,47.01,85.59,75.64,28.43,60.83,83.19,51.48,49.41,83.19,26.08
20,61.98,62.03,79.32,39.29,44.05,36.24,109.34,17.46,14.04,61.07,84.17,17.46,78.85,70.11,7.81,89.59,67.45,91.24,75.64,44.15,0.0,85.01,33.42,83.29,86.15,38.33,78.75,75.66,93.04,80.6,42.01,103.17,75.0,83.01,100.57,5.1,56.08,95.35,85.48,49.93,20.81,62.51,101.6,111.83,85.43,58.6,99.01,97.95,27.46,84.76,85.15,66.24,42.44,100.5,17.69,80.62,86.47,107.2,60.21,27.73,91.55,77.62,43.05,78.0,64.2,47.76
21,96.54,86.31,48.85,102.69,58.67,68.45,86.31,68.18,85.33,66.48,20.22,68.18,100.12,15.81,80.31,50.99,27.59,41.11,88.41,104.69,85.01,0.0,62.97,8.25,111.52,89.0,69.84,121.66,96.18,54.23,96.15,91.39,25.55,83.35,68.73,80.0,74.41,117.41,87.82,51.31,98.66,24.7,96.93,90.43,91.59,69.31,73.76,96.66,64.03,29.43,72.5,42.64,70.83,93.05,74.33,12.08,115.52,89.5,29.07,77.49,99.98,32.7,53.23,91.4,21.84,82.93
22,42.72,37.22,46.14,39.81,10.63,7.62,76.84,19.24,25.96,29.07,56.04,19.24,55.23,47.17,25.81,56.44,39.12,59.14,48.26,42.19,33.42,62.97,0.0,58.69,65.12,27.02,46.32,64.9,64.54,47.2,34.21,72.01,46.0,52.81,67.21,30.41,27.17,73.68,56.04,17.09,38.21,38.28,71.78,79.61,57.07,27.51,65.95,68.68,6.71,54.45,52.7,33.84,14.14,70.01,16.12,55.11,67.19,75.29,34.21,14.56,64.5,46.69,11.05,51.16,41.23,26.0
23,90.0,79.51,40.72,98.03,53.31,63.57,78.09,66.07,82.3,59.46,12.04,66.07,92.76,13.34,78.01,42.76,21.1,33.02,80.92,99.72,83.29,8.25,58.69,0.0,104.14,83.93,61.91,115.21,88.19,46.1,91.0,83.17,17.8,75.47,60.53,78.41,67.8,109.81,79.92,45.62,95.52,21.02,88.77,82.2,83.76,62.48,65.51,88.57,60.53,21.21,64.4,35.36,65.31,84.86,71.25,4.24,108.25,81.25,24.52,73.25,92.11,24.6,48.38,83.87,19.1,77.03
24,24.19,28.16,66.22,52.77,60.41,57.71,56.01,81.06,72.18,45.49,94.76,81.06,11.4,98.47,79.51,70.83,84.2,81.54,23.35,48.37,86.15,111.52,65.12,104.14,0.0,47.85,44.65,26.0,26.02,61.61,45.54,43.01,86.37,32.2,63.6,86.47,39.92,9.22,28.79,64.4,72.8,90.74,35.23,55.08,24.35,43.42,56.75,31.06,70.58,87.21,45.62,68.88,50.99,38.01,72.03,99.9,5.1,50.01,85.76,60.03,20.0,80.62,67.07,20.62,94.34,40.05
25,23.77,26.25,61.29,15.0,30.68,20.59,79.63,36.06,24.33,35.17,79.31,36.06,41.23,73.36,32.0,70.86,63.25,77.03,40.46,15.81,38.33,89.0,27.02,83.93,47.85,0.0,50.99,39.92,57.8,60.02,7.21,70.77,69.12,50.33,75.77,39.0,26.0,57.07,51.62,38.6,27.02,64.41,67.36,81.22,50.45,31.32,72.01,63.25,29.21,75.66,56.82,53.34,19.24,67.18,25.96,80.06,48.17,76.06,59.93,14.76,55.23,67.6,35.78,42.2,67.6,13.04
26,40.01,29.07,21.93,64.85,36.24,42.52,30.61,65.51,67.94,17.69,51.4,65.51,34.0,59.14,70.94,26.4,44.27,36.89,21.93,63.32,78.75,69.84,46.32,61.91,44.65,50.99,0.0,62.82,26.4,17.03,55.03,26.68,44.29,13.6,25.0,76.4,25.06,48.8,18.03,34.21,76.28,53.15,29.07,33.29,22.02,20.62,21.1,27.66,53.0,43.19,6.4,28.86,36.8,26.02,61.07,57.8,49.4,29.07,48.66,52.4,30.23,37.44,40.5,24.19,56.52,38.08
27,25.24,36.24,82.08,37.0,64.38,57.43,80.5,75.96,61.98,56.44,107.7,75.96,31.02,106.96,70.61,88.89,94.2,98.43,41.44,32.0,75.66,121.66,64.9,115.21,26.0,39.92,62.82,0.0,50.8,78.43,34.21,67.9,98.18,53.15,85.38,77.47,47.43,32.2,51.0,70.77,58.03,98.35,60.64,80.06,47.04,53.0,79.1,56.29,68.48,101.53,65.76,80.45,52.5,62.97,65.79,111.02,21.95,74.81,93.43,54.63,45.12,94.02,70.84,40.11,101.86,39.7
28,37.01,31.62,47.71,67.94,56.32,58.52,30.0,83.24,80.13,37.01,77.39,83.24,20.62,85.44,85.49,49.5,70.58,60.83,17.49,64.66,93.04,96.18,64.54,88.19,26.02,57.8,26.4,50.8,0.0,42.44,58.69,17.12,70.66,13.34,38.91,91.92,37.64,26.0,9.06,57.04,84.81,79.12,10.3,29.27,7.62,37.34,31.78,5.83,71.06,68.82,24.21,55.03,51.55,12.17,76.32,84.12,31.06,24.08,74.46,65.31,6.08,63.63,62.07,15.62,82.57,45.79
29,54.34,42.95,5.39,74.81,36.62,46.07,35.51,65.07,72.07,25.08,34.99,65.07,50.77,45.4,73.01,11.0,31.02,20.12,38.59,74.24,80.6,54.23,47.2,46.1,61.61,60.02,17.03,78.43,42.44,0.0,65.38,37.66,29.12,30.41,21.1,77.34,35.01,65.8,34.71,31.11,82.46,41.05,42.72,39.32,38.9,29.07,22.56,42.49,53.26,26.4,18.36,18.03,42.38,38.9,63.25,42.15,66.29,37.0,37.34,57.27,46.86,21.54,38.18,41.05,44.0,48.17
30,22.47,28.02,67.03,9.85,37.7,27.78,82.49,42.05,28.07,40.31,86.13,42.05,40.5,80.53,36.5,76.32,70.23,83.02,41.87,9.06,42.01,96.15,34.21,91.0,45.54,7.21,55.03,34.21,58.69,65.38,0.0,72.8,75.96,52.7,80.01,43.42,30.59,54.71,53.41,45.54,27.31,71.59,68.62,83.76,51.66,36.35,75.77,64.35,36.12,82.2,60.54,59.84,25.96,68.88,31.78,87.09,45.12,78.49,67.08,21.4,55.44,74.15,42.94,43.14,74.79,17.26
31,52.35,44.82,42.95,82.42,62.39,67.23,13.15,91.24,91.21,42.95,71.51,91.24,37.36,83.02,95.41,41.15,68.47,52.35,31.06,79.61,103.17,91.39,72.01,83.17,43.01,70.77,26.68,67.9,17.12,37.66,72.8,0.0,66.71,20.52,26.17,101.36,47.2,41.77,19.42,60.88,97.58,78.16,8.54,12.17,21.93,44.78,19.21,12.04,78.72,62.39,21.1,54.01,60.75,5.0,85.76,79.4,48.0,7.0,74.03,75.8,23.02,58.94,67.05,30.41,81.3,57.98
32,72.95,62.2,23.77,83.74,38.64,49.5,63.03,57.57,71.34,42.01,10.2,57.57,75.01,17.12,68.66,28.16,7.62,21.47,63.13,84.9,75.0,25.55,46.0,17.8,86.37,69.12,44.29,98.18,70.66,29.12,75.96,66.71,0.0,57.8,46.1,70.52,50.77,92.01,62.27,30.59,84.1,16.4,71.78,67.07,66.04,45.22,50.09,71.31,49.37,10.63,47.17,17.8,50.0,68.01,60.53,13.6,90.52,65.49,15.81,60.13,74.43,8.0,35.01,66.07,17.89,60.93
33,33.53,24.7,35.47,62.43,43.93,47.42,29.97,71.87,70.8,24.33,65.0,71.87,22.56,72.24,75.29,38.83,57.38,49.82,12.17,59.94,83.01,83.35,52.81,75.47,32.2,50.33,13.6,53.15,13.34,30.41,52.7,20.52,57.8,0.0,32.25,81.41,26.93,35.47,4.47,44.01,77.08,65.8,18.97,31.06,8.49,25.3,26.0,16.12,59.46,56.73,13.42,41.79,40.71,17.49,65.76,71.34,37.16,25.81,61.13,55.47,16.64,51.04,49.37,13.04,69.26,37.48
34,64.28,53.76,24.7,89.81,56.59,65.0,17.72,85.63,91.02,41.18,48.51,85.63,54.74,63.2,92.85,18.0,50.01,27.89,44.05,88.32,100.57,68.73,67.21,60.53,63.6,75.77,25.0,85.38,38.91,21.1,80.01,26.17,46.1,32.25,0.0,97.59,49.77,64.88,34.93,51.86,100.34,60.42,34.06,21.84,39.29,44.72,7.21,36.06,73.54,39.32,20.1,38.91,60.21,29.83,82.98,57.22,68.68,21.95,57.28,75.72,44.78,38.12,58.9,45.28,62.97,62.97
35,62.29,61.4,75.8,41.79,41.01,34.13,107.0,13.0,15.52,58.82,79.56,13.0,78.64,65.19,7.0,86.02,62.94,87.24,74.67,46.49,5.1,80.0,30.41,78.41,86.47,39.0,76.4,77.47,91.92,77.34,43.42,101.36,70.52,81.41,97.59,0.0,54.56,95.63,84.1,46.4,24.76,57.71,100.18,109.62,84.31,56.6,96.33,96.66,24.08,80.41,82.8,62.43,40.71,98.88,15.65,75.8,87.09,105.12,55.54,26.93,90.76,73.41,39.41,77.16,59.3,47.3
36,22.2,12.21,37.22,40.26,20.62,20.88,54.56,45.61,44.05,10.05,60.42,45.61,29.12,60.14,48.37,46.01,46.86,53.6,21.1,39.32,56.08,74.41,27.17,67.8,39.92,26.0,25.06,47.43,37.64,35.01,30.59,47.2,50.77,26.93,49.77,54.56,0.0,47.8,29.55,24.7,51.4,51.86,45.62,56.57,30.08,6.08,46.14,42.15,33.54,54.78,31.06,33.12,13.93,44.42,38.91,63.6,42.94,51.66,46.86,28.6,37.34,47.01,27.2,24.02,55.44,13.34
37,33.38,36.5,70.71,61.74,68.41,66.37,54.92,90.01,81.39,52.33,99.9,90.01,18.68,104.96,88.68,74.2,90.43,85.28,29.15,57.25,95.35,117.41,73.68,109.81,9.22,57.07,48.8,32.2,26.0,65.8,54.71,41.77,92.01,35.47,64.88,95.63,47.8,0.0,31.4,71.87,81.93,97.53,33.38,53.34,27.02,50.7,57.78,29.83,79.31,91.93,48.6,74.89,59.54,36.88,81.1,105.6,10.63,48.66,92.59,69.12,20.12,85.8,75.0,26.08,101.12,49.0
38,33.11,25.5,39.82,63.01,47.52,50.33,30.36,74.95,72.95,28.07,69.4,74.95,20.02,76.69,77.83,42.8,61.85,53.91,11.66,60.21,85.48,87.82,56.04,79.92,28.79,51.62,18.03,51.0,9.06,34.71,53.41,19.42,62.27,4.47,34.93,84.1,29.55,31.4,0.0,48.01,78.57,70.21,16.12,30.87,4.47,28.64,28.28,12.65,62.64,61.07,17.2,46.24,43.46,15.56,68.45,75.8,33.84,25.5,65.52,57.8,12.21,55.47,53.15,11.4,73.68,39.05
39,46.01,36.89,29.41,53.15,8.06,19.03,63.51,33.97,43.01,20.22,40.79,33.97,53.31,36.24,42.54,39.66,24.7,42.06,43.42,54.41,49.93,51.31,17.09,45.62,64.4,38.6,34.21,70.77,57.04,31.11,45.54,60.88,30.59,44.01,51.86,46.4,24.7,71.87,48.01,0.0,54.92,27.59,62.39,66.71,50.25,21.19,51.62,60.07,22.47,38.01,40.16,16.76,19.7,59.84,33.11,41.63,67.6,62.97,22.67,30.07,58.55,30.07,7.07,46.57,31.11,31.62
40,49.65,53.26,82.54,21.1,47.3,36.69,105.89,31.78,13.34,59.17,94.02,31.78,67.6,83.02,20.25,92.7,77.01,96.77,67.48,26.08,20.81,98.66,38.21,95.52,72.8,27.02,76.28,58.03,84.81,82.46,27.31,97.58,84.1,77.08,100.34,24.76,51.4,81.93,78.57,54.92,0.0,74.55,94.37,107.71,77.47,55.76,97.35,90.27,35.06,92.66,82.42,71.59,40.25,94.11,24.33,92.27,72.12,102.65,71.18,25.3,82.1,84.85,49.25,69.2,76.94,39.6
41,73.55,64.03,36.22,78.0,34.41,43.83,76.42,45.18,61.29,45.28,22.83,45.18,79.4,8.94,57.04,43.01,10.44,37.74,68.43,80.06,62.51,24.7,38.28,21.02,90.74,64.41,53.15,98.35,79.12,41.05,71.59,78.16,16.4,65.8,60.42,57.71,51.86,97.53,70.21,27.59,74.55,0.0,82.04,80.31,73.39,47.43,63.39,80.81,39.62,26.91,57.43,24.33,46.62,78.64,50.25,18.11,94.3,78.03,5.0,52.81,81.93,23.26,28.65,71.55,3.61,59.03
42,47.2,41.11,48.1,77.99,62.82,66.31,21.59,90.82,89.04,43.17,77.39,90.82,30.87,87.56,93.94,47.71,72.78,59.08,26.91,74.81,101.6,96.93,71.78,88.77,35.23,67.36,29.07,60.64,10.3,42.72,68.62,8.54,71.78,18.97,34.06,100.18,45.62,33.38,16.12,62.39,94.37,82.04,0.0,20.02,16.97,44.27,26.91,4.47,78.43,68.43,24.74,57.71,59.51,4.24,84.53,84.86,40.11,15.3,77.65,73.93,15.52,64.26,68.07,25.5,85.33,55.0
43,63.98,55.76,44.1,93.49,69.46,75.6,4.12,98.79,100.5,50.8,70.21,98.79,49.48,84.01,104.02,39.46,70.11,49.73,42.49,90.92,111.83,90.43,79.61,82.2,55.08,81.22,33.29,80.06,29.27,39.32,83.76,12.17,67.07,31.06,21.84,109.62,56.57,53.34,30.87,66.71,107.71,80.31,20.02,0.0,33.84,53.26,17.0,24.02,86.28,61.0,26.93,57.07,69.53,17.12,94.2,78.77,60.03,5.39,76.66,84.96,35.13,59.08,73.35,42.15,83.15,68.25
44,30.53,24.21,43.93,61.07,49.09,50.96,33.73,75.69,72.56,30.07,73.41,75.69,16.03,80.11,77.88,47.2,65.31,58.26,10.0,58.01,85.43,91.59,57.07,83.76,24.35,50.45,22.02,47.04,7.62,38.9,51.66,21.93,66.04,8.49,39.29,84.31,30.08,27.02,4.47,50.25,77.47,73.39,16.97,33.84,0.0,30.07,32.56,12.81,63.56,65.19,21.63,49.66,43.97,17.49,68.71,79.61,29.41,28.46,68.62,57.7,8.54,59.41,55.0,8.6,76.9,38.28
45,27.78,17.03,31.14,45.89,19.03,22.47,50.93,46.62,47.38,4.0,54.71,46.62,32.2,55.44,50.8,40.05,41.73,47.52,22.36,45.18,58.6,69.31,27.51,62.48,43.42,31.32,20.62,53.0,37.34,29.07,36.35,44.78,45.22,25.3,44.72,56.6,6.08,50.7,28.64,21.19,55.76,47.43,44.27,53.26,30.07,0.0,41.62,41.23,34.18,48.85,26.91,27.46,16.28,42.54,41.05,58.26,46.87,48.6,42.44,31.83,38.01,41.15,25.08,25.5,51.04,19.1
46,58.86,48.76,27.17,85.62,55.44,62.97,13.04,84.81,88.73,38.42,53.6,84.81,48.26,67.01,91.22,22.8,53.15,33.62,38.05,83.82,99.01,73.76,65.95,65.51,56.75,72.01,21.1,79.1,31.78,22.56,75.77,19.21,50.09,26.0,7.21,96.33,46.14,57.78,28.28,51.62,97.35,63.39,26.91,17.0,32.56,41.62,0.0,28.84,72.47,44.38,15.23,40.52,57.63,22.67,81.32,61.98,61.85,15.81,59.84,73.25,37.7,42.11,58.52,39.01,66.19,59.03
47,42.8,37.01,47.85,73.66,60.02,62.97,25.18,87.6,85.23,40.45,77.41,87.6,26.4,86.68,90.34,48.41,71.84,59.82,22.8,70.43,97.95,96.66,68.68,88.57,31.06,63.25,27.66,56.29,5.83,42.49,64.35,12.04,71.31,16.12,36.06,96.66,42.15,29.83,12.65,60.07,90.27,80.81,4.47,24.02,12.81,41.23,28.84,0.0,75.29,68.6,24.17,56.52,56.08,7.07,81.02,84.58,36.01,19.03,76.3,70.24,11.18,63.98,65.49,21.21,84.17,51.04
48,47.54,43.01,51.87,40.22,17.03,13.0,83.49,12.53,22.02,35.78,59.14,12.53,61.03,48.27,20.12,62.13,42.11,64.08,54.59,43.28,27.46,64.03,6.71,60.53,70.58,29.21,53.0,68.48,71.06,53.26,36.12,78.72,49.37,59.46,73.54,24.08,33.54,79.31,62.64,22.47,35.06,39.62,78.43,86.28,63.56,34.18,72.47,75.29,0.0,58.46,59.36,38.91,20.02,76.69,11.18,57.22,72.37,81.99,36.12,14.87,70.86,50.96,15.65,57.43,42.2,30.81
49,76.49,65.3,21.26,90.55,46.0,57.0,56.89,67.42,80.23,45.19,9.22,67.42,76.06,26.0,78.16,21.59,18.03,12.17,63.89,91.24,84.76,29.43,54.45,21.21,87.21,75.66,43.19,101.53,68.82,26.4,82.2,62.39,10.63,56.73,39.32,80.41,54.78,91.93,61.07,38.01,92.66,26.91,68.43,61.0,65.19,48.85,44.38,68.6,58.46,0.0,44.65,22.36,56.44,64.4,69.63,18.0,91.68,60.17,26.4,68.07,73.25,8.06,43.42,66.6,28.02,66.22
50,44.18,33.73,23.71,70.38,42.54,48.92,24.21,71.87,74.28,24.08,53.34,71.87,35.74,62.82,77.34,25.61,48.05,36.8,24.33,68.62,85.15,72.5,52.7,64.4,45.62,56.82,6.4,65.76,24.21,18.36,60.54,21.1,47.17,13.42,20.1,82.8,31.06,48.6,17.2,40.16,82.42,57.43,24.74,26.93,21.63,26.91,15.23,24.17,59.36,44.65,0.0,33.14,43.14,21.21,67.48,60.42,50.57,22.85,53.15,58.73,29.0,39.81,46.62,25.96,60.67,43.83
51,55.23,44.41,14.42,68.26,24.33,35.23,53.37,49.65,59.77,24.21,27.29,49.65,57.49,30.46,59.03,24.04,15.65,25.3,45.8,68.88,66.24,42.64,33.84,35.36,68.88,53.34,28.86,80.45,55.03,18.03,59.84,54.01,17.8,41.79,38.91,62.43,33.12,74.89,46.24,16.76,71.59,24.33,57.71,57.07,49.66,27.46,40.52,56.52,38.91,22.36,33.14,0.0,34.13,54.33,49.77,31.11,72.92,54.33,20.02,46.53,58.18,14.32,23.26,48.83,27.66,43.97
52,29.07,23.09,42.95,34.13,12.21,7.07,67.21,31.78,31.14,19.21,60.17,31.78,41.11,55.47,34.67,52.89,44.38,58.22,34.71,34.93,42.44,70.83,14.14,65.31,50.99,19.24,36.8,52.5,51.55,42.38,25.96,60.75,50.0,40.71,60.21,40.71,13.93,59.54,43.46,19.7,40.25,46.62,59.51,69.53,43.97,16.28,57.63,56.08,20.02,56.44,43.14,34.13,0.0,58.18,25.06,61.33,53.16,64.82,41.88,15.62,50.99,48.37,18.38,37.48,50.0,12.81
53,48.02,41.04,44.27,78.41,60.73,64.85,18.11,89.16,88.23,41.11,73.41,89.16,32.57,83.95,92.78,43.57,69.23,54.92,27.02,75.45,100.5,93.05,70.01,84.86,38.01,67.18,26.02,62.97,12.17,38.9,68.88,5.0,68.01,17.49,29.83,98.88,44.42,36.88,15.56,59.84,94.11,78.64,4.24,17.12,17.49,42.54,22.67,7.07,76.69,64.4,21.21,54.33,58.18,0.0,83.24,80.99,43.0,12.0,74.33,72.95,18.03,60.41,65.73,26.08,81.88,54.56
54,48.01,46.1,62.27,33.3,26.63,18.6,91.68,10.3,11.05,43.42,70.26,10.3,63.64,58.69,9.9,72.56,53.24,75.03,59.14,37.2,17.69,74.33,16.12,71.25,72.03,25.96,61.07,65.79,76.32,63.25,31.78,85.76,60.53,65.76,82.98,15.65,38.91,81.1,68.45,33.11,24.33,50.25,84.53,94.2,68.71,41.05,81.32,81.02,11.18,69.63,67.48,49.77,25.06,83.24,0.0,68.07,73.06,89.63,47.01,12.0,75.29,62.1,26.57,61.68,52.61,32.25
55,85.8,75.29,36.77,94.25,49.4,59.77,74.67,63.29,79.1,55.23,9.22,63.29,88.53,11.66,75.11,39.32,17.0,30.07,76.69,95.86,80.62,12.08,55.11,4.24,99.9,80.06,57.8,111.02,84.12,42.15,87.09,79.4,13.6,71.34,57.22,75.8,63.6,105.6,75.8,41.63,92.27,18.11,84.86,78.77,79.61,58.26,61.98,84.58,57.22,18.0,60.42,31.11,61.33,80.99,68.07,0.0,104.0,77.67,21.1,69.63,87.98,20.62,44.64,79.65,16.76,72.95
56,25.08,30.87,70.8,51.62,63.16,59.67,61.03,82.39,72.44,49.2,99.09,82.39,15.62,102.2,80.1,75.66,88.09,86.28,27.8,47.01,86.47,115.52,67.19,108.25,5.1,48.17,49.4,21.95,31.06,66.29,45.12,48.0,90.52,37.16,68.68,87.09,42.94,10.63,33.84,67.6,72.12,94.3,40.11,60.03,29.41,46.87,61.85,36.01,72.37,91.68,50.57,72.92,53.16,43.0,73.06,104.0,0.0,55.0,89.31,61.07,25.02,84.96,69.86,25.24,97.91,41.59
57,58.6,50.48,42.05,88.2,65.3,71.03,6.32,94.51,95.67,46.32,69.38,94.51,44.15,82.22,99.4,38.6,68.01,49.4,37.12,85.59,107.2,89.5,75.29,81.25,50.01,76.06,29.07,74.81,24.08,37.0,78.49,7.0,65.49,25.81,21.95,105.12,51.66,48.66,25.5,62.97,102.65,78.03,15.3,5.39,28.46,48.6,15.81,19.03,81.99,60.17,22.85,54.33,64.82,12.0,89.63,77.67,55.0,0.0,74.17,80.16,30.02,57.56,69.46,36.77,81.0,63.13
58,68.59,59.03,32.76,73.74,29.68,39.4,72.84,42.76,58.03,40.31,24.04,42.76,74.43,13.6,54.33,40.31,8.49,36.24,63.51,75.64,60.21,29.07,34.21,24.52,85.76,59.93,48.66,93.43,74.46,37.34,67.08,74.03,15.81,61.13,57.28,55.54,46.86,92.59,65.52,22.67,71.18,5.0,77.65,76.66,68.62,42.44,59.84,76.3,36.12,26.4,53.15,20.02,41.88,74.33,47.01,21.1,89.31,74.17,0.0,48.76,77.16,21.4,24.17,66.64,8.6,54.2
59,36.01,34.48,57.25,25.55,22.2,11.4,82.73,21.59,15.56,34.83,70.26,21.59,51.79,61.68,20.25,67.42,53.46,71.59,47.93,28.43,27.73,77.49,14.56,73.25,60.03,14.76,52.4,54.63,65.31,57.27,21.4,75.8,60.13,55.47,75.72,26.93,28.6,69.12,57.8,30.07,25.3,52.81,73.93,84.96,57.7,31.83,73.25,70.24,14.87,68.07,58.73,46.53,15.62,72.95,12.0,69.63,61.07,80.16,48.76,0.0,63.91,60.13,25.18,50.33,55.71,20.4
60,33.24,29.55,52.01,64.38,57.0,58.05,36.01,82.76,78.29,38.33,81.61,82.76,15.81,88.64,84.15,54.56,73.82,65.8,16.28,60.83,91.55,99.98,64.5,92.11,20.0,55.23,30.23,45.12,6.08,46.86,55.44,23.02,74.43,16.64,44.78,90.76,37.34,20.12,12.21,58.55,82.1,81.93,15.52,35.13,8.54,38.01,37.7,11.18,70.86,73.25,29.0,58.18,50.99,18.03,75.29,87.98,25.02,30.02,77.16,63.91,0.0,67.68,63.07,13.6,85.44,43.86
61,68.88,57.8,16.16,82.49,38.01,49.01,55.04,60.42,72.57,37.59,14.14,60.42,69.35,25.08,70.84,20.22,13.04,14.87,57.28,83.19,77.62,32.7,46.69,24.6,80.62,67.6,37.44,94.02,63.63,21.54,74.15,58.94,8.0,51.04,38.12,73.41,47.01,85.8,55.47,30.07,84.85,23.26,64.26,59.08,59.41,41.15,42.11,63.98,50.96,8.06,39.81,14.32,48.37,60.41,62.1,20.62,84.96,57.56,21.4,60.13,67.68,0.0,35.69,60.11,25.3,58.24
62,46.87,39.0,36.4,49.65,6.71,15.23,70.24,26.91,36.88,25.08,45.1,26.91,56.32,37.59,35.78,46.62,28.28,48.47,47.38,51.48,43.05,53.23,11.05,48.38,67.07,35.78,40.5,70.84,62.07,38.18,42.94,67.05,35.01,49.37,58.9,39.41,27.2,75.0,53.15,7.07,49.25,28.65,68.07,73.35,55.0,25.08,58.52,65.49,15.65,43.42,46.62,23.26,18.38,65.73,26.57,44.64,69.86,69.46,24.17,25.18,63.07,35.69,0.0,50.49,31.91,31.14
63,21.95,16.12,45.61,52.5,44.18,44.55,41.76,69.23,64.85,26.57,74.25,69.23,9.85,78.89,70.58,50.54,64.35,61.06,3.16,49.41,78.0,91.4,51.16,83.87,20.62,42.2,24.19,40.11,15.62,41.05,43.14,30.41,66.07,13.04,45.28,77.16,24.02,26.08,11.4,46.57,69.2,71.55,25.5,42.15,8.6,25.5,39.01,21.21,57.43,66.6,25.96,48.83,37.48,26.08,61.68,79.65,25.24,36.77,66.64,50.33,13.6,60.11,50.49,0.0,75.13,30.41
64,77.1,67.62,39.05,81.02,37.8,47.01,79.23,47.01,63.64,48.88,22.8,47.01,83.01,6.08,59.01,45.35,13.04,39.36,72.01,83.19,64.2,21.84,41.23,19.1,94.34,67.6,56.52,101.86,82.57,44.0,74.79,81.3,17.89,69.26,62.97,59.3,55.44,101.12,73.68,31.11,76.94,3.61,85.33,83.15,76.9,51.04,66.19,84.17,42.2,28.02,60.67,27.66,50.0,81.88,52.61,16.76,97.91,81.0,8.6,55.71,85.44,25.3,31.91,75.13,0.0,62.48
65,16.76,14.32,50.01,26.93,24.76,18.38,66.61,41.01,34.44,23.09,70.94,41.01,31.4,67.8,40.52,59.14,55.95,66.19,28.3,26.08,47.76,82.93,26.0,77.03,40.05,13.04,38.08,39.7,45.79,48.17,17.26,57.98,60.93,37.48,62.97,47.3,13.34,49.0,39.05,31.62,39.6,59.03,55.0,68.25,38.28,19.1,59.03,51.04,30.81,66.22,43.83,43.97,12.81,54.56,32.25,72.95,41.59,63.13,54.2,20.4,43.86,58.24,31.14,30.41,62.48,0.0
