vehicles
vehicle_idx, capacity, cost_per_unit_distance
1,100,1
2,100,1
3,100,1
4,100,1
5,100,1
6,100,1
7,100,1
depot
node_idx,x,y
0,24,63
home delivery customers
node_idx,x,y,service_time,demand
1,42,50,15,2
2,3,40,15,17
3,83,86,15,24
4,1,19,15,20
5,98,1,15,3
6,75,10,15,18
7,96,9,15,2
8,52,49,15,3
9,82,90,15,18
10,50,79,15,18
11,82,73,15,2
12,64,62,15,9
13,34,78,15,10
14,83,6,15,8
15,18,8,15,16
16,88,51,15,2
17,85,23,15,26
18,68,67,15,2
19,71,34,15,15
20,56,73,15,25
21,37,37,15,22
22,88,69,15,3
self pickup customers
node_idx,x,y,service_time,demand,locker_idxs
23,47,30,15,2,58
24,54,77,15,26,54-57
25,36,30,15,7,53
26,55,29,15,13,55
27,39,23,15,23,53
28,62,91,15,6,54
29,14,16,15,22,53
30,95,21,15,6,55
31,3,77,15,30,56
32,53,86,15,23,54-57
33,58,89,15,22,57-54
34,12,44,15,1,53-58
35,36,17,15,4,53-58
36,93,30,15,21,55
37,78,20,15,19,55
flexible customers
node_idx,x,y,service_time,demand,locker_idxs
38,35,60,15,2,56-57
39,79,46,15,12,55
40,3,45,15,14,53
41,29,96,15,20,56-57
42,30,6,15,23,53-58
43,13,2,15,25,53-58
44,27,87,15,13,56-57
45,30,6,15,7,53-58
46,18,40,15,1,53-58
47,48,49,15,10,57
48,77,51,15,18,54-57
49,70,88,15,8,54-57
50,95,42,15,3,55
51,44,71,15,5,56-57
52,18,1,15,13,53-58
lockers
node_idx,x,y,service_time,capacity,cost_per_unit_good
53,8.275000000000002,8.125,30,398,100
54,82.48,88.875,30,398,100
55,82.48,8.125,30,398,100
56,8.275000000000002,88.875,30,398,100
57,49,78,15,99,100
58,20,6,15,99,100
mrt lines
start_node_idx,end_node_idx,freight_capacity,cost_per_unit_good
53,54,398,5
54,53,398,5
55,56,398,5
56,55,398,5
distance matrix
,0,1,2,3,4,5,6,7,8,9,10,11,12,13,14,15,16,17,18,19,20,21,22,23,24,25,26,27,28,29,30,31,32,33,34,35,36,37,38,39,40,41,42,43,44,45,46,47,48,49,50,51,52,53,54,55,56,57,58,
0,0.0,22.2,31.14,63.32,49.65,96.54,73.55,90.0,31.3,63.98,30.53,58.86,40.01,18.03,82.04,55.33,65.12,72.95,44.18,55.23,33.53,29.07,64.28,40.22,33.11,35.11,46.01,42.72,47.2,48.05,82.49,25.24,37.01,42.8,22.47,47.54,76.49,69.03,11.4,57.57,27.66,33.38,57.31,61.98,24.19,57.31,23.77,27.78,54.34,52.35,74.04,21.54,62.29,57.08,63.95,80.19,30.28,29.15,57.14
1,22.2,0.0,40.26,54.56,51.4,74.41,51.86,67.8,10.05,56.57,30.08,46.14,25.06,29.12,60.14,48.37,46.01,50.77,31.06,33.12,26.93,13.93,49.77,20.62,29.55,20.88,24.7,27.17,45.62,44.05,60.42,47.43,37.64,42.15,30.59,33.54,54.78,46.86,12.21,37.22,39.32,47.8,45.61,56.08,39.92,45.61,26.0,6.08,35.01,47.2,53.6,21.1,54.56,53.77,56.12,58.24,51.46,28.86,49.19
2,31.14,40.26,0.0,92.28,21.1,102.69,78.0,98.03,49.82,93.49,61.07,85.62,64.85,49.04,86.93,35.34,85.71,83.74,70.38,68.26,62.43,34.13,89.81,45.12,63.01,34.48,53.15,39.81,77.99,26.4,93.94,37.0,67.94,73.66,9.85,40.22,90.55,77.62,37.74,76.24,5.0,61.74,43.42,39.29,52.77,43.42,15.0,45.89,74.81,82.42,92.02,51.4,41.79,32.31,93.31,85.63,49.16,59.67,38.01
3,63.32,54.56,92.28,0.0,105.89,86.31,76.42,78.09,48.27,4.12,33.73,13.04,30.61,49.65,80.0,101.53,35.36,63.03,24.21,53.37,29.97,67.21,17.72,66.57,30.36,73.11,63.51,76.84,21.59,98.29,66.1,80.5,30.0,25.18,82.49,83.49,56.89,66.19,54.59,40.2,89.89,54.92,95.96,109.34,56.01,95.96,79.63,50.93,35.51,13.15,45.61,41.79,107.0,107.93,2.92,77.88,74.78,34.93,101.83
4,49.65,51.4,21.1,105.89,0.0,98.66,74.55,95.52,59.17,107.71,77.47,97.35,76.28,67.6,83.02,20.25,92.7,84.1,82.42,71.59,77.08,40.25,100.34,47.3,78.57,36.69,54.92,38.21,94.37,13.34,94.02,58.03,84.81,90.27,27.31,35.06,92.66,77.01,53.26,82.54,26.08,81.93,31.78,20.81,72.8,31.78,27.02,55.76,82.46,97.58,96.77,67.48,24.76,13.08,107.34,82.2,70.25,76.06,23.02
5,96.54,74.41,102.69,86.31,98.66,0.0,24.7,8.25,66.48,90.43,91.59,73.76,69.84,100.12,15.81,80.31,50.99,25.55,72.5,42.64,83.35,70.83,68.73,58.67,87.82,68.45,51.31,62.97,96.93,85.33,20.22,121.66,96.18,96.66,96.15,64.03,29.43,27.59,86.31,48.85,104.69,117.41,68.18,85.01,111.52,68.18,89.0,69.31,54.23,91.39,41.11,88.41,80.0,90.01,89.24,17.08,125.59,91.27,78.16
6,73.55,51.86,78.0,76.42,74.55,24.7,0.0,21.02,45.28,80.31,73.39,63.39,53.15,79.4,8.94,57.04,43.01,16.4,57.43,24.33,65.8,46.62,60.42,34.41,70.21,43.83,27.59,38.28,82.04,61.29,22.83,98.35,79.12,80.81,71.59,39.62,26.91,10.44,64.03,36.22,80.06,97.53,45.18,62.51,90.74,45.18,64.41,47.43,41.05,78.16,37.74,68.43,57.71,66.75,79.23,7.71,103.31,72.8,55.15
7,90.0,67.8,98.03,78.09,95.52,8.25,21.02,0.0,59.46,82.2,83.76,65.51,61.91,92.76,13.34,78.01,42.76,17.8,64.4,35.36,75.47,65.31,60.53,53.31,79.92,63.57,45.62,58.69,88.77,82.3,12.04,115.21,88.19,88.57,91.0,60.53,21.21,21.1,79.51,40.72,99.72,109.81,66.07,83.29,104.14,66.07,83.93,62.48,46.1,83.17,33.02,80.92,78.41,87.73,81.01,13.55,118.64,83.49,76.06
8,31.3,10.05,49.82,48.27,59.17,66.48,45.28,59.46,0.0,50.8,30.07,38.42,17.69,34.13,53.01,53.26,36.06,42.01,24.08,24.21,24.33,19.21,41.18,19.65,28.07,24.84,20.22,29.07,43.17,50.33,51.31,56.44,37.01,40.45,40.31,35.78,45.19,38.95,20.25,27.17,49.16,52.33,48.3,61.07,45.49,48.3,35.17,4.0,25.08,42.95,43.57,23.41,58.82,59.86,50.19,50.99,59.18,29.15,53.6
9,63.98,56.57,93.49,4.12,107.71,90.43,80.31,82.2,50.8,0.0,33.84,17.0,33.29,49.48,84.01,104.02,39.46,67.07,26.93,57.07,31.06,69.53,21.84,69.46,30.87,75.6,66.71,79.61,20.02,100.5,70.21,80.06,29.27,24.02,83.76,86.28,61.0,70.11,55.76,44.1,90.92,53.34,98.79,111.83,55.08,98.79,81.22,53.26,39.32,12.17,49.73,42.49,109.62,110.18,1.22,81.88,73.73,35.11,104.4
10,30.53,30.08,61.07,33.73,77.47,91.59,73.39,83.76,30.07,33.84,0.0,32.56,22.02,16.03,80.11,77.88,47.2,66.04,21.63,49.66,8.49,43.97,39.29,49.09,4.47,50.96,50.25,57.07,16.97,72.56,73.41,47.04,7.62,12.81,51.66,63.56,65.19,65.31,24.21,43.93,58.01,27.02,75.69,85.43,24.35,75.69,50.45,30.07,38.9,21.93,58.26,10.0,84.31,82.25,33.95,77.96,42.88,1.41,78.92
11,58.86,46.14,85.62,13.04,97.35,73.76,63.39,65.51,38.42,17.0,32.56,0.0,21.1,48.26,67.01,91.22,22.8,50.09,15.23,40.52,26.0,57.63,7.21,55.44,28.28,62.97,51.62,65.95,26.91,88.73,53.6,79.1,31.78,28.84,75.77,72.47,44.38,53.15,48.76,27.17,83.82,57.78,84.81,99.01,56.75,84.81,72.01,41.62,22.56,19.21,33.62,38.05,96.33,98.2,15.88,64.88,75.41,33.38,91.29
12,40.01,25.06,64.85,30.61,76.28,69.84,53.15,61.91,17.69,33.29,22.02,21.1,0.0,34.0,59.14,70.94,26.4,44.29,6.4,28.86,13.6,36.8,25.0,36.24,18.03,42.52,34.21,46.32,29.07,67.94,51.4,62.82,26.4,27.66,55.03,53.0,43.19,44.27,29.07,21.93,63.32,48.8,65.51,78.75,44.65,65.51,50.99,20.62,17.03,26.68,36.89,21.93,76.4,77.51,32.62,56.96,61.87,21.93,71.22
13,18.03,29.12,49.04,49.65,67.6,100.12,79.4,92.76,34.13,49.48,16.03,48.26,34.0,0.0,87.09,71.81,60.37,75.01,35.74,57.49,22.56,41.11,54.74,49.73,20.02,48.04,53.31,55.23,30.87,65.15,83.49,31.02,20.62,26.4,40.5,61.03,76.06,72.8,18.03,55.22,45.28,18.68,72.11,78.85,11.4,72.11,41.23,32.2,50.77,37.36,70.83,12.21,78.64,74.46,49.68,85.05,27.93,15.0,73.35
14,82.04,60.14,86.93,80.0,83.02,15.81,8.94,13.34,53.01,84.01,80.11,67.01,59.14,87.09,0.0,65.03,45.28,17.12,62.82,30.46,72.24,55.47,63.2,43.27,76.69,52.77,36.24,47.17,87.56,69.72,19.21,106.96,85.44,86.68,80.53,48.27,26.0,14.87,72.25,40.2,89.0,104.96,53.0,70.11,98.47,53.0,73.36,55.44,45.4,83.02,37.95,75.8,65.19,74.76,82.88,2.19,111.59,79.62,63.0
15,55.33,48.37,35.34,101.53,20.25,80.31,57.04,78.01,53.26,104.02,77.88,91.22,70.94,71.81,65.03,0.0,82.15,68.66,77.34,59.03,75.29,34.67,92.85,36.4,77.83,28.43,42.54,25.81,93.94,8.94,78.09,70.61,85.49,90.34,36.5,20.12,78.16,61.19,54.71,71.87,39.92,88.68,12.17,7.81,79.51,12.17,32.0,50.8,73.01,95.41,84.17,68.15,7.0,9.73,103.43,64.48,81.46,76.56,2.83
16,65.12,46.01,85.71,35.36,92.7,50.99,43.01,42.76,36.06,39.46,47.2,22.8,26.4,60.37,45.28,82.15,0.0,28.16,25.61,24.04,38.83,52.89,18.0,46.07,42.8,56.08,39.66,56.44,47.71,81.86,30.81,88.89,49.5,48.41,76.32,62.13,21.59,32.57,53.76,10.3,85.21,74.2,73.41,89.59,70.83,73.41,70.86,40.05,11.0,41.15,11.4,48.33,86.02,90.52,38.28,43.23,88.26,47.43,81.54
17,72.95,50.77,83.74,63.03,84.1,25.55,16.4,17.8,42.01,67.07,66.04,50.09,44.29,75.01,17.12,68.66,28.16,0.0,47.17,17.8,57.8,50.0,46.1,38.64,62.27,49.5,30.59,46.0,71.78,71.34,10.2,98.18,70.66,71.31,75.96,49.37,10.63,7.62,62.2,23.77,84.9,92.01,57.57,75.0,86.37,57.57,69.12,45.22,29.12,66.71,21.47,63.13,70.52,78.15,65.92,15.09,101.12,65.73,67.19
18,44.18,31.06,70.38,24.21,82.42,72.5,57.43,64.4,24.08,26.93,21.63,15.23,6.4,35.74,62.82,77.34,25.61,47.17,0.0,33.14,13.42,43.14,20.1,42.54,17.2,48.92,40.16,52.7,24.74,74.28,53.34,65.76,24.21,24.17,60.54,59.36,44.65,48.05,33.73,23.71,68.62,48.6,71.87,85.15,45.62,71.87,56.82,26.91,18.36,21.1,36.8,24.33,82.8,83.87,26.23,60.63,63.6,21.95,77.62
19,55.23,33.12,68.26,53.37,71.59,42.64,24.33,35.36,24.21,57.07,49.66,40.52,28.86,57.49,30.46,59.03,24.04,17.8,33.14,0.0,41.79,34.13,38.91,24.33,46.24,35.23,16.76,33.84,57.71,59.77,27.29,80.45,55.03,56.52,59.84,38.91,22.36,15.65,44.41,14.42,68.88,74.89,49.65,66.24,68.88,49.65,53.34,27.46,18.03,54.01,25.3,45.8,62.43,67.85,56.06,28.31,83.34,49.19,58.18
20,33.53,26.93,62.43,29.97,77.08,83.35,65.8,75.47,24.33,31.06,8.49,26.0,13.6,22.56,72.24,75.29,38.83,57.8,13.42,41.79,0.0,40.71,32.25,43.93,4.47,47.42,44.01,52.81,18.97,70.8,65.0,53.15,13.34,16.12,52.7,59.46,56.73,57.38,24.7,35.47,59.94,35.47,71.87,83.01,32.2,71.87,50.33,25.3,30.41,20.52,49.82,12.17,81.41,80.54,30.87,70.07,50.3,8.6,76.06
21,29.07,13.93,34.13,67.21,40.25,70.83,46.62,65.31,19.21,69.53,43.97,57.63,36.8,41.11,55.47,34.67,52.89,50.0,43.14,34.13,40.71,0.0,60.21,12.21,43.46,7.07,19.7,14.14,59.51,31.14,60.17,52.5,51.55,56.08,25.96,20.02,56.44,44.38,23.09,42.95,34.93,59.54,31.78,42.44,50.99,31.78,19.24,16.28,42.38,60.75,58.22,34.71,40.71,40.73,68.99,53.87,59.3,42.72,35.36
22,64.28,49.77,89.81,17.72,100.34,68.73,60.42,60.53,41.18,21.84,39.29,7.21,25.0,54.74,63.2,92.85,18.0,46.1,20.1,38.91,32.25,60.21,0.0,56.59,34.93,65.0,51.86,67.21,34.06,91.02,48.51,85.38,38.91,36.06,80.01,73.54,39.32,50.01,53.76,24.7,88.32,64.88,85.63,100.57,63.6,85.63,75.77,44.72,21.1,26.17,27.89,44.05,97.59,100.31,20.63,61.12,82.17,40.02,92.7
23,40.22,20.62,45.12,66.57,47.3,58.67,34.41,53.31,19.65,69.46,49.09,55.44,36.24,49.73,43.27,36.4,46.07,38.64,42.54,24.33,43.93,12.21,56.59,0.0,47.52,11.0,8.06,10.63,62.82,35.85,48.84,64.38,56.32,60.02,37.7,17.03,46.0,32.57,32.31,35.78,46.49,68.41,29.41,44.05,60.41,29.41,30.68,19.03,36.62,62.39,49.48,41.11,41.01,44.48,68.74,41.68,70.47,48.04,36.12
24,33.11,29.55,63.01,30.36,78.57,87.82,70.21,79.92,28.07,30.87,4.47,28.28,18.03,20.02,76.69,77.83,42.8,62.27,17.2,46.24,4.47,43.46,34.93,47.52,0.0,50.33,48.01,56.04,16.12,72.95,69.4,51.0,9.06,12.65,53.41,62.64,61.07,61.85,25.5,39.82,60.21,31.4,74.95,85.48,28.79,74.95,51.62,28.64,34.71,19.42,53.91,11.66,84.1,82.67,30.86,74.53,47.24,5.1,78.72
25,35.11,20.88,34.48,73.11,36.69,68.45,43.83,63.57,24.84,75.6,50.96,62.97,42.52,48.04,52.77,28.43,56.08,49.5,48.92,35.23,47.42,7.07,65.0,11.0,50.33,0.0,19.03,7.62,66.31,26.08,59.68,57.43,58.52,62.97,27.78,13.0,57.0,43.17,30.02,45.88,36.25,66.37,24.74,36.24,57.71,24.74,20.59,22.47,46.07,67.23,60.21,41.77,34.13,35.32,75.01,51.37,65.08,49.73,28.84
26,46.01,24.7,53.15,63.51,54.92,51.31,27.59,45.62,20.22,66.71,50.25,51.62,34.21,53.31,36.24,42.54,39.66,30.59,40.16,16.76,44.01,19.7,51.86,8.06,48.01,19.03,0.0,17.09,62.39,43.01,40.79,70.77,57.04,60.07,45.54,22.47,38.01,24.7,36.89,29.41,54.41,71.87,33.97,49.93,64.4,33.97,38.6,21.19,31.11,60.88,42.06,43.42,46.4,51.18,65.88,34.51,75.95,49.37,41.88
27,42.72,27.17,39.81,76.84,38.21,62.97,38.28,58.69,29.07,79.61,57.07,65.95,46.32,55.23,47.17,25.81,56.44,46.0,52.7,33.84,52.81,14.14,67.21,10.63,56.04,7.62,17.09,0.0,71.78,25.96,56.04,64.9,64.54,68.68,34.21,6.71,54.45,39.12,37.22,46.14,42.19,73.68,19.24,33.42,65.12,19.24,27.02,27.51,47.2,72.01,59.14,48.26,30.41,34.14,78.93,45.95,72.69,55.9,25.5
28,47.2,45.62,77.99,21.59,94.37,96.93,82.04,88.77,43.17,20.02,16.97,26.91,29.07,30.87,87.56,93.94,47.71,71.78,24.74,57.71,18.97,59.51,34.06,62.82,16.12,66.31,62.39,71.78,0.0,89.04,77.39,60.64,10.3,4.47,68.62,78.43,68.43,72.78,41.11,48.1,74.81,33.38,90.82,101.6,35.23,90.82,67.36,44.27,42.72,8.54,59.08,26.91,100.18,98.77,20.59,85.37,53.77,18.38,94.81
29,48.05,44.05,26.4,98.29,13.34,85.33,61.29,82.3,50.33,100.5,72.56,88.73,67.94,65.15,69.72,8.94,81.86,71.34,74.28,59.77,70.8,31.14,91.02,35.85,72.95,26.08,43.01,25.96,89.04,0.0,81.15,61.98,80.13,85.23,28.07,22.02,80.23,64.12,48.75,71.59,31.02,81.39,18.87,14.04,72.18,18.87,24.33,47.38,72.07,91.21,85.07,62.65,15.52,9.74,100.0,68.93,73.1,71.2,11.66
30,82.49,60.42,93.94,66.1,94.02,20.22,22.83,12.04,51.31,70.21,73.41,53.6,51.4,83.49,19.21,78.09,30.81,10.2,53.34,27.29,65.0,60.17,48.51,48.84,69.4,59.68,40.79,56.04,77.39,81.15,0.0,107.7,77.39,77.41,86.13,59.14,9.22,17.03,71.56,29.68,95.08,99.9,66.71,84.17,94.76,66.71,79.31,54.71,34.99,71.51,21.0,71.42,79.56,87.68,69.02,17.96,110.13,73.25,76.49
31,25.24,47.43,37.0,80.5,58.03,121.66,98.35,115.21,56.44,80.06,47.04,79.1,62.82,31.02,106.96,70.61,88.89,98.18,65.76,80.45,53.15,52.5,85.38,64.38,51.0,57.43,70.77,64.9,60.64,61.98,107.7,0.0,50.8,56.29,34.21,68.48,101.53,94.2,36.24,82.08,32.0,32.2,75.96,75.66,26.0,75.96,39.92,53.0,78.43,67.9,98.43,41.44,77.47,69.08,80.36,105.17,12.99,46.01,73.01
32,37.01,37.64,67.94,30.0,84.81,96.18,79.12,88.19,37.01,29.27,7.62,31.78,26.4,20.62,85.44,85.49,49.5,70.66,24.21,55.03,13.34,51.55,38.91,56.32,9.06,58.52,57.04,64.54,10.3,80.13,77.39,50.8,0.0,5.83,58.69,71.06,68.82,70.58,31.62,47.71,64.66,26.0,83.24,93.04,26.02,83.24,57.8,37.34,42.44,17.12,60.83,17.49,91.92,89.8,29.62,83.27,44.82,8.94,86.54
33,42.8,42.15,73.66,25.18,90.27,96.66,80.81,88.57,40.45,24.02,12.81,28.84,27.66,26.4,86.68,90.34,48.41,71.31,24.17,56.52,16.12,56.08,36.06,60.02,12.65,62.97,60.07,68.68,4.47,85.23,77.41,56.29,5.83,0.0,64.35,75.29,68.6,71.84,37.01,47.85,70.43,29.83,87.6,97.95,31.06,87.6,63.25,41.23,42.49,12.04,59.82,22.8,96.66,94.94,24.48,84.5,49.73,14.21,91.29
34,22.47,30.59,9.85,82.49,27.31,96.15,71.59,91.0,40.31,83.76,51.66,75.77,55.03,40.5,80.53,36.5,76.32,75.96,60.54,59.84,52.7,25.96,80.01,37.7,53.41,27.78,45.54,34.21,68.62,28.07,86.13,34.21,58.69,64.35,0.0,36.12,82.2,70.23,28.02,67.03,9.06,54.71,42.05,42.01,45.54,42.05,7.21,36.35,65.38,72.8,83.02,41.87,43.42,36.07,83.55,79.09,45.03,50.25,38.83
35,47.54,33.54,40.22,83.49,35.06,64.03,39.62,60.53,35.78,86.28,63.56,72.47,53.0,61.03,48.27,20.12,62.13,49.37,59.36,38.91,59.46,20.02,73.54,17.03,62.64,13.0,22.47,6.71,78.43,22.02,59.14,68.48,71.06,75.29,36.12,0.0,58.46,42.11,43.01,51.87,43.28,79.31,12.53,27.46,70.58,12.53,29.21,34.18,53.26,78.72,64.08,54.59,24.08,29.11,85.59,47.32,77.04,62.37,19.42
36,76.49,54.78,90.55,56.89,92.66,29.43,26.91,21.21,45.19,61.0,65.19,44.38,43.19,76.06,26.0,78.16,21.59,10.63,44.65,22.36,56.73,56.44,39.32,46.0,61.07,57.0,38.01,54.45,68.43,80.23,9.22,101.53,68.82,68.6,82.2,58.46,0.0,18.03,65.3,21.26,91.24,91.93,67.42,84.76,87.21,67.42,75.66,48.85,26.4,62.39,12.17,63.89,80.41,87.5,59.81,24.27,103.17,65.12,76.84
37,69.03,46.86,77.62,66.19,77.01,27.59,10.44,21.1,38.95,70.11,65.31,53.15,44.27,72.8,14.87,61.19,32.57,7.62,48.05,15.65,57.38,44.38,50.01,32.57,61.85,43.17,24.7,39.12,72.78,64.12,17.03,94.2,70.58,71.84,70.23,42.11,18.03,0.0,58.73,26.02,79.06,90.43,50.0,67.45,84.2,50.0,63.25,41.73,31.02,68.47,27.8,61.29,62.94,70.73,69.02,12.69,98.01,64.85,59.67
38,11.4,12.21,37.74,54.59,53.26,86.31,64.03,79.51,20.25,55.76,24.21,48.76,29.07,18.03,72.25,54.71,53.76,62.2,33.73,44.41,24.7,23.09,53.76,32.31,25.5,30.02,36.89,37.22,41.11,48.75,71.56,36.24,31.62,37.01,28.02,43.01,65.3,58.73,0.0,46.17,35.34,36.5,54.23,62.03,28.16,54.23,26.25,17.03,42.95,44.82,62.64,14.21,61.4,58.35,55.57,70.32,39.34,22.8,56.04
39,57.57,37.22,76.24,40.2,82.54,48.85,36.22,40.72,27.17,44.1,43.93,27.17,21.93,55.22,40.2,71.87,10.3,23.77,23.71,14.42,35.47,42.95,24.7,35.78,39.82,45.88,29.41,46.14,48.1,71.59,29.68,82.08,47.71,47.85,67.03,51.87,21.26,26.02,46.17,0.0,76.01,70.71,63.25,79.32,66.22,63.25,61.29,31.14,5.39,42.95,16.49,43.01,75.8,80.23,43.02,38.03,82.71,43.86,71.28
40,27.66,39.32,5.0,89.89,26.08,104.69,80.06,99.72,49.16,90.92,58.01,83.82,63.32,45.28,89.0,39.92,85.21,84.9,68.62,68.88,59.94,34.93,88.32,46.49,60.21,36.25,54.41,42.19,74.81,31.02,95.08,32.0,64.66,70.43,9.06,43.28,91.24,79.06,35.34,76.01,0.0,57.25,47.43,44.15,48.37,47.43,15.81,45.18,74.24,79.61,92.05,48.55,46.49,37.25,90.79,87.62,44.19,56.61,42.54
41,33.38,47.8,61.74,54.92,81.93,117.41,97.53,109.81,52.33,53.34,27.02,57.78,48.8,18.68,104.96,88.68,74.2,92.01,48.6,74.89,35.47,59.54,64.88,68.41,31.4,66.37,71.87,73.68,33.38,81.39,99.9,32.2,26.0,29.83,54.71,79.31,91.93,90.43,36.5,70.71,57.25,0.0,90.01,95.35,9.22,90.01,57.07,50.7,65.8,41.77,85.28,29.15,95.63,90.29,53.95,102.87,21.92,26.91,90.45
42,57.31,45.61,43.42,95.96,31.78,68.18,45.18,66.07,48.3,98.79,75.69,84.81,65.51,72.11,53.0,12.17,73.41,57.57,71.87,49.65,71.87,31.78,85.63,29.41,74.95,24.74,33.97,19.24,90.82,18.87,66.71,75.96,83.24,87.6,42.05,12.53,67.42,50.0,54.23,63.25,47.43,90.01,0.0,17.46,81.06,0.0,36.06,46.62,65.07,91.24,74.3,66.49,13.0,21.83,98.09,52.52,85.68,74.46,10.0
43,61.98,56.08,39.29,109.34,20.81,85.01,62.51,83.29,61.07,111.83,85.43,99.01,78.75,78.85,70.11,7.81,89.59,75.0,85.15,66.24,83.01,42.44,100.57,44.05,85.48,36.24,49.93,33.42,101.6,14.04,84.17,75.66,93.04,97.95,42.01,27.46,84.76,67.45,62.03,79.32,44.15,95.35,17.46,0.0,86.15,17.46,38.33,58.6,80.6,103.17,91.24,75.64,5.1,7.74,111.24,69.75,87.0,84.1,8.06
44,24.19,39.92,52.77,56.01,72.8,111.52,90.74,104.14,45.49,55.08,24.35,56.75,44.65,11.4,98.47,79.51,70.83,86.37,45.62,68.88,32.2,50.99,63.6,60.41,28.79,57.71,64.4,65.12,35.23,72.18,94.76,26.0,26.02,31.06,45.54,70.58,87.21,84.2,28.16,66.22,48.37,9.22,81.06,86.15,0.0,81.06,47.85,43.42,61.61,43.01,81.54,23.35,86.47,81.07,55.51,96.43,18.82,23.77,81.3
45,57.31,45.61,43.42,95.96,31.78,68.18,45.18,66.07,48.3,98.79,75.69,84.81,65.51,72.11,53.0,12.17,73.41,57.57,71.87,49.65,71.87,31.78,85.63,29.41,74.95,24.74,33.97,19.24,90.82,18.87,66.71,75.96,83.24,87.6,42.05,12.53,67.42,50.0,54.23,63.25,47.43,90.01,0.0,17.46,81.06,0.0,36.06,46.62,65.07,91.24,74.3,66.49,13.0,21.83,98.09,52.52,85.68,74.46,10.0
46,23.77,26.0,15.0,79.63,27.02,89.0,64.41,83.93,35.17,81.22,50.45,72.01,50.99,41.23,73.36,32.0,70.86,69.12,56.82,53.34,50.33,19.24,75.77,30.68,51.62,20.59,38.6,27.02,67.36,24.33,79.31,39.92,57.8,63.25,7.21,29.21,75.66,63.25,26.25,61.29,15.81,57.07,36.06,38.33,47.85,36.06,0.0,31.32,60.02,70.77,77.03,40.46,39.0,33.33,80.91,71.93,49.83,49.04,34.06
47,27.78,6.08,45.89,50.93,55.76,69.31,47.43,62.48,4.0,53.26,30.07,41.62,20.62,32.2,55.44,50.8,40.05,45.22,26.91,27.46,25.3,16.28,44.72,19.03,28.64,22.47,21.19,27.51,44.27,47.38,54.71,53.0,37.34,41.23,36.35,34.18,48.85,41.73,17.03,31.14,45.18,50.7,46.62,58.6,43.42,46.62,31.32,0.0,29.07,44.78,47.52,22.36,56.6,57.0,52.72,53.48,56.29,29.02,51.31
48,54.34,35.01,74.81,35.51,82.46,54.23,41.05,46.1,25.08,39.32,38.9,22.56,17.03,50.77,45.4,73.01,11.0,29.12,18.36,18.03,30.41,42.38,21.1,36.62,34.71,46.07,31.11,47.2,42.72,72.07,34.99,78.43,42.44,42.49,65.38,53.26,26.4,31.02,42.95,5.39,74.24,65.8,65.07,80.6,61.61,65.07,60.02,29.07,0.0,37.66,20.12,38.59,77.34,81.0,38.27,43.22,78.47,38.9,72.62
49,52.35,47.2,82.42,13.15,97.58,91.39,78.16,83.17,42.95,12.17,21.93,19.21,26.68,37.36,83.02,95.41,41.15,66.71,21.1,54.01,20.52,60.75,26.17,62.39,19.42,67.23,60.88,72.01,8.54,91.21,71.51,67.9,17.12,12.04,72.8,78.72,62.39,68.47,44.82,42.95,79.61,41.77,91.24,103.17,43.01,91.24,70.77,44.78,37.66,0.0,52.35,31.06,101.36,100.95,12.51,80.84,61.73,23.26,96.04
50,74.04,53.6,92.02,45.61,96.77,41.11,37.74,33.02,43.57,49.73,58.26,33.62,36.89,70.83,37.95,84.17,11.4,21.47,36.8,25.3,49.82,58.22,27.89,49.48,53.91,60.21,42.06,59.14,59.08,85.07,21.0,98.43,60.83,59.82,83.02,64.08,12.17,27.8,62.64,16.49,92.05,85.28,74.3,91.24,81.54,74.3,77.03,47.52,20.12,52.35,0.0,58.67,87.24,93.11,48.52,36.11,98.58,58.41,83.19
51,21.54,21.1,51.4,41.79,67.48,88.41,68.43,80.92,23.41,42.49,10.0,38.05,21.93,12.21,75.8,68.15,48.33,63.13,24.33,45.8,12.17,34.71,44.05,41.11,11.66,41.77,43.42,48.26,26.91,62.65,71.42,41.44,17.49,22.8,41.87,54.59,63.89,61.29,14.21,43.01,48.55,29.15,66.49,75.64,23.35,66.49,40.46,22.36,38.59,31.06,58.67,0.0,74.67,72.32,42.43,73.72,39.95,8.6,69.29
52,62.29,54.56,41.79,107.0,24.76,80.0,57.71,78.41,58.82,109.62,84.31,96.33,76.4,78.64,65.19,7.0,86.02,70.52,82.8,62.43,81.41,40.71,97.59,41.01,84.1,34.13,46.4,30.41,100.18,15.52,79.56,77.47,91.92,96.66,43.42,24.08,80.41,62.94,61.4,75.8,46.49,95.63,13.0,5.1,86.47,13.0,39.0,56.6,77.34,101.36,87.24,74.67,0.0,12.06,108.99,64.87,88.41,83.01,5.39
53,57.08,53.77,32.31,107.93,13.08,90.01,66.75,87.73,59.86,110.18,82.25,98.2,77.51,74.46,74.76,9.73,90.52,78.15,83.87,67.85,80.54,40.73,100.31,44.48,82.67,35.32,51.18,34.14,98.77,9.74,87.68,69.08,89.8,94.94,36.07,29.11,87.5,70.73,58.35,80.23,37.25,90.29,21.83,7.74,81.07,21.83,33.33,57.0,81.0,100.95,93.11,72.32,12.06,0.0,109.67,74.2,80.75,80.88,11.92
54,63.95,56.12,93.31,2.92,107.34,89.24,79.23,81.01,50.19,1.22,33.95,15.88,32.62,49.68,82.88,103.43,38.28,65.92,26.23,56.06,30.87,68.99,20.63,68.74,30.86,75.01,65.88,78.93,20.59,100.0,69.02,80.36,29.62,24.48,83.55,85.59,59.81,69.02,55.57,43.02,90.79,53.95,98.09,111.24,55.51,98.09,80.91,52.72,38.27,12.51,48.52,42.43,108.99,109.67,0.0,80.75,74.2,35.2,103.79
55,80.19,58.24,85.63,77.88,82.2,17.08,7.71,13.55,50.99,81.88,77.96,64.88,56.96,85.05,2.19,64.48,43.23,15.09,60.63,28.31,70.07,53.87,61.12,41.68,74.53,51.37,34.51,45.95,85.37,68.93,17.96,105.17,83.27,84.5,79.09,47.32,24.27,12.69,70.32,38.03,87.62,102.87,52.52,69.75,96.43,52.52,71.93,53.48,43.22,80.84,36.11,73.72,64.87,74.2,80.75,0.0,109.67,77.48,62.52
56,30.28,51.46,49.16,74.78,70.25,125.59,103.31,118.64,59.18,73.73,42.88,75.41,61.87,27.93,111.59,81.46,88.26,101.12,63.6,83.34,50.3,59.3,82.17,70.47,47.24,65.08,75.95,72.69,53.77,73.1,110.13,12.99,44.82,49.73,45.03,77.04,103.17,98.01,39.34,82.71,44.19,21.92,85.68,87.0,18.82,85.68,49.83,56.29,78.47,61.73,98.58,39.95,88.41,80.75,74.2,109.67,0.0,42.15,83.7
57,29.15,28.86,59.67,34.93,76.06,91.27,72.8,83.49,29.15,35.11,1.41,33.38,21.93,15.0,79.62,76.56,47.43,65.73,21.95,49.19,8.6,42.72,40.02,48.04,5.1,49.73,49.37,55.9,18.38,71.2,73.25,46.01,8.94,14.21,50.25,62.37,65.12,64.85,22.8,43.86,56.61,26.91,74.46,84.1,23.77,74.46,49.04,29.02,38.9,23.26,58.41,8.6,83.01,80.88,35.2,77.48,42.15,0.0,77.62
58,57.14,49.19,38.01,101.83,23.02,78.16,55.15,76.06,53.6,104.4,78.92,91.29,71.22,73.35,63.0,2.83,81.54,67.19,77.62,58.18,76.06,35.36,92.7,36.12,78.72,28.84,41.88,25.5,94.81,11.66,76.49,73.01,86.54,91.29,38.83,19.42,76.84,59.67,56.04,71.28,42.54,90.45,10.0,8.06,81.3,10.0,34.06,51.31,72.62,96.04,83.19,69.29,5.39,11.92,103.79,62.52,83.7,77.62,0.0
