set K:= 1	2	3	4	5	6	7;
set C_H:= 1	2	3	4	5	6	7	8	9	10	11	12	13	14	15	16	17	18;
set C_S:= 19	20	21	22	23	24	25	26	27	28	29	30	31	32	33	34	35;
set C_F:= 36	37	38	39	40	41	42	43	44	45	46	47	48	49	50	51	52;
set M:= 0	1	2	3;
set L_B:= 4	5	59	60	61	62	63	64	65;
set A1:=
(0,*) 1 2 3 4 5 6 7 8 9 10 11 12 13 14 15 16 17 18 36 37 38 39 40 41 42 43 44 45 46 47 48 49 50 51 52 1 2 3 4 5 59 60 61 62 63 64 65
(1,*) 0 2 3 4 5 6 7 8 9 10 11 12 13 14 15 16 17 18 36 37 38 39 40 41 42 43 44 45 46 47 48 49 50 51 52 0 2 3 4 5 59 60 61 62 63 64 65
(2,*) 0 1 3 4 5 6 7 8 9 10 11 12 13 14 15 16 17 18 36 37 38 39 40 41 42 43 44 45 46 47 48 49 50 51 52 0 1 3 4 5 59 60 61 62 63 64 65
(3,*) 0 1 2 4 5 6 7 8 9 10 11 12 13 14 15 16 17 18 36 37 38 39 40 41 42 43 44 45 46 47 48 49 50 51 52 0 1 2 4 5 59 60 61 62 63 64 65
(4,*) 0 1 2 3 5 6 7 8 9 10 11 12 13 14 15 16 17 18 36 37 38 39 40 41 42 43 44 45 46 47 48 49 50 51 52 0 1 2 3 5 59 60 61 62 63 64 65
(5,*) 0 1 2 3 4 6 7 8 9 10 11 12 13 14 15 16 17 18 36 37 38 39 40 41 42 43 44 45 46 47 48 49 50 51 52 0 1 2 3 4 59 60 61 62 63 64 65
(6,*) 0 1 2 3 4 5 7 8 9 10 11 12 13 14 15 16 17 18 36 37 38 39 40 41 42 43 44 45 46 47 48 49 50 51 52 0 1 2 3 4 5 59 60 61 62 63 64 65
(7,*) 0 1 2 3 4 5 6 8 9 10 11 12 13 14 15 16 17 18 36 37 38 39 40 41 42 43 44 45 46 47 48 49 50 51 52 0 1 2 3 4 5 59 60 61 62 63 64 65
(8,*) 0 1 2 3 4 5 6 7 9 10 11 12 13 14 15 16 17 18 36 37 38 39 40 41 42 43 44 45 46 47 48 49 50 51 52 0 1 2 3 4 5 59 60 61 62 63 64 65
(9,*) 0 1 2 3 4 5 6 7 8 10 11 12 13 14 15 16 17 18 36 37 38 39 40 41 42 43 44 45 46 47 48 49 50 51 52 0 1 2 3 4 5 59 60 61 62 63 64 65
(10,*) 0 1 2 3 4 5 6 7 8 9 11 12 13 14 15 16 17 18 36 37 38 39 40 41 42 43 44 45 46 47 48 49 50 51 52 0 1 2 3 4 5 59 60 61 62 63 64 65
(11,*) 0 1 2 3 4 5 6 7 8 9 10 12 13 14 15 16 17 18 36 37 38 39 40 41 42 43 44 45 46 47 48 49 50 51 52 0 1 2 3 4 5 59 60 61 62 63 64 65
(12,*) 0 1 2 3 4 5 6 7 8 9 10 11 13 14 15 16 17 18 36 37 38 39 40 41 42 43 44 45 46 47 48 49 50 51 52 0 1 2 3 4 5 59 60 61 62 63 64 65
(13,*) 0 1 2 3 4 5 6 7 8 9 10 11 12 14 15 16 17 18 36 37 38 39 40 41 42 43 44 45 46 47 48 49 50 51 52 0 1 2 3 4 5 59 60 61 62 63 64 65
(14,*) 0 1 2 3 4 5 6 7 8 9 10 11 12 13 15 16 17 18 36 37 38 39 40 41 42 43 44 45 46 47 48 49 50 51 52 0 1 2 3 4 5 59 60 61 62 63 64 65
(15,*) 0 1 2 3 4 5 6 7 8 9 10 11 12 13 14 16 17 18 36 37 38 39 40 41 42 43 44 45 46 47 48 49 50 51 52 0 1 2 3 4 5 59 60 61 62 63 64 65
(16,*) 0 1 2 3 4 5 6 7 8 9 10 11 12 13 14 15 17 18 36 37 38 39 40 41 42 43 44 45 46 47 48 49 50 51 52 0 1 2 3 4 5 59 60 61 62 63 64 65
(17,*) 0 1 2 3 4 5 6 7 8 9 10 11 12 13 14 15 16 18 36 37 38 39 40 41 42 43 44 45 46 47 48 49 50 51 52 0 1 2 3 4 5 59 60 61 62 63 64 65
(18,*) 0 1 2 3 4 5 6 7 8 9 10 11 12 13 14 15 16 17 36 37 38 39 40 41 42 43 44 45 46 47 48 49 50 51 52 0 1 2 3 4 5 59 60 61 62 63 64 65
(36,*) 0 1 2 3 4 5 6 7 8 9 10 11 12 13 14 15 16 17 18 37 38 39 40 41 42 43 44 45 46 47 48 49 50 51 52 0 1 2 3 4 5 59 60 61 62 63 64 65
(37,*) 0 1 2 3 4 5 6 7 8 9 10 11 12 13 14 15 16 17 18 36 38 39 40 41 42 43 44 45 46 47 48 49 50 51 52 0 1 2 3 4 5 59 60 61 62 63 64 65
(38,*) 0 1 2 3 4 5 6 7 8 9 10 11 12 13 14 15 16 17 18 36 37 39 40 41 42 43 44 45 46 47 48 49 50 51 52 0 1 2 3 4 5 59 60 61 62 63 64 65
(39,*) 0 1 2 3 4 5 6 7 8 9 10 11 12 13 14 15 16 17 18 36 37 38 40 41 42 43 44 45 46 47 48 49 50 51 52 0 1 2 3 4 5 59 60 61 62 63 64 65
(40,*) 0 1 2 3 4 5 6 7 8 9 10 11 12 13 14 15 16 17 18 36 37 38 39 41 42 43 44 45 46 47 48 49 50 51 52 0 1 2 3 4 5 59 60 61 62 63 64 65
(41,*) 0 1 2 3 4 5 6 7 8 9 10 11 12 13 14 15 16 17 18 36 37 38 39 40 42 43 44 45 46 47 48 49 50 51 52 0 1 2 3 4 5 59 60 61 62 63 64 65
(42,*) 0 1 2 3 4 5 6 7 8 9 10 11 12 13 14 15 16 17 18 36 37 38 39 40 41 43 44 45 46 47 48 49 50 51 52 0 1 2 3 4 5 59 60 61 62 63 64 65
(43,*) 0 1 2 3 4 5 6 7 8 9 10 11 12 13 14 15 16 17 18 36 37 38 39 40 41 42 44 45 46 47 48 49 50 51 52 0 1 2 3 4 5 59 60 61 62 63 64 65
(44,*) 0 1 2 3 4 5 6 7 8 9 10 11 12 13 14 15 16 17 18 36 37 38 39 40 41 42 43 45 46 47 48 49 50 51 52 0 1 2 3 4 5 59 60 61 62 63 64 65
(45,*) 0 1 2 3 4 5 6 7 8 9 10 11 12 13 14 15 16 17 18 36 37 38 39 40 41 42 43 44 46 47 48 49 50 51 52 0 1 2 3 4 5 59 60 61 62 63 64 65
(46,*) 0 1 2 3 4 5 6 7 8 9 10 11 12 13 14 15 16 17 18 36 37 38 39 40 41 42 43 44 45 47 48 49 50 51 52 0 1 2 3 4 5 59 60 61 62 63 64 65
(47,*) 0 1 2 3 4 5 6 7 8 9 10 11 12 13 14 15 16 17 18 36 37 38 39 40 41 42 43 44 45 46 48 49 50 51 52 0 1 2 3 4 5 59 60 61 62 63 64 65
(48,*) 0 1 2 3 4 5 6 7 8 9 10 11 12 13 14 15 16 17 18 36 37 38 39 40 41 42 43 44 45 46 47 49 50 51 52 0 1 2 3 4 5 59 60 61 62 63 64 65
(49,*) 0 1 2 3 4 5 6 7 8 9 10 11 12 13 14 15 16 17 18 36 37 38 39 40 41 42 43 44 45 46 47 48 50 51 52 0 1 2 3 4 5 59 60 61 62 63 64 65
(50,*) 0 1 2 3 4 5 6 7 8 9 10 11 12 13 14 15 16 17 18 36 37 38 39 40 41 42 43 44 45 46 47 48 49 51 52 0 1 2 3 4 5 59 60 61 62 63 64 65
(51,*) 0 1 2 3 4 5 6 7 8 9 10 11 12 13 14 15 16 17 18 36 37 38 39 40 41 42 43 44 45 46 47 48 49 50 52 0 1 2 3 4 5 59 60 61 62 63 64 65
(52,*) 0 1 2 3 4 5 6 7 8 9 10 11 12 13 14 15 16 17 18 36 37 38 39 40 41 42 43 44 45 46 47 48 49 50 51 0 1 2 3 4 5 59 60 61 62 63 64 65
(0,*) 1 2 3 4 5 6 7 8 9 10 11 12 13 14 15 16 17 18 36 37 38 39 40 41 42 43 44 45 46 47 48 49 50 51 52 1 2 3 4 5 59 60 61 62 63 64 65
(1,*) 0 2 3 4 5 6 7 8 9 10 11 12 13 14 15 16 17 18 36 37 38 39 40 41 42 43 44 45 46 47 48 49 50 51 52 0 2 3 4 5 59 60 61 62 63 64 65
(2,*) 0 1 3 4 5 6 7 8 9 10 11 12 13 14 15 16 17 18 36 37 38 39 40 41 42 43 44 45 46 47 48 49 50 51 52 0 1 3 4 5 59 60 61 62 63 64 65
(3,*) 0 1 2 4 5 6 7 8 9 10 11 12 13 14 15 16 17 18 36 37 38 39 40 41 42 43 44 45 46 47 48 49 50 51 52 0 1 2 4 5 59 60 61 62 63 64 65
(4,*) 0 1 2 3 5 6 7 8 9 10 11 12 13 14 15 16 17 18 36 37 38 39 40 41 42 43 44 45 46 47 48 49 50 51 52 0 1 2 3 5 59 60 61 62 63 64 65
(5,*) 0 1 2 3 4 6 7 8 9 10 11 12 13 14 15 16 17 18 36 37 38 39 40 41 42 43 44 45 46 47 48 49 50 51 52 0 1 2 3 4 59 60 61 62 63 64 65
(59,*) 0 1 2 3 4 5 6 7 8 9 10 11 12 13 14 15 16 17 18 36 37 38 39 40 41 42 43 44 45 46 47 48 49 50 51 52 0 1 2 3 4 5 60 61 62 63 64 65
(60,*) 0 1 2 3 4 5 6 7 8 9 10 11 12 13 14 15 16 17 18 36 37 38 39 40 41 42 43 44 45 46 47 48 49 50 51 52 0 1 2 3 4 5 59 61 62 63 64 65
(61,*) 0 1 2 3 4 5 6 7 8 9 10 11 12 13 14 15 16 17 18 36 37 38 39 40 41 42 43 44 45 46 47 48 49 50 51 52 0 1 2 3 4 5 59 60 62 63 64 65
(62,*) 0 1 2 3 4 5 6 7 8 9 10 11 12 13 14 15 16 17 18 36 37 38 39 40 41 42 43 44 45 46 47 48 49 50 51 52 0 1 2 3 4 5 59 60 61 63 64 65
(63,*) 0 1 2 3 4 5 6 7 8 9 10 11 12 13 14 15 16 17 18 36 37 38 39 40 41 42 43 44 45 46 47 48 49 50 51 52 0 1 2 3 4 5 59 60 61 62 64 65
(64,*) 0 1 2 3 4 5 6 7 8 9 10 11 12 13 14 15 16 17 18 36 37 38 39 40 41 42 43 44 45 46 47 48 49 50 51 52 0 1 2 3 4 5 59 60 61 62 63 65
(65,*) 0 1 2 3 4 5 6 7 8 9 10 11 12 13 14 15 16 17 18 36 37 38 39 40 41 42 43 44 45 46 47 48 49 50 51 52 0 1 2 3 4 5 59 60 61 62 63 64
;
set A2:=
(0,*) 1
(1,*) 0
(2,*) 3
(3,*) 2
;
param BigM:=99999;
param n:= 7;
param d:=
1	2
2	17
3	20
4	13
5	25
6	20
7	3
8	18
9	2
10	3
11	7
12	1
13	18
14	9
15	10
16	2
17	22
18	3
19	12
20	14
21	2
22	24
23	23
24	6
25	2
26	8
27	2
28	18
29	22
30	4
31	26
32	21
33	15
34	19
35	5
36	2
37	26
38	7
39	23
40	13
41	22
42	6
43	18
44	10
45	30
46	16
47	23
48	1
49	8
50	25
51	3
52	13
;
param Q:=100;
param w:=
[0,*] 1 0.5
[1,*] 0 0.5
[2,*] 3 0.5
[3,*] 2 0.5
;
param V:=
[0,*] 1 76
[1,*] 0 76
[2,*] 3 100
[3,*] 2 100
;
param e:
	0	1	2	3	4	5	59	60	61	62	63	64	65:=
19	0	0	0	0	0	0	0	0	0	0	0	0	0	
20	0	0	0	0	0	0	0	0	0	0	0	0	0	
21	0	0	0	0	0	0	1	0	0	0	0	0	0	
22	0	0	0	0	0	0	1	0	0	0	0	0	0	
23	0	0	0	0	0	0	1	0	0	0	0	0	0	
24	0	0	0	0	0	0	0	0	0	0	0	0	0	
25	0	0	0	0	0	0	0	0	0	0	0	0	0	
26	0	0	0	0	0	0	0	0	0	0	0	0	0	
27	0	0	0	0	0	0	0	0	0	0	0	0	0	
28	0	0	0	0	0	0	0	0	0	0	0	0	0	
29	0	0	0	0	0	0	0	0	0	0	0	0	0	
30	0	0	0	0	0	0	1	0	0	0	0	0	0	
31	0	0	0	0	0	0	0	0	0	0	0	0	0	
32	0	0	0	0	0	0	0	0	0	0	0	0	0	
33	0	0	0	0	0	0	0	0	0	0	0	0	0	
34	0	0	0	0	0	0	0	0	0	0	0	0	0	
35	0	0	0	0	0	0	0	0	0	0	0	0	0	
36	0	0	0	0	0	0	1	0	0	0	0	0	0	
37	0	0	0	0	0	0	0	0	0	0	0	0	0	
38	0	0	0	0	0	0	1	0	0	0	0	0	0	
39	0	0	0	0	0	0	1	0	0	0	0	0	0	
40	0	0	0	0	0	0	0	0	0	0	0	0	0	
41	0	0	0	0	0	0	0	0	0	0	0	0	0	
42	0	0	0	0	0	0	0	0	0	0	0	0	0	
43	0	0	0	0	0	0	0	0	0	0	0	0	0	
44	0	0	0	0	0	0	1	0	0	0	0	0	0	
45	0	0	0	0	0	0	0	0	0	0	0	0	0	
46	0	0	0	0	0	0	0	0	0	0	0	0	0	
47	0	0	0	0	0	0	0	0	0	0	0	0	0	
48	0	0	0	0	0	0	0	0	0	0	0	0	0	
49	0	0	0	0	0	0	0	0	0	0	0	0	0	
50	0	0	0	0	0	0	0	0	0	0	0	0	0	
51	0	0	0	0	0	0	0	0	0	0	0	0	0	
52	0	0	0	0	0	0	0	0	0	0	0	0	0	
;
param p:=
1	3
2	3
3	3
4	3
5	3
6	3
7	3
;
param G:=
0	72
1	76
2	88
3	100
4	70
5	75
59	84
60	79
61	83
62	74
63	89
64	91
65	71
;
param s:=
0	0
1	15
2	15
3	15
4	15
5	15
6	15
7	15
8	15
9	15
10	15
11	15
12	15
13	15
14	15
15	15
16	15
17	15
18	15
36	15
37	15
38	15
39	15
40	15
41	15
42	15
43	15
44	15
45	15
46	15
47	15
48	15
49	15
50	15
51	15
52	15
0	10
1	10
2	10
3	10
4	10
5	10
59	10
60	10
61	10
62	10
63	10
64	10
65	10
;
param t:
	0	1	2	3	4	5	6	7	8	9	10	11	12	13	14	15	16	17	18	19	20	21	22	23	24	25	26	27	28	29	30	31	32	33	34	35	36	37	38	39	40	41	42	43	44	45	46	47	48	49	50	51	52	53	54	55	56	57	58	59	60	61	62	63	64	65:=
0	0.0	11.4	31.14	33.38	46.01	61.98	49.65	96.54	73.55	90.0	31.3	57.31	23.77	30.53	40.01	18.03	44.18	29.07	74.04	57.57	27.66	40.22	63.32	42.72	47.2	58.86	82.04	65.12	54.34	42.8	47.54	72.95	76.49	55.23	69.03	21.54	22.2	33.11	35.11	57.31	24.19	48.05	82.49	63.98	27.78	25.24	55.33	37.01	22.47	52.35	33.53	64.28	62.29	85.8	25.08	48.02	48.01	58.6	68.59	46.01	27.66	65.86	28.0	22.14	71.59	39.82
1	11.4	0.0	37.74	36.5	36.89	62.03	53.26	86.31	64.03	79.51	20.25	54.23	26.25	24.21	29.07	18.03	33.73	23.09	62.64	46.17	35.34	32.31	54.59	37.22	41.11	48.76	72.25	53.76	42.95	37.01	43.01	62.2	65.3	44.41	58.73	14.21	12.21	25.5	30.02	54.23	28.16	48.75	71.56	55.76	17.03	36.24	54.71	31.62	28.02	44.82	24.7	53.76	61.4	75.29	30.87	41.04	46.1	50.48	59.03	44.15	23.26	54.92	27.31	30.0	60.37	32.98
2	31.14	37.74	0.0	61.74	53.15	39.29	21.1	102.69	78.0	98.03	49.82	43.42	15.0	61.07	64.85	49.04	70.38	34.13	92.02	76.24	5.0	45.12	92.28	39.81	77.99	85.62	86.93	85.71	74.81	73.66	40.22	83.74	90.55	68.26	77.62	51.4	40.26	63.01	34.48	43.42	52.77	26.4	93.94	93.49	45.89	37.0	35.34	67.94	9.85	82.42	62.43	89.81	41.79	94.25	51.62	78.41	33.3	88.2	73.74	31.83	58.69	78.64	21.59	46.17	86.28	41.76
3	33.38	36.5	61.74	0.0	71.87	95.35	81.93	117.41	97.53	109.81	52.33	90.01	57.07	27.02	48.8	18.68	48.6	59.54	85.28	70.71	57.25	68.41	54.92	73.68	33.38	57.78	104.96	74.2	65.8	29.83	79.31	92.01	91.93	74.89	90.43	29.15	47.8	31.4	66.37	90.01	9.22	81.39	99.9	53.34	50.7	32.2	88.68	26.0	54.71	41.77	35.47	64.88	95.63	105.6	10.63	36.88	81.1	48.66	92.59	79.1	21.93	84.02	61.2	16.97	87.0	69.43
4	46.01	36.89	53.15	71.87	0.0	49.93	54.92	51.31	27.59	45.62	20.22	33.97	38.6	50.25	34.21	53.31	40.16	19.7	42.06	29.41	54.41	8.06	63.51	17.09	62.39	51.62	36.24	39.66	31.11	60.07	22.47	30.59	38.01	16.76	24.7	43.42	24.7	48.01	19.03	33.97	64.4	43.01	40.79	66.71	21.19	70.77	42.54	57.04	45.54	60.88	44.01	51.86	46.4	41.63	67.6	59.84	33.11	62.97	22.67	32.31	52.95	26.02	31.58	66.85	34.23	12.04
5	61.98	62.03	39.29	95.35	49.93	0.0	20.81	85.01	62.51	83.29	61.07	17.46	38.33	85.43	78.75	78.85	85.15	42.44	91.24	79.32	44.15	44.05	109.34	33.42	101.6	99.01	70.11	89.59	80.6	97.95	27.46	75.0	84.76	66.24	67.45	75.64	56.08	85.48	36.24	17.46	86.15	14.04	84.17	111.83	58.6	75.66	7.81	93.04	42.01	103.17	83.01	100.57	5.1	80.62	86.47	100.5	17.69	107.2	60.21	19.21	85.23	73.54	34.79	82.1	82.08	39.7
6	49.65	53.26	21.1	81.93	54.92	20.81	0.0	98.66	74.55	95.52	59.17	31.78	27.02	77.47	76.28	67.6	82.42	40.25	96.77	82.54	26.08	47.3	105.89	38.21	94.37	97.35	83.02	92.7	82.46	90.27	35.06	84.1	92.66	71.59	77.01	67.48	51.4	78.57	36.69	31.78	72.8	13.34	94.02	107.71	55.76	58.03	20.25	84.81	27.31	97.58	77.08	100.34	24.76	92.27	72.12	94.11	24.33	102.65	71.18	24.08	76.03	80.75	28.02	66.94	89.11	42.95
7	96.54	86.31	102.69	117.41	51.31	85.01	98.66	0.0	24.7	8.25	66.48	68.18	89.0	91.59	69.84	100.12	72.5	70.83	41.11	48.85	104.69	58.67	86.31	62.97	96.93	73.76	15.81	50.99	54.23	96.66	64.03	25.55	29.43	42.64	27.59	88.41	74.41	87.82	68.45	68.18	111.52	85.33	20.22	90.43	69.31	121.66	80.31	96.18	96.15	91.39	83.35	68.73	80.0	12.08	115.52	93.05	74.33	89.5	29.07	74.73	95.96	33.62	81.44	115.97	33.24	61.27
8	73.55	64.03	78.0	97.53	27.59	62.51	74.55	24.7	0.0	21.02	45.28	45.18	64.41	73.39	53.15	79.4	57.43	46.62	37.74	36.22	80.06	34.41	76.42	38.28	82.04	63.39	8.94	43.01	41.05	80.81	39.62	16.4	26.91	24.33	10.44	68.43	51.86	70.21	43.83	45.18	90.74	61.29	22.83	80.31	47.43	98.35	57.04	79.12	71.59	78.16	65.8	60.42	57.71	18.11	94.3	78.64	50.25	78.03	5.0	50.49	77.08	20.88	56.8	94.02	26.93	36.72
9	90.0	79.51	98.03	109.81	45.62	83.29	95.52	8.25	21.02	0.0	59.46	66.07	83.93	83.76	61.91	92.76	64.4	65.31	33.02	40.72	99.72	53.31	78.09	58.69	88.77	65.51	13.34	42.76	46.1	88.57	60.53	17.8	21.21	35.36	21.1	80.92	67.8	79.92	63.57	66.07	104.14	82.3	12.04	82.2	62.48	115.21	78.01	88.19	91.0	83.17	75.47	60.53	78.41	4.24	108.25	84.86	71.25	81.25	24.52	71.45	88.23	25.81	76.55	108.93	25.0	56.3
10	31.3	20.25	49.82	52.33	20.22	61.07	59.17	66.48	45.28	59.46	0.0	48.3	35.17	30.07	17.69	34.13	24.08	19.21	43.57	27.17	49.16	19.65	48.27	29.07	43.17	38.42	53.01	36.06	25.08	40.45	35.78	42.01	45.19	24.21	38.95	23.41	10.05	28.07	24.84	48.3	45.49	50.33	51.31	50.8	4.0	56.44	53.26	37.01	40.31	42.95	24.33	41.18	58.82	55.23	49.2	41.11	43.42	46.32	40.31	41.87	32.76	34.67	31.3	49.5	40.31	22.85
11	57.31	54.23	43.42	90.01	33.97	17.46	31.78	68.18	45.18	66.07	48.3	0.0	36.06	75.69	65.51	72.11	71.87	31.78	74.3	63.25	47.43	29.41	95.96	19.24	90.82	84.81	53.0	73.41	65.07	87.6	12.53	57.57	67.42	49.65	50.0	66.49	45.61	74.95	24.74	0.0	81.06	18.87	66.71	98.79	46.62	75.96	12.17	83.24	42.05	91.24	71.87	85.63	13.0	63.29	82.39	89.16	10.3	94.51	42.76	12.08	76.49	56.36	29.61	79.08	64.88	25.55
12	23.77	26.25	15.0	57.07	38.6	38.33	27.02	89.0	64.41	83.93	35.17	36.06	0.0	50.45	50.99	41.23	56.82	19.24	77.03	61.29	15.81	30.68	79.63	27.02	67.36	72.01	73.36	70.86	60.02	63.25	29.21	69.12	75.66	53.34	63.25	40.46	26.0	51.62	20.59	36.06	47.85	24.33	79.31	81.22	31.32	39.92	32.0	57.8	7.21	70.77	50.33	75.77	39.0	80.06	48.17	67.18	25.96	76.06	59.93	24.04	49.09	63.79	7.81	44.01	71.34	27.73
13	30.53	24.21	61.07	27.02	50.25	85.43	77.47	91.59	73.39	83.76	30.07	75.69	50.45	0.0	22.02	16.03	21.63	43.97	58.26	43.93	58.01	49.09	33.73	57.07	16.97	32.56	80.11	47.2	38.9	12.81	63.56	66.04	65.19	49.66	65.31	10.0	30.08	4.47	50.96	75.69	24.35	72.56	73.41	33.84	30.07	47.04	77.88	7.62	51.66	21.93	8.49	39.29	84.31	79.61	29.41	17.49	68.71	28.46	68.62	66.85	5.39	57.98	51.11	33.38	60.31	51.48
14	40.01	29.07	64.85	48.8	34.21	78.75	76.28	69.84	53.15	61.91	17.69	65.51	50.99	22.02	0.0	34.0	6.4	36.8	36.89	21.93	63.32	36.24	30.61	46.32	29.07	21.1	59.14	26.4	17.03	27.66	53.0	44.29	43.19	28.86	44.27	21.93	25.06	18.03	42.52	65.51	44.65	67.94	51.4	33.29	20.62	62.82	70.94	26.4	55.03	26.68	13.6	25.0	76.4	57.8	49.4	26.02	61.07	29.07	48.66	59.55	26.87	36.24	48.26	51.89	38.29	39.96
15	18.03	18.03	49.04	18.68	53.31	78.85	67.6	100.12	79.4	92.76	34.13	72.11	41.23	16.03	34.0	0.0	35.74	41.11	70.83	55.22	45.28	49.73	49.65	55.23	30.87	48.26	87.09	60.37	50.77	26.4	61.03	75.01	76.06	57.49	72.8	12.21	29.12	20.02	48.04	72.11	11.4	65.15	83.49	49.48	32.2	31.02	71.81	20.62	40.5	37.36	22.56	54.74	78.64	88.53	15.62	32.57	63.64	44.15	74.43	61.66	11.4	67.18	44.15	18.03	71.06	50.8
16	44.18	33.73	70.38	48.6	40.16	85.15	82.42	72.5	57.43	64.4	24.08	71.87	56.82	21.63	6.4	35.74	0.0	43.14	36.8	23.71	68.62	42.54	24.21	52.7	24.74	15.23	62.82	25.61	18.36	24.17	59.36	47.17	44.65	33.14	48.05	24.33	31.06	17.2	48.92	71.87	45.62	74.28	53.34	26.93	26.91	65.76	77.34	24.21	60.54	21.1	13.42	20.1	82.8	60.42	50.57	21.21	67.48	22.85	53.15	65.95	26.93	39.22	54.41	53.76	39.96	46.32
17	29.07	23.09	34.13	59.54	19.7	42.44	40.25	70.83	46.62	65.31	19.21	31.78	19.24	43.97	36.8	41.11	43.14	0.0	58.22	42.95	34.93	12.21	67.21	14.14	59.51	57.63	55.47	52.89	42.38	56.08	20.02	50.0	56.44	34.13	44.38	34.71	13.93	43.46	7.07	31.78	50.99	31.14	60.17	69.53	16.28	52.5	34.67	51.55	25.96	60.75	40.71	60.21	40.71	61.33	53.16	58.18	25.06	64.82	41.88	23.32	44.72	44.55	13.15	51.08	52.15	10.82
18	74.04	62.64	92.02	85.28	42.06	91.24	96.77	41.11	37.74	33.02	43.57	74.3	77.03	58.26	36.89	70.83	36.8	58.22	0.0	16.49	92.05	49.48	45.61	59.14	59.08	33.62	37.95	11.4	20.12	59.82	64.08	21.47	12.17	25.3	27.8	58.67	53.6	53.91	60.21	74.3	81.54	85.07	21.0	49.73	47.52	98.43	84.17	60.83	83.02	52.35	49.82	27.89	87.24	30.07	86.28	54.92	75.03	49.4	36.24	74.33	63.41	18.44	71.34	88.59	10.82	53.85
19	57.57	46.17	76.24	70.71	29.41	79.32	82.54	48.85	36.22	40.72	27.17	63.25	61.29	43.93	21.93	55.22	23.71	42.95	16.49	0.0	76.01	35.78	40.2	46.14	48.1	27.17	40.2	10.3	5.39	47.85	51.87	23.77	21.26	14.42	26.02	43.01	37.22	39.82	45.88	63.25	66.22	71.59	29.68	44.1	31.14	82.08	71.87	47.71	67.03	42.95	35.47	24.7	75.8	36.77	70.8	44.27	62.27	42.05	32.76	61.29	48.8	16.12	56.09	72.72	16.4	40.25
20	27.66	35.34	5.0	57.25	54.41	44.15	26.08	104.69	80.06	99.72	49.16	47.43	15.81	58.01	63.32	45.28	68.62	34.93	92.05	76.01	0.0	46.49	89.89	42.19	74.81	83.82	89.0	85.21	74.24	70.43	43.28	84.9	91.24	68.88	79.06	48.55	39.32	60.21	36.25	47.43	48.37	31.02	95.08	90.92	45.18	32.0	39.92	64.66	9.06	79.61	59.94	88.32	46.49	95.86	47.01	75.45	37.2	85.59	75.64	35.61	55.32	79.43	23.26	41.44	86.83	43.46
21	40.22	32.31	45.12	68.41	8.06	44.05	47.3	58.67	34.41	53.31	19.65	29.41	30.68	49.09	36.24	49.73	42.54	12.21	49.48	35.78	46.49	0.0	66.57	10.63	62.82	55.44	43.27	46.07	36.62	60.02	17.03	38.64	46.0	24.33	32.57	41.11	20.62	47.52	11.0	29.41	60.41	35.85	48.84	69.46	19.03	64.38	36.4	56.32	37.7	62.39	43.93	56.59	41.01	49.4	63.16	60.73	26.63	65.3	29.68	25.55	51.04	34.0	23.54	61.77	42.11	4.47
22	63.32	54.59	92.28	54.92	63.51	109.34	105.89	86.31	76.42	78.09	48.27	95.96	79.63	33.73	30.61	49.65	24.21	67.21	45.61	40.2	89.89	66.57	0.0	76.84	21.59	13.04	80.0	35.36	35.51	25.18	83.49	63.03	56.89	53.37	66.19	41.79	54.56	30.36	73.11	95.96	56.01	98.29	66.1	4.12	50.93	80.5	101.53	30.0	82.49	13.15	29.97	17.72	107.0	74.67	61.03	18.11	91.68	6.32	72.84	90.14	38.33	56.04	77.99	66.03	53.34	70.46
23	42.72	37.22	39.81	73.68	17.09	33.42	38.21	62.97	38.28	58.69	29.07	19.24	27.02	57.07	46.32	55.23	52.7	14.14	59.14	46.14	42.19	10.63	76.84	0.0	71.78	65.95	47.17	56.44	47.2	68.68	6.71	46.0	54.45	33.84	39.12	48.26	27.17	56.04	7.62	19.24	65.12	25.96	56.04	79.61	27.51	64.9	25.81	64.54	34.21	72.01	52.81	67.21	30.41	55.11	67.19	70.01	16.12	75.29	34.21	15.23	58.31	42.58	19.21	64.85	50.99	6.4
24	47.2	41.11	77.99	33.38	62.39	101.6	94.37	96.93	82.04	88.77	43.17	90.82	67.36	16.97	29.07	30.87	24.74	59.51	59.08	48.1	74.81	62.82	21.59	71.78	0.0	26.91	87.56	47.71	42.72	4.47	78.43	71.78	68.43	57.71	72.78	26.91	45.62	16.12	66.31	90.82	35.23	89.04	77.39	20.02	44.27	60.64	93.94	10.3	68.62	8.54	18.97	34.06	100.18	84.86	40.11	4.24	84.53	15.3	77.65	82.73	19.72	63.89	67.68	45.54	63.98	65.8
25	58.86	48.76	85.62	57.78	51.62	99.01	97.35	73.76	63.39	65.51	38.42	84.81	72.01	32.56	21.1	48.26	15.23	57.63	33.62	27.17	83.82	55.44	13.04	65.95	26.91	0.0	67.01	22.8	22.56	28.84	72.47	50.09	44.38	40.52	53.15	38.05	46.14	28.28	62.97	84.81	56.75	88.73	53.6	17.0	41.62	79.1	91.22	31.78	75.77	19.21	26.0	7.21	96.33	61.98	61.85	22.67	81.32	15.81	59.84	79.91	37.85	43.01	69.34	65.92	40.61	59.55
26	82.04	72.25	86.93	104.96	36.24	70.11	83.02	15.81	8.94	13.34	53.01	53.0	73.36	80.11	59.14	87.09	62.82	55.47	37.95	40.2	89.0	43.27	80.0	47.17	87.56	67.01	0.0	45.28	45.4	86.68	48.27	17.12	26.0	30.46	14.87	75.8	60.14	76.69	52.77	53.0	98.47	69.72	19.21	84.01	55.44	106.96	65.03	85.44	80.53	83.02	72.24	63.2	65.19	11.66	102.2	83.95	58.69	82.22	13.6	59.03	84.08	24.08	65.74	102.18	27.66	45.65
27	65.12	53.76	85.71	74.2	39.66	89.59	92.7	50.99	43.01	42.76	36.06	73.41	70.86	47.2	26.4	60.37	25.61	52.89	11.4	10.3	85.21	46.07	35.36	56.44	47.71	22.8	45.28	0.0	11.0	48.41	62.13	28.16	21.59	24.04	32.57	48.33	46.01	42.8	56.08	73.41	70.83	81.86	30.81	39.46	40.05	88.89	82.15	49.5	76.32	41.15	38.83	18.0	86.02	39.32	75.66	43.57	72.56	38.6	40.31	71.59	52.43	22.14	65.97	78.29	18.03	50.54
28	54.34	42.95	74.81	65.8	31.11	80.6	82.46	54.23	41.05	46.1	25.08	65.07	60.02	38.9	17.03	50.77	18.36	42.38	20.12	5.39	74.24	36.62	35.51	47.2	42.72	22.56	45.4	11.0	0.0	42.49	53.26	29.12	26.4	18.03	31.02	38.59	35.01	34.71	46.07	65.07	61.61	72.07	34.99	39.32	29.07	78.43	73.01	42.44	65.38	37.66	30.41	21.1	77.34	42.15	66.29	38.9	63.25	37.0	37.34	62.13	43.86	21.38	55.36	68.48	21.63	41.05
29	42.8	37.01	73.66	29.83	60.07	97.95	90.27	96.66	80.81	88.57	40.45	87.6	63.25	12.81	27.66	26.4	24.17	56.08	59.82	47.85	70.43	60.02	25.18	68.68	4.47	28.84	86.68	48.41	42.49	0.0	75.29	71.31	68.6	56.52	71.84	22.8	42.15	12.65	62.97	87.6	31.06	85.23	77.41	24.02	41.23	56.29	90.34	5.83	64.35	12.04	16.12	36.06	96.66	84.58	36.01	7.07	81.02	19.03	76.3	79.2	15.26	63.32	63.81	41.3	64.01	62.82
30	47.54	43.01	40.22	79.31	22.47	27.46	35.06	64.03	39.62	60.53	35.78	12.53	29.21	63.56	53.0	61.03	59.36	20.02	64.08	51.87	43.28	17.03	83.49	6.71	78.43	72.47	48.27	62.13	53.26	75.29	0.0	49.37	58.46	38.91	42.11	54.59	33.54	62.64	13.0	12.53	70.58	22.02	59.14	86.28	34.18	68.48	20.12	71.06	36.12	78.72	59.46	73.54	24.08	57.22	72.37	76.69	11.18	81.99	36.12	11.0	64.63	46.84	21.63	69.64	55.36	13.04
31	72.95	62.2	83.74	92.01	30.59	75.0	84.1	25.55	16.4	17.8	42.01	57.57	69.12	66.04	44.29	75.01	47.17	50.0	21.47	23.77	84.9	38.64	63.03	46.0	71.78	50.09	17.12	28.16	29.12	71.31	49.37	0.0	10.63	17.8	7.62	63.13	50.77	62.27	49.5	57.57	86.37	71.34	10.2	67.07	45.22	98.18	68.66	70.66	75.96	66.71	57.8	46.1	70.52	13.6	90.52	68.01	60.53	65.49	15.81	60.3	70.46	8.06	62.17	91.35	10.77	42.3
32	76.49	65.3	90.55	91.93	38.01	84.76	92.66	29.43	26.91	21.21	45.19	67.42	75.66	65.19	43.19	76.06	44.65	56.44	12.17	21.26	91.24	46.0	56.89	54.45	68.43	44.38	26.0	21.59	26.4	68.6	58.46	10.63	0.0	22.36	18.03	63.89	54.78	61.07	57.0	67.42	87.21	80.23	9.22	61.0	48.85	101.53	78.16	68.82	82.2	62.39	56.73	39.32	80.41	18.0	91.68	64.4	69.63	60.17	26.4	69.23	70.04	12.0	69.18	93.23	5.0	50.04
33	55.23	44.41	68.26	74.89	16.76	66.24	71.59	42.64	24.33	35.36	24.21	49.65	53.34	49.66	28.86	57.49	33.14	34.13	25.3	14.42	68.88	24.33	53.37	33.84	57.71	40.52	30.46	24.04	18.03	56.52	38.91	17.8	22.36	0.0	15.65	45.8	33.12	46.24	35.23	49.65	68.88	59.77	27.29	57.07	27.46	80.45	59.03	55.03	59.84	54.01	41.79	38.91	62.43	31.11	72.92	54.33	49.77	54.33	20.02	49.04	53.71	10.77	47.01	73.59	18.03	28.64
34	69.03	58.73	77.62	90.43	24.7	67.45	77.01	27.59	10.44	21.1	38.95	50.0	63.25	65.31	44.27	72.8	48.05	44.38	27.8	26.02	79.06	32.57	66.19	39.12	72.78	53.15	14.87	32.57	31.02	71.84	42.11	7.62	18.03	15.65	0.0	61.29	46.86	61.85	43.17	50.0	84.2	64.12	17.03	70.11	41.73	94.2	61.19	70.58	70.23	68.47	57.38	50.01	62.94	17.0	88.09	69.23	53.24	68.01	8.49	53.08	69.35	10.44	56.04	88.41	17.03	35.9
35	21.54	14.21	51.4	29.15	43.42	75.64	67.48	88.41	68.43	80.92	23.41	66.49	40.46	10.0	21.93	12.21	24.33	34.71	58.67	43.01	48.55	41.11	41.79	48.26	26.91	38.05	75.8	48.33	38.59	22.8	54.59	63.13	63.89	45.8	61.29	0.0	21.1	11.66	41.77	66.49	23.35	62.65	71.42	42.49	22.36	41.44	68.15	17.49	41.87	31.06	12.17	44.05	74.67	76.69	27.8	27.02	59.14	37.12	63.51	57.25	10.05	55.23	41.18	29.97	58.9	43.01
36	22.2	12.21	40.26	47.8	24.7	56.08	51.4	74.41	51.86	67.8	10.05	45.61	26.0	30.08	25.06	29.12	31.06	13.93	53.6	37.22	39.32	20.62	54.56	27.17	45.62	46.14	60.14	46.01	35.01	42.15	33.54	50.77	54.78	33.12	46.86	21.1	0.0	29.55	20.88	45.61	39.92	44.05	60.42	56.57	6.08	47.43	48.37	37.64	30.59	47.2	26.93	49.77	54.56	63.6	42.94	44.42	38.91	51.66	46.86	37.12	31.14	43.83	23.43	42.2	49.98	22.02
37	33.11	25.5	63.01	31.4	48.01	85.48	78.57	87.82	70.21	79.92	28.07	74.95	51.62	4.47	18.03	20.02	17.2	43.46	53.91	39.82	60.21	47.52	30.36	56.04	16.12	28.28	76.69	42.8	34.71	12.65	62.64	62.27	61.07	46.24	61.85	11.66	29.55	0.0	50.33	74.95	28.79	72.95	69.4	30.87	28.64	51.0	77.83	9.06	53.41	19.42	4.47	34.93	84.1	75.8	33.84	15.56	68.45	25.5	65.52	66.64	9.85	54.2	51.61	37.66	56.22	50.22
38	35.11	30.02	34.48	66.37	19.03	36.24	36.69	68.45	43.83	63.57	24.84	24.74	20.59	50.96	42.52	48.04	48.92	7.07	60.21	45.88	36.25	11.0	73.11	7.62	66.31	62.97	52.77	56.08	46.07	62.97	13.0	49.5	57.0	35.23	43.17	41.77	20.88	50.33	0.0	24.74	57.71	26.08	59.68	75.6	22.47	57.43	28.43	58.52	27.78	67.23	47.42	65.0	34.13	59.77	59.67	64.85	18.6	71.03	39.4	17.03	51.79	45.0	13.0	57.25	53.08	7.28
39	57.31	54.23	43.42	90.01	33.97	17.46	31.78	68.18	45.18	66.07	48.3	0.0	36.06	75.69	65.51	72.11	71.87	31.78	74.3	63.25	47.43	29.41	95.96	19.24	90.82	84.81	53.0	73.41	65.07	87.6	12.53	57.57	67.42	49.65	50.0	66.49	45.61	74.95	24.74	0.0	81.06	18.87	66.71	98.79	46.62	75.96	12.17	83.24	42.05	91.24	71.87	85.63	13.0	63.29	82.39	89.16	10.3	94.51	42.76	12.08	76.49	56.36	29.61	79.08	64.88	25.55
40	24.19	28.16	52.77	9.22	64.4	86.15	72.8	111.52	90.74	104.14	45.49	81.06	47.85	24.35	44.65	11.4	45.62	50.99	81.54	66.22	48.37	60.41	56.01	65.12	35.23	56.75	98.47	70.83	61.61	31.06	70.58	86.37	87.21	68.88	84.2	23.35	39.92	28.79	57.71	81.06	0.0	72.18	94.76	55.08	43.42	26.0	79.51	26.02	45.54	43.01	32.2	63.6	86.47	99.9	5.1	38.01	72.03	50.01	85.76	70.03	18.97	78.52	52.09	10.44	82.22	61.13
41	48.05	48.75	26.4	81.39	43.01	14.04	13.34	85.33	61.29	82.3	50.33	18.87	24.33	72.56	67.94	65.15	74.28	31.14	85.07	71.59	31.02	35.85	98.29	25.96	89.04	88.73	69.72	81.86	72.07	85.23	22.02	71.34	80.23	59.77	64.12	62.65	44.05	72.95	26.08	18.87	72.18	0.0	81.15	100.5	47.38	61.98	8.94	80.13	28.07	91.21	70.8	91.02	15.52	79.1	72.44	88.23	11.05	95.67	58.03	11.05	72.01	68.45	21.47	68.07	76.9	31.38
42	82.49	71.56	93.94	99.9	40.79	84.17	94.02	20.22	22.83	12.04	51.31	66.71	79.31	73.41	51.4	83.49	53.34	60.17	21.0	29.68	95.08	48.84	66.1	56.04	77.39	53.6	19.21	30.81	34.99	77.41	59.14	10.2	9.22	27.29	17.03	71.42	60.42	69.4	59.68	66.71	94.76	81.15	0.0	70.21	54.71	107.7	78.09	77.39	86.13	71.51	65.0	48.51	79.56	9.22	99.09	73.41	70.26	69.38	24.04	70.11	78.1	16.64	72.37	100.26	13.42	52.47
43	63.98	55.76	93.49	53.34	66.71	111.83	107.71	90.43	80.31	82.2	50.8	98.79	81.22	33.84	33.29	49.48	26.93	69.53	49.73	44.1	90.92	69.46	4.12	79.61	20.02	17.0	84.01	39.46	39.32	24.02	86.28	67.07	61.0	57.07	70.11	42.49	56.57	30.87	75.6	98.79	55.08	100.5	70.21	0.0	53.26	80.06	104.02	29.27	83.76	12.17	31.06	21.84	109.62	78.77	60.03	17.12	94.2	5.39	76.66	92.62	38.08	60.01	79.93	65.28	57.43	73.25
44	27.78	17.03	45.89	50.7	21.19	58.6	55.76	69.31	47.43	62.48	4.0	46.62	31.32	30.07	20.62	32.2	26.91	16.28	47.52	31.14	45.18	19.03	50.93	27.51	44.27	41.62	55.44	40.05	29.07	41.23	34.18	45.22	48.85	27.46	41.73	22.36	6.08	28.64	22.47	46.62	43.42	47.38	54.71	53.26	0.0	53.0	50.8	37.34	36.35	44.78	25.3	44.72	56.6	58.26	46.87	42.54	41.05	48.6	42.44	39.41	32.14	38.08	27.78	46.75	44.01	21.59
45	25.24	36.24	37.0	32.2	70.77	75.66	58.03	121.66	98.35	115.21	56.44	75.96	39.92	47.04	62.82	31.02	65.76	52.5	98.43	82.08	32.0	64.38	80.5	64.9	60.64	79.1	106.96	88.89	78.43	56.29	68.48	98.18	101.53	80.45	94.2	41.44	47.43	51.0	57.43	75.96	26.0	61.98	107.7	80.06	53.0	0.0	70.61	50.8	34.21	67.9	53.15	85.38	77.47	111.02	21.95	62.97	65.79	74.81	93.43	63.91	42.19	91.07	46.96	15.65	96.6	63.25
46	55.33	54.71	35.34	88.68	42.54	7.81	20.25	80.31	57.04	78.01	53.26	12.17	32.0	77.88	70.94	71.81	77.34	34.67	84.17	71.87	39.92	36.4	101.53	25.81	93.94	91.22	65.03	82.15	73.01	90.34	20.12	68.66	78.16	59.03	61.19	68.15	48.37	77.83	28.43	12.17	79.51	8.94	78.09	104.02	50.8	70.61	0.0	85.49	36.5	95.41	75.29	92.85	7.0	75.11	80.1	92.78	9.9	99.4	54.33	11.4	77.83	66.73	27.66	76.01	75.27	32.02
47	37.01	31.62	67.94	26.0	57.04	93.04	84.81	96.18	79.12	88.19	37.01	83.24	57.8	7.62	26.4	20.62	24.21	51.55	60.83	47.71	64.66	56.32	30.0	64.54	10.3	31.78	85.44	49.5	42.44	5.83	71.06	70.66	68.82	55.03	70.58	17.49	37.64	9.06	58.52	83.24	26.02	80.13	77.39	29.27	37.34	50.8	85.49	0.0	58.69	17.12	13.34	38.91	91.92	84.12	31.06	12.17	76.32	24.08	74.46	74.46	9.43	62.61	58.67	36.06	64.07	58.86
48	22.47	28.02	9.85	54.71	45.54	42.01	27.31	96.15	71.59	91.0	40.31	42.05	7.21	51.66	55.03	40.5	60.54	25.96	83.02	67.03	9.06	37.7	82.49	34.21	68.62	75.77	80.53	76.32	65.38	64.35	36.12	75.96	82.2	59.84	70.23	41.87	30.59	53.41	27.78	42.05	45.54	28.07	86.13	83.76	36.35	34.21	36.5	58.69	0.0	72.8	52.7	80.01	43.42	87.09	45.12	68.88	31.78	78.49	67.08	29.97	49.58	70.41	15.0	40.31	77.78	34.89
49	52.35	44.82	82.42	41.77	60.88	103.17	97.58	91.39	78.16	83.17	42.95	91.24	70.77	21.93	26.68	37.36	21.1	60.75	52.35	42.95	79.61	62.39	13.15	72.01	8.54	19.21	83.02	41.15	37.66	12.04	78.72	66.71	62.39	54.01	68.47	31.06	47.2	19.42	67.23	91.24	43.01	91.21	71.51	12.17	44.78	67.9	95.41	17.12	72.8	0.0	20.52	26.17	101.36	79.4	48.0	5.0	85.76	7.0	74.03	84.06	25.96	59.03	70.18	53.15	58.19	65.8
50	33.53	24.7	62.43	35.47	44.01	83.01	77.08	83.35	65.8	75.47	24.33	71.87	50.33	8.49	13.6	22.56	13.42	40.71	49.82	35.47	59.94	43.93	29.97	52.81	18.97	26.0	72.24	38.83	30.41	16.12	59.46	57.8	56.73	41.79	57.38	12.17	26.93	4.47	47.42	71.87	32.2	70.8	65.0	31.06	25.3	53.15	75.29	13.34	52.7	20.52	0.0	32.25	81.41	71.34	37.16	17.49	65.76	25.81	61.13	64.01	13.6	49.74	49.68	40.52	51.86	46.84
51	64.28	53.76	89.81	64.88	51.86	100.57	100.34	68.73	60.42	60.53	41.18	85.63	75.77	39.29	25.0	54.74	20.1	60.21	27.89	24.7	88.32	56.59	17.72	67.21	34.06	7.21	63.2	18.0	21.1	36.06	73.54	46.1	39.32	38.91	50.01	44.05	49.77	34.93	65.0	85.63	63.6	91.02	48.51	21.84	44.72	85.38	92.85	38.91	80.01	26.17	32.25	0.0	97.59	57.22	68.68	29.83	82.98	21.95	57.28	81.69	44.64	39.62	72.47	72.57	36.01	60.88
52	62.29	61.4	41.79	95.63	46.4	5.1	24.76	80.0	57.71	78.41	58.82	13.0	39.0	84.31	76.4	78.64	82.8	40.71	87.24	75.8	46.49	41.01	107.0	30.41	100.18	96.33	65.19	86.02	77.34	96.66	24.08	70.52	80.41	62.43	62.94	74.67	54.56	84.1	34.13	13.0	86.47	15.52	79.56	109.62	56.6	77.47	7.0	91.92	43.42	101.36	81.41	97.59	0.0	75.8	87.09	98.88	15.65	105.12	55.54	17.46	84.43	69.35	34.53	83.01	77.88	36.8
53	85.8	75.29	94.25	105.6	41.63	80.62	92.27	12.08	18.11	4.24	55.23	63.29	80.06	79.61	57.8	88.53	60.42	61.33	30.07	36.77	95.86	49.4	74.67	55.11	84.86	61.98	11.66	39.32	42.15	84.58	57.22	13.6	18.0	31.11	17.0	76.69	63.6	75.8	59.77	63.29	99.9	79.1	9.22	78.77	58.26	111.02	75.11	84.12	87.09	79.4	71.34	57.22	75.8	0.0	104.0	80.99	68.07	77.67	21.1	68.18	84.05	21.63	72.73	104.69	21.38	52.5
54	25.08	30.87	51.62	10.63	67.6	86.47	72.12	115.52	94.3	108.25	49.2	82.39	48.17	29.41	49.4	15.62	50.57	53.16	86.28	70.8	47.01	63.16	61.03	67.19	40.11	61.85	102.2	75.66	66.29	36.01	72.37	90.52	91.68	72.92	88.09	27.8	42.94	33.84	59.67	82.39	5.1	72.44	99.09	60.03	46.87	21.95	80.1	31.06	45.12	48.0	37.16	68.68	87.09	104.0	0.0	43.0	73.06	55.0	89.31	71.06	24.04	82.73	53.04	6.4	86.68	63.57
55	48.02	41.04	78.41	36.88	59.84	100.5	94.11	93.05	78.64	84.86	41.11	89.16	67.18	17.49	26.02	32.57	21.21	58.18	54.92	44.27	75.45	60.73	18.11	70.01	4.24	22.67	83.95	43.57	38.9	7.07	76.69	68.01	64.4	54.33	69.23	27.02	44.42	15.56	64.85	89.16	38.01	88.23	73.41	17.12	42.54	62.97	92.78	12.17	68.88	5.0	17.49	29.83	98.88	80.99	43.0	0.0	83.24	12.0	74.33	81.49	21.19	60.17	67.01	48.17	60.01	63.91
56	48.01	46.1	33.3	81.1	33.11	17.69	24.33	74.33	50.25	71.25	43.42	10.3	25.96	68.71	61.07	63.64	67.48	25.06	75.03	62.27	37.2	26.63	91.68	16.12	84.53	81.32	58.69	72.56	63.25	81.02	11.18	60.53	69.63	49.77	53.24	59.14	38.91	68.45	18.6	10.3	72.03	11.05	70.26	94.2	41.05	65.79	9.9	76.32	31.78	85.76	65.76	82.98	15.65	68.07	73.06	83.24	0.0	89.63	47.01	2.0	68.96	57.97	20.02	69.46	66.48	22.2
57	58.6	50.48	88.2	48.66	62.97	107.2	102.65	89.5	78.03	81.25	46.32	94.51	76.06	28.46	29.07	44.15	22.85	64.82	49.4	42.05	85.59	65.3	6.32	75.29	15.3	15.81	82.22	38.6	37.0	19.03	81.99	65.49	60.17	54.33	68.01	37.12	51.66	25.5	71.03	94.51	50.01	95.67	69.38	5.39	48.6	74.81	99.4	24.08	78.49	7.0	25.81	21.95	105.12	77.67	55.0	12.0	89.63	0.0	74.17	88.01	32.76	58.14	74.95	60.13	56.29	68.96
58	68.59	59.03	73.74	92.59	22.67	60.21	71.18	29.07	5.0	24.52	40.31	42.76	59.93	68.62	48.66	74.43	53.15	41.88	36.24	32.76	75.64	29.68	72.84	34.21	77.65	59.84	13.6	40.31	37.34	76.3	36.12	15.81	26.4	20.02	8.49	63.51	46.86	65.52	39.4	42.76	85.76	58.03	24.04	76.66	42.44	93.43	54.33	74.46	67.08	74.03	61.13	57.28	55.54	21.1	89.31	74.33	47.01	74.17	0.0	47.1	72.24	18.36	52.39	89.02	25.5	32.2
59	46.01	44.15	31.83	79.1	32.31	19.21	24.08	74.73	50.49	71.45	41.87	12.08	24.04	66.85	59.55	61.66	65.95	23.32	74.33	61.29	35.61	25.55	90.14	15.23	82.73	79.91	59.03	71.59	62.13	79.2	11.0	60.3	69.23	49.04	53.08	57.25	37.12	66.64	17.03	12.08	70.03	11.05	70.11	92.62	39.41	63.91	11.4	74.46	29.97	84.06	64.01	81.69	17.46	68.18	71.06	81.49	2.0	88.01	47.1	0.0	67.05	57.49	18.03	67.48	65.97	21.1
60	27.66	23.26	58.69	21.93	52.95	85.23	76.03	95.96	77.08	88.23	32.76	76.49	49.09	5.39	26.87	11.4	26.93	44.72	63.41	48.8	55.32	51.04	38.33	58.31	19.72	37.85	84.08	52.43	43.86	15.26	64.63	70.46	70.04	53.71	69.35	10.05	31.14	9.85	51.79	76.49	18.97	72.01	78.1	38.08	32.14	42.19	77.83	9.43	49.58	25.96	13.6	44.64	84.43	84.05	24.04	21.19	68.96	32.76	72.24	67.05	0.0	62.43	50.57	28.16	65.12	53.04
61	65.86	54.92	78.64	84.02	26.02	73.54	80.75	33.62	20.88	25.81	34.67	56.36	63.79	57.98	36.24	67.18	39.22	44.55	18.44	16.12	79.43	34.0	56.04	42.58	63.89	43.01	24.08	22.14	21.38	63.32	46.84	8.06	12.0	10.77	10.44	55.23	43.83	54.2	45.0	56.36	78.52	68.45	16.64	60.01	38.08	91.07	66.73	62.61	70.41	59.03	49.74	39.62	69.35	21.63	82.73	60.17	57.97	58.14	18.36	57.49	62.43	0.0	57.22	83.74	8.54	38.05
62	28.0	27.31	21.59	61.2	31.58	34.79	28.02	81.44	56.8	76.55	31.3	29.61	7.81	51.11	48.26	44.15	54.41	13.15	71.34	56.09	23.26	23.54	77.99	19.21	67.68	69.34	65.74	65.97	55.36	63.81	21.63	62.17	69.18	47.01	56.04	41.18	23.43	51.61	13.0	29.61	52.09	21.47	72.37	79.93	27.78	46.96	27.66	58.67	15.0	70.18	49.68	72.47	34.53	72.73	53.04	67.01	20.02	74.95	52.39	18.03	50.57	57.22	0.0	49.5	65.03	20.25
63	22.14	30.0	46.17	16.97	66.85	82.1	66.94	115.97	94.02	108.93	49.5	79.08	44.01	33.38	51.89	18.03	53.76	51.08	88.59	72.72	41.44	61.77	66.03	64.85	45.54	65.92	102.18	78.29	68.48	41.3	69.64	91.35	93.23	73.59	88.41	29.97	42.2	37.66	57.25	79.08	10.44	68.07	100.26	65.28	46.75	15.65	76.01	36.06	40.31	53.15	40.52	72.57	83.01	104.69	6.4	48.17	69.46	60.13	89.02	67.48	28.16	83.74	49.5	0.0	88.23	61.74
64	71.59	60.37	86.28	87.0	34.23	82.08	89.11	33.24	26.93	25.0	40.31	64.88	71.34	60.31	38.29	71.06	39.96	52.15	10.82	16.4	86.83	42.11	53.34	50.99	63.98	40.61	27.66	18.03	21.63	64.01	55.36	10.77	5.0	18.03	17.03	58.9	49.98	56.22	53.08	64.88	82.22	76.9	13.42	57.43	44.01	96.6	75.27	64.07	77.78	58.19	51.86	36.01	77.88	21.38	86.68	60.01	66.48	56.29	25.5	65.97	65.12	8.54	65.03	88.23	0.0	46.27
65	39.82	32.98	41.76	69.43	12.04	39.7	42.95	61.27	36.72	56.3	22.85	25.55	27.73	51.48	39.96	50.8	46.32	10.82	53.85	40.25	43.46	4.47	70.46	6.4	65.8	59.55	45.65	50.54	41.05	62.82	13.04	42.3	50.04	28.64	35.9	43.01	22.02	50.22	7.28	25.55	61.13	31.38	52.47	73.25	21.59	63.25	32.02	58.86	34.89	65.8	46.84	60.88	36.8	52.5	63.57	63.91	22.2	68.96	32.2	21.1	53.04	38.05	20.25	61.74	46.27	0.0
;
