vehicles
vehicle_idx, capacity, cost_per_unit_distance
1,100,3
2,100,3
3,100,3
4,100,3
5,100,3
6,100,3
7,100,3
depot
node_idx,x,y
0,61,5
home delivery customers
node_idx,x,y,service_time,demand
1,87,23,10,10
2,19,83,10,17
3,69,87,10,20
4,49,67,10,8
5,45,61,10,3
6,21,53,10,23
7,89,7,10,2
8,85,95,10,23
9,81,69,10,9
10,23,57,10,13
11,49,3,10,7
12,21,93,10,6
13,31,13,10,2
14,69,33,10,2
15,9,85,10,19
16,85,69,10,4
17,1,83,10,13
18,5,33,10,5
19,51,11,10,9
self pickup customers
node_idx,x,y,service_time,demand,locker_idxs
20,87,15,10,2,58
21,49,39,10,19,58
22,77,63,10,20,56-60
23,43,93,10,23,54
24,75,25,10,5,58
25,1,43,10,12,57
26,77,35,10,16,60
27,71,91,10,8,54
28,91,47,10,4,56
29,13,69,10,13,57
30,65,75,10,18,54
31,61,11,10,19,58
32,59,83,10,21,54
33,15,29,10,6,55
34,1,13,10,22,55
35,95,25,10,18,60
36,51,85,10,36,54
flexible customers
node_idx,x,y,service_time,demand,locker_idxs
37,85,53,10,24,60-56
38,17,57,10,9,57-61-59
39,49,93,10,15,54
40,69,11,10,17,58
41,69,43,10,16,58-62-56-60
42,17,61,10,12,57-61-59
43,71,37,10,4,60-56-62-58
44,53,23,10,23,58-62
45,21,83,10,19,54-55
46,77,25,10,2,58-62
47,7,7,10,15,55
48,81,15,10,18,58
49,41,37,10,2,62-59
50,91,27,10,9,58
51,15,19,10,3,55
52,7,37,10,14,57-61
53,85,31,10,10,58-62
lockers
node_idx,x,y,service_time,capacity,cost_per_unit_good
54,65,88,10,76
55,25,15,10,80
56,71,54,10,78
57,2,56,10,100
58,67,28,10,97
59,38,52,10,75
60,81,61,10,87
61,14,49,10,81
62,60,37,10,95
mrt lines
start_node_idx,end_node_idx,freight_capacity,cost_per_unit_good
54,55,80,0.1
55,54,80,0.1
distance matrix
,0,1,2,3,4,5,6,7,8,9,10,11,12,13,14,15,16,17,18,19,20,21,22,23,24,25,26,27,28,29,30,31,32,33,34,35,36,37,38,39,40,41,42,43,44,45,46,47,48,49,50,51,52,53,54,55,56,57,58,59,60,61,62,
0,0.0,31.62,88.59,82.39,63.15,58.24,62.48,28.07,93.15,67.05,64.4,12.17,96.66,31.05,29.12,95.41,68.35,98.41,62.61,11.66,27.86,36.06,60.17,89.82,24.41,71.02,34.0,86.58,51.61,80.0,70.11,6.0,78.03,51.88,60.53,39.45,80.62,53.67,68.12,88.81,10.0,38.83,71.22,33.53,19.7,87.66,25.61,54.04,22.36,37.74,37.2,48.08,62.77,35.38,83.1,37.36,50.01,77.99,23.77,52.33,59.46,64.38,32.02
1,31.62,0.0,90.69,66.48,58.14,56.64,72.5,16.12,72.03,46.39,72.47,42.94,96.21,56.89,20.59,99.64,46.04,104.86,82.61,37.95,8.0,41.23,41.23,82.68,12.17,88.29,15.62,69.86,24.33,87.13,56.46,28.64,66.21,72.25,86.58,8.25,71.69,30.07,77.82,79.65,21.63,26.91,79.65,21.26,34.0,89.2,10.2,81.58,10.0,48.08,5.66,72.11,81.22,8.25,68.62,62.51,34.89,91.18,20.62,56.94,38.47,77.49,30.41
2,88.59,90.69,0.0,50.16,34.0,34.06,30.07,103.32,67.08,63.56,26.31,85.44,10.2,71.02,70.71,10.2,67.47,18.0,51.92,78.79,96.17,53.25,61.35,26.0,80.62,43.86,75.29,52.61,80.5,15.23,46.69,83.35,40.0,54.15,72.28,95.6,32.06,72.5,26.08,31.62,87.66,64.03,22.09,69.43,68.96,2.0,82.02,76.94,92.02,50.99,91.21,64.12,47.54,84.02,46.27,68.26,59.54,31.91,73.0,36.36,65.79,34.37,61.62
3,82.39,66.48,50.16,0.0,28.28,35.38,58.82,82.46,17.89,21.63,54.92,86.35,48.37,83.19,54.0,60.03,24.08,68.12,83.74,78.1,74.22,52.0,25.3,26.68,62.29,80.99,52.61,4.47,45.65,58.82,12.65,76.42,10.77,79.25,100.5,67.23,18.11,37.58,60.03,20.88,76.0,44.0,58.14,50.04,65.97,48.17,62.51,101.21,72.99,57.31,63.91,86.83,79.65,58.24,4.12,84.38,33.06,73.82,59.03,46.75,28.64,66.85,50.8
4,63.15,58.14,34.0,28.28,0.0,7.21,31.3,72.11,45.61,32.06,27.86,64.0,38.21,56.92,39.45,43.86,36.06,50.6,55.61,56.04,64.4,28.0,28.28,26.68,49.4,53.67,42.52,32.56,46.52,36.06,17.89,57.27,18.87,50.99,72.25,62.29,18.11,38.63,33.53,26.0,59.46,31.24,32.56,37.2,44.18,32.25,50.48,73.24,61.06,31.05,58.0,58.82,51.61,50.91,26.4,57.27,25.55,48.27,42.95,18.6,32.56,39.36,31.95
5,58.24,56.64,34.06,35.38,7.21,0.0,25.3,69.66,52.5,36.88,22.36,58.14,40.0,50.0,36.88,43.27,40.79,49.19,48.83,50.36,62.29,22.36,32.06,32.06,46.86,47.54,41.23,39.7,48.08,32.98,24.41,52.5,26.08,43.86,65.12,61.61,24.74,40.79,28.28,32.25,55.46,30.0,28.0,35.38,38.83,32.56,48.17,66.03,58.41,24.33,57.2,51.61,44.94,50.0,33.6,50.16,26.93,43.29,39.66,11.4,36.0,33.24,28.3
6,62.48,72.5,30.07,58.82,31.3,25.3,0.0,82.1,76.55,62.1,4.47,57.31,40.0,41.23,52.0,34.18,65.97,36.06,25.61,51.61,76.16,31.3,56.89,45.65,60.83,22.36,58.82,62.8,70.26,17.89,49.19,58.0,48.41,24.74,44.72,79.12,43.86,64.0,5.66,48.83,63.78,49.03,8.94,52.5,43.86,30.0,62.61,48.08,71.02,25.61,74.67,34.53,21.26,67.68,56.22,38.21,50.01,19.24,52.35,17.03,60.53,8.06,42.15
7,28.07,16.12,103.32,82.46,72.11,69.66,82.1,0.0,88.09,62.51,82.8,40.2,109.64,58.31,32.8,111.73,62.13,116.28,87.93,38.21,8.25,51.22,57.27,97.53,22.8,95.08,30.46,85.91,40.05,98.08,72.11,28.28,81.71,77.2,88.2,18.97,86.76,46.17,87.66,94.85,20.4,41.18,90.0,34.99,39.4,101.98,21.63,82.0,11.31,56.6,20.1,74.97,87.32,24.33,84.48,64.5,50.33,99.85,30.41,68.01,54.59,85.96,41.73
8,93.15,72.03,67.08,17.89,45.61,52.5,76.55,88.09,0.0,26.31,72.72,98.79,64.03,98.18,64.03,76.66,26.0,84.85,101.21,90.62,80.02,66.57,32.98,42.05,70.71,98.79,60.53,14.56,48.37,76.55,28.28,87.36,28.64,96.21,117.39,70.71,35.44,42.0,77.9,36.06,85.51,54.41,76.03,59.67,78.79,65.12,70.46,117.59,80.1,72.8,68.26,103.32,97.2,64.0,21.19,100.0,43.32,91.71,69.38,63.7,34.23,84.6,63.16
9,67.05,46.39,63.56,21.63,32.06,36.88,62.1,62.51,26.31,0.0,59.23,73.35,64.62,75.07,37.95,73.76,4.0,81.22,84.1,65.3,54.33,43.86,7.21,44.94,44.41,84.12,34.23,24.17,24.17,68.0,17.09,61.35,26.08,77.18,97.65,46.17,34.0,16.49,65.12,40.0,59.23,28.64,64.5,33.53,53.85,61.61,44.18,96.54,54.0,51.22,43.17,82.8,80.62,38.21,24.84,77.79,18.03,80.06,43.32,46.24,8.0,69.92,38.28
10,64.4,72.47,26.31,54.92,27.86,22.36,4.47,82.8,72.72,59.23,0.0,59.93,36.06,44.72,51.88,31.3,63.15,34.06,30.0,53.85,76.55,31.62,54.33,41.18,61.06,26.08,58.31,58.82,68.73,15.62,45.69,59.67,44.41,29.12,49.19,78.79,39.6,62.13,6.0,44.41,65.05,48.08,7.21,52.0,45.34,26.08,62.77,52.5,71.61,26.91,74.32,38.83,25.61,67.23,52.2,42.05,48.09,21.02,52.7,15.81,58.14,12.04,42.06
11,12.17,42.94,85.44,86.35,64.0,58.14,57.31,40.2,98.79,73.35,59.93,0.0,94.25,20.59,36.06,91.24,75.18,93.3,53.25,8.25,39.85,36.0,66.21,90.2,34.06,62.48,42.52,90.71,60.83,75.18,73.76,14.42,80.62,42.8,49.03,50.99,82.02,61.61,62.77,90.0,21.54,44.72,66.24,40.5,20.4,84.76,35.61,42.19,34.18,34.93,48.37,37.58,54.04,45.61,86.49,26.83,55.54,70.84,30.81,50.22,66.24,57.8,35.74
12,96.66,96.21,10.2,48.37,38.21,40.0,40.0,109.64,64.03,64.62,36.06,94.25,0.0,80.62,76.84,14.42,68.35,22.36,62.1,87.32,102.18,60.83,63.53,22.0,86.83,53.85,80.62,50.04,83.76,25.3,47.54,91.24,39.29,64.28,82.46,100.5,31.05,75.47,36.22,28.0,95.02,69.31,32.25,75.07,76.97,10.0,88.09,87.13,98.41,59.46,96.21,74.24,57.72,89.11,44.28,78.1,63.41,41.59,79.63,44.38,68.0,44.55,68.24
13,31.05,56.89,71.02,83.19,56.92,50.0,41.23,58.31,98.18,75.07,44.72,20.59,80.62,0.0,42.94,75.29,77.79,76.16,32.8,20.1,56.04,31.62,67.94,80.89,45.61,42.43,50.99,87.66,68.96,58.82,70.71,30.07,75.39,22.63,30.0,65.12,74.73,67.2,46.17,82.0,38.05,48.41,50.0,46.65,24.17,70.71,47.54,24.74,50.04,26.0,61.61,17.09,33.94,56.92,82.35,6.32,57.28,51.87,39.0,39.62,69.31,39.81,37.64
14,29.12,20.59,70.71,54.0,39.45,36.88,52.0,32.8,64.03,37.95,51.88,36.06,76.84,42.94,0.0,79.4,39.4,84.4,64.0,28.43,25.46,20.88,31.05,65.39,10.0,68.73,8.25,58.03,26.08,66.57,42.19,23.41,50.99,54.15,70.88,27.2,55.03,25.61,57.27,63.25,22.0,10.0,59.06,4.47,18.87,69.31,11.31,67.23,21.63,28.28,22.8,55.79,62.13,16.12,55.15,47.54,21.1,70.84,5.39,36.36,30.46,57.28,9.85
15,95.41,99.64,10.2,60.03,43.86,43.27,34.18,111.73,76.66,73.76,31.3,91.24,14.42,75.29,79.4,0.0,77.67,8.25,52.15,85.09,104.8,60.96,71.47,34.93,89.2,42.76,84.4,62.29,90.38,16.49,56.89,90.44,50.04,56.32,72.44,104.86,42.0,82.46,29.12,40.79,95.27,73.24,25.3,78.41,76.03,12.17,90.69,78.03,100.42,57.69,100.44,66.27,48.04,93.23,56.08,71.81,69.32,29.83,81.32,43.93,75.89,36.35,70.04
16,68.35,46.04,67.47,24.08,36.06,40.79,65.97,62.13,26.0,4.0,63.15,75.18,68.35,77.79,39.4,77.67,0.0,85.16,87.73,67.23,54.04,46.86,10.0,48.37,45.12,87.93,34.93,26.08,22.8,72.0,20.88,62.77,29.53,80.62,100.96,45.12,37.58,16.0,69.05,43.27,60.17,30.53,68.47,34.93,56.04,65.51,44.72,99.64,54.15,54.41,42.43,86.02,84.31,38.0,27.59,80.72,20.52,84.01,44.78,49.98,8.94,73.76,40.61
17,98.41,104.86,18.0,68.12,50.6,49.19,36.06,116.28,84.85,81.22,34.06,93.3,22.36,76.16,84.4,8.25,85.16,0.0,50.16,87.66,109.64,65.12,78.59,43.17,94.02,40.0,89.89,70.46,96.93,18.44,64.5,93.72,58.0,55.79,70.0,110.45,50.04,89.2,30.53,49.03,99.04,78.89,27.2,83.76,79.4,20.0,95.6,76.24,105.0,60.96,106.0,65.51,46.39,98.79,64.2,72.11,75.77,27.02,85.91,48.27,82.97,36.4,74.81
18,62.61,82.61,51.92,83.74,55.61,48.83,25.61,87.93,101.21,84.1,30.0,53.25,62.1,32.8,64.0,52.15,87.73,50.16,0.0,50.99,83.95,44.41,78.0,71.02,70.46,10.77,72.03,87.86,87.13,36.88,73.24,60.17,73.59,10.77,20.4,90.35,69.43,82.46,26.83,74.4,67.68,64.78,30.46,66.12,49.03,52.5,72.44,26.08,78.1,36.22,86.21,17.2,4.47,80.02,81.39,26.91,69.26,23.19,62.2,38.08,80.99,18.36,55.15
19,11.66,37.95,78.79,78.1,56.04,50.36,51.61,38.21,90.62,65.3,53.85,8.25,87.32,20.1,28.43,85.09,67.23,87.66,50.99,0.0,36.22,28.07,58.14,82.39,27.78,59.36,35.38,82.46,53.81,69.34,65.51,10.0,72.44,40.25,50.04,46.17,74.0,54.04,57.2,82.02,18.0,36.72,60.46,32.8,12.17,78.0,29.53,44.18,30.27,27.86,43.08,36.88,51.11,39.45,78.26,26.31,47.42,66.53,23.35,43.01,58.31,53.04,27.51
20,27.86,8.0,96.17,74.22,64.4,62.29,76.16,8.25,80.02,54.33,76.55,39.85,102.18,56.04,25.46,104.8,54.04,109.64,83.95,36.22,0.0,44.94,49.03,89.55,15.62,90.44,22.36,77.67,32.25,91.61,63.91,26.31,73.54,73.35,86.02,12.81,78.71,38.05,81.63,86.76,18.44,33.29,83.76,27.2,34.93,94.76,14.14,80.4,6.0,50.99,12.65,72.11,82.97,16.12,76.24,62.0,42.15,94.37,23.85,61.4,46.39,80.53,34.83
21,36.06,41.23,53.25,52.0,28.0,22.36,31.3,51.22,66.57,43.86,31.62,36.0,60.83,31.62,20.88,60.96,46.86,65.12,44.41,28.07,44.94,0.0,36.88,54.33,29.53,48.17,28.28,56.46,42.76,46.86,39.4,30.46,45.12,35.44,54.59,48.08,46.04,38.63,36.72,54.0,34.41,20.4,38.83,22.09,16.49,52.15,31.3,52.8,40.0,8.25,43.68,39.45,42.05,36.88,51.55,33.94,26.63,49.98,21.1,17.03,38.83,36.4,11.18
22,60.17,41.23,61.35,25.3,28.28,32.06,56.89,57.27,32.98,7.21,54.33,66.21,63.53,67.94,31.05,71.47,10.0,78.59,78.0,58.14,49.03,36.88,0.0,45.34,38.05,78.59,28.0,28.64,21.26,64.28,16.97,54.41,26.91,70.71,90.97,42.05,34.06,12.81,60.3,41.04,52.61,21.54,60.03,26.68,46.65,59.46,38.0,89.64,48.17,44.41,38.63,76.03,74.67,32.98,27.73,70.77,10.82,75.33,36.4,40.52,4.47,64.54,31.06
23,89.82,82.68,26.0,26.68,26.68,32.06,45.65,97.53,42.05,44.94,41.18,90.2,22.0,80.89,65.39,34.93,48.37,43.17,71.02,82.39,89.55,54.33,45.34,0.0,75.15,65.3,67.23,28.07,66.48,38.42,28.43,83.95,18.87,69.86,90.35,85.6,11.31,58.0,44.41,6.0,86.02,56.36,41.23,62.61,70.71,24.17,76.03,93.23,86.76,56.04,81.61,79.12,66.57,74.89,22.56,80.05,48.01,55.23,69.29,41.3,49.68,52.7,58.52
24,24.41,12.17,80.62,62.29,49.4,46.86,60.83,22.8,70.71,44.41,61.06,34.06,86.83,45.61,10.0,89.2,45.12,94.02,70.46,27.78,15.62,29.53,38.05,75.15,0.0,76.16,10.2,66.12,27.2,76.03,50.99,19.8,60.17,60.13,74.97,20.0,64.62,29.73,66.24,72.8,15.23,18.97,68.26,12.65,22.09,79.25,2.0,70.34,11.66,36.06,16.12,60.3,69.05,11.66,63.79,50.99,29.27,79.31,8.54,45.8,36.5,65.55,19.21
25,71.02,88.29,43.86,80.99,53.67,47.54,22.36,95.08,98.79,84.12,26.08,62.48,53.85,42.43,68.73,42.76,87.93,40.0,10.77,59.36,90.44,48.17,78.59,65.3,76.16,0.0,76.42,84.88,90.09,28.64,71.55,68.0,70.46,19.8,30.0,95.71,65.3,84.59,21.26,69.31,75.15,68.0,24.08,70.26,55.71,44.72,78.1,36.5,84.76,40.45,91.41,27.78,8.49,84.85,78.24,36.88,70.86,13.04,67.68,38.08,82.0,14.32,59.3
26,34.0,15.62,75.29,52.61,42.52,41.23,58.82,30.46,60.53,34.23,58.31,42.52,80.62,50.99,8.25,84.4,34.93,89.89,72.03,35.38,22.36,28.28,28.0,67.23,10.2,76.42,0.0,56.32,18.44,72.47,41.76,28.84,51.26,62.29,79.12,20.59,56.36,19.7,63.91,64.4,25.3,11.31,65.39,6.32,26.83,73.76,10.0,75.39,20.4,36.06,16.12,64.03,70.03,8.94,54.34,55.71,19.92,77.88,12.21,42.54,26.31,64.54,17.12
27,86.58,69.86,52.61,4.47,32.56,39.7,62.8,85.91,14.56,24.17,58.82,90.71,50.04,87.66,58.03,62.29,26.08,70.46,87.86,82.46,77.67,56.46,28.64,28.07,66.12,84.88,56.32,0.0,48.33,62.03,17.09,80.62,14.42,83.55,104.8,70.23,20.88,40.5,63.81,22.09,80.02,48.04,61.77,54.0,70.34,50.64,66.27,105.6,76.66,61.77,67.05,91.21,83.74,61.61,6.71,88.84,37.0,77.37,63.13,51.09,31.62,70.8,55.11
28,51.61,24.33,80.5,45.65,46.52,48.08,70.26,40.05,48.37,24.17,68.73,60.83,83.76,68.96,26.08,90.38,22.8,96.93,87.13,53.81,32.25,42.76,21.26,66.48,27.2,90.09,18.44,48.33,0.0,81.04,38.21,46.86,48.17,78.1,96.21,22.36,55.17,8.49,74.67,62.29,42.19,22.36,75.31,22.36,44.94,78.71,26.08,93.04,33.53,50.99,20.0,80.99,84.59,17.09,48.55,73.35,21.19,89.45,30.61,53.24,17.2,77.03,32.57
29,80.0,87.13,15.23,58.82,36.06,32.98,17.89,98.08,76.55,68.0,15.62,75.18,25.3,58.82,66.57,16.49,72.0,18.44,36.88,69.34,91.61,46.86,64.28,38.42,76.03,28.64,72.47,62.03,81.04,0.0,52.35,75.29,48.08,40.05,57.27,93.06,41.23,73.76,12.65,43.27,80.62,61.74,8.94,66.24,60.96,16.12,77.67,62.29,86.83,42.52,88.59,50.04,32.56,81.41,55.36,55.32,59.91,17.03,67.8,30.23,68.47,20.02,56.86
30,70.11,56.46,46.69,12.65,17.89,24.41,49.19,72.11,28.28,17.09,45.69,73.76,47.54,70.71,42.19,56.89,20.88,64.5,73.24,65.51,63.91,39.4,16.97,28.43,50.99,71.55,41.76,17.09,38.21,52.35,0.0,64.12,10.0,67.94,89.11,58.31,17.2,29.73,51.26,24.08,64.12,32.25,50.0,38.47,53.37,44.72,51.42,89.38,62.1,44.94,54.59,75.07,69.34,48.33,13.0,72.11,21.84,65.8,47.04,35.47,21.26,57.25,38.33
31,6.0,28.64,83.35,76.42,57.27,52.5,58.0,28.28,87.36,61.35,59.67,14.42,91.24,30.07,23.41,90.44,62.77,93.72,60.17,10.0,26.31,30.46,54.41,83.95,19.8,68.0,28.84,80.62,46.86,75.29,64.12,0.0,72.03,49.4,60.03,36.77,74.67,48.37,63.66,82.87,8.0,32.98,66.6,27.86,14.42,82.37,21.26,54.15,20.4,32.8,34.0,46.69,59.93,31.24,77.1,36.22,44.15,74.2,18.03,47.01,53.85,60.44,26.02
32,78.03,66.21,40.0,10.77,18.87,26.08,48.41,81.71,28.64,26.08,44.41,80.62,39.29,75.39,50.99,50.04,29.53,58.0,73.59,72.44,73.54,45.12,26.91,18.87,60.17,70.46,51.26,14.42,48.17,48.08,10.0,72.03,0.0,69.66,90.91,68.26,8.25,39.7,49.4,14.14,72.69,41.23,47.41,47.54,60.3,38.0,60.73,92.09,71.47,49.4,64.5,77.67,69.43,58.14,7.81,76.03,31.38,63.07,55.58,37.44,31.11,56.4,46.01
33,51.88,72.25,54.15,79.25,50.99,43.86,24.74,77.2,96.21,77.18,29.12,42.8,64.28,22.63,54.15,56.32,80.62,55.79,10.77,40.25,73.35,35.44,70.71,69.86,60.13,19.8,62.29,83.55,78.1,40.05,67.94,49.4,69.66,0.0,21.26,80.1,66.57,74.0,28.07,72.47,56.92,55.79,32.06,56.57,38.47,54.33,62.13,23.41,67.47,27.2,76.03,10.0,11.31,70.03,77.34,17.2,61.33,29.97,52.01,32.53,73.35,20.02,45.71
34,60.53,86.58,72.28,100.5,72.25,65.12,44.72,88.2,117.39,97.65,49.19,49.03,82.46,30.0,70.88,72.44,100.96,70.0,20.4,50.04,86.02,54.59,90.97,90.35,74.97,30.0,79.12,104.8,96.21,57.27,89.11,60.03,90.91,21.26,0.0,94.76,87.66,93.04,46.82,93.3,68.03,74.32,50.6,74.0,52.95,72.8,76.94,8.49,80.02,46.65,91.08,15.23,24.74,85.91,98.6,24.08,81.12,43.01,67.68,53.76,93.3,38.28,63.69
35,39.45,8.25,95.6,67.23,62.29,61.61,79.12,18.97,70.71,46.17,78.79,50.99,100.5,65.12,27.2,104.86,45.12,110.45,90.35,46.17,12.81,48.08,42.05,85.6,20.0,95.71,20.59,70.23,22.36,93.06,58.31,36.77,68.26,80.1,94.76,0.0,74.4,29.73,84.31,82.1,29.53,31.62,85.91,26.83,42.05,94.02,18.0,89.82,17.2,55.32,4.47,80.22,88.81,11.66,69.78,70.71,37.64,98.03,28.16,63.07,38.63,84.48,37.0
36,80.62,71.69,32.06,18.11,18.11,24.74,43.86,86.76,35.44,34.0,39.6,82.02,31.05,74.73,55.03,42.0,37.58,50.04,69.43,74.0,78.71,46.04,34.06,11.31,64.62,65.3,56.36,20.88,55.17,41.23,17.2,74.67,8.25,66.57,87.66,74.4,0.0,46.69,44.05,8.25,76.16,45.69,41.62,52.0,62.03,30.07,65.39,89.55,76.16,49.03,70.46,75.18,65.12,63.81,14.32,74.67,36.89,56.94,59.2,35.47,38.42,51.62,48.84
37,53.67,30.07,72.5,37.58,38.63,40.79,64.0,46.17,42.0,16.49,62.13,61.61,75.47,67.2,25.61,82.46,16.0,89.2,82.46,54.04,38.05,38.63,12.81,58.0,29.73,84.59,19.7,40.5,8.49,73.76,29.73,48.37,39.7,74.0,93.04,29.73,46.69,0.0,68.12,53.81,44.94,18.87,68.47,21.26,43.86,70.68,29.12,90.55,38.21,46.82,26.68,77.82,79.62,22.0,40.31,71.02,14.04,83.05,30.81,47.01,8.94,71.11,29.68
38,68.12,77.82,26.08,60.03,33.53,28.28,5.66,87.66,77.9,65.12,6.0,62.77,36.22,46.17,57.27,29.12,69.05,30.53,26.83,57.2,81.63,36.72,60.3,44.41,66.24,21.26,63.91,63.81,74.67,12.65,51.26,63.66,49.4,28.07,46.82,84.31,44.05,68.12,0.0,48.17,69.43,53.85,4.0,57.58,49.52,26.31,68.0,50.99,76.55,31.24,79.85,38.05,22.36,72.8,57.14,42.76,54.08,15.03,57.8,21.59,64.12,8.54,47.42
39,88.81,79.65,31.62,20.88,26.0,32.25,48.83,94.85,36.06,40.0,44.41,90.0,28.0,82.0,63.25,40.79,43.27,49.03,74.4,82.02,86.76,54.0,41.04,6.0,72.8,69.31,64.4,22.09,62.29,43.27,24.08,82.87,14.14,72.47,93.3,82.1,8.25,53.81,48.17,0.0,84.4,53.85,45.25,60.17,70.11,29.73,73.54,95.71,84.31,56.57,78.23,81.44,70.0,71.69,16.76,81.61,44.78,59.82,67.45,42.45,45.25,56.22,57.07
40,10.0,21.63,87.66,76.0,59.46,55.46,63.78,20.4,85.51,59.23,65.05,21.54,95.02,38.05,22.0,95.27,60.17,99.04,67.68,18.0,18.44,34.41,52.61,86.02,15.23,75.15,25.3,80.02,42.19,80.62,64.12,8.0,72.69,56.92,68.03,29.53,76.16,44.94,69.43,84.4,0.0,32.0,72.14,26.08,20.0,86.53,16.12,62.13,12.65,38.21,27.2,54.59,67.23,25.61,77.1,44.18,43.05,80.71,17.12,51.4,51.42,66.85,27.51
41,38.83,26.91,64.03,44.0,31.24,30.0,49.03,41.18,54.41,28.64,48.08,44.72,69.31,48.41,10.0,73.24,30.53,78.89,64.78,36.72,33.29,20.4,21.54,56.36,18.97,68.0,11.31,48.04,22.36,61.74,32.25,32.98,41.23,55.79,74.32,31.62,45.69,18.87,53.85,53.85,32.0,0.0,55.03,6.32,25.61,62.48,19.7,71.69,30.46,28.64,27.2,59.09,62.29,20.0,45.18,52.15,11.18,68.25,15.13,32.28,21.63,55.33,10.82
42,71.22,79.65,22.09,58.14,32.56,28.0,8.94,90.0,76.03,64.5,7.21,66.24,32.25,50.0,59.06,25.3,68.47,27.2,30.46,60.46,83.76,38.83,60.03,41.23,68.26,24.08,65.39,61.77,75.31,8.94,50.0,66.6,47.41,32.06,50.6,85.91,41.62,68.47,4.0,45.25,72.14,55.03,0.0,59.09,52.35,22.36,69.97,54.92,78.82,33.94,81.44,42.05,26.0,74.32,55.07,46.69,54.45,15.81,59.91,22.85,64.0,12.37,49.24
43,33.53,21.26,69.43,50.04,37.2,35.38,52.5,34.99,59.67,33.53,52.0,40.5,75.07,46.65,4.47,78.41,34.93,83.76,66.12,32.8,27.2,22.09,26.68,62.61,12.65,70.26,6.32,54.0,22.36,66.24,38.47,27.86,47.54,56.57,74.0,26.83,52.0,21.26,57.58,60.17,26.08,6.32,59.09,0.0,22.8,67.94,13.42,70.68,24.17,30.0,22.36,58.82,64.0,15.23,51.35,50.99,17.0,71.57,9.85,36.25,26.0,58.25,11.0
44,19.7,34.0,68.96,65.97,44.18,38.83,43.86,39.4,78.79,53.85,45.34,20.4,76.97,24.17,18.87,76.03,56.04,79.4,49.03,12.17,34.93,16.49,46.65,70.71,22.09,55.71,26.83,70.34,44.94,60.96,53.37,14.42,60.3,38.47,52.95,42.05,62.03,43.86,49.52,70.11,20.0,25.61,52.35,22.8,0.0,68.0,24.08,48.7,29.12,18.44,38.21,38.21,48.08,32.98,66.1,29.12,35.85,60.75,14.87,32.65,47.2,46.87,15.65
45,87.66,89.2,2.0,48.17,32.25,32.56,30.0,101.98,65.12,61.61,26.08,84.76,10.0,70.71,69.31,12.17,65.51,20.0,52.5,78.0,94.76,52.15,59.46,24.17,79.25,44.72,73.76,50.64,78.71,16.12,44.72,82.37,38.0,54.33,72.8,94.02,30.07,70.68,26.31,29.73,86.53,62.48,22.36,67.94,68.0,0.0,80.62,77.28,90.69,50.16,89.64,64.28,48.08,82.46,44.28,68.12,57.8,33.02,71.7,35.36,63.91,34.71,60.31
46,25.61,10.2,82.02,62.51,50.48,48.17,62.61,21.63,70.46,44.18,62.77,35.61,88.09,47.54,11.31,90.69,44.72,95.6,72.44,29.53,14.14,31.3,38.0,76.03,2.0,78.1,10.0,66.27,26.08,77.67,51.42,21.26,60.73,62.13,76.94,18.0,65.39,29.12,68.0,73.54,16.12,19.7,69.97,13.42,24.08,80.62,0.0,72.28,10.77,37.95,14.14,62.29,71.02,10.0,64.13,52.95,29.61,81.15,10.44,47.43,36.22,67.42,20.81
47,54.04,81.58,76.94,101.21,73.24,66.03,48.08,82.0,117.59,96.54,52.5,42.19,87.13,24.74,67.23,78.03,99.64,76.24,26.08,44.18,80.4,52.8,89.64,93.23,70.34,36.5,75.39,105.6,93.04,62.29,89.38,54.15,92.09,23.41,8.49,89.82,89.55,90.55,50.99,95.71,62.13,71.69,54.92,70.68,48.7,77.28,72.28,0.0,74.43,45.34,86.35,14.42,30.0,81.61,99.62,19.7,79.4,49.25,63.57,54.64,91.61,42.58,60.9
48,22.36,10.0,92.02,72.99,61.06,58.41,71.02,11.31,80.1,54.0,71.61,34.18,98.41,50.04,21.63,100.42,54.15,105.0,78.1,30.27,6.0,40.0,48.17,86.76,11.66,84.76,20.4,76.66,33.53,86.83,62.1,20.4,71.47,67.47,80.02,17.2,76.16,38.21,76.55,84.31,12.65,30.46,78.82,24.17,29.12,90.69,10.77,74.43,0.0,45.65,15.62,66.12,77.2,16.49,74.73,56.0,40.26,89.01,19.1,56.73,46.0,75.13,30.41
49,37.74,48.08,50.99,57.31,31.05,24.33,25.61,56.6,72.8,51.22,26.91,34.93,59.46,26.0,28.28,57.69,54.41,60.96,36.22,27.86,50.99,8.25,44.41,56.04,36.06,40.45,36.06,61.77,50.99,42.52,44.94,32.8,49.4,27.2,46.65,55.32,49.03,46.82,31.24,56.57,38.21,28.64,33.94,30.0,18.44,50.16,37.95,45.34,45.65,0.0,50.99,31.62,34.0,44.41,56.36,27.2,34.48,43.38,27.51,15.3,46.65,29.55,19.0
50,37.2,5.66,91.21,63.91,58.0,57.2,74.67,20.1,68.26,43.17,74.32,48.37,96.21,61.61,22.8,100.44,42.43,106.0,86.21,43.08,12.65,43.68,38.63,81.61,16.12,91.41,16.12,67.05,20.0,88.59,54.59,34.0,64.5,76.03,91.08,4.47,70.46,26.68,79.85,78.23,27.2,27.2,81.44,22.36,38.21,89.64,14.14,86.35,15.62,50.99,0.0,76.42,84.59,7.21,66.31,67.08,33.6,93.61,24.02,58.6,35.44,80.08,32.57
51,48.08,72.11,64.12,86.83,58.82,51.61,34.53,74.97,103.32,82.8,38.83,37.58,74.24,17.09,55.79,66.27,86.02,65.51,17.2,36.88,72.11,39.45,76.03,79.12,60.3,27.78,64.03,91.21,80.99,50.04,75.07,46.69,77.67,10.0,15.23,80.22,75.18,77.82,38.05,81.44,54.59,59.09,42.05,58.82,38.21,64.28,62.29,14.42,66.12,31.62,76.42,0.0,19.7,71.02,85.21,10.77,66.04,39.22,52.77,40.22,78.23,30.02,48.47
52,62.77,81.22,47.54,79.65,51.61,44.94,21.26,87.32,97.2,80.62,25.61,54.04,57.72,33.94,62.13,48.04,84.31,46.39,4.47,51.11,82.97,42.05,74.67,66.57,69.05,8.49,70.03,83.74,84.59,32.56,69.34,59.93,69.43,11.31,24.74,88.81,65.12,79.62,22.36,70.0,67.23,62.29,26.0,64.0,48.08,48.08,71.02,30.0,77.2,34.0,84.59,19.7,0.0,78.23,77.23,28.43,66.22,19.65,60.67,34.44,77.79,13.89,53.0
53,35.38,8.25,84.02,58.24,50.91,50.0,67.68,24.33,64.0,38.21,67.23,45.61,89.11,56.92,16.12,93.23,38.0,98.79,80.02,39.45,16.12,36.88,32.98,74.89,11.66,84.85,8.94,61.61,17.09,81.41,48.33,31.24,58.14,70.03,85.91,11.66,63.81,22.0,72.8,71.69,25.61,20.0,74.32,15.23,32.98,82.46,10.0,81.61,16.49,44.41,7.21,71.02,78.23,0.0,60.41,62.1,26.93,86.68,18.25,51.48,30.27,73.25,25.71
54,83.1,68.62,46.27,4.12,26.4,33.6,56.22,84.48,21.19,24.84,52.2,86.49,44.28,82.35,55.15,56.08,27.59,64.2,81.39,78.26,76.24,51.55,27.73,22.56,63.79,78.24,54.34,6.71,48.55,55.36,13.0,77.1,7.81,77.34,98.6,69.78,14.32,40.31,57.14,16.76,77.1,45.18,55.07,51.35,66.1,44.28,64.13,99.62,74.73,56.36,66.31,85.21,77.23,60.41,0.0,83.24,34.53,70.66,60.03,45.0,31.38,64.2,51.24
55,37.36,62.51,68.26,84.38,57.27,50.16,38.21,64.5,100.0,77.79,42.05,26.83,78.1,6.32,47.54,71.81,80.72,72.11,26.91,26.31,62.0,33.94,70.77,80.05,50.99,36.88,55.71,88.84,73.35,55.32,72.11,36.22,76.03,17.2,24.08,70.71,74.67,71.02,42.76,81.61,44.18,52.15,46.69,50.99,29.12,68.12,52.95,19.7,56.0,27.2,67.08,10.77,28.43,62.1,83.24,0.0,60.31,47.01,43.97,39.22,72.47,35.74,41.34
56,50.01,34.89,59.54,33.06,25.55,26.93,50.01,50.33,43.32,18.03,48.09,55.54,63.41,57.28,21.1,69.32,20.52,75.77,69.26,47.42,42.15,26.63,10.82,48.01,29.27,70.86,19.92,37.0,21.19,59.91,21.84,44.15,31.38,61.33,81.12,37.64,36.89,14.04,54.08,44.78,43.05,11.18,54.45,17.0,35.85,57.8,29.61,79.4,40.26,34.48,33.6,66.04,66.22,26.93,34.53,60.31,0.0,69.03,26.31,33.06,12.21,57.22,20.25
57,77.99,91.18,31.91,73.82,48.27,43.29,19.24,99.85,91.71,80.06,21.02,70.84,41.59,51.87,70.84,29.83,84.01,27.02,23.19,66.53,94.37,49.98,75.33,55.23,79.31,13.04,77.88,77.37,89.45,17.03,65.8,74.2,63.07,29.97,43.01,98.03,56.94,83.05,15.03,59.82,80.71,68.25,15.81,71.57,60.75,33.02,81.15,49.25,89.01,43.38,93.61,39.22,19.65,86.68,70.66,47.01,69.03,0.0,70.77,36.22,79.16,13.89,61.03
58,23.77,20.62,73.0,59.03,42.95,39.66,52.35,30.41,69.38,43.32,52.7,30.81,79.63,39.0,5.39,81.32,44.78,85.91,62.2,23.35,23.85,21.1,36.4,69.29,8.54,67.68,12.21,63.13,30.61,67.8,47.04,18.03,55.58,52.01,67.68,28.16,59.2,30.81,57.8,67.45,17.12,15.13,59.91,9.85,14.87,71.7,10.44,63.57,19.1,27.51,24.02,52.77,60.67,18.25,60.03,43.97,26.31,70.77,0.0,37.64,35.85,57.01,11.4
59,52.33,56.94,36.36,46.75,18.6,11.4,17.03,68.01,63.7,46.24,15.81,50.22,44.38,39.62,36.36,43.93,49.98,48.27,38.08,43.01,61.4,17.03,40.52,41.3,45.8,38.08,42.54,51.09,53.24,30.23,35.47,47.01,37.44,32.53,53.76,63.07,35.47,47.01,21.59,42.45,51.4,32.28,22.85,36.25,32.65,35.36,47.43,54.64,56.73,15.3,58.6,40.22,34.44,51.48,45.0,39.22,33.06,36.22,37.64,0.0,43.93,24.19,26.63
60,59.46,38.47,65.79,28.64,32.56,36.0,60.53,54.59,34.23,8.0,58.14,66.24,68.0,69.31,30.46,75.89,8.94,82.97,80.99,58.31,46.39,38.83,4.47,49.68,36.5,82.0,26.31,31.62,17.2,68.47,21.26,53.85,31.11,73.35,93.3,38.63,38.42,8.94,64.12,45.25,51.42,21.63,64.0,26.0,47.2,63.91,36.22,91.61,46.0,46.65,35.44,78.23,77.79,30.27,31.38,72.47,12.21,79.16,35.85,43.93,0.0,68.07,31.89
61,64.38,77.49,34.37,66.85,39.36,33.24,8.06,85.96,84.6,69.92,12.04,57.8,44.55,39.81,57.28,36.35,73.76,36.4,18.36,53.04,80.53,36.4,64.54,52.7,65.55,14.32,64.54,70.8,77.03,20.02,57.25,60.44,56.4,20.02,38.28,84.48,51.62,71.11,8.54,56.22,66.85,55.33,12.37,58.25,46.87,34.71,67.42,42.58,75.13,29.55,80.08,30.02,13.89,73.25,64.2,35.74,57.22,13.89,57.01,24.19,68.07,0.0,47.54
62,32.02,30.41,61.62,50.8,31.95,28.3,42.15,41.73,63.16,38.28,42.06,35.74,68.24,37.64,9.85,70.04,40.61,74.81,55.15,27.51,34.83,11.18,31.06,58.52,19.21,59.3,17.12,55.11,32.57,56.86,38.33,26.02,46.01,45.71,63.69,37.0,48.84,29.68,47.42,57.07,27.51,10.82,49.24,11.0,15.65,60.31,20.81,60.9,30.41,19.0,32.57,48.47,53.0,25.71,51.24,41.34,20.25,61.03,11.4,26.63,31.89,47.54,0.0
