vehicles
vehicle_idx, capacity, cost_per_unit_distance
1,100,3
2,100,3
3,100,3
4,100,3
5,100,3
6,100,3
7,100,3
8,100,3
9,100,3
depot
node_idx,x,y
0,27,93
home delivery customers
node_idx,x,y,service_time,demand
1,29,39,10,2
2,1,59,10,11
3,21,53,10,17
4,81,83,10,23
5,45,9,10,6
6,33,93,10,2
7,3,57,10,5
8,35,43,10,24
9,85,77,10,2
10,19,39,10,17
11,1,13,10,9
12,15,39,10,11
13,31,61,10,9
14,63,97,10,14
15,65,57,10,19
16,57,9,10,20
17,85,37,10,21
18,21,29,10,18
19,41,69,10,17
20,3,31,10,21
21,85,35,10,18
self pickup customers
node_idx,x,y,service_time,demand,locker_idxs
22,33,27,10,16,67-63
23,7,81,10,7,64-61
24,49,9,10,9,69-63
25,79,89,10,21,65-62
26,37,81,10,13,69-61
27,89,75,10,24,72-62-60
28,57,83,10,3,65-68-62
29,43,61,10,23,64-61
30,19,83,10,18,71-61
31,83,17,10,2,66-60
32,41,97,10,6,65-61-62
33,59,69,10,5,65-62
34,15,69,10,11,70-61
35,53,11,10,48,69-63
36,15,77,10,1,64-61-62
37,45,17,10,42,69-63
38,13,25,10,2,67-63
39,63,57,10,4,72-68-62
40,47,7,10,11,69-63
flexible customers
node_idx,x,y,service_time,demand,locker_idxs
41,85,11,10,10,66-69-60
42,7,65,10,19,64-61
43,95,27,10,18,66-60
44,81,85,10,20,71-68-65-62
45,69,69,10,5,71-65-68-72-62
46,15,95,10,11,71-61
47,11,95,10,1,65-61
48,45,11,10,20,69-63
49,83,69,10,19,72-71-68-65-62
50,83,87,10,17,71-65-68-62
51,29,15,10,9,64-63
52,93,83,10,2,71-62
53,31,97,10,21,65-61
54,95,5,10,24,66-60
55,55,91,10,18,68-65-62-61
56,61,69,10,9,65-68-62
57,89,81,10,22,71-68-62
58,45,47,10,9,64-70-63
59,65,93,10,23,65-68-62
lockers
node_idx,x,y,service_time,capacity,cost_per_unit_good
60,93,12,10,92
61,22,88,10,90
62,65,88,10,73
63,25,15,10,79
64,21,54,10,71
65,63,86,10,90
66,83,23,10,92
67,14,39,10,91
68,66,74,10,97
69,68,18,10,98
70,29,48,10,98
71,89,81,10,84
72,86,53,10,81
mrt lines
start_node_idx,end_node_idx,freight_capacity,cost_per_unit_good
60,61,92,0.5
61,60,92,0.5
62,63,79,0.5
63,62,79,0.5
distance matrix
,0,1,2,3,4,5,6,7,8,9,10,11,12,13,14,15,16,17,18,19,20,21,22,23,24,25,26,27,28,29,30,31,32,33,34,35,36,37,38,39,40,41,42,43,44,45,46,47,48,49,50,51,52,53,54,55,56,57,58,59,60,61,62,63,64,65,66,67,68,69,70,71,72,
0,0.0,54.04,42.8,40.45,54.92,85.91,6.0,43.27,50.64,60.17,54.59,84.12,55.32,32.25,36.22,52.35,89.2,80.62,64.28,27.78,66.48,82.02,66.27,23.32,86.83,52.15,15.62,64.56,31.62,35.78,12.81,94.4,14.56,40.0,26.83,86.02,20.0,78.1,69.43,50.91,88.29,100.44,34.41,94.76,54.59,48.37,12.17,16.12,83.95,60.93,56.32,78.03,66.75,5.66,111.21,28.07,41.62,63.15,49.4,38.0,104.48,7.07,38.33,78.03,39.46,36.67,89.64,55.54,43.38,85.48,45.04,63.15,71.28
1,54.04,0.0,34.41,16.12,68.12,34.0,54.15,31.62,7.21,67.68,10.0,38.21,14.0,22.09,67.23,40.25,41.04,56.04,12.81,32.31,27.2,56.14,12.65,47.41,36.06,70.71,42.76,69.97,52.15,26.08,45.12,58.31,59.23,42.43,33.11,36.88,40.5,27.2,21.26,38.47,36.72,62.61,34.06,67.08,69.43,50.0,57.72,58.82,32.25,61.77,72.25,24.0,77.67,58.03,74.24,58.14,43.86,73.24,17.89,64.9,69.46,49.5,60.8,24.33,17.0,58.01,56.32,15.0,50.93,44.29,9.0,73.24,58.69
2,42.8,34.41,0.0,20.88,83.52,66.6,46.69,2.83,37.58,85.91,26.91,46.0,24.41,30.07,72.72,64.03,75.07,86.83,36.06,41.23,28.07,87.36,45.25,22.8,69.31,83.57,42.19,89.44,60.93,42.05,30.0,92.13,55.17,58.86,17.2,70.77,22.8,60.83,36.06,62.03,69.43,96.75,8.49,99.3,84.12,68.73,38.63,37.36,65.12,82.61,86.65,52.15,95.08,48.41,108.41,62.77,60.83,90.71,45.61,72.47,103.31,35.81,70.26,50.12,20.62,67.62,89.55,23.85,66.71,78.55,30.08,90.71,85.21
3,40.45,16.12,20.88,0.0,67.08,50.12,41.76,18.44,17.2,68.35,14.14,44.72,15.23,12.81,60.83,44.18,56.85,65.97,24.0,25.61,28.43,66.48,28.64,31.3,52.15,68.26,32.25,71.47,46.86,23.41,30.07,71.69,48.33,41.23,17.09,52.8,24.74,43.27,29.12,42.19,52.84,76.55,18.44,78.43,68.0,50.6,42.43,43.17,48.37,64.03,70.71,38.83,78.0,45.12,88.2,50.99,43.08,73.54,24.74,59.46,82.86,35.01,56.22,38.21,1.0,53.41,68.88,15.65,49.66,58.6,9.43,73.54,65.0
4,54.92,68.12,83.52,67.08,0.0,82.29,49.03,82.22,60.96,7.21,76.03,106.3,79.32,54.63,22.8,30.53,77.79,46.17,80.72,42.38,93.74,48.17,73.76,74.03,80.62,6.32,44.05,11.31,24.0,43.91,62.0,66.03,42.38,26.08,67.47,77.25,66.27,75.18,89.38,31.62,83.26,72.11,76.16,57.72,2.0,18.44,67.08,71.02,80.5,14.14,4.47,85.6,12.0,51.92,79.25,27.2,24.41,8.25,50.91,18.87,72.01,59.21,16.76,88.09,66.64,18.25,60.03,80.16,17.49,66.29,62.68,8.25,30.41
5,85.91,34.0,66.6,50.12,82.29,0.0,84.85,63.78,35.44,78.89,39.7,44.18,42.43,53.85,89.82,52.0,12.0,48.83,31.24,60.13,47.41,47.71,21.63,81.41,4.0,86.93,72.44,79.32,74.97,52.04,78.43,38.83,88.09,61.61,67.08,8.25,74.32,8.0,35.78,51.26,2.83,40.05,67.68,53.14,84.1,64.62,91.08,92.48,2.0,71.02,86.76,17.09,88.2,89.11,50.16,82.61,62.1,84.38,38.0,86.35,48.09,82.28,81.49,20.88,51.0,79.08,40.5,43.14,68.31,24.7,42.15,84.38,60.14
6,6.0,54.15,46.69,41.76,49.03,84.85,0.0,46.86,50.04,54.41,55.79,86.16,56.92,32.06,30.27,48.17,87.36,76.42,65.12,25.3,68.88,77.9,66.0,28.64,85.51,46.17,12.65,58.82,26.0,33.53,17.2,90.97,8.94,35.38,30.0,84.4,24.08,76.94,70.88,46.86,87.13,97.1,38.21,90.55,48.66,43.27,18.11,22.09,82.87,55.46,50.36,78.1,60.83,4.47,107.65,22.09,36.88,57.27,47.54,32.0,100.8,12.08,32.39,78.41,40.8,30.81,86.02,57.25,38.08,82.76,45.18,57.27,66.4
7,43.27,31.62,2.83,18.44,82.22,63.78,46.86,0.0,34.93,84.4,24.08,44.05,21.63,28.28,72.11,62.0,72.25,84.4,33.29,39.85,26.0,84.9,42.43,24.33,66.48,82.46,41.62,87.86,59.93,40.2,30.53,89.44,55.17,57.27,16.97,67.94,23.32,58.0,33.53,60.0,66.6,94.02,8.94,96.77,82.87,67.08,39.85,38.83,62.29,80.89,85.44,49.4,93.68,48.83,105.68,62.13,59.23,89.29,43.17,71.69,100.62,36.36,69.32,47.41,18.25,66.64,86.93,21.1,65.25,75.8,27.51,89.29,83.1
8,50.64,7.21,37.58,17.2,60.96,35.44,50.04,34.93,0.0,60.46,16.49,45.34,20.4,18.44,60.83,33.11,40.5,50.36,19.8,26.68,34.18,50.64,16.12,47.2,36.77,63.66,38.05,62.77,45.65,19.7,43.08,54.59,54.33,35.38,32.8,36.72,39.45,27.86,28.43,31.3,37.95,59.36,35.61,62.1,62.29,42.8,55.71,57.27,33.53,54.59,65.12,28.64,70.46,54.15,71.02,52.0,36.77,66.03,10.77,58.31,65.76,46.84,54.08,29.73,17.8,51.31,52.0,21.38,43.84,41.4,7.81,66.03,51.97
9,60.17,67.68,85.91,68.35,7.21,78.89,54.41,84.4,60.46,0.0,76.16,105.6,79.65,56.32,29.73,28.28,73.54,40.0,80.0,44.72,94.02,42.0,72.14,78.1,76.94,13.42,48.17,4.47,28.64,44.94,66.27,60.03,48.33,27.2,70.46,73.35,70.0,72.11,88.81,29.73,79.65,66.0,78.92,50.99,8.94,17.89,72.28,76.16,77.18,8.25,10.2,83.55,10.0,57.58,72.69,33.11,25.3,5.66,50.0,25.61,65.49,63.95,22.83,86.28,68.01,23.77,54.04,80.53,19.24,61.4,63.06,5.66,24.02
10,54.59,10.0,26.91,14.14,76.03,39.7,55.79,24.08,16.49,76.16,0.0,31.62,4.0,25.06,72.8,49.4,48.41,66.03,10.2,37.2,17.89,66.12,18.44,43.68,42.43,78.1,45.69,78.71,58.14,32.56,44.0,67.68,62.03,50.0,30.27,44.05,38.21,34.06,15.23,47.54,42.52,71.69,28.64,76.94,77.2,58.31,56.14,56.57,38.21,70.68,80.0,26.0,86.09,59.23,83.26,63.25,51.61,81.63,27.2,70.94,78.77,49.09,67.21,24.74,15.13,64.38,65.97,5.0,58.6,53.31,13.45,81.63,68.45
11,84.12,38.21,46.0,44.72,106.3,44.18,86.16,44.05,45.34,105.6,31.62,0.0,29.53,56.6,104.4,77.67,56.14,87.36,25.61,68.82,18.11,86.83,34.93,68.26,48.17,108.9,76.94,107.65,89.64,63.78,72.28,82.1,93.04,80.62,57.72,52.04,65.51,44.18,16.97,76.03,46.39,84.02,52.35,95.04,107.63,88.09,83.19,82.61,44.05,99.3,110.45,28.07,115.6,89.2,94.34,94.87,82.07,111.21,55.61,102.45,92.01,77.88,98.6,24.08,45.62,95.78,82.61,29.07,89.14,67.19,44.82,111.21,93.94
12,55.32,14.0,24.41,15.23,79.32,42.43,56.92,21.63,20.4,79.65,4.0,29.53,0.0,27.2,75.29,53.14,51.61,70.03,11.66,39.7,14.42,70.11,21.63,42.76,45.34,81.22,47.41,82.29,60.83,35.61,44.18,71.47,63.56,53.25,30.0,47.2,38.0,37.2,14.14,51.26,45.25,75.39,27.2,80.89,80.45,61.77,56.0,56.14,41.04,74.32,83.23,27.78,89.55,60.17,86.93,65.6,54.92,85.09,31.05,73.59,82.54,49.5,70.01,26.0,16.16,67.18,69.86,1.0,61.85,57.01,16.64,85.09,72.37
13,32.25,22.09,30.07,12.81,54.63,53.85,32.06,28.28,18.44,56.32,25.06,56.6,27.2,0.0,48.17,34.23,58.14,59.09,33.53,12.81,41.04,59.93,34.06,31.24,55.03,55.57,20.88,59.67,34.06,12.0,25.06,68.12,37.36,29.12,17.89,54.63,22.63,46.17,40.25,32.25,56.32,73.59,24.33,72.47,55.46,38.83,37.58,39.45,51.92,52.61,58.14,46.04,65.79,36.0,85.04,38.42,31.05,61.35,19.8,46.69,79.03,28.46,43.42,46.39,12.21,40.61,64.4,27.8,37.34,56.73,13.15,61.35,55.58
14,36.22,67.23,72.72,60.83,22.8,89.82,30.27,72.11,60.83,29.73,72.8,104.4,75.29,48.17,0.0,40.05,88.2,63.91,79.92,35.61,89.2,65.79,76.16,58.24,89.11,17.89,30.53,34.06,15.23,41.18,46.17,82.46,22.0,28.28,55.57,86.58,52.0,82.0,87.66,40.0,91.41,88.77,64.5,76.97,21.63,28.64,48.04,52.04,87.86,34.41,22.36,88.77,33.11,32.0,97.41,10.0,28.07,30.53,53.14,4.47,90.14,41.98,9.22,90.38,60.11,11.0,76.66,75.93,23.19,79.16,59.64,30.53,49.65
15,52.35,40.25,64.03,44.18,30.53,52.0,48.17,62.0,33.11,28.28,49.4,77.67,53.14,34.23,40.05,0.0,48.66,28.28,52.15,26.83,67.23,29.73,43.86,62.77,50.6,34.93,36.88,30.0,27.2,22.36,52.84,43.86,46.65,13.42,51.42,47.54,53.85,44.72,61.06,2.0,53.14,50.16,58.55,42.43,32.25,12.65,62.8,66.03,50.16,21.63,34.99,55.32,38.21,52.5,60.03,35.44,12.65,33.94,22.36,36.0,53.0,53.01,31.0,58.0,44.1,29.07,38.47,54.08,17.03,39.12,37.11,33.94,21.38
16,89.2,41.04,75.07,56.85,77.79,12.0,87.36,72.25,40.5,73.54,48.41,56.14,51.61,58.14,88.2,48.66,0.0,39.6,41.18,62.1,58.31,38.21,30.0,87.66,8.0,82.97,74.73,73.35,74.0,53.85,83.19,27.2,89.44,60.03,73.24,4.47,79.92,14.42,46.82,48.37,10.2,28.07,75.07,42.05,79.7,61.19,95.71,97.53,12.17,65.39,82.22,28.64,82.29,91.76,38.21,82.02,60.13,78.79,39.85,84.38,36.12,86.41,79.4,32.56,57.63,77.23,29.53,52.43,65.62,14.21,48.01,78.79,52.7
17,80.62,56.04,86.83,65.97,46.17,48.83,76.42,84.4,50.36,40.0,66.03,87.36,70.03,59.09,63.91,28.28,39.6,0.0,64.5,54.41,82.22,2.0,52.95,89.55,45.61,52.35,65.12,38.21,53.85,48.37,80.45,20.1,74.4,41.23,76.97,41.23,80.62,44.72,72.99,29.73,48.41,26.0,82.87,14.14,48.17,35.78,90.91,94.02,47.71,32.06,50.04,60.17,46.69,80.72,33.53,61.77,40.0,44.18,41.23,59.46,26.25,81.06,54.78,63.91,66.22,53.71,14.14,71.03,41.59,25.5,57.07,44.18,16.03
18,64.28,12.81,36.06,24.0,80.72,31.24,65.12,33.29,19.8,80.0,10.2,25.61,11.66,33.53,79.92,52.15,41.18,64.5,0.0,44.72,18.11,64.28,12.17,53.85,34.41,83.45,54.41,82.1,64.9,38.83,54.04,63.15,70.88,55.17,40.45,36.72,48.37,26.83,8.94,50.48,34.06,66.48,38.63,74.03,82.07,62.48,66.27,66.75,30.0,73.78,84.9,16.12,90.0,68.73,77.79,70.71,56.57,85.6,30.0,77.67,73.98,59.01,73.6,14.56,25.0,70.8,62.29,12.21,63.64,48.27,20.62,85.6,69.29
19,27.78,32.31,41.23,25.61,42.38,60.13,25.3,39.85,26.68,44.72,37.2,68.82,39.7,12.81,35.61,26.83,62.1,54.41,44.72,0.0,53.74,55.61,42.76,36.06,60.53,42.94,12.65,48.37,21.26,8.25,26.08,66.84,28.0,18.0,26.0,59.23,27.2,52.15,52.15,25.06,62.29,72.8,34.23,68.41,43.08,28.0,36.77,39.7,58.14,42.0,45.69,55.32,53.85,29.73,83.74,26.08,20.0,49.48,22.36,33.94,77.16,26.87,30.61,56.32,25.0,27.8,62.29,40.36,25.5,57.71,24.19,49.48,47.76
20,66.48,27.2,28.07,28.43,93.74,47.41,68.88,26.0,34.18,94.02,17.89,18.11,14.42,41.04,89.2,67.23,58.31,82.22,18.11,53.74,0.0,82.1,30.27,50.16,50.99,95.6,60.46,96.6,74.97,50.0,54.41,81.22,76.16,67.68,39.85,53.85,47.54,44.27,11.66,65.39,50.12,84.4,34.23,92.09,94.87,76.16,65.12,64.5,46.52,88.57,97.65,30.53,103.94,71.69,95.6,79.4,69.34,99.48,44.94,87.68,91.98,60.08,84.22,27.2,29.21,81.39,80.4,13.6,76.28,66.29,31.06,99.48,85.87
21,82.02,56.14,87.36,66.48,48.17,47.71,77.9,84.9,50.64,42.0,66.12,86.83,70.11,59.93,65.79,29.73,38.21,2.0,64.28,55.61,82.1,0.0,52.61,90.55,44.41,54.33,66.48,40.2,55.57,49.4,81.61,18.11,76.03,42.8,77.82,40.0,81.63,43.86,72.69,31.11,47.2,24.0,83.57,12.81,50.16,37.58,92.2,95.27,46.65,34.06,52.04,59.46,48.66,82.22,31.62,63.53,41.62,46.17,41.76,61.35,24.35,82.33,56.65,63.25,66.76,55.54,12.17,71.11,43.38,24.04,57.49,46.17,18.03
22,66.27,12.65,45.25,28.64,73.76,21.63,66.0,42.43,16.12,72.14,18.44,34.93,21.63,34.06,76.16,43.86,30.0,52.95,12.17,42.76,30.27,52.61,0.0,59.93,24.08,77.2,54.15,73.76,60.93,35.44,57.72,50.99,70.46,49.4,45.69,25.61,53.14,15.62,20.1,42.43,24.41,54.41,46.04,62.0,75.29,55.32,70.34,71.47,20.0,65.3,78.1,12.65,82.07,70.03,65.79,67.68,50.48,77.79,23.32,73.35,61.85,61.98,68.88,14.42,29.55,66.19,50.16,22.47,57.43,36.14,21.38,77.79,59.03
23,23.32,47.41,22.8,31.3,74.03,81.41,28.64,24.33,47.2,78.1,43.68,68.26,42.76,31.24,58.24,62.77,87.66,89.55,53.85,36.06,50.16,90.55,59.93,0.0,83.35,72.44,30.0,82.22,50.04,41.18,12.17,99.36,37.58,53.37,14.42,83.76,8.94,74.43,56.32,60.93,84.12,104.8,16.0,103.25,74.11,63.15,16.12,14.56,79.65,76.94,76.24,69.57,86.02,28.84,116.28,49.03,55.32,82.0,50.99,59.23,110.26,16.55,58.42,68.41,30.41,56.22,95.6,42.58,59.41,87.69,39.66,82.0,83.82
24,86.83,36.06,69.31,52.15,80.62,4.0,85.51,66.48,36.77,76.94,42.43,48.17,45.34,55.03,89.11,50.6,8.0,45.61,34.41,60.53,50.99,44.41,24.08,83.35,0.0,85.44,72.99,77.18,74.43,52.35,79.85,34.93,88.36,60.83,68.96,4.47,76.03,8.94,39.4,50.0,2.83,36.06,70.0,49.4,82.46,63.25,92.48,94.02,4.47,68.96,85.09,20.88,86.09,89.82,46.17,82.22,61.19,82.37,38.21,85.51,44.1,83.49,80.6,24.74,53.0,78.26,36.77,46.1,67.19,21.02,43.83,82.37,57.49
25,52.15,70.71,83.57,68.26,6.32,86.93,46.17,82.46,63.66,13.42,78.1,108.9,81.22,55.57,17.89,34.93,82.97,52.35,83.45,42.94,95.6,54.33,77.2,72.44,85.44,0.0,42.76,17.2,22.8,45.61,60.3,72.11,38.83,28.28,67.05,82.22,65.12,79.62,91.93,35.78,88.02,78.23,75.89,64.03,4.47,22.36,64.28,68.26,85.09,20.4,4.47,89.31,15.23,48.66,85.51,24.08,26.91,12.81,54.04,14.56,78.26,57.01,14.04,91.61,67.74,16.28,66.12,82.01,19.85,71.85,64.66,12.81,36.67
26,15.62,42.76,42.19,32.25,44.05,72.44,12.65,41.62,38.05,48.17,45.69,76.94,47.41,20.88,30.53,36.88,74.73,65.12,54.41,12.65,60.46,66.48,54.15,30.0,72.99,42.76,0.0,52.35,20.1,20.88,18.11,78.82,16.49,25.06,25.06,71.81,22.36,64.5,60.93,35.38,74.67,84.88,34.0,79.25,44.18,34.18,26.08,29.53,70.46,47.54,46.39,66.48,56.04,17.09,95.6,20.59,26.83,52.0,34.93,30.46,88.87,16.55,28.86,67.08,31.38,26.48,74.03,47.89,29.83,70.21,33.96,52.0,56.44
27,64.56,69.97,89.44,71.47,11.31,79.32,58.82,87.86,62.77,4.47,78.71,107.65,82.29,59.67,34.06,30.0,73.35,38.21,82.1,48.37,96.6,40.2,73.76,82.22,77.18,17.2,52.35,0.0,32.98,48.08,70.46,58.31,52.8,30.59,74.24,73.43,74.03,72.8,90.97,31.62,79.92,64.12,82.61,48.37,12.81,20.88,76.66,80.52,77.67,8.49,13.42,84.85,8.94,62.03,70.26,37.58,28.64,6.0,52.15,30.0,63.13,68.25,27.29,87.73,71.17,28.23,52.35,83.19,23.02,60.75,65.8,6.0,22.2
28,31.62,52.15,60.93,46.86,24.0,74.97,26.0,59.93,45.65,28.64,58.14,89.64,60.83,34.06,15.23,27.2,74.0,53.85,64.9,21.26,74.97,55.57,60.93,50.04,74.43,22.8,20.1,32.98,0.0,26.08,38.0,70.94,21.26,14.14,44.27,72.11,42.43,67.08,72.8,26.68,76.66,77.25,53.14,67.68,24.08,18.44,43.68,47.54,72.99,29.53,26.31,73.54,36.0,29.53,86.76,8.25,14.56,32.06,37.95,12.81,79.61,35.36,9.43,75.15,46.23,6.71,65.39,61.52,12.73,65.92,44.82,32.06,41.73
29,35.78,26.08,42.05,23.41,43.91,52.04,33.53,40.2,19.7,44.94,32.56,63.78,35.61,12.0,41.18,22.36,53.85,48.37,38.83,8.25,50.0,49.4,35.44,41.18,52.35,45.61,20.88,48.08,26.08,0.0,32.56,59.46,36.06,17.89,29.12,50.99,32.25,44.05,46.86,20.4,54.15,65.3,36.22,62.13,44.94,27.2,44.05,46.69,50.04,40.79,47.71,48.08,54.63,37.95,76.42,32.31,19.7,50.16,14.14,38.83,70.01,34.21,34.83,49.4,23.09,32.02,55.17,36.4,26.42,49.74,19.1,50.16,43.74
30,12.81,45.12,30.0,30.07,62.0,78.43,17.2,30.53,43.08,66.27,44.0,72.28,44.18,25.06,46.17,52.84,83.19,80.45,54.04,26.08,54.41,81.61,57.72,12.17,79.85,60.3,18.11,70.46,38.0,32.56,0.0,91.93,26.08,42.38,14.56,79.62,7.21,70.94,58.31,51.11,80.99,97.67,21.63,94.4,62.03,51.92,12.65,14.42,76.55,65.51,64.12,68.73,74.0,18.44,108.9,36.88,44.27,70.03,44.41,47.07,102.55,5.83,46.27,68.26,29.07,44.1,87.73,44.28,47.85,81.4,36.4,70.03,73.41
31,94.4,58.31,92.13,71.69,66.03,38.83,90.97,89.44,54.59,60.03,67.68,82.1,71.47,68.12,82.46,43.86,27.2,20.1,63.15,66.84,81.22,18.11,50.99,99.36,34.93,72.11,78.82,58.31,70.94,59.46,91.93,0.0,90.35,57.27,85.6,30.59,90.69,38.0,70.46,44.72,37.36,6.32,89.89,15.62,68.03,53.85,103.48,106.15,38.47,52.0,70.0,54.04,66.75,95.41,16.97,79.12,56.46,64.28,48.41,78.1,11.18,93.61,73.25,58.03,72.2,71.84,6.0,72.42,59.48,15.03,62.27,64.28,36.12
32,14.56,59.23,55.17,48.33,42.38,88.09,8.94,55.17,54.33,48.33,62.03,93.04,63.56,37.36,22.0,46.65,89.44,74.4,70.88,28.0,76.16,76.03,70.46,37.58,88.36,38.83,16.49,52.8,21.26,36.06,26.08,90.35,0.0,33.29,38.21,86.83,32.8,80.1,77.25,45.65,90.2,96.6,46.69,88.41,41.76,39.6,26.08,30.07,86.09,50.48,43.17,82.87,53.85,10.0,106.68,15.23,34.41,50.6,50.16,24.33,99.64,21.02,25.63,83.55,47.42,24.6,85.09,63.98,33.97,83.49,50.45,50.6,62.94
33,40.0,42.43,58.86,41.23,26.08,61.61,35.38,57.27,35.38,27.2,50.0,80.62,53.25,29.12,28.28,13.42,60.03,41.23,55.17,18.0,67.68,42.8,49.4,53.37,60.83,28.28,25.06,30.59,14.14,17.89,42.38,57.27,33.29,0.0,44.0,58.31,44.72,53.85,63.66,12.65,63.15,63.56,52.15,55.32,27.2,10.0,51.11,54.59,59.67,24.0,30.0,61.77,36.77,39.6,73.43,22.36,2.0,32.31,26.08,24.74,66.37,41.59,19.92,63.81,40.85,17.46,51.88,54.08,8.6,51.79,36.62,32.31,31.38
34,26.83,33.11,17.2,17.09,67.47,67.08,30.0,16.97,32.8,70.46,30.27,57.72,30.0,17.89,55.57,51.42,73.24,76.97,40.45,26.0,39.85,77.82,45.69,14.42,68.96,67.05,25.06,74.24,44.27,29.12,14.56,85.6,38.21,44.0,0.0,69.34,8.0,60.03,44.05,49.48,69.77,90.91,8.94,90.35,67.91,54.0,26.0,26.31,65.3,68.0,70.34,55.79,79.25,32.25,102.45,45.65,46.0,74.97,37.2,55.46,96.61,20.25,53.49,54.92,16.16,50.92,82.1,30.02,51.24,73.55,25.24,74.97,72.78
35,86.02,36.88,70.77,52.8,77.25,8.25,84.4,67.94,36.72,73.35,44.05,52.04,47.2,54.63,86.58,47.54,4.47,41.23,36.72,59.23,53.85,40.0,25.61,83.76,4.47,82.22,71.81,73.43,72.11,50.99,79.62,30.59,86.83,58.31,69.34,0.0,76.16,10.0,42.38,47.07,7.21,32.0,70.94,44.94,79.12,60.17,92.2,93.91,8.0,65.3,81.71,24.33,82.37,88.77,42.43,80.02,58.55,78.71,36.88,82.87,40.01,83.01,77.93,28.28,53.6,75.66,32.31,48.01,64.33,16.55,44.1,78.71,53.41
36,20.0,40.5,22.8,24.74,66.27,74.32,24.08,23.32,39.45,70.0,38.21,65.51,38.0,22.63,52.0,53.85,79.92,80.62,48.37,27.2,47.54,81.63,53.14,8.94,76.03,65.12,22.36,74.03,42.43,32.25,7.21,90.69,32.8,44.72,8.0,76.16,0.0,67.08,52.04,52.0,76.97,96.21,14.42,94.34,66.48,54.59,18.0,18.44,72.5,68.47,68.73,63.56,78.23,25.61,107.63,42.38,46.69,74.11,42.43,52.5,101.53,13.04,51.2,62.8,23.77,48.84,86.83,38.01,51.09,79.31,32.2,74.11,74.95
37,78.1,27.2,60.83,43.27,75.18,8.0,76.94,58.0,27.86,72.11,34.06,44.18,37.2,46.17,82.0,44.72,14.42,44.72,26.83,52.15,44.27,43.86,15.62,74.43,8.94,79.62,64.5,72.8,67.08,44.05,70.94,38.0,80.1,53.85,60.03,10.0,67.08,0.0,32.98,43.86,10.2,40.45,61.22,50.99,76.94,57.27,83.57,85.09,6.0,64.4,79.65,16.12,81.61,81.22,51.42,74.67,54.41,77.67,30.0,78.59,48.26,74.63,73.76,20.1,44.1,71.31,38.47,38.01,60.75,23.02,34.89,77.67,54.56
38,69.43,21.26,36.06,29.12,89.38,35.78,70.88,33.53,28.43,88.81,15.23,16.97,14.14,40.25,87.66,61.06,46.82,72.99,8.94,52.15,11.66,72.69,20.1,56.32,39.4,91.93,60.93,90.97,72.8,46.86,58.31,70.46,77.25,63.66,44.05,42.38,52.04,32.98,0.0,59.36,38.47,73.35,40.45,82.02,90.69,71.22,70.03,70.03,34.93,82.68,93.51,18.87,98.81,74.22,84.4,78.23,65.12,94.4,38.83,85.6,81.05,63.64,81.69,15.62,30.08,78.87,70.03,14.04,72.18,55.44,28.02,94.4,78.19
39,50.91,38.47,62.03,42.19,31.62,51.26,46.86,60.0,31.3,29.73,47.54,76.03,51.26,32.25,40.0,2.0,48.37,29.73,50.48,25.06,65.39,31.11,42.43,60.93,50.0,35.78,35.38,31.62,26.68,20.4,51.11,44.72,45.65,12.65,49.48,47.07,52.0,43.86,59.36,0.0,52.5,50.99,56.57,43.86,33.29,13.42,61.22,64.4,49.4,23.32,36.06,54.04,39.7,51.22,61.06,34.93,12.17,35.38,20.59,36.06,54.08,51.4,31.06,56.64,42.11,29.0,39.45,52.2,17.26,39.32,35.17,35.38,23.35
40,88.29,36.72,69.43,52.84,83.26,2.83,87.13,66.6,37.95,79.65,42.52,46.39,45.25,56.32,91.41,53.14,10.2,48.41,34.06,62.29,50.12,47.2,24.41,84.12,2.83,88.02,74.67,79.92,76.66,54.15,80.99,37.36,90.2,63.15,69.77,7.21,76.97,10.2,38.47,52.5,0.0,38.21,70.46,52.0,85.09,65.79,93.64,95.08,4.47,71.69,87.73,19.7,88.84,91.41,48.04,84.38,63.56,85.09,40.05,87.86,46.27,84.77,82.98,23.41,53.71,80.6,39.4,45.97,69.64,23.71,44.78,85.09,60.31
41,100.44,62.61,96.75,76.55,72.11,40.05,97.1,94.02,59.36,66.0,71.69,84.02,75.39,73.59,88.77,50.16,28.07,26.0,66.48,72.8,84.4,24.0,54.41,104.8,36.06,78.23,84.88,64.12,77.25,65.3,97.67,6.32,96.6,63.56,90.91,32.0,96.21,40.45,73.35,50.99,38.21,0.0,94.87,18.87,74.11,60.17,109.34,111.95,40.0,58.03,76.03,56.14,72.44,101.55,11.66,85.44,62.77,70.11,53.81,84.4,8.06,99.49,79.56,60.13,77.1,78.16,12.17,76.32,65.8,18.38,67.12,70.11,42.01
42,34.41,34.06,8.49,18.44,76.16,67.68,38.21,8.94,35.61,78.92,28.64,52.35,27.2,24.33,64.5,58.55,75.07,82.87,38.63,34.23,34.23,83.57,46.04,16.0,70.0,75.89,34.0,82.61,53.14,36.22,21.63,89.89,46.69,52.15,8.94,70.94,14.42,61.22,40.45,56.57,70.46,94.87,0.0,95.85,76.66,62.13,31.05,30.27,66.03,76.11,79.12,54.63,87.86,40.0,106.51,54.59,54.15,83.55,42.05,64.4,101.02,27.46,62.39,53.14,17.8,59.81,86.83,26.93,59.68,77.01,27.8,83.55,79.91
43,94.76,67.08,99.3,78.43,57.72,53.14,90.55,96.77,62.1,50.99,76.94,95.04,80.89,72.47,76.97,42.43,42.05,14.14,74.03,68.41,92.09,12.81,62.0,103.25,49.4,64.03,79.25,48.37,67.68,62.13,94.4,15.62,88.41,55.32,90.35,44.94,94.34,50.99,82.02,43.86,52.0,18.87,95.85,0.0,59.67,49.4,105.0,108.07,52.5,43.68,61.19,67.08,56.04,94.85,22.0,75.47,54.04,54.33,53.85,72.5,15.13,95.13,67.98,71.02,78.77,67.12,12.65,81.88,55.23,28.46,69.26,54.33,27.51
44,54.59,69.43,84.12,68.0,2.0,84.1,48.66,82.87,62.29,8.94,77.2,107.63,80.45,55.46,21.63,32.25,79.7,48.17,82.07,43.08,94.87,50.16,75.29,74.11,82.46,4.47,44.18,12.81,24.08,44.94,62.03,68.03,41.76,27.2,67.91,79.12,66.48,76.94,90.69,33.29,85.09,74.11,76.66,59.67,0.0,20.0,66.75,70.71,82.29,16.12,2.83,87.2,12.17,51.42,81.22,26.68,25.61,8.94,52.35,17.89,73.98,59.08,16.28,89.64,67.54,18.03,62.03,81.27,18.6,68.25,63.82,8.94,32.39
45,48.37,50.0,68.73,50.6,18.44,64.62,43.27,67.08,42.8,17.89,58.31,88.09,61.77,38.83,28.64,12.65,61.19,35.78,62.48,28.0,76.16,37.58,55.32,63.15,63.25,22.36,34.18,20.88,18.44,27.2,51.92,53.85,39.6,10.0,54.0,60.17,54.59,57.27,71.22,13.42,65.79,60.17,62.13,49.4,20.0,0.0,59.93,63.56,62.77,14.0,22.8,67.2,27.78,47.2,69.08,26.08,8.0,23.32,32.56,24.33,61.85,50.7,19.42,69.66,50.29,18.03,48.08,62.65,5.83,51.01,45.18,23.32,23.35
46,12.17,57.72,38.63,42.43,67.08,91.08,18.11,39.85,55.71,72.28,56.14,83.19,56.0,37.58,48.04,62.8,95.71,90.91,66.27,36.77,65.12,92.2,70.34,16.12,92.48,64.28,26.08,76.66,43.68,44.05,12.65,103.48,26.08,51.11,26.0,92.2,18.0,83.57,70.03,61.22,93.64,109.34,31.05,105.0,66.75,59.93,0.0,4.0,89.2,72.8,68.47,81.22,78.92,16.12,120.42,40.2,52.84,75.31,56.6,50.04,113.9,9.9,50.49,80.62,41.44,48.84,99.04,56.01,55.15,93.48,49.04,75.31,82.49
47,16.12,58.82,37.36,43.17,71.02,92.48,22.09,38.83,57.27,76.16,56.57,82.61,56.14,39.45,52.04,66.03,97.53,94.02,66.75,39.7,64.5,95.27,71.47,14.56,94.02,68.26,29.53,80.52,47.54,46.69,14.42,106.15,30.07,54.59,26.31,93.91,18.44,85.09,70.03,64.4,95.08,111.95,30.27,108.07,70.71,63.56,4.0,0.0,90.62,76.55,72.44,82.0,82.87,20.1,123.11,44.18,56.36,79.25,58.82,54.04,116.67,13.04,54.45,81.22,42.2,52.77,101.82,56.08,58.87,95.8,50.33,79.25,85.96
48,83.95,32.25,65.12,48.37,80.5,2.0,82.87,62.29,33.53,77.18,38.21,44.05,41.04,51.92,87.86,50.16,12.17,47.71,30.0,58.14,46.52,46.65,20.0,79.65,4.47,85.09,70.46,77.67,72.99,50.04,76.55,38.47,86.09,59.67,65.3,8.0,72.5,6.0,34.93,49.4,4.47,40.0,66.03,52.5,82.29,62.77,89.2,90.62,0.0,69.34,84.97,16.49,86.53,87.13,50.36,80.62,60.17,82.68,36.0,84.4,48.01,80.36,79.56,20.4,49.24,77.13,39.85,41.77,66.41,24.04,40.31,82.68,58.69
49,60.93,61.77,82.61,64.03,14.14,71.02,55.46,80.89,54.59,8.25,70.68,99.3,74.32,52.61,34.41,21.63,65.39,32.06,73.78,42.0,88.57,34.06,65.3,76.94,68.96,20.4,47.54,8.49,29.53,40.79,65.51,52.0,50.48,24.0,68.0,65.3,68.47,64.4,82.68,23.32,71.69,58.03,76.11,43.68,16.12,14.0,72.8,76.55,69.34,0.0,18.0,76.37,17.2,59.06,65.12,35.61,22.0,13.42,43.91,30.0,57.87,63.89,26.17,79.25,63.79,26.25,46.0,75.24,17.72,53.16,57.94,13.42,16.28
50,56.32,72.25,86.65,70.71,4.47,86.76,50.36,85.44,65.12,10.2,80.0,110.45,83.23,58.14,22.36,34.99,82.22,50.04,84.9,45.69,97.65,52.04,78.1,76.24,85.09,4.47,46.39,13.42,26.31,47.71,64.12,70.0,43.17,30.0,70.34,81.71,68.73,79.65,93.51,36.06,87.73,76.03,79.12,61.19,2.83,22.8,68.47,72.44,84.97,18.0,0.0,90.0,10.77,52.95,82.87,28.28,28.43,8.49,55.17,18.97,75.66,61.01,18.03,92.46,70.24,20.02,64.0,84.05,21.4,70.61,66.61,8.49,34.13
51,78.03,24.0,52.15,38.83,85.6,17.09,78.1,49.4,28.64,83.55,26.0,28.07,27.78,46.04,88.77,55.32,28.64,60.17,16.12,55.32,30.53,59.46,12.65,69.57,20.88,89.31,66.48,84.85,73.54,48.08,68.73,54.04,82.87,61.77,55.79,24.33,63.56,16.12,18.87,54.04,19.7,56.14,54.63,67.08,87.2,67.2,81.22,82.0,16.49,76.37,90.0,0.0,93.38,82.02,66.75,80.32,62.77,89.2,35.78,85.91,64.07,73.33,81.39,4.0,39.81,78.72,54.59,28.3,69.64,39.12,33.0,89.2,68.51
52,66.75,77.67,95.08,78.0,12.0,88.2,60.83,93.68,70.46,10.0,86.09,115.6,89.55,65.79,33.11,38.21,82.29,46.69,90.0,53.85,103.94,48.66,82.07,86.02,86.09,15.23,56.04,8.94,36.0,54.63,74.0,66.75,53.85,36.77,79.25,82.37,78.23,81.61,98.81,39.7,88.84,72.44,87.86,56.04,12.17,27.78,78.92,82.87,86.53,17.2,10.77,93.38,0.0,63.56,78.03,38.83,34.93,4.47,60.0,29.73,71.0,71.18,28.44,96.17,77.62,30.15,60.83,90.43,28.46,69.64,72.95,4.47,30.81
53,5.66,58.03,48.41,45.12,51.92,89.11,4.47,48.83,54.15,57.58,59.23,89.2,60.17,36.0,32.0,52.5,91.76,80.72,68.73,29.73,71.69,82.22,70.03,28.84,89.82,48.66,17.09,62.03,29.53,37.95,18.44,95.41,10.0,39.6,32.25,88.77,25.61,81.22,74.22,51.22,91.41,101.55,40.0,94.85,51.42,47.2,16.12,20.1,87.13,59.06,52.95,82.02,63.56,0.0,112.07,24.74,41.04,60.17,51.92,34.23,105.21,12.73,35.17,82.22,44.15,33.84,90.44,60.44,41.88,87.24,49.04,60.17,70.43
54,111.21,74.24,108.41,88.2,79.25,50.16,107.65,105.68,71.02,72.69,83.26,94.34,86.93,85.04,97.41,60.03,38.21,33.53,77.79,83.74,95.6,31.62,65.79,116.28,46.17,85.51,95.6,70.26,86.76,76.42,108.9,16.97,106.68,73.43,102.45,42.43,107.63,51.42,84.4,61.06,48.04,11.66,106.51,22.0,81.22,69.08,120.42,123.11,50.36,65.12,82.87,66.75,78.03,112.07,0.0,94.85,72.47,76.24,65.3,92.97,7.28,110.54,88.26,70.71,88.75,87.09,21.63,87.85,74.85,29.97,78.77,76.24,48.84
55,28.07,58.14,62.77,50.99,27.2,82.61,22.09,62.13,52.0,33.11,63.25,94.87,65.6,38.42,10.0,35.44,82.02,61.77,70.71,26.08,79.4,63.53,67.68,49.03,82.22,24.08,20.59,37.58,8.25,32.31,36.88,79.12,15.23,22.36,45.65,80.02,42.38,74.67,78.23,34.93,84.38,85.44,54.59,75.47,26.68,26.08,40.2,44.18,80.62,35.61,28.28,80.32,38.83,24.74,94.85,0.0,22.8,35.44,45.12,10.2,87.66,33.14,10.44,81.71,50.25,9.43,73.54,66.22,20.25,74.15,50.25,35.44,49.04
56,41.62,43.86,60.83,43.08,24.41,62.1,36.88,59.23,36.77,25.3,51.61,82.07,54.92,31.05,28.07,12.65,60.13,40.0,56.57,20.0,69.34,41.62,50.48,55.32,61.19,26.91,26.83,28.64,14.56,19.7,44.27,56.46,34.41,2.0,46.0,58.55,46.69,54.41,65.12,12.17,63.56,62.77,54.15,54.04,25.61,8.0,52.84,56.36,60.17,22.0,28.43,62.77,34.93,41.04,72.47,22.8,0.0,30.46,27.2,24.33,65.37,43.38,19.42,64.9,42.72,17.12,50.99,55.76,7.07,51.48,38.28,30.46,29.68
57,63.15,73.24,90.71,73.54,8.25,84.38,57.27,89.29,66.03,5.66,81.63,111.21,85.09,61.35,30.53,33.94,78.79,44.18,85.6,49.48,99.48,46.17,77.79,82.0,82.37,12.81,52.0,6.0,32.06,50.16,70.03,64.28,50.6,32.31,74.97,78.71,74.11,77.67,94.4,35.38,85.09,70.11,83.55,54.33,8.94,23.32,75.31,79.25,82.68,13.42,8.49,89.2,4.47,60.17,76.24,35.44,30.46,0.0,55.61,26.83,69.12,67.36,25.0,91.93,73.16,26.48,58.31,85.96,24.04,66.41,68.48,0.0,28.16
58,49.4,17.89,45.61,24.74,50.91,38.0,47.54,43.17,10.77,50.0,27.2,55.61,31.05,19.8,53.14,22.36,39.85,41.23,30.0,22.36,44.94,41.76,23.32,50.99,38.21,54.04,34.93,52.15,37.95,14.14,44.41,48.41,50.16,26.08,37.2,36.88,42.43,30.0,38.83,20.59,40.05,53.81,42.05,53.85,52.35,32.56,56.6,58.82,36.0,43.91,55.17,35.78,60.0,51.92,65.3,45.12,27.2,55.61,0.0,50.16,59.41,47.01,45.62,37.74,25.0,42.95,44.94,32.02,34.21,37.01,16.03,55.61,41.44
59,38.0,64.9,72.47,59.46,18.87,86.35,32.0,71.69,58.31,25.61,70.94,102.45,73.59,46.69,4.47,36.0,84.38,59.46,77.67,33.94,87.68,61.35,73.35,59.23,85.51,14.56,30.46,30.0,12.81,38.83,47.07,78.1,24.33,24.74,55.46,82.87,52.5,78.59,85.6,36.06,87.86,84.4,64.4,72.5,17.89,24.33,50.04,54.04,84.4,30.0,18.97,85.91,29.73,34.23,92.97,10.2,24.33,26.83,50.16,0.0,85.7,43.29,5.0,87.66,58.8,7.28,72.28,74.28,19.03,75.06,57.63,26.83,45.18
60,104.48,69.46,103.31,82.86,72.01,48.09,100.8,100.62,65.76,65.49,78.77,92.01,82.54,79.03,90.14,53.0,36.12,26.25,73.98,77.16,91.98,24.35,61.85,110.26,44.1,78.26,88.87,63.13,79.61,70.01,102.55,11.18,99.64,66.37,96.61,40.01,101.53,48.26,81.05,54.08,46.27,8.06,101.02,15.13,73.98,61.85,113.9,116.67,48.01,57.87,75.66,64.07,71.0,105.21,7.28,87.66,65.37,69.12,59.41,85.7,0.0,104.0,80.99,68.07,83.35,79.85,14.87,83.49,67.62,25.71,73.43,69.12,41.59
61,7.07,49.5,35.81,35.01,59.21,82.28,12.08,36.36,46.84,63.95,49.09,77.88,49.5,28.46,41.98,53.01,86.41,81.06,59.01,26.87,60.08,82.33,61.98,16.55,83.49,57.01,16.55,68.25,35.36,34.21,5.83,93.61,21.02,41.59,20.25,83.01,13.04,74.63,63.64,51.4,84.77,99.49,27.46,95.13,59.08,50.7,9.9,13.04,80.36,63.89,61.01,73.33,71.18,12.73,110.54,33.14,43.38,67.36,47.01,43.29,104.0,0.0,43.0,73.06,34.01,41.05,89.14,49.65,46.17,83.76,40.61,67.36,72.95
62,38.33,60.8,70.26,56.22,16.76,81.49,32.39,69.32,54.08,22.83,67.21,98.6,70.01,43.42,9.22,31.0,79.4,54.78,73.6,30.61,84.22,56.65,68.88,58.42,80.6,14.04,28.86,27.29,9.43,34.83,46.27,73.25,25.63,19.92,53.49,77.93,51.2,73.76,81.69,31.06,82.98,79.56,62.39,67.98,16.28,19.42,50.49,54.45,79.56,26.17,18.03,81.39,28.44,35.17,88.26,10.44,19.42,25.0,45.62,5.0,80.99,43.0,0.0,83.24,55.61,2.83,67.45,70.72,14.04,70.06,53.81,25.0,40.82
63,78.03,24.33,50.12,38.21,88.09,20.88,78.41,47.41,29.73,86.28,24.74,24.08,26.0,46.39,90.38,58.0,32.56,63.91,14.56,56.32,27.2,63.25,14.42,68.41,24.74,91.61,67.08,87.73,75.15,49.4,68.26,58.03,83.55,63.81,54.92,28.28,62.8,20.1,15.62,56.64,23.41,60.13,53.14,71.02,89.64,69.66,80.62,81.22,20.4,79.25,92.46,4.0,96.17,82.22,70.71,81.71,64.9,91.93,37.74,87.66,68.07,73.06,83.24,0.0,39.2,80.53,58.55,26.4,71.85,43.1,33.24,91.93,71.87
64,39.46,17.0,20.62,1.0,66.64,51.0,40.8,18.25,17.8,68.01,15.13,45.62,16.16,12.21,60.11,44.1,57.63,66.22,25.0,25.0,29.21,66.76,29.55,30.41,53.0,67.74,31.38,71.17,46.23,23.09,29.07,72.2,47.42,40.85,16.16,53.6,23.77,44.1,30.08,42.11,53.71,77.1,17.8,78.77,67.54,50.29,41.44,42.2,49.24,63.79,70.24,39.81,77.62,44.15,88.75,50.25,42.72,73.16,25.0,58.8,83.35,34.01,55.61,39.2,0.0,52.8,69.32,16.55,49.24,59.2,10.0,73.16,65.01
65,36.67,58.01,67.62,53.41,18.25,79.08,30.81,66.64,51.31,23.77,64.38,95.78,67.18,40.61,11.0,29.07,77.23,53.71,70.8,27.8,81.39,55.54,66.19,56.22,78.26,16.28,26.48,28.23,6.71,32.02,44.1,71.84,24.6,17.46,50.92,75.66,48.84,71.31,78.87,29.0,80.6,78.16,59.81,67.12,18.03,18.03,48.84,52.77,77.13,26.25,20.02,78.72,30.15,33.84,87.09,9.43,17.12,26.48,42.95,7.28,79.85,41.05,2.83,80.53,52.8,0.0,66.1,67.9,12.37,68.18,50.99,26.48,40.22
66,89.64,56.32,89.55,68.88,60.03,40.5,86.02,86.93,52.0,54.04,65.97,82.61,69.86,64.4,76.66,38.47,29.53,14.14,62.29,62.29,80.4,12.17,50.16,95.6,36.77,66.12,74.03,52.35,65.39,55.17,87.73,6.0,85.09,51.88,82.1,32.31,86.83,38.47,70.03,39.45,39.4,12.17,86.83,12.65,62.03,48.08,99.04,101.82,39.85,46.0,64.0,54.59,60.83,90.44,21.63,73.54,50.99,58.31,44.94,72.28,14.87,89.14,67.45,58.55,69.32,66.1,0.0,70.83,53.76,15.81,59.51,58.31,30.15
67,55.54,15.0,23.85,15.65,80.16,43.14,57.25,21.1,21.38,80.53,5.0,29.07,1.0,27.8,75.93,54.08,52.43,71.03,12.21,40.36,13.6,71.11,22.47,42.58,46.1,82.01,47.89,83.19,61.52,36.4,44.28,72.42,63.98,54.08,30.02,48.01,38.01,38.01,14.04,52.2,45.97,76.32,26.93,81.88,81.27,62.65,56.01,56.08,41.77,75.24,84.05,28.3,90.43,60.44,87.85,66.22,55.76,85.96,32.02,74.28,83.49,49.65,70.72,26.4,16.55,67.9,70.83,0.0,62.68,57.94,17.49,85.96,73.35
68,43.38,50.93,66.71,49.66,17.49,68.31,38.08,65.25,43.84,19.24,58.6,89.14,61.85,37.34,23.19,17.03,65.62,41.59,63.64,25.5,76.28,43.38,57.43,59.41,67.19,19.85,29.83,23.02,12.73,26.42,47.85,59.48,33.97,8.6,51.24,64.33,51.09,60.75,72.18,17.26,69.64,65.8,59.68,55.23,18.6,5.83,55.15,58.87,66.41,17.72,21.4,69.64,28.46,41.88,74.85,20.25,7.07,24.04,34.21,19.03,67.62,46.17,14.04,71.85,49.24,12.37,53.76,62.68,0.0,56.04,45.22,24.04,29.0
69,85.48,44.29,78.55,58.6,66.29,24.7,82.76,75.8,41.4,61.4,53.31,67.19,57.01,56.73,79.16,39.12,14.21,25.5,48.27,57.71,66.29,24.04,36.14,87.69,21.02,71.85,70.21,60.75,65.92,49.74,81.4,15.03,83.49,51.79,73.55,16.55,79.31,23.02,55.44,39.32,23.71,18.38,77.01,28.46,68.25,51.01,93.48,95.8,24.04,53.16,70.61,39.12,69.64,87.24,29.97,74.15,51.48,66.41,37.01,75.06,25.71,83.76,70.06,43.1,59.2,68.18,15.81,57.94,56.04,0.0,49.2,66.41,39.36
70,45.04,9.0,30.08,9.43,62.68,42.15,45.18,27.51,7.81,63.06,13.45,44.82,16.64,13.15,59.64,37.11,48.01,57.07,20.62,24.19,31.06,57.49,21.38,39.66,43.83,64.66,33.96,65.8,44.82,19.1,36.4,62.27,50.45,36.62,25.24,44.1,32.2,34.89,28.02,35.17,44.78,67.12,27.8,69.26,63.82,45.18,49.04,50.33,40.31,57.94,66.61,33.0,72.95,49.04,78.77,50.25,38.28,68.48,16.03,57.63,73.43,40.61,53.81,33.24,10.0,50.99,59.51,17.49,45.22,49.2,0.0,68.48,57.22
71,63.15,73.24,90.71,73.54,8.25,84.38,57.27,89.29,66.03,5.66,81.63,111.21,85.09,61.35,30.53,33.94,78.79,44.18,85.6,49.48,99.48,46.17,77.79,82.0,82.37,12.81,52.0,6.0,32.06,50.16,70.03,64.28,50.6,32.31,74.97,78.71,74.11,77.67,94.4,35.38,85.09,70.11,83.55,54.33,8.94,23.32,75.31,79.25,82.68,13.42,8.49,89.2,4.47,60.17,76.24,35.44,30.46,0.0,55.61,26.83,69.12,67.36,25.0,91.93,73.16,26.48,58.31,85.96,24.04,66.41,68.48,0.0,28.16
72,71.28,58.69,85.21,65.0,30.41,60.14,66.4,83.1,51.97,24.02,68.45,93.94,72.37,55.58,49.65,21.38,52.7,16.03,69.29,47.76,85.87,18.03,59.03,83.82,57.49,36.67,56.44,22.2,41.73,43.74,73.41,36.12,62.94,31.38,72.78,53.41,74.95,54.56,78.19,23.35,60.31,42.01,79.91,27.51,32.39,23.35,82.49,85.96,58.69,16.28,34.13,68.51,30.81,70.43,48.84,49.04,29.68,28.16,41.44,45.18,41.59,72.95,40.82,71.87,65.01,40.22,30.15,73.35,29.0,39.36,57.22,28.16,0.0
