vehicles
vehicle_idx, capacity, cost_per_unit_distance
1,100,1
2,100,1
3,100,1
4,100,1
5,100,1
6,100,1
7,100,1
8,100,1
9,100,1
depot
node_idx,x,y
0,36,64
home delivery customers
node_idx,x,y,service_time,demand
1,16,46,15,25
2,41,30,15,11
3,81,45,15,20
4,21,14,15,14
5,65,96,15,17
6,21,14,15,36
7,57,2,15,6
8,66,62,15,21
9,58,96,15,11
10,50,99,15,10
11,84,85,15,19
12,11,54,15,19
13,30,93,15,11
14,9,60,15,15
15,33,58,15,2
16,21,51,15,15
17,57,7,15,18
18,81,6,15,13
19,49,6,15,3
20,95,76,15,10
21,69,16,15,7
22,1,14,15,18
self pickup customers
node_idx,x,y,service_time,demand,locker_idxs
23,94,47,15,3,57
24,10,23,15,12,55
25,14,79,15,21,58
26,42,56,15,10,59
27,90,17,15,20,57
28,13,49,15,11,59
29,5,51,15,17,58
30,41,50,15,22,59
31,60,97,15,15,56-60
32,60,89,15,22,56
33,47,44,15,22,59
34,19,40,15,12,55-59
35,9,62,15,14,59-58
36,10,49,15,10,55-59
37,97,11,15,24,57
38,46,22,15,11,57-55-59
flexible customers
node_idx,x,y,service_time,demand,locker_idxs
39,25,79,15,4,58-59
40,41,39,15,13,59
41,41,46,15,16,59
42,14,42,15,7,55-59
43,97,90,15,21,56-60
44,47,76,15,23,56-60
45,58,68,15,7,56-60
46,15,40,15,24,59-55
47,88,21,15,25,57
48,51,78,15,20,56-60
49,84,36,15,10,57
50,89,44,15,66,57
51,75,66,15,12,56-60
52,74,69,15,5,56-60
53,96,91,15,7,56-60
54,74,92,15,12,56-60
lockers
node_idx,x,y,service_time,capacity,cost_per_unit_good
55,8.200000000000001,9.275000000000002,30,503,100
56,81.64000000000001,91.72500000000001,30,503,100
57,81.64000000000001,9.275000000000002,30,503,100
58,8.200000000000001,91.72500000000001,30,503,100
59,13,46,15,125,100
60,78,89,15,125,100
mrt lines
start_node_idx,end_node_idx,freight_capacity,cost_per_unit_good
55,56,503,5
56,55,503,5
57,58,503,5
58,57,503,5
distance matrix
,0,1,2,3,4,5,6,7,8,9,10,11,12,13,14,15,16,17,18,19,20,21,22,23,24,25,26,27,28,29,30,31,32,33,34,35,36,37,38,39,40,41,42,43,44,45,46,47,48,49,50,51,52,53,54,55,56,57,58,59,60,
0,0.0,26.91,34.37,48.85,52.2,43.19,52.2,65.46,30.07,38.83,37.7,52.39,26.93,29.61,27.29,6.71,19.85,60.75,73.41,59.44,60.21,58.25,61.03,60.44,48.55,26.63,10.0,71.59,27.46,33.62,14.87,40.8,34.66,22.83,29.41,27.07,30.02,80.81,43.17,18.6,25.5,18.68,31.11,66.31,16.28,22.36,31.89,67.48,20.52,55.57,56.65,39.05,38.33,65.8,47.2,61.38,53.4,71.26,39.26,29.21,48.88
1,26.91,0.0,29.68,65.01,32.39,70.01,32.39,60.14,52.5,65.3,62.97,78.39,9.43,49.04,15.65,20.81,7.07,56.59,76.32,51.86,84.5,60.9,35.34,78.01,23.77,33.06,27.86,79.48,4.24,12.08,25.32,67.36,61.52,31.06,6.71,17.46,6.71,88.24,38.42,34.21,25.96,25.0,4.47,92.18,43.14,47.41,6.08,76.22,47.42,68.73,73.03,62.3,62.39,91.79,74.03,37.54,80.0,75.22,46.39,3.0,75.45
2,34.37,29.68,0.0,42.72,25.61,70.23,25.61,32.25,40.61,68.15,69.58,69.81,38.42,63.95,43.86,29.12,29.0,28.02,46.65,25.3,70.94,31.3,43.08,55.66,31.78,55.95,26.02,50.7,33.84,41.68,20.0,69.64,61.98,15.23,24.17,45.25,36.36,59.14,9.43,51.55,9.0,16.0,29.55,82.07,46.39,41.63,27.86,47.85,49.03,43.42,50.0,49.52,51.09,82.13,70.24,38.8,73.9,45.62,69.9,32.25,69.64
3,48.85,65.01,42.72,0.0,67.54,53.45,67.54,49.24,22.67,55.95,62.27,40.11,70.58,70.04,73.55,49.73,60.3,44.94,39.0,50.45,34.01,31.38,85.8,13.15,74.33,75.13,40.52,29.41,68.12,76.24,40.31,56.08,48.75,34.01,62.2,73.98,71.11,37.58,41.88,65.51,40.45,40.01,67.07,47.76,46.01,32.53,66.19,25.0,44.6,9.49,8.06,21.84,25.0,48.38,47.52,81.09,46.73,35.73,86.5,68.01,44.1
4,52.2,32.39,25.61,67.54,0.0,93.06,0.0,37.95,65.8,89.96,89.81,94.92,41.23,79.51,47.54,45.61,37.0,36.67,60.53,29.12,96.54,48.04,20.0,80.11,14.21,65.38,46.96,69.07,35.9,40.31,41.18,91.71,84.53,39.7,26.08,49.48,36.69,76.06,26.25,65.12,32.02,37.74,28.86,107.48,67.23,65.46,26.68,67.36,70.68,66.73,74.32,74.97,76.38,107.49,94.3,13.64,98.58,60.82,78.77,32.98,94.2
5,43.19,70.01,70.23,53.45,93.06,0.0,93.06,94.34,34.01,7.0,15.3,21.95,68.41,35.13,66.57,49.68,62.94,89.36,91.41,91.41,36.06,80.1,104.02,56.94,91.4,53.76,46.14,82.86,70.09,75.0,51.88,5.1,8.6,55.03,72.47,65.51,72.35,90.82,76.4,43.46,61.85,55.46,74.28,32.56,26.91,28.86,75.07,78.45,22.8,62.94,57.27,31.62,28.46,31.4,9.85,103.67,17.18,88.31,56.96,72.14,14.76
6,52.2,32.39,25.61,67.54,0.0,93.06,0.0,37.95,65.8,89.96,89.81,94.92,41.23,79.51,47.54,45.61,37.0,36.67,60.53,29.12,96.54,48.04,20.0,80.11,14.21,65.38,46.96,69.07,35.9,40.31,41.18,91.71,84.53,39.7,26.08,49.48,36.69,76.06,26.25,65.12,32.02,37.74,28.86,107.48,67.23,65.46,26.68,67.36,70.68,66.73,74.32,74.97,76.38,107.49,94.3,13.64,98.58,60.82,78.77,32.98,94.2
7,65.46,60.14,32.25,49.24,37.95,94.34,37.95,0.0,60.67,94.01,97.25,87.28,69.43,94.92,75.29,60.93,60.8,5.0,24.33,8.94,83.19,18.44,57.27,58.26,51.48,88.19,56.04,36.25,64.38,71.45,50.6,95.05,87.05,43.17,53.74,76.84,66.47,41.0,22.83,83.38,40.31,46.82,58.73,96.66,74.67,66.01,56.64,36.36,76.24,43.42,52.8,66.48,69.12,97.17,91.59,49.34,93.05,25.69,102.14,62.23,89.5
8,30.07,52.5,40.61,22.67,65.8,34.01,65.8,60.67,0.0,34.93,40.31,29.21,55.58,47.51,57.04,33.24,46.32,55.73,57.97,58.52,32.2,46.1,80.8,31.76,68.24,54.71,24.74,51.0,54.57,61.98,27.73,35.51,27.66,26.17,51.89,57.0,57.49,59.68,44.72,44.38,33.97,29.68,55.71,41.77,23.6,10.0,55.54,46.53,21.93,31.62,29.21,9.85,10.63,41.73,31.05,78.24,33.59,55.0,65.0,55.36,29.55
9,38.83,65.3,68.15,55.95,89.96,7.0,89.96,94.01,34.93,0.0,8.54,28.23,63.03,28.16,60.8,45.49,58.26,89.01,92.89,90.45,42.06,80.75,99.86,60.8,87.37,47.17,43.08,85.23,65.07,69.53,49.04,2.24,7.28,53.15,68.24,59.64,67.18,93.52,74.97,37.12,59.48,52.81,69.66,39.46,22.83,28.0,70.6,80.78,19.31,65.39,60.54,34.48,31.38,38.33,16.49,100.01,24.02,89.89,49.98,67.27,21.19
10,37.7,62.97,69.58,62.27,89.81,15.3,89.81,97.25,40.31,8.54,0.0,36.77,59.55,20.88,56.59,44.38,56.08,92.27,98.03,93.01,50.54,85.15,98.11,68.12,85.88,41.18,43.74,91.24,62.2,65.8,49.82,10.2,14.14,55.08,66.65,55.23,64.03,99.76,77.1,32.02,60.67,53.76,67.42,47.85,23.19,32.02,68.6,86.76,21.02,71.59,67.42,41.4,38.42,46.69,25.0,98.98,32.47,95.14,42.43,64.64,29.73
11,52.39,78.39,69.81,40.11,94.92,21.95,94.92,87.28,29.21,28.23,36.77,0.0,79.31,54.59,79.06,57.71,71.59,82.54,79.06,86.41,14.21,70.61,109.22,39.29,96.54,70.26,51.04,68.26,79.61,86.01,55.44,26.83,24.33,55.23,79.06,78.45,82.29,75.13,73.57,59.3,62.97,58.05,82.15,13.93,38.08,31.06,82.38,64.12,33.73,49.0,41.3,21.02,18.87,13.42,12.21,107.14,7.13,75.76,76.1,81.01,7.21
12,26.93,9.43,38.42,70.58,41.23,68.41,41.23,69.43,55.58,63.03,59.55,79.31,0.0,43.38,6.32,22.36,10.44,65.76,84.88,61.22,86.83,69.34,41.23,83.29,31.02,25.18,31.06,87.24,5.39,6.71,30.27,65.19,60.22,37.36,16.12,8.25,5.1,96.15,47.42,28.65,33.54,31.05,12.37,93.23,42.19,49.04,14.56,83.77,46.65,75.19,78.64,65.12,64.76,92.7,73.57,44.81,80.08,83.61,37.83,8.25,75.59
13,29.61,49.04,63.95,70.04,79.51,35.13,79.51,94.92,47.51,28.16,20.88,54.59,43.38,0.0,39.12,35.13,42.95,90.14,100.85,89.05,67.19,86.31,84.15,78.82,72.8,21.26,38.9,96.83,47.17,48.88,44.38,30.27,30.27,51.87,54.13,37.44,48.33,105.89,72.78,14.87,55.11,48.27,53.45,67.07,24.04,37.54,55.08,92.46,25.81,78.52,76.69,52.48,50.12,66.03,44.01,86.52,51.66,98.37,21.84,49.98,48.17
14,27.29,15.65,43.86,73.55,47.54,66.57,47.54,75.29,57.04,60.8,56.59,79.06,6.32,39.12,0.0,24.08,15.0,71.51,90.0,67.2,87.48,74.4,46.69,85.99,37.01,19.65,33.24,91.71,11.7,9.85,33.53,63.01,58.67,41.23,22.36,2.0,11.05,100.72,53.04,24.84,38.28,34.93,18.68,92.97,41.23,49.65,20.88,88.1,45.69,78.75,81.58,66.27,65.62,92.36,72.45,50.73,79.27,88.6,31.74,14.56,74.85
15,6.71,20.81,29.12,49.73,45.61,49.68,45.61,60.93,33.24,45.49,44.38,57.71,22.36,35.13,24.08,0.0,13.89,56.36,70.77,54.41,64.56,55.32,54.41,61.98,41.88,28.32,9.22,70.21,21.93,28.86,11.31,47.43,41.11,19.8,22.8,24.33,24.7,79.4,38.28,22.47,20.62,14.42,24.84,71.55,22.8,26.93,25.46,66.29,26.91,55.54,57.72,42.76,42.45,71.12,53.26,54.67,59.19,68.85,41.86,23.32,54.64
16,19.85,7.07,29.0,60.3,37.0,62.94,37.0,60.8,46.32,58.26,56.08,71.59,10.44,42.95,15.0,13.89,0.0,56.85,75.0,53.0,78.11,59.41,42.06,73.11,30.08,28.86,21.59,76.92,8.25,16.0,20.02,60.31,54.45,26.93,11.18,16.28,11.18,85.88,38.29,28.28,23.32,20.62,11.4,85.42,36.07,40.72,12.53,73.41,40.36,64.76,68.36,56.04,55.97,85.0,67.01,43.64,73.05,73.61,42.69,9.43,68.51
17,60.75,56.59,28.02,44.94,36.67,89.36,36.67,5.0,55.73,89.01,92.27,82.54,65.76,90.14,71.51,56.36,56.85,0.0,24.02,8.06,78.77,15.0,56.44,54.49,49.65,83.86,51.24,34.48,60.83,68.12,45.88,90.05,82.05,38.33,50.33,73.0,63.03,40.2,18.6,78.79,35.78,42.15,55.44,92.14,69.72,61.01,53.41,34.01,71.25,39.62,48.92,61.68,64.29,92.61,86.68,48.85,88.24,24.74,97.77,58.8,84.65
18,73.41,76.32,46.65,39.0,60.53,91.41,60.53,24.33,57.97,92.89,98.03,79.06,84.88,100.85,90.0,70.77,75.0,24.02,0.0,32.0,71.39,15.62,80.4,43.01,73.01,99.09,63.41,14.21,80.45,88.32,59.46,93.39,85.62,50.99,70.71,91.21,83.01,16.76,38.48,92.01,51.86,56.57,76.06,85.51,77.82,66.13,74.24,16.55,78.0,30.15,38.83,60.3,63.39,86.31,86.28,72.87,85.73,3.34,112.47,78.89,83.05
19,59.44,51.86,25.3,50.45,29.12,91.41,29.12,8.94,58.52,90.45,93.01,86.41,61.22,89.05,67.2,54.41,53.0,8.06,32.0,0.0,83.76,22.36,48.66,60.88,42.54,80.96,50.49,42.45,56.08,62.94,44.72,91.66,83.73,38.05,45.34,68.82,58.05,48.26,16.28,76.84,33.96,40.79,50.21,96.75,70.03,62.65,48.08,41.79,72.03,46.1,55.17,65.39,67.78,97.13,89.56,40.93,91.73,32.8,94.94,53.81,87.92
20,60.21,84.5,70.94,34.01,96.54,36.06,96.54,83.19,32.2,42.06,50.54,14.21,86.83,67.19,87.48,64.56,78.11,78.77,71.39,83.76,0.0,65.39,112.61,29.02,100.17,81.06,56.65,59.21,86.33,93.41,59.93,40.82,37.34,57.69,84.1,87.13,89.19,65.03,72.92,70.06,65.46,61.77,87.85,14.14,48.0,37.85,87.73,55.44,44.05,41.48,32.56,22.36,22.14,15.03,26.4,109.48,20.63,68.05,88.21,87.32,21.4
21,58.25,60.9,31.3,31.38,48.04,80.1,48.04,18.44,46.1,80.75,85.15,70.61,69.34,86.31,74.4,55.32,59.41,15.0,15.62,22.36,65.39,0.0,68.03,39.82,59.41,83.63,48.26,21.02,65.0,72.95,44.05,81.5,73.55,35.61,55.46,75.6,67.6,28.44,23.77,76.84,36.24,41.04,60.84,79.12,63.91,53.15,59.09,19.65,64.56,25.0,34.41,50.36,53.24,79.71,76.16,61.17,76.77,14.32,97.11,63.53,73.55
22,61.03,35.34,43.08,85.8,20.0,104.02,20.0,57.27,80.8,99.86,98.11,109.22,41.23,84.15,46.69,54.41,42.06,56.44,80.4,48.66,112.61,68.03,0.0,98.68,12.73,66.29,58.69,89.05,37.0,37.22,53.81,101.83,95.43,54.92,31.62,48.66,36.14,96.05,45.71,69.29,47.17,51.22,30.87,122.44,77.2,78.52,29.53,87.28,81.22,85.87,92.97,90.44,91.4,122.29,106.83,8.61,112.0,80.78,78.06,34.18,107.49
23,60.44,78.01,55.66,13.15,80.11,56.94,80.11,58.26,31.76,60.8,68.12,39.29,83.29,78.82,85.99,61.98,73.11,54.49,43.01,60.88,29.02,39.82,98.68,0.0,87.36,86.16,52.77,30.27,81.02,89.09,53.08,60.46,54.04,47.1,75.33,86.31,84.02,36.12,54.12,76.06,53.6,53.01,80.16,43.1,55.23,41.68,79.31,26.68,53.01,14.87,5.83,26.87,29.73,44.05,49.24,93.73,46.4,39.7,96.76,81.01,44.94
24,48.55,23.77,31.78,74.33,14.21,91.4,14.21,51.48,68.24,87.37,85.88,96.54,31.02,72.8,37.01,41.88,30.08,49.65,73.01,42.54,100.17,59.41,12.73,87.36,0.0,56.14,45.97,80.22,26.17,28.44,41.11,89.31,82.8,42.54,19.24,39.01,26.0,87.82,36.01,57.97,34.89,38.6,19.42,109.81,64.64,65.8,17.72,78.03,68.6,75.13,81.74,77.94,78.82,109.64,94.11,13.84,99.27,72.94,68.75,23.19,94.76
25,26.63,33.06,55.95,75.13,65.38,53.76,65.38,88.19,54.71,47.17,41.18,70.26,25.18,21.26,19.65,28.32,28.86,83.86,99.09,80.96,81.06,83.63,66.29,86.16,56.14,0.0,36.24,98.08,30.02,29.41,39.62,49.4,47.07,48.1,39.32,17.72,30.27,107.3,65.37,11.0,48.26,42.64,37.0,83.73,33.14,45.35,39.01,94.02,37.01,82.15,82.76,62.37,60.83,82.87,61.39,69.97,68.83,97.14,13.98,33.02,64.78
26,10.0,27.86,26.02,40.52,46.96,46.14,46.96,56.04,24.74,43.08,43.74,51.04,31.06,38.9,33.24,9.22,21.59,51.24,63.41,50.49,56.65,48.26,58.69,52.77,45.97,36.24,0.0,61.85,29.83,37.34,6.08,44.78,37.59,13.0,28.02,33.54,32.76,71.06,34.23,28.6,17.03,10.05,31.3,64.66,20.62,20.0,31.38,57.8,23.77,46.52,48.51,34.48,34.54,64.35,48.17,57.67,53.36,61.27,49.18,30.68,48.84
27,71.59,79.48,50.7,29.41,69.07,82.86,69.07,36.25,51.0,85.23,91.24,68.26,87.24,96.83,91.71,70.21,76.92,34.48,14.21,42.45,59.21,21.02,89.05,30.27,80.22,98.08,61.85,0.0,83.38,91.55,59.08,85.44,78.0,50.77,74.63,92.66,86.16,9.22,44.28,89.83,53.71,56.94,80.01,73.33,73.01,60.21,78.45,4.47,72.4,19.92,27.02,51.24,54.41,74.24,76.69,82.16,75.19,11.38,110.79,82.28,72.99
28,27.46,4.24,33.84,68.12,35.9,70.09,35.9,64.38,54.57,65.07,62.2,79.61,5.39,47.17,11.7,21.93,8.25,60.83,80.45,56.08,86.33,65.0,37.0,81.02,26.17,30.02,29.83,83.38,0.0,8.25,28.02,67.18,61.72,34.37,10.82,13.6,3.0,92.2,42.64,32.31,29.73,28.16,7.07,93.47,43.42,48.85,9.22,80.06,47.8,72.18,76.16,64.29,64.2,93.02,74.63,40.01,80.85,79.31,42.99,3.0,76.32
29,33.62,12.08,41.68,76.24,40.31,75.0,40.31,71.45,61.98,69.53,65.8,86.01,6.71,48.88,9.85,28.86,16.0,68.12,88.32,62.94,93.41,72.95,37.22,89.09,28.44,29.41,37.34,91.55,8.25,0.0,36.01,71.7,66.85,42.58,17.8,11.7,5.39,100.32,50.22,34.41,37.95,36.35,12.73,99.92,48.88,55.66,14.87,88.26,53.34,80.41,84.29,71.59,71.31,99.4,80.26,41.85,86.79,87.26,40.85,9.43,82.3
30,14.87,25.32,20.0,40.31,41.18,51.88,41.18,50.6,27.73,49.04,49.82,55.44,30.27,44.38,33.53,11.31,20.02,45.88,59.46,44.72,59.93,44.05,53.81,53.08,41.11,39.62,6.08,59.08,28.02,36.01,0.0,50.7,43.38,8.49,24.17,34.18,31.02,68.24,28.44,33.12,11.0,4.0,28.16,68.82,26.68,24.76,27.86,55.23,29.73,45.22,48.37,37.58,38.08,68.6,53.41,52.29,58.25,57.53,53.07,28.28,53.76
31,40.8,67.36,69.64,56.08,91.71,5.1,91.71,95.05,35.51,2.24,10.2,26.83,65.19,30.27,63.01,47.43,60.31,90.05,93.39,91.66,40.82,81.5,101.83,60.46,89.31,49.4,44.78,85.44,67.18,71.7,50.7,0.0,8.0,54.57,70.21,61.85,69.31,93.62,76.3,39.36,61.03,54.42,71.7,37.66,24.7,29.07,72.62,80.99,21.02,65.55,60.42,34.44,31.3,36.5,14.87,101.88,22.27,90.35,52.07,69.35,19.7
32,34.66,61.52,61.98,48.75,84.53,8.6,84.53,87.05,27.66,7.28,14.14,24.33,60.22,30.27,58.67,41.11,54.45,82.05,85.62,83.73,37.34,73.55,95.43,54.04,82.8,47.07,37.59,78.0,61.72,66.85,43.38,8.0,0.0,46.84,63.89,57.71,64.03,86.33,68.45,36.4,53.49,47.01,65.76,37.01,18.38,21.1,66.53,73.54,14.21,58.18,53.54,27.46,24.41,36.06,14.32,95.08,21.81,82.61,51.87,63.7,18.0
33,22.83,31.06,15.23,34.01,39.7,55.03,39.7,43.17,26.17,53.15,55.08,55.23,37.36,51.87,41.23,19.8,26.93,38.33,50.99,38.05,57.69,35.61,54.92,47.1,42.54,48.1,13.0,50.77,34.37,42.58,8.49,54.57,46.84,0.0,28.28,42.05,37.34,59.91,22.02,41.34,7.81,6.32,33.06,67.94,32.0,26.4,32.25,47.01,34.23,37.85,42.0,35.61,36.8,67.9,55.07,52.07,58.97,49.05,61.51,34.06,54.64
34,29.41,6.71,24.17,62.2,26.08,72.47,26.08,53.74,51.89,68.24,66.65,79.06,16.12,54.13,22.36,22.8,11.18,50.33,70.71,45.34,84.1,55.46,31.62,75.33,19.24,39.32,28.02,74.63,10.82,17.8,24.17,70.21,63.89,28.28,0.0,24.17,12.73,83.22,32.45,39.46,22.02,22.8,5.39,92.65,45.61,48.01,4.0,71.57,49.68,65.12,70.11,61.74,62.18,92.36,75.69,32.57,81.24,69.77,52.84,8.49,76.69
35,27.07,17.46,45.25,73.98,49.48,65.51,49.48,76.84,57.0,59.64,55.23,78.45,8.25,37.44,2.0,24.33,16.28,73.0,91.21,68.82,87.13,75.6,48.66,86.31,39.01,17.72,33.54,92.66,13.6,11.7,34.18,61.85,57.71,42.05,24.17,0.0,13.04,101.71,54.49,23.35,39.41,35.78,20.62,92.35,40.5,49.37,22.8,89.01,44.94,79.38,82.0,66.12,65.38,91.71,71.59,52.73,78.49,89.76,29.74,16.49,74.09
36,30.02,6.71,36.36,71.11,36.69,72.35,36.69,66.47,57.49,67.18,64.03,82.29,5.1,48.33,11.05,24.7,11.18,63.03,83.01,58.05,89.19,67.6,36.14,84.02,26.0,30.27,32.76,86.16,3.0,5.39,31.02,69.31,64.03,37.34,12.73,13.04,0.0,94.94,45.0,33.54,32.57,31.14,8.06,96.18,45.8,51.62,10.3,82.87,50.22,75.13,79.16,67.19,67.05,95.71,77.1,39.77,83.41,81.92,42.76,4.24,78.89
37,80.81,88.24,59.14,37.58,76.06,90.82,76.06,41.0,59.68,93.52,99.76,75.13,96.15,105.89,100.72,79.4,85.88,40.2,16.76,48.26,65.03,28.44,96.05,36.12,87.82,107.3,71.06,9.22,92.2,100.32,68.24,93.62,86.33,59.91,83.22,101.71,94.94,0.0,52.17,99.04,62.61,66.04,88.6,79.0,82.01,69.07,86.98,13.45,81.27,28.18,33.96,59.24,62.39,80.01,84.2,88.82,82.17,15.46,120.01,91.0,80.28
38,43.17,38.42,9.43,41.88,26.25,76.4,26.25,22.83,44.72,74.97,77.1,73.57,47.42,72.78,53.04,38.28,38.29,18.6,38.48,16.28,72.92,23.77,45.71,54.12,36.01,65.37,34.23,44.28,42.64,50.22,28.44,76.3,68.45,22.02,32.45,54.49,45.0,52.17,0.0,60.75,17.72,24.52,37.74,85.0,54.01,47.54,35.85,42.01,56.22,40.5,48.3,52.7,54.71,85.21,75.39,39.88,78.31,37.84,79.31,40.8,74.25
39,18.6,34.21,51.55,65.51,65.12,43.46,65.12,83.38,44.38,37.12,32.02,59.3,28.65,14.87,24.84,22.47,28.28,78.79,92.01,76.84,70.06,76.84,69.29,76.06,57.97,11.0,28.6,89.83,32.31,34.41,33.12,39.36,36.4,41.34,39.46,23.35,33.54,99.04,60.75,0.0,43.08,36.67,38.6,72.84,22.2,34.79,40.26,85.63,26.02,73.01,72.95,51.66,50.01,72.01,50.7,71.72,58.05,89.83,21.08,35.11,53.94
40,25.5,25.96,9.0,40.45,32.02,61.85,32.02,40.31,33.97,59.48,60.67,62.97,33.54,55.11,38.28,20.62,23.32,35.78,51.86,33.96,65.46,36.24,47.17,53.6,34.89,48.26,17.03,53.71,29.73,37.95,11.0,61.03,53.49,7.81,22.02,39.41,32.57,62.61,17.72,43.08,0.0,7.0,27.17,75.74,37.48,33.62,26.02,50.33,40.26,43.1,48.26,43.42,44.6,75.69,62.43,44.27,66.57,50.35,62.09,28.86,62.2
41,18.68,25.0,16.0,40.01,37.74,55.46,37.74,46.82,29.68,52.81,53.76,58.05,31.05,48.27,34.93,14.42,20.62,42.15,56.57,40.79,61.77,41.04,51.22,53.01,38.6,42.64,10.05,56.94,28.16,36.35,4.0,54.42,47.01,6.32,22.8,35.78,31.14,66.04,24.52,36.67,7.0,0.0,27.29,71.22,30.59,27.8,26.68,53.24,33.53,44.15,48.04,39.45,40.22,71.06,56.61,49.24,61.18,54.78,56.27,28.0,56.73
42,31.11,4.47,29.55,67.07,28.86,74.28,28.86,58.73,55.71,69.66,67.42,82.15,12.37,53.45,18.68,24.84,11.4,55.44,76.06,50.21,87.85,60.84,30.87,80.16,19.42,37.0,31.3,80.01,7.07,12.73,28.16,71.7,65.76,33.06,5.39,20.62,8.06,88.6,37.74,38.6,27.17,27.29,0.0,95.88,47.38,51.11,2.24,76.92,51.62,70.26,75.03,65.55,65.8,95.52,78.1,33.24,83.95,75.14,50.06,4.12,79.4
43,66.31,92.18,82.07,47.76,107.48,32.56,107.48,96.66,41.77,39.46,47.85,13.93,93.23,67.07,92.97,71.55,85.42,92.14,85.51,96.75,14.14,79.12,122.44,43.1,109.81,83.73,64.66,73.33,93.47,99.92,68.82,37.66,37.01,67.94,92.65,92.35,96.18,79.0,85.0,72.84,75.74,71.22,95.88,0.0,51.92,44.78,96.04,69.58,47.54,55.54,46.69,32.56,31.14,1.41,23.09,120.01,15.46,82.17,88.82,94.83,19.03
44,16.28,43.14,46.39,46.01,67.23,26.91,67.23,74.67,23.6,22.83,23.19,38.08,42.19,24.04,41.23,22.8,36.07,69.72,77.82,70.03,48.0,63.91,77.2,55.23,64.64,33.14,20.62,73.01,43.42,48.88,26.68,24.7,18.38,32.0,45.61,40.5,45.8,82.01,54.01,22.2,37.48,30.59,47.38,51.92,0.0,13.6,48.17,68.6,4.47,54.49,52.8,29.73,27.89,51.24,31.38,77.19,38.04,75.18,41.87,45.34,33.62
45,22.36,47.41,41.63,32.53,65.46,28.86,65.46,66.01,10.0,28.0,32.02,31.06,49.04,37.54,49.65,26.93,40.72,61.01,66.13,62.65,37.85,53.15,78.52,41.68,65.8,45.35,20.0,60.21,48.85,55.66,24.76,29.07,21.1,26.4,48.01,49.37,51.62,69.07,47.54,34.79,33.62,27.8,51.11,44.78,13.6,0.0,51.31,55.76,12.21,41.23,39.2,17.12,16.03,44.42,28.84,77.0,33.49,63.3,55.16,50.09,29.0
46,31.89,6.08,27.86,66.19,26.68,75.07,26.68,56.64,55.54,70.6,68.6,82.38,14.56,55.08,20.88,25.46,12.53,53.41,74.24,48.08,87.73,59.09,29.53,79.31,17.72,39.01,31.38,78.45,9.22,14.87,27.86,72.62,66.53,32.25,4.0,22.8,10.3,86.98,35.85,40.26,26.02,26.68,2.24,96.04,48.17,51.31,0.0,75.43,52.35,69.12,74.11,65.39,65.74,95.72,78.64,31.47,84.36,73.38,52.17,6.32,79.81
47,67.48,76.22,47.85,25.0,67.36,78.45,67.36,36.36,46.53,80.78,86.76,64.12,83.77,92.46,88.1,66.29,73.41,34.01,16.55,41.79,55.44,19.65,87.28,26.68,78.03,94.02,57.8,4.47,80.06,88.26,55.23,80.99,73.54,47.01,71.57,89.01,82.87,13.45,42.01,85.63,50.33,53.24,76.92,69.58,68.6,55.76,75.43,0.0,67.96,15.52,23.02,46.84,50.0,70.46,72.37,80.66,71.01,13.34,106.63,79.06,68.73
48,20.52,47.42,49.03,44.6,70.68,22.8,70.68,76.24,21.93,19.31,21.02,33.73,46.65,25.81,45.69,26.91,40.36,71.25,78.0,72.03,44.05,64.56,81.22,53.01,68.6,37.01,23.77,72.4,47.8,53.34,29.73,21.02,14.21,34.23,49.68,44.94,50.22,81.27,56.22,26.02,40.26,33.53,51.62,47.54,4.47,12.21,52.35,67.96,0.0,53.41,50.99,26.83,24.7,46.84,26.93,80.96,33.57,75.25,44.95,49.68,29.15
49,55.57,68.73,43.42,9.49,66.73,62.94,66.73,43.42,31.62,65.39,71.59,49.0,75.19,78.52,78.75,55.54,64.76,39.62,30.15,46.1,41.48,25.0,85.87,14.87,75.13,82.15,46.52,19.92,72.18,80.41,45.22,65.55,58.18,37.85,65.12,79.38,75.13,28.18,40.5,73.01,43.1,44.15,70.26,55.54,54.49,41.23,69.12,15.52,53.41,0.0,9.43,31.32,34.48,56.29,56.89,80.37,55.77,26.83,94.08,71.7,53.34
50,56.65,73.03,50.0,8.06,74.32,57.27,74.32,52.8,29.21,60.54,67.42,41.3,78.64,76.69,81.58,57.72,68.36,48.92,38.83,55.17,32.56,34.41,92.97,5.83,81.74,82.76,48.51,27.02,76.16,84.29,48.37,60.42,53.54,42.0,70.11,82.0,79.16,33.96,48.3,72.95,48.26,48.04,75.03,46.69,52.8,39.2,74.11,23.02,50.99,9.43,0.0,26.08,29.15,47.52,50.29,87.95,48.29,35.5,93.84,76.03,46.32
51,39.05,62.3,49.52,21.84,74.97,31.62,74.97,66.48,9.85,34.48,41.4,21.02,65.12,52.48,66.27,42.76,56.04,61.68,60.3,65.39,22.36,50.36,90.44,26.87,77.94,62.37,34.48,51.24,64.29,71.59,37.58,34.44,27.46,35.61,61.74,66.12,67.19,59.24,52.7,51.66,43.42,39.45,65.55,32.56,29.73,17.12,65.39,46.84,26.83,31.32,26.08,0.0,3.16,32.65,26.02,87.64,26.57,57.11,71.58,65.15,23.19
52,38.33,62.39,51.09,25.0,76.38,28.46,76.38,69.12,10.63,31.38,38.42,18.87,64.76,50.12,65.62,42.45,55.97,64.29,63.39,67.78,22.14,53.24,91.4,29.73,78.82,60.83,34.54,54.41,64.2,71.31,38.08,31.3,24.41,36.8,62.18,65.38,67.05,62.39,54.71,50.01,44.6,40.22,65.8,31.14,27.89,16.03,65.74,50.0,24.7,34.48,29.15,3.16,0.0,31.11,23.0,88.86,23.97,60.21,69.61,65.19,20.4
53,65.8,91.79,82.13,48.38,107.49,31.4,107.49,97.17,41.73,38.33,46.69,13.42,92.7,66.03,92.36,71.12,85.0,92.61,86.31,97.13,15.03,79.71,122.29,44.05,109.64,82.87,64.35,74.24,93.02,99.4,68.6,36.5,36.06,67.9,92.36,91.71,95.71,80.01,85.21,72.01,75.69,71.06,95.52,1.41,51.24,44.42,95.72,70.46,46.84,56.29,47.52,32.65,31.11,0.0,22.02,119.95,14.38,82.98,87.8,94.41,18.11
54,47.2,74.03,70.24,47.52,94.3,9.85,94.3,91.59,31.05,16.49,25.0,12.21,73.57,44.01,72.45,53.26,67.01,86.68,86.28,89.56,26.4,76.16,106.83,49.24,94.11,61.39,48.17,76.69,74.63,80.26,53.41,14.87,14.32,55.07,75.69,71.59,77.1,84.2,75.39,50.7,62.43,56.61,78.1,23.09,31.38,28.84,78.64,72.37,26.93,56.89,50.29,26.02,23.0,22.02,0.0,105.7,7.64,83.08,65.8,76.4,5.0
55,61.38,37.54,38.8,81.09,13.64,103.67,13.64,49.34,78.24,100.01,98.98,107.14,44.81,86.52,50.73,54.67,43.64,48.85,72.87,40.93,109.48,61.17,8.61,93.73,13.84,69.97,57.67,82.16,40.01,41.85,52.29,101.88,95.08,52.07,32.57,52.73,39.77,88.82,39.88,71.72,44.27,49.24,33.24,120.01,77.19,77.0,31.47,80.66,80.96,80.37,87.95,87.64,88.86,119.95,105.7,0.0,110.41,73.44,82.45,37.04,105.96
56,53.4,80.0,73.9,46.73,98.58,17.18,98.58,93.05,33.59,24.02,32.47,7.13,80.08,51.66,79.27,59.19,73.05,88.24,85.73,91.73,20.63,76.77,112.0,46.4,99.27,68.83,53.36,75.19,80.85,86.79,58.25,22.27,21.81,58.97,81.24,78.49,83.41,82.17,78.31,58.05,66.57,61.18,83.95,15.46,38.04,33.49,84.36,71.01,33.57,55.77,48.29,26.57,23.97,14.38,7.64,110.41,0.0,82.45,73.44,82.48,4.55
57,71.26,75.22,45.62,35.73,60.82,88.31,60.82,25.69,55.0,89.89,95.14,75.76,83.61,98.37,88.6,68.85,73.61,24.74,3.34,32.8,68.05,14.32,80.78,39.7,72.94,97.14,61.27,11.38,79.31,87.26,57.53,90.35,82.61,49.05,69.77,89.76,81.92,15.46,37.84,89.83,50.35,54.78,75.14,82.17,75.18,63.3,73.38,13.34,75.25,26.83,35.5,57.11,60.21,82.98,83.08,73.44,82.45,0.0,110.41,77.85,79.81
58,39.26,46.39,69.9,86.5,78.77,56.96,78.77,102.14,65.0,49.98,42.43,76.1,37.83,21.84,31.74,41.86,42.69,97.77,112.47,94.94,88.21,97.11,78.06,96.76,68.75,13.98,49.18,110.79,42.99,40.85,53.07,52.07,51.87,61.51,52.84,29.74,42.76,120.01,79.31,21.08,62.09,56.27,50.06,88.82,41.87,55.16,52.17,106.63,44.95,94.08,93.84,71.58,69.61,87.8,65.8,82.45,73.44,110.41,0.0,45.98,69.85
59,29.21,3.0,32.25,68.01,32.98,72.14,32.98,62.23,55.36,67.27,64.64,81.01,8.25,49.98,14.56,23.32,9.43,58.8,78.89,53.81,87.32,63.53,34.18,81.01,23.19,33.02,30.68,82.28,3.0,9.43,28.28,69.35,63.7,34.06,8.49,16.49,4.24,91.0,40.8,35.11,28.86,28.0,4.12,94.83,45.34,50.09,6.32,79.06,49.68,71.7,76.03,65.15,65.19,94.41,76.4,37.04,82.48,77.85,45.98,0.0,77.94
60,48.88,75.45,69.64,44.1,94.2,14.76,94.2,89.5,29.55,21.19,29.73,7.21,75.59,48.17,74.85,54.64,68.51,84.65,83.05,87.92,21.4,73.55,107.49,44.94,94.76,64.78,48.84,72.99,76.32,82.3,53.76,19.7,18.0,54.64,76.69,74.09,78.89,80.28,74.25,53.94,62.2,56.73,79.4,19.03,33.62,29.0,79.81,68.73,29.15,53.34,46.32,23.19,20.4,18.11,5.0,105.96,4.55,79.81,69.85,77.94,0.0
