vehicles
vehicle_idx, capacity, cost_per_unit_distance
1,100,3
2,100,3
3,100,3
4,100,3
5,100,3
6,100,3
7,100,3
depot
node_idx,x,y
0,24,63
home delivery customers
node_idx,x,y,service_time,demand
1,36,30,10,7
2,83,86,10,24
3,98,1,10,3
4,96,9,10,2
5,52,49,10,3
6,95,21,10,6
7,48,49,10,10
8,83,6,10,8
9,18,8,10,16
10,53,86,10,23
11,77,51,10,18
12,12,44,10,1
13,85,23,10,26
14,68,67,10,2
15,71,34,10,15
16,78,20,10,19
17,88,69,10,3
18,95,42,10,3
self pickup customers
node_idx,x,y,service_time,demand,locker_idxs
19,35,60,10,2,65
20,79,46,10,12,64
21,54,77,10,26,53-57
22,30,6,10,23,54
23,55,29,10,13,62
24,1,19,10,20,54
25,39,23,10,23,54
26,14,16,10,22,54
27,64,62,10,9,64-63
28,3,77,10,30,56
29,58,89,10,22,53-57
30,70,88,10,8,53-57
31,36,17,10,4,54
32,93,30,10,21,61-55
33,56,73,10,25,63-53
34,37,37,10,22,65
35,18,1,10,13,54
flexible customers
node_idx,x,y,service_time,demand,locker_idxs
36,3,45,10,14,65-54
37,42,50,10,2,63-65
38,3,40,10,17,65
39,29,96,10,20,60
40,47,30,10,2,65-62-59
41,13,2,10,25,54
42,75,10,10,18,61-58-55
43,62,91,10,6,53-57
44,27,87,10,13,56
45,30,6,10,7,59-54
46,18,40,10,1,59-65-54
47,82,90,10,18,57-53
48,50,79,10,18,63-53
49,82,73,10,2,63-57-53
50,34,78,10,10,60
51,88,51,10,2,64
52,44,71,10,5,60-63-53
lockers
node_idx,x,y,service_time,capacity,cost_per_unit_good
53,65,88,10,96
54,25,15,10,105
55,93,12,10,76
56,22,88,10,91
57,77,88,10,88
58,72,14,10,71
59,27,26,10,91
60,33,92,10,85
61,85,17,10,94
62,54,15,10,79
63,61,68,10,88
64,82,47,10,81
65,23,40,10,99
mrt lines
start_node_idx,end_node_idx,freight_capacity,cost_per_unit_good
53,54,96,0.1
54,53,96,0.1
55,56,91,0.1
56,55,91,0.1
57,58,88,0.1
58,57,88,0.1
distance matrix
,0,1,2,3,4,5,6,7,8,9,10,11,12,13,14,15,16,17,18,19,20,21,22,23,24,25,26,27,28,29,30,31,32,33,34,35,36,37,38,39,40,41,42,43,44,45,46,47,48,49,50,51,52,53,54,55,56,57,58,59,60,61,62,63,64,65,
0,0.0,35.11,63.32,96.54,90.0,31.3,82.49,27.78,82.04,55.33,37.01,54.34,22.47,72.95,44.18,55.23,69.03,64.28,74.04,11.4,57.57,33.11,57.31,46.01,49.65,42.72,48.05,40.01,25.24,42.8,52.35,47.54,76.49,33.53,29.07,62.29,27.66,22.2,31.14,33.38,40.22,61.98,73.55,47.2,24.19,57.31,23.77,63.98,30.53,58.86,18.03,65.12,21.54,48.02,48.01,85.8,25.08,58.6,68.59,37.12,30.36,76.4,56.6,37.34,60.17,23.02
1,35.11,0.0,73.11,68.45,63.57,24.84,59.68,22.47,52.77,28.43,58.52,46.07,27.78,49.5,48.92,35.23,43.17,65.0,60.21,30.02,45.88,50.33,24.74,19.03,36.69,7.62,26.08,42.52,57.43,62.97,67.23,13.0,57.0,47.42,7.07,34.13,36.25,20.88,34.48,66.37,11.0,36.24,43.83,66.31,57.71,24.74,20.59,75.6,50.96,62.97,48.04,56.08,41.77,64.85,18.6,59.77,59.67,71.03,39.4,9.85,62.07,50.7,23.43,45.49,49.04,16.4
2,63.32,73.11,0.0,86.31,78.09,48.27,66.1,50.93,80.0,101.53,30.0,35.51,82.49,63.03,24.21,53.37,66.19,17.72,45.61,54.59,40.2,30.36,95.96,63.51,105.89,76.84,98.29,30.61,80.5,25.18,13.15,83.49,56.89,29.97,67.21,107.0,89.89,54.56,92.28,54.92,66.57,109.34,76.42,21.59,56.01,95.96,79.63,4.12,33.73,13.04,49.65,35.36,41.79,18.11,91.68,74.67,61.03,6.32,72.84,82.07,50.36,69.03,76.69,28.43,39.01,75.6
3,96.54,68.45,86.31,0.0,8.25,66.48,20.22,69.31,15.81,80.31,96.18,54.23,96.15,25.55,72.5,42.64,27.59,68.73,41.11,86.31,48.85,87.82,68.18,51.31,98.66,62.97,85.33,69.84,121.66,96.66,91.39,64.03,29.43,83.35,70.83,80.0,104.69,74.41,102.69,117.41,58.67,85.01,24.7,96.93,111.52,68.18,89.0,90.43,91.59,73.76,100.12,50.99,88.41,93.05,74.33,12.08,115.52,89.5,29.07,75.27,111.83,20.62,46.17,76.54,48.7,84.53
4,90.0,63.57,78.09,8.25,0.0,59.46,12.04,62.48,13.34,78.01,88.19,46.1,91.0,17.8,64.4,35.36,21.1,60.53,33.02,79.51,40.72,79.92,66.07,45.62,95.52,58.69,82.3,61.91,115.21,88.57,83.17,60.53,21.21,75.47,65.31,78.41,99.72,67.8,98.03,109.81,53.31,83.29,21.02,88.77,104.14,66.07,83.93,82.2,83.76,65.51,92.76,42.76,80.92,84.86,71.25,4.24,108.25,81.25,24.52,71.06,104.2,13.6,42.43,68.6,40.5,79.31
5,31.3,24.84,48.27,66.48,59.46,0.0,51.31,4.0,53.01,53.26,37.01,25.08,40.31,42.01,24.08,24.21,38.95,41.18,43.57,20.25,27.17,28.07,48.3,20.22,59.17,29.07,50.33,17.69,56.44,40.45,42.95,35.78,45.19,24.33,19.21,58.82,49.16,10.05,49.82,52.33,19.65,61.07,45.28,43.17,45.49,48.3,35.17,50.8,30.07,38.42,34.13,36.06,23.41,41.11,43.42,55.23,49.2,46.32,40.31,33.97,47.01,45.97,34.06,21.02,30.07,30.36
6,82.49,59.68,66.1,20.22,12.04,51.31,0.0,54.71,19.21,78.09,77.39,34.99,86.13,10.2,53.34,27.29,17.03,48.51,21.0,71.56,29.68,69.4,66.71,40.79,94.02,56.04,81.15,51.4,107.7,77.41,71.51,59.14,9.22,65.0,60.17,79.56,95.08,60.42,93.94,99.9,48.84,84.17,22.83,77.39,94.76,66.71,79.31,70.21,73.41,53.6,83.49,30.81,71.42,73.41,70.26,9.22,99.09,69.38,24.04,68.18,94.26,10.77,41.44,58.01,29.07,74.46
7,27.78,22.47,50.93,69.31,62.48,4.0,54.71,0.0,55.44,50.8,37.34,29.07,36.35,45.22,26.91,27.46,41.73,44.72,47.52,17.03,31.14,28.64,46.62,21.19,55.76,27.51,47.38,20.62,53.0,41.23,44.78,34.18,48.85,25.3,16.28,56.6,45.18,6.08,45.89,50.7,19.03,58.6,47.43,44.27,43.42,46.62,31.32,53.26,30.07,41.62,32.2,40.05,22.36,42.54,41.05,58.26,46.87,48.6,42.44,31.14,45.54,48.92,34.53,23.02,34.06,26.57
8,82.04,52.77,80.0,15.81,13.34,53.01,19.21,55.44,0.0,65.03,85.44,45.4,80.53,17.12,62.82,30.46,14.87,63.2,37.95,72.25,40.2,76.69,53.0,36.24,83.02,47.17,69.72,59.14,106.96,86.68,83.02,48.27,26.0,72.24,55.47,65.19,89.0,60.14,86.93,104.96,43.27,70.11,8.94,87.56,98.47,53.0,73.36,84.01,80.11,67.01,87.09,45.28,75.8,83.95,58.69,11.66,102.2,82.22,13.6,59.46,99.48,11.18,30.36,65.79,41.01,68.96
9,55.33,28.43,101.53,80.31,78.01,53.26,78.09,50.8,65.03,0.0,85.49,73.01,36.5,68.66,77.34,59.03,61.19,92.85,84.17,54.71,71.87,77.83,12.17,42.54,20.25,25.81,8.94,70.94,70.61,90.34,95.41,20.12,78.16,75.29,34.67,7.0,39.92,48.37,35.34,88.68,36.4,7.81,57.04,93.94,79.51,12.17,32.0,104.02,77.88,91.22,71.81,82.15,68.15,92.78,9.9,75.11,80.1,99.4,54.33,20.12,85.33,67.6,36.67,73.82,74.95,32.39
10,37.01,58.52,30.0,96.18,88.19,37.01,77.39,37.34,85.44,85.49,0.0,42.44,58.69,70.66,24.21,55.03,70.58,38.91,60.83,31.62,47.71,9.06,83.24,57.04,84.81,64.54,80.13,26.4,50.8,5.83,17.12,71.06,68.82,13.34,51.55,91.92,64.66,37.64,67.94,26.0,56.32,93.04,79.12,10.3,26.02,83.24,57.8,29.27,7.62,31.78,20.62,49.5,17.49,12.17,76.32,84.12,31.06,24.08,74.46,65.39,20.88,76.06,71.01,19.7,48.6,54.92
11,54.34,46.07,35.51,54.23,46.1,25.08,34.99,29.07,45.4,73.01,42.44,0.0,65.38,29.12,18.36,18.03,31.02,21.1,20.12,42.95,5.39,34.71,65.07,31.11,82.46,47.2,72.07,17.03,78.43,42.49,37.66,53.26,26.4,30.41,42.38,77.34,74.24,35.01,74.81,65.8,36.62,80.6,41.05,42.72,61.61,65.07,60.02,39.32,38.9,22.56,50.77,11.0,38.59,38.9,63.25,42.15,66.29,37.0,37.34,55.9,60.14,34.93,42.72,23.35,6.4,55.11
12,22.47,27.78,82.49,96.15,91.0,40.31,86.13,36.35,80.53,36.5,58.69,65.38,0.0,75.96,60.54,59.84,70.23,80.01,83.02,28.02,67.03,53.41,42.05,45.54,27.31,34.21,28.07,55.03,34.21,64.35,72.8,36.12,82.2,52.7,25.96,43.42,9.06,30.59,9.85,54.71,37.7,42.01,71.59,68.62,45.54,42.05,7.21,83.76,51.66,75.77,40.5,76.32,41.87,68.88,31.78,87.09,45.12,78.49,67.08,23.43,52.39,77.83,51.04,54.56,70.06,11.7
13,72.95,49.5,63.03,25.55,17.8,42.01,10.2,45.22,17.12,68.66,70.66,29.12,75.96,0.0,47.17,17.8,7.62,46.1,21.47,62.2,23.77,62.27,57.57,30.59,84.1,46.0,71.34,44.29,98.18,71.31,66.71,49.37,10.63,57.8,50.0,70.52,84.9,50.77,83.74,92.01,38.64,75.0,16.4,71.78,86.37,57.57,69.12,67.07,66.04,50.09,75.01,28.16,63.13,68.01,60.53,13.6,90.52,65.49,15.81,58.08,86.4,6.0,32.02,51.0,24.19,64.29
14,44.18,48.92,24.21,72.5,64.4,24.08,53.34,26.91,62.82,77.34,24.21,18.36,60.54,47.17,0.0,33.14,48.05,20.1,36.8,33.73,23.71,17.2,71.87,40.16,82.42,52.7,74.28,6.4,65.76,24.17,21.1,59.36,44.65,13.42,43.14,82.8,68.62,31.06,70.38,48.6,42.54,85.15,57.43,24.74,45.62,71.87,56.82,26.93,21.63,15.23,35.74,25.61,24.33,21.21,67.48,60.42,50.57,22.85,53.15,57.98,43.01,52.81,53.85,7.07,24.41,52.48
15,55.23,35.23,53.37,42.64,35.36,24.21,27.29,27.46,30.46,59.03,55.03,18.03,59.84,17.8,33.14,0.0,15.65,38.91,25.3,44.41,14.42,46.24,49.65,16.76,71.59,33.84,59.77,28.86,80.45,56.52,54.01,38.91,22.36,41.79,34.13,62.43,68.88,33.12,68.26,74.89,24.33,66.24,24.33,57.71,68.88,49.65,53.34,57.07,49.66,40.52,57.49,24.04,45.8,54.33,49.77,31.11,72.92,54.33,20.02,44.72,69.34,22.02,25.5,35.44,17.03,48.37
16,69.03,43.17,66.19,27.59,21.1,38.95,17.03,41.73,14.87,61.19,70.58,31.02,70.23,7.62,48.05,15.65,0.0,50.01,27.8,58.73,26.02,61.85,50.0,24.7,77.01,39.12,64.12,44.27,94.2,71.84,68.47,42.11,18.03,57.38,44.38,62.94,79.06,46.86,77.62,90.43,32.57,67.45,10.44,72.78,84.2,50.0,63.25,70.11,65.31,53.15,72.8,32.57,61.29,69.23,53.24,17.0,88.09,68.01,8.49,51.35,84.91,7.62,24.52,50.92,27.29,58.52
17,64.28,65.0,17.72,68.73,60.53,41.18,48.51,44.72,63.2,92.85,38.91,21.1,80.01,46.1,20.1,38.91,50.01,0.0,27.89,53.76,24.7,34.93,85.63,51.86,100.34,67.21,91.02,25.0,85.38,36.06,26.17,73.54,39.32,32.25,60.21,97.59,88.32,49.77,89.81,64.88,56.59,100.57,60.42,34.06,63.6,85.63,75.77,21.84,39.29,7.21,54.74,18.0,44.05,29.83,82.98,57.22,68.68,21.95,57.28,74.63,59.62,52.09,63.81,27.02,22.8,71.18
18,74.04,60.21,45.61,41.11,33.02,43.57,21.0,47.52,37.95,84.17,60.83,20.12,83.02,21.47,36.8,25.3,27.8,27.89,0.0,62.64,16.49,53.91,74.3,42.06,96.77,59.14,85.07,36.89,98.43,59.82,52.35,64.08,12.17,49.82,58.22,87.24,92.05,53.6,92.02,85.28,49.48,91.24,37.74,59.08,81.54,74.3,77.03,49.73,58.26,33.62,70.83,11.4,58.67,54.92,75.03,30.07,86.28,49.4,36.24,69.86,79.65,26.93,49.09,42.8,13.93,72.03
19,11.4,30.02,54.59,86.31,79.51,20.25,71.56,17.03,72.25,54.71,31.62,42.95,28.02,62.2,33.73,44.41,58.73,53.76,62.64,0.0,46.17,25.5,54.23,36.89,53.26,37.22,48.75,29.07,36.24,37.01,44.82,43.01,65.3,24.7,23.09,61.4,35.34,12.21,37.74,36.5,32.31,62.03,64.03,41.11,28.16,54.23,26.25,55.76,24.21,48.76,18.03,53.76,14.21,41.04,46.1,75.29,30.87,50.48,59.03,34.93,32.06,65.95,48.85,27.2,48.76,23.32
20,57.57,45.88,40.2,48.85,40.72,27.17,29.68,31.14,40.2,71.87,47.71,5.39,67.03,23.77,23.71,14.42,26.02,24.7,16.49,46.17,0.0,39.82,63.25,29.41,82.54,46.14,71.59,21.93,82.08,47.85,42.95,51.87,21.26,35.47,42.95,75.8,76.01,37.22,76.24,70.71,35.78,79.32,36.22,48.1,66.22,63.25,61.29,44.1,43.93,27.17,55.22,10.3,43.01,44.27,62.27,36.77,70.8,42.05,32.76,55.71,65.05,29.61,39.82,28.43,3.16,56.32
21,33.11,50.33,30.36,87.82,79.92,28.07,69.4,28.64,76.69,77.83,9.06,34.71,53.41,62.27,17.2,46.24,61.85,34.93,53.91,25.5,39.82,0.0,74.95,48.01,78.57,56.04,72.95,18.03,51.0,12.65,19.42,62.64,61.07,4.47,43.46,84.1,60.21,29.55,63.01,31.4,47.52,85.48,70.21,16.12,28.79,74.95,51.62,30.87,4.47,28.28,20.02,42.8,11.66,15.56,68.45,75.8,33.84,25.5,65.52,57.71,25.81,67.54,62.0,11.4,41.04,48.27
22,57.31,24.74,95.96,68.18,66.07,48.3,66.71,46.62,53.0,12.17,83.24,65.07,42.05,57.57,71.87,49.65,50.0,85.63,74.3,54.23,63.25,74.95,0.0,33.97,31.78,19.24,18.87,65.51,75.96,87.6,91.24,12.53,67.42,71.87,31.78,13.0,47.43,45.61,43.42,90.01,29.41,17.46,45.18,90.82,81.06,0.0,36.06,98.79,75.69,84.81,72.11,73.41,66.49,89.16,10.3,63.29,82.39,94.51,42.76,20.22,86.05,56.09,25.63,69.32,66.22,34.71
23,46.01,19.03,63.51,51.31,45.62,20.22,40.79,21.19,36.24,42.54,57.04,31.11,45.54,30.59,40.16,16.76,24.7,51.86,42.06,36.89,29.41,48.01,33.97,0.0,54.92,17.09,43.01,34.21,70.77,60.07,60.88,22.47,38.01,44.01,19.7,46.4,54.41,24.7,53.15,71.87,8.06,49.93,27.59,62.39,64.4,33.97,38.6,66.71,50.25,51.62,53.31,39.66,43.42,59.84,33.11,41.63,67.6,62.97,22.67,28.16,66.73,32.31,14.04,39.46,32.45,33.84
24,49.65,36.69,105.89,98.66,95.52,59.17,94.02,55.76,83.02,20.25,84.81,82.46,27.31,84.1,82.42,71.59,77.01,100.34,96.77,53.26,82.54,78.57,31.78,54.92,0.0,38.21,13.34,76.28,58.03,90.27,97.58,35.06,92.66,77.08,40.25,24.76,26.08,51.4,21.1,81.93,47.3,20.81,74.55,94.37,72.8,31.78,27.02,107.71,77.47,97.35,67.6,92.7,67.48,94.11,24.33,92.27,72.12,102.65,71.18,26.93,79.71,84.02,53.15,77.47,85.7,30.41
25,42.72,7.62,76.84,62.97,58.69,29.07,56.04,27.51,47.17,25.81,64.54,47.2,34.21,46.0,52.7,33.84,39.12,67.21,59.14,37.22,46.14,56.04,19.24,17.09,38.21,0.0,25.96,46.32,64.9,68.68,72.01,6.71,54.45,52.81,14.14,30.41,42.19,27.17,39.81,73.68,10.63,33.42,38.28,71.78,65.12,19.24,27.02,79.61,57.07,65.95,55.23,56.44,48.26,70.01,16.12,55.11,67.19,75.29,34.21,12.37,69.26,46.39,17.0,50.09,49.24,23.35
26,48.05,26.08,98.29,85.33,82.3,50.33,81.15,47.38,69.72,8.94,80.13,72.07,28.07,71.34,74.28,59.77,64.12,91.02,85.07,48.75,71.59,72.95,18.87,43.01,13.34,25.96,0.0,67.94,61.98,85.23,91.21,22.02,80.23,70.8,31.14,15.52,31.02,44.05,26.4,81.39,35.85,14.04,61.29,89.04,72.18,18.87,24.33,100.5,72.56,88.73,65.15,81.86,62.65,88.23,11.05,79.1,72.44,95.67,58.03,16.4,78.34,71.01,40.01,70.09,74.73,25.63
27,40.01,42.52,30.61,69.84,61.91,17.69,51.4,20.62,59.14,70.94,26.4,17.03,55.03,44.29,6.4,28.86,44.27,25.0,36.89,29.07,21.93,18.03,65.51,34.21,76.28,46.32,67.94,0.0,62.82,27.66,26.68,53.0,43.19,13.6,36.8,76.4,63.32,25.06,64.85,48.8,36.24,78.75,53.15,29.07,44.65,65.51,50.99,33.29,22.02,21.1,34.0,26.4,21.93,26.02,61.07,57.8,49.4,29.07,48.66,51.62,43.14,49.66,48.05,6.71,23.43,46.53
28,25.24,57.43,80.5,121.66,115.21,56.44,107.7,53.0,106.96,70.61,50.8,78.43,34.21,98.18,65.76,80.45,94.2,85.38,98.43,36.24,82.08,51.0,75.96,70.77,58.03,64.9,61.98,62.82,0.0,56.29,67.9,68.48,101.53,53.15,52.5,77.47,32.0,47.43,37.0,32.2,64.38,75.66,98.35,60.64,26.0,75.96,39.92,80.06,47.04,79.1,31.02,88.89,41.44,62.97,65.79,111.02,21.95,74.81,93.43,56.36,33.54,101.61,80.28,58.69,84.5,42.06
29,42.8,62.97,25.18,96.66,88.57,40.45,77.41,41.23,86.68,90.34,5.83,42.49,64.35,71.31,24.17,56.52,71.84,36.06,59.82,37.01,47.85,12.65,87.6,60.07,90.27,68.68,85.23,27.66,56.29,0.0,12.04,75.29,68.6,16.12,56.08,96.66,70.43,42.15,73.66,29.83,60.02,97.95,80.81,4.47,31.06,87.6,63.25,24.02,12.81,28.84,26.4,48.41,22.8,7.07,81.02,84.58,36.01,19.03,76.3,70.21,25.18,76.9,74.11,21.21,48.37,60.22
30,52.35,67.23,13.15,91.39,83.17,42.95,71.51,44.78,83.02,95.41,17.12,37.66,72.8,66.71,21.1,54.01,68.47,26.17,52.35,44.82,42.95,19.42,91.24,60.88,97.58,72.01,91.21,26.68,67.9,12.04,0.0,78.72,62.39,20.52,60.75,101.36,79.61,47.2,82.42,41.77,62.39,103.17,78.16,8.54,43.01,91.24,70.77,12.17,21.93,19.21,37.36,41.15,31.06,5.0,85.76,79.4,48.0,7.0,74.03,75.45,37.22,72.57,74.73,21.93,42.72,67.18
31,47.54,13.0,83.49,64.03,60.53,35.78,59.14,34.18,48.27,20.12,71.06,53.26,36.12,49.37,59.36,38.91,42.11,73.54,64.08,43.01,51.87,62.64,12.53,22.47,35.06,6.71,22.02,53.0,68.48,75.29,78.72,0.0,58.46,59.46,20.02,24.08,43.28,33.54,40.22,79.31,17.03,27.46,39.62,78.43,70.58,12.53,29.21,86.28,63.56,72.47,61.03,62.13,54.59,76.69,11.18,57.22,72.37,81.99,36.12,12.73,75.06,49.0,18.11,56.8,54.92,26.42
32,76.49,57.0,56.89,29.43,21.21,45.19,9.22,48.85,26.0,78.16,68.82,26.4,82.2,10.63,44.65,22.36,18.03,39.32,12.17,65.3,21.26,61.07,67.42,38.01,92.66,54.45,80.23,43.19,101.53,68.6,62.39,58.46,0.0,56.73,56.44,80.41,91.24,54.78,90.55,91.93,46.0,84.76,26.91,68.43,87.21,67.42,75.66,61.0,65.19,44.38,76.06,21.59,63.89,64.4,69.63,18.0,91.68,60.17,26.4,66.12,86.28,15.26,41.79,49.68,20.25,70.71
33,33.53,47.42,29.97,83.35,75.47,24.33,65.0,25.3,72.24,75.29,13.34,30.41,52.7,57.8,13.42,41.79,57.38,32.25,49.82,24.7,35.47,4.47,71.87,44.01,77.08,52.81,70.8,13.6,53.15,16.12,20.52,59.46,56.73,0.0,40.71,81.41,59.94,26.93,62.43,35.47,43.93,83.01,65.8,18.97,32.2,71.87,50.33,31.06,8.49,26.0,22.56,38.83,12.17,17.49,65.76,71.34,37.16,25.81,61.13,55.23,29.83,63.06,58.03,7.07,36.77,46.67
34,29.07,7.07,67.21,70.83,65.31,19.21,60.17,16.28,55.47,34.67,51.55,42.38,25.96,50.0,43.14,34.13,44.38,60.21,58.22,23.09,42.95,43.46,31.78,19.7,40.25,14.14,31.14,36.8,52.5,56.08,60.75,20.02,56.44,40.71,0.0,40.71,34.93,13.93,34.13,59.54,12.21,42.44,46.62,59.51,50.99,31.78,19.24,69.53,43.97,57.63,41.11,52.89,34.71,58.18,25.06,61.33,53.16,64.82,41.88,14.87,55.15,52.0,27.8,39.2,46.1,14.32
35,62.29,34.13,107.0,80.0,78.41,58.82,79.56,56.6,65.19,7.0,91.92,77.34,43.42,70.52,82.8,62.43,62.94,97.59,87.24,61.4,75.8,84.1,13.0,46.4,24.76,30.41,15.52,76.4,77.47,96.66,101.36,24.08,80.41,81.41,40.71,0.0,46.49,54.56,41.79,95.63,41.01,5.1,57.71,100.18,86.47,13.0,39.0,109.62,84.31,96.33,78.64,86.02,74.67,98.88,15.65,75.8,87.09,105.12,55.54,26.57,92.23,68.88,38.63,79.61,78.82,39.32
36,27.66,36.25,89.89,104.69,99.72,49.16,95.08,45.18,89.0,39.92,64.66,74.24,9.06,84.9,68.62,68.88,79.06,88.32,92.05,35.34,76.01,60.21,47.43,54.41,26.08,42.19,31.02,63.32,32.0,70.43,79.61,43.28,91.24,59.94,34.93,46.49,0.0,39.32,5.0,57.25,46.49,44.15,80.06,74.81,48.37,47.43,15.81,90.92,58.01,83.82,45.28,85.21,48.55,75.45,37.2,95.86,47.01,85.59,75.64,30.61,55.76,86.65,59.17,62.39,79.03,20.62
37,22.2,20.88,54.56,74.41,67.8,10.05,60.42,6.08,60.14,48.37,37.64,35.01,30.59,50.77,31.06,33.12,46.86,49.77,53.6,12.21,37.22,29.55,45.61,24.7,51.4,27.17,44.05,25.06,47.43,42.15,47.2,33.54,54.78,26.93,13.93,54.56,39.32,0.0,40.26,47.8,20.62,56.08,51.86,45.62,39.92,45.61,26.0,56.57,30.08,46.14,29.12,46.01,21.1,44.42,38.91,63.6,42.94,51.66,46.86,28.3,42.95,54.2,37.0,26.17,40.11,21.47
38,31.14,34.48,92.28,102.69,98.03,49.82,93.94,45.89,86.93,35.34,67.94,74.81,9.85,83.74,70.38,68.26,77.62,89.81,92.02,37.74,76.24,63.01,43.42,53.15,21.1,39.81,26.4,64.85,37.0,73.66,82.42,40.22,90.55,62.43,34.13,41.79,5.0,40.26,0.0,61.74,45.12,39.29,78.0,77.99,52.77,43.42,15.0,93.49,61.07,85.62,49.04,85.71,51.4,78.41,33.3,94.25,51.62,88.2,73.74,27.78,60.03,85.16,56.8,64.4,79.31,20.0
39,33.38,66.37,54.92,117.41,109.81,52.33,99.9,50.7,104.96,88.68,26.0,65.8,54.71,92.01,48.6,74.89,90.43,64.88,85.28,36.5,70.71,31.4,90.01,71.87,81.93,73.68,81.39,48.8,32.2,29.83,41.77,79.31,91.93,35.47,59.54,95.63,57.25,47.8,61.74,0.0,68.41,95.35,97.53,33.38,9.22,90.01,57.07,53.34,27.02,57.78,18.68,74.2,29.15,36.88,81.1,105.6,10.63,48.66,92.59,70.03,5.66,96.83,84.77,42.52,72.18,56.32
40,40.22,11.0,66.57,58.67,53.31,19.65,48.84,19.03,43.27,36.4,56.32,36.62,37.7,38.64,42.54,24.33,32.57,56.59,49.48,32.31,35.78,47.52,29.41,8.06,47.3,10.63,35.85,36.24,64.38,60.02,62.39,17.03,46.0,43.93,12.21,41.01,46.49,20.62,45.12,68.41,0.0,44.05,34.41,62.82,60.41,29.41,30.68,69.46,49.09,55.44,49.73,46.07,41.11,60.73,26.63,49.4,63.16,65.3,29.68,20.4,63.56,40.16,16.55,40.5,38.91,26.0
41,61.98,36.24,109.34,85.01,83.29,61.07,84.17,58.6,70.11,7.81,93.04,80.6,42.01,75.0,85.15,66.24,67.45,100.57,91.24,62.03,79.32,85.48,17.46,49.93,20.81,33.42,14.04,78.75,75.66,97.95,103.17,27.46,84.76,83.01,42.44,5.1,44.15,56.08,39.29,95.35,44.05,0.0,62.51,101.6,86.15,17.46,38.33,111.83,85.43,99.01,78.85,89.59,75.64,100.5,17.69,80.62,86.47,107.2,60.21,27.78,92.2,73.55,43.01,81.61,82.38,39.29
42,73.55,43.83,76.42,24.7,21.02,45.28,22.83,47.43,8.94,57.04,79.12,41.05,71.59,16.4,57.43,24.33,10.44,60.42,37.74,64.03,36.22,70.21,45.18,27.59,74.55,38.28,61.29,53.15,98.35,80.81,78.16,39.62,26.91,65.8,46.62,57.71,80.06,51.86,78.0,97.53,34.41,62.51,0.0,82.04,90.74,45.18,64.41,80.31,73.39,63.39,79.4,43.01,68.43,78.64,50.25,18.11,94.3,78.03,5.0,50.6,92.13,12.21,21.59,59.67,37.66,60.03
43,47.2,66.31,21.59,96.93,88.77,43.17,77.39,44.27,87.56,93.94,10.3,42.72,68.62,71.78,24.74,57.71,72.78,34.06,59.08,41.11,48.1,16.12,90.82,62.39,94.37,71.78,89.04,29.07,60.64,4.47,8.54,78.43,68.43,18.97,59.51,100.18,74.81,45.62,77.99,33.38,62.82,101.6,82.04,0.0,35.23,90.82,67.36,20.02,16.97,26.91,30.87,47.71,26.91,4.24,84.53,84.86,40.11,15.3,77.65,73.82,29.02,77.49,76.42,23.02,48.33,64.2
44,24.19,57.71,56.01,111.52,104.14,45.49,94.76,43.42,98.47,79.51,26.02,61.61,45.54,86.37,45.62,68.88,84.2,63.6,81.54,28.16,66.22,28.79,81.06,64.4,72.8,65.12,72.18,44.65,26.0,31.06,43.01,70.58,87.21,32.2,50.99,86.47,48.37,39.92,52.77,9.22,60.41,86.15,90.74,35.23,0.0,81.06,47.85,55.08,24.35,56.75,11.4,70.83,23.35,38.01,72.03,99.9,5.1,50.01,85.76,61.0,7.81,90.91,76.9,38.95,68.01,47.17
45,57.31,24.74,95.96,68.18,66.07,48.3,66.71,46.62,53.0,12.17,83.24,65.07,42.05,57.57,71.87,49.65,50.0,85.63,74.3,54.23,63.25,74.95,0.0,33.97,31.78,19.24,18.87,65.51,75.96,87.6,91.24,12.53,67.42,71.87,31.78,13.0,47.43,45.61,43.42,90.01,29.41,17.46,45.18,90.82,81.06,0.0,36.06,98.79,75.69,84.81,72.11,73.41,66.49,89.16,10.3,63.29,82.39,94.51,42.76,20.22,86.05,56.09,25.63,69.32,66.22,34.71
46,23.77,20.59,79.63,89.0,83.93,35.17,79.31,31.32,73.36,32.0,57.8,60.02,7.21,69.12,56.82,53.34,63.25,75.77,77.03,26.25,61.29,51.62,36.06,38.6,27.02,27.02,24.33,50.99,39.92,63.25,70.77,29.21,75.66,50.33,19.24,39.0,15.81,26.0,15.0,57.07,30.68,38.33,64.41,67.36,47.85,36.06,0.0,81.22,50.45,72.01,41.23,70.86,40.46,67.18,25.96,80.06,48.17,76.06,59.93,16.64,54.12,70.84,43.83,51.31,64.38,5.0
47,63.98,75.6,4.12,90.43,82.2,50.8,70.21,53.26,84.01,104.02,29.27,39.32,83.76,67.07,26.93,57.07,70.11,21.84,49.73,55.76,44.1,30.87,98.79,66.71,107.71,79.61,100.5,33.29,80.06,24.02,12.17,86.28,61.0,31.06,69.53,109.62,90.92,56.57,93.49,53.34,69.46,111.83,80.31,20.02,55.08,98.79,81.22,0.0,33.84,17.0,49.48,39.46,42.49,17.12,94.2,78.77,60.03,5.39,76.66,84.39,49.04,73.06,80.06,30.41,43.0,77.34
48,30.53,50.96,33.73,91.59,83.76,30.07,73.41,30.07,80.11,77.88,7.62,38.9,51.66,66.04,21.63,49.66,65.31,39.29,58.26,24.21,43.93,4.47,75.69,50.25,77.47,57.07,72.56,22.02,47.04,12.81,21.93,63.56,65.19,8.49,43.97,84.31,58.01,30.08,61.07,27.02,49.09,85.43,73.39,16.97,24.35,75.69,50.45,33.84,0.0,32.56,16.03,47.2,10.0,17.49,68.71,79.61,29.41,28.46,68.62,57.78,21.4,71.2,64.12,15.56,45.25,47.43
49,58.86,62.97,13.04,73.76,65.51,38.42,53.6,41.62,67.01,91.22,31.78,22.56,75.77,50.09,15.23,40.52,53.15,7.21,33.62,48.76,27.17,28.28,84.81,51.62,97.35,65.95,88.73,21.1,79.1,28.84,19.21,72.47,44.38,26.0,57.63,96.33,83.82,46.14,85.62,57.78,55.44,99.01,63.39,26.91,56.75,84.81,72.01,17.0,32.56,0.0,48.26,22.8,38.05,22.67,81.32,61.98,61.85,15.81,59.84,72.35,52.55,56.08,64.4,21.59,26.0,67.6
50,18.03,48.04,49.65,100.12,92.76,34.13,83.49,32.2,87.09,71.81,20.62,50.77,40.5,75.01,35.74,57.49,72.8,54.74,70.83,18.03,55.22,20.02,72.11,53.31,67.6,55.23,65.15,34.0,31.02,26.4,37.36,61.03,76.06,22.56,41.11,78.64,45.28,29.12,49.04,18.68,49.73,78.85,79.4,30.87,11.4,72.11,41.23,49.48,16.03,48.26,0.0,60.37,12.21,32.57,63.64,88.53,15.62,44.15,74.43,52.47,14.04,79.51,66.1,28.79,57.14,39.56
51,65.12,56.08,35.36,50.99,42.76,36.06,30.81,40.05,45.28,82.15,49.5,11.0,76.32,28.16,25.61,24.04,32.57,18.0,11.4,53.76,10.3,42.8,73.41,39.66,92.7,56.44,81.86,26.4,88.89,48.41,41.15,62.13,21.59,38.83,52.89,86.02,85.21,46.01,85.71,74.2,46.07,89.59,43.01,47.71,70.83,73.41,70.86,39.46,47.2,22.8,60.37,0.0,48.33,43.57,72.56,39.32,75.66,38.6,40.31,65.92,68.6,34.13,49.52,31.91,7.21,65.92
52,21.54,41.77,41.79,88.41,80.92,23.41,71.42,22.36,75.8,68.15,17.49,38.59,41.87,63.13,24.33,45.8,61.29,44.05,58.67,14.21,43.01,11.66,66.49,43.42,67.48,48.26,62.65,21.93,41.44,22.8,31.06,54.59,63.89,12.17,34.71,74.67,48.55,21.1,51.4,29.15,41.11,75.64,68.43,26.91,23.35,66.49,40.46,42.49,10.0,38.05,12.21,48.33,0.0,27.02,59.14,76.69,27.8,37.12,63.51,48.1,23.71,67.8,56.89,17.26,44.94,37.44
53,48.02,64.85,18.11,93.05,84.86,41.11,73.41,42.54,83.95,92.78,12.17,38.9,68.88,68.01,21.21,54.33,69.23,29.83,54.92,41.04,44.27,15.56,89.16,59.84,94.11,70.01,88.23,26.02,62.97,7.07,5.0,76.69,64.4,17.49,58.18,98.88,75.45,44.42,78.41,36.88,60.73,100.5,78.64,4.24,38.01,89.16,67.18,17.12,17.49,22.67,32.57,43.57,27.02,0.0,83.24,80.99,43.0,12.0,74.33,72.72,32.25,73.76,73.82,20.4,44.38,63.78
54,48.01,18.6,91.68,74.33,71.25,43.42,70.26,41.05,58.69,9.9,76.32,63.25,31.78,60.53,67.48,49.77,53.24,82.98,75.03,46.1,62.27,68.45,10.3,33.11,24.33,16.12,11.05,61.07,65.79,81.02,85.76,11.18,69.63,65.76,25.06,15.65,37.2,38.91,33.3,81.1,26.63,17.69,50.25,84.53,72.03,10.3,25.96,94.2,68.71,81.32,63.64,72.56,59.14,83.24,0.0,68.07,73.06,89.63,47.01,11.18,77.41,60.03,29.0,64.07,65.37,25.08
55,85.8,59.77,74.67,12.08,4.24,55.23,9.22,58.26,11.66,75.11,84.12,42.15,87.09,13.6,60.42,31.11,17.0,57.22,30.07,75.29,36.77,75.8,63.29,41.63,92.27,55.11,79.1,57.8,111.02,84.58,79.4,57.22,18.0,71.34,61.33,75.8,95.86,63.6,94.25,105.6,49.4,80.62,18.11,84.86,99.9,63.29,80.06,78.77,79.61,61.98,88.53,39.32,76.69,80.99,68.07,0.0,104.0,77.67,21.1,67.47,100.0,9.43,39.12,64.5,36.69,75.39
56,25.08,59.67,61.03,115.52,108.25,49.2,99.09,46.87,102.2,80.1,31.06,66.29,45.12,90.52,50.57,72.92,88.09,68.68,86.28,30.87,70.8,33.84,82.39,67.6,72.12,67.19,72.44,49.4,21.95,36.01,48.0,72.37,91.68,37.16,53.16,87.09,47.01,42.94,51.62,10.63,63.16,86.47,94.3,40.11,5.1,82.39,48.17,60.03,29.41,61.85,15.62,75.66,27.8,43.0,73.06,104.0,0.0,55.0,89.31,62.2,11.7,94.92,79.71,43.83,72.67,48.01
57,58.6,71.03,6.32,89.5,81.25,46.32,69.38,48.6,82.22,99.4,24.08,37.0,78.49,65.49,22.85,54.33,68.01,21.95,49.4,50.48,42.05,25.5,94.51,62.97,102.65,75.29,95.67,29.07,74.81,19.03,7.0,81.99,60.17,25.81,64.82,105.12,85.59,51.66,88.2,48.66,65.3,107.2,78.03,15.3,50.01,94.51,76.06,5.39,28.46,15.81,44.15,38.6,37.12,12.0,89.63,77.67,55.0,0.0,74.17,79.65,44.18,71.45,76.54,25.61,41.3,72.25
58,68.59,39.4,72.84,29.07,24.52,40.31,24.04,42.44,13.6,54.33,74.46,37.34,67.08,15.81,53.15,20.02,8.49,57.28,36.24,59.03,32.76,65.52,42.76,22.67,71.18,34.21,58.03,48.66,93.43,76.3,74.03,36.12,26.4,61.13,41.88,55.54,75.64,46.86,73.74,92.59,29.68,60.21,5.0,77.65,85.76,42.76,59.93,76.66,68.62,59.84,74.43,40.31,63.51,74.33,47.01,21.1,89.31,74.17,0.0,46.57,87.21,13.34,18.03,55.11,34.48,55.47
59,37.12,9.85,82.07,75.27,71.06,33.97,68.18,31.14,59.46,20.12,65.39,55.9,23.43,58.08,57.98,44.72,51.35,74.63,69.86,34.93,55.71,57.71,20.22,28.16,26.93,12.37,16.4,51.62,56.36,70.21,75.45,12.73,66.12,55.23,14.87,26.57,30.61,28.3,27.78,70.03,20.4,27.78,50.6,73.82,61.0,20.22,16.64,84.39,57.78,72.35,52.47,65.92,48.1,72.72,11.18,67.47,62.2,79.65,46.57,0.0,66.27,58.69,29.15,54.04,58.87,14.56
60,30.36,62.07,50.36,111.83,104.2,47.01,94.26,45.54,99.48,85.33,20.88,60.14,52.39,86.4,43.01,69.34,84.91,59.62,79.65,32.06,65.05,25.81,86.05,66.73,79.71,69.26,78.34,43.14,33.54,25.18,37.22,75.06,86.28,29.83,55.15,92.23,55.76,42.95,60.03,5.66,63.56,92.2,92.13,29.02,7.81,86.05,54.12,49.04,21.4,52.55,14.04,68.6,23.71,32.25,77.41,100.0,11.7,44.18,87.21,66.27,0.0,91.26,79.81,36.88,66.53,52.95
61,76.4,50.7,69.03,20.62,13.6,45.97,10.77,48.92,11.18,67.6,76.06,34.93,77.83,6.0,52.81,22.02,7.62,52.09,26.93,65.95,29.61,67.54,56.09,32.31,84.02,46.39,71.01,49.66,101.61,76.9,72.57,49.0,15.26,63.06,52.0,68.88,86.65,54.2,85.16,96.83,40.16,73.55,12.21,77.49,90.91,56.09,70.84,73.06,71.2,56.08,79.51,34.13,67.8,73.76,60.03,9.43,94.92,71.45,13.34,58.69,91.26,0.0,31.06,56.36,30.15,66.13
62,56.6,23.43,76.69,46.17,42.43,34.06,41.44,34.53,30.36,36.67,71.01,42.72,51.04,32.02,53.85,25.5,24.52,63.81,49.09,48.85,39.82,62.0,25.63,14.04,53.15,17.0,40.01,48.05,80.28,74.11,74.73,18.11,41.79,58.03,27.8,38.63,59.17,37.0,56.8,84.77,16.55,43.01,21.59,76.42,76.9,25.63,43.83,80.06,64.12,64.4,66.1,49.52,56.89,73.82,29.0,39.12,79.71,76.54,18.03,29.15,79.81,31.06,0.0,53.46,42.52,39.82
63,37.34,45.49,28.43,76.54,68.6,21.02,58.01,23.02,65.79,73.82,19.7,23.35,54.56,51.0,7.07,35.44,50.92,27.02,42.8,27.2,28.43,11.4,69.32,39.46,77.47,50.09,70.09,6.71,58.69,21.21,21.93,56.8,49.68,7.07,39.2,79.61,62.39,26.17,64.4,42.52,40.5,81.61,59.67,23.02,38.95,69.32,51.31,30.41,15.56,21.59,28.79,31.91,17.26,20.4,64.07,64.5,43.83,25.61,55.11,54.04,36.88,56.36,53.46,0.0,29.7,47.2
64,60.17,49.04,39.01,48.7,40.5,30.07,29.07,34.06,41.01,74.95,48.6,6.4,70.06,24.19,24.41,17.03,27.29,22.8,13.93,48.76,3.16,41.04,66.22,32.45,85.7,49.24,74.73,23.43,84.5,48.37,42.72,54.92,20.25,36.77,46.1,78.82,79.03,40.11,79.31,72.18,38.91,82.38,37.66,48.33,68.01,66.22,64.38,43.0,45.25,26.0,57.14,7.21,44.94,44.38,65.37,36.69,72.67,41.3,34.48,58.87,66.53,30.15,42.52,29.7,0.0,59.41
65,23.02,16.4,75.6,84.53,79.31,30.36,74.46,26.57,68.96,32.39,54.92,55.11,11.7,64.29,52.48,48.37,58.52,71.18,72.03,23.32,56.32,48.27,34.71,33.84,30.41,23.35,25.63,46.53,42.06,60.22,67.18,26.42,70.71,46.67,14.32,39.32,20.62,21.47,20.0,56.32,26.0,39.29,60.03,64.2,47.17,34.71,5.0,77.34,47.43,67.6,39.56,65.92,37.44,63.78,25.08,75.39,48.01,72.25,55.47,14.56,52.95,66.13,39.82,47.2,59.41,0.0
