set K:= 1	2	3	4	5	6	7;
set C_H:= 1	2	3	4	5	6	7	8	9	10	11	12	13	14	15	16	17	18;
set C_S:= 19	20	21	22	23	24	25	26	27	28	29	30	31	32	33	34	35;
set C_F:= 36	37	38	39	40	41	42	43	44	45	46	47	48	49	50	51	52;
set M:= 53	54;
set L_B:= 55	56	57	58	59	60	61;
set A1:=
(0,*) 1 2 3 4 5 6 7 8 9 10 11 12 13 14 15 16 17 18 36 37 38 39 40 41 42 43 44 45 46 47 48 49 50 51 52 53 54 55 56 57 58 59 60 61
(1,*) 0 2 3 4 5 6 7 8 9 10 11 12 13 14 15 16 17 18 36 37 38 39 40 41 42 43 44 45 46 47 48 49 50 51 52 53 54 55 56 57 58 59 60 61
(2,*) 0 1 3 4 5 6 7 8 9 10 11 12 13 14 15 16 17 18 36 37 38 39 40 41 42 43 44 45 46 47 48 49 50 51 52 53 54 55 56 57 58 59 60 61
(3,*) 0 1 2 4 5 6 7 8 9 10 11 12 13 14 15 16 17 18 36 37 38 39 40 41 42 43 44 45 46 47 48 49 50 51 52 53 54 55 56 57 58 59 60 61
(4,*) 0 1 2 3 5 6 7 8 9 10 11 12 13 14 15 16 17 18 36 37 38 39 40 41 42 43 44 45 46 47 48 49 50 51 52 53 54 55 56 57 58 59 60 61
(5,*) 0 1 2 3 4 6 7 8 9 10 11 12 13 14 15 16 17 18 36 37 38 39 40 41 42 43 44 45 46 47 48 49 50 51 52 53 54 55 56 57 58 59 60 61
(6,*) 0 1 2 3 4 5 7 8 9 10 11 12 13 14 15 16 17 18 36 37 38 39 40 41 42 43 44 45 46 47 48 49 50 51 52 53 54 55 56 57 58 59 60 61
(7,*) 0 1 2 3 4 5 6 8 9 10 11 12 13 14 15 16 17 18 36 37 38 39 40 41 42 43 44 45 46 47 48 49 50 51 52 53 54 55 56 57 58 59 60 61
(8,*) 0 1 2 3 4 5 6 7 9 10 11 12 13 14 15 16 17 18 36 37 38 39 40 41 42 43 44 45 46 47 48 49 50 51 52 53 54 55 56 57 58 59 60 61
(9,*) 0 1 2 3 4 5 6 7 8 10 11 12 13 14 15 16 17 18 36 37 38 39 40 41 42 43 44 45 46 47 48 49 50 51 52 53 54 55 56 57 58 59 60 61
(10,*) 0 1 2 3 4 5 6 7 8 9 11 12 13 14 15 16 17 18 36 37 38 39 40 41 42 43 44 45 46 47 48 49 50 51 52 53 54 55 56 57 58 59 60 61
(11,*) 0 1 2 3 4 5 6 7 8 9 10 12 13 14 15 16 17 18 36 37 38 39 40 41 42 43 44 45 46 47 48 49 50 51 52 53 54 55 56 57 58 59 60 61
(12,*) 0 1 2 3 4 5 6 7 8 9 10 11 13 14 15 16 17 18 36 37 38 39 40 41 42 43 44 45 46 47 48 49 50 51 52 53 54 55 56 57 58 59 60 61
(13,*) 0 1 2 3 4 5 6 7 8 9 10 11 12 14 15 16 17 18 36 37 38 39 40 41 42 43 44 45 46 47 48 49 50 51 52 53 54 55 56 57 58 59 60 61
(14,*) 0 1 2 3 4 5 6 7 8 9 10 11 12 13 15 16 17 18 36 37 38 39 40 41 42 43 44 45 46 47 48 49 50 51 52 53 54 55 56 57 58 59 60 61
(15,*) 0 1 2 3 4 5 6 7 8 9 10 11 12 13 14 16 17 18 36 37 38 39 40 41 42 43 44 45 46 47 48 49 50 51 52 53 54 55 56 57 58 59 60 61
(16,*) 0 1 2 3 4 5 6 7 8 9 10 11 12 13 14 15 17 18 36 37 38 39 40 41 42 43 44 45 46 47 48 49 50 51 52 53 54 55 56 57 58 59 60 61
(17,*) 0 1 2 3 4 5 6 7 8 9 10 11 12 13 14 15 16 18 36 37 38 39 40 41 42 43 44 45 46 47 48 49 50 51 52 53 54 55 56 57 58 59 60 61
(18,*) 0 1 2 3 4 5 6 7 8 9 10 11 12 13 14 15 16 17 36 37 38 39 40 41 42 43 44 45 46 47 48 49 50 51 52 53 54 55 56 57 58 59 60 61
(36,*) 0 1 2 3 4 5 6 7 8 9 10 11 12 13 14 15 16 17 18 37 38 39 40 41 42 43 44 45 46 47 48 49 50 51 52 53 54 55 56 57 58 59 60 61
(37,*) 0 1 2 3 4 5 6 7 8 9 10 11 12 13 14 15 16 17 18 36 38 39 40 41 42 43 44 45 46 47 48 49 50 51 52 53 54 55 56 57 58 59 60 61
(38,*) 0 1 2 3 4 5 6 7 8 9 10 11 12 13 14 15 16 17 18 36 37 39 40 41 42 43 44 45 46 47 48 49 50 51 52 53 54 55 56 57 58 59 60 61
(39,*) 0 1 2 3 4 5 6 7 8 9 10 11 12 13 14 15 16 17 18 36 37 38 40 41 42 43 44 45 46 47 48 49 50 51 52 53 54 55 56 57 58 59 60 61
(40,*) 0 1 2 3 4 5 6 7 8 9 10 11 12 13 14 15 16 17 18 36 37 38 39 41 42 43 44 45 46 47 48 49 50 51 52 53 54 55 56 57 58 59 60 61
(41,*) 0 1 2 3 4 5 6 7 8 9 10 11 12 13 14 15 16 17 18 36 37 38 39 40 42 43 44 45 46 47 48 49 50 51 52 53 54 55 56 57 58 59 60 61
(42,*) 0 1 2 3 4 5 6 7 8 9 10 11 12 13 14 15 16 17 18 36 37 38 39 40 41 43 44 45 46 47 48 49 50 51 52 53 54 55 56 57 58 59 60 61
(43,*) 0 1 2 3 4 5 6 7 8 9 10 11 12 13 14 15 16 17 18 36 37 38 39 40 41 42 44 45 46 47 48 49 50 51 52 53 54 55 56 57 58 59 60 61
(44,*) 0 1 2 3 4 5 6 7 8 9 10 11 12 13 14 15 16 17 18 36 37 38 39 40 41 42 43 45 46 47 48 49 50 51 52 53 54 55 56 57 58 59 60 61
(45,*) 0 1 2 3 4 5 6 7 8 9 10 11 12 13 14 15 16 17 18 36 37 38 39 40 41 42 43 44 46 47 48 49 50 51 52 53 54 55 56 57 58 59 60 61
(46,*) 0 1 2 3 4 5 6 7 8 9 10 11 12 13 14 15 16 17 18 36 37 38 39 40 41 42 43 44 45 47 48 49 50 51 52 53 54 55 56 57 58 59 60 61
(47,*) 0 1 2 3 4 5 6 7 8 9 10 11 12 13 14 15 16 17 18 36 37 38 39 40 41 42 43 44 45 46 48 49 50 51 52 53 54 55 56 57 58 59 60 61
(48,*) 0 1 2 3 4 5 6 7 8 9 10 11 12 13 14 15 16 17 18 36 37 38 39 40 41 42 43 44 45 46 47 49 50 51 52 53 54 55 56 57 58 59 60 61
(49,*) 0 1 2 3 4 5 6 7 8 9 10 11 12 13 14 15 16 17 18 36 37 38 39 40 41 42 43 44 45 46 47 48 50 51 52 53 54 55 56 57 58 59 60 61
(50,*) 0 1 2 3 4 5 6 7 8 9 10 11 12 13 14 15 16 17 18 36 37 38 39 40 41 42 43 44 45 46 47 48 49 51 52 53 54 55 56 57 58 59 60 61
(51,*) 0 1 2 3 4 5 6 7 8 9 10 11 12 13 14 15 16 17 18 36 37 38 39 40 41 42 43 44 45 46 47 48 49 50 52 53 54 55 56 57 58 59 60 61
(52,*) 0 1 2 3 4 5 6 7 8 9 10 11 12 13 14 15 16 17 18 36 37 38 39 40 41 42 43 44 45 46 47 48 49 50 51 53 54 55 56 57 58 59 60 61
(53,*) 0 1 2 3 4 5 6 7 8 9 10 11 12 13 14 15 16 17 18 36 37 38 39 40 41 42 43 44 45 46 47 48 49 50 51 52 54 55 56 57 58 59 60 61
(54,*) 0 1 2 3 4 5 6 7 8 9 10 11 12 13 14 15 16 17 18 36 37 38 39 40 41 42 43 44 45 46 47 48 49 50 51 52 53 55 56 57 58 59 60 61
(55,*) 0 1 2 3 4 5 6 7 8 9 10 11 12 13 14 15 16 17 18 36 37 38 39 40 41 42 43 44 45 46 47 48 49 50 51 52 53 54 56 57 58 59 60 61
(56,*) 0 1 2 3 4 5 6 7 8 9 10 11 12 13 14 15 16 17 18 36 37 38 39 40 41 42 43 44 45 46 47 48 49 50 51 52 53 54 55 57 58 59 60 61
(57,*) 0 1 2 3 4 5 6 7 8 9 10 11 12 13 14 15 16 17 18 36 37 38 39 40 41 42 43 44 45 46 47 48 49 50 51 52 53 54 55 56 58 59 60 61
(58,*) 0 1 2 3 4 5 6 7 8 9 10 11 12 13 14 15 16 17 18 36 37 38 39 40 41 42 43 44 45 46 47 48 49 50 51 52 53 54 55 56 57 59 60 61
(59,*) 0 1 2 3 4 5 6 7 8 9 10 11 12 13 14 15 16 17 18 36 37 38 39 40 41 42 43 44 45 46 47 48 49 50 51 52 53 54 55 56 57 58 60 61
(60,*) 0 1 2 3 4 5 6 7 8 9 10 11 12 13 14 15 16 17 18 36 37 38 39 40 41 42 43 44 45 46 47 48 49 50 51 52 53 54 55 56 57 58 59 61
(61,*) 0 1 2 3 4 5 6 7 8 9 10 11 12 13 14 15 16 17 18 36 37 38 39 40 41 42 43 44 45 46 47 48 49 50 51 52 53 54 55 56 57 58 59 60
;
set A2:=
(53,*) 54
(54,*) 53
;
param BigM:=99999;
param n:= 7;
param d:=
1	2
2	17
3	24
4	23
5	18
6	23
7	22
8	3
9	6
10	7
11	1
12	2
13	10
14	2
15	18
16	8
17	21
18	13
19	2
20	12
21	20
22	7
23	25
24	20
25	6
26	13
27	18
28	10
29	8
30	23
31	1
32	4
33	15
34	3
35	3
36	14
37	2
38	26
39	13
40	3
41	2
42	18
43	9
44	30
45	16
46	22
47	26
48	2
49	25
50	22
51	19
52	5
;
param Q:=100;
param w:=
[53,*] 54 0.5
[54,*] 53 0.5
;
param V:=
[53,*] 54 77
[54,*] 53 77
;
param e:
	53	54	55	56	57	58	59	60	61:=
19	0	1	0	1	0	0	1	0	0	
20	1	1	0	0	0	0	0	1	0	
21	0	1	0	0	0	0	1	0	0	
22	1	1	0	0	0	1	0	0	0	
23	1	0	1	0	0	0	0	0	0	
24	0	1	0	0	0	1	0	0	0	
25	1	1	0	1	0	0	0	0	0	
26	1	1	0	0	0	0	1	0	0	
27	0	1	0	0	1	0	0	0	0	
28	0	1	0	0	0	0	0	1	0	
29	1	0	0	0	1	0	0	0	0	
30	1	1	0	0	0	0	1	0	0	
31	0	1	1	0	0	1	0	0	0	
32	1	0	0	0	0	1	0	0	0	
33	1	0	0	0	0	0	0	1	0	
34	1	0	0	1	0	0	0	0	0	
35	1	0	0	0	1	0	0	0	0	
36	1	1	0	0	0	0	0	0	1	
37	1	0	1	0	0	1	0	1	1	
38	1	1	0	1	0	0	1	0	0	
39	1	0	0	0	0	0	0	1	1	
40	1	0	0	0	1	0	0	0	0	
41	1	0	0	0	1	0	0	0	0	
42	0	1	0	1	0	0	1	0	0	
43	0	1	0	1	0	0	0	0	0	
44	1	1	0	0	0	0	1	0	0	
45	1	1	1	0	0	1	0	0	1	
46	0	1	0	1	0	0	1	0	0	
47	1	0	0	0	1	0	0	1	0	
48	1	1	0	1	0	0	0	0	0	
49	1	1	0	1	0	0	1	0	0	
50	0	1	1	0	0	1	0	0	1	
51	1	1	0	0	1	0	0	1	0	
52	0	1	0	1	0	0	1	0	0	
;
param p:=
1	3
2	3
3	3
4	3
5	3
6	3
7	3
;
param G:=
53	77
54	76
55	74
56	82
57	80
58	97
59	76
60	92
61	77
;
param s:=
0	0
1	10
2	10
3	10
4	10
5	10
6	10
7	10
8	10
9	10
10	10
11	10
12	10
13	10
14	10
15	10
16	10
17	10
18	10
36	10
37	10
38	10
39	10
40	10
41	10
42	10
43	10
44	10
45	10
46	10
47	10
48	10
49	10
50	10
51	10
52	10
53	10
54	10
55	10
56	10
57	10
58	10
59	10
60	10
61	10
;
param t:
	0	1	2	3	4	5	6	7	8	9	10	11	12	13	14	15	16	17	18	19	20	21	22	23	24	25	26	27	28	29	30	31	32	33	34	35	36	37	38	39	40	41	42	43	44	45	46	47	48	49	50	51	52	53	54	55	56	57	58	59	60	61:=
0	0.0	22.2	31.14	63.32	57.31	73.55	42.72	48.05	31.3	82.49	57.31	23.77	58.86	18.03	65.12	54.34	52.35	76.49	62.29	11.4	57.57	33.38	35.11	61.98	49.65	47.2	24.19	63.98	27.78	82.04	37.01	22.47	47.54	55.23	64.28	74.04	27.66	40.22	33.11	46.01	96.54	90.0	30.53	40.01	25.24	55.33	42.8	72.95	44.18	33.53	29.07	69.03	21.54	85.8	25.08	40.11	29.97	87.8	36.0	18.87	51.61	43.42
1	22.2	0.0	40.26	54.56	45.61	51.86	27.17	44.05	10.05	60.42	45.61	26.0	46.14	29.12	46.01	35.01	47.2	54.78	54.56	12.21	37.22	47.8	20.88	56.08	51.4	45.62	39.92	56.57	6.08	60.14	37.64	30.59	33.54	33.12	49.77	53.6	39.32	20.62	29.55	24.7	74.41	67.8	30.08	25.06	47.43	48.37	42.15	50.77	31.06	26.93	13.93	46.86	21.1	63.6	42.94	30.89	27.51	65.6	29.21	30.08	29.41	32.31
2	31.14	40.26	0.0	92.28	43.42	78.0	39.81	26.4	49.82	93.94	43.42	15.0	85.62	49.04	85.71	74.81	82.42	90.55	41.79	37.74	76.24	61.74	34.48	39.29	21.1	77.99	52.77	93.49	45.89	86.93	67.94	9.85	40.22	68.26	89.81	92.02	5.0	45.12	63.01	53.15	102.69	98.03	61.07	64.85	37.0	35.34	73.66	83.74	70.38	62.43	34.13	77.62	51.4	94.25	51.62	29.41	60.0	95.82	24.7	49.82	63.39	33.6
3	63.32	54.56	92.28	0.0	95.96	76.42	76.84	98.29	48.27	66.1	95.96	79.63	13.04	49.65	35.36	35.51	13.15	56.89	107.0	54.59	40.2	54.92	73.11	109.34	105.89	21.59	56.01	4.12	50.93	80.0	30.0	82.49	83.49	53.37	17.72	45.61	89.89	66.57	30.36	63.51	86.31	78.09	33.73	30.61	80.5	101.53	25.18	63.03	24.21	29.97	67.21	66.19	41.79	74.67	61.03	84.29	33.53	76.79	83.44	49.5	55.66	84.65
4	57.31	45.61	43.42	95.96	0.0	45.18	19.24	18.87	48.3	66.71	0.0	36.06	84.81	72.11	73.41	65.07	91.24	67.42	13.0	54.23	63.25	90.01	24.74	17.46	31.78	90.82	81.06	98.79	46.62	53.0	83.24	42.05	12.53	49.65	85.63	74.3	47.43	29.41	74.95	33.97	68.18	66.07	75.69	65.51	75.96	12.17	87.6	57.57	71.87	71.87	31.78	50.0	66.49	63.29	82.39	17.26	73.08	64.12	21.84	73.11	45.0	14.0
5	73.55	51.86	78.0	76.42	45.18	0.0	38.28	61.29	45.28	22.83	45.18	64.41	63.39	79.4	43.01	41.05	78.16	26.91	57.71	64.03	36.22	97.53	43.83	62.51	74.55	82.04	90.74	80.31	47.43	8.94	79.12	71.59	39.62	24.33	60.42	37.74	80.06	34.41	70.21	27.59	24.7	21.02	73.39	53.15	98.35	57.04	80.81	16.4	57.43	65.8	46.62	10.44	68.43	18.11	94.3	49.73	70.23	19.0	53.76	80.26	24.7	46.1
6	42.72	27.17	39.81	76.84	19.24	38.28	0.0	25.96	29.07	56.04	19.24	27.02	65.95	55.23	56.44	47.2	72.01	54.45	30.41	37.22	46.14	73.68	7.62	33.42	38.21	71.78	65.12	79.61	27.51	47.17	64.54	34.21	6.71	33.84	67.21	59.14	42.19	10.63	56.04	17.09	62.97	58.69	57.07	46.32	64.9	25.81	68.68	46.0	52.7	52.81	14.14	39.12	48.26	55.11	67.19	12.0	54.34	56.52	15.52	56.22	28.79	9.49
7	48.05	44.05	26.4	98.29	18.87	61.29	25.96	0.0	50.33	81.15	18.87	24.33	88.73	65.15	81.86	72.07	91.21	80.23	15.52	48.75	71.59	81.39	26.08	14.04	13.34	89.04	72.18	100.5	47.38	69.72	80.13	28.07	22.02	59.77	91.02	85.07	31.02	35.85	72.95	43.01	85.33	82.3	72.56	67.94	61.98	8.94	85.23	71.34	74.28	70.8	31.14	64.12	62.65	79.1	72.44	14.76	70.49	80.22	14.87	66.1	54.71	16.49
8	31.3	10.05	49.82	48.27	48.3	45.28	29.07	50.33	0.0	51.31	48.3	35.17	38.42	34.13	36.06	25.08	42.95	45.19	58.82	20.25	27.17	52.33	24.84	61.07	59.17	43.17	45.49	50.8	4.0	53.01	37.01	40.31	35.78	24.21	41.18	43.57	49.16	19.65	28.07	20.22	66.48	59.46	30.07	17.69	56.44	53.26	40.45	42.01	24.08	24.33	19.21	38.95	23.41	55.23	49.2	36.07	27.02	57.31	35.61	34.99	21.26	36.4
9	82.49	60.42	93.94	66.1	66.71	22.83	56.04	81.15	51.31	0.0	66.71	79.31	53.6	83.49	30.81	34.99	71.51	9.22	79.56	71.56	29.68	99.9	59.68	84.17	94.02	77.39	94.76	70.21	54.71	19.21	77.39	86.13	59.14	27.29	48.51	21.0	95.08	48.84	69.4	40.79	20.22	12.04	73.41	51.4	107.7	78.09	77.41	10.2	53.34	65.0	60.17	17.03	71.42	9.22	99.09	68.03	70.43	11.05	71.25	84.17	31.38	65.01
10	57.31	45.61	43.42	95.96	0.0	45.18	19.24	18.87	48.3	66.71	0.0	36.06	84.81	72.11	73.41	65.07	91.24	67.42	13.0	54.23	63.25	90.01	24.74	17.46	31.78	90.82	81.06	98.79	46.62	53.0	83.24	42.05	12.53	49.65	85.63	74.3	47.43	29.41	74.95	33.97	68.18	66.07	75.69	65.51	75.96	12.17	87.6	57.57	71.87	71.87	31.78	50.0	66.49	63.29	82.39	17.26	73.08	64.12	21.84	73.11	45.0	14.0
11	23.77	26.0	15.0	79.63	36.06	64.41	27.02	24.33	35.17	79.31	36.06	0.0	72.01	41.23	70.86	60.02	70.77	75.66	39.0	26.25	61.29	57.07	20.59	38.33	27.02	67.36	47.85	81.22	31.32	73.36	57.8	7.21	29.21	53.34	75.77	77.03	15.81	30.68	51.62	38.6	89.0	83.93	50.45	50.99	39.92	32.0	63.25	69.12	56.82	50.33	19.24	63.25	40.46	80.06	48.17	19.24	48.84	81.71	14.32	42.15	48.51	23.32
12	58.86	46.14	85.62	13.04	84.81	63.39	65.95	88.73	38.42	53.6	84.81	72.01	0.0	48.26	22.8	22.56	19.21	44.38	96.33	48.76	27.17	57.78	62.97	99.01	97.35	26.91	56.75	17.0	41.62	67.01	31.78	75.77	72.47	40.52	7.21	33.62	83.82	55.44	28.28	51.62	73.76	65.51	32.56	21.1	79.1	91.22	28.84	50.09	15.23	26.0	57.63	53.15	38.05	61.98	61.85	74.33	31.14	64.13	74.03	48.37	43.08	74.25
13	18.03	29.12	49.04	49.65	72.11	79.4	55.23	65.15	34.13	83.49	72.11	41.23	48.26	0.0	60.37	50.77	37.36	76.06	78.64	18.03	55.22	18.68	48.04	78.85	67.6	30.87	11.4	49.48	32.2	87.09	20.62	40.5	61.03	57.49	54.74	70.83	45.28	49.73	20.02	53.31	100.12	92.76	16.03	34.0	31.02	71.81	26.4	75.01	35.74	22.56	41.11	72.8	12.21	88.53	15.62	55.44	17.12	90.69	51.97	1.0	55.22	58.14
14	65.12	46.01	85.71	35.36	73.41	43.01	56.44	81.86	36.06	30.81	73.41	70.86	22.8	60.37	0.0	11.0	41.15	21.59	86.02	53.76	10.3	74.2	56.08	89.59	92.7	47.71	70.83	39.46	40.05	45.28	49.5	76.32	62.13	24.04	18.0	11.4	85.21	46.07	42.8	39.66	50.99	42.76	47.2	26.4	88.89	82.15	48.41	28.16	25.61	38.83	52.89	32.57	48.33	39.32	75.66	67.12	44.65	41.44	68.35	60.83	28.43	65.76
15	54.34	35.01	74.81	35.51	65.07	41.05	47.2	72.07	25.08	34.99	65.07	60.02	22.56	50.77	11.0	0.0	37.66	26.4	77.34	42.95	5.39	65.8	46.07	80.6	82.46	42.72	61.61	39.32	29.07	45.4	42.44	65.38	53.26	18.03	21.1	20.12	74.24	36.62	34.71	31.11	54.23	46.1	38.9	17.03	78.43	73.01	42.49	29.12	18.36	30.41	42.38	31.02	38.59	42.15	66.29	57.31	36.07	44.38	58.18	51.31	21.1	56.3
16	52.35	47.2	82.42	13.15	91.24	78.16	72.01	91.21	42.95	71.51	91.24	70.77	19.21	37.36	41.15	37.66	0.0	62.39	101.36	44.82	42.95	41.77	67.23	103.17	97.58	8.54	43.01	12.17	44.78	83.02	17.12	72.8	78.72	54.01	26.17	52.35	79.61	62.39	19.42	60.88	91.39	83.17	21.93	26.68	67.9	95.41	12.04	66.71	21.1	20.52	60.75	68.47	31.06	79.4	48.0	77.94	22.47	81.61	76.4	37.11	55.15	78.89
17	76.49	54.78	90.55	56.89	67.42	26.91	54.45	80.23	45.19	9.22	67.42	75.66	44.38	76.06	21.59	26.4	62.39	0.0	80.41	65.3	21.26	91.93	57.0	84.76	92.66	68.43	87.21	61.0	48.85	26.0	68.82	82.2	58.46	22.36	39.32	12.17	91.24	46.0	61.07	38.01	29.43	21.21	65.19	43.19	101.53	78.16	68.6	10.63	44.65	56.73	56.44	18.03	63.89	18.0	91.68	66.37	62.29	20.02	69.07	76.69	27.17	63.79
18	62.29	54.56	41.79	107.0	13.0	57.71	30.41	15.52	58.82	79.56	13.0	39.0	96.33	78.64	86.02	77.34	101.36	80.41	0.0	61.4	75.8	95.63	34.13	5.1	24.76	100.18	86.47	109.62	56.6	65.19	91.92	43.42	24.08	62.43	97.59	87.24	46.49	41.01	84.1	46.4	80.0	78.41	84.31	76.4	77.47	7.0	96.66	70.52	82.8	81.41	40.71	62.94	74.67	75.8	87.09	23.77	81.94	76.53	26.68	79.62	57.69	22.47
19	11.4	12.21	37.74	54.59	54.23	64.03	37.22	48.75	20.25	71.56	54.23	26.25	48.76	18.03	53.76	42.95	44.82	65.3	61.4	0.0	46.17	36.5	30.02	62.03	53.26	41.11	28.16	55.76	17.03	72.25	31.62	28.02	43.01	44.41	53.76	62.64	35.34	32.31	25.5	36.89	86.31	79.51	24.21	29.07	36.24	54.71	37.01	62.2	33.73	24.7	23.09	58.73	14.21	75.29	30.87	37.85	22.63	77.34	34.79	19.03	41.11	40.31
20	57.57	37.22	76.24	40.2	63.25	36.22	46.14	71.59	27.17	29.68	63.25	61.29	27.17	55.22	10.3	5.39	42.95	21.26	75.8	46.17	0.0	70.71	45.88	79.32	82.54	48.1	66.22	44.1	31.14	40.2	47.71	67.03	51.87	14.42	24.7	16.49	76.01	35.78	39.82	29.41	48.85	40.72	43.93	21.93	82.08	71.87	47.85	23.77	23.71	35.47	42.95	26.02	43.01	36.77	70.8	56.86	41.04	39.0	58.19	55.8	18.38	55.47
21	33.38	47.8	61.74	54.92	90.01	97.53	73.68	81.39	52.33	99.9	90.01	57.07	57.78	18.68	74.2	65.8	41.77	91.93	95.63	36.5	70.71	0.0	66.37	95.35	81.93	33.38	9.22	53.34	50.7	104.96	26.0	54.71	79.31	74.89	64.88	85.28	57.25	68.41	31.4	71.87	117.41	109.81	27.02	48.8	32.2	88.68	29.83	92.01	48.6	35.47	59.54	90.43	29.15	105.6	10.63	73.03	29.73	107.8	69.18	17.72	73.06	76.01
22	35.11	20.88	34.48	73.11	24.74	43.83	7.62	26.08	24.84	59.68	24.74	20.59	62.97	48.04	56.08	46.07	67.23	57.0	34.13	30.02	45.88	66.37	0.0	36.24	36.69	66.31	57.71	75.6	22.47	52.77	58.52	27.78	13.0	35.23	65.0	60.21	36.25	11.0	50.33	19.03	68.45	63.57	50.96	42.52	57.43	28.43	62.97	49.5	48.92	47.42	7.07	43.17	41.77	59.77	59.67	11.4	48.38	61.35	12.37	49.04	30.15	11.66
23	61.98	56.08	39.29	109.34	17.46	62.51	33.42	14.04	61.07	84.17	17.46	38.33	99.01	78.85	89.59	80.6	103.17	84.76	5.1	62.03	79.32	95.35	36.24	0.0	20.81	101.6	86.15	111.83	58.6	70.11	93.04	42.01	27.46	66.24	100.57	91.24	44.15	44.05	85.48	49.93	85.01	83.29	85.43	78.75	75.66	7.81	97.95	75.0	85.15	83.01	42.44	67.45	75.64	80.62	86.47	25.24	83.19	81.39	27.31	79.81	61.4	24.76
24	49.65	51.4	21.1	105.89	31.78	74.55	38.21	13.34	59.17	94.02	31.78	27.02	97.35	67.6	92.7	82.46	97.58	92.66	24.76	53.26	82.54	81.93	36.69	20.81	0.0	94.37	72.8	107.71	55.76	83.02	84.81	27.31	35.06	71.59	100.34	96.77	26.08	47.3	78.57	54.92	98.66	95.52	77.47	76.28	58.03	20.25	90.27	84.1	82.42	77.08	40.25	77.01	67.48	92.27	72.12	26.31	75.82	93.43	24.35	68.48	66.49	29.02
25	47.2	45.62	77.99	21.59	90.82	82.04	71.78	89.04	43.17	77.39	90.82	67.36	26.91	30.87	47.71	42.72	8.54	68.43	100.18	41.11	48.1	33.38	66.31	101.6	94.37	0.0	35.23	20.02	44.27	87.56	10.3	68.62	78.43	57.71	34.06	59.08	74.81	62.82	16.12	62.39	96.93	88.77	16.97	29.07	60.64	93.94	4.47	71.78	24.74	18.97	59.51	72.78	26.91	84.86	40.11	76.48	18.6	87.09	74.43	30.46	58.14	77.88
26	24.19	39.92	52.77	56.01	81.06	90.74	65.12	72.18	45.49	94.76	81.06	47.85	56.75	11.4	70.83	61.61	43.01	87.21	86.47	28.16	66.22	9.22	57.71	86.15	72.8	35.23	0.0	55.08	43.42	98.47	26.02	45.54	70.58	68.88	63.6	81.54	48.37	60.41	28.79	64.4	111.52	104.14	24.35	44.65	26.0	79.51	31.06	86.37	45.62	32.2	50.99	84.2	23.35	99.9	5.1	64.0	26.4	102.07	60.07	10.63	66.61	67.07
27	63.98	56.57	93.49	4.12	98.79	80.31	79.61	100.5	50.8	70.21	98.79	81.22	17.0	49.48	39.46	39.32	12.17	61.0	109.62	55.76	44.1	53.34	75.6	111.83	107.71	20.02	55.08	0.0	53.26	84.01	29.27	83.76	86.28	57.07	21.84	49.73	90.92	69.46	30.87	66.71	90.43	82.2	33.84	33.29	80.06	104.02	24.02	67.07	26.93	31.06	69.53	70.11	42.49	78.77	60.03	86.68	34.01	80.89	85.63	49.24	59.2	87.2
28	27.78	6.08	45.89	50.93	46.62	47.43	27.51	47.38	4.0	54.71	46.62	31.32	41.62	32.2	40.05	29.07	44.78	48.85	56.6	17.03	31.14	50.7	22.47	58.6	55.76	44.27	43.42	53.26	0.0	55.44	37.34	36.35	34.18	27.46	44.72	47.52	45.18	19.03	28.64	21.19	69.31	62.48	30.07	20.62	53.0	50.8	41.23	45.22	26.91	25.3	16.28	41.73	22.36	58.26	46.87	33.42	27.17	60.31	32.56	33.11	24.08	34.13
29	82.04	60.14	86.93	80.0	53.0	8.94	47.17	69.72	53.01	19.21	53.0	73.36	67.01	87.09	45.28	45.4	83.02	26.0	65.19	72.25	40.2	104.96	52.77	70.11	83.02	87.56	98.47	84.01	55.44	0.0	85.44	80.53	48.27	30.46	63.2	37.95	89.0	43.27	76.69	36.24	15.81	13.34	80.11	59.14	106.96	65.03	86.68	17.12	62.82	72.24	55.47	14.87	75.8	11.66	102.2	58.52	76.97	11.7	62.63	87.92	31.91	54.82
30	37.01	37.64	67.94	30.0	83.24	79.12	64.54	80.13	37.01	77.39	83.24	57.8	31.78	20.62	49.5	42.44	17.12	68.82	91.92	31.62	47.71	26.0	58.52	93.04	84.81	10.3	26.02	29.27	37.34	85.44	0.0	58.69	71.06	55.03	38.91	60.83	64.66	56.32	9.06	57.04	96.18	88.19	7.62	26.4	50.8	85.49	5.83	70.66	24.21	13.34	51.55	70.58	17.49	84.12	31.06	68.15	10.2	86.35	65.74	20.25	54.57	69.89
31	22.47	30.59	9.85	82.49	42.05	71.59	34.21	28.07	40.31	86.13	42.05	7.21	75.77	40.5	76.32	65.38	72.8	82.2	43.42	28.02	67.03	54.71	27.78	42.01	27.31	68.62	45.54	83.76	36.35	80.53	58.69	0.0	36.12	59.84	80.01	83.02	9.06	37.7	53.41	45.54	96.15	91.0	51.66	55.03	34.21	36.5	64.35	75.96	60.54	52.7	25.96	70.23	41.87	87.09	45.12	25.81	50.45	88.77	20.81	41.34	55.11	30.0
32	47.54	33.54	40.22	83.49	12.53	39.62	6.71	22.02	35.78	59.14	12.53	29.21	72.47	61.03	62.13	53.26	78.72	58.46	24.08	43.01	51.87	79.31	13.0	27.46	35.06	78.43	70.58	86.28	34.18	48.27	71.06	36.12	0.0	38.91	73.54	64.08	43.28	17.03	62.64	22.47	64.03	60.53	63.56	53.0	68.48	20.12	75.29	49.37	59.36	59.46	20.02	42.11	54.59	57.22	72.37	10.82	60.88	58.42	15.62	62.03	34.0	6.71
33	55.23	33.12	68.26	53.37	49.65	24.33	33.84	59.77	24.21	27.29	49.65	53.34	40.52	57.49	24.04	18.03	54.01	22.36	62.43	44.41	14.42	74.89	35.23	66.24	71.59	57.71	68.88	57.07	27.46	30.46	55.03	59.84	38.91	0.0	38.91	25.3	68.88	24.33	46.24	16.76	42.64	35.36	49.66	28.86	80.45	59.03	56.52	17.8	33.14	41.79	34.13	15.65	45.8	31.11	72.92	45.35	46.52	33.24	47.52	58.26	5.1	43.32
34	64.28	49.77	89.81	17.72	85.63	60.42	67.21	91.02	41.18	48.51	85.63	75.77	7.21	54.74	18.0	21.1	26.17	39.32	97.59	53.76	24.7	64.88	65.0	100.57	100.34	34.06	63.6	21.84	44.72	63.2	38.91	80.01	73.54	38.91	0.0	27.89	88.32	56.59	34.93	51.86	68.73	60.53	39.29	25.0	85.38	92.85	36.06	46.1	20.1	32.25	60.21	50.01	44.05	57.22	68.68	76.4	37.66	59.3	76.55	54.92	42.19	75.93
35	74.04	53.6	92.02	45.61	74.3	37.74	59.14	85.07	43.57	21.0	74.3	77.03	33.62	70.83	11.4	20.12	52.35	12.17	87.24	62.64	16.49	85.28	60.21	91.24	96.77	59.08	81.54	49.73	47.52	37.95	60.83	83.02	64.08	25.3	27.89	0.0	92.05	49.48	53.91	42.06	41.11	33.02	58.26	36.89	98.43	84.17	59.82	21.47	36.8	49.82	58.22	27.8	58.67	30.07	86.28	70.6	55.61	32.02	72.57	71.34	30.36	68.62
36	27.66	39.32	5.0	89.89	47.43	80.06	42.19	31.02	49.16	95.08	47.43	15.81	83.82	45.28	85.21	74.24	79.61	91.24	46.49	35.34	76.01	57.25	36.25	44.15	26.08	74.81	48.37	90.92	45.18	89.0	64.66	9.06	43.28	68.88	88.32	92.05	0.0	46.49	60.21	54.41	104.69	99.72	58.01	63.32	32.0	39.92	70.43	84.9	68.62	59.94	34.93	79.06	48.55	95.86	47.01	32.56	57.14	97.5	27.66	46.01	64.13	36.8
37	40.22	20.62	45.12	66.57	29.41	34.41	10.63	35.85	19.65	48.84	29.41	30.68	55.44	49.73	46.07	36.62	62.39	46.0	41.01	32.31	35.78	68.41	11.0	44.05	47.3	62.82	60.41	69.46	19.03	43.27	56.32	37.7	17.03	24.33	56.59	49.48	46.49	0.0	47.52	8.06	58.67	53.31	49.09	36.24	64.38	36.4	60.02	38.64	42.54	43.93	12.21	32.57	41.11	49.4	63.16	21.19	46.17	51.08	23.19	50.7	19.24	19.72
38	33.11	29.55	63.01	30.36	74.95	70.21	56.04	72.95	28.07	69.4	74.95	51.62	28.28	20.02	42.8	34.71	19.42	61.07	84.1	25.5	39.82	31.4	50.33	85.48	78.57	16.12	28.79	30.87	28.64	76.69	9.06	53.41	62.64	46.24	34.93	53.91	60.21	47.52	0.0	48.01	87.82	79.92	4.47	18.03	51.0	77.83	12.65	62.27	17.2	4.47	43.46	61.85	11.66	75.8	33.84	60.37	3.16	78.03	58.31	20.1	45.61	61.85
39	46.01	24.7	53.15	63.51	33.97	27.59	17.09	43.01	20.22	40.79	33.97	38.6	51.62	53.31	39.66	31.11	60.88	38.01	46.4	36.89	29.41	71.87	19.03	49.93	54.92	62.39	64.4	66.71	21.19	36.24	57.04	45.54	22.47	16.76	51.86	42.06	54.41	8.06	48.01	0.0	51.31	45.62	50.25	34.21	70.77	42.54	60.07	30.59	40.16	44.01	19.7	24.7	43.42	41.63	67.6	28.64	47.17	43.38	31.06	54.23	11.7	26.57
40	96.54	74.41	102.69	86.31	68.18	24.7	62.97	85.33	66.48	20.22	68.18	89.0	73.76	100.12	50.99	54.23	91.39	29.43	80.0	86.31	48.85	117.41	68.45	85.01	98.66	96.93	111.52	90.43	69.31	15.81	96.18	96.15	64.03	42.64	68.73	41.11	104.69	58.67	87.82	51.31	0.0	8.25	91.59	69.84	121.66	80.31	96.66	25.55	72.5	83.35	70.83	27.59	88.41	12.08	115.52	74.33	88.51	9.85	78.43	100.9	45.25	70.6
41	90.0	67.8	98.03	78.09	66.07	21.02	58.69	82.3	59.46	12.04	66.07	83.93	65.51	92.76	42.76	46.1	83.17	21.21	78.41	79.51	40.72	109.81	63.57	83.29	95.52	88.77	104.14	82.2	62.48	13.34	88.19	91.0	60.53	35.36	60.53	33.02	99.72	53.31	79.92	45.62	8.25	0.0	83.76	61.91	115.21	78.01	88.57	17.8	64.4	75.47	65.31	21.1	80.92	4.24	108.25	70.41	80.71	2.24	74.22	93.51	38.42	66.91
42	30.53	30.08	61.07	33.73	75.69	73.39	57.07	72.56	30.07	73.41	75.69	50.45	32.56	16.03	47.2	38.9	21.93	65.19	84.31	24.21	43.93	27.02	50.96	85.43	77.47	16.97	24.35	33.84	30.07	80.11	7.62	51.66	63.56	49.66	39.29	58.26	58.01	49.09	4.47	50.25	91.59	83.76	0.0	22.02	47.04	77.88	12.81	66.04	21.63	8.49	43.97	65.31	10.0	79.61	29.41	60.54	3.16	81.84	58.14	16.0	48.7	62.3
43	40.01	25.06	64.85	30.61	65.51	53.15	46.32	67.94	17.69	51.4	65.51	50.99	21.1	34.0	26.4	17.03	26.68	43.19	76.4	29.07	21.93	48.8	42.52	78.75	76.28	29.07	44.65	33.29	20.62	59.14	26.4	55.03	53.0	28.86	25.0	36.89	63.32	36.24	18.03	34.21	69.84	61.91	22.02	0.0	62.82	70.94	27.66	44.29	6.4	13.6	36.8	44.27	21.93	57.8	49.4	53.76	19.1	60.03	53.15	34.48	29.07	54.04
44	25.24	47.43	37.0	80.5	75.96	98.35	64.9	61.98	56.44	107.7	75.96	39.92	79.1	31.02	88.89	78.43	67.9	101.53	77.47	36.24	82.08	32.2	57.43	75.66	58.03	60.64	26.0	80.06	53.0	106.96	50.8	34.21	68.48	80.45	85.38	98.43	32.0	64.38	51.0	70.77	121.66	115.21	47.04	62.82	0.0	70.61	56.29	98.18	65.76	53.15	52.5	94.2	41.44	111.02	21.95	59.09	48.01	113.0	54.23	31.06	76.84	63.07
45	55.33	48.37	35.34	101.53	12.17	57.04	25.81	8.94	53.26	78.09	12.17	32.0	91.22	71.81	82.15	73.01	95.41	78.16	7.0	54.71	71.87	88.68	28.43	7.81	20.25	93.94	79.51	104.02	50.8	65.03	85.49	36.5	20.12	59.03	92.85	84.17	39.92	36.4	77.83	42.54	80.31	78.01	77.88	70.94	70.61	0.0	90.34	68.66	77.34	75.29	34.67	61.19	68.15	75.11	80.1	17.49	75.58	76.03	19.92	72.78	54.12	16.97
46	42.8	42.15	73.66	25.18	87.6	80.81	68.68	85.23	40.45	77.41	87.6	63.25	28.84	26.4	48.41	42.49	12.04	68.6	96.66	37.01	47.85	29.83	62.97	97.95	90.27	4.47	31.06	24.02	41.23	86.68	5.83	64.35	75.29	56.52	36.06	59.82	70.43	60.02	12.65	60.07	96.66	88.57	12.81	27.66	56.29	90.34	0.0	71.31	24.17	16.12	56.08	71.84	22.8	84.58	36.01	72.92	14.76	86.82	70.71	26.0	56.57	74.46
47	72.95	50.77	83.74	63.03	57.57	16.4	46.0	71.34	42.01	10.2	57.57	69.12	50.09	75.01	28.16	29.12	66.71	10.63	70.52	62.2	23.77	92.01	49.5	75.0	84.1	71.78	86.37	67.07	45.22	17.12	70.66	75.96	49.37	17.8	46.1	21.47	84.9	38.64	62.27	30.59	25.55	17.8	66.04	44.29	98.18	68.66	71.31	0.0	47.17	57.8	50.0	7.62	63.13	13.6	90.52	58.0	62.97	15.81	61.13	75.74	21.47	55.08
48	44.18	31.06	70.38	24.21	71.87	57.43	52.7	74.28	24.08	53.34	71.87	56.82	15.23	35.74	25.61	18.36	21.1	44.65	82.8	33.73	23.71	48.6	48.92	85.15	82.42	24.74	45.62	26.93	26.91	62.82	24.21	60.54	59.36	33.14	20.1	36.8	68.62	42.54	17.2	40.16	72.5	64.4	21.63	6.4	65.76	77.34	24.17	47.17	0.0	13.42	43.14	48.05	24.33	60.42	50.57	60.14	19.24	62.65	59.46	36.06	34.06	60.44
49	33.53	26.93	62.43	29.97	71.87	65.8	52.81	70.8	24.33	65.0	71.87	50.33	26.0	22.56	38.83	30.41	20.52	56.73	81.41	24.7	35.47	35.47	47.42	83.01	77.08	18.97	32.2	31.06	25.3	72.24	13.34	52.7	59.46	41.79	32.25	49.82	59.94	43.93	4.47	44.01	83.35	75.47	8.49	13.6	53.15	75.29	16.12	57.8	13.42	0.0	40.71	57.38	12.17	71.34	37.16	57.8	5.83	73.57	56.04	22.8	41.23	59.03
50	29.07	13.93	34.13	67.21	31.78	46.62	14.14	31.14	19.21	60.17	31.78	19.24	57.63	41.11	52.89	42.38	60.75	56.44	40.71	23.09	42.95	59.54	7.07	42.44	40.25	59.51	50.99	69.53	16.28	55.47	51.55	25.96	20.02	34.13	60.21	58.22	34.93	12.21	43.46	19.7	70.83	65.31	43.97	36.8	52.5	34.67	56.08	50.0	43.14	40.71	0.0	44.38	34.71	61.33	53.16	17.2	41.44	63.07	16.4	42.11	29.27	18.38
51	69.03	46.86	77.62	66.19	50.0	10.44	39.12	64.12	38.95	17.03	50.0	63.25	53.15	72.8	32.57	31.02	68.47	18.03	62.94	58.73	26.02	90.43	43.17	67.45	77.01	72.78	84.2	70.11	41.73	14.87	70.58	70.23	42.11	15.65	50.01	27.8	79.06	32.57	61.85	24.7	27.59	21.1	65.31	44.27	94.2	61.19	71.84	7.62	48.05	57.38	44.38	0.0	61.29	17.0	88.09	51.09	62.17	18.87	54.45	73.6	17.69	48.0
52	21.54	21.1	51.4	41.79	66.49	68.43	48.26	62.65	23.41	71.42	66.49	40.46	38.05	12.21	48.33	38.59	31.06	63.89	74.67	14.21	43.01	29.15	41.77	75.64	67.48	26.91	23.35	42.49	22.36	75.8	17.49	41.87	54.59	45.8	44.05	58.67	48.55	41.11	11.66	43.42	88.41	80.92	10.0	21.93	41.44	68.15	22.8	63.13	24.33	12.17	34.71	61.29	0.0	76.69	27.8	50.92	8.6	78.87	48.33	12.81	43.91	52.89
53	85.8	63.6	94.25	74.67	63.29	18.11	55.11	79.1	55.23	9.22	63.29	80.06	61.98	88.53	39.32	42.15	79.4	18.0	75.8	75.29	36.77	105.6	59.77	80.62	92.27	84.86	99.9	78.77	58.26	11.66	84.12	87.09	57.22	31.11	57.22	30.07	95.86	49.4	75.8	41.63	12.08	4.24	79.61	57.8	111.02	75.11	84.58	13.6	60.42	71.34	61.33	17.0	76.69	0.0	104.0	66.91	76.55	2.24	70.61	89.27	34.21	63.51
54	25.08	42.94	51.62	61.03	82.39	94.3	67.19	72.44	49.2	99.09	82.39	48.17	61.85	15.62	75.66	66.29	48.0	91.68	87.09	30.87	70.8	10.63	59.67	86.47	72.12	40.11	5.1	60.03	46.87	102.2	31.06	45.12	72.37	72.92	68.68	86.28	47.01	63.16	33.84	67.6	115.52	108.25	29.41	49.4	21.95	80.1	36.01	90.52	50.57	37.16	53.16	88.09	27.8	104.0	0.0	65.19	31.38	106.15	61.03	15.0	70.43	68.47
55	40.11	30.89	29.41	84.29	17.26	49.73	12.0	14.76	36.07	68.03	17.26	19.24	74.33	55.44	67.12	57.31	77.94	66.37	23.77	37.85	56.86	73.03	11.4	25.24	26.31	76.48	64.0	86.68	33.42	58.52	68.15	25.81	10.82	45.35	76.4	70.6	32.56	21.19	60.37	28.64	74.33	70.41	60.54	53.76	59.09	17.49	72.92	58.0	60.14	57.8	17.2	51.09	50.92	66.91	65.19	0.0	58.18	68.25	5.0	56.44	40.26	4.24
56	29.97	27.51	60.0	33.53	73.08	70.23	54.34	70.49	27.02	70.43	73.08	48.84	31.14	17.12	44.65	36.07	22.47	62.29	81.94	22.63	41.04	29.73	48.38	83.19	75.82	18.6	26.4	34.01	27.17	76.97	10.2	50.45	60.88	46.52	37.66	55.61	57.14	46.17	3.16	47.17	88.51	80.71	3.16	19.1	48.01	75.58	14.76	62.97	19.24	5.83	41.44	62.17	8.6	76.55	31.38	58.18	0.0	78.77	55.95	17.26	45.54	59.81
57	87.8	65.6	95.82	76.79	64.12	19.0	56.52	80.22	57.31	11.05	64.12	81.71	64.13	90.69	41.44	44.38	81.61	20.02	76.53	77.34	39.0	107.8	61.35	81.39	93.43	87.09	102.07	80.89	60.31	11.7	86.35	88.77	58.42	33.24	59.3	32.02	97.5	51.08	78.03	43.38	9.85	2.24	81.84	60.03	113.0	76.03	86.82	15.81	62.65	73.57	63.07	18.87	78.87	2.24	106.15	68.25	78.77	0.0	72.03	91.44	36.24	64.78
58	36.0	29.21	24.7	83.44	21.84	53.76	15.52	14.87	35.61	71.25	21.84	14.32	74.03	51.97	68.35	58.18	76.4	69.07	26.68	34.79	58.19	69.18	12.37	27.31	24.35	74.43	60.07	85.63	32.56	62.63	65.74	20.81	15.62	47.52	76.55	72.57	27.66	23.19	58.31	31.06	78.43	74.22	58.14	53.15	54.23	19.92	70.71	61.13	59.46	56.04	16.4	54.45	48.33	70.61	61.03	5.0	55.95	72.03	0.0	52.95	42.43	9.22
59	18.87	30.08	49.82	49.5	73.11	80.26	56.22	66.1	34.99	84.17	73.11	42.15	48.37	1.0	60.83	51.31	37.11	76.69	79.62	19.03	55.8	17.72	49.04	79.81	68.48	30.46	10.63	49.24	33.11	87.92	20.25	41.34	62.03	58.26	54.92	71.34	46.01	50.7	20.1	54.23	100.9	93.51	16.0	34.48	31.06	72.78	26.0	75.74	36.06	22.8	42.11	73.6	12.81	89.27	15.0	56.44	17.26	91.44	52.95	0.0	56.04	59.14
60	51.61	29.41	63.39	55.66	45.0	24.7	28.79	54.71	21.26	31.38	45.0	48.51	43.08	55.22	28.43	21.1	55.15	27.17	57.69	41.11	18.38	73.06	30.15	61.4	66.49	58.14	66.61	59.2	24.08	31.91	54.57	55.11	34.0	5.1	42.19	30.36	64.13	19.24	45.61	11.7	45.25	38.42	48.7	29.07	76.84	54.12	56.57	21.47	34.06	41.23	29.27	17.69	43.91	34.21	70.43	40.26	45.54	36.24	42.43	56.04	0.0	38.28
61	43.42	32.31	33.6	84.65	14.0	46.1	9.49	16.49	36.4	65.01	14.0	23.32	74.25	58.14	65.76	56.3	78.89	63.79	22.47	40.31	55.47	76.01	11.66	24.76	29.02	77.88	67.07	87.2	34.13	54.82	69.89	30.0	6.71	43.32	75.93	68.62	36.8	19.72	61.85	26.57	70.6	66.91	62.3	54.04	63.07	16.97	74.46	55.08	60.44	59.03	18.38	48.0	52.89	63.51	68.47	4.24	59.81	64.78	9.22	59.14	38.28	0.0
;
