set K:= 1	2	3	4	5	6	7;
set C_H:= 1	2	3	4	5	6	7	8	9	10	11	12	13	14	15	16	17	18	19	20	21	22	23;
set C_S:= 24	25	26	27	28	29	30	31	32	33	34	35	36	37	38;
set C_F:= 39	40	41	42	43	44	45	46	47	48	49	50	51	52	53;
set M:= 54	55	56	57;
set L_B:= 58	59;
set A1:=
(0,*) 1 2 3 4 5 6 7 8 9 10 11 12 13 14 15 16 17 18 19 20 21 22 23 39 40 41 42 43 44 45 46 47 48 49 50 51 52 53 54 55 56 57 58 59
(1,*) 0 2 3 4 5 6 7 8 9 10 11 12 13 14 15 16 17 18 19 20 21 22 23 39 40 41 42 43 44 45 46 47 48 49 50 51 52 53 54 55 56 57 58 59
(2,*) 0 1 3 4 5 6 7 8 9 10 11 12 13 14 15 16 17 18 19 20 21 22 23 39 40 41 42 43 44 45 46 47 48 49 50 51 52 53 54 55 56 57 58 59
(3,*) 0 1 2 4 5 6 7 8 9 10 11 12 13 14 15 16 17 18 19 20 21 22 23 39 40 41 42 43 44 45 46 47 48 49 50 51 52 53 54 55 56 57 58 59
(4,*) 0 1 2 3 5 6 7 8 9 10 11 12 13 14 15 16 17 18 19 20 21 22 23 39 40 41 42 43 44 45 46 47 48 49 50 51 52 53 54 55 56 57 58 59
(5,*) 0 1 2 3 4 6 7 8 9 10 11 12 13 14 15 16 17 18 19 20 21 22 23 39 40 41 42 43 44 45 46 47 48 49 50 51 52 53 54 55 56 57 58 59
(6,*) 0 1 2 3 4 5 7 8 9 10 11 12 13 14 15 16 17 18 19 20 21 22 23 39 40 41 42 43 44 45 46 47 48 49 50 51 52 53 54 55 56 57 58 59
(7,*) 0 1 2 3 4 5 6 8 9 10 11 12 13 14 15 16 17 18 19 20 21 22 23 39 40 41 42 43 44 45 46 47 48 49 50 51 52 53 54 55 56 57 58 59
(8,*) 0 1 2 3 4 5 6 7 9 10 11 12 13 14 15 16 17 18 19 20 21 22 23 39 40 41 42 43 44 45 46 47 48 49 50 51 52 53 54 55 56 57 58 59
(9,*) 0 1 2 3 4 5 6 7 8 10 11 12 13 14 15 16 17 18 19 20 21 22 23 39 40 41 42 43 44 45 46 47 48 49 50 51 52 53 54 55 56 57 58 59
(10,*) 0 1 2 3 4 5 6 7 8 9 11 12 13 14 15 16 17 18 19 20 21 22 23 39 40 41 42 43 44 45 46 47 48 49 50 51 52 53 54 55 56 57 58 59
(11,*) 0 1 2 3 4 5 6 7 8 9 10 12 13 14 15 16 17 18 19 20 21 22 23 39 40 41 42 43 44 45 46 47 48 49 50 51 52 53 54 55 56 57 58 59
(12,*) 0 1 2 3 4 5 6 7 8 9 10 11 13 14 15 16 17 18 19 20 21 22 23 39 40 41 42 43 44 45 46 47 48 49 50 51 52 53 54 55 56 57 58 59
(13,*) 0 1 2 3 4 5 6 7 8 9 10 11 12 14 15 16 17 18 19 20 21 22 23 39 40 41 42 43 44 45 46 47 48 49 50 51 52 53 54 55 56 57 58 59
(14,*) 0 1 2 3 4 5 6 7 8 9 10 11 12 13 15 16 17 18 19 20 21 22 23 39 40 41 42 43 44 45 46 47 48 49 50 51 52 53 54 55 56 57 58 59
(15,*) 0 1 2 3 4 5 6 7 8 9 10 11 12 13 14 16 17 18 19 20 21 22 23 39 40 41 42 43 44 45 46 47 48 49 50 51 52 53 54 55 56 57 58 59
(16,*) 0 1 2 3 4 5 6 7 8 9 10 11 12 13 14 15 17 18 19 20 21 22 23 39 40 41 42 43 44 45 46 47 48 49 50 51 52 53 54 55 56 57 58 59
(17,*) 0 1 2 3 4 5 6 7 8 9 10 11 12 13 14 15 16 18 19 20 21 22 23 39 40 41 42 43 44 45 46 47 48 49 50 51 52 53 54 55 56 57 58 59
(18,*) 0 1 2 3 4 5 6 7 8 9 10 11 12 13 14 15 16 17 19 20 21 22 23 39 40 41 42 43 44 45 46 47 48 49 50 51 52 53 54 55 56 57 58 59
(19,*) 0 1 2 3 4 5 6 7 8 9 10 11 12 13 14 15 16 17 18 20 21 22 23 39 40 41 42 43 44 45 46 47 48 49 50 51 52 53 54 55 56 57 58 59
(20,*) 0 1 2 3 4 5 6 7 8 9 10 11 12 13 14 15 16 17 18 19 21 22 23 39 40 41 42 43 44 45 46 47 48 49 50 51 52 53 54 55 56 57 58 59
(21,*) 0 1 2 3 4 5 6 7 8 9 10 11 12 13 14 15 16 17 18 19 20 22 23 39 40 41 42 43 44 45 46 47 48 49 50 51 52 53 54 55 56 57 58 59
(22,*) 0 1 2 3 4 5 6 7 8 9 10 11 12 13 14 15 16 17 18 19 20 21 23 39 40 41 42 43 44 45 46 47 48 49 50 51 52 53 54 55 56 57 58 59
(23,*) 0 1 2 3 4 5 6 7 8 9 10 11 12 13 14 15 16 17 18 19 20 21 22 39 40 41 42 43 44 45 46 47 48 49 50 51 52 53 54 55 56 57 58 59
(39,*) 0 1 2 3 4 5 6 7 8 9 10 11 12 13 14 15 16 17 18 19 20 21 22 23 40 41 42 43 44 45 46 47 48 49 50 51 52 53 54 55 56 57 58 59
(40,*) 0 1 2 3 4 5 6 7 8 9 10 11 12 13 14 15 16 17 18 19 20 21 22 23 39 41 42 43 44 45 46 47 48 49 50 51 52 53 54 55 56 57 58 59
(41,*) 0 1 2 3 4 5 6 7 8 9 10 11 12 13 14 15 16 17 18 19 20 21 22 23 39 40 42 43 44 45 46 47 48 49 50 51 52 53 54 55 56 57 58 59
(42,*) 0 1 2 3 4 5 6 7 8 9 10 11 12 13 14 15 16 17 18 19 20 21 22 23 39 40 41 43 44 45 46 47 48 49 50 51 52 53 54 55 56 57 58 59
(43,*) 0 1 2 3 4 5 6 7 8 9 10 11 12 13 14 15 16 17 18 19 20 21 22 23 39 40 41 42 44 45 46 47 48 49 50 51 52 53 54 55 56 57 58 59
(44,*) 0 1 2 3 4 5 6 7 8 9 10 11 12 13 14 15 16 17 18 19 20 21 22 23 39 40 41 42 43 45 46 47 48 49 50 51 52 53 54 55 56 57 58 59
(45,*) 0 1 2 3 4 5 6 7 8 9 10 11 12 13 14 15 16 17 18 19 20 21 22 23 39 40 41 42 43 44 46 47 48 49 50 51 52 53 54 55 56 57 58 59
(46,*) 0 1 2 3 4 5 6 7 8 9 10 11 12 13 14 15 16 17 18 19 20 21 22 23 39 40 41 42 43 44 45 47 48 49 50 51 52 53 54 55 56 57 58 59
(47,*) 0 1 2 3 4 5 6 7 8 9 10 11 12 13 14 15 16 17 18 19 20 21 22 23 39 40 41 42 43 44 45 46 48 49 50 51 52 53 54 55 56 57 58 59
(48,*) 0 1 2 3 4 5 6 7 8 9 10 11 12 13 14 15 16 17 18 19 20 21 22 23 39 40 41 42 43 44 45 46 47 49 50 51 52 53 54 55 56 57 58 59
(49,*) 0 1 2 3 4 5 6 7 8 9 10 11 12 13 14 15 16 17 18 19 20 21 22 23 39 40 41 42 43 44 45 46 47 48 50 51 52 53 54 55 56 57 58 59
(50,*) 0 1 2 3 4 5 6 7 8 9 10 11 12 13 14 15 16 17 18 19 20 21 22 23 39 40 41 42 43 44 45 46 47 48 49 51 52 53 54 55 56 57 58 59
(51,*) 0 1 2 3 4 5 6 7 8 9 10 11 12 13 14 15 16 17 18 19 20 21 22 23 39 40 41 42 43 44 45 46 47 48 49 50 52 53 54 55 56 57 58 59
(52,*) 0 1 2 3 4 5 6 7 8 9 10 11 12 13 14 15 16 17 18 19 20 21 22 23 39 40 41 42 43 44 45 46 47 48 49 50 51 53 54 55 56 57 58 59
(53,*) 0 1 2 3 4 5 6 7 8 9 10 11 12 13 14 15 16 17 18 19 20 21 22 23 39 40 41 42 43 44 45 46 47 48 49 50 51 52 54 55 56 57 58 59
(54,*) 0 1 2 3 4 5 6 7 8 9 10 11 12 13 14 15 16 17 18 19 20 21 22 23 39 40 41 42 43 44 45 46 47 48 49 50 51 52 53 56 57 58 59
(55,*) 0 1 2 3 4 5 6 7 8 9 10 11 12 13 14 15 16 17 18 19 20 21 22 23 39 40 41 42 43 44 45 46 47 48 49 50 51 52 53 56 57 58 59
(56,*) 0 1 2 3 4 5 6 7 8 9 10 11 12 13 14 15 16 17 18 19 20 21 22 23 39 40 41 42 43 44 45 46 47 48 49 50 51 52 53 54 55 58 59
(57,*) 0 1 2 3 4 5 6 7 8 9 10 11 12 13 14 15 16 17 18 19 20 21 22 23 39 40 41 42 43 44 45 46 47 48 49 50 51 52 53 54 55 58 59
(58,*) 0 1 2 3 4 5 6 7 8 9 10 11 12 13 14 15 16 17 18 19 20 21 22 23 39 40 41 42 43 44 45 46 47 48 49 50 51 52 53 54 55 56 57 59
(59,*) 0 1 2 3 4 5 6 7 8 9 10 11 12 13 14 15 16 17 18 19 20 21 22 23 39 40 41 42 43 44 45 46 47 48 49 50 51 52 53 54 55 56 57 58
;
set A2:=
(54,*) 55
(55,*) 54
(56,*) 57
(57,*) 56
;
param BigM:=99999;
param n:= 7;
param d:=
1	9
2	17
3	16
4	12
5	3
6	23
7	4
8	2
9	19
10	2
11	23
12	23
13	9
14	18
15	16
16	2
17	2
18	13
19	18
20	9
21	21
22	6
23	18
24	17
25	2
26	5
27	15
28	13
29	7
30	8
31	19
32	19
33	4
34	13
35	10
36	5
37	9
38	36
39	24
40	15
41	19
42	10
43	20
44	8
45	23
46	20
47	12
48	6
49	2
50	4
51	3
52	14
53	22
;
param Q:=100
param w:=
[54,*] 55 5
[55,*] 54 5
[56,*] 57 5
[57,*] 56 5
;
param V:=
[54,*] 55 401
[55,*] 54 401
[56,*] 57 401
[57,*] 56 401
;
param f:=
54	100
55	100
56	100
57	100
58	100
59	100
;
param e:
	54	55	56	57	58	59:=
24	0	0	1	0	1	0	
25	0	0	1	0	1	0	
26	0	0	1	0	1	0	
27	1	0	0	0	0	0	
28	0	0	0	1	0	0	
29	0	0	1	0	1	0	
30	0	1	0	0	0	0	
31	0	0	0	1	0	1	
32	0	0	1	0	1	0	
33	0	1	0	0	1	0	
34	0	0	0	1	0	1	
35	0	0	1	0	1	0	
36	1	0	0	0	0	0	
37	0	0	1	0	1	0	
38	0	1	0	0	0	0	
39	0	1	0	0	1	0	
40	0	1	0	0	0	0	
41	0	0	0	0	1	0	
42	0	0	1	0	1	0	
43	0	1	0	0	0	0	
44	0	1	0	0	0	1	
45	0	0	1	0	1	0	
46	0	1	0	0	1	0	
47	1	0	0	0	0	1	
48	0	0	0	1	0	1	
49	0	0	1	0	1	0	
50	0	0	1	0	1	0	
51	1	0	0	0	0	0	
52	1	0	0	0	0	1	
53	1	0	0	0	0	0	
;
param r:
	54	55	56	57:=
54	0	1	0	0	
55	1	0	0	0	
56	0	0	0	1	
57	0	0	1	0	
;
param p:=
1	1
2	1
3	1
4	1
5	1
6	1
7	1
;
param G:=
54	401
55	401
56	401
57	401
58	100
59	100
;
param s:=
0	0
1	15
2	15
3	15
4	15
5	15
6	15
7	15
8	15
9	15
10	15
11	15
12	15
13	15
14	15
15	15
16	15
17	15
18	15
19	15
20	15
21	15
22	15
23	15
39	15
40	15
41	15
42	15
43	15
44	15
45	15
46	15
47	15
48	15
49	15
50	15
51	15
52	15
53	15
54	30
55	30
56	30
57	30
58	15
59	15
;
param t:
	0	1	2	3	4	5	6	7	8	9	10	11	12	13	14	15	16	17	18	19	20	21	22	23	24	25	26	27	28	29	30	31	32	33	34	35	36	37	38	39	40	41	42	43	44	45	46	47	48	49	50	51	52	53	54	55	56	57	58	59:=
0	0.0	68.12	88.59	38.83	71.22	58.24	62.48	33.53	28.07	87.66	25.61	93.15	89.82	67.05	22.36	34.0	37.74	31.05	80.0	70.11	37.2	78.03	51.88	39.45	10.0	27.86	24.41	54.04	64.4	12.17	86.58	95.41	6.0	68.35	98.41	35.38	62.61	11.66	80.62	53.67	88.81	36.06	31.62	82.39	63.15	19.7	60.17	71.02	96.66	29.12	51.61	48.08	62.77	60.53	53.18	85.24	19.58	98.54	29.15	82.42
1	68.12	0.0	26.08	53.85	4.0	28.28	5.66	57.58	87.66	26.31	68.0	77.9	44.41	65.12	76.55	63.91	31.24	46.17	12.65	51.26	79.85	49.4	28.07	84.31	69.43	81.63	66.24	50.99	6.0	62.77	63.81	29.12	63.66	69.05	30.53	72.8	26.83	57.2	44.05	68.12	48.17	36.72	77.82	60.03	33.53	49.52	60.3	21.26	36.22	57.27	74.67	38.05	22.36	46.82	47.94	70.22	78.63	32.36	60.42	15.52
2	88.59	26.08	0.0	64.03	22.09	34.06	30.07	69.43	103.32	2.0	82.02	67.08	26.0	63.56	92.02	75.29	50.99	71.02	15.23	46.69	91.21	40.0	54.15	95.6	87.66	96.17	80.62	76.94	26.31	85.44	52.61	10.2	83.35	67.47	18.0	84.02	51.92	78.79	32.06	72.5	31.62	53.25	90.69	50.16	34.0	68.96	61.35	43.86	10.2	70.71	80.5	64.12	47.54	72.28	73.92	61.17	95.18	12.08	73.55	12.53
3	38.83	53.85	64.03	0.0	55.03	30.0	49.03	6.32	41.18	62.48	19.7	54.41	56.36	28.64	30.46	11.31	28.64	48.41	61.74	32.25	27.2	41.23	55.79	31.62	32.0	33.29	18.97	71.69	48.08	44.72	48.04	73.24	32.98	30.53	78.89	20.0	64.78	36.72	45.69	18.87	53.85	20.4	26.91	44.0	31.24	25.61	21.54	68.0	69.31	10.0	22.36	59.09	62.29	74.32	69.36	46.41	34.87	75.82	11.4	63.06
4	71.22	4.0	22.09	55.03	0.0	28.0	8.94	59.09	90.0	22.36	69.97	76.03	41.23	64.5	78.82	65.39	33.94	50.0	8.94	50.0	81.44	47.41	32.06	85.91	72.14	83.76	68.26	54.92	7.21	66.24	61.77	25.3	66.6	68.47	27.2	74.32	30.46	60.46	41.62	68.47	45.25	38.83	79.65	58.14	32.56	52.35	60.03	24.08	32.25	59.06	75.31	42.05	26.0	50.6	51.88	68.54	81.09	28.54	62.18	11.7
5	58.24	28.28	34.06	30.0	28.0	0.0	25.3	35.38	69.66	32.56	48.17	52.5	32.06	36.88	58.41	41.23	24.33	50.0	32.98	24.41	57.2	26.08	43.86	61.61	55.46	62.29	46.86	66.03	22.36	58.14	39.7	43.27	52.5	40.79	49.19	50.0	48.83	50.36	24.74	40.79	32.25	22.36	56.64	35.38	7.21	38.83	32.06	47.54	40.0	36.88	48.08	51.61	44.94	65.12	63.06	44.23	61.91	45.82	39.62	33.84
6	62.48	5.66	30.07	49.03	8.94	25.3	0.0	52.5	82.1	30.0	62.61	76.55	45.65	62.1	71.02	58.82	25.61	41.23	17.89	49.19	74.67	48.41	24.74	79.12	63.78	76.16	60.83	48.08	4.47	57.31	62.8	34.18	58.0	65.97	36.06	67.68	25.61	51.61	43.86	64.0	48.83	31.3	72.5	58.82	31.3	43.86	56.89	22.36	40.0	52.0	70.26	34.53	21.26	44.72	45.0	68.62	73.03	37.41	55.15	20.62
7	33.53	57.58	69.43	6.32	59.09	35.38	52.5	0.0	34.99	67.94	13.42	59.67	62.61	33.53	24.17	6.32	30.0	46.65	66.24	38.47	22.36	47.54	56.57	26.83	26.08	27.2	12.65	70.68	52.0	40.5	54.0	78.41	27.86	34.93	83.76	15.23	66.12	32.8	52.0	21.26	60.17	22.09	21.26	50.04	37.2	22.8	26.68	70.26	75.07	4.47	22.36	58.82	64.0	74.0	68.54	51.88	28.54	81.08	5.1	67.74
8	28.07	87.66	103.32	41.18	90.0	69.66	82.1	34.99	0.0	101.98	21.63	88.09	97.53	62.51	11.31	30.46	56.6	58.31	98.08	72.11	20.1	81.71	77.2	18.97	20.4	8.25	22.8	82.0	82.8	40.2	85.91	111.73	28.28	62.13	116.28	24.33	87.93	38.21	86.76	46.17	94.85	51.22	16.12	82.46	72.11	39.4	57.27	95.08	109.64	32.8	40.05	74.97	87.32	88.2	81.0	81.6	9.49	114.59	30.23	100.0
9	87.66	26.31	2.0	62.48	22.36	32.56	30.0	67.94	101.98	0.0	80.62	65.12	24.17	61.61	90.69	73.76	50.16	70.71	16.12	44.72	89.64	38.0	54.33	94.02	86.53	94.76	79.25	77.28	26.08	84.76	50.64	12.17	82.37	65.51	20.0	82.46	52.5	78.0	30.07	70.68	29.73	52.15	89.2	48.17	32.25	68.0	59.46	44.72	10.0	69.31	78.71	64.28	48.08	72.8	74.24	59.18	93.91	13.92	72.12	13.6
10	25.61	68.0	82.02	19.7	69.97	48.17	62.61	13.42	21.63	80.62	0.0	70.46	76.03	44.18	10.77	10.0	37.95	47.54	77.67	51.42	14.14	60.73	62.13	18.0	16.12	14.14	2.0	72.28	62.77	35.61	66.27	90.69	21.26	44.72	95.6	10.0	72.44	29.53	65.39	29.12	73.54	31.3	10.2	62.51	50.48	24.08	38.0	78.1	88.09	11.31	26.08	62.29	71.02	76.94	70.58	63.17	15.39	93.47	8.6	79.4
11	93.15	77.9	67.08	54.41	76.03	52.5	76.55	59.67	88.09	65.12	70.46	0.0	42.05	26.31	80.1	60.53	72.8	98.18	76.55	28.28	68.26	28.64	96.21	70.71	85.51	80.02	70.71	117.59	72.72	98.79	14.56	76.66	87.36	26.0	84.85	64.0	101.21	90.62	35.44	42.0	36.06	66.57	72.03	17.89	45.61	78.79	32.98	98.79	64.03	64.03	48.37	103.32	97.2	117.39	114.73	8.54	85.25	77.26	64.33	75.58
12	89.82	44.41	26.0	56.36	41.23	32.06	45.65	62.61	97.53	24.17	76.03	42.05	0.0	44.94	86.76	67.23	56.04	80.89	38.42	28.43	81.61	18.87	69.86	85.6	86.02	89.55	75.15	93.23	41.18	90.2	28.07	34.93	83.95	48.37	43.17	74.89	71.02	82.39	11.31	58.0	6.0	54.33	82.68	26.68	26.68	70.71	45.34	65.3	22.0	65.39	66.48	79.12	66.57	90.35	90.15	37.28	90.95	35.29	67.54	36.62
13	67.05	65.12	63.56	28.64	64.5	36.88	62.1	33.53	62.51	61.61	44.18	26.31	44.94	0.0	54.0	34.23	51.22	75.07	68.0	17.09	43.17	26.08	77.18	46.17	59.23	54.33	44.41	96.54	59.23	73.35	24.17	73.76	61.35	4.0	81.22	38.21	84.1	65.3	34.0	16.49	40.0	43.86	46.39	21.63	32.06	53.85	7.21	84.12	64.62	37.95	24.17	82.8	80.62	97.65	93.89	19.13	59.11	75.41	38.08	68.07
14	22.36	76.55	92.02	30.46	78.82	58.41	71.02	24.17	11.31	90.69	10.77	80.1	86.76	54.0	0.0	20.4	45.65	50.04	86.83	62.1	15.62	71.47	67.47	17.2	12.65	6.0	11.66	74.43	71.61	34.18	76.66	100.42	20.4	54.15	105.0	16.49	78.1	30.27	76.16	38.21	84.31	40.0	10.0	72.99	61.06	29.12	48.17	84.76	98.41	21.63	33.53	66.12	77.2	80.02	73.13	73.11	5.2	103.27	19.24	88.73
15	34.0	63.91	75.29	11.31	65.39	41.23	58.82	6.32	30.46	73.76	10.0	60.53	67.23	34.23	20.4	0.0	36.06	50.99	72.47	41.76	16.12	51.26	62.29	20.59	25.3	22.36	10.2	75.39	58.31	42.52	56.32	84.4	28.84	34.93	89.89	8.94	72.03	35.38	56.36	19.7	64.4	28.28	15.62	52.61	42.52	26.83	28.0	76.42	80.62	8.25	18.44	64.03	70.03	79.12	73.38	53.18	25.27	87.03	5.83	73.93
16	37.74	31.24	50.99	28.64	33.94	24.33	25.61	30.0	56.6	50.16	37.95	72.8	56.04	51.22	45.65	36.06	0.0	26.0	42.52	44.94	50.99	49.4	27.2	55.32	38.21	50.99	36.06	45.34	26.91	34.93	61.77	57.69	32.8	54.41	60.96	44.41	36.22	27.86	49.03	46.82	56.57	8.25	48.08	57.31	31.05	18.44	44.41	40.45	59.46	28.28	50.99	31.62	34.0	46.65	42.66	64.26	47.46	60.8	31.4	44.82
17	31.05	46.17	71.02	48.41	50.0	50.0	41.23	46.65	58.31	70.71	47.54	98.18	80.89	75.07	50.04	50.99	26.0	0.0	58.82	70.71	61.61	75.39	22.63	65.12	38.05	56.04	45.61	24.74	44.72	20.59	87.66	75.29	30.07	77.79	76.16	56.92	32.8	20.1	74.73	67.2	82.0	31.62	56.89	83.19	56.92	24.17	67.94	42.43	80.62	42.94	68.96	17.09	33.94	30.0	23.16	89.65	49.06	78.53	45.19	61.68
18	80.0	12.65	15.23	61.74	8.94	32.98	17.89	66.24	98.08	16.12	77.67	76.55	38.42	68.0	86.83	72.47	42.52	58.82	0.0	52.35	88.59	48.08	40.05	93.06	80.62	91.61	76.03	62.29	15.62	75.18	62.03	16.49	75.29	72.0	18.44	81.41	36.88	69.34	41.23	73.76	43.27	46.86	87.13	58.82	36.06	60.96	64.28	28.64	25.3	66.57	81.04	50.04	32.56	57.27	59.31	69.63	89.31	19.73	69.64	3.0
19	70.11	51.26	46.69	32.25	50.0	24.41	49.19	38.47	72.11	44.72	51.42	28.28	28.43	17.09	62.1	41.76	44.94	70.71	52.35	0.0	54.59	10.0	67.94	58.31	64.12	63.91	50.99	89.38	45.69	73.76	17.09	56.89	64.12	20.88	64.5	48.33	73.24	65.51	17.2	29.73	24.08	39.4	56.46	12.65	17.89	53.37	16.97	71.55	47.54	42.19	38.21	75.07	69.34	89.11	86.49	19.88	66.8	58.44	43.57	52.09
20	37.2	79.85	91.21	27.2	81.44	57.2	74.67	22.36	20.1	89.64	14.14	68.26	81.61	43.17	15.62	16.12	50.99	61.61	88.59	54.59	0.0	64.5	76.03	4.47	27.2	12.65	16.12	86.35	74.32	48.37	67.05	100.44	34.0	42.43	106.0	7.21	86.21	43.08	70.46	26.68	78.23	43.68	5.66	63.91	58.0	38.21	38.63	91.41	96.21	22.8	20.0	76.42	84.59	91.08	84.69	62.09	20.35	103.02	19.65	90.05
21	78.03	49.4	40.0	41.23	47.41	26.08	48.41	47.54	81.71	38.0	60.73	28.64	18.87	26.08	71.47	51.26	49.4	75.39	48.08	10.0	64.5	0.0	69.66	68.26	72.69	73.54	60.17	92.09	44.41	80.62	14.42	50.04	72.03	29.53	58.0	58.14	73.59	72.44	8.25	39.7	14.14	45.12	66.21	10.77	18.87	60.3	26.91	70.46	39.29	50.99	48.17	77.67	69.43	90.91	89.1	21.57	76.05	51.2	52.63	47.3
22	51.88	28.07	54.15	55.79	32.06	43.86	24.74	56.57	77.2	54.33	62.13	96.21	69.86	77.18	67.47	62.29	27.2	22.63	40.05	67.94	76.03	69.66	0.0	80.1	56.92	73.35	60.13	23.41	29.12	42.8	83.55	56.32	49.4	80.62	55.79	70.03	10.77	40.25	66.57	74.0	72.47	35.44	72.25	79.25	50.99	38.47	70.71	19.8	64.28	54.15	78.1	10.0	11.31	21.26	20.33	87.82	67.71	59.51	57.08	43.05
23	39.45	84.31	95.6	31.62	85.91	61.61	79.12	26.83	18.97	94.02	18.0	70.71	85.6	46.17	17.2	20.59	55.32	65.12	93.06	58.31	4.47	68.26	80.1	0.0	29.53	12.81	20.0	89.82	78.79	50.99	70.23	104.86	36.77	45.12	110.45	11.66	90.35	46.17	74.4	29.73	82.1	48.08	8.25	67.23	62.29	42.05	42.05	95.71	100.5	27.2	22.36	80.22	88.81	94.76	88.25	64.87	21.31	107.43	24.04	94.51
24	10.0	69.43	87.66	32.0	72.14	55.46	63.78	26.08	20.4	86.53	16.12	85.51	86.02	59.23	12.65	25.3	38.21	38.05	80.62	64.12	27.2	72.69	56.92	29.53	0.0	18.44	15.23	62.13	65.05	21.54	80.02	95.27	8.0	60.17	99.04	25.61	67.68	18.0	76.16	44.94	84.4	34.41	21.63	76.0	59.46	20.0	52.61	75.15	95.02	22.0	42.19	54.59	67.23	68.03	60.96	77.88	11.02	98.28	21.21	82.81
25	27.86	81.63	96.17	33.29	83.76	62.29	76.16	27.2	8.25	94.76	14.14	80.02	89.55	54.33	6.0	22.36	50.99	56.04	91.61	63.91	12.65	73.54	73.35	12.81	18.44	0.0	15.62	80.4	76.55	39.85	77.67	104.8	26.31	54.04	109.64	16.12	83.95	36.22	78.71	38.05	86.76	44.94	8.0	74.22	64.4	34.93	49.03	90.44	102.18	25.46	32.25	72.11	82.97	86.02	79.11	73.44	8.69	107.6	22.67	93.41
26	24.41	66.24	80.62	18.97	68.26	46.86	60.83	12.65	22.8	79.25	2.0	70.71	75.15	44.41	11.66	10.2	36.06	45.61	76.03	50.99	16.12	60.17	60.13	20.0	15.23	15.62	0.0	70.34	61.06	34.06	66.12	89.2	19.8	45.12	94.02	11.66	70.46	27.78	64.62	29.73	72.8	29.53	12.17	62.29	49.4	22.09	38.05	76.16	86.83	10.0	27.2	60.3	69.05	74.97	68.63	63.29	15.89	92.0	7.62	77.8
27	54.04	50.99	76.94	71.69	54.92	66.03	48.08	70.68	82.0	77.28	72.28	117.59	93.23	96.54	74.43	75.39	45.34	24.74	62.29	89.38	86.35	92.09	23.41	89.82	62.13	80.4	70.34	0.0	52.5	42.19	105.6	78.03	54.15	99.64	76.24	81.61	26.08	44.18	89.55	90.55	95.71	52.8	81.58	101.21	73.24	48.7	89.64	36.5	87.13	67.23	93.04	14.42	30.0	8.49	3.08	109.09	73.02	81.11	69.64	65.28
28	64.4	6.0	26.31	48.08	7.21	22.36	4.47	52.0	82.8	26.08	62.77	72.72	41.18	59.23	71.61	58.31	26.91	44.72	15.62	45.69	74.32	44.41	29.12	78.79	65.05	76.55	61.06	52.5	0.0	59.93	58.82	31.3	59.67	63.15	34.06	67.23	30.0	53.85	39.6	62.13	44.41	31.62	72.47	54.92	27.86	45.34	54.33	26.08	36.06	51.88	68.73	38.83	25.61	49.19	49.42	64.9	73.91	34.51	55.01	18.03
29	12.17	62.77	85.44	44.72	66.24	58.14	57.31	40.5	40.2	84.76	35.61	98.79	90.2	73.35	34.18	42.52	34.93	20.59	75.18	73.76	48.37	80.62	42.8	50.99	21.54	39.85	34.06	42.19	59.93	0.0	90.71	91.24	14.42	75.18	93.3	45.61	53.25	8.25	82.02	61.61	90.0	36.0	42.94	86.35	64.0	20.4	66.21	62.48	94.25	36.06	60.83	37.58	54.04	49.03	41.53	90.56	31.72	94.44	37.01	77.83
30	86.58	63.81	52.61	48.04	61.77	39.7	62.8	54.0	85.91	50.64	66.27	14.56	28.07	24.17	76.66	56.32	61.77	87.66	62.03	17.09	67.05	14.42	83.55	70.23	80.02	77.67	66.12	105.6	58.82	90.71	0.0	62.29	80.62	26.08	70.46	61.61	87.86	82.46	20.88	40.5	22.09	56.46	69.86	4.47	32.56	70.34	28.64	84.88	50.04	58.03	48.33	91.21	83.74	104.8	102.66	9.42	81.59	63.02	59.01	61.03
31	95.41	29.12	10.2	73.24	25.3	43.27	34.18	78.41	111.73	12.17	90.69	76.66	34.93	73.76	100.42	84.4	57.69	75.29	16.49	56.89	100.44	50.04	56.32	104.86	95.27	104.8	89.2	78.03	31.3	91.24	62.29	0.0	90.44	77.67	8.25	93.23	52.15	85.09	42.0	82.46	40.79	60.96	99.64	60.03	43.86	76.03	71.47	42.76	14.42	79.4	90.38	66.27	48.04	72.44	75.11	71.03	103.32	3.24	82.33	13.6
32	6.0	63.66	83.35	32.98	66.6	52.5	58.0	27.86	28.28	82.37	21.26	87.36	83.95	61.35	20.4	28.84	32.8	30.07	75.29	64.12	34.0	72.03	49.4	36.77	8.0	26.31	19.8	54.15	59.67	14.42	80.62	90.44	0.0	62.77	93.72	31.24	60.17	10.0	74.67	48.37	82.87	30.46	28.64	76.42	57.27	14.42	54.41	68.0	91.24	23.41	46.86	46.69	59.93	60.03	52.96	79.4	18.99	93.53	23.71	77.62
33	68.35	69.05	67.47	30.53	68.47	40.79	65.97	34.93	62.13	65.51	44.72	26.0	48.37	4.0	54.15	34.93	54.41	77.79	72.0	20.88	42.43	29.53	80.62	45.12	60.17	54.04	45.12	99.64	63.15	75.18	26.08	77.67	62.77	0.0	85.16	38.0	87.73	67.23	37.58	16.0	43.27	46.86	46.04	24.08	36.06	56.04	10.0	87.93	68.35	39.4	22.8	86.02	84.31	100.96	97.03	19.75	59.31	79.29	39.22	72.06
34	98.41	30.53	18.0	78.89	27.2	49.19	36.06	83.76	116.28	20.0	95.6	84.85	43.17	81.22	105.0	89.89	60.96	76.16	18.44	64.5	106.0	58.0	55.79	110.45	99.04	109.64	94.02	76.24	34.06	93.3	70.46	8.25	93.72	85.16	0.0	98.79	50.16	87.66	50.04	89.2	49.03	65.12	104.86	68.12	50.6	79.4	78.59	40.0	22.36	84.4	96.93	65.51	46.39	70.0	73.44	79.12	107.6	8.7	87.42	16.28
35	35.38	72.8	84.02	20.0	74.32	50.0	67.68	15.23	24.33	82.46	10.0	64.0	74.89	38.21	16.49	8.94	44.41	56.92	81.41	48.33	7.21	58.14	70.03	11.66	25.61	16.12	11.66	81.61	67.23	45.61	61.61	93.23	31.24	38.0	98.79	0.0	80.02	39.45	63.81	22.0	71.69	36.88	8.25	58.24	50.91	32.98	32.98	84.85	89.11	16.12	17.09	71.02	78.23	85.91	79.79	57.32	21.69	95.82	13.04	82.86
36	62.61	26.83	51.92	64.78	30.46	48.83	25.61	66.12	87.93	52.5	72.44	101.21	71.02	84.1	78.1	72.03	36.22	32.8	36.88	73.24	86.21	73.59	10.77	90.35	67.68	83.95	70.46	26.08	30.0	53.25	87.86	52.15	60.17	87.73	50.16	80.02	0.0	50.99	69.43	82.46	74.4	44.41	82.61	83.74	55.61	49.03	78.0	10.77	62.1	64.0	87.13	17.2	4.47	20.4	23.3	93.03	78.44	55.18	67.01	39.81
37	11.66	57.2	78.79	36.72	60.46	50.36	51.61	32.8	38.21	78.0	29.53	90.62	82.39	65.3	30.27	35.38	27.86	20.1	69.34	65.51	43.08	72.44	40.25	46.17	18.0	36.22	27.78	44.18	53.85	8.25	82.46	85.09	10.0	67.23	87.66	39.45	50.99	0.0	74.0	54.04	82.02	28.07	37.95	78.1	56.04	12.17	58.14	59.36	87.32	28.43	53.81	36.88	51.11	50.04	42.96	82.36	28.98	88.26	29.7	71.87
38	80.62	44.05	32.06	45.69	41.62	24.74	43.86	52.0	86.76	30.07	65.39	35.44	11.31	34.0	76.16	56.36	49.03	74.73	41.23	17.2	70.46	8.25	66.57	74.4	76.16	78.71	64.62	89.55	39.6	82.02	20.88	42.0	74.67	37.58	50.04	63.81	69.43	74.0	0.0	46.69	8.25	46.04	71.69	18.11	18.11	62.03	34.06	65.3	31.05	55.03	55.17	75.18	65.12	87.66	86.51	29.13	80.49	43.06	57.01	40.16
39	53.67	68.12	72.5	18.87	68.47	40.79	64.0	21.26	46.17	70.68	29.12	42.0	58.0	16.49	38.21	19.7	46.82	67.2	73.76	29.73	26.68	39.7	74.0	29.73	44.94	38.05	29.73	90.55	62.13	61.61	40.5	82.46	48.37	16.0	89.2	22.0	82.46	54.04	46.69	0.0	53.81	38.63	30.07	37.58	38.63	43.86	12.81	84.59	75.47	25.61	8.49	77.82	79.62	93.04	88.2	35.46	43.39	84.58	24.7	74.46
40	88.81	48.17	31.62	53.85	45.25	32.25	48.83	60.17	94.85	29.73	73.54	36.06	6.0	40.0	84.31	64.4	56.57	82.0	43.27	24.08	78.23	14.14	72.47	82.1	84.4	86.76	72.8	95.71	44.41	90.0	22.09	40.79	82.87	43.27	49.03	71.69	74.4	82.02	8.25	53.81	0.0	54.0	79.65	20.88	26.0	70.11	41.04	69.31	28.0	63.25	62.29	81.44	70.0	93.3	92.64	31.35	88.68	41.24	65.19	41.68
41	36.06	36.72	53.25	20.4	38.83	22.36	31.3	22.09	51.22	52.15	31.3	66.57	54.33	43.86	40.0	28.28	8.25	31.62	46.86	39.4	43.68	45.12	35.44	48.08	34.41	44.94	29.53	52.8	31.62	36.0	56.46	60.96	30.46	46.86	65.12	36.88	44.41	28.07	46.04	38.63	54.0	0.0	41.23	52.0	28.0	16.49	36.88	48.17	60.83	20.88	42.76	39.45	42.05	54.59	50.24	58.05	42.49	63.94	24.04	48.84
42	31.62	77.82	90.69	26.91	79.65	56.64	72.5	21.26	16.12	89.2	10.2	72.03	82.68	46.39	10.0	15.62	48.08	56.89	87.13	56.46	5.66	66.21	72.25	8.25	21.63	8.0	12.17	81.58	72.47	42.94	69.86	99.64	28.64	46.04	104.86	8.25	82.61	37.95	71.69	30.07	79.65	41.23	0.0	66.48	58.14	34.0	41.23	88.29	96.21	20.59	24.33	72.11	81.22	86.58	80.03	65.48	14.87	102.33	17.49	88.75
43	82.39	60.03	50.16	44.0	58.14	35.38	58.82	50.04	82.46	48.17	62.51	17.89	26.68	21.63	72.99	52.61	57.31	83.19	58.82	12.65	63.91	10.77	79.25	67.23	76.0	74.22	62.29	101.21	54.92	86.35	4.47	60.03	76.42	24.08	68.12	58.24	83.74	78.1	18.11	37.58	20.88	52.0	66.48	0.0	28.28	65.97	25.3	80.99	48.37	54.0	45.65	86.83	79.65	100.5	98.28	11.02	77.88	60.96	55.08	57.97
44	63.15	33.53	34.0	31.24	32.56	7.21	31.3	37.2	72.11	32.25	50.48	45.61	26.68	32.06	61.06	42.52	31.05	56.92	36.06	17.89	58.0	18.87	50.99	62.29	59.46	64.4	49.4	73.24	27.86	64.0	32.56	43.86	57.27	36.06	50.6	50.91	55.61	56.04	18.11	38.63	26.0	28.0	58.14	28.28	0.0	44.18	28.28	53.67	38.21	39.45	46.52	58.82	51.61	72.25	70.27	37.47	64.95	46.07	41.88	36.35
45	19.7	49.52	68.96	25.61	52.35	38.83	43.86	22.8	39.4	68.0	24.08	78.79	70.71	53.85	29.12	26.83	18.44	24.17	60.96	53.37	38.21	60.3	38.47	42.05	20.0	34.93	22.09	48.7	45.34	20.4	70.34	76.03	14.42	56.04	79.4	32.98	49.03	12.17	62.03	43.86	70.11	16.49	34.0	65.97	44.18	0.0	46.65	55.71	76.97	18.87	44.94	38.21	48.08	52.95	46.82	70.46	29.97	79.11	21.02	63.25
46	60.17	60.3	61.35	21.54	60.03	32.06	56.89	26.68	57.27	59.46	38.0	32.98	45.34	7.21	48.17	28.0	44.41	67.94	64.28	16.97	38.63	26.91	70.71	42.05	52.61	49.03	38.05	89.64	54.33	66.21	28.64	71.47	54.41	10.0	78.59	32.98	78.0	58.14	34.06	12.81	41.04	36.88	41.23	25.3	28.28	46.65	0.0	78.59	63.53	31.05	21.26	76.03	74.67	90.97	87.03	25.27	53.18	73.38	31.4	64.63
47	71.02	21.26	43.86	68.0	24.08	47.54	22.36	70.26	95.08	44.72	78.1	98.79	65.3	84.12	84.76	76.42	40.45	42.43	28.64	71.55	91.41	70.46	19.8	95.71	75.15	90.44	76.16	36.5	26.08	62.48	84.88	42.76	68.0	87.93	40.0	84.85	10.77	59.36	65.3	84.59	69.31	48.17	88.29	80.99	53.67	55.71	78.59	0.0	53.85	68.73	90.09	27.78	8.49	30.0	33.84	90.93	85.62	45.65	71.85	31.38
48	96.66	36.22	10.2	69.31	32.25	40.0	40.0	75.07	109.64	10.0	88.09	64.03	22.0	64.62	98.41	80.62	59.46	80.62	25.3	47.54	96.21	39.29	64.28	100.5	95.02	102.18	86.83	87.13	36.06	94.25	50.04	14.42	91.24	68.35	22.36	89.11	62.1	87.32	31.05	75.47	28.0	60.83	96.21	48.37	38.21	76.97	63.53	53.85	0.0	76.84	83.76	74.24	57.72	82.46	84.1	59.16	101.89	13.85	79.51	22.47
49	29.12	57.27	70.71	10.0	59.06	36.88	52.0	4.47	32.8	69.31	11.31	64.03	65.39	37.95	21.63	8.25	28.28	42.94	66.57	42.19	22.8	50.99	54.15	27.2	22.0	25.46	10.0	67.23	51.88	36.06	58.03	79.4	23.41	39.4	84.4	16.12	64.0	28.43	55.03	25.61	63.25	20.88	20.59	54.0	39.45	18.87	31.05	68.73	76.84	0.0	26.08	55.79	62.13	70.88	65.18	56.18	25.57	82.16	3.16	68.24
50	51.61	74.67	80.5	22.36	75.31	48.08	70.26	22.36	40.05	78.71	26.08	48.37	66.48	24.17	33.53	18.44	50.99	68.96	81.04	38.21	20.0	48.17	78.1	22.36	42.19	32.25	27.2	93.04	68.73	60.83	48.33	90.38	46.86	22.8	96.93	17.09	87.13	53.81	55.17	8.49	62.29	42.76	24.33	45.65	46.52	44.94	21.26	90.09	83.76	26.08	0.0	80.99	84.59	96.21	90.87	42.56	38.71	92.57	24.21	81.91
51	48.08	38.05	64.12	59.09	42.05	51.61	34.53	58.82	74.97	64.28	62.29	103.32	79.12	82.8	66.12	64.03	31.62	17.09	50.04	75.07	76.42	77.67	10.0	80.22	54.59	72.11	60.3	14.42	38.83	37.58	91.21	66.27	46.69	86.02	65.51	71.02	17.2	36.88	75.18	77.82	81.44	39.45	72.11	86.83	58.82	38.21	76.03	27.78	74.24	55.79	80.99	0.0	19.7	15.23	11.45	94.84	65.59	69.45	58.46	53.04
52	62.77	22.36	47.54	62.29	26.0	44.94	21.26	64.0	87.32	48.08	71.02	97.2	66.57	80.62	77.2	70.03	34.0	33.94	32.56	69.34	84.59	69.43	11.31	88.81	67.23	82.97	69.05	30.0	25.61	54.04	83.74	48.04	59.93	84.31	46.39	78.23	4.47	51.11	65.12	79.62	70.0	42.05	81.22	79.65	51.61	48.08	74.67	8.49	57.72	62.13	84.59	19.7	0.0	24.74	27.12	89.08	77.83	51.11	65.19	35.51
53	60.53	46.82	72.28	74.32	50.6	65.12	44.72	74.0	88.2	72.8	76.94	117.39	90.35	97.65	80.02	79.12	46.65	30.0	57.27	89.11	91.08	90.91	21.26	94.76	68.03	86.02	74.97	8.49	49.19	49.03	104.8	72.44	60.03	100.96	70.0	85.91	20.4	50.04	87.66	93.04	93.3	54.59	86.58	100.5	72.25	52.95	90.97	30.0	82.46	70.88	96.21	15.23	24.74	0.0	7.7	108.97	79.02	75.43	73.5	60.21
54	53.18	47.94	73.92	69.36	51.88	63.06	45.0	68.54	81.0	74.24	70.58	114.73	90.15	93.89	73.13	73.38	42.66	23.16	59.31	86.49	84.69	89.1	20.33	88.25	60.96	79.11	68.63	3.08	49.42	41.53	102.66	75.11	52.96	97.03	73.44	79.79	23.3	42.96	86.51	88.2	92.64	50.24	80.03	98.28	70.27	46.82	87.03	33.84	84.1	65.18	90.87	11.45	27.12	7.7	0.0	106.24	71.91	78.2	67.66	62.3
55	85.24	70.22	61.17	46.41	68.54	44.23	68.62	51.88	81.6	59.18	63.17	8.54	37.28	19.13	73.11	53.18	64.26	89.65	69.63	19.88	62.09	21.57	87.82	64.87	77.88	73.44	63.29	109.09	64.9	90.56	9.42	71.03	79.4	19.75	79.12	57.32	93.03	82.36	29.13	35.46	31.35	58.05	65.48	11.02	37.47	70.46	25.27	90.93	59.16	56.18	42.56	94.84	89.08	108.97	106.24	0.0	78.2	71.91	56.66	68.87
56	19.58	78.63	95.18	34.87	81.09	61.91	73.03	28.54	9.49	93.91	15.39	85.25	90.95	59.11	5.2	25.27	47.46	49.06	89.31	66.8	20.35	76.05	67.71	21.31	11.02	8.69	15.89	73.02	73.91	31.72	81.59	103.32	18.99	59.31	107.6	21.69	78.44	28.98	80.49	43.39	88.68	42.49	14.87	77.88	64.95	29.97	53.18	85.62	101.89	25.57	38.71	65.59	77.83	79.02	71.91	78.2	0.0	106.24	23.49	91.32
57	98.54	32.36	12.08	75.82	28.54	45.82	37.41	81.08	114.59	13.92	93.47	77.26	35.29	75.41	103.27	87.03	60.8	78.53	19.73	58.44	103.02	51.2	59.51	107.43	98.28	107.6	92.0	81.11	34.51	94.44	63.02	3.24	93.53	79.29	8.7	95.82	55.18	88.26	43.06	84.58	41.24	63.94	102.33	60.96	46.07	79.11	73.38	45.65	13.85	82.16	92.57	69.45	51.11	75.43	78.2	71.91	106.24	0.0	85.07	16.84
58	29.15	60.42	73.55	11.4	62.18	39.62	55.15	5.1	30.23	72.12	8.6	64.33	67.54	38.08	19.24	5.83	31.4	45.19	69.64	43.57	19.65	52.63	57.08	24.04	21.21	22.67	7.62	69.64	55.01	37.01	59.01	82.33	23.71	39.22	87.42	13.04	67.01	29.7	57.01	24.7	65.19	24.04	17.49	55.08	41.88	21.02	31.4	71.85	79.51	3.16	24.21	58.46	65.19	73.5	67.66	56.66	23.49	85.07	0.0	71.28
59	82.42	15.52	12.53	63.06	11.7	33.84	20.62	67.74	100.0	13.6	79.4	75.58	36.62	68.07	88.73	73.93	44.82	61.68	3.0	52.09	90.05	47.3	43.05	94.51	82.81	93.41	77.8	65.28	18.03	77.83	61.03	13.6	77.62	72.06	16.28	82.86	39.81	71.87	40.16	74.46	41.68	48.84	88.75	57.97	36.35	63.25	64.63	31.38	22.47	68.24	81.91	53.04	35.51	60.21	62.3	68.87	91.32	16.84	71.28	0.0
;
