vehicles
vehicle_idx, capacity, cost_per_unit_distance
1,100,3
2,100,3
3,100,3
4,100,3
5,100,3
6,100,3
7,100,3
depot
node_idx,x,y
0,24,63
home delivery customers
node_idx,x,y,service_time,demand
1,79,46,10,12
2,42,50,10,2
3,3,40,10,17
4,55,29,10,13
5,13,2,10,25
6,95,21,10,6
7,82,90,10,18
8,50,79,10,18
9,64,62,10,9
10,3,77,10,30
11,53,86,10,23
12,88,51,10,2
13,70,88,10,8
14,36,17,10,4
15,93,30,10,21
16,68,67,10,2
17,88,69,10,3
18,18,1,10,13
self pickup customers
node_idx,x,y,service_time,demand,locker_idxs
19,47,30,10,2,62
20,83,86,10,24,57-53
21,30,6,10,23,54
22,39,23,10,23,62-54
23,96,9,10,2,61-55
24,14,16,10,22,54
25,30,6,10,7,59-54
26,18,40,10,1,54
27,48,49,10,10,65-54
28,83,6,10,8,55-58
29,18,8,10,16,54
30,77,51,10,18,61-57
31,58,89,10,22,60-53
32,12,44,10,1,65-62
33,85,23,10,26,55-58
34,37,37,10,22,62
35,78,20,10,19,64-61-58
flexible customers
node_idx,x,y,service_time,demand,locker_idxs
36,35,60,10,2,60-63-65
37,3,45,10,14,54
38,29,96,10,20,56
39,54,77,10,26,60-63-53
40,36,30,10,7,65-62-59
41,1,19,10,20,54
42,98,1,10,3,55
43,75,10,10,18,64-58-55
44,62,91,10,6,53-57
45,27,87,10,13,56
46,52,49,10,3,63-65-64
47,82,73,10,2,57-53
48,34,78,10,10,60-56
49,71,34,10,15,64-58
50,56,73,10,25,60-63-53
51,95,42,10,3,61
52,44,71,10,5,60-63
lockers
node_idx,x,y,service_time,capacity,cost_per_unit_good
53,65,88,10,97
54,25,15,10,87
55,93,12,10,97
56,22,88,10,83
57,77,88,10,75
58,72,14,10,99
59,36,21,10,91
60,46,80,10,87
61,94,23,10,87
62,27,26,10,90
63,39,59,10,85
64,65,26,10,74
65,30,37,10,90
mrt lines
start_node_idx,end_node_idx,freight_capacity,cost_per_unit_good
0,1,97,0.1
1,0,97,0.1
2,3,97,0.1
distance matrix
,0,1,2,3,4,5,6,7,8,9,10,11,12,13,14,15,16,17,18,19,20,21,22,23,24,25,26,27,28,29,30,31,32,33,34,35,36,37,38,39,40,41,42,43,44,45,46,47,48,49,50,51,52,53,54,55,56,57,58,59,60,61,62,63,64,65,
0,0.0,57.57,22.2,31.14,46.01,61.98,82.49,63.98,30.53,40.01,25.24,37.01,65.12,52.35,47.54,76.49,44.18,64.28,62.29,40.22,63.32,57.31,42.72,90.0,48.05,57.31,23.77,27.78,82.04,55.33,54.34,42.8,22.47,72.95,29.07,69.03,11.4,27.66,33.38,33.11,35.11,49.65,96.54,73.55,47.2,24.19,31.3,58.86,18.03,55.23,33.53,74.04,21.54,48.02,48.01,85.8,25.08,58.6,68.59,43.68,27.8,80.62,37.12,15.52,55.23,26.68
1,57.57,0.0,37.22,76.24,29.41,79.32,29.68,44.1,43.93,21.93,82.08,47.71,10.3,42.95,51.87,21.26,23.71,24.7,75.8,35.78,40.2,63.25,46.14,40.72,71.59,63.25,61.29,31.14,40.2,71.87,5.39,47.85,67.03,23.77,42.95,26.02,46.17,76.01,70.71,39.82,45.88,82.54,48.85,36.22,48.1,66.22,27.17,27.17,55.22,14.42,35.47,16.49,43.01,44.27,62.27,36.77,70.8,42.05,32.76,49.74,47.38,27.46,55.71,42.06,24.41,49.82
2,22.2,37.22,0.0,40.26,24.7,56.08,60.42,56.57,30.08,25.06,47.43,37.64,46.01,47.2,33.54,54.78,31.06,49.77,54.56,20.62,54.56,45.61,27.17,67.8,44.05,45.61,26.0,6.08,60.14,48.37,35.01,42.15,30.59,50.77,13.93,46.86,12.21,39.32,47.8,29.55,20.88,51.4,74.41,51.86,45.62,39.92,10.05,46.14,29.12,33.12,26.93,53.6,21.1,44.42,38.91,63.6,42.94,51.66,46.86,29.61,30.27,58.59,28.3,9.49,33.24,17.69
3,31.14,76.24,40.26,0.0,53.15,39.29,93.94,93.49,61.07,64.85,37.0,67.94,85.71,82.42,40.22,90.55,70.38,89.81,41.79,45.12,92.28,43.42,39.81,98.03,26.4,43.42,15.0,45.89,86.93,35.34,74.81,73.66,9.85,83.74,34.13,77.62,37.74,5.0,61.74,63.01,34.48,21.1,102.69,78.0,77.99,52.77,49.82,85.62,49.04,68.26,62.43,92.02,51.4,78.41,33.3,94.25,51.62,88.2,73.74,38.08,58.73,92.57,27.78,40.71,63.56,27.17
4,46.01,29.41,24.7,53.15,0.0,49.93,40.79,66.71,50.25,34.21,70.77,57.04,39.66,60.88,22.47,38.01,40.16,51.86,46.4,8.06,63.51,33.97,17.09,45.62,43.01,33.97,38.6,21.19,36.24,42.54,31.11,60.07,45.54,30.59,19.7,24.7,36.89,54.41,71.87,48.01,19.03,54.92,51.31,27.59,62.39,64.4,20.22,51.62,53.31,16.76,44.01,42.06,43.42,59.84,33.11,41.63,67.6,62.97,22.67,20.62,51.79,39.46,28.16,34.0,10.44,26.25
5,61.98,79.32,56.08,39.29,49.93,0.0,84.17,111.83,85.43,78.75,75.66,93.04,89.59,103.17,27.46,84.76,85.15,100.57,5.1,44.05,109.34,17.46,33.42,83.29,14.04,17.46,38.33,58.6,70.11,7.81,80.6,97.95,42.01,75.0,42.44,67.45,62.03,44.15,95.35,85.48,36.24,20.81,85.01,62.51,101.6,86.15,61.07,99.01,78.85,66.24,83.01,91.24,75.64,100.5,17.69,80.62,86.47,107.2,60.21,29.83,84.69,83.68,27.78,62.65,57.27,38.91
6,82.49,29.68,60.42,93.94,40.79,84.17,0.0,70.21,73.41,51.4,107.7,77.39,30.81,71.51,59.14,9.22,53.34,48.51,79.56,48.84,66.1,66.71,56.04,12.04,81.15,66.71,79.31,54.71,19.21,78.09,34.99,77.41,86.13,10.2,60.17,17.03,71.56,95.08,99.9,69.4,59.68,94.02,20.22,22.83,77.39,94.76,51.31,53.6,83.49,27.29,65.0,21.0,71.42,73.41,70.26,9.22,99.09,69.38,24.04,59.0,76.69,2.24,68.18,67.68,30.41,66.94
7,63.98,44.1,56.57,93.49,66.71,111.83,70.21,0.0,33.84,33.29,80.06,29.27,39.46,12.17,86.28,61.0,26.93,21.84,109.62,69.46,4.12,98.79,79.61,82.2,100.5,98.79,81.22,53.26,84.01,104.02,39.32,24.02,83.76,67.07,69.53,70.11,55.76,90.92,53.34,30.87,75.6,107.71,90.43,80.31,20.02,55.08,50.8,17.0,49.48,57.07,31.06,49.73,42.49,17.12,94.2,78.77,60.03,5.39,76.66,82.93,37.36,68.07,84.39,53.01,66.22,74.25
8,30.53,43.93,30.08,61.07,50.25,85.43,73.41,33.84,0.0,22.02,47.04,7.62,47.2,21.93,63.56,65.19,21.63,39.29,84.31,49.09,33.73,75.69,57.07,83.76,72.56,75.69,50.45,30.07,80.11,77.88,38.9,12.81,51.66,66.04,43.97,65.31,24.21,58.01,27.02,4.47,50.96,77.47,91.59,73.39,16.97,24.35,30.07,32.56,16.03,49.66,8.49,58.26,10.0,17.49,68.71,79.61,29.41,28.46,68.62,59.67,4.12,71.22,57.78,22.83,55.08,46.52
9,40.01,21.93,25.06,64.85,34.21,78.75,51.4,33.29,22.02,0.0,62.82,26.4,26.4,26.68,53.0,43.19,6.4,25.0,76.4,36.24,30.61,65.51,46.32,61.91,67.94,65.51,50.99,20.62,59.14,70.94,17.03,27.66,55.03,44.29,36.8,44.27,29.07,63.32,48.8,18.03,42.52,76.28,69.84,53.15,29.07,44.65,17.69,21.1,34.0,28.86,13.6,36.89,21.93,26.02,61.07,57.8,49.4,29.07,48.66,49.65,25.46,49.2,51.62,25.18,36.01,42.2
10,25.24,82.08,47.43,37.0,70.77,75.66,107.7,80.06,47.04,62.82,0.0,50.8,88.89,67.9,68.48,101.53,65.76,85.38,77.47,64.38,80.5,75.96,64.9,115.21,61.98,75.96,39.92,53.0,106.96,70.61,78.43,56.29,34.21,98.18,52.5,94.2,36.24,32.0,32.2,51.0,57.43,58.03,121.66,98.35,60.64,26.0,56.44,79.1,31.02,80.45,53.15,98.43,41.44,62.97,65.79,111.02,21.95,74.81,93.43,65.0,43.1,105.82,56.36,40.25,80.28,48.26
11,37.01,47.71,37.64,67.94,57.04,93.04,77.39,29.27,7.62,26.4,50.8,0.0,49.5,17.12,71.06,68.82,24.21,38.91,91.92,56.32,30.0,83.24,64.54,88.19,80.13,83.24,57.8,37.34,85.44,85.49,42.44,5.83,58.69,70.66,51.55,70.58,31.62,64.66,26.0,9.06,58.52,84.81,96.18,79.12,10.3,26.02,37.01,31.78,20.62,55.03,13.34,60.83,17.49,12.17,76.32,84.12,31.06,24.08,74.46,67.19,9.22,75.17,65.39,30.41,61.19,54.13
12,65.12,10.3,46.01,85.71,39.66,89.59,30.81,39.46,47.2,26.4,88.89,49.5,0.0,41.15,62.13,21.59,25.61,18.0,86.02,46.07,35.36,73.41,56.44,42.76,81.86,73.41,70.86,40.05,45.28,82.15,11.0,48.41,76.32,28.16,52.89,32.57,53.76,85.21,74.2,42.8,56.08,92.7,50.99,43.01,47.71,70.83,36.06,22.8,60.37,24.04,38.83,11.4,48.33,43.57,72.56,39.32,75.66,38.6,40.31,60.03,51.04,28.64,65.92,49.65,33.97,59.67
13,52.35,42.95,47.2,82.42,60.88,103.17,71.51,12.17,21.93,26.68,67.9,17.12,41.15,0.0,78.72,62.39,21.1,26.17,101.36,62.39,13.15,91.24,72.01,83.17,91.21,91.24,70.77,44.78,83.02,95.41,37.66,12.04,72.8,66.71,60.75,68.47,44.82,79.61,41.77,19.42,67.23,97.58,91.39,78.16,8.54,43.01,42.95,19.21,37.36,54.01,20.52,52.35,31.06,5.0,85.76,79.4,48.0,7.0,74.03,75.13,25.3,69.29,75.45,42.45,62.2,64.82
14,47.54,51.87,33.54,40.22,22.47,27.46,59.14,86.28,63.56,53.0,68.48,71.06,62.13,78.72,0.0,58.46,59.36,73.54,24.08,17.03,83.49,12.53,6.71,60.53,22.02,12.53,29.21,34.18,48.27,20.12,53.26,75.29,36.12,49.37,20.02,42.11,43.01,43.28,79.31,62.64,13.0,35.06,64.03,39.62,78.43,70.58,35.78,72.47,61.03,38.91,59.46,64.08,54.59,76.69,11.18,57.22,72.37,81.99,36.12,4.0,63.79,58.31,12.73,42.11,30.36,20.88
15,76.49,21.26,54.78,90.55,38.01,84.76,9.22,61.0,65.19,43.19,101.53,68.82,21.59,62.39,58.46,0.0,44.65,39.32,80.41,46.0,56.89,67.42,54.45,21.21,80.23,67.42,75.66,48.85,26.0,78.16,26.4,68.6,82.2,10.63,56.44,18.03,65.3,91.24,91.93,61.07,57.0,92.66,29.43,26.91,68.43,87.21,45.19,44.38,76.06,22.36,56.73,12.17,63.89,64.4,69.63,18.0,91.68,60.17,26.4,57.71,68.62,7.07,66.12,61.29,28.28,63.39
16,44.18,23.71,31.06,70.38,40.16,85.15,53.34,26.93,21.63,6.4,65.76,24.21,25.61,21.1,59.36,44.65,0.0,20.1,82.8,42.54,24.21,71.87,52.7,64.4,74.28,71.87,56.82,26.91,62.82,77.34,18.36,24.17,60.54,47.17,43.14,48.05,33.73,68.62,48.6,17.2,48.92,82.42,72.5,57.43,24.74,45.62,24.08,15.23,35.74,33.14,13.42,36.8,24.33,21.21,67.48,60.42,50.57,22.85,53.15,56.04,25.55,51.11,57.98,30.08,41.11,48.41
17,64.28,24.7,49.77,89.81,51.86,100.57,48.51,21.84,39.29,25.0,85.38,38.91,18.0,26.17,73.54,39.32,20.1,0.0,97.59,56.59,17.72,85.63,67.21,60.53,91.02,85.63,75.77,44.72,63.2,92.85,21.1,36.06,80.01,46.1,60.21,50.01,53.76,88.32,64.88,34.93,65.0,100.34,68.73,60.42,34.06,63.6,41.18,7.21,54.74,38.91,32.25,27.89,44.05,29.83,82.98,57.22,68.68,21.95,57.28,70.77,43.42,46.39,74.63,50.01,48.76,66.24
18,62.29,75.8,54.56,41.79,46.4,5.1,79.56,109.62,84.31,76.4,77.47,91.92,86.02,101.36,24.08,80.41,82.8,97.59,0.0,41.01,107.0,13.0,30.41,78.41,15.52,13.0,39.0,56.6,65.19,7.0,77.34,96.66,43.42,70.52,40.71,62.94,61.4,46.49,95.63,84.1,34.13,24.76,80.0,57.71,100.18,86.47,58.82,96.33,78.64,62.43,81.41,87.24,74.67,98.88,15.65,75.8,87.09,105.12,55.54,26.91,83.82,79.12,26.57,61.68,53.24,37.95
19,40.22,35.78,20.62,45.12,8.06,44.05,48.84,69.46,49.09,36.24,64.38,56.32,46.07,62.39,17.03,46.0,42.54,56.59,41.01,0.0,66.57,29.41,10.63,53.31,35.85,29.41,30.68,19.03,43.27,36.4,36.62,60.02,37.7,38.64,12.21,32.57,32.31,46.49,68.41,47.52,11.0,47.3,58.67,34.41,62.82,60.41,19.65,55.44,49.73,24.33,43.93,49.48,41.11,60.73,26.63,49.4,63.16,65.3,29.68,14.21,50.01,47.52,20.4,30.08,18.44,18.38
20,63.32,40.2,54.56,92.28,63.51,109.34,66.1,4.12,33.73,30.61,80.5,30.0,35.36,13.15,83.49,56.89,24.21,17.72,107.0,66.57,0.0,95.96,76.84,78.09,98.29,95.96,79.63,50.93,80.0,101.53,35.51,25.18,82.49,63.03,67.21,66.19,54.59,89.89,54.92,30.36,73.11,105.89,86.31,76.42,21.59,56.01,48.27,13.04,49.65,53.37,29.97,45.61,41.79,18.11,91.68,74.67,61.03,6.32,72.84,80.21,37.48,63.95,82.07,51.62,62.64,72.18
21,57.31,63.25,45.61,43.42,33.97,17.46,66.71,98.79,75.69,65.51,75.96,83.24,73.41,91.24,12.53,67.42,71.87,85.63,13.0,29.41,95.96,0.0,19.24,66.07,18.87,0.0,36.06,46.62,53.0,12.17,65.07,87.6,42.05,57.57,31.78,50.0,54.23,47.43,90.01,74.95,24.74,31.78,68.18,45.18,90.82,81.06,48.3,84.81,72.11,49.65,71.87,74.3,66.49,89.16,10.3,63.29,82.39,94.51,42.76,16.16,75.71,66.22,20.22,53.76,40.31,31.0
22,42.72,46.14,27.17,39.81,17.09,33.42,56.04,79.61,57.07,46.32,64.9,64.54,56.44,72.01,6.71,54.45,52.7,67.21,30.41,10.63,76.84,19.24,0.0,58.69,25.96,19.24,27.02,27.51,47.17,25.81,47.2,68.68,34.21,46.0,14.14,39.12,37.22,42.19,73.68,56.04,7.62,38.21,62.97,38.28,71.78,65.12,29.07,65.95,55.23,33.84,52.81,59.14,48.26,70.01,16.12,55.11,67.19,75.29,34.21,3.61,57.43,55.0,12.37,36.0,26.17,16.64
23,90.0,40.72,67.8,98.03,45.62,83.29,12.04,82.2,83.76,61.91,115.21,88.19,42.76,83.17,60.53,21.21,64.4,60.53,78.41,53.31,78.09,66.07,58.69,0.0,82.3,66.07,83.93,62.48,13.34,78.01,46.1,88.57,91.0,17.8,65.31,21.1,79.51,99.72,109.81,79.92,63.57,95.52,8.25,21.02,88.77,104.14,59.46,65.51,92.76,35.36,75.47,33.02,80.92,84.86,71.25,4.24,108.25,81.25,24.52,61.19,86.84,14.14,71.06,75.82,35.36,71.69
24,48.05,71.59,44.05,26.4,43.01,14.04,81.15,100.5,72.56,67.94,61.98,80.13,81.86,91.21,22.02,80.23,74.28,91.02,15.52,35.85,98.29,18.87,25.96,82.3,0.0,18.87,24.33,47.38,69.72,8.94,72.07,85.23,28.07,71.34,31.14,64.12,48.75,31.02,81.39,72.95,26.08,13.34,85.33,61.29,89.04,72.18,50.33,88.73,65.15,59.77,70.8,85.07,62.65,88.23,11.05,79.1,72.44,95.67,58.03,22.56,71.55,80.31,16.4,49.74,51.97,26.4
25,57.31,63.25,45.61,43.42,33.97,17.46,66.71,98.79,75.69,65.51,75.96,83.24,73.41,91.24,12.53,67.42,71.87,85.63,13.0,29.41,95.96,0.0,19.24,66.07,18.87,0.0,36.06,46.62,53.0,12.17,65.07,87.6,42.05,57.57,31.78,50.0,54.23,47.43,90.01,74.95,24.74,31.78,68.18,45.18,90.82,81.06,48.3,84.81,72.11,49.65,71.87,74.3,66.49,89.16,10.3,63.29,82.39,94.51,42.76,16.16,75.71,66.22,20.22,53.76,40.31,31.0
26,23.77,61.29,26.0,15.0,38.6,38.33,79.31,81.22,50.45,50.99,39.92,57.8,70.86,70.77,29.21,75.66,56.82,75.77,39.0,30.68,79.63,36.06,27.02,83.93,24.33,36.06,0.0,31.32,73.36,32.0,60.02,63.25,7.21,69.12,19.24,63.25,26.25,15.81,57.07,51.62,20.59,27.02,89.0,64.41,67.36,47.85,35.17,72.01,41.23,53.34,50.33,77.03,40.46,67.18,25.96,80.06,48.17,76.06,59.93,26.17,48.83,77.88,16.64,28.32,49.04,12.37
27,27.78,31.14,6.08,45.89,21.19,58.6,54.71,53.26,30.07,20.62,53.0,37.34,40.05,44.78,34.18,48.85,26.91,44.72,56.6,19.03,50.93,46.62,27.51,62.48,47.38,46.62,31.32,0.0,55.44,50.8,29.07,41.23,36.35,45.22,16.28,41.73,17.03,45.18,50.7,28.64,22.47,55.76,69.31,47.43,44.27,43.42,4.0,41.62,32.2,27.46,25.3,47.52,22.36,42.54,41.05,58.26,46.87,48.6,42.44,30.46,31.06,52.84,31.14,13.45,28.6,21.63
28,82.04,40.2,60.14,86.93,36.24,70.11,19.21,84.01,80.11,59.14,106.96,85.44,45.28,83.02,48.27,26.0,62.82,63.2,65.19,43.27,80.0,53.0,47.17,13.34,69.72,53.0,73.36,55.44,0.0,65.03,45.4,86.68,80.53,17.12,55.47,14.87,72.25,89.0,104.96,76.69,52.77,83.02,15.81,8.94,87.56,98.47,53.01,67.01,87.09,30.46,72.24,37.95,75.8,83.95,58.69,11.66,102.2,82.22,13.6,49.34,82.73,20.25,59.46,68.88,26.91,61.4
29,55.33,71.87,48.37,35.34,42.54,7.81,78.09,104.02,77.88,70.94,70.61,85.49,82.15,95.41,20.12,78.16,77.34,92.85,7.0,36.4,101.53,12.17,25.81,78.01,8.94,12.17,32.0,50.8,65.03,0.0,73.01,90.34,36.5,68.66,34.67,61.19,54.71,39.92,88.68,77.83,28.43,20.25,80.31,57.04,93.94,79.51,53.26,91.22,71.81,59.03,75.29,84.17,68.15,92.78,9.9,75.11,80.1,99.4,54.33,22.2,77.25,77.47,20.12,55.15,50.33,31.38
30,54.34,5.39,35.01,74.81,31.11,80.6,34.99,39.32,38.9,17.03,78.43,42.44,11.0,37.66,53.26,26.4,18.36,21.1,77.34,36.62,35.51,65.07,47.2,46.1,72.07,65.07,60.02,29.07,45.4,73.01,0.0,42.49,65.38,29.12,42.38,31.02,42.95,74.24,65.8,34.71,46.07,82.46,54.23,41.05,42.72,61.61,25.08,22.56,50.77,18.03,30.41,20.12,38.59,38.9,63.25,42.15,66.29,37.0,37.34,50.8,42.45,32.76,55.9,38.83,27.73,49.04
31,42.8,47.85,42.15,73.66,60.07,97.95,77.41,24.02,12.81,27.66,56.29,5.83,48.41,12.04,75.29,68.6,24.17,36.06,96.66,60.02,25.18,87.6,68.68,88.57,85.23,87.6,63.25,41.23,86.68,90.34,42.49,0.0,64.35,71.31,56.08,71.84,37.01,70.43,29.83,12.65,62.97,90.27,96.66,80.81,4.47,31.06,40.45,28.84,26.4,56.52,16.12,59.82,22.8,7.07,81.02,84.58,36.01,19.03,76.3,71.47,15.0,75.18,70.21,35.51,63.39,59.06
32,22.47,67.03,30.59,9.85,45.54,42.01,86.13,83.76,51.66,55.03,34.21,58.69,76.32,72.8,36.12,82.2,60.54,80.01,43.42,37.7,82.49,42.05,34.21,91.0,28.07,42.05,7.21,36.35,80.53,36.5,65.38,64.35,0.0,75.96,25.96,70.23,28.02,9.06,54.71,53.41,27.78,27.31,96.15,71.59,68.62,45.54,40.31,75.77,40.5,59.84,52.7,83.02,41.87,68.88,31.78,87.09,45.12,78.49,67.08,33.24,49.52,84.65,23.43,30.89,55.97,19.31
33,72.95,23.77,50.77,83.74,30.59,75.0,10.2,67.07,66.04,44.29,98.18,70.66,28.16,66.71,49.37,10.63,47.17,46.1,70.52,38.64,63.03,57.57,46.0,17.8,71.34,57.57,69.12,45.22,17.12,68.66,29.12,71.31,75.96,0.0,50.0,7.62,62.2,84.9,92.01,62.27,49.5,84.1,25.55,16.4,71.78,86.37,42.01,50.09,75.01,17.8,57.8,21.47,63.13,68.01,60.53,13.6,90.52,65.49,15.81,49.04,69.07,9.0,58.08,58.41,20.22,56.75
34,29.07,42.95,13.93,34.13,19.7,42.44,60.17,69.53,43.97,36.8,52.5,51.55,52.89,60.75,20.02,56.44,43.14,60.21,40.71,12.21,67.21,31.78,14.14,65.31,31.14,31.78,19.24,16.28,55.47,34.67,42.38,56.08,25.96,50.0,0.0,44.38,23.09,34.93,59.54,43.46,7.07,40.25,70.83,46.62,59.51,50.99,19.21,57.63,41.11,34.13,40.71,58.22,34.71,58.18,25.06,61.33,53.16,64.82,41.88,16.03,43.93,58.69,14.87,22.09,30.08,7.0
35,69.03,26.02,46.86,77.62,24.7,67.45,17.03,70.11,65.31,44.27,94.2,70.58,32.57,68.47,42.11,18.03,48.05,50.01,62.94,32.57,66.19,50.0,39.12,21.1,64.12,50.0,63.25,41.73,14.87,61.19,31.02,71.84,70.23,7.62,44.38,0.0,58.73,79.06,90.43,61.85,43.17,77.01,27.59,10.44,72.78,84.2,38.95,53.15,72.8,15.65,57.38,27.8,61.29,69.23,53.24,17.0,88.09,68.01,8.49,42.01,68.0,16.28,51.35,55.15,14.32,50.92
36,11.4,46.17,12.21,37.74,36.89,62.03,71.56,55.76,24.21,29.07,36.24,31.62,53.76,44.82,43.01,65.3,33.73,53.76,61.4,32.31,54.59,54.23,37.22,79.51,48.75,54.23,26.25,17.03,72.25,54.71,42.95,37.01,28.02,62.2,23.09,58.73,0.0,35.34,36.5,25.5,30.02,53.26,86.31,64.03,41.11,28.16,20.25,48.76,18.03,44.41,24.7,62.64,14.21,41.04,46.1,75.29,30.87,50.48,59.03,39.01,22.83,69.64,34.93,4.12,45.34,23.54
37,27.66,76.01,39.32,5.0,54.41,44.15,95.08,90.92,58.01,63.32,32.0,64.66,85.21,79.61,43.28,91.24,68.62,88.32,46.49,46.49,89.89,47.43,42.19,99.72,31.02,47.43,15.81,45.18,89.0,39.92,74.24,70.43,9.06,84.9,34.93,79.06,35.34,0.0,57.25,60.21,36.25,26.08,104.69,80.06,74.81,48.37,49.16,83.82,45.28,68.88,59.94,92.05,48.55,75.45,37.2,95.86,47.01,85.59,75.64,40.8,55.44,93.62,30.61,38.63,64.85,28.16
38,33.38,70.71,47.8,61.74,71.87,95.35,99.9,53.34,27.02,48.8,32.2,26.0,74.2,41.77,79.31,91.93,48.6,64.88,95.63,68.41,54.92,90.01,73.68,109.81,81.39,90.01,57.07,50.7,104.96,88.68,65.8,29.83,54.71,92.01,59.54,90.43,36.5,57.25,0.0,31.4,66.37,81.93,117.41,97.53,33.38,9.22,52.33,57.78,18.68,74.89,35.47,85.28,29.15,36.88,81.1,105.6,10.63,48.66,92.59,75.33,23.35,97.74,70.03,38.33,78.71,59.01
39,33.11,39.82,29.55,63.01,48.01,85.48,69.4,30.87,4.47,18.03,51.0,9.06,42.8,19.42,62.64,61.07,17.2,34.93,84.1,47.52,30.36,74.95,56.04,79.92,72.95,74.95,51.62,28.64,76.69,77.83,34.71,12.65,53.41,62.27,43.46,61.85,25.5,60.21,31.4,0.0,50.33,78.57,87.82,70.21,16.12,28.79,28.07,28.28,20.02,46.24,4.47,53.91,11.66,15.56,68.45,75.8,33.84,25.5,65.52,58.82,8.54,67.2,57.71,23.43,52.17,46.65
40,35.11,45.88,20.88,34.48,19.03,36.24,59.68,75.6,50.96,42.52,57.43,58.52,56.08,67.23,13.0,57.0,48.92,65.0,34.13,11.0,73.11,24.74,7.62,63.57,26.08,24.74,20.59,22.47,52.77,28.43,46.07,62.97,27.78,49.5,7.07,43.17,30.02,36.25,66.37,50.33,0.0,36.69,68.45,43.83,66.31,57.71,24.84,62.97,48.04,35.23,47.42,60.21,41.77,64.85,18.6,59.77,59.67,71.03,39.4,9.0,50.99,58.42,9.85,29.15,29.27,9.22
41,49.65,82.54,51.4,21.1,54.92,20.81,94.02,107.71,77.47,76.28,58.03,84.81,92.7,97.58,35.06,92.66,82.42,100.34,24.76,47.3,105.89,31.78,38.21,95.52,13.34,31.78,27.02,55.76,83.02,20.25,82.46,90.27,27.31,84.1,40.25,77.01,53.26,26.08,81.93,78.57,36.69,0.0,98.66,74.55,94.37,72.8,59.17,97.35,67.6,71.59,77.08,96.77,67.48,94.11,24.33,92.27,72.12,102.65,71.18,35.06,75.8,93.09,26.93,55.17,64.38,34.13
42,96.54,48.85,74.41,102.69,51.31,85.01,20.22,90.43,91.59,69.84,121.66,96.18,50.99,91.39,64.03,29.43,72.5,68.73,80.0,58.67,86.31,68.18,62.97,8.25,85.33,68.18,89.0,69.31,15.81,80.31,54.23,96.66,96.15,25.55,70.83,27.59,86.31,104.69,117.41,87.82,68.45,98.66,0.0,24.7,96.93,111.52,66.48,73.76,100.12,42.64,83.35,41.11,88.41,93.05,74.33,12.08,115.52,89.5,29.07,65.15,94.58,22.36,75.27,82.73,41.4,76.94
43,73.55,36.22,51.86,78.0,27.59,62.51,22.83,80.31,73.39,53.15,98.35,79.12,43.01,78.16,39.62,26.91,57.43,60.42,57.71,34.41,76.42,45.18,38.28,21.02,61.29,45.18,64.41,47.43,8.94,57.04,41.05,80.81,71.59,16.4,46.62,10.44,64.03,80.06,97.53,70.21,43.83,74.55,24.7,0.0,82.04,90.74,45.28,63.39,79.4,24.33,65.8,37.74,68.43,78.64,50.25,18.11,94.3,78.03,5.0,40.52,75.77,23.02,50.6,60.8,18.87,52.48
44,47.2,48.1,45.62,77.99,62.39,101.6,77.39,20.02,16.97,29.07,60.64,10.3,47.71,8.54,78.43,68.43,24.74,34.06,100.18,62.82,21.59,90.82,71.78,88.77,89.04,90.82,67.36,44.27,87.56,93.94,42.72,4.47,68.62,71.78,59.51,72.78,41.11,74.81,33.38,16.12,66.31,94.37,96.93,82.04,0.0,35.23,43.17,26.91,30.87,57.71,18.97,59.08,26.91,4.24,84.53,84.86,40.11,15.3,77.65,74.67,19.42,75.15,73.82,39.41,65.07,62.77
45,24.19,66.22,39.92,52.77,64.4,86.15,94.76,55.08,24.35,44.65,26.0,26.02,70.83,43.01,70.58,87.21,45.62,63.6,86.47,60.41,56.01,81.06,65.12,104.14,72.18,81.06,47.85,43.42,98.47,79.51,61.61,31.06,45.54,86.37,50.99,84.2,28.16,48.37,9.22,28.79,57.71,72.8,111.52,90.74,35.23,0.0,45.49,56.75,11.4,68.88,32.2,81.54,23.35,38.01,72.03,99.9,5.1,50.01,85.76,66.61,20.25,92.66,61.0,30.46,71.87,50.09
46,31.3,27.17,10.05,49.82,20.22,61.07,51.31,50.8,30.07,17.69,56.44,37.01,36.06,42.95,35.78,45.19,24.08,41.18,58.82,19.65,48.27,48.3,29.07,59.46,50.33,48.3,35.17,4.0,53.01,53.26,25.08,40.45,40.31,42.01,19.21,38.95,20.25,49.16,52.33,28.07,24.84,59.17,66.48,45.28,43.17,45.49,0.0,38.42,34.13,24.21,24.33,43.57,23.41,41.11,43.42,55.23,49.2,46.32,40.31,32.25,31.58,49.4,33.97,16.4,26.42,25.06
47,58.86,27.17,46.14,85.62,51.62,99.01,53.6,17.0,32.56,21.1,79.1,31.78,22.8,19.21,72.47,44.38,15.23,7.21,96.33,55.44,13.04,84.81,65.95,65.51,88.73,84.81,72.01,41.62,67.01,91.22,22.56,28.84,75.77,50.09,57.63,53.15,48.76,83.82,57.78,28.28,62.97,97.35,73.76,63.39,26.91,56.75,38.42,0.0,48.26,40.52,26.0,33.62,38.05,22.67,81.32,61.98,61.85,15.81,59.84,69.43,36.67,51.42,72.35,45.22,49.98,63.25
48,18.03,55.22,29.12,49.04,53.31,78.85,83.49,49.48,16.03,34.0,31.02,20.62,60.37,37.36,61.03,76.06,35.74,54.74,78.64,49.73,49.65,72.11,55.23,92.76,65.15,72.11,41.23,32.2,87.09,71.81,50.77,26.4,40.5,75.01,41.11,72.8,18.03,45.28,18.68,20.02,48.04,67.6,100.12,79.4,30.87,11.4,34.13,48.26,0.0,57.49,22.56,70.83,12.21,32.57,63.64,88.53,15.62,44.15,74.43,57.04,12.17,81.39,52.47,19.65,60.54,41.19
49,55.23,14.42,33.12,68.26,16.76,66.24,27.29,57.07,49.66,28.86,80.45,55.03,24.04,54.01,38.91,22.36,33.14,38.91,62.43,24.33,53.37,49.65,33.84,35.36,59.77,49.65,53.34,27.46,30.46,59.03,18.03,56.52,59.84,17.8,34.13,15.65,44.41,68.88,74.89,46.24,35.23,71.59,42.64,24.33,57.71,68.88,24.21,40.52,57.49,0.0,41.79,25.3,45.8,54.33,49.77,31.11,72.92,54.33,20.02,37.34,52.35,25.5,44.72,40.61,10.0,41.11
50,33.53,35.47,26.93,62.43,44.01,83.01,65.0,31.06,8.49,13.6,53.15,13.34,38.83,20.52,59.46,56.73,13.42,32.25,81.41,43.93,29.97,71.87,52.81,75.47,70.8,71.87,50.33,25.3,72.24,75.29,30.41,16.12,52.7,57.8,40.71,57.38,24.7,59.94,35.47,4.47,47.42,77.08,83.35,65.8,18.97,32.2,24.33,26.0,22.56,41.79,0.0,49.82,12.17,17.49,65.76,71.34,37.16,25.81,61.13,55.71,12.21,62.8,55.23,22.02,47.85,44.41
51,74.04,16.49,53.6,92.02,42.06,91.24,21.0,49.73,58.26,36.89,98.43,60.83,11.4,52.35,64.08,12.17,36.8,27.89,87.24,49.48,45.61,74.3,59.14,33.02,85.07,74.3,77.03,47.52,37.95,84.17,20.12,59.82,83.02,21.47,58.22,27.8,62.64,92.05,85.28,53.91,60.21,96.77,41.11,37.74,59.08,81.54,43.57,33.62,70.83,25.3,49.82,0.0,58.67,54.92,75.03,30.07,86.28,49.4,36.24,62.63,62.01,19.03,69.86,58.52,34.0,65.19
52,21.54,43.01,21.1,51.4,43.42,75.64,71.42,42.49,10.0,21.93,41.44,17.49,48.33,31.06,54.59,63.89,24.33,44.05,74.67,41.11,41.79,66.49,48.26,80.92,62.65,66.49,40.46,22.36,75.8,68.15,38.59,22.8,41.87,63.13,34.71,61.29,14.21,48.55,29.15,11.66,41.77,67.48,88.41,68.43,26.91,23.35,23.41,38.05,12.21,45.8,12.17,58.67,0.0,27.02,59.14,76.69,27.8,37.12,63.51,50.64,9.22,69.31,48.1,13.0,49.66,36.77
53,48.02,44.27,44.42,78.41,59.84,100.5,73.41,17.12,17.49,26.02,62.97,12.17,43.57,5.0,76.69,64.4,21.21,29.83,98.88,60.73,18.11,89.16,70.01,84.86,88.23,89.16,67.18,42.54,83.95,92.78,38.9,7.07,68.88,68.01,58.18,69.23,41.04,75.45,36.88,15.56,64.85,94.11,93.05,78.64,4.24,38.01,41.11,22.67,32.57,54.33,17.49,54.92,27.02,0.0,83.24,80.99,43.0,12.0,74.33,73.01,20.62,71.18,72.72,38.95,62.0,61.85
54,48.01,62.27,38.91,33.3,33.11,17.69,70.26,94.2,68.71,61.07,65.79,76.32,72.56,85.76,11.18,69.63,67.48,82.98,15.65,26.63,91.68,10.3,16.12,71.25,11.05,10.3,25.96,41.05,58.69,9.9,63.25,81.02,31.78,60.53,25.06,53.24,46.1,37.2,81.1,68.45,18.6,24.33,74.33,50.25,84.53,72.03,43.42,81.32,63.64,49.77,65.76,75.03,59.14,83.24,0.0,68.07,73.06,89.63,47.01,12.53,68.31,69.46,11.18,46.17,41.48,22.56
55,85.8,36.77,63.6,94.25,41.63,80.62,9.22,78.77,79.61,57.8,111.02,84.12,39.32,79.4,57.22,18.0,60.42,57.22,75.8,49.4,74.67,63.29,55.11,4.24,79.1,63.29,80.06,58.26,11.66,75.11,42.15,84.58,87.09,13.6,61.33,17.0,75.29,95.86,105.6,75.8,59.77,92.27,12.08,18.11,84.86,99.9,55.23,61.98,88.53,31.11,71.34,30.07,76.69,80.99,68.07,0.0,104.0,77.67,21.1,57.71,82.66,11.05,67.47,71.59,31.3,67.78
56,25.08,70.8,42.94,51.62,67.6,86.47,99.09,60.03,29.41,49.4,21.95,31.06,75.66,48.0,72.37,91.68,50.57,68.68,87.09,63.16,61.03,82.39,67.19,108.25,72.44,82.39,48.17,46.87,102.2,80.1,66.29,36.01,45.12,90.52,53.16,88.09,30.87,47.01,10.63,33.84,59.67,72.12,115.52,94.3,40.11,5.1,49.2,61.85,15.62,72.92,37.16,86.28,27.8,43.0,73.06,104.0,0.0,55.0,89.31,68.45,25.3,97.0,62.2,33.62,75.45,51.62
57,58.6,42.05,51.66,88.2,62.97,107.2,69.38,5.39,28.46,29.07,74.81,24.08,38.6,7.0,81.99,60.17,22.85,21.95,105.12,65.3,6.32,94.51,75.29,81.25,95.67,94.51,76.06,48.6,82.22,99.4,37.0,19.03,78.49,65.49,64.82,68.01,50.48,85.59,48.66,25.5,71.03,102.65,89.5,78.03,15.3,50.01,46.32,15.81,44.15,54.33,25.81,49.4,37.12,12.0,89.63,77.67,55.0,0.0,74.17,78.55,32.02,67.19,79.65,47.8,63.15,69.35
58,68.59,32.76,46.86,73.74,22.67,60.21,24.04,76.66,68.62,48.66,93.43,74.46,40.31,74.03,36.12,26.4,53.15,57.28,55.54,29.68,72.84,42.76,34.21,24.52,58.03,42.76,59.93,42.44,13.6,54.33,37.34,76.3,67.08,15.81,41.88,8.49,59.03,75.64,92.59,65.52,39.4,71.18,29.07,5.0,77.65,85.76,40.31,59.84,74.43,20.02,61.13,36.24,63.51,74.33,47.01,21.1,89.31,74.17,0.0,36.67,70.94,23.77,46.57,55.8,13.89,47.89
59,43.68,49.74,29.61,38.08,20.62,29.83,59.0,82.93,59.67,49.65,65.0,67.19,60.03,75.13,4.0,57.71,56.04,70.77,26.91,14.21,80.21,16.16,3.61,61.19,22.56,16.16,26.17,30.46,49.34,22.2,50.8,71.47,33.24,49.04,16.03,42.01,39.01,40.8,75.33,58.82,9.0,35.06,65.15,40.52,74.67,66.61,32.25,69.43,57.04,37.34,55.71,62.63,50.64,73.01,12.53,57.71,68.45,78.55,36.67,0.0,59.84,58.03,10.3,38.12,29.43,17.09
60,27.8,47.38,30.27,58.73,51.79,84.69,76.69,37.36,4.12,25.46,43.1,9.22,51.04,25.3,63.79,68.62,25.55,43.42,83.82,50.01,37.48,75.71,57.43,86.84,71.55,75.71,48.83,31.06,82.73,77.25,42.45,15.0,49.52,69.07,43.93,68.0,22.83,55.44,23.35,8.54,50.99,75.8,94.58,75.77,19.42,20.25,31.58,36.67,12.17,52.35,12.21,62.01,9.22,20.62,68.31,82.66,25.3,32.02,70.94,59.84,0.0,74.52,57.25,22.14,57.25,45.88
61,80.62,27.46,58.59,92.57,39.46,83.68,2.24,68.07,71.22,49.2,105.82,75.17,28.64,69.29,58.31,7.07,51.11,46.39,79.12,47.52,63.95,66.22,55.0,14.14,80.31,66.22,77.88,52.84,20.25,77.47,32.76,75.18,84.65,9.0,58.69,16.28,69.64,93.62,97.74,67.2,58.42,93.09,22.36,23.02,75.15,92.66,49.4,51.42,81.39,25.5,62.8,19.03,69.31,71.18,69.46,11.05,97.0,67.19,23.77,58.03,74.52,0.0,67.07,65.73,29.15,65.51
62,37.12,55.71,28.3,27.78,28.16,27.78,68.18,84.39,57.78,51.62,56.36,65.39,65.92,75.45,12.73,66.12,57.98,74.63,26.57,20.4,82.07,20.22,12.37,71.06,16.4,20.22,16.64,31.14,59.46,20.12,55.9,70.21,23.43,58.08,14.87,51.35,34.93,30.61,70.03,57.71,9.85,26.93,75.27,50.6,73.82,61.0,33.97,72.35,52.47,44.72,55.23,69.86,48.1,72.72,11.18,67.47,62.2,79.65,46.57,10.3,57.25,67.07,0.0,35.11,38.0,11.4
63,15.52,42.06,9.49,40.71,34.0,62.65,67.68,53.01,22.83,25.18,40.25,30.41,49.65,42.45,42.11,61.29,30.08,50.01,61.68,30.08,51.62,53.76,36.0,75.82,49.74,53.76,28.32,13.45,68.88,55.15,38.83,35.51,30.89,58.41,22.09,55.15,4.12,38.63,38.33,23.43,29.15,55.17,82.73,60.8,39.41,30.46,16.4,45.22,19.65,40.61,22.02,58.52,13.0,38.95,46.17,71.59,33.62,47.8,55.8,38.12,22.14,65.73,35.11,0.0,42.01,23.77
64,55.23,24.41,33.24,63.56,10.44,57.27,30.41,66.22,55.08,36.01,80.28,61.19,33.97,62.2,30.36,28.28,41.11,48.76,53.24,18.44,62.64,40.31,26.17,35.36,51.97,40.31,49.04,28.6,26.91,50.33,27.73,63.39,55.97,20.22,30.08,14.32,45.34,64.85,78.71,52.17,29.27,64.38,41.4,18.87,65.07,71.87,26.42,49.98,60.54,10.0,47.85,34.0,49.66,62.0,41.48,31.3,75.45,63.15,13.89,29.43,57.25,29.15,38.0,42.01,0.0,36.69
65,26.68,49.82,17.69,27.17,26.25,38.91,66.94,74.25,46.52,42.2,48.26,54.13,59.67,64.82,20.88,63.39,48.41,66.24,37.95,18.38,72.18,31.0,16.64,71.69,26.4,31.0,12.37,21.63,61.4,31.38,49.04,59.06,19.31,56.75,7.0,50.92,23.54,28.16,59.01,46.65,9.22,34.13,76.94,52.48,62.77,50.09,25.06,63.25,41.19,41.11,44.41,65.19,36.77,61.85,22.56,67.78,51.62,69.35,47.89,17.09,45.88,65.51,11.4,23.77,36.69,0.0
