set K:= 1	2	3	4	5	6	7;
set C_H:= 1	2	3	4	5	6	7	8	9	10	11	12	13	14	15	16	17	18;
set C_S:= 19	20	21	22	23	24	25	26	27	28	29	30	31	32	33	34	35;
set C_F:= 36	37	38	39	40	41	42	43	44	45	46	47	48	49	50	51	52;
set M:= 53	54	55	56	57	58;
set L_B:= 59	60	61	62	63	64	65;
set A1:=
(0,*) 1 2 3 4 5 6 7 8 9 10 11 12 13 14 15 16 17 18 36 37 38 39 40 41 42 43 44 45 46 47 48 49 50 51 52 53 54 55 56 57 58 59 60 61 62 63 64 65 66
(1,*) 0 2 3 4 5 6 7 8 9 10 11 12 13 14 15 16 17 18 36 37 38 39 40 41 42 43 44 45 46 47 48 49 50 51 52 53 54 55 56 57 58 59 60 61 62 63 64 65 66
(2,*) 0 1 3 4 5 6 7 8 9 10 11 12 13 14 15 16 17 18 36 37 38 39 40 41 42 43 44 45 46 47 48 49 50 51 52 53 54 55 56 57 58 59 60 61 62 63 64 65 66
(3,*) 0 1 2 4 5 6 7 8 9 10 11 12 13 14 15 16 17 18 36 37 38 39 40 41 42 43 44 45 46 47 48 49 50 51 52 53 54 55 56 57 58 59 60 61 62 63 64 65 66
(4,*) 0 1 2 3 5 6 7 8 9 10 11 12 13 14 15 16 17 18 36 37 38 39 40 41 42 43 44 45 46 47 48 49 50 51 52 53 54 55 56 57 58 59 60 61 62 63 64 65 66
(5,*) 0 1 2 3 4 6 7 8 9 10 11 12 13 14 15 16 17 18 36 37 38 39 40 41 42 43 44 45 46 47 48 49 50 51 52 53 54 55 56 57 58 59 60 61 62 63 64 65 66
(6,*) 0 1 2 3 4 5 7 8 9 10 11 12 13 14 15 16 17 18 36 37 38 39 40 41 42 43 44 45 46 47 48 49 50 51 52 53 54 55 56 57 58 59 60 61 62 63 64 65 66
(7,*) 0 1 2 3 4 5 6 8 9 10 11 12 13 14 15 16 17 18 36 37 38 39 40 41 42 43 44 45 46 47 48 49 50 51 52 53 54 55 56 57 58 59 60 61 62 63 64 65 66
(8,*) 0 1 2 3 4 5 6 7 9 10 11 12 13 14 15 16 17 18 36 37 38 39 40 41 42 43 44 45 46 47 48 49 50 51 52 53 54 55 56 57 58 59 60 61 62 63 64 65 66
(9,*) 0 1 2 3 4 5 6 7 8 10 11 12 13 14 15 16 17 18 36 37 38 39 40 41 42 43 44 45 46 47 48 49 50 51 52 53 54 55 56 57 58 59 60 61 62 63 64 65 66
(10,*) 0 1 2 3 4 5 6 7 8 9 11 12 13 14 15 16 17 18 36 37 38 39 40 41 42 43 44 45 46 47 48 49 50 51 52 53 54 55 56 57 58 59 60 61 62 63 64 65 66
(11,*) 0 1 2 3 4 5 6 7 8 9 10 12 13 14 15 16 17 18 36 37 38 39 40 41 42 43 44 45 46 47 48 49 50 51 52 53 54 55 56 57 58 59 60 61 62 63 64 65 66
(12,*) 0 1 2 3 4 5 6 7 8 9 10 11 13 14 15 16 17 18 36 37 38 39 40 41 42 43 44 45 46 47 48 49 50 51 52 53 54 55 56 57 58 59 60 61 62 63 64 65 66
(13,*) 0 1 2 3 4 5 6 7 8 9 10 11 12 14 15 16 17 18 36 37 38 39 40 41 42 43 44 45 46 47 48 49 50 51 52 53 54 55 56 57 58 59 60 61 62 63 64 65 66
(14,*) 0 1 2 3 4 5 6 7 8 9 10 11 12 13 15 16 17 18 36 37 38 39 40 41 42 43 44 45 46 47 48 49 50 51 52 53 54 55 56 57 58 59 60 61 62 63 64 65 66
(15,*) 0 1 2 3 4 5 6 7 8 9 10 11 12 13 14 16 17 18 36 37 38 39 40 41 42 43 44 45 46 47 48 49 50 51 52 53 54 55 56 57 58 59 60 61 62 63 64 65 66
(16,*) 0 1 2 3 4 5 6 7 8 9 10 11 12 13 14 15 17 18 36 37 38 39 40 41 42 43 44 45 46 47 48 49 50 51 52 53 54 55 56 57 58 59 60 61 62 63 64 65 66
(17,*) 0 1 2 3 4 5 6 7 8 9 10 11 12 13 14 15 16 18 36 37 38 39 40 41 42 43 44 45 46 47 48 49 50 51 52 53 54 55 56 57 58 59 60 61 62 63 64 65 66
(18,*) 0 1 2 3 4 5 6 7 8 9 10 11 12 13 14 15 16 17 36 37 38 39 40 41 42 43 44 45 46 47 48 49 50 51 52 53 54 55 56 57 58 59 60 61 62 63 64 65 66
(36,*) 0 1 2 3 4 5 6 7 8 9 10 11 12 13 14 15 16 17 18 37 38 39 40 41 42 43 44 45 46 47 48 49 50 51 52 53 54 55 56 57 58 59 60 61 62 63 64 65 66
(37,*) 0 1 2 3 4 5 6 7 8 9 10 11 12 13 14 15 16 17 18 36 38 39 40 41 42 43 44 45 46 47 48 49 50 51 52 53 54 55 56 57 58 59 60 61 62 63 64 65 66
(38,*) 0 1 2 3 4 5 6 7 8 9 10 11 12 13 14 15 16 17 18 36 37 39 40 41 42 43 44 45 46 47 48 49 50 51 52 53 54 55 56 57 58 59 60 61 62 63 64 65 66
(39,*) 0 1 2 3 4 5 6 7 8 9 10 11 12 13 14 15 16 17 18 36 37 38 40 41 42 43 44 45 46 47 48 49 50 51 52 53 54 55 56 57 58 59 60 61 62 63 64 65 66
(40,*) 0 1 2 3 4 5 6 7 8 9 10 11 12 13 14 15 16 17 18 36 37 38 39 41 42 43 44 45 46 47 48 49 50 51 52 53 54 55 56 57 58 59 60 61 62 63 64 65 66
(41,*) 0 1 2 3 4 5 6 7 8 9 10 11 12 13 14 15 16 17 18 36 37 38 39 40 42 43 44 45 46 47 48 49 50 51 52 53 54 55 56 57 58 59 60 61 62 63 64 65 66
(42,*) 0 1 2 3 4 5 6 7 8 9 10 11 12 13 14 15 16 17 18 36 37 38 39 40 41 43 44 45 46 47 48 49 50 51 52 53 54 55 56 57 58 59 60 61 62 63 64 65 66
(43,*) 0 1 2 3 4 5 6 7 8 9 10 11 12 13 14 15 16 17 18 36 37 38 39 40 41 42 44 45 46 47 48 49 50 51 52 53 54 55 56 57 58 59 60 61 62 63 64 65 66
(44,*) 0 1 2 3 4 5 6 7 8 9 10 11 12 13 14 15 16 17 18 36 37 38 39 40 41 42 43 45 46 47 48 49 50 51 52 53 54 55 56 57 58 59 60 61 62 63 64 65 66
(45,*) 0 1 2 3 4 5 6 7 8 9 10 11 12 13 14 15 16 17 18 36 37 38 39 40 41 42 43 44 46 47 48 49 50 51 52 53 54 55 56 57 58 59 60 61 62 63 64 65 66
(46,*) 0 1 2 3 4 5 6 7 8 9 10 11 12 13 14 15 16 17 18 36 37 38 39 40 41 42 43 44 45 47 48 49 50 51 52 53 54 55 56 57 58 59 60 61 62 63 64 65 66
(47,*) 0 1 2 3 4 5 6 7 8 9 10 11 12 13 14 15 16 17 18 36 37 38 39 40 41 42 43 44 45 46 48 49 50 51 52 53 54 55 56 57 58 59 60 61 62 63 64 65 66
(48,*) 0 1 2 3 4 5 6 7 8 9 10 11 12 13 14 15 16 17 18 36 37 38 39 40 41 42 43 44 45 46 47 49 50 51 52 53 54 55 56 57 58 59 60 61 62 63 64 65 66
(49,*) 0 1 2 3 4 5 6 7 8 9 10 11 12 13 14 15 16 17 18 36 37 38 39 40 41 42 43 44 45 46 47 48 50 51 52 53 54 55 56 57 58 59 60 61 62 63 64 65 66
(50,*) 0 1 2 3 4 5 6 7 8 9 10 11 12 13 14 15 16 17 18 36 37 38 39 40 41 42 43 44 45 46 47 48 49 51 52 53 54 55 56 57 58 59 60 61 62 63 64 65 66
(51,*) 0 1 2 3 4 5 6 7 8 9 10 11 12 13 14 15 16 17 18 36 37 38 39 40 41 42 43 44 45 46 47 48 49 50 52 53 54 55 56 57 58 59 60 61 62 63 64 65 66
(52,*) 0 1 2 3 4 5 6 7 8 9 10 11 12 13 14 15 16 17 18 36 37 38 39 40 41 42 43 44 45 46 47 48 49 50 51 53 54 55 56 57 58 59 60 61 62 63 64 65 66
(53,*) 0 1 2 3 4 5 6 7 8 9 10 11 12 13 14 15 16 17 18 36 37 38 39 40 41 42 43 44 45 46 47 48 49 50 51 52 54 55 56 57 58 59 60 61 62 63 64 65 66
(54,*) 0 1 2 3 4 5 6 7 8 9 10 11 12 13 14 15 16 17 18 36 37 38 39 40 41 42 43 44 45 46 47 48 49 50 51 52 53 55 56 57 58 59 60 61 62 63 64 65 66
(55,*) 0 1 2 3 4 5 6 7 8 9 10 11 12 13 14 15 16 17 18 36 37 38 39 40 41 42 43 44 45 46 47 48 49 50 51 52 53 54 56 57 58 59 60 61 62 63 64 65 66
(56,*) 0 1 2 3 4 5 6 7 8 9 10 11 12 13 14 15 16 17 18 36 37 38 39 40 41 42 43 44 45 46 47 48 49 50 51 52 53 54 55 57 58 59 60 61 62 63 64 65 66
(57,*) 0 1 2 3 4 5 6 7 8 9 10 11 12 13 14 15 16 17 18 36 37 38 39 40 41 42 43 44 45 46 47 48 49 50 51 52 53 54 55 56 58 59 60 61 62 63 64 65 66
(58,*) 0 1 2 3 4 5 6 7 8 9 10 11 12 13 14 15 16 17 18 36 37 38 39 40 41 42 43 44 45 46 47 48 49 50 51 52 53 54 55 56 57 59 60 61 62 63 64 65 66
(59,*) 0 1 2 3 4 5 6 7 8 9 10 11 12 13 14 15 16 17 18 36 37 38 39 40 41 42 43 44 45 46 47 48 49 50 51 52 53 54 55 56 57 58 60 61 62 63 64 65 66
(60,*) 0 1 2 3 4 5 6 7 8 9 10 11 12 13 14 15 16 17 18 36 37 38 39 40 41 42 43 44 45 46 47 48 49 50 51 52 53 54 55 56 57 58 59 61 62 63 64 65 66
(61,*) 0 1 2 3 4 5 6 7 8 9 10 11 12 13 14 15 16 17 18 36 37 38 39 40 41 42 43 44 45 46 47 48 49 50 51 52 53 54 55 56 57 58 59 60 62 63 64 65 66
(62,*) 0 1 2 3 4 5 6 7 8 9 10 11 12 13 14 15 16 17 18 36 37 38 39 40 41 42 43 44 45 46 47 48 49 50 51 52 53 54 55 56 57 58 59 60 61 63 64 65 66
(63,*) 0 1 2 3 4 5 6 7 8 9 10 11 12 13 14 15 16 17 18 36 37 38 39 40 41 42 43 44 45 46 47 48 49 50 51 52 53 54 55 56 57 58 59 60 61 62 64 65 66
(64,*) 0 1 2 3 4 5 6 7 8 9 10 11 12 13 14 15 16 17 18 36 37 38 39 40 41 42 43 44 45 46 47 48 49 50 51 52 53 54 55 56 57 58 59 60 61 62 63 65 66
(65,*) 0 1 2 3 4 5 6 7 8 9 10 11 12 13 14 15 16 17 18 36 37 38 39 40 41 42 43 44 45 46 47 48 49 50 51 52 53 54 55 56 57 58 59 60 61 62 63 64 66
(66,*) 0 1 2 3 4 5 6 7 8 9 10 11 12 13 14 15 16 17 18 36 37 38 39 40 41 42 43 44 45 46 47 48 49 50 51 52 53 54 55 56 57 58 59 60 61 62 63 64 65
;
set A2:=
;
param BigM:=99999;
param n:= 7;
param d:=
1	2
2	7
3	6
4	1
5	18
6	2
7	9
8	30
9	23
10	2
11	8
12	21
13	2
14	15
15	25
16	3
17	3
18	13
19	14
20	2
21	17
22	20
23	26
24	23
25	25
26	18
27	6
28	13
29	7
30	18
31	10
32	8
33	18
34	4
35	26
36	12
37	2
38	24
39	13
40	20
41	3
42	23
43	2
44	22
45	3
46	10
47	16
48	22
49	1
50	22
51	19
52	5
;
param Q:=100;
param e:
	53	54	55	56	57	58	59	60	61	62	63	64	65:=
19		0		1		0		0		0		0		0		0		0		0		0		0		0	
20		0		0		0		0		0		0		0		0		0		0		1		0		0	
21		0		0		0		0		0		0		0		0		0		0		0		0		1	
22		0		0		0		1		0		0		0		0		0		0		0		0		0	
23		1		0		0		0		0		0		0		1		0		0		0		0		0	
24		0		1		0		0		0		0		1		0		0		0		0		0		0	
25		0		0		0		0		0		0		0		0		0		0		0		0		1	
26		0		0		0		0		0		1		0		0		0		0		0		1		0	
27		1		0		0		0		1		0		0		0		0		0		0		0		0	
28		0		0		0		1		0		0		0		0		0		0		0		0		0	
29		0		1		0		0		0		0		1		0		0		0		0		0		0	
30		0		0		0		0		0		0		0		1		0		0		1		0		0	
31		0		0		0		0		0		0		0		0		0		1		0		0		0	
32		0		0		1		0		0		1		0		0		0		0		0		0		0	
33		0		0		0		0		0		0		0		0		1		0		0		0		0	
34		0		0		0		0		0		0		1		0		0		1		0		0		0	
35		0		0		1		0		0		0		0		0		1		0		0		1		0	
36		0		0		0		0		0		1		0		0		1		0		0		1		0	
37		0		0		0		0		0		0		1		0		0		1		0		0		0	
38		1		0		0		0		1		0		0		0		0		0		0		0		0	
39		0		0		0		0		0		1		0		0		0		1		0		0		0	
40		0		0		0		0		0		0		0		0		0		0		0		0		1	
41		0		0		1		0		0		0		0		0		0		0		0		0		0	
42		0		0		0		0		0		0		1		0		0		1		0		0		0	
43		0		0		1		0		0		0		0		0		1		0		0		1		0	
44		0		1		0		0		0		0		1		0		0		0		0		0		1	
45		0		0		0		0		0		0		0		1		0		0		1		0		0	
46		0		0		0		1		0		0		0		1		0		0		1		0		0	
47		0		1		0		0		0		0		1		0		0		0		0		0		1	
48		1		0		0		0		0		0		0		1		0		0		1		0		0	
49		0		0		0		0		0		0		1		0		0		0		0		0		0	
50		0		0		0		0		0		0		1		0		0		1		0		0		0	
51		0		0		1		0		0		1		0		0		0		0		0		1		0	
52		0		0		0		0		0		0		0		1		0		0		1		0		0	
;
param p:=
1	1
2	1
3	1
4	1
5	1
6	1
7	1
;
param G:=
53	94
54	93
55	98
56	78
57	88
58	82
59	85
60	72
61	96
62	82
63	88
64	89
65	85
;
param s:=
0	0
1	10
2	10
3	10
4	10
5	10
6	10
7	10
8	10
9	10
10	10
11	10
12	10
13	10
14	10
15	10
16	10
17	10
18	10
36	10
37	10
38	10
39	10
40	10
41	10
42	10
43	10
44	10
45	10
46	10
47	10
48	10
49	10
50	10
51	10
52	10
53	10
54	10
55	10
56	10
57	10
58	10
59	10
60	10
61	10
62	10
63	10
64	10
65	10
;
param t:
	0	1	2	3	4	5	6	7	8	9	10	11	12	13	14	15	16	17	18	19	20	21	22	23	24	25	26	27	28	29	30	31	32	33	34	35	36	37	38	39	40	41	42	43	44	45	46	47	48	49	50	51	52	53	54	55	56	57	58	59	60	61	62	63	64	65	66:=
0	0.0	11.4	35.11	82.49	23.77	63.98	58.86	40.01	25.24	37.01	65.12	52.35	76.49	44.18	55.23	33.53	64.28	74.04	62.29	27.66	22.2	31.14	33.38	33.11	57.31	61.98	73.55	47.2	24.19	57.31	30.53	27.78	82.04	54.34	47.54	72.95	57.57	40.22	63.32	46.01	49.65	96.54	42.72	90.0	48.05	31.3	18.03	55.33	42.8	22.47	29.07	69.03	21.54	48.02	48.01	85.8	25.08	58.6	68.59	38.33	29.07	77.47	41.44	32.98	74.89	49.65	0.0
1	11.4	0.0	30.02	71.56	26.25	55.76	48.76	29.07	36.24	31.62	53.76	44.82	65.3	33.73	44.41	24.7	53.76	62.64	61.4	35.34	12.21	37.74	36.5	25.5	54.23	62.03	64.03	41.11	28.16	54.23	24.21	17.03	72.25	42.95	43.01	62.2	46.17	32.31	54.59	36.89	53.26	86.31	37.22	79.51	48.75	20.25	18.03	54.71	37.01	28.02	23.09	58.73	14.21	41.04	46.1	75.29	30.87	50.48	59.03	35.51	21.93	66.21	36.12	23.71	64.2	51.62	11.4
2	35.11	30.02	0.0	59.68	20.59	75.6	62.97	42.52	57.43	58.52	56.08	67.23	57.0	48.92	35.23	47.42	65.0	60.21	34.13	36.25	20.88	34.48	66.37	50.33	24.74	36.24	43.83	66.31	57.71	24.74	50.96	22.47	52.77	46.07	13.0	49.5	45.88	11.0	73.11	19.03	36.69	68.45	7.62	63.57	26.08	24.84	48.04	28.43	62.97	27.78	7.07	43.17	41.77	64.85	18.6	59.77	59.67	71.03	39.4	8.6	48.08	59.03	6.32	45.62	50.8	31.3	35.11
3	82.49	71.56	59.68	0.0	79.31	70.21	53.6	51.4	107.7	77.39	30.81	71.51	9.22	53.34	27.29	65.0	48.51	21.0	79.56	95.08	60.42	93.94	99.9	69.4	66.71	84.17	22.83	77.39	94.76	66.71	73.41	54.71	19.21	34.99	59.14	10.2	29.68	48.84	66.1	40.79	94.02	20.22	56.04	12.04	81.15	51.31	83.49	78.09	77.41	86.13	60.17	17.03	71.42	73.41	70.26	9.22	99.09	69.38	24.04	66.12	71.06	11.0	57.08	63.41	9.0	87.14	82.49
4	23.77	26.25	20.59	79.31	0.0	81.22	72.01	50.99	39.92	57.8	70.86	70.77	75.66	56.82	53.34	50.33	75.77	77.03	39.0	15.81	26.0	15.0	57.07	51.62	36.06	38.33	64.41	67.36	47.85	36.06	50.45	31.32	73.36	60.02	29.21	69.12	61.29	30.68	79.63	38.6	27.02	89.0	27.02	83.93	24.33	35.17	41.23	32.0	63.25	7.21	19.24	63.25	40.46	67.18	25.96	80.06	48.17	76.06	59.93	18.6	48.17	77.41	25.61	49.04	70.6	26.0	23.77
5	63.98	55.76	75.6	70.21	81.22	0.0	17.0	33.29	80.06	29.27	39.46	12.17	61.0	26.93	57.07	31.06	21.84	49.73	109.62	90.92	56.57	93.49	53.34	30.87	98.79	111.83	80.31	20.02	55.08	98.79	33.84	53.26	84.01	39.32	86.28	67.07	44.1	69.46	4.12	66.71	107.71	90.43	79.61	82.2	100.5	50.8	49.48	104.02	24.02	83.76	69.53	70.11	42.49	17.12	94.2	78.77	60.03	5.39	76.66	83.87	34.93	59.44	79.32	32.2	69.12	104.65	63.98
6	58.86	48.76	62.97	53.6	72.01	17.0	0.0	21.1	79.1	31.78	22.8	19.21	44.38	15.23	40.52	26.0	7.21	33.62	96.33	83.82	46.14	85.62	57.78	28.28	84.81	99.01	63.39	26.91	56.75	84.81	32.56	41.62	67.01	22.56	72.47	50.09	27.17	55.44	13.04	51.62	97.35	73.76	65.95	65.51	88.73	38.42	48.26	91.22	28.84	75.77	57.63	53.15	38.05	22.67	81.32	61.98	61.85	15.81	59.84	71.51	32.14	43.01	65.86	26.08	52.15	93.41	58.86
7	40.01	29.07	42.52	51.4	50.99	33.29	21.1	0.0	62.82	26.4	26.4	26.68	43.19	6.4	28.86	13.6	25.0	36.89	76.4	63.32	25.06	64.85	48.8	18.03	65.51	78.75	53.15	29.07	44.65	65.51	22.02	20.62	59.14	17.03	53.0	44.29	21.93	36.24	30.61	34.21	76.28	69.84	46.32	61.91	67.94	17.69	34.0	70.94	27.66	55.03	36.8	44.27	21.93	26.02	61.07	57.8	49.4	29.07	48.66	50.93	19.8	43.14	46.04	12.04	46.53	72.47	40.01
8	25.24	36.24	57.43	107.7	39.92	80.06	79.1	62.82	0.0	50.8	88.89	67.9	101.53	65.76	80.45	53.15	85.38	98.43	77.47	32.0	47.43	37.0	32.2	51.0	75.96	75.66	98.35	60.64	26.0	75.96	47.04	53.0	106.96	78.43	68.48	98.18	82.08	64.38	80.5	70.77	58.03	121.66	64.9	115.21	61.98	56.44	31.02	70.61	56.29	34.21	52.5	94.2	41.44	62.97	65.79	111.02	21.95	74.81	93.43	58.14	47.01	102.42	63.51	53.34	100.12	61.2	25.24
9	37.01	31.62	58.52	77.39	57.8	29.27	31.78	26.4	50.8	0.0	49.5	17.12	68.82	24.21	55.03	13.34	38.91	60.83	91.92	64.66	37.64	67.94	26.0	9.06	83.24	93.04	79.12	10.3	26.02	83.24	7.62	37.34	85.44	42.44	71.06	70.66	47.71	56.32	30.0	57.04	84.81	96.18	64.54	88.19	80.13	37.01	20.62	85.49	5.83	58.69	51.55	70.58	17.49	12.17	76.32	84.12	31.06	24.08	74.46	65.55	10.44	68.41	63.79	15.3	72.9	83.22	37.01
10	65.12	53.76	56.08	30.81	70.86	39.46	22.8	26.4	88.89	49.5	0.0	41.15	21.59	25.61	24.04	38.83	18.0	11.4	86.02	85.21	46.01	85.71	74.2	42.8	73.41	89.59	43.01	47.71	70.83	73.41	47.2	40.05	45.28	11.0	62.13	28.16	10.3	46.07	35.36	39.66	92.7	50.99	56.44	42.76	81.86	36.06	60.37	82.15	48.41	76.32	52.89	32.57	48.33	43.57	72.56	39.32	75.66	38.6	40.31	64.47	45.49	20.25	56.82	37.74	30.07	87.32	65.12
11	52.35	44.82	67.23	71.51	70.77	12.17	19.21	26.68	67.9	17.12	41.15	0.0	62.39	21.1	54.01	20.52	26.17	52.35	101.36	79.61	47.2	82.42	41.77	19.42	91.24	103.17	78.16	8.54	43.01	91.24	21.93	44.78	83.02	37.66	78.72	66.71	42.95	62.39	13.15	60.88	97.58	91.39	72.01	83.17	91.21	42.95	37.36	95.41	12.04	72.8	60.75	68.47	31.06	5.0	85.76	79.4	48.0	7.0	74.03	75.17	23.32	61.33	71.55	22.02	68.88	95.02	52.35
12	76.49	65.3	57.0	9.22	75.66	61.0	44.38	43.19	101.53	68.82	21.59	62.39	0.0	44.65	22.36	56.73	39.32	12.17	80.41	91.24	54.78	90.55	91.93	61.07	67.42	84.76	26.91	68.43	87.21	67.42	65.19	48.85	26.0	26.4	58.46	10.63	21.26	46.0	56.89	38.01	92.66	29.43	54.45	21.21	80.23	45.19	76.06	78.16	68.6	82.2	56.44	18.03	63.89	64.4	69.63	18.0	91.68	60.17	26.4	64.2	62.97	2.83	55.33	55.23	11.4	86.15	76.49
13	44.18	33.73	48.92	53.34	56.82	26.93	15.23	6.4	65.76	24.21	25.61	21.1	44.65	0.0	33.14	13.42	20.1	36.8	82.8	68.62	31.06	70.38	48.6	17.2	71.87	85.15	57.43	24.74	45.62	71.87	21.63	26.91	62.82	18.36	59.36	47.17	23.71	42.54	24.21	40.16	82.42	72.5	52.7	64.4	74.28	24.08	35.74	77.34	24.17	60.54	43.14	48.05	24.33	21.21	67.48	60.42	50.57	22.85	53.15	57.31	20.12	44.2	52.43	12.65	49.4	78.75	44.18
14	55.23	44.41	35.23	27.29	53.34	57.07	40.52	28.86	80.45	55.03	24.04	54.01	22.36	33.14	0.0	41.79	38.91	25.3	62.43	68.88	33.12	68.26	74.89	46.24	49.65	66.24	24.33	57.71	68.88	49.65	49.66	27.46	30.46	18.03	38.91	17.8	14.42	24.33	53.37	16.76	71.59	42.64	33.84	35.36	59.77	24.21	57.49	59.03	56.52	59.84	34.13	15.65	45.8	54.33	49.77	31.11	72.92	54.33	20.02	42.95	46.96	24.08	34.48	39.92	19.85	65.52	55.23
15	33.53	24.7	47.42	65.0	50.33	31.06	26.0	13.6	53.15	13.34	38.83	20.52	56.73	13.42	41.79	0.0	32.25	49.82	81.41	59.94	26.93	62.43	35.47	4.47	71.87	83.01	65.8	18.97	32.2	71.87	8.49	25.3	72.24	30.41	59.46	57.8	35.47	43.93	29.97	44.01	77.08	83.35	52.81	75.47	70.8	24.33	22.56	75.29	16.12	52.7	40.71	57.38	12.17	17.49	65.76	71.34	37.16	25.81	61.13	55.07	6.71	56.59	52.2	2.0	60.03	74.52	33.53
16	64.28	53.76	65.0	48.51	75.77	21.84	7.21	25.0	85.38	38.91	18.0	26.17	39.32	20.1	38.91	32.25	0.0	27.89	97.59	88.32	49.77	89.81	64.88	34.93	85.63	100.57	60.42	34.06	63.6	85.63	39.29	44.72	63.2	21.1	73.54	46.1	24.7	56.59	17.72	51.86	100.34	68.73	67.21	60.53	91.02	41.18	54.74	92.85	36.06	80.01	60.21	50.01	44.05	29.83	82.98	57.22	68.68	21.95	57.28	73.6	38.64	37.66	67.27	32.06	48.04	95.96	64.28
17	74.04	62.64	60.21	21.0	77.03	49.73	33.62	36.89	98.43	60.83	11.4	52.35	12.17	36.8	25.3	49.82	27.89	0.0	87.24	92.05	53.6	92.02	85.28	53.91	74.3	91.24	37.74	59.08	81.54	74.3	58.26	47.52	37.95	20.12	64.08	21.47	16.49	49.48	45.61	42.06	96.77	41.11	59.14	33.02	85.07	43.57	70.83	84.17	59.82	83.02	58.22	27.8	58.67	54.92	75.03	30.07	86.28	49.4	36.24	68.15	56.4	10.0	59.77	48.6	22.85	90.8	74.04
18	62.29	61.4	34.13	79.56	39.0	109.62	96.33	76.4	77.47	91.92	86.02	101.36	80.41	82.8	62.43	81.41	97.59	87.24	0.0	46.49	54.56	41.79	95.63	84.1	13.0	5.1	57.71	100.18	86.47	13.0	84.31	56.6	65.19	77.34	24.08	70.52	75.8	41.01	107.0	46.4	24.76	80.0	30.41	78.41	15.52	58.82	78.64	7.0	96.66	43.42	40.71	62.94	74.67	98.88	15.65	75.8	87.09	105.12	55.54	26.4	81.54	83.01	30.48	79.65	70.88	18.03	62.29
19	27.66	35.34	36.25	95.08	15.81	90.92	83.82	63.32	32.0	64.66	85.21	79.61	91.24	68.62	68.88	59.94	88.32	92.05	46.49	0.0	39.32	5.0	57.25	60.21	47.43	44.15	80.06	74.81	48.37	47.43	58.01	45.18	89.0	74.24	43.28	84.9	76.01	46.49	89.89	54.41	26.08	104.69	42.19	99.72	31.02	49.16	45.28	39.92	70.43	9.06	34.93	79.06	48.55	75.45	37.2	95.86	47.01	85.59	75.64	32.8	56.3	92.91	40.82	59.03	86.4	29.43	27.66
20	22.2	12.21	20.88	60.42	26.0	56.57	46.14	25.06	47.43	37.64	46.01	47.2	54.78	31.06	33.12	26.93	49.77	53.6	54.56	39.32	0.0	40.26	47.8	29.55	45.61	56.08	51.86	45.62	39.92	45.61	30.08	6.08	60.14	35.01	33.54	50.77	37.22	20.62	54.56	24.7	51.4	74.41	27.17	67.8	44.05	10.05	29.12	48.37	42.15	30.59	13.93	46.86	21.1	44.42	38.91	63.6	42.94	51.66	46.86	28.18	27.2	55.97	26.31	25.24	52.7	48.08	22.2
21	31.14	37.74	34.48	93.94	15.0	93.49	85.62	64.85	37.0	67.94	85.71	82.42	90.55	70.38	68.26	62.43	89.81	92.02	41.79	5.0	40.26	0.0	61.74	63.01	43.42	39.29	78.0	77.99	52.77	43.42	61.07	45.89	86.93	74.81	40.22	83.74	76.24	45.12	92.28	53.15	21.1	102.69	39.81	98.03	26.4	49.82	49.04	35.34	73.66	9.85	34.13	77.62	51.4	78.41	33.3	94.25	51.62	88.2	73.74	30.02	59.2	92.35	38.48	61.4	85.15	24.52	31.14
22	33.38	36.5	66.37	99.9	57.07	53.34	57.78	48.8	32.2	26.0	74.2	41.77	91.93	48.6	74.89	35.47	64.88	85.28	95.63	57.25	47.8	61.74	0.0	31.4	90.01	95.35	97.53	33.38	9.22	90.01	27.02	50.7	104.96	65.8	79.31	92.01	70.71	68.41	54.92	71.87	81.93	117.41	73.68	109.81	81.39	52.33	18.68	88.68	29.83	54.71	59.54	90.43	29.15	36.88	81.1	105.6	10.63	48.66	92.59	71.0	29.0	91.93	72.56	36.8	94.2	82.71	33.38
23	33.11	25.5	50.33	69.4	51.62	30.87	28.28	18.03	51.0	9.06	42.8	19.42	61.07	17.2	46.24	4.47	34.93	53.91	84.1	60.21	29.55	63.01	31.4	0.0	74.95	85.48	70.21	16.12	28.79	74.95	4.47	28.64	76.69	34.71	62.64	62.27	39.82	47.52	30.36	48.01	78.57	87.82	56.04	79.92	72.95	28.07	20.02	77.83	12.65	53.41	43.46	61.85	11.66	15.56	68.45	75.8	33.84	25.5	65.52	57.7	4.12	60.88	55.36	6.32	64.5	76.4	33.11
24	57.31	54.23	24.74	66.71	36.06	98.79	84.81	65.51	75.96	83.24	73.41	91.24	67.42	71.87	49.65	71.87	85.63	74.3	13.0	47.43	45.61	43.42	90.01	74.95	0.0	17.46	45.18	90.82	81.06	0.0	75.69	46.62	53.0	65.07	12.53	57.57	63.25	29.41	95.96	33.97	31.78	68.18	19.24	66.07	18.87	48.3	72.11	12.17	87.6	42.05	31.78	50.0	66.49	89.16	10.3	63.29	82.39	94.51	42.76	19.03	72.8	70.01	19.7	70.01	57.97	24.17	57.31
25	61.98	62.03	36.24	84.17	38.33	111.83	99.01	78.75	75.66	93.04	89.59	103.17	84.76	85.15	66.24	83.01	100.57	91.24	5.1	44.15	56.08	39.29	95.35	85.48	17.46	0.0	62.51	101.6	86.15	17.46	85.43	58.6	70.11	80.6	27.46	75.0	79.32	44.05	109.34	49.93	20.81	85.01	33.42	83.29	14.04	61.07	78.85	7.81	97.95	42.01	42.44	67.45	75.64	100.5	17.69	80.62	86.47	107.2	60.21	28.02	82.73	87.32	33.3	81.3	75.43	14.87	61.98
26	73.55	64.03	43.83	22.83	64.41	80.31	63.39	53.15	98.35	79.12	43.01	78.16	26.91	57.43	24.33	65.8	60.42	37.74	57.71	80.06	51.86	78.0	97.53	70.21	45.18	62.51	0.0	82.04	90.74	45.18	73.39	47.43	8.94	41.05	39.62	16.4	36.22	34.41	76.42	27.59	74.55	24.7	38.28	21.02	61.29	45.28	79.4	57.04	80.81	71.59	46.62	10.44	68.43	78.64	50.25	18.11	94.3	78.03	5.0	48.38	70.58	29.73	39.56	63.89	15.56	67.27	73.55
27	47.2	41.11	66.31	77.39	67.36	20.02	26.91	29.07	60.64	10.3	47.71	8.54	68.43	24.74	57.71	18.97	34.06	59.08	100.18	74.81	45.62	77.99	33.38	16.12	90.82	101.6	82.04	0.0	35.23	90.82	16.97	44.27	87.56	42.72	78.43	71.78	48.1	62.82	21.59	62.39	94.37	96.93	71.78	88.77	89.04	43.17	30.87	93.94	4.47	68.62	59.51	72.78	26.91	4.24	84.53	84.86	40.11	15.3	77.65	73.79	19.21	67.6	71.17	20.88	74.0	92.42	47.2
28	24.19	28.16	57.71	94.76	47.85	55.08	56.75	44.65	26.0	26.02	70.83	43.01	87.21	45.62	68.88	32.2	63.6	81.54	86.47	48.37	39.92	52.77	9.22	28.79	81.06	86.15	90.74	35.23	0.0	81.06	24.35	43.42	98.47	61.61	70.58	86.37	66.22	60.41	56.01	64.4	72.8	111.52	65.12	104.14	72.18	45.49	11.4	79.51	31.06	45.54	50.99	84.2	23.35	38.01	72.03	99.9	5.1	50.01	85.76	62.03	25.5	87.46	63.95	33.12	88.53	73.5	24.19
29	57.31	54.23	24.74	66.71	36.06	98.79	84.81	65.51	75.96	83.24	73.41	91.24	67.42	71.87	49.65	71.87	85.63	74.3	13.0	47.43	45.61	43.42	90.01	74.95	0.0	17.46	45.18	90.82	81.06	0.0	75.69	46.62	53.0	65.07	12.53	57.57	63.25	29.41	95.96	33.97	31.78	68.18	19.24	66.07	18.87	48.3	72.11	12.17	87.6	42.05	31.78	50.0	66.49	89.16	10.3	63.29	82.39	94.51	42.76	19.03	72.8	70.01	19.7	70.01	57.97	24.17	57.31
30	30.53	24.21	50.96	73.41	50.45	33.84	32.56	22.02	47.04	7.62	47.2	21.93	65.19	21.63	49.66	8.49	39.29	58.26	84.31	58.01	30.08	61.07	27.02	4.47	75.69	85.43	73.39	16.97	24.35	75.69	0.0	30.07	80.11	38.9	63.56	66.04	43.93	49.09	33.73	50.25	77.47	91.59	57.07	83.76	72.56	30.07	16.03	77.88	12.81	51.66	43.97	65.31	10.0	17.49	68.71	79.61	29.41	28.46	68.62	57.94	3.0	65.07	56.29	10.0	68.26	75.72	30.53
31	27.78	17.03	22.47	54.71	31.32	53.26	41.62	20.62	53.0	37.34	40.05	44.78	48.85	26.91	27.46	25.3	44.72	47.52	56.6	45.18	6.08	45.89	50.7	28.64	46.62	58.6	47.43	44.27	43.42	46.62	30.07	0.0	55.44	29.07	34.18	45.22	31.14	19.03	50.93	21.19	55.76	69.31	27.51	62.48	47.38	4.0	32.2	50.8	41.23	36.35	16.28	41.73	22.36	42.54	41.05	58.26	46.87	48.6	42.44	30.61	27.07	49.98	26.93	23.41	47.2	51.86	27.78
32	82.04	72.25	52.77	19.21	73.36	84.01	67.01	59.14	106.96	85.44	45.28	83.02	26.0	62.82	30.46	72.24	63.2	37.95	65.19	89.0	60.14	86.93	104.96	76.69	53.0	70.11	8.94	87.56	98.47	53.0	80.11	55.44	0.0	45.4	48.27	17.12	40.2	43.27	80.0	36.24	83.02	15.81	47.17	13.34	69.72	53.01	87.09	65.03	86.68	80.53	55.47	14.87	75.8	83.95	58.69	11.66	102.2	82.22	13.6	57.25	77.39	28.64	48.47	70.38	15.3	75.66	82.04
33	54.34	42.95	46.07	34.99	60.02	39.32	22.56	17.03	78.43	42.44	11.0	37.66	26.4	18.36	18.03	30.41	21.1	20.12	77.34	74.24	35.01	74.81	65.8	34.71	65.07	80.6	41.05	42.72	61.61	65.07	38.9	29.07	45.4	0.0	53.26	29.12	5.39	36.62	35.51	31.11	82.46	54.23	47.2	46.1	72.07	25.08	50.77	73.01	42.49	65.38	42.38	31.02	38.59	38.9	63.25	42.15	66.29	37.0	37.34	54.59	36.8	26.17	47.43	29.0	31.32	77.37	54.34
34	47.54	43.01	13.0	59.14	29.21	86.28	72.47	53.0	68.48	71.06	62.13	78.72	58.46	59.36	38.91	59.46	73.54	64.08	24.08	43.28	33.54	40.22	79.31	62.64	12.53	27.46	39.62	78.43	70.58	12.53	63.56	34.18	48.27	53.26	0.0	49.37	51.87	17.03	83.49	22.47	35.06	64.03	6.71	60.53	22.02	35.78	61.03	20.12	75.29	36.12	20.02	42.11	54.59	76.69	11.18	57.22	72.37	81.99	36.12	10.63	60.64	60.88	7.28	57.58	50.16	28.02	47.54
35	72.95	62.2	49.5	10.2	69.12	67.07	50.09	44.29	98.18	70.66	28.16	66.71	10.63	47.17	17.8	57.8	46.1	21.47	70.52	84.9	50.77	83.74	92.01	62.27	57.57	75.0	16.4	71.78	86.37	57.57	66.04	45.22	17.12	29.12	49.37	0.0	23.77	38.64	63.03	30.59	84.1	25.55	46.0	17.8	71.34	42.01	75.01	68.66	71.31	75.96	50.0	7.62	63.13	68.01	60.53	13.6	90.52	65.49	15.81	56.04	63.51	13.45	47.01	56.08	2.24	77.32	72.95
36	57.57	46.17	45.88	29.68	61.29	44.1	27.17	21.93	82.08	47.71	10.3	42.95	21.26	23.71	14.42	35.47	24.7	16.49	75.8	76.01	37.22	76.24	70.71	39.82	63.25	79.32	36.22	48.1	66.22	63.25	43.93	31.14	40.2	5.39	51.87	23.77	0.0	35.78	40.2	29.41	82.54	48.85	46.14	40.72	71.59	27.17	55.22	71.87	47.85	67.03	42.95	26.02	43.01	44.27	62.27	36.77	70.8	42.05	32.76	54.23	41.73	21.26	46.53	33.97	25.96	77.08	57.57
37	40.22	32.31	11.0	48.84	30.68	69.46	55.44	36.24	64.38	56.32	46.07	62.39	46.0	42.54	24.33	43.93	56.59	49.48	41.01	46.49	20.62	45.12	68.41	47.52	29.41	44.05	34.41	62.82	60.41	29.41	49.09	19.03	43.27	36.62	17.03	38.64	35.78	0.0	66.57	8.06	47.3	58.67	10.63	53.31	35.85	19.65	49.73	36.4	60.02	37.7	12.21	32.57	41.11	60.73	26.63	49.4	63.16	65.3	29.68	18.68	46.1	48.04	10.82	41.98	40.02	41.44	40.22
38	63.32	54.59	73.11	66.1	79.63	4.12	13.04	30.61	80.5	30.0	35.36	13.15	56.89	24.21	53.37	29.97	17.72	45.61	107.0	89.89	54.56	92.28	54.92	30.36	95.96	109.34	76.42	21.59	56.01	95.96	33.73	50.93	80.0	35.51	83.49	63.03	40.2	66.57	0.0	63.51	105.89	86.31	76.84	78.09	98.29	48.27	49.65	101.53	25.18	82.49	67.21	66.19	41.79	18.11	91.68	74.67	61.03	6.32	72.84	81.47	34.48	55.32	76.61	30.89	65.07	102.59	63.32
39	46.01	36.89	19.03	40.79	38.6	66.71	51.62	34.21	70.77	57.04	39.66	60.88	38.01	40.16	16.76	44.01	51.86	42.06	46.4	54.41	24.7	53.15	71.87	48.01	33.97	49.93	27.59	62.39	64.4	33.97	50.25	21.19	36.24	31.11	22.47	30.59	29.41	8.06	63.51	0.0	54.92	51.31	17.09	45.62	43.01	20.22	53.31	42.54	60.07	45.54	19.7	24.7	43.42	59.84	33.11	41.63	67.6	62.97	22.67	26.31	47.27	40.11	17.72	42.01	32.02	48.76	46.01
40	49.65	53.26	36.69	94.02	27.02	107.71	97.35	76.28	58.03	84.81	92.7	97.58	92.66	82.42	71.59	77.08	100.34	96.77	24.76	26.08	51.4	21.1	81.93	78.57	31.78	20.81	74.55	94.37	72.8	31.78	77.47	55.76	83.02	82.46	35.06	84.1	82.54	47.3	105.89	54.92	0.0	98.66	38.21	95.52	13.34	59.17	67.6	20.25	90.27	27.31	40.25	77.01	67.48	94.11	24.33	92.27	72.12	102.65	71.18	28.64	75.17	94.89	37.34	75.69	85.02	7.62	49.65
41	96.54	86.31	68.45	20.22	89.0	90.43	73.76	69.84	121.66	96.18	50.99	91.39	29.43	72.5	42.64	83.35	68.73	41.11	80.0	104.69	74.41	102.69	117.41	87.82	68.18	85.01	24.7	96.93	111.52	68.18	91.59	69.31	15.81	54.23	64.03	25.55	48.85	58.67	86.31	51.31	98.66	0.0	62.97	8.25	85.33	66.48	100.12	80.31	96.66	96.15	70.83	27.59	88.41	93.05	74.33	12.08	115.52	89.5	29.07	73.05	89.04	31.14	64.26	81.63	23.32	91.24	96.54
42	42.72	37.22	7.62	56.04	27.02	79.61	65.95	46.32	64.9	64.54	56.44	72.01	54.45	52.7	33.84	52.81	67.21	59.14	30.41	42.19	27.17	39.81	73.68	56.04	19.24	33.42	38.28	71.78	65.12	19.24	57.07	27.51	47.17	47.2	6.71	46.0	46.14	10.63	76.84	17.09	38.21	62.97	0.0	58.69	25.96	29.07	55.23	25.81	68.68	34.21	14.14	39.12	48.26	70.01	16.12	55.11	67.19	75.29	34.21	10.2	54.13	56.72	1.41	50.92	47.04	31.78	42.72
43	90.0	79.51	63.57	12.04	83.93	82.2	65.51	61.91	115.21	88.19	42.76	83.17	21.21	64.4	35.36	75.47	60.53	33.02	78.41	99.72	67.8	98.03	109.81	79.92	66.07	83.29	21.02	88.77	104.14	66.07	83.76	62.48	13.34	46.1	60.53	17.8	40.72	53.31	78.09	45.62	95.52	8.25	58.69	0.0	82.3	59.46	92.76	78.01	88.57	91.0	65.31	21.1	80.92	84.86	71.25	4.24	108.25	81.25	24.52	68.88	81.27	23.02	59.91	73.78	15.62	88.28	90.0
44	48.05	48.75	26.08	81.15	24.33	100.5	88.73	67.94	61.98	80.13	81.86	91.21	80.23	74.28	59.77	70.8	91.02	85.07	15.52	31.02	44.05	26.4	81.39	72.95	18.87	14.04	61.29	89.04	72.18	18.87	72.56	47.38	69.72	72.07	22.02	71.34	71.59	35.85	98.29	43.01	13.34	85.33	25.96	82.3	0.0	50.33	65.15	8.94	85.23	28.07	31.14	64.12	62.65	88.23	11.05	79.1	72.44	95.67	58.03	17.49	69.97	82.57	25.3	69.2	72.17	6.0	48.05
45	31.3	20.25	24.84	51.31	35.17	50.8	38.42	17.69	56.44	37.01	36.06	42.95	45.19	24.08	24.21	24.33	41.18	43.57	58.82	49.16	10.05	49.82	52.33	28.07	48.3	61.07	45.28	43.17	45.49	48.3	30.07	4.0	53.01	25.08	35.78	42.01	27.17	19.65	48.27	20.22	59.17	66.48	29.07	59.46	50.33	0.0	34.13	53.26	40.45	40.31	19.21	38.95	23.41	41.11	43.42	55.23	49.2	46.32	40.31	33.24	27.07	46.24	28.65	22.36	44.05	55.0	31.3
46	18.03	18.03	48.04	83.49	41.23	49.48	48.26	34.0	31.02	20.62	60.37	37.36	76.06	35.74	57.49	22.56	54.74	70.83	78.64	45.28	29.12	49.04	18.68	20.02	72.11	78.85	79.4	30.87	11.4	72.11	16.03	32.2	87.09	50.77	61.03	75.01	55.22	49.73	49.65	53.31	67.6	100.12	55.23	92.76	65.15	34.13	0.0	71.81	26.4	40.5	41.11	72.8	12.21	32.57	63.64	88.53	15.62	44.15	74.43	53.24	16.12	76.4	54.15	23.09	77.16	67.23	18.03
47	55.33	54.71	28.43	78.09	32.0	104.02	91.22	70.94	70.61	85.49	82.15	95.41	78.16	77.34	59.03	75.29	92.85	84.17	7.0	39.92	48.37	35.34	88.68	77.83	12.17	7.81	57.04	93.94	79.51	12.17	77.88	50.8	65.03	73.01	20.12	68.66	71.87	36.4	101.53	42.54	20.25	80.31	25.81	78.01	8.94	53.26	71.81	0.0	90.34	36.5	34.67	61.19	68.15	92.78	9.9	75.11	80.1	99.4	54.33	20.25	75.15	80.65	25.61	73.57	69.23	12.81	55.33
48	42.8	37.01	62.97	77.41	63.25	24.02	28.84	27.66	56.29	5.83	48.41	12.04	68.6	24.17	56.52	16.12	36.06	59.82	96.66	70.43	42.15	73.66	29.83	12.65	87.6	97.95	80.81	4.47	31.06	87.6	12.81	41.23	86.68	42.49	75.29	71.31	47.85	60.02	25.18	60.07	90.27	96.66	68.68	88.57	85.23	40.45	26.4	90.34	0.0	64.35	56.08	71.84	22.8	7.07	81.02	84.58	36.01	19.03	76.3	70.26	15.26	67.96	68.01	18.11	73.54	88.48	42.8
49	22.47	28.02	27.78	86.13	7.21	83.76	75.77	55.03	34.21	58.69	76.32	72.8	82.2	60.54	59.84	52.7	80.01	83.02	43.42	9.06	30.59	9.85	54.71	53.41	42.05	42.01	71.59	68.62	45.54	42.05	51.66	36.35	80.53	65.38	36.12	75.96	67.03	37.7	82.49	45.54	27.31	96.15	34.21	91.0	28.07	40.31	40.5	36.5	64.35	0.0	25.96	70.23	41.87	68.88	31.78	87.09	45.12	78.49	67.08	25.5	49.68	83.86	32.8	51.62	77.49	28.28	22.47
50	29.07	23.09	7.07	60.17	19.24	69.53	57.63	36.8	52.5	51.55	52.89	60.75	56.44	43.14	34.13	40.71	60.21	58.22	40.71	34.93	13.93	34.13	59.54	43.46	31.78	42.44	46.62	59.51	50.99	31.78	43.97	16.28	55.47	42.38	20.02	50.0	42.95	12.21	67.21	19.7	40.25	70.83	14.14	65.31	31.14	19.21	41.11	34.67	56.08	25.96	0.0	44.38	34.71	58.18	25.06	61.33	53.16	64.82	41.88	14.42	41.11	58.22	13.04	38.95	51.55	35.81	29.07
51	69.03	58.73	43.17	17.03	63.25	70.11	53.15	44.27	94.2	70.58	32.57	68.47	18.03	48.05	15.65	57.38	50.01	27.8	62.94	79.06	46.86	77.62	90.43	61.85	50.0	67.45	10.44	72.78	84.2	50.0	65.31	41.73	14.87	31.02	42.11	7.62	26.02	32.57	66.19	24.7	77.01	27.59	39.12	21.1	64.12	38.95	72.8	61.19	71.84	70.23	44.38	0.0	61.29	69.23	53.24	17.0	88.09	68.01	8.49	49.25	62.61	20.81	40.2	55.54	8.06	70.11	69.03
52	21.54	14.21	41.77	71.42	40.46	42.49	38.05	21.93	41.44	17.49	48.33	31.06	63.89	24.33	45.8	12.17	44.05	58.67	74.67	48.55	21.1	51.4	29.15	11.66	66.49	75.64	68.43	26.91	23.35	66.49	10.0	22.36	75.8	38.59	54.59	63.13	43.01	41.11	41.79	43.42	67.48	88.41	48.26	80.92	62.65	23.41	12.21	68.15	22.8	41.87	34.71	61.29	0.0	27.02	59.14	76.69	27.8	37.12	63.51	48.38	7.81	64.2	47.38	12.0	65.3	65.73	21.54
53	48.02	41.04	64.85	73.41	67.18	17.12	22.67	26.02	62.97	12.17	43.57	5.0	64.4	21.21	54.33	17.49	29.83	54.92	98.88	75.45	44.42	78.41	36.88	15.56	89.16	100.5	78.64	4.24	38.01	89.16	17.49	42.54	83.95	38.9	76.69	68.01	44.27	60.73	18.11	59.84	94.11	93.05	70.01	84.86	88.23	41.11	32.57	92.78	7.07	68.88	58.18	69.23	27.02	0.0	83.24	80.99	43.0	12.0	74.33	72.56	19.21	63.53	69.46	19.24	70.21	91.83	48.02
54	48.01	46.1	18.6	70.26	25.96	94.2	81.32	61.07	65.79	76.32	72.56	85.76	69.63	67.48	49.77	65.76	82.98	75.03	15.65	37.2	38.91	33.3	81.1	68.45	10.3	17.69	50.25	84.53	72.03	10.3	68.71	41.05	58.69	63.25	11.18	60.53	62.27	26.63	91.68	33.11	24.33	74.33	16.12	71.25	11.05	43.42	63.64	9.9	81.02	31.78	25.06	53.24	59.14	83.24	0.0	68.07	73.06	89.63	47.01	10.77	65.92	72.03	15.81	64.01	61.29	17.03	48.01
55	85.8	75.29	59.77	9.22	80.06	78.77	61.98	57.8	111.02	84.12	39.32	79.4	18.0	60.42	31.11	71.34	57.22	30.07	75.8	95.86	63.6	94.25	105.6	75.8	63.29	80.62	18.11	84.86	99.9	63.29	79.61	58.26	11.66	42.15	57.22	13.6	36.77	49.4	74.67	41.63	92.27	12.08	55.11	4.24	79.1	55.23	88.53	75.11	84.58	87.09	61.33	17.0	76.69	80.99	68.07	0.0	104.0	77.67	21.1	65.31	77.1	20.1	56.29	69.64	11.4	85.09	85.8
56	25.08	30.87	59.67	99.09	48.17	60.03	61.85	49.4	21.95	31.06	75.66	48.0	91.68	50.57	72.92	37.16	68.68	86.28	87.09	47.01	42.94	51.62	10.63	33.84	82.39	86.47	94.3	40.11	5.1	82.39	29.41	46.87	102.2	66.29	72.37	90.52	70.8	63.16	61.03	67.6	72.12	115.52	67.19	108.25	72.44	49.2	15.62	80.1	36.01	45.12	53.16	88.09	27.8	43.0	73.06	104.0	0.0	55.0	89.31	63.39	30.46	92.01	65.97	38.01	92.66	73.35	25.08
57	58.6	50.48	71.03	69.38	76.06	5.39	15.81	29.07	74.81	24.08	38.6	7.0	60.17	22.85	54.33	25.81	21.95	49.4	105.12	85.59	51.66	88.2	48.66	25.5	94.51	107.2	78.03	15.3	50.01	94.51	28.46	48.6	82.22	37.0	81.99	65.49	42.05	65.3	6.32	62.97	102.65	89.5	75.29	81.25	95.67	46.32	44.15	99.4	19.03	78.49	64.82	68.01	37.12	12.0	89.63	77.67	55.0	0.0	74.17	79.2	29.55	58.82	74.95	27.02	67.6	99.72	58.6
58	68.59	59.03	39.4	24.04	59.93	76.66	59.84	48.66	93.43	74.46	40.31	74.03	26.4	53.15	20.02	61.13	57.28	36.24	55.54	75.64	46.86	73.74	92.59	65.52	42.76	60.21	5.0	77.65	85.76	42.76	68.62	42.44	13.6	37.34	36.12	15.81	32.76	29.68	72.84	22.67	71.18	29.07	34.21	24.52	58.03	40.31	74.43	54.33	76.3	67.08	41.88	8.49	63.51	74.33	47.01	21.1	89.31	74.17	0.0	44.38	65.79	29.21	35.44	59.2	15.65	64.03	68.59
59	38.33	35.51	8.6	66.12	18.6	83.87	71.51	50.93	58.14	65.55	64.47	75.17	64.2	57.31	42.95	55.07	73.6	68.15	26.4	32.8	28.18	30.02	71.0	57.7	19.03	28.02	48.38	73.79	62.03	19.03	57.94	30.61	57.25	54.59	10.63	56.04	54.23	18.68	81.47	26.31	28.64	73.05	10.2	68.88	17.49	33.24	53.24	20.25	70.26	25.5	14.42	49.25	48.38	72.56	10.77	65.31	63.39	79.2	44.38	0.0	55.15	66.37	9.06	53.34	57.14	22.85	38.33
60	29.07	21.93	48.08	71.06	48.17	34.93	32.14	19.8	47.01	10.44	45.49	23.32	62.97	20.12	46.96	6.71	38.64	56.4	81.54	56.3	27.2	59.2	29.0	4.12	72.8	82.73	70.58	19.21	25.5	72.8	3.0	27.07	77.39	36.8	60.64	63.51	41.73	46.1	34.48	47.27	75.17	89.04	54.13	81.27	69.97	27.07	16.12	75.15	15.26	49.68	41.11	62.61	7.81	19.21	65.92	77.1	30.46	29.55	65.79	55.15	0.0	62.94	53.37	7.81	65.73	73.24	29.07
61	77.47	66.21	59.03	11.0	77.41	59.44	43.01	43.14	102.42	68.41	20.25	61.33	2.83	44.2	24.08	56.59	37.66	10.0	83.01	92.91	55.97	92.35	91.93	60.88	70.01	87.32	29.73	67.6	87.46	70.01	65.07	49.98	28.64	26.17	60.88	13.45	21.26	48.04	55.32	40.11	94.89	31.14	56.72	23.02	82.57	46.24	76.4	80.65	67.96	83.86	58.22	20.81	64.2	63.53	72.03	20.1	92.01	58.82	29.21	66.37	62.94	0.0	57.56	55.15	14.21	88.46	77.47
62	41.44	36.12	6.32	57.08	25.61	79.32	65.86	46.04	63.51	63.79	56.82	71.55	55.33	52.43	34.48	52.2	67.27	59.77	30.48	40.82	26.31	38.48	72.56	55.36	19.7	33.3	39.56	71.17	63.95	19.7	56.29	26.93	48.47	47.43	7.28	47.01	46.53	10.82	76.61	17.72	37.34	64.26	1.41	59.91	25.3	28.65	54.15	25.61	68.01	32.8	13.04	40.2	47.38	69.46	15.81	56.29	65.97	74.95	35.44	9.06	53.37	57.56	0.0	50.33	48.09	31.05	41.44
63	32.98	23.71	45.62	63.41	49.04	32.2	26.08	12.04	53.34	15.3	37.74	22.02	55.23	12.65	39.92	2.0	32.06	48.6	79.65	59.03	25.24	61.4	36.8	6.32	70.01	81.3	63.89	20.88	33.12	70.01	10.0	23.41	70.38	29.0	57.58	56.08	33.97	41.98	30.89	42.01	75.69	81.63	50.92	73.78	69.2	22.36	23.09	73.57	18.11	51.62	38.95	55.54	12.0	19.24	64.01	69.64	38.01	27.02	59.2	53.34	7.81	55.15	50.33	0.0	58.31	73.0	32.98
64	74.89	64.2	50.8	9.0	70.6	69.12	52.15	46.53	100.12	72.9	30.07	68.88	11.4	49.4	19.85	60.03	48.04	22.85	70.88	86.4	52.7	85.15	94.2	64.5	57.97	75.43	15.56	74.0	88.53	57.97	68.26	47.2	15.3	31.32	50.16	2.24	25.96	40.02	65.07	32.02	85.02	23.32	47.04	15.62	72.17	44.05	77.16	69.23	73.54	77.49	51.55	8.06	65.3	70.21	61.29	11.4	92.66	67.6	15.65	57.14	65.73	14.21	48.09	58.31	0.0	78.16	74.89
65	49.65	51.62	31.3	87.14	26.0	104.65	93.41	72.47	61.2	83.22	87.32	95.02	86.15	78.75	65.52	74.52	95.96	90.8	18.03	29.43	48.08	24.52	82.71	76.4	24.17	14.87	67.27	92.42	73.5	24.17	75.72	51.86	75.66	77.37	28.02	77.32	77.08	41.44	102.59	48.76	7.62	91.24	31.78	88.28	6.0	55.0	67.23	12.81	88.48	28.28	35.81	70.11	65.73	91.83	17.03	85.09	73.35	99.72	64.03	22.85	73.24	88.46	31.05	73.0	78.16	0.0	49.65
;
