vehicles
vehicle_idx, capacity, cost_per_unit_distance
1,100,1
2,100,1
3,100,1
4,100,1
5,100,1
6,100,1
7,100,1
8,100,1
9,100,1
depot
node_idx,x,y
0,36,64
home delivery customers
node_idx,x,y,service_time,demand
1,33,58,10,2
2,42,56,10,10
3,25,79,10,4
4,47,76,10,23
5,41,50,10,22
6,41,46,10,16
7,51,78,10,20
8,58,68,10,7
9,21,51,10,15
10,9,62,10,14
11,47,44,10,22
12,13,49,10,11
13,41,39,10,13
14,9,60,10,15
15,5,51,10,17
16,10,49,10,10
17,14,79,10,21
18,66,62,10,21
self pickup customers
node_idx,x,y,service_time,demand,locker_idxs
19,90,17,10,20,57
20,10,23,10,12,56-62-61
21,49,6,10,3,60
22,95,76,10,10,63
23,84,85,10,19,63-59-55
24,46,22,10,11,56
25,19,40,10,12,62
26,74,69,10,5,63-59
27,74,92,10,12,59-55
28,69,16,10,7,60-57
29,94,47,10,3,57
30,96,91,10,7,63
31,57,2,10,6,60-56-57
32,81,6,10,13,60
33,97,90,10,21,63
34,41,30,10,11,61-56-60
35,89,44,10,66,57
36,97,11,10,24,57-60
flexible customers
node_idx,x,y,service_time,demand,locker_idxs
37,16,46,10,25,62-61
38,57,7,10,18,60
39,21,14,10,36,56
40,15,40,10,24,62-56-61
41,60,89,10,22,55-64
42,88,21,10,25,57-60-61
43,11,54,10,19,62-61
44,14,42,10,7,62-56
45,30,93,10,11,58-64-55
46,65,96,10,17,55
47,75,66,10,12,63-59-55
48,58,96,10,11,64-55-59
49,84,36,10,10,60-57
50,81,45,10,20,60
51,21,14,10,14,56-62
52,60,97,10,15,55-64-59
53,1,14,10,18,56-62-61
54,50,99,10,10,64-55
lockers
node_idx,x,y,service_time,capacity,cost_per_unit_good
55,65,88,10,84
56,25,15,10,98
57,93,12,10,89
58,22,88,10,78
59,77,88,10,78
60,72,14,10,95
61,44.0,48.125,10,70
62,13.92307692307692,54.0,10,72
63,85.0,81.28571428571428,10,79
64,53.22222222222222,88.0,10,93
mrt lines
start_node_idx,end_node_idx,freight_capacity,cost_per_unit_good
55,56,98,1
56,55,98,1
57,58,78,1
58,57,78,1
59,60,78,1
60,59,78,1
distance matrix
,0,1,2,3,4,5,6,7,8,9,10,11,12,13,14,15,16,17,18,19,20,21,22,23,24,25,26,27,28,29,30,31,32,33,34,35,36,37,38,39,40,41,42,43,44,45,46,47,48,49,50,51,52,53,54,55,56,57,58,59,60,61,62,63,64,
0,0.0,6.71,10.0,18.6,16.28,14.87,18.68,20.52,22.36,19.85,27.07,22.83,27.46,25.5,27.29,33.62,30.02,26.63,30.07,71.59,48.55,59.44,60.21,52.39,43.17,29.41,38.33,47.2,58.25,60.44,65.8,65.46,73.41,66.31,34.37,56.65,80.81,26.91,60.75,52.2,31.89,34.66,67.48,26.93,31.11,29.61,43.19,39.05,38.83,55.57,48.85,52.2,40.8,61.03,37.7,37.64,50.22,77.16,27.78,47.51,61.61,17.78,24.24,51.96,29.54
1,6.71,0.0,9.22,22.47,22.8,11.31,14.42,26.91,26.93,13.89,24.33,19.8,21.93,20.62,24.08,28.86,24.7,28.32,33.24,70.21,41.88,54.41,64.56,57.71,38.28,22.8,42.45,53.26,55.32,61.98,71.12,60.93,70.77,71.55,29.12,57.72,79.4,20.81,56.36,45.61,25.46,41.11,66.29,22.36,24.84,35.13,49.68,42.76,45.49,55.54,49.73,45.61,47.43,54.41,44.38,43.86,43.74,75.6,31.95,53.25,58.8,14.78,19.49,56.98,36.18
2,10.0,9.22,0.0,28.6,20.62,6.08,10.05,23.77,20.0,21.59,33.54,13.0,29.83,17.03,33.24,37.34,32.76,36.24,24.74,61.85,45.97,50.49,56.65,51.04,34.23,28.02,34.54,48.17,48.26,52.77,64.35,56.04,63.41,64.66,26.02,48.51,71.06,27.86,51.24,46.96,31.38,37.59,57.8,31.06,31.3,38.9,46.14,34.48,43.08,46.52,40.52,46.96,44.78,58.69,43.74,39.41,44.38,67.36,37.74,47.42,51.61,8.12,28.15,49.88,33.91
3,18.6,22.47,28.6,0.0,22.2,33.12,36.67,26.02,34.79,28.28,23.35,41.34,32.31,43.08,24.84,34.41,33.54,11.0,44.38,89.83,57.97,76.84,70.06,59.3,60.75,39.46,50.01,50.7,76.84,76.06,72.01,83.38,92.01,72.84,51.55,72.95,99.04,34.21,78.79,65.12,40.26,36.4,85.63,28.65,38.6,14.87,43.46,51.66,37.12,73.01,65.51,65.12,39.36,69.29,32.02,41.0,64.0,95.46,9.49,52.77,80.21,36.25,27.34,60.04,29.62
4,16.28,22.8,20.62,22.2,0.0,26.68,30.59,4.47,13.6,36.07,40.5,32.0,43.42,37.48,41.23,48.88,45.8,33.14,23.6,73.01,64.64,70.03,48.0,38.08,54.01,45.61,27.89,31.38,63.91,55.23,51.24,74.67,77.82,51.92,46.39,52.8,82.01,43.14,69.72,67.23,48.17,18.38,68.6,42.19,47.38,24.04,26.91,29.73,22.83,54.49,46.01,67.23,24.7,77.2,23.19,21.63,64.85,78.82,27.73,32.31,66.85,28.04,39.73,38.37,13.52
5,14.87,11.31,6.08,33.12,26.68,0.0,4.0,29.73,24.76,20.02,34.18,8.49,28.02,11.0,33.53,36.01,31.02,39.62,27.73,59.08,41.11,44.72,59.93,55.44,28.44,24.17,38.08,53.41,44.05,53.08,68.6,50.6,59.46,68.82,20.0,48.37,68.24,25.32,45.88,41.18,27.86,43.38,55.23,30.27,28.16,44.38,51.88,37.58,49.04,45.22,40.31,41.18,50.7,53.81,49.82,44.94,38.48,64.4,42.49,52.35,47.51,3.54,27.37,53.99,39.92
6,18.68,14.42,10.05,36.67,30.59,4.0,0.0,33.53,27.8,20.62,35.78,6.32,28.16,7.0,34.93,36.35,31.14,42.64,29.68,56.94,38.6,40.79,61.77,58.05,24.52,22.8,40.22,56.61,41.04,53.01,71.06,46.82,56.57,71.22,16.0,48.04,66.04,25.0,42.15,37.74,26.68,47.01,53.24,31.05,27.29,48.27,55.46,39.45,52.81,44.15,40.01,37.74,54.42,51.22,53.76,48.37,34.89,62.13,46.1,55.32,44.55,3.68,28.23,56.4,43.74
7,20.52,26.91,23.77,26.02,4.47,29.73,33.53,0.0,12.21,40.36,44.94,34.23,47.8,40.26,45.69,53.34,50.22,37.01,21.93,72.4,68.6,72.03,44.05,33.73,56.22,49.68,24.7,26.93,64.56,53.01,46.84,76.24,78.0,47.54,49.03,50.99,81.27,47.42,71.25,70.68,52.35,14.21,67.96,46.65,51.62,25.81,22.8,26.83,19.31,53.41,44.6,70.68,21.02,81.22,21.02,17.2,68.15,78.23,30.68,27.86,67.36,30.68,44.17,34.16,10.24
8,22.36,26.93,20.0,34.79,13.6,24.76,27.8,12.21,0.0,40.72,49.37,26.4,48.85,33.62,49.65,55.66,51.62,45.35,10.0,60.21,65.8,62.65,37.85,31.06,47.54,48.01,16.03,28.84,53.15,41.68,44.42,66.01,66.13,44.78,41.63,39.2,69.07,47.41,61.01,65.46,51.31,21.1,55.76,49.04,51.11,37.54,28.86,17.12,28.0,41.23,32.53,65.46,29.07,78.52,32.02,21.19,62.43,66.04,41.18,27.59,55.79,24.31,46.25,30.09,20.56
9,19.85,13.89,21.59,28.28,36.07,20.02,20.62,40.36,40.72,0.0,16.28,26.93,8.25,23.32,15.0,16.0,11.18,28.86,46.32,76.92,30.08,53.0,78.11,71.59,38.29,11.18,55.97,67.01,59.41,73.11,85.0,60.8,75.0,85.42,29.0,68.36,85.88,7.07,56.85,37.0,12.53,54.45,73.41,10.44,11.4,42.95,62.94,56.04,58.26,64.76,60.3,37.0,60.31,42.06,56.08,57.49,36.22,81.88,37.01,67.12,63.01,23.18,7.69,70.8,49.06
10,27.07,24.33,33.54,23.35,40.5,34.18,35.78,44.94,49.37,16.28,0.0,42.05,13.6,39.41,2.0,11.7,13.04,17.72,57.0,92.66,39.01,68.82,87.13,78.45,54.49,24.17,65.38,71.59,75.6,86.31,91.71,76.84,91.21,92.35,45.25,82.0,101.71,17.46,73.0,49.48,22.8,57.71,89.01,8.25,20.62,37.44,65.51,66.12,59.64,79.38,73.98,49.48,61.85,48.66,55.23,61.74,49.65,97.75,29.07,72.8,79.2,37.65,9.39,78.41,51.3
11,22.83,19.8,13.0,41.34,32.0,8.49,6.32,34.23,26.4,26.93,42.05,0.0,34.37,7.81,41.23,42.58,37.34,48.1,26.17,50.77,42.54,38.05,57.69,55.23,22.02,28.28,36.8,55.07,35.61,47.1,67.9,43.17,50.99,67.94,15.23,42.0,59.91,31.06,38.33,39.7,32.25,46.84,47.01,37.36,33.06,51.87,55.03,35.61,53.15,37.85,34.01,39.7,54.57,54.92,55.08,47.54,36.4,56.04,50.61,53.25,39.05,5.1,34.56,53.24,44.44
12,27.46,21.93,29.83,32.31,43.42,28.02,28.16,47.8,48.85,8.25,13.6,34.37,0.0,29.73,11.7,8.25,3.0,30.02,54.57,83.38,26.17,56.08,86.33,79.61,42.64,10.82,64.2,74.63,65.0,81.02,93.02,64.38,80.45,93.47,33.84,76.16,92.2,4.24,60.83,35.9,9.22,61.72,80.06,5.39,7.07,47.17,70.09,64.29,65.07,72.18,68.12,35.9,67.18,37.0,62.2,65.0,36.06,88.14,40.02,74.95,68.6,31.01,5.08,78.91,56.03
13,25.5,20.62,17.03,43.08,37.48,11.0,7.0,40.26,33.62,23.32,39.41,7.81,29.73,0.0,38.28,37.95,32.57,48.26,33.97,53.71,34.89,33.96,65.46,62.97,17.72,22.02,44.6,62.43,36.24,53.6,75.69,40.31,51.86,75.74,9.0,48.26,62.61,25.96,35.78,32.02,26.02,53.49,50.33,33.54,27.17,55.11,61.85,43.42,59.48,43.1,40.45,32.02,61.03,47.17,60.67,54.56,28.84,58.59,52.55,60.8,39.82,9.61,30.95,61.03,50.5
14,27.29,24.08,33.24,24.84,41.23,33.53,34.93,45.69,49.65,15.0,2.0,41.23,11.7,38.28,0.0,9.85,11.05,19.65,57.04,91.71,37.01,67.2,87.48,79.06,53.04,22.36,65.62,72.45,74.4,85.99,92.36,75.29,90.0,92.97,43.86,81.58,100.72,15.65,71.51,47.54,20.88,58.67,88.1,6.32,18.68,39.12,66.57,66.27,60.8,78.75,73.55,47.54,63.01,46.69,56.59,62.61,47.76,96.75,30.87,73.54,78.01,36.96,7.76,78.92,52.34
15,33.62,28.86,37.34,34.41,48.88,36.01,36.35,53.34,55.66,16.0,11.7,42.58,8.25,37.95,9.85,0.0,5.39,29.41,61.98,91.55,28.44,62.94,93.41,86.01,50.22,17.8,71.31,80.26,72.95,89.09,99.4,71.45,88.32,99.92,41.68,84.29,100.32,12.08,68.12,40.31,14.87,66.85,88.26,6.71,12.73,48.88,75.0,71.59,69.53,80.41,76.24,40.31,71.7,37.22,65.8,70.49,41.18,96.25,40.72,80.95,76.54,39.11,9.41,85.54,60.78
16,30.02,24.7,32.76,33.54,45.8,31.02,31.14,50.22,51.62,11.18,13.04,37.34,3.0,32.57,11.05,5.39,0.0,30.27,57.49,86.16,26.0,58.05,89.19,82.29,45.0,12.73,67.05,77.1,67.6,84.02,95.71,66.47,83.01,96.18,36.36,79.16,94.94,6.71,63.03,36.69,10.3,64.03,82.87,5.1,8.06,48.33,72.35,67.19,67.18,75.13,71.11,36.69,69.31,36.14,64.03,67.42,37.16,90.87,40.8,77.52,71.2,34.01,6.36,81.65,58.22
17,26.63,28.32,36.24,11.0,33.14,39.62,42.64,37.01,45.35,28.86,17.72,48.1,30.02,48.26,19.65,29.41,30.27,0.0,54.71,98.08,56.14,80.96,81.06,70.26,65.37,39.32,60.83,61.39,83.63,86.16,82.87,88.19,99.09,83.73,55.95,82.76,107.3,33.06,83.86,65.38,39.01,47.07,94.02,25.18,37.0,21.26,53.76,62.37,47.17,82.15,75.13,65.38,49.4,66.29,41.18,51.79,64.94,103.59,12.04,63.64,87.11,43.05,25.0,71.04,40.24
18,30.07,33.24,24.74,44.38,23.6,27.73,29.68,21.93,10.0,46.32,57.0,26.17,54.57,33.97,57.04,61.98,57.49,54.71,0.0,51.0,68.24,58.52,32.2,29.21,44.72,51.89,10.63,31.05,46.1,31.76,41.73,60.67,57.97,41.77,40.61,29.21,59.68,52.5,55.73,65.8,55.54,27.66,46.53,55.58,55.71,47.51,34.01,9.85,34.93,31.62,22.67,65.8,35.51,80.8,40.31,26.02,62.37,56.82,51.11,28.23,48.37,26.01,52.69,27.07,28.97
19,71.59,70.21,61.85,89.83,73.01,59.08,56.94,72.4,60.21,76.92,92.66,50.77,83.38,53.71,91.71,91.55,86.16,98.08,51.0,0.0,80.22,42.45,59.21,68.26,44.28,74.63,54.41,76.69,21.02,30.27,74.24,36.25,14.21,73.33,50.7,27.02,9.22,79.48,34.48,69.07,78.45,78.0,4.47,87.24,80.01,96.83,82.86,51.24,85.23,19.92,29.41,69.07,85.44,89.05,91.24,75.27,65.03,5.83,98.31,72.18,18.25,55.54,84.6,64.48,79.96
20,48.55,41.88,45.97,57.97,64.64,41.11,38.6,68.6,65.8,30.08,39.01,42.54,26.17,34.89,37.01,28.44,26.0,56.14,68.24,80.22,0.0,42.54,100.17,96.54,36.01,19.24,78.82,94.11,59.41,87.36,109.64,51.48,73.01,109.81,31.78,81.74,87.82,23.77,49.65,14.21,17.72,82.8,78.03,31.02,19.42,72.8,91.4,77.94,87.37,75.13,74.33,14.21,89.31,12.73,85.88,85.15,17.0,83.73,66.1,93.35,62.65,42.28,31.25,94.99,78.06
21,59.44,54.41,50.49,76.84,70.03,44.72,40.79,72.03,62.65,53.0,68.82,38.05,56.08,33.96,67.2,62.94,58.05,80.96,58.52,42.45,42.54,0.0,83.76,86.41,16.28,45.34,67.78,89.56,22.36,60.88,97.13,8.94,32.0,96.75,25.3,55.17,48.26,51.86,8.06,29.12,48.08,83.73,41.79,61.22,50.21,89.05,91.41,65.39,90.45,46.1,50.45,29.12,91.66,48.66,93.01,83.55,25.63,44.41,86.33,86.65,24.35,42.42,59.45,83.45,82.11
22,60.21,64.56,56.65,70.06,48.0,59.93,61.77,44.05,37.85,78.11,87.13,57.69,86.33,65.46,87.48,93.41,89.19,81.06,32.2,59.21,100.17,83.76,0.0,14.21,72.92,84.1,22.14,26.4,65.39,29.02,15.03,83.19,71.39,14.14,70.94,32.56,65.03,84.5,78.77,96.54,87.73,37.34,55.44,86.83,87.85,67.19,36.06,22.36,42.06,41.48,34.01,96.54,40.82,112.61,50.54,32.31,92.85,64.03,73.98,21.63,66.13,58.12,84.01,11.31,43.47
23,52.39,57.71,51.04,59.3,38.08,55.44,58.05,33.73,31.06,71.59,78.45,55.23,79.61,62.97,79.06,86.01,82.29,70.26,29.21,68.26,96.54,86.41,14.21,0.0,73.57,79.06,18.87,12.21,70.61,39.29,13.42,87.28,79.06,13.93,69.81,41.3,75.13,78.39,82.54,94.92,82.38,24.33,64.12,79.31,82.15,54.59,21.95,21.02,28.23,49.0,40.11,94.92,26.83,109.22,36.77,19.24,91.55,73.55,62.07,7.62,72.01,54.4,76.63,3.85,30.92
24,43.17,38.28,34.23,60.75,54.01,28.44,24.52,56.22,47.54,38.29,54.49,22.02,42.64,17.72,53.04,50.22,45.0,65.37,44.72,44.28,36.01,16.28,72.92,73.57,0.0,32.45,54.71,75.39,23.77,54.12,85.21,22.83,38.48,85.0,9.43,48.3,52.17,38.42,18.6,26.25,35.85,68.45,42.01,47.42,37.74,72.78,76.4,52.7,74.97,40.5,41.88,26.25,76.3,45.71,77.1,68.68,22.14,48.05,70.23,72.92,27.2,26.2,45.31,70.96,66.39
25,29.41,22.8,28.02,39.46,45.61,24.17,22.8,49.68,48.01,11.18,24.17,28.28,10.82,22.02,22.36,17.8,12.73,39.32,51.89,74.63,19.24,45.34,84.1,79.06,32.45,0.0,62.18,75.69,55.46,75.33,92.36,53.74,70.71,92.65,24.17,70.11,83.22,6.71,50.33,26.08,4.0,63.89,71.57,16.12,5.39,54.13,72.47,61.74,68.24,65.12,62.2,26.08,70.21,31.62,66.65,66.48,25.71,79.12,48.09,75.29,59.03,26.29,14.89,77.85,58.95
26,38.33,42.45,34.54,50.01,27.89,38.08,40.22,24.7,16.03,55.97,65.38,36.8,64.2,44.6,65.62,71.31,67.05,60.83,10.63,54.41,78.82,67.78,22.14,18.87,54.71,62.18,0.0,23.0,53.24,29.73,31.11,69.12,63.39,31.14,51.09,29.15,62.39,62.39,64.29,76.38,65.74,24.41,50.0,64.76,65.8,50.12,28.46,3.16,31.38,34.48,25.0,76.38,31.3,91.4,38.42,21.02,72.92,60.08,55.36,19.24,55.04,36.55,61.92,16.49,28.16
27,47.2,53.26,48.17,50.7,31.38,53.41,56.61,26.93,28.84,67.01,71.59,55.07,74.63,62.43,72.45,80.26,77.1,61.39,31.05,76.69,94.11,89.56,26.4,12.21,75.39,75.69,23.0,0.0,76.16,49.24,22.02,91.59,86.28,23.09,70.24,50.29,84.2,74.03,86.68,94.3,78.64,14.32,72.37,73.57,78.1,44.01,9.85,26.02,16.49,56.89,47.52,94.3,14.87,106.83,25.0,9.85,91.27,82.23,52.15,5.0,78.03,53.15,71.09,15.36,21.16
28,58.25,55.32,48.26,76.84,63.91,44.05,41.04,64.56,53.15,59.41,75.6,35.61,65.0,36.24,74.4,72.95,67.6,83.63,46.1,21.02,59.41,22.36,65.39,70.61,23.77,55.46,53.24,76.16,0.0,39.82,79.71,18.44,15.62,79.12,31.3,34.41,28.44,60.9,15.0,48.04,59.09,73.55,19.65,69.34,60.84,86.31,80.1,50.36,80.75,25.0,31.38,48.04,81.5,68.03,85.15,72.11,44.01,24.33,85.98,72.44,3.61,40.71,66.91,67.22,73.71
29,60.44,61.98,52.77,76.06,55.23,53.08,53.01,53.01,41.68,73.11,86.31,47.1,81.02,53.6,85.99,89.09,84.02,86.16,31.76,30.27,87.36,60.88,29.02,39.29,54.12,75.33,29.73,49.24,39.82,0.0,44.05,58.26,43.01,43.1,55.66,5.83,36.12,78.01,54.49,80.11,79.31,54.04,26.68,83.29,80.16,78.82,56.94,26.87,60.8,14.87,13.15,80.11,60.46,98.68,68.12,50.22,76.06,35.01,82.86,44.38,39.66,50.01,80.38,35.45,57.83
30,65.8,71.12,64.35,72.01,51.24,68.6,71.06,46.84,44.42,85.0,91.71,67.9,93.02,75.69,92.36,99.4,95.71,82.87,41.73,74.24,109.64,97.13,15.03,13.42,85.21,92.36,31.11,22.02,79.71,44.05,0.0,97.17,86.31,1.41,82.13,47.52,80.01,91.79,92.61,107.49,95.72,36.06,70.46,92.7,95.52,66.03,31.4,32.65,38.33,56.29,48.38,107.49,36.5,122.29,46.69,31.14,104.0,79.06,74.06,19.24,80.65,67.4,90.03,14.68,42.88
31,65.46,60.93,56.04,83.38,74.67,50.6,46.82,76.24,66.01,60.8,76.84,43.17,64.38,40.31,75.29,71.45,66.47,88.19,60.67,36.25,51.48,8.94,83.19,87.28,22.83,53.74,69.12,91.59,18.44,58.26,97.17,0.0,24.33,96.66,32.25,52.8,41.0,60.14,5.0,37.95,56.64,87.05,36.36,69.43,58.73,94.92,94.34,66.48,94.01,43.42,49.24,37.95,95.05,57.27,97.25,86.37,34.54,37.36,92.85,88.29,19.21,47.92,67.52,84.08,86.08
32,73.41,70.77,63.41,92.01,77.82,59.46,56.57,78.0,66.13,75.0,91.21,50.99,80.45,51.86,90.0,88.32,83.01,99.09,57.97,14.21,73.01,32.0,71.39,79.06,38.48,70.71,63.39,86.28,15.62,43.01,86.31,24.33,0.0,85.51,46.65,38.83,16.76,76.32,24.02,60.53,74.24,85.62,16.55,84.88,76.06,100.85,91.41,60.3,92.89,30.15,39.0,60.53,93.39,80.4,98.03,83.55,56.72,13.42,101.02,82.1,12.04,56.07,82.48,75.39,86.58
33,66.31,71.55,64.66,72.84,51.92,68.82,71.22,47.54,44.78,85.42,92.35,67.94,93.47,75.74,92.97,99.92,96.18,83.73,41.77,73.33,109.81,96.75,14.14,13.93,85.0,92.65,31.14,23.09,79.12,43.1,1.41,96.66,85.51,0.0,82.07,46.69,79.0,92.18,92.14,107.48,96.04,37.01,69.58,93.23,95.88,67.07,32.56,32.56,39.46,55.54,47.76,107.48,37.66,122.44,47.85,32.06,103.97,78.1,75.03,20.1,80.01,67.55,90.54,14.83,43.82
34,34.37,29.12,26.02,51.55,46.39,20.0,16.0,49.03,41.63,29.0,45.25,15.23,33.84,9.0,43.86,41.68,36.36,55.95,40.61,50.7,31.78,25.3,70.94,69.81,9.43,24.17,51.09,70.24,31.3,55.66,82.13,32.25,46.65,82.07,0.0,50.0,59.14,29.68,28.02,25.61,27.86,61.98,47.85,38.42,29.55,63.95,70.23,49.52,68.15,43.42,42.72,25.61,69.64,43.08,69.58,62.77,21.93,55.03,61.03,68.26,34.89,18.37,36.18,67.57,59.27
35,56.65,57.72,48.51,72.95,52.8,48.37,48.04,50.99,39.2,68.36,82.0,42.0,76.16,48.26,81.58,84.29,79.16,82.76,29.21,27.02,81.74,55.17,32.56,41.3,48.3,70.11,29.15,50.29,34.41,5.83,47.52,52.8,38.83,46.69,50.0,0.0,33.96,73.03,48.92,74.32,74.11,53.54,23.02,78.64,75.03,76.69,57.27,26.08,60.54,9.43,8.06,74.32,60.42,92.97,67.42,50.12,70.26,32.25,80.16,45.61,34.48,45.19,75.74,37.5,56.71
36,80.81,79.4,71.06,99.04,82.01,68.24,66.04,81.27,69.07,85.88,101.71,59.91,92.2,62.61,100.72,100.32,94.94,107.3,59.68,9.22,87.82,48.26,65.03,75.13,52.17,83.22,62.39,84.2,28.44,36.12,80.01,41.0,16.76,79.0,59.14,33.96,0.0,88.24,40.2,76.06,86.98,86.33,13.45,96.15,88.6,105.89,90.82,59.24,93.52,28.18,37.58,76.06,93.62,96.05,99.76,83.38,72.11,4.12,107.49,79.56,25.18,64.71,93.55,71.3,88.57
37,26.91,20.81,27.86,34.21,43.14,25.32,25.0,47.42,47.41,7.07,17.46,31.06,4.24,25.96,15.65,12.08,6.71,33.06,52.5,79.48,23.77,51.86,84.5,78.39,38.42,6.71,62.39,74.03,60.9,78.01,91.79,60.14,76.32,92.18,29.68,73.03,88.24,0.0,56.59,32.39,6.08,61.52,76.22,9.43,4.47,49.04,70.01,62.3,65.3,68.73,65.01,32.39,67.36,35.34,62.97,64.54,32.28,84.17,42.43,74.06,64.5,28.08,8.27,77.5,56.12
38,60.75,56.36,51.24,78.79,69.72,45.88,42.15,71.25,61.01,56.85,73.0,38.33,60.83,35.78,71.51,68.12,63.03,83.86,55.73,34.48,49.65,8.06,78.77,82.54,18.6,50.33,64.29,86.68,15.0,54.49,92.61,5.0,24.02,92.14,28.02,48.92,40.2,56.59,0.0,36.67,53.41,82.05,34.01,65.76,55.44,90.14,89.36,61.68,89.01,39.62,44.94,36.67,90.05,56.44,92.27,81.39,32.98,36.35,88.24,83.43,16.55,43.13,63.75,79.39,81.09
39,52.2,45.61,46.96,65.12,67.23,41.18,37.74,70.68,65.46,37.0,49.48,39.7,35.9,32.02,47.54,40.31,36.69,65.38,65.8,69.07,14.21,29.12,96.54,94.92,26.25,26.08,76.38,94.3,48.04,80.11,107.49,37.95,60.53,107.48,25.61,74.32,76.06,32.39,36.67,0.0,26.68,84.53,67.36,41.23,28.86,79.51,93.06,74.97,89.96,66.73,67.54,0.0,91.71,20.0,89.81,86.09,4.12,72.03,74.01,92.8,51.0,41.15,40.62,92.86,80.71
40,31.89,25.46,31.38,40.26,48.17,27.86,26.68,52.35,51.31,12.53,22.8,32.25,9.22,26.02,20.88,14.87,10.3,39.01,55.54,78.45,17.72,48.08,87.73,82.38,35.85,4.0,65.74,78.64,59.09,79.31,95.72,56.64,74.24,96.04,27.86,74.11,86.98,6.08,53.41,26.68,0.0,66.53,75.43,14.56,2.24,55.08,75.07,65.39,70.6,69.12,66.19,26.68,72.62,29.53,68.6,69.31,26.93,82.87,48.51,78.41,62.65,30.12,14.04,81.27,61.36
41,34.66,41.11,37.59,36.4,18.38,43.38,47.01,14.21,21.1,54.45,57.71,46.84,61.72,53.49,58.67,66.85,64.03,47.07,27.66,78.0,82.8,83.73,37.34,24.33,68.45,63.89,24.41,14.32,73.55,54.04,36.06,87.05,85.62,37.01,61.98,53.54,86.33,61.52,82.05,84.53,66.53,0.0,73.54,60.22,65.76,30.27,8.6,27.46,7.28,58.18,48.75,84.53,8.0,95.43,14.14,5.1,81.86,83.77,38.01,17.03,75.95,43.89,57.86,26.16,6.85
42,67.48,66.29,57.8,85.63,68.6,55.23,53.24,67.96,55.76,73.41,89.01,47.01,80.06,50.33,88.1,88.26,82.87,94.02,46.53,4.47,78.03,41.79,55.44,64.12,42.01,71.57,50.0,72.37,19.65,26.68,70.46,36.36,16.55,69.58,47.85,23.02,13.45,76.22,34.01,67.36,75.43,73.54,0.0,83.77,76.92,92.46,78.45,46.84,80.78,15.52,25.0,67.36,80.99,87.28,86.76,70.84,63.29,10.3,94.05,67.9,17.46,51.69,81.09,60.36,75.49
43,26.93,22.36,31.06,28.65,42.19,30.27,31.05,46.65,49.04,10.44,8.25,37.36,5.39,33.54,6.32,6.71,5.1,25.18,55.58,87.24,31.02,61.22,86.83,79.31,47.42,16.12,64.76,73.57,69.34,83.29,92.7,69.43,84.88,93.23,38.42,78.64,96.15,9.43,65.76,41.23,14.56,60.22,83.77,0.0,12.37,43.38,68.41,65.12,63.03,75.19,70.58,41.23,65.19,41.23,59.55,63.81,41.44,92.13,35.74,74.24,72.95,33.52,2.92,78.87,54.21
44,31.11,24.84,31.3,38.6,47.38,28.16,27.29,51.62,51.11,11.4,20.62,33.06,7.07,27.17,18.68,12.73,8.06,37.0,55.71,80.01,19.42,50.21,87.85,82.15,37.74,5.39,65.8,78.1,60.84,80.16,95.52,58.73,76.06,95.88,29.55,75.03,88.6,4.47,55.44,28.86,2.24,65.76,76.92,12.37,0.0,53.45,74.28,65.55,69.66,70.26,67.07,28.86,71.7,30.87,67.42,68.68,29.15,84.5,46.69,78.01,64.4,30.62,12.0,81.14,60.45
45,29.61,35.13,38.9,14.87,24.04,44.38,48.27,25.81,37.54,42.95,37.44,51.87,47.17,55.11,39.12,48.88,48.33,21.26,47.51,96.83,72.8,89.05,67.19,54.59,72.78,54.13,50.12,44.01,86.31,78.82,66.03,94.92,100.85,67.07,63.95,76.69,105.89,49.04,90.14,79.51,55.08,30.27,92.46,43.38,53.45,0.0,35.13,52.48,28.16,78.52,70.04,79.51,30.27,84.15,20.88,35.36,78.16,102.62,9.43,47.27,89.47,47.01,42.18,56.23,23.75
46,43.19,49.68,46.14,43.46,26.91,51.88,55.46,22.8,28.86,62.94,65.51,55.03,70.09,61.85,66.57,75.0,72.35,53.76,34.01,82.86,91.4,91.41,36.06,21.95,76.4,72.47,28.46,9.85,80.1,56.94,31.4,94.34,91.41,32.56,70.23,57.27,90.82,70.01,89.36,93.06,75.07,8.6,78.45,68.41,74.28,35.13,0.0,31.62,7.0,62.94,53.45,93.06,5.1,104.02,15.3,8.0,90.34,88.54,43.74,14.42,82.3,52.28,66.13,24.83,14.24
47,39.05,42.76,34.48,51.66,29.73,37.58,39.45,26.83,17.12,56.04,66.12,35.61,64.29,43.42,66.27,71.59,67.19,62.37,9.85,51.24,77.94,65.39,22.36,21.02,52.7,61.74,3.16,26.02,50.36,26.87,32.65,66.48,60.3,32.56,49.52,26.08,59.24,62.3,61.68,74.97,65.39,27.46,46.84,65.12,65.55,52.48,31.62,0.0,34.48,31.32,21.84,74.97,34.44,90.44,41.4,24.17,71.42,56.92,57.38,22.09,52.09,35.78,62.24,18.27,30.96
48,38.83,45.49,43.08,37.12,22.83,49.04,52.81,19.31,28.0,58.26,59.64,53.15,65.07,59.48,60.8,69.53,67.18,47.17,34.93,85.23,87.37,90.45,42.06,28.23,74.97,68.24,31.38,16.49,80.75,60.8,38.33,94.01,92.89,39.46,68.15,60.54,93.52,65.3,89.01,89.96,70.6,7.28,80.78,63.03,69.66,28.16,7.0,34.48,0.0,65.39,55.95,89.96,2.24,99.86,8.54,10.63,87.46,91.0,36.88,20.62,83.19,49.88,60.88,30.75,9.32
49,55.57,55.54,46.52,73.01,54.49,45.22,44.15,53.41,41.23,64.76,79.38,37.85,72.18,43.1,78.75,80.41,75.13,82.15,31.62,19.92,75.13,46.1,41.48,49.0,40.5,65.12,34.48,56.89,25.0,14.87,56.29,43.42,30.15,55.54,43.42,9.43,28.18,68.73,39.62,66.73,69.12,58.18,15.52,75.19,70.26,78.52,62.94,31.32,65.39,0.0,9.49,66.73,65.55,85.87,71.59,55.36,62.63,25.63,80.92,52.47,25.06,41.8,72.35,45.3,60.43
50,48.85,49.73,40.52,65.51,46.01,40.31,40.01,44.6,32.53,60.3,73.98,34.01,68.12,40.45,73.55,76.24,71.11,75.13,22.67,29.41,74.33,50.45,34.01,40.11,41.88,62.2,25.0,47.52,31.38,13.15,48.38,49.24,39.0,47.76,42.72,8.06,37.58,65.01,44.94,67.54,66.19,48.75,25.0,70.58,67.07,70.04,53.45,21.84,55.95,9.49,0.0,67.54,56.08,85.8,62.27,45.88,63.53,35.11,73.01,43.19,32.28,37.13,67.68,36.51,51.19
51,52.2,45.61,46.96,65.12,67.23,41.18,37.74,70.68,65.46,37.0,49.48,39.7,35.9,32.02,47.54,40.31,36.69,65.38,65.8,69.07,14.21,29.12,96.54,94.92,26.25,26.08,76.38,94.3,48.04,80.11,107.49,37.95,60.53,107.48,25.61,74.32,76.06,32.39,36.67,0.0,26.68,84.53,67.36,41.23,28.86,79.51,93.06,74.97,89.96,66.73,67.54,0.0,91.71,20.0,89.81,86.09,4.12,72.03,74.01,92.8,51.0,41.15,40.62,92.86,80.71
52,40.8,47.43,44.78,39.36,24.7,50.7,54.42,21.02,29.07,60.31,61.85,54.57,67.18,61.03,63.01,71.7,69.31,49.4,35.51,85.44,89.31,91.66,40.82,26.83,76.3,70.21,31.3,14.87,81.5,60.46,36.5,95.05,93.39,37.66,69.64,60.42,93.62,67.36,90.05,91.71,72.62,8.0,80.99,65.19,71.7,30.27,5.1,34.44,2.24,65.55,56.08,91.71,0.0,101.83,10.2,10.3,89.16,91.18,39.05,19.24,83.86,51.43,63.02,29.53,11.27
53,61.03,54.41,58.69,69.29,77.2,53.81,51.22,81.22,78.52,42.06,48.66,54.92,37.0,47.17,46.69,37.22,36.14,66.29,80.8,89.05,12.73,48.66,112.61,109.22,45.71,31.62,91.4,106.83,68.03,98.68,122.29,57.27,80.4,122.44,43.08,92.97,96.05,35.34,56.44,20.0,29.53,95.43,87.28,41.23,30.87,84.15,104.02,90.44,99.86,85.87,85.8,20.0,101.83,0.0,98.11,97.84,24.02,92.02,76.92,106.08,71.0,54.9,42.04,107.63,90.57
54,37.7,44.38,43.74,32.02,23.19,49.82,53.76,21.02,32.02,56.08,55.23,55.08,62.2,60.67,56.59,65.8,64.03,41.18,40.31,91.24,85.88,93.01,50.54,36.77,77.1,66.65,38.42,25.0,85.15,68.12,46.69,97.25,98.03,47.85,69.58,67.42,99.76,62.97,92.27,89.81,68.6,14.14,86.76,59.55,67.42,20.88,15.3,41.4,8.54,71.59,62.27,89.81,10.2,98.11,0.0,18.6,87.64,97.05,30.08,29.15,87.8,51.23,57.68,39.23,11.46
55,37.64,43.86,39.41,41.0,21.63,44.94,48.37,17.2,21.19,57.49,61.74,47.54,65.0,54.56,62.61,70.49,67.42,51.79,26.02,75.27,85.15,83.55,32.31,19.24,68.68,66.48,21.02,9.85,72.11,50.22,31.14,86.37,83.55,32.06,62.77,50.12,83.38,64.54,81.39,86.09,69.31,5.1,70.84,63.81,68.68,35.36,8.0,24.17,10.63,55.36,45.88,86.09,10.3,97.84,18.6,0.0,83.24,80.99,43.0,12.0,74.33,45.07,61.36,21.1,11.78
56,50.22,43.74,44.38,64.0,64.85,38.48,34.89,68.15,62.43,36.22,49.65,36.4,36.06,28.84,47.76,41.18,37.16,64.94,62.37,65.03,17.0,25.63,92.85,91.55,22.14,25.71,72.92,91.27,44.01,76.06,104.0,34.54,56.72,103.97,21.93,70.26,72.11,32.28,32.98,4.12,26.93,81.86,63.29,41.44,29.15,78.16,90.34,71.42,87.46,62.63,63.53,4.12,89.16,24.02,87.64,83.24,0.0,68.07,73.06,89.63,47.01,38.19,40.54,89.41,78.27
57,77.16,75.6,67.36,95.46,78.82,64.4,62.13,78.23,66.04,81.88,97.75,56.04,88.14,58.59,96.75,96.25,90.87,103.59,56.82,5.83,83.73,44.41,64.03,73.55,48.05,79.12,60.08,82.23,24.33,35.01,79.06,37.36,13.42,78.1,55.03,32.25,4.12,84.17,36.35,72.03,82.87,83.77,10.3,92.13,84.5,102.62,88.54,56.92,91.0,25.63,35.11,72.03,91.18,92.02,97.05,80.99,68.07,0.0,104.0,77.67,21.1,60.88,89.54,69.75,85.78
58,27.78,31.95,37.74,9.49,27.73,42.49,46.1,30.68,41.18,37.01,29.07,50.61,40.02,52.55,30.87,40.72,40.8,12.04,51.11,98.31,66.1,86.33,73.98,62.07,70.23,48.09,55.36,52.15,85.98,82.86,74.06,92.85,101.02,75.03,61.03,80.16,107.49,42.43,88.24,74.01,48.51,38.01,94.05,35.74,46.69,9.43,43.74,57.38,36.88,80.92,73.01,74.01,39.05,76.92,30.08,43.0,73.06,104.0,0.0,55.0,89.31,45.54,34.95,63.36,31.22
59,47.51,53.25,47.42,52.77,32.31,52.35,55.32,27.86,27.59,67.12,72.8,53.25,74.95,60.8,73.54,80.95,77.52,63.64,28.23,72.18,93.35,86.65,21.63,7.62,72.92,75.29,19.24,5.0,72.44,44.38,19.24,88.29,82.1,20.1,68.26,45.61,79.56,74.06,83.43,92.8,78.41,17.03,67.9,74.24,78.01,47.27,14.42,22.09,20.62,52.47,43.19,92.8,19.24,106.08,29.15,12.0,89.63,77.67,55.0,0.0,74.17,51.76,71.66,10.44,23.78
60,61.61,58.8,51.61,80.21,66.85,47.51,44.55,67.36,55.79,63.01,79.2,39.05,68.6,39.82,78.01,76.54,71.2,87.11,48.37,18.25,62.65,24.35,66.13,72.01,27.2,59.03,55.04,78.03,3.61,39.66,80.65,19.21,12.04,80.01,34.89,34.48,25.18,64.5,16.55,51.0,62.65,75.95,17.46,72.95,64.4,89.47,82.3,52.09,83.19,25.06,32.28,51.0,83.86,71.0,87.8,74.33,47.01,21.1,89.31,74.17,0.0,44.14,70.52,68.53,76.35
61,17.78,14.78,8.12,36.25,28.04,3.54,3.68,30.68,24.31,23.18,37.65,5.1,31.01,9.61,36.96,39.11,34.01,43.05,26.01,55.54,42.28,42.42,58.12,54.4,26.2,26.29,36.55,53.15,40.71,50.01,67.4,47.92,56.07,67.55,18.37,45.19,64.71,28.08,43.13,41.15,30.12,43.89,51.69,33.52,30.62,47.01,52.28,35.78,49.88,41.8,37.13,41.15,51.43,54.9,51.23,45.07,38.19,60.88,45.54,51.76,44.14,0.0,30.65,52.73,40.93
62,24.24,19.49,28.15,27.34,39.73,27.37,28.23,44.17,46.25,7.69,9.39,34.56,5.08,30.95,7.76,9.41,6.36,25.0,52.69,84.6,31.25,59.45,84.01,76.63,45.31,14.89,61.92,71.09,66.91,80.38,90.03,67.52,82.48,90.54,36.18,75.74,93.55,8.27,63.75,40.62,14.04,57.86,81.09,2.92,12.0,42.18,66.13,62.24,60.88,72.35,67.68,40.62,63.02,42.04,57.68,61.36,40.54,89.54,34.95,71.66,70.52,30.65,0.0,76.13,51.97
63,51.96,56.98,49.88,60.04,38.37,53.99,56.4,34.16,30.09,70.8,78.41,53.24,78.91,61.03,78.92,85.54,81.65,71.04,27.07,64.48,94.99,83.45,11.31,3.85,70.96,77.85,16.49,15.36,67.22,35.45,14.68,84.08,75.39,14.83,67.57,37.5,71.3,77.5,79.39,92.86,81.27,26.16,60.36,78.87,81.14,56.23,24.83,18.27,30.75,45.3,36.51,92.86,29.53,107.63,39.23,21.1,89.41,69.75,63.36,10.44,68.53,52.73,76.13,0.0,32.48
64,29.54,36.18,33.91,29.62,13.52,39.92,43.74,10.24,20.56,49.06,51.3,44.44,56.03,50.5,52.34,60.78,58.22,40.24,28.97,79.96,78.06,82.11,43.47,30.92,66.39,58.95,28.16,21.16,73.71,57.83,42.88,86.08,86.58,43.82,59.27,56.71,88.57,56.12,81.09,80.71,61.36,6.85,75.49,54.21,60.45,23.75,14.24,30.96,9.32,60.43,51.19,80.71,11.27,90.57,11.46,11.78,78.27,85.78,31.22,23.78,76.35,40.93,51.97,32.48,0.0
