vehicles
vehicle_idx, capacity, cost_per_unit_distance
1,100,3
2,100,3
3,100,3
4,100,3
5,100,3
6,100,3
7,100,3
depot
node_idx,x,y
0,24,63
home delivery customers
node_idx,x,y,service_time,demand
1,35,60,10,2
2,79,46,10,12
3,42,50,10,2
4,47,30,10,2
5,55,29,10,13
6,1,19,10,20
7,98,1,10,3
8,62,91,10,6
9,14,16,10,22
10,18,40,10,1
11,3,77,10,30
12,12,44,10,1
13,70,88,10,8
14,93,30,10,21
15,68,67,10,2
16,56,73,10,25
17,88,69,10,3
18,44,71,10,5
self pickup customers
node_idx,x,y,service_time,demand,locker_idxs
19,3,40,10,17,61
20,54,77,10,26,53
21,36,30,10,7,54
22,30,6,10,23,54
23,13,2,10,25,61-54
24,96,9,10,2,60
25,95,21,10,6,57
26,30,6,10,7,58
27,82,90,10,18,53
28,48,49,10,10,55
29,82,73,10,2,53
30,34,78,10,10,56
31,83,6,10,8,60
32,88,51,10,2,57
33,58,89,10,22,53
34,78,20,10,19,60
35,18,1,10,13,58-54
flexible customers
node_idx,x,y,service_time,demand,locker_idxs
36,3,45,10,14,54
37,29,96,10,20,56-59
38,83,86,10,24,53
39,75,10,10,18,60
40,39,23,10,23,55-58-54
41,27,87,10,13,56-59
42,52,49,10,3,55
43,50,79,10,18,56-53
44,64,62,10,9,56
45,18,8,10,16,61-54
46,53,86,10,23,56
47,77,51,10,18,57
48,36,17,10,4,58-61-54
49,85,23,10,26,57-60
50,71,34,10,15,57
51,37,37,10,22,61-55
52,95,42,10,3,57
lockers
node_idx,x,y,service_time,capacity,cost_per_unit_good
53,65,88,10,97
54,25,15,10,84
55,30,34,10,99
56,51,82,10,93
57,88,43,10,78
58,34,6,10,74
59,29,69,10,84
60,84,5,10,92
61,19,22,10,84
mrt lines
start_node_idx,end_node_idx,freight_capacity,cost_per_unit_good
53,54,97,0.1
54,53,97,0.1
distance matrix
,0,1,2,3,4,5,6,7,8,9,10,11,12,13,14,15,16,17,18,19,20,21,22,23,24,25,26,27,28,29,30,31,32,33,34,35,36,37,38,39,40,41,42,43,44,45,46,47,48,49,50,51,52,53,54,55,56,57,58,59,60,61,
0,0.0,11.4,57.57,22.2,40.22,46.01,49.65,96.54,47.2,48.05,23.77,25.24,22.47,52.35,76.49,44.18,33.53,64.28,21.54,31.14,33.11,35.11,57.31,61.98,90.0,82.49,57.31,63.98,27.78,58.86,18.03,82.04,65.12,42.8,69.03,62.29,27.66,33.38,63.32,73.55,42.72,24.19,31.3,30.53,40.01,55.33,37.01,54.34,47.54,72.95,55.23,29.07,74.04,48.02,48.01,29.61,33.02,67.05,57.87,7.81,83.45,41.3
1,11.4,0.0,46.17,12.21,32.31,36.89,53.26,86.31,41.11,48.75,26.25,36.24,28.02,44.82,65.3,33.73,24.7,53.76,14.21,37.74,25.5,30.02,54.23,62.03,79.51,71.56,54.23,55.76,17.03,48.76,18.03,72.25,53.76,37.01,58.73,61.4,35.34,36.5,54.59,64.03,37.22,28.16,20.25,24.21,29.07,54.71,31.62,42.95,43.01,62.2,44.41,23.09,62.64,41.04,46.1,26.48,27.2,55.66,54.01,10.82,73.66,41.23
2,57.57,46.17,0.0,37.22,35.78,29.41,82.54,48.85,48.1,71.59,61.29,82.08,67.03,42.95,21.26,23.71,35.47,24.7,43.01,76.24,39.82,45.88,63.25,79.32,40.72,29.68,63.25,44.1,31.14,27.17,55.22,40.2,10.3,47.85,26.02,75.8,76.01,70.71,40.2,36.22,46.14,66.22,27.17,43.93,21.93,71.87,47.71,5.39,51.87,23.77,14.42,42.95,16.49,44.27,62.27,50.45,45.61,9.49,60.21,55.04,41.3,64.62
3,22.2,12.21,37.22,0.0,20.62,24.7,51.4,74.41,45.62,44.05,26.0,47.43,30.59,47.2,54.78,31.06,26.93,49.77,21.1,40.26,29.55,20.88,45.61,56.08,67.8,60.42,45.61,56.57,6.08,46.14,29.12,60.14,46.01,42.15,46.86,54.56,39.32,47.8,54.56,51.86,27.17,39.92,10.05,30.08,25.06,48.37,37.64,35.01,33.54,50.77,33.12,13.93,53.6,44.42,38.91,20.0,33.24,46.53,44.72,23.02,61.55,36.24
4,40.22,32.31,35.78,20.62,0.0,8.06,47.3,58.67,62.82,35.85,30.68,64.38,37.7,62.39,46.0,42.54,43.93,56.59,41.11,45.12,47.52,11.0,29.41,44.05,53.31,48.84,29.41,69.46,19.03,55.44,49.73,43.27,46.07,60.02,32.57,41.01,46.49,68.41,66.57,34.41,10.63,60.41,19.65,49.09,36.24,36.4,56.32,36.62,17.03,38.64,24.33,12.21,49.48,60.73,26.63,17.46,52.15,43.01,27.29,42.95,44.65,29.12
5,46.01,36.89,29.41,24.7,8.06,0.0,54.92,51.31,62.39,43.01,38.6,70.77,45.54,60.88,38.01,40.16,44.01,51.86,43.42,53.15,48.01,19.03,33.97,49.93,45.62,40.79,33.97,66.71,21.19,51.62,53.31,36.24,39.66,60.07,24.7,46.4,54.41,71.87,63.51,27.59,17.09,64.4,20.22,50.25,34.21,42.54,57.04,31.11,22.47,30.59,16.76,19.7,42.06,59.84,33.11,25.5,53.15,35.85,31.14,47.71,37.64,36.67
6,49.65,53.26,82.54,51.4,47.3,54.92,0.0,98.66,94.37,13.34,27.02,58.03,27.31,97.58,92.66,82.42,77.08,100.34,67.48,21.1,78.57,36.69,31.78,20.81,95.52,94.02,31.78,107.71,55.76,97.35,67.6,83.02,92.7,90.27,77.01,24.76,26.08,81.93,105.89,74.55,38.21,72.8,59.17,77.47,76.28,20.25,84.81,82.46,35.06,84.1,71.59,40.25,96.77,94.11,24.33,32.65,80.43,90.25,35.47,57.31,84.17,18.25
7,96.54,86.31,48.85,74.41,58.67,51.31,98.66,0.0,96.93,85.33,89.0,121.66,96.15,91.39,29.43,72.5,83.35,68.73,88.41,102.69,87.82,68.45,68.18,85.01,8.25,20.22,68.18,90.43,69.31,73.76,100.12,15.81,50.99,96.66,27.59,80.0,104.69,117.41,86.31,24.7,62.97,111.52,66.48,91.59,69.84,80.31,96.18,54.23,64.03,25.55,42.64,70.83,41.11,93.05,74.33,75.58,93.65,43.17,64.2,96.88,14.56,81.74
8,47.2,41.11,48.1,45.62,62.82,62.39,94.37,96.93,0.0,89.04,67.36,60.64,68.62,8.54,68.43,24.74,18.97,34.06,26.91,77.99,16.12,66.31,90.82,101.6,88.77,77.39,90.82,20.02,44.27,26.91,30.87,87.56,47.71,4.47,72.78,100.18,74.81,33.38,21.59,82.04,71.78,35.23,43.17,16.97,29.07,93.94,10.3,42.72,78.43,71.78,57.71,59.51,59.08,4.24,84.53,65.37,14.21,54.59,89.49,39.66,88.77,81.3
9,48.05,48.75,71.59,44.05,35.85,43.01,13.34,85.33,89.04,0.0,24.33,61.98,28.07,91.21,80.23,74.28,70.8,91.02,62.65,26.4,72.95,26.08,18.87,14.04,82.3,81.15,18.87,100.5,47.38,88.73,65.15,69.72,81.86,85.23,64.12,15.52,31.02,81.39,98.29,61.29,25.96,72.18,50.33,72.56,67.94,8.94,80.13,72.07,22.02,71.34,59.77,31.14,85.07,88.23,11.05,24.08,75.66,78.77,22.36,55.08,70.86,7.81
10,23.77,26.25,61.29,26.0,30.68,38.6,27.02,89.0,67.36,24.33,0.0,39.92,7.21,70.77,75.66,56.82,50.33,75.77,40.46,15.0,51.62,20.59,36.06,38.33,83.93,79.31,36.06,81.22,31.32,72.01,41.23,73.36,70.86,63.25,63.25,39.0,15.81,57.07,79.63,64.41,27.02,47.85,35.17,50.45,50.99,32.0,57.8,60.02,29.21,69.12,53.34,19.24,77.03,67.18,25.96,13.42,53.41,70.06,37.58,31.02,74.71,18.03
11,25.24,36.24,82.08,47.43,64.38,70.77,58.03,121.66,60.64,61.98,39.92,0.0,34.21,67.9,101.53,65.76,53.15,85.38,41.44,37.0,51.0,57.43,75.96,75.66,115.21,107.7,75.96,80.06,53.0,79.1,31.02,106.96,88.89,56.29,94.2,77.47,32.0,32.2,80.5,98.35,64.9,26.0,56.44,47.04,62.82,70.61,50.8,78.43,68.48,98.18,80.45,52.5,98.43,62.97,65.79,50.77,48.26,91.55,77.47,27.2,108.37,57.28
12,22.47,28.02,67.03,30.59,37.7,45.54,27.31,96.15,68.62,28.07,7.21,34.21,0.0,72.8,82.2,60.54,52.7,80.01,41.87,9.85,53.41,27.78,42.05,42.01,91.0,86.13,42.05,83.76,36.35,75.77,40.5,80.53,76.32,64.35,70.23,43.42,9.06,54.71,82.49,71.59,34.21,45.54,40.31,51.66,55.03,36.5,58.69,65.38,36.12,75.96,59.84,25.96,83.02,68.88,31.78,20.59,54.45,76.01,43.91,30.23,81.88,23.09
13,52.35,44.82,42.95,47.2,62.39,60.88,97.58,91.39,8.54,91.21,70.77,67.9,72.8,0.0,62.39,21.1,20.52,26.17,31.06,82.42,19.42,67.23,91.24,103.17,83.17,71.51,91.24,12.17,44.78,19.21,37.36,83.02,41.15,12.04,68.47,101.36,79.61,41.77,13.15,78.16,72.01,43.01,42.95,21.93,26.68,95.41,17.12,37.66,78.72,66.71,54.01,60.75,52.35,5.0,85.76,67.2,19.92,48.47,89.55,45.19,84.17,83.41
14,76.49,65.3,21.26,54.78,46.0,38.01,92.66,29.43,68.43,80.23,75.66,101.53,82.2,62.39,0.0,44.65,56.73,39.32,63.89,90.55,61.07,57.0,67.42,84.76,21.21,9.22,67.42,61.0,48.85,44.38,76.06,26.0,21.59,68.6,18.03,80.41,91.24,91.93,56.89,26.91,54.45,87.21,45.19,65.19,43.19,78.16,68.82,26.4,58.46,10.63,22.36,56.44,12.17,64.4,69.63,63.13,66.84,13.93,63.69,74.95,26.57,74.43
15,44.18,33.73,23.71,31.06,42.54,40.16,82.42,72.5,24.74,74.28,56.82,65.76,60.54,21.1,44.65,0.0,13.42,20.1,24.33,70.38,17.2,48.92,71.87,85.15,64.4,53.34,71.87,26.93,26.91,15.23,35.74,62.82,25.61,24.17,48.05,82.8,68.62,48.6,24.21,57.43,52.7,45.62,24.08,21.63,6.4,77.34,24.21,18.36,59.36,47.17,33.14,43.14,36.8,21.21,67.48,50.33,22.67,31.24,69.84,39.05,64.03,66.53
16,33.53,24.7,35.47,26.93,43.93,44.01,77.08,83.35,18.97,70.8,50.33,53.15,52.7,20.52,56.73,13.42,0.0,32.25,12.17,62.43,4.47,47.42,71.87,83.01,75.47,65.0,71.87,31.06,25.3,26.0,22.56,72.24,38.83,16.12,57.38,81.41,59.94,35.47,29.97,65.8,52.81,32.2,24.33,8.49,13.6,75.29,13.34,30.41,59.46,57.8,41.79,40.71,49.82,17.49,65.76,46.87,10.3,43.86,70.52,27.29,73.54,63.01
17,64.28,53.76,24.7,49.77,56.59,51.86,100.34,68.73,34.06,91.02,75.77,85.38,80.01,26.17,39.32,20.1,32.25,0.0,44.05,89.81,34.93,65.0,85.63,100.57,60.53,48.51,85.63,21.84,44.72,7.21,54.74,63.2,18.0,36.06,50.01,97.59,88.32,64.88,17.72,60.42,67.21,63.6,41.18,39.29,25.0,92.85,38.91,21.1,73.54,46.1,38.91,60.21,27.89,29.83,82.98,67.74,39.22,26.0,82.98,59.0,64.12,83.49
18,21.54,14.21,43.01,21.1,41.11,43.42,67.48,88.41,26.91,62.65,40.46,41.44,41.87,31.06,63.89,24.33,12.17,44.05,0.0,51.4,11.66,41.77,66.49,75.64,80.92,71.42,66.49,42.49,22.36,38.05,12.21,75.8,48.33,22.8,61.29,74.67,48.55,29.15,41.79,68.43,48.26,23.35,23.41,10.0,21.93,68.15,17.49,38.59,54.59,63.13,45.8,34.71,58.67,27.02,59.14,39.56,13.04,52.15,65.76,15.13,77.18,55.01
19,31.14,37.74,76.24,40.26,45.12,53.15,21.1,102.69,77.99,26.4,15.0,37.0,9.85,82.42,90.55,70.38,62.43,89.81,51.4,0.0,63.01,34.48,43.42,39.29,98.03,93.94,43.42,93.49,45.89,85.62,49.04,86.93,85.71,73.66,77.62,41.79,5.0,61.74,92.28,78.0,39.81,52.77,49.82,61.07,64.85,35.34,67.94,74.81,40.22,83.74,68.26,34.13,92.02,78.41,33.3,27.66,63.78,85.05,46.01,38.95,88.24,24.08
20,33.11,25.5,39.82,29.55,47.52,48.01,78.57,87.82,16.12,72.95,51.62,51.0,53.41,19.42,61.07,17.2,4.47,34.93,11.66,63.01,0.0,50.33,74.95,85.48,79.92,69.4,74.95,30.87,28.64,28.28,20.02,76.69,42.8,12.65,61.85,84.1,60.21,31.4,30.36,70.21,56.04,28.79,28.07,4.47,18.03,77.83,9.06,34.71,62.64,62.27,46.24,43.46,53.91,15.56,68.45,49.24,5.83,48.08,73.76,26.25,78.0,65.19
21,35.11,30.02,45.88,20.88,11.0,19.03,36.69,68.45,66.31,26.08,20.59,57.43,27.78,67.23,57.0,48.92,47.42,65.0,41.77,34.48,50.33,0.0,24.74,36.24,63.57,59.68,24.74,75.6,22.47,62.97,48.04,52.77,56.08,62.97,43.17,34.13,36.25,66.37,73.11,43.83,7.62,57.71,24.84,50.96,42.52,28.43,58.52,46.07,13.0,49.5,35.23,7.07,60.21,64.85,18.6,7.21,54.12,53.6,24.08,39.62,54.12,18.79
22,57.31,54.23,63.25,45.61,29.41,33.97,31.78,68.18,90.82,18.87,36.06,75.96,42.05,91.24,67.42,71.87,71.87,85.63,66.49,43.42,74.95,24.74,0.0,17.46,66.07,66.71,0.0,98.79,46.62,84.81,72.11,53.0,73.41,87.6,50.0,13.0,47.43,90.01,95.96,45.18,19.24,81.06,48.3,75.69,65.51,12.17,83.24,65.07,12.53,57.57,49.65,31.78,74.3,89.16,10.3,28.0,78.85,68.8,4.0,63.01,54.01,19.42
23,61.98,62.03,79.32,56.08,44.05,49.93,20.81,85.01,101.6,14.04,38.33,75.66,42.01,103.17,84.76,85.15,83.01,100.57,75.64,39.29,85.48,36.24,17.46,0.0,83.29,84.17,17.46,111.83,58.6,99.01,78.85,70.11,89.59,97.95,67.45,5.1,44.15,95.35,109.34,62.51,33.42,86.15,61.07,85.43,78.75,7.81,93.04,80.6,27.46,75.0,66.24,42.44,91.24,100.5,17.69,36.24,88.57,85.48,21.38,68.88,71.06,20.88
24,90.0,79.51,40.72,67.8,53.31,45.62,95.52,8.25,88.77,82.3,83.93,115.21,91.0,83.17,21.21,64.4,75.47,60.53,80.92,98.03,79.92,63.57,66.07,83.29,0.0,12.04,66.07,82.2,62.48,65.51,92.76,13.34,42.76,88.57,21.1,78.41,99.72,109.81,78.09,21.02,58.69,104.14,59.46,83.76,61.91,78.01,88.19,46.1,60.53,17.8,35.36,65.31,33.02,84.86,71.25,70.58,85.76,34.93,62.07,89.94,12.65,78.09
25,82.49,71.56,29.68,60.42,48.84,40.79,94.02,20.22,77.39,81.15,79.31,107.7,86.13,71.51,9.22,53.34,65.0,48.51,71.42,93.94,69.4,59.68,66.71,84.17,12.04,0.0,66.71,70.21,54.71,53.6,83.49,19.21,30.81,77.41,17.03,79.56,95.08,99.9,66.1,22.83,56.04,94.76,51.31,73.41,51.4,78.09,77.39,34.99,59.14,10.2,27.29,60.17,21.0,73.41,70.26,66.29,75.21,23.09,62.82,81.61,19.42,76.01
26,57.31,54.23,63.25,45.61,29.41,33.97,31.78,68.18,90.82,18.87,36.06,75.96,42.05,91.24,67.42,71.87,71.87,85.63,66.49,43.42,74.95,24.74,0.0,17.46,66.07,66.71,0.0,98.79,46.62,84.81,72.11,53.0,73.41,87.6,50.0,13.0,47.43,90.01,95.96,45.18,19.24,81.06,48.3,75.69,65.51,12.17,83.24,65.07,12.53,57.57,49.65,31.78,74.3,89.16,10.3,28.0,78.85,68.8,4.0,63.01,54.01,19.42
27,63.98,55.76,44.1,56.57,69.46,66.71,107.71,90.43,20.02,100.5,81.22,80.06,83.76,12.17,61.0,26.93,31.06,21.84,42.49,93.49,30.87,75.6,98.79,111.83,82.2,70.21,98.79,0.0,53.26,17.0,49.48,84.01,39.46,24.02,70.11,109.62,90.92,53.34,4.12,80.31,79.61,55.08,50.8,33.84,33.29,104.02,29.27,39.32,86.28,67.07,57.07,69.53,49.73,17.12,94.2,76.42,32.02,47.38,96.75,57.01,85.02,92.7
28,27.78,17.03,31.14,6.08,19.03,21.19,55.76,69.31,44.27,47.38,31.32,53.0,36.35,44.78,48.85,26.91,25.3,44.72,22.36,45.89,28.64,22.47,46.62,58.6,62.48,54.71,46.62,53.26,0.0,41.62,32.2,55.44,40.05,41.23,41.73,56.6,45.18,50.7,50.93,47.43,27.51,43.42,4.0,30.07,20.62,50.8,37.34,29.07,34.18,45.22,27.46,16.28,47.52,42.54,41.05,23.43,33.14,40.45,45.22,27.59,56.85,39.62
29,58.86,48.76,27.17,46.14,55.44,51.62,97.35,73.76,26.91,88.73,72.01,79.1,75.77,19.21,44.38,15.23,26.0,7.21,38.05,85.62,28.28,62.97,84.81,99.01,65.51,53.6,84.81,17.0,41.62,0.0,48.26,67.01,22.8,28.84,53.15,96.33,83.82,57.78,13.04,63.39,65.95,56.75,38.42,32.56,21.1,91.22,31.78,22.56,72.47,50.09,40.52,57.63,33.62,22.67,81.32,65.0,32.28,30.59,82.42,53.15,68.03,81.06
30,18.03,18.03,55.22,29.12,49.73,53.31,67.6,100.12,30.87,65.15,41.23,31.02,40.5,37.36,76.06,35.74,22.56,54.74,12.21,49.04,20.02,48.04,72.11,78.85,92.76,83.49,72.11,49.48,32.2,48.26,0.0,87.09,60.37,26.4,72.8,78.64,45.28,18.68,49.65,79.4,55.23,11.4,34.13,16.03,34.0,71.81,20.62,50.77,61.03,75.01,57.49,41.11,70.83,32.57,63.64,44.18,17.46,64.35,72.0,10.3,88.48,57.97
31,82.04,72.25,40.2,60.14,43.27,36.24,83.02,15.81,87.56,69.72,73.36,106.96,80.53,83.02,26.0,62.82,72.24,63.2,75.8,86.93,76.69,52.77,53.0,70.11,13.34,19.21,53.0,84.01,55.44,67.01,87.09,0.0,45.28,86.68,14.87,65.19,89.0,104.96,80.0,8.94,47.17,98.47,53.01,80.11,59.14,65.03,85.44,45.4,48.27,17.12,30.46,55.47,37.95,83.95,58.69,59.94,82.46,37.34,49.0,82.98,1.41,65.97
32,65.12,53.76,10.3,46.01,46.07,39.66,92.7,50.99,47.71,81.86,70.86,88.89,76.32,41.15,21.59,25.61,38.83,18.0,48.33,85.71,42.8,56.08,73.41,89.59,42.76,30.81,73.41,39.46,40.05,22.8,60.37,45.28,0.0,48.41,32.57,86.02,85.21,74.2,35.36,43.01,56.44,70.83,36.06,47.2,26.4,82.15,49.5,11.0,62.13,28.16,24.04,52.89,11.4,43.57,72.56,60.44,48.27,8.0,70.29,61.68,46.17,74.85
33,42.8,37.01,47.85,42.15,60.02,60.07,90.27,96.66,4.47,85.23,63.25,56.29,64.35,12.04,68.6,24.17,16.12,36.06,22.8,73.66,12.65,62.97,87.6,97.95,88.57,77.41,87.6,24.02,41.23,28.84,26.4,86.68,48.41,0.0,71.84,96.66,70.43,29.83,25.18,80.81,68.68,31.06,40.45,12.81,27.66,90.34,5.83,42.49,75.29,71.31,56.52,56.08,59.82,7.07,81.02,61.72,9.9,54.92,86.4,35.23,87.93,77.52
34,69.03,58.73,26.02,46.86,32.57,24.7,77.01,27.59,72.78,64.12,63.25,94.2,70.23,68.47,18.03,48.05,57.38,50.01,61.29,77.62,61.85,43.17,50.0,67.45,21.1,17.03,50.0,70.11,41.73,53.15,72.8,14.87,32.57,71.84,0.0,62.94,79.06,90.43,66.19,10.44,39.12,84.2,38.95,65.31,44.27,61.19,70.58,31.02,42.11,7.62,15.65,44.38,27.8,69.23,53.24,50.0,67.62,25.08,46.17,69.3,16.16,59.03
35,62.29,61.4,75.8,54.56,41.01,46.4,24.76,80.0,100.18,15.52,39.0,77.47,43.42,101.36,80.41,82.8,81.41,97.59,74.67,41.79,84.1,34.13,13.0,5.1,78.41,79.56,13.0,109.62,56.6,96.33,78.64,65.19,86.02,96.66,62.94,0.0,46.49,95.63,107.0,57.71,30.41,86.47,58.82,84.31,76.4,7.0,91.92,77.34,24.08,70.52,62.43,40.71,87.24,98.88,15.65,35.11,87.46,81.63,16.76,68.88,66.12,21.02
36,27.66,35.34,76.01,39.32,46.49,54.41,26.08,104.69,74.81,31.02,15.81,32.0,9.06,79.61,91.24,68.62,59.94,88.32,48.55,5.0,60.21,36.25,47.43,44.15,99.72,95.08,47.43,90.92,45.18,83.82,45.28,89.0,85.21,70.43,79.06,46.49,0.0,57.25,89.89,80.06,42.19,48.37,49.16,58.01,63.32,39.92,64.66,74.24,43.28,84.9,68.88,34.93,92.05,75.45,37.2,29.15,60.61,85.02,49.82,35.38,90.34,28.02
37,33.38,36.5,70.71,47.8,68.41,71.87,81.93,117.41,33.38,81.39,57.07,32.2,54.71,41.77,91.93,48.6,35.47,64.88,29.15,61.74,31.4,66.37,90.01,95.35,109.81,99.9,90.01,53.34,50.7,57.78,18.68,104.96,74.2,29.83,90.43,95.63,57.25,0.0,54.92,97.53,73.68,9.22,52.33,27.02,48.8,88.68,26.0,65.8,79.31,92.01,74.89,59.54,85.28,36.88,81.1,62.01,26.08,79.31,90.14,27.0,106.33,74.67
38,63.32,54.59,40.2,54.56,66.57,63.51,105.89,86.31,21.59,98.29,79.63,80.5,82.49,13.15,56.89,24.21,29.97,17.72,41.79,92.28,30.36,73.11,95.96,109.34,78.09,66.1,95.96,4.12,50.93,13.04,49.65,80.0,35.36,25.18,66.19,107.0,89.89,54.92,0.0,76.42,76.84,56.01,48.27,33.73,30.61,101.53,30.0,35.51,83.49,63.03,53.37,67.21,45.61,18.11,91.68,74.25,32.25,43.29,93.81,56.61,81.01,90.51
39,73.55,64.03,36.22,51.86,34.41,27.59,74.55,24.7,82.04,61.29,64.41,98.35,71.59,78.16,26.91,57.43,65.8,60.42,68.43,78.0,70.21,43.83,45.18,62.51,21.02,22.83,45.18,80.31,47.43,63.39,79.4,8.94,43.01,80.81,10.44,57.71,80.06,97.53,76.42,0.0,38.28,90.74,45.28,73.39,53.15,57.04,79.12,41.05,39.62,16.4,24.33,46.62,37.74,78.64,50.25,51.0,75.89,35.47,41.19,74.81,10.3,57.27
40,42.72,37.22,46.14,27.17,10.63,17.09,38.21,62.97,71.78,25.96,27.02,64.9,34.21,72.01,54.45,52.7,52.81,67.21,48.26,39.81,56.04,7.62,19.24,33.42,58.69,56.04,19.24,79.61,27.51,65.95,55.23,47.17,56.44,68.68,39.12,30.41,42.19,73.68,76.84,38.28,0.0,65.12,29.07,57.07,46.32,25.81,64.54,47.2,6.71,46.0,33.84,14.14,59.14,70.01,16.12,14.21,60.21,52.92,17.72,47.07,48.47,20.02
41,24.19,28.16,66.22,39.92,60.41,64.4,72.8,111.52,35.23,72.18,47.85,26.0,45.54,43.01,87.21,45.62,32.2,63.6,23.35,52.77,28.79,57.71,81.06,86.15,104.14,94.76,81.06,55.08,43.42,56.75,11.4,98.47,70.83,31.06,84.2,86.47,48.37,9.22,56.01,90.74,65.12,0.0,45.49,24.35,44.65,79.51,26.02,61.61,70.58,86.37,68.88,50.99,81.54,38.01,72.03,53.08,24.52,75.21,81.3,18.11,99.86,65.49
42,31.3,20.25,27.17,10.05,19.65,20.22,59.17,66.48,43.17,50.33,35.17,56.44,40.31,42.95,45.19,24.08,24.33,41.18,23.41,49.82,28.07,24.84,48.3,61.07,59.46,51.31,48.3,50.8,4.0,38.42,34.13,53.01,36.06,40.45,38.95,58.82,49.16,52.33,48.27,45.28,29.07,45.49,0.0,30.07,17.69,53.26,37.01,25.08,35.78,42.01,24.21,19.21,43.57,41.11,43.42,26.63,33.02,36.5,46.62,30.48,54.41,42.64
43,30.53,24.21,43.93,30.08,49.09,50.25,77.47,91.59,16.97,72.56,50.45,47.04,51.66,21.93,65.19,21.63,8.49,39.29,10.0,61.07,4.47,50.96,75.69,85.43,83.76,73.41,75.69,33.84,30.07,32.56,16.03,80.11,47.2,12.81,65.31,84.31,58.01,27.02,33.73,73.39,57.07,24.35,30.07,0.0,22.02,77.88,7.62,38.9,63.56,66.04,49.66,43.97,58.26,17.49,68.71,49.24,3.16,52.35,74.73,23.26,81.44,64.88
44,40.01,29.07,21.93,25.06,36.24,34.21,76.28,69.84,29.07,67.94,50.99,62.82,55.03,26.68,43.19,6.4,13.6,25.0,21.93,64.85,18.03,42.52,65.51,78.75,61.91,51.4,65.51,33.29,20.62,21.1,34.0,59.14,26.4,27.66,44.27,76.4,63.32,48.8,30.61,53.15,46.32,44.65,17.69,22.02,0.0,70.94,26.4,17.03,53.0,44.29,28.86,36.8,36.89,26.02,61.07,44.05,23.85,30.61,63.53,35.69,60.41,60.21
45,55.33,54.71,71.87,48.37,36.4,42.54,20.25,80.31,93.94,8.94,32.0,70.61,36.5,95.41,78.16,77.34,75.29,92.85,68.15,35.34,77.83,28.43,12.17,7.81,78.01,78.09,12.17,104.02,50.8,91.22,71.81,65.03,82.15,90.34,61.19,7.0,39.92,88.68,101.53,57.04,25.81,79.51,53.26,77.88,70.94,0.0,85.49,73.01,20.12,68.66,59.03,34.67,84.17,92.78,9.9,28.64,81.02,78.26,16.12,61.98,66.07,14.04
46,37.01,31.62,47.71,37.64,56.32,57.04,84.81,96.18,10.3,80.13,57.8,50.8,58.69,17.12,68.82,24.21,13.34,38.91,17.49,67.94,9.06,58.52,83.24,93.04,88.19,77.39,83.24,29.27,37.34,31.78,20.62,85.44,49.5,5.83,70.58,91.92,64.66,26.0,30.0,79.12,64.54,26.02,37.01,7.62,26.4,85.49,0.0,42.44,71.06,70.66,55.03,51.55,60.83,12.17,76.32,56.86,4.47,55.44,82.23,29.41,86.73,72.47
47,54.34,42.95,5.39,35.01,36.62,31.11,82.46,54.23,42.72,72.07,60.02,78.43,65.38,37.66,26.4,18.36,30.41,21.1,38.59,74.81,34.71,46.07,65.07,80.6,46.1,34.99,65.07,39.32,29.07,22.56,50.77,45.4,11.0,42.49,31.02,77.34,74.24,65.8,35.51,41.05,47.2,61.61,25.08,38.9,17.03,73.01,42.44,0.0,53.26,29.12,18.03,42.38,20.12,38.9,63.25,49.98,40.46,13.6,62.24,51.26,46.53,64.85
48,47.54,43.01,51.87,33.54,17.03,22.47,35.06,64.03,78.43,22.02,29.21,68.48,36.12,78.72,58.46,59.36,59.46,73.54,54.59,40.22,62.64,13.0,12.53,27.46,60.53,59.14,12.53,86.28,34.18,72.47,61.03,48.27,62.13,75.29,42.11,24.08,43.28,79.31,83.49,39.62,6.71,70.58,35.78,63.56,53.0,20.12,71.06,53.26,0.0,49.37,38.91,20.02,64.08,76.69,11.18,18.03,66.71,58.14,11.18,52.47,49.48,17.72
49,72.95,62.2,23.77,50.77,38.64,30.59,84.1,25.55,71.78,71.34,69.12,98.18,75.96,66.71,10.63,47.17,57.8,46.1,63.13,83.74,62.27,49.5,57.57,75.0,17.8,10.2,57.57,67.07,45.22,50.09,75.01,17.12,28.16,71.31,7.62,70.52,84.9,92.01,63.03,16.4,46.0,86.37,42.01,66.04,44.29,68.66,70.66,29.12,49.37,0.0,17.8,50.0,21.47,68.01,60.53,56.09,68.1,20.22,53.76,72.47,18.03,66.01
50,55.23,44.41,14.42,33.12,24.33,16.76,71.59,42.64,57.71,59.77,53.34,80.45,59.84,54.01,22.36,33.14,41.79,38.91,45.8,68.26,46.24,35.23,49.65,66.24,35.36,27.29,49.65,57.07,27.46,40.52,57.49,30.46,24.04,56.52,15.65,62.43,68.88,74.89,53.37,24.33,33.84,68.88,24.21,49.66,28.86,59.03,55.03,18.03,38.91,17.8,0.0,34.13,25.3,54.33,49.77,41.0,52.0,19.24,46.4,54.67,31.78,53.37
51,29.07,23.09,42.95,13.93,12.21,19.7,40.25,70.83,59.51,31.14,19.24,52.5,25.96,60.75,56.44,43.14,40.71,60.21,34.71,34.13,43.46,7.07,31.78,42.44,65.31,60.17,31.78,69.53,16.28,57.63,41.11,55.47,52.89,56.08,44.38,40.71,34.93,59.54,67.21,46.62,14.14,50.99,19.21,43.97,36.8,34.67,51.55,42.38,20.02,50.0,34.13,0.0,58.22,58.18,25.06,7.62,47.13,51.35,31.14,32.98,56.86,23.43
52,74.04,62.64,16.49,53.6,49.48,42.06,96.77,41.11,59.08,85.07,77.03,98.43,83.02,52.35,12.17,36.8,49.82,27.89,58.67,92.02,53.91,60.21,74.3,91.24,33.02,21.0,74.3,49.73,47.52,33.62,70.83,37.95,11.4,59.82,27.8,87.24,92.05,85.28,45.61,37.74,59.14,81.54,43.57,58.26,36.89,84.17,60.83,20.12,64.08,21.47,25.3,58.22,0.0,54.92,75.03,65.49,59.46,7.07,70.83,71.31,38.6,78.59
53,48.02,41.04,44.27,44.42,60.73,59.84,94.11,93.05,4.24,88.23,67.18,62.97,68.88,5.0,64.4,21.21,17.49,29.83,27.02,78.41,15.56,64.85,89.16,100.5,84.86,73.41,89.16,17.12,42.54,22.67,32.57,83.95,43.57,7.07,69.23,98.88,75.45,36.88,18.11,78.64,70.01,38.01,41.11,17.49,26.02,92.78,12.17,38.9,76.69,68.01,54.33,58.18,54.92,0.0,83.24,64.35,15.23,50.54,87.66,40.71,85.15,80.45
54,48.01,46.1,62.27,38.91,26.63,33.11,24.33,74.33,84.53,11.05,25.96,65.79,31.78,85.76,69.63,67.48,65.76,82.98,59.14,33.3,68.45,18.6,10.3,17.69,71.25,70.26,10.3,94.2,41.05,81.32,63.64,58.69,72.56,81.02,53.24,15.65,37.2,81.1,91.68,50.25,16.12,72.03,43.42,68.71,61.07,9.9,76.32,63.25,11.18,60.53,49.77,25.06,75.03,83.24,0.0,19.65,71.87,68.94,12.73,54.15,59.84,9.22
55,29.61,26.48,50.45,20.0,17.46,25.5,32.65,75.58,65.37,24.08,13.42,50.77,20.59,67.2,63.13,50.33,46.87,67.74,39.56,27.66,49.24,7.21,28.0,36.24,70.58,66.29,28.0,76.42,23.43,65.0,44.18,59.94,60.44,61.72,50.0,35.11,29.15,62.01,74.25,51.0,14.21,53.08,26.63,49.24,44.05,28.64,56.86,49.98,18.03,56.09,41.0,7.62,65.49,64.35,19.65,0.0,52.39,58.69,28.28,35.01,61.29,16.28
56,33.02,27.2,45.61,33.24,52.15,53.15,80.43,93.65,14.21,75.66,53.41,48.26,54.45,19.92,66.84,22.67,10.3,39.22,13.04,63.78,5.83,54.12,78.85,88.57,85.76,75.21,78.85,32.02,33.14,32.28,17.46,82.46,48.27,9.9,67.62,87.46,60.61,26.08,32.25,75.89,60.21,24.52,33.02,3.16,23.85,81.02,4.47,40.46,66.71,68.1,52.0,47.13,59.46,15.23,71.87,52.39,0.0,53.76,77.88,25.55,83.77,68.0
57,67.05,55.66,9.49,46.53,43.01,35.85,90.25,43.17,54.59,78.77,70.06,91.55,76.01,48.47,13.93,31.24,43.86,26.0,52.15,85.05,48.08,53.6,68.8,85.48,34.93,23.09,68.8,47.38,40.45,30.59,64.35,37.34,8.0,54.92,25.08,81.63,85.02,79.31,43.29,35.47,52.92,75.21,36.5,52.35,30.61,78.26,55.44,13.6,58.14,20.22,19.24,51.35,7.07,50.54,68.94,58.69,53.76,0.0,65.46,64.47,38.21,72.12
58,57.87,54.01,60.21,44.72,27.29,31.14,35.47,64.2,89.49,22.36,37.58,77.47,43.91,89.55,63.69,69.84,70.52,82.98,65.76,46.01,73.76,24.08,4.0,21.38,62.07,62.82,4.0,96.75,45.22,82.42,72.0,49.0,70.29,86.4,46.17,16.76,49.82,90.14,93.81,41.19,17.72,81.3,46.62,74.73,63.53,16.12,82.23,62.24,11.18,53.76,46.4,31.14,70.83,87.66,12.73,28.28,77.88,65.46,0.0,63.2,50.01,21.93
59,7.81,10.82,55.04,23.02,42.95,47.71,57.31,96.88,39.66,55.08,31.02,27.2,30.23,45.19,74.95,39.05,27.29,59.0,15.13,38.95,26.25,39.62,63.01,68.88,89.94,81.61,63.01,57.01,27.59,53.15,10.3,82.98,61.68,35.23,69.3,68.88,35.38,27.0,56.61,74.81,47.07,18.11,30.48,23.26,35.69,61.98,29.41,51.26,52.47,72.47,54.67,32.98,71.31,40.71,54.15,35.01,25.55,64.47,63.2,0.0,84.39,48.05
60,83.45,73.66,41.3,61.55,44.65,37.64,84.17,14.56,88.77,70.86,74.71,108.37,81.88,84.17,26.57,64.03,73.54,64.12,77.18,88.24,78.0,54.12,54.01,71.06,12.65,19.42,54.01,85.02,56.85,68.03,88.48,1.41,46.17,87.93,16.16,66.12,90.34,106.33,81.01,10.3,48.47,99.86,54.41,81.44,60.41,66.07,86.73,46.53,49.48,18.03,31.78,56.86,38.6,85.15,59.84,61.29,83.77,38.21,50.01,84.39,0.0,67.19
61,41.3,41.23,64.62,36.24,29.12,36.67,18.25,81.74,81.3,7.81,18.03,57.28,23.09,83.41,74.43,66.53,63.01,83.49,55.01,24.08,65.19,18.79,19.42,20.88,78.09,76.01,19.42,92.7,39.62,81.06,57.97,65.97,74.85,77.52,59.03,21.02,28.02,74.67,90.51,57.27,20.02,65.49,42.64,64.88,60.21,14.04,72.47,64.85,17.72,66.01,53.37,23.43,78.59,80.45,9.22,16.28,68.0,72.12,21.93,48.05,67.19,0.0
