set K:= 1	2	3	4	5	6	7;
set C_H:= 1	2	3	4	5	6	7	8	9	10	11	12	13	14	15	16	17	18;
set C_S:= 19	20	21	22	23	24	25	26	27	28	29	30	31	32	33	34	35;
set C_F:= 36	37	38	39	40	41	42	43	44	45	46	47	48	49	50	51	52;
set M:= 53	54	55	56	57	58;
set L_B:= 59	60	61	62	63	64	65;
set A1:=
(0,*) 1 2 3 4 5 6 7 8 9 10 11 12 13 14 15 16 17 18 36 37 38 39 40 41 42 43 44 45 46 47 48 49 50 51 52 53 54 55 56 57 58 59 60 61 62 63 64 65 66
(1,*) 0 2 3 4 5 6 7 8 9 10 11 12 13 14 15 16 17 18 36 37 38 39 40 41 42 43 44 45 46 47 48 49 50 51 52 53 54 55 56 57 58 59 60 61 62 63 64 65 66
(2,*) 0 1 3 4 5 6 7 8 9 10 11 12 13 14 15 16 17 18 36 37 38 39 40 41 42 43 44 45 46 47 48 49 50 51 52 53 54 55 56 57 58 59 60 61 62 63 64 65 66
(3,*) 0 1 2 4 5 6 7 8 9 10 11 12 13 14 15 16 17 18 36 37 38 39 40 41 42 43 44 45 46 47 48 49 50 51 52 53 54 55 56 57 58 59 60 61 62 63 64 65 66
(4,*) 0 1 2 3 5 6 7 8 9 10 11 12 13 14 15 16 17 18 36 37 38 39 40 41 42 43 44 45 46 47 48 49 50 51 52 53 54 55 56 57 58 59 60 61 62 63 64 65 66
(5,*) 0 1 2 3 4 6 7 8 9 10 11 12 13 14 15 16 17 18 36 37 38 39 40 41 42 43 44 45 46 47 48 49 50 51 52 53 54 55 56 57 58 59 60 61 62 63 64 65 66
(6,*) 0 1 2 3 4 5 7 8 9 10 11 12 13 14 15 16 17 18 36 37 38 39 40 41 42 43 44 45 46 47 48 49 50 51 52 53 54 55 56 57 58 59 60 61 62 63 64 65 66
(7,*) 0 1 2 3 4 5 6 8 9 10 11 12 13 14 15 16 17 18 36 37 38 39 40 41 42 43 44 45 46 47 48 49 50 51 52 53 54 55 56 57 58 59 60 61 62 63 64 65 66
(8,*) 0 1 2 3 4 5 6 7 9 10 11 12 13 14 15 16 17 18 36 37 38 39 40 41 42 43 44 45 46 47 48 49 50 51 52 53 54 55 56 57 58 59 60 61 62 63 64 65 66
(9,*) 0 1 2 3 4 5 6 7 8 10 11 12 13 14 15 16 17 18 36 37 38 39 40 41 42 43 44 45 46 47 48 49 50 51 52 53 54 55 56 57 58 59 60 61 62 63 64 65 66
(10,*) 0 1 2 3 4 5 6 7 8 9 11 12 13 14 15 16 17 18 36 37 38 39 40 41 42 43 44 45 46 47 48 49 50 51 52 53 54 55 56 57 58 59 60 61 62 63 64 65 66
(11,*) 0 1 2 3 4 5 6 7 8 9 10 12 13 14 15 16 17 18 36 37 38 39 40 41 42 43 44 45 46 47 48 49 50 51 52 53 54 55 56 57 58 59 60 61 62 63 64 65 66
(12,*) 0 1 2 3 4 5 6 7 8 9 10 11 13 14 15 16 17 18 36 37 38 39 40 41 42 43 44 45 46 47 48 49 50 51 52 53 54 55 56 57 58 59 60 61 62 63 64 65 66
(13,*) 0 1 2 3 4 5 6 7 8 9 10 11 12 14 15 16 17 18 36 37 38 39 40 41 42 43 44 45 46 47 48 49 50 51 52 53 54 55 56 57 58 59 60 61 62 63 64 65 66
(14,*) 0 1 2 3 4 5 6 7 8 9 10 11 12 13 15 16 17 18 36 37 38 39 40 41 42 43 44 45 46 47 48 49 50 51 52 53 54 55 56 57 58 59 60 61 62 63 64 65 66
(15,*) 0 1 2 3 4 5 6 7 8 9 10 11 12 13 14 16 17 18 36 37 38 39 40 41 42 43 44 45 46 47 48 49 50 51 52 53 54 55 56 57 58 59 60 61 62 63 64 65 66
(16,*) 0 1 2 3 4 5 6 7 8 9 10 11 12 13 14 15 17 18 36 37 38 39 40 41 42 43 44 45 46 47 48 49 50 51 52 53 54 55 56 57 58 59 60 61 62 63 64 65 66
(17,*) 0 1 2 3 4 5 6 7 8 9 10 11 12 13 14 15 16 18 36 37 38 39 40 41 42 43 44 45 46 47 48 49 50 51 52 53 54 55 56 57 58 59 60 61 62 63 64 65 66
(18,*) 0 1 2 3 4 5 6 7 8 9 10 11 12 13 14 15 16 17 36 37 38 39 40 41 42 43 44 45 46 47 48 49 50 51 52 53 54 55 56 57 58 59 60 61 62 63 64 65 66
(36,*) 0 1 2 3 4 5 6 7 8 9 10 11 12 13 14 15 16 17 18 37 38 39 40 41 42 43 44 45 46 47 48 49 50 51 52 53 54 55 56 57 58 59 60 61 62 63 64 65 66
(37,*) 0 1 2 3 4 5 6 7 8 9 10 11 12 13 14 15 16 17 18 36 38 39 40 41 42 43 44 45 46 47 48 49 50 51 52 53 54 55 56 57 58 59 60 61 62 63 64 65 66
(38,*) 0 1 2 3 4 5 6 7 8 9 10 11 12 13 14 15 16 17 18 36 37 39 40 41 42 43 44 45 46 47 48 49 50 51 52 53 54 55 56 57 58 59 60 61 62 63 64 65 66
(39,*) 0 1 2 3 4 5 6 7 8 9 10 11 12 13 14 15 16 17 18 36 37 38 40 41 42 43 44 45 46 47 48 49 50 51 52 53 54 55 56 57 58 59 60 61 62 63 64 65 66
(40,*) 0 1 2 3 4 5 6 7 8 9 10 11 12 13 14 15 16 17 18 36 37 38 39 41 42 43 44 45 46 47 48 49 50 51 52 53 54 55 56 57 58 59 60 61 62 63 64 65 66
(41,*) 0 1 2 3 4 5 6 7 8 9 10 11 12 13 14 15 16 17 18 36 37 38 39 40 42 43 44 45 46 47 48 49 50 51 52 53 54 55 56 57 58 59 60 61 62 63 64 65 66
(42,*) 0 1 2 3 4 5 6 7 8 9 10 11 12 13 14 15 16 17 18 36 37 38 39 40 41 43 44 45 46 47 48 49 50 51 52 53 54 55 56 57 58 59 60 61 62 63 64 65 66
(43,*) 0 1 2 3 4 5 6 7 8 9 10 11 12 13 14 15 16 17 18 36 37 38 39 40 41 42 44 45 46 47 48 49 50 51 52 53 54 55 56 57 58 59 60 61 62 63 64 65 66
(44,*) 0 1 2 3 4 5 6 7 8 9 10 11 12 13 14 15 16 17 18 36 37 38 39 40 41 42 43 45 46 47 48 49 50 51 52 53 54 55 56 57 58 59 60 61 62 63 64 65 66
(45,*) 0 1 2 3 4 5 6 7 8 9 10 11 12 13 14 15 16 17 18 36 37 38 39 40 41 42 43 44 46 47 48 49 50 51 52 53 54 55 56 57 58 59 60 61 62 63 64 65 66
(46,*) 0 1 2 3 4 5 6 7 8 9 10 11 12 13 14 15 16 17 18 36 37 38 39 40 41 42 43 44 45 47 48 49 50 51 52 53 54 55 56 57 58 59 60 61 62 63 64 65 66
(47,*) 0 1 2 3 4 5 6 7 8 9 10 11 12 13 14 15 16 17 18 36 37 38 39 40 41 42 43 44 45 46 48 49 50 51 52 53 54 55 56 57 58 59 60 61 62 63 64 65 66
(48,*) 0 1 2 3 4 5 6 7 8 9 10 11 12 13 14 15 16 17 18 36 37 38 39 40 41 42 43 44 45 46 47 49 50 51 52 53 54 55 56 57 58 59 60 61 62 63 64 65 66
(49,*) 0 1 2 3 4 5 6 7 8 9 10 11 12 13 14 15 16 17 18 36 37 38 39 40 41 42 43 44 45 46 47 48 50 51 52 53 54 55 56 57 58 59 60 61 62 63 64 65 66
(50,*) 0 1 2 3 4 5 6 7 8 9 10 11 12 13 14 15 16 17 18 36 37 38 39 40 41 42 43 44 45 46 47 48 49 51 52 53 54 55 56 57 58 59 60 61 62 63 64 65 66
(51,*) 0 1 2 3 4 5 6 7 8 9 10 11 12 13 14 15 16 17 18 36 37 38 39 40 41 42 43 44 45 46 47 48 49 50 52 53 54 55 56 57 58 59 60 61 62 63 64 65 66
(52,*) 0 1 2 3 4 5 6 7 8 9 10 11 12 13 14 15 16 17 18 36 37 38 39 40 41 42 43 44 45 46 47 48 49 50 51 53 54 55 56 57 58 59 60 61 62 63 64 65 66
(53,*) 0 1 2 3 4 5 6 7 8 9 10 11 12 13 14 15 16 17 18 36 37 38 39 40 41 42 43 44 45 46 47 48 49 50 51 52 54 55 56 57 58 59 60 61 62 63 64 65 66
(54,*) 0 1 2 3 4 5 6 7 8 9 10 11 12 13 14 15 16 17 18 36 37 38 39 40 41 42 43 44 45 46 47 48 49 50 51 52 53 55 56 57 58 59 60 61 62 63 64 65 66
(55,*) 0 1 2 3 4 5 6 7 8 9 10 11 12 13 14 15 16 17 18 36 37 38 39 40 41 42 43 44 45 46 47 48 49 50 51 52 53 54 56 57 58 59 60 61 62 63 64 65 66
(56,*) 0 1 2 3 4 5 6 7 8 9 10 11 12 13 14 15 16 17 18 36 37 38 39 40 41 42 43 44 45 46 47 48 49 50 51 52 53 54 55 57 58 59 60 61 62 63 64 65 66
(57,*) 0 1 2 3 4 5 6 7 8 9 10 11 12 13 14 15 16 17 18 36 37 38 39 40 41 42 43 44 45 46 47 48 49 50 51 52 53 54 55 56 58 59 60 61 62 63 64 65 66
(58,*) 0 1 2 3 4 5 6 7 8 9 10 11 12 13 14 15 16 17 18 36 37 38 39 40 41 42 43 44 45 46 47 48 49 50 51 52 53 54 55 56 57 59 60 61 62 63 64 65 66
(59,*) 0 1 2 3 4 5 6 7 8 9 10 11 12 13 14 15 16 17 18 36 37 38 39 40 41 42 43 44 45 46 47 48 49 50 51 52 53 54 55 56 57 58 60 61 62 63 64 65 66
(60,*) 0 1 2 3 4 5 6 7 8 9 10 11 12 13 14 15 16 17 18 36 37 38 39 40 41 42 43 44 45 46 47 48 49 50 51 52 53 54 55 56 57 58 59 61 62 63 64 65 66
(61,*) 0 1 2 3 4 5 6 7 8 9 10 11 12 13 14 15 16 17 18 36 37 38 39 40 41 42 43 44 45 46 47 48 49 50 51 52 53 54 55 56 57 58 59 60 62 63 64 65 66
(62,*) 0 1 2 3 4 5 6 7 8 9 10 11 12 13 14 15 16 17 18 36 37 38 39 40 41 42 43 44 45 46 47 48 49 50 51 52 53 54 55 56 57 58 59 60 61 63 64 65 66
(63,*) 0 1 2 3 4 5 6 7 8 9 10 11 12 13 14 15 16 17 18 36 37 38 39 40 41 42 43 44 45 46 47 48 49 50 51 52 53 54 55 56 57 58 59 60 61 62 64 65 66
(64,*) 0 1 2 3 4 5 6 7 8 9 10 11 12 13 14 15 16 17 18 36 37 38 39 40 41 42 43 44 45 46 47 48 49 50 51 52 53 54 55 56 57 58 59 60 61 62 63 65 66
(65,*) 0 1 2 3 4 5 6 7 8 9 10 11 12 13 14 15 16 17 18 36 37 38 39 40 41 42 43 44 45 46 47 48 49 50 51 52 53 54 55 56 57 58 59 60 61 62 63 64 66
(66,*) 0 1 2 3 4 5 6 7 8 9 10 11 12 13 14 15 16 17 18 36 37 38 39 40 41 42 43 44 45 46 47 48 49 50 51 52 53 54 55 56 57 58 59 60 61 62 63 64 65
;
set A2:=
(53,*) 54
(54,*) 53
(55,*) 56
(56,*) 55
;
param BigM:=99999;
param n:= 7;
param d:=
1	2
2	17
3	2
4	26
5	7
6	13
7	3
8	2
9	22
10	6
11	30
12	1
13	8
14	26
15	25
16	22
17	19
18	5
19	12
20	14
21	24
22	23
23	25
24	18
25	7
26	18
27	10
28	10
29	8
30	18
31	22
32	4
33	21
34	15
35	13
36	2
37	20
38	20
39	23
40	6
41	13
42	3
43	1
44	18
45	2
46	9
47	16
48	23
49	2
50	2
51	3
52	3
;
param Q:=100;
param w:=
[53,*] 54 1.5
[54,*] 53 1.5
[55,*] 56 1.5
[56,*] 55 1.5
;
param V:=
[53,*] 54 90
[54,*] 53 90
[55,*] 56 92
[56,*] 55 92
;
param e:
	53	54	55	56	57	58	59	60	61	62	63	64	65:=
19		0		0		0		0		0		0		0		0		0		0		0		1		0	
20		0		0		0		0		0		0		0		0		0		0		1		0		0	
21		1		0		0		0		1		0		0		0		0		0		0		0		0	
22		0		1		0		0		0		0		0		0		0		0		0		0		0	
23		0		1		0		0		0		0		0		0		0		0		0		0		0	
24		0		0		1		0		0		1		0		0		0		0		0		0		0	
25		0		1		0		0		0		0		0		0		0		0		0		0		1	
26		1		0		0		0		1		0		0		0		0		0		0		0		0	
27		0		0		0		0		0		0		0		0		0		0		0		1		0	
28		0		0		0		1		0		0		0		0		0		0		0		0		0	
29		0		0		1		0		0		1		0		0		0		0		0		0		0	
30		0		0		0		0		0		0		0		0		0		0		0		1		0	
31		1		0		0		0		0		0		0		1		0		0		0		0		0	
32		0		1		0		0		0		0		0		0		0		0		0		0		0	
33		0		0		1		0		0		0		0		0		1		0		0		0		0	
34		0		0		0		0		0		0		0		0		0		0		0		1		0	
35		0		1		0		0		0		0		0		0		0		0		0		0		0	
36		0		0		0		1		0		0		0		0		0		0		0		0		0	
37		0		0		0		1		0		0		0		0		0		0		0		0		0	
38		0		1		0		0		0		0		0		0		0		0		0		0		0	
39		0		1		0		0		0		0		1		0		0		0		0		0		1	
40		1		0		0		0		0		0		0		1		0		0		0		0		0	
41		0		0		0		1		0		0		0		0		0		0		0		0		0	
42		0		0		0		0		0		0		0		0		0		0		0		1		0	
43		0		0		0		0		0		0		1		0		0		0		0		0		1	
44		0		0		0		0		0		0		0		1		0		0		0		0		0	
45		1		0		0		0		1		0		0		0		0		0		0		0		0	
46		1		0		0		0		0		0		0		0		0		0		0		0		0	
47		0		1		0		0		0		0		1		0		0		0		0		0		0	
48		1		0		0		0		0		0		0		1		0		0		0		0		0	
49		0		0		0		0		0		0		0		0		0		0		0		1		0	
50		1		0		0		0		1		0		0		0		0		0		0		0		0	
51		0		0		0		0		1		0		0		0		0		0		0		0		0	
52		0		0		0		0		0		0		0		0		1		0		0		0		0	
;
param p:=
1	1
2	1
3	1
4	1
5	1
6	1
7	1
;
param G:=
53	90
54	86
55	92
56	83
57	74
58	77
59	85
60	99
61	90
62	89
63	93
64	96
65	74
;
param s:=
0	0
1	10
2	10
3	10
4	10
5	10
6	10
7	10
8	10
9	10
10	10
11	10
12	10
13	10
14	10
15	10
16	10
17	10
18	10
36	10
37	10
38	10
39	10
40	10
41	10
42	10
43	10
44	10
45	10
46	10
47	10
48	10
49	10
50	10
51	10
52	10
53	10
54	10
55	10
56	10
57	10
58	10
59	10
60	10
61	10
62	10
63	10
64	10
65	10
;
param t:
	0	1	2	3	4	5	6	7	8	9	10	11	12	13	14	15	16	17	18	19	20	21	22	23	24	25	26	27	28	29	30	31	32	33	34	35	36	37	38	39	40	41	42	43	44	45	46	47	48	49	50	51	52	53	54	55	56	57	58	59	60	61	62	63	64	65	66:=
0	0.0	22.2	31.14	40.22	33.11	35.11	46.01	96.54	90.0	48.05	82.49	25.24	22.47	52.35	72.95	33.53	29.07	69.03	21.54	57.57	27.66	63.32	57.31	61.98	73.55	57.31	63.98	27.78	18.03	82.04	54.34	42.8	47.54	76.49	55.23	62.29	11.4	33.38	49.65	42.72	47.2	24.19	31.3	23.77	30.53	58.86	40.01	55.33	37.01	65.12	44.18	64.28	74.04	48.02	48.01	85.8	25.08	58.6	68.59	34.06	41.73	85.87	68.96	23.77	51.62	38.9	0.0
1	22.2	0.0	40.26	20.62	29.55	20.88	24.7	74.41	67.8	44.05	60.42	47.43	30.59	47.2	50.77	26.93	13.93	46.86	21.1	37.22	39.32	54.56	45.61	56.08	51.86	45.61	56.57	6.08	29.12	60.14	35.01	42.15	33.54	54.78	33.12	54.56	12.21	47.8	51.4	27.17	45.62	39.92	10.05	26.0	30.08	46.14	25.06	48.37	37.64	46.01	31.06	49.77	53.6	44.42	38.91	63.6	42.94	51.66	46.86	26.4	44.38	64.08	49.65	45.65	29.53	24.74	22.2
2	31.14	40.26	0.0	45.12	63.01	34.48	53.15	102.69	98.03	26.4	93.94	37.0	9.85	82.42	83.74	62.43	34.13	77.62	51.4	76.24	5.0	92.28	43.42	39.29	78.0	43.42	93.49	45.89	49.04	86.93	74.81	73.66	40.22	90.55	68.26	41.79	37.74	61.74	21.1	39.81	77.99	52.77	49.82	15.0	61.07	85.62	64.85	35.34	67.94	85.71	70.38	89.81	92.02	78.41	33.3	94.25	51.62	88.2	73.74	25.5	72.86	99.14	66.29	32.02	65.12	35.85	31.14
3	40.22	20.62	45.12	0.0	47.52	11.0	8.06	58.67	53.31	35.85	48.84	64.38	37.7	62.39	38.64	43.93	12.21	32.57	41.11	35.78	46.49	66.57	29.41	44.05	34.41	29.41	69.46	19.03	49.73	43.27	36.62	60.02	17.03	46.0	24.33	41.01	32.31	68.41	47.3	10.63	62.82	60.41	19.65	30.68	49.09	55.44	36.24	36.4	56.32	46.07	42.54	56.59	49.48	60.73	26.63	49.4	63.16	65.3	29.68	21.02	63.29	54.23	29.15	61.55	21.84	11.7	40.22
4	33.11	29.55	63.01	47.52	0.0	50.33	48.01	87.82	79.92	72.95	69.4	51.0	53.41	19.42	62.27	4.47	43.46	61.85	11.66	39.82	60.21	30.36	74.95	85.48	70.21	74.95	30.87	28.64	20.02	76.69	34.71	12.65	62.64	61.07	46.24	84.1	25.5	31.4	78.57	56.04	16.12	28.79	28.07	51.62	4.47	28.28	18.03	77.83	9.06	42.8	17.2	34.93	53.91	15.56	68.45	75.8	33.84	25.5	65.52	55.57	16.03	70.09	74.11	52.24	43.32	54.08	33.11
5	35.11	20.88	34.48	11.0	50.33	0.0	19.03	68.45	63.57	26.08	59.68	57.43	27.78	67.23	49.5	47.42	7.07	43.17	41.77	45.88	36.25	73.11	24.74	36.24	43.83	24.74	75.6	22.47	48.04	52.77	46.07	62.97	13.0	57.0	35.23	34.13	30.02	66.37	36.69	7.62	66.31	57.71	24.84	20.59	50.96	62.97	42.52	28.43	58.52	56.08	48.92	65.0	60.21	64.85	18.6	59.77	59.67	71.03	39.4	10.05	65.25	65.19	34.83	54.04	32.56	4.0	35.11
6	46.01	24.7	53.15	8.06	48.01	19.03	0.0	51.31	45.62	43.01	40.79	70.77	45.54	60.88	30.59	44.01	19.7	24.7	43.42	29.41	54.41	63.51	33.97	49.93	27.59	33.97	66.71	21.19	53.31	36.24	31.11	60.07	22.47	38.01	16.76	46.4	36.89	71.87	54.92	17.09	62.39	64.4	20.22	38.6	50.25	51.62	34.21	42.54	57.04	39.66	40.16	51.86	42.06	59.84	33.11	41.63	67.6	62.97	22.67	29.0	64.03	46.17	26.17	68.25	14.76	19.24	46.01
7	96.54	74.41	102.69	58.67	87.82	68.45	51.31	0.0	8.25	85.33	20.22	121.66	96.15	91.39	25.55	83.35	70.83	27.59	88.41	48.85	104.69	86.31	68.18	85.01	24.7	68.18	90.43	69.31	100.12	15.81	54.23	96.66	64.03	29.43	42.64	80.0	86.31	117.41	98.66	62.97	96.93	111.52	66.48	89.0	91.59	73.76	69.84	80.31	96.18	50.99	72.5	68.73	41.11	93.05	74.33	12.08	115.52	89.5	29.07	77.25	102.42	24.19	40.05	119.4	46.1	66.85	96.54
8	90.0	67.8	98.03	53.31	79.92	63.57	45.62	8.25	0.0	82.3	12.04	115.21	91.0	83.17	17.8	75.47	65.31	21.1	80.92	40.72	99.72	78.09	66.07	83.29	21.02	66.07	82.2	62.48	92.76	13.34	46.1	88.57	60.53	21.21	35.36	78.41	79.51	109.81	95.52	58.69	88.77	104.14	59.46	83.93	83.76	65.51	61.91	78.01	88.19	42.76	64.4	60.53	33.02	84.86	71.25	4.24	108.25	81.25	24.52	72.8	94.37	16.76	38.47	113.16	38.9	62.36	90.0
9	48.05	44.05	26.4	35.85	72.95	26.08	43.01	85.33	82.3	0.0	81.15	61.98	28.07	91.21	71.34	70.8	31.14	64.12	62.65	71.59	31.02	98.29	18.87	14.04	61.29	18.87	100.5	47.38	65.15	69.72	72.07	85.23	22.02	80.23	59.77	15.52	48.75	81.39	13.34	25.96	89.04	72.18	50.33	24.33	72.56	88.73	67.94	8.94	80.13	81.86	74.28	91.02	85.07	88.23	11.05	79.1	72.44	95.67	58.03	17.69	86.31	87.46	45.88	57.27	57.58	24.17	48.05
10	82.49	60.42	93.94	48.84	69.4	59.68	40.79	20.22	12.04	81.15	0.0	107.7	86.13	71.51	10.2	65.0	60.17	17.03	71.42	29.68	95.08	66.1	66.71	84.17	22.83	66.71	70.21	54.71	83.49	19.21	34.99	77.41	59.14	9.22	27.29	79.56	71.56	99.9	94.02	56.04	77.39	94.76	51.31	79.31	73.41	53.6	51.4	78.09	77.39	30.81	53.34	48.51	21.0	73.41	70.26	9.22	99.09	69.38	24.04	69.46	83.35	7.21	41.15	106.07	30.89	59.21	82.49
11	25.24	47.43	37.0	64.38	51.0	57.43	70.77	121.66	115.21	61.98	107.7	0.0	34.21	67.9	98.18	53.15	52.5	94.2	41.44	82.08	32.0	80.5	75.96	75.66	98.35	75.96	80.06	53.0	31.02	106.96	78.43	56.29	68.48	101.53	80.45	77.47	36.24	32.2	58.03	64.9	60.64	26.0	56.44	39.92	47.04	79.1	62.82	70.61	50.8	88.89	65.76	85.38	98.43	62.97	65.79	111.02	21.95	74.81	93.43	53.23	52.5	110.94	92.2	5.1	76.85	60.75	25.24
12	22.47	30.59	9.85	37.7	53.41	27.78	45.54	96.15	91.0	28.07	86.13	34.21	0.0	72.8	75.96	52.7	25.96	70.23	41.87	67.03	9.06	82.49	42.05	42.01	71.59	42.05	83.76	36.35	40.5	80.53	65.38	64.35	36.12	82.2	59.84	43.42	28.02	54.71	27.31	34.21	68.62	45.54	40.31	7.21	51.66	75.77	55.03	36.5	58.69	76.32	60.54	80.01	83.02	68.88	31.78	87.09	45.12	78.49	67.08	20.52	63.89	91.01	61.62	29.73	56.57	30.0	22.47
13	52.35	47.2	82.42	62.39	19.42	67.23	60.88	91.39	83.17	91.21	71.51	67.9	72.8	0.0	66.71	20.52	60.75	68.47	31.06	42.95	79.61	13.15	91.24	103.17	78.16	91.24	12.17	44.78	37.36	83.02	37.66	12.04	78.72	62.39	54.01	101.36	44.82	41.77	97.58	72.01	8.54	43.01	42.95	70.77	21.93	19.21	26.68	95.41	17.12	41.15	21.1	26.17	52.35	5.0	85.76	79.4	48.0	7.0	74.03	73.6	17.72	70.21	85.84	69.86	52.04	70.71	52.35
14	72.95	50.77	83.74	38.64	62.27	49.5	30.59	25.55	17.8	71.34	10.2	98.18	75.96	66.71	0.0	57.8	50.0	7.62	63.13	23.77	84.9	63.03	57.57	75.0	16.4	57.57	67.07	45.22	75.01	17.12	29.12	71.31	49.37	10.63	17.8	70.52	62.2	92.01	84.1	46.0	71.78	86.37	42.01	69.12	66.04	50.09	44.29	68.66	70.66	28.16	47.17	46.1	21.47	68.01	60.53	13.6	90.52	65.49	15.81	59.3	76.97	16.12	33.6	96.38	21.4	49.09	72.95
15	33.53	26.93	62.43	43.93	4.47	47.42	44.01	83.35	75.47	70.8	65.0	53.15	52.7	20.52	57.8	0.0	40.71	57.38	12.17	35.47	59.94	29.97	71.87	83.01	65.8	71.87	31.06	25.3	22.56	72.24	30.41	16.12	59.46	56.73	41.79	81.41	24.7	35.47	77.08	52.81	18.97	32.2	24.33	50.33	8.49	26.0	13.6	75.29	13.34	38.83	13.42	32.25	49.82	17.49	65.76	71.34	37.16	25.81	61.13	53.25	20.22	65.8	70.03	54.01	38.9	51.08	33.53
16	29.07	13.93	34.13	12.21	43.46	7.07	19.7	70.83	65.31	31.14	60.17	52.5	25.96	60.75	50.0	40.71	0.0	44.38	34.71	42.95	34.93	67.21	31.78	42.44	46.62	31.78	69.53	16.28	41.11	55.47	42.38	56.08	20.02	56.44	34.13	40.71	23.09	59.54	40.25	14.14	59.51	50.99	19.21	19.24	43.97	57.63	36.8	34.67	51.55	52.89	43.14	60.21	58.22	58.18	25.06	61.33	53.16	64.82	41.88	13.6	58.24	65.12	39.96	49.5	31.02	11.05	29.07
17	69.03	46.86	77.62	32.57	61.85	43.17	24.7	27.59	21.1	64.12	17.03	94.2	70.23	68.47	7.62	57.38	44.38	0.0	61.29	26.02	79.06	66.19	50.0	67.45	10.44	50.0	70.11	41.73	72.8	14.87	31.02	71.84	42.11	18.03	15.65	62.94	58.73	90.43	77.01	39.12	72.78	84.2	38.95	63.25	65.31	53.15	44.27	61.19	70.58	32.57	48.05	50.01	27.8	69.23	53.24	17.0	88.09	68.01	8.49	52.77	77.16	23.54	26.25	92.09	18.87	42.43	69.03
18	21.54	21.1	51.4	41.11	11.66	41.77	43.42	88.41	80.92	62.65	71.42	41.44	41.87	31.06	63.13	12.17	34.71	61.29	0.0	43.01	48.55	41.79	66.49	75.64	68.43	66.49	42.49	22.36	12.21	75.8	38.59	22.8	54.59	63.89	45.8	74.67	14.21	29.15	67.48	48.26	26.91	23.35	23.41	40.46	10.0	38.05	21.93	68.15	17.49	48.33	24.33	44.05	58.67	27.02	59.14	76.69	27.8	37.12	63.51	45.69	23.77	73.25	69.43	42.01	42.44	45.71	21.54
19	57.57	37.22	76.24	35.78	39.82	45.88	29.41	48.85	40.72	71.59	29.68	82.08	67.03	42.95	23.77	35.47	42.95	26.02	43.01	0.0	76.01	40.2	63.25	79.32	36.22	63.25	44.1	31.14	55.22	40.2	5.39	47.85	51.87	21.26	14.42	75.8	46.17	70.71	82.54	46.14	48.1	66.22	27.17	61.29	43.93	27.17	21.93	71.87	47.71	10.3	23.71	24.7	16.49	44.27	62.27	36.77	70.8	42.05	32.76	55.66	53.71	30.41	47.85	81.27	14.87	47.42	57.57
20	27.66	39.32	5.0	46.49	60.21	36.25	54.41	104.69	99.72	31.02	95.08	32.0	9.06	79.61	84.9	59.94	34.93	79.06	48.55	76.01	0.0	89.89	47.43	44.15	80.06	47.43	90.92	45.18	45.28	89.0	74.24	70.43	43.28	91.24	68.88	46.49	35.34	57.25	26.08	42.19	74.81	48.37	49.16	15.81	58.01	83.82	63.32	39.92	64.66	85.21	68.62	88.32	92.05	75.45	37.2	95.86	47.01	85.59	75.64	28.02	69.31	100.02	69.2	27.02	65.62	38.08	27.66
21	63.32	54.56	92.28	66.57	30.36	73.11	63.51	86.31	78.09	98.29	66.1	80.5	82.49	13.15	63.03	29.97	67.21	66.19	41.79	40.2	89.89	0.0	95.96	109.34	76.42	95.96	4.12	50.93	49.65	80.0	35.51	25.18	83.49	56.89	53.37	107.0	54.59	54.92	105.89	76.84	21.59	56.01	48.27	79.63	33.73	13.04	30.61	101.53	30.0	35.36	24.21	17.72	45.61	18.11	91.68	74.67	61.03	6.32	72.84	80.61	30.81	63.6	86.68	82.2	52.2	76.22	63.32
22	57.31	45.61	43.42	29.41	74.95	24.74	33.97	68.18	66.07	18.87	66.71	75.96	42.05	91.24	57.57	71.87	31.78	50.0	66.49	63.25	47.43	95.96	0.0	17.46	45.18	0.0	98.79	46.62	72.11	53.0	65.07	87.6	12.53	67.42	49.65	13.0	54.23	90.01	31.78	19.24	90.82	81.06	48.3	36.06	75.69	84.81	65.51	12.17	83.24	73.41	71.87	85.63	74.3	89.16	10.3	63.29	82.39	94.51	42.76	23.35	89.99	73.5	28.16	71.69	48.41	20.88	57.31
23	61.98	56.08	39.29	44.05	85.48	36.24	49.93	85.01	83.29	14.04	84.17	75.66	42.01	103.17	75.0	83.01	42.44	67.45	75.64	79.32	44.15	109.34	17.46	0.0	62.51	17.46	111.83	58.6	78.85	70.11	80.6	97.95	27.46	84.76	66.24	5.1	62.03	95.35	20.81	33.42	101.6	86.15	61.07	38.33	85.43	99.01	78.75	7.81	93.04	89.59	85.15	100.57	91.24	100.5	17.69	80.62	86.47	107.2	60.21	29.97	99.4	90.96	45.01	70.86	64.66	33.24	61.98
24	73.55	51.86	78.0	34.41	70.21	43.83	27.59	24.7	21.02	61.29	22.83	98.35	71.59	78.16	16.4	65.8	46.62	10.44	68.43	36.22	80.06	76.42	45.18	62.51	0.0	45.18	80.31	47.43	79.4	8.94	41.05	80.81	39.62	26.91	24.33	57.71	64.03	97.53	74.55	38.28	82.04	90.74	45.28	64.41	73.39	63.39	53.15	57.04	79.12	43.01	57.43	60.42	37.74	78.64	50.25	18.11	94.3	78.03	5.0	52.55	85.87	30.02	18.38	95.78	26.93	42.15	73.55
25	57.31	45.61	43.42	29.41	74.95	24.74	33.97	68.18	66.07	18.87	66.71	75.96	42.05	91.24	57.57	71.87	31.78	50.0	66.49	63.25	47.43	95.96	0.0	17.46	45.18	0.0	98.79	46.62	72.11	53.0	65.07	87.6	12.53	67.42	49.65	13.0	54.23	90.01	31.78	19.24	90.82	81.06	48.3	36.06	75.69	84.81	65.51	12.17	83.24	73.41	71.87	85.63	74.3	89.16	10.3	63.29	82.39	94.51	42.76	23.35	89.99	73.5	28.16	71.69	48.41	20.88	57.31
26	63.98	56.57	93.49	69.46	30.87	75.6	66.71	90.43	82.2	100.5	70.21	80.06	83.76	12.17	67.07	31.06	69.53	70.11	42.49	44.1	90.92	4.12	98.79	111.83	80.31	98.79	0.0	53.26	49.48	84.01	39.32	24.02	86.28	61.0	57.07	109.62	55.76	53.34	107.71	79.61	20.02	55.08	50.8	81.22	33.84	17.0	33.29	104.02	29.27	39.46	26.93	21.84	49.73	17.12	94.2	78.77	60.03	5.39	76.66	82.81	29.15	67.72	90.25	82.0	55.79	78.82	63.98
27	27.78	6.08	45.89	19.03	28.64	22.47	21.19	69.31	62.48	47.38	54.71	53.0	36.35	44.78	45.22	25.3	16.28	41.73	22.36	31.14	45.18	50.93	46.62	58.6	47.43	46.62	53.26	0.0	32.2	55.44	29.07	41.23	34.18	48.85	27.46	56.6	17.03	50.7	55.76	27.51	44.27	43.42	4.0	31.32	30.07	41.62	20.62	50.8	37.34	40.05	26.91	44.72	47.52	42.54	41.05	58.26	46.87	48.6	42.44	29.73	44.28	58.18	47.07	51.43	23.85	25.94	27.78
28	18.03	29.12	49.04	49.73	20.02	48.04	53.31	100.12	92.76	65.15	83.49	31.02	40.5	37.36	75.01	22.56	41.11	72.8	12.21	55.22	45.28	49.65	72.11	78.85	79.4	72.11	49.48	32.2	0.0	87.09	50.77	26.4	61.03	76.06	57.49	78.64	18.03	18.68	67.6	55.23	30.87	11.4	34.13	41.23	16.03	48.26	34.0	71.81	20.62	60.37	35.74	54.74	70.83	32.57	63.64	88.53	15.62	44.15	74.43	49.65	24.21	85.43	78.75	32.56	54.04	52.04	18.03
29	82.04	60.14	86.93	43.27	76.69	52.77	36.24	15.81	13.34	69.72	19.21	106.96	80.53	83.02	17.12	72.24	55.47	14.87	75.8	40.2	89.0	80.0	53.0	70.11	8.94	53.0	84.01	55.44	87.09	0.0	45.4	86.68	48.27	26.0	30.46	65.19	72.25	104.96	83.02	47.17	87.56	98.47	53.01	73.36	80.11	67.01	59.14	65.03	85.44	45.28	62.82	63.2	37.95	83.95	58.69	11.66	102.2	82.22	13.6	61.47	92.03	26.17	25.18	104.48	33.54	51.08	82.04
30	54.34	35.01	74.81	36.62	34.71	46.07	31.11	54.23	46.1	72.07	34.99	78.43	65.38	37.66	29.12	30.41	42.38	31.02	38.59	5.39	74.24	35.51	65.07	80.6	41.05	65.07	39.32	29.07	50.77	45.4	0.0	42.49	53.26	26.4	18.03	77.34	42.95	65.8	82.46	47.2	42.72	61.61	25.08	60.02	38.9	22.56	17.03	73.01	42.44	11.0	18.36	21.1	20.12	38.9	63.25	42.15	66.29	37.0	37.34	55.54	48.37	35.38	51.62	77.88	17.49	48.02	54.34
31	42.8	42.15	73.66	60.02	12.65	62.97	60.07	96.66	88.57	85.23	77.41	56.29	64.35	12.04	71.31	16.12	56.08	71.84	22.8	47.85	70.43	25.18	87.6	97.95	80.81	87.6	24.02	41.23	26.4	86.68	42.49	0.0	75.29	68.6	56.52	96.66	37.01	29.83	90.27	68.68	4.47	31.06	40.45	63.25	12.81	28.84	27.66	90.34	5.83	48.41	24.17	36.06	59.82	7.07	81.02	84.58	36.01	19.03	76.3	68.0	6.4	77.1	86.0	58.52	53.94	66.73	42.8
32	47.54	33.54	40.22	17.03	62.64	13.0	22.47	64.03	60.53	22.02	59.14	68.48	36.12	78.72	49.37	59.46	20.02	42.11	54.59	51.87	43.28	83.49	12.53	27.46	39.62	12.53	86.28	34.18	61.03	48.27	53.26	75.29	0.0	58.46	38.91	24.08	43.01	79.31	35.06	6.71	78.43	70.58	35.78	29.21	63.56	72.47	53.0	20.12	71.06	62.13	59.36	73.54	64.08	76.69	11.18	57.22	72.37	81.99	36.12	15.62	77.88	65.49	26.08	64.66	37.22	9.0	47.54
33	76.49	54.78	90.55	46.0	61.07	57.0	38.01	29.43	21.21	80.23	9.22	101.53	82.2	62.39	10.63	56.73	56.44	18.03	63.89	21.26	91.24	56.89	67.42	84.76	26.91	67.42	61.0	48.85	76.06	26.0	26.4	68.6	58.46	0.0	22.36	80.41	65.3	91.93	92.66	54.45	68.43	87.21	45.19	75.66	65.19	44.38	43.19	78.16	68.82	21.59	44.65	39.32	12.17	64.4	69.63	18.0	91.68	60.17	26.4	67.01	74.63	9.43	44.2	100.22	25.71	57.14	76.49
34	55.23	33.12	68.26	24.33	46.24	35.23	16.76	42.64	35.36	59.77	27.29	80.45	59.84	54.01	17.8	41.79	34.13	15.65	45.8	14.42	68.88	53.37	49.65	66.24	24.33	49.65	57.07	27.46	57.49	30.46	18.03	56.52	38.91	22.36	0.0	62.43	44.41	74.89	71.59	33.84	57.71	68.88	24.21	53.34	49.66	40.52	28.86	59.03	55.03	24.04	33.14	38.91	25.3	54.33	49.77	31.11	72.92	54.33	20.02	45.28	61.68	31.32	33.62	78.77	3.61	35.9	55.23
35	62.29	54.56	41.79	41.01	84.1	34.13	46.4	80.0	78.41	15.52	79.56	77.47	43.42	101.36	70.52	81.41	40.71	62.94	74.67	75.8	46.49	107.0	13.0	5.1	57.71	13.0	109.62	56.6	78.64	65.19	77.34	96.66	24.08	80.41	62.43	0.0	61.4	95.63	24.76	30.41	100.18	86.47	58.82	39.0	84.31	96.33	76.4	7.0	91.92	86.02	82.8	97.59	87.24	98.88	15.65	75.8	87.09	105.12	55.54	29.12	98.43	86.4	40.05	72.78	61.03	30.81	62.29
36	11.4	12.21	37.74	32.31	25.5	30.02	36.89	86.31	79.51	48.75	71.56	36.24	28.02	44.82	62.2	24.7	23.09	58.73	14.21	46.17	35.34	54.59	54.23	62.03	64.03	54.23	55.76	17.03	18.03	72.25	42.95	37.01	43.01	65.3	44.41	61.4	0.0	36.5	53.26	37.22	41.11	28.16	20.25	26.25	24.21	48.76	29.07	54.71	31.62	53.76	33.73	53.76	62.64	41.04	46.1	75.29	30.87	50.48	59.03	32.28	37.59	74.71	61.47	35.11	40.8	34.01	11.4
37	33.38	47.8	61.74	68.41	31.4	66.37	71.87	117.41	109.81	81.39	99.9	32.2	54.71	41.77	92.01	35.47	59.54	90.43	29.15	70.71	57.25	54.92	90.01	95.35	97.53	90.01	53.34	50.7	18.68	104.96	65.8	29.83	79.31	91.93	74.89	95.63	36.5	0.0	81.93	73.68	33.38	9.22	52.33	57.07	27.02	57.78	48.8	88.68	26.0	74.2	48.6	64.88	85.28	36.88	81.1	105.6	10.63	48.66	92.59	67.07	24.19	101.12	97.42	36.12	71.56	70.35	33.38
38	49.65	51.4	21.1	47.3	78.57	36.69	54.92	98.66	95.52	13.34	94.02	58.03	27.31	97.58	84.1	77.08	40.25	77.01	67.48	82.54	26.08	105.89	31.78	20.81	74.55	31.78	107.71	55.76	67.6	83.02	82.46	90.27	35.06	92.66	71.59	24.76	53.26	81.93	0.0	38.21	94.37	72.8	59.17	27.02	77.47	97.35	76.28	20.25	84.81	92.7	82.42	100.34	96.77	94.11	24.33	92.27	72.12	102.65	71.18	26.93	90.44	100.18	59.2	53.01	69.12	35.69	49.65
39	42.72	27.17	39.81	10.63	56.04	7.62	17.09	62.97	58.69	25.96	56.04	64.9	34.21	72.01	46.0	52.81	14.14	39.12	48.26	46.14	42.19	76.84	19.24	33.42	38.28	19.24	79.61	27.51	55.23	47.17	47.2	68.68	6.71	54.45	33.84	30.41	37.22	73.68	38.21	0.0	71.78	65.12	29.07	27.02	57.07	65.95	46.32	25.81	64.54	56.44	52.7	67.21	59.14	70.01	16.12	55.11	67.19	75.29	34.21	14.32	71.39	62.03	27.59	61.4	31.78	4.24	42.72
40	47.2	45.62	77.99	62.82	16.12	66.31	62.39	96.93	88.77	89.04	77.39	60.64	68.62	8.54	71.78	18.97	59.51	72.78	26.91	48.1	74.81	21.59	90.82	101.6	82.04	90.82	20.02	44.27	30.87	87.56	42.72	4.47	78.43	68.43	57.71	100.18	41.11	33.38	94.37	71.78	0.0	35.23	43.17	67.36	16.97	26.91	29.07	93.94	10.3	47.71	24.74	34.06	59.08	4.24	84.53	84.86	40.11	15.3	77.65	71.69	9.22	76.66	88.09	62.94	55.33	70.01	47.2
41	24.19	39.92	52.77	60.41	28.79	57.71	64.4	111.52	104.14	72.18	94.76	26.0	45.54	43.01	86.37	32.2	50.99	84.2	23.35	66.22	48.37	56.01	81.06	86.15	90.74	81.06	55.08	43.42	11.4	98.47	61.61	31.06	70.58	87.21	68.88	86.47	28.16	9.22	72.8	65.12	35.23	0.0	45.49	47.85	24.35	56.75	44.65	79.51	26.02	70.83	45.62	63.6	81.54	38.01	72.03	99.9	5.1	50.01	85.76	58.01	26.68	96.54	89.54	29.15	65.44	61.66	24.19
42	31.3	10.05	49.82	19.65	28.07	24.84	20.22	66.48	59.46	50.33	51.31	56.44	40.31	42.95	42.01	24.33	19.21	38.95	23.41	27.17	49.16	48.27	48.3	61.07	45.28	48.3	50.8	4.0	34.13	53.01	25.08	40.45	35.78	45.19	24.21	58.82	20.25	52.33	59.17	29.07	43.17	45.49	0.0	35.17	30.07	38.42	17.69	53.26	37.01	36.06	24.08	41.18	43.57	41.11	43.42	55.23	49.2	46.32	40.31	32.8	44.01	54.56	46.39	55.04	20.62	28.02	31.3
43	23.77	26.0	15.0	30.68	51.62	20.59	38.6	89.0	83.93	24.33	79.31	39.92	7.21	70.77	69.12	50.33	19.24	63.25	40.46	61.29	15.81	79.63	36.06	38.33	64.41	36.06	81.22	31.32	41.23	73.36	60.02	63.25	29.21	75.66	53.34	39.0	26.25	57.07	27.02	27.02	67.36	47.85	35.17	0.0	50.45	72.01	50.99	32.0	57.8	70.86	56.82	75.77	77.03	67.18	25.96	80.06	48.17	76.06	59.93	13.6	63.51	84.34	54.49	35.78	50.16	22.8	23.77
44	30.53	30.08	61.07	49.09	4.47	50.96	50.25	91.59	83.76	72.56	73.41	47.04	51.66	21.93	66.04	8.49	43.97	65.31	10.0	43.93	58.01	33.73	75.69	85.43	73.39	75.69	33.84	30.07	16.03	80.11	38.9	12.81	63.56	65.19	49.66	84.31	24.21	27.02	77.47	57.07	16.97	24.35	30.07	50.45	0.0	32.56	22.02	77.88	7.62	47.2	21.63	39.29	58.26	17.49	68.71	79.61	29.41	28.46	68.62	55.46	14.32	74.28	76.42	48.51	46.62	54.82	30.53
45	58.86	46.14	85.62	55.44	28.28	62.97	51.62	73.76	65.51	88.73	53.6	79.1	75.77	19.21	50.09	26.0	57.63	53.15	38.05	27.17	83.82	13.04	84.81	99.01	63.39	84.81	17.0	41.62	48.26	67.01	22.56	28.84	72.47	44.38	40.52	96.33	48.76	57.78	97.35	65.95	26.91	56.75	38.42	72.01	32.56	0.0	21.1	91.22	31.78	22.8	15.23	7.21	33.62	22.67	81.32	61.98	61.85	15.81	59.84	71.22	35.23	51.62	74.0	80.01	39.56	65.76	58.86
46	40.01	25.06	64.85	36.24	18.03	42.52	34.21	69.84	61.91	67.94	51.4	62.82	55.03	26.68	44.29	13.6	36.8	44.27	21.93	21.93	63.32	30.61	65.51	78.75	53.15	65.51	33.29	20.62	34.0	59.14	17.03	27.66	53.0	43.19	28.86	76.4	29.07	48.8	76.28	46.32	29.07	44.65	17.69	50.99	22.02	21.1	0.0	70.94	26.4	26.4	6.4	25.0	36.89	26.02	61.07	57.8	49.4	29.07	48.66	50.33	32.89	52.33	59.3	62.8	26.31	45.61	40.01
47	55.33	48.37	35.34	36.4	77.83	28.43	42.54	80.31	78.01	8.94	78.09	70.61	36.5	95.41	68.66	75.29	34.67	61.19	68.15	71.87	39.92	101.53	12.17	7.81	57.04	12.17	104.02	50.8	71.81	65.03	73.01	90.34	20.12	78.16	59.03	7.0	54.71	88.68	20.25	25.81	93.94	79.51	53.26	32.0	77.88	91.22	70.94	0.0	85.49	82.15	77.34	92.85	84.17	92.78	9.9	75.11	80.1	99.4	54.33	22.47	91.92	84.72	40.31	65.97	57.31	25.46	55.33
48	37.01	37.64	67.94	56.32	9.06	58.52	57.04	96.18	88.19	80.13	77.39	50.8	58.69	17.12	70.66	13.34	51.55	70.58	17.49	47.71	64.66	30.0	83.24	93.04	79.12	83.24	29.27	37.34	20.62	85.44	42.44	5.83	71.06	68.82	55.03	91.92	31.62	26.0	84.81	64.54	10.3	26.02	37.01	57.8	7.62	31.78	26.4	85.49	0.0	49.5	24.21	38.91	60.83	12.17	76.32	84.12	31.06	24.08	74.46	63.07	7.0	77.62	83.15	52.89	52.2	62.36	37.01
49	65.12	46.01	85.71	46.07	42.8	56.08	39.66	50.99	42.76	81.86	30.81	88.89	76.32	41.15	28.16	38.83	52.89	32.57	48.33	10.3	85.21	35.36	73.41	89.59	43.01	73.41	39.46	40.05	60.37	45.28	11.0	48.41	62.13	21.59	24.04	86.02	53.76	74.2	92.7	56.44	47.71	70.83	36.06	70.86	47.2	22.8	26.4	82.15	49.5	0.0	25.61	18.0	11.4	43.57	72.56	39.32	75.66	38.6	40.31	65.79	54.67	29.07	56.6	88.53	25.0	57.7	65.12
50	44.18	31.06	70.38	42.54	17.2	48.92	40.16	72.5	64.4	74.28	53.34	65.76	60.54	21.1	47.17	13.42	43.14	48.05	24.33	23.71	68.62	24.21	71.87	85.15	57.43	71.87	26.93	26.91	35.74	62.82	18.36	24.17	59.36	44.65	33.14	82.8	33.73	48.6	82.42	52.7	24.74	45.62	24.08	56.82	21.63	15.23	6.4	77.34	24.21	25.61	0.0	20.1	36.8	21.21	67.48	60.42	50.57	22.85	53.15	56.64	30.02	53.41	64.78	66.19	31.0	52.01	44.18
51	64.28	49.77	89.81	56.59	34.93	65.0	51.86	68.73	60.53	91.02	48.51	85.38	80.01	26.17	46.1	32.25	60.21	50.01	44.05	24.7	88.32	17.72	85.63	100.57	60.42	85.63	21.84	44.72	54.74	63.2	21.1	36.06	73.54	39.32	38.91	97.59	53.76	64.88	100.34	67.21	34.06	63.6	41.18	75.77	39.29	7.21	25.0	92.85	38.91	18.0	20.1	0.0	27.89	29.83	82.98	57.22	68.68	21.95	57.28	73.78	42.44	45.88	72.5	86.05	38.59	67.48	64.28
52	74.04	53.6	92.02	49.48	53.91	60.21	42.06	41.11	33.02	85.07	21.0	98.43	83.02	52.35	21.47	49.82	58.22	27.8	58.67	16.49	92.05	45.61	74.3	91.24	37.74	74.3	49.73	47.52	70.83	37.95	20.12	59.82	64.08	12.17	25.3	87.24	62.64	85.28	96.77	59.14	59.08	81.54	43.57	77.03	58.26	33.62	36.89	84.17	60.83	11.4	36.8	27.89	0.0	54.92	75.03	30.07	86.28	49.4	36.24	70.21	66.07	18.03	53.76	97.72	27.66	61.13	74.04
53	48.02	44.42	78.41	60.73	15.56	64.85	59.84	93.05	84.86	88.23	73.41	62.97	68.88	5.0	68.01	17.49	58.18	69.23	27.02	44.27	75.45	18.11	89.16	100.5	78.64	89.16	17.12	42.54	32.57	83.95	38.9	7.07	76.69	64.4	54.33	98.88	41.04	36.88	94.11	70.01	4.24	38.01	41.11	67.18	17.49	22.67	26.02	92.78	12.17	43.57	21.21	29.83	54.92	0.0	83.24	80.99	43.0	12.0	74.33	70.72	13.0	72.56	85.29	65.0	52.09	68.45	48.02
54	48.01	38.91	33.3	26.63	68.45	18.6	33.11	74.33	71.25	11.05	70.26	65.79	31.78	85.76	60.53	65.76	25.06	53.24	59.14	62.27	37.2	91.68	10.3	17.69	50.25	10.3	94.2	41.05	63.64	58.69	63.25	81.02	11.18	69.63	49.77	15.65	46.1	81.1	24.33	16.12	84.53	72.03	43.42	25.96	68.71	81.32	61.07	9.9	76.32	72.56	67.48	82.98	75.03	83.24	0.0	68.07	73.06	89.63	47.01	14.04	82.87	76.66	35.11	61.47	47.85	15.56	48.01
55	85.8	63.6	94.25	49.4	75.8	59.77	41.63	12.08	4.24	79.1	9.22	111.02	87.09	79.4	13.6	71.34	61.33	17.0	76.69	36.77	95.86	74.67	63.29	80.62	18.11	63.29	78.77	58.26	88.53	11.66	42.15	84.58	57.22	18.0	31.11	75.8	75.29	105.6	92.27	55.11	84.86	99.9	55.23	80.06	79.61	61.98	57.8	75.11	84.12	39.32	60.42	57.22	30.07	80.99	68.07	0.0	104.0	77.67	21.1	69.12	90.34	15.26	36.14	109.0	34.66	58.69	85.8
56	25.08	42.94	51.62	63.16	33.84	59.67	67.6	115.52	108.25	72.44	99.09	21.95	45.12	48.0	90.52	37.16	53.16	88.09	27.8	70.8	47.01	61.03	82.39	86.47	94.3	82.39	60.03	46.87	15.62	102.2	66.29	36.01	72.37	91.68	72.92	87.09	30.87	10.63	72.12	67.19	40.11	5.1	49.2	48.17	29.41	61.85	49.4	80.1	31.06	75.66	50.57	68.68	86.28	43.0	73.06	104.0	0.0	55.0	89.31	59.14	31.4	101.04	92.31	25.61	69.43	63.56	25.08
57	58.6	51.66	88.2	65.3	25.5	71.03	62.97	89.5	81.25	95.67	69.38	74.81	78.49	7.0	65.49	25.81	64.82	68.01	37.12	42.05	85.59	6.32	94.51	107.2	78.03	94.51	5.39	48.6	44.15	82.22	37.0	19.03	81.99	60.17	54.33	105.12	50.48	48.66	102.65	75.29	15.3	50.01	46.32	76.06	28.46	15.81	29.07	99.4	24.08	38.6	22.85	21.95	49.4	12.0	89.63	77.67	55.0	0.0	74.17	77.99	24.52	67.42	87.1	76.69	52.77	74.33	58.6
58	68.59	46.86	73.74	29.68	65.52	39.4	22.67	29.07	24.52	58.03	24.04	93.43	67.08	74.03	15.81	61.13	41.88	8.49	63.51	32.76	75.64	72.84	42.76	60.21	5.0	42.76	76.66	42.44	74.43	13.6	37.34	76.3	36.12	26.4	20.02	55.54	59.03	92.59	71.18	34.21	77.65	85.76	40.31	59.93	68.62	59.84	48.66	54.33	74.46	40.31	53.15	57.28	36.24	74.33	47.01	21.1	89.31	74.17	0.0	48.38	81.25	31.02	17.8	90.91	22.36	37.95	68.59
59	34.06	26.4	25.5	21.02	55.57	10.05	29.0	77.25	72.8	17.69	69.46	53.23	20.52	73.6	59.3	53.25	13.6	52.77	45.69	55.66	28.02	80.61	23.35	29.97	52.55	23.35	82.81	29.73	49.65	61.47	55.54	68.0	15.62	67.01	45.28	29.12	32.28	67.07	26.93	14.32	71.69	58.01	32.8	13.6	55.46	71.22	50.33	22.47	63.07	65.79	56.64	73.78	70.21	70.72	14.04	69.12	59.14	77.99	48.38	0.0	69.46	75.11	41.23	49.24	42.58	10.44	34.06
60	41.73	44.38	72.86	63.29	16.03	65.25	64.03	102.42	94.37	86.31	83.35	52.5	63.89	17.72	76.97	20.22	58.24	77.16	23.77	53.71	69.31	30.81	89.99	99.4	85.87	89.99	29.15	44.28	24.21	92.03	48.37	6.4	77.88	74.63	61.68	98.43	37.59	24.19	90.44	71.39	9.22	26.68	44.01	63.51	14.32	35.23	32.89	91.92	7.0	54.67	30.02	42.44	66.07	13.0	82.87	90.34	31.4	24.52	81.25	69.46	0.0	83.23	90.14	55.15	58.94	69.12	41.73
61	85.87	64.08	99.14	54.23	70.09	65.19	46.17	24.19	16.76	87.46	7.21	110.94	91.01	70.21	16.12	65.8	65.12	23.54	73.25	30.41	100.02	63.6	73.5	90.96	30.02	73.5	67.72	58.18	85.43	26.17	35.38	77.1	65.49	9.43	31.32	86.4	74.71	101.12	100.18	62.03	76.66	96.54	54.56	84.34	74.28	51.62	52.33	84.72	77.62	29.07	53.41	45.88	18.03	72.56	76.66	15.26	101.04	67.42	31.02	75.11	83.23	0.0	48.3	109.59	34.79	65.01	85.87
62	68.96	49.65	66.29	29.15	74.11	34.83	26.17	40.05	38.47	45.88	41.15	92.2	61.62	85.84	33.6	70.03	39.96	26.25	69.43	47.85	69.2	86.68	28.16	45.01	18.38	28.16	90.25	47.07	78.75	25.18	51.62	86.0	26.08	44.2	33.62	40.05	61.47	97.42	59.2	27.59	88.09	89.54	46.39	54.49	76.42	74.0	59.3	40.31	83.15	56.6	64.78	72.5	53.76	85.29	35.11	36.14	92.31	87.1	17.8	41.23	90.14	48.3	0.0	88.87	34.48	31.83	68.96
63	23.77	45.65	32.02	61.55	52.24	54.04	68.25	119.4	113.16	57.27	106.07	5.1	29.73	69.86	96.38	54.01	49.5	92.09	42.01	81.27	27.02	82.2	71.69	70.86	95.78	71.69	82.0	51.43	32.56	104.48	77.88	58.52	64.66	100.22	78.77	72.78	35.11	36.12	53.01	61.4	62.94	29.15	55.04	35.78	48.51	80.01	62.8	65.97	52.89	88.53	66.19	86.05	97.72	65.0	61.47	109.0	25.61	76.69	90.91	49.24	55.15	109.59	88.87	0.0	75.18	57.2	23.77
64	51.62	29.53	65.12	21.84	43.32	32.56	14.76	46.1	38.9	57.58	30.89	76.85	56.57	52.04	21.4	38.9	31.02	18.87	42.44	14.87	65.62	52.2	48.41	64.66	26.93	48.41	55.79	23.85	54.04	33.54	17.49	53.94	37.22	25.71	3.61	61.03	40.8	71.56	69.12	31.78	55.33	65.44	20.62	50.16	46.62	39.56	26.31	57.31	52.2	25.0	31.0	38.59	27.66	52.09	47.85	34.66	69.43	52.77	22.36	42.58	58.94	34.79	34.48	75.18	0.0	33.53	51.62
65	38.9	24.74	35.85	11.7	54.08	4.0	19.24	66.85	62.36	24.17	59.21	60.75	30.0	70.71	49.09	51.08	11.05	42.43	45.71	47.42	38.08	76.22	20.88	33.24	42.15	20.88	78.82	25.94	52.04	51.08	48.02	66.73	9.0	57.14	35.9	30.81	34.01	70.35	35.69	4.24	70.01	61.66	28.02	22.8	54.82	65.76	45.61	25.46	62.36	57.7	52.01	67.48	61.13	68.45	15.56	58.69	63.56	74.33	37.95	10.44	69.12	65.01	31.83	57.2	33.53	0.0	38.9
;
