set K:= 1	2	3	4	5	6	7	8	9;
set C_H:= 1	2	3	4	5	6	7	8	9	10	11	12	13	14	15	16	17	18;
set C_S:= 19	20	21	22	23	24	25	26	27	28	29	30	31	32	33	34	35	36;
set C_F:= 37	38	39	40	41	42	43	44	45	46	47	48	49	50	51	52	53	54;
set M:= 55	56	57	58	59	60;
set L_B:= 61	62	63	64	65	66	67	68	69;
set A1:=
(0,*) 1 2 3 4 5 6 7 8 9 10 11 12 13 14 15 16 17 18 37 38 39 40 41 42 43 44 45 46 47 48 49 50 51 52 53 54 55 56 57 58 59 60 61 62 63 64 65 66 67 68 69 70
(1,*) 0 2 3 4 5 6 7 8 9 10 11 12 13 14 15 16 17 18 37 38 39 40 41 42 43 44 45 46 47 48 49 50 51 52 53 54 55 56 57 58 59 60 61 62 63 64 65 66 67 68 69 70
(2,*) 0 1 3 4 5 6 7 8 9 10 11 12 13 14 15 16 17 18 37 38 39 40 41 42 43 44 45 46 47 48 49 50 51 52 53 54 55 56 57 58 59 60 61 62 63 64 65 66 67 68 69 70
(3,*) 0 1 2 4 5 6 7 8 9 10 11 12 13 14 15 16 17 18 37 38 39 40 41 42 43 44 45 46 47 48 49 50 51 52 53 54 55 56 57 58 59 60 61 62 63 64 65 66 67 68 69 70
(4,*) 0 1 2 3 5 6 7 8 9 10 11 12 13 14 15 16 17 18 37 38 39 40 41 42 43 44 45 46 47 48 49 50 51 52 53 54 55 56 57 58 59 60 61 62 63 64 65 66 67 68 69 70
(5,*) 0 1 2 3 4 6 7 8 9 10 11 12 13 14 15 16 17 18 37 38 39 40 41 42 43 44 45 46 47 48 49 50 51 52 53 54 55 56 57 58 59 60 61 62 63 64 65 66 67 68 69 70
(6,*) 0 1 2 3 4 5 7 8 9 10 11 12 13 14 15 16 17 18 37 38 39 40 41 42 43 44 45 46 47 48 49 50 51 52 53 54 55 56 57 58 59 60 61 62 63 64 65 66 67 68 69 70
(7,*) 0 1 2 3 4 5 6 8 9 10 11 12 13 14 15 16 17 18 37 38 39 40 41 42 43 44 45 46 47 48 49 50 51 52 53 54 55 56 57 58 59 60 61 62 63 64 65 66 67 68 69 70
(8,*) 0 1 2 3 4 5 6 7 9 10 11 12 13 14 15 16 17 18 37 38 39 40 41 42 43 44 45 46 47 48 49 50 51 52 53 54 55 56 57 58 59 60 61 62 63 64 65 66 67 68 69 70
(9,*) 0 1 2 3 4 5 6 7 8 10 11 12 13 14 15 16 17 18 37 38 39 40 41 42 43 44 45 46 47 48 49 50 51 52 53 54 55 56 57 58 59 60 61 62 63 64 65 66 67 68 69 70
(10,*) 0 1 2 3 4 5 6 7 8 9 11 12 13 14 15 16 17 18 37 38 39 40 41 42 43 44 45 46 47 48 49 50 51 52 53 54 55 56 57 58 59 60 61 62 63 64 65 66 67 68 69 70
(11,*) 0 1 2 3 4 5 6 7 8 9 10 12 13 14 15 16 17 18 37 38 39 40 41 42 43 44 45 46 47 48 49 50 51 52 53 54 55 56 57 58 59 60 61 62 63 64 65 66 67 68 69 70
(12,*) 0 1 2 3 4 5 6 7 8 9 10 11 13 14 15 16 17 18 37 38 39 40 41 42 43 44 45 46 47 48 49 50 51 52 53 54 55 56 57 58 59 60 61 62 63 64 65 66 67 68 69 70
(13,*) 0 1 2 3 4 5 6 7 8 9 10 11 12 14 15 16 17 18 37 38 39 40 41 42 43 44 45 46 47 48 49 50 51 52 53 54 55 56 57 58 59 60 61 62 63 64 65 66 67 68 69 70
(14,*) 0 1 2 3 4 5 6 7 8 9 10 11 12 13 15 16 17 18 37 38 39 40 41 42 43 44 45 46 47 48 49 50 51 52 53 54 55 56 57 58 59 60 61 62 63 64 65 66 67 68 69 70
(15,*) 0 1 2 3 4 5 6 7 8 9 10 11 12 13 14 16 17 18 37 38 39 40 41 42 43 44 45 46 47 48 49 50 51 52 53 54 55 56 57 58 59 60 61 62 63 64 65 66 67 68 69 70
(16,*) 0 1 2 3 4 5 6 7 8 9 10 11 12 13 14 15 17 18 37 38 39 40 41 42 43 44 45 46 47 48 49 50 51 52 53 54 55 56 57 58 59 60 61 62 63 64 65 66 67 68 69 70
(17,*) 0 1 2 3 4 5 6 7 8 9 10 11 12 13 14 15 16 18 37 38 39 40 41 42 43 44 45 46 47 48 49 50 51 52 53 54 55 56 57 58 59 60 61 62 63 64 65 66 67 68 69 70
(18,*) 0 1 2 3 4 5 6 7 8 9 10 11 12 13 14 15 16 17 37 38 39 40 41 42 43 44 45 46 47 48 49 50 51 52 53 54 55 56 57 58 59 60 61 62 63 64 65 66 67 68 69 70
(37,*) 0 1 2 3 4 5 6 7 8 9 10 11 12 13 14 15 16 17 18 38 39 40 41 42 43 44 45 46 47 48 49 50 51 52 53 54 55 56 57 58 59 60 61 62 63 64 65 66 67 68 69 70
(38,*) 0 1 2 3 4 5 6 7 8 9 10 11 12 13 14 15 16 17 18 37 39 40 41 42 43 44 45 46 47 48 49 50 51 52 53 54 55 56 57 58 59 60 61 62 63 64 65 66 67 68 69 70
(39,*) 0 1 2 3 4 5 6 7 8 9 10 11 12 13 14 15 16 17 18 37 38 40 41 42 43 44 45 46 47 48 49 50 51 52 53 54 55 56 57 58 59 60 61 62 63 64 65 66 67 68 69 70
(40,*) 0 1 2 3 4 5 6 7 8 9 10 11 12 13 14 15 16 17 18 37 38 39 41 42 43 44 45 46 47 48 49 50 51 52 53 54 55 56 57 58 59 60 61 62 63 64 65 66 67 68 69 70
(41,*) 0 1 2 3 4 5 6 7 8 9 10 11 12 13 14 15 16 17 18 37 38 39 40 42 43 44 45 46 47 48 49 50 51 52 53 54 55 56 57 58 59 60 61 62 63 64 65 66 67 68 69 70
(42,*) 0 1 2 3 4 5 6 7 8 9 10 11 12 13 14 15 16 17 18 37 38 39 40 41 43 44 45 46 47 48 49 50 51 52 53 54 55 56 57 58 59 60 61 62 63 64 65 66 67 68 69 70
(43,*) 0 1 2 3 4 5 6 7 8 9 10 11 12 13 14 15 16 17 18 37 38 39 40 41 42 44 45 46 47 48 49 50 51 52 53 54 55 56 57 58 59 60 61 62 63 64 65 66 67 68 69 70
(44,*) 0 1 2 3 4 5 6 7 8 9 10 11 12 13 14 15 16 17 18 37 38 39 40 41 42 43 45 46 47 48 49 50 51 52 53 54 55 56 57 58 59 60 61 62 63 64 65 66 67 68 69 70
(45,*) 0 1 2 3 4 5 6 7 8 9 10 11 12 13 14 15 16 17 18 37 38 39 40 41 42 43 44 46 47 48 49 50 51 52 53 54 55 56 57 58 59 60 61 62 63 64 65 66 67 68 69 70
(46,*) 0 1 2 3 4 5 6 7 8 9 10 11 12 13 14 15 16 17 18 37 38 39 40 41 42 43 44 45 47 48 49 50 51 52 53 54 55 56 57 58 59 60 61 62 63 64 65 66 67 68 69 70
(47,*) 0 1 2 3 4 5 6 7 8 9 10 11 12 13 14 15 16 17 18 37 38 39 40 41 42 43 44 45 46 48 49 50 51 52 53 54 55 56 57 58 59 60 61 62 63 64 65 66 67 68 69 70
(48,*) 0 1 2 3 4 5 6 7 8 9 10 11 12 13 14 15 16 17 18 37 38 39 40 41 42 43 44 45 46 47 49 50 51 52 53 54 55 56 57 58 59 60 61 62 63 64 65 66 67 68 69 70
(49,*) 0 1 2 3 4 5 6 7 8 9 10 11 12 13 14 15 16 17 18 37 38 39 40 41 42 43 44 45 46 47 48 50 51 52 53 54 55 56 57 58 59 60 61 62 63 64 65 66 67 68 69 70
(50,*) 0 1 2 3 4 5 6 7 8 9 10 11 12 13 14 15 16 17 18 37 38 39 40 41 42 43 44 45 46 47 48 49 51 52 53 54 55 56 57 58 59 60 61 62 63 64 65 66 67 68 69 70
(51,*) 0 1 2 3 4 5 6 7 8 9 10 11 12 13 14 15 16 17 18 37 38 39 40 41 42 43 44 45 46 47 48 49 50 52 53 54 55 56 57 58 59 60 61 62 63 64 65 66 67 68 69 70
(52,*) 0 1 2 3 4 5 6 7 8 9 10 11 12 13 14 15 16 17 18 37 38 39 40 41 42 43 44 45 46 47 48 49 50 51 53 54 55 56 57 58 59 60 61 62 63 64 65 66 67 68 69 70
(53,*) 0 1 2 3 4 5 6 7 8 9 10 11 12 13 14 15 16 17 18 37 38 39 40 41 42 43 44 45 46 47 48 49 50 51 52 54 55 56 57 58 59 60 61 62 63 64 65 66 67 68 69 70
(54,*) 0 1 2 3 4 5 6 7 8 9 10 11 12 13 14 15 16 17 18 37 38 39 40 41 42 43 44 45 46 47 48 49 50 51 52 53 55 56 57 58 59 60 61 62 63 64 65 66 67 68 69 70
(55,*) 0 1 2 3 4 5 6 7 8 9 10 11 12 13 14 15 16 17 18 37 38 39 40 41 42 43 44 45 46 47 48 49 50 51 52 53 54 56 57 58 59 60 61 62 63 64 65 66 67 68 69 70
(56,*) 0 1 2 3 4 5 6 7 8 9 10 11 12 13 14 15 16 17 18 37 38 39 40 41 42 43 44 45 46 47 48 49 50 51 52 53 54 55 57 58 59 60 61 62 63 64 65 66 67 68 69 70
(57,*) 0 1 2 3 4 5 6 7 8 9 10 11 12 13 14 15 16 17 18 37 38 39 40 41 42 43 44 45 46 47 48 49 50 51 52 53 54 55 56 58 59 60 61 62 63 64 65 66 67 68 69 70
(58,*) 0 1 2 3 4 5 6 7 8 9 10 11 12 13 14 15 16 17 18 37 38 39 40 41 42 43 44 45 46 47 48 49 50 51 52 53 54 55 56 57 59 60 61 62 63 64 65 66 67 68 69 70
(59,*) 0 1 2 3 4 5 6 7 8 9 10 11 12 13 14 15 16 17 18 37 38 39 40 41 42 43 44 45 46 47 48 49 50 51 52 53 54 55 56 57 58 60 61 62 63 64 65 66 67 68 69 70
(60,*) 0 1 2 3 4 5 6 7 8 9 10 11 12 13 14 15 16 17 18 37 38 39 40 41 42 43 44 45 46 47 48 49 50 51 52 53 54 55 56 57 58 59 61 62 63 64 65 66 67 68 69 70
(61,*) 0 1 2 3 4 5 6 7 8 9 10 11 12 13 14 15 16 17 18 37 38 39 40 41 42 43 44 45 46 47 48 49 50 51 52 53 54 55 56 57 58 59 60 62 63 64 65 66 67 68 69 70
(62,*) 0 1 2 3 4 5 6 7 8 9 10 11 12 13 14 15 16 17 18 37 38 39 40 41 42 43 44 45 46 47 48 49 50 51 52 53 54 55 56 57 58 59 60 61 63 64 65 66 67 68 69 70
(63,*) 0 1 2 3 4 5 6 7 8 9 10 11 12 13 14 15 16 17 18 37 38 39 40 41 42 43 44 45 46 47 48 49 50 51 52 53 54 55 56 57 58 59 60 61 62 64 65 66 67 68 69 70
(64,*) 0 1 2 3 4 5 6 7 8 9 10 11 12 13 14 15 16 17 18 37 38 39 40 41 42 43 44 45 46 47 48 49 50 51 52 53 54 55 56 57 58 59 60 61 62 63 65 66 67 68 69 70
(65,*) 0 1 2 3 4 5 6 7 8 9 10 11 12 13 14 15 16 17 18 37 38 39 40 41 42 43 44 45 46 47 48 49 50 51 52 53 54 55 56 57 58 59 60 61 62 63 64 66 67 68 69 70
(66,*) 0 1 2 3 4 5 6 7 8 9 10 11 12 13 14 15 16 17 18 37 38 39 40 41 42 43 44 45 46 47 48 49 50 51 52 53 54 55 56 57 58 59 60 61 62 63 64 65 67 68 69 70
(67,*) 0 1 2 3 4 5 6 7 8 9 10 11 12 13 14 15 16 17 18 37 38 39 40 41 42 43 44 45 46 47 48 49 50 51 52 53 54 55 56 57 58 59 60 61 62 63 64 65 66 68 69 70
(68,*) 0 1 2 3 4 5 6 7 8 9 10 11 12 13 14 15 16 17 18 37 38 39 40 41 42 43 44 45 46 47 48 49 50 51 52 53 54 55 56 57 58 59 60 61 62 63 64 65 66 67 69 70
(69,*) 0 1 2 3 4 5 6 7 8 9 10 11 12 13 14 15 16 17 18 37 38 39 40 41 42 43 44 45 46 47 48 49 50 51 52 53 54 55 56 57 58 59 60 61 62 63 64 65 66 67 68 70
(70,*) 0 1 2 3 4 5 6 7 8 9 10 11 12 13 14 15 16 17 18 37 38 39 40 41 42 43 44 45 46 47 48 49 50 51 52 53 54 55 56 57 58 59 60 61 62 63 64 65 66 67 68 69
;
set A2:=
(55,*) 56
(56,*) 55
;
param BigM:=99999;
param n:= 9;
param d:=
1	25
2	11
3	20
4	10
5	36
6	7
7	21
8	22
9	22
10	12
11	15
12	14
13	66
14	10
15	7
16	24
17	7
18	12
19	3
20	4
21	21
22	13
23	14
24	11
25	11
26	10
27	19
28	11
29	25
30	2
31	18
32	13
33	3
34	20
35	10
36	18
37	12
38	20
39	16
40	17
41	6
42	21
43	17
44	22
45	23
46	19
47	15
48	7
49	15
50	24
51	10
52	12
53	5
54	11
;
param Q:=100;
param w:=
[55,*] 56 1.5
[56,*] 55 1.5
;
param V:=
[55,*] 56 99
[56,*] 55 99
;
param e:
	55	56	57	58	59	60	61	62	63	64	65	66	67	68	69:=
19		0		0		1		0		0		0		0		0		0		0		0		0		0		0		0	
20		0		0		0		1		0		0		0		0		0		0		0		0		0		0		0	
21		0		0		0		1		0		0		0		0		0		0		0		0		0		0		0	
22		0		0		0		0		0		0		0		0		0		0		0		1		1		0		0	
23		0		1		0		0		0		0		0		0		0		0		0		0		0		0		0	
24		0		0		0		0		0		0		1		0		0		1		0		0		0		0		0	
25		1		0		0		0		1		0		0		1		0		0		0		0		0		0		0	
26		1		0		0		0		0		0		0		0		0		0		0		0		0		0		0	
27		0		0		0		0		1		0		0		1		0		0		0		0		0		0		0	
28		0		0		0		1		0		0		0		0		0		0		0		0		0		0		0	
29		0		0		1		0		0		0		0		0		1		0		0		0		0		0		1	
30		0		0		0		0		0		0		1		0		0		0		0		0		1		0		0	
31		0		0		0		0		0		1		0		0		1		0		0		1		0		0		1	
32		0		0		1		0		0		1		0		0		1		0		0		0		0		0		0	
33		0		1		0		0		0		1		0		0		0		0		0		1		0		0		0	
34		1		0		0		0		0		0		0		0		0		0		1		0		0		0		0	
35		0		0		0		0		0		0		0		0		0		0		0		0		0		1		0	
36		0		1		0		0		0		0		0		0		0		0		0		0		0		0		0	
37		0		1		0		0		0		0		0		0		0		0		0		0		1		0		0	
38		0		0		1		0		0		0		0		0		1		0		0		0		0		0		1	
39		0		0		0		0		0		0		1		0		0		0		0		1		1		0		0	
40		1		0		0		0		1		0		0		1		0		0		0		0		0		0		0	
41		0		0		0		0		0		1		0		0		0		0		0		0		0		0		0	
42		1		0		0		0		0		0		0		0		0		0		1		0		0		1		0	
43		0		0		0		0		0		0		1		0		0		1		0		0		1		0		0	
44		0		0		0		0		0		0		1		0		0		0		0		1		1		0		0	
45		0		0		0		0		0		0		0		0		0		0		1		0		0		0		0	
46		0		0		0		0		0		0		1		0		0		1		0		0		1		0		0	
47		1		0		0		0		1		0		0		1		0		0		0		0		0		0		0	
48		0		0		0		0		0		0		0		0		0		0		1		0		0		1		0	
49		0		0		0		0		0		0		1		0		0		1		0		0		1		0		0	
50		0		0		0		0		0		0		1		0		0		1		0		0		1		0		0	
51		0		0		0		0		0		1		0		0		1		0		0		0		0		0		1	
52		0		0		0		0		1		0		0		0		0		0		1		0		0		1		0	
53		0		0		0		0		1		0		0		0		0		0		1		0		0		1		0	
54		0		1		0		0		0		0		0		0		1		0		0		1		0		0		0	
;
param p:=
1	1
2	1
3	1
4	1
5	1
6	1
7	1
8	1
9	1
;
param G:=
55	90
56	99
57	91
58	91
59	98
60	72
61	88
62	93
63	85
64	70
65	77
66	95
67	84
68	73
69	85
;
param s:=
0	0
1	10
2	10
3	10
4	10
5	10
6	10
7	10
8	10
9	10
10	10
11	10
12	10
13	10
14	10
15	10
16	10
17	10
18	10
37	10
38	10
39	10
40	10
41	10
42	10
43	10
44	10
45	10
46	10
47	10
48	10
49	10
50	10
51	10
52	10
53	10
54	10
55	10
56	10
57	10
58	10
59	10
60	10
61	10
62	10
63	10
64	10
65	10
66	10
67	10
68	10
69	10
;
param t:
	0	1	2	3	4	5	6	7	8	9	10	11	12	13	14	15	16	17	18	19	20	21	22	23	24	25	26	27	28	29	30	31	32	33	34	35	36	37	38	39	40	41	42	43	44	45	46	47	48	49	50	51	52	53	54	55	56	57	58	59	60	61	62	63	64	65	66	67	68	69	70:=
0	0.0	26.91	34.37	48.85	10.0	52.2	31.11	66.31	34.66	22.83	29.41	19.85	27.07	56.65	30.02	58.25	80.81	65.8	47.2	60.44	18.6	26.63	25.5	52.2	27.46	38.83	37.7	52.39	29.61	67.48	6.71	60.75	73.41	59.44	20.52	60.21	61.03	48.55	71.59	18.68	43.19	65.46	30.07	33.62	14.87	16.28	26.93	40.8	22.36	27.29	31.89	55.57	39.05	38.33	43.17	37.64	50.22	77.16	27.78	47.51	61.61	15.26	52.5	57.63	27.78	28.16	37.95	23.35	41.63	57.28	0.0
1	26.91	0.0	29.68	65.01	27.86	32.39	4.47	92.18	61.52	31.06	6.71	7.07	17.46	73.03	6.71	60.9	88.24	91.79	74.03	78.01	34.21	33.06	25.96	32.39	4.24	65.3	62.97	78.39	49.04	76.22	20.81	56.59	76.32	51.86	47.42	84.5	35.34	23.77	79.48	25.0	70.01	60.14	52.5	12.08	25.32	43.14	9.43	67.36	47.41	15.65	6.08	68.73	62.3	62.39	38.42	64.54	32.28	84.17	42.43	74.06	64.5	12.21	79.4	62.17	5.66	52.39	36.72	3.61	67.74	64.26	26.91
2	34.37	29.68	0.0	42.72	26.02	25.61	29.55	82.07	61.98	15.23	24.17	29.0	45.25	50.0	36.36	31.3	59.14	82.13	70.24	55.66	51.55	55.95	9.0	25.61	33.84	68.15	69.58	69.81	63.95	47.85	29.12	28.02	46.65	25.3	49.03	70.94	43.08	31.78	50.7	16.0	70.23	32.25	40.61	41.68	20.0	46.39	38.42	69.64	41.63	43.86	27.86	43.42	49.52	51.09	9.43	62.77	21.93	55.03	61.03	68.26	34.89	31.62	76.48	32.89	35.23	43.57	7.28	28.43	60.75	35.69	34.37
3	48.85	65.01	42.72	0.0	40.52	67.54	67.07	47.76	48.75	34.01	62.2	60.3	73.98	8.06	71.11	31.38	37.58	48.38	47.52	13.15	65.51	75.13	40.45	67.54	68.12	55.95	62.27	40.11	70.04	25.0	49.73	44.94	39.0	50.45	44.6	34.01	85.8	74.33	29.41	40.01	53.45	49.24	22.67	76.24	40.31	46.01	70.58	56.08	32.53	73.55	66.19	9.49	21.84	25.0	41.88	45.88	63.53	35.11	73.01	43.19	32.28	59.03	53.24	27.51	69.18	27.8	37.12	62.07	36.67	22.56	48.85
4	10.0	27.86	26.02	40.52	0.0	46.96	31.3	64.66	37.59	13.0	28.02	21.59	33.54	48.51	32.76	48.26	71.06	64.35	48.17	52.77	28.6	36.24	17.03	46.96	29.83	43.08	43.74	51.04	38.9	57.8	9.22	51.24	63.41	50.49	23.77	56.65	58.69	45.97	61.85	10.05	46.14	56.04	24.74	37.34	6.08	20.62	31.06	44.78	20.0	33.24	31.38	46.52	34.48	34.54	34.23	39.41	44.38	67.36	37.74	47.42	51.61	19.0	54.04	47.63	30.59	24.6	28.64	24.35	40.61	47.38	10.0
5	52.2	32.39	25.61	67.54	46.96	0.0	28.86	107.48	84.53	39.7	26.08	37.0	49.48	74.32	36.69	48.04	76.06	107.49	94.3	80.11	65.12	65.38	32.02	0.0	35.9	89.96	89.81	94.92	79.51	67.36	45.61	36.67	60.53	29.12	70.68	96.54	20.0	14.21	69.07	37.74	93.06	37.95	65.8	40.31	41.18	67.23	41.23	91.71	65.46	47.54	26.68	66.73	74.97	76.38	26.25	86.09	4.12	72.03	74.01	92.8	51.0	42.05	100.4	51.24	37.11	68.25	30.41	34.06	85.43	55.73	52.2
6	31.11	4.47	29.55	67.07	31.3	28.86	0.0	95.88	65.76	33.06	5.39	11.4	20.62	75.03	8.06	60.84	88.6	95.52	78.1	80.16	38.6	37.0	27.17	28.86	7.07	69.66	67.42	82.15	53.45	76.92	24.84	55.44	76.06	50.21	51.62	87.85	30.87	19.42	80.01	27.29	74.28	58.73	55.71	12.73	28.16	47.38	12.37	71.7	51.11	18.68	2.24	70.26	65.55	65.8	37.74	68.68	29.15	84.5	46.69	78.01	64.4	16.64	83.55	62.39	8.25	55.9	36.77	7.81	71.56	64.85	31.11
7	66.31	92.18	82.07	47.76	64.66	107.48	95.88	0.0	37.01	67.94	92.65	85.42	92.35	46.69	96.18	79.12	79.0	1.41	23.09	43.1	72.84	83.73	75.74	107.48	93.47	39.46	47.85	13.93	67.07	69.58	71.55	92.14	85.51	96.75	47.54	14.14	122.44	109.81	73.33	71.22	32.56	96.66	41.77	99.92	68.82	51.92	93.23	37.66	44.78	92.97	96.04	55.54	32.56	31.14	85.0	32.06	103.97	78.1	75.03	20.1	80.01	81.44	22.47	75.27	93.94	40.22	79.03	88.59	24.7	70.21	66.31
8	34.66	61.52	61.98	48.75	37.59	84.53	65.76	37.01	0.0	46.84	63.89	54.45	57.71	53.54	64.03	73.55	86.33	36.06	14.32	54.04	36.4	47.07	53.49	84.53	61.72	7.28	14.14	24.33	30.27	73.54	41.11	82.05	85.62	83.73	14.21	37.34	95.43	82.8	78.0	47.01	8.6	87.05	27.66	66.85	43.38	18.38	60.22	8.0	21.1	58.67	66.53	58.18	27.46	24.41	68.45	5.1	81.86	83.77	38.01	17.03	75.95	49.58	18.36	71.02	61.85	22.36	62.17	57.98	16.12	67.91	34.66
9	22.83	31.06	15.23	34.01	13.0	39.7	33.06	67.94	46.84	0.0	28.28	26.93	42.05	42.0	37.34	35.61	59.91	67.9	55.07	47.1	41.34	48.1	7.81	39.7	34.37	53.15	55.08	55.23	51.87	47.01	19.8	38.33	50.99	38.05	34.23	57.69	54.92	42.54	50.77	6.32	55.03	43.17	26.17	42.58	8.49	32.0	37.36	54.57	26.4	41.23	32.25	37.85	35.61	36.8	22.02	47.54	36.4	56.04	50.61	53.25	39.05	26.83	61.29	35.36	35.51	28.6	16.03	28.28	45.8	35.81	22.83
10	29.41	6.71	24.17	62.2	28.02	26.08	5.39	92.65	63.89	28.28	0.0	11.18	24.17	70.11	12.73	55.46	83.22	92.36	75.69	75.33	39.46	39.32	22.02	26.08	10.82	68.24	66.65	79.06	54.13	71.57	22.8	50.33	70.71	45.34	49.68	84.1	31.62	19.24	74.63	22.8	72.47	53.74	51.89	17.8	24.17	45.61	16.12	70.21	48.01	22.36	4.0	65.12	61.74	62.18	32.45	66.48	25.71	79.12	48.09	75.29	59.03	16.49	81.32	57.01	12.21	52.48	31.38	8.0	68.6	59.48	29.41
11	19.85	7.07	29.0	60.3	21.59	37.0	11.4	85.42	54.45	26.93	11.18	0.0	16.28	68.36	11.18	59.41	85.88	85.0	67.01	73.11	28.28	28.86	23.32	37.0	8.25	58.26	56.08	71.59	42.95	73.41	13.89	56.85	75.0	53.0	40.36	78.11	42.06	30.08	76.92	20.62	62.94	60.8	46.32	16.0	20.02	36.07	10.44	60.31	40.72	15.0	12.53	64.76	56.04	55.97	38.29	57.49	36.22	81.88	37.01	67.12	63.01	5.39	72.35	60.21	9.06	45.88	35.47	3.61	60.9	61.72	19.85
12	27.07	17.46	45.25	73.98	33.54	49.48	20.62	92.35	57.71	42.05	24.17	16.28	0.0	82.0	13.04	75.6	101.71	91.71	71.59	86.31	23.35	17.72	39.41	49.48	13.6	59.64	55.23	78.45	37.44	89.01	24.33	73.0	91.21	68.82	44.94	87.13	48.66	39.01	92.66	35.78	65.51	76.84	57.0	11.7	34.18	40.5	8.25	61.85	49.37	2.0	22.8	79.38	66.12	65.38	54.49	61.74	49.65	97.75	29.07	72.8	79.2	15.23	76.06	76.28	12.37	55.23	51.74	17.2	67.72	77.52	27.07
13	56.65	73.03	50.0	8.06	48.51	74.32	75.03	46.69	53.54	42.0	70.11	68.36	82.0	0.0	79.16	34.41	33.96	47.52	50.29	5.83	72.95	82.76	48.26	74.32	76.16	60.54	67.42	41.3	76.69	23.02	57.72	48.92	38.83	55.17	50.99	32.56	92.97	81.74	27.02	48.04	57.27	52.8	29.21	84.29	48.37	52.8	78.64	60.42	39.2	81.58	74.11	9.43	26.08	29.15	48.3	50.12	70.26	32.25	80.16	45.61	34.48	67.08	55.54	30.23	77.23	33.97	44.01	70.11	39.92	24.7	56.65
14	30.02	6.71	36.36	71.11	32.76	36.69	8.06	96.18	64.03	37.34	12.73	11.18	13.04	79.16	0.0	67.6	94.94	95.71	77.1	84.02	33.54	30.27	32.57	36.69	3.0	67.18	64.03	82.29	48.33	82.87	24.7	63.03	83.01	58.05	50.22	89.19	36.14	26.0	86.16	31.14	72.35	66.47	57.49	5.39	31.02	45.8	5.1	69.31	51.62	11.05	10.3	75.13	67.19	67.05	45.0	67.42	37.16	90.87	40.8	77.52	71.2	14.76	82.2	68.88	2.24	56.92	43.42	9.06	71.55	70.94	30.02
15	58.25	60.9	31.3	31.38	48.26	48.04	60.84	79.12	73.55	35.61	55.46	59.41	75.6	34.41	67.6	0.0	28.44	79.71	76.16	39.82	76.84	83.63	36.24	48.04	65.0	80.75	85.15	70.61	86.31	19.65	55.32	15.0	15.62	22.36	64.56	65.39	68.03	59.41	21.02	41.04	80.1	18.44	46.1	72.95	44.05	63.91	69.34	81.5	53.15	74.4	59.09	25.0	50.36	53.24	23.77	72.11	44.01	24.33	85.98	72.44	3.61	60.96	82.3	4.24	66.37	51.24	24.19	59.36	65.19	9.9	58.25
16	80.81	88.24	59.14	37.58	71.06	76.06	88.6	79.0	86.33	59.91	83.22	85.88	101.71	33.96	94.94	28.44	0.0	80.01	84.2	36.12	99.04	107.3	62.61	76.06	92.2	93.52	99.76	75.13	105.89	13.45	79.4	40.2	16.76	48.26	81.27	65.03	96.05	87.82	9.22	66.04	90.82	41.0	59.68	100.32	68.24	82.01	96.15	93.62	69.07	100.72	86.98	28.18	59.24	62.39	52.17	83.38	72.11	4.12	107.49	79.56	25.18	86.61	89.5	26.25	93.52	65.0	51.87	86.33	73.68	24.19	80.81
17	65.8	91.79	82.13	48.38	64.35	107.49	95.52	1.41	36.06	67.9	92.36	85.0	91.71	47.52	95.71	79.71	80.01	0.0	22.02	44.05	72.01	82.87	75.69	107.49	93.02	38.33	46.69	13.42	66.03	70.46	71.12	92.61	86.31	97.13	46.84	15.03	122.29	109.64	74.24	71.06	31.4	97.17	41.73	99.4	68.6	51.24	92.7	36.5	44.42	92.36	95.72	56.29	32.65	31.11	85.21	31.14	104.0	79.06	74.06	19.24	80.65	80.96	21.19	75.89	93.47	40.0	79.2	88.19	24.17	70.88	65.8
18	47.2	74.03	70.24	47.52	48.17	94.3	78.1	23.09	14.32	55.07	75.69	67.01	71.59	50.29	77.1	76.16	84.2	22.02	0.0	49.24	50.7	61.39	62.43	94.3	74.63	16.49	25.0	12.21	44.01	72.37	53.26	86.68	86.28	89.56	26.93	26.4	106.83	94.11	76.69	56.61	9.85	91.59	31.05	80.26	53.41	31.38	73.57	14.87	28.84	72.45	78.64	56.89	26.02	23.0	75.39	9.85	91.27	82.23	52.15	5.0	78.03	62.43	6.32	73.03	74.89	26.93	69.08	70.43	11.0	69.03	47.2
19	60.44	78.01	55.66	13.15	52.77	80.11	80.16	43.1	54.04	47.1	75.33	73.11	86.31	5.83	84.02	39.82	36.12	44.05	49.24	0.0	76.06	86.16	53.6	80.11	81.02	60.8	68.12	39.29	78.82	26.68	61.98	54.49	43.01	60.88	53.01	29.02	98.68	87.36	30.27	53.01	56.94	58.26	31.76	89.09	53.08	55.23	83.29	60.46	41.68	85.99	79.31	14.87	26.87	29.73	54.12	50.22	76.06	35.01	82.86	44.38	39.66	71.57	54.08	35.61	82.05	36.06	49.77	75.01	39.45	30.0	60.44
20	18.6	34.21	51.55	65.51	28.6	65.12	38.6	72.84	36.4	41.34	39.46	28.28	23.35	72.95	33.54	76.84	99.04	72.01	50.7	76.06	0.0	11.0	43.08	65.12	32.31	37.12	32.02	59.3	14.87	85.63	22.47	78.79	92.01	76.84	26.02	70.06	69.29	57.97	89.83	36.67	43.46	83.38	44.38	34.41	33.12	22.2	28.65	39.36	34.79	24.84	40.26	73.01	51.66	50.01	60.75	41.0	64.0	95.46	9.49	52.77	80.21	23.09	54.42	76.22	31.78	40.8	55.95	31.58	49.04	75.74	18.6
21	26.63	33.06	55.95	75.13	36.24	65.38	37.0	83.73	47.07	48.1	39.32	28.86	17.72	82.76	30.27	83.63	107.3	82.87	61.39	86.16	11.0	0.0	48.26	65.38	30.02	47.17	41.18	70.26	21.26	94.02	28.32	83.86	99.09	80.96	37.01	81.06	66.29	56.14	98.08	42.64	53.76	88.19	54.71	29.41	39.62	33.14	25.18	49.4	45.35	19.65	39.01	82.15	62.37	60.83	65.37	51.79	64.94	103.59	12.04	63.64	87.11	24.7	64.85	83.45	29.07	51.42	61.29	31.4	60.03	83.55	26.63
22	25.5	25.96	9.0	40.45	17.03	32.02	27.17	75.74	53.49	7.81	22.02	23.32	39.41	48.26	32.57	36.24	62.61	75.69	62.43	53.6	43.08	48.26	0.0	32.02	29.73	59.48	60.67	62.97	55.11	50.33	20.62	35.78	51.86	33.96	40.26	65.46	47.17	34.89	53.71	7.0	61.85	40.31	33.97	37.95	11.0	37.48	33.54	61.03	33.62	38.28	26.02	43.1	43.42	44.6	17.72	54.56	28.84	58.59	52.55	60.8	39.82	24.76	68.6	36.89	31.02	36.24	13.04	23.77	53.41	38.48	25.5
23	52.2	32.39	25.61	67.54	46.96	0.0	28.86	107.48	84.53	39.7	26.08	37.0	49.48	74.32	36.69	48.04	76.06	107.49	94.3	80.11	65.12	65.38	32.02	0.0	35.9	89.96	89.81	94.92	79.51	67.36	45.61	36.67	60.53	29.12	70.68	96.54	20.0	14.21	69.07	37.74	93.06	37.95	65.8	40.31	41.18	67.23	41.23	91.71	65.46	47.54	26.68	66.73	74.97	76.38	26.25	86.09	4.12	72.03	74.01	92.8	51.0	42.05	100.4	51.24	37.11	68.25	30.41	34.06	85.43	55.73	52.2
24	27.46	4.24	33.84	68.12	29.83	35.9	7.07	93.47	61.72	34.37	10.82	8.25	13.6	76.16	3.0	65.0	92.2	93.02	74.63	81.02	32.31	30.02	29.73	35.9	0.0	65.07	62.2	79.61	47.17	80.06	21.93	60.83	80.45	56.08	47.8	86.33	37.0	26.17	83.38	28.16	70.09	64.38	54.57	8.25	28.02	43.42	5.39	67.18	48.85	11.7	9.22	72.18	64.29	64.2	42.64	65.0	36.06	88.14	40.02	74.95	68.6	12.21	79.81	66.19	1.41	54.08	40.82	6.08	68.88	68.15	27.46
25	38.83	65.3	68.15	55.95	43.08	89.96	69.66	39.46	7.28	53.15	68.24	58.26	59.64	60.54	67.18	80.75	93.52	38.33	16.49	60.8	37.12	47.17	59.48	89.96	65.07	0.0	8.54	28.23	28.16	80.78	45.49	89.01	92.89	90.45	19.31	42.06	99.86	87.37	85.23	52.81	7.0	94.01	34.93	69.53	49.04	22.83	63.03	2.24	28.0	60.8	70.6	65.39	34.48	31.38	74.97	10.63	87.46	91.0	36.88	20.62	83.19	53.15	18.11	78.26	65.05	29.61	68.73	61.85	21.93	75.19	38.83
26	37.7	62.97	69.58	62.27	43.74	89.81	67.42	47.85	14.14	55.08	66.65	56.08	55.23	67.42	64.03	85.15	99.76	46.69	25.0	68.12	32.02	41.18	60.67	89.81	62.2	8.54	0.0	36.77	20.88	86.76	44.38	92.27	98.03	93.01	21.02	50.54	98.11	85.88	91.24	53.76	15.3	97.25	40.31	65.8	49.82	23.19	59.55	10.2	32.02	56.59	68.6	71.59	41.4	38.42	77.1	18.6	87.64	97.05	30.08	29.15	87.8	50.77	26.02	82.97	62.01	34.93	71.03	59.68	30.0	80.32	37.7
27	52.39	78.39	69.81	40.11	51.04	94.92	82.15	13.93	24.33	55.23	79.06	71.59	78.45	41.3	82.29	70.61	75.13	13.42	12.21	39.29	59.3	70.26	62.97	94.92	79.61	28.23	36.77	0.0	54.59	64.12	57.71	82.54	79.06	86.41	33.73	14.21	109.22	96.54	68.26	58.05	21.95	87.28	29.21	86.01	55.44	38.08	79.31	26.83	31.06	79.06	82.38	49.0	21.02	18.87	73.57	19.24	91.55	73.55	62.07	7.62	72.01	67.54	15.26	67.08	80.06	26.91	67.42	74.79	10.77	62.51	52.39
28	29.61	49.04	63.95	70.04	38.9	79.51	53.45	67.07	30.27	51.87	54.13	42.95	37.44	76.69	48.33	86.31	105.89	66.03	44.01	78.82	14.87	21.26	55.11	79.51	47.17	28.16	20.88	54.59	0.0	92.46	35.13	90.14	100.85	89.05	25.81	67.19	84.15	72.8	96.83	48.27	35.13	94.92	47.51	48.88	44.38	24.04	43.38	30.27	37.54	39.12	55.08	78.52	52.48	50.12	72.78	35.36	78.16	102.62	9.43	47.27	89.47	37.66	46.27	85.09	46.62	42.8	67.45	46.32	45.61	83.76	29.61
29	67.48	76.22	47.85	25.0	57.8	67.36	76.92	69.58	73.54	47.01	71.57	73.41	89.01	23.02	82.87	19.65	13.45	70.46	72.37	26.68	85.63	94.02	50.33	67.36	80.06	80.78	86.76	64.12	92.46	0.0	66.29	34.01	16.55	41.79	67.96	55.44	87.28	78.03	4.47	53.24	78.45	36.36	46.53	88.26	55.23	68.6	83.77	80.99	55.76	88.1	75.43	15.52	46.84	50.0	42.01	70.84	63.29	10.3	94.05	67.9	17.46	73.82	77.93	16.12	81.34	51.88	40.61	74.09	61.61	12.17	67.48
30	6.71	20.81	29.12	49.73	9.22	45.61	24.84	71.55	41.11	19.8	22.8	13.89	24.33	57.72	24.7	55.32	79.4	71.12	53.26	61.98	22.47	28.32	20.62	45.61	21.93	45.49	44.38	57.71	35.13	66.29	0.0	56.36	70.77	54.41	26.91	64.56	54.41	41.88	70.21	14.42	49.68	60.93	33.24	28.86	11.31	22.8	22.36	47.43	26.93	24.08	25.46	55.54	42.76	42.45	38.28	43.86	43.74	75.6	31.95	53.25	58.8	10.2	58.73	55.15	22.47	32.28	33.54	17.2	47.01	55.44	6.71
31	60.75	56.59	28.02	44.94	51.24	36.67	55.44	92.14	82.05	38.33	50.33	56.85	73.0	48.92	63.03	15.0	40.2	92.61	86.68	54.49	78.79	83.86	35.78	36.67	60.83	89.01	92.27	82.54	90.14	34.01	56.36	0.0	24.02	8.06	71.25	78.77	56.44	49.65	34.48	42.15	89.36	5.0	55.73	68.12	45.88	69.72	65.76	90.05	61.01	71.51	53.41	39.62	61.68	64.29	18.6	81.39	32.98	36.35	88.24	83.43	16.55	59.64	92.96	19.21	62.24	60.41	22.85	55.9	75.93	24.84	60.75
32	73.41	76.32	46.65	39.0	63.41	60.53	76.06	85.51	85.62	50.99	70.71	75.0	91.21	38.83	83.01	15.62	16.76	86.31	86.28	43.01	92.01	99.09	51.86	60.53	80.45	92.89	98.03	79.06	100.85	16.55	70.77	24.02	0.0	32.0	78.0	71.39	80.4	73.01	14.21	56.57	91.41	24.33	57.97	88.32	59.46	77.82	84.88	93.39	66.13	90.0	74.24	30.15	60.3	63.39	38.48	83.55	56.72	13.42	101.02	82.1	12.04	76.58	92.14	15.81	81.84	63.32	39.66	74.89	75.33	17.72	73.41
33	59.44	51.86	25.3	50.45	50.49	29.12	50.21	96.75	83.73	38.05	45.34	53.0	68.82	55.17	58.05	22.36	48.26	97.13	89.56	60.88	76.84	80.96	33.96	29.12	56.08	90.45	93.01	86.41	89.05	41.79	54.41	8.06	32.0	0.0	72.03	83.76	48.66	42.54	42.45	40.79	91.41	8.94	58.52	62.94	44.72	70.03	61.22	91.66	62.65	67.2	48.08	46.1	65.39	67.78	16.28	83.55	25.63	44.41	86.33	86.65	24.35	56.36	95.88	26.42	57.49	62.82	22.02	51.61	79.06	31.91	59.44
34	20.52	47.42	49.03	44.6	23.77	70.68	51.62	47.54	14.21	34.23	49.68	40.36	44.94	50.99	50.22	64.56	81.27	46.84	26.93	53.01	26.02	37.01	40.26	70.68	47.8	19.31	21.02	33.73	25.81	67.96	26.91	71.25	78.0	72.03	0.0	44.05	81.22	68.6	72.4	33.53	22.8	76.24	21.93	53.34	29.73	4.47	46.65	21.02	12.21	45.69	52.35	53.41	26.83	24.7	56.22	17.2	68.15	78.23	30.68	27.86	67.36	35.61	32.02	62.63	48.01	17.03	50.09	43.86	23.19	60.42	20.52
35	60.21	84.5	70.94	34.01	56.65	96.54	87.85	14.14	37.34	57.69	84.1	78.11	87.13	32.56	89.19	65.39	65.03	15.03	26.4	29.02	70.06	81.06	65.46	96.54	86.33	42.06	50.54	14.21	67.19	55.44	64.56	78.77	71.39	83.76	44.05	0.0	112.61	100.17	59.21	61.77	36.06	83.19	32.2	93.41	59.93	48.0	86.83	40.82	37.85	87.48	87.73	41.48	22.36	22.14	72.92	32.31	92.85	64.03	73.98	21.63	66.13	74.73	29.07	61.47	86.98	32.28	67.18	80.99	21.59	56.3	60.21
36	61.03	35.34	43.08	85.8	58.69	20.0	30.87	122.44	95.43	54.92	31.62	42.06	48.66	92.97	36.14	68.03	96.05	122.29	106.83	98.68	69.29	66.29	47.17	20.0	37.0	99.86	98.11	109.22	84.15	87.28	54.41	56.44	80.4	48.66	81.22	112.61	0.0	12.73	89.05	51.22	104.02	57.27	80.8	37.22	53.81	77.2	41.23	101.83	78.52	46.69	29.53	85.87	90.44	91.4	45.71	97.84	24.02	92.02	76.92	106.08	71.0	47.41	112.61	71.18	37.64	82.33	49.04	38.47	99.09	75.54	61.03
37	48.55	23.77	31.78	74.33	45.97	14.21	19.42	109.81	82.8	42.54	19.24	30.08	39.01	81.74	26.0	59.41	87.82	109.64	94.11	87.36	57.97	56.14	34.89	14.21	26.17	87.37	85.88	96.54	72.8	78.03	41.88	49.65	73.01	42.54	68.6	100.17	12.73	0.0	80.22	38.6	91.4	51.48	68.24	28.44	41.11	64.64	31.02	89.31	65.8	37.01	17.72	75.13	77.94	78.82	36.01	85.15	17.0	83.73	66.1	93.35	62.65	35.47	99.9	62.13	27.07	69.66	38.33	26.57	86.37	66.0	48.55
38	71.59	79.48	50.7	29.41	61.85	69.07	80.01	73.33	78.0	50.77	74.63	76.92	92.66	27.02	86.16	21.02	9.22	74.24	76.69	30.27	89.83	98.08	53.71	69.07	83.38	85.23	91.24	68.26	96.83	4.47	70.21	34.48	14.21	42.45	72.4	59.21	89.05	80.22	0.0	56.94	82.86	36.25	51.0	91.55	59.08	73.01	87.24	85.44	60.21	91.71	78.45	19.92	51.24	54.41	44.28	75.27	65.03	5.83	98.31	72.18	18.25	77.52	82.2	18.11	84.69	56.36	43.42	77.47	65.97	15.23	71.59
39	18.68	25.0	16.0	40.01	10.05	37.74	27.29	71.22	47.01	6.32	22.8	20.62	35.78	48.04	31.14	41.04	66.04	71.06	56.61	53.01	36.67	42.64	7.0	37.74	28.16	52.81	53.76	58.05	48.27	53.24	14.42	42.15	56.57	40.79	33.53	61.77	51.22	38.6	56.94	0.0	55.46	46.82	29.68	36.35	4.0	30.59	31.05	54.42	27.8	34.93	26.68	44.15	39.45	40.22	24.52	48.37	34.89	62.13	46.1	55.32	44.55	20.59	62.68	41.11	29.27	31.14	19.31	22.09	48.1	41.88	18.68
40	43.19	70.01	70.23	53.45	46.14	93.06	74.28	32.56	8.6	55.03	72.47	62.94	65.51	57.27	72.35	80.1	90.82	31.4	9.85	56.94	43.46	53.76	61.85	93.06	70.09	7.0	15.3	21.95	35.13	78.45	49.68	89.36	91.41	91.41	22.8	36.06	104.02	91.4	82.86	55.46	0.0	94.34	34.01	75.0	51.88	26.91	68.41	5.1	28.86	66.57	75.07	62.94	31.62	28.46	76.4	8.0	90.34	88.54	43.74	14.42	82.3	58.0	11.18	77.32	70.18	29.02	70.09	66.48	17.49	73.82	43.19
41	65.46	60.14	32.25	49.24	56.04	37.95	58.73	96.66	87.05	43.17	53.74	60.8	76.84	52.8	66.47	18.44	41.0	97.17	91.59	58.26	83.38	88.19	40.31	37.95	64.38	94.01	97.25	87.28	94.92	36.36	60.93	5.0	24.33	8.94	76.24	83.19	57.27	51.48	36.25	46.82	94.34	0.0	60.67	71.45	50.6	74.67	69.43	95.05	66.01	75.29	56.64	43.42	66.48	69.12	22.83	86.37	34.54	37.36	92.85	88.29	19.21	63.81	97.86	22.67	65.8	65.38	27.51	59.67	80.81	28.32	65.46
42	30.07	52.5	40.61	22.67	24.74	65.8	55.71	41.77	27.66	26.17	51.89	46.32	57.0	29.21	57.49	46.1	59.68	41.73	31.05	31.76	44.38	54.71	33.97	65.8	54.57	34.93	40.31	29.21	47.51	46.53	33.24	55.73	57.97	58.52	21.93	32.2	80.8	68.24	51.0	29.68	34.01	60.67	0.0	61.98	27.73	23.6	55.58	35.51	10.0	57.04	55.54	31.62	9.85	10.63	44.72	26.02	62.37	56.82	51.11	28.23	48.37	43.42	37.36	43.42	55.32	5.39	38.47	49.04	20.62	40.26	30.07
43	33.62	12.08	41.68	76.24	37.34	40.31	12.73	99.92	66.85	42.58	17.8	16.0	11.7	84.29	5.39	72.95	100.32	99.4	80.26	89.09	34.41	29.41	37.95	40.31	8.25	69.53	65.8	86.01	48.88	88.26	28.86	68.12	88.32	62.94	53.34	93.41	37.22	28.44	91.55	36.35	75.0	71.45	61.98	0.0	36.01	48.88	6.71	71.7	55.66	9.85	14.87	80.41	71.59	71.31	50.22	70.49	41.18	96.25	40.72	80.95	76.54	18.68	85.15	74.25	7.07	61.13	48.76	14.32	75.24	76.32	33.62
44	14.87	25.32	20.0	40.31	6.08	41.18	28.16	68.82	43.38	8.49	24.17	20.02	34.18	48.37	31.02	44.05	68.24	68.6	53.41	53.08	33.12	39.62	11.0	41.18	28.02	49.04	49.82	55.44	44.38	55.23	11.31	45.88	59.46	44.72	29.73	59.93	53.81	41.11	59.08	4.0	51.88	50.6	27.73	36.01	0.0	26.68	30.27	50.7	24.76	33.53	27.86	45.22	37.58	38.08	28.44	44.94	38.48	64.4	42.49	52.35	47.51	18.97	59.41	43.84	29.0	28.6	23.09	22.09	45.28	44.2	14.87
45	16.28	43.14	46.39	46.01	20.62	67.23	47.38	51.92	18.38	32.0	45.61	36.07	40.5	52.8	45.8	63.91	82.01	51.24	31.38	55.23	22.2	33.14	37.48	67.23	43.42	22.83	23.19	38.08	24.04	68.6	22.8	69.72	77.82	70.03	4.47	48.0	77.2	64.64	73.01	30.59	26.91	74.67	23.6	48.88	26.68	0.0	42.19	24.7	13.6	41.23	48.17	54.49	29.73	27.89	54.01	21.63	64.85	78.82	27.73	32.31	66.85	31.24	36.4	62.24	43.6	19.24	48.01	39.6	27.46	60.42	16.28
46	26.93	9.43	38.42	70.58	31.06	41.23	12.37	93.23	60.22	37.36	16.12	10.44	8.25	78.64	5.1	69.34	96.15	92.7	73.57	83.29	28.65	25.18	33.54	41.23	5.39	63.03	59.55	79.31	43.38	83.77	22.36	65.76	84.88	61.22	46.65	86.83	41.23	31.02	87.24	31.05	68.41	69.43	55.58	6.71	30.27	42.19	0.0	65.19	49.04	6.32	14.56	75.19	65.12	64.76	47.42	63.81	41.44	92.13	35.74	74.24	72.95	12.17	78.49	70.33	4.12	54.57	45.22	10.0	68.54	72.01	26.93
47	40.8	67.36	69.64	56.08	44.78	91.71	71.7	37.66	8.0	54.57	70.21	60.31	61.85	60.42	69.31	81.5	93.62	36.5	14.87	60.46	39.36	49.4	61.03	91.71	67.18	2.24	10.2	26.83	30.27	80.99	47.43	90.05	93.39	91.66	21.02	40.82	101.83	89.31	85.44	54.42	5.1	95.05	35.51	71.7	50.7	24.7	65.19	0.0	29.07	63.01	72.62	65.55	34.44	31.3	76.3	10.3	89.16	91.18	39.05	19.24	83.86	55.23	16.03	78.92	67.18	30.27	70.04	63.89	21.26	75.71	40.8
48	22.36	47.41	41.63	32.53	20.0	65.46	51.11	44.78	21.1	26.4	48.01	40.72	49.37	39.2	51.62	53.15	69.07	44.42	28.84	41.68	34.79	45.35	33.62	65.46	48.85	28.0	32.02	31.06	37.54	55.76	26.93	61.01	66.13	62.65	12.21	37.85	78.52	65.8	60.21	27.8	28.86	66.01	10.0	55.66	24.76	13.6	49.04	29.07	0.0	49.65	51.31	41.23	17.12	16.03	47.54	21.19	62.43	66.04	41.18	27.59	55.79	37.0	34.99	50.96	49.4	6.08	41.23	43.83	20.62	48.47	22.36
49	27.29	15.65	43.86	73.55	33.24	47.54	18.68	92.97	58.67	41.23	22.36	15.0	2.0	81.58	11.05	74.4	100.72	92.36	72.45	85.99	24.84	19.65	38.28	47.54	11.7	60.8	56.59	79.06	39.12	88.1	24.08	71.51	90.0	67.2	45.69	87.48	46.69	37.01	91.71	34.93	66.57	75.29	57.04	9.85	33.53	41.23	6.32	63.01	49.65	0.0	20.88	78.75	66.27	65.62	53.04	62.61	47.76	96.75	30.87	73.54	78.01	14.56	77.03	75.17	10.44	55.44	50.45	15.62	68.31	76.54	27.29
50	31.89	6.08	27.86	66.19	31.38	26.68	2.24	96.04	66.53	32.25	4.0	12.53	22.8	74.11	10.3	59.09	86.98	95.72	78.64	79.31	40.26	39.01	26.02	26.68	9.22	70.6	68.6	82.38	55.08	75.43	25.46	53.41	74.24	48.08	52.35	87.73	29.53	17.72	78.45	26.68	75.07	56.64	55.54	14.87	27.86	48.17	14.56	72.62	51.31	20.88	0.0	69.12	65.39	65.74	35.85	69.31	26.93	82.87	48.51	78.41	62.65	17.89	84.17	60.75	10.44	55.95	35.11	8.94	71.85	63.32	31.89
51	55.57	68.73	43.42	9.49	46.52	66.73	70.26	55.54	58.18	37.85	65.12	64.76	79.38	9.43	75.13	25.0	28.18	56.29	56.89	14.87	73.01	82.15	43.1	66.73	72.18	65.39	71.59	49.0	78.52	15.52	55.54	39.62	30.15	46.1	53.41	41.48	85.87	75.13	19.92	44.15	62.94	43.42	31.62	80.41	45.22	54.49	75.19	65.55	41.23	78.75	69.12	0.0	31.32	34.48	40.5	55.36	62.63	25.63	80.92	52.47	25.06	64.2	62.51	20.81	73.35	36.89	36.88	66.1	46.1	15.26	55.57
52	39.05	62.3	49.52	21.84	34.48	74.97	65.55	32.56	27.46	35.61	61.74	56.04	66.12	26.08	67.19	50.36	59.24	32.65	26.02	26.87	51.66	62.37	43.42	74.97	64.29	34.48	41.4	21.02	52.48	46.84	42.76	61.68	60.3	65.39	26.83	22.36	90.44	77.94	51.24	39.45	31.62	66.48	9.85	71.59	37.58	29.73	65.12	34.44	17.12	66.27	65.39	31.32	0.0	3.16	52.7	24.17	71.42	56.92	57.38	22.09	52.09	52.95	32.02	47.1	65.0	11.05	46.62	58.82	15.03	43.01	39.05
53	38.33	62.39	51.09	25.0	34.54	76.38	65.8	31.14	24.41	36.8	62.18	55.97	65.38	29.15	67.05	53.24	62.39	31.11	23.0	29.73	50.01	60.83	44.6	76.38	64.2	31.38	38.42	18.87	50.12	50.0	42.45	64.29	63.39	67.78	24.7	22.14	91.4	78.82	54.41	40.22	28.46	69.12	10.63	71.31	38.08	27.89	64.76	31.3	16.03	65.62	65.74	34.48	3.16	0.0	54.71	21.02	72.92	60.08	55.36	19.24	55.04	52.63	29.07	50.04	64.85	10.2	48.55	58.87	12.0	46.04	38.33
54	43.17	38.42	9.43	41.88	34.23	26.25	37.74	85.0	68.45	22.02	32.45	38.29	54.49	48.3	45.0	23.77	52.17	85.21	75.39	54.12	60.75	65.37	17.72	26.25	42.64	74.97	77.1	73.57	72.78	42.01	38.28	18.6	38.48	16.28	56.22	72.92	45.71	36.01	44.28	24.52	76.4	22.83	44.72	50.22	28.44	54.01	47.42	76.3	47.54	53.04	35.85	40.5	52.7	54.71	0.0	68.68	22.14	48.05	70.23	72.92	27.2	41.05	81.71	26.17	44.05	48.47	6.32	37.48	65.31	30.02	43.17
55	37.64	64.54	62.77	45.88	39.41	86.09	68.68	32.06	5.1	47.54	66.48	57.49	61.74	50.12	67.42	72.11	83.38	31.14	9.85	50.22	41.0	51.79	54.56	86.09	65.0	10.63	18.6	19.24	35.36	70.84	43.86	81.39	83.55	83.55	17.2	32.31	97.84	85.15	75.27	48.37	8.0	86.37	26.02	70.49	44.94	21.63	63.81	10.3	21.19	62.61	69.31	55.36	24.17	21.02	68.68	0.0	83.24	80.99	43.0	12.0	74.33	52.8	14.87	69.35	65.22	21.02	62.36	60.96	11.4	65.92	37.64
56	50.22	32.28	21.93	63.53	44.38	4.12	29.15	103.97	81.86	36.4	25.71	36.22	49.65	70.26	37.16	44.01	72.11	104.0	91.27	76.06	64.0	64.94	28.84	4.12	36.06	87.46	87.64	91.55	78.16	63.29	43.74	32.98	56.72	25.63	68.15	92.85	24.02	17.0	65.03	34.89	90.34	34.54	62.37	41.18	38.48	64.85	41.44	89.16	62.43	47.76	26.93	62.63	71.42	72.92	22.14	83.24	0.0	68.07	73.06	89.63	47.01	41.05	97.42	47.17	37.34	65.0	26.42	33.54	82.2	51.62	50.22
57	77.16	84.17	55.03	35.11	67.36	72.03	84.5	78.1	83.77	56.04	79.12	81.88	97.75	32.25	90.87	24.33	4.12	79.06	82.23	35.01	95.46	103.59	58.59	72.03	88.14	91.0	97.05	73.55	102.62	10.3	75.6	36.35	13.42	44.41	78.23	64.03	92.02	83.73	5.83	62.13	88.54	37.36	56.82	96.25	64.4	78.82	92.13	91.18	66.04	96.75	82.87	25.63	56.92	60.08	48.05	80.99	68.07	0.0	104.0	77.67	21.1	82.68	87.66	22.14	89.47	62.18	47.76	82.29	71.57	20.25	77.16
58	27.78	42.43	61.03	73.01	37.74	74.01	46.69	75.03	38.01	50.61	48.09	37.01	29.07	80.16	40.8	85.98	107.49	74.06	52.15	82.86	9.49	12.04	52.55	74.01	40.02	36.88	30.08	62.07	9.43	94.05	31.95	88.24	101.02	86.33	30.68	73.98	76.92	66.1	98.31	46.1	43.74	92.85	51.11	40.72	42.49	27.73	35.74	39.05	41.18	30.87	48.51	80.92	57.38	55.36	70.23	43.0	73.06	104.0	0.0	55.0	89.31	32.02	54.92	85.21	39.29	46.96	65.39	40.11	52.47	84.5	27.78
59	47.51	74.06	68.26	43.19	47.42	92.8	78.01	20.1	17.03	53.25	75.29	67.12	72.8	45.61	77.52	72.44	79.56	19.24	5.0	44.38	52.77	63.64	60.8	92.8	74.95	20.62	29.15	7.62	47.27	67.9	53.25	83.43	82.1	86.65	27.86	21.63	106.08	93.35	72.18	55.32	14.42	88.29	28.23	80.95	52.35	32.31	74.24	19.24	27.59	73.54	78.41	52.47	22.09	19.24	72.92	12.0	89.63	77.67	55.0	0.0	74.17	62.77	10.05	69.18	75.29	24.7	66.64	70.46	7.62	65.01	47.51
60	61.61	64.5	34.89	32.28	51.61	51.0	64.4	80.01	75.95	39.05	59.03	63.01	79.2	34.48	71.2	3.61	25.18	80.65	78.03	39.66	80.21	87.11	39.82	51.0	68.6	83.19	87.8	72.01	89.47	17.46	58.8	16.55	12.04	24.35	67.36	66.13	71.0	62.65	18.25	44.55	82.3	19.21	48.37	76.54	47.51	66.85	72.95	83.86	55.79	78.01	62.65	25.06	52.09	55.04	27.2	74.33	47.01	21.1	89.31	74.17	0.0	64.54	84.1	5.0	69.97	53.6	27.78	62.97	67.03	9.85	61.61
61	15.26	12.21	31.62	59.03	19.0	42.05	16.64	81.44	49.58	26.83	16.49	5.39	15.23	67.08	14.76	60.96	86.61	80.96	62.43	71.57	23.09	24.7	24.76	42.05	12.21	53.15	50.77	67.54	37.66	73.82	10.2	59.64	76.58	56.36	35.61	74.73	47.41	35.47	77.52	20.59	58.0	63.81	43.42	18.68	18.97	31.24	12.17	55.23	37.0	14.56	17.89	64.2	52.95	52.63	41.05	52.8	41.05	82.68	32.02	62.77	64.54	0.0	67.62	61.4	12.53	42.45	37.54	8.94	56.8	62.43	15.26
62	52.5	79.4	76.48	53.24	54.04	100.4	83.55	22.47	18.36	61.29	81.32	72.35	76.06	55.54	82.2	82.3	89.5	21.19	6.32	54.08	54.42	64.85	68.6	100.4	79.81	18.11	26.02	15.26	46.27	77.93	58.73	92.96	92.14	95.88	32.02	29.07	112.61	99.9	82.2	62.68	11.18	97.86	37.36	85.15	59.41	36.4	78.49	16.03	34.99	77.03	84.17	62.51	32.02	29.07	81.71	14.87	97.42	87.66	54.92	10.05	84.1	67.62	0.0	79.1	80.0	33.24	75.39	75.82	17.12	75.0	52.5
63	57.63	62.17	32.89	27.51	47.63	51.24	62.39	75.27	71.02	35.36	57.01	60.21	76.28	30.23	68.88	4.24	26.25	75.89	73.03	35.61	76.22	83.45	36.89	51.24	66.19	78.26	82.97	67.08	85.09	16.12	55.15	19.21	15.81	26.42	62.63	61.47	71.18	62.13	18.11	41.11	77.32	22.67	43.42	74.25	43.84	62.24	70.33	78.92	50.96	75.17	60.75	20.81	47.1	50.04	26.17	69.35	47.17	22.14	85.21	69.18	5.0	61.4	79.1	0.0	67.54	48.66	25.63	60.42	62.03	5.66	57.63
64	27.78	5.66	35.23	69.18	30.59	37.11	8.25	93.94	61.85	35.51	12.21	9.06	12.37	77.23	2.24	66.37	93.52	93.47	74.89	82.05	31.78	29.07	31.02	37.11	1.41	65.05	62.01	80.06	46.62	81.34	22.47	62.24	81.84	57.49	48.01	86.98	37.64	27.07	84.69	29.27	70.18	65.8	55.32	7.07	29.0	43.6	4.12	67.18	49.4	10.44	10.44	73.35	65.0	64.85	44.05	65.22	37.34	89.47	39.29	75.29	69.97	12.53	80.0	67.54	0.0	54.71	42.19	7.28	69.32	69.46	27.78
65	28.16	52.39	43.57	27.8	24.6	68.25	55.9	40.22	22.36	28.6	52.48	45.88	55.23	33.97	56.92	51.24	65.0	40.0	26.93	36.06	40.8	51.42	36.24	68.25	54.08	29.61	34.93	26.91	42.8	51.88	32.28	60.41	63.32	62.82	17.03	32.28	82.33	69.66	56.36	31.14	29.02	65.38	5.39	61.13	28.6	19.24	54.57	30.27	6.08	55.44	55.95	36.89	11.05	10.2	48.47	21.02	65.0	62.18	46.96	24.7	53.6	42.45	33.24	48.66	54.71	0.0	42.15	48.85	17.2	45.61	28.16
66	37.95	36.72	7.28	37.12	28.64	30.41	36.77	79.03	62.17	16.03	31.38	35.47	51.74	44.01	43.42	24.19	51.87	79.2	69.08	49.77	55.95	61.29	13.04	30.41	40.82	68.73	71.03	67.42	67.45	40.61	33.54	22.85	39.66	22.02	50.09	67.18	49.04	38.33	43.42	19.31	70.09	27.51	38.47	48.76	23.09	48.01	45.22	70.04	41.23	50.45	35.11	36.88	46.62	48.55	6.32	62.36	26.42	47.76	65.39	66.64	27.78	37.54	75.39	25.63	42.19	42.15	0.0	35.23	59.03	28.44	37.95
67	23.35	3.61	28.43	62.07	24.35	34.06	7.81	88.59	57.98	28.28	8.0	3.61	17.2	70.11	9.06	59.36	86.33	88.19	70.43	75.01	31.58	31.4	23.77	34.06	6.08	61.85	59.68	74.79	46.32	74.09	17.2	55.9	74.89	51.61	43.86	80.99	38.47	26.57	77.47	22.09	66.48	59.67	49.04	14.32	22.09	39.6	10.0	63.89	43.83	15.62	8.94	66.1	58.82	58.87	37.48	60.96	33.54	82.29	40.11	70.46	62.97	8.94	75.82	60.42	7.28	48.85	35.23	0.0	64.14	62.24	23.35
