set K:= 1	2	3	4	5	6	7	8	9;
set C_H:= 1	2	3	4	5	6	7	8	9	10	11	12	13	14	15	16	17	18	19	20	21;
set C_S:= 22	23	24	25	26	27	28	29	30	31	32	33	34	35	36	37	38	39	40;
set C_F:= 41	42	43	44	45	46	47	48	49	50	51	52	53	54	55	56	57	58	59;
set M:= 0	1;
set M_B:= 2	3;
set L_B:= 62	63	64	65	66	67	68	69	70	71	72;
set A1:=
(0,*) 1 2 3 4 5 6 7 8 9 10 11 12 13 14 15 16 17 18 19 20 21 41 42 43 44 45 46 47 48 49 50 51 52 53 54 55 56 57 58 59 1 2 3 62 63 64 65 66 67 68 69 70 71 72
(1,*) 0 2 3 4 5 6 7 8 9 10 11 12 13 14 15 16 17 18 19 20 21 41 42 43 44 45 46 47 48 49 50 51 52 53 54 55 56 57 58 59 0 2 3 62 63 64 65 66 67 68 69 70 71 72
(2,*) 0 1 3 4 5 6 7 8 9 10 11 12 13 14 15 16 17 18 19 20 21 41 42 43 44 45 46 47 48 49 50 51 52 53 54 55 56 57 58 59 0 1 3 62 63 64 65 66 67 68 69 70 71 72
(3,*) 0 1 2 4 5 6 7 8 9 10 11 12 13 14 15 16 17 18 19 20 21 41 42 43 44 45 46 47 48 49 50 51 52 53 54 55 56 57 58 59 0 1 2 62 63 64 65 66 67 68 69 70 71 72
(4,*) 0 1 2 3 5 6 7 8 9 10 11 12 13 14 15 16 17 18 19 20 21 41 42 43 44 45 46 47 48 49 50 51 52 53 54 55 56 57 58 59 0 1 2 3 62 63 64 65 66 67 68 69 70 71 72
(5,*) 0 1 2 3 4 6 7 8 9 10 11 12 13 14 15 16 17 18 19 20 21 41 42 43 44 45 46 47 48 49 50 51 52 53 54 55 56 57 58 59 0 1 2 3 62 63 64 65 66 67 68 69 70 71 72
(6,*) 0 1 2 3 4 5 7 8 9 10 11 12 13 14 15 16 17 18 19 20 21 41 42 43 44 45 46 47 48 49 50 51 52 53 54 55 56 57 58 59 0 1 2 3 62 63 64 65 66 67 68 69 70 71 72
(7,*) 0 1 2 3 4 5 6 8 9 10 11 12 13 14 15 16 17 18 19 20 21 41 42 43 44 45 46 47 48 49 50 51 52 53 54 55 56 57 58 59 0 1 2 3 62 63 64 65 66 67 68 69 70 71 72
(8,*) 0 1 2 3 4 5 6 7 9 10 11 12 13 14 15 16 17 18 19 20 21 41 42 43 44 45 46 47 48 49 50 51 52 53 54 55 56 57 58 59 0 1 2 3 62 63 64 65 66 67 68 69 70 71 72
(9,*) 0 1 2 3 4 5 6 7 8 10 11 12 13 14 15 16 17 18 19 20 21 41 42 43 44 45 46 47 48 49 50 51 52 53 54 55 56 57 58 59 0 1 2 3 62 63 64 65 66 67 68 69 70 71 72
(10,*) 0 1 2 3 4 5 6 7 8 9 11 12 13 14 15 16 17 18 19 20 21 41 42 43 44 45 46 47 48 49 50 51 52 53 54 55 56 57 58 59 0 1 2 3 62 63 64 65 66 67 68 69 70 71 72
(11,*) 0 1 2 3 4 5 6 7 8 9 10 12 13 14 15 16 17 18 19 20 21 41 42 43 44 45 46 47 48 49 50 51 52 53 54 55 56 57 58 59 0 1 2 3 62 63 64 65 66 67 68 69 70 71 72
(12,*) 0 1 2 3 4 5 6 7 8 9 10 11 13 14 15 16 17 18 19 20 21 41 42 43 44 45 46 47 48 49 50 51 52 53 54 55 56 57 58 59 0 1 2 3 62 63 64 65 66 67 68 69 70 71 72
(13,*) 0 1 2 3 4 5 6 7 8 9 10 11 12 14 15 16 17 18 19 20 21 41 42 43 44 45 46 47 48 49 50 51 52 53 54 55 56 57 58 59 0 1 2 3 62 63 64 65 66 67 68 69 70 71 72
(14,*) 0 1 2 3 4 5 6 7 8 9 10 11 12 13 15 16 17 18 19 20 21 41 42 43 44 45 46 47 48 49 50 51 52 53 54 55 56 57 58 59 0 1 2 3 62 63 64 65 66 67 68 69 70 71 72
(15,*) 0 1 2 3 4 5 6 7 8 9 10 11 12 13 14 16 17 18 19 20 21 41 42 43 44 45 46 47 48 49 50 51 52 53 54 55 56 57 58 59 0 1 2 3 62 63 64 65 66 67 68 69 70 71 72
(16,*) 0 1 2 3 4 5 6 7 8 9 10 11 12 13 14 15 17 18 19 20 21 41 42 43 44 45 46 47 48 49 50 51 52 53 54 55 56 57 58 59 0 1 2 3 62 63 64 65 66 67 68 69 70 71 72
(17,*) 0 1 2 3 4 5 6 7 8 9 10 11 12 13 14 15 16 18 19 20 21 41 42 43 44 45 46 47 48 49 50 51 52 53 54 55 56 57 58 59 0 1 2 3 62 63 64 65 66 67 68 69 70 71 72
(18,*) 0 1 2 3 4 5 6 7 8 9 10 11 12 13 14 15 16 17 19 20 21 41 42 43 44 45 46 47 48 49 50 51 52 53 54 55 56 57 58 59 0 1 2 3 62 63 64 65 66 67 68 69 70 71 72
(19,*) 0 1 2 3 4 5 6 7 8 9 10 11 12 13 14 15 16 17 18 20 21 41 42 43 44 45 46 47 48 49 50 51 52 53 54 55 56 57 58 59 0 1 2 3 62 63 64 65 66 67 68 69 70 71 72
(20,*) 0 1 2 3 4 5 6 7 8 9 10 11 12 13 14 15 16 17 18 19 21 41 42 43 44 45 46 47 48 49 50 51 52 53 54 55 56 57 58 59 0 1 2 3 62 63 64 65 66 67 68 69 70 71 72
(21,*) 0 1 2 3 4 5 6 7 8 9 10 11 12 13 14 15 16 17 18 19 20 41 42 43 44 45 46 47 48 49 50 51 52 53 54 55 56 57 58 59 0 1 2 3 62 63 64 65 66 67 68 69 70 71 72
(41,*) 0 1 2 3 4 5 6 7 8 9 10 11 12 13 14 15 16 17 18 19 20 21 42 43 44 45 46 47 48 49 50 51 52 53 54 55 56 57 58 59 0 1 2 3 62 63 64 65 66 67 68 69 70 71 72
(42,*) 0 1 2 3 4 5 6 7 8 9 10 11 12 13 14 15 16 17 18 19 20 21 41 43 44 45 46 47 48 49 50 51 52 53 54 55 56 57 58 59 0 1 2 3 62 63 64 65 66 67 68 69 70 71 72
(43,*) 0 1 2 3 4 5 6 7 8 9 10 11 12 13 14 15 16 17 18 19 20 21 41 42 44 45 46 47 48 49 50 51 52 53 54 55 56 57 58 59 0 1 2 3 62 63 64 65 66 67 68 69 70 71 72
(44,*) 0 1 2 3 4 5 6 7 8 9 10 11 12 13 14 15 16 17 18 19 20 21 41 42 43 45 46 47 48 49 50 51 52 53 54 55 56 57 58 59 0 1 2 3 62 63 64 65 66 67 68 69 70 71 72
(45,*) 0 1 2 3 4 5 6 7 8 9 10 11 12 13 14 15 16 17 18 19 20 21 41 42 43 44 46 47 48 49 50 51 52 53 54 55 56 57 58 59 0 1 2 3 62 63 64 65 66 67 68 69 70 71 72
(46,*) 0 1 2 3 4 5 6 7 8 9 10 11 12 13 14 15 16 17 18 19 20 21 41 42 43 44 45 47 48 49 50 51 52 53 54 55 56 57 58 59 0 1 2 3 62 63 64 65 66 67 68 69 70 71 72
(47,*) 0 1 2 3 4 5 6 7 8 9 10 11 12 13 14 15 16 17 18 19 20 21 41 42 43 44 45 46 48 49 50 51 52 53 54 55 56 57 58 59 0 1 2 3 62 63 64 65 66 67 68 69 70 71 72
(48,*) 0 1 2 3 4 5 6 7 8 9 10 11 12 13 14 15 16 17 18 19 20 21 41 42 43 44 45 46 47 49 50 51 52 53 54 55 56 57 58 59 0 1 2 3 62 63 64 65 66 67 68 69 70 71 72
(49,*) 0 1 2 3 4 5 6 7 8 9 10 11 12 13 14 15 16 17 18 19 20 21 41 42 43 44 45 46 47 48 50 51 52 53 54 55 56 57 58 59 0 1 2 3 62 63 64 65 66 67 68 69 70 71 72
(50,*) 0 1 2 3 4 5 6 7 8 9 10 11 12 13 14 15 16 17 18 19 20 21 41 42 43 44 45 46 47 48 49 51 52 53 54 55 56 57 58 59 0 1 2 3 62 63 64 65 66 67 68 69 70 71 72
(51,*) 0 1 2 3 4 5 6 7 8 9 10 11 12 13 14 15 16 17 18 19 20 21 41 42 43 44 45 46 47 48 49 50 52 53 54 55 56 57 58 59 0 1 2 3 62 63 64 65 66 67 68 69 70 71 72
(52,*) 0 1 2 3 4 5 6 7 8 9 10 11 12 13 14 15 16 17 18 19 20 21 41 42 43 44 45 46 47 48 49 50 51 53 54 55 56 57 58 59 0 1 2 3 62 63 64 65 66 67 68 69 70 71 72
(53,*) 0 1 2 3 4 5 6 7 8 9 10 11 12 13 14 15 16 17 18 19 20 21 41 42 43 44 45 46 47 48 49 50 51 52 54 55 56 57 58 59 0 1 2 3 62 63 64 65 66 67 68 69 70 71 72
(54,*) 0 1 2 3 4 5 6 7 8 9 10 11 12 13 14 15 16 17 18 19 20 21 41 42 43 44 45 46 47 48 49 50 51 52 53 55 56 57 58 59 0 1 2 3 62 63 64 65 66 67 68 69 70 71 72
(55,*) 0 1 2 3 4 5 6 7 8 9 10 11 12 13 14 15 16 17 18 19 20 21 41 42 43 44 45 46 47 48 49 50 51 52 53 54 56 57 58 59 0 1 2 3 62 63 64 65 66 67 68 69 70 71 72
(56,*) 0 1 2 3 4 5 6 7 8 9 10 11 12 13 14 15 16 17 18 19 20 21 41 42 43 44 45 46 47 48 49 50 51 52 53 54 55 57 58 59 0 1 2 3 62 63 64 65 66 67 68 69 70 71 72
(57,*) 0 1 2 3 4 5 6 7 8 9 10 11 12 13 14 15 16 17 18 19 20 21 41 42 43 44 45 46 47 48 49 50 51 52 53 54 55 56 58 59 0 1 2 3 62 63 64 65 66 67 68 69 70 71 72
(58,*) 0 1 2 3 4 5 6 7 8 9 10 11 12 13 14 15 16 17 18 19 20 21 41 42 43 44 45 46 47 48 49 50 51 52 53 54 55 56 57 59 0 1 2 3 62 63 64 65 66 67 68 69 70 71 72
(59,*) 0 1 2 3 4 5 6 7 8 9 10 11 12 13 14 15 16 17 18 19 20 21 41 42 43 44 45 46 47 48 49 50 51 52 53 54 55 56 57 58 0 1 2 3 62 63 64 65 66 67 68 69 70 71 72
(0,*) 1 2 3 4 5 6 7 8 9 10 11 12 13 14 15 16 17 18 19 20 21 41 42 43 44 45 46 47 48 49 50 51 52 53 54 55 56 57 58 59 1 2 3 62 63 64 65 66 67 68 69 70 71 72
(1,*) 0 2 3 4 5 6 7 8 9 10 11 12 13 14 15 16 17 18 19 20 21 41 42 43 44 45 46 47 48 49 50 51 52 53 54 55 56 57 58 59 0 2 3 62 63 64 65 66 67 68 69 70 71 72
(2,*) 0 1 3 4 5 6 7 8 9 10 11 12 13 14 15 16 17 18 19 20 21 41 42 43 44 45 46 47 48 49 50 51 52 53 54 55 56 57 58 59 0 1 3 62 63 64 65 66 67 68 69 70 71 72
(3,*) 0 1 2 4 5 6 7 8 9 10 11 12 13 14 15 16 17 18 19 20 21 41 42 43 44 45 46 47 48 49 50 51 52 53 54 55 56 57 58 59 0 1 2 62 63 64 65 66 67 68 69 70 71 72
(62,*) 0 1 2 3 4 5 6 7 8 9 10 11 12 13 14 15 16 17 18 19 20 21 41 42 43 44 45 46 47 48 49 50 51 52 53 54 55 56 57 58 59 0 1 2 3 63 64 65 66 67 68 69 70 71 72
(63,*) 0 1 2 3 4 5 6 7 8 9 10 11 12 13 14 15 16 17 18 19 20 21 41 42 43 44 45 46 47 48 49 50 51 52 53 54 55 56 57 58 59 0 1 2 3 62 64 65 66 67 68 69 70 71 72
(64,*) 0 1 2 3 4 5 6 7 8 9 10 11 12 13 14 15 16 17 18 19 20 21 41 42 43 44 45 46 47 48 49 50 51 52 53 54 55 56 57 58 59 0 1 2 3 62 63 65 66 67 68 69 70 71 72
(65,*) 0 1 2 3 4 5 6 7 8 9 10 11 12 13 14 15 16 17 18 19 20 21 41 42 43 44 45 46 47 48 49 50 51 52 53 54 55 56 57 58 59 0 1 2 3 62 63 64 66 67 68 69 70 71 72
(66,*) 0 1 2 3 4 5 6 7 8 9 10 11 12 13 14 15 16 17 18 19 20 21 41 42 43 44 45 46 47 48 49 50 51 52 53 54 55 56 57 58 59 0 1 2 3 62 63 64 65 67 68 69 70 71 72
(67,*) 0 1 2 3 4 5 6 7 8 9 10 11 12 13 14 15 16 17 18 19 20 21 41 42 43 44 45 46 47 48 49 50 51 52 53 54 55 56 57 58 59 0 1 2 3 62 63 64 65 66 68 69 70 71 72
(68,*) 0 1 2 3 4 5 6 7 8 9 10 11 12 13 14 15 16 17 18 19 20 21 41 42 43 44 45 46 47 48 49 50 51 52 53 54 55 56 57 58 59 0 1 2 3 62 63 64 65 66 67 69 70 71 72
(69,*) 0 1 2 3 4 5 6 7 8 9 10 11 12 13 14 15 16 17 18 19 20 21 41 42 43 44 45 46 47 48 49 50 51 52 53 54 55 56 57 58 59 0 1 2 3 62 63 64 65 66 67 68 70 71 72
(70,*) 0 1 2 3 4 5 6 7 8 9 10 11 12 13 14 15 16 17 18 19 20 21 41 42 43 44 45 46 47 48 49 50 51 52 53 54 55 56 57 58 59 0 1 2 3 62 63 64 65 66 67 68 69 71 72
(71,*) 0 1 2 3 4 5 6 7 8 9 10 11 12 13 14 15 16 17 18 19 20 21 41 42 43 44 45 46 47 48 49 50 51 52 53 54 55 56 57 58 59 0 1 2 3 62 63 64 65 66 67 68 69 70 72
(72,*) 0 1 2 3 4 5 6 7 8 9 10 11 12 13 14 15 16 17 18 19 20 21 41 42 43 44 45 46 47 48 49 50 51 52 53 54 55 56 57 58 59 0 1 2 3 62 63 64 65 66 67 68 69 70 71
;
set A2:=
(0,*) 1
;
param BigM:=99999;
param n:= 9;
param d:=
1	16
2	9
3	23
4	10
5	18
6	20
7	13
8	5
9	3
10	5
11	17
12	9
13	2
14	9
15	2
16	14
17	4
18	21
19	9
20	18
21	22
22	11
23	6
24	11
25	1
26	20
27	24
28	19
29	2
30	17
31	11
32	5
33	19
34	21
35	20
36	18
37	17
38	42
39	18
40	9
41	2
42	7
43	17
44	21
45	19
46	24
47	2
48	23
49	18
50	6
51	9
52	11
53	21
54	48
55	1
56	2
57	24
58	11
59	23
;
param Q:=100;
param w:=
[0,*] 1 0.1
;
param V:=
[0,*] 1 100
;
param e:
	60	61	62	63	64	65	66	67	68	69	70	71	72:=
22		0		0		0		0		1		0		0		0		0		0		0		0		0	
23		0		1		0		1		0		0		0		0		0		0		0		0		0	
24		1		0		1		0		0		0		0		0		0		0		0		0		0	
25		1		1		1		1		0		0		0		0		0		0		0		0		0	
26		0		1		0		1		0		0		0		0		0		0		0		0		0	
27		0		0		0		0		0		0		0		0		0		0		1		0		0	
28		0		0		0		0		0		1		0		0		0		0		0		0		0	
29		1		0		1		0		0		1		0		0		0		0		0		0		0	
30		0		0		0		0		1		0		0		0		0		0		1		0		0	
31		0		0		0		0		0		0		0		1		0		0		1		0		0	
32		0		0		0		0		0		0		0		0		1		0		0		0		0	
33		0		0		0		0		0		0		0		0		0		0		0		1		0	
34		1		0		1		0		0		0		0		0		0		0		0		0		0	
35		0		0		0		0		0		0		0		0		0		0		0		0		1	
36		0		0		0		0		0		0		0		0		0		0		1		0		0	
37		0		0		0		0		1		0		0		0		0		0		0		0		0	
38		0		1		0		1		0		0		0		0		0		0		0		0		0	
39		1		0		1		0		0		0		0		0		1		0		0		0		0	
40		0		0		0		0		0		0		0		1		0		0		1		0		0	
41		0		0		0		0		1		0		0		1		0		0		1		0		0	
42		0		0		0		0		1		0		0		0		0		0		0		0		0	
43		0		0		0		0		1		0		0		1		0		0		1		0		0	
44		1		0		1		0		0		0		0		0		1		0		0		1		0	
45		0		0		0		0		1		0		0		0		0		0		0		0		0	
46		0		0		0		0		0		1		0		0		0		0		0		1		0	
47		0		0		0		0		0		0		0		0		1		0		0		0		0	
48		0		0		0		0		1		0		0		1		1		0		0		0		0	
49		0		0		0		0		1		0		0		0		0		0		0		0		0	
50		0		0		0		0		0		0		0		0		1		0		0		0		0	
51		0		0		0		0		1		0		0		1		0		0		1		0		0	
52		0		0		0		0		1		0		0		1		0		0		0		0		0	
53		0		0		0		0		0		0		1		0		0		1		0		0		1	
54		0		0		0		0		0		0		1		0		0		0		0		0		0	
55		0		0		0		0		1		0		0		0		0		0		0		0		0	
56		0		0		0		0		0		0		0		0		0		0		1		0		0	
57		0		0		0		0		0		0		0		0		0		1		0		0		1	
58		0		0		0		0		0		0		1		0		0		0		0		0		0	
59		1		0		1		0		0		0		0		0		1		0		0		0		0	
;
param p:=
1	3
2	3
3	3
4	3
5	3
6	3
7	3
8	3
9	3
;
param G:=
60	100
61	81
62	100
63	81
64	80
65	74
66	82
67	94
68	96
69	94
70	93
71	95
72	95
;
param s:=
0	0
1	10
2	10
3	10
4	10
5	10
6	10
7	10
8	10
9	10
10	10
11	10
12	10
13	10
14	10
15	10
16	10
17	10
18	10
19	10
20	10
21	10
41	10
42	10
43	10
44	10
45	10
46	10
47	10
48	10
49	10
50	10
51	10
52	10
53	10
54	10
55	10
56	10
57	10
58	10
59	10
60	10
61	10
62	10
63	10
64	10
65	10
66	10
67	10
68	10
69	10
70	10
71	10
72	10
;
param t:
	0	1	2	3	4	5	6	7	8	9	10	11	12	13	14	15	16	17	18	19	20	21	22	23	24	25	26	27	28	29	30	31	32	33	34	35	36	37	38	39	40	41	42	43	44	45	46	47	48	49	50	51	52	53	54	55	56	57	58	59	60	61	62	63	64	65	66	67	68	69	70	71	72:=
0	0.0	66.27	86.83	54.92	100.44	94.76	54.59	15.62	48.37	31.62	43.27	56.32	84.12	94.4	78.03	66.75	36.22	50.91	66.48	41.62	82.02	63.15	42.8	85.91	12.17	16.12	83.95	50.64	60.93	60.17	54.59	55.32	40.0	52.35	5.66	89.2	64.28	27.78	78.1	28.07	49.4	54.04	23.32	40.45	52.15	34.41	64.56	6.0	35.78	12.81	14.56	32.25	26.83	80.62	86.02	20.0	69.43	111.21	88.29	38.0	38.33	78.03	38.33	78.03	35.44	74.33	81.41	38.64	31.32	100.9	57.14	46.07	84.2
1	66.27	0.0	24.08	73.76	54.41	62.0	75.29	54.15	55.32	60.93	42.43	78.1	34.93	50.99	12.65	82.07	76.16	42.43	30.27	50.48	52.61	77.79	45.25	21.63	70.34	71.47	20.0	16.12	65.3	72.14	18.44	21.63	49.4	43.86	70.03	30.0	12.17	42.76	15.62	67.68	23.32	12.65	59.93	28.64	77.2	46.04	73.76	66.0	35.44	57.72	70.46	34.06	45.69	52.95	25.61	53.14	20.1	65.79	24.41	73.35	68.88	14.42	68.88	14.42	35.78	84.81	32.56	28.02	61.85	59.23	13.45	57.01	45.01
2	86.83	24.08	0.0	80.62	36.06	49.4	82.46	72.99	63.25	74.43	66.48	85.09	48.17	34.93	20.88	86.09	89.11	50.0	50.99	61.19	44.41	82.37	69.31	4.0	92.48	94.02	4.47	36.77	68.96	76.94	42.43	45.34	60.83	50.6	89.82	8.0	34.41	60.53	8.94	82.22	38.21	36.06	83.35	52.15	85.44	70.0	77.18	85.51	52.35	79.85	88.36	55.03	68.96	45.61	4.47	76.03	39.4	46.17	2.83	85.51	80.6	24.74	80.6	24.74	59.36	86.61	20.0	48.38	75.43	42.43	37.48	65.8	33.62
3	54.92	73.76	80.62	0.0	72.11	57.72	2.0	44.05	18.44	24.0	82.22	4.47	106.3	66.03	85.6	12.0	22.8	31.62	93.74	24.41	48.17	8.25	83.52	82.29	67.08	71.02	80.5	60.96	14.14	7.21	76.03	79.32	26.08	30.53	51.92	77.79	80.72	42.38	75.18	27.2	50.91	68.12	74.03	67.08	6.32	76.16	11.31	49.03	43.91	62.0	42.38	54.63	67.47	46.17	77.25	66.27	89.38	79.25	83.26	18.87	16.76	88.09	16.76	88.09	68.35	19.42	64.03	54.71	24.02	68.73	74.65	17.03	57.08
4	100.44	54.41	36.06	72.11	0.0	18.87	74.11	84.88	60.17	77.25	94.02	76.03	84.02	6.32	56.14	72.44	88.77	50.99	84.4	62.77	24.0	70.11	96.75	40.05	109.34	111.95	40.0	59.36	58.03	66.0	71.69	75.39	63.56	50.16	101.55	28.07	66.48	72.8	40.45	85.44	53.81	62.61	104.8	76.55	78.23	94.87	64.12	97.1	65.3	97.67	96.6	73.59	90.91	26.0	32.0	96.21	73.35	11.66	38.21	84.4	79.56	60.13	79.56	60.13	83.23	69.63	22.36	67.36	78.19	7.21	66.85	63.32	16.55
5	94.76	62.0	49.4	57.72	18.87	0.0	59.67	79.25	49.4	67.68	96.77	61.19	95.04	15.62	67.08	56.04	76.97	43.86	92.09	54.04	12.81	54.33	99.3	53.14	105.0	108.07	52.5	62.1	43.68	50.99	76.94	80.89	55.32	42.43	94.85	42.05	74.03	68.41	50.99	75.47	53.85	67.08	103.25	78.43	64.03	95.85	48.37	90.55	62.13	94.4	88.41	72.47	90.35	14.14	44.94	94.34	82.02	22.0	52.0	72.5	67.98	71.02	67.98	71.02	84.31	52.24	30.59	67.12	68.51	12.65	72.56	52.48	17.03
6	54.59	75.29	82.46	2.0	74.11	59.67	0.0	44.18	20.0	24.08	82.87	2.83	107.63	68.03	87.2	12.17	21.63	33.29	94.87	25.61	50.16	8.94	84.12	84.1	66.75	70.71	82.29	62.29	16.12	8.94	77.2	80.45	27.2	32.25	51.42	79.7	82.07	43.08	76.94	26.68	52.35	69.43	74.11	68.0	4.47	76.66	12.81	48.66	44.94	62.03	41.76	55.46	67.91	48.17	79.12	66.48	90.69	81.22	85.09	17.89	16.28	89.64	16.28	89.64	69.08	19.92	65.97	55.76	24.02	70.71	75.93	18.38	59.08
7	15.62	54.15	72.99	44.05	84.88	79.25	44.18	0.0	34.18	20.1	41.62	46.39	76.94	78.82	66.48	56.04	30.53	35.38	60.46	26.83	66.48	52.0	42.19	72.44	26.08	29.53	70.46	38.05	47.54	48.17	45.69	47.41	25.06	36.88	17.09	74.73	54.41	12.65	64.5	20.59	34.93	42.76	30.0	32.25	42.76	34.0	52.35	12.65	20.88	18.11	16.49	20.88	25.06	65.12	71.81	22.36	60.93	95.6	74.67	30.46	28.86	67.08	28.86	67.08	29.73	63.03	66.21	26.17	20.22	85.28	47.13	32.28	68.6
8	48.37	55.32	63.25	18.44	60.17	49.4	20.0	34.18	0.0	18.44	67.08	22.8	88.09	53.85	67.2	27.78	28.64	13.42	76.16	8.0	37.58	23.32	68.73	64.62	59.93	63.56	62.77	42.8	14.0	17.89	58.31	61.77	10.0	12.65	47.2	61.19	62.48	28.0	57.27	26.08	32.56	50.0	63.15	50.6	22.36	62.13	20.88	43.27	27.2	51.92	39.6	38.83	54.0	35.78	60.17	54.59	71.22	69.08	65.79	24.33	19.42	69.66	19.42	69.66	52.95	32.57	48.17	37.7	19.21	58.31	56.61	3.16	43.93
9	31.62	60.93	74.43	24.0	77.25	67.68	24.08	20.1	18.44	0.0	59.93	26.31	89.64	70.94	73.54	36.0	15.23	26.68	74.97	14.56	55.57	32.06	60.93	74.97	43.68	47.54	72.99	45.65	29.53	28.64	58.14	60.83	14.14	27.2	29.53	74.0	64.9	21.26	67.08	8.25	37.95	52.15	50.04	46.86	22.8	53.14	32.98	26.0	26.08	38.0	21.26	34.06	44.27	53.85	72.11	42.43	72.8	86.76	76.66	12.81	9.43	75.15	9.43	75.15	46.65	43.19	62.51	36.24	1.0	76.03	58.01	15.56	60.75
10	43.27	42.43	66.48	82.22	94.02	96.77	82.87	41.62	67.08	59.93	0.0	85.44	44.05	89.44	49.4	93.68	72.11	60.0	26.0	59.23	84.9	89.29	2.83	63.78	39.85	38.83	62.29	34.93	80.89	84.4	24.08	21.63	57.27	62.0	48.83	72.25	33.29	39.85	58.0	62.13	43.17	31.62	24.33	18.44	82.46	8.94	87.86	46.86	40.2	30.53	55.17	28.28	16.97	84.4	67.94	23.32	33.53	105.68	66.6	71.69	69.32	47.41	69.32	47.41	14.14	99.46	71.69	31.06	60.37	97.51	29.0	66.71	81.15
11	56.32	78.1	85.09	4.47	76.03	61.19	2.83	46.39	22.8	26.31	85.44	0.0	110.45	70.0	90.0	10.77	22.36	36.06	97.65	28.43	52.04	8.49	86.65	86.76	68.47	72.44	84.97	65.12	18.0	10.2	80.0	83.23	30.0	34.99	52.95	82.22	84.9	45.69	79.65	28.28	55.17	72.25	76.24	70.71	4.47	79.12	13.42	50.36	47.71	64.12	43.17	58.14	70.34	50.04	81.71	68.73	93.51	82.87	87.73	18.97	18.03	92.46	18.03	92.46	71.69	18.79	68.41	58.52	26.17	72.44	78.75	21.21	61.2
12	84.12	34.93	48.17	106.3	84.02	95.04	107.63	76.94	88.09	89.64	44.05	110.45	0.0	82.1	28.07	115.6	104.4	76.03	18.11	82.07	86.83	111.21	46.0	44.18	83.19	82.61	44.05	45.34	99.3	105.6	31.62	29.53	80.62	77.67	89.2	56.14	25.61	68.82	44.18	94.87	55.61	38.21	68.26	44.72	108.9	52.35	107.65	86.16	63.78	72.28	93.04	56.6	57.72	87.36	52.04	65.51	16.97	94.34	46.39	102.45	98.6	24.08	98.6	24.08	48.7	118.98	64.5	53.41	90.43	90.02	31.83	89.27	78.09
13	94.4	50.99	34.93	66.03	6.32	15.62	68.03	78.82	53.85	70.94	89.44	70.0	82.1	0.0	54.04	66.75	82.46	44.72	81.22	56.46	18.11	64.28	92.13	38.83	103.48	106.15	38.47	54.59	52.0	60.03	67.68	71.47	57.27	43.86	95.41	27.2	63.15	66.84	38.0	79.12	48.41	58.31	99.36	71.69	72.11	89.89	58.31	90.97	59.46	91.93	90.35	68.12	85.6	20.1	30.59	90.69	70.46	16.97	37.36	78.1	73.25	58.03	73.25	58.03	78.23	64.29	18.44	62.01	71.87	8.25	62.94	57.01	10.3
14	78.03	12.65	20.88	85.6	56.14	67.08	87.2	66.48	67.2	73.54	49.4	90.0	28.07	54.04	0.0	93.38	88.77	54.04	30.53	62.77	59.46	89.2	52.15	17.09	81.22	82.0	16.49	28.64	76.37	83.55	26.0	27.78	61.77	55.32	82.02	28.64	16.12	55.32	16.12	80.32	35.78	24.0	69.57	38.83	89.31	54.63	84.85	78.1	48.08	68.73	82.87	46.04	55.79	60.17	24.33	63.56	18.87	66.75	19.7	85.91	81.39	4.0	81.39	4.0	45.61	95.59	36.5	40.31	74.46	62.0	21.84	69.07	50.22
15	66.75	82.07	86.09	12.0	72.44	56.04	12.17	56.04	27.78	36.0	93.68	10.77	115.6	66.75	93.38	0.0	33.11	39.7	103.94	34.93	48.66	4.47	95.08	88.2	78.92	82.87	86.53	70.46	17.2	10.0	86.09	89.55	36.77	38.21	63.56	82.29	90.0	53.85	81.61	38.83	60.0	77.67	86.02	78.0	15.23	87.86	8.94	60.83	54.63	74.0	53.85	65.79	79.25	46.69	82.37	78.23	98.81	78.03	88.84	29.73	28.44	96.17	28.44	96.17	79.7	8.06	68.03	65.31	36.01	68.03	84.31	27.31	58.94
16	36.22	76.16	89.11	22.8	88.77	76.97	21.63	30.53	28.64	15.23	72.11	22.36	104.4	82.46	88.77	33.11	0.0	40.0	89.2	28.07	65.79	30.53	72.72	89.82	48.04	52.04	87.86	60.83	34.41	29.73	72.8	75.29	28.28	40.05	32.0	88.2	79.92	35.61	82.0	10.0	53.14	67.23	58.24	60.83	17.89	64.5	34.06	30.27	41.18	46.17	22.0	48.17	55.57	63.91	86.58	52.0	87.66	97.41	91.41	4.47	9.22	90.38	9.22	90.38	59.67	41.15	76.03	51.04	14.32	86.65	72.95	25.5	72.57
17	50.91	42.43	50.0	31.62	50.99	43.86	33.29	35.38	13.42	26.68	60.0	36.06	76.03	44.72	54.04	39.7	40.0	0.0	65.39	12.17	31.11	35.38	62.03	51.26	61.22	64.4	49.4	31.3	23.32	29.73	47.54	51.26	12.65	2.0	51.22	48.37	50.48	25.06	43.86	34.93	20.59	38.47	60.93	42.19	35.78	56.57	31.62	46.86	20.4	51.11	45.65	32.25	49.48	29.73	47.07	52.0	59.36	61.06	52.5	36.06	31.06	56.64	31.06	56.64	46.04	43.05	36.06	29.07	27.66	50.48	45.18	15.81	34.44
18	66.48	30.27	50.99	93.74	84.4	92.09	94.87	60.46	76.16	74.97	26.0	97.65	18.11	81.22	30.53	103.94	89.2	65.39	0.0	69.34	82.1	99.48	28.07	47.41	65.12	64.5	46.52	34.18	88.57	94.02	17.89	14.42	67.68	67.23	71.69	58.31	18.11	53.74	44.27	79.4	44.94	27.2	50.16	28.43	95.6	34.23	96.6	68.88	50.0	54.41	76.16	41.04	39.85	82.22	53.85	47.54	11.66	95.6	50.12	87.68	84.22	27.2	84.22	27.2	31.3	108.23	62.8	39.2	75.66	89.44	20.62	76.85	75.17
19	41.62	50.48	61.19	24.41	62.77	54.04	25.61	26.83	8.0	14.56	59.23	28.43	82.07	56.46	62.77	34.93	28.07	12.17	69.34	0.0	41.62	30.46	60.83	62.1	52.84	56.36	60.17	36.77	22.0	25.3	51.61	54.92	2.0	12.65	41.04	60.13	56.57	20.0	54.41	22.8	27.2	43.86	55.32	43.08	26.91	54.15	28.64	36.88	19.7	44.27	34.41	31.05	46.0	40.0	58.55	46.69	65.12	72.47	63.56	24.33	19.42	64.9	19.42	64.9	45.12	40.26	48.17	30.41	15.52	61.77	50.33	7.62	46.24
20	82.02	52.61	44.41	48.17	24.0	12.81	50.16	66.48	37.58	55.57	84.9	52.04	86.83	18.11	59.46	48.66	65.79	31.11	82.1	41.62	0.0	46.17	87.36	47.71	92.2	95.27	46.65	50.64	34.06	42.0	66.12	70.11	42.8	29.73	82.22	38.21	64.28	55.61	43.86	63.53	41.76	56.14	90.55	66.48	54.33	83.57	40.2	77.9	49.4	81.61	76.03	59.93	77.82	2.0	40.0	81.63	72.69	31.62	47.2	61.35	56.65	63.25	56.65	63.25	72.11	46.49	24.41	54.78	56.44	20.88	62.01	40.72	11.4
21	63.15	77.79	82.37	8.25	70.11	54.33	8.94	52.0	23.32	32.06	89.29	8.49	111.21	64.28	89.2	4.47	30.53	35.38	99.48	30.46	46.17	0.0	90.71	84.38	75.31	79.25	82.68	66.03	13.42	5.66	81.63	85.09	32.31	33.94	60.17	78.79	85.6	49.48	77.67	35.44	55.61	73.24	82.0	73.54	12.81	83.55	6.0	57.27	50.16	70.03	50.6	61.35	74.97	44.18	78.71	74.11	94.4	76.24	85.09	26.83	25.0	91.93	25.0	91.93	75.29	11.18	64.62	60.84	32.14	66.03	79.88	22.85	56.09
22	42.8	45.25	69.31	83.52	96.75	99.3	84.12	42.19	68.73	60.93	2.83	86.65	46.0	92.13	52.15	95.08	72.72	62.03	28.07	60.83	87.36	90.71	0.0	66.6	38.63	37.36	65.12	37.58	82.61	85.91	26.91	24.41	58.86	64.03	48.41	75.07	36.06	41.23	60.83	62.77	45.61	34.41	22.8	20.88	83.57	8.49	89.44	46.69	42.05	30.0	55.17	30.07	17.2	86.83	70.77	22.8	36.06	108.41	69.43	72.47	70.26	50.12	70.26	50.12	16.0	101.0	74.43	33.24	61.33	100.18	31.83	68.25	83.77
23	85.91	21.63	4.0	82.29	40.05	53.14	84.1	72.44	64.62	74.97	63.78	86.76	44.18	38.83	17.09	88.2	89.82	51.26	47.41	62.1	47.71	84.38	66.6	0.0	91.08	92.48	2.0	35.44	71.02	78.89	39.7	42.43	61.61	52.0	89.11	12.0	31.24	60.13	8.0	82.61	38.0	34.0	81.41	50.12	86.93	67.68	79.32	84.85	52.04	78.43	88.09	53.85	67.08	48.83	8.25	74.32	35.78	50.16	2.83	86.35	81.49	20.88	81.49	20.88	57.31	89.02	23.32	47.3	75.95	46.39	34.83	67.07	37.12
24	12.17	70.34	92.48	67.08	109.34	105.0	66.75	26.08	59.93	43.68	39.85	68.47	83.19	103.48	81.22	78.92	48.04	61.22	65.12	52.84	92.2	75.31	38.63	91.08	0.0	4.0	89.2	55.71	72.8	72.28	56.14	56.0	51.11	62.8	16.12	95.71	66.27	36.77	83.57	40.2	56.6	57.72	16.12	42.43	64.28	31.05	76.66	18.11	44.05	12.65	26.08	37.58	26.0	90.91	92.2	18.0	70.03	120.42	93.64	50.04	50.49	80.62	50.49	80.62	36.06	86.49	89.31	44.28	43.42	110.34	59.54	57.78	93.43
25	16.12	71.47	94.02	71.02	111.95	108.07	70.71	29.53	63.56	47.54	38.83	72.44	82.61	106.15	82.0	82.87	52.04	64.4	64.5	56.36	95.27	79.25	37.36	92.48	4.0	0.0	90.62	57.27	76.55	76.16	56.57	56.14	54.59	66.03	20.1	97.53	66.75	39.7	85.09	44.18	58.82	58.82	14.56	43.17	68.26	30.27	80.52	22.09	46.69	14.42	30.07	39.45	26.31	94.02	93.91	18.44	70.03	123.11	95.08	54.04	54.45	81.22	54.45	81.22	36.5	90.43	91.61	46.14	47.3	113.14	60.21	61.47	96.18
26	83.95	20.0	4.47	80.5	40.0	52.5	82.29	70.46	62.77	72.99	62.29	84.97	44.05	38.47	16.49	86.53	87.86	49.4	46.52	60.17	46.65	82.68	65.12	2.0	89.2	90.62	0.0	33.53	69.34	77.18	38.21	41.04	59.67	50.16	87.13	12.17	30.0	58.14	6.0	80.62	36.0	32.25	79.65	48.37	85.09	66.03	77.67	82.87	50.04	76.55	86.09	51.92	65.3	47.71	8.0	72.5	34.93	50.36	4.47	84.4	79.56	20.4	79.56	20.4	55.57	87.46	22.36	45.35	73.98	46.17	33.3	65.19	36.25
27	50.64	16.12	36.77	60.96	59.36	62.1	62.29	38.05	42.8	45.65	34.93	65.12	45.34	54.59	28.64	70.46	60.83	31.3	34.18	36.77	50.64	66.03	37.58	35.44	55.71	57.27	33.53	0.0	54.59	60.46	16.49	20.4	35.38	33.11	54.15	40.5	19.8	26.68	27.86	52.0	10.77	7.21	47.2	17.2	63.66	35.61	62.77	50.04	19.7	43.08	54.33	18.44	32.8	50.36	36.72	39.45	28.43	71.02	37.95	58.31	54.08	29.73	54.08	29.73	24.08	74.3	37.2	12.04	46.53	62.61	13.89	43.93	46.24
28	60.93	65.3	68.96	14.14	58.03	43.68	16.12	47.54	14.0	29.53	80.89	18.0	99.3	52.0	76.37	17.2	34.41	23.32	88.57	22.0	34.06	13.42	82.61	71.02	72.8	76.55	69.34	54.59	0.0	8.25	70.68	74.32	24.0	21.63	59.06	65.39	73.78	42.0	64.4	35.61	43.91	61.77	76.94	64.03	20.4	76.11	8.49	55.46	40.79	65.51	50.48	52.61	68.0	32.06	65.3	68.47	82.68	65.12	71.69	30.0	26.17	79.25	26.17	79.25	66.75	19.72	51.26	50.96	30.02	54.59	68.48	15.3	43.29
29	60.17	72.14	76.94	7.21	66.0	50.99	8.94	48.17	17.89	28.64	84.4	10.2	105.6	60.03	83.55	10.0	29.73	29.73	94.02	25.3	42.0	5.66	85.91	78.89	72.28	76.16	77.18	60.46	8.25	0.0	76.16	79.65	27.2	28.28	57.58	73.54	80.0	44.72	72.11	33.11	50.0	67.68	78.1	68.35	13.42	78.92	4.47	54.41	44.94	66.27	48.33	56.32	70.46	40.0	73.35	70.0	88.81	72.69	79.65	25.61	22.83	86.28	22.83	86.28	70.34	15.13	59.46	55.54	28.86	62.29	74.33	17.72	51.48
30	54.59	18.44	42.43	76.03	71.69	76.94	77.2	45.69	58.31	58.14	24.08	80.0	31.62	67.68	26.0	86.09	72.8	47.54	17.89	51.61	66.12	81.63	26.91	39.7	56.14	56.57	38.21	16.49	70.68	76.16	0.0	4.0	50.0	49.4	59.23	48.41	10.2	37.2	34.06	63.25	27.2	10.0	43.68	14.14	78.1	28.64	78.71	55.79	32.56	44.0	62.03	25.06	30.27	66.03	44.05	38.21	15.23	83.26	42.52	70.94	67.21	24.74	67.21	24.74	20.1	90.34	49.4	21.93	58.9	75.89	5.0	59.08	60.42
31	55.32	21.63	45.34	79.32	75.39	80.89	80.45	47.41	61.77	60.83	21.63	83.23	29.53	71.47	27.78	89.55	75.29	51.26	14.42	54.92	70.11	85.09	24.41	42.43	56.0	56.14	41.04	20.4	74.32	79.65	4.0	0.0	53.25	53.14	60.17	51.61	11.66	39.7	37.2	65.6	31.05	14.0	42.76	15.23	81.22	27.2	82.29	56.92	35.61	44.18	63.56	27.2	30.0	70.03	47.2	38.0	14.14	86.93	45.25	73.59	70.01	26.0	70.01	26.0	20.1	93.94	53.14	24.84	61.55	79.7	8.54	62.43	64.33
32	40.0	49.4	60.83	26.08	63.56	55.32	27.2	25.06	10.0	14.14	57.27	30.0	80.62	57.27	61.77	36.77	28.28	12.65	67.68	2.0	42.8	32.31	58.86	61.61	51.11	54.59	59.67	35.38	24.0	27.2	50.0	53.25	0.0	13.42	39.6	60.03	55.17	18.0	53.85	22.36	26.08	42.43	53.37	41.23	28.28	52.15	30.59	35.38	17.89	42.38	33.29	29.12	44.0	41.23	58.31	44.72	63.66	73.43	63.15	24.74	19.92	63.81	19.92	63.81	43.17	42.2	48.37	28.65	15.13	62.77	48.84	9.49	47.01
33	52.35	43.86	50.6	30.53	50.16	42.43	32.25	36.88	12.65	27.2	62.0	34.99	77.67	43.86	55.32	38.21	40.05	2.0	67.23	12.65	29.73	33.94	64.03	52.0	62.8	66.03	50.16	33.11	21.63	28.28	49.4	53.14	13.42	0.0	52.5	48.66	52.15	26.83	44.72	35.44	22.36	40.25	62.77	44.18	34.93	58.55	30.0	48.17	22.36	52.84	46.65	34.23	51.42	28.28	47.54	53.85	61.06	60.03	53.14	36.0	31.0	58.0	31.0	58.0	48.04	41.34	36.0	31.06	28.16	49.4	46.96	15.3	33.62
34	5.66	70.03	89.82	51.92	101.55	94.85	51.42	17.09	47.2	29.53	48.83	52.95	89.2	95.41	82.02	63.56	32.0	51.22	71.69	41.04	82.22	60.17	48.41	89.11	16.12	20.1	87.13	54.15	59.06	57.58	59.23	60.17	39.6	52.5	0.0	91.76	68.73	29.73	81.22	24.74	51.92	58.03	28.84	45.12	48.66	40.0	62.03	4.47	37.95	18.44	10.0	36.0	32.25	80.72	88.77	25.61	74.22	112.07	91.41	34.23	35.17	82.22	35.17	82.22	40.5	71.31	83.26	42.11	29.07	101.61	61.52	44.65	85.15
35	89.2	30.0	8.0	77.79	28.07	42.05	79.7	74.73	61.19	74.0	72.25	82.22	56.14	27.2	28.64	82.29	88.2	48.37	58.31	60.13	38.21	78.79	75.07	12.0	95.71	97.53	12.17	40.5	65.39	73.54	48.41	51.61	60.03	48.66	91.76	0.0	41.18	62.1	14.42	82.02	39.85	41.04	87.66	56.85	82.97	75.07	73.35	87.36	53.85	83.19	89.44	58.14	73.24	39.6	4.47	79.92	46.82	38.21	10.2	84.38	79.4	32.56	79.4	32.56	64.03	82.15	14.42	51.43	75.0	34.53	43.42	63.95	27.02
36	64.28	12.17	34.41	80.72	66.48	74.03	82.07	54.41	62.48	64.9	33.29	84.9	25.61	63.15	16.12	90.0	79.92	50.48	18.11	56.57	64.28	85.6	36.06	31.24	66.27	66.75	30.0	19.8	73.78	80.0	10.2	11.66	55.17	52.15	68.73	41.18	0.0	44.72	26.83	70.71	30.0	12.81	53.85	24.0	83.45	38.63	82.1	65.12	38.83	54.04	70.88	33.53	40.45	64.5	36.72	48.37	8.94	77.79	34.06	77.67	73.6	14.56	73.6	14.56	30.27	93.49	44.72	29.07	65.73	71.39	7.28	63.7	57.08
37	27.78	42.76	60.53	42.38	72.8	68.41	43.08	12.65	28.0	21.26	39.85	45.69	68.82	66.84	55.32	53.85	35.61	25.06	53.74	20.0	55.61	49.48	41.23	60.13	36.77	39.7	58.14	26.68	42.0	44.72	37.2	39.7	18.0	26.83	29.73	62.1	44.72	0.0	52.15	26.08	22.36	32.31	36.06	25.61	42.94	34.23	48.37	25.3	8.25	26.08	28.0	12.81	26.0	54.41	59.23	27.2	52.15	83.74	62.29	33.94	30.61	56.32	30.61	56.32	26.0	59.84	53.67	15.65	21.93	73.59	37.59	27.17	56.73
38	78.1	15.62	8.94	75.18	40.45	50.99	76.94	64.5	57.27	67.08	58.0	79.65	44.18	38.0	16.12	81.61	82.0	43.86	44.27	54.41	43.86	77.67	60.83	8.0	83.57	85.09	6.0	27.86	64.4	72.11	34.06	37.2	53.85	44.72	81.22	14.42	26.83	52.15	0.0	74.67	30.0	27.2	74.43	43.27	79.62	61.22	72.8	76.94	44.05	70.94	80.1	46.17	60.03	44.72	10.0	67.08	32.98	51.42	10.2	78.59	73.76	20.1	73.76	20.1	50.48	82.88	20.4	39.56	68.07	46.04	29.07	59.62	34.21
39	28.07	67.68	82.22	27.2	85.44	75.47	26.68	20.59	26.08	8.25	62.13	28.28	94.87	79.12	80.32	38.83	10.0	34.93	79.4	22.8	63.53	35.44	62.77	82.61	40.2	44.18	80.62	52.0	35.61	33.11	63.25	65.6	22.36	35.44	24.74	82.02	70.71	26.08	74.67	0.0	45.12	58.14	49.03	50.99	24.08	54.59	37.58	22.09	32.31	36.88	15.23	38.42	45.65	61.77	80.02	42.38	78.23	94.85	84.38	10.2	10.44	81.71	10.44	81.71	49.68	46.57	70.71	41.68	7.28	84.1	63.63	23.02	68.95
40	49.4	23.32	38.21	50.91	53.81	53.85	52.35	34.93	32.56	37.95	43.17	55.17	55.61	48.41	35.78	60.0	53.14	20.59	44.94	27.2	41.76	55.61	45.61	38.0	56.6	58.82	36.0	10.77	43.91	50.0	27.2	31.05	26.08	22.36	51.92	39.85	30.0	22.36	30.0	45.12	0.0	17.89	50.99	24.74	54.04	42.05	52.15	47.54	14.14	44.41	50.16	19.8	37.2	41.23	36.88	42.43	38.83	65.3	40.05	50.16	45.62	37.74	45.62	37.74	30.46	63.63	32.8	13.6	38.9	56.04	24.6	33.97	39.12
41	54.04	12.65	36.06	68.12	62.61	67.08	69.43	42.76	50.0	52.15	31.62	72.25	38.21	58.31	24.0	77.67	67.23	38.47	27.2	43.86	56.14	73.24	34.41	34.0	57.72	58.82	32.25	7.21	61.77	67.68	10.0	14.0	42.43	40.25	58.03	41.04	12.81	32.31	27.2	58.14	17.89	0.0	47.41	16.12	70.71	34.06	69.97	54.15	26.08	45.12	59.23	22.09	33.11	56.04	36.88	40.5	21.26	74.24	36.72	64.9	60.8	24.33	60.8	24.33	23.32	81.49	40.25	16.76	53.0	66.48	6.71	51.09	50.7
42	23.32	59.93	83.35	74.03	104.8	103.25	74.11	30.0	63.15	50.04	24.33	76.24	68.26	99.36	69.57	86.02	58.24	60.93	50.16	55.32	90.55	82.0	22.8	81.41	16.12	14.56	79.65	47.2	76.94	78.1	43.68	42.76	53.37	62.77	28.84	87.66	53.85	36.06	74.43	49.03	50.99	47.41	0.0	31.3	72.44	16.0	82.22	28.64	41.18	12.17	37.58	31.24	14.42	89.55	83.76	8.94	56.32	116.28	84.12	59.23	58.42	68.41	58.42	68.41	24.17	93.02	83.45	37.48	50.09	106.83	47.76	61.66	89.81
43	40.45	28.64	52.15	67.08	76.55	78.43	68.0	32.25	50.6	46.86	18.44	70.71	44.72	71.69	38.83	78.0	60.83	42.19	28.43	43.08	66.48	73.54	20.88	50.12	42.43	43.17	48.37	17.2	64.03	68.35	14.14	15.23	41.23	44.18	45.12	56.85	24.0	25.61	43.27	50.99	24.74	16.12	31.3	0.0	68.26	18.44	71.47	41.76	23.41	30.07	48.33	12.81	17.09	65.97	52.8	24.74	29.12	88.2	52.84	59.46	56.22	38.21	56.22	38.21	7.21	83.17	54.41	13.15	47.51	79.65	17.12	50.7	63.07
44	52.15	77.2	85.44	6.32	78.23	64.03	4.47	42.76	22.36	22.8	82.46	4.47	108.9	72.11	89.31	15.23	17.89	35.78	95.6	26.91	54.33	12.81	83.57	86.93	64.28	68.26	85.09	63.66	20.4	13.42	78.1	81.22	28.28	34.93	48.66	82.97	83.45	42.94	79.62	24.08	54.04	70.71	72.44	68.26	0.0	75.89	17.2	46.17	45.61	60.3	38.83	55.57	67.05	52.35	82.22	65.12	91.93	85.51	88.02	14.56	14.04	91.61	14.04	91.61	68.88	23.26	69.43	56.4	22.56	74.97	77.1	20.25	63.01
45	34.41	46.04	70.0	76.16	94.87	95.85	76.66	34.0	62.13	53.14	8.94	79.12	52.35	89.89	54.63	87.86	64.5	56.57	34.23	54.15	83.57	83.55	8.49	67.68	31.05	30.27	66.03	35.61	76.11	78.92	28.64	27.2	52.15	58.55	40.0	75.07	38.63	34.23	61.22	54.59	42.05	34.06	16.0	18.44	75.89	0.0	82.61	38.21	36.22	21.63	46.69	24.33	8.94	82.87	70.94	14.42	40.45	106.51	70.46	64.4	62.39	53.14	62.39	53.14	11.66	94.05	72.8	28.79	53.49	97.75	33.12	61.4	81.01
46	64.56	73.76	77.18	11.31	64.12	48.37	12.81	52.35	20.88	32.98	87.86	13.42	107.65	58.31	84.85	8.94	34.06	31.62	96.6	28.64	40.2	6.0	89.44	79.32	76.66	80.52	77.67	62.77	8.49	4.47	78.71	82.29	30.59	30.0	62.03	73.35	82.1	48.37	72.8	37.58	52.15	69.97	82.22	71.47	17.2	82.61	0.0	58.82	48.08	70.46	52.8	59.67	74.24	38.21	73.43	74.03	90.97	70.26	79.92	30.0	27.29	87.73	27.29	87.73	73.76	11.7	59.09	58.52	33.24	60.03	76.66	21.21	50.22
47	6.0	66.0	85.51	49.03	97.1	90.55	48.66	12.65	43.27	26.0	46.86	50.36	86.16	90.97	78.1	60.83	30.27	46.86	68.88	36.88	77.9	57.27	46.69	84.85	18.11	22.09	82.87	50.04	55.46	54.41	55.79	56.92	35.38	48.17	4.47	87.36	65.12	25.3	76.94	22.09	47.54	54.15	28.64	41.76	46.17	38.21	58.82	0.0	33.53	17.2	8.94	32.06	30.0	76.42	84.4	24.08	70.88	107.65	87.13	32.0	32.39	78.41	32.39	78.41	37.58	68.45	78.79	38.01	25.63	97.2	57.87	40.82	80.71
48	35.78	35.44	52.35	43.91	65.3	62.13	44.94	20.88	27.2	26.08	40.2	47.71	63.78	59.46	48.08	54.63	41.18	20.4	50.0	19.7	49.4	50.16	42.05	52.04	44.05	46.69	50.04	19.7	40.79	44.94	32.56	35.61	17.89	22.36	37.95	53.85	38.83	8.25	44.05	32.31	14.14	26.08	41.18	23.41	45.61	36.22	48.08	33.53	0.0	32.56	36.06	12.0	29.12	48.37	50.99	32.25	46.86	76.42	54.15	38.83	34.83	49.4	34.83	49.4	26.08	59.77	45.65	10.82	26.93	66.48	32.02	27.31	49.5
49	12.81	57.72	79.85	62.0	97.67	94.4	62.03	18.11	51.92	38.0	30.53	64.12	72.28	91.93	68.73	74.0	46.17	51.11	54.41	44.27	81.61	70.03	30.0	78.43	12.65	14.42	76.55	43.08	65.51	66.27	44.0	44.18	42.38	52.84	18.44	83.19	54.04	26.08	70.94	36.88	44.41	45.12	12.17	30.07	60.3	21.63	70.46	17.2	32.56	0.0	26.08	25.06	14.56	80.45	79.62	7.21	58.31	108.9	80.99	47.07	46.27	68.26	46.27	68.26	24.08	81.1	77.2	31.76	38.01	99.04	47.17	50.22	82.04
50	14.56	70.46	88.36	42.38	96.6	88.41	41.76	16.49	39.6	21.26	55.17	43.17	93.04	90.35	82.87	53.85	22.0	45.65	76.16	34.41	76.03	50.6	55.17	88.09	26.08	30.07	86.09	54.33	50.48	48.33	62.03	63.56	33.29	46.65	10.0	89.44	70.88	28.0	80.1	15.23	50.16	59.23	37.58	48.33	38.83	46.69	52.8	8.94	36.06	26.08	0.0	37.36	38.21	74.4	86.83	32.8	77.25	106.68	90.2	24.33	25.63	83.55	25.63	83.55	44.94	61.68	79.7	42.58	20.62	96.04	63.6	36.8	80.06
51	32.25	34.06	55.03	54.63	73.59	72.47	55.46	20.88	38.83	34.06	28.28	58.14	56.6	68.12	46.04	65.79	48.17	32.25	41.04	31.05	59.93	61.35	30.07	53.85	37.58	39.45	51.92	18.44	52.61	56.32	25.06	27.2	29.12	34.23	36.0	58.14	33.53	12.81	46.17	38.42	19.8	22.09	31.24	12.81	55.57	24.33	59.67	32.06	12.0	25.06	37.36	0.0	17.89	59.09	54.63	22.63	40.25	85.04	56.32	46.69	43.42	46.39	43.42	46.39	14.14	71.31	52.5	6.71	34.71	75.6	26.25	38.6	58.6
52	26.83	45.69	68.96	67.47	90.91	90.35	67.91	25.06	54.0	44.27	16.97	70.34	57.72	85.6	55.79	79.25	55.57	49.48	39.85	46.0	77.82	74.97	17.2	67.08	26.0	26.31	65.3	32.8	68.0	70.46	30.27	30.0	44.0	51.42	32.25	73.24	40.45	26.0	60.03	45.65	37.2	33.11	14.42	17.09	67.05	8.94	74.24	30.0	29.12	14.56	38.21	17.89	0.0	76.97	69.34	8.0	44.05	102.45	69.77	55.46	53.49	54.92	53.49	54.92	10.2	85.59	69.31	23.6	44.6	93.23	33.96	53.08	76.28
53	80.62	52.95	45.61	46.17	26.0	14.14	48.17	65.12	35.78	53.85	84.4	50.04	87.36	20.1	60.17	46.69	63.91	29.73	82.22	40.0	2.0	44.18	86.83	48.83	90.91	94.02	47.71	50.36	32.06	40.0	66.03	70.03	41.23	28.28	80.72	39.6	64.5	54.41	44.72	61.77	41.23	56.04	89.55	65.97	52.35	82.87	38.21	76.42	48.37	80.45	74.4	59.09	76.97	0.0	41.23	80.62	72.99	33.53	48.41	59.46	54.78	63.91	54.78	63.91	71.47	44.6	25.61	54.08	54.71	22.8	62.01	38.91	13.04
54	86.02	25.61	4.47	77.25	32.0	44.94	79.12	71.81	60.17	72.11	67.94	81.71	52.04	30.59	24.33	82.37	86.58	47.07	53.85	58.55	40.0	78.71	70.77	8.25	92.2	93.91	8.0	36.72	65.3	73.35	44.05	47.2	58.31	47.54	88.77	4.47	36.72	59.23	10.0	80.02	36.88	36.88	83.76	52.8	82.22	70.94	73.43	84.4	50.99	79.62	86.83	54.63	69.34	41.23	0.0	76.16	42.38	42.43	7.21	82.87	77.93	28.28	77.93	28.28	60.0	82.66	15.62	47.93	73.11	38.21	39.05	62.82	29.15
55	20.0	53.14	76.03	66.27	96.21	94.34	66.48	22.36	54.59	42.43	23.32	68.73	65.51	90.69	63.56	78.23	52.0	52.0	47.54	46.69	81.63	74.11	22.8	74.32	18.0	18.44	72.5	39.45	68.47	70.0	38.21	38.0	44.72	53.85	25.61	79.92	48.37	27.2	67.08	42.38	42.43	40.5	8.94	24.74	65.12	14.42	74.03	24.08	32.25	7.21	32.8	22.63	8.0	80.62	76.16	0.0	52.04	107.63	76.97	52.5	51.2	62.8	51.2	62.8	18.11	85.02	75.07	29.07	42.58	98.08	41.77	53.24	81.06
56	69.43	20.1	39.4	89.38	73.35	82.02	90.69	60.93	71.22	72.8	33.53	93.51	16.97	70.46	18.87	98.81	87.66	59.36	11.66	65.12	72.69	94.4	36.06	35.78	70.03	70.03	34.93	28.43	82.68	88.81	15.23	14.14	63.66	61.06	74.22	46.82	8.94	52.15	32.98	78.23	38.83	21.26	56.32	29.12	91.93	40.45	90.97	70.88	46.86	58.31	77.25	40.25	44.05	72.99	42.38	52.04	0.0	84.4	38.47	85.6	81.69	15.62	81.69	15.62	34.23	102.4	52.15	36.62	73.6	78.64	14.87	72.35	65.01
57	111.21	65.79	46.17	79.25	11.66	22.0	81.22	95.6	69.08	86.76	105.68	82.87	94.34	16.97	66.75	78.03	97.41	61.06	95.6	72.47	31.62	76.24	108.41	50.16	120.42	123.11	50.36	71.02	65.12	72.69	83.26	86.93	73.43	60.03	112.07	38.21	77.79	83.74	51.42	94.85	65.3	74.24	116.28	88.2	85.51	106.51	70.26	107.65	76.42	108.9	106.68	85.04	102.45	33.53	42.43	107.63	84.4	0.0	48.04	92.97	88.26	70.71	88.26	70.71	94.87	74.17	34.0	78.87	87.66	10.77	78.39	72.24	27.02
58	88.29	24.41	2.83	83.26	38.21	52.0	85.09	74.67	65.79	76.66	66.6	87.73	46.39	37.36	19.7	88.84	91.41	52.5	50.12	63.56	47.2	85.09	69.43	2.83	93.64	95.08	4.47	37.95	71.69	79.65	42.52	45.25	63.15	53.14	91.41	10.2	34.06	62.29	10.2	84.38	40.05	36.72	84.12	52.84	88.02	70.46	79.92	87.13	54.15	80.99	90.2	56.32	69.77	48.41	7.21	76.97	38.47	48.04	0.0	87.86	82.98	23.41	82.98	23.41	60.03	89.4	22.8	49.73	77.65	44.72	37.64	68.31	36.36
59	38.0	73.35	85.51	18.87	84.4	72.5	17.89	30.46	24.33	12.81	71.69	18.97	102.45	78.1	85.91	29.73	4.47	36.06	87.68	24.33	61.35	26.83	72.47	86.35	50.04	54.04	84.4	58.31	30.0	25.61	70.94	73.59	24.74	36.0	34.23	84.38	77.67	33.94	78.59	10.2	50.16	64.9	59.23	59.46	14.56	64.4	30.0	32.0	38.83	47.07	24.33	46.69	55.46	59.46	82.87	52.5	85.6	92.97	87.86	0.0	5.0	87.66	5.0	87.66	58.82	37.7	72.0	49.04	12.04	82.22	70.8	21.21	68.25
60	38.33	68.88	80.6	16.76	79.56	67.98	16.28	28.86	19.42	9.43	69.32	18.03	98.6	73.25	81.39	28.44	9.22	31.06	84.22	19.42	56.65	25.0	70.26	81.49	50.49	54.45	79.56	54.08	26.17	22.83	67.21	70.01	19.92	31.0	35.17	79.4	73.6	30.61	73.76	10.44	45.62	60.8	58.42	56.22	14.04	62.39	27.29	32.39	34.83	46.27	25.63	43.42	53.49	54.78	77.93	51.2	81.69	88.26	82.98	5.0	0.0	83.24	0.0	83.24	56.08	36.14	67.0	45.28	8.94	77.49	66.84	16.28	63.35
61	78.03	14.42	24.74	88.09	60.13	71.02	89.64	67.08	69.66	75.15	47.41	92.46	24.08	58.03	4.0	96.17	90.38	56.64	27.2	64.9	63.25	91.93	50.12	20.88	80.62	81.22	20.4	29.73	79.25	86.28	24.74	26.0	63.81	58.0	82.22	32.56	14.56	56.32	20.1	81.71	37.74	24.33	68.41	38.21	91.61	53.14	87.73	78.41	49.4	68.26	83.55	46.39	54.92	63.91	28.28	62.8	15.62	70.71	23.41	87.66	83.24	0.0	83.24	0.0	44.72	98.6	40.45	41.0	76.06	66.0	21.1	71.4	54.13
62	38.33	68.88	80.6	16.76	79.56	67.98	16.28	28.86	19.42	9.43	69.32	18.03	98.6	73.25	81.39	28.44	9.22	31.06	84.22	19.42	56.65	25.0	70.26	81.49	50.49	54.45	79.56	54.08	26.17	22.83	67.21	70.01	19.92	31.0	35.17	79.4	73.6	30.61	73.76	10.44	45.62	60.8	58.42	56.22	14.04	62.39	27.29	32.39	34.83	46.27	25.63	43.42	53.49	54.78	77.93	51.2	81.69	88.26	82.98	5.0	0.0	83.24	0.0	83.24	56.08	36.14	67.0	45.28	8.94	77.49	66.84	16.28	63.35
63	78.03	14.42	24.74	88.09	60.13	71.02	89.64	67.08	69.66	75.15	47.41	92.46	24.08	58.03	4.0	96.17	90.38	56.64	27.2	64.9	63.25	91.93	50.12	20.88	80.62	81.22	20.4	29.73	79.25	86.28	24.74	26.0	63.81	58.0	82.22	32.56	14.56	56.32	20.1	81.71	37.74	24.33	68.41	38.21	91.61	53.14	87.73	78.41	49.4	68.26	83.55	46.39	54.92	63.91	28.28	62.8	15.62	70.71	23.41	87.66	83.24	0.0	83.24	0.0	44.72	98.6	40.45	41.0	76.06	66.0	21.1	71.4	54.13
64	35.44	35.78	59.36	68.35	83.23	84.31	69.08	29.73	52.95	46.65	14.14	71.69	48.7	78.23	45.61	79.7	59.67	46.04	31.3	45.12	72.11	75.29	16.0	57.31	36.06	36.5	55.57	24.08	66.75	70.34	20.1	20.1	43.17	48.04	40.5	64.03	30.27	26.0	50.48	49.68	30.46	23.32	24.17	7.21	68.88	11.66	73.76	37.58	26.08	24.08	44.94	14.14	10.2	71.47	60.0	18.11	34.23	94.87	60.03	58.82	56.08	44.72	56.08	44.72	0.0	85.38	61.22	17.46	47.17	86.09	23.77	52.63	69.35
