set K:= 1	2	3	4	5	6	7	8	9;
set C_H:= 1	2	3	4	5	6	7	8	9	10	11	12	13	14	15	16	17	18;
set C_S:= 19	20	21	22	23	24	25	26	27	28	29	30	31	32	33	34	35	36;
set C_F:= 37	38	39	40	41	42	43	44	45	46	47	48	49	50	51	52	53	54;
set M:= 55	56;
set L_B:= 57	58	59	60	61	62	63	64	65;
set A1:=
(0,*) 1 2 3 4 5 6 7 8 9 10 11 12 13 14 15 16 17 18 37 38 39 40 41 42 43 44 45 46 47 48 49 50 51 52 53 54 55 56 57 58 59 60 61 62 63 64 65
(1,*) 0 2 3 4 5 6 7 8 9 10 11 12 13 14 15 16 17 18 37 38 39 40 41 42 43 44 45 46 47 48 49 50 51 52 53 54 55 56 57 58 59 60 61 62 63 64 65
(2,*) 0 1 3 4 5 6 7 8 9 10 11 12 13 14 15 16 17 18 37 38 39 40 41 42 43 44 45 46 47 48 49 50 51 52 53 54 55 56 57 58 59 60 61 62 63 64 65
(3,*) 0 1 2 4 5 6 7 8 9 10 11 12 13 14 15 16 17 18 37 38 39 40 41 42 43 44 45 46 47 48 49 50 51 52 53 54 55 56 57 58 59 60 61 62 63 64 65
(4,*) 0 1 2 3 5 6 7 8 9 10 11 12 13 14 15 16 17 18 37 38 39 40 41 42 43 44 45 46 47 48 49 50 51 52 53 54 55 56 57 58 59 60 61 62 63 64 65
(5,*) 0 1 2 3 4 6 7 8 9 10 11 12 13 14 15 16 17 18 37 38 39 40 41 42 43 44 45 46 47 48 49 50 51 52 53 54 55 56 57 58 59 60 61 62 63 64 65
(6,*) 0 1 2 3 4 5 7 8 9 10 11 12 13 14 15 16 17 18 37 38 39 40 41 42 43 44 45 46 47 48 49 50 51 52 53 54 55 56 57 58 59 60 61 62 63 64 65
(7,*) 0 1 2 3 4 5 6 8 9 10 11 12 13 14 15 16 17 18 37 38 39 40 41 42 43 44 45 46 47 48 49 50 51 52 53 54 55 56 57 58 59 60 61 62 63 64 65
(8,*) 0 1 2 3 4 5 6 7 9 10 11 12 13 14 15 16 17 18 37 38 39 40 41 42 43 44 45 46 47 48 49 50 51 52 53 54 55 56 57 58 59 60 61 62 63 64 65
(9,*) 0 1 2 3 4 5 6 7 8 10 11 12 13 14 15 16 17 18 37 38 39 40 41 42 43 44 45 46 47 48 49 50 51 52 53 54 55 56 57 58 59 60 61 62 63 64 65
(10,*) 0 1 2 3 4 5 6 7 8 9 11 12 13 14 15 16 17 18 37 38 39 40 41 42 43 44 45 46 47 48 49 50 51 52 53 54 55 56 57 58 59 60 61 62 63 64 65
(11,*) 0 1 2 3 4 5 6 7 8 9 10 12 13 14 15 16 17 18 37 38 39 40 41 42 43 44 45 46 47 48 49 50 51 52 53 54 55 56 57 58 59 60 61 62 63 64 65
(12,*) 0 1 2 3 4 5 6 7 8 9 10 11 13 14 15 16 17 18 37 38 39 40 41 42 43 44 45 46 47 48 49 50 51 52 53 54 55 56 57 58 59 60 61 62 63 64 65
(13,*) 0 1 2 3 4 5 6 7 8 9 10 11 12 14 15 16 17 18 37 38 39 40 41 42 43 44 45 46 47 48 49 50 51 52 53 54 55 56 57 58 59 60 61 62 63 64 65
(14,*) 0 1 2 3 4 5 6 7 8 9 10 11 12 13 15 16 17 18 37 38 39 40 41 42 43 44 45 46 47 48 49 50 51 52 53 54 55 56 57 58 59 60 61 62 63 64 65
(15,*) 0 1 2 3 4 5 6 7 8 9 10 11 12 13 14 16 17 18 37 38 39 40 41 42 43 44 45 46 47 48 49 50 51 52 53 54 55 56 57 58 59 60 61 62 63 64 65
(16,*) 0 1 2 3 4 5 6 7 8 9 10 11 12 13 14 15 17 18 37 38 39 40 41 42 43 44 45 46 47 48 49 50 51 52 53 54 55 56 57 58 59 60 61 62 63 64 65
(17,*) 0 1 2 3 4 5 6 7 8 9 10 11 12 13 14 15 16 18 37 38 39 40 41 42 43 44 45 46 47 48 49 50 51 52 53 54 55 56 57 58 59 60 61 62 63 64 65
(18,*) 0 1 2 3 4 5 6 7 8 9 10 11 12 13 14 15 16 17 37 38 39 40 41 42 43 44 45 46 47 48 49 50 51 52 53 54 55 56 57 58 59 60 61 62 63 64 65
(37,*) 0 1 2 3 4 5 6 7 8 9 10 11 12 13 14 15 16 17 18 38 39 40 41 42 43 44 45 46 47 48 49 50 51 52 53 54 55 56 57 58 59 60 61 62 63 64 65
(38,*) 0 1 2 3 4 5 6 7 8 9 10 11 12 13 14 15 16 17 18 37 39 40 41 42 43 44 45 46 47 48 49 50 51 52 53 54 55 56 57 58 59 60 61 62 63 64 65
(39,*) 0 1 2 3 4 5 6 7 8 9 10 11 12 13 14 15 16 17 18 37 38 40 41 42 43 44 45 46 47 48 49 50 51 52 53 54 55 56 57 58 59 60 61 62 63 64 65
(40,*) 0 1 2 3 4 5 6 7 8 9 10 11 12 13 14 15 16 17 18 37 38 39 41 42 43 44 45 46 47 48 49 50 51 52 53 54 55 56 57 58 59 60 61 62 63 64 65
(41,*) 0 1 2 3 4 5 6 7 8 9 10 11 12 13 14 15 16 17 18 37 38 39 40 42 43 44 45 46 47 48 49 50 51 52 53 54 55 56 57 58 59 60 61 62 63 64 65
(42,*) 0 1 2 3 4 5 6 7 8 9 10 11 12 13 14 15 16 17 18 37 38 39 40 41 43 44 45 46 47 48 49 50 51 52 53 54 55 56 57 58 59 60 61 62 63 64 65
(43,*) 0 1 2 3 4 5 6 7 8 9 10 11 12 13 14 15 16 17 18 37 38 39 40 41 42 44 45 46 47 48 49 50 51 52 53 54 55 56 57 58 59 60 61 62 63 64 65
(44,*) 0 1 2 3 4 5 6 7 8 9 10 11 12 13 14 15 16 17 18 37 38 39 40 41 42 43 45 46 47 48 49 50 51 52 53 54 55 56 57 58 59 60 61 62 63 64 65
(45,*) 0 1 2 3 4 5 6 7 8 9 10 11 12 13 14 15 16 17 18 37 38 39 40 41 42 43 44 46 47 48 49 50 51 52 53 54 55 56 57 58 59 60 61 62 63 64 65
(46,*) 0 1 2 3 4 5 6 7 8 9 10 11 12 13 14 15 16 17 18 37 38 39 40 41 42 43 44 45 47 48 49 50 51 52 53 54 55 56 57 58 59 60 61 62 63 64 65
(47,*) 0 1 2 3 4 5 6 7 8 9 10 11 12 13 14 15 16 17 18 37 38 39 40 41 42 43 44 45 46 48 49 50 51 52 53 54 55 56 57 58 59 60 61 62 63 64 65
(48,*) 0 1 2 3 4 5 6 7 8 9 10 11 12 13 14 15 16 17 18 37 38 39 40 41 42 43 44 45 46 47 49 50 51 52 53 54 55 56 57 58 59 60 61 62 63 64 65
(49,*) 0 1 2 3 4 5 6 7 8 9 10 11 12 13 14 15 16 17 18 37 38 39 40 41 42 43 44 45 46 47 48 50 51 52 53 54 55 56 57 58 59 60 61 62 63 64 65
(50,*) 0 1 2 3 4 5 6 7 8 9 10 11 12 13 14 15 16 17 18 37 38 39 40 41 42 43 44 45 46 47 48 49 51 52 53 54 55 56 57 58 59 60 61 62 63 64 65
(51,*) 0 1 2 3 4 5 6 7 8 9 10 11 12 13 14 15 16 17 18 37 38 39 40 41 42 43 44 45 46 47 48 49 50 52 53 54 55 56 57 58 59 60 61 62 63 64 65
(52,*) 0 1 2 3 4 5 6 7 8 9 10 11 12 13 14 15 16 17 18 37 38 39 40 41 42 43 44 45 46 47 48 49 50 51 53 54 55 56 57 58 59 60 61 62 63 64 65
(53,*) 0 1 2 3 4 5 6 7 8 9 10 11 12 13 14 15 16 17 18 37 38 39 40 41 42 43 44 45 46 47 48 49 50 51 52 54 55 56 57 58 59 60 61 62 63 64 65
(54,*) 0 1 2 3 4 5 6 7 8 9 10 11 12 13 14 15 16 17 18 37 38 39 40 41 42 43 44 45 46 47 48 49 50 51 52 53 55 56 57 58 59 60 61 62 63 64 65
(55,*) 0 1 2 3 4 5 6 7 8 9 10 11 12 13 14 15 16 17 18 37 38 39 40 41 42 43 44 45 46 47 48 49 50 51 52 53 54 56 57 58 59 60 61 62 63 64 65
(56,*) 0 1 2 3 4 5 6 7 8 9 10 11 12 13 14 15 16 17 18 37 38 39 40 41 42 43 44 45 46 47 48 49 50 51 52 53 54 55 57 58 59 60 61 62 63 64 65
(57,*) 0 1 2 3 4 5 6 7 8 9 10 11 12 13 14 15 16 17 18 37 38 39 40 41 42 43 44 45 46 47 48 49 50 51 52 53 54 55 56 58 59 60 61 62 63 64 65
(58,*) 0 1 2 3 4 5 6 7 8 9 10 11 12 13 14 15 16 17 18 37 38 39 40 41 42 43 44 45 46 47 48 49 50 51 52 53 54 55 56 57 59 60 61 62 63 64 65
(59,*) 0 1 2 3 4 5 6 7 8 9 10 11 12 13 14 15 16 17 18 37 38 39 40 41 42 43 44 45 46 47 48 49 50 51 52 53 54 55 56 57 58 60 61 62 63 64 65
(60,*) 0 1 2 3 4 5 6 7 8 9 10 11 12 13 14 15 16 17 18 37 38 39 40 41 42 43 44 45 46 47 48 49 50 51 52 53 54 55 56 57 58 59 61 62 63 64 65
(61,*) 0 1 2 3 4 5 6 7 8 9 10 11 12 13 14 15 16 17 18 37 38 39 40 41 42 43 44 45 46 47 48 49 50 51 52 53 54 55 56 57 58 59 60 62 63 64 65
(62,*) 0 1 2 3 4 5 6 7 8 9 10 11 12 13 14 15 16 17 18 37 38 39 40 41 42 43 44 45 46 47 48 49 50 51 52 53 54 55 56 57 58 59 60 61 63 64 65
(63,*) 0 1 2 3 4 5 6 7 8 9 10 11 12 13 14 15 16 17 18 37 38 39 40 41 42 43 44 45 46 47 48 49 50 51 52 53 54 55 56 57 58 59 60 61 62 64 65
(64,*) 0 1 2 3 4 5 6 7 8 9 10 11 12 13 14 15 16 17 18 37 38 39 40 41 42 43 44 45 46 47 48 49 50 51 52 53 54 55 56 57 58 59 60 61 62 63 65
(65,*) 0 1 2 3 4 5 6 7 8 9 10 11 12 13 14 15 16 17 18 37 38 39 40 41 42 43 44 45 46 47 48 49 50 51 52 53 54 55 56 57 58 59 60 61 62 63 64
;
param BigM:=99999;
param n:= 9;
param d:=
1	21
2	14
3	17
4	21
5	17
6	22
7	22
8	15
9	24
10	15
11	18
12	3
13	14
14	12
15	5
16	18
17	7
18	11
19	3
20	12
21	25
22	4
23	20
24	10
25	10
26	21
27	23
28	11
29	25
30	2
31	13
32	20
33	10
34	10
35	24
36	12
37	11
38	20
39	13
40	16
41	11
42	36
43	6
44	7
45	11
46	19
47	19
48	15
49	7
50	22
51	12
52	66
53	10
54	7
;
param Q:=100;
param e:
	55	56	57	58	59	60	61	62	63	64	65:=
19	0	0	0	0	0	0	0	0	0	0	1	
20	0	0	0	0	0	0	0	0	1	0	0	
21	0	0	0	0	0	1	0	0	1	0	0	
22	0	1	0	0	0	0	0	0	0	0	0	
23	0	0	0	0	0	0	0	0	0	0	1	
24	0	0	0	0	0	0	1	0	0	0	0	
25	0	0	0	0	0	0	0	0	0	1	0	
26	0	0	0	1	0	0	0	0	0	0	0	
27	0	0	0	0	0	0	0	0	0	1	0	
28	0	1	0	0	0	0	0	0	0	0	0	
29	1	0	0	0	1	0	0	0	0	0	0	
30	0	0	0	0	0	1	0	0	1	0	0	
31	1	0	0	0	0	0	0	0	0	0	0	
32	0	0	0	0	0	0	0	0	0	1	0	
33	1	0	0	0	0	0	0	1	0	0	1	
34	0	0	0	1	0	0	0	0	0	0	0	
35	1	0	0	0	1	0	0	0	0	0	0	
36	0	0	0	1	0	0	0	0	0	1	0	
37	0	0	1	0	0	0	0	0	0	0	0	
38	1	0	0	0	1	0	0	1	0	0	0	
39	0	0	1	0	0	0	0	0	1	0	0	
40	0	0	1	0	0	0	0	0	1	0	0	
41	0	0	1	0	0	1	0	0	1	0	0	
42	0	0	1	0	0	0	0	0	0	0	0	
43	1	0	0	0	0	0	0	0	0	0	0	
44	0	0	1	0	0	1	0	0	1	0	0	
45	0	0	0	0	0	0	0	0	0	1	0	
46	0	0	0	1	0	0	0	0	0	1	0	
47	0	0	1	0	0	1	0	0	1	0	0	
48	0	0	0	1	0	0	0	0	0	1	0	
49	0	0	0	0	0	0	1	0	0	1	0	
50	0	0	1	0	0	0	1	0	1	0	0	
51	0	1	1	0	0	1	0	0	1	0	0	
52	1	0	0	0	0	0	1	1	0	0	1	
53	0	0	1	0	0	1	0	0	1	0	0	
54	1	0	0	0	0	0	0	1	0	0	1	
;
param p:=
1	3
2	3
3	3
4	3
5	3
6	3
7	3
8	3
9	3
;
param G:=
55	90
56	89
57	91
58	79
59	72
60	91
61	93
62	76
63	96
64	98
65	96
;
param s:=
0	0
1	10
2	10
3	10
4	10
5	10
6	10
7	10
8	10
9	10
10	10
11	10
12	10
13	10
14	10
15	10
16	10
17	10
18	10
37	10
38	10
39	10
40	10
41	10
42	10
43	10
44	10
45	10
46	10
47	10
48	10
49	10
50	10
51	10
52	10
53	10
54	10
55	10
56	10
57	10
58	10
59	10
60	10
61	10
62	10
63	10
64	10
65	10
;
param t:
	0	1	2	3	4	5	6	7	8	9	10	11	12	13	14	15	16	17	18	19	20	21	22	23	24	25	26	27	28	29	30	31	32	33	34	35	36	37	38	39	40	41	42	43	44	45	46	47	48	49	50	51	52	53	54	55	56	57	58	59	60	61	62	63	64	65:=
0	0.0	26.63	52.2	43.19	30.07	33.62	14.87	34.66	27.29	31.89	19.85	60.75	59.44	27.07	39.05	38.33	61.03	65.8	43.17	60.44	48.55	26.91	18.6	48.85	10.0	37.7	66.31	16.28	29.61	67.48	6.71	73.41	20.52	55.57	60.21	80.81	47.2	34.37	71.59	25.5	18.68	27.46	52.2	65.46	31.11	38.83	52.39	26.93	40.8	22.36	22.83	29.41	56.65	30.02	58.25	77.16	27.78	14.32	59.91	79.4	19.1	33.38	55.15	21.21	36.24	51.97
1	26.63	0.0	65.38	53.76	54.71	29.41	39.62	47.07	19.65	39.01	28.86	83.86	80.96	17.72	62.37	60.83	66.29	82.87	65.37	86.16	56.14	33.06	11.0	75.13	36.24	41.18	83.73	33.14	21.26	94.02	28.32	99.09	37.01	82.15	81.06	107.3	61.39	55.95	98.08	48.26	42.64	30.02	65.38	88.19	37.0	47.17	70.26	25.18	49.4	45.35	48.1	39.32	82.76	30.27	83.63	103.59	12.04	34.67	74.22	105.89	17.26	58.52	81.47	30.81	50.64	78.55
2	52.2	65.38	0.0	93.06	65.8	40.31	41.18	84.53	47.54	26.68	37.0	36.67	29.12	49.48	74.97	76.38	20.0	107.49	26.25	80.11	14.21	32.39	65.12	67.54	46.96	89.81	107.48	67.23	79.51	67.36	45.61	60.53	70.68	66.73	96.54	76.06	94.3	25.61	69.07	32.02	37.74	35.9	0.0	37.95	28.86	89.96	94.92	41.23	91.71	65.46	39.7	26.08	74.32	36.69	48.04	72.03	74.01	37.95	105.42	75.03	48.17	65.8	55.11	35.0	84.72	64.62
3	43.19	53.76	93.06	0.0	34.01	75.0	51.88	8.6	66.57	75.07	62.94	89.36	91.41	65.51	31.62	28.46	104.02	31.4	76.4	56.94	91.4	70.01	43.46	53.45	46.14	15.3	32.56	26.91	35.13	78.45	49.68	91.41	22.8	62.94	36.06	90.82	9.85	70.23	82.86	61.85	55.46	70.09	93.06	94.34	74.28	7.0	21.95	68.41	5.1	28.86	55.03	72.47	57.27	72.35	80.1	88.54	43.74	56.04	21.02	89.54	58.82	37.22	71.7	64.38	9.06	60.17
4	30.07	54.71	65.8	34.01	0.0	61.98	27.73	27.66	57.04	55.54	46.32	55.73	58.52	57.0	9.85	10.63	80.8	41.73	44.72	31.76	68.24	52.5	44.38	22.67	24.74	40.31	41.77	23.6	47.51	46.53	33.24	57.97	21.93	31.62	32.2	59.68	31.05	40.61	51.0	33.97	29.68	54.57	65.8	60.67	55.71	34.93	29.21	55.58	35.51	10.0	26.17	51.89	29.21	57.49	46.1	56.82	51.11	35.11	40.31	58.31	49.0	4.24	38.08	46.84	25.08	28.3
5	33.62	29.41	40.31	75.0	61.98	0.0	36.01	66.85	9.85	14.87	16.0	68.12	62.94	11.7	71.59	71.31	37.22	99.4	50.22	89.09	28.44	12.08	34.41	76.24	37.34	65.8	99.92	48.88	48.88	88.26	28.86	88.32	53.34	80.41	93.41	100.32	80.26	41.68	91.55	37.95	36.35	8.25	40.31	71.45	12.73	69.53	86.01	6.71	71.7	55.66	42.58	17.8	84.29	5.39	72.95	96.25	40.72	28.02	93.15	99.01	16.28	64.5	74.67	16.12	69.12	77.1
6	14.87	39.62	41.18	51.88	27.73	36.01	0.0	43.38	33.53	27.86	20.02	45.88	44.72	34.18	37.58	38.08	53.81	68.6	28.44	53.08	41.11	25.32	33.12	40.31	6.08	49.82	68.82	26.68	44.38	55.23	11.31	59.46	29.73	45.22	59.93	68.24	53.41	20.0	59.08	11.0	4.0	28.02	41.18	50.6	28.16	49.04	55.44	30.27	50.7	24.76	8.49	24.17	48.37	31.02	44.05	64.4	42.49	8.0	65.07	66.85	26.83	29.41	42.2	20.02	43.57	41.76
7	34.66	47.07	84.53	8.6	27.66	66.85	43.38	0.0	58.67	66.53	54.45	82.05	83.73	57.71	27.46	24.41	95.43	36.06	68.45	54.04	82.8	61.52	36.4	48.75	37.59	14.14	37.01	18.38	30.27	73.54	41.11	85.62	14.21	58.18	37.34	86.33	14.32	61.98	78.0	53.49	47.01	61.72	84.53	87.05	65.76	7.28	24.33	60.22	8.0	21.1	46.84	63.89	53.54	64.03	73.55	83.77	38.01	47.43	27.2	85.0	50.77	31.32	65.73	55.87	4.47	55.15
8	27.29	19.65	47.54	66.57	57.04	9.85	33.53	58.67	0.0	20.88	15.0	71.51	67.2	2.0	66.27	65.62	46.69	92.36	53.04	85.99	37.01	15.65	24.84	73.55	33.24	56.59	92.97	41.23	39.12	88.1	24.08	90.0	45.69	78.75	87.48	100.72	72.45	43.86	91.71	38.28	34.93	11.7	47.54	75.29	18.68	60.8	79.06	6.32	63.01	49.65	41.23	22.36	81.58	11.05	74.4	96.75	30.87	26.0	85.43	99.36	8.25	60.01	74.71	16.28	61.27	75.29
9	31.89	39.01	26.68	75.07	55.54	14.87	27.86	66.53	20.88	0.0	12.53	53.41	48.08	22.8	65.39	65.74	29.53	95.72	35.85	79.31	17.72	6.08	40.26	66.19	31.38	68.6	96.04	48.17	55.08	75.43	25.46	74.24	52.35	69.12	87.73	86.98	78.64	27.86	78.45	26.02	26.68	9.22	26.68	56.64	2.24	70.6	82.38	14.56	72.62	51.31	32.25	4.0	74.11	10.3	59.09	82.87	48.51	20.59	91.05	85.7	22.09	57.25	61.85	10.82	67.9	66.03
10	19.85	28.86	37.0	62.94	46.32	16.0	20.02	54.45	15.0	12.53	0.0	56.85	53.0	16.28	56.04	55.97	42.06	85.0	38.29	73.11	30.08	7.07	28.28	60.3	21.59	56.08	85.42	36.07	42.95	73.41	13.89	75.0	40.36	64.76	78.11	85.88	67.01	29.0	76.92	23.32	20.62	8.25	37.0	60.8	11.4	58.26	71.59	10.44	60.31	40.72	26.93	11.18	68.36	11.18	59.41	81.88	37.01	12.04	79.63	84.53	11.7	48.66	59.93	2.0	56.08	61.39
11	60.75	83.86	36.67	89.36	55.73	68.12	45.88	82.05	71.51	53.41	56.85	0.0	8.06	73.0	61.68	64.29	56.44	92.61	18.6	54.49	49.65	56.59	78.79	44.94	51.24	92.27	92.14	69.72	90.14	34.01	56.36	24.02	71.25	39.62	78.77	40.2	86.68	28.02	34.48	35.78	42.15	60.83	36.67	5.0	55.44	89.01	82.54	65.76	90.05	61.01	38.33	50.33	48.92	63.03	15.0	36.35	88.24	49.24	94.56	39.32	68.01	53.37	25.46	55.32	80.31	39.2
12	59.44	80.96	29.12	91.41	58.52	62.94	44.72	83.73	67.2	48.08	53.0	8.06	0.0	68.82	65.39	67.78	48.66	97.13	16.28	60.88	42.54	51.86	76.84	50.45	50.49	93.01	96.75	70.03	89.05	41.79	54.41	32.0	72.03	46.1	83.76	48.26	89.56	25.3	42.45	33.96	40.79	56.08	29.12	8.94	50.21	90.45	86.41	61.22	91.66	62.65	38.05	45.34	55.17	58.05	22.36	44.41	86.33	46.82	98.23	47.38	64.5	56.65	32.2	51.31	82.38	45.25
13	27.07	17.72	49.48	65.51	57.0	11.7	34.18	57.71	2.0	22.8	16.28	73.0	68.82	0.0	66.12	65.38	48.66	91.71	54.49	86.31	39.01	17.46	23.35	73.98	33.54	55.23	92.35	40.5	37.44	89.01	24.33	91.21	44.94	79.38	87.13	101.71	71.59	45.25	92.66	39.41	35.78	13.6	49.48	76.84	20.62	59.64	78.45	8.25	61.85	49.37	42.05	24.17	82.0	13.04	75.6	97.75	29.07	26.83	84.58	100.34	8.0	60.07	75.66	17.69	60.42	75.89
14	39.05	62.37	74.97	31.62	9.85	71.59	37.58	27.46	66.27	65.39	56.04	61.68	65.39	66.12	0.0	3.16	90.44	32.65	52.7	26.87	77.94	62.3	51.66	21.84	34.48	41.4	32.56	29.73	52.48	46.84	42.76	60.3	26.83	31.32	22.36	59.24	26.02	49.52	51.24	43.42	39.45	64.29	74.97	66.48	65.55	34.48	21.02	65.12	34.44	17.12	35.61	61.74	26.08	67.19	50.36	56.92	57.38	44.94	32.89	57.94	58.14	9.22	41.0	56.61	23.71	28.64
15	38.33	60.83	76.38	28.46	10.63	71.31	38.08	24.41	65.62	65.74	55.97	64.29	67.78	65.38	3.16	0.0	91.4	31.11	54.71	29.73	78.82	62.39	50.01	25.0	34.54	38.42	31.14	27.89	50.12	50.0	42.45	63.39	24.7	34.48	22.14	62.39	23.0	51.09	54.41	44.6	40.22	64.2	76.38	69.12	65.8	31.38	18.87	64.76	31.3	16.03	36.8	62.18	29.15	67.05	53.24	60.08	55.36	45.19	30.46	61.1	57.43	11.18	44.01	56.65	20.59	31.78
16	61.03	66.29	20.0	104.02	80.8	37.22	53.81	95.43	46.69	29.53	42.06	56.44	48.66	48.66	90.44	91.4	0.0	122.29	45.71	98.68	12.73	35.34	69.29	85.8	58.69	98.11	122.44	77.2	84.15	87.28	54.41	80.4	81.22	85.87	112.61	96.05	106.83	43.08	89.05	47.17	51.22	37.0	20.0	57.27	30.87	99.86	109.22	41.23	101.83	78.52	54.92	31.62	92.97	36.14	68.03	92.02	76.92	48.17	118.8	95.02	50.6	81.54	74.81	40.31	96.43	83.52
17	65.8	82.87	107.49	31.4	41.73	99.4	68.6	36.06	92.36	95.72	85.0	92.61	97.13	91.71	32.65	31.11	122.29	0.0	85.21	44.05	109.64	91.79	72.01	48.38	64.35	46.69	1.41	51.24	66.03	70.46	71.12	86.31	46.84	56.29	15.03	80.01	22.02	82.13	74.24	75.69	71.06	93.02	107.49	97.17	95.52	38.33	13.42	92.7	36.5	44.42	67.9	92.36	47.52	95.71	79.71	79.06	74.06	75.17	11.66	79.0	84.15	41.87	69.26	85.96	32.25	55.08
18	43.17	65.37	26.25	76.4	44.72	50.22	28.44	68.45	53.04	35.85	38.29	18.6	16.28	54.49	52.7	54.71	45.71	85.21	0.0	54.12	36.01	38.42	60.75	41.88	34.23	77.1	85.0	54.01	72.78	42.01	38.28	38.48	56.22	40.5	72.92	52.17	75.39	9.43	44.28	17.72	24.52	42.64	26.25	22.83	37.74	74.97	73.57	47.42	76.3	47.54	22.02	32.45	48.3	45.0	23.77	48.05	70.23	30.87	85.0	50.99	49.41	43.57	29.15	36.8	67.45	38.48
19	60.44	86.16	80.11	56.94	31.76	89.09	53.08	54.04	85.99	79.31	73.11	54.49	60.88	86.31	26.87	29.73	98.68	44.05	54.12	0.0	87.36	78.01	76.06	13.15	52.77	68.12	43.1	55.23	78.82	26.68	61.98	43.01	53.01	14.87	29.02	36.12	49.24	55.66	30.27	53.6	53.01	81.02	80.11	58.26	80.16	60.8	39.29	83.29	60.46	41.68	47.1	75.33	5.83	84.02	39.82	35.01	82.86	61.07	50.64	35.06	78.45	27.73	29.07	73.03	50.0	15.81
20	48.55	56.14	14.21	91.4	68.24	28.44	41.11	82.8	37.01	17.72	30.08	49.65	42.54	39.01	77.94	78.82	12.73	109.64	36.01	87.36	0.0	23.77	57.97	74.33	45.97	85.88	109.81	64.64	72.8	78.03	41.88	73.01	68.6	75.13	100.17	87.82	94.11	31.78	80.22	34.89	38.6	26.17	14.21	51.48	19.42	87.37	96.54	31.02	89.31	65.8	42.54	19.24	81.74	26.0	59.41	83.73	66.1	35.47	106.08	86.7	39.62	69.12	65.03	28.23	83.74	72.57
21	26.91	33.06	32.39	70.01	52.5	12.08	25.32	61.52	15.65	6.08	7.07	56.59	51.86	17.46	62.3	62.39	35.34	91.79	38.42	78.01	23.77	0.0	34.21	65.01	27.86	62.97	92.18	43.14	49.04	76.22	20.81	76.32	47.42	68.73	84.5	88.24	74.03	29.68	79.48	25.96	25.0	4.24	32.39	60.14	4.47	65.3	78.39	9.43	67.36	47.41	31.06	6.71	73.03	6.71	60.9	84.17	42.43	17.46	86.61	86.93	16.03	54.57	62.63	5.83	63.13	65.49
22	18.6	11.0	65.12	43.46	44.38	34.41	33.12	36.4	24.84	40.26	28.28	78.79	76.84	23.35	51.66	50.01	69.29	72.01	60.75	76.06	57.97	34.21	0.0	65.51	28.6	32.02	72.84	22.2	14.87	85.63	22.47	92.01	26.02	73.01	70.06	99.04	50.7	51.55	89.83	43.08	36.67	32.31	65.12	83.38	38.6	37.12	59.3	28.65	39.36	34.79	41.34	39.46	72.95	33.54	76.84	95.46	9.49	30.08	63.6	97.62	18.79	48.33	73.59	30.27	39.81	69.4
23	48.85	75.13	67.54	53.45	22.67	76.24	40.31	48.75	73.55	66.19	60.3	44.94	50.45	73.98	21.84	25.0	85.8	48.38	41.88	13.15	74.33	65.01	65.51	0.0	40.52	62.27	47.76	46.01	70.04	25.0	49.73	39.0	44.6	9.49	34.01	37.58	47.52	42.72	29.41	40.45	40.01	68.12	67.54	49.24	67.07	55.95	40.11	70.58	56.08	32.53	34.01	62.2	8.06	71.11	31.38	35.11	73.01	48.26	52.24	36.25	66.22	18.44	20.88	60.13	45.31	7.0
24	10.0	36.24	46.96	46.14	24.74	37.34	6.08	37.59	33.24	31.38	21.59	51.24	50.49	33.54	34.48	34.54	58.69	64.35	34.23	52.77	45.97	27.86	28.6	40.52	0.0	43.74	64.66	20.62	38.9	57.8	9.22	63.41	23.77	46.52	56.65	71.06	48.17	26.02	61.85	17.03	10.05	29.83	46.96	56.04	31.3	43.08	51.04	31.06	44.78	20.0	13.0	28.02	48.51	32.76	48.26	67.36	37.74	10.82	60.14	69.66	25.71	27.17	45.28	22.14	38.01	42.95
25	37.7	41.18	89.81	15.3	40.31	65.8	49.82	14.14	56.59	68.6	56.08	92.27	93.01	55.23	41.4	38.42	98.11	46.69	77.1	68.12	85.88	62.97	32.02	62.27	43.74	0.0	47.85	23.19	20.88	86.76	44.38	98.03	21.02	71.59	50.54	99.76	25.0	69.58	91.24	60.67	53.76	62.2	89.81	97.25	67.42	8.54	36.77	59.55	10.2	32.02	55.08	66.65	67.42	64.03	85.15	97.05	30.08	51.87	36.06	98.41	49.58	44.28	78.11	57.8	18.44	68.43
26	66.31	83.73	107.48	32.56	41.77	99.92	68.82	37.01	92.97	96.04	85.42	92.14	96.75	92.35	32.56	31.14	122.44	1.41	85.0	43.1	109.81	92.18	72.84	47.76	64.66	47.85	0.0	51.92	67.07	69.58	71.55	85.51	47.54	55.54	14.14	79.0	23.09	82.07	73.33	75.74	71.22	93.47	107.48	96.66	95.88	39.46	13.93	93.23	37.66	44.78	67.94	92.65	46.69	96.18	79.12	78.1	75.03	75.47	13.04	78.01	84.76	41.77	68.62	86.35	33.14	54.41
27	16.28	33.14	67.23	26.91	23.6	48.88	26.68	18.38	41.23	48.17	36.07	69.72	70.03	40.5	29.73	27.89	77.2	51.24	54.01	55.23	64.64	43.14	22.2	46.01	20.62	23.19	51.92	0.0	24.04	68.6	22.8	77.82	4.47	54.49	48.0	82.01	31.38	46.39	73.01	37.48	30.59	43.42	67.23	74.67	47.38	22.83	38.08	42.19	24.7	13.6	32.0	45.61	52.8	45.8	63.91	78.82	27.73	29.53	44.29	80.6	33.11	27.8	58.18	37.48	20.25	50.99
28	29.61	21.26	79.51	35.13	47.51	48.88	44.38	30.27	39.12	55.08	42.95	90.14	89.05	37.44	52.48	50.12	84.15	66.03	72.78	78.82	72.8	49.04	14.87	70.04	38.9	20.88	67.07	24.04	0.0	92.46	35.13	100.85	25.81	78.52	67.19	105.89	44.01	63.95	96.83	55.11	48.27	47.17	79.51	94.92	53.45	28.16	54.59	43.38	30.27	37.54	51.87	54.13	76.69	48.33	86.31	102.62	9.43	43.1	56.14	104.48	33.62	51.74	81.54	44.91	34.53	75.01
29	67.48	94.02	67.36	78.45	46.53	88.26	55.23	73.54	88.1	75.43	73.41	34.01	41.79	89.01	46.84	50.0	87.28	70.46	42.01	26.68	78.03	76.22	85.63	25.0	57.8	86.76	69.58	68.6	92.46	0.0	66.29	16.55	67.96	15.52	55.44	13.45	72.37	47.85	4.47	50.33	53.24	80.06	67.36	36.36	76.92	80.78	64.12	83.77	80.99	55.76	47.01	71.57	23.02	82.87	19.65	10.3	94.05	62.18	76.03	12.04	81.99	42.49	13.6	72.62	70.23	18.38
30	6.71	28.32	45.61	49.68	33.24	28.86	11.31	41.11	24.08	25.46	13.89	56.36	54.41	24.33	42.76	42.45	54.41	71.12	38.28	61.98	41.88	20.81	22.47	49.73	9.22	44.38	71.55	22.8	35.13	66.29	0.0	70.77	26.91	55.54	64.56	79.4	53.26	29.12	70.21	20.62	14.42	21.93	45.61	60.93	24.84	45.49	57.71	22.36	47.43	26.93	19.8	22.8	57.72	24.7	55.32	75.6	31.95	8.0	65.8	78.01	16.49	36.01	53.41	15.0	42.45	52.0
31	73.41	99.09	60.53	91.41	57.97	88.32	59.46	85.62	90.0	74.24	75.0	24.02	32.0	91.21	60.3	63.39	80.4	86.31	38.48	43.01	73.01	76.32	92.01	39.0	63.41	98.03	85.51	77.82	100.85	16.55	70.77	0.0	78.0	30.15	71.39	16.76	86.28	46.65	14.21	51.86	56.57	80.45	60.53	24.33	76.06	92.89	79.06	84.88	93.39	66.13	50.99	70.71	38.83	83.01	15.62	13.42	101.02	65.12	91.14	16.16	85.04	54.34	19.92	73.82	82.76	32.0
32	20.52	37.01	70.68	22.8	21.93	53.34	29.73	14.21	45.69	52.35	40.36	71.25	72.03	44.94	26.83	24.7	81.22	46.84	56.22	53.01	68.6	47.42	26.02	44.6	23.77	21.02	47.54	4.47	25.81	67.96	26.91	78.0	0.0	53.41	44.05	81.27	26.93	49.03	72.4	40.26	33.53	47.8	70.68	76.24	51.62	19.31	33.73	46.65	21.02	12.21	34.23	49.68	50.99	50.22	64.56	78.23	30.68	33.29	39.82	79.88	37.58	26.17	58.18	41.73	15.81	50.0
33	55.57	82.15	66.73	62.94	31.62	80.41	45.22	58.18	78.75	69.12	64.76	39.62	46.1	79.38	31.32	34.48	85.87	56.29	40.5	14.87	75.13	68.73	73.01	9.49	46.52	71.59	55.54	54.49	78.52	15.52	55.54	30.15	53.41	0.0	41.48	28.18	56.89	43.42	19.92	43.1	44.15	72.18	66.73	43.42	70.26	65.39	49.0	75.19	65.55	41.23	37.85	65.12	9.43	75.13	25.0	25.63	80.92	52.89	61.03	26.83	71.87	27.46	14.21	64.33	54.78	3.61
34	60.21	81.06	96.54	36.06	32.2	93.41	59.93	37.34	87.48	87.73	78.11	78.77	83.76	87.13	22.36	22.14	112.61	15.03	72.92	29.02	100.17	84.5	70.06	34.01	56.65	50.54	14.14	48.0	67.19	55.44	64.56	71.39	44.05	41.48	0.0	65.03	26.4	70.94	59.21	65.46	61.77	86.33	96.54	83.19	87.85	42.06	14.21	86.83	40.82	37.85	57.69	84.1	32.56	89.19	65.39	64.03	73.98	67.23	22.85	64.01	79.25	31.06	54.78	78.77	32.89	40.5
35	80.81	107.3	76.06	90.82	59.68	100.32	68.24	86.33	100.72	86.98	85.88	40.2	48.26	101.71	59.24	62.39	96.05	80.01	52.17	36.12	87.82	88.24	99.04	37.58	71.06	99.76	79.0	82.01	105.89	13.45	79.4	16.76	81.27	28.18	65.03	0.0	84.2	59.14	9.22	62.61	66.04	92.2	76.06	41.0	88.6	93.52	75.13	96.15	93.62	69.07	59.91	83.22	33.96	94.94	28.44	4.12	107.49	74.95	86.7	1.41	94.87	55.57	26.08	84.97	82.86	31.38
36	47.2	61.39	94.3	9.85	31.05	80.26	53.41	14.32	72.45	78.64	67.01	86.68	89.56	71.59	26.02	23.0	106.83	22.02	75.39	49.24	94.11	74.03	50.7	47.52	48.17	25.0	23.09	31.38	44.01	72.37	53.26	86.28	26.93	56.89	26.4	84.2	0.0	70.24	76.69	62.43	56.61	74.63	94.3	91.59	78.1	16.49	12.21	73.57	14.87	28.84	55.07	75.69	50.29	77.1	76.16	82.23	52.15	58.69	13.0	82.97	64.41	33.38	67.01	68.25	11.18	54.45
37	34.37	55.95	25.61	70.23	40.61	41.68	20.0	61.98	43.86	27.86	29.0	28.02	25.3	45.25	49.52	51.09	43.08	82.13	9.43	55.66	31.78	29.68	51.55	42.72	26.02	69.58	82.07	46.39	63.95	47.85	29.12	46.65	49.03	43.42	70.94	59.14	70.24	0.0	50.7	9.0	16.0	33.84	25.61	32.25	29.55	68.15	69.81	38.42	69.64	41.63	15.23	24.17	50.0	36.36	31.3	55.03	61.03	21.54	80.71	57.87	40.0	40.31	34.37	27.59	61.47	40.79
38	71.59	98.08	69.07	82.86	51.0	91.55	59.08	78.0	91.71	78.45	76.92	34.48	42.45	92.66	51.24	54.41	89.05	74.24	44.28	30.27	80.22	79.48	89.83	29.41	61.85	91.24	73.33	73.01	96.83	4.47	70.21	14.21	72.4	19.92	59.21	9.22	76.69	50.7	0.0	53.71	56.94	83.38	69.07	36.25	80.01	85.23	68.26	87.24	85.44	60.21	50.77	74.63	27.02	86.16	21.02	5.83	98.31	65.86	80.1	7.81	85.76	46.96	17.0	76.06	74.67	22.85
39	25.5	48.26	32.02	61.85	33.97	37.95	11.0	53.49	38.28	26.02	23.32	35.78	33.96	39.41	43.42	44.6	47.17	75.69	17.72	53.6	34.89	25.96	43.08	40.45	17.03	60.67	75.74	37.48	55.11	50.33	20.62	51.86	40.26	43.1	65.46	62.61	62.43	9.0	53.71	0.0	7.0	29.73	32.02	40.31	27.17	59.48	62.97	33.54	61.03	33.62	7.81	22.02	48.26	32.57	36.24	58.59	52.55	13.6	73.41	61.27	33.24	34.41	36.77	22.36	53.23	40.01
40	18.68	42.64	37.74	55.46	29.68	36.35	4.0	47.01	34.93	26.68	20.62	42.15	40.79	35.78	39.45	40.22	51.22	71.06	24.52	53.01	38.6	25.0	36.67	40.01	10.05	53.76	71.22	30.59	48.27	53.24	14.42	56.57	33.53	44.15	61.77	66.04	56.61	16.0	56.94	7.0	0.0	28.16	37.74	46.82	27.29	52.81	58.05	31.05	54.42	27.8	6.32	22.8	48.04	31.14	41.04	62.13	46.1	8.94	68.01	64.66	28.84	30.87	39.96	20.22	47.01	40.79
41	27.46	30.02	35.9	70.09	54.57	8.25	28.02	61.72	11.7	9.22	8.25	60.83	56.08	13.6	64.29	64.2	37.0	93.02	42.64	81.02	26.17	4.24	32.31	68.12	29.83	62.2	93.47	43.42	47.17	80.06	21.93	80.45	47.8	72.18	86.33	92.2	74.63	33.84	83.38	29.73	28.16	0.0	35.9	64.38	7.07	65.07	79.61	5.39	67.18	48.85	34.37	10.82	76.16	3.0	65.0	88.14	40.02	20.02	87.37	90.87	13.6	56.89	66.48	8.0	63.6	68.88
42	52.2	65.38	0.0	93.06	65.8	40.31	41.18	84.53	47.54	26.68	37.0	36.67	29.12	49.48	74.97	76.38	20.0	107.49	26.25	80.11	14.21	32.39	65.12	67.54	46.96	89.81	107.48	67.23	79.51	67.36	45.61	60.53	70.68	66.73	96.54	76.06	94.3	25.61	69.07	32.02	37.74	35.9	0.0	37.95	28.86	89.96	94.92	41.23	91.71	65.46	39.7	26.08	74.32	36.69	48.04	72.03	74.01	37.95	105.42	75.03	48.17	65.8	55.11	35.0	84.72	64.62
43	65.46	88.19	37.95	94.34	60.67	71.45	50.6	87.05	75.29	56.64	60.8	5.0	8.94	76.84	66.48	69.12	57.27	97.17	22.83	58.26	51.48	60.14	83.38	49.24	56.04	97.25	96.66	74.67	94.92	36.36	60.93	24.33	76.24	43.42	83.19	41.0	91.59	32.25	36.25	40.31	46.82	64.38	37.95	0.0	58.73	94.01	87.28	69.43	95.05	66.01	43.17	53.74	52.8	66.47	18.44	37.36	92.85	53.67	99.33	40.26	72.11	58.25	29.21	59.2	85.29	43.27
44	31.11	37.0	28.86	74.28	55.71	12.73	28.16	65.76	18.68	2.24	11.4	55.44	50.21	20.62	65.55	65.8	30.87	95.52	37.74	80.16	19.42	4.47	38.6	67.07	31.3	67.42	95.88	47.38	53.45	76.92	24.84	76.06	51.62	70.26	87.85	88.6	78.1	29.55	80.01	27.17	27.29	7.07	28.86	58.73	0.0	69.66	82.15	12.37	71.7	51.11	33.06	5.39	75.03	8.06	60.84	84.5	46.69	20.62	90.6	87.32	20.22	57.57	63.32	9.9	67.27	67.12
45	38.83	47.17	89.96	7.0	34.93	69.53	49.04	7.28	60.8	70.6	58.26	89.01	90.45	59.64	34.48	31.38	99.86	38.33	74.97	60.8	87.37	65.3	37.12	55.95	43.08	8.54	39.46	22.83	28.16	80.78	45.49	92.89	19.31	65.39	42.06	93.52	16.49	68.15	85.23	59.48	52.81	65.07	89.96	94.01	69.66	0.0	28.23	63.03	2.24	28.0	53.15	68.24	60.54	67.18	80.75	91.0	36.88	52.35	28.02	92.2	53.26	38.6	73.01	59.82	10.82	62.39
46	52.39	70.26	94.92	21.95	29.21	86.01	55.44	24.33	79.06	82.38	71.59	82.54	86.41	78.45	21.02	18.87	109.22	13.42	73.57	39.29	96.54	78.39	59.3	40.11	51.04	36.77	13.93	38.08	54.59	64.12	57.71	79.06	33.73	49.0	14.21	75.13	12.21	69.81	68.26	62.97	58.05	79.61	94.92	87.28	82.15	28.23	0.0	79.31	26.83	31.06	55.23	79.06	41.3	82.29	70.61	73.55	62.07	61.85	12.17	73.98	70.84	30.02	60.67	72.56	20.1	47.1
47	26.93	25.18	41.23	68.41	55.58	6.71	30.27	60.22	6.32	14.56	10.44	65.76	61.22	8.25	65.12	64.76	41.23	92.7	47.42	83.29	31.02	9.43	28.65	70.58	31.06	59.55	93.23	42.19	43.38	83.77	22.36	84.88	46.65	75.19	86.83	96.15	73.57	38.42	87.24	33.54	31.05	5.39	41.23	69.43	12.37	63.03	79.31	0.0	65.19	49.04	37.36	16.12	78.64	5.1	69.34	92.13	35.74	22.36	86.45	94.81	10.0	58.22	70.26	11.18	62.43	71.81
48	40.8	49.4	91.71	5.1	35.51	71.7	50.7	8.0	63.01	72.62	60.31	90.05	91.66	61.85	34.44	31.3	101.83	36.5	76.3	60.46	89.31	67.36	39.36	56.08	44.78	10.2	37.66	24.7	30.27	80.99	47.43	93.39	21.02	65.55	40.82	93.62	14.87	69.64	85.44	61.03	54.42	67.18	91.71	95.05	71.7	2.24	26.83	65.19	0.0	29.07	54.57	70.21	60.42	69.31	81.5	91.18	39.05	54.2	26.0	92.31	55.44	39.05	73.55	61.85	10.77	62.63
49	22.36	45.35	65.46	28.86	10.0	55.66	24.76	21.1	49.65	51.31	40.72	61.01	62.65	49.37	17.12	16.03	78.52	44.42	47.54	41.68	65.8	47.41	34.79	32.53	20.0	32.02	44.78	13.6	37.54	55.76	26.93	66.13	12.21	41.23	37.85	69.07	28.84	41.63	60.21	33.62	27.8	48.85	65.46	66.01	51.11	28.0	31.06	49.04	29.07	0.0	26.4	48.01	39.2	51.62	53.15	66.04	41.18	30.81	40.31	67.68	41.44	14.21	46.24	41.59	19.92	37.8
50	22.83	48.1	39.7	55.03	26.17	42.58	8.49	46.84	41.23	32.25	26.93	38.33	38.05	42.05	35.61	36.8	54.92	67.9	22.02	47.1	42.54	31.06	41.34	34.01	13.0	55.08	67.94	32.0	51.87	47.01	19.8	50.99	34.23	37.85	57.69	59.91	55.07	15.23	50.77	7.81	6.32	34.37	39.7	43.17	33.06	53.15	55.23	37.36	54.57	26.4	0.0	28.28	42.0	37.34	35.61	56.04	50.61	15.23	65.8	58.52	34.99	26.63	33.84	26.48	46.24	34.53
51	29.41	39.32	26.08	72.47	51.89	17.8	24.17	63.89	22.36	4.0	11.18	50.33	45.34	24.17	61.74	62.18	31.62	92.36	32.45	75.33	19.24	6.71	39.46	62.2	28.02	66.65	92.65	45.61	54.13	71.57	22.8	70.71	49.68	65.12	84.1	83.22	75.69	24.17	74.63	22.02	22.8	10.82	26.08	53.74	5.39	68.24	79.06	16.12	70.21	48.01	28.28	0.0	70.11	12.73	55.46	79.12	48.09	17.2	87.97	81.93	22.09	53.49	57.97	9.22	65.07	62.03
52	56.65	82.76	74.32	57.27	29.21	84.29	48.37	53.54	81.58	74.11	68.36	48.92	55.17	82.0	26.08	29.15	92.97	47.52	48.3	5.83	81.74	73.03	72.95	8.06	48.51	67.42	46.69	52.8	76.69	23.02	57.72	38.83	50.99	9.43	32.56	33.96	50.29	50.0	27.02	48.26	48.04	76.16	74.32	52.8	75.03	60.54	41.3	78.64	60.42	39.2	42.0	70.11	0.0	79.16	34.41	32.25	80.16	56.32	53.08	32.76	74.22	25.0	23.6	68.18	49.74	10.0
53	30.02	30.27	36.69	72.35	57.49	5.39	31.02	64.03	11.05	10.3	11.18	63.03	58.05	13.04	67.19	67.05	36.14	95.71	45.0	84.02	26.0	6.71	33.54	71.11	32.76	64.03	96.18	45.8	48.33	82.87	24.7	83.01	50.22	75.13	89.19	94.94	77.1	36.36	86.16	32.57	31.14	3.0	36.69	66.47	8.06	67.18	82.29	5.1	69.31	51.62	37.34	12.73	79.16	0.0	67.6	90.87	40.8	23.02	89.89	93.62	14.76	59.84	69.29	11.0	66.03	71.85
54	58.25	83.63	48.04	80.1	46.1	72.95	44.05	73.55	74.4	59.09	59.41	15.0	22.36	75.6	50.36	53.24	68.03	79.71	23.77	39.82	59.41	60.9	76.84	31.38	48.26	85.15	79.12	63.91	86.31	19.65	55.32	15.62	64.56	25.0	65.39	28.44	76.16	31.3	21.02	36.24	41.04	65.0	48.04	18.44	60.84	80.75	70.61	69.34	81.5	53.15	35.61	55.46	34.41	67.6	0.0	24.33	85.98	49.52	82.76	27.29	69.43	43.0	10.82	58.25	71.18	25.06
55	77.16	103.59	72.03	88.54	56.82	96.25	64.4	83.77	96.75	82.87	81.88	36.35	44.41	97.75	56.92	60.08	92.02	79.06	48.05	35.01	83.73	84.17	95.46	35.11	67.36	97.05	78.1	78.82	102.62	10.3	75.6	13.42	78.23	25.63	64.03	4.12	82.23	55.03	5.83	58.59	62.13	88.14	72.03	37.36	84.5	91.0	73.55	92.13	91.18	66.04	56.04	79.12	32.25	90.87	24.33	0.0	104.0	71.02	85.29	3.0	90.97	52.77	22.2	80.95	80.41	28.64
56	27.78	12.04	74.01	43.74	51.11	40.72	42.49	38.01	30.87	48.51	37.01	88.24	86.33	29.07	57.38	55.36	76.92	74.06	70.23	82.86	66.1	42.43	9.49	73.01	37.74	30.08	75.03	27.73	9.43	94.05	31.95	101.02	30.68	80.92	73.98	107.49	52.15	61.03	98.31	52.55	46.1	40.02	74.01	92.85	46.69	36.88	62.07	35.74	39.05	41.18	50.61	48.09	80.16	40.8	85.98	104.0	0.0	39.56	64.63	106.08	26.48	55.23	82.33	39.01	42.01	77.34
57	14.32	34.67	37.95	56.04	35.11	28.02	8.0	47.43	26.0	20.59	12.04	49.24	46.82	26.83	44.94	45.19	48.17	75.17	30.87	61.07	35.47	17.46	30.08	48.26	10.82	51.87	75.47	29.53	43.1	62.18	8.0	65.12	33.29	52.89	67.23	74.95	58.69	21.54	65.86	13.6	8.94	20.02	37.95	53.67	20.62	52.35	61.85	22.36	54.2	30.81	15.23	17.2	56.32	23.02	49.52	71.02	39.56	0.0	70.84	73.57	20.0	37.11	48.88	12.04	48.27	49.48
58	59.91	74.22	105.42	21.02	40.31	93.15	65.07	27.2	85.43	91.05	79.63	94.56	98.23	84.58	32.89	30.46	118.8	11.66	85.0	50.64	106.08	86.61	63.6	52.24	60.14	36.06	13.04	44.29	56.14	76.03	65.8	91.14	39.82	61.03	22.85	86.7	13.0	80.71	80.1	73.41	68.01	87.37	105.42	99.33	90.6	28.02	12.17	86.45	26.0	40.31	65.8	87.97	53.08	89.89	82.76	85.29	64.63	70.84	0.0	85.59	77.37	41.63	72.84	80.8	24.17	59.21
59	79.4	105.89	75.03	89.54	58.31	99.01	66.85	85.0	99.36	85.7	84.53	39.32	47.38	100.34	57.94	61.1	95.02	79.0	50.99	35.06	86.7	86.93	97.62	36.25	69.66	98.41	78.01	80.6	104.48	12.04	78.01	16.16	79.88	26.83	64.01	1.41	82.97	57.87	7.81	61.27	64.66	90.87	75.03	40.26	87.32	92.2	73.98	94.81	92.31	67.68	58.52	81.93	32.76	93.62	27.29	3.0	106.08	73.57	85.59	0.0	93.49	54.2	24.7	83.63	81.54	30.02
60	19.1	17.26	48.17	58.82	49.0	16.28	26.83	50.77	8.25	22.09	11.7	68.01	64.5	8.0	58.14	57.43	50.6	84.15	49.41	78.45	39.62	16.03	18.79	66.22	25.71	49.58	84.76	33.11	33.62	81.99	16.49	85.04	37.58	71.87	79.25	94.87	64.41	40.0	85.76	33.24	28.84	13.6	48.17	72.11	20.22	53.26	70.84	10.0	55.44	41.44	34.99	22.09	74.22	14.76	69.43	90.97	26.48	20.0	77.37	93.49	0.0	52.09	68.8	13.6	53.24	68.35
61	33.38	58.52	65.8	37.22	4.24	64.5	29.41	31.32	60.01	57.25	48.66	53.37	56.65	60.07	9.22	11.18	81.54	41.87	43.57	27.73	69.12	54.57	48.33	18.44	27.17	44.28	41.77	27.8	51.74	42.49	36.01	54.34	26.17	27.46	31.06	55.57	33.38	40.31	46.96	34.41	30.87	56.89	65.8	58.25	57.57	38.6	30.02	58.22	39.05	14.21	26.63	53.49	25.0	59.84	43.0	52.77	55.23	37.11	41.63	54.2	52.09	0.0	34.53	49.03	28.44	24.19
62	55.15	81.47	55.11	71.7	38.08	74.67	42.2	65.73	74.71	61.85	59.93	25.46	32.2	75.66	41.0	44.01	74.81	69.26	29.15	29.07	65.03	62.63	73.59	20.88	45.28	78.11	68.62	58.18	81.54	13.6	53.41	19.92	58.18	14.21	54.78	26.08	67.01	34.37	17.0	36.77	39.96	66.48	55.11	29.21	63.32	73.01	60.67	70.26	73.55	46.24	33.84	57.97	23.6	69.29	10.82	22.2	82.33	48.88	72.84	24.7	68.8	34.53	0.0	59.09	62.97	14.32
63	21.21	30.81	35.0	64.38	46.84	16.12	20.02	55.87	16.28	10.82	2.0	55.32	51.31	17.69	56.61	56.65	40.31	85.96	36.8	73.03	28.23	5.83	30.27	60.13	22.14	57.8	86.35	37.48	44.91	72.62	15.0	73.82	41.73	64.33	78.77	84.97	68.25	27.59	76.06	22.36	20.22	8.0	35.0	59.2	9.9	59.82	72.56	11.18	61.85	41.59	26.48	9.22	68.18	11.0	58.25	80.95	39.01	12.04	80.8	83.63	13.6	49.03	59.09	0.0	57.38	61.0
64	36.24	50.64	84.72	9.06	25.08	69.12	43.57	4.47	61.27	67.9	56.08	80.31	82.38	60.42	23.71	20.59	96.43	32.25	67.45	50.0	83.74	63.13	39.81	45.31	38.01	18.44	33.14	20.25	34.53	70.23	42.45	82.76	15.81	54.78	32.89	82.86	11.18	61.47	74.67	53.23	47.01	63.6	84.72	85.29	67.27	10.82	20.1	62.43	10.77	19.92	46.24	65.07	49.74	66.03	71.18	80.41	42.01	48.27	24.17	81.54	53.24	28.44	62.97	57.38	0.0	51.87
65	51.97	78.55	64.62	60.17	28.3	77.1	41.76	55.15	75.29	66.03	61.39	39.2	45.25	75.89	28.64	31.78	83.52	55.08	38.48	15.81	72.57	65.49	69.4	7.0	42.95	68.43	54.41	50.99	75.01	18.38	52.0	32.0	50.0	3.61	40.5	31.38	54.45	40.79	22.85	40.01	40.79	68.88	64.62	43.27	67.12	62.39	47.1	71.81	62.63	37.8	34.53	62.03	10.0	71.85	25.06	28.64	77.34	49.48	59.21	30.02	68.35	24.19	14.32	61.0	51.87	0.0
;
