vehicles
vehicle_idx, capacity, cost_per_unit_distance
1,100,3
2,100,3
3,100,3
4,100,3
5,100,3
6,100,3
7,100,3
depot
node_idx,x,y
0,24,63
home delivery customers
node_idx,x,y,service_time,demand
1,79,46,10,12
2,3,45,10,14
3,42,50,10,2
4,36,30,10,7
5,13,2,10,25
6,62,91,10,6
7,52,49,10,3
8,82,90,10,18
9,50,79,10,18
10,48,49,10,10
11,64,62,10,9
12,34,78,10,10
13,88,51,10,2
14,58,89,10,22
15,36,17,10,4
16,68,67,10,2
17,71,34,10,15
18,44,71,10,5
self pickup customers
node_idx,x,y,service_time,demand,locker_idxs
19,30,6,10,23,54
20,55,29,10,13,58
21,1,19,10,20,65
22,39,23,10,23,54
23,96,9,10,2,61-55
24,95,21,10,6,61-55
25,83,6,10,8,61-55
26,3,77,10,30,56
27,18,8,10,16,65
28,12,44,10,1,59
29,70,88,10,8,60-53-57
30,93,30,10,21,61-55
31,37,37,10,22,59
32,78,20,10,19,61-58
33,88,69,10,3,63
34,95,42,10,3,61-64
35,18,1,10,13,65
flexible customers
node_idx,x,y,service_time,demand,locker_idxs
36,35,60,10,2,60
37,3,40,10,17,65
38,29,96,10,20,56
39,47,30,10,2,62-59
40,54,77,10,26,60-53
41,83,86,10,24,57-53
42,98,1,10,3,55
43,75,10,10,18,64-61-58-55
44,27,87,10,13,56
45,14,16,10,22,65-54
46,30,6,10,7,62-65-54
47,18,40,10,1,65-59
48,82,73,10,2,63-57
49,53,86,10,23,60-53
50,77,51,10,18,63-64
51,85,23,10,26,61-64-55
52,56,73,10,25,60-63-53
lockers
node_idx,x,y,service_time,capacity,cost_per_unit_good
53,65,88,10,89
54,25,15,10,83
55,93,12,10,85
56,22,88,10,75
57,77,88,10,88
58,72,14,10,71
59,29,28,10,77
60,45,87,10,73
61,86,18,10,96
62,49,17,10,76
63,80,64,10,76
64,80,26,10,95
65,14,15,10,99
mrt lines
start_node_idx,end_node_idx,freight_capacity,cost_per_unit_good
53,54,89,0.1
54,53,89,0.1
55,56,85,0.1
56,55,85,0.1
57,58,88,0.1
58,57,88,0.1
distance matrix
,0,1,2,3,4,5,6,7,8,9,10,11,12,13,14,15,16,17,18,19,20,21,22,23,24,25,26,27,28,29,30,31,32,33,34,35,36,37,38,39,40,41,42,43,44,45,46,47,48,49,50,51,52,53,54,55,56,57,58,59,60,61,62,63,64,65,
0,0.0,57.57,27.66,22.2,35.11,61.98,47.2,31.3,63.98,30.53,27.78,40.01,18.03,65.12,42.8,47.54,44.18,55.23,21.54,57.31,46.01,49.65,42.72,90.0,82.49,82.04,25.24,55.33,22.47,52.35,76.49,29.07,69.03,64.28,74.04,62.29,11.4,31.14,33.38,40.22,33.11,63.32,96.54,73.55,24.19,48.05,57.31,23.77,58.86,37.01,54.34,72.95,33.53,48.02,48.01,85.8,25.08,58.6,68.59,35.36,31.89,76.61,52.35,56.01,67.12,49.03
1,57.57,0.0,76.01,37.22,45.88,79.32,48.1,27.17,44.1,43.93,31.14,21.93,55.22,10.3,47.85,51.87,23.71,14.42,43.01,63.25,29.41,82.54,46.14,40.72,29.68,40.2,82.08,71.87,67.03,42.95,21.26,42.95,26.02,24.7,16.49,75.8,46.17,76.24,70.71,35.78,39.82,40.2,48.85,36.22,66.22,71.59,63.25,61.29,27.17,47.71,5.39,23.77,35.47,44.27,62.27,36.77,70.8,42.05,32.76,53.14,53.26,28.86,41.73,18.03,20.02,72.01
2,27.66,76.01,0.0,39.32,36.25,44.15,74.81,49.16,90.92,58.01,45.18,63.32,45.28,85.21,70.43,43.28,68.62,68.88,48.55,47.43,54.41,26.08,42.19,99.72,95.08,89.0,32.0,39.92,9.06,79.61,91.24,34.93,79.06,88.32,92.05,46.49,35.34,5.0,57.25,46.49,60.21,89.89,104.69,80.06,48.37,31.02,47.43,15.81,83.82,64.66,74.24,84.9,59.94,75.45,37.2,95.86,47.01,85.59,75.64,31.06,59.4,87.28,53.85,79.31,79.31,31.95
3,22.2,37.22,39.32,0.0,20.88,56.08,45.62,10.05,56.57,30.08,6.08,25.06,29.12,46.01,42.15,33.54,31.06,33.12,21.1,45.61,24.7,51.4,27.17,67.8,60.42,60.14,47.43,48.37,30.59,47.2,54.78,13.93,46.86,49.77,53.6,54.56,12.21,40.26,47.8,20.62,29.55,54.56,74.41,51.86,39.92,44.05,45.61,26.0,46.14,37.64,35.01,50.77,26.93,44.42,38.91,63.6,42.94,51.66,46.86,25.55,37.12,54.41,33.73,40.5,44.94,44.82
4,35.11,45.88,36.25,20.88,0.0,36.24,66.31,24.84,75.6,50.96,22.47,42.52,48.04,56.08,62.97,13.0,48.92,35.23,41.77,24.74,19.03,36.69,7.62,63.57,59.68,52.77,57.43,28.43,27.78,67.23,57.0,7.07,43.17,65.0,60.21,34.13,30.02,34.48,66.37,11.0,50.33,73.11,68.45,43.83,57.71,26.08,24.74,20.59,62.97,58.52,46.07,49.5,47.42,64.85,18.6,59.77,59.67,71.03,39.4,7.28,57.71,51.42,18.38,55.61,44.18,26.63
5,61.98,79.32,44.15,56.08,36.24,0.0,101.6,61.07,111.83,85.43,58.6,78.75,78.85,89.59,97.95,27.46,85.15,66.24,75.64,17.46,49.93,20.81,33.42,83.29,84.17,70.11,75.66,7.81,42.01,103.17,84.76,42.44,67.45,100.57,91.24,5.1,62.03,39.29,95.35,44.05,85.48,109.34,85.01,62.51,86.15,14.04,17.46,38.33,99.01,93.04,80.6,75.0,83.01,100.5,17.69,80.62,86.47,107.2,60.21,30.53,90.82,74.73,39.0,91.29,71.17,13.04
6,47.2,48.1,74.81,45.62,66.31,101.6,0.0,43.17,20.02,16.97,44.27,29.07,30.87,47.71,4.47,78.43,24.74,57.71,26.91,90.82,62.39,94.37,71.78,88.77,77.39,87.56,60.64,93.94,68.62,8.54,68.43,59.51,72.78,34.06,59.08,100.18,41.11,77.99,33.38,62.82,16.12,21.59,96.93,82.04,35.23,89.04,90.82,67.36,26.91,10.3,42.72,71.78,18.97,4.24,84.53,84.86,40.11,15.3,77.65,71.12,17.46,76.84,75.13,32.45,67.45,89.89
7,31.3,27.17,49.16,10.05,24.84,61.07,43.17,0.0,50.8,30.07,4.0,17.69,34.13,36.06,40.45,35.78,24.08,24.21,23.41,48.3,20.22,59.17,29.07,59.46,51.31,53.01,56.44,53.26,40.31,42.95,45.19,19.21,38.95,41.18,43.57,58.82,20.25,49.82,52.33,19.65,28.07,48.27,66.48,45.28,45.49,50.33,48.3,35.17,38.42,37.01,25.08,42.01,24.33,41.11,43.42,55.23,49.2,46.32,40.31,31.14,38.64,46.01,32.14,31.76,36.24,50.99
8,63.98,44.1,90.92,56.57,75.6,111.83,20.02,50.8,0.0,33.84,53.26,33.29,49.48,39.46,24.02,86.28,26.93,57.07,42.49,98.79,66.71,107.71,79.61,82.2,70.21,84.01,80.06,104.02,83.76,12.17,61.0,69.53,70.11,21.84,49.73,109.62,55.76,93.49,53.34,69.46,30.87,4.12,90.43,80.31,55.08,100.5,98.79,81.22,17.0,29.27,39.32,67.07,31.06,17.12,94.2,78.77,60.03,5.39,76.66,81.57,37.12,72.11,80.11,26.08,64.03,101.24
9,30.53,43.93,58.01,30.08,50.96,85.43,16.97,30.07,33.84,0.0,30.07,22.02,16.03,47.2,12.81,63.56,21.63,49.66,10.0,75.69,50.25,77.47,57.07,83.76,73.41,80.11,47.04,77.88,51.66,21.93,65.19,43.97,65.31,39.29,58.26,84.31,24.21,61.07,27.02,49.09,4.47,33.73,91.59,73.39,24.35,72.56,75.69,50.45,32.56,7.62,38.9,66.04,8.49,17.49,68.71,79.61,29.41,28.46,68.62,55.15,9.43,70.83,62.01,33.54,60.9,73.43
10,27.78,31.14,45.18,6.08,22.47,58.6,44.27,4.0,53.26,30.07,0.0,20.62,32.2,40.05,41.23,34.18,26.91,27.46,22.36,46.62,21.19,55.76,27.51,62.48,54.71,55.44,53.0,50.8,36.35,44.78,48.85,16.28,41.73,44.72,47.52,56.6,17.03,45.89,50.7,19.03,28.64,50.93,69.31,47.43,43.42,47.38,46.62,31.32,41.62,37.34,29.07,45.22,25.3,42.54,41.05,58.26,46.87,48.6,42.44,28.32,38.12,49.04,32.02,35.34,39.41,48.08
11,40.01,21.93,63.32,25.06,42.52,78.75,29.07,17.69,33.29,22.02,20.62,0.0,34.0,26.4,27.66,53.0,6.4,28.86,21.93,65.51,34.21,76.28,46.32,61.91,51.4,59.14,62.82,70.94,55.03,26.68,43.19,36.8,44.27,25.0,36.89,76.4,29.07,64.85,48.8,36.24,18.03,30.61,69.84,53.15,44.65,67.94,65.51,50.99,21.1,26.4,17.03,44.29,13.6,26.02,61.07,57.8,49.4,29.07,48.66,48.8,31.4,49.19,47.43,16.12,39.4,68.62
12,18.03,55.22,45.28,29.12,48.04,78.85,30.87,34.13,49.48,16.03,32.2,34.0,0.0,60.37,26.4,61.03,35.74,57.49,12.21,72.11,53.31,67.6,55.23,92.76,83.49,87.09,31.02,71.81,40.5,37.36,76.06,41.11,72.8,54.74,70.83,78.64,18.03,49.04,18.68,49.73,20.02,49.65,100.12,79.4,11.4,65.15,72.11,41.23,48.26,20.62,50.77,75.01,22.56,32.57,63.64,88.53,15.62,44.15,74.43,50.25,14.21,79.4,62.82,48.08,69.43,66.1
13,65.12,10.3,85.21,46.01,56.08,89.59,47.71,36.06,39.46,47.2,40.05,26.4,60.37,0.0,48.41,62.13,25.61,24.04,48.33,73.41,39.66,92.7,56.44,42.76,30.81,45.28,88.89,82.15,76.32,41.15,21.59,52.89,32.57,18.0,11.4,86.02,53.76,85.71,74.2,46.07,42.8,35.36,50.99,43.01,70.83,81.86,73.41,70.86,22.8,49.5,11.0,28.16,38.83,43.57,72.56,39.32,75.66,38.6,40.31,63.32,56.08,33.06,51.74,15.26,26.25,82.29
14,42.8,47.85,70.43,42.15,62.97,97.95,4.47,40.45,24.02,12.81,41.23,27.66,26.4,48.41,0.0,75.29,24.17,56.52,22.8,87.6,60.07,90.27,68.68,88.57,77.41,86.68,56.29,90.34,64.35,12.04,68.6,56.08,71.84,36.06,59.82,96.66,37.01,73.66,29.83,60.02,12.65,25.18,96.66,80.81,31.06,85.23,87.6,63.25,28.84,5.83,42.49,71.31,16.12,7.07,81.02,84.58,36.01,19.03,76.3,67.54,13.15,76.32,72.56,33.3,66.73,86.09
15,47.54,51.87,43.28,33.54,13.0,27.46,78.43,35.78,86.28,63.56,34.18,53.0,61.03,62.13,75.29,0.0,59.36,38.91,54.59,12.53,22.47,35.06,6.71,60.53,59.14,48.27,68.48,20.12,36.12,78.72,58.46,20.02,42.11,73.54,64.08,24.08,43.01,40.22,79.31,17.03,62.64,83.49,64.03,39.62,70.58,22.02,12.53,29.21,72.47,71.06,53.26,49.37,59.46,76.69,11.18,57.22,72.37,81.99,36.12,13.04,70.58,50.01,13.0,64.38,44.91,22.09
16,44.18,23.71,68.62,31.06,48.92,85.15,24.74,24.08,26.93,21.63,26.91,6.4,35.74,25.61,24.17,59.36,0.0,33.14,24.33,71.87,40.16,82.42,52.7,64.4,53.34,62.82,65.76,77.34,60.54,21.1,44.65,43.14,48.05,20.1,36.8,82.8,33.73,70.38,48.6,42.54,17.2,24.21,72.5,57.43,45.62,74.28,71.87,56.82,15.23,24.21,18.36,47.17,13.42,21.21,67.48,60.42,50.57,22.85,53.15,55.15,30.48,52.2,53.49,12.37,42.72,74.97
17,55.23,14.42,68.88,33.12,35.23,66.24,57.71,24.21,57.07,49.66,27.46,28.86,57.49,24.04,56.52,38.91,33.14,0.0,45.8,49.65,16.76,71.59,33.84,35.36,27.29,30.46,80.45,59.03,59.84,54.01,22.36,34.13,15.65,38.91,25.3,62.43,44.41,68.26,74.89,24.33,46.24,53.37,42.64,24.33,68.88,59.77,49.65,53.34,40.52,55.03,18.03,17.8,41.79,54.33,49.77,31.11,72.92,54.33,20.02,42.43,59.03,21.93,27.8,31.32,12.04,60.08
18,21.54,43.01,48.55,21.1,41.77,75.64,26.91,23.41,42.49,10.0,22.36,21.93,12.21,48.33,22.8,54.59,24.33,45.8,0.0,66.49,43.42,67.48,48.26,80.92,71.42,75.8,41.44,68.15,41.87,31.06,63.89,34.71,61.29,44.05,58.67,74.67,14.21,51.4,29.15,41.11,11.66,41.79,88.41,68.43,23.35,62.65,66.49,40.46,38.05,17.49,38.59,63.13,12.17,27.02,59.14,76.69,27.8,37.12,63.51,45.54,16.03,67.62,54.23,36.67,57.63,63.53
19,57.31,63.25,47.43,45.61,24.74,17.46,90.82,48.3,98.79,75.69,46.62,65.51,72.11,73.41,87.6,12.53,71.87,49.65,66.49,0.0,33.97,31.78,19.24,66.07,66.71,53.0,75.96,12.17,42.05,91.24,67.42,31.78,50.0,85.63,74.3,13.0,54.23,43.42,90.01,29.41,74.95,95.96,68.18,45.18,81.06,18.87,0.0,36.06,84.81,83.24,65.07,57.57,71.87,89.16,10.3,63.29,82.39,94.51,42.76,22.02,82.38,57.27,21.95,76.58,53.85,18.36
20,46.01,29.41,54.41,24.7,19.03,49.93,62.39,20.22,66.71,50.25,21.19,34.21,53.31,39.66,60.07,22.47,40.16,16.76,43.42,33.97,0.0,54.92,17.09,45.62,40.79,36.24,70.77,42.54,45.54,60.88,38.01,19.7,24.7,51.86,42.06,46.4,36.89,53.15,71.87,8.06,48.01,63.51,51.31,27.59,64.4,43.01,33.97,38.6,51.62,57.04,31.11,30.59,44.01,59.84,33.11,41.63,67.6,62.97,22.67,26.02,58.86,32.89,13.42,43.01,25.18,43.32
21,49.65,82.54,26.08,51.4,36.69,20.81,94.37,59.17,107.71,77.47,55.76,76.28,67.6,92.7,90.27,35.06,82.42,71.59,67.48,31.78,54.92,0.0,38.21,95.52,94.02,83.02,58.03,20.25,27.31,97.58,92.66,40.25,77.01,100.34,96.77,24.76,53.26,21.1,81.93,47.3,78.57,105.89,98.66,74.55,72.8,13.34,31.78,27.02,97.35,84.81,82.46,84.1,77.08,94.11,24.33,92.27,72.12,102.65,71.18,29.41,80.99,85.01,48.04,90.92,79.31,13.6
22,42.72,46.14,42.19,27.17,7.62,33.42,71.78,29.07,79.61,57.07,27.51,46.32,55.23,56.44,68.68,6.71,52.7,33.84,48.26,19.24,17.09,38.21,0.0,58.69,56.04,47.17,64.9,25.81,34.21,72.01,54.45,14.14,39.12,67.21,59.14,30.41,37.22,39.81,73.68,10.63,56.04,76.84,62.97,38.28,65.12,25.96,19.24,27.02,65.95,64.54,47.2,46.0,52.81,70.01,16.12,55.11,67.19,75.29,34.21,11.18,64.28,47.27,11.66,57.98,41.11,26.25
23,90.0,40.72,99.72,67.8,63.57,83.29,88.77,59.46,82.2,83.76,62.48,61.91,92.76,42.76,88.57,60.53,64.4,35.36,80.92,66.07,45.62,95.52,58.69,0.0,12.04,13.34,115.21,78.01,91.0,83.17,21.21,65.31,21.1,60.53,33.02,78.41,79.51,98.03,109.81,53.31,79.92,78.09,8.25,21.02,104.14,82.3,66.07,83.93,65.51,88.19,46.1,17.8,75.47,84.86,71.25,4.24,108.25,81.25,24.52,69.64,93.19,13.45,47.68,57.28,23.35,82.22
24,82.49,29.68,95.08,60.42,59.68,84.17,77.39,51.31,70.21,73.41,54.71,51.4,83.49,30.81,77.41,59.14,53.34,27.29,71.42,66.71,40.79,94.02,56.04,12.04,0.0,19.21,107.7,78.09,86.13,71.51,9.22,60.17,17.03,48.51,21.0,79.56,71.56,93.94,99.9,48.84,69.4,66.1,20.22,22.83,94.76,81.15,66.71,79.31,53.6,77.39,34.99,10.2,65.0,73.41,70.26,9.22,99.09,69.38,24.04,66.37,82.8,9.49,46.17,45.54,15.81,81.22
25,82.04,40.2,89.0,60.14,52.77,70.11,87.56,53.01,84.01,80.11,55.44,59.14,87.09,45.28,86.68,48.27,62.82,30.46,75.8,53.0,36.24,83.02,47.17,13.34,19.21,0.0,106.96,65.03,80.53,83.02,26.0,55.47,14.87,63.2,37.95,65.19,72.25,86.93,104.96,43.27,76.69,80.0,15.81,8.94,98.47,69.72,53.0,73.36,67.01,85.44,45.4,17.12,72.24,83.95,58.69,11.66,102.2,82.22,13.6,58.31,89.47,12.37,35.74,58.08,20.22,69.58
26,25.24,82.08,32.0,47.43,57.43,75.66,60.64,56.44,80.06,47.04,53.0,62.82,31.02,88.89,56.29,68.48,65.76,80.45,41.44,75.96,70.77,58.03,64.9,115.21,107.7,106.96,0.0,70.61,34.21,67.9,101.53,52.5,94.2,85.38,98.43,77.47,36.24,37.0,32.2,64.38,51.0,80.5,121.66,98.35,26.0,61.98,75.96,39.92,79.1,50.8,78.43,98.18,53.15,62.97,65.79,111.02,21.95,74.81,93.43,55.47,43.17,101.83,75.6,78.09,92.36,62.97
27,55.33,71.87,39.92,48.37,28.43,7.81,93.94,53.26,104.02,77.88,50.8,70.94,71.81,82.15,90.34,20.12,77.34,59.03,68.15,12.17,42.54,20.25,25.81,78.01,78.09,65.03,70.61,0.0,36.5,95.41,78.16,34.67,61.19,92.85,84.17,7.0,54.71,35.34,88.68,36.4,77.83,101.53,80.31,57.04,79.51,8.94,12.17,32.0,91.22,85.49,73.01,68.66,75.29,92.78,9.9,75.11,80.1,99.4,54.33,22.83,83.49,68.73,32.28,83.55,64.56,8.06
28,22.47,67.03,9.06,30.59,27.78,42.01,68.62,40.31,83.76,51.66,36.35,55.03,40.5,76.32,64.35,36.12,60.54,59.84,41.87,42.05,45.54,27.31,34.21,91.0,86.13,80.53,34.21,36.5,0.0,72.8,82.2,25.96,70.23,80.01,83.02,43.42,28.02,9.85,54.71,37.7,53.41,82.49,96.15,71.59,45.54,28.07,42.05,7.21,75.77,58.69,65.38,75.96,52.7,68.88,31.78,87.09,45.12,78.49,67.08,23.35,54.2,78.43,45.8,70.88,70.34,29.07
29,52.35,42.95,79.61,47.2,67.23,103.17,8.54,42.95,12.17,21.93,44.78,26.68,37.36,41.15,12.04,78.72,21.1,54.01,31.06,91.24,60.88,97.58,72.01,83.17,71.51,83.02,67.9,95.41,72.8,0.0,62.39,60.75,68.47,26.17,52.35,101.36,44.82,82.42,41.77,62.39,19.42,13.15,91.39,78.16,43.01,91.21,91.24,70.77,19.21,17.12,37.66,66.71,20.52,5.0,85.76,79.4,48.0,7.0,74.03,72.67,25.02,71.81,74.04,26.0,62.8,92.01
30,76.49,21.26,91.24,54.78,57.0,84.76,68.43,45.19,61.0,65.19,48.85,43.19,76.06,21.59,68.6,58.46,44.65,22.36,63.89,67.42,38.01,92.66,54.45,21.21,9.22,26.0,101.53,78.16,82.2,62.39,0.0,56.44,18.03,39.32,12.17,80.41,65.3,90.55,91.93,46.0,61.07,56.89,29.43,26.91,87.21,80.23,67.42,75.66,44.38,68.82,26.4,10.63,56.73,64.4,69.63,18.0,91.68,60.17,26.4,64.03,74.52,13.89,45.88,36.4,13.6,80.41
31,29.07,42.95,34.93,13.93,7.07,42.44,59.51,19.21,69.53,43.97,16.28,36.8,41.11,52.89,56.08,20.02,43.14,34.13,34.71,31.78,19.7,40.25,14.14,65.31,60.17,55.47,52.5,34.67,25.96,60.75,56.44,0.0,44.38,60.21,58.22,40.71,23.09,34.13,59.54,12.21,43.46,67.21,70.83,46.62,50.99,31.14,31.78,19.24,57.63,51.55,42.38,50.0,40.71,58.18,25.06,61.33,53.16,64.82,41.88,12.04,50.64,52.55,23.32,50.77,44.38,31.83
32,69.03,26.02,79.06,46.86,43.17,67.45,72.78,38.95,70.11,65.31,41.73,44.27,72.8,32.57,71.84,42.11,48.05,15.65,61.29,50.0,24.7,77.01,39.12,21.1,17.03,14.87,94.2,61.19,70.23,68.47,18.03,44.38,0.0,50.01,27.8,62.94,58.73,77.62,90.43,32.57,61.85,66.19,27.59,10.44,84.2,64.12,50.0,63.25,53.15,70.58,31.02,7.62,57.38,69.23,53.24,17.0,88.09,68.01,8.49,49.65,74.69,8.25,29.15,44.05,6.32,64.2
33,64.28,24.7,88.32,49.77,65.0,100.57,34.06,41.18,21.84,39.29,44.72,25.0,54.74,18.0,36.06,73.54,20.1,38.91,44.05,85.63,51.86,100.34,67.21,60.53,48.51,63.2,85.38,92.85,80.01,26.17,39.32,60.21,50.01,0.0,27.89,97.59,53.76,89.81,64.88,56.59,34.93,17.72,68.73,60.42,63.6,91.02,85.63,75.77,7.21,38.91,21.1,46.1,32.25,29.83,82.98,57.22,68.68,21.95,57.28,71.85,46.62,51.04,65.0,9.43,43.74,91.61
34,74.04,16.49,92.05,53.6,60.21,91.24,59.08,43.57,49.73,58.26,47.52,36.89,70.83,11.4,59.82,64.08,36.8,25.3,58.67,74.3,42.06,96.77,59.14,33.02,21.0,37.95,98.43,84.17,83.02,52.35,12.17,58.22,27.8,27.89,0.0,87.24,62.64,92.02,85.28,49.48,53.91,45.61,41.11,37.74,81.54,85.07,74.3,77.03,33.62,60.83,20.12,21.47,49.82,54.92,75.03,30.07,86.28,49.4,36.24,67.47,67.27,25.63,52.35,26.63,21.93,85.38
35,62.29,75.8,46.49,54.56,34.13,5.1,100.18,58.82,109.62,84.31,56.6,76.4,78.64,86.02,96.66,24.08,82.8,62.43,74.67,13.0,46.4,24.76,30.41,78.41,79.56,65.19,77.47,7.0,43.42,101.36,80.41,40.71,62.94,97.59,87.24,0.0,61.4,41.79,95.63,41.01,84.1,107.0,80.0,57.71,86.47,15.52,13.0,39.0,96.33,91.92,77.34,70.52,81.41,98.88,15.65,75.8,87.09,105.12,55.54,29.15,90.14,70.09,34.89,88.39,66.85,14.56
36,11.4,46.17,35.34,12.21,30.02,62.03,41.11,20.25,55.76,24.21,17.03,29.07,18.03,53.76,37.01,43.01,33.73,44.41,14.21,54.23,36.89,53.26,37.22,79.51,71.56,72.25,36.24,54.71,28.02,44.82,65.3,23.09,58.73,53.76,62.64,61.4,0.0,37.74,36.5,32.31,25.5,54.59,86.31,64.03,28.16,48.75,54.23,26.25,48.76,31.62,42.95,62.2,24.7,41.04,46.1,75.29,30.87,50.48,59.03,32.56,28.79,66.07,45.22,45.18,56.4,49.66
37,31.14,76.24,5.0,40.26,34.48,39.29,77.99,49.82,93.49,61.07,45.89,64.85,49.04,85.71,73.66,40.22,70.38,68.26,51.4,43.42,53.15,21.1,39.81,98.03,93.94,86.93,37.0,35.34,9.85,82.42,90.55,34.13,77.62,89.81,92.02,41.79,37.74,0.0,61.74,45.12,63.01,92.28,102.69,78.0,52.77,26.4,43.42,15.0,85.62,67.94,74.81,83.74,62.43,78.41,33.3,94.25,51.62,88.2,73.74,28.64,63.03,85.87,51.43,80.65,78.26,27.31
38,33.38,70.71,57.25,47.8,66.37,95.35,33.38,52.33,53.34,27.02,50.7,48.8,18.68,74.2,29.83,79.31,48.6,74.89,29.15,90.01,71.87,81.93,73.68,109.81,99.9,104.96,32.2,88.68,54.71,41.77,91.93,59.54,90.43,64.88,85.28,95.63,36.5,61.74,0.0,68.41,31.4,54.92,117.41,97.53,9.22,81.39,90.01,57.07,57.78,26.0,65.8,92.01,35.47,36.88,81.1,105.6,10.63,48.66,92.59,68.0,18.36,96.61,81.49,60.21,86.61,82.38
39,40.22,35.78,46.49,20.62,11.0,44.05,62.82,19.65,69.46,49.09,19.03,36.24,49.73,46.07,60.02,17.03,42.54,24.33,41.11,29.41,8.06,47.3,10.63,53.31,48.84,43.27,64.38,36.4,37.7,62.39,46.0,12.21,32.57,56.59,49.48,41.01,32.31,45.12,68.41,0.0,47.52,66.57,58.67,34.41,60.41,35.85,29.41,30.68,55.44,56.32,36.62,38.64,43.93,60.73,26.63,49.4,63.16,65.3,29.68,18.11,57.04,40.8,13.15,47.38,33.24,36.25
40,33.11,39.82,60.21,29.55,50.33,85.48,16.12,28.07,30.87,4.47,28.64,18.03,20.02,42.8,12.65,62.64,17.2,46.24,11.66,74.95,48.01,78.57,56.04,79.92,69.4,76.69,51.0,77.83,53.41,19.42,61.07,43.46,61.85,34.93,53.91,84.1,25.5,63.01,31.4,47.52,0.0,30.36,87.82,70.21,28.79,72.95,74.95,51.62,28.28,9.06,34.71,62.27,4.47,15.56,68.45,75.8,33.84,25.5,65.52,55.01,13.45,67.12,60.21,29.07,57.25,73.78
41,63.32,40.2,89.89,54.56,73.11,109.34,21.59,48.27,4.12,33.73,50.93,30.61,49.65,35.36,25.18,83.49,24.21,53.37,41.79,95.96,63.51,105.89,76.84,78.09,66.1,80.0,80.5,101.53,82.49,13.15,56.89,67.21,66.19,17.72,45.61,107.0,54.59,92.28,54.92,66.57,30.36,0.0,86.31,76.42,56.01,98.29,95.96,79.63,13.04,30.0,35.51,63.03,29.97,18.11,91.68,74.67,61.03,6.32,72.84,79.25,38.01,68.07,76.92,22.2,60.07,99.01
42,96.54,48.85,104.69,74.41,68.45,85.01,96.93,66.48,90.43,91.59,69.31,69.84,100.12,50.99,96.66,64.03,72.5,42.64,88.41,68.18,51.31,98.66,62.97,8.25,20.22,15.81,121.66,80.31,96.15,91.39,29.43,70.83,27.59,68.73,41.11,80.0,86.31,102.69,117.41,58.67,87.82,86.31,0.0,24.7,111.52,85.33,68.18,89.0,73.76,96.18,54.23,25.55,83.35,93.05,74.33,12.08,115.52,89.5,29.07,74.09,101.02,20.81,51.55,65.52,30.81,85.16
43,73.55,36.22,80.06,51.86,43.83,62.51,82.04,45.28,80.31,73.39,47.43,53.15,79.4,43.01,80.81,39.62,57.43,24.33,68.43,45.18,27.59,74.55,38.28,21.02,22.83,8.94,98.35,57.04,71.59,78.16,26.91,46.62,10.44,60.42,37.74,57.71,64.03,78.0,97.53,34.41,70.21,76.42,24.7,0.0,90.74,61.29,45.18,64.41,63.39,79.12,41.05,16.4,65.8,78.64,50.25,18.11,94.3,78.03,5.0,49.4,82.64,13.6,26.93,54.23,16.76,61.2
44,24.19,66.22,48.37,39.92,57.71,86.15,35.23,45.49,55.08,24.35,43.42,44.65,11.4,70.83,31.06,70.58,45.62,68.88,23.35,81.06,64.4,72.8,65.12,104.14,94.76,98.47,26.0,79.51,45.54,43.01,87.21,50.99,84.2,63.6,81.54,86.47,28.16,52.77,9.22,60.41,28.79,56.01,111.52,90.74,0.0,72.18,81.06,47.85,56.75,26.02,61.61,86.37,32.2,38.01,72.03,99.9,5.1,50.01,85.76,59.03,18.0,90.79,73.38,57.78,80.81,73.16
45,48.05,71.59,31.02,44.05,26.08,14.04,89.04,50.33,100.5,72.56,47.38,67.94,65.15,81.86,85.23,22.02,74.28,59.77,62.65,18.87,43.01,13.34,25.96,82.3,81.15,69.72,61.98,8.94,28.07,91.21,80.23,31.14,64.12,91.02,85.07,15.52,48.75,26.4,81.39,35.85,72.95,98.29,85.33,61.29,72.18,0.0,18.87,24.33,88.73,80.13,72.07,71.34,70.8,88.23,11.05,79.1,72.44,95.67,58.03,19.21,77.47,72.03,35.01,81.61,66.75,1.0
46,57.31,63.25,47.43,45.61,24.74,17.46,90.82,48.3,98.79,75.69,46.62,65.51,72.11,73.41,87.6,12.53,71.87,49.65,66.49,0.0,33.97,31.78,19.24,66.07,66.71,53.0,75.96,12.17,42.05,91.24,67.42,31.78,50.0,85.63,74.3,13.0,54.23,43.42,90.01,29.41,74.95,95.96,68.18,45.18,81.06,18.87,0.0,36.06,84.81,83.24,65.07,57.57,71.87,89.16,10.3,63.29,82.39,94.51,42.76,22.02,82.38,57.27,21.95,76.58,53.85,18.36
47,23.77,61.29,15.81,26.0,20.59,38.33,67.36,35.17,81.22,50.45,31.32,50.99,41.23,70.86,63.25,29.21,56.82,53.34,40.46,36.06,38.6,27.02,27.02,83.93,79.31,73.36,39.92,32.0,7.21,70.77,75.66,19.24,63.25,75.77,77.03,39.0,26.25,15.0,57.07,30.68,51.62,79.63,89.0,64.41,47.85,24.33,36.06,0.0,72.01,57.8,60.02,69.12,50.33,67.18,25.96,80.06,48.17,76.06,59.93,16.28,54.2,71.47,38.6,66.48,63.56,25.32
48,58.86,27.17,83.82,46.14,62.97,99.01,26.91,38.42,17.0,32.56,41.62,21.1,48.26,22.8,28.84,72.47,15.23,40.52,38.05,84.81,51.62,97.35,65.95,65.51,53.6,67.01,79.1,91.22,75.77,19.21,44.38,57.63,53.15,7.21,33.62,96.33,48.76,85.62,57.78,55.44,28.28,13.04,73.76,63.39,56.75,88.73,84.81,72.01,0.0,31.78,22.56,50.09,26.0,22.67,81.32,61.98,61.85,15.81,59.84,69.53,39.56,55.15,65.0,9.22,47.04,89.38
49,37.01,47.71,64.66,37.64,58.52,93.04,10.3,37.01,29.27,7.62,37.34,26.4,20.62,49.5,5.83,71.06,24.21,55.03,17.49,83.24,57.04,84.81,64.54,88.19,77.39,85.44,50.8,85.49,58.69,17.12,68.82,51.55,70.58,38.91,60.83,91.92,31.62,67.94,26.0,56.32,9.06,30.0,96.18,79.12,26.02,80.13,83.24,57.8,31.78,0.0,42.44,70.66,13.34,12.17,76.32,84.12,31.06,24.08,74.46,62.77,8.06,75.58,69.12,34.83,65.8,81.01
50,54.34,5.39,74.24,35.01,46.07,80.6,42.72,25.08,39.32,38.9,29.07,17.03,50.77,11.0,42.49,53.26,18.36,18.03,38.59,65.07,31.11,82.46,47.2,46.1,34.99,45.4,78.43,73.01,65.38,37.66,26.4,42.38,31.02,21.1,20.12,77.34,42.95,74.81,65.8,36.62,34.71,35.51,54.23,41.05,61.61,72.07,65.07,60.02,22.56,42.44,0.0,29.12,30.41,38.9,63.25,42.15,66.29,37.0,37.34,53.23,48.17,34.21,44.05,13.34,25.18,72.56
51,72.95,23.77,84.9,50.77,49.5,75.0,71.78,42.01,67.07,66.04,45.22,44.29,75.01,28.16,71.31,49.37,47.17,17.8,63.13,57.57,30.59,84.1,46.0,17.8,10.2,17.12,98.18,68.66,75.96,66.71,10.63,50.0,7.62,46.1,21.47,70.52,62.2,83.74,92.01,38.64,62.27,63.03,25.55,16.4,86.37,71.34,57.57,69.12,50.09,70.66,29.12,0.0,57.8,68.01,60.53,13.6,90.52,65.49,15.81,56.22,75.47,5.1,36.5,41.3,5.83,71.45
52,33.53,35.47,59.94,26.93,47.42,83.01,18.97,24.33,31.06,8.49,25.3,13.6,22.56,38.83,16.12,59.46,13.42,41.79,12.17,71.87,44.01,77.08,52.81,75.47,65.0,72.24,53.15,75.29,52.7,20.52,56.73,40.71,57.38,32.25,49.82,81.41,24.7,62.43,35.47,43.93,4.47,29.97,83.35,65.8,32.2,70.8,71.87,50.33,26.0,13.34,30.41,57.8,0.0,17.49,65.76,71.34,37.16,25.81,61.13,52.48,17.8,62.65,56.44,25.63,52.77,71.61
53,48.02,44.27,75.45,44.42,64.85,100.5,4.24,41.11,17.12,17.49,42.54,26.02,32.57,43.57,7.07,76.69,21.21,54.33,27.02,89.16,59.84,94.11,70.01,84.86,73.41,83.95,62.97,92.78,68.88,5.0,64.4,58.18,69.23,29.83,54.92,98.88,41.04,78.41,36.88,60.73,15.56,18.11,93.05,78.64,38.01,88.23,89.16,67.18,22.67,12.17,38.9,68.01,17.49,0.0,83.24,80.99,43.0,12.0,74.33,69.97,20.02,73.08,72.78,28.3,63.79,89.05
54,48.01,62.27,37.2,38.91,18.6,17.69,84.53,43.42,94.2,68.71,41.05,61.07,63.64,72.56,81.02,11.18,67.48,49.77,59.14,10.3,33.11,24.33,16.12,71.25,70.26,58.69,65.79,9.9,31.78,85.76,69.63,25.06,53.24,82.98,75.03,15.65,46.1,33.3,81.1,26.63,68.45,91.68,74.33,50.25,72.03,11.05,10.3,25.96,81.32,76.32,63.25,60.53,65.76,83.24,0.0,68.07,73.06,89.63,47.01,13.6,74.73,61.07,24.08,73.66,56.09,11.0
55,85.8,36.77,95.86,63.6,59.77,80.62,84.86,55.23,78.77,79.61,58.26,57.8,88.53,39.32,84.58,57.22,60.42,31.11,76.69,63.29,41.63,92.27,55.11,4.24,9.22,11.66,111.02,75.11,87.09,79.4,18.0,61.33,17.0,57.22,30.07,75.8,75.29,94.25,105.6,49.4,75.8,74.67,12.08,18.11,99.9,79.1,63.29,80.06,61.98,84.12,42.15,13.6,71.34,80.99,68.07,0.0,104.0,77.67,21.1,65.97,89.04,9.22,44.28,53.6,19.1,79.06
56,25.08,70.8,47.01,42.94,59.67,86.47,40.11,49.2,60.03,29.41,46.87,49.4,15.62,75.66,36.01,72.37,50.57,72.92,27.8,82.39,67.6,72.12,67.19,108.25,99.09,102.2,21.95,80.1,45.12,48.0,91.68,53.16,88.09,68.68,86.28,87.09,30.87,51.62,10.63,63.16,33.84,61.03,115.52,94.3,5.1,72.44,82.39,48.17,61.85,31.06,66.29,90.52,37.16,43.0,73.06,104.0,0.0,55.0,89.31,60.41,23.02,94.85,75.96,62.77,84.9,73.44
57,58.6,42.05,85.59,51.66,71.03,107.2,15.3,46.32,5.39,28.46,48.6,29.07,44.15,38.6,19.03,81.99,22.85,54.33,37.12,94.51,62.97,102.65,75.29,81.25,69.38,82.22,74.81,99.4,78.49,7.0,60.17,64.82,68.01,21.95,49.4,105.12,50.48,88.2,48.66,65.3,25.5,6.32,89.5,78.03,50.01,95.67,94.51,76.06,15.81,24.08,37.0,65.49,25.81,12.0,89.63,77.67,55.0,0.0,74.17,76.84,32.02,70.58,76.32,24.19,62.07,96.43
58,68.59,32.76,75.64,46.86,39.4,60.21,77.65,40.31,76.66,68.62,42.44,48.66,74.43,40.31,76.3,36.12,53.15,20.02,63.51,42.76,22.67,71.18,34.21,24.52,24.04,13.6,93.43,54.33,67.08,74.03,26.4,41.88,8.49,57.28,36.24,55.54,59.03,73.74,92.59,29.68,65.52,72.84,29.07,5.0,85.76,58.03,42.76,59.93,59.84,74.46,37.34,15.81,61.13,74.33,47.01,21.1,89.31,74.17,0.0,45.22,77.83,14.56,23.19,50.64,14.42,58.01
59,35.36,53.14,31.06,25.55,7.28,30.53,71.12,31.14,81.57,55.15,28.32,48.8,50.25,63.32,67.54,13.04,55.15,42.43,45.54,22.02,26.02,29.41,11.18,69.64,66.37,58.31,55.47,22.83,23.35,72.67,64.03,12.04,49.65,71.85,67.47,29.15,32.56,28.64,68.0,18.11,55.01,79.25,74.09,49.4,59.03,19.21,22.02,16.28,69.53,62.77,53.23,56.22,52.48,69.97,13.6,65.97,60.41,76.84,45.22,0.0,61.13,57.87,22.83,62.43,51.04,19.85
60,31.89,53.26,59.4,37.12,57.71,90.82,17.46,38.64,37.12,9.43,38.12,31.4,14.21,56.08,13.15,70.58,30.48,59.03,16.03,82.38,58.86,80.99,64.28,93.19,82.8,89.47,43.17,83.49,54.2,25.02,74.52,50.64,74.69,46.62,67.27,90.14,28.79,63.03,18.36,57.04,13.45,38.01,101.02,82.64,18.0,77.47,82.38,54.2,39.56,8.06,48.17,75.47,17.8,20.02,74.73,89.04,23.02,32.02,77.83,61.13,0.0,80.26,70.11,41.88,70.33,78.39
61,76.61,28.86,87.28,54.41,51.42,74.73,76.84,46.01,72.11,70.83,49.04,49.19,79.4,33.06,76.32,50.01,52.2,21.93,67.62,57.27,32.89,85.01,47.27,13.45,9.49,12.37,101.83,68.73,78.43,71.81,13.89,52.55,8.25,51.04,25.63,70.09,66.07,85.87,96.61,40.8,67.12,68.07,20.81,13.6,90.79,72.03,57.27,71.47,55.15,75.58,34.21,5.1,62.65,73.08,61.07,9.22,94.85,70.58,14.56,57.87,80.26,0.0,37.01,46.39,10.0,72.06
62,52.35,41.73,53.85,33.73,18.38,39.0,75.13,32.14,80.11,62.01,32.02,47.43,62.82,51.74,72.56,13.0,53.49,27.8,54.23,21.95,13.42,48.04,11.66,47.68,46.17,35.74,75.6,32.28,45.8,74.04,45.88,23.32,29.15,65.0,52.35,34.89,45.22,51.43,81.49,13.15,60.21,76.92,51.55,26.93,73.38,35.01,21.95,38.6,65.0,69.12,44.05,36.5,56.44,72.78,24.08,44.28,75.96,76.32,23.19,22.83,70.11,37.01,0.0,56.3,32.28,35.06
63,56.01,18.03,79.31,40.5,55.61,91.29,32.45,31.76,26.08,33.54,35.34,16.12,48.08,15.26,33.3,64.38,12.37,31.32,36.67,76.58,43.01,90.92,57.98,57.28,45.54,58.08,78.09,83.55,70.88,26.0,36.4,50.77,44.05,9.43,26.63,88.39,45.18,80.65,60.21,47.38,29.07,22.2,65.52,54.23,57.78,81.61,76.58,66.48,9.22,34.83,13.34,41.3,25.63,28.3,73.66,53.6,62.77,24.19,50.64,62.43,41.88,46.39,56.3,0.0,38.0,82.2
64,67.12,20.02,79.31,44.94,44.18,71.17,67.45,36.24,64.03,60.9,39.41,39.4,69.43,26.25,66.73,44.91,42.72,12.04,57.63,53.85,25.18,79.31,41.11,23.35,15.81,20.22,92.36,64.56,70.34,62.8,13.6,44.38,6.32,43.74,21.93,66.85,56.4,78.26,86.61,33.24,57.25,60.07,30.81,16.76,80.81,66.75,53.85,63.56,47.04,65.8,25.18,5.83,52.77,63.79,56.09,19.1,84.9,62.07,14.42,51.04,70.33,10.0,32.28,38.0,0.0,66.91
65,49.03,72.01,31.95,44.82,26.63,13.04,89.89,50.99,101.24,73.43,48.08,68.62,66.1,82.29,86.09,22.09,74.97,60.08,63.53,18.36,43.32,13.6,26.25,82.22,81.22,69.58,62.97,8.06,29.07,92.01,80.41,31.83,64.2,91.61,85.38,14.56,49.66,27.31,82.38,36.25,73.78,99.01,85.16,61.2,73.16,1.0,18.36,25.32,89.38,81.01,72.56,71.45,71.61,89.05,11.0,79.06,73.44,96.43,58.01,19.85,78.39,72.06,35.06,82.2,66.91,0.0
