vehicles
vehicle_idx, capacity, cost_per_unit_distance
1,100,3
2,100,3
3,100,3
4,100,3
5,100,3
6,100,3
7,100,3
8,100,3
9,100,3
depot
node_idx,x,y
0,36,64
home delivery customers
node_idx,x,y,service_time,demand
1,10,23,10,12
2,25,79,10,4
3,41,39,10,13
4,21,14,10,14
5,41,46,10,16
6,5,51,10,17
7,50,99,10,10
8,84,85,10,19
9,47,76,10,23
10,58,68,10,7
11,9,60,10,15
12,19,40,10,12
13,33,58,10,2
14,49,6,10,3
15,9,62,10,14
16,95,76,10,10
17,1,14,10,18
18,46,22,10,11
self pickup customers
node_idx,x,y,service_time,demand,locker_idxs
19,94,47,10,3,61-55-57
20,16,46,10,25,62-58
21,41,30,10,11,64-58
22,81,45,10,20,61-67-55-57
23,21,14,10,36,62-58-55
24,14,42,10,7,62-58
25,58,96,10,11,60-63-57
26,41,50,10,22,59-62-58
27,30,93,10,11,63-56-57
28,47,44,10,22,62-58
29,57,7,10,18,64-58
30,81,6,10,13,61-55
31,51,78,10,20,63-57
32,84,36,10,10,61-67-55-57
33,89,44,10,66,61-67-55-57
34,97,11,10,24,61-55-58
35,74,69,10,5,66-63-57-56
36,96,91,10,7,60-57
flexible customers
node_idx,x,y,service_time,demand,locker_idxs
37,14,79,10,21,59-65-56-57
38,42,56,10,10,65-62-59-56
39,90,17,10,20,61-67-55-58
40,65,96,10,17,60-63-57-56
41,13,49,10,11,65-59-62-58-56
42,57,2,10,6,64-58-55
43,66,62,10,21,67-63-57-56
44,97,90,10,21,60-66-57-56
45,11,54,10,19,62-59-65-56
46,60,97,10,15,60-63-57
47,60,89,10,22,60-63-57
48,15,40,10,24,59-65-62-58
49,88,21,10,25,61-67-55-58
50,21,51,10,15,59-65-62-58-56
51,10,49,10,10,59-65-62-58-56
52,69,16,10,7,64-67-61-55
53,75,66,10,12,66-63-57
54,74,92,10,12,63-60-66-57
lockers
node_idx,x,y,service_time,capacity,cost_per_unit_good
55,93,12,10,77
56,22,88,10,84
57,65,88,10,91
58,25,15,10,98
59,17,54,10,74
60,77,102,10,91
61,90,23,10,97
62,27,52,10,81
63,61,77,10,90
64,53,14,10,73
65,24,61,10,93
66,92,81,10,87
67,71,37,10,85
mrt lines
start_node_idx,end_node_idx,freight_capacity,cost_per_unit_good
55,56,84,0.5
56,55,84,0.5
57,58,98,0.5
58,57,98,0.5
distance matrix
,0,1,2,3,4,5,6,7,8,9,10,11,12,13,14,15,16,17,18,19,20,21,22,23,24,25,26,27,28,29,30,31,32,33,34,35,36,37,38,39,40,41,42,43,44,45,46,47,48,49,50,51,52,53,54,55,56,57,58,59,60,61,62,63,64,65,66,67,
0,0.0,48.55,18.6,25.5,52.2,18.68,33.62,37.7,52.39,16.28,22.36,27.29,29.41,6.71,59.44,27.07,60.21,61.03,43.17,60.44,26.91,34.37,48.85,52.2,31.11,38.83,14.87,29.61,22.83,60.75,73.41,20.52,55.57,56.65,80.81,38.33,65.8,26.63,10.0,71.59,43.19,27.46,65.46,30.07,66.31,26.93,40.8,34.66,31.89,67.48,19.85,30.02,58.25,39.05,47.2,77.16,27.78,37.64,50.22,21.47,55.9,67.8,15.0,28.18,52.81,12.37,58.52,44.2
1,48.55,0.0,57.97,34.89,14.21,38.6,28.44,85.88,96.54,64.64,65.8,37.01,19.24,41.88,42.54,39.01,100.17,12.73,36.01,87.36,23.77,31.78,74.33,14.21,19.42,87.37,41.11,72.8,42.54,49.65,73.01,68.6,75.13,81.74,87.82,78.82,109.64,56.14,45.97,80.22,91.4,26.17,51.48,68.24,109.81,31.02,89.31,82.8,17.72,78.03,30.08,26.0,59.41,77.94,94.11,83.73,66.1,85.15,17.0,31.78,103.59,80.0,33.62,74.28,43.93,40.5,100.44,62.59
2,18.6,57.97,0.0,43.08,65.12,36.67,34.41,32.02,59.3,22.2,34.79,24.84,39.46,22.47,76.84,23.35,70.06,69.29,60.75,76.06,34.21,51.55,65.51,65.12,38.6,37.12,33.12,14.87,41.34,78.79,92.01,26.02,73.01,72.95,99.04,50.01,72.01,11.0,28.6,89.83,43.46,32.31,83.38,44.38,72.84,28.65,39.36,36.4,40.26,85.63,28.28,33.54,76.84,51.66,50.7,95.46,9.49,41.0,64.0,26.25,56.86,85.8,27.07,36.06,70.77,18.03,67.03,62.29
3,25.5,34.89,43.08,0.0,32.02,7.0,37.95,60.67,62.97,37.48,33.62,38.28,22.02,20.62,33.96,39.41,65.46,47.17,17.72,53.6,25.96,9.0,40.45,32.02,27.17,59.48,11.0,55.11,7.81,35.78,51.86,40.26,43.1,48.26,62.61,44.6,75.69,48.26,17.03,53.71,61.85,29.73,40.31,33.97,75.74,33.54,61.03,53.49,26.02,50.33,23.32,32.57,36.24,43.42,62.43,58.59,52.55,54.56,28.84,28.3,72.56,51.55,19.1,42.94,27.73,27.8,66.07,30.07
4,52.2,14.21,65.12,32.02,0.0,37.74,40.31,89.81,94.92,67.23,65.46,47.54,26.08,45.61,29.12,49.48,96.54,20.0,26.25,80.11,32.39,25.61,67.54,0.0,28.86,89.96,41.18,79.51,39.7,36.67,60.53,70.68,66.73,74.32,76.06,76.38,107.49,65.38,46.96,69.07,93.06,35.9,37.95,65.8,107.48,41.23,91.71,84.53,26.68,67.36,37.0,36.69,48.04,74.97,94.3,72.03,74.01,86.09,4.12,40.2,104.31,69.58,38.47,74.63,32.0,47.1,97.62,55.04
5,18.68,38.6,36.67,7.0,37.74,0.0,36.35,53.76,58.05,30.59,27.8,34.93,22.8,14.42,40.79,35.78,61.77,51.22,24.52,53.01,25.0,16.0,40.01,37.74,27.29,52.81,4.0,48.27,6.32,42.15,56.57,33.53,44.15,48.04,66.04,40.22,71.06,42.64,10.05,56.94,55.46,28.16,46.82,29.68,71.22,31.05,54.42,47.01,26.68,53.24,20.62,31.14,41.04,39.45,56.61,62.13,46.1,48.37,34.89,25.3,66.57,54.13,15.23,36.89,34.18,22.67,61.85,31.32
6,33.62,28.44,34.41,37.95,40.31,36.35,0.0,65.8,86.01,48.88,55.66,9.85,17.8,28.86,62.94,11.7,93.41,37.22,50.22,89.09,12.08,41.68,76.24,40.31,12.73,69.53,36.01,48.88,42.58,68.12,88.32,53.34,80.41,84.29,100.32,71.31,99.4,29.41,37.34,91.55,75.0,8.25,71.45,61.98,99.92,6.71,71.7,66.85,14.87,88.26,16.0,5.39,72.95,71.59,80.26,96.25,40.72,70.49,41.18,12.37,88.23,89.49,22.02,61.74,60.61,21.47,92.03,67.47
7,37.7,85.88,32.02,60.67,89.81,53.76,65.8,0.0,36.77,23.19,32.02,56.59,66.65,44.38,93.01,55.23,50.54,98.11,77.1,68.12,62.97,69.58,62.27,89.81,67.42,8.54,49.82,20.88,55.08,92.27,98.03,21.02,71.59,67.42,99.76,38.42,46.69,41.18,43.74,91.24,15.3,62.2,97.25,40.31,47.85,59.55,10.2,14.14,68.6,86.76,56.08,64.03,85.15,41.4,25.0,97.05,30.08,18.6,87.64,55.8,27.17,85.88,52.33,24.6,85.05,46.04,45.69,65.46
8,52.39,96.54,59.3,62.97,94.92,58.05,86.01,36.77,0.0,38.08,31.06,79.06,79.06,57.71,86.41,78.45,14.21,109.22,73.57,39.29,78.39,69.81,40.11,94.92,82.15,28.23,55.44,54.59,55.23,82.54,79.06,33.73,49.0,41.3,75.13,18.87,13.42,70.26,51.04,68.26,21.95,79.61,87.28,29.21,13.93,79.31,26.83,24.33,82.38,64.12,71.59,82.29,70.61,21.02,12.21,73.55,62.07,19.24,91.55,73.82,18.38,62.29,65.86,24.35,77.47,64.62,8.94,49.73
9,16.28,64.64,22.2,37.48,67.23,30.59,48.88,23.19,38.08,0.0,13.6,41.23,45.61,22.8,70.03,40.5,48.0,77.2,54.01,55.23,43.14,46.39,46.01,67.23,47.38,22.83,26.68,24.04,32.0,69.72,77.82,4.47,54.49,52.8,82.01,27.89,51.24,33.14,20.62,73.01,26.91,43.42,74.67,23.6,51.92,42.19,24.7,18.38,48.17,68.6,36.07,45.8,63.91,29.73,31.38,78.82,27.73,21.63,64.85,37.2,39.7,68.25,31.24,14.04,62.29,27.46,45.28,45.79
10,22.36,65.8,34.79,33.62,65.46,27.8,55.66,32.02,31.06,13.6,0.0,49.65,48.01,26.93,62.65,49.37,37.85,78.52,47.54,41.68,47.41,41.63,32.53,65.46,51.11,28.0,24.76,37.54,26.4,61.01,66.13,12.21,41.23,39.2,69.07,16.03,44.42,45.35,20.0,60.21,28.86,48.85,66.01,10.0,44.78,49.04,29.07,21.1,51.31,55.76,40.72,51.62,53.15,17.12,28.84,66.04,41.18,21.19,62.43,43.32,38.95,55.22,34.89,9.49,54.23,34.71,36.4,33.62
11,27.29,37.01,24.84,38.28,47.54,34.93,9.85,56.59,79.06,41.23,49.65,0.0,22.36,24.08,67.2,2.0,87.48,46.69,53.04,85.99,15.65,43.86,73.55,47.54,18.68,60.8,33.53,39.12,41.23,71.51,90.0,45.69,78.75,81.58,100.72,65.62,92.36,19.65,33.24,91.71,66.57,11.7,75.29,57.04,92.97,6.32,63.01,58.67,20.88,88.1,15.0,11.05,74.4,66.27,72.45,96.75,30.87,62.61,47.76,10.0,79.92,89.05,19.7,54.71,63.66,15.03,85.62,66.13
12,29.41,19.24,39.46,22.02,26.08,22.8,17.8,66.65,79.06,45.61,48.01,22.36,0.0,22.8,45.34,24.17,84.1,31.62,32.45,75.33,6.71,24.17,62.2,26.08,5.39,68.24,24.17,54.13,28.28,50.33,70.71,49.68,65.12,70.11,83.22,62.18,92.36,39.32,28.02,74.63,72.47,10.82,53.74,51.89,92.65,16.12,70.21,63.89,4.0,71.57,11.18,12.73,55.46,61.74,75.69,79.12,48.09,66.48,25.71,14.14,84.9,73.01,14.42,55.97,42.8,21.59,83.73,52.09
13,6.71,41.88,22.47,20.62,45.61,14.42,28.86,44.38,57.71,22.8,26.93,24.08,22.8,0.0,54.41,24.33,64.56,54.41,38.28,61.98,20.81,29.12,49.73,45.61,24.84,45.49,11.31,35.13,19.8,56.36,70.77,26.91,55.54,57.72,79.4,42.45,71.12,28.32,9.22,70.21,49.68,21.93,60.93,33.24,71.55,22.36,47.43,41.11,25.46,66.29,13.89,24.7,55.32,42.76,53.26,75.6,31.95,43.86,43.74,16.49,62.23,66.89,8.49,33.84,48.33,9.49,63.32,43.42
14,59.44,42.54,76.84,33.96,29.12,40.79,62.94,93.01,86.41,70.03,62.65,67.2,45.34,54.41,0.0,68.82,83.76,48.66,16.28,60.88,51.86,25.3,50.45,29.12,50.21,90.45,44.72,89.05,38.05,8.06,32.0,72.03,46.1,55.17,48.26,67.78,97.13,80.96,50.49,42.45,91.41,56.08,8.94,58.52,96.75,61.22,91.66,83.73,48.08,41.79,53.0,58.05,22.36,65.39,89.56,44.41,86.33,83.55,25.63,57.69,100.0,44.38,50.99,72.01,8.94,60.42,86.45,38.01
15,27.07,39.01,23.35,39.41,49.48,35.78,11.7,55.23,78.45,40.5,49.37,2.0,24.17,24.33,68.82,0.0,87.13,48.66,54.49,86.31,17.46,45.25,73.98,49.48,20.62,59.64,34.18,37.44,42.05,73.0,91.21,44.94,79.38,82.0,101.71,65.38,91.71,17.72,33.54,92.66,65.51,13.6,76.84,57.0,92.35,8.25,61.85,57.71,22.8,89.01,16.28,13.04,75.6,66.12,71.59,97.75,29.07,61.74,49.65,11.31,78.89,89.9,20.59,54.12,65.12,15.03,85.15,66.85
16,60.21,100.17,70.06,65.46,96.54,61.77,93.41,50.54,14.21,48.0,37.85,87.48,84.1,64.56,83.76,87.13,0.0,112.61,72.92,29.02,84.5,70.94,34.01,96.54,87.85,42.06,59.93,67.19,57.69,78.77,71.39,44.05,41.48,32.56,65.03,22.14,15.03,81.06,56.65,59.21,36.06,86.33,83.19,32.2,14.14,86.83,40.82,37.34,87.73,55.44,78.11,89.19,65.39,22.36,26.4,64.03,73.98,32.31,92.85,81.04,31.62,53.24,72.11,34.01,74.89,72.57,5.83,45.79
17,61.03,12.73,69.29,47.17,20.0,51.22,37.22,98.11,109.22,77.2,78.52,46.69,31.62,54.41,48.66,48.66,112.61,0.0,45.71,98.68,35.34,43.08,85.8,20.0,30.87,99.86,53.81,84.15,54.92,56.44,80.4,81.22,85.87,92.97,96.05,91.4,122.29,66.29,58.69,89.05,104.02,37.0,57.27,80.8,122.44,41.23,101.83,95.43,29.53,87.28,42.06,36.14,68.03,90.44,106.83,92.02,76.92,97.84,24.02,43.08,116.28,89.45,46.04,87.0,52.0,52.33,113.0,73.68
18,43.17,36.01,60.75,17.72,26.25,24.52,50.22,77.1,73.57,54.01,47.54,53.04,32.45,38.28,16.28,54.49,72.92,45.71,0.0,54.12,38.42,9.43,41.88,26.25,37.74,74.97,28.44,72.78,22.02,18.6,38.48,56.22,40.5,48.3,52.17,54.71,85.21,65.37,34.23,44.28,76.4,42.64,22.83,44.72,85.0,47.42,76.3,68.45,35.85,42.01,38.29,45.0,23.77,52.7,75.39,48.05,70.23,68.68,22.14,43.19,85.8,44.01,35.51,57.01,10.63,44.78,74.81,29.15
19,60.44,87.36,76.06,53.6,80.11,53.01,89.09,68.12,39.29,55.23,41.68,85.99,75.33,61.98,60.88,86.31,29.02,98.68,54.12,0.0,78.01,55.66,13.15,80.11,80.16,60.8,53.08,78.82,47.1,54.49,43.01,53.01,14.87,5.83,36.12,29.73,44.05,86.16,52.77,30.27,56.94,81.02,58.26,31.76,43.1,83.29,60.46,54.04,79.31,26.68,73.11,84.02,39.82,26.87,49.24,35.01,82.86,50.22,76.06,77.32,57.57,24.33,67.19,44.6,52.63,71.39,34.06,25.08
20,26.91,23.77,34.21,25.96,32.39,25.0,12.08,62.97,78.39,43.14,47.41,15.65,6.71,20.81,51.86,17.46,84.5,35.34,38.42,78.01,0.0,29.68,65.01,32.39,4.47,65.3,25.32,49.04,31.06,56.59,76.32,47.42,68.73,73.03,88.24,62.39,91.79,33.06,27.86,79.48,70.01,4.24,60.14,52.5,92.18,9.43,67.36,61.52,6.08,76.22,7.07,6.71,60.9,62.3,74.03,84.17,42.43,64.54,32.28,8.06,82.81,77.49,12.53,54.64,48.92,17.0,83.67,55.73
21,34.37,31.78,51.55,9.0,25.61,16.0,41.68,69.58,69.81,46.39,41.63,43.86,24.17,29.12,25.3,45.25,70.94,43.08,9.43,55.66,29.68,0.0,42.72,25.61,29.55,68.15,20.0,63.95,15.23,28.02,46.65,49.03,43.42,50.0,59.14,51.09,82.13,55.95,26.02,50.7,70.23,33.84,32.25,40.61,82.07,38.42,69.64,61.98,27.86,47.85,29.0,36.36,31.3,49.52,70.24,55.03,61.03,62.77,21.93,33.94,80.5,49.5,26.08,51.08,20.0,35.36,72.12,30.81
22,48.85,74.33,65.51,40.45,67.54,40.01,76.24,62.27,40.11,46.01,32.53,73.55,62.2,49.73,50.45,73.98,34.01,85.8,41.88,13.15,65.01,42.72,0.0,67.54,67.07,55.95,40.31,70.04,34.01,44.94,39.0,44.6,9.49,8.06,37.58,25.0,48.38,75.13,40.52,29.41,53.45,68.12,49.24,22.67,47.76,70.58,56.08,48.75,66.19,25.0,60.3,71.11,31.38,21.84,47.52,35.11,73.01,45.88,63.53,64.63,57.14,23.77,54.45,37.74,41.77,59.2,37.64,12.81
23,52.2,14.21,65.12,32.02,0.0,37.74,40.31,89.81,94.92,67.23,65.46,47.54,26.08,45.61,29.12,49.48,96.54,20.0,26.25,80.11,32.39,25.61,67.54,0.0,28.86,89.96,41.18,79.51,39.7,36.67,60.53,70.68,66.73,74.32,76.06,76.38,107.49,65.38,46.96,69.07,93.06,35.9,37.95,65.8,107.48,41.23,91.71,84.53,26.68,67.36,37.0,36.69,48.04,74.97,94.3,72.03,74.01,86.09,4.12,40.2,104.31,69.58,38.47,74.63,32.0,47.1,97.62,55.04
24,31.11,19.42,38.6,27.17,28.86,27.29,12.73,67.42,82.15,47.38,51.11,18.68,5.39,24.84,50.21,20.62,87.85,30.87,37.74,80.16,4.47,29.55,67.07,28.86,0.0,69.66,28.16,53.45,33.06,55.44,76.06,51.62,70.26,75.03,88.6,65.8,95.52,37.0,31.3,80.01,74.28,7.07,58.73,55.71,95.88,12.37,71.7,65.76,2.24,76.92,11.4,8.06,60.84,65.55,78.1,84.5,46.69,68.68,29.15,12.37,87.0,78.34,16.4,58.6,48.01,21.47,87.21,57.22
25,38.83,87.37,37.12,59.48,89.96,52.81,69.53,8.54,28.23,22.83,28.0,60.8,68.24,45.49,90.45,59.64,42.06,99.86,74.97,60.8,65.3,68.15,55.95,89.96,69.66,0.0,49.04,28.16,53.15,89.01,92.89,19.31,65.39,60.54,93.52,31.38,38.33,47.17,43.08,85.23,7.0,65.07,94.01,34.93,39.46,63.03,2.24,7.28,70.6,80.78,58.26,67.18,80.75,34.48,16.49,91.0,36.88,10.63,87.46,58.69,19.92,79.71,53.82,19.24,82.15,48.8,37.16,60.42
26,14.87,41.11,33.12,11.0,41.18,4.0,36.01,49.82,55.44,26.68,24.76,33.53,24.17,11.31,44.72,34.18,59.93,53.81,28.44,53.08,25.32,20.0,40.31,41.18,28.16,49.04,0.0,44.38,8.49,45.88,59.46,29.73,45.22,48.37,68.24,38.08,68.6,39.62,6.08,59.08,51.88,28.02,50.6,27.73,68.82,30.27,50.7,43.38,27.86,55.23,20.02,31.02,44.05,37.58,53.41,64.4,42.49,44.94,38.48,24.33,63.25,55.95,14.14,33.6,37.95,20.25,59.68,32.7
27,29.61,72.8,14.87,55.11,79.51,48.27,48.88,20.88,54.59,24.04,37.54,39.12,54.13,35.13,89.05,37.44,67.19,84.15,72.78,78.82,49.04,63.95,70.04,79.51,53.45,28.16,44.38,0.0,51.87,90.14,100.85,25.81,78.52,76.69,105.89,50.12,66.03,21.26,38.9,96.83,35.13,47.17,94.92,47.51,67.07,43.38,30.27,30.27,55.08,92.46,42.95,48.33,86.31,52.48,44.01,102.62,9.43,35.36,78.16,41.11,47.85,92.2,41.11,34.89,82.28,32.56,63.15,69.4
28,22.83,42.54,41.34,7.81,39.7,6.32,42.58,55.08,55.23,32.0,26.4,41.23,28.28,19.8,38.05,42.05,57.69,54.92,22.02,47.1,31.06,15.23,34.01,39.7,33.06,53.15,8.49,51.87,0.0,38.33,50.99,34.23,37.85,42.0,59.91,36.8,67.9,48.1,13.0,50.77,55.03,34.37,43.17,26.17,67.94,37.36,54.57,46.84,32.25,47.01,26.93,37.34,35.61,35.61,55.07,56.04,50.61,47.54,36.4,31.62,65.3,47.85,21.54,35.85,30.59,28.6,58.26,25.0
29,60.75,49.65,78.79,35.78,36.67,42.15,68.12,92.27,82.54,69.72,61.01,71.51,50.33,56.36,8.06,73.0,78.77,56.44,18.6,54.49,56.59,28.02,44.94,36.67,55.44,89.01,45.88,90.14,38.33,0.0,24.02,71.25,39.62,48.92,40.2,64.29,92.61,83.86,51.24,34.48,89.36,60.83,5.0,55.73,92.14,65.76,90.05,82.05,53.41,34.01,56.85,63.03,15.0,61.68,86.68,36.35,88.24,81.39,32.98,61.72,97.08,36.67,54.08,70.11,8.06,63.29,81.86,33.11
30,73.41,73.01,92.01,51.86,60.53,56.57,88.32,98.03,79.06,77.82,66.13,90.0,70.71,70.77,32.0,91.21,71.39,80.4,38.48,43.01,76.32,46.65,39.0,60.53,76.06,92.89,59.46,100.85,50.99,24.02,0.0,78.0,30.15,38.83,16.76,63.39,86.31,99.09,63.41,14.21,91.41,80.45,24.33,57.97,85.51,84.88,93.39,85.62,74.24,16.55,75.0,83.01,15.62,60.3,86.28,13.42,101.02,83.55,56.72,80.0,96.08,19.24,70.94,73.76,29.12,79.21,75.8,32.57
31,20.52,68.6,26.02,40.26,70.68,33.53,53.34,21.02,33.73,4.47,12.21,45.69,49.68,26.91,72.03,44.94,44.05,81.22,56.22,53.01,47.42,49.03,44.6,70.68,51.62,19.31,29.73,25.81,34.23,71.25,78.0,0.0,53.41,50.99,81.27,24.7,46.84,37.01,23.77,72.4,22.8,47.8,76.24,21.93,47.54,46.65,21.02,14.21,52.35,67.96,40.36,50.22,64.56,26.83,26.93,78.23,30.68,17.2,68.15,41.62,35.38,67.42,35.38,10.05,64.03,31.91,41.11,45.62
32,55.57,75.13,73.01,43.1,66.73,44.15,80.41,71.59,49.0,54.49,41.23,78.75,65.12,55.54,46.1,79.38,41.48,85.87,40.5,14.87,68.73,43.42,9.49,66.73,70.26,65.39,45.22,78.52,37.85,39.62,30.15,53.41,0.0,9.43,28.18,34.48,56.29,82.15,46.52,19.92,62.94,72.18,43.42,31.62,55.54,75.19,65.55,58.18,69.12,15.52,64.76,75.13,25.0,31.32,56.89,25.63,80.92,55.36,62.63,69.38,66.37,14.32,59.2,47.01,38.01,65.0,45.71,13.04
33,56.65,81.74,72.95,48.26,74.32,48.04,84.29,67.42,41.3,52.8,39.2,81.58,70.11,57.72,55.17,82.0,32.56,92.97,48.3,5.83,73.03,50.0,8.06,74.32,75.03,60.54,48.37,76.69,42.0,48.92,38.83,50.99,9.43,0.0,33.96,29.15,47.52,82.76,48.51,27.02,57.27,76.16,52.8,29.21,46.69,78.64,60.42,53.54,74.11,23.02,68.36,79.16,34.41,26.08,50.29,32.25,80.16,50.12,70.26,72.69,59.23,21.02,62.51,43.28,46.86,67.19,37.12,19.31
34,80.81,87.82,99.04,62.61,76.06,66.04,100.32,99.76,75.13,82.01,69.07,100.72,83.22,79.4,48.26,101.71,65.03,96.05,52.17,36.12,88.24,59.14,37.58,76.06,88.6,93.52,68.24,105.89,59.91,40.2,16.76,81.27,28.18,33.96,0.0,62.39,80.01,107.3,71.06,9.22,90.82,92.2,41.0,59.68,79.0,96.15,93.62,86.33,86.98,13.45,85.88,94.94,28.44,59.24,84.2,4.12,107.49,83.38,72.11,90.82,93.17,13.89,81.12,75.18,44.1,88.48,70.18,36.77
35,38.33,78.82,50.01,44.6,76.38,40.22,71.31,38.42,18.87,27.89,16.03,65.62,62.18,42.45,67.78,65.38,22.14,91.4,54.71,29.73,62.39,51.09,25.0,76.38,65.8,31.38,38.08,50.12,36.8,64.29,63.39,24.7,34.48,29.15,62.39,0.0,31.11,60.83,34.54,54.41,28.46,64.2,69.12,10.63,31.14,64.76,31.3,24.41,65.74,50.0,55.97,67.05,53.24,3.16,23.0,60.08,55.36,21.02,72.92,58.94,33.14,48.7,49.98,15.26,58.87,50.64,21.63,32.14
36,65.8,109.64,72.01,75.69,107.49,71.06,99.4,46.69,13.42,51.24,44.42,92.36,92.36,71.12,97.13,91.71,15.03,122.29,85.21,44.05,91.79,82.13,48.38,107.49,95.52,38.33,68.6,66.03,67.9,92.61,86.31,46.84,56.29,47.52,80.01,31.11,0.0,82.87,64.35,74.24,31.4,93.02,97.17,41.73,1.41,92.7,36.5,36.06,95.72,70.46,85.0,95.71,79.71,32.65,22.02,79.06,74.06,31.14,104.0,87.24,21.95,68.26,79.26,37.7,88.19,78.0,10.77,59.51
37,26.63,56.14,11.0,48.26,65.38,42.64,29.41,41.18,70.26,33.14,45.35,19.65,39.32,28.32,80.96,17.72,81.06,66.29,65.37,86.16,33.06,55.95,75.13,65.38,37.0,47.17,39.62,21.26,48.1,83.86,99.09,37.01,82.15,82.76,107.3,60.83,82.87,0.0,36.24,98.08,53.76,30.02,88.19,54.71,83.73,25.18,49.4,47.07,39.01,94.02,28.86,30.27,83.63,62.37,61.39,103.59,12.04,51.79,64.94,25.18,67.07,94.4,29.97,47.04,75.8,20.59,78.03,70.8
38,10.0,45.97,28.6,17.03,46.96,10.05,37.34,43.74,51.04,20.62,20.0,33.24,28.02,9.22,50.49,33.54,56.65,58.69,34.23,52.77,27.86,26.02,40.52,46.96,31.3,43.08,6.08,38.9,13.0,51.24,63.41,23.77,46.52,48.51,71.06,34.54,64.35,36.24,0.0,61.85,46.14,29.83,56.04,24.74,64.66,31.06,44.78,37.59,31.38,57.8,21.59,32.76,48.26,34.48,48.17,67.36,37.74,39.41,44.38,25.08,57.8,58.25,15.52,28.32,43.42,18.68,55.9,34.67
39,71.59,80.22,89.83,53.71,69.07,56.94,91.55,91.24,68.26,73.01,60.21,91.71,74.63,70.21,42.45,92.66,59.21,89.05,44.28,30.27,79.48,50.7,29.41,69.07,80.01,85.23,59.08,96.83,50.77,34.48,14.21,72.4,19.92,27.02,9.22,54.41,74.24,98.08,61.85,0.0,82.86,83.38,36.25,51.0,73.33,87.24,85.44,78.0,78.45,4.47,76.92,86.16,21.02,51.24,76.69,5.83,98.31,75.27,65.03,81.84,85.99,6.0,72.07,66.64,37.12,79.32,64.03,27.59
40,43.19,91.4,43.46,61.85,93.06,55.46,75.0,15.3,21.95,26.91,28.86,66.57,72.47,49.68,91.41,65.51,36.06,104.02,76.4,56.94,70.01,70.23,53.45,93.06,74.28,7.0,51.88,35.13,55.03,89.36,91.41,22.8,62.94,57.27,90.82,28.46,31.4,53.76,46.14,82.86,0.0,70.09,94.34,34.01,32.56,68.41,5.1,8.6,75.07,78.45,62.94,72.35,80.1,31.62,9.85,88.54,43.74,8.0,90.34,63.78,13.42,77.16,58.14,19.42,82.87,53.91,30.89,59.3
41,27.46,26.17,32.31,29.73,35.9,28.16,8.25,62.2,79.61,43.42,48.85,11.7,10.82,21.93,56.08,13.6,86.33,37.0,42.64,81.02,4.24,33.84,68.12,35.9,7.07,65.07,28.02,47.17,34.37,60.83,80.45,47.8,72.18,76.16,92.2,64.2,93.02,30.02,29.83,83.38,70.09,0.0,64.38,54.57,93.47,5.39,67.18,61.72,9.22,80.06,8.25,3.0,65.0,64.29,74.63,88.14,40.02,65.0,36.06,6.4,83.1,81.27,14.32,55.57,53.15,16.28,85.23,59.23
42,65.46,51.48,83.38,40.31,37.95,46.82,71.45,97.25,87.28,74.67,66.01,75.29,53.74,60.93,8.94,76.84,83.19,57.27,22.83,58.26,60.14,32.25,49.24,37.95,58.73,94.01,50.6,94.92,43.17,5.0,24.33,76.24,43.42,52.8,41.0,69.12,97.17,88.19,56.04,36.25,94.34,64.38,0.0,60.67,96.66,69.43,95.05,87.05,56.64,36.36,60.8,66.47,18.44,66.48,91.59,37.36,92.85,86.37,34.54,65.6,101.98,39.12,58.31,75.11,12.65,67.6,86.41,37.7
43,30.07,68.24,44.38,33.97,65.8,29.68,61.98,40.31,29.21,23.6,10.0,57.04,51.89,33.24,58.52,57.0,32.2,80.8,44.72,31.76,52.5,40.61,22.67,65.8,55.71,34.93,27.73,47.51,26.17,55.73,57.97,21.93,31.62,29.21,59.68,10.63,41.73,54.71,24.74,51.0,34.01,54.57,60.67,0.0,41.77,55.58,35.51,27.66,55.54,46.53,46.32,57.49,46.1,9.85,31.05,56.82,51.11,26.02,62.37,49.65,41.48,45.79,40.26,15.81,49.73,42.01,32.2,25.5
44,66.31,109.81,72.84,75.74,107.48,71.22,99.92,47.85,13.93,51.92,44.78,92.97,92.65,71.55,96.75,92.35,14.14,122.44,85.0,43.1,92.18,82.07,47.76,107.48,95.88,39.46,68.82,67.07,67.94,92.14,85.51,47.54,55.54,46.69,79.0,31.14,1.41,83.73,64.66,73.33,32.56,93.47,96.66,41.77,0.0,93.23,37.66,37.01,96.04,69.58,85.42,96.18,79.12,32.56,23.09,78.1,75.03,32.06,103.97,87.73,23.32,67.36,79.65,38.28,87.82,78.55,10.3,59.03
45,26.93,31.02,28.65,33.54,41.23,31.05,6.71,59.55,79.31,42.19,49.04,6.32,16.12,22.36,61.22,8.25,86.83,41.23,47.42,83.29,9.43,38.42,70.58,41.23,12.37,63.03,30.27,43.38,37.36,65.76,84.88,46.65,75.19,78.64,96.15,64.76,92.7,25.18,31.06,87.24,68.41,5.39,69.43,55.58,93.23,0.0,65.19,60.22,14.56,83.77,10.44,5.1,69.34,65.12,73.57,92.13,35.74,63.81,41.44,6.0,81.61,84.86,16.12,55.04,58.0,14.76,85.38,62.36
46,40.8,89.31,39.36,61.03,91.71,54.42,71.7,10.2,26.83,24.7,29.07,63.01,70.21,47.43,91.66,61.85,40.82,101.83,76.3,60.46,67.36,69.64,56.08,91.71,71.7,2.24,50.7,30.27,54.57,90.05,93.39,21.02,65.55,60.42,93.62,31.3,36.5,49.4,44.78,85.44,5.1,67.18,95.05,35.51,37.66,65.19,0.0,8.0,72.62,80.99,60.31,69.31,81.5,34.44,14.87,91.18,39.05,10.3,89.16,60.81,17.72,79.85,55.8,20.02,83.29,50.91,35.78,61.0
47,34.66,82.8,36.4,53.49,84.53,47.01,66.85,14.14,24.33,18.38,21.1,58.67,63.89,41.11,83.73,57.71,37.34,95.43,68.45,54.04,61.52,61.98,48.75,84.53,65.76,7.28,43.38,30.27,46.84,82.05,85.62,14.21,58.18,53.54,86.33,24.41,36.06,47.07,37.59,78.0,8.6,61.72,87.05,27.66,37.01,60.22,8.0,0.0,66.53,73.54,54.45,64.03,73.55,27.46,14.32,83.77,38.01,5.1,81.86,55.44,21.4,72.5,49.58,12.04,75.33,45.61,32.98,53.15
48,31.89,17.72,40.26,26.02,26.68,26.68,14.87,68.6,82.38,48.17,51.31,20.88,4.0,25.46,48.08,22.8,87.73,29.53,35.85,79.31,6.08,27.86,66.19,26.68,2.24,70.6,27.86,55.08,32.25,53.41,74.24,52.35,69.12,74.11,86.98,65.74,95.72,39.01,31.38,78.45,75.07,9.22,56.64,55.54,96.04,14.56,72.62,66.53,0.0,75.43,12.53,10.3,59.09,65.39,78.64,82.87,48.51,69.31,26.93,14.14,87.68,76.9,16.97,59.03,46.04,22.85,87.24,56.08
49,67.48,78.03,85.63,50.33,67.36,53.24,88.26,86.76,64.12,68.6,55.76,88.1,71.57,66.29,41.79,89.01,55.44,87.28,42.01,26.68,76.22,47.85,25.0,67.36,76.92,80.78,55.23,92.46,47.01,34.01,16.55,67.96,15.52,23.02,13.45,50.0,70.46,94.02,57.8,4.47,78.45,80.06,36.36,46.53,69.58,83.77,80.99,73.54,75.43,0.0,73.41,82.87,19.65,46.84,72.37,10.3,94.05,70.84,63.29,78.29,81.74,2.83,68.43,62.17,35.69,75.47,60.13,23.35
50,19.85,30.08,28.28,23.32,37.0,20.62,16.0,56.08,71.59,36.07,40.72,15.0,11.18,13.89,53.0,16.28,78.11,42.06,38.29,73.11,7.07,29.0,60.3,37.0,11.4,58.26,20.02,42.95,26.93,56.85,75.0,40.36,64.76,68.36,85.88,55.97,85.0,28.86,21.59,76.92,62.94,8.25,60.8,46.32,85.42,10.44,60.31,54.45,12.53,73.41,0.0,11.18,59.41,56.04,67.01,81.88,37.01,57.49,36.22,5.0,75.74,74.46,6.08,47.71,48.92,10.44,77.08,51.92
51,30.02,26.0,33.54,32.57,36.69,31.14,5.39,64.03,82.29,45.8,51.62,11.05,12.73,24.7,58.05,13.04,89.19,36.14,45.0,84.02,6.71,36.36,71.11,36.69,8.06,67.18,31.02,48.33,37.34,63.03,83.01,50.22,75.13,79.16,94.94,67.05,95.71,30.27,32.76,86.16,72.35,3.0,66.47,57.49,96.18,5.1,69.31,64.03,10.3,82.87,11.18,0.0,67.6,67.19,77.1,90.87,40.8,67.42,37.16,8.6,85.43,84.12,17.26,58.18,55.44,18.44,88.02,62.17
52,58.25,59.41,76.84,36.24,48.04,41.04,72.95,85.15,70.61,63.91,53.15,74.4,55.46,55.32,22.36,75.6,65.39,68.03,23.77,39.82,60.9,31.3,31.38,48.04,60.84,80.75,44.05,86.31,35.61,15.0,15.62,64.56,25.0,34.41,28.44,53.24,79.71,83.63,48.26,21.02,80.1,65.0,18.44,46.1,79.12,69.34,81.5,73.55,59.09,19.65,59.41,67.6,0.0,50.36,76.16,24.33,85.98,72.11,44.01,64.4,86.37,22.14,55.32,61.52,16.12,63.64,68.95,21.1
53,39.05,77.94,51.66,43.42,74.97,39.45,71.59,41.4,21.02,29.73,17.12,66.27,61.74,42.76,65.39,66.12,22.36,90.44,52.7,26.87,62.3,49.52,21.84,74.97,65.55,34.48,37.58,52.48,35.61,61.68,60.3,26.83,31.32,26.08,59.24,3.16,32.65,62.37,34.48,51.24,31.62,64.29,66.48,9.85,32.56,65.12,34.44,27.46,65.39,46.84,56.04,67.19,50.36,0.0,26.02,56.92,57.38,24.17,71.42,59.23,36.06,45.54,50.0,17.8,56.46,51.24,22.67,29.27
54,47.2,94.11,50.7,62.43,94.3,56.61,80.26,25.0,12.21,31.38,28.84,72.45,75.69,53.26,89.56,71.59,26.4,106.83,75.39,49.24,74.03,70.24,47.52,94.3,78.1,16.49,53.41,44.01,55.07,86.68,86.28,26.93,56.89,50.29,84.2,23.0,22.02,61.39,48.17,76.69,9.85,74.63,91.59,31.05,23.09,73.57,14.87,14.32,78.64,72.37,67.01,77.1,76.16,26.02,0.0,82.23,52.15,9.85,91.27,68.51,10.44,70.83,61.72,19.85,80.78,58.83,21.1,55.08
55,77.16,83.73,95.46,58.59,72.03,62.13,96.25,97.05,73.55,78.82,66.04,96.75,79.12,75.6,44.41,97.75,64.03,92.02,48.05,35.01,84.17,55.03,35.11,72.03,84.5,91.0,64.4,102.62,56.04,36.35,13.42,78.23,25.63,32.25,4.12,60.08,79.06,103.59,67.36,5.83,88.54,88.14,37.36,56.82,78.1,92.13,91.18,83.77,82.87,10.3,81.88,90.87,24.33,56.92,82.23,0.0,104.0,80.99,68.07,86.83,91.41,11.4,77.18,72.45,40.05,84.63,69.01,33.3
56,27.78,66.1,9.49,52.55,74.01,46.1,40.72,30.08,62.07,27.73,41.18,30.87,48.09,31.95,86.33,29.07,73.98,76.92,70.23,82.86,42.43,61.03,73.01,74.01,46.69,36.88,42.49,9.43,50.61,88.24,101.02,30.68,80.92,80.16,107.49,55.36,74.06,12.04,37.74,98.31,43.74,40.02,92.85,51.11,75.03,35.74,39.05,38.01,48.51,94.05,37.01,40.8,85.98,57.38,52.15,104.0,0.0,43.0,73.06,34.37,56.75,94.07,36.35,40.52,80.23,27.07,70.35,70.72
57,37.64,85.15,41.0,54.56,86.09,48.37,70.49,18.6,19.24,21.63,21.19,62.61,66.48,43.86,83.55,61.74,32.31,97.84,68.68,50.22,64.54,62.77,45.88,86.09,68.68,10.63,44.94,35.36,47.54,81.39,83.55,17.2,55.36,50.12,83.38,21.02,31.14,51.79,39.41,75.27,8.0,65.0,86.37,26.02,32.06,63.81,10.3,5.1,69.31,70.84,57.49,67.42,72.11,24.17,9.85,80.99,43.0,0.0,83.24,58.82,18.44,69.64,52.35,11.7,74.97,49.09,27.89,51.35
58,50.22,17.0,64.0,28.84,4.12,34.89,41.18,87.64,91.55,64.85,62.43,47.76,25.71,43.74,25.63,49.65,92.85,24.02,22.14,76.06,32.28,21.93,63.53,4.12,29.15,87.46,38.48,78.16,36.4,32.98,56.72,68.15,62.63,70.26,72.11,72.92,104.0,64.94,44.38,65.03,90.34,36.06,34.54,62.37,103.97,41.44,89.16,81.86,26.93,63.29,36.22,37.16,44.01,71.42,91.27,68.07,73.06,83.24,0.0,39.81,101.36,65.49,37.05,71.69,28.02,46.01,94.05,50.99
59,21.47,31.78,26.25,28.3,40.2,25.3,12.37,55.8,73.82,37.2,43.32,10.0,14.14,16.49,57.69,11.31,81.04,43.08,43.19,77.32,8.06,33.94,64.63,40.2,12.37,58.69,24.33,41.11,31.62,61.72,80.0,41.62,69.38,72.69,90.82,58.94,87.24,25.18,25.08,81.84,63.78,6.4,65.6,49.65,87.73,6.0,60.81,55.44,14.14,78.29,5.0,8.6,64.4,59.23,68.51,86.83,34.37,58.82,39.81,0.0,76.84,79.31,10.2,49.65,53.81,9.9,79.71,56.61
60,55.9,103.59,56.86,72.56,104.31,66.57,88.23,27.17,18.38,39.7,38.95,79.92,84.9,62.23,100.0,78.89,31.62,116.28,85.8,57.57,82.81,80.5,57.14,104.31,87.0,19.92,63.25,47.85,65.3,97.08,96.08,35.38,66.37,59.23,93.17,33.14,21.95,67.07,57.8,85.99,13.42,83.1,101.98,41.48,23.32,81.61,17.72,21.4,87.68,81.74,75.74,85.43,86.37,36.06,10.44,91.41,56.75,18.44,101.36,76.84,0.0,80.06,70.71,29.68,91.21,67.01,25.81,65.28
61,67.8,80.0,85.8,51.55,69.58,54.13,89.49,85.88,62.29,68.25,55.22,89.05,73.01,66.89,44.38,89.9,53.24,89.45,44.01,24.33,77.49,49.5,23.77,69.58,78.34,79.71,55.95,92.2,47.85,36.67,19.24,67.42,14.32,21.02,13.89,48.7,68.26,94.4,58.25,6.0,77.16,81.27,39.12,45.79,67.36,84.86,79.85,72.5,76.9,2.83,74.46,84.12,22.14,45.54,70.83,11.4,94.07,69.64,65.49,79.31,80.06,0.0,69.35,61.29,38.08,76.16,58.03,23.6
62,15.0,33.62,27.07,19.1,38.47,15.23,22.02,52.33,65.86,31.24,34.89,19.7,14.42,8.49,50.99,20.59,72.11,46.04,35.51,67.19,12.53,26.08,54.45,38.47,16.4,53.82,14.14,41.11,21.54,54.08,70.94,35.38,59.2,62.51,81.12,49.98,79.26,29.97,15.52,72.07,58.14,14.32,58.31,40.26,79.65,16.12,55.8,49.58,16.97,68.43,6.08,17.26,55.32,50.0,61.72,77.18,36.35,52.35,37.05,10.2,70.71,69.35,0.0,42.2,46.04,9.49,71.18,46.49
63,28.18,74.28,36.06,42.94,74.63,36.89,61.74,24.6,24.35,14.04,9.49,54.71,55.97,33.84,72.01,54.12,34.01,87.0,57.01,44.6,54.64,51.08,37.74,74.63,58.6,19.24,33.6,34.89,35.85,70.11,73.76,10.05,47.01,43.28,75.18,15.26,37.7,47.04,28.32,66.64,19.42,55.57,75.11,15.81,38.28,55.04,20.02,12.04,59.03,62.17,47.71,58.18,61.52,17.8,19.85,72.45,40.52,11.7,71.69,49.65,29.68,61.29,42.2,0.0,63.51,40.31,31.26,41.23
64,52.81,43.93,70.77,27.73,32.0,34.18,60.61,85.05,77.47,62.29,54.23,63.66,42.8,48.33,8.94,65.12,74.89,52.0,10.63,52.63,48.92,20.0,41.77,32.0,48.01,82.15,37.95,82.28,30.59,8.06,29.12,64.03,38.01,46.86,44.1,58.87,88.19,75.8,43.42,37.12,82.87,53.15,12.65,49.73,87.82,58.0,83.29,75.33,46.04,35.69,48.92,55.44,16.12,56.46,80.78,40.05,80.23,74.97,28.02,53.81,91.21,38.08,46.04,63.51,0.0,55.23,77.52,29.21
65,12.37,40.5,18.03,27.8,47.1,22.67,21.47,46.04,64.62,27.46,34.71,15.03,21.59,9.49,60.42,15.03,72.57,52.33,44.78,71.39,17.0,35.36,59.2,47.1,21.47,48.8,20.25,32.56,28.6,63.29,79.21,31.91,65.0,67.19,88.48,50.64,78.0,20.59,18.68,79.32,53.91,16.28,67.6,42.01,78.55,14.76,50.91,45.61,22.85,75.47,10.44,18.44,63.64,51.24,58.83,84.63,27.07,49.09,46.01,9.9,67.01,76.16,9.49,40.31,55.23,0.0,70.88,52.77
66,58.52,100.44,67.03,66.07,97.62,61.85,92.03,45.69,8.94,45.28,36.4,85.62,83.73,63.32,86.45,85.15,5.83,113.0,74.81,34.06,83.67,72.12,37.64,97.62,87.21,37.16,59.68,63.15,58.26,81.86,75.8,41.11,45.71,37.12,70.18,21.63,10.77,78.03,55.9,64.03,30.89,85.23,86.41,32.2,10.3,85.38,35.78,32.98,87.24,60.13,77.08,88.02,68.95,22.67,21.1,69.01,70.35,27.89,94.05,79.71,25.81,58.03,71.18,31.26,77.52,70.88,0.0,48.75
67,44.2,62.59,62.29,30.07,55.04,31.32,67.47,65.46,49.73,45.79,33.62,66.13,52.09,43.42,38.01,66.85,45.79,73.68,29.15,25.08,55.73,30.81,12.81,55.04,57.22,60.42,32.7,69.4,25.0,33.11,32.57,45.62,13.04,19.31,36.77,32.14,59.51,70.8,34.67,27.59,59.3,59.23,37.7,25.5,59.03,62.36,61.0,53.15,56.08,23.35,51.92,62.17,21.1,29.27,55.08,33.3,70.72,51.35,50.99,56.61,65.28,23.6,46.49,41.23,29.21,52.77,48.75,0.0
