set K:= 1	2	3	4	5	6	7;
set C_H:= 1	2	3	4	5	6	7	8	9	10	11	12	13	14	15	16	17	18	19;
set C_S:= 20	21	22	23	24	25	26	27	28	29	30	31	32	33	34	35	36;
set C_F:= 37	38	39	40	41	42	43	44	45	46	47	48	49	50	51	52	53;
set M:= 54	55;
set M_B:= 56	57;
set L_B:= 58	59	60	61	62	63	64;
set A1:=
(0,*) 1 2 3 4 5 6 7 8 9 10 11 12 13 14 15 16 17 18 19 37 38 39 40 41 42 43 44 45 46 47 48 49 50 51 52 53 54 55 56 57 58 59 60 61 62 63 64
(1,*) 0 2 3 4 5 6 7 8 9 10 11 12 13 14 15 16 17 18 19 37 38 39 40 41 42 43 44 45 46 47 48 49 50 51 52 53 54 55 56 57 58 59 60 61 62 63 64
(2,*) 0 1 3 4 5 6 7 8 9 10 11 12 13 14 15 16 17 18 19 37 38 39 40 41 42 43 44 45 46 47 48 49 50 51 52 53 54 55 56 57 58 59 60 61 62 63 64
(3,*) 0 1 2 4 5 6 7 8 9 10 11 12 13 14 15 16 17 18 19 37 38 39 40 41 42 43 44 45 46 47 48 49 50 51 52 53 54 55 56 57 58 59 60 61 62 63 64
(4,*) 0 1 2 3 5 6 7 8 9 10 11 12 13 14 15 16 17 18 19 37 38 39 40 41 42 43 44 45 46 47 48 49 50 51 52 53 54 55 56 57 58 59 60 61 62 63 64
(5,*) 0 1 2 3 4 6 7 8 9 10 11 12 13 14 15 16 17 18 19 37 38 39 40 41 42 43 44 45 46 47 48 49 50 51 52 53 54 55 56 57 58 59 60 61 62 63 64
(6,*) 0 1 2 3 4 5 7 8 9 10 11 12 13 14 15 16 17 18 19 37 38 39 40 41 42 43 44 45 46 47 48 49 50 51 52 53 54 55 56 57 58 59 60 61 62 63 64
(7,*) 0 1 2 3 4 5 6 8 9 10 11 12 13 14 15 16 17 18 19 37 38 39 40 41 42 43 44 45 46 47 48 49 50 51 52 53 54 55 56 57 58 59 60 61 62 63 64
(8,*) 0 1 2 3 4 5 6 7 9 10 11 12 13 14 15 16 17 18 19 37 38 39 40 41 42 43 44 45 46 47 48 49 50 51 52 53 54 55 56 57 58 59 60 61 62 63 64
(9,*) 0 1 2 3 4 5 6 7 8 10 11 12 13 14 15 16 17 18 19 37 38 39 40 41 42 43 44 45 46 47 48 49 50 51 52 53 54 55 56 57 58 59 60 61 62 63 64
(10,*) 0 1 2 3 4 5 6 7 8 9 11 12 13 14 15 16 17 18 19 37 38 39 40 41 42 43 44 45 46 47 48 49 50 51 52 53 54 55 56 57 58 59 60 61 62 63 64
(11,*) 0 1 2 3 4 5 6 7 8 9 10 12 13 14 15 16 17 18 19 37 38 39 40 41 42 43 44 45 46 47 48 49 50 51 52 53 54 55 56 57 58 59 60 61 62 63 64
(12,*) 0 1 2 3 4 5 6 7 8 9 10 11 13 14 15 16 17 18 19 37 38 39 40 41 42 43 44 45 46 47 48 49 50 51 52 53 54 55 56 57 58 59 60 61 62 63 64
(13,*) 0 1 2 3 4 5 6 7 8 9 10 11 12 14 15 16 17 18 19 37 38 39 40 41 42 43 44 45 46 47 48 49 50 51 52 53 54 55 56 57 58 59 60 61 62 63 64
(14,*) 0 1 2 3 4 5 6 7 8 9 10 11 12 13 15 16 17 18 19 37 38 39 40 41 42 43 44 45 46 47 48 49 50 51 52 53 54 55 56 57 58 59 60 61 62 63 64
(15,*) 0 1 2 3 4 5 6 7 8 9 10 11 12 13 14 16 17 18 19 37 38 39 40 41 42 43 44 45 46 47 48 49 50 51 52 53 54 55 56 57 58 59 60 61 62 63 64
(16,*) 0 1 2 3 4 5 6 7 8 9 10 11 12 13 14 15 17 18 19 37 38 39 40 41 42 43 44 45 46 47 48 49 50 51 52 53 54 55 56 57 58 59 60 61 62 63 64
(17,*) 0 1 2 3 4 5 6 7 8 9 10 11 12 13 14 15 16 18 19 37 38 39 40 41 42 43 44 45 46 47 48 49 50 51 52 53 54 55 56 57 58 59 60 61 62 63 64
(18,*) 0 1 2 3 4 5 6 7 8 9 10 11 12 13 14 15 16 17 19 37 38 39 40 41 42 43 44 45 46 47 48 49 50 51 52 53 54 55 56 57 58 59 60 61 62 63 64
(19,*) 0 1 2 3 4 5 6 7 8 9 10 11 12 13 14 15 16 17 18 37 38 39 40 41 42 43 44 45 46 47 48 49 50 51 52 53 54 55 56 57 58 59 60 61 62 63 64
(37,*) 0 1 2 3 4 5 6 7 8 9 10 11 12 13 14 15 16 17 18 19 38 39 40 41 42 43 44 45 46 47 48 49 50 51 52 53 54 55 56 57 58 59 60 61 62 63 64
(38,*) 0 1 2 3 4 5 6 7 8 9 10 11 12 13 14 15 16 17 18 19 37 39 40 41 42 43 44 45 46 47 48 49 50 51 52 53 54 55 56 57 58 59 60 61 62 63 64
(39,*) 0 1 2 3 4 5 6 7 8 9 10 11 12 13 14 15 16 17 18 19 37 38 40 41 42 43 44 45 46 47 48 49 50 51 52 53 54 55 56 57 58 59 60 61 62 63 64
(40,*) 0 1 2 3 4 5 6 7 8 9 10 11 12 13 14 15 16 17 18 19 37 38 39 41 42 43 44 45 46 47 48 49 50 51 52 53 54 55 56 57 58 59 60 61 62 63 64
(41,*) 0 1 2 3 4 5 6 7 8 9 10 11 12 13 14 15 16 17 18 19 37 38 39 40 42 43 44 45 46 47 48 49 50 51 52 53 54 55 56 57 58 59 60 61 62 63 64
(42,*) 0 1 2 3 4 5 6 7 8 9 10 11 12 13 14 15 16 17 18 19 37 38 39 40 41 43 44 45 46 47 48 49 50 51 52 53 54 55 56 57 58 59 60 61 62 63 64
(43,*) 0 1 2 3 4 5 6 7 8 9 10 11 12 13 14 15 16 17 18 19 37 38 39 40 41 42 44 45 46 47 48 49 50 51 52 53 54 55 56 57 58 59 60 61 62 63 64
(44,*) 0 1 2 3 4 5 6 7 8 9 10 11 12 13 14 15 16 17 18 19 37 38 39 40 41 42 43 45 46 47 48 49 50 51 52 53 54 55 56 57 58 59 60 61 62 63 64
(45,*) 0 1 2 3 4 5 6 7 8 9 10 11 12 13 14 15 16 17 18 19 37 38 39 40 41 42 43 44 46 47 48 49 50 51 52 53 54 55 56 57 58 59 60 61 62 63 64
(46,*) 0 1 2 3 4 5 6 7 8 9 10 11 12 13 14 15 16 17 18 19 37 38 39 40 41 42 43 44 45 47 48 49 50 51 52 53 54 55 56 57 58 59 60 61 62 63 64
(47,*) 0 1 2 3 4 5 6 7 8 9 10 11 12 13 14 15 16 17 18 19 37 38 39 40 41 42 43 44 45 46 48 49 50 51 52 53 54 55 56 57 58 59 60 61 62 63 64
(48,*) 0 1 2 3 4 5 6 7 8 9 10 11 12 13 14 15 16 17 18 19 37 38 39 40 41 42 43 44 45 46 47 49 50 51 52 53 54 55 56 57 58 59 60 61 62 63 64
(49,*) 0 1 2 3 4 5 6 7 8 9 10 11 12 13 14 15 16 17 18 19 37 38 39 40 41 42 43 44 45 46 47 48 50 51 52 53 54 55 56 57 58 59 60 61 62 63 64
(50,*) 0 1 2 3 4 5 6 7 8 9 10 11 12 13 14 15 16 17 18 19 37 38 39 40 41 42 43 44 45 46 47 48 49 51 52 53 54 55 56 57 58 59 60 61 62 63 64
(51,*) 0 1 2 3 4 5 6 7 8 9 10 11 12 13 14 15 16 17 18 19 37 38 39 40 41 42 43 44 45 46 47 48 49 50 52 53 54 55 56 57 58 59 60 61 62 63 64
(52,*) 0 1 2 3 4 5 6 7 8 9 10 11 12 13 14 15 16 17 18 19 37 38 39 40 41 42 43 44 45 46 47 48 49 50 51 53 54 55 56 57 58 59 60 61 62 63 64
(53,*) 0 1 2 3 4 5 6 7 8 9 10 11 12 13 14 15 16 17 18 19 37 38 39 40 41 42 43 44 45 46 47 48 49 50 51 52 54 55 56 57 58 59 60 61 62 63 64
(54,*) 0 1 2 3 4 5 6 7 8 9 10 11 12 13 14 15 16 17 18 19 37 38 39 40 41 42 43 44 45 46 47 48 49 50 51 52 53 55 56 57 58 59 60 61 62 63 64
(55,*) 0 1 2 3 4 5 6 7 8 9 10 11 12 13 14 15 16 17 18 19 37 38 39 40 41 42 43 44 45 46 47 48 49 50 51 52 53 54 56 57 58 59 60 61 62 63 64
(56,*) 0 1 2 3 4 5 6 7 8 9 10 11 12 13 14 15 16 17 18 19 37 38 39 40 41 42 43 44 45 46 47 48 49 50 51 52 53 54 55 57 58 59 60 61 62 63 64
(57,*) 0 1 2 3 4 5 6 7 8 9 10 11 12 13 14 15 16 17 18 19 37 38 39 40 41 42 43 44 45 46 47 48 49 50 51 52 53 54 55 56 58 59 60 61 62 63 64
(58,*) 0 1 2 3 4 5 6 7 8 9 10 11 12 13 14 15 16 17 18 19 37 38 39 40 41 42 43 44 45 46 47 48 49 50 51 52 53 54 55 56 57 59 60 61 62 63 64
(59,*) 0 1 2 3 4 5 6 7 8 9 10 11 12 13 14 15 16 17 18 19 37 38 39 40 41 42 43 44 45 46 47 48 49 50 51 52 53 54 55 56 57 58 60 61 62 63 64
(60,*) 0 1 2 3 4 5 6 7 8 9 10 11 12 13 14 15 16 17 18 19 37 38 39 40 41 42 43 44 45 46 47 48 49 50 51 52 53 54 55 56 57 58 59 61 62 63 64
(61,*) 0 1 2 3 4 5 6 7 8 9 10 11 12 13 14 15 16 17 18 19 37 38 39 40 41 42 43 44 45 46 47 48 49 50 51 52 53 54 55 56 57 58 59 60 62 63 64
(62,*) 0 1 2 3 4 5 6 7 8 9 10 11 12 13 14 15 16 17 18 19 37 38 39 40 41 42 43 44 45 46 47 48 49 50 51 52 53 54 55 56 57 58 59 60 61 63 64
(63,*) 0 1 2 3 4 5 6 7 8 9 10 11 12 13 14 15 16 17 18 19 37 38 39 40 41 42 43 44 45 46 47 48 49 50 51 52 53 54 55 56 57 58 59 60 61 62 64
(64,*) 0 1 2 3 4 5 6 7 8 9 10 11 12 13 14 15 16 17 18 19 37 38 39 40 41 42 43 44 45 46 47 48 49 50 51 52 53 54 55 56 57 58 59 60 61 62 63
;
set A2:=
(54,*) 55
(55,*) 54
;
param BigM:=99999;
param n:= 7;
param d:=
1	9
2	15
3	17
4	2
5	19
6	10
7	17
8	16
9	23
10	4
11	23
12	15
13	9
14	16
15	8
16	9
17	6
18	22
19	5
20	20
21	8
22	12
23	3
24	2
25	23
26	13
27	2
28	2
29	2
30	4
31	18
32	3
33	4
34	18
35	9
36	36
37	24
38	23
39	20
40	2
41	19
42	5
43	12
44	18
45	7
46	6
47	13
48	19
49	14
50	19
51	21
52	13
53	10
;
param Q:=100;
param w:=
[54,*] 55 0.1
[55,*] 54 0.1
;
param V:=
[54,*] 55 89
[55,*] 54 89
;
param e:
	54	55	56	57	58	59	60	61	62	63	64:=
20		1		0		1		0		0		0		0		0		0		1		0	
21		1		0		1		0		0		0		0		1		0		0		0	
22		0		1		0		1		0		1		0		0		0		0		0	
23		1		0		1		0		0		0		0		1		0		0		0	
24		0		1		0		1		0		0		0		0		0		0		1	
25		1		0		1		0		0		0		1		0		0		0		0	
26		0		1		0		1		0		0		0		1		0		0		0	
27		0		1		0		1		0		0		0		1		0		0		0	
28		0		1		0		1		0		0		0		0		0		1		0	
29		0		1		0		1		0		0		0		0		1		0		0	
30		1		0		1		0		0		0		1		0		0		0		1	
31		1		0		1		0		0		0		0		0		1		0		0	
32		0		1		0		1		0		0		0		0		1		0		0	
33		1		0		1		0		0		0		0		0		1		0		0	
34		1		0		1		0		0		0		1		0		0		0		0	
35		0		1		0		1		0		0		1		0		0		0		0	
36		1		0		1		0		0		1		0		0		0		0		0	
37		1		0		1		0		1		0		1		0		1		0		1	
38		0		1		0		1		0		0		0		0		0		0		1	
39		1		1		1		1		1		0		0		0		1		0		1	
40		0		1		0		1		1		0		0		0		0		0		0	
41		1		0		1		0		0		0		0		0		0		1		0	
42		0		1		0		1		1		0		0		0		0		0		1	
43		0		1		0		1		0		1		0		0		0		1		0	
44		0		1		0		1		0		0		0		0		0		1		0	
45		0		1		0		1		0		0		0		0		0		1		0	
46		1		0		1		0		0		0		0		1		0		0		0	
47		0		1		0		1		0		1		0		0		0		1		0	
48		1		0		1		0		0		0		0		0		0		0		1	
49		0		1		0		1		0		1		0		0		0		1		0	
50		0		1		0		1		1		0		0		0		0		0		0	
51		1		0		1		0		0		1		0		0		0		0		0	
52		1		0		1		0		0		0		0		0		1		0		0	
53		1		0		1		0		1		0		1		0		1		0		1	
;
param p:=
1	3
2	3
3	3
4	3
5	3
6	3
7	3
;
param G:=
54	89
55	88
56	89
57	88
58	73
59	70
60	73
61	89
62	73
63	86
64	96
;
param s:=
0	0
1	10
2	10
3	10
4	10
5	10
6	10
7	10
8	10
9	10
10	10
11	10
12	10
13	10
14	10
15	10
16	10
17	10
18	10
19	10
37	10
38	10
39	10
40	10
41	10
42	10
43	10
44	10
45	10
46	10
47	10
48	10
49	10
50	10
51	10
52	10
53	10
54	10
55	10
56	10
57	10
58	10
59	10
60	10
61	10
62	10
63	10
64	10
;
param t:
	0	1	2	3	4	5	6	7	8	9	10	11	12	13	14	15	16	17	18	19	20	21	22	23	24	25	26	27	28	29	30	31	32	33	34	35	36	37	38	39	40	41	42	43	44	45	46	47	48	49	50	51	52	53	54	55	56	57	58	59	60	61	62	63	64:=
0	0.0	68.12	88.81	10.0	27.86	36.06	31.62	88.59	38.83	62.48	33.53	93.15	54.04	67.05	34.0	86.58	37.2	51.88	60.53	62.61	82.39	63.15	71.22	58.24	25.61	89.82	64.4	37.74	31.05	29.12	51.61	70.11	48.08	68.35	39.45	11.66	80.62	53.67	19.7	60.17	28.07	87.66	24.41	71.02	22.36	12.17	96.66	80.0	95.41	62.77	6.0	78.03	98.41	35.38	83.1	37.36	83.1	37.36	44.18	65.19	56.73	49.09	52.92	65.12	37.66
1	68.12	0.0	48.17	69.43	81.63	36.72	77.82	26.08	53.85	5.66	57.58	77.9	50.99	65.12	63.91	63.81	79.85	28.07	46.82	26.83	60.03	33.53	4.0	28.28	68.0	44.41	6.0	31.24	46.17	57.27	74.67	51.26	38.05	69.05	84.31	57.2	44.05	68.12	49.52	60.3	87.66	26.31	66.24	21.26	76.55	62.77	36.22	12.65	29.12	22.36	63.66	49.4	30.53	72.8	57.14	42.76	57.14	42.76	48.66	10.3	88.28	20.25	64.07	4.0	53.16
2	88.81	48.17	0.0	84.4	86.76	54.0	79.65	31.62	53.85	48.83	60.17	36.06	95.71	40.0	64.4	22.09	78.23	72.47	93.3	74.4	20.88	26.0	45.25	32.25	73.54	6.0	44.41	56.57	82.0	63.25	62.29	24.08	81.44	43.27	82.1	82.02	8.25	53.81	70.11	41.04	94.85	29.73	72.8	69.31	84.31	90.0	28.0	43.27	40.79	70.0	82.87	14.14	49.03	71.69	16.76	81.61	16.76	81.61	46.82	58.26	75.01	49.34	50.45	51.22	54.42
3	10.0	69.43	84.4	0.0	18.44	34.41	21.63	87.66	32.0	63.78	26.08	85.51	62.13	59.23	25.3	80.02	27.2	56.92	68.03	67.68	76.0	59.46	72.14	55.46	16.12	86.02	65.05	38.21	38.05	22.0	42.19	64.12	54.59	60.17	29.53	18.0	76.16	44.94	20.0	52.61	20.4	86.53	15.23	75.15	12.65	21.54	95.02	80.62	95.27	67.23	8.0	72.69	99.04	25.61	77.1	44.18	77.1	44.18	38.21	67.96	46.75	49.5	44.64	66.84	31.02
4	27.86	81.63	86.76	18.44	0.0	44.94	8.0	96.17	33.29	76.16	27.2	80.02	80.4	54.33	22.36	77.67	12.65	73.35	86.02	83.95	74.22	64.4	83.76	62.29	14.14	89.55	76.55	50.99	56.04	25.46	32.25	63.91	72.11	54.04	12.81	36.22	78.71	38.05	34.93	49.03	8.25	94.76	15.62	90.44	6.0	39.85	102.18	91.61	104.8	82.97	26.31	73.54	109.64	16.12	76.24	62.0	76.24	62.0	40.5	81.94	31.91	61.4	39.46	79.65	33.02
5	36.06	36.72	54.0	34.41	44.94	0.0	41.23	53.25	20.4	31.3	22.09	66.57	52.8	43.86	28.28	56.46	43.68	35.44	54.59	44.41	52.0	28.0	38.83	22.36	31.3	54.33	31.62	8.25	31.62	20.88	42.76	39.4	39.45	46.86	48.08	28.07	46.04	38.63	16.49	36.88	51.22	52.15	29.53	48.17	40.0	36.0	60.83	46.86	60.96	42.05	30.46	45.12	65.12	36.88	51.55	33.94	51.55	33.94	18.87	38.08	55.08	16.55	35.34	34.93	19.24
6	31.62	77.82	79.65	21.63	8.0	41.23	0.0	90.69	26.91	72.5	21.26	72.03	81.58	46.39	15.62	69.86	5.66	72.25	86.58	82.61	66.48	58.14	79.65	56.64	10.2	82.68	72.47	48.08	56.89	20.59	24.33	56.46	72.11	46.04	8.25	37.95	71.69	30.07	34.0	41.23	16.12	89.2	12.17	88.29	10.0	42.94	96.21	87.13	99.64	81.22	28.64	66.21	104.86	8.25	68.62	62.51	68.62	62.51	34.06	79.06	25.5	57.78	31.58	76.16	26.87
7	88.59	26.08	31.62	87.66	96.17	53.25	90.69	0.0	64.03	30.07	69.43	67.08	76.94	63.56	75.29	52.61	91.21	54.15	72.28	51.92	50.16	34.0	22.09	34.06	82.02	26.0	26.31	50.99	71.02	70.71	80.5	46.69	64.12	67.47	95.6	78.79	32.06	72.5	68.96	61.35	103.32	2.0	80.62	43.86	92.02	85.44	10.2	15.23	10.2	47.54	83.35	40.0	18.0	84.02	46.27	68.26	46.27	68.26	57.2	35.69	94.37	39.92	68.45	30.07	63.89
8	38.83	53.85	53.85	32.0	33.29	20.4	26.91	64.03	0.0	49.03	6.32	54.41	71.69	28.64	11.31	48.04	27.2	55.79	74.32	64.78	44.0	31.24	55.03	30.0	19.7	56.36	48.08	28.64	48.41	10.0	22.36	32.25	59.09	30.53	31.62	36.72	45.69	18.87	25.61	21.54	41.18	62.48	18.97	68.0	30.46	44.72	69.31	61.74	73.24	62.29	32.98	41.23	78.89	20.0	45.18	52.15	45.18	52.15	7.21	57.22	35.01	35.13	16.28	52.95	1.41
9	62.48	5.66	48.83	63.78	76.16	31.3	72.5	30.07	49.03	0.0	52.5	76.55	48.08	62.1	58.82	62.8	74.67	24.74	44.72	25.61	58.82	31.3	8.94	25.3	62.61	45.65	4.47	25.61	41.23	52.0	70.26	49.19	34.53	65.97	79.12	51.61	43.86	64.0	43.86	56.89	82.1	30.0	60.83	22.36	71.02	57.31	40.0	17.89	34.18	21.26	58.0	48.41	36.06	67.68	56.22	38.21	56.22	38.21	44.18	10.3	83.73	14.76	60.01	4.0	48.27
10	33.53	57.58	60.17	26.08	27.2	22.09	21.26	69.43	6.32	52.5	0.0	59.67	70.68	33.53	6.32	54.0	22.36	56.57	74.0	66.12	50.04	37.2	59.09	35.38	13.42	62.61	52.0	30.0	46.65	4.47	22.36	38.47	58.82	34.93	26.83	32.8	52.0	21.26	22.8	26.68	34.99	67.94	12.65	70.26	24.17	40.5	75.07	66.24	78.41	64.0	27.86	47.54	83.76	15.23	51.35	50.99	51.35	50.99	13.42	60.02	33.38	38.08	19.72	56.32	5.83
11	93.15	77.9	36.06	85.51	80.02	66.57	72.03	67.08	54.41	76.55	59.67	0.0	117.59	26.31	60.53	14.56	68.26	96.21	117.39	101.21	17.89	45.61	76.03	52.5	70.46	42.05	72.72	72.8	98.18	64.03	48.37	28.28	103.32	26.0	70.71	90.62	35.44	42.0	78.79	32.98	88.09	65.12	70.71	98.79	80.1	98.79	64.03	76.55	76.66	97.2	87.36	28.64	84.85	64.0	21.19	100.0	21.19	100.0	50.16	86.82	56.3	70.72	41.19	79.92	55.66
12	54.04	50.99	95.71	62.13	80.4	52.8	81.58	76.94	71.69	48.08	70.68	117.59	0.0	96.54	75.39	105.6	86.35	23.41	8.49	26.08	101.21	73.24	54.92	66.03	72.28	93.23	52.5	45.34	24.74	67.23	93.04	89.38	14.42	99.64	89.82	44.18	89.55	90.55	48.7	89.64	82.0	77.28	70.34	36.5	74.43	42.19	87.13	62.29	78.03	30.0	54.15	92.09	76.24	81.61	99.62	19.7	99.62	19.7	71.61	41.3	103.12	47.43	87.66	47.07	70.33
13	67.05	65.12	40.0	59.23	54.33	43.86	46.39	63.56	28.64	62.1	33.53	26.31	96.54	0.0	34.23	24.17	43.17	77.18	97.65	84.1	21.63	32.06	64.5	36.88	44.18	44.94	59.23	51.22	75.07	37.95	24.17	17.09	82.8	4.0	46.17	65.3	34.0	16.49	53.85	7.21	62.51	61.61	44.41	84.12	54.0	73.35	64.62	68.0	73.76	80.62	61.35	26.08	81.22	38.21	24.84	77.79	24.84	77.79	25.61	72.12	35.47	52.33	15.0	65.97	29.97
14	34.0	63.91	64.4	25.3	22.36	28.28	15.62	75.29	11.31	58.82	6.32	60.53	75.39	34.23	0.0	56.32	16.12	62.29	79.12	72.03	52.61	42.52	65.39	41.23	10.0	67.23	58.31	36.06	50.99	8.25	18.44	41.76	64.03	34.93	20.59	35.38	56.36	19.7	26.83	28.0	30.46	73.76	10.2	76.42	20.4	42.52	80.62	72.47	84.4	70.03	28.84	51.26	89.89	8.94	54.34	55.71	54.34	55.71	18.44	66.29	27.89	44.38	19.42	62.64	11.4
15	86.58	63.81	22.09	80.02	77.67	56.46	69.86	52.61	48.04	62.8	54.0	14.56	105.6	24.17	56.32	0.0	67.05	83.55	104.8	87.86	4.47	32.56	61.77	39.7	66.27	28.07	58.82	61.77	87.66	58.03	48.33	17.09	91.21	26.08	70.23	82.46	20.88	40.5	70.34	28.64	85.91	50.64	66.12	84.88	76.66	90.71	50.04	62.03	62.29	83.74	80.62	14.42	70.46	61.61	6.71	88.84	6.71	88.84	42.43	73.01	59.08	58.26	38.33	66.03	49.09
16	37.2	79.85	78.23	27.2	12.65	43.68	5.66	91.21	27.2	74.67	22.36	68.26	86.35	43.17	16.12	67.05	0.0	76.03	91.08	86.21	63.91	58.0	81.44	57.2	14.14	81.61	74.32	50.99	61.61	22.8	20.0	54.59	76.42	42.43	4.47	43.08	70.46	26.68	38.21	38.63	20.1	89.64	16.12	91.41	15.62	48.37	96.21	88.59	100.44	84.59	34.0	64.5	106.0	7.21	66.31	67.08	66.31	67.08	34.06	81.74	19.85	60.08	28.79	78.43	27.46
17	51.88	28.07	72.47	56.92	73.35	35.44	72.25	54.15	55.79	24.74	56.57	96.21	23.41	77.18	62.29	83.55	76.03	0.0	21.26	10.77	79.25	50.99	32.06	43.86	62.13	69.86	29.12	27.2	22.63	54.15	78.1	67.94	10.0	80.62	80.1	40.25	66.57	74.0	38.47	70.71	77.2	54.33	60.13	19.8	67.47	42.8	64.28	40.05	56.32	11.31	49.4	69.66	55.79	70.03	77.34	17.2	77.34	17.2	53.85	19.24	89.94	25.5	70.58	24.08	54.57
18	60.53	46.82	93.3	68.03	86.02	54.59	86.58	72.28	74.32	44.72	74.0	117.39	8.49	97.65	79.12	104.8	91.08	21.26	0.0	20.4	100.5	72.25	50.6	65.12	76.94	90.35	49.19	46.65	30.0	70.88	96.21	89.11	15.23	100.96	94.76	50.04	87.66	93.04	52.95	90.97	88.2	72.8	74.97	30.0	80.02	49.03	82.46	57.27	72.44	24.74	60.03	90.91	70.0	85.91	98.6	24.08	98.6	24.08	73.43	36.69	107.0	46.67	89.89	43.08	73.01
19	62.61	26.83	74.4	67.68	83.95	44.41	82.61	51.92	64.78	25.61	66.12	101.21	26.08	84.1	72.03	87.86	86.21	10.77	20.4	0.0	83.74	55.61	30.46	48.83	72.44	71.02	30.0	36.22	32.8	64.0	87.13	73.24	17.2	87.73	90.35	50.99	69.43	82.46	49.03	78.0	87.93	52.5	70.46	10.77	78.1	53.25	62.1	36.88	52.15	4.47	60.17	73.59	50.16	80.02	81.39	26.91	81.39	26.91	62.1	16.55	99.41	31.78	78.85	23.32	63.64
20	82.39	60.03	20.88	76.0	74.22	52.0	66.48	50.16	44.0	58.82	50.04	17.89	101.21	21.63	52.61	4.47	63.91	79.25	100.5	83.74	0.0	28.28	58.14	35.38	62.51	26.68	54.92	57.31	83.19	54.0	45.65	12.65	86.83	24.08	67.23	78.1	18.11	37.58	65.97	25.3	82.46	48.17	62.29	80.99	72.99	86.35	48.37	58.82	60.03	79.65	76.42	10.77	68.12	58.24	4.12	84.38	4.12	84.38	38.21	69.07	57.01	53.91	35.11	62.13	45.01
21	63.15	33.53	26.0	59.46	64.4	28.0	58.14	34.0	31.24	31.3	37.2	45.61	73.24	32.06	42.52	32.56	58.0	50.99	72.25	55.61	28.28	0.0	32.56	7.21	50.48	26.68	27.86	31.05	56.92	39.45	46.52	17.89	58.82	36.06	62.29	56.04	18.11	38.63	44.18	28.28	72.11	32.25	49.4	53.67	61.06	64.0	38.21	36.06	43.86	51.61	57.27	18.87	50.6	50.91	26.4	57.27	26.4	57.27	24.08	41.59	60.42	25.81	34.54	34.93	31.4
22	71.22	4.0	45.25	72.14	83.76	38.83	79.65	22.09	55.03	8.94	59.09	76.03	54.92	64.5	65.39	61.77	81.44	32.06	50.6	30.46	58.14	32.56	0.0	28.0	69.97	41.23	7.21	33.94	50.0	59.06	75.31	50.0	42.05	68.47	85.91	60.46	41.62	68.47	52.35	60.03	90.0	22.36	68.26	24.08	78.82	66.24	32.25	8.94	25.3	26.0	66.6	47.41	27.2	74.32	55.07	46.69	55.07	46.69	49.48	13.93	89.05	22.67	64.38	8.0	54.42
23	58.24	28.28	32.25	55.46	62.29	22.36	56.64	34.06	30.0	25.3	35.38	52.5	66.03	36.88	41.23	39.7	57.2	43.86	65.12	48.83	35.38	7.21	28.0	0.0	48.17	32.06	22.36	24.33	50.0	36.88	48.08	24.41	51.61	40.79	61.61	50.36	24.74	40.79	38.83	32.06	69.66	32.56	46.86	47.54	58.41	58.14	40.0	32.98	43.27	44.94	52.5	26.08	49.19	50.0	33.6	50.16	33.6	50.16	23.32	35.47	61.98	18.6	36.67	29.12	29.83
24	25.61	68.0	73.54	16.12	14.14	31.3	10.2	82.02	19.7	62.61	13.42	70.46	72.28	44.18	10.0	66.27	14.14	62.13	76.94	72.44	62.51	50.48	69.97	48.17	0.0	76.03	62.77	37.95	47.54	11.31	26.08	51.42	62.29	44.72	18.0	29.53	65.39	29.12	24.08	38.0	21.63	80.62	2.0	78.1	10.77	35.61	88.09	77.67	90.69	71.02	21.26	60.73	95.6	10.0	64.13	52.95	64.13	52.95	26.83	68.95	31.91	47.85	29.27	66.21	19.24
25	89.82	44.41	6.0	86.02	89.55	54.33	82.68	26.0	56.36	45.65	62.61	42.05	93.23	44.94	67.23	28.07	81.61	69.86	90.35	71.02	26.68	26.68	41.23	32.06	76.03	0.0	41.18	56.04	80.89	65.39	66.48	28.43	79.12	48.37	85.6	82.39	11.31	58.0	70.71	45.34	97.53	24.17	75.15	65.3	86.76	90.2	22.0	38.42	34.93	66.57	83.95	18.87	43.17	74.89	22.56	80.05	22.56	80.05	49.19	54.64	79.51	47.85	54.45	47.71	56.8
26	64.4	6.0	44.41	65.05	76.55	31.62	72.47	26.31	48.08	4.47	52.0	72.72	52.5	59.23	58.31	58.82	74.32	29.12	49.19	30.0	54.92	27.86	7.21	22.36	62.77	41.18	0.0	26.91	44.72	51.88	68.73	45.69	38.83	63.15	78.79	53.85	39.6	62.13	45.34	54.33	82.8	26.08	61.06	26.08	71.61	59.93	36.06	15.62	31.3	25.61	59.67	44.41	34.06	67.23	52.2	42.05	52.2	42.05	42.76	14.21	82.38	15.56	58.08	7.21	47.43
27	37.74	31.24	56.57	38.21	50.99	8.25	48.08	50.99	28.64	25.61	30.0	72.8	45.34	51.22	36.06	61.77	50.99	27.2	46.65	36.22	57.31	31.05	33.94	24.33	37.95	56.04	26.91	0.0	26.0	28.28	50.99	44.94	31.62	54.41	55.32	27.86	49.03	46.82	18.44	44.41	56.6	50.16	36.06	40.45	45.65	34.93	59.46	42.52	57.69	34.0	32.8	49.4	60.96	44.41	56.36	27.2	56.36	27.2	26.83	31.02	63.2	11.4	43.46	28.84	27.46
28	31.05	46.17	82.0	38.05	56.04	31.62	56.89	71.02	48.41	41.23	46.65	98.18	24.74	75.07	50.99	87.66	61.61	22.63	30.0	32.8	83.19	56.92	50.0	50.0	47.54	80.89	44.72	26.0	0.0	42.94	68.96	70.71	17.09	77.79	65.12	20.1	74.73	67.2	24.17	67.94	58.31	70.71	45.61	42.43	50.04	20.59	80.62	58.82	75.29	33.94	30.07	75.39	76.16	56.92	82.35	6.32	82.35	6.32	49.52	39.82	78.55	33.14	64.66	42.38	47.01
29	29.12	57.27	63.25	22.0	25.46	20.88	20.59	70.71	10.0	52.0	4.47	64.03	67.23	37.95	8.25	58.03	22.8	54.15	70.88	64.0	54.0	39.45	59.06	36.88	11.31	65.39	51.88	28.28	42.94	0.0	26.08	42.19	55.79	39.4	27.2	28.43	55.03	25.61	18.87	31.05	32.8	69.31	10.0	68.73	21.63	36.06	76.84	66.57	79.4	62.13	23.41	50.99	84.4	16.12	55.15	47.54	55.15	47.54	16.49	58.94	36.14	37.34	24.19	55.71	9.06
30	51.61	74.67	62.29	42.19	32.25	42.76	24.33	80.5	22.36	70.26	22.36	48.37	93.04	24.17	18.44	48.33	20.0	78.1	96.21	87.13	45.65	46.52	75.31	48.08	26.08	66.48	68.73	50.99	68.96	26.08	0.0	38.21	80.99	22.8	22.36	53.81	55.17	8.49	44.94	21.26	40.05	78.71	27.2	90.09	33.53	60.83	83.76	81.04	90.38	84.59	46.86	48.17	96.93	17.09	48.55	73.35	48.55	73.35	26.08	79.01	13.93	57.01	12.21	74.24	23.54
31	70.11	51.26	24.08	64.12	63.91	39.4	56.46	46.69	32.25	49.19	38.47	28.28	89.38	17.09	41.76	17.09	54.59	67.94	89.11	73.24	12.65	17.89	50.0	24.41	51.42	28.43	45.69	44.94	70.71	42.19	38.21	0.0	75.07	20.88	58.31	65.51	17.2	29.73	53.37	16.97	72.11	44.72	50.99	71.55	62.1	73.76	47.54	52.35	56.89	69.34	64.12	10.0	64.5	48.33	13.0	72.11	13.0	72.11	26.0	59.48	51.09	42.45	26.4	52.8	33.14
32	48.08	38.05	81.44	54.59	72.11	39.45	72.11	64.12	59.09	34.53	58.82	103.32	14.42	82.8	64.03	91.21	76.42	10.0	15.23	17.2	86.83	58.82	42.05	51.61	62.29	79.12	38.83	31.62	17.09	55.79	80.99	75.07	0.0	86.02	80.22	36.88	75.18	77.82	38.21	76.03	74.97	64.28	60.3	27.78	66.12	37.58	74.24	50.04	66.27	19.7	46.69	77.67	65.51	71.02	85.21	10.77	85.21	10.77	58.31	29.15	91.92	33.02	74.71	34.06	57.78
33	68.35	69.05	43.27	60.17	54.04	46.86	46.04	67.47	30.53	65.97	34.93	26.0	99.64	4.0	34.93	26.08	42.43	80.62	100.96	87.73	24.08	36.06	68.47	40.79	44.72	48.37	63.15	54.41	77.79	39.4	22.8	20.88	86.02	0.0	45.12	67.23	37.58	16.0	56.04	10.0	62.13	65.51	45.12	87.93	54.15	75.18	68.35	72.0	77.67	84.31	62.77	29.53	85.16	38.0	27.59	80.72	27.59	80.72	28.28	75.96	33.02	55.95	15.52	69.86	31.91
34	39.45	84.31	82.1	29.53	12.81	48.08	8.25	95.6	31.62	79.12	26.83	70.71	89.82	46.17	20.59	70.23	4.47	80.1	94.76	90.35	67.23	62.29	85.91	61.61	18.0	85.6	78.79	55.32	65.12	27.2	22.36	58.31	80.22	45.12	0.0	46.17	74.4	29.73	42.05	42.05	18.97	94.02	20.0	95.71	17.2	50.99	100.5	93.06	104.86	88.81	36.77	68.26	110.45	11.66	69.78	70.71	69.78	70.71	38.42	86.13	19.24	64.51	32.2	82.87	31.91
35	11.66	57.2	82.02	18.0	36.22	28.07	37.95	78.79	36.72	51.61	32.8	90.62	44.18	65.3	35.38	82.46	43.08	40.25	50.04	50.99	78.1	56.04	60.46	50.36	29.53	82.39	53.85	27.86	20.1	28.43	53.81	65.51	36.88	67.23	46.17	0.0	74.0	54.04	12.17	58.14	38.21	78.0	27.78	59.36	30.27	8.25	87.32	69.34	85.09	51.11	10.0	72.44	87.66	39.45	78.26	26.31	78.26	26.31	40.5	53.76	61.4	38.91	52.43	54.04	35.36
36	80.62	44.05	8.25	76.16	78.71	46.04	71.69	32.06	45.69	43.86	52.0	35.44	89.55	34.0	56.36	20.88	70.46	66.57	87.66	69.43	18.11	18.11	41.62	24.74	65.39	11.31	39.6	49.03	74.73	55.03	55.17	17.2	75.18	37.58	74.4	74.0	0.0	46.69	62.03	34.06	86.76	30.07	64.62	65.3	76.16	82.02	31.05	41.23	42.0	65.12	74.67	8.25	50.04	63.81	14.32	74.67	14.32	74.67	38.63	53.76	68.25	42.54	43.14	46.69	46.24
37	53.67	68.12	53.81	44.94	38.05	38.63	30.07	72.5	18.87	64.0	21.26	42.0	90.55	16.49	19.7	40.5	26.68	74.0	93.04	82.46	37.58	38.63	68.47	40.79	29.12	58.0	62.13	46.82	67.2	25.61	8.49	29.73	77.82	16.0	29.73	54.04	46.69	0.0	43.86	12.81	46.17	70.68	29.73	84.59	38.21	61.61	75.47	73.76	82.46	79.62	48.37	39.7	89.2	22.0	40.31	71.02	40.31	71.02	20.4	73.17	21.95	51.48	4.12	68.0	20.25
38	19.7	49.52	70.11	20.0	34.93	16.49	34.0	68.96	25.61	43.86	22.8	78.79	48.7	53.85	26.83	70.34	38.21	38.47	52.95	49.03	65.97	44.18	52.35	38.83	24.08	70.71	45.34	18.44	24.17	18.87	44.94	53.37	38.21	56.04	42.05	12.17	62.03	43.86	0.0	46.65	39.4	68.0	22.09	55.71	29.12	20.4	76.97	60.96	76.03	48.08	14.42	60.3	79.4	32.98	66.1	29.12	66.1	29.12	28.64	48.02	54.42	29.83	41.77	46.86	24.21
39	60.17	60.3	41.04	52.61	49.03	36.88	41.23	61.35	21.54	56.89	26.68	32.98	89.64	7.21	28.0	28.64	38.63	70.71	90.97	78.0	25.3	28.28	60.03	32.06	38.0	45.34	54.33	44.41	67.94	31.05	21.26	16.97	76.03	10.0	42.05	58.14	34.06	12.81	46.65	0.0	57.27	59.46	38.05	78.59	48.17	66.21	63.53	64.28	71.47	74.67	54.41	26.91	78.59	32.98	27.73	70.77	27.73	70.77	18.44	66.71	34.21	46.24	9.85	60.83	22.85
40	28.07	87.66	94.85	20.4	8.25	51.22	16.12	103.32	41.18	82.1	34.99	88.09	82.0	62.51	30.46	85.91	20.1	77.2	88.2	87.93	82.46	72.11	90.0	69.66	21.63	97.53	82.8	56.6	58.31	32.8	40.05	72.11	74.97	62.13	18.97	38.21	86.76	46.17	39.4	57.27	0.0	101.98	22.8	95.08	11.31	40.2	109.64	98.08	111.73	87.32	28.28	81.71	116.28	24.33	84.48	64.5	84.48	64.5	48.37	87.24	38.08	67.42	47.68	85.44	40.82
41	87.66	26.31	29.73	86.53	94.76	52.15	89.2	2.0	62.48	30.0	67.94	65.12	77.28	61.61	73.76	50.64	89.64	54.33	72.8	52.5	48.17	32.25	22.36	32.56	80.62	24.17	26.08	50.16	70.71	69.31	78.71	44.72	64.28	65.51	94.02	78.0	30.07	70.68	68.0	59.46	101.98	0.0	79.25	44.72	90.69	84.76	10.0	16.12	12.17	48.08	82.37	38.0	20.0	82.46	44.28	68.12	44.28	68.12	55.61	36.14	92.57	39.22	66.64	30.27	62.37
42	24.41	66.24	72.8	15.23	15.62	29.53	12.17	80.62	18.97	60.83	12.65	70.71	70.34	44.41	10.2	66.12	16.12	60.13	74.97	70.46	62.29	49.4	68.26	46.86	2.0	75.15	61.06	36.06	45.61	10.0	27.2	50.99	60.3	45.12	20.0	27.78	64.62	29.73	22.09	38.05	22.8	79.25	0.0	76.16	11.66	34.06	86.83	76.03	89.2	69.05	19.8	60.17	94.02	11.66	63.79	50.99	63.79	50.99	26.0	67.07	33.62	46.07	29.61	64.4	18.38
43	71.02	21.26	69.31	75.15	90.44	48.17	88.29	43.86	68.0	22.36	70.26	98.79	36.5	84.12	76.42	84.88	91.41	19.8	30.0	10.77	80.99	53.67	24.08	47.54	78.1	65.3	26.08	40.45	42.43	68.73	90.09	71.55	27.78	87.93	95.71	59.36	65.3	84.59	55.71	78.59	95.08	44.72	76.16	0.0	84.76	62.48	53.85	28.64	42.76	8.49	68.0	70.46	40.0	84.85	78.24	36.88	78.24	36.88	64.28	12.08	103.0	33.14	80.75	18.87	67.01
44	22.36	76.55	84.31	12.65	6.0	40.0	10.0	92.02	30.46	71.02	24.17	80.1	74.43	54.0	20.4	76.66	15.62	67.47	80.02	78.1	72.99	61.06	78.82	58.41	10.77	86.76	71.61	45.65	50.04	21.63	33.53	62.1	66.12	54.15	17.2	30.27	76.16	38.21	29.12	48.17	11.31	90.69	11.66	84.76	0.0	34.18	98.41	86.83	100.42	77.2	20.4	71.47	105.0	16.49	74.73	56.0	74.73	56.0	37.58	76.49	35.47	56.3	39.0	74.43	29.97
45	12.17	62.77	90.0	21.54	39.85	36.0	42.94	85.44	44.72	57.31	40.5	98.79	42.19	73.35	42.52	90.71	48.37	42.8	49.03	53.25	86.35	64.0	66.24	58.14	35.61	90.2	59.93	34.93	20.59	36.06	60.83	73.76	37.58	75.18	50.99	8.25	82.02	61.61	20.4	66.21	40.2	84.76	34.06	62.48	34.18	0.0	94.25	75.18	91.24	54.04	14.42	80.62	93.3	45.61	86.49	26.83	86.49	26.83	48.7	58.26	67.42	45.54	60.21	59.36	43.38
46	96.66	36.22	28.0	95.02	102.18	60.83	96.21	10.2	69.31	40.0	75.07	64.03	87.13	64.62	80.62	50.04	96.21	64.28	82.46	62.1	48.37	38.21	32.25	40.0	88.09	22.0	36.06	59.46	80.62	76.84	83.76	47.54	74.24	68.35	100.5	87.32	31.05	75.47	76.97	63.53	109.64	10.0	86.83	53.85	98.41	94.25	0.0	25.3	14.42	57.72	91.24	39.29	22.36	89.11	44.28	78.1	44.28	78.1	62.23	45.89	97.42	48.76	71.56	40.2	69.35
47	80.0	12.65	43.27	80.62	91.61	46.86	87.13	15.23	61.74	17.89	66.24	76.55	62.29	68.0	72.47	62.03	88.59	40.05	57.27	36.88	58.82	36.06	8.94	32.98	77.67	38.42	15.62	42.52	58.82	66.57	81.04	52.35	50.04	72.0	93.06	69.34	41.23	73.76	60.96	64.28	98.08	16.12	76.03	28.64	86.83	75.18	25.3	0.0	16.49	32.56	75.29	48.08	18.44	81.41	55.36	55.32	55.36	55.32	55.71	21.02	94.92	31.14	69.63	16.49	61.27
48	95.41	29.12	40.79	95.27	104.8	60.96	99.64	10.2	73.24	34.18	78.41	76.66	78.03	73.76	84.4	62.29	100.44	56.32	72.44	52.15	60.03	43.86	25.3	43.27	90.69	34.93	31.3	57.69	75.29	79.4	90.38	56.89	66.27	77.67	104.86	85.09	42.0	82.46	76.03	71.47	111.73	12.17	89.2	42.76	100.42	91.24	14.42	16.49	0.0	48.04	90.44	50.04	8.25	93.23	56.08	71.81	56.08	71.81	66.57	37.12	104.28	46.32	78.39	32.98	73.01
49	62.77	22.36	70.0	67.23	82.97	42.05	81.22	47.54	62.29	21.26	64.0	97.2	30.0	80.62	70.03	83.74	84.59	11.31	24.74	4.47	79.65	51.61	26.0	44.94	71.02	66.57	25.61	34.0	33.94	62.13	84.59	69.34	19.7	84.31	88.81	51.11	65.12	79.62	48.08	74.67	87.32	48.08	69.05	8.49	77.2	54.04	57.72	32.56	48.04	0.0	59.93	69.43	46.39	78.23	77.23	28.43	77.23	28.43	59.23	12.08	97.13	28.46	75.93	18.87	61.2
50	6.0	63.66	82.87	8.0	26.31	30.46	28.64	83.35	32.98	58.0	27.86	87.36	54.15	61.35	28.84	80.62	34.0	49.4	60.03	60.17	76.42	57.27	66.6	52.5	21.26	83.95	59.67	32.8	30.07	23.41	46.86	64.12	46.69	62.77	36.77	10.0	74.67	48.37	14.42	54.41	28.28	82.37	19.8	68.0	20.4	14.42	91.24	75.29	90.44	59.93	0.0	72.03	93.72	31.24	77.1	36.22	77.1	36.22	38.21	61.4	53.01	44.2	47.42	60.83	31.78
51	78.03	49.4	14.14	72.69	73.54	45.12	66.21	40.0	41.23	48.41	47.54	28.64	92.09	26.08	51.26	14.42	64.5	69.66	90.91	73.59	10.77	18.87	47.41	26.08	60.73	18.87	44.41	49.4	75.39	50.99	48.17	10.0	77.67	29.53	68.26	72.44	8.25	39.7	60.3	26.91	81.71	38.0	60.17	70.46	71.47	80.62	39.29	48.08	50.04	69.43	72.03	0.0	58.0	58.14	7.81	76.03	7.81	76.03	34.53	58.6	60.88	44.65	36.4	51.61	41.98
52	98.41	30.53	49.03	99.04	109.64	65.12	104.86	18.0	78.89	36.06	83.76	84.85	76.24	81.22	89.89	70.46	106.0	55.79	70.0	50.16	68.12	50.6	27.2	49.19	95.6	43.17	34.06	60.96	76.16	84.4	96.93	64.5	65.51	85.16	110.45	87.66	50.04	89.2	79.4	78.59	116.28	20.0	94.02	40.0	105.0	93.3	22.36	18.44	8.25	46.39	93.72	58.0	0.0	98.79	64.2	72.11	64.2	72.11	72.47	36.69	110.86	49.58	85.09	34.0	78.55
53	35.38	72.8	71.69	25.61	16.12	36.88	8.25	84.02	20.0	67.68	15.23	64.0	81.61	38.21	8.94	61.61	7.21	70.03	85.91	80.02	58.24	50.91	74.32	50.0	10.0	74.89	67.23	44.41	56.92	16.12	17.09	48.33	71.02	38.0	11.66	39.45	63.81	22.0	32.98	32.98	24.33	82.46	11.66	84.85	16.49	45.61	89.11	81.41	93.23	78.23	31.24	58.14	98.79	0.0	60.41	62.1	60.41	62.1	26.91	74.95	21.95	53.16	23.35	71.47	20.25
54	83.1	57.14	16.76	77.1	76.24	51.55	68.62	46.27	45.18	56.22	51.35	21.19	99.62	24.84	54.34	6.71	66.31	77.34	98.6	81.39	4.12	26.4	55.07	33.6	64.13	22.56	52.2	56.36	82.35	55.15	48.55	13.0	85.21	27.59	69.78	78.26	14.32	40.31	66.1	27.73	84.48	44.28	63.79	78.24	74.73	86.49	44.28	55.36	56.08	77.23	77.1	7.81	64.2	60.41	0.0	83.24	0.0	83.24	39.0	66.4	60.31	52.2	37.58	59.41	46.1
55	37.36	42.76	81.61	44.18	62.0	33.94	62.51	68.26	52.15	38.21	50.99	100.0	19.7	77.79	55.71	88.84	67.08	17.2	24.08	26.91	84.38	57.27	46.69	50.16	52.95	80.05	42.05	27.2	6.32	47.54	73.35	72.11	10.77	80.72	70.71	26.31	74.67	71.02	29.12	70.77	64.5	68.12	50.99	36.88	56.0	26.83	78.1	55.32	71.81	28.43	36.22	76.03	72.11	62.1	83.24	0.0	83.24	0.0	52.5	35.47	83.49	32.28	68.24	38.83	50.77
56	83.1	57.14	16.76	77.1	76.24	51.55	68.62	46.27	45.18	56.22	51.35	21.19	99.62	24.84	54.34	6.71	66.31	77.34	98.6	81.39	4.12	26.4	55.07	33.6	64.13	22.56	52.2	56.36	82.35	55.15	48.55	13.0	85.21	27.59	69.78	78.26	14.32	40.31	66.1	27.73	84.48	44.28	63.79	78.24	74.73	86.49	44.28	55.36	56.08	77.23	77.1	7.81	64.2	60.41	0.0	83.24	0.0	83.24	39.0	66.4	60.31	52.2	37.58	59.41	46.1
57	37.36	42.76	81.61	44.18	62.0	33.94	62.51	68.26	52.15	38.21	50.99	100.0	19.7	77.79	55.71	88.84	67.08	17.2	24.08	26.91	84.38	57.27	46.69	50.16	52.95	80.05	42.05	27.2	6.32	47.54	73.35	72.11	10.77	80.72	70.71	26.31	74.67	71.02	29.12	70.77	64.5	68.12	50.99	36.88	56.0	26.83	78.1	55.32	71.81	28.43	36.22	76.03	72.11	62.1	83.24	0.0	83.24	0.0	52.5	35.47	83.49	32.28	68.24	38.83	50.77
58	44.18	48.66	46.82	38.21	40.5	18.87	34.06	57.2	7.21	44.18	13.42	50.16	71.61	25.61	18.44	42.43	34.06	53.85	73.43	62.1	38.21	24.08	49.48	23.32	26.83	49.19	42.76	26.83	49.52	16.49	26.08	26.0	58.31	28.28	38.42	40.5	38.63	20.4	28.64	18.44	48.37	55.61	26.0	64.28	37.58	48.7	62.23	55.71	66.57	59.23	38.21	34.53	72.47	26.91	39.0	52.5	39.0	52.5	0.0	53.01	39.62	31.14	16.76	48.17	7.62
59	65.19	10.3	58.26	67.96	81.94	38.08	79.06	35.69	57.22	10.3	60.02	86.82	41.3	72.12	66.29	73.01	81.74	19.24	36.69	16.55	69.07	41.59	13.93	35.47	68.95	54.64	14.21	31.02	39.82	58.94	79.01	59.48	29.15	75.96	86.13	53.76	53.76	73.17	48.02	66.71	87.24	36.14	67.07	12.08	76.49	58.26	45.89	21.02	37.12	12.08	61.4	58.6	36.69	74.95	66.4	35.47	66.4	35.47	53.01	0.0	92.2	22.09	69.26	7.07	56.32
60	56.73	88.28	75.01	46.75	31.91	55.08	25.5	94.37	35.01	83.73	33.38	56.3	103.12	35.47	27.89	59.08	19.85	89.94	107.0	99.41	57.01	60.42	89.05	61.98	31.91	79.51	82.38	63.2	78.55	36.14	13.93	51.09	91.92	33.02	19.24	61.4	68.25	21.95	54.42	34.21	38.08	92.57	33.62	103.0	35.47	67.42	97.42	94.92	104.28	97.13	53.01	60.88	110.86	21.95	60.31	83.49	60.31	83.49	39.62	92.2	0.0	70.11	25.94	87.69	36.0
61	49.09	20.25	49.34	49.5	61.4	16.55	57.78	39.92	35.13	14.76	38.08	70.72	47.43	52.33	44.38	58.26	60.08	25.5	46.67	31.78	53.91	25.81	22.67	18.6	47.85	47.85	15.56	11.4	33.14	37.34	57.01	42.45	33.02	55.95	64.51	38.91	42.54	51.48	29.83	46.24	67.42	39.22	46.07	33.14	56.3	45.54	48.76	31.14	46.32	28.46	44.2	44.65	49.58	53.16	52.2	32.28	52.2	32.28	31.14	22.09	70.11	0.0	47.68	18.38	34.23
62	52.92	64.07	50.45	44.64	39.46	35.34	31.58	68.45	16.28	60.01	19.72	41.19	87.66	15.0	19.42	38.33	28.79	70.58	89.89	78.85	35.11	34.54	64.38	36.67	29.27	54.45	58.08	43.46	64.66	24.19	12.21	26.4	74.71	15.52	32.2	52.43	43.14	4.12	41.77	9.85	47.68	66.64	29.61	80.75	39.0	60.21	71.56	69.63	78.39	75.93	47.42	36.4	85.09	23.35	37.58	68.24	37.58	68.24	16.76	69.26	25.94	47.68	0.0	64.01	17.69
63	65.12	4.0	51.22	66.84	79.65	34.93	76.16	30.07	52.95	4.0	56.32	79.92	47.07	65.97	62.64	66.03	78.43	24.08	43.08	23.32	62.13	34.93	8.0	29.12	66.21	47.71	7.21	28.84	42.38	55.71	74.24	52.8	34.06	69.86	82.87	54.04	46.69	68.0	46.86	60.83	85.44	30.27	64.4	18.87	74.43	59.36	40.2	16.49	32.98	18.87	60.83	51.61	34.0	71.47	59.41	38.83	59.41	38.83	48.17	7.07	87.69	18.38	64.01	0.0	52.17
64	37.66	53.16	54.42	31.02	33.02	19.24	26.87	63.89	1.41	48.27	5.83	55.66	70.33	29.97	11.4	49.09	27.46	54.57	73.01	63.64	45.01	31.4	54.42	29.83	19.24	56.8	47.43	27.46	47.01	9.06	23.54	33.14	57.78	31.91	31.91	35.36	46.24	20.25	24.21	22.85	40.82	62.37	18.38	67.01	29.97	43.38	69.35	61.27	73.01	61.2	31.78	41.98	78.55	20.25	46.1	50.77	46.1	50.77	7.62	56.32	36.0	34.23	17.69	52.17	0.0
;
