vehicles
vehicle_idx, capacity, cost_per_unit_distance
1,100,1
2,100,1
3,100,1
4,100,1
5,100,1
6,100,1
7,100,1
8,100,1
9,100,1
depot
node_idx,x,y
0,36,64
home delivery customers
node_idx,x,y,service_time,demand
1,10,23,10,12
2,16,46,10,25
3,41,30,10,11
4,81,45,10,20
5,90,17,10,20
6,41,39,10,13
7,65,96,10,17
8,21,14,10,36
9,47,76,10,23
10,58,68,10,7
11,19,40,10,12
12,15,40,10,24
13,51,78,10,20
14,84,36,10,10
15,89,44,10,66
16,75,66,10,12
17,97,11,10,24
18,74,69,10,5
self pickup customers
node_idx,x,y,service_time,demand,locker_idxs
19,41,46,10,16,69
20,14,42,10,7,64
21,66,62,10,21,68
22,5,51,10,17,61-67
23,41,50,10,22,61-56
24,50,99,10,10,65
25,84,85,10,19,62-59
26,11,54,10,19,61-67
27,60,89,10,22,68-55
28,9,60,10,15,61-67
29,47,44,10,22,66
30,57,7,10,18,69-60
31,49,6,10,3,69-60
32,95,76,10,10,62
33,10,49,10,10,64
34,1,14,10,18,64
35,96,91,10,7,62-59
36,46,22,10,11,69-56
flexible customers
node_idx,x,y,service_time,demand,locker_idxs
37,94,47,10,3,66
38,25,79,10,4,58
39,14,79,10,21,58
40,42,56,10,10,67-61
41,21,14,10,14,56
42,13,49,10,11,64-67-61
43,57,2,10,6,69-60
44,58,96,10,11,65-55-59
45,97,90,10,21,62-59
46,60,97,10,15,65-55-59
47,30,93,10,11,58
48,88,21,10,25,63-57-60
49,33,58,10,2,61-67
50,21,51,10,15,61-67
51,81,6,10,13,60-57
52,9,62,10,14,61-67
53,69,16,10,7,69-63-60-57
54,74,92,10,12,62-68-59-55
lockers
node_idx,x,y,service_time,capacity,cost_per_unit_good
55,65,88,10,75
56,25,15,10,83
57,93,12,10,90
58,22,88,10,80
59,77,88,10,85
60,72,14,10,94
61,23,61,10,93
62,88,94,10,97
63,77,19,10,96
64,12,23,10,99
65,56,85,10,72
66,74,40,10,76
67,30,50,10,89
68,73,79,10,98
69,54,24,10,74
mrt lines
start_node_idx,end_node_idx,freight_capacity,cost_per_unit_good
distance matrix
,0,1,2,3,4,5,6,7,8,9,10,11,12,13,14,15,16,17,18,19,20,21,22,23,24,25,26,27,28,29,30,31,32,33,34,35,36,37,38,39,40,41,42,43,44,45,46,47,48,49,50,51,52,53,54,55,56,57,58,59,60,61,62,63,64,65,66,67,68,69,
0,0.0,48.55,26.91,34.37,48.85,71.59,25.5,43.19,52.2,16.28,22.36,29.41,31.89,20.52,55.57,56.65,39.05,80.81,38.33,18.68,31.11,30.07,33.62,14.87,37.7,52.39,26.93,34.66,27.29,22.83,60.75,59.44,60.21,30.02,61.03,65.8,43.17,60.44,18.6,26.63,10.0,52.2,27.46,65.46,38.83,66.31,40.8,29.61,67.48,6.71,19.85,73.41,27.07,58.25,47.2,37.64,50.22,77.16,27.78,47.51,61.61,13.34,60.03,60.88,47.51,29.0,44.94,15.23,39.92,43.86
1,48.55,0.0,23.77,31.78,74.33,80.22,34.89,91.4,14.21,64.64,65.8,19.24,17.72,68.6,75.13,81.74,77.94,87.82,78.82,38.6,19.42,68.24,28.44,41.11,85.88,96.54,31.02,82.8,37.01,42.54,49.65,42.54,100.17,26.0,12.73,109.64,36.01,87.36,57.97,56.14,45.97,14.21,26.17,51.48,87.37,109.81,89.31,72.8,78.03,41.88,30.08,73.01,39.01,59.41,94.11,85.15,17.0,83.73,66.1,93.35,62.65,40.16,105.48,67.12,2.0,77.2,66.22,33.6,84.29,44.01
2,26.91,23.77,0.0,29.68,65.01,79.48,25.96,70.01,32.39,43.14,47.41,6.71,6.08,47.42,68.73,73.03,62.3,88.24,62.39,25.0,4.47,52.5,12.08,25.32,62.97,78.39,9.43,61.52,15.65,31.06,56.59,51.86,84.5,6.71,35.34,91.79,38.42,78.01,34.21,33.06,27.86,32.39,4.24,60.14,65.3,92.18,67.36,49.04,76.22,20.81,7.07,76.32,17.46,60.9,74.03,64.54,32.28,84.17,42.43,74.06,64.5,16.55,86.53,66.71,23.35,55.87,58.31,14.56,65.86,43.91
3,34.37,31.78,29.68,0.0,42.72,50.7,9.0,70.23,25.61,46.39,41.63,24.17,27.86,49.03,43.42,50.0,49.52,59.14,51.09,16.0,29.55,40.61,41.68,20.0,69.58,69.81,38.42,61.98,43.86,15.23,28.02,25.3,70.94,36.36,43.08,82.13,9.43,55.66,51.55,55.95,26.02,25.61,33.84,32.25,68.15,82.07,69.64,63.95,47.85,29.12,29.0,46.65,45.25,31.3,70.24,62.77,21.93,55.03,61.03,68.26,34.89,35.85,79.4,37.64,29.83,57.01,34.48,22.83,58.52,14.32
4,48.85,74.33,65.01,42.72,0.0,29.41,40.45,53.45,67.54,46.01,32.53,62.2,66.19,44.6,9.49,8.06,21.84,37.58,25.0,40.01,67.07,22.67,76.24,40.31,62.27,40.11,70.58,48.75,73.55,34.01,44.94,50.45,34.01,71.11,85.8,48.38,41.88,13.15,65.51,75.13,40.52,67.54,68.12,49.24,55.95,47.76,56.08,70.04,25.0,49.73,60.3,39.0,73.98,31.38,47.52,45.88,63.53,35.11,73.01,43.19,32.28,60.17,49.5,26.31,72.42,47.17,8.6,51.24,34.93,34.21
5,71.59,80.22,79.48,50.7,29.41,0.0,53.71,82.86,69.07,73.01,60.21,74.63,78.45,72.4,19.92,27.02,51.24,9.22,54.41,56.94,80.01,51.0,91.55,59.08,91.24,68.26,87.24,78.0,91.71,50.77,34.48,42.45,59.21,86.16,89.05,74.24,44.28,30.27,89.83,98.08,61.85,69.07,83.38,36.25,85.23,73.33,85.44,96.83,4.47,70.21,76.92,14.21,92.66,21.02,76.69,75.27,65.03,5.83,98.31,72.18,18.25,80.16,77.03,13.15,78.23,76.03,28.02,68.48,64.29,36.67
6,25.5,34.89,25.96,9.0,40.45,53.71,0.0,61.85,32.02,37.48,33.62,22.02,26.02,40.26,43.1,48.26,43.42,62.61,44.6,7.0,27.17,33.97,37.95,11.0,60.67,62.97,33.54,53.49,38.28,7.81,35.78,33.96,65.46,32.57,47.17,75.69,17.72,53.6,43.08,48.26,17.03,32.02,29.73,40.31,59.48,75.74,61.03,55.11,50.33,20.62,23.32,51.86,39.41,36.24,62.43,54.56,28.84,58.59,52.55,60.8,39.82,28.43,72.35,41.18,33.12,48.38,33.02,15.56,51.22,19.85
7,43.19,91.4,70.01,70.23,53.45,82.86,61.85,0.0,93.06,26.91,28.86,72.47,75.07,22.8,62.94,57.27,31.62,90.82,28.46,55.46,74.28,34.01,75.0,51.88,15.3,21.95,68.41,8.6,66.57,55.03,89.36,91.41,36.06,72.35,104.02,31.4,76.4,56.94,43.46,53.76,46.14,93.06,70.09,94.34,7.0,32.56,5.1,35.13,78.45,49.68,62.94,91.41,65.51,80.1,9.85,8.0,90.34,88.54,43.74,14.42,82.3,54.67,23.09,77.93,90.21,14.21,56.72,57.8,18.79,72.84
8,52.2,14.21,32.39,25.61,67.54,69.07,32.02,93.06,0.0,67.23,65.46,26.08,26.68,70.68,66.73,74.32,74.97,76.06,76.38,37.74,28.86,65.8,40.31,41.18,89.81,94.92,41.23,84.53,47.54,39.7,36.67,29.12,96.54,36.69,20.0,107.49,26.25,80.11,65.12,65.38,46.96,0.0,35.9,37.95,89.96,107.48,91.71,79.51,67.36,45.61,37.0,60.53,49.48,48.04,94.3,86.09,4.12,72.03,74.01,92.8,51.0,47.04,104.35,56.22,12.73,79.16,59.03,37.11,83.24,34.48
9,16.28,64.64,43.14,46.39,46.01,73.01,37.48,26.91,67.23,0.0,13.6,45.61,48.17,4.47,54.49,52.8,29.73,82.01,27.89,30.59,47.38,23.6,48.88,26.68,23.19,38.08,42.19,18.38,41.23,32.0,69.72,70.03,48.0,45.8,77.2,51.24,54.01,55.23,22.2,33.14,20.62,67.23,43.42,74.67,22.83,51.92,24.7,24.04,68.6,22.8,36.07,77.82,40.5,63.91,31.38,21.63,64.85,78.82,27.73,32.31,66.85,28.3,44.78,64.41,63.51,12.73,45.0,31.06,26.17,52.47
10,22.36,65.8,47.41,41.63,32.53,60.21,33.62,28.86,65.46,13.6,0.0,48.01,51.31,12.21,41.23,39.2,17.12,69.07,16.03,27.8,51.11,10.0,55.66,24.76,32.02,31.06,49.04,21.1,49.65,26.4,61.01,62.65,37.85,51.62,78.52,44.42,47.54,41.68,34.79,45.35,20.0,65.46,48.85,66.01,28.0,44.78,29.07,37.54,55.76,26.93,40.72,66.13,49.37,53.15,28.84,21.19,62.43,66.04,41.18,27.59,55.79,35.69,39.7,52.55,64.35,17.12,32.25,33.29,18.6,44.18
11,29.41,19.24,6.71,24.17,62.2,74.63,22.02,72.47,26.08,45.61,48.01,0.0,4.0,49.68,65.12,70.11,61.74,83.22,62.18,22.8,5.39,51.89,17.8,24.17,66.65,79.06,16.12,63.89,22.36,28.28,50.33,45.34,84.1,12.73,31.62,92.36,32.45,75.33,39.46,39.32,28.02,26.08,10.82,53.74,68.24,92.65,70.21,54.13,71.57,22.8,11.18,70.71,24.17,55.46,75.69,66.48,25.71,79.12,48.09,75.29,59.03,21.38,87.62,61.68,18.38,58.26,55.0,14.87,66.61,38.48
12,31.89,17.72,6.08,27.86,66.19,78.45,26.02,75.07,26.68,48.17,51.31,4.0,0.0,52.35,69.12,74.11,65.39,86.98,65.74,26.68,2.24,55.54,14.87,27.86,68.6,82.38,14.56,66.53,20.88,32.25,53.41,48.08,87.73,10.3,29.53,95.72,35.85,79.31,40.26,39.01,31.38,26.68,9.22,56.64,70.6,96.04,72.62,55.08,75.43,25.46,12.53,74.24,22.8,59.09,78.64,69.31,26.93,82.87,48.51,78.41,62.65,22.47,90.8,65.46,17.26,60.88,59.0,18.03,69.89,42.15
13,20.52,68.6,47.42,49.03,44.6,72.4,40.26,22.8,70.68,4.47,12.21,49.68,52.35,0.0,53.41,50.99,26.83,81.27,24.7,33.53,51.62,21.93,53.34,29.73,21.02,33.73,46.65,14.21,45.69,34.23,71.25,72.03,44.05,50.22,81.22,46.84,56.22,53.01,26.02,37.01,23.77,70.68,47.8,76.24,19.31,47.54,21.02,25.81,67.96,26.91,40.36,78.0,44.94,64.56,26.93,17.2,68.15,78.23,30.68,27.86,67.36,32.76,40.31,64.47,67.42,8.6,44.42,35.0,22.02,54.08
14,55.57,75.13,68.73,43.42,9.49,19.92,43.1,62.94,66.73,54.49,41.23,65.12,69.12,53.41,0.0,9.43,31.32,28.18,34.48,44.15,70.26,31.62,80.41,45.22,71.59,49.0,75.19,58.18,78.75,37.85,39.62,46.1,41.48,75.13,85.87,56.29,40.5,14.87,73.01,82.15,46.52,66.73,72.18,43.42,65.39,55.54,65.55,78.52,15.52,55.54,64.76,30.15,79.38,25.0,56.89,55.36,62.63,25.63,80.92,52.47,25.06,65.92,58.14,18.38,73.16,56.44,10.77,55.79,44.38,32.31
15,56.65,81.74,73.03,50.0,8.06,27.02,48.26,57.27,74.32,52.8,39.2,70.11,74.11,50.99,9.43,0.0,26.08,33.96,29.15,48.04,75.03,29.21,84.29,48.37,67.42,41.3,78.64,53.54,81.58,42.0,48.92,55.17,32.56,79.16,92.97,47.52,48.3,5.83,72.95,82.76,48.51,74.32,76.16,52.8,60.54,46.69,60.42,76.69,23.02,57.72,68.36,38.83,82.0,34.41,50.29,50.12,70.26,32.25,80.16,45.61,34.48,68.15,50.01,27.73,79.81,52.63,15.52,59.3,38.48,40.31
16,39.05,77.94,62.3,49.52,21.84,51.24,43.42,31.62,74.97,29.73,17.12,61.74,65.39,26.83,31.32,26.08,0.0,59.24,3.16,39.45,65.55,9.85,71.59,37.58,41.4,21.02,65.12,27.46,66.27,35.61,61.68,65.39,22.36,67.19,90.44,32.65,52.7,26.87,51.66,62.37,34.48,74.97,64.29,66.48,34.48,32.56,34.44,52.48,46.84,42.76,56.04,60.3,66.12,50.36,26.02,24.17,71.42,56.92,57.38,22.09,52.09,52.24,30.87,47.04,76.28,26.87,26.02,47.76,13.15,46.96
17,80.81,87.82,88.24,59.14,37.58,9.22,62.61,90.82,76.06,82.01,69.07,83.22,86.98,81.27,28.18,33.96,59.24,0.0,62.39,66.04,88.6,59.68,100.32,68.24,99.76,75.13,96.15,86.33,100.72,59.91,40.2,48.26,65.03,94.94,96.05,80.01,52.17,36.12,99.04,107.3,71.06,76.06,92.2,41.0,93.52,79.0,93.62,105.89,13.45,79.4,85.88,16.76,101.71,28.44,84.2,83.38,72.11,4.12,107.49,79.56,25.18,89.31,83.49,21.54,85.84,84.6,37.01,77.52,72.11,44.92
18,38.33,78.82,62.39,51.09,25.0,54.41,44.6,28.46,76.38,27.89,16.03,62.18,65.74,24.7,34.48,29.15,3.16,62.39,0.0,40.22,65.8,10.63,71.31,38.08,38.42,18.87,64.76,24.41,65.62,36.8,64.29,67.78,22.14,67.05,91.4,31.11,54.71,29.73,50.01,60.83,34.54,76.38,64.2,69.12,31.38,31.14,31.3,50.12,50.0,42.45,55.97,63.39,65.38,53.24,23.0,21.02,72.92,60.08,55.36,19.24,55.04,51.62,28.65,50.09,77.2,24.08,29.0,47.93,10.05,49.24
19,18.68,38.6,25.0,16.0,40.01,56.94,7.0,55.46,37.74,30.59,27.8,22.8,26.68,33.53,44.15,48.04,39.45,66.04,40.22,0.0,27.29,29.68,36.35,4.0,53.76,58.05,31.05,47.01,34.93,6.32,42.15,40.79,61.77,31.14,51.22,71.06,24.52,53.01,36.67,42.64,10.05,37.74,28.16,46.82,52.81,71.22,54.42,48.27,53.24,14.42,20.62,56.57,35.78,41.04,56.61,48.37,34.89,62.13,46.1,55.32,44.55,23.43,67.18,45.0,37.01,41.79,33.54,11.7,45.97,25.55
20,31.11,19.42,4.47,29.55,67.07,80.01,27.17,74.28,28.86,47.38,51.11,5.39,2.24,51.62,70.26,75.03,65.55,88.6,65.8,27.29,0.0,55.71,12.73,28.16,67.42,82.15,12.37,65.76,18.68,33.06,55.44,50.21,87.85,8.06,30.87,95.52,37.74,80.16,38.6,37.0,31.3,28.86,7.07,58.73,69.66,95.88,71.7,53.45,76.92,24.84,11.4,76.06,20.62,60.84,78.1,68.68,29.15,84.5,46.69,78.01,64.4,21.02,90.44,67.07,19.1,60.11,60.03,17.89,69.64,43.86
21,30.07,68.24,52.5,40.61,22.67,51.0,33.97,34.01,65.8,23.6,10.0,51.89,55.54,21.93,31.62,29.21,9.85,59.68,10.63,29.68,55.71,0.0,61.98,27.73,40.31,29.21,55.58,27.66,57.04,26.17,55.73,58.52,32.2,57.49,80.8,41.73,44.72,31.76,44.38,54.71,24.74,65.8,54.57,60.67,34.93,41.77,35.51,47.51,46.53,33.24,46.32,57.97,57.0,46.1,31.05,26.02,62.37,56.82,51.11,28.23,48.37,43.01,38.83,44.38,66.61,25.08,23.41,37.95,18.38,39.85
22,33.62,28.44,12.08,41.68,76.24,91.55,37.95,75.0,40.31,48.88,55.66,17.8,14.87,53.34,80.41,84.29,71.59,100.32,71.31,36.35,12.73,61.98,0.0,36.01,65.8,86.01,6.71,66.85,9.85,42.58,68.12,62.94,93.41,5.39,37.22,99.4,50.22,89.09,34.41,29.41,37.34,40.31,8.25,71.45,69.53,99.92,71.7,48.88,88.26,28.86,16.0,88.32,11.7,72.95,80.26,70.49,41.18,96.25,40.72,80.95,76.54,20.59,93.48,78.79,28.86,61.29,69.87,25.02,73.54,55.95
23,14.87,41.11,25.32,20.0,40.31,59.08,11.0,51.88,41.18,26.68,24.76,24.17,27.86,29.73,45.22,48.37,37.58,68.24,38.08,4.0,28.16,27.73,36.01,0.0,49.82,55.44,30.27,43.38,33.53,8.49,45.88,44.72,59.93,31.02,53.81,68.6,28.44,53.08,33.12,39.62,6.08,41.18,28.02,50.6,49.04,68.82,50.7,44.38,55.23,11.31,20.02,59.46,34.18,44.05,53.41,44.94,38.48,64.4,42.49,52.35,47.51,21.1,64.38,47.51,39.62,38.08,34.48,11.0,43.19,29.07
24,37.7,85.88,62.97,69.58,62.27,91.24,60.67,15.3,89.81,23.19,32.02,66.65,68.6,21.02,71.59,67.42,41.4,99.76,38.42,53.76,67.42,40.31,65.8,49.82,0.0,36.77,59.55,14.14,56.59,55.08,92.27,93.01,50.54,64.03,98.11,46.69,77.1,68.12,32.02,41.18,43.74,89.81,62.2,97.25,8.54,47.85,10.2,20.88,86.76,44.38,56.08,98.03,55.23,85.15,25.0,18.6,87.64,97.05,30.08,29.15,87.8,46.62,38.33,84.43,84.97,15.23,63.69,52.92,30.48,75.11
25,52.39,96.54,78.39,69.81,40.11,68.26,62.97,21.95,94.92,38.08,31.06,79.06,82.38,33.73,49.0,41.3,21.02,75.13,18.87,58.05,82.15,29.21,86.01,55.44,36.77,0.0,79.31,24.33,79.06,55.23,82.54,86.41,14.21,82.29,109.22,13.42,73.57,39.29,59.3,70.26,51.04,94.92,79.61,87.28,28.23,13.93,26.83,54.59,64.12,57.71,71.59,79.06,78.45,70.61,12.21,19.24,91.55,73.55,62.07,7.62,72.01,65.55,9.85,66.37,95.02,28.0,46.1,64.35,12.53,67.98
26,26.93,31.02,9.43,38.42,70.58,87.24,33.54,68.41,41.23,42.19,49.04,16.12,14.56,46.65,75.19,78.64,65.12,96.15,64.76,31.05,12.37,55.58,6.71,30.27,59.55,79.31,0.0,60.22,6.32,37.36,65.76,61.22,86.83,5.1,41.23,92.7,47.42,83.29,28.65,25.18,31.06,41.23,5.39,69.43,63.03,93.23,65.19,43.38,83.77,22.36,10.44,84.88,8.25,69.34,73.57,63.81,41.44,92.13,35.74,74.24,72.95,13.89,86.77,74.71,31.02,54.64,64.54,19.42,66.85,52.43
27,34.66,82.8,61.52,61.98,48.75,78.0,53.49,8.6,84.53,18.38,21.1,63.89,66.53,14.21,58.18,53.54,27.46,86.33,24.41,47.01,65.76,27.66,66.85,43.38,14.14,24.33,60.22,0.0,58.67,46.84,82.05,83.73,37.34,64.03,95.43,36.06,68.45,54.04,36.4,47.07,37.59,84.53,61.72,87.05,7.28,37.01,8.0,30.27,73.54,41.11,54.45,85.62,57.71,73.55,14.32,5.1,81.86,83.77,38.01,17.03,75.95,46.4,28.44,72.03,81.61,5.66,50.96,49.2,16.4,65.28
28,27.29,37.01,15.65,43.86,73.55,91.71,38.28,66.57,47.54,41.23,49.65,22.36,20.88,45.69,78.75,81.58,66.27,100.72,65.62,34.93,18.68,57.04,9.85,33.53,56.59,79.06,6.32,58.67,0.0,41.23,71.51,67.2,87.48,11.05,46.69,92.36,53.04,85.99,24.84,19.65,33.24,47.54,11.7,75.29,60.8,92.97,63.01,39.12,88.1,24.08,15.0,90.0,2.0,74.4,72.45,62.61,47.76,96.75,30.87,73.54,78.01,14.04,86.01,79.4,37.12,53.24,68.01,23.26,66.76,57.63
29,22.83,42.54,31.06,15.23,34.01,50.77,7.81,55.03,39.7,32.0,26.4,28.28,32.25,34.23,37.85,42.0,35.61,59.91,36.8,6.32,33.06,26.17,42.58,8.49,55.08,55.23,37.36,46.84,41.23,0.0,38.33,38.05,57.69,37.34,54.92,67.9,22.02,47.1,41.34,48.1,13.0,39.7,34.37,43.17,53.15,67.94,54.57,51.87,47.01,19.8,26.93,50.99,42.05,35.61,55.07,47.54,36.4,56.04,50.61,53.25,39.05,29.41,64.66,39.05,40.82,41.98,27.29,18.03,43.6,21.19
30,60.75,49.65,56.59,28.02,44.94,34.48,35.78,89.36,36.67,69.72,61.01,50.33,53.41,71.25,39.62,48.92,61.68,40.2,64.29,42.15,55.44,55.73,68.12,45.88,92.27,82.54,65.76,82.05,71.51,38.33,0.0,8.06,78.77,63.03,56.44,92.61,18.6,54.49,78.79,83.86,51.24,36.67,60.83,5.0,89.01,92.14,90.05,90.14,34.01,56.36,56.85,24.02,73.0,15.0,86.68,81.39,32.98,36.35,88.24,83.43,16.55,63.81,92.36,23.32,47.76,78.01,37.12,50.77,73.76,17.26
31,59.44,42.54,51.86,25.3,50.45,42.45,33.96,91.41,29.12,70.03,62.65,45.34,48.08,72.03,46.1,55.17,65.39,48.26,67.78,40.79,50.21,58.52,62.94,44.72,93.01,86.41,61.22,83.73,67.2,38.05,8.06,0.0,83.76,58.05,48.66,97.13,16.28,60.88,76.84,80.96,50.49,29.12,56.08,8.94,90.45,96.75,91.66,89.05,41.79,54.41,53.0,32.0,68.82,22.36,89.56,83.55,25.63,44.41,86.33,86.65,24.35,60.84,96.25,30.87,40.72,79.31,42.2,47.93,76.84,18.68
32,60.21,100.17,84.5,70.94,34.01,59.21,65.46,36.06,96.54,48.0,37.85,84.1,87.73,44.05,41.48,32.56,22.36,65.03,22.14,61.77,87.85,32.2,93.41,59.93,50.54,14.21,86.83,37.34,87.48,57.69,78.77,83.76,0.0,89.19,112.61,15.03,72.92,29.02,70.06,81.06,56.65,96.54,86.33,83.19,42.06,14.14,40.82,67.19,55.44,64.56,78.11,71.39,87.13,65.39,26.4,32.31,92.85,64.03,73.98,21.63,66.13,73.55,19.31,59.77,98.48,40.02,41.68,70.01,22.2,66.22
33,30.02,26.0,6.71,36.36,71.11,86.16,32.57,72.35,36.69,45.8,51.62,12.73,10.3,50.22,75.13,79.16,67.19,94.94,67.05,31.14,8.06,57.49,5.39,31.02,64.03,82.29,5.1,64.03,11.05,37.34,63.03,58.05,89.19,0.0,36.14,95.71,45.0,84.02,33.54,30.27,32.76,36.69,3.0,66.47,67.18,96.18,69.31,48.33,82.87,24.7,11.18,83.01,13.04,67.6,77.1,67.42,37.16,90.87,40.8,77.52,71.2,17.69,90.05,73.41,26.08,58.41,64.63,20.02,69.78,50.61
34,61.03,12.73,35.34,43.08,85.8,89.05,47.17,104.02,20.0,77.2,78.52,31.62,29.53,81.22,85.87,92.97,90.44,96.05,91.4,51.22,30.87,80.8,37.22,53.81,98.11,109.22,41.23,95.43,46.69,54.92,56.44,48.66,112.61,36.14,0.0,122.29,45.71,98.68,69.29,66.29,58.69,20.0,37.0,57.27,99.86,122.44,101.83,84.15,87.28,54.41,42.06,80.4,48.66,68.03,106.83,97.84,24.02,92.02,76.92,106.08,71.0,51.89,118.19,76.16,14.21,89.81,77.49,46.23,97.0,53.94
35,65.8,109.64,91.79,82.13,48.38,74.24,75.69,31.4,107.49,51.24,44.42,92.36,95.72,46.84,56.29,47.52,32.65,80.01,31.11,71.06,95.52,41.73,99.4,68.6,46.69,13.42,92.7,36.06,92.36,67.9,92.61,97.13,15.03,95.71,122.29,0.0,85.21,44.05,72.01,82.87,64.35,107.49,93.02,97.17,38.33,1.41,36.5,66.03,70.46,71.12,85.0,86.31,91.71,79.71,22.02,31.14,104.0,79.06,74.06,19.24,80.65,78.92,8.54,74.46,108.07,40.45,55.54,77.7,25.94,79.08
36,43.17,36.01,38.42,9.43,41.88,44.28,17.72,76.4,26.25,54.01,47.54,32.45,35.85,56.22,40.5,48.3,52.7,52.17,54.71,24.52,37.74,44.72,50.22,28.44,77.1,73.57,47.42,68.45,53.04,22.02,18.6,16.28,72.92,45.0,45.71,85.21,0.0,54.12,60.75,65.37,34.23,26.25,42.64,22.83,74.97,85.0,76.3,72.78,42.01,38.28,38.29,38.48,54.49,23.77,75.39,68.68,22.14,48.05,70.23,72.92,27.2,45.28,83.35,31.14,34.01,63.79,33.29,32.25,63.07,8.25
37,60.44,87.36,78.01,55.66,13.15,30.27,53.6,56.94,80.11,55.23,41.68,75.33,79.31,53.01,14.87,5.83,26.87,36.12,29.73,53.01,80.16,31.76,89.09,53.08,68.12,39.29,83.29,54.04,85.99,47.1,54.49,60.88,29.02,84.02,98.68,44.05,54.12,0.0,76.06,86.16,52.77,80.11,81.02,58.26,60.8,43.1,60.46,78.82,26.68,61.98,73.11,43.01,86.31,39.82,49.24,50.22,76.06,35.01,82.86,44.38,39.66,72.37,47.38,32.76,85.44,53.74,21.19,64.07,38.28,46.14
38,18.6,57.97,34.21,51.55,65.51,89.83,43.08,43.46,65.12,22.2,34.79,39.46,40.26,26.02,73.01,72.95,51.66,99.04,50.01,36.67,38.6,44.38,34.41,33.12,32.02,59.3,28.65,36.4,24.84,41.34,78.79,76.84,70.06,33.54,69.29,72.01,60.75,76.06,0.0,11.0,28.6,65.12,32.31,83.38,37.12,72.84,39.36,14.87,85.63,22.47,28.28,92.01,23.35,76.84,50.7,41.0,64.0,95.46,9.49,52.77,80.21,18.11,64.76,79.4,57.49,31.58,62.63,29.43,48.0,62.18
39,26.63,56.14,33.06,55.95,75.13,98.08,48.26,53.76,65.38,33.14,45.35,39.32,39.01,37.01,82.15,82.76,62.37,107.3,60.83,42.64,37.0,54.71,29.41,39.62,41.18,70.26,25.18,47.07,19.65,48.1,83.86,80.96,81.06,30.27,66.29,82.87,65.37,86.16,11.0,0.0,36.24,65.38,30.02,88.19,47.17,83.73,49.4,21.26,94.02,28.32,28.86,99.09,17.72,83.63,61.39,51.79,64.94,103.59,12.04,63.64,87.11,20.12,75.5,87.0,56.04,42.43,71.56,33.12,59.0,68.01
40,10.0,45.97,27.86,26.02,40.52,61.85,17.03,46.14,46.96,20.62,20.0,28.02,31.38,23.77,46.52,48.51,34.48,71.06,34.54,10.05,31.3,24.74,37.34,6.08,43.74,51.04,31.06,37.59,33.24,13.0,51.24,50.49,56.65,32.76,58.69,64.35,34.23,52.77,28.6,36.24,0.0,46.96,29.83,56.04,43.08,64.66,44.78,38.9,57.8,9.22,21.59,63.41,33.54,48.26,48.17,39.41,44.38,67.36,37.74,47.42,51.61,19.65,59.67,50.93,44.6,32.2,35.78,13.42,38.6,34.18
41,52.2,14.21,32.39,25.61,67.54,69.07,32.02,93.06,0.0,67.23,65.46,26.08,26.68,70.68,66.73,74.32,74.97,76.06,76.38,37.74,28.86,65.8,40.31,41.18,89.81,94.92,41.23,84.53,47.54,39.7,36.67,29.12,96.54,36.69,20.0,107.49,26.25,80.11,65.12,65.38,46.96,0.0,35.9,37.95,89.96,107.48,91.71,79.51,67.36,45.61,37.0,60.53,49.48,48.04,94.3,86.09,4.12,72.03,74.01,92.8,51.0,47.04,104.35,56.22,12.73,79.16,59.03,37.11,83.24,34.48
42,27.46,26.17,4.24,33.84,68.12,83.38,29.73,70.09,35.9,43.42,48.85,10.82,9.22,47.8,72.18,76.16,64.29,92.2,64.2,28.16,7.07,54.57,8.25,28.02,62.2,79.61,5.39,61.72,11.7,34.37,60.83,56.08,86.33,3.0,37.0,93.02,42.64,81.02,32.31,30.02,29.83,35.9,0.0,64.38,65.07,93.47,67.18,47.17,80.06,21.93,8.25,80.45,13.6,65.0,74.63,65.0,36.06,88.14,40.02,74.95,68.6,15.62,87.46,70.68,26.02,56.08,61.66,17.03,67.08,48.02
43,65.46,51.48,60.14,32.25,49.24,36.25,40.31,94.34,37.95,74.67,66.01,53.74,56.64,76.24,43.42,52.8,66.48,41.0,69.12,46.82,58.73,60.67,71.45,50.6,97.25,87.28,69.43,87.05,75.29,43.17,5.0,8.94,83.19,66.47,57.27,97.17,22.83,58.26,83.38,88.19,56.04,37.95,64.38,0.0,94.01,96.66,95.05,94.92,36.36,60.93,60.8,24.33,76.84,18.44,91.59,86.37,34.54,37.36,92.85,88.29,19.21,68.1,97.08,26.25,49.66,83.01,41.63,55.07,78.64,22.2
44,38.83,87.37,65.3,68.15,55.95,85.23,59.48,7.0,89.96,22.83,28.0,68.24,70.6,19.31,65.39,60.54,34.48,93.52,31.38,52.81,69.66,34.93,69.53,49.04,8.54,28.23,63.03,7.28,60.8,53.15,89.01,90.45,42.06,67.18,99.86,38.33,74.97,60.8,37.12,47.17,43.08,89.96,65.07,94.01,0.0,39.46,2.24,28.16,80.78,45.49,58.26,92.89,59.64,80.75,16.49,10.63,87.46,91.0,36.88,20.62,83.19,49.5,30.07,79.31,86.28,11.18,58.24,53.85,22.67,72.11
45,66.31,109.81,92.18,82.07,47.76,73.33,75.74,32.56,107.48,51.92,44.78,92.65,96.04,47.54,55.54,46.69,32.56,79.0,31.14,71.22,95.88,41.77,99.92,68.82,47.85,13.93,93.23,37.01,92.97,67.94,92.14,96.75,14.14,96.18,122.44,1.41,85.0,43.1,72.84,83.73,64.66,107.48,93.47,96.66,39.46,0.0,37.66,67.07,69.58,71.55,85.42,85.51,92.35,79.12,23.09,32.06,103.97,78.1,75.03,20.1,80.01,79.48,9.85,73.76,108.23,41.3,55.04,78.03,26.4,78.77
46,40.8,89.31,67.36,69.64,56.08,85.44,61.03,5.1,91.71,24.7,29.07,70.21,72.62,21.02,65.55,60.42,34.44,93.62,31.3,54.42,71.7,35.51,71.7,50.7,10.2,26.83,65.19,8.0,63.01,54.57,90.05,91.66,40.82,69.31,101.83,36.5,76.3,60.46,39.36,49.4,44.78,91.71,67.18,95.05,2.24,37.66,0.0,30.27,80.99,47.43,60.31,93.39,61.85,81.5,14.87,10.3,89.16,91.18,39.05,19.24,83.86,51.62,28.16,79.83,88.2,12.65,58.69,55.76,22.2,73.25
47,29.61,72.8,49.04,63.95,70.04,96.83,55.11,35.13,79.51,24.04,37.54,54.13,55.08,25.81,78.52,76.69,52.48,105.89,50.12,48.27,53.45,47.51,48.88,44.38,20.88,54.59,43.38,30.27,39.12,51.87,90.14,89.05,67.19,48.33,84.15,66.03,72.78,78.82,14.87,21.26,38.9,79.51,47.17,94.92,28.16,67.07,30.27,0.0,92.46,35.13,42.95,100.85,37.44,86.31,44.01,35.36,78.16,102.62,9.43,47.27,89.47,32.76,58.01,87.66,72.28,27.2,68.88,43.0,45.22,73.05
48,67.48,78.03,76.22,47.85,25.0,4.47,50.33,78.45,67.36,68.6,55.76,71.57,75.43,67.96,15.52,23.02,46.84,13.45,50.0,53.24,76.92,46.53,88.26,55.23,86.76,64.12,83.77,73.54,88.1,47.01,34.01,41.79,55.44,82.87,87.28,70.46,42.01,26.68,85.63,94.02,57.8,67.36,80.06,36.36,80.78,69.58,80.99,92.46,0.0,66.29,73.41,16.55,89.01,19.65,72.37,70.84,63.29,10.3,94.05,67.9,17.46,76.32,73.0,11.18,76.03,71.55,23.6,64.85,59.91,34.13
49,6.71,41.88,20.81,29.12,49.73,70.21,20.62,49.68,45.61,22.8,26.93,22.8,25.46,26.91,55.54,57.72,42.76,79.4,42.45,14.42,24.84,33.24,28.86,11.31,44.38,57.71,22.36,41.11,24.08,19.8,56.36,54.41,64.56,24.7,54.41,71.12,38.28,61.98,22.47,28.32,9.22,45.61,21.93,60.93,45.49,71.55,47.43,35.13,66.29,0.0,13.89,70.77,24.33,55.32,53.26,43.86,43.74,75.6,31.95,53.25,58.8,10.44,65.73,58.8,40.82,35.47,44.78,8.54,45.18,39.96
50,19.85,30.08,7.07,29.0,60.3,76.92,23.32,62.94,37.0,36.07,40.72,11.18,12.53,40.36,64.76,68.36,56.04,85.88,55.97,20.62,11.4,46.32,16.0,20.02,56.08,71.59,10.44,54.45,15.0,26.93,56.85,53.0,78.11,11.18,42.06,85.0,38.29,73.11,28.28,28.86,21.59,37.0,8.25,60.8,58.26,85.42,60.31,42.95,73.41,13.89,0.0,75.0,16.28,59.41,67.01,57.49,36.22,81.88,37.01,67.12,63.01,10.2,79.61,64.5,29.41,48.8,54.13,9.06,59.06,42.64
51,73.41,73.01,76.32,46.65,39.0,14.21,51.86,91.41,60.53,77.82,66.13,70.71,74.24,78.0,30.15,38.83,60.3,16.76,63.39,56.57,76.06,57.97,88.32,59.46,98.03,79.06,84.88,85.62,90.0,50.99,24.02,32.0,71.39,83.01,80.4,86.31,38.48,43.01,92.01,99.09,63.41,60.53,80.45,24.33,92.89,85.51,93.39,100.85,16.55,70.77,75.0,0.0,91.21,15.62,86.28,83.55,56.72,13.42,101.02,82.1,12.04,79.93,88.28,13.6,71.06,82.86,34.71,67.36,73.44,32.45
52,27.07,39.01,17.46,45.25,73.98,92.66,39.41,65.51,49.48,40.5,49.37,24.17,22.8,44.94,79.38,82.0,66.12,101.71,65.38,35.78,20.62,57.0,11.7,34.18,55.23,78.45,8.25,57.71,2.0,42.05,73.0,68.82,87.13,13.04,48.66,91.71,54.49,86.31,23.35,17.72,33.54,49.48,13.6,76.84,59.64,92.35,61.85,37.44,89.01,24.33,16.28,91.21,0.0,75.6,71.59,61.74,49.65,97.75,29.07,72.8,79.2,14.04,85.23,80.45,39.12,52.33,68.62,24.19,66.22,58.9
53,58.25,59.41,60.9,31.3,31.38,21.02,36.24,80.1,48.04,63.91,53.15,55.46,59.09,64.56,25.0,34.41,50.36,28.44,53.24,41.04,60.84,46.1,72.95,44.05,85.15,70.61,69.34,73.55,74.4,35.61,15.0,22.36,65.39,67.6,68.03,79.71,23.77,39.82,76.84,83.63,48.26,48.04,65.0,18.44,80.75,79.12,81.5,86.31,19.65,55.32,59.41,15.62,75.6,0.0,76.16,72.11,44.01,24.33,85.98,72.44,3.61,64.35,80.28,8.54,57.43,70.21,24.52,51.74,63.13,17.0
54,47.2,94.11,74.03,70.24,47.52,76.69,62.43,9.85,94.3,31.38,28.84,75.69,78.64,26.93,56.89,50.29,26.02,84.2,23.0,56.61,78.1,31.05,80.26,53.41,25.0,12.21,73.57,14.32,72.45,55.07,86.68,89.56,26.4,77.1,106.83,22.02,75.39,49.24,50.7,61.39,48.17,94.3,74.63,91.59,16.49,23.09,14.87,44.01,72.37,53.26,67.01,86.28,71.59,76.16,0.0,9.85,91.27,82.23,52.15,5.0,78.03,59.68,14.14,73.06,92.76,19.31,52.0,60.83,13.04,70.88
55,37.64,85.15,64.54,62.77,45.88,75.27,54.56,8.0,86.09,21.63,21.19,66.48,69.31,17.2,55.36,50.12,24.17,83.38,21.02,48.37,68.68,26.02,70.49,44.94,18.6,19.24,63.81,5.1,62.61,47.54,81.39,83.55,32.31,67.42,97.84,31.14,68.68,50.22,41.0,51.79,39.41,86.09,65.0,86.37,10.63,32.06,10.3,35.36,70.84,43.86,57.49,83.55,61.74,72.11,9.85,0.0,83.24,80.99,43.0,12.0,74.33,49.93,23.77,70.04,83.87,9.49,48.84,51.66,12.04,64.94
56,50.22,17.0,32.28,21.93,63.53,65.03,28.84,90.34,4.12,64.85,62.43,25.71,26.93,68.15,62.63,70.26,71.42,72.11,72.92,34.89,29.15,62.37,41.18,38.48,87.64,91.55,41.44,81.86,47.76,36.4,32.98,25.63,92.85,37.16,24.02,104.0,22.14,76.06,64.0,64.94,44.38,4.12,36.06,34.54,87.46,103.97,89.16,78.16,63.29,43.74,36.22,56.72,49.65,44.01,91.27,83.24,0.0,68.07,73.06,89.63,47.01,46.04,101.04,52.15,15.26,76.56,55.01,35.36,80.0,30.36
57,77.16,83.73,84.17,55.03,35.11,5.83,58.59,88.54,72.03,78.82,66.04,79.12,82.87,78.23,25.63,32.25,56.92,4.12,60.08,62.13,84.5,56.82,96.25,64.4,97.05,73.55,92.13,83.77,96.75,56.04,36.35,44.41,64.03,90.87,92.02,79.06,48.05,35.01,95.46,103.59,67.36,72.03,88.14,37.36,91.0,78.1,91.18,102.62,10.3,75.6,81.88,13.42,97.75,24.33,82.23,80.99,68.07,0.0,104.0,77.67,21.1,85.45,82.15,17.46,81.74,81.84,33.84,73.57,69.92,40.8
58,27.78,66.1,42.43,61.03,73.01,98.31,52.55,43.74,74.01,27.73,41.18,48.09,48.51,30.68,80.92,80.16,57.38,107.49,55.36,46.1,46.69,51.11,40.72,42.49,30.08,62.07,35.74,38.01,30.87,50.61,88.24,86.33,73.98,40.8,76.92,74.06,70.23,82.86,9.49,12.04,37.74,74.01,40.02,92.85,36.88,75.03,39.05,9.43,94.05,31.95,37.01,101.02,29.07,85.98,52.15,43.0,73.06,104.0,0.0,55.0,89.31,27.02,66.27,88.24,65.76,34.13,70.77,38.83,51.79,71.55
59,47.51,93.35,74.06,68.26,43.19,72.18,60.8,14.42,92.8,32.31,27.59,75.29,78.41,27.86,52.47,45.61,22.09,79.56,19.24,55.32,78.01,28.23,80.95,52.35,29.15,7.62,74.24,17.03,73.54,53.25,83.43,86.65,21.63,77.52,106.08,19.24,72.92,44.38,52.77,63.64,47.42,92.8,74.95,88.29,20.62,20.1,19.24,47.27,67.9,53.25,67.12,82.1,72.8,72.44,5.0,12.0,89.63,77.67,55.0,0.0,74.17,60.37,12.53,69.0,91.92,21.21,48.09,60.44,9.85,68.01
60,61.61,62.65,64.5,34.89,32.28,18.25,39.82,82.3,51.0,66.85,55.79,59.03,62.65,67.36,25.06,34.48,52.09,25.18,55.04,44.55,64.4,48.37,76.54,47.51,87.8,72.01,72.95,75.95,78.01,39.05,16.55,24.35,66.13,71.2,71.0,80.65,27.2,39.66,80.21,87.11,51.61,51.0,68.6,19.21,83.19,80.01,83.86,89.47,17.46,58.8,63.01,12.04,79.2,3.61,78.03,74.33,47.01,21.1,89.31,74.17,0.0,67.9,81.58,7.07,60.67,72.78,26.08,55.32,65.01,20.59
61,13.34,40.16,16.55,35.85,60.17,80.16,28.43,54.67,47.04,28.3,35.69,21.38,22.47,32.76,65.92,68.15,52.24,89.31,51.62,23.43,21.02,43.01,20.59,21.1,46.62,65.55,13.89,46.4,14.04,29.41,63.81,60.84,73.55,17.69,51.89,78.92,45.28,72.37,18.11,20.12,19.65,47.04,15.62,68.1,49.5,79.48,51.62,32.76,76.32,10.44,10.2,79.93,14.04,64.35,59.68,49.93,46.04,85.45,27.02,60.37,67.9,0.0,72.9,68.41,39.56,40.8,55.15,13.04,53.14,48.27
62,60.03,105.48,86.53,79.4,49.5,77.03,72.35,23.09,104.35,44.78,39.7,87.62,90.8,40.31,58.14,50.01,30.87,83.49,28.65,67.18,90.44,38.83,93.48,64.38,38.33,9.85,86.77,28.44,86.01,64.66,92.36,96.25,19.31,90.05,118.19,8.54,83.35,47.38,64.76,75.5,59.67,104.35,87.46,97.08,30.07,9.85,28.16,58.01,73.0,65.73,79.61,88.28,85.23,80.28,14.14,23.77,101.04,82.15,66.27,12.53,81.58,72.9,0.0,75.8,104.0,33.24,55.79,72.8,21.21,77.82
63,60.88,67.12,66.71,37.64,26.31,13.15,41.18,77.93,56.22,64.41,52.55,61.68,65.46,64.47,18.38,27.73,47.04,21.54,50.09,45.0,67.07,44.38,78.79,47.51,84.43,66.37,74.71,72.03,79.4,39.05,23.32,30.87,59.77,73.41,76.16,74.46,31.14,32.76,79.4,87.0,50.93,56.22,70.68,26.25,79.31,73.76,79.83,87.66,11.18,58.8,64.5,13.6,80.45,8.54,73.06,70.04,52.15,17.46,88.24,69.0,7.07,68.41,75.8,0.0,65.12,69.26,21.21,56.3,60.13,23.54
64,47.51,2.0,23.35,29.83,72.42,78.23,33.12,90.21,12.73,63.51,64.35,18.38,17.26,67.42,73.16,79.81,76.28,85.84,77.2,37.01,19.1,66.61,28.86,39.62,84.97,95.02,31.02,81.61,37.12,40.82,47.76,40.72,98.48,26.08,14.21,108.07,34.01,85.44,57.49,56.04,44.6,12.73,26.02,49.66,86.28,108.23,88.2,72.28,76.03,40.82,29.41,71.06,39.12,57.43,92.76,83.87,15.26,81.74,65.76,91.92,60.67,39.56,104.0,65.12,0.0,76.03,64.29,32.45,82.81,42.01
65,29.0,77.2,55.87,57.01,47.17,76.03,48.38,14.21,79.16,12.73,17.12,58.26,60.88,8.6,56.44,52.63,26.87,84.6,24.08,41.79,60.11,25.08,61.29,38.08,15.23,28.0,54.64,5.66,53.24,41.98,78.01,79.31,40.02,58.41,89.81,40.45,63.79,53.74,31.58,42.43,32.2,79.16,56.08,83.01,11.18,41.3,12.65,27.2,71.55,35.47,48.8,82.86,52.33,70.21,19.31,9.49,76.56,81.84,34.13,21.21,72.78,40.8,33.24,69.26,76.03,0.0,48.47,43.6,18.03,61.03
66,44.94,66.22,58.31,34.48,8.6,28.02,33.02,56.72,59.03,45.0,32.25,55.0,59.0,44.42,10.77,15.52,26.02,37.01,29.0,33.54,60.03,23.41,69.87,34.48,63.69,46.1,64.54,50.96,68.01,27.29,37.12,42.2,41.68,64.63,77.49,55.54,33.29,21.19,62.63,71.56,35.78,59.03,61.66,41.63,58.24,55.04,58.69,68.88,23.6,44.78,54.13,34.71,68.62,24.52,52.0,48.84,55.01,33.84,70.77,48.09,26.08,55.15,55.79,21.21,64.29,48.47,0.0,45.12,39.01,25.61
67,15.23,33.6,14.56,22.83,51.24,68.48,15.56,57.8,37.11,31.06,33.29,14.87,18.03,35.0,55.79,59.3,47.76,77.52,47.93,11.7,17.89,37.95,25.02,11.0,52.92,64.35,19.42,49.2,23.26,18.03,50.77,47.93,70.01,20.02,46.23,77.7,32.25,64.07,29.43,33.12,13.42,37.11,17.03,55.07,53.85,78.03,55.76,43.0,64.85,8.54,9.06,67.36,24.19,51.74,60.83,51.66,35.36,73.57,38.83,60.44,55.32,13.04,72.8,56.3,32.45,43.6,45.12,0.0,51.87,35.38
68,39.92,84.29,65.86,58.52,34.93,64.29,51.22,18.79,83.24,26.17,18.6,66.61,69.89,22.02,44.38,38.48,13.15,72.11,10.05,45.97,69.64,18.38,73.54,43.19,30.48,12.53,66.85,16.4,66.76,43.6,73.76,76.84,22.2,69.78,97.0,25.94,63.07,38.28,48.0,59.0,38.6,83.24,67.08,78.64,22.67,26.4,22.2,45.22,59.91,45.18,59.06,73.44,66.22,63.13,13.04,12.04,80.0,69.92,51.79,9.85,65.01,53.14,21.21,60.13,82.81,18.03,39.01,51.87,0.0,58.19
69,43.86,44.01,43.91,14.32,34.21,36.67,19.85,72.84,34.48,52.47,44.18,38.48,42.15,54.08,32.31,40.31,46.96,44.92,49.24,25.55,43.86,39.85,55.95,29.07,75.11,67.98,52.43,65.28,57.63,21.19,17.26,18.68,66.22,50.61,53.94,79.08,8.25,46.14,62.18,68.01,34.18,34.48,48.02,22.2,72.11,78.77,73.25,73.05,34.13,39.96,42.64,32.45,58.9,17.0,70.88,64.94,30.36,40.8,71.55,68.01,20.59,48.27,77.82,23.54,42.01,61.03,25.61,35.38,58.19,0.0
