vehicles
vehicle_idx, capacity, cost_per_unit_distance
1,100,3
2,100,3
3,100,3
4,100,3
5,100,3
6,100,3
7,100,3
8,100,3
9,100,3
depot
node_idx,x,y
0,36,64
home delivery customers
node_idx,x,y,service_time,demand
1,94,47,10,3
2,41,39,10,13
3,21,14,10,14
4,57,2,10,6
5,5,51,10,17
6,41,50,10,22
7,50,99,10,10
8,58,68,10,7
9,19,40,10,12
10,21,51,10,15
11,57,7,10,18
12,81,6,10,13
13,51,78,10,20
14,95,76,10,10
15,89,44,10,66
16,10,49,10,10
17,69,16,10,7
18,46,22,10,11
self pickup customers
node_idx,x,y,service_time,demand,locker_idxs
19,16,46,10,25,59
20,41,30,10,11,62
21,81,45,10,20,67-61
22,14,79,10,21,65
23,42,56,10,10,62
24,90,17,10,20,57
25,65,96,10,17,55
26,14,42,10,7,59
27,66,62,10,21,60-63
28,84,85,10,19,60
29,97,90,10,21,60
30,60,97,10,15,55
31,15,40,10,24,59
32,88,21,10,25,57
33,33,58,10,2,59-62
34,84,36,10,10,67
35,74,69,10,5,60
36,96,91,10,7,60-55
flexible customers
node_idx,x,y,service_time,demand,locker_idxs
37,10,23,10,12,56
38,25,79,10,4,58
39,41,46,10,16,59-62-56
40,13,49,10,11,62-59
41,21,14,10,36,56
42,58,96,10,11,66-60-55
43,47,76,10,23,66-55
44,11,54,10,19,59
45,60,89,10,22,60-66-55
46,30,93,10,11,58
47,9,60,10,15,59-65
48,47,44,10,22,62
49,49,6,10,3,56
50,9,62,10,14,65-59
51,75,66,10,12,60-63-66
52,97,11,10,24,57
53,1,14,10,18,56
54,74,92,10,12,66-60-55
lockers
node_idx,x,y,service_time,capacity,cost_per_unit_good
55,65,88,10,78
56,25,15,10,99
57,93,12,10,71
58,22,88,10,99
59,19,50,10,81
60,77,85,10,89
61,73,25,10,97
62,39,45,10,95
63,70,74,10,91
64,73,24,10,92
65,16,85,10,98
66,60,82,10,99
67,96,44,10,70
mrt lines
start_node_idx,end_node_idx,freight_capacity,cost_per_unit_good
55,56,99,0.1
56,55,99,0.1
57,58,99,0.1
58,57,99,0.1
distance matrix
,0,1,2,3,4,5,6,7,8,9,10,11,12,13,14,15,16,17,18,19,20,21,22,23,24,25,26,27,28,29,30,31,32,33,34,35,36,37,38,39,40,41,42,43,44,45,46,47,48,49,50,51,52,53,54,55,56,57,58,59,60,61,62,63,64,65,66,67,
0,0.0,60.44,25.5,52.2,65.46,33.62,14.87,37.7,22.36,29.41,19.85,60.75,73.41,20.52,60.21,56.65,30.02,58.25,43.17,26.91,34.37,48.85,26.63,10.0,71.59,43.19,31.11,30.07,52.39,66.31,40.8,31.89,67.48,6.71,55.57,38.33,65.8,48.55,18.6,18.68,27.46,52.2,38.83,16.28,26.93,34.66,29.61,27.29,22.83,59.44,27.07,39.05,80.81,61.03,47.2,37.64,50.22,77.16,27.78,22.02,46.07,53.76,19.24,35.44,54.49,29.0,30.0,63.25
1,60.44,0.0,53.6,80.11,58.26,89.09,53.08,68.12,41.68,75.33,73.11,54.49,43.01,53.01,29.02,5.83,84.02,39.82,54.12,78.01,55.66,13.15,86.16,52.77,30.27,56.94,80.16,31.76,39.29,43.1,60.46,79.31,26.68,61.98,14.87,29.73,44.05,87.36,76.06,53.01,81.02,80.11,60.8,55.23,83.29,54.04,78.82,85.99,47.1,60.88,86.31,26.87,36.12,98.68,49.24,50.22,76.06,35.01,82.86,75.06,41.63,30.41,55.04,36.12,31.14,86.76,48.8,3.61
2,25.5,53.6,0.0,32.02,40.31,37.95,11.0,60.67,33.62,22.02,23.32,35.78,51.86,40.26,65.46,48.26,32.57,36.24,17.72,25.96,9.0,40.45,48.26,17.03,53.71,61.85,27.17,33.97,62.97,75.74,61.03,26.02,50.33,20.62,43.1,44.6,75.69,34.89,43.08,7.0,29.73,32.02,59.48,37.48,33.54,53.49,55.11,38.28,7.81,33.96,39.41,43.42,62.61,47.17,62.43,54.56,28.84,58.59,52.55,24.6,58.41,34.93,6.32,45.45,35.34,52.35,47.01,55.23
3,52.2,80.11,32.02,0.0,37.95,40.31,41.18,89.81,65.46,26.08,37.0,36.67,60.53,70.68,96.54,74.32,36.69,48.04,26.25,32.39,25.61,67.54,65.38,46.96,69.07,93.06,28.86,65.8,94.92,107.48,91.71,26.68,67.36,45.61,66.73,76.38,107.49,14.21,65.12,37.74,35.9,0.0,89.96,67.23,41.23,84.53,79.51,47.54,39.7,29.12,49.48,74.97,76.06,20.0,94.3,86.09,4.12,72.03,74.01,36.06,90.43,53.15,35.85,77.47,52.95,71.18,78.39,80.78
4,65.46,58.26,40.31,37.95,0.0,71.45,50.6,97.25,66.01,53.74,60.8,5.0,24.33,76.24,83.19,52.8,66.47,18.44,22.83,60.14,32.25,49.24,88.19,56.04,36.25,94.34,58.73,60.67,87.28,96.66,95.05,56.64,36.36,60.93,43.42,69.12,97.17,51.48,83.38,46.82,64.38,37.95,94.01,74.67,69.43,87.05,94.92,75.29,43.17,8.94,76.84,66.48,41.0,57.27,91.59,86.37,34.54,37.36,92.85,61.22,85.38,28.02,46.62,73.16,27.2,92.57,80.06,57.31
5,33.62,89.09,37.95,40.31,71.45,0.0,36.01,65.8,55.66,17.8,16.0,68.12,88.32,53.34,93.41,84.29,5.39,72.95,50.22,12.08,41.68,76.24,29.41,37.34,91.55,75.0,12.73,61.98,86.01,99.92,71.7,14.87,88.26,28.86,80.41,71.31,99.4,28.44,34.41,36.35,8.25,40.31,69.53,48.88,6.71,66.85,48.88,9.85,42.58,62.94,11.7,71.59,100.32,37.22,80.26,70.49,41.18,96.25,40.72,14.04,79.62,72.8,34.53,68.95,73.16,35.74,63.13,91.27
6,14.87,53.08,11.0,41.18,50.6,36.01,0.0,49.82,24.76,24.17,20.02,45.88,59.46,29.73,59.93,48.37,31.02,44.05,28.44,25.32,20.0,40.31,39.62,6.08,59.08,51.88,28.16,27.73,55.44,68.82,50.7,27.86,55.23,11.31,45.22,38.08,68.6,41.11,33.12,4.0,28.02,41.18,49.04,26.68,30.27,43.38,44.38,33.53,8.49,44.72,34.18,37.58,68.24,53.81,53.41,44.94,38.48,64.4,42.49,22.0,50.21,40.61,5.39,37.64,41.23,43.01,37.22,55.33
7,37.7,68.12,60.67,89.81,97.25,65.8,49.82,0.0,32.02,66.65,56.08,92.27,98.03,21.02,50.54,67.42,64.03,85.15,77.1,62.97,69.58,62.27,41.18,43.74,91.24,15.3,67.42,40.31,36.77,47.85,10.2,68.6,86.76,44.38,71.59,38.42,46.69,85.88,32.02,53.76,62.2,89.81,8.54,23.19,59.55,14.14,20.88,56.59,55.08,93.01,55.23,41.4,99.76,98.11,25.0,18.6,87.64,97.05,30.08,57.98,30.41,77.49,55.11,32.02,78.45,36.77,19.72,71.7
8,22.36,41.68,33.62,65.46,66.01,55.66,24.76,32.02,0.0,48.01,40.72,61.01,66.13,12.21,37.85,39.2,51.62,53.15,47.54,47.41,41.63,32.53,45.35,20.0,60.21,28.86,51.11,10.0,31.06,44.78,29.07,51.31,55.76,26.93,41.23,16.03,44.42,65.8,34.79,27.8,48.85,65.46,28.0,13.6,49.04,21.1,37.54,49.65,26.4,62.65,49.37,17.12,69.07,78.52,28.84,21.19,62.43,66.04,41.18,42.95,25.5,45.54,29.83,13.42,46.49,45.31,14.14,44.94
9,29.41,75.33,22.02,26.08,53.74,17.8,24.17,66.65,48.01,0.0,11.18,50.33,70.71,49.68,84.1,70.11,12.73,55.46,32.45,6.71,24.17,62.2,39.32,28.02,74.63,72.47,5.39,51.89,79.06,92.65,70.21,4.0,71.57,22.8,65.12,62.18,92.36,19.24,39.46,22.8,10.82,26.08,68.24,45.61,16.12,63.89,54.13,22.36,28.28,45.34,24.17,61.74,83.22,31.62,75.69,66.48,25.71,79.12,48.09,10.0,73.41,56.04,20.62,61.29,56.32,45.1,58.69,77.1
10,19.85,73.11,23.32,37.0,60.8,16.0,20.02,56.08,40.72,11.18,0.0,56.85,75.0,40.36,78.11,68.36,11.18,59.41,38.29,7.07,29.0,60.3,28.86,21.59,76.92,62.94,11.4,46.32,71.59,85.42,60.31,12.53,73.41,13.89,64.76,55.97,85.0,30.08,28.28,20.62,8.25,37.0,58.26,36.07,10.44,54.45,42.95,15.0,26.93,53.0,16.28,56.04,85.88,42.06,67.01,57.49,36.22,81.88,37.01,2.24,65.51,58.14,18.97,54.13,58.59,34.37,49.82,75.33
11,60.75,54.49,35.78,36.67,5.0,68.12,45.88,92.27,61.01,50.33,56.85,0.0,24.02,71.25,78.77,48.92,63.03,15.0,18.6,56.59,28.02,44.94,83.86,51.24,34.48,89.36,55.44,55.73,82.54,92.14,90.05,53.41,34.01,56.36,39.62,64.29,92.61,49.65,78.79,42.15,60.83,36.67,89.01,69.72,65.76,82.05,90.14,71.51,38.33,8.06,73.0,61.68,40.2,56.44,86.68,81.39,32.98,36.35,88.24,57.38,80.52,24.08,42.05,68.25,23.35,88.12,75.06,53.76
12,73.41,43.01,51.86,60.53,24.33,88.32,59.46,98.03,66.13,70.71,75.0,24.02,0.0,78.0,71.39,38.83,83.01,15.62,38.48,76.32,46.65,39.0,99.09,63.41,14.21,91.41,76.06,57.97,79.06,85.51,93.39,74.24,16.55,70.77,30.15,63.39,86.31,73.01,92.01,56.57,80.45,60.53,92.89,77.82,84.88,85.62,100.85,90.0,50.99,32.0,91.21,60.3,16.76,80.4,86.28,83.55,56.72,13.42,101.02,76.03,79.1,20.62,57.31,68.88,19.7,102.3,78.85,40.85
13,20.52,53.01,40.26,70.68,76.24,53.34,29.73,21.02,12.21,49.68,40.36,71.25,78.0,0.0,44.05,50.99,50.22,64.56,56.22,47.42,49.03,44.6,37.01,23.77,72.4,22.8,51.62,21.93,33.73,47.54,21.02,52.35,67.96,26.91,53.41,24.7,46.84,68.6,26.02,33.53,47.8,70.68,19.31,4.47,46.65,14.21,25.81,45.69,34.23,72.03,44.94,26.83,81.27,81.22,26.93,17.2,68.15,78.23,30.68,42.52,26.93,57.38,35.11,19.42,58.31,35.69,9.85,56.4
14,60.21,29.02,65.46,96.54,83.19,93.41,59.93,50.54,37.85,84.1,78.11,78.77,71.39,44.05,0.0,32.56,89.19,65.39,72.92,84.5,70.94,34.01,81.06,56.65,59.21,36.06,87.85,32.2,14.21,14.14,40.82,87.73,55.44,64.56,41.48,22.14,15.03,100.17,70.06,61.77,86.33,96.54,42.06,48.0,86.83,37.34,67.19,87.48,57.69,83.76,87.13,22.36,65.03,112.61,26.4,32.31,92.85,64.03,73.98,80.32,20.12,55.54,64.01,25.08,56.46,79.51,35.51,32.02
15,56.65,5.83,48.26,74.32,52.8,84.29,48.37,67.42,39.2,70.11,68.36,48.92,38.83,50.99,32.56,0.0,79.16,34.41,48.3,73.03,50.0,8.06,82.76,48.51,27.02,57.27,75.03,29.21,41.3,46.69,60.42,74.11,23.02,57.72,9.43,29.15,47.52,81.74,72.95,48.04,76.16,74.32,60.54,52.8,78.64,53.54,76.69,81.58,42.0,55.17,82.0,26.08,33.96,92.97,50.29,50.12,70.26,32.25,80.16,70.26,42.72,24.84,50.01,35.51,25.61,83.73,47.8,7.0
16,30.02,84.02,32.57,36.69,66.47,5.39,31.02,64.03,51.62,12.73,11.18,63.03,83.01,50.22,89.19,79.16,0.0,67.6,45.0,6.71,36.36,71.11,30.27,32.76,86.16,72.35,8.06,57.49,82.29,96.18,69.31,10.3,82.87,24.7,75.13,67.05,95.71,26.0,33.54,31.14,3.0,36.69,67.18,45.8,5.1,64.03,48.33,11.05,37.34,58.05,13.04,67.19,94.94,36.14,77.1,67.42,37.16,90.87,40.8,9.06,76.06,67.42,29.27,65.0,67.78,36.5,59.91,86.15
17,58.25,39.82,36.24,48.04,18.44,72.95,44.05,85.15,53.15,55.46,59.41,15.0,15.62,64.56,65.39,34.41,67.6,0.0,23.77,60.9,31.3,31.38,83.63,48.26,21.02,80.1,60.84,46.1,70.61,79.12,81.5,59.09,19.65,55.32,25.0,53.24,79.71,59.41,76.84,41.04,65.0,48.04,80.75,63.91,69.34,73.55,86.31,74.4,35.61,22.36,75.6,50.36,28.44,68.03,76.16,72.11,44.01,24.33,85.98,60.46,69.46,9.85,41.73,58.01,8.94,87.01,66.61,38.9
18,43.17,54.12,17.72,26.25,22.83,50.22,28.44,77.1,47.54,32.45,38.29,18.6,38.48,56.22,72.92,48.3,45.0,23.77,0.0,38.42,9.43,41.88,65.37,34.23,44.28,76.4,37.74,44.72,73.57,85.0,76.3,35.85,42.01,38.28,40.5,54.71,85.21,36.01,60.75,24.52,42.64,26.25,74.97,54.01,47.42,68.45,72.78,53.04,22.02,16.28,54.49,52.7,52.17,45.71,75.39,68.68,22.14,48.05,70.23,38.9,70.21,27.17,24.04,57.27,27.07,69.78,61.61,54.63
19,26.91,78.01,25.96,32.39,60.14,12.08,25.32,62.97,47.41,6.71,7.07,56.59,76.32,47.42,84.5,73.03,6.71,60.9,38.42,0.0,29.68,65.01,33.06,27.86,79.48,70.01,4.47,52.5,78.39,92.18,67.36,6.08,76.22,20.81,68.73,62.39,91.79,23.77,34.21,25.0,4.24,32.39,65.3,43.14,9.43,61.52,49.04,15.65,31.06,51.86,17.46,62.3,88.24,35.34,74.03,64.54,32.28,84.17,42.43,5.0,72.4,60.75,23.02,60.83,61.1,39.0,56.85,80.02
20,34.37,55.66,9.0,25.61,32.25,41.68,20.0,69.58,41.63,24.17,29.0,28.02,46.65,49.03,70.94,50.0,36.36,31.3,9.43,29.68,0.0,42.72,55.95,26.02,50.7,70.23,29.55,40.61,69.81,82.07,69.64,27.86,47.85,29.12,43.42,51.09,82.13,31.78,51.55,16.0,33.84,25.61,68.15,46.39,38.42,61.98,63.95,43.86,15.23,25.3,45.25,49.52,59.14,43.08,70.24,62.77,21.93,55.03,61.03,29.73,65.73,32.39,15.13,52.7,32.56,60.42,55.36,56.75
21,48.85,13.15,40.45,67.54,49.24,76.24,40.31,62.27,32.53,62.2,60.3,44.94,39.0,44.6,34.01,8.06,71.11,31.38,41.88,65.01,42.72,0.0,75.13,40.52,29.41,53.45,67.07,22.67,40.11,47.76,56.08,66.19,25.0,49.73,9.49,25.0,48.38,74.33,65.51,40.01,68.12,67.54,55.95,46.01,70.58,48.75,70.04,73.55,34.01,50.45,73.98,21.84,37.58,85.8,47.52,45.88,63.53,35.11,73.01,62.2,40.2,21.54,42.0,31.02,22.47,76.32,42.54,15.03
22,26.63,86.16,48.26,65.38,88.19,29.41,39.62,41.18,45.35,39.32,28.86,83.86,99.09,37.01,81.06,82.76,30.27,83.63,65.37,33.06,55.95,75.13,0.0,36.24,98.08,53.76,37.0,54.71,70.26,83.73,49.4,39.01,94.02,28.32,82.15,60.83,82.87,56.14,11.0,42.64,30.02,65.38,47.17,33.14,25.18,47.07,21.26,19.65,48.1,80.96,17.72,62.37,107.3,66.29,61.39,51.79,64.94,103.59,12.04,29.43,63.29,79.98,42.2,56.22,80.66,6.32,46.1,89.16
23,10.0,52.77,17.03,46.96,56.04,37.34,6.08,43.74,20.0,28.02,21.59,51.24,63.41,23.77,56.65,48.51,32.76,48.26,34.23,27.86,26.02,40.52,36.24,0.0,61.85,46.14,31.3,24.74,51.04,64.66,44.78,31.38,57.8,9.22,46.52,34.54,64.35,45.97,28.6,10.05,29.83,46.96,43.08,20.62,31.06,37.59,38.9,33.24,13.0,50.49,33.54,34.48,71.06,58.69,48.17,39.41,44.38,67.36,37.74,23.77,45.45,43.84,11.4,33.29,44.55,38.95,31.62,55.32
24,71.59,30.27,53.71,69.07,36.25,91.55,59.08,91.24,60.21,74.63,76.92,34.48,14.21,72.4,59.21,27.02,86.16,21.02,44.28,79.48,50.7,29.41,98.08,61.85,0.0,82.86,80.01,51.0,68.26,73.33,85.44,78.45,4.47,70.21,19.92,54.41,74.24,80.22,89.83,56.94,83.38,69.07,85.23,73.01,87.24,78.0,96.83,91.71,50.77,42.45,92.66,51.24,9.22,89.05,76.69,75.27,65.03,5.83,98.31,78.29,69.23,18.79,58.18,60.41,18.38,100.5,71.59,27.66
25,43.19,56.94,61.85,93.06,94.34,75.0,51.88,15.3,28.86,72.47,62.94,89.36,91.41,22.8,36.06,57.27,72.35,80.1,76.4,70.01,70.23,53.45,53.76,46.14,82.86,0.0,74.28,34.01,21.95,32.56,5.1,75.07,78.45,49.68,62.94,28.46,31.4,91.4,43.46,55.46,70.09,93.06,7.0,26.91,68.41,8.6,35.13,66.57,55.03,91.41,65.51,31.62,90.82,104.02,9.85,8.0,90.34,88.54,43.74,65.05,16.28,71.45,57.25,22.56,72.44,50.22,14.87,60.54
26,31.11,80.16,27.17,28.86,58.73,12.73,28.16,67.42,51.11,5.39,11.4,55.44,76.06,51.62,87.85,75.03,8.06,60.84,37.74,4.47,29.55,67.07,37.0,31.3,80.01,74.28,0.0,55.71,82.15,95.88,71.7,2.24,76.92,24.84,70.26,65.8,95.52,19.42,38.6,27.29,7.07,28.86,69.66,47.38,12.37,65.76,53.45,18.68,33.06,50.21,20.62,65.55,88.6,30.87,78.1,68.68,29.15,84.5,46.69,9.43,76.28,61.4,25.18,64.5,61.68,43.05,60.96,82.02
27,30.07,31.76,33.97,65.8,60.67,61.98,27.73,40.31,10.0,51.89,46.32,55.73,57.97,21.93,32.2,29.21,57.49,46.1,44.72,52.5,40.61,22.67,54.71,24.74,51.0,34.01,55.71,0.0,29.21,41.77,35.51,55.54,46.53,33.24,31.62,10.63,41.73,68.24,44.38,29.68,54.57,65.8,34.93,23.6,55.58,27.66,47.51,57.04,26.17,58.52,57.0,9.85,59.68,80.8,31.05,26.02,62.37,56.82,51.11,48.51,25.5,37.66,31.91,12.65,38.64,55.04,20.88,34.99
28,52.39,39.29,62.97,94.92,87.28,86.01,55.44,36.77,31.06,79.06,71.59,82.54,79.06,33.73,14.21,41.3,82.29,70.61,73.57,78.39,69.81,40.11,70.26,51.04,68.26,21.95,82.15,29.21,0.0,13.93,26.83,82.38,64.12,57.71,49.0,18.87,13.42,96.54,59.3,58.05,79.61,94.92,28.23,38.08,79.31,24.33,54.59,79.06,55.23,86.41,78.45,21.02,75.13,109.22,12.21,19.24,91.55,73.55,62.07,73.82,7.0,61.0,60.21,17.8,61.98,68.0,24.19,42.72
29,66.31,43.1,75.74,107.48,96.66,99.92,68.82,47.85,44.78,92.65,85.42,92.14,85.51,47.54,14.14,46.69,96.18,79.12,85.0,92.18,82.07,47.76,83.73,64.66,73.33,32.56,95.88,41.77,13.93,0.0,37.66,96.04,69.58,71.55,55.54,31.14,1.41,109.81,72.84,71.22,93.47,107.48,39.46,51.92,93.23,37.01,67.07,92.97,67.94,96.75,92.35,32.56,79.0,122.44,23.09,32.06,103.97,78.1,75.03,87.66,20.62,69.29,73.41,31.38,70.23,81.15,37.85,46.01
30,40.8,60.46,61.03,91.71,95.05,71.7,50.7,10.2,29.07,70.21,60.31,90.05,93.39,21.02,40.82,60.42,69.31,81.5,76.3,67.36,69.64,56.08,49.4,44.78,85.44,5.1,71.7,35.51,26.83,37.66,0.0,72.62,80.99,47.43,65.55,31.3,36.5,89.31,39.36,54.42,67.18,91.71,2.24,24.7,65.19,8.0,30.27,63.01,54.57,91.66,61.85,34.44,93.62,101.83,14.87,10.3,89.16,91.18,39.05,62.37,20.81,73.16,56.08,25.08,74.15,45.61,15.0,64.07
31,31.89,79.31,26.02,26.68,56.64,14.87,27.86,68.6,51.31,4.0,12.53,53.41,74.24,52.35,87.73,74.11,10.3,59.09,35.85,6.08,27.86,66.19,39.01,31.38,78.45,75.07,2.24,55.54,82.38,96.04,72.62,0.0,75.43,25.46,69.12,65.74,95.72,17.72,40.26,26.68,9.22,26.68,70.6,48.17,14.56,66.53,55.08,20.88,32.25,48.08,22.8,65.39,86.98,29.53,78.64,69.31,26.93,82.87,48.51,10.77,76.61,59.91,24.52,64.66,60.17,45.01,61.55,81.1
32,67.48,26.68,50.33,67.36,36.36,88.26,55.23,86.76,55.76,71.57,73.41,34.01,16.55,67.96,55.44,23.02,82.87,19.65,42.01,76.22,47.85,25.0,94.02,57.8,4.47,78.45,76.92,46.53,64.12,69.58,80.99,75.43,0.0,66.29,15.52,50.0,70.46,78.03,85.63,53.24,80.06,67.36,80.78,68.6,83.77,73.54,92.46,88.1,47.01,41.79,89.01,46.84,13.45,87.28,72.37,70.84,63.29,10.3,94.05,74.85,64.94,15.52,54.56,55.97,15.3,96.33,67.12,24.35
33,6.71,61.98,20.62,45.61,60.93,28.86,11.31,44.38,26.93,22.8,13.89,56.36,70.77,26.91,64.56,57.72,24.7,55.32,38.28,20.81,29.12,49.73,28.32,9.22,70.21,49.68,24.84,33.24,57.71,71.55,47.43,25.46,66.29,0.0,55.54,42.45,71.12,41.88,22.47,14.42,21.93,45.61,45.49,22.8,22.36,41.11,35.13,24.08,19.8,54.41,24.33,42.76,79.4,54.41,53.26,43.86,43.74,75.6,31.95,16.12,51.62,51.86,14.32,40.31,52.5,31.91,36.12,64.54
34,55.57,14.87,43.1,66.73,43.42,80.41,45.22,71.59,41.23,65.12,64.76,39.62,30.15,53.41,41.48,9.43,75.13,25.0,40.5,68.73,43.42,9.49,82.15,46.52,19.92,62.94,70.26,31.62,49.0,55.54,65.55,69.12,15.52,55.54,0.0,34.48,56.29,75.13,73.01,44.15,72.18,66.73,65.39,54.49,75.19,58.18,78.52,78.75,37.85,46.1,79.38,31.32,28.18,85.87,56.89,55.36,62.63,25.63,80.92,66.49,49.5,15.56,45.89,40.5,16.28,83.82,51.88,14.42
35,38.33,29.73,44.6,76.38,69.12,71.31,38.08,38.42,16.03,62.18,55.97,64.29,63.39,24.7,22.14,29.15,67.05,53.24,54.71,62.39,51.09,25.0,60.83,34.54,54.41,28.46,65.8,10.63,18.87,31.14,31.3,65.74,50.0,42.45,34.48,0.0,31.11,78.82,50.01,40.22,64.2,76.38,31.38,27.89,64.76,24.41,50.12,65.62,36.8,67.78,65.38,3.16,62.39,91.4,23.0,21.02,72.92,60.08,55.36,58.19,16.28,44.01,42.44,6.4,45.01,60.17,19.1,33.3
36,65.8,44.05,75.69,107.49,97.17,99.4,68.6,46.69,44.42,92.36,85.0,92.61,86.31,46.84,15.03,47.52,95.71,79.71,85.21,91.79,82.13,48.38,82.87,64.35,74.24,31.4,95.52,41.73,13.42,1.41,36.5,95.72,70.46,71.12,56.29,31.11,0.0,109.64,72.01,71.06,93.02,107.49,38.33,51.24,92.7,36.06,66.03,92.36,67.9,97.13,91.71,32.65,80.01,122.29,22.02,31.14,104.0,79.06,74.06,87.24,19.92,69.89,73.25,31.06,70.84,80.22,37.11,47.0
37,48.55,87.36,34.89,14.21,51.48,28.44,41.11,85.88,65.8,19.24,30.08,49.65,73.01,68.6,100.17,81.74,26.0,59.41,36.01,23.77,31.78,74.33,56.14,45.97,80.22,91.4,19.42,68.24,96.54,109.81,89.31,17.72,78.03,41.88,75.13,78.82,109.64,0.0,57.97,38.6,26.17,14.21,87.37,64.64,31.02,82.8,72.8,37.01,42.54,42.54,39.01,77.94,87.82,12.73,94.11,85.15,17.0,83.73,66.1,28.46,91.29,63.03,36.4,78.75,63.01,62.29,77.34,88.53
38,18.6,76.06,43.08,65.12,83.38,34.41,33.12,32.02,34.79,39.46,28.28,78.79,92.01,26.02,70.06,72.95,33.54,76.84,60.75,34.21,51.55,65.51,11.0,28.6,89.83,43.46,38.6,44.38,59.3,72.84,39.36,40.26,85.63,22.47,73.01,50.01,72.01,57.97,0.0,36.67,32.31,65.12,37.12,22.2,28.65,36.4,14.87,24.84,41.34,76.84,23.35,51.66,99.04,69.29,50.7,41.0,64.0,95.46,9.49,29.61,52.35,72.25,36.77,45.28,73.0,10.82,35.13,79.16
39,18.68,53.01,7.0,37.74,46.82,36.35,4.0,53.76,27.8,22.8,20.62,42.15,56.57,33.53,61.77,48.04,31.14,41.04,24.52,25.0,16.0,40.01,42.64,10.05,56.94,55.46,27.29,29.68,58.05,71.22,54.42,26.68,53.24,14.42,44.15,40.22,71.06,38.6,36.67,0.0,28.16,37.74,52.81,30.59,31.05,47.01,48.27,34.93,6.32,40.79,35.78,39.45,66.04,51.22,56.61,48.37,34.89,62.13,46.1,22.36,53.08,38.28,2.24,40.31,38.83,46.32,40.71,55.04
40,27.46,81.02,29.73,35.9,64.38,8.25,28.02,62.2,48.85,10.82,8.25,60.83,80.45,47.8,86.33,76.16,3.0,65.0,42.64,4.24,33.84,68.12,30.02,29.83,83.38,70.09,7.07,54.57,79.61,93.47,67.18,9.22,80.06,21.93,72.18,64.2,93.02,26.17,32.31,28.16,0.0,35.9,65.07,43.42,5.39,61.72,47.17,11.7,34.37,56.08,13.6,64.29,92.2,37.0,74.63,65.0,36.06,88.14,40.02,6.08,73.43,64.62,26.31,62.24,65.0,36.12,57.43,83.15
41,52.2,80.11,32.02,0.0,37.95,40.31,41.18,89.81,65.46,26.08,37.0,36.67,60.53,70.68,96.54,74.32,36.69,48.04,26.25,32.39,25.61,67.54,65.38,46.96,69.07,93.06,28.86,65.8,94.92,107.48,91.71,26.68,67.36,45.61,66.73,76.38,107.49,14.21,65.12,37.74,35.9,0.0,89.96,67.23,41.23,84.53,79.51,47.54,39.7,29.12,49.48,74.97,76.06,20.0,94.3,86.09,4.12,72.03,74.01,36.06,90.43,53.15,35.85,77.47,52.95,71.18,78.39,80.78
42,38.83,60.8,59.48,89.96,94.01,69.53,49.04,8.54,28.0,68.24,58.26,89.01,92.89,19.31,42.06,60.54,67.18,80.75,74.97,65.3,68.15,55.95,47.17,43.08,85.23,7.0,69.66,34.93,28.23,39.46,2.24,70.6,80.78,45.49,65.39,31.38,38.33,87.37,37.12,52.81,65.07,89.96,0.0,22.83,63.03,7.28,28.16,60.8,53.15,90.45,59.64,34.48,93.52,99.86,16.49,10.63,87.46,91.0,36.88,60.31,21.95,72.57,54.42,25.06,73.55,43.42,14.14,64.4
43,16.28,55.23,37.48,67.23,74.67,48.88,26.68,23.19,13.6,45.61,36.07,69.72,77.82,4.47,48.0,52.8,45.8,63.91,54.01,43.14,46.39,46.01,33.14,20.62,73.01,26.91,47.38,23.6,38.08,51.92,24.7,48.17,68.6,22.8,54.49,27.89,51.24,64.64,22.2,30.59,43.42,67.23,22.83,0.0,42.19,18.38,24.04,41.23,32.0,70.03,40.5,29.73,82.01,77.2,31.38,21.63,64.85,78.82,27.73,38.21,31.32,57.25,32.02,23.09,58.14,32.28,14.32,58.52
44,26.93,83.29,33.54,41.23,69.43,6.71,30.27,59.55,49.04,16.12,10.44,65.76,84.88,46.65,86.83,78.64,5.1,69.34,47.42,9.43,38.42,70.58,25.18,31.06,87.24,68.41,12.37,55.58,79.31,93.23,65.19,14.56,83.77,22.36,75.19,64.76,92.7,31.02,28.65,31.05,5.39,41.23,63.03,42.19,0.0,60.22,43.38,6.32,37.36,61.22,8.25,65.12,96.15,41.23,73.57,63.81,41.44,92.13,35.74,8.94,72.92,68.45,29.41,62.3,68.88,31.4,56.44,85.59
45,34.66,54.04,53.49,84.53,87.05,66.85,43.38,14.14,21.1,63.89,54.45,82.05,85.62,14.21,37.34,53.54,64.03,73.55,68.45,61.52,61.98,48.75,47.07,37.59,78.0,8.6,65.76,27.66,24.33,37.01,8.0,66.53,73.54,41.11,58.18,24.41,36.06,82.8,36.4,47.01,61.72,84.53,7.28,18.38,60.22,0.0,30.27,58.67,46.84,83.73,57.71,27.46,86.33,95.43,14.32,5.1,81.86,83.77,38.01,56.59,17.46,65.31,48.75,18.03,66.29,44.18,7.0,57.63
46,29.61,78.82,55.11,79.51,94.92,48.88,44.38,20.88,37.54,54.13,42.95,90.14,100.85,25.81,67.19,76.69,48.33,86.31,72.78,49.04,63.95,70.04,21.26,38.9,96.83,35.13,53.45,47.51,54.59,67.07,30.27,55.08,92.46,35.13,78.52,50.12,66.03,72.8,14.87,48.27,47.17,79.51,28.16,24.04,43.38,30.27,0.0,39.12,51.87,89.05,37.44,52.48,105.89,84.15,44.01,35.36,78.16,102.62,9.43,44.38,47.68,80.45,48.84,44.28,81.3,16.12,31.95,82.2
47,27.29,85.99,38.28,47.54,75.29,9.85,33.53,56.59,49.65,22.36,15.0,71.51,90.0,45.69,87.48,81.58,11.05,74.4,53.04,15.65,43.86,73.55,19.65,33.24,91.71,66.57,18.68,57.04,79.06,92.97,63.01,20.88,88.1,24.08,78.75,65.62,92.36,37.01,24.84,34.93,11.7,47.54,60.8,41.23,6.32,58.67,39.12,0.0,41.23,67.2,2.0,66.27,100.72,46.69,72.45,62.61,47.76,96.75,30.87,14.14,72.45,72.95,33.54,62.59,73.43,25.96,55.54,88.46
48,22.83,47.1,7.81,39.7,43.17,42.58,8.49,55.08,26.4,28.28,26.93,38.33,50.99,34.23,57.69,42.0,37.34,35.61,22.02,31.06,15.23,34.01,48.1,13.0,50.77,55.03,33.06,26.17,55.23,67.94,54.57,32.25,47.01,19.8,37.85,36.8,67.9,42.54,41.34,6.32,34.37,39.7,53.15,32.0,37.36,46.84,51.87,41.23,0.0,38.05,42.05,35.61,59.91,54.92,55.07,47.54,36.4,56.04,50.61,28.64,50.8,32.2,8.06,37.8,32.8,51.4,40.16,49.0
49,59.44,60.88,33.96,29.12,8.94,62.94,44.72,93.01,62.65,45.34,53.0,8.06,32.0,72.03,83.76,55.17,58.05,22.36,16.28,51.86,25.3,50.45,80.96,50.49,42.45,91.41,50.21,58.52,86.41,96.75,91.66,48.08,41.79,54.41,46.1,67.78,97.13,42.54,76.84,40.79,56.08,29.12,90.45,70.03,61.22,83.73,89.05,67.2,38.05,0.0,68.82,65.39,48.26,48.66,89.56,83.55,25.63,44.41,86.33,53.25,83.82,30.61,40.26,71.17,30.0,85.62,76.79,60.44
50,27.07,86.31,39.41,49.48,76.84,11.7,34.18,55.23,49.37,24.17,16.28,73.0,91.21,44.94,87.13,82.0,13.04,75.6,54.49,17.46,45.25,73.98,17.72,33.54,92.66,65.51,20.62,57.0,78.45,92.35,61.85,22.8,89.01,24.33,79.38,65.38,91.71,39.01,23.35,35.78,13.6,49.48,59.64,40.5,8.25,57.71,37.44,2.0,42.05,68.82,0.0,66.12,101.71,48.66,71.59,61.74,49.65,97.75,29.07,15.62,71.78,73.93,34.48,62.17,74.43,24.04,54.78,88.84
51,39.05,26.87,43.42,74.97,66.48,71.59,37.58,41.4,17.12,61.74,56.04,61.68,60.3,26.83,22.36,26.08,67.19,50.36,52.7,62.3,49.52,21.84,62.37,34.48,51.24,31.62,65.55,9.85,21.02,32.56,34.44,65.39,46.84,42.76,31.32,3.16,32.65,77.94,51.66,39.45,64.29,74.97,34.48,29.73,65.12,27.46,52.48,66.27,35.61,65.39,66.12,0.0,59.24,90.44,26.02,24.17,71.42,56.92,57.38,58.24,19.1,41.05,41.68,9.43,42.05,61.98,21.93,30.41
52,80.81,36.12,62.61,76.06,41.0,100.32,68.24,99.76,69.07,83.22,85.88,40.2,16.76,81.27,65.03,33.96,94.94,28.44,52.17,88.24,59.14,37.58,107.3,71.06,9.22,90.82,88.6,59.68,75.13,79.0,93.62,86.98,13.45,79.4,28.18,62.39,80.01,87.82,99.04,66.04,92.2,76.06,93.52,82.01,96.15,86.33,105.89,100.72,59.91,48.26,101.71,59.24,0.0,96.05,84.2,83.38,72.11,4.12,107.49,87.21,76.66,27.78,67.23,68.54,27.29,109.71,80.06,33.02
53,61.03,98.68,47.17,20.0,57.27,37.22,53.81,98.11,78.52,31.62,42.06,56.44,80.4,81.22,112.61,92.97,36.14,68.03,45.71,35.34,43.08,85.8,66.29,58.69,89.05,104.02,30.87,80.8,109.22,122.44,101.83,29.53,87.28,54.41,85.87,91.4,122.29,12.73,69.29,51.22,37.0,20.0,99.86,77.2,41.23,95.43,84.15,46.69,54.92,48.66,48.66,90.44,96.05,0.0,106.83,97.84,24.02,92.02,76.92,40.25,104.0,72.84,49.04,91.44,72.69,72.57,90.03,99.62
54,47.2,49.24,62.43,94.3,91.59,80.26,53.41,25.0,28.84,75.69,67.01,86.68,86.28,26.93,26.4,50.29,77.1,76.16,75.39,74.03,70.24,47.52,61.39,48.17,76.69,9.85,78.1,31.05,12.21,23.09,14.87,78.64,72.37,53.26,56.89,23.0,22.02,94.11,50.7,56.61,74.63,94.3,16.49,31.38,73.57,14.32,44.01,72.45,55.07,89.56,71.59,26.02,84.2,106.83,0.0,9.85,91.27,82.23,52.15,69.2,7.62,67.01,58.6,18.44,68.01,58.42,17.2,52.8
55,37.64,50.22,54.56,86.09,86.37,70.49,44.94,18.6,21.19,66.48,57.49,81.39,83.55,17.2,32.31,50.12,67.42,72.11,68.68,64.54,62.77,45.88,51.79,39.41,75.27,8.0,68.68,26.02,19.24,32.06,10.3,69.31,70.84,43.86,55.36,21.02,31.14,85.15,41.0,48.37,65.0,86.09,10.63,21.63,63.81,5.1,35.36,62.61,47.54,83.55,61.74,24.17,83.38,97.84,9.85,0.0,83.24,80.99,43.0,59.67,12.37,63.51,50.25,14.87,64.5,49.09,7.81,53.82
56,50.22,76.06,28.84,4.12,34.54,41.18,38.48,87.64,62.43,25.71,36.22,32.98,56.72,68.15,92.85,70.26,37.16,44.01,22.14,32.28,21.93,63.53,64.94,44.38,65.03,90.34,29.15,62.37,91.55,103.97,89.16,26.93,63.29,43.74,62.63,72.92,104.0,17.0,64.0,34.89,36.06,4.12,87.46,64.85,41.44,81.86,78.16,47.76,36.4,25.63,49.65,71.42,72.11,24.02,91.27,83.24,0.0,68.07,73.06,35.51,87.2,49.03,33.11,74.2,48.84,70.58,75.59,76.69
57,77.16,35.01,58.59,72.03,37.36,96.25,64.4,97.05,66.04,79.12,81.88,36.35,13.42,78.23,64.03,32.25,90.87,24.33,48.05,84.17,55.03,35.11,103.59,67.36,5.83,88.54,84.5,56.82,73.55,78.1,91.18,82.87,10.3,75.6,25.63,60.08,79.06,83.73,95.46,62.13,88.14,72.03,91.0,78.82,92.13,83.77,102.62,96.75,56.04,44.41,97.75,56.92,4.12,92.02,82.23,80.99,68.07,0.0,104.0,83.19,74.73,23.85,63.29,66.13,23.32,106.1,77.39,32.14
58,27.78,82.86,52.55,74.01,92.85,40.72,42.49,30.08,41.18,48.09,37.01,88.24,101.02,30.68,73.98,80.16,40.8,85.98,70.23,42.43,61.03,73.01,12.04,37.74,98.31,43.74,46.69,51.11,62.07,75.03,39.05,48.51,94.05,31.95,80.92,55.36,74.06,66.1,9.49,46.1,40.02,74.01,36.88,27.73,35.74,38.01,9.43,30.87,50.61,86.33,29.07,57.38,107.49,76.92,52.15,43.0,73.06,104.0,0.0,38.12,55.08,81.06,46.24,50.0,81.84,6.71,38.47,86.09
59,22.02,75.06,24.6,36.06,61.22,14.04,22.0,57.98,42.95,10.0,2.24,57.38,76.03,42.52,80.32,70.26,9.06,60.46,38.9,5.0,29.73,62.2,29.43,23.77,78.29,65.05,9.43,48.51,73.82,87.66,62.37,10.77,74.85,16.12,66.49,58.19,87.24,28.46,29.61,22.36,6.08,36.06,60.31,38.21,8.94,56.59,44.38,14.14,28.64,53.25,15.62,58.24,87.21,40.25,69.2,59.67,35.51,83.19,38.12,0.0,67.74,59.51,20.62,56.36,59.93,35.13,52.01,77.23
60,46.07,41.63,58.41,90.43,85.38,79.62,50.21,30.41,25.5,73.41,65.51,80.52,79.1,26.93,20.12,42.72,76.06,69.46,70.21,72.4,65.73,40.2,63.29,45.45,69.23,16.28,76.28,25.5,7.0,20.62,20.81,76.61,64.94,51.62,49.5,16.28,19.92,91.29,52.35,53.08,73.43,90.43,21.95,31.32,72.92,17.46,47.68,72.45,50.8,83.82,71.78,19.1,76.66,104.0,7.62,12.37,87.2,74.73,55.08,67.74,0.0,60.13,55.17,13.04,61.13,61.0,17.26,45.19
61,53.76,30.41,34.93,53.15,28.02,72.8,40.61,77.49,45.54,56.04,58.14,24.08,20.62,57.38,55.54,24.84,67.42,9.85,27.17,60.75,32.39,21.54,79.98,43.84,18.79,71.45,61.4,37.66,61.0,69.29,73.16,59.91,15.52,51.86,15.56,44.01,69.89,63.03,72.25,38.28,64.62,53.15,72.57,57.25,68.45,65.31,80.45,72.95,32.2,30.61,73.93,41.05,27.78,72.84,67.01,63.51,49.03,23.85,81.06,59.51,60.13,0.0,39.45,49.09,1.0,82.76,58.46,29.83
62,19.24,55.04,6.32,35.85,46.62,34.53,5.39,55.11,29.83,20.62,18.97,42.05,57.31,35.11,64.01,50.01,29.27,41.73,24.04,23.02,15.13,42.0,42.2,11.4,58.18,57.25,25.18,31.91,60.21,73.41,56.08,24.52,54.56,14.32,45.89,42.44,73.25,36.4,36.77,2.24,26.31,35.85,54.42,32.02,29.41,48.75,48.84,33.54,8.06,40.26,34.48,41.68,67.23,49.04,58.6,50.25,33.11,63.29,46.24,20.62,55.17,39.45,0.0,42.45,39.96,46.14,42.54,57.01
63,35.44,36.12,45.45,77.47,73.16,68.95,37.64,32.02,13.42,61.29,54.13,68.25,68.88,19.42,25.08,35.51,65.0,58.01,57.27,60.83,52.7,31.02,56.22,33.29,60.41,22.56,64.5,12.65,17.8,31.38,25.08,64.66,55.97,40.31,40.5,6.4,31.06,78.75,45.28,40.31,62.24,77.47,25.06,23.09,62.3,18.03,44.28,62.59,37.8,71.17,62.17,9.43,68.54,91.44,18.44,14.87,74.2,66.13,50.0,56.36,13.04,49.09,42.45,0.0,50.09,55.11,12.81,39.7
64,54.49,31.14,35.34,52.95,27.2,73.16,41.23,78.45,46.49,56.32,58.59,23.35,19.7,58.31,56.46,25.61,67.78,8.94,27.07,61.1,32.56,22.47,80.66,44.55,18.38,72.44,61.68,38.64,61.98,70.23,74.15,60.17,15.3,52.5,16.28,45.01,70.84,63.01,73.0,38.83,65.0,52.95,73.55,58.14,68.88,66.29,81.3,73.43,32.8,30.0,74.43,42.05,27.29,72.69,68.01,64.5,48.84,23.32,81.84,59.93,61.13,1.0,39.96,50.09,0.0,83.49,59.44,30.48
65,29.0,86.76,52.35,71.18,92.57,35.74,43.01,36.77,45.31,45.1,34.37,88.12,102.3,35.69,79.51,83.73,36.5,87.01,69.78,39.0,60.42,76.32,6.32,38.95,100.5,50.22,43.05,55.04,68.0,81.15,45.61,45.01,96.33,31.91,83.82,60.17,80.22,62.29,10.82,46.32,36.12,71.18,43.42,32.28,31.4,44.18,16.12,25.96,51.4,85.62,24.04,61.98,109.71,72.57,58.42,49.09,70.58,106.1,6.71,35.13,61.0,82.76,46.14,55.11,83.49,0.0,44.1,89.89
66,30.0,48.8,47.01,78.39,80.06,63.13,37.22,19.72,14.14,58.69,49.82,75.06,78.85,9.85,35.51,47.8,59.91,66.61,61.61,56.85,55.36,42.54,46.1,31.62,71.59,14.87,60.96,20.88,24.19,37.85,15.0,61.55,67.12,36.12,51.88,19.1,37.11,77.34,35.13,40.71,57.43,78.39,14.14,14.32,56.44,7.0,31.95,55.54,40.16,76.79,54.78,21.93,80.06,90.03,17.2,7.81,75.59,77.39,38.47,52.01,17.26,58.46,42.54,12.81,59.44,44.1,0.0,52.35
67,63.25,3.61,55.23,80.78,57.31,91.27,55.33,71.7,44.94,77.1,75.33,53.76,40.85,56.4,32.02,7.0,86.15,38.9,54.63,80.02,56.75,15.03,89.16,55.32,27.66,60.54,82.02,34.99,42.72,46.01,64.07,81.1,24.35,64.54,14.42,33.3,47.0,88.53,79.16,55.04,83.15,80.78,64.4,58.52,85.59,57.63,82.2,88.46,49.0,60.44,88.84,30.41,33.02,99.62,52.8,53.82,76.69,32.14,86.09,77.23,45.19,29.83,57.01,39.7,30.48,89.89,52.35,0.0
