set K:= 1	2	3	4	5	6	7	8	9;
set C_H:= 1	2	3	4	5	6	7	8	9	10	11	12	13	14	15	16	17	18	19	20	21;
set C_S:= 22	23	24	25	26	27	28	29	30	31	32	33	34	35	36	37	38	39	40;
set C_F:= 41	42	43	44	45	46	47	48	49	50	51	52	53	54	55	56	57	58	59;
set M:= 60	61;
set L_B:= 62	63	64	65	66	67	68	69	70;
set A1:=
(0,*) 1 2 3 4 5 6 7 8 9 10 11 12 13 14 15 16 17 18 19 20 21 41 42 43 44 45 46 47 48 49 50 51 52 53 54 55 56 57 58 59 60 61 62 63 64 65 66 67 68 69 70
(1,*) 0 2 3 4 5 6 7 8 9 10 11 12 13 14 15 16 17 18 19 20 21 41 42 43 44 45 46 47 48 49 50 51 52 53 54 55 56 57 58 59 60 61 62 63 64 65 66 67 68 69 70
(2,*) 0 1 3 4 5 6 7 8 9 10 11 12 13 14 15 16 17 18 19 20 21 41 42 43 44 45 46 47 48 49 50 51 52 53 54 55 56 57 58 59 60 61 62 63 64 65 66 67 68 69 70
(3,*) 0 1 2 4 5 6 7 8 9 10 11 12 13 14 15 16 17 18 19 20 21 41 42 43 44 45 46 47 48 49 50 51 52 53 54 55 56 57 58 59 60 61 62 63 64 65 66 67 68 69 70
(4,*) 0 1 2 3 5 6 7 8 9 10 11 12 13 14 15 16 17 18 19 20 21 41 42 43 44 45 46 47 48 49 50 51 52 53 54 55 56 57 58 59 60 61 62 63 64 65 66 67 68 69 70
(5,*) 0 1 2 3 4 6 7 8 9 10 11 12 13 14 15 16 17 18 19 20 21 41 42 43 44 45 46 47 48 49 50 51 52 53 54 55 56 57 58 59 60 61 62 63 64 65 66 67 68 69 70
(6,*) 0 1 2 3 4 5 7 8 9 10 11 12 13 14 15 16 17 18 19 20 21 41 42 43 44 45 46 47 48 49 50 51 52 53 54 55 56 57 58 59 60 61 62 63 64 65 66 67 68 69 70
(7,*) 0 1 2 3 4 5 6 8 9 10 11 12 13 14 15 16 17 18 19 20 21 41 42 43 44 45 46 47 48 49 50 51 52 53 54 55 56 57 58 59 60 61 62 63 64 65 66 67 68 69 70
(8,*) 0 1 2 3 4 5 6 7 9 10 11 12 13 14 15 16 17 18 19 20 21 41 42 43 44 45 46 47 48 49 50 51 52 53 54 55 56 57 58 59 60 61 62 63 64 65 66 67 68 69 70
(9,*) 0 1 2 3 4 5 6 7 8 10 11 12 13 14 15 16 17 18 19 20 21 41 42 43 44 45 46 47 48 49 50 51 52 53 54 55 56 57 58 59 60 61 62 63 64 65 66 67 68 69 70
(10,*) 0 1 2 3 4 5 6 7 8 9 11 12 13 14 15 16 17 18 19 20 21 41 42 43 44 45 46 47 48 49 50 51 52 53 54 55 56 57 58 59 60 61 62 63 64 65 66 67 68 69 70
(11,*) 0 1 2 3 4 5 6 7 8 9 10 12 13 14 15 16 17 18 19 20 21 41 42 43 44 45 46 47 48 49 50 51 52 53 54 55 56 57 58 59 60 61 62 63 64 65 66 67 68 69 70
(12,*) 0 1 2 3 4 5 6 7 8 9 10 11 13 14 15 16 17 18 19 20 21 41 42 43 44 45 46 47 48 49 50 51 52 53 54 55 56 57 58 59 60 61 62 63 64 65 66 67 68 69 70
(13,*) 0 1 2 3 4 5 6 7 8 9 10 11 12 14 15 16 17 18 19 20 21 41 42 43 44 45 46 47 48 49 50 51 52 53 54 55 56 57 58 59 60 61 62 63 64 65 66 67 68 69 70
(14,*) 0 1 2 3 4 5 6 7 8 9 10 11 12 13 15 16 17 18 19 20 21 41 42 43 44 45 46 47 48 49 50 51 52 53 54 55 56 57 58 59 60 61 62 63 64 65 66 67 68 69 70
(15,*) 0 1 2 3 4 5 6 7 8 9 10 11 12 13 14 16 17 18 19 20 21 41 42 43 44 45 46 47 48 49 50 51 52 53 54 55 56 57 58 59 60 61 62 63 64 65 66 67 68 69 70
(16,*) 0 1 2 3 4 5 6 7 8 9 10 11 12 13 14 15 17 18 19 20 21 41 42 43 44 45 46 47 48 49 50 51 52 53 54 55 56 57 58 59 60 61 62 63 64 65 66 67 68 69 70
(17,*) 0 1 2 3 4 5 6 7 8 9 10 11 12 13 14 15 16 18 19 20 21 41 42 43 44 45 46 47 48 49 50 51 52 53 54 55 56 57 58 59 60 61 62 63 64 65 66 67 68 69 70
(18,*) 0 1 2 3 4 5 6 7 8 9 10 11 12 13 14 15 16 17 19 20 21 41 42 43 44 45 46 47 48 49 50 51 52 53 54 55 56 57 58 59 60 61 62 63 64 65 66 67 68 69 70
(19,*) 0 1 2 3 4 5 6 7 8 9 10 11 12 13 14 15 16 17 18 20 21 41 42 43 44 45 46 47 48 49 50 51 52 53 54 55 56 57 58 59 60 61 62 63 64 65 66 67 68 69 70
(20,*) 0 1 2 3 4 5 6 7 8 9 10 11 12 13 14 15 16 17 18 19 21 41 42 43 44 45 46 47 48 49 50 51 52 53 54 55 56 57 58 59 60 61 62 63 64 65 66 67 68 69 70
(21,*) 0 1 2 3 4 5 6 7 8 9 10 11 12 13 14 15 16 17 18 19 20 41 42 43 44 45 46 47 48 49 50 51 52 53 54 55 56 57 58 59 60 61 62 63 64 65 66 67 68 69 70
(41,*) 0 1 2 3 4 5 6 7 8 9 10 11 12 13 14 15 16 17 18 19 20 21 42 43 44 45 46 47 48 49 50 51 52 53 54 55 56 57 58 59 60 61 62 63 64 65 66 67 68 69 70
(42,*) 0 1 2 3 4 5 6 7 8 9 10 11 12 13 14 15 16 17 18 19 20 21 41 43 44 45 46 47 48 49 50 51 52 53 54 55 56 57 58 59 60 61 62 63 64 65 66 67 68 69 70
(43,*) 0 1 2 3 4 5 6 7 8 9 10 11 12 13 14 15 16 17 18 19 20 21 41 42 44 45 46 47 48 49 50 51 52 53 54 55 56 57 58 59 60 61 62 63 64 65 66 67 68 69 70
(44,*) 0 1 2 3 4 5 6 7 8 9 10 11 12 13 14 15 16 17 18 19 20 21 41 42 43 45 46 47 48 49 50 51 52 53 54 55 56 57 58 59 60 61 62 63 64 65 66 67 68 69 70
(45,*) 0 1 2 3 4 5 6 7 8 9 10 11 12 13 14 15 16 17 18 19 20 21 41 42 43 44 46 47 48 49 50 51 52 53 54 55 56 57 58 59 60 61 62 63 64 65 66 67 68 69 70
(46,*) 0 1 2 3 4 5 6 7 8 9 10 11 12 13 14 15 16 17 18 19 20 21 41 42 43 44 45 47 48 49 50 51 52 53 54 55 56 57 58 59 60 61 62 63 64 65 66 67 68 69 70
(47,*) 0 1 2 3 4 5 6 7 8 9 10 11 12 13 14 15 16 17 18 19 20 21 41 42 43 44 45 46 48 49 50 51 52 53 54 55 56 57 58 59 60 61 62 63 64 65 66 67 68 69 70
(48,*) 0 1 2 3 4 5 6 7 8 9 10 11 12 13 14 15 16 17 18 19 20 21 41 42 43 44 45 46 47 49 50 51 52 53 54 55 56 57 58 59 60 61 62 63 64 65 66 67 68 69 70
(49,*) 0 1 2 3 4 5 6 7 8 9 10 11 12 13 14 15 16 17 18 19 20 21 41 42 43 44 45 46 47 48 50 51 52 53 54 55 56 57 58 59 60 61 62 63 64 65 66 67 68 69 70
(50,*) 0 1 2 3 4 5 6 7 8 9 10 11 12 13 14 15 16 17 18 19 20 21 41 42 43 44 45 46 47 48 49 51 52 53 54 55 56 57 58 59 60 61 62 63 64 65 66 67 68 69 70
(51,*) 0 1 2 3 4 5 6 7 8 9 10 11 12 13 14 15 16 17 18 19 20 21 41 42 43 44 45 46 47 48 49 50 52 53 54 55 56 57 58 59 60 61 62 63 64 65 66 67 68 69 70
(52,*) 0 1 2 3 4 5 6 7 8 9 10 11 12 13 14 15 16 17 18 19 20 21 41 42 43 44 45 46 47 48 49 50 51 53 54 55 56 57 58 59 60 61 62 63 64 65 66 67 68 69 70
(53,*) 0 1 2 3 4 5 6 7 8 9 10 11 12 13 14 15 16 17 18 19 20 21 41 42 43 44 45 46 47 48 49 50 51 52 54 55 56 57 58 59 60 61 62 63 64 65 66 67 68 69 70
(54,*) 0 1 2 3 4 5 6 7 8 9 10 11 12 13 14 15 16 17 18 19 20 21 41 42 43 44 45 46 47 48 49 50 51 52 53 55 56 57 58 59 60 61 62 63 64 65 66 67 68 69 70
(55,*) 0 1 2 3 4 5 6 7 8 9 10 11 12 13 14 15 16 17 18 19 20 21 41 42 43 44 45 46 47 48 49 50 51 52 53 54 56 57 58 59 60 61 62 63 64 65 66 67 68 69 70
(56,*) 0 1 2 3 4 5 6 7 8 9 10 11 12 13 14 15 16 17 18 19 20 21 41 42 43 44 45 46 47 48 49 50 51 52 53 54 55 57 58 59 60 61 62 63 64 65 66 67 68 69 70
(57,*) 0 1 2 3 4 5 6 7 8 9 10 11 12 13 14 15 16 17 18 19 20 21 41 42 43 44 45 46 47 48 49 50 51 52 53 54 55 56 58 59 60 61 62 63 64 65 66 67 68 69 70
(58,*) 0 1 2 3 4 5 6 7 8 9 10 11 12 13 14 15 16 17 18 19 20 21 41 42 43 44 45 46 47 48 49 50 51 52 53 54 55 56 57 59 60 61 62 63 64 65 66 67 68 69 70
(59,*) 0 1 2 3 4 5 6 7 8 9 10 11 12 13 14 15 16 17 18 19 20 21 41 42 43 44 45 46 47 48 49 50 51 52 53 54 55 56 57 58 60 61 62 63 64 65 66 67 68 69 70
(60,*) 0 1 2 3 4 5 6 7 8 9 10 11 12 13 14 15 16 17 18 19 20 21 41 42 43 44 45 46 47 48 49 50 51 52 53 54 55 56 57 58 59 61 62 63 64 65 66 67 68 69 70
(61,*) 0 1 2 3 4 5 6 7 8 9 10 11 12 13 14 15 16 17 18 19 20 21 41 42 43 44 45 46 47 48 49 50 51 52 53 54 55 56 57 58 59 60 62 63 64 65 66 67 68 69 70
(62,*) 0 1 2 3 4 5 6 7 8 9 10 11 12 13 14 15 16 17 18 19 20 21 41 42 43 44 45 46 47 48 49 50 51 52 53 54 55 56 57 58 59 60 61 63 64 65 66 67 68 69 70
(63,*) 0 1 2 3 4 5 6 7 8 9 10 11 12 13 14 15 16 17 18 19 20 21 41 42 43 44 45 46 47 48 49 50 51 52 53 54 55 56 57 58 59 60 61 62 64 65 66 67 68 69 70
(64,*) 0 1 2 3 4 5 6 7 8 9 10 11 12 13 14 15 16 17 18 19 20 21 41 42 43 44 45 46 47 48 49 50 51 52 53 54 55 56 57 58 59 60 61 62 63 65 66 67 68 69 70
(65,*) 0 1 2 3 4 5 6 7 8 9 10 11 12 13 14 15 16 17 18 19 20 21 41 42 43 44 45 46 47 48 49 50 51 52 53 54 55 56 57 58 59 60 61 62 63 64 66 67 68 69 70
(66,*) 0 1 2 3 4 5 6 7 8 9 10 11 12 13 14 15 16 17 18 19 20 21 41 42 43 44 45 46 47 48 49 50 51 52 53 54 55 56 57 58 59 60 61 62 63 64 65 67 68 69 70
(67,*) 0 1 2 3 4 5 6 7 8 9 10 11 12 13 14 15 16 17 18 19 20 21 41 42 43 44 45 46 47 48 49 50 51 52 53 54 55 56 57 58 59 60 61 62 63 64 65 66 68 69 70
(68,*) 0 1 2 3 4 5 6 7 8 9 10 11 12 13 14 15 16 17 18 19 20 21 41 42 43 44 45 46 47 48 49 50 51 52 53 54 55 56 57 58 59 60 61 62 63 64 65 66 67 69 70
(69,*) 0 1 2 3 4 5 6 7 8 9 10 11 12 13 14 15 16 17 18 19 20 21 41 42 43 44 45 46 47 48 49 50 51 52 53 54 55 56 57 58 59 60 61 62 63 64 65 66 67 68 70
(70,*) 0 1 2 3 4 5 6 7 8 9 10 11 12 13 14 15 16 17 18 19 20 21 41 42 43 44 45 46 47 48 49 50 51 52 53 54 55 56 57 58 59 60 61 62 63 64 65 66 67 68 69
;
set A2:=
(60,*) 61
(61,*) 60
;
param BigM:=99999;
param n:= 9;
param d:=
1	7
2	17
3	21
4	19
5	20
6	24
7	2
8	23
9	24
10	2
11	17
12	9
13	11
14	20
15	48
16	2
17	4
18	24
19	21
20	9
21	23
22	16
23	11
24	9
25	23
26	10
27	13
28	5
29	11
30	3
31	1
32	20
33	9
34	11
35	6
36	2
37	21
38	18
39	11
40	22
41	2
42	6
43	18
44	5
45	18
46	19
47	17
48	2
49	5
50	9
51	14
52	19
53	21
54	1
55	17
56	42
57	18
58	18
59	9
;
param Q:=100;
param w:=
[60,*] 61 0.5
[61,*] 60 0.5
;
param V:=
[60,*] 61 93
[61,*] 60 93
;
param e:
	60	61	62	63	64	65	66	67	68	69	70:=
22	0	0	1	0	0	0	0	0	0	0	0	
23	0	0	0	0	0	1	0	0	1	0	0	
24	0	0	0	0	0	0	0	0	0	0	1	
25	0	0	0	1	0	0	0	0	0	0	0	
26	0	0	0	0	1	0	0	0	0	0	0	
27	0	0	0	0	0	1	0	0	0	0	0	
28	0	0	0	1	0	0	0	0	0	0	0	
29	0	0	0	0	0	1	0	0	0	0	0	
30	0	0	0	0	0	0	0	0	0	1	0	
31	0	0	0	1	0	0	0	0	0	0	0	
32	0	0	0	1	0	0	0	0	0	0	0	
33	0	0	0	0	0	1	0	0	0	0	0	
34	0	0	1	0	0	0	0	0	1	0	0	
35	0	0	0	0	0	0	0	0	0	1	0	
36	0	0	0	1	0	0	0	0	0	0	0	
37	0	0	0	0	1	0	0	1	0	0	1	
38	0	0	1	0	0	0	0	0	0	0	0	
39	0	0	0	0	1	0	0	0	0	0	0	
40	0	0	0	1	0	0	0	0	0	0	0	
41	0	0	1	0	0	0	0	0	1	0	0	
42	0	0	0	0	0	0	0	0	0	1	0	
43	0	0	0	0	1	0	0	1	0	0	1	
44	0	0	0	0	0	1	0	0	1	0	0	
45	0	0	0	0	0	1	0	0	1	0	0	
46	0	0	0	1	0	0	1	0	0	0	0	
47	0	0	1	0	0	0	0	0	1	0	0	
48	0	0	0	0	1	0	0	1	0	0	1	
49	0	0	0	0	0	0	1	0	0	1	0	
50	0	0	0	0	0	1	0	0	0	0	0	
51	0	0	0	1	0	0	0	0	0	1	0	
52	0	0	0	0	0	0	1	0	0	0	0	
53	0	0	0	0	0	0	0	0	0	0	1	
54	0	0	0	0	0	1	0	0	1	0	0	
55	0	0	0	0	0	1	1	0	1	0	0	
56	0	0	0	0	0	0	0	0	0	0	1	
57	0	0	0	0	0	0	0	0	0	1	0	
58	0	0	0	0	1	0	0	1	0	0	1	
59	0	0	1	0	0	0	1	0	0	0	0	
;
param p:=
1	3
2	3
3	3
4	3
5	3
6	3
7	3
8	3
9	3
;
param G:=
60	85
61	93
62	85
63	90
64	98
65	97
66	97
67	70
68	75
69	93
70	86
;
param s:=
0	0
1	10
2	10
3	10
4	10
5	10
6	10
7	10
8	10
9	10
10	10
11	10
12	10
13	10
14	10
15	10
16	10
17	10
18	10
19	10
20	10
21	10
41	10
42	10
43	10
44	10
45	10
46	10
47	10
48	10
49	10
50	10
51	10
52	10
53	10
54	10
55	10
56	10
57	10
58	10
59	10
60	10
61	10
62	10
63	10
64	10
65	10
66	10
67	10
68	10
69	10
70	10
;
param t:
	0	1	2	3	4	5	6	7	8	9	10	11	12	13	14	15	16	17	18	19	20	21	22	23	24	25	26	27	28	29	30	31	32	33	34	35	36	37	38	39	40	41	42	43	44	45	46	47	48	49	50	51	52	53	54	55	56	57	58	59	60	61	62	63	64	65	66	67	68	69	70:=
0	0.0	23.32	40.45	52.15	34.41	54.59	64.56	6.0	35.78	50.64	60.17	56.32	32.25	26.83	89.2	86.02	69.43	50.91	111.21	66.48	41.62	38.0	66.27	42.8	86.83	54.92	100.44	15.62	48.37	12.17	31.62	16.12	83.95	84.12	55.32	14.56	66.75	80.62	64.28	88.29	63.15	54.04	85.91	94.76	43.27	12.81	60.93	54.59	94.4	40.0	78.03	36.22	52.35	5.66	20.0	27.78	78.1	28.07	82.02	49.4	104.48	7.07	50.0	59.54	95.69	27.07	46.1	76.55	36.88	35.01	84.72
1	23.32	0.0	31.3	72.44	16.0	74.11	82.22	28.64	41.18	47.2	78.1	76.24	31.24	14.42	87.66	83.76	56.32	60.93	116.28	50.16	55.32	59.23	59.93	22.8	83.35	74.03	104.8	30.0	63.15	16.12	50.04	14.56	79.65	68.26	42.76	37.58	86.02	89.55	53.85	84.12	82.0	47.41	81.41	103.25	24.33	12.17	76.94	43.68	99.36	53.37	69.57	58.24	62.77	28.84	8.94	36.06	74.43	49.03	90.55	50.99	110.26	16.55	42.94	79.1	99.82	23.43	57.87	80.92	26.83	56.09	87.69
2	40.45	31.3	0.0	68.26	18.44	68.0	71.47	41.76	23.41	17.2	68.35	70.71	12.81	17.09	56.85	52.8	29.12	42.19	88.2	28.43	43.08	59.46	28.64	20.88	52.15	67.08	76.55	32.25	50.6	42.43	46.86	43.17	48.37	44.72	15.23	48.33	78.0	65.97	24.0	52.84	73.54	16.12	50.12	78.43	18.44	30.07	64.03	14.14	71.69	41.23	38.83	60.83	44.18	45.12	24.74	25.61	43.27	50.99	66.48	24.74	82.86	35.01	11.66	72.45	71.56	13.6	42.2	53.67	4.47	56.59	59.08
3	52.15	72.44	68.26	0.0	75.89	4.47	17.2	46.17	45.61	63.66	13.42	4.47	55.57	67.05	82.97	82.22	91.93	35.78	85.51	95.6	26.91	14.56	77.2	83.57	85.44	6.32	78.23	42.76	22.36	64.28	22.8	68.26	85.09	108.9	81.22	38.83	15.23	52.35	83.45	88.02	12.81	70.71	86.93	64.03	82.46	60.3	20.4	78.1	72.11	28.28	89.31	17.89	34.93	48.66	65.12	42.94	79.62	24.08	54.33	54.04	78.26	57.01	69.43	8.06	75.03	58.69	31.06	60.83	68.0	17.26	69.58
4	34.41	16.0	18.44	75.89	0.0	76.66	82.61	38.21	36.22	35.61	78.92	79.12	24.33	8.94	75.07	70.94	40.45	56.57	106.51	34.23	54.15	64.4	46.04	8.49	70.0	76.16	94.87	34.0	62.13	31.05	53.14	30.27	66.03	52.35	27.2	46.69	87.86	82.87	38.63	70.46	83.55	34.06	67.68	95.85	8.94	21.63	76.11	28.64	89.89	52.15	54.63	64.5	58.55	40.0	14.42	34.23	61.22	54.59	83.57	42.05	101.02	27.46	29.73	81.49	89.87	18.03	55.04	71.69	14.42	61.27	77.42
5	54.59	74.11	68.0	4.47	76.66	0.0	12.81	48.66	44.94	62.29	8.94	2.83	55.46	67.91	79.7	79.12	90.69	33.29	81.22	94.87	25.61	17.89	75.29	84.12	82.46	2.0	74.11	44.18	20.0	66.75	24.08	70.71	82.29	107.63	80.45	41.76	12.17	48.17	82.07	85.09	8.94	69.43	84.1	59.67	82.87	62.03	16.12	77.2	68.03	27.2	87.2	21.63	32.25	51.42	66.48	43.08	76.94	26.68	50.16	52.35	73.98	59.08	68.41	5.0	71.0	59.14	29.07	57.27	68.03	20.25	65.92
6	64.56	82.22	71.47	17.2	82.61	12.81	0.0	58.82	48.08	62.77	4.47	13.42	59.67	74.24	73.35	73.43	90.97	31.62	70.26	96.6	28.64	30.0	73.76	89.44	77.18	11.31	64.12	52.35	20.88	76.66	32.98	80.52	77.67	107.65	82.29	52.8	8.94	38.21	82.1	79.92	6.0	69.97	79.32	48.37	87.86	70.46	8.49	78.71	58.31	30.59	84.85	34.06	30.0	62.03	74.03	48.37	72.8	37.58	40.2	52.15	63.13	68.25	69.77	10.44	61.52	64.63	29.55	50.16	72.28	31.91	58.19
7	6.0	28.64	41.76	46.17	38.21	48.66	58.82	0.0	33.53	50.04	54.41	50.36	32.06	30.0	87.36	84.4	70.88	46.86	107.65	68.88	36.88	32.0	66.0	46.69	85.51	49.03	97.1	12.65	43.27	18.11	26.0	22.09	82.87	86.16	56.92	8.94	60.83	76.42	65.12	87.13	57.27	54.15	84.85	90.55	46.86	17.2	55.46	55.79	90.97	35.38	78.1	30.27	48.17	4.47	24.08	25.3	76.94	22.09	77.9	47.54	100.8	12.08	50.36	53.6	92.44	28.16	41.73	73.43	38.63	29.02	81.84
8	35.78	41.18	23.41	45.61	36.22	44.94	48.08	33.53	0.0	19.7	44.94	47.71	12.0	29.12	53.85	50.99	46.86	20.4	76.42	50.0	19.7	38.83	35.44	42.05	52.35	43.91	65.3	20.88	27.2	44.05	26.08	46.69	50.04	63.78	35.61	36.06	54.63	48.37	38.83	54.15	50.16	26.08	52.04	62.13	40.2	32.56	40.79	32.56	59.46	17.89	48.08	41.18	22.36	37.95	32.25	8.25	44.05	32.31	49.4	14.14	70.01	34.21	24.08	49.24	60.44	18.68	19.1	41.23	24.33	36.36	49.09
9	50.64	47.2	17.2	63.66	35.61	62.29	62.77	50.04	19.7	0.0	60.46	65.12	18.44	32.8	40.5	36.72	28.43	31.3	71.02	34.18	36.77	58.31	16.12	37.58	36.77	60.96	59.36	38.05	42.8	55.71	45.65	57.27	33.53	45.34	20.4	54.33	70.46	50.36	19.8	37.95	66.03	7.21	35.44	62.1	34.93	43.08	54.59	16.49	54.59	35.38	28.64	60.83	33.11	54.15	39.45	26.68	27.86	52.0	50.64	10.77	65.76	46.84	8.0	66.07	54.38	25.08	33.6	36.77	21.26	55.95	41.88
10	60.17	78.1	68.35	13.42	78.92	8.94	4.47	54.41	44.94	60.46	0.0	10.2	56.32	70.46	73.54	73.35	88.81	29.73	72.69	94.02	25.3	25.61	72.14	85.91	76.94	7.21	66.0	48.17	17.89	72.28	28.64	76.16	77.18	105.6	79.65	48.33	10.0	40.0	80.0	79.65	5.66	67.68	78.89	50.99	84.4	66.27	8.25	76.16	60.03	27.2	83.55	29.73	28.28	57.58	70.0	44.72	72.11	33.11	42.0	50.0	65.49	63.95	67.23	8.06	63.13	61.0	26.93	50.6	68.96	27.46	58.94
11	56.32	76.24	70.71	4.47	79.12	2.83	13.42	50.36	47.71	65.12	10.2	0.0	58.14	70.34	82.22	81.71	93.51	36.06	82.87	97.65	28.43	18.97	78.1	86.65	85.09	4.47	76.03	46.39	22.8	68.47	26.31	72.44	84.97	110.45	83.23	43.17	10.77	50.04	84.9	87.73	8.49	72.25	86.76	61.19	85.44	64.12	18.0	80.0	70.0	30.0	90.0	22.36	34.99	52.95	68.73	45.69	79.65	28.28	52.04	55.17	75.66	61.01	71.22	3.61	73.03	61.68	31.89	59.67	70.68	21.59	68.25
12	32.25	31.24	12.81	55.57	24.33	55.46	59.67	32.06	12.0	18.44	56.32	58.14	0.0	17.89	58.14	54.63	40.25	32.25	85.04	41.04	31.05	46.69	34.06	30.07	55.03	54.63	73.59	20.88	38.83	37.58	34.06	39.45	51.92	56.6	27.2	37.36	65.79	59.09	33.53	56.32	61.35	22.09	53.85	72.47	28.28	25.06	52.61	25.06	68.12	29.12	46.04	48.17	34.23	36.0	22.63	12.81	46.17	38.42	59.93	19.8	79.03	28.46	18.44	60.01	68.62	7.81	31.06	49.68	12.65	43.84	56.59
13	26.83	14.42	17.09	67.05	8.94	67.91	74.24	30.0	29.12	32.8	70.46	70.34	17.89	0.0	73.24	69.34	44.05	49.48	102.45	39.85	46.0	55.46	45.69	17.2	68.96	67.47	90.91	25.06	54.0	26.0	44.27	26.31	65.3	57.72	30.0	38.21	79.25	76.97	40.45	69.77	74.97	33.11	67.08	90.35	16.97	14.56	68.0	30.27	85.6	44.0	55.79	55.57	51.42	32.25	8.0	26.0	60.03	45.65	77.82	37.2	96.61	20.25	28.64	72.78	85.91	10.44	47.38	67.2	12.65	52.33	73.66
14	89.2	87.66	56.85	82.97	75.07	79.7	73.35	87.36	53.85	40.5	73.54	82.22	58.14	73.24	0.0	4.47	46.82	48.37	38.21	58.31	60.13	84.38	30.0	75.07	8.0	77.79	28.07	74.73	61.19	95.71	74.0	97.53	12.17	56.14	51.61	89.44	82.29	39.6	41.18	10.2	78.79	41.04	12.0	42.05	72.25	83.19	65.39	48.41	27.2	60.03	28.64	88.2	48.66	91.76	79.92	62.1	14.42	82.02	38.21	39.85	36.12	86.41	45.34	81.34	24.52	65.37	54.23	23.32	61.22	83.15	17.03
15	86.02	83.76	52.8	82.22	70.94	79.12	73.43	84.4	50.99	36.72	73.35	81.71	54.63	69.34	4.47	0.0	42.38	47.07	42.43	53.85	58.55	82.87	25.61	70.77	4.47	77.25	32.0	71.81	60.17	92.2	72.11	93.91	8.0	52.04	47.2	86.83	82.37	41.23	36.72	7.21	78.71	36.88	8.25	44.94	67.94	79.62	65.3	44.05	30.59	58.31	24.33	86.58	47.54	88.77	76.16	59.23	10.0	80.02	40.0	36.88	40.01	83.01	41.23	81.02	28.16	61.72	52.77	24.08	57.2	81.5	19.24
16	69.43	56.32	29.12	91.93	40.45	90.69	90.97	70.88	46.86	28.43	88.81	93.51	40.25	44.05	46.82	42.38	0.0	59.36	84.4	11.66	65.12	85.6	20.1	36.06	39.4	89.38	73.35	60.93	71.22	70.03	72.8	70.03	34.93	16.97	14.14	77.25	98.81	72.99	8.94	38.47	94.4	21.26	35.78	82.02	33.53	58.31	82.68	15.23	70.46	63.66	18.87	87.66	61.06	74.22	52.04	52.15	32.98	78.23	72.69	38.83	81.05	63.64	22.8	94.49	68.88	42.72	62.01	56.14	32.56	83.01	57.22
17	50.91	60.93	42.19	35.78	56.57	33.29	31.62	46.86	20.4	31.3	29.73	36.06	32.25	49.48	48.37	47.07	59.36	0.0	61.06	65.39	12.17	36.06	42.43	62.03	50.0	31.62	50.99	35.38	13.42	61.22	26.68	64.4	49.4	76.03	51.26	45.65	39.7	29.73	50.48	52.5	35.38	38.47	51.26	43.86	60.0	51.11	23.32	47.54	44.72	12.65	54.04	40.0	2.0	51.22	52.0	25.06	43.86	34.93	31.11	20.59	54.08	51.4	38.63	36.24	46.62	39.05	6.08	28.64	44.0	35.01	37.66
18	111.21	116.28	88.2	85.51	106.51	81.22	70.26	107.65	76.42	71.02	72.69	82.87	85.04	102.45	38.21	42.43	84.4	61.06	0.0	95.6	72.47	92.97	65.79	108.41	46.17	79.25	11.66	95.6	69.08	120.42	86.76	123.11	50.36	94.34	86.93	106.68	78.03	33.53	77.79	48.04	76.24	74.24	50.16	22.0	105.68	108.9	65.12	83.26	16.97	73.43	66.75	97.41	60.03	112.07	107.63	83.74	51.42	94.85	31.62	65.3	7.28	110.54	77.9	80.5	16.64	92.85	66.73	35.38	92.09	93.05	29.15
19	66.48	50.16	28.43	95.6	34.23	94.87	96.6	68.88	50.0	34.18	94.02	97.65	41.04	39.85	58.31	53.85	11.66	65.39	95.6	0.0	69.34	87.68	30.27	28.07	50.99	93.74	84.4	60.46	76.16	65.12	74.97	64.5	46.52	18.11	14.42	76.16	103.94	82.22	18.11	50.12	99.48	27.2	47.41	92.09	26.0	54.41	88.57	17.89	81.22	67.68	30.53	89.2	67.23	71.69	47.54	53.74	44.27	79.4	82.1	44.94	91.98	60.08	26.83	99.02	79.83	41.34	67.12	66.03	30.53	84.86	67.9
20	41.62	55.32	43.08	26.91	54.15	25.61	28.64	36.88	19.7	36.77	25.3	28.43	31.05	46.0	60.13	58.55	65.12	12.17	72.47	69.34	0.0	24.33	50.48	60.83	61.19	24.41	62.77	26.83	8.0	52.84	14.56	56.36	60.17	82.07	54.92	34.41	34.93	40.0	56.57	63.56	30.46	43.86	62.1	54.04	59.23	44.27	22.0	51.61	56.46	2.0	62.77	28.07	12.65	41.04	46.69	20.0	54.41	22.8	41.62	27.2	65.37	43.38	42.8	29.68	58.52	36.12	6.08	40.79	43.68	23.02	49.82
21	38.0	59.23	59.46	14.56	64.4	17.89	30.0	32.0	38.83	58.31	25.61	18.97	46.69	55.46	84.38	82.87	85.6	36.06	92.97	87.68	24.33	0.0	73.35	72.47	85.51	18.87	84.4	30.46	24.33	50.04	12.81	54.04	84.4	102.45	73.59	24.33	29.73	59.46	77.67	87.86	26.83	64.9	86.35	72.5	71.69	47.07	30.0	70.94	78.1	24.74	85.91	4.47	36.0	34.23	52.5	33.94	78.59	10.2	61.35	50.16	85.7	43.29	62.8	22.47	80.6	48.26	30.15	64.12	58.41	3.16	73.17
22	66.27	59.93	28.64	77.2	46.04	75.29	73.76	66.0	35.44	16.12	72.14	78.1	34.06	45.69	30.0	25.61	20.1	42.43	65.79	30.27	50.48	73.35	0.0	45.25	24.08	73.76	54.41	54.15	55.32	70.34	60.93	71.47	20.0	34.93	21.63	70.46	82.07	52.95	12.17	24.41	77.79	12.65	21.63	62.0	42.43	57.72	65.3	18.44	50.99	49.4	12.65	76.16	43.86	70.03	53.14	42.76	15.62	67.68	52.61	23.32	61.85	61.98	17.09	78.57	49.73	39.81	46.23	36.06	33.11	71.18	37.66
23	42.8	22.8	20.88	83.57	8.49	84.12	89.44	46.69	42.05	37.58	85.91	86.65	30.07	17.2	75.07	70.77	36.06	62.03	108.41	28.07	60.83	72.47	45.25	0.0	69.31	83.52	96.75	42.19	68.73	38.63	60.93	37.36	65.12	46.0	24.41	55.17	95.08	86.83	36.06	69.43	90.71	34.41	66.6	99.3	2.83	30.0	82.61	26.91	92.13	58.86	52.15	72.72	64.03	48.41	22.8	41.23	60.83	62.77	87.36	45.61	103.31	35.81	30.53	88.89	91.79	25.0	61.13	74.32	18.11	69.35	79.26
24	86.83	83.35	52.15	85.44	70.0	82.46	77.18	85.51	52.35	36.77	76.94	85.09	55.03	68.96	8.0	4.47	39.4	50.0	46.17	50.99	61.19	85.51	24.08	69.31	0.0	80.62	36.06	72.99	63.25	92.48	74.43	94.02	4.47	48.17	45.34	88.36	86.09	45.61	34.41	2.83	82.37	36.06	4.0	49.4	66.48	79.85	68.96	42.43	34.93	60.83	20.88	89.11	50.6	89.82	76.03	60.53	8.94	82.22	44.41	38.21	44.1	83.49	40.5	84.53	32.39	61.85	55.54	28.28	56.6	84.01	23.71
25	54.92	74.03	67.08	6.32	76.16	2.0	11.31	49.03	43.91	60.96	7.21	4.47	54.63	67.47	77.79	77.25	89.38	31.62	79.25	93.74	24.41	18.87	73.76	83.52	80.62	0.0	72.11	44.05	18.44	67.08	24.0	71.02	80.5	106.3	79.32	42.38	12.0	46.17	80.72	83.26	8.25	68.12	82.29	57.72	82.22	62.0	14.14	76.03	66.03	26.08	85.6	22.8	30.53	51.92	66.27	42.38	75.18	27.2	48.17	50.91	72.01	59.21	67.2	5.39	69.0	58.52	27.59	55.32	67.23	21.02	63.95
26	100.44	104.8	76.55	78.23	94.87	74.11	64.12	97.1	65.3	59.36	66.0	76.03	73.59	90.91	28.07	32.0	73.35	50.99	11.66	84.4	62.77	84.4	54.41	96.75	36.06	72.11	0.0	84.88	60.17	109.34	77.25	111.95	40.0	84.02	75.39	96.6	72.44	26.0	66.48	38.21	70.11	62.61	40.05	18.87	94.02	97.67	58.03	71.69	6.32	63.56	56.14	88.77	50.16	101.55	96.21	72.8	40.45	85.44	24.0	53.81	8.06	99.49	66.24	74.01	5.0	81.39	56.86	24.08	80.45	84.2	17.49
27	15.62	30.0	32.25	42.76	34.0	44.18	52.35	12.65	20.88	38.05	48.17	46.39	20.88	25.06	74.73	71.81	60.93	35.38	95.6	60.46	26.83	30.46	54.15	42.19	72.99	44.05	84.88	0.0	34.18	26.08	20.1	29.53	70.46	76.94	47.41	16.49	56.04	65.12	54.41	74.67	52.0	42.76	72.44	79.25	41.62	18.11	47.54	45.69	78.82	25.06	66.48	30.53	36.88	17.09	22.36	12.65	64.5	20.59	66.48	34.93	88.87	16.55	39.29	49.16	80.16	19.21	30.81	61.06	30.0	27.31	69.35
28	48.37	63.15	50.6	22.36	62.13	20.0	20.88	43.27	27.2	42.8	17.89	22.8	38.83	54.0	61.19	60.17	71.22	13.42	69.08	76.16	8.0	24.33	55.32	68.73	63.25	18.44	60.17	34.18	0.0	59.93	18.44	63.56	62.77	88.09	61.77	39.6	27.78	35.78	62.48	65.79	23.32	50.0	64.62	49.4	67.08	51.92	14.0	58.31	53.85	10.0	67.2	28.64	12.65	47.2	54.59	28.0	57.27	26.08	37.58	32.56	61.85	50.7	49.4	23.35	56.29	44.1	9.22	40.0	51.42	24.04	49.01
29	12.17	16.12	42.43	64.28	31.05	66.75	76.66	18.11	44.05	55.71	72.28	68.47	37.58	26.0	95.71	92.2	70.03	61.22	120.42	65.12	52.84	50.04	70.34	38.63	92.48	67.08	109.34	26.08	59.93	0.0	43.68	4.0	89.2	83.19	56.0	26.08	78.92	90.91	66.27	93.64	75.31	57.72	91.08	105.0	39.85	12.65	72.8	56.14	103.48	51.11	81.22	48.04	62.8	16.12	18.0	36.77	83.57	40.2	92.2	56.6	113.9	9.9	53.37	71.7	104.48	30.68	56.86	85.28	38.21	47.1	93.01
30	31.62	50.04	46.86	22.8	53.14	24.08	32.98	26.0	26.08	45.65	28.64	26.31	34.06	44.27	74.0	72.11	72.8	26.68	86.76	74.97	14.56	12.81	60.93	60.93	74.43	24.0	77.25	20.1	18.44	43.68	0.0	47.54	72.99	89.64	60.83	21.26	36.0	53.85	64.9	76.66	32.06	52.15	74.97	67.68	59.93	38.0	29.53	58.14	70.94	14.14	73.54	15.23	27.2	29.53	42.43	21.26	67.08	8.25	55.57	37.95	79.61	35.36	50.0	29.07	73.05	36.24	20.62	55.32	46.04	10.3	64.33
31	16.12	14.56	43.17	68.26	30.27	70.71	80.52	22.09	46.69	57.27	76.16	72.44	39.45	26.31	97.53	93.91	70.03	64.4	123.11	64.5	56.36	54.04	71.47	37.36	94.02	71.02	111.95	29.53	63.56	4.0	47.54	0.0	90.62	82.61	56.14	30.07	82.87	94.02	66.75	95.08	79.25	58.82	92.48	108.07	38.83	14.42	76.55	56.57	106.15	54.59	82.0	52.04	66.03	20.1	18.44	39.7	85.09	44.18	95.27	58.82	116.67	13.04	54.41	75.66	107.06	32.2	60.21	87.86	38.83	51.09	95.43
32	83.95	79.65	48.37	85.09	66.03	82.29	77.67	82.87	50.04	33.53	77.18	84.97	51.92	65.3	12.17	8.0	34.93	49.4	50.36	46.52	60.17	84.4	20.0	65.12	4.47	80.5	40.0	70.46	62.77	89.2	72.99	90.62	0.0	44.05	41.04	86.09	86.53	47.71	30.0	4.47	82.68	32.25	2.0	52.5	62.29	76.55	69.34	38.21	38.47	59.67	16.49	87.86	50.16	87.13	72.5	58.14	6.0	80.62	46.65	36.0	48.01	80.36	36.72	84.6	36.12	58.52	54.71	30.0	52.84	82.76	26.57
33	84.12	68.26	44.72	108.9	52.35	107.63	107.65	86.16	63.78	45.34	105.6	110.45	56.6	57.72	56.14	52.04	16.97	76.03	94.34	18.11	82.07	102.45	34.93	46.0	48.17	106.3	84.02	76.94	88.09	83.19	89.64	82.61	44.05	0.0	29.53	93.04	115.6	87.36	25.61	46.39	111.21	38.21	44.18	95.04	44.05	72.28	99.3	31.62	82.1	80.62	28.07	104.4	77.67	89.2	65.51	68.82	44.18	94.87	86.83	55.61	92.01	77.88	39.7	111.4	80.01	58.18	78.87	69.86	47.54	99.81	69.35
34	55.32	42.76	15.23	81.22	27.2	80.45	82.29	56.92	35.61	20.4	79.65	83.23	27.2	30.0	51.61	47.2	14.14	51.26	86.93	14.42	54.92	73.59	21.63	24.41	45.34	79.32	75.39	47.41	61.77	56.0	60.83	56.14	41.04	29.53	0.0	63.56	89.55	70.03	11.66	45.25	85.09	14.0	42.43	80.89	21.63	44.18	74.32	4.0	71.47	53.25	27.78	75.29	53.14	60.17	38.0	39.7	37.2	65.6	70.11	31.05	82.54	49.5	12.65	84.6	70.58	28.79	52.77	54.92	18.44	70.84	58.19
35	14.56	37.58	48.33	38.83	46.69	41.76	52.8	8.94	36.06	54.33	48.33	43.17	37.36	38.21	89.44	86.83	77.25	45.65	106.68	76.16	34.41	24.33	70.46	55.17	88.36	42.38	96.6	16.49	39.6	26.08	21.26	30.07	86.09	93.04	63.56	0.0	53.85	74.4	70.88	90.2	50.6	59.23	88.09	88.41	55.17	26.08	50.48	62.03	90.35	33.29	82.87	22.0	46.65	10.0	32.8	28.0	80.1	15.23	76.03	50.16	99.64	21.02	55.79	46.57	92.14	34.89	39.96	73.54	45.65	21.59	82.28
36	66.75	86.02	78.0	15.23	87.86	12.17	8.94	60.83	54.63	70.46	10.0	10.77	65.79	79.25	82.29	82.37	98.81	39.7	78.03	103.94	34.93	29.73	82.07	95.08	86.09	12.0	72.44	56.04	27.78	78.92	36.0	82.87	86.53	115.6	89.55	53.85	0.0	46.69	90.0	88.84	4.47	77.67	88.2	56.04	93.68	74.0	17.2	86.09	66.75	36.77	93.38	33.11	38.21	63.56	78.23	53.85	81.61	38.83	48.66	60.0	71.0	71.18	77.18	7.28	70.04	70.09	36.89	59.09	78.43	32.28	67.07
37	80.62	89.55	65.97	52.35	82.87	48.17	38.21	76.42	48.37	50.36	40.0	50.04	59.09	76.97	39.6	41.23	72.99	29.73	33.53	82.22	40.0	59.46	52.95	86.83	45.61	46.17	26.0	65.12	35.78	90.91	53.85	94.02	47.71	87.36	70.03	74.4	46.69	0.0	64.5	48.41	44.18	56.04	48.83	14.14	84.4	80.45	32.06	66.03	20.1	41.23	60.17	63.91	28.28	80.72	80.62	54.41	44.72	61.77	2.0	41.23	26.25	81.06	58.31	48.01	23.35	66.64	34.71	17.89	68.96	59.62	22.67
38	64.28	53.85	24.0	83.45	38.63	82.07	82.1	65.12	38.83	19.8	80.0	84.9	33.53	40.45	41.18	36.72	8.94	50.48	77.79	18.11	56.57	77.67	12.17	36.06	34.41	80.72	66.48	54.41	62.48	66.27	64.9	66.75	30.0	25.61	11.66	70.88	90.0	64.5	0.0	34.06	85.6	12.81	31.24	74.03	33.29	54.04	73.78	10.2	63.15	55.17	16.12	79.92	52.15	68.73	48.37	44.72	26.83	70.71	64.28	30.0	73.98	59.01	15.23	85.8	61.85	37.22	53.26	48.0	28.07	75.17	49.82
39	88.29	84.12	52.84	88.02	70.46	85.09	79.92	87.13	54.15	37.95	79.65	87.73	56.32	69.77	10.2	7.21	38.47	52.5	48.04	50.12	63.56	87.86	24.41	69.43	2.83	83.26	38.21	74.67	65.79	93.64	76.66	95.08	4.47	46.39	45.25	90.2	88.84	48.41	34.06	0.0	85.09	36.72	2.83	52.0	66.6	80.99	71.69	42.52	37.36	63.15	19.7	91.41	53.14	91.41	76.97	62.29	10.2	84.38	47.2	40.05	46.27	84.77	41.18	87.21	34.71	62.97	57.97	31.11	57.31	86.31	26.42
40	63.15	82.0	73.54	12.81	83.55	8.94	6.0	57.27	50.16	66.03	5.66	8.49	61.35	74.97	78.79	78.71	94.4	35.38	76.24	99.48	30.46	26.83	77.79	90.71	82.37	8.25	70.11	52.0	23.32	75.31	32.06	79.25	82.68	111.21	85.09	50.6	4.47	44.18	85.6	85.09	0.0	73.24	84.38	54.33	89.29	70.03	13.42	81.63	64.28	32.31	89.2	30.53	33.94	60.17	74.11	49.48	77.67	35.44	46.17	55.61	69.12	67.36	72.72	5.0	67.48	65.73	32.45	55.71	74.0	29.15	63.89
41	54.04	47.41	16.12	70.71	34.06	69.43	69.97	54.15	26.08	7.21	67.68	72.25	22.09	33.11	41.04	36.88	21.26	38.47	74.24	27.2	43.86	64.9	12.65	34.41	36.06	68.12	62.61	42.76	50.0	57.72	52.15	58.82	32.25	38.21	14.0	59.23	77.67	56.04	12.81	36.72	73.24	0.0	34.0	67.08	31.62	45.12	61.77	10.0	58.31	42.43	24.0	67.23	40.25	58.03	40.5	32.31	27.2	58.14	56.14	17.89	69.46	49.5	4.47	73.25	57.7	27.29	40.8	41.23	20.59	62.43	45.19
42	85.91	81.41	50.12	86.93	67.68	84.1	79.32	84.85	52.04	35.44	78.89	86.76	53.85	67.08	12.0	8.25	35.78	51.26	50.16	47.41	62.1	86.35	21.63	66.6	4.0	82.29	40.05	72.44	64.62	91.08	74.97	92.48	2.0	44.18	42.43	88.09	88.2	48.83	31.24	2.83	84.38	34.0	0.0	53.14	63.78	78.43	71.02	39.7	38.83	61.61	17.09	89.82	52.0	89.11	74.32	60.13	8.0	82.61	47.71	38.0	48.09	82.28	38.47	86.35	36.35	60.41	56.61	31.24	54.59	84.72	27.31
43	94.76	103.25	78.43	64.03	95.85	59.67	48.37	90.55	62.13	62.1	50.99	61.19	72.47	90.35	42.05	44.94	82.02	43.86	22.0	92.09	54.04	72.5	62.0	99.3	49.4	57.72	18.87	79.25	49.4	105.0	67.68	108.07	52.5	95.04	80.89	88.41	56.04	14.14	74.03	52.0	54.33	67.08	53.14	0.0	96.77	94.4	43.68	76.94	15.62	55.32	67.08	76.97	42.43	94.85	94.34	68.41	50.99	75.47	12.81	53.85	15.13	95.13	69.86	58.69	19.1	80.13	48.84	26.08	81.71	72.9	25.96
44	43.27	24.33	18.44	82.46	8.94	82.87	87.86	46.86	40.2	34.93	84.4	85.44	28.28	16.97	72.25	67.94	33.53	60.0	105.68	26.0	59.23	71.69	42.43	2.83	66.48	82.22	94.02	41.62	67.08	39.85	59.93	38.83	62.29	44.05	21.63	55.17	93.68	84.4	33.29	66.6	89.29	31.62	63.78	96.77	0.0	30.53	80.89	24.08	89.44	57.27	49.4	72.11	62.0	48.83	23.32	39.85	58.0	62.13	84.9	43.17	100.62	36.36	27.78	87.6	89.07	23.77	59.3	71.69	16.0	68.6	76.54
45	12.81	12.17	30.07	60.3	21.63	62.03	70.46	17.2	32.56	43.08	66.27	64.12	25.06	14.56	83.19	79.62	58.31	51.11	108.9	54.41	44.27	47.07	57.72	30.0	79.85	62.0	97.67	18.11	51.92	12.65	38.0	14.42	76.55	72.28	44.18	26.08	74.0	80.45	54.04	80.99	70.03	45.12	78.43	94.4	30.53	0.0	65.51	44.0	91.93	42.38	68.73	46.17	52.84	18.44	7.21	26.08	70.94	36.88	81.61	44.41	102.55	5.83	40.79	67.03	92.76	18.03	47.42	73.59	26.0	43.93	81.06
46	60.93	76.94	64.03	20.4	76.11	16.12	8.49	55.46	40.79	54.59	8.25	18.0	52.61	68.0	65.39	65.3	82.68	23.32	65.12	88.57	22.0	30.0	65.3	82.61	68.96	14.14	58.03	47.54	14.0	72.8	29.53	76.55	69.34	99.3	74.32	50.48	17.2	32.06	73.78	71.69	13.42	61.77	71.02	43.68	80.89	65.51	0.0	70.68	52.0	24.0	76.37	34.41	21.63	59.06	68.47	42.0	64.4	35.61	34.06	43.91	57.87	63.89	61.74	16.28	55.04	58.08	21.84	42.38	65.12	31.14	50.7
47	54.59	43.68	14.14	78.1	28.64	77.2	78.71	55.79	32.56	16.49	76.16	80.0	25.06	30.27	48.41	44.05	15.23	47.54	83.26	17.89	51.61	70.94	18.44	26.91	42.43	76.03	71.69	45.69	58.31	56.14	58.14	56.57	38.21	31.62	4.0	62.03	86.09	66.03	10.2	42.52	81.63	10.0	39.7	76.94	24.08	44.0	70.68	0.0	67.68	50.0	26.0	72.8	49.4	59.23	38.21	37.2	34.06	63.25	66.12	27.2	78.77	49.09	8.94	81.27	66.85	27.66	49.24	50.99	18.0	68.25	54.42
48	94.4	99.36	71.69	72.11	89.89	68.03	58.31	90.97	59.46	54.59	60.03	70.0	68.12	85.6	27.2	30.59	70.46	44.72	16.97	81.22	56.46	78.1	50.99	92.13	34.93	66.03	6.32	78.82	53.85	103.48	70.94	106.15	38.47	82.1	71.47	90.35	66.75	20.1	63.15	37.36	64.28	58.31	38.83	15.62	89.44	91.93	52.0	67.68	0.0	57.27	54.04	82.46	43.86	95.41	90.69	66.84	38.0	79.12	18.11	48.41	11.18	93.61	61.74	68.07	3.61	75.93	50.57	18.44	75.47	77.88	13.34
49	40.0	53.37	41.23	28.28	52.15	27.2	30.59	35.38	17.89	35.38	27.2	30.0	29.12	44.0	60.03	58.31	63.66	12.65	73.43	67.68	2.0	24.74	49.4	58.86	60.83	26.08	63.56	25.06	10.0	51.11	14.14	54.59	59.67	80.62	53.25	33.29	36.77	41.23	55.17	63.15	32.31	42.43	61.61	55.32	57.27	42.38	24.0	50.0	57.27	0.0	61.77	28.28	13.42	39.6	44.72	18.0	53.85	22.36	42.8	26.08	66.37	41.59	41.23	31.38	59.24	34.13	6.71	41.23	41.76	23.19	50.22
50	78.03	69.57	38.83	89.31	54.63	87.2	84.85	78.1	48.08	28.64	83.55	90.0	46.04	55.79	28.64	24.33	18.87	54.04	66.75	30.53	62.77	85.91	12.65	52.15	20.88	85.6	56.14	66.48	67.2	81.22	73.54	82.0	16.49	28.07	27.78	82.87	93.38	60.17	16.12	19.7	89.2	24.0	17.09	67.08	49.4	68.73	76.37	26.0	54.04	61.77	0.0	88.77	55.32	82.02	63.56	55.32	16.12	80.32	59.46	35.78	64.07	73.33	28.07	90.27	52.01	51.16	58.25	42.38	43.17	83.77	41.3
51	36.22	58.24	60.83	17.89	64.5	21.63	34.06	30.27	41.18	60.83	29.73	22.36	48.17	55.57	88.2	86.58	87.66	40.0	97.41	89.2	28.07	4.47	76.16	72.72	89.11	22.8	88.77	30.53	28.64	48.04	15.23	52.04	87.86	104.4	75.29	22.0	33.11	63.91	79.92	91.41	30.53	67.23	89.82	76.97	72.11	46.17	34.41	72.8	82.46	28.28	88.77	0.0	40.05	32.0	52.0	35.61	82.0	10.0	65.79	53.14	90.14	41.98	64.9	25.94	84.93	49.04	34.01	68.26	59.46	5.1	77.32
52	52.35	62.77	44.18	34.93	58.55	32.25	30.0	48.17	22.36	33.11	28.28	34.99	34.23	51.42	48.66	47.54	61.06	2.0	60.03	67.23	12.65	36.0	43.86	64.03	50.6	30.53	50.16	36.88	12.65	62.8	27.2	66.03	50.16	77.67	53.14	46.65	38.21	28.28	52.15	53.14	33.94	40.25	52.0	42.43	62.0	52.84	21.63	49.4	43.86	13.42	55.32	40.05	0.0	52.5	53.85	26.83	44.72	35.44	29.73	22.36	53.0	53.01	40.5	35.0	45.88	41.0	6.71	28.28	46.0	35.13	37.34
53	5.66	28.84	45.12	48.66	40.0	51.42	62.03	4.47	37.95	54.15	57.58	52.95	36.0	32.25	91.76	88.77	74.22	51.22	112.07	71.69	41.04	34.23	70.03	48.41	89.82	51.92	101.55	17.09	47.2	16.12	29.53	20.1	87.13	89.2	60.17	10.0	63.56	80.72	68.73	91.41	60.17	58.03	89.11	94.85	48.83	18.44	59.06	59.23	95.41	39.6	82.02	32.0	52.5	0.0	25.61	29.73	81.22	24.74	82.22	51.92	105.21	12.73	54.15	56.29	96.9	31.58	46.01	77.9	41.76	31.4	86.31
54	20.0	8.94	24.74	65.12	14.42	66.48	74.03	24.08	32.25	39.45	70.0	68.73	22.63	8.0	79.92	76.16	52.04	52.0	107.63	47.54	46.69	52.5	53.14	22.8	76.03	66.27	96.21	22.36	54.59	18.0	42.43	18.44	72.5	65.51	38.0	32.8	78.23	80.62	48.37	76.97	74.11	40.5	74.32	94.34	23.32	7.21	68.47	38.21	90.69	44.72	63.56	52.0	53.85	25.61	0.0	27.2	67.08	42.38	81.63	42.43	101.53	13.04	36.06	71.45	91.24	14.87	49.04	72.25	20.4	49.34	79.21
55	27.78	36.06	25.61	42.94	34.23	43.08	48.37	25.3	8.25	26.68	44.72	45.69	12.81	26.0	62.1	59.23	52.15	25.06	83.74	53.74	20.0	33.94	42.76	41.23	60.53	42.38	72.8	12.65	28.0	36.77	21.26	39.7	58.14	68.82	39.7	28.0	53.85	54.41	44.72	62.29	49.48	32.31	60.13	68.41	39.85	26.08	42.0	37.2	66.84	18.0	55.32	35.61	26.83	29.73	27.2	0.0	52.15	26.08	55.61	22.36	77.16	26.87	29.53	47.76	68.01	16.28	21.84	48.83	25.06	31.14	56.94
56	78.1	74.43	43.27	79.62	61.22	76.94	72.8	76.94	44.05	27.86	72.11	79.65	46.17	60.03	14.42	10.0	32.98	43.86	51.42	44.27	54.41	78.59	15.62	60.83	8.94	75.18	40.45	64.5	57.27	83.57	67.08	85.09	6.0	44.18	37.2	80.1	81.61	44.72	26.83	10.2	77.67	27.2	8.0	50.99	58.0	70.94	64.4	34.06	38.0	53.85	16.12	82.0	44.72	81.22	67.08	52.15	0.0	74.67	43.86	30.0	48.26	74.63	31.62	79.4	36.12	52.92	49.04	26.83	47.71	76.9	25.18
57	28.07	49.03	50.99	24.08	54.59	26.68	37.58	22.09	32.31	52.0	33.11	28.28	38.42	45.65	82.02	80.02	78.23	34.93	94.85	79.4	22.8	10.2	67.68	62.77	82.22	27.2	85.44	20.59	26.08	40.2	8.25	44.18	80.62	94.87	65.6	15.23	38.83	61.77	70.71	84.38	35.44	58.14	82.61	75.47	62.13	36.88	35.61	63.25	79.12	22.36	80.32	10.0	35.44	24.74	42.38	26.08	74.67	0.0	63.53	45.12	87.66	33.14	55.57	31.58	81.27	39.05	28.86	63.56	49.52	7.07	72.57
58	82.02	90.55	66.48	54.33	83.57	50.16	40.2	77.9	49.4	50.64	42.0	52.04	59.93	77.82	38.21	40.0	72.69	31.11	31.62	82.1	41.62	61.35	52.61	87.36	44.41	48.17	24.0	66.48	37.58	92.2	55.57	95.27	46.65	86.83	70.11	76.03	48.66	2.0	64.28	47.2	46.17	56.14	47.71	12.81	84.9	81.61	34.06	66.12	18.11	42.8	59.46	65.79	29.73	82.22	81.63	55.61	43.86	63.53	0.0	41.76	24.35	82.33	58.55	50.01	21.38	67.54	36.24	17.09	69.57	61.47	21.21
59	49.4	50.99	24.74	54.04	42.05	52.35	52.15	47.54	14.14	10.77	50.0	55.17	19.8	37.2	39.85	36.88	38.83	20.59	65.3	44.94	27.2	50.16	23.32	45.61	38.21	50.91	53.81	34.93	32.56	56.6	37.95	58.82	36.0	55.61	31.05	50.16	60.0	41.23	30.0	40.05	55.61	17.89	38.0	53.85	43.17	44.41	43.91	27.2	48.41	26.08	35.78	53.14	22.36	51.92	42.43	22.36	30.0	45.12	41.76	0.0	59.41	47.01	18.44	55.9	48.84	27.59	23.35	30.0	27.86	48.1	36.8
60	104.48	110.26	82.86	78.26	101.02	73.98	63.13	100.8	70.01	65.76	65.49	75.66	79.03	96.61	36.12	40.01	81.05	54.08	7.28	91.98	65.37	85.7	61.85	103.31	44.1	72.01	8.06	88.87	61.85	113.9	79.61	116.67	48.01	92.01	82.54	99.64	71.0	26.25	73.98	46.27	69.12	69.46	48.09	15.13	100.62	102.55	57.87	78.77	11.18	66.37	64.07	90.14	53.0	105.21	101.53	77.16	48.26	87.66	24.35	59.41	0.0	104.0	72.92	73.33	12.17	86.83	59.68	29.41	86.61	85.8	24.35
61	7.07	16.55	35.01	57.01	27.46	59.08	68.25	12.08	34.21	46.84	63.95	61.01	28.46	20.25	86.41	83.01	63.64	51.4	110.54	60.08	43.38	43.29	61.98	35.81	83.49	59.21	99.49	16.55	50.7	9.9	35.36	13.04	80.36	77.88	49.5	21.02	71.18	81.06	59.01	84.77	67.36	49.5	82.28	95.13	36.36	5.83	63.89	49.09	93.61	41.59	73.33	41.98	53.01	12.73	13.04	26.87	74.63	33.14	82.33	47.01	104.0	0.0	45.28	64.07	94.64	22.2	47.17	75.43	31.14	40.2	83.23
62	50.0	42.94	11.66	69.43	29.73	68.41	69.77	50.36	24.08	8.0	67.23	71.22	18.44	28.64	45.34	41.23	22.8	38.63	77.9	26.83	42.8	62.8	17.09	30.53	40.5	67.2	66.24	39.29	49.4	53.37	50.0	54.41	36.72	39.7	12.65	55.79	77.18	58.31	15.23	41.18	72.72	4.47	38.47	69.86	27.78	40.79	61.74	8.94	61.74	41.23	28.07	64.9	40.5	54.15	36.06	29.53	31.62	55.57	58.55	18.44	72.92	45.28	0.0	72.42	61.29	23.09	40.31	44.27	16.12	60.22	48.76
63	59.54	79.1	72.45	8.06	81.49	5.0	10.44	53.6	49.24	66.07	8.06	3.61	60.01	72.78	81.34	81.02	94.49	36.24	80.5	99.02	29.68	22.47	78.57	88.89	84.53	5.39	74.01	49.16	23.35	71.7	29.07	75.66	84.6	111.4	84.6	46.57	7.28	48.01	85.8	87.21	5.0	73.25	86.35	58.69	87.6	67.03	16.28	81.27	68.07	31.38	90.27	25.94	35.0	56.29	71.45	47.76	79.4	31.58	50.01	55.9	73.33	64.07	72.42	0.0	71.18	63.89	32.56	58.52	72.62	25.0	66.94
64	95.69	99.82	71.56	75.03	89.87	71.0	61.52	92.44	60.44	54.38	63.13	73.03	68.62	85.91	24.52	28.16	68.88	46.62	16.64	79.83	58.52	80.6	49.73	91.79	32.39	69.0	5.0	80.16	56.29	104.48	73.05	107.06	36.12	80.01	70.58	92.14	70.04	23.35	61.85	34.71	67.48	57.7	36.35	19.1	89.07	92.76	55.04	66.85	3.61	59.24	52.01	84.93	45.88	96.9	91.24	68.01	36.12	81.27	21.38	48.84	12.17	94.64	61.29	71.18	0.0	76.42	52.55	19.21	75.45	80.28	12.53
65	27.07	23.43	13.6	58.69	18.03	59.14	64.63	28.16	18.68	25.08	61.0	61.68	7.81	10.44	65.37	61.72	42.72	39.05	92.85	41.34	36.12	48.26	39.81	25.0	61.85	58.52	81.39	19.21	44.1	30.68	36.24	32.2	58.52	58.18	28.79	34.89	70.09	66.64	37.22	62.97	65.73	27.29	60.41	80.13	23.77	18.03	58.08	27.66	75.93	34.13	51.16	49.04	41.0	31.58	14.87	16.28	52.92	39.05	67.54	27.59	86.83	22.2	23.09	63.89	76.42	0.0	37.12	57.49	10.82	45.22	64.35
66	46.1	57.87	42.2	31.06	55.04	29.07	29.55	41.73	19.1	33.6	26.93	31.89	31.06	47.38	54.23	52.77	62.01	6.08	66.73	67.12	6.08	30.15	46.23	61.13	55.54	27.59	56.86	30.81	9.22	56.86	20.62	60.21	54.71	78.87	52.77	39.96	36.89	34.71	53.26	57.97	32.45	40.8	56.61	48.84	59.3	47.42	21.84	49.24	50.57	6.71	58.25	34.01	6.71	46.01	49.04	21.84	49.04	28.86	36.24	23.35	59.68	47.17	40.31	32.56	52.55	37.12	0.0	34.71	43.42	29.0	43.74
67	76.55	80.92	53.67	60.83	71.69	57.27	50.16	73.43	41.23	36.77	50.6	59.67	49.68	67.2	23.32	24.08	56.14	28.64	35.38	66.03	40.79	64.12	36.06	74.32	28.28	55.32	24.08	61.06	40.0	85.28	55.32	87.86	30.0	69.86	54.92	73.54	59.09	17.89	48.0	31.11	55.71	41.23	31.24	26.08	71.69	73.59	42.38	50.99	18.44	41.23	42.38	68.26	28.28	77.9	72.25	48.83	26.83	63.56	17.09	30.0	29.41	75.43	44.27	58.52	19.21	57.49	34.71	0.0	57.31	63.39	9.06
68	36.88	26.83	4.47	68.0	14.42	68.03	72.28	38.63	24.33	21.26	68.96	70.68	12.65	12.65	61.22	57.2	32.56	44.0	92.09	30.53	43.68	58.41	33.11	18.11	56.6	67.23	80.45	30.0	51.42	38.21	46.04	38.83	52.84	47.54	18.44	45.65	78.43	68.96	28.07	57.31	74.0	20.59	54.59	81.71	16.0	26.0	65.12	18.0	75.47	41.76	43.17	59.46	46.0	41.76	20.4	25.06	47.71	49.52	69.57	27.86	86.61	31.14	16.12	72.62	75.45	10.82	43.42	57.31	0.0	55.44	63.01
69	35.01	56.09	56.59	17.26	61.27	20.25	31.91	29.02	36.36	55.95	27.46	21.59	43.84	52.33	83.15	81.5	83.01	35.01	93.05	84.86	23.02	3.16	71.18	69.35	84.01	21.02	84.2	27.31	24.04	47.1	10.3	51.09	82.76	99.81	70.84	21.59	32.28	59.62	75.17	86.31	29.15	62.43	84.72	72.9	68.6	43.93	31.14	68.25	77.88	23.19	83.77	5.1	35.13	31.4	49.34	31.14	76.9	7.07	61.47	48.1	85.8	40.2	60.22	25.0	80.28	45.22	29.0	63.39	55.44	0.0	72.44
70	84.72	87.69	59.08	69.58	77.42	65.92	58.19	81.84	49.09	41.88	58.94	68.25	56.59	73.66	17.03	19.24	57.22	37.66	29.15	67.9	49.82	73.17	37.66	79.26	23.71	63.95	17.49	69.35	49.01	93.01	64.33	95.43	26.57	69.35	58.19	82.28	67.07	22.67	49.82	26.42	63.89	45.19	27.31	25.96	76.54	81.06	50.7	54.42	13.34	50.22	41.3	77.32	37.34	86.31	79.21	56.94	25.18	72.57	21.21	36.8	24.35	83.23	48.76	66.94	12.53	64.35	43.74	9.06	63.01	72.44	0.0
;
