vehicles
vehicle_idx, capacity, cost_per_unit_distance
1,100,3
2,100,3
3,100,3
4,100,3
5,100,3
6,100,3
7,100,3
depot
node_idx,x,y
0,24,63
home delivery customers
node_idx,x,y,service_time,demand
1,3,40,10,17
2,29,96,10,20
3,54,77,10,26
4,13,2,10,25
5,98,1,10,3
6,75,10,10,18
7,62,91,10,6
8,30,6,10,7
9,48,49,10,10
10,3,77,10,30
11,53,86,10,23
12,12,44,10,1
13,70,88,10,8
14,68,67,10,2
15,71,34,10,15
16,37,37,10,22
17,88,69,10,3
18,18,1,10,13
self pickup customers
node_idx,x,y,service_time,demand,locker_idxs
19,35,60,10,2,59-54-53
20,42,50,10,2,55-59-54
21,36,30,10,7,61-54-53
22,83,86,10,24,58-54-53
23,30,6,10,23,61-53-54
24,55,29,10,13,55-53-54
25,1,19,10,20,58-54-53
26,95,21,10,6,57-53
27,82,73,10,2,59-54-53
28,64,62,10,9,59-54
29,34,78,10,10,59-56-54
30,83,6,10,8,60-53-54
31,85,23,10,26,60-53
32,93,30,10,21,60-53-54
33,56,73,10,25,56-59-54
34,95,42,10,3,60-53-54
35,44,71,10,5,59-56-54-53
flexible customers
node_idx,x,y,service_time,demand,locker_idxs
36,79,46,10,12,57-53-54
37,3,45,10,14,58-54-53
38,47,30,10,2,61-55-53-54
39,39,23,10,23,61-55-53
40,96,9,10,2,60-57-53
41,27,87,10,13,59-54-53
42,14,16,10,22,58-61-55-54
43,52,49,10,3,59-54-53
44,18,40,10,1,58-61-55-54-53
45,82,90,10,18,56-54-53
46,50,79,10,18,59-56-54-53
47,18,8,10,16,58-61-55-53-54
48,88,51,10,2,57-53
49,77,51,10,18,57-53
50,58,89,10,22,56-54
51,36,17,10,4,61-55-53-54
52,78,20,10,19,60-57-53-54
lockers
node_idx,x,y,service_time,capacity,cost_per_unit_good
53,93,12,10,72
54,22,88,10,87
55,34,28,10,89
56,55,88,10,94
57,89,25,10,80
58,4,20,10,78
59,36,63,10,95
60,87,18,10,76
61,24,19,10,99
mrt lines
start_node_idx,end_node_idx,freight_capacity,cost_per_unit_good
53,54,87,0.5
54,53,87,0.5
distance matrix
,0,1,2,3,4,5,6,7,8,9,10,11,12,13,14,15,16,17,18,19,20,21,22,23,24,25,26,27,28,29,30,31,32,33,34,35,36,37,38,39,40,41,42,43,44,45,46,47,48,49,50,51,52,53,54,55,56,57,58,59,60,61,
0,0.0,31.14,33.38,33.11,61.98,96.54,73.55,47.2,57.31,27.78,25.24,37.01,22.47,52.35,44.18,55.23,29.07,64.28,62.29,11.4,22.2,35.11,63.32,57.31,46.01,49.65,82.49,58.86,40.01,18.03,82.04,72.95,76.49,33.53,74.04,21.54,57.57,27.66,40.22,42.72,90.0,24.19,48.05,31.3,23.77,63.98,30.53,55.33,65.12,54.34,42.8,47.54,69.03,85.8,25.08,36.4,39.82,75.29,47.42,12.0,77.42,44.0
1,31.14,0.0,61.74,63.01,39.29,102.69,78.0,77.99,43.42,45.89,37.0,67.94,9.85,82.42,70.38,68.26,34.13,89.81,41.79,37.74,40.26,34.48,92.28,43.42,53.15,21.1,93.94,85.62,64.85,49.04,86.93,83.74,90.55,62.43,92.02,51.4,76.24,5.0,45.12,39.81,98.03,52.77,26.4,49.82,15.0,93.49,61.07,35.34,85.71,74.81,73.66,40.22,77.62,94.25,51.62,33.24,70.77,87.3,20.02,40.22,86.83,29.7
2,33.38,61.74,0.0,31.4,95.35,117.41,97.53,33.38,90.01,50.7,32.2,26.0,54.71,41.77,48.6,74.89,59.54,64.88,95.63,36.5,47.8,66.37,54.92,90.01,71.87,81.93,99.9,57.78,48.8,18.68,104.96,92.01,91.93,35.47,85.28,29.15,70.71,57.25,68.41,73.68,109.81,9.22,81.39,52.33,57.07,53.34,27.02,88.68,74.2,65.8,29.83,79.31,90.43,105.6,10.63,68.18,27.2,92.96,80.01,33.73,97.2,77.16
3,33.11,63.01,31.4,0.0,85.48,87.82,70.21,16.12,74.95,28.64,51.0,9.06,53.41,19.42,17.2,46.24,43.46,34.93,84.1,25.5,29.55,50.33,30.36,74.95,48.01,78.57,69.4,28.28,18.03,20.02,76.69,62.27,61.07,4.47,53.91,11.66,39.82,60.21,47.52,56.04,79.92,28.79,72.95,28.07,51.62,30.87,4.47,77.83,42.8,34.71,12.65,62.64,61.85,75.8,33.84,52.92,11.05,62.68,75.82,22.8,67.6,65.3
4,61.98,39.29,95.35,85.48,0.0,85.01,62.51,101.6,17.46,58.6,75.66,93.04,42.01,103.17,85.15,66.24,42.44,100.57,5.1,62.03,56.08,36.24,109.34,17.46,49.93,20.81,84.17,99.01,78.75,78.85,70.11,75.0,84.76,83.01,91.24,75.64,79.32,44.15,44.05,33.42,83.29,86.15,14.04,61.07,38.33,111.83,85.43,7.81,89.59,80.6,97.95,27.46,67.45,80.62,86.47,33.42,95.71,79.4,20.12,65.19,75.71,20.25
5,96.54,102.69,117.41,87.82,85.01,0.0,24.7,96.93,68.18,69.31,121.66,96.18,96.15,91.39,72.5,42.64,70.83,68.73,80.0,86.31,74.41,68.45,86.31,68.18,51.31,98.66,20.22,73.76,69.84,100.12,15.81,25.55,29.43,83.35,41.11,88.41,48.85,104.69,58.67,62.97,8.25,111.52,85.33,66.48,89.0,90.43,91.59,80.31,50.99,54.23,96.66,64.03,27.59,12.08,115.52,69.46,97.05,25.63,95.9,87.68,20.25,76.16
6,73.55,78.0,97.53,70.21,62.51,24.7,0.0,82.04,45.18,47.43,98.35,79.12,71.59,78.16,57.43,24.33,46.62,60.42,57.71,64.03,51.86,43.83,76.42,45.18,27.59,74.55,22.83,63.39,53.15,79.4,8.94,16.4,26.91,65.8,37.74,68.43,36.22,80.06,34.41,38.28,21.02,90.74,61.29,45.28,64.41,80.31,73.39,57.04,43.01,41.05,80.81,39.62,10.44,18.11,94.3,44.78,80.52,20.52,71.7,65.8,14.42,51.79
7,47.2,77.99,33.38,16.12,101.6,96.93,82.04,0.0,90.82,44.27,60.64,10.3,68.62,8.54,24.74,57.71,59.51,34.06,100.18,41.11,45.62,66.31,21.59,90.82,62.39,94.37,77.39,26.91,29.07,30.87,87.56,71.78,68.43,18.97,59.08,26.91,48.1,74.81,62.82,71.78,88.77,35.23,89.04,43.17,67.36,20.02,16.97,93.94,47.71,42.72,4.47,78.43,72.78,84.86,40.11,68.94,7.62,71.31,91.68,38.21,77.16,81.41
8,57.31,43.42,90.01,74.95,17.46,68.18,45.18,90.82,0.0,46.62,75.96,83.24,42.05,91.24,71.87,49.65,31.78,85.63,13.0,54.23,45.61,24.74,95.96,0.0,33.97,31.78,66.71,84.81,65.51,72.11,53.0,57.57,67.42,71.87,74.3,66.49,63.25,47.43,29.41,19.24,66.07,81.06,18.87,48.3,36.06,98.79,75.69,12.17,73.41,65.07,87.6,12.53,50.0,63.29,82.39,22.36,85.73,61.98,29.53,57.31,58.25,14.32
9,27.78,45.89,50.7,28.64,58.6,69.31,47.43,44.27,46.62,0.0,53.0,37.34,36.35,44.78,26.91,27.46,16.28,44.72,56.6,17.03,6.08,22.47,50.93,46.62,21.19,55.76,54.71,41.62,20.62,32.2,55.44,45.22,48.85,25.3,47.52,22.36,31.14,45.18,19.03,27.51,62.48,43.42,47.38,4.0,31.32,53.26,30.07,50.8,40.05,29.07,41.23,34.18,41.73,58.26,46.87,25.24,39.62,47.51,52.7,18.44,49.82,38.42
10,25.24,37.0,32.2,51.0,75.66,121.66,98.35,60.64,75.96,53.0,0.0,50.8,34.21,67.9,65.76,80.45,52.5,85.38,77.47,36.24,47.43,57.43,80.5,75.96,70.77,58.03,107.7,79.1,62.82,31.02,106.96,98.18,101.53,53.15,98.43,41.44,82.08,32.0,64.38,64.9,115.21,26.0,61.98,56.44,39.92,80.06,47.04,70.61,88.89,78.43,56.29,68.48,94.2,111.02,21.95,57.98,53.15,100.5,57.01,35.85,102.65,61.68
11,37.01,67.94,26.0,9.06,93.04,96.18,79.12,10.3,83.24,37.34,50.8,0.0,58.69,17.12,24.21,55.03,51.55,38.91,91.92,31.62,37.64,58.52,30.0,83.24,57.04,84.81,77.39,31.78,26.4,20.62,85.44,70.66,68.82,13.34,60.83,17.49,47.71,64.66,56.32,64.54,88.19,26.02,80.13,37.01,57.8,29.27,7.62,85.49,49.5,42.44,5.83,71.06,70.58,84.12,31.06,61.03,2.83,70.83,82.2,28.6,76.03,73.01
12,22.47,9.85,54.71,53.41,42.01,96.15,71.59,68.62,42.05,36.35,34.21,58.69,0.0,72.8,60.54,59.84,25.96,80.01,43.42,28.02,30.59,27.78,82.49,42.05,45.54,27.31,86.13,75.77,55.03,40.5,80.53,75.96,82.2,52.7,83.02,41.87,67.03,9.06,37.7,34.21,91.0,45.54,28.07,40.31,7.21,83.76,51.66,36.5,76.32,65.38,64.35,36.12,70.23,87.09,45.12,27.2,61.52,79.31,25.3,30.61,79.38,27.73
13,52.35,82.42,41.77,19.42,103.17,91.39,78.16,8.54,91.24,44.78,67.9,17.12,72.8,0.0,21.1,54.01,60.75,26.17,101.36,44.82,47.2,67.23,13.15,91.24,60.88,97.58,71.51,19.21,26.68,37.36,83.02,66.71,62.39,20.52,52.35,31.06,42.95,79.61,62.39,72.01,83.17,43.01,91.21,42.95,70.77,12.17,21.93,95.41,41.15,37.66,12.04,78.72,68.47,79.4,48.0,69.97,15.0,65.8,94.76,42.2,72.03,82.93
14,44.18,70.38,48.6,17.2,85.15,72.5,57.43,24.74,71.87,26.91,65.76,24.21,60.54,21.1,0.0,33.14,43.14,20.1,82.8,33.73,31.06,48.92,24.21,71.87,40.16,82.42,53.34,15.23,6.4,35.74,62.82,47.17,44.65,13.42,36.8,24.33,23.71,68.62,42.54,52.7,64.4,45.62,74.28,24.08,56.82,26.93,21.63,77.34,25.61,18.36,24.17,59.36,48.05,60.42,50.57,51.74,24.7,46.96,79.4,32.25,52.55,65.12
15,55.23,68.26,74.89,46.24,66.24,42.64,24.33,57.71,49.65,27.46,80.45,55.03,59.84,54.01,33.14,0.0,34.13,38.91,62.43,44.41,33.12,35.23,53.37,49.65,16.76,71.59,27.29,40.52,28.86,57.49,30.46,17.8,22.36,41.79,25.3,45.8,14.42,68.88,24.33,33.84,35.36,68.88,59.77,24.21,53.34,57.07,49.66,59.03,24.04,18.03,56.52,38.91,15.65,31.11,72.92,37.48,56.32,20.12,68.45,45.45,22.63,49.34
16,29.07,34.13,59.54,43.46,42.44,70.83,46.62,59.51,31.78,16.28,52.5,51.55,25.96,60.75,43.14,34.13,0.0,60.21,40.71,23.09,13.93,7.07,67.21,31.78,19.7,40.25,60.17,57.63,36.8,41.11,55.47,50.0,56.44,40.71,58.22,34.71,42.95,34.93,12.21,14.14,65.31,50.99,31.14,19.21,19.24,69.53,43.97,34.67,52.89,42.38,56.08,20.02,44.38,61.33,53.16,9.49,54.08,53.37,37.12,26.02,53.49,22.2
17,64.28,89.81,64.88,34.93,100.57,68.73,60.42,34.06,85.63,44.72,85.38,38.91,80.01,26.17,20.1,38.91,60.21,0.0,97.59,53.76,49.77,65.0,17.72,85.63,51.86,100.34,48.51,7.21,25.0,54.74,63.2,46.1,39.32,32.25,27.89,44.05,24.7,88.32,56.59,67.21,60.53,63.6,91.02,41.18,75.77,21.84,39.29,92.85,18.0,21.1,36.06,73.54,50.01,57.22,68.68,67.8,38.08,44.01,97.25,52.35,51.01,81.22
18,62.29,41.79,95.63,84.1,5.1,80.0,57.71,100.18,13.0,56.6,77.47,91.92,43.42,101.36,82.8,62.43,40.71,97.59,0.0,61.4,54.56,34.13,107.0,13.0,46.4,24.76,79.56,96.33,76.4,78.64,65.19,70.52,80.41,81.41,87.24,74.67,75.8,46.49,41.01,30.41,78.41,86.47,15.52,58.82,39.0,109.62,84.31,7.0,86.02,77.34,96.66,24.08,62.94,75.8,87.09,31.38,94.54,74.95,23.6,64.56,71.06,18.97
19,11.4,37.74,36.5,25.5,62.03,86.31,64.03,41.11,54.23,17.03,36.24,31.62,28.02,44.82,33.73,44.41,23.09,53.76,61.4,0.0,12.21,30.02,54.59,54.23,36.89,53.26,71.56,48.76,29.07,18.03,72.25,62.2,65.3,24.7,62.64,14.21,46.17,35.34,32.31,37.22,79.51,28.16,48.75,20.25,26.25,55.76,24.21,54.71,53.76,42.95,37.01,43.01,58.73,75.29,30.87,32.02,34.41,64.35,50.61,3.16,66.84,42.45
20,22.2,40.26,47.8,29.55,56.08,74.41,51.86,45.62,45.61,6.08,47.43,37.64,30.59,47.2,31.06,33.12,13.93,49.77,54.56,12.21,0.0,20.88,54.56,45.61,24.7,51.4,60.42,46.14,25.06,29.12,60.14,50.77,54.78,26.93,53.6,21.1,37.22,39.32,20.62,27.17,67.8,39.92,44.05,10.05,26.0,56.57,30.08,48.37,46.01,35.01,42.15,33.54,46.86,63.6,42.94,23.41,40.16,53.24,48.41,14.32,55.22,35.85
21,35.11,34.48,66.37,50.33,36.24,68.45,43.83,66.31,24.74,22.47,57.43,58.52,27.78,67.23,48.92,35.23,7.07,65.0,34.13,30.02,20.88,0.0,73.11,24.74,19.03,36.69,59.68,62.97,42.52,48.04,52.77,49.5,57.0,47.42,60.21,41.77,45.88,36.25,11.0,7.62,63.57,57.71,26.08,24.84,20.59,75.6,50.96,28.43,56.08,46.07,62.97,13.0,43.17,59.77,59.67,2.83,61.03,53.24,33.53,33.0,52.39,16.28
22,63.32,92.28,54.92,30.36,109.34,86.31,76.42,21.59,95.96,50.93,80.5,30.0,82.49,13.15,24.21,53.37,67.21,17.72,107.0,54.59,54.56,73.11,0.0,95.96,63.51,105.89,66.1,13.04,30.61,49.65,80.0,63.03,56.89,29.97,45.61,41.79,40.2,89.89,66.57,76.84,78.09,56.01,98.29,48.27,79.63,4.12,33.73,101.53,35.36,35.51,25.18,83.49,66.19,74.67,61.03,75.93,28.07,61.29,102.94,52.33,68.12,89.27
23,57.31,43.42,90.01,74.95,17.46,68.18,45.18,90.82,0.0,46.62,75.96,83.24,42.05,91.24,71.87,49.65,31.78,85.63,13.0,54.23,45.61,24.74,95.96,0.0,33.97,31.78,66.71,84.81,65.51,72.11,53.0,57.57,67.42,71.87,74.3,66.49,63.25,47.43,29.41,19.24,66.07,81.06,18.87,48.3,36.06,98.79,75.69,12.17,73.41,65.07,87.6,12.53,50.0,63.29,82.39,22.36,85.73,61.98,29.53,57.31,58.25,14.32
24,46.01,53.15,71.87,48.01,49.93,51.31,27.59,62.39,33.97,21.19,70.77,57.04,45.54,60.88,40.16,16.76,19.7,51.86,46.4,36.89,24.7,19.03,63.51,33.97,0.0,54.92,40.79,51.62,34.21,53.31,36.24,30.59,38.01,44.01,42.06,43.42,29.41,54.41,8.06,17.09,45.62,64.4,43.01,20.22,38.6,66.71,50.25,42.54,39.66,31.11,60.07,22.47,24.7,41.63,67.6,21.02,59.0,34.23,51.79,38.95,33.84,32.57
25,49.65,21.1,81.93,78.57,20.81,98.66,74.55,94.37,31.78,55.76,58.03,84.81,27.31,97.58,82.42,71.59,40.25,100.34,24.76,53.26,51.4,36.69,105.89,31.78,54.92,0.0,94.02,97.35,76.28,67.6,83.02,84.1,92.66,77.08,96.77,67.48,82.54,26.08,47.3,38.21,95.52,72.8,13.34,59.17,27.02,107.71,77.47,20.25,92.7,82.46,90.27,35.06,77.01,92.27,72.12,34.21,87.62,88.2,3.16,56.22,86.01,23.0
26,82.49,93.94,99.9,69.4,84.17,20.22,22.83,77.39,66.71,54.71,107.7,77.39,86.13,71.51,53.34,27.29,60.17,48.51,79.56,71.56,60.42,59.68,66.1,66.71,40.79,94.02,0.0,53.6,51.4,83.49,19.21,10.2,9.22,65.0,21.0,71.42,29.68,95.08,48.84,56.04,12.04,94.76,81.15,51.31,79.31,70.21,73.41,78.09,30.81,34.99,77.41,59.14,17.03,9.22,99.09,61.4,78.03,7.21,91.01,72.42,8.54,71.03
27,58.86,85.62,57.78,28.28,99.01,73.76,63.39,26.91,84.81,41.62,79.1,31.78,75.77,19.21,15.23,40.52,57.63,7.21,96.33,48.76,46.14,62.97,13.04,84.81,51.62,97.35,53.6,0.0,21.1,48.26,67.01,50.09,44.38,26.0,33.62,38.05,27.17,83.82,55.44,65.95,65.51,56.75,88.73,38.42,72.01,17.0,32.56,91.22,22.8,22.56,28.84,72.47,53.15,61.98,61.85,65.8,30.89,48.51,94.3,47.07,55.23,79.25
28,40.01,64.85,48.8,18.03,78.75,69.84,53.15,29.07,65.51,20.62,62.82,26.4,55.03,26.68,6.4,28.86,36.8,25.0,76.4,29.07,25.06,42.52,30.61,65.51,34.21,76.28,51.4,21.1,0.0,34.0,59.14,44.29,43.19,13.6,36.89,21.93,21.93,63.32,36.24,46.32,61.91,44.65,67.94,17.69,50.99,33.29,22.02,70.94,26.4,17.03,27.66,53.0,44.27,57.8,49.4,45.34,27.51,44.65,73.24,28.02,49.65,58.73
29,18.03,49.04,18.68,20.02,78.85,100.12,79.4,30.87,72.11,32.2,31.02,20.62,40.5,37.36,35.74,57.49,41.11,54.74,78.64,18.03,29.12,48.04,49.65,72.11,53.31,67.6,83.49,48.26,34.0,0.0,87.09,75.01,76.06,22.56,70.83,12.21,55.22,45.28,49.73,55.23,92.76,11.4,65.15,34.13,41.23,49.48,16.03,71.81,60.37,50.77,26.4,61.03,72.8,88.53,15.62,50.0,23.26,76.38,65.3,15.13,80.06,59.84
30,82.04,86.93,104.96,76.69,70.11,15.81,8.94,87.56,53.0,55.44,106.96,85.44,80.53,83.02,62.82,30.46,55.47,63.2,65.19,72.25,60.14,52.77,80.0,53.0,36.24,83.02,19.21,67.01,59.14,87.09,0.0,17.12,26.0,72.24,37.95,75.8,40.2,89.0,43.27,47.17,13.34,98.47,69.72,53.01,73.36,84.01,80.11,65.03,45.28,45.4,86.68,48.27,14.87,11.66,102.2,53.71,86.65,19.92,80.23,73.88,12.65,60.42
31,72.95,83.74,92.01,62.27,75.0,25.55,16.4,71.78,57.57,45.22,98.18,70.66,75.96,66.71,47.17,17.8,50.0,46.1,70.52,62.2,50.77,49.5,63.03,57.57,30.59,84.1,10.2,50.09,44.29,75.01,17.12,0.0,10.63,57.8,21.47,63.13,23.77,84.9,38.64,46.0,17.8,86.37,71.34,42.01,69.12,67.07,66.04,68.66,28.16,29.12,71.31,49.37,7.62,13.6,90.52,51.24,71.59,4.47,81.06,63.25,5.39,61.13
32,76.49,90.55,91.93,61.07,84.76,29.43,26.91,68.43,67.42,48.85,101.53,68.82,82.2,62.39,44.65,22.36,56.44,39.32,80.41,65.3,54.78,57.0,56.89,67.42,38.01,92.66,9.22,44.38,43.19,76.06,26.0,10.63,0.0,56.73,12.17,63.89,21.26,91.24,46.0,54.45,21.21,87.21,80.23,45.19,75.66,61.0,65.19,78.16,21.59,26.4,68.6,58.46,18.03,18.0,91.68,59.03,69.34,6.4,89.56,65.86,13.42,69.87
33,33.53,62.43,35.47,4.47,83.01,83.35,65.8,18.97,71.87,25.3,53.15,13.34,52.7,20.52,13.42,41.79,40.71,32.25,81.41,24.7,26.93,47.42,29.97,71.87,44.01,77.08,65.0,26.0,13.6,22.56,72.24,57.8,56.73,0.0,49.82,12.17,35.47,59.94,43.93,52.81,75.47,32.2,70.8,24.33,50.33,31.06,8.49,75.29,38.83,30.41,16.12,59.46,57.38,71.34,37.16,50.09,15.03,58.25,74.25,22.36,63.13,62.77
34,74.04,92.02,85.28,53.91,91.24,41.11,37.74,59.08,74.3,47.52,98.43,60.83,83.02,52.35,36.8,25.3,58.22,27.89,87.24,62.64,53.6,60.21,45.61,74.3,42.06,96.77,21.0,33.62,36.89,70.83,37.95,21.47,12.17,49.82,0.0,58.67,16.49,92.05,49.48,59.14,33.02,81.54,85.07,43.57,77.03,49.73,58.26,84.17,11.4,20.12,59.82,64.08,27.8,30.07,86.28,62.59,60.96,18.03,93.62,62.63,25.3,74.63
35,21.54,51.4,29.15,11.66,75.64,88.41,68.43,26.91,66.49,22.36,41.44,17.49,41.87,31.06,24.33,45.8,34.71,44.05,74.67,14.21,21.1,41.77,41.79,66.49,43.42,67.48,71.42,38.05,21.93,12.21,75.8,63.13,63.89,12.17,58.67,0.0,43.01,48.55,41.11,48.26,80.92,23.35,62.65,23.41,40.46,42.49,10.0,68.15,48.33,38.59,22.8,54.59,61.29,76.69,27.8,44.15,20.25,64.35,64.82,11.31,68.25,55.71
36,57.57,76.24,70.71,39.82,79.32,48.85,36.22,48.1,63.25,31.14,82.08,47.71,67.03,42.95,23.71,14.42,42.95,24.7,75.8,46.17,37.22,45.88,40.2,63.25,29.41,82.54,29.68,27.17,21.93,55.22,40.2,23.77,21.26,35.47,16.49,43.01,0.0,76.01,35.78,46.14,40.72,66.22,71.59,27.17,61.29,44.1,43.93,71.87,10.3,5.39,47.85,51.87,26.02,36.77,70.8,48.47,48.37,23.26,79.38,46.24,29.12,61.27
37,27.66,5.0,57.25,60.21,44.15,104.69,80.06,74.81,47.43,45.18,32.0,64.66,9.06,79.61,68.62,68.88,34.93,88.32,46.49,35.34,39.32,36.25,89.89,47.43,54.41,26.08,95.08,83.82,63.32,45.28,89.0,84.9,91.24,59.94,92.05,48.55,76.01,0.0,46.49,42.19,99.72,48.37,31.02,49.16,15.81,90.92,58.01,39.92,85.21,74.24,70.43,43.28,79.06,95.86,47.01,35.36,67.48,88.29,25.02,37.59,88.23,33.42
38,40.22,45.12,68.41,47.52,44.05,58.67,34.41,62.82,29.41,19.03,64.38,56.32,37.7,62.39,42.54,24.33,12.21,56.59,41.01,32.31,20.62,11.0,66.57,29.41,8.06,47.3,48.84,55.44,36.24,49.73,43.27,38.64,46.0,43.93,49.48,41.11,35.78,46.49,0.0,10.63,53.31,60.41,35.85,19.65,30.68,69.46,49.09,36.4,46.07,36.62,60.02,17.03,32.57,49.4,63.16,13.15,58.55,42.3,44.15,34.79,41.76,25.5
39,42.72,39.81,73.68,56.04,33.42,62.97,38.28,71.78,19.24,27.51,64.9,64.54,34.21,72.01,52.7,33.84,14.14,67.21,30.41,37.22,27.17,7.62,76.84,19.24,17.09,38.21,56.04,65.95,46.32,55.23,47.17,46.0,54.45,52.81,59.14,48.26,46.14,42.19,10.63,0.0,58.69,65.12,25.96,29.07,27.02,79.61,57.07,25.81,56.44,47.2,68.68,6.71,39.12,55.11,67.19,7.07,66.94,50.04,35.13,40.11,48.26,15.52
40,90.0,98.03,109.81,79.92,83.29,8.25,21.02,88.77,66.07,62.48,115.21,88.19,91.0,83.17,64.4,35.36,65.31,60.53,78.41,79.51,67.8,63.57,78.09,66.07,45.62,95.52,12.04,65.51,61.91,92.76,13.34,17.8,21.21,75.47,33.02,80.92,40.72,99.72,53.31,58.69,0.0,104.14,82.3,59.46,83.93,82.2,83.76,78.01,42.76,46.1,88.57,60.53,21.1,4.24,108.25,64.85,89.01,17.46,92.66,80.72,12.73,72.69
41,24.19,52.77,9.22,28.79,86.15,111.52,90.74,35.23,81.06,43.42,26.0,26.02,45.54,43.01,45.62,68.88,50.99,63.6,86.47,28.16,39.92,57.71,56.01,81.06,64.4,72.8,94.76,56.75,44.65,11.4,98.47,86.37,87.21,32.2,81.54,23.35,66.22,48.37,60.41,65.12,104.14,0.0,72.18,45.49,47.85,55.08,24.35,79.51,70.83,61.61,31.06,70.58,84.2,99.9,5.1,59.41,28.02,87.68,70.84,25.63,91.44,68.07
42,48.05,26.4,81.39,72.95,14.04,85.33,61.29,89.04,18.87,47.38,61.98,80.13,28.07,91.21,74.28,59.77,31.14,91.02,15.52,48.75,44.05,26.08,98.29,18.87,43.01,13.34,81.15,88.73,67.94,65.15,69.72,71.34,80.23,70.8,85.07,62.65,71.59,31.02,35.85,25.96,82.3,72.18,0.0,50.33,24.33,100.5,72.56,8.94,81.86,72.07,85.23,22.02,64.12,79.1,72.44,23.32,82.86,75.54,10.77,51.89,73.03,10.44
43,31.3,49.82,52.33,28.07,61.07,66.48,45.28,43.17,48.3,4.0,56.44,37.01,40.31,42.95,24.08,24.21,19.21,41.18,58.82,20.25,10.05,24.84,48.27,48.3,20.22,59.17,51.31,38.42,17.69,34.13,53.01,42.01,45.19,24.33,43.57,23.41,27.17,49.16,19.65,29.07,59.46,45.49,50.33,0.0,35.17,50.8,30.07,53.26,36.06,25.08,40.45,35.78,38.95,55.23,49.2,27.66,39.12,44.1,56.08,21.26,46.75,41.04
44,23.77,15.0,57.07,51.62,38.33,89.0,64.41,67.36,36.06,31.32,39.92,57.8,7.21,70.77,56.82,53.34,19.24,75.77,39.0,26.25,26.0,20.59,79.63,36.06,38.6,27.02,79.31,72.01,50.99,41.23,73.36,69.12,75.66,50.33,77.03,40.46,61.29,15.81,30.68,27.02,83.93,47.85,24.33,35.17,0.0,81.22,50.45,32.0,70.86,60.02,63.25,29.21,63.25,80.06,48.17,20.0,60.61,72.57,24.41,29.21,72.42,21.84
45,63.98,93.49,53.34,30.87,111.83,90.43,80.31,20.02,98.79,53.26,80.06,29.27,83.76,12.17,26.93,57.07,69.53,21.84,109.62,55.76,56.57,75.6,4.12,98.79,66.71,107.71,70.21,17.0,33.29,49.48,84.01,67.07,61.0,31.06,49.73,42.49,44.1,90.92,69.46,79.61,82.2,55.08,100.5,50.8,81.22,0.0,33.84,104.02,39.46,39.32,24.02,86.28,70.11,78.77,60.03,78.41,27.07,65.38,104.8,53.34,72.17,91.68
46,30.53,61.07,27.02,4.47,85.43,91.59,73.39,16.97,75.69,30.07,47.04,7.62,51.66,21.93,21.63,49.66,43.97,39.29,84.31,24.21,30.08,50.96,33.73,75.69,50.25,77.47,73.41,32.56,22.02,16.03,80.11,66.04,65.19,8.49,58.26,10.0,43.93,58.01,49.09,57.07,83.76,24.35,72.56,30.07,50.45,33.84,0.0,77.88,47.2,38.9,12.81,63.56,65.31,79.61,29.41,53.45,10.3,66.61,74.81,21.26,71.34,65.39
47,55.33,35.34,88.68,77.83,7.81,80.31,57.04,93.94,12.17,50.8,70.61,85.49,36.5,95.41,77.34,59.03,34.67,92.85,7.0,54.71,48.37,28.43,101.53,12.17,42.54,20.25,78.09,91.22,70.94,71.81,65.03,68.66,78.16,75.29,84.17,68.15,71.87,39.92,36.4,25.81,78.01,79.51,8.94,53.26,32.0,104.02,77.88,0.0,82.15,73.01,90.34,20.12,61.19,75.11,80.1,25.61,88.14,73.01,18.44,57.87,69.72,12.53
48,65.12,85.71,74.2,42.8,89.59,50.99,43.01,47.71,73.41,40.05,88.89,49.5,76.32,41.15,25.61,24.04,52.89,18.0,86.02,53.76,46.01,56.08,35.36,73.41,39.66,92.7,30.81,22.8,26.4,60.37,45.28,28.16,21.59,38.83,11.4,48.33,10.3,85.21,46.07,56.44,42.76,70.83,81.86,36.06,70.86,39.46,47.2,82.15,0.0,11.0,48.41,62.13,32.57,39.32,75.66,58.69,49.58,26.02,89.54,53.37,33.02,71.55
49,54.34,74.81,65.8,34.71,80.6,54.23,41.05,42.72,65.07,29.07,78.43,42.44,65.38,37.66,18.36,18.03,42.38,21.1,77.34,42.95,35.01,46.07,35.51,65.07,31.11,82.46,34.99,22.56,17.03,50.77,45.4,29.12,26.4,30.41,20.12,38.59,5.39,74.24,36.62,47.2,46.1,61.61,72.07,25.08,60.02,39.32,38.9,73.01,11.0,0.0,42.49,53.26,31.02,42.15,66.29,48.76,43.05,28.64,79.31,42.72,34.48,61.91
50,42.8,73.66,29.83,12.65,97.95,96.66,80.81,4.47,87.6,41.23,56.29,5.83,64.35,12.04,24.17,56.52,56.08,36.06,96.66,37.01,42.15,62.97,25.18,87.6,60.07,90.27,77.41,28.84,27.66,26.4,86.68,71.31,68.6,16.12,59.82,22.8,47.85,70.43,60.02,68.68,88.57,31.06,85.23,40.45,63.25,24.02,12.81,90.34,48.41,42.49,0.0,75.29,71.84,84.58,36.01,65.55,3.16,71.11,87.62,34.06,76.69,77.82
51,47.54,40.22,79.31,62.64,27.46,64.03,39.62,78.43,12.53,34.18,68.48,71.06,36.12,78.72,59.36,38.91,20.02,73.54,24.08,43.01,33.54,13.0,83.49,12.53,22.47,35.06,59.14,72.47,53.0,61.03,48.27,49.37,58.46,59.46,64.08,54.59,51.87,43.28,17.03,6.71,60.53,70.58,22.02,35.78,29.21,86.28,63.56,20.12,62.13,53.26,75.29,0.0,42.11,57.22,72.37,11.18,73.5,53.6,32.14,46.0,51.01,12.17
52,69.03,77.62,90.43,61.85,67.45,27.59,10.44,72.78,50.0,41.73,94.2,70.58,70.23,68.47,48.05,15.65,44.38,50.01,62.94,58.73,46.86,43.17,66.19,50.0,24.7,77.01,17.03,53.15,44.27,72.8,14.87,7.62,18.03,57.38,27.8,61.29,26.02,79.06,32.57,39.12,21.1,84.2,64.12,38.95,63.25,70.11,65.31,61.19,32.57,31.02,71.84,42.11,0.0,17.0,88.09,44.72,71.78,12.08,74.0,60.11,9.22,54.01
53,85.8,94.25,105.6,75.8,80.62,12.08,18.11,84.86,63.29,58.26,111.02,84.12,87.09,79.4,60.42,31.11,61.33,57.22,75.8,75.29,63.6,59.77,74.67,63.29,41.63,92.27,9.22,61.98,57.8,88.53,11.66,13.6,18.0,71.34,30.07,76.69,36.77,95.86,49.4,55.11,4.24,99.9,79.1,55.23,80.06,78.77,79.61,75.11,39.32,42.15,84.58,57.22,17.0,0.0,104.0,61.13,84.97,13.6,89.36,76.49,8.49,69.35
54,25.08,51.62,10.63,33.84,86.47,115.52,94.3,40.11,82.39,46.87,21.95,31.06,45.12,48.0,50.57,72.92,53.16,68.68,87.09,30.87,42.94,59.67,61.03,82.39,67.6,72.12,99.09,61.85,49.4,15.62,102.2,90.52,91.68,37.16,86.28,27.8,70.8,47.01,63.16,67.19,108.25,5.1,72.44,49.2,48.17,60.03,29.41,80.1,75.66,66.29,36.01,72.37,88.09,104.0,0.0,61.19,33.0,91.97,70.34,28.65,95.52,69.03
55,36.4,33.24,68.18,52.92,33.42,69.46,44.78,68.94,22.36,25.24,57.98,61.03,27.2,69.97,51.74,37.48,9.49,67.8,31.38,32.02,23.41,2.83,75.93,22.36,21.02,34.21,61.4,65.8,45.34,50.0,53.71,51.24,59.03,50.09,62.59,44.15,48.47,35.36,13.15,7.07,64.85,59.41,23.32,27.66,20.0,78.41,53.45,25.61,58.69,48.76,65.55,11.18,44.72,61.13,61.19,0.0,63.57,55.08,31.05,35.06,53.94,13.45
56,39.82,70.77,27.2,11.05,95.71,97.05,80.52,7.62,85.73,39.62,53.15,2.83,61.52,15.0,24.7,56.32,54.08,38.08,94.54,34.41,40.16,61.03,28.07,85.73,59.0,87.62,78.03,30.89,27.51,23.26,86.65,71.59,69.34,15.03,60.96,20.25,48.37,67.48,58.55,66.94,89.01,28.02,82.86,39.12,60.61,27.07,10.3,88.14,49.58,43.05,3.16,73.5,71.78,84.97,33.0,63.57,0.0,71.59,85.0,31.4,76.97,75.64
57,75.29,87.3,92.96,62.68,79.4,25.63,20.52,71.31,61.98,47.51,100.5,70.83,79.31,65.8,46.96,20.12,53.37,44.01,74.95,64.35,53.24,53.24,61.29,61.98,34.23,88.2,7.21,48.51,44.65,76.38,19.92,4.47,6.4,58.25,18.03,64.35,23.26,88.29,42.3,50.04,17.46,87.68,75.54,44.1,72.57,65.38,66.61,73.01,26.02,28.64,71.11,53.6,12.08,13.6,91.97,55.08,71.59,0.0,85.15,65.22,7.28,65.28
58,47.42,20.02,80.01,75.82,20.12,95.9,71.7,91.68,29.53,52.7,57.01,82.2,25.3,94.76,79.4,68.45,37.12,97.25,23.6,50.61,48.41,33.53,102.94,29.53,51.79,3.16,91.01,94.3,73.24,65.3,80.23,81.06,89.56,74.25,93.62,64.82,79.38,25.02,44.15,35.13,92.66,70.84,10.77,56.08,24.41,104.8,74.81,18.44,89.54,79.31,87.62,32.14,74.0,89.36,70.34,31.05,85.0,85.15,0.0,53.6,83.02,20.02
59,12.0,40.22,33.73,22.8,65.19,87.68,65.8,38.21,57.31,18.44,35.85,28.6,30.61,42.2,32.25,45.45,26.02,52.35,64.56,3.16,14.32,33.0,52.33,57.31,38.95,56.22,72.42,47.07,28.02,15.13,73.88,63.25,65.86,22.36,62.63,11.31,46.24,37.59,34.79,40.11,80.72,25.63,51.89,21.26,29.21,53.34,21.26,57.87,53.37,42.72,34.06,46.0,60.11,76.49,28.65,35.06,31.4,65.22,53.6,0.0,68.01,45.61
60,77.42,86.83,97.2,67.6,75.71,20.25,14.42,77.16,58.25,49.82,102.65,76.03,79.38,72.03,52.55,22.63,53.49,51.01,71.06,66.84,55.22,52.39,68.12,58.25,33.84,86.01,8.54,55.23,49.65,80.06,12.65,5.39,13.42,63.13,25.3,68.25,29.12,88.23,41.76,48.26,12.73,91.44,73.03,46.75,72.42,72.17,71.34,69.72,33.02,34.48,76.69,51.01,9.22,8.49,95.52,53.94,76.97,7.28,83.02,68.01,0.0,63.01
61,44.0,29.7,77.16,65.3,20.25,76.16,51.79,81.41,14.32,38.42,61.68,73.01,27.73,82.93,65.12,49.34,22.2,81.22,18.97,42.45,35.85,16.28,89.27,14.32,32.57,23.0,71.03,79.25,58.73,59.84,60.42,61.13,69.87,62.77,74.63,55.71,61.27,33.42,25.5,15.52,72.69,68.07,10.44,41.04,21.84,91.68,65.39,12.53,71.55,61.91,77.82,12.17,54.01,69.35,69.03,13.45,75.64,65.28,20.02,45.61,63.01,0.0
