set K:= 1	2	3	4	5	6	7	8	9;
set C_H:= 1	2	3	4	5	6	7	8	9	10	11	12	13	14	15	16	17	18	19	20	21	22;
set C_S:= 23	24	25	26	27	28	29	30	31	32	33	34	35	36	37	38	39	40	41	42	43;
set C_F:= 44	45	46	47	48	49	50	51	52	53	54	55	56	57	58	59	60	61	62	63	64;
set M:= 65	66	67	68;
set L_B:= 69	70	71	72	73	74	75	76	77;
set A1:=
(0,*) 1 2 3 4 5 6 7 8 9 10 11 12 13 14 15 16 17 18 19 20 21 22 44 45 46 47 48 49 50 51 52 53 54 55 56 57 58 59 60 61 62 63 64 65 66 67 68 69 70 71 72 73 74 75 76 77
(1,*) 0 2 3 4 5 6 7 8 9 10 11 12 13 14 15 16 17 18 19 20 21 22 44 45 46 47 48 49 50 51 52 53 54 55 56 57 58 59 60 61 62 63 64 65 66 67 68 69 70 71 72 73 74 75 76 77
(2,*) 0 1 3 4 5 6 7 8 9 10 11 12 13 14 15 16 17 18 19 20 21 22 44 45 46 47 48 49 50 51 52 53 54 55 56 57 58 59 60 61 62 63 64 65 66 67 68 69 70 71 72 73 74 75 76 77
(3,*) 0 1 2 4 5 6 7 8 9 10 11 12 13 14 15 16 17 18 19 20 21 22 44 45 46 47 48 49 50 51 52 53 54 55 56 57 58 59 60 61 62 63 64 65 66 67 68 69 70 71 72 73 74 75 76 77
(4,*) 0 1 2 3 5 6 7 8 9 10 11 12 13 14 15 16 17 18 19 20 21 22 44 45 46 47 48 49 50 51 52 53 54 55 56 57 58 59 60 61 62 63 64 65 66 67 68 69 70 71 72 73 74 75 76 77
(5,*) 0 1 2 3 4 6 7 8 9 10 11 12 13 14 15 16 17 18 19 20 21 22 44 45 46 47 48 49 50 51 52 53 54 55 56 57 58 59 60 61 62 63 64 65 66 67 68 69 70 71 72 73 74 75 76 77
(6,*) 0 1 2 3 4 5 7 8 9 10 11 12 13 14 15 16 17 18 19 20 21 22 44 45 46 47 48 49 50 51 52 53 54 55 56 57 58 59 60 61 62 63 64 65 66 67 68 69 70 71 72 73 74 75 76 77
(7,*) 0 1 2 3 4 5 6 8 9 10 11 12 13 14 15 16 17 18 19 20 21 22 44 45 46 47 48 49 50 51 52 53 54 55 56 57 58 59 60 61 62 63 64 65 66 67 68 69 70 71 72 73 74 75 76 77
(8,*) 0 1 2 3 4 5 6 7 9 10 11 12 13 14 15 16 17 18 19 20 21 22 44 45 46 47 48 49 50 51 52 53 54 55 56 57 58 59 60 61 62 63 64 65 66 67 68 69 70 71 72 73 74 75 76 77
(9,*) 0 1 2 3 4 5 6 7 8 10 11 12 13 14 15 16 17 18 19 20 21 22 44 45 46 47 48 49 50 51 52 53 54 55 56 57 58 59 60 61 62 63 64 65 66 67 68 69 70 71 72 73 74 75 76 77
(10,*) 0 1 2 3 4 5 6 7 8 9 11 12 13 14 15 16 17 18 19 20 21 22 44 45 46 47 48 49 50 51 52 53 54 55 56 57 58 59 60 61 62 63 64 65 66 67 68 69 70 71 72 73 74 75 76 77
(11,*) 0 1 2 3 4 5 6 7 8 9 10 12 13 14 15 16 17 18 19 20 21 22 44 45 46 47 48 49 50 51 52 53 54 55 56 57 58 59 60 61 62 63 64 65 66 67 68 69 70 71 72 73 74 75 76 77
(12,*) 0 1 2 3 4 5 6 7 8 9 10 11 13 14 15 16 17 18 19 20 21 22 44 45 46 47 48 49 50 51 52 53 54 55 56 57 58 59 60 61 62 63 64 65 66 67 68 69 70 71 72 73 74 75 76 77
(13,*) 0 1 2 3 4 5 6 7 8 9 10 11 12 14 15 16 17 18 19 20 21 22 44 45 46 47 48 49 50 51 52 53 54 55 56 57 58 59 60 61 62 63 64 65 66 67 68 69 70 71 72 73 74 75 76 77
(14,*) 0 1 2 3 4 5 6 7 8 9 10 11 12 13 15 16 17 18 19 20 21 22 44 45 46 47 48 49 50 51 52 53 54 55 56 57 58 59 60 61 62 63 64 65 66 67 68 69 70 71 72 73 74 75 76 77
(15,*) 0 1 2 3 4 5 6 7 8 9 10 11 12 13 14 16 17 18 19 20 21 22 44 45 46 47 48 49 50 51 52 53 54 55 56 57 58 59 60 61 62 63 64 65 66 67 68 69 70 71 72 73 74 75 76 77
(16,*) 0 1 2 3 4 5 6 7 8 9 10 11 12 13 14 15 17 18 19 20 21 22 44 45 46 47 48 49 50 51 52 53 54 55 56 57 58 59 60 61 62 63 64 65 66 67 68 69 70 71 72 73 74 75 76 77
(17,*) 0 1 2 3 4 5 6 7 8 9 10 11 12 13 14 15 16 18 19 20 21 22 44 45 46 47 48 49 50 51 52 53 54 55 56 57 58 59 60 61 62 63 64 65 66 67 68 69 70 71 72 73 74 75 76 77
(18,*) 0 1 2 3 4 5 6 7 8 9 10 11 12 13 14 15 16 17 19 20 21 22 44 45 46 47 48 49 50 51 52 53 54 55 56 57 58 59 60 61 62 63 64 65 66 67 68 69 70 71 72 73 74 75 76 77
(19,*) 0 1 2 3 4 5 6 7 8 9 10 11 12 13 14 15 16 17 18 20 21 22 44 45 46 47 48 49 50 51 52 53 54 55 56 57 58 59 60 61 62 63 64 65 66 67 68 69 70 71 72 73 74 75 76 77
(20,*) 0 1 2 3 4 5 6 7 8 9 10 11 12 13 14 15 16 17 18 19 21 22 44 45 46 47 48 49 50 51 52 53 54 55 56 57 58 59 60 61 62 63 64 65 66 67 68 69 70 71 72 73 74 75 76 77
(21,*) 0 1 2 3 4 5 6 7 8 9 10 11 12 13 14 15 16 17 18 19 20 22 44 45 46 47 48 49 50 51 52 53 54 55 56 57 58 59 60 61 62 63 64 65 66 67 68 69 70 71 72 73 74 75 76 77
(22,*) 0 1 2 3 4 5 6 7 8 9 10 11 12 13 14 15 16 17 18 19 20 21 44 45 46 47 48 49 50 51 52 53 54 55 56 57 58 59 60 61 62 63 64 65 66 67 68 69 70 71 72 73 74 75 76 77
(44,*) 0 1 2 3 4 5 6 7 8 9 10 11 12 13 14 15 16 17 18 19 20 21 22 45 46 47 48 49 50 51 52 53 54 55 56 57 58 59 60 61 62 63 64 65 66 67 68 69 70 71 72 73 74 75 76 77
(45,*) 0 1 2 3 4 5 6 7 8 9 10 11 12 13 14 15 16 17 18 19 20 21 22 44 46 47 48 49 50 51 52 53 54 55 56 57 58 59 60 61 62 63 64 65 66 67 68 69 70 71 72 73 74 75 76 77
(46,*) 0 1 2 3 4 5 6 7 8 9 10 11 12 13 14 15 16 17 18 19 20 21 22 44 45 47 48 49 50 51 52 53 54 55 56 57 58 59 60 61 62 63 64 65 66 67 68 69 70 71 72 73 74 75 76 77
(47,*) 0 1 2 3 4 5 6 7 8 9 10 11 12 13 14 15 16 17 18 19 20 21 22 44 45 46 48 49 50 51 52 53 54 55 56 57 58 59 60 61 62 63 64 65 66 67 68 69 70 71 72 73 74 75 76 77
(48,*) 0 1 2 3 4 5 6 7 8 9 10 11 12 13 14 15 16 17 18 19 20 21 22 44 45 46 47 49 50 51 52 53 54 55 56 57 58 59 60 61 62 63 64 65 66 67 68 69 70 71 72 73 74 75 76 77
(49,*) 0 1 2 3 4 5 6 7 8 9 10 11 12 13 14 15 16 17 18 19 20 21 22 44 45 46 47 48 50 51 52 53 54 55 56 57 58 59 60 61 62 63 64 65 66 67 68 69 70 71 72 73 74 75 76 77
(50,*) 0 1 2 3 4 5 6 7 8 9 10 11 12 13 14 15 16 17 18 19 20 21 22 44 45 46 47 48 49 51 52 53 54 55 56 57 58 59 60 61 62 63 64 65 66 67 68 69 70 71 72 73 74 75 76 77
(51,*) 0 1 2 3 4 5 6 7 8 9 10 11 12 13 14 15 16 17 18 19 20 21 22 44 45 46 47 48 49 50 52 53 54 55 56 57 58 59 60 61 62 63 64 65 66 67 68 69 70 71 72 73 74 75 76 77
(52,*) 0 1 2 3 4 5 6 7 8 9 10 11 12 13 14 15 16 17 18 19 20 21 22 44 45 46 47 48 49 50 51 53 54 55 56 57 58 59 60 61 62 63 64 65 66 67 68 69 70 71 72 73 74 75 76 77
(53,*) 0 1 2 3 4 5 6 7 8 9 10 11 12 13 14 15 16 17 18 19 20 21 22 44 45 46 47 48 49 50 51 52 54 55 56 57 58 59 60 61 62 63 64 65 66 67 68 69 70 71 72 73 74 75 76 77
(54,*) 0 1 2 3 4 5 6 7 8 9 10 11 12 13 14 15 16 17 18 19 20 21 22 44 45 46 47 48 49 50 51 52 53 55 56 57 58 59 60 61 62 63 64 65 66 67 68 69 70 71 72 73 74 75 76 77
(55,*) 0 1 2 3 4 5 6 7 8 9 10 11 12 13 14 15 16 17 18 19 20 21 22 44 45 46 47 48 49 50 51 52 53 54 56 57 58 59 60 61 62 63 64 65 66 67 68 69 70 71 72 73 74 75 76 77
(56,*) 0 1 2 3 4 5 6 7 8 9 10 11 12 13 14 15 16 17 18 19 20 21 22 44 45 46 47 48 49 50 51 52 53 54 55 57 58 59 60 61 62 63 64 65 66 67 68 69 70 71 72 73 74 75 76 77
(57,*) 0 1 2 3 4 5 6 7 8 9 10 11 12 13 14 15 16 17 18 19 20 21 22 44 45 46 47 48 49 50 51 52 53 54 55 56 58 59 60 61 62 63 64 65 66 67 68 69 70 71 72 73 74 75 76 77
(58,*) 0 1 2 3 4 5 6 7 8 9 10 11 12 13 14 15 16 17 18 19 20 21 22 44 45 46 47 48 49 50 51 52 53 54 55 56 57 59 60 61 62 63 64 65 66 67 68 69 70 71 72 73 74 75 76 77
(59,*) 0 1 2 3 4 5 6 7 8 9 10 11 12 13 14 15 16 17 18 19 20 21 22 44 45 46 47 48 49 50 51 52 53 54 55 56 57 58 60 61 62 63 64 65 66 67 68 69 70 71 72 73 74 75 76 77
(60,*) 0 1 2 3 4 5 6 7 8 9 10 11 12 13 14 15 16 17 18 19 20 21 22 44 45 46 47 48 49 50 51 52 53 54 55 56 57 58 59 61 62 63 64 65 66 67 68 69 70 71 72 73 74 75 76 77
(61,*) 0 1 2 3 4 5 6 7 8 9 10 11 12 13 14 15 16 17 18 19 20 21 22 44 45 46 47 48 49 50 51 52 53 54 55 56 57 58 59 60 62 63 64 65 66 67 68 69 70 71 72 73 74 75 76 77
(62,*) 0 1 2 3 4 5 6 7 8 9 10 11 12 13 14 15 16 17 18 19 20 21 22 44 45 46 47 48 49 50 51 52 53 54 55 56 57 58 59 60 61 63 64 65 66 67 68 69 70 71 72 73 74 75 76 77
(63,*) 0 1 2 3 4 5 6 7 8 9 10 11 12 13 14 15 16 17 18 19 20 21 22 44 45 46 47 48 49 50 51 52 53 54 55 56 57 58 59 60 61 62 64 65 66 67 68 69 70 71 72 73 74 75 76 77
(64,*) 0 1 2 3 4 5 6 7 8 9 10 11 12 13 14 15 16 17 18 19 20 21 22 44 45 46 47 48 49 50 51 52 53 54 55 56 57 58 59 60 61 62 63 65 66 67 68 69 70 71 72 73 74 75 76 77
(65,*) 0 1 2 3 4 5 6 7 8 9 10 11 12 13 14 15 16 17 18 19 20 21 22 44 45 46 47 48 49 50 51 52 53 54 55 56 57 58 59 60 61 62 63 64 66 67 68 69 70 71 72 73 74 75 76 77
(66,*) 0 1 2 3 4 5 6 7 8 9 10 11 12 13 14 15 16 17 18 19 20 21 22 44 45 46 47 48 49 50 51 52 53 54 55 56 57 58 59 60 61 62 63 64 65 67 68 69 70 71 72 73 74 75 76 77
(67,*) 0 1 2 3 4 5 6 7 8 9 10 11 12 13 14 15 16 17 18 19 20 21 22 44 45 46 47 48 49 50 51 52 53 54 55 56 57 58 59 60 61 62 63 64 65 66 68 69 70 71 72 73 74 75 76 77
(68,*) 0 1 2 3 4 5 6 7 8 9 10 11 12 13 14 15 16 17 18 19 20 21 22 44 45 46 47 48 49 50 51 52 53 54 55 56 57 58 59 60 61 62 63 64 65 66 67 69 70 71 72 73 74 75 76 77
(69,*) 0 1 2 3 4 5 6 7 8 9 10 11 12 13 14 15 16 17 18 19 20 21 22 44 45 46 47 48 49 50 51 52 53 54 55 56 57 58 59 60 61 62 63 64 65 66 67 68 70 71 72 73 74 75 76 77
(70,*) 0 1 2 3 4 5 6 7 8 9 10 11 12 13 14 15 16 17 18 19 20 21 22 44 45 46 47 48 49 50 51 52 53 54 55 56 57 58 59 60 61 62 63 64 65 66 67 68 69 71 72 73 74 75 76 77
(71,*) 0 1 2 3 4 5 6 7 8 9 10 11 12 13 14 15 16 17 18 19 20 21 22 44 45 46 47 48 49 50 51 52 53 54 55 56 57 58 59 60 61 62 63 64 65 66 67 68 69 70 72 73 74 75 76 77
(72,*) 0 1 2 3 4 5 6 7 8 9 10 11 12 13 14 15 16 17 18 19 20 21 22 44 45 46 47 48 49 50 51 52 53 54 55 56 57 58 59 60 61 62 63 64 65 66 67 68 69 70 71 73 74 75 76 77
(73,*) 0 1 2 3 4 5 6 7 8 9 10 11 12 13 14 15 16 17 18 19 20 21 22 44 45 46 47 48 49 50 51 52 53 54 55 56 57 58 59 60 61 62 63 64 65 66 67 68 69 70 71 72 74 75 76 77
(74,*) 0 1 2 3 4 5 6 7 8 9 10 11 12 13 14 15 16 17 18 19 20 21 22 44 45 46 47 48 49 50 51 52 53 54 55 56 57 58 59 60 61 62 63 64 65 66 67 68 69 70 71 72 73 75 76 77
(75,*) 0 1 2 3 4 5 6 7 8 9 10 11 12 13 14 15 16 17 18 19 20 21 22 44 45 46 47 48 49 50 51 52 53 54 55 56 57 58 59 60 61 62 63 64 65 66 67 68 69 70 71 72 73 74 76 77
(76,*) 0 1 2 3 4 5 6 7 8 9 10 11 12 13 14 15 16 17 18 19 20 21 22 44 45 46 47 48 49 50 51 52 53 54 55 56 57 58 59 60 61 62 63 64 65 66 67 68 69 70 71 72 73 74 75 77
(77,*) 0 1 2 3 4 5 6 7 8 9 10 11 12 13 14 15 16 17 18 19 20 21 22 44 45 46 47 48 49 50 51 52 53 54 55 56 57 58 59 60 61 62 63 64 65 66 67 68 69 70 71 72 73 74 75 76
;
set A2:=
(65,*) 66
(66,*) 65
(67,*) 68
(68,*) 67
;
param BigM:=99999;
param n:= 9;
param d:=
1	12
2	20
3	26
4	17
5	12
6	11
7	7
8	10
9	22
10	2
11	16
12	23
13	2
14	12
15	8
16	5
17	6
18	21
19	20
20	19
21	23
22	16
23	24
24	9
25	10
26	2
27	11
28	9
29	9
30	15
31	24
32	18
33	5
34	19
35	6
36	14
37	13
38	2
39	14
40	6
41	24
42	2
43	23
44	16
45	7
46	18
47	12
48	23
49	1
50	26
51	21
52	17
53	14
54	15
55	24
56	25
57	8
58	2
59	13
60	10
61	24
62	4
63	14
64	14
;
param Q:=100;
param w:=
[65,*] 66 0.5
[66,*] 65 0.5
[67,*] 68 0.5
[68,*] 67 0.5
;
param V:=
[65,*] 66 91
[66,*] 65 91
[67,*] 68 85
[68,*] 67 85
;
param e:
	65	66	67	68	69	70	71	72	73	74	75	76	77:=
23	0	0	0	0	0	0	0	0	0	0	0	1	0	
24	0	0	0	0	0	0	0	0	1	0	0	0	0	
25	0	0	0	0	0	0	0	0	0	0	0	0	1	
26	0	0	0	0	1	0	0	0	0	0	0	0	0	
27	0	0	0	0	1	0	0	1	0	0	0	0	0	
28	0	0	0	0	1	0	0	0	0	0	0	0	0	
29	0	0	0	0	0	0	0	0	0	0	0	0	1	
30	0	0	0	0	0	1	0	0	0	0	0	0	1	
31	0	0	0	0	0	0	1	0	0	0	0	0	1	
32	0	0	0	0	0	0	0	0	0	1	0	0	0	
33	0	0	0	0	0	1	0	0	0	0	0	0	0	
34	0	0	0	0	0	0	0	0	1	0	0	0	0	
35	0	0	0	0	0	0	1	0	0	0	0	0	0	
36	0	0	0	0	0	0	0	1	0	0	0	0	0	
37	0	0	0	0	0	0	0	0	1	0	0	1	0	
38	0	0	0	0	0	0	0	0	1	0	0	1	0	
39	0	0	0	0	0	0	1	0	0	0	0	0	0	
40	0	0	0	0	0	0	0	0	0	0	0	0	1	
41	0	0	0	0	1	0	0	0	0	0	0	0	0	
42	0	0	0	0	0	0	0	0	0	0	0	1	0	
43	0	0	0	0	0	0	0	0	0	0	0	1	0	
44	0	0	0	0	0	1	0	0	0	0	0	1	0	
45	0	0	0	0	0	1	0	0	1	0	0	1	0	
46	0	0	0	0	1	0	0	0	0	0	0	0	0	
47	0	0	0	0	0	1	0	0	0	0	0	1	0	
48	0	0	0	0	0	0	1	0	0	1	0	0	1	
49	0	0	0	0	1	0	0	1	0	0	1	0	0	
50	0	0	0	0	1	0	0	0	0	0	0	0	0	
51	0	0	0	0	1	0	0	1	0	0	0	0	0	
52	0	0	0	0	1	0	0	1	0	0	1	0	0	
53	0	0	0	0	1	0	0	1	0	0	1	0	0	
54	0	0	0	0	0	1	0	0	1	0	0	1	0	
55	0	0	0	0	0	0	0	0	0	1	0	0	1	
56	0	0	0	0	1	0	0	0	0	0	0	0	0	
57	0	0	0	0	0	0	1	0	0	1	0	0	1	
58	0	0	0	0	1	0	0	0	0	0	0	0	0	
59	0	0	0	0	0	0	0	0	1	1	0	0	1	
60	0	0	0	0	0	1	0	0	1	0	0	1	0	
61	0	0	0	0	1	0	0	0	0	0	0	0	0	
62	0	0	0	0	0	0	0	0	0	1	0	0	0	
63	0	0	0	0	1	0	0	0	0	0	0	0	0	
64	0	0	0	0	0	0	1	0	0	1	0	0	1	
;
param p:=
1	3
2	3
3	3
4	3
5	3
6	3
7	3
8	3
9	3
;
param G:=
65	91
66	89
67	76
68	85
69	78
70	95
71	93
72	86
73	87
74	85
75	79
76	81
77	77
;
param s:=
0	0
1	10
2	10
3	10
4	10
5	10
6	10
7	10
8	10
9	10
10	10
11	10
12	10
13	10
14	10
15	10
16	10
17	10
18	10
19	10
20	10
21	10
22	10
44	10
45	10
46	10
47	10
48	10
49	10
50	10
51	10
52	10
53	10
54	10
55	10
56	10
57	10
58	10
59	10
60	10
61	10
62	10
63	10
64	10
65	10
66	10
67	10
68	10
69	10
70	10
71	10
72	10
73	10
74	10
75	10
76	10
77	10
;
param t:
	0	1	2	3	4	5	6	7	8	9	10	11	12	13	14	15	16	17	18	19	20	21	22	23	24	25	26	27	28	29	30	31	32	33	34	35	36	37	38	39	40	41	42	43	44	45	46	47	48	49	50	51	52	53	54	55	56	57	58	59	60	61	62	63	64	65	66	67	68	69	70	71	72	73	74	75	76	77:=
0	0.0	45.12	28.84	47.07	70.94	46.69	32.06	38.83	39.7	38.21	33.94	30.0	46.04	52.95	41.23	73.76	70.26	63.66	37.74	31.24	67.08	48.37	18.0	72.11	26.31	32.25	35.78	51.92	54.63	40.2	34.93	35.38	30.53	50.91	52.5	17.09	74.32	61.35	38.47	22.8	10.2	50.12	68.0	35.78	52.15	39.7	66.6	64.4	11.31	52.8	62.8	65.3	45.34	29.73	47.2	18.97	62.13	25.06	45.69	18.44	59.36	62.13	45.12	63.81	26.08	78.39	37.12	54.49	36.0	45.34	48.8	26.08	39.05	36.77	17.26	32.53	51.88	22.83
1	45.12	0.0	68.96	92.2	44.05	90.02	76.42	16.97	26.91	15.23	76.03	17.2	75.39	54.04	4.0	86.28	78.1	34.06	32.31	27.78	64.5	75.15	27.86	89.38	50.6	30.53	28.64	7.21	13.42	85.16	78.03	77.82	74.67	84.12	87.36	46.04	59.67	80.0	57.31	66.48	50.16	39.45	72.8	28.64	89.82	75.71	40.0	86.53	55.03	22.09	62.13	32.56	27.78	24.17	77.25	62.13	43.17	64.5	28.07	58.03	85.88	43.17	20.0	45.12	66.24	58.22	82.04	86.38	12.81	22.36	82.57	66.24	20.52	62.77	62.37	24.7	76.94	67.36
2	28.84	68.96	0.0	33.11	99.64	43.86	30.53	66.48	68.41	57.58	8.0	51.88	62.8	80.32	65.51	96.0	94.53	92.02	48.17	60.0	94.25	66.48	41.62	92.35	51.42	44.72	48.66	76.16	80.45	31.24	36.72	10.0	12.81	63.25	62.77	23.41	102.86	82.1	62.8	10.2	19.8	78.89	93.38	48.66	59.06	51.92	95.27	82.87	17.89	80.62	89.84	93.34	74.03	58.14	63.15	30.07	90.97	4.47	58.31	36.06	75.71	90.97	61.61	92.65	2.83	107.19	29.7	67.36	57.27	73.59	61.03	2.83	67.21	58.03	21.02	61.07	70.46	13.6
3	47.07	92.2	33.11	0.0	112.07	18.0	18.44	84.31	82.37	84.21	26.08	76.66	52.0	83.55	88.29	87.32	89.44	106.68	78.64	74.24	95.6	56.46	64.78	81.04	55.32	74.24	78.23	98.95	101.19	8.49	21.63	24.41	20.88	47.07	44.41	52.35	108.9	72.8	62.48	28.28	44.0	88.41	90.55	78.23	38.05	39.4	108.17	70.34	38.05	97.51	91.21	109.18	87.82	74.32	51.26	32.25	101.21	36.06	88.36	38.83	61.61	101.21	90.0	102.45	34.18	115.36	11.4	50.8	82.61	89.44	45.35	34.18	83.67	54.41	29.83	76.49	60.17	26.02
4	70.94	44.05	99.64	112.07	0.0	102.86	93.74	34.93	31.24	58.55	104.8	56.32	73.76	36.06	44.41	64.56	54.41	10.0	75.31	39.7	36.06	71.02	60.83	71.39	57.31	72.28	71.39	40.2	32.25	103.73	92.28	106.15	100.42	83.95	88.29	80.62	21.26	66.12	54.41	93.38	80.0	24.17	48.08	71.39	93.68	80.99	4.47	74.11	82.22	22.36	36.88	12.65	25.61	41.62	75.71	80.0	12.17	95.6	72.11	73.24	78.1	12.17	64.03	12.0	96.83	15.65	100.69	84.17	54.92	26.83	83.43	96.83	33.12	63.25	84.96	38.6	70.46	92.63
5	46.69	90.02	43.86	18.0	102.86	0.0	15.23	79.25	75.29	84.85	38.83	76.42	36.06	71.22	86.02	70.68	73.78	98.79	82.87	67.91	82.02	40.5	64.5	63.91	45.69	77.79	81.61	96.19	97.02	13.42	12.0	37.74	31.24	29.73	26.68	57.27	96.83	56.36	50.0	35.61	47.54	78.71	75.6	81.61	20.1	24.08	99.32	53.14	41.23	91.21	77.79	101.84	80.32	69.05	34.99	28.07	91.3	45.34	91.76	32.25	44.27	91.3	91.78	92.28	43.86	104.04	14.21	33.24	82.39	82.97	28.23	43.86	77.88	41.23	31.02	70.61	43.91	32.2
6	32.06	76.42	30.53	18.44	93.74	15.23	0.0	67.05	64.4	70.26	27.2	62.03	36.5	65.3	72.44	71.81	72.8	88.59	67.68	56.46	77.67	40.79	50.04	66.48	36.88	62.64	66.48	82.87	84.4	10.0	6.32	26.68	18.97	34.23	32.98	42.05	90.55	57.27	44.41	21.26	32.31	70.0	73.35	66.48	28.64	24.08	89.89	56.14	26.0	79.85	73.24	91.24	69.77	56.92	36.22	14.56	82.8	31.24	76.66	20.59	48.0	82.8	76.94	84.02	30.0	96.94	7.07	38.33	68.03	71.69	32.14	30.0	66.13	36.72	15.81	58.87	44.72	17.69
7	38.83	16.97	66.48	84.31	34.93	79.25	67.05	0.0	10.0	26.68	72.47	22.09	60.17	37.2	14.42	69.31	61.22	26.08	42.0	12.17	48.33	59.46	26.08	72.47	36.22	38.21	38.0	19.7	18.0	76.55	67.47	74.03	69.34	69.43	72.99	46.04	46.04	63.25	41.23	61.61	46.69	23.41	56.04	38.0	76.24	62.13	30.46	69.97	50.0	14.14	45.65	26.91	12.17	10.2	62.1	52.5	30.07	62.23	41.23	47.07	69.86	30.07	34.18	32.06	63.66	46.53	73.39	71.31	22.36	8.25	68.07	63.66	3.61	47.54	55.01	9.06	60.93	61.59
8	39.7	26.91	68.41	82.37	31.24	75.29	64.4	10.0	0.0	36.06	73.59	30.27	52.61	27.2	24.41	59.4	51.22	24.41	50.36	8.49	38.63	51.42	31.05	62.8	30.27	46.04	46.39	28.84	25.3	74.24	63.91	74.97	69.43	62.29	66.12	50.16	38.21	53.85	32.98	62.23	48.83	14.14	46.04	46.39	70.03	56.14	26.91	60.83	50.99	16.12	35.78	26.83	5.66	10.77	54.59	50.12	23.41	64.4	50.6	43.86	61.35	23.41	43.86	25.3	65.6	40.16	71.12	63.79	31.62	8.0	61.13	65.6	6.4	40.2	54.2	7.62	52.5	61.62
9	38.21	15.23	57.58	84.21	58.55	84.85	70.26	26.68	36.06	0.0	65.15	8.94	76.55	62.61	14.14	93.23	86.09	48.66	17.09	33.29	74.67	77.2	20.4	95.02	51.61	15.62	13.42	21.63	28.64	78.0	72.99	67.05	65.12	84.12	86.76	34.18	72.44	84.9	60.83	56.89	40.45	50.0	81.41	13.42	88.02	74.32	54.33	90.55	46.17	36.22	71.69	47.54	38.83	28.84	78.23	56.89	56.14	53.14	14.56	54.41	88.41	56.14	8.49	58.14	55.03	72.01	75.01	86.95	4.47	34.23	82.3	55.03	30.08	64.4	55.01	30.89	79.65	58.42
10	33.94	76.03	8.0	26.08	104.8	38.83	27.2	72.47	73.59	65.15	0.0	59.09	62.03	83.26	72.47	96.33	95.71	97.59	56.14	65.12	96.93	66.0	48.37	92.0	53.85	52.61	56.57	83.19	87.13	25.61	33.53	2.0	8.25	61.19	60.17	31.05	106.68	82.1	64.56	11.66	26.08	83.23	95.08	56.57	55.71	50.36	100.5	82.1	22.63	86.56	92.48	99.16	79.25	63.66	62.13	30.59	95.6	12.17	66.27	37.36	74.43	95.6	69.43	97.2	10.2	111.5	24.7	65.31	64.62	79.25	59.03	10.2	72.92	58.86	22.14	66.47	70.0	13.6
11	30.0	17.2	51.88	76.66	56.32	76.42	62.03	22.09	30.27	8.94	59.09	0.0	67.68	55.71	14.14	85.44	78.71	46.82	20.1	26.0	68.41	68.41	12.0	86.83	42.8	16.12	16.12	24.41	29.73	70.11	64.5	60.93	58.24	75.18	77.82	28.84	68.0	76.58	52.35	50.0	33.53	44.41	74.32	16.12	79.12	65.39	51.92	82.02	38.83	34.18	65.15	46.52	34.0	21.54	69.34	48.37	52.15	47.41	21.63	45.61	79.65	52.15	17.2	54.15	49.19	68.59	67.07	78.03	6.0	30.27	73.36	49.19	25.0	55.61	47.1	24.04	70.94	51.2
12	46.04	75.39	62.8	52.0	73.76	36.06	36.5	60.17	52.61	76.55	62.03	67.68	0.0	38.63	71.69	35.44	37.74	72.25	82.02	48.08	47.2	4.47	58.14	30.07	25.06	76.37	79.25	79.7	77.67	44.27	31.05	62.0	54.0	10.2	14.56	62.77	63.53	20.88	20.0	52.61	53.67	50.36	39.7	79.25	20.59	12.65	71.02	20.1	49.4	68.26	43.27	76.11	56.14	51.26	2.0	32.98	61.61	61.61	88.09	28.64	13.42	61.61	84.88	62.1	61.19	71.59	42.45	11.18	72.72	60.53	9.85	61.19	57.49	12.65	41.98	51.24	8.25	49.37
13	52.95	54.04	80.32	83.55	36.06	71.22	65.3	37.2	27.2	62.61	83.26	55.71	38.63	0.0	51.61	32.8	24.08	36.88	75.29	29.73	14.14	35.44	52.61	37.58	29.53	70.34	71.47	55.17	50.0	75.07	62.23	84.1	76.94	48.7	53.14	68.12	25.61	30.59	21.26	71.69	63.15	16.12	18.87	71.47	59.09	47.71	34.06	38.47	62.64	37.74	10.0	41.23	26.91	34.18	40.5	53.85	24.0	77.2	76.97	46.65	42.05	24.0	70.71	24.08	77.79	33.12	72.35	48.51	58.14	32.56	48.47	77.79	33.6	30.0	61.27	31.78	34.53	69.78
14	41.23	4.0	65.51	88.29	44.41	86.02	72.44	14.42	24.41	14.14	72.47	14.14	71.69	51.61	0.0	83.55	75.6	34.53	31.05	24.41	62.61	71.55	24.17	86.37	46.82	28.64	27.2	10.77	15.62	81.22	74.03	74.24	70.94	80.32	83.52	42.8	58.86	76.84	53.85	62.77	46.52	37.58	70.46	27.2	85.91	71.81	40.2	83.23	51.26	22.09	60.03	33.53	26.0	20.59	73.54	58.14	42.43	61.06	28.07	54.04	82.37	42.43	20.4	44.41	62.77	58.01	78.09	82.64	10.77	20.88	78.75	62.77	18.03	59.09	58.46	21.4	73.43	63.57
15	73.76	86.28	96.0	87.32	64.56	70.68	71.81	69.31	59.4	93.23	96.33	85.44	35.44	32.8	83.55	0.0	10.2	68.03	103.77	60.0	28.64	31.05	79.62	8.94	47.54	98.39	100.24	87.86	82.8	79.7	66.48	96.52	88.57	41.18	44.94	90.71	46.17	14.56	35.44	86.02	83.19	48.83	16.49	100.24	52.15	48.08	63.91	18.44	80.4	70.46	27.86	72.5	59.67	64.4	36.06	66.03	53.85	94.09	107.07	60.03	27.2	53.85	101.61	53.14	94.02	55.15	77.88	38.28	88.81	65.3	42.49	94.02	65.76	38.05	75.01	62.63	27.2	83.1
16	70.26	78.1	94.53	89.44	54.41	73.78	72.8	61.22	51.22	86.09	95.71	78.71	37.74	24.08	75.6	10.2	0.0	58.14	97.69	52.84	18.44	33.29	74.0	18.11	44.05	92.48	94.02	79.2	73.76	81.44	68.03	96.1	88.29	45.34	49.52	86.83	36.06	18.44	32.0	84.85	80.1	39.7	6.32	94.02	56.64	50.12	53.85	25.06	78.03	61.22	17.89	62.61	50.91	57.31	38.83	65.12	43.86	92.2	100.24	58.55	32.8	43.86	94.34	43.08	92.35	45.04	79.31	43.14	81.63	56.57	46.23	92.35	57.63	36.88	73.82	55.23	30.0	82.2
17	63.66	34.06	92.02	106.68	10.0	98.79	88.59	26.08	24.41	48.66	97.59	46.82	72.25	36.88	34.53	68.03	58.14	0.0	65.51	32.8	40.5	70.03	52.15	74.0	53.14	62.64	61.61	30.27	22.36	98.49	87.73	99.04	93.72	82.39	86.58	72.11	28.84	67.47	52.35	86.37	72.25	22.0	51.88	61.61	91.41	78.1	6.32	75.31	74.97	12.65	40.25	4.47	18.87	33.94	74.24	74.43	14.42	87.86	62.13	68.0	78.23	14.42	54.04	15.62	89.2	25.0	95.38	83.1	45.12	18.44	81.61	89.2	24.84	60.83	78.6	31.14	70.03	85.91
18	37.74	32.31	48.17	78.64	75.31	82.87	67.68	42.0	50.36	17.09	56.14	20.1	82.02	75.29	31.05	103.77	97.69	65.51	0.0	45.61	88.29	83.55	24.41	104.31	58.41	5.66	4.0	38.47	45.69	73.76	71.69	58.14	58.14	88.09	90.0	26.31	88.02	93.74	69.34	50.36	35.44	64.5	93.64	4.0	89.89	77.2	71.02	98.41	41.76	52.95	84.9	64.56	54.04	41.23	83.45	56.36	72.03	44.05	10.2	56.04	94.85	72.03	15.62	74.03	46.04	88.28	71.06	91.44	20.4	50.04	86.05	46.04	45.04	70.94	51.87	43.93	86.56	52.77
19	31.24	27.78	60.0	74.24	39.7	67.91	56.46	12.17	8.49	33.29	65.12	26.0	48.08	29.73	24.41	60.0	52.84	32.8	45.61	0.0	42.76	47.54	24.08	62.23	24.08	40.79	41.76	31.62	30.07	66.21	56.32	66.48	60.96	57.27	60.83	42.38	45.12	52.5	29.53	53.74	40.5	20.4	48.33	41.76	64.12	50.04	35.38	58.82	42.52	23.41	39.29	34.99	14.14	4.47	50.0	42.05	31.3	56.04	47.41	36.06	58.14	31.3	41.62	33.11	57.2	47.93	63.07	59.2	28.84	15.23	55.9	57.2	10.05	35.44	45.8	3.16	49.19	53.15
20	67.08	64.5	94.25	95.6	36.06	82.02	77.67	48.33	38.63	74.67	96.93	68.41	47.2	14.14	62.61	28.64	18.44	40.5	88.29	42.76	0.0	43.27	66.27	36.06	43.08	83.55	84.4	64.4	58.14	87.2	74.03	97.69	90.38	56.6	61.06	82.22	18.11	32.98	33.29	85.44	77.28	25.06	12.17	84.4	67.68	58.0	35.78	40.79	76.66	45.34	4.47	44.94	36.72	47.07	48.83	67.08	26.08	91.21	89.2	59.93	46.82	26.08	82.46	25.06	91.76	27.07	84.63	55.47	70.23	42.19	56.86	91.76	44.78	41.23	74.85	44.38	41.18	83.38
21	48.37	75.15	66.48	56.46	71.02	40.5	40.79	59.46	51.42	77.2	66.0	68.41	4.47	35.44	71.55	31.05	33.29	70.03	83.55	47.54	43.27	0.0	59.4	26.0	25.61	77.9	80.62	79.12	76.66	48.7	35.44	66.03	58.03	13.42	17.89	65.3	59.93	16.49	18.44	56.32	56.46	48.04	35.38	80.62	24.41	17.09	68.47	16.49	52.5	66.75	39.45	74.0	54.59	50.99	5.66	36.5	58.86	65.12	89.2	31.62	11.31	58.86	85.6	59.23	64.78	68.15	46.84	13.15	73.24	59.23	13.6	64.78	56.61	12.81	45.54	50.7	4.0	53.15
22	18.0	27.86	41.62	64.78	60.83	64.5	50.04	26.08	31.05	20.4	48.37	12.0	58.14	52.61	24.17	79.62	74.0	52.15	24.41	24.08	66.27	59.4	0.0	79.92	34.06	18.87	21.26	34.93	38.83	58.14	52.61	50.12	46.82	64.9	67.23	20.0	69.05	69.34	44.94	38.63	22.36	44.41	70.34	21.26	68.03	54.59	56.36	74.03	27.2	40.0	62.51	52.8	36.06	20.4	59.67	36.5	54.41	37.2	30.0	34.18	70.71	54.41	27.86	56.32	38.83	71.17	55.08	68.01	18.0	34.0	62.97	38.83	27.73	46.69	35.13	23.54	62.29	39.56
23	72.11	89.38	92.35	81.04	71.39	63.91	66.48	72.47	62.8	95.02	92.0	86.83	30.07	37.58	86.37	8.94	18.11	74.0	104.31	62.23	36.06	26.0	79.92	0.0	46.52	98.79	100.96	91.61	87.13	73.76	60.83	92.02	84.02	34.18	37.58	89.2	54.0	10.77	34.99	82.22	81.04	53.67	24.0	100.96	44.72	42.43	70.34	10.77	77.67	75.18	34.53	78.43	63.81	66.48	30.27	62.29	60.17	90.8	108.41	56.89	19.7	60.17	103.48	59.67	90.55	63.0	72.18	30.87	90.69	69.34	35.74	90.55	69.03	35.44	71.34	65.07	22.0	79.1
24	26.31	50.6	51.42	55.32	57.31	45.69	36.88	36.22	30.27	51.61	53.85	42.8	25.06	29.53	46.82	47.54	44.05	53.14	58.41	24.08	43.08	25.61	34.06	46.52	0.0	52.8	55.32	55.32	54.15	46.86	34.99	54.63	47.41	33.53	36.88	43.17	54.04	35.78	12.17	42.38	36.06	33.29	42.19	55.32	40.05	26.0	53.67	40.0	34.23	46.39	38.63	56.32	34.93	26.68	26.83	24.41	46.04	48.66	63.66	17.2	36.88	46.04	60.0	47.2	49.03	60.11	43.93	35.85	47.71	38.21	32.02	49.03	34.01	12.81	31.78	27.17	28.28	40.31
25	32.25	30.53	44.72	74.24	72.28	77.79	62.64	38.21	46.04	15.62	52.61	16.12	76.37	70.34	28.64	98.39	92.48	62.64	5.66	40.79	83.55	77.9	18.87	98.79	52.8	0.0	4.0	37.2	43.91	69.05	66.48	54.59	54.0	82.46	84.4	22.0	84.02	88.2	63.81	46.04	30.59	60.13	88.54	4.0	84.38	71.61	67.91	92.8	36.88	50.0	80.05	62.03	50.04	36.5	77.79	50.99	68.26	40.45	14.14	50.48	89.2	68.26	17.09	70.26	42.43	84.72	66.29	85.8	17.89	46.39	80.43	42.43	41.05	65.3	46.84	39.32	80.92	48.26
26	35.78	28.64	48.66	78.23	71.39	81.61	66.48	38.0	46.39	13.42	56.57	16.12	79.25	71.47	27.2	100.24	94.02	61.61	4.0	41.76	84.4	80.62	21.26	100.96	55.32	4.0	0.0	34.99	42.05	72.99	70.23	58.55	58.0	85.6	87.66	26.0	84.02	90.44	66.03	50.04	34.53	60.53	89.89	0.0	87.82	74.89	67.08	95.27	40.79	49.03	81.04	60.73	50.04	37.36	80.72	54.63	68.03	44.41	10.2	53.85	91.93	68.03	13.42	70.03	46.39	84.29	70.21	88.87	16.49	46.04	83.6	46.39	41.05	67.94	50.7	40.02	83.55	52.24
27	51.92	7.21	76.16	98.95	40.2	96.19	82.87	19.7	28.84	21.63	83.19	24.41	79.7	55.17	10.77	87.86	79.2	30.27	38.47	31.62	64.4	79.12	34.93	91.61	55.32	37.2	34.99	0.0	8.0	91.78	84.21	84.97	81.71	88.77	92.2	53.25	57.58	82.68	60.93	73.54	57.27	39.7	73.59	34.99	95.04	80.89	36.5	89.55	62.03	19.7	62.48	28.0	28.28	28.64	81.61	68.47	41.23	71.69	32.98	64.03	89.55	41.23	24.74	43.08	73.43	55.11	88.65	90.8	19.8	22.63	87.32	73.43	22.83	67.05	69.12	28.46	80.62	74.33
28	54.63	13.42	80.45	101.19	32.25	97.02	84.4	18.0	25.3	28.64	87.13	29.73	77.67	50.0	15.62	82.8	73.76	22.36	45.69	30.07	58.14	76.66	38.83	87.13	54.15	43.91	42.05	8.0	0.0	93.68	85.16	88.84	84.97	87.13	90.8	58.14	50.16	78.71	58.24	76.94	61.06	34.06	67.94	42.05	94.19	80.1	28.64	85.91	65.3	12.81	56.57	20.0	23.32	28.07	79.62	69.86	34.0	76.03	40.79	64.78	86.65	34.0	32.56	35.78	77.67	47.3	90.52	88.84	26.08	17.89	85.84	77.67	20.22	65.12	71.51	27.02	77.79	77.39
29	40.2	85.16	31.24	8.49	103.73	13.42	10.0	76.55	74.24	78.0	25.61	70.11	44.27	75.07	81.22	79.7	81.44	98.49	73.76	66.21	87.2	48.7	58.14	73.76	46.86	69.05	72.99	91.78	93.68	0.0	13.42	24.41	18.44	40.2	38.0	47.54	100.42	65.15	54.04	24.17	38.47	80.0	82.37	72.99	32.25	31.62	99.86	63.15	32.25	89.55	82.8	101.07	79.65	66.48	43.68	24.17	92.8	33.29	83.19	30.53	54.59	92.8	84.21	94.02	31.62	106.89	3.16	44.1	76.11	81.44	38.33	31.62	75.77	46.04	23.02	68.54	52.5	21.19
30	34.93	78.03	36.72	21.63	92.28	12.0	6.32	67.47	63.91	72.99	33.53	64.5	31.05	62.23	74.03	66.48	68.03	87.73	71.69	56.32	74.03	35.44	52.61	60.83	34.99	66.48	70.23	84.21	85.16	13.42	0.0	32.98	25.3	28.07	26.68	46.65	87.73	51.92	41.04	27.2	36.72	68.26	68.96	70.23	22.36	18.44	88.59	50.36	30.53	79.7	69.66	90.62	69.08	57.27	30.59	16.12	80.99	37.2	80.32	20.4	42.05	80.99	80.05	82.1	36.06	94.49	11.4	32.14	70.46	71.47	26.02	36.06	66.22	32.8	20.25	58.94	39.29	23.6
31	35.38	77.82	10.0	24.41	106.15	37.74	26.68	74.03	74.97	67.05	2.0	60.93	62.0	84.1	74.24	96.52	96.1	99.04	58.14	66.48	97.69	66.03	50.12	92.02	54.63	54.59	58.55	84.97	88.84	24.41	32.98	0.0	8.0	60.83	59.67	32.98	107.7	82.22	65.15	12.81	27.78	84.4	95.6	58.55	55.03	50.16	101.86	82.02	24.08	88.09	93.23	100.66	80.62	65.12	62.03	31.05	96.83	14.14	68.26	37.95	74.24	96.83	71.39	98.41	12.17	112.65	23.71	64.94	66.48	80.72	58.69	12.17	74.41	59.23	22.85	67.9	70.03	14.32
32	30.53	74.67	12.81	20.88	100.42	31.24	18.97	69.34	69.43	65.12	8.25	58.24	54.0	76.94	70.94	88.57	88.29	93.72	58.14	60.96	90.38	58.03	46.82	84.02	47.41	54.0	58.0	81.71	84.97	18.44	25.3	8.0	0.0	52.95	51.92	32.0	100.96	74.24	57.58	8.25	24.74	78.1	87.93	58.0	47.54	42.19	96.21	74.03	19.7	83.23	85.91	95.6	75.07	60.0	54.04	23.41	90.69	15.23	68.03	30.46	66.27	90.69	70.26	92.2	13.42	106.21	17.03	57.07	64.03	75.6	50.8	13.42	69.4	51.42	15.81	62.63	62.03	7.81
33	50.91	84.12	63.25	47.07	83.95	29.73	34.23	69.43	62.29	84.12	61.19	75.18	10.2	48.7	80.32	41.18	45.34	82.39	88.09	57.27	56.6	13.42	64.9	34.18	33.53	82.46	85.6	88.77	87.13	40.2	28.07	60.83	52.95	0.0	4.47	66.84	73.35	27.2	30.07	53.14	57.2	60.53	48.17	85.6	11.31	11.66	81.22	23.41	52.15	78.1	52.84	86.21	66.03	60.17	8.25	34.99	71.81	62.77	94.87	32.56	14.56	71.81	92.28	72.28	62.03	81.54	39.01	4.12	80.5	70.26	2.24	62.03	66.91	22.09	43.38	60.42	15.62	49.65
34	52.5	87.36	62.77	44.41	88.29	26.68	32.98	72.99	66.12	86.76	60.17	77.82	14.56	53.14	83.52	44.94	49.52	86.58	90.0	60.83	61.06	17.89	67.23	37.58	36.88	84.4	87.66	92.2	90.8	38.0	26.68	59.67	51.92	4.47	0.0	67.94	77.82	31.24	34.23	52.8	58.14	64.78	52.5	87.66	7.21	12.81	85.51	26.83	52.8	82.02	57.31	90.35	70.0	63.56	12.65	35.61	76.16	62.61	97.1	34.06	17.89	76.16	94.83	76.66	61.74	86.01	37.12	6.71	83.26	74.11	5.0	61.74	70.58	26.0	43.57	63.95	20.0	49.24
35	17.09	46.04	23.41	52.35	80.62	57.27	42.05	46.04	50.16	34.18	31.05	28.84	62.77	68.12	42.8	90.71	86.83	72.11	26.31	42.38	82.22	65.3	20.0	89.2	43.17	22.0	26.0	53.25	58.14	47.54	46.65	32.98	32.0	66.84	67.94	0.0	87.36	78.43	55.32	24.08	10.0	62.64	84.21	26.0	66.6	55.32	76.16	81.44	16.12	60.0	78.1	72.8	55.46	39.4	63.81	32.56	73.54	18.97	36.06	34.41	76.16	73.54	38.47	75.39	20.88	90.25	44.92	70.6	34.0	53.85	64.66	20.88	47.51	53.85	26.42	42.54	68.88	26.48
36	74.32	59.67	102.86	108.9	21.26	96.83	90.55	46.04	38.21	72.44	106.68	68.0	63.53	25.61	58.86	46.17	36.06	28.84	88.02	45.12	18.11	59.93	69.05	54.0	54.04	84.02	84.02	57.58	50.16	100.42	87.73	107.7	100.96	73.35	77.82	87.36	0.0	50.99	46.86	95.02	84.31	24.74	30.0	84.02	84.12	73.24	22.8	58.86	84.97	37.95	20.88	32.8	34.0	48.66	65.3	78.41	16.49	99.32	86.83	71.22	64.56	16.49	79.25	14.56	100.18	9.0	97.62	72.62	68.26	38.21	73.36	100.18	43.0	55.61	85.15	45.54	58.31	93.49
37	61.35	80.0	82.1	72.8	66.12	56.36	57.27	63.25	53.85	84.9	82.1	76.58	20.88	30.59	76.84	14.56	18.44	67.47	93.74	52.5	32.98	16.49	69.34	10.77	35.78	88.2	90.44	82.68	78.71	65.15	51.92	82.22	74.24	27.2	31.24	78.43	50.99	0.0	24.41	72.03	70.34	46.17	22.36	90.44	38.42	33.53	64.5	8.0	67.08	67.23	30.27	71.81	55.46	56.64	21.54	52.04	54.33	80.4	98.08	46.39	14.42	54.33	93.38	54.15	80.22	59.84	63.32	24.76	80.62	60.83	28.3	80.22	59.91	24.74	61.07	55.44	12.65	69.0
38	38.47	57.31	62.8	62.48	54.41	50.0	44.41	41.23	32.98	60.83	64.56	52.35	20.0	21.26	53.85	35.44	32.0	52.35	69.34	29.53	33.29	18.44	44.94	34.99	12.17	63.81	66.03	60.93	58.24	54.04	41.04	65.15	57.58	30.07	34.23	55.32	46.86	24.41	0.0	53.37	48.17	30.59	30.59	66.03	39.29	26.83	51.42	29.73	46.04	48.37	28.84	56.14	36.22	33.29	22.0	34.18	42.38	60.3	73.76	27.2	28.64	42.38	69.31	43.08	60.53	54.08	51.4	31.06	56.64	40.79	29.27	60.53	38.28	8.94	42.45	32.65	19.7	50.96
39	22.8	66.48	10.2	28.28	93.38	35.61	21.26	61.61	62.23	56.89	11.66	50.0	52.61	71.69	62.77	86.02	84.85	86.37	50.36	53.74	85.44	56.32	38.63	82.22	42.38	46.04	50.04	73.54	76.94	24.17	27.2	12.81	8.25	53.14	52.8	24.08	95.02	72.03	53.37	0.0	16.49	71.61	83.95	50.04	49.4	41.76	89.11	72.69	11.66	75.6	80.99	88.09	67.88	52.5	52.95	20.0	84.02	10.0	60.13	26.31	65.51	84.02	62.13	85.6	8.94	99.86	21.95	57.25	55.79	68.12	50.92	8.94	61.85	48.17	11.05	55.23	60.3	3.61
40	10.2	50.16	19.8	44.0	80.0	47.54	32.31	46.69	48.83	40.45	26.08	33.53	53.67	63.15	46.52	83.19	80.1	72.25	35.44	40.5	77.28	56.46	22.36	81.04	36.06	30.59	34.53	57.27	61.06	38.47	36.72	27.78	24.74	57.2	58.14	10.0	84.31	70.34	48.17	16.49	0.0	59.93	78.03	34.53	56.64	45.61	75.6	72.8	6.32	60.83	72.99	73.54	54.41	38.42	54.59	22.63	71.69	15.62	44.72	25.06	67.08	71.69	46.0	73.43	16.97	88.12	35.69	61.03	39.29	53.81	55.0	16.97	47.42	45.61	16.55	41.4	60.17	18.03
41	50.12	39.45	78.89	88.41	24.17	78.71	70.0	23.41	14.14	50.0	83.23	44.41	50.36	16.12	37.58	48.83	39.7	22.0	64.5	20.4	25.06	48.04	44.41	53.67	33.29	60.13	60.53	39.7	34.06	80.0	68.26	84.4	78.1	60.53	64.78	62.64	24.74	46.17	30.59	71.61	59.93	0.0	33.94	60.53	69.86	56.92	20.88	53.85	61.06	21.63	22.8	26.08	11.66	24.08	52.35	56.64	12.81	75.18	64.56	49.68	56.32	12.81	57.58	14.14	76.16	28.3	77.01	61.13	45.61	17.2	59.84	76.16	19.92	39.29	62.37	21.02	48.04	70.43
42	68.0	72.8	93.38	90.55	48.08	75.6	73.35	56.04	46.04	81.41	95.08	74.32	39.7	18.87	70.46	16.49	6.32	51.88	93.64	48.33	12.17	35.38	70.34	24.0	42.19	88.54	89.89	73.59	67.94	82.37	68.96	95.6	87.93	48.17	52.5	84.21	30.0	22.36	30.59	83.95	78.03	33.94	0.0	89.89	59.46	51.61	47.54	29.73	76.42	55.32	11.66	56.36	45.34	52.8	41.04	64.56	37.58	90.8	95.71	57.72	36.72	37.58	89.55	36.77	91.08	39.0	80.06	46.4	76.94	50.99	48.8	91.08	52.43	36.77	73.01	50.54	32.56	81.49
43	35.78	28.64	48.66	78.23	71.39	81.61	66.48	38.0	46.39	13.42	56.57	16.12	79.25	71.47	27.2	100.24	94.02	61.61	4.0	41.76	84.4	80.62	21.26	100.96	55.32	4.0	0.0	34.99	42.05	72.99	70.23	58.55	58.0	85.6	87.66	26.0	84.02	90.44	66.03	50.04	34.53	60.53	89.89	0.0	87.82	74.89	67.08	95.27	40.79	49.03	81.04	60.73	50.04	37.36	80.72	54.63	68.03	44.41	10.2	53.85	91.93	68.03	13.42	70.03	46.39	84.29	70.21	88.87	16.49	46.04	83.6	46.39	41.05	67.94	50.7	40.02	83.55	52.24
44	52.15	89.82	59.06	38.05	93.68	20.1	28.64	76.24	70.03	88.02	55.71	79.12	20.59	59.09	85.91	52.15	56.64	91.41	89.89	64.12	67.68	24.41	68.03	44.72	40.05	84.38	87.82	95.04	94.19	32.25	22.36	55.03	47.54	11.31	7.21	66.6	84.12	38.42	39.29	49.4	56.64	69.86	59.46	87.82	0.0	14.14	90.71	34.0	50.91	86.09	63.81	95.04	74.24	66.48	18.87	34.06	81.61	59.36	97.53	34.0	25.06	81.61	95.85	82.22	58.31	92.14	31.78	13.89	84.76	78.03	10.82	58.31	74.06	30.59	41.11	67.19	26.91	45.79
45	39.7	75.71	51.92	39.4	80.99	24.08	24.08	62.13	56.14	74.32	50.36	65.39	12.65	47.71	71.81	48.08	50.12	78.1	77.2	50.04	58.0	17.09	54.59	42.43	26.0	71.61	74.89	80.89	80.1	31.62	18.44	50.16	42.19	11.66	12.81	55.32	73.24	33.53	26.83	41.76	45.61	56.92	51.61	74.89	14.14	0.0	77.79	32.06	40.5	72.25	53.81	81.58	60.53	52.35	12.17	23.32	69.08	51.26	84.38	21.26	24.08	69.08	82.29	69.86	50.6	80.78	29.83	15.65	70.94	64.12	9.43	50.6	60.01	17.89	31.78	53.08	20.88	38.33
46	66.6	40.0	95.27	108.17	4.47	99.32	89.89	30.46	26.91	54.33	100.5	51.92	71.02	34.06	40.2	63.91	53.85	6.32	71.02	35.38	35.78	68.47	56.36	70.34	53.67	67.91	67.08	36.5	28.64	99.86	88.59	101.86	96.21	81.22	85.51	76.16	22.8	64.5	51.42	89.11	75.6	20.88	47.54	67.08	90.71	77.79	0.0	72.44	77.9	18.11	36.06	10.0	21.26	37.2	72.99	76.03	10.2	91.21	68.03	69.34	76.0	10.2	60.0	10.77	92.46	18.68	96.8	81.61	50.64	22.36	80.6	92.46	28.65	60.17	80.81	34.21	68.12	88.41
47	64.4	86.53	82.87	70.34	74.11	53.14	56.14	69.97	60.83	90.55	82.1	82.02	20.1	38.47	83.23	18.44	25.06	75.31	98.41	58.82	40.79	16.49	74.03	10.77	40.0	92.8	95.27	89.55	85.91	63.15	50.36	82.02	74.03	23.41	26.83	81.44	58.86	8.0	29.73	72.69	72.8	53.85	29.73	95.27	34.0	32.06	72.44	0.0	68.96	74.67	38.21	79.62	62.77	62.8	20.0	52.95	62.29	81.58	103.32	48.08	8.94	62.29	99.04	62.13	81.22	67.74	61.66	20.12	86.37	68.03	25.0	81.22	66.73	27.78	61.98	61.85	12.65	69.46
48	11.31	55.03	17.89	38.05	82.22	41.23	26.0	50.0	50.99	46.17	22.63	38.83	49.4	62.64	51.26	80.4	78.03	74.97	41.76	42.52	76.66	52.5	27.2	77.67	34.23	36.88	40.79	62.03	65.3	32.25	30.53	24.08	19.7	52.15	52.8	16.12	84.97	67.08	46.04	11.66	6.32	61.06	76.42	40.79	50.91	40.5	77.9	68.96	0.0	64.03	72.28	76.58	56.64	41.04	50.16	17.2	73.24	14.56	50.99	20.88	62.77	73.24	52.04	74.89	15.23	89.36	29.43	56.08	44.72	56.64	49.93	15.23	50.33	42.43	10.3	43.84	56.32	12.37
49	52.8	22.09	80.62	97.51	22.36	91.21	79.85	14.14	16.12	36.22	86.56	34.18	68.26	37.74	22.09	70.46	61.22	12.65	52.95	23.41	45.34	66.75	40.0	75.18	46.39	50.0	49.03	19.7	12.81	89.55	79.7	88.09	83.23	78.1	82.02	60.0	37.95	67.23	48.37	75.6	60.83	21.63	55.32	49.03	86.09	72.25	18.11	74.67	64.03	0.0	43.86	12.81	12.17	23.32	70.26	65.39	21.54	76.37	50.0	59.46	76.16	21.54	42.05	23.41	77.79	36.12	86.41	79.4	32.56	8.25	77.03	77.79	13.89	56.04	68.6	21.02	67.47	75.45
50	62.8	62.13	89.84	91.21	36.88	77.79	73.24	45.65	35.78	71.69	92.48	65.15	43.27	10.0	60.03	27.86	17.89	40.25	84.9	39.29	4.47	39.45	62.51	34.53	38.63	80.05	81.04	62.48	56.57	82.8	69.66	93.23	85.91	52.84	57.31	78.1	20.88	30.27	28.84	80.99	72.99	22.8	11.66	81.04	63.81	53.81	36.06	38.21	72.28	43.86	0.0	44.72	34.41	43.68	44.94	62.61	26.0	86.83	86.16	55.46	43.68	26.0	79.62	25.3	87.36	29.61	80.21	51.89	67.23	40.0	53.0	87.36	42.06	36.88	70.38	41.11	37.58	78.92
51	65.3	32.56	93.34	109.18	12.65	101.84	91.24	26.91	26.83	47.54	99.16	46.52	76.11	41.23	33.53	72.5	62.61	4.47	64.56	34.99	44.94	74.0	52.8	78.43	56.32	62.03	60.73	28.0	20.0	101.07	90.62	100.66	95.6	86.21	90.35	72.8	32.8	71.81	56.14	88.09	73.54	26.08	56.36	60.73	95.04	81.58	10.0	79.62	76.58	12.81	44.72	0.0	21.54	35.61	78.1	76.94	18.87	89.11	60.53	70.68	82.39	18.87	52.35	20.0	90.51	28.23	97.95	87.02	44.27	20.0	85.38	90.51	26.25	64.5	80.71	33.02	74.11	87.8
52	45.34	27.78	74.03	87.82	25.61	80.32	69.77	12.17	5.66	38.83	79.25	34.0	56.14	26.91	26.0	59.67	50.91	18.87	54.04	14.14	36.72	54.59	36.06	63.81	34.93	50.04	50.04	28.28	23.32	79.65	69.08	80.62	75.07	66.03	70.0	55.46	34.0	55.46	36.22	67.88	54.41	11.66	45.34	50.04	74.24	60.53	21.26	62.77	56.64	12.17	34.41	21.54	0.0	16.12	58.14	55.57	18.44	70.0	53.37	49.19	64.03	18.44	46.17	20.4	71.22	35.17	76.54	67.27	34.53	5.66	65.0	71.22	9.0	44.0	59.82	13.04	55.32	67.27
53	29.73	24.17	58.14	74.32	41.62	69.05	56.92	10.2	10.77	28.84	63.66	21.54	51.26	34.18	20.59	64.4	57.31	33.94	41.23	4.47	47.07	50.99	20.4	66.48	26.68	36.5	37.36	28.64	28.07	66.48	57.27	65.12	60.0	60.17	63.56	39.4	48.66	56.64	33.29	52.5	38.42	24.08	52.8	37.36	66.48	52.35	37.2	62.8	41.04	23.32	43.68	35.61	16.12	0.0	53.14	42.38	34.18	54.04	42.94	36.88	61.77	34.18	37.2	36.06	55.32	50.92	63.32	62.3	24.41	15.62	58.69	55.32	9.43	38.63	45.28	3.16	52.84	52.2
54	47.2	77.25	63.15	51.26	75.71	34.99	36.22	62.1	54.59	78.23	62.13	69.34	2.0	40.5	73.54	36.06	38.83	74.24	83.45	50.0	48.83	5.66	59.67	30.27	26.83	77.79	80.72	81.61	79.62	43.68	30.59	62.03	54.04	8.25	12.65	63.81	65.3	21.54	22.0	52.95	54.59	52.35	41.04	80.72	18.87	12.17	72.99	20.0	50.16	70.26	44.94	78.1	58.14	53.14	0.0	33.53	63.56	62.1	89.64	29.53	12.65	63.56	86.53	64.03	61.61	73.41	41.98	9.22	74.43	62.51	8.06	61.61	59.44	14.56	42.45	53.16	8.94	49.65
55	18.97	62.13	30.07	32.25	80.0	28.07	14.56	52.5	50.12	56.89	30.59	48.37	32.98	53.85	58.14	66.03	65.12	74.43	56.36	42.05	67.08	36.5	36.5	62.29	24.41	50.99	54.63	68.47	69.86	24.17	16.12	31.05	23.41	34.99	35.61	32.56	78.41	52.04	34.18	20.0	22.63	56.64	64.56	54.63	34.06	23.32	76.03	52.95	17.2	65.39	62.61	76.94	55.57	42.38	33.53	0.0	69.43	28.64	64.62	7.21	46.17	69.43	64.03	70.77	28.28	84.22	21.02	38.95	54.33	57.27	32.76	28.28	51.62	28.28	9.06	44.38	40.45	17.12
56	62.13	43.17	90.97	101.21	12.17	91.3	82.8	30.07	23.41	56.14	95.6	52.15	61.61	24.0	42.43	53.85	43.86	14.42	72.03	31.3	26.08	58.86	54.41	60.17	46.04	68.26	68.03	41.23	34.0	92.8	80.99	96.83	90.69	71.81	76.16	73.54	16.49	54.33	42.38	84.02	71.69	12.81	37.58	68.03	81.61	69.08	10.2	62.29	73.24	21.54	26.0	18.87	18.44	34.18	63.56	69.43	0.0	87.13	70.46	62.48	66.03	0.0	62.8	2.0	88.2	16.76	89.81	72.01	52.04	22.0	71.31	88.2	27.29	51.26	75.01	31.02	58.31	82.98
57	25.06	64.5	4.47	36.06	95.6	45.34	31.24	62.23	64.4	53.14	12.17	47.41	61.61	77.2	61.06	94.09	92.2	87.86	44.05	56.04	91.21	65.12	37.2	90.8	48.66	40.45	44.41	71.69	76.03	33.29	37.2	14.14	15.23	62.77	62.61	18.97	99.32	80.4	60.3	10.0	15.62	75.18	90.8	44.41	59.36	51.26	91.21	81.58	14.56	76.37	86.83	89.11	70.0	54.04	62.1	28.64	87.13	0.0	54.15	34.06	74.73	87.13	57.27	88.84	2.0	103.45	31.4	66.85	52.8	69.43	60.54	2.0	63.03	56.04	19.65	57.01	69.05	13.6
58	45.69	28.07	58.31	88.36	72.11	91.76	76.66	41.23	50.6	14.56	66.27	21.63	88.09	76.97	28.07	107.07	100.24	62.13	10.2	47.41	89.2	89.2	30.0	108.41	63.66	14.14	10.2	32.98	40.79	83.19	80.32	68.26	68.03	94.87	97.1	36.06	86.83	98.08	73.76	60.13	44.72	64.56	95.71	10.2	97.53	84.38	68.03	103.32	50.99	50.0	86.16	60.53	53.37	42.94	89.64	64.62	70.46	54.15	0.0	63.53	100.5	70.46	8.25	72.44	56.14	86.05	80.41	98.01	18.97	48.66	92.91	56.14	44.64	76.42	60.88	45.19	91.93	62.39
59	18.44	58.03	36.06	38.83	73.24	32.25	20.59	47.07	43.86	54.41	37.36	45.61	28.64	46.65	54.04	60.03	58.55	68.0	56.04	36.06	59.93	31.62	34.18	56.89	17.2	50.48	53.85	64.03	64.78	30.53	20.4	37.95	30.46	32.56	34.06	34.41	71.22	46.39	27.2	26.31	25.06	49.68	57.72	53.85	34.0	21.26	69.34	48.08	20.88	59.46	55.46	70.68	49.19	36.88	29.53	7.21	62.48	34.06	63.53	0.0	42.05	62.48	62.03	63.78	34.0	77.1	27.46	36.24	51.42	51.26	30.41	34.0	45.88	22.0	15.3	38.6	35.44	23.77
