vehicles
vehicle_idx, capacity, cost_per_unit_distance
1,100,1
2,100,1
3,100,1
4,100,1
5,100,1
6,100,1
7,100,1
8,100,1
depot
node_idx,x,y
0,2,48
home delivery customers
node_idx,x,y,service_time,demand
1,38,10,10,11
2,7,40,10,4
3,82,56,10,7
4,30,56,10,6
5,5,49,10,22
6,94,4,10,4
7,50,70,10,3
8,14,41,10,7
9,23,96,10,2
10,52,72,10,14
11,61,46,10,2
12,38,9,10,9
13,58,41,10,2
14,8,74,10,19
15,84,97,10,16
16,35,20,10,26
17,85,2,10,12
18,0,30,10,16
19,12,71,10,6
20,33,49,10,23
21,26,17,10,7
self pickup customers
node_idx,x,y,service_time,demand,locker_idxs
22,33,83,10,18,65
23,77,89,10,16,66-62
24,53,55,10,7,72
25,7,1,10,9,63
26,73,68,10,9,71-74-68-66
27,38,62,10,1,69
28,94,73,10,1,66
29,73,22,10,11,67-64
30,4,48,10,2,69
31,13,87,10,18,65
32,34,68,10,4,69
33,73,87,10,23,66-62
34,21,1,10,16,63
35,55,94,10,9,62-66
36,56,84,10,21,62-66
37,68,99,10,24,62-66
38,85,49,10,19,68
39,26,55,10,2,72
40,70,22,10,21,67-64
41,54,53,10,2,71-74-68-72
flexible customers
node_idx,x,y,service_time,demand,locker_idxs
42,64,71,10,26,74-68-72-62-66
43,96,61,10,8,71-74-68
44,4,24,10,16,70
45,42,53,10,2,75-72
46,1,85,10,23,69
47,35,69,10,20,69-75-72
48,96,88,10,12,66
49,74,94,10,22,66-62
50,68,52,10,6,68-74-71
51,92,96,10,12,66
52,24,10,10,14,73-63
53,90,15,10,20,64-67
54,93,41,10,18,71-74-68
55,96,79,10,3,66-62
56,28,93,10,10,75-69-65
57,30,53,10,24,75-72
58,72,75,10,2,74-68-66-62
59,71,21,10,2,67-64
60,51,2,10,16,73-67
61,93,7,10,26,64-67
lockers
node_idx,x,y,service_time,capacity,cost_per_unit_good
62,65,88,10,78
63,25,15,10,71
64,93,12,10,81
65,22,88,10,91
66,77,88,10,70
67,72,14,10,92
68,71,52,10,70
69,20,79,10,100
70,24,25,10,94
71,77,49,10,76
72,39,68,10,83
73,31,19,10,96
74,74,50,10,87
75,26,66,10,88
mrt lines
start_node_idx,end_node_idx,freight_capacity,cost_per_unit_good
62,63,78,2
63,62,78,2
64,65,91,2
65,64,91,2
distance matrix
,0,1,2,3,4,5,6,7,8,9,10,11,12,13,14,15,16,17,18,19,20,21,22,23,24,25,26,27,28,29,30,31,32,33,34,35,36,37,38,39,40,41,42,43,44,45,46,47,48,49,50,51,52,53,54,55,56,57,58,59,60,61,62,63,64,65,66,67,68,69,70,71,72,73,74,75,
0,0.0,52.35,9.43,80.4,29.12,3.16,101.98,52.8,13.89,52.39,55.46,59.03,53.08,56.44,26.68,95.52,43.28,94.89,18.11,25.08,31.02,39.2,46.75,85.48,51.48,47.27,73.76,38.63,95.34,75.61,2.0,40.52,37.74,81.01,50.7,70.18,64.9,83.41,83.01,25.0,72.8,52.24,66.13,94.89,24.08,40.31,37.01,39.12,102.16,85.44,66.12,102.0,43.91,93.98,91.27,98.98,51.97,28.44,75.03,74.09,67.21,99.81,74.63,40.22,97.86,44.72,85.0,77.82,69.12,35.85,31.83,75.01,42.06,41.01,72.03,30.0
1,52.35,0.0,43.14,63.66,46.69,51.09,56.32,61.19,39.2,87.3,63.56,42.72,1.0,36.89,70.68,98.41,10.44,47.68,42.94,66.31,39.32,13.89,73.17,88.1,47.43,32.28,67.74,52.0,84.29,37.0,50.99,80.96,58.14,84.58,19.24,85.7,76.16,93.92,61.07,46.57,34.18,45.88,66.31,77.23,36.77,43.19,83.63,59.08,97.2,91.39,51.61,101.55,14.0,52.24,63.13,90.14,83.6,43.74,73.36,34.79,15.26,55.08,82.54,13.93,55.04,79.62,87.21,34.23,53.41,71.31,20.52,55.15,58.01,11.4,53.81,57.27
2,9.43,43.14,0.0,76.69,28.02,9.22,94.15,52.43,7.07,58.24,55.22,54.33,43.84,51.01,34.01,95.8,34.41,86.76,12.21,31.4,27.51,29.83,50.25,85.45,48.38,39.0,71.69,38.01,93.05,68.41,8.54,47.38,38.9,81.02,41.44,72.25,65.86,84.86,78.52,24.21,65.52,48.76,64.88,91.44,16.28,37.34,45.4,40.31,101.12,86.05,62.17,101.79,34.48,86.68,86.01,97.17,57.01,26.42,73.82,66.76,58.14,92.11,75.29,30.81,90.44,50.29,84.88,70.01,65.12,41.11,22.67,70.58,42.52,31.89,67.74,32.2
3,80.4,63.66,76.69,0.0,52.0,77.32,53.37,34.93,69.63,71.28,34.0,23.26,64.38,28.3,76.16,41.05,59.2,54.08,86.02,71.59,49.5,68.24,55.95,33.38,29.02,93.01,15.0,44.41,20.81,35.17,78.41,75.64,49.48,32.28,82.13,46.62,38.21,45.22,7.62,56.01,36.06,28.16,23.43,14.87,84.31,40.11,86.03,48.76,34.93,38.83,14.56,41.23,74.03,41.77,18.6,26.93,65.46,52.09,21.47,36.69,62.27,50.22,36.24,70.21,45.35,68.0,32.39,43.17,11.7,66.13,65.76,8.6,44.64,63.01,10.0,56.89
4,29.12,46.69,28.02,52.0,0.0,25.96,82.46,24.41,21.93,40.61,27.2,32.57,47.68,31.76,28.43,67.8,36.35,77.08,39.7,23.43,7.62,39.2,27.17,57.43,23.02,59.62,44.64,10.0,66.22,54.82,27.2,35.36,12.65,53.01,55.73,45.49,38.21,57.38,55.44,4.12,52.5,24.19,37.16,66.19,41.23,12.37,41.01,13.93,73.35,58.14,38.21,73.78,46.39,72.67,64.76,69.89,37.05,3.0,46.1,53.91,57.94,79.81,47.42,41.3,76.84,32.98,56.86,59.4,41.19,25.08,31.58,47.52,15.0,37.01,44.41,10.77
5,3.16,51.09,9.22,77.32,25.96,0.0,99.73,49.66,12.04,50.33,52.33,56.08,51.86,53.6,25.18,92.44,41.73,92.78,19.65,23.09,28.0,38.28,44.05,82.37,48.37,48.04,70.6,35.47,92.18,73.16,1.41,38.83,34.67,77.9,50.6,67.27,61.85,80.43,80.0,21.84,70.38,49.16,62.97,91.79,25.02,37.22,36.22,36.06,99.01,82.38,63.07,98.88,43.38,91.55,88.36,95.82,49.65,25.32,71.87,71.69,65.76,97.51,71.56,39.45,95.46,42.54,81.88,75.59,66.07,33.54,30.61,72.0,38.95,39.7,69.01,27.02
6,101.98,56.32,94.15,53.37,82.46,99.73,0.0,79.32,88.14,116.21,79.92,53.41,56.22,51.62,110.89,93.54,61.13,9.22,97.53,105.89,75.8,69.23,99.81,86.68,65.44,87.05,67.36,80.62,69.0,27.66,100.18,115.97,87.73,85.62,73.06,98.09,88.57,98.49,45.89,85.0,30.0,63.25,73.41,57.04,92.2,71.45,123.33,87.78,84.02,92.2,54.59,92.02,70.26,11.7,37.01,75.03,110.8,80.6,74.33,28.6,43.05,3.16,88.87,69.87,8.06,110.63,85.7,24.17,53.23,105.36,73.08,48.1,84.39,64.76,50.16,92.02
7,52.8,61.19,52.43,34.93,24.41,49.66,79.32,0.0,46.23,37.48,2.83,26.4,62.17,30.08,42.19,43.42,52.2,76.48,64.03,38.01,27.02,58.18,21.4,33.02,15.3,81.3,23.09,14.42,44.1,53.23,50.99,40.72,16.12,28.6,74.85,24.52,15.23,34.13,40.82,28.3,52.0,17.46,14.04,46.87,65.05,18.79,51.24,15.03,49.4,33.94,25.46,49.4,65.39,68.01,51.87,46.87,31.83,26.25,22.56,53.31,68.01,76.28,23.43,60.42,72.2,33.29,32.45,60.17,27.66,31.32,51.97,34.21,11.18,54.42,31.24,24.33
8,13.89,39.2,7.07,69.63,21.93,12.04,88.14,46.23,0.0,55.73,49.04,47.27,40.0,44.0,33.54,89.64,29.7,81.01,17.8,30.07,20.62,26.83,46.1,79.2,41.44,40.61,64.88,31.89,86.16,61.98,12.21,46.01,33.6,74.81,40.61,67.01,60.11,79.25,71.45,18.44,59.14,41.76,58.31,84.4,19.72,30.46,45.88,35.0,94.51,80.06,55.11,95.44,32.57,80.32,79.0,90.38,53.85,20.0,67.23,60.41,53.76,86.01,69.35,28.23,84.15,47.68,78.6,63.98,58.05,38.47,18.87,63.51,36.8,27.8,60.67,27.73
9,52.39,87.3,58.24,71.28,40.61,50.33,116.21,37.48,55.73,0.0,37.64,62.8,88.28,65.19,26.63,61.01,76.94,112.61,69.89,27.31,48.05,79.06,16.4,54.45,50.8,96.34,57.31,37.16,74.63,89.31,51.62,13.45,30.08,50.8,95.02,32.06,35.11,45.1,77.8,41.11,87.66,53.01,48.02,80.96,74.46,47.01,24.6,29.55,73.44,51.04,62.94,69.0,86.01,105.12,89.02,74.95,5.83,43.57,53.31,89.04,98.08,113.23,42.76,81.02,109.34,8.06,54.59,95.52,65.12,17.26,71.01,71.59,32.25,77.41,68.68,30.15
10,55.46,63.56,55.22,34.0,27.2,52.33,79.92,2.83,49.04,37.64,0.0,27.51,64.54,31.58,44.05,40.61,54.71,77.39,66.84,40.01,29.83,60.84,21.95,30.23,17.03,84.06,21.38,17.2,42.01,54.23,53.67,41.79,18.44,25.81,77.47,22.2,12.65,31.38,40.22,31.06,53.14,19.1,12.04,45.35,67.88,21.47,52.63,17.26,46.82,31.11,25.61,46.65,68.03,68.51,51.4,44.55,31.89,29.07,20.22,54.42,70.01,76.85,20.62,63.07,72.67,34.0,29.68,61.35,27.59,32.76,54.71,33.97,13.6,57.01,31.11,26.68
11,59.03,42.72,54.33,23.26,32.57,56.08,53.41,26.4,47.27,62.8,27.51,0.0,43.57,5.83,59.94,55.95,36.77,50.12,63.06,55.01,28.16,45.45,46.4,45.88,12.04,70.29,25.06,28.02,42.64,26.83,57.04,63.13,34.83,42.72,60.21,48.37,38.33,53.46,24.19,36.14,25.63,9.9,25.18,38.08,61.1,20.25,71.56,34.71,54.67,49.73,9.22,58.83,51.62,42.45,32.39,48.1,57.43,31.78,31.02,26.93,45.12,50.45,42.19,47.51,46.69,57.31,44.94,33.84,11.66,52.63,42.54,16.28,31.11,40.36,13.6,40.31
12,53.08,1.0,43.84,64.38,47.68,51.86,56.22,62.17,40.0,88.28,64.54,43.57,0.0,37.74,71.59,99.3,11.4,47.52,43.42,67.23,40.31,14.42,74.17,89.0,48.38,32.02,68.6,53.0,85.04,37.34,51.74,81.91,59.14,85.49,18.79,86.68,77.13,94.87,61.72,47.54,34.54,46.82,67.23,77.9,37.16,44.18,84.53,60.07,98.01,92.31,52.43,102.4,14.04,52.35,63.63,90.91,84.59,44.72,74.24,35.11,14.76,55.04,83.49,14.32,55.08,80.6,88.1,34.37,54.2,72.28,21.26,55.87,59.01,12.21,54.56,58.25
13,56.44,36.89,51.01,28.3,31.76,53.6,51.62,30.08,44.0,65.19,31.58,5.83,37.74,0.0,59.91,61.74,31.14,47.43,59.03,54.92,26.25,40.0,48.88,51.62,14.87,64.82,30.89,29.0,48.17,24.21,54.45,64.35,36.12,48.38,54.49,53.08,43.05,58.86,28.16,34.93,22.47,12.65,30.59,42.94,56.61,20.0,72.01,36.24,60.44,55.36,14.87,64.66,46.01,41.23,35.0,53.74,60.03,30.46,36.77,23.85,39.62,48.8,47.52,42.01,45.45,59.2,50.7,30.41,17.03,53.74,37.58,20.62,33.02,34.83,18.36,40.61
14,26.68,70.68,34.01,76.16,28.43,25.18,110.89,42.19,33.54,26.63,44.05,59.94,71.59,59.91,0.0,79.4,60.37,105.42,44.72,5.0,35.36,59.77,26.57,70.61,48.85,73.01,65.28,32.31,86.01,83.24,26.31,13.93,26.68,66.29,74.15,51.08,49.03,65.0,80.96,26.17,80.92,50.57,56.08,88.96,50.16,39.96,13.04,27.46,89.11,68.96,63.91,86.83,65.97,101.02,91.18,88.14,27.59,30.41,64.01,82.33,83.86,108.23,58.69,61.4,105.21,19.8,70.41,87.73,66.73,13.0,51.55,73.39,31.58,59.62,70.23,19.7
15,95.52,98.41,95.8,41.05,67.8,92.44,93.54,43.42,89.64,61.01,40.61,55.95,99.3,61.74,79.4,0.0,91.27,95.01,107.45,76.55,70.04,98.81,52.89,10.63,52.2,123.07,31.02,57.8,26.0,75.8,93.81,71.7,57.8,14.87,114.83,29.15,30.87,16.12,48.01,71.61,76.3,53.25,32.8,37.95,108.3,60.83,83.86,56.44,15.0,10.44,47.76,8.06,105.68,82.22,56.72,21.63,56.14,69.66,25.06,77.1,100.57,90.45,21.02,101.02,85.48,62.65,11.4,83.86,46.84,66.48,93.72,48.51,53.54,94.3,48.05,65.76
16,43.28,10.44,34.41,59.2,36.35,41.73,61.13,52.2,29.7,76.94,54.71,36.77,11.4,31.14,60.37,91.27,0.0,53.14,36.4,55.95,29.07,9.49,63.03,80.78,39.36,33.84,61.22,42.11,79.31,38.05,41.77,70.52,48.01,77.03,23.6,76.66,67.36,85.62,57.8,36.14,35.06,38.08,58.67,73.5,31.26,33.73,73.36,49.0,91.35,83.65,45.97,95.0,14.87,55.23,61.68,84.86,73.33,33.38,66.29,36.01,24.08,59.44,74.32,11.18,58.55,69.23,79.92,37.48,48.17,60.88,12.08,51.04,48.17,4.12,49.2,46.87
17,94.89,47.68,86.76,54.08,77.08,92.78,9.22,76.48,81.01,112.61,77.39,50.12,47.52,47.43,105.42,95.01,53.14,0.0,89.49,100.45,70.09,60.88,96.25,87.37,61.91,78.01,67.08,76.22,71.57,23.32,93.15,111.4,83.41,85.84,64.01,96.77,86.98,98.48,47.0,79.31,25.0,59.68,72.12,60.02,83.93,66.71,118.09,83.6,86.7,92.66,52.81,94.26,61.52,13.93,39.81,77.78,107.38,75.01,74.15,23.6,34.0,9.43,88.29,61.39,12.81,106.61,86.37,17.69,51.92,100.77,65.19,47.68,80.45,56.61,49.24,87.05
18,18.11,42.94,12.21,86.02,39.7,19.65,97.53,64.03,17.8,69.89,66.84,63.06,43.42,59.03,44.72,107.45,36.4,89.49,0.0,42.72,38.08,29.07,62.43,97.01,58.6,29.83,82.3,49.68,103.37,73.44,18.44,58.46,50.99,92.62,35.81,84.39,77.79,96.88,87.1,36.07,70.46,58.69,76.01,100.88,7.21,47.89,55.01,52.4,112.16,97.84,71.47,113.23,31.24,91.24,93.65,107.78,68.94,37.8,84.91,71.57,58.18,95.8,87.11,29.15,94.73,62.03,96.4,73.76,74.33,52.92,24.52,79.31,54.45,32.89,76.66,44.41
19,25.08,66.31,31.4,71.59,23.43,23.09,105.89,38.01,30.07,27.31,40.01,55.01,67.23,54.92,5.0,76.55,55.95,100.45,42.72,0.0,30.41,55.79,24.19,67.45,44.01,70.18,61.07,27.51,82.02,78.24,24.35,16.03,22.2,63.06,70.58,48.76,45.88,62.61,76.24,21.26,75.93,45.69,52.0,84.59,47.68,34.99,17.8,23.09,85.7,66.13,59.14,83.82,62.17,96.02,86.38,84.38,27.2,25.46,60.13,77.34,79.26,103.23,55.66,57.49,100.21,19.72,67.19,82.76,61.98,11.31,47.54,68.62,27.17,55.36,65.46,14.87
20,31.02,39.32,27.51,49.5,7.62,28.0,75.8,27.02,20.62,48.05,29.83,28.16,40.31,26.25,35.36,70.04,29.07,70.09,38.08,30.41,0.0,32.76,34.0,59.46,20.88,54.59,44.28,13.93,65.55,48.26,29.02,42.94,19.03,55.17,49.48,50.09,41.88,61.03,52.0,9.22,45.8,21.38,38.01,64.13,38.29,9.85,48.17,20.1,74.09,60.88,35.13,75.43,40.02,66.37,60.53,69.78,44.28,5.0,46.87,47.2,50.33,73.24,50.45,34.93,70.49,40.52,58.8,52.4,38.12,32.7,25.63,44.0,19.92,30.07,41.01,18.38
21,39.2,13.89,29.83,68.24,39.2,38.28,69.23,58.18,26.83,79.06,60.84,45.45,14.42,40.0,59.77,98.81,9.49,60.88,29.07,55.79,32.76,0.0,66.37,88.23,46.62,24.84,69.35,46.57,88.09,47.27,38.01,71.2,51.62,84.31,16.76,82.28,73.41,92.13,67.12,38.0,44.28,45.61,66.03,82.68,23.09,39.4,72.45,52.77,99.7,90.74,54.67,102.94,7.28,64.03,71.17,93.51,76.03,36.22,74.03,45.18,29.15,67.74,81.01,2.24,67.19,71.11,87.42,46.1,57.01,62.29,8.25,60.21,52.63,5.39,58.25,49.0
22,46.75,73.17,50.25,55.95,27.17,44.05,99.81,21.4,46.1,16.4,21.95,46.4,74.17,48.88,26.57,52.89,63.03,96.25,62.43,24.19,34.0,66.37,0.0,44.41,34.41,86.02,42.72,21.59,61.81,72.95,45.45,20.4,15.03,40.2,82.87,24.6,23.02,38.48,62.13,28.86,71.34,36.62,33.24,66.73,65.74,31.32,32.06,14.14,63.2,42.45,46.75,60.42,73.55,88.73,73.24,63.13,11.18,30.15,39.81,72.72,82.98,96.83,32.39,68.47,92.96,12.08,44.28,79.26,49.04,13.6,58.69,55.61,16.16,64.03,52.63,18.38
23,85.48,88.1,85.45,33.38,57.43,82.37,86.68,33.02,79.2,54.45,30.23,45.88,89.0,51.62,70.61,10.63,80.78,87.37,97.01,67.45,59.46,88.23,44.41,0.0,41.62,112.45,21.38,47.43,23.35,67.12,83.73,64.03,47.85,4.47,104.31,22.56,21.59,13.45,40.79,61.29,67.36,42.72,22.2,33.84,97.74,50.21,76.11,46.52,19.03,5.83,38.08,16.55,95.13,75.13,50.6,21.47,49.16,59.2,14.87,68.26,90.8,83.55,12.04,90.44,78.64,55.01,1.0,75.17,37.48,57.87,83.1,40.0,43.42,83.76,39.12,55.95
24,51.48,47.43,48.38,29.02,23.02,48.37,65.44,15.3,41.44,50.8,17.03,12.04,48.38,14.87,48.85,52.2,39.36,61.91,58.6,44.01,20.88,46.62,34.41,41.62,0.0,70.94,23.85,16.55,44.78,38.59,49.5,51.22,23.02,37.74,62.77,39.05,29.15,46.49,32.56,27.0,37.12,2.24,19.42,43.42,57.98,11.18,60.03,22.8,54.2,44.29,15.3,56.59,53.54,54.49,42.38,49.24,45.49,23.09,27.59,38.47,53.04,62.48,35.11,48.83,58.73,45.28,40.8,45.19,18.25,40.8,41.73,24.74,19.1,42.19,21.59,29.15
25,47.27,32.28,39.0,93.01,59.62,48.04,87.05,81.3,40.61,96.34,84.06,70.29,32.02,64.82,73.01,123.07,33.84,78.01,29.83,70.18,54.59,24.84,86.02,112.45,70.94,0.0,94.05,68.43,112.93,69.26,47.1,86.21,72.24,108.41,14.0,104.66,96.38,115.43,91.59,57.25,66.41,70.09,90.27,107.34,23.19,62.68,84.21,73.54,124.46,114.62,79.51,127.48,19.24,84.17,94.85,118.34,94.37,56.86,98.49,67.05,44.01,86.21,104.56,22.8,86.7,88.28,111.66,66.29,81.84,79.08,29.41,84.88,74.25,30.0,83.01,67.72
26,73.76,67.74,71.69,15.0,44.64,70.6,67.36,23.09,64.88,57.31,21.38,25.06,68.6,30.89,65.28,31.02,61.22,67.08,82.3,61.07,44.28,69.35,42.72,21.38,23.85,94.05,0.0,35.51,21.59,46.0,71.84,62.94,39.0,19.0,84.81,31.62,23.35,31.4,22.47,48.76,46.1,24.21,9.49,24.04,81.84,34.44,73.98,38.01,30.48,26.02,16.76,33.84,75.93,55.66,33.6,25.5,51.48,45.54,7.07,47.04,69.57,64.2,21.54,71.51,59.46,54.78,20.4,54.01,16.12,54.13,65.19,19.42,34.0,64.54,18.03,47.04
27,38.63,52.0,38.01,44.41,10.0,35.47,80.62,14.42,31.89,37.16,17.2,28.02,53.0,29.0,32.31,57.8,42.11,76.22,49.68,27.51,13.93,46.57,21.59,47.43,16.55,68.43,35.51,0.0,57.07,53.15,36.77,35.36,7.21,43.01,63.32,36.24,28.43,47.63,48.76,13.89,51.22,18.36,27.51,58.01,50.99,9.85,43.57,7.62,63.56,48.17,31.62,63.81,53.85,70.09,58.87,60.44,32.57,12.04,36.4,52.63,61.39,77.78,37.48,48.76,74.33,30.53,46.87,58.82,34.48,24.76,39.56,41.11,6.08,43.57,37.95,12.65
28,95.34,84.29,93.05,20.81,66.22,92.18,69.0,44.1,86.16,74.63,42.01,42.64,85.04,48.17,86.01,26.0,79.31,71.57,103.37,82.02,65.55,88.09,61.81,23.35,44.78,112.93,21.59,57.07,0.0,55.15,93.41,82.2,60.21,25.24,102.53,44.29,39.56,36.77,25.63,70.34,56.36,44.72,30.07,12.17,102.47,55.71,93.77,59.14,15.13,29.0,33.42,23.09,94.18,58.14,32.02,6.32,68.96,67.05,22.09,56.86,83.01,66.01,32.65,90.14,61.01,73.55,22.67,62.97,31.14,74.24,84.88,29.41,55.23,82.98,30.48,68.36
29,75.61,37.0,68.41,35.17,54.82,73.16,27.66,53.23,61.98,89.31,54.23,26.83,37.34,24.21,83.24,75.8,38.05,23.32,73.44,78.24,48.26,47.27,72.95,67.12,38.59,69.26,46.0,53.15,55.15,0.0,73.74,88.46,60.31,65.0,56.08,74.22,64.29,77.16,29.55,57.43,3.0,36.36,49.82,45.28,69.03,43.84,95.67,60.44,69.89,72.01,30.41,76.4,50.45,18.38,27.59,61.47,84.06,53.01,53.01,2.24,29.73,25.0,66.48,48.51,22.36,83.41,66.12,8.06,30.07,77.83,49.09,27.29,57.2,42.11,28.02,64.38
30,2.0,50.99,8.54,78.41,27.2,1.41,100.18,50.99,12.21,51.62,53.67,57.04,51.74,54.45,26.31,93.81,41.77,93.15,18.44,24.35,29.02,38.01,45.45,83.73,49.5,47.1,71.84,36.77,93.41,73.74,0.0,40.02,36.06,79.26,49.98,68.68,63.25,81.84,81.01,23.09,70.94,50.25,64.26,92.91,24.0,38.33,37.12,37.44,100.32,83.76,64.12,100.24,42.94,92.11,89.27,97.08,51.0,26.48,73.16,72.24,65.76,97.99,72.95,39.12,96.01,43.86,83.24,76.03,67.12,34.89,30.48,73.01,40.31,39.62,70.03,28.43
31,40.52,80.96,47.38,75.64,35.36,38.83,115.97,40.72,46.01,13.45,41.79,63.13,81.91,64.35,13.93,71.7,70.52,111.4,58.46,16.03,42.94,71.2,20.4,64.03,51.22,86.21,62.94,35.36,82.2,88.46,40.02,0.0,28.32,60.0,86.37,42.58,43.1,56.29,81.41,34.54,86.45,53.26,53.45,86.98,63.64,44.69,12.17,28.43,83.01,61.4,65.19,79.51,77.78,105.42,92.28,83.38,16.16,38.01,60.21,87.86,93.11,113.14,52.01,72.99,109.66,9.06,64.01,93.86,67.74,10.63,62.97,74.43,32.2,70.34,71.34,24.7
32,37.74,58.14,38.9,49.48,12.65,34.67,87.73,16.12,33.6,30.08,18.44,34.83,59.14,36.12,26.68,57.8,48.01,83.41,50.99,22.2,19.03,51.62,15.03,47.85,23.02,72.24,39.0,7.21,60.21,60.31,36.06,28.32,0.0,43.38,68.25,33.42,27.2,46.01,54.42,15.26,58.41,25.0,30.15,62.39,53.25,17.0,37.12,1.41,65.15,47.71,37.58,64.4,58.86,77.1,64.88,62.97,25.71,15.52,38.64,59.82,68.15,84.86,36.89,53.76,81.34,23.32,47.42,66.03,40.31,17.8,44.15,47.01,5.0,49.09,43.86,8.25
33,81.01,84.58,81.02,32.28,53.01,77.9,85.62,28.6,74.81,50.8,25.81,42.72,85.49,48.38,66.29,14.87,77.03,85.84,92.62,63.06,55.17,84.31,40.2,4.47,37.74,108.41,19.0,43.01,25.24,65.0,79.26,60.0,43.38,0.0,100.5,19.31,17.26,13.0,39.85,56.86,65.07,38.95,18.36,34.71,93.43,46.01,72.03,42.05,23.02,7.07,35.36,21.02,91.27,73.98,50.16,24.35,45.4,54.82,12.04,66.03,87.8,82.46,8.06,86.53,77.62,51.01,4.12,73.01,35.06,53.6,79.03,38.21,38.95,79.92,37.01,51.48
34,50.7,19.24,41.44,82.13,55.73,50.6,73.06,74.85,40.61,95.02,77.47,60.21,18.79,54.49,74.15,114.83,23.6,64.01,35.81,70.58,49.48,16.76,82.87,104.31,62.77,14.0,84.81,63.32,102.53,56.08,49.98,86.37,68.25,100.5,0.0,99.02,90.08,108.69,80.0,54.23,53.31,61.59,82.15,96.05,28.6,56.08,86.35,69.43,114.87,107.04,69.35,118.6,9.49,70.41,82.37,108.21,92.27,52.77,89.87,53.85,30.02,72.25,97.49,14.56,72.84,87.01,103.46,52.63,71.42,78.01,24.19,73.76,69.38,20.59,72.18,65.19
35,70.18,85.7,72.25,46.62,45.49,67.27,98.09,24.52,67.01,32.06,22.2,48.37,86.68,53.08,51.08,29.15,76.66,96.77,84.39,48.76,50.09,82.28,24.6,22.56,39.05,104.66,31.62,36.24,44.29,74.22,68.68,42.58,33.42,19.31,99.02,0.0,10.05,13.93,54.08,48.6,73.55,41.01,24.7,52.63,86.61,43.01,54.74,32.02,41.44,19.0,43.97,37.05,89.54,86.41,65.22,43.66,27.02,48.02,25.5,74.73,92.09,94.94,11.66,84.5,90.38,33.54,22.8,81.79,44.94,38.08,75.64,50.09,30.53,78.75,47.93,40.31
36,64.9,76.16,65.86,38.21,38.21,61.85,88.57,15.23,60.11,35.11,12.65,38.33,77.13,43.05,49.03,30.87,67.36,86.98,77.79,45.88,41.88,73.41,23.02,21.59,29.15,96.38,23.35,28.43,39.56,64.29,63.25,43.1,27.2,17.26,90.08,10.05,0.0,19.21,45.45,41.73,63.56,31.06,15.26,46.14,79.4,34.01,55.01,25.81,40.2,20.59,34.18,37.95,80.62,76.92,56.73,40.31,29.41,40.46,18.36,64.76,82.15,85.43,9.85,75.64,80.95,34.23,21.38,71.81,35.34,36.35,67.12,40.82,23.35,69.64,38.47,34.99
37,83.41,93.92,84.86,45.22,57.38,80.43,98.49,34.13,79.25,45.1,31.38,53.46,94.87,58.86,65.0,16.12,85.62,98.48,96.88,62.61,61.03,92.13,38.48,13.45,46.49,115.43,31.4,47.63,36.77,77.16,81.84,56.29,46.01,13.0,108.69,13.93,19.21,0.0,52.81,60.83,77.03,48.08,28.28,47.2,98.6,52.84,68.45,44.6,30.08,7.81,47.0,24.19,99.28,86.83,63.16,34.41,40.45,59.67,24.33,78.06,98.48,95.34,11.4,94.37,90.52,47.3,14.21,85.09,47.1,52.0,86.09,50.8,42.45,88.14,49.37,53.41
38,83.01,61.07,78.52,7.62,55.44,80.0,45.89,40.82,71.45,77.8,40.22,24.19,61.72,28.16,80.96,48.01,57.8,47.0,87.1,76.24,52.0,67.12,62.13,40.79,32.56,91.59,22.47,48.76,25.63,29.55,81.01,81.41,54.42,39.85,80.0,54.08,45.45,52.81,0.0,59.3,30.89,31.26,30.41,16.28,84.77,43.19,91.39,53.85,40.52,46.32,17.26,47.52,72.4,34.37,11.31,31.95,72.01,55.15,29.07,31.3,58.01,42.76,43.83,68.96,37.85,74.09,39.81,37.34,14.32,71.59,65.55,8.0,49.77,61.77,11.05,61.4
39,25.0,46.57,24.21,56.01,4.12,21.84,85.0,28.3,18.44,41.11,31.06,36.14,47.54,34.93,26.17,71.61,36.14,79.31,36.07,21.26,9.22,38.0,28.86,61.29,27.0,57.25,48.76,13.89,70.34,57.43,23.09,34.54,15.26,56.86,54.23,48.6,41.73,60.83,59.3,0.0,55.0,28.07,41.23,70.26,38.01,16.12,39.05,16.64,77.39,61.85,42.11,77.7,45.04,75.47,68.45,74.0,38.05,4.47,50.16,56.4,58.6,82.42,51.09,40.01,79.61,33.24,60.75,61.62,45.1,24.74,30.07,51.35,18.38,36.35,48.26,11.0
40,72.8,34.18,65.52,36.06,52.5,70.38,30.0,52.0,59.14,87.66,53.14,25.63,34.54,22.47,80.92,76.3,35.06,25.0,70.46,75.93,45.8,44.28,71.34,67.36,37.12,66.41,46.1,51.22,56.36,3.0,70.94,86.45,58.41,65.07,53.31,73.55,63.56,77.03,30.89,55.0,0.0,34.89,49.37,46.87,66.03,41.77,93.43,58.6,70.94,72.11,30.07,77.2,47.54,21.19,29.83,62.65,82.49,50.61,53.04,1.41,27.59,27.46,66.19,45.54,25.08,81.61,66.37,8.25,30.02,75.82,46.1,27.89,55.47,39.12,28.28,62.23
41,52.24,45.88,48.76,28.16,24.19,49.16,63.25,17.46,41.76,53.01,19.1,9.9,46.82,12.65,50.57,53.25,38.08,59.68,58.69,45.69,21.38,45.61,36.62,42.72,2.24,70.09,24.21,18.36,44.72,36.36,50.25,53.26,25.0,38.95,61.59,41.01,31.06,48.08,31.26,28.07,34.89,0.0,20.59,42.76,57.8,12.0,61.91,24.84,54.67,45.62,14.04,57.38,52.43,52.35,40.8,49.4,47.71,24.0,28.43,36.24,51.09,60.31,36.69,47.8,56.59,47.42,41.88,42.95,17.03,42.8,41.04,23.35,21.21,41.05,20.22,30.87
42,66.13,66.31,64.88,23.43,37.16,62.97,73.41,14.04,58.31,48.02,12.04,25.18,67.23,30.59,56.08,32.8,58.67,72.12,76.01,52.0,38.01,66.03,33.24,22.2,19.42,90.27,9.49,27.51,30.07,49.82,64.26,53.45,30.15,18.36,82.15,24.7,15.26,28.28,30.41,41.23,49.37,20.59,0.0,33.53,76.22,28.43,64.54,29.07,36.24,25.08,19.42,37.54,72.95,61.74,41.73,32.98,42.19,38.47,8.94,50.49,70.21,70.26,17.03,68.24,65.74,45.31,21.4,57.56,20.25,44.72,60.96,25.55,25.18,61.59,23.26,38.33
43,94.89,77.23,91.44,14.87,66.19,91.79,57.04,46.87,84.4,80.96,45.35,38.08,77.9,42.94,88.96,37.95,73.5,60.02,100.88,84.59,64.13,82.68,66.73,33.84,43.42,107.34,24.04,58.01,12.17,45.28,92.91,86.98,62.39,34.71,96.05,52.63,46.14,47.2,16.28,70.26,46.87,42.76,33.53,0.0,99.16,54.59,97.98,61.52,27.0,39.66,29.41,35.23,88.23,46.39,20.22,18.0,75.15,66.48,27.78,47.17,74.2,54.08,41.11,84.6,49.09,78.77,33.02,52.77,26.57,78.1,80.5,22.47,57.43,77.39,24.6,70.18
44,24.08,36.77,16.28,84.31,41.23,25.02,92.2,65.05,19.72,74.46,67.88,61.1,37.16,56.61,50.16,108.3,31.26,83.93,7.21,47.68,38.29,23.09,65.74,97.74,57.98,23.19,81.84,50.99,102.47,69.03,24.0,63.64,53.25,93.43,28.6,86.61,79.4,98.6,84.77,38.01,66.03,57.8,76.22,99.16,0.0,47.8,61.07,54.64,112.07,98.99,69.86,113.7,24.41,86.47,90.61,107.19,73.05,38.95,85.0,67.07,51.89,90.61,88.41,22.85,89.81,66.48,97.08,68.73,72.62,57.28,20.02,77.16,56.22,27.46,74.67,47.41
45,40.31,43.19,37.34,40.11,12.37,37.22,71.45,18.79,30.46,47.01,21.47,20.25,44.18,20.0,39.96,60.83,33.73,66.71,47.89,34.99,9.85,39.4,31.32,50.21,11.18,62.68,34.44,9.85,55.71,43.84,38.33,44.69,17.0,46.01,56.08,43.01,34.01,52.84,43.19,16.12,41.77,12.0,28.43,54.59,47.8,0.0,52.01,17.46,64.35,52.01,26.02,65.95,46.62,61.22,52.39,59.93,42.38,12.0,37.2,43.19,51.79,68.68,41.88,41.63,65.44,40.31,49.5,49.2,29.02,34.06,33.29,35.23,15.3,35.74,32.14,20.62
46,37.01,83.63,45.4,86.03,41.01,36.22,123.33,51.24,45.88,24.6,52.63,71.56,84.53,72.01,13.04,83.86,73.36,118.09,55.01,17.8,48.17,72.45,32.06,76.11,60.03,84.21,73.98,43.57,93.77,95.67,37.12,12.17,37.12,72.03,86.35,54.74,55.01,68.45,91.39,39.05,93.43,61.91,64.54,97.98,61.07,52.01,0.0,37.58,95.05,73.55,74.69,91.66,78.45,113.23,101.98,95.19,28.16,43.19,71.7,94.85,96.9,120.62,64.07,74.0,117.44,21.21,76.06,100.41,77.39,19.92,64.26,84.1,41.63,72.5,80.96,31.4
47,39.12,59.08,40.31,48.76,13.93,36.06,87.78,15.03,35.0,29.55,17.26,34.71,60.07,36.24,27.46,56.44,49.0,83.6,52.4,23.09,20.1,52.77,14.14,46.52,22.8,73.54,38.01,7.62,59.14,60.44,37.44,28.43,1.41,42.05,69.43,32.02,25.81,44.6,53.85,16.64,58.6,24.84,29.07,61.52,54.64,17.46,37.58,0.0,63.89,46.32,37.12,63.07,60.02,77.08,64.4,61.81,25.0,16.76,37.48,60.0,68.88,84.9,35.51,54.92,81.32,23.02,46.1,66.29,39.81,18.03,45.35,46.52,4.12,50.16,43.38,9.49
48,102.16,97.2,101.12,34.93,73.35,99.01,84.02,49.4,94.51,73.44,46.82,54.67,98.01,60.44,89.11,15.0,91.35,86.7,112.16,85.7,74.09,99.7,63.2,19.03,54.2,124.46,30.48,63.56,15.13,69.89,100.32,83.01,65.15,23.02,114.87,41.44,40.2,30.08,40.52,77.39,70.94,54.67,36.24,27.0,112.07,64.35,95.05,63.89,0.0,22.8,45.61,8.94,106.15,73.25,47.1,9.0,68.18,74.71,27.29,71.51,97.06,81.06,31.0,101.83,76.06,74.0,19.0,77.79,43.83,76.53,95.67,43.38,60.41,94.79,43.91,73.38
49,85.44,91.39,86.05,38.83,58.14,82.38,92.2,33.94,80.06,51.04,31.11,49.73,92.31,55.36,68.96,10.44,83.65,92.66,97.84,66.13,60.88,90.74,42.45,5.83,44.29,114.62,26.02,48.17,29.0,72.01,83.76,61.4,47.71,7.07,107.04,19.0,20.59,7.81,46.32,61.85,72.11,45.62,25.08,39.66,98.99,52.01,73.55,46.32,22.8,0.0,42.43,18.11,97.75,80.6,56.3,26.63,46.01,60.14,19.1,73.06,94.83,89.05,10.82,92.96,84.17,52.35,6.71,80.02,42.11,56.04,85.21,45.1,43.6,86.45,44.0,55.57
50,66.12,51.61,62.17,14.56,38.21,63.07,54.59,25.46,55.11,62.94,25.61,9.22,52.43,14.87,63.91,47.76,45.97,52.81,71.47,59.14,35.13,54.67,46.75,38.08,15.3,79.51,16.76,31.62,33.42,30.41,64.12,65.19,37.58,35.36,69.35,43.97,34.18,47.0,17.26,42.11,30.07,14.04,19.42,29.41,69.86,26.02,74.69,37.12,45.61,42.43,0.0,50.12,60.83,43.05,27.31,38.9,57.28,38.01,23.35,31.14,52.81,51.48,36.12,56.73,47.17,58.41,37.11,38.21,3.0,55.07,51.62,9.49,33.12,49.58,6.32,44.27
51,102.0,101.55,101.79,41.23,73.78,98.88,92.02,49.4,95.44,69.0,46.65,58.83,102.4,64.66,86.83,8.06,95.0,94.26,113.23,83.82,75.43,102.94,60.42,16.55,56.59,127.48,33.84,63.81,23.09,76.4,100.24,79.51,64.4,21.02,118.6,37.05,37.95,24.19,47.52,77.7,77.2,57.38,37.54,35.23,113.7,65.95,91.66,63.07,8.94,18.11,50.12,0.0,109.64,81.02,55.01,17.46,64.07,75.45,29.0,77.88,102.55,89.01,28.16,105.12,84.01,70.46,17.0,84.4,48.75,73.98,98.31,49.34,59.94,98.23,49.4,72.5
52,43.91,14.0,34.48,74.03,46.39,43.38,70.26,65.39,32.57,86.01,68.03,51.62,14.04,46.01,65.97,105.68,14.87,61.52,31.24,62.17,40.02,7.28,73.55,95.13,53.54,19.24,75.93,53.85,94.18,50.45,42.94,77.78,58.86,91.27,9.49,89.54,80.62,99.28,72.4,45.04,47.54,52.43,72.95,88.23,24.41,46.62,78.45,60.02,106.15,97.75,60.83,109.64,0.0,66.19,75.64,99.72,83.1,43.42,80.8,48.27,28.16,69.07,88.12,5.1,69.03,78.03,94.3,48.17,63.03,69.12,15.0,65.8,59.91,11.4,64.03,56.04
53,93.98,52.24,86.68,41.77,72.67,91.55,11.7,68.01,80.32,105.12,68.51,42.45,52.35,41.23,101.02,82.22,55.23,13.93,91.24,96.02,66.37,64.03,88.73,75.13,54.49,84.17,55.66,70.09,58.14,18.38,92.11,105.42,77.1,73.98,70.41,86.41,76.92,86.83,34.37,75.47,21.19,52.35,61.74,46.39,86.47,61.22,113.23,77.08,73.25,80.6,43.05,81.02,66.19,0.0,26.17,64.28,99.64,71.02,62.64,19.92,41.11,8.54,77.16,65.0,4.24,99.76,74.15,18.03,41.59,94.85,66.75,36.4,73.55,59.14,38.48,81.84
54,91.27,63.13,86.01,18.6,64.76,88.36,37.01,51.87,79.0,89.02,51.4,32.39,63.63,35.0,91.18,56.72,61.68,39.81,93.65,86.38,60.53,71.17,73.24,50.6,42.38,94.85,33.6,58.87,32.02,27.59,89.27,92.28,64.88,50.16,82.37,65.22,56.73,63.16,11.31,68.45,29.83,40.8,41.73,20.22,90.61,52.39,101.98,64.4,47.1,56.3,27.31,55.01,75.64,26.17,0.0,38.12,83.24,64.13,39.96,29.73,57.31,34.0,54.71,72.8,29.0,85.15,49.65,34.21,24.6,82.3,70.83,17.89,60.37,65.79,21.02,71.51
55,98.98,90.14,97.17,26.93,69.89,95.82,75.03,46.87,90.38,74.95,44.55,48.1,90.91,53.74,88.14,21.63,84.86,77.78,107.78,84.38,69.78,93.51,63.13,21.47,49.24,118.34,25.5,60.44,6.32,61.47,97.08,83.38,62.97,24.35,108.21,43.66,40.31,34.41,31.95,74.0,62.65,49.4,32.98,18.0,107.19,59.93,95.19,61.81,9.0,26.63,38.9,17.46,99.72,64.28,38.12,0.0,69.43,70.94,24.33,63.16,89.19,72.06,32.28,95.59,67.07,74.55,21.02,69.29,36.8,76.0,90.0,35.51,58.05,88.46,36.4,71.2
56,51.97,83.6,57.01,65.46,37.05,49.65,110.8,31.83,53.85,5.83,31.89,57.43,84.59,60.03,27.59,56.14,73.33,107.38,68.94,27.2,44.28,76.03,11.18,49.16,45.49,94.37,51.48,32.57,68.96,84.06,51.0,16.16,25.71,45.4,92.27,27.02,29.41,40.45,72.01,38.05,82.49,47.71,42.19,75.15,73.05,42.38,28.16,25.0,68.18,46.01,57.28,64.07,83.1,99.64,83.24,69.43,0.0,40.05,47.54,83.86,93.86,107.8,37.34,78.06,103.86,7.81,49.25,90.43,59.41,16.12,68.12,65.86,27.31,74.06,62.97,27.07
57,28.44,43.74,26.42,52.09,3.0,25.32,80.6,26.25,20.0,43.57,29.07,31.78,44.72,30.46,30.41,69.66,33.38,75.01,37.8,25.46,5.0,36.22,30.15,59.2,23.09,56.86,45.54,12.04,67.05,53.01,26.48,38.01,15.52,54.82,52.77,48.02,40.46,59.67,55.15,4.47,50.61,24.0,38.47,66.48,38.95,12.0,43.19,16.76,74.71,60.14,38.01,75.45,43.42,71.02,64.13,70.94,40.05,0.0,47.41,52.01,55.15,78.01,49.5,38.33,75.17,35.9,58.6,57.31,41.01,27.86,28.64,47.17,17.49,34.01,44.1,13.6
58,75.03,73.36,73.82,21.47,46.1,71.87,74.33,22.56,67.23,53.31,20.22,31.02,74.24,36.77,64.01,25.06,66.29,74.15,84.91,60.13,46.87,74.03,39.81,14.87,27.59,98.49,7.07,36.4,22.09,53.01,73.16,60.21,38.64,12.04,89.87,25.5,18.36,24.33,29.07,50.16,53.04,28.43,8.94,27.78,85.0,37.2,71.7,37.48,27.29,19.1,23.35,29.0,80.8,62.64,39.96,24.33,47.54,47.41,0.0,54.01,75.96,71.17,14.76,76.22,66.41,51.66,13.93,61.0,23.02,52.15,69.31,26.48,33.73,69.4,25.08,46.87
59,74.09,34.79,66.76,36.69,53.91,71.69,28.6,53.31,60.41,89.04,54.42,26.93,35.11,23.85,82.33,77.1,36.01,23.6,71.57,77.34,47.2,45.18,72.72,68.26,38.47,67.05,47.04,52.63,56.86,2.24,72.24,87.86,59.82,66.03,53.85,74.73,64.76,78.06,31.3,56.4,1.41,36.24,50.49,47.17,67.07,43.19,94.85,60.0,71.51,73.06,31.14,77.88,48.27,19.92,29.73,63.16,83.86,52.01,54.01,0.0,27.59,26.08,67.27,46.39,23.77,83.01,67.27,7.07,31.0,77.23,47.17,28.64,56.86,40.05,29.15,63.64
60,67.21,15.26,58.14,62.27,57.94,65.76,43.05,68.01,53.76,98.08,70.01,45.12,14.76,39.62,83.86,100.57,24.08,34.0,58.18,79.26,50.33,29.15,82.98,90.8,53.04,44.01,69.57,61.39,83.01,29.73,65.76,93.11,68.15,87.8,30.02,92.09,82.15,98.48,58.01,58.6,27.59,51.09,70.21,74.2,51.89,51.79,96.9,68.88,97.06,94.83,52.81,102.55,28.16,41.11,57.31,89.19,93.86,55.15,75.96,27.59,0.0,42.3,87.13,29.07,43.17,90.76,89.84,24.19,53.85,83.01,35.47,53.71,67.08,26.25,53.23,68.71
61,99.81,55.08,92.11,50.22,79.81,97.51,3.16,76.28,86.01,113.23,76.85,50.45,55.04,48.8,108.23,90.45,59.44,9.43,95.8,103.23,73.24,67.74,96.83,83.55,62.48,86.21,64.2,77.78,66.01,25.0,97.99,113.14,84.86,82.46,72.25,94.94,85.43,95.34,42.76,82.42,27.46,60.31,70.26,54.08,90.61,68.68,120.62,84.9,81.06,89.05,51.48,89.01,69.07,8.54,34.0,72.06,107.8,78.01,71.17,26.08,42.3,0.0,85.7,68.47,5.0,107.71,82.57,22.14,50.09,102.53,71.31,44.94,81.47,63.15,47.01,89.27
62,74.63,82.54,75.29,36.24,47.42,71.56,88.87,23.43,69.35,42.76,20.62,42.19,83.49,47.52,58.69,21.02,74.32,88.29,87.11,55.66,50.45,81.01,32.39,12.04,35.11,104.56,21.54,37.48,32.65,66.48,72.95,52.01,36.89,8.06,97.49,11.66,9.85,11.4,43.83,51.09,66.19,36.69,17.03,41.11,88.41,41.88,64.07,35.51,31.0,10.82,36.12,28.16,88.12,77.16,54.71,32.28,37.34,49.5,14.76,67.27,87.13,85.7,0.0,83.24,80.99,43.0,12.0,74.33,36.5,45.89,75.17,40.8,32.8,76.92,39.05,44.78
63,40.22,13.93,30.81,70.21,41.3,39.45,69.87,60.42,28.23,81.02,63.07,47.51,14.32,42.01,61.4,101.02,11.18,61.39,29.15,57.49,34.93,2.24,68.47,90.44,48.83,22.8,71.51,48.76,90.14,48.51,39.12,72.99,53.76,86.53,14.56,84.5,75.64,94.37,68.96,40.01,45.54,47.8,68.24,84.6,22.85,41.63,74.0,54.92,101.83,92.96,56.73,105.12,5.1,65.0,72.8,95.59,78.06,38.33,76.22,46.39,29.07,68.47,83.24,0.0,68.07,73.06,89.63,47.01,59.03,64.2,10.05,62.13,54.82,7.21,60.22,51.01
64,97.86,55.04,90.44,45.35,76.84,95.46,8.06,72.2,84.15,109.34,72.67,46.69,55.08,45.45,105.21,85.48,58.55,12.81,94.73,100.21,70.49,67.19,92.96,78.64,58.73,86.7,59.46,74.33,61.01,22.36,96.01,109.66,81.34,77.62,72.84,90.38,80.95,90.52,37.85,79.61,25.08,56.59,65.74,49.09,89.81,65.44,117.44,81.32,76.06,84.17,47.17,84.01,69.03,4.24,29.0,67.07,103.86,75.17,66.41,23.77,43.17,5.0,80.99,68.07,0.0,104.0,77.67,21.1,45.65,99.09,70.21,40.31,77.79,62.39,42.49,86.05
65,44.72,79.62,50.29,68.0,32.98,42.54,110.63,33.29,47.68,8.06,34.0,57.31,80.6,59.2,19.8,62.65,69.23,106.61,62.03,19.72,40.52,71.11,12.08,55.01,45.28,88.28,54.78,30.53,73.55,83.41,43.86,9.06,23.32,51.01,87.01,33.54,34.23,47.3,74.09,33.24,81.61,47.42,45.31,78.77,66.48,40.31,21.21,23.02,74.0,52.35,58.41,70.46,78.03,99.76,85.15,74.55,7.81,35.9,51.66,83.01,90.76,107.71,43.0,73.06,104.0,0.0,55.0,89.31,60.8,9.22,63.03,67.42,26.25,69.58,64.4,22.36
66,85.0,87.21,84.88,32.39,56.86,81.88,85.7,32.45,78.6,54.59,29.68,44.94,88.1,50.7,70.41,11.4,79.92,86.37,96.4,67.19,58.8,87.42,44.28,1.0,40.8,111.66,20.4,46.87,22.67,66.12,83.24,64.01,47.42,4.12,103.46,22.8,21.38,14.21,39.81,60.75,66.37,41.88,21.4,33.02,97.08,49.5,76.06,46.1,19.0,6.71,37.11,17.0,94.3,74.15,49.65,21.02,49.25,58.6,13.93,67.27,89.84,82.57,12.0,89.63,77.67,55.0,0.0,74.17,36.5,57.71,82.33,39.0,42.94,82.93,38.12,55.54
67,77.82,34.23,70.01,43.17,59.4,75.59,24.17,60.17,63.98,95.52,61.35,33.84,34.37,30.41,87.73,83.86,37.48,17.69,73.76,82.76,52.4,46.1,79.26,75.17,45.19,66.29,54.01,58.82,62.97,8.06,76.03,93.86,66.03,73.01,52.63,81.79,71.81,85.09,37.34,61.62,8.25,42.95,57.56,52.77,68.73,49.2,100.41,66.29,77.79,80.02,38.21,84.4,48.17,18.03,34.21,69.29,90.43,57.31,61.0,7.07,24.19,22.14,74.33,47.01,21.1,89.31,74.17,0.0,38.01,83.24,49.24,35.36,63.29,41.3,36.06,69.43
68,69.12,53.41,65.12,11.7,41.19,66.07,53.23,27.66,58.05,65.12,27.59,11.66,54.2,17.03,66.73,46.84,48.17,51.92,74.33,61.98,38.12,57.01,49.04,37.48,18.25,81.84,16.12,34.48,31.14,30.07,67.12,67.74,40.31,35.06,71.42,44.94,35.34,47.1,14.32,45.1,30.02,17.03,20.25,26.57,72.62,29.02,77.39,39.81,43.83,42.11,3.0,48.75,63.03,41.59,24.6,36.8,59.41,41.01,23.02,31.0,53.85,50.09,36.5,59.03,45.65,60.8,36.5,38.01,0.0,57.71,54.2,6.71,35.78,51.86,3.61,47.13
69,35.85,71.31,41.11,66.13,25.08,33.54,105.36,31.32,38.47,17.26,32.76,52.63,72.28,53.74,13.0,66.48,60.88,100.77,52.92,11.31,32.7,62.29,13.6,57.87,40.8,79.08,54.13,24.76,74.24,77.83,34.89,10.63,17.8,53.6,78.01,38.08,36.35,52.0,71.59,24.74,75.82,42.8,44.72,78.1,57.28,34.06,19.92,18.03,76.53,56.04,55.07,73.98,69.12,94.85,82.3,76.0,16.12,27.86,52.15,77.23,83.01,102.53,45.89,64.2,99.09,9.22,57.71,83.24,57.71,0.0,54.15,64.41,21.95,61.0,61.29,14.32
70,31.83,20.52,22.67,65.76,31.58,30.61,73.08,51.97,18.87,71.01,54.71,42.54,21.26,37.58,51.55,93.72,12.08,65.19,24.52,47.54,25.63,8.25,58.69,83.1,41.73,29.41,65.19,39.56,84.88,49.09,30.48,62.97,44.15,79.03,24.19,75.64,67.12,86.09,65.55,30.07,46.1,41.04,60.96,80.5,20.02,33.29,64.26,45.35,95.67,85.21,51.62,98.31,15.0,66.75,70.83,90.0,68.12,28.64,69.31,47.17,35.47,71.31,75.17,10.05,70.21,63.03,82.33,49.24,54.2,54.15,0.0,58.18,45.54,9.22,55.9,41.05
71,75.01,55.15,70.58,8.6,47.52,72.0,48.1,34.21,63.51,71.59,33.97,16.28,55.87,20.62,73.39,48.51,51.04,47.68,79.31,68.62,44.0,60.21,55.61,40.0,24.74,84.88,19.42,41.11,29.41,27.29,73.01,74.43,47.01,38.21,73.76,50.09,40.82,50.8,8.0,51.35,27.89,23.35,25.55,22.47,77.16,35.23,84.1,46.52,43.38,45.1,9.49,49.34,65.8,36.4,17.89,35.51,65.86,47.17,26.48,28.64,53.71,44.94,40.8,62.13,40.31,67.42,39.0,35.36,6.71,64.41,58.18,0.0,42.49,54.92,3.16,53.76
72,42.06,58.01,42.52,44.64,15.0,38.95,84.39,11.18,36.8,32.25,13.6,31.11,59.01,33.02,31.58,53.54,48.17,80.45,54.45,27.17,19.92,52.63,16.16,43.42,19.1,74.25,34.0,6.08,55.23,57.2,40.31,32.2,5.0,38.95,69.38,30.53,23.35,42.45,49.77,18.38,55.47,21.21,25.18,57.43,56.22,15.3,41.63,4.12,60.41,43.6,33.12,59.94,59.91,73.55,60.37,58.05,27.31,17.49,33.73,56.86,67.08,81.47,32.8,54.82,77.79,26.25,42.94,63.29,35.78,21.95,45.54,42.49,0.0,49.65,39.36,13.15
73,41.01,11.4,31.89,63.01,37.01,39.7,64.76,54.42,27.8,77.41,57.01,40.36,12.21,34.83,59.62,94.3,4.12,56.61,32.89,55.36,30.07,5.39,64.03,83.76,42.19,30.0,64.54,43.57,82.98,42.11,39.62,70.34,49.09,79.92,20.59,78.75,69.64,88.14,61.77,36.35,39.12,41.05,61.59,77.39,27.46,35.74,72.5,50.16,94.79,86.45,49.58,98.23,11.4,59.14,65.79,88.46,74.06,34.01,69.4,40.05,26.25,63.15,76.92,7.21,62.39,69.58,82.93,41.3,51.86,61.0,9.22,54.92,49.65,0.0,53.01,47.27
74,72.03,53.81,67.74,10.0,44.41,69.01,50.16,31.24,60.67,68.68,31.11,13.6,54.56,18.36,70.23,48.05,49.2,49.24,76.66,65.46,41.01,58.25,52.63,39.12,21.59,83.01,18.03,37.95,30.48,28.02,70.03,71.34,43.86,37.01,72.18,47.93,38.47,49.37,11.05,48.26,28.28,20.22,23.26,24.6,74.67,32.14,80.96,43.38,43.91,44.0,6.32,49.4,64.03,38.48,21.02,36.4,62.97,44.1,25.08,29.15,53.23,47.01,39.05,60.22,42.49,64.4,38.12,36.06,3.61,61.29,55.9,3.16,39.36,53.01,0.0,50.6
75,30.0,57.27,32.2,56.89,10.77,27.02,92.02,24.33,27.73,30.15,26.68,40.31,58.25,40.61,19.7,65.76,46.87,87.05,44.41,14.87,18.38,49.0,18.38,55.95,29.15,67.72,47.04,12.65,68.36,64.38,28.43,24.7,8.25,51.48,65.19,40.31,34.99,53.41,61.4,11.0,62.23,30.87,38.33,70.18,47.41,20.62,31.4,9.49,73.38,55.57,44.27,72.5,56.04,81.84,71.51,71.2,27.07,13.6,46.87,63.64,68.71,89.27,44.78,51.01,86.05,22.36,55.54,69.43,47.13,14.32,41.05,53.76,13.15,47.27,50.6,0.0
