set K:= 1	2	3	4	5	6	7	8	9;
set C_H:= 1	2	3	4	5	6	7	8	9	10	11	12	13	14	15	16	17	18	19	20;
set C_S:= 21	22	23	24	25	26	27	28	29	30	31	32	33	34	35	36	37	38	39	40;
set C_F:= 41	42	43	44	45	46	47	48	49	50	51	52	53	54	55	56	57	58	59	60;
set M:= 61	62	63	64	65	66;
set L_B:= 67	68	69	70	71	72	73	74	75;
set A1:=
(0,*) 1 2 3 4 5 6 7 8 9 10 11 12 13 14 15 16 17 18 19 20 41 42 43 44 45 46 47 48 49 50 51 52 53 54 55 56 57 58 59 60 61 62 63 64 65 66 67 68 69 70 71 72 73 74 75 76
(1,*) 0 2 3 4 5 6 7 8 9 10 11 12 13 14 15 16 17 18 19 20 41 42 43 44 45 46 47 48 49 50 51 52 53 54 55 56 57 58 59 60 61 62 63 64 65 66 67 68 69 70 71 72 73 74 75 76
(2,*) 0 1 3 4 5 6 7 8 9 10 11 12 13 14 15 16 17 18 19 20 41 42 43 44 45 46 47 48 49 50 51 52 53 54 55 56 57 58 59 60 61 62 63 64 65 66 67 68 69 70 71 72 73 74 75 76
(3,*) 0 1 2 4 5 6 7 8 9 10 11 12 13 14 15 16 17 18 19 20 41 42 43 44 45 46 47 48 49 50 51 52 53 54 55 56 57 58 59 60 61 62 63 64 65 66 67 68 69 70 71 72 73 74 75 76
(4,*) 0 1 2 3 5 6 7 8 9 10 11 12 13 14 15 16 17 18 19 20 41 42 43 44 45 46 47 48 49 50 51 52 53 54 55 56 57 58 59 60 61 62 63 64 65 66 67 68 69 70 71 72 73 74 75 76
(5,*) 0 1 2 3 4 6 7 8 9 10 11 12 13 14 15 16 17 18 19 20 41 42 43 44 45 46 47 48 49 50 51 52 53 54 55 56 57 58 59 60 61 62 63 64 65 66 67 68 69 70 71 72 73 74 75 76
(6,*) 0 1 2 3 4 5 7 8 9 10 11 12 13 14 15 16 17 18 19 20 41 42 43 44 45 46 47 48 49 50 51 52 53 54 55 56 57 58 59 60 61 62 63 64 65 66 67 68 69 70 71 72 73 74 75 76
(7,*) 0 1 2 3 4 5 6 8 9 10 11 12 13 14 15 16 17 18 19 20 41 42 43 44 45 46 47 48 49 50 51 52 53 54 55 56 57 58 59 60 61 62 63 64 65 66 67 68 69 70 71 72 73 74 75 76
(8,*) 0 1 2 3 4 5 6 7 9 10 11 12 13 14 15 16 17 18 19 20 41 42 43 44 45 46 47 48 49 50 51 52 53 54 55 56 57 58 59 60 61 62 63 64 65 66 67 68 69 70 71 72 73 74 75 76
(9,*) 0 1 2 3 4 5 6 7 8 10 11 12 13 14 15 16 17 18 19 20 41 42 43 44 45 46 47 48 49 50 51 52 53 54 55 56 57 58 59 60 61 62 63 64 65 66 67 68 69 70 71 72 73 74 75 76
(10,*) 0 1 2 3 4 5 6 7 8 9 11 12 13 14 15 16 17 18 19 20 41 42 43 44 45 46 47 48 49 50 51 52 53 54 55 56 57 58 59 60 61 62 63 64 65 66 67 68 69 70 71 72 73 74 75 76
(11,*) 0 1 2 3 4 5 6 7 8 9 10 12 13 14 15 16 17 18 19 20 41 42 43 44 45 46 47 48 49 50 51 52 53 54 55 56 57 58 59 60 61 62 63 64 65 66 67 68 69 70 71 72 73 74 75 76
(12,*) 0 1 2 3 4 5 6 7 8 9 10 11 13 14 15 16 17 18 19 20 41 42 43 44 45 46 47 48 49 50 51 52 53 54 55 56 57 58 59 60 61 62 63 64 65 66 67 68 69 70 71 72 73 74 75 76
(13,*) 0 1 2 3 4 5 6 7 8 9 10 11 12 14 15 16 17 18 19 20 41 42 43 44 45 46 47 48 49 50 51 52 53 54 55 56 57 58 59 60 61 62 63 64 65 66 67 68 69 70 71 72 73 74 75 76
(14,*) 0 1 2 3 4 5 6 7 8 9 10 11 12 13 15 16 17 18 19 20 41 42 43 44 45 46 47 48 49 50 51 52 53 54 55 56 57 58 59 60 61 62 63 64 65 66 67 68 69 70 71 72 73 74 75 76
(15,*) 0 1 2 3 4 5 6 7 8 9 10 11 12 13 14 16 17 18 19 20 41 42 43 44 45 46 47 48 49 50 51 52 53 54 55 56 57 58 59 60 61 62 63 64 65 66 67 68 69 70 71 72 73 74 75 76
(16,*) 0 1 2 3 4 5 6 7 8 9 10 11 12 13 14 15 17 18 19 20 41 42 43 44 45 46 47 48 49 50 51 52 53 54 55 56 57 58 59 60 61 62 63 64 65 66 67 68 69 70 71 72 73 74 75 76
(17,*) 0 1 2 3 4 5 6 7 8 9 10 11 12 13 14 15 16 18 19 20 41 42 43 44 45 46 47 48 49 50 51 52 53 54 55 56 57 58 59 60 61 62 63 64 65 66 67 68 69 70 71 72 73 74 75 76
(18,*) 0 1 2 3 4 5 6 7 8 9 10 11 12 13 14 15 16 17 19 20 41 42 43 44 45 46 47 48 49 50 51 52 53 54 55 56 57 58 59 60 61 62 63 64 65 66 67 68 69 70 71 72 73 74 75 76
(19,*) 0 1 2 3 4 5 6 7 8 9 10 11 12 13 14 15 16 17 18 20 41 42 43 44 45 46 47 48 49 50 51 52 53 54 55 56 57 58 59 60 61 62 63 64 65 66 67 68 69 70 71 72 73 74 75 76
(20,*) 0 1 2 3 4 5 6 7 8 9 10 11 12 13 14 15 16 17 18 19 41 42 43 44 45 46 47 48 49 50 51 52 53 54 55 56 57 58 59 60 61 62 63 64 65 66 67 68 69 70 71 72 73 74 75 76
(41,*) 0 1 2 3 4 5 6 7 8 9 10 11 12 13 14 15 16 17 18 19 20 42 43 44 45 46 47 48 49 50 51 52 53 54 55 56 57 58 59 60 61 62 63 64 65 66 67 68 69 70 71 72 73 74 75 76
(42,*) 0 1 2 3 4 5 6 7 8 9 10 11 12 13 14 15 16 17 18 19 20 41 43 44 45 46 47 48 49 50 51 52 53 54 55 56 57 58 59 60 61 62 63 64 65 66 67 68 69 70 71 72 73 74 75 76
(43,*) 0 1 2 3 4 5 6 7 8 9 10 11 12 13 14 15 16 17 18 19 20 41 42 44 45 46 47 48 49 50 51 52 53 54 55 56 57 58 59 60 61 62 63 64 65 66 67 68 69 70 71 72 73 74 75 76
(44,*) 0 1 2 3 4 5 6 7 8 9 10 11 12 13 14 15 16 17 18 19 20 41 42 43 45 46 47 48 49 50 51 52 53 54 55 56 57 58 59 60 61 62 63 64 65 66 67 68 69 70 71 72 73 74 75 76
(45,*) 0 1 2 3 4 5 6 7 8 9 10 11 12 13 14 15 16 17 18 19 20 41 42 43 44 46 47 48 49 50 51 52 53 54 55 56 57 58 59 60 61 62 63 64 65 66 67 68 69 70 71 72 73 74 75 76
(46,*) 0 1 2 3 4 5 6 7 8 9 10 11 12 13 14 15 16 17 18 19 20 41 42 43 44 45 47 48 49 50 51 52 53 54 55 56 57 58 59 60 61 62 63 64 65 66 67 68 69 70 71 72 73 74 75 76
(47,*) 0 1 2 3 4 5 6 7 8 9 10 11 12 13 14 15 16 17 18 19 20 41 42 43 44 45 46 48 49 50 51 52 53 54 55 56 57 58 59 60 61 62 63 64 65 66 67 68 69 70 71 72 73 74 75 76
(48,*) 0 1 2 3 4 5 6 7 8 9 10 11 12 13 14 15 16 17 18 19 20 41 42 43 44 45 46 47 49 50 51 52 53 54 55 56 57 58 59 60 61 62 63 64 65 66 67 68 69 70 71 72 73 74 75 76
(49,*) 0 1 2 3 4 5 6 7 8 9 10 11 12 13 14 15 16 17 18 19 20 41 42 43 44 45 46 47 48 50 51 52 53 54 55 56 57 58 59 60 61 62 63 64 65 66 67 68 69 70 71 72 73 74 75 76
(50,*) 0 1 2 3 4 5 6 7 8 9 10 11 12 13 14 15 16 17 18 19 20 41 42 43 44 45 46 47 48 49 51 52 53 54 55 56 57 58 59 60 61 62 63 64 65 66 67 68 69 70 71 72 73 74 75 76
(51,*) 0 1 2 3 4 5 6 7 8 9 10 11 12 13 14 15 16 17 18 19 20 41 42 43 44 45 46 47 48 49 50 52 53 54 55 56 57 58 59 60 61 62 63 64 65 66 67 68 69 70 71 72 73 74 75 76
(52,*) 0 1 2 3 4 5 6 7 8 9 10 11 12 13 14 15 16 17 18 19 20 41 42 43 44 45 46 47 48 49 50 51 53 54 55 56 57 58 59 60 61 62 63 64 65 66 67 68 69 70 71 72 73 74 75 76
(53,*) 0 1 2 3 4 5 6 7 8 9 10 11 12 13 14 15 16 17 18 19 20 41 42 43 44 45 46 47 48 49 50 51 52 54 55 56 57 58 59 60 61 62 63 64 65 66 67 68 69 70 71 72 73 74 75 76
(54,*) 0 1 2 3 4 5 6 7 8 9 10 11 12 13 14 15 16 17 18 19 20 41 42 43 44 45 46 47 48 49 50 51 52 53 55 56 57 58 59 60 61 62 63 64 65 66 67 68 69 70 71 72 73 74 75 76
(55,*) 0 1 2 3 4 5 6 7 8 9 10 11 12 13 14 15 16 17 18 19 20 41 42 43 44 45 46 47 48 49 50 51 52 53 54 56 57 58 59 60 61 62 63 64 65 66 67 68 69 70 71 72 73 74 75 76
(56,*) 0 1 2 3 4 5 6 7 8 9 10 11 12 13 14 15 16 17 18 19 20 41 42 43 44 45 46 47 48 49 50 51 52 53 54 55 57 58 59 60 61 62 63 64 65 66 67 68 69 70 71 72 73 74 75 76
(57,*) 0 1 2 3 4 5 6 7 8 9 10 11 12 13 14 15 16 17 18 19 20 41 42 43 44 45 46 47 48 49 50 51 52 53 54 55 56 58 59 60 61 62 63 64 65 66 67 68 69 70 71 72 73 74 75 76
(58,*) 0 1 2 3 4 5 6 7 8 9 10 11 12 13 14 15 16 17 18 19 20 41 42 43 44 45 46 47 48 49 50 51 52 53 54 55 56 57 59 60 61 62 63 64 65 66 67 68 69 70 71 72 73 74 75 76
(59,*) 0 1 2 3 4 5 6 7 8 9 10 11 12 13 14 15 16 17 18 19 20 41 42 43 44 45 46 47 48 49 50 51 52 53 54 55 56 57 58 60 61 62 63 64 65 66 67 68 69 70 71 72 73 74 75 76
(60,*) 0 1 2 3 4 5 6 7 8 9 10 11 12 13 14 15 16 17 18 19 20 41 42 43 44 45 46 47 48 49 50 51 52 53 54 55 56 57 58 59 61 62 63 64 65 66 67 68 69 70 71 72 73 74 75 76
(61,*) 0 1 2 3 4 5 6 7 8 9 10 11 12 13 14 15 16 17 18 19 20 41 42 43 44 45 46 47 48 49 50 51 52 53 54 55 56 57 58 59 60 62 63 64 65 66 67 68 69 70 71 72 73 74 75 76
(62,*) 0 1 2 3 4 5 6 7 8 9 10 11 12 13 14 15 16 17 18 19 20 41 42 43 44 45 46 47 48 49 50 51 52 53 54 55 56 57 58 59 60 61 63 64 65 66 67 68 69 70 71 72 73 74 75 76
(63,*) 0 1 2 3 4 5 6 7 8 9 10 11 12 13 14 15 16 17 18 19 20 41 42 43 44 45 46 47 48 49 50 51 52 53 54 55 56 57 58 59 60 61 62 64 65 66 67 68 69 70 71 72 73 74 75 76
(64,*) 0 1 2 3 4 5 6 7 8 9 10 11 12 13 14 15 16 17 18 19 20 41 42 43 44 45 46 47 48 49 50 51 52 53 54 55 56 57 58 59 60 61 62 63 65 66 67 68 69 70 71 72 73 74 75 76
(65,*) 0 1 2 3 4 5 6 7 8 9 10 11 12 13 14 15 16 17 18 19 20 41 42 43 44 45 46 47 48 49 50 51 52 53 54 55 56 57 58 59 60 61 62 63 64 66 67 68 69 70 71 72 73 74 75 76
(66,*) 0 1 2 3 4 5 6 7 8 9 10 11 12 13 14 15 16 17 18 19 20 41 42 43 44 45 46 47 48 49 50 51 52 53 54 55 56 57 58 59 60 61 62 63 64 65 67 68 69 70 71 72 73 74 75 76
(67,*) 0 1 2 3 4 5 6 7 8 9 10 11 12 13 14 15 16 17 18 19 20 41 42 43 44 45 46 47 48 49 50 51 52 53 54 55 56 57 58 59 60 61 62 63 64 65 66 68 69 70 71 72 73 74 75 76
(68,*) 0 1 2 3 4 5 6 7 8 9 10 11 12 13 14 15 16 17 18 19 20 41 42 43 44 45 46 47 48 49 50 51 52 53 54 55 56 57 58 59 60 61 62 63 64 65 66 67 69 70 71 72 73 74 75 76
(69,*) 0 1 2 3 4 5 6 7 8 9 10 11 12 13 14 15 16 17 18 19 20 41 42 43 44 45 46 47 48 49 50 51 52 53 54 55 56 57 58 59 60 61 62 63 64 65 66 67 68 70 71 72 73 74 75 76
(70,*) 0 1 2 3 4 5 6 7 8 9 10 11 12 13 14 15 16 17 18 19 20 41 42 43 44 45 46 47 48 49 50 51 52 53 54 55 56 57 58 59 60 61 62 63 64 65 66 67 68 69 71 72 73 74 75 76
(71,*) 0 1 2 3 4 5 6 7 8 9 10 11 12 13 14 15 16 17 18 19 20 41 42 43 44 45 46 47 48 49 50 51 52 53 54 55 56 57 58 59 60 61 62 63 64 65 66 67 68 69 70 72 73 74 75 76
(72,*) 0 1 2 3 4 5 6 7 8 9 10 11 12 13 14 15 16 17 18 19 20 41 42 43 44 45 46 47 48 49 50 51 52 53 54 55 56 57 58 59 60 61 62 63 64 65 66 67 68 69 70 71 73 74 75 76
(73,*) 0 1 2 3 4 5 6 7 8 9 10 11 12 13 14 15 16 17 18 19 20 41 42 43 44 45 46 47 48 49 50 51 52 53 54 55 56 57 58 59 60 61 62 63 64 65 66 67 68 69 70 71 72 74 75 76
(74,*) 0 1 2 3 4 5 6 7 8 9 10 11 12 13 14 15 16 17 18 19 20 41 42 43 44 45 46 47 48 49 50 51 52 53 54 55 56 57 58 59 60 61 62 63 64 65 66 67 68 69 70 71 72 73 75 76
(75,*) 0 1 2 3 4 5 6 7 8 9 10 11 12 13 14 15 16 17 18 19 20 41 42 43 44 45 46 47 48 49 50 51 52 53 54 55 56 57 58 59 60 61 62 63 64 65 66 67 68 69 70 71 72 73 74 76
(76,*) 0 1 2 3 4 5 6 7 8 9 10 11 12 13 14 15 16 17 18 19 20 41 42 43 44 45 46 47 48 49 50 51 52 53 54 55 56 57 58 59 60 61 62 63 64 65 66 67 68 69 70 71 72 73 74 75
;
set A2:=
(61,*) 62
(62,*) 61
(63,*) 64
(64,*) 63
(65,*) 66
(66,*) 65
;
param BigM:=99999;
param n:= 9;
param d:=
1	24
2	11
3	8
4	14
5	16
6	9
7	18
8	19
9	18
10	8
11	12
12	72
13	2
14	5
15	14
16	16
17	13
18	23
19	18
20	6
21	12
22	22
23	20
24	4
25	18
26	14
27	10
28	22
29	19
30	9
31	18
32	2
33	15
34	18
35	11
36	19
37	10
38	22
39	12
40	15
41	23
42	17
43	6
44	3
45	24
46	7
47	12
48	16
49	19
50	11
51	4
52	12
53	19
54	3
55	12
56	20
57	7
58	16
59	27
60	9
;
param Q:=100;
param w:=
[61,*] 62 0.5
[62,*] 61 0.5
[63,*] 64 0.5
[64,*] 63 0.5
[65,*] 66 0.5
[66,*] 65 0.5
;
param V:=
[61,*] 62 84
[62,*] 61 84
[63,*] 64 79
[64,*] 63 79
[65,*] 66 99
[66,*] 65 99
;
param e:
	61	62	63	64	65	66	67	68	69	70	71	72	73	74	75:=
21		0		0		0		0		0		0		0		0		0		0		0		1		0		0		0	
22		0		0		0		1		0		0		0		1		0		0		0		0		0		0		0	
23		0		0		0		0		0		0		1		0		0		0		0		0		0		0		0	
24		0		0		1		0		0		1		0		0		0		0		0		0		0		0		0	
25		0		0		0		0		0		0		0		0		1		0		0		1		0		1		0	
26		0		0		0		0		0		0		0		1		0		0		0		0		0		1		0	
27		1		0		0		0		0		0		0		0		0		0		0		0		0		0		0	
28		0		0		0		0		0		0		1		0		0		0		0		0		0		0		0	
29		0		0		0		0		0		0		0		0		0		0		0		0		0		1		0	
30		0		0		0		0		0		0		0		1		0		0		0		0		0		0		0	
31		0		0		0		0		0		1		0		0		1		0		0		0		0		0		0	
32		1		0		0		0		0		0		0		0		0		1		0		0		0		0		0	
33		0		1		0		0		0		0		0		0		0		0		0		0		0		0		0	
34		0		0		0		1		0		0		0		0		0		0		0		0		0		0		0	
35		0		1		0		0		0		0		0		0		0		0		0		0		0		0		0	
36		0		1		0		0		0		0		0		0		0		0		0		0		0		0		0	
37		1		0		0		0		1		0		0		0		0		1		0		0		0		0		0	
38		0		0		0		1		0		0		0		0		0		0		0		0		0		0		0	
39		0		0		1		0		0		1		0		0		0		0		0		0		0		0		0	
40		0		0		0		0		0		0		1		0		0		0		1		0		0		0		0	
41		0		0		0		0		0		0		0		0		0		0		1		0		0		0		0	
42		0		0		0		1		0		0		0		1		0		0		0		0		0		1		0	
43		0		0		0		0		0		1		0		0		1		0		0		0		0		0		0	
44		0		0		0		0		0		0		0		1		0		0		0		1		0		1		0	
45		0		0		0		0		0		0		1		0		1		0		0		0		1		0		1	
46		0		0		0		0		0		0		0		1		0		0		0		1		0		1		0	
47		0		0		0		0		0		0		0		0		0		0		1		0		0		0		0	
48		0		0		0		0		0		0		0		0		0		0		0		0		0		1		0	
49		0		0		0		0		0		1		0		0		1		0		0		0		0		0		0	
50		0		0		0		1		0		0		0		1		0		0		0		0		0		0		0	
51		0		1		0		0		0		0		0		0		1		0		0		0		0		0		0	
52		0		0		0		0		0		0		1		0		0		1		1		0		0		0		0	
53		0		1		0		0		0		0		0		0		1		0		0		0		1		0		0	
54		0		0		0		0		0		0		0		1		0		0		0		0		0		0		0	
55		1		0		0		0		1		0		0		0		0		1		0		0		0		0		0	
56		0		0		0		0		0		0		0		1		0		0		0		1		0		1		0	
57		0		0		0		0		0		1		0		0		1		0		0		0		1		0		1	
58		0		0		1		0		0		1		0		0		0		0		0		0		0		0		0	
59		0		0		0		0		0		0		0		0		0		1		0		1		0		1		0	
60		0		0		0		0		0		0		0		1		0		0		0		0		0		1		0	
;
param p:=
1	1
2	1
3	1
4	1
5	1
6	1
7	1
8	1
9	1
;
param G:=
61	84
62	70
63	73
64	79
65	99
66	86
67	78
68	92
69	79
70	98
71	75
72	88
73	91
74	77
75	89
;
param s:=
0	0
1	10
2	10
3	10
4	10
5	10
6	10
7	10
8	10
9	10
10	10
11	10
12	10
13	10
14	10
15	10
16	10
17	10
18	10
19	10
20	10
41	10
42	10
43	10
44	10
45	10
46	10
47	10
48	10
49	10
50	10
51	10
52	10
53	10
54	10
55	10
56	10
57	10
58	10
59	10
60	10
61	10
62	10
63	10
64	10
65	10
66	10
67	10
68	10
69	10
70	10
71	10
72	10
73	10
74	10
75	10
;
param t:
	0	1	2	3	4	5	6	7	8	9	10	11	12	13	14	15	16	17	18	19	20	21	22	23	24	25	26	27	28	29	30	31	32	33	34	35	36	37	38	39	40	41	42	43	44	45	46	47	48	49	50	51	52	53	54	55	56	57	58	59	60	61	62	63	64	65	66	67	68	69	70	71	72	73	74	75	76:=
0	0.0	50.99	10.0	24.74	14.42	40.0	44.94	26.08	42.19	36.06	37.95	56.32	42.76	10.2	36.77	49.52	27.2	10.77	50.99	12.81	48.17	38.47	61.22	8.25	22.36	17.09	48.41	63.15	14.0	29.73	38.83	36.06	51.42	43.86	63.56	34.0	61.19	38.47	71.22	31.3	30.27	37.74	54.92	32.98	48.17	14.0	41.76	32.56	36.06	28.07	59.09	28.64	30.0	31.3	72.11	36.06	43.86	14.56	38.63	29.73	49.48	51.16	42.19	40.61	64.2	53.45	25.5	5.83	52.35	19.24	32.14	40.25	35.47	6.71	39.2	1.0	0.0
1	50.99	0.0	51.11	72.8	65.05	62.03	54.59	71.55	38.21	82.29	50.04	33.29	26.31	57.69	14.42	4.47	69.08	48.37	0.0	53.25	36.77	28.0	10.77	46.86	72.8	35.61	8.94	38.21	41.62	26.0	16.12	72.8	30.53	66.48	26.83	50.64	31.11	56.0	20.59	81.61	74.32	71.39	8.94	72.5	6.32	41.62	22.09	75.39	32.06	73.78	24.41	47.54	56.89	66.48	22.8	40.05	16.12	63.78	88.2	28.64	24.17	45.31	56.04	91.55	17.03	56.61	75.17	53.01	2.0	58.67	35.06	75.71	16.55	53.15	12.21	50.33	50.99
2	10.0	51.11	0.0	32.0	20.1	30.0	35.44	20.88	49.48	31.62	28.64	62.03	48.0	7.21	36.72	48.83	20.0	2.83	51.11	22.8	41.23	44.05	61.77	17.2	22.8	22.09	46.86	56.92	21.54	34.06	36.88	45.69	45.69	53.81	59.36	43.27	66.12	28.64	71.69	31.11	24.33	28.64	56.46	42.38	47.2	21.54	46.17	26.08	42.43	36.22	54.92	37.74	20.0	41.18	73.35	28.28	47.07	22.09	37.2	25.61	54.15	43.05	51.61	42.01	62.24	44.15	31.4	5.1	52.15	29.15	25.63	31.62	34.67	16.64	40.31	9.22	10.0
3	24.74	72.8	32.0	0.0	12.17	58.82	66.75	32.8	52.0	37.2	60.3	68.88	57.69	26.31	59.36	72.11	37.74	34.06	72.8	19.8	72.69	53.25	82.22	26.08	19.8	37.2	71.69	87.86	31.24	48.08	62.61	20.59	76.16	36.88	88.02	36.88	75.18	59.23	92.02	24.17	36.88	51.11	74.97	16.12	71.02	31.24	58.41	39.7	49.4	5.66	83.57	34.18	49.48	20.4	91.93	60.13	62.29	10.2	31.62	54.41	64.9	75.03	42.05	26.02	87.46	75.66	5.1	27.02	74.4	16.55	56.72	51.61	58.67	20.12	60.61	25.71	24.74
4	14.42	65.05	20.1	12.17	0.0	46.82	54.59	22.8	50.64	29.73	48.17	66.48	53.85	14.14	50.99	63.78	26.91	22.36	65.05	16.12	61.19	49.4	75.07	18.87	12.17	30.0	62.8	76.66	25.06	42.19	53.25	29.73	65.15	42.94	77.82	38.21	72.11	47.07	85.04	20.1	27.2	40.0	68.41	25.61	62.48	25.06	53.67	30.0	46.17	17.09	73.35	34.0	37.36	27.2	85.6	48.37	56.6	4.47	28.07	43.86	60.93	63.13	45.12	27.29	78.6	63.51	11.4	15.3	66.48	17.72	45.35	41.04	49.82	12.53	53.08	15.26	14.42
5	40.0	62.03	30.0	58.82	46.82	0.0	12.81	30.07	75.18	36.06	12.65	84.12	70.23	33.11	50.36	58.14	24.08	29.73	62.03	52.8	32.25	67.23	72.25	46.69	42.19	47.71	54.33	46.86	49.68	56.46	46.0	75.18	40.25	83.74	56.36	72.25	86.35	6.32	80.89	46.17	28.64	14.42	70.03	71.55	56.14	49.68	67.05	27.2	67.08	63.91	52.8	66.6	10.0	71.02	84.38	22.36	65.51	50.16	47.54	34.23	74.73	27.59	80.72	57.56	65.8	20.62	56.52	34.67	62.13	59.08	27.0	18.44	47.27	46.62	55.58	39.2	40.0
6	44.94	54.59	35.44	66.75	54.59	12.81	0.0	41.23	74.03	48.33	7.21	80.5	67.23	40.45	44.94	50.36	35.44	34.18	54.59	57.27	20.88	64.9	64.12	50.12	52.15	48.17	46.17	34.41	51.61	54.41	39.29	80.99	29.12	87.13	44.94	74.03	81.71	8.25	72.03	57.27	40.5	27.2	63.15	77.79	48.37	51.61	63.53	39.4	65.6	71.39	41.76	68.41	18.11	76.16	76.03	15.23	60.93	57.27	59.46	29.53	70.68	15.0	82.46	68.88	55.73	9.0	65.19	40.52	54.33	64.08	21.47	31.24	41.79	51.62	50.33	44.01	44.94
7	26.08	71.55	20.88	32.8	22.8	30.07	41.23	0.0	68.26	10.77	36.77	82.1	68.26	16.0	57.27	68.96	6.0	23.41	71.55	36.06	54.92	64.12	82.29	34.23	13.42	42.19	66.57	71.02	40.05	54.59	56.6	52.35	61.22	65.51	76.42	58.82	86.58	32.98	92.13	16.12	4.47	18.97	77.25	48.08	67.23	40.05	66.75	7.21	62.0	38.42	72.14	53.85	23.41	50.0	94.02	41.62	67.91	27.2	18.87	44.41	74.67	53.71	66.48	27.66	81.4	50.01	29.15	21.02	72.47	39.82	41.73	18.87	55.01	30.08	61.1	26.02	26.08
8	42.19	38.21	49.48	52.0	50.64	75.18	74.03	68.26	0.0	78.03	67.2	17.2	12.0	52.35	34.0	40.79	69.05	48.08	38.21	34.53	64.4	10.77	42.43	34.06	62.29	27.86	43.68	72.5	28.28	19.8	41.18	42.43	61.77	30.46	64.03	16.97	24.08	71.02	50.0	70.71	72.44	77.79	34.23	44.05	41.23	28.28	16.12	74.67	8.49	50.12	60.73	17.89	66.21	36.88	47.54	59.46	22.09	47.07	78.64	45.25	17.09	71.7	18.97	76.92	55.08	79.93	56.3	47.52	40.2	35.47	53.08	81.04	36.36	39.05	30.08	42.3	42.19
9	36.06	82.29	31.62	37.2	29.73	36.06	48.33	10.77	78.03	0.0	44.94	92.35	78.64	26.31	68.03	79.65	14.14	34.18	82.29	44.72	64.03	74.43	93.04	44.0	17.89	52.61	77.18	80.0	50.04	65.12	67.23	57.69	70.77	72.5	86.28	67.47	97.02	40.25	102.86	14.42	8.49	22.36	88.02	53.25	77.9	50.04	77.28	8.94	72.11	42.8	82.07	62.8	31.62	56.36	104.79	50.99	78.59	34.18	12.0	54.92	85.16	61.91	74.73	23.35	91.84	56.65	32.65	31.4	83.19	47.43	51.74	20.0	65.74	39.2	71.87	36.12	36.06
10	37.95	50.04	28.64	60.3	48.17	12.65	7.21	36.77	67.2	44.94	0.0	74.32	60.83	34.06	39.29	46.0	31.3	27.2	50.04	50.16	20.0	58.31	60.03	42.94	46.69	41.04	42.05	35.38	44.41	47.71	34.23	74.0	27.78	79.92	43.91	66.84	75.89	6.32	68.47	52.5	36.72	25.61	58.31	70.88	44.0	44.41	57.27	36.06	58.82	64.78	40.25	61.22	13.42	69.08	72.11	10.0	55.03	50.64	55.46	23.41	64.62	17.0	75.29	64.2	53.16	15.52	59.01	33.73	50.0	57.01	15.52	30.0	36.14	44.6	44.64	37.0	37.95
11	56.32	33.29	62.03	68.88	66.48	84.12	80.5	82.1	17.2	92.35	74.32	0.0	14.14	66.12	36.06	37.2	82.02	60.13	33.29	50.6	66.84	18.0	32.98	48.66	77.67	40.0	41.23	71.22	42.43	28.28	42.8	59.46	62.23	46.04	60.03	34.06	7.21	79.12	38.0	86.35	86.02	89.11	26.0	61.22	38.42	42.43	17.09	88.0	20.4	67.23	57.69	34.99	76.16	54.04	34.23	65.3	20.0	63.25	94.15	50.99	10.0	75.0	34.41	93.3	48.1	84.91	73.01	61.07	34.99	52.33	59.03	92.78	39.12	54.34	30.81	56.22	56.32
12	42.76	26.31	48.0	57.69	53.85	70.23	67.23	68.26	12.0	78.64	60.83	14.14	0.0	52.35	24.08	29.12	68.0	46.04	26.31	38.47	55.17	4.47	30.59	35.44	64.56	26.08	32.31	61.77	29.12	14.14	31.24	51.61	51.61	41.76	52.5	26.83	18.44	65.39	38.63	73.38	72.11	74.97	22.36	52.5	29.73	29.12	4.47	74.03	8.49	56.85	49.4	25.61	62.1	45.61	36.72	52.15	10.2	50.99	81.04	37.74	7.21	62.97	30.59	81.02	43.1	72.2	61.4	47.27	28.28	41.4	45.79	78.64	26.87	41.44	19.42	42.58	42.76
13	10.2	57.69	7.21	26.31	14.14	33.11	40.45	16.0	52.35	26.31	34.06	66.12	52.35	0.0	43.27	55.61	17.09	10.0	57.69	21.63	48.08	48.17	68.26	18.44	15.62	26.31	53.81	63.91	24.08	38.83	43.86	42.19	52.8	52.5	66.57	43.86	70.71	32.98	78.23	24.08	20.1	28.43	62.61	38.47	54.04	24.08	50.99	22.36	46.0	31.05	62.13	38.63	23.41	38.42	79.65	34.93	52.5	17.09	30.53	32.8	58.86	49.37	51.88	34.83	69.3	49.37	25.02	5.1	58.82	26.87	32.7	30.53	41.4	15.26	46.53	10.05	10.2
14	36.77	14.42	36.72	59.36	50.99	50.36	44.94	57.27	34.0	68.03	39.29	36.06	24.08	43.27	0.0	12.81	55.03	34.0	14.42	40.25	31.11	23.32	25.06	33.29	58.41	22.36	12.65	38.63	28.64	16.12	7.21	61.61	27.78	58.14	32.0	42.19	36.77	44.72	34.99	67.2	60.17	58.31	20.4	60.73	11.66	28.64	19.8	61.35	26.0	60.83	28.07	38.0	44.05	55.32	36.77	29.73	16.12	50.0	73.78	16.12	26.08	39.05	49.03	77.23	28.18	48.88	61.4	38.6	15.62	46.24	23.77	62.51	3.16	39.41	5.39	36.07	36.77
15	49.52	4.47	48.83	72.11	63.78	58.14	50.36	68.96	40.79	79.65	46.0	37.2	29.12	55.61	12.81	0.0	66.21	46.04	4.47	52.84	32.31	30.27	14.14	46.04	70.94	34.99	4.47	34.06	41.18	26.68	12.65	73.38	26.08	68.12	23.41	52.15	35.38	52.04	23.41	79.65	71.55	67.91	13.42	72.8	2.0	41.18	24.74	72.5	34.06	73.43	20.59	48.66	53.37	67.05	26.31	36.0	18.97	62.8	86.02	25.3	27.78	40.85	58.03	89.87	15.81	52.2	74.2	51.09	4.0	58.6	31.26	72.28	14.21	52.2	12.37	48.8	49.52
16	27.2	69.08	20.0	37.74	26.91	24.08	35.44	6.0	69.05	14.14	31.3	82.02	68.0	17.09	55.03	66.21	0.0	22.09	69.08	38.47	50.0	64.03	79.85	35.44	18.97	42.05	63.53	66.03	40.79	54.04	53.67	56.64	56.64	68.82	72.14	60.93	86.09	27.2	89.55	22.09	5.66	13.42	75.29	52.5	64.4	40.79	66.12	6.32	62.29	43.27	67.94	55.71	17.89	53.81	91.76	36.88	66.75	31.11	24.17	41.18	74.11	48.3	68.88	33.54	77.94	44.15	34.44	21.59	69.86	43.01	37.64	14.14	52.55	32.2	59.2	26.93	27.2
17	10.77	48.37	2.83	34.06	22.36	29.73	34.18	23.41	48.08	34.18	27.2	60.13	46.04	10.0	34.0	46.04	22.09	0.0	48.37	23.32	38.83	42.19	59.06	16.97	25.61	20.4	44.05	54.41	20.59	32.0	34.06	46.82	43.08	54.04	56.6	42.8	64.03	27.78	68.96	33.94	26.68	29.73	53.85	43.68	44.41	20.59	44.05	28.28	40.79	38.05	52.15	37.2	19.8	42.05	70.68	26.08	44.72	24.0	40.0	22.8	52.04	41.0	51.22	44.82	59.41	42.72	33.73	7.07	49.4	29.97	23.09	32.98	31.91	17.46	37.7	9.85	10.77
18	50.99	0.0	51.11	72.8	65.05	62.03	54.59	71.55	38.21	82.29	50.04	33.29	26.31	57.69	14.42	4.47	69.08	48.37	0.0	53.25	36.77	28.0	10.77	46.86	72.8	35.61	8.94	38.21	41.62	26.0	16.12	72.8	30.53	66.48	26.83	50.64	31.11	56.0	20.59	81.61	74.32	71.39	8.94	72.5	6.32	41.62	22.09	75.39	32.06	73.78	24.41	47.54	56.89	66.48	22.8	40.05	16.12	63.78	88.2	28.64	24.17	45.31	56.04	91.55	17.03	56.61	75.17	53.01	2.0	58.67	35.06	75.71	16.55	53.15	12.21	50.33	50.99
19	12.81	53.25	22.8	19.8	16.12	52.8	57.27	36.06	34.53	44.72	50.16	50.6	38.47	21.63	40.25	52.84	38.47	23.32	53.25	0.0	58.14	34.0	62.48	8.0	28.0	17.89	52.8	72.11	11.66	28.28	44.27	24.33	60.13	31.11	70.34	22.8	56.46	51.11	72.25	36.22	40.5	50.0	55.17	22.0	51.88	11.66	38.83	43.08	30.46	20.59	65.97	18.11	42.8	18.97	72.14	47.07	42.52	12.65	44.18	38.05	45.65	62.17	30.46	42.72	68.43	65.55	23.02	18.38	54.92	7.07	42.3	52.15	39.92	6.4	41.05	13.6	12.81
20	48.17	36.77	41.23	72.69	61.19	32.25	20.88	54.92	64.4	64.03	20.0	66.84	55.17	48.08	31.11	32.31	50.0	38.83	36.77	58.14	0.0	54.04	45.12	50.16	62.77	43.68	27.86	16.12	49.03	44.94	24.08	82.39	8.25	84.12	24.17	69.08	66.57	26.08	52.15	69.77	55.61	45.61	45.69	80.1	30.46	49.03	50.91	55.32	56.04	76.24	20.88	63.91	32.56	76.66	56.57	13.42	46.86	62.51	73.78	20.88	56.85	8.54	76.97	81.39	35.13	20.22	72.57	45.89	36.06	65.19	16.03	50.0	28.32	54.01	36.12	47.17	48.17
21	38.47	28.0	44.05	53.25	49.4	67.23	64.9	64.12	10.77	74.43	58.31	18.0	4.47	48.17	23.32	30.27	64.03	42.19	28.0	34.0	54.04	0.0	33.53	31.05	60.17	22.0	32.98	61.74	24.74	10.77	30.53	47.71	51.11	38.83	53.37	23.41	22.8	62.61	42.05	68.96	68.03	71.39	25.3	48.41	30.59	24.74	6.32	70.0	4.47	52.5	50.0	21.63	58.82	41.62	40.5	50.0	12.17	46.52	76.66	35.61	11.66	61.55	28.07	76.56	45.01	70.29	56.94	43.1	30.0	37.01	43.6	74.97	25.81	37.0	19.31	38.33	38.47
22	61.22	10.77	61.77	82.22	75.07	72.25	64.12	82.29	42.43	93.04	60.03	32.98	30.59	68.26	25.06	14.14	79.85	59.06	10.77	62.48	45.12	33.53	0.0	56.57	83.23	45.25	18.0	43.27	50.99	34.41	26.68	80.5	37.95	72.28	29.73	56.92	28.64	66.12	10.0	92.09	85.09	82.0	8.25	80.62	16.12	50.99	27.2	86.16	37.95	82.8	28.84	54.63	67.47	74.24	12.17	50.04	21.54	73.54	98.79	39.29	26.0	53.6	61.19	101.83	15.81	65.31	84.86	63.51	10.2	67.42	45.4	86.35	27.31	62.94	22.02	60.61	61.22
23	8.25	46.86	17.2	26.08	18.87	46.69	50.12	34.23	34.06	44.0	42.94	48.66	35.44	18.44	33.29	46.04	35.44	16.97	46.86	8.0	50.16	31.05	56.57	0.0	29.12	11.31	45.65	64.12	6.32	23.32	36.77	32.25	52.15	37.2	62.64	26.08	53.85	44.41	66.48	37.95	38.47	45.65	49.68	30.0	44.94	6.32	34.93	40.79	28.28	27.86	58.24	20.59	36.77	26.68	66.84	39.29	37.74	16.97	45.61	30.07	42.38	54.34	34.41	46.14	61.4	58.18	28.32	13.93	48.41	15.03	34.37	48.33	32.65	6.4	34.71	8.54	8.25
24	22.36	72.8	22.8	19.8	12.17	42.19	52.15	13.42	62.29	17.89	46.69	77.67	64.56	15.62	58.41	70.94	18.97	25.61	72.8	28.0	62.77	60.17	83.23	29.12	0.0	39.4	69.31	78.79	35.44	52.0	59.4	40.0	68.0	54.63	82.1	50.36	82.97	44.05	93.23	8.94	17.2	32.31	77.18	35.61	69.43	35.44	63.91	20.0	57.27	25.46	77.67	46.04	34.06	38.47	94.34	49.4	66.21	16.49	16.49	48.41	71.47	63.06	57.27	19.21	84.86	61.13	15.81	19.85	74.03	29.83	47.89	32.25	56.73	23.35	61.29	22.83	22.36
25	17.09	35.61	22.09	37.2	30.0	47.71	48.17	42.19	27.86	52.61	41.04	40.0	26.08	26.31	22.36	34.99	42.05	20.4	35.61	17.89	43.68	22.0	45.25	11.31	39.4	0.0	34.93	56.14	6.32	12.65	26.68	40.2	44.18	40.5	52.95	26.08	44.41	44.05	55.17	48.33	46.04	50.0	38.42	38.83	34.0	6.32	24.74	48.0	20.4	38.47	48.66	20.59	38.47	34.06	55.61	34.99	26.83	28.28	55.71	22.8	32.56	49.24	34.41	57.14	50.54	55.22	39.62	21.21	37.2	24.04	29.07	53.37	22.14	17.69	23.43	16.76	17.09
26	48.41	8.94	46.86	71.69	62.8	54.33	46.17	66.57	43.68	77.18	42.05	41.23	32.31	53.81	12.65	4.47	63.53	44.05	8.94	52.8	27.86	32.98	18.0	45.65	69.31	34.93	0.0	30.0	41.23	28.07	10.0	74.22	21.63	70.0	20.4	54.0	39.7	48.17	26.68	77.9	68.96	64.56	17.89	73.38	2.83	41.23	27.86	69.77	36.5	73.35	17.09	50.16	50.0	67.91	30.07	32.06	22.36	62.13	84.02	22.36	31.62	36.4	60.3	88.39	15.81	47.8	73.5	49.5	8.25	58.87	27.66	68.96	13.04	51.62	14.04	47.63	48.41
27	63.15	38.21	56.92	87.86	76.66	46.86	34.41	71.02	72.5	80.0	35.38	71.22	61.77	63.91	38.63	34.06	66.03	54.41	38.21	72.11	16.12	61.74	43.27	64.12	78.79	56.14	30.0	0.0	62.03	54.41	31.62	96.0	12.0	95.71	14.56	80.05	69.31	41.04	47.54	85.88	71.61	60.83	46.69	94.09	32.8	62.03	57.31	71.22	64.62	91.08	14.42	75.31	48.41	90.02	52.8	29.53	52.15	77.67	89.89	34.06	61.61	19.42	87.36	97.49	29.15	30.08	88.06	61.4	36.77	79.06	31.32	65.12	36.69	68.59	42.49	62.17	63.15
28	14.0	41.62	21.54	31.24	25.06	49.68	51.61	40.05	28.28	50.04	44.41	42.43	29.12	24.08	28.64	41.18	40.79	20.59	41.62	11.66	49.03	24.74	50.99	6.32	35.44	6.32	41.23	62.03	0.0	17.2	32.98	34.06	50.04	35.78	59.23	22.63	47.54	46.69	60.83	44.27	44.18	50.16	43.86	32.56	40.25	0.0	28.64	46.39	22.09	32.25	54.92	16.97	40.0	28.0	60.96	39.4	31.62	22.8	51.92	28.28	36.06	54.08	31.11	52.35	56.8	59.17	33.97	19.24	43.27	17.72	33.84	53.14	28.46	12.53	29.41	14.04	14.0
29	29.73	26.0	34.06	48.08	42.19	56.46	54.41	54.59	19.8	65.12	47.71	28.28	14.14	38.83	16.12	26.68	54.04	32.0	26.0	28.28	44.94	10.77	34.41	23.32	52.0	12.65	28.07	54.41	17.2	0.0	22.8	46.82	43.08	42.05	48.04	26.08	32.06	51.88	44.05	60.93	58.31	60.83	26.91	46.52	26.31	17.2	12.17	60.13	11.31	48.41	44.18	22.09	48.08	40.5	43.86	39.7	14.42	40.0	68.35	25.46	20.1	52.01	32.98	69.46	42.45	60.14	51.09	33.73	27.86	33.02	33.3	64.5	17.72	29.68	14.32	29.41	29.73
30	38.83	16.12	36.88	62.61	53.25	46.0	39.29	56.6	41.18	67.23	34.23	42.8	31.24	43.86	7.21	12.65	53.67	34.06	16.12	44.27	24.08	30.53	26.68	36.77	59.4	26.68	10.0	31.62	32.98	22.8	0.0	66.75	20.59	64.5	26.31	48.66	42.94	40.05	36.06	67.94	59.06	55.32	24.08	65.51	10.77	32.98	26.91	59.93	33.11	64.62	22.09	44.18	40.79	60.53	38.83	24.33	22.8	52.84	74.03	12.65	32.8	32.2	55.79	78.52	25.5	42.49	64.14	39.62	16.49	50.7	19.0	59.67	5.1	42.49	12.04	38.01	38.83
31	36.06	72.8	45.69	20.59	29.73	75.18	80.99	52.35	42.43	57.69	74.0	59.46	51.61	42.19	61.61	73.38	56.64	46.82	72.8	24.33	82.39	47.71	80.5	32.25	40.0	40.2	74.22	96.0	34.06	46.82	66.75	0.0	84.0	18.11	93.06	25.46	66.48	74.32	89.55	44.72	56.64	69.66	72.47	4.47	72.8	34.06	53.85	59.46	43.27	15.23	88.81	26.08	65.3	6.32	88.2	71.39	59.06	25.61	52.0	62.03	58.41	86.49	26.83	44.91	89.19	89.49	25.5	40.72	74.67	17.26	66.61	70.77	61.98	29.41	61.03	37.0	36.06
32	51.42	30.53	45.69	76.16	65.15	40.25	29.12	61.22	61.77	70.77	27.78	62.23	51.61	52.8	27.78	26.08	56.64	43.08	30.53	60.13	8.25	51.11	37.95	52.15	68.0	44.18	21.63	12.0	50.04	43.08	20.59	84.0	0.0	83.95	16.12	68.41	61.22	34.0	44.41	75.47	62.29	53.25	39.45	82.1	24.41	50.04	47.2	62.23	53.67	79.25	12.65	63.56	39.7	78.03	49.03	19.8	42.52	65.97	80.0	22.09	52.35	16.03	75.89	86.95	27.02	28.02	76.54	49.98	29.53	67.07	20.12	57.69	25.5	56.72	32.2	50.45	51.42
33	43.86	66.48	53.81	36.88	42.94	83.74	87.13	65.51	30.46	72.5	79.92	46.04	41.76	52.5	58.14	68.12	68.82	54.04	66.48	31.11	84.12	38.83	72.28	37.2	54.63	40.5	70.0	95.71	35.78	42.05	64.5	18.11	83.95	0.0	90.09	16.0	53.25	81.61	80.32	60.73	69.97	80.92	64.03	22.0	68.03	35.78	45.12	72.72	34.53	32.25	86.21	20.4	73.76	16.49	78.0	75.15	50.99	38.47	68.41	63.25	47.54	89.69	11.66	62.39	83.49	94.89	41.98	49.5	68.47	25.81	69.46	82.8	59.41	37.48	56.01	44.6	43.86
34	63.56	26.83	59.36	88.02	77.82	56.36	44.94	76.42	64.03	86.28	43.91	60.03	52.5	66.57	32.0	23.41	72.14	56.6	26.83	70.34	24.17	53.37	29.73	62.64	82.1	52.95	20.4	14.56	59.23	48.04	26.31	93.06	16.12	90.09	0.0	74.11	57.2	50.12	33.11	90.0	77.79	69.34	34.41	91.78	22.8	59.23	48.08	77.9	56.89	90.44	4.47	70.0	55.61	86.83	38.47	35.61	42.38	78.0	95.02	34.0	50.99	30.81	80.62	101.26	14.76	42.58	89.05	63.13	25.06	76.9	34.71	73.78	31.14	68.01	34.37	62.65	63.56
35	34.0	50.64	43.27	36.88	38.21	72.25	74.03	58.82	16.97	67.47	66.84	34.06	26.83	43.86	42.19	52.15	60.93	42.8	50.64	22.8	69.08	23.41	56.92	26.08	50.36	26.08	54.0	80.05	22.63	26.08	48.66	25.46	68.41	16.0	74.11	0.0	41.04	69.31	65.39	58.03	63.25	71.69	48.7	27.2	52.04	22.63	29.73	65.79	18.97	34.18	70.26	5.66	62.48	20.0	63.53	61.06	35.44	34.06	66.03	48.33	33.29	75.13	8.49	62.65	67.6	81.27	41.59	39.82	52.61	21.02	55.07	74.24	43.57	28.79	40.01	34.48	34.0
36	61.19	31.11	66.12	75.18	72.11	86.35	81.71	86.58	24.08	97.02	75.89	7.21	18.44	70.71	36.77	35.38	86.09	64.03	31.11	56.46	66.57	22.8	28.64	53.85	82.97	44.41	39.7	69.31	47.54	32.06	42.94	66.48	61.22	53.25	57.2	41.04	0.0	81.04	32.25	91.76	90.35	92.35	22.8	68.12	36.88	47.54	20.0	92.2	26.0	73.78	55.32	41.62	78.92	60.96	28.0	66.48	20.88	69.08	99.46	52.5	12.0	74.95	41.62	99.16	44.29	85.42	79.16	65.62	32.56	58.67	60.41	96.19	39.92	59.77	31.38	61.0	61.19
37	38.47	56.0	28.64	59.23	47.07	6.32	8.25	32.98	71.02	40.25	6.32	79.12	65.39	32.98	44.72	52.04	27.2	27.78	56.0	51.11	26.08	62.61	66.12	44.41	44.05	44.05	48.17	41.04	46.69	51.88	40.05	74.32	34.0	81.61	50.12	69.31	81.04	0.0	74.67	49.03	32.31	19.8	64.12	70.94	50.04	46.69	62.03	31.3	62.77	64.03	46.52	63.66	10.0	69.77	78.23	16.12	60.17	50.0	51.26	28.64	69.57	22.02	77.79	60.64	59.48	17.12	57.43	33.62	56.04	57.71	21.1	24.08	41.59	45.18	50.01	37.59	38.47
38	71.22	20.59	71.69	92.02	85.04	80.89	72.03	92.13	50.0	102.86	68.47	38.0	38.63	78.23	34.99	23.41	89.55	68.96	20.59	72.25	52.15	42.05	10.0	66.48	93.23	55.17	26.68	47.54	60.83	44.05	36.06	89.55	44.41	80.32	33.11	65.39	32.25	74.67	0.0	102.08	94.85	91.21	17.2	89.89	25.3	60.83	35.78	95.85	46.52	92.46	33.53	63.53	76.66	83.35	5.66	58.55	30.53	83.45	108.76	48.7	32.98	60.41	68.96	111.83	18.38	72.34	94.75	73.5	19.7	77.01	54.34	95.6	37.12	72.86	32.02	70.6	71.22
39	31.3	81.61	31.11	24.17	20.1	46.17	57.27	16.12	70.71	14.42	52.5	86.35	73.38	24.08	67.2	79.65	22.09	33.94	81.61	36.22	69.77	68.96	92.09	37.95	8.94	48.33	77.9	85.88	44.27	60.93	67.94	44.72	75.47	60.73	90.0	58.03	91.76	49.03	102.08	0.0	18.11	34.23	86.09	40.25	78.1	44.27	72.8	20.4	65.97	29.53	85.6	54.04	39.29	44.27	103.25	56.36	75.15	24.0	8.0	56.64	80.32	69.29	64.5	11.7	93.35	66.1	19.24	28.6	82.8	37.12	55.47	32.98	65.44	32.02	70.18	31.76	31.3
40	30.27	74.32	24.33	36.88	27.2	28.64	40.5	4.47	72.44	8.49	36.72	86.02	72.11	20.1	60.17	71.55	5.66	26.68	74.32	40.5	55.61	68.03	85.09	38.47	17.2	46.04	68.96	71.61	44.18	58.31	59.06	56.64	62.29	69.97	77.79	63.25	90.35	32.31	94.85	18.11	0.0	16.12	80.32	52.35	69.77	44.18	70.46	2.83	66.03	42.52	73.59	58.24	23.32	54.41	96.93	42.52	71.39	31.62	18.97	46.65	78.41	53.71	70.94	29.07	83.49	49.04	33.02	25.02	75.15	44.29	43.28	15.23	57.78	34.48	64.2	30.15	30.27
41	37.74	71.39	28.64	51.11	40.0	14.42	27.2	18.97	77.79	22.36	25.61	89.11	74.97	28.43	58.31	67.91	13.42	29.73	71.39	50.0	45.61	71.39	82.0	45.65	32.31	50.0	64.56	60.83	50.16	60.83	55.32	69.66	53.25	80.92	69.34	71.69	92.35	19.8	91.21	34.23	16.12	0.0	78.64	65.6	65.97	50.16	72.44	14.0	70.34	56.6	65.51	66.24	14.56	66.48	94.15	34.0	72.03	44.05	34.23	42.76	80.4	41.77	79.92	45.0	77.47	34.89	47.85	31.91	71.81	55.23	37.0	4.47	55.44	43.6	63.13	37.22	37.74
42	54.92	8.94	56.46	74.97	68.41	70.03	63.15	77.25	34.23	88.02	58.31	26.0	22.36	62.61	20.4	13.42	75.29	53.85	8.94	55.17	45.69	25.3	8.25	49.68	77.18	38.42	17.89	46.69	43.86	26.91	24.08	72.47	39.45	64.03	34.41	48.7	22.8	64.12	17.2	86.09	80.32	78.64	0.0	72.72	15.23	43.86	18.97	81.61	29.73	75.29	32.56	46.52	64.28	66.24	17.2	48.37	13.42	66.6	93.06	36.06	18.11	54.23	52.95	95.44	22.14	65.46	77.83	57.71	10.0	59.82	43.05	82.87	23.19	56.08	16.16	54.38	54.92
43	32.98	72.5	42.38	16.12	25.61	71.55	77.79	48.08	44.05	53.25	70.88	61.22	52.5	38.47	60.73	72.8	52.5	43.68	72.5	22.0	80.1	48.41	80.62	30.0	35.61	38.83	73.38	94.09	32.56	46.52	65.51	4.47	82.1	22.0	91.78	27.2	68.12	70.94	89.89	40.25	52.35	65.6	72.72	0.0	72.11	32.56	54.41	55.17	44.05	10.77	87.48	26.91	61.74	7.21	88.81	68.73	59.36	21.63	47.54	60.03	59.46	83.86	29.73	40.61	88.6	86.4	21.02	37.34	74.32	15.03	64.2	66.6	60.88	26.48	60.54	33.96	32.98
44	48.17	6.32	47.2	71.02	62.48	56.14	48.37	67.23	41.23	77.9	44.0	38.42	29.73	54.04	11.66	2.0	64.4	44.41	6.32	51.88	30.46	30.59	16.12	44.94	69.43	34.0	2.83	32.8	40.25	26.31	10.77	72.8	24.41	68.03	22.8	52.04	36.88	50.04	25.3	78.1	69.77	65.97	15.23	72.11	0.0	40.25	25.3	70.68	34.23	72.47	19.7	48.37	51.42	66.48	28.28	34.0	19.7	61.61	84.4	23.41	28.84	39.0	58.14	88.41	16.55	50.29	73.01	49.58	6.0	57.78	29.27	70.34	12.73	51.04	12.04	47.42	48.17
45	14.0	41.62	21.54	31.24	25.06	49.68	51.61	40.05	28.28	50.04	44.41	42.43	29.12	24.08	28.64	41.18	40.79	20.59	41.62	11.66	49.03	24.74	50.99	6.32	35.44	6.32	41.23	62.03	0.0	17.2	32.98	34.06	50.04	35.78	59.23	22.63	47.54	46.69	60.83	44.27	44.18	50.16	43.86	32.56	40.25	0.0	28.64	46.39	22.09	32.25	54.92	16.97	40.0	28.0	60.96	39.4	31.62	22.8	51.92	28.28	36.06	54.08	31.11	52.35	56.8	59.17	33.97	19.24	43.27	17.72	33.84	53.14	28.46	12.53	29.41	14.04	14.0
46	41.76	22.09	46.17	58.41	53.67	67.05	63.53	66.75	16.12	77.28	57.27	17.09	4.47	50.99	19.8	24.74	66.12	44.05	22.09	38.83	50.91	6.32	27.2	34.93	63.91	24.74	27.86	57.31	28.64	12.17	26.91	53.85	47.2	45.12	48.08	29.73	20.0	62.03	35.78	72.8	70.46	72.44	18.97	54.41	25.3	28.64	0.0	72.25	10.77	58.0	44.94	27.78	59.23	47.71	34.41	48.37	6.0	51.11	80.32	34.0	8.0	58.8	34.23	80.95	39.01	68.24	61.85	45.89	24.08	42.45	42.06	76.24	22.67	41.15	15.0	41.48	41.76
47	32.56	75.39	26.08	39.7	30.0	27.2	39.4	7.21	74.67	8.94	36.06	88.0	74.03	22.36	61.35	72.5	6.32	28.28	75.39	43.08	55.32	70.0	86.16	40.79	20.0	48.0	69.77	71.22	46.39	60.13	59.93	59.46	62.23	72.72	77.9	65.79	92.2	31.3	95.85	20.4	2.83	14.0	81.61	55.17	70.68	46.39	72.25	0.0	68.12	45.34	73.76	60.73	22.8	57.2	98.08	42.43	72.99	34.41	20.4	47.41	80.22	53.0	73.54	31.0	84.06	47.76	35.81	27.17	76.16	47.01	43.6	12.65	58.87	37.0	65.52	32.39	32.56
48	36.06	32.06	42.43	49.4	46.17	67.08	65.6	62.0	8.49	72.11	58.82	20.4	8.49	46.0	26.0	34.06	62.29	40.79	32.06	30.46	56.04	4.47	37.95	28.28	57.27	20.4	36.5	64.62	22.09	11.31	33.11	43.27	53.67	34.53	56.89	18.97	26.0	62.77	46.52	65.97	66.03	70.34	29.73	44.05	34.23	22.09	10.77	68.12	0.0	48.41	53.37	17.2	58.31	37.2	44.94	50.99	16.49	43.08	73.76	36.77	15.62	63.25	24.0	73.16	49.09	71.45	53.24	41.01	34.06	33.02	44.6	73.76	28.18	33.96	22.56	36.01	36.06
49	28.07	73.78	36.22	5.66	17.09	63.91	71.39	38.42	50.12	42.8	64.78	67.23	56.85	31.05	60.83	73.43	43.27	38.05	73.78	20.59	76.24	52.5	82.8	27.86	25.46	38.47	73.35	91.08	32.25	48.41	64.62	15.23	79.25	32.25	90.44	34.18	73.78	64.03	92.46	29.53	42.52	56.6	75.29	10.77	72.47	32.25	58.0	45.34	48.41	0.0	86.02	32.25	54.41	16.0	92.02	64.0	62.29	14.14	36.77	57.27	64.03	79.03	38.47	30.15	89.01	80.23	10.3	31.14	75.47	15.56	60.21	57.2	60.42	22.56	61.59	29.07	28.07
50	59.09	24.41	54.92	83.57	73.35	52.8	41.76	72.14	60.73	82.07	40.25	57.69	49.4	62.13	28.07	20.59	67.94	52.15	24.41	65.97	20.88	50.0	28.84	58.24	77.67	48.66	17.09	14.42	54.92	44.18	22.09	88.81	12.65	86.21	4.47	70.26	55.32	46.52	33.53	85.6	73.59	65.51	32.56	87.48	19.7	54.92	44.94	73.76	53.37	86.02	0.0	66.03	51.61	82.61	38.63	31.62	39.4	73.54	90.69	29.53	48.37	28.16	76.94	96.83	15.3	40.11	84.58	58.67	22.8	72.57	30.41	69.97	27.02	63.57	30.81	58.18	59.09
51	28.64	47.54	37.74	34.18	34.0	66.6	68.41	53.85	17.89	62.8	61.22	34.99	25.61	38.63	38.0	48.66	55.71	37.2	47.54	18.11	63.91	21.63	54.63	20.59	46.04	20.59	50.16	75.31	16.97	22.09	44.18	26.08	63.56	20.4	70.0	5.66	41.62	63.66	63.53	54.04	58.24	66.24	46.52	26.91	48.37	16.97	27.78	60.73	17.2	32.25	66.03	0.0	56.85	20.0	62.13	55.57	33.11	30.07	62.03	43.08	32.56	69.78	14.14	59.44	64.33	75.72	38.6	34.44	49.48	17.72	49.65	68.88	39.12	23.77	36.35	29.07	28.64
52	30.0	56.89	20.0	49.48	37.36	10.0	18.11	23.41	66.21	31.62	13.42	76.16	62.1	23.41	44.05	53.37	17.89	19.8	56.89	42.8	32.56	58.82	67.47	36.77	34.06	38.47	50.0	48.41	40.0	48.08	40.79	65.3	39.7	73.76	55.61	62.48	78.92	10.0	76.66	39.29	23.32	14.56	64.28	61.74	51.42	40.0	59.23	22.8	58.31	54.41	51.61	56.85	0.0	61.06	79.62	20.0	58.31	40.5	42.05	28.28	67.08	30.41	70.94	50.96	63.07	27.07	47.52	24.7	57.27	49.09	22.47	18.97	41.11	36.62	49.0	29.21	30.0
53	31.3	66.48	41.18	20.4	27.2	71.02	76.16	50.0	36.88	56.36	69.08	54.04	45.61	38.42	55.32	67.05	53.81	42.05	66.48	18.97	76.66	41.62	74.24	26.68	38.47	34.06	67.91	90.02	28.0	40.5	60.53	6.32	78.03	16.49	86.83	20.0	60.96	69.77	83.35	44.27	54.41	66.48	66.24	7.21	66.48	28.0	47.71	57.2	37.2	16.0	82.61	20.0	61.06	0.0	82.1	65.97	52.84	22.8	51.92	56.14	52.5	81.02	22.8	46.1	82.86	84.5	25.5	36.36	68.35	12.08	61.0	67.94	55.73	24.6	54.71	32.2	31.3
54	72.11	22.8	73.35	91.93	85.6	84.38	76.03	94.02	47.54	104.79	72.11	34.23	36.72	79.65	36.77	26.31	91.76	70.68	22.8	72.14	56.57	40.5	12.17	66.84	94.34	55.61	30.07	52.8	60.96	43.86	38.83	88.2	49.03	78.0	38.47	63.53	28.0	78.23	5.66	103.25	96.93	94.15	17.2	88.81	28.28	60.96	34.41	98.08	44.94	92.02	38.63	62.13	79.62	82.1	0.0	62.13	29.73	83.74	110.15	51.42	30.46	64.94	66.48	112.65	23.71	76.79	94.92	74.79	22.36	76.49	57.56	98.49	39.22	73.25	33.12	71.56	72.11
55	36.06	40.05	28.28	60.13	48.37	22.36	15.23	41.62	59.46	50.99	10.0	65.3	52.15	34.93	29.73	36.0	36.88	26.08	40.05	47.07	13.42	50.0	50.04	39.29	49.4	34.99	32.06	29.53	39.4	39.7	24.33	71.39	19.8	75.15	35.61	61.06	66.48	16.12	58.55	56.36	42.52	34.0	48.37	68.73	34.0	39.4	48.37	42.43	50.99	64.0	31.62	55.57	20.0	65.97	62.13	0.0	45.69	50.04	60.46	14.42	55.46	15.13	69.34	67.98	43.66	20.52	59.68	33.14	40.0	54.13	6.4	38.47	26.57	42.3	35.11	35.06	36.06
56	43.86	16.12	47.07	62.29	56.6	65.51	60.93	67.91	22.09	78.59	55.03	20.0	10.2	52.5	16.12	18.97	66.75	44.72	16.12	42.52	46.86	12.17	21.54	37.74	66.21	26.83	22.36	52.15	31.62	14.42	22.8	59.06	42.52	50.99	42.38	35.44	20.88	60.17	30.53	75.15	71.39	72.03	13.42	59.36	19.7	31.62	6.0	72.99	16.49	62.29	39.4	33.11	58.31	52.84	29.73	45.69	0.0	54.41	82.46	31.62	10.0	55.0	40.2	83.86	33.02	65.0	65.44	47.43	18.11	46.75	39.56	76.0	19.24	44.1	10.82	43.46	43.86
57	14.56	63.78	22.09	10.2	4.47	50.16	57.27	27.2	47.07	34.18	50.64	63.25	50.99	17.09	50.0	62.8	31.11	24.0	63.78	12.65	62.51	46.52	73.54	16.97	16.49	28.28	62.13	77.67	22.8	40.0	52.84	25.61	65.97	38.47	78.0	34.06	69.08	50.0	83.45	24.0	31.62	44.05	66.6	21.63	61.61	22.8	51.11	34.41	43.08	14.14	73.54	30.07	40.5	22.8	83.74	50.04	54.41	0.0	32.0	44.27	58.14	65.0	40.79	30.08	77.94	66.1	11.4	17.03	65.3	13.34	46.53	45.25	49.09	10.63	51.66	15.52	14.56
58	38.63	88.2	37.2	31.62	28.07	47.54	59.46	18.87	78.64	12.0	55.46	94.15	81.04	30.53	73.78	86.02	24.17	40.0	88.2	44.18	73.78	76.66	98.79	45.61	16.49	55.71	84.02	89.89	51.92	68.35	74.03	52.0	80.0	68.41	95.02	66.03	99.46	51.26	108.76	8.0	18.97	34.23	93.06	47.54	84.4	51.92	80.32	20.4	73.76	36.77	90.69	62.03	42.05	51.92	110.15	60.46	82.46	32.0	0.0	62.29	87.93	72.45	72.44	11.7	99.25	68.01	26.57	35.36	89.31	45.1	60.31	32.0	71.85	39.81	77.03	39.0	38.63
59	29.73	28.64	25.61	54.41	43.86	34.23	29.53	44.41	45.25	54.92	23.41	50.99	37.74	32.8	16.12	25.3	41.18	22.8	28.64	38.05	20.88	35.61	39.29	30.07	48.41	22.8	22.36	34.06	28.28	25.46	12.65	62.03	22.09	63.25	34.0	48.33	52.5	28.64	48.7	56.64	46.65	42.76	36.06	60.03	23.41	28.28	34.0	47.41	36.77	57.27	29.53	43.08	28.28	56.14	51.42	14.42	31.62	44.27	62.29	0.0	41.23	26.93	56.36	67.62	37.01	34.71	55.15	29.15	29.12	45.01	8.06	47.07	13.04	34.71	21.38	28.79	29.73
