set K:= 1	2	3	4	5	6	7	8	9;
set C_H:= 1	2	3	4	5	6	7	8	9	10	11	12	13	14	15	16	17	18	19	20	21	22	23	24;
set C_S:= 25	26	27	28	29	30	31	32	33	34	35	36	37	38	39	40	41	42;
set C_F:= 43	44	45	46	47	48	49	50	51	52	53	54	55	56	57	58	59	60;
set M:= 61	62	63	64;
set L_B:= 65	66;
set A1:=
(0,*) 1 2 3 4 5 6 7 8 9 10 11 12 13 14 15 16 17 18 19 20 21 22 23 24 43 44 45 46 47 48 49 50 51 52 53 54 55 56 57 58 59 60 61 62 63 64 65 66
(1,*) 0 2 3 4 5 6 7 8 9 10 11 12 13 14 15 16 17 18 19 20 21 22 23 24 43 44 45 46 47 48 49 50 51 52 53 54 55 56 57 58 59 60 61 62 63 64 65 66
(2,*) 0 1 3 4 5 6 7 8 9 10 11 12 13 14 15 16 17 18 19 20 21 22 23 24 43 44 45 46 47 48 49 50 51 52 53 54 55 56 57 58 59 60 61 62 63 64 65 66
(3,*) 0 1 2 4 5 6 7 8 9 10 11 12 13 14 15 16 17 18 19 20 21 22 23 24 43 44 45 46 47 48 49 50 51 52 53 54 55 56 57 58 59 60 61 62 63 64 65 66
(4,*) 0 1 2 3 5 6 7 8 9 10 11 12 13 14 15 16 17 18 19 20 21 22 23 24 43 44 45 46 47 48 49 50 51 52 53 54 55 56 57 58 59 60 61 62 63 64 65 66
(5,*) 0 1 2 3 4 6 7 8 9 10 11 12 13 14 15 16 17 18 19 20 21 22 23 24 43 44 45 46 47 48 49 50 51 52 53 54 55 56 57 58 59 60 61 62 63 64 65 66
(6,*) 0 1 2 3 4 5 7 8 9 10 11 12 13 14 15 16 17 18 19 20 21 22 23 24 43 44 45 46 47 48 49 50 51 52 53 54 55 56 57 58 59 60 61 62 63 64 65 66
(7,*) 0 1 2 3 4 5 6 8 9 10 11 12 13 14 15 16 17 18 19 20 21 22 23 24 43 44 45 46 47 48 49 50 51 52 53 54 55 56 57 58 59 60 61 62 63 64 65 66
(8,*) 0 1 2 3 4 5 6 7 9 10 11 12 13 14 15 16 17 18 19 20 21 22 23 24 43 44 45 46 47 48 49 50 51 52 53 54 55 56 57 58 59 60 61 62 63 64 65 66
(9,*) 0 1 2 3 4 5 6 7 8 10 11 12 13 14 15 16 17 18 19 20 21 22 23 24 43 44 45 46 47 48 49 50 51 52 53 54 55 56 57 58 59 60 61 62 63 64 65 66
(10,*) 0 1 2 3 4 5 6 7 8 9 11 12 13 14 15 16 17 18 19 20 21 22 23 24 43 44 45 46 47 48 49 50 51 52 53 54 55 56 57 58 59 60 61 62 63 64 65 66
(11,*) 0 1 2 3 4 5 6 7 8 9 10 12 13 14 15 16 17 18 19 20 21 22 23 24 43 44 45 46 47 48 49 50 51 52 53 54 55 56 57 58 59 60 61 62 63 64 65 66
(12,*) 0 1 2 3 4 5 6 7 8 9 10 11 13 14 15 16 17 18 19 20 21 22 23 24 43 44 45 46 47 48 49 50 51 52 53 54 55 56 57 58 59 60 61 62 63 64 65 66
(13,*) 0 1 2 3 4 5 6 7 8 9 10 11 12 14 15 16 17 18 19 20 21 22 23 24 43 44 45 46 47 48 49 50 51 52 53 54 55 56 57 58 59 60 61 62 63 64 65 66
(14,*) 0 1 2 3 4 5 6 7 8 9 10 11 12 13 15 16 17 18 19 20 21 22 23 24 43 44 45 46 47 48 49 50 51 52 53 54 55 56 57 58 59 60 61 62 63 64 65 66
(15,*) 0 1 2 3 4 5 6 7 8 9 10 11 12 13 14 16 17 18 19 20 21 22 23 24 43 44 45 46 47 48 49 50 51 52 53 54 55 56 57 58 59 60 61 62 63 64 65 66
(16,*) 0 1 2 3 4 5 6 7 8 9 10 11 12 13 14 15 17 18 19 20 21 22 23 24 43 44 45 46 47 48 49 50 51 52 53 54 55 56 57 58 59 60 61 62 63 64 65 66
(17,*) 0 1 2 3 4 5 6 7 8 9 10 11 12 13 14 15 16 18 19 20 21 22 23 24 43 44 45 46 47 48 49 50 51 52 53 54 55 56 57 58 59 60 61 62 63 64 65 66
(18,*) 0 1 2 3 4 5 6 7 8 9 10 11 12 13 14 15 16 17 19 20 21 22 23 24 43 44 45 46 47 48 49 50 51 52 53 54 55 56 57 58 59 60 61 62 63 64 65 66
(19,*) 0 1 2 3 4 5 6 7 8 9 10 11 12 13 14 15 16 17 18 20 21 22 23 24 43 44 45 46 47 48 49 50 51 52 53 54 55 56 57 58 59 60 61 62 63 64 65 66
(20,*) 0 1 2 3 4 5 6 7 8 9 10 11 12 13 14 15 16 17 18 19 21 22 23 24 43 44 45 46 47 48 49 50 51 52 53 54 55 56 57 58 59 60 61 62 63 64 65 66
(21,*) 0 1 2 3 4 5 6 7 8 9 10 11 12 13 14 15 16 17 18 19 20 22 23 24 43 44 45 46 47 48 49 50 51 52 53 54 55 56 57 58 59 60 61 62 63 64 65 66
(22,*) 0 1 2 3 4 5 6 7 8 9 10 11 12 13 14 15 16 17 18 19 20 21 23 24 43 44 45 46 47 48 49 50 51 52 53 54 55 56 57 58 59 60 61 62 63 64 65 66
(23,*) 0 1 2 3 4 5 6 7 8 9 10 11 12 13 14 15 16 17 18 19 20 21 22 24 43 44 45 46 47 48 49 50 51 52 53 54 55 56 57 58 59 60 61 62 63 64 65 66
(24,*) 0 1 2 3 4 5 6 7 8 9 10 11 12 13 14 15 16 17 18 19 20 21 22 23 43 44 45 46 47 48 49 50 51 52 53 54 55 56 57 58 59 60 61 62 63 64 65 66
(43,*) 0 1 2 3 4 5 6 7 8 9 10 11 12 13 14 15 16 17 18 19 20 21 22 23 24 44 45 46 47 48 49 50 51 52 53 54 55 56 57 58 59 60 61 62 63 64 65 66
(44,*) 0 1 2 3 4 5 6 7 8 9 10 11 12 13 14 15 16 17 18 19 20 21 22 23 24 43 45 46 47 48 49 50 51 52 53 54 55 56 57 58 59 60 61 62 63 64 65 66
(45,*) 0 1 2 3 4 5 6 7 8 9 10 11 12 13 14 15 16 17 18 19 20 21 22 23 24 43 44 46 47 48 49 50 51 52 53 54 55 56 57 58 59 60 61 62 63 64 65 66
(46,*) 0 1 2 3 4 5 6 7 8 9 10 11 12 13 14 15 16 17 18 19 20 21 22 23 24 43 44 45 47 48 49 50 51 52 53 54 55 56 57 58 59 60 61 62 63 64 65 66
(47,*) 0 1 2 3 4 5 6 7 8 9 10 11 12 13 14 15 16 17 18 19 20 21 22 23 24 43 44 45 46 48 49 50 51 52 53 54 55 56 57 58 59 60 61 62 63 64 65 66
(48,*) 0 1 2 3 4 5 6 7 8 9 10 11 12 13 14 15 16 17 18 19 20 21 22 23 24 43 44 45 46 47 49 50 51 52 53 54 55 56 57 58 59 60 61 62 63 64 65 66
(49,*) 0 1 2 3 4 5 6 7 8 9 10 11 12 13 14 15 16 17 18 19 20 21 22 23 24 43 44 45 46 47 48 50 51 52 53 54 55 56 57 58 59 60 61 62 63 64 65 66
(50,*) 0 1 2 3 4 5 6 7 8 9 10 11 12 13 14 15 16 17 18 19 20 21 22 23 24 43 44 45 46 47 48 49 51 52 53 54 55 56 57 58 59 60 61 62 63 64 65 66
(51,*) 0 1 2 3 4 5 6 7 8 9 10 11 12 13 14 15 16 17 18 19 20 21 22 23 24 43 44 45 46 47 48 49 50 52 53 54 55 56 57 58 59 60 61 62 63 64 65 66
(52,*) 0 1 2 3 4 5 6 7 8 9 10 11 12 13 14 15 16 17 18 19 20 21 22 23 24 43 44 45 46 47 48 49 50 51 53 54 55 56 57 58 59 60 61 62 63 64 65 66
(53,*) 0 1 2 3 4 5 6 7 8 9 10 11 12 13 14 15 16 17 18 19 20 21 22 23 24 43 44 45 46 47 48 49 50 51 52 54 55 56 57 58 59 60 61 62 63 64 65 66
(54,*) 0 1 2 3 4 5 6 7 8 9 10 11 12 13 14 15 16 17 18 19 20 21 22 23 24 43 44 45 46 47 48 49 50 51 52 53 55 56 57 58 59 60 61 62 63 64 65 66
(55,*) 0 1 2 3 4 5 6 7 8 9 10 11 12 13 14 15 16 17 18 19 20 21 22 23 24 43 44 45 46 47 48 49 50 51 52 53 54 56 57 58 59 60 61 62 63 64 65 66
(56,*) 0 1 2 3 4 5 6 7 8 9 10 11 12 13 14 15 16 17 18 19 20 21 22 23 24 43 44 45 46 47 48 49 50 51 52 53 54 55 57 58 59 60 61 62 63 64 65 66
(57,*) 0 1 2 3 4 5 6 7 8 9 10 11 12 13 14 15 16 17 18 19 20 21 22 23 24 43 44 45 46 47 48 49 50 51 52 53 54 55 56 58 59 60 61 62 63 64 65 66
(58,*) 0 1 2 3 4 5 6 7 8 9 10 11 12 13 14 15 16 17 18 19 20 21 22 23 24 43 44 45 46 47 48 49 50 51 52 53 54 55 56 57 59 60 61 62 63 64 65 66
(59,*) 0 1 2 3 4 5 6 7 8 9 10 11 12 13 14 15 16 17 18 19 20 21 22 23 24 43 44 45 46 47 48 49 50 51 52 53 54 55 56 57 58 60 61 62 63 64 65 66
(60,*) 0 1 2 3 4 5 6 7 8 9 10 11 12 13 14 15 16 17 18 19 20 21 22 23 24 43 44 45 46 47 48 49 50 51 52 53 54 55 56 57 58 59 61 62 63 64 65 66
(61,*) 0 1 2 3 4 5 6 7 8 9 10 11 12 13 14 15 16 17 18 19 20 21 22 23 24 43 44 45 46 47 48 49 50 51 52 53 54 55 56 57 58 59 60 63 64 65 66
(62,*) 0 1 2 3 4 5 6 7 8 9 10 11 12 13 14 15 16 17 18 19 20 21 22 23 24 43 44 45 46 47 48 49 50 51 52 53 54 55 56 57 58 59 60 63 64 65 66
(63,*) 0 1 2 3 4 5 6 7 8 9 10 11 12 13 14 15 16 17 18 19 20 21 22 23 24 43 44 45 46 47 48 49 50 51 52 53 54 55 56 57 58 59 60 61 62 65 66
(64,*) 0 1 2 3 4 5 6 7 8 9 10 11 12 13 14 15 16 17 18 19 20 21 22 23 24 43 44 45 46 47 48 49 50 51 52 53 54 55 56 57 58 59 60 61 62 65 66
(65,*) 0 1 2 3 4 5 6 7 8 9 10 11 12 13 14 15 16 17 18 19 20 21 22 23 24 43 44 45 46 47 48 49 50 51 52 53 54 55 56 57 58 59 60 61 62 63 64 66
(66,*) 0 1 2 3 4 5 6 7 8 9 10 11 12 13 14 15 16 17 18 19 20 21 22 23 24 43 44 45 46 47 48 49 50 51 52 53 54 55 56 57 58 59 60 61 62 63 64 65
;
set A2:=
(61,*) 62
(62,*) 61
(63,*) 64
(64,*) 63
;
param BigM:=99999;
param n:= 9;
param d:=
1	22
2	11
3	7
4	12
5	8
6	20
7	18
8	14
9	22
10	11
11	18
12	15
13	4
14	72
15	2
16	14
17	3
18	12
19	10
20	23
21	22
22	18
23	27
24	9
25	17
26	24
27	24
28	14
29	16
30	10
31	9
32	18
33	2
34	19
35	8
36	5
37	11
38	19
39	16
40	16
41	6
42	12
43	23
44	12
45	6
46	3
47	16
48	4
49	9
50	19
51	19
52	18
53	12
54	18
55	12
56	19
57	20
58	7
59	13
60	15
;
param Q:=100
param w:=
[61,*] 62 5
[62,*] 61 5
[63,*] 64 5
[64,*] 63 5
;
param V:=
[61,*] 62 531
[62,*] 61 531
[63,*] 64 531
[64,*] 63 531
;
param f:=
61	100
62	100
63	100
64	100
65	100
66	100
;
param e:
	61	62	63	64	65	66:=
25	0	0	0	1	0	0	
26	0	0	0	0	1	0	
27	0	0	0	1	0	0	
28	0	0	1	0	0	0	
29	0	1	0	0	1	0	
30	0	1	0	0	0	0	
31	0	0	0	1	0	0	
32	0	0	1	0	0	0	
33	0	1	0	0	0	0	
34	1	0	0	0	0	0	
35	0	1	0	0	0	0	
36	0	0	0	1	0	1	
37	1	0	0	0	0	0	
38	1	0	1	0	1	0	
39	0	0	1	0	1	0	
40	0	0	1	0	1	0	
41	0	1	0	0	0	1	
42	0	0	1	0	1	0	
43	0	1	0	0	1	0	
44	1	0	0	0	0	1	
45	0	0	1	0	1	0	
46	0	0	0	1	0	1	
47	1	0	0	0	0	1	
48	0	0	1	0	1	0	
49	0	1	0	0	0	0	
50	0	0	1	0	1	0	
51	0	0	0	0	1	1	
52	0	0	1	0	1	0	
53	0	1	0	0	1	0	
54	0	0	0	1	0	1	
55	1	0	0	0	0	1	
56	1	0	0	0	0	1	
57	0	0	0	1	0	1	
58	0	0	1	0	1	0	
59	0	0	1	0	1	0	
60	0	0	1	0	1	0	
;
param r:
	61	62	63	64:=
61	0	1	0	0	
62	1	0	0	0	
63	0	0	0	1	
64	0	0	1	0	
;
param p:=
1	1
2	1
3	1
4	1
5	1
6	1
7	1
8	1
9	1
;
param G:=
61	531
62	531
63	531
64	531
65	132
66	132
;
param s:=
0	0
1	15
2	15
3	15
4	15
5	15
6	15
7	15
8	15
9	15
10	15
11	15
12	15
13	15
14	15
15	15
16	15
17	15
18	15
19	15
20	15
21	15
22	15
23	15
24	15
43	15
44	15
45	15
46	15
47	15
48	15
49	15
50	15
51	15
52	15
53	15
54	15
55	15
56	15
57	15
58	15
59	15
60	15
61	30
62	30
63	30
64	30
65	15
66	15
;
param t:
	0	1	2	3	4	5	6	7	8	9	10	11	12	13	14	15	16	17	18	19	20	21	22	23	24	25	26	27	28	29	30	31	32	33	34	35	36	37	38	39	40	41	42	43	44	45	46	47	48	49	50	51	52	53	54	55	56	57	58	59	60	61	62	63	64	65	66:=
0	0.0	61.22	10.0	41.76	32.56	24.74	8.25	17.09	48.41	14.0	59.09	36.06	43.86	28.64	42.76	10.2	49.52	72.11	36.06	38.47	50.99	71.22	12.81	29.73	49.48	54.92	14.0	50.99	14.42	40.0	63.15	38.83	36.06	51.42	42.19	37.95	36.77	34.0	31.3	27.2	38.63	48.17	31.3	37.74	38.47	32.98	48.17	36.06	22.36	44.94	28.07	29.73	26.08	30.0	63.56	56.32	61.19	43.86	14.56	10.77	30.27	59.21	58.56	33.83	76.1	8.06	54.45
1	61.22	0.0	61.77	27.2	86.16	82.22	56.57	45.25	18.0	50.99	28.84	93.04	72.28	54.63	30.59	68.26	14.14	12.17	50.04	66.12	10.77	10.0	62.48	39.29	26.0	8.25	50.99	10.77	75.07	72.25	43.27	26.68	80.5	37.95	42.43	60.03	25.06	56.92	74.24	79.85	98.79	45.12	92.09	82.0	33.53	80.62	16.12	37.95	83.23	64.12	82.8	34.41	82.29	67.47	29.73	32.98	28.64	21.54	73.54	59.06	85.09	64.98	70.67	94.4	17.47	67.12	9.0
2	10.0	61.77	0.0	46.17	26.08	32.0	17.2	22.09	46.86	21.54	54.92	31.62	53.81	37.74	48.0	7.21	48.83	73.35	28.28	28.64	51.11	71.69	22.8	25.61	54.15	56.46	21.54	51.11	20.1	30.0	56.92	36.88	45.69	45.69	49.48	28.64	36.72	43.27	41.18	20.0	37.2	41.23	31.11	28.64	44.05	42.38	47.2	42.43	22.8	35.44	36.22	34.06	20.88	20.0	59.36	62.03	66.12	47.07	22.09	2.83	24.33	68.33	49.04	37.75	75.15	7.28	54.08
3	41.76	27.2	46.17	0.0	72.25	58.41	34.93	24.74	27.86	28.64	44.94	77.28	45.12	27.78	4.47	50.99	24.74	34.41	48.37	62.03	22.09	35.78	38.83	34.0	8.0	18.97	28.64	22.09	53.67	67.05	57.31	26.91	53.85	47.2	16.12	57.27	19.8	29.73	47.71	66.12	80.32	50.91	72.8	72.44	6.32	54.41	25.3	10.77	63.91	63.53	58.0	12.17	66.75	59.23	48.08	17.09	20.0	6.0	51.11	44.05	70.46	40.86	74.22	71.99	44.67	49.24	26.02
4	32.56	86.16	26.08	72.25	0.0	39.7	40.79	48.0	69.77	46.39	73.76	8.94	72.72	60.73	74.03	22.36	72.5	98.08	42.43	31.3	75.39	95.85	43.08	47.41	80.22	81.61	46.39	75.39	30.0	27.2	71.22	59.93	59.46	62.23	74.67	36.06	61.35	65.79	57.2	6.32	20.4	55.32	20.4	14.0	70.0	55.17	70.68	68.12	20.0	39.4	45.34	60.13	7.21	22.8	77.9	88.0	92.2	72.99	34.41	28.28	2.83	90.92	50.1	34.71	97.84	24.52	77.88
5	24.74	82.22	32.0	58.41	39.7	0.0	26.08	37.2	71.69	31.24	83.57	37.2	36.88	34.18	57.69	26.31	72.11	91.93	60.13	59.23	72.8	92.02	19.8	54.41	64.9	74.97	31.24	72.8	12.17	58.82	87.86	62.61	20.59	76.16	52.0	60.3	59.36	36.88	20.4	37.74	31.62	72.69	24.17	51.11	53.25	16.12	71.02	49.4	19.8	66.75	5.66	48.08	32.8	49.48	88.02	68.88	75.18	62.29	10.2	34.06	36.88	58.87	80.15	14.91	98.32	25.08	76.61
6	8.25	56.57	17.2	34.93	40.79	26.08	0.0	11.31	45.65	6.32	58.24	44.0	37.2	20.59	35.44	18.44	46.04	66.84	39.29	44.41	46.86	66.48	8.0	30.07	42.38	49.68	6.32	46.86	18.87	46.69	64.12	36.77	32.25	52.15	34.06	42.94	33.29	26.08	26.68	35.44	45.61	50.16	37.95	45.65	31.05	30.0	44.94	28.28	29.12	50.12	27.86	23.32	34.23	36.77	62.64	48.66	53.85	37.74	16.97	16.97	38.47	51.21	63.61	37.89	72.34	16.28	50.61
7	17.09	45.25	22.09	24.74	48.0	37.2	11.31	0.0	34.93	6.32	48.66	52.61	40.5	20.59	26.08	26.31	34.99	55.61	34.99	44.05	35.61	55.17	17.89	22.8	32.56	38.42	6.32	35.61	30.0	47.71	56.14	26.68	40.2	44.18	27.86	41.04	22.36	26.08	34.06	42.05	55.71	43.68	48.33	50.0	22.0	38.83	34.0	20.4	39.4	48.17	38.47	12.65	42.19	38.47	52.95	40.0	44.41	26.83	28.28	20.4	46.04	49.3	61.02	49.18	61.12	24.52	39.41
8	48.41	18.0	46.86	27.86	69.77	71.69	45.65	34.93	0.0	41.23	17.09	77.18	70.0	50.16	32.31	53.81	4.47	30.07	32.06	48.17	8.94	26.68	52.8	22.36	31.62	17.89	41.23	8.94	62.8	54.33	30.0	10.0	74.22	21.63	43.68	42.05	12.65	54.0	67.91	63.53	84.02	27.86	77.9	64.56	32.98	73.38	2.83	36.5	69.31	46.17	73.35	28.07	66.57	50.0	20.4	41.23	39.7	22.36	62.13	44.05	68.96	68.69	53.35	82.24	28.32	53.04	9.0
9	14.0	50.99	21.54	28.64	46.39	31.24	6.32	6.32	41.23	0.0	54.92	50.04	35.78	16.97	29.12	24.08	41.18	60.96	39.4	46.69	41.62	60.83	11.66	28.28	36.06	43.86	0.0	41.62	25.06	49.68	62.03	32.98	34.06	50.04	28.28	44.41	28.64	22.63	28.0	40.79	51.92	49.03	44.27	50.16	24.74	32.56	40.25	22.09	35.44	51.61	32.25	17.2	40.05	40.0	59.23	42.43	47.54	31.62	22.8	20.59	44.18	47.16	64.83	43.8	67.15	22.02	45.49
10	59.09	28.84	54.92	44.94	73.76	83.57	58.24	48.66	17.09	54.92	0.0	82.07	86.21	66.03	49.4	62.13	20.59	38.63	31.62	46.52	24.41	33.53	65.97	29.53	48.37	32.56	54.92	24.41	73.35	52.8	14.42	22.09	88.81	12.65	60.73	40.25	28.07	70.26	82.61	67.94	90.69	20.88	85.6	65.51	50.0	87.48	19.7	53.37	77.67	41.76	86.02	44.18	72.14	51.61	4.47	57.69	55.32	39.4	73.54	52.15	73.59	85.78	44.65	92.31	28.81	61.91	21.93
11	36.06	93.04	31.62	77.28	8.94	37.2	44.0	52.61	77.18	50.04	82.07	0.0	72.5	62.8	78.64	26.31	79.65	104.79	50.99	40.25	82.29	102.86	44.72	54.92	85.16	88.02	50.04	82.29	29.73	36.06	80.0	67.23	57.69	70.77	78.03	44.94	68.03	67.47	56.36	14.14	12.0	64.03	14.42	22.36	74.43	53.25	77.9	72.11	17.89	48.33	42.8	65.12	10.77	31.62	86.28	92.35	97.02	78.59	34.18	34.18	8.49	92.2	58.84	29.17	105.41	28.16	85.0
12	43.86	72.28	53.81	45.12	72.72	36.88	37.2	40.5	70.0	35.78	86.21	72.5	0.0	20.4	41.76	52.5	68.12	78.0	75.15	81.61	66.48	80.32	31.11	63.25	47.54	64.03	35.78	66.48	42.94	83.74	95.71	64.5	18.11	83.95	30.46	79.92	58.14	16.0	16.49	68.82	68.41	84.12	60.73	80.92	38.83	22.0	68.03	34.53	54.63	87.13	32.25	42.05	65.51	73.76	90.09	46.04	53.25	50.99	38.47	54.04	69.97	23.39	100.49	50.91	89.74	50.33	70.58
13	28.64	54.63	37.74	27.78	60.73	34.18	20.59	20.59	50.16	16.97	66.03	62.8	20.4	0.0	25.61	38.63	48.66	62.13	55.57	63.66	47.54	63.53	18.11	43.08	32.56	46.52	16.97	47.54	34.0	66.6	75.31	44.18	26.08	63.56	17.89	61.22	38.0	5.66	20.0	55.71	62.03	63.91	54.04	66.24	21.63	26.91	48.37	17.2	46.04	68.41	32.25	22.09	53.85	56.85	70.0	34.99	41.62	33.11	30.07	37.2	58.24	30.62	81.47	48.93	71.98	36.4	51.66
14	42.76	30.59	48.0	4.47	74.03	57.69	35.44	26.08	32.31	29.12	49.4	78.64	41.76	25.61	0.0	52.35	29.12	36.72	52.15	65.39	26.31	38.63	38.47	37.74	7.21	22.36	29.12	26.31	53.85	70.23	61.77	31.24	51.61	51.61	12.0	60.83	24.08	26.83	45.61	68.0	81.04	55.17	73.38	74.97	4.47	52.5	29.73	8.49	64.56	67.23	56.85	14.14	68.26	62.1	52.5	14.14	18.44	10.2	50.99	46.04	72.11	36.44	78.19	71.66	48.03	50.49	30.15
15	10.2	68.26	7.21	50.99	22.36	26.31	18.44	26.31	53.81	24.08	62.13	26.31	52.5	38.63	52.35	0.0	55.61	79.65	34.93	32.98	57.69	78.23	21.63	32.8	58.86	62.61	24.08	57.69	14.14	33.11	63.91	43.86	42.19	52.8	52.35	34.06	43.27	43.86	38.42	17.09	30.53	48.08	24.08	28.43	48.17	38.47	54.04	46.0	15.62	40.45	31.05	38.83	16.0	23.41	66.57	66.12	70.71	52.5	17.09	10.0	20.1	69.09	53.86	30.7	82.05	2.24	60.8
16	49.52	14.14	48.83	24.74	72.5	72.11	46.04	34.99	4.47	41.18	20.59	79.65	68.12	48.66	29.12	55.61	0.0	26.31	36.0	52.04	4.47	23.41	52.84	25.3	27.78	13.42	41.18	4.47	63.78	58.14	34.06	12.65	73.38	26.08	40.79	46.0	12.81	52.15	67.05	66.21	86.02	32.31	79.65	67.91	30.27	72.8	2.0	34.06	70.94	50.36	73.43	26.68	68.96	53.37	23.41	37.2	35.38	18.97	62.8	46.04	71.55	65.55	57.78	83.24	26.59	54.67	5.39
17	72.11	12.17	73.35	34.41	98.08	91.93	66.84	55.61	30.07	60.96	38.63	104.79	78.0	62.13	36.72	79.65	26.31	0.0	62.13	78.23	22.8	5.66	72.14	51.42	30.46	17.2	60.96	22.8	85.6	84.38	52.8	38.83	88.2	49.03	47.54	72.11	36.77	63.53	82.1	91.76	110.15	56.57	103.25	94.15	40.5	88.81	28.28	44.94	94.34	76.03	92.02	43.86	94.02	79.62	38.47	34.23	28.0	29.73	83.74	70.68	96.93	67.19	81.99	104.71	16.46	78.39	21.1
18	36.06	50.04	28.28	48.37	42.43	60.13	39.29	34.99	32.06	39.4	31.62	50.99	75.15	55.57	52.15	34.93	36.0	62.13	0.0	16.12	40.05	58.55	47.07	14.42	55.46	48.37	39.4	40.05	48.37	22.36	29.53	24.33	71.39	19.8	59.46	10.0	29.73	61.06	65.97	36.88	60.46	13.42	56.36	34.0	50.0	68.73	34.0	50.99	49.4	15.23	64.0	39.7	41.62	20.0	35.61	65.3	66.48	45.69	50.04	26.08	42.52	83.35	26.47	65.51	57.94	35.51	41.05
19	38.47	66.12	28.64	62.03	31.3	59.23	44.41	44.05	48.17	46.69	46.52	40.25	81.61	63.66	65.39	32.98	52.04	78.23	16.12	0.0	56.0	74.67	51.11	28.64	69.57	64.12	46.69	56.0	47.07	6.32	41.04	40.05	74.32	34.0	71.02	6.32	44.72	69.31	69.77	27.2	51.26	26.08	49.03	19.8	62.61	70.94	50.04	62.77	44.05	8.25	64.03	51.88	32.98	10.0	50.12	79.12	81.04	60.17	50.0	27.78	32.31	93.32	20.97	60.86	73.79	34.48	57.14
20	50.99	10.77	51.11	22.09	75.39	72.8	46.86	35.61	8.94	41.62	24.41	82.29	66.48	47.54	26.31	57.69	4.47	22.8	40.05	56.0	0.0	20.59	53.25	28.64	24.17	8.94	41.62	0.0	65.05	62.03	38.21	16.12	72.8	30.53	38.21	50.04	14.42	50.64	66.48	69.08	88.2	36.77	81.61	71.39	28.0	72.5	6.32	32.06	72.8	54.59	73.78	26.0	71.55	56.89	26.83	33.29	31.11	16.12	63.78	48.37	74.32	62.58	62.22	84.47	25.53	56.61	4.12
21	71.22	10.0	71.69	35.78	95.85	92.02	66.48	55.17	26.68	60.83	33.53	102.86	80.32	63.53	38.63	78.23	23.41	5.66	58.55	74.67	20.59	0.0	72.25	48.7	32.98	17.2	60.83	20.59	85.04	80.89	47.54	36.06	89.55	44.41	50.0	68.47	34.99	65.39	83.35	89.55	108.76	52.15	102.08	91.21	42.05	89.89	25.3	46.52	93.23	72.03	92.46	44.05	92.13	76.66	33.11	38.0	32.25	30.53	83.45	68.96	94.85	70.87	77.4	104.34	11.26	77.1	18.03
22	12.81	62.48	22.8	38.83	43.08	19.8	8.0	17.89	52.8	11.66	65.97	44.72	31.11	18.11	38.47	21.63	52.84	72.14	47.07	51.11	53.25	72.25	0.0	38.05	45.65	55.17	11.66	53.25	16.12	52.8	72.11	44.27	24.33	60.13	34.53	50.16	40.25	22.8	18.97	38.47	44.18	58.14	36.22	50.0	34.0	22.0	51.88	30.46	28.0	57.27	20.59	28.28	36.06	42.8	70.34	50.6	56.46	42.52	12.65	23.32	40.5	47.85	70.85	33.2	78.78	19.42	57.14
23	29.73	39.29	25.61	34.0	47.41	54.41	30.07	22.8	22.36	28.28	29.53	54.92	63.25	43.08	37.74	32.8	25.3	51.42	14.42	28.64	28.64	48.7	38.05	0.0	41.23	36.06	28.28	28.64	43.86	34.23	34.06	12.65	62.03	22.09	45.25	23.41	16.12	48.33	56.14	41.18	62.29	20.88	56.64	42.76	35.61	60.03	23.41	36.77	48.41	29.53	57.27	25.46	44.41	28.28	34.0	50.99	52.5	31.62	44.27	22.8	46.65	69.53	40.71	62.78	50.5	32.45	30.68
24	49.48	26.0	54.15	8.0	80.22	64.9	42.38	32.56	31.62	36.06	48.37	85.16	47.54	32.56	7.21	58.86	27.78	30.46	55.46	69.57	24.17	32.98	45.65	41.23	0.0	18.11	36.06	24.17	60.93	74.73	61.61	32.8	58.41	52.35	17.09	64.62	26.08	33.29	52.5	74.11	87.93	56.85	80.32	80.4	11.66	59.46	28.84	15.62	71.47	70.68	64.03	20.1	74.67	67.08	50.99	10.0	12.0	10.0	58.14	52.04	78.41	39.1	80.89	78.85	43.07	57.07	27.51
25	54.92	8.25	56.46	18.97	81.61	74.97	49.68	38.42	17.89	43.86	32.56	88.02	64.03	46.52	22.36	62.61	13.42	17.2	48.37	64.12	8.94	17.2	55.17	36.06	18.11	0.0	43.86	8.94	68.41	70.03	46.69	24.08	72.47	39.45	34.23	58.31	20.4	48.7	66.24	75.29	93.06	45.69	86.09	78.64	25.3	72.72	15.23	29.73	77.18	63.15	75.29	26.91	77.25	64.28	34.41	26.0	22.8	13.42	66.6	53.85	80.32	57.21	71.11	87.56	25.72	61.29	10.63
26	14.0	50.99	21.54	28.64	46.39	31.24	6.32	6.32	41.23	0.0	54.92	50.04	35.78	16.97	29.12	24.08	41.18	60.96	39.4	46.69	41.62	60.83	11.66	28.28	36.06	43.86	0.0	41.62	25.06	49.68	62.03	32.98	34.06	50.04	28.28	44.41	28.64	22.63	28.0	40.79	51.92	49.03	44.27	50.16	24.74	32.56	40.25	22.09	35.44	51.61	32.25	17.2	40.05	40.0	59.23	42.43	47.54	31.62	22.8	20.59	44.18	47.16	64.83	43.8	67.15	22.02	45.49
27	50.99	10.77	51.11	22.09	75.39	72.8	46.86	35.61	8.94	41.62	24.41	82.29	66.48	47.54	26.31	57.69	4.47	22.8	40.05	56.0	0.0	20.59	53.25	28.64	24.17	8.94	41.62	0.0	65.05	62.03	38.21	16.12	72.8	30.53	38.21	50.04	14.42	50.64	66.48	69.08	88.2	36.77	81.61	71.39	28.0	72.5	6.32	32.06	72.8	54.59	73.78	26.0	71.55	56.89	26.83	33.29	31.11	16.12	63.78	48.37	74.32	62.58	62.22	84.47	25.53	56.61	4.12
28	14.42	75.07	20.1	53.67	30.0	12.17	18.87	30.0	62.8	25.06	73.35	29.73	42.94	34.0	53.85	14.14	63.78	85.6	48.37	47.07	65.05	85.04	16.12	43.86	60.93	68.41	25.06	65.05	0.0	46.82	76.66	53.25	29.73	65.15	50.64	48.17	50.99	38.21	27.2	26.91	28.07	61.19	20.1	40.0	49.4	25.61	62.48	46.17	12.17	54.59	17.09	42.19	22.8	37.36	77.82	66.48	72.11	56.6	4.47	22.36	27.2	62.58	67.99	19.46	90.33	13.0	68.62
29	40.0	72.25	30.0	67.05	27.2	58.82	46.69	47.71	54.33	49.68	52.8	36.06	83.74	66.6	70.23	33.11	58.14	84.38	22.36	6.32	62.03	80.89	52.8	34.23	74.73	70.03	49.68	62.03	46.82	0.0	46.86	46.0	75.18	40.25	75.18	12.65	50.36	72.25	71.02	24.08	47.54	32.25	46.17	14.42	67.23	71.55	56.14	67.08	42.19	12.81	63.91	56.46	30.07	10.0	56.36	84.12	86.35	65.51	50.16	29.73	28.64	96.72	23.05	58.9	80.11	34.89	63.29
30	63.15	43.27	56.92	57.31	71.22	87.86	64.12	56.14	30.0	62.03	14.42	80.0	95.71	75.31	61.77	63.91	34.06	52.8	29.53	41.04	38.21	47.54	72.11	34.06	61.61	46.69	62.03	38.21	76.66	46.86	0.0	31.62	96.0	12.0	72.5	35.38	38.63	80.05	90.02	66.03	89.89	16.12	85.88	60.83	61.74	94.09	32.8	64.62	78.79	34.41	91.08	54.41	71.02	48.41	14.56	71.22	69.31	52.15	77.67	54.41	71.61	97.72	33.42	94.61	41.43	64.2	36.12
31	38.83	26.68	36.88	26.91	59.93	62.61	36.77	26.68	10.0	32.98	22.09	67.23	64.5	44.18	31.24	43.86	12.65	38.83	24.33	40.05	16.12	36.06	44.27	12.65	32.8	24.08	32.98	16.12	53.25	46.0	31.62	0.0	66.75	20.59	41.18	34.23	7.21	48.66	60.53	53.67	74.03	24.08	67.94	55.32	30.53	65.51	10.77	33.11	59.4	39.29	64.62	22.8	56.6	40.79	26.31	42.8	42.94	22.8	52.84	34.06	59.06	66.38	48.35	72.63	38.32	43.14	18.03
32	36.06	80.5	45.69	53.85	59.46	20.59	32.25	40.2	74.22	34.06	88.81	57.69	18.11	26.08	51.61	42.19	73.38	88.2	71.39	74.32	72.8	89.55	24.33	62.03	58.41	72.47	34.06	72.8	29.73	75.18	96.0	66.75	0.0	84.0	42.43	74.0	61.61	25.46	6.32	56.64	52.0	82.39	44.72	69.66	47.71	4.47	72.8	43.27	40.0	80.99	15.23	46.82	52.35	65.3	93.06	59.46	66.48	59.06	25.61	46.82	56.64	41.43	94.61	33.42	97.72	40.31	76.9
33	51.42	37.95	45.69	47.2	62.23	76.16	52.15	44.18	21.63	50.04	12.65	70.77	83.95	63.56	51.61	52.8	26.08	49.03	19.8	34.0	30.53	44.41	60.13	22.09	52.35	39.45	50.04	30.53	65.15	40.25	12.0	20.59	84.0	0.0	61.77	27.78	27.78	68.41	78.03	56.64	80.0	8.25	75.47	53.25	51.11	82.1	24.41	53.67	68.0	29.12	79.25	43.08	61.22	39.7	16.12	62.23	61.22	42.52	65.97	43.08	62.29	86.96	32.99	83.45	41.08	52.92	29.55
34	42.19	42.43	49.48	16.12	74.67	52.0	34.06	27.86	43.68	28.28	60.73	78.03	30.46	17.89	12.0	52.35	40.79	47.54	59.46	71.02	38.21	50.0	34.53	45.25	17.09	34.23	28.28	38.21	50.64	75.18	72.5	41.18	42.43	61.77	0.0	67.2	34.0	16.97	36.88	69.05	78.64	64.4	70.71	77.79	10.77	44.05	41.23	8.49	62.29	74.03	50.12	19.8	68.26	66.21	64.03	17.2	24.08	22.09	47.07	48.08	72.44	25.23	85.91	66.66	59.78	50.25	42.11
35	37.95	60.03	28.64	57.27	36.06	60.3	42.94	41.04	42.05	44.41	40.25	44.94	79.92	61.22	60.83	34.06	46.0	72.11	10.0	6.32	50.04	68.47	50.16	23.41	64.62	58.31	44.41	50.04	48.17	12.65	35.38	34.23	74.0	27.78	67.2	0.0	39.29	66.84	69.08	31.3	55.46	20.0	52.5	25.61	58.31	70.88	44.0	58.82	46.69	7.21	64.78	47.71	36.77	13.42	43.91	74.32	75.89	55.03	50.64	27.2	36.72	90.24	20.69	63.39	67.47	35.23	51.04
36	36.77	25.06	36.72	19.8	61.35	59.36	33.29	22.36	12.65	28.64	28.07	68.03	58.14	38.0	24.08	43.27	12.81	36.77	29.73	44.72	14.42	34.99	40.25	16.12	26.08	20.4	28.64	14.42	50.99	50.36	38.63	7.21	61.61	27.78	34.0	39.29	0.0	42.19	55.32	55.03	73.78	31.11	67.2	58.31	23.32	60.73	11.66	26.0	58.41	44.94	60.83	16.12	57.27	44.05	32.0	36.06	36.77	16.12	50.0	34.0	60.17	59.21	54.82	70.45	39.34	42.2	17.69
37	34.0	56.92	43.27	29.73	65.79	36.88	26.08	26.08	54.0	22.63	70.26	67.47	16.0	5.66	26.83	43.86	52.15	63.53	61.06	69.31	50.64	65.39	22.8	48.33	33.29	48.7	22.63	50.64	38.21	72.25	80.05	48.66	25.46	68.41	16.97	66.84	42.19	0.0	20.0	60.93	66.03	69.08	58.03	71.69	23.41	27.2	52.04	18.97	50.36	74.03	34.18	26.08	58.82	62.48	74.11	34.06	41.04	35.44	34.06	42.8	63.25	25.23	87.05	51.78	74.38	41.63	54.74
38	31.3	74.24	41.18	47.71	57.2	20.4	26.68	34.06	67.91	28.0	82.61	56.36	16.49	20.0	45.61	38.42	67.05	82.1	65.97	69.77	66.48	83.35	18.97	56.14	52.5	66.24	28.0	66.48	27.2	71.02	90.02	60.53	6.32	78.03	36.88	69.08	55.32	20.0	0.0	53.81	51.92	76.66	44.27	66.48	41.62	7.21	66.48	37.2	38.47	76.16	16.0	40.5	50.0	61.06	86.83	54.04	60.96	52.84	22.8	42.05	54.41	38.82	89.75	34.66	91.44	36.4	70.58
39	27.2	79.85	20.0	66.12	6.32	37.74	35.44	42.05	63.53	40.79	67.94	14.14	68.82	55.71	68.0	17.09	66.21	91.76	36.88	27.2	69.08	89.55	38.47	41.18	74.11	75.29	40.79	69.08	26.91	24.08	66.03	53.67	56.64	56.64	69.05	31.3	55.03	60.93	53.81	0.0	24.17	50.0	22.09	13.42	64.03	52.5	64.4	62.29	18.97	35.44	43.27	54.04	6.0	17.89	72.14	82.02	86.09	66.75	31.11	22.09	5.66	86.14	47.11	35.21	91.65	19.31	71.59
40	38.63	98.79	37.2	80.32	20.4	31.62	45.61	55.71	84.02	51.92	90.69	12.0	68.41	62.03	81.04	30.53	86.02	110.15	60.46	51.26	88.2	108.76	44.18	62.29	87.93	93.06	51.92	88.2	28.07	47.54	89.89	74.03	52.0	80.0	78.64	55.46	73.78	66.03	51.92	24.17	0.0	73.78	8.0	34.23	76.66	47.54	84.4	73.76	16.49	59.46	36.77	68.35	18.87	42.05	95.02	94.15	99.46	82.46	32.0	40.0	18.97	89.72	70.49	19.99	112.33	31.76	91.26
41	48.17	45.12	41.23	50.91	55.32	72.69	50.16	43.68	27.86	49.03	20.88	64.03	84.12	63.91	55.17	48.08	32.31	56.57	13.42	26.08	36.77	52.15	58.14	20.88	56.85	45.69	49.03	36.77	61.19	32.25	16.12	24.08	82.39	8.25	64.4	20.0	31.11	69.08	76.66	50.0	73.78	0.0	69.77	45.61	54.04	80.1	30.46	56.04	62.77	20.88	76.24	44.94	54.92	32.56	24.17	66.84	66.57	46.86	62.51	38.83	55.61	89.31	25.56	78.75	49.27	48.51	36.4
42	31.3	92.09	31.11	72.8	20.4	24.17	37.95	48.33	77.9	44.27	85.6	14.42	60.73	54.04	73.38	24.08	79.65	103.25	56.36	49.03	81.61	102.08	36.22	56.64	80.32	86.09	44.27	81.61	20.1	46.17	85.88	67.94	44.72	75.47	70.71	52.5	67.2	58.03	44.27	22.09	8.0	69.77	0.0	34.23	68.96	40.25	78.1	65.97	8.94	57.27	29.53	60.93	16.12	39.29	90.0	86.35	91.76	75.15	24.0	33.94	18.11	81.81	69.19	14.77	106.12	25.0	84.81
43	37.74	82.0	28.64	72.44	14.0	51.11	45.65	50.0	64.56	50.16	65.51	22.36	80.92	66.24	74.97	28.43	67.91	94.15	34.0	19.8	71.39	91.21	50.0	42.76	80.4	78.64	50.16	71.39	40.0	14.42	60.83	55.32	69.66	53.25	77.79	25.61	58.31	71.69	66.48	13.42	34.23	45.61	34.23	0.0	71.39	65.6	65.97	70.34	32.31	27.2	56.6	60.83	18.97	14.56	69.34	89.11	92.35	72.03	44.05	29.73	16.12	96.86	36.61	48.16	91.66	30.61	73.25
44	38.47	33.53	44.05	6.32	70.0	53.25	31.05	22.0	32.98	24.74	50.0	74.43	38.83	21.63	4.47	48.17	30.27	40.5	50.0	62.61	28.0	42.05	34.0	35.61	11.66	25.3	24.74	28.0	49.4	67.23	61.74	30.53	47.71	51.11	10.77	58.31	23.32	23.41	41.62	64.03	76.66	54.04	68.96	71.39	0.0	48.41	30.59	4.47	60.17	64.9	52.5	10.77	64.12	58.82	53.37	18.0	22.8	12.17	46.52	42.19	68.03	35.98	76.29	67.19	50.99	46.27	32.02
45	32.98	80.62	42.38	54.41	55.17	16.12	30.0	38.83	73.38	32.56	87.48	53.25	22.0	26.91	52.5	38.47	72.8	88.81	68.73	70.94	72.5	89.89	22.0	60.03	59.46	72.72	32.56	72.5	25.61	71.55	94.09	65.51	4.47	82.1	44.05	70.88	60.73	27.2	7.21	52.5	47.54	80.1	40.25	65.6	48.41	0.0	72.11	44.05	35.61	77.79	10.77	46.52	48.08	61.74	91.78	61.22	68.12	59.36	21.63	43.68	52.35	45.1	91.4	29.11	97.68	36.67	76.56
46	48.17	16.12	47.2	25.3	70.68	71.02	44.94	34.0	2.83	40.25	19.7	77.9	68.03	48.37	29.73	54.04	2.0	28.28	34.0	50.04	6.32	25.3	51.88	23.41	28.84	15.23	40.25	6.32	62.48	56.14	32.8	10.77	72.8	24.41	41.23	44.0	11.66	52.04	66.48	64.4	84.4	30.46	78.1	65.97	30.59	72.11	0.0	34.23	69.43	48.37	72.47	26.31	67.23	51.42	22.8	38.42	36.88	19.7	61.61	44.41	69.77	66.15	55.9	81.94	28.04	53.15	7.28
47	36.06	37.95	42.43	10.77	68.12	49.4	28.28	20.4	36.5	22.09	53.37	72.11	34.53	17.2	8.49	46.0	34.06	44.94	50.99	62.77	32.06	46.52	30.46	36.77	15.62	29.73	22.09	32.06	46.17	67.08	64.62	33.11	43.27	53.67	8.49	58.82	26.0	18.97	37.2	62.29	73.76	56.04	65.97	70.34	4.47	44.05	34.23	0.0	57.27	65.6	48.41	11.31	62.0	58.31	56.89	20.4	26.0	16.49	43.08	40.79	66.03	33.34	77.43	63.54	55.41	44.01	36.12
48	22.36	83.23	22.8	63.91	20.0	19.8	29.12	39.4	69.31	35.44	77.67	17.89	54.63	46.04	64.56	15.62	70.94	94.34	49.4	44.05	72.8	93.23	28.0	48.41	71.47	77.18	35.44	72.8	12.17	42.19	78.79	59.4	40.0	68.0	62.29	46.69	58.41	50.36	38.47	18.97	16.49	62.77	8.94	32.31	60.17	35.61	69.43	57.27	0.0	52.15	25.46	52.0	13.42	34.06	82.1	77.67	82.97	66.21	16.49	25.61	17.2	74.71	64.8	16.81	97.46	16.28	76.06
49	44.94	64.12	35.44	63.53	39.4	66.75	50.12	48.17	46.17	51.61	41.76	48.33	87.13	68.41	67.23	40.45	50.36	76.03	15.23	8.25	54.59	72.03	57.27	29.53	70.68	63.15	51.61	54.59	54.59	12.81	34.41	39.29	80.99	29.12	74.03	7.21	44.94	74.03	76.16	35.44	59.46	20.88	57.27	27.2	64.9	77.79	48.37	65.6	52.15	0.0	71.39	54.41	41.23	18.11	44.94	80.5	81.71	60.93	57.27	34.18	40.5	97.3	13.62	68.96	69.98	41.77	55.15
50	28.07	82.8	36.22	58.0	45.34	5.66	27.86	38.47	73.35	32.25	86.02	42.8	32.25	32.25	56.85	31.05	73.43	92.02	64.0	64.03	73.78	92.46	20.59	57.27	64.03	75.29	32.25	73.78	17.09	63.91	91.08	64.62	15.23	79.25	50.12	64.78	60.83	34.18	16.0	43.27	36.77	76.24	29.53	56.6	52.5	10.77	72.47	48.41	25.46	71.39	0.0	48.41	38.42	54.41	90.44	67.23	73.78	62.29	14.14	38.05	42.52	54.81	84.87	18.68	99.29	29.61	77.7
51	29.73	34.41	34.06	12.17	60.13	48.08	23.32	12.65	28.07	17.2	44.18	65.12	42.05	22.09	14.14	38.83	26.68	43.86	39.7	51.88	26.0	44.05	28.28	25.46	20.1	26.91	17.2	26.0	42.19	56.46	54.41	22.8	46.82	43.08	19.8	47.71	16.12	26.08	40.5	54.04	68.35	44.94	60.93	60.83	10.77	46.52	26.31	11.31	52.0	54.41	48.41	0.0	54.59	48.08	48.04	28.28	32.06	14.42	40.0	32.0	58.31	44.38	66.13	60.99	51.21	37.11	30.08
52	26.08	82.29	20.88	66.75	7.21	32.8	34.23	42.19	66.57	40.05	72.14	10.77	65.51	53.85	68.26	16.0	68.96	94.02	41.62	32.98	71.55	92.13	36.06	44.41	74.67	77.25	40.05	71.55	22.8	30.07	71.02	56.6	52.35	61.22	68.26	36.77	57.27	58.82	50.0	6.0	18.87	54.92	16.12	18.97	64.12	48.08	67.23	62.0	13.42	41.23	38.42	54.59	0.0	23.41	76.42	82.1	86.58	67.91	27.2	23.41	4.47	83.9	53.07	29.29	94.85	18.03	74.3
53	30.0	67.47	20.0	59.23	22.8	49.48	36.77	38.47	50.0	40.0	51.61	31.62	73.76	56.85	62.1	23.41	53.37	79.62	20.0	10.0	56.89	76.66	42.8	28.28	67.08	64.28	40.0	56.89	37.36	10.0	48.41	40.79	65.3	39.7	66.21	13.42	44.05	62.48	61.06	17.89	42.05	32.56	39.29	14.56	58.82	61.74	51.42	58.31	34.06	18.11	54.41	48.08	23.41	0.0	55.61	76.16	78.92	58.31	40.5	19.8	23.32	87.14	30.91	50.87	77.21	25.08	58.69
54	63.56	29.73	59.36	48.08	77.9	88.02	62.64	52.95	20.4	59.23	4.47	86.28	90.09	70.0	52.5	66.57	23.41	38.47	35.61	50.12	26.83	33.11	70.34	34.0	50.99	34.41	59.23	26.83	77.82	56.36	14.56	26.31	93.06	16.12	64.03	43.91	32.0	74.11	86.83	72.14	95.02	24.17	90.0	69.34	53.37	91.78	22.8	56.89	82.1	44.94	90.44	48.04	76.42	55.61	0.0	60.03	57.2	42.38	78.0	56.6	77.79	88.93	46.75	96.78	26.99	66.37	23.85
55	56.32	32.98	62.03	17.09	88.0	68.88	48.66	40.0	41.23	42.43	57.69	92.35	46.04	34.99	14.14	66.12	37.2	34.23	65.3	79.12	33.29	38.0	50.6	50.99	10.0	26.0	42.43	33.29	66.48	84.12	71.22	42.8	59.46	62.23	17.2	74.32	36.06	34.06	54.04	82.02	94.15	66.84	86.35	89.11	18.0	61.22	38.42	20.4	77.67	80.5	67.23	28.28	82.1	76.16	60.03	0.0	7.21	20.0	63.25	60.13	86.02	32.96	90.86	83.36	48.9	64.2	36.24
56	61.19	28.64	66.12	20.0	92.2	75.18	53.85	44.41	39.7	47.54	55.32	97.02	53.25	41.62	18.44	70.71	35.38	28.0	66.48	81.04	31.11	32.25	56.46	52.5	12.0	22.8	47.54	31.11	72.11	86.35	69.31	42.94	66.48	61.22	24.08	75.89	36.77	41.04	60.96	86.09	99.46	66.57	91.76	92.35	22.8	68.12	36.88	26.0	82.97	81.71	73.78	32.06	86.58	78.92	57.2	7.21	0.0	20.88	69.08	64.03	90.35	39.46	91.29	89.49	43.4	68.88	33.42
57	43.86	21.54	47.07	6.0	72.99	62.29	37.74	26.83	22.36	31.62	39.4	78.59	50.99	33.11	10.2	52.5	18.97	29.73	45.69	60.17	16.12	30.53	42.52	31.62	10.0	13.42	31.62	16.12	56.6	65.51	52.15	22.8	59.06	42.52	22.09	55.03	16.12	35.44	52.84	66.75	82.46	46.86	75.15	72.03	12.17	59.36	19.7	16.49	66.21	60.93	62.29	14.42	67.91	58.31	42.38	20.0	20.88	0.0	54.41	44.72	71.39	46.59	70.93	75.39	38.96	50.92	20.02
58	14.56	73.54	22.09	51.11	34.41	10.2	16.97	28.28	62.13	22.8	73.54	34.18	38.47	30.07	50.99	17.09	62.8	83.74	50.04	50.0	63.78	83.45	12.65	44.27	58.14	66.6	22.8	63.78	4.47	50.16	77.67	52.84	25.61	65.97	47.07	50.64	50.0	34.06	22.8	31.11	32.0	62.51	24.0	44.05	46.52	21.63	61.61	43.08	16.49	57.27	14.14	40.0	27.2	40.5	78.0	63.25	69.08	54.41	0.0	24.0	31.62	58.22	70.78	20.99	89.22	15.52	67.48
59	10.77	59.06	2.83	44.05	28.28	34.06	16.97	20.4	44.05	20.59	52.15	34.18	54.04	37.2	46.04	10.0	46.04	70.68	26.08	27.78	48.37	68.96	23.32	22.8	52.04	53.85	20.59	48.37	22.36	29.73	54.41	34.06	46.82	43.08	48.08	27.2	34.0	42.8	42.05	22.09	40.0	38.83	33.94	29.73	42.19	43.68	44.41	40.79	25.61	34.18	38.05	32.0	23.41	19.8	56.6	60.13	64.03	44.72	24.0	0.0	26.68	67.68	47.79	40.39	72.34	9.85	51.31
60	30.27	85.09	24.33	70.46	2.83	36.88	38.47	46.04	68.96	44.18	73.59	8.49	69.97	58.24	72.11	20.1	71.55	96.93	42.52	32.31	74.32	94.85	40.5	46.65	78.41	80.32	44.18	74.32	27.2	28.64	71.61	59.06	56.64	62.29	72.44	36.72	60.17	63.25	54.41	5.66	18.97	55.61	18.11	16.12	68.03	52.35	69.77	66.03	17.2	40.5	42.52	58.31	4.47	23.32	77.79	86.02	90.35	71.39	31.62	26.68	0.0	88.34	51.66	32.19	97.14	22.2	76.92
61	59.21	64.98	68.33	40.86	90.92	58.87	51.21	49.3	68.69	47.16	85.78	92.2	23.39	30.62	36.44	69.09	65.55	67.19	83.35	93.32	62.58	70.87	47.85	69.53	39.1	57.21	47.16	62.58	62.58	96.72	97.72	66.38	41.43	86.96	25.23	90.24	59.21	25.23	38.82	86.14	89.72	89.31	81.81	96.86	35.98	45.1	66.15	33.34	74.71	97.3	54.81	44.38	83.9	87.14	88.93	32.96	39.46	46.59	58.22	67.68	88.34	0.0	109.78	73.44	81.6	66.85	66.25
62	58.56	70.67	49.04	74.22	50.1	80.15	63.61	61.02	53.35	64.83	44.65	58.84	100.49	81.47	78.19	53.86	57.78	81.99	26.47	20.97	62.22	77.4	70.85	40.71	80.89	71.11	64.83	62.22	67.99	23.05	33.42	48.35	94.61	32.99	85.91	20.69	54.82	87.05	89.75	47.11	70.49	25.56	69.19	36.61	76.29	91.4	55.9	77.43	64.8	13.62	84.87	66.13	53.07	30.91	46.75	90.86	91.29	70.93	70.78	47.79	51.66	109.78	0.0	81.6	73.44	55.26	61.96
63	33.83	94.4	37.75	71.99	34.71	14.91	37.89	49.18	82.24	43.8	92.31	29.17	50.91	48.93	71.66	30.7	83.24	104.71	65.51	60.86	84.47	104.34	33.2	62.78	78.85	87.56	43.8	84.47	19.46	58.9	94.61	72.63	33.42	83.45	66.66	63.39	70.45	51.78	34.66	35.21	19.99	78.75	14.77	48.16	67.19	29.11	81.94	63.54	16.81	68.96	18.68	60.99	29.29	50.87	96.78	83.36	89.49	75.39	20.99	40.39	32.19	73.44	81.6	0.0	109.78	30.54	88.07
64	76.1	17.47	75.15	44.67	97.84	98.32	72.34	61.12	28.32	67.15	28.81	105.41	89.74	71.98	48.03	82.05	26.59	16.46	57.94	73.79	25.53	11.26	78.78	50.5	43.07	25.72	67.15	25.53	90.33	80.11	41.43	38.32	97.72	41.08	59.78	67.47	39.34	74.38	91.44	91.65	112.33	49.27	106.12	91.66	50.99	97.68	28.04	55.41	97.46	69.98	99.29	51.21	94.85	77.21	26.99	48.9	43.4	38.96	89.22	72.34	97.14	81.6	73.44	109.78	0.0	81.19	21.74
65	8.06	67.12	7.28	49.24	24.52	25.08	16.28	24.52	53.04	22.02	61.91	28.16	50.33	36.4	50.49	2.24	54.67	78.39	35.51	34.48	56.61	77.1	19.42	32.45	57.07	61.29	22.02	56.61	13.0	34.89	64.2	43.14	40.31	52.92	50.25	35.23	42.2	41.63	36.4	19.31	31.76	48.51	25.0	30.61	46.27	36.67	53.15	44.01	16.28	41.77	29.61	37.11	18.03	25.08	66.37	64.2	68.88	50.92	15.52	9.85	22.2	66.85	55.26	30.54	81.19	0.0	59.82
66	54.45	9.0	54.08	26.02	77.88	76.61	50.61	39.41	9.0	45.49	21.93	85.0	70.58	51.66	30.15	60.8	5.39	21.1	41.05	57.14	4.12	18.03	57.14	30.68	27.51	10.63	45.49	4.12	68.62	63.29	36.12	18.03	76.9	29.55	42.11	51.04	17.69	54.74	70.58	71.59	91.26	36.4	84.81	73.25	32.02	76.56	7.28	36.12	76.06	55.15	77.7	30.08	74.3	58.69	23.85	36.24	33.42	20.02	67.48	51.31	76.92	66.25	61.96	88.07	21.74	59.82	0.0
;
