set K:= 1	2	3	4	5	6	7	8	9;
set C_H:= 1	2	3	4	5	6	7	8	9	10	11	12	13	14	15	16	17	18	19	20	21	22;
set C_S:= 23	24	25	26	27	28	29	30	31	32	33	34	35	36	37	38	39	40	41	42;
set C_F:= 43	44	45	46	47	48	49	50	51	52	53	54	55	56	57	58	59	60	61	62;
set M:= 63	64;
set L_B:= 65	66	67	68	69	70	71	72	73;
set A1:=
(0,*) 1 2 3 4 5 6 7 8 9 10 11 12 13 14 15 16 17 18 19 20 21 22 43 44 45 46 47 48 49 50 51 52 53 54 55 56 57 58 59 60 61 62 63 64 65 66 67 68 69 70 71 72 73
(1,*) 0 2 3 4 5 6 7 8 9 10 11 12 13 14 15 16 17 18 19 20 21 22 43 44 45 46 47 48 49 50 51 52 53 54 55 56 57 58 59 60 61 62 63 64 65 66 67 68 69 70 71 72 73
(2,*) 0 1 3 4 5 6 7 8 9 10 11 12 13 14 15 16 17 18 19 20 21 22 43 44 45 46 47 48 49 50 51 52 53 54 55 56 57 58 59 60 61 62 63 64 65 66 67 68 69 70 71 72 73
(3,*) 0 1 2 4 5 6 7 8 9 10 11 12 13 14 15 16 17 18 19 20 21 22 43 44 45 46 47 48 49 50 51 52 53 54 55 56 57 58 59 60 61 62 63 64 65 66 67 68 69 70 71 72 73
(4,*) 0 1 2 3 5 6 7 8 9 10 11 12 13 14 15 16 17 18 19 20 21 22 43 44 45 46 47 48 49 50 51 52 53 54 55 56 57 58 59 60 61 62 63 64 65 66 67 68 69 70 71 72 73
(5,*) 0 1 2 3 4 6 7 8 9 10 11 12 13 14 15 16 17 18 19 20 21 22 43 44 45 46 47 48 49 50 51 52 53 54 55 56 57 58 59 60 61 62 63 64 65 66 67 68 69 70 71 72 73
(6,*) 0 1 2 3 4 5 7 8 9 10 11 12 13 14 15 16 17 18 19 20 21 22 43 44 45 46 47 48 49 50 51 52 53 54 55 56 57 58 59 60 61 62 63 64 65 66 67 68 69 70 71 72 73
(7,*) 0 1 2 3 4 5 6 8 9 10 11 12 13 14 15 16 17 18 19 20 21 22 43 44 45 46 47 48 49 50 51 52 53 54 55 56 57 58 59 60 61 62 63 64 65 66 67 68 69 70 71 72 73
(8,*) 0 1 2 3 4 5 6 7 9 10 11 12 13 14 15 16 17 18 19 20 21 22 43 44 45 46 47 48 49 50 51 52 53 54 55 56 57 58 59 60 61 62 63 64 65 66 67 68 69 70 71 72 73
(9,*) 0 1 2 3 4 5 6 7 8 10 11 12 13 14 15 16 17 18 19 20 21 22 43 44 45 46 47 48 49 50 51 52 53 54 55 56 57 58 59 60 61 62 63 64 65 66 67 68 69 70 71 72 73
(10,*) 0 1 2 3 4 5 6 7 8 9 11 12 13 14 15 16 17 18 19 20 21 22 43 44 45 46 47 48 49 50 51 52 53 54 55 56 57 58 59 60 61 62 63 64 65 66 67 68 69 70 71 72 73
(11,*) 0 1 2 3 4 5 6 7 8 9 10 12 13 14 15 16 17 18 19 20 21 22 43 44 45 46 47 48 49 50 51 52 53 54 55 56 57 58 59 60 61 62 63 64 65 66 67 68 69 70 71 72 73
(12,*) 0 1 2 3 4 5 6 7 8 9 10 11 13 14 15 16 17 18 19 20 21 22 43 44 45 46 47 48 49 50 51 52 53 54 55 56 57 58 59 60 61 62 63 64 65 66 67 68 69 70 71 72 73
(13,*) 0 1 2 3 4 5 6 7 8 9 10 11 12 14 15 16 17 18 19 20 21 22 43 44 45 46 47 48 49 50 51 52 53 54 55 56 57 58 59 60 61 62 63 64 65 66 67 68 69 70 71 72 73
(14,*) 0 1 2 3 4 5 6 7 8 9 10 11 12 13 15 16 17 18 19 20 21 22 43 44 45 46 47 48 49 50 51 52 53 54 55 56 57 58 59 60 61 62 63 64 65 66 67 68 69 70 71 72 73
(15,*) 0 1 2 3 4 5 6 7 8 9 10 11 12 13 14 16 17 18 19 20 21 22 43 44 45 46 47 48 49 50 51 52 53 54 55 56 57 58 59 60 61 62 63 64 65 66 67 68 69 70 71 72 73
(16,*) 0 1 2 3 4 5 6 7 8 9 10 11 12 13 14 15 17 18 19 20 21 22 43 44 45 46 47 48 49 50 51 52 53 54 55 56 57 58 59 60 61 62 63 64 65 66 67 68 69 70 71 72 73
(17,*) 0 1 2 3 4 5 6 7 8 9 10 11 12 13 14 15 16 18 19 20 21 22 43 44 45 46 47 48 49 50 51 52 53 54 55 56 57 58 59 60 61 62 63 64 65 66 67 68 69 70 71 72 73
(18,*) 0 1 2 3 4 5 6 7 8 9 10 11 12 13 14 15 16 17 19 20 21 22 43 44 45 46 47 48 49 50 51 52 53 54 55 56 57 58 59 60 61 62 63 64 65 66 67 68 69 70 71 72 73
(19,*) 0 1 2 3 4 5 6 7 8 9 10 11 12 13 14 15 16 17 18 20 21 22 43 44 45 46 47 48 49 50 51 52 53 54 55 56 57 58 59 60 61 62 63 64 65 66 67 68 69 70 71 72 73
(20,*) 0 1 2 3 4 5 6 7 8 9 10 11 12 13 14 15 16 17 18 19 21 22 43 44 45 46 47 48 49 50 51 52 53 54 55 56 57 58 59 60 61 62 63 64 65 66 67 68 69 70 71 72 73
(21,*) 0 1 2 3 4 5 6 7 8 9 10 11 12 13 14 15 16 17 18 19 20 22 43 44 45 46 47 48 49 50 51 52 53 54 55 56 57 58 59 60 61 62 63 64 65 66 67 68 69 70 71 72 73
(22,*) 0 1 2 3 4 5 6 7 8 9 10 11 12 13 14 15 16 17 18 19 20 21 43 44 45 46 47 48 49 50 51 52 53 54 55 56 57 58 59 60 61 62 63 64 65 66 67 68 69 70 71 72 73
(43,*) 0 1 2 3 4 5 6 7 8 9 10 11 12 13 14 15 16 17 18 19 20 21 22 44 45 46 47 48 49 50 51 52 53 54 55 56 57 58 59 60 61 62 63 64 65 66 67 68 69 70 71 72 73
(44,*) 0 1 2 3 4 5 6 7 8 9 10 11 12 13 14 15 16 17 18 19 20 21 22 43 45 46 47 48 49 50 51 52 53 54 55 56 57 58 59 60 61 62 63 64 65 66 67 68 69 70 71 72 73
(45,*) 0 1 2 3 4 5 6 7 8 9 10 11 12 13 14 15 16 17 18 19 20 21 22 43 44 46 47 48 49 50 51 52 53 54 55 56 57 58 59 60 61 62 63 64 65 66 67 68 69 70 71 72 73
(46,*) 0 1 2 3 4 5 6 7 8 9 10 11 12 13 14 15 16 17 18 19 20 21 22 43 44 45 47 48 49 50 51 52 53 54 55 56 57 58 59 60 61 62 63 64 65 66 67 68 69 70 71 72 73
(47,*) 0 1 2 3 4 5 6 7 8 9 10 11 12 13 14 15 16 17 18 19 20 21 22 43 44 45 46 48 49 50 51 52 53 54 55 56 57 58 59 60 61 62 63 64 65 66 67 68 69 70 71 72 73
(48,*) 0 1 2 3 4 5 6 7 8 9 10 11 12 13 14 15 16 17 18 19 20 21 22 43 44 45 46 47 49 50 51 52 53 54 55 56 57 58 59 60 61 62 63 64 65 66 67 68 69 70 71 72 73
(49,*) 0 1 2 3 4 5 6 7 8 9 10 11 12 13 14 15 16 17 18 19 20 21 22 43 44 45 46 47 48 50 51 52 53 54 55 56 57 58 59 60 61 62 63 64 65 66 67 68 69 70 71 72 73
(50,*) 0 1 2 3 4 5 6 7 8 9 10 11 12 13 14 15 16 17 18 19 20 21 22 43 44 45 46 47 48 49 51 52 53 54 55 56 57 58 59 60 61 62 63 64 65 66 67 68 69 70 71 72 73
(51,*) 0 1 2 3 4 5 6 7 8 9 10 11 12 13 14 15 16 17 18 19 20 21 22 43 44 45 46 47 48 49 50 52 53 54 55 56 57 58 59 60 61 62 63 64 65 66 67 68 69 70 71 72 73
(52,*) 0 1 2 3 4 5 6 7 8 9 10 11 12 13 14 15 16 17 18 19 20 21 22 43 44 45 46 47 48 49 50 51 53 54 55 56 57 58 59 60 61 62 63 64 65 66 67 68 69 70 71 72 73
(53,*) 0 1 2 3 4 5 6 7 8 9 10 11 12 13 14 15 16 17 18 19 20 21 22 43 44 45 46 47 48 49 50 51 52 54 55 56 57 58 59 60 61 62 63 64 65 66 67 68 69 70 71 72 73
(54,*) 0 1 2 3 4 5 6 7 8 9 10 11 12 13 14 15 16 17 18 19 20 21 22 43 44 45 46 47 48 49 50 51 52 53 55 56 57 58 59 60 61 62 63 64 65 66 67 68 69 70 71 72 73
(55,*) 0 1 2 3 4 5 6 7 8 9 10 11 12 13 14 15 16 17 18 19 20 21 22 43 44 45 46 47 48 49 50 51 52 53 54 56 57 58 59 60 61 62 63 64 65 66 67 68 69 70 71 72 73
(56,*) 0 1 2 3 4 5 6 7 8 9 10 11 12 13 14 15 16 17 18 19 20 21 22 43 44 45 46 47 48 49 50 51 52 53 54 55 57 58 59 60 61 62 63 64 65 66 67 68 69 70 71 72 73
(57,*) 0 1 2 3 4 5 6 7 8 9 10 11 12 13 14 15 16 17 18 19 20 21 22 43 44 45 46 47 48 49 50 51 52 53 54 55 56 58 59 60 61 62 63 64 65 66 67 68 69 70 71 72 73
(58,*) 0 1 2 3 4 5 6 7 8 9 10 11 12 13 14 15 16 17 18 19 20 21 22 43 44 45 46 47 48 49 50 51 52 53 54 55 56 57 59 60 61 62 63 64 65 66 67 68 69 70 71 72 73
(59,*) 0 1 2 3 4 5 6 7 8 9 10 11 12 13 14 15 16 17 18 19 20 21 22 43 44 45 46 47 48 49 50 51 52 53 54 55 56 57 58 60 61 62 63 64 65 66 67 68 69 70 71 72 73
(60,*) 0 1 2 3 4 5 6 7 8 9 10 11 12 13 14 15 16 17 18 19 20 21 22 43 44 45 46 47 48 49 50 51 52 53 54 55 56 57 58 59 61 62 63 64 65 66 67 68 69 70 71 72 73
(61,*) 0 1 2 3 4 5 6 7 8 9 10 11 12 13 14 15 16 17 18 19 20 21 22 43 44 45 46 47 48 49 50 51 52 53 54 55 56 57 58 59 60 62 63 64 65 66 67 68 69 70 71 72 73
(62,*) 0 1 2 3 4 5 6 7 8 9 10 11 12 13 14 15 16 17 18 19 20 21 22 43 44 45 46 47 48 49 50 51 52 53 54 55 56 57 58 59 60 61 63 64 65 66 67 68 69 70 71 72 73
(63,*) 0 1 2 3 4 5 6 7 8 9 10 11 12 13 14 15 16 17 18 19 20 21 22 43 44 45 46 47 48 49 50 51 52 53 54 55 56 57 58 59 60 61 62 65 66 67 68 69 70 71 72 73
(64,*) 0 1 2 3 4 5 6 7 8 9 10 11 12 13 14 15 16 17 18 19 20 21 22 43 44 45 46 47 48 49 50 51 52 53 54 55 56 57 58 59 60 61 62 65 66 67 68 69 70 71 72 73
(65,*) 0 1 2 3 4 5 6 7 8 9 10 11 12 13 14 15 16 17 18 19 20 21 22 43 44 45 46 47 48 49 50 51 52 53 54 55 56 57 58 59 60 61 62 63 64 66 67 68 69 70 71 72 73
(66,*) 0 1 2 3 4 5 6 7 8 9 10 11 12 13 14 15 16 17 18 19 20 21 22 43 44 45 46 47 48 49 50 51 52 53 54 55 56 57 58 59 60 61 62 63 64 65 67 68 69 70 71 72 73
(67,*) 0 1 2 3 4 5 6 7 8 9 10 11 12 13 14 15 16 17 18 19 20 21 22 43 44 45 46 47 48 49 50 51 52 53 54 55 56 57 58 59 60 61 62 63 64 65 66 68 69 70 71 72 73
(68,*) 0 1 2 3 4 5 6 7 8 9 10 11 12 13 14 15 16 17 18 19 20 21 22 43 44 45 46 47 48 49 50 51 52 53 54 55 56 57 58 59 60 61 62 63 64 65 66 67 69 70 71 72 73
(69,*) 0 1 2 3 4 5 6 7 8 9 10 11 12 13 14 15 16 17 18 19 20 21 22 43 44 45 46 47 48 49 50 51 52 53 54 55 56 57 58 59 60 61 62 63 64 65 66 67 68 70 71 72 73
(70,*) 0 1 2 3 4 5 6 7 8 9 10 11 12 13 14 15 16 17 18 19 20 21 22 43 44 45 46 47 48 49 50 51 52 53 54 55 56 57 58 59 60 61 62 63 64 65 66 67 68 69 71 72 73
(71,*) 0 1 2 3 4 5 6 7 8 9 10 11 12 13 14 15 16 17 18 19 20 21 22 43 44 45 46 47 48 49 50 51 52 53 54 55 56 57 58 59 60 61 62 63 64 65 66 67 68 69 70 72 73
(72,*) 0 1 2 3 4 5 6 7 8 9 10 11 12 13 14 15 16 17 18 19 20 21 22 43 44 45 46 47 48 49 50 51 52 53 54 55 56 57 58 59 60 61 62 63 64 65 66 67 68 69 70 71 73
(73,*) 0 1 2 3 4 5 6 7 8 9 10 11 12 13 14 15 16 17 18 19 20 21 22 43 44 45 46 47 48 49 50 51 52 53 54 55 56 57 58 59 60 61 62 63 64 65 66 67 68 69 70 71 72
;
set A2:=
(63,*) 64
(64,*) 63
;
param BigM:=99999;
param n:= 9;
param d:=
1	5
2	20
3	19
4	2
5	5
6	1
7	15
8	21
9	22
10	6
11	14
12	2
13	26
14	15
15	15
16	22
17	20
18	15
19	4
20	2
21	18
22	19
23	4
24	18
25	7
26	7
27	18
28	10
29	21
30	14
31	19
32	22
33	24
34	21
35	6
36	23
37	26
38	3
39	2
40	21
41	12
42	20
43	22
44	14
45	9
46	20
47	11
48	20
49	15
50	14
51	15
52	15
53	23
54	14
55	7
56	2
57	10
58	23
59	4
60	24
61	17
62	8
;
param Q:=100;
param w:=
[63,*] 64 0.5
[64,*] 63 0.5
;
param V:=
[63,*] 64 97
[64,*] 63 97
;
param e:
	63	64	65	66	67	68	69	70	71	72	73:=
23	1	1	0	1	0	0	0	0	0	0	0	
24	0	1	0	1	0	0	0	0	0	0	0	
25	1	1	0	0	0	0	0	1	0	0	0	
26	1	1	0	0	1	0	0	0	0	0	0	
27	1	0	0	0	0	0	0	1	0	0	0	
28	1	0	0	0	0	0	0	1	0	0	0	
29	1	1	0	0	1	0	0	0	0	0	0	
30	1	1	0	0	1	0	0	0	0	0	0	
31	1	0	0	0	0	0	1	0	0	0	0	
32	0	1	0	0	0	1	0	0	0	0	0	
33	1	1	0	0	1	0	0	0	0	0	0	
34	1	0	0	0	0	0	0	1	0	0	0	
35	1	0	0	0	0	0	0	0	1	0	0	
36	1	1	0	0	0	0	0	0	0	0	1	
37	1	0	0	0	0	0	0	0	0	1	0	
38	1	1	0	0	0	0	1	0	0	0	0	
39	1	0	0	0	1	0	1	0	0	0	1	
40	1	1	1	0	1	0	0	0	1	0	1	
41	1	0	1	0	1	0	1	0	1	0	1	
42	0	1	0	0	0	0	0	0	1	0	0	
43	0	1	0	0	0	1	0	0	0	0	0	
44	1	1	1	0	1	0	1	0	0	0	1	
45	1	0	1	0	1	0	0	0	1	0	1	
46	1	0	1	0	0	0	0	0	1	0	0	
47	1	1	0	0	0	0	0	0	0	1	0	
48	1	1	0	0	0	0	1	0	0	0	0	
49	1	0	0	0	0	0	0	0	1	0	0	
50	1	1	0	1	0	0	0	0	0	0	0	
51	1	0	0	0	0	0	0	0	1	0	0	
52	0	1	0	1	0	1	0	0	0	0	0	
53	0	1	0	0	0	0	0	0	0	0	1	
54	1	1	1	0	1	0	1	0	1	0	1	
55	0	1	0	0	0	0	0	0	1	0	0	
56	1	1	0	0	0	0	0	1	0	0	0	
57	1	0	0	0	0	0	0	0	1	0	0	
58	1	1	0	1	0	0	0	0	0	0	0	
59	1	0	0	0	0	0	0	0	1	0	0	
60	0	1	0	0	0	1	0	1	0	1	0	
61	1	0	0	0	1	0	1	0	0	0	1	
62	1	0	1	0	1	0	1	0	0	0	1	
;
param p:=
1	3
2	3
3	3
4	3
5	3
6	3
7	3
8	3
9	3
;
param G:=
63	73
64	97
65	98
66	78
67	81
68	78
69	86
70	81
71	92
72	90
73	71
;
param s:=
0	0
1	10
2	10
3	10
4	10
5	10
6	10
7	10
8	10
9	10
10	10
11	10
12	10
13	10
14	10
15	10
16	10
17	10
18	10
19	10
20	10
21	10
22	10
43	10
44	10
45	10
46	10
47	10
48	10
49	10
50	10
51	10
52	10
53	10
54	10
55	10
56	10
57	10
58	10
59	10
60	10
61	10
62	10
63	10
64	10
65	10
66	10
67	10
68	10
69	10
70	10
71	10
72	10
73	10
;
param t:
	0	1	2	3	4	5	6	7	8	9	10	11	12	13	14	15	16	17	18	19	20	21	22	23	24	25	26	27	28	29	30	31	32	33	34	35	36	37	38	39	40	41	42	43	44	45	46	47	48	49	50	51	52	53	54	55	56	57	58	59	60	61	62	63	64	65	66	67	68	69	70	71	72	73:=
0	0.0	72.25	82.46	90.91	39.29	42.52	10.0	32.25	33.53	8.94	86.58	54.15	101.82	100.5	80.45	86.02	99.04	80.0	77.82	83.35	82.39	50.99	62.8	121.66	64.03	26.08	57.69	14.42	28.64	75.89	70.34	84.4	92.35	61.35	26.68	80.32	88.81	32.98	110.45	99.3	82.46	84.76	91.78	83.76	100.44	75.15	50.16	92.09	112.07	70.11	62.0	80.4	60.83	78.0	76.97	86.83	74.0	62.51	50.16	78.23	24.41	98.08	92.28	81.02	69.18	76.01	37.22	81.41	46.65	102.58	11.05	63.25	23.77	82.68
1	72.25	0.0	27.2	64.03	37.58	52.5	62.29	41.23	43.08	64.03	21.26	18.11	78.0	74.03	76.55	115.6	78.1	10.0	40.05	83.57	108.81	38.21	49.19	94.76	11.31	53.85	67.2	82.0	68.0	91.59	91.61	77.2	37.58	82.46	84.31	94.02	58.0	74.43	88.02	89.44	100.5	96.6	30.0	52.04	89.11	84.12	73.54	119.28	98.33	107.48	11.66	107.2	20.0	36.0	85.88	60.13	30.07	93.38	22.09	106.83	63.56	105.11	89.84	114.21	11.4	76.56	36.4	85.09	43.86	97.29	74.95	84.02	52.2	80.99
2	82.46	27.2	0.0	39.29	43.17	48.66	72.8	50.6	49.03	75.89	11.66	35.38	52.61	48.37	57.2	102.18	53.37	20.0	17.2	64.4	95.02	34.06	34.99	68.12	24.08	58.31	55.57	88.36	68.26	76.42	78.41	56.6	11.31	71.02	86.21	77.79	32.98	72.99	62.29	66.48	84.85	79.4	10.2	27.86	65.79	67.88	65.39	104.69	73.76	97.75	26.91	93.72	22.36	12.81	69.31	36.06	10.77	83.35	38.42	94.02	66.0	85.44	68.96	102.2	18.6	58.8	45.88	66.84	40.2	74.85	81.5	72.11	59.03	61.61
3	90.91	64.03	39.29	0.0	57.69	48.41	83.45	66.03	61.22	87.68	50.6	64.03	14.14	10.77	25.3	73.54	14.14	58.86	24.0	31.3	66.48	43.27	28.28	33.11	56.32	65.12	39.29	90.55	66.24	48.08	52.95	22.36	34.99	50.0	82.46	47.54	6.32	67.23	24.33	27.78	54.63	47.41	44.72	12.0	26.83	39.29	51.42	74.24	34.53	74.97	58.55	65.79	49.03	28.07	39.85	4.47	34.0	62.13	65.15	67.05	67.68	49.52	32.56	75.58	53.01	29.61	63.29	34.93	45.34	36.36	85.15	50.04	68.59	28.64
4	39.29	37.58	43.17	57.69	0.0	18.97	29.73	8.49	6.0	33.11	48.0	21.26	70.71	68.26	56.57	84.1	68.88	43.17	40.0	62.13	78.0	14.42	30.46	90.55	27.2	16.49	38.47	46.04	30.53	63.56	61.35	59.23	53.14	51.26	46.82	67.08	54.04	37.2	80.5	74.22	72.28	70.71	52.61	48.17	74.73	58.31	40.25	88.77	86.02	73.24	26.0	76.16	22.0	39.45	60.3	53.25	34.93	60.03	18.44	75.15	26.0	82.1	70.46	81.49	31.4	54.08	6.08	62.0	14.14	80.06	39.01	53.14	16.03	60.3
5	42.52	52.5	48.66	48.41	18.97	0.0	35.61	24.0	18.0	40.0	56.92	38.83	59.46	58.0	40.5	65.3	56.85	55.57	38.47	45.12	59.09	15.23	20.59	79.4	41.23	17.2	20.0	43.08	20.1	44.72	42.38	43.86	56.0	32.31	38.05	48.37	46.65	24.33	68.41	59.09	53.37	52.15	58.86	42.05	59.93	40.0	21.63	69.86	71.55	55.32	41.04	57.27	33.29	40.05	42.0	44.41	38.21	41.62	36.72	56.36	19.7	64.03	53.85	62.97	43.57	37.11	24.52	44.41	8.94	63.89	37.12	34.18	21.47	43.68
6	10.0	62.29	72.8	83.45	29.73	35.61	0.0	22.36	24.17	4.47	76.66	44.18	95.02	93.38	75.18	86.37	92.46	70.0	68.96	78.79	82.02	42.19	55.17	114.98	54.04	18.44	52.8	21.63	26.08	73.35	68.47	78.89	82.87	58.86	30.53	77.67	80.92	32.06	104.02	94.02	80.62	82.0	82.0	75.6	95.02	71.47	47.07	92.2	106.68	71.39	52.0	80.02	50.99	68.88	73.38	79.25	64.62	62.03	40.2	78.1	20.4	95.08	87.73	81.88	59.21	71.11	27.29	77.25	38.42	97.99	15.56	60.83	15.0	77.82
7	32.25	41.23	50.6	66.03	8.49	24.0	22.36	0.0	6.0	25.3	54.33	23.41	78.89	76.55	63.56	87.32	76.94	48.17	48.41	68.73	81.61	22.8	38.47	98.79	32.06	14.14	44.0	40.79	29.73	68.47	65.51	66.48	60.93	55.32	43.91	72.25	62.48	36.88	88.59	81.61	76.94	76.11	59.67	56.64	82.22	64.0	43.68	92.35	93.64	75.18	30.27	79.7	28.64	47.71	66.0	61.61	42.94	62.77	19.7	78.43	24.08	88.02	77.28	84.17	37.01	60.67	5.0	68.26	21.54	87.1	33.73	57.27	11.18	67.08
8	33.53	43.08	49.03	61.22	6.0	18.0	24.17	6.0	0.0	27.78	54.0	26.08	73.78	71.61	57.72	81.71	71.69	49.03	44.94	62.8	75.89	18.44	33.29	93.74	32.98	10.77	38.0	40.05	25.61	62.51	59.67	60.73	58.82	49.48	41.23	66.27	58.0	32.56	83.35	75.89	71.02	70.11	58.55	52.35	76.55	58.0	37.95	86.65	88.02	69.97	31.62	74.0	28.0	44.72	60.0	56.85	40.5	57.27	22.8	72.8	20.59	82.02	71.39	78.72	37.34	54.74	7.81	62.29	16.12	81.25	33.02	51.42	10.05	61.19
9	8.94	64.03	75.89	87.68	33.11	40.0	4.47	25.3	27.78	0.0	79.25	46.0	99.36	97.67	79.65	90.2	96.83	72.11	72.72	83.26	86.0	46.04	59.4	119.33	56.32	22.8	57.27	22.63	30.27	77.67	72.69	83.35	86.16	63.15	33.11	82.0	85.04	36.0	108.41	98.49	84.85	86.35	84.9	79.65	99.48	75.89	51.42	96.08	111.14	74.97	54.15	84.0	53.85	72.47	77.79	83.45	68.03	66.0	42.0	82.02	24.74	99.46	92.2	85.59	61.66	75.58	30.08	81.71	42.52	102.46	17.49	65.12	19.1	82.29
10	86.58	21.26	11.66	50.6	48.0	56.92	76.66	54.33	54.0	79.25	0.0	34.93	63.56	59.23	68.82	113.28	64.56	11.66	28.84	76.03	106.15	41.76	45.61	78.03	23.41	64.12	66.03	94.02	75.71	87.68	89.38	68.26	18.11	81.61	93.38	89.2	44.27	81.04	72.99	78.0	96.21	90.91	8.94	39.4	77.25	79.25	75.18	115.97	84.9	108.17	26.0	104.8	26.0	24.41	80.72	47.54	21.26	93.74	38.63	105.0	72.69	97.1	80.62	113.07	17.72	70.29	49.37	78.41	48.08	86.41	87.01	82.8	64.01	73.24
11	54.15	18.11	35.38	64.03	21.26	38.83	44.18	23.41	26.08	46.0	34.93	0.0	78.1	74.73	70.46	103.94	77.28	26.31	41.23	76.94	97.53	27.2	42.19	96.77	11.66	36.72	56.46	64.03	51.61	81.71	80.5	72.11	46.69	70.71	67.08	84.76	58.82	58.41	88.29	86.02	90.62	87.93	42.19	52.5	86.09	75.29	60.46	108.24	96.52	94.02	8.94	95.77	15.23	38.47	77.2	59.67	32.25	80.45	4.0	95.02	46.65	98.06	84.38	101.79	17.49	69.23	18.79	77.67	31.3	93.05	57.01	72.47	34.54	74.67
12	101.82	78.0	52.61	14.14	70.71	59.46	95.02	78.89	73.78	99.36	63.56	78.1	0.0	4.47	26.68	71.39	4.0	72.44	38.05	30.0	64.78	56.36	40.5	20.0	70.46	76.58	46.65	100.0	75.6	48.0	54.15	22.36	46.82	53.85	90.55	46.17	20.0	75.47	10.2	18.87	52.61	44.72	56.92	26.08	17.2	40.2	58.14	70.88	21.54	76.03	72.69	64.5	63.15	42.0	40.05	18.44	48.04	64.78	79.12	66.27	77.9	42.94	27.2	74.55	67.07	32.02	76.48	34.0	57.69	27.02	95.13	53.37	80.43	28.07
13	100.5	74.03	48.37	10.77	68.26	58.0	93.38	76.55	71.61	97.67	59.23	74.73	4.47	0.0	28.07	74.22	7.21	68.26	34.23	32.25	67.47	53.85	38.42	22.36	66.75	74.97	46.52	99.3	74.89	50.16	56.0	24.0	42.38	54.92	90.35	48.66	16.12	75.18	14.0	22.8	55.32	47.54	52.5	22.36	21.26	42.0	58.31	74.0	26.0	78.03	69.05	67.08	59.67	38.05	42.05	15.23	44.18	66.27	75.89	68.73	76.84	46.65	30.46	77.1	63.2	33.24	73.93	36.22	55.61	31.14	94.2	54.59	78.64	30.07
14	80.45	76.55	57.2	25.3	56.57	40.5	75.18	63.56	57.72	79.65	68.82	70.46	26.68	28.07	0.0	48.33	22.8	74.24	40.0	7.21	41.23	44.0	28.28	43.91	66.48	57.27	22.8	76.37	52.5	22.8	28.07	4.47	56.64	27.2	65.6	22.36	29.53	50.99	32.25	18.87	29.53	22.8	65.12	31.24	20.0	14.14	32.8	49.4	31.62	50.16	67.91	40.5	57.72	44.41	14.56	25.06	48.37	38.21	70.11	41.76	56.04	28.64	14.0	50.29	65.19	5.39	62.65	10.0	42.43	23.54	72.35	26.68	61.85	4.47
15	86.02	115.6	102.18	73.54	84.1	65.3	86.37	87.32	81.71	90.2	113.28	103.94	71.39	74.22	48.33	0.0	67.47	116.1	85.6	42.38	7.21	77.67	67.88	82.02	104.4	74.73	48.41	74.67	60.83	26.08	24.08	51.26	103.73	33.29	60.53	26.0	77.82	54.33	72.11	54.15	18.97	26.68	111.21	78.89	56.14	34.99	43.86	6.32	62.29	17.09	104.86	8.49	95.6	89.64	34.0	73.35	92.02	24.74	102.0	8.94	67.08	32.56	44.41	6.4	105.12	44.78	89.16	38.63	72.72	49.09	75.06	31.62	79.56	44.94
16	99.04	78.1	53.37	14.14	68.88	56.85	92.46	76.94	71.69	96.83	64.56	77.28	4.0	7.21	22.8	67.47	0.0	72.99	38.05	26.0	60.83	54.63	38.47	22.63	70.11	74.03	43.27	96.83	72.47	44.0	50.16	18.44	48.33	50.0	87.13	42.19	20.4	72.11	11.66	15.62	48.66	40.79	58.31	26.08	14.14	36.22	54.59	67.05	20.4	72.03	72.25	60.53	62.51	42.19	36.06	18.0	48.04	60.83	78.1	62.29	74.97	39.45	23.41	70.58	67.01	28.16	74.73	30.0	55.57	24.04	92.1	49.48	78.01	24.08
17	80.0	10.0	20.0	58.86	43.17	55.57	70.0	48.17	49.03	72.11	11.66	26.31	72.44	68.26	74.24	116.1	72.99	0.0	35.44	81.41	109.12	40.5	48.41	88.09	16.12	59.67	67.88	88.81	72.8	91.21	92.02	74.32	29.12	83.45	89.84	93.23	52.61	78.79	82.22	85.44	100.0	95.41	20.59	47.07	84.9	83.23	75.6	119.33	93.38	109.34	18.0	107.63	22.36	31.05	84.88	55.32	26.0	95.02	30.27	107.52	68.96	102.86	86.93	115.26	12.08	74.95	43.19	83.35	46.65	93.61	81.74	84.85	58.69	78.71
18	77.82	40.05	17.2	24.0	40.0	38.47	68.96	48.41	44.94	72.72	28.84	41.23	38.05	34.23	40.0	85.6	38.05	35.44	0.0	47.2	78.41	26.83	20.4	55.79	32.56	52.0	40.5	81.04	58.55	59.67	62.13	39.45	18.97	55.46	76.42	60.83	18.11	62.03	48.17	50.0	67.94	62.29	25.61	12.0	49.48	50.99	51.42	87.86	58.31	82.29	34.93	77.2	26.0	4.47	52.35	20.1	10.0	68.03	42.94	77.67	57.72	68.26	51.88	85.98	29.02	41.73	44.6	49.68	31.62	58.19	74.63	56.36	54.12	44.41
19	83.35	83.57	64.4	31.3	62.13	45.12	78.79	68.73	62.8	83.26	76.03	76.94	30.0	32.25	7.21	42.38	26.0	81.41	47.2	0.0	35.44	50.16	34.93	44.94	73.38	61.35	26.0	78.1	54.92	18.0	24.33	8.94	63.66	26.08	66.48	16.49	36.06	52.5	33.53	17.2	23.41	16.12	72.25	38.21	18.87	10.77	34.06	42.94	29.73	46.04	74.73	34.93	64.56	51.61	10.2	31.62	55.57	35.44	76.42	36.5	59.06	21.54	8.94	44.91	72.24	8.06	68.18	4.0	48.04	19.24	74.63	25.06	66.1	2.83
20	82.39	108.81	95.02	66.48	78.0	59.09	82.02	81.61	75.89	86.0	106.15	97.53	64.78	67.47	41.23	7.21	60.83	109.12	78.41	35.44	0.0	71.02	60.83	76.24	97.65	69.43	41.62	71.81	56.14	18.87	17.2	44.27	96.52	26.83	57.72	18.97	70.68	50.0	66.0	48.0	12.17	20.1	104.02	71.69	50.0	27.78	37.95	10.77	56.89	16.97	98.18	2.0	88.81	82.46	26.83	66.21	84.9	20.0	95.71	4.47	62.29	27.86	38.05	10.05	98.23	37.59	83.22	31.62	66.24	43.57	71.57	25.06	74.33	37.95
21	50.99	38.21	34.06	43.27	14.42	15.23	42.19	22.8	18.44	46.04	41.76	27.2	56.36	53.85	44.0	77.67	54.63	40.5	26.83	50.16	71.02	0.0	16.49	76.16	26.91	25.3	29.53	54.92	34.23	54.63	53.85	46.17	42.43	44.41	52.15	57.58	39.7	39.29	66.21	60.83	63.56	60.73	44.18	33.94	61.19	48.08	35.38	81.63	72.28	69.31	27.2	69.34	18.44	27.2	50.0	38.83	24.08	55.17	26.31	68.82	32.06	71.02	58.0	76.06	28.6	42.3	20.12	50.64	6.32	67.19	48.27	46.04	27.29	48.04
22	62.8	49.19	34.99	28.28	30.46	20.59	55.17	38.47	33.29	59.4	45.61	42.19	40.5	38.42	28.28	67.88	38.47	48.41	20.4	34.93	60.83	16.49	0.0	60.46	38.63	36.88	20.59	63.56	39.85	42.8	43.86	30.0	39.29	36.06	57.27	44.94	26.08	42.43	50.12	44.41	51.61	47.41	44.72	21.54	44.72	34.99	31.05	70.94	55.79	62.77	39.85	59.4	29.73	23.41	36.72	24.08	24.41	48.37	42.0	59.46	40.25	56.32	42.19	67.48	38.08	27.51	36.4	36.06	17.2	51.01	57.71	37.2	40.31	32.56
23	121.66	94.76	68.12	33.11	90.55	79.4	114.98	98.79	93.74	119.33	78.03	96.77	20.0	22.36	43.91	82.02	22.63	88.09	55.79	44.94	76.24	76.16	60.46	0.0	88.29	96.54	65.6	119.33	95.02	62.1	68.96	39.45	60.13	70.68	109.29	59.23	37.95	94.4	11.66	28.64	64.5	56.57	70.26	44.27	26.68	55.71	76.55	80.1	20.4	89.82	90.71	76.42	81.61	59.23	55.03	37.58	65.51	80.32	98.08	78.64	97.59	50.16	38.83	86.28	84.34	49.24	96.25	48.7	77.67	33.02	114.69	69.86	100.42	43.86
24	64.03	11.31	24.08	56.32	27.2	41.23	54.04	32.06	32.98	56.32	23.41	11.66	70.46	66.75	66.48	104.4	70.11	16.12	32.56	73.38	97.65	26.91	38.63	88.29	0.0	43.68	56.04	72.69	57.27	80.62	80.45	67.47	35.38	71.22	74.0	83.19	50.64	63.53	80.62	80.4	89.55	85.91	30.53	44.41	80.22	73.35	62.23	108.17	90.0	96.17	2.83	96.02	8.94	29.12	75.15	52.15	22.8	82.07	15.23	95.6	53.14	94.87	80.05	102.94	5.83	66.13	27.07	74.67	32.56	87.97	65.62	72.8	42.58	70.88
25	26.08	53.85	58.31	65.12	16.49	17.2	18.44	14.14	10.77	22.8	64.12	36.72	76.58	74.97	57.27	74.73	74.03	59.67	52.0	61.35	69.43	25.3	36.88	96.54	43.68	0.0	35.44	30.07	15.62	58.03	54.15	60.83	67.47	44.05	30.46	62.13	62.8	22.8	85.6	76.03	66.03	66.27	68.12	57.69	76.94	54.92	32.06	80.05	88.59	61.74	42.38	67.47	38.21	52.5	56.89	60.96	49.03	50.0	33.29	65.97	10.0	78.92	70.23	71.17	47.85	53.49	18.03	60.17	20.59	80.41	23.19	46.04	5.0	60.17
26	57.69	67.2	55.57	39.29	38.47	20.0	52.8	44.0	38.0	57.27	66.03	56.46	46.65	46.52	22.8	48.41	43.27	67.88	40.5	26.0	41.62	29.53	20.59	65.6	56.04	35.44	0.0	53.81	29.73	25.3	24.41	26.91	59.46	15.62	43.91	28.64	40.2	28.84	54.04	41.62	34.18	32.25	65.3	38.05	42.8	20.0	12.17	52.15	54.41	42.19	56.6	40.0	47.2	43.86	22.0	36.5	44.94	27.78	55.03	39.7	33.29	44.05	34.93	47.38	56.73	18.36	44.28	24.74	25.3	45.19	49.58	16.97	40.26	25.06
27	14.42	82.0	88.36	90.55	46.04	43.08	21.63	40.79	40.05	22.63	94.02	64.03	100.0	99.3	76.37	74.67	96.83	88.81	81.04	78.1	71.81	54.92	63.56	119.33	72.69	30.07	53.81	0.0	24.41	68.0	61.74	80.62	97.32	53.85	14.14	72.47	89.44	25.61	107.81	94.85	73.54	76.94	98.18	85.09	96.21	68.82	44.05	80.89	107.63	58.14	71.02	69.86	68.03	82.0	70.46	86.83	78.92	52.5	60.17	67.47	23.41	90.35	86.83	69.26	77.32	71.45	45.71	75.6	49.48	97.01	7.07	55.57	30.15	77.9
28	28.64	68.0	68.26	66.24	30.53	20.1	26.08	29.73	25.61	30.27	75.71	51.61	75.6	74.89	52.5	60.83	72.47	72.8	58.55	54.92	56.14	34.23	39.85	95.02	57.27	15.62	29.73	24.41	0.0	47.54	42.43	56.64	76.03	32.98	18.0	51.92	65.39	7.21	83.55	71.22	54.59	56.32	78.41	61.35	72.47	46.52	21.54	66.48	84.02	46.82	56.36	54.15	50.6	60.13	48.33	62.61	58.03	36.22	48.41	52.35	6.32	69.57	63.81	56.75	60.75	47.8	33.3	52.84	28.07	74.09	19.85	34.93	19.72	54.41
29	75.89	91.59	76.42	48.08	63.56	44.72	73.35	68.47	62.51	77.67	87.68	81.71	48.0	50.16	22.8	26.08	44.0	91.21	59.67	18.0	18.87	54.63	42.8	62.1	80.62	58.03	25.3	68.0	47.54	0.0	7.21	26.31	77.67	14.56	54.92	4.47	52.0	43.08	50.99	33.53	8.94	8.94	85.28	52.84	35.44	8.94	26.31	28.28	44.72	28.07	81.41	17.89	71.69	63.78	8.25	47.54	66.48	18.87	80.32	18.97	52.95	22.36	23.41	27.51	80.71	18.79	69.23	14.0	50.6	31.91	65.92	12.65	63.03	20.1
30	70.34	91.61	78.41	52.95	61.35	42.38	68.47	65.51	59.67	72.69	89.38	80.5	54.15	56.0	28.07	24.08	50.16	92.02	62.13	24.33	17.2	53.85	43.86	68.96	80.45	54.15	24.41	61.74	42.43	7.21	0.0	32.0	80.62	10.2	48.37	11.31	56.32	37.36	57.72	40.5	12.17	15.62	87.66	56.46	42.38	14.0	22.09	27.78	51.88	22.09	80.99	15.62	71.61	66.03	14.14	51.92	68.12	11.66	78.79	15.62	48.17	28.84	30.46	23.85	81.06	23.35	66.76	20.4	49.19	39.12	60.08	8.25	59.14	26.08
31	84.4	77.2	56.6	22.36	59.23	43.86	78.89	66.48	60.73	83.35	68.26	72.11	22.36	24.0	4.47	51.26	18.44	74.32	39.45	8.94	44.27	46.17	30.0	39.45	67.47	60.83	26.91	80.62	56.64	26.31	32.0	0.0	55.17	31.62	70.0	25.3	27.2	55.32	27.78	15.23	32.31	25.06	64.03	29.73	16.12	18.0	37.2	51.88	27.78	54.04	69.05	43.68	58.86	43.91	18.11	22.8	48.33	42.43	72.0	45.12	60.0	28.84	12.65	53.6	65.8	9.85	65.31	12.65	45.12	21.02	76.49	31.05	65.31	6.32
32	92.35	37.58	11.31	34.99	53.14	56.0	82.87	60.93	58.82	86.16	18.11	46.69	46.82	42.38	56.64	103.73	48.33	29.12	18.97	63.66	96.52	42.43	39.29	60.13	35.38	67.47	59.46	97.32	76.03	77.67	80.62	55.17	0.0	74.32	94.02	78.41	28.84	80.1	55.79	62.77	85.6	79.4	10.2	25.46	61.77	68.82	70.34	105.6	68.35	101.13	38.21	95.41	33.29	16.12	70.0	32.8	18.44	86.93	49.68	96.04	74.43	83.74	66.84	104.45	29.83	59.2	56.36	66.6	48.17	71.34	90.61	75.15	68.68	60.83
33	61.35	82.46	71.02	50.0	51.26	32.31	58.86	55.32	49.48	63.15	81.61	70.71	53.85	54.92	27.2	33.29	50.0	83.45	55.46	26.08	26.83	44.41	36.06	70.68	71.22	44.05	15.62	53.85	32.98	14.56	10.2	31.62	74.32	0.0	41.23	18.97	52.35	28.64	59.09	43.27	22.0	23.41	80.62	51.42	44.94	15.62	12.0	37.58	55.61	26.83	71.61	25.06	62.48	59.06	16.97	48.17	60.46	12.65	68.88	24.41	38.47	36.77	34.06	31.83	72.18	21.84	56.61	22.8	39.45	43.84	51.48	2.0	49.04	26.83
34	26.68	84.31	86.21	82.46	46.82	38.05	30.53	43.91	41.23	33.11	93.38	67.08	90.55	90.35	65.6	60.53	87.13	89.84	76.42	66.48	57.72	52.15	57.27	109.29	74.0	30.46	43.91	14.14	18.0	54.92	48.37	70.0	94.02	41.23	0.0	59.36	82.22	15.23	97.65	83.55	59.93	63.81	96.33	78.59	85.04	56.64	32.8	66.75	96.21	44.05	72.8	55.79	67.91	78.1	58.14	79.12	76.03	38.63	63.53	53.37	20.88	77.18	74.97	55.15	77.88	60.44	48.3	63.66	46.04	84.96	15.81	42.8	32.76	66.6
35	80.32	94.02	77.79	47.54	67.08	48.37	77.67	72.25	66.27	82.0	89.2	84.76	46.17	48.66	22.36	26.0	42.19	93.23	60.83	16.49	18.97	57.58	44.94	59.23	83.19	62.13	28.64	72.47	51.92	4.47	11.31	25.3	78.41	18.97	59.36	0.0	51.88	47.54	48.37	30.59	7.21	4.47	86.37	53.25	32.56	10.0	30.59	27.2	41.23	30.59	84.1	18.44	74.24	65.05	8.49	47.41	68.12	22.8	83.52	20.1	57.27	17.89	20.4	28.44	83.01	19.21	72.84	12.65	53.85	28.18	70.38	17.09	67.12	18.97
36	88.81	58.0	32.98	6.32	54.04	46.65	80.92	62.48	58.0	85.04	44.27	58.82	20.0	16.12	29.53	77.82	20.4	52.61	18.11	36.06	70.68	39.7	26.08	37.95	50.64	62.8	40.2	89.44	65.39	52.0	56.32	27.2	28.84	52.35	82.22	51.88	0.0	67.05	30.07	34.0	59.06	52.15	38.47	6.32	33.11	43.08	52.35	78.89	40.79	78.1	52.95	69.86	43.68	22.0	43.86	4.47	28.07	64.78	60.17	70.94	66.24	55.17	38.21	79.48	47.1	33.24	59.41	39.45	42.52	42.54	83.73	52.61	65.95	33.29
37	32.98	74.43	72.99	67.23	37.2	24.33	32.06	36.88	32.56	36.0	81.04	58.41	75.47	75.18	50.99	54.33	72.11	78.79	62.03	52.5	50.0	39.29	42.43	94.4	63.53	22.8	28.84	25.61	7.21	43.08	37.36	55.32	80.1	28.64	15.23	47.54	67.05	0.0	82.8	69.31	49.48	52.0	83.19	63.56	70.71	43.27	18.44	60.13	82.07	39.85	62.77	48.0	56.46	64.03	44.94	63.91	62.51	30.0	55.32	46.04	13.42	65.39	61.22	50.01	66.71	45.97	40.31	50.0	32.98	71.4	22.85	30.46	26.93	52.35
38	110.45	88.02	62.29	24.33	80.5	68.41	104.02	88.59	83.35	108.41	72.99	88.29	10.2	14.0	32.25	72.11	11.66	82.22	48.17	33.53	66.0	66.21	50.12	11.66	80.62	85.6	54.04	107.81	83.55	50.99	57.72	27.78	55.79	59.09	97.65	48.37	30.07	82.8	0.0	18.0	54.04	46.04	65.97	36.22	16.0	44.27	64.9	70.71	14.14	78.92	82.87	66.03	73.35	52.04	43.68	28.64	58.14	68.96	89.29	68.12	86.28	41.23	28.07	76.01	77.16	37.59	86.33	37.36	67.23	24.04	103.28	58.31	89.63	32.31
39	99.3	89.44	66.48	27.78	74.22	59.09	94.02	81.61	75.89	98.49	78.0	86.02	18.87	22.8	18.87	54.15	15.62	85.44	50.0	17.2	48.0	60.83	44.41	28.64	80.4	76.03	41.62	94.85	71.22	33.53	40.5	15.23	62.77	43.27	83.55	30.59	34.0	69.31	18.0	0.0	36.06	28.07	72.47	38.63	2.0	27.78	50.91	52.95	12.81	61.19	82.22	48.04	72.11	54.41	26.83	30.46	59.67	52.0	86.21	50.16	74.89	24.17	10.2	58.01	78.09	23.43	80.28	20.59	60.17	8.6	91.05	42.19	80.53	16.97
40	82.46	100.5	84.85	54.63	72.28	53.37	80.62	76.94	71.02	84.85	96.21	90.62	52.61	55.32	29.53	18.97	48.66	100.0	67.94	23.41	12.17	63.56	51.61	64.5	89.55	66.03	34.18	73.54	54.59	8.94	12.17	32.31	85.6	22.0	59.93	7.21	59.06	49.48	54.04	36.06	0.0	8.0	93.51	60.46	38.05	16.97	34.0	20.0	45.61	26.0	90.35	12.0	80.62	72.14	15.62	54.59	75.07	21.63	89.2	14.14	60.3	18.44	26.0	22.02	89.59	26.4	77.88	19.7	59.46	32.28	72.12	20.0	71.03	26.0
41	84.76	96.6	79.4	47.41	70.71	52.15	82.0	76.11	70.11	86.35	90.91	87.93	44.72	47.54	22.8	26.68	40.79	95.41	62.29	16.12	20.1	60.73	47.41	56.57	85.91	66.27	32.25	76.94	56.32	8.94	15.62	25.06	79.4	23.41	63.81	4.47	52.15	52.0	46.04	28.07	8.0	0.0	87.68	54.04	30.07	12.65	34.93	26.83	37.95	33.53	86.93	20.0	76.97	66.6	10.77	47.71	70.0	26.91	86.83	22.09	61.61	13.42	18.0	30.02	85.48	20.62	76.53	12.81	57.27	24.7	74.85	21.54	71.25	18.87
42	91.78	30.0	10.2	44.72	52.61	58.86	82.0	59.67	58.55	84.9	8.94	42.19	56.92	52.5	65.12	111.21	58.31	20.59	25.61	72.25	104.02	44.18	44.72	70.26	30.53	68.12	65.3	98.18	78.41	85.28	87.66	64.03	10.2	80.62	96.33	86.37	38.47	83.19	65.97	72.47	93.51	87.68	0.0	34.41	71.55	76.58	75.39	113.45	78.43	107.42	33.29	102.8	31.05	21.63	77.9	42.19	20.88	93.06	45.65	103.23	76.03	92.8	76.03	111.5	24.7	67.21	54.82	74.97	50.36	81.01	91.27	81.63	68.59	69.43
43	83.76	52.04	27.86	12.0	48.17	42.05	75.6	56.64	52.35	79.65	39.4	52.5	26.08	22.36	31.24	78.89	26.08	47.07	12.0	38.21	71.69	33.94	21.54	44.27	44.41	57.69	38.05	85.09	61.35	52.84	56.46	29.73	25.46	51.42	78.59	53.25	6.32	63.56	36.22	38.63	60.46	54.04	34.41	0.0	37.95	43.91	50.0	80.45	46.39	77.79	46.69	70.71	37.36	16.12	44.94	8.25	22.0	64.03	53.85	71.55	61.74	58.41	41.62	80.06	41.01	34.13	53.41	41.23	37.2	47.01	79.16	51.92	60.61	35.38
44	100.44	89.11	65.79	26.83	74.73	59.93	95.02	82.22	76.55	99.48	77.25	86.09	17.2	21.26	20.0	56.14	14.14	84.9	49.48	18.87	50.0	61.19	44.72	26.68	80.22	76.94	42.8	96.21	72.47	35.44	42.38	16.12	61.77	44.94	85.04	32.56	33.11	70.71	16.0	2.0	38.05	30.07	71.55	37.95	0.0	29.53	52.35	54.92	11.66	63.15	82.1	50.04	72.03	53.85	28.64	29.73	59.23	53.85	86.37	52.15	76.03	26.0	12.17	60.01	77.78	24.76	80.78	22.36	60.73	9.9	92.31	43.91	81.39	18.44
45	75.15	84.12	67.88	39.29	58.31	40.0	71.47	64.0	58.0	75.89	79.25	75.29	40.2	42.0	14.14	34.99	36.22	83.23	50.99	10.77	27.78	48.08	34.99	55.71	73.35	54.92	20.0	68.82	46.52	8.94	14.0	18.0	68.82	15.62	56.64	10.0	43.08	43.27	44.27	27.78	16.97	12.65	76.58	43.91	29.53	0.0	25.06	36.88	40.0	36.06	74.32	26.83	64.4	55.17	2.0	38.63	58.14	24.74	74.22	27.86	51.26	24.08	18.44	36.4	73.06	9.85	64.2	7.21	44.72	28.32	65.86	14.42	59.84	12.17
46	50.16	73.54	65.39	51.42	40.25	21.63	47.07	43.68	37.95	51.42	75.18	60.46	58.14	58.31	32.8	43.86	54.59	75.6	51.42	34.06	37.95	35.38	31.05	76.55	62.23	32.06	12.17	44.05	21.54	26.31	22.09	37.2	70.34	12.0	32.8	30.59	52.35	18.44	64.9	50.91	34.0	34.93	75.39	50.0	52.35	25.06	0.0	48.7	63.66	33.94	62.29	36.06	53.81	54.41	26.83	48.66	54.63	20.0	58.31	34.93	26.68	48.08	42.8	41.34	63.89	27.66	45.31	31.62	29.73	53.01	40.82	14.0	37.05	33.94
47	92.09	119.28	104.69	74.24	88.77	69.86	92.2	92.35	86.65	96.08	115.97	108.24	70.88	74.0	49.4	6.32	67.05	119.33	87.86	42.94	10.77	81.63	70.94	80.1	108.17	80.05	52.15	80.89	66.48	28.28	27.78	51.88	105.6	37.58	66.75	27.2	78.89	60.13	70.71	52.95	20.0	26.83	113.45	80.45	54.92	36.88	48.7	0.0	60.0	23.41	108.76	12.65	99.3	92.02	35.61	74.43	94.76	30.27	106.45	14.14	72.69	30.0	43.68	12.53	108.6	46.4	93.98	39.45	76.94	47.1	81.15	35.78	84.93	45.65
48	112.07	98.33	73.76	34.53	86.02	71.55	106.68	93.64	88.02	111.14	84.9	96.52	21.54	26.0	31.62	62.29	20.4	93.38	58.31	29.73	56.89	72.28	55.79	20.4	90.0	88.59	54.41	107.63	84.02	44.72	51.88	27.78	68.35	55.61	96.21	41.23	40.79	82.07	14.14	12.81	45.61	37.95	78.43	46.39	11.66	40.0	63.66	60.0	0.0	71.47	92.02	57.27	82.1	62.51	38.83	38.21	68.26	63.53	97.02	59.67	87.66	30.0	21.63	66.91	87.14	36.24	92.05	32.8	72.11	13.34	103.86	54.41	93.02	29.73
49	70.11	107.48	97.75	74.97	73.24	55.32	71.39	75.18	69.97	74.97	108.17	94.02	76.03	78.03	50.16	17.09	72.03	109.34	82.29	46.04	16.97	69.31	62.77	89.82	96.17	61.74	42.19	58.14	46.82	28.07	22.09	54.04	101.13	26.83	44.05	30.59	78.1	39.85	78.92	61.19	26.0	33.53	107.42	77.79	63.15	36.06	33.94	23.41	71.47	0.0	96.21	15.62	87.73	85.88	36.0	73.76	87.13	14.42	91.61	12.81	53.14	43.91	50.99	11.18	97.74	45.4	77.7	42.05	63.66	58.19	59.08	26.0	66.31	48.0
50	62.0	11.66	26.91	58.55	26.0	41.04	52.0	30.27	31.62	54.15	26.0	8.94	72.69	69.05	67.91	104.86	72.25	18.0	34.93	74.73	98.18	27.2	39.85	90.71	2.83	42.38	56.6	71.02	56.36	81.41	80.99	69.05	38.21	71.61	72.8	84.1	52.95	62.77	82.87	82.22	90.35	86.93	33.29	46.69	82.1	74.32	62.29	108.76	92.02	96.21	0.0	96.52	10.2	31.62	76.16	54.33	25.3	82.22	12.65	96.02	52.0	96.17	81.58	103.23	8.6	67.36	25.32	75.89	32.56	89.68	63.95	73.24	41.0	72.28
51	80.4	107.2	93.72	65.79	76.16	57.27	80.02	79.7	74.0	84.0	104.8	95.77	64.5	67.08	40.5	8.49	60.53	107.63	77.2	34.93	2.0	69.34	59.4	76.42	96.02	67.47	40.0	69.86	54.15	17.89	15.62	43.68	95.41	25.06	55.79	18.44	69.86	48.0	66.03	48.04	12.0	20.0	102.8	70.71	50.04	26.83	36.06	12.65	57.27	15.62	96.52	0.0	87.2	81.22	26.0	65.39	83.55	18.0	93.91	2.83	60.3	28.64	38.0	10.05	96.67	36.67	81.34	31.05	64.5	43.93	69.58	23.32	72.37	37.36
52	60.83	20.0	22.36	49.03	22.0	33.29	50.99	28.64	28.0	53.85	26.0	15.23	63.15	59.67	57.72	95.6	62.51	22.36	26.0	64.56	88.81	18.44	29.73	81.61	8.94	38.21	47.2	68.03	50.6	71.69	71.61	58.86	33.29	62.48	67.91	74.24	43.68	56.46	73.35	72.11	80.62	76.97	31.05	37.36	72.03	64.4	53.81	99.3	82.1	87.73	10.2	87.2	0.0	23.32	66.21	44.72	17.2	73.54	17.2	86.83	47.07	86.02	71.39	94.26	10.3	57.25	23.77	65.79	24.41	79.51	61.01	64.03	38.01	62.1
53	78.0	36.0	12.81	28.07	39.45	40.05	68.88	47.71	44.72	72.47	24.41	38.47	42.0	38.05	44.41	89.64	42.19	31.05	4.47	51.61	82.46	27.2	23.41	59.23	29.12	52.5	43.86	82.0	60.13	63.78	66.03	43.91	16.12	59.06	78.1	65.05	22.0	64.03	52.04	54.41	72.14	66.6	21.63	16.12	53.85	55.17	54.41	92.02	62.51	85.88	31.62	81.22	23.32	0.0	56.57	24.33	6.32	71.55	40.5	81.61	58.86	72.72	56.36	89.87	25.18	46.01	43.6	54.04	32.56	62.63	75.43	60.03	54.23	48.83
54	76.97	85.88	69.31	39.85	60.3	42.0	73.38	66.0	60.0	77.79	80.72	77.2	40.05	42.05	14.56	34.0	36.06	84.88	52.35	10.2	26.83	50.0	36.72	55.03	75.15	56.89	22.0	70.46	48.33	8.25	14.14	18.11	70.0	16.97	58.14	8.49	43.86	44.94	43.68	26.83	15.62	10.77	77.9	44.94	28.64	2.0	26.83	35.61	38.83	36.0	76.16	26.0	66.21	56.57	0.0	39.4	59.67	25.3	76.16	27.2	53.14	22.09	17.2	35.74	74.79	10.82	66.19	6.32	46.69	26.87	67.6	15.62	61.81	12.0
55	86.83	60.13	36.06	4.47	53.25	44.41	79.25	61.61	56.85	83.45	47.54	59.67	18.44	15.23	25.06	73.35	18.0	55.32	20.1	31.62	66.21	38.83	24.08	37.58	52.15	60.96	36.5	86.83	62.61	47.54	51.92	22.8	32.8	48.17	79.12	47.41	4.47	63.91	28.64	30.46	54.59	47.71	42.19	8.25	29.73	38.63	48.66	74.43	38.21	73.76	54.33	65.39	44.72	24.33	39.4	0.0	30.07	60.53	60.73	66.48	63.81	50.99	34.06	75.03	49.01	28.79	58.83	34.99	41.04	38.91	81.3	48.37	64.35	28.84
56	74.0	30.07	10.77	34.0	34.93	38.21	64.62	42.94	40.5	68.03	21.26	32.25	48.04	44.18	48.37	92.02	48.04	26.0	10.0	55.57	84.9	24.08	24.41	65.51	22.8	49.03	44.94	78.92	58.03	66.48	68.12	48.33	18.44	60.46	76.03	68.12	28.07	62.51	58.14	59.67	75.07	70.0	20.88	22.0	59.23	58.14	54.63	94.76	68.26	87.13	25.3	83.55	17.2	6.32	59.67	30.07	0.0	72.72	34.41	83.74	56.14	76.94	60.93	91.83	19.03	49.41	38.59	57.69	30.0	67.72	72.18	61.61	50.29	52.84
57	62.51	93.38	83.35	62.13	60.03	41.62	62.03	62.77	57.27	66.0	93.74	80.45	64.78	66.27	38.21	24.74	60.83	95.02	68.03	35.44	20.0	55.17	48.37	80.32	82.07	50.0	27.78	52.5	36.22	18.87	11.66	42.43	86.93	12.65	38.63	22.8	64.78	30.0	68.96	52.0	21.63	26.91	93.06	64.03	53.85	24.74	20.0	30.27	63.53	14.42	82.22	18.0	73.54	71.55	25.3	60.53	72.72	0.0	78.23	16.12	42.43	39.7	42.05	21.47	83.49	33.06	64.85	31.62	49.68	50.77	51.79	12.17	54.82	36.88
58	50.16	22.09	38.42	65.15	18.44	36.72	40.2	19.7	22.8	42.0	38.63	4.0	79.12	75.89	70.11	102.0	78.1	30.27	42.94	76.42	95.71	26.31	42.0	98.08	15.23	33.29	55.03	60.17	48.41	80.32	78.79	72.0	49.68	68.88	63.53	83.52	60.17	55.32	89.29	86.21	89.2	86.83	45.65	53.85	86.37	74.22	58.31	106.45	97.02	91.61	12.65	93.91	17.2	40.5	76.16	60.73	34.41	78.23	0.0	93.06	43.27	97.32	84.1	99.64	21.02	68.59	15.26	76.94	29.73	93.01	53.16	70.68	30.87	74.24
59	78.23	106.83	94.02	67.05	75.15	56.36	78.1	78.43	72.8	82.02	105.0	95.02	66.27	68.73	41.76	8.94	62.29	107.52	77.67	36.5	4.47	68.82	59.46	78.64	95.6	65.97	39.7	67.47	52.35	18.97	15.62	45.12	96.04	24.41	53.37	20.1	70.94	46.04	68.12	50.16	14.14	22.09	103.23	71.55	52.15	27.86	34.93	14.14	59.67	12.81	96.02	2.83	86.83	81.61	27.2	66.48	83.74	16.12	93.06	0.0	58.55	31.3	40.05	8.54	96.43	37.7	80.23	32.56	63.81	46.32	67.36	22.8	70.83	38.83
60	24.41	63.56	66.0	67.68	26.0	19.7	20.4	24.08	20.59	24.74	72.69	46.65	77.9	76.84	56.04	67.08	74.97	68.96	57.72	59.06	62.29	32.06	40.25	97.59	53.14	10.0	33.29	23.41	6.32	52.95	48.17	60.0	74.43	38.47	20.88	57.27	66.24	13.42	86.28	74.89	60.3	61.61	76.03	61.74	76.03	51.26	26.68	72.69	87.66	53.14	52.0	60.3	47.07	58.86	53.14	63.81	56.14	42.43	43.27	58.55	0.0	74.73	68.0	63.06	57.01	51.62	28.02	57.27	26.31	78.29	17.49	40.45	13.6	58.31
61	98.08	105.11	85.44	49.52	82.1	64.03	95.08	88.02	82.02	99.46	97.1	98.06	42.94	46.65	28.64	32.56	39.45	102.86	68.26	21.54	27.86	71.02	56.32	50.16	94.87	78.92	44.05	90.35	69.57	22.36	28.84	28.84	83.74	36.77	77.18	17.89	55.17	65.39	41.23	24.17	18.44	13.42	92.8	58.41	26.0	24.08	48.08	30.0	30.0	43.91	96.17	28.64	86.02	72.72	22.09	50.99	76.94	39.7	97.32	31.3	74.73	0.0	16.97	37.64	93.78	28.86	88.05	20.4	68.26	17.26	88.24	34.93	83.86	24.17
62	92.28	89.84	68.96	32.56	70.46	53.85	87.73	77.28	71.39	92.2	80.62	84.38	27.2	30.46	14.0	44.41	23.41	86.93	51.88	8.94	38.05	58.0	42.19	38.83	80.05	70.23	34.93	86.83	63.81	23.41	30.46	12.65	66.84	34.06	74.97	20.4	38.21	61.22	28.07	10.2	26.0	18.0	76.03	41.62	12.17	18.44	42.8	43.68	21.63	50.99	81.58	38.0	71.39	56.36	17.2	34.06	60.93	42.05	84.1	40.05	68.0	16.97	0.0	48.01	78.45	16.76	76.53	11.31	56.32	10.3	83.49	32.8	74.95	10.2
63	81.02	114.21	102.2	75.58	81.49	62.97	81.88	84.17	78.72	85.59	113.07	101.79	74.55	77.1	50.29	6.4	70.58	115.26	85.98	44.91	10.05	76.06	67.48	86.28	102.94	71.17	47.38	69.26	56.75	27.51	23.85	53.6	104.45	31.83	55.15	28.44	79.48	50.01	76.01	58.01	22.02	30.02	111.5	80.06	60.01	36.4	41.34	12.53	66.91	11.18	103.23	10.05	94.26	89.87	35.74	75.03	91.83	21.47	99.64	8.54	63.06	37.64	48.01	0.0	104.0	46.24	86.31	41.0	70.8	53.6	70.01	30.41	75.89	47.3
64	69.18	11.4	18.6	53.01	31.4	43.57	59.21	37.01	37.34	61.66	17.72	17.49	67.07	63.2	65.19	105.12	67.01	12.08	29.02	72.24	98.23	28.6	38.08	84.34	5.83	47.85	56.73	77.32	60.75	80.71	81.06	65.8	29.83	72.18	77.88	83.01	47.1	66.71	77.16	78.09	89.59	85.48	24.7	41.01	77.78	73.06	63.89	108.6	87.14	97.74	8.6	96.67	10.3	25.18	74.79	49.01	19.03	83.49	21.02	96.43	57.01	93.78	78.45	104.0	0.0	65.31	32.02	73.82	34.67	85.91	70.26	73.66	47.17	69.64
65	76.01	76.56	58.8	29.61	54.08	37.11	71.11	60.67	54.74	75.58	70.29	69.23	32.02	33.24	5.39	44.78	28.16	74.95	41.73	8.06	37.59	42.3	27.51	49.24	66.13	53.49	18.36	71.45	47.8	18.79	23.35	9.85	59.2	21.84	60.44	19.21	33.24	45.97	37.59	23.43	26.4	20.62	67.21	34.13	24.76	9.85	27.66	46.4	36.24	45.4	67.36	36.67	57.25	46.01	10.82	28.79	49.41	33.06	68.59	37.7	51.62	28.86	16.76	46.24	65.31	0.0	60.13	8.54	40.01	26.93	67.62	21.38	58.19	6.71
66	37.22	36.4	45.88	63.29	6.08	24.52	27.29	5.0	7.81	30.08	49.37	18.79	76.48	73.93	62.65	89.16	74.73	43.19	44.6	68.18	83.22	20.12	36.4	96.25	27.07	18.03	44.28	45.71	33.3	69.23	66.76	65.31	56.36	56.61	48.3	72.84	59.41	40.31	86.33	80.28	77.88	76.53	54.82	53.41	80.78	64.2	45.31	93.98	92.05	77.7	25.32	81.34	23.77	43.6	66.19	58.83	38.59	64.85	15.26	80.23	28.02	88.05	76.53	86.31	32.02	60.13	0.0	68.01	20.22	86.15	38.64	58.52	15.81	66.37
