vehicles
vehicle_idx, capacity, cost_per_unit_distance
1,100,3
2,100,3
3,100,3
4,100,3
5,100,3
6,100,3
7,100,3
8,100,3
9,100,3
10,100,3
depot
node_idx,x,y
0,76,75
home delivery customers
node_idx,x,y,service_time,demand
1,41,55,15,1
2,41,1,15,22
3,39,35,15,21
4,80,36,15,12
5,40,51,15,5
6,61,94,15,15
7,19,11,15,21
8,76,90,15,17
9,35,100,15,15
10,79,81,15,16
11,100,6,15,6
12,25,86,15,11
13,75,16,15,1
14,71,35,15,7
15,56,81,15,1
16,60,34,15,17
17,41,44,15,10
18,60,54,15,25
19,40,96,15,25
20,20,71,15,16
21,31,41,15,22
22,56,80,15,6
self pickup customers
node_idx,x,y,service_time,demand,locker_idxs
23,46,5,15,20,63
24,91,14,15,26,67
25,86,31,15,5,67
26,21,15,15,15,69
27,46,1,15,16,72
28,16,89,15,2,64
29,71,41,15,20,67
30,61,70,15,26,72-66-68-70
31,34,50,15,17,65-66-72
32,51,91,15,12,64-72-68-70
33,41,75,15,16,64
34,15,91,15,12,64
35,65,54,15,6,70-72-66
36,55,10,15,2,65
37,99,91,15,10,70
38,21,85,15,10,64-68
39,75,80,15,21,70
40,25,76,15,6,64
41,94,45,15,5,67
42,40,49,15,17,63-71-65-66-68-72
flexible customers
node_idx,x,y,service_time,demand,locker_idxs
43,60,14,15,11,69-63-71-65
44,70,95,15,17,70
45,20,0,15,17,63
46,95,45,15,22,67
47,60,94,15,25,68-70
48,55,25,15,20,69-71-63-65
49,100,26,15,5,67
50,65,85,15,11,66-70-68
51,19,71,15,21,64-72
52,36,61,15,12,64-72-68-66-70
53,69,50,15,12,69-63-70-71-66-65
54,61,54,15,2,63-71-69-65-66-72-70-68
55,1,40,15,26,68
56,21,11,15,22,64
57,34,36,15,21,63-71-65
58,74,99,15,16,63
59,75,14,15,2,63-71-67-69
60,30,45,15,63,65-72
61,85,76,15,26,70
62,6,55,15,25,64
lockers
node_idx,x,y,service_time,capacity,cost_per_unit_good
0,93,12,10,93
1,22,88,10,98
2,65,88,10,99
3,25,15,10,80
4,77,88,10,95
5,72,14,10,92
69,58,28,10,97
70,32,79,10,88
71,53,36,10,81
72,54,63,10,89
73,88,22,10,77
74,47,76,10,91
75,68,34,10,85
76,55,74,10,81
77,59,31,10,70
78,43,66,10,85
mrt lines
start_node_idx,end_node_idx,freight_capacity,cost_per_unit_good
0,1,98,0.5
1,0,98,0.5
2,3,99,0.5
3,2,99,0.5
4,5,95,0.5
5,4,95,0.5
distance matrix
,0,1,2,3,4,5,6,7,8,9,10,11,12,13,14,15,16,17,18,19,20,21,22,23,24,25,26,27,28,29,30,31,32,33,34,35,36,37,38,39,40,41,42,43,44,45,46,47,48,49,50,51,52,53,54,55,56,57,58,59,60,61,62,63,64,65,66,67,68,69,70,71,72,73,74,75,76,77,78,
0,0.0,40.31,81.86,54.49,39.2,43.27,24.21,85.7,15.0,48.02,6.71,73.05,52.17,59.01,40.31,20.88,44.01,46.75,26.4,41.68,56.14,56.4,20.62,76.16,62.82,45.12,81.39,79.85,61.61,34.37,15.81,48.88,29.68,35.0,63.06,23.71,68.31,28.02,55.9,5.1,51.01,34.99,44.41,63.06,20.88,93.6,35.51,24.84,54.23,54.56,14.87,57.14,42.38,25.96,25.81,82.76,84.39,57.31,24.08,61.01,54.92,9.06,72.8,65.25,55.54,17.03,78.75,13.04,61.13,50.33,44.18,45.28,25.06,54.34,29.02,41.77,21.02,47.17,34.21
1,40.31,0.0,54.0,20.1,43.38,4.12,43.83,49.19,49.5,45.4,46.04,76.69,34.89,51.74,36.06,30.02,28.32,11.0,19.03,41.01,26.4,17.2,29.15,50.25,64.66,51.0,44.72,54.23,42.2,33.11,25.0,8.6,37.36,20.0,44.41,24.02,47.13,68.26,36.06,42.2,26.4,53.94,6.08,45.19,49.41,58.87,54.92,43.38,33.11,65.74,38.42,27.2,7.81,28.44,20.02,42.72,48.33,20.25,55.0,53.26,14.87,48.75,35.0,67.48,38.08,40.8,43.08,48.84,51.4,31.91,25.63,22.47,15.26,57.43,21.84,34.21,23.6,30.0,11.18
2,81.86,54.0,0.0,34.06,52.4,50.01,95.13,24.17,95.63,99.18,88.57,59.21,86.49,37.16,45.34,81.39,38.08,43.0,56.3,95.01,73.08,41.23,80.41,6.4,51.66,54.08,24.41,5.0,91.48,50.0,71.84,49.5,90.55,74.0,93.68,58.18,16.64,107.07,86.35,86.01,76.69,68.88,48.01,23.02,98.37,21.02,69.66,94.92,27.78,64.08,87.36,73.38,60.21,56.44,56.65,55.87,22.36,35.69,103.41,36.4,45.35,86.95,64.35,53.15,89.05,90.25,21.26,94.15,33.62,31.91,78.52,37.0,63.35,51.48,75.24,42.64,74.33,34.99,65.03
3,54.49,20.1,34.06,0.0,41.01,16.03,62.97,31.24,66.29,65.12,60.96,67.54,52.89,40.71,32.0,49.04,21.02,9.22,28.32,61.01,40.71,10.0,48.1,30.81,56.08,47.17,26.91,34.71,58.69,32.56,41.34,15.81,57.27,40.05,60.93,32.2,29.68,82.07,53.14,57.63,43.32,55.9,14.04,29.7,67.54,39.82,56.89,62.63,18.87,61.66,56.36,41.18,26.17,33.54,29.07,38.33,30.0,5.1,72.95,41.68,13.45,61.62,38.59,58.69,55.66,59.03,24.41,65.22,39.12,20.25,44.55,14.04,31.76,50.7,41.77,29.02,42.15,20.4,31.26
4,39.2,43.38,52.4,41.01,0.0,42.72,61.03,65.92,54.15,78.24,45.01,36.06,74.33,20.62,9.06,51.0,20.1,39.81,26.91,72.11,69.46,49.25,50.12,46.01,24.6,7.81,62.63,48.8,83.1,10.3,38.95,48.08,62.18,55.15,85.15,23.43,36.07,58.19,76.69,44.28,68.01,16.64,42.06,29.73,59.84,69.97,17.49,61.35,27.31,22.36,51.24,70.33,50.61,17.8,26.17,79.1,64.08,46.0,63.29,22.56,50.8,40.31,76.4,27.29,77.9,54.12,58.87,52.09,23.41,23.41,64.44,27.0,37.48,16.12,51.86,12.17,45.49,21.59,47.63
5,43.27,4.12,50.01,16.03,42.72,0.0,47.85,45.18,53.08,49.25,49.2,75.0,38.08,49.5,34.89,34.0,26.25,7.07,20.22,45.0,28.28,13.45,33.12,46.39,63.01,50.16,40.71,50.36,44.94,32.57,28.32,6.08,41.48,24.02,47.17,25.18,43.66,71.28,38.95,45.45,29.15,54.33,2.0,42.06,53.25,54.78,55.33,47.42,30.02,65.0,42.2,29.0,10.77,29.02,21.21,40.52,44.28,16.16,58.82,50.93,11.66,51.48,34.23,65.8,41.15,44.65,39.0,52.33,48.92,29.21,29.12,19.85,18.44,56.08,25.96,32.76,27.46,27.59,15.3
6,24.21,43.83,95.13,62.97,61.03,47.85,0.0,93.02,15.52,26.68,22.2,96.25,36.88,79.25,59.84,13.93,60.01,53.85,40.01,21.1,47.01,60.9,14.87,90.26,85.44,67.78,88.55,94.2,45.28,53.94,24.0,51.62,10.44,27.59,46.1,40.2,84.21,38.12,41.0,19.8,40.25,59.08,49.66,80.01,9.06,102.55,59.64,1.0,69.26,78.39,9.85,47.89,41.4,44.72,40.0,80.72,92.14,63.98,13.93,81.22,57.98,30.0,67.42,88.02,39.46,7.21,86.82,17.09,80.75,66.07,32.65,58.55,31.78,76.9,22.8,60.41,20.88,63.03,33.29
7,85.7,49.19,24.17,31.24,65.92,45.18,93.02,0.0,97.42,90.43,92.2,81.15,75.24,56.22,57.27,79.18,47.01,39.66,59.41,87.56,60.01,32.31,78.29,27.66,72.06,69.92,4.47,28.79,78.06,60.03,72.42,41.79,86.16,67.68,80.1,62.97,36.01,113.14,74.03,88.87,65.28,82.35,43.42,41.11,98.27,11.05,83.26,92.57,38.63,82.38,87.13,60.0,52.81,63.41,60.11,34.13,2.0,29.15,103.77,56.08,35.74,92.63,45.88,74.01,77.06,89.69,7.21,96.4,53.08,42.54,69.23,42.2,62.68,69.87,70.77,54.13,72.56,44.72,60.01
8,15.0,49.5,95.63,66.29,54.15,53.08,15.52,97.42,0.0,42.2,9.49,87.36,51.16,74.01,55.23,21.93,58.24,57.8,39.4,36.5,59.14,66.53,22.36,90.14,77.47,59.84,93.01,93.92,60.01,49.25,25.0,58.0,25.02,38.08,61.01,37.64,82.71,23.02,55.23,10.05,52.89,48.47,54.56,77.67,7.81,106.0,48.85,16.49,68.31,68.35,12.08,60.08,49.41,40.61,39.0,90.14,96.26,68.41,9.22,76.01,64.35,16.64,78.26,79.83,54.04,11.18,90.7,2.24,76.11,64.56,45.35,58.69,34.83,69.05,32.2,56.57,26.4,61.4,40.8
9,48.02,45.4,99.18,65.12,78.24,49.25,26.68,90.43,42.2,0.0,47.93,114.28,17.2,93.04,74.3,28.32,70.58,56.32,52.35,6.4,32.65,59.14,29.0,95.63,102.63,85.8,86.15,99.61,21.95,69.12,39.7,50.01,18.36,25.71,21.93,54.92,92.2,64.63,20.52,44.72,26.0,80.66,51.24,89.56,35.36,101.12,81.39,25.71,77.62,98.49,33.54,33.12,39.01,60.46,52.84,68.96,90.09,64.01,39.01,94.85,55.23,55.46,53.54,105.39,17.69,32.31,85.59,43.68,93.62,75.58,21.21,66.48,41.59,94.3,26.83,73.79,32.8,73.05,34.93
10,6.71,46.04,88.57,60.96,45.01,49.2,22.2,92.2,9.49,47.93,0.0,77.88,54.23,65.12,46.69,23.0,50.7,53.04,33.02,41.79,59.84,62.48,23.02,82.86,68.07,50.49,87.86,86.54,63.51,40.79,21.1,54.64,29.73,38.47,64.78,30.41,74.95,22.36,58.14,4.12,54.23,39.0,50.45,69.64,16.64,100.21,39.4,23.02,60.93,58.87,14.56,60.83,47.42,32.57,32.45,88.12,90.91,63.64,18.68,67.12,60.8,7.81,77.49,70.41,57.43,15.65,85.28,7.28,67.36,57.01,47.04,51.97,30.81,59.68,32.39,48.27,25.0,53.85,39.0
11,73.05,76.69,59.21,67.54,36.06,75.0,96.25,81.15,87.36,114.28,77.88,0.0,109.66,26.93,41.01,86.95,48.83,70.18,62.48,108.17,103.08,77.37,86.09,54.01,12.04,28.65,79.51,54.23,118.09,45.45,74.95,79.32,98.11,90.79,120.21,59.41,45.18,85.01,111.72,78.11,102.59,39.46,73.82,40.79,93.92,80.22,39.32,96.66,48.85,20.0,86.41,103.86,84.39,53.82,61.85,104.68,79.16,72.5,96.57,26.25,80.13,71.59,106.0,9.22,113.17,89.16,75.54,85.16,29.12,47.41,99.76,55.76,73.25,20.0,87.8,42.52,81.54,48.02,82.76
12,52.17,34.89,86.49,52.89,74.33,38.08,36.88,75.24,51.16,17.2,54.23,109.66,0.0,86.02,68.68,31.4,62.68,44.94,47.42,18.03,15.81,45.4,31.58,83.68,97.67,82.13,71.11,87.56,9.49,64.35,39.4,37.11,26.48,19.42,11.18,51.22,81.71,74.17,4.12,50.36,10.0,80.26,39.92,80.06,45.89,86.15,81.12,35.9,67.98,96.05,40.01,16.16,27.31,56.85,48.17,51.88,75.11,50.8,50.7,87.66,41.3,60.83,36.36,100.5,3.61,40.05,71.0,52.04,85.98,66.73,9.9,57.31,37.01,89.81,24.17,67.48,32.31,64.66,26.91
13,59.01,51.74,37.16,40.71,20.62,49.5,79.25,56.22,74.01,93.04,65.12,26.93,86.02,0.0,19.42,67.72,23.43,44.05,40.85,87.32,77.78,50.61,66.76,31.02,16.12,18.6,54.01,32.65,93.86,25.32,55.79,53.26,78.75,68.1,96.05,39.29,20.88,78.75,87.62,64.0,78.1,34.67,48.1,15.13,79.16,57.28,35.23,79.43,21.93,26.93,69.72,78.49,59.55,34.53,40.5,77.79,54.23,45.62,83.01,2.0,53.54,60.83,79.26,18.44,89.4,72.69,50.01,72.03,3.61,20.81,76.28,29.73,51.48,14.32,66.21,19.31,61.35,21.93,59.36
14,40.31,36.06,45.34,32.0,9.06,34.89,59.84,57.27,55.23,74.3,46.69,41.01,68.68,19.42,0.0,48.38,11.05,31.32,21.95,68.43,62.43,40.45,47.43,39.05,29.0,15.52,53.85,42.2,77.08,6.0,36.4,39.92,59.46,50.0,79.2,19.92,29.68,62.61,70.71,45.18,61.62,25.08,34.01,23.71,60.01,61.85,26.0,60.02,18.87,30.36,50.36,63.25,43.6,15.13,21.47,70.18,55.46,37.01,64.07,21.38,42.2,43.32,68.01,31.83,72.18,53.34,50.16,53.34,21.02,14.76,58.8,18.03,32.76,21.4,47.51,3.16,42.15,12.65,41.77
15,20.88,30.02,81.39,49.04,51.0,34.0,13.93,79.18,21.93,28.32,23.0,86.95,31.4,67.72,48.38,0.0,47.17,39.92,27.29,21.93,37.36,47.17,1.0,76.66,75.59,58.31,74.71,80.62,40.79,42.72,12.08,38.01,11.18,16.16,42.2,28.46,71.01,44.15,35.23,19.03,31.4,52.35,35.78,67.12,19.8,88.64,53.08,13.6,56.01,70.43,9.85,38.33,28.28,33.62,27.46,68.6,78.26,50.09,25.46,69.64,44.41,29.43,56.36,78.29,34.71,11.4,72.92,22.14,68.88,53.04,24.08,45.1,18.11,67.12,10.3,48.51,7.07,50.09,19.85
16,44.01,28.32,38.08,21.02,20.1,26.25,60.01,47.01,58.24,70.58,50.7,48.83,62.68,23.43,11.05,47.17,0.0,21.47,20.0,65.15,54.49,29.83,46.17,32.2,36.89,26.17,43.38,35.85,70.43,13.04,36.01,30.53,57.71,45.19,72.62,20.62,24.52,69.07,64.2,48.38,54.67,35.74,25.0,20.0,61.81,52.5,36.69,60.0,10.3,40.79,51.24,55.23,36.12,18.36,20.02,59.3,45.28,26.08,66.49,25.0,31.95,48.88,57.94,39.66,66.03,54.23,39.82,56.61,23.32,6.32,53.0,7.28,29.61,30.46,43.97,8.0,40.31,3.16,36.24
17,46.75,11.0,43.0,9.22,39.81,7.07,53.85,39.66,57.8,56.32,53.04,70.18,44.94,44.05,31.32,39.92,21.47,0.0,21.47,52.01,34.21,10.44,39.0,39.32,58.31,46.84,35.23,43.29,51.48,30.15,32.8,9.22,48.05,31.0,53.71,26.0,36.77,74.65,45.62,49.52,35.78,53.01,5.1,35.51,58.67,48.75,54.01,53.49,23.6,61.68,47.51,34.83,17.72,28.64,22.36,40.2,38.59,10.63,64.14,45.34,11.05,54.41,36.69,61.06,47.93,50.12,33.12,56.85,43.14,23.35,36.14,14.42,23.02,51.89,32.56,28.79,33.11,22.2,22.09
18,26.4,19.03,56.3,28.32,26.91,20.22,40.01,59.41,39.4,52.35,33.02,62.48,47.42,40.85,21.95,27.29,20.0,21.47,0.0,46.52,43.46,31.78,26.31,50.96,50.61,34.71,55.15,54.82,56.22,17.03,16.03,26.31,38.08,28.32,58.26,5.0,44.28,53.76,49.82,30.02,41.34,35.17,20.62,40.0,42.2,67.2,36.14,40.0,29.43,48.83,31.4,44.38,25.0,9.85,1.0,60.64,58.05,31.62,47.13,42.72,31.32,33.3,54.01,53.41,50.99,34.37,52.4,38.01,41.76,26.08,37.54,19.31,10.82,42.52,25.55,21.54,20.62,23.02,20.81
19,41.68,41.01,95.01,61.01,72.11,45.0,21.1,87.56,36.5,6.4,41.79,108.17,18.03,87.32,68.43,21.93,65.15,52.01,46.52,0.0,32.02,55.73,22.63,91.2,96.57,79.63,83.2,95.19,25.0,63.13,33.42,46.39,12.08,21.02,25.5,48.88,87.3,59.21,21.95,38.48,25.0,74.28,47.0,84.4,30.02,98.06,75.01,20.1,72.57,92.2,27.31,32.65,35.23,54.38,46.96,68.24,87.1,60.3,34.13,89.16,51.97,49.24,53.26,99.32,19.7,26.25,82.38,37.85,88.02,70.34,18.79,61.39,35.85,88.2,21.19,68.03,26.63,67.72,30.15
20,56.14,26.4,73.08,40.71,69.46,28.28,47.01,60.01,59.14,32.65,59.84,103.08,15.81,77.78,62.43,37.36,54.49,34.21,43.46,32.02,0.0,31.95,37.11,70.94,91.05,77.18,56.01,74.67,18.44,59.17,41.01,25.24,36.89,21.38,20.62,48.1,70.33,81.49,14.04,55.73,7.07,78.43,29.73,69.63,55.46,71.0,79.38,46.14,57.8,91.79,47.13,1.0,18.87,53.31,44.38,36.36,60.01,37.7,60.83,79.21,27.86,65.19,21.26,93.86,17.12,48.1,56.22,59.48,77.16,57.38,14.42,48.1,34.93,83.82,27.46,60.61,35.13,55.87,23.54
21,56.4,17.2,41.23,10.0,49.25,13.45,60.9,32.31,66.53,59.14,62.48,77.37,45.4,50.61,40.45,47.17,29.83,10.44,31.78,55.73,31.95,0.0,46.32,39.0,65.8,55.9,27.86,42.72,50.29,40.0,41.73,9.49,53.85,35.44,52.5,36.4,39.2,84.4,45.12,58.8,35.51,63.13,12.04,39.62,66.61,42.45,64.12,60.42,28.84,70.61,55.61,32.31,20.62,39.05,32.7,30.02,31.62,5.83,72.2,51.62,4.12,64.35,28.65,68.45,47.85,58.01,26.68,65.76,49.09,29.97,38.01,22.56,31.83,60.08,38.48,37.66,40.8,29.73,27.73
22,20.62,29.15,80.41,48.1,50.12,33.12,14.87,78.29,22.36,29.0,23.02,86.09,31.58,66.76,47.43,1.0,46.17,39.0,26.31,22.63,37.11,46.32,0.0,75.66,74.71,57.45,73.82,79.63,41.0,41.79,11.18,37.2,12.08,15.81,42.45,27.51,70.01,44.38,35.36,19.0,31.26,51.66,34.89,66.12,20.52,87.73,52.4,14.56,55.01,69.66,10.3,38.08,27.59,32.7,26.48,68.01,77.37,49.19,26.17,68.68,43.6,29.27,55.9,77.41,34.93,12.04,72.01,22.47,67.91,52.04,24.02,44.1,17.12,66.24,9.85,47.54,6.08,49.09,19.1
23,76.16,50.25,6.4,30.81,46.01,46.39,90.26,27.66,90.14,95.63,82.86,54.01,83.68,31.02,39.05,76.66,32.2,39.32,50.96,91.2,70.94,39.0,75.66,0.0,45.89,47.71,26.93,4.0,89.2,43.83,66.71,46.57,86.15,70.18,91.42,52.55,10.3,101.02,83.82,80.41,74.04,62.48,44.41,16.64,93.15,26.48,63.25,90.09,21.93,57.94,82.23,71.31,56.89,50.54,51.24,57.01,25.71,33.24,98.08,30.36,43.08,81.01,64.03,47.52,86.4,85.15,23.26,88.6,27.51,25.94,75.31,31.78,58.55,45.31,71.01,36.4,69.58,29.07,61.07
24,62.82,64.66,51.66,56.08,24.6,63.01,85.44,72.06,77.47,102.63,68.07,12.04,97.67,16.12,29.0,75.59,36.89,58.31,50.61,96.57,91.05,65.8,74.71,45.89,0.0,17.72,70.01,46.84,106.07,33.6,63.53,67.42,86.77,78.87,108.19,47.71,36.22,77.41,99.7,67.91,90.55,31.14,61.85,31.0,83.68,72.37,31.26,85.8,37.64,15.0,75.61,91.83,72.35,42.19,50.0,93.68,70.06,61.1,86.68,16.0,68.43,62.29,94.37,2.83,101.18,78.43,66.01,75.31,19.0,35.85,87.78,43.91,61.4,8.54,76.03,30.48,69.97,36.24,70.77
25,45.12,51.0,54.08,47.17,7.81,50.16,67.78,69.92,59.84,85.8,50.49,28.65,82.13,18.6,15.52,58.31,26.17,46.84,34.71,79.63,77.18,55.9,57.45,47.71,17.72,0.0,66.94,50.0,90.91,18.03,46.32,55.36,69.46,62.94,92.96,31.14,37.44,61.39,84.5,50.22,75.8,16.12,49.4,31.06,65.97,72.92,16.64,68.15,31.58,14.87,57.94,78.03,58.31,25.5,33.97,85.48,68.01,52.24,69.05,20.25,57.72,45.01,83.52,20.25,85.7,60.75,63.06,57.71,22.02,28.16,72.25,33.38,45.25,9.22,59.55,18.25,53.01,27.0,55.44
26,81.39,44.72,24.41,26.91,62.63,40.71,88.55,4.47,93.01,86.15,87.86,79.51,71.11,54.01,53.85,74.71,43.38,35.23,55.15,83.2,56.01,27.86,73.82,26.93,70.01,66.94,0.0,28.65,74.17,56.36,68.01,37.34,81.71,63.25,76.24,58.8,34.37,108.9,70.0,84.5,61.13,78.92,38.95,39.01,93.81,15.03,79.85,88.1,35.44,79.76,82.68,56.04,48.38,59.41,55.87,32.02,4.0,24.7,99.32,54.01,31.32,88.41,42.72,72.06,73.01,85.23,4.0,92.01,51.01,39.22,64.94,38.28,58.25,67.36,66.31,50.7,68.1,41.23,55.54
27,79.85,54.23,5.0,34.71,48.8,50.36,94.2,28.79,93.92,99.61,86.54,54.23,87.56,32.65,42.2,80.62,35.85,43.29,54.82,95.19,74.67,42.72,79.63,4.0,46.84,50.0,28.65,0.0,92.97,47.17,70.61,50.45,90.14,74.17,95.19,56.3,12.73,104.45,87.64,84.15,77.88,65.12,48.37,19.1,97.02,26.02,65.86,94.05,25.63,59.51,86.12,75.03,60.83,54.13,55.08,59.55,26.93,37.0,101.92,31.78,46.82,84.53,67.2,48.27,90.25,89.05,25.24,92.36,29.07,29.55,79.25,35.69,62.51,46.96,75.01,39.66,73.55,32.7,65.07
28,61.61,42.2,91.48,58.69,83.1,44.94,45.28,78.06,60.01,21.95,63.51,118.09,9.49,93.86,77.08,40.79,70.43,51.48,56.22,25.0,18.44,50.29,41.0,89.2,106.07,90.91,74.17,92.97,0.0,73.0,48.85,42.95,35.06,28.65,2.24,60.22,88.1,83.02,6.4,59.68,15.81,89.55,46.65,86.95,54.33,89.09,90.43,44.28,74.95,105.0,49.16,18.25,34.41,65.8,57.01,51.24,78.16,55.97,58.86,95.43,46.17,70.21,35.44,108.89,6.08,49.01,74.55,61.01,93.6,74.06,18.87,64.64,46.04,98.35,33.62,75.69,41.79,72.2,35.47
29,34.37,33.11,50.0,32.56,10.3,32.57,53.94,60.03,49.25,69.12,40.79,45.45,64.35,25.32,6.0,42.72,13.04,30.15,17.03,63.13,59.17,40.0,41.79,43.83,33.6,18.03,56.36,47.17,73.0,0.0,30.68,38.08,53.85,45.34,75.07,14.32,34.89,57.31,66.6,39.2,57.8,23.35,32.02,29.15,54.01,65.44,24.33,54.13,22.63,32.65,44.41,60.03,40.31,9.22,16.4,70.01,58.31,37.34,58.08,27.29,41.19,37.7,66.49,36.4,67.9,47.38,52.84,47.38,27.02,18.38,54.45,18.68,27.8,25.5,42.44,7.62,36.67,15.62,37.54
30,15.81,25.0,71.84,41.34,38.95,28.32,24.0,72.42,25.0,39.7,21.1,74.95,39.4,55.79,36.4,12.08,36.01,32.8,16.03,33.42,41.01,41.73,11.18,66.71,63.53,46.32,68.01,70.61,48.85,30.68,0.0,33.6,23.26,20.62,50.57,16.49,60.3,43.42,42.72,17.2,36.5,41.4,29.7,56.01,26.57,81.12,42.2,24.02,45.4,58.8,15.52,42.01,26.57,21.54,16.0,67.08,71.28,43.42,31.78,57.72,39.82,24.74,57.01,66.24,42.95,18.44,65.73,24.08,57.07,42.11,30.36,34.93,9.9,55.07,15.23,36.67,7.21,39.05,18.44
31,48.88,8.6,49.5,15.81,48.08,6.08,51.62,41.79,58.0,50.01,54.64,79.32,37.11,53.26,39.92,38.01,30.53,9.22,26.31,46.39,25.24,9.49,37.2,46.57,67.42,55.36,37.34,50.45,42.95,38.08,33.6,0.0,44.38,25.96,45.19,31.26,45.18,76.85,37.34,50.8,27.51,60.21,6.08,44.41,57.63,51.92,61.2,51.11,32.65,70.23,46.75,25.81,11.18,35.0,27.29,34.48,41.11,14.0,63.25,54.56,6.4,57.25,28.44,70.18,39.85,49.04,36.14,57.38,52.35,32.56,29.07,23.6,23.85,60.83,29.07,37.58,31.89,31.4,18.36
32,29.68,37.36,90.55,57.27,62.18,41.48,10.44,86.16,25.02,18.36,29.73,98.11,26.48,78.75,59.46,11.18,57.71,48.05,38.08,12.08,36.89,53.85,12.08,86.15,86.77,69.46,81.71,90.14,35.06,53.85,23.26,44.38,0.0,18.87,36.0,39.56,81.1,48.0,30.59,26.4,30.02,62.97,43.42,77.52,19.42,96.14,63.66,9.49,66.12,81.4,15.23,37.74,33.54,44.78,38.33,71.42,85.44,57.57,24.35,80.65,50.57,37.16,57.63,89.47,29.15,14.32,80.32,26.17,79.81,63.39,22.47,55.04,28.16,78.29,15.52,59.48,17.46,60.53,26.25
33,35.0,20.0,74.0,40.05,55.15,24.02,27.59,67.68,38.08,25.71,38.47,90.79,19.42,68.1,50.0,16.16,45.19,31.0,28.32,21.02,21.38,35.44,15.81,70.18,78.87,62.94,63.25,74.17,28.65,45.34,20.62,25.96,18.87,0.0,30.53,31.89,66.49,60.17,22.36,34.37,16.03,60.9,26.02,63.89,35.23,77.88,61.77,26.87,51.92,76.69,26.0,22.36,14.87,37.54,29.0,53.15,67.05,39.62,40.8,69.84,31.95,44.01,40.31,81.69,23.02,27.29,62.1,38.28,68.43,49.98,9.85,40.8,17.69,70.84,6.08,49.09,14.04,47.54,9.22
34,63.06,44.41,93.68,60.93,85.15,47.17,46.1,80.1,61.01,21.93,64.78,120.21,11.18,96.05,79.2,42.2,72.62,53.71,58.26,25.5,20.62,52.5,42.45,91.42,108.19,92.96,76.24,95.19,2.24,75.07,50.57,45.19,36.0,30.53,0.0,62.2,90.34,84.0,8.49,61.0,18.03,91.42,48.88,89.19,55.15,91.14,92.28,45.1,77.18,107.0,50.36,20.4,36.62,67.8,59.03,52.89,80.22,58.19,59.54,97.62,48.38,71.59,37.11,111.02,7.62,50.09,76.66,62.07,95.8,76.28,20.81,66.85,48.01,100.45,35.34,77.83,43.46,74.4,37.54
35,23.71,24.02,58.18,32.2,23.43,25.18,40.2,62.97,37.64,54.92,30.41,59.41,51.22,39.29,19.92,28.46,20.62,26.0,5.0,48.88,48.1,36.4,27.51,52.55,47.71,31.14,58.8,56.3,60.22,14.32,16.49,31.26,39.56,31.89,62.2,0.0,45.12,50.25,53.82,27.86,45.65,30.36,25.5,40.31,41.3,70.29,31.32,40.31,30.68,44.82,31.0,49.04,29.83,5.66,4.0,65.51,61.52,35.85,45.89,41.23,36.14,29.73,59.01,50.48,54.82,34.0,55.87,36.06,40.61,26.93,41.4,21.63,14.21,39.41,28.43,20.22,22.36,23.77,25.06
36,68.31,47.13,16.64,29.68,36.07,43.66,84.21,36.01,82.71,92.2,74.95,45.18,81.71,20.88,29.68,71.01,24.52,36.77,44.28,87.3,70.33,39.2,70.01,10.3,36.22,37.44,34.37,12.73,88.1,34.89,60.3,45.18,81.1,66.49,90.34,45.12,0.0,92.18,82.35,72.8,72.5,52.4,41.79,6.4,86.31,36.4,53.15,84.15,15.0,47.76,75.66,70.83,54.42,42.38,44.41,61.77,34.01,33.42,91.01,20.4,43.01,72.5,66.53,38.05,84.69,78.64,30.41,81.04,17.46,18.25,72.73,26.08,53.01,35.11,66.48,27.29,64.0,21.38,57.27
37,28.02,68.26,107.07,82.07,58.19,71.28,38.12,113.14,23.02,64.63,22.36,85.01,74.17,78.75,62.61,44.15,69.07,74.65,53.76,59.21,81.49,84.4,44.38,101.02,77.41,61.39,108.9,104.45,83.02,57.31,43.42,76.85,48.0,60.17,84.0,50.25,92.18,0.0,78.23,26.4,75.5,46.27,72.42,86.31,29.27,120.51,46.17,39.12,79.32,65.01,34.53,82.46,69.78,50.8,53.04,110.48,111.73,85.15,26.25,80.65,82.93,20.52,99.72,79.23,77.06,34.13,106.08,22.2,81.6,75.17,68.07,71.7,53.0,69.87,54.12,64.88,47.17,72.11,61.33
38,55.9,36.06,86.35,53.14,76.69,38.95,41.0,74.03,55.23,20.52,58.14,111.72,4.12,87.62,70.71,35.23,64.2,45.62,49.82,21.95,14.04,45.12,35.36,83.82,99.7,84.5,70.0,87.64,6.4,66.6,42.72,37.34,30.59,22.36,8.49,53.82,82.35,78.23,0.0,54.23,9.85,83.24,40.71,81.01,50.01,85.01,84.12,40.02,68.96,98.6,44.0,14.14,28.3,59.41,50.61,49.24,74.0,50.7,54.82,89.2,41.0,64.63,33.54,102.53,3.16,44.1,70.11,56.08,87.42,67.96,12.53,58.52,39.66,91.97,27.51,69.35,35.74,66.03,29.07
39,5.1,42.2,86.01,57.63,44.28,45.45,19.8,88.87,10.05,44.72,4.12,78.11,50.36,64.0,45.18,19.03,48.38,49.52,30.02,38.48,55.73,58.8,19.0,80.41,67.91,50.22,84.5,84.15,59.68,39.2,17.2,50.8,26.4,34.37,61.0,27.86,72.8,26.4,54.23,0.0,50.16,39.82,46.75,67.68,15.81,97.08,40.31,20.52,58.52,59.51,11.18,56.72,43.38,30.59,29.53,84.12,87.62,60.14,19.03,66.0,57.01,10.77,73.39,70.34,53.6,12.81,82.01,8.25,66.07,54.71,43.01,49.19,27.02,59.44,28.28,46.53,20.88,51.55,34.93
40,51.01,26.4,76.69,43.32,68.01,29.15,40.25,65.28,52.89,26.0,54.23,102.59,10.0,78.1,61.62,31.4,54.67,35.78,41.34,25.0,7.07,35.51,31.26,74.04,90.55,75.8,61.13,77.88,15.81,57.8,36.5,27.51,30.02,16.03,18.03,45.65,72.5,75.5,9.85,50.16,0.0,75.64,30.89,71.2,48.85,76.16,76.56,39.36,59.17,90.14,41.0,7.81,18.6,51.11,42.19,43.27,65.12,41.0,54.13,79.65,31.4,60.0,28.32,93.38,12.37,41.76,61.0,53.37,77.8,58.25,7.62,48.83,31.78,82.98,22.0,60.11,30.07,56.4,20.59
41,34.99,53.94,68.88,55.9,16.64,54.33,59.08,82.35,48.47,80.66,39.0,39.46,80.26,34.67,25.08,52.35,35.74,53.01,35.17,74.28,78.43,63.13,51.66,62.48,31.14,16.12,78.92,65.12,89.55,23.35,41.4,60.21,62.97,60.9,91.42,30.36,52.4,46.27,83.24,39.82,75.64,0.0,54.15,46.01,55.46,86.61,1.0,59.64,43.83,19.92,49.41,79.38,60.17,25.5,34.21,93.13,80.53,60.67,57.58,36.36,64.0,32.28,88.57,33.02,83.86,51.87,75.24,46.24,38.01,39.81,70.71,41.98,43.86,23.77,56.3,28.23,48.6,37.7,55.15
42,44.41,6.08,48.01,14.04,42.06,2.0,49.66,43.42,54.56,51.24,50.45,73.82,39.92,48.1,34.01,35.78,25.0,5.1,20.62,47.0,29.73,12.04,34.89,44.41,61.85,49.4,38.95,48.37,46.65,32.02,29.7,6.08,43.42,26.02,48.88,25.5,41.79,72.42,40.71,46.75,30.89,54.15,0.0,40.31,54.92,52.92,55.15,49.24,28.3,64.26,43.83,30.41,12.65,29.02,21.59,40.02,42.49,14.32,60.46,49.5,10.77,52.48,34.53,64.64,42.95,46.32,37.16,53.76,47.42,27.66,31.05,18.38,19.8,55.07,27.89,31.76,29.15,26.17,17.26
43,63.06,45.19,23.02,29.7,29.73,42.06,80.01,41.11,77.67,89.56,69.64,40.79,80.06,15.13,23.71,67.12,20.0,35.51,40.0,84.4,69.63,39.62,66.12,16.64,31.0,31.06,39.01,19.1,86.95,29.15,56.01,44.41,77.52,63.89,89.19,40.31,6.4,86.31,81.01,67.68,71.2,46.01,40.31,0.0,81.61,42.38,46.75,80.0,12.08,41.76,71.18,70.21,52.77,37.11,40.01,64.47,39.12,34.06,86.15,15.0,43.14,66.85,67.8,33.06,83.19,74.17,35.01,75.93,12.0,14.14,70.77,23.09,49.37,29.12,63.35,21.54,60.21,17.03,54.71
44,20.88,49.41,98.37,67.54,59.84,53.25,9.06,98.27,7.81,35.36,16.64,93.92,45.89,79.16,60.01,19.8,61.81,58.67,42.2,30.02,55.46,66.61,20.52,93.15,83.68,65.97,93.81,97.02,54.33,54.01,26.57,57.63,19.42,35.23,55.15,41.3,86.31,29.27,50.01,15.81,48.85,55.46,54.92,81.61,0.0,107.35,55.9,10.05,71.59,75.24,11.18,56.36,48.08,45.01,41.98,88.24,97.25,69.12,5.66,81.15,64.03,24.21,75.47,86.13,48.51,8.6,91.79,9.9,81.02,68.07,41.23,61.4,35.78,75.19,29.83,61.03,25.81,64.94,39.62
45,93.6,58.87,21.02,39.82,69.97,54.78,102.55,11.05,106.0,101.12,100.21,80.22,86.15,57.28,61.85,88.64,52.5,48.75,67.2,98.06,71.0,42.45,87.73,26.48,72.37,72.92,15.03,26.02,89.09,65.44,81.12,51.92,96.14,77.88,91.14,70.29,36.4,120.51,85.01,97.08,76.16,86.61,52.92,42.38,107.35,0.0,87.46,102.16,43.01,84.12,96.18,71.01,63.06,70.01,67.8,44.28,11.05,38.63,112.77,56.75,46.1,100.0,56.75,73.98,88.02,98.84,15.81,104.85,53.85,47.2,79.91,48.84,71.59,71.47,80.65,58.82,81.86,49.82,69.89
46,35.51,54.92,69.66,56.89,17.49,55.33,59.64,83.26,48.85,81.39,39.4,39.32,81.12,35.23,26.0,53.08,36.69,54.01,36.14,75.01,79.38,64.12,52.4,63.25,31.26,16.64,79.85,65.86,90.43,24.33,42.2,61.2,63.66,61.77,92.28,31.32,53.15,46.17,84.12,40.31,76.56,1.0,55.15,46.75,55.9,87.46,0.0,60.22,44.72,19.65,50.0,80.32,61.13,26.48,35.17,94.13,81.44,61.66,57.94,36.89,65.0,32.57,89.56,33.06,84.72,52.43,76.16,46.62,38.6,40.72,71.59,42.95,44.78,24.04,57.14,29.15,49.41,38.63,56.08
47,24.84,43.38,94.92,62.63,61.35,47.42,1.0,92.57,16.49,25.71,23.02,96.66,35.9,79.43,60.02,13.6,60.0,53.49,40.0,20.1,46.14,60.42,14.56,90.09,85.8,68.15,88.1,94.05,44.28,54.13,24.02,51.11,9.49,26.87,45.1,40.31,84.15,39.12,40.02,20.52,39.36,59.64,49.24,80.0,10.05,102.16,60.22,0.0,69.18,78.89,10.3,47.01,40.8,44.91,40.01,79.98,91.71,63.56,14.87,81.39,57.45,30.81,66.61,88.39,38.47,7.81,86.41,18.03,80.89,66.03,31.76,58.42,31.58,77.25,22.2,60.53,20.62,63.01,32.76
48,54.23,33.11,27.78,18.87,27.31,30.02,69.26,38.63,68.31,77.62,60.93,48.85,67.98,21.93,18.87,56.01,10.3,23.6,29.43,72.57,57.8,28.84,55.01,21.93,37.64,31.58,35.44,25.63,74.95,22.63,45.4,32.65,66.12,51.92,77.18,30.68,15.0,79.32,68.96,58.52,59.17,43.83,28.3,12.08,71.59,43.01,44.72,69.18,0.0,45.01,60.83,58.41,40.71,28.65,29.61,56.04,36.77,23.71,76.4,22.83,32.02,59.17,57.45,40.16,71.12,63.79,31.62,66.73,20.25,4.24,58.69,11.18,38.01,33.14,51.62,15.81,49.0,7.21,42.72
49,54.56,65.74,64.08,61.66,22.36,65.0,78.39,82.38,68.35,98.49,58.87,20.0,96.05,26.93,30.36,70.43,40.79,61.68,48.83,92.2,91.79,70.61,69.66,57.94,15.0,14.87,79.76,59.51,105.0,32.65,58.8,70.23,81.4,76.69,107.0,44.82,47.76,65.01,98.6,59.51,90.14,19.92,64.26,41.76,75.24,84.12,19.65,78.89,45.01,0.0,68.6,92.66,72.95,39.2,48.01,99.98,80.41,66.75,77.49,27.73,72.53,52.2,98.37,15.65,99.64,71.2,75.8,66.13,30.46,42.05,86.21,48.05,59.03,12.65,72.86,32.98,65.8,41.3,69.63
50,14.87,38.42,87.36,56.36,51.24,42.2,9.85,87.13,12.08,33.54,14.56,86.41,40.01,69.72,50.36,9.85,51.24,47.51,31.4,27.31,47.13,55.61,10.3,82.23,75.61,57.94,82.68,86.12,49.16,44.41,15.52,46.75,15.23,26.0,50.36,31.0,75.66,34.53,44.0,11.18,41.0,49.41,43.83,71.18,11.18,96.18,50.0,10.3,60.83,68.6,0.0,48.08,37.64,35.23,31.26,78.24,86.09,57.98,16.64,71.7,53.15,21.93,66.19,78.19,43.1,3.0,80.62,12.37,71.34,57.43,33.54,50.45,24.6,67.07,20.12,51.09,14.87,54.33,29.07
51,57.14,27.2,73.38,41.18,70.33,29.0,47.89,60.0,60.08,33.12,60.83,103.86,16.16,78.49,63.25,38.33,55.23,34.83,44.38,32.65,1.0,32.31,38.08,71.31,91.83,78.03,56.04,75.03,18.25,60.03,42.01,25.81,37.74,22.36,20.4,49.04,70.83,82.46,14.14,56.72,7.81,79.38,30.41,70.21,56.36,71.01,80.32,47.01,58.41,92.66,48.08,0.0,19.72,54.23,45.31,35.85,60.03,38.08,61.72,79.91,28.23,66.19,20.62,94.64,17.26,49.04,56.32,60.44,77.83,58.05,15.26,48.8,35.9,84.63,28.44,61.4,36.12,56.57,24.52
52,42.38,7.81,60.21,26.17,50.61,10.77,41.4,52.81,49.41,39.01,47.42,84.39,27.31,59.55,43.6,28.28,36.12,17.72,25.0,35.23,18.87,20.62,27.59,56.89,72.35,58.31,48.38,60.83,34.41,40.31,26.57,11.18,33.54,14.87,36.62,29.83,54.42,69.78,28.3,43.38,18.6,60.17,12.65,52.77,48.08,63.06,61.13,40.8,40.71,72.95,37.64,19.72,0.0,34.79,25.96,40.82,52.2,25.08,53.74,61.07,17.09,51.24,30.59,75.17,30.41,39.62,47.3,49.09,59.2,39.66,18.44,30.23,18.11,65.0,18.6,41.87,23.02,37.8,8.6
53,25.96,28.44,56.44,33.54,17.8,29.02,44.72,63.41,40.61,60.46,32.57,53.82,56.85,34.53,15.13,33.62,18.36,28.64,9.85,54.38,53.31,39.05,32.7,50.54,42.19,25.5,59.41,54.13,65.8,9.22,21.54,35.0,44.78,37.54,67.8,5.66,42.38,50.8,59.41,30.59,51.11,25.5,29.02,37.11,45.01,70.01,26.48,44.91,28.65,39.2,35.23,54.23,34.79,0.0,8.94,68.73,61.85,37.7,49.25,36.5,39.32,30.53,63.2,44.94,60.44,38.21,56.22,38.83,36.12,24.6,47.01,21.26,19.85,33.84,34.06,16.03,27.78,21.47,30.53
54,25.81,20.02,56.65,29.07,26.17,21.21,40.0,60.11,39.0,52.84,32.45,61.85,48.17,40.5,21.47,27.46,20.02,22.36,1.0,46.96,44.38,32.7,26.48,51.24,50.0,33.97,55.87,55.08,57.01,16.4,16.0,27.29,38.33,29.0,59.03,4.0,44.41,53.04,50.61,29.53,42.19,34.21,21.59,40.01,41.98,67.8,35.17,40.01,29.61,48.01,31.26,45.31,25.96,8.94,0.0,61.61,58.73,32.45,46.84,42.38,32.28,32.56,55.01,52.8,51.74,34.23,53.08,37.58,41.48,26.17,38.29,19.7,11.4,41.87,26.08,21.19,20.88,23.09,21.63
55,82.76,42.72,55.87,38.33,79.1,40.52,80.72,34.13,90.14,68.96,88.12,104.68,51.88,77.79,70.18,68.6,59.3,40.2,60.64,68.24,36.36,30.02,68.01,57.01,93.68,85.48,32.02,59.55,51.24,70.01,67.08,34.48,71.42,53.15,52.89,65.51,61.77,110.48,49.24,84.12,43.27,93.13,40.02,64.47,88.24,44.28,94.13,79.98,56.04,99.98,78.24,35.85,40.82,68.73,61.61,0.0,35.23,33.24,93.86,78.43,29.43,91.39,15.81,96.17,52.39,80.0,34.66,89.89,75.61,58.25,49.82,52.15,57.78,88.84,58.41,67.27,63.81,58.69,49.4
56,84.39,48.33,22.36,30.0,64.08,44.28,92.14,2.0,96.26,90.09,90.91,79.16,75.11,54.23,55.46,78.26,45.28,38.59,58.05,87.1,60.01,31.62,77.37,25.71,70.06,68.01,4.0,26.93,78.16,58.31,71.28,41.11,85.44,67.05,80.22,61.52,34.01,111.73,74.0,87.62,65.12,80.53,42.49,39.12,97.25,11.05,81.44,91.71,36.77,80.41,86.09,60.03,52.2,61.85,58.73,35.23,0.0,28.18,102.73,54.08,35.17,91.22,46.49,72.01,77.01,88.68,5.66,95.21,51.09,40.72,68.88,40.61,61.59,67.9,70.01,52.33,71.59,42.94,59.24
57,57.31,20.25,35.69,5.1,46.0,16.16,63.98,29.15,68.41,64.01,63.64,72.5,50.8,45.62,37.01,50.09,26.08,10.63,31.62,60.3,37.7,5.83,49.19,33.24,61.1,52.24,24.7,37.0,55.97,37.34,43.42,14.0,57.57,39.62,58.19,35.85,33.42,85.15,50.7,60.14,41.0,60.67,14.32,34.06,69.12,38.63,61.66,63.56,23.71,66.75,57.98,38.08,25.08,37.7,32.45,33.24,28.18,0.0,74.63,46.53,9.85,64.82,33.84,63.69,53.37,60.54,22.85,67.48,43.91,25.3,43.05,19.0,33.6,55.79,42.06,34.06,43.42,25.5,31.32
58,24.08,55.0,103.41,72.95,63.29,58.82,13.93,103.77,9.22,39.01,18.68,96.57,50.7,83.01,64.07,25.46,66.49,64.14,47.13,34.13,60.83,72.2,26.17,98.08,86.68,69.05,99.32,101.92,58.86,58.08,31.78,63.25,24.35,40.8,59.54,45.89,91.01,26.25,54.82,19.03,54.13,57.58,60.46,86.15,5.66,112.77,57.94,14.87,76.4,77.49,16.64,61.72,53.74,49.25,46.84,93.86,102.73,74.63,0.0,85.01,69.66,25.5,80.99,89.05,53.15,14.21,97.25,11.4,85.02,72.78,46.52,66.41,41.18,78.26,35.47,65.28,31.4,69.63,45.28
59,61.01,53.26,36.4,41.68,22.56,50.93,81.22,56.08,76.01,94.85,67.12,26.25,87.66,2.0,21.38,69.64,25.0,45.34,42.72,89.16,79.21,51.62,68.68,30.36,16.0,20.25,54.01,31.78,95.43,27.29,57.72,54.56,80.65,69.84,97.62,41.23,20.4,80.65,89.2,66.0,79.65,36.36,49.5,15.0,81.15,56.75,36.89,81.39,22.83,27.73,71.7,79.91,61.07,36.5,42.38,78.43,54.08,46.53,85.01,0.0,54.64,62.8,80.26,18.11,91.02,74.67,50.01,74.03,3.0,22.02,77.94,31.11,53.31,15.26,68.03,21.19,63.25,23.35,61.06
60,54.92,14.87,45.35,13.45,50.8,11.66,57.98,35.74,64.35,55.23,60.8,80.13,41.3,53.54,42.2,44.41,31.95,11.05,31.32,51.97,27.86,4.12,43.6,43.08,68.43,57.72,31.32,46.82,46.17,41.19,39.82,6.4,50.57,31.95,48.38,36.14,43.01,82.93,41.0,57.01,31.4,64.0,10.77,43.14,64.03,46.1,65.0,57.45,32.02,72.53,53.15,28.23,17.09,39.32,32.28,29.43,35.17,9.85,69.66,54.64,0.0,63.13,26.0,71.12,43.74,55.44,30.41,63.7,52.2,32.76,34.06,24.7,30.0,62.39,35.36,39.56,38.29,32.2,24.7
61,9.06,48.75,86.95,61.62,40.31,51.48,30.0,92.63,16.64,55.46,7.81,71.59,60.83,60.83,43.32,29.43,48.88,54.41,33.3,49.24,65.19,64.35,29.27,81.01,62.29,45.01,88.41,84.53,70.21,37.7,24.74,57.25,37.16,44.01,71.59,29.73,72.5,20.52,64.63,10.77,60.0,32.28,52.48,66.85,24.21,100.0,32.57,30.81,59.17,52.2,21.93,66.19,51.24,30.53,32.56,91.39,91.22,64.82,25.5,62.8,63.13,0.0,81.74,64.5,64.13,23.32,85.56,14.42,63.35,55.07,53.08,51.22,33.62,54.08,38.0,45.31,30.07,51.97,43.17
62,72.8,35.0,64.35,38.59,76.4,34.23,67.42,45.88,78.26,53.54,77.49,106.0,36.36,79.26,68.01,56.36,57.94,36.69,54.01,53.26,21.26,28.65,55.9,64.03,94.37,83.52,42.72,67.2,35.44,66.49,57.01,28.44,57.63,40.31,37.11,59.01,66.53,99.72,33.54,73.39,28.32,88.57,34.53,67.8,75.47,56.75,89.56,66.61,57.45,98.37,66.19,20.62,30.59,63.2,55.01,15.81,46.49,33.84,80.99,80.26,26.0,81.74,0.0,97.05,36.67,67.6,44.28,78.29,77.7,58.59,35.38,50.7,48.66,88.39,46.07,65.46,52.55,58.18,38.6
63,65.25,67.48,53.15,58.69,27.29,65.8,88.02,74.01,79.83,105.39,70.41,9.22,100.5,18.44,31.83,78.29,39.66,61.06,53.41,99.32,93.86,68.45,77.41,47.52,2.83,20.25,72.06,48.27,108.89,36.4,66.24,70.18,89.47,81.69,111.02,50.48,38.05,79.23,102.53,70.34,93.38,33.02,64.64,33.06,86.13,73.98,33.06,88.39,40.16,15.65,78.19,94.64,75.17,44.94,52.8,96.17,72.01,63.69,89.05,18.11,71.12,64.5,97.05,0.0,104.0,80.99,68.07,77.67,21.1,38.48,90.61,46.65,64.2,11.18,78.82,33.3,72.72,38.95,73.59
64,55.54,38.08,89.05,55.66,77.9,41.15,39.46,77.06,54.04,17.69,57.43,113.17,3.61,89.4,72.18,34.71,66.03,47.93,50.99,19.7,17.12,47.85,34.93,86.4,101.18,85.7,73.01,90.25,6.08,67.9,42.95,39.85,29.15,23.02,7.62,54.82,84.69,77.06,3.16,53.6,12.37,83.86,42.95,83.19,48.51,88.02,84.72,38.47,71.12,99.64,43.1,17.26,30.41,60.44,51.74,52.39,77.01,53.37,53.15,91.02,43.74,64.13,36.67,104.0,0.0,43.0,73.06,55.0,89.31,69.97,13.45,60.54,40.61,93.34,27.73,70.94,35.85,67.96,30.41
65,17.03,40.8,90.25,59.03,54.12,44.65,7.21,89.69,11.18,32.31,15.65,89.16,40.05,72.69,53.34,11.4,54.23,50.12,34.37,26.25,48.1,58.01,12.04,85.15,78.43,60.75,85.23,89.05,49.01,47.38,18.44,49.04,14.32,27.29,50.09,34.0,78.64,34.13,44.1,12.81,41.76,51.87,46.32,74.17,8.6,98.84,52.43,7.81,63.79,71.2,3.0,49.04,39.62,38.21,34.23,80.0,88.68,60.54,14.21,74.67,55.44,23.32,67.6,80.99,43.0,0.0,83.24,12.0,74.33,60.41,34.21,53.37,27.31,69.89,21.63,54.08,17.2,57.31,31.11
66,78.75,43.08,21.26,24.41,58.87,39.0,86.82,7.21,90.7,85.59,85.28,75.54,71.0,50.01,50.16,72.92,39.82,33.12,52.4,82.38,56.22,26.68,72.01,23.26,66.01,63.06,4.0,25.24,74.55,52.84,65.73,36.14,80.32,62.1,76.66,55.87,30.41,106.08,70.11,82.01,61.0,75.24,37.16,35.01,91.79,15.81,76.16,86.41,31.62,75.8,80.62,56.32,47.3,56.22,53.08,34.66,5.66,22.85,97.25,50.01,30.41,85.56,44.28,68.07,73.06,83.24,0.0,89.63,47.01,35.47,64.38,35.0,56.08,63.39,64.85,47.01,66.19,37.58,54.08
67,13.04,48.84,94.15,65.22,52.09,52.33,17.09,96.4,2.24,43.68,7.28,85.16,52.04,72.03,53.34,22.14,56.61,56.85,38.01,37.85,59.48,65.76,22.47,88.6,75.31,57.71,92.01,92.36,61.01,47.38,24.08,57.38,26.17,38.28,62.07,36.06,81.04,22.2,56.08,8.25,53.37,46.24,53.76,75.93,9.9,104.85,46.62,18.03,66.73,66.13,12.37,60.44,49.09,38.83,37.58,89.89,95.21,67.48,11.4,74.03,63.7,14.42,78.29,77.67,55.0,12.0,89.63,0.0,74.17,62.94,45.89,57.27,33.97,66.91,32.31,54.74,26.08,59.77,40.5
68,61.13,51.4,33.62,39.12,23.41,48.92,80.75,53.08,76.11,93.62,67.36,29.12,85.98,3.61,21.02,68.88,23.32,43.14,41.76,88.02,77.16,49.09,67.91,27.51,19.0,22.02,51.01,29.07,93.6,27.02,57.07,52.35,79.81,68.43,95.8,40.61,17.46,81.6,87.42,66.07,77.8,38.01,47.42,12.0,81.02,53.85,38.6,80.89,20.25,30.46,71.34,77.83,59.2,36.12,41.48,75.61,51.09,43.91,85.02,3.0,52.2,63.35,77.7,21.1,89.31,74.33,47.01,74.17,0.0,19.8,76.32,29.07,52.2,17.89,66.85,20.4,62.36,21.4,59.54
69,50.33,31.91,31.91,20.25,23.41,29.21,66.07,42.54,64.56,75.58,57.01,47.41,66.73,20.81,14.76,53.04,6.32,23.35,26.08,70.34,57.38,29.97,52.04,25.94,35.85,28.16,39.22,29.55,74.06,18.38,42.11,32.56,63.39,49.98,76.28,26.93,18.25,75.17,67.96,54.71,58.25,39.81,27.66,14.14,68.07,47.2,40.72,66.03,4.24,42.05,57.43,58.05,39.66,24.6,26.17,58.25,40.72,25.3,72.78,22.02,32.76,55.07,58.59,38.48,69.97,60.41,35.47,62.94,19.8,0.0,57.25,9.43,35.23,30.59,49.24,11.66,46.1,3.16,40.85
70,44.18,25.63,78.52,44.55,64.44,29.12,32.65,69.23,45.35,21.21,47.04,99.76,9.9,76.28,58.8,24.08,53.0,36.14,37.54,18.79,14.42,38.01,24.02,75.31,87.78,72.25,64.94,79.25,18.87,54.45,30.36,29.07,22.47,9.85,20.81,41.4,72.73,68.07,12.53,43.01,7.62,70.71,31.05,70.77,41.23,79.91,71.59,31.76,58.69,86.21,33.54,15.26,18.44,47.01,38.29,49.82,68.88,43.05,46.52,77.94,34.06,53.08,35.38,90.61,13.45,34.21,64.38,45.89,76.32,57.25,0.0,47.85,27.2,79.91,15.3,57.63,23.54,55.07,17.03
71,45.28,22.47,37.0,14.04,27.0,19.85,58.55,42.2,58.69,66.48,51.97,55.76,57.31,29.73,18.03,45.1,7.28,14.42,19.31,61.39,48.1,22.56,44.1,31.78,43.91,33.38,38.28,35.69,64.64,18.68,34.93,23.6,55.04,40.8,66.85,21.63,26.08,71.7,58.52,49.19,48.83,41.98,18.38,23.09,61.4,48.84,42.95,58.42,11.18,48.05,50.45,48.8,30.23,21.26,19.7,52.15,40.61,19.0,66.41,31.11,24.7,51.22,50.7,46.65,60.54,53.37,35.0,57.27,29.07,9.43,47.85,0.0,27.02,37.7,40.45,15.13,38.05,7.81,31.62
72,25.06,15.26,63.35,31.76,37.48,18.44,31.78,62.68,34.83,41.59,30.81,73.25,37.01,51.48,32.76,18.11,29.61,23.02,10.82,35.85,34.93,31.83,17.12,58.55,61.4,45.25,58.25,62.51,46.04,27.8,9.9,23.85,28.16,17.69,48.01,14.21,53.01,53.0,39.66,27.02,31.78,43.86,19.8,49.37,35.78,71.59,44.78,31.58,38.01,59.03,24.6,35.9,18.11,19.85,11.4,57.78,61.59,33.6,41.18,53.31,30.0,33.62,48.66,64.2,40.61,27.31,56.08,33.97,52.2,35.23,27.2,27.02,0.0,53.26,14.76,32.2,11.05,32.39,11.4
73,54.34,57.43,51.48,50.7,16.12,56.08,76.9,69.87,69.05,94.3,59.68,20.0,89.81,14.32,21.4,67.12,30.46,51.89,42.52,88.2,83.82,60.08,66.24,45.31,8.54,9.22,67.36,46.96,98.35,25.5,55.07,60.83,78.29,70.84,100.45,39.41,35.11,69.87,91.97,59.44,82.98,23.77,55.07,29.12,75.19,71.47,24.04,77.25,33.14,12.65,67.07,84.63,65.0,33.84,41.87,88.84,67.9,55.79,78.26,15.26,62.39,54.08,88.39,11.18,93.34,69.89,63.39,66.91,17.89,30.59,79.91,37.7,53.26,0.0,67.8,23.32,61.59,30.36,62.94
74,29.02,21.84,75.24,41.77,51.86,25.96,22.8,70.77,32.2,26.83,32.39,87.8,24.17,66.21,47.51,10.3,43.97,32.56,25.55,21.19,27.46,38.48,9.85,71.01,76.03,59.55,66.31,75.01,33.62,42.44,15.23,29.07,15.52,6.08,35.34,28.43,66.48,54.12,27.51,28.28,22.0,56.3,27.89,63.35,29.83,80.65,57.14,22.2,51.62,72.86,20.12,28.44,18.6,34.06,26.08,58.41,70.01,42.06,35.47,68.03,35.36,38.0,46.07,78.82,27.73,21.63,64.85,32.31,66.85,49.24,15.3,40.45,14.76,67.8,0.0,46.96,8.25,46.57,10.77
75,41.77,34.21,42.64,29.02,12.17,32.76,60.41,54.13,56.57,73.79,48.27,42.52,67.48,19.31,3.16,48.51,8.0,28.79,21.54,68.03,60.61,37.66,47.54,36.4,30.48,18.25,50.7,39.66,75.69,7.62,36.67,37.58,59.48,49.09,77.83,20.22,27.29,64.88,69.35,46.53,60.11,28.23,31.76,21.54,61.03,58.82,29.15,60.53,15.81,32.98,51.09,61.4,41.87,16.03,21.19,67.27,52.33,34.06,65.28,21.19,39.56,45.31,65.46,33.3,70.94,54.08,47.01,54.74,20.4,11.66,57.63,15.13,32.2,23.32,46.96,0.0,42.06,9.49,40.61
76,21.02,23.6,74.33,42.15,45.49,27.46,20.88,72.56,26.4,32.8,25.0,81.54,32.31,61.35,42.15,7.07,40.31,33.11,20.62,26.63,35.13,40.8,6.08,69.58,69.97,53.01,68.1,73.55,41.79,36.67,7.21,31.89,17.46,14.04,43.46,22.36,64.0,47.17,35.74,20.88,30.07,48.6,29.15,60.21,25.81,81.86,49.41,20.62,49.0,65.8,14.87,36.12,23.02,27.78,20.88,63.81,71.59,43.42,31.4,63.25,38.29,30.07,52.55,72.72,35.85,17.2,66.19,26.08,62.36,46.1,23.54,38.05,11.05,61.59,8.25,42.06,0.0,43.19,14.42
77,47.17,30.0,34.99,20.4,21.59,27.59,63.03,44.72,61.4,73.05,53.85,48.02,64.66,21.93,12.65,50.09,3.16,22.2,23.02,67.72,55.87,29.73,49.09,29.07,36.24,27.0,41.23,32.7,72.2,15.62,39.05,31.4,60.53,47.54,74.4,23.77,21.38,72.11,66.03,51.55,56.4,37.7,26.17,17.03,64.94,49.82,38.63,63.01,7.21,41.3,54.33,56.57,37.8,21.47,23.09,58.69,42.94,25.5,69.63,23.35,32.2,51.97,58.18,38.95,67.96,57.31,37.58,59.77,21.4,3.16,55.07,7.81,32.39,30.36,46.57,9.49,43.19,0.0,38.48
78,34.21,11.18,65.03,31.26,47.63,15.3,33.29,60.01,40.8,34.93,39.0,82.76,26.91,59.36,41.77,19.85,36.24,22.09,20.81,30.15,23.54,27.73,19.1,61.07,70.77,55.44,55.54,65.07,35.47,37.54,18.44,18.36,26.25,9.22,37.54,25.06,57.27,61.33,29.07,34.93,20.59,55.15,17.26,54.71,39.62,69.89,56.08,32.76,42.72,69.63,29.07,24.52,8.6,30.53,21.63,49.4,59.24,31.32,45.28,61.06,24.7,43.17,38.6,73.59,30.41,31.11,54.08,40.5,59.54,40.85,17.03,31.62,11.4,62.94,10.77,40.61,14.42,38.48,0.0
