vehicles
vehicle_idx, capacity, cost_per_unit_distance
1,100,1
2,100,1
3,100,1
4,100,1
5,100,1
6,100,1
7,100,1
8,100,1
9,100,1
depot
node_idx,x,y
0,59,44
home delivery customers
node_idx,x,y,service_time,demand
1,87,9,10,9
2,34,16,10,16
3,72,43,10,3
4,46,7,10,1
5,95,39,10,20
6,38,54,10,23
7,48,46,10,17
8,79,30,10,13
9,94,87,10,10
10,2,22,10,20
11,11,57,10,21
12,82,13,10,7
13,20,21,10,15
14,33,31,10,30
15,41,24,10,7
16,4,44,10,23
17,54,22,10,8
18,43,59,10,5
19,94,54,10,12
20,14,40,10,25
21,37,0,10,24
22,88,55,10,8
23,80,25,10,22
24,87,47,10,24
self pickup customers
node_idx,x,y,service_time,demand,locker_idxs
25,9,23,10,2,70
26,84,68,10,1,76
27,40,98,10,5,77-72
28,0,60,10,9,72
29,64,90,10,12,79-69-73
30,11,8,10,1,70
31,23,84,10,10,80-72
32,67,18,10,5,81-74-71
33,5,78,10,6,80
34,50,73,10,39,79-83-69
35,64,4,10,8,82-74
36,28,50,10,3,75
37,68,59,10,7,79
38,14,9,10,23,70
39,68,29,10,7,74
40,40,39,10,12,81
41,36,14,10,10,78
42,10,25,10,15,70
43,72,74,10,15,79-73
44,90,20,10,9,82-71
45,94,16,10,25,82-71
46,18,68,10,18,80-72
flexible customers
node_idx,x,y,service_time,demand,locker_idxs
47,36,93,10,6,77-83-72
48,33,54,10,18,75-81
49,34,93,10,5,77-83-72
50,19,25,10,9,75-81-70
51,14,9,10,16,70
52,70,64,10,12,79-69
53,58,50,10,6,81-79
54,39,28,10,2,81-75-70
55,61,36,10,17,81-74
56,51,91,10,2,77-83-79-69-73
57,12,91,10,12,77-80-72
58,25,16,10,13,78-75-70
59,3,51,10,25,72
60,13,52,10,5,75
61,9,76,10,4,80
62,58,18,10,13,81-74
63,32,89,10,23,80-83-72
64,9,92,10,19,77-80-72
65,96,97,10,5,73
66,40,91,10,13,77-83-80-72
67,3,70,10,8,80
68,37,64,10,7,80-83-79
lockers
node_idx,x,y,service_time,capacity,cost_per_unit_good
69,65,88,10,80
70,25,15,10,86
71,93,12,10,86
72,22,88,10,74
73,77,88,10,70
74,72,14,10,75
75,34,34,10,90
76,99,56,10,100
77,32,103,10,100
78,35,4,10,92
79,64,71,10,78
80,24,83,10,83
81,44,28,10,72
82,91,5,10,82
83,37,88,10,97
mrt lines
start_node_idx,end_node_idx,freight_capacity,cost_per_unit_good
distance matrix
,0,1,2,3,4,5,6,7,8,9,10,11,12,13,14,15,16,17,18,19,20,21,22,23,24,25,26,27,28,29,30,31,32,33,34,35,36,37,38,39,40,41,42,43,44,45,46,47,48,49,50,51,52,53,54,55,56,57,58,59,60,61,62,63,64,65,66,67,68,69,70,71,72,73,74,75,76,77,78,79,80,81,82,83,
0,0.0,44.82,37.54,13.04,39.22,36.35,23.26,11.18,24.41,55.44,61.1,49.73,38.6,45.28,29.07,26.91,55.0,22.56,21.93,36.4,45.18,49.19,31.02,28.32,28.16,54.23,34.66,57.25,61.13,46.27,60.0,53.81,27.2,63.81,30.36,40.31,31.58,17.49,57.01,17.49,19.65,37.8,52.55,32.7,39.2,44.82,47.51,54.13,27.86,55.01,44.28,57.01,22.83,6.08,25.61,8.25,47.68,66.47,44.05,56.44,46.69,59.36,26.02,52.48,69.31,64.64,50.7,61.74,29.73,44.41,44.69,46.69,57.49,47.54,32.7,26.93,41.76,64.88,46.65,27.46,52.4,21.93,50.45,49.19
1,44.82,0.0,53.46,37.16,41.05,31.05,66.53,53.76,22.47,78.31,85.99,89.89,6.4,68.07,58.31,48.38,90.08,35.47,66.6,45.54,79.31,50.8,46.01,17.46,38.0,79.25,59.08,100.65,100.85,84.2,76.01,98.6,21.93,107.17,73.93,23.54,71.85,53.49,73.0,27.59,55.76,51.24,78.64,66.71,11.4,9.9,90.79,98.27,70.29,99.32,69.86,73.0,57.57,50.22,51.62,37.48,89.55,111.13,62.39,93.91,85.59,102.83,30.36,97.08,113.9,88.46,94.51,103.81,74.33,82.01,62.29,6.71,102.3,79.63,15.81,58.6,48.51,108.91,52.24,66.13,97.19,47.01,5.66,93.49
2,37.54,53.46,0.0,46.62,15.0,65.19,38.21,33.11,47.13,92.96,32.56,47.01,48.09,14.87,15.03,10.63,41.04,20.88,43.93,71.02,31.24,16.28,66.61,46.87,61.4,25.96,72.14,82.22,55.61,79.85,24.35,68.88,33.06,68.45,59.2,32.31,34.53,54.82,21.19,36.4,23.77,2.83,25.63,69.34,56.14,60.0,54.41,77.03,38.01,77.0,17.49,21.19,60.0,41.62,13.0,33.6,76.9,78.16,9.0,46.75,41.68,65.0,24.08,73.03,80.01,102.0,75.24,62.27,48.09,78.39,9.06,59.14,72.99,83.86,38.05,18.0,76.32,87.02,12.04,62.65,67.74,15.62,58.05,72.06
3,13.04,37.16,46.62,0.0,44.41,23.35,35.74,24.19,14.76,49.19,73.08,62.59,31.62,56.46,40.8,36.36,68.01,27.66,33.12,24.6,58.08,55.44,20.0,19.7,15.52,66.1,27.73,63.63,73.98,47.68,70.33,63.89,25.5,75.59,37.2,39.81,44.55,16.49,67.23,14.56,32.25,46.23,64.56,31.0,29.21,34.83,59.51,61.61,40.52,62.8,55.97,67.23,21.1,15.65,36.25,13.04,52.39,76.84,54.2,69.46,59.68,71.12,28.65,60.96,79.81,59.09,57.69,74.09,40.82,45.54,54.71,37.44,67.27,45.28,29.0,39.05,29.97,72.11,53.76,29.12,62.48,31.76,42.49,57.01
4,39.22,41.05,15.0,44.41,0.0,58.52,47.68,39.05,40.22,93.3,46.49,61.03,36.5,29.53,27.29,17.72,55.97,17.0,52.09,67.18,45.97,11.4,63.78,38.47,57.28,40.31,71.87,91.2,70.18,84.93,35.01,80.36,23.71,81.99,66.12,18.25,46.62,56.46,32.06,31.11,32.56,12.21,40.25,71.87,45.88,48.84,67.12,86.58,48.76,86.83,32.45,32.06,61.85,44.64,22.14,32.65,84.15,90.62,22.85,61.52,55.8,78.29,16.28,83.19,92.7,102.96,84.21,76.28,57.71,83.2,22.47,47.27,84.48,86.73,26.93,29.55,72.18,97.02,11.4,66.48,79.12,21.1,45.04,81.5
5,36.35,31.05,65.19,23.35,58.52,0.0,58.94,47.52,18.36,48.01,94.54,85.91,29.07,77.13,62.51,56.04,91.14,44.38,55.71,15.03,81.01,69.89,17.46,20.52,11.31,87.48,31.02,80.66,97.29,59.68,89.54,84.91,35.0,98.09,56.4,46.75,67.9,33.6,86.38,28.79,55.0,64.08,86.15,41.88,19.65,23.02,82.28,79.98,63.79,81.47,77.28,86.38,35.36,38.6,57.07,34.13,68.12,97.94,73.68,92.78,83.02,93.62,42.54,80.43,101.02,58.01,75.69,97.08,63.16,57.45,74.0,27.07,87.92,52.2,33.97,61.2,17.46,89.81,69.46,44.55,83.53,52.17,34.23,75.93
6,23.26,66.53,38.21,35.74,47.68,58.94,0.0,12.81,47.51,65.0,48.17,27.17,60.14,37.59,23.54,30.15,35.44,35.78,7.07,56.0,27.78,54.01,50.01,51.04,49.5,42.45,48.08,44.05,38.47,44.41,53.34,33.54,46.23,40.8,22.47,56.36,10.77,30.41,51.0,39.05,15.13,40.05,40.31,39.45,62.13,67.68,24.41,39.05,5.0,39.2,34.67,51.0,33.53,20.4,26.02,29.21,39.22,45.22,40.16,35.13,25.08,36.4,41.18,35.51,47.8,72.2,37.05,38.48,10.05,43.42,41.11,69.2,37.58,51.74,52.5,20.4,61.03,49.37,50.09,31.06,32.2,26.68,72.18,34.01
7,11.18,53.76,33.11,24.19,39.05,47.52,12.81,0.0,34.89,61.62,51.88,38.6,47.38,37.54,21.21,23.09,44.05,24.74,13.93,46.69,34.53,47.3,41.0,38.28,39.01,45.28,42.19,52.61,50.0,46.82,53.04,45.49,33.84,53.6,27.07,44.94,20.4,23.85,50.25,26.25,10.63,34.18,43.42,36.88,49.4,54.92,37.2,48.51,17.0,49.04,35.81,50.25,28.43,10.77,20.12,16.4,45.1,57.63,37.8,45.28,35.51,49.2,29.73,45.88,60.31,70.04,45.71,51.0,21.1,45.31,38.6,56.4,49.4,51.04,40.0,18.44,51.97,59.2,43.97,29.68,44.1,18.44,59.41,43.42
8,24.41,22.47,47.13,14.76,40.22,18.36,47.51,34.89,0.0,58.94,77.41,73.16,17.26,59.68,46.01,38.47,76.3,26.25,46.23,28.3,65.76,51.61,26.57,5.1,18.79,70.35,38.33,78.39,84.5,61.85,71.47,77.79,16.97,88.2,51.87,30.02,54.78,31.02,68.31,11.05,40.02,45.88,69.18,44.55,14.87,20.52,71.87,76.28,51.88,77.42,60.21,68.31,35.17,29.0,40.05,18.97,67.12,90.61,55.79,78.85,69.57,83.76,24.19,75.43,93.51,69.12,72.4,85.88,54.04,59.67,56.04,22.8,81.32,58.03,17.46,45.18,32.8,86.82,51.11,43.66,76.38,35.06,27.73,71.61
9,55.44,78.31,92.96,49.19,93.3,48.01,65.0,61.62,58.94,0.0,112.65,88.26,74.97,99.16,82.81,82.33,99.74,76.32,58.18,33.0,92.78,104.01,32.56,63.56,40.61,106.4,21.47,55.11,97.8,30.15,114.59,71.06,74.09,89.45,46.17,88.26,75.66,38.21,111.73,63.56,72.25,93.24,104.4,25.55,67.12,71.0,78.34,58.31,69.35,60.3,97.31,111.73,33.24,51.62,80.66,60.75,43.19,82.1,99.01,97.86,88.24,85.71,77.83,62.03,85.15,10.2,54.15,92.57,61.47,29.02,99.72,75.01,72.01,17.03,76.24,80.06,31.4,64.03,101.83,34.0,70.11,77.34,82.05,57.01
10,61.1,85.99,32.56,73.08,46.49,94.54,48.17,51.88,77.41,112.65,0.0,36.14,80.5,18.03,32.28,39.05,22.09,52.0,55.23,97.41,21.63,41.34,92.11,78.06,88.6,7.07,94.02,84.97,38.05,92.02,16.64,65.46,65.12,56.08,70.04,64.56,38.21,75.66,17.69,66.37,41.63,34.93,8.54,87.2,88.02,92.2,48.7,78.72,44.55,77.88,17.26,17.69,79.92,62.61,37.48,60.64,84.63,69.72,23.77,29.02,31.95,54.45,56.14,73.41,70.35,120.25,78.77,48.01,54.67,91.24,24.04,91.55,68.96,99.9,70.46,34.18,102.79,86.38,37.59,79.03,64.85,42.43,90.61,74.71
11,49.73,89.89,47.01,62.59,61.03,85.91,27.17,38.6,73.16,88.26,36.14,0.0,83.53,37.11,34.06,44.6,14.76,55.44,32.06,83.05,17.26,62.65,77.03,76.06,76.66,34.06,73.82,50.22,11.4,62.43,49.0,29.55,68.24,21.84,42.15,74.95,18.38,57.04,48.09,63.51,34.13,49.74,32.02,63.32,87.24,92.57,13.04,43.83,22.2,42.72,32.98,48.09,59.41,47.52,40.31,54.23,52.5,34.01,43.32,10.0,5.39,19.1,61.07,38.28,35.06,93.94,44.69,15.26,26.93,62.27,44.27,93.54,32.89,72.92,74.63,32.53,88.01,50.57,58.18,54.82,29.07,43.93,95.41,40.46
12,38.6,6.4,48.09,31.62,36.5,29.07,60.14,47.38,17.26,74.97,80.5,83.53,0.0,62.51,52.2,42.45,83.93,29.41,60.31,42.72,73.16,46.84,42.43,12.17,34.37,73.68,55.04,94.81,94.51,79.08,71.18,92.31,15.81,100.77,68.0,20.12,65.46,48.08,68.12,21.26,49.4,46.01,72.99,61.81,10.63,12.37,84.39,92.28,63.89,93.3,64.13,68.12,52.39,44.1,45.54,31.14,83.93,104.8,57.08,87.66,79.26,96.43,24.52,90.97,107.56,85.16,88.59,97.42,68.01,76.9,57.04,11.05,96.05,75.17,10.05,52.39,46.24,102.96,47.85,60.73,90.91,40.85,12.04,87.46
13,45.28,68.07,14.87,56.46,29.53,77.13,37.59,37.54,59.68,99.16,18.03,37.11,62.51,0.0,16.4,21.21,28.02,34.01,44.42,81.02,19.92,27.02,76.03,60.13,71.87,11.18,79.4,79.56,43.83,81.84,15.81,63.07,47.1,58.94,60.03,47.17,30.08,61.22,13.42,48.66,26.91,17.46,10.77,74.25,70.01,74.17,47.04,73.76,35.47,73.35,4.12,13.42,65.95,47.8,20.25,43.66,76.56,70.46,7.07,34.48,31.78,56.09,38.12,69.05,71.85,107.48,72.8,51.87,46.24,80.71,7.81,73.55,67.03,87.97,52.47,19.1,86.41,82.87,22.67,66.6,62.13,25.0,72.78,69.12
14,29.07,58.31,15.03,40.8,27.29,62.51,23.54,21.21,46.01,82.81,32.28,34.06,52.2,16.4,0.0,10.63,31.78,22.85,29.73,65.19,21.02,31.26,60.01,47.38,56.32,25.3,63.01,67.36,43.93,66.65,31.83,53.94,36.4,54.71,45.31,41.11,19.65,44.82,29.07,35.06,10.63,17.26,23.77,58.05,58.05,62.82,39.92,62.07,23.0,62.01,15.23,29.07,49.58,31.4,6.71,28.44,62.64,63.57,17.0,36.06,29.0,51.0,28.18,58.01,65.55,91.24,60.41,49.2,33.24,65.37,17.89,62.94,58.05,72.01,42.54,3.16,70.58,72.01,27.07,50.61,52.77,11.4,63.56,57.14
15,26.91,48.38,10.63,36.36,17.72,56.04,30.15,23.09,38.47,82.33,39.05,44.6,42.45,21.21,10.63,0.0,42.06,13.15,35.06,60.9,31.38,24.33,56.3,39.01,51.43,32.02,61.52,74.01,54.56,69.89,34.0,62.64,26.68,64.9,49.82,30.48,29.07,44.2,30.89,27.46,15.03,11.18,31.02,58.83,49.16,53.6,49.65,69.18,31.05,69.35,22.02,30.89,49.41,31.06,4.47,23.32,67.74,73.01,17.89,46.62,39.6,61.06,18.03,65.62,75.15,91.4,67.01,59.67,40.2,68.35,18.36,53.37,66.76,73.43,32.57,12.21,66.24,79.51,20.88,52.33,61.4,5.0,53.49,64.12
16,55.0,90.08,41.04,68.01,55.97,91.14,35.44,44.05,76.3,99.74,22.09,14.76,83.93,28.02,31.78,42.06,0.0,54.63,41.79,90.55,10.77,55.0,84.72,78.34,83.05,21.59,83.52,64.9,16.49,75.6,36.67,44.28,68.15,34.01,54.38,72.11,24.74,65.73,36.4,65.73,36.35,43.86,19.92,74.32,89.29,94.25,27.78,58.52,30.68,57.45,24.21,36.4,68.96,54.33,38.48,57.56,66.47,47.68,35.0,7.07,12.04,32.39,59.93,53.0,48.26,106.17,59.2,26.02,38.59,75.21,35.81,94.58,47.54,85.23,74.32,31.62,95.75,65.31,50.61,65.8,43.83,43.08,95.34,55.0
17,22.56,35.47,20.88,27.66,17.0,44.38,35.78,24.74,26.25,76.32,52.0,55.44,29.41,34.01,22.85,13.15,54.63,0.0,38.6,51.22,43.86,27.8,47.38,26.17,41.4,45.01,54.92,77.28,66.03,68.73,45.22,69.32,13.6,74.41,51.16,20.59,38.21,39.56,42.06,15.65,22.02,19.7,44.1,55.03,36.06,40.45,58.41,73.25,38.28,73.76,35.13,42.06,44.94,28.28,16.16,15.65,69.07,80.78,29.61,58.67,50.8,70.29,5.66,70.52,83.22,85.96,70.41,70.04,45.31,66.91,29.83,40.26,73.35,69.89,19.7,23.32,56.4,83.93,26.17,50.01,67.98,11.66,40.72,68.15
18,21.93,66.6,43.93,33.12,52.09,55.71,7.07,13.93,46.23,58.18,55.23,32.06,60.31,44.42,29.73,35.06,41.79,38.6,0.0,51.24,34.67,59.3,45.18,50.25,45.61,49.52,41.98,39.12,43.01,37.44,60.21,32.02,47.51,42.49,15.65,58.87,17.49,25.0,57.8,39.05,20.22,45.54,47.38,32.65,61.07,66.71,26.57,34.71,11.18,35.17,41.62,57.8,27.46,17.49,31.26,29.21,32.98,44.55,46.62,40.79,30.81,38.01,43.66,31.95,47.38,65.22,32.14,41.48,7.81,36.4,47.54,68.62,35.81,44.69,53.54,26.57,56.08,45.35,55.58,24.19,30.61,31.02,72.25,29.61
19,36.4,45.54,71.02,24.6,67.18,15.03,56.0,46.69,28.3,33.0,97.41,83.05,42.72,81.02,65.19,60.9,90.55,51.22,51.24,0.0,81.22,78.52,6.08,32.2,9.9,90.48,17.2,69.66,94.19,46.86,94.89,77.08,45.0,92.18,47.93,58.31,66.12,26.48,91.79,36.07,56.04,70.46,88.87,29.73,34.23,38.0,77.28,69.89,61.0,71.56,80.41,91.79,26.0,36.22,60.84,37.59,56.73,89.96,78.77,91.05,81.02,87.8,50.91,71.2,93.11,43.05,65.46,92.4,57.87,44.69,79.26,42.01,79.62,38.01,45.65,63.25,5.39,79.03,77.34,34.48,75.77,56.36,49.09,66.37
20,45.18,79.31,31.24,58.08,45.97,81.01,27.78,34.53,65.76,92.78,21.63,17.26,73.16,19.92,21.02,31.38,10.77,43.86,34.67,81.22,0.0,46.14,75.5,67.68,73.33,17.72,75.39,63.56,24.41,70.71,32.14,44.91,57.38,39.05,48.84,61.61,17.2,57.25,31.0,55.11,26.02,34.06,15.52,67.23,78.59,83.52,28.28,57.38,23.6,56.65,15.81,31.0,60.93,45.12,27.73,47.17,63.01,51.04,26.4,15.56,12.04,36.35,49.19,52.2,52.24,99.86,57.25,31.95,33.24,70.04,27.31,83.82,48.66,79.2,63.56,20.88,86.49,65.52,41.68,58.83,44.15,32.31,84.58,53.23
21,49.19,50.8,16.28,55.44,11.4,69.89,54.01,47.3,51.61,104.01,41.34,62.65,46.84,27.02,31.26,24.33,55.0,27.8,59.3,78.52,46.14,0.0,75.01,49.74,68.62,36.24,82.66,98.05,70.49,93.96,27.2,85.16,34.99,84.31,74.15,27.29,50.8,66.65,24.7,42.45,39.12,14.04,36.8,81.86,56.65,59.2,70.6,93.01,54.15,93.05,30.81,24.7,72.01,54.23,28.07,43.27,92.07,94.37,20.0,61.29,57.27,80.99,27.66,89.14,96.17,113.53,91.05,77.82,64.0,92.35,19.21,57.27,89.27,96.66,37.7,34.13,83.55,103.12,4.47,75.96,84.01,28.86,54.23,88.0
22,31.02,46.01,66.61,20.0,63.78,17.46,50.01,41.0,26.57,32.56,92.11,77.03,42.43,76.03,60.01,56.3,84.72,47.38,45.18,6.08,75.5,75.01,0.0,31.05,8.06,85.23,13.6,64.44,88.14,42.44,90.21,71.18,42.54,86.13,42.05,56.36,60.21,20.4,87.13,32.8,50.6,66.22,83.57,24.84,35.06,39.46,71.2,64.4,55.01,66.03,75.24,87.13,20.12,30.41,55.95,33.02,51.62,84.1,74.09,85.09,75.06,81.74,47.63,65.51,87.24,42.76,60.0,86.31,51.79,40.22,74.63,43.29,73.79,34.79,44.01,57.94,11.05,73.76,73.55,28.84,69.86,51.62,50.09,60.75
23,28.32,17.46,46.87,19.7,38.47,20.52,51.04,38.28,5.1,63.56,78.06,76.06,12.17,60.13,47.38,39.01,78.34,26.17,50.25,32.2,67.68,49.74,31.05,0.0,23.09,71.03,43.19,83.24,87.32,66.94,71.06,82.04,14.76,91.84,56.6,26.4,57.7,36.06,67.91,12.65,42.38,45.35,70.0,49.65,11.18,16.64,75.45,80.99,55.23,82.1,61.0,67.91,40.26,33.3,41.11,21.95,72.09,94.76,55.73,81.27,72.24,87.42,23.09,80.0,97.62,73.76,77.18,89.19,58.05,64.76,55.9,18.38,85.63,63.07,13.6,46.87,36.36,91.59,49.66,48.7,80.62,36.12,22.83,76.28
24,28.16,38.0,61.4,15.52,57.28,11.31,49.5,39.01,18.79,40.61,88.6,76.66,34.37,71.87,56.32,51.43,83.05,41.4,45.61,9.9,73.33,68.62,8.06,23.09,0.0,81.61,21.21,69.35,87.97,48.76,85.42,73.93,35.23,87.66,45.22,48.76,59.08,22.47,82.3,26.17,47.68,60.75,80.08,30.89,27.17,31.78,72.12,68.68,54.45,70.18,71.47,82.3,24.04,29.15,51.62,28.23,56.85,86.95,69.32,84.1,74.17,83.22,41.01,69.2,90.05,50.8,64.38,87.09,52.81,46.53,69.77,35.51,76.85,42.2,36.25,54.57,15.0,78.49,67.48,33.24,72.56,47.01,42.19,64.66
25,54.23,79.25,25.96,66.1,40.31,87.48,42.45,45.28,70.35,106.4,7.07,34.06,73.68,11.18,25.3,32.02,21.59,45.01,49.52,90.48,17.72,36.24,85.23,71.03,81.61,0.0,87.46,81.15,38.08,86.68,15.13,62.59,58.22,55.15,64.66,58.19,33.02,69.12,14.87,59.3,34.89,28.46,2.24,81.06,81.06,85.29,45.89,75.03,39.2,74.33,10.2,14.87,73.5,55.95,30.41,53.6,79.92,68.07,17.46,28.64,29.27,53.0,49.25,69.89,69.0,114.21,74.73,47.38,49.65,85.8,17.89,84.72,66.29,94.07,63.64,27.31,95.86,83.24,32.2,73.0,61.85,35.36,83.95,70.77
26,34.66,59.08,72.14,27.73,71.87,31.02,48.08,42.19,38.33,21.47,94.02,73.82,55.04,79.4,63.01,61.52,83.52,54.92,41.98,17.2,75.39,82.66,13.6,43.19,21.21,87.46,0.0,53.25,84.38,29.73,94.49,63.06,52.81,79.63,34.37,67.05,58.82,18.36,91.55,42.15,52.7,72.25,85.59,13.42,48.37,52.95,66.0,54.12,52.89,55.9,77.94,91.55,14.56,31.62,60.21,39.41,40.22,75.58,78.64,82.76,72.78,75.43,56.36,56.08,78.75,31.38,49.65,81.02,47.17,27.59,79.31,56.72,65.15,21.19,55.32,60.46,19.21,62.68,80.6,20.22,61.85,56.57,63.39,51.08
27,57.25,100.65,82.22,63.63,91.2,80.66,44.05,52.61,78.39,55.11,84.97,50.22,94.81,79.56,67.36,74.01,64.9,77.28,39.12,69.66,63.56,98.05,64.44,83.24,69.35,81.15,53.25,0.0,55.17,25.3,94.56,22.02,84.43,40.31,26.93,97.02,49.48,48.01,92.72,74.46,59.0,84.1,78.92,40.0,92.65,98.18,37.2,6.4,44.55,7.81,75.96,92.72,45.34,51.26,70.01,65.46,13.04,28.86,83.36,59.82,53.34,38.01,82.0,12.04,31.58,56.01,7.0,46.4,34.13,26.93,84.34,101.02,20.59,38.33,89.89,64.28,72.42,9.43,94.13,36.12,21.93,70.11,106.07,10.44
28,61.13,100.85,55.61,73.98,70.18,97.29,38.47,50.0,84.5,97.8,38.05,11.4,94.51,43.83,43.93,54.56,16.49,66.03,43.01,94.19,24.41,70.49,88.14,87.32,87.97,38.08,84.38,55.17,0.0,70.68,53.15,33.24,79.08,18.68,51.66,85.04,29.73,68.01,52.89,74.73,45.18,58.41,36.4,73.35,98.49,103.79,19.7,48.84,33.54,47.38,39.82,52.89,70.11,58.86,50.45,65.55,59.68,33.24,50.61,9.49,15.26,18.36,71.61,43.19,33.24,102.88,50.61,10.44,37.22,70.77,51.48,104.66,35.61,81.93,85.44,42.8,99.08,53.6,66.04,64.94,33.24,54.41,106.33,46.4
29,46.27,84.2,79.85,47.68,84.93,59.68,44.41,46.82,61.85,30.15,92.02,62.43,79.08,81.84,66.65,69.89,75.6,68.73,37.44,46.86,70.71,93.96,42.44,66.94,48.76,86.68,29.73,25.3,70.68,0.0,97.64,41.44,72.06,60.21,22.02,86.0,53.81,31.26,95.19,61.13,56.36,80.99,84.5,17.89,74.67,79.85,50.99,28.16,47.51,30.15,79.06,95.19,26.68,40.45,66.85,54.08,13.04,52.01,83.65,72.4,63.6,56.75,72.25,32.02,55.04,32.76,24.02,64.2,37.48,2.24,84.53,83.22,42.05,13.15,76.42,63.53,48.8,34.54,90.76,19.0,40.61,65.15,89.19,27.07
30,60.0,76.01,24.35,70.33,35.01,89.54,53.34,53.04,71.47,114.59,16.64,49.0,71.18,15.81,31.83,34.0,36.67,45.22,60.21,94.89,32.14,27.2,90.21,71.06,85.42,15.13,94.49,94.56,53.15,97.64,0.0,76.94,56.89,70.26,75.8,53.15,45.31,76.49,3.16,60.75,42.45,25.71,17.03,89.87,79.91,83.38,60.41,88.6,50.99,88.06,18.79,3.16,81.34,63.03,34.41,57.31,92.14,83.01,16.12,43.74,44.05,68.03,48.05,83.68,84.02,123.07,87.92,62.51,61.74,96.52,15.65,82.1,80.75,103.71,61.29,34.71,100.24,97.29,24.33,82.33,76.12,38.59,80.06,84.12
31,53.81,98.6,68.88,63.89,80.36,84.91,33.54,45.49,77.79,71.06,65.46,29.55,92.31,63.07,53.94,62.64,44.28,69.32,32.02,77.08,44.91,85.16,71.18,82.04,73.93,62.59,63.06,22.02,33.24,41.44,76.94,0.0,79.32,18.97,29.15,89.89,34.37,51.48,75.54,71.06,48.1,71.2,60.42,50.01,92.66,98.31,16.76,15.81,31.62,14.21,59.14,75.54,51.08,48.8,58.24,61.22,28.86,13.04,68.03,38.59,33.53,16.12,74.71,10.3,16.12,74.15,18.38,24.41,24.41,42.19,69.03,100.42,4.12,54.15,85.45,51.2,80.99,21.02,80.89,43.01,1.41,59.81,104.24,14.56
32,27.2,21.93,33.06,25.5,23.71,35.0,46.23,33.84,16.97,74.09,65.12,68.24,15.81,47.1,36.4,26.68,68.15,13.6,47.51,45.0,57.38,34.99,42.54,14.76,35.23,58.22,52.81,84.43,79.08,72.06,56.89,79.32,0.0,86.28,57.57,14.32,50.45,41.01,53.76,11.05,34.21,31.26,57.43,56.22,23.09,27.07,70.01,81.15,49.52,81.94,48.51,53.76,46.1,33.24,29.73,18.97,74.73,91.4,42.05,72.01,63.81,82.02,9.0,79.16,94.02,84.15,77.83,82.46,54.92,70.03,42.11,26.68,83.22,70.71,6.4,36.67,49.68,91.92,34.93,53.08,77.94,25.08,27.29,76.16
33,63.81,107.17,68.45,75.59,81.99,98.09,40.8,53.6,88.2,89.45,56.08,21.84,100.77,58.94,54.71,64.9,34.01,74.41,42.49,92.18,39.05,84.31,86.13,91.84,87.66,55.15,79.63,40.31,18.68,60.21,70.26,18.97,86.28,0.0,45.28,94.64,36.24,65.8,69.58,79.81,52.4,71.11,53.24,67.12,102.9,108.47,16.4,34.44,36.88,32.65,54.82,69.58,66.49,59.94,60.46,70.0,47.8,14.76,65.15,27.07,27.2,4.47,80.06,29.15,14.56,92.96,37.34,8.25,34.93,60.83,66.1,110.0,19.72,72.69,92.66,52.7,96.54,36.8,79.85,59.41,19.65,63.41,112.81,33.53
34,30.36,73.93,59.2,37.2,66.12,56.4,22.47,27.07,51.87,46.17,70.04,42.15,68.0,60.03,45.31,49.82,54.38,51.16,15.65,47.93,48.84,74.15,42.05,56.6,45.22,64.66,34.37,26.93,51.66,22.02,75.8,29.15,57.57,45.28,0.0,70.41,31.83,22.8,73.43,47.54,35.44,60.64,62.48,22.02,66.4,72.01,32.39,24.41,25.5,25.61,57.14,73.43,21.93,24.35,46.32,38.6,18.03,42.05,62.24,51.89,42.54,41.11,55.58,24.08,45.19,51.88,20.59,47.1,15.81,21.21,63.16,74.63,31.76,30.89,62.97,42.15,51.87,34.99,70.61,14.14,27.86,45.4,79.4,19.85
35,40.31,23.54,32.31,39.81,18.25,46.75,56.36,44.94,30.02,88.26,64.56,74.95,20.12,47.17,41.11,30.48,72.11,20.59,58.87,58.31,61.61,27.29,56.36,26.4,48.76,58.19,67.05,97.02,85.04,86.0,53.15,89.89,14.32,94.64,70.41,0.0,58.41,55.15,50.25,25.32,42.44,29.73,57.94,70.46,30.53,32.31,78.82,93.3,58.83,93.92,49.66,50.25,60.3,46.39,34.66,32.14,87.97,101.36,40.8,77.01,70.04,90.6,15.23,90.82,103.77,98.35,90.25,89.87,65.8,84.01,40.52,30.08,93.91,85.0,12.81,42.43,62.68,104.04,29.0,67.0,88.55,31.24,27.02,88.23
36,31.58,71.85,34.53,44.55,46.62,67.9,10.77,20.4,54.78,75.66,38.21,18.38,65.46,30.08,19.65,29.07,24.74,38.21,17.49,66.12,17.2,50.8,60.21,57.7,59.08,33.02,58.82,49.48,29.73,53.81,45.31,34.37,50.45,36.24,31.83,58.41,0.0,41.0,43.32,45.18,16.28,36.88,30.81,50.12,68.88,74.24,20.59,43.74,6.4,43.42,26.57,43.32,44.27,30.0,24.6,35.85,47.01,44.01,34.13,25.02,15.13,32.2,43.86,39.2,46.1,82.66,42.72,32.02,16.64,53.04,35.13,75.29,38.47,62.01,56.85,17.09,71.25,53.15,46.53,41.68,33.24,27.2,77.42,39.05
37,17.49,53.49,54.82,16.49,56.46,33.6,30.41,23.85,31.02,38.21,75.66,57.04,48.08,61.22,44.82,44.2,65.73,39.56,25.0,26.48,57.25,66.65,20.4,36.06,22.47,69.12,18.36,48.01,68.01,31.26,76.49,51.48,41.01,65.8,22.8,55.15,41.0,0.0,73.59,30.0,34.41,55.22,67.23,15.52,44.78,50.25,50.8,46.69,35.36,48.08,59.64,73.59,5.39,13.45,42.45,24.04,36.24,64.5,60.81,65.49,55.44,61.4,42.2,46.86,67.6,47.2,42.52,65.92,31.4,29.15,61.52,53.24,54.38,30.36,45.18,42.2,31.14,56.85,64.14,12.65,50.12,39.2,58.69,42.45
38,57.01,73.0,21.19,67.23,32.06,86.38,51.0,50.25,68.31,111.73,17.69,48.09,68.12,13.42,29.07,30.89,36.4,42.06,57.8,91.79,31.0,24.7,87.13,67.91,82.3,14.87,91.55,92.72,52.89,95.19,3.16,75.54,53.76,69.58,73.43,50.25,43.32,73.59,0.0,57.58,39.7,22.56,16.49,87.11,76.79,80.31,59.14,86.83,48.85,86.35,16.76,0.0,78.49,60.14,31.4,54.2,89.96,82.02,13.04,43.42,43.01,67.19,44.91,82.0,83.15,120.28,86.02,61.98,59.62,94.03,12.53,79.06,79.4,101.04,58.22,32.02,97.13,95.71,21.59,79.65,74.67,35.51,77.1,82.28
39,17.49,27.59,36.4,14.56,31.11,28.79,39.05,26.25,11.05,63.56,66.37,63.51,21.26,48.66,35.06,27.46,65.73,15.65,39.05,36.07,55.11,42.45,32.8,12.65,26.17,59.3,42.15,74.46,74.73,61.13,60.75,71.06,11.05,79.81,47.54,25.32,45.18,30.0,57.58,0.0,29.73,35.34,58.14,45.18,23.77,29.07,63.41,71.55,43.01,72.47,49.16,57.58,35.06,23.26,29.02,9.9,64.29,83.55,44.92,68.62,59.62,75.43,14.87,69.97,86.31,73.54,68.03,76.85,46.75,59.08,45.22,30.23,74.81,59.68,15.52,34.37,41.11,82.29,41.4,42.19,69.66,24.02,33.24,66.65
40,19.65,55.76,23.77,32.25,32.56,55.0,15.13,10.63,40.02,72.25,41.63,34.13,49.4,26.91,10.63,15.03,36.35,22.02,20.22,56.04,26.02,39.12,50.6,42.38,47.68,34.89,52.7,59.0,45.18,56.36,42.45,48.1,34.21,52.4,35.44,42.44,16.28,34.41,39.7,29.73,0.0,25.32,33.11,47.42,53.49,58.69,36.4,54.15,16.55,54.33,25.24,39.7,39.05,21.1,11.05,21.21,53.15,59.06,27.46,38.9,29.97,48.27,27.66,50.64,61.4,80.62,52.0,48.27,25.18,55.01,28.3,59.48,52.2,61.4,40.61,7.81,61.4,64.5,35.36,40.0,46.82,11.7,61.29,49.09
41,37.8,51.24,2.83,46.23,12.21,64.08,40.05,34.18,45.88,93.24,34.93,49.74,46.01,17.46,17.26,11.18,43.86,19.7,45.54,70.46,34.06,14.04,66.22,45.35,60.75,28.46,72.25,84.1,58.41,80.99,25.71,71.2,31.26,71.11,60.64,29.73,36.88,55.22,22.56,35.34,25.32,0.0,28.23,69.97,54.33,58.03,56.92,79.0,40.11,79.03,20.25,22.56,60.46,42.19,14.32,33.3,78.45,80.65,11.18,49.58,44.42,67.62,22.36,75.11,82.54,102.42,77.1,65.0,50.01,79.48,11.05,57.04,75.31,84.6,36.0,20.1,75.72,89.09,10.05,63.51,70.04,16.12,55.73,74.01
42,52.55,78.64,25.63,64.56,40.25,86.15,40.31,43.42,69.18,104.4,8.54,32.02,72.99,10.77,23.77,31.02,19.92,44.1,47.38,88.87,15.52,36.8,83.57,70.0,80.08,2.24,85.59,78.92,36.4,84.5,17.03,60.42,57.43,53.24,62.48,57.94,30.81,67.23,16.49,58.14,33.11,28.23,0.0,79.03,80.16,84.48,43.74,72.8,37.01,72.11,9.0,16.49,71.56,54.12,29.15,52.17,77.7,66.03,17.49,26.93,27.17,51.01,48.51,67.68,67.01,112.16,72.5,45.54,47.43,83.63,18.03,84.01,64.13,91.97,62.97,25.63,94.24,81.04,32.65,70.94,59.67,34.13,83.43,68.54
43,32.7,66.71,69.34,31.0,71.87,41.88,39.45,36.88,44.55,25.55,87.2,63.32,61.81,74.25,58.05,58.83,74.32,55.03,32.65,29.73,67.23,81.86,24.84,49.65,30.89,81.06,13.42,40.0,73.35,17.89,89.87,50.01,56.22,67.12,22.02,70.46,50.12,15.52,87.11,45.18,47.42,69.97,79.03,0.0,56.92,62.03,54.33,40.71,43.83,42.49,72.18,87.11,10.2,27.78,56.61,39.56,27.02,62.36,74.65,72.73,62.97,63.03,57.72,42.72,65.52,33.24,36.24,69.12,36.4,15.65,75.43,65.46,51.92,14.87,60.0,55.17,32.45,49.41,79.18,8.54,48.84,53.85,71.57,37.7
44,39.2,11.4,56.14,29.21,45.88,19.65,62.13,49.4,14.87,67.12,88.02,87.24,10.63,70.01,58.05,49.16,89.29,36.06,61.07,34.23,78.59,56.65,35.06,11.18,27.17,81.06,48.37,92.65,98.49,74.67,79.91,92.66,23.09,102.9,66.4,30.53,68.88,44.78,76.79,23.77,53.49,54.33,80.16,56.92,0.0,5.66,86.53,90.8,66.37,92.01,71.18,76.79,48.33,43.86,51.62,33.12,81.01,105.48,65.12,92.36,83.38,98.47,32.06,90.14,108.37,77.23,86.84,100.34,68.88,72.45,65.19,8.54,96.17,69.23,18.97,57.72,37.11,101.26,57.28,57.25,91.24,46.69,15.03,86.21
45,44.82,9.9,60.0,34.83,48.84,23.02,67.68,54.92,20.52,71.0,92.2,92.57,12.37,74.17,62.82,53.6,94.25,40.45,66.71,38.0,83.52,59.2,39.46,16.64,31.78,85.29,52.95,98.18,103.79,79.85,83.38,98.31,27.07,108.47,72.01,32.31,74.24,50.25,80.31,29.07,58.69,58.03,84.48,62.03,5.66,0.0,92.09,96.4,71.87,97.62,75.54,80.31,53.67,49.52,56.29,38.59,86.45,111.13,69.0,97.5,88.64,104.04,36.06,95.78,114.02,81.02,92.42,105.82,74.52,77.62,69.01,4.12,101.82,73.98,22.09,62.64,40.31,106.83,60.21,62.65,96.9,51.42,11.4,91.83
46,47.51,90.79,54.41,59.51,67.12,82.28,24.41,37.2,71.87,78.34,48.7,13.04,84.39,47.04,39.92,49.65,27.78,58.41,26.57,77.28,28.28,70.6,71.2,75.45,72.12,45.89,66.0,37.2,19.7,50.99,60.41,16.76,70.01,16.4,32.39,78.82,20.59,50.8,59.14,63.41,36.4,56.92,43.74,54.33,86.53,92.09,0.0,30.81,20.52,29.68,43.01,59.14,52.15,43.86,45.18,53.6,40.22,23.77,52.47,22.67,16.76,12.04,64.03,25.24,25.63,83.22,31.83,15.13,19.42,51.08,53.46,93.6,20.4,62.3,76.37,37.58,81.88,37.7,66.22,46.1,16.16,47.71,96.43,27.59
47,54.13,98.27,77.03,61.61,86.58,79.98,39.05,48.51,76.28,58.31,78.72,43.83,92.28,73.76,62.07,69.18,58.52,73.25,34.71,69.89,57.38,93.01,64.4,80.99,68.68,75.03,54.12,6.4,48.84,28.16,88.6,15.81,81.15,34.44,24.41,93.3,43.74,46.69,86.83,71.55,54.15,79.0,72.8,40.71,90.8,96.4,30.81,0.0,39.12,2.0,70.09,86.83,44.69,48.3,65.07,62.24,15.13,24.08,77.78,53.41,47.01,31.91,78.16,5.66,27.02,60.13,4.47,40.22,29.02,29.43,78.77,99.05,14.87,41.3,86.82,59.03,73.06,10.77,89.01,35.61,15.62,65.49,103.77,5.1
48,27.86,70.29,38.01,40.52,48.76,63.79,5.0,17.0,51.88,69.35,44.55,22.2,63.89,35.47,23.0,31.05,30.68,38.28,11.18,61.0,23.6,54.15,55.01,55.23,54.45,39.2,52.89,44.55,33.54,47.51,50.99,31.62,49.52,36.88,25.5,58.83,6.4,35.36,48.85,43.01,16.55,40.11,37.01,43.83,66.37,71.87,20.52,39.12,0.0,39.01,32.2,48.85,38.33,25.32,26.68,33.29,41.15,42.54,38.83,30.15,20.1,32.56,43.83,35.01,44.94,76.28,37.66,34.0,10.77,46.69,39.81,73.24,35.74,55.61,55.87,20.02,66.03,49.01,50.04,35.36,30.36,28.23,75.93,34.23
49,55.01,99.32,77.0,62.8,86.83,81.47,39.2,49.04,77.42,60.3,77.88,42.72,93.3,73.35,62.01,69.35,57.45,73.76,35.17,71.56,56.65,93.05,66.03,82.1,70.18,74.33,55.9,7.81,47.38,30.15,88.06,14.21,81.94,32.65,25.61,93.92,43.42,48.08,86.35,72.47,54.33,79.03,72.11,42.49,92.01,97.62,29.68,2.0,39.01,0.0,69.63,86.35,46.23,49.24,65.19,63.07,17.12,22.09,77.52,52.2,46.07,30.23,78.75,4.47,25.02,62.13,6.32,38.6,29.15,31.4,78.52,100.21,13.0,43.29,87.66,59.0,74.79,10.2,89.01,37.2,14.14,65.76,104.85,5.83
50,44.28,69.86,17.49,55.97,32.45,77.28,34.67,35.81,60.21,97.31,17.26,32.98,64.13,4.12,15.23,22.02,24.21,35.13,41.62,80.41,15.81,30.81,75.24,61.0,71.47,10.2,77.94,75.96,39.82,79.06,18.79,59.14,48.51,54.82,57.14,49.66,26.57,59.64,16.76,49.16,25.24,20.25,9.0,72.18,71.18,75.54,43.01,70.09,32.2,69.63,0.0,16.76,64.2,46.32,20.22,43.42,73.35,66.37,10.82,30.53,27.66,51.97,39.62,65.31,67.74,105.42,69.26,47.76,42.95,78.01,11.66,75.13,63.07,85.63,54.13,17.49,85.8,79.08,26.4,64.35,58.22,25.18,74.73,65.52
51,57.01,73.0,21.19,67.23,32.06,86.38,51.0,50.25,68.31,111.73,17.69,48.09,68.12,13.42,29.07,30.89,36.4,42.06,57.8,91.79,31.0,24.7,87.13,67.91,82.3,14.87,91.55,92.72,52.89,95.19,3.16,75.54,53.76,69.58,73.43,50.25,43.32,73.59,0.0,57.58,39.7,22.56,16.49,87.11,76.79,80.31,59.14,86.83,48.85,86.35,16.76,0.0,78.49,60.14,31.4,54.2,89.96,82.02,13.04,43.42,43.01,67.19,44.91,82.0,83.15,120.28,86.02,61.98,59.62,94.03,12.53,79.06,79.4,101.04,58.22,32.02,97.13,95.71,21.59,79.65,74.67,35.51,77.1,82.28
52,22.83,57.57,60.0,21.1,61.85,35.36,33.53,28.43,35.17,33.24,79.92,59.41,52.39,65.95,49.58,49.41,68.96,44.94,27.46,26.0,60.93,72.01,20.12,40.26,24.04,73.5,14.56,45.34,70.11,26.68,81.34,51.08,46.1,66.49,21.93,60.3,44.27,5.39,78.49,35.06,39.05,60.46,71.56,10.2,48.33,53.67,52.15,44.69,38.33,46.23,64.2,78.49,0.0,18.44,47.51,29.41,33.02,63.98,65.8,68.25,58.25,62.17,47.54,45.49,67.12,42.01,40.36,67.27,33.0,24.52,66.53,56.86,53.67,25.0,50.04,46.86,30.08,54.45,69.46,9.22,49.77,44.41,62.63,40.8
53,6.08,50.22,41.62,15.65,44.64,38.6,20.4,10.77,29.0,51.62,62.61,47.52,44.1,47.8,31.4,31.06,54.33,28.28,17.49,36.22,45.12,54.23,30.41,33.3,29.15,55.95,31.62,51.26,58.86,40.45,63.03,48.8,33.24,59.94,24.35,46.39,30.0,13.45,60.14,23.26,21.1,42.19,54.12,27.78,43.86,49.52,43.86,48.3,25.32,49.24,46.32,60.14,18.44,0.0,29.07,14.32,41.59,61.62,47.38,55.01,45.04,55.47,32.0,46.87,64.54,60.44,44.78,58.52,25.24,38.64,48.1,51.66,52.35,42.49,38.63,28.84,41.44,59.03,51.43,21.84,47.38,26.08,55.8,43.42
54,25.61,51.62,13.0,36.25,22.14,57.07,26.02,20.12,40.05,80.66,37.48,40.31,45.54,20.25,6.71,4.47,38.48,16.16,31.26,60.84,27.73,28.07,55.95,41.11,51.62,30.41,60.21,70.01,50.45,66.85,34.41,58.24,29.73,60.46,46.32,34.66,24.6,42.45,31.4,29.02,11.05,14.32,29.15,56.61,51.62,56.29,45.18,65.07,26.68,65.19,20.22,31.4,47.51,29.07,0.0,23.41,64.13,68.54,18.44,42.72,35.38,56.6,21.47,61.4,70.68,89.5,63.01,55.32,36.06,65.39,19.1,56.32,62.36,71.02,35.85,7.81,66.21,75.33,24.33,49.74,57.01,5.0,56.86,60.03
55,8.25,37.48,33.6,13.04,32.65,34.13,29.21,16.4,18.97,60.75,60.64,54.23,31.14,43.66,28.44,23.32,57.56,15.65,29.21,37.59,47.17,43.27,33.02,21.95,28.23,53.6,39.41,65.46,65.55,54.08,57.31,61.22,18.97,70.0,38.6,32.14,35.85,24.04,54.2,9.9,21.21,33.3,52.17,39.56,33.12,38.59,53.6,62.24,33.29,63.07,43.42,54.2,29.41,14.32,23.41,0.0,55.9,73.66,41.18,59.91,50.6,65.6,18.25,60.42,76.42,70.33,58.87,67.23,36.88,52.15,41.68,40.0,65.0,54.41,24.6,27.07,42.94,73.01,41.23,35.13,59.82,18.79,43.14,57.27
56,47.68,89.55,76.9,52.39,84.15,68.12,39.22,45.1,67.12,43.19,84.63,52.5,83.93,76.56,62.64,67.74,66.47,69.07,32.98,56.73,63.01,92.07,51.62,72.09,56.85,79.92,40.22,13.04,59.68,13.04,92.14,28.86,74.73,47.8,18.03,87.97,47.01,36.24,89.96,64.29,53.15,78.45,77.7,27.02,81.01,86.45,40.22,15.13,41.15,17.12,73.35,89.96,33.02,41.59,64.13,55.9,0.0,39.0,79.38,62.48,54.45,44.6,73.33,19.1,42.01,45.4,11.0,52.39,30.41,14.32,80.32,89.47,29.15,26.17,79.81,59.48,59.41,22.47,88.46,23.85,28.16,63.39,94.85,14.32
57,66.47,111.13,78.16,76.84,90.62,97.94,45.22,57.63,90.61,82.1,69.72,34.01,104.8,70.46,63.57,73.01,47.68,80.78,44.55,89.96,51.04,94.37,84.1,94.76,86.95,68.07,75.58,28.86,33.24,52.01,83.01,13.04,91.4,14.76,42.05,101.36,44.01,64.5,82.02,83.55,59.06,80.65,66.03,62.36,105.48,111.13,23.77,24.08,42.54,22.09,66.37,82.02,63.98,61.62,68.54,73.66,39.0,0.0,76.12,41.0,39.01,15.3,86.28,20.1,3.16,84.21,28.0,22.85,36.8,53.08,77.1,113.15,10.44,65.07,97.62,61.1,93.78,23.32,89.99,55.71,14.42,70.66,116.78,25.18
58,44.05,62.39,9.0,54.2,22.85,73.68,40.16,37.8,55.79,99.01,23.77,43.32,57.08,7.07,17.0,17.89,35.0,29.61,46.62,78.77,26.4,20.0,74.09,55.73,69.32,17.46,78.64,83.36,50.61,83.65,16.12,68.03,42.05,65.15,62.24,40.8,34.13,60.81,13.04,44.92,27.46,11.18,17.49,74.65,65.12,69.0,52.47,77.78,38.83,77.52,10.82,13.04,65.8,47.38,18.44,41.18,79.38,76.12,0.0,41.34,37.95,62.1,33.06,73.33,77.67,107.71,76.49,58.31,49.48,82.37,1.0,68.12,72.06,88.81,47.04,20.12,84.12,87.28,15.62,67.42,67.01,22.47,66.91,72.99
59,56.44,93.91,46.75,69.46,61.52,92.78,35.13,45.28,78.85,97.86,29.02,10.0,87.66,34.48,36.06,46.62,7.07,58.67,40.79,91.05,15.56,61.29,85.09,81.27,84.1,28.64,82.76,59.82,9.49,72.4,43.74,38.59,72.01,27.07,51.89,77.01,25.02,65.49,43.42,68.62,38.9,49.58,26.93,72.73,92.36,97.5,22.67,53.41,30.15,52.2,30.53,43.42,68.25,55.01,42.72,59.91,62.48,41.0,41.34,0.0,10.05,25.71,64.14,47.8,41.44,103.75,54.49,19.0,36.4,72.2,42.19,98.09,41.59,82.73,78.29,35.36,96.13,59.54,56.86,64.2,38.28,47.01,99.3,50.25
60,46.69,85.59,41.68,59.68,55.8,83.02,25.08,35.51,69.57,88.24,31.95,5.39,79.26,31.78,29.0,39.6,12.04,50.8,30.81,81.02,12.04,57.27,75.06,72.24,74.17,29.27,72.78,53.34,15.26,63.6,44.05,33.53,63.81,27.2,42.54,70.04,15.13,55.44,43.01,59.62,29.97,44.42,27.17,62.97,83.38,88.64,16.76,47.01,20.1,46.07,27.66,43.01,58.25,45.04,35.38,50.6,54.45,39.01,37.95,10.05,0.0,24.33,56.4,41.59,40.2,94.41,47.43,20.59,26.83,63.25,38.9,89.44,37.11,73.43,70.18,27.66,86.09,54.42,52.8,54.42,32.89,39.2,91.07,43.27
61,59.36,102.83,65.0,71.12,78.29,93.62,36.4,49.2,83.76,85.71,54.45,19.1,96.43,56.09,51.0,61.06,32.39,70.29,38.01,87.8,36.35,80.99,81.74,87.42,83.22,53.0,75.43,38.01,18.36,56.75,68.03,16.12,82.02,4.47,41.11,90.6,32.2,61.4,67.19,75.43,48.27,67.62,51.01,63.03,98.47,104.04,12.04,31.91,32.56,30.23,51.97,67.19,62.17,55.47,56.6,65.6,44.6,15.3,62.1,25.71,24.33,0.0,75.93,26.42,16.0,89.5,34.44,8.49,30.46,57.27,63.06,105.6,17.69,69.05,88.39,48.88,92.2,35.47,76.55,55.23,16.55,59.41,108.47,30.46
62,26.02,30.36,24.08,28.65,16.28,42.54,41.18,29.73,24.19,77.83,56.14,61.07,24.52,38.12,28.18,18.03,59.93,5.66,43.66,50.91,49.19,27.66,47.63,23.09,41.01,49.25,56.36,82.0,71.61,72.25,48.05,74.71,9.0,80.06,55.58,15.23,43.86,42.2,44.91,14.87,27.66,22.36,48.51,57.72,32.06,36.06,64.03,78.16,43.83,78.75,39.62,44.91,47.54,32.0,21.47,18.25,73.33,86.28,33.06,64.14,56.4,75.93,0.0,75.61,88.75,87.66,75.19,75.69,50.57,70.35,33.14,35.51,78.71,72.53,14.56,28.84,55.9,88.89,26.93,53.34,73.36,17.2,35.47,73.08
63,52.48,97.08,73.03,60.96,83.19,80.43,35.51,45.88,75.43,62.03,73.41,38.28,90.97,69.05,58.01,65.62,53.0,70.52,31.95,71.2,52.2,89.14,65.51,80.0,69.2,69.89,56.08,12.04,43.19,32.02,83.68,10.3,79.16,29.15,24.08,90.82,39.2,46.86,82.0,69.97,50.64,75.11,67.68,42.72,90.14,95.78,25.24,5.66,35.01,4.47,65.31,82.0,45.49,46.87,61.4,60.42,19.1,20.1,73.33,47.8,41.59,26.42,75.61,0.0,23.19,64.5,8.25,34.67,25.5,33.02,74.33,98.23,10.05,45.01,85.0,55.04,74.69,14.0,85.05,36.72,10.0,62.17,102.65,5.1
64,69.31,113.9,80.01,79.81,92.7,101.02,47.8,60.31,93.51,85.15,70.35,35.06,107.56,71.85,65.55,75.15,48.26,83.22,47.38,93.11,52.24,96.17,87.24,97.62,90.05,69.0,78.75,31.58,33.24,55.04,84.02,16.12,94.02,14.56,45.19,103.77,46.1,67.6,83.15,86.31,61.4,82.54,67.01,65.52,108.37,114.02,25.63,27.02,44.94,25.02,67.74,83.15,67.12,64.54,70.68,76.42,42.01,3.16,77.67,41.44,40.2,16.0,88.75,23.19,0.0,87.14,31.02,22.8,39.6,56.14,78.64,116.0,13.6,68.12,100.26,63.16,96.93,25.5,91.76,58.87,17.49,72.95,119.55,28.28
65,64.64,88.46,102.0,59.09,102.96,58.01,72.2,70.04,69.12,10.2,120.25,93.94,85.16,107.48,91.24,91.4,106.17,85.96,65.22,43.05,99.86,113.53,42.76,73.76,50.8,114.21,31.38,56.01,102.88,32.76,123.07,74.15,84.15,92.96,51.88,98.35,82.66,47.2,120.28,73.54,80.62,102.42,112.16,33.24,77.23,81.02,83.22,60.13,76.28,62.13,105.42,120.28,42.01,60.44,89.5,70.33,45.4,84.21,107.71,103.75,94.41,89.5,87.66,64.5,87.14,0.0,56.32,96.84,67.6,32.28,108.47,85.05,74.55,21.02,86.4,88.39,41.11,64.28,111.22,41.23,73.35,86.4,92.14,59.68
66,50.7,94.51,75.24,57.69,84.21,75.69,37.05,45.71,72.4,54.15,78.77,44.69,88.59,72.8,60.41,67.01,59.2,70.41,32.14,65.46,57.25,91.05,60.0,77.18,64.38,74.73,49.65,7.0,50.61,24.02,87.92,18.38,77.83,37.34,20.59,90.25,42.72,42.52,86.02,68.03,52.0,77.1,72.5,36.24,86.84,92.42,31.83,4.47,37.66,6.32,69.26,86.02,40.36,44.78,63.01,58.87,11.0,28.0,76.49,54.49,47.43,34.44,75.19,8.25,31.02,56.32,0.0,42.54,27.17,25.18,77.47,95.13,18.25,37.12,83.38,57.31,68.6,14.42,87.14,31.24,17.89,63.13,99.98,4.24
67,61.74,103.81,62.27,74.09,76.28,97.08,38.48,51.0,85.88,92.57,48.01,15.26,97.42,51.87,49.2,59.67,26.02,70.04,41.48,92.4,31.95,77.82,86.31,89.19,87.09,47.38,81.02,46.4,10.44,64.2,62.51,24.41,82.46,8.25,47.1,89.87,32.02,65.92,61.98,76.85,48.27,65.0,45.54,69.12,100.34,105.82,15.13,40.22,34.0,38.6,47.76,61.98,67.27,58.52,55.32,67.23,52.39,22.85,58.31,19.0,20.59,8.49,75.69,34.67,22.8,96.84,42.54,0.0,34.53,64.56,59.24,107.07,26.17,76.16,88.87,47.51,97.02,43.93,73.35,61.01,24.7,58.69,109.4,38.47
68,29.73,74.33,48.09,40.82,57.71,63.16,10.05,21.1,54.04,61.47,54.67,26.93,68.01,46.24,33.24,40.2,38.59,45.31,7.81,57.87,33.24,64.0,51.79,58.05,52.81,49.65,47.17,34.13,37.22,37.48,61.74,24.41,54.92,34.93,15.81,65.8,16.64,31.4,59.62,46.75,25.18,50.01,47.43,36.4,68.88,74.52,19.42,29.02,10.77,29.15,42.95,59.62,33.0,25.24,36.06,36.88,30.41,36.8,49.48,36.4,26.83,30.46,50.57,25.5,39.6,67.6,27.17,34.53,0.0,36.88,50.45,76.42,28.3,46.65,61.03,30.15,62.51,39.32,60.03,27.89,23.02,36.67,79.98,24.0
69,44.41,82.01,78.39,45.54,83.2,57.45,43.42,45.31,59.67,29.02,91.24,62.27,76.9,80.71,65.37,68.35,75.21,66.91,36.4,44.69,70.04,92.35,40.22,64.76,46.53,85.8,27.59,26.93,70.77,2.24,96.52,42.19,70.03,60.83,21.21,84.01,53.04,29.15,94.03,59.08,55.01,79.48,83.63,15.65,72.45,77.62,51.08,29.43,46.69,31.4,78.01,94.03,24.52,38.64,65.39,52.15,14.32,53.08,82.37,72.2,63.25,57.27,70.35,33.02,56.14,32.28,25.18,64.56,36.88,0.0,83.24,80.99,43.0,12.0,74.33,62.27,46.69,36.25,89.2,17.03,41.3,63.57,86.98,28.0
70,44.69,62.29,9.06,54.71,22.47,74.0,41.11,38.6,56.04,99.72,24.04,44.27,57.04,7.81,17.89,18.36,35.81,29.83,47.54,79.26,27.31,19.21,74.63,55.9,69.77,17.89,79.31,84.34,51.48,84.53,15.65,69.03,42.11,66.1,63.16,40.52,35.13,61.52,12.53,45.22,28.3,11.05,18.03,75.43,65.19,69.01,53.46,78.77,39.81,78.52,11.66,12.53,66.53,48.1,19.1,41.68,80.32,77.1,1.0,42.19,38.9,63.06,33.14,74.33,78.64,108.47,77.47,59.24,50.45,83.24,0.0,68.07,73.06,89.63,47.01,21.02,84.6,88.28,14.87,68.24,68.01,23.02,66.75,73.98
71,46.69,6.71,59.14,37.44,47.27,27.07,69.2,56.4,22.8,75.01,91.55,93.54,11.05,73.55,62.94,53.37,94.58,40.26,68.62,42.01,83.82,57.27,43.29,18.38,35.51,84.72,56.72,101.02,104.66,83.22,82.1,100.42,26.68,110.0,74.63,30.08,75.29,53.24,79.06,30.23,59.48,57.04,84.01,65.46,8.54,4.12,93.6,99.05,73.24,100.21,75.13,79.06,56.86,51.66,56.32,40.0,89.47,113.15,68.12,98.09,89.44,105.6,35.51,98.23,116.0,85.05,95.13,107.07,76.42,80.99,68.07,0.0,104.0,77.67,21.1,62.97,44.41,109.55,58.55,65.74,99.01,51.55,7.28,94.4
72,57.49,102.3,72.99,67.27,84.48,87.92,37.58,49.4,81.32,72.01,68.96,32.89,96.05,67.03,58.05,66.76,47.54,73.35,35.81,79.62,48.66,89.27,73.79,85.63,76.85,66.29,65.15,20.59,35.61,42.05,80.75,4.12,83.22,19.72,31.76,93.91,38.47,54.38,79.4,74.81,52.2,75.31,64.13,51.92,96.17,101.82,20.4,14.87,35.74,13.0,63.07,79.4,53.67,52.35,62.36,65.0,29.15,10.44,72.06,41.59,37.11,17.69,78.71,10.05,13.6,74.55,18.25,26.17,28.3,43.0,73.06,104.0,0.0,55.0,89.31,55.32,83.38,18.03,85.0,45.31,5.39,63.91,107.94,15.0
73,47.54,79.63,83.86,45.28,86.73,52.2,51.74,51.04,58.03,17.03,99.9,72.92,75.17,87.97,72.01,73.43,85.23,69.89,44.69,38.01,79.2,96.66,34.79,63.07,42.2,94.07,21.19,38.33,81.93,13.15,103.71,54.15,70.71,72.69,30.89,85.0,62.01,30.36,101.04,59.68,61.4,84.6,91.97,14.87,69.23,73.98,62.3,41.3,55.61,43.29,85.63,101.04,25.0,42.49,71.02,54.41,26.17,65.07,88.81,82.73,73.43,69.05,72.53,45.01,68.12,21.02,37.12,76.16,46.65,12.0,89.63,77.67,55.0,0.0,74.17,69.03,38.83,47.43,93.91,21.4,53.24,68.48,84.17,40.0
74,32.7,15.81,38.05,29.0,26.93,33.97,52.5,40.0,17.46,76.24,70.46,74.63,10.05,52.47,42.54,32.57,74.32,19.7,53.54,45.65,63.56,37.7,44.01,13.6,36.25,63.64,55.32,89.89,85.44,76.42,61.29,85.45,6.4,92.66,62.97,12.81,56.85,45.18,58.22,15.52,40.61,36.0,62.97,60.0,18.97,22.09,76.37,86.82,55.87,87.66,54.13,58.22,50.04,38.63,35.85,24.6,79.81,97.62,47.04,78.29,70.18,88.39,14.56,85.0,100.26,86.4,83.38,88.87,61.03,74.33,47.01,21.1,89.31,74.17,0.0,42.94,49.93,97.58,38.33,57.56,84.05,31.3,21.02,81.86
75,26.93,58.6,18.0,39.05,29.55,61.2,20.4,18.44,45.18,80.06,34.18,32.53,52.39,19.1,3.16,12.21,31.62,23.32,26.57,63.25,20.88,34.13,57.94,46.87,54.57,27.31,60.46,64.28,42.8,63.53,34.71,51.2,36.67,52.7,42.15,42.43,17.09,42.2,32.02,34.37,7.81,20.1,25.63,55.17,57.72,62.64,37.58,59.03,20.02,59.0,17.49,32.02,46.86,28.84,7.81,27.07,59.48,61.1,20.12,35.36,27.66,48.88,28.84,55.04,63.16,88.39,57.31,47.51,30.15,62.27,21.02,62.97,55.32,69.03,42.94,0.0,68.62,69.03,30.02,47.63,50.01,11.66,63.95,54.08
