set K:= 1	2	3	4	5	6	7	8	9;
set C_H:= 1	2	3	4	5	6	7	8	9	10	11	12	13	14	15	16	17	18	19	20	21	22	23	24;
set C_S:= 25	26	27	28	29	30	31	32	33	34	35	36	37	38	39	40	41	42	43	44	45	46;
set C_F:= 47	48	49	50	51	52	53	54	55	56	57	58	59	60	61	62	63	64	65	66	67	68;
set M:= 69	70;
set L_B:= 71	72	73	74	75	76	77	78	79;
set A1:=
(0,*) 1 2 3 4 5 6 7 8 9 10 11 12 13 14 15 16 17 18 19 20 21 22 23 24 47 48 49 50 51 52 53 54 55 56 57 58 59 60 61 62 63 64 65 66 67 68 69 70 71 72 73 74 75 76 77 78 79
(1,*) 0 2 3 4 5 6 7 8 9 10 11 12 13 14 15 16 17 18 19 20 21 22 23 24 47 48 49 50 51 52 53 54 55 56 57 58 59 60 61 62 63 64 65 66 67 68 69 70 71 72 73 74 75 76 77 78 79
(2,*) 0 1 3 4 5 6 7 8 9 10 11 12 13 14 15 16 17 18 19 20 21 22 23 24 47 48 49 50 51 52 53 54 55 56 57 58 59 60 61 62 63 64 65 66 67 68 69 70 71 72 73 74 75 76 77 78 79
(3,*) 0 1 2 4 5 6 7 8 9 10 11 12 13 14 15 16 17 18 19 20 21 22 23 24 47 48 49 50 51 52 53 54 55 56 57 58 59 60 61 62 63 64 65 66 67 68 69 70 71 72 73 74 75 76 77 78 79
(4,*) 0 1 2 3 5 6 7 8 9 10 11 12 13 14 15 16 17 18 19 20 21 22 23 24 47 48 49 50 51 52 53 54 55 56 57 58 59 60 61 62 63 64 65 66 67 68 69 70 71 72 73 74 75 76 77 78 79
(5,*) 0 1 2 3 4 6 7 8 9 10 11 12 13 14 15 16 17 18 19 20 21 22 23 24 47 48 49 50 51 52 53 54 55 56 57 58 59 60 61 62 63 64 65 66 67 68 69 70 71 72 73 74 75 76 77 78 79
(6,*) 0 1 2 3 4 5 7 8 9 10 11 12 13 14 15 16 17 18 19 20 21 22 23 24 47 48 49 50 51 52 53 54 55 56 57 58 59 60 61 62 63 64 65 66 67 68 69 70 71 72 73 74 75 76 77 78 79
(7,*) 0 1 2 3 4 5 6 8 9 10 11 12 13 14 15 16 17 18 19 20 21 22 23 24 47 48 49 50 51 52 53 54 55 56 57 58 59 60 61 62 63 64 65 66 67 68 69 70 71 72 73 74 75 76 77 78 79
(8,*) 0 1 2 3 4 5 6 7 9 10 11 12 13 14 15 16 17 18 19 20 21 22 23 24 47 48 49 50 51 52 53 54 55 56 57 58 59 60 61 62 63 64 65 66 67 68 69 70 71 72 73 74 75 76 77 78 79
(9,*) 0 1 2 3 4 5 6 7 8 10 11 12 13 14 15 16 17 18 19 20 21 22 23 24 47 48 49 50 51 52 53 54 55 56 57 58 59 60 61 62 63 64 65 66 67 68 69 70 71 72 73 74 75 76 77 78 79
(10,*) 0 1 2 3 4 5 6 7 8 9 11 12 13 14 15 16 17 18 19 20 21 22 23 24 47 48 49 50 51 52 53 54 55 56 57 58 59 60 61 62 63 64 65 66 67 68 69 70 71 72 73 74 75 76 77 78 79
(11,*) 0 1 2 3 4 5 6 7 8 9 10 12 13 14 15 16 17 18 19 20 21 22 23 24 47 48 49 50 51 52 53 54 55 56 57 58 59 60 61 62 63 64 65 66 67 68 69 70 71 72 73 74 75 76 77 78 79
(12,*) 0 1 2 3 4 5 6 7 8 9 10 11 13 14 15 16 17 18 19 20 21 22 23 24 47 48 49 50 51 52 53 54 55 56 57 58 59 60 61 62 63 64 65 66 67 68 69 70 71 72 73 74 75 76 77 78 79
(13,*) 0 1 2 3 4 5 6 7 8 9 10 11 12 14 15 16 17 18 19 20 21 22 23 24 47 48 49 50 51 52 53 54 55 56 57 58 59 60 61 62 63 64 65 66 67 68 69 70 71 72 73 74 75 76 77 78 79
(14,*) 0 1 2 3 4 5 6 7 8 9 10 11 12 13 15 16 17 18 19 20 21 22 23 24 47 48 49 50 51 52 53 54 55 56 57 58 59 60 61 62 63 64 65 66 67 68 69 70 71 72 73 74 75 76 77 78 79
(15,*) 0 1 2 3 4 5 6 7 8 9 10 11 12 13 14 16 17 18 19 20 21 22 23 24 47 48 49 50 51 52 53 54 55 56 57 58 59 60 61 62 63 64 65 66 67 68 69 70 71 72 73 74 75 76 77 78 79
(16,*) 0 1 2 3 4 5 6 7 8 9 10 11 12 13 14 15 17 18 19 20 21 22 23 24 47 48 49 50 51 52 53 54 55 56 57 58 59 60 61 62 63 64 65 66 67 68 69 70 71 72 73 74 75 76 77 78 79
(17,*) 0 1 2 3 4 5 6 7 8 9 10 11 12 13 14 15 16 18 19 20 21 22 23 24 47 48 49 50 51 52 53 54 55 56 57 58 59 60 61 62 63 64 65 66 67 68 69 70 71 72 73 74 75 76 77 78 79
(18,*) 0 1 2 3 4 5 6 7 8 9 10 11 12 13 14 15 16 17 19 20 21 22 23 24 47 48 49 50 51 52 53 54 55 56 57 58 59 60 61 62 63 64 65 66 67 68 69 70 71 72 73 74 75 76 77 78 79
(19,*) 0 1 2 3 4 5 6 7 8 9 10 11 12 13 14 15 16 17 18 20 21 22 23 24 47 48 49 50 51 52 53 54 55 56 57 58 59 60 61 62 63 64 65 66 67 68 69 70 71 72 73 74 75 76 77 78 79
(20,*) 0 1 2 3 4 5 6 7 8 9 10 11 12 13 14 15 16 17 18 19 21 22 23 24 47 48 49 50 51 52 53 54 55 56 57 58 59 60 61 62 63 64 65 66 67 68 69 70 71 72 73 74 75 76 77 78 79
(21,*) 0 1 2 3 4 5 6 7 8 9 10 11 12 13 14 15 16 17 18 19 20 22 23 24 47 48 49 50 51 52 53 54 55 56 57 58 59 60 61 62 63 64 65 66 67 68 69 70 71 72 73 74 75 76 77 78 79
(22,*) 0 1 2 3 4 5 6 7 8 9 10 11 12 13 14 15 16 17 18 19 20 21 23 24 47 48 49 50 51 52 53 54 55 56 57 58 59 60 61 62 63 64 65 66 67 68 69 70 71 72 73 74 75 76 77 78 79
(23,*) 0 1 2 3 4 5 6 7 8 9 10 11 12 13 14 15 16 17 18 19 20 21 22 24 47 48 49 50 51 52 53 54 55 56 57 58 59 60 61 62 63 64 65 66 67 68 69 70 71 72 73 74 75 76 77 78 79
(24,*) 0 1 2 3 4 5 6 7 8 9 10 11 12 13 14 15 16 17 18 19 20 21 22 23 47 48 49 50 51 52 53 54 55 56 57 58 59 60 61 62 63 64 65 66 67 68 69 70 71 72 73 74 75 76 77 78 79
(47,*) 0 1 2 3 4 5 6 7 8 9 10 11 12 13 14 15 16 17 18 19 20 21 22 23 24 48 49 50 51 52 53 54 55 56 57 58 59 60 61 62 63 64 65 66 67 68 69 70 71 72 73 74 75 76 77 78 79
(48,*) 0 1 2 3 4 5 6 7 8 9 10 11 12 13 14 15 16 17 18 19 20 21 22 23 24 47 49 50 51 52 53 54 55 56 57 58 59 60 61 62 63 64 65 66 67 68 69 70 71 72 73 74 75 76 77 78 79
(49,*) 0 1 2 3 4 5 6 7 8 9 10 11 12 13 14 15 16 17 18 19 20 21 22 23 24 47 48 50 51 52 53 54 55 56 57 58 59 60 61 62 63 64 65 66 67 68 69 70 71 72 73 74 75 76 77 78 79
(50,*) 0 1 2 3 4 5 6 7 8 9 10 11 12 13 14 15 16 17 18 19 20 21 22 23 24 47 48 49 51 52 53 54 55 56 57 58 59 60 61 62 63 64 65 66 67 68 69 70 71 72 73 74 75 76 77 78 79
(51,*) 0 1 2 3 4 5 6 7 8 9 10 11 12 13 14 15 16 17 18 19 20 21 22 23 24 47 48 49 50 52 53 54 55 56 57 58 59 60 61 62 63 64 65 66 67 68 69 70 71 72 73 74 75 76 77 78 79
(52,*) 0 1 2 3 4 5 6 7 8 9 10 11 12 13 14 15 16 17 18 19 20 21 22 23 24 47 48 49 50 51 53 54 55 56 57 58 59 60 61 62 63 64 65 66 67 68 69 70 71 72 73 74 75 76 77 78 79
(53,*) 0 1 2 3 4 5 6 7 8 9 10 11 12 13 14 15 16 17 18 19 20 21 22 23 24 47 48 49 50 51 52 54 55 56 57 58 59 60 61 62 63 64 65 66 67 68 69 70 71 72 73 74 75 76 77 78 79
(54,*) 0 1 2 3 4 5 6 7 8 9 10 11 12 13 14 15 16 17 18 19 20 21 22 23 24 47 48 49 50 51 52 53 55 56 57 58 59 60 61 62 63 64 65 66 67 68 69 70 71 72 73 74 75 76 77 78 79
(55,*) 0 1 2 3 4 5 6 7 8 9 10 11 12 13 14 15 16 17 18 19 20 21 22 23 24 47 48 49 50 51 52 53 54 56 57 58 59 60 61 62 63 64 65 66 67 68 69 70 71 72 73 74 75 76 77 78 79
(56,*) 0 1 2 3 4 5 6 7 8 9 10 11 12 13 14 15 16 17 18 19 20 21 22 23 24 47 48 49 50 51 52 53 54 55 57 58 59 60 61 62 63 64 65 66 67 68 69 70 71 72 73 74 75 76 77 78 79
(57,*) 0 1 2 3 4 5 6 7 8 9 10 11 12 13 14 15 16 17 18 19 20 21 22 23 24 47 48 49 50 51 52 53 54 55 56 58 59 60 61 62 63 64 65 66 67 68 69 70 71 72 73 74 75 76 77 78 79
(58,*) 0 1 2 3 4 5 6 7 8 9 10 11 12 13 14 15 16 17 18 19 20 21 22 23 24 47 48 49 50 51 52 53 54 55 56 57 59 60 61 62 63 64 65 66 67 68 69 70 71 72 73 74 75 76 77 78 79
(59,*) 0 1 2 3 4 5 6 7 8 9 10 11 12 13 14 15 16 17 18 19 20 21 22 23 24 47 48 49 50 51 52 53 54 55 56 57 58 60 61 62 63 64 65 66 67 68 69 70 71 72 73 74 75 76 77 78 79
(60,*) 0 1 2 3 4 5 6 7 8 9 10 11 12 13 14 15 16 17 18 19 20 21 22 23 24 47 48 49 50 51 52 53 54 55 56 57 58 59 61 62 63 64 65 66 67 68 69 70 71 72 73 74 75 76 77 78 79
(61,*) 0 1 2 3 4 5 6 7 8 9 10 11 12 13 14 15 16 17 18 19 20 21 22 23 24 47 48 49 50 51 52 53 54 55 56 57 58 59 60 62 63 64 65 66 67 68 69 70 71 72 73 74 75 76 77 78 79
(62,*) 0 1 2 3 4 5 6 7 8 9 10 11 12 13 14 15 16 17 18 19 20 21 22 23 24 47 48 49 50 51 52 53 54 55 56 57 58 59 60 61 63 64 65 66 67 68 69 70 71 72 73 74 75 76 77 78 79
(63,*) 0 1 2 3 4 5 6 7 8 9 10 11 12 13 14 15 16 17 18 19 20 21 22 23 24 47 48 49 50 51 52 53 54 55 56 57 58 59 60 61 62 64 65 66 67 68 69 70 71 72 73 74 75 76 77 78 79
(64,*) 0 1 2 3 4 5 6 7 8 9 10 11 12 13 14 15 16 17 18 19 20 21 22 23 24 47 48 49 50 51 52 53 54 55 56 57 58 59 60 61 62 63 65 66 67 68 69 70 71 72 73 74 75 76 77 78 79
(65,*) 0 1 2 3 4 5 6 7 8 9 10 11 12 13 14 15 16 17 18 19 20 21 22 23 24 47 48 49 50 51 52 53 54 55 56 57 58 59 60 61 62 63 64 66 67 68 69 70 71 72 73 74 75 76 77 78 79
(66,*) 0 1 2 3 4 5 6 7 8 9 10 11 12 13 14 15 16 17 18 19 20 21 22 23 24 47 48 49 50 51 52 53 54 55 56 57 58 59 60 61 62 63 64 65 67 68 69 70 71 72 73 74 75 76 77 78 79
(67,*) 0 1 2 3 4 5 6 7 8 9 10 11 12 13 14 15 16 17 18 19 20 21 22 23 24 47 48 49 50 51 52 53 54 55 56 57 58 59 60 61 62 63 64 65 66 68 69 70 71 72 73 74 75 76 77 78 79
(68,*) 0 1 2 3 4 5 6 7 8 9 10 11 12 13 14 15 16 17 18 19 20 21 22 23 24 47 48 49 50 51 52 53 54 55 56 57 58 59 60 61 62 63 64 65 66 67 69 70 71 72 73 74 75 76 77 78 79
(69,*) 0 1 2 3 4 5 6 7 8 9 10 11 12 13 14 15 16 17 18 19 20 21 22 23 24 47 48 49 50 51 52 53 54 55 56 57 58 59 60 61 62 63 64 65 66 67 68 70 71 72 73 74 75 76 77 78 79
(70,*) 0 1 2 3 4 5 6 7 8 9 10 11 12 13 14 15 16 17 18 19 20 21 22 23 24 47 48 49 50 51 52 53 54 55 56 57 58 59 60 61 62 63 64 65 66 67 68 69 71 72 73 74 75 76 77 78 79
(71,*) 0 1 2 3 4 5 6 7 8 9 10 11 12 13 14 15 16 17 18 19 20 21 22 23 24 47 48 49 50 51 52 53 54 55 56 57 58 59 60 61 62 63 64 65 66 67 68 69 70 72 73 74 75 76 77 78 79
(72,*) 0 1 2 3 4 5 6 7 8 9 10 11 12 13 14 15 16 17 18 19 20 21 22 23 24 47 48 49 50 51 52 53 54 55 56 57 58 59 60 61 62 63 64 65 66 67 68 69 70 71 73 74 75 76 77 78 79
(73,*) 0 1 2 3 4 5 6 7 8 9 10 11 12 13 14 15 16 17 18 19 20 21 22 23 24 47 48 49 50 51 52 53 54 55 56 57 58 59 60 61 62 63 64 65 66 67 68 69 70 71 72 74 75 76 77 78 79
(74,*) 0 1 2 3 4 5 6 7 8 9 10 11 12 13 14 15 16 17 18 19 20 21 22 23 24 47 48 49 50 51 52 53 54 55 56 57 58 59 60 61 62 63 64 65 66 67 68 69 70 71 72 73 75 76 77 78 79
(75,*) 0 1 2 3 4 5 6 7 8 9 10 11 12 13 14 15 16 17 18 19 20 21 22 23 24 47 48 49 50 51 52 53 54 55 56 57 58 59 60 61 62 63 64 65 66 67 68 69 70 71 72 73 74 76 77 78 79
(76,*) 0 1 2 3 4 5 6 7 8 9 10 11 12 13 14 15 16 17 18 19 20 21 22 23 24 47 48 49 50 51 52 53 54 55 56 57 58 59 60 61 62 63 64 65 66 67 68 69 70 71 72 73 74 75 77 78 79
(77,*) 0 1 2 3 4 5 6 7 8 9 10 11 12 13 14 15 16 17 18 19 20 21 22 23 24 47 48 49 50 51 52 53 54 55 56 57 58 59 60 61 62 63 64 65 66 67 68 69 70 71 72 73 74 75 76 78 79
(78,*) 0 1 2 3 4 5 6 7 8 9 10 11 12 13 14 15 16 17 18 19 20 21 22 23 24 47 48 49 50 51 52 53 54 55 56 57 58 59 60 61 62 63 64 65 66 67 68 69 70 71 72 73 74 75 76 77 79
(79,*) 0 1 2 3 4 5 6 7 8 9 10 11 12 13 14 15 16 17 18 19 20 21 22 23 24 47 48 49 50 51 52 53 54 55 56 57 58 59 60 61 62 63 64 65 66 67 68 69 70 71 72 73 74 75 76 77 78
;
set A2:=
(69,*) 70
(70,*) 69
;
param BigM:=99999;
param n:= 9;
param d:=
1	1
2	6
3	5
4	3
5	9
6	12
7	18
8	10
9	16
10	20
11	17
12	3
13	23
14	5
15	4
16	23
17	10
18	7
19	5
20	15
21	13
22	23
23	24
24	18
25	9
26	16
27	1
28	1
29	9
30	12
31	23
32	8
33	2
34	13
35	12
36	21
37	25
38	12
39	19
40	15
41	30
42	7
43	8
44	12
45	25
46	8
47	2
48	5
49	5
50	6
51	6
52	39
53	17
54	2
55	7
56	10
57	7
58	20
59	13
60	13
61	15
62	9
63	8
64	5
65	25
66	22
67	7
68	24
;
param Q:=100;
param w:=
[69,*] 70 0.5
[70,*] 69 0.5
;
param V:=
[69,*] 70 91
[70,*] 69 91
;
param e:
	69	70	71	72	73	74	75	76	77	78	79:=
25	1	1	0	0	0	1	0	0	0	0	0	
26	1	0	1	0	0	0	0	0	1	0	0	
27	0	1	0	0	1	0	0	0	0	0	0	
28	1	0	0	0	0	0	1	0	0	0	0	
29	1	1	1	0	0	0	0	0	1	0	0	
30	1	1	0	0	0	0	1	0	0	0	0	
31	0	1	1	0	0	0	0	0	1	0	0	
32	1	0	0	0	1	0	0	0	0	0	0	
33	1	0	1	0	0	0	0	0	1	0	0	
34	1	1	0	0	0	1	0	0	0	0	0	
35	0	1	0	0	1	0	0	1	0	0	0	
36	1	1	0	0	0	0	0	0	1	0	0	
37	0	1	1	0	0	0	0	0	0	0	0	
38	1	1	0	0	0	0	0	0	1	0	0	
39	0	1	0	0	1	0	0	1	0	0	0	
40	1	1	1	0	0	0	0	0	0	0	0	
41	0	1	0	0	0	0	0	0	1	0	0	
42	1	0	1	0	0	0	0	0	0	0	0	
43	1	1	0	1	0	0	0	0	0	0	0	
44	1	0	0	1	0	0	1	0	0	1	0	
45	0	1	1	0	0	0	0	0	1	0	0	
46	1	1	0	1	0	0	1	0	0	1	0	
47	0	1	1	0	0	0	0	0	1	0	0	
48	1	0	0	0	0	1	0	0	0	0	0	
49	1	1	0	0	1	0	0	0	0	0	0	
50	1	1	0	0	0	1	1	0	0	1	0	
51	0	1	0	0	0	0	0	1	0	0	0	
52	1	1	0	0	1	0	0	0	0	0	1	
53	0	1	1	0	0	1	0	0	1	0	0	
54	0	1	0	0	1	0	0	0	0	0	1	
55	1	0	0	1	0	0	1	0	0	1	1	
56	1	1	0	1	0	0	0	0	0	0	0	
57	1	0	0	0	0	1	1	0	0	1	0	
58	0	1	0	0	0	1	0	0	0	0	0	
59	1	1	1	0	0	0	0	0	1	0	0	
60	1	0	0	0	0	1	0	0	0	0	0	
61	0	1	0	1	0	0	0	0	0	1	1	
62	1	0	0	0	0	1	1	0	0	0	0	
63	1	1	1	0	0	1	0	0	1	0	0	
64	0	1	0	0	1	0	0	0	1	0	1	
65	1	1	0	0	0	1	0	0	0	0	0	
66	1	0	0	0	0	1	1	0	0	0	0	
67	0	1	0	0	1	0	0	0	0	0	1	
68	1	1	0	1	0	1	1	0	0	1	0	
;
param p:=
1	3
2	3
3	3
4	3
5	3
6	3
7	3
8	3
9	3
;
param G:=
69	84
70	91
71	90
72	71
73	82
74	84
75	87
76	97
77	84
78	74
79	77
;
param s:=
0	0
1	10
2	10
3	10
4	10
5	10
6	10
7	10
8	10
9	10
10	10
11	10
12	10
13	10
14	10
15	10
16	10
17	10
18	10
19	10
20	10
21	10
22	10
23	10
24	10
47	10
48	10
49	10
50	10
51	10
52	10
53	10
54	10
55	10
56	10
57	10
58	10
59	10
60	10
61	10
62	10
63	10
64	10
65	10
66	10
67	10
68	10
69	10
70	10
71	10
72	10
73	10
74	10
75	10
76	10
77	10
78	10
79	10
;
param t:
	0	1	2	3	4	5	6	7	8	9	10	11	12	13	14	15	16	17	18	19	20	21	22	23	24	25	26	27	28	29	30	31	32	33	34	35	36	37	38	39	40	41	42	43	44	45	46	47	48	49	50	51	52	53	54	55	56	57	58	59	60	61	62	63	64	65	66	67	68	69	70	71	72	73	74	75	76	77	78	79:=
0	0.0	34.66	54.13	57.25	13.04	61.13	46.27	27.86	53.81	57.01	36.35	8.25	31.58	57.01	46.69	59.36	52.48	37.8	38.6	64.64	45.28	50.7	55.0	49.19	47.51	44.82	37.54	60.0	39.22	44.28	22.83	23.26	40.31	25.61	24.41	66.47	49.73	56.44	19.65	69.31	52.55	29.07	26.91	61.74	36.4	45.18	31.02	54.23	27.2	55.01	6.08	63.81	30.36	11.18	47.68	17.49	55.44	17.49	61.1	44.05	26.02	32.7	39.2	22.56	21.93	44.82	28.32	29.73	28.16	46.69	57.49	32.31	39.82	48.55	17.69	24.08	77.83	26.57	21.95	34.01
1	34.66	0.0	54.12	53.25	27.73	84.38	29.73	52.89	63.06	91.55	31.02	39.41	58.82	91.55	72.78	75.43	56.08	72.25	55.04	31.38	79.4	49.65	83.52	82.66	66.0	59.08	72.14	94.49	71.87	77.94	14.56	48.08	67.05	60.21	38.33	75.58	73.82	82.76	52.7	78.75	85.59	63.01	61.52	81.02	17.2	75.39	13.6	87.46	52.81	55.9	31.62	79.63	34.37	42.19	40.22	18.36	21.47	42.15	94.02	78.64	56.36	13.42	48.37	54.92	41.98	52.95	43.19	47.17	21.21	56.72	65.15	65.73	6.08	53.76	39.22	22.02	84.69	59.91	14.32	26.0
2	54.13	54.12	0.0	6.4	61.61	48.84	28.16	39.12	15.81	86.83	79.98	62.24	43.74	86.83	47.01	31.91	5.66	79.0	92.28	60.13	73.76	4.47	58.52	93.01	30.81	98.27	77.03	88.6	86.58	70.09	44.69	39.05	93.3	65.07	76.28	24.08	43.83	53.41	54.15	27.02	72.8	62.07	69.18	40.22	69.89	57.38	64.4	75.03	81.15	2.0	48.3	34.44	24.41	48.51	15.13	46.69	58.31	71.55	78.72	77.78	78.16	40.71	90.8	73.25	34.71	96.4	80.99	29.02	68.68	99.05	14.87	61.4	59.09	8.54	71.2	66.47	31.05	58.03	56.64	28.3
3	57.25	53.25	6.4	0.0	63.63	55.17	25.3	44.55	22.02	92.72	80.66	65.46	49.48	92.72	53.34	38.01	12.04	84.1	94.81	56.01	79.56	7.0	64.9	98.05	37.2	100.65	82.22	94.56	91.2	75.96	45.34	44.05	97.02	70.01	78.39	28.86	50.22	59.82	59.0	31.58	78.92	67.36	74.01	46.4	69.66	63.56	64.44	81.15	84.43	7.81	51.26	40.31	26.93	52.61	13.04	48.01	55.11	74.46	84.97	83.36	82.0	40.0	92.65	77.28	39.12	98.18	83.24	34.13	69.35	101.02	20.59	66.91	57.8	14.76	73.82	67.48	34.13	63.29	57.38	28.28
4	13.04	27.73	61.61	63.63	0.0	73.98	47.68	40.52	63.89	67.23	23.35	13.04	44.55	67.23	59.68	71.12	60.96	46.23	31.62	59.09	56.46	57.69	68.01	55.44	59.51	37.16	46.62	70.33	44.41	55.97	21.1	35.74	39.81	36.25	14.76	76.84	62.59	69.46	32.25	79.81	64.56	40.8	36.36	74.09	24.6	58.08	20.0	66.1	25.5	62.8	15.65	75.59	37.2	24.19	52.39	16.49	49.19	14.56	73.08	54.2	28.65	31.0	29.21	27.66	33.12	34.83	19.7	40.82	15.52	37.44	67.27	44.38	31.62	57.31	12.04	11.4	87.86	38.83	13.42	37.0
5	61.13	84.38	48.84	55.17	73.98	0.0	70.68	33.54	33.24	52.89	97.29	65.55	29.73	52.89	15.26	18.36	43.19	58.41	94.51	102.88	43.83	50.61	16.49	70.49	19.7	100.85	55.61	53.15	70.18	39.82	70.11	38.47	85.04	50.45	84.5	33.24	11.4	9.49	45.18	33.24	36.4	43.93	54.56	10.44	94.19	24.41	88.14	38.08	79.08	47.38	58.86	18.68	51.66	50.0	59.68	68.01	97.8	74.73	38.05	50.61	71.61	73.35	98.49	66.03	43.01	103.79	87.32	37.22	87.97	104.66	35.61	40.31	90.45	41.4	76.69	84.17	41.44	42.2	78.16	62.64
6	46.27	29.73	28.16	25.3	47.68	70.68	0.0	47.51	41.44	95.19	59.68	54.08	53.81	95.19	63.6	56.75	32.02	80.99	79.08	32.76	81.84	24.02	75.6	93.96	50.99	84.2	79.85	97.64	84.93	79.06	26.68	44.41	86.0	66.85	61.85	52.01	62.43	72.4	56.36	55.04	84.5	66.65	69.89	64.2	46.86	70.71	42.44	86.68	72.06	30.15	40.45	60.21	22.02	46.82	13.04	31.26	30.15	61.13	92.02	83.65	72.25	17.89	74.67	68.73	37.44	79.85	66.94	37.48	48.76	83.22	42.05	67.74	33.42	31.4	59.41	47.93	59.03	62.65	37.7	12.65
7	27.86	52.89	39.12	44.55	40.52	33.54	47.51	0.0	31.62	48.85	63.79	33.29	6.4	48.85	20.1	32.56	35.01	40.11	63.89	76.28	35.47	37.66	30.68	54.15	20.52	70.29	38.01	50.99	48.76	32.2	38.33	5.0	58.83	26.68	51.88	42.54	22.2	30.15	16.55	44.94	37.01	23.0	31.05	34.0	61.0	23.6	55.01	39.2	49.52	39.01	25.32	36.88	25.5	17.0	41.15	35.36	69.35	43.01	44.55	38.83	43.83	43.83	66.37	38.28	11.18	71.87	55.23	10.77	54.45	73.24	35.74	22.36	58.94	31.0	44.42	50.64	54.2	19.03	45.01	36.12
8	53.81	63.06	15.81	22.02	63.89	33.24	41.44	31.62	0.0	75.54	84.91	61.22	34.37	75.54	33.53	16.12	10.3	71.2	92.31	74.15	63.07	18.38	44.28	85.16	16.76	98.6	68.88	76.94	80.36	59.14	51.08	33.54	89.89	58.24	77.79	13.04	29.55	38.59	48.1	16.12	60.42	53.94	62.64	24.41	77.08	44.91	71.18	62.59	79.32	14.21	48.8	18.97	29.15	45.49	28.86	51.48	71.06	71.06	65.46	68.03	74.71	50.01	92.66	69.32	32.02	98.31	82.04	24.41	73.93	100.42	4.12	52.35	68.66	10.05	71.51	71.02	24.04	50.22	62.18	37.48
9	57.01	91.55	86.83	92.72	67.23	52.89	95.19	48.85	75.54	0.0	86.38	54.2	43.32	0.0	43.01	67.19	82.0	22.56	68.12	120.28	13.42	86.02	36.4	24.7	59.14	73.0	21.19	3.16	32.06	16.76	78.49	51.0	50.25	31.4	68.31	82.02	48.09	43.42	39.7	83.15	16.49	29.07	30.89	61.98	91.79	31.0	87.13	14.87	53.76	86.35	60.14	69.58	73.43	50.25	89.96	73.59	111.73	57.58	17.69	13.04	44.91	87.11	76.79	42.06	57.8	80.31	67.91	59.62	82.3	79.06	79.4	27.46	96.83	78.34	61.1	78.29	92.35	32.8	78.82	82.93
10	36.35	31.02	79.98	80.66	23.35	97.29	59.68	63.79	84.91	86.38	0.0	34.13	67.9	86.38	83.02	93.62	80.43	64.08	29.07	58.01	77.13	75.69	91.14	69.89	82.28	31.05	65.19	89.54	58.52	77.28	35.36	58.94	46.75	57.07	18.36	97.94	85.91	92.78	55.0	101.02	86.15	62.51	56.04	97.08	15.03	81.01	17.46	87.48	35.0	81.47	38.6	98.09	56.4	47.52	68.12	33.6	48.01	28.79	94.54	73.68	42.54	41.88	19.65	44.38	55.71	23.02	20.52	63.16	11.31	27.07	87.92	66.37	30.41	77.2	25.3	13.89	108.47	61.13	23.35	52.4
11	8.25	39.41	62.24	65.46	13.04	65.55	54.08	33.29	61.22	54.2	34.13	0.0	35.85	54.2	50.6	65.6	60.42	33.3	31.14	70.33	43.66	58.87	57.56	43.27	53.6	37.48	33.6	57.31	32.65	43.42	29.41	29.21	32.14	23.41	18.97	73.66	54.23	59.91	21.21	76.42	52.17	28.44	23.32	67.23	37.59	47.17	33.02	53.6	18.97	63.07	14.32	70.0	38.6	16.4	55.9	24.04	60.75	9.9	60.64	41.18	18.25	39.56	33.12	15.65	29.21	38.59	21.95	36.88	28.23	40.0	65.0	32.25	43.93	56.44	11.18	24.17	85.15	27.02	25.5	42.01
12	31.58	58.82	43.74	49.48	44.55	29.73	53.81	6.4	34.37	43.32	67.9	35.85	0.0	43.32	15.13	32.2	39.2	36.88	65.46	82.66	30.08	42.72	24.74	50.8	20.59	71.85	34.53	45.31	46.62	26.57	44.27	10.77	58.41	24.6	54.78	44.01	18.38	25.02	16.28	46.1	30.81	19.65	29.07	32.02	66.12	17.2	60.21	33.02	50.45	43.42	30.0	36.24	31.83	20.4	47.01	41.0	75.66	45.18	38.21	34.13	43.86	50.12	68.88	38.21	17.49	74.24	57.7	16.64	59.08	75.29	38.47	18.03	64.85	35.36	47.01	55.15	55.54	16.16	50.25	42.52
13	57.01	91.55	86.83	92.72	67.23	52.89	95.19	48.85	75.54	0.0	86.38	54.2	43.32	0.0	43.01	67.19	82.0	22.56	68.12	120.28	13.42	86.02	36.4	24.7	59.14	73.0	21.19	3.16	32.06	16.76	78.49	51.0	50.25	31.4	68.31	82.02	48.09	43.42	39.7	83.15	16.49	29.07	30.89	61.98	91.79	31.0	87.13	14.87	53.76	86.35	60.14	69.58	73.43	50.25	89.96	73.59	111.73	57.58	17.69	13.04	44.91	87.11	76.79	42.06	57.8	80.31	67.91	59.62	82.3	79.06	79.4	27.46	96.83	78.34	61.1	78.29	92.35	32.8	78.82	82.93
14	46.69	72.78	47.01	53.34	59.68	15.26	63.6	20.1	33.53	43.01	83.02	50.6	15.13	43.01	0.0	24.33	41.59	44.42	79.26	94.41	31.78	47.43	12.04	57.27	16.76	85.59	41.68	44.05	55.8	27.66	58.25	25.08	70.04	35.38	69.57	39.01	5.39	10.05	29.97	40.2	27.17	29.0	39.6	20.59	81.02	12.04	75.06	29.27	63.81	46.07	45.04	27.2	42.54	35.51	54.45	55.44	88.24	59.62	31.95	37.95	56.4	62.97	83.38	50.8	30.81	88.64	72.24	26.83	74.17	89.44	37.11	25.61	78.85	38.59	61.68	70.26	49.5	27.02	65.07	53.71
15	59.36	75.43	31.91	38.01	71.12	18.36	56.75	32.56	16.12	67.19	93.62	65.6	32.2	67.19	24.33	0.0	26.42	67.62	96.43	89.5	56.09	34.44	32.39	80.99	12.04	102.83	65.0	68.03	78.29	51.97	62.17	36.4	90.6	56.6	83.76	15.3	19.1	25.71	48.27	16.0	51.01	51.0	61.06	8.49	87.8	36.35	81.74	53.0	82.02	30.23	55.47	4.47	41.11	49.2	44.6	61.4	85.71	75.43	54.45	62.1	75.93	63.03	98.47	70.29	38.01	104.04	87.42	30.46	83.22	105.6	17.69	48.33	81.3	25.63	76.61	79.85	25.18	48.02	72.12	51.04
16	52.48	56.08	5.66	12.04	60.96	43.19	32.02	35.01	10.3	82.0	80.43	60.42	39.2	82.0	41.59	26.42	0.0	75.11	90.97	64.5	69.05	8.25	53.0	89.14	25.24	97.08	73.03	83.68	83.19	65.31	45.49	35.51	90.82	61.4	75.43	20.1	38.28	47.8	50.64	23.19	67.68	58.01	65.62	34.67	71.2	52.2	65.51	69.89	79.16	4.47	46.87	29.15	24.08	45.88	19.1	46.86	62.03	69.97	73.41	73.33	75.61	42.72	90.14	70.52	31.95	95.78	80.0	25.5	69.2	98.23	10.05	57.08	61.35	4.12	69.89	66.71	28.64	54.04	57.2	30.08
17	37.8	72.25	79.0	84.1	46.23	58.41	80.99	40.11	71.2	22.56	64.08	33.3	36.88	22.56	44.42	67.62	75.11	0.0	46.01	102.42	17.46	77.1	43.86	14.04	56.92	51.24	2.83	25.71	12.21	20.25	60.46	40.05	29.73	14.32	45.88	80.65	49.74	49.58	25.32	82.54	28.23	17.26	11.18	65.0	70.46	34.06	66.22	28.46	31.26	79.03	42.19	71.11	60.64	34.18	78.45	55.22	93.24	35.34	34.93	11.18	22.36	69.97	54.33	19.7	45.54	58.03	45.35	50.01	60.75	57.04	75.31	19.31	77.08	71.06	38.91	56.86	92.03	21.1	58.69	68.35
18	38.6	55.04	92.28	94.81	31.62	94.51	79.08	63.89	92.31	68.12	29.07	31.14	65.46	68.12	79.26	96.43	90.97	46.01	0.0	85.16	62.51	88.59	83.93	46.84	84.39	6.4	48.09	71.18	36.5	64.13	52.39	60.14	20.12	45.54	17.26	104.8	83.53	87.66	49.4	107.56	72.99	52.2	42.45	97.42	42.72	73.16	42.43	73.68	15.81	93.3	44.1	100.77	68.0	47.38	83.93	48.08	74.97	21.26	80.5	57.08	24.52	61.81	10.63	29.41	60.31	12.37	12.17	68.01	34.37	11.05	96.05	56.3	56.57	87.09	21.1	33.02	116.28	52.8	42.19	68.62
19	64.64	31.38	60.13	56.01	59.09	102.88	32.76	76.28	74.15	120.28	58.01	70.33	82.66	120.28	94.41	89.5	64.5	102.42	85.16	0.0	107.48	56.32	106.17	113.53	83.22	88.46	102.0	123.07	102.96	105.42	42.01	72.2	98.35	89.5	69.12	84.21	93.94	103.75	80.62	87.14	112.16	91.24	91.4	96.84	43.05	99.86	42.76	114.21	84.15	62.13	60.44	92.96	51.88	70.04	45.4	47.2	10.2	73.54	120.25	107.71	87.66	33.24	77.23	85.96	65.22	81.02	73.76	67.6	50.8	85.05	74.55	93.35	28.64	64.13	70.58	52.63	90.09	87.68	45.69	40.71
20	45.28	79.4	73.76	79.56	56.46	43.83	81.84	35.47	63.07	13.42	77.13	43.66	30.08	13.42	31.78	56.09	69.05	17.46	62.51	107.48	0.0	72.8	28.02	27.02	47.04	68.07	14.87	15.81	29.53	4.12	65.95	37.59	47.17	20.25	59.68	70.46	37.11	34.48	26.91	71.85	10.77	16.4	21.21	51.87	81.02	19.92	76.03	11.18	47.1	73.35	47.8	58.94	60.03	37.54	76.56	61.22	99.16	48.66	18.03	7.07	38.12	74.25	70.01	34.01	44.42	74.17	60.13	46.24	71.87	73.55	67.03	14.21	84.88	65.31	51.97	67.78	81.22	19.8	67.23	69.63
21	50.7	49.65	4.47	7.0	57.69	50.61	24.02	37.66	18.38	86.02	75.69	58.87	42.72	86.02	47.43	34.44	8.25	77.1	88.59	56.32	72.8	0.0	59.2	91.05	31.83	94.51	75.24	87.92	84.21	69.26	40.36	37.05	90.25	63.01	72.4	28.0	44.69	54.49	52.0	31.02	72.5	60.41	67.01	42.54	65.46	57.25	60.0	74.73	77.83	6.32	44.78	37.34	20.59	45.71	11.0	42.52	54.15	68.03	78.77	76.49	75.19	36.24	86.84	70.41	32.14	92.42	77.18	27.17	64.38	95.13	18.25	60.02	54.63	9.22	67.54	62.24	35.44	56.32	52.35	23.85
22	55.0	83.52	58.52	64.9	68.01	16.49	75.6	30.68	44.28	36.4	91.14	57.56	24.74	36.4	12.04	32.39	53.0	43.86	83.93	106.17	28.02	59.2	0.0	55.0	27.78	90.08	41.04	36.67	55.97	24.21	68.96	35.44	72.11	38.48	76.3	47.68	14.76	7.07	36.35	48.26	19.92	31.78	42.06	26.02	90.55	10.77	84.72	21.59	68.15	57.45	54.33	34.01	54.38	44.05	66.47	65.73	99.74	65.73	22.09	35.0	59.93	74.32	89.29	54.63	41.79	94.25	78.34	38.59	83.05	94.58	47.54	27.73	89.56	50.22	68.25	79.03	57.04	31.32	74.81	65.51
23	49.19	82.66	93.01	98.05	55.44	70.49	93.96	54.15	85.16	24.7	69.89	43.27	50.8	24.7	57.27	80.99	89.14	14.04	46.84	113.53	27.02	91.05	55.0	0.0	70.6	50.8	16.28	27.2	11.4	30.81	72.01	54.01	27.29	28.07	51.61	94.37	62.65	61.29	39.12	96.17	36.8	31.26	24.33	77.82	78.52	46.14	75.01	36.24	34.99	93.05	54.23	84.31	74.15	47.3	92.07	66.65	104.01	42.45	41.34	20.0	27.66	81.86	56.65	27.8	59.3	59.2	49.74	64.0	68.62	57.27	89.27	32.98	87.01	85.09	46.01	65.05	105.65	35.13	68.6	81.32
24	47.51	66.0	30.81	37.2	59.51	19.7	50.99	20.52	16.76	59.14	82.28	53.6	20.59	59.14	16.76	12.04	25.24	56.92	84.39	83.22	47.04	31.83	27.78	70.6	0.0	90.79	54.41	60.41	67.12	43.01	52.15	24.41	78.82	45.18	71.87	23.77	13.04	22.67	36.4	25.63	43.74	39.92	49.65	15.13	77.28	28.28	71.2	45.89	70.01	29.68	43.86	16.4	32.39	37.2	40.22	50.8	78.34	63.41	48.7	52.47	64.03	54.33	86.53	58.41	26.57	92.09	75.45	19.42	72.12	93.6	20.4	37.64	72.01	22.67	64.64	68.62	35.11	36.67	61.39	43.17
25	44.82	59.08	98.27	100.65	37.16	100.85	84.2	70.29	98.6	73.0	31.05	37.48	71.85	73.0	85.59	102.83	97.08	51.24	6.4	88.46	68.07	94.51	90.08	50.8	90.79	0.0	53.46	76.01	41.05	69.86	57.57	66.53	23.54	51.62	22.47	111.13	89.89	93.91	55.76	113.9	78.64	58.31	48.38	103.81	45.54	79.31	46.01	79.25	21.93	99.32	50.22	107.17	73.93	53.76	89.55	53.49	78.31	27.59	85.99	62.39	30.36	66.71	11.4	35.47	66.6	9.9	17.46	74.33	38.0	6.71	102.3	62.39	60.07	93.23	27.2	37.22	122.58	59.03	46.87	74.09
26	37.54	72.14	77.03	82.22	46.62	55.61	79.85	38.01	68.88	21.19	65.19	33.6	34.53	21.19	41.68	65.0	73.03	2.83	48.09	102.0	14.87	75.24	41.04	16.28	54.41	53.46	0.0	24.35	15.0	17.49	60.0	38.21	32.31	13.0	47.13	78.16	47.01	46.75	23.77	80.01	25.63	15.03	10.63	62.27	71.02	31.24	66.61	25.96	33.06	77.0	41.62	68.45	59.2	33.11	76.9	54.82	92.96	36.4	32.56	9.0	24.08	69.34	56.14	20.88	43.93	60.0	46.87	48.09	61.4	59.14	72.99	16.76	77.1	69.01	39.92	57.45	89.49	19.0	58.8	67.23
27	60.0	94.49	88.6	94.56	70.33	53.15	97.64	50.99	76.94	3.16	89.54	57.31	45.31	3.16	44.05	68.03	83.68	25.71	71.18	123.07	15.81	87.92	36.67	27.2	60.41	76.01	24.35	0.0	35.01	18.79	81.34	53.34	53.15	34.41	71.47	83.01	49.0	43.74	42.45	84.02	17.03	31.83	34.0	62.51	94.89	32.14	90.21	15.13	56.89	88.06	63.03	70.26	75.8	53.04	92.14	76.49	114.59	60.75	16.64	16.12	48.05	89.87	79.91	45.22	60.21	83.38	71.06	61.74	85.42	82.1	80.75	30.0	99.81	80.08	64.26	81.41	93.13	35.47	81.84	85.45
28	39.22	71.87	86.58	91.2	44.41	70.18	84.93	48.76	80.36	32.06	58.52	32.65	46.62	32.06	55.8	78.29	83.19	12.21	36.5	102.96	29.53	84.21	55.97	11.4	67.12	41.05	15.0	35.01	0.0	32.45	61.85	47.68	18.25	22.14	40.22	90.62	61.03	61.52	32.56	92.7	40.25	27.29	17.72	76.28	67.18	45.97	63.78	40.31	23.71	86.83	44.64	81.99	66.12	39.05	84.15	56.46	93.3	31.11	46.49	22.85	16.28	71.87	45.88	17.0	52.09	48.84	38.47	57.71	57.28	47.27	84.48	30.23	76.03	79.08	34.66	53.76	102.16	30.46	57.69	72.37
29	44.28	77.94	70.09	75.96	55.97	39.82	79.06	32.2	59.14	16.76	77.28	43.42	26.57	16.76	27.66	51.97	65.31	20.25	64.13	105.42	4.12	69.26	24.21	30.81	43.01	69.86	17.49	18.79	32.45	0.0	64.2	34.67	49.66	20.22	60.21	66.37	32.98	30.53	25.24	67.74	9.0	15.23	22.02	47.76	80.41	15.81	75.24	10.2	48.51	69.63	46.32	54.82	57.14	35.81	73.35	59.64	97.31	49.16	17.26	10.82	39.62	72.18	71.18	35.13	41.62	75.54	61.0	42.95	71.47	75.13	63.07	12.21	83.53	61.61	52.35	67.36	77.1	18.03	66.19	67.01
30	22.83	14.56	44.69	45.34	21.1	70.11	26.68	38.33	51.08	78.49	35.36	29.41	44.27	78.49	58.25	62.17	45.49	60.46	52.39	42.01	65.95	40.36	68.96	72.01	52.15	57.57	60.0	81.34	61.85	64.2	0.0	33.53	60.3	47.51	35.17	63.98	59.41	68.25	39.05	67.12	71.56	49.58	49.41	67.27	26.0	60.93	20.12	73.5	46.1	46.23	18.44	66.49	21.93	28.43	33.02	5.39	33.24	35.06	79.92	65.8	47.54	10.2	48.33	44.94	27.46	53.67	40.26	33.0	24.04	56.86	53.67	52.01	20.62	42.54	33.02	22.2	73.93	46.23	12.04	17.2
31	23.26	48.08	39.05	44.05	35.74	38.47	44.41	5.0	33.54	51.0	58.94	29.21	10.77	51.0	25.08	36.4	35.51	40.05	60.14	72.2	37.59	37.05	35.44	54.01	24.41	66.53	38.21	53.34	47.68	34.67	33.53	0.0	56.36	26.02	47.51	45.22	27.17	35.13	15.13	47.8	40.31	23.54	30.15	38.48	56.0	27.78	50.01	42.45	46.23	39.2	20.4	40.8	22.47	12.81	39.22	30.41	65.0	39.05	48.17	40.16	41.18	39.45	62.13	35.78	7.07	67.68	51.04	10.05	49.5	69.2	37.58	23.77	54.12	31.4	40.22	45.71	56.86	19.42	40.01	32.56
32	40.31	67.05	93.3	97.02	39.81	85.04	86.0	58.83	89.89	50.25	46.75	32.14	58.41	50.25	70.04	90.6	90.82	29.73	20.12	98.35	47.17	90.25	72.11	27.29	78.82	23.54	32.31	53.15	18.25	49.66	60.3	56.36	0.0	34.66	30.02	101.36	74.95	77.01	42.44	103.77	57.94	41.11	30.48	89.87	58.31	61.61	56.36	58.19	14.32	93.92	46.39	94.64	70.41	44.94	87.97	55.15	88.26	25.32	64.56	40.8	15.23	70.46	30.53	20.59	58.87	32.31	26.4	65.8	48.76	30.08	93.91	44.82	70.01	86.73	27.89	46.1	113.02	43.14	52.89	74.11
33	25.61	60.21	65.07	70.01	36.25	50.45	66.85	26.68	58.24	31.4	57.07	23.41	24.6	31.4	35.38	56.6	61.4	14.32	45.54	89.5	20.25	63.01	38.48	28.07	45.18	51.62	13.0	34.41	22.14	20.22	47.51	26.02	34.66	0.0	40.05	68.54	40.31	42.72	11.05	70.68	29.15	6.71	4.47	55.32	60.84	27.73	55.95	30.41	29.73	65.19	29.07	60.46	46.32	20.12	64.13	42.45	80.66	29.02	37.48	18.44	21.47	56.61	51.62	16.16	31.26	56.29	41.11	36.06	51.62	56.32	62.36	10.77	65.44	57.31	32.14	47.54	80.11	8.6	47.43	54.23
34	24.41	38.33	76.28	78.39	14.76	84.5	61.85	51.88	77.79	68.31	18.36	18.97	54.78	68.31	69.57	83.76	75.43	45.88	17.26	69.12	59.68	72.4	76.3	51.61	71.87	22.47	47.13	71.47	40.22	60.21	35.17	47.51	30.02	40.05	0.0	90.61	73.16	78.85	40.02	93.51	69.18	46.01	38.47	85.88	28.3	65.76	26.57	70.35	16.97	77.42	29.0	88.2	51.87	34.89	67.12	31.02	58.94	11.05	77.41	55.79	24.19	44.55	14.87	26.25	46.23	20.52	5.1	54.04	18.79	22.8	81.32	50.04	40.52	71.7	8.06	16.49	101.83	45.28	25.02	51.62
35	66.47	75.58	24.08	28.86	76.84	33.24	52.01	42.54	13.04	82.02	97.94	73.66	44.01	82.02	39.01	15.3	20.1	80.65	104.8	84.21	70.46	28.0	47.68	94.37	23.77	111.13	78.16	83.01	90.62	66.37	63.98	45.22	101.36	68.54	90.61	0.0	34.01	41.0	59.06	3.16	66.03	63.57	73.01	22.85	89.96	51.04	84.1	68.07	91.4	22.09	61.62	14.76	42.05	57.63	39.0	64.5	82.1	83.55	69.72	76.12	86.28	62.36	105.48	80.78	44.55	111.13	94.76	36.8	86.95	113.15	10.44	61.4	81.04	21.84	84.15	84.06	11.66	60.17	75.18	49.73
36	49.73	73.82	43.83	50.22	62.59	11.4	62.43	22.2	29.55	48.09	85.91	54.23	18.38	48.09	5.39	19.1	38.28	49.74	83.53	93.94	37.11	44.69	14.76	62.65	13.04	89.89	47.01	49.0	61.03	32.98	59.41	27.17	74.95	40.31	73.16	34.01	0.0	10.0	34.13	35.06	32.02	34.06	44.6	15.26	83.05	17.26	77.03	34.06	68.24	42.72	47.52	21.84	42.15	38.6	52.5	57.04	88.26	63.51	36.14	43.32	61.07	63.32	87.24	55.44	32.06	92.57	76.06	26.93	76.66	93.54	32.89	30.81	79.91	35.61	65.39	72.84	44.28	31.83	67.03	53.31
37	56.44	82.76	53.41	59.82	69.46	9.49	72.4	30.15	38.59	43.42	92.78	59.91	25.02	43.42	10.05	25.71	47.8	49.58	87.66	103.75	34.48	54.49	7.07	61.29	22.67	93.91	46.75	43.74	61.52	30.53	68.25	35.13	77.01	42.72	78.85	41.0	10.0	0.0	38.9	41.44	26.93	36.06	46.62	19.0	91.05	15.56	85.09	28.64	72.01	52.2	55.01	27.07	51.89	45.28	62.48	65.49	97.86	68.62	29.02	41.34	64.14	72.73	92.36	58.67	40.79	97.5	81.27	36.4	84.1	98.09	41.59	32.2	88.84	45.34	70.88	80.16	50.09	34.89	75.11	63.07
38	19.65	52.7	54.15	59.0	32.25	45.18	56.36	16.55	48.1	39.7	55.0	21.21	16.28	39.7	29.97	48.27	50.64	25.32	49.4	80.62	26.91	52.0	36.35	39.12	36.4	55.76	23.77	42.45	32.56	25.24	39.05	15.13	42.44	11.05	40.02	59.06	34.13	38.9	0.0	61.4	33.11	10.63	15.03	48.27	56.04	26.02	50.6	34.89	34.21	54.33	21.1	52.4	35.44	10.63	53.15	34.41	72.25	29.73	41.63	27.46	27.66	47.42	53.49	22.02	20.22	58.69	42.38	25.18	47.68	59.48	52.2	13.04	58.31	46.53	32.02	43.57	70.71	7.21	41.23	43.83
39	69.31	78.75	27.02	31.58	79.81	33.24	55.04	44.94	16.12	83.15	101.02	76.42	46.1	83.15	40.2	16.0	23.19	82.54	107.56	87.14	71.85	31.02	48.26	96.17	25.63	113.9	80.01	84.02	92.7	67.74	67.12	47.8	103.77	70.68	93.51	3.16	35.06	41.44	61.4	0.0	67.01	65.55	75.15	22.8	93.11	52.24	87.24	69.0	94.02	25.02	64.54	14.56	45.19	60.31	42.01	67.6	85.15	86.31	70.35	77.67	88.75	65.52	108.37	83.22	47.38	114.02	97.62	39.6	90.05	116.0	13.6	63.25	84.2	25.0	86.98	87.13	9.49	62.24	78.29	52.89
40	52.55	85.59	72.8	78.92	64.56	36.4	84.5	37.01	60.42	16.49	86.15	52.17	30.81	16.49	27.17	51.01	67.68	28.23	72.99	112.16	10.77	72.5	19.92	36.8	43.74	78.64	25.63	17.03	40.25	9.0	71.56	40.31	57.94	29.15	69.18	66.03	32.02	26.93	33.11	67.01	0.0	23.77	31.02	45.54	88.87	15.52	83.57	2.24	57.43	72.11	54.12	53.24	62.48	43.42	77.7	67.23	104.4	58.14	8.54	17.49	48.51	79.03	80.16	44.1	47.38	84.48	70.0	47.43	80.08	84.01	64.13	20.25	91.3	64.26	61.29	75.96	76.11	26.0	74.32	72.86
41	29.07	63.01	62.07	67.36	40.8	43.93	66.65	23.0	53.94	29.07	62.51	28.44	19.65	29.07	29.0	51.0	58.01	17.26	52.2	91.24	16.4	60.41	31.78	31.26	39.92	58.31	15.03	31.83	27.29	15.23	49.58	23.54	41.11	6.71	46.01	63.57	34.06	36.06	10.63	65.55	23.77	0.0	10.63	49.2	65.19	21.02	60.01	25.3	36.4	62.01	31.4	54.71	45.31	21.21	62.64	44.82	82.81	35.06	32.28	17.0	28.18	58.05	58.05	22.85	29.73	62.82	47.38	33.24	56.32	62.94	58.05	4.12	68.51	54.0	38.0	52.2	75.03	4.12	51.0	54.2
42	26.91	61.52	69.18	74.01	36.36	54.56	69.89	31.05	62.64	30.89	56.04	23.32	29.07	30.89	39.6	61.06	65.62	11.18	42.45	91.4	21.21	67.01	42.06	24.33	49.65	48.38	10.63	34.0	17.72	22.02	49.41	30.15	30.48	4.47	38.47	73.01	44.6	46.62	15.03	75.15	31.02	10.63	0.0	59.67	60.9	31.38	56.3	32.02	26.68	69.35	31.06	64.9	49.82	23.09	67.74	44.2	82.33	27.46	39.05	17.89	18.03	58.83	49.16	13.15	35.06	53.6	39.01	40.2	51.43	53.37	66.76	14.42	66.53	61.52	30.81	47.41	84.58	13.04	48.27	57.25
43	61.74	81.02	40.22	46.4	74.09	10.44	64.2	34.0	24.41	61.98	97.08	67.23	32.02	61.98	20.59	8.49	34.67	65.0	97.42	96.84	51.87	42.54	26.02	77.82	15.13	103.81	62.27	62.51	76.28	47.76	67.27	38.48	89.87	55.32	85.88	22.85	15.26	19.0	48.27	22.8	45.54	49.2	59.67	0.0	92.4	31.95	86.31	47.38	82.46	38.6	58.52	8.25	47.1	51.0	52.39	65.92	92.57	76.85	48.01	58.31	75.69	69.12	100.34	70.04	41.48	105.82	89.19	34.53	87.09	107.07	26.17	46.04	87.01	33.54	78.39	83.52	31.14	46.75	76.49	57.56
44	36.4	17.2	69.89	69.66	24.6	94.19	46.86	61.0	77.08	91.79	15.03	37.59	66.12	91.79	81.02	87.8	71.2	70.46	42.72	43.05	81.02	65.46	90.55	78.52	77.28	45.54	71.02	94.89	67.18	80.41	26.0	56.0	58.31	60.84	28.3	89.96	83.05	91.05	56.04	93.11	88.87	65.19	60.9	92.4	0.0	81.22	6.08	90.48	45.0	71.56	36.22	92.18	47.93	46.69	56.73	26.48	33.0	36.07	97.41	78.77	50.91	29.73	34.23	51.22	51.24	38.0	32.2	57.87	9.9	42.01	79.62	68.62	15.52	68.43	32.53	13.6	99.76	62.94	16.03	41.62
45	45.18	75.39	57.38	63.56	58.08	24.41	70.71	23.6	44.91	31.0	81.01	47.17	17.2	31.0	12.04	36.35	52.2	34.06	73.16	99.86	19.92	57.25	10.77	46.14	28.28	79.31	31.24	32.14	45.97	15.81	60.93	27.78	61.61	27.73	65.76	51.04	17.26	15.56	26.02	52.24	15.52	21.02	31.38	31.95	81.22	0.0	75.5	17.72	57.38	56.65	45.12	39.05	48.84	34.53	63.01	57.25	92.78	55.11	21.63	26.4	49.19	67.23	78.59	43.86	34.67	83.52	67.68	33.24	73.33	83.82	48.66	17.0	81.34	48.85	57.71	69.26	61.52	20.62	65.73	59.67
46	31.02	13.6	64.4	64.44	20.0	88.14	42.44	55.01	71.18	87.13	17.46	33.02	60.21	87.13	75.06	81.74	65.51	66.22	42.43	42.76	76.03	60.0	84.72	75.01	71.2	46.01	66.61	90.21	63.78	75.24	20.12	50.01	56.36	55.95	26.57	84.1	77.03	85.09	50.6	87.24	83.57	60.01	56.3	86.31	6.08	75.5	0.0	85.23	42.54	66.03	30.41	86.13	42.05	41.0	51.62	20.4	32.56	32.8	92.11	74.09	47.63	24.84	35.06	47.38	45.18	39.46	31.05	51.79	8.06	43.29	73.79	63.32	14.14	62.65	29.41	10.3	94.02	57.58	10.0	36.24
47	54.23	87.46	75.03	81.15	66.1	38.08	86.68	39.2	62.59	14.87	87.48	53.6	33.02	14.87	29.27	53.0	69.89	28.46	73.68	114.21	11.18	74.73	21.59	36.24	45.89	79.25	25.96	15.13	40.31	10.2	73.5	42.45	58.19	30.41	70.35	68.07	34.06	28.64	34.89	69.0	2.24	25.3	32.02	47.38	90.48	17.72	85.23	0.0	58.22	74.33	55.95	55.15	64.66	45.28	79.92	69.12	106.4	59.3	7.07	17.46	49.25	81.06	81.06	45.01	49.52	85.29	71.03	49.65	81.61	84.72	66.29	21.93	93.15	66.48	62.51	77.49	78.06	27.73	76.06	75.01
48	27.2	52.81	81.15	84.43	25.5	79.08	72.06	49.52	79.32	53.76	35.0	18.97	50.45	53.76	63.81	82.02	79.16	31.26	15.81	84.15	47.1	77.83	68.15	34.99	70.01	21.93	33.06	56.89	23.71	48.51	46.1	46.23	14.32	29.73	16.97	91.4	68.24	72.01	34.21	94.02	57.43	36.4	26.68	82.46	45.0	57.38	42.54	58.22	0.0	81.94	33.24	86.28	57.57	33.84	74.73	41.01	74.09	11.05	65.12	42.05	9.0	56.22	23.09	13.6	47.51	27.07	14.76	54.92	35.23	26.68	83.22	40.5	55.95	75.13	13.6	32.25	103.0	37.12	38.6	60.41
49	55.01	55.9	2.0	7.81	62.8	47.38	30.15	39.01	14.21	86.35	81.47	63.07	43.42	86.35	46.07	30.23	4.47	79.03	93.3	62.13	73.35	6.32	57.45	93.05	29.68	99.32	77.0	88.06	86.83	69.63	46.23	39.2	93.92	65.19	77.42	22.09	42.72	52.2	54.33	25.02	72.11	62.01	69.35	38.6	71.56	56.65	66.03	74.33	81.94	0.0	49.24	32.65	25.61	49.04	17.12	48.08	60.3	72.47	77.88	77.52	78.75	42.49	92.01	73.76	35.17	97.62	82.1	29.15	70.18	100.21	13.0	61.2	60.93	8.06	72.2	67.9	29.12	58.0	58.14	30.02
50	6.08	31.62	48.3	51.26	15.65	58.86	40.45	25.32	48.8	60.14	38.6	14.32	30.0	60.14	45.04	55.47	46.87	42.19	44.1	60.44	47.8	44.78	54.33	54.23	43.86	50.22	41.62	63.03	44.64	46.32	18.44	20.4	46.39	29.07	29.0	61.62	47.52	55.01	21.1	64.54	54.12	31.4	31.06	58.52	36.22	45.12	30.41	55.95	33.24	49.24	0.0	59.94	24.35	10.77	41.59	13.45	51.62	23.26	62.61	47.38	32.0	27.78	43.86	28.28	17.49	49.52	33.3	25.24	29.15	51.66	52.35	34.13	37.22	43.01	23.02	25.32	72.84	28.3	20.62	28.07
51	63.81	79.63	34.44	40.31	75.59	18.68	60.21	36.88	18.97	69.58	98.09	70.0	36.24	69.58	27.2	4.47	29.15	71.11	100.77	92.96	58.94	37.34	34.01	84.31	16.4	107.17	68.45	70.26	81.99	54.82	66.49	40.8	94.64	60.46	88.2	14.76	21.84	27.07	52.4	14.56	53.24	54.71	64.9	8.25	92.18	39.05	86.13	55.15	86.28	32.65	59.94	0.0	45.28	53.6	47.8	65.8	89.45	79.81	56.08	65.15	80.06	67.12	102.9	74.41	42.49	108.47	91.84	34.93	87.66	110.0	19.72	51.88	85.48	28.86	81.02	84.31	23.02	51.87	76.54	55.0
52	30.36	34.37	24.41	26.93	37.2	51.66	22.02	25.5	29.15	73.43	56.4	38.6	31.83	73.43	42.54	41.11	24.08	60.64	68.0	51.88	60.03	20.59	54.38	74.15	32.39	73.93	59.2	75.8	66.12	57.14	21.93	22.47	70.41	46.32	51.87	42.05	42.15	51.89	35.44	45.19	62.48	45.31	49.82	47.1	47.93	48.84	42.05	64.66	57.57	25.61	24.35	45.28	0.0	27.07	18.03	22.8	46.17	47.54	70.04	62.24	55.58	22.02	66.4	51.16	15.65	72.01	56.6	15.81	45.22	74.63	31.76	46.07	40.2	20.81	46.96	42.64	52.15	41.23	33.29	11.18
53	11.18	42.19	48.51	52.61	24.19	50.0	46.82	17.0	45.49	50.25	47.52	16.4	20.4	50.25	35.51	49.2	45.88	34.18	47.38	70.04	37.54	45.71	44.05	47.3	37.2	53.76	33.11	53.04	39.05	35.81	28.43	12.81	44.94	20.12	34.89	57.63	38.6	45.28	10.63	60.31	43.42	21.21	23.09	51.0	46.69	34.53	41.0	45.28	33.84	49.04	10.77	53.6	27.07	0.0	45.1	23.85	61.62	26.25	51.88	37.8	29.73	36.88	49.4	24.74	13.93	54.92	38.28	21.1	39.01	56.4	49.4	23.6	47.89	41.79	27.46	35.0	69.2	17.8	31.32	34.18
54	47.68	40.22	15.13	13.04	52.39	59.68	13.04	41.15	28.86	89.96	68.12	55.9	47.01	89.96	54.45	44.6	19.1	78.45	83.93	45.4	76.56	11.0	66.47	92.07	40.22	89.55	76.9	92.14	84.15	73.35	33.02	39.22	87.97	64.13	67.12	39.0	52.5	62.48	53.15	42.01	77.7	62.64	67.74	52.39	56.73	63.01	51.62	79.92	74.73	17.12	41.59	47.8	18.03	45.1	0.0	36.24	43.19	64.29	84.63	79.38	73.33	27.02	81.01	69.07	32.98	86.45	72.09	30.41	56.85	89.47	29.15	62.97	44.78	18.97	63.25	55.22	46.1	58.52	45.0	15.81
55	17.49	18.36	46.69	48.01	16.49	68.01	31.26	35.36	51.48	73.59	33.6	24.04	41.0	73.59	55.44	61.4	46.86	55.22	48.08	47.2	61.22	42.52	65.73	66.65	50.8	53.49	54.82	76.49	56.46	59.64	5.39	30.41	55.15	42.45	31.02	64.5	57.04	65.49	34.41	67.6	67.23	44.82	44.2	65.92	26.48	57.25	20.4	69.12	41.01	48.08	13.45	65.8	22.8	23.85	36.24	0.0	38.21	30.0	75.66	60.81	42.2	15.52	44.78	39.56	25.0	50.25	36.06	31.4	22.47	53.24	54.38	47.43	24.17	43.6	28.16	19.85	74.89	41.62	10.77	20.62
56	55.44	21.47	58.31	55.11	49.19	97.8	30.15	69.35	71.06	111.73	48.01	60.75	75.66	111.73	88.24	85.71	62.03	93.24	74.97	10.2	99.16	54.15	99.74	104.01	78.34	78.31	92.96	114.59	93.3	97.31	33.24	65.0	88.26	80.66	58.94	82.1	88.26	97.86	72.25	85.15	104.4	82.81	82.33	92.57	33.0	92.78	32.56	106.4	74.09	60.3	51.62	89.45	46.17	61.62	43.19	38.21	0.0	63.56	112.65	99.01	77.83	25.55	67.12	76.32	58.18	71.0	63.56	61.47	40.61	75.01	72.01	85.15	18.44	61.03	60.54	42.45	89.11	79.4	35.78	35.17
57	17.49	42.15	71.55	74.46	14.56	74.73	61.13	43.01	71.06	57.58	28.79	9.9	45.18	57.58	59.62	75.43	69.97	35.34	21.26	73.54	48.66	68.03	65.73	42.45	63.41	27.59	36.4	60.75	31.11	49.16	35.06	39.05	25.32	29.02	11.05	83.55	63.51	68.62	29.73	86.31	58.14	35.06	27.46	76.85	36.07	55.11	32.8	59.3	11.05	72.47	23.26	79.81	47.54	26.25	64.29	30.0	63.56	0.0	66.37	44.92	14.87	45.18	23.77	15.65	39.05	29.07	12.65	46.75	26.17	30.23	74.81	39.12	45.65	66.04	3.61	22.67	95.02	34.53	27.86	49.65
