set K:= 1	2	3	4	5	6	7	8;
set C_H:= 1	2	3	4	5	6	7	8	9	10	11	12	13	14	15	16	17	18	19	20	21;
set C_S:= 22	23	24	25	26	27	28	29	30	31	32	33	34	35	36	37	38	39	40	41;
set C_F:= 42	43	44	45	46	47	48	49	50	51	52	53	54	55	56	57	58	59	60	61;
set M:= 0	1;
set L_B:= 2	3	4	5	68	69	70	71	72	73	74	75;
set A1:=
(0,*) 1 2 3 4 5 6 7 8 9 10 11 12 13 14 15 16 17 18 19 20 21 42 43 44 45 46 47 48 49 50 51 52 53 54 55 56 57 58 59 60 61 1 2 3 4 5 68 69 70 71 72 73 74 75
(1,*) 0 2 3 4 5 6 7 8 9 10 11 12 13 14 15 16 17 18 19 20 21 42 43 44 45 46 47 48 49 50 51 52 53 54 55 56 57 58 59 60 61 0 2 3 4 5 68 69 70 71 72 73 74 75
(2,*) 0 1 3 4 5 6 7 8 9 10 11 12 13 14 15 16 17 18 19 20 21 42 43 44 45 46 47 48 49 50 51 52 53 54 55 56 57 58 59 60 61 0 1 3 4 5 68 69 70 71 72 73 74 75
(3,*) 0 1 2 4 5 6 7 8 9 10 11 12 13 14 15 16 17 18 19 20 21 42 43 44 45 46 47 48 49 50 51 52 53 54 55 56 57 58 59 60 61 0 1 2 4 5 68 69 70 71 72 73 74 75
(4,*) 0 1 2 3 5 6 7 8 9 10 11 12 13 14 15 16 17 18 19 20 21 42 43 44 45 46 47 48 49 50 51 52 53 54 55 56 57 58 59 60 61 0 1 2 3 5 68 69 70 71 72 73 74 75
(5,*) 0 1 2 3 4 6 7 8 9 10 11 12 13 14 15 16 17 18 19 20 21 42 43 44 45 46 47 48 49 50 51 52 53 54 55 56 57 58 59 60 61 0 1 2 3 4 68 69 70 71 72 73 74 75
(6,*) 0 1 2 3 4 5 7 8 9 10 11 12 13 14 15 16 17 18 19 20 21 42 43 44 45 46 47 48 49 50 51 52 53 54 55 56 57 58 59 60 61 0 1 2 3 4 5 68 69 70 71 72 73 74 75
(7,*) 0 1 2 3 4 5 6 8 9 10 11 12 13 14 15 16 17 18 19 20 21 42 43 44 45 46 47 48 49 50 51 52 53 54 55 56 57 58 59 60 61 0 1 2 3 4 5 68 69 70 71 72 73 74 75
(8,*) 0 1 2 3 4 5 6 7 9 10 11 12 13 14 15 16 17 18 19 20 21 42 43 44 45 46 47 48 49 50 51 52 53 54 55 56 57 58 59 60 61 0 1 2 3 4 5 68 69 70 71 72 73 74 75
(9,*) 0 1 2 3 4 5 6 7 8 10 11 12 13 14 15 16 17 18 19 20 21 42 43 44 45 46 47 48 49 50 51 52 53 54 55 56 57 58 59 60 61 0 1 2 3 4 5 68 69 70 71 72 73 74 75
(10,*) 0 1 2 3 4 5 6 7 8 9 11 12 13 14 15 16 17 18 19 20 21 42 43 44 45 46 47 48 49 50 51 52 53 54 55 56 57 58 59 60 61 0 1 2 3 4 5 68 69 70 71 72 73 74 75
(11,*) 0 1 2 3 4 5 6 7 8 9 10 12 13 14 15 16 17 18 19 20 21 42 43 44 45 46 47 48 49 50 51 52 53 54 55 56 57 58 59 60 61 0 1 2 3 4 5 68 69 70 71 72 73 74 75
(12,*) 0 1 2 3 4 5 6 7 8 9 10 11 13 14 15 16 17 18 19 20 21 42 43 44 45 46 47 48 49 50 51 52 53 54 55 56 57 58 59 60 61 0 1 2 3 4 5 68 69 70 71 72 73 74 75
(13,*) 0 1 2 3 4 5 6 7 8 9 10 11 12 14 15 16 17 18 19 20 21 42 43 44 45 46 47 48 49 50 51 52 53 54 55 56 57 58 59 60 61 0 1 2 3 4 5 68 69 70 71 72 73 74 75
(14,*) 0 1 2 3 4 5 6 7 8 9 10 11 12 13 15 16 17 18 19 20 21 42 43 44 45 46 47 48 49 50 51 52 53 54 55 56 57 58 59 60 61 0 1 2 3 4 5 68 69 70 71 72 73 74 75
(15,*) 0 1 2 3 4 5 6 7 8 9 10 11 12 13 14 16 17 18 19 20 21 42 43 44 45 46 47 48 49 50 51 52 53 54 55 56 57 58 59 60 61 0 1 2 3 4 5 68 69 70 71 72 73 74 75
(16,*) 0 1 2 3 4 5 6 7 8 9 10 11 12 13 14 15 17 18 19 20 21 42 43 44 45 46 47 48 49 50 51 52 53 54 55 56 57 58 59 60 61 0 1 2 3 4 5 68 69 70 71 72 73 74 75
(17,*) 0 1 2 3 4 5 6 7 8 9 10 11 12 13 14 15 16 18 19 20 21 42 43 44 45 46 47 48 49 50 51 52 53 54 55 56 57 58 59 60 61 0 1 2 3 4 5 68 69 70 71 72 73 74 75
(18,*) 0 1 2 3 4 5 6 7 8 9 10 11 12 13 14 15 16 17 19 20 21 42 43 44 45 46 47 48 49 50 51 52 53 54 55 56 57 58 59 60 61 0 1 2 3 4 5 68 69 70 71 72 73 74 75
(19,*) 0 1 2 3 4 5 6 7 8 9 10 11 12 13 14 15 16 17 18 20 21 42 43 44 45 46 47 48 49 50 51 52 53 54 55 56 57 58 59 60 61 0 1 2 3 4 5 68 69 70 71 72 73 74 75
(20,*) 0 1 2 3 4 5 6 7 8 9 10 11 12 13 14 15 16 17 18 19 21 42 43 44 45 46 47 48 49 50 51 52 53 54 55 56 57 58 59 60 61 0 1 2 3 4 5 68 69 70 71 72 73 74 75
(21,*) 0 1 2 3 4 5 6 7 8 9 10 11 12 13 14 15 16 17 18 19 20 42 43 44 45 46 47 48 49 50 51 52 53 54 55 56 57 58 59 60 61 0 1 2 3 4 5 68 69 70 71 72 73 74 75
(42,*) 0 1 2 3 4 5 6 7 8 9 10 11 12 13 14 15 16 17 18 19 20 21 43 44 45 46 47 48 49 50 51 52 53 54 55 56 57 58 59 60 61 0 1 2 3 4 5 68 69 70 71 72 73 74 75
(43,*) 0 1 2 3 4 5 6 7 8 9 10 11 12 13 14 15 16 17 18 19 20 21 42 44 45 46 47 48 49 50 51 52 53 54 55 56 57 58 59 60 61 0 1 2 3 4 5 68 69 70 71 72 73 74 75
(44,*) 0 1 2 3 4 5 6 7 8 9 10 11 12 13 14 15 16 17 18 19 20 21 42 43 45 46 47 48 49 50 51 52 53 54 55 56 57 58 59 60 61 0 1 2 3 4 5 68 69 70 71 72 73 74 75
(45,*) 0 1 2 3 4 5 6 7 8 9 10 11 12 13 14 15 16 17 18 19 20 21 42 43 44 46 47 48 49 50 51 52 53 54 55 56 57 58 59 60 61 0 1 2 3 4 5 68 69 70 71 72 73 74 75
(46,*) 0 1 2 3 4 5 6 7 8 9 10 11 12 13 14 15 16 17 18 19 20 21 42 43 44 45 47 48 49 50 51 52 53 54 55 56 57 58 59 60 61 0 1 2 3 4 5 68 69 70 71 72 73 74 75
(47,*) 0 1 2 3 4 5 6 7 8 9 10 11 12 13 14 15 16 17 18 19 20 21 42 43 44 45 46 48 49 50 51 52 53 54 55 56 57 58 59 60 61 0 1 2 3 4 5 68 69 70 71 72 73 74 75
(48,*) 0 1 2 3 4 5 6 7 8 9 10 11 12 13 14 15 16 17 18 19 20 21 42 43 44 45 46 47 49 50 51 52 53 54 55 56 57 58 59 60 61 0 1 2 3 4 5 68 69 70 71 72 73 74 75
(49,*) 0 1 2 3 4 5 6 7 8 9 10 11 12 13 14 15 16 17 18 19 20 21 42 43 44 45 46 47 48 50 51 52 53 54 55 56 57 58 59 60 61 0 1 2 3 4 5 68 69 70 71 72 73 74 75
(50,*) 0 1 2 3 4 5 6 7 8 9 10 11 12 13 14 15 16 17 18 19 20 21 42 43 44 45 46 47 48 49 51 52 53 54 55 56 57 58 59 60 61 0 1 2 3 4 5 68 69 70 71 72 73 74 75
(51,*) 0 1 2 3 4 5 6 7 8 9 10 11 12 13 14 15 16 17 18 19 20 21 42 43 44 45 46 47 48 49 50 52 53 54 55 56 57 58 59 60 61 0 1 2 3 4 5 68 69 70 71 72 73 74 75
(52,*) 0 1 2 3 4 5 6 7 8 9 10 11 12 13 14 15 16 17 18 19 20 21 42 43 44 45 46 47 48 49 50 51 53 54 55 56 57 58 59 60 61 0 1 2 3 4 5 68 69 70 71 72 73 74 75
(53,*) 0 1 2 3 4 5 6 7 8 9 10 11 12 13 14 15 16 17 18 19 20 21 42 43 44 45 46 47 48 49 50 51 52 54 55 56 57 58 59 60 61 0 1 2 3 4 5 68 69 70 71 72 73 74 75
(54,*) 0 1 2 3 4 5 6 7 8 9 10 11 12 13 14 15 16 17 18 19 20 21 42 43 44 45 46 47 48 49 50 51 52 53 55 56 57 58 59 60 61 0 1 2 3 4 5 68 69 70 71 72 73 74 75
(55,*) 0 1 2 3 4 5 6 7 8 9 10 11 12 13 14 15 16 17 18 19 20 21 42 43 44 45 46 47 48 49 50 51 52 53 54 56 57 58 59 60 61 0 1 2 3 4 5 68 69 70 71 72 73 74 75
(56,*) 0 1 2 3 4 5 6 7 8 9 10 11 12 13 14 15 16 17 18 19 20 21 42 43 44 45 46 47 48 49 50 51 52 53 54 55 57 58 59 60 61 0 1 2 3 4 5 68 69 70 71 72 73 74 75
(57,*) 0 1 2 3 4 5 6 7 8 9 10 11 12 13 14 15 16 17 18 19 20 21 42 43 44 45 46 47 48 49 50 51 52 53 54 55 56 58 59 60 61 0 1 2 3 4 5 68 69 70 71 72 73 74 75
(58,*) 0 1 2 3 4 5 6 7 8 9 10 11 12 13 14 15 16 17 18 19 20 21 42 43 44 45 46 47 48 49 50 51 52 53 54 55 56 57 59 60 61 0 1 2 3 4 5 68 69 70 71 72 73 74 75
(59,*) 0 1 2 3 4 5 6 7 8 9 10 11 12 13 14 15 16 17 18 19 20 21 42 43 44 45 46 47 48 49 50 51 52 53 54 55 56 57 58 60 61 0 1 2 3 4 5 68 69 70 71 72 73 74 75
(60,*) 0 1 2 3 4 5 6 7 8 9 10 11 12 13 14 15 16 17 18 19 20 21 42 43 44 45 46 47 48 49 50 51 52 53 54 55 56 57 58 59 61 0 1 2 3 4 5 68 69 70 71 72 73 74 75
(61,*) 0 1 2 3 4 5 6 7 8 9 10 11 12 13 14 15 16 17 18 19 20 21 42 43 44 45 46 47 48 49 50 51 52 53 54 55 56 57 58 59 60 0 1 2 3 4 5 68 69 70 71 72 73 74 75
(0,*) 1 2 3 4 5 6 7 8 9 10 11 12 13 14 15 16 17 18 19 20 21 42 43 44 45 46 47 48 49 50 51 52 53 54 55 56 57 58 59 60 61 1 2 3 4 5 68 69 70 71 72 73 74 75
(1,*) 0 2 3 4 5 6 7 8 9 10 11 12 13 14 15 16 17 18 19 20 21 42 43 44 45 46 47 48 49 50 51 52 53 54 55 56 57 58 59 60 61 0 2 3 4 5 68 69 70 71 72 73 74 75
(2,*) 0 1 3 4 5 6 7 8 9 10 11 12 13 14 15 16 17 18 19 20 21 42 43 44 45 46 47 48 49 50 51 52 53 54 55 56 57 58 59 60 61 0 1 3 4 5 68 69 70 71 72 73 74 75
(3,*) 0 1 2 4 5 6 7 8 9 10 11 12 13 14 15 16 17 18 19 20 21 42 43 44 45 46 47 48 49 50 51 52 53 54 55 56 57 58 59 60 61 0 1 2 4 5 68 69 70 71 72 73 74 75
(4,*) 0 1 2 3 5 6 7 8 9 10 11 12 13 14 15 16 17 18 19 20 21 42 43 44 45 46 47 48 49 50 51 52 53 54 55 56 57 58 59 60 61 0 1 2 3 5 68 69 70 71 72 73 74 75
(5,*) 0 1 2 3 4 6 7 8 9 10 11 12 13 14 15 16 17 18 19 20 21 42 43 44 45 46 47 48 49 50 51 52 53 54 55 56 57 58 59 60 61 0 1 2 3 4 68 69 70 71 72 73 74 75
(68,*) 0 1 2 3 4 5 6 7 8 9 10 11 12 13 14 15 16 17 18 19 20 21 42 43 44 45 46 47 48 49 50 51 52 53 54 55 56 57 58 59 60 61 0 1 2 3 4 5 69 70 71 72 73 74 75
(69,*) 0 1 2 3 4 5 6 7 8 9 10 11 12 13 14 15 16 17 18 19 20 21 42 43 44 45 46 47 48 49 50 51 52 53 54 55 56 57 58 59 60 61 0 1 2 3 4 5 68 70 71 72 73 74 75
(70,*) 0 1 2 3 4 5 6 7 8 9 10 11 12 13 14 15 16 17 18 19 20 21 42 43 44 45 46 47 48 49 50 51 52 53 54 55 56 57 58 59 60 61 0 1 2 3 4 5 68 69 71 72 73 74 75
(71,*) 0 1 2 3 4 5 6 7 8 9 10 11 12 13 14 15 16 17 18 19 20 21 42 43 44 45 46 47 48 49 50 51 52 53 54 55 56 57 58 59 60 61 0 1 2 3 4 5 68 69 70 72 73 74 75
(72,*) 0 1 2 3 4 5 6 7 8 9 10 11 12 13 14 15 16 17 18 19 20 21 42 43 44 45 46 47 48 49 50 51 52 53 54 55 56 57 58 59 60 61 0 1 2 3 4 5 68 69 70 71 73 74 75
(73,*) 0 1 2 3 4 5 6 7 8 9 10 11 12 13 14 15 16 17 18 19 20 21 42 43 44 45 46 47 48 49 50 51 52 53 54 55 56 57 58 59 60 61 0 1 2 3 4 5 68 69 70 71 72 74 75
(74,*) 0 1 2 3 4 5 6 7 8 9 10 11 12 13 14 15 16 17 18 19 20 21 42 43 44 45 46 47 48 49 50 51 52 53 54 55 56 57 58 59 60 61 0 1 2 3 4 5 68 69 70 71 72 73 75
(75,*) 0 1 2 3 4 5 6 7 8 9 10 11 12 13 14 15 16 17 18 19 20 21 42 43 44 45 46 47 48 49 50 51 52 53 54 55 56 57 58 59 60 61 0 1 2 3 4 5 68 69 70 71 72 73 74
;
set A2:=
(0,*) 1
(1,*) 0
;
param BigM:=99999;
param n:= 8;
param d:=
1	26
2	9
3	6
4	4
5	7
6	6
7	12
8	2
9	14
10	14
11	4
12	3
13	10
14	9
15	21
16	24
17	19
18	16
19	2
20	16
21	26
22	16
23	7
24	11
25	16
26	1
27	23
28	3
29	20
30	1
31	2
32	12
33	22
34	11
35	2
36	19
37	18
38	26
39	23
40	2
41	23
42	18
43	8
44	4
45	9
46	7
47	2
48	22
49	2
50	9
51	20
52	18
53	16
54	16
55	24
56	12
57	6
58	2
59	21
60	2
61	7
;
param Q:=100;
param w:=
[0,*] 1 0.5
[1,*] 0 0.5
;
param V:=
[0,*] 1 89
[1,*] 0 89
;
param e:
	0	1	2	3	4	5	68	69	70	71	72	73	74	75:=
22	0	0	0	0	0	0	0	0	0	0	0	0	0	0	
23	0	0	0	0	0	0	1	0	0	0	0	0	0	0	
24	0	0	0	0	0	0	0	0	0	0	0	0	0	0	
25	0	0	0	0	0	0	0	0	0	0	0	0	0	0	
26	0	0	0	0	0	0	0	1	0	0	0	0	0	0	
27	0	0	0	0	0	0	1	0	0	0	0	0	0	0	
28	0	0	0	0	0	0	0	0	0	0	0	0	0	0	
29	0	0	0	0	0	0	0	1	0	0	0	0	0	0	
30	0	0	0	0	0	0	0	0	0	0	0	0	0	0	
31	0	0	0	0	0	0	0	1	0	0	0	0	0	0	
32	0	0	0	0	0	0	0	1	0	0	0	0	0	0	
33	0	0	0	0	0	0	0	0	0	0	0	0	0	0	
34	0	0	0	0	0	0	0	0	0	0	0	0	0	0	
35	0	0	0	0	0	0	0	0	0	0	0	0	0	0	
36	0	0	0	0	0	0	0	0	0	0	0	0	0	0	
37	0	0	0	0	0	0	0	0	0	0	0	0	0	0	
38	0	0	0	0	0	0	0	0	0	0	0	0	0	0	
39	0	0	0	0	0	0	0	0	0	0	0	0	0	0	
40	0	0	0	0	0	0	0	1	0	0	0	0	0	0	
41	0	0	0	0	0	0	0	1	0	0	0	0	0	0	
42	0	0	0	0	0	0	0	1	0	0	0	0	0	0	
43	0	0	0	0	0	0	1	0	0	0	0	0	0	0	
44	0	0	0	0	0	0	0	0	0	0	0	0	0	0	
45	0	0	0	0	0	0	1	0	0	0	0	0	0	0	
46	0	0	0	0	0	0	1	0	0	0	0	0	0	0	
47	0	0	0	0	0	0	0	1	0	0	0	0	0	0	
48	0	0	0	0	0	0	0	0	0	0	0	0	0	0	
49	0	0	0	0	0	0	1	0	0	0	0	0	0	0	
50	0	0	0	0	0	0	0	0	0	0	0	0	0	0	
51	0	0	0	0	0	0	0	0	0	0	0	0	0	0	
52	0	0	0	0	0	0	1	0	0	0	0	0	0	0	
53	0	0	0	0	0	0	0	0	0	0	0	0	0	0	
54	0	0	0	0	0	0	0	0	0	0	0	0	0	0	
55	0	0	0	0	0	0	0	1	0	0	0	0	0	0	
56	0	0	0	0	0	0	0	0	0	0	0	0	0	0	
57	0	0	0	0	0	0	0	1	0	0	0	0	0	0	
58	0	0	0	0	0	0	0	0	0	0	0	0	0	0	
59	0	0	0	0	0	0	0	0	0	0	0	0	0	0	
60	0	0	0	0	0	0	1	1	0	0	0	0	0	0	
61	0	0	0	0	0	0	0	0	0	0	0	0	0	0	
;
param p:=
1	3
2	3
3	3
4	3
5	3
6	3
7	3
8	3
;
param G:=
0	82
1	89
2	99
3	86
4	87
5	88
68	94
69	89
70	77
71	96
72	78
73	93
74	93
75	90
;
param s:=
0	0
1	15
2	15
3	15
4	15
5	15
6	15
7	15
8	15
9	15
10	15
11	15
12	15
13	15
14	15
15	15
16	15
17	15
18	15
19	15
20	15
21	15
42	15
43	15
44	15
45	15
46	15
47	15
48	15
49	15
50	15
51	15
52	15
53	15
54	15
55	15
56	15
57	15
58	15
59	15
60	15
61	15
0	10
1	10
2	10
3	10
4	10
5	10
68	10
69	10
70	10
71	10
72	10
73	10
74	10
75	10
;
param t:
	0	1	2	3	4	5	6	7	8	9	10	11	12	13	14	15	16	17	18	19	20	21	22	23	24	25	26	27	28	29	30	31	32	33	34	35	36	37	38	39	40	41	42	43	44	45	46	47	48	49	50	51	52	53	54	55	56	57	58	59	60	61	62	63	64	65	66	67	68	69	70	71	72	73	74	75:=
0	0.0	66.13	47.27	29.12	101.98	13.89	66.12	102.0	2.0	43.91	55.46	37.74	98.98	51.97	70.18	64.9	83.41	83.01	18.11	75.03	67.21	99.81	85.48	51.48	52.35	24.08	38.63	37.01	52.8	39.12	95.34	52.39	102.16	85.44	75.61	56.44	26.68	40.52	43.28	81.01	25.0	31.02	46.75	94.89	9.43	73.76	80.4	40.31	3.16	59.03	53.08	93.98	91.27	95.52	50.7	28.44	94.89	25.08	74.09	72.8	52.24	39.2	97.86	44.72	74.63	40.22	85.0	77.82	79.1	30.41	39.81	83.22	77.62	32.56	69.58	43.01
1	66.13	0.0	90.27	37.16	73.41	58.31	19.42	37.54	64.26	72.95	12.04	30.15	32.98	42.19	24.7	15.26	28.28	30.41	76.01	8.94	70.21	70.26	22.2	19.42	66.31	76.22	27.51	64.54	14.04	29.07	30.07	48.02	36.24	25.08	49.82	30.59	56.08	53.45	58.67	18.36	41.23	38.01	33.24	33.53	64.88	9.49	23.43	28.43	62.97	25.18	67.23	61.74	41.73	32.8	82.15	38.47	72.12	52.0	50.49	49.37	20.59	66.03	65.74	45.31	17.03	68.24	21.4	57.56	25.5	40.05	74.2	54.41	25.02	58.9	15.65	27.07
2	47.27	90.27	0.0	59.62	87.05	40.61	79.51	127.48	47.1	19.24	84.06	72.24	118.34	94.37	104.66	96.38	115.43	91.59	29.83	98.49	44.01	86.21	112.45	70.94	32.28	23.19	68.43	84.21	81.3	73.54	112.93	96.34	124.46	114.62	69.26	64.82	73.01	86.21	33.84	108.41	57.25	54.59	86.02	107.34	39.0	94.05	93.01	62.68	48.04	70.29	32.02	84.17	94.85	123.07	14.0	56.86	78.01	70.18	67.05	66.41	70.09	24.84	86.7	88.28	104.56	22.8	111.66	66.29	89.87	70.09	16.28	75.19	110.28	31.4	85.04	78.0
3	29.12	37.16	59.62	0.0	82.46	21.93	38.21	73.78	27.2	46.39	27.2	12.65	69.89	37.05	45.49	38.21	57.38	55.44	39.7	46.1	57.94	79.81	57.43	23.02	46.69	41.23	10.0	41.01	24.41	13.93	66.22	40.61	73.35	58.14	54.82	31.76	28.43	35.36	36.35	53.01	4.12	7.62	27.17	66.19	28.02	44.64	52.0	12.37	25.96	32.57	47.68	72.67	64.76	67.8	55.73	3.0	77.08	23.43	53.91	52.5	24.19	39.2	76.84	32.98	47.42	41.3	56.86	59.4	51.16	14.32	45.35	62.2	51.86	30.27	41.01	18.38
4	101.98	73.41	87.05	82.46	0.0	88.14	54.59	92.02	100.18	70.26	79.92	87.73	75.03	110.8	98.09	88.57	98.49	45.89	97.53	74.33	43.05	3.16	86.68	65.44	56.32	92.2	80.62	123.33	79.32	87.78	69.0	116.21	84.02	92.2	27.66	51.62	110.89	115.97	61.13	85.62	85.0	75.8	99.81	57.04	94.15	67.36	53.37	71.45	99.73	53.41	56.22	11.7	37.01	93.54	73.06	80.6	9.22	105.89	28.6	30.0	63.25	69.23	8.06	110.63	88.87	69.87	85.7	24.17	49.73	95.52	75.43	20.52	97.08	71.47	57.78	89.5
5	13.89	58.31	40.61	21.93	88.14	0.0	55.11	95.44	12.21	32.57	49.04	33.6	90.38	53.85	67.01	60.11	79.25	71.45	17.8	67.23	53.76	86.01	79.2	41.44	39.2	19.72	31.89	45.88	46.23	35.0	86.16	55.73	94.51	80.06	61.98	44.0	33.54	46.01	29.7	74.81	18.44	20.62	46.1	84.4	7.07	64.88	69.63	30.46	12.04	47.27	40.0	80.32	79.0	89.64	40.61	20.0	81.01	30.07	60.41	59.14	41.76	26.83	84.15	47.68	69.35	28.23	78.6	63.98	67.9	29.73	29.43	69.57	73.66	19.21	59.2	39.41
6	66.12	19.42	79.51	38.21	54.59	55.11	0.0	50.12	64.12	60.83	25.61	37.58	38.9	57.28	43.97	34.18	47.0	17.26	71.47	23.35	52.81	51.48	38.08	15.3	51.61	69.86	31.62	74.69	25.46	37.12	33.42	62.94	45.61	42.43	30.41	14.87	63.91	65.19	45.97	35.36	42.11	35.13	46.75	29.41	62.17	16.76	14.56	26.02	63.07	9.22	52.43	43.05	27.31	47.76	69.35	38.01	52.81	59.14	31.14	30.07	14.04	54.67	47.17	58.41	36.12	56.73	37.11	38.21	13.0	47.17	63.25	35.11	44.28	49.4	5.83	37.44
7	102.0	37.54	127.48	73.78	92.02	95.44	50.12	0.0	100.24	109.64	46.65	64.4	17.46	64.07	37.05	37.95	24.19	47.52	113.23	29.0	102.55	89.01	16.55	56.59	101.55	113.7	63.81	91.66	49.4	63.07	23.09	69.0	8.94	18.11	76.4	64.66	86.83	79.51	95.0	21.02	77.7	75.43	60.42	35.23	101.79	33.84	41.23	65.95	98.88	58.83	102.4	81.02	55.01	8.06	118.6	75.45	94.26	83.82	77.88	77.2	57.38	102.94	84.01	70.46	28.16	105.12	17.0	84.4	45.35	73.16	111.29	77.93	29.0	96.21	44.29	59.62
8	2.0	64.26	47.1	27.2	100.18	12.21	64.12	100.24	0.0	42.94	53.67	36.06	97.08	51.0	68.68	63.25	81.84	81.01	18.44	73.16	65.76	97.99	83.73	49.5	50.99	24.0	36.77	37.12	50.99	37.44	93.41	51.62	100.32	83.76	73.74	54.45	26.31	40.02	41.77	79.26	23.09	29.02	45.45	92.91	8.54	71.84	78.41	38.33	1.41	57.04	51.74	92.11	89.27	93.81	49.98	26.48	93.15	24.35	72.24	70.94	50.25	38.01	96.01	43.86	72.95	39.12	83.24	76.03	77.1	29.0	39.0	81.34	76.06	31.11	67.6	41.4
9	43.91	72.95	19.24	46.39	70.26	32.57	60.83	109.64	42.94	0.0	68.03	58.86	99.72	83.1	89.54	80.62	99.28	72.4	31.24	80.8	28.16	69.07	95.13	53.54	14.0	24.41	53.85	78.45	65.39	60.02	94.18	86.01	106.15	97.75	50.45	46.01	65.97	77.78	14.87	91.27	45.04	40.02	73.55	88.23	34.48	75.93	74.03	46.62	43.38	51.62	14.04	66.19	75.64	105.68	9.49	43.42	61.52	62.17	48.27	47.54	52.43	7.28	69.03	78.03	88.12	5.1	94.3	48.17	70.8	59.0	5.39	56.72	94.43	16.12	66.47	64.33
10	55.46	12.04	84.06	27.2	79.92	49.04	25.61	46.65	53.67	68.03	0.0	18.44	44.55	31.89	22.2	12.65	31.38	40.22	66.84	20.22	70.01	76.85	30.23	17.03	63.56	67.88	17.2	52.63	2.83	17.26	42.01	37.64	46.82	31.11	54.23	31.58	44.05	41.79	54.71	25.81	31.06	29.83	21.95	45.35	55.22	21.38	34.0	21.47	52.33	27.51	64.54	68.51	51.4	40.61	77.47	29.07	77.39	40.01	54.42	53.14	19.1	60.84	72.67	34.0	20.62	63.07	29.68	61.35	35.23	28.16	68.48	59.94	26.4	52.84	24.21	15.03
11	37.74	30.15	72.24	12.65	87.73	33.6	37.58	64.4	36.06	58.86	18.44	0.0	62.97	25.71	33.42	27.2	46.01	54.42	50.99	38.64	68.15	84.86	47.85	23.02	58.14	53.25	7.21	37.12	16.12	1.41	60.21	30.08	65.15	47.71	60.31	36.12	26.68	28.32	48.01	43.38	15.26	19.03	15.03	62.39	38.9	39.0	49.48	17.0	34.67	34.83	59.14	77.1	64.88	57.8	68.25	15.52	83.41	22.2	59.82	58.41	25.0	51.62	81.34	23.32	36.89	53.76	47.42	66.03	49.65	10.05	57.97	67.21	40.31	42.76	38.6	5.83
12	98.98	32.98	118.34	69.89	75.03	90.38	38.9	17.46	97.08	99.72	44.55	62.97	0.0	69.43	43.66	40.31	34.41	31.95	107.78	24.33	89.19	72.06	21.47	49.24	90.14	107.19	60.44	95.19	46.87	61.81	6.32	74.95	9.0	26.63	61.47	53.74	88.14	83.38	84.86	24.35	74.0	69.78	63.13	18.0	97.17	25.5	26.93	59.93	95.82	48.1	90.91	64.28	38.12	21.63	108.21	70.94	77.78	84.38	63.16	62.65	49.4	93.51	67.07	74.55	32.28	95.59	21.02	69.29	30.89	72.69	102.07	62.1	37.12	87.8	33.3	59.3
13	51.97	42.19	94.37	37.05	110.8	53.85	57.28	64.07	51.0	83.1	31.89	25.71	69.43	0.0	27.02	29.41	40.45	72.01	68.94	47.54	93.86	107.8	49.16	45.49	83.6	73.05	32.57	28.16	31.83	25.0	68.96	5.83	68.18	46.01	84.06	60.03	27.59	16.16	73.33	45.4	38.05	44.28	11.18	75.15	57.01	51.48	65.46	42.38	49.65	57.43	84.59	99.64	83.24	56.14	92.27	40.05	107.38	27.2	83.86	82.49	47.71	76.03	103.86	7.81	37.34	78.06	49.25	90.43	67.01	24.33	81.5	90.44	35.13	67.03	56.08	21.93
14	70.18	24.7	104.66	45.49	98.09	67.01	43.97	37.05	68.68	89.54	22.2	33.42	43.66	27.02	0.0	10.05	13.93	54.08	84.39	25.5	92.09	94.94	22.56	39.05	85.7	86.61	36.24	54.74	24.52	32.02	44.29	32.06	41.44	19.0	74.22	53.08	51.08	42.58	76.66	19.31	48.6	50.09	24.6	52.63	72.25	31.62	46.62	43.01	67.27	48.37	86.68	86.41	65.22	29.15	99.02	48.02	96.77	48.76	74.73	73.55	41.01	82.28	90.38	33.54	11.66	84.5	22.8	81.79	49.4	39.82	89.55	79.06	8.25	73.93	40.31	27.66
15	64.9	15.26	96.38	38.21	88.57	60.11	34.18	37.95	63.25	80.62	12.65	27.2	40.31	29.41	10.05	0.0	19.21	45.45	77.79	18.36	82.15	85.43	21.59	29.15	76.16	79.4	28.43	55.01	15.23	25.81	39.56	35.11	40.2	20.59	64.29	43.05	49.03	43.1	67.36	17.26	41.73	41.88	23.02	46.14	65.86	23.35	38.21	34.01	61.85	38.33	77.13	76.92	56.73	30.87	90.08	40.46	86.98	45.88	64.76	63.56	31.06	73.41	80.95	34.23	9.85	75.64	21.38	71.81	40.61	35.34	80.95	69.29	13.89	65.3	30.89	21.95
16	83.41	28.28	115.43	57.38	98.49	79.25	47.0	24.19	81.84	99.28	31.38	46.01	34.41	40.45	13.93	19.21	0.0	52.81	96.88	24.33	98.48	95.34	13.45	46.49	93.92	98.6	47.63	68.45	34.13	44.6	36.77	45.1	30.08	7.81	77.16	58.86	65.0	56.29	85.62	13.0	60.83	61.03	38.48	47.2	84.86	31.4	45.22	52.84	80.43	53.46	94.87	86.83	63.16	16.12	108.69	59.67	98.48	62.61	78.06	77.03	48.08	92.13	90.52	47.3	11.4	94.37	14.21	85.09	48.76	53.25	99.85	80.89	5.83	84.22	42.11	40.46
17	83.01	30.41	91.59	55.44	45.89	71.45	17.26	47.52	81.01	72.4	40.22	54.42	31.95	72.01	54.08	45.45	52.81	0.0	87.1	29.07	58.01	42.76	40.79	32.56	61.07	84.77	48.76	91.39	40.82	53.85	25.63	77.8	40.52	46.32	29.55	28.16	80.96	81.41	57.8	39.85	59.3	52.0	62.13	16.28	78.52	22.47	7.62	43.19	80.0	24.19	61.72	34.37	11.31	48.01	80.0	55.15	47.0	76.24	31.3	30.89	31.26	67.12	37.85	74.09	43.83	68.96	39.81	37.34	5.0	64.2	75.66	30.41	51.89	63.32	16.12	53.67
18	18.11	76.01	29.83	39.7	97.53	17.8	71.47	113.23	18.44	31.24	66.84	50.99	107.78	68.94	84.39	77.79	96.88	87.1	0.0	84.91	58.18	95.8	97.01	58.6	42.94	7.21	49.68	55.01	64.03	52.4	103.37	69.89	112.16	97.84	73.44	59.03	44.72	58.46	36.4	92.62	36.07	38.08	62.43	100.88	12.21	82.3	86.02	47.89	19.65	63.06	43.42	91.24	93.65	107.45	35.81	37.8	89.49	42.72	71.57	70.46	58.69	29.07	94.73	62.03	87.11	29.15	96.4	73.76	83.93	45.79	26.17	80.75	91.24	26.31	75.96	56.73
19	75.03	8.94	98.49	46.1	74.33	67.23	23.35	29.0	73.16	80.8	20.22	38.64	24.33	47.54	25.5	18.36	24.33	29.07	84.91	0.0	75.96	71.17	14.87	27.59	73.36	85.0	36.4	71.7	22.56	37.48	22.09	53.31	27.29	19.1	53.01	36.77	64.01	60.21	66.29	12.04	50.16	46.87	39.81	27.78	73.82	7.07	21.47	37.2	71.87	31.02	74.24	62.64	39.96	25.06	89.87	47.41	74.15	60.13	54.01	53.04	28.43	74.03	66.41	51.66	14.76	76.22	13.93	61.0	24.7	48.37	82.33	56.57	22.85	67.21	18.03	35.06
20	67.21	70.21	44.01	57.94	43.05	53.76	52.81	102.55	65.76	28.16	70.01	68.15	89.19	93.86	92.09	82.15	98.48	58.01	58.18	75.96	0.0	42.3	90.8	53.04	15.26	51.89	61.39	96.9	68.01	68.88	83.01	98.08	97.06	94.83	29.73	39.62	83.86	93.11	24.08	87.8	58.6	50.33	82.98	74.2	58.14	69.57	62.27	51.79	65.76	45.12	14.76	41.11	57.31	100.57	30.02	55.15	34.0	79.26	27.59	27.59	51.09	29.15	43.17	90.76	87.13	29.07	89.84	24.19	58.31	72.24	33.53	33.62	94.76	34.66	58.52	72.37
21	99.81	70.26	86.21	79.81	3.16	86.01	51.48	89.01	97.99	69.07	76.85	84.86	72.06	107.8	94.94	85.43	95.34	42.76	95.8	71.17	42.3	0.0	83.55	62.48	55.08	90.61	77.78	120.62	76.28	84.9	66.01	113.23	81.06	89.05	25.0	48.8	108.23	113.14	59.44	82.46	82.42	73.24	96.83	54.08	92.11	64.2	50.22	68.68	97.51	50.45	55.04	8.54	34.0	90.45	72.25	78.01	9.43	103.23	26.08	27.46	60.31	67.74	5.0	107.71	85.7	68.47	82.57	22.14	46.57	92.76	74.17	17.69	93.92	69.64	54.63	86.56
22	85.48	22.2	112.45	57.43	86.68	79.2	38.08	16.55	83.73	95.13	30.23	47.85	21.47	49.16	22.56	21.59	13.45	40.79	97.01	14.87	90.8	83.55	0.0	41.62	88.1	97.74	47.43	76.11	33.02	46.52	23.35	54.45	19.03	5.83	67.12	51.62	70.61	64.03	80.78	4.47	61.29	59.46	44.41	33.84	85.45	21.38	33.38	50.21	82.37	45.88	89.0	75.13	50.6	10.63	104.31	59.2	87.37	67.45	68.26	67.36	42.72	88.23	78.64	55.01	12.04	90.44	1.0	75.17	37.22	56.65	96.4	70.06	15.65	81.06	32.56	43.08
23	51.48	19.42	70.94	23.02	65.44	41.44	15.3	56.59	49.5	53.54	17.03	23.02	49.24	45.49	39.05	29.15	46.49	32.56	58.6	27.59	53.04	62.48	41.62	0.0	47.43	57.98	16.55	60.03	15.3	22.8	44.78	50.8	54.2	44.29	38.59	14.87	48.85	51.22	39.36	37.74	27.0	20.88	34.41	43.42	48.38	23.85	29.02	11.18	48.37	12.04	48.38	54.49	42.38	52.2	62.77	23.09	61.91	44.01	38.47	37.12	2.24	46.62	58.73	45.28	35.11	48.83	40.8	45.19	28.16	32.2	54.82	45.0	42.2	39.62	18.11	24.08
24	52.35	66.31	32.28	46.69	56.32	39.2	51.61	101.55	50.99	14.0	63.56	58.14	90.14	83.6	85.7	76.16	93.92	61.07	42.94	73.36	15.26	55.08	88.1	47.43	0.0	36.77	52.0	83.63	61.19	59.08	84.29	87.3	97.2	91.39	37.0	36.89	70.68	80.96	10.44	84.58	46.57	39.32	73.17	77.23	43.14	67.74	63.66	43.19	51.09	42.72	1.0	52.24	63.13	98.41	19.24	43.74	47.68	66.31	34.79	34.18	45.88	13.89	55.04	79.62	82.54	13.93	87.21	34.23	60.11	60.64	19.1	42.95	89.56	20.0	57.43	63.01
25	24.08	76.22	23.19	41.23	92.2	19.72	69.86	113.7	24.0	24.41	67.88	53.25	107.19	73.05	86.61	79.4	98.6	84.77	7.21	85.0	51.89	90.61	97.74	57.98	36.77	0.0	50.99	61.07	65.05	54.64	102.47	74.46	112.07	98.99	69.03	56.61	50.16	63.64	31.26	93.43	38.01	38.29	65.74	99.16	16.28	81.84	84.31	47.8	25.02	61.1	37.16	86.47	90.61	108.3	28.6	38.95	83.93	47.68	67.07	66.03	57.8	23.09	89.81	66.48	88.41	22.85	97.08	68.73	81.93	49.24	19.21	76.16	93.09	22.09	74.69	59.08
26	38.63	27.51	68.43	10.0	80.62	31.89	31.62	63.81	36.77	53.85	17.2	7.21	60.44	32.57	36.24	28.43	47.63	48.76	49.68	36.4	61.39	77.78	47.43	16.55	52.0	50.99	0.0	43.57	14.42	7.62	57.07	37.16	63.56	48.17	53.15	29.0	32.31	35.36	42.11	43.01	13.89	13.93	21.59	58.01	38.01	35.51	44.41	9.85	35.47	28.02	53.0	70.09	58.87	57.8	63.32	12.04	76.22	27.51	52.63	51.22	18.36	46.57	74.33	30.53	37.48	48.76	46.87	58.82	44.15	15.65	53.49	60.11	42.2	37.95	33.38	11.05
27	37.01	64.54	84.21	41.01	123.33	45.88	74.69	91.66	37.12	78.45	52.63	37.12	95.19	28.16	54.74	55.01	68.45	91.39	55.01	71.7	96.9	120.62	76.11	60.03	83.63	61.07	43.57	0.0	51.24	37.58	93.77	24.6	95.05	73.55	95.67	72.01	13.04	12.17	73.36	72.03	39.05	48.17	32.06	97.98	45.4	73.98	86.03	52.01	36.22	71.56	84.53	113.23	101.98	83.86	86.35	43.19	118.09	17.8	94.85	93.43	61.91	72.45	117.44	21.21	64.07	74.0	76.06	100.41	86.54	28.02	75.19	102.94	62.97	64.08	75.39	37.95
28	52.8	14.04	81.3	24.41	79.32	46.23	25.46	49.4	50.99	65.39	2.83	16.12	46.87	31.83	24.52	15.23	34.13	40.82	64.03	22.56	68.01	76.28	33.02	15.3	61.19	65.05	14.42	51.24	0.0	15.03	44.1	37.48	49.4	33.94	53.23	30.08	42.19	40.72	52.2	28.6	28.3	27.02	21.4	46.87	52.43	23.09	34.93	18.79	49.66	26.4	62.17	68.01	51.87	43.42	74.85	26.25	76.48	38.01	53.31	52.0	17.46	58.18	72.2	33.29	23.43	60.42	32.45	60.17	35.85	26.02	65.76	59.17	29.07	50.12	24.7	13.34
29	39.12	29.07	73.54	13.93	87.78	35.0	37.12	63.07	37.44	60.02	17.26	1.41	61.81	25.0	32.02	25.81	44.6	53.85	52.4	37.48	68.88	84.9	46.52	22.8	59.08	54.64	7.62	37.58	15.03	0.0	59.14	29.55	63.89	46.32	60.44	36.24	27.46	28.43	49.0	42.05	16.64	20.1	14.14	61.52	40.31	38.01	48.76	17.46	36.06	34.71	60.07	77.08	64.4	56.44	69.43	16.76	83.6	23.09	60.0	58.6	24.84	52.77	81.32	23.02	35.51	54.92	46.1	66.29	49.04	11.0	59.2	67.27	38.9	43.93	37.95	4.47
30	95.34	30.07	112.93	66.22	69.0	86.16	33.42	23.09	93.41	94.18	42.01	60.21	6.32	68.96	44.29	39.56	36.77	25.63	103.37	22.09	83.01	66.01	23.35	44.78	84.29	102.47	57.07	93.77	44.1	59.14	0.0	74.63	15.13	29.0	55.15	48.17	86.01	82.2	79.31	25.24	70.34	65.55	61.81	12.17	93.05	21.59	20.81	55.71	92.18	42.64	85.04	58.14	32.02	26.0	102.53	67.05	71.57	82.02	56.86	56.36	44.72	88.09	61.01	73.55	32.65	90.14	22.67	62.97	24.7	70.11	96.67	55.79	38.6	82.66	28.02	57.0
31	52.39	48.02	96.34	40.61	116.21	55.73	62.94	69.0	51.62	86.01	37.64	30.08	74.95	5.83	32.06	35.11	45.1	77.8	69.89	53.31	98.08	113.23	54.45	50.8	87.3	74.46	37.16	24.6	37.48	29.55	74.63	0.0	73.44	51.04	89.31	65.19	26.63	13.45	76.94	50.8	41.11	48.05	16.4	80.96	58.24	57.31	71.28	47.01	50.33	62.8	88.28	105.12	89.02	61.01	95.02	43.57	112.61	27.31	89.04	87.66	53.01	79.06	109.34	8.06	42.76	81.02	54.59	95.52	72.8	27.02	84.1	95.8	40.0	70.06	61.85	26.93
32	102.16	36.24	124.46	73.35	84.02	94.51	45.61	8.94	100.32	106.15	46.82	65.15	9.0	68.18	41.44	40.2	30.08	40.52	112.16	27.29	97.06	81.06	19.03	54.2	97.2	112.07	63.56	95.05	49.4	63.89	15.13	73.44	0.0	22.8	69.89	60.44	89.11	83.01	91.35	23.02	77.39	74.09	63.2	27.0	101.12	30.48	34.93	64.35	99.01	54.67	98.01	73.25	47.1	15.0	114.87	74.71	86.7	85.7	71.51	70.94	54.67	99.7	76.06	74.0	31.0	101.83	19.0	77.79	39.0	74.46	108.19	70.83	33.96	93.51	39.82	60.88
33	85.44	25.08	114.62	58.14	92.2	80.06	42.43	18.11	83.76	97.75	31.11	47.71	26.63	46.01	19.0	20.59	7.81	46.32	97.84	19.1	94.83	89.05	5.83	44.29	91.39	98.99	48.17	73.55	33.94	46.32	29.0	51.04	22.8	0.0	72.01	55.36	68.96	61.4	83.65	7.07	61.85	60.88	42.45	39.66	86.05	26.02	38.83	52.01	82.38	49.73	92.31	80.6	56.3	10.44	107.04	60.14	92.66	66.13	73.06	72.11	45.62	90.74	84.17	52.35	10.82	92.96	6.71	80.02	42.58	55.9	98.74	75.24	11.18	83.23	37.12	42.54
34	75.61	49.82	69.26	54.82	27.66	61.98	30.41	76.4	73.74	50.45	54.23	60.31	61.47	84.06	74.22	64.29	77.16	29.55	73.44	53.01	29.73	25.0	67.12	38.59	37.0	69.03	53.15	95.67	53.23	60.44	55.15	89.31	69.89	72.01	0.0	24.21	83.24	88.46	38.05	65.0	57.43	48.26	72.95	45.28	68.41	46.0	35.17	43.84	73.16	26.83	37.34	18.38	27.59	75.8	56.08	53.01	23.32	78.24	2.24	3.0	36.36	47.27	22.36	83.41	66.48	48.51	66.12	8.06	31.05	67.9	54.92	7.62	74.67	47.17	35.06	62.43
35	56.44	30.59	64.82	31.76	51.62	44.0	14.87	64.66	54.45	46.01	31.58	36.12	53.74	60.03	53.08	43.05	58.86	28.16	59.03	36.77	39.62	48.8	51.62	14.87	36.89	56.61	29.0	72.01	30.08	36.24	48.17	65.19	60.44	55.36	24.21	0.0	59.91	64.35	31.14	48.38	34.93	26.25	48.88	42.94	51.01	30.89	28.3	20.0	53.6	5.83	37.74	41.23	35.0	61.74	54.49	30.46	47.43	54.92	23.85	22.47	12.65	40.0	45.45	59.2	47.52	42.01	50.7	30.41	25.5	44.05	48.6	31.11	55.23	35.34	20.62	38.28
36	26.68	56.08	73.01	28.43	110.89	33.54	63.91	86.83	26.31	65.97	44.05	26.68	88.14	27.59	51.08	49.03	65.0	80.96	44.72	64.01	83.86	108.23	70.61	48.85	70.68	50.16	32.31	13.04	42.19	27.46	86.01	26.63	89.11	68.96	83.24	59.91	0.0	13.93	60.37	66.29	26.17	35.36	26.57	88.96	34.01	65.28	76.16	39.96	25.18	59.94	71.59	101.02	91.18	79.4	74.15	30.41	105.42	5.0	82.33	80.92	50.57	59.77	105.21	19.8	58.69	61.4	70.41	87.73	76.24	16.76	62.97	90.6	59.24	51.26	65.25	29.02
37	40.52	53.45	86.21	35.36	115.97	46.01	65.19	79.51	40.02	77.78	41.79	28.32	83.38	16.16	42.58	43.1	56.29	81.41	58.46	60.21	93.11	113.14	64.03	51.22	80.96	63.64	35.36	12.17	40.72	28.43	82.2	13.45	83.01	61.4	88.46	64.35	13.93	0.0	70.52	60.0	34.54	42.94	20.4	86.98	47.38	62.94	75.64	44.69	38.83	63.13	81.91	105.42	92.28	71.7	86.37	38.01	111.4	16.03	87.86	86.45	53.26	71.2	109.66	9.06	52.01	72.99	64.01	93.86	76.48	21.1	75.24	95.46	50.8	62.37	65.3	27.78
38	43.28	58.67	33.84	36.35	61.13	29.7	45.97	95.0	41.77	14.87	54.71	48.01	84.86	73.33	76.66	67.36	85.62	57.8	36.4	66.29	24.08	59.44	80.78	39.36	10.44	31.26	42.11	73.36	52.2	49.0	79.31	76.94	91.35	83.65	38.05	31.14	60.37	70.52	0.0	77.03	36.14	29.07	63.03	73.5	34.41	61.22	59.2	33.73	41.73	36.77	11.4	55.23	61.68	91.27	23.6	33.38	53.14	55.95	36.01	35.06	38.08	9.49	58.55	69.23	74.32	11.18	79.92	37.48	56.04	50.22	17.89	45.01	80.99	10.82	51.62	53.04
39	81.01	18.36	108.41	53.01	85.62	74.81	35.36	21.02	79.26	91.27	25.81	43.38	24.35	45.4	19.31	17.26	13.0	39.85	92.62	12.04	87.8	82.46	4.47	37.74	84.58	93.43	43.01	72.03	28.6	42.05	25.24	50.8	23.02	7.07	65.0	48.38	66.29	60.0	77.03	0.0	56.86	55.17	40.2	34.71	81.02	19.0	32.28	46.01	77.9	42.72	85.49	73.98	50.16	14.87	100.5	54.82	85.84	63.06	66.03	65.07	38.95	84.31	77.62	51.01	8.06	86.53	4.12	73.01	35.9	52.2	92.42	68.36	13.45	77.01	30.07	38.63
40	25.0	41.23	57.25	4.12	85.0	18.44	42.11	77.7	23.09	45.04	31.06	15.26	74.0	38.05	48.6	41.73	60.83	59.3	36.07	50.16	58.6	82.42	61.29	27.0	46.57	38.01	13.89	39.05	28.3	16.64	70.34	41.11	77.39	61.85	57.43	34.93	26.17	34.54	36.14	56.86	0.0	9.22	28.86	70.26	24.21	48.76	56.01	16.12	21.84	36.14	47.54	75.47	68.45	71.61	54.23	4.47	79.31	21.26	56.4	55.0	28.07	38.0	79.61	33.24	51.09	40.01	60.75	61.62	55.08	14.14	43.57	64.9	55.23	29.0	45.04	21.1
41	31.02	38.01	54.59	7.62	75.8	20.62	35.13	75.43	29.02	40.02	29.83	19.03	69.78	44.28	50.09	41.88	61.03	52.0	38.08	46.87	50.33	73.24	59.46	20.88	39.32	38.29	13.93	48.17	27.02	20.1	65.55	48.05	74.09	60.88	48.26	26.25	35.36	42.94	29.07	55.17	9.22	0.0	34.0	64.13	27.51	44.28	49.5	9.85	28.0	28.16	40.31	66.37	60.53	70.04	49.48	5.0	70.09	30.41	47.2	45.8	21.38	32.76	70.49	40.52	50.45	34.93	58.8	52.4	48.09	21.93	39.56	55.76	55.76	24.04	38.83	24.33
42	46.75	33.24	86.02	27.17	99.81	46.1	46.75	60.42	45.45	73.55	21.95	15.03	63.13	11.18	24.6	23.02	38.48	62.13	62.43	39.81	82.98	96.83	44.41	34.41	73.17	65.74	21.59	32.06	21.4	14.14	61.81	16.4	63.2	42.45	72.95	48.88	26.57	20.4	63.03	40.2	28.86	34.0	0.0	66.73	50.25	42.72	55.95	31.32	44.05	46.4	74.17	88.73	73.24	52.89	82.87	30.15	96.25	24.19	72.72	71.34	36.62	66.37	92.96	12.08	32.39	68.47	44.28	79.26	57.14	16.64	72.37	79.4	32.7	57.43	46.04	10.77
43	94.89	33.53	107.34	66.19	57.04	84.4	29.41	35.23	92.91	88.23	45.35	62.39	18.0	75.15	52.63	46.14	47.2	16.28	100.88	27.78	74.2	54.08	33.84	43.42	77.23	99.16	58.01	97.98	46.87	61.52	12.17	80.96	27.0	39.66	45.28	42.94	88.96	86.98	73.5	34.71	70.26	64.13	66.73	0.0	91.44	24.04	14.87	54.59	91.79	38.08	77.9	46.39	20.22	37.95	96.05	66.48	60.02	84.59	47.17	46.87	42.76	82.68	49.09	78.77	41.11	84.6	33.02	52.77	17.49	72.44	91.27	44.94	48.1	78.26	25.32	60.21
44	9.43	64.88	39.0	28.02	94.15	7.07	62.17	101.79	8.54	34.48	55.22	38.9	97.17	57.01	72.25	65.86	84.86	78.52	12.21	73.82	58.14	92.11	85.45	48.38	43.14	16.28	38.01	45.4	52.43	40.31	93.05	58.24	101.12	86.05	68.41	51.01	34.01	47.38	34.41	81.02	24.21	27.51	50.25	91.44	0.0	71.69	76.69	37.34	9.22	54.33	43.84	86.68	86.01	95.8	41.44	26.42	86.76	31.4	66.76	65.52	48.76	29.83	90.44	50.29	75.29	30.81	84.88	70.01	74.97	33.62	30.46	75.96	79.2	23.6	66.22	44.6
45	73.76	9.49	94.05	44.64	67.36	64.88	16.76	33.84	71.84	75.93	21.38	39.0	25.5	51.48	31.62	23.35	31.4	22.47	82.3	7.07	69.57	64.2	21.38	23.85	67.74	81.84	35.51	73.98	23.09	38.01	21.59	57.31	30.48	26.02	46.0	30.89	65.28	62.94	61.22	19.0	48.76	44.28	42.72	24.04	71.69	0.0	15.0	34.44	70.6	25.06	68.6	55.66	33.6	31.02	84.81	45.54	67.08	61.07	47.04	46.1	24.21	69.35	59.46	54.78	21.54	71.51	20.4	54.01	17.89	49.01	77.79	49.5	29.73	63.03	11.18	36.35
46	80.4	23.43	93.01	52.0	53.37	69.63	14.56	41.23	78.41	74.03	34.0	49.48	26.93	65.46	46.62	38.21	45.22	7.62	86.02	21.47	62.27	50.22	33.38	29.02	63.66	84.31	44.41	86.03	34.93	48.76	20.81	71.28	34.93	38.83	35.17	28.3	76.16	75.64	59.2	32.28	56.01	49.5	55.95	14.87	76.69	15.0	0.0	40.11	77.32	23.26	64.38	41.77	18.6	41.05	82.13	52.09	54.08	71.59	36.69	36.06	28.16	68.24	45.35	68.0	36.24	70.21	32.39	43.17	4.12	59.44	76.84	37.05	44.28	63.53	11.05	48.1
47	40.31	28.43	62.68	12.37	71.45	30.46	26.02	65.95	38.33	46.62	21.47	17.0	59.93	42.38	43.01	34.01	52.84	43.19	47.89	37.2	51.79	68.68	50.21	11.18	43.19	47.8	9.85	52.01	18.79	17.46	55.71	47.01	64.35	52.01	43.84	20.0	39.96	44.69	33.73	46.01	16.12	9.85	31.32	54.59	37.34	34.44	40.11	0.0	37.22	20.25	44.18	61.22	52.39	60.83	56.08	12.0	66.71	34.99	43.19	41.77	12.0	39.4	65.44	40.31	41.88	41.63	49.5	49.2	39.01	24.08	47.01	50.99	47.85	31.38	29.27	20.62
48	3.16	62.97	48.04	25.96	99.73	12.04	63.07	98.88	1.41	43.38	52.33	34.67	95.82	49.65	67.27	61.85	80.43	80.0	19.65	71.87	65.76	97.51	82.37	48.37	51.09	25.02	35.47	36.22	49.66	36.06	92.18	50.33	99.01	82.38	73.16	53.6	25.18	38.83	41.73	77.9	21.84	28.0	44.05	91.79	9.22	70.6	77.32	37.22	0.0	56.08	51.86	91.55	88.36	92.44	50.6	25.32	92.78	23.09	71.69	70.38	49.16	38.28	95.46	42.54	71.56	39.45	81.88	75.59	76.06	27.59	39.56	80.78	74.65	31.14	66.48	40.0
49	59.03	25.18	70.29	32.57	53.41	47.27	9.22	58.83	57.04	51.62	27.51	34.83	48.1	57.43	48.37	38.33	53.46	24.19	63.06	31.02	45.12	50.45	45.88	12.04	42.72	61.1	28.02	71.56	26.4	34.71	42.64	62.8	54.67	49.73	26.83	5.83	59.94	63.13	36.77	42.72	36.14	28.16	46.4	38.08	54.33	25.06	23.26	20.25	56.08	0.0	43.57	42.45	32.39	55.95	60.21	31.78	50.12	55.01	26.93	25.63	9.9	45.45	46.69	57.31	42.19	47.51	44.94	33.84	20.88	43.57	54.04	33.02	50.04	40.31	14.87	36.12
50	53.08	67.23	32.02	47.68	56.22	40.0	52.43	102.4	51.74	14.04	64.54	59.14	90.91	84.59	86.68	77.13	94.87	61.72	43.42	74.24	14.76	55.04	89.0	48.38	1.0	37.16	53.0	84.53	62.17	60.07	85.04	88.28	98.01	92.31	37.34	37.74	71.59	81.91	11.4	85.49	47.54	40.31	74.17	77.9	43.84	68.6	64.38	44.18	51.86	43.57	0.0	52.35	63.63	99.3	18.79	44.72	47.52	67.23	35.11	34.54	46.82	14.42	55.08	80.6	83.49	14.32	88.1	34.37	60.81	61.61	19.24	43.17	90.52	20.81	58.25	64.01
51	93.98	61.74	84.17	72.67	11.7	80.32	43.05	81.02	92.11	66.19	68.51	77.1	64.28	99.64	86.41	76.92	86.83	34.37	91.24	62.64	41.11	8.54	75.13	54.49	52.24	86.47	70.09	113.23	68.01	77.08	58.14	105.12	73.25	80.6	18.38	41.23	101.02	105.42	55.23	73.98	75.47	66.37	88.73	46.39	86.68	55.66	41.77	61.22	91.55	42.45	52.35	0.0	26.17	82.22	70.41	71.02	13.93	96.02	19.92	21.19	52.35	64.03	4.24	99.76	77.16	65.0	74.15	18.03	38.08	85.28	71.06	10.77	85.38	64.94	46.1	78.57
52	91.27	41.73	94.85	64.76	37.01	79.0	27.31	55.01	89.27	75.64	51.4	64.88	38.12	83.24	65.22	56.73	63.16	11.31	93.65	39.96	57.31	34.0	50.6	42.38	63.13	90.61	58.87	101.98	51.87	64.4	32.02	89.02	47.1	56.3	27.59	35.0	91.18	92.28	61.68	50.16	68.45	60.53	73.24	20.22	86.01	33.6	18.6	52.39	88.36	32.39	63.63	26.17	0.0	56.72	82.37	64.13	39.81	86.38	29.73	29.83	40.8	71.17	29.0	85.15	54.71	72.8	49.65	34.21	16.28	74.46	79.48	25.55	62.65	68.66	27.2	64.5
53	95.52	32.8	123.07	67.8	93.54	89.64	47.76	8.06	93.81	105.68	40.61	57.8	21.63	56.14	29.15	30.87	16.12	48.01	107.45	25.06	100.57	90.45	10.63	52.2	98.41	108.3	57.8	83.86	43.42	56.44	26.0	61.01	15.0	10.44	75.8	61.74	79.4	71.7	91.27	14.87	71.61	70.04	52.89	37.95	95.8	31.02	41.05	60.83	92.44	55.95	99.3	82.22	56.72	0.0	114.83	69.66	95.01	76.55	77.1	76.3	53.25	98.81	85.48	62.65	21.02	101.02	11.4	83.86	45.1	66.21	107.0	78.1	21.02	91.68	42.06	52.77
54	50.7	82.15	14.0	55.73	73.06	40.61	69.35	118.6	49.98	9.49	77.47	68.25	108.21	92.27	99.02	90.08	108.69	80.0	35.81	89.87	30.02	72.25	104.31	62.77	19.24	28.6	63.32	86.35	74.85	69.43	102.53	95.02	114.87	107.04	56.08	54.49	74.15	86.37	23.6	100.5	54.23	49.48	82.87	96.05	41.44	84.81	82.13	56.08	50.6	60.21	18.79	70.41	82.37	114.83	0.0	52.77	64.01	70.58	53.85	53.31	61.59	16.76	72.84	87.01	97.49	14.56	103.46	52.63	78.75	68.07	11.18	61.68	103.87	25.5	75.07	73.76
55	28.44	38.47	56.86	3.0	80.6	20.0	38.01	75.45	26.48	43.42	29.07	15.52	70.94	40.05	48.02	40.46	59.67	55.15	37.8	47.41	55.15	78.01	59.2	23.09	43.74	38.95	12.04	43.19	26.25	16.76	67.05	43.57	74.71	60.14	53.01	30.46	30.41	38.01	33.38	54.82	4.47	5.0	30.15	66.48	26.42	45.54	52.09	12.0	25.32	31.78	44.72	71.02	64.13	69.66	52.77	0.0	75.01	25.46	52.01	50.61	24.0	36.22	75.17	35.9	49.5	38.33	58.6	57.31	51.01	17.09	42.45	60.46	54.2	27.29	41.19	21.19
56	94.89	72.12	78.01	77.08	9.22	81.01	52.81	94.26	93.15	61.52	77.39	83.41	77.78	107.38	96.77	86.98	98.48	47.0	89.49	74.15	34.0	9.43	87.37	61.91	47.68	83.93	76.22	118.09	76.48	83.6	71.57	112.61	86.7	92.66	23.32	47.43	105.42	111.4	53.14	85.84	79.31	70.09	96.25	60.02	86.76	67.08	54.08	66.71	92.78	50.12	47.52	13.93	39.81	95.01	64.01	75.01	0.0	100.45	23.6	25.0	59.68	60.88	12.81	106.61	88.29	61.39	86.37	17.69	50.16	90.61	66.75	17.72	96.54	63.69	56.75	85.7
57	25.08	52.0	70.18	23.43	105.89	30.07	59.14	83.82	24.35	62.17	40.01	22.2	84.38	27.2	48.76	45.88	62.61	76.24	42.72	60.13	79.26	103.23	67.45	44.01	66.31	47.68	27.51	17.8	38.01	23.09	82.02	27.31	85.7	66.13	78.24	54.92	5.0	16.03	55.95	63.06	21.26	30.41	24.19	84.59	31.4	61.07	71.59	34.99	23.09	55.01	67.23	96.02	86.38	76.55	70.58	25.46	100.45	0.0	77.34	75.93	45.69	55.79	100.21	19.72	55.66	57.49	67.19	82.76	71.57	12.17	59.41	85.6	56.8	47.13	60.64	25.08
58	74.09	50.49	67.05	53.91	28.6	60.41	31.14	77.88	72.24	48.27	54.42	59.82	63.16	83.86	74.73	64.76	78.06	31.3	71.57	54.01	27.59	26.08	68.26	38.47	34.79	67.07	52.63	94.85	53.31	60.0	56.86	89.04	71.51	73.06	2.24	23.85	82.33	87.86	36.01	66.03	56.4	47.2	72.72	47.17	66.76	47.04	36.69	43.19	71.69	26.93	35.11	19.92	29.73	77.1	53.85	52.01	23.6	77.34	0.0	1.41	36.24	45.18	23.77	83.01	67.27	46.39	67.27	7.07	32.57	67.18	52.77	9.22	75.43	45.28	36.0	62.13
59	72.8	49.37	66.41	52.5	30.0	59.14	30.07	77.2	70.94	47.54	53.14	58.41	62.65	82.49	73.55	63.56	77.03	30.89	70.46	53.04	27.59	27.46	67.36	37.12	34.18	66.03	51.22	93.43	52.0	58.6	56.36	87.66	70.94	72.11	3.0	22.47	80.92	86.45	35.06	65.07	55.0	45.8	71.34	46.87	65.52	46.1	36.06	41.77	70.38	25.63	34.54	21.19	29.83	76.3	53.31	50.61	25.0	75.93	1.41	0.0	34.89	44.28	25.08	81.61	66.19	45.54	66.37	8.25	31.95	65.76	51.97	10.44	74.33	44.18	35.01	60.75
60	52.24	20.59	70.09	24.19	63.25	41.76	14.04	57.38	50.25	52.43	19.1	25.0	49.4	47.71	41.01	31.06	48.08	31.26	58.69	28.43	51.09	60.31	42.72	2.24	45.88	57.8	18.36	61.91	17.46	24.84	44.72	53.01	54.67	45.62	36.36	12.65	50.57	53.26	38.08	38.95	28.07	21.38	36.62	42.76	48.76	24.21	28.16	12.0	49.16	9.9	46.82	52.35	40.8	53.25	61.59	24.0	59.68	45.69	36.24	34.89	0.0	45.61	56.59	47.42	36.69	47.8	41.88	42.95	27.02	34.0	53.91	42.8	43.93	38.9	17.46	26.25
61	39.2	66.03	24.84	39.2	69.23	26.83	54.67	102.94	38.01	7.28	60.84	51.62	93.51	76.03	82.28	73.41	92.13	67.12	29.07	74.03	29.15	67.74	88.23	46.62	13.89	23.09	46.57	72.45	58.18	52.77	88.09	79.06	99.7	90.74	47.27	40.0	59.77	71.2	9.49	84.31	38.0	32.76	66.37	82.68	29.83	69.35	68.24	39.4	38.28	45.45	14.42	64.03	71.17	98.81	16.76	36.22	60.88	55.79	45.18	44.28	45.61	0.0	67.19	71.11	81.01	2.24	87.42	46.1	65.19	52.04	8.6	54.04	87.24	9.0	60.21	57.07
62	97.86	65.74	86.7	76.84	8.06	84.15	47.17	84.01	96.01	69.03	72.67	81.34	67.07	103.86	90.38	80.95	90.52	37.85	94.73	66.41	43.17	5.0	78.64	58.73	55.04	89.81	74.33	117.44	72.2	81.32	61.01	109.34	76.06	84.17	22.36	45.45	105.21	109.66	58.55	77.62	79.61	70.49	92.96	49.09	90.44	59.46	45.35	65.44	95.46	46.69	55.08	4.24	29.0	85.48	72.84	75.17	12.81	100.21	23.77	25.08	56.59	67.19	0.0	104.0	80.99	68.07	77.67	21.1	41.76	89.5	74.0	14.76	89.2	68.45	50.09	82.81
