set K:= 1	2	3	4	5	6	7	8	9;
set C_H:= 1	2	3	4	5	6	7	8	9	10	11	12	13	14	15	16	17	18	19;
set C_S:= 20	21	22	23	24	25	26	27	28	29	30	31	32	33	34	35	36	37	38	39;
set C_F:= 40	41	42	43	44	45	46	47	48	49	50	51	52	53	54	55	56	57	58	59;
set M:= 60	61	62	63	64	65;
set L_B:= 66	67	68	69;
set A1:=
(0,*) 1 2 3 4 5 6 7 8 9 10 11 12 13 14 15 16 17 18 19 40 41 42 43 44 45 46 47 48 49 50 51 52 53 54 55 56 57 58 59 60 61 62 63 64 65 66 67 68 69 70
(1,*) 0 2 3 4 5 6 7 8 9 10 11 12 13 14 15 16 17 18 19 40 41 42 43 44 45 46 47 48 49 50 51 52 53 54 55 56 57 58 59 60 61 62 63 64 65 66 67 68 69 70
(2,*) 0 1 3 4 5 6 7 8 9 10 11 12 13 14 15 16 17 18 19 40 41 42 43 44 45 46 47 48 49 50 51 52 53 54 55 56 57 58 59 60 61 62 63 64 65 66 67 68 69 70
(3,*) 0 1 2 4 5 6 7 8 9 10 11 12 13 14 15 16 17 18 19 40 41 42 43 44 45 46 47 48 49 50 51 52 53 54 55 56 57 58 59 60 61 62 63 64 65 66 67 68 69 70
(4,*) 0 1 2 3 5 6 7 8 9 10 11 12 13 14 15 16 17 18 19 40 41 42 43 44 45 46 47 48 49 50 51 52 53 54 55 56 57 58 59 60 61 62 63 64 65 66 67 68 69 70
(5,*) 0 1 2 3 4 6 7 8 9 10 11 12 13 14 15 16 17 18 19 40 41 42 43 44 45 46 47 48 49 50 51 52 53 54 55 56 57 58 59 60 61 62 63 64 65 66 67 68 69 70
(6,*) 0 1 2 3 4 5 7 8 9 10 11 12 13 14 15 16 17 18 19 40 41 42 43 44 45 46 47 48 49 50 51 52 53 54 55 56 57 58 59 60 61 62 63 64 65 66 67 68 69 70
(7,*) 0 1 2 3 4 5 6 8 9 10 11 12 13 14 15 16 17 18 19 40 41 42 43 44 45 46 47 48 49 50 51 52 53 54 55 56 57 58 59 60 61 62 63 64 65 66 67 68 69 70
(8,*) 0 1 2 3 4 5 6 7 9 10 11 12 13 14 15 16 17 18 19 40 41 42 43 44 45 46 47 48 49 50 51 52 53 54 55 56 57 58 59 60 61 62 63 64 65 66 67 68 69 70
(9,*) 0 1 2 3 4 5 6 7 8 10 11 12 13 14 15 16 17 18 19 40 41 42 43 44 45 46 47 48 49 50 51 52 53 54 55 56 57 58 59 60 61 62 63 64 65 66 67 68 69 70
(10,*) 0 1 2 3 4 5 6 7 8 9 11 12 13 14 15 16 17 18 19 40 41 42 43 44 45 46 47 48 49 50 51 52 53 54 55 56 57 58 59 60 61 62 63 64 65 66 67 68 69 70
(11,*) 0 1 2 3 4 5 6 7 8 9 10 12 13 14 15 16 17 18 19 40 41 42 43 44 45 46 47 48 49 50 51 52 53 54 55 56 57 58 59 60 61 62 63 64 65 66 67 68 69 70
(12,*) 0 1 2 3 4 5 6 7 8 9 10 11 13 14 15 16 17 18 19 40 41 42 43 44 45 46 47 48 49 50 51 52 53 54 55 56 57 58 59 60 61 62 63 64 65 66 67 68 69 70
(13,*) 0 1 2 3 4 5 6 7 8 9 10 11 12 14 15 16 17 18 19 40 41 42 43 44 45 46 47 48 49 50 51 52 53 54 55 56 57 58 59 60 61 62 63 64 65 66 67 68 69 70
(14,*) 0 1 2 3 4 5 6 7 8 9 10 11 12 13 15 16 17 18 19 40 41 42 43 44 45 46 47 48 49 50 51 52 53 54 55 56 57 58 59 60 61 62 63 64 65 66 67 68 69 70
(15,*) 0 1 2 3 4 5 6 7 8 9 10 11 12 13 14 16 17 18 19 40 41 42 43 44 45 46 47 48 49 50 51 52 53 54 55 56 57 58 59 60 61 62 63 64 65 66 67 68 69 70
(16,*) 0 1 2 3 4 5 6 7 8 9 10 11 12 13 14 15 17 18 19 40 41 42 43 44 45 46 47 48 49 50 51 52 53 54 55 56 57 58 59 60 61 62 63 64 65 66 67 68 69 70
(17,*) 0 1 2 3 4 5 6 7 8 9 10 11 12 13 14 15 16 18 19 40 41 42 43 44 45 46 47 48 49 50 51 52 53 54 55 56 57 58 59 60 61 62 63 64 65 66 67 68 69 70
(18,*) 0 1 2 3 4 5 6 7 8 9 10 11 12 13 14 15 16 17 19 40 41 42 43 44 45 46 47 48 49 50 51 52 53 54 55 56 57 58 59 60 61 62 63 64 65 66 67 68 69 70
(19,*) 0 1 2 3 4 5 6 7 8 9 10 11 12 13 14 15 16 17 18 40 41 42 43 44 45 46 47 48 49 50 51 52 53 54 55 56 57 58 59 60 61 62 63 64 65 66 67 68 69 70
(40,*) 0 1 2 3 4 5 6 7 8 9 10 11 12 13 14 15 16 17 18 19 41 42 43 44 45 46 47 48 49 50 51 52 53 54 55 56 57 58 59 60 61 62 63 64 65 66 67 68 69 70
(41,*) 0 1 2 3 4 5 6 7 8 9 10 11 12 13 14 15 16 17 18 19 40 42 43 44 45 46 47 48 49 50 51 52 53 54 55 56 57 58 59 60 61 62 63 64 65 66 67 68 69 70
(42,*) 0 1 2 3 4 5 6 7 8 9 10 11 12 13 14 15 16 17 18 19 40 41 43 44 45 46 47 48 49 50 51 52 53 54 55 56 57 58 59 60 61 62 63 64 65 66 67 68 69 70
(43,*) 0 1 2 3 4 5 6 7 8 9 10 11 12 13 14 15 16 17 18 19 40 41 42 44 45 46 47 48 49 50 51 52 53 54 55 56 57 58 59 60 61 62 63 64 65 66 67 68 69 70
(44,*) 0 1 2 3 4 5 6 7 8 9 10 11 12 13 14 15 16 17 18 19 40 41 42 43 45 46 47 48 49 50 51 52 53 54 55 56 57 58 59 60 61 62 63 64 65 66 67 68 69 70
(45,*) 0 1 2 3 4 5 6 7 8 9 10 11 12 13 14 15 16 17 18 19 40 41 42 43 44 46 47 48 49 50 51 52 53 54 55 56 57 58 59 60 61 62 63 64 65 66 67 68 69 70
(46,*) 0 1 2 3 4 5 6 7 8 9 10 11 12 13 14 15 16 17 18 19 40 41 42 43 44 45 47 48 49 50 51 52 53 54 55 56 57 58 59 60 61 62 63 64 65 66 67 68 69 70
(47,*) 0 1 2 3 4 5 6 7 8 9 10 11 12 13 14 15 16 17 18 19 40 41 42 43 44 45 46 48 49 50 51 52 53 54 55 56 57 58 59 60 61 62 63 64 65 66 67 68 69 70
(48,*) 0 1 2 3 4 5 6 7 8 9 10 11 12 13 14 15 16 17 18 19 40 41 42 43 44 45 46 47 49 50 51 52 53 54 55 56 57 58 59 60 61 62 63 64 65 66 67 68 69 70
(49,*) 0 1 2 3 4 5 6 7 8 9 10 11 12 13 14 15 16 17 18 19 40 41 42 43 44 45 46 47 48 50 51 52 53 54 55 56 57 58 59 60 61 62 63 64 65 66 67 68 69 70
(50,*) 0 1 2 3 4 5 6 7 8 9 10 11 12 13 14 15 16 17 18 19 40 41 42 43 44 45 46 47 48 49 51 52 53 54 55 56 57 58 59 60 61 62 63 64 65 66 67 68 69 70
(51,*) 0 1 2 3 4 5 6 7 8 9 10 11 12 13 14 15 16 17 18 19 40 41 42 43 44 45 46 47 48 49 50 52 53 54 55 56 57 58 59 60 61 62 63 64 65 66 67 68 69 70
(52,*) 0 1 2 3 4 5 6 7 8 9 10 11 12 13 14 15 16 17 18 19 40 41 42 43 44 45 46 47 48 49 50 51 53 54 55 56 57 58 59 60 61 62 63 64 65 66 67 68 69 70
(53,*) 0 1 2 3 4 5 6 7 8 9 10 11 12 13 14 15 16 17 18 19 40 41 42 43 44 45 46 47 48 49 50 51 52 54 55 56 57 58 59 60 61 62 63 64 65 66 67 68 69 70
(54,*) 0 1 2 3 4 5 6 7 8 9 10 11 12 13 14 15 16 17 18 19 40 41 42 43 44 45 46 47 48 49 50 51 52 53 55 56 57 58 59 60 61 62 63 64 65 66 67 68 69 70
(55,*) 0 1 2 3 4 5 6 7 8 9 10 11 12 13 14 15 16 17 18 19 40 41 42 43 44 45 46 47 48 49 50 51 52 53 54 56 57 58 59 60 61 62 63 64 65 66 67 68 69 70
(56,*) 0 1 2 3 4 5 6 7 8 9 10 11 12 13 14 15 16 17 18 19 40 41 42 43 44 45 46 47 48 49 50 51 52 53 54 55 57 58 59 60 61 62 63 64 65 66 67 68 69 70
(57,*) 0 1 2 3 4 5 6 7 8 9 10 11 12 13 14 15 16 17 18 19 40 41 42 43 44 45 46 47 48 49 50 51 52 53 54 55 56 58 59 60 61 62 63 64 65 66 67 68 69 70
(58,*) 0 1 2 3 4 5 6 7 8 9 10 11 12 13 14 15 16 17 18 19 40 41 42 43 44 45 46 47 48 49 50 51 52 53 54 55 56 57 59 60 61 62 63 64 65 66 67 68 69 70
(59,*) 0 1 2 3 4 5 6 7 8 9 10 11 12 13 14 15 16 17 18 19 40 41 42 43 44 45 46 47 48 49 50 51 52 53 54 55 56 57 58 60 61 62 63 64 65 66 67 68 69 70
(60,*) 0 1 2 3 4 5 6 7 8 9 10 11 12 13 14 15 16 17 18 19 40 41 42 43 44 45 46 47 48 49 50 51 52 53 54 55 56 57 58 59 61 62 63 64 65 66 67 68 69 70
(61,*) 0 1 2 3 4 5 6 7 8 9 10 11 12 13 14 15 16 17 18 19 40 41 42 43 44 45 46 47 48 49 50 51 52 53 54 55 56 57 58 59 60 62 63 64 65 66 67 68 69 70
(62,*) 0 1 2 3 4 5 6 7 8 9 10 11 12 13 14 15 16 17 18 19 40 41 42 43 44 45 46 47 48 49 50 51 52 53 54 55 56 57 58 59 60 61 63 64 65 66 67 68 69 70
(63,*) 0 1 2 3 4 5 6 7 8 9 10 11 12 13 14 15 16 17 18 19 40 41 42 43 44 45 46 47 48 49 50 51 52 53 54 55 56 57 58 59 60 61 62 64 65 66 67 68 69 70
(64,*) 0 1 2 3 4 5 6 7 8 9 10 11 12 13 14 15 16 17 18 19 40 41 42 43 44 45 46 47 48 49 50 51 52 53 54 55 56 57 58 59 60 61 62 63 65 66 67 68 69 70
(65,*) 0 1 2 3 4 5 6 7 8 9 10 11 12 13 14 15 16 17 18 19 40 41 42 43 44 45 46 47 48 49 50 51 52 53 54 55 56 57 58 59 60 61 62 63 64 66 67 68 69 70
(66,*) 0 1 2 3 4 5 6 7 8 9 10 11 12 13 14 15 16 17 18 19 40 41 42 43 44 45 46 47 48 49 50 51 52 53 54 55 56 57 58 59 60 61 62 63 64 65 67 68 69 70
(67,*) 0 1 2 3 4 5 6 7 8 9 10 11 12 13 14 15 16 17 18 19 40 41 42 43 44 45 46 47 48 49 50 51 52 53 54 55 56 57 58 59 60 61 62 63 64 65 66 68 69 70
(68,*) 0 1 2 3 4 5 6 7 8 9 10 11 12 13 14 15 16 17 18 19 40 41 42 43 44 45 46 47 48 49 50 51 52 53 54 55 56 57 58 59 60 61 62 63 64 65 66 67 69 70
(69,*) 0 1 2 3 4 5 6 7 8 9 10 11 12 13 14 15 16 17 18 19 40 41 42 43 44 45 46 47 48 49 50 51 52 53 54 55 56 57 58 59 60 61 62 63 64 65 66 67 68 70
(70,*) 0 1 2 3 4 5 6 7 8 9 10 11 12 13 14 15 16 17 18 19 40 41 42 43 44 45 46 47 48 49 50 51 52 53 54 55 56 57 58 59 60 61 62 63 64 65 66 67 68 69
;
set A2:=
(60,*) 61
(61,*) 60
(62,*) 63
(63,*) 62
;
param BigM:=99999;
param n:= 9;
param d:=
1	21
2	2
3	11
4	6
5	1
6	18
7	13
8	1
9	18
10	7
11	17
12	11
13	9
14	19
15	23
16	3
17	14
18	17
19	23
20	2
21	10
22	18
23	17
24	11
25	2
26	16
27	42
28	11
29	2
30	21
31	24
32	19
33	17
34	6
35	20
36	18
37	18
38	9
39	5
40	23
41	21
42	2
43	24
44	9
45	24
46	5
47	4
48	9
49	5
50	19
51	9
52	20
53	20
54	21
55	2
56	11
57	22
58	48
59	9
;
param Q:=100;
param w:=
[60,*] 61 2
[61,*] 60 2
[62,*] 63 2
[63,*] 62 2
;
param V:=
[60,*] 61 84
[61,*] 60 84
[62,*] 63 86
[63,*] 62 86
;
param e:
	60	61	62	63	64	65	66	67	68	69:=
20		0		0		1		0		0		0		0		0		0		0	
21		0		0		1		0		0		1		0		0		0		0	
22		0		0		1		0		0		1		0		0		0		0	
23		0		1		0		0		0		0		1		1		0		0	
24		0		1		0		1		0		0		0		1		0		0	
25		0		1		0		0		0		0		1		1		0		0	
26		0		1		0		0		0		1		0		0		0		0	
27		0		1		0		0		0		1		0		0		0		0	
28		0		1		1		0		0		1		0		0		0		0	
29		0		0		0		0		1		0		0		0		1		0	
30		0		0		1		0		0		1		1		0		0		0	
31		0		1		0		0		0		0		1		1		0		0	
32		0		0		0		0		0		0		0		0		1		0	
33		0		0		0		0		1		0		0		0		0		0	
34		0		1		0		0		0		0		0		0		0		0	
35		0		1		0		0		0		0		0		0		0		0	
36		0		0		1		0		0		1		0		0		0		0	
37		0		1		0		0		0		0		0		0		0		0	
38		0		1		0		0		0		1		0		0		0		0	
39		0		0		0		0		0		0		0		1		0		0	
40		0		0		0		0		1		0		0		0		1		0	
41		1		0		0		0		1		0		0		0		1		0	
42		0		0		0		0		1		0		0		0		1		0	
43		0		0		0		0		0		0		0		0		1		0	
44		0		1		0		0		0		0		0		0		0		0	
45		0		0		1		0		0		1		0		0		0		0	
46		0		0		0		0		0		0		1		0		0		0	
47		1		0		0		0		0		0		1		0		1		0	
48		0		1		0		0		0		1		0		0		0		0	
49		1		0		0		0		0		0		1		0		0		1	
50		0		0		0		0		0		0		1		0		0		0	
51		0		1		0		0		0		0		1		0		0		0	
52		0		1		0		0		0		1		0		0		0		0	
53		0		0		0		0		1		0		0		0		0		0	
54		0		1		0		0		0		0		0		1		0		0	
55		0		1		0		0		0		0		1		1		0		0	
56		0		1		0		0		0		0		0		1		0		0	
57		0		0		0		0		1		0		0		0		1		0	
58		0		0		0		0		0		1		0		0		0		0	
59		1		0		0		0		1		0		1		0		0		0	
;
param p:=
1	1
2	1
3	1
4	1
5	1
6	1
7	1
8	1
9	1
;
param G:=
60	84
61	98
62	86
63	78
64	79
65	99
66	79
67	70
68	98
69	81
;
param s:=
0	0
1	10
2	10
3	10
4	10
5	10
6	10
7	10
8	10
9	10
10	10
11	10
12	10
13	10
14	10
15	10
16	10
17	10
18	10
19	10
40	10
41	10
42	10
43	10
44	10
45	10
46	10
47	10
48	10
49	10
50	10
51	10
52	10
53	10
54	10
55	10
56	10
57	10
58	10
59	10
60	10
61	10
62	10
63	10
64	10
65	10
66	10
67	10
68	10
69	10
;
param t:
	0	1	2	3	4	5	6	7	8	9	10	11	12	13	14	15	16	17	18	19	20	21	22	23	24	25	26	27	28	29	30	31	32	33	34	35	36	37	38	39	40	41	42	43	44	45	46	47	48	49	50	51	52	53	54	55	56	57	58	59	60	61	62	63	64	65	66	67	68	69	70:=
0	0.0	5.66	6.0	12.17	14.56	16.12	12.81	15.62	20.0	28.07	23.32	27.78	26.83	32.25	34.41	38.0	31.62	36.22	40.45	35.78	94.4	100.44	94.76	54.59	42.8	54.04	66.27	78.1	88.29	60.17	80.62	50.64	60.93	56.32	85.91	83.95	82.02	64.28	78.03	43.27	54.92	52.15	66.75	64.56	84.12	111.21	48.37	50.91	86.83	40.0	52.35	49.4	89.2	54.59	66.48	69.43	55.32	63.15	86.02	41.62	38.33	78.03	104.48	7.07	50.25	90.92	42.1	23.8	59.01	20.8	0.0
1	5.66	0.0	4.47	16.12	10.0	20.1	18.44	17.09	25.61	24.74	28.84	29.73	32.25	36.0	40.0	34.23	29.53	32.0	45.12	37.95	95.41	101.55	94.85	59.23	48.41	58.03	70.03	81.22	91.41	57.58	80.72	54.15	59.06	52.95	89.11	87.13	82.22	68.73	82.02	48.83	51.92	48.66	63.56	62.03	89.2	112.07	47.2	51.22	89.82	39.6	52.5	51.92	91.76	51.42	71.69	74.22	60.17	60.17	88.77	41.04	35.17	82.22	105.21	12.73	46.87	92.57	42.66	29.42	56.11	17.63	5.66
2	6.0	4.47	0.0	18.11	8.94	22.09	17.2	12.65	24.08	22.09	28.64	25.3	30.0	32.06	38.21	32.0	26.0	30.27	41.76	33.53	90.97	97.1	90.55	55.79	46.69	54.15	66.0	76.94	87.13	54.41	76.42	50.04	55.46	50.36	84.85	82.87	77.9	65.12	78.1	46.86	49.03	46.17	60.83	58.82	86.16	107.65	43.27	46.86	85.51	35.38	48.17	47.54	87.36	48.66	68.88	70.88	56.92	57.27	84.4	36.88	32.39	78.41	100.8	12.08	44.28	88.1	38.25	27.89	53.15	14.83	6.0
3	12.17	16.12	18.11	0.0	26.08	4.0	12.65	26.08	18.0	40.2	16.12	36.77	26.0	37.58	31.05	50.04	43.68	48.04	42.43	44.05	103.48	109.34	105.0	56.14	38.63	57.72	70.34	83.57	93.64	72.28	90.91	55.71	72.8	68.47	91.08	89.2	92.2	66.27	81.22	39.85	67.08	64.28	78.92	76.66	83.19	120.42	59.93	61.22	92.48	51.11	62.8	56.6	95.71	66.75	65.12	70.03	56.0	75.31	92.2	52.84	50.49	80.62	113.9	9.9	62.39	99.05	52.28	20.96	71.17	32.94	12.17
4	14.56	10.0	8.94	26.08	0.0	30.07	26.08	16.49	32.8	15.23	37.58	28.0	38.21	37.36	46.69	24.33	21.26	22.0	48.33	36.06	90.35	96.6	88.41	62.03	55.17	59.23	70.46	80.1	90.2	48.33	74.4	54.33	50.48	43.17	88.09	86.09	76.03	70.88	82.87	55.17	42.38	38.83	53.85	52.8	93.04	106.68	39.6	45.65	88.36	33.29	46.65	50.16	89.44	41.76	76.16	77.25	63.56	50.6	86.83	34.41	25.63	83.55	99.64	21.02	37.11	88.6	37.75	36.58	46.61	8.71	14.56
5	16.12	20.1	22.09	4.0	30.07	0.0	14.42	29.53	18.44	44.18	14.56	39.7	26.31	39.45	30.27	54.04	47.54	52.04	43.17	46.69	106.15	111.95	108.07	56.57	37.36	58.82	71.47	85.09	95.08	76.16	94.02	57.27	76.55	72.44	92.48	90.62	95.27	66.75	82.0	38.83	71.02	68.26	82.87	80.52	82.61	123.11	63.56	64.4	94.02	54.59	66.03	58.82	97.53	70.71	64.5	70.03	56.14	79.25	93.91	56.36	54.45	81.22	116.67	13.04	66.37	101.4	55.45	20.85	75.09	36.92	16.12
6	12.81	18.44	17.2	12.65	26.08	14.42	0.0	18.11	7.21	36.88	12.17	26.08	14.56	25.06	21.63	47.07	38.0	46.17	30.07	32.56	91.93	97.67	94.4	44.0	30.0	45.12	57.72	70.94	80.99	66.27	80.45	43.08	65.51	64.12	78.43	76.55	81.61	54.04	68.73	30.53	62.0	60.3	74.0	70.46	72.28	108.9	51.92	51.11	79.85	42.38	52.84	44.41	83.19	62.03	54.41	58.31	44.18	70.03	79.62	44.27	46.27	68.26	102.55	5.83	58.22	87.01	42.2	11.0	65.81	29.98	12.81
7	15.62	17.09	12.65	26.08	16.49	29.53	18.11	0.0	22.36	20.59	30.0	12.65	25.06	20.88	34.0	30.46	20.1	30.53	32.25	20.88	78.82	84.88	79.25	45.69	42.19	42.76	54.15	64.5	74.67	48.17	65.12	38.05	47.54	46.39	72.44	70.46	66.48	54.41	66.48	41.62	44.05	42.76	56.04	52.35	76.94	95.6	34.18	35.38	72.99	25.06	36.88	34.93	74.73	44.18	60.46	60.93	47.41	52.0	71.81	26.83	28.86	67.08	88.87	16.55	40.61	75.59	26.52	25.52	47.78	15.03	15.62
8	20.0	25.61	24.08	18.0	32.8	18.44	7.21	22.36	0.0	42.38	8.94	27.2	8.0	22.63	14.42	52.5	42.43	52.0	24.74	32.25	90.69	96.21	94.34	38.21	22.8	40.5	53.14	67.08	76.97	70.0	80.62	39.45	68.47	68.73	74.32	72.5	81.63	48.37	63.56	23.32	66.27	65.12	78.23	74.03	65.51	107.63	54.59	52.0	76.03	44.72	53.85	42.43	79.92	66.48	47.54	52.04	38.0	74.11	76.16	46.69	51.2	62.8	101.53	13.04	62.97	84.96	43.34	3.82	69.89	35.82	20.0
9	28.07	24.74	22.09	40.2	15.23	44.18	36.88	20.59	42.38	0.0	49.03	26.08	45.65	38.42	54.59	10.2	8.25	10.0	50.99	32.31	79.12	85.44	75.47	63.25	62.77	58.14	67.68	74.67	84.38	33.11	61.77	52.0	35.61	28.28	82.61	80.62	63.53	70.71	80.32	62.13	27.2	24.08	38.83	37.58	94.87	94.85	26.08	34.93	82.22	22.36	35.44	45.12	82.02	26.68	79.4	78.23	65.6	35.44	80.02	22.8	10.44	81.71	87.66	33.14	22.2	78.85	28.76	45.79	31.41	7.27	28.07
10	23.32	28.84	28.64	16.12	37.58	14.56	12.17	30.0	8.94	49.03	0.0	36.06	14.42	31.24	16.0	59.23	50.04	58.24	31.3	41.18	99.36	104.8	103.25	43.68	22.8	47.41	59.93	74.43	84.12	78.1	89.55	47.2	76.94	76.24	81.41	79.65	90.55	53.85	69.57	24.33	74.03	72.44	86.02	82.22	68.26	116.28	63.15	60.93	83.35	53.37	62.77	50.99	87.66	74.11	50.16	56.32	42.76	82.0	83.76	55.32	58.42	68.41	110.26	16.55	70.35	93.35	52.23	8.68	77.78	42.08	23.32
11	27.78	29.73	25.3	36.77	28.0	39.7	26.08	12.65	27.2	26.08	36.06	0.0	26.0	12.81	34.23	33.94	21.26	35.61	25.61	8.25	66.84	72.8	68.41	37.2	41.23	32.31	42.76	52.15	62.29	44.72	54.41	26.68	42.0	45.69	60.13	58.14	55.61	44.72	55.32	39.85	42.38	42.94	53.85	48.37	68.82	83.74	28.0	25.06	60.53	18.0	26.83	22.36	62.1	43.08	53.74	52.15	39.7	49.48	59.23	20.0	30.61	56.32	77.16	26.87	40.71	63.13	16.22	29.07	45.39	23.49	27.78
12	26.83	32.25	30.0	26.0	38.21	26.31	14.56	25.06	8.0	45.65	14.42	26.0	0.0	17.89	8.94	55.46	44.27	55.57	17.09	29.12	85.6	90.91	90.35	30.27	17.2	33.11	45.69	60.03	69.77	70.46	76.97	32.8	68.0	70.34	67.08	65.3	77.82	40.45	55.79	16.97	67.47	67.05	79.25	74.24	57.72	102.45	54.0	49.48	68.96	44.0	51.42	37.2	73.24	67.91	39.85	44.05	30.0	74.97	69.34	46.0	53.49	54.92	96.61	20.25	64.85	79.21	41.31	5.81	70.8	39.73	26.83
13	32.25	36.0	32.06	37.58	37.36	39.45	25.06	20.88	22.63	38.42	31.24	12.81	17.89	0.0	24.33	46.69	34.06	48.17	12.81	12.0	68.12	73.59	72.47	25.06	30.07	22.09	34.06	46.17	56.32	56.32	59.09	18.44	52.61	58.14	53.85	51.92	59.93	33.53	46.04	28.28	54.63	55.57	65.79	59.67	56.6	85.04	38.83	32.25	55.03	29.12	34.23	19.8	58.14	55.46	41.04	40.25	27.2	61.35	54.63	31.05	43.42	46.39	79.03	28.46	53.34	62.37	24.78	22.81	57.38	34.8	32.25
14	34.41	40.0	38.21	31.05	46.69	30.27	21.63	34.0	14.42	54.59	16.0	34.23	8.94	24.33	0.0	64.4	53.14	64.5	18.44	36.22	89.89	94.87	95.85	28.64	8.49	34.06	46.04	61.22	70.46	78.92	82.87	35.61	76.11	79.12	67.68	66.03	83.57	38.63	54.63	8.94	76.16	75.89	87.86	82.61	52.35	106.51	62.13	56.57	70.0	52.15	58.55	42.05	75.07	76.66	34.23	40.45	27.2	83.55	70.94	54.15	62.39	53.14	101.02	27.46	73.68	82.62	48.83	10.67	79.41	48.61	34.41
15	38.0	34.23	32.0	50.04	24.33	54.04	47.07	30.46	52.5	10.2	59.23	33.94	55.46	46.69	64.4	0.0	12.81	4.47	59.46	38.83	78.1	84.4	72.5	70.94	72.47	64.9	73.35	78.59	87.86	25.61	59.46	58.31	30.0	18.97	86.35	84.4	61.35	77.67	85.91	71.69	18.87	14.56	29.73	30.0	102.45	92.97	24.33	36.06	85.51	24.74	36.0	50.16	84.38	17.89	87.68	85.6	73.59	26.83	82.87	24.33	5.0	87.66	85.7	43.29	13.0	79.31	32.11	55.86	23.13	17.32	38.0
16	31.62	29.53	26.0	43.68	21.26	47.54	38.0	20.1	42.43	8.25	50.04	21.26	44.27	34.06	53.14	12.81	0.0	15.23	46.86	26.08	70.94	77.25	67.68	58.14	60.93	52.15	60.93	67.08	76.66	28.64	53.85	45.65	29.53	26.31	74.97	72.99	55.57	64.9	73.54	59.93	24.0	22.8	36.0	32.98	89.64	86.76	18.44	26.68	74.43	14.14	27.2	37.95	74.0	24.08	74.97	72.8	60.83	32.06	72.11	14.56	9.43	75.15	79.61	35.36	20.62	70.61	20.79	45.46	27.85	12.56	31.62
17	36.22	32.0	30.27	48.04	22.0	52.04	46.17	30.53	52.0	10.0	58.24	35.61	55.57	48.17	64.5	4.47	15.23	0.0	60.83	41.18	82.46	88.77	76.97	72.8	72.72	67.23	76.16	82.0	91.41	29.73	63.91	60.83	34.41	22.36	89.82	87.86	65.79	79.92	88.77	72.11	22.8	17.89	33.11	34.06	104.4	97.41	28.64	40.0	89.11	28.28	40.05	53.14	88.2	21.63	89.2	87.66	75.29	30.53	86.58	28.07	9.22	90.38	90.14	41.98	16.64	83.49	35.5	55.5	27.02	16.21	36.22
18	40.45	45.12	41.76	42.43	48.33	43.17	30.07	32.25	24.74	50.99	31.3	25.61	17.09	12.81	18.44	59.46	46.86	60.83	0.0	23.41	71.69	76.55	78.43	14.14	20.88	16.12	28.64	43.27	52.84	68.35	65.97	17.2	64.03	70.71	50.12	48.37	66.48	24.0	38.83	18.44	67.08	68.26	78.0	71.47	44.72	88.2	50.6	42.19	52.15	41.23	44.18	24.74	56.85	68.0	28.43	29.12	15.23	73.54	52.8	43.08	56.22	38.21	82.86	35.01	66.04	64.2	35.96	22.88	69.65	46.88	40.45
19	35.78	37.95	33.53	44.05	36.06	46.69	32.56	20.88	32.25	32.31	41.18	8.25	29.12	12.0	36.22	38.83	26.08	41.18	23.41	0.0	59.46	65.3	62.13	32.56	42.05	26.08	35.44	44.05	54.15	44.94	48.37	19.7	40.79	47.71	52.04	50.04	49.4	38.83	48.08	40.2	43.91	45.61	54.63	48.08	63.78	76.42	27.2	20.4	52.35	17.89	22.36	14.14	53.85	44.94	50.0	46.86	35.61	50.16	50.99	19.7	34.83	49.4	70.01	34.21	43.42	55.23	12.81	33.33	46.32	30.87	35.78
20	94.4	95.41	90.97	103.48	90.35	106.15	91.93	78.82	90.69	79.12	99.36	66.84	85.6	68.12	89.89	78.1	70.94	82.46	71.69	59.46	0.0	6.32	15.62	67.68	92.13	58.31	50.99	38.0	37.36	60.03	20.1	54.59	52.0	70.0	38.83	38.47	18.11	63.15	54.04	89.44	66.03	72.11	66.75	58.31	82.1	16.97	53.85	44.72	34.93	57.27	43.86	48.41	27.2	68.03	81.22	70.46	71.47	64.28	30.59	56.46	73.25	58.03	11.18	93.61	71.25	11.4	52.82	90.86	64.02	82.42	94.4
21	100.44	101.55	97.1	109.34	96.6	111.95	97.67	84.88	96.21	85.44	104.8	72.8	90.91	73.59	94.87	84.4	77.25	88.77	76.55	65.3	6.32	0.0	18.87	71.69	96.75	62.61	54.41	40.45	38.21	66.0	26.0	59.36	58.03	76.03	40.05	40.0	24.0	66.48	56.14	94.02	72.11	78.23	72.44	64.12	84.02	11.66	60.17	50.99	36.06	63.56	50.16	53.81	28.07	74.11	84.4	73.35	75.39	70.11	32.0	62.77	79.56	60.13	8.06	99.49	77.41	13.34	59.01	96.25	70.0	88.7	100.44
22	94.76	94.85	90.55	105.0	88.41	108.07	94.4	79.25	94.34	75.47	103.25	68.41	90.35	72.47	95.85	72.5	67.68	76.97	78.43	62.13	15.62	18.87	0.0	76.94	99.3	67.08	62.0	50.99	52.0	50.99	14.14	62.1	43.68	61.19	53.14	52.5	12.81	74.03	67.08	96.77	57.72	64.03	56.04	48.37	95.04	22.0	49.4	43.86	49.4	55.32	42.43	53.85	42.05	59.67	92.09	82.02	80.89	54.33	44.94	54.04	67.98	71.02	15.13	95.13	63.6	26.42	52.76	95.13	54.96	79.96	94.76
23	54.59	59.23	55.79	56.14	62.03	56.57	44.0	45.69	38.21	63.25	43.68	37.2	30.27	25.06	28.64	70.94	58.14	72.8	14.14	32.56	67.68	71.69	76.94	0.0	26.91	10.0	18.44	34.06	42.52	76.16	66.03	16.49	70.68	80.0	39.7	38.21	66.12	10.2	26.0	24.08	76.03	78.1	86.09	78.71	31.62	83.26	58.31	47.54	42.43	50.0	49.4	27.2	48.41	77.2	17.89	15.23	4.0	81.63	44.05	51.61	67.21	24.74	78.77	49.09	75.93	58.6	43.49	35.81	78.04	59.86	54.59
24	42.8	48.41	46.69	38.63	55.17	37.36	30.0	42.19	22.8	62.77	22.8	41.23	17.2	30.07	8.49	72.47	60.93	72.72	20.88	42.05	92.13	96.75	99.3	26.91	0.0	34.41	45.25	60.83	69.43	85.91	86.83	37.58	82.61	86.65	66.6	65.12	87.36	36.06	52.15	2.83	83.52	83.57	95.08	89.44	46.0	108.41	68.73	62.03	69.31	58.86	64.03	45.61	75.07	84.12	28.07	36.06	24.41	90.71	70.77	60.83	70.26	50.12	103.31	35.81	81.34	84.06	54.85	19.0	86.62	56.94	42.8
25	54.04	58.03	54.15	57.72	59.23	58.82	45.12	42.76	40.5	58.14	47.41	32.31	33.11	22.09	34.06	64.9	52.15	67.23	16.12	26.08	58.31	62.61	67.08	10.0	34.41	0.0	12.65	27.2	36.72	67.68	56.04	7.21	61.77	72.25	34.0	32.25	56.14	12.81	24.0	31.62	68.12	70.71	77.67	69.97	38.21	74.24	50.0	38.47	36.06	42.43	40.25	17.89	41.04	69.43	27.2	21.26	14.0	73.24	36.88	43.86	60.8	24.33	69.46	49.5	68.59	49.74	35.44	38.92	69.82	55.75	54.04
26	66.27	70.03	66.0	70.34	70.46	71.47	57.72	54.15	53.14	67.68	59.93	42.76	45.69	34.06	46.04	73.35	60.93	76.16	28.64	35.44	50.99	54.41	62.0	18.44	45.25	12.65	0.0	15.62	24.41	72.14	52.95	16.12	65.3	78.1	21.63	20.0	52.61	12.17	12.65	42.43	73.76	77.2	82.07	73.76	34.93	65.79	55.32	42.43	24.08	49.4	43.86	23.32	30.0	75.29	30.27	20.1	21.63	77.79	25.61	50.48	68.88	14.42	61.85	61.98	75.21	41.11	41.95	51.5	74.81	66.17	66.27
27	78.1	81.22	76.94	83.57	80.1	85.09	70.94	64.5	67.08	74.67	74.43	52.15	60.03	46.17	61.22	78.59	67.08	82.0	43.27	44.05	38.0	40.45	50.99	34.06	60.83	27.2	15.62	0.0	10.2	72.11	44.72	27.86	64.4	79.65	8.0	6.0	43.86	26.83	16.12	58.0	75.18	79.62	81.61	72.8	44.18	51.42	57.27	43.86	8.94	53.85	44.72	30.0	14.42	76.94	44.27	32.98	37.2	77.67	10.0	54.41	73.76	20.1	48.26	74.63	77.88	27.17	46.51	65.84	75.35	74.55	78.1
28	88.29	91.41	87.13	93.64	90.2	95.08	80.99	74.67	76.97	84.38	84.12	62.29	69.77	56.32	70.46	87.86	76.66	91.41	52.84	54.15	37.36	38.21	52.0	42.52	69.43	36.72	24.41	10.2	0.0	79.65	48.41	37.95	71.69	87.73	2.83	4.47	47.2	34.06	19.7	66.6	83.26	88.02	88.84	79.92	46.39	48.04	65.79	52.5	2.83	63.15	53.14	40.05	10.2	85.09	50.12	38.47	45.25	85.09	7.21	63.56	82.98	23.41	46.27	84.77	86.38	25.96	55.94	75.58	83.09	84.5	88.29
29	60.17	57.58	54.41	72.28	48.33	76.16	66.27	48.17	70.0	33.11	78.1	44.72	70.46	56.32	78.92	25.61	28.64	29.73	68.35	44.94	60.03	66.0	50.99	76.16	85.91	67.68	72.14	72.11	79.65	0.0	40.0	60.46	8.25	10.2	78.89	77.18	42.0	80.0	83.55	84.4	7.21	13.42	10.0	4.47	105.6	72.69	17.89	29.73	76.94	27.2	28.28	50.0	73.54	8.94	94.02	88.81	79.65	5.66	73.35	25.3	22.83	86.28	65.49	63.95	13.6	64.33	32.76	72.65	4.01	39.97	60.17
30	80.62	80.72	76.42	90.91	74.4	94.02	80.45	65.12	80.62	61.77	89.55	54.41	76.97	59.09	82.87	59.46	53.85	63.91	65.97	48.37	20.1	26.0	14.14	66.03	86.83	56.04	52.95	44.72	48.41	40.0	0.0	50.36	32.06	50.04	48.83	47.71	2.0	64.5	60.17	84.4	46.17	52.35	46.69	38.21	87.36	33.53	35.78	29.73	45.61	41.23	28.28	41.23	39.6	48.17	82.22	72.99	70.03	44.18	41.23	40.0	54.78	63.91	26.25	81.06	51.62	26.42	38.64	81.58	44.0	66.01	80.62
31	50.64	54.15	50.04	55.71	54.33	57.27	43.08	38.05	39.45	52.0	47.2	26.68	32.8	18.44	35.61	58.31	45.65	60.83	17.2	19.7	54.59	59.36	62.1	16.49	37.58	7.21	16.12	27.86	37.95	60.46	50.36	0.0	54.59	65.12	35.44	33.53	50.64	19.8	28.64	34.93	60.96	63.66	70.46	62.77	45.34	71.02	42.8	31.3	36.77	35.38	33.11	10.77	40.5	62.29	34.18	28.43	20.4	66.03	36.72	36.77	54.08	29.73	65.76	46.84	61.55	47.01	28.3	38.53	62.62	50.15	50.64
32	60.93	59.06	55.46	72.8	50.48	76.55	65.51	47.54	68.47	35.61	76.94	42.0	68.0	52.61	76.11	30.0	29.53	34.41	64.03	40.79	52.0	58.03	43.68	70.68	82.61	61.77	65.3	64.4	71.69	8.25	32.06	54.59	0.0	18.0	71.02	69.34	34.06	73.78	76.37	80.89	14.14	20.4	17.2	8.49	99.3	65.12	14.0	23.32	68.96	24.0	21.63	43.91	65.39	16.12	88.57	82.68	74.32	13.42	65.3	22.0	26.17	79.25	57.87	63.89	19.92	56.09	28.07	70.79	12.13	41.82	60.93
33	56.32	52.95	50.36	68.47	43.17	72.44	64.12	46.39	68.73	28.28	76.24	45.69	70.34	58.14	79.12	18.97	26.31	22.36	70.71	47.71	70.0	76.03	61.19	80.0	86.65	72.25	78.1	79.65	87.73	10.2	50.04	65.12	18.0	0.0	86.76	84.97	52.04	84.9	90.0	85.44	4.47	4.47	10.77	13.42	110.45	82.87	22.8	36.06	85.09	30.0	34.99	55.17	82.22	2.83	97.65	93.51	83.23	8.49	81.71	28.43	18.03	92.46	75.66	61.01	6.08	73.82	36.81	71.75	6.26	35.54	56.32
34	85.91	89.11	84.85	91.08	88.09	92.48	78.43	72.44	74.32	82.61	81.41	60.13	67.08	53.85	67.68	86.35	74.97	89.82	50.12	52.04	38.83	40.05	53.14	39.7	66.6	34.0	21.63	8.0	2.83	78.89	48.83	35.44	71.02	86.76	0.0	2.0	47.71	31.24	17.09	63.78	82.29	86.93	88.2	79.32	44.18	50.16	64.62	51.26	4.0	61.61	52.0	38.0	12.0	84.1	47.41	35.78	42.43	84.38	8.25	62.1	81.49	20.88	48.09	82.28	85.23	27.46	54.32	72.9	82.26	82.55	85.91
35	83.95	87.13	82.87	89.2	86.09	90.62	76.55	70.46	72.5	80.62	79.65	58.14	65.3	51.92	66.03	84.4	72.99	87.86	48.37	50.04	38.47	40.0	52.5	38.21	65.12	32.25	20.0	6.0	4.47	77.18	47.71	33.53	69.34	84.97	2.0	0.0	46.65	30.0	16.49	62.29	80.5	85.09	86.53	77.67	44.05	50.36	62.77	49.4	4.47	59.67	50.16	36.0	12.17	82.29	46.52	34.93	41.04	82.68	8.0	60.17	79.56	20.4	48.01	80.36	83.38	27.17	52.37	71.11	80.51	80.55	83.95
36	82.02	82.22	77.9	92.2	76.03	95.27	81.61	66.48	81.63	63.53	90.55	55.61	77.82	59.93	83.57	61.35	55.57	65.79	66.48	49.4	18.11	24.0	12.81	66.12	87.36	56.14	52.61	43.86	47.2	42.0	2.0	50.64	34.06	52.04	47.71	46.65	0.0	64.28	59.46	84.9	48.17	54.33	48.66	40.2	86.83	31.62	37.58	31.11	44.41	42.8	29.73	41.76	38.21	50.16	82.1	72.69	70.11	46.17	40.0	41.62	56.65	63.25	24.35	82.33	53.6	24.7	39.98	82.51	46.0	67.67	82.02
37	64.28	68.73	65.12	66.27	70.88	66.75	54.04	54.41	48.37	70.71	53.85	44.72	40.45	33.53	38.63	77.67	64.9	79.92	24.0	38.83	63.15	66.48	74.03	10.2	36.06	12.81	12.17	26.83	34.06	80.0	64.5	19.8	73.78	84.9	31.24	30.0	64.28	0.0	16.12	33.29	80.72	83.45	90.0	82.1	25.61	77.79	62.48	50.48	34.41	55.17	52.15	30.0	41.18	82.07	18.11	8.94	11.66	85.6	36.72	56.57	73.6	14.56	73.98	59.01	81.34	53.16	48.09	46.01	82.29	67.98	64.28
38	78.03	82.02	78.1	81.22	82.87	82.0	68.73	66.48	63.56	80.32	69.57	55.32	55.79	46.04	54.63	85.91	73.54	88.77	38.83	48.08	54.04	56.14	67.08	26.0	52.15	24.0	12.65	16.12	19.7	83.55	60.17	28.64	76.37	90.0	17.09	16.49	59.46	16.12	0.0	49.4	85.6	89.31	93.38	84.85	28.07	66.75	67.2	54.04	20.88	61.77	55.32	35.78	28.64	87.2	30.53	18.87	27.78	89.2	24.33	62.77	81.39	4.0	64.07	73.33	87.37	43.01	54.3	61.48	86.41	78.76	78.03
39	43.27	48.83	46.86	39.85	55.17	38.83	30.53	41.62	23.32	62.13	24.33	39.85	16.97	28.28	8.94	71.69	59.93	72.11	18.44	40.2	89.44	94.02	96.77	24.08	2.83	31.62	42.43	58.0	66.6	84.4	84.4	34.93	80.89	85.44	63.78	62.29	84.9	33.29	49.4	0.0	82.22	82.46	93.68	87.86	44.05	105.68	67.08	60.0	66.48	57.27	62.0	43.17	72.25	82.87	26.0	33.53	21.63	89.29	67.94	59.23	69.32	47.41	100.62	36.36	80.23	81.3	53.01	19.6	85.23	56.5	43.27
40	54.92	51.92	49.03	67.08	42.38	71.02	62.0	44.05	66.27	27.2	74.03	42.38	67.47	54.63	76.16	18.87	24.0	22.8	67.08	43.91	66.03	72.11	57.72	76.03	83.52	68.12	73.76	75.18	83.26	7.21	46.17	60.96	14.14	4.47	82.29	80.5	48.17	80.72	85.6	82.22	0.0	6.32	12.0	11.31	106.3	79.25	18.44	31.62	80.62	26.08	30.53	50.91	77.79	2.0	93.74	89.38	79.32	8.25	77.25	24.41	16.76	88.09	72.01	59.21	6.4	69.58	32.68	69.16	4.27	34.32	54.92
41	52.15	48.66	46.17	64.28	38.83	68.26	60.3	42.76	65.12	24.08	72.44	42.94	67.05	55.57	75.89	14.56	22.8	17.89	68.26	45.61	72.11	78.23	64.03	78.1	83.57	70.71	77.2	79.62	88.02	13.42	52.35	63.66	20.4	4.47	86.93	85.09	54.33	83.45	89.31	82.46	6.32	0.0	15.23	17.2	108.9	85.51	22.36	35.78	85.44	28.28	34.93	54.04	82.97	4.47	95.6	91.93	81.22	12.81	82.22	26.91	14.04	91.61	78.26	57.01	2.24	75.33	35.44	68.22	9.87	31.35	52.15
42	66.75	63.56	60.83	78.92	53.85	82.87	74.0	56.04	78.23	38.83	86.02	53.85	79.25	65.79	87.86	29.73	36.0	33.11	78.0	54.63	66.75	72.44	56.04	86.09	95.08	77.67	82.07	81.61	88.84	10.0	46.69	70.46	17.2	10.77	88.2	86.53	48.66	90.0	93.38	93.68	12.0	15.23	0.0	8.94	115.6	78.03	27.78	39.7	86.09	36.77	38.21	60.0	82.29	12.17	103.94	98.81	89.55	4.47	82.37	34.93	28.44	96.17	71.0	71.18	16.76	72.12	42.64	81.08	8.46	46.04	66.75
43	64.56	62.03	58.82	76.66	52.8	80.52	70.46	52.35	74.03	37.58	82.22	48.37	74.24	59.67	82.61	30.0	32.98	34.06	71.47	48.08	58.31	64.12	48.37	78.71	89.44	69.97	73.76	72.8	79.92	4.47	38.21	62.77	8.49	13.42	79.32	77.67	40.2	82.1	84.85	87.86	11.31	17.2	8.94	0.0	107.65	70.26	20.88	31.62	77.18	30.59	30.0	52.15	73.35	12.81	96.6	90.97	82.29	6.0	73.43	28.64	27.29	87.73	63.13	68.25	17.69	63.32	35.61	76.6	7.34	44.43	64.56
44	84.12	89.2	86.16	83.19	93.04	82.61	72.28	76.94	65.51	94.87	68.26	68.82	57.72	56.6	52.35	102.45	89.64	104.4	44.72	63.78	82.1	84.02	95.04	31.62	46.0	38.21	34.93	44.18	46.39	105.6	87.36	45.34	99.3	110.45	44.18	44.05	86.83	25.61	28.07	44.05	106.3	108.9	115.6	107.65	0.0	94.34	88.09	76.03	48.17	80.62	77.67	55.61	56.14	107.63	18.11	16.97	29.53	111.21	52.04	82.07	98.6	24.08	92.01	77.88	106.78	71.01	73.64	62.25	107.9	91.37	84.12
45	111.21	112.07	107.65	120.42	106.68	123.11	108.9	95.6	107.63	94.85	116.28	83.74	102.45	85.04	106.51	92.97	86.76	97.41	88.2	76.42	16.97	11.66	22.0	83.26	108.41	74.24	65.79	51.42	48.04	72.69	33.53	71.02	65.12	82.87	50.16	50.36	31.62	77.79	66.75	105.68	79.25	85.51	78.03	70.26	94.34	0.0	69.08	61.06	46.17	73.43	60.03	65.3	38.21	81.22	95.6	84.4	86.93	76.24	42.43	72.47	88.26	70.71	7.28	110.54	84.93	24.7	69.41	107.76	76.68	98.56	111.21
46	48.37	47.2	43.27	59.93	39.6	63.56	51.92	34.18	54.59	26.08	63.15	28.0	54.0	38.83	62.13	24.33	18.44	28.64	50.6	27.2	53.85	60.17	49.4	58.31	68.73	50.0	55.32	57.27	65.79	17.89	35.78	42.8	14.0	22.8	64.62	62.77	37.58	62.48	67.2	67.08	18.44	22.36	27.78	20.88	88.09	69.08	0.0	13.42	63.25	10.0	12.65	32.56	61.19	20.0	76.16	71.22	61.77	23.32	60.17	8.0	19.42	69.66	61.85	50.7	20.62	55.08	14.87	56.84	19.82	30.95	48.37
47	50.91	51.22	46.86	61.22	45.65	64.4	51.11	35.38	52.0	34.93	60.93	25.06	49.48	32.25	56.57	36.06	26.68	40.0	42.19	20.4	44.72	50.99	43.86	47.54	62.03	38.47	42.43	43.86	52.5	29.73	29.73	31.3	23.32	36.06	51.26	49.4	31.11	50.48	54.04	60.0	31.62	35.78	39.7	31.62	76.03	61.06	13.42	0.0	50.0	12.65	2.0	20.59	48.37	33.29	65.39	59.36	51.26	35.38	47.07	12.17	31.06	56.64	54.08	51.4	34.01	43.93	8.95	53.44	32.41	37.72	50.91
48	86.83	89.82	85.51	92.48	88.36	94.02	79.85	72.99	76.03	82.22	83.35	60.53	68.96	55.03	70.0	85.51	74.43	89.11	52.15	52.35	34.93	36.06	49.4	42.43	69.31	36.06	24.08	8.94	2.83	76.94	45.61	36.77	68.96	85.09	4.0	4.47	44.41	34.41	20.88	66.48	80.62	85.44	86.09	77.18	48.17	46.17	63.25	50.0	0.0	60.83	50.6	38.21	8.0	82.46	50.99	39.4	45.34	82.37	4.47	61.19	80.6	24.74	44.1	83.49	83.82	23.54	53.68	74.77	80.4	82.51	86.83
49	40.0	39.6	35.38	51.11	33.29	54.59	42.38	25.06	44.72	22.36	53.37	18.0	44.0	29.12	52.15	24.74	14.14	28.28	41.23	17.89	57.27	63.56	55.32	50.0	58.86	42.43	49.4	53.85	63.15	27.2	41.23	35.38	24.0	30.0	61.61	59.67	42.8	55.17	61.77	57.27	26.08	28.28	36.77	30.59	80.62	73.43	10.0	12.65	60.83	0.0	13.42	26.08	60.03	27.2	67.68	63.66	53.25	32.31	58.31	2.0	19.92	63.81	66.37	41.59	26.17	56.52	7.49	46.89	28.43	25.16	40.0
50	52.35	52.5	48.17	62.8	46.65	66.03	52.84	36.88	53.85	35.44	62.77	26.83	51.42	34.23	58.55	36.0	27.2	40.05	44.18	22.36	43.86	50.16	42.43	49.4	64.03	40.25	43.86	44.72	53.14	28.28	28.28	33.11	21.63	34.99	52.0	50.16	29.73	52.15	55.32	62.0	30.53	34.93	38.21	30.0	77.67	60.03	12.65	2.0	50.6	13.42	0.0	22.36	48.66	32.25	67.23	61.06	53.14	33.94	47.54	12.65	31.0	58.0	53.0	53.01	33.24	43.57	10.64	55.34	31.1	38.57	52.35
51	49.4	51.92	47.54	56.6	50.16	58.82	44.41	34.93	42.43	45.12	50.99	22.36	37.2	19.8	42.05	50.16	37.95	53.14	24.74	14.14	48.41	53.81	53.85	27.2	45.61	17.89	23.32	30.0	40.05	50.0	41.23	10.77	43.91	55.17	38.0	36.0	41.76	30.0	35.78	43.17	50.91	54.04	60.0	52.15	55.61	65.3	32.56	20.59	38.21	26.08	22.36	0.0	39.85	52.35	44.94	38.83	31.05	55.61	36.88	27.2	45.62	37.74	59.41	47.01	52.01	42.64	18.66	42.46	52.33	44.58	49.4
52	89.2	91.76	87.36	95.71	89.44	97.53	83.19	74.73	79.92	82.02	87.66	62.1	73.24	58.14	75.07	84.38	74.0	88.2	56.85	53.85	27.2	28.07	42.05	48.41	75.07	41.04	30.0	14.42	10.2	73.54	39.6	40.5	65.39	82.22	12.0	12.17	38.21	41.18	28.64	72.25	77.79	82.97	82.29	73.35	56.14	38.21	61.19	48.37	8.0	60.03	48.66	39.85	0.0	79.7	58.31	46.82	51.61	78.79	4.47	60.13	79.4	32.56	36.12	86.41	81.49	15.81	53.26	78.99	77.17	83.02	89.2
53	54.59	51.42	48.66	66.75	41.76	70.71	62.03	44.18	66.48	26.68	74.11	43.08	67.91	55.46	76.66	17.89	24.08	21.63	68.0	44.94	68.03	74.11	59.67	77.2	84.12	69.43	75.29	76.94	85.09	8.94	48.17	62.29	16.12	2.83	84.1	82.29	50.16	82.07	87.2	82.87	2.0	4.47	12.17	12.81	107.63	81.22	20.0	33.29	82.46	27.2	32.25	52.35	79.7	0.0	94.87	90.69	80.45	8.94	79.12	25.61	16.28	89.64	73.98	59.08	5.0	71.57	33.99	69.44	5.5	33.88	54.59
54	66.48	71.69	68.88	65.12	76.16	64.5	54.41	60.46	47.54	79.4	50.16	53.74	39.85	41.04	34.23	87.68	74.97	89.2	28.43	50.0	81.22	84.4	92.09	17.89	28.07	27.2	30.27	44.27	50.12	94.02	82.22	34.18	88.57	97.65	47.41	46.52	82.1	18.11	30.53	26.0	93.74	95.6	103.94	96.6	18.11	95.6	76.16	65.39	50.99	67.68	67.23	44.94	58.31	94.87	0.0	11.66	14.42	99.48	53.85	69.34	84.22	27.2	91.98	60.08	93.41	71.06	61.31	44.21	95.85	75.25	66.48
55	69.43	74.22	70.88	70.03	77.25	70.03	58.31	60.93	52.04	78.23	56.32	52.15	44.05	40.25	40.45	85.6	72.8	87.66	29.12	46.86	70.46	73.35	82.02	15.23	36.06	21.26	20.1	32.98	38.47	88.81	72.99	28.43	82.68	93.51	35.78	34.93	72.69	8.94	18.87	33.53	89.38	91.93	98.81	90.97	16.97	84.4	71.22	59.36	39.4	63.66	61.06	38.83	46.82	90.69	11.66	0.0	14.14	94.4	42.38	65.12	81.69	15.62	81.05	63.64	89.81	60.02	56.7	49.2	91.04	75.03	69.43
56	55.32	60.17	56.92	56.0	63.56	56.14	44.18	47.41	38.0	65.6	42.76	39.7	30.0	27.2	27.2	73.59	60.83	75.29	15.23	35.61	71.47	75.39	80.89	4.0	24.41	14.0	21.63	37.2	45.25	79.65	70.03	20.4	74.32	83.23	42.43	41.04	70.11	11.66	27.78	21.63	79.32	81.22	89.55	82.29	29.53	86.93	61.77	51.26	45.34	53.25	53.14	31.05	51.61	80.45	14.42	14.14	0.0	85.09	47.2	54.92	70.01	26.0	82.54	49.5	79.03	62.24	46.92	35.3	81.44	61.88	55.32
57	63.15	60.17	57.27	75.31	50.6	79.25	70.03	52.0	74.11	35.44	82.0	49.48	74.97	61.35	83.55	26.83	32.06	30.53	73.54	50.16	64.28	70.11	54.33	81.63	90.71	73.24	77.79	77.67	85.09	5.66	44.18	66.03	13.42	8.49	84.38	82.68	46.17	85.6	89.2	89.29	8.25	12.81	4.47	6.0	111.21	76.24	23.32	35.38	82.37	32.31	33.94	55.61	78.79	8.94	99.48	94.4	85.09	0.0	78.71	30.46	25.0	91.93	69.12	67.36	13.89	69.12	38.17	76.9	4.22	42.57	63.15
58	86.02	88.77	84.4	92.2	86.83	93.91	79.62	71.81	76.16	80.02	83.76	59.23	69.34	54.63	70.94	82.87	72.11	86.58	52.8	50.99	30.59	32.0	44.94	44.05	70.77	36.88	25.61	10.0	7.21	73.35	41.23	36.72	65.3	81.71	8.25	8.0	40.0	36.72	24.33	67.94	77.25	82.22	82.37	73.43	52.04	42.43	60.17	47.07	4.47	58.31	47.54	36.88	4.47	79.12	53.85	42.38	47.2	78.71	0.0	58.55	77.93	28.28	40.01	83.01	80.65	19.24	51.32	75.12	76.88	80.67	86.02
59	41.62	41.04	36.88	52.84	34.41	56.36	44.27	26.83	46.69	22.8	55.32	20.0	46.0	31.05	54.15	24.33	14.56	28.07	43.08	19.7	56.46	62.77	54.04	51.61	60.83	43.86	50.48	54.41	63.56	25.3	40.0	36.77	22.0	28.43	62.1	60.17	41.62	56.57	62.77	59.23	24.41	26.91	34.93	28.64	82.07	72.47	8.0	12.17	61.19	2.0	12.65	27.2	60.13	25.61	69.34	65.12	54.92	30.46	58.55	0.0	19.42	64.9	65.37	43.38	24.84	56.09	8.55	48.88	26.63	26.11	41.62
60	38.33	35.17	32.39	50.49	25.63	54.45	46.27	28.86	51.2	10.44	58.42	30.61	53.49	43.42	62.39	5.0	9.43	9.22	56.22	34.83	73.25	79.56	67.98	67.21	70.26	60.8	68.88	73.76	82.98	22.83	54.78	54.08	26.17	18.03	81.49	79.56	56.65	73.6	81.39	69.32	16.76	14.04	28.44	27.29	98.6	88.26	19.42	31.06	80.6	19.92	31.0	45.62	79.4	16.28	84.22	81.69	70.01	25.0	77.93	19.42	0.0	83.24	80.99	43.0	12.0	74.33	27.36	54.38	20.98	17.6	38.33
61	78.03	82.22	78.41	80.62	83.55	81.22	68.26	67.08	62.8	81.71	68.41	56.32	54.92	46.39	53.14	87.66	75.15	90.38	38.21	49.4	58.03	60.13	71.02	24.74	50.12	24.33	14.42	20.1	23.41	86.28	63.91	29.73	79.25	92.46	20.88	20.4	63.25	14.56	4.0	47.41	88.09	91.61	96.17	87.73	24.08	70.71	69.66	56.64	24.74	63.81	58.0	37.74	32.56	89.64	27.2	15.62	26.0	91.93	28.28	64.9	83.24	0.0	68.07	73.06	89.63	47.01	56.37	60.53	89.05	79.81	78.03
62	104.48	105.21	100.8	113.9	99.64	116.67	102.55	88.87	101.53	87.66	110.26	77.16	96.61	79.03	101.02	85.7	79.61	90.14	82.86	70.01	11.18	8.06	15.13	78.77	103.31	69.46	61.85	48.26	46.27	65.49	26.25	65.76	57.87	75.66	48.09	48.01	24.35	73.98	64.07	100.62	72.01	78.26	71.0	63.13	92.01	7.28	61.85	54.08	44.1	66.37	53.0	59.41	36.12	73.98	91.98	81.05	82.54	69.12	40.01	65.37	80.99	68.07	0.0	104.0	77.67	21.1	62.55	101.81	69.49	91.48	104.48
63	7.07	12.73	12.08	9.9	21.02	13.04	5.83	16.55	13.04	33.14	16.55	26.87	20.25	28.46	27.46	43.29	35.36	41.98	35.01	34.21	93.61	99.49	95.13	49.09	35.81	49.5	61.98	74.63	84.77	63.95	81.06	46.84	63.89	61.01	82.28	80.36	82.33	59.01	73.33	36.36	59.21	57.01	71.18	68.25	77.88	110.54	50.7	51.4	83.49	41.59	53.01	47.01	86.41	59.08	60.08	63.64	49.5	67.36	83.01	43.38	43.0	73.06	104.0	0.0	55.0	89.31	42.45	16.81	63.17	25.99	7.07
64	50.25	46.87	44.28	62.39	37.11	66.37	58.22	40.61	62.97	22.2	70.35	40.71	64.85	53.34	73.68	13.0	20.62	16.64	66.04	43.42	71.25	77.41	63.6	75.93	81.34	68.59	75.21	77.88	86.38	13.6	51.62	61.55	19.92	6.08	85.23	83.38	53.6	81.34	87.37	80.23	6.4	2.24	16.76	17.69	106.78	84.93	20.62	34.01	83.82	26.17	33.24	52.01	81.49	5.0	93.41	89.81	79.03	13.89	80.65	24.84	12.0	89.63	77.67	55.0	0.0	74.17	33.39	66.06	10.46	29.46	50.25
65	90.92	92.57	88.1	99.05	88.6	101.4	87.01	75.59	84.96	78.85	93.35	63.13	79.21	62.37	82.62	79.31	70.61	83.49	64.2	55.23	11.4	13.34	26.42	58.6	84.06	49.74	41.11	27.17	25.96	64.33	26.42	47.01	56.09	73.82	27.46	27.17	24.7	53.16	43.01	81.3	69.58	75.33	72.12	63.32	71.01	24.7	55.08	43.93	23.54	56.52	43.57	42.64	15.81	71.57	71.06	60.02	62.24	69.12	19.24	56.09	74.33	47.01	21.1	89.31	74.17	0.0	50.91	84.71	68.21	81.21	90.92
66	42.1	42.66	38.25	52.28	37.75	55.45	42.2	26.52	43.34	28.76	52.23	16.22	41.31	24.78	48.83	32.11	20.79	35.5	35.96	12.81	52.82	59.01	52.76	43.49	54.85	35.44	41.95	46.51	55.94	32.76	38.64	28.3	28.07	36.81	54.32	52.37	39.98	48.09	54.3	53.01	32.68	35.44	42.64	35.61	73.64	69.41	14.87	8.95	53.68	7.49	10.64	18.66	53.26	33.99	61.31	56.7	46.92	38.17	51.32	8.55	27.36	56.37	62.55	42.45	33.39	50.91	0.0	44.97	34.56	30.32	42.1
67	23.8	29.42	27.89	20.96	36.58	20.85	11.0	25.52	3.82	45.79	8.68	29.07	5.81	22.81	10.67	55.86	45.46	55.5	22.88	33.33	90.86	96.25	95.13	35.81	19.0	38.92	51.5	65.84	75.58	72.65	81.58	38.53	70.79	71.75	72.9	71.11	82.51	46.01	61.48	19.6	69.16	68.22	81.08	76.6	62.25	107.76	56.84	53.44	74.77	46.89	55.34	42.46	78.99	69.44	44.21	49.2	35.3	76.9	75.12	48.88	54.38	60.53	101.81	16.81	66.06	84.71	44.97	0.0	72.7	39.36	23.8
68	59.01	56.11	53.15	71.17	46.61	75.09	65.81	47.78	69.89	31.41	77.78	45.39	70.8	57.38	79.41	23.13	27.85	27.02	69.65	46.32	64.02	70.0	54.96	78.04	86.62	69.82	74.81	75.35	83.09	4.01	44.0	62.62	12.13	6.26	82.26	80.51	46.0	82.29	86.41	85.23	4.27	9.87	8.46	7.34	107.9	76.68	19.82	32.41	80.4	28.43	31.1	52.33	77.17	5.5	95.85	91.04	81.44	4.22	76.88	26.63	20.98	89.05	69.49	63.17	10.46	68.21	34.56	72.7	0.0	38.49	59.01
69	20.8	17.63	14.83	32.94	8.71	36.92	29.98	15.03	35.82	7.27	42.08	23.49	39.73	34.8	48.61	17.32	12.56	16.21	46.88	30.87	82.42	88.7	79.96	59.86	56.94	55.75	66.17	74.55	84.5	39.97	66.01	50.15	41.82	35.54	82.55	80.55	67.67	67.98	78.76	56.5	34.32	31.35	46.04	44.43	91.37	98.56	30.95	37.72	82.51	25.16	38.57	44.58	83.02	33.88	75.25	75.03	61.88	42.57	80.67	26.11	17.6	79.81	91.48	25.99	29.46	81.21	30.32	39.36	38.49	0.0	20.8
;
