vehicles
vehicle_idx, capacity, cost_per_unit_distance
1,100,3
2,100,3
3,100,3
4,100,3
5,100,3
6,100,3
7,100,3
8,100,3
9,100,3
10,100,3
depot
node_idx,x,y
0,76,75
home delivery customers
node_idx,x,y,service_time,demand
1,46,5,10,20
2,86,31,10,5
3,20,0,10,17
4,41,55,10,1
5,46,1,10,16
6,41,1,10,22
7,39,35,10,21
8,80,36,10,12
9,36,61,10,12
10,69,50,10,12
11,61,54,10,2
12,41,75,10,16
13,35,100,10,15
14,1,40,10,26
15,79,81,10,16
16,34,36,10,21
17,74,99,10,16
18,75,16,10,1
19,21,85,10,10
20,56,81,10,1
21,85,76,10,26
22,56,80,10,6
self pickup customers
node_idx,x,y,service_time,demand,locker_idxs
23,91,14,10,26,73-65
24,60,94,10,25,70-63
25,61,70,10,26,70-63
26,100,26,10,5,76-65
27,65,85,10,11,70-72-63
28,19,71,10,21,74-66
29,34,50,10,17,72-68-74-64
30,19,11,10,21,73-64
31,76,90,10,17,74-63
32,15,91,10,12,71-66
33,21,11,10,22,71-64
34,55,10,10,2,67-73-64-65
35,100,6,10,6,70-65
36,25,86,10,11,70-74-66
37,75,80,10,21,68-63
38,71,35,10,7,71-73-67-69-65
39,25,76,10,6,74-66
40,40,96,10,25,70-66-63
41,20,71,10,16,74-66
42,31,41,10,22,75-76-74-64
flexible customers
node_idx,x,y,service_time,demand,locker_idxs
43,60,14,10,11,67-75-73-69-65
44,70,95,10,17,70-63
45,21,15,10,15,73-64
46,95,45,10,22,71-65
47,16,89,10,2,72-66
48,55,25,10,20,76-75-69-67-73-64
49,71,41,10,20,67-73-69-75-76-71-65
50,40,51,10,5,75-76-72-68-74-64
51,61,94,10,15,70-72-68-63
52,51,91,10,12,70-72-68-74-63
53,75,14,10,2,67-73-69-75-65
54,65,54,10,6,69-75-71-76-72-68-74-63
55,99,91,10,10,75-63-66
56,30,45,10,63,74-76-64
57,60,34,10,17,76-71-75-69-67-73-65
58,41,44,10,10,69-75-76-72-68-74-64
59,6,55,10,25,72-66
60,60,54,10,25,74-72-68-76-71-75-69-63
61,94,45,10,5,71-65-63
62,40,49,10,17,69-75-76-74-68-72-64
lockers
node_idx,x,y,service_time,capacity,cost_per_unit_good
63,65,88,10,83
64,25,15,10,77
65,93,12,10,79
66,22,88,10,81
67,65,22,10,70
68,50,69,10,78
69,60,30,10,94
70,49,81,10,76
71,76,52,10,80
72,51,70,10,72
73,68,26,10,85
74,43,66,10,87
75,57,31,10,88
76,45,51,10,77
mrt lines
start_node_idx,end_node_idx,freight_capacity,cost_per_unit_good
63,64,83,0.1
64,63,83,0.1
65,66,81,0.1
66,65,81,0.1
distance matrix
,0,1,2,3,4,5,6,7,8,9,10,11,12,13,14,15,16,17,18,19,20,21,22,23,24,25,26,27,28,29,30,31,32,33,34,35,36,37,38,39,40,41,42,43,44,45,46,47,48,49,50,51,52,53,54,55,56,57,58,59,60,61,62,63,64,65,66,67,68,69,70,71,72,73,74,75,76,
0,0.0,76.16,45.12,93.6,40.31,79.85,81.86,54.49,39.2,42.38,25.96,25.81,35.0,48.02,82.76,6.71,57.31,24.08,59.01,55.9,20.88,9.06,20.62,62.82,24.84,15.81,54.56,14.87,57.14,48.88,85.7,15.0,63.06,84.39,68.31,73.05,52.17,5.1,40.31,51.01,41.68,56.14,56.4,63.06,20.88,81.39,35.51,61.61,54.23,34.37,43.27,24.21,29.68,61.01,23.71,28.02,54.92,44.01,46.75,72.8,26.4,34.99,44.41,17.03,78.75,65.25,55.54,54.13,26.68,47.76,27.66,23.0,25.5,49.65,34.21,47.93,39.2
1,76.16,0.0,47.71,26.48,50.25,4.0,6.4,30.81,46.01,56.89,50.54,51.24,70.18,95.63,57.01,82.86,33.24,98.08,31.02,83.82,76.66,81.01,75.66,45.89,90.09,66.71,57.94,82.23,71.31,46.57,27.66,90.14,91.42,25.71,10.3,54.01,83.68,80.41,39.05,74.04,91.2,70.94,39.0,16.64,93.15,26.93,63.25,89.2,21.93,43.83,46.39,90.26,86.15,30.36,52.55,101.02,43.08,32.2,39.32,64.03,50.96,62.48,44.41,85.15,23.26,47.52,86.4,25.5,64.12,28.65,76.06,55.76,65.19,30.41,61.07,28.23,46.01
2,45.12,47.71,0.0,72.92,51.0,50.0,54.08,47.17,7.81,58.31,25.5,33.97,62.94,85.8,85.48,50.49,52.24,69.05,18.6,84.5,58.31,45.01,57.45,17.72,68.15,46.32,14.87,57.94,78.03,55.36,69.92,59.84,92.96,68.01,37.44,28.65,82.13,50.22,15.52,75.8,79.63,77.18,55.9,31.06,65.97,66.94,16.64,90.91,31.58,18.03,50.16,67.78,69.46,20.25,31.14,61.39,57.72,26.17,46.84,83.52,34.71,16.12,49.4,60.75,63.06,20.25,85.7,22.85,52.35,26.02,62.2,23.26,52.4,18.68,55.44,29.0,45.62
3,93.6,26.48,72.92,0.0,58.87,26.02,21.02,39.82,69.97,63.06,70.01,67.8,77.88,101.12,44.28,100.21,38.63,112.77,57.28,85.01,88.64,100.0,87.73,72.37,102.16,81.12,84.12,96.18,71.01,51.92,11.05,106.0,91.14,11.05,36.4,80.22,86.15,97.08,61.85,76.16,98.06,71.0,42.45,42.38,107.35,15.03,87.46,89.09,43.01,65.44,54.78,102.55,96.14,56.75,70.29,120.51,46.1,52.5,48.75,56.75,67.2,86.61,52.92,98.84,15.81,73.98,88.02,50.09,75.24,50.0,86.03,76.42,76.56,54.59,69.89,48.27,56.8
4,40.31,50.25,51.0,58.87,0.0,54.23,54.0,20.1,43.38,7.81,28.44,20.02,20.0,45.4,42.72,46.04,20.25,55.0,51.74,36.06,30.02,48.75,29.15,64.66,43.38,25.0,65.74,38.42,27.2,8.6,49.19,49.5,44.41,48.33,47.13,76.69,34.89,42.2,36.06,26.4,41.01,26.4,17.2,45.19,49.41,44.72,54.92,42.2,33.11,33.11,4.12,43.83,37.36,53.26,24.02,68.26,14.87,28.32,11.0,35.0,19.03,53.94,6.08,40.8,43.08,67.48,38.08,40.8,16.64,31.4,27.2,35.13,18.03,39.62,11.18,28.84,5.66
5,79.85,4.0,50.0,26.02,54.23,0.0,5.0,34.71,48.8,60.83,54.13,55.08,74.17,99.61,59.55,86.54,37.0,101.92,32.65,87.64,80.62,84.53,79.63,46.84,94.05,70.61,59.51,86.12,75.03,50.45,28.79,93.92,95.19,26.93,12.73,54.23,87.56,84.15,42.2,77.88,95.19,74.67,42.72,19.1,97.02,28.65,65.86,92.97,25.63,47.17,50.36,94.2,90.14,31.78,56.3,104.45,46.82,35.85,43.29,67.2,54.82,65.12,48.37,89.05,25.24,48.27,90.25,28.32,68.12,32.2,80.06,59.17,69.18,33.3,65.07,31.95,50.01
6,81.86,6.4,54.08,21.02,54.0,5.0,0.0,34.06,52.4,60.21,56.44,56.65,74.0,99.18,55.87,88.57,35.69,103.41,37.16,86.35,81.39,86.95,80.41,51.66,94.92,71.84,64.08,87.36,73.38,49.5,24.17,95.63,93.68,22.36,16.64,59.21,86.49,86.01,45.34,76.69,95.01,73.08,41.23,23.02,98.37,24.41,69.66,91.48,27.78,50.0,50.01,95.13,90.55,36.4,58.18,107.07,45.35,38.08,43.0,64.35,56.3,68.88,48.01,90.25,21.26,53.15,89.05,31.89,68.59,34.67,80.4,61.85,69.72,36.8,65.03,34.0,50.16
7,54.49,30.81,47.17,39.82,20.1,34.71,34.06,0.0,41.01,26.17,33.54,29.07,40.05,65.12,38.33,60.96,5.1,72.95,40.71,53.14,49.04,61.62,48.1,56.08,62.63,41.34,61.66,56.36,41.18,15.81,31.24,66.29,60.93,30.0,29.68,67.54,52.89,57.63,32.0,43.32,61.01,40.71,10.0,29.7,67.54,26.91,56.89,58.69,18.87,32.56,16.03,62.97,57.27,41.68,32.2,82.07,13.45,21.02,9.22,38.59,28.32,55.9,14.04,59.03,24.41,58.69,55.66,29.07,35.74,21.59,47.07,40.72,37.0,30.36,31.26,18.44,17.09
8,39.2,46.01,7.81,69.97,43.38,48.8,52.4,41.01,0.0,50.61,17.8,26.17,55.15,78.24,79.1,45.01,46.0,63.29,20.62,76.69,51.0,40.31,50.12,24.6,61.35,38.95,22.36,51.24,70.33,48.08,65.92,54.15,85.15,64.08,36.07,36.06,74.33,44.28,9.06,68.01,72.11,69.46,49.25,29.73,59.84,62.63,17.49,83.1,27.31,10.3,42.72,61.03,62.18,22.56,23.43,58.19,50.8,20.1,39.81,76.4,26.91,16.64,42.06,54.12,58.87,27.29,77.9,20.52,44.6,20.88,54.64,16.49,44.69,15.62,47.63,23.54,38.08
9,42.38,56.89,58.31,63.06,7.81,60.83,60.21,26.17,50.61,0.0,34.79,25.96,14.87,39.01,40.82,47.42,25.08,53.74,59.55,28.3,28.28,51.24,27.59,72.35,40.8,26.57,72.95,37.64,19.72,11.18,52.81,49.41,36.62,52.2,54.42,84.39,27.31,43.38,43.6,18.6,35.23,18.87,20.62,52.77,48.08,48.38,61.13,34.41,40.71,40.31,10.77,41.4,33.54,61.07,29.83,69.78,17.09,36.12,17.72,30.59,25.0,60.17,12.65,39.62,47.3,75.17,30.41,48.6,16.12,39.2,23.85,41.0,17.49,47.42,8.6,36.62,13.45
10,25.96,50.54,25.5,70.01,28.44,54.13,56.44,33.54,17.8,34.79,0.0,8.94,37.54,60.46,68.73,32.57,37.7,49.25,34.53,59.41,33.62,30.53,32.7,42.19,44.91,21.54,39.2,35.23,54.23,35.0,63.41,40.61,67.8,61.85,42.38,53.82,56.85,30.59,15.13,51.11,54.38,53.31,39.05,37.11,45.01,59.41,26.48,65.8,28.65,9.22,29.02,44.72,44.78,36.5,5.66,50.8,39.32,18.36,28.64,63.2,9.85,25.5,29.02,38.21,56.22,44.94,60.44,28.28,26.87,21.93,36.89,7.28,26.91,24.02,30.53,22.47,24.02
11,25.81,51.24,33.97,67.8,20.02,55.08,56.65,29.07,26.17,25.96,8.94,0.0,29.0,52.84,61.61,32.45,32.45,46.84,40.5,50.61,27.46,32.56,26.48,50.0,40.01,16.0,48.01,31.26,45.31,27.29,60.11,39.0,59.03,58.73,44.41,61.85,48.17,29.53,21.47,42.19,46.96,44.38,32.7,40.01,41.98,55.87,35.17,57.01,29.61,16.4,21.21,40.0,38.33,42.38,4.0,53.04,32.28,20.02,22.36,55.01,1.0,34.21,21.59,34.23,53.08,52.8,51.74,32.25,18.6,24.02,29.55,15.13,18.87,28.86,21.63,23.35,16.28
12,35.0,70.18,62.94,77.88,20.0,74.17,74.0,40.05,55.15,14.87,37.54,29.0,0.0,25.71,53.15,38.47,39.62,40.8,68.1,22.36,16.16,44.01,15.81,78.87,26.87,20.62,76.69,26.0,22.36,25.96,67.68,38.08,30.53,67.05,66.49,90.79,19.42,34.37,50.0,16.03,21.02,21.38,35.44,63.89,35.23,63.25,61.77,28.65,51.92,45.34,24.02,27.59,18.87,69.84,31.89,60.17,31.95,45.19,31.0,40.31,28.32,60.9,26.02,27.29,62.1,81.69,23.02,58.18,10.82,48.85,10.0,41.88,11.18,55.95,9.22,46.82,24.33
13,48.02,95.63,85.8,101.12,45.4,99.61,99.18,65.12,78.24,39.01,60.46,52.84,25.71,0.0,68.96,47.93,64.01,39.01,93.04,20.52,28.32,55.46,29.0,102.63,25.71,39.7,98.49,33.54,33.12,50.01,90.43,42.2,21.93,90.09,92.2,114.28,17.2,44.72,74.3,26.0,6.4,32.65,59.14,89.56,35.36,86.15,81.39,21.95,77.62,69.12,49.25,26.68,18.36,94.85,54.92,64.63,55.23,70.58,56.32,53.54,52.35,80.66,51.24,32.31,85.59,105.39,17.69,83.57,34.44,74.33,23.6,63.13,34.0,81.02,34.93,72.42,50.01
14,82.76,57.01,85.48,44.28,42.72,59.55,55.87,38.33,79.1,40.82,68.73,61.61,53.15,68.96,0.0,88.12,33.24,93.86,77.79,49.24,68.6,91.39,68.01,93.68,79.98,67.08,99.98,78.24,35.85,34.48,34.13,90.14,52.89,35.23,61.77,104.68,51.88,84.12,70.18,43.27,68.24,36.36,30.02,64.47,88.24,32.02,94.13,51.24,56.04,70.01,40.52,80.72,71.42,78.43,65.51,110.48,29.43,59.3,40.2,15.81,60.64,93.13,40.02,80.0,34.66,96.17,52.39,66.48,56.94,59.84,63.13,75.95,58.31,68.45,49.4,56.72,45.35
15,6.71,82.86,50.49,100.21,46.04,86.54,88.57,60.96,45.01,47.42,32.57,32.45,38.47,47.93,88.12,0.0,63.64,18.68,65.12,58.14,23.0,7.81,23.02,68.07,23.02,21.1,58.87,14.56,60.83,54.64,92.2,9.49,64.78,90.91,74.95,77.88,54.23,4.12,46.69,54.23,41.79,59.84,62.48,69.64,16.64,87.86,39.4,63.51,60.93,40.79,49.2,22.2,29.73,67.12,30.41,22.36,60.8,50.7,53.04,77.49,33.02,39.0,50.45,15.65,85.28,70.41,57.43,60.64,31.38,54.42,30.0,29.15,30.08,56.09,39.0,54.63,45.34
16,57.31,33.24,52.24,38.63,20.25,37.0,35.69,5.1,46.0,25.08,37.7,32.45,39.62,64.01,33.24,63.64,0.0,74.63,45.62,50.7,50.09,64.82,49.19,61.1,63.56,43.42,66.75,57.98,38.08,14.0,29.15,68.41,58.19,28.18,33.42,72.5,50.8,60.14,37.01,41.0,60.3,37.7,5.83,34.06,69.12,24.7,61.66,55.97,23.71,37.34,16.16,63.98,57.57,46.53,35.85,85.15,9.85,26.08,10.63,33.84,31.62,60.67,14.32,60.54,22.85,63.69,53.37,34.01,36.67,26.68,47.43,44.94,38.01,35.44,31.32,23.54,18.6
17,24.08,98.08,69.05,112.77,55.0,101.92,103.41,72.95,63.29,53.74,49.25,46.84,40.8,39.01,93.86,18.68,74.63,0.0,83.01,54.82,25.46,25.5,26.17,86.68,14.87,31.78,77.49,16.64,61.72,63.25,103.77,9.22,59.54,102.73,91.01,96.57,50.7,19.03,64.07,54.13,34.13,60.83,72.2,86.15,5.66,99.32,57.94,58.86,76.4,58.08,58.82,13.93,24.35,85.01,45.89,26.25,69.66,66.49,64.14,80.99,47.13,57.58,60.46,14.21,97.25,89.05,53.15,77.52,38.42,70.41,30.81,47.04,37.01,73.25,45.28,70.09,56.08
18,59.01,31.02,18.6,57.28,51.74,32.65,37.16,40.71,20.62,59.55,34.53,40.5,68.1,93.04,77.79,65.12,45.62,83.01,0.0,87.62,67.72,60.83,66.76,16.12,79.43,55.79,26.93,69.72,78.49,53.26,56.22,74.01,96.05,54.23,20.88,26.93,86.02,64.0,19.42,78.1,87.32,77.78,50.61,15.13,79.16,54.01,35.23,93.86,21.93,25.32,49.5,79.25,78.75,2.0,39.29,78.75,53.54,23.43,44.05,79.26,40.85,34.67,48.1,72.69,50.01,18.44,89.4,11.66,58.6,20.52,70.01,36.01,59.09,12.21,59.36,23.43,46.1
19,55.9,83.82,84.5,85.01,36.06,87.64,86.35,53.14,76.69,28.3,59.41,50.61,22.36,20.52,49.24,58.14,50.7,54.82,87.62,0.0,35.23,64.63,35.36,99.7,40.02,42.72,98.6,44.0,14.14,37.34,74.03,55.23,8.49,74.0,82.35,111.72,4.12,54.23,70.71,9.85,21.95,14.04,45.12,81.01,50.01,70.0,84.12,6.4,68.96,66.6,38.95,41.0,30.59,89.2,53.82,78.23,41.0,64.2,45.62,33.54,49.82,83.24,40.71,44.1,70.11,102.53,3.16,76.84,33.12,67.42,28.28,64.14,33.54,75.43,29.07,64.9,41.62
20,20.88,76.66,58.31,88.64,30.02,80.62,81.39,49.04,51.0,28.28,33.62,27.46,16.16,28.32,68.6,23.0,50.09,25.46,67.72,35.23,0.0,29.43,1.0,75.59,13.6,12.08,70.43,9.85,38.33,38.01,79.18,21.93,42.2,78.26,71.01,86.95,31.4,19.03,48.38,31.4,21.93,37.36,47.17,67.12,19.8,74.71,53.08,40.79,56.01,42.72,34.0,13.93,11.18,69.64,28.46,44.15,44.41,47.17,39.92,56.36,27.29,52.35,35.78,11.4,72.92,78.29,34.71,59.68,13.42,51.16,7.0,35.23,12.08,56.29,19.85,50.01,31.95
21,9.06,81.01,45.01,100.0,48.75,84.53,86.95,61.62,40.31,51.24,30.53,32.56,44.01,55.46,91.39,7.81,64.82,25.5,60.83,64.63,29.43,0.0,29.27,62.29,30.81,24.74,52.2,21.93,66.19,57.25,92.63,16.64,71.59,91.22,72.5,71.59,60.83,10.77,43.32,60.0,49.24,65.19,64.35,66.85,24.21,88.41,32.57,70.21,59.17,37.7,51.48,30.0,37.16,62.8,29.73,20.52,63.13,48.88,54.41,81.74,33.3,32.28,52.48,23.32,85.56,64.5,64.13,57.58,35.69,52.35,36.35,25.63,34.53,52.81,43.17,53.0,47.17
22,20.62,75.66,57.45,87.73,29.15,79.63,80.41,48.1,50.12,27.59,32.7,26.48,15.81,29.0,68.01,23.02,49.19,26.17,66.76,35.36,1.0,29.27,0.0,74.71,14.56,11.18,69.66,10.3,38.08,37.2,78.29,22.36,42.45,77.37,70.01,86.09,31.58,19.0,47.43,31.26,22.63,37.11,46.32,66.12,20.52,73.82,52.4,41.0,55.01,41.79,33.12,14.87,12.08,68.68,27.51,44.38,43.6,46.17,39.0,55.9,26.31,51.66,34.89,12.04,72.01,77.41,34.93,58.69,12.53,50.16,7.07,34.41,11.18,55.32,19.1,49.01,31.02
23,62.82,45.89,17.72,72.37,64.66,46.84,51.66,56.08,24.6,72.35,42.19,50.0,78.87,102.63,93.68,68.07,61.1,86.68,16.12,99.7,75.59,62.29,74.71,0.0,85.8,63.53,15.0,75.61,91.83,67.42,72.06,77.47,108.19,70.06,36.22,12.04,97.67,67.91,29.0,90.55,96.57,91.05,65.8,31.0,83.68,70.01,31.26,106.07,37.64,33.6,63.01,85.44,86.77,16.0,47.71,77.41,68.43,36.89,58.31,94.37,50.61,31.14,61.85,78.43,66.01,2.83,101.18,27.2,68.6,34.89,79.08,40.85,68.82,25.94,70.77,38.01,59.03
24,24.84,90.09,68.15,102.16,43.38,94.05,94.92,62.63,61.35,40.8,44.91,40.01,26.87,25.71,79.98,23.02,63.56,14.87,79.43,40.02,13.6,30.81,14.56,85.8,0.0,24.02,78.89,10.3,47.01,51.11,92.57,16.49,45.1,91.71,84.15,96.66,35.9,20.52,60.02,39.36,20.1,46.14,60.42,80.0,10.05,88.1,60.22,44.28,69.18,54.13,47.42,1.0,9.49,81.39,40.31,39.12,57.45,60.0,53.49,66.61,40.0,59.64,49.24,7.81,86.41,88.39,38.47,72.17,26.93,64.0,17.03,44.94,25.63,68.47,32.76,63.07,45.54
25,15.81,66.71,46.32,81.12,25.0,70.61,71.84,41.34,38.95,26.57,21.54,16.0,20.62,39.7,67.08,21.1,43.42,31.78,55.79,42.72,12.08,24.74,11.18,63.53,24.02,0.0,58.8,15.52,42.01,33.6,72.42,25.0,50.57,71.28,60.3,74.95,39.4,17.2,36.4,36.5,33.42,41.01,41.73,56.01,26.57,68.01,42.2,48.85,45.4,30.68,28.32,24.0,23.26,57.72,16.49,43.42,39.82,36.01,32.8,57.01,16.03,41.4,29.7,18.44,65.73,66.24,42.95,48.17,11.05,40.01,16.28,23.43,10.0,44.55,18.44,39.2,24.84
26,54.56,57.94,14.87,84.12,65.74,59.51,64.08,61.66,22.36,72.95,39.2,48.01,76.69,98.49,99.98,58.87,66.75,77.49,26.93,98.6,70.43,52.2,69.66,15.0,78.89,58.8,0.0,68.6,92.66,70.23,82.38,68.35,107.0,80.41,47.76,20.0,96.05,59.51,30.36,90.14,92.2,91.79,70.61,41.76,75.24,79.76,19.65,105.0,45.01,32.65,65.0,78.39,81.4,27.73,44.82,65.01,72.53,40.79,61.68,98.37,48.83,19.92,64.26,71.2,75.8,15.65,99.64,35.23,65.95,40.2,75.01,35.38,65.86,32.0,69.63,43.29,60.42
27,14.87,82.23,57.94,96.18,38.42,86.12,87.36,56.36,51.24,37.64,35.23,31.26,26.0,33.54,78.24,14.56,57.98,16.64,69.72,44.0,9.85,21.93,10.3,75.61,10.3,15.52,68.6,0.0,48.08,46.75,87.13,12.08,50.36,86.09,75.66,86.41,40.01,11.18,50.36,41.0,27.31,47.13,55.61,71.18,11.18,82.68,50.0,49.16,60.83,44.41,42.2,9.85,15.23,71.7,31.0,34.53,53.15,51.24,47.51,66.19,31.4,49.41,43.83,3.0,80.62,78.19,43.1,63.0,21.93,55.23,16.49,34.79,20.52,59.08,29.07,54.59,39.45
28,57.14,71.31,78.03,71.01,27.2,75.03,73.38,41.18,70.33,19.72,54.23,45.31,22.36,33.12,35.85,60.83,38.08,61.72,78.49,14.14,38.33,66.19,38.08,91.83,47.01,42.01,92.66,48.08,0.0,25.81,60.0,60.08,20.4,60.03,70.83,103.86,16.16,56.72,63.25,7.81,32.65,1.0,32.31,70.21,56.36,56.04,80.32,18.25,58.41,60.03,29.0,47.89,37.74,79.91,49.04,82.46,28.23,55.23,34.83,20.62,44.38,79.38,30.41,49.04,56.32,94.64,17.26,67.21,31.06,57.98,31.62,60.08,32.02,66.53,24.52,55.17,32.8
29,48.88,46.57,55.36,51.92,8.6,50.45,49.5,15.81,48.08,11.18,35.0,27.29,25.96,50.01,34.48,54.64,14.0,63.25,53.26,37.34,38.01,57.25,37.2,67.42,51.11,33.6,70.23,46.75,25.81,0.0,41.79,58.0,45.19,41.11,45.18,79.32,37.11,50.8,39.92,27.51,46.39,25.24,9.49,44.41,57.63,37.34,61.2,42.95,32.65,38.08,6.08,51.62,44.38,54.56,31.26,76.85,6.4,30.53,9.22,28.44,26.31,60.21,6.08,49.04,36.14,70.18,39.85,41.77,24.84,32.8,34.44,42.05,26.25,41.62,18.36,29.83,11.05
30,85.7,27.66,69.92,11.05,49.19,28.79,24.17,31.24,65.92,52.81,63.41,60.11,67.68,90.43,34.13,92.2,29.15,103.77,56.22,74.03,79.18,92.63,78.29,72.06,92.57,72.42,82.38,87.13,60.0,41.79,0.0,97.42,80.1,2.0,36.01,81.15,75.24,88.87,57.27,65.28,87.56,60.01,32.31,41.11,98.27,4.47,83.26,78.06,38.63,60.03,45.18,93.02,86.16,56.08,62.97,113.14,35.74,47.01,39.66,45.88,59.41,82.35,43.42,89.69,7.21,74.01,77.06,47.3,65.76,45.19,76.16,70.21,67.12,51.24,60.01,42.94,47.71
31,15.0,90.14,59.84,106.0,49.5,93.92,95.63,66.29,54.15,49.41,40.61,39.0,38.08,42.2,90.14,9.49,68.41,9.22,74.01,55.23,21.93,16.64,22.36,77.47,16.49,25.0,68.35,12.08,60.08,58.0,97.42,0.0,61.01,96.26,82.71,87.36,51.16,10.05,55.23,52.89,36.5,59.14,66.53,77.67,7.81,93.01,48.85,60.01,68.31,49.25,53.08,15.52,25.02,76.01,37.64,23.02,64.35,58.24,57.8,78.26,39.4,48.47,54.56,11.18,90.7,79.83,54.04,68.88,33.42,62.1,28.46,38.0,32.02,64.5,40.8,61.98,49.82
32,63.06,91.42,92.96,91.14,44.41,95.19,93.68,60.93,85.15,36.62,67.8,59.03,30.53,21.93,52.89,64.78,58.19,59.54,96.05,8.49,42.2,71.59,42.45,108.19,45.1,50.57,107.0,50.36,20.4,45.19,80.1,61.01,0.0,80.22,90.34,120.21,11.18,61.0,79.2,18.03,25.5,20.62,52.5,89.19,55.15,76.24,92.28,2.24,77.18,75.07,47.17,46.1,36.0,97.62,62.2,84.0,48.38,72.62,53.71,37.11,58.26,91.42,48.88,50.09,76.66,111.02,7.62,85.21,41.34,75.8,35.44,72.4,41.68,83.87,37.54,73.24,50.0
33,84.39,25.71,68.01,11.05,48.33,26.93,22.36,30.0,64.08,52.2,61.85,58.73,67.05,90.09,35.23,90.91,28.18,102.73,54.23,74.0,78.26,91.22,77.37,70.06,91.71,71.28,80.41,86.09,60.03,41.11,2.0,96.26,80.22,0.0,34.01,79.16,75.11,87.62,55.46,65.12,87.1,60.01,31.62,39.12,97.25,4.0,81.44,78.16,36.77,58.31,44.28,92.14,85.44,54.08,61.52,111.73,35.17,45.28,38.59,46.49,58.05,80.53,42.49,88.68,5.66,72.01,77.01,45.35,64.85,43.38,75.39,68.6,66.19,49.34,59.24,41.18,46.65
34,68.31,10.3,37.44,36.4,47.13,12.73,16.64,29.68,36.07,54.42,42.38,44.41,66.49,92.2,61.77,74.95,33.42,91.01,20.88,82.35,71.01,72.5,70.01,36.22,84.15,60.3,47.76,75.66,70.83,45.18,36.01,82.71,90.34,34.01,0.0,45.18,81.71,72.8,29.68,72.5,87.3,70.33,39.2,6.4,86.31,34.37,53.15,88.1,15.0,34.89,43.66,84.21,81.1,20.4,45.12,92.18,43.01,24.52,36.77,66.53,44.28,52.4,41.79,78.64,30.41,38.05,84.69,15.62,59.21,20.62,71.25,46.96,60.13,20.62,57.27,21.1,42.2
35,73.05,54.01,28.65,80.22,76.69,54.23,59.21,67.54,36.06,84.39,53.82,61.85,90.79,114.28,104.68,77.88,72.5,96.57,26.93,111.72,86.95,71.59,86.09,12.04,96.66,74.95,20.0,86.41,103.86,79.32,81.15,87.36,120.21,79.16,45.18,0.0,109.66,78.11,41.01,102.59,108.17,103.08,77.37,40.79,93.92,79.51,39.32,118.09,48.85,45.45,75.0,96.25,98.11,26.25,59.41,85.01,80.13,48.83,70.18,106.0,62.48,39.46,73.82,89.16,75.54,9.22,113.17,38.48,80.43,46.65,90.7,51.88,80.6,37.74,82.76,49.74,71.06
36,52.17,83.68,82.13,86.15,34.89,87.56,86.49,52.89,74.33,27.31,56.85,48.17,19.42,17.2,51.88,54.23,50.8,50.7,86.02,4.12,31.4,60.83,31.58,97.67,35.9,39.4,96.05,40.01,16.16,37.11,75.24,51.16,11.18,75.11,81.71,109.66,0.0,50.36,68.68,10.0,18.03,15.81,45.4,80.06,45.89,71.11,81.12,9.49,67.98,64.35,38.08,36.88,26.48,87.66,51.22,74.17,41.3,62.68,44.94,36.36,47.42,80.26,39.92,40.05,71.0,100.5,3.61,75.47,30.23,66.04,24.52,61.29,30.53,73.82,26.91,63.63,40.31
37,5.1,80.41,50.22,97.08,42.2,84.15,86.01,57.63,44.28,43.38,30.59,29.53,34.37,44.72,84.12,4.12,60.14,19.03,64.0,54.23,19.03,10.77,19.0,67.91,20.52,17.2,59.51,11.18,56.72,50.8,88.87,10.05,61.0,87.62,72.8,78.11,50.36,0.0,45.18,50.16,38.48,55.73,58.8,67.68,15.81,84.5,40.31,59.68,58.52,39.2,45.45,19.8,26.4,66.0,27.86,26.4,57.01,48.38,49.52,73.39,30.02,39.82,46.75,12.81,82.01,70.34,53.6,58.86,27.31,52.2,26.02,28.02,26.0,54.45,34.93,52.2,41.73
38,40.31,39.05,15.52,61.85,36.06,42.2,45.34,32.0,9.06,43.6,15.13,21.47,50.0,74.3,70.18,46.69,37.01,64.07,19.42,70.71,48.38,43.32,47.43,29.0,60.02,36.4,30.36,50.36,63.25,39.92,57.27,55.23,79.2,55.46,29.68,41.01,68.68,45.18,0.0,61.62,68.43,62.43,40.45,23.71,60.01,53.85,26.0,77.08,18.87,6.0,34.89,59.84,59.46,21.38,19.92,62.61,42.2,11.05,31.32,68.01,21.95,25.08,34.01,53.34,50.16,31.83,72.18,14.32,39.96,12.08,50.99,17.72,40.31,9.49,41.77,14.56,30.53
39,51.01,74.04,75.8,76.16,26.4,77.88,76.69,43.32,68.01,18.6,51.11,42.19,16.03,26.0,43.27,54.23,41.0,54.13,78.1,9.85,31.4,60.0,31.26,90.55,39.36,36.5,90.14,41.0,7.81,27.51,65.28,52.89,18.03,65.12,72.5,102.59,10.0,50.16,61.62,0.0,25.0,7.07,35.51,71.2,48.85,61.13,76.56,15.81,59.17,57.8,29.15,40.25,30.02,79.65,45.65,75.5,31.4,54.67,35.78,28.32,41.34,75.64,30.89,41.76,61.0,93.38,12.37,67.2,25.96,57.8,24.52,56.36,26.68,65.95,20.59,55.22,32.02
40,41.68,91.2,79.63,98.06,41.01,95.19,95.01,61.01,72.11,35.23,54.38,46.96,21.02,6.4,68.24,41.79,60.3,34.13,87.32,21.95,21.93,49.24,22.63,96.57,20.1,33.42,92.2,27.31,32.65,46.39,87.56,36.5,25.5,87.1,87.3,108.17,18.03,38.48,68.43,25.0,0.0,32.02,55.73,84.4,30.02,83.2,75.01,25.0,72.57,63.13,45.0,21.1,12.08,89.16,48.88,59.21,51.97,65.15,52.01,53.26,46.52,74.28,47.0,26.25,82.38,99.32,19.7,78.11,28.79,68.96,17.49,56.85,28.23,75.39,30.15,67.19,45.28
41,56.14,70.94,77.18,71.0,26.4,74.67,73.08,40.71,69.46,18.87,53.31,44.38,21.38,32.65,36.36,59.84,37.7,60.83,77.78,14.04,37.36,65.19,37.11,91.05,46.14,41.01,91.79,47.13,1.0,25.24,60.01,59.14,20.62,60.01,70.33,103.08,15.81,55.73,62.43,7.07,32.02,0.0,31.95,69.63,55.46,56.01,79.38,18.44,57.8,59.17,28.28,47.01,36.89,79.21,48.1,81.49,27.86,54.49,34.21,21.26,43.46,78.43,29.73,48.1,56.22,93.86,17.12,66.53,30.07,57.28,30.68,59.14,31.02,65.8,23.54,54.49,32.02
42,56.4,39.0,55.9,42.45,17.2,42.72,41.23,10.0,49.25,20.62,39.05,32.7,35.44,59.14,30.02,62.48,5.83,72.2,50.61,45.12,47.17,64.35,46.32,65.8,60.42,41.73,70.61,55.61,32.31,9.49,32.31,66.53,52.5,31.62,39.2,77.37,45.4,58.8,40.45,35.51,55.73,31.95,0.0,39.62,66.61,27.86,64.12,50.29,28.84,40.0,13.45,60.9,53.85,51.62,36.4,84.4,4.12,29.83,10.44,28.65,31.78,63.13,12.04,58.01,26.68,68.45,47.85,38.95,33.84,31.02,43.86,46.32,35.23,39.92,27.73,27.86,17.2
43,63.06,16.64,31.06,42.38,45.19,19.1,23.02,29.7,29.73,52.77,37.11,40.01,63.89,89.56,64.47,69.64,34.06,86.15,15.13,81.01,67.12,66.85,66.12,31.0,80.0,56.01,41.76,71.18,70.21,44.41,41.11,77.67,89.19,39.12,6.4,40.79,80.06,67.68,23.71,71.2,84.4,69.63,39.62,0.0,81.61,39.01,46.75,86.95,12.08,29.15,42.06,80.01,77.52,15.0,40.31,86.31,43.14,20.0,35.51,67.8,40.0,46.01,40.31,74.17,35.01,33.06,83.19,9.43,55.9,16.0,67.9,41.23,56.72,14.42,54.71,17.26,39.92
44,20.88,93.15,65.97,107.35,49.41,97.02,98.37,67.54,59.84,48.08,45.01,41.98,35.23,35.36,88.24,16.64,69.12,5.66,79.16,50.01,19.8,24.21,20.52,83.68,10.05,26.57,75.24,11.18,56.36,57.63,98.27,7.81,55.15,97.25,86.31,93.92,45.89,15.81,60.01,48.85,30.02,55.46,66.61,81.61,0.0,93.81,55.9,54.33,71.59,54.01,53.25,9.06,19.42,81.15,41.3,29.27,64.03,61.81,58.67,75.47,42.2,55.46,54.92,8.6,91.79,86.13,48.51,73.17,32.8,65.76,25.24,43.42,31.4,69.03,39.62,65.31,50.61
45,81.39,26.93,66.94,15.03,44.72,28.65,24.41,26.91,62.63,48.38,59.41,55.87,63.25,86.15,32.02,87.86,24.7,99.32,54.01,70.0,74.71,88.41,73.82,70.01,88.1,68.01,79.76,82.68,56.04,37.34,4.47,93.01,76.24,4.0,34.37,79.51,71.11,84.5,53.85,61.13,83.2,56.01,27.86,39.01,93.81,0.0,79.85,74.17,35.44,56.36,40.71,88.55,81.71,54.01,58.8,108.9,31.32,43.38,35.23,42.72,55.15,78.92,38.95,85.23,4.0,72.06,73.01,44.55,61.29,41.79,71.69,66.29,62.65,48.27,55.54,39.4,43.27
46,35.51,63.25,16.64,87.46,54.92,65.86,69.66,56.89,17.49,61.13,26.48,35.17,61.77,81.39,94.13,39.4,61.66,57.94,35.23,84.12,53.08,32.57,52.4,31.26,60.22,42.2,19.65,50.0,80.32,61.2,83.26,48.85,92.28,81.44,53.15,39.32,81.12,40.31,26.0,76.56,75.01,79.38,64.12,46.75,55.9,79.85,0.0,90.43,44.72,24.33,55.33,59.64,63.66,36.89,31.32,46.17,65.0,36.69,54.01,89.56,36.14,1.0,55.15,52.43,76.16,33.06,84.72,37.8,51.0,38.08,58.41,20.25,50.61,33.02,56.08,40.5,50.36
47,61.61,89.2,90.91,89.09,42.2,92.97,91.48,58.69,83.1,34.41,65.8,57.01,28.65,21.95,51.24,63.51,55.97,58.86,93.86,6.4,40.79,70.21,41.0,106.07,44.28,48.85,105.0,49.16,18.25,42.95,78.06,60.01,2.24,78.16,88.1,118.09,9.49,59.68,77.08,15.81,25.0,18.44,50.29,86.95,54.33,74.17,90.43,0.0,74.95,73.0,44.94,45.28,35.06,95.43,60.22,83.02,46.17,70.43,51.48,35.44,56.22,89.55,46.65,49.01,74.55,108.89,6.08,83.01,39.45,73.6,33.96,70.49,39.82,81.69,35.47,71.03,47.8
48,54.23,21.93,31.58,43.01,33.11,25.63,27.78,18.87,27.31,40.71,28.65,29.61,51.92,77.62,56.04,60.93,23.71,76.4,21.93,68.96,56.01,59.17,55.01,37.64,69.18,45.4,45.01,60.83,58.41,32.65,38.63,68.31,77.18,36.77,15.0,48.85,67.98,58.52,18.87,59.17,72.57,57.8,28.84,12.08,71.59,35.44,44.72,74.95,0.0,22.63,30.02,69.26,66.12,22.83,30.68,79.32,32.02,10.3,23.6,57.45,29.43,43.83,28.3,63.79,31.62,40.16,71.12,10.44,44.28,7.07,56.32,34.21,45.18,13.04,42.72,6.32,27.86
49,34.37,43.83,18.03,65.44,33.11,47.17,50.0,32.56,10.3,40.31,9.22,16.4,45.34,69.12,70.01,40.79,37.34,58.08,25.32,66.6,42.72,37.7,41.79,33.6,54.13,30.68,32.65,44.41,60.03,38.08,60.03,49.25,75.07,58.31,34.89,45.45,64.35,39.2,6.0,57.8,63.13,59.17,40.0,29.15,54.01,56.36,24.33,73.0,22.63,0.0,32.57,53.94,53.85,27.29,14.32,57.31,41.19,13.04,30.15,66.49,17.03,23.35,32.02,47.38,52.84,36.4,67.9,19.92,35.0,15.56,45.65,12.08,35.23,15.3,37.54,17.2,27.86
50,43.27,46.39,50.16,54.78,4.12,50.36,50.01,16.03,42.72,10.77,29.02,21.21,24.02,49.25,40.52,49.2,16.16,58.82,49.5,38.95,34.0,51.48,33.12,63.01,47.42,28.32,65.0,42.2,29.0,6.08,45.18,53.08,47.17,44.28,43.66,75.0,38.08,45.45,34.89,29.15,45.0,28.28,13.45,42.06,53.25,40.71,55.33,44.94,30.02,32.57,0.0,47.85,41.48,50.93,25.18,71.28,11.66,26.25,7.07,34.23,20.22,54.33,2.0,44.65,39.0,65.8,41.15,38.29,20.59,29.0,31.32,36.01,21.95,37.54,15.3,26.25,5.0
51,24.21,90.26,67.78,102.55,43.83,94.2,95.13,62.97,61.03,41.4,44.72,40.0,27.59,26.68,80.72,22.2,63.98,13.93,79.25,41.0,13.93,30.0,14.87,85.44,1.0,24.0,78.39,9.85,47.89,51.62,93.02,15.52,46.1,92.14,84.21,96.25,36.88,19.8,59.84,40.25,21.1,47.01,60.9,80.01,9.06,88.55,59.64,45.28,69.26,53.94,47.85,0.0,10.44,81.22,40.2,38.12,57.98,60.01,53.85,67.42,40.01,59.08,49.66,7.21,86.82,88.02,39.46,72.11,27.31,64.01,17.69,44.6,26.0,68.36,33.29,63.13,45.88
52,29.68,86.15,69.46,96.14,37.36,90.14,90.55,57.27,62.18,33.54,44.78,38.33,18.87,18.36,71.42,29.73,57.57,24.35,78.75,30.59,11.18,37.16,12.08,86.77,9.49,23.26,81.4,15.23,37.74,44.38,86.16,25.02,36.0,85.44,81.1,98.11,26.48,26.4,59.46,30.02,12.08,36.89,53.85,77.52,19.42,81.71,63.66,35.06,66.12,53.85,41.48,10.44,0.0,80.65,39.56,48.0,50.57,57.71,48.05,57.63,38.08,62.97,43.42,14.32,80.32,89.47,29.15,70.41,22.02,61.66,10.2,46.32,21.0,67.19,26.25,60.3,40.45
53,61.01,30.36,20.25,56.75,53.26,31.78,36.4,41.68,22.56,61.07,36.5,42.38,69.84,94.85,78.43,67.12,46.53,85.01,2.0,89.2,69.64,62.8,68.68,16.0,81.39,57.72,27.73,71.7,79.91,54.56,56.08,76.01,97.62,54.08,20.4,26.25,87.66,66.0,21.38,79.65,89.16,79.21,51.62,15.0,81.15,54.01,36.89,95.43,22.83,27.29,50.93,81.22,80.65,0.0,41.23,80.65,54.64,25.0,45.34,80.26,42.72,36.36,49.5,74.67,50.01,18.11,91.02,12.81,60.42,21.93,71.87,38.01,60.93,13.89,61.06,24.76,47.63
54,23.71,52.55,31.14,70.29,24.02,56.3,58.18,32.2,23.43,29.83,5.66,4.0,31.89,54.92,65.51,30.41,35.85,45.89,39.29,53.82,28.46,29.73,27.51,47.71,40.31,16.49,44.82,31.0,49.04,31.26,62.97,37.64,62.2,61.52,45.12,59.41,51.22,27.86,19.92,45.65,48.88,48.1,36.4,40.31,41.3,58.8,31.32,60.22,30.68,14.32,25.18,40.2,39.56,41.23,0.0,50.25,36.14,20.62,26.0,59.01,5.0,30.36,25.5,34.0,55.87,50.48,54.82,32.0,21.21,24.52,31.38,11.18,21.26,28.16,25.06,24.35,20.22
55,28.02,101.02,61.39,120.51,68.26,104.45,107.07,82.07,58.19,69.78,50.8,53.04,60.17,64.63,110.48,22.36,85.15,26.25,78.75,78.23,44.15,20.52,44.38,77.41,39.12,43.42,65.01,34.53,82.46,76.85,113.14,23.02,84.0,111.73,92.18,85.01,74.17,26.4,62.61,75.5,59.21,81.49,84.4,86.31,29.27,108.9,46.17,83.02,79.32,57.31,71.28,38.12,48.0,80.65,50.25,0.0,82.93,69.07,74.65,99.72,53.76,46.27,72.42,34.13,106.08,79.23,77.06,76.92,53.71,72.4,50.99,45.28,52.39,72.01,61.33,73.24,67.2
56,54.92,43.08,57.72,46.1,14.87,46.82,45.35,13.45,50.8,17.09,39.32,32.28,31.95,55.23,29.43,60.8,9.85,69.66,53.54,41.0,44.41,63.13,43.6,68.43,57.45,39.82,72.53,53.15,28.23,6.4,35.74,64.35,48.38,35.17,43.01,80.13,41.3,57.01,42.2,31.4,51.97,27.86,4.12,43.14,64.03,31.32,65.0,46.17,32.02,41.19,11.66,57.98,50.57,54.64,36.14,82.93,0.0,31.95,11.05,26.0,31.32,64.0,10.77,55.44,30.41,71.12,43.74,41.88,31.24,33.54,40.71,46.53,32.65,42.49,24.7,30.41,16.16
57,44.01,32.2,26.17,52.5,28.32,35.85,38.08,21.02,20.1,36.12,18.36,20.02,45.19,70.58,59.3,50.7,26.08,66.49,23.43,64.2,47.17,48.88,46.17,36.89,60.0,36.01,40.79,51.24,55.23,30.53,47.01,58.24,72.62,45.28,24.52,48.83,62.68,48.38,11.05,54.67,65.15,54.49,29.83,20.0,61.81,43.38,36.69,70.43,10.3,13.04,26.25,60.01,57.71,25.0,20.62,69.07,31.95,0.0,21.47,57.94,20.0,35.74,25.0,54.23,39.82,39.66,66.03,13.0,36.4,4.0,48.27,24.08,37.11,11.31,36.24,4.24,22.67
58,46.75,39.32,46.84,48.75,11.0,43.29,43.0,9.22,39.81,17.72,28.64,22.36,31.0,56.32,40.2,53.04,10.63,64.14,44.05,45.62,39.92,54.41,39.0,58.31,53.49,32.8,61.68,47.51,34.83,9.22,39.66,57.8,53.71,38.59,36.77,70.18,44.94,49.52,31.32,35.78,52.01,34.21,10.44,35.51,58.67,35.23,54.01,51.48,23.6,30.15,7.07,53.85,48.05,45.34,26.0,74.65,11.05,21.47,0.0,36.69,21.47,53.01,5.1,50.12,33.12,61.06,47.93,32.56,26.57,23.6,37.85,35.9,27.86,32.45,22.09,20.62,8.06
59,72.8,64.03,83.52,56.75,35.0,67.2,64.35,38.59,76.4,30.59,63.2,55.01,40.31,53.54,15.81,77.49,33.84,80.99,79.26,33.54,56.36,81.74,55.9,94.37,66.61,57.01,98.37,66.19,20.62,28.44,45.88,78.26,37.11,46.49,66.53,106.0,36.36,73.39,68.01,28.32,53.26,21.26,28.65,67.8,75.47,42.72,89.56,35.44,57.45,66.49,34.23,67.42,57.63,80.26,59.01,99.72,26.0,57.94,36.69,0.0,54.01,88.57,34.53,67.6,44.28,97.05,36.67,67.6,46.17,59.51,50.25,70.06,47.43,68.45,38.6,56.36,39.2
60,26.4,50.96,34.71,67.2,19.03,54.82,56.3,28.32,26.91,25.0,9.85,1.0,28.32,52.35,60.64,33.02,31.62,47.13,40.85,49.82,27.29,33.3,26.31,50.61,40.0,16.03,48.83,31.4,44.38,26.31,59.41,39.4,58.26,58.05,44.28,62.48,47.42,30.02,21.95,41.34,46.52,43.46,31.78,40.0,42.2,55.15,36.14,56.22,29.43,17.03,20.22,40.01,38.08,42.72,5.0,53.76,31.32,20.0,21.47,54.01,0.0,35.17,20.62,34.37,52.4,53.41,50.99,32.39,18.03,24.0,29.15,16.12,18.36,29.12,20.81,23.19,15.3
61,34.99,62.48,16.12,86.61,53.94,65.12,68.88,55.9,16.64,60.17,25.5,34.21,60.9,80.66,93.13,39.0,60.67,57.58,34.67,83.24,52.35,32.28,51.66,31.14,59.64,41.4,19.92,49.41,79.38,60.21,82.35,48.47,91.42,80.53,52.4,39.46,80.26,39.82,25.08,75.64,74.28,78.43,63.13,46.01,55.46,78.92,1.0,89.55,43.83,23.35,54.33,59.08,62.97,36.36,30.36,46.27,64.0,35.74,53.01,88.57,35.17,0.0,54.15,51.87,75.24,33.02,83.86,37.01,50.12,37.16,57.63,19.31,49.74,32.2,55.15,39.56,49.37
62,44.41,44.41,49.4,52.92,6.08,48.37,48.01,14.04,42.06,12.65,29.02,21.59,26.02,51.24,40.02,50.45,14.32,60.46,48.1,40.71,35.78,52.48,34.89,61.85,49.24,29.7,64.26,43.83,30.41,6.08,43.42,54.56,48.88,42.49,41.79,73.82,39.92,46.75,34.01,30.89,47.0,29.73,12.04,40.31,54.92,38.95,55.15,46.65,28.3,32.02,2.0,49.66,43.42,49.5,25.5,72.42,10.77,25.0,5.1,34.53,20.62,54.15,0.0,46.32,37.16,64.64,42.95,36.8,22.36,27.59,33.24,36.12,23.71,36.24,17.26,24.76,5.39
63,17.03,85.15,60.75,98.84,40.8,89.05,90.25,59.03,54.12,39.62,38.21,34.23,27.29,32.31,80.0,15.65,60.54,14.21,72.69,44.1,11.4,23.32,12.04,78.43,7.81,18.44,71.2,3.0,49.04,49.04,89.69,11.18,50.09,88.68,78.64,89.16,40.05,12.81,53.34,41.76,26.25,48.1,58.01,74.17,8.6,85.23,52.43,49.01,63.79,47.38,44.65,7.21,14.32,74.67,34.0,34.13,55.44,54.23,50.12,67.6,34.37,51.87,46.32,0.0,83.24,80.99,43.0,66.0,24.21,58.22,17.46,37.64,22.8,62.07,31.11,57.56,42.06
64,78.75,23.26,63.06,15.81,43.08,25.24,21.26,24.41,58.87,47.3,56.22,53.08,62.1,85.59,34.66,85.28,22.85,97.25,50.01,70.11,72.92,85.56,72.01,66.01,86.41,65.73,75.8,80.62,56.32,36.14,7.21,90.7,76.66,5.66,30.41,75.54,71.0,82.01,50.16,61.0,82.38,56.22,26.68,35.01,91.79,4.0,76.16,74.55,31.62,52.84,39.0,86.82,80.32,50.01,55.87,106.08,30.41,39.82,33.12,44.28,52.4,75.24,37.16,83.24,0.0,68.07,73.06,40.61,59.51,38.08,70.23,63.01,60.84,44.38,54.08,35.78,41.18
65,65.25,47.52,20.25,73.98,67.48,48.27,53.15,58.69,27.29,75.17,44.94,52.8,81.69,105.39,96.17,70.41,63.69,89.05,18.44,102.53,78.29,64.5,77.41,2.83,88.39,66.24,15.65,78.19,94.64,70.18,74.01,79.83,111.02,72.01,38.05,9.22,100.5,70.34,31.83,93.38,99.32,93.86,68.45,33.06,86.13,72.06,33.06,108.89,40.16,36.4,65.8,88.02,89.47,18.11,50.48,79.23,71.12,39.66,61.06,97.05,53.41,33.02,64.64,80.99,68.07,0.0,104.0,29.73,71.4,37.59,81.84,43.46,71.61,28.65,73.59,40.71,61.85
66,55.54,86.4,85.7,88.02,38.08,90.25,89.05,55.66,77.9,30.41,60.44,51.74,23.02,17.69,52.39,57.43,53.37,53.15,89.4,3.16,34.71,64.13,34.93,101.18,38.47,42.95,99.64,43.1,17.26,39.85,77.06,54.04,7.62,77.01,84.69,113.17,3.61,53.6,72.18,12.37,19.7,17.12,47.85,83.19,48.51,73.01,84.72,6.08,71.12,67.9,41.15,39.46,29.15,91.02,54.82,77.06,43.74,66.03,47.93,36.67,50.99,83.86,42.95,43.0,73.06,104.0,0.0,78.77,33.84,69.34,27.89,64.9,34.13,77.2,30.41,66.89,43.57
67,54.13,25.5,22.85,50.09,40.8,28.32,31.89,29.07,20.52,48.6,28.28,32.25,58.18,83.57,66.48,60.64,34.01,77.52,11.66,76.84,59.68,57.58,58.69,27.2,72.17,48.17,35.23,63.0,67.21,41.77,47.3,68.88,85.21,45.35,15.62,38.48,75.47,58.86,14.32,67.2,78.11,66.53,38.95,9.43,73.17,44.55,37.8,83.01,10.44,19.92,38.29,72.11,70.41,12.81,32.0,76.92,41.88,13.0,32.56,67.6,32.39,37.01,36.8,66.0,40.61,29.73,78.77,0.0,49.34,9.43,61.13,31.95,50.0,5.0,49.19,12.04,35.23
68,26.68,64.12,52.35,75.24,16.64,68.12,68.59,35.74,44.6,16.12,26.87,18.6,10.82,34.44,56.94,31.38,36.67,38.42,58.6,33.12,13.42,35.69,12.53,68.6,26.93,11.05,65.95,21.93,31.06,24.84,65.76,33.42,41.34,64.85,59.21,80.43,30.23,27.31,39.96,25.96,28.79,30.07,33.84,55.9,32.8,61.29,51.0,39.45,44.28,35.0,20.59,27.31,22.02,60.42,21.21,53.71,31.24,36.4,26.57,46.17,18.03,50.12,22.36,24.21,59.51,71.4,33.84,49.34,0.0,40.26,12.04,31.06,1.41,46.62,7.62,38.64,18.68
69,47.76,28.65,26.02,50.0,31.4,32.2,34.67,21.59,20.88,39.2,21.93,24.02,48.85,74.33,59.84,54.42,26.68,70.41,20.52,67.42,51.16,52.35,50.16,34.89,64.0,40.01,40.2,55.23,57.98,32.8,45.19,62.1,75.8,43.38,20.62,46.65,66.04,52.2,12.08,57.8,68.96,57.28,31.02,16.0,65.76,41.79,38.08,73.6,7.07,15.56,29.0,64.01,61.66,21.93,24.52,72.4,33.54,4.0,23.6,59.51,24.0,37.16,27.59,58.22,38.08,37.59,69.34,9.43,40.26,0.0,52.17,27.2,41.0,8.94,39.81,3.16,25.81
70,27.66,76.06,62.2,86.03,27.2,80.06,80.4,47.07,54.64,23.85,36.89,29.55,10.0,23.6,63.13,30.0,47.43,30.81,70.01,28.28,7.0,36.35,7.07,79.08,17.03,16.28,75.01,16.49,31.62,34.44,76.16,28.46,35.44,75.39,71.25,90.7,24.52,26.02,50.99,24.52,17.49,30.68,43.86,67.9,25.24,71.69,58.41,33.96,56.32,45.65,31.32,17.69,10.2,71.87,31.38,50.99,40.71,48.27,37.85,50.25,29.15,57.63,33.24,17.46,70.23,81.84,27.89,61.13,12.04,52.17,0.0,39.62,11.18,58.19,16.16,50.64,30.27
71,23.0,55.76,23.26,76.42,35.13,59.17,61.85,40.72,16.49,41.0,7.28,15.13,41.88,63.13,75.95,29.15,44.94,47.04,36.01,64.14,35.23,25.63,34.41,40.85,44.94,23.43,35.38,34.79,60.08,42.05,70.21,38.0,72.4,68.6,46.96,51.88,61.29,28.02,17.72,56.36,56.85,59.14,46.32,41.23,43.42,66.29,20.25,70.49,34.21,12.08,36.01,44.6,46.32,38.01,11.18,45.28,46.53,24.08,35.9,70.06,16.12,19.31,36.12,37.64,63.01,43.46,64.9,31.95,31.06,27.2,39.62,0.0,30.81,27.2,35.85,28.32,31.02
72,25.5,65.19,52.4,76.56,18.03,69.18,69.72,37.0,44.69,17.49,26.91,18.87,11.18,34.0,58.31,30.08,38.01,37.01,59.09,33.54,12.08,34.53,11.18,68.82,25.63,10.0,65.86,20.52,32.02,26.25,67.12,32.02,41.68,66.19,60.13,80.6,30.53,26.0,40.31,26.68,28.23,31.02,35.23,56.72,31.4,62.65,50.61,39.82,45.18,35.23,21.95,26.0,21.0,60.93,21.26,52.39,32.65,37.11,27.86,47.43,18.36,49.74,23.71,22.8,60.84,71.61,34.13,50.0,1.41,41.0,11.18,30.81,0.0,47.17,8.94,39.46,19.92
73,49.65,30.41,18.68,54.59,39.62,33.3,36.8,30.36,15.62,47.42,24.02,28.86,55.95,81.02,68.45,56.09,35.44,73.25,12.21,75.43,56.29,52.81,55.32,25.94,68.47,44.55,32.0,59.08,66.53,41.62,51.24,64.5,83.87,49.34,20.62,37.74,73.82,54.45,9.49,65.95,75.39,65.8,39.92,14.42,69.03,48.27,33.02,81.69,13.04,15.3,37.54,68.36,67.19,13.89,28.16,72.01,42.49,11.31,32.45,68.45,29.12,32.2,36.24,62.07,44.38,28.65,77.2,5.0,46.62,8.94,58.19,27.2,47.17,0.0,47.17,12.08,33.97
74,34.21,61.07,55.44,69.89,11.18,65.07,65.03,31.26,47.63,8.6,30.53,21.63,9.22,34.93,49.4,39.0,31.32,45.28,59.36,29.07,19.85,43.17,19.1,70.77,32.76,18.44,69.63,29.07,24.52,18.36,60.01,40.8,37.54,59.24,57.27,82.76,26.91,34.93,41.77,20.59,30.15,23.54,27.73,54.71,39.62,55.54,56.08,35.47,42.72,37.54,15.3,33.29,26.25,61.06,25.06,61.33,24.7,36.24,22.09,38.6,20.81,55.15,17.26,31.11,54.08,73.59,30.41,49.19,7.62,39.81,16.16,35.85,8.94,47.17,0.0,37.7,15.13
75,47.93,28.23,29.0,48.27,28.84,31.95,34.0,18.44,23.54,36.62,22.47,23.35,46.82,72.42,56.72,54.63,23.54,70.09,23.43,64.9,50.01,53.0,49.01,38.01,63.07,39.2,43.29,54.59,55.17,29.83,42.94,61.98,73.24,41.18,21.1,49.74,63.63,52.2,14.56,55.22,67.19,54.49,27.86,17.26,65.31,39.4,40.5,71.03,6.32,17.2,26.25,63.13,60.3,24.76,24.35,73.24,30.41,4.24,20.62,56.36,23.19,39.56,24.76,57.56,35.78,40.71,66.89,12.04,38.64,3.16,50.64,28.32,39.46,12.08,37.7,0.0,23.32
76,39.2,46.01,45.62,56.8,5.66,50.01,50.16,17.09,38.08,13.45,24.02,16.28,24.33,50.01,45.35,45.34,18.6,56.08,46.1,41.62,31.95,47.17,31.02,59.03,45.54,24.84,60.42,39.45,32.8,11.05,47.71,49.82,50.0,46.65,42.2,71.06,40.31,41.73,30.53,32.02,45.28,32.02,17.2,39.92,50.61,43.27,50.36,47.8,27.86,27.86,5.0,45.88,40.45,47.63,20.22,67.2,16.16,22.67,8.06,39.2,15.3,49.37,5.39,42.06,41.18,61.85,43.57,35.23,18.68,25.81,30.27,31.02,19.92,33.97,15.13,23.32,0.0
