vehicles
vehicle_idx, capacity, cost_per_unit_distance
1,100,3
2,100,3
3,100,3
4,100,3
5,100,3
6,100,3
7,100,3
8,100,3
9,100,3
depot
node_idx,x,y
0,97,33
home delivery customers
node_idx,x,y,service_time,demand
1,55,57,10,23
2,67,15,10,8
3,45,79,10,23
4,29,1,10,4
5,59,79,10,18
6,47,41,10,26
7,51,41,10,16
8,39,45,10,8
9,85,51,10,16
10,35,93,10,5
11,47,79,10,2
12,49,65,10,8
13,51,21,10,8
14,69,43,10,26
15,21,77,10,5
16,13,57,10,26
17,57,55,10,8
18,21,33,10,22
19,83,9,10,18
20,63,69,10,19
21,53,11,10,12
self pickup customers
node_idx,x,y,service_time,demand,locker_idxs
22,21,39,10,24,65
23,93,37,10,17,66
24,5,91,10,1,67
25,71,57,10,13,78
26,93,83,10,16,68
27,23,93,10,4,67
28,45,7,10,26,71
29,83,51,10,23,78-68
30,37,95,10,8,72
31,37,47,10,8,75
32,83,73,10,19,78-68
33,81,17,10,3,69-66
34,71,51,10,8,78
35,21,17,10,4,65
36,9,7,10,12,65
37,65,43,10,19,77-75-73-74
38,47,43,10,24,75-77
39,9,35,10,15,65
40,33,3,10,11,65
41,51,49,10,54,73
42,9,23,10,8,65
flexible customers
node_idx,x,y,service_time,demand,locker_idxs
43,57,81,10,10,78-72-74-76-64
44,1,33,10,15,65
45,29,37,10,23,73-65
46,25,11,10,4,65
47,47,37,10,2,71-73-75-77-70-74
48,87,25,10,5,66-69
49,67,65,10,18,78-76-74-70-64
50,71,89,10,9,64-68
51,87,95,10,23,68-64
52,59,91,10,21,72-64-68
53,21,55,10,5,70-76
54,37,41,10,12,76-70-74-73-75
55,5,71,10,3,67
56,17,71,10,16,67
57,5,71,10,2,67
58,59,33,10,17,73-75-77-69
59,63,87,10,7,78-64-68
60,25,63,10,19,76-70-67
61,77,9,10,5,69-66
62,27,59,10,9,76-74-70
63,25,55,10,5,76-70
lockers
node_idx,x,y,service_time,capacity,cost_per_unit_good
64,65,88,10,84
65,25,15,10,81
66,93,12,10,82
67,22,88,10,88
68,77,88,10,86
69,72,14,10,98
70,44,57,10,71
71,45,13,10,83
72,44,90,10,84
73,45,32,10,72
74,51,61,10,83
75,55,29,10,83
76,43,66,10,74
77,64,30,10,72
78,70,71,10,72
mrt lines
start_node_idx,end_node_idx,freight_capacity,cost_per_unit_good
64,65,84,0.1
65,64,84,0.1
distance matrix
,0,1,2,3,4,5,6,7,8,9,10,11,12,13,14,15,16,17,18,19,20,21,22,23,24,25,26,27,28,29,30,31,32,33,34,35,36,37,38,39,40,41,42,43,44,45,46,47,48,49,50,51,52,53,54,55,56,57,58,59,60,61,62,63,64,65,66,67,68,69,70,71,72,73,74,75,76,77,78,
0,0.0,48.37,34.99,69.43,75.15,59.67,50.64,46.69,59.23,21.63,86.28,67.94,57.69,47.54,29.73,87.82,87.36,45.65,76.0,27.78,49.52,49.19,76.24,5.66,108.76,35.38,50.16,95.27,58.14,22.8,86.28,61.61,42.38,22.63,31.62,77.67,91.76,33.53,50.99,88.02,70.68,48.7,88.57,62.48,96.0,68.12,75.29,50.16,12.81,43.86,61.74,62.8,69.34,79.12,60.53,99.54,88.57,99.54,38.0,63.81,78.0,31.24,74.67,75.29,63.63,74.22,21.38,93.01,58.52,31.4,58.18,55.71,77.83,52.01,53.85,42.19,63.29,33.14,46.62
1,48.37,0.0,43.68,24.17,61.74,22.36,17.89,16.49,20.0,30.59,41.18,23.41,10.0,36.22,19.8,39.45,42.0,2.83,41.62,55.57,14.42,46.04,38.47,42.94,60.46,16.0,46.04,48.17,50.99,28.64,42.05,20.59,32.25,47.71,17.09,52.5,67.94,17.2,16.12,50.99,58.31,8.94,57.2,24.08,59.09,32.8,54.92,21.54,45.25,14.42,35.78,49.68,34.23,34.06,24.08,51.92,40.5,51.92,24.33,31.05,30.59,52.8,28.07,30.07,32.57,51.61,58.9,45.28,38.01,46.24,11.0,45.12,34.79,26.93,5.66,28.0,15.0,28.46,20.52
2,34.99,43.68,0.0,67.68,40.5,64.5,32.8,30.53,41.04,40.25,84.31,67.05,53.14,17.09,28.07,77.2,68.41,41.23,49.4,17.09,54.15,14.56,51.88,34.06,98.08,42.19,72.8,89.55,23.41,39.4,85.44,43.86,60.17,14.14,36.22,46.04,58.55,28.07,34.41,61.35,36.06,37.58,58.55,66.75,68.41,43.91,42.19,29.73,22.36,50.0,74.11,82.46,76.42,60.96,39.7,83.55,75.07,83.55,19.7,72.11,63.78,11.66,59.46,58.0,73.03,42.0,26.17,85.76,73.68,5.1,47.89,22.09,78.45,27.8,48.7,18.44,56.36,15.3,56.08
3,69.43,24.17,67.68,0.0,79.62,14.0,38.05,38.47,34.53,48.83,17.2,2.0,14.56,58.31,43.27,24.08,38.83,26.83,51.88,79.65,20.59,68.47,46.65,63.78,41.76,34.06,48.17,26.08,72.0,47.2,17.89,32.98,38.47,71.69,38.21,66.48,80.5,41.18,36.06,56.85,76.94,30.59,66.57,12.17,63.66,44.94,70.88,42.05,68.41,26.08,27.86,44.94,18.44,33.94,38.83,40.79,29.12,40.79,48.08,19.7,25.61,76.97,26.91,31.24,21.93,67.05,82.42,24.7,33.24,70.38,22.02,66.0,11.05,47.0,18.97,50.99,13.15,52.55,26.25
4,75.15,61.74,40.5,79.62,0.0,83.57,43.86,45.65,45.12,75.07,92.2,80.05,67.05,29.73,58.0,76.42,58.24,60.83,32.98,54.59,76.03,26.0,38.83,73.43,93.15,70.0,104.02,92.2,17.09,73.59,94.34,46.69,90.0,54.41,65.3,17.89,20.88,55.32,45.69,39.45,4.47,52.8,29.73,84.76,42.52,36.0,10.77,40.25,62.77,74.43,97.51,110.45,94.87,54.59,40.79,74.0,71.02,74.0,43.86,92.48,62.13,48.66,58.03,54.15,94.15,14.56,64.94,87.28,99.36,44.92,57.97,20.0,90.26,34.89,63.91,38.21,66.49,45.45,81.12
5,59.67,22.36,64.5,14.0,83.57,0.0,39.85,38.83,39.45,38.21,27.78,12.0,17.2,58.55,37.36,38.05,50.99,24.08,59.67,74.0,10.77,68.26,55.17,54.04,55.32,25.06,34.23,38.63,73.35,36.88,27.2,38.83,24.74,65.79,30.46,72.72,87.66,36.5,37.95,66.6,80.32,31.05,75.07,2.83,74.03,51.61,76.03,43.68,60.83,16.12,15.62,32.25,12.0,44.94,43.91,54.59,42.76,54.59,46.0,8.94,37.58,72.28,37.74,41.62,10.82,72.47,75.13,38.08,20.12,66.29,26.63,67.47,18.6,49.04,19.7,50.16,20.62,49.25,13.6
6,50.64,17.89,32.8,38.05,43.86,39.85,0.0,4.0,8.94,39.29,53.37,38.0,24.08,20.4,22.09,44.41,37.58,17.2,27.2,48.17,32.25,30.59,26.08,46.17,65.3,28.84,62.29,57.27,34.06,37.36,54.92,11.66,48.17,41.62,26.0,35.38,50.99,18.11,2.0,38.47,40.5,8.94,42.05,41.23,46.69,18.44,37.2,4.0,43.08,31.24,53.67,67.2,51.42,29.53,10.0,51.61,42.43,51.61,14.42,48.7,31.11,43.86,26.91,26.08,50.33,34.06,54.38,53.24,55.76,36.8,16.28,28.07,49.09,9.22,20.4,14.42,25.32,20.25,37.8
7,46.69,16.49,30.53,38.47,45.65,38.83,4.0,0.0,12.65,35.44,54.41,38.21,24.08,20.0,18.11,46.86,41.23,15.23,31.05,45.25,30.46,30.07,30.07,42.19,67.94,25.61,59.4,59.06,34.53,33.53,55.79,15.23,45.25,38.42,22.36,38.42,54.04,14.14,4.47,42.43,42.05,8.0,45.69,40.45,50.64,22.36,39.7,5.66,39.4,28.84,52.0,64.9,50.64,33.11,14.0,54.92,45.34,54.92,11.31,47.54,34.06,41.23,30.0,29.53,49.04,36.77,51.04,55.23,53.71,34.21,17.46,28.64,49.5,10.82,20.0,12.65,26.25,17.03,35.51
8,59.23,20.0,41.04,34.53,45.12,39.45,8.94,12.65,0.0,46.39,48.17,34.93,22.36,26.83,30.07,36.72,28.64,20.59,21.63,56.85,33.94,36.77,18.97,54.59,57.2,34.18,66.03,50.6,38.47,44.41,50.04,2.83,52.15,50.48,32.56,33.29,48.41,26.08,8.25,31.62,42.43,12.65,37.2,40.25,39.85,12.81,36.77,11.31,52.0,34.41,54.41,69.31,50.16,20.59,4.47,42.8,34.06,42.8,23.32,48.37,22.8,52.35,18.44,17.2,50.25,33.11,63.29,46.24,57.38,45.28,13.0,32.56,45.28,14.32,20.0,22.63,21.38,29.15,40.46
9,21.63,30.59,40.25,48.83,75.07,38.21,39.29,35.44,46.39,0.0,65.3,47.2,38.63,45.34,17.89,69.08,72.25,28.28,66.48,42.05,28.43,51.22,65.12,16.12,89.44,15.23,32.98,74.89,59.46,2.0,65.12,48.17,22.09,34.23,14.0,72.47,87.82,21.54,38.83,77.67,70.77,34.06,80.99,41.04,85.91,57.72,72.11,40.5,26.08,22.8,40.5,44.05,47.71,64.12,49.03,82.46,70.88,82.46,31.62,42.19,61.19,42.76,58.55,60.13,42.06,69.97,39.81,73.06,37.85,39.22,41.44,55.17,56.59,44.28,35.44,37.2,44.6,29.7,25.0
10,86.28,41.18,84.31,17.2,92.2,27.78,53.37,54.41,48.17,65.3,0.0,18.44,31.3,73.76,60.46,21.26,42.19,43.91,61.61,96.75,36.88,83.95,55.79,80.62,30.07,50.91,58.86,12.0,86.58,63.78,2.83,46.04,52.0,88.84,55.32,77.28,89.84,58.31,51.42,63.56,90.02,46.82,74.67,25.06,68.96,56.32,82.61,57.27,85.6,42.52,36.22,52.04,24.08,40.5,52.04,37.2,28.43,37.2,64.62,28.64,31.62,93.91,34.93,39.29,30.41,78.64,99.62,13.93,42.3,87.24,37.11,80.62,9.49,61.81,35.78,67.05,28.16,69.35,41.34
11,67.94,23.41,67.05,2.0,80.05,12.0,38.0,38.21,34.93,47.2,18.44,0.0,14.14,58.14,42.19,26.08,40.5,26.0,52.84,78.71,18.87,68.26,47.71,62.29,43.68,32.56,46.17,27.78,72.03,45.61,18.87,33.53,36.5,70.71,36.88,67.23,81.41,40.25,36.0,58.14,77.28,30.27,67.68,10.2,65.05,45.69,71.47,42.0,67.2,24.41,26.0,43.08,16.97,35.38,39.29,42.76,31.05,42.76,47.54,17.89,27.2,76.16,28.28,32.56,20.12,67.68,81.27,26.57,31.32,69.64,22.2,66.03,11.4,47.04,18.44,50.64,13.6,51.87,24.35
12,57.69,10.0,53.14,14.56,67.05,17.2,24.08,24.08,22.36,38.63,31.3,14.14,0.0,44.05,29.73,30.46,36.88,12.81,42.52,65.51,14.56,54.15,38.21,52.15,51.11,23.41,47.54,38.21,58.14,36.77,32.31,21.63,34.93,57.69,26.08,55.57,70.46,27.2,22.09,50.0,64.03,16.12,58.0,17.89,57.69,34.41,59.09,28.07,55.17,18.0,32.56,48.41,27.86,29.73,26.83,44.41,32.56,44.41,33.53,26.08,24.08,62.61,22.8,26.0,28.02,55.46,68.88,35.47,36.24,55.95,9.43,52.15,25.5,33.24,4.47,36.5,6.08,38.08,21.84
13,47.54,36.22,17.09,58.31,29.73,58.55,20.4,20.0,26.83,45.34,73.76,58.14,44.05,0.0,28.43,63.53,52.35,34.53,32.31,34.18,49.48,10.2,34.99,44.94,83.76,41.18,74.89,77.25,15.23,43.86,75.31,29.53,61.06,30.27,36.06,30.27,44.27,26.08,22.36,44.27,25.46,28.0,42.05,60.3,51.42,27.2,27.86,16.49,36.22,46.82,70.88,82.29,70.46,45.34,24.41,67.94,60.46,67.94,14.42,67.08,49.4,28.64,44.94,42.8,68.45,26.68,42.95,73.01,71.87,22.14,36.67,10.0,69.35,12.53,40.0,8.94,45.71,15.81,53.49
14,29.73,19.8,28.07,43.27,58.0,37.36,22.09,18.11,30.07,17.89,60.46,42.19,29.73,28.43,0.0,58.82,57.72,16.97,49.03,36.77,26.68,35.78,48.17,24.74,80.0,14.14,46.65,67.94,43.27,16.12,61.06,32.25,33.11,28.64,8.25,54.59,69.97,4.0,22.0,60.53,53.81,18.97,63.25,39.85,68.73,40.45,54.41,22.8,25.46,22.09,46.04,55.03,49.03,49.48,32.06,69.86,59.06,69.86,14.14,44.41,48.33,34.93,44.94,45.61,45.18,52.15,39.2,65.07,45.71,29.15,28.65,38.42,53.24,26.4,25.46,19.8,34.71,13.93,28.02
15,87.82,39.45,77.2,24.08,76.42,38.05,44.41,46.86,36.72,69.08,21.26,26.08,30.46,63.53,58.82,0.0,21.54,42.19,44.0,92.02,42.76,73.35,38.0,82.37,21.26,53.85,72.25,16.12,74.0,67.23,24.08,34.0,62.13,84.85,56.36,60.0,71.02,55.61,42.8,43.68,74.97,41.04,55.32,36.22,48.33,40.79,66.12,47.71,84.02,47.54,51.42,68.41,40.5,22.0,39.4,17.09,7.21,17.09,58.14,43.17,14.56,88.09,18.97,22.36,45.35,62.13,97.0,11.05,57.07,81.06,30.48,68.35,26.42,51.0,34.0,58.82,24.6,63.7,49.37
16,87.36,42.0,68.41,38.83,58.24,50.99,37.58,41.23,28.64,72.25,42.19,40.5,36.88,52.35,57.72,21.54,0.0,44.05,25.3,84.88,51.42,60.96,19.7,82.46,34.93,58.0,84.12,37.36,59.36,70.26,44.94,26.0,71.81,78.89,58.31,40.79,50.16,53.85,36.77,22.36,57.58,38.83,34.23,50.12,26.83,25.61,47.54,39.45,80.62,54.59,66.24,83.19,57.2,8.25,28.84,16.12,14.56,16.12,51.88,58.31,13.42,80.0,14.14,12.17,60.54,43.68,91.79,32.28,71.11,73.01,31.0,54.41,45.28,40.61,38.21,50.48,31.32,57.71,58.69
17,45.65,2.83,41.23,26.83,60.83,24.08,17.2,15.23,20.59,28.28,43.91,26.0,12.81,34.53,16.97,42.19,44.05,0.0,42.19,52.84,15.23,44.18,39.4,40.25,63.25,14.14,45.61,50.99,49.48,26.31,44.72,21.54,31.62,44.94,14.56,52.35,67.88,14.42,15.62,52.0,57.27,8.49,57.69,26.0,60.17,33.29,54.41,20.59,42.43,14.14,36.77,50.0,36.06,36.0,24.41,54.41,43.08,54.41,22.09,32.56,32.98,50.16,30.27,32.0,33.96,51.22,56.08,48.1,38.59,43.66,13.15,43.68,37.34,25.94,8.49,26.08,17.8,25.96,20.62
18,76.0,41.62,49.4,51.88,32.98,59.67,27.2,31.05,21.63,66.48,61.61,52.84,42.52,32.31,49.03,44.0,25.3,42.19,0.0,66.48,55.32,38.83,6.0,72.11,60.17,55.46,87.66,60.03,35.38,64.56,64.03,21.26,73.78,62.1,53.14,16.0,28.64,45.12,27.86,12.17,32.31,34.0,15.62,60.0,20.0,8.94,22.36,26.31,66.48,56.04,75.07,90.55,69.34,22.0,17.89,41.23,38.21,41.23,38.0,68.41,30.27,60.93,26.68,22.36,70.43,18.44,75.0,55.01,78.49,54.42,33.24,31.24,61.47,24.02,41.04,34.23,39.66,43.1,62.01
19,27.78,55.57,17.09,79.65,54.59,74.0,48.17,45.25,56.85,42.05,96.75,78.71,65.51,34.18,36.77,92.02,84.88,52.84,66.48,0.0,63.25,30.07,68.88,29.73,113.17,49.48,74.67,103.23,38.05,42.0,97.53,59.67,64.0,8.25,43.68,62.51,74.03,38.47,49.52,78.43,50.36,51.22,75.31,76.55,85.44,60.83,58.03,45.61,16.49,58.24,80.89,86.09,85.44,77.2,56.04,99.64,90.55,99.64,33.94,80.52,79.25,6.0,75.07,74.03,81.02,58.31,10.44,99.81,79.23,12.08,61.85,38.21,89.9,44.42,61.06,34.41,69.63,28.32,63.35
20,49.52,14.42,54.15,20.59,76.03,10.77,32.25,30.46,33.94,28.43,36.88,18.87,14.56,49.48,26.68,42.76,51.42,15.23,55.32,63.25,0.0,58.86,51.61,43.86,62.03,14.42,33.11,46.65,64.56,26.91,36.77,34.06,20.4,55.03,19.7,66.84,82.22,26.08,30.53,63.81,72.5,23.32,70.94,13.42,71.69,46.69,69.34,35.78,50.12,5.66,21.54,35.38,22.36,44.27,38.21,58.03,46.04,58.03,36.22,18.0,38.47,61.61,37.36,40.5,19.1,66.03,64.41,45.19,23.6,55.73,22.47,58.82,28.32,41.15,14.42,40.79,20.22,39.01,7.28
21,49.19,46.04,14.56,68.47,26.0,68.26,30.59,30.07,36.77,51.22,83.95,68.26,54.15,10.2,35.78,73.35,60.96,44.18,38.83,30.07,58.86,0.0,42.52,47.71,93.3,49.4,82.37,87.32,8.94,50.0,85.51,39.4,68.88,28.64,43.86,32.56,44.18,34.18,32.56,50.12,21.54,38.05,45.61,70.11,56.46,35.38,28.0,26.68,36.77,55.79,80.05,90.62,80.22,54.41,34.0,76.84,69.97,76.84,22.8,76.66,59.06,24.08,54.59,52.15,77.93,28.28,40.01,83.01,80.65,19.24,46.87,8.25,79.51,22.47,50.04,18.11,55.9,21.95,62.36
22,76.24,38.47,51.88,46.65,38.83,55.17,26.08,30.07,18.97,65.12,55.79,47.71,38.21,34.99,48.17,38.0,19.7,39.4,6.0,68.88,51.61,42.52,0.0,72.03,54.41,53.14,84.38,54.04,40.0,63.15,58.24,17.89,70.71,63.91,51.42,22.0,34.18,44.18,26.31,12.65,37.95,31.62,20.0,55.32,20.88,8.25,28.28,26.08,67.47,52.84,70.71,86.56,64.4,16.0,16.12,35.78,32.25,35.78,38.47,63.78,24.33,63.53,20.88,16.49,65.86,24.33,76.9,49.01,74.41,56.8,29.21,35.38,55.95,25.0,37.2,35.44,34.83,43.93,58.52
23,5.66,42.94,34.06,63.78,73.43,54.04,46.17,42.19,54.59,16.12,80.62,62.29,52.15,44.94,24.74,82.37,82.46,40.25,72.11,29.73,43.86,47.71,72.03,0.0,103.25,29.73,46.0,89.64,56.6,17.2,80.62,56.89,37.36,23.32,26.08,74.73,89.2,28.64,46.39,84.02,68.96,43.68,85.16,56.85,92.09,64.0,72.8,46.0,13.42,38.21,56.46,58.31,63.81,74.22,56.14,94.34,83.26,94.34,34.23,58.31,72.8,32.25,69.57,70.34,58.18,71.47,25.0,87.42,53.45,31.14,52.92,53.67,72.18,48.26,48.37,38.83,57.8,29.83,41.05
24,108.76,60.46,98.08,41.76,93.15,55.32,65.3,67.94,57.2,89.44,30.07,43.68,51.11,83.76,80.0,21.26,34.93,63.25,60.17,113.17,62.03,93.3,54.41,103.25,0.0,74.24,88.36,18.11,93.04,87.66,32.25,54.41,80.05,106.08,77.18,75.71,84.1,76.84,63.78,56.14,92.35,62.29,68.12,52.95,58.14,59.09,82.46,68.41,105.26,67.23,66.03,82.1,54.0,39.4,59.36,20.0,23.32,20.0,79.25,58.14,34.41,109.12,38.83,41.18,60.07,78.59,118.26,17.26,72.06,102.07,51.74,87.66,39.01,71.28,54.92,79.65,45.49,84.86,68.01
25,35.38,16.0,42.19,34.06,70.0,25.06,28.84,25.61,34.18,15.23,50.91,32.56,23.41,41.18,14.14,53.85,58.0,14.14,55.46,49.48,14.42,49.4,53.14,29.73,74.24,0.0,34.06,60.0,56.36,13.42,50.99,35.44,20.0,41.23,6.0,64.03,79.65,15.23,27.78,65.79,66.03,21.54,70.71,27.78,74.0,46.52,65.05,31.24,35.78,8.94,32.0,41.23,36.06,50.04,37.58,67.47,55.79,67.47,26.83,31.05,46.39,48.37,44.05,46.04,31.58,62.29,50.09,57.98,31.58,43.01,27.0,51.11,42.64,36.07,20.4,32.25,29.41,27.89,14.04
26,50.16,46.04,72.8,48.17,104.02,34.23,62.29,59.4,66.03,32.98,58.86,46.17,47.54,74.89,46.65,72.25,84.12,45.61,87.66,74.67,33.11,82.37,84.38,46.0,88.36,34.06,0.0,70.71,89.89,33.53,57.27,66.57,14.14,67.08,38.83,97.67,113.28,48.83,60.96,96.75,100.0,54.04,103.23,36.06,104.71,78.82,99.04,65.05,58.31,31.62,22.8,13.42,34.93,77.25,70.0,88.81,76.94,88.81,60.46,30.27,70.88,75.71,70.23,73.54,28.44,96.17,71.0,71.18,16.76,72.12,55.47,84.88,49.5,70.04,47.41,66.03,52.81,60.42,25.94
27,95.27,48.17,89.55,26.08,92.2,38.63,57.27,59.06,50.6,74.89,12.0,27.78,38.21,77.25,67.94,16.12,37.36,50.99,60.03,103.23,46.65,87.32,54.04,89.64,18.11,60.0,70.71,0.0,88.77,73.24,14.14,48.08,63.25,95.6,63.78,76.03,87.13,65.3,55.46,59.67,90.55,52.15,71.39,36.06,63.91,56.32,82.02,60.93,93.38,52.15,48.17,64.03,36.06,38.05,53.85,28.43,22.8,28.43,69.97,40.45,30.07,99.86,34.23,38.05,42.3,78.03,107.06,5.1,54.23,92.96,41.68,82.97,21.21,64.85,42.52,71.55,33.6,75.17,51.89
28,58.14,50.99,23.41,72.0,17.09,73.35,34.06,34.53,38.47,59.46,86.58,72.03,58.14,15.23,43.27,74.0,59.36,49.48,35.38,38.05,64.56,8.94,40.0,56.6,93.04,56.36,89.89,88.77,0.0,58.14,88.36,40.79,76.16,37.36,51.11,26.0,36.0,41.18,36.06,45.61,12.65,42.43,39.4,74.97,51.11,34.0,20.4,30.07,45.69,62.03,86.02,97.51,85.16,53.67,34.93,75.47,69.86,75.47,29.53,82.0,59.46,32.06,55.03,52.0,83.43,21.54,48.26,84.2,87.09,27.89,50.01,6.0,83.01,25.0,54.33,24.17,59.03,29.83,68.71
29,22.8,28.64,39.4,47.2,73.59,36.88,37.36,33.53,44.41,2.0,63.78,45.61,36.77,43.86,16.12,67.23,70.26,26.31,64.56,42.0,26.91,50.0,63.15,17.2,87.66,13.42,33.53,73.24,58.14,0.0,63.66,46.17,22.0,34.06,12.0,70.71,86.09,19.7,36.88,75.71,69.31,32.06,79.12,39.7,83.95,55.79,70.46,38.63,26.31,21.26,39.85,44.18,46.65,62.13,47.07,80.52,68.96,80.52,30.0,41.18,59.23,42.43,56.57,58.14,41.15,68.26,40.26,71.34,37.48,38.6,39.46,53.74,55.15,42.49,33.53,35.61,42.72,28.32,23.85
30,86.28,42.05,85.44,17.89,94.34,27.2,54.92,55.79,50.04,65.12,2.83,18.87,32.31,75.31,61.06,24.08,44.94,44.72,64.03,97.53,36.77,85.51,58.24,80.62,32.25,50.99,57.27,14.14,88.36,63.66,0.0,48.0,50.99,89.55,55.61,79.62,92.35,59.06,52.95,66.21,92.09,48.08,77.25,24.41,71.69,58.55,84.85,58.86,86.02,42.43,34.53,50.0,22.36,43.08,54.0,40.0,31.24,40.0,65.79,27.2,34.18,94.85,37.36,41.76,28.86,80.89,100.12,16.55,40.61,88.24,38.64,82.39,8.6,63.51,36.77,68.41,29.61,70.38,40.8
31,61.61,20.59,43.86,32.98,46.69,38.83,11.66,15.23,2.83,48.17,46.04,33.53,21.63,29.53,32.25,34.0,26.0,21.54,21.26,59.67,34.06,39.4,17.89,56.89,54.41,35.44,66.57,48.08,40.79,46.17,48.0,0.0,52.84,53.25,34.23,34.0,48.83,28.28,10.77,30.46,44.18,14.14,36.88,39.45,38.63,12.81,37.95,14.14,54.63,34.99,54.04,69.31,49.19,17.89,6.0,40.0,31.24,40.0,26.08,47.71,20.0,55.17,15.62,14.42,49.65,34.18,66.04,43.66,57.28,48.1,12.21,34.93,43.57,17.0,19.8,25.46,19.92,31.91,40.8
32,42.38,32.25,60.17,38.47,90.0,24.74,48.17,45.25,52.15,22.09,52.0,36.5,34.93,61.06,33.11,62.13,71.81,31.62,73.78,64.0,20.4,68.88,70.71,37.36,80.05,20.0,14.14,63.25,76.16,22.0,50.99,52.84,0.0,56.04,25.06,83.55,99.16,34.99,46.86,83.19,86.02,40.0,89.31,27.2,91.24,64.9,84.9,50.91,48.17,17.89,20.0,22.36,30.0,64.56,56.04,78.03,66.03,78.03,46.65,24.41,58.86,64.28,57.72,60.73,23.43,82.02,61.81,62.82,16.16,60.02,42.15,71.02,42.54,55.9,34.18,52.15,40.61,47.01,13.15
33,22.63,47.71,14.14,71.69,54.41,65.79,41.62,38.42,50.48,34.23,88.84,70.71,57.69,30.27,28.64,84.85,78.89,44.94,62.1,8.25,55.03,28.64,63.91,23.32,106.08,41.23,67.08,95.6,37.36,34.06,89.55,53.25,56.04,0.0,35.44,60.0,72.69,30.53,42.8,74.22,50.0,43.86,72.25,68.35,81.58,55.71,56.32,39.45,10.0,50.0,72.69,78.23,77.2,71.02,50.12,93.23,83.74,93.23,27.2,72.28,72.47,8.94,68.41,67.68,72.78,56.04,13.0,92.31,71.11,9.49,54.49,36.22,81.84,39.0,53.25,28.64,62.01,21.4,55.11
34,31.62,17.09,36.22,38.21,65.3,30.46,26.0,22.36,32.56,14.0,55.32,36.88,26.08,36.06,8.25,56.36,58.31,14.56,53.14,43.68,19.7,43.86,51.42,26.08,77.18,6.0,38.83,63.78,51.11,12.0,55.61,34.23,25.06,35.44,0.0,60.46,76.03,10.0,25.3,64.03,61.22,20.1,68.03,33.11,72.28,44.27,60.96,27.78,30.53,14.56,38.0,46.82,41.76,50.16,35.44,68.96,57.58,68.96,21.63,36.88,47.54,42.43,44.72,46.17,37.48,58.41,44.78,61.4,37.48,37.01,27.66,46.04,47.43,32.2,22.36,27.2,31.76,22.14,20.02
35,77.67,52.5,46.04,66.48,17.89,72.72,35.38,38.42,33.29,72.47,77.28,67.23,55.57,30.27,54.59,60.0,40.79,52.35,16.0,62.51,66.84,32.56,22.0,74.73,75.71,64.03,97.67,76.03,26.0,70.71,79.62,34.0,83.55,60.0,60.46,0.0,15.62,51.11,36.77,21.63,18.44,43.86,13.42,73.43,25.61,21.54,7.21,32.8,66.48,66.48,87.66,102.18,83.19,38.0,28.84,56.32,54.15,56.32,41.23,81.63,46.17,56.57,42.43,38.21,83.53,4.47,72.17,71.01,90.43,51.09,46.14,24.33,76.54,28.3,53.25,36.06,53.71,44.92,72.92
36,91.76,67.94,58.55,80.5,20.88,87.66,50.99,54.04,48.41,87.82,89.84,81.41,70.46,44.27,69.97,71.02,50.16,67.88,28.64,74.03,82.22,44.18,34.18,89.2,84.1,79.65,113.28,87.13,36.0,86.09,92.35,48.83,99.16,72.69,76.03,15.62,0.0,66.57,52.35,28.0,24.33,59.4,16.0,88.2,27.2,36.06,16.49,48.41,80.05,82.02,102.8,117.59,97.75,49.48,44.05,64.12,64.5,64.12,56.36,96.52,58.24,68.03,55.03,50.6,98.47,17.89,84.15,82.04,105.76,63.39,61.03,36.5,90.08,43.83,68.41,50.99,68.1,59.62,88.41
37,33.53,17.2,28.07,41.18,55.32,36.5,18.11,14.14,26.08,21.54,58.31,40.25,27.2,26.08,4.0,55.61,53.85,14.42,45.12,38.47,26.08,34.18,44.18,28.64,76.84,15.23,48.83,65.3,41.18,19.7,59.06,28.28,34.99,30.53,10.0,51.11,66.57,0.0,18.0,56.57,51.22,15.23,59.46,38.83,64.78,36.5,51.22,18.97,28.43,22.09,46.39,56.46,48.37,45.61,28.07,66.21,55.57,66.21,11.66,44.05,44.72,36.06,41.23,41.76,45.0,48.83,41.77,62.24,46.57,29.83,25.24,36.06,51.48,22.83,22.8,17.2,31.83,13.04,28.44
38,50.99,16.12,34.41,36.06,45.69,37.95,2.0,4.47,8.25,38.83,51.42,36.0,22.09,22.36,22.0,42.8,36.77,15.62,27.86,49.52,30.53,32.56,26.31,46.39,63.78,27.78,60.96,55.46,36.06,36.88,52.95,10.77,46.86,42.8,25.3,36.77,52.35,18.0,0.0,38.83,42.38,7.21,42.94,39.29,47.07,18.97,38.83,6.0,43.86,29.73,51.88,65.6,49.48,28.64,10.2,50.48,41.04,50.48,15.62,46.82,29.73,45.34,25.61,25.06,48.47,35.61,55.47,51.48,54.08,38.29,14.32,30.07,47.1,11.18,18.44,16.12,23.35,21.4,36.24
39,88.02,50.99,61.35,56.85,39.45,66.6,38.47,42.43,31.62,77.67,63.56,58.14,50.0,44.27,60.53,43.68,22.36,52.0,12.17,78.43,63.81,50.12,12.65,84.02,56.14,65.79,96.75,59.67,45.61,75.71,66.21,30.46,83.19,74.22,64.03,21.63,28.0,56.57,38.83,0.0,40.0,44.27,12.0,66.48,8.25,20.1,28.84,38.05,78.64,65.3,82.22,98.41,75.07,23.32,28.64,36.22,36.88,36.22,50.04,74.97,32.25,72.8,30.0,25.61,77.1,25.61,87.09,54.57,86.21,66.41,41.34,42.19,65.19,36.12,49.4,46.39,46.01,55.23,70.83
40,70.68,58.31,36.06,76.94,4.47,80.32,40.5,42.05,42.43,70.77,90.02,77.28,64.03,25.46,53.81,74.97,57.58,57.27,32.31,50.36,72.5,21.54,37.95,68.96,92.35,66.03,100.0,90.55,12.65,69.31,92.09,44.18,86.02,50.0,61.22,18.44,24.33,51.22,42.38,40.0,0.0,49.4,31.24,81.61,43.86,34.23,11.31,36.77,58.31,70.71,94.02,106.68,91.76,53.37,38.21,73.54,69.86,73.54,39.7,89.2,60.53,44.41,56.32,52.61,90.82,14.42,60.67,85.71,95.71,40.52,55.11,15.62,87.69,31.38,60.73,34.06,63.79,41.11,77.41
41,48.7,8.94,37.58,30.59,52.8,31.05,8.94,8.0,12.65,34.06,46.82,30.27,16.12,28.0,18.97,41.04,38.83,8.49,34.0,51.22,23.32,38.05,31.62,43.68,62.29,21.54,54.04,52.15,42.43,32.06,48.08,14.14,40.0,43.86,20.1,43.86,59.4,15.23,7.21,44.27,49.4,0.0,49.4,32.56,52.5,25.06,46.04,12.65,43.27,22.63,44.72,58.41,42.76,30.59,16.12,50.99,40.5,50.99,17.89,39.85,29.53,47.71,26.0,26.68,41.44,42.8,55.97,48.6,46.87,40.82,10.63,36.5,41.59,18.03,12.0,20.4,18.79,23.02,29.07
42,88.57,57.2,58.55,66.57,29.73,75.07,42.05,45.69,37.2,80.99,74.67,67.68,58.0,42.05,63.25,55.32,34.23,57.69,15.62,75.31,70.94,45.61,20.0,85.16,68.12,70.71,103.23,71.39,39.4,79.12,77.25,36.88,89.31,72.25,68.03,13.42,16.0,59.46,42.94,12.0,31.24,49.4,0.0,75.29,12.81,24.41,20.0,40.5,78.03,71.61,90.55,106.15,84.4,34.18,33.29,48.17,48.66,48.17,50.99,83.74,43.08,69.43,40.25,35.78,85.8,17.89,84.72,66.29,94.07,63.64,48.8,37.36,75.59,37.11,56.64,46.39,54.82,55.44,77.62
43,62.48,24.08,66.75,12.17,84.76,2.83,41.23,40.45,40.25,41.04,25.06,10.2,17.89,60.3,39.85,36.22,50.12,26.0,60.0,76.55,13.42,70.11,55.32,56.85,52.95,27.78,36.06,36.06,74.97,39.7,24.41,39.45,27.2,68.35,33.11,73.43,88.2,38.83,39.29,66.48,81.61,32.56,75.29,0.0,73.76,52.15,76.97,45.12,63.53,18.87,16.12,33.11,10.2,44.41,44.72,52.95,41.23,52.95,48.04,8.49,36.72,74.73,37.2,41.23,10.63,73.35,77.83,35.69,21.19,68.66,27.29,69.05,15.81,50.45,20.88,52.04,20.52,51.48,16.4
44,96.0,59.09,68.41,63.66,42.52,74.03,46.69,50.64,39.85,85.91,68.96,65.05,57.69,51.42,68.73,48.33,26.83,60.17,20.0,85.44,71.69,56.46,20.88,92.09,58.14,74.0,104.71,63.91,51.11,83.95,71.69,38.63,91.24,81.58,72.28,25.61,27.2,64.78,47.07,8.25,43.86,52.5,12.81,73.76,0.0,28.28,32.56,46.17,86.37,73.35,89.64,106.02,82.02,29.73,36.88,38.21,41.23,38.21,58.0,82.22,38.42,79.7,36.77,32.56,84.39,30.0,94.37,58.87,93.81,73.5,49.24,48.33,71.4,44.01,57.31,54.15,53.41,63.07,78.77
45,68.12,32.8,43.91,44.94,36.0,51.61,18.44,22.36,12.81,57.72,56.32,45.69,34.41,27.2,40.45,40.79,25.61,33.29,8.94,60.83,46.69,35.38,8.25,64.0,59.09,46.52,78.82,56.32,34.0,55.79,58.55,12.81,64.9,55.71,44.27,21.54,36.06,36.5,18.97,20.1,34.23,25.06,24.41,52.15,28.28,0.0,26.31,18.0,59.23,47.2,66.84,82.02,61.77,19.7,8.94,41.62,36.06,41.62,30.27,60.46,26.31,55.57,22.09,18.44,62.43,22.36,68.71,51.48,70.04,48.76,25.0,28.84,55.08,16.76,32.56,27.2,32.2,35.69,53.26
46,75.29,54.92,42.19,70.88,10.77,76.03,37.2,39.7,36.77,72.11,82.61,71.47,59.09,27.86,54.41,66.12,47.54,54.41,22.36,58.03,69.34,28.0,28.28,72.8,82.46,65.05,99.04,82.02,20.4,70.46,84.85,37.95,84.9,56.32,60.96,7.21,16.49,51.22,38.83,28.84,11.31,46.04,20.0,76.97,32.56,26.31,0.0,34.06,63.56,68.41,90.55,104.4,86.93,44.18,32.31,63.25,60.53,63.25,40.5,84.97,52.0,52.04,48.04,44.0,86.77,4.0,68.01,77.06,92.91,47.1,49.77,20.1,81.25,29.0,56.36,34.99,57.87,43.38,75.0
47,50.16,21.54,29.73,42.05,40.25,43.68,4.0,5.66,11.31,40.5,57.27,42.0,28.07,16.49,22.8,47.71,39.45,20.59,26.31,45.61,35.78,26.68,26.08,46.0,68.41,31.24,65.05,60.93,30.07,38.63,58.86,14.14,50.91,39.45,27.78,32.8,48.41,18.97,6.0,38.05,36.77,12.65,40.5,45.12,46.17,18.0,34.06,0.0,41.76,34.41,57.27,70.46,55.32,31.62,10.77,54.04,45.34,54.04,12.65,52.5,34.06,41.04,29.73,28.43,54.08,31.11,52.35,56.8,59.17,33.97,20.22,24.08,53.08,5.39,24.33,11.31,29.27,18.38,41.05
48,12.81,45.25,22.36,68.41,62.77,60.83,43.08,39.4,52.0,26.08,85.6,67.2,55.17,36.22,25.46,84.02,80.62,42.43,66.48,16.49,50.12,36.77,67.47,13.42,105.26,35.78,58.31,93.38,45.69,26.31,86.02,54.63,48.17,10.0,30.53,66.48,80.05,28.43,43.86,78.64,58.31,43.27,78.03,63.53,86.37,59.23,63.56,41.76,0.0,44.72,65.97,70.0,71.69,72.5,52.5,94.02,83.76,94.02,29.12,66.48,72.72,18.87,68.96,68.88,66.73,62.8,14.32,90.52,63.79,18.6,53.6,43.68,77.94,42.58,50.91,32.25,60.14,23.54,49.04
49,43.86,14.42,50.0,26.08,74.43,16.12,31.24,28.84,34.41,22.8,42.52,24.41,18.0,46.82,22.09,47.54,54.59,14.14,56.04,58.24,5.66,55.79,52.84,38.21,67.23,8.94,31.62,52.15,62.03,21.26,42.43,34.99,17.89,50.0,14.56,66.48,82.02,22.09,29.73,65.3,70.71,22.63,71.61,18.87,73.35,47.2,68.41,34.41,44.72,0.0,24.33,36.06,27.2,47.07,38.42,62.29,50.36,62.29,32.98,22.36,42.05,56.89,40.45,43.17,23.09,65.3,59.03,50.54,25.08,51.24,24.35,56.46,33.97,39.66,16.49,37.95,24.02,35.13,6.71
50,61.74,35.78,74.11,27.86,97.51,15.62,53.67,52.0,54.41,40.5,36.22,26.0,32.56,70.88,46.04,51.42,66.24,36.77,75.07,80.89,21.54,80.05,70.71,56.46,66.03,32.0,22.8,48.17,86.02,39.85,34.53,54.04,20.0,72.69,38.0,87.66,102.8,46.39,51.88,82.22,94.02,44.72,90.55,16.12,89.64,66.84,90.55,57.27,65.97,24.33,0.0,17.09,12.17,60.46,58.82,68.41,56.92,68.41,57.27,8.25,52.84,80.22,53.25,57.2,6.08,87.13,80.08,49.01,6.08,75.01,41.87,80.32,27.02,62.65,34.41,62.1,36.24,59.41,18.03
51,62.8,49.68,82.46,44.94,110.45,32.25,67.2,64.9,69.31,44.05,52.04,43.08,48.41,82.29,55.03,68.41,83.19,50.0,90.55,86.09,35.38,90.62,86.56,58.31,82.1,41.23,13.42,64.03,97.51,44.18,50.0,69.31,22.36,78.23,46.82,102.18,117.59,56.46,65.6,98.41,106.68,58.41,106.15,33.11,106.02,82.02,104.4,70.46,70.0,36.06,17.09,0.0,28.28,77.18,73.59,85.44,74.0,85.44,68.03,25.3,69.77,86.58,69.97,73.78,23.09,101.21,83.22,65.38,12.21,82.38,57.38,92.13,43.29,75.72,49.52,73.35,52.7,68.95,29.41
52,69.34,34.23,76.42,18.44,94.87,12.0,51.42,50.64,50.16,47.71,24.08,16.97,27.86,70.46,49.03,40.5,57.2,36.06,69.34,85.44,22.36,80.22,64.4,63.81,54.0,36.06,34.93,36.06,85.16,46.65,22.36,49.19,30.0,77.2,41.76,83.19,97.75,48.37,49.48,75.07,91.76,42.76,84.4,10.2,82.02,61.77,86.93,55.32,71.69,27.2,12.17,28.28,0.0,52.35,54.63,57.58,46.52,57.58,58.0,5.66,44.05,83.95,45.25,49.52,6.71,83.26,86.01,37.12,18.25,78.09,37.16,79.25,15.03,60.64,31.05,62.13,29.68,61.2,22.83
53,79.12,34.06,60.96,33.94,54.59,44.94,29.53,33.11,20.59,64.12,40.5,35.38,29.73,45.34,49.48,22.0,8.25,36.0,22.0,77.2,44.27,54.41,16.0,74.22,39.4,50.04,77.25,38.05,53.67,62.13,43.08,17.89,64.56,71.02,50.16,38.0,49.48,45.61,28.64,23.32,53.37,30.59,34.18,44.41,29.73,19.7,44.18,31.62,72.5,47.07,60.46,77.18,52.35,0.0,21.26,22.63,16.49,22.63,43.91,52.8,8.94,72.47,7.21,4.0,55.0,40.2,83.86,33.02,65.0,65.44,23.09,48.37,41.88,33.24,30.59,42.8,24.6,49.74,51.55
54,60.53,24.08,39.7,38.83,40.79,43.91,10.0,14.0,4.47,49.03,52.04,39.29,26.83,24.41,32.06,39.4,28.84,24.41,17.89,56.04,38.21,34.0,16.12,56.14,59.36,37.58,70.0,53.85,34.93,47.07,54.0,6.0,56.04,50.12,35.44,28.84,44.05,28.07,10.2,28.64,38.21,16.12,33.29,44.72,36.88,8.94,32.31,10.77,52.5,38.42,58.82,73.59,54.63,21.26,0.0,43.86,36.06,43.86,23.41,52.84,25.06,51.22,20.59,18.44,54.71,28.64,63.06,49.34,61.72,44.2,17.46,29.12,49.5,12.04,24.41,21.63,25.71,29.15,44.6
55,99.54,51.92,83.55,40.79,74.0,54.59,51.61,54.92,42.8,82.46,37.2,42.76,44.41,67.94,69.86,17.09,16.12,54.41,41.23,99.64,58.03,76.84,35.78,94.34,20.0,67.47,88.81,28.43,75.47,80.52,40.0,40.0,78.03,93.23,68.96,56.32,64.12,66.21,50.48,36.22,73.54,50.99,48.17,52.95,38.21,41.62,63.25,54.04,94.02,62.29,68.41,85.44,57.58,22.63,43.86,0.0,12.0,0.0,66.03,60.17,21.54,95.02,25.06,25.61,62.36,59.46,105.95,24.04,73.98,87.97,41.44,70.46,43.38,55.87,47.07,65.3,38.33,71.85,65.0
56,88.57,40.5,75.07,29.12,71.02,42.76,42.43,45.34,34.06,70.88,28.43,31.05,32.56,60.46,59.06,7.21,14.56,43.08,38.21,90.55,46.04,69.97,32.25,83.26,23.32,55.79,76.94,22.8,69.86,68.96,31.24,31.24,66.03,83.74,57.58,54.15,64.5,55.57,41.04,36.88,69.86,40.5,48.66,41.23,41.23,36.06,60.53,45.34,83.76,50.36,56.92,74.0,46.52,16.49,36.06,12.0,0.0,12.0,56.64,48.7,11.31,86.28,15.62,17.89,50.92,56.57,96.21,17.72,62.36,79.21,30.41,64.4,33.02,48.01,35.44,56.64,26.48,62.37,53.0
57,99.54,51.92,83.55,40.79,74.0,54.59,51.61,54.92,42.8,82.46,37.2,42.76,44.41,67.94,69.86,17.09,16.12,54.41,41.23,99.64,58.03,76.84,35.78,94.34,20.0,67.47,88.81,28.43,75.47,80.52,40.0,40.0,78.03,93.23,68.96,56.32,64.12,66.21,50.48,36.22,73.54,50.99,48.17,52.95,38.21,41.62,63.25,54.04,94.02,62.29,68.41,85.44,57.58,22.63,43.86,0.0,12.0,0.0,66.03,60.17,21.54,95.02,25.06,25.61,62.36,59.46,105.95,24.04,73.98,87.97,41.44,70.46,43.38,55.87,47.07,65.3,38.33,71.85,65.0
58,38.0,24.33,19.7,48.08,43.86,46.0,14.42,11.31,23.32,31.62,64.62,47.54,33.53,14.42,14.14,58.14,51.88,22.09,38.0,33.94,36.22,22.8,38.47,34.23,79.25,26.83,60.46,69.97,29.53,30.0,65.79,26.08,46.65,27.2,21.63,41.23,56.36,11.66,15.62,50.04,39.7,17.89,50.99,48.04,58.0,30.27,40.5,12.65,29.12,32.98,57.27,68.03,58.0,43.91,23.41,66.03,56.64,66.03,0.0,54.15,45.34,30.0,41.23,40.5,55.33,38.47,39.96,66.29,57.87,23.02,28.3,24.41,58.94,14.04,29.12,5.66,36.67,5.83,39.56
59,63.81,31.05,72.11,19.7,92.48,8.94,48.7,47.54,48.37,42.19,28.64,17.89,26.08,67.08,44.41,43.17,58.31,32.56,68.41,80.52,18.0,76.66,63.78,58.31,58.14,31.05,30.27,40.45,82.0,41.18,27.2,47.71,24.41,72.28,36.88,81.63,96.52,44.05,46.82,74.97,89.2,39.85,83.74,8.49,82.22,60.46,84.97,52.5,66.48,22.36,8.25,25.3,5.66,52.8,52.84,60.17,48.7,60.17,54.15,0.0,44.94,79.25,45.61,49.68,2.24,81.41,80.78,41.01,14.04,73.55,35.51,76.16,19.24,57.87,28.64,58.55,29.0,57.01,17.46
60,78.0,30.59,63.78,25.61,62.13,37.58,31.11,34.06,22.8,61.19,31.62,27.2,24.08,49.4,48.33,14.56,13.42,32.98,30.27,79.25,38.47,59.06,24.33,72.8,34.41,46.39,70.88,30.07,59.46,59.23,34.18,20.0,58.86,72.47,47.54,46.17,58.24,44.72,29.73,32.25,60.53,29.53,43.08,36.72,38.42,26.31,52.0,34.06,72.72,42.05,52.84,69.77,44.05,8.94,25.06,21.54,11.31,21.54,45.34,44.94,0.0,74.97,4.47,8.0,47.17,48.0,85.0,25.18,57.7,67.9,19.92,53.85,33.02,36.89,26.08,45.34,18.25,51.09,45.71
61,31.24,52.8,11.66,76.97,48.66,72.28,43.86,41.23,52.35,42.76,93.91,76.16,62.61,28.64,34.93,88.09,80.0,50.16,60.93,6.0,61.61,24.08,63.53,32.25,109.12,48.37,75.71,99.86,32.06,42.43,94.85,55.17,64.28,8.94,42.43,56.57,68.03,36.06,45.34,72.8,44.41,47.71,69.43,74.73,79.7,55.57,52.04,41.04,18.87,56.89,80.22,86.58,83.95,72.47,51.22,95.02,86.28,95.02,30.0,79.25,74.97,0.0,70.71,69.43,79.91,52.35,16.28,96.26,79.0,7.07,58.25,32.25,87.46,39.41,58.14,29.73,66.37,24.7,62.39
62,74.67,28.07,59.46,26.91,58.03,37.74,26.91,30.0,18.44,58.55,34.93,28.28,22.8,44.94,44.94,18.97,14.14,30.27,26.68,75.07,37.36,54.59,20.88,69.57,38.83,44.05,70.23,34.23,55.03,56.57,37.36,15.62,57.72,68.41,44.72,42.43,55.03,41.23,25.61,30.0,56.32,26.0,40.25,37.2,36.77,22.09,48.04,29.73,68.96,40.45,53.25,69.97,45.25,7.21,20.59,25.06,15.62,25.06,41.23,45.61,4.47,70.71,0.0,4.47,47.8,44.05,81.02,29.43,57.8,63.64,17.12,49.4,35.36,32.45,24.08,41.04,17.46,47.01,44.64
63,75.29,30.07,58.0,31.24,54.15,41.62,26.08,29.53,17.2,60.13,39.29,32.56,26.0,42.8,45.61,22.36,12.17,32.0,22.36,74.03,40.5,52.15,16.49,70.34,41.18,46.04,73.54,38.05,52.0,58.14,41.76,14.42,60.73,67.68,46.17,38.21,50.6,41.76,25.06,25.61,52.61,26.68,35.78,41.23,32.56,18.44,44.0,28.43,68.88,43.17,57.2,73.78,49.52,4.0,18.44,25.61,17.89,25.61,40.5,49.68,8.0,69.43,4.47,0.0,51.86,40.0,80.45,33.14,61.59,62.37,19.1,46.52,39.82,30.48,26.68,39.7,21.1,46.32,47.76
64,63.63,32.57,73.03,21.93,94.15,10.82,50.33,49.04,50.25,42.06,30.41,20.12,28.02,68.45,45.18,45.35,60.54,33.96,70.43,81.02,19.1,77.93,65.86,58.18,60.07,31.58,28.44,42.3,83.43,41.15,28.86,49.65,23.43,72.78,37.48,83.53,98.47,45.0,48.47,77.1,90.82,41.44,85.8,10.63,84.39,62.43,86.77,54.08,66.73,23.09,6.08,23.09,6.71,55.0,54.71,62.36,50.92,62.36,55.33,2.24,47.17,79.91,47.8,51.86,0.0,83.24,80.99,43.0,12.0,74.33,37.44,77.62,21.1,59.46,30.41,59.84,31.11,58.01,17.72
65,74.22,51.61,42.0,67.05,14.56,72.47,34.06,36.77,33.11,69.97,78.64,67.68,55.46,26.68,52.15,62.13,43.68,51.22,18.44,58.31,66.03,28.28,24.33,71.47,78.59,62.29,96.17,78.03,21.54,68.26,80.89,34.18,82.02,56.04,58.41,4.47,17.89,48.83,35.61,25.61,14.42,42.8,17.89,73.35,30.0,22.36,4.0,31.11,62.8,65.3,87.13,101.21,83.26,40.2,28.64,59.46,56.57,59.46,38.47,81.41,48.0,52.35,44.05,40.0,83.24,0.0,68.07,73.06,89.63,47.01,46.1,20.1,77.37,26.25,52.84,33.11,54.08,41.79,71.84
66,21.38,58.9,26.17,82.42,64.94,75.13,54.38,51.04,63.29,39.81,99.62,81.27,68.88,42.95,39.2,97.0,91.79,56.08,75.0,10.44,64.41,40.01,76.9,25.0,118.26,50.09,71.0,107.06,48.26,40.26,100.12,66.04,61.81,13.0,44.78,72.17,84.15,41.77,55.47,87.09,60.67,55.97,84.72,77.83,94.37,68.71,68.01,52.35,14.32,59.03,80.08,83.22,86.01,83.86,63.06,105.95,96.21,105.95,39.96,80.78,85.0,16.28,81.02,80.45,80.99,68.07,0.0,104.0,77.67,21.1,66.53,48.01,92.11,52.0,64.54,41.63,73.59,34.13,63.32
67,93.01,45.28,85.76,24.7,87.28,38.08,53.24,55.23,46.24,73.06,13.93,26.57,35.47,73.01,65.07,11.05,32.28,48.1,55.01,99.81,45.19,83.01,49.01,87.42,17.26,57.98,71.18,5.1,84.2,71.34,16.55,43.66,62.82,92.31,61.4,71.01,82.04,62.24,51.48,54.57,85.71,48.6,66.29,35.69,58.87,51.48,77.06,56.8,90.52,50.54,49.01,65.38,37.12,33.02,49.34,24.04,17.72,24.04,66.29,41.01,25.18,96.26,29.43,33.14,43.0,73.06,104.0,0.0,55.0,89.31,38.01,78.45,22.09,60.54,39.62,67.6,30.41,71.61,50.92
68,58.52,38.01,73.68,33.24,99.36,20.12,55.76,53.71,57.38,37.85,42.3,31.32,36.24,71.87,45.71,57.07,71.11,38.59,78.49,79.23,23.6,80.65,74.41,53.45,72.06,31.58,16.76,54.23,87.09,37.48,40.61,57.28,16.16,71.11,37.48,90.43,105.76,46.57,54.08,86.21,95.71,46.87,94.07,21.19,93.81,70.04,92.91,59.17,63.79,25.08,6.08,12.21,18.25,65.0,61.72,73.98,62.36,73.98,57.87,14.04,57.7,79.0,57.8,61.59,12.0,89.63,77.67,55.0,0.0,74.17,45.28,81.54,33.06,64.5,37.48,62.97,40.5,59.44,18.38
69,31.4,46.24,5.1,70.38,44.92,66.29,36.8,34.21,45.28,39.22,87.24,69.64,55.95,22.14,29.15,81.06,73.01,43.66,54.42,12.08,55.73,19.24,56.8,31.14,102.07,43.01,72.12,92.96,27.89,38.6,88.24,48.1,60.02,9.49,37.01,51.09,63.39,29.83,38.29,66.41,40.52,40.82,63.64,68.66,73.5,48.76,47.1,33.97,18.6,51.24,75.01,82.38,78.09,65.44,44.2,87.97,79.21,87.97,23.02,73.55,67.9,7.07,63.64,62.37,74.33,47.01,21.1,89.31,74.17,0.0,51.31,27.02,80.99,32.45,51.48,22.67,59.54,17.89,57.04
70,58.18,11.0,47.89,22.02,57.97,26.63,16.28,17.46,13.0,41.44,37.11,22.2,9.43,36.67,28.65,30.48,31.0,13.15,33.24,61.85,22.47,46.87,29.21,52.92,51.74,27.0,55.47,41.68,50.01,39.46,38.64,12.21,42.15,54.49,27.66,46.14,61.03,25.24,14.32,41.34,55.11,10.63,48.8,27.29,49.24,25.0,49.77,20.22,53.6,24.35,41.87,57.38,37.16,23.09,17.46,41.44,30.41,41.44,28.3,35.51,19.92,58.25,17.12,19.1,37.44,46.1,66.53,38.01,45.28,51.31,0.0,44.01,33.0,25.02,8.06,30.08,9.06,33.6,29.53
71,55.71,45.12,22.09,66.0,20.0,67.47,28.07,28.64,32.56,55.17,80.62,66.03,52.15,10.0,38.42,68.35,54.41,43.68,31.24,38.21,58.82,8.25,35.38,53.67,87.66,51.11,84.88,82.97,6.0,53.74,82.39,34.93,71.02,36.22,46.04,24.33,36.5,36.06,30.07,42.19,15.62,36.5,37.36,69.05,48.33,28.84,20.1,24.08,43.68,56.46,80.32,92.13,79.25,48.37,29.12,70.46,64.4,70.46,24.41,76.16,53.85,32.25,49.4,46.52,77.62,20.1,48.01,78.45,81.54,27.02,44.01,0.0,77.01,19.0,48.37,18.87,53.04,25.5,63.16
72,77.83,34.79,78.45,11.05,90.26,18.6,49.09,49.5,45.28,56.59,9.49,11.4,25.5,69.35,53.24,26.42,45.28,37.34,61.47,89.9,28.32,79.51,55.95,72.18,39.01,42.64,49.5,21.21,83.01,55.15,8.6,43.57,42.54,81.84,47.43,76.54,90.08,51.48,47.1,65.19,87.69,41.59,75.59,15.81,71.4,55.08,81.25,53.08,77.94,33.97,27.02,43.29,15.03,41.88,49.5,43.38,33.02,43.38,58.94,19.24,33.02,87.46,35.36,39.82,21.1,77.37,92.11,22.09,33.06,80.99,33.0,77.01,0.0,58.01,29.83,61.98,24.02,63.25,32.2
73,52.01,26.93,27.8,47.0,34.89,49.04,9.22,10.82,14.32,44.28,61.81,47.04,33.24,12.53,26.4,51.0,40.61,25.94,24.02,44.42,41.15,22.47,25.0,48.26,71.28,36.07,70.04,64.85,25.0,42.49,63.51,17.0,55.9,39.0,32.2,28.3,43.83,22.83,11.18,36.12,31.38,18.03,37.11,50.45,44.01,16.76,29.0,5.39,42.58,39.66,62.65,75.72,60.64,33.24,12.04,55.87,48.01,55.87,14.04,57.87,36.89,39.41,32.45,30.48,59.46,26.25,52.0,60.54,64.5,32.45,25.02,19.0,58.01,0.0,29.61,10.44,34.06,19.1,46.32
74,53.85,5.66,48.7,18.97,63.91,19.7,20.4,20.0,20.0,35.44,35.78,18.44,4.47,40.0,25.46,34.0,38.21,8.49,41.04,61.06,14.42,50.04,37.2,48.37,54.92,20.4,47.41,42.52,54.33,33.53,36.77,19.8,34.18,53.25,22.36,53.25,68.41,22.8,18.44,49.4,60.73,12.0,56.64,20.88,57.31,32.56,56.36,24.33,50.91,16.49,34.41,49.52,31.05,30.59,24.41,47.07,35.44,47.07,29.12,28.64,26.08,58.14,24.08,26.68,30.41,52.84,64.54,39.62,37.48,51.48,8.06,48.37,29.83,29.61,0.0,32.25,9.43,33.62,21.47
75,42.19,28.0,18.44,50.99,38.21,50.16,14.42,12.65,22.63,37.2,67.05,50.64,36.5,8.94,19.8,58.82,50.48,26.08,34.23,34.41,40.79,18.11,35.44,38.83,79.65,32.25,66.03,71.55,24.17,35.61,68.41,25.46,52.15,28.64,27.2,36.06,50.99,17.2,16.12,46.39,34.06,20.4,46.39,52.04,54.15,27.2,34.99,11.31,32.25,37.95,62.1,73.35,62.13,42.8,21.63,65.3,56.64,65.3,5.66,58.55,45.34,29.73,41.04,39.7,59.84,33.11,41.63,67.6,62.97,22.67,30.08,18.87,61.98,10.44,32.25,0.0,38.9,9.06,44.6
76,63.29,15.0,56.36,13.15,66.49,20.62,25.32,26.25,21.38,44.6,28.16,13.6,6.08,45.71,34.71,24.6,31.32,17.8,39.66,69.63,20.22,55.9,34.83,57.8,45.49,29.41,52.81,33.6,59.03,42.72,29.61,19.92,40.61,62.01,31.76,53.71,68.1,31.83,23.35,46.01,63.79,18.79,54.82,20.52,53.41,32.2,57.87,29.27,60.14,24.02,36.24,52.7,29.68,24.6,25.71,38.33,26.48,38.33,36.67,29.0,18.25,66.37,17.46,21.1,31.11,54.08,73.59,30.41,40.5,59.54,9.06,53.04,24.02,34.06,9.43,38.9,0.0,41.68,27.46
77,33.14,28.46,15.3,52.55,45.45,49.25,20.25,17.03,29.15,29.7,69.35,51.87,38.08,15.81,13.93,63.7,57.71,25.96,43.1,28.32,39.01,21.95,43.93,29.83,84.86,27.89,60.42,75.17,29.83,28.32,70.38,31.91,47.01,21.4,22.14,44.92,59.62,13.04,21.4,55.23,41.11,23.02,55.44,51.48,63.07,35.69,43.38,18.38,23.54,35.13,59.41,68.95,61.2,49.74,29.15,71.85,62.37,71.85,5.83,57.01,51.09,24.7,47.01,46.32,58.01,41.79,34.13,71.61,59.44,17.89,33.6,25.5,63.25,19.1,33.62,9.06,41.68,0.0,41.44
78,46.62,20.52,56.08,26.25,81.12,13.6,37.8,35.51,40.46,25.0,41.34,24.35,21.84,53.49,28.02,49.37,58.69,20.62,62.01,63.35,7.28,62.36,58.52,41.05,68.01,14.04,25.94,51.89,68.71,23.85,40.8,40.8,13.15,55.11,20.02,72.92,88.41,28.44,36.24,70.83,77.41,29.07,77.62,16.4,78.77,53.26,75.0,41.05,49.04,6.71,18.03,29.41,22.83,51.55,44.6,65.0,53.0,65.0,39.56,17.46,45.71,62.39,44.64,47.76,17.72,71.84,63.32,50.92,18.38,57.04,29.53,63.16,32.2,46.32,21.47,44.6,27.46,41.44,0.0
