set K:= 1	2	3	4	5	6	7	8	9;
set C_H:= 1	2	3	4	5	6	7	8	9	10	11	12	13	14	15	16	17	18	19	20	21	22	23	24;
set C_S:= 25	26	27	28	29	30	31	32	33	34	35	36	37	38	39	40	41	42;
set C_F:= 43	44	45	46	47	48	49	50	51	52	53	54	55	56	57	58	59	60;
set M:= 61	62	63	64;
set L_B:= 65	66;
set A1:=
(0,*) 1 2 3 4 5 6 7 8 9 10 11 12 13 14 15 16 17 18 19 20 21 22 23 24 43 44 45 46 47 48 49 50 51 52 53 54 55 56 57 58 59 60 61 62 63 64 65 66
(1,*) 0 2 3 4 5 6 7 8 9 10 11 12 13 14 15 16 17 18 19 20 21 22 23 24 43 44 45 46 47 48 49 50 51 52 53 54 55 56 57 58 59 60 61 62 63 64 65 66
(2,*) 0 1 3 4 5 6 7 8 9 10 11 12 13 14 15 16 17 18 19 20 21 22 23 24 43 44 45 46 47 48 49 50 51 52 53 54 55 56 57 58 59 60 61 62 63 64 65 66
(3,*) 0 1 2 4 5 6 7 8 9 10 11 12 13 14 15 16 17 18 19 20 21 22 23 24 43 44 45 46 47 48 49 50 51 52 53 54 55 56 57 58 59 60 61 62 63 64 65 66
(4,*) 0 1 2 3 5 6 7 8 9 10 11 12 13 14 15 16 17 18 19 20 21 22 23 24 43 44 45 46 47 48 49 50 51 52 53 54 55 56 57 58 59 60 61 62 63 64 65 66
(5,*) 0 1 2 3 4 6 7 8 9 10 11 12 13 14 15 16 17 18 19 20 21 22 23 24 43 44 45 46 47 48 49 50 51 52 53 54 55 56 57 58 59 60 61 62 63 64 65 66
(6,*) 0 1 2 3 4 5 7 8 9 10 11 12 13 14 15 16 17 18 19 20 21 22 23 24 43 44 45 46 47 48 49 50 51 52 53 54 55 56 57 58 59 60 61 62 63 64 65 66
(7,*) 0 1 2 3 4 5 6 8 9 10 11 12 13 14 15 16 17 18 19 20 21 22 23 24 43 44 45 46 47 48 49 50 51 52 53 54 55 56 57 58 59 60 61 62 63 64 65 66
(8,*) 0 1 2 3 4 5 6 7 9 10 11 12 13 14 15 16 17 18 19 20 21 22 23 24 43 44 45 46 47 48 49 50 51 52 53 54 55 56 57 58 59 60 61 62 63 64 65 66
(9,*) 0 1 2 3 4 5 6 7 8 10 11 12 13 14 15 16 17 18 19 20 21 22 23 24 43 44 45 46 47 48 49 50 51 52 53 54 55 56 57 58 59 60 61 62 63 64 65 66
(10,*) 0 1 2 3 4 5 6 7 8 9 11 12 13 14 15 16 17 18 19 20 21 22 23 24 43 44 45 46 47 48 49 50 51 52 53 54 55 56 57 58 59 60 61 62 63 64 65 66
(11,*) 0 1 2 3 4 5 6 7 8 9 10 12 13 14 15 16 17 18 19 20 21 22 23 24 43 44 45 46 47 48 49 50 51 52 53 54 55 56 57 58 59 60 61 62 63 64 65 66
(12,*) 0 1 2 3 4 5 6 7 8 9 10 11 13 14 15 16 17 18 19 20 21 22 23 24 43 44 45 46 47 48 49 50 51 52 53 54 55 56 57 58 59 60 61 62 63 64 65 66
(13,*) 0 1 2 3 4 5 6 7 8 9 10 11 12 14 15 16 17 18 19 20 21 22 23 24 43 44 45 46 47 48 49 50 51 52 53 54 55 56 57 58 59 60 61 62 63 64 65 66
(14,*) 0 1 2 3 4 5 6 7 8 9 10 11 12 13 15 16 17 18 19 20 21 22 23 24 43 44 45 46 47 48 49 50 51 52 53 54 55 56 57 58 59 60 61 62 63 64 65 66
(15,*) 0 1 2 3 4 5 6 7 8 9 10 11 12 13 14 16 17 18 19 20 21 22 23 24 43 44 45 46 47 48 49 50 51 52 53 54 55 56 57 58 59 60 61 62 63 64 65 66
(16,*) 0 1 2 3 4 5 6 7 8 9 10 11 12 13 14 15 17 18 19 20 21 22 23 24 43 44 45 46 47 48 49 50 51 52 53 54 55 56 57 58 59 60 61 62 63 64 65 66
(17,*) 0 1 2 3 4 5 6 7 8 9 10 11 12 13 14 15 16 18 19 20 21 22 23 24 43 44 45 46 47 48 49 50 51 52 53 54 55 56 57 58 59 60 61 62 63 64 65 66
(18,*) 0 1 2 3 4 5 6 7 8 9 10 11 12 13 14 15 16 17 19 20 21 22 23 24 43 44 45 46 47 48 49 50 51 52 53 54 55 56 57 58 59 60 61 62 63 64 65 66
(19,*) 0 1 2 3 4 5 6 7 8 9 10 11 12 13 14 15 16 17 18 20 21 22 23 24 43 44 45 46 47 48 49 50 51 52 53 54 55 56 57 58 59 60 61 62 63 64 65 66
(20,*) 0 1 2 3 4 5 6 7 8 9 10 11 12 13 14 15 16 17 18 19 21 22 23 24 43 44 45 46 47 48 49 50 51 52 53 54 55 56 57 58 59 60 61 62 63 64 65 66
(21,*) 0 1 2 3 4 5 6 7 8 9 10 11 12 13 14 15 16 17 18 19 20 22 23 24 43 44 45 46 47 48 49 50 51 52 53 54 55 56 57 58 59 60 61 62 63 64 65 66
(22,*) 0 1 2 3 4 5 6 7 8 9 10 11 12 13 14 15 16 17 18 19 20 21 23 24 43 44 45 46 47 48 49 50 51 52 53 54 55 56 57 58 59 60 61 62 63 64 65 66
(23,*) 0 1 2 3 4 5 6 7 8 9 10 11 12 13 14 15 16 17 18 19 20 21 22 24 43 44 45 46 47 48 49 50 51 52 53 54 55 56 57 58 59 60 61 62 63 64 65 66
(24,*) 0 1 2 3 4 5 6 7 8 9 10 11 12 13 14 15 16 17 18 19 20 21 22 23 43 44 45 46 47 48 49 50 51 52 53 54 55 56 57 58 59 60 61 62 63 64 65 66
(43,*) 0 1 2 3 4 5 6 7 8 9 10 11 12 13 14 15 16 17 18 19 20 21 22 23 24 44 45 46 47 48 49 50 51 52 53 54 55 56 57 58 59 60 61 62 63 64 65 66
(44,*) 0 1 2 3 4 5 6 7 8 9 10 11 12 13 14 15 16 17 18 19 20 21 22 23 24 43 45 46 47 48 49 50 51 52 53 54 55 56 57 58 59 60 61 62 63 64 65 66
(45,*) 0 1 2 3 4 5 6 7 8 9 10 11 12 13 14 15 16 17 18 19 20 21 22 23 24 43 44 46 47 48 49 50 51 52 53 54 55 56 57 58 59 60 61 62 63 64 65 66
(46,*) 0 1 2 3 4 5 6 7 8 9 10 11 12 13 14 15 16 17 18 19 20 21 22 23 24 43 44 45 47 48 49 50 51 52 53 54 55 56 57 58 59 60 61 62 63 64 65 66
(47,*) 0 1 2 3 4 5 6 7 8 9 10 11 12 13 14 15 16 17 18 19 20 21 22 23 24 43 44 45 46 48 49 50 51 52 53 54 55 56 57 58 59 60 61 62 63 64 65 66
(48,*) 0 1 2 3 4 5 6 7 8 9 10 11 12 13 14 15 16 17 18 19 20 21 22 23 24 43 44 45 46 47 49 50 51 52 53 54 55 56 57 58 59 60 61 62 63 64 65 66
(49,*) 0 1 2 3 4 5 6 7 8 9 10 11 12 13 14 15 16 17 18 19 20 21 22 23 24 43 44 45 46 47 48 50 51 52 53 54 55 56 57 58 59 60 61 62 63 64 65 66
(50,*) 0 1 2 3 4 5 6 7 8 9 10 11 12 13 14 15 16 17 18 19 20 21 22 23 24 43 44 45 46 47 48 49 51 52 53 54 55 56 57 58 59 60 61 62 63 64 65 66
(51,*) 0 1 2 3 4 5 6 7 8 9 10 11 12 13 14 15 16 17 18 19 20 21 22 23 24 43 44 45 46 47 48 49 50 52 53 54 55 56 57 58 59 60 61 62 63 64 65 66
(52,*) 0 1 2 3 4 5 6 7 8 9 10 11 12 13 14 15 16 17 18 19 20 21 22 23 24 43 44 45 46 47 48 49 50 51 53 54 55 56 57 58 59 60 61 62 63 64 65 66
(53,*) 0 1 2 3 4 5 6 7 8 9 10 11 12 13 14 15 16 17 18 19 20 21 22 23 24 43 44 45 46 47 48 49 50 51 52 54 55 56 57 58 59 60 61 62 63 64 65 66
(54,*) 0 1 2 3 4 5 6 7 8 9 10 11 12 13 14 15 16 17 18 19 20 21 22 23 24 43 44 45 46 47 48 49 50 51 52 53 55 56 57 58 59 60 61 62 63 64 65 66
(55,*) 0 1 2 3 4 5 6 7 8 9 10 11 12 13 14 15 16 17 18 19 20 21 22 23 24 43 44 45 46 47 48 49 50 51 52 53 54 56 57 58 59 60 61 62 63 64 65 66
(56,*) 0 1 2 3 4 5 6 7 8 9 10 11 12 13 14 15 16 17 18 19 20 21 22 23 24 43 44 45 46 47 48 49 50 51 52 53 54 55 57 58 59 60 61 62 63 64 65 66
(57,*) 0 1 2 3 4 5 6 7 8 9 10 11 12 13 14 15 16 17 18 19 20 21 22 23 24 43 44 45 46 47 48 49 50 51 52 53 54 55 56 58 59 60 61 62 63 64 65 66
(58,*) 0 1 2 3 4 5 6 7 8 9 10 11 12 13 14 15 16 17 18 19 20 21 22 23 24 43 44 45 46 47 48 49 50 51 52 53 54 55 56 57 59 60 61 62 63 64 65 66
(59,*) 0 1 2 3 4 5 6 7 8 9 10 11 12 13 14 15 16 17 18 19 20 21 22 23 24 43 44 45 46 47 48 49 50 51 52 53 54 55 56 57 58 60 61 62 63 64 65 66
(60,*) 0 1 2 3 4 5 6 7 8 9 10 11 12 13 14 15 16 17 18 19 20 21 22 23 24 43 44 45 46 47 48 49 50 51 52 53 54 55 56 57 58 59 61 62 63 64 65 66
(61,*) 0 1 2 3 4 5 6 7 8 9 10 11 12 13 14 15 16 17 18 19 20 21 22 23 24 43 44 45 46 47 48 49 50 51 52 53 54 55 56 57 58 59 60 63 64 65 66
(62,*) 0 1 2 3 4 5 6 7 8 9 10 11 12 13 14 15 16 17 18 19 20 21 22 23 24 43 44 45 46 47 48 49 50 51 52 53 54 55 56 57 58 59 60 63 64 65 66
(63,*) 0 1 2 3 4 5 6 7 8 9 10 11 12 13 14 15 16 17 18 19 20 21 22 23 24 43 44 45 46 47 48 49 50 51 52 53 54 55 56 57 58 59 60 61 62 65 66
(64,*) 0 1 2 3 4 5 6 7 8 9 10 11 12 13 14 15 16 17 18 19 20 21 22 23 24 43 44 45 46 47 48 49 50 51 52 53 54 55 56 57 58 59 60 61 62 65 66
(65,*) 0 1 2 3 4 5 6 7 8 9 10 11 12 13 14 15 16 17 18 19 20 21 22 23 24 43 44 45 46 47 48 49 50 51 52 53 54 55 56 57 58 59 60 61 62 63 64 66
(66,*) 0 1 2 3 4 5 6 7 8 9 10 11 12 13 14 15 16 17 18 19 20 21 22 23 24 43 44 45 46 47 48 49 50 51 52 53 54 55 56 57 58 59 60 61 62 63 64 65
;
set A2:=
(61,*) 62
(62,*) 61
(63,*) 64
(64,*) 63
;
param BigM:=99999;
param n:= 9;
param d:=
1	17
2	12
3	22
4	24
5	24
6	11
7	7
8	8
9	14
10	20
11	4
12	14
13	9
14	11
15	19
16	15
17	12
18	72
19	14
20	11
21	16
22	19
23	13
24	22
25	23
26	12
27	9
28	10
29	19
30	19
31	18
32	2
33	18
34	8
35	2
36	3
37	12
38	7
39	16
40	23
41	6
42	12
43	6
44	3
45	16
46	16
47	18
48	22
49	18
50	4
51	18
52	12
53	5
54	19
55	10
56	20
57	18
58	27
59	9
60	15
;
param Q:=100;
param w:=
[61,*] 62 5
[62,*] 61 5
[63,*] 64 5
[64,*] 63 5
;
param V:=
[61,*] 62 531
[62,*] 61 531
[63,*] 64 531
[64,*] 63 531
;
param f:=
61	100
62	100
63	100
64	100
65	100
66	100
;
param e:
	61	62	63	64	65	66:=
25	0	1	0	0	1	0	
26	0	0	1	0	0	0	
27	0	1	0	0	1	0	
28	0	1	0	0	0	1	
29	0	0	1	0	0	0	
30	0	0	0	0	1	1	
31	0	0	1	0	0	0	
32	0	1	0	0	0	0	
33	0	0	1	0	1	0	
34	0	1	0	0	0	0	
35	0	0	1	0	1	0	
36	0	0	0	1	0	0	
37	0	1	0	0	1	1	
38	0	0	1	0	1	0	
39	0	0	1	0	0	0	
40	0	0	0	1	0	1	
41	0	1	0	0	1	1	
42	0	0	1	0	1	0	
43	0	0	1	0	0	0	
44	0	0	0	1	0	1	
45	1	0	0	0	0	1	
46	0	1	0	0	1	0	
47	0	0	0	0	1	1	
48	0	0	0	0	1	1	
49	0	0	1	0	1	0	
50	1	0	0	0	0	0	
51	0	0	0	1	0	1	
52	1	0	0	0	0	1	
53	0	0	0	1	1	1	
54	1	0	1	0	0	0	
55	0	1	0	0	1	0	
56	0	0	0	1	0	1	
57	0	0	1	0	1	0	
58	0	1	0	0	1	1	
59	1	0	0	0	0	1	
60	0	0	1	0	1	0	
;
param p:=
1	1
2	1
3	1
4	1
5	1
6	1
7	1
8	1
9	1
;
param G:=
61	531
62	531
63	531
64	531
65	132
66	132
;
param s:=
0	0
1	15
2	15
3	15
4	15
5	15
6	15
7	15
8	15
9	15
10	15
11	15
12	15
13	15
14	15
15	15
16	15
17	15
18	15
19	15
20	15
21	15
22	15
23	15
24	15
43	15
44	15
45	15
46	15
47	15
48	15
49	15
50	15
51	15
52	15
53	15
54	15
55	15
56	15
57	15
58	15
59	15
60	15
61	30
62	30
63	30
64	30
65	15
66	15
;
param t:
	0	1	2	3	4	5	6	7	8	9	10	11	12	13	14	15	16	17	18	19	20	21	22	23	24	25	26	27	28	29	30	31	32	33	34	35	36	37	38	39	40	41	42	43	44	45	46	47	48	49	50	51	52	53	54	55	56	57	58	59	60	61	62	63	64	65	66:=
0	0.0	54.92	38.47	61.22	14.0	50.99	10.0	41.76	24.74	14.42	8.25	22.36	48.41	38.83	59.09	42.19	43.86	30.0	42.76	49.52	34.0	27.2	61.19	10.77	71.22	37.74	32.56	44.94	63.15	28.07	29.73	36.06	51.42	26.08	37.95	10.2	72.11	36.06	14.56	38.63	50.99	48.17	31.3	32.98	48.17	36.06	40.0	17.09	14.0	36.06	28.64	63.56	56.32	36.77	31.3	38.47	43.86	12.81	29.73	49.48	30.27	59.21	58.56	33.83	76.1	18.97	45.45
1	54.92	0.0	25.3	8.25	43.86	8.94	56.46	18.97	74.97	68.41	49.68	77.18	17.89	24.08	32.56	34.23	64.03	64.28	22.36	13.42	48.7	75.29	22.8	53.85	17.2	78.64	81.61	63.15	46.69	75.29	26.91	72.47	39.45	77.25	58.31	62.61	17.2	48.37	66.6	93.06	8.94	45.69	86.09	72.72	15.23	29.73	70.03	38.42	43.86	88.02	46.52	34.41	26.0	20.4	66.24	64.12	13.42	55.17	36.06	18.11	80.32	57.21	71.11	87.56	25.72	53.37	17.72
2	38.47	25.3	0.0	33.53	24.74	28.0	44.05	6.32	53.25	49.4	31.05	60.17	32.98	30.53	50.0	10.77	38.83	58.82	4.47	30.27	23.41	64.03	22.8	42.19	42.05	71.39	70.0	64.9	61.74	52.5	10.77	47.71	51.11	64.12	58.31	48.17	40.5	50.0	46.52	76.66	28.0	54.04	68.96	48.41	30.59	4.47	67.23	22.0	24.74	74.43	21.63	53.37	18.0	23.32	41.62	62.61	12.17	34.0	35.61	11.66	68.03	35.98	76.29	67.19	50.99	45.61	30.36
3	61.22	8.25	33.53	0.0	50.99	10.77	61.77	27.2	82.22	75.07	56.57	83.23	18.0	26.68	28.84	42.43	72.28	67.47	30.59	14.14	56.92	79.85	28.64	59.06	10.0	82.0	86.16	64.12	43.27	82.8	34.41	80.5	37.95	82.29	60.03	68.26	12.17	50.04	73.54	98.79	10.77	45.12	92.09	80.62	16.12	37.95	72.25	45.25	50.99	93.04	54.63	29.73	32.98	25.06	74.24	66.12	21.54	62.48	39.29	26.0	85.09	64.98	70.67	94.4	17.47	57.58	19.24
4	14.0	43.86	24.74	50.99	0.0	41.62	21.54	28.64	31.24	25.06	6.32	35.44	41.23	32.98	54.92	28.28	35.78	40.0	29.12	41.18	22.63	40.79	47.54	20.59	60.83	50.16	46.39	51.61	62.03	32.25	17.2	34.06	50.04	40.05	44.41	24.08	60.96	39.4	22.8	51.92	41.62	49.03	44.27	32.56	40.25	22.09	49.68	6.32	0.0	50.04	16.97	59.23	42.43	28.64	28.0	46.69	31.62	11.66	28.28	36.06	44.18	47.16	64.83	43.8	67.15	26.91	38.08
5	50.99	8.94	28.0	10.77	41.62	0.0	51.11	22.09	72.8	65.05	46.86	72.8	8.94	16.12	24.41	38.21	66.48	56.89	26.31	4.47	50.64	69.08	31.11	48.37	20.59	71.39	75.39	54.59	38.21	73.78	26.0	72.8	30.53	71.55	50.04	57.69	22.8	40.05	63.78	88.2	0.0	36.77	81.61	72.5	6.32	32.06	62.03	35.61	41.62	82.29	47.54	26.83	33.29	14.42	66.48	56.0	16.12	53.25	28.64	24.17	74.32	62.58	62.22	84.47	25.53	46.82	9.06
6	10.0	56.46	44.05	61.77	21.54	51.11	0.0	46.17	32.0	20.1	17.2	22.8	46.86	36.88	54.92	49.48	53.81	20.0	48.0	48.83	43.27	20.0	66.12	2.83	71.69	28.64	26.08	35.44	56.92	36.22	34.06	45.69	45.69	20.88	28.64	7.21	73.35	28.28	22.09	37.2	51.11	41.23	31.11	42.38	47.2	42.43	30.0	22.09	21.54	31.62	37.74	59.36	62.03	36.72	41.18	28.64	47.07	22.8	25.61	54.15	24.33	68.33	49.04	37.75	75.15	10.0	44.2
7	41.76	18.97	6.32	27.2	28.64	22.09	46.17	0.0	58.41	53.67	34.93	63.91	27.86	26.91	44.94	16.12	45.12	59.23	4.47	24.74	29.73	66.12	20.0	44.05	35.78	72.44	72.25	63.53	57.31	58.0	12.17	53.85	47.2	66.75	57.27	50.99	34.41	48.37	51.11	80.32	22.09	50.91	72.8	54.41	25.3	10.77	67.05	24.74	28.64	77.28	27.78	48.08	17.09	19.8	47.71	62.03	6.0	38.83	34.0	8.0	70.46	40.86	74.22	71.99	44.67	46.39	25.5
8	24.74	74.97	53.25	82.22	31.24	72.8	32.0	58.41	0.0	12.17	26.08	19.8	71.69	62.61	83.57	52.0	36.88	49.48	57.69	72.11	36.88	37.74	75.18	34.06	92.02	51.11	39.7	66.75	87.86	5.66	48.08	20.59	76.16	32.8	60.3	26.31	91.93	60.13	10.2	31.62	72.8	72.69	24.17	16.12	71.02	49.4	58.82	37.2	31.24	37.2	34.18	88.02	68.88	59.36	20.4	59.23	62.29	19.8	54.41	64.9	36.88	58.87	80.15	14.91	98.32	42.0	68.6
9	14.42	68.41	49.4	75.07	25.06	65.05	20.1	53.67	12.17	0.0	18.87	12.17	62.8	53.25	73.35	50.64	42.94	37.36	53.85	63.78	38.21	26.91	72.11	22.36	85.04	40.0	30.0	54.59	76.66	17.09	42.19	29.73	65.15	22.8	48.17	14.14	85.6	48.37	4.47	28.07	65.05	61.19	20.1	25.61	62.48	46.17	46.82	30.0	25.06	29.73	34.0	77.82	66.48	50.99	27.2	47.07	56.6	16.12	43.86	60.93	27.2	62.58	67.99	19.46	90.33	30.07	59.82
10	8.25	49.68	31.05	56.57	6.32	46.86	17.2	34.93	26.08	18.87	0.0	29.12	45.65	36.77	58.24	34.06	37.2	36.77	35.44	46.04	26.08	35.44	53.85	16.97	66.48	45.65	40.79	50.12	64.12	27.86	23.32	32.25	52.15	34.23	42.94	18.44	66.84	39.29	16.97	45.61	46.86	50.16	37.95	30.0	44.94	28.28	46.69	11.31	6.32	44.0	20.59	62.64	48.66	33.29	26.68	44.41	37.74	8.0	30.07	42.38	38.47	51.21	63.61	37.89	72.34	24.41	42.54
11	22.36	77.18	60.17	83.23	35.44	72.8	22.8	63.91	19.8	12.17	29.12	0.0	69.31	59.4	77.67	62.29	54.63	34.06	64.56	70.94	50.36	18.97	82.97	25.61	93.23	32.31	20.0	52.15	78.79	25.46	52.0	40.0	68.0	13.42	46.69	15.62	94.34	49.4	16.49	16.49	72.8	62.77	8.94	35.61	69.43	57.27	42.19	39.4	35.44	17.89	46.04	82.1	77.67	58.41	38.47	44.05	66.21	28.0	48.41	71.47	17.2	74.71	64.8	16.81	97.46	31.3	66.53
12	48.41	17.89	32.98	18.0	41.23	8.94	46.86	27.86	71.69	62.8	45.65	69.31	0.0	10.0	17.09	43.68	70.0	50.0	32.31	4.47	54.0	63.53	39.7	44.05	26.68	64.56	69.77	46.17	30.0	73.35	28.07	74.22	21.63	66.57	42.05	53.81	30.07	32.06	62.13	84.02	8.94	27.86	77.9	73.38	2.83	36.5	54.33	34.93	41.23	77.18	50.16	20.4	41.23	12.65	67.91	48.17	22.36	52.8	22.36	31.62	68.96	68.69	53.35	82.24	28.32	41.18	3.16
13	38.83	24.08	30.53	26.68	32.98	16.12	36.88	26.91	62.61	53.25	36.77	59.4	10.0	0.0	22.09	41.18	64.5	40.79	31.24	12.65	48.66	53.67	42.94	34.06	36.06	55.32	59.93	39.29	31.62	64.62	22.8	66.75	20.59	56.6	34.23	43.86	38.83	24.33	52.84	74.03	16.12	24.08	67.94	65.51	10.77	33.11	46.0	26.68	32.98	67.23	44.18	26.31	42.8	7.21	60.53	40.05	22.8	44.27	12.65	32.8	59.06	66.38	48.35	72.63	38.32	31.3	7.62
14	59.09	32.56	50.0	28.84	54.92	24.41	54.92	44.94	83.57	73.35	58.24	77.67	17.09	22.09	0.0	60.73	86.21	51.61	49.4	20.59	70.26	67.94	55.32	52.15	33.53	65.51	73.76	41.76	14.42	86.02	44.18	88.81	12.65	72.14	40.25	62.13	38.63	31.62	73.54	90.69	24.41	20.88	85.6	87.48	19.7	53.37	52.8	48.66	54.92	82.07	66.03	4.47	57.69	28.07	82.61	46.52	39.4	65.97	29.53	48.37	73.59	85.78	44.65	92.31	28.81	46.86	19.65
15	42.19	34.23	10.77	42.43	28.28	38.21	49.48	16.12	52.0	50.64	34.06	62.29	43.68	41.18	60.73	0.0	30.46	66.21	12.0	40.79	16.97	69.05	24.08	48.08	50.0	77.79	74.67	74.03	72.5	50.12	19.8	42.43	61.77	68.26	67.2	52.35	47.54	59.46	47.07	78.64	38.21	64.4	70.71	44.05	41.23	8.49	75.18	27.86	28.28	78.03	17.89	64.03	17.2	34.0	36.88	71.02	22.09	34.53	45.25	17.09	72.44	25.23	85.91	66.66	59.78	52.8	41.11
16	43.86	64.03	38.83	72.28	35.78	66.48	53.81	45.12	36.88	42.94	37.2	54.63	70.0	64.5	86.21	30.46	0.0	73.76	41.76	68.12	16.0	68.82	53.25	54.04	80.32	80.92	72.72	87.13	95.71	32.25	42.05	18.11	83.95	65.51	79.92	52.5	78.0	75.15	38.47	68.41	66.48	84.12	60.73	22.0	68.03	34.53	83.74	40.5	35.78	72.5	20.4	90.09	46.04	58.14	16.49	81.61	50.99	31.11	63.25	47.54	69.97	23.39	100.49	50.91	89.74	61.61	67.01
17	30.0	64.28	58.82	67.47	40.0	56.89	20.0	59.23	49.48	37.36	36.77	34.06	50.0	40.79	51.61	66.21	73.76	0.0	62.1	53.37	62.48	17.89	78.92	19.8	76.66	14.56	22.8	18.11	48.41	54.41	48.08	65.3	39.7	23.41	13.42	23.41	79.62	20.0	40.5	42.05	56.89	32.56	39.29	61.74	51.42	58.31	10.0	38.47	40.0	31.62	56.85	55.61	76.16	44.05	61.06	10.0	58.31	42.8	28.28	67.08	23.32	87.14	30.91	50.87	77.21	13.42	48.27
18	42.76	22.36	4.47	30.59	29.12	26.31	48.0	4.47	57.69	53.85	35.44	64.56	32.31	31.24	49.4	12.0	41.76	62.1	0.0	29.12	26.83	68.0	18.44	46.04	38.63	74.97	74.03	67.23	61.77	56.85	14.14	51.61	51.61	68.26	60.83	52.35	36.72	52.15	50.99	81.04	26.31	55.17	73.38	52.5	29.73	8.49	70.23	26.08	29.12	78.64	25.61	52.5	14.14	24.08	45.61	65.39	10.2	38.47	37.74	7.21	72.11	36.44	78.19	71.66	48.03	49.03	29.97
19	49.52	13.42	30.27	14.14	41.18	4.47	48.83	24.74	72.11	63.78	46.04	70.94	4.47	12.65	20.59	40.79	68.12	53.37	29.12	0.0	52.15	66.21	35.38	46.04	23.41	67.91	72.5	50.36	34.06	73.43	26.68	73.38	26.08	68.96	46.0	55.61	26.31	36.0	62.8	86.02	4.47	32.31	79.65	72.8	2.0	34.06	58.14	34.99	41.18	79.65	48.66	23.41	37.2	12.81	67.05	52.04	18.97	52.84	25.3	27.78	71.55	65.55	57.78	83.24	26.59	43.86	5.1
20	34.0	48.7	23.41	56.92	22.63	50.64	43.27	29.73	36.88	38.21	26.08	50.36	54.0	48.66	70.26	16.97	16.0	62.48	26.83	52.15	0.0	60.93	41.04	42.8	65.39	71.69	65.79	74.03	80.05	34.18	26.08	25.46	68.41	58.82	66.84	43.86	63.53	61.06	34.06	66.03	50.64	69.08	58.03	27.2	52.04	18.97	72.25	26.08	22.63	67.47	5.66	74.11	34.06	42.19	20.0	69.31	35.44	22.8	48.33	33.29	63.25	25.23	87.05	51.78	74.38	49.52	51.01
21	27.2	75.29	64.03	79.85	40.79	69.08	20.0	66.12	37.74	26.91	35.44	18.97	63.53	53.67	67.94	69.05	68.82	17.89	68.0	66.21	60.93	0.0	86.09	22.09	89.55	13.42	6.32	35.44	66.03	43.27	54.04	56.64	56.64	6.0	31.3	17.09	91.76	36.88	31.11	24.17	69.08	50.0	22.09	52.5	64.4	62.29	24.08	42.05	40.79	14.14	55.71	72.14	82.02	55.03	53.81	27.2	66.75	38.47	41.18	74.11	5.66	86.14	47.11	35.21	91.65	22.36	61.27
22	61.19	22.8	22.8	28.64	47.54	31.11	66.12	20.0	75.18	72.11	53.85	82.97	39.7	42.94	55.32	24.08	53.25	78.92	18.44	35.38	41.04	86.09	0.0	64.03	32.25	92.35	92.2	81.71	69.31	73.78	32.06	66.48	61.22	86.58	75.89	70.71	28.0	66.48	69.08	99.46	31.11	66.57	91.76	68.12	36.88	26.0	86.35	44.41	47.54	97.02	41.62	57.2	7.21	36.77	60.96	81.04	20.88	56.46	52.5	12.0	90.35	39.46	91.29	89.49	43.4	66.27	38.6
23	10.77	53.85	42.19	59.06	20.59	48.37	2.83	44.05	34.06	22.36	16.97	25.61	44.05	34.06	52.15	48.08	54.04	19.8	46.04	46.04	42.8	22.09	64.03	0.0	68.96	29.73	28.28	34.18	54.41	38.05	32.0	46.82	43.08	23.41	27.2	10.0	70.68	26.08	24.0	40.0	48.37	38.83	33.94	43.68	44.41	40.79	29.73	20.4	20.59	34.18	37.2	56.6	60.13	34.0	42.05	27.78	44.72	23.32	22.8	52.04	26.68	67.68	47.79	40.39	72.34	8.25	41.4
24	71.22	17.2	42.05	10.0	60.83	20.59	71.69	35.78	92.02	85.04	66.48	93.23	26.68	36.06	33.53	50.0	80.32	76.66	38.63	23.41	65.39	89.55	32.25	68.96	0.0	91.21	95.85	72.03	47.54	92.46	44.05	89.55	44.41	92.13	68.47	78.23	5.66	58.55	83.45	108.76	20.59	52.15	102.08	89.89	25.3	46.52	80.89	55.17	60.83	102.86	63.53	33.11	38.0	34.99	83.35	74.67	30.53	72.25	48.7	32.98	94.85	70.87	77.4	104.34	11.26	67.23	28.46
25	37.74	78.64	71.39	82.0	50.16	71.39	28.64	72.44	51.11	40.0	45.65	32.31	64.56	55.32	65.51	77.79	80.92	14.56	74.97	67.91	71.69	13.42	92.35	29.73	91.21	0.0	14.0	27.2	60.83	56.6	60.83	69.66	53.25	18.97	25.61	28.43	94.15	34.0	44.05	34.23	71.39	45.61	34.23	65.6	65.97	70.34	14.42	50.0	50.16	22.36	66.24	69.34	89.11	58.31	66.48	19.8	72.03	50.0	42.76	80.4	16.12	96.86	36.61	48.16	91.66	26.08	62.82
26	32.56	81.61	70.0	86.16	46.39	75.39	26.08	72.25	39.7	30.0	40.79	20.0	69.77	59.93	73.76	74.67	72.72	22.8	74.03	72.5	65.79	6.32	92.2	28.28	95.85	14.0	0.0	39.4	71.22	45.34	60.13	59.46	62.23	7.21	36.06	22.36	98.08	42.43	34.41	20.4	75.39	55.32	20.4	55.17	70.68	68.12	27.2	48.0	46.39	8.94	60.73	77.9	88.0	61.35	57.2	31.3	72.99	43.08	47.41	80.22	2.83	90.92	50.1	34.71	97.84	28.64	67.54
27	44.94	63.15	64.9	64.12	51.61	54.59	35.44	63.53	66.75	54.59	50.12	52.15	46.17	39.29	41.76	74.03	87.13	18.11	67.23	50.36	74.03	35.44	81.71	34.18	72.03	27.2	39.4	0.0	34.41	71.39	54.41	80.99	29.12	41.23	7.21	40.45	76.03	15.23	57.27	59.46	54.59	20.88	57.27	77.79	48.37	65.6	12.81	48.17	51.61	48.33	68.41	44.94	80.5	44.94	76.16	8.25	60.93	57.27	29.53	70.68	40.5	97.3	13.62	68.96	69.98	26.0	45.54
28	63.15	46.69	61.74	43.27	62.03	38.21	56.92	57.31	87.86	76.66	64.12	78.79	30.0	31.62	14.42	72.5	95.71	48.41	61.77	34.06	80.05	66.03	69.31	54.41	47.54	60.83	71.22	34.41	0.0	91.08	54.41	96.0	12.0	71.02	35.38	63.91	52.8	29.53	77.67	89.89	38.21	16.12	85.88	94.09	32.8	64.62	46.86	56.14	62.03	80.0	75.31	14.56	71.22	38.63	90.02	41.04	52.15	72.11	34.06	61.61	71.61	97.72	33.42	94.61	41.43	47.54	31.91
29	28.07	75.29	52.5	82.8	32.25	73.78	36.22	58.0	5.66	17.09	27.86	25.46	73.35	64.62	86.02	50.12	32.25	54.41	56.85	73.43	34.18	43.27	73.78	38.05	92.46	56.6	45.34	71.39	91.08	0.0	48.41	15.23	79.25	38.42	64.78	31.05	92.02	64.0	14.14	36.77	73.78	76.24	29.53	10.77	72.47	48.41	63.91	38.47	32.25	42.8	32.25	90.44	67.23	60.83	16.0	64.03	62.29	20.59	57.27	64.03	42.52	54.81	84.87	18.68	99.29	46.17	70.21
30	29.73	26.91	10.77	34.41	17.2	26.0	34.06	12.17	48.08	42.19	23.32	52.0	28.07	22.8	44.18	19.8	42.05	48.08	14.14	26.68	26.08	54.04	32.06	32.0	44.05	60.83	60.13	54.41	54.41	48.41	0.0	46.82	43.08	54.59	47.71	38.83	43.86	39.7	40.0	68.35	26.0	44.94	60.93	46.52	26.31	11.31	56.46	12.65	17.2	65.12	22.09	48.04	28.28	16.12	40.5	51.88	14.42	28.28	25.46	20.1	58.31	44.38	66.13	60.99	51.21	34.93	25.02
31	36.06	72.47	47.71	80.5	34.06	72.8	45.69	53.85	20.59	29.73	32.25	40.0	74.22	66.75	88.81	42.43	18.11	65.3	51.61	73.38	25.46	56.64	66.48	46.82	89.55	69.66	59.46	80.99	96.0	15.23	46.82	0.0	84.0	52.35	74.0	42.19	88.2	71.39	25.61	52.0	72.8	82.39	44.72	4.47	72.8	43.27	75.18	40.2	34.06	57.69	26.08	93.06	59.46	61.61	6.32	74.32	59.06	24.33	62.03	58.41	56.64	41.43	94.61	33.42	97.72	55.03	71.06
32	51.42	39.45	51.11	37.95	50.04	30.53	45.69	47.2	76.16	65.15	52.15	68.0	21.63	20.59	12.65	61.77	83.95	39.7	51.61	26.08	68.41	56.64	61.22	43.08	44.41	53.25	62.23	29.12	12.0	79.25	43.08	84.0	0.0	61.22	27.78	52.8	49.03	19.8	65.97	80.0	30.53	8.25	75.47	82.1	24.41	53.67	40.25	44.18	50.04	70.77	63.56	16.12	62.23	27.78	78.03	34.0	42.52	60.13	22.09	52.35	62.29	86.96	32.99	83.45	41.08	36.72	22.67
33	26.08	77.25	64.12	82.29	40.05	71.55	20.88	66.75	32.8	22.8	34.23	13.42	66.57	56.6	72.14	68.26	65.51	23.41	68.26	68.96	58.82	6.0	86.58	23.41	92.13	18.97	7.21	41.23	71.02	38.42	54.59	52.35	61.22	0.0	36.77	16.0	94.02	41.62	27.2	18.87	71.55	54.92	16.12	48.08	67.23	62.0	30.07	42.19	40.05	10.77	53.85	76.42	82.1	57.27	50.0	32.98	67.91	36.06	44.41	74.67	4.47	83.9	53.07	29.29	94.85	25.61	64.14
34	37.95	58.31	58.31	60.03	44.41	50.04	28.64	57.27	60.3	48.17	42.94	46.69	42.05	34.23	40.25	67.2	79.92	13.42	60.83	46.0	66.84	31.3	75.89	27.2	68.47	25.61	36.06	7.21	35.38	64.78	47.71	74.0	27.78	36.77	0.0	34.06	72.11	10.0	50.64	55.46	50.04	20.0	52.5	70.88	44.0	58.82	12.65	41.04	44.41	44.94	61.22	43.91	74.32	39.29	69.08	6.32	55.03	50.16	23.41	64.62	36.72	90.24	20.69	63.39	67.47	18.97	41.01
35	10.2	62.61	48.17	68.26	24.08	57.69	7.21	50.99	26.31	14.14	18.44	15.62	53.81	43.86	62.13	52.35	52.5	23.41	52.35	55.61	43.86	17.09	70.71	10.0	78.23	28.43	22.36	40.45	63.91	31.05	38.83	42.19	52.8	16.0	34.06	0.0	79.65	34.93	17.09	30.53	57.69	48.08	24.08	38.47	54.04	46.0	33.11	26.31	24.08	26.31	38.63	66.57	66.12	43.27	38.42	32.98	52.5	21.63	32.8	58.86	20.1	69.09	53.86	30.7	82.05	16.49	51.09
36	72.11	17.2	40.5	12.17	60.96	22.8	73.35	34.41	91.93	85.6	66.84	94.34	30.07	38.83	38.63	47.54	78.0	79.62	36.72	26.31	63.53	91.76	28.0	70.68	5.66	94.15	98.08	76.03	52.8	92.02	43.86	88.2	49.03	94.02	72.11	79.65	0.0	62.13	83.74	110.15	22.8	56.57	103.25	88.81	28.28	44.94	84.38	55.61	60.96	104.79	62.13	38.47	34.23	36.77	82.1	78.23	29.73	72.14	51.42	30.46	96.93	67.19	81.99	104.71	16.46	69.57	31.4
37	36.06	48.37	50.0	50.04	39.4	40.05	28.28	48.37	60.13	48.37	39.29	49.4	32.06	24.33	31.62	59.46	75.15	20.0	52.15	36.0	61.06	36.88	66.48	26.08	58.55	34.0	42.43	15.23	29.53	64.0	39.7	71.39	19.8	41.62	10.0	34.93	62.13	0.0	50.04	60.46	40.05	13.42	56.36	68.73	34.0	50.99	22.36	34.99	39.4	50.99	55.57	35.61	65.3	29.73	65.97	16.12	45.69	47.07	14.42	55.46	42.52	83.35	26.47	65.51	57.94	18.44	31.02
38	14.56	66.6	46.52	73.54	22.8	63.78	22.09	51.11	10.2	4.47	16.97	16.49	62.13	52.84	73.54	47.07	38.47	40.5	50.99	62.8	34.06	31.11	69.08	24.0	83.45	44.05	34.41	57.27	77.67	14.14	40.0	25.61	65.97	27.2	50.64	17.09	83.74	50.04	0.0	32.0	63.78	62.51	24.0	21.63	61.61	43.08	50.16	28.28	22.8	34.18	30.07	78.0	63.25	50.0	22.8	50.0	54.41	12.65	44.27	58.14	31.62	58.22	70.78	20.99	89.22	32.06	59.08
39	38.63	93.06	76.66	98.79	51.92	88.2	37.2	80.32	31.62	28.07	45.61	16.49	84.02	74.03	90.69	78.64	68.41	42.05	81.04	86.02	66.03	24.17	99.46	40.0	108.76	34.23	20.4	59.46	89.89	36.77	68.35	52.0	80.0	18.87	55.46	30.53	110.15	60.46	32.0	0.0	88.2	73.78	8.0	47.54	84.4	73.76	47.54	55.71	51.92	12.0	62.03	95.02	94.15	73.78	51.92	51.26	82.46	44.18	62.29	87.93	18.97	89.72	70.49	19.99	112.33	43.86	81.4
40	50.99	8.94	28.0	10.77	41.62	0.0	51.11	22.09	72.8	65.05	46.86	72.8	8.94	16.12	24.41	38.21	66.48	56.89	26.31	4.47	50.64	69.08	31.11	48.37	20.59	71.39	75.39	54.59	38.21	73.78	26.0	72.8	30.53	71.55	50.04	57.69	22.8	40.05	63.78	88.2	0.0	36.77	81.61	72.5	6.32	32.06	62.03	35.61	41.62	82.29	47.54	26.83	33.29	14.42	66.48	56.0	16.12	53.25	28.64	24.17	74.32	62.58	62.22	84.47	25.53	46.82	9.06
41	48.17	45.69	54.04	45.12	49.03	36.77	41.23	50.91	72.69	61.19	50.16	62.77	27.86	24.08	20.88	64.4	84.12	32.56	55.17	32.31	69.08	50.0	66.57	38.83	52.15	45.61	55.32	20.88	16.12	76.24	44.94	82.39	8.25	54.92	20.0	48.08	56.57	13.42	62.51	73.78	36.77	0.0	69.77	80.1	30.46	56.04	32.25	43.68	49.03	64.03	63.91	24.17	66.84	31.11	76.66	26.08	46.86	58.14	20.88	56.85	55.61	89.31	25.56	78.75	49.27	31.62	28.18
42	31.3	86.09	68.96	92.09	44.27	81.61	31.11	72.8	24.17	20.1	37.95	8.94	77.9	67.94	85.6	70.71	60.73	39.29	73.38	79.65	58.03	22.09	91.76	33.94	102.08	34.23	20.4	57.27	85.88	29.53	60.93	44.72	75.47	16.12	52.5	24.08	103.25	56.36	24.0	8.0	81.61	69.77	0.0	40.25	78.1	65.97	46.17	48.33	44.27	14.42	54.04	90.0	86.35	67.2	44.27	49.03	75.15	36.22	56.64	80.32	18.11	81.81	69.19	14.77	106.12	38.83	75.17
43	32.98	72.72	48.41	80.62	32.56	72.5	42.38	54.41	16.12	25.61	30.0	35.61	73.38	65.51	87.48	44.05	22.0	61.74	52.5	72.8	27.2	52.5	68.12	43.68	89.89	65.6	55.17	77.79	94.09	10.77	46.52	4.47	82.1	48.08	70.88	38.47	88.81	68.73	21.63	47.54	72.5	80.1	40.25	0.0	72.11	44.05	71.55	38.83	32.56	53.25	26.91	91.78	61.22	60.73	7.21	70.94	59.36	22.0	60.03	59.46	52.35	45.1	91.4	29.11	97.68	51.92	70.21
44	48.17	15.23	30.59	16.12	40.25	6.32	47.2	25.3	71.02	62.48	44.94	69.43	2.83	10.77	19.7	41.23	68.03	51.42	29.73	2.0	52.04	64.4	36.88	44.41	25.3	65.97	70.68	48.37	32.8	72.47	26.31	72.8	24.41	67.23	44.0	54.04	28.28	34.0	61.61	84.4	6.32	30.46	78.1	72.11	0.0	34.23	56.14	34.0	40.25	77.9	48.37	22.8	38.42	11.66	66.48	50.04	19.7	51.88	23.41	28.84	69.77	66.15	55.9	81.94	28.04	42.05	3.16
45	36.06	29.73	4.47	37.95	22.09	32.06	42.43	10.77	49.4	46.17	28.28	57.27	36.5	33.11	53.37	8.49	34.53	58.31	8.49	34.06	18.97	62.29	26.0	40.79	46.52	70.34	68.12	65.6	64.62	48.41	11.31	43.27	53.67	62.0	58.82	46.0	44.94	50.99	43.08	73.76	32.06	56.04	65.97	44.05	34.23	0.0	67.08	20.4	22.09	72.11	17.2	56.89	20.4	26.0	37.2	62.77	16.49	30.46	36.77	15.62	66.03	33.34	77.43	63.54	55.41	44.94	33.73
46	40.0	70.03	67.23	72.25	49.68	62.03	30.0	67.05	58.82	46.82	46.69	42.19	54.33	46.0	52.8	75.18	83.74	10.0	70.23	58.14	72.25	24.08	86.35	29.73	80.89	14.42	27.2	12.81	46.86	63.91	56.46	75.18	40.25	30.07	12.65	33.11	84.38	22.36	50.16	47.54	62.03	32.25	46.17	71.55	56.14	67.08	0.0	47.71	49.68	36.06	66.6	56.36	84.12	50.36	71.02	6.32	65.51	52.8	34.23	74.73	28.64	96.72	23.05	58.9	80.11	22.8	53.08
47	17.09	38.42	22.0	45.25	6.32	35.61	22.09	24.74	37.2	30.0	11.31	39.4	34.93	26.68	48.66	27.86	40.5	38.47	26.08	34.99	26.08	42.05	44.41	20.4	55.17	50.0	48.0	48.17	56.14	38.47	12.65	40.2	44.18	42.19	41.04	26.31	55.61	34.99	28.28	55.71	35.61	43.68	48.33	38.83	34.0	20.4	47.71	0.0	6.32	52.61	20.59	52.95	40.0	22.36	34.06	44.05	26.83	17.89	22.8	32.56	46.04	49.3	61.02	49.18	61.12	25.06	31.78
48	14.0	43.86	24.74	50.99	0.0	41.62	21.54	28.64	31.24	25.06	6.32	35.44	41.23	32.98	54.92	28.28	35.78	40.0	29.12	41.18	22.63	40.79	47.54	20.59	60.83	50.16	46.39	51.61	62.03	32.25	17.2	34.06	50.04	40.05	44.41	24.08	60.96	39.4	22.8	51.92	41.62	49.03	44.27	32.56	40.25	22.09	49.68	6.32	0.0	50.04	16.97	59.23	42.43	28.64	28.0	46.69	31.62	11.66	28.28	36.06	44.18	47.16	64.83	43.8	67.15	26.91	38.08
49	36.06	88.02	74.43	93.04	50.04	82.29	31.62	77.28	37.2	29.73	44.0	17.89	77.18	67.23	82.07	78.03	72.5	31.62	78.64	79.65	67.47	14.14	97.02	34.18	102.86	22.36	8.94	48.33	80.0	42.8	65.12	57.69	70.77	10.77	44.94	26.31	104.79	50.99	34.18	12.0	82.29	64.03	14.42	53.25	77.9	72.11	36.06	52.61	50.04	0.0	62.8	86.28	92.35	68.03	56.36	40.25	78.59	44.72	54.92	85.16	8.49	92.2	58.84	29.17	105.41	36.06	74.79
50	28.64	46.52	21.63	54.63	16.97	47.54	37.74	27.78	34.18	34.0	20.59	46.04	50.16	44.18	66.03	17.89	20.4	56.85	25.61	48.66	5.66	55.71	41.62	37.2	63.53	66.24	60.73	68.41	75.31	32.25	22.09	26.08	63.56	53.85	61.22	38.63	62.13	55.57	30.07	62.03	47.54	63.91	54.04	26.91	48.37	17.2	66.6	20.59	16.97	62.8	0.0	70.0	34.99	38.0	20.0	63.66	33.11	18.11	43.08	32.56	58.24	30.62	81.47	48.93	71.98	43.86	47.1
51	63.56	34.41	53.37	29.73	59.23	26.83	59.36	48.08	88.02	77.82	62.64	82.1	20.4	26.31	4.47	64.03	90.09	55.61	52.5	23.41	74.11	72.14	57.2	56.6	33.11	69.34	77.9	44.94	14.56	90.44	48.04	93.06	16.12	76.42	43.91	66.57	38.47	35.61	78.0	95.02	26.83	24.17	90.0	91.78	22.8	56.89	56.36	52.95	59.23	86.28	70.0	0.0	60.03	32.0	86.83	50.12	42.38	70.34	34.0	50.99	77.79	88.93	46.75	96.78	26.99	51.22	23.19
52	56.32	26.0	18.0	32.98	42.43	33.29	62.03	17.09	68.88	66.48	48.66	77.67	41.23	42.8	57.69	17.2	46.04	76.16	14.14	37.2	34.06	82.02	7.21	60.13	38.0	89.11	88.0	80.5	71.22	67.23	28.28	59.46	62.23	82.1	74.32	66.12	34.23	65.3	63.25	94.15	33.29	66.84	86.35	61.22	38.42	20.4	84.12	40.0	42.43	92.35	34.99	60.03	0.0	36.06	54.04	79.12	20.0	50.6	50.99	10.0	86.02	32.96	90.86	83.36	48.9	63.15	39.62
53	36.77	20.4	23.32	25.06	28.64	14.42	36.72	19.8	59.36	50.99	33.29	58.41	12.65	7.21	28.07	34.0	58.14	44.05	24.08	12.81	42.19	55.03	36.77	34.0	34.99	58.31	61.35	44.94	38.63	60.83	16.12	61.61	27.78	57.27	39.29	43.27	36.77	29.73	50.0	73.78	14.42	31.11	67.2	60.73	11.66	26.0	50.36	22.36	28.64	68.03	38.0	32.0	36.06	0.0	55.32	44.72	16.12	40.25	16.12	26.08	60.17	59.21	54.82	70.45	39.34	32.98	9.49
54	31.3	66.24	41.62	74.24	28.0	66.48	41.18	47.71	20.4	27.2	26.68	38.47	67.91	60.53	82.61	36.88	16.49	61.06	45.61	67.05	20.0	53.81	60.96	42.05	83.35	66.48	57.2	76.16	90.02	16.0	40.5	6.32	78.03	50.0	69.08	38.42	82.1	65.97	22.8	51.92	66.48	76.66	44.27	7.21	66.48	37.2	71.02	34.06	28.0	56.36	20.0	86.83	54.04	55.32	0.0	69.77	52.84	18.97	56.14	52.5	54.41	38.82	89.75	34.66	91.44	50.16	64.76
55	38.47	64.12	62.61	66.12	46.69	56.0	28.64	62.03	59.23	47.07	44.41	44.05	48.17	40.05	46.52	71.02	81.61	10.0	65.39	52.04	69.31	27.2	81.04	27.78	74.67	19.8	31.3	8.25	41.04	64.03	51.88	74.32	34.0	32.98	6.32	32.98	78.23	16.12	50.0	51.26	56.0	26.08	49.03	70.94	50.04	62.77	6.32	44.05	46.69	40.25	63.66	50.12	79.12	44.72	69.77	0.0	60.17	51.11	28.64	69.57	32.31	93.32	20.97	60.86	73.79	20.0	47.01
56	43.86	13.42	12.17	21.54	31.62	16.12	47.07	6.0	62.29	56.6	37.74	66.21	22.36	22.8	39.4	22.09	50.99	58.31	10.2	18.97	35.44	66.75	20.88	44.72	30.53	72.03	72.99	60.93	52.15	62.29	14.42	59.06	42.52	67.91	55.03	52.5	29.73	45.69	54.41	82.46	16.12	46.86	75.15	59.36	19.7	16.49	65.51	26.83	31.62	78.59	33.11	42.38	20.0	16.12	52.84	60.17	0.0	42.52	31.62	10.0	71.39	46.59	70.93	75.39	38.96	46.0	20.25
57	12.81	55.17	34.0	62.48	11.66	53.25	22.8	38.83	19.8	16.12	8.0	28.0	52.8	44.27	65.97	34.53	31.11	42.8	38.47	52.84	22.8	38.47	56.46	23.32	72.25	50.0	43.08	57.27	72.11	20.59	28.28	24.33	60.13	36.06	50.16	21.63	72.14	47.07	12.65	44.18	53.25	58.14	36.22	22.0	51.88	30.46	52.8	17.89	11.66	44.72	18.11	70.34	50.6	40.25	18.97	51.11	42.52	0.0	38.05	45.65	40.5	47.85	70.85	33.2	78.78	31.3	49.66
58	29.73	36.06	35.61	39.29	28.28	28.64	25.61	34.0	54.41	43.86	30.07	48.41	22.36	12.65	29.53	45.25	63.25	28.28	37.74	25.3	48.33	41.18	52.5	22.8	48.7	42.76	47.41	29.53	34.06	57.27	25.46	62.03	22.09	44.41	23.41	32.8	51.42	14.42	44.27	62.29	28.64	20.88	56.64	60.03	23.41	36.77	34.23	22.8	28.28	54.92	43.08	34.0	50.99	16.12	56.14	28.64	31.62	38.05	0.0	41.23	46.65	69.53	40.71	62.78	50.5	18.87	20.25
59	49.48	18.11	11.66	26.0	36.06	24.17	54.15	8.0	64.9	60.93	42.38	71.47	31.62	32.8	48.37	17.09	47.54	67.08	7.21	27.78	33.29	74.11	12.0	52.04	32.98	80.4	80.22	70.68	61.61	64.03	20.1	58.41	52.35	74.67	64.62	58.86	30.46	55.46	58.14	87.93	24.17	56.85	80.32	59.46	28.84	15.62	74.73	32.56	36.06	85.16	32.56	50.99	10.0	26.08	52.5	69.57	10.0	45.65	41.23	0.0	78.41	39.1	80.89	78.85	43.07	54.33	29.83
60	30.27	80.32	68.03	85.09	44.18	74.32	24.33	70.46	36.88	27.2	38.47	17.2	68.96	59.06	73.59	72.44	69.97	23.32	72.11	71.55	63.25	5.66	90.35	26.68	94.85	16.12	2.83	40.5	71.61	42.52	58.31	56.64	62.29	4.47	36.72	20.1	96.93	42.52	31.62	18.97	74.32	55.61	18.11	52.35	69.77	66.03	28.64	46.04	44.18	8.49	58.24	77.79	86.02	60.17	54.41	32.31	71.39	40.5	46.65	78.41	0.0	88.34	51.66	32.19	97.14	27.78	66.65
61	59.21	57.21	35.98	64.98	47.16	62.58	68.33	40.86	58.87	62.58	51.21	74.71	68.69	66.38	85.78	25.23	23.39	87.14	36.44	65.55	25.23	86.14	39.46	67.68	70.87	96.86	90.92	97.3	97.72	54.81	44.38	41.43	86.96	83.9	90.24	69.09	67.19	83.35	58.22	89.72	62.58	89.31	81.81	45.1	66.15	33.34	96.72	49.3	47.16	92.2	30.62	88.93	32.96	59.21	38.82	93.32	46.59	47.85	69.53	39.1	88.34	0.0	109.78	73.44	81.6	73.92	66.22
62	58.56	71.11	76.29	70.67	64.83	62.22	49.04	74.22	80.15	67.99	63.61	64.8	53.35	48.35	44.65	85.91	100.49	30.91	78.19	57.78	87.05	47.11	91.29	47.79	77.4	36.61	50.1	13.62	33.42	84.87	66.13	94.61	32.99	53.07	20.69	53.86	81.99	26.47	70.78	70.49	62.22	25.56	69.19	91.4	55.9	77.43	23.05	61.02	64.83	58.84	81.47	46.75	90.86	54.82	89.75	20.97	70.93	70.85	40.71	80.89	51.66	109.78	0.0	81.6	73.44	39.61	53.44
63	33.83	87.56	67.19	94.4	43.8	84.47	37.75	71.99	14.91	19.46	37.89	16.81	82.24	72.63	92.31	66.66	50.91	50.87	71.66	83.24	51.78	35.21	89.49	40.39	104.34	48.16	34.71	68.96	94.61	18.68	60.99	33.42	83.45	29.29	63.39	30.7	104.71	65.51	20.99	19.99	84.47	78.75	14.77	29.11	81.94	63.54	58.9	49.18	43.8	29.17	48.93	96.78	83.36	70.45	34.66	60.86	75.39	33.2	62.78	78.85	32.19	73.44	81.6	0.0	109.78	47.13	79.27
64	76.1	25.72	50.99	17.47	67.15	25.53	75.15	44.67	98.32	90.33	72.34	97.46	28.32	38.32	28.81	59.78	89.74	77.21	48.03	26.59	74.38	91.65	43.4	72.34	11.26	91.66	97.84	69.98	41.43	99.29	51.21	97.72	41.08	94.85	67.47	82.05	16.46	57.94	89.22	112.33	25.53	49.27	106.12	97.68	28.04	55.41	80.11	61.12	67.15	105.41	71.98	26.99	48.9	39.34	91.44	73.79	38.96	78.78	50.5	43.07	97.14	81.6	73.44	109.78	0.0	69.37	30.96
65	18.97	53.37	45.61	57.58	26.91	46.82	10.0	46.39	42.0	30.07	24.41	31.3	41.18	31.3	46.86	52.8	61.61	13.42	49.03	43.86	49.52	22.36	66.27	8.25	67.23	26.08	28.64	26.0	47.54	46.17	34.93	55.03	36.72	25.61	18.97	16.49	69.57	18.44	32.06	43.86	46.82	31.62	38.83	51.92	42.05	44.94	22.8	25.06	26.91	36.06	43.86	51.22	63.15	32.98	50.16	20.0	46.0	31.3	18.87	54.33	27.78	73.92	39.61	47.13	69.37	0.0	38.91
66	45.45	17.72	30.36	19.24	38.08	9.06	44.2	25.5	68.6	59.82	42.54	66.53	3.16	7.62	19.65	41.11	67.01	48.27	29.97	5.1	51.01	61.27	38.6	41.4	28.46	62.82	67.54	45.54	31.91	70.21	25.02	71.06	22.67	64.14	41.01	51.09	31.4	31.02	59.08	81.4	9.06	28.18	75.17	70.21	3.16	33.73	53.08	31.78	38.08	74.79	47.1	23.19	39.62	9.49	64.76	47.01	20.25	49.66	20.25	29.83	66.65	66.22	53.44	79.27	30.96	38.91	0.0
;
