vehicles
vehicle_idx, capacity, cost_per_unit_distance
1,100,3
2,100,3
3,100,3
4,100,3
5,100,3
6,100,3
7,100,3
8,100,3
9,100,3
depot
node_idx,x,y
0,59,44
home delivery customers
node_idx,x,y,service_time,demand
1,72,43,10,3
2,0,60,10,9
3,33,54,10,18
4,14,9,10,16
5,58,50,10,6
6,64,4,10,8
7,51,91,10,2
8,68,59,10,7
9,94,87,10,10
10,68,29,10,7
11,12,91,10,12
12,9,76,10,4
13,58,18,10,13
14,9,92,10,19
15,82,13,10,7
16,10,25,10,15
17,33,31,10,30
18,4,44,10,23
19,54,22,10,8
20,3,70,10,8
21,94,16,10,25
22,94,54,10,12
23,14,40,10,25
24,88,55,10,8
self pickup customers
node_idx,x,y,service_time,demand,locker_idxs
25,9,23,10,2,80-3
26,84,68,10,1,74-2
27,36,93,10,6,75-1
28,87,9,10,9,76-0
29,34,16,10,16,76-73-79-3
30,40,98,10,5,75-81-1
31,11,8,10,1,81-3
32,46,7,10,1,76-3
33,67,18,10,5,74-0
34,19,25,10,9,73-3
35,5,78,10,6,81-1
36,95,39,10,20,74-80-0
37,50,73,10,39,81-78-2
38,14,9,10,23,75-3
39,2,22,10,20,80-3
40,11,57,10,21,78-1
41,32,89,10,23,75-81-1
42,90,20,10,9,73-0
43,43,59,10,5,81-78-77-1
44,37,0,10,24,78-3
45,80,25,10,22,80-0
46,37,64,10,7,78-81-73
flexible customers
node_idx,x,y,service_time,demand,locker_idxs
47,64,90,10,12,73-2
48,23,84,10,10,75-78-81-1
49,34,93,10,5,75-81-78-1
50,70,64,10,12,80-77-74-2
51,38,54,10,23,76-79-73-78
52,48,46,10,17,73-79-76-77-80-3
53,39,28,10,2,73-79-76-3
54,79,30,10,13,74-80-77-0
55,61,36,10,17,80-77-79-73-76-0
56,28,50,10,3,78-73-79-76
57,25,16,10,13,73-79-76-3
58,3,51,10,25,76
59,13,52,10,5,73
60,40,39,10,12,73-76-79
61,36,14,10,10,76-79-73-3
62,96,97,10,5,76
63,20,21,10,15,79-73-76-3
64,40,91,10,13,75-81-78-1
65,72,74,10,15,74-80-77-2
66,41,24,10,7,73-79-76-3
67,87,47,10,24,74-80-77
68,18,68,10,18,81-78-1
lockers
node_idx,x,y,service_time,capacity,cost_per_unit_good
69,93,12,10,89
70,22,88,10,72
71,65,88,10,93
72,25,15,10,88
73,36,37,10,72
74,89,54,10,96
75,15,100,10,90
76,37,32,10,77
77,67,51,10,99
78,26,77,10,87
79,38,36,10,90
80,70,47,10,76
81,30,81,10,85
mrt lines
start_node_idx,end_node_idx,freight_capacity,cost_per_unit_good
69,70,89,0.5
70,69,89,0.5
71,72,93,0.5
72,71,93,0.5
distance matrix
,0,1,2,3,4,5,6,7,8,9,10,11,12,13,14,15,16,17,18,19,20,21,22,23,24,25,26,27,28,29,30,31,32,33,34,35,36,37,38,39,40,41,42,43,44,45,46,47,48,49,50,51,52,53,54,55,56,57,58,59,60,61,62,63,64,65,66,67,68,69,70,71,72,73,74,75,76,77,78,79,80,81,
0,0.0,13.04,61.13,27.86,57.01,6.08,40.31,47.68,17.49,55.44,17.49,66.47,59.36,26.02,69.31,38.6,52.55,29.07,55.0,22.56,61.74,44.82,36.4,45.18,31.02,54.23,34.66,54.13,44.82,37.54,57.25,60.0,39.22,27.2,44.28,63.81,36.35,30.36,57.01,61.1,49.73,52.48,39.2,21.93,49.19,28.32,29.73,46.27,53.81,55.01,22.83,23.26,11.18,25.61,24.41,8.25,31.58,44.05,56.44,46.69,19.65,37.8,64.64,45.28,50.7,32.7,26.91,28.16,47.51,46.69,57.49,44.41,44.69,24.04,31.62,71.22,25.06,10.63,46.67,22.47,11.4,47.01
1,13.04,0.0,73.98,40.52,67.23,15.65,39.81,52.39,16.49,49.19,14.56,76.84,71.12,28.65,79.81,31.62,64.56,40.8,68.01,27.66,74.09,34.83,24.6,58.08,20.0,66.1,27.73,61.61,37.16,46.62,63.63,70.33,44.41,25.5,55.97,75.59,23.35,37.2,67.23,73.08,62.59,60.96,29.21,33.12,55.44,19.7,40.82,47.68,63.89,62.8,21.1,35.74,24.19,36.25,14.76,13.04,44.55,54.2,69.46,59.68,32.25,46.23,59.09,56.46,57.69,31.0,36.36,15.52,59.51,37.44,67.27,45.54,54.71,36.5,20.25,80.61,36.69,9.43,57.2,34.71,4.47,56.64
2,61.13,73.98,0.0,33.54,52.89,58.86,85.04,59.68,68.01,97.8,74.73,33.24,18.36,71.61,33.24,94.51,36.4,43.93,16.49,66.03,10.44,103.79,94.19,24.41,88.14,38.08,84.38,48.84,100.85,55.61,55.17,53.15,70.18,79.08,39.82,18.68,97.29,51.66,52.89,38.05,11.4,43.19,98.49,43.01,70.49,87.32,37.22,70.68,33.24,47.38,70.11,38.47,50.0,50.45,84.5,65.55,29.73,50.61,9.49,15.26,45.18,58.41,102.88,43.83,50.61,73.35,54.56,87.97,19.7,104.66,35.61,70.77,51.48,42.72,89.2,42.72,46.4,67.6,31.06,44.94,71.2,36.62
3,27.86,40.52,33.54,0.0,48.85,25.32,58.83,41.15,35.36,69.35,43.01,42.54,32.56,43.83,44.94,63.89,37.01,23.0,30.68,38.28,34.0,71.87,61.0,23.6,55.01,39.2,52.89,39.12,70.29,38.01,44.55,50.99,48.76,49.52,32.2,36.88,63.79,25.5,48.85,44.55,22.2,35.01,66.37,11.18,54.15,55.23,10.77,47.51,31.62,39.01,38.33,5.0,17.0,26.68,51.88,33.29,6.4,38.83,30.15,20.1,16.55,40.11,76.28,35.47,37.66,43.83,31.05,54.45,20.52,73.24,35.74,46.69,39.81,17.26,56.0,49.4,22.36,34.13,24.04,18.68,37.66,27.17
4,57.01,67.23,52.89,48.85,0.0,60.14,50.25,89.96,73.59,111.73,57.58,82.02,67.19,44.91,83.15,68.12,16.49,29.07,36.4,42.06,61.98,80.31,91.79,31.0,87.13,14.87,91.55,86.83,73.0,21.19,92.72,3.16,32.06,53.76,16.76,69.58,86.38,73.43,0.0,17.69,48.09,82.0,76.79,57.8,24.7,67.91,59.62,95.19,75.54,86.35,78.49,51.0,50.25,31.4,68.31,54.2,43.32,13.04,43.42,43.01,39.7,22.56,120.28,13.42,86.02,87.11,30.89,82.3,59.14,79.06,79.4,94.03,12.53,35.61,87.46,91.01,32.53,67.62,69.05,36.12,67.68,73.76
5,6.08,15.65,58.86,25.32,60.14,0.0,46.39,41.59,13.45,51.62,23.26,61.62,55.47,32.0,64.54,44.1,54.12,31.4,54.33,28.28,58.52,49.52,36.22,45.12,30.41,55.95,31.62,48.3,50.22,41.62,51.26,63.03,44.64,33.24,46.32,59.94,38.6,24.35,60.14,62.61,47.52,46.87,43.86,17.49,54.23,33.3,25.24,40.45,48.8,49.24,18.44,20.4,10.77,29.07,29.0,14.32,30.0,47.38,55.01,45.04,21.1,42.19,60.44,47.8,44.78,27.78,31.06,29.15,43.86,51.66,52.35,38.64,48.1,25.55,31.26,65.95,27.66,9.06,41.87,24.41,12.37,41.77
6,40.31,39.81,85.04,58.83,50.25,46.39,0.0,87.97,55.15,88.26,25.32,101.36,90.6,15.23,103.77,20.12,57.94,41.11,72.11,20.59,89.87,32.31,58.31,61.61,56.36,58.19,67.05,93.3,23.54,32.31,97.02,53.15,18.25,14.32,49.66,94.64,46.75,70.41,50.25,64.56,74.95,90.82,30.53,58.87,27.29,26.4,65.8,86.0,89.89,93.92,60.3,56.36,44.94,34.66,30.02,32.14,58.41,40.8,77.01,70.04,42.44,29.73,98.35,47.17,90.25,70.46,30.48,48.76,78.82,30.08,93.91,84.01,40.52,43.28,55.9,107.78,38.9,47.1,82.3,41.23,43.42,84.17
7,47.68,52.39,59.68,41.15,89.96,41.59,87.97,0.0,36.24,43.19,64.29,39.0,44.6,73.33,42.01,83.93,77.7,62.64,66.47,69.07,52.39,86.45,56.73,63.01,51.62,79.92,40.22,15.13,89.55,76.9,13.04,92.14,84.15,74.73,73.35,47.8,68.12,18.03,89.96,84.63,52.5,19.1,81.01,32.98,92.07,72.09,30.41,13.04,28.86,17.12,33.02,39.22,45.1,64.13,67.12,55.9,47.01,79.38,62.48,54.45,53.15,78.45,45.4,76.56,11.0,27.02,67.74,56.85,40.22,89.47,29.15,14.32,80.32,56.04,53.04,37.11,60.64,43.08,28.65,56.52,47.93,23.26
8,17.49,16.49,68.01,35.36,73.59,13.45,55.15,36.24,0.0,38.21,30.0,64.5,61.4,42.2,67.6,48.08,67.23,44.82,65.73,39.56,65.92,50.25,26.48,57.25,20.4,69.12,18.36,46.69,53.49,54.82,48.01,76.49,56.46,41.01,59.64,65.8,33.6,22.8,73.59,75.66,57.04,46.86,44.78,25.0,66.65,36.06,31.4,31.26,51.48,48.08,5.39,30.41,23.85,42.45,31.02,24.04,41.0,60.81,65.49,55.44,34.41,55.22,47.2,61.22,42.52,15.52,44.2,22.47,50.8,53.24,54.38,29.15,61.52,38.83,21.59,67.01,41.11,8.06,45.69,37.8,12.17,43.91
9,55.44,49.19,97.8,69.35,111.73,51.62,88.26,43.19,38.21,0.0,63.56,82.1,85.71,77.83,85.15,74.97,104.4,82.81,99.74,76.32,92.57,71.0,33.0,92.78,32.56,106.4,21.47,58.31,78.31,92.96,55.11,114.59,93.3,74.09,97.31,89.45,48.01,46.17,111.73,112.65,88.26,62.03,67.12,58.18,104.01,63.56,61.47,30.15,71.06,60.3,33.24,65.0,61.62,80.66,58.94,60.75,75.66,99.01,97.86,88.24,72.25,93.24,10.2,99.16,54.15,25.55,82.33,40.61,78.34,75.01,72.01,29.02,99.72,76.58,33.38,80.06,79.21,45.0,68.73,75.74,46.65,64.28
10,17.49,14.56,74.73,43.01,57.58,23.26,25.32,64.29,30.0,63.56,0.0,83.55,75.43,14.87,86.31,21.26,58.14,35.06,65.73,15.65,76.85,29.07,36.07,55.11,32.8,59.3,42.15,71.55,27.59,36.4,74.46,60.75,31.11,11.05,49.16,79.81,28.79,47.54,57.58,66.37,63.51,69.97,23.77,39.05,42.45,12.65,46.75,61.13,71.06,72.47,35.06,39.05,26.25,29.02,11.05,9.9,45.18,44.92,68.62,59.62,29.73,35.34,73.54,48.66,68.03,45.18,27.46,26.17,63.41,30.23,74.81,59.08,45.22,32.98,32.65,88.6,31.14,22.02,63.78,30.81,18.11,64.4
11,66.47,76.84,33.24,42.54,82.02,61.62,101.36,39.0,64.5,82.1,83.55,0.0,15.3,86.28,3.16,104.8,66.03,63.57,47.68,80.78,22.85,111.13,89.96,51.04,84.1,68.07,75.58,24.08,111.13,78.16,28.86,83.01,90.62,91.4,66.37,14.76,97.94,42.05,82.02,69.72,34.01,20.1,105.48,44.55,94.37,94.76,36.8,52.01,13.04,22.09,63.98,45.22,57.63,68.54,90.61,73.66,44.01,76.12,41.0,39.01,59.06,80.65,84.21,70.46,28.0,62.36,73.01,86.95,23.77,113.15,10.44,53.08,77.1,59.09,85.43,9.49,64.08,68.01,19.8,60.84,72.8,20.59
12,59.36,71.12,18.36,32.56,67.19,55.47,90.6,44.6,61.4,85.71,75.43,15.3,0.0,75.93,16.0,96.43,51.01,51.0,32.39,70.29,8.49,104.04,87.8,36.35,81.74,53.0,75.43,31.91,102.83,65.0,38.01,68.03,78.29,82.02,51.97,4.47,93.62,41.11,67.19,54.45,19.1,26.42,98.47,38.01,80.99,87.42,30.46,56.75,16.12,30.23,62.17,36.4,49.2,56.6,83.76,65.6,32.2,62.1,25.71,24.33,48.27,67.62,89.5,56.09,34.44,63.03,61.06,83.22,12.04,105.6,17.69,57.27,63.06,47.43,82.97,24.74,52.15,63.16,17.03,49.41,67.54,21.59
13,26.02,28.65,71.61,43.83,44.91,32.0,15.23,73.33,42.2,77.83,14.87,86.28,75.93,0.0,88.75,24.52,48.51,28.18,59.93,5.66,75.69,36.06,50.91,49.19,47.63,49.25,56.36,78.16,30.36,24.08,82.0,48.05,16.28,9.0,39.62,80.06,42.54,55.58,44.91,56.14,61.07,75.61,32.06,43.66,27.66,23.09,50.57,72.25,74.71,78.75,47.54,41.18,29.73,21.47,24.19,18.25,43.86,33.06,64.14,56.4,27.66,22.36,87.66,38.12,75.19,57.72,18.03,41.01,64.03,35.51,78.71,70.35,33.14,29.07,47.51,92.59,25.24,34.21,67.12,26.91,31.38,68.94
14,69.31,79.81,33.24,44.94,83.15,64.54,103.77,42.01,67.6,85.15,86.31,3.16,16.0,88.75,0.0,107.56,67.01,65.55,48.26,83.22,22.8,114.02,93.11,52.24,87.24,69.0,78.75,27.02,113.9,80.01,31.58,84.02,92.7,94.02,67.74,14.56,101.02,45.19,83.15,70.35,35.06,23.19,108.37,47.38,96.17,97.62,39.6,55.04,16.12,25.02,67.12,47.8,60.31,70.68,93.51,76.42,46.1,77.67,41.44,40.2,61.4,82.54,87.14,71.85,31.02,65.52,75.15,90.05,25.63,116.0,13.6,56.14,78.64,61.27,88.57,10.0,66.21,71.03,22.67,63.06,75.8,23.71
15,38.6,31.62,94.51,63.89,68.12,44.1,20.12,83.93,48.08,74.97,21.26,104.8,96.43,24.52,107.56,0.0,72.99,52.2,83.93,29.41,97.42,12.37,42.72,73.16,42.43,73.68,55.04,92.28,6.4,48.09,94.81,71.18,36.5,15.81,64.13,100.77,29.07,68.0,68.12,80.5,83.53,90.97,10.63,60.31,46.84,12.17,68.01,79.08,92.31,93.3,52.39,60.14,47.38,45.54,17.26,31.14,65.46,57.08,87.66,79.26,49.4,46.01,85.16,62.51,88.59,61.81,42.45,34.37,84.39,11.05,96.05,76.9,57.04,51.88,41.59,109.81,48.85,40.85,85.04,49.65,36.06,85.6
16,52.55,64.56,36.4,37.01,16.49,54.12,57.94,77.7,67.23,104.4,58.14,66.03,51.01,48.51,67.01,72.99,0.0,23.77,19.92,44.1,45.54,84.48,88.87,15.52,83.57,2.24,85.59,72.8,78.64,25.63,78.92,17.03,40.25,57.43,9.0,53.24,86.15,62.48,16.49,8.54,32.02,67.68,80.16,47.38,36.8,70.0,47.43,84.5,60.42,72.11,71.56,40.31,43.42,29.15,69.18,52.17,30.81,17.49,26.93,27.17,33.11,28.23,112.16,10.77,72.5,79.03,31.02,80.08,43.74,84.01,64.13,83.63,18.03,28.64,84.15,75.17,27.89,62.65,54.41,30.08,63.91,59.46
17,29.07,40.8,43.93,23.0,29.07,31.4,41.11,62.64,44.82,82.81,35.06,63.57,51.0,28.18,65.55,52.2,23.77,0.0,31.78,22.85,49.2,62.82,65.19,21.02,60.01,25.3,63.01,62.07,58.31,15.03,67.36,31.83,27.29,36.4,15.23,54.71,62.51,45.31,29.07,32.28,34.06,58.01,58.05,29.73,31.26,47.38,33.24,66.65,53.94,62.01,49.58,23.54,21.21,6.71,46.01,28.44,19.65,17.0,36.06,29.0,10.63,17.26,91.24,16.4,60.41,58.05,10.63,56.32,39.92,62.94,58.05,65.37,17.89,6.71,60.54,71.31,4.12,39.45,46.53,7.07,40.31,50.09
18,55.0,68.01,16.49,30.68,36.4,54.33,72.11,66.47,65.73,99.74,65.73,47.68,32.39,59.93,48.26,83.93,19.92,31.78,0.0,54.63,26.02,94.25,90.55,10.77,84.72,21.59,83.52,58.52,90.08,41.04,64.9,36.67,55.97,68.15,24.21,34.01,91.14,54.38,36.4,22.09,14.76,53.0,89.29,41.79,55.0,78.34,38.59,75.6,44.28,57.45,68.96,35.44,44.05,38.48,76.3,57.56,24.74,35.0,7.07,12.04,36.35,43.86,106.17,28.02,59.2,74.32,42.06,83.05,27.78,94.58,47.54,75.21,35.81,32.76,85.59,57.07,35.11,63.39,39.66,34.93,66.07,45.22
19,22.56,27.66,66.03,38.28,42.06,28.28,20.59,69.07,39.56,76.32,15.65,80.78,70.29,5.66,83.22,29.41,44.1,22.85,54.63,0.0,70.04,40.45,51.22,43.86,47.38,45.01,54.92,73.25,35.47,20.88,77.28,45.22,17.0,13.6,35.13,74.41,44.38,51.16,42.06,52.0,55.44,70.52,36.06,38.6,27.8,26.17,45.31,68.73,69.32,73.76,44.94,35.78,24.74,16.16,26.25,15.65,38.21,29.61,58.67,50.8,22.02,19.7,85.96,34.01,70.41,55.03,13.15,41.4,58.41,40.26,73.35,66.91,29.83,23.43,47.42,87.21,19.72,31.78,61.72,21.26,29.68,63.69
20,61.74,74.09,10.44,34.0,61.98,58.52,89.87,52.39,65.92,92.57,76.85,22.85,8.49,75.69,22.8,97.42,45.54,49.2,26.02,70.04,0.0,105.82,92.4,31.95,86.31,47.38,81.02,40.22,103.81,62.27,46.4,62.51,76.28,82.46,47.76,8.25,97.08,47.1,61.98,48.01,15.26,34.67,100.34,41.48,77.82,89.19,34.53,64.2,24.41,38.6,67.27,38.48,51.0,55.32,85.88,67.23,32.02,58.31,19.0,20.59,48.27,65.0,96.84,51.87,42.54,69.12,59.67,87.09,15.13,107.07,26.17,64.56,59.24,46.67,87.48,32.31,50.99,66.76,24.04,48.8,70.84,29.15
21,44.82,34.83,103.79,71.87,80.31,49.52,32.31,86.45,50.25,71.0,29.07,111.13,104.04,36.06,114.02,12.37,84.48,62.82,94.25,40.45,105.82,0.0,38.0,83.52,39.46,85.29,52.95,96.4,9.9,60.0,98.18,83.38,48.84,27.07,75.54,108.47,23.02,72.01,80.31,92.2,92.57,95.78,5.66,66.71,59.2,16.64,74.52,79.85,98.31,97.62,53.67,67.68,54.92,56.29,20.52,38.59,74.24,69.0,97.5,88.64,58.69,58.03,81.02,74.17,92.42,62.03,53.6,31.78,92.09,4.12,101.82,77.62,69.01,61.68,38.33,115.31,59.2,44.2,91.35,59.46,39.2,91.22
22,36.4,24.6,94.19,61.0,91.79,36.22,58.31,56.73,26.48,33.0,36.07,89.96,87.8,50.91,93.11,42.72,88.87,65.19,90.55,51.22,92.4,38.0,0.0,81.22,6.08,90.48,17.2,69.89,45.54,71.02,69.66,94.89,67.18,45.0,80.41,92.18,15.03,47.93,91.79,97.41,83.05,71.2,34.23,51.24,78.52,32.2,57.87,46.86,77.08,71.56,26.0,56.0,46.69,60.84,28.3,37.59,66.12,78.77,91.05,81.02,56.04,70.46,43.05,81.02,65.46,29.73,60.9,9.9,77.28,42.01,79.62,44.69,79.26,60.44,5.0,91.42,61.1,27.17,71.78,58.82,25.0,69.46
23,45.18,58.08,24.41,23.6,31.0,45.12,61.61,63.01,57.25,92.78,55.11,51.04,36.35,49.19,52.24,73.16,15.52,21.02,10.77,43.86,31.95,83.52,81.22,0.0,75.5,17.72,75.39,57.38,79.31,31.24,63.56,32.14,45.97,57.38,15.81,39.05,81.01,48.84,31.0,21.63,17.26,52.2,78.59,34.67,46.14,67.68,33.24,70.71,44.91,56.65,60.93,27.78,34.53,27.73,65.76,47.17,17.2,26.4,15.56,12.04,26.02,34.06,99.86,19.92,57.25,67.23,31.38,73.33,28.28,83.82,48.66,70.04,27.31,22.2,76.3,60.01,24.35,54.13,38.9,24.33,56.44,44.01
24,31.02,20.0,88.14,55.01,87.13,30.41,56.36,51.62,20.4,32.56,32.8,84.1,81.74,47.63,87.24,42.43,83.57,60.01,84.72,47.38,86.31,39.46,6.08,75.5,0.0,85.23,13.6,64.4,46.01,66.61,64.44,90.21,63.78,42.54,75.24,86.13,17.46,42.05,87.13,92.11,77.03,65.51,35.06,45.18,75.01,31.05,51.79,42.44,71.18,66.03,20.12,50.01,41.0,55.95,26.57,33.02,60.21,74.09,85.09,75.06,50.6,66.22,42.76,76.03,60.0,24.84,56.3,8.06,71.2,43.29,73.79,40.22,74.63,55.03,1.41,85.76,55.95,21.38,65.79,53.49,19.7,63.56
25,54.23,66.1,38.08,39.2,14.87,55.95,58.19,79.92,69.12,106.4,59.3,68.07,53.0,49.25,69.0,73.68,2.24,25.3,21.59,45.01,47.38,85.29,90.48,17.72,85.23,0.0,87.46,75.03,79.25,25.96,81.15,15.13,40.31,58.22,10.2,55.15,87.48,64.66,14.87,7.07,34.06,69.89,81.06,49.52,36.24,71.03,49.65,86.68,62.59,74.33,73.5,42.45,45.28,30.41,70.35,53.6,33.02,17.46,28.64,29.27,34.89,28.46,114.21,11.18,74.73,81.06,32.02,81.61,45.89,84.72,66.29,85.8,17.89,30.41,85.8,77.23,29.41,64.4,56.61,31.78,65.55,61.68
26,34.66,27.73,84.38,52.89,91.55,31.62,67.05,40.22,18.36,21.47,42.15,75.58,75.43,56.36,78.75,55.04,85.59,63.01,83.52,54.92,81.02,52.95,17.2,75.39,13.6,87.46,0.0,54.12,59.08,72.14,53.25,94.49,71.87,52.81,77.94,79.63,31.02,34.37,91.55,94.02,73.82,56.08,48.37,41.98,82.66,43.19,47.17,29.73,63.06,55.9,14.56,48.08,42.19,60.21,38.33,39.41,58.82,78.64,82.76,72.78,52.7,72.25,31.38,79.4,49.65,13.42,61.52,21.21,66.0,56.72,65.15,27.59,79.31,57.14,14.87,76.06,59.2,24.04,58.69,56.04,25.24,55.54
27,54.13,61.61,48.84,39.12,86.83,48.3,93.3,15.13,46.69,58.31,71.55,24.08,31.91,78.16,27.02,92.28,72.8,62.07,58.52,73.25,40.22,96.4,69.89,57.38,64.4,75.03,54.12,0.0,98.27,77.03,6.4,88.6,86.58,81.15,70.09,34.44,79.98,24.41,86.83,78.72,43.83,5.66,90.8,34.71,93.01,80.99,29.02,28.16,15.81,2.0,44.69,39.05,48.51,65.07,76.28,62.24,43.74,77.78,53.41,47.01,54.15,79.0,60.13,73.76,4.47,40.71,69.18,68.68,30.81,99.05,14.87,29.43,78.77,56.0,65.8,22.14,61.01,52.2,18.87,57.04,57.2,13.42
28,44.82,37.16,100.85,70.29,73.0,50.22,23.54,89.55,53.49,78.31,27.59,111.13,102.83,30.36,113.9,6.4,78.64,58.31,90.08,35.47,103.81,9.9,45.54,79.31,46.01,79.25,59.08,98.27,0.0,53.46,100.65,76.01,41.05,21.93,69.86,107.17,31.05,73.93,73.0,85.99,89.89,97.08,11.4,66.6,50.8,17.46,74.33,84.2,98.6,99.32,57.57,66.53,53.76,51.62,22.47,37.48,71.85,62.39,93.91,85.59,55.76,51.24,88.46,68.07,94.51,66.71,48.38,38.0,90.79,6.71,102.3,82.01,62.29,58.18,45.04,116.04,55.04,46.52,91.35,55.95,41.63,91.83
29,37.54,46.62,55.61,38.01,21.19,41.62,32.31,76.9,54.82,92.96,36.4,78.16,65.0,24.08,80.01,48.09,25.63,15.03,41.04,20.88,62.27,60.0,71.02,31.24,66.61,25.96,72.14,77.03,53.46,0.0,82.22,24.35,15.0,33.06,17.49,68.45,65.19,59.2,21.19,32.56,47.01,73.03,56.14,43.93,16.28,46.87,48.09,79.85,68.88,77.0,60.0,38.21,33.11,13.0,47.13,33.6,34.53,9.0,46.75,41.68,23.77,2.83,102.0,14.87,75.24,69.34,10.63,61.4,54.41,59.14,72.99,78.39,9.06,21.1,66.85,86.12,16.28,48.1,61.52,20.4,47.51,65.12
30,57.25,63.63,55.17,44.55,92.72,51.26,97.02,13.04,48.01,55.11,74.46,28.86,38.01,82.0,31.58,94.81,78.92,67.36,64.9,77.28,46.4,98.18,69.66,63.56,64.44,81.15,53.25,6.4,100.65,82.22,0.0,94.56,91.2,84.43,75.96,40.31,80.66,26.93,92.72,84.97,50.22,12.04,92.65,39.12,98.05,83.24,34.13,25.3,22.02,7.81,45.34,44.05,52.61,70.01,78.39,65.46,49.48,83.36,59.82,53.34,59.0,84.1,56.01,79.56,7.0,40.0,74.01,69.35,37.2,101.02,20.59,26.93,84.34,61.13,65.86,25.08,66.07,54.2,25.24,62.03,59.17,19.72
31,60.0,70.33,53.15,50.99,3.16,63.03,53.15,92.14,76.49,114.59,60.75,83.01,68.03,48.05,84.02,71.18,17.03,31.83,36.67,45.22,62.51,83.38,94.89,32.14,90.21,15.13,94.49,88.6,76.01,24.35,94.56,0.0,35.01,56.89,18.79,70.26,89.54,75.8,3.16,16.64,49.0,83.68,79.91,60.21,27.2,71.06,61.74,97.64,76.94,88.06,81.34,53.34,53.04,34.41,71.47,57.31,45.31,16.12,43.74,44.05,42.45,25.71,123.07,15.81,87.92,89.87,34.0,85.42,60.41,82.1,80.75,96.52,15.65,38.29,90.55,92.09,35.38,70.6,70.61,38.9,70.72,75.43
32,39.22,44.41,70.18,48.76,32.06,44.64,18.25,84.15,56.46,93.3,31.11,90.62,78.29,16.28,92.7,36.5,40.25,27.29,55.97,17.0,76.28,48.84,67.18,45.97,63.78,40.31,71.87,86.58,41.05,15.0,91.2,35.01,0.0,23.71,32.45,81.99,58.52,66.12,32.06,46.49,61.03,83.19,45.88,52.09,11.4,38.47,57.71,84.93,80.36,86.83,61.85,47.68,39.05,22.14,40.22,32.65,46.62,22.85,61.52,55.8,32.56,12.21,102.96,29.53,84.21,71.87,17.72,57.28,67.12,47.27,84.48,83.2,22.47,31.62,63.7,98.03,26.57,48.75,72.8,30.08,46.65,75.71
33,27.2,25.5,79.08,49.52,53.76,33.24,14.32,74.73,41.01,74.09,11.05,91.4,82.02,9.0,94.02,15.81,57.43,36.4,68.15,13.6,82.46,27.07,45.0,57.38,42.54,58.22,52.81,81.15,21.93,33.06,84.43,56.89,23.71,0.0,48.51,86.28,35.0,57.57,53.76,65.12,68.24,79.16,23.09,47.51,34.99,14.76,54.92,72.06,79.32,81.94,46.1,46.23,33.84,29.73,16.97,18.97,50.45,42.05,72.01,63.81,34.21,31.26,84.15,47.1,77.83,56.22,26.68,35.23,70.01,26.68,83.22,70.03,42.11,36.36,42.19,97.1,33.11,33.0,71.85,34.13,29.15,73.06
34,44.28,55.97,39.82,32.2,16.76,46.32,49.66,73.35,59.64,97.31,49.16,66.37,51.97,39.62,67.74,64.13,9.0,15.23,24.21,35.13,47.76,75.54,80.41,15.81,75.24,10.2,77.94,70.09,69.86,17.49,75.96,18.79,32.45,48.51,0.0,54.82,77.28,57.14,16.76,17.26,32.98,65.31,71.18,41.62,30.81,61.0,42.95,79.06,59.14,69.63,64.2,34.67,35.81,20.22,60.21,43.42,26.57,10.82,30.53,27.66,25.24,20.25,105.42,4.12,69.26,72.18,22.02,71.47,43.01,75.13,63.07,78.01,11.66,20.81,75.77,75.11,19.31,54.59,52.47,21.95,55.54,57.07
35,63.81,75.59,18.68,36.88,69.58,59.94,94.64,47.8,65.8,89.45,79.81,14.76,4.47,80.06,14.56,100.77,53.24,54.71,34.01,74.41,8.25,108.47,92.18,39.05,86.13,55.15,79.63,34.44,107.17,68.45,40.31,70.26,81.99,86.28,54.82,0.0,98.09,45.28,69.58,56.08,21.84,29.15,102.9,42.49,84.31,91.84,34.93,60.21,18.97,32.65,66.49,40.8,53.6,60.46,88.2,70.0,36.24,65.15,27.07,27.2,52.4,71.11,92.96,58.94,37.34,67.12,64.9,87.66,16.4,110.0,19.72,60.83,66.1,51.4,87.36,24.17,56.04,67.62,21.02,53.41,72.01,25.18
36,36.35,23.35,97.29,63.79,86.38,38.6,46.75,68.12,33.6,48.01,28.79,97.94,93.62,42.54,101.02,29.07,86.15,62.51,91.14,44.38,97.08,23.02,15.03,81.01,17.46,87.48,31.02,79.98,31.05,65.19,80.66,89.54,58.52,35.0,77.28,98.09,0.0,56.4,86.38,94.54,85.91,80.43,19.65,55.71,69.89,20.52,63.16,59.68,84.91,81.47,35.36,58.94,47.52,57.07,18.36,34.13,67.9,73.68,92.78,83.02,55.0,64.08,58.01,77.13,75.69,41.88,56.04,11.31,82.28,27.07,87.92,57.45,74.0,59.03,16.16,100.6,58.42,30.46,78.77,57.08,26.25,77.39
37,30.36,37.2,51.66,25.5,73.43,24.35,70.41,18.03,22.8,46.17,47.54,42.05,41.11,55.58,45.19,68.0,62.48,45.31,54.38,51.16,47.1,72.01,47.93,48.84,42.05,64.66,34.37,24.41,73.93,59.2,26.93,75.8,66.12,57.57,57.14,45.28,56.4,0.0,73.43,70.04,42.15,24.08,66.4,15.65,74.15,56.6,15.81,22.02,29.15,25.61,21.93,22.47,27.07,46.32,51.87,38.6,31.83,62.24,51.89,42.54,35.44,60.64,51.88,60.03,20.59,22.02,49.82,45.22,32.39,74.63,31.76,21.21,63.16,38.63,43.38,44.2,43.01,27.8,24.33,38.9,32.8,21.54
38,57.01,67.23,52.89,48.85,0.0,60.14,50.25,89.96,73.59,111.73,57.58,82.02,67.19,44.91,83.15,68.12,16.49,29.07,36.4,42.06,61.98,80.31,91.79,31.0,87.13,14.87,91.55,86.83,73.0,21.19,92.72,3.16,32.06,53.76,16.76,69.58,86.38,73.43,0.0,17.69,48.09,82.0,76.79,57.8,24.7,67.91,59.62,95.19,75.54,86.35,78.49,51.0,50.25,31.4,68.31,54.2,43.32,13.04,43.42,43.01,39.7,22.56,120.28,13.42,86.02,87.11,30.89,82.3,59.14,79.06,79.4,94.03,12.53,35.61,87.46,91.01,32.53,67.62,69.05,36.12,67.68,73.76
39,61.1,73.08,38.05,44.55,17.69,62.61,64.56,84.63,75.66,112.65,66.37,69.72,54.45,56.14,70.35,80.5,8.54,32.28,22.09,52.0,48.01,92.2,97.41,21.63,92.11,7.07,94.02,78.72,85.99,32.56,84.97,16.64,46.49,65.12,17.26,56.08,94.54,70.04,17.69,0.0,36.14,73.41,88.02,55.23,41.34,78.06,54.67,92.02,65.46,77.88,79.92,48.17,51.88,37.48,77.41,60.64,38.21,23.77,29.02,31.95,41.63,34.93,120.25,18.03,78.77,87.2,39.05,88.6,48.7,91.55,68.96,91.24,24.04,37.16,92.7,79.08,36.4,71.18,60.01,38.63,72.45,65.31
40,49.73,62.59,11.4,22.2,48.09,47.52,74.95,52.5,57.04,88.26,63.51,34.01,19.1,61.07,35.06,83.53,32.02,34.06,14.76,55.44,15.26,92.57,83.05,17.26,77.03,34.06,73.82,43.83,89.89,47.01,50.22,49.0,61.03,68.24,32.98,21.84,85.91,42.15,48.09,36.14,0.0,38.28,87.24,32.06,62.65,76.06,26.93,62.43,29.55,42.72,59.41,27.17,38.6,40.31,73.16,54.23,18.38,43.32,10.0,5.39,34.13,49.74,93.94,37.11,44.69,63.32,44.6,76.66,13.04,93.54,32.89,62.27,44.27,32.02,78.06,43.19,36.07,56.32,25.0,34.21,59.84,30.61
41,52.48,60.96,43.19,35.01,82.0,46.87,90.82,19.1,46.86,62.03,69.97,20.1,26.42,75.61,23.19,90.97,67.68,58.01,53.0,70.52,34.67,95.78,71.2,52.2,65.51,69.89,56.08,5.66,97.08,73.03,12.04,83.68,83.19,79.16,65.31,29.15,80.43,24.08,82.0,73.41,38.28,0.0,90.14,31.95,89.14,80.0,25.5,32.02,10.3,4.47,45.49,35.51,45.88,61.4,75.43,60.42,39.2,73.33,47.8,41.59,50.64,75.11,64.5,69.05,8.25,42.72,65.62,69.2,25.24,98.23,10.05,33.02,74.33,52.15,66.89,20.25,57.22,51.66,13.42,53.34,56.64,8.25
42,39.2,29.21,98.49,66.37,76.79,43.86,30.53,81.01,44.78,67.12,23.77,105.48,98.47,32.06,108.37,10.63,80.16,58.05,89.29,36.06,100.34,5.66,34.23,78.59,35.06,81.06,48.37,90.8,11.4,56.14,92.65,79.91,45.88,23.09,71.18,102.9,19.65,66.4,76.79,88.02,87.24,90.14,0.0,61.07,56.65,11.18,68.88,74.67,92.66,92.01,48.33,62.13,49.4,51.62,14.87,33.12,68.88,65.12,92.36,83.38,53.49,54.33,77.23,70.01,86.84,56.92,49.16,27.17,86.53,8.54,96.17,72.45,65.19,56.61,34.01,109.66,54.34,38.6,85.7,54.41,33.6,85.56
43,21.93,33.12,43.01,11.18,57.8,17.49,58.87,32.98,25.0,58.18,39.05,44.55,38.01,43.66,47.38,60.31,47.38,29.73,41.79,38.6,41.48,66.71,51.24,34.67,45.18,49.52,41.98,34.71,66.6,43.93,39.12,60.21,52.09,47.51,41.62,42.49,55.71,15.65,57.8,55.23,32.06,31.95,61.07,0.0,59.3,50.25,7.81,37.44,32.02,35.17,27.46,7.07,13.93,31.26,46.23,29.21,17.49,46.62,40.79,30.81,20.22,45.54,65.22,44.42,32.14,32.65,35.06,45.61,26.57,68.62,35.81,36.4,47.54,23.09,46.27,49.65,27.66,25.3,24.76,23.54,29.55,25.55
44,49.19,55.44,70.49,54.15,24.7,54.23,27.29,92.07,66.65,104.01,42.45,94.37,80.99,27.66,96.17,46.84,36.8,31.26,55.0,27.8,77.82,59.2,78.52,46.14,75.01,36.24,82.66,93.01,50.8,16.28,98.05,27.2,11.4,34.99,30.81,84.31,69.89,74.15,24.7,41.34,62.65,89.14,56.65,59.3,0.0,49.74,64.0,93.96,85.16,93.05,72.01,54.01,47.3,28.07,51.61,43.27,50.8,20.0,61.29,57.27,39.12,14.04,113.53,27.02,91.05,81.86,24.33,68.62,70.6,57.27,89.27,92.35,19.21,37.01,74.97,102.39,32.0,59.17,77.78,36.01,57.43,81.3
45,28.32,19.7,87.32,55.23,67.91,33.3,26.4,72.09,36.06,63.56,12.65,94.76,87.42,23.09,97.62,12.17,70.0,47.38,78.34,26.17,89.19,16.64,32.2,67.68,31.05,71.03,43.19,80.99,17.46,46.87,83.24,71.06,38.47,14.76,61.0,91.84,20.52,56.6,67.91,78.06,76.06,80.0,11.18,50.25,49.74,0.0,58.05,66.94,82.04,82.1,40.26,51.04,38.28,41.11,5.1,21.95,57.7,55.73,81.27,72.24,42.38,45.35,73.76,60.13,77.18,49.65,39.01,23.09,75.45,18.38,85.63,64.76,55.9,45.61,30.36,99.25,43.57,29.07,74.97,43.42,24.17,75.07
46,29.73,40.82,37.22,10.77,59.62,25.24,65.8,30.41,31.4,61.47,46.75,36.8,30.46,50.57,39.6,68.01,47.43,33.24,38.59,45.31,34.53,74.52,57.87,33.24,51.79,49.65,47.17,29.02,74.33,48.09,34.13,61.74,57.71,54.92,42.95,34.93,63.16,15.81,59.62,54.67,26.93,25.5,68.88,7.81,64.0,58.05,0.0,37.48,24.41,29.15,33.0,10.05,21.1,36.06,54.04,36.88,16.64,49.48,36.4,26.83,25.18,50.01,67.6,46.24,27.17,36.4,40.2,52.81,19.42,76.42,28.3,36.88,50.45,27.02,52.95,42.19,32.0,32.7,17.03,28.02,37.12,18.38
47,46.27,47.68,70.68,47.51,95.19,40.45,86.0,13.04,31.26,30.15,61.13,52.01,56.75,72.25,55.04,79.08,84.5,66.65,75.6,68.73,64.2,79.85,46.86,70.71,42.44,86.68,29.73,28.16,84.2,79.85,25.3,97.64,84.93,72.06,79.06,60.21,59.68,22.02,95.19,92.02,62.43,32.02,74.67,37.44,93.96,66.94,37.48,0.0,41.44,30.15,26.68,44.41,46.82,66.85,61.85,54.08,53.81,83.65,72.4,63.6,56.36,80.99,32.76,81.84,24.02,17.89,69.89,48.76,50.99,83.22,42.05,2.24,84.53,59.94,43.83,50.01,63.98,39.12,40.16,59.93,43.42,35.17
48,53.81,63.89,33.24,31.62,75.54,48.8,89.89,28.86,51.48,71.06,71.06,13.04,16.12,74.71,16.12,92.31,60.42,53.94,44.28,69.32,24.41,98.31,77.08,44.91,71.18,62.59,63.06,15.81,98.6,68.88,22.02,76.94,80.36,79.32,59.14,18.97,84.91,29.15,75.54,65.46,29.55,10.3,92.66,32.02,85.16,82.04,24.41,41.44,0.0,14.21,51.08,33.54,45.49,58.24,77.79,61.22,34.37,68.03,38.59,33.53,48.1,71.2,74.15,63.07,18.38,50.01,62.64,73.93,16.76,100.42,4.12,42.19,69.03,48.76,72.5,17.89,53.85,55.0,7.62,50.29,59.82,7.62
49,55.01,62.8,47.38,39.01,86.35,49.24,93.92,17.12,48.08,60.3,72.47,22.09,30.23,78.75,25.02,93.3,72.11,62.01,57.45,73.76,38.6,97.62,71.56,56.65,66.03,74.33,55.9,2.0,99.32,77.0,7.81,88.06,86.83,81.94,69.63,32.65,81.47,25.61,86.35,77.88,42.72,4.47,92.01,35.17,93.05,82.1,29.15,30.15,14.21,0.0,46.23,39.2,49.04,65.19,77.42,63.07,43.42,77.52,52.2,46.07,54.33,79.03,62.13,73.35,6.32,42.49,69.35,70.18,29.68,100.21,13.0,31.4,78.52,56.04,67.42,20.25,61.07,53.41,17.89,57.14,58.41,12.65
50,22.83,21.1,70.11,38.33,78.49,18.44,60.3,33.02,5.39,33.24,35.06,63.98,62.17,47.54,67.12,52.39,71.56,49.58,68.96,44.94,67.27,53.67,26.0,60.93,20.12,73.5,14.56,44.69,57.57,60.0,45.34,81.34,61.85,46.1,64.2,66.49,35.36,21.93,78.49,79.92,59.41,45.49,48.33,27.46,72.01,40.26,33.0,26.68,51.08,46.23,0.0,33.53,28.43,47.51,35.17,29.41,44.27,65.8,68.25,58.25,39.05,60.46,42.01,65.95,40.36,10.2,49.41,24.04,52.15,56.86,53.67,24.52,66.53,43.42,21.47,65.73,45.97,13.34,45.88,42.52,17.0,43.46
51,23.26,35.74,38.47,5.0,51.0,20.4,56.36,39.22,30.41,65.0,39.05,45.22,36.4,41.18,47.8,60.14,40.31,23.54,35.44,35.78,38.48,67.68,56.0,27.78,50.01,42.45,48.08,39.05,66.53,38.21,44.05,53.34,47.68,46.23,34.67,40.8,58.94,22.47,51.0,48.17,27.17,35.51,62.13,7.07,54.01,51.04,10.05,44.41,33.54,39.2,33.53,0.0,12.81,26.02,47.51,29.21,10.77,40.16,35.13,25.08,15.13,40.05,72.2,37.59,37.05,39.45,30.15,49.5,24.41,69.2,37.58,43.42,41.11,17.12,51.0,51.43,22.02,29.15,25.94,18.0,32.76,28.16
52,11.18,24.19,50.0,17.0,50.25,10.77,44.94,45.1,23.85,61.62,26.25,57.63,49.2,29.73,60.31,47.38,43.42,21.21,44.05,24.74,51.0,54.92,46.69,34.53,41.0,45.28,42.19,48.51,53.76,33.11,52.61,53.04,39.05,33.84,35.81,53.6,47.52,27.07,50.25,51.88,38.6,45.88,49.4,13.93,47.3,38.28,21.1,46.82,45.49,49.04,28.43,12.81,0.0,20.12,34.89,16.4,20.4,37.8,45.28,35.51,10.63,34.18,70.04,37.54,45.71,36.88,23.09,39.01,37.2,56.4,49.4,45.31,38.6,15.0,41.77,63.29,17.8,19.65,38.01,14.14,22.02,39.36
53,25.61,36.25,50.45,26.68,31.4,29.07,34.66,64.13,42.45,80.66,29.02,68.54,56.6,21.47,70.68,45.54,29.15,6.71,38.48,16.16,55.32,56.29,60.84,27.73,55.95,30.41,60.21,65.07,51.62,13.0,70.01,34.41,22.14,29.73,20.22,60.46,57.07,46.32,31.4,37.48,40.31,61.4,51.62,31.26,28.07,41.11,36.06,66.85,58.24,65.19,47.51,26.02,20.12,0.0,40.05,23.41,24.6,18.44,42.72,35.38,11.05,14.32,89.5,20.25,63.01,56.61,4.47,51.62,45.18,56.32,62.36,65.39,19.1,9.49,56.36,75.89,4.47,36.24,50.7,8.06,36.36,53.76
54,24.41,14.76,84.5,51.88,68.31,29.0,30.02,67.12,31.02,58.94,11.05,90.61,83.76,24.19,93.51,17.26,69.18,46.01,76.3,26.25,85.88,20.52,28.3,65.76,26.57,70.35,38.33,76.28,22.47,47.13,78.39,71.47,40.22,16.97,60.21,88.2,18.36,51.87,68.31,77.41,73.16,75.43,14.87,46.23,51.61,5.1,54.04,61.85,77.79,77.42,35.17,47.51,34.89,40.05,0.0,18.97,54.78,55.79,78.85,69.57,40.02,45.88,69.12,59.68,72.4,44.55,38.47,18.79,71.87,22.8,81.32,59.67,56.04,43.57,26.0,94.85,42.05,24.19,70.84,41.44,19.24,70.72
55,8.25,13.04,65.55,33.29,54.2,14.32,32.14,55.9,24.04,60.75,9.9,73.66,65.6,18.25,76.42,31.14,52.17,28.44,57.56,15.65,67.23,38.59,37.59,47.17,33.02,53.6,39.41,62.24,37.48,33.6,65.46,57.31,32.65,18.97,43.42,70.0,34.13,38.6,54.2,60.64,54.23,60.42,33.12,29.21,43.27,21.95,36.88,54.08,61.22,63.07,29.41,29.21,16.4,23.41,18.97,0.0,35.85,41.18,59.91,50.6,21.21,33.3,70.33,43.66,58.87,39.56,23.32,28.23,53.6,40.0,65.0,52.15,41.68,25.02,33.29,78.82,24.33,16.16,53.91,23.0,14.21,54.64
56,31.58,44.55,29.73,6.4,43.32,30.0,58.41,47.01,41.0,75.66,45.18,44.01,32.2,43.86,46.1,65.46,30.81,19.65,24.74,38.21,32.02,74.24,66.12,17.2,60.21,33.02,58.82,43.74,71.85,34.53,49.48,45.31,46.62,50.45,26.57,36.24,67.9,31.83,43.32,38.21,18.38,39.2,68.88,17.49,50.8,57.7,16.64,53.81,34.37,43.42,44.27,10.77,20.4,24.6,54.78,35.85,0.0,34.13,25.02,15.13,16.28,36.88,82.66,30.08,42.72,50.12,29.07,59.08,20.59,75.29,38.47,53.04,35.13,15.26,61.13,51.66,20.12,39.01,27.07,17.2,42.11,31.06
57,44.05,54.2,50.61,38.83,13.04,47.38,40.8,79.38,60.81,99.01,44.92,76.12,62.1,33.06,77.67,57.08,17.49,17.0,35.0,29.61,58.31,69.0,78.77,26.4,74.09,17.46,78.64,77.78,62.39,9.0,83.36,16.12,22.85,42.05,10.82,65.15,73.68,62.24,13.04,23.77,43.32,73.33,65.12,46.62,20.0,55.73,49.48,83.65,68.03,77.52,65.8,40.16,37.8,18.44,55.79,41.18,34.13,0.0,41.34,37.95,27.46,11.18,107.71,7.07,76.49,74.65,17.89,69.32,52.47,68.12,72.06,82.37,1.0,23.71,74.43,84.59,20.0,54.67,61.01,23.85,54.64,65.19
58,56.44,69.46,9.49,30.15,43.42,55.01,77.01,62.48,65.49,97.86,68.62,41.0,25.71,64.14,41.44,87.66,26.93,36.06,7.07,58.67,19.0,97.5,91.05,15.56,85.09,28.64,82.76,53.41,93.91,46.75,59.82,43.74,61.52,72.01,30.53,27.07,92.78,51.89,43.42,29.02,10.0,47.8,92.36,40.79,61.29,81.27,36.4,72.4,38.59,52.2,68.25,35.13,45.28,42.72,78.85,59.91,25.02,41.34,0.0,10.05,38.9,49.58,103.75,34.48,54.49,72.73,46.62,84.1,22.67,98.09,41.59,72.2,42.19,35.85,86.05,50.45,38.95,64.0,34.71,38.08,67.12,40.36
59,46.69,59.68,15.26,20.1,43.01,45.04,70.04,54.45,55.44,88.24,59.62,39.01,24.33,56.4,40.2,79.26,27.17,29.0,12.04,50.8,20.59,88.64,81.02,12.04,75.06,29.27,72.78,47.01,85.59,41.68,53.34,44.05,55.8,63.81,27.66,27.2,83.02,42.54,43.01,31.95,5.39,41.59,83.38,30.81,57.27,72.24,26.83,63.6,33.53,46.07,58.25,25.08,35.51,35.38,69.57,50.6,15.13,37.95,10.05,0.0,29.97,44.42,94.41,31.78,47.43,62.97,39.6,74.17,16.76,89.44,37.11,63.25,38.9,27.46,76.03,48.04,31.24,54.01,28.18,29.68,57.22,33.62
60,19.65,32.25,45.18,16.55,39.7,21.1,42.44,53.15,34.41,72.25,29.73,59.06,48.27,27.66,61.4,49.4,33.11,10.63,36.35,22.02,48.27,58.69,56.04,26.02,50.6,34.89,52.7,54.15,55.76,23.77,59.0,42.45,32.56,34.21,25.24,52.4,55.0,35.44,39.7,41.63,34.13,50.64,53.49,20.22,39.12,42.38,25.18,56.36,48.1,54.33,39.05,15.13,10.63,11.05,40.02,21.21,16.28,27.46,38.9,29.97,0.0,25.32,80.62,26.91,52.0,47.42,15.03,47.68,36.4,59.48,52.2,55.01,28.3,4.47,51.24,65.92,7.62,29.55,40.5,3.61,31.05,43.17
61,37.8,46.23,58.41,40.11,22.56,42.19,29.73,78.45,55.22,93.24,35.34,80.65,67.62,22.36,82.54,46.01,28.23,17.26,43.86,19.7,65.0,58.03,70.46,34.06,66.22,28.46,72.25,79.0,51.24,2.83,84.1,25.71,12.21,31.26,20.25,71.11,64.08,60.64,22.56,34.93,49.74,75.11,54.33,45.54,14.04,45.35,50.01,80.99,71.2,79.03,60.46,40.05,34.18,14.32,45.88,33.3,36.88,11.18,49.58,44.42,25.32,0.0,102.42,17.46,77.1,69.97,11.18,60.75,56.92,57.04,75.31,79.48,11.05,23.0,66.4,88.53,18.03,48.27,63.79,22.09,47.38,67.27
62,64.64,59.09,102.88,76.28,120.28,60.44,98.35,45.4,47.2,10.2,73.54,84.21,89.5,87.66,87.14,85.16,112.16,91.24,106.17,85.96,96.84,81.02,43.05,99.86,42.76,114.21,31.38,60.13,88.46,102.0,56.01,123.07,102.96,84.15,105.42,92.96,58.01,51.88,120.28,120.25,93.94,64.5,77.23,65.22,113.53,73.76,67.6,32.76,74.15,62.13,42.01,72.2,70.04,89.5,69.12,70.33,82.66,107.71,103.75,94.41,80.62,102.42,0.0,107.48,56.32,33.24,91.4,50.8,83.22,85.05,74.55,32.28,108.47,84.85,43.57,81.06,87.78,54.38,72.8,84.17,56.36,67.91
63,45.28,56.46,43.83,35.47,13.42,47.8,47.17,76.56,61.22,99.16,48.66,70.46,56.09,38.12,71.85,62.51,10.77,16.4,28.02,34.01,51.87,74.17,81.02,19.92,76.03,11.18,79.4,73.76,68.07,14.87,79.56,15.81,29.53,47.1,4.12,58.94,77.13,60.03,13.42,18.03,37.11,69.05,70.01,44.42,27.02,60.13,46.24,81.84,63.07,73.35,65.95,37.59,37.54,20.25,59.68,43.66,30.08,7.07,34.48,31.78,26.91,17.46,107.48,0.0,72.8,74.25,21.21,71.87,47.04,73.55,67.03,80.71,7.81,22.63,76.49,79.16,20.25,55.76,56.32,23.43,56.36,60.83
64,50.7,57.69,50.61,37.66,86.02,44.78,90.25,11.0,42.52,54.15,68.03,28.0,34.44,75.19,31.02,88.59,72.5,60.41,59.2,70.41,42.54,92.42,65.46,57.25,60.0,74.73,49.65,4.47,94.51,75.24,7.0,87.92,84.21,77.83,69.26,37.34,75.69,20.59,86.02,78.77,44.69,8.25,86.84,32.14,91.05,77.18,27.17,24.02,18.38,6.32,40.36,37.05,45.71,63.01,72.4,58.87,42.72,76.49,54.49,47.43,52.0,77.1,56.32,72.8,0.0,36.24,67.01,64.38,31.83,95.13,18.25,25.18,77.47,54.15,61.4,26.57,59.08,48.26,19.8,55.04,53.25,14.14
65,32.7,31.0,73.35,43.83,87.11,27.78,70.46,27.02,15.52,25.55,45.18,62.36,63.03,57.72,65.52,61.81,79.03,58.05,74.32,55.03,69.12,62.03,29.73,67.23,24.84,81.06,13.42,40.71,66.71,69.34,40.0,89.87,71.87,56.22,72.18,67.12,41.88,22.02,87.11,87.2,63.32,42.72,56.92,32.65,81.86,49.65,36.4,17.89,50.01,42.49,10.2,39.45,36.88,56.61,44.55,39.56,50.12,74.65,72.73,62.97,47.42,69.97,33.24,74.25,36.24,0.0,58.83,30.89,54.33,65.46,51.92,15.65,75.43,51.62,26.25,62.65,54.67,23.54,46.1,50.99,27.07,42.58
66,26.91,36.36,54.56,31.05,30.89,31.06,30.48,67.74,44.2,82.33,27.46,73.01,61.06,18.03,75.15,42.45,31.02,10.63,42.06,13.15,59.67,53.6,60.9,31.38,56.3,32.02,61.52,69.18,48.38,10.63,74.01,34.0,17.72,26.68,22.02,64.9,56.04,49.82,30.89,39.05,44.6,65.62,49.16,35.06,24.33,39.01,40.2,69.89,62.64,69.35,49.41,30.15,23.09,4.47,38.47,23.32,29.07,17.89,46.62,39.6,15.03,11.18,91.4,21.21,67.01,58.83,0.0,51.43,49.65,53.37,66.76,68.35,18.36,13.93,56.6,80.32,8.94,37.48,55.08,12.37,37.01,58.05
67,28.16,15.52,87.97,54.45,82.3,29.15,48.76,56.85,22.47,40.61,26.17,86.95,83.22,41.01,90.05,34.37,80.08,56.32,83.05,41.4,87.09,31.78,9.9,73.33,8.06,81.61,21.21,68.68,38.0,61.4,69.35,85.42,57.28,35.23,71.47,87.66,11.31,45.22,82.3,88.6,76.66,69.2,27.17,45.61,68.62,23.09,52.81,48.76,73.93,70.18,24.04,49.5,39.01,51.62,18.79,28.23,59.08,69.32,84.1,74.17,47.68,60.75,50.8,71.87,64.38,30.89,51.43,0.0,72.12,35.51,76.85,46.53,69.77,51.97,7.28,89.4,52.2,20.4,67.98,50.22,17.0,66.37
68,47.51,59.51,19.7,20.52,59.14,43.86,78.82,40.22,50.8,78.34,63.41,23.77,12.04,64.03,25.63,84.39,43.74,39.92,27.78,58.41,15.13,92.09,77.28,28.28,71.2,45.89,66.0,30.81,90.79,54.41,37.2,60.41,67.12,70.01,43.01,16.4,82.28,32.39,59.14,48.7,13.04,25.24,86.53,26.57,70.6,75.45,19.42,50.99,16.76,29.68,52.15,24.41,37.2,45.18,71.87,53.6,20.59,52.47,22.67,16.76,36.4,56.92,83.22,47.04,31.83,54.33,49.65,72.12,0.0,93.6,20.4,51.08,53.46,35.85,72.37,32.14,40.71,51.87,12.04,37.74,56.08,17.69
69,46.69,37.44,104.66,73.24,79.06,51.66,30.08,89.47,53.24,75.01,30.23,113.15,105.6,35.51,116.0,11.05,84.01,62.94,94.58,40.26,107.07,4.12,42.01,83.82,43.29,84.72,56.72,99.05,6.71,59.14,101.02,82.1,47.27,26.68,75.13,110.0,27.07,74.63,79.06,91.55,93.54,98.23,8.54,68.62,57.27,18.38,76.42,83.22,100.42,100.21,56.86,69.2,56.4,56.32,22.8,40.0,75.29,68.12,98.09,89.44,59.48,57.04,85.05,73.55,95.13,65.46,53.37,35.51,93.6,0.0,104.0,80.99,68.07,62.24,42.19,117.59,59.46,46.87,93.35,60.01,41.88,93.43
70,57.49,67.27,35.61,35.74,79.4,52.35,93.91,29.15,54.38,72.01,74.81,10.44,17.69,78.71,13.6,96.05,64.13,58.05,47.54,73.35,26.17,101.82,79.62,48.66,73.79,66.29,65.15,14.87,102.3,72.99,20.59,80.75,84.48,83.22,63.07,19.72,87.92,31.76,79.4,68.96,32.89,10.05,96.17,35.81,89.27,85.63,28.3,42.05,4.12,13.0,53.67,37.58,49.4,62.36,81.32,65.0,38.47,72.06,41.59,37.11,52.2,75.31,74.55,67.03,18.25,51.92,66.76,76.85,20.4,104.0,0.0,43.0,73.06,52.89,75.13,13.89,57.97,58.26,11.7,54.41,63.13,10.63
71,44.41,45.54,70.77,46.69,94.03,38.64,84.01,14.32,29.15,29.02,59.08,53.08,57.27,70.35,56.14,76.9,83.63,65.37,75.21,66.91,64.56,77.62,44.69,70.04,40.22,85.8,27.59,29.43,82.01,78.39,26.93,96.52,83.2,70.03,78.01,60.83,57.45,21.21,94.03,91.24,62.27,33.02,72.45,36.4,92.35,64.76,36.88,2.24,42.19,31.4,24.52,43.42,45.31,65.39,59.67,52.15,53.04,82.37,72.2,63.25,55.01,79.48,32.28,80.71,25.18,15.65,68.35,46.53,51.08,80.99,43.0,0.0,83.24,58.67,41.62,51.42,62.61,37.05,40.52,58.59,41.3,35.69
72,44.69,54.71,51.48,39.81,12.53,48.1,40.52,80.32,61.52,99.72,45.22,77.1,63.06,33.14,78.64,57.04,18.03,17.89,35.81,29.83,59.24,69.01,79.26,27.31,74.63,17.89,79.31,78.77,62.29,9.06,84.34,15.65,22.47,42.11,11.66,66.1,74.0,63.16,12.53,24.04,44.27,74.33,65.19,47.54,19.21,55.9,50.45,84.53,69.03,78.52,66.53,41.11,38.6,19.1,56.04,41.68,35.13,1.0,42.19,38.9,28.3,11.05,108.47,7.81,77.47,75.43,18.36,69.77,53.46,68.07,73.06,83.24,0.0,24.6,74.95,85.59,20.81,55.32,62.01,24.7,55.22,66.19
73,24.04,36.5,42.72,17.26,35.61,25.55,43.28,56.04,38.83,76.58,32.98,59.09,47.43,29.07,61.27,51.88,28.64,6.71,32.76,23.43,46.67,61.68,60.44,22.2,55.03,30.41,57.14,56.0,58.18,21.1,61.13,38.29,31.62,36.36,20.81,51.4,59.03,38.63,35.61,37.16,32.02,52.15,56.61,23.09,37.01,45.61,27.02,59.94,48.76,56.04,43.42,17.12,15.0,9.49,43.57,25.02,15.26,23.71,35.85,27.46,4.47,23.0,84.85,22.63,54.15,51.62,13.93,51.97,35.85,62.24,52.89,58.67,24.6,0.0,55.66,66.41,5.1,34.01,41.23,2.24,35.44,44.41
74,31.62,20.25,89.2,56.0,87.46,31.26,55.9,53.04,21.59,33.38,32.65,85.43,82.97,47.51,88.57,41.59,84.15,60.54,85.59,47.42,87.48,38.33,5.0,76.3,1.41,85.8,14.87,65.8,45.04,66.85,65.86,90.55,63.7,42.19,75.77,87.36,16.16,43.38,87.46,92.7,78.06,66.89,34.01,46.27,74.97,30.36,52.95,43.83,72.5,67.42,21.47,51.0,41.77,56.36,26.0,33.29,61.13,74.43,86.05,76.03,51.24,66.4,43.57,76.49,61.4,26.25,56.6,7.28,72.37,42.19,75.13,41.62,74.95,55.66,0.0,87.13,56.46,22.2,67.07,54.08,20.25,64.88
75,71.22,80.61,42.72,49.4,91.01,65.95,107.78,37.11,67.01,80.06,88.6,9.49,24.74,92.59,10.0,109.81,75.17,71.31,57.07,87.21,32.31,115.31,91.42,60.01,85.76,77.23,76.06,22.14,116.04,86.12,25.08,92.09,98.03,97.1,75.11,24.17,100.6,44.2,91.01,79.08,43.19,20.25,109.66,49.65,102.39,99.25,42.19,50.01,17.89,20.25,65.73,51.43,63.29,75.89,94.85,78.82,51.66,84.59,50.45,48.04,65.92,88.53,81.06,79.16,26.57,62.65,80.32,89.4,32.14,117.59,13.89,51.42,85.59,66.41,87.13,0.0,71.47,71.45,25.5,68.01,76.38,24.21
76,25.06,36.69,46.4,22.36,32.53,27.66,38.9,60.64,41.11,79.21,31.14,64.08,52.15,25.24,66.21,48.85,27.89,4.12,35.11,19.72,50.99,59.2,61.1,24.35,55.95,29.41,59.2,61.01,55.04,16.28,66.07,35.38,26.57,33.11,19.31,56.04,58.42,43.01,32.53,36.4,36.07,57.22,54.34,27.66,32.0,43.57,32.0,63.98,53.85,61.07,45.97,22.02,17.8,4.47,42.05,24.33,20.12,20.0,38.95,31.24,7.62,18.03,87.78,20.25,59.08,54.67,8.94,52.2,40.71,59.46,57.97,62.61,20.81,5.1,56.46,71.47,0.0,35.51,46.32,4.12,36.25,49.5
77,10.63,9.43,67.6,34.13,67.62,9.06,47.1,43.08,8.06,45.0,22.02,68.01,63.16,34.21,71.03,40.85,62.65,39.45,63.39,31.78,66.76,44.2,27.17,54.13,21.38,64.4,24.04,52.2,46.52,48.1,54.2,70.6,48.75,33.0,54.59,67.62,30.46,27.8,67.62,71.18,56.32,51.66,38.6,25.3,59.17,29.07,32.7,39.12,55.0,53.41,13.34,29.15,19.65,36.24,24.19,16.16,39.01,54.67,64.0,54.01,29.55,48.27,54.38,55.76,48.26,23.54,37.48,20.4,51.87,46.87,58.26,37.05,55.32,34.01,22.2,71.45,35.51,0.0,48.55,32.65,5.0,47.63
