set K:= 1	2	3	4	5	6	7	8	9;
set C_H:= 1	2	3	4	5	6	7	8	9	10	11	12	13	14	15	16	17	18	19	20	21	22	23	24;
set C_S:= 25	26	27	28	29	30	31	32	33	34	35	36	37	38	39	40	41	42	43	44	45	46;
set C_F:= 47	48	49	50	51	52	53	54	55	56	57	58	59	60	61	62	63	64	65	66	67	68;
set M:= 69	70	71	72	73	74;
set L_B:= 75	76	77	78	79	80	81	82	83;
set A1:=
(0,*) 1 2 3 4 5 6 7 8 9 10 11 12 13 14 15 16 17 18 19 20 21 22 23 24 47 48 49 50 51 52 53 54 55 56 57 58 59 60 61 62 63 64 65 66 67 68 69 70 71 72 73 74 75 76 77 78 79 80 81 82 83
(1,*) 0 2 3 4 5 6 7 8 9 10 11 12 13 14 15 16 17 18 19 20 21 22 23 24 47 48 49 50 51 52 53 54 55 56 57 58 59 60 61 62 63 64 65 66 67 68 69 70 71 72 73 74 75 76 77 78 79 80 81 82 83
(2,*) 0 1 3 4 5 6 7 8 9 10 11 12 13 14 15 16 17 18 19 20 21 22 23 24 47 48 49 50 51 52 53 54 55 56 57 58 59 60 61 62 63 64 65 66 67 68 69 70 71 72 73 74 75 76 77 78 79 80 81 82 83
(3,*) 0 1 2 4 5 6 7 8 9 10 11 12 13 14 15 16 17 18 19 20 21 22 23 24 47 48 49 50 51 52 53 54 55 56 57 58 59 60 61 62 63 64 65 66 67 68 69 70 71 72 73 74 75 76 77 78 79 80 81 82 83
(4,*) 0 1 2 3 5 6 7 8 9 10 11 12 13 14 15 16 17 18 19 20 21 22 23 24 47 48 49 50 51 52 53 54 55 56 57 58 59 60 61 62 63 64 65 66 67 68 69 70 71 72 73 74 75 76 77 78 79 80 81 82 83
(5,*) 0 1 2 3 4 6 7 8 9 10 11 12 13 14 15 16 17 18 19 20 21 22 23 24 47 48 49 50 51 52 53 54 55 56 57 58 59 60 61 62 63 64 65 66 67 68 69 70 71 72 73 74 75 76 77 78 79 80 81 82 83
(6,*) 0 1 2 3 4 5 7 8 9 10 11 12 13 14 15 16 17 18 19 20 21 22 23 24 47 48 49 50 51 52 53 54 55 56 57 58 59 60 61 62 63 64 65 66 67 68 69 70 71 72 73 74 75 76 77 78 79 80 81 82 83
(7,*) 0 1 2 3 4 5 6 8 9 10 11 12 13 14 15 16 17 18 19 20 21 22 23 24 47 48 49 50 51 52 53 54 55 56 57 58 59 60 61 62 63 64 65 66 67 68 69 70 71 72 73 74 75 76 77 78 79 80 81 82 83
(8,*) 0 1 2 3 4 5 6 7 9 10 11 12 13 14 15 16 17 18 19 20 21 22 23 24 47 48 49 50 51 52 53 54 55 56 57 58 59 60 61 62 63 64 65 66 67 68 69 70 71 72 73 74 75 76 77 78 79 80 81 82 83
(9,*) 0 1 2 3 4 5 6 7 8 10 11 12 13 14 15 16 17 18 19 20 21 22 23 24 47 48 49 50 51 52 53 54 55 56 57 58 59 60 61 62 63 64 65 66 67 68 69 70 71 72 73 74 75 76 77 78 79 80 81 82 83
(10,*) 0 1 2 3 4 5 6 7 8 9 11 12 13 14 15 16 17 18 19 20 21 22 23 24 47 48 49 50 51 52 53 54 55 56 57 58 59 60 61 62 63 64 65 66 67 68 69 70 71 72 73 74 75 76 77 78 79 80 81 82 83
(11,*) 0 1 2 3 4 5 6 7 8 9 10 12 13 14 15 16 17 18 19 20 21 22 23 24 47 48 49 50 51 52 53 54 55 56 57 58 59 60 61 62 63 64 65 66 67 68 69 70 71 72 73 74 75 76 77 78 79 80 81 82 83
(12,*) 0 1 2 3 4 5 6 7 8 9 10 11 13 14 15 16 17 18 19 20 21 22 23 24 47 48 49 50 51 52 53 54 55 56 57 58 59 60 61 62 63 64 65 66 67 68 69 70 71 72 73 74 75 76 77 78 79 80 81 82 83
(13,*) 0 1 2 3 4 5 6 7 8 9 10 11 12 14 15 16 17 18 19 20 21 22 23 24 47 48 49 50 51 52 53 54 55 56 57 58 59 60 61 62 63 64 65 66 67 68 69 70 71 72 73 74 75 76 77 78 79 80 81 82 83
(14,*) 0 1 2 3 4 5 6 7 8 9 10 11 12 13 15 16 17 18 19 20 21 22 23 24 47 48 49 50 51 52 53 54 55 56 57 58 59 60 61 62 63 64 65 66 67 68 69 70 71 72 73 74 75 76 77 78 79 80 81 82 83
(15,*) 0 1 2 3 4 5 6 7 8 9 10 11 12 13 14 16 17 18 19 20 21 22 23 24 47 48 49 50 51 52 53 54 55 56 57 58 59 60 61 62 63 64 65 66 67 68 69 70 71 72 73 74 75 76 77 78 79 80 81 82 83
(16,*) 0 1 2 3 4 5 6 7 8 9 10 11 12 13 14 15 17 18 19 20 21 22 23 24 47 48 49 50 51 52 53 54 55 56 57 58 59 60 61 62 63 64 65 66 67 68 69 70 71 72 73 74 75 76 77 78 79 80 81 82 83
(17,*) 0 1 2 3 4 5 6 7 8 9 10 11 12 13 14 15 16 18 19 20 21 22 23 24 47 48 49 50 51 52 53 54 55 56 57 58 59 60 61 62 63 64 65 66 67 68 69 70 71 72 73 74 75 76 77 78 79 80 81 82 83
(18,*) 0 1 2 3 4 5 6 7 8 9 10 11 12 13 14 15 16 17 19 20 21 22 23 24 47 48 49 50 51 52 53 54 55 56 57 58 59 60 61 62 63 64 65 66 67 68 69 70 71 72 73 74 75 76 77 78 79 80 81 82 83
(19,*) 0 1 2 3 4 5 6 7 8 9 10 11 12 13 14 15 16 17 18 20 21 22 23 24 47 48 49 50 51 52 53 54 55 56 57 58 59 60 61 62 63 64 65 66 67 68 69 70 71 72 73 74 75 76 77 78 79 80 81 82 83
(20,*) 0 1 2 3 4 5 6 7 8 9 10 11 12 13 14 15 16 17 18 19 21 22 23 24 47 48 49 50 51 52 53 54 55 56 57 58 59 60 61 62 63 64 65 66 67 68 69 70 71 72 73 74 75 76 77 78 79 80 81 82 83
(21,*) 0 1 2 3 4 5 6 7 8 9 10 11 12 13 14 15 16 17 18 19 20 22 23 24 47 48 49 50 51 52 53 54 55 56 57 58 59 60 61 62 63 64 65 66 67 68 69 70 71 72 73 74 75 76 77 78 79 80 81 82 83
(22,*) 0 1 2 3 4 5 6 7 8 9 10 11 12 13 14 15 16 17 18 19 20 21 23 24 47 48 49 50 51 52 53 54 55 56 57 58 59 60 61 62 63 64 65 66 67 68 69 70 71 72 73 74 75 76 77 78 79 80 81 82 83
(23,*) 0 1 2 3 4 5 6 7 8 9 10 11 12 13 14 15 16 17 18 19 20 21 22 24 47 48 49 50 51 52 53 54 55 56 57 58 59 60 61 62 63 64 65 66 67 68 69 70 71 72 73 74 75 76 77 78 79 80 81 82 83
(24,*) 0 1 2 3 4 5 6 7 8 9 10 11 12 13 14 15 16 17 18 19 20 21 22 23 47 48 49 50 51 52 53 54 55 56 57 58 59 60 61 62 63 64 65 66 67 68 69 70 71 72 73 74 75 76 77 78 79 80 81 82 83
(47,*) 0 1 2 3 4 5 6 7 8 9 10 11 12 13 14 15 16 17 18 19 20 21 22 23 24 48 49 50 51 52 53 54 55 56 57 58 59 60 61 62 63 64 65 66 67 68 69 70 71 72 73 74 75 76 77 78 79 80 81 82 83
(48,*) 0 1 2 3 4 5 6 7 8 9 10 11 12 13 14 15 16 17 18 19 20 21 22 23 24 47 49 50 51 52 53 54 55 56 57 58 59 60 61 62 63 64 65 66 67 68 69 70 71 72 73 74 75 76 77 78 79 80 81 82 83
(49,*) 0 1 2 3 4 5 6 7 8 9 10 11 12 13 14 15 16 17 18 19 20 21 22 23 24 47 48 50 51 52 53 54 55 56 57 58 59 60 61 62 63 64 65 66 67 68 69 70 71 72 73 74 75 76 77 78 79 80 81 82 83
(50,*) 0 1 2 3 4 5 6 7 8 9 10 11 12 13 14 15 16 17 18 19 20 21 22 23 24 47 48 49 51 52 53 54 55 56 57 58 59 60 61 62 63 64 65 66 67 68 69 70 71 72 73 74 75 76 77 78 79 80 81 82 83
(51,*) 0 1 2 3 4 5 6 7 8 9 10 11 12 13 14 15 16 17 18 19 20 21 22 23 24 47 48 49 50 52 53 54 55 56 57 58 59 60 61 62 63 64 65 66 67 68 69 70 71 72 73 74 75 76 77 78 79 80 81 82 83
(52,*) 0 1 2 3 4 5 6 7 8 9 10 11 12 13 14 15 16 17 18 19 20 21 22 23 24 47 48 49 50 51 53 54 55 56 57 58 59 60 61 62 63 64 65 66 67 68 69 70 71 72 73 74 75 76 77 78 79 80 81 82 83
(53,*) 0 1 2 3 4 5 6 7 8 9 10 11 12 13 14 15 16 17 18 19 20 21 22 23 24 47 48 49 50 51 52 54 55 56 57 58 59 60 61 62 63 64 65 66 67 68 69 70 71 72 73 74 75 76 77 78 79 80 81 82 83
(54,*) 0 1 2 3 4 5 6 7 8 9 10 11 12 13 14 15 16 17 18 19 20 21 22 23 24 47 48 49 50 51 52 53 55 56 57 58 59 60 61 62 63 64 65 66 67 68 69 70 71 72 73 74 75 76 77 78 79 80 81 82 83
(55,*) 0 1 2 3 4 5 6 7 8 9 10 11 12 13 14 15 16 17 18 19 20 21 22 23 24 47 48 49 50 51 52 53 54 56 57 58 59 60 61 62 63 64 65 66 67 68 69 70 71 72 73 74 75 76 77 78 79 80 81 82 83
(56,*) 0 1 2 3 4 5 6 7 8 9 10 11 12 13 14 15 16 17 18 19 20 21 22 23 24 47 48 49 50 51 52 53 54 55 57 58 59 60 61 62 63 64 65 66 67 68 69 70 71 72 73 74 75 76 77 78 79 80 81 82 83
(57,*) 0 1 2 3 4 5 6 7 8 9 10 11 12 13 14 15 16 17 18 19 20 21 22 23 24 47 48 49 50 51 52 53 54 55 56 58 59 60 61 62 63 64 65 66 67 68 69 70 71 72 73 74 75 76 77 78 79 80 81 82 83
(58,*) 0 1 2 3 4 5 6 7 8 9 10 11 12 13 14 15 16 17 18 19 20 21 22 23 24 47 48 49 50 51 52 53 54 55 56 57 59 60 61 62 63 64 65 66 67 68 69 70 71 72 73 74 75 76 77 78 79 80 81 82 83
(59,*) 0 1 2 3 4 5 6 7 8 9 10 11 12 13 14 15 16 17 18 19 20 21 22 23 24 47 48 49 50 51 52 53 54 55 56 57 58 60 61 62 63 64 65 66 67 68 69 70 71 72 73 74 75 76 77 78 79 80 81 82 83
(60,*) 0 1 2 3 4 5 6 7 8 9 10 11 12 13 14 15 16 17 18 19 20 21 22 23 24 47 48 49 50 51 52 53 54 55 56 57 58 59 61 62 63 64 65 66 67 68 69 70 71 72 73 74 75 76 77 78 79 80 81 82 83
(61,*) 0 1 2 3 4 5 6 7 8 9 10 11 12 13 14 15 16 17 18 19 20 21 22 23 24 47 48 49 50 51 52 53 54 55 56 57 58 59 60 62 63 64 65 66 67 68 69 70 71 72 73 74 75 76 77 78 79 80 81 82 83
(62,*) 0 1 2 3 4 5 6 7 8 9 10 11 12 13 14 15 16 17 18 19 20 21 22 23 24 47 48 49 50 51 52 53 54 55 56 57 58 59 60 61 63 64 65 66 67 68 69 70 71 72 73 74 75 76 77 78 79 80 81 82 83
(63,*) 0 1 2 3 4 5 6 7 8 9 10 11 12 13 14 15 16 17 18 19 20 21 22 23 24 47 48 49 50 51 52 53 54 55 56 57 58 59 60 61 62 64 65 66 67 68 69 70 71 72 73 74 75 76 77 78 79 80 81 82 83
(64,*) 0 1 2 3 4 5 6 7 8 9 10 11 12 13 14 15 16 17 18 19 20 21 22 23 24 47 48 49 50 51 52 53 54 55 56 57 58 59 60 61 62 63 65 66 67 68 69 70 71 72 73 74 75 76 77 78 79 80 81 82 83
(65,*) 0 1 2 3 4 5 6 7 8 9 10 11 12 13 14 15 16 17 18 19 20 21 22 23 24 47 48 49 50 51 52 53 54 55 56 57 58 59 60 61 62 63 64 66 67 68 69 70 71 72 73 74 75 76 77 78 79 80 81 82 83
(66,*) 0 1 2 3 4 5 6 7 8 9 10 11 12 13 14 15 16 17 18 19 20 21 22 23 24 47 48 49 50 51 52 53 54 55 56 57 58 59 60 61 62 63 64 65 67 68 69 70 71 72 73 74 75 76 77 78 79 80 81 82 83
(67,*) 0 1 2 3 4 5 6 7 8 9 10 11 12 13 14 15 16 17 18 19 20 21 22 23 24 47 48 49 50 51 52 53 54 55 56 57 58 59 60 61 62 63 64 65 66 68 69 70 71 72 73 74 75 76 77 78 79 80 81 82 83
(68,*) 0 1 2 3 4 5 6 7 8 9 10 11 12 13 14 15 16 17 18 19 20 21 22 23 24 47 48 49 50 51 52 53 54 55 56 57 58 59 60 61 62 63 64 65 66 67 69 70 71 72 73 74 75 76 77 78 79 80 81 82 83
(69,*) 0 1 2 3 4 5 6 7 8 9 10 11 12 13 14 15 16 17 18 19 20 21 22 23 24 47 48 49 50 51 52 53 54 55 56 57 58 59 60 61 62 63 64 65 66 67 68 70 71 72 73 74 75 76 77 78 79 80 81 82 83
(70,*) 0 1 2 3 4 5 6 7 8 9 10 11 12 13 14 15 16 17 18 19 20 21 22 23 24 47 48 49 50 51 52 53 54 55 56 57 58 59 60 61 62 63 64 65 66 67 68 69 71 72 73 74 75 76 77 78 79 80 81 82 83
(71,*) 0 1 2 3 4 5 6 7 8 9 10 11 12 13 14 15 16 17 18 19 20 21 22 23 24 47 48 49 50 51 52 53 54 55 56 57 58 59 60 61 62 63 64 65 66 67 68 69 70 72 73 74 75 76 77 78 79 80 81 82 83
(72,*) 0 1 2 3 4 5 6 7 8 9 10 11 12 13 14 15 16 17 18 19 20 21 22 23 24 47 48 49 50 51 52 53 54 55 56 57 58 59 60 61 62 63 64 65 66 67 68 69 70 71 73 74 75 76 77 78 79 80 81 82 83
(73,*) 0 1 2 3 4 5 6 7 8 9 10 11 12 13 14 15 16 17 18 19 20 21 22 23 24 47 48 49 50 51 52 53 54 55 56 57 58 59 60 61 62 63 64 65 66 67 68 69 70 71 72 74 75 76 77 78 79 80 81 82 83
(74,*) 0 1 2 3 4 5 6 7 8 9 10 11 12 13 14 15 16 17 18 19 20 21 22 23 24 47 48 49 50 51 52 53 54 55 56 57 58 59 60 61 62 63 64 65 66 67 68 69 70 71 72 73 75 76 77 78 79 80 81 82 83
(75,*) 0 1 2 3 4 5 6 7 8 9 10 11 12 13 14 15 16 17 18 19 20 21 22 23 24 47 48 49 50 51 52 53 54 55 56 57 58 59 60 61 62 63 64 65 66 67 68 69 70 71 72 73 74 76 77 78 79 80 81 82 83
(76,*) 0 1 2 3 4 5 6 7 8 9 10 11 12 13 14 15 16 17 18 19 20 21 22 23 24 47 48 49 50 51 52 53 54 55 56 57 58 59 60 61 62 63 64 65 66 67 68 69 70 71 72 73 74 75 77 78 79 80 81 82 83
(77,*) 0 1 2 3 4 5 6 7 8 9 10 11 12 13 14 15 16 17 18 19 20 21 22 23 24 47 48 49 50 51 52 53 54 55 56 57 58 59 60 61 62 63 64 65 66 67 68 69 70 71 72 73 74 75 76 78 79 80 81 82 83
(78,*) 0 1 2 3 4 5 6 7 8 9 10 11 12 13 14 15 16 17 18 19 20 21 22 23 24 47 48 49 50 51 52 53 54 55 56 57 58 59 60 61 62 63 64 65 66 67 68 69 70 71 72 73 74 75 76 77 79 80 81 82 83
(79,*) 0 1 2 3 4 5 6 7 8 9 10 11 12 13 14 15 16 17 18 19 20 21 22 23 24 47 48 49 50 51 52 53 54 55 56 57 58 59 60 61 62 63 64 65 66 67 68 69 70 71 72 73 74 75 76 77 78 80 81 82 83
(80,*) 0 1 2 3 4 5 6 7 8 9 10 11 12 13 14 15 16 17 18 19 20 21 22 23 24 47 48 49 50 51 52 53 54 55 56 57 58 59 60 61 62 63 64 65 66 67 68 69 70 71 72 73 74 75 76 77 78 79 81 82 83
(81,*) 0 1 2 3 4 5 6 7 8 9 10 11 12 13 14 15 16 17 18 19 20 21 22 23 24 47 48 49 50 51 52 53 54 55 56 57 58 59 60 61 62 63 64 65 66 67 68 69 70 71 72 73 74 75 76 77 78 79 80 82 83
(82,*) 0 1 2 3 4 5 6 7 8 9 10 11 12 13 14 15 16 17 18 19 20 21 22 23 24 47 48 49 50 51 52 53 54 55 56 57 58 59 60 61 62 63 64 65 66 67 68 69 70 71 72 73 74 75 76 77 78 79 80 81 83
(83,*) 0 1 2 3 4 5 6 7 8 9 10 11 12 13 14 15 16 17 18 19 20 21 22 23 24 47 48 49 50 51 52 53 54 55 56 57 58 59 60 61 62 63 64 65 66 67 68 69 70 71 72 73 74 75 76 77 78 79 80 81 82
;
set A2:=
(69,*) 70
(70,*) 69
;
param BigM:=99999;
param n:= 9;
param d:=
1	9
2	16
3	5
4	3
5	12
6	10
7	5
8	12
9	8
10	2
11	13
12	2
13	23
14	7
15	20
16	13
17	4
18	23
19	7
20	15
21	9
22	8
23	12
24	24
25	1
26	9
27	5
28	9
29	6
30	17
31	3
32	10
33	5
34	19
35	30
36	15
37	7
38	23
39	5
40	25
41	25
42	24
43	8
44	22
45	7
46	18
47	2
48	6
49	1
50	1
51	18
52	16
53	6
54	20
55	23
56	39
57	17
58	7
59	12
60	21
61	25
62	13
63	12
64	10
65	15
66	5
67	13
68	8
;
param Q:=100;
param w:=
[69,*] 70 0.1
[70,*] 69 0.1
;
param V:=
[69,*] 70 96
[70,*] 69 96
;
param e:
	69	70	71	72	73	74	75	76	77	78	79	80	81	82	83:=
25		0		0		0		0		0		0		0		0		0		0		1		0		0		0		0	
26		0		0		0		0		0		0		0		0		0		0		0		0		0		0		1	
27		0		0		0		0		0		1		0		0		0		0		0		0		0		1		0	
28		0		1		0		0		0		0		0		0		0		0		0		0		0		0		0	
29		0		0		0		0		0		0		0		0		0		0		0		0		0		0		1	
30		0		0		0		0		0		0		1		0		0		0		0		0		0		1		0	
31		0		0		0		0		0		0		1		0		0		0		0		1		1		0		0	
32		0		0		0		0		1		0		0		0		0		0		0		0		0		0		0	
33		0		0		0		0		0		0		0		0		0		0		0		0		0		0		1	
34		0		0		0		1		0		0		0		0		0		0		0		0		0		0		1	
35		0		0		0		0		0		0		0		0		0		0		0		0		1		0		0	
36		1		0		0		0		1		0		0		0		0		0		0		0		0		0		0	
37		0		1		0		0		0		0		0		0		0		0		0		0		0		0		0	
38		0		0		0		0		0		0		0		0		0		1		0		0		0		0		0	
39		0		0		0		0		0		0		1		0		0		0		0		1		1		0		0	
40		0		0		1		0		0		1		0		0		0		0		0		0		0		0		0	
41		0		0		0		0		0		0		1		0		0		1		0		0		0		0		0	
42		0		1		0		0		0		0		0		0		0		0		0		0		0		0		0	
43		0		0		0		0		0		0		0		0		0		0		1		0		0		0		0	
44		0		0		1		0		0		1		0		0		0		0		0		0		0		0		0	
45		0		0		0		1		0		0		0		0		0		0		0		1		1		0		0	
46		0		0		0		1		0		0		0		0		0		0		0		0		0		0		1	
47		0		1		0		0		0		0		0		0		0		1		0		0		0		0		0	
48		0		0		0		1		0		0		0		0		1		0		0		0		0		0		0	
49		0		0		0		0		0		0		0		0		0		1		0		0		0		0		0	
50		0		1		0		0		0		1		1		0		0		0		0		0		0		0		0	
51		0		0		0		0		0		0		1		0		0		0		0		1		1		0		0	
52		0		0		0		0		0		0		0		0		0		1		0		0		0		0		0	
53		0		0		0		0		0		0		1		0		0		0		0		0		1		1		0	
54		0		0		1		0		0		0		0		0		0		0		1		0		0		0		0	
55		0		0		0		0		0		0		1		0		0		0		0		1		1		0		0	
56		0		0		0		0		0		0		0		0		0		0		0		1		0		0		0	
57		0		0		0		0		0		1		1		0		0		0		0		0		0		1		0	
58		1		0		0		0		0		0		0		0		0		0		1		0		0		1		0	
59		0		0		0		1		0		0		0		0		1		0		0		0		0		0		1	
60		0		0		0		0		0		0		0		0		0		0		0		0		0		0		1	
61		0		0		0		1		0		0		0		0		0		0		0		0		0		0		1	
62		0		0		0		0		0		1		1		0		0		0		0		0		0		1		0	
63		0		1		0		0		0		0		1		0		0		0		0		0		1		0		0	
64		0		1		0		0		0		0		1		0		0		0		0		0		0		0		0	
65		0		1		0		0		0		0		0		0		0		1		0		0		1		0		0	
66		0		0		0		0		0		0		0		1		0		0		0		0		0		0		0	
67		0		0		0		1		0		0		0		0		1		0		0		1		0		0		0	
68		0		0		0		0		0		0		0		0		0		0		0		0		0		0		1	
;
param p:=
1	3
2	3
3	3
4	3
5	3
6	3
7	3
8	3
9	3
;
param G:=
69	93
70	96
71	79
72	79
73	87
74	80
75	100
76	96
77	75
78	82
79	84
80	75
81	70
82	80
83	99
;
param s:=
0	0
1	10
2	10
3	10
4	10
5	10
6	10
7	10
8	10
9	10
10	10
11	10
12	10
13	10
14	10
15	10
16	10
17	10
18	10
19	10
20	10
21	10
22	10
23	10
24	10
47	10
48	10
49	10
50	10
51	10
52	10
53	10
54	10
55	10
56	10
57	10
58	10
59	10
60	10
61	10
62	10
63	10
64	10
65	10
66	10
67	10
68	10
69	10
70	10
71	10
72	10
73	10
74	10
75	10
76	10
77	10
78	10
79	10
80	10
81	10
82	10
83	10
;
param t:
	0	1	2	3	4	5	6	7	8	9	10	11	12	13	14	15	16	17	18	19	20	21	22	23	24	25	26	27	28	29	30	31	32	33	34	35	36	37	38	39	40	41	42	43	44	45	46	47	48	49	50	51	52	53	54	55	56	57	58	59	60	61	62	63	64	65	66	67	68	69	70	71	72	73	74	75	76	77	78	79	80	81	82	83:=
0	0.0	44.82	37.54	57.25	13.04	46.27	53.81	55.01	22.83	40.31	25.61	24.41	47.68	57.01	17.49	61.1	44.05	59.36	52.48	38.6	45.28	39.2	22.56	36.4	28.16	34.66	61.13	27.2	44.28	63.81	11.18	31.58	55.44	46.69	69.31	29.07	32.7	26.91	55.0	21.93	44.82	45.18	49.19	31.02	28.32	29.73	47.51	54.23	54.13	60.0	39.22	27.86	57.01	6.08	36.35	23.26	30.36	8.25	17.49	66.47	49.73	56.44	26.02	19.65	37.8	52.55	64.64	50.7	61.74	44.41	44.69	46.69	57.49	47.54	32.7	23.26	78.24	65.3	61.72	30.36	39.66	24.7	17.0	64.9
1	44.82	0.0	53.46	100.65	37.16	84.2	98.6	99.32	57.57	23.54	51.62	22.47	89.55	73.0	27.59	85.99	62.39	102.83	97.08	6.4	68.07	11.4	35.47	45.54	38.0	59.08	100.85	21.93	69.86	107.17	53.76	71.85	78.31	85.59	113.9	58.31	66.71	48.38	90.08	66.6	9.9	79.31	50.8	46.01	17.46	74.33	90.79	79.25	98.27	76.01	41.05	70.29	73.0	50.22	31.05	66.53	73.93	37.48	53.49	111.13	89.89	93.91	30.36	55.76	51.24	78.64	88.46	94.51	103.81	82.01	62.29	6.71	102.3	79.63	15.81	55.01	98.27	109.6	83.29	44.01	84.4	57.25	28.28	108.47
2	37.54	53.46	0.0	82.22	46.62	79.85	68.88	77.0	60.0	32.31	13.0	47.13	76.9	21.19	36.4	32.56	9.0	65.0	73.03	48.09	14.87	56.14	20.88	71.02	61.4	72.14	55.61	33.06	17.49	68.45	33.11	34.53	92.96	41.68	80.01	15.03	69.34	10.63	41.04	43.93	60.0	31.24	16.28	66.61	46.87	48.09	54.41	25.96	77.03	24.35	15.0	38.01	21.19	41.62	65.19	38.21	59.2	33.6	54.82	78.16	47.01	46.75	24.08	23.77	2.83	25.63	102.0	75.24	62.27	78.39	9.06	59.14	72.99	83.86	38.05	18.44	115.75	86.15	30.0	65.46	61.07	19.1	35.47	70.26
3	57.25	100.65	82.22	0.0	63.63	25.3	22.02	7.81	45.34	97.02	70.01	78.39	13.04	92.72	74.46	84.97	83.36	38.01	12.04	94.81	79.56	92.65	77.28	69.66	69.35	53.25	55.17	84.43	75.96	40.31	52.61	49.48	55.11	53.34	31.58	67.36	40.0	74.01	64.9	39.12	98.18	63.56	98.05	64.44	83.24	34.13	37.2	81.15	6.4	94.56	91.2	44.55	92.72	51.26	80.66	44.05	26.93	65.46	48.01	28.86	50.22	59.82	82.0	59.0	84.1	78.92	56.01	7.0	46.4	26.93	84.34	101.02	20.59	38.33	89.89	64.03	68.36	11.7	89.55	65.8	21.21	63.13	74.09	39.36
4	13.04	37.16	46.62	63.63	0.0	47.68	63.89	62.8	21.1	39.81	36.25	14.76	52.39	67.23	14.56	73.08	54.2	71.12	60.96	31.62	56.46	29.21	27.66	24.6	15.52	27.73	73.98	25.5	55.97	75.59	24.19	44.55	49.19	59.68	79.81	40.8	31.0	36.36	68.01	33.12	34.83	58.08	55.44	20.0	19.7	40.82	59.51	66.1	61.61	70.33	44.41	40.52	67.23	15.65	23.35	35.74	37.2	13.04	16.49	76.84	62.59	69.46	28.65	32.25	46.23	64.56	59.09	57.69	74.09	45.54	54.71	37.44	67.27	45.28	29.0	35.17	71.69	73.01	73.16	18.87	48.8	36.88	14.87	76.54
5	46.27	84.2	79.85	25.3	47.68	0.0	41.44	30.15	26.68	86.0	66.85	61.85	13.04	95.19	61.13	92.02	83.65	56.75	32.02	79.08	81.84	74.67	68.73	46.86	48.76	29.73	70.68	72.06	79.06	60.21	46.82	53.81	30.15	63.6	55.04	66.65	17.89	69.89	75.6	37.44	79.85	70.71	93.96	42.44	66.94	37.48	50.99	86.68	28.16	97.64	84.93	47.51	95.19	40.45	59.68	44.41	22.02	54.08	31.26	52.01	62.43	72.4	72.25	56.36	80.99	84.5	32.76	24.02	64.2	2.24	84.53	83.22	42.05	13.15	76.42	61.74	46.49	37.0	95.27	44.1	29.97	61.72	61.07	59.84
6	53.81	98.6	68.88	22.02	63.89	41.44	0.0	14.21	51.08	89.89	58.24	77.79	28.86	75.54	71.06	65.46	68.03	16.12	10.3	92.31	63.07	92.66	69.32	77.08	73.93	63.06	33.24	79.32	59.14	18.97	45.49	34.37	71.06	33.53	16.12	53.94	50.01	62.64	44.28	32.02	98.31	44.91	85.16	71.18	82.04	24.41	16.76	62.59	15.81	76.94	80.36	31.62	75.54	48.8	84.91	33.54	29.15	61.22	51.48	13.04	29.55	38.59	74.71	48.1	71.2	60.42	74.15	18.38	24.41	42.19	69.03	100.42	4.12	54.15	85.45	52.2	87.56	18.97	70.6	72.01	15.65	50.7	70.43	18.44
7	55.01	99.32	77.0	7.81	62.8	30.15	14.21	0.0	46.23	93.92	65.19	77.42	17.12	86.35	72.47	77.88	77.52	30.23	4.47	93.3	73.35	92.01	73.76	71.56	70.18	55.9	47.38	81.94	69.63	32.65	49.04	43.42	60.3	46.07	25.02	62.01	42.49	69.35	57.45	35.17	97.62	56.65	93.05	66.03	82.1	29.15	29.68	74.33	2.0	88.06	86.83	39.01	86.35	49.24	81.47	39.2	25.61	63.07	48.08	22.09	42.72	52.2	78.75	54.33	79.03	72.11	62.13	6.32	38.6	31.4	78.52	100.21	13.0	43.29	87.66	59.14	74.97	10.3	82.64	67.2	16.28	58.03	72.01	31.78
8	22.83	57.57	60.0	45.34	21.1	26.68	51.08	46.23	0.0	60.3	47.51	35.17	33.02	78.49	35.06	79.92	65.8	62.17	45.49	52.39	65.95	48.33	44.94	26.0	24.04	14.56	70.11	46.1	64.2	66.49	28.43	44.27	33.24	58.25	67.12	49.58	10.2	49.41	68.96	27.46	53.67	60.93	72.01	20.12	40.26	33.0	52.15	73.5	44.69	81.34	61.85	38.33	78.49	18.44	35.36	33.53	21.93	29.41	5.39	63.98	59.41	68.25	47.54	39.05	60.46	71.56	42.01	40.36	67.27	24.52	66.53	56.86	53.67	25.0	50.04	43.86	55.9	55.9	81.61	21.1	35.47	44.69	35.13	66.94
9	40.31	23.54	32.31	97.02	39.81	86.0	89.89	93.92	60.3	0.0	34.66	30.02	87.97	50.25	25.32	64.56	40.8	90.6	90.82	20.12	47.17	30.53	20.59	58.31	48.76	67.05	85.04	14.32	49.66	94.64	44.94	58.41	88.26	70.04	103.77	41.11	70.46	30.48	72.11	58.87	32.31	61.61	27.29	56.36	26.4	65.8	78.82	58.19	93.3	53.15	18.25	58.83	50.25	46.39	46.75	56.36	70.41	32.14	55.15	101.36	74.95	77.01	15.23	42.44	29.73	57.94	98.35	90.25	89.87	84.01	40.52	30.08	93.91	85.0	12.81	39.7	110.17	104.06	61.19	54.56	77.83	41.77	25.18	96.21
10	25.61	51.62	13.0	70.01	36.25	66.85	58.24	65.19	47.51	34.66	0.0	40.05	64.13	31.4	29.02	37.48	18.44	56.6	61.4	45.54	20.25	51.62	16.16	60.84	51.62	60.21	50.45	29.73	20.22	60.46	20.12	24.6	80.66	35.38	70.68	6.71	56.61	4.47	38.48	31.26	56.29	27.73	28.07	55.95	41.11	36.06	45.18	30.41	65.07	34.41	22.14	26.68	31.4	29.07	57.07	26.02	46.32	23.41	42.45	68.54	40.31	42.72	21.47	11.05	14.32	29.15	89.5	63.01	55.32	65.39	19.1	56.32	62.36	71.02	35.85	6.08	103.39	74.67	37.0	55.01	49.04	7.62	28.02	62.13
11	24.41	22.47	47.13	78.39	14.76	61.85	77.79	77.42	35.17	30.02	40.05	0.0	67.12	68.31	11.05	77.41	55.79	83.76	75.43	17.26	59.68	14.87	26.25	28.3	18.79	38.33	84.5	16.97	60.21	88.2	34.89	54.78	58.94	69.57	93.51	46.01	44.55	38.47	76.3	46.23	20.52	65.76	51.61	26.57	5.1	54.04	71.87	70.35	76.28	71.47	40.22	51.88	68.31	29.0	18.36	47.51	51.87	18.97	31.02	90.61	73.16	78.85	24.19	40.02	45.88	69.18	69.12	72.4	85.88	59.67	56.04	22.8	81.32	58.03	17.46	41.19	80.41	87.66	76.3	24.7	63.03	43.29	12.04	89.31
12	47.68	89.55	76.9	13.04	52.39	13.04	28.86	17.12	33.02	87.97	64.13	67.12	0.0	89.96	64.29	84.63	79.38	44.6	19.1	83.93	76.56	81.01	69.07	56.73	56.85	40.22	59.68	74.73	73.35	47.8	45.1	47.01	43.19	54.45	42.01	62.64	27.02	67.74	66.47	32.98	86.45	63.01	92.07	51.62	72.09	30.41	40.22	79.92	15.13	92.14	84.15	41.15	89.96	41.59	68.12	39.22	18.03	55.9	36.24	39.0	52.5	62.48	73.33	53.15	78.45	77.7	45.4	11.0	52.39	14.32	80.32	89.47	29.15	26.17	79.81	58.46	58.69	24.6	88.51	53.04	19.8	57.97	64.03	47.3
13	57.01	73.0	21.19	92.72	67.23	95.19	75.54	86.35	78.49	50.25	31.4	68.31	89.96	0.0	57.58	17.69	13.04	67.19	82.0	68.12	13.42	76.79	42.06	91.79	82.3	91.55	52.89	53.76	16.76	69.58	50.25	43.32	111.73	43.01	83.15	29.07	87.11	30.89	36.4	57.8	80.31	31.0	24.7	87.13	67.91	59.62	59.14	14.87	86.83	3.16	32.06	48.85	0.0	60.14	86.38	51.0	73.43	54.2	73.59	82.02	48.09	43.42	44.91	39.7	22.56	16.49	120.28	86.02	61.98	94.03	12.53	79.06	79.4	101.04	58.22	34.66	134.36	94.2	12.21	86.09	71.78	34.06	56.65	71.57
14	17.49	27.59	36.4	74.46	14.56	61.13	71.06	72.47	35.06	25.32	29.02	11.05	64.29	57.58	0.0	66.37	44.92	75.43	69.97	21.26	48.66	23.77	15.65	36.07	26.17	42.15	74.73	11.05	49.16	79.81	26.25	45.18	63.56	59.62	86.31	35.06	45.18	27.46	65.73	39.05	29.07	55.11	42.45	32.8	12.65	46.75	63.41	59.3	71.55	60.75	31.11	43.01	57.58	23.26	28.79	39.05	47.54	9.9	30.0	83.55	63.51	68.62	14.87	29.73	35.34	58.14	73.54	68.03	76.85	59.08	45.22	30.23	74.81	59.68	15.52	30.41	85.88	82.76	65.31	31.24	57.14	32.56	1.0	81.06
15	61.1	85.99	32.56	84.97	73.08	92.02	65.46	77.88	79.92	64.56	37.48	77.41	84.63	17.69	66.37	0.0	23.77	54.45	73.41	80.5	18.03	88.02	52.0	97.41	88.6	94.02	38.05	65.12	17.26	56.08	51.88	38.21	112.65	31.95	70.35	32.28	87.2	39.05	22.09	55.23	92.2	21.63	41.34	92.11	78.06	54.67	48.7	7.07	78.72	16.64	46.49	44.55	17.69	62.61	94.54	48.17	70.04	60.64	75.66	69.72	36.14	29.02	56.14	41.63	34.93	8.54	120.25	78.77	48.01	91.24	24.04	91.55	68.96	99.9	70.46	37.95	134.63	84.43	6.32	91.42	65.19	36.4	65.38	58.08
16	44.05	62.39	9.0	83.36	54.2	83.65	68.03	77.52	65.8	40.8	18.44	55.79	79.38	13.04	44.92	23.77	0.0	62.1	73.33	57.08	7.07	65.12	29.61	78.77	69.32	78.64	50.61	42.05	10.82	65.15	37.8	34.13	99.01	37.95	77.67	17.0	74.65	17.89	35.0	46.62	69.0	26.4	20.0	74.09	55.73	49.48	52.47	17.46	77.78	16.12	22.85	38.83	13.04	47.38	73.68	40.16	62.24	41.18	60.81	76.12	43.32	41.34	33.06	27.46	11.18	17.49	107.71	76.49	58.31	82.37	1.0	68.12	72.06	88.81	47.04	22.2	121.7	86.09	21.0	73.06	62.17	21.95	43.97	67.05
17	59.36	102.83	65.0	38.01	71.12	56.75	16.12	30.23	62.17	90.6	56.6	83.76	44.6	67.19	75.43	54.45	62.1	0.0	26.42	96.43	56.09	98.47	70.29	87.8	83.22	75.43	18.36	82.02	51.97	4.47	49.2	32.2	85.71	24.33	16.0	51.0	63.03	61.06	32.39	38.01	104.04	36.35	80.99	81.74	87.42	30.46	12.04	53.0	31.91	68.03	78.29	32.56	67.19	55.47	93.62	36.4	41.11	65.6	61.4	15.3	19.1	25.71	75.93	48.27	67.62	51.01	89.5	34.44	8.49	57.27	63.06	105.6	17.69	69.05	88.39	51.04	103.16	32.8	60.21	82.28	28.02	49.09	74.65	5.66
18	52.48	97.08	73.03	12.04	60.96	32.02	10.3	4.47	45.49	90.82	61.4	75.43	19.1	82.0	69.97	73.41	73.33	26.42	0.0	90.97	69.05	90.14	70.52	71.2	69.2	56.08	43.19	79.16	65.31	29.15	45.88	39.2	62.03	41.59	23.19	58.01	42.72	65.62	53.0	31.95	95.78	52.2	89.14	65.51	80.0	25.5	25.24	69.89	5.66	83.68	83.19	35.01	82.0	46.87	80.43	35.51	24.08	60.42	46.86	20.1	38.28	47.8	75.61	50.64	75.11	67.68	64.5	8.25	34.67	33.02	74.33	98.23	10.05	45.01	85.0	55.33	77.67	13.34	78.19	66.57	13.0	54.15	69.46	28.46
19	38.6	6.4	48.09	94.81	31.62	79.08	92.31	93.3	52.39	20.12	45.54	17.26	83.93	68.12	21.26	80.5	57.08	96.43	90.97	0.0	62.51	10.63	29.41	42.72	34.37	55.04	94.51	15.81	64.13	100.77	47.38	65.46	74.97	79.26	107.56	52.2	61.81	42.45	83.93	60.31	12.37	73.16	46.84	42.43	12.17	68.01	84.39	73.68	92.28	71.18	36.5	63.89	68.12	44.1	29.07	60.14	68.0	31.14	48.08	104.8	83.53	87.66	24.52	49.4	46.01	72.99	85.16	88.59	97.42	76.9	57.04	11.05	96.05	75.17	10.05	48.75	95.6	103.59	78.06	40.45	78.24	50.99	21.93	102.07
20	45.28	68.07	14.87	79.56	56.46	81.84	63.07	73.35	65.95	47.17	20.25	59.68	76.56	13.42	48.66	18.03	7.07	56.09	69.05	62.51	0.0	70.01	34.01	81.02	71.87	79.4	43.83	47.1	4.12	58.94	37.54	30.08	99.16	31.78	71.85	16.4	74.25	21.21	28.02	44.42	74.17	19.92	27.02	76.03	60.13	46.24	47.04	11.18	73.76	15.81	29.53	35.47	13.42	47.8	77.13	37.59	60.03	43.66	61.22	70.46	37.11	34.48	38.12	26.91	17.46	10.77	107.48	72.8	51.87	80.71	7.81	73.55	67.03	87.97	52.47	22.2	121.66	81.5	16.76	75.15	58.52	21.26	47.68	60.88
21	39.2	11.4	56.14	92.65	29.21	74.67	92.66	92.01	48.33	30.53	51.62	14.87	81.01	76.79	23.77	88.02	65.12	98.47	90.14	10.63	70.01	0.0	36.06	34.23	27.17	48.37	98.49	23.09	71.18	102.9	49.4	68.88	67.12	83.38	108.37	58.05	56.92	49.16	89.29	61.07	5.66	78.59	56.65	35.06	11.18	68.88	86.53	81.06	90.8	79.91	45.88	66.37	76.79	43.86	19.65	62.13	66.4	33.12	44.78	105.48	87.24	92.36	32.06	53.49	54.33	80.16	77.23	86.84	100.34	72.45	65.19	8.54	96.17	69.23	18.97	53.85	86.88	102.2	86.09	33.06	77.83	56.04	24.7	104.04
22	22.56	35.47	20.88	77.28	27.66	68.73	69.32	73.76	44.94	20.59	16.16	26.25	69.07	42.06	15.65	52.0	29.61	70.29	70.52	29.41	34.01	36.06	0.0	51.22	41.4	54.92	66.03	13.6	35.13	74.41	24.74	38.21	76.32	50.8	83.22	22.85	55.03	13.15	54.63	38.6	40.45	43.86	27.8	47.38	26.17	45.31	58.41	45.01	73.25	45.22	17.0	38.28	42.06	28.28	44.38	35.78	51.16	15.65	39.56	80.78	55.44	58.67	5.66	22.02	19.7	44.1	85.96	70.41	70.04	66.91	29.83	40.26	73.35	69.89	19.7	20.0	99.02	83.82	50.36	46.01	57.57	22.2	14.76	75.93
23	36.4	45.54	71.02	69.66	24.6	46.86	77.08	71.56	26.0	58.31	60.84	28.3	56.73	91.79	36.07	97.41	78.77	87.8	71.2	42.72	81.02	34.23	51.22	0.0	9.9	17.2	94.19	45.0	80.41	92.18	46.69	66.12	33.0	81.02	93.11	65.19	29.73	60.9	90.55	51.24	38.0	81.22	78.52	6.08	32.2	57.87	77.28	90.48	69.89	94.89	67.18	61.0	91.79	36.22	15.03	56.0	47.93	37.59	26.48	89.96	83.05	91.05	50.91	56.04	70.46	88.87	43.05	65.46	92.4	44.69	79.26	42.01	79.62	38.01	45.65	59.46	52.89	80.8	97.69	6.08	61.47	61.03	36.8	92.72
24	28.16	38.0	61.4	69.35	15.52	48.76	73.93	70.18	24.04	48.76	51.62	18.79	56.85	82.3	26.17	88.6	69.32	83.22	69.2	34.37	71.87	27.17	41.4	9.9	0.0	21.21	87.97	35.23	71.47	87.66	39.01	59.08	40.61	74.17	90.05	56.32	30.89	51.43	83.05	45.61	31.78	73.33	68.62	8.06	23.09	52.81	72.12	81.61	68.68	85.42	57.28	54.45	82.3	29.15	11.31	49.5	45.22	28.23	22.47	86.95	76.66	84.1	41.01	47.68	60.75	80.08	50.8	64.38	87.09	46.53	69.77	35.51	76.85	42.2	36.25	50.7	61.68	79.93	88.6	6.08	58.31	52.39	26.91	88.39
25	34.66	59.08	72.14	53.25	27.73	29.73	63.06	55.9	14.56	67.05	60.21	38.33	40.22	91.55	42.15	94.02	78.64	75.43	56.08	55.04	79.4	48.37	54.92	17.2	21.21	0.0	84.38	52.81	77.94	79.63	42.19	58.82	21.47	72.78	78.75	63.01	13.42	61.52	83.52	41.98	52.95	75.39	82.66	13.6	43.19	47.17	66.0	87.46	54.12	94.49	71.87	52.89	91.55	31.62	31.02	48.08	34.37	39.41	18.36	75.58	73.82	82.76	56.36	52.7	72.25	85.59	31.38	49.65	81.02	27.59	79.31	56.72	65.15	21.19	55.32	57.2	44.1	64.66	95.41	15.52	47.85	58.25	42.54	79.91
26	61.13	100.85	55.61	55.17	73.98	70.68	33.24	47.38	70.11	85.04	50.45	84.5	59.68	52.89	74.73	38.05	50.61	18.36	43.19	94.51	43.83	98.49	66.03	94.19	87.97	84.38	0.0	79.08	39.82	18.68	50.0	29.73	97.8	15.26	33.24	43.93	73.35	54.56	16.49	43.01	103.79	24.41	70.49	88.14	87.32	37.22	19.7	38.08	48.84	53.15	70.18	33.54	52.89	58.86	97.29	38.47	51.66	65.55	68.01	33.24	11.4	9.49	71.61	45.18	58.41	36.4	102.88	50.61	10.44	70.77	51.48	104.66	35.61	81.93	85.44	46.04	117.0	51.04	44.18	88.28	40.72	43.83	73.82	20.62
27	27.2	21.93	33.06	84.43	25.5	72.06	79.32	81.94	46.1	14.32	29.73	16.97	74.73	53.76	11.05	65.12	42.05	82.02	79.16	15.81	47.1	23.09	13.6	45.0	35.23	52.81	79.08	0.0	48.51	86.28	33.84	50.45	74.09	63.81	94.02	36.4	56.22	26.68	68.15	47.51	27.07	57.38	34.99	42.54	14.76	54.92	70.01	58.22	81.15	56.89	23.71	49.52	53.76	33.24	35.0	46.23	57.57	18.97	41.01	91.4	68.24	72.01	9.0	34.21	31.26	57.43	84.15	77.83	82.46	70.03	42.11	26.68	83.22	70.71	6.4	33.12	96.18	92.2	63.03	40.82	66.19	35.36	11.0	87.68
28	44.28	69.86	17.49	75.96	55.97	79.06	59.14	69.63	64.2	49.66	20.22	60.21	73.35	16.76	49.16	17.26	10.82	51.97	65.31	64.13	4.12	71.18	35.13	80.41	71.47	77.94	39.82	48.51	0.0	54.82	35.81	26.57	97.31	27.66	67.74	15.23	72.18	22.02	24.21	41.62	75.54	15.81	30.81	75.24	61.0	42.95	43.01	10.2	70.09	18.79	32.45	32.2	16.76	46.32	77.28	34.67	57.14	43.42	59.64	66.37	32.98	30.53	39.62	25.24	20.25	9.0	105.42	69.26	47.76	78.01	11.66	75.13	63.07	85.63	54.13	21.02	119.67	77.65	17.49	74.46	55.03	19.72	48.17	56.75
29	63.81	107.17	68.45	40.31	75.59	60.21	18.97	32.65	66.49	94.64	60.46	88.2	47.8	69.58	79.81	56.08	65.15	4.47	29.15	100.77	58.94	102.9	74.41	92.18	87.66	79.63	18.68	86.28	54.82	0.0	53.6	36.24	89.45	27.2	14.56	54.71	67.12	64.9	34.01	42.49	108.47	39.05	84.31	86.13	91.84	34.93	16.4	55.15	34.44	70.26	81.99	36.88	69.58	59.94	98.09	40.8	45.28	70.0	65.8	14.76	21.84	27.07	80.06	52.4	71.11	53.24	92.96	37.34	8.25	60.83	66.1	110.0	19.72	72.69	92.66	55.0	106.48	33.94	62.01	86.68	32.02	53.01	79.03	2.0
30	11.18	53.76	33.11	52.61	24.19	46.82	45.49	49.04	28.43	44.94	20.12	34.89	45.1	50.25	26.25	51.88	37.8	49.2	45.88	47.38	37.54	49.4	24.74	46.69	39.01	42.19	50.0	33.84	35.81	53.6	0.0	20.4	61.62	35.51	60.31	21.21	36.88	23.09	44.05	13.93	54.92	34.53	47.3	41.0	38.28	21.1	37.2	45.28	48.51	53.04	39.05	17.0	50.25	10.77	47.52	12.81	27.07	16.4	23.85	57.63	38.6	45.28	29.73	10.63	34.18	43.42	70.04	45.71	51.0	45.31	38.6	56.4	49.4	51.04	40.0	15.62	84.15	59.14	53.25	40.61	32.89	16.28	25.5	54.82
31	31.58	71.85	34.53	49.48	44.55	53.81	34.37	43.42	44.27	58.41	24.6	54.78	47.01	43.32	45.18	38.21	34.13	32.2	39.2	65.46	30.08	68.88	38.21	66.12	59.08	58.82	29.73	50.45	26.57	36.24	20.4	0.0	75.66	15.13	46.1	19.65	50.12	29.07	24.74	17.49	74.24	17.2	50.8	60.21	57.7	16.64	20.59	33.02	43.74	45.31	46.62	6.4	43.32	30.0	67.9	10.77	31.83	35.85	41.0	44.01	18.38	25.02	43.86	16.28	36.88	30.81	82.66	42.72	32.02	53.04	35.13	75.29	38.47	62.01	56.85	18.87	97.08	52.01	41.62	60.07	28.46	17.0	44.29	37.8
32	55.44	78.31	92.96	55.11	49.19	30.15	71.06	60.3	33.24	88.26	80.66	58.94	43.19	111.73	63.56	112.65	99.01	85.71	62.03	74.97	99.16	67.12	76.32	33.0	40.61	21.47	97.8	74.09	97.31	89.45	61.62	75.66	0.0	88.24	85.15	82.81	25.55	82.33	99.74	58.18	71.0	92.78	104.01	32.56	63.56	61.47	78.34	106.4	58.31	114.59	93.3	69.35	111.73	51.62	48.01	65.0	46.17	60.75	38.21	82.1	88.26	97.86	77.83	72.25	93.24	104.4	10.2	54.15	92.57	29.02	99.72	75.01	72.01	17.03	76.24	77.1	22.8	66.71	114.63	34.53	57.87	77.9	63.98	89.27
33	46.69	85.59	41.68	53.34	59.68	63.6	33.53	46.07	58.25	70.04	35.38	69.57	54.45	43.01	59.62	31.95	37.95	24.33	41.59	79.26	31.78	83.38	50.8	81.02	74.17	72.78	15.26	63.81	27.66	27.2	35.51	15.13	88.24	0.0	40.2	29.0	62.97	39.6	12.04	30.81	88.64	12.04	57.27	75.06	72.24	26.83	16.76	29.27	47.01	44.05	55.8	20.1	43.01	45.04	83.02	25.08	42.54	50.6	55.44	39.01	5.39	10.05	56.4	29.97	44.42	27.17	94.41	47.43	20.59	63.25	38.9	89.44	37.11	73.43	70.18	30.81	108.78	52.5	37.11	75.01	34.66	28.6	58.69	29.12
34	69.31	113.9	80.01	31.58	79.81	55.04	16.12	25.02	67.12	103.77	70.68	93.51	42.01	83.15	86.31	70.35	77.67	16.0	23.19	107.56	71.85	108.37	83.22	93.11	90.05	78.75	33.24	94.02	67.74	14.56	60.31	46.1	85.15	40.2	0.0	65.55	65.52	75.15	48.26	47.38	114.02	52.24	96.17	87.24	97.62	39.6	25.63	69.0	27.02	84.02	92.7	44.94	83.15	64.54	101.02	47.8	45.19	76.42	67.6	3.16	35.06	41.44	88.75	61.4	82.54	67.01	87.14	31.02	22.8	56.14	78.64	116.0	13.6	68.12	100.26	64.85	99.85	22.36	76.16	88.1	31.76	63.07	85.63	12.65
35	29.07	58.31	15.03	67.36	40.8	66.65	53.94	62.01	49.58	41.11	6.71	46.01	62.64	29.07	35.06	32.28	17.0	51.0	58.01	52.2	16.4	58.05	22.85	65.19	56.32	63.01	43.93	36.4	15.23	54.71	21.21	19.65	82.81	29.0	65.55	0.0	58.05	10.63	31.78	29.73	62.82	21.02	31.26	60.01	47.38	33.24	39.92	25.3	62.07	31.83	27.29	23.0	29.07	31.4	62.51	23.54	45.31	28.44	44.82	63.57	34.06	36.06	28.18	10.63	17.26	23.77	91.24	60.41	49.2	65.37	17.89	62.94	58.05	72.01	42.54	5.83	105.36	71.11	32.65	59.24	46.17	5.0	34.06	56.44
36	32.7	66.71	69.34	40.0	31.0	17.89	50.01	42.49	10.2	70.46	56.61	44.55	27.02	87.11	45.18	87.2	74.65	63.03	42.72	61.81	74.25	56.92	55.03	29.73	30.89	13.42	73.35	56.22	72.18	67.12	36.88	50.12	25.55	62.97	65.52	58.05	0.0	58.83	74.32	32.65	62.03	67.23	81.86	24.84	49.65	36.4	54.33	81.06	40.71	89.87	71.87	43.83	87.11	27.78	41.88	39.45	22.02	39.56	15.52	62.36	63.32	72.73	57.72	47.42	69.97	79.03	33.24	36.24	69.12	15.65	75.43	65.46	51.92	14.87	60.0	52.5	47.51	51.31	89.38	26.4	35.13	53.08	45.28	67.27
37	26.91	48.38	10.63	74.01	36.36	69.89	62.64	69.35	49.41	30.48	4.47	38.47	67.74	30.89	27.46	39.05	17.89	61.06	65.62	42.45	21.21	49.16	13.15	60.9	51.43	61.52	54.56	26.68	22.02	64.9	23.09	29.07	82.33	39.6	75.15	10.63	58.83	0.0	42.06	35.06	53.6	31.38	24.33	56.3	39.01	40.2	49.65	32.02	69.18	34.0	17.72	31.05	30.89	31.06	56.04	30.15	49.82	23.32	44.2	73.01	44.6	46.62	18.03	15.03	11.18	31.02	91.4	67.01	59.67	68.35	18.36	53.37	66.76	73.43	32.57	10.44	105.12	78.92	37.85	55.23	53.15	12.08	26.48	66.57
38	55.0	90.08	41.04	64.9	68.01	75.6	44.28	57.45	68.96	72.11	38.48	76.3	66.47	36.4	65.73	22.09	35.0	32.39	53.0	83.93	28.02	89.29	54.63	90.55	83.05	83.52	16.49	68.15	24.21	34.01	44.05	24.74	99.74	12.04	48.26	31.78	74.32	42.06	0.0	41.79	94.25	10.77	55.0	84.72	78.34	38.59	27.78	21.59	58.52	36.67	55.97	30.68	36.4	54.33	91.14	35.44	54.38	57.56	65.73	47.68	14.76	7.07	59.93	36.35	43.86	19.92	106.17	59.2	26.02	75.21	35.81	94.58	47.54	85.23	74.32	35.44	120.57	63.16	28.0	84.48	46.67	33.24	64.76	36.01
39	21.93	66.6	43.93	39.12	33.12	37.44	32.02	35.17	27.46	58.87	31.26	46.23	32.98	57.8	39.05	55.23	46.62	38.01	31.95	60.31	44.42	61.07	38.6	51.24	45.61	41.98	43.01	47.51	41.62	42.49	13.93	17.49	58.18	30.81	47.38	29.73	32.65	35.06	41.79	0.0	66.71	34.67	59.3	45.18	50.25	7.81	26.57	49.52	34.71	60.21	52.09	11.18	57.8	17.49	55.71	7.07	15.65	29.21	25.0	44.55	32.06	40.79	43.66	20.22	45.54	47.38	65.22	32.14	41.48	36.4	47.54	68.62	35.81	44.69	53.54	25.5	79.63	45.22	58.05	45.4	18.97	25.0	38.42	43.42
40	44.82	9.9	60.0	98.18	34.83	79.85	98.31	97.62	53.67	32.31	56.29	20.52	86.45	80.31	29.07	92.2	69.0	104.04	95.78	12.37	74.17	5.66	40.45	38.0	31.78	52.95	103.79	27.07	75.54	108.47	54.92	74.24	71.0	88.64	114.02	62.82	62.03	53.6	94.25	66.71	0.0	83.52	59.2	39.46	16.64	74.52	92.09	85.29	96.4	83.38	48.84	71.87	80.31	49.52	23.02	67.68	72.01	38.59	50.25	111.13	92.57	97.5	36.06	58.69	58.03	84.48	81.02	92.42	105.82	77.62	69.01	4.12	101.82	73.98	22.09	58.82	90.09	107.8	90.0	37.48	83.49	61.03	29.97	109.62
41	45.18	79.31	31.24	63.56	58.08	70.71	44.91	56.65	60.93	61.61	27.73	65.76	63.01	31.0	55.11	21.63	26.4	36.35	52.2	73.16	19.92	78.59	43.86	81.22	73.33	75.39	24.41	57.38	15.81	39.05	34.53	17.2	92.78	12.04	52.24	21.02	67.23	31.38	10.77	34.67	83.52	0.0	46.14	75.5	67.68	33.24	28.28	17.72	57.38	32.14	45.97	23.6	31.0	45.12	81.01	27.78	48.84	47.17	57.25	51.04	17.26	15.56	49.19	26.02	34.06	15.52	99.86	57.25	31.95	70.04	27.31	83.82	48.66	79.2	63.56	24.74	114.28	63.79	26.0	75.13	43.57	22.56	54.13	41.0
42	49.19	50.8	16.28	98.05	55.44	93.96	85.16	93.05	72.01	27.29	28.07	51.61	92.07	24.7	42.45	41.34	20.0	80.99	89.14	46.84	27.02	56.65	27.8	78.52	68.62	82.66	70.49	34.99	30.81	84.31	47.3	50.8	104.01	57.27	96.17	31.26	81.86	24.33	55.0	59.3	59.2	46.14	0.0	75.01	49.74	64.0	70.6	36.24	93.01	27.2	11.4	54.15	24.7	54.23	69.89	54.01	74.15	43.27	66.65	94.37	62.65	61.29	27.66	39.12	14.04	36.8	113.53	91.05	77.82	92.35	19.21	57.27	89.27	96.66	37.7	34.01	126.75	102.31	36.67	73.55	77.0	35.01	41.73	86.16
43	31.02	46.01	66.61	64.44	20.0	42.44	71.18	66.03	20.12	56.36	55.95	26.57	51.62	87.13	32.8	92.11	74.09	81.74	65.51	42.43	76.03	35.06	47.38	6.08	8.06	13.6	88.14	42.54	75.24	86.13	41.0	60.21	32.56	75.06	87.24	60.01	24.84	56.3	84.72	45.18	39.46	75.5	75.01	0.0	31.05	51.79	71.2	85.23	64.4	90.21	63.78	55.01	87.13	30.41	17.46	50.01	42.05	33.02	20.4	84.1	77.03	85.09	47.63	50.6	66.22	83.57	42.76	60.0	86.31	40.22	74.63	43.29	73.79	34.79	44.01	54.23	53.85	75.43	92.61	2.0	55.54	55.71	33.42	86.68
44	28.32	17.46	46.87	83.24	19.7	66.94	82.04	82.1	40.26	26.4	41.11	5.1	72.09	67.91	12.65	78.06	55.73	87.42	80.0	12.17	60.13	11.18	26.17	32.2	23.09	43.19	87.32	14.76	61.0	91.84	38.28	57.7	63.56	72.24	97.62	47.38	49.65	39.01	78.34	50.25	16.64	67.68	49.74	31.05	0.0	58.05	75.45	71.03	80.99	71.06	38.47	55.23	67.91	33.3	20.52	51.04	56.6	21.95	36.06	94.76	76.06	81.27	23.09	42.38	45.35	70.0	73.76	77.18	89.19	64.76	55.9	18.38	85.63	63.07	13.6	42.95	84.76	92.36	76.53	29.12	67.48	45.12	13.6	93.01
45	29.73	74.33	48.09	34.13	40.82	37.48	24.41	29.15	33.0	65.8	36.06	54.04	30.41	59.62	46.75	54.67	49.48	30.46	25.5	68.01	46.24	68.88	45.31	57.87	52.81	47.17	37.22	54.92	42.95	34.93	21.1	16.64	61.47	26.83	39.6	33.24	36.4	40.2	38.59	7.81	74.52	33.24	64.0	51.79	58.05	0.0	19.42	49.65	29.02	61.74	57.71	10.77	59.62	25.24	63.16	10.05	15.81	36.88	31.4	36.8	26.93	36.4	50.57	25.18	50.01	47.43	67.6	27.17	34.53	36.88	50.45	76.42	28.3	46.65	61.03	30.02	81.99	38.83	58.25	52.17	13.0	29.02	46.1	35.78
46	47.51	90.79	54.41	37.2	59.51	50.99	16.76	29.68	52.15	78.82	45.18	71.87	40.22	59.14	63.41	48.7	52.47	12.04	25.24	84.39	47.04	86.53	58.41	77.28	72.12	66.0	19.7	70.01	43.01	16.4	37.2	20.59	78.34	16.76	25.63	39.92	54.33	49.65	27.78	26.57	92.09	28.28	70.6	71.2	75.45	19.42	0.0	45.89	30.81	60.41	67.12	20.52	59.14	43.86	82.28	24.41	32.39	53.6	50.8	23.77	13.04	22.67	64.03	36.4	56.92	43.74	83.22	31.83	15.13	51.08	53.46	93.6	20.4	62.3	76.37	39.45	97.31	35.74	53.85	71.59	21.02	37.59	62.63	17.69
47	54.23	79.25	25.96	81.15	66.1	86.68	62.59	74.33	73.5	58.19	30.41	70.35	79.92	14.87	59.3	7.07	17.46	53.0	69.89	73.68	11.18	81.06	45.01	90.48	81.61	87.46	38.08	58.22	10.2	55.15	45.28	33.02	106.4	29.27	69.0	25.3	81.06	32.02	21.59	49.52	85.29	17.72	36.24	85.23	71.03	49.65	45.89	0.0	75.03	15.13	40.31	39.2	14.87	55.95	87.48	42.45	64.66	53.6	69.12	68.07	34.06	28.64	49.25	34.89	28.46	2.24	114.21	74.73	47.38	85.8	17.89	84.72	66.29	94.07	63.64	31.02	128.55	81.49	8.6	84.5	60.83	29.55	58.31	57.14
48	54.13	98.27	77.03	6.4	61.61	28.16	15.81	2.0	44.69	93.3	65.07	76.28	15.13	86.83	71.55	78.72	77.78	31.91	5.66	92.28	73.76	90.8	73.25	69.89	68.68	54.12	48.84	81.15	70.09	34.44	48.51	43.74	58.31	47.01	27.02	62.07	40.71	69.18	58.52	34.71	96.4	57.38	93.01	64.4	80.99	29.02	30.81	75.03	0.0	88.6	86.58	39.12	86.83	48.3	79.98	39.05	24.41	62.24	46.69	24.08	43.83	53.41	78.16	54.15	79.0	72.8	60.13	4.47	40.22	29.43	78.77	99.05	14.87	41.3	86.82	59.03	72.99	11.4	83.38	65.6	16.03	58.0	71.11	33.62
49	60.0	76.01	24.35	94.56	70.33	97.64	76.94	88.06	81.34	53.15	34.41	71.47	92.14	3.16	60.75	16.64	16.12	68.03	83.68	71.18	15.81	79.91	45.22	94.89	85.42	94.49	53.15	56.89	18.79	70.26	53.04	45.31	114.59	44.05	84.02	31.83	89.87	34.0	36.67	60.21	83.38	32.14	27.2	90.21	71.06	61.74	60.41	15.13	88.6	0.0	35.01	50.99	3.16	63.03	89.54	53.34	75.8	57.31	76.49	83.01	49.0	43.74	48.05	42.45	25.71	17.03	123.07	87.92	62.51	96.52	15.65	82.1	80.75	103.71	61.29	37.48	137.18	95.71	10.63	89.19	73.74	36.8	59.81	72.25
