vehicles
vehicle_idx, capacity, cost_per_unit_distance
1,100,3
2,100,3
3,100,3
4,100,3
5,100,3
6,100,3
7,100,3
8,100,3
9,100,3
depot
node_idx,x,y
0,59,44
home delivery customers
node_idx,x,y,service_time,demand
1,9,23,10,2
2,84,68,10,1
3,40,98,10,5
4,72,43,10,3
5,0,60,10,9
6,64,90,10,12
7,33,54,10,18
8,67,18,10,5
9,5,78,10,6
10,39,28,10,2
11,61,36,10,17
12,94,87,10,10
13,68,29,10,7
14,12,91,10,12
15,2,22,10,20
16,32,89,10,23
17,36,14,10,10
18,10,25,10,15
19,40,91,10,13
20,41,24,10,7
21,54,22,10,8
22,94,54,10,12
23,14,40,10,25
24,88,55,10,8
self pickup customers
node_idx,x,y,service_time,demand,locker_idxs
25,36,93,10,6,77-83-70
26,87,9,10,9,79-69-74
27,11,8,10,1,77-72
28,34,93,10,5,77-83-70
29,19,25,10,9,81-72
30,14,9,10,16,83-72
31,64,4,10,8,78-74
32,68,59,10,7,80-79-71
33,11,57,10,21,78-70
34,9,76,10,4,75-70
35,82,13,10,7,81-74-69
36,72,74,10,15,82-73-71
37,90,20,10,9,81-69-74
38,4,44,10,23,78-72
39,43,59,10,5,83-80-70
40,3,70,10,8,77-70
41,94,16,10,25,75-69-74
42,37,0,10,24,78-72
43,80,25,10,22,76-74-69
44,37,64,10,7,83-80-78-70
45,87,47,10,24,79-82-76-69
46,18,68,10,18,78-83-80-70
flexible customers
node_idx,x,y,service_time,demand,locker_idxs
47,34,16,10,16,81-75-72
48,46,7,10,1,75-81-72-74
49,23,84,10,10,80-83-77-70
50,70,64,10,12,80-79-82-76-71-73
51,58,50,10,6,82-79-80-81-74
52,95,39,10,20,76-82-69
53,38,54,10,23,80-81-78-75-70
54,50,73,10,39,77-79-83-80-71
55,48,46,10,17,80-78-75-81-72
56,79,30,10,13,76-82-74-69
57,28,50,10,3,81-75-80-78-72
58,51,91,10,2,80-83-77-71-73
59,14,9,10,23,76-72
60,25,16,10,13,75-78-81-72
61,3,51,10,25,78-70
62,13,52,10,5,78-70
63,58,18,10,13,75-81-74
64,40,39,10,12,81-75-78-72
65,9,92,10,19,77-70
66,96,97,10,5,75-73
67,20,21,10,15,78-75-81-72
68,33,31,10,30,75-81-78-72-74
lockers
node_idx,x,y,service_time,capacity,cost_per_unit_good
69,93,12,10,97
70,22,88,10,70
71,65,88,10,70
72,25,15,10,82
73,77,88,10,77
74,72,14,10,80
75,37,31,10,85
76,86,49,10,74
77,33,93,10,75
78,29,43,10,70
79,72,64,10,71
80,43,68,10,73
81,44,34,10,96
82,83,55,10,83
83,39,84,10,79
mrt lines
start_node_idx,end_node_idx,freight_capacity,cost_per_unit_good
69,70,97,0.5
70,69,97,0.5
71,72,82,0.5
72,71,82,0.5
73,74,80,0.5
74,73,80,0.5
distance matrix
,0,1,2,3,4,5,6,7,8,9,10,11,12,13,14,15,16,17,18,19,20,21,22,23,24,25,26,27,28,29,30,31,32,33,34,35,36,37,38,39,40,41,42,43,44,45,46,47,48,49,50,51,52,53,54,55,56,57,58,59,60,61,62,63,64,65,66,67,68,69,70,71,72,73,74,75,76,77,78,79,80,81,82,83,
0,0.0,54.23,34.66,57.25,13.04,61.13,46.27,27.86,27.2,63.81,25.61,8.25,55.44,17.49,66.47,61.1,52.48,37.8,52.55,50.7,26.91,22.56,36.4,45.18,31.02,54.13,44.82,60.0,55.01,44.28,57.01,40.31,17.49,49.73,59.36,38.6,32.7,39.2,55.0,21.93,61.74,44.82,49.19,28.32,29.73,28.16,47.51,37.54,39.22,53.81,22.83,6.08,36.35,23.26,30.36,11.18,24.41,31.58,47.68,57.01,44.05,56.44,46.69,26.02,19.65,69.31,64.64,45.28,29.07,46.69,57.49,44.41,44.69,47.54,32.7,25.55,27.46,55.47,30.02,23.85,28.84,18.03,26.4,44.72
1,54.23,0.0,87.46,81.15,66.1,38.08,86.68,39.2,58.22,55.15,30.41,53.6,106.4,59.3,68.07,7.07,69.89,28.46,2.24,74.73,32.02,45.01,90.48,17.72,85.23,75.03,79.25,15.13,74.33,10.2,14.87,58.19,69.12,34.06,53.0,73.68,81.06,81.06,21.59,49.52,47.38,85.29,36.24,71.03,49.65,81.61,45.89,25.96,40.31,62.59,73.5,55.95,87.48,42.45,64.66,45.28,70.35,33.02,79.92,14.87,17.46,28.64,29.27,49.25,34.89,69.0,114.21,11.18,25.3,84.72,66.29,85.8,17.89,94.07,63.64,29.12,81.27,74.0,28.28,75.17,56.4,36.69,80.62,67.98
2,34.66,87.46,0.0,53.25,27.73,84.38,29.73,52.89,52.81,79.63,60.21,39.41,21.47,42.15,75.58,94.02,56.08,72.25,85.59,49.65,61.52,54.92,17.2,75.39,13.6,54.12,59.08,94.49,55.9,77.94,91.55,67.05,18.36,73.82,75.43,55.04,13.42,48.37,83.52,41.98,81.02,52.95,82.66,43.19,47.17,21.21,66.0,72.14,71.87,63.06,14.56,31.62,31.02,48.08,34.37,42.19,38.33,58.82,40.22,91.55,78.64,82.76,72.78,56.36,52.7,78.75,31.38,79.4,63.01,56.72,65.15,27.59,79.31,21.19,55.32,59.82,19.1,56.8,60.42,12.65,41.0,52.5,13.04,47.76
3,57.25,81.15,53.25,0.0,63.63,55.17,25.3,44.55,84.43,40.31,70.01,65.46,55.11,74.46,28.86,84.97,12.04,84.1,78.92,7.0,74.01,77.28,69.66,63.56,64.44,6.4,100.65,94.56,7.81,75.96,92.72,97.02,48.01,50.22,38.01,94.81,40.0,92.65,64.9,39.12,46.4,98.18,98.05,83.24,34.13,69.35,37.2,82.22,91.2,22.02,45.34,51.26,80.66,44.05,26.93,52.61,78.39,49.48,13.04,92.72,83.36,59.82,53.34,82.0,59.0,31.58,56.01,79.56,67.36,101.02,20.59,26.93,84.34,38.33,89.89,67.07,67.21,8.6,56.09,46.69,30.15,64.12,60.81,14.04
4,13.04,66.1,27.73,63.63,0.0,73.98,47.68,40.52,25.5,75.59,36.25,13.04,49.19,14.56,76.84,73.08,60.96,46.23,64.56,57.69,36.36,27.66,24.6,58.08,20.0,61.61,37.16,70.33,62.8,55.97,67.23,39.81,16.49,62.59,71.12,31.62,31.0,29.21,68.01,33.12,74.09,34.83,55.44,19.7,40.82,15.52,59.51,46.62,44.41,63.89,21.1,15.65,23.35,35.74,37.2,24.19,14.76,44.55,52.39,67.23,54.2,69.46,59.68,28.65,32.25,79.81,59.09,56.46,40.8,37.44,67.27,45.54,54.71,45.28,29.0,37.0,15.23,63.41,43.0,21.0,38.29,29.41,16.28,52.63
5,61.13,38.08,84.38,55.17,73.98,0.0,70.68,33.54,79.08,18.68,50.45,65.55,97.8,74.73,33.24,38.05,43.19,58.41,36.4,50.61,54.56,66.03,94.19,24.41,88.14,48.84,100.85,53.15,47.38,39.82,52.89,85.04,68.01,11.4,18.36,94.51,73.35,98.49,16.49,43.01,10.44,103.79,70.49,87.32,37.22,87.97,19.7,55.61,70.18,33.24,70.11,58.86,97.29,38.47,51.66,50.0,84.5,29.73,59.68,52.89,50.61,9.49,15.26,71.61,45.18,33.24,102.88,43.83,43.93,104.66,35.61,70.77,51.48,81.93,85.44,47.01,86.7,46.67,33.62,72.11,43.74,51.11,83.15,45.79
6,46.27,86.68,29.73,25.3,47.68,70.68,0.0,47.51,72.06,60.21,66.85,54.08,30.15,61.13,52.01,92.02,32.02,80.99,84.5,24.02,69.89,68.73,46.86,70.71,42.44,28.16,84.2,97.64,30.15,79.06,95.19,86.0,31.26,62.43,56.75,79.08,17.89,74.67,75.6,37.44,64.2,79.85,93.96,66.94,37.48,48.76,50.99,79.85,84.93,41.44,26.68,40.45,59.68,44.41,22.02,46.82,61.85,53.81,13.04,95.19,83.65,72.4,63.6,72.25,56.36,55.04,32.76,81.84,66.65,83.22,42.05,2.24,84.53,13.15,76.42,64.88,46.53,31.14,58.6,27.2,30.41,59.46,39.82,25.71
7,27.86,39.2,52.89,44.55,40.52,33.54,47.51,0.0,49.52,36.88,26.68,33.29,69.35,43.01,42.54,44.55,35.01,40.11,37.01,37.66,31.05,38.28,61.0,23.6,55.01,39.12,70.29,50.99,39.01,32.2,48.85,58.83,35.36,22.2,32.56,63.89,43.83,66.37,30.68,11.18,34.0,71.87,54.15,55.23,10.77,54.45,20.52,38.01,48.76,31.62,38.33,25.32,63.79,5.0,25.5,17.0,51.88,6.4,41.15,48.85,38.83,30.15,20.1,43.83,16.55,44.94,76.28,35.47,23.0,73.24,35.74,46.69,39.81,55.61,55.87,23.35,53.24,39.0,11.7,40.26,17.2,22.83,50.01,30.59
8,27.2,58.22,52.81,84.43,25.5,79.08,72.06,49.52,0.0,86.28,29.73,18.97,74.09,11.05,91.4,65.12,79.16,31.26,57.43,77.83,26.68,13.6,45.0,57.38,42.54,81.15,21.93,56.89,81.94,48.51,53.76,14.32,41.01,68.24,82.02,15.81,56.22,23.09,68.15,47.51,82.46,27.07,34.99,14.76,54.92,35.23,70.01,33.06,23.71,79.32,46.1,33.24,35.0,46.23,57.57,33.84,16.97,50.45,74.73,53.76,42.05,72.01,63.81,9.0,34.21,94.02,84.15,47.1,36.4,26.68,83.22,70.03,42.11,70.71,6.4,32.7,36.36,82.35,45.49,46.27,55.46,28.02,40.31,71.69
9,63.81,55.15,79.63,40.31,75.59,18.68,60.21,36.88,86.28,0.0,60.46,70.0,89.45,79.81,14.76,56.08,29.15,71.11,53.24,37.34,64.9,74.41,92.18,39.05,86.13,34.44,107.17,70.26,32.65,54.82,69.58,94.64,65.8,21.84,4.47,100.77,67.12,102.9,34.01,42.49,8.25,108.47,84.31,91.84,34.93,87.66,16.4,68.45,81.99,18.97,66.49,59.94,98.09,40.8,45.28,53.6,88.2,36.24,47.8,69.58,65.15,27.07,27.2,80.06,52.4,14.56,92.96,58.94,54.71,110.0,19.72,60.83,66.1,72.69,92.66,56.86,86.03,31.76,42.44,68.45,39.29,58.8,81.32,34.53
10,25.61,30.41,60.21,70.01,36.25,50.45,66.85,26.68,29.73,60.46,0.0,23.41,80.66,29.02,68.54,37.48,61.4,14.32,29.15,63.01,4.47,16.16,60.84,27.73,55.95,65.07,51.62,34.41,65.19,20.22,31.4,34.66,42.45,40.31,56.6,45.54,56.61,51.62,38.48,31.26,55.32,56.29,28.07,41.11,36.06,51.62,45.18,13.0,22.14,58.24,47.51,29.07,57.07,26.02,46.32,20.12,40.05,24.6,64.13,31.4,18.44,42.72,35.38,21.47,11.05,70.68,89.5,20.25,6.71,56.32,62.36,65.39,19.1,71.02,35.85,3.61,51.48,65.28,18.03,48.84,40.2,7.81,51.62,56.0
11,8.25,53.6,39.41,65.46,13.04,65.55,54.08,33.29,18.97,70.0,23.41,0.0,60.75,9.9,73.66,60.64,60.42,33.3,52.17,58.87,23.32,15.65,37.59,47.17,33.02,62.24,37.48,57.31,63.07,43.42,54.2,32.14,24.04,54.23,65.6,31.14,39.56,33.12,57.56,29.21,67.23,38.59,43.27,21.95,36.88,28.23,53.6,33.6,32.65,61.22,29.41,14.32,34.13,29.21,38.6,16.4,18.97,35.85,55.9,54.2,41.18,59.91,50.6,18.25,21.21,76.42,70.33,43.66,28.44,40.0,65.0,52.15,41.68,54.41,24.6,24.52,28.18,63.51,32.76,30.08,36.72,17.12,29.07,52.8
12,55.44,106.4,21.47,55.11,49.19,97.8,30.15,69.35,74.09,89.45,80.66,60.75,0.0,63.56,82.1,112.65,62.03,93.24,104.4,54.15,82.33,76.32,33.0,92.78,32.56,58.31,78.31,114.59,60.3,97.31,111.73,88.26,38.21,88.26,85.71,74.97,25.55,67.12,99.74,58.18,92.57,71.0,104.01,63.56,61.47,40.61,78.34,92.96,93.3,71.06,33.24,51.62,48.01,65.0,46.17,61.62,58.94,75.66,43.19,111.73,99.01,97.86,88.24,77.83,72.25,85.15,10.2,99.16,82.81,75.01,72.01,29.02,99.72,17.03,76.24,79.91,38.83,61.29,78.49,31.83,54.42,72.86,33.84,55.08
13,17.49,59.3,42.15,74.46,14.56,74.73,61.13,43.01,11.05,79.81,29.02,9.9,63.56,0.0,83.55,66.37,69.97,35.34,58.14,68.03,27.46,15.65,36.07,55.11,32.8,71.55,27.59,60.75,72.47,49.16,57.58,25.32,30.0,63.51,75.43,21.26,45.18,23.77,65.73,39.05,76.85,29.07,42.45,12.65,46.75,26.17,63.41,36.4,31.11,71.06,35.06,23.26,28.79,39.05,47.54,26.25,11.05,45.18,64.29,57.58,44.92,68.62,59.62,14.87,29.73,86.31,73.54,48.66,35.06,30.23,74.81,59.08,45.22,59.68,15.52,31.06,26.91,72.95,41.44,35.23,46.32,24.52,30.02,62.18
14,66.47,68.07,75.58,28.86,76.84,33.24,52.01,42.54,91.4,14.76,68.54,73.66,82.1,83.55,0.0,69.72,20.1,80.65,66.03,28.0,73.01,80.78,89.96,51.04,84.1,24.08,111.13,83.01,22.09,66.37,82.02,101.36,64.5,34.01,15.3,104.8,62.36,105.48,47.68,44.55,22.85,111.13,94.37,94.76,36.8,86.95,23.77,78.16,90.62,13.04,63.98,61.62,97.94,45.22,42.05,57.63,90.61,44.01,39.0,82.02,76.12,41.0,39.01,86.28,59.06,3.16,84.21,70.46,63.57,113.15,10.44,53.08,77.1,65.07,97.62,65.0,85.09,21.1,50.92,65.8,38.6,65.37,79.61,27.89
15,61.1,7.07,94.02,84.97,73.08,38.05,92.02,44.55,65.12,56.08,37.48,60.64,112.65,66.37,69.72,0.0,73.41,34.93,8.54,78.77,39.05,52.0,97.41,21.63,92.11,78.72,85.99,16.64,77.88,17.26,17.69,64.56,75.66,36.14,54.45,80.5,87.2,88.02,22.09,55.23,48.01,92.2,41.34,78.06,54.67,88.6,48.7,32.56,46.49,65.46,79.92,62.61,94.54,48.17,70.04,51.88,77.41,38.21,84.63,17.69,23.77,29.02,31.95,56.14,41.63,70.35,120.25,18.03,32.28,91.55,68.96,91.24,24.04,99.9,70.46,36.14,88.23,77.47,34.21,81.63,61.62,43.68,87.46,72.2
16,52.48,69.89,56.08,12.04,60.96,43.19,32.02,35.01,79.16,29.15,61.4,60.42,62.03,69.97,20.1,73.41,0.0,75.11,67.68,8.25,65.62,70.52,71.2,52.2,65.51,5.66,97.08,83.68,4.47,65.31,82.0,90.82,46.86,38.28,26.42,90.97,42.72,90.14,53.0,31.95,34.67,95.78,89.14,80.0,25.5,69.2,25.24,73.03,83.19,10.3,45.49,46.87,80.43,35.51,24.08,45.88,75.43,39.2,19.1,82.0,73.33,47.8,41.59,75.61,50.64,23.19,64.5,69.05,58.01,98.23,10.05,33.02,74.33,45.01,85.0,58.22,67.2,4.12,46.1,47.17,23.71,56.29,61.29,8.6
17,37.8,28.46,72.25,84.1,46.23,58.41,80.99,40.11,31.26,71.11,14.32,33.3,93.24,35.34,80.65,34.93,75.11,0.0,28.23,77.1,11.18,19.7,70.46,34.06,66.22,79.0,51.24,25.71,79.03,20.25,22.56,29.73,55.22,49.74,67.62,46.01,69.97,54.33,43.86,45.54,65.0,58.03,14.04,45.35,50.01,60.75,56.92,2.83,12.21,71.2,60.46,42.19,64.08,40.05,60.64,34.18,45.88,36.88,78.45,22.56,11.18,49.58,44.42,22.36,25.32,82.54,102.42,17.46,17.26,57.04,75.31,79.48,11.05,84.6,36.0,17.03,61.03,79.06,29.83,61.61,54.45,21.54,62.37,70.06
18,52.55,2.24,85.59,78.92,64.56,36.4,84.5,37.01,57.43,53.24,29.15,52.17,104.4,58.14,66.03,8.54,67.68,28.23,0.0,72.5,31.02,44.1,88.87,15.52,83.57,72.8,78.64,17.03,72.11,9.0,16.49,57.94,67.23,32.02,51.01,72.99,79.03,80.16,19.92,47.38,45.54,84.48,36.8,70.0,47.43,80.08,43.74,25.63,40.25,60.42,71.56,54.12,86.15,40.31,62.48,43.42,69.18,30.81,77.7,16.49,17.49,26.93,27.17,48.51,33.11,67.01,112.16,10.77,23.77,84.01,64.13,83.63,18.03,91.97,62.97,27.66,79.7,71.78,26.17,73.25,54.2,35.17,78.92,65.74
19,50.7,74.73,49.65,7.0,57.69,50.61,24.02,37.66,77.83,37.34,63.01,58.87,54.15,68.03,28.0,78.77,8.25,77.1,72.5,0.0,67.01,70.41,65.46,57.25,60.0,4.47,94.51,87.92,6.32,69.26,86.02,90.25,42.52,44.69,34.44,88.59,36.24,86.84,59.2,32.14,42.54,92.42,91.05,77.18,27.17,64.38,31.83,75.24,84.21,18.38,40.36,44.78,75.69,37.05,20.59,45.71,72.4,42.72,11.0,86.02,76.49,54.49,47.43,75.19,52.0,31.02,56.32,72.8,60.41,95.13,18.25,25.18,77.47,37.12,83.38,60.07,62.29,7.28,49.24,41.87,23.19,57.14,56.08,7.07
20,26.91,32.02,61.52,74.01,36.36,54.56,69.89,31.05,26.68,64.9,4.47,23.32,82.33,27.46,73.01,39.05,65.62,11.18,31.02,67.01,0.0,13.15,60.9,31.38,56.3,69.18,48.38,34.0,69.35,22.02,30.89,30.48,44.2,44.6,61.06,42.45,58.83,49.16,42.06,35.06,59.67,53.6,24.33,39.01,40.2,51.43,49.65,10.63,17.72,62.64,49.41,31.06,56.04,30.15,49.82,23.09,38.47,29.07,67.74,30.89,17.89,46.62,39.6,18.03,15.03,75.15,91.4,21.21,10.63,53.37,66.76,68.35,18.36,73.43,32.57,8.06,51.48,69.46,22.47,50.61,44.05,10.44,52.2,60.03
21,22.56,45.01,54.92,77.28,27.66,66.03,68.73,38.28,13.6,74.41,16.16,15.65,76.32,15.65,80.78,52.0,70.52,19.7,44.1,70.41,13.15,0.0,51.22,43.86,47.38,73.25,35.47,45.22,73.76,35.13,42.06,20.59,39.56,55.44,70.29,29.41,55.03,36.06,54.63,38.6,70.04,40.45,27.8,26.17,45.31,41.4,58.41,20.88,17.0,69.32,44.94,28.28,44.38,35.78,51.16,24.74,26.25,38.21,69.07,42.06,29.61,58.67,50.8,5.66,22.02,83.22,85.96,34.01,22.85,40.26,73.35,66.91,29.83,69.89,19.7,19.24,41.87,74.04,32.65,45.69,47.3,15.62,43.93,63.79
22,36.4,90.48,17.2,69.66,24.6,94.19,46.86,61.0,45.0,92.18,60.84,37.59,33.0,36.07,89.96,97.41,71.2,70.46,88.87,65.46,60.9,51.22,0.0,81.22,6.08,69.89,45.54,94.89,71.56,80.41,91.79,58.31,26.48,83.05,87.8,42.72,29.73,34.23,90.55,51.24,92.4,38.0,78.52,32.2,57.87,9.9,77.28,71.02,67.18,77.08,26.0,36.22,15.03,56.0,47.93,46.69,28.3,66.12,56.73,91.79,78.77,91.05,81.02,50.91,56.04,93.11,43.05,81.02,65.19,42.01,79.62,44.69,79.26,38.01,45.65,61.47,9.43,72.4,65.92,24.17,52.89,53.85,11.05,62.65
23,45.18,17.72,75.39,63.56,58.08,24.41,70.71,23.6,57.38,39.05,27.73,47.17,92.78,55.11,51.04,21.63,52.2,34.06,15.52,57.25,31.38,43.86,81.22,0.0,75.5,57.38,79.31,32.14,56.65,15.81,31.0,61.61,57.25,17.26,36.35,73.16,67.23,78.59,10.77,34.67,31.95,83.52,46.14,67.68,33.24,73.33,28.28,31.24,45.97,44.91,60.93,45.12,81.01,27.78,48.84,34.53,65.76,17.2,63.01,31.0,26.4,15.56,12.04,49.19,26.02,52.24,99.86,19.92,21.02,83.82,48.66,70.04,27.31,79.2,63.56,24.7,72.56,56.3,15.3,62.77,40.31,30.59,70.61,50.61
24,31.02,85.23,13.6,64.44,20.0,88.14,42.44,55.01,42.54,86.13,55.95,33.02,32.56,32.8,84.1,92.11,65.51,66.22,83.57,60.0,56.3,47.38,6.08,75.5,0.0,64.4,46.01,90.21,66.03,75.24,87.13,56.36,20.4,77.03,81.74,42.43,24.84,35.06,84.72,45.18,86.31,39.46,75.01,31.05,51.79,8.06,71.2,66.61,63.78,71.18,20.12,30.41,17.46,50.01,42.05,41.0,26.57,60.21,51.62,87.13,74.09,85.09,75.06,47.63,50.6,87.24,42.76,76.03,60.01,43.29,73.79,40.22,74.63,34.79,44.01,56.36,6.32,66.85,60.21,18.36,46.84,48.75,5.0,56.94
25,54.13,75.03,54.12,6.4,61.61,48.84,28.16,39.12,81.15,34.44,65.07,62.24,58.31,71.55,24.08,78.72,5.66,79.0,72.8,4.47,69.18,73.25,69.89,57.38,64.4,0.0,98.27,88.6,2.0,70.09,86.83,93.3,46.69,43.83,31.91,92.28,40.71,90.8,58.52,34.71,40.22,96.4,93.01,80.99,29.02,68.68,30.81,77.03,86.58,15.81,44.69,48.3,79.98,39.05,24.41,48.51,76.28,43.74,15.13,86.83,77.78,53.41,47.01,78.16,54.15,27.02,60.13,73.76,62.07,99.05,14.87,29.43,78.77,41.3,86.82,62.01,66.6,3.0,50.49,46.23,25.96,59.54,60.44,9.49
26,44.82,79.25,59.08,100.65,37.16,100.85,84.2,70.29,21.93,107.17,51.62,37.48,78.31,27.59,111.13,85.99,97.08,51.24,78.64,94.51,48.38,35.47,45.54,79.31,46.01,98.27,0.0,76.01,99.32,69.86,73.0,23.54,53.49,89.89,102.83,6.4,66.71,11.4,90.08,66.6,103.81,9.9,50.8,17.46,74.33,38.0,90.79,53.46,41.05,98.6,57.57,50.22,31.05,66.53,73.93,53.76,22.47,71.85,89.55,73.0,62.39,93.91,85.59,30.36,55.76,113.9,88.46,68.07,58.31,6.71,102.3,82.01,62.29,79.63,15.81,54.63,40.01,99.86,67.23,57.01,73.6,49.74,46.17,89.04
27,60.0,15.13,94.49,94.56,70.33,53.15,97.64,50.99,56.89,70.26,34.41,57.31,114.59,60.75,83.01,16.64,83.68,25.71,17.03,87.92,34.0,45.22,94.89,32.14,90.21,88.6,76.01,0.0,88.06,18.79,3.16,53.15,76.49,49.0,68.03,71.18,89.87,79.91,36.67,60.21,62.51,83.38,27.2,71.06,61.74,85.42,60.41,24.35,35.01,76.94,81.34,63.03,89.54,53.34,75.8,53.04,71.47,45.31,92.14,3.16,16.12,43.74,44.05,48.05,42.45,84.02,123.07,15.81,31.83,82.1,80.75,96.52,15.65,103.71,61.29,34.71,85.48,87.8,39.36,82.81,68.0,42.01,85.98,80.99
28,55.01,74.33,55.9,7.81,62.8,47.38,30.15,39.01,81.94,32.65,65.19,63.07,60.3,72.47,22.09,77.88,4.47,79.03,72.11,6.32,69.35,73.76,71.56,56.65,66.03,2.0,99.32,88.06,0.0,69.63,86.35,93.92,48.08,42.72,30.23,93.3,42.49,92.01,57.45,35.17,38.6,97.62,93.05,82.1,29.15,70.18,29.68,77.0,86.83,14.21,46.23,49.24,81.47,39.2,25.61,49.04,77.42,43.42,17.12,86.35,77.52,52.2,46.07,78.75,54.33,25.02,62.13,73.35,62.01,100.21,13.0,31.4,78.52,43.29,87.66,62.07,68.12,1.0,50.25,47.8,26.57,59.84,62.01,10.3
29,44.28,10.2,77.94,75.96,55.97,39.82,79.06,32.2,48.51,54.82,20.22,43.42,97.31,49.16,66.37,17.26,65.31,20.25,9.0,69.26,22.02,35.13,80.41,15.81,75.24,70.09,69.86,18.79,69.63,0.0,16.76,49.66,59.64,32.98,51.97,64.13,72.18,71.18,24.21,41.62,47.76,75.54,30.81,61.0,42.95,71.47,43.01,17.49,32.45,59.14,64.2,46.32,77.28,34.67,57.14,35.81,60.21,26.57,73.35,16.76,10.82,30.53,27.66,39.62,25.24,67.74,105.42,4.12,15.23,75.13,63.07,78.01,11.66,85.63,54.13,18.97,71.17,69.43,20.59,65.8,49.24,26.57,70.68,62.3
30,57.01,14.87,91.55,92.72,67.23,52.89,95.19,48.85,53.76,69.58,31.4,54.2,111.73,57.58,82.02,17.69,82.0,22.56,16.49,86.02,30.89,42.06,91.79,31.0,87.13,86.83,73.0,3.16,86.35,16.76,0.0,50.25,73.59,48.09,67.19,68.12,87.11,76.79,36.4,57.8,61.98,80.31,24.7,67.91,59.62,82.3,59.14,21.19,32.06,75.54,78.49,60.14,86.38,51.0,73.43,50.25,68.31,43.32,89.96,0.0,13.04,43.42,43.01,44.91,39.7,83.15,120.28,13.42,29.07,79.06,79.4,94.03,12.53,101.04,58.22,31.83,82.37,86.12,37.16,79.93,65.74,39.05,82.93,79.06
31,40.31,58.19,67.05,97.02,39.81,85.04,86.0,58.83,14.32,94.64,34.66,32.14,88.26,25.32,101.36,64.56,90.82,29.73,57.94,90.25,30.48,20.59,58.31,61.61,56.36,93.3,23.54,53.15,93.92,49.66,50.25,0.0,55.15,74.95,90.6,20.12,70.46,30.53,72.11,58.87,89.87,32.31,27.29,26.4,65.8,48.76,78.82,32.31,18.25,89.89,60.3,46.39,46.75,56.36,70.41,44.94,30.02,58.41,87.97,50.25,40.8,77.01,70.04,15.23,42.44,103.77,98.35,47.17,41.11,30.08,93.91,84.01,40.52,85.0,12.81,38.18,50.09,94.24,52.4,60.53,67.36,36.06,54.42,83.82
32,17.49,69.12,18.36,48.01,16.49,68.01,31.26,35.36,41.01,65.8,42.45,24.04,38.21,30.0,64.5,75.66,46.86,55.22,67.23,42.52,44.2,39.56,26.48,57.25,20.4,46.69,53.49,76.49,48.08,59.64,73.59,55.15,0.0,57.04,61.4,48.08,15.52,44.78,65.73,25.0,65.92,50.25,66.65,36.06,31.4,22.47,50.8,54.82,56.46,51.48,5.39,13.45,33.6,30.41,22.8,23.85,31.02,41.0,36.24,73.59,60.81,65.49,55.44,42.2,34.41,67.6,47.2,61.22,44.82,53.24,54.38,29.15,61.52,30.36,45.18,41.77,20.59,48.8,42.15,6.4,26.57,34.66,15.52,38.29
33,49.73,34.06,73.82,50.22,62.59,11.4,62.43,22.2,68.24,21.84,40.31,54.23,88.26,63.51,34.01,36.14,38.28,49.74,32.02,44.69,44.6,55.44,83.05,17.26,77.03,43.83,89.89,49.0,42.72,32.98,48.09,74.95,57.04,0.0,19.1,83.53,63.32,87.24,14.76,32.06,15.26,92.57,62.65,76.06,26.93,76.66,13.04,47.01,61.03,29.55,59.41,47.52,85.91,27.17,42.15,38.6,73.16,18.38,52.5,48.09,43.32,10.0,5.39,61.07,34.13,35.06,93.94,37.11,34.06,93.54,32.89,62.27,44.27,72.92,74.63,36.77,75.43,42.19,22.8,61.4,33.84,40.22,72.03,38.9
34,59.36,53.0,75.43,38.01,71.12,18.36,56.75,32.56,82.02,4.47,56.6,65.6,85.71,75.43,15.3,54.45,26.42,67.62,51.01,34.44,61.06,70.29,87.8,36.35,81.74,31.91,102.83,68.03,30.23,51.97,67.19,90.6,61.4,19.1,0.0,96.43,63.03,98.47,32.39,38.01,8.49,104.04,80.99,87.42,30.46,83.22,12.04,65.0,78.29,16.12,62.17,55.47,93.62,36.4,41.11,49.2,83.76,32.2,44.6,67.19,62.1,25.71,24.33,75.93,48.27,16.0,89.5,56.09,51.0,105.6,17.69,57.27,63.06,69.05,88.39,53.0,81.6,29.41,38.59,64.13,34.93,54.67,76.92,31.05
35,38.6,73.68,55.04,94.81,31.62,94.51,79.08,63.89,15.81,100.77,45.54,31.14,74.97,21.26,104.8,80.5,90.97,46.01,72.99,88.59,42.45,29.41,42.72,73.16,42.43,92.28,6.4,71.18,93.3,64.13,68.12,20.12,48.08,83.53,96.43,0.0,61.81,10.63,83.93,60.31,97.42,12.37,46.84,12.17,68.01,34.37,84.39,48.09,36.5,92.31,52.39,44.1,29.07,60.14,68.0,47.38,17.26,65.46,83.93,68.12,57.08,87.66,79.26,24.52,49.4,107.56,85.16,62.51,52.2,11.05,96.05,76.9,57.04,75.17,10.05,48.47,36.22,93.81,60.9,51.97,67.42,43.42,42.01,83.01
36,32.7,81.06,13.42,40.0,31.0,73.35,17.89,43.83,56.22,67.12,56.61,39.56,25.55,45.18,62.36,87.2,42.72,69.97,79.03,36.24,58.83,55.03,29.73,67.23,24.84,40.71,66.71,89.87,42.49,72.18,87.11,70.46,15.52,63.32,63.03,61.81,0.0,56.92,74.32,32.65,69.12,62.03,81.86,49.65,36.4,30.89,54.33,69.34,71.87,50.01,10.2,27.78,41.88,39.45,22.02,36.88,44.55,50.12,27.02,87.11,74.65,72.73,62.97,57.72,47.42,65.52,33.24,74.25,58.05,65.46,51.92,15.65,75.43,14.87,60.0,55.44,28.65,43.38,53.01,10.0,29.61,48.83,21.95,34.48
37,39.2,81.06,48.37,92.65,29.21,98.49,74.67,66.37,23.09,102.9,51.62,33.12,67.12,23.77,105.48,88.02,90.14,54.33,80.16,86.84,49.16,36.06,34.23,78.59,35.06,90.8,11.4,79.91,92.01,71.18,76.79,30.53,44.78,87.24,98.47,10.63,56.92,0.0,89.29,61.07,100.34,5.66,56.65,11.18,68.88,27.17,86.53,56.14,45.88,92.66,48.33,43.86,19.65,62.13,66.4,49.4,14.87,68.88,81.01,76.79,65.12,92.36,83.38,32.06,53.49,108.37,77.23,70.01,58.05,8.54,96.17,72.45,65.19,69.23,18.97,54.13,29.27,92.62,65.19,47.54,67.18,48.08,35.69,81.84
38,55.0,21.59,83.52,64.9,68.01,16.49,75.6,30.68,68.15,34.01,38.48,57.56,99.74,65.73,47.68,22.09,53.0,43.86,19.92,59.2,42.06,54.63,90.55,10.77,84.72,58.52,90.08,36.67,57.45,24.21,36.4,72.11,65.73,14.76,32.39,83.93,74.32,89.29,0.0,41.79,26.02,94.25,55.0,78.34,38.59,83.05,27.78,41.04,55.97,44.28,68.96,54.33,91.14,35.44,54.38,44.05,76.3,24.74,66.47,36.4,35.0,7.07,12.04,59.93,36.35,48.26,106.17,28.02,31.78,94.58,47.54,75.21,35.81,85.23,74.32,35.47,82.15,56.94,25.02,70.88,45.79,41.23,79.76,53.15
39,21.93,49.52,41.98,39.12,33.12,43.01,37.44,11.18,47.51,42.49,31.26,29.21,58.18,39.05,44.55,55.23,31.95,45.54,47.38,32.14,35.06,38.6,51.24,34.67,45.18,34.71,66.6,60.21,35.17,41.62,57.8,58.87,25.0,32.06,38.01,60.31,32.65,61.07,41.79,0.0,41.48,66.71,59.3,50.25,7.81,45.61,26.57,43.93,52.09,32.02,27.46,17.49,55.71,7.07,15.65,13.93,46.23,17.49,32.98,57.8,46.62,40.79,30.81,43.66,20.22,47.38,65.22,44.42,29.73,68.62,35.81,36.4,47.54,44.69,53.54,28.64,44.15,35.44,21.26,29.43,9.0,25.02,40.2,25.32
40,61.74,47.38,81.02,46.4,74.09,10.44,64.2,34.0,82.46,8.25,55.32,67.23,92.57,76.85,22.85,48.01,34.67,65.0,45.54,42.54,59.67,70.04,92.4,31.95,86.31,40.22,103.81,62.51,38.6,47.76,61.98,89.87,65.92,15.26,8.49,97.42,69.12,100.34,26.02,41.48,0.0,105.82,77.82,89.19,34.53,87.09,15.13,62.27,76.28,24.41,67.27,58.52,97.08,38.48,47.1,51.0,85.88,32.02,52.39,61.98,58.31,19.0,20.59,75.69,48.27,22.8,96.84,51.87,49.2,107.07,26.17,64.56,59.24,76.16,88.87,51.74,85.62,37.8,37.48,69.26,40.05,54.56,81.39,38.63
41,44.82,85.29,52.95,98.18,34.83,103.79,79.85,71.87,27.07,108.47,56.29,38.59,71.0,29.07,111.13,92.2,95.78,58.03,84.48,92.42,53.6,40.45,38.0,83.52,39.46,96.4,9.9,83.38,97.62,75.54,80.31,32.31,50.25,92.57,104.04,12.37,62.03,5.66,94.25,66.71,105.82,0.0,59.2,16.64,74.52,31.78,92.09,60.0,48.84,98.31,53.67,49.52,23.02,67.68,72.01,54.92,20.52,74.24,86.45,80.31,69.0,97.5,88.64,36.06,58.69,114.02,81.02,74.17,62.82,4.12,101.82,77.62,69.01,73.98,22.09,58.94,33.96,98.23,70.38,52.8,72.84,53.14,40.52,87.46
42,49.19,36.24,82.66,98.05,55.44,70.49,93.96,54.15,34.99,84.31,28.07,43.27,104.01,42.45,94.37,41.34,89.14,14.04,36.8,91.05,24.33,27.8,78.52,46.14,75.01,93.01,50.8,27.2,93.05,30.81,24.7,27.29,66.65,62.65,80.99,46.84,81.86,56.65,55.0,59.3,77.82,59.2,0.0,49.74,64.0,68.62,70.6,16.28,11.4,85.16,72.01,54.23,69.89,54.01,74.15,47.3,51.61,50.8,92.07,24.7,20.0,61.29,57.27,27.66,39.12,96.17,113.53,27.02,31.26,57.27,89.27,92.35,19.21,96.66,37.7,31.0,69.3,93.09,43.74,72.95,68.26,34.71,71.7,84.02
43,28.32,71.03,43.19,83.24,19.7,87.32,66.94,55.23,14.76,91.84,41.11,21.95,63.56,12.65,94.76,78.06,80.0,45.35,70.0,77.18,39.01,26.17,32.2,67.68,31.05,80.99,17.46,71.06,82.1,61.0,67.91,26.4,36.06,76.06,87.42,12.17,49.65,11.18,78.34,50.25,89.19,16.64,49.74,0.0,58.05,23.09,75.45,46.87,38.47,82.04,40.26,33.3,20.52,51.04,56.6,38.28,5.1,57.7,72.09,67.91,55.73,81.27,72.24,23.09,42.38,97.62,73.76,60.13,47.38,18.38,85.63,64.76,55.9,63.07,13.6,43.42,24.74,82.66,54.08,39.81,56.73,37.11,30.15,71.85
44,29.73,49.65,47.17,34.13,40.82,37.22,37.48,10.77,54.92,34.93,36.06,36.88,61.47,46.75,36.8,54.67,25.5,50.01,47.43,27.17,40.2,45.31,57.87,33.24,51.79,29.02,74.33,61.74,29.15,42.95,59.62,65.8,31.4,26.93,30.46,68.01,36.4,68.88,38.59,7.81,34.53,74.52,64.0,58.05,0.0,52.81,19.42,48.09,57.71,24.41,33.0,25.24,63.16,10.05,15.81,21.1,54.04,16.64,30.41,59.62,49.48,36.4,26.83,50.57,25.18,39.6,67.6,46.24,33.24,76.42,28.3,36.88,50.45,46.65,61.03,33.0,51.24,29.27,22.47,35.0,7.21,30.81,46.87,20.1
45,28.16,81.61,21.21,69.35,15.52,87.97,48.76,54.45,35.23,87.66,51.62,28.23,40.61,26.17,86.95,88.6,69.2,60.75,80.08,64.38,51.43,41.4,9.9,73.33,8.06,68.68,38.0,85.42,70.18,71.47,82.3,48.76,22.47,76.66,83.22,34.37,30.89,27.17,83.05,45.61,87.09,31.78,68.62,23.09,52.81,0.0,72.12,61.4,57.28,73.93,24.04,29.15,11.31,49.5,45.22,39.01,18.79,59.08,56.85,82.3,69.32,84.1,74.17,41.01,47.68,90.05,50.8,71.87,56.32,35.51,76.85,46.53,69.77,42.2,36.25,52.5,2.24,70.94,58.14,22.67,48.75,44.92,8.94,60.61
46,47.51,45.89,66.0,37.2,59.51,19.7,50.99,20.52,70.01,16.4,45.18,53.6,78.34,63.41,23.77,48.7,25.24,56.92,43.74,31.83,49.65,58.41,77.28,28.28,71.2,30.81,90.79,60.41,29.68,43.01,59.14,78.82,50.8,13.04,12.04,84.39,54.33,86.53,27.78,26.57,15.13,92.09,70.6,75.45,19.42,72.12,0.0,54.41,67.12,16.76,52.15,43.86,82.28,24.41,32.39,37.2,71.87,20.59,40.22,59.14,52.47,22.67,16.76,64.03,36.4,25.63,83.22,47.04,39.92,93.6,20.4,51.08,53.46,62.3,76.37,41.59,70.6,29.15,27.31,54.15,25.0,42.8,66.29,26.4
47,37.54,25.96,72.14,82.22,46.62,55.61,79.85,38.01,33.06,68.45,13.0,33.6,92.96,36.4,78.16,32.56,73.03,2.83,25.63,75.24,10.63,20.88,71.02,31.24,66.61,77.03,53.46,24.35,77.0,17.49,21.19,32.31,54.82,47.01,65.0,48.09,69.34,56.14,41.04,43.93,62.27,60.0,16.28,46.87,48.09,61.4,54.41,0.0,15.0,68.88,60.0,41.62,65.19,38.21,59.2,33.11,47.13,34.53,76.9,21.19,9.0,46.75,41.68,24.08,23.77,80.01,102.0,14.87,15.03,59.14,72.99,78.39,9.06,83.86,38.05,15.3,61.59,77.01,27.46,61.22,52.77,20.59,62.63,68.18
48,39.22,40.31,71.87,91.2,44.41,70.18,84.93,48.76,23.71,81.99,22.14,32.65,93.3,31.11,90.62,46.49,83.19,12.21,40.25,84.21,17.72,17.0,67.18,45.97,63.78,86.58,41.05,35.01,86.83,32.45,32.06,18.25,56.46,61.03,78.29,36.5,71.87,45.88,55.97,52.09,76.28,48.84,11.4,38.47,57.71,57.28,67.12,15.0,0.0,80.36,61.85,44.64,58.52,47.68,66.12,39.05,40.22,46.62,84.15,32.06,22.85,61.52,55.8,16.28,32.56,92.7,102.96,29.53,27.29,47.27,84.48,83.2,22.47,86.73,26.93,25.63,58.0,86.98,39.81,62.65,61.07,27.07,60.61,77.32
49,53.81,62.59,63.06,22.02,63.89,33.24,41.44,31.62,79.32,18.97,58.24,61.22,71.06,71.06,13.04,65.46,10.3,71.2,60.42,18.38,62.64,69.32,77.08,44.91,71.18,15.81,98.6,76.94,14.21,59.14,75.54,89.89,51.48,29.55,16.12,92.31,50.01,92.66,44.28,32.02,24.41,98.31,85.16,82.04,24.41,73.93,16.76,68.88,80.36,0.0,51.08,48.8,84.91,33.54,29.15,45.49,77.79,34.37,28.86,75.54,68.03,38.59,33.53,74.71,48.1,16.12,74.15,63.07,53.94,100.42,4.12,42.19,69.03,54.15,85.45,54.82,72.07,13.45,41.44,52.92,25.61,54.23,66.64,16.0
50,22.83,73.5,14.56,45.34,21.1,70.11,26.68,38.33,46.1,66.49,47.51,29.41,33.24,35.06,63.98,79.92,45.49,60.46,71.56,40.36,49.41,44.94,26.0,60.93,20.12,44.69,57.57,81.34,46.23,64.2,78.49,60.3,5.39,59.41,62.17,52.39,10.2,48.33,68.96,27.46,67.27,53.67,72.01,40.26,33.0,24.04,52.15,60.0,61.85,51.08,0.0,18.44,35.36,33.53,21.93,28.43,35.17,44.27,33.02,78.49,65.8,68.25,58.25,47.54,39.05,67.12,42.01,65.95,49.58,56.86,53.67,24.52,66.53,25.0,50.04,46.67,21.93,47.01,46.07,2.0,27.29,39.7,15.81,36.89
51,6.08,55.95,31.62,51.26,15.65,58.86,40.45,25.32,33.24,59.94,29.07,14.32,51.62,23.26,61.62,62.61,46.87,42.19,54.12,44.78,31.06,28.28,36.22,45.12,30.41,48.3,50.22,63.03,49.24,46.32,60.14,46.39,13.45,47.52,55.47,44.1,27.78,43.86,54.33,17.49,58.52,49.52,54.23,33.3,25.24,29.15,43.86,41.62,44.64,48.8,18.44,0.0,38.6,20.4,24.35,10.77,29.0,30.0,41.59,60.14,47.38,55.01,45.04,32.0,21.1,64.54,60.44,47.8,31.4,51.66,52.35,38.64,48.1,42.49,38.63,28.32,28.02,49.74,29.83,19.8,23.43,21.26,25.5,38.95
52,36.35,87.48,31.02,80.66,23.35,97.29,59.68,63.79,35.0,98.09,57.07,34.13,48.01,28.79,97.94,94.54,80.43,64.08,86.15,75.69,56.04,44.38,15.03,81.01,17.46,79.98,31.05,89.54,81.47,77.28,86.38,46.75,33.6,85.91,93.62,29.07,41.88,19.65,91.14,55.71,97.08,23.02,69.89,20.52,63.16,11.31,82.28,65.19,58.52,84.91,35.36,38.6,0.0,58.94,56.4,47.52,18.36,67.9,68.12,86.38,73.68,92.78,83.02,42.54,55.0,101.02,58.01,77.13,62.51,27.07,87.92,57.45,74.0,52.2,33.97,58.55,13.45,82.22,66.12,33.97,59.54,51.24,20.0,71.84
53,23.26,42.45,48.08,44.05,35.74,38.47,44.41,5.0,46.23,40.8,26.02,29.21,65.0,39.05,45.22,48.17,35.51,40.05,40.31,37.05,30.15,35.78,56.0,27.78,50.01,39.05,66.53,53.34,39.2,34.67,51.0,56.36,30.41,27.17,36.4,60.14,39.45,62.13,35.44,7.07,38.48,67.68,54.01,51.04,10.05,49.5,24.41,38.21,47.68,33.54,33.53,20.4,58.94,0.0,22.47,12.81,47.51,10.77,39.22,51.0,40.16,35.13,25.08,41.18,15.13,47.8,72.2,37.59,23.54,69.2,37.58,43.42,41.11,51.74,52.5,23.02,48.26,39.32,14.21,35.44,14.87,20.88,45.01,30.02
54,30.36,64.66,34.37,26.93,37.2,51.66,22.02,25.5,57.57,45.28,46.32,38.6,46.17,47.54,42.05,70.04,24.08,60.64,62.48,20.59,49.82,51.16,47.93,48.84,42.05,24.41,73.93,75.8,25.61,57.14,73.43,70.41,22.8,42.15,41.11,68.0,22.02,66.4,54.38,15.65,47.1,72.01,74.15,56.6,15.81,45.22,32.39,59.2,66.12,29.15,21.93,24.35,56.4,22.47,0.0,27.07,51.87,31.83,18.03,73.43,62.24,51.89,42.54,55.58,35.44,45.19,51.88,60.03,45.31,74.63,31.76,21.21,63.16,30.89,62.97,43.97,43.27,26.25,36.62,23.77,8.6,39.46,37.59,15.56
55,11.18,45.28,42.19,52.61,24.19,50.0,46.82,17.0,33.84,53.6,20.12,16.4,61.62,26.25,57.63,51.88,45.88,34.18,43.42,45.71,23.09,24.74,46.69,34.53,41.0,48.51,53.76,53.04,49.04,35.81,50.25,44.94,23.85,38.6,49.2,47.38,36.88,49.4,44.05,13.93,51.0,54.92,47.3,38.28,21.1,39.01,37.2,33.11,39.05,45.49,28.43,10.77,47.52,12.81,27.07,0.0,34.89,20.4,45.1,50.25,37.8,45.28,35.51,29.73,10.63,60.31,70.04,37.54,21.21,56.4,49.4,45.31,38.6,51.04,40.0,18.6,38.12,49.34,19.24,30.0,22.56,12.65,36.14,39.05
56,24.41,70.35,38.33,78.39,14.76,84.5,61.85,51.88,16.97,88.2,40.05,18.97,58.94,11.05,90.61,77.41,75.43,45.88,69.18,72.4,38.47,26.25,28.3,65.76,26.57,76.28,22.47,71.47,77.42,60.21,68.31,30.02,31.02,73.16,83.76,17.26,44.55,14.87,76.3,46.23,85.88,20.52,51.61,5.1,54.04,18.79,71.87,47.13,40.22,77.79,35.17,29.0,18.36,47.51,51.87,34.89,0.0,54.78,67.12,68.31,55.79,78.85,69.57,24.19,40.02,93.51,69.12,59.68,46.01,22.8,81.32,59.67,56.04,58.03,17.46,42.01,20.25,78.01,51.66,34.71,52.35,35.23,25.32,67.2
57,31.58,33.02,58.82,49.48,44.55,29.73,53.81,6.4,50.45,36.24,24.6,35.85,75.66,45.18,44.01,38.21,39.2,36.88,30.81,42.72,29.07,38.21,66.12,17.2,60.21,43.74,71.85,45.31,43.42,26.57,43.32,58.41,41.0,18.38,32.2,65.46,50.12,68.88,24.74,17.49,32.02,74.24,50.8,57.7,16.64,59.08,20.59,34.53,46.62,34.37,44.27,30.0,67.9,10.77,31.83,20.4,54.78,0.0,47.01,43.32,34.13,25.02,15.13,43.86,16.28,46.1,82.66,30.08,19.65,75.29,38.47,53.04,35.13,62.01,56.85,21.02,58.01,43.29,7.07,46.17,23.43,22.63,55.23,35.74
58,47.68,79.92,40.22,13.04,52.39,59.68,13.04,41.15,74.73,47.8,64.13,55.9,43.19,64.29,39.0,84.63,19.1,78.45,77.7,11.0,67.74,69.07,56.73,63.01,51.62,15.13,89.55,92.14,17.12,73.35,89.96,87.97,36.24,52.5,44.6,83.93,27.02,81.01,66.47,32.98,52.39,86.45,92.07,72.09,30.41,56.85,40.22,76.9,84.15,28.86,33.02,41.59,68.12,39.22,18.03,45.1,67.12,47.01,0.0,89.96,79.38,62.48,54.45,73.33,53.15,42.01,45.4,76.56,62.64,89.47,29.15,14.32,80.32,26.17,79.81,61.61,54.67,18.11,52.8,34.21,24.35,57.43,48.17,13.89
59,57.01,14.87,91.55,92.72,67.23,52.89,95.19,48.85,53.76,69.58,31.4,54.2,111.73,57.58,82.02,17.69,82.0,22.56,16.49,86.02,30.89,42.06,91.79,31.0,87.13,86.83,73.0,3.16,86.35,16.76,0.0,50.25,73.59,48.09,67.19,68.12,87.11,76.79,36.4,57.8,61.98,80.31,24.7,67.91,59.62,82.3,59.14,21.19,32.06,75.54,78.49,60.14,86.38,51.0,73.43,50.25,68.31,43.32,89.96,0.0,13.04,43.42,43.01,44.91,39.7,83.15,120.28,13.42,29.07,79.06,79.4,94.03,12.53,101.04,58.22,31.83,82.37,86.12,37.16,79.93,65.74,39.05,82.93,79.06
60,44.05,17.46,78.64,83.36,54.2,50.61,83.65,38.83,42.05,65.15,18.44,41.18,99.01,44.92,76.12,23.77,73.33,11.18,17.49,76.49,17.89,29.61,78.77,26.4,74.09,77.78,62.39,16.12,77.52,10.82,13.04,40.8,60.81,43.32,62.1,57.08,74.65,65.12,35.0,46.62,58.31,69.0,20.0,55.73,49.48,69.32,52.47,9.0,22.85,68.03,65.8,47.38,73.68,40.16,62.24,37.8,55.79,34.13,79.38,13.04,0.0,41.34,37.95,33.06,27.46,77.67,107.71,7.07,17.0,68.12,72.06,82.37,1.0,88.81,47.04,19.21,69.35,77.41,27.29,67.18,55.03,26.17,69.89,69.43
61,56.44,28.64,82.76,59.82,69.46,9.49,72.4,30.15,72.01,27.07,42.72,59.91,97.86,68.62,41.0,29.02,47.8,49.58,26.93,54.49,46.62,58.67,91.05,15.56,85.09,53.41,93.91,43.74,52.2,30.53,43.42,77.01,65.49,10.0,25.71,87.66,72.73,92.36,7.07,40.79,19.0,97.5,61.29,81.27,36.4,84.1,22.67,46.75,61.52,38.59,68.25,55.01,92.78,35.13,51.89,45.28,78.85,25.02,62.48,43.42,41.34,0.0,10.05,64.14,38.9,41.44,103.75,34.48,36.06,98.09,41.59,72.2,42.19,82.73,78.29,39.45,83.02,51.61,27.2,70.21,43.46,44.38,80.1,48.84
62,46.69,29.27,72.78,53.34,59.68,15.26,63.6,20.1,63.81,27.2,35.38,50.6,88.24,59.62,39.01,31.95,41.59,44.42,27.17,47.43,39.6,50.8,81.02,12.04,75.06,47.01,85.59,44.05,46.07,27.66,43.01,70.04,55.44,5.39,24.33,79.26,62.97,83.38,12.04,30.81,20.59,88.64,57.27,72.24,26.83,74.17,16.76,41.68,55.8,33.53,58.25,45.04,83.02,25.08,42.54,35.51,69.57,15.13,54.45,43.01,37.95,10.05,0.0,56.4,29.97,40.2,94.41,31.78,29.0,89.44,37.11,63.25,38.9,73.43,70.18,31.89,73.06,45.62,18.36,60.21,34.0,35.85,70.06,41.23
63,26.02,49.25,56.36,82.0,28.65,71.61,72.25,43.83,9.0,80.06,21.47,18.25,77.83,14.87,86.28,56.14,75.61,22.36,48.51,75.19,18.03,5.66,50.91,49.19,47.63,78.16,30.36,48.05,78.75,39.62,44.91,15.23,42.2,61.07,75.93,24.52,57.72,32.06,59.93,43.66,75.69,36.06,27.66,23.09,50.57,41.01,64.03,24.08,16.28,74.71,47.54,32.0,42.54,41.18,55.58,29.73,24.19,43.86,73.33,44.91,33.06,64.14,56.4,0.0,27.66,88.75,87.66,38.12,28.18,35.51,78.71,70.35,33.14,72.53,14.56,24.7,41.77,79.06,38.29,48.08,52.2,21.26,44.65,68.68
64,19.65,34.89,52.7,59.0,32.25,45.18,56.36,16.55,34.21,52.4,11.05,21.21,72.25,29.73,59.06,41.63,50.64,25.32,33.11,52.0,15.03,22.02,56.04,26.02,50.6,54.15,55.76,42.45,54.33,25.24,39.7,42.44,34.41,34.13,48.27,49.4,47.42,53.49,36.35,20.22,48.27,58.69,39.12,42.38,25.18,47.68,36.4,23.77,32.56,48.1,39.05,21.1,55.0,15.13,35.44,10.63,40.02,16.28,53.15,39.7,27.46,38.9,29.97,27.66,0.0,61.4,80.62,26.91,10.63,59.48,52.2,55.01,28.3,61.4,40.61,8.54,47.07,54.45,11.7,40.61,29.15,6.4,45.88,45.01
65,69.31,69.0,78.75,31.58,79.81,33.24,55.04,44.94,94.02,14.56,70.68,76.42,85.15,86.31,3.16,70.35,23.19,82.54,67.01,31.02,75.15,83.22,93.11,52.24,87.24,27.02,113.9,84.02,25.02,67.74,83.15,103.77,67.6,35.06,16.0,107.56,65.52,108.37,48.26,47.38,22.8,114.02,96.17,97.62,39.6,90.05,25.63,80.01,92.7,16.12,67.12,64.54,101.02,47.8,45.19,60.31,93.51,46.1,42.01,83.15,77.67,41.44,40.2,88.75,61.4,0.0,87.14,71.85,65.55,116.0,13.6,56.14,78.64,68.12,100.26,67.12,88.19,24.02,52.92,68.94,41.62,67.74,82.73,31.05
66,64.64,114.21,31.38,56.01,59.09,102.88,32.76,76.28,84.15,92.96,89.5,70.33,10.2,73.54,84.21,120.25,64.5,102.42,112.16,56.32,91.4,85.96,43.05,99.86,42.76,60.13,88.46,123.07,62.13,105.42,120.28,98.35,47.2,93.94,89.5,85.16,33.24,77.23,106.17,65.22,96.84,81.02,113.53,73.76,67.6,50.8,83.22,102.0,102.96,74.15,42.01,60.44,58.01,72.2,51.88,70.04,69.12,82.66,45.4,120.28,107.71,103.75,94.41,87.66,80.62,87.14,0.0,107.48,91.24,85.05,74.55,32.28,108.47,21.02,86.4,88.53,49.03,63.13,86.05,40.8,60.42,81.69,43.97,58.46
67,45.28,11.18,79.4,79.56,56.46,43.83,81.84,35.47,47.1,58.94,20.25,43.66,99.16,48.66,70.46,18.03,69.05,17.46,10.77,72.8,21.21,34.01,81.02,19.92,76.03,73.76,68.07,15.81,73.35,4.12,13.42,47.17,61.22,37.11,56.09,62.51,74.25,70.01,28.02,44.42,51.87,74.17,27.02,60.13,46.24,71.87,47.04,14.87,29.53,63.07,65.95,47.8,77.13,37.59,60.03,37.54,59.68,30.08,76.56,13.42,7.07,34.48,31.78,38.12,26.91,71.85,107.48,0.0,16.4,73.55,67.03,80.71,7.81,87.97,52.47,19.72,71.69,73.16,23.77,67.48,52.33,27.29,71.59,65.8
68,29.07,25.3,63.01,67.36,40.8,43.93,66.65,23.0,36.4,54.71,6.71,28.44,82.81,35.06,63.57,32.28,58.01,17.26,23.77,60.41,10.63,22.85,65.19,21.02,60.01,62.07,58.31,31.83,62.01,15.23,29.07,41.11,44.82,34.06,51.0,52.2,58.05,58.05,31.78,29.73,49.2,62.82,31.26,47.38,33.24,56.32,39.92,15.03,27.29,53.94,49.58,31.4,62.51,23.54,45.31,21.21,46.01,19.65,62.64,29.07,17.0,36.06,29.0,28.18,10.63,65.55,91.24,16.4,0.0,62.94,58.05,65.37,17.89,72.01,42.54,4.0,55.97,62.0,12.65,51.09,38.33,11.4,55.46,53.34
69,46.69,84.72,56.72,101.02,37.44,104.66,83.22,73.24,26.68,110.0,56.32,40.0,75.01,30.23,113.15,91.55,98.23,57.04,84.01,95.13,53.37,40.26,42.01,83.82,43.29,99.05,6.71,82.1,100.21,75.13,79.06,30.08,53.24,93.54,105.6,11.05,65.46,8.54,94.58,68.62,107.07,4.12,57.27,18.38,76.42,35.51,93.6,59.14,47.27,100.42,56.86,51.66,27.07,69.2,74.63,56.4,22.8,75.29,89.47,79.06,68.12,98.09,89.44,35.51,59.48,116.0,85.05,73.55,62.94,0.0,104.0,80.99,68.07,77.67,21.1,59.14,37.66,100.8,71.11,56.08,75.07,53.71,44.15,90.0
70,57.49,66.29,65.15,20.59,67.27,35.61,42.05,35.74,83.22,19.72,62.36,65.0,72.01,74.81,10.44,68.96,10.05,75.31,64.13,18.25,66.76,73.35,79.62,48.66,73.79,14.87,102.3,80.75,13.0,63.07,79.4,93.91,54.38,32.89,17.69,96.05,51.92,96.17,47.54,35.81,26.17,101.82,89.27,85.63,28.3,76.85,20.4,72.99,84.48,4.12,53.67,52.35,87.92,37.58,31.76,49.4,81.32,38.47,29.15,79.4,72.06,41.59,37.11,78.71,52.2,13.6,74.55,67.03,58.05,104.0,0.0,43.0,73.06,55.0,89.31,58.94,74.95,12.08,45.54,55.46,29.0,58.31,69.35,17.46
71,44.41,85.8,27.59,26.93,45.54,70.77,2.24,46.69,70.03,60.83,65.39,52.15,29.02,59.08,53.08,91.24,33.02,79.48,83.63,25.18,68.35,66.91,44.69,70.04,40.22,29.43,82.01,96.52,31.4,78.01,94.03,84.01,29.15,62.27,57.27,76.9,15.65,72.45,75.21,36.4,64.56,77.62,92.35,64.76,36.88,46.53,51.08,78.39,83.2,42.19,24.52,38.64,57.45,43.42,21.21,45.31,59.67,53.04,14.32,94.03,82.37,72.2,63.25,70.35,55.01,56.14,32.28,80.71,65.37,80.99,43.0,0.0,83.24,12.0,74.33,63.51,44.29,32.39,57.63,25.0,29.73,57.94,37.59,26.31
72,44.69,17.89,79.31,84.34,54.71,51.48,84.53,39.81,42.11,66.1,19.1,41.68,99.72,45.22,77.1,24.04,74.33,11.05,18.03,77.47,18.36,29.83,79.26,27.31,74.63,78.77,62.29,15.65,78.52,11.66,12.53,40.52,61.52,44.27,63.06,57.04,75.43,65.19,35.81,47.54,59.24,69.01,19.21,55.9,50.45,69.77,53.46,9.06,22.47,69.03,66.53,48.1,74.0,41.11,63.16,38.6,56.04,35.13,80.32,12.53,1.0,42.19,38.9,33.14,28.3,78.64,108.47,7.81,17.89,68.07,73.06,83.24,0.0,89.63,47.01,20.0,69.84,78.41,28.28,67.9,55.97,26.87,70.46,70.41
73,47.54,94.07,21.19,38.33,45.28,81.93,13.15,55.61,70.71,72.69,71.02,54.41,17.03,59.68,65.07,99.9,45.01,84.6,91.97,37.12,73.43,69.89,38.01,79.2,34.79,41.3,79.63,103.71,43.29,85.63,101.04,85.0,30.36,72.92,69.05,75.17,14.87,69.23,85.23,44.69,76.16,73.98,96.66,63.07,46.65,42.2,62.3,83.86,86.73,54.15,25.0,42.49,52.2,51.74,30.89,51.04,58.03,62.01,26.17,101.04,88.81,82.73,73.43,72.53,61.4,68.12,21.02,87.97,72.01,77.67,55.0,12.0,89.63,0.0,74.17,69.63,40.02,44.28,65.8,24.52,39.45,63.29,33.54,38.21
74,32.7,63.64,55.32,89.89,29.0,85.44,76.42,55.87,6.4,92.66,35.85,24.6,76.24,15.52,97.62,70.46,85.0,36.0,62.97,83.38,32.57,19.7,45.65,63.56,44.01,86.82,15.81,61.29,87.66,54.13,58.22,12.81,45.18,74.63,88.39,10.05,60.0,18.97,74.32,53.54,88.87,22.09,37.7,13.6,61.03,36.25,76.37,38.05,26.93,85.45,50.04,38.63,33.97,52.5,62.97,40.0,17.46,56.85,79.81,58.22,47.04,78.29,70.18,14.56,40.61,100.26,86.4,52.47,42.54,21.1,89.31,74.33,47.01,74.17,0.0,38.91,37.7,88.1,51.87,50.0,61.29,34.41,42.45,77.39
75,25.55,29.12,59.82,67.07,37.0,47.01,64.88,23.35,32.7,56.86,3.61,24.52,79.91,31.06,65.0,36.14,58.22,17.03,27.66,60.07,8.06,19.24,61.47,24.7,56.36,62.01,54.63,34.71,62.07,18.97,31.83,38.18,41.77,36.77,53.0,48.47,55.44,54.13,35.47,28.64,51.74,58.94,31.0,43.42,33.0,52.5,41.59,15.3,25.63,54.82,46.67,28.32,58.55,23.02,43.97,18.6,42.01,21.02,61.61,31.83,19.21,39.45,31.89,24.7,8.54,67.12,88.53,19.72,4.0,59.14,58.94,63.51,20.0,69.63,38.91,0.0,52.2,62.13,14.42,48.1,37.48,7.62,51.88,53.04
