vehicles
vehicle_idx, capacity, cost_per_unit_distance
1,100,3
2,100,3
3,100,3
4,100,3
5,100,3
6,100,3
7,100,3
8,100,3
9,100,3
depot
node_idx,x,y
0,97,33
home delivery customers
node_idx,x,y,service_time,demand
1,57,81,10,10
2,5,91,10,1
3,25,11,10,4
4,29,1,10,4
5,23,93,10,4
6,87,95,10,23
7,45,7,10,26
8,83,51,10,23
9,49,65,10,8
10,69,43,10,26
11,81,17,10,3
12,59,33,10,17
13,63,87,10,7
14,71,51,10,8
15,25,63,10,19
16,47,43,10,24
17,77,9,10,5
18,57,55,10,8
19,63,69,10,19
20,25,55,10,5
21,53,11,10,12
self pickup customers
node_idx,x,y,service_time,demand,locker_idxs
22,55,57,10,23,72
23,93,37,10,17,66
24,47,37,10,2,70-72
25,71,89,10,9,64-68
26,67,15,10,8,71-73-75-69
27,45,79,10,23,78-70-64
28,71,57,10,13,74
29,59,91,10,21,64-68
30,21,55,10,5,76-77
31,51,21,10,8,71-77-75
32,5,71,10,3,76
33,83,73,10,19,74-68
34,17,71,10,16,67
35,5,71,10,2,76-78
36,21,77,10,5,78
37,9,7,10,12,65
38,21,33,10,22,77-65
39,27,59,10,9,76-78
40,83,9,10,18,66-69
41,51,49,10,54,73
42,9,23,10,8,65
flexible customers
node_idx,x,y,service_time,demand,locker_idxs
43,1,33,10,15,76
44,29,37,10,23,77-71-72-75-65
45,21,39,10,24,76-77
46,87,25,10,5,66-69
47,67,65,10,18,74-70-64-68
48,59,79,10,18,74-64-68
49,93,83,10,16,68
50,47,41,10,26,71-75-73-77-72-70
51,51,41,10,16,73-71-75-70-77-72
52,39,45,10,8,70-72-77-75
53,85,51,10,16,74
54,35,93,10,5,67
55,47,79,10,2,70-78-64
56,37,41,10,12,71-75-77-72-70
57,37,95,10,8,67
58,37,47,10,8,70-78-72-75-77
59,21,17,10,4,71-65
60,65,43,10,19,73-74-75-70-72
61,13,57,10,26,76-78
62,9,35,10,15,76
63,33,3,10,11,65
lockers
node_idx,x,y,service_time,capacity,cost_per_unit_good
64,65,88,10,70
65,25,15,10,91
66,93,12,10,97
67,22,88,10,93
68,77,88,10,92
69,72,14,10,92
70,47,60,10,100
71,46,19,10,71
72,45,52,10,90
73,62,31,10,93
74,67,66,10,84
75,50,27,10,83
76,9,53,10,70
77,39,36,10,92
78,25,70,10,97
mrt lines
start_node_idx,end_node_idx,freight_capacity,cost_per_unit_good
distance matrix
,0,1,2,3,4,5,6,7,8,9,10,11,12,13,14,15,16,17,18,19,20,21,22,23,24,25,26,27,28,29,30,31,32,33,34,35,36,37,38,39,40,41,42,43,44,45,46,47,48,49,50,51,52,53,54,55,56,57,58,59,60,61,62,63,64,65,66,67,68,69,70,71,72,73,74,75,76,77,78,
0,0.0,62.48,108.76,75.29,75.15,95.27,62.8,58.14,22.8,57.69,29.73,22.63,38.0,63.81,31.62,78.0,50.99,31.24,45.65,49.52,75.29,49.19,48.37,5.66,50.16,61.74,34.99,69.43,35.38,69.34,79.12,47.54,99.54,42.38,88.57,99.54,87.82,91.76,76.0,74.67,27.78,48.7,88.57,96.0,68.12,76.24,12.81,43.86,59.67,50.16,50.64,46.69,59.23,21.63,86.28,67.94,60.53,86.28,61.61,77.67,33.53,87.36,88.02,70.68,63.63,74.22,21.38,93.01,58.52,31.4,56.82,52.89,55.36,35.06,44.6,47.38,90.24,58.08,80.95
1,62.48,0.0,52.95,76.97,84.76,36.06,33.11,74.97,39.7,17.89,39.85,68.35,48.04,8.49,33.11,36.72,39.29,74.73,26.0,13.42,41.23,70.11,24.08,56.85,45.12,16.12,66.75,12.17,27.78,10.2,44.41,60.3,52.95,27.2,41.23,52.95,36.22,88.2,60.0,37.2,76.55,32.56,75.29,73.76,52.15,55.32,63.53,18.87,2.83,36.06,41.23,40.45,40.25,41.04,25.06,10.2,44.72,24.41,39.45,73.43,38.83,50.12,66.48,81.61,10.63,73.35,77.83,35.69,21.19,68.66,23.26,62.97,31.38,50.25,18.03,54.45,55.57,48.47,33.84
2,108.76,52.95,0.0,82.46,93.15,18.11,82.1,93.04,87.66,51.11,80.0,106.08,79.25,58.14,77.18,34.41,63.78,109.12,63.25,62.03,41.18,93.3,60.46,103.25,68.41,66.03,98.08,41.76,74.24,54.0,39.4,83.76,20.0,80.05,23.32,20.0,21.26,84.1,60.17,38.83,113.17,62.29,68.12,58.14,59.09,54.41,105.26,67.23,55.32,88.36,65.3,67.94,57.2,89.44,30.07,43.68,59.36,32.25,54.41,75.71,76.84,34.93,56.14,92.35,60.07,78.59,118.26,17.26,72.06,102.07,52.2,82.86,55.87,82.76,66.85,78.24,38.21,64.66,29.0
3,75.29,76.97,82.46,0.0,10.77,82.02,104.4,20.4,70.46,59.09,54.41,56.32,40.5,84.97,60.96,52.0,38.83,52.04,54.41,69.34,44.0,28.0,54.92,72.8,34.06,90.55,42.19,70.88,65.05,86.93,44.18,27.86,63.25,84.9,60.53,63.25,66.12,16.49,22.36,48.04,58.03,46.04,20.0,32.56,26.31,28.28,63.56,68.41,76.03,99.04,37.2,39.7,36.77,72.11,82.61,71.47,32.31,84.85,37.95,7.21,51.22,47.54,28.84,11.31,86.77,4.0,68.01,77.06,92.91,47.1,53.71,22.47,45.62,42.06,69.2,29.68,44.94,28.65,59.0
4,75.15,84.76,93.15,10.77,0.0,92.2,110.45,17.09,73.59,67.05,58.0,54.41,43.86,92.48,65.3,62.13,45.69,48.66,60.83,76.03,54.15,26.0,61.74,73.43,40.25,97.51,40.5,79.62,70.0,94.87,54.59,29.73,74.0,90.0,71.02,74.0,76.42,20.88,32.98,58.03,54.59,52.8,29.73,42.52,36.0,38.83,62.77,74.43,83.57,104.02,43.86,45.65,45.12,75.07,92.2,80.05,40.79,94.34,46.69,17.89,55.32,58.24,39.45,4.47,94.15,14.56,64.94,87.28,99.36,44.92,61.68,24.76,53.45,44.6,75.29,33.42,55.71,36.4,69.12
5,95.27,36.06,18.11,82.02,92.2,0.0,64.03,88.77,73.24,38.21,67.94,95.6,69.97,40.45,63.78,30.07,55.46,99.86,50.99,46.65,38.05,87.32,48.17,89.64,60.93,48.17,89.55,26.08,60.0,36.06,38.05,77.25,28.43,63.25,22.8,28.43,16.12,87.13,60.03,34.23,103.23,52.15,71.39,63.91,56.32,54.04,93.38,52.15,38.63,70.71,57.27,59.06,50.6,74.89,12.0,27.78,53.85,14.14,48.08,76.03,65.3,37.36,59.67,90.55,42.3,78.03,107.06,5.1,54.23,92.96,40.8,77.49,46.53,73.25,51.62,71.31,42.38,59.2,23.09
6,62.8,33.11,82.1,104.4,110.45,64.03,0.0,97.51,44.18,48.41,55.03,78.23,68.03,25.3,46.82,69.77,65.6,86.58,50.0,35.38,73.78,90.62,49.68,58.31,70.46,17.09,82.46,44.94,41.23,28.28,77.18,82.29,85.44,22.36,74.0,85.44,68.41,117.59,90.55,69.97,86.09,58.41,106.15,106.02,82.02,86.56,70.0,36.06,32.25,13.42,67.2,64.9,69.31,44.05,52.04,43.08,73.59,50.0,69.31,102.18,56.46,83.19,98.41,106.68,23.09,101.21,83.22,65.38,12.21,82.38,53.15,86.35,60.11,68.71,35.23,77.41,88.59,76.06,66.85
7,58.14,74.97,93.04,20.4,17.09,88.77,97.51,0.0,58.14,58.14,43.27,37.36,29.53,82.0,51.11,59.46,36.06,32.06,49.48,64.56,52.0,8.94,50.99,56.6,30.07,86.02,23.41,72.0,56.36,85.16,53.67,15.23,75.47,76.16,69.86,75.47,74.0,36.0,35.38,55.03,38.05,42.43,39.4,51.11,34.0,40.0,45.69,62.03,73.35,89.89,34.06,34.53,38.47,59.46,86.58,72.03,34.93,88.36,40.79,26.0,41.18,59.36,45.61,12.65,83.43,21.54,48.26,84.2,87.09,27.89,53.04,12.04,45.0,29.41,62.97,20.62,58.41,29.61,66.1
8,22.8,39.7,87.66,70.46,73.59,73.24,44.18,58.14,0.0,36.77,16.12,34.06,30.0,41.18,12.0,59.23,36.88,42.43,26.31,26.91,58.14,50.0,28.64,17.2,38.63,39.85,39.4,47.2,13.42,46.65,62.13,43.86,80.52,22.0,68.96,80.52,67.23,86.09,64.56,56.57,42.0,32.06,79.12,83.95,55.79,63.15,26.31,21.26,36.88,33.53,37.36,33.53,44.41,2.0,63.78,45.61,47.07,63.66,46.17,70.71,19.7,70.26,75.71,69.31,41.15,68.26,40.26,71.34,37.48,38.6,37.11,48.92,38.01,29.0,21.93,40.8,74.03,46.49,61.03
9,57.69,17.89,51.11,59.09,67.05,38.21,48.41,58.14,36.77,0.0,29.73,57.69,33.53,26.08,26.08,24.08,22.09,62.61,12.81,14.56,26.0,54.15,10.0,52.15,28.07,32.56,53.14,14.56,23.41,27.86,29.73,44.05,44.41,34.93,32.56,44.41,30.46,70.46,42.52,22.8,65.51,16.12,58.0,57.69,34.41,38.21,55.17,18.0,17.2,47.54,24.08,24.08,22.36,38.63,31.3,14.14,26.83,32.31,21.63,55.57,27.2,36.88,50.0,64.03,28.02,55.46,68.88,35.47,36.24,55.95,5.39,46.1,13.6,36.4,18.03,38.01,41.76,30.68,24.52
10,29.73,39.85,80.0,54.41,58.0,67.94,55.03,43.27,16.12,29.73,0.0,28.64,14.14,44.41,8.25,48.33,22.0,34.93,16.97,26.68,45.61,35.78,19.8,24.74,22.8,46.04,28.07,43.27,14.14,49.03,49.48,28.43,69.86,33.11,59.06,69.86,58.82,69.97,49.03,44.94,36.77,18.97,63.25,68.73,40.45,48.17,25.46,22.09,37.36,46.65,22.09,18.11,30.07,17.89,60.46,42.19,32.06,61.06,32.25,54.59,4.0,57.72,60.53,53.81,45.18,52.15,39.2,65.07,45.71,29.15,27.8,33.24,25.63,13.89,23.09,24.84,60.83,30.81,51.62
11,22.63,68.35,106.08,56.32,54.41,95.6,78.23,37.36,34.06,57.69,28.64,0.0,27.2,72.28,35.44,72.47,42.8,8.94,44.94,55.03,67.68,28.64,47.71,23.32,39.45,72.69,14.14,71.69,41.23,77.2,71.02,30.27,93.23,56.04,83.74,93.23,84.85,72.69,62.1,68.41,8.25,43.86,72.25,81.58,55.71,63.91,10.0,50.0,65.79,67.08,41.62,38.42,50.48,34.23,88.84,70.71,50.12,89.55,53.25,60.0,30.53,78.89,74.22,50.0,72.78,56.04,13.0,92.31,71.11,9.49,54.82,35.06,50.21,23.6,50.96,32.57,80.5,46.1,77.1
12,38.0,48.04,79.25,40.5,43.86,69.97,68.03,29.53,30.0,33.53,14.14,27.2,0.0,54.15,21.63,45.34,15.62,30.0,22.09,36.22,40.5,22.8,24.33,34.23,12.65,57.27,19.7,48.08,26.83,58.0,43.91,14.42,66.03,46.65,56.64,66.03,58.14,56.36,38.0,41.23,33.94,17.89,50.99,58.0,30.27,38.47,29.12,32.98,46.0,60.46,14.42,11.31,23.32,31.62,64.62,47.54,23.41,65.79,26.08,41.23,11.66,51.88,50.04,39.7,55.33,38.47,39.96,66.29,57.87,23.02,29.55,19.1,23.6,3.61,33.96,10.82,53.85,20.22,50.25
13,63.81,8.49,58.14,84.97,92.48,40.45,25.3,82.0,41.18,26.08,44.41,72.28,54.15,0.0,36.88,44.94,46.82,79.25,32.56,18.0,49.68,76.66,31.05,58.31,52.5,8.25,72.11,19.7,31.05,5.66,52.8,67.08,60.17,24.41,48.7,60.17,43.17,96.52,68.41,45.61,80.52,39.85,83.74,82.22,60.46,63.78,66.48,22.36,8.94,30.27,48.7,47.54,48.37,42.19,28.64,17.89,52.84,27.2,47.71,81.63,44.05,58.31,74.97,89.2,2.24,81.41,80.78,41.01,14.04,73.55,31.38,70.09,39.36,56.01,21.38,61.39,63.81,56.36,41.63
14,31.62,33.11,77.18,60.96,65.3,63.78,46.82,51.11,12.0,26.08,8.25,35.44,21.63,36.88,0.0,47.54,25.3,42.43,14.56,19.7,46.17,43.86,17.09,26.08,27.78,38.0,36.22,38.21,6.0,41.76,50.16,36.06,68.96,25.06,57.58,68.96,56.36,76.03,53.14,44.72,43.68,20.1,68.03,72.28,44.27,51.42,30.53,14.56,30.46,38.83,26.0,22.36,32.56,14.0,55.32,36.88,35.44,55.61,34.23,60.46,10.0,58.31,64.03,61.22,37.48,58.41,44.78,61.4,37.48,37.01,25.63,40.61,26.02,21.93,15.52,31.89,62.03,35.34,49.77
15,78.0,36.72,34.41,52.0,62.13,30.07,69.77,59.46,59.23,24.08,48.33,72.47,45.34,44.94,47.54,0.0,29.73,74.97,32.98,38.47,8.0,59.06,30.59,72.8,34.06,52.84,63.78,25.61,46.39,44.05,8.94,49.4,21.54,58.86,11.31,21.54,14.56,58.24,30.27,4.47,79.25,29.53,43.08,38.42,26.31,24.33,72.72,42.05,37.58,70.88,31.11,34.06,22.8,61.19,31.62,27.2,25.06,34.18,20.0,46.17,44.72,13.42,32.25,60.53,47.17,48.0,85.0,25.18,57.7,67.9,22.2,48.75,22.83,48.92,42.11,43.83,18.87,30.41,7.0
16,50.99,39.29,63.78,38.83,45.69,55.46,65.6,36.06,36.88,22.09,22.0,42.8,15.62,46.82,25.3,29.73,0.0,45.34,15.62,30.53,25.06,32.56,16.12,46.39,6.0,51.88,34.41,36.06,27.78,49.48,28.64,22.36,50.48,46.86,41.04,50.48,42.8,52.35,27.86,25.61,49.52,7.21,42.94,47.07,18.97,26.31,43.86,29.73,37.95,60.96,2.0,4.47,8.25,38.83,51.42,36.0,10.2,52.95,10.77,36.77,18.0,36.77,38.83,42.38,48.47,35.61,55.47,51.48,54.08,38.29,17.0,24.02,9.22,19.21,30.48,16.28,39.29,10.63,34.83
17,31.24,74.73,109.12,52.04,48.66,99.86,86.58,32.06,42.43,62.61,34.93,8.94,30.0,79.25,42.43,74.97,45.34,0.0,50.16,61.61,69.43,24.08,52.8,32.25,41.04,80.22,11.66,76.97,48.37,83.95,72.47,28.64,95.02,64.28,86.28,95.02,88.09,68.03,60.93,70.71,6.0,47.71,69.43,79.7,55.57,63.53,18.87,56.89,72.28,75.71,43.86,41.23,52.35,42.76,93.91,76.16,51.22,94.85,55.17,56.57,36.06,80.0,72.8,44.41,79.91,52.35,16.28,96.26,79.0,7.07,59.17,32.57,53.6,26.63,57.87,32.45,80.99,46.62,80.16
18,45.65,26.0,63.25,54.41,60.83,50.99,50.0,49.48,26.31,12.81,16.97,44.94,22.09,32.56,14.56,32.98,15.62,50.16,0.0,15.23,32.0,44.18,2.83,40.25,20.59,36.77,41.23,26.83,14.14,36.06,36.0,34.53,54.41,31.62,43.08,54.41,42.19,67.88,42.19,30.27,52.84,8.49,57.69,60.17,33.29,39.4,42.43,14.14,24.08,45.61,17.2,15.23,20.59,28.28,43.91,26.0,24.41,44.72,21.54,52.35,14.42,44.05,52.0,57.27,33.96,51.22,56.08,48.1,38.59,43.66,11.18,37.64,12.37,24.52,14.87,28.86,48.04,26.17,35.34
19,49.52,13.42,62.03,69.34,76.03,46.65,35.38,64.56,26.91,14.56,26.68,55.03,36.22,18.0,19.7,38.47,30.53,61.61,15.23,0.0,40.5,58.86,14.42,43.86,35.78,21.54,54.15,20.59,14.42,22.36,44.27,49.48,58.03,20.4,46.04,58.03,42.76,82.22,55.32,37.36,63.25,23.32,70.94,71.69,46.69,51.61,50.12,5.66,10.77,33.11,32.25,30.46,33.94,28.43,36.88,18.87,38.21,36.77,34.06,66.84,26.08,51.42,63.81,72.5,19.1,66.03,64.41,45.19,23.6,55.73,18.36,52.81,24.76,38.01,5.0,43.97,56.32,40.8,38.01
20,75.29,41.23,41.18,44.0,54.15,38.05,73.78,52.0,58.14,26.0,45.61,67.68,40.5,49.68,46.17,8.0,25.06,69.43,32.0,40.5,0.0,52.15,30.07,70.34,28.43,57.2,58.0,31.24,46.04,49.52,4.0,42.8,25.61,60.73,17.89,25.61,22.36,50.6,22.36,4.47,74.03,26.68,35.78,32.56,18.44,16.49,68.88,43.17,41.62,73.54,26.08,29.53,17.2,60.13,39.29,32.56,18.44,41.76,14.42,38.21,41.76,12.17,25.61,52.61,51.86,40.0,80.45,33.14,61.59,62.37,22.56,41.68,20.22,44.1,43.42,37.54,16.12,23.6,15.0
21,49.19,70.11,93.3,28.0,26.0,87.32,90.62,8.94,50.0,54.15,35.78,28.64,22.8,76.66,43.86,59.06,32.56,24.08,44.18,58.86,52.15,0.0,46.04,47.71,26.68,80.05,14.56,68.47,49.4,80.22,54.41,10.2,76.84,68.88,69.97,76.84,73.35,44.18,38.83,54.59,30.07,38.05,45.61,56.46,35.38,42.52,36.77,55.79,68.26,82.37,30.59,30.07,36.77,51.22,83.95,68.26,34.0,85.51,39.4,32.56,34.18,60.96,50.12,21.54,77.93,28.28,40.01,83.01,80.65,19.24,49.37,10.63,41.77,21.93,56.75,16.28,60.83,28.65,65.31
22,48.37,24.08,60.46,54.92,61.74,48.17,49.68,50.99,28.64,10.0,19.8,47.71,24.33,31.05,17.09,30.59,16.12,52.8,2.83,14.42,30.07,46.04,0.0,42.94,21.54,35.78,43.68,24.17,16.0,34.23,34.06,36.22,51.92,32.25,40.5,51.92,39.45,67.94,41.62,28.07,55.57,8.94,57.2,59.09,32.8,38.47,45.25,14.42,22.36,46.04,17.89,16.49,20.0,30.59,41.18,23.41,24.08,42.05,20.59,52.5,17.2,42.0,50.99,58.31,32.57,51.61,58.9,45.28,38.01,46.24,8.54,39.05,11.18,26.93,15.0,30.41,46.17,26.4,32.7
23,5.66,56.85,103.25,72.8,73.43,89.64,58.31,56.6,17.2,52.15,24.74,23.32,34.23,58.31,26.08,72.8,46.39,32.25,40.25,43.86,70.34,47.71,42.94,0.0,46.0,56.46,34.06,63.78,29.73,63.81,74.22,44.94,94.34,37.36,83.26,94.34,82.37,89.2,72.11,69.57,29.73,43.68,85.16,92.09,64.0,72.03,13.42,38.21,54.04,46.0,46.17,42.19,54.59,16.12,80.62,62.29,56.14,80.62,56.89,74.73,28.64,82.46,84.02,68.96,58.18,71.47,25.0,87.42,53.45,31.14,51.43,50.33,50.29,31.58,38.95,44.15,85.51,54.01,75.58
24,50.16,45.12,68.41,34.06,40.25,60.93,70.46,30.07,38.63,28.07,22.8,39.45,12.65,52.5,27.78,34.06,6.0,41.04,20.59,35.78,28.43,26.68,21.54,46.0,0.0,57.27,29.73,42.05,31.24,55.32,31.62,16.49,54.04,50.91,45.34,54.04,47.71,48.41,26.31,29.73,45.61,12.65,40.5,46.17,18.0,26.08,41.76,34.41,43.68,65.05,4.0,5.66,11.31,40.5,57.27,42.0,10.77,58.86,14.14,32.8,18.97,39.45,38.05,36.77,54.08,31.11,52.35,56.8,59.17,33.97,23.0,18.03,15.13,16.16,35.23,10.44,41.23,8.06,39.66
25,61.74,16.12,66.03,90.55,97.51,48.17,17.09,86.02,39.85,32.56,46.04,72.69,57.27,8.25,38.0,52.84,51.88,80.22,36.77,21.54,57.2,80.05,35.78,56.46,57.27,0.0,74.11,27.86,32.0,12.17,60.46,70.88,68.41,20.0,56.92,68.41,51.42,102.8,75.07,53.25,80.89,44.72,90.55,89.64,66.84,70.71,65.97,24.33,15.62,22.8,53.67,52.0,54.41,40.5,36.22,26.0,58.82,34.53,54.04,87.66,46.39,66.24,82.22,94.02,6.08,87.13,80.08,49.01,6.08,75.01,37.64,74.33,45.22,58.69,23.35,65.46,71.69,61.91,49.77
26,34.99,66.75,98.08,42.19,40.5,89.55,82.46,23.41,39.4,53.14,28.07,14.14,19.7,72.11,36.22,63.78,34.41,11.66,41.23,54.15,58.0,14.56,43.68,34.06,29.73,74.11,0.0,67.68,42.19,76.42,60.96,17.09,83.55,60.17,75.07,83.55,77.2,58.55,49.4,59.46,17.09,37.58,58.55,68.41,43.91,51.88,22.36,50.0,64.5,72.8,32.8,30.53,41.04,40.25,84.31,67.05,39.7,85.44,43.86,46.04,28.07,68.41,61.35,36.06,73.03,42.0,26.17,85.76,73.68,5.1,49.24,21.38,43.05,16.76,51.0,20.81,69.34,35.0,69.2
27,69.43,12.17,41.76,70.88,79.62,26.08,44.94,72.0,47.2,14.56,43.27,71.69,48.08,19.7,38.21,25.61,36.06,76.97,26.83,20.59,31.24,68.47,24.17,63.78,42.05,27.86,67.68,0.0,34.06,18.44,33.94,58.31,40.79,38.47,29.12,40.79,24.08,80.5,51.88,26.91,79.65,30.59,66.57,63.66,44.94,46.65,68.41,26.08,14.0,48.17,38.05,38.47,34.53,48.83,17.2,2.0,38.83,17.89,32.98,66.48,41.18,38.83,56.85,76.94,21.93,67.05,82.42,24.7,33.24,70.38,19.1,60.01,27.0,50.92,25.55,52.24,44.41,43.42,21.93
28,35.38,27.78,74.24,65.05,70.0,60.0,41.23,56.36,13.42,23.41,14.14,41.23,26.83,31.05,6.0,46.39,27.78,48.37,14.14,14.42,46.04,49.4,16.0,29.73,31.24,32.0,42.19,34.06,0.0,36.06,50.04,41.18,67.47,20.0,55.79,67.47,53.85,79.65,55.46,44.05,49.48,21.54,70.71,74.0,46.52,53.14,35.78,8.94,25.06,34.06,28.84,25.61,34.18,15.23,50.91,32.56,37.58,50.99,35.44,64.03,15.23,58.0,65.79,66.03,31.58,62.29,50.09,57.98,31.58,43.01,24.19,45.49,26.48,27.51,9.85,36.62,62.13,38.28,47.8
29,69.34,10.2,54.0,86.93,94.87,36.06,28.28,85.16,46.65,27.86,49.03,77.2,58.0,5.66,41.76,44.05,49.48,83.95,36.06,22.36,49.52,80.22,34.23,63.81,55.32,12.17,76.42,18.44,36.06,0.0,52.35,70.46,57.58,30.0,46.52,57.58,40.5,97.75,69.34,45.25,85.44,42.76,84.4,82.02,61.77,64.4,71.69,27.2,12.0,34.93,51.42,50.64,50.16,47.71,24.08,16.97,54.63,22.36,49.19,83.19,48.37,57.2,75.07,91.76,6.71,83.26,86.01,37.12,18.25,78.09,33.24,73.16,41.44,60.07,26.25,64.63,62.8,58.52,39.96
30,79.12,44.41,39.4,44.18,54.59,38.05,77.18,53.67,62.13,29.73,49.48,71.02,43.91,52.8,50.16,8.94,28.64,72.47,36.0,44.27,4.0,54.41,34.06,74.22,31.62,60.46,60.96,33.94,50.04,52.35,0.0,45.34,22.63,64.56,16.49,22.63,22.0,49.48,22.0,7.21,77.2,30.59,34.18,29.73,19.7,16.0,72.5,47.07,44.94,77.25,29.53,33.11,20.59,64.12,40.5,35.38,21.26,43.08,17.89,38.0,45.61,8.25,23.32,53.37,55.0,40.2,83.86,33.02,65.0,65.44,26.48,43.83,24.19,47.51,47.3,40.31,12.17,26.17,15.52
31,47.54,60.3,83.76,27.86,29.73,77.25,82.29,15.23,43.86,44.05,28.43,30.27,14.42,67.08,36.06,49.4,22.36,28.64,34.53,49.48,42.8,10.2,36.22,44.94,16.49,70.88,17.09,58.31,41.18,70.46,45.34,0.0,67.94,61.06,60.46,67.94,63.53,44.27,32.31,44.94,34.18,28.0,42.05,51.42,27.2,34.99,36.22,46.82,58.55,74.89,20.4,20.0,26.83,45.34,73.76,58.14,24.41,75.31,29.53,30.27,26.08,52.35,44.27,25.46,68.45,26.68,42.95,73.01,71.87,22.14,39.2,5.39,31.58,14.87,47.76,6.08,52.8,19.21,55.47
32,99.54,52.95,20.0,63.25,74.0,28.43,85.44,75.47,80.52,44.41,69.86,93.23,66.03,60.17,68.96,21.54,50.48,95.02,54.41,58.03,25.61,76.84,51.92,94.34,54.04,68.41,83.55,40.79,67.47,57.58,22.63,67.94,0.0,78.03,12.0,0.0,17.09,64.12,41.23,25.06,99.64,50.99,48.17,38.21,41.62,35.78,94.02,62.29,54.59,88.81,51.61,54.92,42.8,82.46,37.2,42.76,43.86,40.0,40.0,56.32,66.21,16.12,36.22,73.54,62.36,59.46,105.95,24.04,73.98,87.97,43.42,66.22,44.28,69.63,62.2,62.94,18.44,48.8,20.02
33,42.38,27.2,80.05,84.9,90.0,63.25,22.36,76.16,22.0,34.93,33.11,56.04,46.65,24.41,25.06,58.86,46.86,64.28,31.62,20.4,60.73,68.88,32.25,37.36,50.91,20.0,60.17,38.47,20.0,30.0,64.56,61.06,78.03,0.0,66.03,78.03,62.13,99.16,73.78,57.72,64.0,40.0,89.31,91.24,64.9,70.71,48.17,17.89,24.74,14.14,48.17,45.25,52.15,22.09,52.0,36.5,56.04,50.99,52.84,83.55,34.99,71.81,83.19,86.02,23.43,82.02,61.81,62.82,16.16,60.02,38.28,65.46,43.42,46.96,17.46,56.61,76.66,57.49,58.08
34,88.57,41.23,23.32,60.53,71.02,22.8,74.0,69.86,68.96,32.56,59.06,83.74,56.64,48.7,57.58,11.31,41.04,86.28,43.08,46.04,17.89,69.97,40.5,83.26,45.34,56.92,75.07,29.12,55.79,46.52,16.49,60.46,12.0,66.03,0.0,12.0,7.21,64.5,38.21,15.62,90.55,40.5,48.66,41.23,36.06,32.25,83.76,50.36,42.76,76.94,42.43,45.34,34.06,70.88,28.43,31.05,36.06,31.24,31.24,54.15,55.57,14.56,36.88,69.86,50.92,56.57,96.21,17.72,62.36,79.21,31.95,59.54,33.84,60.21,50.25,55.0,19.7,41.34,8.06
35,99.54,52.95,20.0,63.25,74.0,28.43,85.44,75.47,80.52,44.41,69.86,93.23,66.03,60.17,68.96,21.54,50.48,95.02,54.41,58.03,25.61,76.84,51.92,94.34,54.04,68.41,83.55,40.79,67.47,57.58,22.63,67.94,0.0,78.03,12.0,0.0,17.09,64.12,41.23,25.06,99.64,50.99,48.17,38.21,41.62,35.78,94.02,62.29,54.59,88.81,51.61,54.92,42.8,82.46,37.2,42.76,43.86,40.0,40.0,56.32,66.21,16.12,36.22,73.54,62.36,59.46,105.95,24.04,73.98,87.97,43.42,66.22,44.28,69.63,62.2,62.94,18.44,48.8,20.02
36,87.82,36.22,21.26,66.12,76.42,16.12,68.41,74.0,67.23,30.46,58.82,84.85,58.14,43.17,56.36,14.56,42.8,88.09,42.19,42.76,22.36,73.35,39.45,82.37,47.71,51.42,77.2,24.08,53.85,40.5,22.0,63.53,17.09,62.13,7.21,17.09,0.0,71.02,44.0,18.97,92.02,41.04,55.32,48.33,40.79,38.0,84.02,47.54,38.05,72.25,44.41,46.86,36.72,69.08,21.26,26.08,39.4,24.08,34.0,60.0,55.61,21.54,43.68,74.97,45.35,62.13,97.0,11.05,57.07,81.06,31.06,63.16,34.66,61.62,47.3,57.8,26.83,44.78,8.06
37,91.76,88.2,84.1,16.49,20.88,87.13,117.59,36.0,86.09,70.46,69.97,72.69,56.36,96.52,76.03,58.24,52.35,68.03,67.88,82.22,50.6,44.18,67.94,89.2,48.41,102.8,58.55,80.5,79.65,97.75,49.48,44.27,64.12,99.16,64.5,64.12,71.02,0.0,28.64,55.03,74.03,59.4,16.0,27.2,36.06,34.18,80.05,82.02,87.66,113.28,50.99,54.04,48.41,87.82,89.84,81.41,44.05,92.35,48.83,15.62,66.57,50.16,28.0,24.33,98.47,17.89,84.15,82.04,105.76,63.39,65.22,38.9,57.63,58.18,82.73,45.62,46.0,41.73,65.0
38,76.0,60.0,60.17,22.36,32.98,60.03,90.55,35.38,64.56,42.52,49.03,62.1,38.0,68.41,53.14,30.27,27.86,60.93,42.19,55.32,22.36,38.83,41.62,72.11,26.31,75.07,49.4,51.88,55.46,69.34,22.0,32.31,41.23,73.78,38.21,41.23,44.0,28.64,0.0,26.68,66.48,34.0,15.62,20.0,8.94,6.0,66.48,56.04,59.67,87.66,27.2,31.05,21.63,66.48,61.61,52.84,17.89,64.03,21.26,16.0,45.12,25.3,12.17,32.31,70.43,18.44,75.0,55.01,78.49,54.42,37.48,28.65,30.61,41.05,56.61,29.61,23.32,18.25,37.22
39,74.67,37.2,38.83,48.04,58.03,34.23,69.97,55.03,56.57,22.8,44.94,68.41,41.23,45.61,44.72,4.47,25.61,70.71,30.27,37.36,4.47,54.59,28.07,69.57,29.73,53.25,59.46,26.91,44.05,45.25,7.21,44.94,25.06,57.72,15.62,25.06,18.97,55.03,26.68,0.0,75.07,26.0,40.25,36.77,22.09,20.88,68.96,40.45,37.74,70.23,26.91,30.0,18.44,58.55,34.93,28.28,20.59,37.36,15.62,42.43,41.23,14.14,30.0,56.32,47.8,44.05,81.02,29.43,57.8,63.64,20.02,44.28,19.31,44.82,40.61,39.41,18.97,25.94,11.18
40,27.78,76.55,113.17,58.03,54.59,103.23,86.09,38.05,42.0,65.51,36.77,8.25,33.94,80.52,43.68,79.25,49.52,6.0,52.84,63.25,74.03,30.07,55.57,29.73,45.61,80.89,17.09,79.65,49.48,85.44,77.2,34.18,99.64,64.0,90.55,99.64,92.02,74.03,66.48,75.07,0.0,51.22,75.31,85.44,60.83,68.88,16.49,58.24,74.0,74.67,48.17,45.25,56.85,42.05,96.75,78.71,56.04,97.53,59.67,62.51,38.47,84.88,78.43,50.36,81.02,58.31,10.44,99.81,79.23,12.08,62.43,38.33,57.38,30.41,59.2,37.59,86.09,51.62,84.17
41,48.7,32.56,62.29,46.04,52.8,52.15,58.41,42.43,32.06,16.12,18.97,43.86,17.89,39.85,20.1,29.53,7.21,47.71,8.49,23.32,26.68,38.05,8.94,43.68,12.65,44.72,37.58,30.59,21.54,42.76,30.59,28.0,50.99,40.0,40.5,50.99,41.04,59.4,34.0,26.0,51.22,0.0,49.4,52.5,25.06,31.62,43.27,22.63,31.05,54.04,8.94,8.0,12.65,34.06,46.82,30.27,16.12,48.08,14.14,43.86,15.23,38.83,44.27,49.4,41.44,42.8,55.97,48.6,46.87,40.82,11.7,30.41,6.71,21.1,23.35,22.02,42.19,17.69,33.42
42,88.57,75.29,68.12,20.0,29.73,71.39,106.15,39.4,79.12,58.0,63.25,72.25,50.99,83.74,68.03,43.08,42.94,69.43,57.69,70.94,35.78,45.61,57.2,85.16,40.5,90.55,58.55,66.57,70.71,84.4,34.18,42.05,48.17,89.31,48.66,48.17,55.32,16.0,15.62,40.25,75.31,49.4,0.0,12.81,24.41,20.0,78.03,71.61,75.07,103.23,42.05,45.69,37.2,80.99,74.67,67.68,33.29,77.25,36.88,13.42,59.46,34.23,12.0,31.24,85.8,17.89,84.72,66.29,94.07,63.64,53.04,37.22,46.23,53.6,72.2,41.19,30.0,32.7,49.65
43,96.0,73.76,58.14,32.56,42.52,63.91,106.02,51.11,83.95,57.69,68.73,81.58,58.0,82.22,72.28,38.42,47.07,79.7,60.17,71.69,32.56,56.46,59.09,92.09,46.17,89.64,68.41,63.66,74.0,82.02,29.73,51.42,38.21,91.24,41.23,38.21,48.33,27.2,20.0,36.77,85.44,52.5,12.81,0.0,28.28,20.88,86.37,73.35,74.03,104.71,46.69,50.64,39.85,85.91,68.96,65.05,36.88,71.69,38.63,25.61,64.78,26.83,8.25,43.86,84.39,30.0,94.37,58.87,93.81,73.5,53.34,47.13,47.93,61.03,73.79,49.37,21.54,38.12,44.1
44,68.12,52.15,59.09,26.31,36.0,56.32,82.02,34.0,55.79,34.41,40.45,55.71,30.27,60.46,44.27,26.31,18.97,55.57,33.29,46.69,18.44,35.38,32.8,64.0,18.0,66.84,43.91,44.94,46.52,61.77,19.7,27.2,41.62,64.9,36.06,41.62,40.79,36.06,8.94,22.09,60.83,25.06,24.41,28.28,0.0,8.25,59.23,47.2,51.61,78.82,18.44,22.36,12.81,57.72,56.32,45.69,8.94,58.55,12.81,21.54,36.5,25.61,20.1,34.23,62.43,22.36,68.71,51.48,70.04,48.76,29.21,24.76,21.93,33.54,47.8,23.26,25.61,10.05,33.24
45,76.24,55.32,54.41,28.28,38.83,54.04,86.56,40.0,63.15,38.21,48.17,63.91,38.47,63.78,51.42,24.33,26.31,63.53,39.4,51.61,16.49,42.52,38.47,72.03,26.08,70.71,51.88,46.65,53.14,64.4,16.0,34.99,35.78,70.71,32.25,35.78,38.0,34.18,6.0,20.88,68.88,31.62,20.0,20.88,8.25,0.0,67.47,52.84,55.17,84.38,26.08,30.07,18.97,65.12,55.79,47.71,16.12,58.24,17.89,22.0,44.18,19.7,12.65,37.95,65.86,24.33,76.9,49.01,74.41,56.8,33.42,32.02,27.29,41.77,53.34,31.38,18.44,18.25,31.26
46,12.81,63.53,105.26,63.56,62.77,93.38,70.0,45.69,26.31,55.17,25.46,10.0,29.12,66.48,30.53,72.72,43.86,18.87,42.43,50.12,68.88,36.77,45.25,13.42,41.76,65.97,22.36,68.41,35.78,71.69,72.5,36.22,94.02,48.17,83.76,94.02,84.02,80.05,66.48,68.96,16.49,43.27,78.03,86.37,59.23,67.47,0.0,44.72,60.83,58.31,43.08,39.4,52.0,26.08,85.6,67.2,52.5,86.02,54.63,66.48,28.43,80.62,78.64,58.31,66.73,62.8,14.32,90.52,63.79,18.6,53.15,41.44,49.93,25.71,45.62,37.05,82.87,49.24,76.61
47,43.86,18.87,67.23,68.41,74.43,52.15,36.06,62.03,21.26,18.0,22.09,50.0,32.98,22.36,14.56,42.05,29.73,56.89,14.14,5.66,43.17,55.79,14.42,38.21,34.41,24.33,50.0,26.08,8.94,27.2,47.07,46.82,62.29,17.89,50.36,62.29,47.54,82.02,56.04,40.45,58.24,22.63,71.61,73.35,47.2,52.84,44.72,0.0,16.12,31.62,31.24,28.84,34.41,22.8,42.52,24.41,38.42,42.43,34.99,66.48,22.09,54.59,65.3,70.71,23.09,65.3,59.03,50.54,25.08,51.24,20.62,50.57,25.55,34.37,1.0,41.63,59.23,40.31,42.3
48,59.67,2.83,55.32,76.03,83.57,38.63,32.25,73.35,36.88,17.2,37.36,65.79,46.0,8.94,30.46,37.58,37.95,72.28,24.08,10.77,41.62,68.26,22.36,54.04,43.68,15.62,64.5,14.0,25.06,12.0,44.94,58.55,54.59,24.74,42.76,54.59,38.05,87.66,59.67,37.74,74.0,31.05,75.07,74.03,51.61,55.17,60.83,16.12,0.0,34.23,39.85,38.83,39.45,38.21,27.78,12.0,43.91,27.2,38.83,72.72,36.5,50.99,66.6,80.32,10.82,72.47,75.13,38.08,20.12,66.29,22.47,61.39,30.41,48.09,15.26,52.77,56.36,47.42,35.17
49,50.16,36.06,88.36,99.04,104.02,70.71,13.42,89.89,33.53,47.54,46.65,67.08,60.46,30.27,38.83,70.88,60.96,75.71,45.61,33.11,73.54,82.37,46.04,46.0,65.05,22.8,72.8,48.17,34.06,34.93,77.25,74.89,88.81,14.14,76.94,88.81,72.25,113.28,87.66,70.23,74.67,54.04,103.23,104.71,78.82,84.38,58.31,31.62,34.23,0.0,62.29,59.4,66.03,32.98,58.86,46.17,70.0,57.27,66.57,97.67,48.83,84.12,96.75,100.0,28.44,96.17,71.0,71.18,16.76,72.12,51.43,79.4,57.14,60.54,31.06,70.6,89.2,71.59,69.23
50,50.64,41.23,65.3,37.2,43.86,57.27,67.2,34.06,37.36,24.08,22.09,41.62,14.42,48.7,26.0,31.11,2.0,43.86,17.2,32.25,26.08,30.59,17.89,46.17,4.0,53.67,32.8,38.05,28.84,51.42,29.53,20.4,51.61,48.17,42.43,51.61,44.41,50.99,27.2,26.91,48.17,8.94,42.05,46.69,18.44,26.08,43.08,31.24,39.85,62.29,0.0,4.0,8.94,39.29,53.37,38.0,10.0,54.92,11.66,35.38,18.11,37.58,38.47,40.5,50.33,34.06,54.38,53.24,55.76,36.8,19.0,22.02,11.18,18.03,32.02,14.32,39.85,9.43,36.4
51,46.69,40.45,67.94,39.7,45.65,59.06,64.9,34.53,33.53,24.08,18.11,38.42,11.31,47.54,22.36,34.06,4.47,41.23,15.23,30.46,29.53,30.07,16.49,42.19,5.66,52.0,30.53,38.47,25.61,50.64,33.11,20.0,54.92,45.25,45.34,54.92,46.86,54.04,31.05,30.0,45.25,8.0,45.69,50.64,22.36,30.07,39.4,28.84,38.83,59.4,4.0,0.0,12.65,35.44,54.41,38.21,14.0,55.79,15.23,38.42,14.14,41.23,42.43,42.05,49.04,36.77,51.04,55.23,53.71,34.21,19.42,22.56,12.53,14.87,29.68,14.04,43.68,13.0,38.95
52,59.23,40.25,57.2,36.77,45.12,50.6,69.31,38.47,44.41,22.36,30.07,50.48,23.32,48.37,32.56,22.8,8.25,52.35,20.59,33.94,17.2,36.77,20.0,54.59,11.31,54.41,41.04,34.53,34.18,50.16,20.59,26.83,42.8,52.15,34.06,42.8,36.72,48.41,21.63,18.44,56.85,12.65,37.2,39.85,12.81,18.97,52.0,34.41,39.45,66.03,8.94,12.65,0.0,46.39,48.17,34.93,4.47,50.04,2.83,33.29,26.08,28.64,31.62,42.43,50.25,33.11,63.29,46.24,57.38,45.28,17.0,26.93,9.22,26.93,35.0,21.1,31.05,9.0,28.65
53,21.63,41.04,89.44,72.11,75.07,74.89,44.05,59.46,2.0,38.63,17.89,34.23,31.62,42.19,14.0,61.19,38.83,42.76,28.28,28.43,60.13,51.22,30.59,16.12,40.5,40.5,40.25,48.83,15.23,47.71,64.12,45.34,82.46,22.09,70.88,82.46,69.08,87.82,66.48,58.55,42.05,34.06,80.99,85.91,57.72,65.12,26.08,22.8,38.21,32.98,39.29,35.44,46.39,0.0,65.3,47.2,49.03,65.12,48.17,72.47,21.54,72.25,77.67,70.77,42.06,69.97,39.81,73.06,37.85,39.22,39.05,50.45,40.01,30.48,23.43,42.44,76.03,48.38,62.94
54,86.28,25.06,30.07,82.61,92.2,12.0,52.04,86.58,63.78,31.3,60.46,88.84,64.62,28.64,55.32,31.62,51.42,93.91,43.91,36.88,39.29,83.95,41.18,80.62,57.27,36.22,84.31,17.2,50.91,24.08,40.5,73.76,37.2,52.0,28.43,37.2,21.26,89.84,61.61,34.93,96.75,46.82,74.67,68.96,56.32,55.79,85.6,42.52,27.78,58.86,53.37,54.41,48.17,65.3,0.0,18.44,52.04,2.83,46.04,77.28,58.31,42.19,63.56,90.02,30.41,78.64,99.62,13.93,42.3,87.24,35.11,74.81,42.2,67.62,41.87,67.68,47.71,57.14,25.08
55,67.94,10.2,43.68,71.47,80.05,27.78,43.08,72.03,45.61,14.14,42.19,70.71,47.54,17.89,36.88,27.2,36.0,76.16,26.0,18.87,32.56,68.26,23.41,62.29,42.0,26.0,67.05,2.0,32.56,16.97,35.38,58.14,42.76,36.5,31.05,42.76,26.08,81.41,52.84,28.28,78.71,30.27,67.68,65.05,45.69,47.71,67.2,24.41,12.0,46.17,38.0,38.21,34.93,47.2,18.44,0.0,39.29,18.87,33.53,67.23,40.25,40.5,58.14,77.28,20.12,67.68,81.27,26.57,31.32,69.64,19.0,60.01,27.07,50.29,23.85,52.09,46.04,43.74,23.77
56,60.53,44.72,59.36,32.31,40.79,53.85,73.59,34.93,47.07,26.83,32.06,50.12,23.41,52.84,35.44,25.06,10.2,51.22,24.41,38.21,18.44,34.0,24.08,56.14,10.77,58.82,39.7,38.83,37.58,54.63,21.26,24.41,43.86,56.04,36.06,43.86,39.4,44.05,17.89,20.59,56.04,16.12,33.29,36.88,8.94,16.12,52.5,38.42,43.91,70.0,10.0,14.0,4.47,49.03,52.04,39.29,0.0,54.0,6.0,28.84,28.07,28.84,28.64,38.21,54.71,28.64,63.06,49.34,61.72,44.2,21.47,23.77,13.6,26.93,39.05,19.1,30.46,5.39,31.38
57,86.28,24.41,32.25,84.85,94.34,14.14,50.0,88.36,63.66,32.31,61.06,89.55,65.79,27.2,55.61,34.18,52.95,94.85,44.72,36.77,41.76,85.51,42.05,80.62,58.86,34.53,85.44,17.89,50.99,22.36,43.08,75.31,40.0,50.99,31.24,40.0,24.08,92.35,64.03,37.36,97.53,48.08,77.25,71.69,58.55,58.24,86.02,42.43,27.2,57.27,54.92,55.79,50.04,65.12,2.83,18.87,54.0,0.0,48.0,79.62,59.06,44.94,66.21,92.09,28.86,80.89,100.12,16.55,40.61,88.24,36.4,76.53,43.74,68.71,41.73,69.23,50.48,59.03,27.73
58,61.61,39.45,54.41,37.95,46.69,48.08,69.31,40.79,46.17,21.63,32.25,53.25,26.08,47.71,34.23,20.0,10.77,55.17,21.54,34.06,14.42,39.4,20.59,56.89,14.14,54.04,43.86,32.98,35.44,49.19,17.89,29.53,40.0,52.84,31.24,40.0,34.0,48.83,21.26,15.62,59.67,14.14,36.88,38.63,12.81,17.89,54.63,34.99,38.83,66.57,11.66,15.23,2.83,48.17,46.04,33.53,6.0,48.0,0.0,34.0,28.28,26.0,30.46,44.18,49.65,34.18,66.04,43.66,57.28,48.1,16.4,29.41,9.43,29.68,35.51,23.85,28.64,11.18,25.94
59,77.67,73.43,75.71,7.21,17.89,76.03,102.18,26.0,70.71,55.57,54.59,60.0,41.23,81.63,60.46,46.17,36.77,56.57,52.35,66.84,38.21,32.56,52.5,74.73,32.8,87.66,46.04,66.48,64.03,83.19,38.0,30.27,56.32,83.55,54.15,56.32,60.0,15.62,16.0,42.43,62.51,43.86,13.42,25.61,21.54,22.0,66.48,66.48,72.72,97.67,35.38,38.42,33.29,72.47,77.28,67.23,28.84,79.62,34.0,0.0,51.11,40.79,21.63,18.44,83.53,4.47,72.17,71.01,90.43,51.09,50.25,25.08,42.44,43.32,67.21,30.68,37.95,26.17,53.15
60,33.53,38.83,76.84,51.22,55.32,65.3,56.46,41.18,19.7,27.2,4.0,30.53,11.66,44.05,10.0,44.72,18.0,36.06,14.42,26.08,41.76,34.18,17.2,28.64,18.97,46.39,28.07,41.18,15.23,48.37,45.61,26.08,66.21,34.99,55.57,66.21,55.61,66.57,45.12,41.23,38.47,15.23,59.46,64.78,36.5,44.18,28.43,22.09,36.5,48.83,18.11,14.14,26.08,21.54,58.31,40.25,28.07,59.06,28.28,51.11,0.0,53.85,56.57,51.22,45.0,48.83,41.77,62.24,46.57,29.83,24.76,30.61,21.93,12.37,23.09,21.93,56.89,26.93,48.26
61,87.36,50.12,34.93,47.54,58.24,37.36,83.19,59.36,70.26,36.88,57.72,78.89,51.88,58.31,58.31,13.42,36.77,80.0,44.05,51.42,12.17,60.96,42.0,82.46,39.45,66.24,68.41,38.83,58.0,57.2,8.25,52.35,16.12,71.81,14.56,16.12,21.54,50.16,25.3,14.14,84.88,38.83,34.23,26.83,25.61,19.7,80.62,54.59,50.99,84.12,37.58,41.23,28.64,72.25,42.19,40.5,28.84,44.94,26.0,40.79,53.85,0.0,22.36,57.58,60.54,43.68,91.79,32.28,71.11,73.01,34.13,50.33,32.39,55.47,54.74,47.63,5.66,33.42,17.69
62,88.02,66.48,56.14,28.84,39.45,59.67,98.41,45.61,75.71,50.0,60.53,74.22,50.04,74.97,64.03,32.25,38.83,72.8,52.0,63.81,25.61,50.12,50.99,84.02,38.05,82.22,61.35,56.85,65.79,75.07,23.32,44.27,36.22,83.19,36.88,36.22,43.68,28.0,12.17,30.0,78.43,44.27,12.0,8.25,20.1,12.65,78.64,65.3,66.6,96.75,38.47,42.43,31.62,77.67,63.56,58.14,28.64,66.21,30.46,21.63,56.57,22.36,0.0,40.0,77.1,25.61,87.09,54.57,86.21,66.41,45.49,40.31,39.81,53.15,65.76,41.77,18.0,30.02,38.48
63,70.68,81.61,92.35,11.31,4.47,90.55,106.68,12.65,69.31,64.03,53.81,50.0,39.7,89.2,61.22,60.53,42.38,44.41,57.27,72.5,52.61,21.54,58.31,68.96,36.77,94.02,36.06,76.94,66.03,91.76,53.37,25.46,73.54,86.02,69.86,73.54,74.97,24.33,32.31,56.32,50.36,49.4,31.24,43.86,34.23,37.95,58.31,70.71,80.32,100.0,40.5,42.05,42.43,70.77,90.02,77.28,38.21,92.09,44.18,18.44,51.22,57.58,40.0,0.0,90.82,14.42,60.67,85.71,95.71,40.52,58.69,20.62,50.45,40.31,71.59,29.41,55.46,33.54,67.48
64,63.63,10.63,60.07,86.77,94.15,42.3,23.09,83.43,41.15,28.02,45.18,72.78,55.33,2.24,37.48,47.17,48.47,79.91,33.96,19.1,51.86,77.93,32.57,58.18,54.08,6.08,73.03,21.93,31.58,6.71,55.0,68.45,62.36,23.43,50.92,62.36,45.35,98.47,70.43,47.8,81.02,41.44,85.8,84.39,62.43,65.86,66.73,23.09,10.82,28.44,50.33,49.04,50.25,42.06,30.41,20.12,54.71,28.86,49.65,83.53,45.0,60.54,77.1,90.82,0.0,83.24,80.99,43.0,12.0,74.33,33.29,71.57,41.18,57.08,22.09,62.82,66.04,58.14,43.86
65,74.22,73.35,78.59,4.0,14.56,78.03,101.21,21.54,68.26,55.46,52.15,56.04,38.47,81.41,58.41,48.0,35.61,52.35,51.22,66.03,40.0,28.28,51.61,71.47,31.11,87.13,42.0,67.05,62.29,83.26,40.2,26.68,59.46,82.02,56.57,59.46,62.13,17.89,18.44,44.05,58.31,42.8,17.89,30.0,22.36,24.33,62.8,65.3,72.47,96.17,34.06,36.77,33.11,69.97,78.64,67.68,28.64,80.89,34.18,4.47,48.83,43.68,25.61,14.42,83.24,0.0,68.07,73.06,89.63,47.01,50.09,21.38,42.06,40.31,66.07,27.73,41.23,25.24,55.0
66,21.38,77.83,118.26,68.01,64.94,107.06,83.22,48.26,40.26,68.88,39.2,13.0,39.96,80.78,44.78,85.0,55.47,16.28,56.08,64.41,80.45,40.01,58.9,25.0,52.35,80.08,26.17,82.42,50.09,86.01,83.86,42.95,105.95,61.81,96.21,105.95,97.0,84.15,75.0,81.02,10.44,55.97,84.72,94.37,68.71,76.9,14.32,59.03,75.13,71.0,54.38,51.04,63.29,39.81,99.62,81.27,63.06,100.12,66.04,72.17,41.77,91.79,87.09,60.67,80.99,68.07,0.0,104.0,77.67,21.1,66.48,47.52,62.48,36.36,59.93,45.54,93.47,59.09,89.38
67,93.01,35.69,17.26,77.06,87.28,5.1,65.38,84.2,71.34,35.47,65.07,92.31,66.29,41.01,61.4,25.18,51.48,96.26,48.1,45.19,33.14,83.01,45.28,87.42,56.8,49.01,85.76,24.7,57.98,37.12,33.02,73.01,24.04,62.82,17.72,24.04,11.05,82.04,55.01,29.43,99.81,48.6,66.29,58.87,51.48,49.01,90.52,50.54,38.08,71.18,53.24,55.23,46.24,73.06,13.93,26.57,49.34,16.55,43.66,71.01,62.24,32.28,54.57,85.71,43.0,73.06,104.0,0.0,55.0,89.31,37.54,73.05,42.72,69.63,50.09,67.12,37.34,54.71,18.25
68,58.52,21.19,72.06,92.91,99.36,54.23,12.21,87.09,37.48,36.24,45.71,71.11,57.87,14.04,37.48,57.7,54.08,79.0,38.59,23.6,61.59,80.65,38.01,53.45,59.17,6.08,73.68,33.24,31.58,18.25,65.0,71.87,73.98,16.16,62.36,73.98,57.07,105.76,78.49,57.8,79.23,46.87,94.07,93.81,70.04,74.41,63.79,25.08,20.12,16.76,55.76,53.71,57.38,37.85,42.3,31.32,61.72,40.61,57.28,90.43,46.57,71.11,86.21,95.71,12.0,89.63,77.67,55.0,0.0,74.17,41.04,75.64,48.17,58.94,24.17,66.71,76.48,64.4,55.03
69,31.4,68.66,102.07,47.1,44.92,92.96,82.38,27.89,38.6,55.95,29.15,9.49,23.02,73.55,37.01,67.9,38.29,7.07,43.66,55.73,62.37,19.24,46.24,31.14,33.97,75.01,5.1,70.38,43.01,78.09,65.44,22.14,87.97,60.02,79.21,87.97,81.06,63.39,54.42,63.64,12.08,40.82,63.64,73.5,48.76,56.8,18.6,51.24,66.29,72.12,36.8,34.21,45.28,39.22,87.24,69.64,44.2,88.24,48.1,51.09,29.83,73.01,66.41,40.52,74.33,47.01,21.1,89.31,74.17,0.0,52.35,26.48,46.62,19.72,52.24,25.55,74.09,39.66,73.11
70,56.82,23.26,52.2,53.71,61.68,40.8,53.15,53.04,37.11,5.39,27.8,54.82,29.55,31.38,25.63,22.2,17.0,59.17,11.18,18.36,22.56,49.37,8.54,51.43,23.0,37.64,49.24,19.1,24.19,33.24,26.48,39.2,43.42,38.28,31.95,43.42,31.06,65.22,37.48,20.02,62.43,11.7,53.04,53.34,29.21,33.42,53.15,20.62,22.47,51.43,19.0,19.42,17.0,39.05,35.11,19.0,21.47,36.4,16.4,50.25,24.76,34.13,45.49,58.69,33.29,50.09,66.48,37.54,41.04,52.35,0.0,41.01,8.25,32.65,20.88,33.14,38.64,25.3,24.17
71,52.89,62.97,82.86,22.47,24.76,77.49,86.35,12.04,48.92,46.1,33.24,35.06,19.1,70.09,40.61,48.75,24.02,32.57,37.64,52.81,41.68,10.63,39.05,50.33,18.03,74.33,21.38,60.01,45.49,73.16,43.83,5.39,66.22,65.46,59.54,66.22,63.16,38.9,28.65,44.28,38.33,30.41,37.22,47.13,24.76,32.02,41.44,50.57,61.39,79.4,22.02,22.56,26.93,50.45,74.81,60.01,23.77,76.53,29.41,25.08,30.61,50.33,40.31,20.62,71.57,21.38,47.52,73.05,75.64,26.48,41.01,0.0,33.02,20.0,51.48,8.94,50.25,18.38,55.15
72,55.36,31.38,55.87,45.62,53.45,46.53,60.11,45.0,38.01,13.6,25.63,50.21,23.6,39.36,26.02,22.83,9.22,53.6,12.37,24.76,20.22,41.77,11.18,50.29,15.13,45.22,43.05,27.0,26.48,41.44,24.19,31.58,44.28,43.42,33.84,44.28,34.66,57.63,30.61,19.31,57.38,6.71,46.23,47.93,21.93,27.29,49.93,25.55,30.41,57.14,11.18,12.53,9.22,40.01,42.2,27.07,13.6,43.74,9.43,42.44,21.93,32.39,39.81,50.45,41.18,42.06,62.48,42.72,48.17,46.62,8.25,33.02,0.0,27.02,26.08,25.5,36.01,17.09,26.91
73,35.06,50.25,82.76,42.06,44.6,73.25,68.71,29.41,29.0,36.4,13.89,23.6,3.61,56.01,21.93,48.92,19.21,26.63,24.52,38.01,44.1,21.93,26.93,31.58,16.16,58.69,16.76,50.92,27.51,60.07,47.51,14.87,69.63,46.96,60.21,69.63,61.62,58.18,41.05,44.82,30.41,21.1,53.6,61.03,33.54,41.77,25.71,34.37,48.09,60.54,18.03,14.87,26.93,30.48,67.62,50.29,26.93,68.71,29.68,43.32,12.37,55.47,53.15,40.31,57.08,40.31,36.36,69.63,58.94,19.72,32.65,20.0,27.02,0.0,35.36,12.65,57.38,23.54,53.76
74,44.6,18.03,66.85,69.2,75.29,51.62,35.23,62.97,21.93,18.03,23.09,50.96,33.96,21.38,15.52,42.11,30.48,57.87,14.87,5.0,43.42,56.75,15.0,38.95,35.23,23.35,51.0,25.55,9.85,26.25,47.3,47.76,62.2,17.46,50.25,62.2,47.3,82.73,56.61,40.61,59.2,23.35,72.2,73.79,47.8,53.34,45.62,1.0,15.26,31.06,32.02,29.68,35.0,23.43,41.87,23.85,39.05,41.73,35.51,67.21,23.09,54.74,65.76,71.59,22.09,66.07,59.93,50.09,24.17,52.24,20.88,51.48,26.08,35.36,0.0,42.54,59.44,41.04,42.19
75,47.38,54.45,78.24,29.68,33.42,71.31,77.41,20.62,40.8,38.01,24.84,32.57,10.82,61.39,31.89,43.83,16.28,32.45,28.86,43.97,37.54,16.28,30.41,44.15,10.44,65.46,20.81,52.24,36.62,64.63,40.31,6.08,62.94,56.61,55.0,62.94,57.8,45.62,29.61,39.41,37.59,22.02,41.19,49.37,23.26,31.38,37.05,41.63,52.77,70.6,14.32,14.04,21.1,42.44,67.68,52.09,19.1,69.23,23.85,30.68,21.93,47.63,41.77,29.41,62.82,27.73,45.54,67.12,66.71,25.55,33.14,8.94,25.5,12.65,42.54,0.0,48.55,14.21,49.74
76,90.24,55.57,38.21,44.94,55.71,42.38,88.59,58.41,74.03,41.76,60.83,80.5,53.85,63.81,62.03,18.87,39.29,80.99,48.04,56.32,16.12,60.83,46.17,85.51,41.23,71.69,69.34,44.41,62.13,62.8,12.17,52.8,18.44,76.66,19.7,18.44,26.83,46.0,23.32,18.97,86.09,42.19,30.0,21.54,25.61,18.44,82.87,59.23,56.36,89.2,39.85,43.68,31.05,76.03,47.71,46.04,30.46,50.48,28.64,37.95,56.89,5.66,18.0,55.46,66.04,41.23,93.47,37.34,76.48,74.09,38.64,50.25,36.01,57.38,59.44,48.55,0.0,34.48,23.35
77,58.08,48.47,64.66,28.65,36.4,59.2,76.06,29.61,46.49,30.68,30.81,46.1,20.22,56.36,35.34,30.41,10.63,46.62,26.17,40.8,23.6,28.65,26.4,54.01,8.06,61.91,35.0,43.42,38.28,58.52,26.17,19.21,48.8,57.49,41.34,48.8,44.78,41.73,18.25,25.94,51.62,17.69,32.7,38.12,10.05,18.25,49.24,40.31,47.42,71.59,9.43,13.0,9.0,48.38,57.14,43.74,5.39,59.03,11.18,26.17,26.93,33.42,30.02,33.54,58.14,25.24,59.09,54.71,64.4,39.66,25.3,18.38,17.09,23.54,41.04,14.21,34.48,0.0,36.77
78,80.95,33.84,29.0,59.0,69.12,23.09,66.85,66.1,61.03,24.52,51.62,77.1,50.25,41.63,49.77,7.0,34.83,80.16,35.34,38.01,15.0,65.31,32.7,75.58,39.66,49.77,69.2,21.93,47.8,39.96,15.52,55.47,20.02,58.08,8.06,20.02,8.06,65.0,37.22,11.18,84.17,33.42,49.65,44.1,33.24,31.26,76.61,42.3,35.17,69.23,36.4,38.95,28.65,62.94,25.08,23.77,31.38,27.73,25.94,53.15,48.26,17.69,38.48,67.48,43.86,55.0,89.38,18.25,55.03,73.11,24.17,55.15,26.91,53.76,42.19,49.74,23.35,36.77,0.0
