vehicles
vehicle_idx, capacity, cost_per_unit_distance
1,100,3
2,100,3
3,100,3
4,100,3
5,100,3
6,100,3
7,100,3
8,100,3
depot
node_idx,x,y
0,2,48
home delivery customers
node_idx,x,y,service_time,demand
1,38,10,10,11
2,7,40,10,4
3,7,1,10,9
4,38,62,10,1
5,50,70,10,3
6,35,69,10,20
7,14,41,10,7
8,94,73,10,1
9,61,46,10,2
10,58,41,10,2
11,84,97,10,16
12,35,20,10,26
13,96,79,10,3
14,28,93,10,10
15,55,94,10,9
16,85,49,10,19
17,26,55,10,2
18,71,21,10,2
19,33,49,10,23
20,93,7,10,26
21,54,53,10,2
self pickup customers
node_idx,x,y,service_time,demand,locker_idxs
22,33,83,10,18,69-75
23,77,89,10,16,66-62
24,53,55,10,7,68-72
25,73,68,10,9,66-62
26,4,24,10,16,70
27,30,56,10,6,71-65
28,94,4,10,4,64-67
29,23,96,10,2,65
30,96,88,10,12,66
31,74,94,10,22,66-62
32,92,96,10,12,66-62
33,24,10,10,14,63
34,8,74,10,19,75-69-65
35,73,87,10,23,66-62
36,56,84,10,21,62-66
37,68,99,10,24,62-66
38,85,2,10,12,64-67
39,12,71,10,6,65
40,51,2,10,16,73
41,70,22,10,21,73-67
flexible customers
node_idx,x,y,service_time,demand,locker_idxs
42,64,71,10,26,71-62-66
43,96,61,10,8,74-68-66
44,82,56,10,7,74-68
45,42,53,10,2,75-72-71
46,5,49,10,22,63
47,1,85,10,23,65
48,68,52,10,6,74-68-71
49,73,22,10,11,67-64
50,4,48,10,2,63
51,52,72,10,14,72-69-71-62
52,38,9,10,9,70-63
53,90,15,10,20,64-67
54,93,41,10,18,74-68
55,13,87,10,18,69-65
56,34,68,10,4,75-72-69-71
57,21,1,10,16,63
58,30,53,10,24,71-75-72-69
59,0,30,10,16,70
60,72,75,10,2,66-62
61,26,17,10,7,70-63
lockers
node_idx,x,y,service_time,capacity,cost_per_unit_good
62,65,88,10,75
63,25,15,10,75
64,93,12,10,74
65,22,88,10,89
66,77,88,10,88
67,72,14,10,96
68,78,52,10,89
69,34,80,10,85
70,24,21,10,86
71,50,56,10,96
72,37,66,10,76
73,51,26,10,76
74,84,48,10,87
75,31,72,10,88
mrt lines
start_node_idx,end_node_idx,freight_capacity,cost_per_unit_good
62,63,75,0.1
63,62,75,0.1
64,65,89,0.1
65,64,89,0.1
66,67,96,0.1
67,66,96,0.1
distance matrix
,0,1,2,3,4,5,6,7,8,9,10,11,12,13,14,15,16,17,18,19,20,21,22,23,24,25,26,27,28,29,30,31,32,33,34,35,36,37,38,39,40,41,42,43,44,45,46,47,48,49,50,51,52,53,54,55,56,57,58,59,60,61,62,63,64,65,66,67,68,69,70,71,72,73,74,75,
0,0.0,52.35,9.43,47.27,38.63,52.8,39.12,13.89,95.34,59.03,56.44,95.52,43.28,98.98,51.97,70.18,83.01,25.0,74.09,31.02,99.81,52.24,46.75,85.48,51.48,73.76,24.08,29.12,101.98,52.39,102.16,85.44,102.0,43.91,26.68,81.01,64.9,83.41,94.89,25.08,67.21,72.8,66.13,94.89,80.4,40.31,3.16,37.01,66.12,75.61,2.0,55.46,53.08,93.98,91.27,40.52,37.74,50.7,28.44,18.11,75.03,39.2,74.63,40.22,97.86,44.72,85.0,77.82,76.11,45.25,34.83,48.66,39.36,53.71,82.0,37.64
1,52.35,0.0,43.14,32.28,52.0,61.19,59.08,39.2,84.29,42.72,36.89,98.41,10.44,90.14,83.6,85.7,61.07,46.57,34.79,39.32,55.08,45.88,73.17,88.1,47.43,67.74,36.77,46.69,56.32,87.3,97.2,91.39,101.55,14.0,70.68,84.58,76.16,93.92,47.68,66.31,15.26,34.18,66.31,77.23,63.66,43.19,51.09,83.63,51.61,37.0,50.99,63.56,1.0,52.24,63.13,80.96,58.14,19.24,43.74,42.94,73.36,13.89,82.54,13.93,55.04,79.62,87.21,34.23,58.0,70.11,17.8,47.54,56.01,20.62,59.67,62.39
2,9.43,43.14,0.0,39.0,38.01,52.43,40.31,7.07,93.05,54.33,51.01,95.8,34.41,97.17,57.01,72.25,78.52,24.21,66.76,27.51,92.11,48.76,50.25,85.45,48.38,71.69,16.28,28.02,94.15,58.24,101.12,86.05,101.79,34.48,34.01,81.02,65.86,84.86,86.76,31.4,58.14,65.52,64.88,91.44,76.69,37.34,9.22,45.4,62.17,68.41,8.54,55.22,43.84,86.68,86.01,47.38,38.9,41.44,26.42,12.21,73.82,29.83,75.29,30.81,90.44,50.29,84.88,70.01,72.01,48.26,25.5,45.88,39.7,46.17,77.41,40.0
3,47.27,32.28,39.0,0.0,68.43,81.3,73.54,40.61,112.93,70.29,64.82,123.07,33.84,118.34,94.37,104.66,91.59,57.25,67.05,54.59,86.21,70.09,86.02,112.45,70.94,94.05,23.19,59.62,87.05,96.34,124.46,114.62,127.48,19.24,73.01,108.41,96.38,115.43,78.01,70.18,44.01,66.41,90.27,107.34,93.01,62.68,48.04,84.21,79.51,69.26,47.1,84.06,32.02,84.17,94.85,86.21,72.24,14.0,56.86,29.83,98.49,24.84,104.56,22.8,86.7,88.28,111.66,66.29,87.42,83.49,26.25,69.81,71.59,50.61,90.21,74.95
4,38.63,52.0,38.01,68.43,0.0,14.42,7.62,31.89,57.07,28.02,29.0,57.8,42.11,60.44,32.57,36.24,48.76,13.89,52.63,13.93,77.78,18.36,21.59,47.43,16.55,35.51,50.99,10.0,80.62,37.16,63.56,48.17,63.81,53.85,32.31,43.01,28.43,47.63,76.22,27.51,61.39,51.22,27.51,58.01,44.41,9.85,35.47,43.57,31.62,53.15,36.77,17.2,53.0,70.09,58.87,35.36,7.21,63.32,12.04,49.68,36.4,46.57,37.48,48.76,74.33,30.53,46.87,58.82,41.23,18.44,43.32,13.42,4.12,38.28,48.08,12.21
5,52.8,61.19,52.43,81.3,14.42,0.0,15.03,46.23,44.1,26.4,30.08,43.42,52.2,46.87,31.83,24.52,40.82,28.3,53.31,27.02,76.28,17.46,21.4,33.02,15.3,23.09,65.05,24.41,79.32,37.48,49.4,33.94,49.4,65.39,42.19,28.6,15.23,34.13,76.48,38.01,68.01,52.0,14.04,46.87,34.93,18.79,49.66,51.24,25.46,53.23,50.99,2.83,62.17,68.01,51.87,40.72,16.12,74.85,26.25,64.03,22.56,58.18,23.43,60.42,72.2,33.29,32.45,60.17,33.29,18.87,55.47,14.0,13.6,44.01,40.5,19.1
6,39.12,59.08,40.31,73.54,7.62,15.03,0.0,35.0,59.14,34.71,36.24,56.44,49.0,61.81,25.0,32.02,53.85,16.64,60.0,20.1,84.9,24.84,14.14,46.52,22.8,38.01,54.64,13.93,87.78,29.55,63.89,46.32,63.07,60.02,27.46,42.05,25.81,44.6,83.6,23.09,68.88,58.6,29.07,61.52,48.76,17.46,36.06,37.58,37.12,60.44,37.44,17.26,60.07,77.08,64.4,28.43,1.41,69.43,16.76,52.4,37.48,52.77,35.51,54.92,81.32,23.02,46.1,66.29,46.24,11.05,49.24,19.85,3.61,45.88,53.31,5.0
7,13.89,39.2,7.07,40.61,31.89,46.23,35.0,0.0,86.16,47.27,44.0,89.64,29.7,90.38,53.85,67.01,71.45,18.44,60.41,20.62,86.01,41.76,46.1,79.2,41.44,64.88,19.72,21.93,88.14,55.73,94.51,80.06,95.44,32.57,33.54,74.81,60.11,79.25,81.01,30.07,53.76,59.14,58.31,84.4,69.63,30.46,12.04,45.88,55.11,61.98,12.21,49.04,40.0,80.32,79.0,46.01,33.6,40.61,20.0,17.8,67.23,26.83,69.35,28.23,84.15,47.68,78.6,63.98,64.94,43.83,22.36,39.0,33.97,39.92,70.35,35.36
8,95.34,84.29,93.05,112.93,57.07,44.1,59.14,86.16,0.0,42.64,48.17,26.0,79.31,6.32,68.96,44.29,25.63,70.34,56.86,65.55,66.01,44.72,61.81,23.35,44.78,21.59,102.47,66.22,69.0,74.63,15.13,29.0,23.09,94.18,86.01,25.24,39.56,36.77,71.57,82.02,83.01,56.36,30.07,12.17,20.81,55.71,92.18,93.77,33.42,55.15,93.41,42.01,85.04,58.14,32.02,82.2,60.21,102.53,67.05,103.37,22.09,88.09,32.65,90.14,61.01,73.55,22.67,62.97,26.4,60.41,87.2,47.17,57.43,63.7,26.93,63.01
9,59.03,42.72,54.33,70.29,28.02,26.4,34.71,47.27,42.64,0.0,5.83,55.95,36.77,48.1,57.43,48.37,24.19,36.14,26.93,28.16,50.45,9.9,46.4,45.88,12.04,25.06,61.1,32.57,53.41,62.8,54.67,49.73,58.83,51.62,59.94,42.72,38.33,53.46,50.12,55.01,45.12,25.63,25.18,38.08,23.26,20.25,56.08,71.56,9.22,26.83,57.04,27.51,43.57,42.45,32.39,63.13,34.83,60.21,31.78,63.06,31.02,45.45,42.19,47.51,46.69,57.31,44.94,33.84,18.03,43.42,44.65,14.87,31.24,22.36,23.09,39.7
10,56.44,36.89,51.01,64.82,29.0,30.08,36.24,44.0,48.17,5.83,0.0,61.74,31.14,53.74,60.03,53.08,28.16,34.93,23.85,26.25,48.8,12.65,48.88,51.62,14.87,30.89,56.61,31.76,51.62,65.19,60.44,55.36,64.66,46.01,59.91,48.38,43.05,58.86,47.43,54.92,39.62,22.47,30.59,42.94,28.3,20.0,53.6,72.01,14.87,24.21,54.45,31.58,37.74,41.23,35.0,64.35,36.12,54.49,30.46,59.03,36.77,40.0,47.52,42.01,45.45,59.2,50.7,30.41,22.83,45.79,39.45,17.0,32.65,16.55,26.93,41.11
11,95.52,98.41,95.8,123.07,57.8,43.42,56.44,89.64,26.0,55.95,61.74,0.0,91.27,21.63,56.14,29.15,48.01,71.61,77.1,70.04,90.45,53.25,52.89,10.63,52.2,31.02,108.3,67.8,93.54,61.01,15.0,10.44,8.06,105.68,79.4,14.87,30.87,16.12,95.01,76.55,100.57,76.3,32.8,37.95,41.05,60.83,92.44,83.86,47.76,75.8,93.81,40.61,99.3,82.22,56.72,71.7,57.8,114.83,69.66,107.45,25.06,98.81,21.02,101.02,85.48,62.65,11.4,83.86,45.4,52.81,96.83,53.26,56.3,78.29,49.0,58.6
12,43.28,10.44,34.41,33.84,42.11,52.2,49.0,29.7,79.31,36.77,31.14,91.27,0.0,84.86,73.33,76.66,57.8,36.14,36.01,29.07,59.44,38.08,63.03,80.78,39.36,61.22,31.26,36.35,61.13,76.94,91.35,83.65,95.0,14.87,60.37,77.03,67.36,85.62,53.14,55.95,24.08,35.06,58.67,73.5,59.2,33.73,41.73,73.36,45.97,38.05,41.77,54.71,11.4,55.23,61.68,70.52,48.01,23.6,33.38,36.4,66.29,9.49,74.32,11.18,58.55,69.23,79.92,37.48,53.6,60.01,11.05,39.0,46.04,17.09,56.44,52.15
13,98.98,90.14,97.17,118.34,60.44,46.87,61.81,90.38,6.32,48.1,53.74,21.63,84.86,0.0,69.43,43.66,31.95,74.0,63.16,69.78,72.06,49.4,63.13,21.47,49.24,25.5,107.19,69.89,75.03,74.95,9.0,26.63,17.46,99.72,88.14,24.35,40.31,34.41,77.78,84.38,89.19,62.65,32.98,18.0,26.93,59.93,95.82,95.19,38.9,61.47,97.08,44.55,90.91,64.28,38.12,83.38,62.97,108.21,70.94,107.78,24.33,93.51,32.28,95.59,67.07,74.55,21.02,69.29,32.45,62.01,92.46,51.43,60.42,69.53,33.24,65.38
14,51.97,83.6,57.01,94.37,32.57,31.83,25.0,53.85,68.96,57.43,60.03,56.14,73.33,69.43,0.0,27.02,72.01,38.05,83.86,44.28,107.8,47.71,11.18,49.16,45.49,51.48,73.05,37.05,110.8,5.83,68.18,46.01,64.07,83.1,27.59,45.4,29.41,40.45,107.38,27.2,93.86,82.49,42.19,75.15,65.46,42.38,49.65,28.16,57.28,84.06,51.0,31.89,84.59,99.64,83.24,16.16,25.71,92.27,40.05,68.94,47.54,76.03,37.34,78.06,103.86,7.81,49.25,90.43,64.66,14.32,72.11,43.05,28.46,70.84,71.84,21.21
15,70.18,85.7,72.25,104.66,36.24,24.52,32.02,67.01,44.29,48.37,53.08,29.15,76.66,43.66,27.02,0.0,54.08,48.6,74.73,50.09,94.94,41.01,24.6,22.56,39.05,31.62,86.61,45.49,98.09,32.06,41.44,19.0,37.05,89.54,51.08,19.31,10.05,13.93,96.77,48.76,92.09,73.55,24.7,52.63,46.62,43.01,67.27,54.74,43.97,74.22,68.68,22.2,86.68,86.41,65.22,42.58,33.42,99.02,48.02,84.39,25.5,82.28,11.66,84.5,90.38,33.54,22.8,81.79,47.89,25.24,79.31,38.33,33.29,68.12,54.38,32.56
16,83.01,61.07,78.52,91.59,48.76,40.82,53.85,71.45,25.63,24.19,28.16,48.01,57.8,31.95,72.01,54.08,0.0,59.3,31.3,52.0,42.76,31.26,62.13,40.79,32.56,22.47,84.77,55.44,45.89,77.8,40.52,46.32,47.52,72.4,80.96,39.85,45.45,52.81,47.0,76.24,58.01,30.89,30.41,16.28,7.62,43.19,80.0,91.39,17.26,29.55,81.01,40.22,61.72,34.37,11.31,81.41,54.42,80.0,55.15,87.1,29.07,67.12,43.83,68.96,37.85,74.09,39.81,37.34,7.62,59.68,67.12,35.69,50.92,41.05,1.41,58.69
17,25.0,46.57,24.21,57.25,13.89,28.3,16.64,18.44,70.34,36.14,34.93,71.61,36.14,74.0,38.05,48.6,59.3,0.0,56.4,9.22,82.42,28.07,28.86,61.29,27.0,48.76,38.01,4.12,85.0,41.11,77.39,61.85,77.7,45.04,26.17,56.86,41.73,60.83,79.31,21.26,58.6,55.0,41.23,70.26,56.01,16.12,21.84,39.05,42.11,57.43,23.09,31.06,47.54,75.47,68.45,34.54,15.26,54.23,4.47,36.07,50.16,38.0,51.09,40.01,79.61,33.24,60.75,61.62,52.09,26.25,34.06,24.02,15.56,38.29,58.42,17.72
18,74.09,34.79,66.76,67.05,52.63,53.31,60.0,60.41,56.86,26.93,23.85,77.1,36.01,63.16,83.86,74.73,31.3,56.4,0.0,47.2,26.08,36.24,72.72,68.26,38.47,47.04,67.07,53.91,28.6,89.04,71.51,73.06,77.88,48.27,82.33,66.03,64.76,78.06,23.6,77.34,27.59,1.41,50.49,47.17,36.69,43.19,71.69,94.85,31.14,2.24,72.24,54.42,35.11,19.92,29.73,87.86,59.82,53.85,52.01,71.57,54.01,45.18,67.27,46.39,23.77,83.01,67.27,7.07,31.78,69.64,47.0,40.82,56.4,20.62,29.97,64.82
19,31.02,39.32,27.51,54.59,13.93,27.02,20.1,20.62,65.55,28.16,26.25,70.04,29.07,69.78,44.28,50.09,52.0,9.22,47.2,0.0,73.24,21.38,34.0,59.46,20.88,44.28,38.29,7.62,75.8,48.05,74.09,60.88,75.43,40.02,35.36,55.17,41.88,61.03,70.09,30.41,50.33,45.8,38.01,64.13,49.5,9.85,28.0,48.17,35.13,48.26,29.02,29.83,40.31,66.37,60.53,42.94,19.03,49.48,5.0,38.08,46.87,32.76,50.45,34.93,70.49,40.52,58.8,52.4,45.1,31.02,29.41,18.38,17.46,29.21,51.01,23.09
20,99.81,55.08,92.11,86.21,77.78,76.28,84.9,86.01,66.01,50.45,48.8,90.45,59.44,72.06,107.8,94.94,42.76,82.42,26.08,73.24,0.0,60.31,96.83,83.55,62.48,64.2,90.61,79.81,3.16,113.23,81.06,89.05,89.01,69.07,108.23,82.46,85.43,95.34,9.43,103.23,42.3,27.46,70.26,54.08,50.22,68.68,97.51,120.62,51.48,25.0,97.99,76.85,55.04,8.54,34.0,113.14,84.86,72.25,78.01,95.8,71.17,67.74,85.7,68.47,5.0,107.71,82.57,22.14,47.43,93.86,70.41,65.19,81.34,46.1,41.98,89.83
21,52.24,45.88,48.76,70.09,18.36,17.46,24.84,41.76,44.72,9.9,12.65,53.25,38.08,49.4,47.71,41.01,31.26,28.07,36.24,21.38,60.31,0.0,36.62,42.72,2.24,24.21,57.8,24.19,63.25,53.01,54.67,45.62,57.38,52.43,50.57,38.95,31.06,48.08,59.68,45.69,51.09,34.89,20.59,42.76,28.16,12.0,49.16,61.91,14.04,36.36,50.25,19.1,46.82,52.35,40.8,53.26,25.0,61.59,24.0,58.69,28.43,45.61,36.69,47.8,56.59,47.42,41.88,42.95,24.02,33.6,43.86,5.0,21.4,27.17,30.41,29.83
22,46.75,73.17,50.25,86.02,21.59,21.4,14.14,46.1,61.81,46.4,48.88,52.89,63.03,63.13,11.18,24.6,62.13,28.86,72.72,34.0,96.83,36.62,0.0,44.41,34.41,42.72,65.74,27.17,99.81,16.4,63.2,42.45,60.42,73.55,26.57,40.2,23.02,38.48,96.25,24.19,82.98,71.34,33.24,66.73,55.95,31.32,44.05,32.06,46.75,72.95,45.45,21.95,74.17,88.73,73.24,20.4,15.03,82.87,30.15,62.43,39.81,66.37,32.39,68.47,92.96,12.08,44.28,79.26,54.64,3.16,62.65,31.91,17.46,59.77,61.85,11.18
23,85.48,88.1,85.45,112.45,47.43,33.02,46.52,79.2,23.35,45.88,51.62,10.63,80.78,21.47,49.16,22.56,40.79,61.29,68.26,59.46,83.55,42.72,44.41,0.0,41.62,21.38,97.74,57.43,86.68,54.45,19.03,5.83,16.55,95.13,70.61,4.47,21.59,13.45,87.37,67.45,90.8,67.36,22.2,33.84,33.38,50.21,82.37,76.11,38.08,67.12,83.73,30.23,89.0,75.13,50.6,64.03,47.85,104.31,59.2,97.01,14.87,88.23,12.04,90.44,78.64,55.01,1.0,75.17,37.01,43.93,86.21,42.64,46.14,68.15,41.59,49.04
24,51.48,47.43,48.38,70.94,16.55,15.3,22.8,41.44,44.78,12.04,14.87,52.2,39.36,49.24,45.49,39.05,32.56,27.0,38.47,20.88,62.48,2.24,34.41,41.62,0.0,23.85,57.98,23.02,65.44,50.8,54.2,44.29,56.59,53.54,48.85,37.74,29.15,46.49,61.91,44.01,53.04,37.12,19.42,43.42,29.02,11.18,48.37,60.03,15.3,38.59,49.5,17.03,48.38,54.49,42.38,51.22,23.02,62.77,23.09,58.6,27.59,46.62,35.11,48.83,58.73,45.28,40.8,45.19,25.18,31.4,44.69,3.16,19.42,29.07,31.78,27.8
25,73.76,67.74,71.69,94.05,35.51,23.09,38.01,64.88,21.59,25.06,30.89,31.02,61.22,25.5,51.48,31.62,22.47,48.76,47.04,44.28,64.2,24.21,42.72,21.38,23.85,0.0,81.84,44.64,67.36,57.31,30.48,26.02,33.84,75.93,65.28,19.0,23.35,31.4,67.08,61.07,69.57,46.1,9.49,24.04,15.0,34.44,70.6,73.98,16.76,46.0,71.84,21.38,68.6,55.66,33.6,62.94,39.0,84.81,45.54,82.3,7.07,69.35,21.54,71.51,59.46,54.78,20.4,54.01,16.76,40.8,67.9,25.94,36.06,47.41,22.83,42.19
26,24.08,36.77,16.28,23.19,50.99,65.05,54.64,19.72,102.47,61.1,56.61,108.3,31.26,107.19,73.05,86.61,84.77,38.01,67.07,38.29,90.61,57.8,65.74,97.74,57.98,81.84,0.0,41.23,92.2,74.46,112.07,98.99,113.7,24.41,50.16,93.43,79.4,98.6,83.93,47.68,51.89,66.03,76.22,99.16,84.31,47.8,25.02,61.07,69.86,69.03,24.0,67.88,37.16,86.47,90.61,63.64,53.25,28.6,38.95,7.21,85.0,23.09,88.41,22.85,89.81,66.48,97.08,68.73,79.12,63.53,20.22,56.04,53.41,47.04,83.52,55.07
27,29.12,46.69,28.02,59.62,10.0,24.41,13.93,21.93,66.22,32.57,31.76,67.8,36.35,69.89,37.05,45.49,55.44,4.12,53.91,7.62,79.81,24.19,27.17,57.43,23.02,44.64,41.23,0.0,82.46,40.61,73.35,58.14,73.78,46.39,28.43,53.01,38.21,57.38,77.08,23.43,57.94,52.5,37.16,66.19,52.0,12.37,25.96,41.01,38.21,54.82,27.2,27.2,47.68,72.67,64.76,35.36,12.65,55.73,3.0,39.7,46.1,39.2,47.42,41.3,76.84,32.98,56.86,59.4,48.17,24.33,35.51,20.0,12.21,36.62,54.59,16.03
28,101.98,56.32,94.15,87.05,80.62,79.32,87.78,88.14,69.0,53.41,51.62,93.54,61.13,75.03,110.8,98.09,45.89,85.0,28.6,75.8,3.16,63.25,99.81,86.68,65.44,67.36,92.2,82.46,0.0,116.21,84.02,92.2,92.02,70.26,110.89,85.62,88.57,98.49,9.22,105.89,43.05,30.0,73.41,57.04,53.37,71.45,99.73,123.33,54.59,27.66,100.18,79.92,56.22,11.7,37.01,115.97,87.73,73.06,80.6,97.53,74.33,69.23,88.87,69.87,8.06,110.63,85.7,24.17,50.6,96.83,72.03,68.12,84.22,48.3,45.12,92.7
29,52.39,87.3,58.24,96.34,37.16,37.48,29.55,55.73,74.63,62.8,65.19,61.01,76.94,74.95,5.83,32.06,77.8,41.11,89.04,48.05,113.23,53.01,16.4,54.45,50.8,57.31,74.46,40.61,116.21,0.0,73.44,51.04,69.0,86.01,26.63,50.8,35.11,45.1,112.61,27.31,98.08,87.66,48.02,80.96,71.28,47.01,50.33,24.6,62.94,89.31,51.62,37.64,88.28,105.12,89.02,13.45,30.08,95.02,43.57,69.89,53.31,79.06,42.76,81.02,109.34,8.06,54.59,95.52,70.43,19.42,75.01,48.26,33.11,75.39,77.62,25.3
30,102.16,97.2,101.12,124.46,63.56,49.4,63.89,94.51,15.13,54.67,60.44,15.0,91.35,9.0,68.18,41.44,40.52,77.39,71.51,74.09,81.06,54.67,63.2,19.03,54.2,30.48,112.07,73.35,84.02,73.44,0.0,22.8,8.94,106.15,89.11,23.02,40.2,30.08,86.7,85.7,97.06,70.94,36.24,27.0,34.93,64.35,99.01,95.05,45.61,69.89,100.32,46.82,98.01,73.25,47.1,83.01,65.15,114.87,74.71,112.16,27.29,99.7,31.0,101.83,76.06,74.0,19.0,77.79,40.25,62.51,98.35,56.04,62.97,76.61,41.76,66.94
31,85.44,91.39,86.05,114.62,48.17,33.94,46.32,80.06,29.0,49.73,55.36,10.44,83.65,26.63,46.01,19.0,46.32,61.85,73.06,60.88,89.05,45.62,42.45,5.83,44.29,26.02,98.99,58.14,92.2,51.04,22.8,0.0,18.11,97.75,68.96,7.07,20.59,7.81,92.66,66.13,94.83,72.11,25.08,39.66,38.83,52.01,82.38,73.55,42.43,72.01,83.76,31.11,92.31,80.6,56.3,61.4,47.71,107.04,60.14,97.84,19.1,90.74,10.82,92.96,84.17,52.35,6.71,80.02,42.19,42.38,88.48,44.94,46.4,71.78,47.07,48.3
32,102.0,101.55,101.79,127.48,63.81,49.4,63.07,95.44,23.09,58.83,64.66,8.06,95.0,17.46,64.07,37.05,47.52,77.7,77.88,75.43,89.01,57.38,60.42,16.55,56.59,33.84,113.7,73.78,92.02,69.0,8.94,18.11,0.0,109.64,86.83,21.02,37.95,24.19,94.26,83.82,102.55,77.2,37.54,35.23,41.23,65.95,98.88,91.66,50.12,76.4,100.24,46.65,102.4,81.02,55.01,79.51,64.4,118.6,75.45,113.23,29.0,102.94,28.16,105.12,84.01,70.46,17.0,84.4,46.17,60.17,101.24,58.0,62.65,81.12,48.66,65.55
33,43.91,14.0,34.48,19.24,53.85,65.39,60.02,32.57,94.18,51.62,46.01,105.68,14.87,99.72,83.1,89.54,72.4,45.04,48.27,40.02,69.07,52.43,73.55,95.13,53.54,75.93,24.41,46.39,70.26,86.01,106.15,97.75,109.64,0.0,65.97,91.27,80.62,99.28,61.52,62.17,28.16,47.54,72.95,88.23,74.03,46.62,43.38,78.45,60.83,50.45,42.94,68.03,14.04,66.19,75.64,77.78,58.86,9.49,43.42,31.24,80.8,7.28,88.12,5.1,69.03,78.03,94.3,48.17,68.41,70.71,11.0,52.84,57.49,31.38,71.02,62.39
34,26.68,70.68,34.01,73.01,32.31,42.19,27.46,33.54,86.01,59.94,59.91,79.4,60.37,88.14,27.59,51.08,80.96,26.17,82.33,35.36,108.23,50.57,26.57,70.61,48.85,65.28,50.16,28.43,110.89,26.63,89.11,68.96,86.83,65.97,0.0,66.29,49.03,65.0,105.42,5.0,83.86,80.92,56.08,88.96,76.16,39.96,25.18,13.04,63.91,83.24,26.31,44.05,71.59,101.02,91.18,13.93,26.68,74.15,30.41,44.72,64.01,59.77,58.69,61.4,105.21,19.8,70.41,87.73,73.38,26.68,55.36,45.69,30.08,64.44,80.32,23.09
35,81.01,84.58,81.02,108.41,43.01,28.6,42.05,74.81,25.24,42.72,48.38,14.87,77.03,24.35,45.4,19.31,39.85,56.86,66.03,55.17,82.46,38.95,40.2,4.47,37.74,19.0,93.43,53.01,85.62,50.8,23.02,7.07,21.02,91.27,66.29,0.0,17.26,13.0,85.84,63.06,87.8,65.07,18.36,34.71,32.28,46.01,77.9,72.03,35.36,65.0,79.26,25.81,85.49,73.98,50.16,60.0,43.38,100.5,54.82,92.62,12.04,84.31,8.06,86.53,77.62,51.01,4.12,73.01,35.36,39.62,82.2,38.6,41.68,64.85,40.52,44.6
36,64.9,76.16,65.86,96.38,28.43,15.23,25.81,60.11,39.56,38.33,43.05,30.87,67.36,40.31,29.41,10.05,45.45,41.73,64.76,41.88,85.43,31.06,23.02,21.59,29.15,23.35,79.4,38.21,88.57,35.11,40.2,20.59,37.95,80.62,49.03,17.26,0.0,19.21,86.98,45.88,82.15,63.56,15.26,46.14,38.21,34.01,61.85,55.01,34.18,64.29,63.25,12.65,77.13,76.92,56.73,43.1,27.2,90.08,40.46,77.79,18.36,73.41,9.85,75.64,80.95,34.23,21.38,71.81,38.83,22.36,70.66,28.64,26.17,58.22,45.61,27.73
37,83.41,93.92,84.86,115.43,47.63,34.13,44.6,79.25,36.77,53.46,58.86,16.12,85.62,34.41,40.45,13.93,52.81,60.83,78.06,61.03,95.34,48.08,38.48,13.45,46.49,31.4,98.6,57.38,98.49,45.1,30.08,7.81,24.19,99.28,65.0,13.0,19.21,0.0,98.48,62.61,98.48,77.03,28.28,47.2,45.22,52.84,80.43,68.45,47.0,77.16,81.84,31.38,94.87,86.83,63.16,56.29,46.01,108.69,59.67,96.88,24.33,92.13,11.4,94.37,90.52,47.3,14.21,85.09,48.05,38.95,89.55,46.62,45.28,74.95,53.45,45.8
38,94.89,47.68,86.76,78.01,76.22,76.48,83.6,81.01,71.57,50.12,47.43,95.01,53.14,77.78,107.38,96.77,47.0,79.31,23.6,70.09,9.43,59.68,96.25,87.37,61.91,67.08,83.93,77.08,9.22,112.61,86.7,92.66,94.26,61.52,105.42,85.84,86.98,98.48,0.0,100.45,34.0,25.0,72.12,60.02,54.08,66.71,92.78,118.09,52.81,23.32,93.15,77.39,47.52,13.93,39.81,111.4,83.41,64.01,75.01,89.49,74.15,60.88,88.29,61.39,12.81,106.61,86.37,17.69,50.49,93.19,63.89,64.35,80.0,41.62,46.01,88.41
39,25.08,66.31,31.4,70.18,27.51,38.01,23.09,30.07,82.02,55.01,54.92,76.55,55.95,84.38,27.2,48.76,76.24,21.26,77.34,30.41,103.23,45.69,24.19,67.45,44.01,61.07,47.68,23.43,105.89,27.31,85.7,66.13,83.82,62.17,5.0,63.06,45.88,62.61,100.45,0.0,79.26,75.93,52.0,84.59,71.59,34.99,23.09,17.8,59.14,78.24,24.35,40.01,67.23,96.02,86.38,16.03,22.2,70.58,25.46,42.72,60.13,55.79,55.66,57.49,100.21,19.72,67.19,82.76,68.68,23.77,51.42,40.85,25.5,59.55,75.58,19.03
40,67.21,15.26,58.14,44.01,61.39,68.01,68.88,53.76,83.01,45.12,39.62,100.57,24.08,89.19,93.86,92.09,58.01,58.6,27.59,50.33,42.3,51.09,82.98,90.8,53.04,69.57,51.89,57.94,43.05,98.08,97.06,94.83,102.55,28.16,83.86,87.8,82.15,98.48,34.0,79.26,0.0,27.59,70.21,74.2,62.27,51.79,65.76,96.9,52.81,29.73,65.76,70.01,14.76,41.11,57.31,93.11,68.15,30.02,55.15,58.18,75.96,29.15,87.13,29.07,43.17,90.76,89.84,24.19,56.82,79.83,33.02,54.01,65.51,24.0,56.61,72.8
41,72.8,34.18,65.52,66.41,51.22,52.0,58.6,59.14,56.36,25.63,22.47,76.3,35.06,62.65,82.49,73.55,30.89,55.0,1.41,45.8,27.46,34.89,71.34,67.36,37.12,46.1,66.03,52.5,30.0,87.66,70.94,72.11,77.2,47.54,80.92,65.07,63.56,77.03,25.0,75.93,27.59,0.0,49.37,46.87,36.06,41.77,70.38,93.43,30.07,3.0,70.94,53.14,34.54,21.19,29.83,86.45,58.41,53.31,50.61,70.46,53.04,44.28,66.19,45.54,25.08,81.61,66.37,8.25,31.05,68.26,46.01,39.45,55.0,19.42,29.53,63.41
42,66.13,66.31,64.88,90.27,27.51,14.04,29.07,58.31,30.07,25.18,30.59,32.8,58.67,32.98,42.19,24.7,30.41,41.23,50.49,38.01,70.26,20.59,33.24,22.2,19.42,9.49,76.22,37.16,73.41,48.02,36.24,25.08,37.54,72.95,56.08,18.36,15.26,28.28,72.12,52.0,70.21,49.37,0.0,33.53,23.43,28.43,62.97,64.54,19.42,49.82,64.26,12.04,67.23,61.74,41.73,53.45,30.15,82.15,38.47,76.01,8.94,66.03,17.03,68.24,65.74,45.31,21.4,57.56,23.6,31.32,64.03,20.52,27.46,46.84,30.48,33.02
43,94.89,77.23,91.44,107.34,58.01,46.87,61.52,84.4,12.17,38.08,42.94,37.95,73.5,18.0,75.15,52.63,16.28,70.26,47.17,64.13,54.08,42.76,66.73,33.84,43.42,24.04,99.16,66.19,57.04,80.96,27.0,39.66,35.23,88.23,88.96,34.71,46.14,47.2,60.02,84.59,74.2,46.87,33.53,0.0,14.87,54.59,91.79,97.98,29.41,45.28,92.91,45.35,77.9,46.39,20.22,86.98,62.39,96.05,66.48,100.88,27.78,82.68,41.11,84.6,49.09,78.77,33.02,52.77,20.12,64.85,82.37,46.27,59.21,57.01,17.69,65.92
44,80.4,63.66,76.69,93.01,44.41,34.93,48.76,69.63,20.81,23.26,28.3,41.05,59.2,26.93,65.46,46.62,7.62,56.01,36.69,49.5,50.22,28.16,55.95,33.38,29.02,15.0,84.31,52.0,53.37,71.28,34.93,38.83,41.23,74.03,76.16,32.28,38.21,45.22,54.08,71.59,62.27,36.06,23.43,14.87,0.0,40.11,77.32,86.03,14.56,35.17,78.41,34.0,64.38,41.77,18.6,75.64,49.48,82.13,52.09,86.02,21.47,68.24,36.24,70.21,45.35,68.0,32.39,43.17,5.66,53.67,67.74,32.0,46.1,43.14,8.25,53.45
45,40.31,43.19,37.34,62.68,9.85,18.79,17.46,30.46,55.71,20.25,20.0,60.83,33.73,59.93,42.38,43.01,43.19,16.12,43.19,9.85,68.68,12.0,31.32,50.21,11.18,34.44,47.8,12.37,71.45,47.01,64.35,52.01,65.95,46.62,39.96,46.01,34.01,52.84,66.71,34.99,51.79,41.77,28.43,54.59,40.11,0.0,37.22,52.01,26.02,43.84,38.33,21.47,44.18,61.22,52.39,44.69,17.0,56.08,12.0,47.89,37.2,39.4,41.88,41.63,65.44,40.31,49.5,49.2,36.01,28.16,36.72,8.54,13.93,28.46,42.3,21.95
46,3.16,51.09,9.22,48.04,35.47,49.66,36.06,12.04,92.18,56.08,53.6,92.44,41.73,95.82,49.65,67.27,80.0,21.84,71.69,28.0,97.51,49.16,44.05,82.37,48.37,70.6,25.02,25.96,99.73,50.33,99.01,82.38,98.88,43.38,25.18,77.9,61.85,80.43,92.78,23.09,65.76,70.38,62.97,91.79,77.32,37.22,0.0,36.22,63.07,73.16,1.41,52.33,51.86,91.55,88.36,38.83,34.67,50.6,25.32,19.65,71.87,38.28,71.56,39.45,95.46,42.54,81.88,75.59,73.06,42.45,33.84,45.54,36.24,51.43,79.01,34.71
47,37.01,83.63,45.4,84.21,43.57,51.24,37.58,45.88,93.77,71.56,72.01,83.86,73.36,95.19,28.16,54.74,91.39,39.05,94.85,48.17,120.62,61.91,32.06,76.11,60.03,73.98,61.07,41.01,123.33,24.6,95.05,73.55,91.66,78.45,13.04,72.03,55.01,68.45,118.09,17.8,96.9,93.43,64.54,97.98,86.03,52.01,36.22,0.0,74.69,95.67,37.12,52.63,84.53,113.23,101.98,12.17,37.12,86.35,43.19,55.01,71.7,72.45,64.07,74.0,117.44,21.21,76.06,100.41,83.77,33.38,68.01,56.94,40.71,77.34,90.87,32.7
48,66.12,51.61,62.17,79.51,31.62,25.46,37.12,55.11,33.42,9.22,14.87,47.76,45.97,38.9,57.28,43.97,17.26,42.11,31.14,35.13,51.48,14.04,46.75,38.08,15.3,16.76,69.86,38.21,54.59,62.94,45.61,42.43,50.12,60.83,63.91,35.36,34.18,47.0,52.81,59.14,52.81,30.07,19.42,29.41,14.56,26.02,63.07,74.69,0.0,30.41,64.12,25.61,52.43,43.05,27.31,65.19,37.58,69.35,38.01,71.47,23.35,54.67,36.12,56.73,47.17,58.41,37.11,38.21,10.0,44.05,53.82,18.44,34.01,31.06,16.49,42.06
49,75.61,37.0,68.41,69.26,53.15,53.23,60.44,61.98,55.15,26.83,24.21,75.8,38.05,61.47,84.06,74.22,29.55,57.43,2.24,48.26,25.0,36.36,72.95,67.12,38.59,46.0,69.03,54.82,27.66,89.31,69.89,72.01,76.4,50.45,83.24,65.0,64.29,77.16,23.32,78.24,29.73,3.0,49.82,45.28,35.17,43.84,73.16,95.67,30.41,0.0,73.74,54.23,37.34,18.38,27.59,88.46,60.31,56.08,53.01,73.44,53.01,47.27,66.48,48.51,22.36,83.41,66.12,8.06,30.41,69.89,49.01,41.05,56.85,22.36,28.23,65.3
50,2.0,50.99,8.54,47.1,36.77,50.99,37.44,12.21,93.41,57.04,54.45,93.81,41.77,97.08,51.0,68.68,81.01,23.09,72.24,29.02,97.99,50.25,45.45,83.73,49.5,71.84,24.0,27.2,100.18,51.62,100.32,83.76,100.24,42.94,26.31,79.26,63.25,81.84,93.15,24.35,65.76,70.94,64.26,92.91,78.41,38.33,1.41,37.12,64.12,73.74,0.0,53.67,51.74,92.11,89.27,40.02,36.06,49.98,26.48,18.44,73.16,38.01,72.95,39.12,96.01,43.86,83.24,76.03,74.11,43.86,33.6,46.69,37.59,51.89,80.0,36.12
51,55.46,63.56,55.22,84.06,17.2,2.83,17.26,49.04,42.01,27.51,31.58,40.61,54.71,44.55,31.89,22.2,40.22,31.06,54.42,29.83,76.85,19.1,21.95,30.23,17.03,21.38,67.88,27.2,79.92,37.64,46.82,31.11,46.65,68.03,44.05,25.81,12.65,31.38,77.39,40.01,70.01,53.14,12.04,45.35,34.0,21.47,52.33,52.63,25.61,54.23,53.67,0.0,64.54,68.51,51.4,41.79,18.44,77.47,29.07,66.84,20.22,60.84,20.62,63.07,72.67,34.0,29.68,61.35,32.8,19.7,58.18,16.12,16.16,46.01,40.0,21.0
52,53.08,1.0,43.84,32.02,53.0,62.17,60.07,40.0,85.04,43.57,37.74,99.3,11.4,90.91,84.59,86.68,61.72,47.54,35.11,40.31,55.04,46.82,74.17,89.0,48.38,68.6,37.16,47.68,56.22,88.28,98.01,92.31,102.4,14.04,71.59,85.49,77.13,94.87,47.52,67.23,14.76,34.54,67.23,77.9,64.38,44.18,51.86,84.53,52.43,37.34,51.74,64.54,0.0,52.35,63.63,81.91,59.14,18.79,44.72,43.42,74.24,14.42,83.49,14.32,55.08,80.6,88.1,34.37,58.73,71.11,18.44,48.51,57.01,21.4,60.31,63.39
53,93.98,52.24,86.68,84.17,70.09,68.01,77.08,80.32,58.14,42.45,41.23,82.22,55.23,64.28,99.64,86.41,34.37,75.47,19.92,66.37,8.54,52.35,88.73,75.13,54.49,55.66,86.47,72.67,11.7,105.12,73.25,80.6,81.02,66.19,101.02,73.98,76.92,86.83,13.93,96.02,41.11,21.19,61.74,46.39,41.77,61.22,91.55,113.23,43.05,18.38,92.11,68.51,52.35,0.0,26.17,105.42,77.1,70.41,71.02,91.24,62.64,64.03,77.16,65.0,4.24,99.76,74.15,18.03,38.9,85.8,66.27,57.28,73.55,40.52,33.54,82.04
54,91.27,63.13,86.01,94.85,58.87,51.87,64.4,79.0,32.02,32.39,35.0,56.72,61.68,38.12,83.24,65.22,11.31,68.45,29.73,60.53,34.0,40.8,73.24,50.6,42.38,33.6,90.61,64.76,37.01,89.02,47.1,56.3,55.01,75.64,91.18,50.16,56.73,63.16,39.81,86.38,57.31,29.83,41.73,20.22,18.6,52.39,88.36,101.98,27.31,27.59,89.27,51.4,63.63,26.17,0.0,92.28,64.88,82.37,64.13,93.65,39.96,71.17,54.71,72.8,29.0,85.15,49.65,34.21,18.6,70.72,71.84,45.54,61.33,44.6,11.4,69.32
55,40.52,80.96,47.38,86.21,35.36,40.72,28.43,46.01,82.2,63.13,64.35,71.7,70.52,83.38,16.16,42.58,81.41,34.54,87.86,42.94,113.14,53.26,20.4,64.03,51.22,62.94,63.64,35.36,115.97,13.45,83.01,61.4,79.51,77.78,13.93,60.0,43.1,56.29,111.4,16.03,93.11,86.45,53.45,86.98,75.64,44.69,38.83,12.17,65.19,88.46,40.02,41.79,81.91,105.42,92.28,0.0,28.32,86.37,38.01,58.46,60.21,71.2,52.01,72.99,109.66,9.06,64.01,93.86,73.82,22.14,66.91,48.27,31.89,71.87,81.01,23.43
56,37.74,58.14,38.9,72.24,7.21,16.12,1.41,33.6,60.21,34.83,36.12,57.8,48.01,62.97,25.71,33.42,54.42,15.26,59.82,19.03,84.86,25.0,15.03,47.85,23.02,39.0,53.25,12.65,87.73,30.08,65.15,47.71,64.4,58.86,26.68,43.38,27.2,46.01,83.41,22.2,68.15,58.41,30.15,62.39,49.48,17.0,34.67,37.12,37.58,60.31,36.06,18.44,59.14,77.1,64.88,28.32,0.0,68.25,15.52,50.99,38.64,51.62,36.89,53.76,81.34,23.32,47.42,66.03,46.82,12.0,48.05,20.0,3.61,45.31,53.85,5.0
57,50.7,19.24,41.44,14.0,63.32,74.85,69.43,40.61,102.53,60.21,54.49,114.83,23.6,108.21,92.27,99.02,80.0,54.23,53.85,49.48,72.25,61.59,82.87,104.31,62.77,84.81,28.6,55.73,73.06,95.02,114.87,107.04,118.6,9.49,74.15,100.5,90.08,108.69,64.01,70.58,30.02,53.31,82.15,96.05,82.13,56.08,50.6,86.35,69.35,56.08,49.98,77.47,18.79,70.41,82.37,86.37,68.25,0.0,52.77,35.81,89.87,16.76,97.49,14.56,72.84,87.01,103.46,52.63,76.49,80.06,20.22,62.18,66.94,39.05,78.6,71.7
58,28.44,43.74,26.42,56.86,12.04,26.25,16.76,20.0,67.05,31.78,30.46,69.66,33.38,70.94,40.05,48.02,55.15,4.47,52.01,5.0,78.01,24.0,30.15,59.2,23.09,45.54,38.95,3.0,80.6,43.57,74.71,60.14,75.45,43.42,30.41,54.82,40.46,59.67,75.01,25.46,55.15,50.61,38.47,66.48,52.09,12.0,25.32,43.19,38.01,53.01,26.48,29.07,44.72,71.02,64.13,38.01,15.52,52.77,0.0,37.8,47.41,36.22,49.5,38.33,75.17,35.9,58.6,57.31,48.01,27.29,32.56,20.22,14.76,34.21,54.23,19.03
59,18.11,42.94,12.21,29.83,49.68,64.03,52.4,17.8,103.37,63.06,59.03,107.45,36.4,107.78,68.94,84.39,87.1,36.07,71.57,38.08,95.8,58.69,62.43,97.01,58.6,82.3,7.21,39.7,97.53,69.89,112.16,97.84,113.23,31.24,44.72,92.62,77.79,96.88,89.49,42.72,58.18,70.46,76.01,100.88,86.02,47.89,19.65,55.01,71.47,73.44,18.44,66.84,43.42,91.24,93.65,58.46,50.99,35.81,37.8,0.0,84.91,29.07,87.11,29.15,94.73,62.03,96.4,73.76,81.04,60.46,25.63,56.36,51.62,51.16,85.91,52.2
60,75.03,73.36,73.82,98.49,36.4,22.56,37.48,67.23,22.09,31.02,36.77,25.06,66.29,24.33,47.54,25.5,29.07,50.16,54.01,46.87,71.17,28.43,39.81,14.87,27.59,7.07,85.0,46.1,74.33,53.31,27.29,19.1,29.0,80.8,64.01,12.04,18.36,24.33,74.15,60.13,75.96,53.04,8.94,27.78,21.47,37.2,71.87,71.7,23.35,53.01,73.16,20.22,74.24,62.64,39.96,60.21,38.64,89.87,47.41,84.91,0.0,74.03,14.76,76.22,66.41,51.66,13.93,61.0,23.77,38.33,72.25,29.07,36.14,53.31,29.55,41.11
61,39.2,13.89,29.83,24.84,46.57,58.18,52.77,26.83,88.09,45.45,40.0,98.81,9.49,93.51,76.03,82.28,67.12,38.0,45.18,32.76,67.74,45.61,66.37,88.23,46.62,69.35,23.09,39.2,69.23,79.06,99.7,90.74,102.94,7.28,59.77,84.31,73.41,92.13,60.88,55.79,29.15,44.28,66.03,82.68,68.24,39.4,38.28,72.45,54.67,47.27,38.01,60.84,14.42,64.03,71.17,71.2,51.62,16.76,36.22,29.07,74.03,0.0,81.01,2.24,67.19,71.11,87.42,46.1,62.68,63.51,4.47,45.79,50.22,26.57,65.76,55.23
62,74.63,82.54,75.29,104.56,37.48,23.43,35.51,69.35,32.65,42.19,47.52,21.02,74.32,32.28,37.34,11.66,43.83,51.09,67.27,50.45,85.7,36.69,32.39,12.04,35.11,21.54,88.41,47.42,88.87,42.76,31.0,10.82,28.16,88.12,58.69,8.06,9.85,11.4,88.29,55.66,87.13,66.19,17.03,41.11,36.24,41.88,71.56,64.07,36.12,66.48,72.95,20.62,83.49,77.16,54.71,52.01,36.89,97.49,49.5,87.11,14.76,81.01,0.0,83.24,80.99,43.0,12.0,74.33,38.28,32.02,78.55,35.34,35.61,63.56,44.28,37.58
63,40.22,13.93,30.81,22.8,48.76,60.42,54.92,28.23,90.14,47.51,42.01,101.02,11.18,95.59,78.06,84.5,68.96,40.01,46.39,34.93,68.47,47.8,68.47,90.44,48.83,71.51,22.85,41.3,69.87,81.02,101.83,92.96,105.12,5.1,61.4,86.53,75.64,94.37,61.39,57.49,29.07,45.54,68.24,84.6,70.21,41.63,39.45,74.0,56.73,48.51,39.12,63.07,14.32,65.0,72.8,72.99,53.76,14.56,38.33,29.15,76.22,2.24,83.24,0.0,68.07,73.06,89.63,47.01,64.64,65.62,6.08,48.02,52.39,28.23,67.6,57.31
64,97.86,55.04,90.44,86.7,74.33,72.2,81.32,84.15,61.01,46.69,45.45,85.48,58.55,67.07,103.86,90.38,37.85,79.61,23.77,70.49,5.0,56.59,92.96,78.64,58.73,59.46,89.81,76.84,8.06,109.34,76.06,84.17,84.01,69.03,105.21,77.62,80.95,90.52,12.81,100.21,43.17,25.08,65.74,49.09,45.35,65.44,95.46,117.44,47.17,22.36,96.01,72.67,55.08,4.24,29.0,109.66,81.34,72.84,75.17,94.73,66.41,67.19,80.99,68.07,0.0,104.0,77.67,21.1,42.72,90.03,69.58,61.52,77.79,44.27,37.11,86.28
65,44.72,79.62,50.29,88.28,30.53,33.29,23.02,47.68,73.55,57.31,59.2,62.65,69.23,74.55,7.81,33.54,74.09,33.24,83.01,40.52,107.71,47.42,12.08,55.01,45.28,54.78,66.48,32.98,110.63,8.06,74.0,52.35,70.46,78.03,19.8,51.01,34.23,47.3,106.61,19.72,90.76,81.61,45.31,78.77,68.0,40.31,42.54,21.21,58.41,83.41,43.86,34.0,80.6,99.76,85.15,9.06,23.32,87.01,35.9,62.03,51.66,71.11,43.0,73.06,104.0,0.0,55.0,89.31,66.57,14.42,67.03,42.52,26.63,68.45,73.78,18.36
66,85.0,87.21,84.88,111.66,46.87,32.45,46.1,78.6,22.67,44.94,50.7,11.4,79.92,21.02,49.25,22.8,39.81,60.75,67.27,58.8,82.57,41.88,44.28,1.0,40.8,20.4,97.08,56.86,85.7,54.59,19.0,6.71,17.0,94.3,70.41,4.12,21.38,14.21,86.37,67.19,89.84,66.37,21.4,33.02,32.39,49.5,81.88,76.06,37.11,66.12,83.24,29.68,88.1,74.15,49.65,64.01,47.42,103.46,58.6,96.4,13.93,87.42,12.0,89.63,77.67,55.0,0.0,74.17,36.01,43.74,85.43,41.87,45.65,67.23,40.61,48.7
67,77.82,34.23,70.01,66.29,58.82,60.17,66.29,63.98,62.97,33.84,30.41,83.86,37.48,69.29,90.43,81.79,37.34,61.62,7.07,52.4,22.14,42.95,79.26,75.17,45.19,54.01,68.73,59.4,24.17,95.52,77.79,80.02,84.4,48.17,87.73,73.01,71.81,85.09,17.69,82.76,24.19,8.25,57.56,52.77,43.17,49.2,75.59,100.41,38.21,8.06,76.03,61.35,34.37,18.03,34.21,93.86,66.03,52.63,57.31,73.76,61.0,46.1,74.33,47.01,21.1,89.31,74.17,0.0,38.47,76.16,48.51,47.41,62.68,24.19,36.06,71.03
68,76.11,58.0,72.01,87.42,41.23,33.29,46.24,64.94,26.4,18.03,22.83,45.4,53.6,32.45,64.66,47.89,7.62,52.09,31.78,45.1,47.43,24.02,54.64,37.01,25.18,16.76,79.12,48.17,50.6,70.43,40.25,42.19,46.17,68.41,73.38,35.36,38.83,48.05,50.49,68.68,56.82,31.05,23.6,20.12,5.66,36.01,73.06,83.77,10.0,30.41,74.11,32.8,58.73,38.9,18.6,73.82,46.82,76.49,48.01,81.04,23.77,62.68,38.28,64.64,42.72,66.57,36.01,38.47,0.0,52.15,62.27,28.28,43.32,37.48,7.21,51.08
69,45.25,70.11,48.26,83.49,18.44,18.87,11.05,43.83,60.41,43.42,45.79,52.81,60.01,62.01,14.32,25.24,59.68,26.25,69.64,31.02,93.86,33.6,3.16,43.93,31.4,40.8,63.53,24.33,96.83,19.42,62.51,42.38,60.17,70.71,26.68,39.62,22.36,38.95,93.19,23.77,79.83,68.26,31.32,64.85,53.67,28.16,42.45,33.38,44.05,69.89,43.86,19.7,71.11,85.8,70.72,22.14,12.0,80.06,27.29,60.46,38.33,63.51,32.02,65.62,90.03,14.42,43.74,76.16,52.15,0.0,59.84,28.84,14.32,56.61,59.36,8.54
70,34.83,17.8,25.5,26.25,43.32,55.47,49.24,22.36,87.2,44.65,39.45,96.83,11.05,92.46,72.11,79.31,67.12,34.06,47.0,29.41,70.41,43.86,62.65,86.21,44.69,67.9,20.22,35.51,72.03,75.01,98.35,88.48,101.24,11.0,55.36,82.2,70.66,89.55,63.89,51.42,33.02,46.01,64.03,82.37,67.74,36.72,33.84,68.01,53.82,49.01,33.6,58.18,18.44,66.27,71.84,66.91,48.05,20.22,32.56,25.63,72.25,4.47,78.55,6.08,69.58,67.03,85.43,48.51,62.27,59.84,0.0,43.6,46.84,27.46,65.8,51.48
71,48.66,47.54,45.88,69.81,13.42,14.0,19.85,39.0,47.17,14.87,17.0,53.26,39.0,51.43,43.05,38.33,35.69,24.02,40.82,18.38,65.19,5.0,31.91,42.64,3.16,25.94,56.04,20.0,68.12,48.26,56.04,44.94,58.0,52.84,45.69,38.6,28.64,46.62,64.35,40.85,54.01,39.45,20.52,46.27,32.0,8.54,45.54,56.94,18.44,41.05,46.69,16.12,48.51,57.28,45.54,48.27,20.0,62.18,20.22,56.36,29.07,45.79,35.34,48.02,61.52,42.52,41.87,47.41,28.28,28.84,43.6,0.0,16.4,30.02,34.93,24.84
72,39.36,56.01,39.7,71.59,4.12,13.6,3.61,33.97,57.43,31.24,32.65,56.3,46.04,60.42,28.46,33.29,50.92,15.56,56.4,17.46,81.34,21.4,17.46,46.14,19.42,36.06,53.41,12.21,84.22,33.11,62.97,46.4,62.65,57.49,30.08,41.68,26.17,45.28,80.0,25.5,65.51,55.0,27.46,59.21,46.1,13.93,36.24,40.71,34.01,56.85,37.59,16.16,57.01,73.55,61.33,31.89,3.61,66.94,14.76,51.62,36.14,50.22,35.61,52.39,77.79,26.63,45.65,62.68,43.32,14.32,46.84,16.4,0.0,42.38,50.33,8.49
73,53.71,20.62,46.17,50.61,38.28,44.01,45.88,39.92,63.7,22.36,16.55,78.29,17.09,69.53,70.84,68.12,41.05,38.29,20.62,29.21,46.1,27.17,59.77,68.15,29.07,47.41,47.04,36.62,48.3,75.39,76.61,71.78,81.12,31.38,64.44,64.85,58.22,74.95,41.62,59.55,24.0,19.42,46.84,57.01,43.14,28.46,51.43,77.34,31.06,22.36,51.89,46.01,21.4,40.52,44.6,71.87,45.31,39.05,34.21,51.16,53.31,26.57,63.56,28.23,44.27,68.45,67.23,24.19,37.48,56.61,27.46,30.02,42.38,0.0,39.66,50.16
74,82.0,59.67,77.41,90.21,48.08,40.5,53.31,70.35,26.93,23.09,26.93,49.0,56.44,33.24,71.84,54.38,1.41,58.42,29.97,51.01,41.98,30.41,61.85,41.59,31.78,22.83,83.52,54.59,45.12,77.62,41.76,47.07,48.66,71.02,80.32,40.52,45.61,53.45,46.01,75.58,56.61,29.53,30.48,17.69,8.25,42.3,79.01,90.87,16.49,28.23,80.0,40.0,60.31,33.54,11.4,81.01,53.85,78.6,54.23,85.91,29.55,65.76,44.28,67.6,37.11,73.78,40.61,36.06,7.21,59.36,65.8,34.93,50.33,39.66,0.0,58.18
75,37.64,62.39,40.0,74.95,12.21,19.1,5.0,35.36,63.01,39.7,41.11,58.6,52.15,65.38,21.21,32.56,58.69,17.72,64.82,23.09,89.83,29.83,11.18,49.04,27.8,42.19,55.07,16.03,92.7,25.3,66.94,48.3,65.55,62.39,23.09,44.6,27.73,45.8,88.41,19.03,72.8,63.41,33.02,65.92,53.45,21.95,34.71,32.7,42.06,65.3,36.12,21.0,63.39,82.04,69.32,23.43,5.0,71.7,19.03,52.2,41.11,55.23,37.58,57.31,86.28,18.36,48.7,71.03,51.08,8.54,51.48,24.84,8.49,50.16,58.18,0.0
