set K:= 1	2	3	4	5	6	7	8	9	10;
set C_H:= 1	2	3	4	5	6	7	8	9	10	11	12	13	14	15	16	17	18	19	20	21	22;
set C_S:= 23	24	25	26	27	28	29	30	31	32	33	34	35	36	37	38	39	40	41	42;
set C_F:= 43	44	45	46	47	48	49	50	51	52	53	54	55	56	57	58	59	60	61	62;
set M:= 63	64	65	66	67	68;
set L_B:= 69	70	71	72	73	74	75	76	77	78;
set A1:=
(0,*) 1 2 3 4 5 6 7 8 9 10 11 12 13 14 15 16 17 18 19 20 21 22 43 44 45 46 47 48 49 50 51 52 53 54 55 56 57 58 59 60 61 62 63 64 65 66 67 68 69 70 71 72 73 74 75 76 77 78
(1,*) 0 2 3 4 5 6 7 8 9 10 11 12 13 14 15 16 17 18 19 20 21 22 43 44 45 46 47 48 49 50 51 52 53 54 55 56 57 58 59 60 61 62 63 64 65 66 67 68 69 70 71 72 73 74 75 76 77 78
(2,*) 0 1 3 4 5 6 7 8 9 10 11 12 13 14 15 16 17 18 19 20 21 22 43 44 45 46 47 48 49 50 51 52 53 54 55 56 57 58 59 60 61 62 63 64 65 66 67 68 69 70 71 72 73 74 75 76 77 78
(3,*) 0 1 2 4 5 6 7 8 9 10 11 12 13 14 15 16 17 18 19 20 21 22 43 44 45 46 47 48 49 50 51 52 53 54 55 56 57 58 59 60 61 62 63 64 65 66 67 68 69 70 71 72 73 74 75 76 77 78
(4,*) 0 1 2 3 5 6 7 8 9 10 11 12 13 14 15 16 17 18 19 20 21 22 43 44 45 46 47 48 49 50 51 52 53 54 55 56 57 58 59 60 61 62 63 64 65 66 67 68 69 70 71 72 73 74 75 76 77 78
(5,*) 0 1 2 3 4 6 7 8 9 10 11 12 13 14 15 16 17 18 19 20 21 22 43 44 45 46 47 48 49 50 51 52 53 54 55 56 57 58 59 60 61 62 63 64 65 66 67 68 69 70 71 72 73 74 75 76 77 78
(6,*) 0 1 2 3 4 5 7 8 9 10 11 12 13 14 15 16 17 18 19 20 21 22 43 44 45 46 47 48 49 50 51 52 53 54 55 56 57 58 59 60 61 62 63 64 65 66 67 68 69 70 71 72 73 74 75 76 77 78
(7,*) 0 1 2 3 4 5 6 8 9 10 11 12 13 14 15 16 17 18 19 20 21 22 43 44 45 46 47 48 49 50 51 52 53 54 55 56 57 58 59 60 61 62 63 64 65 66 67 68 69 70 71 72 73 74 75 76 77 78
(8,*) 0 1 2 3 4 5 6 7 9 10 11 12 13 14 15 16 17 18 19 20 21 22 43 44 45 46 47 48 49 50 51 52 53 54 55 56 57 58 59 60 61 62 63 64 65 66 67 68 69 70 71 72 73 74 75 76 77 78
(9,*) 0 1 2 3 4 5 6 7 8 10 11 12 13 14 15 16 17 18 19 20 21 22 43 44 45 46 47 48 49 50 51 52 53 54 55 56 57 58 59 60 61 62 63 64 65 66 67 68 69 70 71 72 73 74 75 76 77 78
(10,*) 0 1 2 3 4 5 6 7 8 9 11 12 13 14 15 16 17 18 19 20 21 22 43 44 45 46 47 48 49 50 51 52 53 54 55 56 57 58 59 60 61 62 63 64 65 66 67 68 69 70 71 72 73 74 75 76 77 78
(11,*) 0 1 2 3 4 5 6 7 8 9 10 12 13 14 15 16 17 18 19 20 21 22 43 44 45 46 47 48 49 50 51 52 53 54 55 56 57 58 59 60 61 62 63 64 65 66 67 68 69 70 71 72 73 74 75 76 77 78
(12,*) 0 1 2 3 4 5 6 7 8 9 10 11 13 14 15 16 17 18 19 20 21 22 43 44 45 46 47 48 49 50 51 52 53 54 55 56 57 58 59 60 61 62 63 64 65 66 67 68 69 70 71 72 73 74 75 76 77 78
(13,*) 0 1 2 3 4 5 6 7 8 9 10 11 12 14 15 16 17 18 19 20 21 22 43 44 45 46 47 48 49 50 51 52 53 54 55 56 57 58 59 60 61 62 63 64 65 66 67 68 69 70 71 72 73 74 75 76 77 78
(14,*) 0 1 2 3 4 5 6 7 8 9 10 11 12 13 15 16 17 18 19 20 21 22 43 44 45 46 47 48 49 50 51 52 53 54 55 56 57 58 59 60 61 62 63 64 65 66 67 68 69 70 71 72 73 74 75 76 77 78
(15,*) 0 1 2 3 4 5 6 7 8 9 10 11 12 13 14 16 17 18 19 20 21 22 43 44 45 46 47 48 49 50 51 52 53 54 55 56 57 58 59 60 61 62 63 64 65 66 67 68 69 70 71 72 73 74 75 76 77 78
(16,*) 0 1 2 3 4 5 6 7 8 9 10 11 12 13 14 15 17 18 19 20 21 22 43 44 45 46 47 48 49 50 51 52 53 54 55 56 57 58 59 60 61 62 63 64 65 66 67 68 69 70 71 72 73 74 75 76 77 78
(17,*) 0 1 2 3 4 5 6 7 8 9 10 11 12 13 14 15 16 18 19 20 21 22 43 44 45 46 47 48 49 50 51 52 53 54 55 56 57 58 59 60 61 62 63 64 65 66 67 68 69 70 71 72 73 74 75 76 77 78
(18,*) 0 1 2 3 4 5 6 7 8 9 10 11 12 13 14 15 16 17 19 20 21 22 43 44 45 46 47 48 49 50 51 52 53 54 55 56 57 58 59 60 61 62 63 64 65 66 67 68 69 70 71 72 73 74 75 76 77 78
(19,*) 0 1 2 3 4 5 6 7 8 9 10 11 12 13 14 15 16 17 18 20 21 22 43 44 45 46 47 48 49 50 51 52 53 54 55 56 57 58 59 60 61 62 63 64 65 66 67 68 69 70 71 72 73 74 75 76 77 78
(20,*) 0 1 2 3 4 5 6 7 8 9 10 11 12 13 14 15 16 17 18 19 21 22 43 44 45 46 47 48 49 50 51 52 53 54 55 56 57 58 59 60 61 62 63 64 65 66 67 68 69 70 71 72 73 74 75 76 77 78
(21,*) 0 1 2 3 4 5 6 7 8 9 10 11 12 13 14 15 16 17 18 19 20 22 43 44 45 46 47 48 49 50 51 52 53 54 55 56 57 58 59 60 61 62 63 64 65 66 67 68 69 70 71 72 73 74 75 76 77 78
(22,*) 0 1 2 3 4 5 6 7 8 9 10 11 12 13 14 15 16 17 18 19 20 21 43 44 45 46 47 48 49 50 51 52 53 54 55 56 57 58 59 60 61 62 63 64 65 66 67 68 69 70 71 72 73 74 75 76 77 78
(43,*) 0 1 2 3 4 5 6 7 8 9 10 11 12 13 14 15 16 17 18 19 20 21 22 44 45 46 47 48 49 50 51 52 53 54 55 56 57 58 59 60 61 62 63 64 65 66 67 68 69 70 71 72 73 74 75 76 77 78
(44,*) 0 1 2 3 4 5 6 7 8 9 10 11 12 13 14 15 16 17 18 19 20 21 22 43 45 46 47 48 49 50 51 52 53 54 55 56 57 58 59 60 61 62 63 64 65 66 67 68 69 70 71 72 73 74 75 76 77 78
(45,*) 0 1 2 3 4 5 6 7 8 9 10 11 12 13 14 15 16 17 18 19 20 21 22 43 44 46 47 48 49 50 51 52 53 54 55 56 57 58 59 60 61 62 63 64 65 66 67 68 69 70 71 72 73 74 75 76 77 78
(46,*) 0 1 2 3 4 5 6 7 8 9 10 11 12 13 14 15 16 17 18 19 20 21 22 43 44 45 47 48 49 50 51 52 53 54 55 56 57 58 59 60 61 62 63 64 65 66 67 68 69 70 71 72 73 74 75 76 77 78
(47,*) 0 1 2 3 4 5 6 7 8 9 10 11 12 13 14 15 16 17 18 19 20 21 22 43 44 45 46 48 49 50 51 52 53 54 55 56 57 58 59 60 61 62 63 64 65 66 67 68 69 70 71 72 73 74 75 76 77 78
(48,*) 0 1 2 3 4 5 6 7 8 9 10 11 12 13 14 15 16 17 18 19 20 21 22 43 44 45 46 47 49 50 51 52 53 54 55 56 57 58 59 60 61 62 63 64 65 66 67 68 69 70 71 72 73 74 75 76 77 78
(49,*) 0 1 2 3 4 5 6 7 8 9 10 11 12 13 14 15 16 17 18 19 20 21 22 43 44 45 46 47 48 50 51 52 53 54 55 56 57 58 59 60 61 62 63 64 65 66 67 68 69 70 71 72 73 74 75 76 77 78
(50,*) 0 1 2 3 4 5 6 7 8 9 10 11 12 13 14 15 16 17 18 19 20 21 22 43 44 45 46 47 48 49 51 52 53 54 55 56 57 58 59 60 61 62 63 64 65 66 67 68 69 70 71 72 73 74 75 76 77 78
(51,*) 0 1 2 3 4 5 6 7 8 9 10 11 12 13 14 15 16 17 18 19 20 21 22 43 44 45 46 47 48 49 50 52 53 54 55 56 57 58 59 60 61 62 63 64 65 66 67 68 69 70 71 72 73 74 75 76 77 78
(52,*) 0 1 2 3 4 5 6 7 8 9 10 11 12 13 14 15 16 17 18 19 20 21 22 43 44 45 46 47 48 49 50 51 53 54 55 56 57 58 59 60 61 62 63 64 65 66 67 68 69 70 71 72 73 74 75 76 77 78
(53,*) 0 1 2 3 4 5 6 7 8 9 10 11 12 13 14 15 16 17 18 19 20 21 22 43 44 45 46 47 48 49 50 51 52 54 55 56 57 58 59 60 61 62 63 64 65 66 67 68 69 70 71 72 73 74 75 76 77 78
(54,*) 0 1 2 3 4 5 6 7 8 9 10 11 12 13 14 15 16 17 18 19 20 21 22 43 44 45 46 47 48 49 50 51 52 53 55 56 57 58 59 60 61 62 63 64 65 66 67 68 69 70 71 72 73 74 75 76 77 78
(55,*) 0 1 2 3 4 5 6 7 8 9 10 11 12 13 14 15 16 17 18 19 20 21 22 43 44 45 46 47 48 49 50 51 52 53 54 56 57 58 59 60 61 62 63 64 65 66 67 68 69 70 71 72 73 74 75 76 77 78
(56,*) 0 1 2 3 4 5 6 7 8 9 10 11 12 13 14 15 16 17 18 19 20 21 22 43 44 45 46 47 48 49 50 51 52 53 54 55 57 58 59 60 61 62 63 64 65 66 67 68 69 70 71 72 73 74 75 76 77 78
(57,*) 0 1 2 3 4 5 6 7 8 9 10 11 12 13 14 15 16 17 18 19 20 21 22 43 44 45 46 47 48 49 50 51 52 53 54 55 56 58 59 60 61 62 63 64 65 66 67 68 69 70 71 72 73 74 75 76 77 78
(58,*) 0 1 2 3 4 5 6 7 8 9 10 11 12 13 14 15 16 17 18 19 20 21 22 43 44 45 46 47 48 49 50 51 52 53 54 55 56 57 59 60 61 62 63 64 65 66 67 68 69 70 71 72 73 74 75 76 77 78
(59,*) 0 1 2 3 4 5 6 7 8 9 10 11 12 13 14 15 16 17 18 19 20 21 22 43 44 45 46 47 48 49 50 51 52 53 54 55 56 57 58 60 61 62 63 64 65 66 67 68 69 70 71 72 73 74 75 76 77 78
(60,*) 0 1 2 3 4 5 6 7 8 9 10 11 12 13 14 15 16 17 18 19 20 21 22 43 44 45 46 47 48 49 50 51 52 53 54 55 56 57 58 59 61 62 63 64 65 66 67 68 69 70 71 72 73 74 75 76 77 78
(61,*) 0 1 2 3 4 5 6 7 8 9 10 11 12 13 14 15 16 17 18 19 20 21 22 43 44 45 46 47 48 49 50 51 52 53 54 55 56 57 58 59 60 62 63 64 65 66 67 68 69 70 71 72 73 74 75 76 77 78
(62,*) 0 1 2 3 4 5 6 7 8 9 10 11 12 13 14 15 16 17 18 19 20 21 22 43 44 45 46 47 48 49 50 51 52 53 54 55 56 57 58 59 60 61 63 64 65 66 67 68 69 70 71 72 73 74 75 76 77 78
(63,*) 0 1 2 3 4 5 6 7 8 9 10 11 12 13 14 15 16 17 18 19 20 21 22 43 44 45 46 47 48 49 50 51 52 53 54 55 56 57 58 59 60 61 62 64 65 66 67 68 69 70 71 72 73 74 75 76 77 78
(64,*) 0 1 2 3 4 5 6 7 8 9 10 11 12 13 14 15 16 17 18 19 20 21 22 43 44 45 46 47 48 49 50 51 52 53 54 55 56 57 58 59 60 61 62 63 65 66 67 68 69 70 71 72 73 74 75 76 77 78
(65,*) 0 1 2 3 4 5 6 7 8 9 10 11 12 13 14 15 16 17 18 19 20 21 22 43 44 45 46 47 48 49 50 51 52 53 54 55 56 57 58 59 60 61 62 63 64 66 67 68 69 70 71 72 73 74 75 76 77 78
(66,*) 0 1 2 3 4 5 6 7 8 9 10 11 12 13 14 15 16 17 18 19 20 21 22 43 44 45 46 47 48 49 50 51 52 53 54 55 56 57 58 59 60 61 62 63 64 65 67 68 69 70 71 72 73 74 75 76 77 78
(67,*) 0 1 2 3 4 5 6 7 8 9 10 11 12 13 14 15 16 17 18 19 20 21 22 43 44 45 46 47 48 49 50 51 52 53 54 55 56 57 58 59 60 61 62 63 64 65 66 68 69 70 71 72 73 74 75 76 77 78
(68,*) 0 1 2 3 4 5 6 7 8 9 10 11 12 13 14 15 16 17 18 19 20 21 22 43 44 45 46 47 48 49 50 51 52 53 54 55 56 57 58 59 60 61 62 63 64 65 66 67 69 70 71 72 73 74 75 76 77 78
(69,*) 0 1 2 3 4 5 6 7 8 9 10 11 12 13 14 15 16 17 18 19 20 21 22 43 44 45 46 47 48 49 50 51 52 53 54 55 56 57 58 59 60 61 62 63 64 65 66 67 68 70 71 72 73 74 75 76 77 78
(70,*) 0 1 2 3 4 5 6 7 8 9 10 11 12 13 14 15 16 17 18 19 20 21 22 43 44 45 46 47 48 49 50 51 52 53 54 55 56 57 58 59 60 61 62 63 64 65 66 67 68 69 71 72 73 74 75 76 77 78
(71,*) 0 1 2 3 4 5 6 7 8 9 10 11 12 13 14 15 16 17 18 19 20 21 22 43 44 45 46 47 48 49 50 51 52 53 54 55 56 57 58 59 60 61 62 63 64 65 66 67 68 69 70 72 73 74 75 76 77 78
(72,*) 0 1 2 3 4 5 6 7 8 9 10 11 12 13 14 15 16 17 18 19 20 21 22 43 44 45 46 47 48 49 50 51 52 53 54 55 56 57 58 59 60 61 62 63 64 65 66 67 68 69 70 71 73 74 75 76 77 78
(73,*) 0 1 2 3 4 5 6 7 8 9 10 11 12 13 14 15 16 17 18 19 20 21 22 43 44 45 46 47 48 49 50 51 52 53 54 55 56 57 58 59 60 61 62 63 64 65 66 67 68 69 70 71 72 74 75 76 77 78
(74,*) 0 1 2 3 4 5 6 7 8 9 10 11 12 13 14 15 16 17 18 19 20 21 22 43 44 45 46 47 48 49 50 51 52 53 54 55 56 57 58 59 60 61 62 63 64 65 66 67 68 69 70 71 72 73 75 76 77 78
(75,*) 0 1 2 3 4 5 6 7 8 9 10 11 12 13 14 15 16 17 18 19 20 21 22 43 44 45 46 47 48 49 50 51 52 53 54 55 56 57 58 59 60 61 62 63 64 65 66 67 68 69 70 71 72 73 74 76 77 78
(76,*) 0 1 2 3 4 5 6 7 8 9 10 11 12 13 14 15 16 17 18 19 20 21 22 43 44 45 46 47 48 49 50 51 52 53 54 55 56 57 58 59 60 61 62 63 64 65 66 67 68 69 70 71 72 73 74 75 77 78
(77,*) 0 1 2 3 4 5 6 7 8 9 10 11 12 13 14 15 16 17 18 19 20 21 22 43 44 45 46 47 48 49 50 51 52 53 54 55 56 57 58 59 60 61 62 63 64 65 66 67 68 69 70 71 72 73 74 75 76 78
(78,*) 0 1 2 3 4 5 6 7 8 9 10 11 12 13 14 15 16 17 18 19 20 21 22 43 44 45 46 47 48 49 50 51 52 53 54 55 56 57 58 59 60 61 62 63 64 65 66 67 68 69 70 71 72 73 74 75 76 77
;
param BigM:=99999;
param n:= 10;
param d:=
1	26
2	17
3	5
4	17
5	15
6	22
7	25
8	5
9	15
10	2
11	17
12	15
13	26
14	12
15	16
16	21
17	6
18	7
19	17
20	25
21	25
22	5
23	20
24	1
25	16
26	20
27	26
28	12
29	5
30	21
31	12
32	12
33	16
34	22
35	16
36	2
37	63
38	6
39	10
40	25
41	16
42	22
43	11
44	2
45	22
46	20
47	21
48	11
49	17
50	21
51	12
52	6
53	2
54	10
55	11
56	1
57	10
58	21
59	1
60	26
61	17
62	6
;
param Q:=100;
param e:
	63	64	65	66	67	68	69	70	71	72	73	74	75	76	77	78:=
23		0		1		0		0		0		0		0		0		0		0		1		0		0		0		0		0	
24		0		0		0		0		0		0		0		0		1		1		0		1		0		0		0		1	
25		0		0		0		0		0		0		0		0		0		0		1		0		0		0		0		0	
26		0		0		0		0		0		1		1		0		1		0		0		0		1		0		1		0	
27		1		0		0		0		0		0		0		1		0		1		0		0		0		1		0		0	
28		0		0		0		0		0		1		0		0		0		0		0		0		0		0		1		0	
29		0		0		0		0		0		0		0		1		1		1		0		1		0		0		0		1	
30		0		0		0		1		0		0		0		0		0		0		0		0		0		0		0		0	
31		0		0		0		0		0		0		0		0		1		1		0		1		0		0		0		0	
32		0		0		0		0		0		0		1		0		0		0		0		0		0		0		0		0	
33		0		0		0		1		0		0		0		0		0		0		0		1		0		0		0		0	
34		0		1		0		0		0		0		0		0		0		0		0		0		0		0		0		0	
35		1		0		0		0		1		0		0		0		0		0		0		0		0		0		0		0	
36		0		0		0		0		0		1		1		0		0		0		0		0		0		0		0		0	
37		0		0		0		0		0		0		0		0		1		0		0		0		0		0		0		0	
38		0		0		0		1		0		0		0		0		0		0		0		0		0		0		0		0	
39		0		0		0		0		0		0		0		0		1		0		1		1		0		0		1		0	
40		0		0		0		1		0		0		0		0		0		0		0		0		0		0		0		0	
41		0		0		0		1		0		0		0		0		0		0		0		0		0		0		0		0	
42		0		0		0		0		0		0		0		0		1		0		0		0		0		0		0		0	
43		0		0		0		0		0		1		0		0		0		0		1		0		1		0		1		0	
44		0		0		0		1		0		0		0		0		0		0		0		0		0		0		0		0	
45		0		1		0		0		0		0		0		0		0		0		0		0		0		0		0		0	
46		0		0		0		0		0		1		1		0		0		0		1		0		1		0		1		0	
47		0		1		0		0		0		0		0		0		1		0		1		0		0		0		1		0	
48		1		0		0		0		1		0		0		1		0		1		0		0		0		1		0		1	
49		0		0		0		0		0		0		0		1		1		0		0		1		0		0		0		1	
50		0		1		0		0		0		1		0		0		0		0		0		0		0		0		0		0	
51		1		0		0		0		1		0		0		1		0		0		0		1		0		1		0		1	
52		0		0		0		0		0		0		1		1		1		1		0		1		1		0		1		1	
53		0		0		0		0		0		1		0		0		0		0		1		0		1		0		1		0	
54		0		0		0		0		1		0		0		0		0		0		0		0		0		0		0		0	
55		0		0		0		1		0		0		0		0		0		0		0		0		0		0		0		0	
56		0		0		1		0		0		1		1		0		0		0		1		0		1		0		0		0	
57		0		0		0		1		0		0		0		0		0		0		0		0		0		1		0		0	
58		1		0		0		0		1		0		0		1		0		1		0		0		0		1		0		0	
59		1		0		0		0		0		0		0		1		0		1		0		1		0		1		0		1	
60		1		0		0		0		1		0		0		0		0		0		0		0		0		1		0		0	
61		0		0		0		0		0		0		0		1		1		1		0		1		0		0		1		1	
62		1		0		0		0		0		0		0		1		0		1		0		1		0		1		0		1	
;
param p:=
1	3
2	3
3	3
4	3
5	3
6	3
7	3
8	3
9	3
10	3
;
param G:=
63	82
64	78
65	92
66	77
67	96
68	97
69	100
70	76
71	93
72	75
73	85
74	89
75	73
76	72
77	75
78	73
;
param s:=
0	0
1	10
2	10
3	10
4	10
5	10
6	10
7	10
8	10
9	10
10	10
11	10
12	10
13	10
14	10
15	10
16	10
17	10
18	10
19	10
20	10
21	10
22	10
43	10
44	10
45	10
46	10
47	10
48	10
49	10
50	10
51	10
52	10
53	10
54	10
55	10
56	10
57	10
58	10
59	10
60	10
61	10
62	10
63	10
64	10
65	10
66	10
67	10
68	10
69	10
70	10
71	10
72	10
73	10
74	10
75	10
76	10
77	10
78	10
;
param t:
	0	1	2	3	4	5	6	7	8	9	10	11	12	13	14	15	16	17	18	19	20	21	22	23	24	25	26	27	28	29	30	31	32	33	34	35	36	37	38	39	40	41	42	43	44	45	46	47	48	49	50	51	52	53	54	55	56	57	58	59	60	61	62	63	64	65	66	67	68	69	70	71	72	73	74	75	76	77	78:=
0	0.0	62.82	20.88	45.12	93.6	81.39	35.51	24.84	54.56	24.21	25.81	15.0	48.02	82.76	63.06	6.71	57.31	73.05	40.31	44.01	26.4	41.68	34.99	76.16	40.31	79.85	34.37	15.81	39.2	43.27	57.14	42.38	25.96	35.0	84.39	24.08	61.01	54.92	51.01	46.75	72.8	56.14	56.4	63.06	61.61	81.86	54.23	54.49	14.87	48.88	85.7	29.68	23.71	68.31	28.02	52.17	59.01	55.9	5.1	20.88	9.06	44.41	20.62	17.03	78.75	65.25	55.54	13.04	61.13	47.27	25.18	34.67	18.36	58.31	30.36	46.57	18.38	50.7	25.32
1	62.82	0.0	83.68	17.72	72.37	70.01	31.26	85.8	15.0	85.44	50.0	77.47	102.63	93.68	108.19	68.07	61.1	12.04	29.0	36.89	50.61	96.57	31.14	45.89	64.66	46.84	33.6	63.53	24.6	63.01	91.83	72.35	42.19	78.87	70.06	86.68	16.0	68.43	90.55	58.31	94.37	91.05	65.8	31.0	106.07	51.66	37.64	56.08	75.61	67.42	72.06	86.77	47.71	36.22	77.41	97.67	16.12	99.7	67.91	75.59	62.29	61.85	74.71	78.43	66.01	2.83	101.18	75.31	19.0	24.41	70.46	46.69	60.54	37.66	68.12	31.38	75.15	36.77	69.63
2	20.88	83.68	0.0	65.97	107.35	93.81	55.9	10.05	75.24	9.06	41.98	7.81	35.36	88.24	55.15	16.64	69.12	93.92	60.01	61.81	42.2	30.02	55.46	93.15	49.41	97.02	54.01	26.57	59.84	53.25	56.36	48.08	45.01	35.23	97.25	5.66	81.15	64.03	48.85	58.67	75.47	55.46	66.61	81.61	54.33	98.37	71.59	67.54	11.18	57.63	98.27	19.42	41.3	86.31	29.27	45.89	79.16	50.01	15.81	19.8	24.21	54.92	20.52	8.6	91.79	86.13	48.51	9.9	81.02	67.01	29.83	50.7	30.68	75.71	37.01	65.28	17.03	68.25	30.61
3	45.12	17.72	65.97	0.0	72.92	66.94	16.64	68.15	14.87	67.78	33.97	59.84	85.8	85.48	92.96	50.49	52.24	28.65	15.52	26.17	34.71	79.63	16.12	47.71	51.0	50.0	18.03	46.32	7.81	50.16	78.03	58.31	25.5	62.94	68.01	69.05	20.25	57.72	75.8	46.84	83.52	77.18	55.9	31.06	90.91	54.08	31.58	47.17	57.94	55.36	69.92	69.46	31.14	37.44	61.39	82.13	18.6	84.5	50.22	58.31	45.01	49.4	57.45	60.75	63.06	20.25	85.7	57.71	22.02	15.3	53.91	32.65	43.6	33.53	52.4	22.02	57.71	29.15	53.15
4	93.6	72.37	107.35	72.92	0.0	15.03	87.46	102.16	84.12	102.55	67.8	106.0	101.12	44.28	91.14	100.21	38.63	80.22	61.85	52.5	67.2	98.06	86.61	26.48	58.87	26.02	65.44	81.12	69.97	54.78	71.01	63.06	70.01	77.88	11.05	112.77	56.75	46.1	76.16	48.75	56.75	71.0	42.45	42.38	89.09	21.02	43.01	39.82	96.18	51.92	11.05	96.14	70.29	36.4	120.51	86.15	57.28	85.01	97.08	88.64	100.0	52.92	87.73	98.84	15.81	73.98	88.02	104.85	53.85	58.18	78.39	59.03	77.18	39.96	71.31	53.25	90.8	46.4	77.47
5	81.39	70.01	93.81	66.94	15.03	0.0	79.85	88.1	79.76	88.55	55.87	93.01	86.15	32.02	76.24	87.86	24.7	79.51	53.85	43.38	55.15	83.2	78.92	26.93	44.72	28.65	56.36	68.01	62.63	40.71	56.04	48.38	59.41	63.25	4.0	99.32	54.01	31.32	61.13	35.23	42.72	56.01	27.86	39.01	74.17	24.41	35.44	26.91	82.68	37.34	4.47	81.71	58.8	34.37	108.9	71.11	54.01	70.0	84.5	74.71	88.41	38.95	73.82	85.23	4.0	72.06	73.01	92.01	51.01	51.66	64.41	47.51	64.2	33.54	57.25	45.54	77.03	38.28	63.53
6	35.51	31.26	55.9	16.64	87.46	79.85	0.0	60.22	19.65	59.64	35.17	48.85	81.39	94.13	92.28	39.4	61.66	39.32	26.0	36.69	36.14	75.01	1.0	63.25	54.92	65.86	24.33	42.2	17.49	55.33	80.32	61.13	26.48	61.77	81.44	57.94	36.89	65.0	76.56	54.01	89.56	79.38	64.12	46.75	90.43	69.66	44.72	56.89	50.0	61.2	83.26	63.66	31.32	53.15	46.17	81.12	35.23	84.12	40.31	53.08	32.57	55.15	52.4	52.43	76.16	33.06	84.72	46.62	38.6	29.41	51.62	38.01	40.82	47.51	52.39	34.44	51.62	41.63	51.11
7	24.84	85.8	10.05	68.15	102.16	88.1	60.22	0.0	78.89	1.0	40.01	16.49	25.71	79.98	45.1	23.02	63.56	96.66	60.02	60.0	40.0	20.1	59.64	90.09	43.38	94.05	54.13	24.02	61.35	47.42	47.01	40.8	44.91	26.87	91.71	14.87	81.39	57.45	39.36	53.49	66.61	46.14	60.42	80.0	44.28	94.92	69.18	62.63	10.3	51.11	92.57	9.49	40.31	84.15	39.12	35.9	79.43	40.02	20.52	13.6	30.81	49.24	14.56	7.81	86.41	88.39	38.47	18.03	80.89	66.91	23.77	48.09	28.0	73.25	30.87	64.12	12.04	66.07	24.7
8	54.56	15.0	75.24	14.87	84.12	79.76	19.65	78.89	0.0	78.39	48.01	68.35	98.49	99.98	107.0	58.87	66.75	20.0	30.36	40.79	48.83	92.2	19.92	57.94	65.74	59.51	32.65	58.8	22.36	65.0	92.66	72.95	39.2	76.69	80.41	77.49	27.73	72.53	90.14	61.68	98.37	91.79	70.61	41.76	105.0	64.08	45.01	61.66	68.6	70.23	82.38	81.4	44.82	47.76	65.01	96.05	26.93	98.6	59.51	70.43	52.2	64.26	69.66	71.2	75.8	15.65	99.64	66.13	30.46	29.07	67.21	47.42	56.57	46.27	66.4	36.22	69.4	43.05	66.53
9	24.21	85.44	9.06	67.78	102.55	88.55	59.64	1.0	78.39	0.0	40.0	15.52	26.68	80.72	46.1	22.2	63.98	96.25	59.84	60.01	40.01	21.1	59.08	90.26	43.83	94.2	53.94	24.0	61.03	47.85	47.89	41.4	44.72	27.59	92.14	13.93	81.22	57.98	40.25	53.85	67.42	47.01	60.9	80.01	45.28	95.13	69.26	62.97	9.85	51.62	93.02	10.44	40.2	84.21	38.12	36.88	79.25	41.0	19.8	13.93	30.0	49.66	14.87	7.21	86.82	88.02	39.46	17.09	80.75	66.75	24.17	48.17	28.02	73.33	31.3	64.07	12.17	66.12	25.08
10	25.81	50.0	41.98	33.97	67.8	55.87	35.17	40.01	48.01	40.0	0.0	39.0	52.84	61.61	59.03	32.45	32.45	61.85	21.47	20.02	1.0	46.96	34.21	51.24	20.02	55.08	16.4	16.0	26.17	21.21	45.31	25.96	8.94	29.0	58.73	46.84	42.38	32.28	42.19	22.36	55.01	44.38	32.7	40.01	57.01	56.65	29.61	29.07	31.26	27.29	60.11	38.33	4.0	44.41	53.04	48.17	40.5	50.61	29.53	27.46	32.56	21.59	26.48	34.23	53.08	52.8	51.74	37.58	41.48	27.86	20.59	8.94	12.04	33.73	18.44	24.19	28.07	26.31	19.72
11	15.0	77.47	7.81	59.84	106.0	93.01	48.85	16.49	68.35	15.52	39.0	0.0	42.2	90.14	61.01	9.49	68.41	87.36	55.23	58.24	39.4	36.5	48.47	90.14	49.5	93.92	49.25	25.0	54.15	53.08	60.08	49.41	40.61	38.08	96.26	9.22	76.01	64.35	52.89	57.8	78.26	59.14	66.53	77.67	60.01	95.63	68.31	66.29	12.08	58.0	97.42	25.02	37.64	82.71	23.02	51.16	74.01	55.23	10.05	21.93	16.64	54.56	22.36	11.18	90.7	79.83	54.04	2.24	76.11	62.2	30.81	47.93	28.84	72.42	37.64	61.19	18.79	64.85	31.4
12	48.02	102.63	35.36	85.8	101.12	86.15	81.39	25.71	98.49	26.68	52.84	42.2	0.0	68.96	21.93	47.93	64.01	114.28	74.3	70.58	52.35	6.4	80.66	95.63	45.4	99.61	69.12	39.7	78.24	49.25	33.12	39.01	60.46	25.71	90.09	39.01	94.85	55.23	26.0	56.32	53.54	32.65	59.14	89.56	21.95	99.18	77.62	65.12	33.54	50.01	90.43	18.36	54.92	92.2	64.63	17.2	93.04	20.52	44.72	28.32	55.46	51.24	29.0	32.31	85.59	105.39	17.69	43.68	93.62	80.5	32.25	58.31	42.2	81.25	36.06	75.77	30.0	75.29	33.12
13	82.76	93.68	88.24	85.48	44.28	32.02	94.13	79.98	99.98	80.72	61.61	90.14	68.96	0.0	52.89	88.12	33.24	104.68	70.18	59.3	60.64	68.24	93.13	57.01	42.72	59.55	70.01	67.08	79.1	40.52	35.85	40.82	68.73	53.15	35.23	93.86	78.43	29.43	43.27	40.2	15.81	36.36	30.02	64.47	51.24	55.87	56.04	38.33	78.24	34.48	34.13	71.42	65.51	61.77	110.48	51.88	77.79	49.24	84.12	68.6	91.39	40.02	68.01	80.0	34.66	96.17	52.39	89.89	75.61	71.02	59.36	56.32	64.47	56.3	52.84	63.79	71.61	57.27	58.83
14	63.06	108.19	55.15	92.96	91.14	76.24	92.28	45.1	107.0	46.1	59.03	61.01	21.93	52.89	0.0	64.78	58.19	120.21	79.2	72.62	58.26	25.5	91.42	91.42	44.41	95.19	75.07	50.57	85.15	47.17	20.4	36.62	67.8	30.53	80.22	59.54	97.62	48.38	18.03	53.71	37.11	20.62	52.5	89.19	2.24	93.68	77.18	60.93	50.36	45.19	80.1	36.0	62.2	90.34	84.0	11.18	96.05	8.49	61.0	42.2	71.59	48.88	42.45	50.09	76.66	111.02	7.62	62.07	95.8	84.29	40.71	61.55	51.48	80.13	40.61	78.24	44.91	75.72	41.18
15	6.71	68.07	16.64	50.49	100.21	87.86	39.4	23.02	58.87	22.2	32.45	9.49	47.93	88.12	64.78	0.0	63.64	77.88	46.69	50.7	33.02	41.79	39.0	82.86	46.04	86.54	40.79	21.1	45.01	49.2	60.83	47.42	32.57	38.47	90.91	18.68	67.12	60.8	54.23	53.04	77.49	59.84	62.48	69.64	63.51	88.57	60.93	60.96	14.56	54.64	92.2	29.73	30.41	74.95	22.36	54.23	65.12	58.14	4.12	23.0	7.81	50.45	23.02	15.65	85.28	70.41	57.43	7.28	67.36	53.6	29.41	41.34	24.21	65.0	35.34	53.16	20.02	57.38	29.73
16	57.31	61.1	69.12	52.24	38.63	24.7	61.66	63.56	66.75	63.98	32.45	68.41	64.01	33.24	58.19	63.64	0.0	72.5	37.01	26.08	31.62	60.3	60.67	33.24	20.25	37.0	37.34	43.42	46.0	16.16	38.08	25.08	37.7	39.62	28.18	74.63	46.53	9.85	41.0	10.63	33.84	37.7	5.83	34.06	55.97	35.69	23.71	5.1	57.98	14.0	29.15	57.57	35.85	33.42	85.15	50.8	45.62	50.7	60.14	50.09	64.82	14.32	49.19	60.54	22.85	63.69	53.37	67.48	43.91	37.85	39.81	25.08	39.7	25.0	32.7	30.59	52.35	24.35	38.91
17	73.05	12.04	93.92	28.65	80.22	79.51	39.32	96.66	20.0	96.25	61.85	87.36	114.28	104.68	120.21	77.88	72.5	0.0	41.01	48.83	62.48	108.17	39.46	54.01	76.69	54.23	45.45	74.95	36.06	75.0	103.86	84.39	53.82	90.79	79.16	96.57	26.25	80.13	102.59	70.18	106.0	103.08	77.37	40.79	118.09	59.21	48.85	67.54	86.41	79.32	81.15	98.11	59.41	45.18	85.01	109.66	26.93	111.72	78.11	86.95	71.59	73.82	86.09	89.16	75.54	9.22	113.17	85.16	29.12	36.4	82.2	58.73	72.11	48.38	80.06	43.27	86.35	48.3	81.4
18	40.31	29.0	60.01	15.52	61.85	53.85	26.0	60.02	30.36	59.84	21.47	55.23	74.3	70.18	79.2	46.69	37.01	41.01	0.0	11.05	21.95	68.43	25.08	39.05	36.06	42.2	6.0	36.4	9.06	34.89	63.25	43.6	15.13	50.0	55.46	64.07	21.38	42.2	61.62	31.32	68.01	62.43	40.45	23.71	77.08	45.34	18.87	32.0	50.36	39.92	57.27	59.46	19.92	29.68	62.61	68.68	19.42	70.71	45.18	48.38	43.32	34.01	47.43	53.34	50.16	31.83	72.18	53.34	21.02	7.0	42.06	17.8	32.89	22.02	39.2	8.6	48.51	15.65	41.18
19	44.01	36.89	61.81	26.17	52.5	43.38	36.69	60.0	40.79	60.01	20.02	58.24	70.58	59.3	72.62	50.7	26.08	48.83	11.05	0.0	20.0	65.15	35.74	32.2	28.32	35.85	13.04	36.01	20.1	26.25	55.23	36.12	18.36	45.19	45.28	66.49	25.0	31.95	54.67	21.47	57.94	54.49	29.83	20.0	70.43	38.08	10.3	21.02	51.24	30.53	47.01	57.71	20.62	24.52	69.07	62.68	23.43	64.2	48.38	47.17	48.88	25.0	46.17	54.23	39.82	39.66	66.03	56.61	23.32	12.53	39.05	12.37	32.0	14.32	34.54	5.66	48.01	6.71	38.08
20	26.4	50.61	42.2	34.71	67.2	55.15	36.14	40.0	48.83	40.01	1.0	39.4	52.35	60.64	58.26	33.02	31.62	62.48	21.95	20.0	0.0	46.52	35.17	50.96	19.03	54.82	17.03	16.03	26.91	20.22	44.38	25.0	9.85	28.32	58.05	47.13	42.72	31.32	41.34	21.47	54.01	43.46	31.78	40.0	56.22	56.3	29.43	28.32	31.4	26.31	59.41	38.08	5.0	44.28	53.76	47.42	40.85	49.82	30.02	27.29	33.3	20.62	26.31	34.37	52.4	53.41	50.99	38.01	41.76	28.23	20.12	8.54	12.0	33.54	17.69	24.33	28.02	26.17	19.24
21	41.68	96.57	30.02	79.63	98.06	83.2	75.01	20.1	92.2	21.1	46.96	36.5	6.4	68.24	25.5	41.79	60.3	108.17	68.43	65.15	46.52	0.0	74.28	91.2	41.01	95.19	63.13	33.42	72.11	45.0	32.65	35.23	54.38	21.02	87.1	34.13	89.16	51.97	25.0	52.01	53.26	32.02	55.73	84.4	25.0	95.01	72.57	61.01	27.31	46.39	87.56	12.08	48.88	87.3	59.21	18.03	87.32	21.95	38.48	21.93	49.24	47.0	22.63	26.25	82.38	99.32	19.7	37.85	88.02	74.73	26.4	52.81	36.06	76.3	30.81	70.23	23.6	70.09	27.31
22	34.99	31.14	55.46	16.12	86.61	78.92	1.0	59.64	19.92	59.08	34.21	48.47	80.66	93.13	91.42	39.0	60.67	39.46	25.08	35.74	35.17	74.28	0.0	62.48	53.94	65.12	23.35	41.4	16.64	54.33	79.38	60.17	25.5	60.9	80.53	57.58	36.36	64.0	75.64	53.01	88.57	78.43	63.13	46.01	89.55	68.88	43.83	55.9	49.41	60.21	82.35	62.97	30.36	52.4	46.27	80.26	34.67	83.24	39.82	52.35	32.28	54.15	51.66	51.87	75.24	33.02	83.86	46.24	38.01	28.6	50.77	37.01	39.96	46.65	51.48	33.54	50.93	40.72	50.25
23	76.16	45.89	93.15	47.71	26.48	26.93	63.25	90.09	57.94	90.26	51.24	90.14	95.63	57.01	91.42	82.86	33.24	54.01	39.05	32.2	50.96	91.2	62.48	0.0	50.25	4.0	43.83	66.71	46.01	46.39	71.31	56.89	50.54	70.18	25.71	98.08	30.36	43.08	74.04	39.32	64.03	70.94	39.0	16.64	89.2	6.4	21.93	30.81	82.23	46.57	27.66	86.15	52.55	10.3	101.02	83.68	31.02	83.82	80.41	76.66	81.01	44.41	75.66	85.15	23.26	47.52	86.4	88.6	27.51	33.97	67.19	42.45	62.59	17.89	61.01	30.81	78.09	25.5	66.19
24	40.31	64.66	49.41	51.0	58.87	44.72	54.92	43.38	65.74	43.83	20.02	49.5	45.4	42.72	44.41	46.04	20.25	76.69	36.06	28.32	19.03	41.01	53.94	50.25	0.0	54.23	33.11	25.0	43.38	4.12	27.2	7.81	28.44	20.0	48.33	55.0	53.26	14.87	26.4	11.0	35.0	26.4	17.2	45.19	42.2	54.0	33.11	20.1	38.42	8.6	49.19	37.36	24.02	47.13	68.26	34.89	51.74	36.06	42.2	30.02	48.75	6.08	29.15	40.8	43.08	67.48	38.08	48.84	51.4	40.36	19.72	18.36	21.95	36.4	12.53	33.97	32.45	31.38	18.87
25	79.85	46.84	97.02	50.0	26.02	28.65	65.86	94.05	59.51	94.2	55.08	93.92	99.61	59.55	95.19	86.54	37.0	54.23	42.2	35.85	54.82	95.19	65.12	4.0	54.23	0.0	47.17	70.61	48.8	50.36	75.03	60.83	54.13	74.17	26.93	101.92	31.78	46.82	77.88	43.29	67.2	74.67	42.72	19.1	92.97	5.0	25.63	34.71	86.12	50.45	28.79	90.14	56.3	12.73	104.45	87.56	32.65	87.64	84.15	80.62	84.53	48.37	79.63	89.05	25.24	48.27	90.25	92.36	29.07	36.8	71.18	46.32	66.49	21.54	65.01	34.13	82.04	29.15	70.18
26	34.37	33.6	54.01	18.03	65.44	56.36	24.33	54.13	32.65	53.94	16.4	49.25	69.12	70.01	75.07	40.79	37.34	45.45	6.0	13.04	17.03	63.13	23.35	43.83	33.11	47.17	0.0	30.68	10.3	32.57	60.03	40.31	9.22	45.34	58.31	58.08	27.29	41.19	57.8	30.15	66.49	59.17	40.0	29.15	73.0	50.0	22.63	32.56	44.41	38.08	60.03	53.85	14.32	34.89	57.31	64.35	25.32	66.6	39.2	42.72	37.7	32.02	41.79	47.38	52.84	36.4	67.9	47.38	27.02	13.0	36.89	14.87	27.31	26.25	34.66	13.04	42.72	19.1	36.06
27	15.81	63.53	26.57	46.32	81.12	68.01	42.2	24.02	58.8	24.0	16.0	25.0	39.7	67.08	50.57	21.1	43.42	74.95	36.4	36.01	16.03	33.42	41.4	66.71	25.0	70.61	30.68	0.0	38.95	28.32	42.01	26.57	21.54	20.62	71.28	31.78	57.72	39.82	36.5	32.8	57.01	41.01	41.73	56.01	48.85	71.84	45.4	41.34	15.52	33.6	72.42	23.26	16.49	60.3	43.42	39.4	55.79	42.72	17.2	12.08	24.74	29.7	11.18	18.44	65.73	66.24	42.95	24.08	57.07	43.17	10.2	24.33	4.12	49.5	14.56	40.11	12.17	42.19	10.05
28	39.2	24.6	59.84	7.81	69.97	62.63	17.49	61.35	22.36	61.03	26.17	54.15	78.24	79.1	85.15	45.01	46.0	36.06	9.06	20.1	26.91	72.11	16.64	46.01	43.38	48.8	10.3	38.95	0.0	42.72	70.33	50.61	17.8	55.15	64.08	63.29	22.56	50.8	68.01	39.81	76.4	69.46	49.25	29.73	83.1	52.4	27.31	41.01	51.24	48.08	65.92	62.18	23.43	36.07	58.19	74.33	20.62	76.69	44.28	51.0	40.31	42.06	50.12	54.12	58.87	27.29	77.9	52.09	23.41	12.04	46.23	25.08	36.06	30.02	44.6	17.09	50.57	24.35	45.45
29	43.27	63.01	53.25	50.16	54.78	40.71	55.33	47.42	65.0	47.85	21.21	53.08	49.25	40.52	47.17	49.2	16.16	75.0	34.89	26.25	20.22	45.0	54.33	46.39	4.12	50.36	32.57	28.32	42.72	0.0	29.0	10.77	29.02	24.02	44.28	58.82	50.93	11.66	29.15	7.07	34.23	28.28	13.45	42.06	44.94	50.01	30.02	16.03	42.2	6.08	45.18	41.48	25.18	43.66	71.28	38.08	49.5	38.95	45.45	34.0	51.48	2.0	33.12	44.65	39.0	65.8	41.15	52.33	48.92	38.6	23.71	17.72	25.0	33.11	16.55	31.89	36.36	28.6	22.83
30	57.14	91.83	56.36	78.03	71.01	56.04	80.32	47.01	92.66	47.89	45.31	60.08	33.12	35.85	20.4	60.83	38.08	103.86	63.25	55.23	44.38	32.65	79.38	71.31	27.2	75.03	60.03	42.01	70.33	29.0	0.0	19.72	54.23	22.36	60.03	61.72	79.91	28.23	7.81	34.83	20.62	1.0	32.31	70.21	18.25	73.38	58.41	41.18	48.08	25.81	60.0	37.74	49.04	70.83	82.46	16.16	78.49	14.14	56.72	38.33	66.19	30.41	38.08	49.04	56.32	94.64	17.26	60.44	77.83	67.48	32.02	45.49	41.3	61.03	28.44	60.88	41.48	57.38	32.0
31	42.38	72.35	48.08	58.31	63.06	48.38	61.13	40.8	72.95	41.4	25.96	49.41	39.01	40.82	36.62	47.42	25.08	84.39	43.6	36.12	25.0	35.23	60.17	56.89	7.81	60.83	40.31	26.57	50.61	10.77	19.72	0.0	34.79	14.87	52.2	53.74	61.07	17.09	18.6	17.72	30.59	18.87	20.62	52.77	34.41	60.21	40.71	26.17	37.64	11.18	52.81	33.54	29.83	54.42	69.78	27.31	59.55	28.3	43.38	28.28	51.24	12.65	27.59	39.62	47.3	75.17	30.41	49.09	59.2	48.1	18.6	25.81	24.52	43.86	12.08	41.77	31.14	39.12	18.03
32	25.96	42.19	45.01	25.5	70.01	59.41	26.48	44.91	39.2	44.72	8.94	40.61	60.46	68.73	67.8	32.57	37.7	53.82	15.13	18.36	9.85	54.38	25.5	50.54	28.44	54.13	9.22	21.54	17.8	29.02	54.23	34.79	0.0	37.54	61.85	49.25	36.5	39.32	51.11	28.64	63.2	53.31	39.05	37.11	65.8	56.44	28.65	33.54	35.23	35.0	63.41	44.78	5.66	42.38	50.8	56.85	34.53	59.41	30.59	33.62	30.53	29.02	32.7	38.21	56.22	44.94	60.44	38.83	36.12	22.09	28.43	12.65	18.36	32.65	27.2	20.62	33.53	25.06	27.66
33	35.0	78.87	35.23	62.94	77.88	63.25	61.77	26.87	76.69	27.59	29.0	38.08	25.71	53.15	30.53	38.47	39.62	90.79	50.0	45.19	28.32	21.02	60.9	70.18	20.0	74.17	45.34	20.62	55.15	24.02	22.36	14.87	37.54	0.0	67.05	40.8	69.84	31.95	16.03	31.0	40.31	21.38	35.44	63.89	28.65	74.0	51.92	40.05	26.0	25.96	67.68	18.87	31.89	66.49	60.17	19.42	68.1	22.36	34.37	16.16	44.01	26.02	15.81	27.29	62.1	81.69	23.02	38.28	68.43	55.76	10.44	33.12	21.02	55.54	10.82	50.54	19.31	49.65	10.77
34	84.39	70.06	97.25	68.01	11.05	4.0	81.44	91.71	80.41	92.14	58.73	96.26	90.09	35.23	80.22	90.91	28.18	79.16	55.46	45.28	58.05	87.1	80.53	25.71	48.33	26.93	58.31	71.28	64.08	44.28	60.03	52.2	61.85	67.05	0.0	102.73	54.08	35.17	65.12	38.59	46.49	60.01	31.62	39.12	78.16	22.36	36.77	30.0	86.09	41.11	2.0	85.44	61.52	34.01	111.73	75.11	54.23	74.0	87.62	78.26	91.22	42.49	77.37	88.68	5.66	72.01	77.01	95.21	51.09	52.81	67.98	50.21	67.42	34.48	60.84	47.01	80.53	39.81	67.08
35	24.08	86.68	5.66	69.05	112.77	99.32	57.94	14.87	77.49	13.93	46.84	9.22	39.01	93.86	59.54	18.68	74.63	96.57	64.07	66.49	47.13	34.13	57.58	98.08	55.0	101.92	58.08	31.78	63.29	58.82	61.72	53.74	49.25	40.8	102.73	0.0	85.01	69.66	54.13	64.14	80.99	60.83	72.2	86.15	58.86	103.41	76.4	72.95	16.64	63.25	103.77	24.35	45.89	91.01	26.25	50.7	83.01	54.82	19.03	25.46	25.5	60.46	26.17	14.21	97.25	89.05	53.15	11.4	85.02	71.06	35.47	55.66	35.85	80.52	42.64	69.72	22.67	73.01	36.24
36	61.01	16.0	81.15	20.25	56.75	54.01	36.89	81.39	27.73	81.22	42.38	76.01	94.85	78.43	97.62	67.12	46.53	26.25	21.38	25.0	42.72	89.16	36.36	30.36	53.26	31.78	27.29	57.72	22.56	50.93	79.91	61.07	36.5	69.84	54.08	85.01	0.0	54.64	79.65	45.34	80.26	79.21	51.62	15.0	95.43	36.4	22.83	41.68	71.7	54.56	56.08	80.65	41.23	20.4	80.65	87.66	2.0	89.2	66.0	69.64	62.8	49.5	68.68	74.67	50.01	18.11	91.02	74.03	3.0	14.56	62.77	36.72	54.12	22.14	59.06	19.42	69.86	22.8	61.85
37	54.92	68.43	64.03	57.72	46.1	31.32	65.0	57.45	72.53	57.98	32.28	64.35	55.23	29.43	48.38	60.8	9.85	80.13	42.2	31.95	31.32	51.97	64.0	43.08	14.87	46.82	41.19	39.82	50.8	11.66	28.23	17.09	39.32	31.95	35.17	69.66	54.64	0.0	31.4	11.05	26.0	27.86	4.12	43.14	46.17	45.35	32.02	13.45	53.15	6.4	35.74	50.57	36.14	43.01	82.93	41.3	53.54	41.0	57.01	44.41	63.13	10.77	43.6	55.44	30.41	71.12	43.74	63.7	52.2	44.38	34.21	27.02	36.62	33.94	27.02	37.16	47.01	31.91	33.42
38	51.01	90.55	48.85	75.8	76.16	61.13	76.56	39.36	90.14	40.25	42.19	52.89	26.0	43.27	18.03	54.23	41.0	102.59	61.62	54.67	41.34	25.0	75.64	74.04	26.4	77.88	57.8	36.5	68.01	29.15	7.81	18.6	51.11	16.03	65.12	54.13	79.65	31.4	0.0	35.78	28.32	7.07	35.51	71.2	15.81	76.69	59.17	43.32	41.0	27.51	65.28	30.02	45.65	72.5	75.5	10.0	78.1	9.85	50.16	31.4	60.0	30.89	31.26	41.76	61.0	93.38	12.37	53.37	77.8	66.48	26.31	43.86	36.4	62.18	24.17	60.31	34.53	57.69	26.48
39	46.75	58.31	58.67	46.84	48.75	35.23	54.01	53.49	61.68	53.85	22.36	57.8	56.32	40.2	53.71	53.04	10.63	70.18	31.32	21.47	21.47	52.01	53.01	39.32	11.0	43.29	30.15	32.8	39.81	7.07	34.83	17.72	28.64	31.0	38.59	64.14	45.34	11.05	35.78	0.0	36.69	34.21	10.44	35.51	51.48	43.0	23.6	9.22	47.51	9.22	39.66	48.05	26.0	36.77	74.65	44.94	44.05	45.62	49.52	39.92	54.41	5.1	39.0	50.12	33.12	61.06	47.93	56.85	43.14	34.0	29.73	16.12	29.07	26.42	22.8	26.93	42.05	22.63	28.79
40	72.8	94.37	75.47	83.52	56.75	42.72	89.56	66.61	98.37	67.42	55.01	78.26	53.54	15.81	37.11	77.49	33.84	106.0	68.01	57.94	54.01	53.26	88.57	64.03	35.0	67.2	66.49	57.01	76.4	34.23	20.62	30.59	63.2	40.31	46.49	80.99	80.26	26.0	28.32	36.69	0.0	21.26	28.65	67.8	35.44	64.35	57.45	38.59	66.19	28.44	45.88	57.63	59.01	66.53	99.72	36.36	79.26	33.54	73.39	56.36	81.74	34.53	55.9	67.6	44.28	97.05	36.67	78.29	77.7	70.38	48.1	51.79	55.11	58.82	42.45	63.16	59.48	57.71	47.76
41	56.14	91.05	55.46	77.18	71.0	56.01	79.38	46.14	91.79	47.01	44.38	59.14	32.65	36.36	20.62	59.84	37.7	103.08	62.43	54.49	43.46	32.02	78.43	70.94	26.4	74.67	59.17	41.01	69.46	28.28	1.0	18.87	53.31	21.38	60.01	60.83	79.21	27.86	7.07	34.21	21.26	0.0	31.95	69.63	18.44	73.08	57.8	40.71	47.13	25.24	60.01	36.89	48.1	70.33	81.49	15.81	77.78	14.04	55.73	37.36	65.19	29.73	37.11	48.1	56.22	93.86	17.12	59.48	77.16	66.71	31.02	44.65	40.31	60.46	27.46	60.14	40.52	56.73	31.0
42	56.4	65.8	66.61	55.9	42.45	27.86	64.12	60.42	70.61	60.9	32.7	66.53	59.14	30.02	52.5	62.48	5.83	77.37	40.45	29.83	31.78	55.73	63.13	39.0	17.2	42.72	40.0	41.73	49.25	13.45	32.31	20.62	39.05	35.44	31.62	72.2	51.62	4.12	35.51	10.44	28.65	31.95	0.0	39.62	50.29	41.23	28.84	10.0	55.61	9.49	32.31	53.85	36.4	39.2	84.4	45.4	50.61	45.12	58.8	47.17	64.35	12.04	46.32	58.01	26.68	68.45	47.85	65.76	49.09	42.06	36.89	26.48	38.29	30.48	29.68	34.79	49.65	29.07	36.06
43	63.06	31.0	81.61	31.06	42.38	39.01	46.75	80.0	41.76	80.01	40.01	77.67	89.56	64.47	89.19	69.64	34.06	40.79	23.71	20.0	40.0	84.4	46.01	16.64	45.19	19.1	29.15	56.01	29.73	42.06	70.21	52.77	37.11	63.89	39.12	86.15	15.0	43.14	71.2	35.51	67.8	69.63	39.62	0.0	86.95	23.02	12.08	29.7	71.18	44.41	41.11	77.52	40.31	6.4	86.31	80.06	15.13	81.01	67.68	67.12	66.85	40.31	66.12	74.17	35.01	33.06	83.19	75.93	12.0	17.8	58.69	32.14	52.0	9.22	53.6	16.49	68.01	14.32	57.71
44	61.61	106.07	54.33	90.91	89.09	74.17	90.43	44.28	105.0	45.28	57.01	60.01	21.95	51.24	2.24	63.51	55.97	118.09	77.08	70.43	56.22	25.0	89.55	89.2	42.2	92.97	73.0	48.85	83.1	44.94	18.25	34.41	65.8	28.65	78.16	58.86	95.43	46.17	15.81	51.48	35.44	18.44	50.29	86.95	0.0	91.48	74.95	58.69	49.16	42.95	78.06	35.06	60.22	88.1	83.02	9.49	93.86	6.4	59.68	40.79	70.21	46.65	41.0	49.01	74.55	108.89	6.08	61.01	93.6	82.13	38.91	59.41	49.65	77.9	38.6	76.06	43.57	73.5	39.36
45	81.86	51.66	98.37	54.08	21.02	24.41	69.66	94.92	64.08	95.13	56.65	95.63	99.18	55.87	93.68	88.57	35.69	59.21	45.34	38.08	56.3	95.01	68.88	6.4	54.0	5.0	50.0	71.84	52.4	50.01	73.38	60.21	56.44	74.0	22.36	103.41	36.4	45.35	76.69	43.0	64.35	73.08	41.23	23.02	91.48	0.0	27.78	34.06	87.36	49.5	24.17	90.55	58.18	16.64	107.07	86.49	37.16	86.35	86.01	81.39	86.95	48.01	80.41	90.25	21.26	53.15	89.05	94.15	33.62	40.36	71.7	47.76	67.72	23.85	65.28	37.01	82.98	31.38	70.71
46	54.23	37.64	71.59	31.58	43.01	35.44	44.72	69.18	45.01	69.26	29.61	68.31	77.62	56.04	77.18	60.93	23.71	48.85	18.87	10.3	29.43	72.57	43.83	21.93	33.11	25.63	22.63	45.4	27.31	30.02	58.41	40.71	28.65	51.92	36.77	76.4	22.83	32.02	59.17	23.6	57.45	57.8	28.84	12.08	74.95	27.78	0.0	18.87	60.83	32.65	38.63	66.12	30.68	15.0	79.32	67.98	21.93	68.96	58.52	56.01	59.17	28.3	55.01	63.79	31.62	40.16	71.12	66.73	20.25	16.28	47.17	21.1	41.3	4.12	41.77	10.3	57.14	3.61	46.17
47	54.49	56.08	67.54	47.17	39.82	26.91	56.89	62.63	61.66	62.97	29.07	66.29	65.12	38.33	60.93	60.96	5.1	67.54	32.0	21.02	28.32	61.01	55.9	30.81	20.1	34.71	32.56	41.34	41.01	16.03	41.18	26.17	33.54	40.05	30.0	72.95	41.68	13.45	43.32	9.22	38.59	40.71	10.0	29.7	58.69	34.06	18.87	0.0	56.36	15.81	31.24	57.27	32.2	29.68	82.07	52.89	40.71	53.14	57.63	49.04	61.62	14.04	48.1	59.03	24.41	58.69	55.66	65.22	39.12	32.76	38.9	21.1	37.44	20.52	32.02	25.5	51.08	19.31	37.95
48	14.87	75.61	11.18	57.94	96.18	82.68	50.0	10.3	68.6	9.85	31.26	12.08	33.54	78.24	50.36	14.56	57.98	86.41	50.36	51.24	31.4	27.31	49.41	82.23	38.42	86.12	44.41	15.52	51.24	42.2	48.08	37.64	35.23	26.0	86.09	16.64	71.7	53.15	41.0	47.51	66.19	47.13	55.61	71.18	49.16	87.36	60.83	56.36	0.0	46.75	87.13	15.23	31.0	75.66	34.53	40.01	69.72	44.0	11.18	9.85	21.93	43.83	10.3	3.0	80.62	78.19	43.1	12.37	71.34	57.31	19.1	39.81	19.65	64.94	26.17	55.01	6.71	57.56	19.8
49	48.88	67.42	57.63	55.36	51.92	37.34	61.2	51.11	70.23	51.62	27.29	58.0	50.01	34.48	45.19	54.64	14.0	79.32	39.92	30.53	26.31	46.39	60.21	46.57	8.6	50.45	38.08	33.6	48.08	6.08	25.81	11.18	35.0	25.96	41.11	63.25	54.56	6.4	27.51	9.22	28.44	25.24	9.49	44.41	42.95	49.5	32.65	15.81	46.75	0.0	41.79	44.38	31.26	45.18	76.85	37.11	53.26	37.34	50.8	38.01	57.25	6.08	37.2	49.04	36.14	70.18	39.85	57.38	52.35	43.05	27.8	23.35	30.53	35.23	20.62	36.06	40.61	31.83	27.02
50	85.7	72.06	98.27	69.92	11.05	4.47	83.26	92.57	82.38	93.02	60.11	97.42	90.43	34.13	80.1	92.2	29.15	81.15	57.27	47.01	59.41	87.56	82.35	27.66	49.19	28.79	60.03	72.42	65.92	45.18	60.0	52.81	63.41	67.68	2.0	103.77	56.08	35.74	65.28	39.66	45.88	60.01	32.31	41.11	78.06	24.17	38.63	31.24	87.13	41.79	0.0	86.16	62.97	36.01	113.14	75.24	56.22	74.03	88.87	79.18	92.63	43.42	78.29	89.69	7.21	74.01	77.06	96.4	53.08	54.71	68.88	51.66	68.6	36.4	61.72	48.85	81.49	41.63	68.0
51	29.68	86.77	19.42	69.46	96.14	81.71	63.66	9.49	81.4	10.44	38.33	25.02	18.36	71.42	36.0	29.73	57.57	98.11	59.46	57.71	38.08	12.08	62.97	86.15	37.36	90.14	53.85	23.26	62.18	41.48	37.74	33.54	44.78	18.87	85.44	24.35	80.65	50.57	30.02	48.05	57.63	36.89	53.85	77.52	35.06	90.55	66.12	57.27	15.23	44.38	86.16	0.0	39.56	81.1	48.0	26.48	78.75	30.59	26.4	11.18	37.16	43.42	12.08	14.32	80.32	89.47	29.15	26.17	79.81	66.1	19.0	45.4	26.57	70.06	25.32	62.37	12.04	63.29	20.0
52	23.71	47.71	41.3	31.14	70.29	58.8	31.32	40.31	44.82	40.2	4.0	37.64	54.92	65.51	62.2	30.41	35.85	59.41	19.92	20.62	5.0	48.88	30.36	52.55	24.02	56.3	14.32	16.49	23.43	25.18	49.04	29.83	5.66	31.89	61.52	45.89	41.23	36.14	45.65	26.0	59.01	48.1	36.4	40.31	60.22	58.18	30.68	32.2	31.0	31.26	62.97	39.56	0.0	45.12	50.25	51.22	39.29	53.82	27.86	28.46	29.73	25.5	27.51	34.0	55.87	50.48	54.82	36.06	40.61	26.68	22.8	11.31	13.0	34.79	21.63	24.02	28.64	27.2	22.02
53	68.31	36.22	86.31	37.44	36.4	34.37	53.15	84.15	47.76	84.21	44.41	82.71	92.2	61.77	90.34	74.95	33.42	45.18	29.68	24.52	44.28	87.3	52.4	10.3	47.13	12.73	34.89	60.3	36.07	43.66	70.83	54.42	42.38	66.49	34.01	91.01	20.4	43.01	72.5	36.77	66.53	70.33	39.2	6.4	88.1	16.64	15.0	29.68	75.66	45.18	36.01	81.1	45.12	0.0	92.18	81.71	20.88	82.35	72.8	71.01	72.5	41.79	70.01	78.64	30.41	38.05	84.69	81.04	17.46	24.08	62.13	36.06	56.22	11.05	56.57	21.93	72.11	18.11	61.13
54	28.02	77.41	29.27	61.39	120.51	108.9	46.17	39.12	65.01	38.12	53.04	23.02	64.63	110.48	84.0	22.36	85.15	85.01	62.61	69.07	53.76	59.21	46.27	101.02	68.26	104.45	57.31	43.42	58.19	71.28	82.46	69.78	50.8	60.17	111.73	26.25	80.65	82.93	75.5	74.65	99.72	81.49	84.4	86.31	83.02	107.07	79.32	82.07	34.53	76.85	113.14	48.0	50.25	92.18	0.0	74.17	78.75	78.23	26.4	44.15	20.52	72.42	44.38	34.13	106.08	79.23	77.06	22.2	81.6	68.94	51.62	61.55	46.32	83.22	57.7	70.33	41.0	75.72	52.0
55	52.17	97.67	45.89	82.13	86.15	71.11	81.12	35.9	96.05	36.88	48.17	51.16	17.2	51.88	11.18	54.23	50.8	109.66	68.68	62.68	47.42	18.03	80.26	83.68	34.89	87.56	64.35	39.4	74.33	38.08	16.16	27.31	56.85	19.42	75.11	50.7	87.66	41.3	10.0	44.94	36.36	15.81	45.4	80.06	9.49	86.49	67.98	52.89	40.01	37.11	75.24	26.48	51.22	81.71	74.17	0.0	86.02	4.12	50.36	31.4	60.83	39.92	31.58	40.05	71.0	100.5	3.61	52.04	85.98	74.03	29.53	51.22	40.31	71.18	29.73	68.24	34.23	66.24	30.02
