set K:= 1	2	3	4	5	6	7	8	9;
set C_H:= 1	2	3	4	5	6	7	8	9	10	11	12	13	14	15	16	17	18	19	20	21	22;
set C_S:= 23	24	25	26	27	28	29	30	31	32	33	34	35	36	37	38	39	40	41	42;
set C_F:= 43	44	45	46	47	48	49	50	51	52	53	54	55	56	57	58	59	60	61	62;
set M:= 63	64	65	66	67	68;
set L_B:= 69	70	71	72	73	74	75	76	77;
set A1:=
(0,*) 1 2 3 4 5 6 7 8 9 10 11 12 13 14 15 16 17 18 19 20 21 22 43 44 45 46 47 48 49 50 51 52 53 54 55 56 57 58 59 60 61 62 63 64 65 66 67 68 69 70 71 72 73 74 75 76 77 78
(1,*) 0 2 3 4 5 6 7 8 9 10 11 12 13 14 15 16 17 18 19 20 21 22 43 44 45 46 47 48 49 50 51 52 53 54 55 56 57 58 59 60 61 62 63 64 65 66 67 68 69 70 71 72 73 74 75 76 77 78
(2,*) 0 1 3 4 5 6 7 8 9 10 11 12 13 14 15 16 17 18 19 20 21 22 43 44 45 46 47 48 49 50 51 52 53 54 55 56 57 58 59 60 61 62 63 64 65 66 67 68 69 70 71 72 73 74 75 76 77 78
(3,*) 0 1 2 4 5 6 7 8 9 10 11 12 13 14 15 16 17 18 19 20 21 22 43 44 45 46 47 48 49 50 51 52 53 54 55 56 57 58 59 60 61 62 63 64 65 66 67 68 69 70 71 72 73 74 75 76 77 78
(4,*) 0 1 2 3 5 6 7 8 9 10 11 12 13 14 15 16 17 18 19 20 21 22 43 44 45 46 47 48 49 50 51 52 53 54 55 56 57 58 59 60 61 62 63 64 65 66 67 68 69 70 71 72 73 74 75 76 77 78
(5,*) 0 1 2 3 4 6 7 8 9 10 11 12 13 14 15 16 17 18 19 20 21 22 43 44 45 46 47 48 49 50 51 52 53 54 55 56 57 58 59 60 61 62 63 64 65 66 67 68 69 70 71 72 73 74 75 76 77 78
(6,*) 0 1 2 3 4 5 7 8 9 10 11 12 13 14 15 16 17 18 19 20 21 22 43 44 45 46 47 48 49 50 51 52 53 54 55 56 57 58 59 60 61 62 63 64 65 66 67 68 69 70 71 72 73 74 75 76 77 78
(7,*) 0 1 2 3 4 5 6 8 9 10 11 12 13 14 15 16 17 18 19 20 21 22 43 44 45 46 47 48 49 50 51 52 53 54 55 56 57 58 59 60 61 62 63 64 65 66 67 68 69 70 71 72 73 74 75 76 77 78
(8,*) 0 1 2 3 4 5 6 7 9 10 11 12 13 14 15 16 17 18 19 20 21 22 43 44 45 46 47 48 49 50 51 52 53 54 55 56 57 58 59 60 61 62 63 64 65 66 67 68 69 70 71 72 73 74 75 76 77 78
(9,*) 0 1 2 3 4 5 6 7 8 10 11 12 13 14 15 16 17 18 19 20 21 22 43 44 45 46 47 48 49 50 51 52 53 54 55 56 57 58 59 60 61 62 63 64 65 66 67 68 69 70 71 72 73 74 75 76 77 78
(10,*) 0 1 2 3 4 5 6 7 8 9 11 12 13 14 15 16 17 18 19 20 21 22 43 44 45 46 47 48 49 50 51 52 53 54 55 56 57 58 59 60 61 62 63 64 65 66 67 68 69 70 71 72 73 74 75 76 77 78
(11,*) 0 1 2 3 4 5 6 7 8 9 10 12 13 14 15 16 17 18 19 20 21 22 43 44 45 46 47 48 49 50 51 52 53 54 55 56 57 58 59 60 61 62 63 64 65 66 67 68 69 70 71 72 73 74 75 76 77 78
(12,*) 0 1 2 3 4 5 6 7 8 9 10 11 13 14 15 16 17 18 19 20 21 22 43 44 45 46 47 48 49 50 51 52 53 54 55 56 57 58 59 60 61 62 63 64 65 66 67 68 69 70 71 72 73 74 75 76 77 78
(13,*) 0 1 2 3 4 5 6 7 8 9 10 11 12 14 15 16 17 18 19 20 21 22 43 44 45 46 47 48 49 50 51 52 53 54 55 56 57 58 59 60 61 62 63 64 65 66 67 68 69 70 71 72 73 74 75 76 77 78
(14,*) 0 1 2 3 4 5 6 7 8 9 10 11 12 13 15 16 17 18 19 20 21 22 43 44 45 46 47 48 49 50 51 52 53 54 55 56 57 58 59 60 61 62 63 64 65 66 67 68 69 70 71 72 73 74 75 76 77 78
(15,*) 0 1 2 3 4 5 6 7 8 9 10 11 12 13 14 16 17 18 19 20 21 22 43 44 45 46 47 48 49 50 51 52 53 54 55 56 57 58 59 60 61 62 63 64 65 66 67 68 69 70 71 72 73 74 75 76 77 78
(16,*) 0 1 2 3 4 5 6 7 8 9 10 11 12 13 14 15 17 18 19 20 21 22 43 44 45 46 47 48 49 50 51 52 53 54 55 56 57 58 59 60 61 62 63 64 65 66 67 68 69 70 71 72 73 74 75 76 77 78
(17,*) 0 1 2 3 4 5 6 7 8 9 10 11 12 13 14 15 16 18 19 20 21 22 43 44 45 46 47 48 49 50 51 52 53 54 55 56 57 58 59 60 61 62 63 64 65 66 67 68 69 70 71 72 73 74 75 76 77 78
(18,*) 0 1 2 3 4 5 6 7 8 9 10 11 12 13 14 15 16 17 19 20 21 22 43 44 45 46 47 48 49 50 51 52 53 54 55 56 57 58 59 60 61 62 63 64 65 66 67 68 69 70 71 72 73 74 75 76 77 78
(19,*) 0 1 2 3 4 5 6 7 8 9 10 11 12 13 14 15 16 17 18 20 21 22 43 44 45 46 47 48 49 50 51 52 53 54 55 56 57 58 59 60 61 62 63 64 65 66 67 68 69 70 71 72 73 74 75 76 77 78
(20,*) 0 1 2 3 4 5 6 7 8 9 10 11 12 13 14 15 16 17 18 19 21 22 43 44 45 46 47 48 49 50 51 52 53 54 55 56 57 58 59 60 61 62 63 64 65 66 67 68 69 70 71 72 73 74 75 76 77 78
(21,*) 0 1 2 3 4 5 6 7 8 9 10 11 12 13 14 15 16 17 18 19 20 22 43 44 45 46 47 48 49 50 51 52 53 54 55 56 57 58 59 60 61 62 63 64 65 66 67 68 69 70 71 72 73 74 75 76 77 78
(22,*) 0 1 2 3 4 5 6 7 8 9 10 11 12 13 14 15 16 17 18 19 20 21 43 44 45 46 47 48 49 50 51 52 53 54 55 56 57 58 59 60 61 62 63 64 65 66 67 68 69 70 71 72 73 74 75 76 77 78
(43,*) 0 1 2 3 4 5 6 7 8 9 10 11 12 13 14 15 16 17 18 19 20 21 22 44 45 46 47 48 49 50 51 52 53 54 55 56 57 58 59 60 61 62 63 64 65 66 67 68 69 70 71 72 73 74 75 76 77 78
(44,*) 0 1 2 3 4 5 6 7 8 9 10 11 12 13 14 15 16 17 18 19 20 21 22 43 45 46 47 48 49 50 51 52 53 54 55 56 57 58 59 60 61 62 63 64 65 66 67 68 69 70 71 72 73 74 75 76 77 78
(45,*) 0 1 2 3 4 5 6 7 8 9 10 11 12 13 14 15 16 17 18 19 20 21 22 43 44 46 47 48 49 50 51 52 53 54 55 56 57 58 59 60 61 62 63 64 65 66 67 68 69 70 71 72 73 74 75 76 77 78
(46,*) 0 1 2 3 4 5 6 7 8 9 10 11 12 13 14 15 16 17 18 19 20 21 22 43 44 45 47 48 49 50 51 52 53 54 55 56 57 58 59 60 61 62 63 64 65 66 67 68 69 70 71 72 73 74 75 76 77 78
(47,*) 0 1 2 3 4 5 6 7 8 9 10 11 12 13 14 15 16 17 18 19 20 21 22 43 44 45 46 48 49 50 51 52 53 54 55 56 57 58 59 60 61 62 63 64 65 66 67 68 69 70 71 72 73 74 75 76 77 78
(48,*) 0 1 2 3 4 5 6 7 8 9 10 11 12 13 14 15 16 17 18 19 20 21 22 43 44 45 46 47 49 50 51 52 53 54 55 56 57 58 59 60 61 62 63 64 65 66 67 68 69 70 71 72 73 74 75 76 77 78
(49,*) 0 1 2 3 4 5 6 7 8 9 10 11 12 13 14 15 16 17 18 19 20 21 22 43 44 45 46 47 48 50 51 52 53 54 55 56 57 58 59 60 61 62 63 64 65 66 67 68 69 70 71 72 73 74 75 76 77 78
(50,*) 0 1 2 3 4 5 6 7 8 9 10 11 12 13 14 15 16 17 18 19 20 21 22 43 44 45 46 47 48 49 51 52 53 54 55 56 57 58 59 60 61 62 63 64 65 66 67 68 69 70 71 72 73 74 75 76 77 78
(51,*) 0 1 2 3 4 5 6 7 8 9 10 11 12 13 14 15 16 17 18 19 20 21 22 43 44 45 46 47 48 49 50 52 53 54 55 56 57 58 59 60 61 62 63 64 65 66 67 68 69 70 71 72 73 74 75 76 77 78
(52,*) 0 1 2 3 4 5 6 7 8 9 10 11 12 13 14 15 16 17 18 19 20 21 22 43 44 45 46 47 48 49 50 51 53 54 55 56 57 58 59 60 61 62 63 64 65 66 67 68 69 70 71 72 73 74 75 76 77 78
(53,*) 0 1 2 3 4 5 6 7 8 9 10 11 12 13 14 15 16 17 18 19 20 21 22 43 44 45 46 47 48 49 50 51 52 54 55 56 57 58 59 60 61 62 63 64 65 66 67 68 69 70 71 72 73 74 75 76 77 78
(54,*) 0 1 2 3 4 5 6 7 8 9 10 11 12 13 14 15 16 17 18 19 20 21 22 43 44 45 46 47 48 49 50 51 52 53 55 56 57 58 59 60 61 62 63 64 65 66 67 68 69 70 71 72 73 74 75 76 77 78
(55,*) 0 1 2 3 4 5 6 7 8 9 10 11 12 13 14 15 16 17 18 19 20 21 22 43 44 45 46 47 48 49 50 51 52 53 54 56 57 58 59 60 61 62 63 64 65 66 67 68 69 70 71 72 73 74 75 76 77 78
(56,*) 0 1 2 3 4 5 6 7 8 9 10 11 12 13 14 15 16 17 18 19 20 21 22 43 44 45 46 47 48 49 50 51 52 53 54 55 57 58 59 60 61 62 63 64 65 66 67 68 69 70 71 72 73 74 75 76 77 78
(57,*) 0 1 2 3 4 5 6 7 8 9 10 11 12 13 14 15 16 17 18 19 20 21 22 43 44 45 46 47 48 49 50 51 52 53 54 55 56 58 59 60 61 62 63 64 65 66 67 68 69 70 71 72 73 74 75 76 77 78
(58,*) 0 1 2 3 4 5 6 7 8 9 10 11 12 13 14 15 16 17 18 19 20 21 22 43 44 45 46 47 48 49 50 51 52 53 54 55 56 57 59 60 61 62 63 64 65 66 67 68 69 70 71 72 73 74 75 76 77 78
(59,*) 0 1 2 3 4 5 6 7 8 9 10 11 12 13 14 15 16 17 18 19 20 21 22 43 44 45 46 47 48 49 50 51 52 53 54 55 56 57 58 60 61 62 63 64 65 66 67 68 69 70 71 72 73 74 75 76 77 78
(60,*) 0 1 2 3 4 5 6 7 8 9 10 11 12 13 14 15 16 17 18 19 20 21 22 43 44 45 46 47 48 49 50 51 52 53 54 55 56 57 58 59 61 62 63 64 65 66 67 68 69 70 71 72 73 74 75 76 77 78
(61,*) 0 1 2 3 4 5 6 7 8 9 10 11 12 13 14 15 16 17 18 19 20 21 22 43 44 45 46 47 48 49 50 51 52 53 54 55 56 57 58 59 60 62 63 64 65 66 67 68 69 70 71 72 73 74 75 76 77 78
(62,*) 0 1 2 3 4 5 6 7 8 9 10 11 12 13 14 15 16 17 18 19 20 21 22 43 44 45 46 47 48 49 50 51 52 53 54 55 56 57 58 59 60 61 63 64 65 66 67 68 69 70 71 72 73 74 75 76 77 78
(63,*) 0 1 2 3 4 5 6 7 8 9 10 11 12 13 14 15 16 17 18 19 20 21 22 43 44 45 46 47 48 49 50 51 52 53 54 55 56 57 58 59 60 61 62 64 65 66 67 68 69 70 71 72 73 74 75 76 77 78
(64,*) 0 1 2 3 4 5 6 7 8 9 10 11 12 13 14 15 16 17 18 19 20 21 22 43 44 45 46 47 48 49 50 51 52 53 54 55 56 57 58 59 60 61 62 63 65 66 67 68 69 70 71 72 73 74 75 76 77 78
(65,*) 0 1 2 3 4 5 6 7 8 9 10 11 12 13 14 15 16 17 18 19 20 21 22 43 44 45 46 47 48 49 50 51 52 53 54 55 56 57 58 59 60 61 62 63 64 66 67 68 69 70 71 72 73 74 75 76 77 78
(66,*) 0 1 2 3 4 5 6 7 8 9 10 11 12 13 14 15 16 17 18 19 20 21 22 43 44 45 46 47 48 49 50 51 52 53 54 55 56 57 58 59 60 61 62 63 64 65 67 68 69 70 71 72 73 74 75 76 77 78
(67,*) 0 1 2 3 4 5 6 7 8 9 10 11 12 13 14 15 16 17 18 19 20 21 22 43 44 45 46 47 48 49 50 51 52 53 54 55 56 57 58 59 60 61 62 63 64 65 66 68 69 70 71 72 73 74 75 76 77 78
(68,*) 0 1 2 3 4 5 6 7 8 9 10 11 12 13 14 15 16 17 18 19 20 21 22 43 44 45 46 47 48 49 50 51 52 53 54 55 56 57 58 59 60 61 62 63 64 65 66 67 69 70 71 72 73 74 75 76 77 78
(69,*) 0 1 2 3 4 5 6 7 8 9 10 11 12 13 14 15 16 17 18 19 20 21 22 43 44 45 46 47 48 49 50 51 52 53 54 55 56 57 58 59 60 61 62 63 64 65 66 67 68 70 71 72 73 74 75 76 77 78
(70,*) 0 1 2 3 4 5 6 7 8 9 10 11 12 13 14 15 16 17 18 19 20 21 22 43 44 45 46 47 48 49 50 51 52 53 54 55 56 57 58 59 60 61 62 63 64 65 66 67 68 69 71 72 73 74 75 76 77 78
(71,*) 0 1 2 3 4 5 6 7 8 9 10 11 12 13 14 15 16 17 18 19 20 21 22 43 44 45 46 47 48 49 50 51 52 53 54 55 56 57 58 59 60 61 62 63 64 65 66 67 68 69 70 72 73 74 75 76 77 78
(72,*) 0 1 2 3 4 5 6 7 8 9 10 11 12 13 14 15 16 17 18 19 20 21 22 43 44 45 46 47 48 49 50 51 52 53 54 55 56 57 58 59 60 61 62 63 64 65 66 67 68 69 70 71 73 74 75 76 77 78
(73,*) 0 1 2 3 4 5 6 7 8 9 10 11 12 13 14 15 16 17 18 19 20 21 22 43 44 45 46 47 48 49 50 51 52 53 54 55 56 57 58 59 60 61 62 63 64 65 66 67 68 69 70 71 72 74 75 76 77 78
(74,*) 0 1 2 3 4 5 6 7 8 9 10 11 12 13 14 15 16 17 18 19 20 21 22 43 44 45 46 47 48 49 50 51 52 53 54 55 56 57 58 59 60 61 62 63 64 65 66 67 68 69 70 71 72 73 75 76 77 78
(75,*) 0 1 2 3 4 5 6 7 8 9 10 11 12 13 14 15 16 17 18 19 20 21 22 43 44 45 46 47 48 49 50 51 52 53 54 55 56 57 58 59 60 61 62 63 64 65 66 67 68 69 70 71 72 73 74 76 77 78
(76,*) 0 1 2 3 4 5 6 7 8 9 10 11 12 13 14 15 16 17 18 19 20 21 22 43 44 45 46 47 48 49 50 51 52 53 54 55 56 57 58 59 60 61 62 63 64 65 66 67 68 69 70 71 72 73 74 75 77 78
(77,*) 0 1 2 3 4 5 6 7 8 9 10 11 12 13 14 15 16 17 18 19 20 21 22 43 44 45 46 47 48 49 50 51 52 53 54 55 56 57 58 59 60 61 62 63 64 65 66 67 68 69 70 71 72 73 74 75 76 78
(78,*) 0 1 2 3 4 5 6 7 8 9 10 11 12 13 14 15 16 17 18 19 20 21 22 43 44 45 46 47 48 49 50 51 52 53 54 55 56 57 58 59 60 61 62 63 64 65 66 67 68 69 70 71 72 73 74 75 76 77
;
set A2:=
;
param BigM:=99999;
param n:= 9;
param d:=
1	18
2	22
3	7
4	20
5	20
6	2
7	5
8	22
9	14
10	21
11	15
12	6
13	23
14	26
15	7
16	20
17	3
18	2
19	15
20	12
21	4
22	2
23	5
24	9
25	7
26	18
27	11
28	10
29	20
30	1
31	15
32	15
33	19
34	21
35	24
36	14
37	2
38	15
39	15
40	24
41	17
42	8
43	4
44	14
45	19
46	21
47	14
48	22
49	6
50	14
51	15
52	23
53	22
54	26
55	2
56	21
57	4
58	10
59	23
60	20
61	18
62	19
;
param Q:=100;
param e:
	63	64	65	66	67	68	69	70	71	72	73	74	75	76	77:=
23		0		0		0		1		0		0		0		0		0		0		0		0		0		0		0	
24		0		0		0		0		0		0		1		0		0		0		1		0		1		0		1	
25		0		0		0		0		0		0		0		0		1		1		1		0		0		0		0	
26		0		0		0		0		1		0		0		0		0		0		0		0		0		0		0	
27		0		0		1		0		0		1		0		0		0		0		0		0		0		0		0	
28		0		0		0		0		1		0		0		0		0		1		0		0		0		0		0	
29		0		1		0		0		0		0		0		0		0		0		0		0		0		0		0	
30		1		0		0		0		1		0		0		0		0		0		0		0		0		0		0	
31		1		0		0		0		1		0		0		0		0		0		0		0		0		0		0	
32		0		0		1		0		0		1		0		0		0		0		0		0		0		0		0	
33		0		0		0		0		0		0		1		0		0		0		0		0		0		0		0	
34		1		0		0		0		1		0		0		0		0		0		0		0		0		0		0	
35		0		0		0		0		0		1		0		0		0		0		0		0		0		0		0	
36		0		0		0		1		0		0		0		1		0		0		0		0		0		0		0	
37		0		1		0		0		0		0		0		0		0		0		0		0		0		0		0	
38		0		0		1		0		0		1		0		0		0		0		0		0		0		0		0	
39		0		0		1		0		0		1		0		0		0		0		0		0		0		0		0	
40		1		0		0		0		1		0		0		0		0		1		0		0		0		0		0	
41		0		0		0		0		0		0		1		0		0		0		0		0		1		0		1	
42		0		1		0		0		0		0		1		0		1		0		1		0		1		0		1	
43		0		1		0		0		0		0		0		0		0		0		0		0		0		0		0	
44		0		1		0		0		0		0		1		0		1		0		0		0		1		0		0	
45		0		1		0		0		0		0		0		0		0		0		0		0		0		0		0	
46		0		0		0		0		0		1		1		0		1		0		1		0		1		0		1	
47		0		0		1		0		0		1		1		0		0		0		1		0		0		0		1	
48		1		0		0		0		1		0		0		0		0		0		0		0		0		0		0	
49		1		0		0		1		0		0		0		0		0		0		0		0		0		0		0	
50		0		0		0		0		0		1		1		0		0		0		1		0		1		0		1	
51		0		0		0		0		0		0		1		0		1		0		1		0		1		0		1	
52		0		0		0		0		0		0		0		0		1		0		0		0		0		0		0	
53		0		1		0		0		0		0		0		0		1		0		0		0		0		0		0	
54		0		0		0		0		0		0		0		0		0		1		0		0		0		0		0	
55		0		0		0		1		0		0		0		0		0		0		0		0		0		0		0	
56		0		0		1		0		0		1		1		0		0		0		1		0		0		0		1	
57		0		0		0		0		0		1		1		0		1		0		1		0		1		0		1	
58		0		0		1		0		0		1		0		0		0		0		1		0		0		0		0	
59		0		0		0		1		0		0		0		1		0		0		0		1		0		0		0	
60		0		0		0		1		0		0		0		0		0		0		0		0		0		0		0	
61		0		0		0		0		0		0		0		0		0		1		0		1		0		1		0	
62		0		0		0		0		0		0		0		0		1		1		0		1		0		1		0	
;
param p:=
1	1
2	1
3	1
4	1
5	1
6	1
7	1
8	1
9	1
;
param G:=
63	96
64	95
65	88
66	92
67	98
68	99
69	89
70	88
71	98
72	92
73	100
74	95
75	86
76	72
77	72
;
param s:=
0	0
1	10
2	10
3	10
4	10
5	10
6	10
7	10
8	10
9	10
10	10
11	10
12	10
13	10
14	10
15	10
16	10
17	10
18	10
19	10
20	10
21	10
22	10
43	10
44	10
45	10
46	10
47	10
48	10
49	10
50	10
51	10
52	10
53	10
54	10
55	10
56	10
57	10
58	10
59	10
60	10
61	10
62	10
63	10
64	10
65	10
66	10
67	10
68	10
69	10
70	10
71	10
72	10
73	10
74	10
75	10
76	10
77	10
;
param t:
	0	1	2	3	4	5	6	7	8	9	10	11	12	13	14	15	16	17	18	19	20	21	22	23	24	25	26	27	28	29	30	31	32	33	34	35	36	37	38	39	40	41	42	43	44	45	46	47	48	49	50	51	52	53	54	55	56	57	58	59	60	61	62	63	64	65	66	67	68	69	70	71	72	73	74	75	76	77	78:=
0	0.0	64.03	83.76	26.08	82.46	50.16	39.29	42.52	92.35	54.15	26.68	60.83	80.32	78.0	100.5	86.83	80.0	110.45	99.3	77.82	84.76	78.23	82.39	72.25	75.15	57.69	14.42	92.09	28.64	112.07	10.0	32.25	70.11	84.4	33.53	61.35	62.0	101.82	80.4	86.02	24.41	98.08	92.28	121.66	100.44	90.91	75.89	70.34	8.94	86.58	76.97	80.45	88.81	99.04	32.98	74.0	82.46	83.35	62.51	50.16	91.78	50.99	62.8	26.48	102.18	81.02	69.18	14.87	81.25	91.71	44.15	81.4	41.73	70.26	49.98	87.32	40.31	84.5	0.0
1	64.03	0.0	44.41	43.68	24.08	62.23	27.2	41.23	35.38	11.66	74.0	8.94	83.19	29.12	66.75	52.15	16.12	80.62	80.4	32.56	85.91	95.6	97.65	11.31	73.35	56.04	72.69	108.17	57.27	90.0	54.04	32.06	96.17	67.47	32.98	71.22	2.83	70.46	96.02	104.4	53.14	94.87	80.05	88.29	80.22	56.32	80.62	80.45	56.32	23.41	75.15	66.48	50.64	70.11	63.53	22.8	89.55	73.38	82.07	15.23	30.53	26.91	38.63	38.12	76.03	102.94	5.83	50.09	89.19	84.77	24.19	64.76	44.82	71.2	22.67	76.92	34.13	84.17	64.03
2	83.76	44.41	0.0	57.69	27.86	50.0	48.17	42.05	25.46	52.5	78.59	37.36	53.25	16.12	22.36	8.25	47.07	36.22	38.63	12.0	54.04	71.55	71.69	52.04	43.91	38.05	85.09	80.45	61.35	46.39	75.6	56.64	77.79	29.73	52.35	51.42	46.69	26.08	70.71	78.89	61.74	58.41	41.62	44.27	37.95	12.0	52.84	56.46	79.65	39.4	44.94	31.24	6.32	26.08	63.56	22.0	60.46	38.21	64.03	53.85	34.41	33.94	21.54	60.14	32.25	80.06	41.01	69.4	60.75	48.27	62.17	28.32	44.01	44.78	37.01	40.36	43.6	51.86	83.76
3	26.08	43.68	57.69	0.0	58.31	32.06	16.49	17.2	67.47	36.72	30.46	38.21	62.13	52.5	74.97	60.96	59.67	85.6	76.03	52.0	66.27	65.97	69.43	53.85	54.92	35.44	30.07	80.05	15.62	88.59	18.44	14.14	61.74	60.83	10.77	44.05	42.38	76.58	67.47	74.73	10.0	78.92	70.23	96.54	76.94	65.12	58.03	54.15	22.8	64.12	56.89	57.27	62.8	74.03	22.8	49.03	66.03	61.35	50.0	33.29	68.12	25.3	36.88	9.85	77.67	71.17	47.85	12.04	65.07	71.06	31.89	57.71	17.46	50.49	25.18	65.46	14.32	65.49	26.08
4	82.46	24.08	27.86	58.31	0.0	65.39	43.17	48.66	11.31	35.38	86.21	22.36	77.79	12.81	48.37	36.06	20.0	62.29	66.48	17.2	79.4	94.02	95.02	27.2	67.88	55.57	88.36	104.69	68.26	73.76	72.8	50.6	97.75	56.6	49.03	71.02	26.91	52.61	93.72	102.18	66.0	85.44	68.96	68.12	65.79	39.29	76.42	78.41	75.89	11.66	69.31	57.2	32.98	53.37	72.99	10.77	84.85	64.4	83.35	38.42	10.2	34.06	34.99	56.04	59.67	102.2	18.6	67.68	84.86	75.17	47.63	54.64	51.97	67.36	33.14	67.12	45.0	77.34	82.46
5	50.16	62.23	50.0	32.06	65.39	0.0	40.25	21.63	70.34	60.46	32.8	53.81	30.59	54.41	58.31	48.66	75.6	64.9	50.91	51.42	34.93	34.93	37.95	73.54	25.06	12.17	44.05	48.7	21.54	63.66	47.07	43.68	33.94	37.2	37.95	12.0	62.29	58.14	36.06	43.86	26.68	48.08	42.8	76.55	52.35	51.42	26.31	22.09	51.42	75.18	26.83	32.8	52.35	54.59	18.44	54.63	34.0	34.06	20.0	58.31	75.39	35.38	31.05	41.44	56.04	41.34	63.89	41.44	33.02	41.59	60.54	34.67	18.36	20.12	39.62	37.8	30.02	34.48	50.16
6	39.29	27.2	48.17	16.49	43.17	40.25	0.0	18.97	53.14	21.26	46.82	22.0	67.08	39.45	68.26	53.25	43.17	80.5	74.22	40.0	70.71	75.15	78.0	37.58	58.31	38.47	46.04	88.77	30.53	86.02	29.73	8.49	73.24	59.23	6.0	51.26	26.0	70.71	76.16	84.1	26.0	82.1	70.46	90.55	74.73	57.69	63.56	61.35	33.11	48.0	60.3	56.57	54.04	68.88	37.2	34.93	72.28	62.13	60.03	18.44	52.61	14.42	30.46	13.0	73.54	81.49	31.4	24.52	71.57	73.01	20.62	56.09	21.93	54.74	11.4	66.19	10.44	69.46	39.29
7	42.52	41.23	42.05	17.2	48.66	21.63	18.97	0.0	56.0	38.83	38.05	33.29	48.37	40.05	58.0	44.41	55.57	68.41	59.09	38.47	52.15	56.36	59.09	52.5	40.0	20.0	43.08	69.86	20.1	71.55	35.61	24.0	55.32	43.86	18.0	32.31	41.04	59.46	57.27	65.3	19.7	64.03	53.85	79.4	59.93	48.41	44.72	42.38	40.0	56.92	42.0	40.5	46.65	56.85	24.33	38.21	53.37	45.12	41.62	36.72	58.86	15.23	20.59	23.77	60.46	62.97	43.57	29.21	52.63	55.44	39.56	40.72	3.61	36.12	18.6	49.24	8.54	51.04	42.52
8	92.35	35.38	25.46	67.47	11.31	70.34	53.14	56.0	0.0	46.69	94.02	33.29	78.41	16.12	42.38	32.8	29.12	55.79	62.77	18.97	79.4	96.04	96.52	37.58	68.82	59.46	97.32	105.6	76.03	68.35	82.87	60.93	101.13	55.17	58.82	74.32	38.21	46.82	95.41	103.73	74.43	83.74	66.84	60.13	61.77	34.99	77.67	80.62	86.16	18.11	70.0	56.64	28.84	48.33	80.1	18.44	85.6	63.66	86.93	49.68	10.2	42.43	39.29	66.13	54.63	104.45	29.83	77.49	85.8	73.66	58.9	53.76	59.03	69.12	42.45	65.8	53.6	77.23	92.35
9	54.15	11.66	52.5	36.72	35.38	60.46	21.26	38.83	46.69	0.0	67.08	15.23	84.76	38.47	74.73	59.67	26.31	88.29	86.02	41.23	87.93	95.02	97.53	18.11	75.29	56.46	64.03	108.24	51.61	96.52	44.18	23.41	94.02	72.11	26.08	70.71	8.94	78.1	95.77	103.94	46.65	98.06	84.38	96.77	86.09	64.03	81.71	80.5	46.0	34.93	77.2	70.46	58.82	77.28	58.41	32.25	90.62	76.94	80.45	4.0	42.19	27.2	42.19	29.41	82.87	101.79	17.49	41.0	90.08	88.28	12.53	69.18	42.2	72.45	22.14	80.75	30.61	86.4	54.15
10	26.68	74.0	78.59	30.46	86.21	32.8	46.82	38.05	94.02	67.08	0.0	67.91	59.36	78.1	90.35	79.12	89.84	97.65	83.55	76.42	63.81	53.37	57.72	84.31	56.64	43.91	14.14	66.75	18.0	96.21	30.53	43.91	44.05	70.0	41.23	41.23	72.8	90.55	55.79	60.53	20.88	77.18	74.97	109.29	85.04	82.46	54.92	48.37	33.11	93.38	58.14	65.6	82.22	87.13	15.23	76.03	59.93	66.48	38.63	63.53	96.33	52.15	57.27	38.28	88.81	55.15	77.88	29.0	58.6	72.62	60.8	67.42	35.23	51.66	53.76	70.01	41.44	64.07	26.68
11	60.83	8.94	37.36	38.21	22.36	53.81	22.0	33.29	33.29	15.23	67.91	0.0	74.24	23.32	59.67	44.72	22.36	73.35	72.11	26.0	76.97	86.83	88.81	20.0	64.4	47.2	68.03	99.3	50.6	82.1	50.99	28.64	87.73	58.86	28.0	62.48	10.2	63.15	87.2	95.6	47.07	86.02	71.39	81.61	72.03	49.03	71.69	71.61	53.85	26.0	66.21	57.72	43.68	62.51	56.46	17.2	80.62	64.56	73.54	17.2	31.05	18.44	29.73	34.37	68.26	94.26	10.3	46.27	80.26	75.96	26.25	56.09	36.89	62.27	14.76	68.15	26.93	75.24	60.83
12	80.32	83.19	53.25	62.13	77.79	30.59	67.08	48.37	78.41	84.76	59.36	74.24	0.0	65.05	48.66	47.41	93.23	48.37	30.59	60.83	4.47	20.1	18.97	94.02	10.0	28.64	72.47	27.2	51.92	41.23	77.67	72.25	30.59	25.3	66.27	18.97	84.1	46.17	18.44	26.0	57.27	17.89	20.4	59.23	32.56	47.54	4.47	11.31	82.0	89.2	8.49	22.36	51.88	42.19	47.54	68.12	7.21	16.49	22.8	83.52	86.37	57.58	44.94	71.0	40.05	28.44	83.01	72.01	7.62	14.76	87.66	25.5	46.1	12.37	62.63	17.0	56.72	5.0	80.32
13	78.0	29.12	16.12	52.5	12.81	54.41	39.45	40.05	16.12	38.47	78.1	23.32	65.05	0.0	38.05	24.33	31.05	52.04	54.41	4.47	66.6	81.61	82.46	36.0	55.17	43.86	82.0	92.02	60.13	62.51	68.88	47.71	85.88	43.91	44.72	59.06	31.62	42.0	81.22	89.64	58.86	72.72	56.36	59.23	53.85	28.07	63.78	66.03	72.47	24.41	56.57	44.41	22.0	42.19	64.03	6.32	72.14	51.61	71.55	40.5	21.63	27.2	23.41	52.35	48.37	89.87	25.18	63.16	72.18	62.43	49.41	41.88	43.0	54.82	28.18	54.38	38.33	64.54	78.0
14	100.5	66.75	22.36	74.97	48.37	58.31	68.26	58.0	42.38	74.73	90.35	59.67	48.66	38.05	0.0	15.23	68.26	14.0	22.8	34.23	47.54	68.73	67.47	74.03	42.0	46.52	99.3	74.0	74.89	26.0	93.38	76.55	78.03	24.0	71.61	54.92	69.05	4.47	67.08	74.22	76.84	46.65	30.46	22.36	21.26	10.77	50.16	56.0	97.67	59.23	42.05	28.07	16.12	7.21	75.18	44.18	55.32	32.25	66.27	75.89	52.5	53.85	38.42	79.2	12.81	77.1	63.2	87.0	56.09	38.08	83.93	25.18	58.9	45.18	57.71	32.02	61.85	45.35	100.5
15	86.83	52.15	8.25	60.96	36.06	48.66	53.25	44.41	32.8	59.67	79.12	44.72	47.41	24.33	15.23	0.0	55.32	28.64	30.46	20.1	47.71	66.48	66.21	60.13	38.63	36.5	86.83	74.43	62.61	38.21	79.25	61.61	73.76	22.8	56.85	48.17	54.33	18.44	65.39	73.35	63.81	50.99	34.06	37.58	29.73	4.47	47.54	51.92	83.45	47.54	39.4	25.06	4.47	18.0	63.91	30.07	54.59	31.62	60.53	60.73	42.19	38.83	24.08	64.54	24.08	75.03	49.01	72.92	55.01	41.01	68.71	21.95	45.79	40.26	42.54	33.3	47.38	45.49	86.83
16	80.0	16.12	47.07	59.67	20.0	75.6	43.17	55.57	29.12	26.31	89.84	22.36	93.23	31.05	68.26	55.32	0.0	82.22	85.44	35.44	95.41	107.52	109.12	10.0	83.23	67.88	88.81	119.33	72.8	93.38	70.0	48.17	109.34	74.32	49.03	83.45	18.0	72.44	107.63	116.1	68.96	102.86	86.93	88.09	84.9	58.86	91.21	92.02	72.11	11.66	84.88	74.24	52.61	72.99	78.79	26.0	100.0	81.41	95.02	30.27	20.59	40.5	48.41	54.23	79.25	115.26	12.08	66.19	99.81	92.57	38.33	72.01	59.17	81.84	37.12	84.53	49.24	93.49	80.0
17	110.45	80.62	36.22	85.6	62.29	64.9	80.5	68.41	55.79	88.29	97.65	73.35	48.37	52.04	14.0	28.64	82.22	0.0	18.0	48.17	46.04	68.12	66.0	88.02	44.27	54.04	107.81	70.71	83.55	14.14	104.02	88.59	78.92	27.78	83.35	59.09	82.87	10.2	66.03	72.11	86.28	41.23	28.07	11.66	16.0	24.33	50.99	57.72	108.41	72.99	43.68	32.25	30.07	11.66	82.8	58.14	54.04	33.53	68.96	89.29	65.97	66.21	50.12	90.74	8.94	76.01	77.16	97.62	55.08	35.01	97.08	30.23	68.77	48.47	70.38	31.58	73.25	44.1	110.45
18	99.3	80.4	38.63	76.03	66.48	50.91	74.22	59.09	62.77	86.02	83.55	72.11	30.59	54.41	22.8	30.46	85.44	18.0	0.0	50.0	28.07	50.16	48.0	89.44	27.78	41.62	94.85	52.95	71.22	12.81	94.02	81.61	61.19	15.23	75.89	43.27	82.22	18.87	48.04	54.15	74.89	24.17	10.2	28.64	2.0	27.78	33.53	40.5	98.49	78.0	26.83	18.87	34.0	15.62	69.31	59.67	36.06	17.2	52.0	86.21	72.47	60.83	44.41	82.64	10.77	58.01	78.09	87.71	37.12	17.03	92.91	18.38	58.59	32.45	65.62	14.32	65.46	26.17	99.3
19	77.82	32.56	12.0	52.0	17.2	51.42	40.0	38.47	18.97	41.23	76.42	26.0	60.83	4.47	34.23	20.1	35.44	48.17	50.0	0.0	62.29	77.67	78.41	40.05	50.99	40.5	81.04	87.86	58.55	58.31	68.96	48.41	82.29	39.45	44.94	55.46	34.93	38.05	77.2	85.6	57.72	68.26	51.88	55.79	49.48	24.0	59.67	62.13	72.72	28.84	52.35	40.0	18.11	38.05	62.03	10.0	67.94	47.2	68.03	42.94	25.61	26.83	20.4	52.7	44.18	85.98	29.02	63.06	68.01	57.98	51.62	37.44	41.19	50.8	28.6	49.93	37.7	60.21	77.82
20	84.76	85.91	54.04	66.27	79.4	34.93	70.71	52.15	79.4	87.93	63.81	76.97	4.47	66.6	47.54	47.71	95.41	46.04	28.07	62.29	0.0	22.09	20.1	96.6	12.65	32.25	76.94	26.83	56.32	37.95	82.0	76.11	33.53	25.06	70.11	23.41	86.93	44.72	20.0	26.68	61.61	13.42	18.0	56.57	30.07	47.41	8.94	15.62	86.35	90.91	10.77	22.8	52.15	40.79	52.0	70.0	8.0	16.12	26.91	86.83	87.68	60.73	47.41	75.03	38.05	30.02	85.48	76.3	9.06	11.4	91.24	25.81	50.01	16.03	65.8	15.52	60.41	2.24	84.76
21	78.23	95.6	71.55	65.97	94.02	34.93	75.15	56.36	96.04	95.02	53.37	86.83	20.1	81.61	68.73	66.48	107.52	68.12	50.16	77.67	22.09	0.0	4.47	106.83	27.86	39.7	67.47	14.14	52.35	59.67	78.1	78.43	12.81	45.12	72.8	24.41	96.02	66.27	2.83	8.94	58.55	31.3	40.05	78.64	52.15	67.05	18.97	15.62	82.02	105.0	27.2	41.76	70.94	62.29	46.04	83.74	14.14	36.5	16.12	93.06	103.23	68.82	59.46	75.69	60.0	8.54	96.43	73.44	13.04	33.38	95.46	44.92	53.23	26.93	73.5	37.05	64.85	24.02	78.23
22	82.39	97.65	71.69	69.43	95.02	37.95	78.0	59.09	96.52	97.53	57.72	88.81	18.97	82.46	67.47	66.21	109.12	66.0	48.0	78.41	20.1	4.47	0.0	108.81	27.78	41.62	71.81	10.77	56.14	56.89	82.02	81.61	16.97	44.27	75.89	26.83	98.18	64.78	2.0	7.21	62.29	27.86	38.05	76.24	50.0	66.48	18.87	17.2	86.0	106.15	26.83	41.23	70.68	60.83	50.0	84.9	12.17	35.44	20.0	95.71	104.02	71.02	60.83	79.08	58.14	10.05	98.23	77.23	11.4	31.02	98.43	44.38	56.08	27.66	75.8	35.51	67.62	22.2	82.39
23	72.25	11.31	52.04	53.85	27.2	73.54	37.58	52.5	37.58	18.11	84.31	20.0	94.02	36.0	74.03	60.13	10.0	88.02	89.44	40.05	96.6	106.83	108.81	0.0	84.12	67.2	82.0	119.28	68.0	98.33	62.29	41.23	107.48	77.2	43.08	82.46	11.66	78.0	107.2	115.6	63.56	105.11	89.84	94.76	89.11	64.03	91.59	91.61	64.03	21.26	85.88	76.55	58.0	78.1	74.43	30.07	100.5	83.57	93.38	22.09	30.0	38.21	49.19	47.3	84.21	114.21	11.4	59.03	100.17	94.92	29.27	74.63	56.08	82.15	33.97	86.98	45.22	94.81	72.25
24	75.15	73.35	43.91	54.92	67.88	25.06	58.31	40.0	68.82	75.29	56.64	64.4	10.0	55.17	42.0	38.63	83.23	44.27	27.78	50.99	12.65	27.86	27.78	84.12	0.0	20.0	68.82	36.88	46.52	40.0	71.47	64.0	36.06	18.0	58.0	15.62	74.32	40.2	26.83	34.99	51.26	24.08	18.44	55.71	29.53	39.29	8.94	14.0	75.89	79.25	2.0	14.14	43.08	36.22	43.27	58.14	16.97	10.77	24.74	74.22	76.58	48.08	34.99	63.29	35.44	36.4	73.06	65.52	17.03	16.55	78.77	17.26	38.12	5.0	53.16	13.6	48.09	11.18	75.15
25	57.69	56.04	38.05	35.44	55.57	12.17	38.47	20.0	59.46	56.46	43.91	47.2	28.64	43.86	46.52	36.5	67.88	54.04	41.62	40.5	32.25	39.7	41.62	67.2	20.0	0.0	53.81	52.15	29.73	54.41	52.8	44.0	42.19	26.91	38.0	15.62	56.6	46.65	40.0	48.41	33.29	44.05	34.93	65.6	42.8	39.29	25.3	24.41	57.27	66.03	22.0	22.8	40.2	43.27	28.84	44.94	34.18	26.0	27.78	55.03	65.3	29.53	20.59	43.42	45.34	47.38	56.73	46.62	33.62	35.69	59.03	24.04	18.25	16.28	34.44	30.08	28.16	31.06	57.69
26	14.42	72.69	85.09	30.07	88.36	44.05	46.04	43.08	97.32	64.03	14.14	68.03	72.47	82.0	99.3	86.83	88.81	107.81	94.85	81.04	76.94	67.47	71.81	82.0	68.82	53.81	0.0	80.89	24.41	107.63	21.63	40.79	58.14	80.62	40.05	53.85	71.02	100.0	69.86	74.67	23.41	90.35	86.83	119.33	96.21	90.55	68.0	61.74	22.63	94.02	70.46	76.37	89.44	96.83	25.61	78.92	73.54	78.1	52.5	60.17	98.18	54.92	63.56	34.71	99.16	69.26	77.32	23.09	72.24	85.15	55.54	77.83	41.15	63.82	55.23	81.84	43.74	77.03	14.42
27	92.09	108.17	80.45	80.05	104.69	48.7	88.77	69.86	105.6	108.24	66.75	99.3	27.2	92.02	74.0	74.43	119.33	70.71	52.95	87.86	26.83	14.14	10.77	119.28	36.88	52.15	80.89	0.0	66.48	60.0	92.2	92.35	23.41	51.88	86.65	37.58	108.76	70.88	12.65	6.32	72.69	30.0	43.68	80.1	54.92	74.24	28.28	27.78	96.08	115.97	35.61	49.4	78.89	67.05	60.13	94.76	20.0	42.94	30.27	106.45	113.45	81.63	70.94	89.74	63.56	12.53	108.6	87.57	19.85	36.14	109.2	52.48	66.85	37.54	86.45	42.15	78.39	29.07	92.09
28	28.64	57.27	61.35	15.62	68.26	21.54	30.53	20.1	76.03	51.61	18.0	50.6	51.92	60.13	74.89	62.61	72.8	83.55	71.22	58.55	56.32	52.35	56.14	68.0	46.52	29.73	24.41	66.48	0.0	84.02	26.08	29.73	46.82	56.64	25.61	32.98	56.36	75.6	54.15	60.83	6.32	69.57	63.81	95.02	72.47	66.24	47.54	42.43	30.27	75.71	48.33	52.5	65.39	72.47	7.21	58.03	54.59	54.92	36.22	48.41	78.41	34.23	39.85	25.24	74.97	56.75	60.75	21.1	53.46	63.07	47.51	53.76	17.46	41.63	36.14	58.83	23.77	55.97	28.64
29	112.07	90.0	46.39	88.59	73.76	63.66	86.02	71.55	68.35	96.52	96.21	82.1	41.23	62.51	26.0	38.21	93.38	14.14	12.81	58.31	37.95	59.67	56.89	98.33	40.0	54.41	107.63	60.0	84.02	0.0	106.68	93.64	71.47	27.78	88.02	55.61	92.02	21.54	57.27	62.29	87.66	30.0	21.63	20.4	11.66	34.53	44.72	51.88	111.14	84.9	38.83	31.62	40.79	20.4	82.07	68.26	45.61	29.73	63.53	97.02	78.43	72.28	55.79	94.94	14.14	66.91	87.14	100.34	46.84	26.57	104.14	30.89	71.2	44.82	76.9	26.4	77.62	36.4	112.07
30	10.0	54.04	75.6	18.44	72.8	47.07	29.73	35.61	82.87	44.18	30.53	50.99	77.67	68.88	93.38	79.25	70.0	104.02	94.02	68.96	82.0	78.1	82.02	62.29	71.47	52.8	21.63	92.2	26.08	106.68	0.0	22.36	71.39	78.89	24.17	58.86	52.0	95.02	80.02	86.37	20.4	95.08	87.73	114.98	95.02	83.45	73.35	68.47	4.47	76.66	73.38	75.18	80.92	92.46	32.06	64.62	80.62	78.79	62.03	40.2	82.0	42.19	55.17	16.76	96.02	81.88	59.21	6.4	79.51	87.92	34.48	75.8	35.51	66.76	40.72	82.86	32.02	81.49	10.0
31	32.25	32.06	56.64	14.14	50.6	43.68	8.49	24.0	60.93	23.41	43.91	28.64	72.25	47.71	76.55	61.61	48.17	88.59	81.61	48.41	76.11	78.43	81.61	41.23	64.0	44.0	40.79	92.35	29.73	93.64	22.36	0.0	75.18	66.48	6.0	55.32	30.27	78.89	79.7	87.32	24.08	88.02	77.28	98.79	82.22	66.03	68.47	65.51	25.3	54.33	66.0	63.56	62.48	76.94	36.88	42.94	76.94	68.73	62.77	19.7	59.67	22.8	38.47	6.08	81.44	84.17	37.01	18.03	76.12	79.31	17.8	63.32	26.17	60.07	19.85	72.84	16.28	75.03	32.25
32	70.11	96.17	77.79	61.74	97.75	33.94	73.24	55.32	101.13	94.02	44.05	87.73	30.59	85.88	78.03	73.76	109.34	78.92	61.19	82.29	33.53	12.81	16.97	107.48	36.06	42.19	58.14	23.41	46.82	71.47	71.39	75.18	0.0	54.04	69.97	26.83	96.21	76.03	15.62	17.09	53.14	43.91	50.99	89.82	63.15	74.97	28.07	22.09	74.97	108.17	36.0	50.16	78.1	72.03	39.85	87.13	26.0	46.04	14.42	91.61	107.42	69.31	62.77	71.59	70.46	11.18	97.74	67.45	24.7	44.92	92.78	53.24	51.86	33.54	73.55	47.38	63.41	35.17	70.11
33	84.4	67.47	29.73	60.83	56.6	37.2	59.23	43.86	55.17	72.11	70.0	58.86	25.3	43.91	24.0	22.8	74.32	27.78	15.23	39.45	25.06	45.12	44.27	77.2	18.0	26.91	80.62	51.88	56.64	27.78	78.89	66.48	54.04	0.0	60.73	31.62	69.05	22.36	43.68	51.26	60.0	28.84	12.65	39.45	16.12	22.36	26.31	32.0	83.35	68.26	18.11	4.47	27.2	18.44	55.32	48.33	32.31	8.94	42.43	72.0	64.03	46.17	30.0	67.42	18.87	53.6	65.8	72.56	32.89	18.6	78.31	3.16	43.42	21.38	51.09	10.63	50.29	22.83	84.4
34	33.53	32.98	52.35	10.77	49.03	37.95	6.0	18.0	58.82	26.08	41.23	28.0	66.27	44.72	71.61	56.85	49.03	83.35	75.89	44.94	70.11	72.8	75.89	43.08	58.0	38.0	40.05	86.65	25.61	88.02	24.17	6.0	69.97	60.73	0.0	49.48	31.62	73.78	74.0	81.71	20.59	82.02	71.39	93.74	76.55	61.22	62.51	59.67	27.78	54.0	60.0	57.72	58.0	71.69	32.56	40.5	71.02	62.8	57.27	22.8	58.55	18.44	33.29	7.81	76.03	78.72	37.34	18.68	70.21	73.33	22.83	57.57	20.22	54.08	16.55	66.91	10.44	69.03	33.53
35	61.35	71.22	51.42	44.05	71.02	12.0	51.26	32.31	74.32	70.71	41.23	62.48	18.97	59.06	54.92	48.17	83.45	59.09	43.27	55.46	23.41	24.41	26.83	82.46	15.62	15.62	53.85	37.58	32.98	55.61	58.86	55.32	26.83	31.62	49.48	0.0	71.61	53.85	25.06	33.29	38.47	36.77	34.06	70.68	44.94	50.0	14.56	10.2	63.15	81.61	16.97	27.2	52.35	50.0	28.64	60.46	22.0	26.08	12.65	68.88	80.62	44.41	36.06	53.34	50.16	31.83	72.18	53.34	21.02	31.4	71.78	29.83	29.41	10.82	49.09	29.21	40.85	23.26	61.35
36	62.0	2.83	46.69	42.38	26.91	62.29	26.0	41.04	38.21	8.94	72.8	10.2	84.1	31.62	69.05	54.33	18.0	82.87	82.22	34.93	86.93	96.02	98.18	11.66	74.32	56.6	71.02	108.76	56.36	92.02	52.0	30.27	96.21	69.05	31.62	71.61	0.0	72.69	96.52	104.86	52.0	96.17	81.58	90.71	82.1	58.55	81.41	80.99	54.15	26.0	76.16	67.91	52.95	72.25	62.77	25.3	90.35	74.73	82.22	12.65	33.29	27.2	39.85	36.35	78.1	103.23	8.6	48.26	89.94	86.13	21.47	66.29	44.6	72.01	22.67	78.34	33.6	85.23	62.0
37	101.82	70.46	26.08	76.58	52.61	58.14	70.71	59.46	46.82	78.1	90.55	63.15	46.17	42.0	4.47	18.44	72.44	10.2	18.87	38.05	44.72	66.27	64.78	78.0	40.2	46.65	100.0	70.88	75.6	21.54	95.02	78.89	76.03	22.36	73.78	53.85	72.69	0.0	64.5	71.39	77.9	42.94	27.2	20.0	17.2	14.14	48.0	54.15	99.36	63.56	40.05	26.68	20.0	4.0	75.47	48.04	52.61	30.0	64.78	79.12	56.92	56.36	40.5	81.27	8.49	74.55	67.07	88.62	53.46	34.79	86.98	24.04	60.11	43.74	60.42	29.27	63.82	42.58	101.82
38	80.4	96.02	70.71	67.47	93.72	36.06	76.16	57.27	95.41	95.77	55.79	87.2	18.44	81.22	67.08	65.39	107.63	66.03	48.04	77.2	20.0	2.83	2.0	107.2	26.83	40.0	69.86	12.65	54.15	57.27	80.02	79.7	15.62	43.68	74.0	25.06	96.52	64.5	0.0	8.49	60.3	28.64	38.0	76.42	50.04	65.79	17.89	15.62	84.0	104.8	26.0	40.5	69.86	60.53	48.0	83.55	12.0	34.93	18.0	93.91	102.8	69.34	59.4	77.13	58.03	10.05	96.67	75.24	11.05	31.14	96.57	43.66	54.23	26.4	74.09	35.23	65.8	22.02	80.4
39	86.02	104.4	78.89	74.73	102.18	43.86	84.1	65.3	103.73	103.94	60.53	95.6	26.0	89.64	74.22	73.35	116.1	72.11	54.15	85.6	26.68	8.94	7.21	115.6	34.99	48.41	74.67	6.32	60.83	62.29	86.37	87.32	17.09	51.26	81.71	33.29	104.86	71.39	8.49	0.0	67.08	32.56	44.41	82.02	56.14	73.54	26.08	24.08	90.2	113.28	34.0	48.33	77.82	67.47	54.33	92.02	18.97	42.38	24.74	102.0	111.21	77.67	67.88	84.48	64.5	6.4	105.12	81.88	18.38	37.12	104.39	51.48	62.17	34.83	82.38	42.2	73.79	28.86	86.02
40	24.41	53.14	61.74	10.0	66.0	26.68	26.0	19.7	74.43	46.65	20.88	47.07	57.27	58.86	76.84	63.81	68.96	86.28	74.89	57.72	61.61	58.55	62.29	63.56	51.26	33.29	23.41	72.69	6.32	87.66	20.4	24.08	53.14	60.0	20.59	38.47	52.0	77.9	60.3	67.08	0.0	74.73	68.0	97.59	76.03	67.68	52.95	48.17	24.74	72.69	53.14	56.04	66.24	74.97	13.42	56.14	60.3	59.06	42.43	43.27	76.03	32.06	40.25	19.21	77.9	63.06	57.01	15.0	59.21	67.78	41.73	57.01	18.03	46.49	33.14	63.06	21.0	61.13	24.41
41	98.08	94.87	58.41	78.92	85.44	48.08	82.1	64.03	83.74	98.06	77.18	86.02	17.89	72.72	46.65	50.99	102.86	41.23	24.17	68.26	13.42	31.3	27.86	105.11	24.08	44.05	90.35	30.0	69.57	30.0	95.08	88.02	43.91	28.84	82.02	36.77	96.17	42.94	28.64	32.56	74.73	0.0	16.97	50.16	26.0	49.52	22.36	28.84	99.46	97.1	22.09	28.64	55.17	39.45	65.39	76.94	18.44	21.54	39.7	97.32	92.8	71.02	56.32	87.37	34.93	37.64	93.78	89.27	19.85	10.3	102.4	30.89	62.2	28.44	76.12	18.36	72.01	13.6	98.08
42	92.28	80.05	41.62	70.23	68.96	42.8	70.46	53.85	66.84	84.38	74.97	71.39	20.4	56.36	30.46	34.06	86.93	28.07	10.2	51.88	18.0	40.05	38.05	89.84	18.44	34.93	86.83	43.68	63.81	21.63	87.73	77.28	50.99	12.65	71.39	34.06	81.58	27.2	38.0	44.41	68.0	16.97	0.0	38.83	12.17	32.56	23.41	30.46	92.2	80.62	17.2	14.0	38.21	23.41	61.22	60.93	26.0	8.94	42.05	84.1	76.03	58.0	42.19	77.62	20.1	48.01	78.45	81.54	27.02	7.62	90.05	15.3	52.81	23.35	63.01	5.0	61.0	16.03	92.28
43	121.66	88.29	44.27	96.54	68.12	76.55	90.55	79.4	60.13	96.77	109.29	81.61	59.23	59.23	22.36	37.58	88.09	11.66	28.64	55.79	56.57	78.64	76.24	94.76	55.71	65.6	119.33	80.1	95.02	20.4	114.98	98.79	89.82	39.45	93.74	70.68	90.71	20.0	76.42	82.02	97.59	50.16	38.83	0.0	26.68	33.11	62.1	68.96	119.33	78.03	55.03	43.91	37.95	22.63	94.4	65.51	64.5	44.94	80.32	98.08	70.26	76.16	60.46	101.26	20.59	86.28	84.34	108.58	65.62	45.28	106.23	41.88	79.93	60.01	80.06	42.72	83.82	54.74	121.66
44	100.44	80.22	37.95	76.94	65.79	52.35	74.73	59.93	61.77	86.09	85.04	72.03	32.56	53.85	21.26	29.73	84.9	16.0	2.0	49.48	30.07	52.15	50.0	89.11	29.53	42.8	96.21	54.92	72.47	11.66	95.02	82.22	63.15	16.12	76.55	44.94	82.1	17.2	50.04	56.14	76.03	26.0	12.17	26.68	0.0	26.83	35.44	42.38	99.48	77.25	28.64	20.0	33.11	14.14	70.71	59.23	38.05	18.87	53.85	86.37	71.55	61.19	44.72	83.38	8.94	60.01	77.78	88.68	39.12	19.03	93.21	19.24	59.54	34.13	65.92	16.16	66.13	28.16	100.44
45	90.91	56.32	12.0	65.12	39.29	51.42	57.69	48.41	34.99	64.03	82.46	49.03	47.54	28.07	10.77	4.47	58.86	24.33	27.78	24.0	47.41	67.05	66.48	64.03	39.29	39.29	90.55	74.24	66.24	34.53	83.45	66.03	74.97	22.36	61.22	50.0	58.55	14.14	65.79	73.54	67.68	49.52	32.56	33.11	26.83	0.0	48.08	52.95	87.68	50.6	39.85	25.3	6.32	14.14	67.23	34.0	54.63	31.3	62.13	65.15	44.72	43.27	28.28	68.88	20.4	75.58	53.01	77.1	55.15	39.82	73.16	22.14	49.65	41.44	47.01	32.45	51.66	45.18	90.91
46	75.89	80.62	52.84	58.03	76.42	26.31	63.56	44.72	77.67	81.71	54.92	71.69	4.47	63.78	50.16	47.54	91.21	50.99	33.53	59.67	8.94	18.97	18.87	91.59	8.94	25.3	68.0	28.28	47.54	44.72	73.35	68.47	28.07	26.31	62.51	14.56	81.41	48.0	17.89	26.08	52.95	22.36	23.41	62.1	35.44	48.08	0.0	7.21	77.67	87.68	8.25	22.8	52.0	44.0	43.08	66.48	8.94	18.0	18.87	80.32	85.28	54.63	42.8	67.03	42.43	27.51	80.71	67.74	8.6	18.6	84.17	25.96	42.3	9.43	59.62	19.42	53.15	9.22	75.89
47	70.34	80.45	56.46	54.15	78.41	22.09	61.35	42.38	80.62	80.5	48.37	71.61	11.31	66.03	56.0	51.92	92.02	57.72	40.5	62.13	15.62	15.62	17.2	91.61	14.0	24.41	61.74	27.78	42.43	51.88	68.47	65.51	22.09	32.0	59.67	10.2	80.99	54.15	15.62	24.08	48.17	28.84	30.46	68.96	42.38	52.95	7.21	0.0	72.69	89.38	14.14	28.07	56.32	50.16	37.36	68.12	12.17	24.33	11.66	78.79	87.66	53.85	43.86	63.51	49.03	23.85	81.06	63.13	11.05	25.81	81.91	31.14	39.56	11.7	58.67	26.25	50.92	16.28	70.34
48	8.94	56.32	79.65	22.8	75.89	51.42	33.11	40.0	86.16	46.0	33.11	53.85	82.0	72.47	97.67	83.45	72.11	108.41	98.49	72.72	86.35	82.02	86.0	64.03	75.89	57.27	22.63	96.08	30.27	111.14	4.47	25.3	74.97	83.35	27.78	63.15	54.15	99.36	84.0	90.2	24.74	99.46	92.2	119.33	99.48	87.68	77.67	72.69	0.0	79.25	77.79	79.65	85.04	96.83	36.0	68.03	84.85	83.26	66.0	42.0	84.9	46.04	59.4	20.12	100.44	85.59	61.66	10.82	83.73	92.36	35.51	80.26	39.96	71.17	44.29	87.32	36.12	85.87	8.94
49	86.58	23.41	39.4	64.12	11.66	75.18	48.0	56.92	18.11	34.93	93.38	26.0	89.2	24.41	59.23	47.54	11.66	72.99	78.0	28.84	90.91	105.0	106.15	21.26	79.25	66.03	94.02	115.97	75.71	84.9	76.66	54.33	108.17	68.26	54.0	81.61	26.0	63.56	104.8	113.28	72.69	97.1	80.62	78.03	77.25	50.6	87.68	89.38	79.25	0.0	80.72	68.82	44.27	64.56	81.04	21.26	96.21	76.03	93.74	38.63	8.94	41.76	45.61	60.21	70.88	113.07	17.72	72.17	96.18	86.82	47.42	66.29	60.41	78.52	39.62	78.77	51.97	88.87	86.58
50	76.97	75.15	44.94	56.89	69.31	26.83	60.3	42.0	70.0	77.2	58.14	66.21	8.49	56.57	42.05	39.4	84.88	43.68	26.83	52.35	10.77	27.2	26.83	85.88	2.0	22.0	70.46	35.61	48.33	38.83	73.38	66.0	36.0	18.11	60.0	16.97	76.16	40.05	26.0	34.0	53.14	22.09	17.2	55.03	28.64	39.85	8.25	14.14	77.79	80.72	0.0	14.56	43.86	36.06	44.94	59.67	15.62	10.2	25.3	76.16	77.9	50.0	36.72	65.28	34.93	35.74	74.79	67.45	15.81	14.76	80.75	17.72	40.11	6.71	55.08	12.53	50.09	9.22	76.97
51	80.45	66.48	31.24	57.27	57.2	32.8	56.57	40.5	56.64	70.46	65.6	57.72	22.36	44.41	28.07	25.06	74.24	32.25	18.87	40.0	22.8	41.76	41.23	76.55	14.14	22.8	76.37	49.4	52.5	31.62	75.18	63.56	50.16	4.47	57.72	27.2	67.91	26.68	40.5	48.33	56.04	28.64	14.0	43.91	20.0	25.3	22.8	28.07	79.65	68.82	14.56	0.0	29.53	22.8	50.99	48.37	29.53	7.21	38.21	70.11	65.12	44.0	28.28	64.2	23.32	50.29	65.19	68.88	29.97	18.38	76.06	3.16	39.81	17.12	49.01	10.44	47.3	20.62	80.45
52	88.81	50.64	6.32	62.8	32.98	52.35	54.04	46.65	28.84	58.82	82.22	43.68	51.88	22.0	16.12	4.47	52.61	30.07	34.0	18.11	52.15	70.94	70.68	58.0	43.08	40.2	89.44	78.89	65.39	40.79	80.92	62.48	78.1	27.2	58.0	52.35	52.95	20.0	69.86	77.82	66.24	55.17	38.21	37.95	33.11	6.32	52.0	56.32	85.04	44.27	43.86	29.53	0.0	20.4	67.05	28.07	59.06	36.06	64.78	60.17	38.47	39.7	26.08	65.76	26.68	79.48	47.1	74.65	59.48	45.28	68.45	26.42	48.3	44.64	43.01	37.64	48.92	49.93	88.81
53	99.04	70.11	26.08	74.03	53.37	54.59	68.88	56.85	48.33	77.28	87.13	62.51	42.19	42.19	7.21	18.0	72.99	11.66	15.62	38.05	40.79	62.29	60.83	78.1	36.22	43.27	96.83	67.05	72.47	20.4	92.46	76.94	72.03	18.44	71.69	50.0	72.25	4.0	60.53	67.47	74.97	39.45	23.41	22.63	14.14	14.14	44.0	50.16	96.83	64.56	36.06	22.8	20.4	0.0	72.11	48.04	48.66	26.0	60.83	78.1	58.31	54.63	38.47	79.08	6.32	70.58	67.01	86.05	49.5	31.02	85.73	20.25	57.31	39.81	58.87	25.32	61.59	38.64	99.04
54	32.98	63.53	63.56	22.8	72.99	18.44	37.2	24.33	80.1	58.41	15.23	56.46	47.54	64.03	75.18	63.91	78.79	82.8	69.31	62.03	52.0	46.04	50.0	74.43	43.27	28.84	25.61	60.13	7.21	82.07	32.06	36.88	39.85	55.32	32.56	28.64	62.77	75.47	48.0	54.33	13.42	65.39	61.22	94.4	70.71	67.23	43.08	37.36	36.0	81.04	44.94	50.99	67.05	72.11	0.0	62.51	49.48	52.5	30.0	55.32	83.19	39.29	42.43	32.45	74.03	50.01	66.71	27.66	48.27	59.68	54.67	52.63	21.1	38.28	41.79	56.22	29.55	51.89	32.98
55	74.0	22.8	22.0	49.03	10.77	54.63	34.93	38.21	18.44	32.25	76.03	17.2	68.12	6.32	44.18	30.07	26.0	58.14	59.67	10.0	70.0	83.74	84.9	30.07	58.14	44.94	78.92	94.76	58.03	68.26	64.62	42.94	87.13	48.33	40.5	60.46	25.3	48.04	83.55	92.02	56.14	76.94	60.93	65.51	59.23	34.0	66.48	68.12	68.03	21.26	59.67	48.37	28.07	48.04	62.51	0.0	75.07	55.57	72.72	34.41	20.88	24.08	24.41	47.93	54.15	91.83	19.03	59.14	75.01	66.65	43.42	46.07	41.44	57.28	24.04	58.59	35.23	68.01	74.0
56	82.46	89.55	60.46	66.03	84.85	34.0	72.28	53.37	85.6	90.62	59.93	80.62	7.21	72.14	55.32	54.59	100.0	54.04	36.06	67.94	8.0	14.14	12.17	100.5	16.97	34.18	73.54	20.0	54.59	45.61	80.62	76.94	26.0	32.31	71.02	22.0	90.35	52.61	12.0	18.97	60.3	18.44	26.0	64.5	38.05	54.63	8.94	12.17	84.85	96.21	15.62	29.53	59.06	48.66	49.48	75.07	0.0	23.41	21.63	89.2	93.51	63.56	51.61	75.24	46.04	22.02	89.59	75.24	1.41	19.24	92.89	32.65	50.8	18.36	68.54	23.35	61.85	10.05	82.46
