set K:= 1	2;
set C_H:= 1	2;
set C_S:= 3	4;
set C_F:= 5	6;
set M:= 7	8	9	10	11	12;
set L_B:= 13	14;
set A1:=
(0,*) 1 2 5 6 7 8 9 10 11 12 13 14 15
(1,*) 0 2 5 6 7 8 9 10 11 12 13 14 15
(2,*) 0 1 5 6 7 8 9 10 11 12 13 14 15
(5,*) 0 1 2 6 7 8 9 10 11 12 13 14 15
(6,*) 0 1 2 5 7 8 9 10 11 12 13 14 15
(7,*) 0 1 2 5 6 8 9 10 11 12 13 14 15
(8,*) 0 1 2 5 6 7 9 10 11 12 13 14 15
(9,*) 0 1 2 5 6 7 8 10 11 12 13 14 15
(10,*) 0 1 2 5 6 7 8 9 11 12 13 14 15
(11,*) 0 1 2 5 6 7 8 9 10 12 13 14 15
(12,*) 0 1 2 5 6 7 8 9 10 11 13 14 15
(13,*) 0 1 2 5 6 7 8 9 10 11 12 14 15
(14,*) 0 1 2 5 6 7 8 9 10 11 12 13 15
(15,*) 0 1 2 5 6 7 8 9 10 11 12 13 14
;
set A2:=
(7,*) 8
(8,*) 7
(9,*) 10
(10,*) 9
(11,*) 12
(12,*) 11
;
param BigM:=99999;
param n:= 2;
param d:=
1	12
2	15
3	1
4	2
5	24
6	2
;
param Q:=100;
param w:=
[7,*] 8 2
[8,*] 7 2
[9,*] 10 2
[10,*] 9 2
[11,*] 12 2
[12,*] 11 2
;
param V:=
[7,*] 8 77
[8,*] 7 77
[9,*] 10 97
[10,*] 9 97
[11,*] 12 75
[12,*] 11 75
;
param e:
	7	8	9	10	11	12	13	14:=
3		0		1		0		0		0		0		0		0	
4		0		0		0		1		0		0		0		0	
5		1		0		0		0		0		0		0		0	
6		0		0		0		0		1		0		0		0	
;
param p:=
1	1
2	1
;
param G:=
7	74
8	77
9	97
10	96
11	75
12	72
13	76
14	72
;
param s:=
0	0
1	10
2	10
5	10
6	10
7	10
8	10
9	10
10	10
11	10
12	10
13	10
14	10
;
param t:
	0	1	2	3	4	5	6	7	8	9	10	11	12	13	14	15:=
0	0.0	51.88	84.86	76.84	62.29	25.24	21.1	20.81	83.49	64.94	61.19	13.0	62.8	45.22	58.41	0.0
1	51.88	0.0	38.08	39.05	55.17	32.14	33.3	58.42	36.25	39.36	68.26	61.03	21.26	23.85	12.0	51.88
2	84.86	38.08	0.0	17.46	55.08	60.44	69.63	84.22	2.0	70.06	73.01	90.8	49.01	41.34	27.46	84.86
3	76.84	39.05	17.46	0.0	38.01	51.61	65.19	72.47	18.03	76.66	56.08	80.62	55.97	31.62	27.07	76.84
4	62.29	55.17	55.08	38.01	0.0	41.77	61.85	48.47	55.23	93.24	18.11	59.77	76.42	32.02	47.71	62.29
5	25.24	32.14	60.44	51.61	41.77	0.0	20.25	26.31	59.2	59.36	46.87	30.53	49.24	20.0	35.34	25.24
6	21.1	33.3	69.63	65.19	61.85	20.25	0.0	36.25	68.01	44.92	66.73	33.14	41.77	35.36	42.2	21.1
7	20.81	58.42	84.22	72.47	48.47	26.31	36.25	0.0	83.24	80.99	43.0	12.0	74.33	42.94	61.03	20.81
8	83.49	36.25	2.0	18.03	55.23	59.2	68.01	83.24	0.0	68.07	73.06	89.63	47.01	40.31	25.81	83.49
9	64.94	39.36	70.06	76.66	93.24	59.36	44.92	80.99	68.07	0.0	104.0	77.67	21.1	61.22	50.33	64.94
10	61.19	68.26	73.01	56.08	18.11	46.87	66.73	43.0	73.06	104.0	0.0	55.0	89.31	44.42	62.77	61.19
11	13.0	61.03	90.8	80.62	59.77	30.53	33.14	12.0	89.63	77.67	55.0	0.0	74.17	49.68	65.76	13.0
12	62.8	21.26	49.01	55.97	76.42	49.24	41.77	74.33	47.01	21.1	89.31	74.17	0.0	45.0	30.53	62.8
13	45.22	23.85	41.34	31.62	32.02	20.0	35.36	42.94	40.31	61.22	44.42	49.68	45.0	0.0	20.02	45.22
14	58.41	12.0	27.46	27.07	47.71	35.34	42.2	61.03	25.81	50.33	62.77	65.76	30.53	20.02	0.0	58.41
;
