vehicles
vehicle_idx, capacity, cost_per_unit_distance
1,100,1
2,100,1
3,100,1
4,100,1
5,100,1
6,100,1
7,100,1
8,100,1
depot
node_idx,x,y
0,2,48
home delivery customers
node_idx,x,y,service_time,demand
1,64,71,15,26
2,53,55,15,7
3,38,10,15,11
4,73,68,15,9
5,38,62,15,1
6,94,4,15,4
7,50,70,15,3
8,94,73,15,1
9,23,96,15,2
10,73,22,15,11
11,61,46,15,2
12,38,9,15,9
13,90,15,15,20
14,8,74,15,19
15,13,87,15,18
16,56,84,15,21
17,30,53,15,24
18,85,2,15,12
19,26,55,15,2
20,72,75,15,2
21,71,21,15,2
22,33,49,15,23
23,51,2,15,16
24,70,22,15,21
25,26,17,15,7
self pickup customers
node_idx,x,y,service_time,demand,locker_idxs
26,33,83,15,18,65
27,7,40,15,4,62
28,7,1,15,9,62
29,4,24,15,16,62
30,82,56,15,7,63
31,30,56,15,6,67
32,14,41,15,7,62
33,68,52,15,6,66
34,92,96,15,12,63
35,4,48,15,2,67-62
36,52,72,15,14,67-63
37,84,97,15,16,63
38,73,87,15,23,63-66
39,28,93,15,10,65-67
40,55,94,15,9,63-67
41,85,49,15,19,64-66
42,0,30,15,16,62
43,93,7,15,26,64
flexible customers
node_idx,x,y,service_time,demand,locker_idxs
44,77,89,15,16,63
45,96,61,15,8,66-63
46,42,53,15,2,67-66
47,5,49,15,22,62-67
48,1,85,15,23,65-67
49,35,69,15,20,65-67
50,96,88,15,12,63
51,74,94,15,22,63
52,24,10,15,14,62
53,58,41,15,2,66-64
54,93,41,15,18,64-66
55,34,68,15,4,65-67
56,35,20,15,26,62
57,96,79,15,3,63-66
58,21,1,15,16,62
59,68,99,15,24,63
60,12,71,15,6,65-67
61,54,53,15,2,66-67
lockers
node_idx,x,y,service_time,capacity,cost_per_unit_good
62,7.200000000000001,8.350000000000001,30,439,100
63,80.64000000000001,91.65,30,439,100
64,80.64000000000001,8.350000000000001,30,439,100
65,7.200000000000001,91.65,30,439,100
66,76,47,15,109,100
67,23,79,15,109,100
mrt lines
start_node_idx,end_node_idx,freight_capacity,cost_per_unit_good
62,63,439,5
63,62,439,5
64,65,439,5
65,64,439,5
distance matrix
,0,1,2,3,4,5,6,7,8,9,10,11,12,13,14,15,16,17,18,19,20,21,22,23,24,25,26,27,28,29,30,31,32,33,34,35,36,37,38,39,40,41,42,43,44,45,46,47,48,49,50,51,52,53,54,55,56,57,58,59,60,61,62,63,64,65,66,67,
0,0.0,66.13,51.48,52.35,73.76,38.63,101.98,52.8,95.34,52.39,75.61,59.03,53.08,93.98,26.68,40.52,64.9,28.44,94.89,25.0,75.03,74.09,31.02,67.21,72.8,39.2,46.75,9.43,47.27,24.08,80.4,29.12,13.89,66.12,102.0,2.0,55.46,95.52,81.01,51.97,70.18,83.01,18.11,99.81,85.48,94.89,40.31,3.16,37.01,39.12,102.16,85.44,43.91,56.44,91.27,37.74,43.28,98.98,50.7,83.41,25.08,52.24,39.99,89.94,88.07,43.96,74.01,37.44
1,66.13,0.0,19.42,66.31,9.49,27.51,73.41,14.04,30.07,48.02,49.82,25.18,67.23,61.74,56.08,53.45,15.26,38.47,72.12,41.23,8.94,50.49,38.01,70.21,49.37,66.03,33.24,64.88,90.27,76.22,23.43,37.16,58.31,19.42,37.54,64.26,12.04,32.8,18.36,42.19,24.7,30.41,76.01,70.26,22.2,33.53,28.43,62.97,64.54,29.07,36.24,25.08,72.95,30.59,41.73,30.15,58.67,32.98,82.15,28.28,52.0,20.59,84.57,26.52,64.82,60.44,26.83,41.77
2,51.48,19.42,0.0,47.43,23.85,16.55,65.44,15.3,44.78,50.8,38.59,12.04,48.38,54.49,48.85,51.22,29.15,23.09,61.91,27.0,27.59,38.47,20.88,53.04,37.12,46.62,34.41,48.38,70.94,57.98,29.02,23.02,41.44,15.3,56.59,49.5,17.03,52.2,37.74,45.49,39.05,32.56,58.6,62.48,41.62,43.42,11.18,48.37,60.03,22.8,54.2,44.29,53.54,14.87,42.38,23.02,39.36,49.24,62.77,46.49,44.01,2.24,65.37,45.9,54.22,58.66,24.35,38.42
3,52.35,66.31,47.43,0.0,67.74,52.0,56.32,61.19,84.29,87.3,37.0,42.72,1.0,52.24,70.68,80.96,76.16,43.74,47.68,46.57,73.36,34.79,39.32,15.26,34.18,13.89,73.17,43.14,32.28,36.77,63.66,46.69,39.2,51.61,101.55,50.99,63.56,98.41,84.58,83.6,85.7,61.07,42.94,55.08,88.1,77.23,43.19,51.09,83.63,59.08,97.2,91.39,14.0,36.89,63.13,58.14,10.44,90.14,19.24,93.92,66.31,45.88,30.84,92.11,42.67,87.27,53.04,70.61
4,73.76,9.49,23.85,67.74,0.0,35.51,67.36,23.09,21.59,57.31,46.0,25.06,68.6,55.66,65.28,62.94,23.35,45.54,67.08,48.76,7.07,47.04,44.28,69.57,46.1,69.35,42.72,71.69,94.05,81.84,15.0,44.64,64.88,16.76,33.84,71.84,21.38,31.02,19.0,51.48,31.62,22.47,82.3,64.2,21.38,24.04,34.44,70.6,73.98,38.01,30.48,26.02,75.93,30.89,33.6,39.0,61.22,25.5,84.81,31.4,61.07,24.21,88.81,24.85,60.14,69.92,21.21,51.2
5,38.63,27.51,16.55,52.0,35.51,0.0,80.62,14.42,57.07,37.16,53.15,28.02,53.0,70.09,32.31,35.36,28.43,12.04,76.22,13.89,36.4,52.63,13.93,61.39,51.22,46.57,21.59,38.01,68.43,50.99,44.41,10.0,31.89,31.62,63.81,36.77,17.2,57.8,43.01,32.57,36.24,48.76,49.68,77.78,47.43,58.01,9.85,35.47,43.57,7.62,63.56,48.17,53.85,29.0,58.87,7.21,42.11,60.44,63.32,47.63,27.51,18.36,61.86,51.94,68.53,42.75,40.85,22.67
6,101.98,73.41,65.44,56.32,67.36,80.62,0.0,79.32,69.0,116.21,27.66,53.41,56.22,11.7,110.89,115.97,88.57,80.6,9.22,85.0,74.33,28.6,75.8,43.05,30.0,69.23,99.81,94.15,87.05,92.2,53.37,82.46,88.14,54.59,92.02,100.18,79.92,93.54,85.62,110.8,98.09,45.89,97.53,3.16,86.68,57.04,71.45,99.73,123.33,87.78,84.02,92.2,70.26,51.62,37.01,87.73,61.13,75.03,73.06,98.49,105.89,63.25,86.91,88.66,14.05,123.36,46.62,103.28
7,52.8,14.04,15.3,61.19,23.09,14.42,79.32,0.0,44.1,37.48,53.23,26.4,62.17,68.01,42.19,40.72,15.23,26.25,76.48,28.3,22.56,53.31,27.02,68.01,52.0,58.18,21.4,52.43,81.3,65.05,34.93,24.41,46.23,25.46,49.4,50.99,2.83,43.42,28.6,31.83,24.52,40.82,64.03,76.28,33.02,46.87,18.79,49.66,51.24,15.03,49.4,33.94,65.39,30.08,51.87,16.12,52.2,46.87,74.85,34.13,38.01,17.46,75.05,37.52,68.84,47.96,34.71,28.46
8,95.34,30.07,44.78,84.29,21.59,57.07,69.0,44.1,0.0,74.63,55.15,42.64,85.04,58.14,86.01,82.2,39.56,67.05,71.57,70.34,22.09,56.86,65.55,83.01,56.36,88.09,61.81,93.05,112.93,102.47,20.81,66.22,86.16,33.42,23.09,93.41,42.01,26.0,25.24,68.96,44.29,25.63,103.37,66.01,23.35,12.17,55.71,92.18,93.77,59.14,15.13,29.0,94.18,48.17,32.02,60.21,79.31,6.32,102.53,36.77,82.02,44.72,108.23,22.94,66.02,88.78,31.62,71.25
9,52.39,48.02,50.8,87.3,57.31,37.16,116.21,37.48,74.63,0.0,89.31,62.8,88.28,105.12,26.63,13.45,35.11,43.57,112.61,41.11,53.31,89.04,48.05,98.08,87.66,79.06,16.4,58.24,96.34,74.46,71.28,40.61,55.73,62.94,69.0,51.62,37.64,61.01,50.8,5.83,32.06,77.8,69.89,113.23,54.45,80.96,47.01,50.33,24.6,29.55,73.44,51.04,86.01,65.19,89.02,30.08,76.94,74.95,95.02,45.1,27.31,53.01,89.06,57.8,104.9,16.39,72.18,17.0
10,75.61,49.82,38.59,37.0,46.0,53.15,27.66,53.23,55.15,89.31,0.0,26.83,37.34,18.38,83.24,88.46,64.29,53.01,23.32,57.43,53.01,2.24,48.26,29.73,3.0,47.27,72.95,68.41,69.26,69.03,35.17,54.82,61.98,30.41,76.4,73.74,54.23,75.8,65.0,84.06,74.22,29.55,73.44,25.0,67.12,45.28,43.84,73.16,95.67,60.44,69.89,72.01,50.45,24.21,27.59,60.31,38.05,61.47,56.08,77.16,78.24,36.36,67.2,70.07,15.64,95.82,25.18,75.82
11,59.03,25.18,12.04,42.72,25.06,28.02,53.41,26.4,42.64,62.8,26.83,0.0,43.57,42.45,59.94,63.13,38.33,31.78,50.12,36.14,31.02,26.93,28.16,45.12,25.63,45.45,46.4,54.33,70.29,61.1,23.26,32.57,47.27,9.22,58.83,57.04,27.51,55.95,42.72,57.43,48.37,24.19,63.06,50.45,45.88,38.08,20.25,56.08,71.56,34.71,54.67,49.73,51.62,5.83,32.39,34.83,36.77,48.1,60.21,53.46,55.01,9.9,65.67,49.7,42.46,70.56,15.03,50.33
12,53.08,67.23,48.38,1.0,68.6,53.0,56.22,62.17,85.04,88.28,37.34,43.57,0.0,52.35,71.59,81.91,77.13,44.72,47.52,47.54,74.24,35.11,40.31,14.76,34.54,14.42,74.17,43.84,32.02,37.16,64.38,47.68,40.0,52.43,102.4,51.74,64.54,99.3,85.49,84.59,86.68,61.72,43.42,55.04,89.0,77.9,44.18,51.86,84.53,60.07,98.01,92.31,14.04,37.74,63.63,59.14,11.4,90.91,18.79,94.87,67.23,46.82,30.81,93.0,42.64,88.2,53.74,71.59
13,93.98,61.74,54.49,52.24,55.66,70.09,11.7,68.01,58.14,105.12,18.38,42.45,52.35,0.0,101.02,105.42,76.92,71.02,13.93,75.47,62.64,19.92,66.37,41.11,21.19,64.03,88.73,86.68,84.17,86.47,41.77,72.67,80.32,43.05,81.02,92.11,68.51,82.22,73.98,99.64,86.41,34.37,91.24,8.54,75.13,46.39,61.22,91.55,113.23,77.08,73.25,80.6,66.19,41.23,26.17,77.1,55.23,64.28,70.41,86.83,96.02,52.35,83.07,77.22,11.48,112.83,34.93,92.66
14,26.68,56.08,48.85,70.68,65.28,32.31,110.89,42.19,86.01,26.63,83.24,59.94,71.59,101.02,0.0,13.93,49.03,30.41,105.42,26.17,64.01,82.33,35.36,83.86,80.92,59.77,26.57,34.01,73.01,50.16,76.16,28.43,33.54,63.91,86.83,26.31,44.05,79.4,66.29,27.59,51.08,80.96,44.72,108.23,70.61,88.96,39.96,25.18,13.04,27.46,89.11,68.96,65.97,59.91,91.18,26.68,60.37,88.14,74.15,65.0,5.0,50.57,65.65,74.75,97.91,17.67,73.16,15.81
15,40.52,53.45,51.22,80.96,62.94,35.36,115.97,40.72,82.2,13.45,88.46,63.13,81.91,105.42,13.93,0.0,43.1,38.01,111.4,34.54,60.21,87.86,42.94,93.11,86.45,71.2,20.4,47.38,86.21,63.64,75.64,35.36,46.01,65.19,79.51,40.02,41.79,71.7,60.0,16.16,42.58,81.41,58.46,113.14,64.03,86.98,44.69,38.83,12.17,28.43,83.01,61.4,77.78,64.35,92.28,28.32,70.52,83.38,86.37,56.29,16.03,53.26,78.86,67.8,103.74,7.43,74.63,12.81
16,64.9,15.26,29.15,76.16,23.35,28.43,88.57,15.23,39.56,35.11,64.29,38.33,77.13,76.92,49.03,43.1,0.0,40.46,86.98,41.73,18.36,64.76,41.88,82.15,63.56,73.41,23.02,65.86,96.38,79.4,38.21,38.21,60.11,34.18,37.95,63.25,12.65,30.87,17.26,29.41,10.05,45.45,77.79,85.43,21.59,46.14,34.01,61.85,55.01,25.81,40.2,20.59,80.62,43.05,56.73,27.2,67.36,40.31,90.08,19.21,45.88,31.06,90.02,25.8,79.56,49.4,42.06,33.38
17,28.44,38.47,23.09,43.74,45.54,12.04,80.6,26.25,67.05,43.57,53.01,31.78,44.72,71.02,30.41,38.01,40.46,0.0,75.01,4.47,47.41,52.01,5.0,55.15,50.61,36.22,30.15,26.42,56.86,38.95,52.09,3.0,20.0,38.01,75.45,26.48,29.07,69.66,54.82,40.05,48.02,55.15,37.8,78.01,59.2,66.48,12.0,25.32,43.19,16.76,74.71,60.14,43.42,30.46,64.13,15.52,33.38,70.94,52.77,59.67,25.46,24.0,50.13,63.7,67.51,44.87,46.39,26.93
18,94.89,72.12,61.91,47.68,67.08,76.22,9.22,76.48,71.57,112.61,23.32,50.12,47.52,13.93,105.42,111.4,86.98,75.01,0.0,79.31,74.15,23.6,70.09,34.0,25.0,60.88,96.25,86.76,78.01,83.93,54.08,77.08,81.01,52.81,94.26,93.15,77.39,95.01,85.84,107.38,96.77,47.0,89.49,9.43,87.37,60.02,66.71,92.78,118.09,83.6,86.7,92.66,61.52,47.43,39.81,83.41,53.14,77.78,64.01,98.48,100.45,59.68,78.06,89.76,7.7,118.7,45.89,98.86
19,25.0,41.23,27.0,46.57,48.76,13.89,85.0,28.3,70.34,41.11,57.43,36.14,47.54,75.47,26.17,34.54,41.73,4.47,79.31,0.0,50.16,56.4,9.22,58.6,55.0,38.0,28.86,24.21,57.25,38.01,56.01,4.12,18.44,42.11,77.7,23.09,31.06,71.61,56.86,38.05,48.6,59.3,36.07,82.42,61.29,70.26,16.12,21.84,39.05,16.64,77.39,61.85,45.04,34.93,68.45,15.26,36.14,74.0,54.23,60.83,21.26,28.07,50.3,65.79,71.85,41.19,50.64,24.19
20,75.03,8.94,27.59,73.36,7.07,36.4,74.33,22.56,22.09,53.31,53.01,31.02,74.24,62.64,64.01,60.21,18.36,47.41,74.15,50.16,0.0,54.01,46.87,75.96,53.04,74.03,39.81,73.82,98.49,85.0,21.47,46.1,67.23,23.35,29.0,73.16,20.22,25.06,12.04,47.54,25.5,29.07,84.91,71.17,14.87,27.78,37.2,71.87,71.7,37.48,27.29,19.1,80.8,36.77,39.96,38.64,66.29,24.33,89.87,24.33,60.13,28.43,92.96,18.76,67.21,66.9,28.28,49.16
21,74.09,50.49,38.47,34.79,47.04,52.63,28.6,53.31,56.86,89.04,2.24,26.93,35.11,19.92,82.33,87.86,64.76,52.01,23.6,56.4,54.01,0.0,47.2,27.59,1.41,45.18,72.72,66.76,67.05,67.07,36.69,53.91,60.41,31.14,77.88,72.24,54.42,77.1,66.03,83.86,74.73,31.3,71.57,26.08,68.26,47.17,43.19,71.69,94.85,60.0,71.51,73.06,48.27,23.85,29.73,59.82,36.01,63.16,53.85,78.06,77.34,36.24,65.04,71.3,15.9,95.19,26.48,75.29
22,31.02,38.01,20.88,39.32,44.28,13.93,75.8,27.02,65.55,48.05,48.26,28.16,40.31,66.37,35.36,42.94,41.88,5.0,70.09,9.22,46.87,47.2,0.0,50.33,45.8,32.76,34.0,27.51,54.59,38.29,49.5,7.62,20.62,35.13,75.43,29.02,29.83,70.04,55.17,44.28,50.09,52.0,38.08,73.24,59.46,64.13,9.85,28.0,48.17,20.1,74.09,60.88,40.02,26.25,60.53,19.03,29.07,69.78,49.48,61.03,30.41,21.38,48.15,63.94,62.63,49.85,43.05,31.62
23,67.21,70.21,53.04,15.26,69.57,61.39,43.05,68.01,83.01,98.08,29.73,45.12,14.76,41.11,83.86,93.11,82.15,55.15,34.0,58.6,75.96,27.59,50.33,0.0,27.59,29.15,82.98,58.14,44.01,51.89,62.27,57.94,53.76,52.81,102.55,65.76,70.01,100.57,87.8,93.86,92.09,58.01,58.18,42.3,90.8,74.2,51.79,65.76,96.9,68.88,97.06,94.83,28.16,39.62,57.31,68.15,24.08,89.19,30.02,98.48,79.26,51.09,44.26,94.42,30.31,99.78,51.48,81.93
24,72.8,49.37,37.12,34.18,46.1,51.22,30.0,52.0,56.36,87.66,3.0,25.63,34.54,21.19,80.92,86.45,63.56,50.61,25.0,55.0,53.04,1.41,45.8,27.59,0.0,44.28,71.34,65.52,66.41,66.03,36.06,52.5,59.14,30.07,77.2,70.94,53.14,76.3,65.07,82.49,73.55,30.89,70.46,27.46,67.36,46.87,41.77,70.38,93.43,58.6,70.94,72.11,47.54,22.47,29.83,58.41,35.06,62.65,53.31,77.03,75.93,34.89,64.27,70.46,17.31,93.78,25.71,73.88
25,39.2,66.03,46.62,13.89,69.35,46.57,69.23,58.18,88.09,79.06,47.27,45.45,14.42,64.03,59.77,71.2,73.41,36.22,60.88,38.0,74.03,45.18,32.76,29.15,44.28,0.0,66.37,29.83,24.84,23.09,68.24,39.2,26.83,54.67,102.94,38.01,60.84,98.81,84.31,76.03,82.28,67.12,29.07,67.74,88.23,82.68,39.4,38.28,72.45,52.77,99.7,90.74,7.28,40.0,71.17,51.62,9.49,93.51,16.76,92.13,55.79,45.61,20.69,92.51,55.32,76.98,58.31,62.07
26,46.75,33.24,34.41,73.17,42.72,21.59,99.81,21.4,61.81,16.4,72.95,46.4,74.17,88.73,26.57,20.4,23.02,30.15,96.25,28.86,39.81,72.72,34.0,82.98,71.34,66.37,0.0,50.25,86.02,65.74,55.95,27.17,46.1,46.75,60.42,45.45,21.95,52.89,40.2,11.18,24.6,62.13,62.43,96.83,44.41,66.73,31.32,44.05,32.06,14.14,63.2,42.45,73.55,48.88,73.24,15.03,63.03,63.13,82.87,38.48,24.19,36.62,78.98,48.42,88.56,27.21,56.08,10.77
27,9.43,64.88,48.38,43.14,71.69,38.01,94.15,52.43,93.05,58.24,68.41,54.33,43.84,86.68,34.01,47.38,65.86,26.42,86.76,24.21,73.82,66.76,27.51,58.14,65.52,29.83,50.25,0.0,39.0,16.28,76.69,28.02,7.07,62.17,101.79,8.54,55.22,95.8,81.02,57.01,72.25,78.52,12.21,92.11,85.45,91.44,37.34,9.22,45.4,40.31,101.12,86.05,34.48,51.01,86.01,38.9,34.41,97.17,41.44,84.86,31.4,48.76,31.65,89.95,80.15,51.65,69.35,42.15
28,47.27,90.27,70.94,32.28,94.05,68.43,87.05,81.3,112.93,96.34,69.26,70.29,32.02,84.17,73.01,86.21,96.38,56.86,78.01,57.25,98.49,67.05,54.59,44.01,66.41,24.84,86.02,39.0,0.0,23.19,93.01,59.62,40.61,79.51,127.48,47.1,84.06,123.07,108.41,94.37,104.66,91.59,29.83,86.21,112.45,107.34,62.68,48.04,84.21,73.54,124.46,114.62,19.24,64.82,94.85,72.24,33.84,118.34,14.0,115.43,70.18,70.09,7.35,116.79,74.01,90.65,82.93,79.62
29,24.08,76.22,57.98,36.77,81.84,50.99,92.2,65.05,102.47,74.46,69.03,61.1,37.16,86.47,50.16,63.64,79.4,38.95,83.93,38.01,85.0,67.07,38.29,51.89,66.03,23.09,65.74,16.28,23.19,0.0,84.31,41.23,19.72,69.86,113.7,24.0,67.88,108.3,93.43,73.05,86.61,84.77,7.21,90.61,97.74,99.16,47.8,25.02,61.07,54.64,112.07,98.99,24.41,56.61,90.61,53.25,31.26,107.19,28.6,98.6,47.68,57.8,15.97,102.23,78.22,67.73,75.58,58.19
30,80.4,23.43,29.02,63.66,15.0,44.41,53.37,34.93,20.81,71.28,35.17,23.26,64.38,41.77,76.16,75.64,38.21,52.09,54.08,56.01,21.47,36.69,49.5,62.27,36.06,68.24,55.95,76.69,93.01,84.31,0.0,52.0,69.63,14.56,41.23,78.41,34.0,41.05,32.28,65.46,46.62,7.62,86.02,50.22,33.38,14.87,40.11,77.32,86.03,48.76,34.93,38.83,74.03,28.3,18.6,49.48,59.2,26.93,82.13,45.22,71.59,28.16,88.69,35.68,47.67,82.86,10.82,63.32
31,29.12,37.16,23.02,46.69,44.64,10.0,82.46,24.41,66.22,40.61,54.82,32.57,47.68,72.67,28.43,35.36,38.21,3.0,77.08,4.12,46.1,53.91,7.62,57.94,52.5,39.2,27.17,28.02,59.62,41.23,52.0,0.0,21.93,38.21,73.78,27.2,27.2,67.8,53.01,37.05,45.49,55.44,39.7,79.81,57.43,66.19,12.37,25.96,41.01,13.93,73.35,58.14,46.39,31.76,64.76,12.65,36.35,69.89,55.73,57.38,23.43,24.19,52.82,61.93,69.53,42.32,46.87,24.04
32,13.89,58.31,41.44,39.2,64.88,31.89,88.14,46.23,86.16,55.73,61.98,47.27,40.0,80.32,33.54,46.01,60.11,20.0,81.01,18.44,67.23,60.41,20.62,53.76,59.14,26.83,46.1,7.07,40.61,19.72,69.63,21.93,0.0,55.11,95.44,12.21,49.04,89.64,74.81,53.85,67.01,71.45,17.8,86.01,79.2,84.4,30.46,12.04,45.88,35.0,94.51,80.06,32.57,44.0,79.0,33.6,29.7,90.38,40.61,79.25,30.07,41.76,33.35,83.7,74.21,51.1,62.29,39.05
33,66.12,19.42,15.3,51.61,16.76,31.62,54.59,25.46,33.42,62.94,30.41,9.22,52.43,43.05,63.91,65.19,34.18,38.01,52.81,42.11,23.35,31.14,35.13,52.81,30.07,54.67,46.75,62.17,79.51,69.86,14.56,38.21,55.11,0.0,50.12,64.12,25.61,47.76,35.36,57.28,43.97,17.26,71.47,51.48,38.08,29.41,26.02,63.07,74.69,37.12,45.61,42.43,60.83,14.87,27.31,37.58,45.97,38.9,69.35,47.0,59.14,14.04,74.85,41.62,45.44,72.59,9.43,52.48
34,102.0,37.54,56.59,101.55,33.84,63.81,92.02,49.4,23.09,69.0,76.4,58.83,102.4,81.02,86.83,79.51,37.95,75.45,94.26,77.7,29.0,77.88,75.43,102.55,77.2,102.94,60.42,101.79,127.48,113.7,41.23,73.78,95.44,50.12,0.0,100.24,46.65,8.06,21.02,64.07,37.05,47.52,113.23,89.01,16.55,35.23,65.95,98.88,91.66,63.07,8.94,18.11,109.64,64.66,55.01,64.4,95.0,17.46,118.6,24.19,83.82,57.38,121.96,12.16,88.38,84.91,51.55,71.06
35,2.0,64.26,49.5,50.99,71.84,36.77,100.18,50.99,93.41,51.62,73.74,57.04,51.74,92.11,26.31,40.02,63.25,26.48,93.15,23.09,73.16,72.24,29.02,65.76,70.94,38.01,45.45,8.54,47.1,24.0,78.41,27.2,12.21,64.12,100.24,0.0,53.67,93.81,79.26,51.0,68.68,81.01,18.44,97.99,83.73,92.91,38.33,1.41,37.12,37.44,100.32,83.76,42.94,54.45,89.27,36.06,41.77,97.08,49.98,81.84,24.35,50.25,39.78,88.2,86.29,43.77,72.01,36.36
36,55.46,12.04,17.03,63.56,21.38,17.2,79.92,2.83,42.01,37.64,54.23,27.51,64.54,68.51,44.05,41.79,12.65,29.07,77.39,31.06,20.22,54.42,29.83,70.01,53.14,60.84,21.95,55.22,84.06,67.88,34.0,27.2,49.04,25.61,46.65,53.67,0.0,40.61,25.81,31.89,22.2,40.22,66.84,76.85,30.23,45.35,21.47,52.33,52.63,17.26,46.82,31.11,68.03,31.58,51.4,18.44,54.71,44.55,77.47,31.38,40.01,19.1,77.84,34.73,69.8,48.92,34.66,29.83
37,95.52,32.8,52.2,98.41,31.02,57.8,93.54,43.42,26.0,61.01,75.8,55.95,99.3,82.22,79.4,71.7,30.87,69.66,95.01,71.61,25.06,77.1,70.04,100.57,76.3,98.81,52.89,95.8,123.07,108.3,41.05,67.8,89.64,47.76,8.06,93.81,40.61,0.0,14.87,56.14,29.15,48.01,107.45,90.45,10.63,37.95,60.83,92.44,83.86,56.44,15.0,10.44,105.68,61.74,56.72,57.8,91.27,21.63,114.83,16.12,76.55,53.25,117.29,6.32,88.71,76.99,50.64,63.6
38,81.01,18.36,37.74,84.58,19.0,43.01,85.62,28.6,25.24,50.8,65.0,42.72,85.49,73.98,66.29,60.0,17.26,54.82,85.84,56.86,12.04,66.03,55.17,87.8,65.07,84.31,40.2,81.02,108.41,93.43,32.28,53.01,74.81,35.36,21.02,79.26,25.81,14.87,0.0,45.4,19.31,39.85,92.62,82.46,4.47,34.71,46.01,77.9,72.03,42.05,23.02,7.07,91.27,48.38,50.16,43.38,77.03,24.35,100.5,13.0,63.06,38.95,102.54,8.94,79.02,65.96,40.11,50.64
39,51.97,42.19,45.49,83.6,51.48,32.57,110.8,31.83,68.96,5.83,84.06,57.43,84.59,99.64,27.59,16.16,29.41,40.05,107.38,38.05,47.54,83.86,44.28,93.86,82.49,76.03,11.18,57.01,94.37,73.05,65.46,37.05,53.85,57.28,64.07,51.0,31.89,56.14,45.4,0.0,27.02,72.01,68.94,107.8,49.16,75.15,42.38,49.65,28.16,25.0,68.18,46.01,83.1,60.03,83.24,25.71,73.33,69.43,92.27,40.45,27.2,47.71,87.17,52.66,99.68,20.84,66.48,14.87
40,70.18,24.7,39.05,85.7,31.62,36.24,98.09,24.52,44.29,32.06,74.22,48.37,86.68,86.41,51.08,42.58,10.05,48.02,96.77,48.6,25.5,74.73,50.09,92.09,73.55,82.28,24.6,72.25,104.66,86.61,46.62,45.49,67.01,43.97,37.05,68.68,22.2,29.15,19.31,27.02,0.0,54.08,84.39,94.94,22.56,52.63,43.01,67.27,54.74,32.02,41.44,19.0,89.54,53.08,65.22,33.42,76.66,43.66,99.02,13.93,48.76,41.01,98.09,25.75,89.41,47.86,51.48,35.34
41,83.01,30.41,32.56,61.07,22.47,48.76,45.89,40.82,25.63,77.8,29.55,24.19,61.72,34.37,80.96,81.41,45.45,55.15,47.0,59.3,29.07,31.3,52.0,58.01,30.89,67.12,62.13,78.52,91.59,84.77,7.62,55.44,71.45,17.26,47.52,81.01,40.22,48.01,39.85,72.01,54.08,0.0,87.1,42.76,40.79,16.28,43.19,80.0,91.39,53.85,40.52,46.32,72.4,28.16,11.31,54.42,57.8,31.95,80.0,52.81,76.24,31.26,87.78,42.87,40.88,88.72,9.22,68.88
42,18.11,76.01,58.6,42.94,82.3,49.68,97.53,64.03,103.37,69.89,73.44,63.06,43.42,91.24,44.72,58.46,77.79,37.8,89.49,36.07,84.91,71.57,38.08,58.18,70.46,29.07,62.43,12.21,29.83,7.21,86.02,39.7,17.8,71.47,113.23,18.44,66.84,107.45,92.62,68.94,84.39,87.1,0.0,95.8,97.01,100.88,47.89,19.65,55.01,52.4,112.16,97.84,31.24,59.03,93.65,50.99,36.4,107.78,35.81,96.88,42.72,58.69,22.82,101.51,83.5,62.07,77.88,54.13
43,99.81,70.26,62.48,55.08,64.2,77.78,3.16,76.28,66.01,113.23,25.0,50.45,55.04,8.54,108.23,113.14,85.43,78.01,9.43,82.42,71.17,26.08,73.24,42.3,27.46,67.74,96.83,92.11,86.21,90.61,50.22,79.81,86.01,51.48,89.01,97.99,76.85,90.45,82.46,107.8,94.94,42.76,95.8,0.0,83.55,54.08,68.68,97.51,120.62,84.9,81.06,89.05,69.07,48.8,34.0,84.86,59.44,72.06,72.25,95.34,103.23,60.31,85.81,85.55,12.43,120.53,43.46,100.42
44,85.48,22.2,41.62,88.1,21.38,47.43,86.68,33.02,23.35,54.45,67.12,45.88,89.0,75.13,70.61,64.03,21.59,59.2,87.37,61.29,14.87,68.26,59.46,90.8,67.36,88.23,44.41,85.45,112.45,97.74,33.38,57.43,79.2,38.08,16.55,83.73,30.23,10.63,4.47,49.16,22.56,40.79,97.01,83.55,0.0,33.84,50.21,82.37,76.11,46.52,19.03,5.83,95.13,51.62,50.6,47.85,80.78,21.47,104.31,13.45,67.45,42.72,106.66,4.5,80.73,69.85,42.01,54.92
45,94.89,33.53,43.42,77.23,24.04,58.01,57.04,46.87,12.17,80.96,45.28,38.08,77.9,46.39,88.96,86.98,46.14,66.48,60.02,70.26,27.78,47.17,64.13,74.2,46.87,82.68,66.73,91.44,107.34,99.16,14.87,66.19,84.4,29.41,35.23,92.91,45.35,37.95,34.71,75.15,52.63,16.28,100.88,54.08,33.84,0.0,54.59,91.79,97.98,61.52,27.0,39.66,88.23,42.94,20.22,62.39,73.5,18.0,96.05,47.2,84.59,42.76,103.23,34.28,54.84,93.94,24.41,75.19
46,40.31,28.43,11.18,43.19,34.44,9.85,71.45,18.79,55.71,47.01,43.84,20.25,44.18,61.22,39.96,44.69,34.01,12.0,66.71,16.12,37.2,43.19,9.85,51.79,41.77,39.4,31.32,37.34,62.68,47.8,40.11,12.37,30.46,26.02,65.95,38.33,21.47,60.83,46.01,42.38,43.01,43.19,47.89,68.68,50.21,54.59,0.0,37.22,52.01,17.46,64.35,52.01,46.62,20.0,52.39,17.0,33.73,59.93,56.08,52.84,34.99,12.0,56.61,54.65,59.05,52.01,34.53,32.2
47,3.16,62.97,48.37,51.09,70.6,35.47,99.73,49.66,92.18,50.33,73.16,56.08,51.86,91.55,25.18,38.83,61.85,25.32,92.78,21.84,71.87,71.69,28.0,65.76,70.38,38.28,44.05,9.22,48.04,25.02,77.32,25.96,12.04,63.07,98.88,1.41,52.33,92.44,77.9,49.65,67.27,80.0,19.65,97.51,82.37,91.79,37.22,0.0,36.22,36.06,99.01,82.38,43.38,53.6,88.36,34.67,41.73,95.82,50.6,80.43,23.09,49.16,40.71,86.84,85.87,42.71,71.03,34.99
48,37.01,64.54,60.03,83.63,73.98,43.57,123.33,51.24,93.77,24.6,95.67,71.56,84.53,113.23,13.04,12.17,55.01,43.19,118.09,39.05,71.7,94.85,48.17,96.9,93.43,72.45,32.06,45.4,84.21,61.07,86.03,41.01,45.88,74.69,91.66,37.12,52.63,83.86,72.03,28.16,54.74,91.39,55.01,120.62,76.11,97.98,52.01,36.22,0.0,37.58,95.05,73.55,78.45,72.01,101.98,37.12,73.36,95.19,86.35,68.45,17.8,61.91,76.9,79.92,110.53,9.09,84.08,22.8
49,39.12,29.07,22.8,59.08,38.01,7.62,87.78,15.03,59.14,29.55,60.44,34.71,60.07,77.08,27.46,28.43,25.81,16.76,83.6,16.64,37.48,60.0,20.1,68.88,58.6,52.77,14.14,40.31,73.54,54.64,48.76,13.93,35.0,37.12,63.07,37.44,17.26,56.44,42.05,25.0,32.02,53.85,52.4,84.9,46.52,61.52,17.46,36.06,37.58,0.0,63.89,46.32,60.02,36.24,64.4,1.41,49.0,61.81,69.43,44.6,23.09,24.84,66.72,50.95,75.9,35.86,46.53,15.62
50,102.16,36.24,54.2,97.2,30.48,63.56,84.02,49.4,15.13,73.44,69.89,54.67,98.01,73.25,89.11,83.01,40.2,74.71,86.7,77.39,27.29,71.51,74.09,97.06,70.94,99.7,63.2,101.12,124.46,112.07,34.93,73.35,94.51,45.61,8.94,100.32,46.82,15.0,23.02,68.18,41.44,40.52,112.16,81.06,19.03,27.0,64.35,99.01,95.05,63.89,0.0,22.8,106.15,60.44,47.1,65.15,91.35,9.0,114.87,30.08,85.7,54.67,119.29,15.79,81.12,88.87,45.62,73.55
51,85.44,25.08,44.29,91.39,26.02,48.17,92.2,33.94,29.0,51.04,72.01,49.73,92.31,80.6,68.96,61.4,20.59,60.14,92.66,61.85,19.1,73.06,60.88,94.83,72.11,90.74,42.45,86.05,114.62,98.99,38.83,58.14,80.06,42.43,18.11,83.76,31.11,10.44,7.07,46.01,19.0,46.32,97.84,89.05,5.83,39.66,52.01,82.38,73.55,46.32,22.8,0.0,97.75,55.36,56.3,47.71,83.65,26.63,107.04,7.81,66.13,45.62,108.62,7.04,85.91,66.84,47.04,53.16
52,43.91,72.95,53.54,14.0,75.93,53.85,70.26,65.39,94.18,86.01,50.45,51.62,14.04,66.19,65.97,77.78,80.62,43.42,61.52,45.04,80.8,48.27,40.02,28.16,47.54,7.28,73.55,34.48,19.24,24.41,74.03,46.39,32.57,60.83,109.64,42.94,68.03,105.68,91.27,83.1,89.54,72.4,31.24,69.07,95.13,88.23,46.62,43.38,78.45,60.02,106.15,97.75,0.0,46.01,75.64,58.86,14.87,99.72,9.49,99.28,62.17,52.43,16.88,99.37,56.66,83.36,63.82,69.01
53,56.44,30.59,14.87,36.89,30.89,29.0,51.62,30.08,48.17,65.19,24.21,5.83,37.74,41.23,59.91,64.35,43.05,30.46,47.43,34.93,36.77,23.85,26.25,39.62,22.47,40.0,48.88,51.01,64.82,56.61,28.3,31.76,44.0,14.87,64.66,54.45,31.58,61.74,48.38,60.03,53.08,28.16,59.03,48.8,51.62,42.94,20.0,53.6,72.01,36.24,60.44,55.36,46.01,0.0,35.0,36.12,31.14,53.74,54.49,58.86,54.92,12.65,60.39,55.48,39.73,71.74,18.97,51.66
54,91.27,41.73,42.38,63.13,33.6,58.87,37.01,51.87,32.02,89.02,27.59,32.39,63.63,26.17,91.18,92.28,56.73,64.13,39.81,68.45,39.96,29.73,60.53,57.31,29.83,71.17,73.24,86.01,94.85,90.61,18.6,64.76,79.0,27.31,55.01,89.27,51.4,56.72,50.16,83.24,65.22,11.31,93.65,34.0,50.6,20.22,52.39,88.36,101.98,64.4,47.1,56.3,75.64,35.0,0.0,64.88,61.68,38.12,82.37,63.16,86.38,40.8,91.8,52.14,34.91,99.63,18.03,79.65
55,37.74,30.15,23.02,58.14,39.0,7.21,87.73,16.12,60.21,30.08,60.31,34.83,59.14,77.1,26.68,28.32,27.2,15.52,83.41,15.26,38.64,59.82,19.03,68.15,58.41,51.62,15.03,38.9,72.24,53.25,49.48,12.65,33.6,37.58,64.4,36.06,18.44,57.8,43.38,25.71,33.42,54.42,50.99,84.86,47.85,62.39,17.0,34.67,37.12,1.41,65.15,47.71,58.86,36.12,64.88,0.0,48.01,62.97,68.25,46.01,22.2,25.0,65.39,52.29,75.72,35.74,46.96,15.56
56,43.28,58.67,39.36,10.44,61.22,42.11,61.13,52.2,79.31,76.94,38.05,36.77,11.4,55.23,60.37,70.52,67.36,33.38,53.14,36.14,66.29,36.01,29.07,24.08,35.06,9.49,63.03,34.41,33.84,31.26,59.2,36.35,29.7,45.97,95.0,41.77,54.71,91.27,77.03,73.33,76.66,57.8,36.4,59.44,80.78,73.5,33.73,41.73,73.36,49.0,91.35,83.65,14.87,31.14,61.68,48.01,0.0,84.86,23.6,85.62,55.95,38.08,30.14,84.95,47.1,76.85,49.09,60.21
57,98.98,32.98,49.24,90.14,25.5,60.44,75.03,46.87,6.32,74.95,61.47,48.1,90.91,64.28,88.14,83.38,40.31,70.94,77.78,74.0,24.33,63.16,69.78,89.19,62.65,93.51,63.13,97.17,118.34,107.19,26.93,69.89,90.38,38.9,17.46,97.08,44.55,21.63,24.35,69.43,43.66,31.95,107.78,72.06,21.47,18.0,59.93,95.82,95.19,61.81,9.0,26.63,99.72,53.74,38.12,62.97,84.86,0.0,108.21,34.41,84.38,49.4,113.48,19.9,72.3,89.7,37.74,73.0
58,50.7,82.15,62.77,19.24,84.81,63.32,73.06,74.85,102.53,95.02,56.08,60.21,18.79,70.41,74.15,86.37,90.08,52.77,64.01,54.23,89.87,53.85,49.48,30.02,53.31,16.76,82.87,41.44,14.0,28.6,82.13,55.73,40.61,69.35,118.6,49.98,77.47,114.83,100.5,92.27,99.02,80.0,35.81,72.25,104.31,96.05,56.08,50.6,86.35,69.43,114.87,107.04,9.49,54.49,82.37,68.25,23.6,108.21,0.0,108.69,70.58,61.59,15.64,108.51,60.09,91.69,71.7,78.03
59,83.41,28.28,46.49,93.92,31.4,47.63,98.49,34.13,36.77,45.1,77.16,53.46,94.87,86.83,65.0,56.29,19.21,59.67,98.48,60.83,24.33,78.06,61.03,98.48,77.03,92.13,38.48,84.86,115.43,98.6,45.22,57.38,79.25,47.0,24.19,81.84,31.38,16.12,13.0,40.45,13.93,52.81,96.88,95.34,13.45,47.2,52.84,80.43,68.45,44.6,30.08,7.81,99.28,58.86,63.16,46.01,85.62,34.41,108.69,0.0,62.61,48.08,109.15,14.62,91.53,61.24,52.61,49.24
60,25.08,52.0,44.01,66.31,61.07,27.51,105.89,38.01,82.02,27.31,78.24,55.01,67.23,96.02,5.0,16.03,45.88,25.46,100.45,21.26,60.13,77.34,30.41,79.26,75.93,55.79,24.19,31.4,70.18,47.68,71.59,23.43,30.07,59.14,83.82,24.35,40.01,76.55,63.06,27.2,48.76,76.24,42.72,103.23,67.45,84.59,34.99,23.09,17.8,23.09,85.7,66.13,62.17,54.92,86.38,22.2,55.95,84.38,70.58,62.61,0.0,45.69,62.83,71.68,92.93,21.2,68.35,13.6
61,52.24,20.59,2.24,45.88,24.21,18.36,63.25,17.46,44.72,53.01,36.36,9.9,46.82,52.35,50.57,53.26,31.06,24.0,59.68,28.07,28.43,36.24,21.38,51.09,34.89,45.61,36.62,48.76,70.09,57.8,28.16,24.19,41.76,14.04,57.38,50.25,19.1,53.25,38.95,47.71,41.01,31.26,58.69,60.31,42.72,42.76,12.0,49.16,61.91,24.84,54.67,45.62,52.43,12.65,40.8,25.0,38.08,49.4,61.59,48.08,45.69,0.0,64.68,46.94,51.99,60.7,22.8,40.46
62,39.99,84.57,65.37,30.84,88.81,61.86,86.91,75.05,108.23,89.06,67.2,65.67,30.81,83.07,65.65,78.86,90.02,50.13,78.06,50.3,92.96,65.04,48.15,44.26,64.27,20.69,78.98,31.65,7.35,15.97,88.69,52.82,33.35,74.85,121.96,39.78,77.84,117.29,102.54,87.17,98.09,87.78,22.82,85.81,106.66,103.23,56.61,40.71,76.9,66.72,119.29,108.62,16.88,60.39,91.8,65.39,30.14,113.48,15.64,109.15,62.83,64.68,0.0,111.05,73.44,83.3,78.91,72.4
63,89.94,26.52,45.9,92.11,24.85,51.94,88.66,37.52,22.94,57.8,70.07,49.7,93.0,77.22,74.75,67.8,25.8,63.7,89.76,65.79,18.76,71.3,63.94,94.42,70.46,92.51,48.42,89.95,116.79,102.23,35.68,61.93,83.7,41.62,12.16,88.2,34.73,6.32,8.94,52.66,25.75,42.87,101.51,85.55,4.5,34.28,54.65,86.84,79.92,50.95,15.79,7.04,99.37,55.48,52.14,52.29,84.95,19.9,108.51,14.62,71.68,46.94,111.05,0.0,83.3,73.44,44.89,59.01
64,88.07,64.82,54.22,42.67,60.14,68.53,14.05,68.84,66.02,104.9,15.64,42.46,42.64,11.48,97.91,103.74,79.56,67.51,7.7,71.85,67.21,15.9,62.63,30.31,17.31,55.32,88.56,80.15,74.01,78.22,47.67,69.53,74.21,45.44,88.38,86.29,69.8,88.71,79.02,99.68,89.41,40.88,83.5,12.43,80.73,54.84,59.05,85.87,110.53,75.9,81.12,85.91,56.66,39.73,34.91,75.72,47.1,72.3,60.09,91.53,92.93,51.99,73.44,83.3,0.0,111.05,38.93,91.18
65,43.96,60.44,58.66,87.27,69.92,42.75,123.36,47.96,88.78,16.39,95.82,70.56,88.2,112.83,17.67,7.43,49.4,44.87,118.7,41.19,66.9,95.19,49.85,99.78,93.78,76.98,27.21,51.65,90.65,67.73,82.86,42.32,51.1,72.59,84.91,43.77,48.92,76.99,65.96,20.84,47.86,88.72,62.07,120.53,69.85,93.94,52.01,42.71,9.09,35.86,88.87,66.84,83.36,71.74,99.63,35.74,76.85,89.7,91.69,61.24,21.2,60.7,83.3,73.44,111.05,0.0,82.02,20.24
66,74.01,26.83,24.35,53.04,21.21,40.85,46.62,34.71,31.62,72.18,25.18,15.03,53.74,34.93,73.16,74.63,42.06,46.39,45.89,50.64,28.28,26.48,43.05,51.48,25.71,58.31,56.08,69.35,82.93,75.58,10.82,46.87,62.29,9.43,51.55,72.01,34.66,50.64,40.11,66.48,51.48,9.22,77.88,43.46,42.01,24.41,34.53,71.03,84.08,46.53,45.62,47.04,63.82,18.97,18.03,46.96,49.09,37.74,71.7,52.61,68.35,22.8,78.91,44.89,38.93,82.02,0.0,61.91
67,37.44,41.77,38.42,70.61,51.2,22.67,103.28,28.46,71.25,17.0,75.82,50.33,71.59,92.66,15.81,12.81,33.38,26.93,98.86,24.19,49.16,75.29,31.62,81.93,73.88,62.07,10.77,42.15,79.62,58.19,63.32,24.04,39.05,52.48,71.06,36.36,29.83,63.6,50.64,14.87,35.34,68.88,54.13,100.42,54.92,75.19,32.2,34.99,22.8,15.62,73.55,53.16,69.01,51.66,79.65,15.56,60.21,73.0,78.03,49.24,13.6,40.46,72.4,59.01,91.18,20.24,61.91,0.0
