vehicles
vehicle_idx, capacity, cost_per_unit_distance
1,100,3
2,100,3
3,100,3
4,100,3
5,100,3
6,100,3
7,100,3
8,100,3
9,100,3
10,100,3
depot
node_idx,x,y
0,76,75
home delivery customers
node_idx,x,y,service_time,demand
1,60,14,10,11
2,91,14,10,26
3,70,95,10,17
4,20,0,10,17
5,46,1,10,16
6,16,89,10,2
7,60,94,10,25
8,39,35,10,21
9,80,36,10,12
10,65,85,10,11
11,34,50,10,17
12,51,91,10,12
13,61,54,10,2
14,35,100,10,15
15,79,81,10,16
16,74,99,10,16
17,75,14,10,2
18,25,86,10,11
19,71,35,10,7
20,56,81,10,1
21,6,55,10,25
22,94,45,10,5
self pickup customers
node_idx,x,y,service_time,demand,locker_idxs
23,46,5,10,20,71-67
24,41,55,10,1,68-70-66-74-69
25,95,45,10,22,63
26,41,1,10,22,64
27,100,26,10,5,71
28,36,61,10,12,69
29,69,50,10,12,73-65
30,19,11,10,21,64
31,76,90,10,17,63
32,21,11,10,22,64
33,65,54,10,6,73
34,100,6,10,6,64
35,75,16,10,1,67-73-65
36,21,85,10,10,68-72
37,25,76,10,6,68-72-70
38,85,76,10,26,63
39,40,96,10,25,72-63
40,20,71,10,16,68
41,31,41,10,22,68-71-69
42,56,80,10,6,70-66-72-63
flexible customers
node_idx,x,y,service_time,demand,locker_idxs
43,86,31,10,5,67-65-73
44,21,15,10,15,64
45,55,25,10,20,65-69-73-67-71
46,71,41,10,20,67-73-65-74-69
47,61,70,10,26,72-70-66-74-63
48,40,51,10,5,66-70-74-68-65-69-73
49,19,71,10,21,68
50,61,94,10,15,72-66-70-63
51,41,75,10,16,72-68-70-66-74
52,1,40,10,26,64
53,15,91,10,12,72
54,34,36,10,21,68-73-69-71-64
55,55,10,10,2,71-67-73-65
56,99,91,10,10,63
57,30,45,10,63,68-69-71
58,75,80,10,21,74-66-63
59,60,34,10,17,67-71-73-65-69
60,41,44,10,10,71-68-69-73-65-74
61,60,54,10,25,73-65-69-74-66-70
62,40,49,10,17,71-73-65-69-74-66-70-68
lockers
node_idx,x,y,service_time,capacity,cost_per_unit_good
63,65,88,10,72
64,25,15,10,73
65,61,37,10,97
66,53,71,10,86
67,61,22,10,83
68,31,60,10,81
69,46,40,10,75
70,50,71,10,80
71,46,22,10,70
72,47,84,10,94
73,58,32,10,100
74,57,65,10,72
mrt lines
start_node_idx,end_node_idx,freight_capacity,cost_per_unit_good
63,64,73,0.1
64,63,73,0.1
distance matrix
,0,1,2,3,4,5,6,7,8,9,10,11,12,13,14,15,16,17,18,19,20,21,22,23,24,25,26,27,28,29,30,31,32,33,34,35,36,37,38,39,40,41,42,43,44,45,46,47,48,49,50,51,52,53,54,55,56,57,58,59,60,61,62,63,64,65,66,67,68,69,70,71,72,73,74,
0,0.0,63.06,62.82,20.88,93.6,79.85,61.61,24.84,54.49,39.2,14.87,48.88,29.68,25.81,48.02,6.71,24.08,61.01,52.17,40.31,20.88,72.8,34.99,76.16,40.31,35.51,81.86,54.56,42.38,25.96,85.7,15.0,84.39,23.71,73.05,59.01,55.9,51.01,9.06,41.68,56.14,56.4,20.62,45.12,81.39,54.23,34.37,15.81,43.27,57.14,24.21,35.0,82.76,63.06,57.31,68.31,28.02,54.92,5.1,44.01,46.75,26.4,44.41,17.03,78.75,40.85,23.35,55.08,47.43,46.1,26.31,60.9,30.36,46.62,21.47
1,63.06,0.0,31.0,81.61,42.38,19.1,86.95,80.0,29.7,29.73,71.18,44.41,77.52,40.01,89.56,69.64,86.15,15.0,80.06,23.71,67.12,67.8,46.01,16.64,45.19,46.75,23.02,41.76,52.77,37.11,41.11,77.67,39.12,40.31,40.79,15.13,81.01,71.2,66.85,84.4,69.63,39.62,66.12,31.06,39.01,12.08,29.15,56.01,42.06,70.21,80.01,63.89,64.47,89.19,34.06,6.4,86.31,43.14,67.68,20.0,35.51,40.0,40.31,74.17,35.01,23.02,57.43,8.06,54.38,29.53,57.87,16.12,71.2,18.11,51.09
2,62.82,31.0,0.0,83.68,72.37,46.84,106.07,85.8,56.08,24.6,75.61,67.42,86.77,50.0,102.63,68.07,86.68,16.0,97.67,29.0,75.59,94.37,31.14,45.89,64.66,31.26,51.66,15.0,72.35,42.19,72.06,77.47,70.06,47.71,12.04,16.12,99.7,90.55,62.29,96.57,91.05,65.8,74.71,17.72,70.01,37.64,33.6,63.53,63.01,91.83,85.44,78.87,93.68,108.19,61.1,36.22,77.41,68.43,67.91,36.89,58.31,50.61,61.85,78.43,66.01,37.8,68.51,31.05,75.6,51.97,70.21,45.71,82.68,37.59,61.29
3,20.88,81.61,83.68,0.0,107.35,97.02,54.33,10.05,67.54,59.84,11.18,57.63,19.42,41.98,35.36,16.64,5.66,81.15,45.89,60.01,19.8,75.47,55.46,93.15,49.41,55.9,98.37,75.24,48.08,45.01,98.27,7.81,97.25,41.3,93.92,79.16,50.01,48.85,24.21,30.02,55.46,66.61,20.52,65.97,93.81,71.59,54.01,26.57,53.25,56.36,9.06,35.23,88.24,55.15,69.12,86.31,29.27,64.03,15.81,61.81,58.67,42.2,54.92,8.6,91.79,58.69,29.41,73.55,52.4,60.01,31.24,76.84,25.5,64.13,32.7
4,93.6,42.38,72.37,107.35,0.0,26.02,89.09,102.16,39.82,69.97,96.18,51.92,96.14,67.8,101.12,100.21,112.77,56.75,86.15,61.85,88.64,56.75,86.61,26.48,58.87,87.46,21.02,84.12,63.06,70.01,11.05,106.0,11.05,70.29,80.22,57.28,85.01,76.16,100.0,98.06,71.0,42.45,87.73,72.92,15.03,43.01,65.44,81.12,54.78,71.01,102.55,77.88,44.28,91.14,38.63,36.4,120.51,46.1,97.08,52.5,48.75,67.2,52.92,98.84,15.81,55.23,78.29,46.53,61.0,47.71,77.08,34.06,88.23,49.68,74.79
5,79.85,19.1,46.84,97.02,26.02,0.0,92.97,94.05,34.71,48.8,86.12,50.45,90.14,55.08,99.61,86.54,101.92,31.78,87.56,42.2,80.62,67.2,65.12,4.0,54.23,65.86,5.0,59.51,60.83,54.13,28.79,93.92,26.93,56.3,54.23,32.65,87.64,77.88,84.53,95.19,74.67,42.72,79.63,50.0,28.65,25.63,47.17,70.61,50.36,75.03,94.2,74.17,59.55,95.19,37.0,12.73,104.45,46.82,84.15,35.85,43.29,54.82,48.37,89.05,25.24,39.0,70.35,25.81,60.88,39.0,70.11,21.0,83.01,33.24,64.94
6,61.61,86.95,106.07,54.33,89.09,92.97,0.0,44.28,58.69,83.1,49.16,42.95,35.06,57.01,21.95,63.51,58.86,95.43,9.49,77.08,40.79,35.44,89.55,89.2,42.2,90.43,91.48,105.0,34.41,65.8,78.06,60.01,78.16,60.22,118.09,93.86,6.4,15.81,70.21,25.0,18.44,50.29,41.0,90.91,74.17,74.95,73.0,48.85,44.94,18.25,45.28,28.65,51.24,2.24,55.97,88.1,83.02,46.17,59.68,70.43,51.48,56.22,46.65,49.01,74.55,68.77,41.15,80.71,32.65,57.45,38.47,73.41,31.4,70.8,47.51
7,24.84,80.0,85.8,10.05,102.16,94.05,44.28,0.0,62.63,61.35,10.3,51.11,9.49,40.01,25.71,23.02,14.87,81.39,35.9,60.02,13.6,66.61,59.64,90.09,43.38,60.22,94.92,78.89,40.8,44.91,92.57,16.49,91.71,40.31,96.66,79.43,40.02,39.36,30.81,20.1,46.14,60.42,14.56,68.15,88.1,69.18,54.13,24.02,47.42,47.01,1.0,26.87,79.98,45.1,63.56,84.15,39.12,57.45,20.52,60.0,53.49,40.0,49.24,7.81,86.41,57.01,24.04,72.01,44.69,55.79,25.08,73.35,16.4,62.03,29.15
8,54.49,29.7,56.08,67.54,39.82,34.71,58.69,62.63,0.0,41.01,56.36,15.81,57.27,29.07,65.12,60.96,72.95,41.68,52.89,32.0,49.04,38.59,55.9,30.81,20.1,56.89,34.06,61.66,26.17,33.54,31.24,66.29,30.0,32.2,67.54,40.71,53.14,43.32,61.62,61.01,40.71,10.0,48.1,47.17,26.91,18.87,32.56,41.34,16.03,41.18,62.97,40.05,38.33,60.93,5.1,29.68,82.07,13.45,57.63,21.02,9.22,28.32,14.04,59.03,24.41,22.09,38.63,25.55,26.25,8.6,37.64,14.76,49.65,19.24,34.99
9,39.2,29.73,24.6,59.84,69.97,48.8,83.1,61.35,41.01,0.0,51.24,48.08,62.18,26.17,78.24,45.01,63.29,22.56,74.33,9.06,51.0,76.4,16.64,46.01,43.38,17.49,52.4,22.36,50.61,17.8,65.92,54.15,64.08,23.43,36.06,20.62,76.69,68.01,40.31,72.11,69.46,49.25,50.12,7.81,62.63,27.31,10.3,38.95,42.72,70.33,61.03,55.15,79.1,85.15,46.0,36.07,58.19,50.8,44.28,20.1,39.81,26.91,42.06,54.12,58.87,19.03,44.2,23.6,54.56,34.23,46.1,36.77,58.25,22.36,37.01
10,14.87,71.18,75.61,11.18,96.18,86.12,49.16,10.3,56.36,51.24,0.0,46.75,15.23,31.26,33.54,14.56,16.64,71.7,40.01,50.36,9.85,66.19,49.41,82.23,38.42,50.0,87.36,68.6,37.64,35.23,87.13,12.08,86.09,31.0,86.41,69.72,44.0,41.0,21.93,27.31,47.13,55.61,10.3,57.94,82.68,60.83,44.41,15.52,42.2,48.08,9.85,26.0,78.24,50.36,57.98,75.66,34.53,53.15,11.18,51.24,47.51,31.4,43.83,3.0,80.62,48.17,18.44,63.13,42.2,48.85,20.52,65.8,18.03,53.46,21.54
11,48.88,44.41,67.42,57.63,51.92,50.45,42.95,51.11,15.81,48.08,46.75,0.0,44.38,27.29,50.01,54.64,63.25,54.56,37.11,39.92,38.01,28.44,60.21,46.57,8.6,61.2,49.5,70.23,11.18,35.0,41.79,58.0,41.11,31.26,79.32,53.26,37.34,27.51,57.25,46.39,25.24,9.49,37.2,55.36,37.34,32.65,38.08,33.6,6.08,25.81,51.62,25.96,34.48,45.19,14.0,45.18,76.85,6.4,50.8,30.53,9.22,26.31,6.08,49.04,36.14,29.97,28.32,38.9,10.44,15.62,26.4,30.46,36.4,30.0,27.46
12,29.68,77.52,86.77,19.42,96.14,90.14,35.06,9.49,57.27,62.18,15.23,44.38,0.0,38.33,18.36,29.73,24.35,80.65,26.48,59.46,11.18,57.63,62.97,86.15,37.36,63.66,90.55,81.4,33.54,44.78,86.16,25.02,85.44,39.56,98.11,78.75,30.59,30.02,37.16,12.08,36.89,53.85,12.08,69.46,81.71,66.12,53.85,23.26,41.48,37.74,10.44,18.87,71.42,36.0,57.57,81.1,48.0,50.57,26.4,57.71,48.05,38.08,43.42,14.32,80.32,54.92,20.1,69.72,36.89,51.24,20.02,69.18,8.06,59.41,26.68
13,25.81,40.01,50.0,41.98,67.8,55.08,57.01,40.01,29.07,26.17,31.26,27.29,38.33,0.0,52.84,32.45,46.84,42.38,48.17,21.47,27.46,55.01,34.21,51.24,20.02,35.17,56.65,48.01,25.96,8.94,60.11,39.0,58.73,4.0,61.85,40.5,50.61,42.19,32.56,46.96,44.38,32.7,26.48,33.97,55.87,29.61,16.4,16.0,21.21,45.31,40.0,29.0,61.61,59.03,32.45,44.41,53.04,32.28,29.53,20.02,22.36,1.0,21.59,34.23,53.08,17.0,18.79,32.0,30.59,20.52,20.25,35.34,33.11,22.2,11.7
14,48.02,89.56,102.63,35.36,101.12,99.61,21.95,25.71,65.12,78.24,33.54,50.01,18.36,52.84,0.0,47.93,39.01,94.85,17.2,74.3,28.32,53.54,80.66,95.63,45.4,81.39,99.18,98.49,39.01,60.46,90.43,42.2,90.09,54.92,114.28,93.04,20.52,26.0,55.46,6.4,32.65,59.14,29.0,85.8,86.15,77.62,69.12,39.7,49.25,33.12,26.68,25.71,68.96,21.93,64.01,92.2,64.63,55.23,44.72,70.58,56.32,52.35,51.24,32.31,85.59,68.15,34.13,82.22,40.2,61.0,32.65,78.77,20.0,71.78,41.34
15,6.71,69.64,68.07,16.64,100.21,86.54,63.51,23.02,60.96,45.01,14.56,54.64,29.73,32.45,47.93,0.0,18.68,67.12,54.23,46.69,23.0,77.49,39.0,82.86,46.04,39.4,88.57,58.87,47.42,32.57,92.2,9.49,90.91,30.41,77.88,65.12,58.14,54.23,7.81,41.79,59.84,62.48,23.02,50.49,87.86,60.93,40.79,21.1,49.2,60.83,22.2,38.47,88.12,64.78,63.64,74.95,22.36,60.8,4.12,50.7,53.04,33.02,50.45,15.65,85.28,47.54,27.86,61.68,52.39,52.63,30.68,67.6,32.14,53.31,27.2
16,24.08,86.15,86.68,5.66,112.77,101.92,58.86,14.87,72.95,63.29,16.64,63.25,24.35,46.84,39.01,18.68,0.0,85.01,50.7,64.07,25.46,80.99,57.58,98.08,55.0,57.94,103.41,77.49,53.74,49.25,103.77,9.22,102.73,45.89,96.57,83.01,54.82,54.13,25.5,34.13,60.83,72.2,26.17,69.05,99.32,76.4,58.08,31.78,58.82,61.72,13.93,40.8,93.86,59.54,74.63,91.01,26.25,69.66,19.03,66.49,64.14,47.13,60.46,14.21,97.25,63.35,35.0,78.09,58.05,65.31,36.88,81.93,30.89,68.88,38.01
17,61.01,15.0,16.0,81.15,56.75,31.78,95.43,81.39,41.68,22.56,71.7,54.56,80.65,42.38,94.85,67.12,85.01,0.0,87.66,21.38,69.64,80.26,36.36,30.36,53.26,36.89,36.4,27.73,61.07,36.5,56.08,76.01,54.08,41.23,26.25,2.0,89.2,79.65,62.8,89.16,79.21,51.62,68.68,20.25,54.01,22.83,27.29,57.72,50.93,79.91,81.22,69.84,78.43,97.62,46.53,20.4,80.65,54.64,66.0,25.0,45.34,42.72,49.5,74.67,50.01,26.93,61.1,16.12,63.66,38.95,62.24,30.08,75.39,24.76,54.08
18,52.17,80.06,97.67,45.89,86.15,87.56,9.49,35.9,52.89,74.33,40.01,37.11,26.48,48.17,17.2,54.23,50.7,87.66,0.0,68.68,31.4,36.36,80.26,83.68,34.89,81.12,86.49,96.05,27.31,56.85,75.24,51.16,75.11,51.22,109.66,86.02,4.12,10.0,60.83,18.03,15.81,45.4,31.58,82.13,71.11,67.98,64.35,39.4,38.08,16.16,36.88,19.42,51.88,11.18,50.8,81.71,74.17,41.3,50.36,62.68,44.94,47.42,39.92,40.05,71.0,60.8,31.76,73.43,26.68,50.57,29.15,67.36,22.09,63.29,38.28
19,40.31,23.71,29.0,60.01,61.85,42.2,77.08,60.02,32.0,9.06,50.36,39.92,59.46,21.47,74.3,46.69,64.07,21.38,68.68,0.0,48.38,68.01,25.08,39.05,36.06,26.0,45.34,30.36,43.6,15.13,57.27,55.23,55.46,19.92,41.01,19.42,70.71,61.62,43.32,68.43,62.43,40.45,47.43,15.52,53.85,18.87,6.0,36.4,34.89,63.25,59.84,50.0,70.18,79.2,37.01,29.68,62.61,42.2,45.18,11.05,31.32,21.95,34.01,53.34,50.16,10.2,40.25,16.4,47.17,25.5,41.68,28.18,54.56,13.34,33.11
20,20.88,67.12,75.59,19.8,88.64,80.62,40.79,13.6,49.04,51.0,9.85,38.01,11.18,27.46,28.32,23.0,25.46,69.64,31.4,48.38,0.0,56.36,52.35,76.66,30.02,53.08,81.39,70.43,28.28,33.62,79.18,21.93,78.26,28.46,86.95,67.72,35.23,31.4,29.43,21.93,37.36,47.17,1.0,58.31,74.71,56.01,42.72,12.08,34.0,38.33,13.93,16.16,68.6,42.2,50.09,71.01,44.15,44.41,19.03,47.17,39.92,27.29,35.78,11.4,72.92,44.28,10.44,59.21,32.65,42.2,11.66,59.84,9.49,49.04,16.03
21,72.8,67.8,94.37,75.47,56.75,67.2,35.44,66.61,38.59,76.4,66.19,28.44,57.63,55.01,53.54,77.49,80.99,80.26,36.36,68.01,56.36,0.0,88.57,64.03,35.0,89.56,64.35,98.37,30.59,63.2,45.88,78.26,46.49,59.01,106.0,79.26,33.54,28.32,81.74,53.26,21.26,28.65,55.9,83.52,42.72,57.45,66.49,57.01,34.23,20.62,67.42,40.31,15.81,37.11,33.84,66.53,99.72,26.0,73.39,57.94,36.69,54.01,34.53,67.6,44.28,57.87,49.65,64.14,25.5,42.72,46.82,51.86,50.22,56.86,51.97
22,34.99,46.01,31.14,55.46,86.61,65.12,89.55,59.64,55.9,16.64,49.41,60.21,62.97,34.21,80.66,39.0,57.58,36.36,80.26,25.08,52.35,88.57,0.0,62.48,53.94,1.0,68.88,19.92,60.17,25.5,82.35,48.47,80.53,30.36,39.46,34.67,83.24,75.64,32.28,74.28,78.43,63.13,51.66,16.12,78.92,43.83,23.35,41.4,54.33,79.38,59.08,60.9,93.13,91.42,60.67,52.4,46.27,64.0,39.82,35.74,53.01,35.17,54.15,51.87,75.24,33.96,48.55,40.22,64.76,48.26,51.11,53.23,61.07,38.28,42.06
23,76.16,16.64,45.89,93.15,26.48,4.0,89.2,90.09,30.81,46.01,82.23,46.57,86.15,51.24,95.63,82.86,98.08,30.36,83.68,39.05,76.66,64.03,62.48,0.0,50.25,63.25,6.4,57.94,56.89,50.54,27.66,90.14,25.71,52.55,54.01,31.02,83.82,74.04,81.01,91.2,70.94,39.0,75.66,47.71,26.93,21.93,43.83,66.71,46.39,71.31,90.26,70.18,57.01,91.42,33.24,10.3,101.02,43.08,80.41,32.2,39.32,50.96,44.41,85.15,23.26,35.34,66.37,22.67,57.01,35.0,66.12,17.0,79.01,29.55,61.0
24,40.31,45.19,64.66,49.41,58.87,54.23,42.2,43.38,20.1,43.38,38.42,8.6,37.36,20.02,45.4,46.04,55.0,53.26,34.89,36.06,30.02,35.0,53.94,50.25,0.0,54.92,54.0,65.74,7.81,28.44,49.19,49.5,48.33,24.02,76.69,51.74,36.06,26.4,48.75,41.01,26.4,17.2,29.15,51.0,44.72,33.11,33.11,25.0,4.12,27.2,43.83,20.0,42.72,44.41,20.25,47.13,68.26,14.87,42.2,28.32,11.0,19.03,6.08,40.8,43.08,26.91,20.0,38.59,11.18,15.81,18.36,33.38,29.61,28.6,18.87
25,35.51,46.75,31.26,55.9,87.46,65.86,90.43,60.22,56.89,17.49,50.0,61.2,63.66,35.17,81.39,39.4,57.94,36.89,81.12,26.0,53.08,89.56,1.0,63.25,54.92,0.0,69.66,19.65,61.13,26.48,83.26,48.85,81.44,31.32,39.32,35.23,84.12,76.56,32.57,75.01,79.38,64.12,52.4,16.64,79.85,44.72,24.33,42.2,55.33,80.32,59.64,61.77,94.13,92.28,61.66,53.15,46.17,65.0,40.31,36.69,54.01,36.14,55.15,52.43,76.16,34.93,49.4,41.05,65.73,49.25,51.97,54.13,61.85,39.22,42.94
26,81.86,23.02,51.66,98.37,21.02,5.0,91.48,94.92,34.06,52.4,87.36,49.5,90.55,56.65,99.18,88.57,103.41,36.4,86.49,45.34,81.39,64.35,68.88,6.4,54.0,69.66,0.0,64.08,60.21,56.44,24.17,95.63,22.36,58.18,59.21,37.16,86.35,76.69,86.95,95.01,73.08,41.23,80.41,54.08,24.41,27.78,50.0,71.84,50.01,73.38,95.13,74.0,55.87,93.68,35.69,16.64,107.07,45.35,86.01,38.08,43.0,56.3,48.01,90.25,21.26,41.18,71.02,29.0,59.84,39.32,70.58,21.59,83.22,35.36,65.97
27,54.56,41.76,15.0,75.24,84.12,59.51,105.0,78.89,61.66,22.36,68.6,70.23,81.4,48.01,98.49,58.87,77.49,27.73,96.05,30.36,70.43,98.37,19.92,57.94,65.74,19.65,64.08,0.0,72.95,39.2,82.38,68.35,80.41,44.82,20.0,26.93,98.6,90.14,52.2,92.2,91.79,70.61,69.66,14.87,79.76,45.01,32.65,58.8,65.0,92.66,78.39,76.69,99.98,107.0,66.75,47.76,65.01,72.53,59.51,40.79,61.68,48.83,64.26,71.2,75.8,40.52,65.07,39.2,76.92,55.79,67.27,54.15,78.57,42.43,58.05
28,42.38,52.77,72.35,48.08,63.06,60.83,34.41,40.8,26.17,50.61,37.64,11.18,33.54,25.96,39.01,47.42,53.74,61.07,27.31,43.6,28.28,30.59,60.17,56.89,7.81,61.13,60.21,72.95,0.0,34.79,52.81,49.41,52.2,29.83,84.39,59.55,28.3,18.6,51.24,35.23,18.87,20.62,27.59,58.31,48.38,40.71,40.31,26.57,10.77,19.72,41.4,14.87,40.82,36.62,25.08,54.42,69.78,17.09,43.38,36.12,17.72,25.0,12.65,39.62,47.3,34.66,19.72,46.32,5.1,23.26,17.2,40.26,25.5,36.4,21.38
29,25.96,37.11,42.19,45.01,70.01,54.13,65.8,44.91,33.54,17.8,35.23,35.0,44.78,8.94,60.46,32.57,49.25,36.5,56.85,15.13,33.62,63.2,25.5,50.54,28.44,26.48,56.44,39.2,34.79,0.0,63.41,40.61,61.85,5.66,53.82,34.53,59.41,51.11,30.53,54.38,53.31,39.05,32.7,25.5,59.41,28.65,9.22,21.54,29.02,54.23,44.72,37.54,68.73,67.8,37.7,42.38,50.8,39.32,30.59,18.36,28.64,9.85,29.02,38.21,56.22,15.26,26.4,29.12,39.29,25.08,28.32,36.24,40.5,21.1,19.21
30,85.7,41.11,72.06,98.27,11.05,28.79,78.06,92.57,31.24,65.92,87.13,41.79,86.16,60.11,90.43,92.2,103.77,56.08,75.24,57.27,79.18,45.88,82.35,27.66,49.19,83.26,24.17,82.38,52.81,63.41,0.0,97.42,2.0,62.97,81.15,56.22,74.03,65.28,92.63,87.56,60.01,32.31,78.29,69.92,4.47,38.63,60.03,72.42,45.18,60.0,93.02,67.68,34.13,80.1,29.15,36.01,113.14,35.74,88.87,47.01,39.66,59.41,43.42,89.69,7.21,49.4,68.96,43.42,50.45,39.62,67.54,29.15,78.19,44.29,66.03
31,15.0,77.67,77.47,7.81,106.0,93.92,60.01,16.49,66.29,54.15,12.08,58.0,25.02,39.0,42.2,9.49,9.22,76.01,51.16,55.23,21.93,78.26,48.47,90.14,49.5,48.85,95.63,68.35,49.41,40.61,97.42,0.0,96.26,37.64,87.36,74.01,55.23,52.89,16.64,36.5,59.14,66.53,22.36,59.84,93.01,68.31,49.25,25.0,53.08,60.08,15.52,38.08,90.14,61.01,68.41,82.71,23.02,64.35,10.05,58.24,57.8,39.4,54.56,11.18,90.7,55.08,29.83,69.63,54.08,58.31,32.2,74.32,29.61,60.73,31.4
32,84.39,39.12,70.06,97.25,11.05,26.93,78.16,91.71,30.0,64.08,86.09,41.11,85.44,58.73,90.09,90.91,102.73,54.08,75.11,55.46,78.26,46.49,80.53,25.71,48.33,81.44,22.36,80.41,52.2,61.85,2.0,96.26,0.0,61.52,79.16,54.23,74.0,65.12,91.22,87.1,60.01,31.62,77.37,68.01,4.0,36.77,58.31,71.28,44.28,60.03,92.14,67.05,35.23,80.22,28.18,34.01,111.73,35.17,87.62,45.28,38.59,58.05,42.49,88.68,5.66,47.71,68.0,41.48,50.01,38.29,66.64,27.31,77.49,42.54,64.9
33,23.71,40.31,47.71,41.3,70.29,56.3,60.22,40.31,32.2,23.43,31.0,31.26,39.56,4.0,54.92,30.41,45.89,41.23,51.22,19.92,28.46,59.01,30.36,52.55,24.02,31.32,58.18,44.82,29.83,5.66,62.97,37.64,61.52,0.0,59.41,39.29,53.82,45.65,29.73,48.88,48.1,36.4,27.51,31.14,58.8,30.68,14.32,16.49,25.18,49.04,40.2,31.89,65.51,62.2,35.85,45.12,50.25,36.14,27.86,20.62,26.0,5.0,25.5,34.0,55.87,17.46,20.81,32.25,34.53,23.6,22.67,37.22,34.99,23.09,13.6
34,73.05,40.79,12.04,93.92,80.22,54.23,118.09,96.66,67.54,36.06,86.41,79.32,98.11,61.85,114.28,77.88,96.57,26.25,109.66,41.01,86.95,106.0,39.46,54.01,76.69,39.32,59.21,20.0,84.39,53.82,81.15,87.36,79.16,59.41,0.0,26.93,111.72,102.59,71.59,108.17,103.08,77.37,86.09,28.65,79.51,48.85,45.45,74.95,75.0,103.86,96.25,90.79,104.68,120.21,72.5,45.18,85.01,80.13,78.11,48.83,70.18,62.48,73.82,89.16,75.54,49.82,80.21,42.15,87.62,63.81,82.01,56.32,94.3,49.4,73.01
35,59.01,15.13,16.12,79.16,57.28,32.65,93.86,79.43,40.71,20.62,69.72,53.26,78.75,40.5,93.04,65.12,83.01,2.0,86.02,19.42,67.72,79.26,34.67,31.02,51.74,35.23,37.16,26.93,59.55,34.53,56.22,74.01,54.23,39.29,26.93,0.0,87.62,78.1,60.83,87.32,77.78,50.61,66.76,18.6,54.01,21.93,25.32,55.79,49.5,78.49,79.25,68.1,77.79,96.05,45.62,20.88,78.75,53.54,64.0,23.43,44.05,40.85,48.1,72.69,50.01,25.24,59.24,15.23,62.23,37.64,60.42,29.61,73.54,23.35,52.2
36,55.9,81.01,99.7,50.01,85.01,87.64,6.4,40.02,53.14,76.69,44.0,37.34,30.59,50.61,20.52,58.14,54.82,89.2,4.12,70.71,35.23,33.54,83.24,83.82,36.06,84.12,86.35,98.6,28.3,59.41,74.03,55.23,74.0,53.82,111.72,87.62,0.0,9.85,64.63,21.95,14.04,45.12,35.36,84.5,70.0,68.96,66.6,42.72,38.95,14.14,41.0,22.36,49.24,8.49,50.7,82.35,78.23,41.0,54.23,64.2,45.62,49.82,40.71,44.1,70.11,62.48,34.93,74.63,26.93,51.48,32.2,67.78,26.02,64.64,41.18
37,51.01,71.2,90.55,48.85,76.16,77.88,15.81,39.36,43.32,68.01,41.0,27.51,30.02,42.19,26.0,54.23,54.13,79.65,10.0,61.62,31.4,28.32,75.64,74.04,26.4,76.56,76.69,90.14,18.6,51.11,65.28,52.89,65.12,45.65,102.59,78.1,9.85,0.0,60.0,25.0,7.07,35.51,31.26,75.8,61.13,59.17,57.8,36.5,29.15,7.81,40.25,16.03,43.27,18.03,41.0,72.5,75.5,31.4,50.16,54.67,35.78,41.34,30.89,41.76,61.0,53.08,28.44,64.9,17.09,41.68,25.5,57.94,23.41,55.0,33.84
38,9.06,66.85,62.29,24.21,100.0,84.53,70.21,30.81,61.62,40.31,21.93,57.25,37.16,32.56,55.46,7.81,25.5,62.8,60.83,43.32,29.43,81.74,32.28,81.01,48.75,32.57,86.95,52.2,51.24,30.53,92.63,16.64,91.22,29.73,71.59,60.83,64.63,60.0,0.0,49.24,65.19,64.35,29.27,45.01,88.41,59.17,37.7,24.74,51.48,66.19,30.0,44.01,91.39,71.59,64.82,72.5,20.52,63.13,10.77,48.88,54.41,33.3,52.48,23.32,85.56,45.79,32.39,59.09,56.32,53.08,35.36,66.61,38.83,51.62,30.08
39,41.68,84.4,96.57,30.02,98.06,95.19,25.0,20.1,61.01,72.11,27.31,46.39,12.08,46.96,6.4,41.79,34.13,89.16,18.03,68.43,21.93,53.26,74.28,91.2,41.01,75.01,95.01,92.2,35.23,54.38,87.56,36.5,87.1,48.88,108.17,87.32,21.95,25.0,49.24,0.0,32.02,55.73,22.63,79.63,83.2,72.57,63.13,33.42,45.0,32.65,21.1,21.02,68.24,25.5,60.3,87.3,59.21,51.97,38.48,65.15,52.01,46.52,47.0,26.25,82.38,62.63,28.18,76.92,37.11,56.32,26.93,74.24,13.89,66.48,35.36
40,56.14,69.63,91.05,55.46,71.0,74.67,18.44,46.14,40.71,69.46,47.13,25.24,36.89,44.38,32.65,59.84,60.83,79.21,15.81,62.43,37.36,21.26,78.43,70.94,26.4,79.38,73.08,91.79,18.87,53.31,60.01,59.14,60.01,48.1,103.08,77.78,14.04,7.07,65.19,32.02,0.0,31.95,37.11,77.18,56.01,57.8,59.17,41.01,28.28,1.0,47.01,21.38,36.36,20.62,37.7,70.33,81.49,27.86,55.73,54.49,34.21,43.46,29.73,48.1,56.22,53.26,33.0,63.89,15.56,40.46,30.0,55.47,29.97,54.45,37.48
41,56.4,39.62,65.8,66.61,42.45,42.72,50.29,60.42,10.0,49.25,55.61,9.49,53.85,32.7,59.14,62.48,72.2,51.62,45.4,40.45,47.17,28.65,63.13,39.0,17.2,64.12,41.23,70.61,20.62,39.05,32.31,66.53,31.62,36.4,77.37,50.61,45.12,35.51,64.35,55.73,31.95,0.0,46.32,55.9,27.86,28.84,40.0,41.73,13.45,32.31,60.9,35.44,30.02,52.5,5.83,39.2,84.4,4.12,58.8,29.83,10.44,31.78,12.04,58.01,26.68,30.27,37.2,35.51,19.0,15.03,35.51,24.21,45.88,28.46,35.38
42,20.62,66.12,74.71,20.52,87.73,79.63,41.0,14.56,48.1,50.12,10.3,37.2,12.08,26.48,29.0,23.02,26.17,68.68,31.58,47.43,1.0,55.9,51.66,75.66,29.15,52.4,80.41,69.66,27.59,32.7,78.29,22.36,77.37,27.51,86.09,66.76,35.36,31.26,29.27,22.63,37.11,46.32,0.0,57.45,73.82,55.01,41.79,11.18,33.12,38.08,14.87,15.81,68.01,42.45,49.19,70.01,44.38,43.6,19.0,46.17,39.0,26.31,34.89,12.04,72.01,43.29,9.49,58.22,32.02,41.23,10.82,58.86,9.85,48.04,15.03
43,45.12,31.06,17.72,65.97,72.92,50.0,90.91,68.15,47.17,7.81,57.94,55.36,69.46,33.97,85.8,50.49,69.05,20.25,82.13,15.52,58.31,83.52,16.12,47.71,51.0,16.64,54.08,14.87,58.31,25.5,69.92,59.84,68.01,31.14,28.65,18.6,84.5,75.8,45.01,79.63,77.18,55.9,57.45,0.0,66.94,31.58,18.03,46.32,50.16,78.03,67.78,62.94,85.48,92.96,52.24,37.44,61.39,57.72,50.22,26.17,46.84,34.71,49.4,60.75,63.06,25.71,51.86,26.57,62.18,41.0,53.81,41.0,65.8,28.02,44.69
44,81.39,39.01,70.01,93.81,15.03,28.65,74.17,88.1,26.91,62.63,82.68,37.34,81.71,55.87,86.15,87.86,99.32,54.01,71.11,53.85,74.71,42.72,78.92,26.93,44.72,79.85,24.41,79.76,48.38,59.41,4.47,93.01,4.0,58.8,79.51,54.01,70.0,61.13,88.41,83.2,56.01,27.86,73.82,66.94,0.0,35.44,56.36,68.01,40.71,56.04,88.55,63.25,32.02,76.24,24.7,34.37,108.9,31.32,84.5,43.38,35.23,55.15,38.95,85.23,4.0,45.65,64.5,40.61,46.1,35.36,63.06,25.96,73.74,40.72,61.61
45,54.23,12.08,37.64,71.59,43.01,25.63,74.95,69.18,18.87,27.31,60.83,32.65,66.12,29.61,77.62,60.93,76.4,22.83,67.98,18.87,56.01,57.45,43.83,21.93,33.11,44.72,27.78,45.01,40.71,28.65,38.63,68.31,36.77,30.68,48.85,21.93,68.96,59.17,59.17,72.57,57.8,28.84,55.01,31.58,35.44,0.0,22.63,45.4,30.02,58.41,69.26,51.92,56.04,77.18,23.71,15.0,79.32,32.02,58.52,10.3,23.6,29.43,28.3,63.79,31.62,13.42,46.04,6.71,42.44,17.49,46.27,9.49,59.54,7.62,40.05
46,34.37,29.15,33.6,54.01,65.44,47.17,73.0,54.13,32.56,10.3,44.41,38.08,53.85,16.4,69.12,40.79,58.08,27.29,64.35,6.0,42.72,66.49,23.35,43.83,33.11,24.33,50.0,32.65,40.31,9.22,60.03,49.25,58.31,14.32,45.45,25.32,66.6,57.8,37.7,63.13,59.17,40.0,41.79,18.03,56.36,22.63,0.0,30.68,32.57,60.03,53.94,45.34,70.01,75.07,37.34,34.89,57.31,41.19,39.2,13.04,30.15,17.03,32.02,47.38,52.84,10.77,34.99,21.47,44.28,25.02,36.62,31.4,49.24,15.81,27.78
47,15.81,56.01,63.53,26.57,81.12,70.61,48.85,24.02,41.34,38.95,15.52,33.6,23.26,16.0,39.7,21.1,31.78,57.72,39.4,36.4,12.08,57.01,41.4,66.71,25.0,42.2,71.84,58.8,26.57,21.54,72.42,25.0,71.28,16.49,74.95,55.79,42.72,36.5,24.74,33.42,41.01,41.73,11.18,46.32,68.01,45.4,30.68,0.0,28.32,42.01,24.0,20.62,67.08,50.57,43.42,60.3,43.42,39.82,17.2,36.01,32.8,16.03,29.7,18.44,65.73,33.0,8.06,48.0,31.62,33.54,11.05,50.29,19.8,38.12,6.4
48,43.27,42.06,63.01,53.25,54.78,50.36,44.94,47.42,16.03,42.72,42.2,6.08,41.48,21.21,49.25,49.2,58.82,50.93,38.08,34.89,34.0,34.23,54.33,46.39,4.12,55.33,50.01,65.0,10.77,29.02,45.18,53.08,44.28,25.18,75.0,49.5,38.95,29.15,51.48,45.0,28.28,13.45,33.12,50.16,40.71,30.02,32.57,28.32,0.0,29.0,47.85,24.02,40.52,47.17,16.16,43.66,71.28,11.66,45.45,26.25,7.07,20.22,2.0,44.65,39.0,25.24,23.85,35.81,12.73,12.53,22.36,29.61,33.73,26.17,22.02
49,57.14,70.21,91.83,56.36,71.01,75.03,18.25,47.01,41.18,70.33,48.08,25.81,37.74,45.31,33.12,60.83,61.72,79.91,16.16,63.25,38.33,20.62,79.38,71.31,27.2,80.32,73.38,92.66,19.72,54.23,60.0,60.08,60.03,49.04,103.86,78.49,14.14,7.81,66.19,32.65,1.0,32.31,38.08,78.03,56.04,58.41,60.03,42.01,29.0,0.0,47.89,22.36,35.85,20.4,38.08,70.83,82.46,28.23,56.72,55.23,34.83,44.38,30.41,49.04,56.32,54.04,34.0,64.54,16.28,41.11,31.0,55.95,30.87,55.15,38.47
50,24.21,80.01,85.44,9.06,102.55,94.2,45.28,1.0,62.97,61.03,9.85,51.62,10.44,40.0,26.68,22.2,13.93,81.22,36.88,59.84,13.93,67.42,59.08,90.26,43.83,59.64,95.13,78.39,41.4,44.72,93.02,15.52,92.14,40.2,96.25,79.25,41.0,40.25,30.0,21.1,47.01,60.9,14.87,67.78,88.55,69.26,53.94,24.0,47.85,47.89,0.0,27.59,80.72,46.1,63.98,84.21,38.12,57.98,19.8,60.01,53.85,40.01,49.66,7.21,86.82,57.0,24.35,72.0,45.34,56.04,25.5,73.55,17.2,62.07,29.27
51,35.0,63.89,78.87,35.23,77.88,74.17,28.65,26.87,40.05,55.15,26.0,25.96,18.87,29.0,25.71,38.47,40.8,69.84,19.42,50.0,16.16,40.31,60.9,70.18,20.0,61.77,74.0,76.69,14.87,37.54,67.68,38.08,67.05,31.89,90.79,68.1,22.36,16.03,44.01,21.02,21.38,35.44,15.81,62.94,63.25,51.92,45.34,20.62,24.02,22.36,27.59,0.0,53.15,30.53,39.62,66.49,60.17,31.95,34.37,45.19,31.0,28.32,26.02,27.29,62.1,42.94,12.65,56.65,18.03,35.36,9.85,53.24,10.82,46.24,18.87
52,82.76,64.47,93.68,88.24,44.28,59.55,51.24,79.98,38.33,79.1,78.24,34.48,71.42,61.61,68.96,88.12,93.86,78.43,51.88,70.18,68.6,15.81,93.13,57.01,42.72,94.13,55.87,99.98,40.82,68.73,34.13,90.14,35.23,65.51,104.68,77.79,49.24,43.27,91.39,68.24,36.36,30.02,68.01,85.48,32.02,56.04,70.01,67.08,40.52,35.85,80.72,53.15,0.0,52.89,33.24,61.77,110.48,29.43,84.12,59.3,40.2,60.64,40.02,80.0,34.66,60.07,60.54,62.64,36.06,45.0,57.98,48.47,63.66,57.56,61.33
53,63.06,89.19,108.19,55.15,91.14,95.19,2.24,45.1,60.93,85.15,50.36,45.19,36.0,59.03,21.93,64.78,59.54,97.62,11.18,79.2,42.2,37.11,91.42,91.42,44.41,92.28,93.68,107.0,36.62,67.8,80.1,61.01,80.22,62.2,120.21,96.05,8.49,18.03,71.59,25.5,20.62,52.5,42.45,92.96,76.24,77.18,75.07,50.57,47.17,20.4,46.1,30.53,52.89,0.0,58.19,90.34,84.0,48.38,61.0,72.62,53.71,58.26,48.88,50.09,76.66,70.94,42.94,82.93,34.89,59.68,40.31,75.64,32.76,73.01,49.4
54,57.31,34.06,61.1,69.12,38.63,37.0,55.97,63.56,5.1,46.0,57.98,14.0,57.57,32.45,64.01,63.64,74.63,46.53,50.8,37.01,50.09,33.84,60.67,33.24,20.25,61.66,35.69,66.75,25.08,37.7,29.15,68.41,28.18,35.85,72.5,45.62,50.7,41.0,64.82,60.3,37.7,5.83,49.19,52.24,24.7,23.71,37.34,43.42,16.16,38.08,63.98,39.62,33.24,58.19,0.0,33.42,85.15,9.85,60.14,26.08,10.63,31.62,14.32,60.54,22.85,27.02,39.82,30.41,24.19,12.65,38.48,18.44,49.73,24.33,37.01
55,68.31,6.4,36.22,86.31,36.4,12.73,88.1,84.15,29.68,36.07,75.66,45.18,81.1,44.41,92.2,74.95,91.01,20.4,81.71,29.68,71.01,66.53,52.4,10.3,47.13,53.15,16.64,47.76,54.42,42.38,36.01,82.71,34.01,45.12,45.18,20.88,82.35,72.5,72.5,87.3,70.33,39.2,70.01,37.44,34.37,15.0,34.89,60.3,43.66,70.83,84.21,66.49,61.77,90.34,33.42,0.0,92.18,43.01,72.8,24.52,36.77,44.28,41.79,78.64,30.41,27.66,61.03,13.42,55.46,31.32,61.2,15.0,74.43,22.2,55.04
56,28.02,86.31,77.41,29.27,120.51,104.45,83.02,39.12,82.07,58.19,34.53,76.85,48.0,53.04,64.63,22.36,26.25,80.65,74.17,62.61,44.15,99.72,46.27,101.02,68.26,46.17,107.07,65.01,69.78,50.8,113.14,23.02,111.73,50.25,85.01,78.75,78.23,75.5,20.52,59.21,81.49,84.4,44.38,61.39,108.9,79.32,57.31,43.42,71.28,82.46,38.12,60.17,110.48,84.0,85.15,92.18,0.0,82.93,26.4,69.07,74.65,53.76,72.42,34.13,106.08,66.03,50.16,78.77,74.73,73.55,52.92,87.01,52.47,71.85,49.4
57,54.92,43.14,68.43,64.03,46.1,46.82,46.17,57.45,13.45,50.8,53.15,6.4,50.57,32.28,55.23,60.8,69.66,54.64,41.3,42.2,44.41,26.0,64.0,43.08,14.87,65.0,45.35,72.53,17.09,39.32,35.74,64.35,35.17,36.14,80.13,53.54,41.0,31.4,63.13,51.97,27.86,4.12,43.6,57.72,31.32,32.02,41.19,39.82,11.66,28.23,57.98,31.95,29.43,48.38,9.85,43.01,82.93,0.0,57.01,31.95,11.05,31.32,10.77,55.44,30.41,32.02,34.71,38.6,15.03,16.76,32.8,28.02,42.54,30.87,33.6
58,5.1,67.68,67.91,15.81,97.08,84.15,59.68,20.52,57.63,44.28,11.18,50.8,26.4,29.53,44.72,4.12,19.03,66.0,50.36,45.18,19.03,73.39,39.82,80.41,42.2,40.31,86.01,59.51,43.38,30.59,88.87,10.05,87.62,27.86,78.11,64.0,54.23,50.16,10.77,38.48,55.73,58.8,19.0,50.22,84.5,58.52,39.2,17.2,45.45,56.72,19.8,34.37,84.12,61.0,60.14,72.8,26.4,57.01,0.0,48.38,49.52,30.02,46.75,12.81,82.01,45.22,23.77,59.67,48.33,49.41,26.57,64.85,28.28,50.92,23.43
59,44.01,20.0,36.89,61.81,52.5,35.85,70.43,60.0,21.02,20.1,51.24,30.53,57.71,20.02,70.58,50.7,66.49,25.0,62.68,11.05,47.17,57.94,35.74,32.2,28.32,36.69,38.08,40.79,36.12,18.36,47.01,58.24,45.28,20.62,48.83,23.43,64.2,54.67,48.88,65.15,54.49,29.83,46.17,26.17,43.38,10.3,13.04,36.01,26.25,55.23,60.01,45.19,59.3,72.62,26.08,24.52,69.07,31.95,48.38,0.0,21.47,20.0,25.0,54.23,39.82,3.16,37.66,12.04,38.95,15.23,38.33,18.44,51.66,2.83,31.14
60,46.75,35.51,58.31,58.67,48.75,43.29,51.48,53.49,9.22,39.81,47.51,9.22,48.05,22.36,56.32,53.04,64.14,45.34,44.94,31.32,39.92,36.69,53.01,39.32,11.0,54.01,43.0,61.68,17.72,28.64,39.66,57.8,38.59,26.0,70.18,44.05,45.62,35.78,54.41,52.01,34.21,10.44,39.0,46.84,35.23,23.6,30.15,32.8,7.07,34.83,53.85,31.0,40.2,53.71,10.63,36.77,74.65,11.05,49.52,21.47,0.0,21.47,5.1,50.12,33.12,21.19,29.55,29.73,18.87,6.4,28.46,22.56,40.45,20.81,26.4
61,26.4,40.0,50.61,42.2,67.2,54.82,56.22,40.0,28.32,26.91,31.4,26.31,38.08,1.0,52.35,33.02,47.13,42.72,47.42,21.95,27.29,54.01,35.17,50.96,19.03,36.14,56.3,48.83,25.0,9.85,59.41,39.4,58.05,5.0,62.48,40.85,49.82,41.34,33.3,46.52,43.46,31.78,26.31,34.71,55.15,29.43,17.03,16.03,20.22,44.38,40.01,28.32,60.64,58.26,31.62,44.28,53.76,31.32,30.02,20.0,21.47,0.0,20.62,34.37,52.4,17.03,18.38,32.02,29.61,19.8,19.72,34.93,32.7,22.09,11.4
62,44.41,40.31,61.85,54.92,52.92,48.37,46.65,49.24,14.04,42.06,43.83,6.08,43.42,21.59,51.24,50.45,60.46,49.5,39.92,34.01,35.78,34.53,54.15,44.41,6.08,55.15,48.01,64.26,12.65,29.02,43.42,54.56,42.49,25.5,73.82,48.1,40.71,30.89,52.48,47.0,29.73,12.04,34.89,49.4,38.95,28.3,32.02,29.7,2.0,30.41,49.66,26.02,40.02,48.88,14.32,41.79,72.42,10.77,46.75,25.0,5.1,20.62,0.0,46.32,37.16,24.19,25.55,34.21,14.21,10.82,24.17,27.66,35.69,24.76,23.35
63,17.03,74.17,78.43,8.6,98.84,89.05,49.01,7.81,59.03,54.12,3.0,49.04,14.32,34.23,32.31,15.65,14.21,74.67,40.05,53.34,11.4,67.6,51.87,85.15,40.8,52.43,90.25,71.2,39.62,38.21,89.69,11.18,88.68,34.0,89.16,72.69,44.1,41.76,23.32,26.25,48.1,58.01,12.04,60.75,85.23,63.79,47.38,18.44,44.65,49.04,7.21,27.29,80.0,50.09,60.54,78.64,34.13,55.44,12.81,54.23,50.12,34.37,46.32,0.0,83.24,51.16,20.81,66.12,44.05,51.62,22.67,68.68,18.44,56.44,24.35
64,78.75,35.01,66.01,91.79,15.81,25.24,74.55,86.41,24.41,58.87,80.62,36.14,80.32,53.08,85.59,85.28,97.25,50.01,71.0,50.16,72.92,44.28,75.24,23.26,43.08,76.16,21.26,75.8,47.3,56.22,7.21,90.7,5.66,55.87,75.54,50.01,70.11,61.0,85.56,82.38,56.22,26.68,72.01,63.06,4.0,31.62,52.84,65.73,39.0,56.32,86.82,62.1,34.66,76.66,22.85,30.41,106.08,30.41,82.01,39.82,33.12,52.4,37.16,83.24,0.0,42.19,62.61,36.67,45.4,32.65,61.33,22.14,72.42,37.12,59.36
65,40.85,23.02,37.8,58.69,55.23,39.0,68.77,57.01,22.09,19.03,48.17,29.97,54.92,17.0,68.15,47.54,63.35,26.93,60.8,10.2,44.28,57.87,33.96,35.34,26.91,34.93,41.18,40.52,34.66,15.26,49.4,55.08,47.71,17.46,49.82,25.24,62.48,53.08,45.79,62.63,53.26,30.27,43.29,25.71,45.65,13.42,10.77,33.0,25.24,54.04,57.0,42.94,60.07,70.94,27.02,27.66,66.03,32.02,45.22,3.16,21.19,17.03,24.19,51.16,42.19,0.0,34.93,15.0,37.8,15.3,35.74,21.21,49.04,5.83,28.28
66,23.35,57.43,68.51,29.41,78.29,70.35,41.15,24.04,38.63,44.2,18.44,28.32,20.1,18.79,34.13,27.86,35.0,61.1,31.76,40.25,10.44,49.65,48.55,66.37,20.0,49.4,71.02,65.07,19.72,26.4,68.96,29.83,68.0,20.81,80.21,59.24,34.93,28.44,32.39,28.18,33.0,37.2,9.49,51.86,64.5,46.04,34.99,8.06,23.85,34.0,24.35,12.65,60.54,42.94,39.82,61.03,50.16,34.71,23.77,37.66,29.55,18.38,25.55,20.81,62.61,34.93,0.0,49.65,24.6,31.78,3.0,49.5,14.32,39.32,7.21
67,55.08,8.06,31.05,73.55,46.53,25.81,80.71,72.01,25.55,23.6,63.13,38.9,69.72,32.0,82.22,61.68,78.09,16.12,73.43,16.4,59.21,64.14,40.22,22.67,38.59,41.05,29.0,39.2,46.32,29.12,43.42,69.63,41.48,32.25,42.15,15.23,74.63,64.9,59.09,76.92,63.89,35.51,58.22,26.57,40.61,6.71,21.47,48.0,35.81,64.54,72.0,56.65,62.64,82.93,30.41,13.42,78.77,38.6,59.67,12.04,29.73,32.02,34.21,66.12,36.67,15.0,49.65,0.0,48.41,23.43,50.22,15.0,63.56,10.44,43.19
68,47.43,54.38,75.6,52.4,61.0,60.88,32.65,44.69,26.25,54.56,42.2,10.44,36.89,30.59,40.2,52.39,58.05,63.66,26.68,47.17,32.65,25.5,64.76,57.01,11.18,65.73,59.84,76.92,5.1,39.29,50.45,54.08,50.01,34.53,87.62,62.23,26.93,17.09,56.32,37.11,15.56,19.0,32.02,62.18,46.1,42.44,44.28,31.62,12.73,16.28,45.34,18.03,36.06,34.89,24.19,55.46,74.73,15.03,48.33,38.95,18.87,29.61,14.21,44.05,45.4,37.8,24.6,48.41,0.0,25.0,21.95,40.85,28.84,38.9,26.48
69,46.1,29.53,51.97,60.01,47.71,39.0,57.45,55.79,8.6,34.23,48.85,15.62,51.24,20.52,61.0,52.63,65.31,38.95,50.57,25.5,42.2,42.72,48.26,35.0,15.81,49.25,39.32,55.79,23.26,25.08,39.62,58.31,38.29,23.6,63.81,37.64,51.48,41.68,53.08,56.32,40.46,15.03,41.23,41.0,35.36,17.49,25.02,33.54,12.53,41.11,56.04,35.36,45.0,59.68,12.65,31.32,73.55,16.76,49.41,15.23,6.4,19.8,10.82,51.62,32.65,15.3,31.78,23.43,25.0,0.0,31.26,18.0,44.01,14.42,27.31
70,26.31,57.87,70.21,31.24,77.08,70.11,38.47,25.08,37.64,46.1,20.52,26.4,20.02,20.25,32.65,30.68,36.88,62.24,29.15,41.68,11.66,46.82,51.11,66.12,18.36,51.97,70.58,67.27,17.2,28.32,67.54,32.2,66.64,22.67,82.01,60.42,32.2,25.5,35.36,26.93,30.0,35.51,10.82,53.81,63.06,46.27,36.62,11.05,22.36,31.0,25.5,9.85,57.98,40.31,38.48,61.2,52.92,32.8,26.57,38.33,28.46,19.72,24.17,22.67,61.33,35.74,3.0,50.22,21.95,31.26,0.0,49.16,13.34,39.81,9.22
71,60.9,16.12,45.71,76.84,34.06,21.0,73.41,73.35,14.76,36.77,65.8,30.46,69.18,35.34,78.77,67.6,81.93,30.08,67.36,28.18,59.84,51.86,53.23,17.0,33.38,54.13,21.59,54.15,40.26,36.24,29.15,74.32,27.31,37.22,56.32,29.61,67.78,57.94,66.61,74.24,55.47,24.21,58.86,41.0,25.96,9.49,31.4,50.29,29.61,55.95,73.55,53.24,48.47,75.64,18.44,15.0,87.01,28.02,64.85,18.44,22.56,34.93,27.66,68.68,22.14,21.21,49.5,15.0,40.85,18.0,49.16,0.0,62.01,15.62,44.38
72,30.36,71.2,82.68,25.5,88.23,83.01,31.4,16.4,49.65,58.25,18.03,36.4,8.06,33.11,20.0,32.14,30.89,75.39,22.09,54.56,9.49,50.22,61.07,79.01,29.61,61.85,83.22,78.57,25.5,40.5,78.19,29.61,77.49,34.99,94.3,73.54,26.02,23.41,38.83,13.89,29.97,45.88,9.85,65.8,73.74,59.54,49.24,19.8,33.73,30.87,17.2,10.82,63.66,32.76,49.73,74.43,52.47,42.54,28.28,51.66,40.45,32.7,35.69,18.44,72.42,49.04,14.32,63.56,28.84,44.01,13.34,62.01,0.0,53.15,21.47
73,46.62,18.11,37.59,64.13,49.68,33.24,70.8,62.03,19.24,22.36,53.46,30.0,59.41,22.2,71.78,53.31,68.88,24.76,63.29,13.34,49.04,56.86,38.28,29.55,28.6,39.22,35.36,42.43,36.4,21.1,44.29,60.73,42.54,23.09,49.4,23.35,64.64,55.0,51.62,66.48,54.45,28.46,48.04,28.02,40.72,7.62,15.81,38.12,26.17,55.15,62.07,46.24,57.56,73.01,24.33,22.2,71.85,30.87,50.92,2.83,20.81,22.09,24.76,56.44,37.12,5.83,39.32,10.44,38.9,14.42,39.81,15.62,53.15,0.0,33.02
74,21.47,51.09,61.29,32.7,74.79,64.94,47.51,29.15,34.99,37.01,21.54,27.46,26.68,11.7,41.34,27.2,38.01,54.08,38.28,33.11,16.03,51.97,42.06,61.0,18.87,42.94,65.97,58.05,21.38,19.21,66.03,31.4,64.9,13.6,73.01,52.2,41.18,33.84,30.08,35.36,37.48,35.38,15.03,44.69,61.61,40.05,27.78,6.4,22.02,38.47,29.27,18.87,61.33,49.4,37.01,55.04,49.4,33.6,23.43,31.14,26.4,11.4,23.35,24.35,59.36,28.28,7.21,43.19,26.48,27.31,9.22,44.38,21.47,33.02,0.0
