set K:= 1	2	3	4	5	6	7	8	9;
set C_H:= 1	2	3	4	5	6	7	8	9	10	11	12	13	14	15	16	17	18	19	20	21	22;
set C_S:= 23	24	25	26	27	28	29	30	31	32	33	34	35	36	37	38	39	40	41	42;
set C_F:= 43	44	45	46	47	48	49	50	51	52	53	54	55	56	57	58	59	60	61	62;
set M:= 63	64	65	66	67	68;
set L_B:= 69	70	71	72	73	74	75	76	77;
set A1:=
(0,*) 1 2 3 4 5 6 7 8 9 10 11 12 13 14 15 16 17 18 19 20 21 22 43 44 45 46 47 48 49 50 51 52 53 54 55 56 57 58 59 60 61 62 63 64 65 66 67 68 69 70 71 72 73 74 75 76 77 78
(1,*) 0 2 3 4 5 6 7 8 9 10 11 12 13 14 15 16 17 18 19 20 21 22 43 44 45 46 47 48 49 50 51 52 53 54 55 56 57 58 59 60 61 62 63 64 65 66 67 68 69 70 71 72 73 74 75 76 77 78
(2,*) 0 1 3 4 5 6 7 8 9 10 11 12 13 14 15 16 17 18 19 20 21 22 43 44 45 46 47 48 49 50 51 52 53 54 55 56 57 58 59 60 61 62 63 64 65 66 67 68 69 70 71 72 73 74 75 76 77 78
(3,*) 0 1 2 4 5 6 7 8 9 10 11 12 13 14 15 16 17 18 19 20 21 22 43 44 45 46 47 48 49 50 51 52 53 54 55 56 57 58 59 60 61 62 63 64 65 66 67 68 69 70 71 72 73 74 75 76 77 78
(4,*) 0 1 2 3 5 6 7 8 9 10 11 12 13 14 15 16 17 18 19 20 21 22 43 44 45 46 47 48 49 50 51 52 53 54 55 56 57 58 59 60 61 62 63 64 65 66 67 68 69 70 71 72 73 74 75 76 77 78
(5,*) 0 1 2 3 4 6 7 8 9 10 11 12 13 14 15 16 17 18 19 20 21 22 43 44 45 46 47 48 49 50 51 52 53 54 55 56 57 58 59 60 61 62 63 64 65 66 67 68 69 70 71 72 73 74 75 76 77 78
(6,*) 0 1 2 3 4 5 7 8 9 10 11 12 13 14 15 16 17 18 19 20 21 22 43 44 45 46 47 48 49 50 51 52 53 54 55 56 57 58 59 60 61 62 63 64 65 66 67 68 69 70 71 72 73 74 75 76 77 78
(7,*) 0 1 2 3 4 5 6 8 9 10 11 12 13 14 15 16 17 18 19 20 21 22 43 44 45 46 47 48 49 50 51 52 53 54 55 56 57 58 59 60 61 62 63 64 65 66 67 68 69 70 71 72 73 74 75 76 77 78
(8,*) 0 1 2 3 4 5 6 7 9 10 11 12 13 14 15 16 17 18 19 20 21 22 43 44 45 46 47 48 49 50 51 52 53 54 55 56 57 58 59 60 61 62 63 64 65 66 67 68 69 70 71 72 73 74 75 76 77 78
(9,*) 0 1 2 3 4 5 6 7 8 10 11 12 13 14 15 16 17 18 19 20 21 22 43 44 45 46 47 48 49 50 51 52 53 54 55 56 57 58 59 60 61 62 63 64 65 66 67 68 69 70 71 72 73 74 75 76 77 78
(10,*) 0 1 2 3 4 5 6 7 8 9 11 12 13 14 15 16 17 18 19 20 21 22 43 44 45 46 47 48 49 50 51 52 53 54 55 56 57 58 59 60 61 62 63 64 65 66 67 68 69 70 71 72 73 74 75 76 77 78
(11,*) 0 1 2 3 4 5 6 7 8 9 10 12 13 14 15 16 17 18 19 20 21 22 43 44 45 46 47 48 49 50 51 52 53 54 55 56 57 58 59 60 61 62 63 64 65 66 67 68 69 70 71 72 73 74 75 76 77 78
(12,*) 0 1 2 3 4 5 6 7 8 9 10 11 13 14 15 16 17 18 19 20 21 22 43 44 45 46 47 48 49 50 51 52 53 54 55 56 57 58 59 60 61 62 63 64 65 66 67 68 69 70 71 72 73 74 75 76 77 78
(13,*) 0 1 2 3 4 5 6 7 8 9 10 11 12 14 15 16 17 18 19 20 21 22 43 44 45 46 47 48 49 50 51 52 53 54 55 56 57 58 59 60 61 62 63 64 65 66 67 68 69 70 71 72 73 74 75 76 77 78
(14,*) 0 1 2 3 4 5 6 7 8 9 10 11 12 13 15 16 17 18 19 20 21 22 43 44 45 46 47 48 49 50 51 52 53 54 55 56 57 58 59 60 61 62 63 64 65 66 67 68 69 70 71 72 73 74 75 76 77 78
(15,*) 0 1 2 3 4 5 6 7 8 9 10 11 12 13 14 16 17 18 19 20 21 22 43 44 45 46 47 48 49 50 51 52 53 54 55 56 57 58 59 60 61 62 63 64 65 66 67 68 69 70 71 72 73 74 75 76 77 78
(16,*) 0 1 2 3 4 5 6 7 8 9 10 11 12 13 14 15 17 18 19 20 21 22 43 44 45 46 47 48 49 50 51 52 53 54 55 56 57 58 59 60 61 62 63 64 65 66 67 68 69 70 71 72 73 74 75 76 77 78
(17,*) 0 1 2 3 4 5 6 7 8 9 10 11 12 13 14 15 16 18 19 20 21 22 43 44 45 46 47 48 49 50 51 52 53 54 55 56 57 58 59 60 61 62 63 64 65 66 67 68 69 70 71 72 73 74 75 76 77 78
(18,*) 0 1 2 3 4 5 6 7 8 9 10 11 12 13 14 15 16 17 19 20 21 22 43 44 45 46 47 48 49 50 51 52 53 54 55 56 57 58 59 60 61 62 63 64 65 66 67 68 69 70 71 72 73 74 75 76 77 78
(19,*) 0 1 2 3 4 5 6 7 8 9 10 11 12 13 14 15 16 17 18 20 21 22 43 44 45 46 47 48 49 50 51 52 53 54 55 56 57 58 59 60 61 62 63 64 65 66 67 68 69 70 71 72 73 74 75 76 77 78
(20,*) 0 1 2 3 4 5 6 7 8 9 10 11 12 13 14 15 16 17 18 19 21 22 43 44 45 46 47 48 49 50 51 52 53 54 55 56 57 58 59 60 61 62 63 64 65 66 67 68 69 70 71 72 73 74 75 76 77 78
(21,*) 0 1 2 3 4 5 6 7 8 9 10 11 12 13 14 15 16 17 18 19 20 22 43 44 45 46 47 48 49 50 51 52 53 54 55 56 57 58 59 60 61 62 63 64 65 66 67 68 69 70 71 72 73 74 75 76 77 78
(22,*) 0 1 2 3 4 5 6 7 8 9 10 11 12 13 14 15 16 17 18 19 20 21 43 44 45 46 47 48 49 50 51 52 53 54 55 56 57 58 59 60 61 62 63 64 65 66 67 68 69 70 71 72 73 74 75 76 77 78
(43,*) 0 1 2 3 4 5 6 7 8 9 10 11 12 13 14 15 16 17 18 19 20 21 22 44 45 46 47 48 49 50 51 52 53 54 55 56 57 58 59 60 61 62 63 64 65 66 67 68 69 70 71 72 73 74 75 76 77 78
(44,*) 0 1 2 3 4 5 6 7 8 9 10 11 12 13 14 15 16 17 18 19 20 21 22 43 45 46 47 48 49 50 51 52 53 54 55 56 57 58 59 60 61 62 63 64 65 66 67 68 69 70 71 72 73 74 75 76 77 78
(45,*) 0 1 2 3 4 5 6 7 8 9 10 11 12 13 14 15 16 17 18 19 20 21 22 43 44 46 47 48 49 50 51 52 53 54 55 56 57 58 59 60 61 62 63 64 65 66 67 68 69 70 71 72 73 74 75 76 77 78
(46,*) 0 1 2 3 4 5 6 7 8 9 10 11 12 13 14 15 16 17 18 19 20 21 22 43 44 45 47 48 49 50 51 52 53 54 55 56 57 58 59 60 61 62 63 64 65 66 67 68 69 70 71 72 73 74 75 76 77 78
(47,*) 0 1 2 3 4 5 6 7 8 9 10 11 12 13 14 15 16 17 18 19 20 21 22 43 44 45 46 48 49 50 51 52 53 54 55 56 57 58 59 60 61 62 63 64 65 66 67 68 69 70 71 72 73 74 75 76 77 78
(48,*) 0 1 2 3 4 5 6 7 8 9 10 11 12 13 14 15 16 17 18 19 20 21 22 43 44 45 46 47 49 50 51 52 53 54 55 56 57 58 59 60 61 62 63 64 65 66 67 68 69 70 71 72 73 74 75 76 77 78
(49,*) 0 1 2 3 4 5 6 7 8 9 10 11 12 13 14 15 16 17 18 19 20 21 22 43 44 45 46 47 48 50 51 52 53 54 55 56 57 58 59 60 61 62 63 64 65 66 67 68 69 70 71 72 73 74 75 76 77 78
(50,*) 0 1 2 3 4 5 6 7 8 9 10 11 12 13 14 15 16 17 18 19 20 21 22 43 44 45 46 47 48 49 51 52 53 54 55 56 57 58 59 60 61 62 63 64 65 66 67 68 69 70 71 72 73 74 75 76 77 78
(51,*) 0 1 2 3 4 5 6 7 8 9 10 11 12 13 14 15 16 17 18 19 20 21 22 43 44 45 46 47 48 49 50 52 53 54 55 56 57 58 59 60 61 62 63 64 65 66 67 68 69 70 71 72 73 74 75 76 77 78
(52,*) 0 1 2 3 4 5 6 7 8 9 10 11 12 13 14 15 16 17 18 19 20 21 22 43 44 45 46 47 48 49 50 51 53 54 55 56 57 58 59 60 61 62 63 64 65 66 67 68 69 70 71 72 73 74 75 76 77 78
(53,*) 0 1 2 3 4 5 6 7 8 9 10 11 12 13 14 15 16 17 18 19 20 21 22 43 44 45 46 47 48 49 50 51 52 54 55 56 57 58 59 60 61 62 63 64 65 66 67 68 69 70 71 72 73 74 75 76 77 78
(54,*) 0 1 2 3 4 5 6 7 8 9 10 11 12 13 14 15 16 17 18 19 20 21 22 43 44 45 46 47 48 49 50 51 52 53 55 56 57 58 59 60 61 62 63 64 65 66 67 68 69 70 71 72 73 74 75 76 77 78
(55,*) 0 1 2 3 4 5 6 7 8 9 10 11 12 13 14 15 16 17 18 19 20 21 22 43 44 45 46 47 48 49 50 51 52 53 54 56 57 58 59 60 61 62 63 64 65 66 67 68 69 70 71 72 73 74 75 76 77 78
(56,*) 0 1 2 3 4 5 6 7 8 9 10 11 12 13 14 15 16 17 18 19 20 21 22 43 44 45 46 47 48 49 50 51 52 53 54 55 57 58 59 60 61 62 63 64 65 66 67 68 69 70 71 72 73 74 75 76 77 78
(57,*) 0 1 2 3 4 5 6 7 8 9 10 11 12 13 14 15 16 17 18 19 20 21 22 43 44 45 46 47 48 49 50 51 52 53 54 55 56 58 59 60 61 62 63 64 65 66 67 68 69 70 71 72 73 74 75 76 77 78
(58,*) 0 1 2 3 4 5 6 7 8 9 10 11 12 13 14 15 16 17 18 19 20 21 22 43 44 45 46 47 48 49 50 51 52 53 54 55 56 57 59 60 61 62 63 64 65 66 67 68 69 70 71 72 73 74 75 76 77 78
(59,*) 0 1 2 3 4 5 6 7 8 9 10 11 12 13 14 15 16 17 18 19 20 21 22 43 44 45 46 47 48 49 50 51 52 53 54 55 56 57 58 60 61 62 63 64 65 66 67 68 69 70 71 72 73 74 75 76 77 78
(60,*) 0 1 2 3 4 5 6 7 8 9 10 11 12 13 14 15 16 17 18 19 20 21 22 43 44 45 46 47 48 49 50 51 52 53 54 55 56 57 58 59 61 62 63 64 65 66 67 68 69 70 71 72 73 74 75 76 77 78
(61,*) 0 1 2 3 4 5 6 7 8 9 10 11 12 13 14 15 16 17 18 19 20 21 22 43 44 45 46 47 48 49 50 51 52 53 54 55 56 57 58 59 60 62 63 64 65 66 67 68 69 70 71 72 73 74 75 76 77 78
(62,*) 0 1 2 3 4 5 6 7 8 9 10 11 12 13 14 15 16 17 18 19 20 21 22 43 44 45 46 47 48 49 50 51 52 53 54 55 56 57 58 59 60 61 63 64 65 66 67 68 69 70 71 72 73 74 75 76 77 78
(63,*) 0 1 2 3 4 5 6 7 8 9 10 11 12 13 14 15 16 17 18 19 20 21 22 43 44 45 46 47 48 49 50 51 52 53 54 55 56 57 58 59 60 61 62 64 65 66 67 68 69 70 71 72 73 74 75 76 77 78
(64,*) 0 1 2 3 4 5 6 7 8 9 10 11 12 13 14 15 16 17 18 19 20 21 22 43 44 45 46 47 48 49 50 51 52 53 54 55 56 57 58 59 60 61 62 63 65 66 67 68 69 70 71 72 73 74 75 76 77 78
(65,*) 0 1 2 3 4 5 6 7 8 9 10 11 12 13 14 15 16 17 18 19 20 21 22 43 44 45 46 47 48 49 50 51 52 53 54 55 56 57 58 59 60 61 62 63 64 66 67 68 69 70 71 72 73 74 75 76 77 78
(66,*) 0 1 2 3 4 5 6 7 8 9 10 11 12 13 14 15 16 17 18 19 20 21 22 43 44 45 46 47 48 49 50 51 52 53 54 55 56 57 58 59 60 61 62 63 64 65 67 68 69 70 71 72 73 74 75 76 77 78
(67,*) 0 1 2 3 4 5 6 7 8 9 10 11 12 13 14 15 16 17 18 19 20 21 22 43 44 45 46 47 48 49 50 51 52 53 54 55 56 57 58 59 60 61 62 63 64 65 66 68 69 70 71 72 73 74 75 76 77 78
(68,*) 0 1 2 3 4 5 6 7 8 9 10 11 12 13 14 15 16 17 18 19 20 21 22 43 44 45 46 47 48 49 50 51 52 53 54 55 56 57 58 59 60 61 62 63 64 65 66 67 69 70 71 72 73 74 75 76 77 78
(69,*) 0 1 2 3 4 5 6 7 8 9 10 11 12 13 14 15 16 17 18 19 20 21 22 43 44 45 46 47 48 49 50 51 52 53 54 55 56 57 58 59 60 61 62 63 64 65 66 67 68 70 71 72 73 74 75 76 77 78
(70,*) 0 1 2 3 4 5 6 7 8 9 10 11 12 13 14 15 16 17 18 19 20 21 22 43 44 45 46 47 48 49 50 51 52 53 54 55 56 57 58 59 60 61 62 63 64 65 66 67 68 69 71 72 73 74 75 76 77 78
(71,*) 0 1 2 3 4 5 6 7 8 9 10 11 12 13 14 15 16 17 18 19 20 21 22 43 44 45 46 47 48 49 50 51 52 53 54 55 56 57 58 59 60 61 62 63 64 65 66 67 68 69 70 72 73 74 75 76 77 78
(72,*) 0 1 2 3 4 5 6 7 8 9 10 11 12 13 14 15 16 17 18 19 20 21 22 43 44 45 46 47 48 49 50 51 52 53 54 55 56 57 58 59 60 61 62 63 64 65 66 67 68 69 70 71 73 74 75 76 77 78
(73,*) 0 1 2 3 4 5 6 7 8 9 10 11 12 13 14 15 16 17 18 19 20 21 22 43 44 45 46 47 48 49 50 51 52 53 54 55 56 57 58 59 60 61 62 63 64 65 66 67 68 69 70 71 72 74 75 76 77 78
(74,*) 0 1 2 3 4 5 6 7 8 9 10 11 12 13 14 15 16 17 18 19 20 21 22 43 44 45 46 47 48 49 50 51 52 53 54 55 56 57 58 59 60 61 62 63 64 65 66 67 68 69 70 71 72 73 75 76 77 78
(75,*) 0 1 2 3 4 5 6 7 8 9 10 11 12 13 14 15 16 17 18 19 20 21 22 43 44 45 46 47 48 49 50 51 52 53 54 55 56 57 58 59 60 61 62 63 64 65 66 67 68 69 70 71 72 73 74 76 77 78
(76,*) 0 1 2 3 4 5 6 7 8 9 10 11 12 13 14 15 16 17 18 19 20 21 22 43 44 45 46 47 48 49 50 51 52 53 54 55 56 57 58 59 60 61 62 63 64 65 66 67 68 69 70 71 72 73 74 75 77 78
(77,*) 0 1 2 3 4 5 6 7 8 9 10 11 12 13 14 15 16 17 18 19 20 21 22 43 44 45 46 47 48 49 50 51 52 53 54 55 56 57 58 59 60 61 62 63 64 65 66 67 68 69 70 71 72 73 74 75 76 78
(78,*) 0 1 2 3 4 5 6 7 8 9 10 11 12 13 14 15 16 17 18 19 20 21 22 43 44 45 46 47 48 49 50 51 52 53 54 55 56 57 58 59 60 61 62 63 64 65 66 67 68 69 70 71 72 73 74 75 76 77
;
set A2:=
(63,*) 64
(64,*) 63
(65,*) 66
(66,*) 65
;
param BigM:=99999;
param n:= 9;
param d:=
1	18
2	5
3	20
4	18
5	20
6	5
7	20
8	15
9	21
10	22
11	14
12	15
13	15
14	26
15	12
16	23
17	4
18	2
19	20
20	18
21	19
22	8
23	22
24	14
25	7
26	19
27	11
28	22
29	24
30	2
31	21
32	6
33	23
34	15
35	23
36	7
37	22
38	3
39	15
40	21
41	4
42	10
43	4
44	9
45	7
46	2
47	10
48	21
49	1
50	15
51	14
52	19
53	6
54	14
55	14
56	15
57	26
58	20
59	2
60	2
61	24
62	17
;
param Q:=100;
param w:=
[63,*] 64 2
[64,*] 63 2
[65,*] 66 2
[66,*] 65 2
;
param V:=
[63,*] 64 81
[64,*] 63 81
[65,*] 66 84
[66,*] 65 84
;
param e:
	63	64	65	66	67	68	69	70	71	72	73	74	75	76	77:=
23		0		1		0		0		0		0		0		0		0		0		0		0		0		0		0	
24		0		0		0		0		0		0		0		0		0		0		0		0		0		0		1	
25		1		0		0		0		1		0		0		0		0		0		0		0		0		0		0	
26		0		1		0		0		0		0		0		0		0		0		0		0		0		0		0	
27		0		0		1		0		0		1		0		0		0		0		0		0		0		0		0	
28		0		0		0		1		0		0		0		0		0		0		0		0		0		0		0	
29		0		0		0		0		0		1		0		0		0		0		1		0		0		0		0	
30		0		1		0		0		0		0		0		0		0		0		0		0		0		0		0	
31		0		0		0		0		0		0		0		0		0		0		0		0		0		1		0	
32		0		0		0		0		0		1		0		0		0		0		0		0		0		0		0	
33		0		0		0		1		0		0		0		0		0		1		0		0		0		0		0	
34		0		0		0		0		0		0		0		0		0		0		0		0		0		0		1	
35		0		1		0		0		0		0		0		0		0		0		0		0		0		0		0	
36		0		1		0		0		0		0		0		0		0		0		0		0		0		0		0	
37		0		1		0		0		0		0		0		0		0		0		0		0		0		0		1	
38		0		1		0		0		0		0		0		0		0		0		0		0		0		0		0	
39		0		0		0		0		0		0		0		0		0		0		0		1		0		0		0	
40		0		0		1		0		0		1		1		0		0		0		0		0		1		0		0	
41		0		0		0		0		0		1		1		0		1		0		1		0		1		0		1	
42		0		0		1		0		0		1		0		0		0		0		1		0		0		0		0	
43		0		1		0		0		0		0		0		0		0		0		0		0		0		0		0	
44		0		0		0		0		0		1		1		0		1		0		1		0		1		0		0	
45		0		0		0		0		0		1		1		0		1		0		1		1		1		1		0	
46		1		0		0		0		0		0		0		1		0		1		0		1		0		0		0	
47		0		0		0		0		1		0		0		0		0		0		0		0		0		1		0	
48		0		0		0		0		0		1		1		0		1		0		1		0		1		0		0	
49		1		0		0		0		1		0		0		0		0		0		0		0		0		0		0	
50		0		0		1		0		0		1		0		0		0		0		0		0		0		0		0	
51		0		0		1		0		0		1		1		0		0		0		1		0		1		0		0	
52		0		1		0		0		0		0		1		0		1		0		0		0		1		0		1	
53		0		0		0		1		0		0		0		0		0		0		0		0		0		0		0	
54		0		0		0		1		0		0		0		0		0		1		0		0		0		0		0	
55		0		0		0		0		0		1		1		0		1		0		1		0		1		0		0	
56		0		0		1		0		0		1		0		0		0		0		0		0		0		0		0	
57		0		0		0		0		0		0		0		0		0		0		0		0		0		1		0	
58		0		0		0		1		0		0		0		0		0		0		0		0		0		0		0	
59		0		1		0		0		0		0		1		0		1		0		0		0		0		0		1	
60		0		0		0		1		0		0		0		0		0		0		0		1		0		0		0	
61		1		0		0		0		1		0		0		0		0		0		0		0		0		1		0	
62		0		0		0		0		0		1		1		0		0		0		0		0		1		0		1	
;
param p:=
1	1
2	1
3	1
4	1
5	1
6	1
7	1
8	1
9	1
;
param G:=
63	71
64	81
65	83
66	84
67	81
68	71
69	87
70	80
71	95
72	86
73	93
74	77
75	71
76	99
77	92
;
param s:=
0	0
1	10
2	10
3	10
4	10
5	10
6	10
7	10
8	10
9	10
10	10
11	10
12	10
13	10
14	10
15	10
16	10
17	10
18	10
19	10
20	10
21	10
22	10
43	10
44	10
45	10
46	10
47	10
48	10
49	10
50	10
51	10
52	10
53	10
54	10
55	10
56	10
57	10
58	10
59	10
60	10
61	10
62	10
63	10
64	10
65	10
66	10
67	10
68	10
69	10
70	10
71	10
72	10
73	10
74	10
75	10
76	10
77	10
;
param t:
	0	1	2	3	4	5	6	7	8	9	10	11	12	13	14	15	16	17	18	19	20	21	22	23	24	25	26	27	28	29	30	31	32	33	34	35	36	37	38	39	40	41	42	43	44	45	46	47	48	49	50	51	52	53	54	55	56	57	58	59	60	61	62	63	64	65	66	67	68	69	70	71	72	73	74	75	76	77	78:=
0	0.0	64.03	72.25	82.46	14.42	50.16	42.52	112.07	32.25	33.53	8.94	62.0	80.4	60.83	100.5	84.76	50.16	78.23	82.39	91.78	50.99	62.8	92.28	83.76	100.44	26.08	90.91	92.09	92.35	61.35	101.82	26.68	80.32	78.0	80.45	88.81	86.83	99.04	110.45	77.82	82.46	83.35	62.51	121.66	75.15	57.69	39.29	28.64	75.89	10.0	70.11	70.34	84.4	86.58	54.15	76.97	86.02	32.98	80.0	99.3	74.0	24.41	98.08	26.48	102.18	81.02	69.18	14.87	81.25	79.26	39.22	77.94	47.3	71.59	51.11	76.54	39.0	93.48	0.0
1	64.03	0.0	11.31	24.08	72.69	62.23	41.23	90.0	32.06	32.98	56.32	2.83	96.02	8.94	66.75	85.91	15.23	95.6	97.65	30.53	26.91	38.63	80.05	44.41	80.22	43.68	56.32	108.17	35.38	71.22	70.46	74.0	83.19	29.12	66.48	50.64	52.15	70.11	80.62	32.56	89.55	73.38	82.07	88.29	73.35	56.04	27.2	57.27	80.62	54.04	96.17	80.45	67.47	23.41	11.66	75.15	104.4	63.53	16.12	80.4	22.8	53.14	94.87	38.12	76.03	102.94	5.83	50.09	89.19	71.51	29.15	66.41	20.12	71.59	31.24	70.38	59.64	75.8	64.03
2	72.25	11.31	0.0	27.2	82.0	73.54	52.5	98.33	41.23	43.08	64.03	11.66	107.2	20.0	74.03	96.6	22.09	106.83	108.81	30.0	38.21	49.19	89.84	52.04	89.11	53.85	64.03	119.28	37.58	82.46	78.0	84.31	94.02	36.0	76.55	58.0	60.13	78.1	88.02	40.05	100.5	83.57	93.38	94.76	84.12	67.2	37.58	68.0	91.59	62.29	107.48	91.61	77.2	21.26	18.11	85.88	115.6	74.43	10.0	89.44	30.07	63.56	105.11	47.3	84.21	114.21	11.4	59.03	100.17	81.94	39.82	76.69	31.06	82.49	42.52	80.96	70.8	85.15	72.25
3	82.46	24.08	27.2	0.0	88.36	65.39	48.66	73.76	50.6	49.03	75.89	26.91	93.72	22.36	48.37	79.4	38.42	94.02	95.02	10.2	34.06	34.99	68.96	27.86	65.79	58.31	39.29	104.69	11.31	71.02	52.61	86.21	77.79	12.81	57.2	32.98	36.06	53.37	62.29	17.2	84.85	64.4	83.35	68.12	67.88	55.57	43.17	68.26	76.42	72.8	97.75	78.41	56.6	11.66	35.38	69.31	102.18	72.99	20.0	66.48	10.77	66.0	85.44	56.04	59.67	102.2	18.6	67.68	84.86	63.89	43.57	58.26	35.17	67.27	36.5	63.7	66.94	63.07	82.46
4	14.42	72.69	82.0	88.36	0.0	44.05	43.08	107.63	40.79	40.05	22.63	71.02	69.86	68.03	99.3	76.94	60.17	67.47	71.81	98.18	54.92	63.56	86.83	85.09	96.21	30.07	90.55	80.89	97.32	53.85	100.0	14.14	72.47	82.0	76.37	89.44	86.83	96.83	107.81	81.04	73.54	78.1	52.5	119.33	68.82	53.81	46.04	24.41	68.0	21.63	58.14	61.74	80.62	94.02	64.03	70.46	74.67	25.61	88.81	94.85	78.92	23.41	90.35	34.71	99.16	69.26	77.32	23.09	72.24	73.88	45.01	73.55	54.01	65.22	53.85	71.06	33.24	89.14	14.42
5	50.16	62.23	73.54	65.39	44.05	0.0	21.63	63.66	43.68	37.95	51.42	62.29	36.06	53.81	58.31	34.93	58.31	34.93	37.95	75.39	35.38	31.05	42.8	50.0	52.35	32.06	51.42	48.7	70.34	12.0	58.14	32.8	30.59	54.41	32.8	52.35	48.66	54.59	64.9	51.42	34.0	34.06	20.0	76.55	25.06	12.17	40.25	21.54	26.31	47.07	33.94	22.09	37.2	75.18	60.46	26.83	43.86	18.44	75.6	50.91	54.63	26.68	48.08	41.44	56.04	41.34	63.89	41.44	33.02	29.83	37.12	29.83	43.6	21.47	31.24	27.02	11.18	45.28	50.16
6	42.52	41.23	52.5	48.66	43.08	21.63	0.0	71.55	24.0	18.0	40.0	41.04	57.27	33.29	58.0	52.15	36.72	56.36	59.09	58.86	15.23	20.59	53.85	42.05	59.93	17.2	48.41	69.86	56.0	32.31	59.46	38.05	48.37	40.05	40.5	46.65	44.41	56.85	68.41	38.47	53.37	45.12	41.62	79.4	40.0	20.0	18.97	20.1	44.72	35.61	55.32	42.38	43.86	56.92	38.83	42.0	65.3	24.33	55.57	59.09	38.21	19.7	64.03	23.77	60.46	62.97	43.57	29.21	52.63	41.59	15.81	38.6	22.02	37.05	12.17	39.32	18.79	53.31	42.52
7	112.07	90.0	98.33	73.76	107.63	63.66	71.55	0.0	93.64	88.02	111.14	92.02	57.27	82.1	26.0	37.95	97.02	59.67	56.89	78.43	72.28	55.79	21.63	46.39	11.66	88.59	34.53	60.0	68.35	55.61	21.54	96.21	41.23	62.51	31.62	40.79	38.21	20.4	14.14	58.31	45.61	29.73	63.53	20.4	40.0	54.41	86.02	84.02	44.72	106.68	71.47	51.88	27.78	84.9	96.52	38.83	62.29	82.07	93.38	12.81	68.26	87.66	30.0	94.94	14.14	66.91	87.14	100.34	46.84	33.97	83.49	34.21	82.98	43.42	68.96	36.8	74.41	18.6	112.07
8	32.25	32.06	41.23	50.6	40.79	43.68	24.0	93.64	0.0	6.0	25.3	30.27	79.7	28.64	76.55	76.11	19.7	78.43	81.61	59.67	22.8	38.47	77.28	56.64	82.22	14.14	66.03	92.35	60.93	55.32	78.89	43.91	72.25	47.71	63.56	62.48	61.61	76.94	88.59	48.41	76.94	68.73	62.77	98.79	64.0	44.0	8.49	29.73	68.47	22.36	75.18	65.51	66.48	54.33	23.41	66.0	87.32	36.88	48.17	81.61	42.94	24.08	88.02	6.08	81.44	84.17	37.01	18.03	76.12	65.38	10.3	61.98	15.65	61.03	25.06	63.2	36.24	75.96	32.25
9	33.53	32.98	43.08	49.03	40.05	37.95	18.0	88.02	6.0	0.0	27.78	31.62	74.0	28.0	71.61	70.11	22.8	72.8	75.89	58.55	18.44	33.29	71.39	52.35	76.55	10.77	61.22	86.65	58.82	49.48	73.78	41.23	66.27	44.72	57.72	58.0	56.85	71.69	83.35	44.94	71.02	62.8	57.27	93.74	58.0	38.0	6.0	25.61	62.51	24.17	69.97	59.67	60.73	54.0	26.08	60.0	81.71	32.56	49.03	75.89	40.5	20.59	82.02	7.81	76.03	78.72	37.34	18.68	70.21	59.41	5.83	56.09	14.04	55.04	20.0	57.22	31.06	70.21	33.53
10	8.94	56.32	64.03	75.89	22.63	51.42	40.0	111.14	25.3	27.78	0.0	54.15	84.0	53.85	97.67	86.35	42.0	82.02	86.0	84.9	46.04	59.4	92.2	79.65	99.48	22.8	87.68	96.08	86.16	63.15	99.36	33.11	82.0	72.47	79.65	85.04	83.45	96.83	108.41	72.72	84.85	83.26	66.0	119.33	75.89	57.27	33.11	30.27	77.67	4.47	74.97	72.69	83.35	79.25	46.0	77.79	90.2	36.0	72.11	98.49	68.03	24.74	99.46	20.12	100.44	85.59	61.66	10.82	83.73	79.31	33.62	77.37	40.85	72.42	46.86	76.69	40.61	92.66	8.94
11	62.0	2.83	11.66	26.91	71.02	62.29	41.04	92.02	30.27	31.62	54.15	0.0	96.52	10.2	69.05	86.93	12.65	96.02	98.18	33.29	27.2	39.85	81.58	46.69	82.1	42.38	58.55	108.76	38.21	71.61	72.69	72.8	84.1	31.62	67.91	52.95	54.33	72.25	82.87	34.93	90.35	74.73	82.22	90.71	74.32	56.6	26.0	56.36	81.41	52.0	96.21	80.99	69.05	26.0	8.94	76.16	104.86	62.77	18.0	82.22	25.3	52.0	96.17	36.35	78.1	103.23	8.6	48.26	89.94	72.73	28.18	67.72	19.42	72.45	31.62	71.51	59.2	77.52	62.0
12	80.4	96.02	107.2	93.72	69.86	36.06	57.27	57.27	79.7	74.0	84.0	96.52	0.0	87.2	67.08	20.0	93.91	2.83	2.0	102.8	69.34	59.4	38.0	70.71	50.04	67.47	65.79	12.65	95.41	25.06	64.5	55.79	18.44	81.22	40.5	69.86	65.39	60.53	66.03	77.2	12.0	34.93	18.0	76.42	26.83	40.0	76.16	54.15	17.89	80.02	15.62	15.62	43.68	104.8	95.77	26.0	8.49	48.0	107.63	48.04	83.55	60.3	28.64	77.13	58.03	10.05	96.67	75.24	11.05	32.89	73.01	38.08	78.77	26.63	64.9	31.78	44.55	45.1	80.4
13	60.83	8.94	20.0	22.36	68.03	53.81	33.29	82.1	28.64	28.0	53.85	10.2	87.2	0.0	59.67	76.97	17.2	86.83	88.81	31.05	18.44	29.73	71.39	37.36	72.03	38.21	49.03	99.3	33.29	62.48	63.15	67.91	74.24	23.32	57.72	43.68	44.72	62.51	73.35	26.0	80.62	64.56	73.54	81.61	64.4	47.2	22.0	50.6	71.69	50.99	87.73	71.61	58.86	26.0	15.23	66.21	95.6	56.46	22.36	72.11	17.2	47.07	86.02	34.37	68.26	94.26	10.3	46.27	80.26	62.63	23.19	57.57	14.04	62.65	22.63	61.47	51.97	67.36	60.83
14	100.5	66.75	74.03	48.37	99.3	58.31	58.0	26.0	76.55	71.61	97.67	69.05	67.08	59.67	0.0	47.54	75.89	68.73	67.47	52.5	53.85	38.42	30.46	22.36	21.26	74.97	10.77	74.0	42.38	54.92	4.47	90.35	48.66	38.05	28.07	16.12	15.23	7.21	14.0	34.23	55.32	32.25	66.27	22.36	42.0	46.52	68.26	74.89	50.16	93.38	78.03	56.0	24.0	59.23	74.73	42.05	74.22	75.18	68.26	22.8	44.18	76.84	46.65	79.2	12.81	77.1	63.2	87.0	56.09	35.01	66.29	31.14	63.51	44.1	51.61	37.01	67.12	22.85	100.5
15	84.76	85.91	96.6	79.4	76.94	34.93	52.15	37.95	76.11	70.11	86.35	86.93	20.0	76.97	47.54	0.0	86.83	22.09	20.1	87.68	60.73	47.41	18.0	54.04	30.07	66.27	47.41	26.83	79.4	23.41	44.72	63.81	4.47	66.6	22.8	52.15	47.71	40.79	46.04	62.29	8.0	16.12	26.91	56.57	12.65	32.25	70.71	56.32	8.94	82.0	33.53	15.62	25.06	90.91	87.93	10.77	26.68	52.0	95.41	28.07	70.0	61.61	13.42	75.03	38.05	30.02	85.48	76.3	9.06	15.56	67.6	21.21	71.31	15.13	56.32	15.81	45.88	25.18	84.76
16	50.16	15.23	22.09	38.42	60.17	58.31	36.72	97.02	19.7	22.8	42.0	12.65	93.91	17.2	75.89	86.83	0.0	93.06	95.71	45.65	26.31	42.0	84.1	53.85	86.37	33.29	65.15	106.45	49.68	68.88	79.12	63.53	83.52	40.5	70.11	60.17	60.73	78.1	89.29	42.94	89.2	76.42	78.23	98.08	74.22	55.03	18.44	48.41	80.32	40.2	91.61	78.79	72.0	38.63	4.0	76.16	102.0	55.32	30.27	86.21	34.41	43.27	97.32	25.63	83.55	99.64	21.02	37.11	88.6	73.82	21.4	69.35	15.52	71.84	30.59	72.18	53.15	81.06	50.16
17	78.23	95.6	106.83	94.02	67.47	34.93	56.36	59.67	78.43	72.8	82.02	96.02	2.83	86.83	68.73	22.09	93.06	0.0	4.47	103.23	68.82	59.46	40.05	71.55	52.15	65.97	67.05	14.14	96.04	24.41	66.27	53.37	20.1	81.61	41.76	70.94	66.48	62.29	68.12	77.67	14.14	36.5	16.12	78.64	27.86	39.7	75.15	52.35	18.97	78.1	12.81	15.62	45.12	105.0	95.02	27.2	8.94	46.04	107.52	50.16	83.74	58.55	31.3	75.69	60.0	8.54	96.43	73.44	13.04	34.21	72.01	39.22	78.03	27.29	64.4	32.89	42.95	47.01	78.23
18	82.39	97.65	108.81	95.02	71.81	37.95	59.09	56.89	81.61	75.89	86.0	98.18	2.0	88.81	67.47	20.1	95.71	4.47	0.0	104.02	71.02	60.83	38.05	71.69	50.0	69.43	66.48	10.77	96.52	26.83	64.78	57.72	18.97	82.46	41.23	70.68	66.21	60.83	66.0	78.41	12.17	35.44	20.0	76.24	27.78	41.62	78.0	56.14	18.87	82.02	16.97	17.2	44.27	106.15	97.53	26.83	7.21	50.0	109.12	48.0	84.9	62.29	27.86	79.08	58.14	10.05	98.23	77.23	11.4	33.62	74.85	38.91	80.53	27.8	66.57	32.65	46.53	45.28	82.39
19	91.78	30.53	30.0	10.2	98.18	75.39	58.86	78.43	59.67	58.55	84.9	33.29	102.8	31.05	52.5	87.68	45.65	103.23	104.02	0.0	44.18	44.72	76.03	34.41	71.55	68.12	44.72	113.45	10.2	80.62	56.92	96.33	86.37	21.63	65.12	38.47	42.19	58.31	65.97	25.61	93.51	72.25	93.06	70.26	76.58	65.3	52.61	78.41	85.28	82.0	107.42	87.66	64.03	8.94	42.19	77.9	111.21	83.19	20.59	72.47	20.88	76.03	92.8	65.31	64.62	111.5	24.7	77.1	93.61	72.12	53.24	66.47	44.55	76.22	46.69	72.18	77.13	69.64	91.78
20	50.99	26.91	38.21	34.06	54.92	35.38	15.23	72.28	22.8	18.44	46.04	27.2	69.34	18.44	53.85	60.73	26.31	68.82	71.02	44.18	0.0	16.49	58.0	33.94	61.19	25.3	43.27	81.63	42.43	44.41	56.36	52.15	57.58	27.2	44.0	39.7	38.83	54.63	66.21	26.83	63.56	50.16	55.17	76.16	48.08	29.53	14.42	34.23	54.63	42.19	69.31	53.85	46.17	41.76	27.2	50.0	77.67	39.29	40.5	60.83	24.08	32.06	71.02	26.25	59.46	76.06	28.6	36.24	63.07	47.52	12.73	43.1	11.0	45.88	4.47	45.89	34.01	55.44	50.99
21	62.8	38.63	49.19	34.99	63.56	31.05	20.59	55.79	38.47	33.29	59.4	39.85	59.4	29.73	38.42	47.41	42.0	59.46	60.83	44.72	16.49	0.0	42.19	21.54	44.72	36.88	28.28	70.94	39.29	36.06	40.5	57.27	44.94	23.41	28.28	26.08	24.08	38.47	50.12	20.4	51.61	34.93	48.37	60.46	34.99	20.59	30.46	39.85	42.8	55.17	62.77	43.86	30.0	45.61	42.19	36.72	67.88	42.43	48.41	44.41	24.41	40.25	56.32	40.8	43.08	67.48	38.08	48.84	51.4	32.89	28.18	27.89	27.29	33.6	13.42	31.78	35.06	39.12	62.8
22	92.28	80.05	89.84	68.96	86.83	42.8	53.85	21.63	77.28	71.39	92.2	81.58	38.0	71.39	30.46	18.0	84.1	40.05	38.05	76.03	58.0	42.19	0.0	41.62	12.17	70.23	32.56	43.68	66.84	34.06	27.2	74.97	20.4	56.36	14.0	38.21	34.06	23.41	28.07	51.88	26.0	8.94	42.05	38.83	18.44	34.93	70.46	63.81	23.41	87.73	50.99	30.46	12.65	80.62	84.38	17.2	44.41	61.22	86.93	10.2	60.93	68.0	16.97	77.62	20.1	48.01	78.45	81.54	27.02	13.04	67.6	15.3	69.0	21.93	54.04	15.81	53.82	7.62	92.28
23	83.76	44.41	52.04	27.86	85.09	50.0	42.05	46.39	56.64	52.35	79.65	46.69	70.71	37.36	22.36	54.04	53.85	71.55	71.69	34.41	33.94	21.54	41.62	0.0	37.95	57.69	12.0	80.45	25.46	51.42	26.08	78.59	53.25	16.12	31.24	6.32	8.25	26.08	36.22	12.0	60.46	38.21	64.03	44.27	43.91	38.05	48.17	61.35	52.84	75.6	77.79	56.46	29.73	39.4	52.5	44.94	78.89	63.56	47.07	38.63	22.0	61.74	58.41	60.14	32.25	80.06	41.01	69.4	60.75	38.6	46.67	33.02	42.44	44.28	32.8	39.12	55.9	35.36	83.76
24	100.44	80.22	89.11	65.79	96.21	52.35	59.93	11.66	82.22	76.55	99.48	82.1	50.04	72.03	21.26	30.07	86.37	52.15	50.0	71.55	61.19	44.72	12.17	37.95	0.0	76.94	26.83	54.92	61.77	44.94	17.2	85.04	32.56	53.85	20.0	33.11	29.73	14.14	16.0	49.48	38.05	18.87	53.85	26.68	29.53	42.8	74.73	72.47	35.44	95.02	63.15	42.38	16.12	77.25	86.09	28.64	56.14	70.71	84.9	2.0	59.23	76.03	26.0	83.38	8.94	60.01	77.78	88.68	39.12	23.02	72.12	22.67	72.01	32.76	57.72	25.81	62.97	7.07	100.44
25	26.08	43.68	53.85	58.31	30.07	32.06	17.2	88.59	14.14	10.77	22.8	42.38	67.47	38.21	74.97	66.27	33.29	65.97	69.43	68.12	25.3	36.88	70.23	57.69	76.94	0.0	65.12	80.05	67.47	44.05	76.58	30.46	62.13	52.5	57.27	62.8	60.96	74.03	85.6	52.0	66.03	61.35	50.0	96.54	54.92	35.44	16.49	15.62	58.03	18.44	61.74	54.15	60.83	64.12	36.72	56.89	74.73	22.8	59.67	76.03	49.03	10.0	78.92	9.85	77.67	71.17	47.85	12.04	65.07	57.57	15.03	55.15	24.19	51.62	25.06	55.08	23.09	70.21	26.08
26	90.91	56.32	64.03	39.29	90.55	51.42	48.41	34.53	66.03	61.22	87.68	58.55	65.79	49.03	10.77	47.41	65.15	67.05	66.48	44.72	43.27	28.28	32.56	12.0	26.83	65.12	0.0	74.24	34.99	50.0	14.14	82.46	47.54	28.07	25.3	6.32	4.47	14.14	24.33	24.0	54.63	31.3	62.13	33.11	39.29	39.29	57.69	66.24	48.08	83.45	74.97	52.95	22.36	50.6	64.03	39.85	73.54	67.23	58.86	27.78	34.0	67.68	49.52	68.88	20.4	75.58	53.01	77.1	55.15	32.89	55.8	27.89	52.77	40.61	41.23	34.21	59.24	25.5	90.91
27	92.09	108.17	119.28	104.69	80.89	48.7	69.86	60.0	92.35	86.65	96.08	108.76	12.65	99.3	74.0	26.83	106.45	14.14	10.77	113.45	81.63	70.94	43.68	80.45	54.92	80.05	74.24	0.0	105.6	37.58	70.88	66.75	27.2	92.02	49.4	78.89	74.43	67.05	70.71	87.86	20.0	42.94	30.27	80.1	36.88	52.15	88.77	66.48	28.28	92.2	23.41	27.78	51.88	115.97	108.24	35.61	6.32	60.13	119.33	52.95	94.76	72.69	30.0	89.74	63.56	12.53	108.6	87.57	19.85	41.88	85.62	47.43	91.24	37.48	77.18	41.4	57.07	51.24	92.09
28	92.35	35.38	37.58	11.31	97.32	70.34	56.0	68.35	60.93	58.82	86.16	38.21	95.41	33.29	42.38	79.4	49.68	96.04	96.52	10.2	42.43	39.29	66.84	25.46	61.77	67.47	34.99	105.6	0.0	74.32	46.82	94.02	78.41	16.12	56.64	28.84	32.8	48.33	55.79	18.97	85.6	63.66	86.93	60.13	68.82	59.46	53.14	76.03	77.67	82.87	101.13	80.62	55.17	18.11	46.69	70.0	103.73	80.1	29.12	62.77	18.44	74.43	83.74	66.13	54.63	104.45	29.83	77.49	85.8	63.89	53.16	58.26	45.31	68.8	44.05	64.2	73.44	60.22	92.35
29	61.35	71.22	82.46	71.02	53.85	12.0	32.31	55.61	55.32	49.48	63.15	71.61	25.06	62.48	54.92	23.41	68.88	24.41	26.83	80.62	44.41	36.06	34.06	51.42	44.94	44.05	50.0	37.58	74.32	0.0	53.85	41.23	18.97	59.06	27.2	52.35	48.17	50.0	59.09	55.46	22.0	26.08	12.65	70.68	15.62	15.62	51.26	32.98	14.56	58.86	26.83	10.2	31.62	81.61	70.71	16.97	33.29	28.64	83.45	43.27	60.46	38.47	36.77	53.34	50.16	31.83	72.18	53.34	21.02	21.95	48.1	24.04	53.71	12.21	40.0	19.24	22.56	38.08	61.35
30	101.82	70.46	78.0	52.61	100.0	58.14	59.46	21.54	78.89	73.78	99.36	72.69	64.5	63.15	4.47	44.72	79.12	66.27	64.78	56.92	56.36	40.5	27.2	26.08	17.2	76.58	14.14	70.88	46.82	53.85	0.0	90.55	46.17	42.0	26.68	20.0	18.44	4.0	10.2	38.05	52.61	30.0	64.78	20.0	40.2	46.65	70.71	75.6	48.0	95.02	76.03	54.15	22.36	63.56	78.1	40.05	71.39	75.47	72.44	18.87	48.04	77.9	42.94	81.27	8.49	74.55	67.07	88.62	53.46	33.14	68.6	29.83	66.31	42.58	53.85	35.36	67.42	19.65	101.82
31	26.68	74.0	84.31	86.21	14.14	32.8	38.05	96.21	43.91	41.23	33.11	72.8	55.79	67.91	90.35	63.81	63.53	53.37	57.72	96.33	52.15	57.27	74.97	78.59	85.04	30.46	82.46	66.75	94.02	41.23	90.55	0.0	59.36	78.1	65.6	82.22	79.12	87.13	97.65	76.42	59.93	66.48	38.63	109.29	56.64	43.91	46.82	18.0	54.92	30.53	44.05	48.37	70.0	93.38	67.08	58.14	60.53	15.23	89.84	83.55	76.03	20.88	77.18	38.28	88.81	55.15	77.88	29.0	58.6	62.24	44.92	62.63	54.12	53.08	50.0	59.41	23.26	77.99	26.68
32	80.32	83.19	94.02	77.79	72.47	30.59	48.37	41.23	72.25	66.27	82.0	84.1	18.44	74.24	48.66	4.47	83.52	20.1	18.97	86.37	57.58	44.94	20.4	53.25	32.56	62.13	47.54	27.2	78.41	18.97	46.17	59.36	0.0	65.05	22.36	51.88	47.41	42.19	48.37	60.83	7.21	16.49	22.8	59.23	10.0	28.64	67.08	51.92	4.47	77.67	30.59	11.31	25.3	89.2	84.76	8.49	26.0	47.54	93.23	30.59	68.12	57.27	17.89	71.0	40.05	28.44	83.01	72.01	7.62	14.76	63.95	20.25	68.01	11.7	53.14	14.21	41.48	27.02	80.32
33	78.0	29.12	36.0	12.81	82.0	54.41	40.05	62.51	47.71	44.72	72.47	31.62	81.22	23.32	38.05	66.6	40.5	81.61	82.46	21.63	27.2	23.41	56.36	16.12	53.85	52.5	28.07	92.02	16.12	59.06	42.0	78.1	65.05	0.0	44.41	22.0	24.33	42.19	52.04	4.47	72.14	51.61	71.55	59.23	55.17	43.86	39.45	60.13	63.78	68.88	85.88	66.03	43.91	24.41	38.47	56.57	89.64	64.03	31.05	54.41	6.32	58.86	72.72	52.35	48.37	89.87	25.18	63.16	72.18	51.09	38.91	45.45	32.2	54.67	28.28	50.93	57.31	50.7	78.0
34	80.45	66.48	76.55	57.2	76.37	32.8	40.5	31.62	63.56	57.72	79.65	67.91	40.5	57.72	28.07	22.8	70.11	41.76	41.23	65.12	44.0	28.28	14.0	31.24	20.0	57.27	25.3	49.4	56.64	27.2	26.68	65.6	22.36	44.41	0.0	29.53	25.06	22.8	32.25	40.0	29.53	7.21	38.21	43.91	14.14	22.8	56.57	52.5	22.8	75.18	50.16	28.07	4.47	68.82	70.46	14.56	48.33	50.99	74.24	18.87	48.37	56.04	28.64	64.2	23.32	50.29	65.19	68.88	29.97	7.62	53.76	3.16	55.0	16.03	40.05	9.06	43.14	13.04	80.45
35	88.81	50.64	58.0	32.98	89.44	52.35	46.65	40.79	62.48	58.0	85.04	52.95	69.86	43.68	16.12	52.15	60.17	70.94	70.68	38.47	39.7	26.08	38.21	6.32	33.11	62.8	6.32	78.89	28.84	52.35	20.0	82.22	51.88	22.0	29.53	0.0	4.47	20.4	30.07	18.11	59.06	36.06	64.78	37.95	43.08	40.2	54.04	65.39	52.0	80.92	78.1	56.32	27.2	44.27	58.82	43.86	77.82	67.05	52.61	34.0	28.07	66.24	55.17	65.76	26.68	79.48	47.1	74.65	59.48	37.12	52.4	31.78	48.55	43.97	38.21	38.08	59.2	31.4	88.81
36	86.83	52.15	60.13	36.06	86.83	48.66	44.41	38.21	61.61	56.85	83.45	54.33	65.39	44.72	15.23	47.71	60.73	66.48	66.21	42.19	38.83	24.08	34.06	8.25	29.73	60.96	4.47	74.43	32.8	48.17	18.44	79.12	47.41	24.33	25.06	4.47	0.0	18.0	28.64	20.1	54.59	31.62	60.53	37.58	38.63	36.5	53.25	62.61	47.54	79.25	73.76	51.92	22.8	47.54	59.67	39.4	73.35	63.91	55.32	30.46	30.07	63.81	50.99	64.54	24.08	75.03	49.01	72.92	55.01	32.65	51.4	27.31	48.3	39.56	36.88	33.62	55.97	27.46	86.83
37	99.04	70.11	78.1	53.37	96.83	54.59	56.85	20.4	76.94	71.69	96.83	72.25	60.53	62.51	7.21	40.79	78.1	62.29	60.83	58.31	54.63	38.47	23.41	26.08	14.14	74.03	14.14	67.05	48.33	50.0	4.0	87.13	42.19	42.19	22.8	20.4	18.0	0.0	11.66	38.05	48.66	26.0	60.83	22.63	36.22	43.27	68.88	72.47	44.0	92.46	72.03	50.16	18.44	64.56	77.28	36.06	67.47	72.11	72.99	15.62	48.04	74.97	39.45	79.08	6.32	70.58	67.01	86.05	49.5	29.15	66.65	25.96	64.85	38.64	51.88	31.4	64.07	15.81	99.04
38	110.45	80.62	88.02	62.29	107.81	64.9	68.41	14.14	88.59	83.35	108.41	82.87	66.03	73.35	14.0	46.04	89.29	68.12	66.0	65.97	66.21	50.12	28.07	36.22	16.0	85.6	24.33	70.71	55.79	59.09	10.2	97.65	48.37	52.04	32.25	30.07	28.64	11.66	0.0	48.17	54.04	33.53	68.96	11.66	44.27	54.04	80.5	83.55	50.99	104.02	78.92	57.72	27.78	72.99	88.29	43.68	72.11	82.8	82.22	18.0	58.14	86.28	41.23	90.74	8.94	76.01	77.16	97.62	55.08	37.34	78.29	35.36	76.32	47.17	63.53	39.92	74.81	21.59	110.45
39	77.82	32.56	40.05	17.2	81.04	51.42	38.47	58.31	48.41	44.94	72.72	34.93	77.2	26.0	34.23	62.29	42.94	77.67	78.41	25.61	26.83	20.4	51.88	12.0	49.48	52.0	24.0	87.86	18.97	55.46	38.05	76.42	60.83	4.47	40.0	18.11	20.1	38.05	48.17	0.0	67.94	47.2	68.03	55.79	50.99	40.5	40.0	58.55	59.67	68.96	82.29	62.13	39.45	28.84	41.23	52.35	85.6	62.03	35.44	50.0	10.0	57.72	68.26	52.7	44.18	85.98	29.02	63.06	68.01	46.75	39.12	41.11	33.24	50.61	27.2	46.67	55.04	46.24	77.82
40	82.46	89.55	100.5	84.85	73.54	34.0	53.37	45.61	76.94	71.02	84.85	90.35	12.0	80.62	55.32	8.0	89.2	14.14	12.17	93.51	63.56	51.61	26.0	60.46	38.05	66.03	54.63	20.0	85.6	22.0	52.61	59.93	7.21	72.14	29.53	59.06	54.59	48.66	54.04	67.94	0.0	23.41	21.63	64.5	16.97	34.18	72.28	54.59	8.94	80.62	26.0	12.17	32.31	96.21	90.62	15.62	18.97	49.48	100.0	36.06	75.07	60.3	18.44	75.24	46.04	22.02	89.59	75.24	1.41	21.95	69.12	27.46	73.74	18.03	59.09	21.4	44.28	33.14	82.46
41	83.35	73.38	83.57	64.4	78.1	34.06	45.12	29.73	68.73	62.8	83.26	74.73	34.93	64.56	32.25	16.12	76.42	36.5	35.44	72.25	50.16	34.93	8.94	38.21	18.87	61.35	31.3	42.94	63.66	26.08	30.0	66.48	16.49	51.61	7.21	36.06	31.62	26.0	33.53	47.2	23.41	0.0	35.44	44.94	10.77	26.0	62.13	54.92	18.0	78.79	46.04	24.33	8.94	76.03	76.94	10.2	42.38	52.5	81.41	17.2	55.57	59.06	21.54	68.88	24.74	44.91	72.24	72.62	24.04	4.24	59.21	7.07	61.13	13.89	46.04	7.07	45.0	12.08	83.35
42	62.51	82.07	93.38	83.35	52.5	20.0	41.62	63.53	62.77	57.27	66.0	82.22	18.0	73.54	66.27	26.91	78.23	16.12	20.0	93.06	55.17	48.37	42.05	64.03	53.85	50.0	62.13	30.27	86.93	12.65	64.78	38.63	22.8	71.55	38.21	64.78	60.53	60.83	68.96	68.03	21.63	35.44	0.0	80.32	24.74	27.78	60.03	36.22	18.87	62.03	14.42	11.66	42.43	93.74	80.45	25.3	24.74	30.0	95.02	52.0	72.72	42.43	39.7	59.77	60.17	21.47	83.49	57.31	20.25	31.78	56.94	35.13	63.6	22.2	50.91	29.43	26.93	47.43	62.51
43	121.66	88.29	94.76	68.12	119.33	76.55	79.4	20.4	98.79	93.74	119.33	90.71	76.42	81.61	22.36	56.57	98.08	78.64	76.24	70.26	76.16	60.46	38.83	44.27	26.68	96.54	33.11	80.1	60.13	70.68	20.0	109.29	59.23	59.23	43.91	37.95	37.58	22.63	11.66	55.79	64.5	44.94	80.32	0.0	55.71	65.6	90.55	95.02	62.1	114.98	89.82	68.96	39.45	78.03	96.77	55.03	82.02	94.4	88.09	28.64	65.51	97.59	50.16	101.26	20.59	86.28	84.34	108.58	65.62	48.85	88.51	47.01	85.87	58.69	73.78	51.48	86.4	32.89	121.66
44	75.15	73.35	84.12	67.88	68.82	25.06	40.0	40.0	64.0	58.0	75.89	74.32	26.83	64.4	42.0	12.65	74.22	27.86	27.78	76.58	48.08	34.99	18.44	43.91	29.53	54.92	39.29	36.88	68.82	15.62	40.2	56.64	10.0	55.17	14.14	43.08	38.63	36.22	44.27	50.99	16.97	10.77	24.74	55.71	0.0	20.0	58.31	46.52	8.94	71.47	36.06	14.0	18.0	79.25	75.29	2.0	34.99	43.27	83.23	27.78	58.14	51.26	24.08	63.29	35.44	36.4	73.06	65.52	17.03	7.07	55.23	11.4	58.69	3.61	43.68	5.1	36.24	22.85	75.15
45	57.69	56.04	67.2	55.57	53.81	12.17	20.0	54.41	44.0	38.0	57.27	56.6	40.0	47.2	46.52	32.25	55.03	39.7	41.62	65.3	29.53	20.59	34.93	38.05	42.8	35.44	39.29	52.15	59.46	15.62	46.65	43.91	28.64	43.86	22.8	40.2	36.5	43.27	54.04	40.5	34.18	26.0	27.78	65.6	20.0	0.0	38.47	29.73	25.3	52.8	42.19	24.41	26.91	66.03	56.46	22.0	48.41	28.84	67.88	41.62	44.94	33.29	44.05	43.42	45.34	47.38	56.73	46.62	33.62	22.14	35.36	20.25	39.56	17.12	25.06	19.65	20.81	35.81	57.69
46	39.29	27.2	37.58	43.17	46.04	40.25	18.97	86.02	8.49	6.0	33.11	26.0	76.16	22.0	68.26	70.71	18.44	75.15	78.0	52.61	14.42	30.46	70.46	48.17	74.73	16.49	57.69	88.77	53.14	51.26	70.71	46.82	67.08	39.45	56.57	54.04	53.25	68.88	80.5	40.0	72.28	62.13	60.03	90.55	58.31	38.47	0.0	30.53	63.56	29.73	73.24	61.35	59.23	48.0	21.26	60.3	84.1	37.2	43.17	74.22	34.93	26.0	82.1	13.0	73.54	81.49	31.4	24.52	71.57	59.01	3.16	55.23	8.06	55.58	17.09	57.01	34.71	68.66	39.29
47	28.64	57.27	68.0	68.26	24.41	21.54	20.1	84.02	29.73	25.61	30.27	56.36	54.15	50.6	74.89	56.32	48.41	52.35	56.14	78.41	34.23	39.85	63.81	61.35	72.47	15.62	66.24	66.48	76.03	32.98	75.6	18.0	51.92	60.13	52.5	65.39	62.61	72.47	83.55	58.55	54.59	54.92	36.22	95.02	46.52	29.73	30.53	0.0	47.54	26.08	46.82	42.43	56.64	75.71	51.61	48.33	60.83	7.21	72.8	71.22	58.03	6.32	69.57	25.24	74.97	56.75	60.75	21.1	53.46	50.77	28.18	49.82	37.16	42.95	32.0	48.02	10.44	65.44	28.64
48	75.89	80.62	91.59	76.42	68.0	26.31	44.72	44.72	68.47	62.51	77.67	81.41	17.89	71.69	50.16	8.94	80.32	18.97	18.87	85.28	54.63	42.8	23.41	52.84	35.44	58.03	48.08	28.28	77.67	14.56	48.0	54.92	4.47	63.78	22.8	52.0	47.54	44.0	50.99	59.67	8.94	18.0	18.87	62.1	8.94	25.3	63.56	47.54	0.0	73.35	28.07	7.21	26.31	87.68	81.71	8.25	26.08	43.08	91.21	33.53	66.48	52.95	22.36	67.03	42.43	27.51	80.71	67.74	8.6	15.3	60.42	20.25	64.85	9.22	50.16	13.93	37.11	29.43	75.89
49	10.0	54.04	62.29	72.8	21.63	47.07	35.61	106.68	22.36	24.17	4.47	52.0	80.02	50.99	93.38	82.0	40.2	78.1	82.02	82.0	42.19	55.17	87.73	75.6	95.02	18.44	83.45	92.2	82.87	58.86	95.02	30.53	77.67	68.88	75.18	80.92	79.25	92.46	104.02	68.96	80.62	78.79	62.03	114.98	71.47	52.8	29.73	26.08	73.35	0.0	71.39	68.47	78.89	76.66	44.18	73.38	86.37	32.06	70.0	94.02	64.62	20.4	95.08	16.76	96.02	81.88	59.21	6.4	79.51	74.85	29.97	72.9	37.64	68.01	42.8	72.24	36.35	88.19	10.0
50	70.11	96.17	107.48	97.75	58.14	33.94	55.32	71.47	75.18	69.97	74.97	96.21	15.62	87.73	78.03	33.53	91.61	12.81	16.97	107.42	69.31	62.77	50.99	77.79	63.15	61.74	74.97	23.41	101.13	26.83	76.03	44.05	30.59	85.88	50.16	78.1	73.76	72.03	78.92	82.29	26.0	46.04	14.42	89.82	36.06	42.19	73.24	46.82	28.07	71.39	0.0	22.09	54.04	108.17	94.02	36.0	17.09	39.85	109.34	61.19	87.13	53.14	43.91	71.59	70.46	11.18	97.74	67.45	24.7	43.01	70.21	47.27	77.34	34.37	65.12	41.11	38.95	57.43	70.11
51	70.34	80.45	91.61	78.41	61.74	22.09	42.38	51.88	65.51	59.67	72.69	80.99	15.62	71.61	56.0	15.62	78.79	15.62	17.2	87.66	53.85	43.86	30.46	56.46	42.38	54.15	52.95	27.78	80.62	10.2	54.15	48.37	11.31	66.03	28.07	56.32	51.92	50.16	57.72	62.13	12.17	24.33	11.66	68.96	14.0	24.41	61.35	42.43	7.21	68.47	22.09	0.0	32.0	89.38	80.5	14.14	24.08	37.36	92.02	40.5	68.12	48.17	28.84	63.51	49.03	23.85	81.06	63.13	11.05	21.02	58.19	25.18	63.51	12.37	49.4	19.03	32.14	36.14	70.34
52	84.4	67.47	77.2	56.6	80.62	37.2	43.86	27.78	66.48	60.73	83.35	69.05	43.68	58.86	24.0	25.06	72.0	45.12	44.27	64.03	46.17	30.0	12.65	29.73	16.12	60.83	22.36	51.88	55.17	31.62	22.36	70.0	25.3	43.91	4.47	27.2	22.8	18.44	27.78	39.45	32.31	8.94	42.43	39.45	18.0	26.91	59.23	56.64	26.31	78.89	54.04	32.0	0.0	68.26	72.11	18.11	51.26	55.32	74.32	15.23	48.33	60.0	28.84	67.42	18.87	53.6	65.8	72.56	32.89	11.05	56.52	7.62	57.14	20.22	42.43	13.04	47.42	9.49	84.4
53	86.58	23.41	21.26	11.66	94.02	75.18	56.92	84.9	54.33	54.0	79.25	26.0	104.8	26.0	59.23	90.91	38.63	105.0	106.15	8.94	41.76	45.61	80.62	39.4	77.25	64.12	50.6	115.97	18.11	81.61	63.56	93.38	89.2	24.41	68.82	44.27	47.54	64.56	72.99	28.84	96.21	76.03	93.74	78.03	79.25	66.03	48.0	75.71	87.68	76.66	108.17	89.38	68.26	0.0	34.93	80.72	113.28	81.04	11.66	78.0	21.26	72.69	97.1	60.21	70.88	113.07	17.72	72.17	96.18	75.43	49.09	69.81	40.01	78.49	44.94	75.17	75.61	74.69	86.58
54	54.15	11.66	18.11	35.38	64.03	60.46	38.83	96.52	23.41	26.08	46.0	8.94	95.77	15.23	74.73	87.93	4.0	95.02	97.53	42.19	27.2	42.19	84.38	52.5	86.09	36.72	64.03	108.24	46.69	70.71	78.1	67.08	84.76	38.47	70.46	58.82	59.67	77.28	88.29	41.23	90.62	76.94	80.45	96.77	75.29	56.46	21.26	51.61	81.71	44.18	94.02	80.5	72.11	34.93	0.0	77.2	103.94	58.41	26.31	86.02	32.25	46.65	98.06	29.41	82.87	101.79	17.49	41.0	90.08	74.53	24.04	69.87	17.0	73.05	31.62	73.01	55.87	81.01	54.15
55	76.97	75.15	85.88	69.31	70.46	26.83	42.0	38.83	66.0	60.0	77.79	76.16	26.0	66.21	42.05	10.77	76.16	27.2	26.83	77.9	50.0	36.72	17.2	44.94	28.64	56.89	39.85	35.61	70.0	16.97	40.05	58.14	8.49	56.57	14.56	43.86	39.4	36.06	43.68	52.35	15.62	10.2	25.3	55.03	2.0	22.0	60.3	48.33	8.25	73.38	36.0	14.14	18.11	80.72	77.2	0.0	34.0	44.94	84.88	26.83	59.67	53.14	22.09	65.28	34.93	35.74	74.79	67.45	15.81	7.07	57.22	12.08	60.64	5.39	45.61	5.83	38.01	22.14	76.97
