set K:= 1	2	3	4	5	6	7	8	9;
set C_H:= 1	2	3	4	5	6	7	8	9	10	11	12	13	14	15	16	17	18	19	20	21	22;
set C_S:= 23	24	25	26	27	28	29	30	31	32	33	34	35	36	37	38	39	40	41	42	43;
set C_F:= 44	45	46	47	48	49	50	51	52	53	54	55	56	57	58	59	60	61	62	63	64;
set M:= 65	66;
set L_B:= 67	68	69	70	71	72	73	74	75;
set A1:=
(0,*) 1 2 3 4 5 6 7 8 9 10 11 12 13 14 15 16 17 18 19 20 21 22 44 45 46 47 48 49 50 51 52 53 54 55 56 57 58 59 60 61 62 63 64 65 66 67 68 69 70 71 72 73 74 75
(1,*) 0 2 3 4 5 6 7 8 9 10 11 12 13 14 15 16 17 18 19 20 21 22 44 45 46 47 48 49 50 51 52 53 54 55 56 57 58 59 60 61 62 63 64 65 66 67 68 69 70 71 72 73 74 75
(2,*) 0 1 3 4 5 6 7 8 9 10 11 12 13 14 15 16 17 18 19 20 21 22 44 45 46 47 48 49 50 51 52 53 54 55 56 57 58 59 60 61 62 63 64 65 66 67 68 69 70 71 72 73 74 75
(3,*) 0 1 2 4 5 6 7 8 9 10 11 12 13 14 15 16 17 18 19 20 21 22 44 45 46 47 48 49 50 51 52 53 54 55 56 57 58 59 60 61 62 63 64 65 66 67 68 69 70 71 72 73 74 75
(4,*) 0 1 2 3 5 6 7 8 9 10 11 12 13 14 15 16 17 18 19 20 21 22 44 45 46 47 48 49 50 51 52 53 54 55 56 57 58 59 60 61 62 63 64 65 66 67 68 69 70 71 72 73 74 75
(5,*) 0 1 2 3 4 6 7 8 9 10 11 12 13 14 15 16 17 18 19 20 21 22 44 45 46 47 48 49 50 51 52 53 54 55 56 57 58 59 60 61 62 63 64 65 66 67 68 69 70 71 72 73 74 75
(6,*) 0 1 2 3 4 5 7 8 9 10 11 12 13 14 15 16 17 18 19 20 21 22 44 45 46 47 48 49 50 51 52 53 54 55 56 57 58 59 60 61 62 63 64 65 66 67 68 69 70 71 72 73 74 75
(7,*) 0 1 2 3 4 5 6 8 9 10 11 12 13 14 15 16 17 18 19 20 21 22 44 45 46 47 48 49 50 51 52 53 54 55 56 57 58 59 60 61 62 63 64 65 66 67 68 69 70 71 72 73 74 75
(8,*) 0 1 2 3 4 5 6 7 9 10 11 12 13 14 15 16 17 18 19 20 21 22 44 45 46 47 48 49 50 51 52 53 54 55 56 57 58 59 60 61 62 63 64 65 66 67 68 69 70 71 72 73 74 75
(9,*) 0 1 2 3 4 5 6 7 8 10 11 12 13 14 15 16 17 18 19 20 21 22 44 45 46 47 48 49 50 51 52 53 54 55 56 57 58 59 60 61 62 63 64 65 66 67 68 69 70 71 72 73 74 75
(10,*) 0 1 2 3 4 5 6 7 8 9 11 12 13 14 15 16 17 18 19 20 21 22 44 45 46 47 48 49 50 51 52 53 54 55 56 57 58 59 60 61 62 63 64 65 66 67 68 69 70 71 72 73 74 75
(11,*) 0 1 2 3 4 5 6 7 8 9 10 12 13 14 15 16 17 18 19 20 21 22 44 45 46 47 48 49 50 51 52 53 54 55 56 57 58 59 60 61 62 63 64 65 66 67 68 69 70 71 72 73 74 75
(12,*) 0 1 2 3 4 5 6 7 8 9 10 11 13 14 15 16 17 18 19 20 21 22 44 45 46 47 48 49 50 51 52 53 54 55 56 57 58 59 60 61 62 63 64 65 66 67 68 69 70 71 72 73 74 75
(13,*) 0 1 2 3 4 5 6 7 8 9 10 11 12 14 15 16 17 18 19 20 21 22 44 45 46 47 48 49 50 51 52 53 54 55 56 57 58 59 60 61 62 63 64 65 66 67 68 69 70 71 72 73 74 75
(14,*) 0 1 2 3 4 5 6 7 8 9 10 11 12 13 15 16 17 18 19 20 21 22 44 45 46 47 48 49 50 51 52 53 54 55 56 57 58 59 60 61 62 63 64 65 66 67 68 69 70 71 72 73 74 75
(15,*) 0 1 2 3 4 5 6 7 8 9 10 11 12 13 14 16 17 18 19 20 21 22 44 45 46 47 48 49 50 51 52 53 54 55 56 57 58 59 60 61 62 63 64 65 66 67 68 69 70 71 72 73 74 75
(16,*) 0 1 2 3 4 5 6 7 8 9 10 11 12 13 14 15 17 18 19 20 21 22 44 45 46 47 48 49 50 51 52 53 54 55 56 57 58 59 60 61 62 63 64 65 66 67 68 69 70 71 72 73 74 75
(17,*) 0 1 2 3 4 5 6 7 8 9 10 11 12 13 14 15 16 18 19 20 21 22 44 45 46 47 48 49 50 51 52 53 54 55 56 57 58 59 60 61 62 63 64 65 66 67 68 69 70 71 72 73 74 75
(18,*) 0 1 2 3 4 5 6 7 8 9 10 11 12 13 14 15 16 17 19 20 21 22 44 45 46 47 48 49 50 51 52 53 54 55 56 57 58 59 60 61 62 63 64 65 66 67 68 69 70 71 72 73 74 75
(19,*) 0 1 2 3 4 5 6 7 8 9 10 11 12 13 14 15 16 17 18 20 21 22 44 45 46 47 48 49 50 51 52 53 54 55 56 57 58 59 60 61 62 63 64 65 66 67 68 69 70 71 72 73 74 75
(20,*) 0 1 2 3 4 5 6 7 8 9 10 11 12 13 14 15 16 17 18 19 21 22 44 45 46 47 48 49 50 51 52 53 54 55 56 57 58 59 60 61 62 63 64 65 66 67 68 69 70 71 72 73 74 75
(21,*) 0 1 2 3 4 5 6 7 8 9 10 11 12 13 14 15 16 17 18 19 20 22 44 45 46 47 48 49 50 51 52 53 54 55 56 57 58 59 60 61 62 63 64 65 66 67 68 69 70 71 72 73 74 75
(22,*) 0 1 2 3 4 5 6 7 8 9 10 11 12 13 14 15 16 17 18 19 20 21 44 45 46 47 48 49 50 51 52 53 54 55 56 57 58 59 60 61 62 63 64 65 66 67 68 69 70 71 72 73 74 75
(44,*) 0 1 2 3 4 5 6 7 8 9 10 11 12 13 14 15 16 17 18 19 20 21 22 45 46 47 48 49 50 51 52 53 54 55 56 57 58 59 60 61 62 63 64 65 66 67 68 69 70 71 72 73 74 75
(45,*) 0 1 2 3 4 5 6 7 8 9 10 11 12 13 14 15 16 17 18 19 20 21 22 44 46 47 48 49 50 51 52 53 54 55 56 57 58 59 60 61 62 63 64 65 66 67 68 69 70 71 72 73 74 75
(46,*) 0 1 2 3 4 5 6 7 8 9 10 11 12 13 14 15 16 17 18 19 20 21 22 44 45 47 48 49 50 51 52 53 54 55 56 57 58 59 60 61 62 63 64 65 66 67 68 69 70 71 72 73 74 75
(47,*) 0 1 2 3 4 5 6 7 8 9 10 11 12 13 14 15 16 17 18 19 20 21 22 44 45 46 48 49 50 51 52 53 54 55 56 57 58 59 60 61 62 63 64 65 66 67 68 69 70 71 72 73 74 75
(48,*) 0 1 2 3 4 5 6 7 8 9 10 11 12 13 14 15 16 17 18 19 20 21 22 44 45 46 47 49 50 51 52 53 54 55 56 57 58 59 60 61 62 63 64 65 66 67 68 69 70 71 72 73 74 75
(49,*) 0 1 2 3 4 5 6 7 8 9 10 11 12 13 14 15 16 17 18 19 20 21 22 44 45 46 47 48 50 51 52 53 54 55 56 57 58 59 60 61 62 63 64 65 66 67 68 69 70 71 72 73 74 75
(50,*) 0 1 2 3 4 5 6 7 8 9 10 11 12 13 14 15 16 17 18 19 20 21 22 44 45 46 47 48 49 51 52 53 54 55 56 57 58 59 60 61 62 63 64 65 66 67 68 69 70 71 72 73 74 75
(51,*) 0 1 2 3 4 5 6 7 8 9 10 11 12 13 14 15 16 17 18 19 20 21 22 44 45 46 47 48 49 50 52 53 54 55 56 57 58 59 60 61 62 63 64 65 66 67 68 69 70 71 72 73 74 75
(52,*) 0 1 2 3 4 5 6 7 8 9 10 11 12 13 14 15 16 17 18 19 20 21 22 44 45 46 47 48 49 50 51 53 54 55 56 57 58 59 60 61 62 63 64 65 66 67 68 69 70 71 72 73 74 75
(53,*) 0 1 2 3 4 5 6 7 8 9 10 11 12 13 14 15 16 17 18 19 20 21 22 44 45 46 47 48 49 50 51 52 54 55 56 57 58 59 60 61 62 63 64 65 66 67 68 69 70 71 72 73 74 75
(54,*) 0 1 2 3 4 5 6 7 8 9 10 11 12 13 14 15 16 17 18 19 20 21 22 44 45 46 47 48 49 50 51 52 53 55 56 57 58 59 60 61 62 63 64 65 66 67 68 69 70 71 72 73 74 75
(55,*) 0 1 2 3 4 5 6 7 8 9 10 11 12 13 14 15 16 17 18 19 20 21 22 44 45 46 47 48 49 50 51 52 53 54 56 57 58 59 60 61 62 63 64 65 66 67 68 69 70 71 72 73 74 75
(56,*) 0 1 2 3 4 5 6 7 8 9 10 11 12 13 14 15 16 17 18 19 20 21 22 44 45 46 47 48 49 50 51 52 53 54 55 57 58 59 60 61 62 63 64 65 66 67 68 69 70 71 72 73 74 75
(57,*) 0 1 2 3 4 5 6 7 8 9 10 11 12 13 14 15 16 17 18 19 20 21 22 44 45 46 47 48 49 50 51 52 53 54 55 56 58 59 60 61 62 63 64 65 66 67 68 69 70 71 72 73 74 75
(58,*) 0 1 2 3 4 5 6 7 8 9 10 11 12 13 14 15 16 17 18 19 20 21 22 44 45 46 47 48 49 50 51 52 53 54 55 56 57 59 60 61 62 63 64 65 66 67 68 69 70 71 72 73 74 75
(59,*) 0 1 2 3 4 5 6 7 8 9 10 11 12 13 14 15 16 17 18 19 20 21 22 44 45 46 47 48 49 50 51 52 53 54 55 56 57 58 60 61 62 63 64 65 66 67 68 69 70 71 72 73 74 75
(60,*) 0 1 2 3 4 5 6 7 8 9 10 11 12 13 14 15 16 17 18 19 20 21 22 44 45 46 47 48 49 50 51 52 53 54 55 56 57 58 59 61 62 63 64 65 66 67 68 69 70 71 72 73 74 75
(61,*) 0 1 2 3 4 5 6 7 8 9 10 11 12 13 14 15 16 17 18 19 20 21 22 44 45 46 47 48 49 50 51 52 53 54 55 56 57 58 59 60 62 63 64 65 66 67 68 69 70 71 72 73 74 75
(62,*) 0 1 2 3 4 5 6 7 8 9 10 11 12 13 14 15 16 17 18 19 20 21 22 44 45 46 47 48 49 50 51 52 53 54 55 56 57 58 59 60 61 63 64 65 66 67 68 69 70 71 72 73 74 75
(63,*) 0 1 2 3 4 5 6 7 8 9 10 11 12 13 14 15 16 17 18 19 20 21 22 44 45 46 47 48 49 50 51 52 53 54 55 56 57 58 59 60 61 62 64 65 66 67 68 69 70 71 72 73 74 75
(64,*) 0 1 2 3 4 5 6 7 8 9 10 11 12 13 14 15 16 17 18 19 20 21 22 44 45 46 47 48 49 50 51 52 53 54 55 56 57 58 59 60 61 62 63 65 66 67 68 69 70 71 72 73 74 75
(65,*) 0 1 2 3 4 5 6 7 8 9 10 11 12 13 14 15 16 17 18 19 20 21 22 44 45 46 47 48 49 50 51 52 53 54 55 56 57 58 59 60 61 62 63 64 67 68 69 70 71 72 73 74 75
(66,*) 0 1 2 3 4 5 6 7 8 9 10 11 12 13 14 15 16 17 18 19 20 21 22 44 45 46 47 48 49 50 51 52 53 54 55 56 57 58 59 60 61 62 63 64 67 68 69 70 71 72 73 74 75
(67,*) 0 1 2 3 4 5 6 7 8 9 10 11 12 13 14 15 16 17 18 19 20 21 22 44 45 46 47 48 49 50 51 52 53 54 55 56 57 58 59 60 61 62 63 64 65 66 68 69 70 71 72 73 74 75
(68,*) 0 1 2 3 4 5 6 7 8 9 10 11 12 13 14 15 16 17 18 19 20 21 22 44 45 46 47 48 49 50 51 52 53 54 55 56 57 58 59 60 61 62 63 64 65 66 67 69 70 71 72 73 74 75
(69,*) 0 1 2 3 4 5 6 7 8 9 10 11 12 13 14 15 16 17 18 19 20 21 22 44 45 46 47 48 49 50 51 52 53 54 55 56 57 58 59 60 61 62 63 64 65 66 67 68 70 71 72 73 74 75
(70,*) 0 1 2 3 4 5 6 7 8 9 10 11 12 13 14 15 16 17 18 19 20 21 22 44 45 46 47 48 49 50 51 52 53 54 55 56 57 58 59 60 61 62 63 64 65 66 67 68 69 71 72 73 74 75
(71,*) 0 1 2 3 4 5 6 7 8 9 10 11 12 13 14 15 16 17 18 19 20 21 22 44 45 46 47 48 49 50 51 52 53 54 55 56 57 58 59 60 61 62 63 64 65 66 67 68 69 70 72 73 74 75
(72,*) 0 1 2 3 4 5 6 7 8 9 10 11 12 13 14 15 16 17 18 19 20 21 22 44 45 46 47 48 49 50 51 52 53 54 55 56 57 58 59 60 61 62 63 64 65 66 67 68 69 70 71 73 74 75
(73,*) 0 1 2 3 4 5 6 7 8 9 10 11 12 13 14 15 16 17 18 19 20 21 22 44 45 46 47 48 49 50 51 52 53 54 55 56 57 58 59 60 61 62 63 64 65 66 67 68 69 70 71 72 74 75
(74,*) 0 1 2 3 4 5 6 7 8 9 10 11 12 13 14 15 16 17 18 19 20 21 22 44 45 46 47 48 49 50 51 52 53 54 55 56 57 58 59 60 61 62 63 64 65 66 67 68 69 70 71 72 73 75
(75,*) 0 1 2 3 4 5 6 7 8 9 10 11 12 13 14 15 16 17 18 19 20 21 22 44 45 46 47 48 49 50 51 52 53 54 55 56 57 58 59 60 61 62 63 64 65 66 67 68 69 70 71 72 73 74
;
set A2:=
(65,*) 66
(66,*) 65
;
param BigM:=99999;
param n:= 9;
param d:=
1	12
2	24
3	7
4	26
5	17
6	11
7	12
8	7
9	1
10	26
11	10
12	9
13	15
14	23
15	19
16	6
17	8
18	24
19	24
20	23
21	2
22	14
23	20
24	10
25	18
26	11
27	23
28	2
29	14
30	24
31	2
32	12
33	18
34	5
35	8
36	2
37	13
38	6
39	6
40	21
41	20
42	4
43	14
44	16
45	9
46	2
47	9
48	12
49	22
50	21
51	17
52	16
53	15
54	14
55	13
56	5
57	24
58	25
59	2
60	14
61	10
62	19
63	16
64	23
;
param Q:=100;
param w:=
[65,*] 66 0.5
[66,*] 65 0.5
;
param V:=
[65,*] 66 92
[66,*] 65 92
;
param e:
	65	66	67	68	69	70	71	72	73	74	75:=
23	0	1	0	0	1	0	0	1	0	0	0	
24	0	1	0	1	0	0	0	0	0	0	0	
25	1	1	0	0	0	0	0	0	0	1	0	
26	1	1	1	0	0	0	0	0	0	0	0	
27	0	1	0	0	0	0	0	1	0	0	0	
28	0	1	0	0	1	0	0	0	0	0	0	
29	1	1	1	0	0	0	0	0	0	0	0	
30	0	1	0	0	1	0	0	1	0	0	0	
31	1	1	0	0	0	0	1	0	0	0	0	
32	1	0	0	0	0	0	0	0	1	0	0	
33	1	1	0	0	0	0	0	1	0	0	0	
34	1	1	0	0	0	0	1	0	0	0	0	
35	1	0	0	0	0	0	0	1	0	0	0	
36	0	1	0	0	0	0	0	0	0	1	0	
37	1	1	0	0	1	0	0	0	0	0	0	
38	0	1	0	0	1	0	0	1	0	0	1	
39	1	1	1	0	0	0	0	0	0	0	0	
40	0	1	1	0	0	0	0	0	0	0	0	
41	1	1	0	0	0	1	0	0	0	0	0	
42	1	1	0	0	0	0	0	0	0	1	0	
43	1	1	0	0	0	0	1	0	0	0	0	
44	0	1	0	1	0	0	0	0	0	1	0	
45	1	1	0	0	0	1	1	0	0	1	1	
46	0	1	0	0	0	0	0	0	1	0	0	
47	1	0	1	0	0	0	0	0	1	0	0	
48	1	1	0	0	0	0	0	1	0	0	0	
49	1	1	0	0	0	0	0	0	1	0	0	
50	1	1	1	0	0	0	0	0	0	0	0	
51	1	0	1	0	0	1	0	0	1	0	0	
52	1	1	1	0	0	1	0	0	1	0	0	
53	0	1	0	1	0	0	1	0	0	1	0	
54	1	0	0	0	0	0	0	0	1	0	0	
55	1	1	0	1	0	0	1	0	0	1	0	
56	1	1	0	1	0	0	0	0	0	0	0	
57	1	1	0	0	1	0	0	1	0	0	1	
58	1	1	1	0	0	0	0	0	0	0	0	
59	1	1	0	1	0	0	1	0	0	1	0	
60	0	1	0	0	1	0	0	1	0	0	1	
61	1	1	0	1	0	0	1	0	0	1	0	
62	1	0	0	0	0	0	0	0	1	0	0	
63	1	1	0	0	0	1	0	0	1	0	0	
64	0	1	0	0	0	0	0	0	1	0	0	
;
param p:=
1	3
2	3
3	3
4	3
5	3
6	3
7	3
8	3
9	3
;
param G:=
65	92
66	81
67	92
68	90
69	98
70	95
71	79
72	84
73	83
74	78
75	76
;
param s:=
0	0
1	10
2	10
3	10
4	10
5	10
6	10
7	10
8	10
9	10
10	10
11	10
12	10
13	10
14	10
15	10
16	10
17	10
18	10
19	10
20	10
21	10
22	10
44	10
45	10
46	10
47	10
48	10
49	10
50	10
51	10
52	10
53	10
54	10
55	10
56	10
57	10
58	10
59	10
60	10
61	10
62	10
63	10
64	10
65	10
66	10
67	10
68	10
69	10
70	10
71	10
72	10
73	10
74	10
75	10
;
param t:
	0	1	2	3	4	5	6	7	8	9	10	11	12	13	14	15	16	17	18	19	20	21	22	23	24	25	26	27	28	29	30	31	32	33	34	35	36	37	38	39	40	41	42	43	44	45	46	47	48	49	50	51	52	53	54	55	56	57	58	59	60	61	62	63	64	65	66	67	68	69	70	71	72	73	74	75:=
0	0.0	45.12	72.11	39.7	47.07	70.94	32.06	64.4	38.83	52.8	62.8	39.7	40.2	34.93	46.04	52.5	17.09	25.06	50.12	62.13	48.37	68.0	26.08	28.84	32.25	66.6	51.92	11.31	33.94	29.73	35.38	52.95	41.23	30.53	50.91	73.76	45.69	18.44	10.2	63.66	37.74	31.24	45.12	63.81	52.15	26.31	35.78	54.63	46.69	38.21	65.3	45.34	30.0	47.2	74.32	61.35	70.26	18.97	62.13	38.47	22.8	59.36	67.08	18.0	35.78	78.39	37.12	41.4	54.64	19.72	23.43	43.01	27.02	32.45	44.29	11.18
1	45.12	0.0	89.38	75.71	92.2	44.05	76.42	86.53	16.97	22.09	62.13	26.91	85.16	78.03	75.39	87.36	46.04	64.5	39.45	43.17	75.15	72.8	66.24	68.96	30.53	40.0	7.21	55.03	76.03	24.17	77.82	54.04	4.0	74.67	84.12	86.28	28.07	58.03	50.16	34.06	32.31	27.78	20.0	45.12	89.82	50.6	28.64	13.42	90.02	15.23	32.56	27.78	17.2	77.25	59.67	80.0	78.1	62.13	43.17	57.31	66.48	85.88	64.5	27.86	28.64	58.22	82.04	18.6	82.76	64.2	30.08	64.88	71.85	18.79	71.18	54.23
2	72.11	89.38	0.0	42.43	81.04	71.39	66.48	10.77	72.47	75.18	34.53	62.8	73.76	60.83	30.07	37.58	89.2	90.8	53.67	60.17	26.0	24.0	90.55	92.35	98.79	70.34	91.61	77.67	92.0	66.48	92.02	37.58	86.37	84.02	34.18	8.94	108.41	56.89	81.04	74.0	104.31	62.23	103.48	59.67	44.72	46.52	100.96	87.13	63.91	95.02	78.43	63.81	86.83	30.27	54.0	10.77	18.11	62.29	60.17	34.99	82.22	19.7	36.06	79.92	100.96	63.0	72.18	71.4	24.04	78.31	63.41	29.15	69.07	71.42	29.15	64.54
3	39.7	75.71	42.43	0.0	39.4	80.99	24.08	32.06	62.13	72.25	53.81	56.14	31.62	18.44	12.65	12.81	55.32	51.26	56.92	69.08	17.09	51.61	50.6	51.92	71.61	77.79	80.89	40.5	50.36	52.35	50.16	47.71	71.81	42.19	11.66	48.08	84.38	21.26	45.61	78.1	77.2	50.04	82.29	69.86	14.14	26.0	74.89	80.1	24.08	74.32	81.58	60.53	65.39	12.17	73.24	33.53	50.12	23.32	69.08	26.83	41.76	24.08	58.0	54.59	74.89	80.78	29.83	63.01	19.03	38.28	45.71	22.67	27.17	57.56	15.81	29.0
4	47.07	92.2	81.04	39.4	0.0	112.07	18.44	70.34	84.31	97.51	91.21	82.37	8.49	21.63	52.0	44.41	52.35	36.06	88.41	101.21	56.46	90.55	34.18	33.11	74.24	108.17	98.95	38.05	26.08	74.32	24.41	83.55	88.29	20.88	47.07	87.32	88.36	38.83	44.0	106.68	78.64	74.24	90.0	102.45	38.05	55.32	78.23	101.19	18.0	84.21	109.18	87.82	76.66	51.26	108.9	72.8	89.44	32.25	101.21	62.48	28.28	61.61	95.6	64.78	78.23	115.36	11.4	86.41	57.01	29.0	67.12	60.75	21.02	78.19	55.01	39.0
5	70.94	44.05	71.39	80.99	112.07	0.0	93.74	74.11	34.93	22.36	36.88	31.24	103.73	92.28	73.76	88.29	80.62	95.6	24.17	12.17	71.02	48.08	96.83	99.64	72.28	4.47	40.2	82.22	104.8	41.62	106.15	36.06	44.41	100.42	83.95	64.56	72.11	73.24	80.0	10.0	75.31	39.7	64.03	12.0	93.68	57.31	71.39	32.25	102.86	58.55	12.65	25.61	56.32	75.71	21.26	66.12	54.41	80.0	12.17	54.41	93.38	78.1	36.06	60.83	71.39	15.65	100.69	31.78	77.52	89.81	47.51	60.42	91.4	40.71	68.66	74.41
6	32.06	76.42	66.48	24.08	18.44	93.74	0.0	56.14	67.05	79.85	73.24	64.4	10.0	6.32	36.5	32.98	42.05	31.24	70.0	82.8	40.79	73.35	30.0	30.53	62.64	89.89	82.87	26.0	27.2	56.92	26.68	65.3	72.44	18.97	34.23	71.81	76.66	20.59	32.31	88.59	67.68	56.46	76.94	84.02	28.64	36.88	66.48	84.4	15.23	70.26	91.24	69.77	62.03	36.22	90.55	57.27	72.8	14.56	82.8	44.41	21.26	48.0	77.67	50.04	66.48	96.94	7.07	68.95	43.01	19.21	49.65	43.38	5.83	61.13	38.6	22.2
7	64.4	86.53	10.77	32.06	70.34	74.11	56.14	0.0	69.97	74.67	38.21	60.83	63.15	50.36	20.1	26.83	81.44	81.58	53.85	62.29	16.49	29.73	81.22	82.87	92.8	72.44	89.55	68.96	82.1	62.8	82.02	38.47	83.23	74.03	23.41	18.44	103.32	48.08	72.8	75.31	98.41	58.82	99.04	62.13	34.0	40.0	95.27	85.91	53.14	90.55	79.62	62.77	82.02	20.0	58.86	8.0	25.06	52.95	62.29	29.73	72.69	8.94	40.79	74.03	95.27	67.74	61.66	69.35	13.34	68.88	58.73	22.67	59.01	68.01	20.25	55.97
8	38.83	16.97	72.47	62.13	84.31	34.93	67.05	69.97	0.0	14.14	45.65	10.0	76.55	67.47	60.17	72.99	46.04	62.23	23.41	30.07	59.46	56.04	63.66	66.48	38.21	30.46	19.7	50.0	72.47	10.2	74.03	37.2	14.42	69.34	69.43	69.31	41.23	47.07	46.69	26.08	42.0	12.17	34.18	32.06	76.24	36.22	38.0	18.0	79.25	26.68	26.91	12.17	22.09	62.1	46.04	63.25	61.22	52.5	30.07	41.23	61.61	69.86	48.33	26.08	38.0	46.53	73.39	3.16	67.07	58.52	17.46	48.85	63.32	6.4	55.66	45.31
9	52.8	22.09	75.18	72.25	97.51	22.36	79.85	74.67	14.14	0.0	43.86	16.12	89.55	79.7	68.26	82.02	60.0	76.37	21.63	21.54	66.75	55.32	77.79	80.62	50.0	18.11	19.7	64.03	86.56	23.32	88.09	37.74	22.09	83.23	78.1	70.46	50.0	59.46	60.83	12.65	52.95	23.41	42.05	23.41	86.09	46.39	49.03	12.81	91.21	36.22	12.81	12.17	34.18	70.26	37.95	67.23	61.22	65.39	21.54	48.37	75.6	76.16	45.34	40.0	49.03	36.12	86.41	11.4	74.15	72.42	30.41	55.73	76.49	20.52	63.39	58.59
10	62.8	62.13	34.53	53.81	91.21	36.88	73.24	38.21	45.65	43.86	0.0	35.78	82.8	69.66	43.27	57.31	78.1	86.83	22.8	26.0	39.45	11.66	87.36	89.84	80.05	36.06	62.48	72.28	92.48	43.68	93.23	10.0	60.03	85.91	52.84	27.86	86.16	55.46	72.99	40.25	84.9	39.29	79.62	25.3	63.81	38.63	81.04	56.57	77.79	71.69	44.72	34.41	65.15	44.94	20.88	30.27	17.89	62.61	26.0	28.84	80.99	43.68	4.47	62.51	81.04	29.61	80.21	43.57	44.38	76.9	44.28	31.14	73.06	47.17	38.6	60.41
11	39.7	26.91	62.8	56.14	82.37	31.24	64.4	60.83	10.0	16.12	35.78	0.0	74.24	63.91	52.61	66.12	50.16	64.4	14.14	23.41	51.42	46.04	65.6	68.41	46.04	26.91	28.84	50.99	73.59	10.77	74.97	27.2	24.41	69.43	62.29	59.4	50.6	43.86	48.83	24.41	50.36	8.49	43.86	25.3	70.03	30.27	46.39	25.3	75.29	36.06	26.83	5.66	30.27	54.59	38.21	53.85	51.22	50.12	23.41	32.98	62.23	61.35	38.63	31.05	46.39	40.16	71.12	8.6	58.94	58.73	16.28	40.52	61.4	12.04	47.85	43.83
12	40.2	85.16	73.76	31.62	8.49	103.73	10.0	63.15	76.55	89.55	82.8	74.24	0.0	13.42	44.27	38.0	47.54	33.29	80.0	92.8	48.7	82.37	31.62	31.24	69.05	99.86	91.78	32.25	25.61	66.48	24.41	75.07	81.22	18.44	40.2	79.7	83.19	30.53	38.47	98.49	73.76	66.21	84.21	94.02	32.25	46.86	72.99	93.68	13.42	78.0	101.07	79.65	70.11	43.68	100.42	65.15	81.44	24.17	92.8	54.04	24.17	54.59	87.2	58.14	72.99	106.89	3.16	78.55	49.82	23.77	59.24	52.48	13.34	70.52	47.01	31.32
13	34.93	78.03	60.83	18.44	21.63	92.28	6.32	50.36	67.47	79.7	69.66	63.91	13.42	0.0	31.05	26.68	46.65	37.2	68.26	80.99	35.44	68.96	36.06	36.72	66.48	88.59	84.21	30.53	33.53	57.27	32.98	62.23	74.03	25.3	28.07	66.48	80.32	20.4	36.72	87.73	71.69	56.32	80.05	82.1	22.36	34.99	70.23	85.16	12.0	72.99	90.62	69.08	64.5	30.59	87.73	51.92	68.03	16.12	80.99	41.04	27.2	42.05	74.03	52.61	70.23	94.49	11.4	69.12	37.12	24.76	50.01	39.12	11.4	61.81	33.62	24.19
14	46.04	75.39	30.07	12.65	52.0	73.76	36.5	20.1	60.17	68.26	43.27	52.61	44.27	31.05	0.0	14.56	62.77	61.61	50.36	61.61	4.47	39.7	61.19	62.8	76.37	71.02	79.7	49.4	62.03	51.26	62.0	38.63	71.69	54.0	10.2	35.44	88.09	28.64	53.67	72.25	82.02	48.08	84.88	62.1	20.59	25.06	79.25	77.67	36.06	76.55	76.11	56.14	67.68	2.0	63.53	20.88	37.74	32.98	61.61	20.0	52.61	13.42	47.2	58.14	79.25	71.59	42.45	60.42	8.6	48.84	45.62	13.34	39.01	56.65	5.1	36.67
15	52.5	87.36	37.58	12.81	44.41	88.29	32.98	26.83	72.99	82.02	57.31	66.12	38.0	26.68	14.56	0.0	67.94	62.61	64.78	76.16	17.89	52.5	61.74	62.77	84.4	85.51	92.2	52.8	60.17	63.56	59.67	53.14	83.52	51.92	4.47	44.94	97.1	34.06	58.14	86.58	90.0	60.83	94.83	76.66	7.21	36.88	87.66	90.8	26.68	86.76	90.35	70.0	77.82	12.65	77.82	31.24	49.52	35.61	76.16	34.23	52.8	17.89	61.06	67.23	87.66	86.01	37.12	73.55	14.21	49.65	57.28	27.89	37.34	68.88	19.65	41.73
16	17.09	46.04	89.2	55.32	52.35	80.62	42.05	81.44	46.04	60.0	78.1	50.16	47.54	46.65	62.77	67.94	0.0	18.97	62.64	73.54	65.3	84.21	20.88	23.41	22.0	76.16	53.25	16.12	31.05	39.4	32.98	68.12	42.8	32.0	66.84	90.71	36.06	34.41	10.0	72.11	26.31	42.38	38.47	75.39	66.6	43.17	26.0	58.14	57.27	34.18	72.8	55.46	28.84	63.81	87.36	78.43	86.83	32.56	73.54	55.32	24.08	76.16	82.22	20.0	26.0	90.25	44.92	49.09	71.34	23.77	35.17	60.08	36.25	39.96	61.27	26.4
17	25.06	64.5	90.8	51.26	36.06	95.6	31.24	81.58	62.23	76.37	86.83	64.4	33.29	37.2	61.61	62.61	18.97	0.0	75.18	87.13	65.12	90.8	2.0	4.47	40.45	91.21	71.69	14.56	12.17	54.04	14.14	77.2	61.06	15.23	62.77	94.09	54.15	34.06	15.62	87.86	44.05	56.04	57.27	88.84	59.36	48.66	44.41	76.03	45.34	53.14	89.11	70.0	47.41	62.1	99.32	80.4	92.2	28.64	87.13	60.3	10.0	74.73	91.21	37.2	44.41	103.45	31.4	65.07	69.64	13.0	48.26	63.01	25.81	55.87	61.66	27.07
18	50.12	39.45	53.67	56.92	88.41	24.17	70.0	53.85	23.41	21.63	22.8	14.14	80.0	68.26	50.36	64.78	62.64	75.18	0.0	12.81	48.04	33.94	76.16	78.89	60.13	20.88	39.7	61.06	83.23	24.08	84.4	16.12	37.58	78.1	60.53	48.83	64.56	49.68	59.93	22.0	64.5	20.4	57.58	14.14	69.86	33.29	60.53	34.06	78.71	50.0	26.08	11.66	44.41	52.35	24.74	46.17	39.7	56.64	12.81	30.59	71.61	56.32	25.06	44.41	60.53	28.3	77.01	21.02	55.01	67.8	27.51	37.12	68.01	26.17	45.28	51.74
19	62.13	43.17	60.17	69.08	101.21	12.17	82.8	62.29	30.07	21.54	26.0	23.41	92.8	80.99	61.61	76.16	73.54	87.13	12.81	0.0	58.86	37.58	88.2	90.97	68.26	10.2	41.23	73.24	95.6	34.18	96.83	24.0	42.43	90.69	71.81	53.85	70.46	62.48	71.69	14.42	72.03	31.3	62.8	2.0	81.61	46.04	68.03	34.0	91.3	56.14	18.87	18.44	52.15	63.56	16.49	54.33	43.86	69.43	0.0	42.38	84.02	66.03	26.08	54.41	68.03	16.76	89.81	27.02	65.38	80.28	38.95	48.27	80.81	34.71	56.52	64.38
20	48.37	75.15	26.0	17.09	56.46	71.02	40.79	16.49	59.46	66.75	39.45	51.42	48.7	35.44	4.47	17.89	65.3	65.12	48.04	58.86	0.0	35.38	64.78	66.48	77.9	68.47	79.12	52.5	66.0	50.99	66.03	35.44	71.55	58.03	13.42	31.05	89.2	31.62	56.46	70.03	83.55	47.54	85.6	59.23	24.41	25.61	80.62	76.66	40.5	77.2	74.0	54.59	68.41	5.66	59.93	16.49	33.29	36.5	58.86	18.44	56.32	11.31	43.27	59.4	80.62	68.15	46.84	59.48	7.62	52.47	45.79	11.05	43.1	56.36	4.24	39.56
21	68.0	72.8	24.0	51.61	90.55	48.08	73.35	29.73	56.04	55.32	11.66	46.04	82.37	68.96	39.7	52.5	84.21	90.8	33.94	37.58	35.38	0.0	91.08	93.38	88.54	47.54	73.59	76.42	95.08	52.8	95.6	18.87	70.46	87.93	48.17	16.49	95.71	57.72	78.03	51.88	93.64	48.33	89.55	36.77	59.46	42.19	89.89	67.94	75.6	81.41	56.36	45.34	74.32	41.04	30.0	22.36	6.32	64.56	37.58	30.59	83.95	36.72	12.17	70.34	89.89	39.0	80.06	54.2	38.6	79.83	52.2	29.97	74.09	56.82	35.81	63.79
22	26.08	66.24	90.55	50.6	34.18	96.83	30.0	81.22	63.66	77.79	87.36	65.6	31.62	36.06	61.19	61.74	20.88	2.0	76.16	88.2	64.78	91.08	0.0	2.83	42.43	92.46	73.43	15.23	10.2	55.32	12.17	77.79	62.77	13.42	62.03	94.02	56.14	34.0	16.97	89.2	46.04	57.2	59.23	89.89	58.31	49.03	46.39	77.67	43.86	55.03	90.51	71.22	49.19	61.61	100.18	80.22	92.35	28.28	88.2	60.53	8.94	74.22	91.76	38.83	46.39	104.45	29.83	66.47	69.12	12.37	49.41	63.01	24.7	57.28	61.4	27.29
23	28.84	68.96	92.35	51.92	33.11	99.64	30.53	82.87	66.48	80.62	89.84	68.41	31.24	36.72	62.8	62.77	23.41	4.47	78.89	90.97	66.48	93.38	2.83	0.0	44.72	95.27	76.16	17.89	8.0	58.14	10.0	80.32	65.51	12.81	63.25	96.0	58.31	36.06	19.8	92.02	48.17	60.0	61.61	92.65	59.06	51.42	48.66	80.45	43.86	57.58	93.34	74.03	51.88	63.15	102.86	82.1	94.53	30.07	90.97	62.8	10.2	75.71	94.25	41.62	48.66	107.19	29.7	69.3	70.61	14.04	52.2	65.07	25.5	60.11	63.2	29.61
24	32.25	30.53	98.79	71.61	74.24	72.28	62.64	92.8	38.21	50.0	80.05	46.04	69.05	66.48	76.37	84.4	22.0	40.45	60.13	68.26	77.9	88.54	42.43	44.72	0.0	67.91	37.2	36.88	52.61	36.5	54.59	70.34	28.64	54.0	82.46	98.39	14.14	50.48	30.59	62.64	5.66	40.79	17.09	70.26	84.38	52.8	4.0	43.91	77.79	15.62	62.03	50.04	16.12	77.79	84.02	88.2	92.48	50.99	68.26	63.81	46.04	89.2	83.55	18.87	4.0	84.72	66.29	41.3	84.86	45.4	36.4	70.21	57.01	34.01	73.66	43.42
25	66.6	40.0	70.34	77.79	108.17	4.47	89.89	72.44	30.46	18.11	36.06	26.91	99.86	88.59	71.02	85.51	76.16	91.21	20.88	10.2	68.47	47.54	92.46	95.27	67.91	0.0	36.5	77.9	100.5	37.2	101.86	34.06	40.2	96.21	81.22	63.91	68.03	69.34	75.6	6.32	71.02	35.38	60.0	10.77	90.71	53.67	67.08	28.64	99.32	54.33	10.0	21.26	51.92	72.99	22.8	64.5	53.85	76.03	10.2	51.42	89.11	76.0	35.78	56.36	67.08	18.68	96.8	27.31	75.17	85.56	43.19	57.71	87.42	36.24	65.92	70.29
26	51.92	7.21	91.61	80.89	98.95	40.2	82.87	89.55	19.7	19.7	62.48	28.84	91.78	84.21	79.7	92.2	53.25	71.69	39.7	41.23	79.12	73.59	73.43	76.16	37.2	36.5	0.0	62.03	83.19	28.64	84.97	55.17	10.77	81.71	88.77	87.86	32.98	64.03	57.27	30.27	38.47	31.62	24.74	43.08	95.04	55.32	34.99	8.0	96.19	21.63	28.0	28.28	24.41	81.61	57.58	82.68	79.2	68.47	41.23	60.93	73.54	89.55	64.4	34.93	34.99	55.11	88.65	20.25	86.73	71.17	35.23	68.54	78.45	23.35	75.27	60.67
27	11.31	55.03	77.67	40.5	38.05	82.22	26.0	68.96	50.0	64.03	72.28	50.99	32.25	30.53	49.4	52.8	16.12	14.56	61.06	73.24	52.5	76.42	15.23	17.89	36.88	77.9	62.03	0.0	22.63	41.04	24.08	62.64	51.26	19.7	52.15	80.4	50.99	20.88	6.32	74.97	41.76	42.52	52.04	74.89	50.91	34.23	40.79	65.3	41.23	46.17	76.58	56.64	38.83	50.16	84.97	67.08	78.03	17.2	73.24	46.04	11.66	62.77	76.66	27.2	40.79	89.36	29.43	52.63	57.78	9.22	34.71	49.25	20.25	43.6	48.76	13.15
28	33.94	76.03	92.0	50.36	26.08	104.8	27.2	82.1	72.47	86.56	92.48	73.59	25.61	33.53	62.03	60.17	31.05	12.17	83.23	95.6	66.0	95.08	10.2	8.0	52.61	100.5	83.19	22.63	0.0	63.66	2.0	83.26	72.47	8.25	61.19	96.33	66.27	37.36	26.08	97.59	56.14	65.12	69.43	97.2	55.71	53.85	56.57	87.13	38.83	65.15	99.16	79.25	59.09	62.13	106.68	82.1	95.71	30.59	95.6	64.56	11.66	74.43	96.93	48.37	56.57	111.5	24.7	75.17	69.35	15.65	57.31	65.92	23.19	66.07	63.07	32.2
29	29.73	24.17	66.48	52.35	74.32	41.62	56.92	62.8	10.2	23.32	43.68	10.77	66.48	57.27	51.26	63.56	39.4	54.04	24.08	34.18	50.99	52.8	55.32	58.14	36.5	37.2	28.64	41.04	63.66	0.0	65.12	34.18	20.59	60.0	60.17	64.4	42.94	36.88	38.42	33.94	41.23	4.47	37.2	36.06	66.48	26.68	37.36	28.07	69.05	28.84	35.61	16.12	21.54	53.14	48.66	56.64	57.31	42.38	34.18	33.29	52.5	61.77	47.07	20.4	37.36	50.92	63.32	12.08	58.6	49.2	7.28	40.82	53.31	5.39	47.01	35.34
30	35.38	77.82	92.02	50.16	24.41	106.15	26.68	82.02	74.03	88.09	93.23	74.97	24.41	32.98	62.0	59.67	32.98	14.14	84.4	96.83	66.03	95.6	12.17	10.0	54.59	101.86	84.97	24.08	2.0	65.12	0.0	84.1	74.24	8.0	60.83	96.52	68.26	37.95	27.78	99.04	58.14	66.48	71.39	98.41	55.03	54.63	58.55	88.84	37.74	67.05	100.66	80.62	60.93	62.03	107.7	82.22	96.1	31.05	96.83	65.15	12.81	74.24	97.69	50.12	58.55	112.65	23.71	76.69	69.18	16.64	58.69	66.29	23.02	67.62	63.2	33.12
31	52.95	54.04	37.58	47.71	83.55	36.06	65.3	38.47	37.2	37.74	10.0	27.2	75.07	62.23	38.63	53.14	68.12	77.2	16.12	24.0	35.44	18.87	77.79	80.32	70.34	34.06	55.17	62.64	83.26	34.18	84.1	0.0	51.61	76.94	48.7	32.8	76.97	46.65	63.15	36.88	75.29	29.73	70.71	24.08	59.09	29.53	71.47	50.0	71.22	62.61	41.23	26.91	55.71	40.5	25.61	30.59	24.08	53.85	24.0	21.26	71.69	42.05	14.14	52.61	71.47	33.12	72.35	35.47	41.59	67.62	34.37	25.5	64.64	38.01	33.62	51.08
32	41.23	4.0	86.37	71.81	88.29	44.41	72.44	83.23	14.42	22.09	60.03	24.41	81.22	74.03	71.69	83.52	42.8	61.06	37.58	42.43	71.55	70.46	62.77	65.51	28.64	40.2	10.77	51.26	72.47	20.59	74.24	51.61	0.0	70.94	80.32	83.55	28.07	54.04	46.52	34.53	31.05	24.41	20.4	44.41	85.91	46.82	27.2	15.62	86.02	14.14	33.53	26.0	14.14	73.54	58.86	76.84	75.6	58.14	42.43	53.85	62.77	82.37	62.61	24.17	27.2	58.01	78.09	16.55	79.16	60.41	26.25	61.4	67.9	15.26	67.54	50.25
33	30.53	74.67	84.02	42.19	20.88	100.42	18.97	74.03	69.34	83.23	85.91	69.43	18.44	25.3	54.0	51.92	32.0	15.23	78.1	90.69	58.03	87.93	13.42	12.81	54.0	96.21	81.71	19.7	8.25	60.0	8.0	76.94	70.94	0.0	52.95	88.57	68.03	30.46	24.74	93.72	58.14	60.96	70.26	92.2	47.54	47.41	58.0	84.97	31.24	65.12	95.6	75.07	58.24	54.04	100.96	74.24	88.29	23.41	90.69	57.58	8.25	66.27	90.38	46.82	58.0	106.21	17.03	71.85	61.2	10.82	53.26	58.46	15.03	62.97	55.23	26.4
34	50.91	84.12	34.18	11.66	47.07	83.95	34.23	23.41	69.43	78.1	52.84	62.29	40.2	28.07	10.2	4.47	66.84	62.77	60.53	71.81	13.42	48.17	62.03	63.25	82.46	81.22	88.77	52.15	61.19	60.17	60.83	48.7	80.32	52.95	0.0	41.18	94.87	32.56	57.2	82.39	88.09	57.27	92.28	72.28	11.31	33.53	85.6	87.13	29.73	84.12	86.21	66.03	75.18	8.25	73.35	27.2	45.34	34.99	71.81	30.07	53.14	14.56	56.6	64.9	85.6	81.54	39.01	69.87	10.3	49.77	54.08	23.54	38.08	65.52	15.3	40.46
35	73.76	86.28	8.94	48.08	87.32	64.56	71.81	18.44	69.31	70.46	27.86	59.4	79.7	66.48	35.44	44.94	90.71	94.09	48.83	53.85	31.05	16.49	94.02	96.0	98.39	63.91	87.86	80.4	96.33	64.4	96.52	32.8	83.55	88.57	41.18	0.0	107.07	60.03	83.19	68.03	103.77	60.0	101.61	53.14	52.15	47.54	100.24	82.8	70.68	93.23	72.5	59.67	85.44	36.06	46.17	14.56	10.2	66.03	53.85	35.44	86.02	27.2	28.64	79.62	100.24	55.15	77.88	67.9	30.89	82.01	62.27	31.14	73.82	69.03	33.38	67.27
36	45.69	28.07	108.41	84.38	88.36	72.11	76.66	103.32	41.23	50.0	86.16	50.6	83.19	80.32	88.09	97.1	36.06	54.15	64.56	70.46	89.2	95.71	56.14	58.31	14.14	68.03	32.98	50.99	66.27	42.94	68.26	76.97	28.07	68.03	94.87	107.07	0.0	63.53	44.72	62.13	10.2	47.41	8.25	72.44	97.53	63.66	10.2	40.79	91.76	14.56	60.53	53.37	21.63	89.64	86.83	98.08	100.24	64.62	70.46	73.76	60.13	100.5	89.2	30.0	10.2	86.05	80.41	43.93	96.43	59.54	45.0	80.66	71.06	39.0	84.96	56.86
37	18.44	58.03	56.89	21.26	38.83	73.24	20.59	48.08	47.07	59.46	55.46	43.86	30.53	20.4	28.64	34.06	34.41	34.06	49.68	62.48	31.62	57.72	34.0	36.06	50.48	69.34	64.03	20.88	37.36	36.88	37.95	46.65	54.04	30.46	32.56	60.03	63.53	0.0	25.06	68.0	56.04	36.06	62.03	63.78	34.0	17.2	53.85	64.78	32.25	54.41	70.68	49.19	45.61	29.53	71.22	46.39	58.55	7.21	62.48	27.2	26.31	42.05	59.93	34.18	53.85	77.1	27.46	48.76	37.12	22.2	29.61	29.02	18.38	41.44	27.89	8.06
38	10.2	50.16	81.04	45.61	44.0	80.0	32.31	72.8	46.69	60.83	72.99	48.83	38.47	36.72	53.67	58.14	10.0	15.62	59.93	71.69	56.46	78.03	16.97	19.8	30.59	75.6	57.27	6.32	26.08	38.42	27.78	63.15	46.52	24.74	57.2	83.19	44.72	25.06	0.0	72.25	35.44	40.5	46.0	73.43	56.64	36.06	34.53	61.06	47.54	40.45	73.54	54.41	33.53	54.59	84.31	70.34	80.1	22.63	71.69	48.17	16.49	67.08	77.28	22.36	34.53	88.12	35.69	49.5	62.18	15.0	32.76	52.17	26.57	40.31	52.55	17.0
39	63.66	34.06	74.0	78.1	106.68	10.0	88.59	75.31	26.08	12.65	40.25	24.41	98.49	87.73	72.25	86.58	72.11	87.86	22.0	14.42	70.03	51.88	89.2	92.02	62.64	6.32	30.27	74.97	97.59	33.94	99.04	36.88	34.53	93.72	82.39	68.03	62.13	68.0	72.25	0.0	65.51	32.8	54.04	15.62	91.41	53.14	61.61	22.36	98.79	48.66	4.47	18.87	46.82	74.24	28.84	67.47	58.14	74.43	14.42	52.35	86.37	78.23	40.5	52.15	61.61	25.0	95.38	23.02	77.01	82.98	40.46	59.08	85.76	32.2	67.19	68.24
40	37.74	32.31	104.31	77.2	78.64	75.31	67.68	98.41	42.0	52.95	84.9	50.36	73.76	71.69	82.02	90.0	26.31	44.05	64.5	72.03	83.55	93.64	46.04	48.17	5.66	71.02	38.47	41.76	56.14	41.23	58.14	75.29	31.05	58.14	88.09	103.77	10.2	56.04	35.44	65.51	0.0	45.61	15.62	74.03	89.89	58.41	4.0	45.69	82.87	17.09	64.56	54.04	20.1	83.45	88.02	93.74	97.69	56.36	72.03	69.34	50.36	94.85	88.29	24.41	4.0	88.28	71.06	45.01	90.52	50.01	41.63	75.8	61.98	38.33	79.31	48.88
41	31.24	27.78	62.23	50.04	74.24	39.7	56.46	58.82	12.17	23.41	39.29	8.49	66.21	56.32	48.08	60.83	42.38	56.04	20.4	31.3	47.54	48.33	57.2	60.0	40.79	35.38	31.62	42.52	65.12	4.47	66.48	29.73	24.41	60.96	57.27	60.0	47.41	36.06	40.5	32.8	45.61	0.0	41.62	33.11	64.12	24.08	41.76	30.07	67.91	33.29	34.99	14.14	26.0	50.0	45.12	52.5	52.84	42.05	31.3	29.53	53.74	58.14	42.76	24.08	41.76	47.93	63.07	13.04	55.15	50.25	7.81	37.12	53.24	9.22	43.66	35.51
42	45.12	20.0	103.48	82.29	90.0	64.03	76.94	99.04	34.18	42.05	79.62	43.86	84.21	80.05	84.88	94.83	38.47	57.27	57.58	62.8	85.6	89.55	59.23	61.61	17.09	60.0	24.74	52.04	69.43	37.2	71.39	70.71	20.4	70.26	92.28	101.61	8.25	62.03	46.0	54.04	15.62	41.62	0.0	64.78	95.85	60.0	13.42	32.56	91.78	8.49	52.35	46.17	17.2	86.53	79.25	93.38	94.34	64.03	62.8	69.31	62.13	96.83	82.46	27.86	13.42	78.16	81.3	36.69	93.01	61.0	40.31	76.49	71.57	32.76	81.4	56.04
43	63.81	45.12	59.67	69.86	102.45	12.0	84.02	62.13	32.06	23.41	25.3	25.3	94.02	82.1	62.1	76.66	75.39	88.84	14.14	2.0	59.23	36.77	89.89	92.65	70.26	10.77	43.08	74.89	97.2	36.06	98.41	24.08	44.41	92.2	72.28	53.14	72.44	63.78	73.43	15.62	74.03	33.11	64.78	0.0	82.22	47.2	70.03	35.78	92.28	58.14	20.0	20.4	54.15	64.03	14.56	54.15	43.08	70.77	2.0	43.08	85.6	66.12	25.06	56.32	70.03	14.87	91.05	29.02	65.62	81.84	40.71	48.76	82.13	36.67	57.01	65.86
44	52.15	89.82	44.72	14.14	38.05	93.68	28.64	34.0	76.24	86.09	63.81	70.03	32.25	22.36	20.59	7.21	66.6	59.36	69.86	81.61	24.41	59.46	58.31	59.06	84.38	90.71	95.04	50.91	55.71	66.48	55.03	59.09	85.91	47.54	11.31	52.15	97.53	34.0	56.64	91.41	89.89	64.12	95.85	82.22	0.0	40.05	87.82	94.19	20.1	88.02	95.04	74.24	79.12	18.87	84.12	38.42	56.64	34.06	81.61	39.29	49.4	25.06	67.68	68.03	87.82	92.14	31.78	77.06	21.4	46.62	59.84	33.62	33.62	71.7	25.5	41.05
45	26.31	50.6	46.52	26.0	55.32	57.31	36.88	40.0	36.22	46.39	38.63	30.27	46.86	34.99	25.06	36.88	43.17	48.66	33.29	46.04	25.61	42.19	49.03	51.42	52.8	53.67	55.32	34.23	53.85	26.68	54.63	29.53	46.82	47.41	33.53	47.54	63.66	17.2	36.06	53.14	58.41	24.08	60.0	47.2	40.05	0.0	55.32	54.15	45.69	51.61	56.32	34.93	42.8	26.83	54.04	35.78	44.05	24.41	46.04	12.17	42.38	36.88	43.08	34.06	55.32	60.11	43.93	37.01	33.02	38.28	20.62	17.49	35.47	32.02	21.4	21.84
46	35.78	28.64	100.96	74.89	78.23	71.39	66.48	95.27	38.0	49.03	81.04	46.39	72.99	70.23	79.25	87.66	26.0	44.41	60.53	68.03	80.62	89.89	46.39	48.66	4.0	67.08	34.99	40.79	56.57	37.36	58.55	71.47	27.2	58.0	85.6	100.24	10.2	53.85	34.53	61.61	4.0	41.76	13.42	70.03	87.82	55.32	0.0	42.05	81.61	13.42	60.73	50.04	16.12	80.72	84.02	90.44	94.02	54.63	68.03	66.03	50.04	91.93	84.4	21.26	0.0	84.29	70.21	41.01	87.69	49.37	38.01	72.62	60.88	34.37	76.38	46.96
47	54.63	13.42	87.13	80.1	101.19	32.25	84.4	85.91	18.0	12.81	56.57	25.3	93.68	85.16	77.67	90.8	58.14	76.03	34.06	34.0	76.66	67.94	77.67	80.45	43.91	28.64	8.0	65.3	87.13	28.07	88.84	50.0	15.62	84.97	87.13	82.8	40.79	64.78	61.06	22.36	45.69	30.07	32.56	35.78	94.19	54.15	42.05	0.0	97.02	28.64	20.0	23.32	29.73	79.62	50.16	78.71	73.76	69.86	34.0	58.24	76.94	86.65	58.14	38.83	42.05	47.3	90.52	17.26	84.2	74.25	35.23	65.8	80.36	23.35	73.01	62.36
48	46.69	90.02	63.91	24.08	18.0	102.86	15.23	53.14	79.25	91.21	77.79	75.29	13.42	12.0	36.06	26.68	57.27	45.34	78.71	91.3	40.5	75.6	43.86	43.86	77.79	99.32	96.19	41.23	38.83	69.05	37.74	71.22	86.02	31.24	29.73	70.68	91.76	32.25	47.54	98.79	82.87	67.91	91.78	92.28	20.1	45.69	81.61	97.02	0.0	84.85	101.84	80.32	76.42	34.99	96.83	56.36	73.78	28.07	91.3	50.0	35.61	44.27	82.02	64.5	81.61	104.04	14.21	80.81	39.92	34.13	61.81	46.67	21.02	73.68	39.82	36.12
49	38.21	15.23	95.02	74.32	84.21	58.55	70.26	90.55	26.68	36.22	71.69	36.06	78.0	72.99	76.55	86.76	34.18	53.14	50.0	56.14	77.2	81.41	55.03	57.58	15.62	54.33	21.63	46.17	65.15	28.84	67.05	62.61	14.14	65.12	84.12	93.23	14.56	54.41	40.45	48.66	17.09	33.29	8.49	58.14	88.02	51.61	13.42	28.64	84.85	0.0	47.54	38.83	8.94	78.23	72.44	84.9	86.09	56.89	56.14	60.83	56.89	88.41	74.67	20.4	13.42	72.01	75.01	29.43	84.63	55.33	31.83	68.01	65.07	24.6	73.01	48.84
50	65.3	32.56	78.43	81.58	109.18	12.65	91.24	79.62	26.91	12.81	44.72	26.83	101.07	90.62	76.11	90.35	72.8	89.11	26.08	18.87	74.0	56.36	90.51	93.34	62.03	10.0	28.0	76.58	99.16	35.61	100.66	41.23	33.53	95.6	86.21	72.5	60.53	70.68	73.54	4.47	64.56	34.99	52.35	20.0	95.04	56.32	60.73	20.0	101.84	47.54	0.0	21.54	46.52	78.1	32.8	71.81	62.61	76.94	18.87	56.14	88.09	82.39	44.94	52.8	60.73	28.23	97.95	24.04	81.06	84.81	42.44	63.01	88.19	33.24	71.06	70.49
51	45.34	27.78	63.81	60.53	87.82	25.61	69.77	62.77	12.17	12.17	34.41	5.66	79.65	69.08	56.14	70.0	55.46	70.0	11.66	18.44	54.59	45.34	71.22	74.03	50.04	21.26	28.28	56.64	79.25	16.12	80.62	26.91	26.0	75.07	66.03	59.67	53.37	49.19	54.41	18.87	54.04	14.14	46.17	20.4	74.24	34.93	50.04	23.32	80.32	38.83	21.54	0.0	34.0	58.14	34.0	55.46	50.91	55.57	18.44	36.22	67.88	64.03	36.72	36.06	50.04	35.17	76.54	9.49	61.98	64.38	21.93	43.57	66.89	16.28	51.24	49.41
52	30.0	17.2	86.83	65.39	76.66	56.32	62.03	82.02	22.09	34.18	65.15	30.27	70.11	64.5	67.68	77.82	28.84	47.41	44.41	52.15	68.41	74.32	49.19	51.88	16.12	51.92	24.41	38.83	59.09	21.54	60.93	55.71	14.14	58.24	75.18	85.44	21.63	45.61	33.53	46.82	20.1	26.0	17.2	54.15	79.12	42.8	16.12	29.73	76.42	8.94	46.52	34.0	0.0	69.34	68.0	76.58	78.71	48.37	52.15	52.35	50.0	79.65	68.41	12.0	16.12	68.59	67.07	25.18	75.8	48.05	23.43	59.41	57.01	18.25	64.2	40.31
53	47.2	77.25	30.27	12.17	51.26	75.71	36.22	20.0	62.1	70.26	44.94	54.59	43.68	30.59	2.0	12.65	63.81	62.1	52.35	63.56	5.66	41.04	61.61	63.15	77.79	72.99	81.61	50.16	62.13	53.14	62.03	40.5	73.54	54.04	8.25	36.06	89.64	29.53	54.59	74.24	83.45	50.0	86.53	64.03	18.87	26.83	80.72	79.62	34.99	78.23	78.1	58.14	69.34	0.0	65.3	21.54	38.83	33.53	63.56	22.0	52.95	12.65	48.83	59.67	80.72	73.41	41.98	62.37	7.62	49.24	47.42	15.3	39.01	58.52	7.07	37.59
54	74.32	59.67	54.0	73.24	108.9	21.26	90.55	58.86	46.04	37.95	20.88	38.21	100.42	87.73	63.53	77.82	87.36	99.32	24.74	16.49	59.93	30.0	100.18	102.86	84.02	22.8	57.58	84.97	106.68	48.66	107.7	25.61	58.86	100.96	73.35	46.17	86.83	71.22	84.31	28.84	88.02	45.12	79.25	14.56	84.12	54.04	84.02	50.16	96.83	72.44	32.8	34.0	68.0	65.3	0.0	50.99	36.06	78.41	16.49	46.86	95.02	64.56	18.11	69.05	84.02	9.0	97.62	43.1	65.19	91.07	52.2	50.77	89.5	50.09	58.67	74.63
55	61.35	80.0	10.77	33.53	72.8	66.12	57.27	8.0	63.25	67.23	30.27	53.85	65.15	51.92	20.88	31.24	78.43	80.4	46.17	54.33	16.49	22.36	80.22	82.1	88.2	64.5	82.68	67.08	82.1	56.64	82.22	30.59	76.84	74.24	27.2	14.56	98.08	46.39	70.34	67.47	93.74	52.5	93.38	54.15	38.42	35.78	90.44	78.71	56.36	84.9	71.81	55.46	76.58	21.54	50.99	0.0	18.44	52.04	54.33	24.41	72.03	14.42	32.98	69.34	90.44	59.84	63.32	62.43	17.03	68.07	53.15	18.38	59.41	61.72	19.03	53.94
56	70.26	78.1	18.11	50.12	89.44	54.41	72.8	25.06	61.22	61.22	17.89	51.22	81.44	68.03	37.74	49.52	86.83	92.2	39.7	43.86	33.29	6.32	92.35	94.53	92.48	53.85	79.2	78.03	95.71	57.31	96.1	24.08	75.6	88.29	45.34	10.2	100.24	58.55	80.1	58.14	97.69	52.84	94.34	43.08	56.64	44.05	94.02	73.76	73.78	86.09	62.61	50.91	78.71	38.83	36.06	18.44	0.0	65.12	43.86	32.0	84.85	32.8	18.44	74.0	94.02	45.04	79.31	59.55	35.36	80.75	56.08	29.83	74.04	61.59	34.44	65.12
57	18.97	62.13	62.29	23.32	32.25	80.0	14.56	52.95	52.5	65.39	62.61	50.12	24.17	16.12	32.98	35.61	32.56	28.64	56.64	69.43	36.5	64.56	28.28	30.07	50.99	76.03	68.47	17.2	30.59	42.38	31.05	53.85	58.14	23.41	34.99	66.03	64.62	7.21	22.63	74.43	56.36	42.05	64.03	70.77	34.06	24.41	54.63	69.86	28.07	56.89	76.94	55.57	48.37	33.53	78.41	52.04	65.12	0.0	69.43	34.18	20.0	46.17	67.08	36.5	54.63	84.22	21.02	54.42	41.11	16.03	35.11	35.36	11.4	46.57	33.14	8.06
58	62.13	43.17	60.17	69.08	101.21	12.17	82.8	62.29	30.07	21.54	26.0	23.41	92.8	80.99	61.61	76.16	73.54	87.13	12.81	0.0	58.86	37.58	88.2	90.97	68.26	10.2	41.23	73.24	95.6	34.18	96.83	24.0	42.43	90.69	71.81	53.85	70.46	62.48	71.69	14.42	72.03	31.3	62.8	2.0	81.61	46.04	68.03	34.0	91.3	56.14	18.87	18.44	52.15	63.56	16.49	54.33	43.86	69.43	0.0	42.38	84.02	66.03	26.08	54.41	68.03	16.76	89.81	27.02	65.38	80.28	38.95	48.27	80.81	34.71	56.52	64.38
59	38.47	57.31	34.99	26.83	62.48	54.41	44.41	29.73	41.23	48.37	28.84	32.98	54.04	41.04	20.0	34.23	55.32	60.3	30.59	42.38	18.44	30.59	60.53	62.8	63.81	51.42	60.93	46.04	64.56	33.29	65.15	21.26	53.85	57.58	30.07	35.44	73.76	27.2	48.17	52.35	69.34	29.53	69.31	43.08	39.29	12.17	66.03	58.24	50.0	60.83	56.14	36.22	52.35	22.0	46.86	24.41	32.0	34.18	42.38	0.0	53.37	28.64	33.29	44.94	66.03	54.08	51.4	41.11	25.96	49.24	29.0	7.62	44.29	38.59	15.03	33.24
60	22.8	66.48	82.22	41.76	28.28	93.38	21.26	72.69	61.61	75.6	80.99	62.23	24.17	27.2	52.61	52.8	24.08	10.0	71.61	84.02	56.32	83.95	8.94	10.2	46.04	89.11	73.54	11.66	11.66	52.5	12.81	71.69	62.77	8.25	53.14	86.02	60.13	26.31	16.49	86.37	50.36	53.74	62.13	85.6	49.4	42.38	50.04	76.94	35.61	56.89	88.09	67.88	50.0	52.95	95.02	72.03	84.85	20.0	84.02	53.37	0.0	65.51	85.44	38.63	50.04	99.86	21.95	64.2	60.42	4.12	45.97	55.23	15.81	55.22	53.08	20.62
61	59.36	85.88	19.7	24.08	61.61	78.1	48.0	8.94	69.86	76.16	43.68	61.35	54.59	42.05	13.42	17.89	76.16	74.73	56.32	66.03	11.31	36.72	74.22	75.71	89.2	76.0	89.55	62.77	74.43	61.77	74.24	42.05	82.37	66.27	14.56	27.2	100.5	42.05	67.08	78.23	94.85	58.14	96.83	66.12	25.06	36.88	91.93	86.65	44.27	88.41	82.39	64.03	79.65	12.65	64.56	14.42	32.8	46.17	66.03	28.64	65.51	0.0	46.82	70.71	91.93	73.25	53.24	69.64	5.1	61.85	56.86	21.02	51.24	67.12	15.56	50.09
62	67.08	64.5	36.06	58.0	95.6	36.06	77.67	40.79	48.33	45.34	4.47	38.63	87.2	74.03	47.2	61.06	82.22	91.21	25.06	26.08	43.27	12.17	91.76	94.25	83.55	35.78	64.4	76.66	96.93	47.07	97.69	14.14	62.61	90.38	56.6	28.64	89.2	59.93	77.28	40.5	88.29	42.76	82.46	25.06	67.68	43.08	84.4	58.14	82.02	74.67	44.94	36.72	68.41	48.83	18.11	32.98	18.44	67.08	26.08	33.29	85.44	46.82	0.0	66.27	84.4	27.07	84.63	46.07	47.85	81.34	48.09	35.36	77.52	50.29	42.64	64.85
63	18.0	27.86	79.92	54.59	64.78	60.83	50.04	74.03	26.08	40.0	62.51	31.05	58.14	52.61	58.14	67.23	20.0	37.2	44.41	54.41	59.4	70.34	38.83	41.62	18.87	56.36	34.93	27.2	48.37	20.4	50.12	52.61	24.17	46.82	64.9	79.62	30.0	34.18	22.36	52.15	24.41	24.08	27.86	56.32	68.03	34.06	21.26	38.83	64.5	20.4	52.8	36.06	12.0	59.67	69.05	69.34	74.0	36.5	54.41	44.94	38.63	70.71	66.27	0.0	21.26	71.17	55.08	29.15	66.53	36.4	18.25	51.4	45.01	20.12	55.15	28.44
