set K:= 1	2	3	4	5	6	7	8	9;
set C_H:= 1	2	3	4	5	6	7	8	9	10	11	12	13	14	15	16	17	18	19	20	21	22	23	24	25	26	27	28;
set C_S:= 29	30	31	32	33	34	35	36	37	38	39	40	41	42	43	44	45	46	47	48;
set C_F:= 49	50	51	52	53	54	55	56	57	58	59	60	61	62	63	64	65	66	67	68;
set M:= 69	70	71	72;
set L_B:= 73	74;
set A1:=
(0,*) 1 2 3 4 5 6 7 8 9 10 11 12 13 14 15 16 17 18 19 20 21 22 23 24 25 26 27 28 49 50 51 52 53 54 55 56 57 58 59 60 61 62 63 64 65 66 67 68 69 70 71 72 73 74
(1,*) 0 2 3 4 5 6 7 8 9 10 11 12 13 14 15 16 17 18 19 20 21 22 23 24 25 26 27 28 49 50 51 52 53 54 55 56 57 58 59 60 61 62 63 64 65 66 67 68 69 70 71 72 73 74
(2,*) 0 1 3 4 5 6 7 8 9 10 11 12 13 14 15 16 17 18 19 20 21 22 23 24 25 26 27 28 49 50 51 52 53 54 55 56 57 58 59 60 61 62 63 64 65 66 67 68 69 70 71 72 73 74
(3,*) 0 1 2 4 5 6 7 8 9 10 11 12 13 14 15 16 17 18 19 20 21 22 23 24 25 26 27 28 49 50 51 52 53 54 55 56 57 58 59 60 61 62 63 64 65 66 67 68 69 70 71 72 73 74
(4,*) 0 1 2 3 5 6 7 8 9 10 11 12 13 14 15 16 17 18 19 20 21 22 23 24 25 26 27 28 49 50 51 52 53 54 55 56 57 58 59 60 61 62 63 64 65 66 67 68 69 70 71 72 73 74
(5,*) 0 1 2 3 4 6 7 8 9 10 11 12 13 14 15 16 17 18 19 20 21 22 23 24 25 26 27 28 49 50 51 52 53 54 55 56 57 58 59 60 61 62 63 64 65 66 67 68 69 70 71 72 73 74
(6,*) 0 1 2 3 4 5 7 8 9 10 11 12 13 14 15 16 17 18 19 20 21 22 23 24 25 26 27 28 49 50 51 52 53 54 55 56 57 58 59 60 61 62 63 64 65 66 67 68 69 70 71 72 73 74
(7,*) 0 1 2 3 4 5 6 8 9 10 11 12 13 14 15 16 17 18 19 20 21 22 23 24 25 26 27 28 49 50 51 52 53 54 55 56 57 58 59 60 61 62 63 64 65 66 67 68 69 70 71 72 73 74
(8,*) 0 1 2 3 4 5 6 7 9 10 11 12 13 14 15 16 17 18 19 20 21 22 23 24 25 26 27 28 49 50 51 52 53 54 55 56 57 58 59 60 61 62 63 64 65 66 67 68 69 70 71 72 73 74
(9,*) 0 1 2 3 4 5 6 7 8 10 11 12 13 14 15 16 17 18 19 20 21 22 23 24 25 26 27 28 49 50 51 52 53 54 55 56 57 58 59 60 61 62 63 64 65 66 67 68 69 70 71 72 73 74
(10,*) 0 1 2 3 4 5 6 7 8 9 11 12 13 14 15 16 17 18 19 20 21 22 23 24 25 26 27 28 49 50 51 52 53 54 55 56 57 58 59 60 61 62 63 64 65 66 67 68 69 70 71 72 73 74
(11,*) 0 1 2 3 4 5 6 7 8 9 10 12 13 14 15 16 17 18 19 20 21 22 23 24 25 26 27 28 49 50 51 52 53 54 55 56 57 58 59 60 61 62 63 64 65 66 67 68 69 70 71 72 73 74
(12,*) 0 1 2 3 4 5 6 7 8 9 10 11 13 14 15 16 17 18 19 20 21 22 23 24 25 26 27 28 49 50 51 52 53 54 55 56 57 58 59 60 61 62 63 64 65 66 67 68 69 70 71 72 73 74
(13,*) 0 1 2 3 4 5 6 7 8 9 10 11 12 14 15 16 17 18 19 20 21 22 23 24 25 26 27 28 49 50 51 52 53 54 55 56 57 58 59 60 61 62 63 64 65 66 67 68 69 70 71 72 73 74
(14,*) 0 1 2 3 4 5 6 7 8 9 10 11 12 13 15 16 17 18 19 20 21 22 23 24 25 26 27 28 49 50 51 52 53 54 55 56 57 58 59 60 61 62 63 64 65 66 67 68 69 70 71 72 73 74
(15,*) 0 1 2 3 4 5 6 7 8 9 10 11 12 13 14 16 17 18 19 20 21 22 23 24 25 26 27 28 49 50 51 52 53 54 55 56 57 58 59 60 61 62 63 64 65 66 67 68 69 70 71 72 73 74
(16,*) 0 1 2 3 4 5 6 7 8 9 10 11 12 13 14 15 17 18 19 20 21 22 23 24 25 26 27 28 49 50 51 52 53 54 55 56 57 58 59 60 61 62 63 64 65 66 67 68 69 70 71 72 73 74
(17,*) 0 1 2 3 4 5 6 7 8 9 10 11 12 13 14 15 16 18 19 20 21 22 23 24 25 26 27 28 49 50 51 52 53 54 55 56 57 58 59 60 61 62 63 64 65 66 67 68 69 70 71 72 73 74
(18,*) 0 1 2 3 4 5 6 7 8 9 10 11 12 13 14 15 16 17 19 20 21 22 23 24 25 26 27 28 49 50 51 52 53 54 55 56 57 58 59 60 61 62 63 64 65 66 67 68 69 70 71 72 73 74
(19,*) 0 1 2 3 4 5 6 7 8 9 10 11 12 13 14 15 16 17 18 20 21 22 23 24 25 26 27 28 49 50 51 52 53 54 55 56 57 58 59 60 61 62 63 64 65 66 67 68 69 70 71 72 73 74
(20,*) 0 1 2 3 4 5 6 7 8 9 10 11 12 13 14 15 16 17 18 19 21 22 23 24 25 26 27 28 49 50 51 52 53 54 55 56 57 58 59 60 61 62 63 64 65 66 67 68 69 70 71 72 73 74
(21,*) 0 1 2 3 4 5 6 7 8 9 10 11 12 13 14 15 16 17 18 19 20 22 23 24 25 26 27 28 49 50 51 52 53 54 55 56 57 58 59 60 61 62 63 64 65 66 67 68 69 70 71 72 73 74
(22,*) 0 1 2 3 4 5 6 7 8 9 10 11 12 13 14 15 16 17 18 19 20 21 23 24 25 26 27 28 49 50 51 52 53 54 55 56 57 58 59 60 61 62 63 64 65 66 67 68 69 70 71 72 73 74
(23,*) 0 1 2 3 4 5 6 7 8 9 10 11 12 13 14 15 16 17 18 19 20 21 22 24 25 26 27 28 49 50 51 52 53 54 55 56 57 58 59 60 61 62 63 64 65 66 67 68 69 70 71 72 73 74
(24,*) 0 1 2 3 4 5 6 7 8 9 10 11 12 13 14 15 16 17 18 19 20 21 22 23 25 26 27 28 49 50 51 52 53 54 55 56 57 58 59 60 61 62 63 64 65 66 67 68 69 70 71 72 73 74
(25,*) 0 1 2 3 4 5 6 7 8 9 10 11 12 13 14 15 16 17 18 19 20 21 22 23 24 26 27 28 49 50 51 52 53 54 55 56 57 58 59 60 61 62 63 64 65 66 67 68 69 70 71 72 73 74
(26,*) 0 1 2 3 4 5 6 7 8 9 10 11 12 13 14 15 16 17 18 19 20 21 22 23 24 25 27 28 49 50 51 52 53 54 55 56 57 58 59 60 61 62 63 64 65 66 67 68 69 70 71 72 73 74
(27,*) 0 1 2 3 4 5 6 7 8 9 10 11 12 13 14 15 16 17 18 19 20 21 22 23 24 25 26 28 49 50 51 52 53 54 55 56 57 58 59 60 61 62 63 64 65 66 67 68 69 70 71 72 73 74
(28,*) 0 1 2 3 4 5 6 7 8 9 10 11 12 13 14 15 16 17 18 19 20 21 22 23 24 25 26 27 49 50 51 52 53 54 55 56 57 58 59 60 61 62 63 64 65 66 67 68 69 70 71 72 73 74
(49,*) 0 1 2 3 4 5 6 7 8 9 10 11 12 13 14 15 16 17 18 19 20 21 22 23 24 25 26 27 28 50 51 52 53 54 55 56 57 58 59 60 61 62 63 64 65 66 67 68 69 70 71 72 73 74
(50,*) 0 1 2 3 4 5 6 7 8 9 10 11 12 13 14 15 16 17 18 19 20 21 22 23 24 25 26 27 28 49 51 52 53 54 55 56 57 58 59 60 61 62 63 64 65 66 67 68 69 70 71 72 73 74
(51,*) 0 1 2 3 4 5 6 7 8 9 10 11 12 13 14 15 16 17 18 19 20 21 22 23 24 25 26 27 28 49 50 52 53 54 55 56 57 58 59 60 61 62 63 64 65 66 67 68 69 70 71 72 73 74
(52,*) 0 1 2 3 4 5 6 7 8 9 10 11 12 13 14 15 16 17 18 19 20 21 22 23 24 25 26 27 28 49 50 51 53 54 55 56 57 58 59 60 61 62 63 64 65 66 67 68 69 70 71 72 73 74
(53,*) 0 1 2 3 4 5 6 7 8 9 10 11 12 13 14 15 16 17 18 19 20 21 22 23 24 25 26 27 28 49 50 51 52 54 55 56 57 58 59 60 61 62 63 64 65 66 67 68 69 70 71 72 73 74
(54,*) 0 1 2 3 4 5 6 7 8 9 10 11 12 13 14 15 16 17 18 19 20 21 22 23 24 25 26 27 28 49 50 51 52 53 55 56 57 58 59 60 61 62 63 64 65 66 67 68 69 70 71 72 73 74
(55,*) 0 1 2 3 4 5 6 7 8 9 10 11 12 13 14 15 16 17 18 19 20 21 22 23 24 25 26 27 28 49 50 51 52 53 54 56 57 58 59 60 61 62 63 64 65 66 67 68 69 70 71 72 73 74
(56,*) 0 1 2 3 4 5 6 7 8 9 10 11 12 13 14 15 16 17 18 19 20 21 22 23 24 25 26 27 28 49 50 51 52 53 54 55 57 58 59 60 61 62 63 64 65 66 67 68 69 70 71 72 73 74
(57,*) 0 1 2 3 4 5 6 7 8 9 10 11 12 13 14 15 16 17 18 19 20 21 22 23 24 25 26 27 28 49 50 51 52 53 54 55 56 58 59 60 61 62 63 64 65 66 67 68 69 70 71 72 73 74
(58,*) 0 1 2 3 4 5 6 7 8 9 10 11 12 13 14 15 16 17 18 19 20 21 22 23 24 25 26 27 28 49 50 51 52 53 54 55 56 57 59 60 61 62 63 64 65 66 67 68 69 70 71 72 73 74
(59,*) 0 1 2 3 4 5 6 7 8 9 10 11 12 13 14 15 16 17 18 19 20 21 22 23 24 25 26 27 28 49 50 51 52 53 54 55 56 57 58 60 61 62 63 64 65 66 67 68 69 70 71 72 73 74
(60,*) 0 1 2 3 4 5 6 7 8 9 10 11 12 13 14 15 16 17 18 19 20 21 22 23 24 25 26 27 28 49 50 51 52 53 54 55 56 57 58 59 61 62 63 64 65 66 67 68 69 70 71 72 73 74
(61,*) 0 1 2 3 4 5 6 7 8 9 10 11 12 13 14 15 16 17 18 19 20 21 22 23 24 25 26 27 28 49 50 51 52 53 54 55 56 57 58 59 60 62 63 64 65 66 67 68 69 70 71 72 73 74
(62,*) 0 1 2 3 4 5 6 7 8 9 10 11 12 13 14 15 16 17 18 19 20 21 22 23 24 25 26 27 28 49 50 51 52 53 54 55 56 57 58 59 60 61 63 64 65 66 67 68 69 70 71 72 73 74
(63,*) 0 1 2 3 4 5 6 7 8 9 10 11 12 13 14 15 16 17 18 19 20 21 22 23 24 25 26 27 28 49 50 51 52 53 54 55 56 57 58 59 60 61 62 64 65 66 67 68 69 70 71 72 73 74
(64,*) 0 1 2 3 4 5 6 7 8 9 10 11 12 13 14 15 16 17 18 19 20 21 22 23 24 25 26 27 28 49 50 51 52 53 54 55 56 57 58 59 60 61 62 63 65 66 67 68 69 70 71 72 73 74
(65,*) 0 1 2 3 4 5 6 7 8 9 10 11 12 13 14 15 16 17 18 19 20 21 22 23 24 25 26 27 28 49 50 51 52 53 54 55 56 57 58 59 60 61 62 63 64 66 67 68 69 70 71 72 73 74
(66,*) 0 1 2 3 4 5 6 7 8 9 10 11 12 13 14 15 16 17 18 19 20 21 22 23 24 25 26 27 28 49 50 51 52 53 54 55 56 57 58 59 60 61 62 63 64 65 67 68 69 70 71 72 73 74
(67,*) 0 1 2 3 4 5 6 7 8 9 10 11 12 13 14 15 16 17 18 19 20 21 22 23 24 25 26 27 28 49 50 51 52 53 54 55 56 57 58 59 60 61 62 63 64 65 66 68 69 70 71 72 73 74
(68,*) 0 1 2 3 4 5 6 7 8 9 10 11 12 13 14 15 16 17 18 19 20 21 22 23 24 25 26 27 28 49 50 51 52 53 54 55 56 57 58 59 60 61 62 63 64 65 66 67 69 70 71 72 73 74
(69,*) 0 1 2 3 4 5 6 7 8 9 10 11 12 13 14 15 16 17 18 19 20 21 22 23 24 25 26 27 28 49 50 51 52 53 54 55 56 57 58 59 60 61 62 63 64 65 66 67 68 71 72 73 74
(70,*) 0 1 2 3 4 5 6 7 8 9 10 11 12 13 14 15 16 17 18 19 20 21 22 23 24 25 26 27 28 49 50 51 52 53 54 55 56 57 58 59 60 61 62 63 64 65 66 67 68 71 72 73 74
(71,*) 0 1 2 3 4 5 6 7 8 9 10 11 12 13 14 15 16 17 18 19 20 21 22 23 24 25 26 27 28 49 50 51 52 53 54 55 56 57 58 59 60 61 62 63 64 65 66 67 68 69 70 73 74
(72,*) 0 1 2 3 4 5 6 7 8 9 10 11 12 13 14 15 16 17 18 19 20 21 22 23 24 25 26 27 28 49 50 51 52 53 54 55 56 57 58 59 60 61 62 63 64 65 66 67 68 69 70 73 74
(73,*) 0 1 2 3 4 5 6 7 8 9 10 11 12 13 14 15 16 17 18 19 20 21 22 23 24 25 26 27 28 49 50 51 52 53 54 55 56 57 58 59 60 61 62 63 64 65 66 67 68 69 70 71 72 74
(74,*) 0 1 2 3 4 5 6 7 8 9 10 11 12 13 14 15 16 17 18 19 20 21 22 23 24 25 26 27 28 49 50 51 52 53 54 55 56 57 58 59 60 61 62 63 64 65 66 67 68 69 70 71 72 73
;
set A2:=
(69,*) 70
(70,*) 69
(71,*) 72
(72,*) 71
;
param BigM:=99999;
param n:= 9;
param d:=
1	2
2	1
3	16
4	9
5	12
6	1
7	10
8	16
9	12
10	6
11	23
12	17
13	2
14	7
15	20
16	21
17	25
18	4
19	12
20	23
21	7
22	15
23	7
24	8
25	25
26	25
27	22
28	24
29	3
30	18
31	5
32	5
33	6
34	20
35	8
36	3
37	7
38	23
39	13
40	13
41	13
42	30
43	15
44	9
45	23
46	5
47	8
48	18
49	6
50	9
51	5
52	1
53	9
54	39
55	2
56	13
57	17
58	10
59	12
60	5
61	19
62	10
63	15
64	5
65	8
66	12
67	24
68	7
;
param Q:=100
param w:=
[69,*] 70 5
[70,*] 69 5
[71,*] 72 5
[72,*] 71 5
;
param V:=
[69,*] 70 507
[70,*] 69 507
[71,*] 72 507
[72,*] 71 507
;
param f:=
69	100
70	100
71	100
72	100
73	100
74	100
;
param e:
	69	70	71	72	73	74:=
29	0	0	1	0	0	0	
30	0	0	0	0	0	1	
31	0	0	1	0	0	0	
32	0	0	0	1	0	1	
33	0	0	0	0	1	0	
34	0	0	1	0	0	0	
35	0	0	1	0	0	0	
36	0	0	0	0	0	1	
37	0	0	0	0	1	0	
38	1	0	0	0	0	0	
39	1	0	0	0	0	0	
40	0	0	1	0	1	0	
41	0	1	0	1	0	1	
42	1	0	0	0	1	0	
43	0	1	0	0	0	0	
44	0	0	1	0	0	0	
45	1	0	0	0	1	0	
46	0	0	0	0	1	1	
47	0	1	0	0	0	0	
48	0	0	0	1	1	1	
49	0	0	0	1	0	1	
50	0	0	1	0	0	0	
51	0	0	0	1	0	1	
52	1	0	1	0	1	0	
53	1	0	0	0	1	0	
54	0	1	0	0	1	1	
55	1	0	0	0	1	0	
56	0	0	1	0	0	0	
57	0	0	1	0	1	0	
58	0	1	0	0	0	0	
59	0	0	0	1	0	1	
60	0	0	0	1	1	1	
61	0	0	0	1	0	1	
62	1	0	0	0	1	0	
63	1	0	0	0	1	0	
64	0	1	0	0	0	0	
65	0	0	0	1	0	1	
66	0	1	0	0	0	0	
67	1	0	0	0	1	0	
68	0	0	0	1	1	1	
;
param r:
	69	70	71	72:=
69	0	1	0	0	
70	1	0	0	0	
71	0	0	0	1	
72	0	0	1	0	
;
param p:=
1	1
2	1
3	1
4	1
5	1
6	1
7	1
8	1
9	1
;
param G:=
69	507
70	507
71	507
72	507
73	126
74	126
;
param s:=
0	0
1	15
2	15
3	15
4	15
5	15
6	15
7	15
8	15
9	15
10	15
11	15
12	15
13	15
14	15
15	15
16	15
17	15
18	15
19	15
20	15
21	15
22	15
23	15
24	15
25	15
26	15
27	15
28	15
49	15
50	15
51	15
52	15
53	15
54	15
55	15
56	15
57	15
58	15
59	15
60	15
61	15
62	15
63	15
64	15
65	15
66	15
67	15
68	15
69	30
70	30
71	30
72	30
73	15
74	15
;
param t:
	0	1	2	3	4	5	6	7	8	9	10	11	12	13	14	15	16	17	18	19	20	21	22	23	24	25	26	27	28	29	30	31	32	33	34	35	36	37	38	39	40	41	42	43	44	45	46	47	48	49	50	51	52	53	54	55	56	57	58	59	60	61	62	63	64	65	66	67	68	69	70	71	72	73	74:=
0	0.0	54.23	34.66	37.54	61.13	46.27	60.0	53.81	57.01	22.83	63.81	23.26	11.18	47.68	17.49	61.1	49.73	56.44	59.36	19.65	52.48	38.6	45.28	26.91	22.56	44.82	45.18	28.32	28.16	13.04	27.86	27.2	55.01	6.08	36.35	40.31	31.58	17.49	57.01	44.05	26.02	50.7	29.07	32.7	39.2	55.0	21.93	31.02	47.51	54.13	44.82	57.25	39.22	44.28	30.36	25.61	24.41	8.25	55.44	66.47	46.69	69.31	37.8	52.55	64.64	61.74	36.4	49.19	29.73	63.45	51.42	42.56	69.71	23.77	53.6
1	54.23	0.0	87.46	25.96	38.08	86.68	15.13	62.59	14.87	73.5	55.15	42.45	45.28	79.92	59.3	7.07	34.06	28.64	53.0	34.89	69.89	73.68	11.18	32.02	45.01	85.29	17.72	71.03	81.61	66.1	39.2	58.22	74.33	55.95	87.48	58.19	33.02	69.12	14.87	17.46	49.25	74.73	25.3	81.06	81.06	21.59	49.52	85.23	45.89	75.03	79.25	81.15	40.31	10.2	64.66	30.41	70.35	53.6	106.4	68.07	29.27	69.0	28.46	2.24	114.21	47.38	90.48	36.24	49.65	15.75	98.53	73.33	67.67	30.46	66.48
2	34.66	87.46	0.0	72.14	84.38	29.73	94.49	63.06	91.55	14.56	79.63	48.08	42.19	40.22	42.15	94.02	73.82	82.76	75.43	52.7	56.08	55.04	79.4	61.52	54.92	52.95	75.39	43.19	21.21	27.73	52.89	52.81	55.9	31.62	31.02	67.05	58.82	18.36	91.55	78.64	56.36	49.65	63.01	13.42	48.37	83.52	41.98	13.6	66.0	54.12	59.08	53.25	71.87	77.94	34.37	60.21	38.33	39.41	21.47	75.58	72.78	78.75	72.25	85.59	31.38	81.02	17.2	82.66	47.17	97.86	22.9	60.74	80.07	57.43	60.08
3	37.54	25.96	72.14	0.0	55.61	79.85	24.35	68.88	21.19	60.0	68.45	38.21	33.11	76.9	36.4	32.56	47.01	46.75	65.0	23.77	73.03	48.09	14.87	10.63	20.88	60.0	31.24	46.87	61.4	46.62	38.01	33.06	77.0	41.62	65.19	32.31	34.53	54.82	21.19	9.0	24.08	75.24	15.03	69.34	56.14	41.04	43.93	66.61	54.41	77.03	53.46	82.22	15.0	17.49	59.2	13.0	47.13	33.6	92.96	78.16	41.68	80.01	2.83	25.63	102.0	62.27	71.02	16.28	48.09	28.16	88.02	47.44	79.31	19.24	71.34
4	61.13	38.08	84.38	55.61	0.0	70.68	53.15	33.24	52.89	70.11	18.68	38.47	50.0	59.68	74.73	38.05	11.4	9.49	18.36	45.18	43.19	94.51	43.83	54.56	66.03	103.79	24.41	87.32	87.97	73.98	33.54	79.08	47.38	58.86	97.29	85.04	29.73	68.01	52.89	50.61	71.61	50.61	43.93	73.35	98.49	16.49	43.01	88.14	19.7	48.84	100.85	55.17	70.18	39.82	51.66	50.45	84.5	65.55	97.8	33.24	15.26	33.24	58.41	36.4	102.88	10.44	94.19	70.49	37.22	53.14	86.27	96.31	31.48	44.65	38.18
5	46.27	86.68	29.73	79.85	70.68	0.0	97.64	41.44	95.19	26.68	60.21	44.41	46.82	13.04	61.13	92.02	62.43	72.4	56.75	56.36	32.02	79.08	81.84	69.89	68.73	79.85	70.71	66.94	48.76	47.68	47.51	72.06	30.15	40.45	59.68	86.0	53.81	31.26	95.19	83.65	72.25	24.02	66.65	17.89	74.67	75.6	37.44	42.44	50.99	28.16	84.2	25.3	84.93	79.06	22.02	66.85	61.85	54.08	30.15	52.01	63.6	55.04	80.99	84.5	32.76	64.2	46.86	93.96	37.48	100.29	16.65	84.31	56.8	61.27	37.12
6	60.0	15.13	94.49	24.35	53.15	97.64	0.0	76.94	3.16	81.34	70.26	53.34	53.04	92.14	60.75	16.64	49.0	43.74	68.03	42.45	83.68	71.18	15.81	34.0	45.22	83.38	32.14	71.06	85.42	70.33	50.99	56.89	88.06	63.03	89.54	53.15	45.31	76.49	3.16	16.12	48.05	87.92	31.83	89.87	79.91	36.67	60.21	90.21	60.41	88.6	76.01	94.56	35.01	18.79	75.8	34.41	71.47	57.31	114.59	83.01	44.05	84.02	25.71	17.03	123.07	62.51	94.89	27.2	61.74	3.86	108.08	69.64	82.74	37.48	80.6
7	53.81	62.59	63.06	68.88	33.24	41.44	76.94	0.0	75.54	51.08	18.97	33.54	45.49	28.86	71.06	65.46	29.55	38.59	16.12	48.1	10.3	92.31	63.07	62.64	69.32	98.31	44.91	82.04	73.93	63.89	31.62	79.32	14.21	48.8	84.91	89.89	34.37	51.48	75.54	68.03	74.71	18.38	53.94	50.01	92.66	44.28	32.02	71.18	16.76	15.81	98.6	22.02	80.36	59.14	29.15	58.24	77.79	61.22	71.06	13.04	33.53	16.12	71.2	60.42	74.15	24.41	77.08	85.16	24.41	78.26	58.02	95.9	17.14	50.96	5.0
8	57.01	14.87	91.55	21.19	52.89	95.19	3.16	75.54	0.0	78.49	69.58	51.0	50.25	89.96	57.58	17.69	48.09	43.42	67.19	39.7	82.0	68.12	13.42	30.89	42.06	80.31	31.0	67.91	82.3	67.23	48.85	53.76	86.35	60.14	86.38	50.25	43.32	73.59	0.0	13.04	44.91	86.02	29.07	87.11	76.79	36.4	57.8	87.13	59.14	86.83	73.0	92.72	32.06	16.76	73.43	31.4	68.31	54.2	111.73	82.02	43.01	83.15	22.56	16.49	120.28	61.98	91.79	24.7	59.62	7.0	105.39	66.66	81.93	34.71	79.08
9	22.83	73.5	14.56	60.0	70.11	26.68	81.34	51.08	78.49	0.0	66.49	33.53	28.43	33.02	35.06	79.92	59.41	68.25	62.17	39.05	45.49	52.39	65.95	49.41	44.94	53.67	60.93	40.26	24.04	21.1	38.33	46.1	46.23	18.44	35.36	60.3	44.27	5.39	78.49	65.8	47.54	40.36	49.58	10.2	48.33	68.96	27.46	20.12	52.15	44.69	57.57	45.34	61.85	64.2	21.93	47.51	35.17	29.41	33.24	63.98	58.25	67.12	60.46	71.56	42.01	67.27	26.0	72.01	33.0	84.58	28.7	57.64	68.22	43.93	48.76
10	63.81	55.15	79.63	68.45	18.68	60.21	70.26	18.97	69.58	66.49	0.0	40.8	53.6	47.8	79.81	56.08	21.84	27.07	4.47	52.4	29.15	100.77	58.94	64.9	74.41	108.47	39.05	91.84	87.66	75.59	36.88	86.28	32.65	59.94	98.09	94.64	36.24	65.8	69.58	65.15	80.06	37.34	54.71	67.12	102.9	34.01	42.49	86.13	16.4	34.44	107.17	40.31	81.99	54.82	45.28	60.46	88.2	70.0	89.45	14.76	27.2	14.56	71.11	53.24	92.96	8.25	92.18	84.31	34.93	70.68	76.69	103.5	12.84	53.6	23.77
11	23.26	42.45	48.08	38.21	38.47	44.41	53.34	33.54	51.0	33.53	40.8	0.0	12.81	39.22	39.05	48.17	27.17	35.13	36.4	15.13	35.51	60.14	37.59	30.15	35.78	67.68	27.78	51.04	49.5	35.74	5.0	46.23	39.2	20.4	58.94	56.36	10.77	30.41	51.0	40.16	41.18	37.05	23.54	39.45	62.13	35.44	7.07	50.01	24.41	39.05	66.53	44.05	47.68	34.67	22.47	26.02	47.51	29.21	65.0	45.22	25.08	47.8	40.05	40.31	72.2	38.48	56.0	54.01	10.05	55.9	56.23	63.2	47.87	19.03	34.79
12	11.18	45.28	42.19	33.11	50.0	46.82	53.04	45.49	50.25	28.43	53.6	12.81	0.0	45.1	26.25	51.88	38.6	45.28	49.2	10.63	45.88	47.38	37.54	23.09	24.74	54.92	34.53	38.28	39.01	24.19	17.0	33.84	49.04	10.77	47.52	44.94	20.4	23.85	50.25	37.8	29.73	45.71	21.21	36.88	49.4	44.05	13.93	41.0	37.2	48.51	53.76	52.61	39.05	35.81	27.07	20.12	34.89	16.4	61.62	57.63	35.51	60.31	34.18	43.42	70.04	51.0	46.69	47.3	21.1	56.2	55.31	50.59	60.48	15.56	46.07
13	47.68	79.92	40.22	76.9	59.68	13.04	92.14	28.86	89.96	33.02	47.8	39.22	45.1	0.0	64.29	84.63	52.5	62.48	44.6	53.15	19.1	83.93	76.56	67.74	69.07	86.45	63.01	72.09	56.85	52.39	41.15	74.73	17.12	41.59	68.12	87.97	47.01	36.24	89.96	79.38	73.33	11.0	62.64	27.02	81.01	66.47	32.98	51.62	40.22	15.13	89.55	13.04	84.15	73.35	18.03	64.13	67.12	55.9	43.19	39.0	54.45	42.01	78.45	77.7	45.4	52.39	56.73	92.07	30.41	94.42	29.64	88.75	43.8	57.72	24.33
14	17.49	59.3	42.15	36.4	74.73	61.13	60.75	71.06	57.58	35.06	79.81	39.05	26.25	64.29	0.0	66.37	63.51	68.62	75.43	29.73	69.97	21.26	48.66	27.46	15.65	29.07	55.11	12.65	26.17	14.56	43.01	11.05	72.47	23.26	28.79	25.32	45.18	30.0	57.58	44.92	14.87	68.03	35.06	45.18	23.77	65.73	39.05	32.8	63.41	71.55	27.59	74.46	31.11	49.16	47.54	29.02	11.05	9.9	63.56	83.55	59.62	86.31	35.34	58.14	73.54	76.85	36.07	42.45	46.75	64.54	62.93	25.07	86.59	31.58	71.03
15	61.1	7.07	94.02	32.56	38.05	92.02	16.64	65.46	17.69	79.92	56.08	48.17	51.88	84.63	66.37	0.0	36.14	29.02	54.45	41.63	73.41	80.5	18.03	39.05	52.0	92.2	21.63	78.06	88.6	73.08	44.55	65.12	77.88	62.61	94.54	64.56	38.21	75.66	17.69	23.77	56.14	78.77	32.28	87.2	88.02	22.09	55.23	92.11	48.7	78.72	85.99	84.97	46.49	17.26	70.04	37.48	77.41	60.64	112.65	69.72	31.95	70.35	34.93	8.54	120.25	48.01	97.41	41.34	54.67	15.55	104.39	79.99	68.85	37.34	69.64
16	49.73	34.06	73.82	47.01	11.4	62.43	49.0	29.55	48.09	59.41	21.84	27.17	38.6	52.5	63.51	36.14	0.0	10.0	19.1	34.13	38.28	83.53	37.11	44.6	55.44	92.57	17.26	76.06	76.66	62.59	22.2	68.24	42.72	47.52	85.91	74.95	18.38	57.04	48.09	43.32	61.07	44.69	34.06	63.32	87.24	14.76	32.06	77.03	13.04	43.83	89.89	50.22	61.03	32.98	42.15	40.31	73.16	54.23	88.26	34.01	5.39	35.06	49.74	32.02	93.94	15.26	83.05	62.65	26.93	49.8	77.34	85.53	33.86	34.06	34.0
17	56.44	28.64	82.76	46.75	9.49	72.4	43.74	38.59	43.42	68.25	27.07	35.13	45.28	62.48	68.62	29.02	10.0	0.0	25.71	38.9	47.8	87.66	34.48	46.62	58.67	97.5	15.56	81.27	84.1	69.46	30.15	72.01	52.2	55.01	92.78	77.01	25.02	65.49	43.42	41.34	64.14	54.49	36.06	72.73	92.36	7.07	40.79	85.09	22.67	53.41	93.91	59.82	61.52	30.53	51.89	42.72	78.85	59.91	97.86	41.0	10.05	41.44	49.58	26.93	103.75	19.0	91.05	61.29	36.4	43.85	87.18	89.07	39.87	37.58	43.27
18	59.36	53.0	75.43	65.0	18.36	56.75	68.03	16.12	67.19	62.17	4.47	36.4	49.2	44.6	75.43	54.45	19.1	25.71	0.0	48.27	26.42	96.43	56.09	61.06	70.29	104.04	36.35	87.42	83.22	71.12	32.56	82.02	30.23	55.47	93.62	90.6	32.2	61.4	67.19	62.1	75.93	34.44	51.0	63.03	98.47	32.39	38.01	81.74	12.04	31.91	102.83	38.01	78.29	51.97	41.11	56.6	83.76	65.6	85.71	15.3	24.33	16.0	67.62	51.01	89.5	8.49	87.8	80.99	30.46	68.67	73.12	99.22	14.76	49.65	21.1
19	19.65	34.89	52.7	23.77	45.18	56.36	42.45	48.1	39.7	39.05	52.4	15.13	10.63	53.15	29.73	41.63	34.13	38.9	48.27	0.0	50.64	49.4	26.91	15.03	22.02	58.69	26.02	42.38	47.68	32.25	16.55	34.21	54.33	21.1	55.0	42.44	16.28	34.41	39.7	27.46	27.66	52.0	10.63	47.42	53.49	36.35	20.22	50.6	36.4	54.15	55.76	59.0	32.56	25.24	35.44	11.05	40.02	21.21	72.25	59.06	29.97	61.4	25.32	33.11	80.62	48.27	56.04	39.12	25.18	45.58	65.72	51.51	61.18	5.0	49.73
20	52.48	69.89	56.08	73.03	43.19	32.02	83.68	10.3	82.0	45.49	29.15	35.51	45.88	19.1	69.97	73.41	38.28	47.8	26.42	50.64	0.0	90.97	69.05	65.62	70.52	95.78	52.2	80.0	69.2	60.96	35.01	79.16	4.47	46.87	80.43	90.82	39.2	46.86	82.0	73.33	75.61	8.25	58.01	42.72	90.14	53.0	31.95	65.51	25.24	5.66	97.08	12.04	83.19	65.31	24.08	61.4	75.43	60.42	62.03	20.1	41.59	23.19	75.11	67.68	64.5	34.67	71.2	89.14	25.5	85.33	48.67	95.04	24.85	54.23	5.39
21	38.6	73.68	55.04	48.09	94.51	79.08	71.18	92.31	68.12	52.39	100.77	60.14	47.38	83.93	21.26	80.5	83.53	87.66	96.43	49.4	90.97	0.0	62.51	42.45	29.41	12.37	73.16	12.17	34.37	31.62	63.89	15.81	93.3	44.1	29.07	20.12	65.46	48.08	68.12	57.08	24.52	88.59	52.2	61.81	10.63	83.93	60.31	42.43	84.39	92.28	6.4	94.81	36.5	64.13	68.0	45.54	17.26	31.14	74.97	104.8	79.26	107.56	46.01	72.99	85.16	97.42	42.72	46.84	68.01	75.01	77.66	5.81	107.82	50.09	92.2
22	45.28	11.18	79.4	14.87	43.83	81.84	15.81	63.07	13.42	65.95	58.94	37.59	37.54	76.56	48.66	18.03	37.11	34.48	56.09	26.91	69.05	62.51	0.0	21.21	34.01	74.17	19.92	60.13	71.87	56.46	35.47	47.1	73.35	47.8	77.13	47.17	30.08	61.22	13.42	7.07	38.12	72.8	16.4	74.25	70.01	28.02	44.42	76.03	47.04	73.76	68.07	79.56	29.53	4.12	60.03	20.25	59.68	43.66	99.16	70.46	31.78	71.85	17.46	10.77	107.48	51.87	81.02	27.02	46.24	18.71	92.35	62.16	70.82	22.02	66.37
23	26.91	32.02	61.52	10.63	54.56	69.89	34.0	62.64	30.89	49.41	64.9	30.15	23.09	67.74	27.46	39.05	44.6	46.62	61.06	15.03	65.62	42.45	21.21	0.0	13.15	53.6	31.38	39.01	51.43	36.36	31.05	26.68	69.35	31.06	56.04	30.48	29.07	44.2	30.89	17.89	18.03	67.01	10.63	58.83	49.16	42.06	35.06	56.3	49.65	69.18	48.38	74.01	17.72	22.02	49.82	4.47	38.47	23.32	82.33	73.01	39.6	75.15	11.18	31.02	91.4	59.67	60.9	24.33	40.2	37.68	77.55	42.99	74.73	11.7	64.54
24	22.56	45.01	54.92	20.88	66.03	68.73	45.22	69.32	42.06	44.94	74.41	35.78	24.74	69.07	15.65	52.0	55.44	58.67	70.29	22.02	70.52	29.41	34.01	13.15	0.0	40.45	43.86	26.17	41.4	27.66	38.28	13.6	73.76	28.28	44.38	20.59	38.21	39.56	42.06	29.61	5.66	70.41	22.85	55.03	36.06	54.63	38.6	47.38	58.41	73.25	35.47	77.28	17.0	35.13	51.16	16.16	26.25	15.65	76.32	80.78	50.8	83.22	19.7	44.1	85.96	70.04	51.22	27.8	45.31	49.04	73.64	30.4	83.08	21.4	70.38
25	44.82	85.29	52.95	60.0	103.79	79.85	83.38	98.31	80.31	53.67	108.47	67.68	54.92	86.45	29.07	92.2	92.57	97.5	104.04	58.69	95.78	12.37	74.17	53.6	40.45	0.0	83.52	16.64	31.78	34.83	71.87	27.07	97.62	49.52	23.02	32.31	74.24	50.25	80.31	69.0	36.06	92.42	62.82	62.03	5.66	94.25	66.71	39.46	92.09	96.4	9.9	98.18	48.84	75.54	72.01	56.29	20.52	38.59	71.0	111.13	88.64	114.02	58.03	84.48	81.02	105.82	38.0	59.2	74.52	87.23	75.84	15.92	114.49	60.08	97.62
26	45.18	17.72	75.39	31.24	24.41	70.71	32.14	44.91	31.0	60.93	39.05	27.78	34.53	63.01	55.11	21.63	17.26	15.56	36.35	26.02	52.2	73.16	19.92	31.38	43.86	83.52	0.0	67.68	73.33	58.08	23.6	57.38	56.65	45.12	81.01	61.61	17.2	57.25	31.0	26.4	49.19	57.25	21.02	67.23	78.59	10.77	34.67	75.5	28.28	57.38	79.31	63.56	45.97	15.81	48.84	27.73	65.76	47.17	92.78	51.04	12.04	52.24	34.06	15.52	99.86	31.95	81.22	46.14	33.24	33.35	83.7	74.21	51.1	23.54	48.76
27	28.32	71.03	43.19	46.87	87.32	66.94	71.06	82.04	67.91	40.26	91.84	51.04	38.28	72.09	12.65	78.06	76.06	81.27	87.42	42.38	80.0	12.17	60.13	39.01	26.17	16.64	67.68	0.0	23.09	19.7	55.23	14.76	82.1	33.3	20.52	26.4	57.7	36.06	67.91	55.73	23.09	77.18	47.38	49.65	11.18	78.34	50.25	31.05	75.45	80.99	17.46	83.24	38.47	61.0	56.6	41.11	5.1	21.95	63.56	94.76	72.24	97.62	45.35	70.0	73.76	89.19	32.2	49.74	58.05	74.91	65.65	17.66	98.03	44.15	81.57
28	28.16	81.61	21.21	61.4	87.97	48.76	85.42	73.93	82.3	24.04	87.66	49.5	39.01	56.85	26.17	88.6	76.66	84.1	83.22	47.68	69.2	34.37	71.87	51.43	41.4	31.78	73.33	23.09	0.0	15.52	54.45	35.23	70.18	29.15	11.31	48.76	59.08	22.47	82.3	69.32	41.01	64.38	56.32	30.89	27.17	83.05	45.61	8.06	72.12	68.68	38.0	69.35	57.28	71.47	45.22	51.62	18.79	28.23	40.61	86.95	74.17	90.05	60.75	80.08	50.8	87.09	9.9	68.62	52.81	89.11	44.11	40.16	90.96	51.42	72.11
29	13.04	66.1	27.73	46.62	73.98	47.68	70.33	63.89	67.23	21.1	75.59	35.74	24.19	52.39	14.56	73.08	62.59	69.46	71.12	32.25	60.96	31.62	56.46	36.36	27.66	34.83	58.08	19.7	15.52	0.0	40.52	25.5	62.8	15.65	23.35	39.81	44.55	16.49	67.23	54.2	28.65	57.69	40.8	31.0	29.21	68.01	33.12	20.0	59.51	61.61	37.16	63.63	44.41	55.97	37.2	36.25	14.76	13.04	49.19	76.84	59.68	79.81	46.23	64.56	59.09	74.09	24.6	55.44	40.82	73.96	48.43	36.68	80.43	35.9	62.94
30	27.86	39.2	52.89	38.01	33.54	47.51	50.99	31.62	48.85	38.33	36.88	5.0	17.0	41.15	43.01	44.55	22.2	30.15	32.56	16.55	35.01	63.89	35.47	31.05	38.28	71.87	23.6	55.23	54.45	40.52	0.0	49.52	39.01	25.32	63.79	58.83	6.4	35.36	48.85	38.83	43.83	37.66	23.0	43.83	66.37	30.68	11.18	55.01	20.52	39.12	70.29	44.55	48.76	32.2	25.5	26.68	51.88	33.29	69.35	42.54	20.1	44.94	40.11	37.01	76.28	34.0	61.0	54.15	10.77	53.31	60.11	66.68	44.82	19.42	33.54
31	27.2	58.22	52.81	33.06	79.08	72.06	56.89	79.32	53.76	46.1	86.28	46.23	33.84	74.73	11.05	65.12	68.24	72.01	82.02	34.21	79.16	15.81	47.1	26.68	13.6	27.07	57.38	14.76	35.23	25.5	49.52	0.0	81.94	33.24	35.0	14.32	50.45	41.01	53.76	42.05	9.0	77.83	36.4	56.22	23.09	68.15	47.51	42.54	70.01	81.15	21.93	84.43	23.71	48.51	57.57	29.73	16.97	18.97	74.09	91.4	63.81	94.02	31.26	57.43	84.15	82.46	45.0	34.99	54.92	60.74	73.92	17.31	94.1	34.48	79.76
32	55.01	74.33	55.9	77.0	47.38	30.15	88.06	14.21	86.35	46.23	32.65	39.2	49.04	17.12	72.47	77.88	42.72	52.2	30.23	54.33	4.47	93.3	73.35	69.35	73.76	97.62	56.65	82.1	70.18	62.8	39.01	81.94	0.0	49.24	81.47	93.92	43.42	48.08	86.35	77.52	78.75	6.32	62.01	42.49	92.01	57.45	35.17	66.03	29.68	2.0	99.32	7.81	86.83	69.63	25.61	65.19	77.42	63.07	60.3	22.09	46.07	25.02	79.03	72.11	62.13	38.6	71.56	93.05	29.15	89.74	46.7	97.53	26.9	58.08	9.22
33	6.08	55.95	31.62	41.62	58.86	40.45	63.03	48.8	60.14	18.44	59.94	20.4	10.77	41.59	23.26	62.61	47.52	55.01	55.47	21.1	46.87	44.1	47.8	31.06	28.28	49.52	45.12	33.3	29.15	15.65	25.32	33.24	49.24	0.0	38.6	46.39	30.0	13.45	60.14	47.38	32.0	44.78	31.4	27.78	43.86	54.33	17.49	30.41	43.86	48.3	50.22	51.26	44.64	46.32	24.35	29.07	29.0	14.32	51.62	61.62	45.04	64.54	42.19	54.12	60.44	58.52	36.22	54.23	25.24	66.33	46.53	48.29	65.06	25.81	48.27
34	36.35	87.48	31.02	65.19	97.29	59.68	89.54	84.91	86.38	35.36	98.09	58.94	47.52	68.12	28.79	94.54	85.91	92.78	93.62	55.0	80.43	29.07	77.13	56.04	44.38	23.02	81.01	20.52	11.31	23.35	63.79	35.0	81.47	38.6	0.0	46.75	67.9	33.6	86.38	73.68	42.54	75.69	62.51	41.88	19.65	91.14	55.71	17.46	82.28	79.98	31.05	80.66	58.52	77.28	56.4	57.07	18.36	34.13	48.01	97.94	83.02	101.02	64.08	86.15	58.01	97.08	15.03	69.89	63.16	93.33	53.61	34.76	101.87	58.14	83.23
35	40.31	58.19	67.05	32.31	85.04	86.0	53.15	89.89	50.25	60.3	94.64	56.36	44.94	87.97	25.32	64.56	74.95	77.01	90.6	42.44	90.82	20.12	47.17	30.48	20.59	32.31	61.61	26.4	48.76	39.81	58.83	14.32	93.92	46.39	46.75	0.0	58.41	55.15	50.25	40.8	15.23	90.25	41.11	70.46	30.53	72.11	58.87	56.36	78.82	93.3	23.54	97.02	18.25	49.66	70.41	34.66	30.02	32.14	88.26	101.36	70.04	103.77	29.73	57.94	98.35	89.87	58.31	27.29	65.8	56.9	88.23	16.97	103.61	41.11	90.87
36	31.58	33.02	58.82	34.53	29.73	53.81	45.31	34.37	43.32	44.27	36.24	10.77	20.4	47.01	45.18	38.21	18.38	25.02	32.2	16.28	39.2	65.46	30.08	29.07	38.21	74.24	17.2	57.7	59.08	44.55	6.4	50.45	43.42	30.0	67.9	58.41	0.0	41.0	43.32	34.13	43.86	42.72	19.65	50.12	68.88	24.74	17.49	60.21	20.59	43.74	71.85	49.48	46.62	26.57	31.83	24.6	54.78	35.85	75.66	44.01	15.13	46.1	36.88	30.81	82.66	32.02	66.12	50.8	16.64	47.45	66.51	67.75	45.66	17.49	37.01
37	17.49	69.12	18.36	54.82	68.01	31.26	76.49	51.48	73.59	5.39	65.8	30.41	23.85	36.24	30.0	75.66	57.04	65.49	61.4	34.41	46.86	48.08	61.22	44.2	39.56	50.25	57.25	36.06	22.47	16.49	35.36	41.01	48.08	13.45	33.6	55.15	41.0	0.0	73.59	60.81	42.2	42.52	44.82	15.52	44.78	65.73	25.0	20.4	50.8	46.69	53.49	48.01	56.46	59.64	22.8	42.45	31.02	24.04	38.21	64.5	55.44	67.6	55.22	67.23	47.2	65.92	26.48	66.65	31.4	79.78	34.08	53.17	68.54	39.2	49.65
38	57.01	14.87	91.55	21.19	52.89	95.19	3.16	75.54	0.0	78.49	69.58	51.0	50.25	89.96	57.58	17.69	48.09	43.42	67.19	39.7	82.0	68.12	13.42	30.89	42.06	80.31	31.0	67.91	82.3	67.23	48.85	53.76	86.35	60.14	86.38	50.25	43.32	73.59	0.0	13.04	44.91	86.02	29.07	87.11	76.79	36.4	57.8	87.13	59.14	86.83	73.0	92.72	32.06	16.76	73.43	31.4	68.31	54.2	111.73	82.02	43.01	83.15	22.56	16.49	120.28	61.98	91.79	24.7	59.62	7.0	105.39	66.66	81.93	34.71	79.08
39	44.05	17.46	78.64	9.0	50.61	83.65	16.12	68.03	13.04	65.8	65.15	40.16	37.8	79.38	44.92	23.77	43.32	41.34	62.1	27.46	73.33	57.08	7.07	17.89	29.61	69.0	26.4	55.73	69.32	54.2	38.83	42.05	77.52	47.38	73.68	40.8	34.13	60.81	13.04	0.0	33.06	76.49	17.0	74.65	65.12	35.0	46.62	74.09	52.47	77.78	62.39	83.36	22.85	10.82	62.24	18.44	55.79	41.18	99.01	76.12	37.95	77.67	11.18	17.49	107.71	58.31	78.77	20.0	49.48	19.79	93.1	56.31	76.74	22.47	71.03
40	26.02	49.25	56.36	24.08	71.61	72.25	48.05	74.71	44.91	47.54	80.06	41.18	29.73	73.33	14.87	56.14	61.07	64.14	75.93	27.66	75.61	24.52	38.12	18.03	5.66	36.06	49.19	23.09	41.01	28.65	43.83	9.0	78.75	32.0	42.54	15.23	43.86	42.2	44.91	33.06	0.0	75.19	28.18	57.72	32.06	59.93	43.66	47.63	64.03	78.16	30.36	82.0	16.28	39.62	55.58	21.47	24.19	18.25	77.83	86.28	56.4	88.75	22.36	48.51	87.66	75.69	50.91	27.66	50.57	51.9	76.1	25.02	88.65	27.02	75.64
41	50.7	74.73	49.65	75.24	50.61	24.02	87.92	18.38	86.02	40.36	37.34	37.05	45.71	11.0	68.03	78.77	44.69	54.49	34.44	52.0	8.25	88.59	72.8	67.01	70.41	92.42	57.25	77.18	64.38	57.69	37.66	77.83	6.32	44.78	75.69	90.25	42.72	42.52	86.02	76.49	75.19	0.0	60.41	36.24	86.84	59.2	32.14	60.0	31.83	4.47	94.51	7.0	84.21	69.26	20.59	63.01	72.4	58.87	54.15	28.0	47.43	31.02	77.1	72.5	56.32	42.54	65.46	91.05	27.17	89.85	40.64	93.0	32.8	56.08	13.6
42	29.07	25.3	63.01	15.03	43.93	66.65	31.83	53.94	29.07	49.58	54.71	23.54	21.21	62.64	35.06	32.28	34.06	36.06	51.0	10.63	58.01	52.2	16.4	10.63	22.85	62.82	21.02	47.38	56.32	40.8	23.0	36.4	62.01	31.4	62.51	41.11	19.65	44.82	29.07	17.0	28.18	60.41	0.0	58.05	58.05	31.78	29.73	60.01	39.92	62.07	58.31	67.36	27.29	15.23	45.31	6.71	46.01	28.44	82.81	63.57	29.0	65.55	17.26	23.77	91.24	49.2	65.19	31.26	33.24	35.0	76.34	53.19	64.99	5.66	56.32
43	32.7	81.06	13.42	69.34	73.35	17.89	89.87	50.01	87.11	10.2	67.12	39.45	36.88	27.02	45.18	87.2	63.32	72.73	63.03	47.42	42.72	61.81	74.25	58.83	55.03	62.03	67.23	49.65	30.89	31.0	43.83	56.22	42.49	27.78	41.88	70.46	50.12	15.52	87.11	74.65	57.72	36.24	58.05	0.0	56.92	74.32	32.65	24.84	54.33	40.71	66.71	40.0	71.87	72.18	22.02	56.61	44.55	39.56	25.55	62.36	62.97	65.52	69.97	79.03	33.24	69.12	29.73	81.86	36.4	92.96	18.76	67.21	66.9	52.4	46.84
44	39.2	81.06	48.37	56.14	98.49	74.67	79.91	92.66	76.79	48.33	102.9	62.13	49.4	81.01	23.77	88.02	87.24	92.36	98.47	53.49	90.14	10.63	70.01	49.16	36.06	5.66	78.59	11.18	27.17	29.21	66.37	23.09	92.01	43.86	19.65	30.53	68.88	44.78	76.79	65.12	32.06	86.84	58.05	56.92	0.0	89.29	61.07	35.06	86.53	90.8	11.4	92.65	45.88	71.18	66.4	51.62	14.87	33.12	67.12	105.48	83.38	108.37	54.33	80.16	77.23	100.34	34.23	56.65	68.88	83.76	71.27	15.74	108.85	55.08	91.97
45	55.0	21.59	83.52	41.04	16.49	75.6	36.67	44.28	36.4	68.96	34.01	35.44	44.05	66.47	65.73	22.09	14.76	7.07	32.39	36.35	53.0	83.93	28.02	42.06	54.63	94.25	10.77	78.34	83.05	68.01	30.68	68.15	57.45	54.33	91.14	72.11	24.74	65.73	36.4	35.0	59.93	59.2	31.78	74.32	89.29	0.0	41.79	84.72	27.78	58.52	90.08	64.9	55.97	24.21	54.38	38.48	76.3	57.56	99.74	47.68	12.04	48.26	43.86	19.92	106.17	26.02	90.55	55.0	38.59	36.79	89.72	84.95	46.76	34.21	48.76
46	21.93	49.52	41.98	43.93	43.01	37.44	60.21	32.02	57.8	27.46	42.49	7.07	13.93	32.98	39.05	55.23	32.06	40.79	38.01	20.22	31.95	60.31	44.42	35.06	38.6	66.71	34.67	50.25	45.61	33.12	11.18	47.51	35.17	17.49	55.71	58.87	17.49	25.0	57.8	46.62	43.66	32.14	29.73	32.65	61.07	41.79	0.0	45.18	26.57	34.71	66.6	39.12	52.09	41.62	15.65	31.26	46.23	29.21	58.18	44.55	30.81	47.38	45.54	47.38	65.22	41.48	51.24	59.3	7.81	62.84	49.18	63.91	47.78	24.74	32.25
47	31.02	85.23	13.6	66.61	88.14	42.44	90.21	71.18	87.13	20.12	86.13	50.01	41.0	51.62	32.8	92.11	77.03	85.09	81.74	50.6	65.51	42.43	76.03	56.3	47.38	39.46	75.5	31.05	8.06	20.0	55.01	42.54	66.03	30.41	17.46	56.36	60.21	20.4	87.13	74.09	47.63	60.0	60.01	24.84	35.06	84.72	45.18	0.0	71.2	64.4	46.01	64.44	63.78	75.24	42.05	55.95	26.57	33.02	32.56	84.1	75.06	87.24	66.22	83.57	42.76	86.31	6.08	75.01	51.79	93.8	36.4	48.22	88.32	54.78	68.88
48	47.51	45.89	66.0	54.41	19.7	50.99	60.41	16.76	59.14	52.15	16.4	24.41	37.2	40.22	63.41	48.7	13.04	22.67	12.04	36.4	25.24	84.39	47.04	49.65	58.41	92.09	28.28	75.45	72.12	59.51	20.52	70.01	29.68	43.86	82.28	78.82	20.59	50.8	59.14	52.47	64.03	31.83	39.92	54.33	86.53	27.78	26.57	71.2	0.0	30.81	90.79	37.2	67.12	43.01	32.39	45.18	71.87	53.6	78.34	23.77	16.76	25.63	56.92	43.74	83.22	15.13	77.28	70.6	19.42	61.6	66.61	87.19	25.09	38.08	21.02
49	54.13	75.03	54.12	77.03	48.84	28.16	88.6	15.81	86.83	44.69	34.44	39.05	48.51	15.13	71.55	78.72	43.83	53.41	31.91	54.15	5.66	92.28	73.76	69.18	73.25	96.4	57.38	80.99	68.68	61.61	39.12	81.15	2.0	48.3	79.98	93.3	43.74	46.69	86.83	77.78	78.16	4.47	62.07	40.71	90.8	58.52	34.71	64.4	30.81	0.0	98.27	6.4	86.58	70.09	24.41	65.07	76.28	62.24	58.31	24.08	47.01	27.02	79.0	72.8	60.13	40.22	69.89	93.01	29.02	90.36	44.7	96.58	28.9	58.01	10.82
50	44.82	79.25	59.08	53.46	100.85	84.2	76.01	98.6	73.0	57.57	107.17	66.53	53.76	89.55	27.59	85.99	89.89	93.91	102.83	55.76	97.08	6.4	68.07	48.38	35.47	9.9	79.31	17.46	38.0	37.16	70.29	21.93	99.32	50.22	31.05	23.54	71.85	53.49	73.0	62.39	30.36	94.51	58.31	66.71	11.4	90.08	66.6	46.01	90.79	98.27	0.0	100.65	41.05	69.86	73.93	51.62	22.47	37.48	78.31	111.13	85.59	113.9	51.24	78.64	88.46	103.81	45.54	50.8	74.33	79.82	81.9	6.57	114.17	56.36	98.41
51	57.25	81.15	53.25	82.22	55.17	25.3	94.56	22.02	92.72	45.34	40.31	44.05	52.61	13.04	74.46	84.97	50.22	59.82	38.01	59.0	12.04	94.81	79.56	74.01	77.28	98.18	63.56	83.24	69.35	63.63	44.55	84.43	7.81	51.26	80.66	97.02	49.48	48.01	92.72	83.36	82.0	7.0	67.36	40.0	92.65	64.9	39.12	64.44	37.2	6.4	100.65	0.0	91.2	75.96	26.93	70.01	78.39	65.46	55.11	28.86	53.34	31.58	84.1	78.92	56.01	46.4	69.66	98.05	34.13	96.4	41.3	99.34	33.61	63.07	17.03
52	39.22	40.31	71.87	15.0	70.18	84.93	35.01	80.36	32.06	61.85	81.99	47.68	39.05	84.15	31.11	46.49	61.03	61.52	78.29	32.56	83.19	36.5	29.53	17.72	17.0	48.84	45.97	38.47	57.28	44.41	48.76	23.71	86.83	44.64	58.52	18.25	46.62	56.46	32.06	22.85	16.28	84.21	27.29	71.87	45.88	55.97	52.09	63.78	67.12	86.58	41.05	91.2	0.0	32.45	66.12	22.14	40.22	32.65	93.3	90.62	55.8	92.7	12.21	40.25	102.96	76.28	67.18	11.4	57.71	38.8	90.54	34.64	92.21	29.41	82.23
53	44.28	10.2	77.94	17.49	39.82	79.06	18.79	59.14	16.76	64.2	54.82	34.67	35.81	73.35	49.16	17.26	32.98	30.53	51.97	25.24	65.31	64.13	4.12	22.02	35.13	75.54	15.81	61.0	71.47	55.97	32.2	48.51	69.63	46.32	77.28	49.66	26.57	59.64	16.76	10.82	39.62	69.26	15.23	72.18	71.18	24.21	41.62	75.24	43.01	70.09	69.86	75.96	32.45	0.0	57.14	20.22	60.21	43.42	97.31	66.37	27.66	67.74	20.25	9.0	105.42	47.76	80.41	30.81	42.95	21.23	90.05	64.12	66.7	20.59	62.51
54	30.36	64.66	34.37	59.2	51.66	22.02	75.8	29.15	73.43	21.93	45.28	22.47	27.07	18.03	47.54	70.04	42.15	51.89	41.11	35.44	24.08	68.0	60.03	49.82	51.16	72.01	48.84	56.6	45.22	37.2	25.5	57.57	25.61	24.35	56.4	70.41	31.83	22.8	73.43	62.24	55.58	20.59	45.31	22.02	66.4	54.38	15.65	42.05	32.39	24.41	73.93	26.93	66.12	57.14	0.0	46.32	51.87	38.6	46.17	42.05	42.54	45.19	60.64	62.48	51.88	47.1	47.93	74.15	15.81	78.37	35.36	72.45	46.3	40.16	26.93
55	25.61	30.41	60.21	13.0	50.45	66.85	34.41	58.24	31.4	47.51	60.46	26.02	20.12	64.13	29.02	37.48	40.31	42.72	56.6	11.05	61.4	45.54	20.25	4.47	16.16	56.29	27.73	41.11	51.62	36.25	26.68	29.73	65.19	29.07	57.07	34.66	24.6	42.45	31.4	18.44	21.47	63.01	6.71	56.61	51.62	38.48	31.26	55.95	45.18	65.07	51.62	70.01	22.14	20.22	46.32	0.0	40.05	23.41	80.66	68.54	35.38	70.68	14.32	29.15	89.5	55.32	60.84	28.07	36.06	37.92	75.23	46.48	70.26	7.28	60.21
56	24.41	70.35	38.33	47.13	84.5	61.85	71.47	77.79	68.31	35.17	88.2	47.51	34.89	67.12	11.05	77.41	73.16	78.85	83.76	40.02	75.43	17.26	59.68	38.47	26.25	20.52	65.76	5.1	18.79	14.76	51.88	16.97	77.42	29.0	18.36	30.02	54.78	31.02	68.31	55.79	24.19	72.4	46.01	44.55	14.87	76.3	46.23	26.57	71.87	76.28	22.47	78.39	40.22	60.21	51.87	40.05	0.0	18.97	58.94	90.61	69.57	93.51	45.88	69.18	69.12	85.88	28.3	51.61	54.04	75.29	60.67	22.71	93.99	42.3	77.16
57	8.25	53.6	39.41	33.6	65.55	54.08	57.31	61.22	54.2	29.41	70.0	29.21	16.4	55.9	9.9	60.64	54.23	59.91	65.6	21.21	60.42	31.14	43.66	23.32	15.65	38.59	47.17	21.95	28.23	13.04	33.29	18.97	63.07	14.32	34.13	32.14	35.85	24.04	54.2	41.18	18.25	58.87	28.44	39.56	33.12	57.56	29.21	33.02	53.6	62.24	37.48	65.46	32.65	43.42	38.6	23.41	18.97	0.0	60.75	73.66	50.6	76.42	33.3	52.17	70.33	67.23	37.59	43.27	36.88	60.95	58.07	34.74	76.69	24.02	61.29
58	55.44	106.4	21.47	92.96	97.8	30.15	114.59	71.06	111.73	33.24	89.45	65.0	61.62	43.19	63.56	112.65	88.26	97.86	85.71	72.25	62.03	74.97	99.16	82.33	76.32	71.0	92.78	63.56	40.61	49.19	69.35	74.09	60.3	51.62	48.01	88.26	75.66	38.21	111.73	99.01	77.83	54.15	82.81	25.55	67.12	99.74	58.18	32.56	78.34	58.31	78.31	55.11	93.3	97.31	46.17	80.66	58.94	60.75	0.0	82.1	88.24	85.15	93.24	104.4	10.2	92.57	33.0	104.01	61.47	117.81	13.85	80.76	86.88	77.16	67.0
59	66.47	68.07	75.58	78.16	33.24	52.01	83.01	13.04	82.02	63.98	14.76	45.22	57.63	39.0	83.55	69.72	34.01	41.0	15.3	59.06	20.1	104.8	70.46	73.01	80.78	111.13	51.04	94.76	86.95	76.84	42.54	91.4	22.09	61.62	97.94	101.36	44.01	64.5	82.02	76.12	86.28	28.0	63.57	62.36	105.48	47.68	44.55	84.1	23.77	24.08	111.13	28.86	90.62	66.37	42.05	68.54	90.61	73.66	82.1	0.0	39.01	3.16	80.65	66.03	84.21	22.85	89.96	94.37	36.8	83.79	68.64	108.21	4.81	61.33	15.52
60	46.69	29.27	72.78	41.68	15.26	63.6	44.05	33.53	43.01	58.25	27.2	25.08	35.51	54.45	59.62	31.95	5.39	10.05	24.33	29.97	41.59	79.26	31.78	39.6	50.8	88.64	12.04	72.24	74.17	59.68	20.1	63.81	46.07	45.04	83.02	70.04	15.13	55.44	43.01	37.95	56.4	47.43	29.0	62.97	83.38	12.04	30.81	75.06	16.76	47.01	85.59	53.34	55.8	27.66	42.54	35.38	69.57	50.6	88.24	39.01	0.0	40.2	44.42	27.17	94.41	20.59	81.02	57.27	26.83	45.03	77.9	81.05	39.08	29.41	37.7
61	69.31	69.0	78.75	80.01	33.24	55.04	84.02	16.12	83.15	67.12	14.56	47.8	60.31	42.01	86.31	70.35	35.06	41.44	16.0	61.4	23.19	107.56	71.85	75.15	83.22	114.02	52.24	97.62	90.05	79.81	44.94	94.02	25.02	64.54	101.02	103.77	46.1	67.6	83.15	77.67	88.75	31.02	65.55	65.52	108.37	48.26	47.38	87.24	25.63	27.02	113.9	31.58	92.7	67.74	45.19	70.68	93.51	76.42	85.15	3.16	40.2	0.0	82.54	67.01	87.14	22.8	93.11	96.17	39.6	84.67	71.65	110.9	2.25	63.51	18.68
62	37.8	28.46	72.25	2.83	58.41	80.99	25.71	71.2	22.56	60.46	71.11	40.05	34.18	78.45	35.34	34.93	49.74	49.58	67.62	25.32	75.11	46.01	17.46	11.18	19.7	58.03	34.06	45.35	60.75	46.23	40.11	31.26	79.03	42.19	64.08	29.73	36.88	55.22	22.56	11.18	22.36	77.1	17.26	69.97	54.33	43.86	45.54	66.22	56.92	79.0	51.24	84.1	12.21	20.25	60.64	14.32	45.88	33.3	93.24	80.65	44.42	82.54	0.0	28.23	102.42	65.0	70.46	14.04	50.01	29.56	88.7	45.13	81.88	21.02	73.55
63	52.55	2.24	85.59	25.63	36.4	84.5	17.03	60.42	16.49	71.56	53.24	40.31	43.42	77.7	58.14	8.54	32.02	26.93	51.01	33.11	67.68	72.99	10.77	31.02	44.1	84.48	15.52	70.0	80.08	64.56	37.01	57.43	72.11	54.12	86.15	57.94	30.81	67.23	16.49	17.49	48.51	72.5	23.77	79.03	80.16	19.92	47.38	83.57	43.74	72.8	78.64	78.92	40.25	9.0	62.48	29.15	69.18	52.17	104.4	66.03	27.17	67.01	28.23	0.0	112.16	45.54	88.87	36.8	47.43	17.87	96.44	72.81	65.71	28.79	64.29
64	64.64	114.21	31.38	102.0	102.88	32.76	123.07	74.15	120.28	42.01	92.96	72.2	70.04	45.4	73.54	120.25	93.94	103.75	89.5	80.62	64.5	85.16	107.48	91.4	85.96	81.02	99.86	73.76	50.8	59.09	76.28	84.15	62.13	60.44	58.01	98.35	82.66	47.2	120.28	107.71	87.66	56.32	91.24	33.24	77.23	106.17	65.22	42.76	83.22	60.13	88.46	56.01	102.96	105.42	51.88	89.5	69.12	70.33	10.2	84.21	94.41	87.14	102.42	112.16	0.0	96.84	43.05	113.53	67.6	126.18	16.62	90.96	89.03	85.59	69.72
