set K:= 1	2	3	4	5	6	7	8;
set C_H:= 1	2	3	4	5	6	7	8	9	10	11	12	13	14	15	16	17	18	19	20	21;
set C_S:= 22	23	24	25	26	27	28	29	30	31	32	33	34	35	36	37	38	39	40	41;
set C_F:= 42	43	44	45	46	47	48	49	50	51	52	53	54	55	56	57	58	59	60	61;
set M:= 62	63	64	65	66	67;
set L_B:= 68	69	70	71	72	73	74	75;
set A1:=
(0,*) 1 2 3 4 5 6 7 8 9 10 11 12 13 14 15 16 17 18 19 20 21 42 43 44 45 46 47 48 49 50 51 52 53 54 55 56 57 58 59 60 61 62 63 64 65 66 67 68 69 70 71 72 73 74 75
(1,*) 0 2 3 4 5 6 7 8 9 10 11 12 13 14 15 16 17 18 19 20 21 42 43 44 45 46 47 48 49 50 51 52 53 54 55 56 57 58 59 60 61 62 63 64 65 66 67 68 69 70 71 72 73 74 75
(2,*) 0 1 3 4 5 6 7 8 9 10 11 12 13 14 15 16 17 18 19 20 21 42 43 44 45 46 47 48 49 50 51 52 53 54 55 56 57 58 59 60 61 62 63 64 65 66 67 68 69 70 71 72 73 74 75
(3,*) 0 1 2 4 5 6 7 8 9 10 11 12 13 14 15 16 17 18 19 20 21 42 43 44 45 46 47 48 49 50 51 52 53 54 55 56 57 58 59 60 61 62 63 64 65 66 67 68 69 70 71 72 73 74 75
(4,*) 0 1 2 3 5 6 7 8 9 10 11 12 13 14 15 16 17 18 19 20 21 42 43 44 45 46 47 48 49 50 51 52 53 54 55 56 57 58 59 60 61 62 63 64 65 66 67 68 69 70 71 72 73 74 75
(5,*) 0 1 2 3 4 6 7 8 9 10 11 12 13 14 15 16 17 18 19 20 21 42 43 44 45 46 47 48 49 50 51 52 53 54 55 56 57 58 59 60 61 62 63 64 65 66 67 68 69 70 71 72 73 74 75
(6,*) 0 1 2 3 4 5 7 8 9 10 11 12 13 14 15 16 17 18 19 20 21 42 43 44 45 46 47 48 49 50 51 52 53 54 55 56 57 58 59 60 61 62 63 64 65 66 67 68 69 70 71 72 73 74 75
(7,*) 0 1 2 3 4 5 6 8 9 10 11 12 13 14 15 16 17 18 19 20 21 42 43 44 45 46 47 48 49 50 51 52 53 54 55 56 57 58 59 60 61 62 63 64 65 66 67 68 69 70 71 72 73 74 75
(8,*) 0 1 2 3 4 5 6 7 9 10 11 12 13 14 15 16 17 18 19 20 21 42 43 44 45 46 47 48 49 50 51 52 53 54 55 56 57 58 59 60 61 62 63 64 65 66 67 68 69 70 71 72 73 74 75
(9,*) 0 1 2 3 4 5 6 7 8 10 11 12 13 14 15 16 17 18 19 20 21 42 43 44 45 46 47 48 49 50 51 52 53 54 55 56 57 58 59 60 61 62 63 64 65 66 67 68 69 70 71 72 73 74 75
(10,*) 0 1 2 3 4 5 6 7 8 9 11 12 13 14 15 16 17 18 19 20 21 42 43 44 45 46 47 48 49 50 51 52 53 54 55 56 57 58 59 60 61 62 63 64 65 66 67 68 69 70 71 72 73 74 75
(11,*) 0 1 2 3 4 5 6 7 8 9 10 12 13 14 15 16 17 18 19 20 21 42 43 44 45 46 47 48 49 50 51 52 53 54 55 56 57 58 59 60 61 62 63 64 65 66 67 68 69 70 71 72 73 74 75
(12,*) 0 1 2 3 4 5 6 7 8 9 10 11 13 14 15 16 17 18 19 20 21 42 43 44 45 46 47 48 49 50 51 52 53 54 55 56 57 58 59 60 61 62 63 64 65 66 67 68 69 70 71 72 73 74 75
(13,*) 0 1 2 3 4 5 6 7 8 9 10 11 12 14 15 16 17 18 19 20 21 42 43 44 45 46 47 48 49 50 51 52 53 54 55 56 57 58 59 60 61 62 63 64 65 66 67 68 69 70 71 72 73 74 75
(14,*) 0 1 2 3 4 5 6 7 8 9 10 11 12 13 15 16 17 18 19 20 21 42 43 44 45 46 47 48 49 50 51 52 53 54 55 56 57 58 59 60 61 62 63 64 65 66 67 68 69 70 71 72 73 74 75
(15,*) 0 1 2 3 4 5 6 7 8 9 10 11 12 13 14 16 17 18 19 20 21 42 43 44 45 46 47 48 49 50 51 52 53 54 55 56 57 58 59 60 61 62 63 64 65 66 67 68 69 70 71 72 73 74 75
(16,*) 0 1 2 3 4 5 6 7 8 9 10 11 12 13 14 15 17 18 19 20 21 42 43 44 45 46 47 48 49 50 51 52 53 54 55 56 57 58 59 60 61 62 63 64 65 66 67 68 69 70 71 72 73 74 75
(17,*) 0 1 2 3 4 5 6 7 8 9 10 11 12 13 14 15 16 18 19 20 21 42 43 44 45 46 47 48 49 50 51 52 53 54 55 56 57 58 59 60 61 62 63 64 65 66 67 68 69 70 71 72 73 74 75
(18,*) 0 1 2 3 4 5 6 7 8 9 10 11 12 13 14 15 16 17 19 20 21 42 43 44 45 46 47 48 49 50 51 52 53 54 55 56 57 58 59 60 61 62 63 64 65 66 67 68 69 70 71 72 73 74 75
(19,*) 0 1 2 3 4 5 6 7 8 9 10 11 12 13 14 15 16 17 18 20 21 42 43 44 45 46 47 48 49 50 51 52 53 54 55 56 57 58 59 60 61 62 63 64 65 66 67 68 69 70 71 72 73 74 75
(20,*) 0 1 2 3 4 5 6 7 8 9 10 11 12 13 14 15 16 17 18 19 21 42 43 44 45 46 47 48 49 50 51 52 53 54 55 56 57 58 59 60 61 62 63 64 65 66 67 68 69 70 71 72 73 74 75
(21,*) 0 1 2 3 4 5 6 7 8 9 10 11 12 13 14 15 16 17 18 19 20 42 43 44 45 46 47 48 49 50 51 52 53 54 55 56 57 58 59 60 61 62 63 64 65 66 67 68 69 70 71 72 73 74 75
(42,*) 0 1 2 3 4 5 6 7 8 9 10 11 12 13 14 15 16 17 18 19 20 21 43 44 45 46 47 48 49 50 51 52 53 54 55 56 57 58 59 60 61 62 63 64 65 66 67 68 69 70 71 72 73 74 75
(43,*) 0 1 2 3 4 5 6 7 8 9 10 11 12 13 14 15 16 17 18 19 20 21 42 44 45 46 47 48 49 50 51 52 53 54 55 56 57 58 59 60 61 62 63 64 65 66 67 68 69 70 71 72 73 74 75
(44,*) 0 1 2 3 4 5 6 7 8 9 10 11 12 13 14 15 16 17 18 19 20 21 42 43 45 46 47 48 49 50 51 52 53 54 55 56 57 58 59 60 61 62 63 64 65 66 67 68 69 70 71 72 73 74 75
(45,*) 0 1 2 3 4 5 6 7 8 9 10 11 12 13 14 15 16 17 18 19 20 21 42 43 44 46 47 48 49 50 51 52 53 54 55 56 57 58 59 60 61 62 63 64 65 66 67 68 69 70 71 72 73 74 75
(46,*) 0 1 2 3 4 5 6 7 8 9 10 11 12 13 14 15 16 17 18 19 20 21 42 43 44 45 47 48 49 50 51 52 53 54 55 56 57 58 59 60 61 62 63 64 65 66 67 68 69 70 71 72 73 74 75
(47,*) 0 1 2 3 4 5 6 7 8 9 10 11 12 13 14 15 16 17 18 19 20 21 42 43 44 45 46 48 49 50 51 52 53 54 55 56 57 58 59 60 61 62 63 64 65 66 67 68 69 70 71 72 73 74 75
(48,*) 0 1 2 3 4 5 6 7 8 9 10 11 12 13 14 15 16 17 18 19 20 21 42 43 44 45 46 47 49 50 51 52 53 54 55 56 57 58 59 60 61 62 63 64 65 66 67 68 69 70 71 72 73 74 75
(49,*) 0 1 2 3 4 5 6 7 8 9 10 11 12 13 14 15 16 17 18 19 20 21 42 43 44 45 46 47 48 50 51 52 53 54 55 56 57 58 59 60 61 62 63 64 65 66 67 68 69 70 71 72 73 74 75
(50,*) 0 1 2 3 4 5 6 7 8 9 10 11 12 13 14 15 16 17 18 19 20 21 42 43 44 45 46 47 48 49 51 52 53 54 55 56 57 58 59 60 61 62 63 64 65 66 67 68 69 70 71 72 73 74 75
(51,*) 0 1 2 3 4 5 6 7 8 9 10 11 12 13 14 15 16 17 18 19 20 21 42 43 44 45 46 47 48 49 50 52 53 54 55 56 57 58 59 60 61 62 63 64 65 66 67 68 69 70 71 72 73 74 75
(52,*) 0 1 2 3 4 5 6 7 8 9 10 11 12 13 14 15 16 17 18 19 20 21 42 43 44 45 46 47 48 49 50 51 53 54 55 56 57 58 59 60 61 62 63 64 65 66 67 68 69 70 71 72 73 74 75
(53,*) 0 1 2 3 4 5 6 7 8 9 10 11 12 13 14 15 16 17 18 19 20 21 42 43 44 45 46 47 48 49 50 51 52 54 55 56 57 58 59 60 61 62 63 64 65 66 67 68 69 70 71 72 73 74 75
(54,*) 0 1 2 3 4 5 6 7 8 9 10 11 12 13 14 15 16 17 18 19 20 21 42 43 44 45 46 47 48 49 50 51 52 53 55 56 57 58 59 60 61 62 63 64 65 66 67 68 69 70 71 72 73 74 75
(55,*) 0 1 2 3 4 5 6 7 8 9 10 11 12 13 14 15 16 17 18 19 20 21 42 43 44 45 46 47 48 49 50 51 52 53 54 56 57 58 59 60 61 62 63 64 65 66 67 68 69 70 71 72 73 74 75
(56,*) 0 1 2 3 4 5 6 7 8 9 10 11 12 13 14 15 16 17 18 19 20 21 42 43 44 45 46 47 48 49 50 51 52 53 54 55 57 58 59 60 61 62 63 64 65 66 67 68 69 70 71 72 73 74 75
(57,*) 0 1 2 3 4 5 6 7 8 9 10 11 12 13 14 15 16 17 18 19 20 21 42 43 44 45 46 47 48 49 50 51 52 53 54 55 56 58 59 60 61 62 63 64 65 66 67 68 69 70 71 72 73 74 75
(58,*) 0 1 2 3 4 5 6 7 8 9 10 11 12 13 14 15 16 17 18 19 20 21 42 43 44 45 46 47 48 49 50 51 52 53 54 55 56 57 59 60 61 62 63 64 65 66 67 68 69 70 71 72 73 74 75
(59,*) 0 1 2 3 4 5 6 7 8 9 10 11 12 13 14 15 16 17 18 19 20 21 42 43 44 45 46 47 48 49 50 51 52 53 54 55 56 57 58 60 61 62 63 64 65 66 67 68 69 70 71 72 73 74 75
(60,*) 0 1 2 3 4 5 6 7 8 9 10 11 12 13 14 15 16 17 18 19 20 21 42 43 44 45 46 47 48 49 50 51 52 53 54 55 56 57 58 59 61 62 63 64 65 66 67 68 69 70 71 72 73 74 75
(61,*) 0 1 2 3 4 5 6 7 8 9 10 11 12 13 14 15 16 17 18 19 20 21 42 43 44 45 46 47 48 49 50 51 52 53 54 55 56 57 58 59 60 62 63 64 65 66 67 68 69 70 71 72 73 74 75
(62,*) 0 1 2 3 4 5 6 7 8 9 10 11 12 13 14 15 16 17 18 19 20 21 42 43 44 45 46 47 48 49 50 51 52 53 54 55 56 57 58 59 60 61 64 65 66 67 68 69 70 71 72 73 74 75
(63,*) 0 1 2 3 4 5 6 7 8 9 10 11 12 13 14 15 16 17 18 19 20 21 42 43 44 45 46 47 48 49 50 51 52 53 54 55 56 57 58 59 60 61 64 65 66 67 68 69 70 71 72 73 74 75
(64,*) 0 1 2 3 4 5 6 7 8 9 10 11 12 13 14 15 16 17 18 19 20 21 42 43 44 45 46 47 48 49 50 51 52 53 54 55 56 57 58 59 60 61 62 63 66 67 68 69 70 71 72 73 74 75
(65,*) 0 1 2 3 4 5 6 7 8 9 10 11 12 13 14 15 16 17 18 19 20 21 42 43 44 45 46 47 48 49 50 51 52 53 54 55 56 57 58 59 60 61 62 63 66 67 68 69 70 71 72 73 74 75
(66,*) 0 1 2 3 4 5 6 7 8 9 10 11 12 13 14 15 16 17 18 19 20 21 42 43 44 45 46 47 48 49 50 51 52 53 54 55 56 57 58 59 60 61 62 63 64 65 68 69 70 71 72 73 74 75
(67,*) 0 1 2 3 4 5 6 7 8 9 10 11 12 13 14 15 16 17 18 19 20 21 42 43 44 45 46 47 48 49 50 51 52 53 54 55 56 57 58 59 60 61 62 63 64 65 68 69 70 71 72 73 74 75
(68,*) 0 1 2 3 4 5 6 7 8 9 10 11 12 13 14 15 16 17 18 19 20 21 42 43 44 45 46 47 48 49 50 51 52 53 54 55 56 57 58 59 60 61 62 63 64 65 66 67 69 70 71 72 73 74 75
(69,*) 0 1 2 3 4 5 6 7 8 9 10 11 12 13 14 15 16 17 18 19 20 21 42 43 44 45 46 47 48 49 50 51 52 53 54 55 56 57 58 59 60 61 62 63 64 65 66 67 68 70 71 72 73 74 75
(70,*) 0 1 2 3 4 5 6 7 8 9 10 11 12 13 14 15 16 17 18 19 20 21 42 43 44 45 46 47 48 49 50 51 52 53 54 55 56 57 58 59 60 61 62 63 64 65 66 67 68 69 71 72 73 74 75
(71,*) 0 1 2 3 4 5 6 7 8 9 10 11 12 13 14 15 16 17 18 19 20 21 42 43 44 45 46 47 48 49 50 51 52 53 54 55 56 57 58 59 60 61 62 63 64 65 66 67 68 69 70 72 73 74 75
(72,*) 0 1 2 3 4 5 6 7 8 9 10 11 12 13 14 15 16 17 18 19 20 21 42 43 44 45 46 47 48 49 50 51 52 53 54 55 56 57 58 59 60 61 62 63 64 65 66 67 68 69 70 71 73 74 75
(73,*) 0 1 2 3 4 5 6 7 8 9 10 11 12 13 14 15 16 17 18 19 20 21 42 43 44 45 46 47 48 49 50 51 52 53 54 55 56 57 58 59 60 61 62 63 64 65 66 67 68 69 70 71 72 74 75
(74,*) 0 1 2 3 4 5 6 7 8 9 10 11 12 13 14 15 16 17 18 19 20 21 42 43 44 45 46 47 48 49 50 51 52 53 54 55 56 57 58 59 60 61 62 63 64 65 66 67 68 69 70 71 72 73 75
(75,*) 0 1 2 3 4 5 6 7 8 9 10 11 12 13 14 15 16 17 18 19 20 21 42 43 44 45 46 47 48 49 50 51 52 53 54 55 56 57 58 59 60 61 62 63 64 65 66 67 68 69 70 71 72 73 74
;
set A2:=
(62,*) 63
(63,*) 62
(64,*) 65
(65,*) 64
(66,*) 67
(67,*) 66
;
param BigM:=99999;
param n:= 8;
param d:=
1	8
2	7
3	11
4	16
5	22
6	4
7	20
8	22
9	6
10	14
11	18
12	19
13	18
14	3
15	23
16	16
17	10
18	6
19	16
20	26
21	2
22	26
23	16
24	4
25	7
26	6
27	1
28	23
29	11
30	12
31	2
32	2
33	9
34	20
35	4
36	16
37	26
38	21
39	19
40	12
41	2
42	18
43	9
44	9
45	2
46	3
47	7
48	1
49	2
50	12
51	14
52	2
53	9
54	24
55	24
56	16
57	2
58	2
59	23
60	21
61	7
;
param Q:=100;
param w:=
[62,*] 63 0.5
[63,*] 62 0.5
[64,*] 65 0.5
[65,*] 64 0.5
[66,*] 67 0.5
[67,*] 66 0.5
;
param V:=
[62,*] 63 87
[63,*] 62 87
[64,*] 65 77
[65,*] 64 77
[66,*] 67 98
[67,*] 66 98
;
param e:
	62	63	64	65	66	67	68	69	70	71	72	73	74	75:=
22	0	0	1	0	1	0	0	0	0	0	1	0	0	0	
23	0	0	1	0	1	0	0	0	0	0	0	0	1	0	
24	0	1	0	1	0	0	0	0	0	0	0	1	0	0	
25	0	0	0	0	1	0	1	0	0	1	0	0	1	0	
26	0	1	0	0	0	0	0	1	0	0	1	0	0	1	
27	0	1	1	0	0	0	0	1	0	0	1	0	0	0	
28	0	1	0	0	0	0	0	1	0	0	0	0	0	0	
29	1	0	0	0	0	1	0	0	0	0	0	0	1	0	
30	0	0	0	0	1	0	0	0	0	0	0	0	1	0	
31	0	1	0	1	0	0	0	1	0	0	0	0	0	0	
32	0	0	0	0	0	1	0	0	0	0	0	0	1	0	
33	0	0	0	1	0	1	0	0	1	0	0	0	0	0	
34	1	0	0	0	0	1	0	1	0	0	0	0	0	0	
35	0	1	1	0	0	0	0	1	0	0	0	0	0	0	
36	0	0	1	0	1	0	1	0	0	0	0	0	0	0	
37	0	0	0	1	0	1	0	0	1	0	0	0	0	0	
38	0	0	1	0	1	0	0	0	0	0	1	0	0	0	
39	1	0	0	0	0	1	0	0	0	1	0	0	0	0	
40	1	0	0	0	0	1	0	0	1	0	0	0	0	0	
41	0	0	1	0	1	0	1	0	0	0	0	0	0	0	
42	0	1	1	0	0	0	0	1	0	0	1	0	0	0	
43	0	0	0	1	0	0	0	0	0	0	0	1	0	0	
44	0	0	1	0	1	0	1	0	0	1	0	0	1	0	
45	0	1	0	0	0	0	0	0	0	0	1	0	1	1	
46	0	0	1	0	1	0	0	0	0	0	1	0	1	1	
47	0	1	0	1	0	0	0	1	0	0	0	1	0	1	
48	0	0	1	0	1	0	1	0	0	1	0	0	0	0	
49	0	1	1	0	0	0	0	1	0	0	0	0	0	0	
50	0	0	1	0	1	0	0	0	0	0	0	0	1	0	
51	0	0	1	0	1	0	0	0	0	0	1	0	1	0	
52	0	0	0	1	0	1	1	0	0	0	0	0	1	1	
53	0	0	1	0	1	0	0	0	0	0	0	0	1	0	
54	0	0	1	0	1	0	0	0	1	0	0	0	0	0	
55	0	1	0	1	0	0	0	1	0	0	1	0	0	1	
56	0	0	0	1	0	0	0	0	0	0	0	1	0	0	
57	0	1	0	1	0	0	0	1	0	0	1	0	0	1	
58	1	0	0	0	0	1	0	0	0	0	0	0	1	0	
59	0	0	0	1	0	0	0	0	0	0	1	0	0	1	
60	1	0	0	0	0	1	0	0	0	0	0	0	1	0	
61	0	0	0	1	0	0	0	0	1	0	0	1	0	0	
;
param p:=
1	3
2	3
3	3
4	3
5	3
6	3
7	3
8	3
;
param G:=
62	79
63	87
64	77
65	75
66	98
67	86
68	86
69	72
70	78
71	93
72	89
73	94
74	85
75	95
;
param s:=
0	0
1	10
2	10
3	10
4	10
5	10
6	10
7	10
8	10
9	10
10	10
11	10
12	10
13	10
14	10
15	10
16	10
17	10
18	10
19	10
20	10
21	10
42	10
43	10
44	10
45	10
46	10
47	10
48	10
49	10
50	10
51	10
52	10
53	10
54	10
55	10
56	10
57	10
58	10
59	10
60	10
61	10
62	10
63	10
64	10
65	10
66	10
67	10
68	10
69	10
70	10
71	10
72	10
73	10
74	10
75	10
;
param t:
	0	1	2	3	4	5	6	7	8	9	10	11	12	13	14	15	16	17	18	19	20	21	22	23	24	25	26	27	28	29	30	31	32	33	34	35	36	37	38	39	40	41	42	43	44	45	46	47	48	49	50	51	52	53	54	55	56	57	58	59	60	61	62	63	64	65	66	67	68	69	70	71	72	73	74	75:=
0	0.0	94.89	51.48	52.35	24.08	3.16	101.98	39.12	85.44	66.12	43.91	91.27	26.68	40.52	98.98	81.01	50.7	51.97	25.08	67.21	99.81	52.24	66.13	85.48	9.43	80.4	29.12	38.63	37.01	75.61	102.0	2.0	59.03	53.08	93.98	37.74	95.52	43.28	64.9	83.01	94.89	75.03	46.75	47.27	73.76	40.31	52.8	13.89	95.34	52.39	102.16	55.46	56.44	70.18	83.41	28.44	18.11	25.0	74.09	31.02	72.8	39.2	97.86	44.72	74.63	40.22	85.0	77.82	76.32	22.36	47.42	84.02	42.19	23.09	61.01	31.14
1	94.89	0.0	43.42	77.23	99.16	91.79	57.04	61.52	39.66	29.41	88.23	20.22	88.96	86.98	18.0	34.71	96.05	75.15	84.59	74.2	54.08	42.76	33.53	33.84	91.44	14.87	66.19	58.01	97.98	45.28	35.23	92.91	38.08	77.9	46.39	62.39	37.95	73.5	46.14	16.28	60.02	27.78	66.73	107.34	24.04	54.59	46.87	84.4	12.17	80.96	27.0	45.35	42.94	52.63	47.2	66.48	100.88	70.26	47.17	64.13	46.87	82.68	49.09	78.77	41.11	84.6	33.02	52.77	18.97	84.29	74.2	14.87	58.69	102.53	35.85	63.79
2	51.48	43.42	0.0	47.43	57.98	48.37	65.44	22.8	44.29	15.3	53.54	42.38	48.85	51.22	49.24	37.74	62.77	45.49	44.01	53.04	62.48	2.24	19.42	41.62	48.38	29.02	23.02	16.55	60.03	38.59	56.59	49.5	12.04	48.38	54.49	23.02	52.2	39.36	29.15	32.56	61.91	27.59	34.41	70.94	23.85	11.18	15.3	41.44	44.78	50.8	54.2	17.03	14.87	39.05	46.49	23.09	58.6	27.0	38.47	20.88	37.12	46.62	58.73	45.28	35.11	48.83	40.8	45.19	25.0	43.01	42.15	33.38	21.21	60.9	12.81	20.4
3	52.35	77.23	47.43	0.0	36.77	51.09	56.32	59.08	91.39	51.61	14.0	63.13	70.68	80.96	90.14	84.58	19.24	83.6	66.31	15.26	55.08	45.88	66.31	88.1	43.14	63.66	46.69	52.0	83.63	37.0	101.55	50.99	42.72	1.0	52.24	58.14	98.41	10.44	76.16	61.07	47.68	73.36	73.17	32.28	67.74	43.19	61.19	39.2	84.29	87.3	97.2	63.56	36.89	85.7	93.92	43.74	42.94	46.57	34.79	39.32	34.18	13.89	55.04	79.62	82.54	13.93	87.21	34.23	60.21	63.56	6.08	62.48	60.0	40.85	44.65	41.3
4	24.08	99.16	57.98	36.77	0.0	25.02	92.2	54.64	98.99	69.86	24.41	90.61	50.16	63.64	107.19	93.43	28.6	73.05	47.68	51.89	90.61	57.8	76.22	97.74	16.28	84.31	41.23	50.99	61.07	69.03	113.7	24.0	61.1	37.16	86.47	53.25	108.3	31.26	79.4	84.77	83.93	85.0	65.74	23.19	81.84	47.8	65.05	19.72	102.47	74.46	112.07	67.88	56.61	86.61	98.6	38.95	7.21	38.01	67.07	38.29	66.03	23.09	89.81	66.48	88.41	22.85	97.08	68.73	80.23	44.72	33.96	86.02	57.2	4.12	63.32	39.62
5	3.16	91.79	48.37	51.09	25.02	0.0	99.73	36.06	82.38	63.07	43.38	88.36	25.18	38.83	95.82	77.9	50.6	49.65	23.09	65.76	97.51	49.16	62.97	82.37	9.22	77.32	25.96	35.47	36.22	73.16	98.88	1.41	56.08	51.86	91.55	34.67	92.44	41.73	61.85	80.0	92.78	71.87	44.05	48.04	70.6	37.22	49.66	12.04	92.18	50.33	99.01	52.33	53.6	67.27	80.43	25.32	19.65	21.84	71.69	28.0	70.38	38.28	95.46	42.54	71.56	39.45	81.88	75.59	73.25	20.25	45.97	81.01	39.12	24.52	58.03	28.07
6	101.98	57.04	65.44	56.32	92.2	99.73	0.0	87.78	92.2	54.59	70.26	37.01	110.89	115.97	75.03	85.62	73.06	110.8	105.89	43.05	3.16	63.25	73.41	86.68	94.15	53.37	82.46	80.62	123.33	27.66	92.02	100.18	53.41	56.22	11.7	87.73	93.54	61.13	88.57	45.89	9.22	74.33	99.81	87.05	67.36	71.45	79.32	88.14	69.0	116.21	84.02	79.92	51.62	98.09	98.49	80.6	97.53	85.0	28.6	75.8	30.0	69.23	8.06	110.63	88.87	69.87	85.7	24.17	53.45	104.02	58.25	46.69	86.56	96.32	53.01	77.01
7	39.12	61.52	22.8	59.08	54.64	36.06	87.78	0.0	46.32	37.12	60.02	64.4	27.46	28.43	61.81	42.05	69.43	25.0	23.09	68.88	84.9	24.84	29.07	46.52	40.31	48.76	13.93	7.62	37.58	60.44	63.07	37.44	34.71	60.07	77.08	1.41	56.44	49.0	25.81	53.85	83.6	37.48	14.14	73.54	38.01	17.46	15.03	35.0	59.14	29.55	63.89	17.26	36.24	32.02	44.6	16.76	52.4	16.64	60.0	20.1	58.6	52.77	81.32	23.02	35.51	54.92	46.1	66.29	45.22	23.02	53.04	54.42	3.16	56.22	35.61	18.11
8	85.44	39.66	44.29	91.39	98.99	82.38	92.2	46.32	0.0	42.43	97.75	56.3	68.96	61.4	26.63	7.07	107.04	46.01	66.13	94.83	89.05	45.62	25.08	5.83	86.05	38.83	58.14	48.17	73.55	72.01	18.11	83.76	49.73	92.31	80.6	47.71	10.44	83.65	20.59	46.32	92.66	19.1	42.45	114.62	26.02	52.01	33.94	80.06	29.0	51.04	22.8	31.11	55.36	19.0	7.81	60.14	97.84	61.85	73.06	60.88	72.11	90.74	84.17	52.35	10.82	92.96	6.71	80.02	39.2	67.23	86.33	45.61	43.27	101.18	48.27	59.41
9	66.12	29.41	15.3	51.61	69.86	63.07	54.59	37.12	42.43	0.0	60.83	27.31	63.91	65.19	38.9	35.36	69.35	57.28	59.14	52.81	51.48	14.04	19.42	38.08	62.17	14.56	38.21	31.62	74.69	30.41	50.12	64.12	9.22	52.43	43.05	37.58	47.76	45.97	34.18	17.26	52.81	23.35	46.75	79.51	16.76	26.02	25.46	55.11	33.42	62.94	45.61	25.61	14.87	43.97	47.0	38.01	71.47	42.11	31.14	35.13	30.07	54.67	47.17	58.41	36.12	56.73	37.11	38.21	10.44	58.24	47.51	18.11	34.99	73.16	7.07	35.01
10	43.91	88.23	53.54	14.0	24.41	43.38	70.26	60.02	97.75	60.83	0.0	75.64	65.97	77.78	99.72	91.27	9.49	83.1	62.17	28.16	69.07	52.43	72.95	95.13	34.48	74.03	46.39	53.85	78.45	50.45	109.64	42.94	51.62	14.04	66.19	58.86	105.68	14.87	80.62	72.4	61.52	80.8	73.55	19.24	75.93	46.62	65.39	32.57	94.18	86.01	106.15	68.03	46.01	89.54	99.28	43.42	31.24	45.04	48.27	40.02	47.54	7.28	69.03	78.03	88.12	5.1	94.3	48.17	70.29	59.23	14.32	73.78	61.61	28.3	53.76	41.98
11	91.27	20.22	42.38	63.13	90.61	88.36	37.01	64.4	56.3	27.31	75.64	0.0	91.18	92.28	38.12	50.16	82.37	83.24	86.38	57.31	34.0	40.8	41.73	50.6	86.01	18.6	64.76	58.87	101.98	27.59	55.01	89.27	32.39	63.63	26.17	64.88	56.72	61.68	56.73	11.31	39.81	39.96	73.24	94.85	33.6	52.39	51.87	79.0	32.02	89.02	47.1	51.4	35.0	65.22	63.16	64.13	93.65	68.45	29.73	60.53	29.83	71.17	29.0	85.15	54.71	72.8	49.65	34.21	20.52	85.38	61.33	11.4	62.18	94.37	30.59	60.83
12	26.68	88.96	48.85	70.68	50.16	25.18	110.89	27.46	68.96	63.91	65.97	91.18	0.0	13.93	88.14	66.29	74.15	27.59	5.0	83.86	108.23	50.57	56.08	70.61	34.01	76.16	28.43	32.31	13.04	83.24	86.83	26.31	59.94	71.59	101.02	26.68	79.4	60.37	49.03	80.96	105.42	64.01	26.57	73.01	65.28	39.96	42.19	33.54	86.01	26.63	89.11	44.05	59.91	51.08	65.0	30.41	44.72	26.17	82.33	35.36	80.92	59.77	105.21	19.8	58.69	61.4	70.41	87.73	72.53	7.21	64.85	81.61	30.27	49.65	61.27	33.97
13	40.52	86.98	51.22	80.96	63.64	38.83	115.97	28.43	61.4	65.19	77.78	92.28	13.93	0.0	83.38	60.0	86.37	16.16	16.03	93.11	113.14	53.26	53.45	64.03	47.38	75.64	35.36	35.36	12.17	88.46	79.51	40.02	63.13	81.91	105.42	28.32	71.7	70.52	43.1	81.41	111.4	60.21	20.4	86.21	62.94	44.69	40.72	46.01	82.2	13.45	83.01	41.79	64.35	42.58	56.29	38.01	58.46	34.54	87.86	42.94	86.45	71.2	109.66	9.06	52.01	72.99	64.01	93.86	72.45	19.03	74.95	81.84	30.23	63.35	64.03	41.18
14	98.98	18.0	49.24	90.14	107.19	95.82	75.03	61.81	26.63	38.9	99.72	38.12	88.14	83.38	0.0	24.35	108.21	69.43	84.38	89.19	72.06	49.4	32.98	21.47	97.17	26.93	69.89	60.44	95.19	61.47	17.46	97.08	48.1	90.91	64.28	62.97	21.63	84.86	40.31	31.95	77.78	24.33	63.13	118.34	25.5	59.93	46.87	90.38	6.32	74.95	9.0	44.55	53.74	43.66	34.41	70.94	107.78	74.0	63.16	69.78	62.65	93.51	67.07	74.55	32.28	95.59	21.02	69.29	30.0	84.72	86.31	30.68	58.69	110.15	45.97	68.94
15	81.01	34.71	37.74	84.58	93.43	77.9	85.62	42.05	7.07	35.36	91.27	50.16	66.29	60.0	24.35	0.0	100.5	45.4	63.06	87.8	82.46	38.95	18.36	4.47	81.02	32.28	53.01	43.01	72.03	65.0	21.02	79.26	42.72	85.49	73.98	43.38	14.87	77.03	17.26	39.85	85.84	12.04	40.2	108.41	19.0	46.01	28.6	74.81	25.24	50.8	23.02	25.81	48.38	19.31	13.0	54.82	92.62	56.86	66.03	55.17	65.07	84.31	77.62	51.01	8.06	86.53	4.12	73.01	32.39	63.89	79.61	39.22	38.91	95.78	41.23	53.81
16	50.7	96.05	62.77	19.24	28.6	50.6	73.06	69.43	107.04	69.35	9.49	82.37	74.15	86.37	108.21	100.5	0.0	92.27	70.58	30.02	72.25	61.59	82.15	104.31	41.44	82.13	55.73	63.32	86.35	56.08	118.6	49.98	60.21	18.79	70.41	68.25	114.83	23.6	90.08	80.0	64.01	89.87	82.87	14.0	84.81	56.08	74.85	40.61	102.53	95.02	114.87	77.47	54.49	99.02	108.69	52.77	35.81	54.23	53.85	49.48	53.31	16.76	72.84	87.01	97.49	14.56	103.46	52.63	78.52	67.6	21.93	81.4	71.06	31.89	62.29	51.42
17	51.97	75.15	45.49	83.6	73.05	49.65	110.8	25.0	46.01	57.28	83.1	83.24	27.59	16.16	69.43	45.4	92.27	0.0	27.2	93.86	107.8	47.71	42.19	49.16	57.01	65.46	37.05	32.57	28.16	84.06	64.07	51.0	57.43	84.59	99.64	25.71	56.14	73.33	29.41	72.01	107.38	47.54	11.18	94.37	51.48	42.38	31.83	53.85	68.96	5.83	68.18	31.89	60.03	27.02	40.45	40.05	68.94	38.05	83.86	44.28	82.49	76.03	103.86	7.81	37.34	78.06	49.25	90.43	62.8	29.68	77.52	72.2	25.08	73.54	57.8	42.3
18	25.08	84.59	44.01	66.31	47.68	23.09	105.89	23.09	66.13	59.14	62.17	86.38	5.0	16.03	84.38	63.06	70.58	27.2	0.0	79.26	103.23	45.69	52.0	67.45	31.4	71.59	23.43	27.51	17.8	78.24	83.82	24.35	55.01	67.23	96.02	22.2	76.55	55.95	45.88	76.24	100.45	60.13	24.19	70.18	61.07	34.99	38.01	30.07	82.02	27.31	85.7	40.01	54.92	48.76	62.61	25.46	42.72	21.26	77.34	30.41	75.93	55.79	100.21	19.72	55.66	57.49	67.19	82.76	67.91	3.0	60.42	76.92	26.02	47.54	56.36	29.0
19	67.21	74.2	53.04	15.26	51.89	65.76	43.05	68.88	94.83	52.81	28.16	57.31	83.86	93.11	89.19	87.8	30.02	93.86	79.26	0.0	42.3	51.09	70.21	90.8	58.14	62.27	57.94	61.39	96.9	29.73	102.55	65.76	45.12	14.76	41.11	68.15	100.57	24.08	82.15	58.01	34.0	75.96	82.98	44.01	69.57	51.79	68.01	53.76	83.01	98.08	97.06	70.01	39.62	92.09	98.48	55.15	58.18	58.6	27.59	50.33	27.59	29.15	43.17	90.76	87.13	29.07	89.84	24.19	59.48	76.66	19.8	59.41	69.23	55.95	46.57	52.2
20	99.81	54.08	62.48	55.08	90.61	97.51	3.16	84.9	89.05	51.48	69.07	34.0	108.23	113.14	72.06	82.46	72.25	107.8	103.23	42.3	0.0	60.31	70.26	83.55	92.11	50.22	79.81	77.78	120.62	25.0	89.01	97.99	50.45	55.04	8.54	84.86	90.45	59.44	85.43	42.76	9.43	71.17	96.83	86.21	64.2	68.68	76.28	86.01	66.01	113.23	81.06	76.85	48.8	94.94	95.34	78.01	95.8	82.42	26.08	73.24	27.46	67.74	5.0	107.71	85.7	68.47	82.57	22.14	50.29	101.4	56.72	43.57	83.63	94.73	50.0	74.4
21	52.24	42.76	2.24	45.88	57.8	49.16	63.25	24.84	45.62	14.04	52.43	40.8	50.57	53.26	49.4	38.95	61.59	47.71	45.69	51.09	60.31	0.0	20.59	42.72	48.76	28.16	24.19	18.36	61.91	36.36	57.38	50.25	9.9	46.82	52.35	25.0	53.25	38.08	31.06	31.26	59.68	28.43	36.62	70.09	24.21	12.0	17.46	41.76	44.72	53.01	54.67	19.1	12.65	41.01	48.08	24.0	58.69	28.07	36.24	21.38	34.89	45.61	56.59	47.42	36.69	47.8	41.88	42.95	24.08	44.6	40.72	32.14	23.35	60.83	10.82	21.1
22	66.13	33.53	19.42	66.31	76.22	62.97	73.41	29.07	25.08	19.42	72.95	41.73	56.08	53.45	32.98	18.36	82.15	42.19	52.0	70.21	70.26	20.59	0.0	22.2	64.88	23.43	37.16	27.51	64.54	49.82	37.54	64.26	25.18	67.23	61.74	30.15	32.8	58.67	15.26	30.41	72.12	8.94	33.24	90.27	9.49	28.43	14.04	58.31	30.07	48.02	36.24	12.04	30.59	24.7	28.28	38.47	76.01	41.23	50.49	38.01	49.37	66.03	65.74	45.31	17.03	68.24	21.4	57.56	21.26	52.09	61.27	30.41	26.02	78.82	24.02	36.89
23	85.48	33.84	41.62	88.1	97.74	82.37	86.68	46.52	5.83	38.08	95.13	50.6	70.61	64.03	21.47	4.47	104.31	49.16	67.45	90.8	83.55	42.72	22.2	0.0	85.45	33.38	57.43	47.43	76.11	67.12	16.55	83.73	45.88	89.0	75.13	47.85	10.63	80.78	21.59	40.79	87.37	14.87	44.41	112.45	21.38	50.21	33.02	79.2	23.35	54.45	19.03	30.23	51.62	22.56	13.45	59.2	97.01	61.29	68.26	59.46	67.36	88.23	78.64	55.01	12.04	90.44	1.0	75.17	34.01	68.31	83.24	40.02	43.38	100.12	44.27	58.14
24	9.43	91.44	48.38	43.14	16.28	9.22	94.15	40.31	86.05	62.17	34.48	86.01	34.01	47.38	97.17	81.02	41.44	57.01	31.4	58.14	92.11	48.76	64.88	85.45	0.0	76.69	28.02	38.01	45.4	68.41	101.79	8.54	54.33	43.84	86.68	38.9	95.8	34.41	65.86	78.52	86.76	73.82	50.25	39.0	71.69	37.34	52.43	7.07	93.05	58.24	101.12	55.22	51.01	72.25	84.86	26.42	12.21	24.21	66.76	27.51	65.52	29.83	90.44	50.29	75.29	30.81	84.88	70.01	72.57	28.44	38.42	79.63	43.14	16.55	56.44	28.23
25	80.4	14.87	29.02	63.66	84.31	77.32	53.37	48.76	38.83	14.56	74.03	18.6	76.16	75.64	26.93	32.28	82.13	65.46	71.59	62.27	50.22	28.16	23.43	33.38	76.69	0.0	52.0	44.41	86.03	35.17	41.23	78.41	23.26	64.38	41.77	49.48	41.05	59.2	38.21	7.62	54.08	21.47	55.95	93.01	15.0	40.11	34.93	69.63	20.81	71.28	34.93	34.0	28.3	46.62	45.22	52.09	86.02	56.01	36.69	49.5	36.06	68.24	45.35	68.0	36.24	70.21	32.39	43.17	4.12	71.02	60.21	7.21	46.17	87.66	21.02	49.25
26	29.12	66.19	23.02	46.69	41.23	25.96	82.46	13.93	58.14	38.21	46.39	64.76	28.43	35.36	69.89	53.01	55.73	37.05	23.43	57.94	79.81	24.19	37.16	57.43	28.02	52.0	0.0	10.0	41.01	54.82	73.78	27.2	32.57	47.68	72.67	12.65	67.8	36.35	38.21	55.44	77.08	46.1	27.17	59.62	44.64	12.37	24.41	21.93	66.22	40.61	73.35	27.2	31.76	45.49	57.38	3.0	39.7	4.12	53.91	7.62	52.5	39.2	76.84	32.98	47.42	41.3	56.86	59.4	48.01	21.63	40.61	56.32	16.12	43.14	34.21	5.83
27	38.63	58.01	16.55	52.0	50.99	35.47	80.62	7.62	48.17	31.62	53.85	58.87	32.31	35.36	60.44	43.01	63.32	32.57	27.51	61.39	77.78	18.36	27.51	47.43	38.01	44.41	10.0	0.0	43.57	53.15	63.81	36.77	28.02	53.0	70.09	7.21	57.8	42.11	28.43	48.76	76.22	36.4	21.59	68.43	35.51	9.85	14.42	31.89	57.07	37.16	63.56	17.2	29.0	36.24	47.63	12.04	49.68	13.89	52.63	13.93	51.22	46.57	74.33	30.53	37.48	48.76	46.87	58.82	40.61	26.68	46.01	49.48	8.0	53.04	29.15	12.08
28	37.01	97.98	60.03	83.63	61.07	36.22	123.33	37.58	73.55	74.69	78.45	101.98	13.04	12.17	95.19	72.03	86.35	28.16	17.8	96.9	120.62	61.91	64.54	76.11	45.4	86.03	41.01	43.57	0.0	95.67	91.66	37.12	71.56	84.53	113.23	37.12	83.86	73.36	55.01	91.39	118.09	71.7	32.06	84.21	73.98	52.01	51.24	45.88	93.77	24.6	95.05	52.63	72.01	54.74	68.45	43.19	55.01	39.05	94.85	48.17	93.43	72.45	117.44	21.21	64.07	74.0	76.06	100.41	82.64	20.25	77.83	91.92	39.92	60.01	72.72	46.69
29	75.61	45.28	38.59	37.0	69.03	73.16	27.66	60.44	72.01	30.41	50.45	27.59	83.24	88.46	61.47	65.0	56.08	84.06	78.24	29.73	25.0	36.36	49.82	67.12	68.41	35.17	54.82	53.15	95.67	0.0	76.4	73.74	26.83	37.34	18.38	60.31	75.8	38.05	64.29	29.55	23.32	53.01	72.95	69.26	46.0	43.84	53.23	61.98	55.15	89.31	69.89	54.23	24.21	74.22	77.16	53.01	73.44	57.43	2.24	48.26	3.0	47.27	22.36	83.41	66.48	48.51	66.12	8.06	33.38	76.4	36.5	30.87	59.41	73.06	26.93	49.41
30	102.0	35.23	56.59	101.55	113.7	98.88	92.02	63.07	18.11	50.12	109.64	55.01	86.83	79.51	17.46	21.02	118.6	64.07	83.82	102.55	89.01	57.38	37.54	16.55	101.79	41.23	73.78	63.81	91.66	76.4	0.0	100.24	58.83	102.4	81.02	64.4	8.06	95.0	37.95	47.52	94.26	29.0	60.42	127.48	33.84	65.95	49.4	95.44	23.09	69.0	8.94	46.65	64.66	37.05	24.19	75.45	113.23	77.7	77.88	75.43	77.2	102.94	84.01	70.46	28.16	105.12	17.0	84.4	43.32	84.76	97.08	46.39	59.93	116.21	56.94	74.2
31	2.0	92.91	49.5	50.99	24.0	1.41	100.18	37.44	83.76	64.12	42.94	89.27	26.31	40.02	97.08	79.26	49.98	51.0	24.35	65.76	97.99	50.25	64.26	83.73	8.54	78.41	27.2	36.77	37.12	73.74	100.24	0.0	57.04	51.74	92.11	36.06	93.81	41.77	63.25	81.01	93.15	73.16	45.45	47.1	71.84	38.33	50.99	12.21	93.41	51.62	100.32	53.67	54.45	68.68	81.84	26.48	18.44	23.09	72.24	29.02	70.94	38.01	96.01	43.86	72.95	39.12	83.24	76.03	74.33	21.54	45.97	82.02	40.5	23.35	59.01	29.15
32	59.03	38.08	12.04	42.72	61.1	56.08	53.41	34.71	49.73	9.22	51.62	32.39	59.94	63.13	48.1	42.72	60.21	57.43	55.01	45.12	50.45	9.9	25.18	45.88	54.33	23.26	32.57	28.02	71.56	26.83	58.83	57.04	0.0	43.57	42.45	34.83	55.95	36.77	38.33	24.19	50.12	31.02	46.4	70.29	25.06	20.25	26.4	47.27	42.64	62.8	54.67	27.51	5.83	48.37	53.46	31.78	63.06	36.14	26.93	28.16	25.63	45.45	46.69	57.31	42.19	47.51	44.94	33.84	19.24	53.71	38.42	25.32	33.24	64.51	2.24	28.44
33	53.08	77.9	48.38	1.0	37.16	51.86	56.22	60.07	92.31	52.43	14.04	63.63	71.59	81.91	90.91	85.49	18.79	84.59	67.23	14.76	55.04	46.82	67.23	89.0	43.84	64.38	47.68	53.0	84.53	37.34	102.4	51.74	43.57	0.0	52.35	59.14	99.3	11.4	77.13	61.72	47.52	74.24	74.17	32.02	68.6	44.18	62.17	40.0	85.04	88.28	98.01	64.54	37.74	86.68	94.87	44.72	43.42	47.54	35.11	40.31	34.54	14.42	55.08	80.6	83.49	14.32	88.1	34.37	60.96	64.47	7.07	63.13	61.0	41.23	45.49	42.3
34	93.98	46.39	54.49	52.24	86.47	91.55	11.7	77.08	80.6	43.05	66.19	26.17	101.02	105.42	64.28	73.98	70.41	99.64	96.02	41.11	8.54	52.35	61.74	75.13	86.68	41.77	72.67	70.09	113.23	18.38	81.02	92.11	42.45	52.35	0.0	77.1	82.22	55.23	76.92	34.37	13.93	62.64	88.73	84.17	55.66	61.22	68.01	80.32	58.14	105.12	73.25	68.51	41.23	86.41	86.83	71.02	91.24	75.47	19.92	66.37	21.19	64.03	4.24	99.76	77.16	65.0	74.15	18.03	41.76	94.3	53.01	35.23	75.69	90.55	41.87	67.42
35	37.74	62.39	23.02	58.14	53.25	34.67	87.73	1.41	47.71	37.58	58.86	64.88	26.68	28.32	62.97	43.38	68.25	25.71	22.2	68.15	84.86	25.0	30.15	47.85	38.9	49.48	12.65	7.21	37.12	60.31	64.4	36.06	34.83	59.14	77.1	0.0	57.8	48.01	27.2	54.42	83.41	38.64	15.03	72.24	39.0	17.0	16.12	33.6	60.21	30.08	65.15	18.44	36.12	33.42	46.01	15.52	50.99	15.26	59.82	19.03	58.41	51.62	81.34	23.32	36.89	53.76	47.42	66.03	45.88	22.0	52.09	55.03	4.47	54.82	35.81	17.03
36	95.52	37.95	52.2	98.41	108.3	92.44	93.54	56.44	10.44	47.76	105.68	56.72	79.4	71.7	21.63	14.87	114.83	56.14	76.55	100.57	90.45	53.25	32.8	10.63	95.8	41.05	67.8	57.8	83.86	75.8	8.06	93.81	55.95	99.3	82.22	57.8	0.0	91.27	30.87	48.01	95.01	25.06	52.89	123.07	31.02	60.83	43.42	89.64	26.0	61.01	15.0	40.61	61.74	29.15	16.12	69.66	107.45	71.61	77.1	70.04	76.3	98.81	85.48	62.65	21.02	101.02	11.4	83.86	42.43	77.62	93.65	47.04	53.34	110.63	54.23	68.68
37	43.28	73.5	39.36	10.44	31.26	41.73	61.13	49.0	83.65	45.97	14.87	61.68	60.37	70.52	84.86	77.03	23.6	73.33	55.95	24.08	59.44	38.08	58.67	80.78	34.41	59.2	36.35	42.11	73.36	38.05	95.0	41.77	36.77	11.4	55.23	48.01	91.27	0.0	67.36	57.8	53.14	66.29	63.03	33.84	61.22	33.73	52.2	29.7	79.31	76.94	91.35	54.71	31.14	76.66	85.62	33.38	36.4	36.14	36.01	29.07	35.06	9.49	58.55	69.23	74.32	11.18	79.92	37.48	55.44	53.23	4.47	59.17	50.09	35.36	38.9	31.06
38	64.9	46.14	29.15	76.16	79.4	61.85	88.57	25.81	20.59	34.18	80.62	56.73	49.03	43.1	40.31	17.26	90.08	29.41	45.88	82.15	85.43	31.06	15.26	21.59	65.86	38.21	38.21	28.43	55.01	64.29	37.95	63.25	38.33	77.13	76.92	27.2	30.87	67.36	0.0	45.45	86.98	18.36	23.02	96.38	23.35	34.01	15.23	60.11	39.56	35.11	40.2	12.65	43.05	10.05	19.21	40.46	77.79	41.73	64.76	41.88	63.56	73.41	80.95	34.23	9.85	75.64	21.38	71.81	36.4	46.82	70.6	45.34	22.8	81.34	37.66	40.22
39	83.01	16.28	32.56	61.07	84.77	80.0	45.89	53.85	46.32	17.26	72.4	11.31	80.96	81.41	31.95	39.85	80.0	72.01	76.24	58.01	42.76	31.26	30.41	40.79	78.52	7.62	55.44	48.76	91.39	29.55	47.52	81.01	24.19	61.72	34.37	54.42	48.01	57.8	45.45	0.0	47.0	29.07	62.13	91.59	22.47	43.19	40.82	71.45	25.63	77.8	40.52	40.22	28.16	54.08	52.81	55.15	87.1	59.3	31.3	52.0	30.89	67.12	37.85	74.09	43.83	68.96	39.81	37.34	9.22	75.43	58.25	1.41	51.48	88.32	22.09	52.04
40	94.89	60.02	61.91	47.68	83.93	92.78	9.22	83.6	92.66	52.81	61.52	39.81	105.42	111.4	77.78	85.84	64.01	107.38	100.45	34.0	9.43	59.68	72.12	87.37	86.76	54.08	77.08	76.22	118.09	23.32	94.26	93.15	50.12	47.52	13.93	83.41	95.01	53.14	86.98	47.0	0.0	74.15	96.25	78.01	67.08	66.71	76.48	81.01	71.57	112.61	86.7	77.39	47.43	96.77	98.48	75.01	89.49	79.31	23.6	70.09	25.0	60.88	12.81	106.61	88.29	61.39	86.37	17.69	53.46	98.41	50.0	48.01	82.66	88.06	50.09	71.45
41	75.03	27.78	27.59	73.36	85.0	71.87	74.33	37.48	19.1	23.35	80.8	39.96	64.01	60.21	24.33	12.04	89.87	47.54	60.13	75.96	71.17	28.43	8.94	14.87	73.82	21.47	46.1	36.4	71.7	53.01	29.0	73.16	31.02	74.24	62.64	38.64	25.06	66.29	18.36	29.07	74.15	0.0	39.81	98.49	7.07	37.2	22.56	67.23	22.09	53.31	27.29	20.22	36.77	25.5	24.33	47.41	84.91	50.16	54.01	46.87	53.04	74.03	66.41	51.66	14.76	76.22	13.93	61.0	20.88	60.41	68.6	28.65	34.37	87.66	29.41	45.79
42	46.75	66.73	34.41	73.17	65.74	44.05	99.81	14.14	42.45	46.75	73.55	73.24	26.57	20.4	63.13	40.2	82.87	11.18	24.19	82.98	96.83	36.62	33.24	44.41	50.25	55.95	27.17	21.59	32.06	72.95	60.42	45.45	46.4	74.17	88.73	15.03	52.89	63.03	23.02	62.13	96.25	39.81	0.0	86.02	42.72	31.32	21.4	46.1	61.81	16.4	63.2	21.95	48.88	24.6	38.48	30.15	62.43	28.86	72.72	34.0	71.34	66.37	92.96	12.08	32.39	68.47	44.28	79.26	53.0	25.81	67.12	62.43	13.93	66.73	46.86	32.0
43	47.27	107.34	70.94	32.28	23.19	48.04	87.05	73.54	114.62	79.51	19.24	94.85	73.01	86.21	118.34	108.41	14.0	94.37	70.18	44.01	86.21	70.09	90.27	112.45	39.0	93.01	59.62	68.43	84.21	69.26	127.48	47.1	70.29	32.02	84.17	72.24	123.07	33.84	96.38	91.59	78.01	98.49	86.02	0.0	94.05	62.68	81.3	40.61	112.93	96.34	124.46	84.06	64.82	104.66	115.43	56.86	29.83	57.25	67.05	54.59	66.41	24.84	86.7	88.28	104.56	22.8	111.66	66.29	89.2	67.19	33.54	92.96	75.64	25.0	72.47	56.36
44	73.76	24.04	23.85	67.74	81.84	70.6	67.36	38.01	26.02	16.76	75.93	33.6	65.28	62.94	25.5	19.0	84.81	51.48	61.07	69.57	64.2	24.21	9.49	21.38	71.69	15.0	44.64	35.51	73.98	46.0	33.84	71.84	25.06	68.6	55.66	39.0	31.02	61.22	23.35	22.47	67.08	7.07	42.72	94.05	0.0	34.44	23.09	64.88	21.59	57.31	30.48	21.38	30.89	31.62	31.4	45.54	82.3	48.76	47.04	44.28	46.1	69.35	59.46	54.78	21.54	71.51	20.4	54.01	13.93	61.0	63.25	22.2	35.06	84.72	23.26	43.46
45	40.31	54.59	11.18	43.19	47.8	37.22	71.45	17.46	52.01	26.02	46.62	52.39	39.96	44.69	59.93	46.01	56.08	42.38	34.99	51.79	68.68	12.0	28.43	50.21	37.34	40.11	12.37	9.85	52.01	43.84	65.95	38.33	20.25	44.18	61.22	17.0	60.83	33.73	34.01	43.19	66.71	37.2	31.32	62.68	34.44	0.0	18.79	30.46	55.71	47.01	64.35	21.47	20.0	43.01	52.84	12.0	47.89	16.12	43.19	9.85	41.77	39.4	65.44	40.31	41.88	41.63	49.5	49.2	36.06	33.54	37.34	44.1	17.46	50.48	21.84	9.22
46	52.8	46.87	15.3	61.19	65.05	49.66	79.32	15.03	33.94	25.46	65.39	51.87	42.19	40.72	46.87	28.6	74.85	31.83	38.01	68.01	76.28	17.46	14.04	33.02	52.43	34.93	24.41	14.42	51.24	53.23	49.4	50.99	26.4	62.17	68.01	16.12	43.42	52.2	15.23	40.82	76.48	22.56	21.4	81.3	23.09	18.79	0.0	46.23	44.1	37.48	49.4	2.83	30.08	24.52	34.13	26.25	64.03	28.3	53.31	27.02	52.0	58.18	72.2	33.29	23.43	60.42	32.45	60.17	31.76	38.05	55.54	41.18	12.0	67.27	26.42	25.5
47	13.89	84.4	41.44	39.2	19.72	12.04	88.14	35.0	80.06	55.11	32.57	79.0	33.54	46.01	90.38	74.81	40.61	53.85	30.07	53.76	86.01	41.76	58.31	79.2	7.07	69.63	21.93	31.89	45.88	61.98	95.44	12.21	47.27	40.0	80.32	33.6	89.64	29.7	60.11	71.45	81.01	67.23	46.1	40.61	64.88	30.46	46.23	0.0	86.16	55.73	94.51	49.04	44.0	67.01	79.25	20.0	17.8	18.44	60.41	20.62	59.14	26.83	84.15	47.68	69.35	28.23	78.6	63.98	65.51	27.07	33.97	72.56	37.64	21.26	49.37	21.47
48	95.34	12.17	44.78	84.29	102.47	92.18	69.0	59.14	29.0	33.42	94.18	32.02	86.01	82.2	6.32	25.24	102.53	68.96	82.02	83.01	66.01	44.72	30.07	23.35	93.05	20.81	66.22	57.07	93.77	55.15	23.09	93.41	42.64	85.04	58.14	60.21	26.0	79.31	39.56	25.63	71.57	22.09	61.81	112.93	21.59	55.71	44.1	86.16	0.0	74.63	15.13	42.01	48.17	44.29	36.77	67.05	103.37	70.34	56.86	65.55	56.36	88.09	61.01	73.55	32.65	90.14	22.67	62.97	24.08	82.15	80.61	24.35	56.08	105.55	40.46	64.85
49	52.39	80.96	50.8	87.3	74.46	50.33	116.21	29.55	51.04	62.94	86.01	89.02	26.63	13.45	74.95	50.8	95.02	5.83	27.31	98.08	113.23	53.01	48.02	54.45	58.24	71.28	40.61	37.16	24.6	89.31	69.0	51.62	62.8	88.28	105.12	30.08	61.01	76.94	35.11	77.8	112.61	53.31	16.4	96.34	57.31	47.01	37.48	55.73	74.63	0.0	73.44	37.64	65.19	32.06	45.1	43.57	69.89	41.11	89.04	48.05	87.66	79.06	109.34	8.06	42.76	81.02	54.59	95.52	68.6	30.08	81.22	78.01	30.02	74.63	63.25	46.1
50	102.16	27.0	54.2	97.2	112.07	99.01	84.02	63.89	22.8	45.61	106.15	47.1	89.11	83.01	9.0	23.02	114.87	68.18	85.7	97.06	81.06	54.67	36.24	19.03	101.12	34.93	73.35	63.56	95.05	69.89	8.94	100.32	54.67	98.01	73.25	65.15	15.0	91.35	40.2	40.52	86.7	27.29	63.2	124.46	30.48	64.35	49.4	94.51	15.13	73.44	0.0	46.82	60.44	41.44	30.08	74.71	112.16	77.39	71.51	74.09	70.94	99.7	76.06	74.0	31.0	101.83	19.0	77.79	37.59	86.35	93.09	39.29	60.73	114.83	52.63	73.06
51	55.46	45.35	17.03	63.56	67.88	52.33	79.92	17.26	31.11	25.61	68.03	51.4	44.05	41.79	44.55	25.81	77.47	31.89	40.01	70.01	76.85	19.1	12.04	30.23	55.22	34.0	27.2	17.2	52.63	54.23	46.65	53.67	27.51	64.54	68.51	18.44	40.61	54.71	12.65	40.22	77.39	20.22	21.95	84.06	21.38	21.47	2.83	49.04	42.01	37.64	46.82	0.0	31.58	22.2	31.38	29.07	66.84	31.06	54.42	29.83	53.14	60.84	72.67	34.0	20.62	63.07	29.68	61.35	31.06	40.2	57.97	40.5	14.14	70.09	27.31	28.32
52	56.44	42.94	14.87	36.89	56.61	53.6	51.62	36.24	55.36	14.87	46.01	35.0	59.91	64.35	53.74	48.38	54.49	60.03	54.92	39.62	48.8	12.65	30.59	51.62	51.01	28.3	31.76	29.0	72.01	24.21	64.66	54.45	5.83	37.74	41.23	36.12	61.74	31.14	43.05	28.16	47.43	36.77	48.88	64.82	30.89	20.0	30.08	44.0	48.17	65.19	60.44	31.58	0.0	53.08	58.86	30.46	59.03	34.93	23.85	26.25	22.47	40.0	45.45	59.2	47.52	42.01	50.7	30.41	24.41	53.34	32.65	29.41	35.23	60.17	7.81	26.93
53	70.18	52.63	39.05	85.7	86.61	67.27	98.09	32.02	19.0	43.97	89.54	65.22	51.08	42.58	43.66	19.31	99.02	27.02	48.76	92.09	94.94	41.01	24.7	22.56	72.25	46.62	45.49	36.24	54.74	74.22	37.05	68.68	48.37	86.68	86.41	33.42	29.15	76.66	10.05	54.08	96.77	25.5	24.6	104.66	31.62	43.01	24.52	67.01	44.29	32.06	41.44	22.2	53.08	0.0	13.93	48.02	84.39	48.6	74.73	50.09	73.55	82.28	90.38	33.54	11.66	84.5	22.8	81.79	45.28	50.25	80.05	53.82	29.41	88.24	47.68	48.3
54	83.41	47.2	46.49	93.92	98.6	80.43	98.49	44.6	7.81	47.0	99.28	63.16	65.0	56.29	34.41	13.0	108.69	40.45	62.61	98.48	95.34	48.08	28.28	13.45	84.86	45.22	57.38	47.63	68.45	77.16	24.19	81.84	53.46	94.87	86.83	46.01	16.12	85.62	19.21	52.81	98.48	24.33	38.48	115.43	31.4	52.84	34.13	79.25	36.77	45.1	30.08	31.38	58.86	13.93	0.0	59.67	96.88	60.83	78.06	61.03	77.03	92.13	90.52	47.3	11.4	94.37	14.21	85.09	45.12	64.01	88.6	52.2	41.73	100.5	52.24	59.41
55	28.44	66.48	23.09	43.74	38.95	25.32	80.6	16.76	60.14	38.01	43.42	64.13	30.41	38.01	70.94	54.82	52.77	40.05	25.46	55.15	78.01	24.0	38.47	59.2	26.42	52.09	3.0	12.04	43.19	53.01	75.45	26.48	31.78	44.72	71.02	15.52	69.66	33.38	40.46	55.15	75.01	47.41	30.15	56.86	45.54	12.0	26.25	20.0	67.05	43.57	74.71	29.07	30.46	48.02	59.67	0.0	37.8	4.47	52.01	5.0	50.61	36.22	75.17	35.9	49.5	38.33	58.6	57.31	48.04	23.43	37.66	56.08	18.79	41.04	33.54	3.61
56	18.11	100.88	58.6	42.94	7.21	19.65	97.53	52.4	97.84	71.47	31.24	93.65	44.72	58.46	107.78	92.62	35.81	68.94	42.72	58.18	95.8	58.69	76.01	97.01	12.21	86.02	39.7	49.68	55.01	73.44	113.23	18.44	63.06	43.42	91.24	50.99	107.45	36.4	77.79	87.1	89.49	84.91	62.43	29.83	82.3	47.89	64.03	17.8	103.37	69.89	112.16	66.84	59.03	84.39	96.88	37.8	0.0	36.07	71.57	38.08	70.46	29.07	94.73	62.03	87.11	29.15	96.4	73.76	81.91	39.85	39.56	88.29	55.17	5.0	65.25	39.12
57	25.0	70.26	27.0	46.57	38.01	21.84	85.0	16.64	61.85	42.11	45.04	68.45	26.17	34.54	74.0	56.86	54.23	38.05	21.26	58.6	82.42	28.07	41.23	61.29	24.21	56.01	4.12	13.89	39.05	57.43	77.7	23.09	36.14	47.54	75.47	15.26	71.61	36.14	41.73	59.3	79.31	50.16	28.86	57.25	48.76	16.12	28.3	18.44	70.34	41.11	77.39	31.06	34.93	48.6	60.83	4.47	36.07	0.0	56.4	9.22	55.0	38.0	79.61	33.24	51.09	40.01	60.75	61.62	52.0	19.1	40.52	60.21	19.21	39.7	37.85	8.06
58	74.09	47.17	38.47	34.79	67.07	71.69	28.6	60.0	73.06	31.14	48.27	29.73	82.33	87.86	63.16	66.03	53.85	83.86	77.34	27.59	26.08	36.24	50.49	68.26	66.76	36.69	53.91	52.63	94.85	2.24	77.88	72.24	26.93	35.11	19.92	59.82	77.1	36.01	64.76	31.3	23.6	54.01	72.72	67.05	47.04	43.19	53.31	60.41	56.86	89.04	71.51	54.42	23.85	74.73	78.06	52.01	71.57	56.4	0.0	47.2	1.41	45.18	23.77	83.01	67.27	46.39	67.27	7.07	34.71	75.43	34.37	32.65	59.08	71.11	27.2	48.41
59	31.02	64.13	20.88	39.32	38.29	28.0	75.8	20.1	60.88	35.13	40.02	60.53	35.36	42.94	69.78	55.17	49.48	44.28	30.41	50.33	73.24	21.38	38.01	59.46	27.51	49.5	7.62	13.93	48.17	48.26	75.43	29.02	28.16	40.31	66.37	19.03	70.04	29.07	41.88	52.0	70.09	46.87	34.0	54.59	44.28	9.85	27.02	20.62	65.55	48.05	74.09	29.83	26.25	50.09	61.03	5.0	38.08	9.22	47.2	0.0	45.8	32.76	70.49	40.52	50.45	34.93	58.8	52.4	45.4	28.32	33.24	53.01	21.59	40.8	30.07	2.0
60	72.8	46.87	37.12	34.18	66.03	70.38	30.0	58.6	72.11	30.07	47.54	29.83	80.92	86.45	62.65	65.07	53.31	82.49	75.93	27.59	27.46	34.89	49.37	67.36	65.52	36.06	52.5	51.22	93.43	3.0	77.2	70.94	25.63	34.54	21.19	58.41	76.3	35.06	63.56	30.89	25.0	53.04	71.34	66.41	46.1	41.77	52.0	59.14	56.36	87.66	70.94	53.14	22.47	73.55	77.03	50.61	70.46	55.0	1.41	45.8	0.0	44.28	25.08	81.61	66.19	45.54	66.37	8.25	33.96	74.03	33.54	32.25	57.69	70.06	25.96	47.01
61	39.2	82.68	46.62	13.89	23.09	38.28	69.23	52.77	90.74	54.67	7.28	71.17	59.77	71.2	93.51	84.31	16.76	76.03	55.79	29.15	67.74	45.61	66.03	88.23	29.83	68.24	39.2	46.57	72.45	47.27	102.94	38.01	45.45	14.42	64.03	51.62	98.81	9.49	73.41	67.12	60.88	74.03	66.37	24.84	69.35	39.4	58.18	26.83	88.09	79.06	99.7	60.84	40.0	82.28	92.13	36.22	29.07	38.0	45.18	32.76	44.28	0.0	67.19	71.11	81.01	2.24	87.42	46.1	64.4	52.89	11.05	68.48	54.34	27.2	47.63	34.71
