set K:= 1	2	3	4	5	6	7	8	9;
set C_H:= 1	2	3	4	5	6	7	8	9	10	11	12	13	14	15	16	17	18	19	20	21;
set C_S:= 22	23	24	25	26	27	28	29	30	31	32	33	34	35	36	37	38	39	40	41	42;
set C_F:= 43	44	45	46	47	48	49	50	51	52	53	54	55	56	57	58	59	60	61	62	63;
set M:= 64	65	66	67;
set L_B:= 68	69	70	71	72	73	74	75	76	77	78;
set A1:=
(0,*) 1 2 3 4 5 6 7 8 9 10 11 12 13 14 15 16 17 18 19 20 21 43 44 45 46 47 48 49 50 51 52 53 54 55 56 57 58 59 60 61 62 63 64 65 66 67 68 69 70 71 72 73 74 75 76 77 78
(1,*) 0 2 3 4 5 6 7 8 9 10 11 12 13 14 15 16 17 18 19 20 21 43 44 45 46 47 48 49 50 51 52 53 54 55 56 57 58 59 60 61 62 63 64 65 66 67 68 69 70 71 72 73 74 75 76 77 78
(2,*) 0 1 3 4 5 6 7 8 9 10 11 12 13 14 15 16 17 18 19 20 21 43 44 45 46 47 48 49 50 51 52 53 54 55 56 57 58 59 60 61 62 63 64 65 66 67 68 69 70 71 72 73 74 75 76 77 78
(3,*) 0 1 2 4 5 6 7 8 9 10 11 12 13 14 15 16 17 18 19 20 21 43 44 45 46 47 48 49 50 51 52 53 54 55 56 57 58 59 60 61 62 63 64 65 66 67 68 69 70 71 72 73 74 75 76 77 78
(4,*) 0 1 2 3 5 6 7 8 9 10 11 12 13 14 15 16 17 18 19 20 21 43 44 45 46 47 48 49 50 51 52 53 54 55 56 57 58 59 60 61 62 63 64 65 66 67 68 69 70 71 72 73 74 75 76 77 78
(5,*) 0 1 2 3 4 6 7 8 9 10 11 12 13 14 15 16 17 18 19 20 21 43 44 45 46 47 48 49 50 51 52 53 54 55 56 57 58 59 60 61 62 63 64 65 66 67 68 69 70 71 72 73 74 75 76 77 78
(6,*) 0 1 2 3 4 5 7 8 9 10 11 12 13 14 15 16 17 18 19 20 21 43 44 45 46 47 48 49 50 51 52 53 54 55 56 57 58 59 60 61 62 63 64 65 66 67 68 69 70 71 72 73 74 75 76 77 78
(7,*) 0 1 2 3 4 5 6 8 9 10 11 12 13 14 15 16 17 18 19 20 21 43 44 45 46 47 48 49 50 51 52 53 54 55 56 57 58 59 60 61 62 63 64 65 66 67 68 69 70 71 72 73 74 75 76 77 78
(8,*) 0 1 2 3 4 5 6 7 9 10 11 12 13 14 15 16 17 18 19 20 21 43 44 45 46 47 48 49 50 51 52 53 54 55 56 57 58 59 60 61 62 63 64 65 66 67 68 69 70 71 72 73 74 75 76 77 78
(9,*) 0 1 2 3 4 5 6 7 8 10 11 12 13 14 15 16 17 18 19 20 21 43 44 45 46 47 48 49 50 51 52 53 54 55 56 57 58 59 60 61 62 63 64 65 66 67 68 69 70 71 72 73 74 75 76 77 78
(10,*) 0 1 2 3 4 5 6 7 8 9 11 12 13 14 15 16 17 18 19 20 21 43 44 45 46 47 48 49 50 51 52 53 54 55 56 57 58 59 60 61 62 63 64 65 66 67 68 69 70 71 72 73 74 75 76 77 78
(11,*) 0 1 2 3 4 5 6 7 8 9 10 12 13 14 15 16 17 18 19 20 21 43 44 45 46 47 48 49 50 51 52 53 54 55 56 57 58 59 60 61 62 63 64 65 66 67 68 69 70 71 72 73 74 75 76 77 78
(12,*) 0 1 2 3 4 5 6 7 8 9 10 11 13 14 15 16 17 18 19 20 21 43 44 45 46 47 48 49 50 51 52 53 54 55 56 57 58 59 60 61 62 63 64 65 66 67 68 69 70 71 72 73 74 75 76 77 78
(13,*) 0 1 2 3 4 5 6 7 8 9 10 11 12 14 15 16 17 18 19 20 21 43 44 45 46 47 48 49 50 51 52 53 54 55 56 57 58 59 60 61 62 63 64 65 66 67 68 69 70 71 72 73 74 75 76 77 78
(14,*) 0 1 2 3 4 5 6 7 8 9 10 11 12 13 15 16 17 18 19 20 21 43 44 45 46 47 48 49 50 51 52 53 54 55 56 57 58 59 60 61 62 63 64 65 66 67 68 69 70 71 72 73 74 75 76 77 78
(15,*) 0 1 2 3 4 5 6 7 8 9 10 11 12 13 14 16 17 18 19 20 21 43 44 45 46 47 48 49 50 51 52 53 54 55 56 57 58 59 60 61 62 63 64 65 66 67 68 69 70 71 72 73 74 75 76 77 78
(16,*) 0 1 2 3 4 5 6 7 8 9 10 11 12 13 14 15 17 18 19 20 21 43 44 45 46 47 48 49 50 51 52 53 54 55 56 57 58 59 60 61 62 63 64 65 66 67 68 69 70 71 72 73 74 75 76 77 78
(17,*) 0 1 2 3 4 5 6 7 8 9 10 11 12 13 14 15 16 18 19 20 21 43 44 45 46 47 48 49 50 51 52 53 54 55 56 57 58 59 60 61 62 63 64 65 66 67 68 69 70 71 72 73 74 75 76 77 78
(18,*) 0 1 2 3 4 5 6 7 8 9 10 11 12 13 14 15 16 17 19 20 21 43 44 45 46 47 48 49 50 51 52 53 54 55 56 57 58 59 60 61 62 63 64 65 66 67 68 69 70 71 72 73 74 75 76 77 78
(19,*) 0 1 2 3 4 5 6 7 8 9 10 11 12 13 14 15 16 17 18 20 21 43 44 45 46 47 48 49 50 51 52 53 54 55 56 57 58 59 60 61 62 63 64 65 66 67 68 69 70 71 72 73 74 75 76 77 78
(20,*) 0 1 2 3 4 5 6 7 8 9 10 11 12 13 14 15 16 17 18 19 21 43 44 45 46 47 48 49 50 51 52 53 54 55 56 57 58 59 60 61 62 63 64 65 66 67 68 69 70 71 72 73 74 75 76 77 78
(21,*) 0 1 2 3 4 5 6 7 8 9 10 11 12 13 14 15 16 17 18 19 20 43 44 45 46 47 48 49 50 51 52 53 54 55 56 57 58 59 60 61 62 63 64 65 66 67 68 69 70 71 72 73 74 75 76 77 78
(43,*) 0 1 2 3 4 5 6 7 8 9 10 11 12 13 14 15 16 17 18 19 20 21 44 45 46 47 48 49 50 51 52 53 54 55 56 57 58 59 60 61 62 63 64 65 66 67 68 69 70 71 72 73 74 75 76 77 78
(44,*) 0 1 2 3 4 5 6 7 8 9 10 11 12 13 14 15 16 17 18 19 20 21 43 45 46 47 48 49 50 51 52 53 54 55 56 57 58 59 60 61 62 63 64 65 66 67 68 69 70 71 72 73 74 75 76 77 78
(45,*) 0 1 2 3 4 5 6 7 8 9 10 11 12 13 14 15 16 17 18 19 20 21 43 44 46 47 48 49 50 51 52 53 54 55 56 57 58 59 60 61 62 63 64 65 66 67 68 69 70 71 72 73 74 75 76 77 78
(46,*) 0 1 2 3 4 5 6 7 8 9 10 11 12 13 14 15 16 17 18 19 20 21 43 44 45 47 48 49 50 51 52 53 54 55 56 57 58 59 60 61 62 63 64 65 66 67 68 69 70 71 72 73 74 75 76 77 78
(47,*) 0 1 2 3 4 5 6 7 8 9 10 11 12 13 14 15 16 17 18 19 20 21 43 44 45 46 48 49 50 51 52 53 54 55 56 57 58 59 60 61 62 63 64 65 66 67 68 69 70 71 72 73 74 75 76 77 78
(48,*) 0 1 2 3 4 5 6 7 8 9 10 11 12 13 14 15 16 17 18 19 20 21 43 44 45 46 47 49 50 51 52 53 54 55 56 57 58 59 60 61 62 63 64 65 66 67 68 69 70 71 72 73 74 75 76 77 78
(49,*) 0 1 2 3 4 5 6 7 8 9 10 11 12 13 14 15 16 17 18 19 20 21 43 44 45 46 47 48 50 51 52 53 54 55 56 57 58 59 60 61 62 63 64 65 66 67 68 69 70 71 72 73 74 75 76 77 78
(50,*) 0 1 2 3 4 5 6 7 8 9 10 11 12 13 14 15 16 17 18 19 20 21 43 44 45 46 47 48 49 51 52 53 54 55 56 57 58 59 60 61 62 63 64 65 66 67 68 69 70 71 72 73 74 75 76 77 78
(51,*) 0 1 2 3 4 5 6 7 8 9 10 11 12 13 14 15 16 17 18 19 20 21 43 44 45 46 47 48 49 50 52 53 54 55 56 57 58 59 60 61 62 63 64 65 66 67 68 69 70 71 72 73 74 75 76 77 78
(52,*) 0 1 2 3 4 5 6 7 8 9 10 11 12 13 14 15 16 17 18 19 20 21 43 44 45 46 47 48 49 50 51 53 54 55 56 57 58 59 60 61 62 63 64 65 66 67 68 69 70 71 72 73 74 75 76 77 78
(53,*) 0 1 2 3 4 5 6 7 8 9 10 11 12 13 14 15 16 17 18 19 20 21 43 44 45 46 47 48 49 50 51 52 54 55 56 57 58 59 60 61 62 63 64 65 66 67 68 69 70 71 72 73 74 75 76 77 78
(54,*) 0 1 2 3 4 5 6 7 8 9 10 11 12 13 14 15 16 17 18 19 20 21 43 44 45 46 47 48 49 50 51 52 53 55 56 57 58 59 60 61 62 63 64 65 66 67 68 69 70 71 72 73 74 75 76 77 78
(55,*) 0 1 2 3 4 5 6 7 8 9 10 11 12 13 14 15 16 17 18 19 20 21 43 44 45 46 47 48 49 50 51 52 53 54 56 57 58 59 60 61 62 63 64 65 66 67 68 69 70 71 72 73 74 75 76 77 78
(56,*) 0 1 2 3 4 5 6 7 8 9 10 11 12 13 14 15 16 17 18 19 20 21 43 44 45 46 47 48 49 50 51 52 53 54 55 57 58 59 60 61 62 63 64 65 66 67 68 69 70 71 72 73 74 75 76 77 78
(57,*) 0 1 2 3 4 5 6 7 8 9 10 11 12 13 14 15 16 17 18 19 20 21 43 44 45 46 47 48 49 50 51 52 53 54 55 56 58 59 60 61 62 63 64 65 66 67 68 69 70 71 72 73 74 75 76 77 78
(58,*) 0 1 2 3 4 5 6 7 8 9 10 11 12 13 14 15 16 17 18 19 20 21 43 44 45 46 47 48 49 50 51 52 53 54 55 56 57 59 60 61 62 63 64 65 66 67 68 69 70 71 72 73 74 75 76 77 78
(59,*) 0 1 2 3 4 5 6 7 8 9 10 11 12 13 14 15 16 17 18 19 20 21 43 44 45 46 47 48 49 50 51 52 53 54 55 56 57 58 60 61 62 63 64 65 66 67 68 69 70 71 72 73 74 75 76 77 78
(60,*) 0 1 2 3 4 5 6 7 8 9 10 11 12 13 14 15 16 17 18 19 20 21 43 44 45 46 47 48 49 50 51 52 53 54 55 56 57 58 59 61 62 63 64 65 66 67 68 69 70 71 72 73 74 75 76 77 78
(61,*) 0 1 2 3 4 5 6 7 8 9 10 11 12 13 14 15 16 17 18 19 20 21 43 44 45 46 47 48 49 50 51 52 53 54 55 56 57 58 59 60 62 63 64 65 66 67 68 69 70 71 72 73 74 75 76 77 78
(62,*) 0 1 2 3 4 5 6 7 8 9 10 11 12 13 14 15 16 17 18 19 20 21 43 44 45 46 47 48 49 50 51 52 53 54 55 56 57 58 59 60 61 63 64 65 66 67 68 69 70 71 72 73 74 75 76 77 78
(63,*) 0 1 2 3 4 5 6 7 8 9 10 11 12 13 14 15 16 17 18 19 20 21 43 44 45 46 47 48 49 50 51 52 53 54 55 56 57 58 59 60 61 62 64 65 66 67 68 69 70 71 72 73 74 75 76 77 78
(64,*) 0 1 2 3 4 5 6 7 8 9 10 11 12 13 14 15 16 17 18 19 20 21 43 44 45 46 47 48 49 50 51 52 53 54 55 56 57 58 59 60 61 62 63 66 67 68 69 70 71 72 73 74 75 76 77 78
(65,*) 0 1 2 3 4 5 6 7 8 9 10 11 12 13 14 15 16 17 18 19 20 21 43 44 45 46 47 48 49 50 51 52 53 54 55 56 57 58 59 60 61 62 63 66 67 68 69 70 71 72 73 74 75 76 77 78
(66,*) 0 1 2 3 4 5 6 7 8 9 10 11 12 13 14 15 16 17 18 19 20 21 43 44 45 46 47 48 49 50 51 52 53 54 55 56 57 58 59 60 61 62 63 64 65 68 69 70 71 72 73 74 75 76 77 78
(67,*) 0 1 2 3 4 5 6 7 8 9 10 11 12 13 14 15 16 17 18 19 20 21 43 44 45 46 47 48 49 50 51 52 53 54 55 56 57 58 59 60 61 62 63 64 65 68 69 70 71 72 73 74 75 76 77 78
(68,*) 0 1 2 3 4 5 6 7 8 9 10 11 12 13 14 15 16 17 18 19 20 21 43 44 45 46 47 48 49 50 51 52 53 54 55 56 57 58 59 60 61 62 63 64 65 66 67 69 70 71 72 73 74 75 76 77 78
(69,*) 0 1 2 3 4 5 6 7 8 9 10 11 12 13 14 15 16 17 18 19 20 21 43 44 45 46 47 48 49 50 51 52 53 54 55 56 57 58 59 60 61 62 63 64 65 66 67 68 70 71 72 73 74 75 76 77 78
(70,*) 0 1 2 3 4 5 6 7 8 9 10 11 12 13 14 15 16 17 18 19 20 21 43 44 45 46 47 48 49 50 51 52 53 54 55 56 57 58 59 60 61 62 63 64 65 66 67 68 69 71 72 73 74 75 76 77 78
(71,*) 0 1 2 3 4 5 6 7 8 9 10 11 12 13 14 15 16 17 18 19 20 21 43 44 45 46 47 48 49 50 51 52 53 54 55 56 57 58 59 60 61 62 63 64 65 66 67 68 69 70 72 73 74 75 76 77 78
(72,*) 0 1 2 3 4 5 6 7 8 9 10 11 12 13 14 15 16 17 18 19 20 21 43 44 45 46 47 48 49 50 51 52 53 54 55 56 57 58 59 60 61 62 63 64 65 66 67 68 69 70 71 73 74 75 76 77 78
(73,*) 0 1 2 3 4 5 6 7 8 9 10 11 12 13 14 15 16 17 18 19 20 21 43 44 45 46 47 48 49 50 51 52 53 54 55 56 57 58 59 60 61 62 63 64 65 66 67 68 69 70 71 72 74 75 76 77 78
(74,*) 0 1 2 3 4 5 6 7 8 9 10 11 12 13 14 15 16 17 18 19 20 21 43 44 45 46 47 48 49 50 51 52 53 54 55 56 57 58 59 60 61 62 63 64 65 66 67 68 69 70 71 72 73 75 76 77 78
(75,*) 0 1 2 3 4 5 6 7 8 9 10 11 12 13 14 15 16 17 18 19 20 21 43 44 45 46 47 48 49 50 51 52 53 54 55 56 57 58 59 60 61 62 63 64 65 66 67 68 69 70 71 72 73 74 76 77 78
(76,*) 0 1 2 3 4 5 6 7 8 9 10 11 12 13 14 15 16 17 18 19 20 21 43 44 45 46 47 48 49 50 51 52 53 54 55 56 57 58 59 60 61 62 63 64 65 66 67 68 69 70 71 72 73 74 75 77 78
(77,*) 0 1 2 3 4 5 6 7 8 9 10 11 12 13 14 15 16 17 18 19 20 21 43 44 45 46 47 48 49 50 51 52 53 54 55 56 57 58 59 60 61 62 63 64 65 66 67 68 69 70 71 72 73 74 75 76 78
(78,*) 0 1 2 3 4 5 6 7 8 9 10 11 12 13 14 15 16 17 18 19 20 21 43 44 45 46 47 48 49 50 51 52 53 54 55 56 57 58 59 60 61 62 63 64 65 66 67 68 69 70 71 72 73 74 75 76 77
;
set A2:=
(64,*) 65
(65,*) 64
(66,*) 67
(67,*) 66
;
param BigM:=99999;
param n:= 9;
param d:=
1	18
2	23
3	16
4	21
5	23
6	5
7	8
8	3
9	17
10	7
11	8
12	19
13	19
14	26
15	24
16	8
17	22
18	15
19	11
20	12
21	54
22	23
23	24
24	4
25	9
26	13
27	16
28	16
29	4
30	23
31	26
32	5
33	2
34	8
35	26
36	8
37	19
38	16
39	12
40	19
41	5
42	8
43	10
44	15
45	23
46	17
47	1
48	2
49	5
50	8
51	4
52	18
53	26
54	8
55	8
56	12
57	3
58	2
59	5
60	4
61	5
62	9
63	18
;
param Q:=100;
param w:=
[64,*] 65 0.5
[65,*] 64 0.5
[66,*] 67 0.5
[67,*] 66 0.5
;
param V:=
[64,*] 65 93
[65,*] 64 93
[66,*] 67 87
[67,*] 66 87
;
param e:
	64	65	66	67	68	69	70	71	72	73	74	75	76	77	78:=
22	0	1	0	1	0	0	0	0	0	0	0	0	0	0	0	
23	0	0	0	1	0	0	0	0	0	0	0	0	0	0	0	
24	0	1	0	0	0	0	0	0	0	0	0	0	0	0	0	
25	0	0	0	0	1	0	0	0	0	0	0	0	0	0	0	
26	0	0	0	0	0	0	1	0	0	0	0	0	0	0	0	
27	0	0	1	0	0	0	0	0	0	0	0	0	0	0	0	
28	0	0	0	0	0	0	0	1	0	0	0	0	0	0	0	
29	0	0	0	0	0	0	0	1	0	0	0	0	0	0	0	
30	0	0	0	0	0	0	0	1	0	0	0	0	0	0	0	
31	0	1	0	1	0	1	0	0	0	0	0	0	0	0	0	
32	1	0	0	0	0	0	0	0	0	0	0	0	0	0	0	
33	0	0	1	0	1	0	1	0	0	0	0	0	0	0	0	
34	0	1	0	1	0	1	0	1	0	0	0	0	0	0	0	
35	1	0	0	0	0	1	0	1	0	0	0	0	0	0	0	
36	0	0	0	1	0	0	0	0	0	0	0	0	0	0	0	
37	1	0	0	0	0	0	0	0	0	0	0	0	0	0	0	
38	0	0	1	0	0	0	0	0	0	0	0	0	0	0	0	
39	0	0	0	1	0	0	0	0	0	0	0	0	0	0	0	
40	0	0	0	0	1	0	0	0	0	0	0	0	0	0	0	
41	0	0	1	0	0	0	1	0	0	0	0	0	0	0	0	
42	1	0	0	0	0	0	0	0	0	0	0	0	0	0	0	
43	1	0	1	0	1	0	1	0	1	0	0	0	0	0	0	
44	0	0	0	1	0	0	0	0	0	0	0	0	0	0	0	
45	1	0	1	0	1	0	1	0	1	0	0	0	0	0	0	
46	0	0	0	0	1	0	0	0	0	0	0	0	0	0	0	
47	1	0	0	0	0	0	0	0	0	0	0	0	0	0	0	
48	1	1	0	1	0	1	1	1	1	0	0	0	0	0	0	
49	0	0	0	0	0	0	0	1	0	0	0	0	0	0	0	
50	0	1	0	0	0	1	0	1	0	0	0	0	0	0	0	
51	0	0	0	0	1	0	0	0	0	0	0	0	0	0	0	
52	1	0	1	0	1	0	1	0	1	0	0	0	0	0	0	
53	1	1	1	1	0	1	1	1	1	0	0	0	0	0	0	
54	1	1	1	1	0	1	1	0	1	0	0	0	0	0	0	
55	1	0	1	0	1	0	1	0	1	0	0	0	0	0	0	
56	1	1	1	1	0	1	1	0	1	0	0	0	0	0	0	
57	0	0	1	0	0	0	0	0	0	0	0	0	0	0	0	
58	0	0	0	0	1	0	0	0	0	0	0	0	0	0	0	
59	0	0	1	0	0	0	0	0	0	0	0	0	0	0	0	
60	0	1	0	0	0	0	0	0	0	0	0	0	0	0	0	
61	0	0	0	0	0	0	0	1	0	0	0	0	0	0	0	
62	0	0	1	0	0	0	1	0	1	0	0	0	0	0	0	
63	0	0	0	0	0	0	0	1	0	0	0	0	0	0	0	
;
param p:=
1	3
2	3
3	3
4	3
5	3
6	3
7	3
8	3
9	3
;
param G:=
64	71
65	93
66	87
67	72
68	86
69	80
70	87
71	74
72	100
73	95
74	79
75	83
76	96
77	87
78	72
;
param s:=
0	0
1	15
2	15
3	15
4	15
5	15
6	15
7	15
8	15
9	15
10	15
11	15
12	15
13	15
14	15
15	15
16	15
17	15
18	15
19	15
20	15
21	15
43	15
44	15
45	15
46	15
47	15
48	15
49	15
50	15
51	15
52	15
53	15
54	15
55	15
56	15
57	15
58	15
59	15
60	15
61	15
62	15
63	15
64	10
65	10
66	10
67	10
68	10
69	10
70	10
71	10
72	10
73	10
74	10
75	10
76	10
77	10
78	10
;
param t:
	0	1	2	3	4	5	6	7	8	9	10	11	12	13	14	15	16	17	18	19	20	21	22	23	24	25	26	27	28	29	30	31	32	33	34	35	36	37	38	39	40	41	42	43	44	45	46	47	48	49	50	51	52	53	54	55	56	57	58	59	60	61	62	63	64	65	66	67	68	69	70	71	72	73	74	75	76	77	78:=
0	0.0	43.86	69.43	21.63	69.34	22.8	79.12	61.61	22.63	38.0	63.81	31.62	33.53	78.0	87.36	50.99	45.65	76.0	88.02	70.68	49.19	48.7	68.12	76.24	75.29	61.74	35.38	50.16	46.69	95.27	62.8	58.14	86.28	67.94	47.54	29.73	86.28	42.38	88.57	91.76	49.52	75.29	88.57	62.48	96.0	48.37	5.66	108.76	50.16	12.81	34.99	75.15	59.67	50.64	59.23	57.69	60.53	99.54	99.54	87.82	77.67	31.24	74.67	27.78	21.38	93.01	63.63	74.22	58.52	31.4	47.41	50.22	68.0	55.0	56.08	46.27	59.06	33.73	59.03
1	43.86	0.0	26.08	22.8	27.2	21.26	47.07	34.99	50.0	32.98	22.36	14.56	22.09	42.05	54.59	29.73	14.14	56.04	65.3	70.71	55.79	22.63	47.2	52.84	68.41	24.33	8.94	31.62	28.84	52.15	36.06	62.03	42.52	24.41	46.82	22.09	42.43	17.89	50.36	82.02	5.66	43.17	71.61	18.87	73.35	14.42	38.21	67.23	34.41	44.72	50.0	74.43	16.12	31.24	34.41	18.0	38.42	62.29	62.29	47.54	66.48	56.89	40.45	58.24	59.03	50.54	23.09	65.3	25.08	51.24	15.62	47.01	30.0	40.61	13.6	40.31	22.36	39.12	23.77
2	69.43	26.08	0.0	48.83	18.44	47.2	33.94	32.98	71.69	48.08	19.7	38.21	41.18	25.61	38.83	36.06	26.83	51.88	56.85	76.94	68.47	30.59	44.94	46.65	70.88	27.86	34.06	48.17	38.47	26.08	44.94	72.0	17.2	2.0	58.31	43.27	17.89	38.47	29.12	80.5	20.59	31.24	66.57	12.17	63.66	24.17	63.78	41.76	42.05	68.41	67.68	79.62	14.0	38.05	34.53	14.56	38.83	40.79	40.79	24.08	66.48	76.97	26.91	79.65	82.42	24.7	21.93	67.05	33.24	70.38	26.0	57.08	16.12	46.1	13.45	51.35	18.0	56.3	20.02
3	21.63	22.8	48.83	0.0	47.71	2.0	64.12	48.17	34.23	31.62	42.19	14.0	21.54	61.19	72.25	38.83	28.28	66.48	77.67	70.77	51.22	34.06	57.72	65.12	72.11	40.5	15.23	32.98	35.44	74.89	44.05	59.46	65.3	47.2	45.34	17.89	65.12	22.09	70.88	87.82	28.43	60.13	80.99	41.04	85.91	30.59	16.12	89.44	40.5	26.08	40.25	75.07	38.21	39.29	46.39	38.63	49.03	82.46	82.46	69.08	72.47	42.76	58.55	42.05	39.81	73.06	42.06	69.97	37.85	39.22	30.27	47.01	50.0	46.62	35.85	41.05	41.23	32.65	41.77
4	69.34	27.2	18.44	47.71	0.0	46.65	52.35	49.19	77.2	58.0	5.66	41.76	48.37	44.05	57.2	49.48	36.06	69.34	75.07	91.76	80.22	42.76	61.77	64.4	86.93	12.17	36.06	34.93	50.64	36.06	28.28	85.16	24.08	16.97	70.46	49.03	22.36	30.0	46.52	97.75	22.36	49.52	84.4	10.2	82.02	34.23	63.81	54.0	55.32	71.69	76.42	94.87	12.0	51.42	50.16	27.86	54.63	57.58	57.58	40.5	83.19	83.95	45.25	85.44	86.01	37.12	6.71	83.26	18.25	78.09	36.22	69.87	34.06	60.44	22.56	63.51	33.11	65.19	35.34
5	22.8	21.26	47.2	2.0	46.65	0.0	62.13	46.17	34.06	30.0	41.18	12.0	19.7	59.23	70.26	36.88	26.31	64.56	75.71	69.31	50.0	32.06	55.79	63.15	70.46	39.85	13.42	33.53	33.53	73.24	44.18	58.14	63.78	45.61	43.86	16.12	63.66	22.0	68.96	86.09	26.91	58.14	79.12	39.7	83.95	28.64	17.2	87.66	38.63	26.31	39.4	73.59	36.88	37.36	44.41	36.77	47.07	80.52	80.52	67.23	70.71	42.43	56.57	42.0	40.26	71.34	41.15	68.26	37.48	38.6	28.28	45.45	48.08	44.78	34.13	39.41	39.29	31.4	39.81
6	79.12	47.07	33.94	64.12	52.35	62.13	0.0	17.89	71.02	43.91	52.8	50.16	45.61	8.94	8.25	28.64	36.0	22.0	23.32	53.37	54.41	30.59	19.7	16.0	44.18	60.46	50.04	77.25	33.11	38.05	77.18	53.67	40.5	35.38	45.34	49.48	43.08	64.56	16.49	49.48	44.27	4.0	34.18	44.41	29.73	34.06	74.22	39.4	31.62	72.5	60.96	54.59	44.94	29.53	20.59	29.73	21.26	22.63	22.63	22.0	38.0	72.47	7.21	77.2	83.86	33.02	55.0	40.2	65.0	65.44	34.0	42.64	18.87	30.41	35.85	40.36	24.74	51.87	23.35
7	61.61	34.99	32.98	48.17	49.19	46.17	17.89	0.0	53.25	26.08	47.71	34.23	28.28	20.0	26.0	10.77	21.54	21.26	30.46	44.18	39.4	14.14	12.81	17.89	37.95	54.04	35.44	66.57	15.23	48.08	69.31	40.79	46.04	33.53	29.53	32.25	48.0	52.84	31.24	48.83	34.06	14.42	36.88	39.45	38.63	20.59	56.89	54.41	14.14	54.63	43.86	46.69	38.83	11.66	2.83	21.63	6.0	40.0	40.0	34.0	34.0	55.17	15.62	59.67	66.04	43.66	49.65	34.18	57.28	48.1	19.7	27.31	18.0	14.87	27.8	23.6	16.12	34.21	13.89
8	22.63	50.0	71.69	34.23	77.2	34.06	71.02	53.25	0.0	27.2	72.28	35.44	30.53	72.47	78.89	42.8	44.94	62.1	74.22	50.0	28.64	43.86	55.71	63.91	56.32	72.69	41.23	67.08	38.42	95.6	78.23	37.36	88.84	70.71	30.27	28.64	89.55	56.04	83.74	72.69	55.03	67.68	72.25	68.35	81.58	47.71	23.32	106.08	39.45	10.0	14.14	54.41	65.79	41.62	50.48	57.69	50.12	93.23	93.23	84.85	60.0	8.94	68.41	8.25	13.0	92.31	72.78	56.04	71.11	9.49	46.04	33.38	65.12	42.15	58.59	31.95	56.85	19.24	55.97
9	38.0	32.98	48.08	31.62	58.0	30.0	43.91	26.08	27.2	0.0	54.15	21.63	11.66	45.34	51.88	15.62	22.09	38.0	50.04	39.7	22.8	17.89	30.27	38.47	40.5	57.27	26.83	60.46	11.31	69.97	68.03	29.53	64.62	47.54	14.42	14.14	65.79	46.65	56.64	56.36	36.22	40.5	50.99	48.04	58.0	24.33	34.23	79.25	12.65	29.12	19.7	43.86	46.0	14.42	23.32	33.53	23.41	66.03	66.03	58.14	41.23	30.0	41.23	33.94	39.96	66.29	55.33	38.47	57.87	23.02	22.36	15.56	38.83	17.0	36.35	9.43	31.3	8.6	30.02
10	63.81	22.36	19.7	42.19	5.66	41.18	52.8	47.71	72.28	54.15	0.0	36.88	44.05	44.94	58.31	46.82	32.56	68.41	74.97	89.2	76.66	39.85	60.46	63.78	84.97	8.25	31.05	30.27	47.54	40.45	25.3	82.0	28.64	17.89	67.08	44.41	27.2	24.41	48.7	96.52	18.0	49.68	83.74	8.49	82.22	31.05	58.31	58.14	52.5	66.48	72.11	92.48	8.94	48.7	48.37	26.08	52.84	60.17	60.17	43.17	81.63	79.25	45.61	80.52	80.78	41.01	2.24	81.41	14.04	73.55	32.98	66.71	34.06	57.94	20.12	60.21	31.62	61.01	33.84
11	31.62	14.56	38.21	14.0	41.76	12.0	50.16	34.23	35.44	21.63	36.88	0.0	10.0	47.54	58.31	25.3	14.56	53.14	64.03	61.22	43.86	20.1	44.27	51.42	60.96	38.0	6.0	38.83	22.36	63.78	46.82	51.11	55.32	36.88	36.06	8.25	55.61	25.06	57.58	76.03	19.7	46.17	68.03	33.11	72.28	17.09	26.08	77.18	27.78	30.53	36.22	65.3	30.46	26.0	32.56	26.08	35.44	68.96	68.96	56.36	60.46	42.43	44.72	43.68	44.78	61.4	37.48	58.41	37.48	37.01	16.49	37.01	36.77	34.13	24.76	30.48	27.86	25.96	28.16
12	33.53	22.09	41.18	21.54	48.37	19.7	45.61	28.28	30.53	11.66	44.05	10.0	0.0	44.72	53.85	18.0	14.42	45.12	56.57	51.22	34.18	15.23	36.5	44.18	51.22	46.39	15.23	48.83	14.14	65.3	56.46	41.18	58.31	40.25	26.08	4.0	59.06	34.99	55.57	66.57	26.08	41.76	59.46	38.83	64.78	17.2	28.64	76.84	18.97	28.43	28.07	55.32	36.5	18.11	26.08	27.2	28.07	66.21	66.21	55.61	51.11	36.06	41.23	38.47	41.77	62.24	45.0	48.83	46.57	29.83	15.62	27.02	35.61	25.08	28.23	20.52	26.91	17.03	26.4
13	78.0	42.05	25.61	61.19	44.05	59.23	8.94	20.0	72.47	45.34	44.94	47.54	44.72	0.0	13.42	29.73	32.98	30.27	32.25	60.53	59.06	29.53	26.31	24.33	52.0	52.84	46.39	70.88	34.06	30.07	69.77	59.46	31.62	27.2	49.4	48.33	34.18	58.86	11.31	58.24	38.47	8.0	43.08	36.72	38.42	30.59	72.8	34.41	34.06	72.72	63.78	62.13	37.58	31.11	22.8	24.08	25.06	21.54	21.54	14.56	46.17	74.97	4.47	79.25	85.0	25.18	47.17	48.0	57.7	67.9	31.05	47.01	12.17	34.48	29.61	43.6	20.1	53.76	19.42
14	87.36	54.59	38.83	72.25	57.2	70.26	8.25	26.0	78.89	51.88	58.31	58.31	53.85	13.42	0.0	36.77	44.05	25.3	22.36	57.58	60.96	38.83	25.61	19.7	47.54	66.24	58.0	84.12	41.23	37.36	83.19	59.36	42.19	40.5	52.35	57.72	44.94	71.81	14.56	50.16	51.42	12.17	34.23	50.12	26.83	42.0	82.46	34.93	39.45	80.62	68.41	58.24	50.99	37.58	28.64	36.88	28.84	16.12	16.12	21.54	40.79	80.0	14.14	84.88	91.79	32.28	60.54	43.68	71.11	73.01	42.05	49.5	25.3	37.64	42.72	47.8	32.25	59.68	31.06
15	50.99	29.73	36.06	38.83	49.48	36.88	28.64	10.77	42.8	15.62	46.82	25.3	18.0	29.73	36.77	0.0	15.62	27.86	38.83	42.38	32.56	7.21	18.97	26.31	38.83	51.88	27.78	60.96	4.47	55.46	65.6	36.06	51.42	36.0	22.36	22.0	52.95	46.86	41.04	52.35	30.53	25.06	42.94	39.29	47.07	16.12	46.39	63.78	6.0	43.86	34.41	45.69	37.95	2.0	8.25	22.09	10.2	50.48	50.48	42.8	36.77	45.34	25.61	49.52	55.47	51.48	48.47	35.61	54.08	38.29	14.42	21.02	24.17	11.18	26.93	15.52	18.11	24.04	16.28
16	45.65	14.14	26.83	28.28	36.06	26.31	36.0	21.54	44.94	22.09	32.56	14.56	14.42	32.98	44.05	15.62	0.0	42.19	52.0	57.27	44.18	8.49	33.29	39.4	54.41	36.77	14.14	45.61	15.23	50.99	50.0	49.48	43.91	26.0	34.53	16.97	44.72	31.62	43.08	67.88	15.23	32.0	57.69	26.0	60.17	2.83	40.25	63.25	20.59	42.43	41.23	60.83	24.08	17.2	20.59	12.81	24.41	54.41	54.41	42.19	52.35	50.16	30.27	52.84	56.08	48.1	33.96	51.22	38.59	43.66	2.0	34.21	22.36	26.63	14.32	27.66	13.42	29.83	13.6
17	76.0	56.04	51.88	66.48	69.34	64.56	22.0	21.26	62.1	38.0	68.41	53.14	45.12	30.27	25.3	27.86	42.19	0.0	12.17	32.31	38.83	34.0	8.94	6.0	22.36	75.07	55.46	87.66	31.05	60.03	90.55	35.38	61.61	52.84	32.31	49.03	64.03	73.78	38.21	28.64	55.32	22.36	15.62	60.0	20.0	41.62	72.11	60.17	26.31	66.48	49.4	32.98	59.67	27.2	21.63	42.52	17.89	41.23	41.23	44.0	16.0	60.93	26.68	66.48	75.0	55.01	70.43	18.44	78.49	54.42	40.5	29.15	35.78	21.0	48.84	30.41	36.88	43.57	34.71
18	88.02	65.3	56.85	77.67	75.07	75.71	23.32	30.46	74.22	50.04	74.97	64.03	56.57	32.25	22.36	38.83	52.0	12.17	0.0	40.0	50.12	44.27	20.1	12.65	28.84	82.22	65.79	96.75	42.43	59.67	98.41	45.61	63.56	58.14	44.27	60.53	66.21	83.19	36.88	28.0	63.81	25.61	12.0	66.48	8.25	50.99	84.02	56.14	38.05	78.64	61.35	39.45	66.6	38.47	31.62	50.0	28.64	36.22	36.22	43.68	21.63	72.8	30.0	78.43	87.09	54.57	77.1	25.61	86.21	66.41	50.16	41.11	41.04	33.06	56.4	42.58	44.41	55.73	42.44
19	70.68	70.71	76.94	70.77	91.76	69.31	53.37	44.18	50.0	39.7	89.2	61.22	51.22	60.53	57.58	42.38	57.27	32.31	40.0	0.0	21.54	49.4	34.23	37.95	11.31	94.02	66.03	100.0	42.05	90.55	106.68	12.65	90.02	77.28	25.46	53.81	92.09	86.02	69.86	24.33	72.5	52.61	31.24	81.61	43.86	58.31	68.96	92.35	36.77	58.31	36.06	4.47	80.32	40.5	42.43	64.03	38.21	73.54	73.54	74.97	18.44	44.41	56.32	50.36	60.67	85.71	90.82	14.42	95.71	40.52	56.46	24.21	62.13	31.32	69.26	30.81	59.23	38.6	57.07
20	49.19	55.79	68.47	51.22	80.22	50.0	54.41	39.4	28.64	22.8	76.66	43.86	34.18	59.06	60.96	32.56	44.18	38.83	50.12	21.54	0.0	38.05	35.38	42.52	28.0	80.05	49.4	82.37	30.07	87.32	90.62	8.94	83.95	68.26	10.2	35.78	85.51	68.88	69.97	44.18	58.86	52.15	45.61	70.11	56.46	46.04	47.71	93.3	26.68	36.77	14.56	26.0	68.26	30.59	36.77	54.15	34.0	76.84	76.84	73.35	32.56	24.08	54.59	30.07	40.01	83.01	77.93	28.28	80.65	19.24	44.05	12.08	56.32	24.6	58.01	17.12	50.64	18.6	48.84
21	48.7	22.63	30.59	34.06	42.76	32.06	30.59	14.14	43.86	17.89	39.85	20.1	15.23	29.53	38.83	7.21	8.49	34.0	44.27	49.4	38.05	0.0	25.06	31.62	46.04	44.72	21.54	54.04	8.0	52.15	58.41	42.43	46.82	30.27	28.0	18.97	48.08	40.0	40.5	59.4	23.32	26.68	49.4	32.56	52.5	8.94	43.68	62.29	12.65	43.27	37.58	52.8	31.05	8.94	12.65	16.12	16.12	50.99	50.99	41.04	43.86	47.71	26.0	51.22	55.97	48.6	41.44	42.8	46.87	40.82	7.21	27.17	21.26	18.36	20.22	21.0	13.42	26.42	12.21
22	68.12	47.2	44.94	57.72	61.77	55.79	19.7	12.81	55.71	30.27	60.46	44.27	36.5	26.31	25.61	18.97	33.29	8.94	20.1	34.23	35.38	25.06	0.0	8.25	26.31	66.84	46.52	78.82	22.36	56.32	82.02	34.0	56.32	45.69	27.2	40.45	58.55	64.9	36.06	36.06	46.69	18.44	24.41	52.15	28.28	32.8	64.0	59.09	18.0	59.23	43.91	36.0	51.61	18.44	12.81	34.41	8.94	41.62	41.62	40.79	21.54	55.57	22.09	60.83	68.71	51.48	62.43	22.36	70.04	48.76	31.62	24.21	29.12	13.6	40.61	23.77	28.84	36.69	26.63
23	76.24	52.84	46.65	65.12	64.4	63.15	16.0	17.89	63.91	38.47	63.78	51.42	44.18	24.33	19.7	26.31	39.4	6.0	12.65	37.95	42.52	31.62	8.25	0.0	28.28	70.71	53.14	84.38	30.07	54.04	86.56	40.0	55.79	47.71	34.99	48.17	58.24	70.71	32.25	34.18	51.61	16.49	20.0	55.32	20.88	38.47	72.03	54.41	26.08	67.47	51.88	38.83	55.17	26.08	18.97	38.21	16.12	35.78	35.78	38.0	22.0	63.53	20.88	68.88	76.9	49.01	65.86	24.33	74.41	56.8	37.58	31.91	30.53	21.84	44.6	31.95	32.56	44.92	30.48
24	75.29	68.41	70.88	72.11	86.93	70.46	44.18	37.95	56.32	40.5	84.97	60.96	51.22	52.0	47.54	38.83	54.41	22.36	28.84	11.31	28.0	46.04	26.31	28.28	0.0	90.55	65.05	99.04	39.7	82.02	104.4	20.4	82.61	71.47	27.86	54.41	84.85	84.9	60.53	16.49	69.34	44.0	20.0	76.97	32.56	54.92	72.8	82.46	34.06	63.56	42.19	10.77	76.03	37.2	36.77	59.09	32.31	63.25	63.25	66.12	7.21	52.04	48.04	58.03	68.01	77.06	86.77	4.0	92.91	47.1	53.25	25.5	55.32	27.8	64.85	31.06	53.85	41.79	51.62
25	61.74	24.33	27.86	40.5	12.17	39.85	60.46	54.04	72.69	57.27	8.25	38.0	46.39	52.84	66.24	51.88	36.77	75.07	82.22	94.02	80.05	44.72	66.84	70.71	90.55	0.0	32.0	22.8	52.0	48.17	17.09	86.02	36.22	26.0	70.88	46.04	34.53	20.0	56.92	102.8	21.54	57.2	90.55	16.12	89.64	35.78	56.46	66.03	57.27	65.97	74.11	97.51	15.62	53.67	54.41	32.56	58.82	68.41	68.41	51.42	87.66	80.22	53.25	80.89	80.08	49.01	6.08	87.13	6.08	75.01	37.58	70.84	41.62	63.06	26.25	64.2	38.21	63.39	40.36
26	35.38	8.94	34.06	15.23	36.06	13.42	50.04	35.44	41.23	26.83	31.05	6.0	15.23	46.39	58.0	27.78	14.14	55.46	65.79	66.03	49.4	21.54	46.52	53.14	65.05	32.0	0.0	34.06	25.61	60.0	41.23	56.36	50.91	32.56	41.18	14.14	50.99	20.0	55.79	79.65	14.42	46.04	70.71	27.78	74.0	16.0	29.73	74.24	31.24	35.78	42.19	70.0	25.06	28.84	34.18	23.41	37.58	67.47	67.47	53.85	64.03	48.37	44.05	49.48	50.09	57.98	31.58	62.29	31.58	43.01	16.12	41.88	34.93	37.64	20.81	35.23	26.31	31.78	27.07
27	50.16	31.62	48.17	32.98	34.93	33.53	77.25	66.57	67.08	60.46	30.27	38.83	48.83	70.88	84.12	60.96	45.61	87.66	96.75	100.0	82.37	54.04	78.82	84.38	99.04	22.8	34.06	0.0	59.4	70.71	13.42	89.89	58.86	46.17	74.89	46.65	57.27	14.14	76.94	113.28	33.11	73.54	103.23	36.06	104.71	46.04	46.0	88.36	65.05	58.31	72.8	104.02	34.23	62.29	66.03	47.54	70.0	88.81	88.81	72.25	97.67	75.71	70.23	74.67	71.0	71.18	28.44	96.17	16.76	72.12	47.2	75.8	58.82	71.42	41.44	69.2	52.8	63.95	54.56
28	46.69	28.84	38.47	35.44	50.64	33.53	33.11	15.23	38.42	11.31	47.54	22.36	14.14	34.06	41.23	4.47	15.23	31.05	42.43	42.05	30.07	8.0	22.36	30.07	39.7	52.0	25.61	59.4	0.0	59.06	64.9	34.53	54.41	38.21	20.0	18.11	55.79	45.25	45.34	54.04	30.46	29.53	45.69	40.45	50.64	16.49	42.19	67.94	5.66	39.4	30.53	45.65	38.83	4.0	12.65	24.08	14.0	54.92	54.92	46.86	38.42	41.23	30.0	45.25	51.04	55.23	49.04	36.77	53.71	34.21	14.56	19.24	27.78	12.04	28.16	13.0	20.88	19.85	19.31
29	95.27	52.15	26.08	74.89	36.06	73.24	38.05	48.08	95.6	69.97	40.45	63.78	65.3	30.07	37.36	55.46	50.99	60.03	59.67	90.55	87.32	52.15	56.32	54.04	82.02	48.17	60.0	70.71	59.06	0.0	64.03	88.77	12.0	27.78	77.25	67.94	14.14	63.25	22.8	87.13	46.65	38.05	71.39	36.06	63.91	48.17	89.64	18.11	60.93	93.38	89.55	92.2	38.63	57.27	50.6	38.21	53.85	28.43	28.43	16.12	76.03	99.86	34.23	103.23	107.06	5.1	42.3	78.03	54.23	92.96	49.68	75.27	31.3	62.94	39.2	70.77	38.83	78.55	39.96
30	62.8	36.06	44.94	44.05	28.28	44.18	77.18	69.31	78.23	68.03	25.3	46.82	56.46	69.77	83.19	65.6	50.0	90.55	98.41	106.68	90.62	58.41	82.02	86.56	104.4	17.09	41.23	13.42	64.9	64.03	0.0	97.51	52.04	43.08	82.29	55.03	50.0	22.36	74.0	117.59	35.38	73.78	106.15	33.11	106.02	49.68	58.31	82.1	70.46	70.0	82.46	110.45	32.25	67.2	69.31	48.41	73.59	85.44	85.44	68.41	102.18	86.58	69.97	86.09	83.22	65.38	23.09	101.21	12.21	82.38	51.22	82.76	58.31	76.61	42.01	76.06	54.04	72.73	56.08
31	58.14	62.03	72.0	59.46	85.16	58.14	53.67	40.79	37.36	29.53	82.0	51.11	41.18	59.46	59.36	36.06	49.48	35.38	45.61	12.65	8.94	42.43	34.0	40.0	20.4	86.02	56.36	89.89	34.53	88.77	97.51	0.0	86.58	72.03	15.23	43.27	88.36	76.16	69.86	36.0	64.56	52.0	39.4	74.97	51.11	50.99	56.6	93.04	30.07	45.69	23.41	17.09	73.35	34.06	38.47	58.14	34.93	75.47	75.47	74.0	26.0	32.06	55.03	38.05	48.26	84.2	83.43	21.54	87.09	27.89	49.03	15.3	58.55	26.17	62.65	21.84	54.0	26.87	52.01
32	86.28	42.52	17.2	65.3	24.08	63.78	40.5	46.04	88.84	64.62	28.64	55.32	58.31	31.62	42.19	51.42	43.91	61.61	63.56	90.02	83.95	46.82	56.32	55.79	82.61	36.22	50.91	58.86	54.41	12.0	52.04	86.58	0.0	18.44	73.76	60.46	2.83	52.0	28.43	89.84	36.88	39.29	74.67	25.06	68.96	41.18	80.62	30.07	57.27	85.6	84.31	92.2	27.78	53.37	48.17	31.3	52.04	37.2	37.2	21.26	77.28	93.91	34.93	96.75	99.62	13.93	30.41	78.64	42.3	87.24	42.94	72.18	28.07	60.41	30.61	66.94	33.53	73.01	35.17
33	67.94	24.41	2.0	47.2	16.97	45.61	35.38	33.53	70.71	47.54	17.89	36.88	40.25	27.2	40.5	36.0	26.0	52.84	58.14	77.28	68.26	30.27	45.69	47.71	71.47	26.0	32.56	46.17	38.21	27.78	43.08	72.03	18.44	0.0	58.14	42.19	18.87	36.5	31.05	81.41	18.87	32.56	67.68	10.2	65.05	23.41	62.29	43.68	42.0	67.2	67.05	80.05	12.0	38.0	34.93	14.14	39.29	42.76	42.76	26.08	67.23	76.16	28.28	78.71	81.27	26.57	20.12	67.68	31.32	69.64	25.3	57.01	17.2	46.27	12.21	51.16	18.11	55.66	20.22
34	47.54	46.82	58.31	45.34	70.46	43.86	45.34	29.53	30.27	14.42	67.08	36.06	26.08	49.4	52.35	22.36	34.53	32.31	44.27	25.46	10.2	28.0	27.2	34.99	27.86	70.88	41.18	74.89	20.0	77.25	82.29	15.23	73.76	58.14	0.0	28.43	75.31	61.06	60.46	44.27	49.48	42.8	42.05	60.3	51.42	36.22	44.94	83.76	16.49	36.22	17.09	29.73	58.55	20.4	26.83	44.05	24.41	67.94	67.94	63.53	30.27	28.64	44.94	34.18	42.95	73.01	68.45	26.68	71.87	22.14	34.23	3.16	46.17	15.0	48.09	7.0	40.45	13.93	38.64
35	29.73	22.09	43.27	17.89	49.03	16.12	49.48	32.25	28.64	14.14	44.41	8.25	4.0	48.33	57.72	22.0	16.97	49.03	60.53	53.81	35.78	18.97	40.45	48.17	54.41	46.04	14.14	46.65	18.11	67.94	55.03	43.27	60.46	42.19	28.43	0.0	61.06	33.11	59.06	69.97	26.68	45.61	63.25	39.85	68.73	19.8	24.74	80.0	22.8	25.46	28.07	58.0	37.36	22.09	30.07	29.73	32.06	69.86	69.86	58.82	54.59	34.93	44.94	36.77	39.2	65.07	45.18	52.15	45.71	29.15	18.44	29.7	38.83	28.79	30.02	23.43	30.0	17.72	29.68
36	86.28	42.43	17.89	65.12	22.36	63.66	43.08	48.0	89.55	65.79	27.2	55.61	59.06	34.18	44.94	52.95	44.72	64.03	66.21	92.09	85.51	48.08	58.55	58.24	84.85	34.53	50.99	57.27	55.79	14.14	50.0	88.36	2.83	18.87	75.31	61.06	0.0	50.99	31.24	92.35	36.77	41.76	77.25	24.41	71.69	42.05	80.62	32.25	58.86	86.02	85.44	94.34	27.2	54.92	50.04	32.31	54.0	40.0	40.0	24.08	79.62	94.85	37.36	97.53	100.12	16.55	28.86	80.89	40.61	88.24	43.86	73.82	30.0	62.2	31.06	68.45	34.93	74.09	36.67
37	42.38	17.89	38.47	22.09	30.0	22.0	64.56	52.84	56.04	46.65	24.41	25.06	34.99	58.86	71.81	46.86	31.62	73.78	83.19	86.02	68.88	40.0	64.9	70.71	84.9	20.0	20.0	14.14	45.25	63.25	22.36	76.16	52.0	36.5	61.06	33.11	50.99	0.0	66.03	99.16	20.4	60.73	89.31	27.2	91.24	32.25	37.36	80.05	50.91	48.17	60.17	90.0	24.74	48.17	52.15	34.93	56.04	78.03	78.03	62.13	83.55	64.28	57.72	64.0	61.81	62.82	23.43	82.02	16.16	60.02	33.29	61.85	46.69	57.28	29.27	55.22	39.85	50.7	41.44
38	88.57	50.36	29.12	70.88	46.52	68.96	16.49	31.24	83.74	56.64	48.7	57.58	55.57	11.31	14.56	41.04	43.08	38.21	36.88	69.86	69.97	40.5	36.06	32.25	60.53	56.92	55.79	76.94	45.34	22.8	74.0	69.86	28.43	31.05	60.46	59.06	31.24	66.03	0.0	64.5	46.04	17.89	48.66	41.23	41.23	40.5	83.26	23.32	45.34	83.76	75.07	71.02	42.76	42.43	34.06	32.56	36.06	12.0	12.0	7.21	54.15	86.28	15.62	90.55	96.21	17.72	50.92	56.57	62.36	79.21	41.23	57.98	20.88	45.49	37.05	54.82	29.73	65.07	29.55
39	91.76	82.02	80.5	87.82	97.75	86.09	49.48	48.83	72.69	56.36	96.52	76.03	66.57	58.24	50.16	52.35	67.88	28.64	28.0	24.33	44.18	59.4	36.06	34.18	16.49	102.8	79.65	113.28	54.04	87.13	117.59	36.0	89.84	81.41	44.27	69.97	92.35	99.16	64.5	0.0	82.22	50.6	16.0	88.2	27.2	67.94	89.2	84.1	48.41	80.05	58.55	20.88	87.66	50.99	48.41	70.46	44.05	64.12	64.12	71.02	15.62	68.03	55.03	74.03	84.15	82.04	98.47	17.89	105.76	63.39	66.48	41.79	64.4	42.01	76.61	46.96	64.9	58.19	62.68
40	49.52	5.66	20.59	28.43	22.36	26.91	44.27	34.06	55.03	36.22	18.0	19.7	26.08	38.47	51.42	30.53	15.23	55.32	63.81	72.5	58.86	23.32	46.69	51.61	69.34	21.54	14.42	33.11	30.46	46.65	35.38	64.56	36.88	18.87	49.48	26.68	36.77	20.4	46.04	82.22	0.0	40.5	70.94	13.42	71.69	14.42	43.86	62.03	35.78	50.12	54.15	76.03	10.77	32.25	33.94	14.56	38.21	58.03	58.03	42.76	66.84	61.61	37.36	63.25	64.41	45.19	19.1	66.03	23.6	55.73	16.12	49.34	26.31	41.68	9.0	42.72	19.7	43.01	21.47
41	75.29	43.17	31.24	60.13	49.52	58.14	4.0	14.42	67.68	40.5	49.68	46.17	41.76	8.0	12.17	25.06	32.0	22.36	25.61	52.61	52.15	26.68	18.44	16.49	44.0	57.2	46.04	73.54	29.53	38.05	73.78	52.0	39.29	32.56	42.8	45.61	41.76	60.73	17.89	50.6	40.5	0.0	35.78	41.23	32.56	30.07	70.34	41.18	28.43	68.88	58.0	54.15	41.62	26.08	17.2	26.0	18.44	25.61	25.61	22.36	38.21	69.43	4.47	74.03	80.45	33.14	51.86	40.0	61.59	62.37	30.0	40.22	15.62	27.8	32.2	37.48	20.88	48.6	19.42
42	88.57	71.61	66.57	80.99	84.4	79.12	34.18	36.88	72.25	50.99	83.74	68.03	59.46	43.08	34.23	42.94	57.69	15.62	12.0	31.24	45.61	49.4	24.41	20.0	20.0	90.55	70.71	103.23	45.69	71.39	106.15	39.4	74.67	67.68	42.05	63.25	77.25	89.31	48.66	16.0	70.94	35.78	0.0	75.29	12.81	57.2	85.16	68.12	40.5	78.03	58.55	29.73	75.07	42.05	37.2	58.0	33.29	48.17	48.17	55.32	13.42	69.43	40.25	75.31	84.72	66.29	85.8	17.89	94.07	63.64	56.04	39.01	50.48	34.48	64.35	42.3	52.35	55.08	50.21
43	62.48	18.87	12.17	41.04	10.2	39.7	44.41	39.45	68.35	48.04	8.49	33.11	38.83	36.72	50.12	39.29	26.0	60.0	66.48	81.61	70.11	32.56	52.15	55.32	76.97	16.12	27.78	36.06	40.45	36.06	33.11	74.97	25.06	10.2	60.3	39.85	24.41	27.2	41.23	88.2	13.42	41.23	75.29	0.0	73.76	24.08	56.85	52.95	45.12	63.53	66.75	84.76	2.83	41.23	40.25	17.89	44.72	52.95	52.95	36.22	73.43	74.73	37.2	76.55	77.83	35.69	10.63	73.35	21.19	68.66	26.08	59.68	25.61	50.29	12.37	53.34	23.32	55.44	25.55
44	96.0	73.35	63.66	85.91	82.02	83.95	29.73	38.63	81.58	58.0	82.22	72.28	64.78	38.42	26.83	47.07	60.17	20.0	8.25	43.86	56.46	52.5	28.28	20.88	32.56	89.64	74.0	104.71	50.64	63.91	106.02	51.11	68.96	65.05	51.42	68.73	71.69	91.24	41.23	27.2	71.69	32.56	12.81	73.76	0.0	59.09	92.09	58.14	46.17	86.37	68.41	42.52	74.03	46.69	39.85	57.69	36.88	38.21	38.21	48.33	25.61	79.7	36.77	85.44	94.37	58.87	84.39	30.0	93.81	73.5	58.31	48.27	48.17	41.0	64.07	50.25	52.15	63.39	50.25
45	48.37	14.42	24.17	30.59	34.23	28.64	34.06	20.59	47.71	24.33	31.05	17.09	17.2	30.59	42.0	16.12	2.83	41.62	50.99	58.31	46.04	8.94	32.8	38.47	54.92	35.78	16.0	46.04	16.49	48.17	49.68	50.99	41.18	23.41	36.22	19.8	42.05	32.25	40.5	67.94	14.42	30.07	57.2	24.08	59.09	0.0	42.94	60.46	21.54	45.25	43.68	61.74	22.36	17.89	20.0	10.0	24.08	51.92	51.92	39.45	52.5	52.8	28.07	55.57	58.9	45.28	32.57	51.61	38.01	46.24	2.0	35.69	19.7	27.29	12.04	29.27	10.77	32.28	11.18
46	5.66	38.21	63.78	16.12	63.81	17.2	74.22	56.89	23.32	34.23	58.31	26.08	28.64	72.8	82.46	46.39	40.25	72.11	84.02	68.96	47.71	43.68	64.0	72.03	72.8	56.46	29.73	46.0	42.19	89.64	58.31	56.6	80.62	62.29	44.94	24.74	80.62	37.36	83.26	89.2	43.86	70.34	85.16	56.85	92.09	42.94	0.0	103.25	46.0	13.42	34.06	73.43	54.04	46.17	54.59	52.15	56.14	94.34	94.34	82.37	74.73	32.25	69.57	29.73	25.0	87.42	58.18	71.47	53.45	31.14	42.05	47.43	62.61	51.16	50.45	42.95	53.67	31.02	53.71
47	108.76	67.23	41.76	89.44	54.0	87.66	39.4	54.41	106.08	79.25	58.14	77.18	76.84	34.41	34.93	63.78	63.25	60.17	56.14	92.35	93.3	62.29	59.09	54.41	82.46	66.03	74.24	88.36	67.94	18.11	82.1	93.04	30.07	43.68	83.76	80.0	32.25	80.05	23.32	84.1	62.03	41.18	68.12	52.95	58.14	60.46	103.25	0.0	68.41	105.26	98.08	93.15	55.32	65.3	57.2	51.11	59.36	20.0	20.0	21.26	75.71	109.12	38.83	113.17	118.26	17.26	60.07	78.59	72.06	102.07	61.61	81.3	41.23	68.8	53.71	78.01	50.0	87.78	50.45
48	50.16	34.41	42.05	40.5	55.32	38.63	31.62	14.14	39.45	12.65	52.5	27.78	18.97	34.06	39.45	6.0	20.59	26.31	38.05	36.77	26.68	12.65	18.0	26.08	34.06	57.27	31.24	65.05	5.66	60.93	70.46	30.07	57.27	42.0	16.49	22.8	58.86	50.91	45.34	48.41	35.78	28.43	40.5	45.12	46.17	21.54	46.0	68.41	0.0	41.76	29.73	40.25	43.68	4.0	11.31	28.07	10.77	54.04	54.04	47.71	32.8	41.04	29.73	45.61	52.35	56.8	54.08	31.11	59.17	33.97	19.7	15.03	29.73	6.4	32.76	9.85	24.08	20.25	22.2
49	12.81	44.72	68.41	26.08	71.69	26.31	72.5	54.63	10.0	29.12	66.48	30.53	28.43	72.72	80.62	43.86	42.43	66.48	78.64	58.31	36.77	43.27	59.23	67.47	63.56	65.97	35.78	58.31	39.4	93.38	70.0	45.69	85.6	67.2	36.22	25.46	86.02	48.17	83.76	80.05	50.12	68.88	78.03	63.53	86.37	45.25	13.42	105.26	41.76	0.0	22.36	62.77	60.83	43.08	52.0	55.17	52.5	94.02	94.02	84.02	66.48	18.87	68.96	16.49	14.32	90.52	66.73	62.8	63.79	18.6	43.86	39.12	64.03	45.71	55.0	36.12	55.32	23.02	54.82
50	34.99	50.0	67.68	40.25	76.42	39.4	60.96	43.86	14.14	19.7	72.11	36.22	28.07	63.78	68.41	34.41	41.23	49.4	61.35	36.06	14.56	37.58	43.91	51.88	42.19	74.11	42.19	72.8	30.53	89.55	82.46	23.41	84.31	67.05	17.09	28.07	85.44	60.17	75.07	58.55	54.15	58.0	58.55	66.75	68.41	43.68	34.06	98.08	29.73	22.36	0.0	40.5	64.5	32.8	41.04	53.14	39.7	83.55	83.55	77.2	46.04	11.66	59.46	17.09	26.17	85.76	73.03	42.0	73.68	5.1	41.76	20.25	58.31	30.81	55.54	20.62	50.99	11.4	49.65
51	75.15	74.43	79.62	75.07	94.87	73.59	54.59	46.69	54.41	43.86	92.48	65.3	55.32	62.13	58.24	45.69	60.83	32.98	39.45	4.47	26.0	52.8	36.0	38.83	10.77	97.51	70.0	104.02	45.65	92.2	110.45	17.09	92.2	80.05	29.73	58.0	94.34	90.0	71.02	20.88	76.03	54.15	29.73	84.76	42.52	61.74	73.43	93.15	40.25	62.77	40.5	0.0	83.57	43.86	45.12	67.05	40.79	74.0	74.0	76.42	17.89	48.66	58.03	54.59	64.94	87.28	94.15	14.56	99.36	44.92	59.93	28.32	64.5	34.54	72.45	34.83	62.1	43.01	59.91
52	59.67	16.12	14.0	38.21	12.0	36.88	44.94	38.83	65.79	46.0	8.94	30.46	36.5	37.58	50.99	37.95	24.08	59.67	66.6	80.32	68.26	31.05	51.61	55.17	76.03	15.62	25.06	34.23	38.83	38.63	32.25	73.35	27.78	12.0	58.55	37.36	27.2	24.74	42.76	87.66	10.77	41.62	75.07	2.83	74.03	22.36	54.04	55.32	43.68	60.83	64.5	83.57	0.0	39.85	39.45	17.2	43.91	54.59	54.59	38.05	72.72	72.28	37.74	74.0	75.13	38.08	10.82	72.47	20.12	66.29	24.33	58.05	26.08	49.04	11.18	51.62	22.8	53.24	25.0
53	50.64	31.24	38.05	39.29	51.42	37.36	29.53	11.66	41.62	14.42	48.7	26.0	18.11	31.11	37.58	2.0	17.2	27.2	38.47	40.5	30.59	8.94	18.44	26.08	37.2	53.67	28.84	62.29	4.0	57.27	67.2	34.06	53.37	38.0	20.4	22.09	54.92	48.17	42.43	50.99	32.25	26.08	42.05	41.23	46.69	17.89	46.17	65.3	4.0	43.08	32.8	43.86	39.85	0.0	8.94	24.08	10.0	51.61	51.61	44.41	35.38	43.86	26.91	48.17	54.38	53.24	50.33	34.06	55.76	36.8	16.12	19.03	26.0	9.43	28.86	13.6	20.1	22.67	18.25
54	59.23	34.41	34.53	46.39	50.16	44.41	20.59	2.83	50.48	23.32	48.37	32.56	26.08	22.8	28.64	8.25	20.59	21.63	31.62	42.43	36.77	12.65	12.81	18.97	36.77	54.41	34.18	66.03	12.65	50.6	69.31	38.47	48.17	34.93	26.83	30.07	50.04	52.15	34.06	48.41	33.94	17.2	37.2	40.25	39.85	20.0	54.59	57.2	11.31	52.0	41.04	45.12	39.45	8.94	0.0	22.36	4.47	42.8	42.8	36.72	33.29	52.35	18.44	56.85	63.29	46.24	50.25	33.11	57.38	45.28	18.87	24.7	20.1	12.37	28.3	20.81	17.09	31.4	14.87
55	57.69	18.0	14.56	38.63	27.86	36.77	29.73	21.63	57.69	33.53	26.08	26.08	27.2	24.08	36.88	22.09	12.81	42.52	50.0	64.03	54.15	16.12	34.41	38.21	59.09	32.56	23.41	47.54	24.08	38.21	48.41	58.14	31.3	14.14	44.05	29.73	32.31	34.93	32.56	70.46	14.56	26.0	58.0	17.89	57.69	10.0	52.15	51.11	28.07	55.17	53.14	67.05	17.2	24.08	22.36	0.0	26.83	44.41	44.41	30.46	55.57	62.61	22.8	65.51	68.88	35.47	28.02	55.46	36.24	55.95	11.66	43.01	12.0	32.76	6.4	37.05	5.66	41.79	7.81
56	60.53	38.42	38.83	49.03	54.63	47.07	21.26	6.0	50.12	23.41	52.84	35.44	28.07	25.06	28.84	10.2	24.41	17.89	28.64	38.21	34.0	16.12	8.94	16.12	32.31	58.82	37.58	70.0	14.0	53.85	73.59	34.93	52.04	39.29	24.41	32.06	54.0	56.04	36.06	44.05	38.21	18.44	33.29	44.72	36.88	24.08	56.14	59.36	10.77	52.5	39.7	40.79	43.91	10.0	4.47	26.83	0.0	43.86	43.86	39.4	28.84	51.22	20.59	56.04	63.06	49.34	54.71	28.64	61.72	44.2	22.8	21.95	24.0	9.43	32.76	19.1	21.54	30.89	19.31
57	99.54	62.29	40.79	82.46	57.58	80.52	22.63	40.0	93.23	66.03	60.17	68.96	66.21	21.54	16.12	50.48	54.41	41.23	36.22	73.54	76.84	50.99	41.62	35.78	63.25	68.41	67.47	88.81	54.92	28.43	85.44	75.47	37.2	42.76	67.94	69.86	40.0	78.03	12.0	64.12	58.03	25.61	48.17	52.95	38.21	51.92	94.34	20.0	54.04	94.02	83.55	74.0	54.59	51.61	42.8	44.41	43.86	0.0	0.0	17.09	56.32	95.02	25.06	99.64	105.95	24.04	62.36	59.46	73.98	87.97	52.5	65.19	32.56	53.04	49.04	62.97	41.23	74.2	40.8
