vehicles
vehicle_idx, capacity, cost_per_unit_distance
1,100,1
2,100,1
3,100,1
4,100,1
5,100,1
6,100,1
7,100,1
8,100,1
9,100,1
depot
node_idx,x,y
0,27,93
home delivery customers
node_idx,x,y,service_time,demand
1,1,59,15,11
2,21,53,15,17
3,79,89,15,21
4,7,65,15,19
5,69,69,15,5
6,57,83,15,3
7,3,57,15,5
8,83,69,15,19
9,85,77,15,2
10,19,39,15,17
11,83,87,15,17
12,15,39,15,11
13,83,17,15,2
14,41,97,15,6
15,31,61,15,9
16,59,69,15,5
17,65,57,15,19
18,31,97,15,21
19,21,29,15,18
20,15,77,15,1
21,95,5,15,24
22,55,91,15,18
23,3,31,15,21
24,85,35,15,18
25,89,81,15,22
self pickup customers
node_idx,x,y,service_time,demand,locker_idxs
26,29,39,15,2,64
27,7,81,15,7,63
28,49,9,15,9,62-64
29,45,9,15,6,62
30,95,27,15,18,62
31,81,85,15,20,61
32,37,81,15,13,63-65
33,89,75,15,24,61
34,11,95,15,1,65
35,45,11,15,20,62-64-60
36,35,43,15,24,64
37,29,15,15,9,64-60
38,57,9,15,20,64-62
39,45,17,15,42,62-60-64
40,13,25,15,2,60-64
41,45,47,15,9,64
42,65,93,15,23,61
flexible customers
node_idx,x,y,service_time,demand,locker_idxs
43,33,27,15,16,60-64
44,81,83,15,23,61
45,85,11,15,10,62-64
46,15,95,15,11,65-63
47,33,93,15,2,65-63
48,43,61,15,23,64
49,19,83,15,18,65-63
50,1,13,15,9,60
51,93,83,15,2,61
52,63,97,15,14,61
53,15,69,15,11,63-65
54,85,37,15,21,62
55,53,11,15,48,64-62
56,41,69,15,17,63
57,63,57,15,4,64-61
58,47,7,15,11,60-64-62
59,61,69,15,9,61
lockers
node_idx,x,y,service_time,capacity,cost_per_unit_good
60,8.05,11.900000000000002,30,497,100
61,79.96000000000001,90.10000000000001,30,497,100
62,79.96000000000001,11.900000000000002,30,497,100
63,8.05,90.10000000000001,30,497,100
64,48,22,15,124,100
65,1,86,15,124,100
mrt lines
start_node_idx,end_node_idx,freight_capacity,cost_per_unit_good
60,61,497,5
61,60,497,5
62,63,497,5
63,62,497,5
distance matrix
,0,1,2,3,4,5,6,7,8,9,10,11,12,13,14,15,16,17,18,19,20,21,22,23,24,25,26,27,28,29,30,31,32,33,34,35,36,37,38,39,40,41,42,43,44,45,46,47,48,49,50,51,52,53,54,55,56,57,58,59,60,61,62,63,64,65,
0,0.0,42.8,40.45,52.15,34.41,48.37,31.62,43.27,60.93,60.17,54.59,56.32,55.32,94.4,14.56,32.25,40.0,52.35,5.66,64.28,20.0,111.21,28.07,66.48,82.02,63.15,54.04,23.32,86.83,85.91,94.76,54.59,15.62,64.56,16.12,83.95,50.64,78.03,89.2,78.1,69.43,49.4,38.0,66.27,54.92,100.44,12.17,6.0,35.78,12.81,84.12,66.75,36.22,26.83,80.62,86.02,27.78,50.91,88.29,41.62,83.28,53.04,96.86,19.17,74.04,26.93
1,42.8,0.0,20.88,83.57,8.49,68.73,60.93,2.83,82.61,85.91,26.91,86.65,24.41,92.13,55.17,30.07,58.86,64.03,48.41,36.06,22.8,108.41,62.77,28.07,87.36,90.71,34.41,22.8,69.31,66.6,99.3,84.12,42.19,89.44,37.36,65.12,37.58,52.15,75.07,60.83,36.06,45.61,72.47,45.25,83.52,96.75,38.63,46.69,42.05,30.0,46.0,95.08,72.72,17.2,86.83,70.77,41.23,62.03,69.43,60.83,47.62,84.86,91.94,31.89,59.82,27.0
2,40.45,20.88,0.0,68.26,18.44,50.6,46.86,18.44,64.03,68.35,14.14,70.71,15.23,71.69,48.33,12.81,41.23,44.18,45.12,24.0,24.74,88.2,50.99,28.43,66.48,73.54,16.12,31.3,52.15,50.12,78.43,68.0,32.25,71.47,43.17,48.37,17.2,38.83,56.85,43.27,29.12,24.74,59.46,28.64,67.08,76.55,42.43,41.76,23.41,30.07,44.72,78.0,60.83,17.09,65.97,52.8,25.61,42.19,52.84,43.08,43.09,69.66,71.87,39.3,41.11,38.59
3,52.15,83.57,68.26,0.0,75.89,22.36,22.8,82.46,20.4,13.42,78.1,4.47,81.22,72.11,38.83,55.57,28.28,34.93,48.66,83.45,65.12,85.51,24.08,95.6,54.33,12.81,70.71,72.44,85.44,86.93,64.03,4.47,42.76,17.2,68.26,85.09,63.66,89.31,82.97,79.62,91.93,54.04,14.56,77.2,6.32,78.23,64.28,46.17,45.61,60.3,108.9,15.23,17.89,67.05,52.35,82.22,42.94,35.78,88.02,26.91,104.78,1.46,77.11,70.96,73.82,78.06
4,34.41,8.49,18.44,75.89,0.0,62.13,53.14,8.94,76.11,78.92,28.64,79.12,27.2,89.89,46.69,24.33,52.15,58.55,40.0,38.63,14.42,106.51,54.59,34.23,83.57,83.55,34.06,16.0,70.0,67.68,95.85,76.66,34.0,82.61,30.27,66.03,35.61,54.63,75.07,61.22,40.45,42.05,64.4,46.04,76.16,94.87,31.05,38.21,36.22,21.63,52.35,87.86,64.5,8.94,82.87,70.94,34.23,56.57,70.46,54.15,53.11,77.16,90.24,25.12,59.41,21.84
5,48.37,68.73,50.6,22.36,62.13,0.0,18.44,67.08,14.0,17.89,58.31,22.8,61.77,53.85,39.6,38.83,10.0,12.65,47.2,62.48,54.59,69.08,26.08,76.16,37.58,23.32,50.0,63.15,63.25,64.62,49.4,20.0,34.18,20.88,63.56,62.77,42.8,67.2,61.19,57.27,71.22,32.56,24.33,55.32,18.44,60.17,59.93,43.27,27.2,51.92,88.09,27.78,28.64,54.0,35.78,60.17,28.0,13.42,65.79,8.0,83.52,23.78,58.14,64.5,51.48,70.09
6,31.62,60.93,46.86,22.8,53.14,18.44,0.0,59.93,29.53,28.64,58.14,26.31,60.83,70.94,21.26,34.06,14.14,27.2,29.53,64.9,42.43,86.76,8.25,74.97,55.57,32.06,52.15,50.04,74.43,74.97,67.68,24.08,20.1,32.98,47.54,72.99,45.65,73.54,74.0,67.08,72.8,37.95,12.81,60.93,24.0,77.25,43.68,26.0,26.08,38.0,89.64,36.0,15.23,44.27,53.85,72.11,21.26,26.68,76.66,14.56,86.32,24.03,74.72,49.46,61.66,56.08
7,43.27,2.83,18.44,82.46,8.94,67.08,59.93,0.0,80.89,84.4,24.08,85.44,21.63,89.44,55.17,28.28,57.27,62.0,48.83,33.29,23.32,105.68,62.13,26.0,84.9,89.29,31.62,24.33,66.48,63.78,96.77,82.87,41.62,87.86,38.83,62.29,34.93,49.4,72.25,58.0,33.53,43.17,71.69,42.43,82.22,94.02,39.85,46.86,40.2,30.53,44.05,93.68,72.11,16.97,84.4,67.94,39.85,60.0,66.6,59.23,45.38,83.78,89.2,33.48,57.01,29.07
8,60.93,82.61,64.03,20.4,76.11,14.0,29.53,80.89,0.0,8.25,70.68,18.0,74.32,52.0,50.48,52.61,24.0,21.63,59.06,73.78,68.47,65.12,35.61,88.57,34.06,13.42,61.77,76.94,68.96,71.02,43.68,16.12,47.54,8.49,76.55,69.34,54.59,76.37,65.39,64.4,82.68,43.91,30.0,65.3,14.14,58.03,72.8,55.46,40.79,65.51,99.3,17.2,34.41,68.0,32.06,65.3,42.0,23.32,71.69,22.0,94.22,21.32,57.18,77.86,58.6,83.74
9,60.17,85.91,68.35,13.42,78.92,17.89,28.64,84.4,8.25,0.0,76.16,10.2,79.65,60.03,48.33,56.32,27.2,28.28,57.58,80.0,70.0,72.69,33.11,94.02,42.0,5.66,67.68,78.1,76.94,78.89,50.99,8.94,48.17,4.47,76.16,77.18,60.46,83.55,73.54,72.11,88.81,50.0,25.61,72.14,7.21,66.0,72.28,54.41,44.94,66.27,105.6,10.0,29.73,70.46,40.0,73.35,44.72,29.73,79.65,25.3,100.79,14.04,65.29,78.06,66.29,84.48
10,54.59,26.91,14.14,78.1,28.64,58.31,58.14,24.08,70.68,76.16,0.0,80.0,4.0,67.68,62.03,25.06,50.0,49.4,59.23,10.2,38.21,83.26,63.25,17.89,66.12,81.63,10.0,43.68,42.43,39.7,76.94,77.2,45.69,78.71,56.57,38.21,16.49,26.0,48.41,34.06,15.23,27.2,70.94,18.44,76.03,71.69,56.14,55.79,32.56,44.0,31.62,86.09,72.8,30.27,66.03,44.05,37.2,47.54,42.52,51.61,29.23,79.54,66.71,52.26,33.62,50.33
11,56.32,86.65,70.71,4.47,79.12,22.8,26.31,85.44,18.0,10.2,80.0,0.0,83.23,70.0,43.17,58.14,30.0,34.99,52.95,84.9,68.73,82.87,28.28,97.65,52.04,8.49,72.25,76.24,85.09,86.76,61.19,2.83,46.39,13.42,72.44,84.97,65.12,90.0,82.22,79.65,93.51,55.17,18.97,78.1,4.47,76.03,68.47,50.36,47.71,64.12,110.45,10.77,22.36,70.34,50.04,81.71,45.69,36.06,87.73,28.43,106.1,4.34,75.16,75.01,73.82,82.01
12,55.32,24.41,15.23,81.22,27.2,61.77,60.83,21.63,74.32,79.65,4.0,83.23,0.0,71.47,63.56,27.2,53.25,53.14,60.17,11.66,38.0,86.93,65.6,14.42,70.11,85.09,14.0,42.76,45.34,42.43,80.89,80.45,47.41,82.29,56.14,41.04,20.4,27.78,51.61,37.2,14.14,31.05,73.59,21.63,79.32,75.39,56.0,56.92,35.61,44.18,29.53,89.55,75.29,30.0,70.03,47.2,39.7,51.26,45.25,54.92,27.98,82.65,70.39,51.57,37.12,49.04
13,94.4,92.13,71.69,72.11,89.89,53.85,70.94,89.44,52.0,60.03,67.68,70.0,71.47,0.0,90.35,68.12,57.27,43.86,95.41,63.15,90.69,16.97,79.12,81.22,18.11,64.28,58.31,99.36,34.93,38.83,15.62,68.03,78.82,58.31,106.15,38.47,54.59,54.04,27.2,38.0,70.46,48.41,78.1,50.99,66.03,6.32,103.48,90.97,59.46,91.93,82.1,66.75,82.46,85.6,20.1,30.59,66.84,44.72,37.36,56.46,75.12,73.16,5.94,104.7,35.36,107.17
14,14.56,55.17,48.33,38.83,46.69,39.6,21.26,55.17,50.48,48.33,62.03,43.17,63.56,90.35,0.0,37.36,33.29,46.65,10.0,70.88,32.8,106.68,15.23,76.16,76.03,50.6,59.23,37.58,88.36,88.09,88.41,41.76,16.49,52.8,30.07,86.09,54.33,82.87,89.44,80.1,77.25,50.16,24.33,70.46,42.38,96.6,26.08,8.94,36.06,26.08,93.04,53.85,22.0,38.21,74.4,86.83,28.0,45.65,90.2,34.41,91.26,39.57,93.59,33.66,75.33,41.48
15,32.25,30.07,12.81,55.57,24.33,38.83,34.06,28.28,52.61,56.32,25.06,58.14,27.2,68.12,37.36,0.0,29.12,34.23,36.0,33.53,22.63,85.04,38.42,41.04,59.93,61.35,22.09,31.24,55.03,53.85,72.47,55.46,20.88,59.67,39.45,51.92,18.44,46.04,58.14,46.17,40.25,19.8,46.69,34.06,54.63,73.59,37.58,32.06,12.0,25.06,56.6,65.79,48.17,17.89,59.09,54.63,12.81,32.25,56.32,31.05,54.2,56.96,69.34,37.06,42.54,39.05
16,40.0,58.86,41.23,28.28,52.15,10.0,14.14,57.27,24.0,27.2,50.0,30.0,53.25,57.27,33.29,29.12,0.0,13.42,39.6,55.17,44.72,73.43,22.36,67.68,42.8,32.31,42.43,53.37,60.83,61.61,55.32,27.2,25.06,30.59,54.59,59.67,35.38,61.77,60.03,53.85,63.66,26.08,24.74,49.4,26.08,63.56,51.11,35.38,17.89,42.38,80.62,36.77,28.28,44.0,41.23,58.31,18.0,12.65,63.15,2.0,76.53,29.74,60.83,55.15,48.27,60.44
17,52.35,64.03,44.18,34.93,58.55,12.65,27.2,62.0,21.63,28.28,49.4,34.99,53.14,43.86,46.65,34.23,13.42,0.0,52.5,52.15,53.85,60.03,35.44,67.23,29.73,33.94,40.25,62.77,50.6,52.0,42.43,32.25,36.88,30.0,66.03,50.16,33.11,55.32,48.66,44.72,61.06,22.36,36.0,43.86,30.53,50.16,62.8,48.17,22.36,52.84,77.67,38.21,40.05,51.42,28.28,47.54,26.83,2.0,53.14,12.65,72.65,36.32,47.52,65.87,38.91,70.26
18,5.66,48.41,45.12,48.66,40.0,47.2,29.53,48.83,59.06,57.58,59.23,52.95,60.17,95.41,10.0,36.0,39.6,52.5,0.0,68.73,25.61,112.07,24.74,71.69,82.22,60.17,58.03,28.84,89.82,89.11,94.85,51.42,17.09,62.03,20.1,87.13,54.15,82.02,91.76,81.22,74.22,51.92,34.23,70.03,51.92,101.55,16.12,4.47,37.95,18.44,89.2,63.56,32.0,32.25,80.72,88.77,29.73,51.22,91.41,41.04,88.14,49.44,98.18,23.96,76.9,31.95
19,64.28,36.06,24.0,83.45,38.63,62.48,64.9,33.29,73.78,80.0,10.2,84.9,11.66,63.15,70.88,33.53,55.17,52.15,68.73,0.0,48.37,77.79,70.71,18.11,64.28,85.6,12.81,53.85,34.41,31.24,74.03,82.07,54.41,82.1,66.75,30.0,19.8,16.12,41.18,26.83,8.94,30.0,77.67,12.17,80.72,66.48,66.27,65.12,38.83,54.04,25.61,90.0,79.92,40.45,64.5,36.72,44.72,50.48,34.06,56.57,21.45,84.91,61.39,62.46,27.89,60.41
20,20.0,22.8,24.74,65.12,14.42,54.59,42.43,23.32,68.47,70.0,38.21,68.73,38.0,90.69,32.8,22.63,44.72,53.85,25.61,48.37,0.0,107.63,42.38,47.54,81.63,74.11,40.5,8.94,76.03,74.32,94.34,66.48,22.36,74.03,18.44,72.5,39.45,63.56,79.92,67.08,52.04,42.43,52.5,53.14,66.27,96.21,18.0,24.08,32.25,7.21,65.51,78.23,52.0,8.0,80.62,76.16,27.2,52.0,76.97,46.69,65.47,66.27,91.97,14.83,64.14,16.64
21,111.21,108.41,88.2,85.51,106.51,69.08,86.76,105.68,65.12,72.69,83.26,82.87,86.93,16.97,106.68,85.04,73.43,60.03,112.07,77.79,107.63,0.0,94.85,95.6,31.62,76.24,74.24,116.28,46.17,50.16,22.0,81.22,95.6,70.26,123.11,50.36,71.02,66.75,38.21,51.42,84.4,65.3,92.97,65.79,79.25,11.66,120.42,107.65,76.42,108.9,94.34,78.03,97.41,102.45,33.53,42.43,83.74,61.06,48.04,72.47,87.22,86.42,16.55,121.66,49.98,124.08
22,28.07,62.77,50.99,24.08,54.59,26.08,8.25,62.13,35.61,33.11,63.25,28.28,65.6,79.12,15.23,38.42,22.36,35.44,24.74,70.71,42.38,94.85,0.0,79.4,63.53,35.44,58.14,49.03,82.22,82.61,75.47,26.68,20.59,37.58,44.18,80.62,52.0,80.32,82.02,74.67,78.23,45.12,10.2,67.68,27.2,85.44,40.2,22.09,32.31,36.88,94.87,38.83,10.0,45.65,61.77,80.02,26.08,34.93,84.38,22.8,91.98,24.98,82.94,46.96,69.35,54.23
23,66.48,28.07,28.43,95.6,34.23,76.16,74.97,26.0,88.57,94.02,17.89,97.65,14.42,81.22,76.16,41.04,67.68,67.23,71.69,18.11,47.54,95.6,79.4,0.0,82.1,99.48,27.2,50.16,50.99,47.41,92.09,94.87,60.46,96.6,64.5,46.52,34.18,30.53,58.31,44.27,11.66,44.94,87.68,30.27,93.74,84.4,65.12,68.88,50.0,54.41,18.11,103.94,89.2,39.85,82.22,53.85,53.74,65.39,50.12,69.34,19.76,97.03,79.29,59.32,45.89,55.04
24,82.02,87.36,66.48,54.33,83.57,37.58,55.57,84.9,34.06,42.0,66.12,52.04,70.11,18.11,76.03,59.93,42.8,29.73,82.22,64.28,81.63,31.62,63.53,82.1,0.0,46.17,56.14,90.55,44.41,47.71,12.81,50.16,66.48,40.2,95.27,46.65,50.64,59.46,38.21,43.86,72.69,41.76,61.35,52.61,48.17,24.0,92.2,77.9,49.4,81.61,86.83,48.66,65.79,77.82,2.0,40.0,55.61,31.11,47.2,41.62,80.34,55.33,23.64,94.64,39.22,98.27
25,63.15,90.71,73.54,12.81,83.55,23.32,32.06,89.29,13.42,5.66,81.63,8.49,85.09,64.28,50.6,61.35,32.31,33.94,60.17,85.6,74.11,76.24,35.44,99.48,46.17,0.0,73.24,82.0,82.37,84.38,54.33,8.94,52.0,6.0,79.25,82.68,66.03,89.2,78.79,77.67,94.4,55.61,26.83,77.79,8.25,70.11,75.31,57.27,50.16,70.03,111.21,4.47,30.53,74.97,44.18,78.71,49.48,35.38,85.09,30.46,106.43,12.83,69.69,81.46,71.85,88.14
26,54.04,34.41,16.12,70.71,34.06,50.0,52.15,31.62,61.77,67.68,10.0,72.25,14.0,58.31,59.23,22.09,42.43,40.25,58.03,12.81,40.5,74.24,58.14,27.2,56.14,73.24,0.0,47.41,36.06,34.0,67.08,69.43,42.76,69.97,58.82,32.25,7.21,24.0,41.04,27.2,21.26,17.89,64.9,12.65,68.12,62.61,57.72,54.15,26.08,45.12,38.21,77.67,67.23,33.11,56.04,36.88,32.31,38.47,36.72,43.86,34.25,72.17,57.72,55.23,25.5,54.71
27,23.32,22.8,31.3,72.44,16.0,63.15,50.04,24.33,76.94,78.1,43.68,76.24,42.76,99.36,37.58,31.24,53.37,62.77,28.84,53.85,8.94,116.28,49.03,50.16,90.55,82.0,47.41,0.0,83.35,81.41,103.25,74.11,30.0,82.22,14.56,79.65,47.2,69.57,87.66,74.43,56.32,50.99,59.23,59.93,74.03,104.8,16.12,28.64,41.18,12.17,68.26,86.02,58.24,14.42,89.55,83.76,36.06,60.93,84.12,55.32,69.11,73.53,100.49,9.16,71.85,7.81
28,86.83,69.31,52.15,85.44,70.0,63.25,74.43,66.48,68.96,76.94,42.43,85.09,45.34,34.93,88.36,55.03,60.83,50.6,89.82,34.41,76.03,46.17,82.22,50.99,44.41,82.37,36.06,83.35,0.0,4.0,49.4,82.46,72.99,77.18,94.02,4.47,36.77,20.88,8.0,8.94,39.4,38.21,85.51,24.08,80.62,36.06,92.48,85.51,52.35,79.85,48.17,86.09,89.11,68.96,45.61,4.47,60.53,50.0,2.83,61.19,41.05,86.81,31.1,90.85,13.04,90.74
29,85.91,66.6,50.12,86.93,67.68,64.62,74.97,63.78,71.02,78.89,39.7,86.76,42.43,38.83,88.09,53.85,61.61,52.0,89.11,31.24,74.32,50.16,82.61,47.41,47.71,84.38,34.0,81.41,4.0,0.0,53.14,84.1,72.44,79.32,92.48,2.0,35.44,17.09,12.0,8.0,35.78,38.0,86.35,21.63,82.29,40.05,91.08,84.85,52.04,78.43,44.18,88.2,89.82,67.08,48.83,8.25,60.13,51.26,2.83,62.1,37.06,88.31,35.08,89.12,13.34,88.68
30,94.76,99.3,78.43,64.03,95.85,49.4,67.68,96.77,43.68,50.99,76.94,61.19,80.89,15.62,88.41,72.47,55.32,42.43,94.85,74.03,94.34,22.0,75.47,92.09,12.81,54.33,67.08,103.25,49.4,53.14,0.0,59.67,79.25,48.37,108.07,52.5,62.1,67.08,42.05,50.99,82.02,53.85,72.5,62.0,57.72,18.87,105.0,90.55,62.13,94.4,95.04,56.04,76.97,90.35,14.14,44.94,68.41,43.86,52.0,54.04,88.25,64.87,21.31,107.43,47.27,110.98
31,54.59,84.12,68.0,4.47,76.66,20.0,24.08,82.87,16.12,8.94,77.2,2.83,80.45,68.03,41.76,55.46,27.2,32.25,51.42,82.07,66.48,81.22,26.68,94.87,50.16,8.94,69.43,74.11,82.46,84.1,59.67,0.0,44.18,12.81,70.71,82.29,62.29,87.2,79.7,76.94,90.69,52.35,17.89,75.29,2.0,74.11,66.75,48.66,44.94,62.03,107.63,12.17,21.63,67.91,48.17,79.12,43.08,33.29,85.09,25.61,103.27,5.2,73.11,73.13,71.12,80.01
32,15.62,42.19,32.25,42.76,34.0,34.18,20.1,41.62,47.54,48.17,45.69,46.39,47.41,78.82,16.49,20.88,25.06,36.88,17.09,54.41,22.36,95.6,20.59,60.46,66.48,52.0,42.76,30.0,72.99,72.44,79.25,44.18,0.0,52.35,29.53,70.46,38.05,66.48,74.73,64.5,60.93,34.93,30.46,54.15,44.05,84.88,26.08,12.65,20.88,18.11,76.94,56.04,30.53,25.06,65.12,71.81,12.65,35.38,74.67,26.83,74.92,43.91,81.37,30.35,60.02,36.35
33,64.56,89.44,71.47,17.2,82.61,20.88,32.98,87.86,8.49,4.47,78.71,13.42,82.29,58.31,52.8,59.67,30.59,30.0,62.03,82.1,74.03,70.26,37.58,96.6,40.2,6.0,69.97,82.22,77.18,79.32,48.37,12.81,52.35,0.0,80.52,77.67,62.77,84.85,73.35,72.8,90.97,52.15,30.0,73.76,11.31,64.12,76.66,58.82,48.08,70.46,107.65,8.94,34.06,74.24,38.21,73.43,48.37,31.62,79.92,28.64,102.64,17.6,63.74,82.35,67.01,88.68
34,16.12,37.36,43.17,68.26,30.27,63.56,47.54,38.83,76.55,76.16,56.57,72.44,56.14,106.15,30.07,39.45,54.59,66.03,20.1,66.75,18.44,123.11,44.18,64.5,95.27,79.25,58.82,14.56,94.02,92.48,108.07,70.71,29.53,80.52,0.0,90.62,57.27,82.0,97.53,85.09,70.03,58.82,54.04,71.47,71.02,111.95,4.0,22.09,46.69,14.42,82.61,82.87,52.04,26.31,94.02,93.91,39.7,64.4,95.08,56.36,83.15,69.13,107.99,5.72,81.84,13.45
35,83.95,65.12,48.37,85.09,66.03,62.77,72.99,62.29,69.34,77.18,38.21,84.97,41.04,38.47,86.09,51.92,59.67,50.16,87.13,30.0,72.5,50.36,80.62,46.52,46.65,82.68,32.25,79.65,4.47,2.0,52.5,82.29,70.46,77.67,90.62,0.0,33.53,16.49,12.17,6.0,34.93,36.0,84.4,20.0,80.5,40.0,89.2,82.87,50.04,76.55,44.05,86.53,87.86,65.3,47.71,8.0,58.14,49.4,4.47,60.17,36.96,86.48,34.97,87.3,11.4,86.95
36,50.64,37.58,17.2,63.66,35.61,42.8,45.65,34.93,54.59,60.46,16.49,65.12,20.4,54.59,54.33,18.44,35.38,33.11,54.15,19.8,39.45,71.02,52.0,34.18,50.64,66.03,7.21,47.2,36.77,35.44,62.1,62.29,38.05,62.77,57.27,33.53,0.0,28.64,40.5,27.86,28.43,10.77,58.31,16.12,60.96,59.36,55.71,50.04,19.7,43.08,45.34,70.46,60.83,32.8,50.36,36.72,26.68,31.3,37.95,36.77,41.15,65.11,54.67,54.27,24.7,54.82
37,78.03,52.15,38.83,89.31,54.63,67.2,73.54,49.4,76.37,83.55,26.0,90.0,27.78,54.04,82.87,46.04,61.77,55.32,82.02,16.12,63.56,66.75,80.32,30.53,59.46,89.2,24.0,69.57,20.88,17.09,67.08,87.2,66.48,84.85,82.0,16.49,28.64,0.0,28.64,16.12,18.87,35.78,85.91,12.65,85.6,56.14,81.22,78.1,48.08,68.73,28.07,93.38,88.77,55.79,60.17,24.33,55.32,54.04,19.7,62.77,21.18,90.76,51.05,77.97,20.25,76.32
38,89.2,75.07,56.85,82.97,75.07,61.19,74.0,72.25,65.39,73.54,48.41,82.22,51.61,27.2,89.44,58.14,60.03,48.66,91.76,41.18,79.92,38.21,82.02,58.31,38.21,78.79,41.04,87.66,8.0,12.0,42.05,79.7,74.73,73.35,97.53,12.17,40.5,28.64,0.0,14.42,46.82,39.85,84.38,30.0,77.79,28.07,95.71,87.36,53.85,83.19,56.14,82.29,88.2,73.24,39.6,4.47,62.1,48.37,10.2,60.13,49.04,84.29,23.14,94.73,15.81,95.21
39,78.1,60.83,43.27,79.62,61.22,57.27,67.08,58.0,64.4,72.11,34.06,79.65,37.2,38.0,80.1,46.17,53.85,44.72,81.22,26.83,67.08,51.42,74.67,44.27,43.86,77.67,27.2,74.43,8.94,8.0,50.99,76.94,64.5,72.8,85.09,6.0,27.86,16.12,14.42,0.0,32.98,30.0,78.59,15.62,75.18,40.45,83.57,76.94,44.05,70.94,44.18,81.61,82.0,60.03,44.72,10.0,52.15,43.86,10.2,54.41,37.3,81.03,35.33,81.91,5.83,81.84
40,69.43,36.06,29.12,91.93,40.45,71.22,72.8,33.53,82.68,88.81,15.23,93.51,14.14,70.46,77.25,40.25,63.66,61.06,74.22,8.94,52.04,84.4,78.23,11.66,72.69,94.4,21.26,56.32,39.4,35.78,82.02,90.69,60.93,90.97,70.03,34.93,28.43,18.87,46.82,32.98,0.0,38.83,85.6,20.1,89.38,73.35,70.03,70.88,46.86,58.31,16.97,98.81,87.66,44.05,72.99,42.38,52.15,59.36,38.47,65.12,14.0,93.39,68.23,65.29,35.13,62.17
41,49.4,45.61,24.74,54.04,42.05,32.56,37.95,43.17,43.91,50.0,27.2,55.17,31.05,48.41,50.16,19.8,26.08,22.36,51.92,30.0,42.43,65.3,45.12,44.94,41.76,55.61,17.89,50.99,38.21,38.0,53.85,52.35,34.93,52.15,58.82,36.0,10.77,35.78,39.85,30.0,38.83,0.0,50.16,23.32,50.91,53.81,56.6,47.54,14.14,44.41,55.61,60.0,53.14,37.2,41.23,36.88,22.36,20.59,40.05,27.2,50.96,55.5,49.54,56.77,25.18,58.8
42,38.0,72.47,59.46,14.56,64.4,24.33,12.81,71.69,30.0,25.61,70.94,18.97,73.59,78.1,24.33,46.69,24.74,36.0,34.23,77.67,52.5,92.97,10.2,87.68,61.35,26.83,64.9,59.23,85.51,86.35,72.5,17.89,30.46,30.0,54.04,84.4,58.31,85.91,84.38,78.59,85.6,50.16,0.0,73.35,18.87,84.4,50.04,32.0,38.83,47.07,102.45,29.73,4.47,55.46,59.46,82.87,33.94,36.06,87.86,24.33,99.1,15.24,82.47,57.02,73.01,64.38
43,66.27,45.25,28.64,77.2,46.04,55.32,60.93,42.43,65.3,72.14,18.44,78.1,21.63,50.99,70.46,34.06,49.4,43.86,70.03,12.17,53.14,65.79,67.68,30.27,52.61,77.79,12.65,59.93,24.08,21.63,62.0,75.29,54.15,73.76,71.47,20.0,16.12,12.65,30.0,15.62,20.1,23.32,73.35,0.0,73.76,54.41,70.34,66.0,35.44,57.72,34.93,82.07,76.16,45.69,52.95,25.61,42.76,42.43,24.41,50.48,29.16,78.66,49.33,67.85,15.81,67.12
44,54.92,83.52,67.08,6.32,76.16,18.44,24.0,82.22,14.14,7.21,76.03,4.47,79.32,66.03,42.38,54.63,26.08,30.53,51.92,80.72,66.27,79.25,27.2,93.74,48.17,8.25,68.12,74.03,80.62,82.29,57.72,2.0,44.05,11.31,71.02,80.5,60.96,85.6,77.79,75.18,89.38,50.91,18.87,73.76,0.0,72.11,67.08,49.03,43.91,62.0,106.3,12.0,22.8,67.47,46.17,77.25,42.38,31.62,83.26,24.41,101.87,7.18,71.11,73.29,69.35,80.06
45,100.44,96.75,76.55,78.23,94.87,60.17,77.25,94.02,58.03,66.0,71.69,76.03,75.39,6.32,96.6,73.59,63.56,50.16,101.55,66.48,96.21,11.66,85.44,84.4,24.0,70.11,62.61,104.8,36.06,40.05,18.87,74.11,84.88,64.12,111.95,40.0,59.36,56.14,28.07,40.45,73.35,53.81,84.4,54.41,72.11,0.0,109.34,97.1,65.3,97.67,84.02,72.44,88.77,90.91,26.0,32.0,72.8,50.99,38.21,62.77,76.96,79.26,5.12,110.35,38.6,112.61
46,12.17,38.63,42.43,64.28,31.05,59.93,43.68,39.85,72.8,72.28,56.14,68.47,56.0,103.48,26.08,37.58,51.11,62.8,16.12,66.27,18.0,120.42,40.2,65.12,92.2,75.31,57.72,16.12,92.48,91.08,105.0,66.75,26.08,76.66,4.0,89.2,55.71,81.22,95.71,83.57,70.03,56.6,50.04,70.34,67.08,109.34,0.0,18.11,44.05,12.65,83.19,78.92,48.04,26.0,90.91,92.2,36.77,61.22,93.64,52.84,83.39,65.14,105.48,8.5,80.11,16.64
47,6.0,46.69,41.76,46.17,38.21,43.27,26.0,46.86,55.46,54.41,55.79,50.36,56.92,90.97,8.94,32.06,35.38,48.17,4.47,65.12,24.08,107.65,22.09,68.88,77.9,57.27,54.15,28.64,85.51,84.85,90.55,48.66,12.65,58.82,22.09,82.87,50.04,78.1,87.36,76.94,70.88,47.54,32.0,66.0,49.03,97.1,18.11,0.0,33.53,17.2,86.16,60.83,30.27,30.0,76.42,84.4,25.3,46.86,87.13,36.88,84.85,47.05,93.71,25.12,72.57,32.76
48,35.78,42.05,23.41,45.61,36.22,27.2,26.08,40.2,40.79,44.94,32.56,47.71,35.61,59.46,36.06,12.0,17.89,22.36,37.95,38.83,32.25,76.42,32.31,50.0,49.4,50.16,26.08,41.18,52.35,52.04,62.13,44.94,20.88,48.08,46.69,50.04,19.7,48.08,53.85,44.05,46.86,14.14,38.83,35.44,43.91,65.3,44.05,33.53,0.0,32.56,63.78,54.63,41.18,29.12,48.37,50.99,8.25,20.4,54.15,19.7,60.27,47.04,61.46,45.48,39.32,48.88
49,12.81,30.0,30.07,60.3,21.63,51.92,38.0,30.53,65.51,66.27,44.0,64.12,44.18,91.93,26.08,25.06,42.38,52.84,18.44,54.04,7.21,108.9,36.88,54.41,81.61,70.03,45.12,12.17,79.85,78.43,94.4,62.03,18.11,70.46,14.42,76.55,43.08,68.73,83.19,70.94,58.31,44.41,47.07,57.72,62.0,97.67,12.65,17.2,32.56,0.0,72.28,74.0,46.17,14.56,80.45,79.62,26.08,51.11,80.99,44.27,71.94,61.37,93.66,13.05,67.54,18.25
50,84.12,46.0,44.72,108.9,52.35,88.09,89.64,44.05,99.3,105.6,31.62,110.45,29.53,82.1,93.04,56.6,80.62,77.67,89.2,25.61,65.51,94.34,94.87,18.11,86.83,111.21,38.21,68.26,48.17,44.18,95.04,107.63,76.94,107.65,82.61,44.05,45.34,28.07,56.14,44.18,16.97,55.61,102.45,34.93,106.3,84.02,83.19,86.16,63.78,72.28,0.0,115.6,104.4,57.72,87.36,52.04,68.82,76.03,46.39,82.07,7.14,110.36,78.97,77.42,47.85,73.0
51,66.75,95.08,78.0,15.23,87.86,27.78,36.0,93.68,17.2,10.0,86.09,10.77,89.55,66.75,53.85,65.79,36.77,38.21,63.56,90.0,78.23,78.03,38.83,103.94,48.66,4.47,77.67,86.02,86.09,88.2,56.04,12.17,56.04,8.94,82.87,86.53,70.46,93.38,82.29,81.61,98.81,60.0,29.73,82.07,12.0,72.44,78.92,60.83,54.63,74.0,115.6,0.0,33.11,79.25,46.69,82.37,53.85,39.7,88.84,34.93,110.78,14.85,72.29,85.25,75.8,92.05
52,36.22,72.72,60.83,17.89,64.5,28.64,15.23,72.11,34.41,29.73,72.8,22.36,75.29,82.46,22.0,48.17,28.28,40.05,32.0,79.92,52.0,97.41,10.0,89.2,65.79,30.53,67.23,58.24,89.11,89.82,76.97,21.63,30.53,34.06,52.04,87.86,60.83,88.77,88.2,82.0,87.66,53.14,4.47,76.16,22.8,88.77,48.04,30.27,41.18,46.17,104.4,33.11,0.0,55.57,63.91,86.58,35.61,40.0,91.41,28.07,101.3,18.31,86.77,55.38,76.49,62.97
53,26.83,17.2,17.09,67.05,8.94,54.0,44.27,16.97,68.0,70.46,30.27,70.34,30.0,85.6,38.21,17.89,44.0,51.42,32.25,40.45,8.0,102.45,45.65,39.85,77.82,74.97,33.11,14.42,68.96,67.08,90.35,67.91,25.06,74.24,26.31,65.3,32.8,55.79,73.24,60.03,44.05,37.2,55.46,45.69,67.47,90.91,26.0,30.0,29.12,14.56,57.72,79.25,55.57,0.0,76.97,69.34,26.0,49.48,69.77,46.0,57.52,68.3,86.49,22.22,57.43,22.02
54,80.62,86.83,65.97,52.35,82.87,35.78,53.85,84.4,32.06,40.0,66.03,50.04,70.03,20.1,74.4,59.09,41.23,28.28,80.72,64.5,80.62,33.53,61.77,82.22,2.0,44.18,56.04,89.55,45.61,48.83,14.14,48.17,65.12,38.21,94.02,47.71,50.36,60.17,39.6,44.72,72.99,41.23,59.46,52.95,46.17,26.0,90.91,76.42,48.37,80.45,87.36,46.69,63.91,76.97,0.0,41.23,54.41,29.73,48.41,40.0,80.94,53.34,25.6,93.49,39.92,97.25
55,86.02,70.77,52.8,82.22,70.94,60.17,72.11,67.94,65.3,73.35,44.05,81.71,47.2,30.59,86.83,54.63,58.31,47.54,88.77,36.72,76.16,42.43,80.02,53.85,40.0,78.71,36.88,83.76,4.47,8.25,44.94,79.12,71.81,73.43,93.91,8.0,36.72,24.33,4.47,10.0,42.38,36.88,82.87,25.61,77.25,32.0,92.2,84.4,50.99,79.62,52.04,82.37,86.58,69.34,41.23,0.0,59.23,47.07,7.21,58.55,44.96,83.57,26.98,90.98,12.08,91.26
56,27.78,41.23,25.61,42.94,34.23,28.0,21.26,39.85,42.0,44.72,37.2,45.69,39.7,66.84,28.0,12.81,18.0,26.83,29.73,44.72,27.2,83.74,26.08,53.74,55.61,49.48,32.31,36.06,60.53,60.13,68.41,43.08,12.65,48.37,39.7,58.14,26.68,55.32,62.1,52.15,52.15,22.36,33.94,42.76,42.38,72.8,36.77,25.3,8.25,26.08,68.82,53.85,35.61,26.0,54.41,59.23,0.0,25.06,62.29,20.0,65.93,44.31,69.13,39.13,47.52,43.46
57,50.91,62.03,42.19,35.78,56.57,13.42,26.68,60.0,23.32,29.73,47.54,36.06,51.26,44.72,45.65,32.25,12.65,2.0,51.22,50.48,52.0,61.06,34.93,65.39,31.11,35.38,38.47,60.93,50.0,51.26,43.86,33.29,35.38,31.62,64.4,49.4,31.3,54.04,48.37,43.86,59.36,20.59,36.06,42.43,31.62,50.99,61.22,46.86,20.4,51.11,76.03,39.7,40.0,49.48,29.73,47.07,25.06,0.0,52.5,12.17,71.09,37.19,48.18,64.15,38.08,68.45
58,88.29,69.43,52.84,88.02,70.46,65.79,76.66,66.6,71.69,79.65,42.52,87.73,45.25,37.36,90.2,56.32,63.15,53.14,91.41,34.06,76.97,48.04,84.38,50.12,47.2,85.09,36.72,84.12,2.83,2.83,52.0,85.09,74.67,79.92,95.08,4.47,37.95,19.7,10.2,10.2,38.47,40.05,87.86,24.41,83.26,38.21,93.64,87.13,54.15,80.99,46.39,88.84,91.41,69.77,48.41,7.21,62.29,52.5,0.0,63.56,39.26,89.4,33.32,91.78,15.03,91.42
59,41.62,60.83,43.08,26.91,54.15,8.0,14.56,59.23,22.0,25.3,51.61,28.43,54.92,56.46,34.41,31.05,2.0,12.65,41.04,56.57,46.69,72.47,22.8,69.34,41.62,30.46,43.86,55.32,61.19,62.1,54.04,25.61,26.83,28.64,56.36,60.17,36.77,62.77,60.13,54.41,65.12,27.2,24.33,50.48,24.41,62.77,52.84,36.88,19.7,44.27,82.07,34.93,28.07,46.0,40.0,58.55,20.0,12.17,63.56,0.0,77.87,28.37,60.17,57.0,48.76,62.36
60,83.28,47.62,43.09,104.78,53.11,83.52,86.32,45.38,94.22,100.79,29.23,106.1,27.98,75.12,91.26,54.2,76.53,72.65,88.14,21.45,65.47,87.22,91.98,19.76,80.34,106.43,34.25,69.11,41.05,37.06,88.25,103.27,74.92,102.64,83.15,36.96,41.15,21.18,49.04,37.3,14.0,50.96,99.1,29.16,101.87,76.96,83.39,84.85,60.27,71.94,7.14,110.78,101.3,57.52,80.94,44.96,65.93,71.09,39.26,77.87,0.0,106.24,71.91,78.2,41.21,74.43
61,53.04,84.86,69.66,1.46,77.16,23.78,24.03,83.78,21.32,14.04,79.54,4.34,82.65,73.16,39.57,56.96,29.74,36.32,49.44,84.91,66.27,86.42,24.98,97.03,55.33,12.83,72.17,73.53,86.81,88.31,64.87,5.2,43.91,17.6,69.13,86.48,65.11,90.76,84.29,81.03,93.39,55.5,15.24,78.66,7.18,79.26,65.14,47.05,47.04,61.37,110.36,14.85,18.31,68.3,53.34,83.57,44.31,37.19,89.4,28.37,106.24,0.0,78.2,71.91,75.23,79.07
62,96.86,91.94,71.87,77.11,90.24,58.14,74.72,89.2,57.18,65.29,66.71,75.16,70.39,5.94,93.59,69.34,60.83,47.52,98.18,61.39,91.97,16.55,82.94,79.29,23.64,69.69,57.72,100.49,31.1,35.08,21.31,73.11,81.37,63.74,107.99,34.97,54.67,51.05,23.14,35.33,68.23,49.54,82.47,49.33,71.11,5.12,105.48,93.71,61.46,93.66,78.97,72.29,86.77,86.49,25.6,26.98,69.13,48.18,33.32,60.17,71.91,78.2,0.0,106.24,33.52,108.28
63,19.17,31.89,39.3,70.96,25.12,64.5,49.46,33.48,77.86,78.06,52.26,75.01,51.57,104.7,33.66,37.06,55.15,65.87,23.96,62.46,14.83,121.66,46.96,59.32,94.64,81.46,55.23,9.16,90.85,89.12,107.43,73.13,30.35,82.35,5.72,87.3,54.27,77.97,94.73,81.91,65.29,56.77,57.02,67.85,73.29,110.35,8.5,25.12,45.48,13.05,77.42,85.25,55.38,22.22,93.49,90.98,39.13,64.15,91.78,57.0,78.2,71.91,106.24,0.0,78.95,8.16
64,74.04,59.82,41.11,73.82,59.41,51.48,61.66,57.01,58.6,66.29,33.62,73.82,37.12,35.36,75.33,42.54,48.27,38.91,76.9,27.89,64.14,49.98,69.35,45.89,39.22,71.85,25.5,71.85,13.04,13.34,47.27,71.12,60.02,67.01,81.84,11.4,24.7,20.25,15.81,5.83,35.13,25.18,73.01,15.81,69.35,38.6,80.11,72.57,39.32,67.54,47.85,75.8,76.49,57.43,39.92,12.08,47.52,38.08,15.03,48.76,41.21,75.23,33.52,78.95,0.0,79.4
65,26.93,27.0,38.59,78.06,21.84,70.09,56.08,29.07,83.74,84.48,50.33,82.01,49.04,107.17,41.48,39.05,60.44,70.26,31.95,60.41,16.64,124.08,54.23,55.04,98.27,88.14,54.71,7.81,90.74,88.68,110.98,80.01,36.35,88.68,13.45,86.95,54.82,76.32,95.21,81.84,62.17,58.8,64.38,67.12,80.06,112.61,16.64,32.76,48.88,18.25,73.0,92.05,62.97,22.02,97.25,91.26,43.46,68.45,91.42,62.36,74.43,79.07,108.28,8.16,79.4,0.0
