vehicles
vehicle_idx, capacity, cost_per_unit_distance
1,100,3
2,100,3
3,100,3
4,100,3
5,100,3
6,100,3
7,100,3
8,100,3
9,100,3
depot
node_idx,x,y
0,91,93
home delivery customers
node_idx,x,y,service_time,demand
1,7,5,10,4
2,27,91,10,18
3,33,11,10,14
4,19,99,10,5
5,71,47,10,20
6,79,67,10,10
7,81,93,10,1
8,73,25,10,14
9,83,13,10,15
10,31,83,10,15
11,17,25,10,26
12,19,41,10,23
13,23,39,10,7
14,23,21,10,22
15,83,61,10,26
16,11,93,10,20
17,63,13,10,12
18,49,21,10,4
19,41,97,10,23
20,85,15,10,4
21,83,11,10,2
22,45,13,10,8
self pickup customers
node_idx,x,y,service_time,demand,locker_idxs
23,59,25,10,9,71
24,69,79,10,7,66-72-63
25,11,73,10,20,69
26,21,35,10,19,64
27,59,45,10,7,73
28,53,83,10,2,63
29,59,65,10,5,68
30,67,21,10,21,73
31,27,1,10,20,64
32,41,25,10,19,64
33,37,97,10,14,70-72
34,19,21,10,2,64
35,19,63,10,23,69
36,59,23,10,14,71
37,89,7,10,15,64
38,17,11,10,3,64
39,21,59,10,15,69
40,21,69,10,2,68-69
41,1,75,10,20,70
42,45,71,10,18,70-68-69-72-66
flexible customers
node_idx,x,y,service_time,demand,locker_idxs
43,21,47,10,22,69-73
44,99,81,10,18,63
45,87,1,10,11,65
46,59,89,10,15,70-72-66-63
47,95,23,10,15,64
48,3,65,10,22,69
49,59,83,10,21,68-66-72-63
50,83,97,10,22,63
51,5,83,10,6,72
52,71,35,10,24,65-71
53,29,93,10,14,70-68
54,97,67,10,21,63
55,65,17,10,6,67-71-65-73
56,45,27,10,15,71-65-73-64
57,35,11,10,2,67-65-73-64
58,71,13,10,21,71-65
59,83,31,10,10,71
60,77,73,10,24,66-63
61,57,1,10,17,67-71-65
62,41,55,10,19,73-72-68-69
lockers
node_idx,x,y,service_time,capacity,cost_per_unit_good
63,65,88,10,90
64,25,15,10,80
65,51,23,10,80
66,60,78,10,95
67,43,3,10,83
68,44,76,10,98
69,26,53,10,70
70,40,90,10,96
71,60,14,10,89
72,51,74,10,88
73,41,28,10,76
mrt lines
start_node_idx,end_node_idx,freight_capacity,cost_per_unit_good
distance matrix
,0,1,2,3,4,5,6,7,8,9,10,11,12,13,14,15,16,17,18,19,20,21,22,23,24,25,26,27,28,29,30,31,32,33,34,35,36,37,38,39,40,41,42,43,44,45,46,47,48,49,50,51,52,53,54,55,56,57,58,59,60,61,62,63,64,65,66,67,68,69,70,71,72,73,
0,0.0,121.66,64.03,100.44,72.25,50.16,28.64,10.0,70.34,80.4,60.83,100.5,88.81,86.83,99.04,32.98,80.0,84.76,83.35,50.16,78.23,82.39,92.28,75.15,26.08,82.46,90.91,57.69,39.29,42.52,75.89,112.07,84.4,54.15,101.82,78.0,76.97,86.02,110.45,77.82,74.0,91.78,50.99,83.76,14.42,92.09,32.25,70.11,92.35,33.53,8.94,86.58,61.35,62.0,26.68,80.32,80.45,99.3,82.46,62.51,24.41,98.08,62.8,26.48,102.18,80.62,34.44,102.0,49.98,76.32,51.09,84.86,44.28,82.01
1,121.66,0.0,88.29,26.68,94.76,76.55,95.02,114.98,68.96,76.42,81.61,22.36,37.95,37.58,22.63,94.4,88.09,56.57,44.94,98.08,78.64,76.24,38.83,55.71,96.54,68.12,33.11,65.6,90.55,79.4,62.1,20.4,39.45,96.77,20.0,59.23,55.03,82.02,11.66,55.79,65.51,70.26,76.16,44.27,119.33,80.1,98.79,89.82,60.13,93.74,119.33,78.03,70.68,90.71,109.29,59.23,43.91,28.64,64.5,80.32,97.59,50.16,60.46,101.26,20.59,47.54,90.21,36.06,80.06,51.62,91.18,53.76,81.84,41.05
2,64.03,88.29,0.0,80.22,11.31,62.23,57.27,54.04,80.45,96.02,8.94,66.75,50.64,52.15,70.11,63.53,16.12,85.91,73.38,15.23,95.6,97.65,80.05,73.35,43.68,24.08,56.32,56.04,27.2,41.23,80.62,90.0,67.47,11.66,70.46,29.12,75.15,104.4,80.62,32.56,22.8,30.53,26.91,44.41,72.69,108.17,32.06,96.17,35.38,32.98,56.32,23.41,71.22,2.83,74.0,83.19,66.48,80.4,89.55,82.07,53.14,94.87,38.63,38.12,76.03,72.11,35.47,89.44,22.67,38.01,13.04,83.77,29.41,64.54
3,100.44,26.68,80.22,0.0,89.11,52.35,72.47,95.02,42.38,50.04,72.03,21.26,33.11,29.73,14.14,70.71,84.9,30.07,18.87,86.37,52.15,50.0,12.17,29.53,76.94,65.79,26.83,42.8,74.73,59.93,35.44,11.66,16.12,86.09,17.2,53.85,28.64,56.14,16.0,49.48,59.23,71.55,61.19,37.95,96.21,54.92,82.22,63.15,61.77,76.55,99.48,77.25,44.94,82.1,85.04,32.56,20.0,2.0,38.05,53.85,76.03,26.0,44.72,83.38,8.94,21.63,72.24,12.81,65.92,42.58,79.31,27.17,65.52,18.79
4,72.25,94.76,11.31,89.11,0.0,73.54,68.0,62.29,91.61,107.2,20.0,74.03,58.0,60.13,78.1,74.43,10.0,96.6,83.57,22.09,106.83,108.81,89.84,84.12,53.85,27.2,64.03,67.2,37.58,52.5,91.59,98.33,77.2,18.11,78.0,36.0,85.88,115.6,88.02,40.05,30.07,30.0,38.21,52.04,82.0,119.28,41.23,107.48,37.58,43.08,64.03,21.26,82.46,11.66,84.31,94.02,76.55,89.44,100.5,93.38,63.56,105.11,49.19,47.3,84.21,82.46,46.07,98.95,33.97,46.53,22.85,94.37,40.61,74.33
5,50.16,76.55,62.23,52.35,73.54,0.0,21.54,47.07,22.09,36.06,53.81,58.31,52.35,48.66,54.59,18.44,75.6,34.93,34.06,58.31,34.93,37.95,42.8,25.06,32.06,65.39,51.42,12.17,40.25,21.63,26.31,63.66,37.2,60.46,58.14,54.41,26.83,43.86,64.9,51.42,54.63,75.39,35.38,50.0,44.05,48.7,43.68,33.94,70.34,37.95,51.42,75.18,12.0,62.29,32.8,30.59,32.8,50.91,34.0,20.0,26.68,48.08,31.05,41.44,56.04,31.24,32.89,52.15,39.62,45.4,53.01,34.79,33.6,35.51
6,28.64,95.02,57.27,72.47,68.0,21.54,0.0,26.08,42.43,54.15,50.6,74.89,65.39,62.61,72.47,7.21,72.8,56.32,54.92,48.41,52.35,56.14,63.81,46.52,15.62,68.26,66.24,29.73,30.53,20.1,47.54,84.02,56.64,51.61,75.6,60.13,48.33,60.83,83.55,58.55,58.03,78.41,34.23,61.35,24.41,66.48,29.73,46.82,76.03,25.61,30.27,75.71,32.98,56.36,18.0,51.92,52.5,71.22,54.59,36.22,6.32,69.57,39.85,25.24,74.97,52.15,21.95,73.43,36.14,54.82,45.28,56.3,28.86,54.45
7,10.0,114.98,54.04,95.02,62.29,47.07,26.08,0.0,68.47,80.02,50.99,93.38,80.92,79.25,92.46,32.06,70.0,82.0,78.79,40.2,78.1,82.02,87.73,71.47,18.44,72.8,83.45,52.8,29.73,35.61,73.35,106.68,78.89,44.18,95.02,68.88,73.38,86.37,104.02,68.96,64.62,82.0,42.19,75.6,21.63,92.2,22.36,71.39,82.87,24.17,4.47,76.66,58.86,52.0,30.53,77.67,75.18,94.02,80.62,62.03,20.4,95.08,55.17,16.76,96.02,76.16,25.81,97.69,40.72,68.01,41.11,81.74,35.51,76.32
8,70.34,68.96,80.45,42.38,91.61,22.09,42.43,68.47,0.0,15.62,71.61,56.0,56.32,51.92,50.16,37.36,92.02,15.62,24.33,78.79,15.62,17.2,30.46,14.0,54.15,78.41,52.95,24.41,61.35,42.38,7.21,51.88,32.0,80.5,54.15,66.03,14.14,24.08,57.72,62.13,68.12,87.66,53.85,56.46,61.74,27.78,65.51,22.09,80.62,59.67,72.69,89.38,10.2,80.99,48.37,11.31,28.07,40.5,12.17,11.66,48.17,28.84,43.86,63.51,49.03,22.09,54.57,37.2,58.67,54.71,72.9,17.03,53.71,32.14
9,80.4,76.42,96.02,50.04,107.2,36.06,54.15,80.02,15.62,0.0,87.2,67.08,69.86,65.39,60.53,48.0,107.63,20.0,34.93,93.91,2.83,2.0,38.0,26.83,67.47,93.72,65.79,40.0,76.16,57.27,17.89,57.27,43.68,95.77,64.5,81.22,26.0,8.49,66.03,77.2,83.55,102.8,69.34,70.71,69.86,12.65,79.7,15.62,95.41,74.0,84.0,104.8,25.06,96.52,55.79,18.44,40.5,48.04,12.0,18.0,60.3,28.64,59.4,77.13,58.03,33.53,68.95,41.23,74.09,69.63,88.19,23.02,68.88,44.6
10,60.83,81.61,8.94,72.03,20.0,53.81,50.6,50.99,71.61,87.2,0.0,59.67,43.68,44.72,62.51,56.46,22.36,76.97,64.56,17.2,86.83,88.81,71.39,64.4,38.21,22.36,49.03,47.2,22.0,33.29,71.69,82.1,58.86,15.23,63.15,23.32,66.21,95.6,73.35,26.0,17.2,31.05,18.44,37.36,68.03,99.3,28.64,87.73,33.29,28.0,53.85,26.0,62.48,10.2,67.91,74.24,57.72,72.11,80.62,73.54,47.07,86.02,29.73,34.37,68.26,63.25,29.43,80.89,14.76,30.41,11.4,74.85,21.93,55.9
11,100.5,22.36,66.75,21.26,74.03,58.31,74.89,93.38,56.0,67.08,59.67,0.0,16.12,15.23,7.21,75.18,68.26,47.54,32.25,75.89,68.73,67.47,30.46,42.0,74.97,48.37,10.77,46.52,68.26,58.0,50.16,26.0,24.0,74.73,4.47,38.05,42.05,74.22,14.0,34.23,44.18,52.5,53.85,22.36,99.3,74.0,76.55,78.03,42.38,71.61,97.67,59.23,54.92,69.05,90.35,48.66,28.07,22.8,55.32,66.27,76.84,46.65,38.42,79.2,12.81,34.06,68.25,34.06,57.71,29.41,68.95,44.38,59.64,24.19
12,88.81,37.95,50.64,33.11,58.0,52.35,65.39,80.92,56.32,69.86,43.68,16.12,0.0,4.47,20.4,67.05,52.61,52.15,36.06,60.17,70.94,70.68,38.21,43.08,62.8,32.98,6.32,40.2,54.04,46.65,52.0,40.79,27.2,58.82,20.0,22.0,43.86,77.82,30.07,18.11,28.07,38.47,39.7,6.32,89.44,78.89,62.48,78.1,28.84,58.0,85.04,44.27,52.35,52.95,82.22,51.88,29.53,34.0,59.06,64.78,66.24,55.17,26.08,65.76,26.68,36.72,55.23,44.94,43.01,13.89,53.31,49.09,45.97,25.55
13,86.83,37.58,52.15,29.73,60.13,48.66,62.61,79.25,51.92,65.39,44.72,15.23,4.47,0.0,18.0,63.91,55.32,47.71,31.62,60.73,66.48,66.21,34.06,38.63,60.96,36.06,4.47,36.5,53.25,44.41,47.54,38.21,22.8,59.67,18.44,24.33,39.4,73.35,28.64,20.1,30.07,42.19,38.83,8.25,86.83,74.43,61.61,73.76,32.8,56.85,83.45,47.54,48.17,54.33,79.12,47.41,25.06,30.46,54.59,60.53,63.81,50.99,24.08,64.54,24.08,32.25,53.76,41.18,42.54,14.32,53.76,44.65,44.82,21.1
14,99.04,22.63,70.11,14.14,78.1,54.59,72.47,92.46,50.16,60.53,62.51,7.21,20.4,18.0,0.0,72.11,72.99,40.79,26.0,78.1,62.29,60.83,23.41,36.22,74.03,53.37,14.14,43.27,68.88,56.85,44.0,20.4,18.44,77.28,4.0,42.19,36.06,67.47,11.66,38.05,48.04,58.31,54.63,26.08,96.83,67.05,76.94,72.03,48.33,71.69,96.83,64.56,50.0,72.25,87.13,42.19,22.8,15.62,48.66,60.83,74.97,39.45,38.47,79.08,6.32,28.07,67.96,26.91,58.87,32.14,71.06,37.66,59.94,19.31
15,32.98,94.4,63.53,70.71,74.43,18.44,7.21,32.06,37.36,48.0,56.46,75.18,67.05,63.91,72.11,0.0,78.79,52.0,52.5,55.32,46.04,50.0,61.22,43.27,22.8,72.99,67.23,28.84,37.2,24.33,43.08,82.07,55.32,58.41,75.47,64.03,44.94,54.33,82.8,62.03,62.51,83.19,39.29,63.56,25.61,60.13,36.88,39.85,80.1,32.56,36.0,81.04,28.64,62.77,15.23,47.54,50.99,69.31,49.48,30.0,13.42,65.39,42.43,32.45,74.03,49.68,28.6,70.46,41.79,57.56,51.87,52.33,34.54,53.41
16,80.0,88.09,16.12,84.9,10.0,75.6,72.8,70.0,92.02,107.63,22.36,68.26,52.61,55.32,72.99,78.79,0.0,95.41,81.41,30.27,107.52,109.12,86.93,83.23,59.67,20.0,58.86,67.88,43.17,55.57,91.21,93.38,74.32,26.31,72.44,31.05,84.88,116.1,82.22,35.44,26.0,20.59,40.5,47.07,88.81,119.33,48.17,109.34,29.12,49.03,72.11,11.66,83.45,18.0,89.84,93.23,74.24,85.44,100.0,95.02,68.96,102.86,48.41,54.23,79.25,80.62,51.24,95.52,37.12,42.72,29.15,92.96,44.28,71.59
17,84.76,56.57,85.91,30.07,96.6,34.93,56.32,82.0,15.62,20.0,76.97,47.54,52.15,47.71,40.79,52.0,95.41,0.0,16.12,86.83,22.09,20.1,18.0,12.65,66.27,79.4,47.41,32.25,70.71,52.15,8.94,37.95,25.06,87.93,44.72,66.6,10.77,26.68,46.04,62.29,70.0,87.68,60.73,54.04,76.94,26.83,76.11,33.53,79.4,70.11,86.35,90.91,23.41,86.93,63.81,4.47,22.8,28.07,8.0,26.91,61.61,13.42,47.41,75.03,38.05,15.62,65.07,22.36,65.8,54.49,80.36,3.16,62.17,26.63
18,83.35,44.94,73.38,18.87,83.57,34.06,54.92,78.79,24.33,34.93,64.56,32.25,36.06,31.62,26.0,52.5,81.41,16.12,0.0,76.42,36.5,35.44,8.94,10.77,61.35,64.4,31.3,26.0,62.13,45.12,18.0,29.73,8.94,76.94,30.0,51.61,10.2,42.38,33.53,47.2,55.57,72.25,50.16,38.21,78.1,42.94,68.73,46.04,63.66,62.8,83.26,76.03,26.08,74.73,66.48,16.49,7.21,17.2,23.41,35.44,59.06,21.54,34.93,68.88,24.74,2.83,58.05,18.97,55.23,39.41,69.58,13.04,53.04,10.63
19,50.16,98.08,15.23,86.37,22.09,58.31,48.41,40.2,78.79,93.91,17.2,75.89,60.17,60.73,78.1,55.32,30.27,86.83,76.42,0.0,93.06,95.71,84.1,74.22,33.29,38.42,65.15,55.03,18.44,36.72,80.32,97.02,72.0,4.0,79.12,40.5,76.16,102.0,89.29,42.94,34.41,45.65,26.31,53.85,60.17,106.45,19.7,91.61,49.68,22.8,42.0,38.63,68.88,12.65,63.53,83.52,70.11,86.21,89.2,78.23,43.27,97.32,42.0,25.63,83.55,74.67,26.87,94.02,21.21,46.49,7.07,85.15,25.08,69.0
20,78.23,78.64,95.6,52.15,106.83,34.93,52.35,78.1,15.62,2.83,86.83,68.73,70.94,66.48,62.29,46.04,107.52,22.09,36.5,93.06,0.0,4.47,40.05,27.86,65.97,94.02,67.05,39.7,75.15,56.36,18.97,59.67,45.12,95.02,66.27,81.61,27.2,8.94,68.12,77.67,83.74,103.23,68.82,71.55,67.47,14.14,78.43,12.81,96.04,72.8,82.02,105.0,24.41,96.02,53.37,20.1,41.76,50.16,14.14,16.12,58.55,31.3,59.46,75.69,60.0,34.93,67.78,43.68,73.5,70.18,87.46,25.02,68.1,45.88
21,82.39,76.24,97.65,50.0,108.81,37.95,56.14,82.02,17.2,2.0,88.81,67.47,70.68,66.21,60.83,50.0,109.12,20.1,35.44,95.71,4.47,0.0,38.05,27.78,69.43,95.02,66.48,41.62,78.0,59.09,18.87,56.89,44.27,97.53,64.78,82.46,26.83,7.21,66.0,78.41,84.9,104.02,71.02,71.69,71.81,10.77,81.61,16.97,96.52,75.89,86.0,106.15,26.83,98.18,57.72,18.97,41.23,48.0,12.17,20.0,62.29,27.86,60.83,79.08,58.14,34.18,70.84,40.79,75.8,70.8,89.94,23.19,70.66,45.31
22,92.28,38.83,80.05,12.17,89.84,42.8,63.81,87.73,30.46,38.0,71.39,30.46,38.21,34.06,23.41,61.22,86.93,18.0,8.94,84.1,40.05,38.05,0.0,18.44,70.23,68.96,32.56,34.93,70.46,53.85,23.41,21.63,12.65,84.38,27.2,56.36,17.2,44.41,28.07,51.88,60.93,76.03,58.0,41.62,86.83,43.68,77.28,50.99,66.84,71.39,92.2,80.62,34.06,81.58,74.97,20.4,14.0,10.2,26.0,42.05,68.0,16.97,42.19,77.62,20.1,11.66,66.71,10.2,63.01,44.28,77.16,15.03,61.29,15.52
23,75.15,55.71,73.35,29.53,84.12,25.06,46.52,71.47,14.0,26.83,64.4,42.0,43.08,38.63,36.22,43.27,83.23,12.65,10.77,74.22,27.86,27.78,18.44,0.0,54.92,67.88,39.29,20.0,58.31,40.0,8.94,40.0,18.0,75.29,40.2,55.17,2.0,34.99,44.27,50.99,58.14,76.58,48.08,43.91,68.82,36.88,64.0,36.06,68.82,58.0,75.89,79.25,15.62,74.32,56.64,10.0,14.14,27.78,16.97,24.74,51.26,24.08,34.99,63.29,35.44,8.25,53.01,27.2,53.16,43.28,67.72,11.05,49.65,18.25
24,26.08,96.54,43.68,76.94,53.85,32.06,15.62,18.44,54.15,67.47,38.21,74.97,62.8,60.96,74.03,22.8,59.67,66.27,61.35,33.29,65.97,69.43,70.23,54.92,0.0,58.31,65.12,35.44,16.49,17.2,58.03,88.59,60.83,36.72,76.58,52.5,56.89,74.73,85.6,52.0,49.03,68.12,25.3,57.69,30.07,80.05,14.14,61.74,67.47,10.77,22.8,64.12,44.05,42.38,30.46,62.13,57.27,76.03,66.03,50.0,10.0,78.92,36.88,9.85,77.67,58.82,9.06,80.32,25.18,50.25,31.02,65.62,18.68,58.18
25,82.46,68.12,24.08,65.79,27.2,65.39,68.26,72.8,78.41,93.72,22.36,48.37,32.98,36.06,53.37,72.99,20.0,79.4,64.4,38.42,94.02,95.02,68.96,67.88,58.31,0.0,39.29,55.57,43.17,48.66,76.42,73.76,56.6,35.38,52.61,12.81,69.31,102.18,62.29,17.2,10.77,10.2,34.06,27.86,88.36,104.69,50.6,97.75,11.31,49.03,75.89,11.66,71.02,26.91,86.21,77.79,57.2,66.48,84.85,83.35,66.0,85.44,34.99,56.04,59.67,64.03,49.25,76.97,33.14,25.0,33.62,76.69,40.01,54.08
26,90.91,33.11,56.32,26.83,64.03,51.42,66.24,83.45,52.95,65.79,49.03,10.77,6.32,4.47,14.14,67.23,58.86,47.41,31.3,65.15,67.05,66.48,32.56,39.29,65.12,39.29,0.0,39.29,57.69,48.41,48.08,34.53,22.36,64.03,14.14,28.07,39.85,73.54,24.33,24.0,34.0,44.72,43.27,12.0,90.55,74.24,66.03,74.97,34.99,61.22,87.68,50.6,50.0,58.55,82.46,47.54,25.3,27.78,54.63,62.13,67.68,49.52,28.28,68.88,20.4,32.31,58.05,38.83,47.01,18.68,58.19,44.29,49.2,21.19
27,57.69,65.6,56.04,42.8,67.2,12.17,29.73,52.8,24.41,40.0,47.2,46.52,40.2,36.5,43.27,28.84,67.88,32.25,26.0,55.03,39.7,41.62,34.93,20.0,35.44,55.57,39.29,0.0,38.47,20.0,25.3,54.41,26.91,56.46,46.65,43.86,22.0,48.41,54.04,40.5,44.94,65.3,29.53,38.05,53.81,52.15,44.0,42.19,59.46,38.0,57.27,66.03,15.62,56.6,43.91,28.64,22.8,41.62,34.18,27.78,33.29,44.05,20.59,43.42,45.34,23.41,33.02,44.94,34.44,33.96,48.85,31.02,30.08,24.76
28,39.29,90.55,27.2,74.73,37.58,40.25,30.53,29.73,61.35,76.16,22.0,68.26,54.04,53.25,68.88,37.2,43.17,70.71,62.13,18.44,75.15,78.0,70.46,58.31,16.49,43.17,57.69,38.47,0.0,18.97,63.56,86.02,59.23,21.26,70.71,39.45,60.3,84.1,80.5,40.0,34.93,52.61,14.42,48.17,46.04,88.77,8.49,73.24,53.14,6.0,33.11,48.0,51.26,26.0,46.82,67.08,56.57,74.22,72.28,60.03,26.0,82.1,30.46,13.0,73.54,60.03,8.6,80.62,11.4,40.36,14.76,69.35,9.22,56.29
29,42.52,79.4,41.23,59.93,52.5,21.63,20.1,35.61,42.38,57.27,33.29,58.0,46.65,44.41,56.85,24.33,55.57,52.15,45.12,36.72,56.36,59.09,53.85,40.0,17.2,48.66,48.41,20.0,18.97,0.0,44.72,71.55,43.86,38.83,59.46,40.05,42.0,65.3,68.41,38.47,38.21,58.86,15.23,42.05,43.08,69.86,24.0,55.32,56.0,18.0,40.0,56.92,32.31,41.04,38.05,48.37,40.5,59.09,53.37,41.62,19.7,64.03,20.59,23.77,60.46,42.76,13.04,64.03,18.6,35.11,31.4,51.01,12.04,41.15
30,75.89,62.1,80.62,35.44,91.59,26.31,47.54,73.35,7.21,17.89,71.69,50.16,52.0,47.54,44.0,43.08,91.21,8.94,18.0,80.32,18.97,18.87,23.41,8.94,58.03,76.42,48.08,25.3,63.56,44.72,0.0,44.72,26.31,81.71,48.0,63.78,8.25,26.08,50.99,59.67,66.48,85.28,54.63,52.84,68.0,28.28,68.47,28.07,77.67,62.51,77.67,87.68,14.56,81.41,54.92,4.47,22.8,33.53,8.94,18.87,52.95,22.36,42.8,67.03,42.43,16.12,57.43,30.0,59.62,52.01,74.09,9.9,55.36,26.93
31,112.07,20.4,90.0,11.66,98.33,63.66,84.02,106.68,51.88,57.27,82.1,26.0,40.79,38.21,20.4,82.07,93.38,37.95,29.73,97.02,59.67,56.89,21.63,40.0,88.59,73.76,34.53,54.41,86.02,71.55,44.72,0.0,27.78,96.52,21.54,62.51,38.83,62.29,14.14,58.31,68.26,78.43,72.28,46.39,107.63,60.0,93.64,71.47,68.35,88.02,111.14,84.9,55.61,92.02,96.21,41.23,31.62,12.81,45.61,63.53,87.66,30.0,55.79,94.94,14.14,32.56,83.77,16.12,76.9,52.01,89.94,35.47,76.84,30.41
32,84.4,39.45,67.47,16.12,77.2,37.2,56.64,78.89,32.0,43.68,58.86,24.0,27.2,22.8,18.44,55.32,74.32,25.06,8.94,72.0,45.12,44.27,12.65,18.0,60.83,56.6,22.36,26.91,59.23,43.86,26.31,27.78,0.0,72.11,22.36,43.91,18.11,51.26,27.78,39.45,48.33,64.03,46.17,29.73,80.62,51.88,66.48,54.04,55.17,60.73,83.35,68.26,31.62,69.05,70.0,25.3,4.47,15.23,32.31,42.43,60.0,28.84,30.0,67.42,18.87,10.2,56.3,22.09,51.09,31.76,65.01,21.95,50.01,3.0
33,54.15,96.77,11.66,86.09,18.11,60.46,51.61,44.18,80.5,95.77,15.23,74.73,58.82,59.67,77.28,58.41,26.31,87.93,76.94,4.0,95.02,97.53,84.38,75.29,36.72,35.38,64.03,56.46,21.26,38.83,81.71,96.52,72.11,0.0,78.1,38.47,77.2,103.94,88.29,41.23,32.25,42.19,27.2,52.5,64.03,108.24,23.41,94.02,46.69,26.08,46.0,34.93,70.71,8.94,67.08,84.76,70.46,86.02,90.62,80.45,46.65,98.06,42.19,29.41,82.87,75.31,29.83,94.19,22.14,45.35,7.62,86.13,26.93,69.12
34,101.82,20.0,70.46,17.2,78.0,58.14,75.6,95.02,54.15,64.5,63.15,4.47,20.0,18.44,4.0,75.47,72.44,44.72,30.0,79.12,66.27,64.78,27.2,40.2,76.58,52.61,14.14,46.65,70.71,59.46,48.0,21.54,22.36,78.1,0.0,42.0,40.05,71.39,10.2,38.05,48.04,56.92,56.36,26.08,100.0,70.88,78.89,76.03,46.82,73.78,99.36,63.56,53.85,72.69,90.55,46.17,26.68,18.87,52.61,64.78,77.9,42.94,40.5,81.27,8.49,32.06,70.21,30.0,60.42,32.76,72.12,41.59,61.91,23.09
35,78.0,59.23,29.12,53.85,36.0,54.41,60.13,68.88,66.03,81.22,23.32,38.05,22.0,24.33,42.19,64.03,31.05,66.6,51.61,40.5,81.61,82.46,56.36,55.17,52.5,12.81,28.07,43.86,39.45,40.05,63.78,62.51,43.91,38.47,42.0,0.0,56.57,89.64,52.04,4.47,6.32,21.63,27.2,16.12,82.0,92.02,47.71,85.88,16.12,44.72,72.47,24.41,59.06,31.62,78.1,65.05,44.41,54.41,72.14,71.55,58.86,72.72,23.41,52.35,48.37,51.22,43.66,64.62,28.18,12.21,34.21,63.89,33.84,41.34
36,76.97,55.03,75.15,28.64,85.88,26.83,48.33,73.38,14.14,26.0,66.21,42.05,43.86,39.4,36.06,44.94,84.88,10.77,10.2,76.16,27.2,26.83,17.2,2.0,56.89,69.31,39.85,22.0,60.3,42.0,8.25,38.83,18.11,77.2,40.05,56.57,0.0,34.0,43.68,52.35,59.67,77.9,50.0,44.94,70.46,35.61,66.0,36.0,70.0,60.0,77.79,80.72,16.97,76.16,58.14,8.49,14.56,26.83,15.62,25.3,53.14,22.09,36.72,65.28,34.93,8.0,55.01,25.61,55.08,44.6,69.64,9.06,51.62,18.68
37,86.02,82.02,104.4,56.14,115.6,43.86,60.83,86.37,24.08,8.49,95.6,74.22,77.82,73.35,67.47,54.33,116.1,26.68,42.38,102.0,8.94,7.21,44.41,34.99,74.73,102.18,73.54,48.41,84.1,65.3,26.08,62.29,51.26,103.94,71.39,89.64,34.0,0.0,72.11,85.6,92.02,111.21,77.67,78.89,74.67,6.32,87.32,17.09,103.73,81.71,90.2,113.28,33.29,104.86,60.53,26.0,48.33,54.15,18.97,24.74,67.08,32.56,67.88,84.48,64.5,41.23,76.69,46.17,82.38,78.01,96.38,29.83,77.03,52.39
38,110.45,11.66,80.62,16.0,88.02,64.9,83.55,104.02,57.72,66.03,73.35,14.0,30.07,28.64,11.66,82.8,82.22,46.04,33.53,89.29,68.12,66.0,28.07,44.27,85.6,62.29,24.33,54.04,80.5,68.41,50.99,14.14,27.78,88.29,10.2,52.04,43.68,72.11,0.0,48.17,58.14,65.97,66.21,36.22,107.81,70.71,88.59,78.92,55.79,83.35,108.41,72.99,59.09,82.87,97.65,48.37,32.25,18.0,54.04,68.96,86.28,41.23,50.12,90.74,8.94,36.06,79.61,27.2,70.38,42.95,82.28,43.1,71.59,29.41
39,77.82,55.79,32.56,49.48,40.05,51.42,58.55,68.96,62.13,77.2,26.0,34.23,18.11,20.1,38.05,62.03,35.44,62.29,47.2,42.94,77.67,78.41,51.88,50.99,52.0,17.2,24.0,40.5,40.0,38.47,59.67,58.31,39.45,41.23,38.05,4.47,52.35,85.6,48.17,0.0,10.0,25.61,26.83,12.0,81.04,87.86,48.41,82.29,18.97,44.94,72.72,28.84,55.46,34.93,76.42,60.83,40.0,50.0,67.94,68.03,57.72,68.26,20.4,52.7,44.18,46.86,43.38,60.17,28.6,7.81,36.36,59.55,33.54,36.89
40,74.0,65.51,22.8,59.23,30.07,54.63,58.03,64.62,68.12,83.55,17.2,44.18,28.07,30.07,48.04,62.51,26.0,70.0,55.57,34.41,83.74,84.9,60.93,58.14,49.03,10.77,34.0,44.94,34.93,38.21,66.48,68.26,48.33,32.25,48.04,6.32,59.67,92.02,58.14,10.0,0.0,20.88,24.08,22.0,78.92,94.76,42.94,87.13,18.44,40.5,68.03,21.26,60.46,25.3,76.03,68.12,48.37,59.67,75.07,72.72,56.14,76.94,24.41,47.93,54.15,54.92,40.02,69.57,24.04,16.76,28.32,67.42,30.41,45.62
41,91.78,70.26,30.53,71.55,30.0,75.39,78.41,82.0,87.66,102.8,31.05,52.5,38.47,42.19,58.31,83.19,20.59,87.68,72.25,45.65,103.23,104.02,76.03,76.58,68.12,10.2,44.72,65.3,52.61,58.86,85.28,78.43,64.03,42.19,56.92,21.63,77.9,111.21,65.97,25.61,20.88,0.0,44.18,34.41,98.18,113.45,59.67,107.42,10.2,58.55,84.9,8.94,80.62,33.29,96.33,86.37,65.12,72.47,93.51,93.06,76.03,92.8,44.72,65.31,64.62,72.14,59.08,83.35,43.01,33.3,41.79,84.86,50.01,61.72
42,50.99,76.16,26.91,61.19,38.21,35.38,34.23,42.19,53.85,69.34,18.44,53.85,39.7,38.83,54.63,39.29,40.5,60.73,50.16,26.31,68.82,71.02,58.0,48.08,25.3,34.06,43.27,29.53,14.42,15.23,54.63,72.28,46.17,27.2,56.36,27.2,50.0,77.67,66.21,26.83,24.08,44.18,0.0,33.94,54.92,81.63,22.8,69.31,42.43,18.44,46.04,41.76,44.41,27.2,52.15,57.58,44.0,60.83,63.56,55.17,32.06,71.02,16.49,26.25,59.46,48.37,16.55,68.03,5.1,26.17,19.65,58.94,6.71,43.19
43,83.76,44.27,44.41,37.95,52.04,50.0,61.35,75.6,56.46,70.71,37.36,22.36,6.32,8.25,26.08,63.56,47.07,54.04,38.21,53.85,71.55,71.69,41.62,43.91,57.69,27.86,12.0,38.05,48.17,42.05,52.84,46.39,29.73,52.5,26.08,16.12,44.94,78.89,36.22,12.0,22.0,34.41,33.94,0.0,85.09,80.45,56.64,77.79,25.46,52.35,79.65,39.4,51.42,46.69,78.59,53.25,31.24,38.63,60.46,64.03,61.74,58.41,21.54,60.14,32.25,38.42,49.82,49.19,37.01,7.81,47.01,51.09,40.36,27.59
44,14.42,119.33,72.69,96.21,82.0,44.05,24.41,21.63,61.74,69.86,68.03,99.3,89.44,86.83,96.83,25.61,88.81,76.94,78.1,60.17,67.47,71.81,86.83,68.82,30.07,88.36,90.55,53.81,46.04,43.08,68.0,107.63,80.62,64.03,100.0,82.0,70.46,74.67,107.81,81.04,78.92,98.18,54.92,85.09,0.0,80.89,40.79,58.14,97.32,40.05,22.63,94.02,53.85,71.02,14.14,72.47,76.37,94.85,73.54,52.5,23.41,90.35,63.56,34.71,99.16,75.29,39.12,96.02,55.23,78.19,59.68,77.52,48.51,78.57
45,92.09,80.1,108.17,54.92,119.28,48.7,66.48,92.2,27.78,12.65,99.3,74.0,78.89,74.43,67.05,60.13,119.33,26.83,42.94,106.45,14.14,10.77,43.68,36.88,80.05,104.69,74.24,52.15,88.77,69.86,28.28,60.0,51.88,108.24,70.88,92.02,35.61,6.32,70.71,87.86,94.76,113.45,81.63,80.45,80.89,0.0,92.35,23.41,105.6,86.65,96.08,115.97,37.58,108.76,66.75,27.2,49.4,52.95,20.0,30.27,72.69,30.0,70.94,89.74,63.56,42.19,81.6,44.05,86.45,80.16,100.65,29.97,81.39,53.34
46,32.25,98.79,32.06,82.22,41.23,43.68,29.73,22.36,65.51,79.7,28.64,76.55,62.48,61.61,76.94,36.88,48.17,76.11,68.73,19.7,78.43,81.61,77.28,64.0,14.14,50.6,66.03,44.0,8.49,24.0,68.47,93.64,66.48,23.41,78.89,47.71,66.0,87.32,88.59,48.41,42.94,59.67,22.8,56.64,40.79,92.35,0.0,75.18,60.93,6.0,25.3,54.33,55.32,30.27,43.91,72.25,63.56,81.61,76.94,62.77,24.08,88.02,38.47,6.08,81.44,66.48,11.05,87.48,19.85,48.84,19.03,75.01,17.0,63.6
47,70.11,89.82,96.17,63.15,107.48,33.94,46.82,71.39,22.09,15.62,87.73,78.03,78.1,73.76,72.03,39.85,109.34,33.53,46.04,91.61,12.81,16.97,50.99,36.06,61.74,97.75,74.97,42.19,73.24,55.32,28.07,71.47,54.04,94.02,76.03,85.88,36.0,17.09,78.92,82.29,87.13,107.42,69.31,77.79,58.14,23.41,75.18,0.0,101.13,69.97,74.97,108.17,26.83,96.21,44.05,30.59,50.16,61.19,26.0,14.42,53.14,43.91,62.77,71.59,70.46,44.0,65.19,55.71,73.55,75.24,86.68,36.14,67.36,54.23
48,92.35,60.13,35.38,61.77,37.58,70.34,76.03,82.87,80.62,95.41,33.29,42.38,28.84,32.8,48.33,80.1,29.12,79.4,63.66,49.68,96.04,96.52,66.84,68.82,67.47,11.31,34.99,59.46,53.14,56.0,77.67,68.35,55.17,46.69,46.82,16.12,70.0,103.73,55.79,18.97,18.44,10.2,42.43,25.46,97.32,105.6,60.93,101.13,0.0,58.82,86.16,18.11,74.32,38.21,94.02,78.41,56.64,62.77,85.6,86.93,74.43,83.74,39.29,66.13,54.63,63.78,58.46,73.78,42.45,25.94,44.65,76.49,48.84,53.04
49,33.53,93.74,32.98,76.55,43.08,37.95,25.61,24.17,59.67,74.0,28.0,71.61,58.0,56.85,71.69,32.56,49.03,70.11,62.8,22.8,72.8,75.89,71.39,58.0,10.77,49.03,61.22,38.0,6.0,18.0,62.51,88.02,60.73,26.08,73.78,44.72,60.0,81.71,83.35,44.94,40.5,58.55,18.44,52.35,40.05,86.65,6.0,69.97,58.82,0.0,27.78,54.0,49.48,31.62,41.23,66.27,57.72,75.89,71.02,57.27,20.59,82.02,33.29,7.81,76.03,60.53,5.1,81.58,16.55,44.6,20.25,69.01,12.04,57.87
50,8.94,119.33,56.32,99.48,64.03,51.42,30.27,4.47,72.69,84.0,53.85,97.67,85.04,83.45,96.83,36.0,72.11,86.35,83.26,42.0,82.02,86.0,92.2,75.89,22.8,75.89,87.68,57.27,33.11,40.0,77.67,111.14,83.35,46.0,99.36,72.47,77.79,90.2,108.41,72.72,68.03,84.9,46.04,79.65,22.63,96.08,25.3,74.97,86.16,27.78,0.0,79.25,63.15,54.15,33.11,82.0,79.65,98.49,84.85,66.0,24.74,99.46,59.4,20.12,100.44,80.62,29.83,102.16,44.29,72.01,43.57,86.13,39.41,80.78
51,86.58,78.03,23.41,77.25,21.26,75.18,75.71,76.66,89.38,104.8,26.0,59.23,44.27,47.54,64.56,81.04,11.66,90.91,76.03,38.63,105.0,106.15,80.62,79.25,64.12,11.66,50.6,66.03,48.0,56.92,87.68,84.9,68.26,34.93,63.56,24.41,80.72,113.28,72.99,28.84,21.26,8.94,41.76,39.4,94.02,115.97,54.33,108.17,18.11,54.0,79.25,0.0,81.61,26.0,93.38,89.2,68.82,78.0,96.21,93.74,72.69,97.1,45.61,60.21,70.88,75.6,55.23,88.57,39.62,36.62,35.69,88.24,46.87,65.73
52,61.35,70.68,71.22,44.94,82.46,12.0,32.98,58.86,10.2,25.06,62.48,54.92,52.35,48.17,50.0,28.64,83.45,23.41,26.08,68.88,24.41,26.83,34.06,15.62,44.05,71.02,50.0,15.62,51.26,32.31,14.56,55.61,31.62,70.71,53.85,59.06,16.97,33.29,59.09,55.46,60.46,80.62,44.41,51.42,53.85,37.58,55.32,26.83,74.32,49.48,63.15,81.61,0.0,71.61,41.23,18.97,27.2,43.27,22.0,12.65,38.47,36.77,36.06,53.34,50.16,23.32,44.38,42.52,49.09,48.47,63.13,23.71,43.83,30.81
53,62.0,90.71,2.83,82.1,11.66,62.29,56.36,52.0,80.99,96.52,10.2,69.05,52.95,54.33,72.25,62.77,18.0,86.93,74.73,12.65,96.02,98.18,81.58,74.32,42.38,26.91,58.55,56.6,26.0,41.04,81.41,92.02,69.05,8.94,72.69,31.62,76.16,104.86,82.87,34.93,25.3,33.29,27.2,46.69,71.02,108.76,30.27,96.21,38.21,31.62,54.15,26.0,71.61,0.0,72.8,84.1,67.91,82.22,90.35,82.22,52.0,96.17,39.85,36.35,78.1,73.38,34.44,91.08,22.67,40.11,11.4,84.86,29.07,66.1
54,26.68,109.29,74.0,85.04,84.31,32.8,18.0,30.53,48.37,55.79,67.91,90.35,82.22,79.12,87.13,15.23,89.84,63.81,66.48,63.53,53.37,57.72,74.97,56.64,30.46,86.21,82.46,43.91,46.82,38.05,54.92,96.21,70.0,67.08,90.55,78.1,58.14,60.53,97.65,76.42,76.03,96.33,52.15,78.59,14.14,66.75,43.91,44.05,94.02,41.23,33.11,93.38,41.23,72.8,0.0,59.36,65.6,83.55,59.93,38.63,20.88,77.18,57.27,38.28,88.81,63.66,38.6,83.74,53.76,72.37,61.47,64.64,46.53,68.24
55,80.32,59.23,83.19,32.56,94.02,30.59,51.92,77.67,11.31,18.44,74.24,48.66,51.88,47.41,42.19,47.54,93.23,4.47,16.49,83.52,20.1,18.97,20.4,10.0,62.13,77.79,47.54,28.64,67.08,48.37,4.47,41.23,25.3,84.76,46.17,65.05,8.49,26.0,48.37,60.83,68.12,86.37,57.58,53.25,72.47,27.2,72.25,30.59,78.41,66.27,82.0,89.2,18.97,84.1,59.36,0.0,22.36,30.59,7.21,22.8,57.27,17.89,44.94,71.0,40.05,15.23,61.2,26.08,62.63,53.08,77.16,5.83,58.69,26.4
56,80.45,43.91,66.48,20.0,76.55,32.8,52.5,75.18,28.07,40.5,57.72,28.07,29.53,25.06,22.8,50.99,74.24,22.8,7.21,70.11,41.76,41.23,14.0,14.14,57.27,57.2,25.3,22.8,56.57,40.5,22.8,31.62,4.47,70.46,26.68,44.41,14.56,48.33,32.25,40.0,48.37,65.12,44.0,31.24,76.37,49.4,63.56,50.16,56.64,57.72,79.65,68.82,27.2,67.91,65.6,22.36,0.0,18.87,29.53,38.21,56.04,28.64,28.28,64.2,23.32,7.21,53.16,24.08,49.01,32.2,63.2,19.85,47.38,4.12
57,99.3,28.64,80.4,2.0,89.44,50.91,71.22,94.02,40.5,48.04,72.11,22.8,34.0,30.46,15.62,69.31,85.44,28.07,17.2,86.21,50.16,48.0,10.2,27.78,76.03,66.48,27.78,41.62,74.22,59.09,33.53,12.81,15.23,86.02,18.87,54.41,26.83,54.15,18.0,50.0,59.67,72.47,60.83,38.63,94.85,52.95,81.61,61.19,62.77,75.89,98.49,78.0,43.27,82.22,83.55,30.59,18.87,0.0,36.06,52.0,74.89,24.17,44.41,82.64,10.77,20.0,71.51,11.31,65.62,42.95,79.16,25.18,65.0,18.03
58,82.46,64.5,89.55,38.05,100.5,34.0,54.59,80.62,12.17,12.0,80.62,55.32,59.06,54.59,48.66,49.48,100.0,8.0,23.41,89.2,14.14,12.17,26.0,16.97,66.03,84.85,54.63,34.18,72.28,53.37,8.94,45.61,32.31,90.62,52.61,72.14,15.62,18.97,54.04,67.94,75.07,93.51,63.56,60.46,73.54,20.0,76.94,26.0,85.6,71.02,84.85,96.21,22.0,90.35,59.93,7.21,29.53,36.06,0.0,21.63,60.3,18.44,51.61,75.24,46.04,22.36,65.92,29.73,68.54,60.21,83.01,11.05,64.2,33.54
59,62.51,80.32,82.07,53.85,93.38,20.0,36.22,62.03,11.66,18.0,73.54,66.27,64.78,60.53,60.83,30.0,95.02,26.91,35.44,78.23,16.12,20.0,42.05,24.74,50.0,83.35,62.13,27.78,60.03,41.62,18.87,63.53,42.43,80.45,64.78,71.55,25.3,24.74,68.96,68.03,72.72,93.06,55.17,64.03,52.5,30.27,62.77,14.42,86.93,57.27,66.0,93.74,12.65,82.22,38.63,22.8,38.21,52.0,21.63,0.0,42.43,39.7,48.37,59.77,60.17,32.98,52.33,48.83,59.55,61.1,73.01,28.6,53.6,42.11
60,24.41,97.59,53.14,76.03,63.56,26.68,6.32,20.4,48.17,60.3,47.07,76.84,66.24,63.81,74.97,13.42,68.96,61.61,59.06,43.27,58.55,62.29,68.0,51.26,10.0,66.0,67.68,33.29,26.0,19.7,52.95,87.66,60.0,46.65,77.9,58.86,53.14,67.08,86.28,57.72,56.14,76.03,32.06,61.74,23.41,72.69,24.08,53.14,74.43,20.59,24.74,72.69,38.47,52.0,20.88,57.27,56.04,74.89,60.3,42.43,0.0,74.73,40.25,19.21,77.9,56.36,17.72,77.82,33.14,54.78,40.72,61.4,26.02,57.63
61,98.08,50.16,94.87,26.0,105.11,48.08,69.57,95.08,28.84,28.64,86.02,46.65,55.17,50.99,39.45,65.39,102.86,13.42,21.54,97.32,31.3,27.86,16.97,24.08,78.92,85.44,49.52,44.05,82.1,64.03,22.36,30.0,28.84,98.06,42.94,72.72,22.09,32.56,41.23,68.26,76.94,92.8,71.02,58.41,90.35,30.0,88.02,43.91,83.74,82.02,99.46,97.1,36.77,96.17,77.18,17.89,28.64,24.17,18.44,39.7,74.73,0.0,56.32,87.37,34.93,22.8,77.06,14.14,76.12,60.54,90.61,13.34,73.25,31.38
62,62.8,60.46,38.63,44.72,49.19,31.05,39.85,55.17,43.86,59.4,29.73,38.42,26.08,24.08,38.47,42.43,48.41,47.41,34.93,42.0,59.46,60.83,42.19,34.99,36.88,34.99,28.28,20.59,30.46,20.59,42.8,55.79,30.0,42.19,40.5,23.41,36.72,67.88,50.12,20.4,24.41,44.72,16.49,21.54,63.56,70.94,38.47,62.77,39.29,33.29,59.4,45.61,36.06,39.85,57.27,44.94,28.28,44.41,51.61,48.37,40.25,56.32,0.0,40.8,43.08,33.53,29.83,52.04,21.21,15.13,35.01,45.19,21.47,27.0
63,26.48,101.26,38.12,83.38,47.3,41.44,25.24,16.76,63.51,77.13,34.37,79.2,65.76,64.54,79.08,32.45,54.23,75.03,68.88,25.63,75.69,79.08,77.62,63.29,9.85,56.04,68.88,43.42,13.0,23.77,67.03,94.94,67.42,29.41,81.27,52.35,65.28,84.48,90.74,52.7,47.93,65.31,26.25,60.14,34.71,89.74,6.08,71.59,66.13,7.81,20.12,60.21,53.34,36.35,38.28,71.0,64.2,82.64,75.24,59.77,19.21,87.37,40.8,0.0,83.24,66.49,11.18,87.8,24.19,52.4,25.08,74.17,19.8,64.62
64,102.18,20.59,76.03,8.94,84.21,56.04,74.97,96.02,49.03,58.03,68.26,12.81,26.68,24.08,6.32,74.03,79.25,38.05,24.74,83.55,60.0,58.14,20.1,35.44,77.67,59.67,20.4,45.34,73.54,60.46,42.43,14.14,18.87,82.87,8.49,48.37,34.93,64.5,8.94,44.18,54.15,64.62,59.46,32.25,99.16,63.56,81.44,70.46,54.63,76.03,100.44,70.88,50.16,78.1,88.81,40.05,23.32,10.77,46.04,60.17,77.9,34.93,43.08,83.24,0.0,27.2,72.07,21.63,63.89,38.01,76.49,35.01,64.47,20.62
65,80.62,47.54,72.11,21.63,82.46,31.24,52.15,76.16,22.09,33.53,63.25,34.06,36.72,32.25,28.07,49.68,80.62,15.62,2.83,74.67,34.93,34.18,11.66,8.25,58.82,64.03,32.31,23.41,60.03,42.76,16.12,32.56,10.2,75.31,32.06,51.22,8.0,41.23,36.06,46.86,54.92,72.14,48.37,38.42,75.29,42.19,66.48,44.0,63.78,60.53,80.62,75.6,23.32,73.38,63.66,15.23,7.21,20.0,22.36,32.98,56.36,22.8,33.53,66.49,27.2,0.0,55.73,21.54,53.46,39.05,67.9,12.73,51.0,11.18
66,34.44,90.21,35.47,72.24,46.07,32.89,21.95,25.81,54.57,68.95,29.43,68.25,55.23,53.76,67.96,28.6,51.24,65.07,58.05,26.87,67.78,70.84,66.71,53.01,9.06,49.25,58.05,33.02,8.6,13.04,57.43,83.77,56.3,29.83,70.21,43.66,55.01,76.69,79.61,43.38,40.02,59.08,16.55,49.82,39.12,81.6,11.05,65.19,58.46,5.1,29.83,55.23,44.38,34.44,38.6,61.2,53.16,71.51,65.92,52.33,17.72,77.06,29.83,11.18,72.07,55.73,0.0,76.9,16.12,42.2,23.32,64.0,9.85,53.49
67,102.0,36.06,89.44,12.81,98.95,52.15,73.43,97.69,37.2,41.23,80.89,34.06,44.94,41.18,26.91,70.46,95.52,22.36,18.97,94.02,43.68,40.79,10.2,27.2,80.32,76.97,38.83,44.94,80.62,64.03,30.0,16.12,22.09,94.19,30.0,64.62,25.61,46.17,27.2,60.17,69.57,83.35,68.03,49.19,96.02,44.05,87.48,55.71,73.78,81.58,102.16,88.57,42.52,91.08,83.74,26.08,24.08,11.31,29.73,48.83,77.82,14.14,52.04,87.8,21.63,21.54,76.9,0.0,73.01,52.81,87.05,20.25,71.45,25.08
68,49.98,80.06,22.67,65.92,33.97,39.62,36.14,40.72,58.67,74.09,14.76,57.71,43.01,42.54,58.87,41.79,37.12,65.8,55.23,21.21,73.5,75.8,63.01,53.16,25.18,33.14,47.01,34.44,11.4,18.6,59.62,76.9,51.09,22.14,60.42,28.18,55.08,82.38,70.38,28.6,24.04,43.01,5.1,37.01,55.23,86.45,19.85,73.55,42.45,16.55,44.29,39.62,49.09,22.67,53.76,62.63,49.01,65.62,68.54,59.55,33.14,76.12,21.21,24.19,63.89,53.46,16.12,73.01,0.0,29.21,14.56,64.03,7.28,48.09
69,76.32,51.62,38.01,42.58,46.53,45.4,54.82,68.01,54.71,69.63,30.41,29.41,13.89,14.32,32.14,57.56,42.72,54.49,39.41,46.49,70.18,70.8,44.28,43.28,50.25,25.0,18.68,33.96,40.36,35.11,52.01,52.01,31.76,45.35,32.76,12.21,44.6,78.01,42.95,7.81,16.76,33.3,26.17,7.81,78.19,80.16,48.84,75.24,25.94,44.6,72.01,36.62,48.47,40.11,72.37,53.08,32.2,42.95,60.21,61.1,54.78,60.54,15.13,52.4,38.01,39.05,42.2,52.81,29.21,0.0,39.56,51.74,32.65,29.15
70,51.09,91.18,13.04,79.31,22.85,53.01,45.28,41.11,72.9,88.19,11.4,68.95,53.31,53.76,71.06,51.87,29.15,80.36,69.58,7.07,87.46,89.94,77.16,67.72,31.02,33.62,58.19,48.85,14.76,31.4,74.09,89.94,65.01,7.62,72.12,34.21,69.64,96.38,82.28,36.36,28.32,41.79,19.65,47.01,59.68,100.65,19.03,86.68,44.65,20.25,43.57,35.69,63.13,11.4,61.47,77.16,63.2,79.16,83.01,73.01,40.72,90.61,35.01,25.08,76.49,67.9,23.32,87.05,14.56,39.56,0.0,78.59,19.42,62.01
71,84.86,53.76,83.77,27.17,94.37,34.79,56.3,81.74,17.03,23.02,74.85,44.38,49.09,44.65,37.66,52.33,92.96,3.16,13.04,85.15,25.02,23.19,15.03,11.05,65.62,76.69,44.29,31.02,69.35,51.01,9.9,35.47,21.95,86.13,41.59,63.89,9.06,29.83,43.1,59.55,67.42,84.86,58.94,51.09,77.52,29.97,75.01,36.14,76.49,69.01,86.13,88.24,23.71,84.86,64.64,5.83,19.85,25.18,11.05,28.6,61.4,13.34,45.19,74.17,35.01,12.73,64.0,20.25,64.03,51.74,78.59,0.0,60.67,23.6
72,44.28,81.84,29.41,65.52,40.61,33.6,28.86,35.51,53.71,68.88,21.93,59.64,45.97,44.82,59.94,34.54,44.28,62.17,53.04,25.08,68.1,70.66,61.29,49.65,18.68,40.01,49.2,30.08,9.22,12.04,55.36,76.84,50.01,26.93,61.91,33.84,51.62,77.03,71.59,33.54,30.41,50.01,6.71,40.36,48.51,81.39,17.0,67.36,48.84,12.04,39.41,46.87,43.83,29.07,46.53,58.69,47.38,65.0,64.2,53.6,26.02,73.25,21.47,19.8,64.47,51.0,9.85,71.45,7.28,32.65,19.42,60.67,0.0,47.07
73,82.01,41.05,64.54,18.79,74.33,35.51,54.45,76.32,32.14,44.6,55.9,24.19,25.55,21.1,19.31,53.41,71.59,26.63,10.63,69.0,45.88,45.31,15.52,18.25,58.18,54.08,21.19,24.76,56.29,41.15,26.93,30.41,3.0,69.12,23.09,41.34,18.68,52.39,29.41,36.89,45.62,61.72,43.19,27.59,78.57,53.34,63.6,54.23,53.04,57.87,80.78,65.73,30.81,66.1,68.24,26.4,4.12,18.03,33.54,42.11,57.63,31.38,27.0,64.62,20.62,11.18,53.49,25.08,48.09,29.15,62.01,23.6,47.07,0.0
