set K:= 1	2	3	4	5	6	7	8	9;
set C_H:= 1	2	3	4	5	6	7	8	9	10	11	12	13	14	15	16	17	18	19	20	21	22;
set C_S:= 23	24	25	26	27	28	29	30	31	32	33	34	35	36	37	38	39	40	41	42	43;
set C_F:= 44	45	46	47	48	49	50	51	52	53	54	55	56	57	58	59	60	61	62	63	64;
set M:= 65	66	67	68	69	70;
set L_B:= 71	72	73	74	75	76	77	78	79;
set A1:=
(0,*) 1 2 3 4 5 6 7 8 9 10 11 12 13 14 15 16 17 18 19 20 21 22 44 45 46 47 48 49 50 51 52 53 54 55 56 57 58 59 60 61 62 63 64 65 66 67 68 69 70 71 72 73 74 75 76 77 78 79
(1,*) 0 2 3 4 5 6 7 8 9 10 11 12 13 14 15 16 17 18 19 20 21 22 44 45 46 47 48 49 50 51 52 53 54 55 56 57 58 59 60 61 62 63 64 65 66 67 68 69 70 71 72 73 74 75 76 77 78 79
(2,*) 0 1 3 4 5 6 7 8 9 10 11 12 13 14 15 16 17 18 19 20 21 22 44 45 46 47 48 49 50 51 52 53 54 55 56 57 58 59 60 61 62 63 64 65 66 67 68 69 70 71 72 73 74 75 76 77 78 79
(3,*) 0 1 2 4 5 6 7 8 9 10 11 12 13 14 15 16 17 18 19 20 21 22 44 45 46 47 48 49 50 51 52 53 54 55 56 57 58 59 60 61 62 63 64 65 66 67 68 69 70 71 72 73 74 75 76 77 78 79
(4,*) 0 1 2 3 5 6 7 8 9 10 11 12 13 14 15 16 17 18 19 20 21 22 44 45 46 47 48 49 50 51 52 53 54 55 56 57 58 59 60 61 62 63 64 65 66 67 68 69 70 71 72 73 74 75 76 77 78 79
(5,*) 0 1 2 3 4 6 7 8 9 10 11 12 13 14 15 16 17 18 19 20 21 22 44 45 46 47 48 49 50 51 52 53 54 55 56 57 58 59 60 61 62 63 64 65 66 67 68 69 70 71 72 73 74 75 76 77 78 79
(6,*) 0 1 2 3 4 5 7 8 9 10 11 12 13 14 15 16 17 18 19 20 21 22 44 45 46 47 48 49 50 51 52 53 54 55 56 57 58 59 60 61 62 63 64 65 66 67 68 69 70 71 72 73 74 75 76 77 78 79
(7,*) 0 1 2 3 4 5 6 8 9 10 11 12 13 14 15 16 17 18 19 20 21 22 44 45 46 47 48 49 50 51 52 53 54 55 56 57 58 59 60 61 62 63 64 65 66 67 68 69 70 71 72 73 74 75 76 77 78 79
(8,*) 0 1 2 3 4 5 6 7 9 10 11 12 13 14 15 16 17 18 19 20 21 22 44 45 46 47 48 49 50 51 52 53 54 55 56 57 58 59 60 61 62 63 64 65 66 67 68 69 70 71 72 73 74 75 76 77 78 79
(9,*) 0 1 2 3 4 5 6 7 8 10 11 12 13 14 15 16 17 18 19 20 21 22 44 45 46 47 48 49 50 51 52 53 54 55 56 57 58 59 60 61 62 63 64 65 66 67 68 69 70 71 72 73 74 75 76 77 78 79
(10,*) 0 1 2 3 4 5 6 7 8 9 11 12 13 14 15 16 17 18 19 20 21 22 44 45 46 47 48 49 50 51 52 53 54 55 56 57 58 59 60 61 62 63 64 65 66 67 68 69 70 71 72 73 74 75 76 77 78 79
(11,*) 0 1 2 3 4 5 6 7 8 9 10 12 13 14 15 16 17 18 19 20 21 22 44 45 46 47 48 49 50 51 52 53 54 55 56 57 58 59 60 61 62 63 64 65 66 67 68 69 70 71 72 73 74 75 76 77 78 79
(12,*) 0 1 2 3 4 5 6 7 8 9 10 11 13 14 15 16 17 18 19 20 21 22 44 45 46 47 48 49 50 51 52 53 54 55 56 57 58 59 60 61 62 63 64 65 66 67 68 69 70 71 72 73 74 75 76 77 78 79
(13,*) 0 1 2 3 4 5 6 7 8 9 10 11 12 14 15 16 17 18 19 20 21 22 44 45 46 47 48 49 50 51 52 53 54 55 56 57 58 59 60 61 62 63 64 65 66 67 68 69 70 71 72 73 74 75 76 77 78 79
(14,*) 0 1 2 3 4 5 6 7 8 9 10 11 12 13 15 16 17 18 19 20 21 22 44 45 46 47 48 49 50 51 52 53 54 55 56 57 58 59 60 61 62 63 64 65 66 67 68 69 70 71 72 73 74 75 76 77 78 79
(15,*) 0 1 2 3 4 5 6 7 8 9 10 11 12 13 14 16 17 18 19 20 21 22 44 45 46 47 48 49 50 51 52 53 54 55 56 57 58 59 60 61 62 63 64 65 66 67 68 69 70 71 72 73 74 75 76 77 78 79
(16,*) 0 1 2 3 4 5 6 7 8 9 10 11 12 13 14 15 17 18 19 20 21 22 44 45 46 47 48 49 50 51 52 53 54 55 56 57 58 59 60 61 62 63 64 65 66 67 68 69 70 71 72 73 74 75 76 77 78 79
(17,*) 0 1 2 3 4 5 6 7 8 9 10 11 12 13 14 15 16 18 19 20 21 22 44 45 46 47 48 49 50 51 52 53 54 55 56 57 58 59 60 61 62 63 64 65 66 67 68 69 70 71 72 73 74 75 76 77 78 79
(18,*) 0 1 2 3 4 5 6 7 8 9 10 11 12 13 14 15 16 17 19 20 21 22 44 45 46 47 48 49 50 51 52 53 54 55 56 57 58 59 60 61 62 63 64 65 66 67 68 69 70 71 72 73 74 75 76 77 78 79
(19,*) 0 1 2 3 4 5 6 7 8 9 10 11 12 13 14 15 16 17 18 20 21 22 44 45 46 47 48 49 50 51 52 53 54 55 56 57 58 59 60 61 62 63 64 65 66 67 68 69 70 71 72 73 74 75 76 77 78 79
(20,*) 0 1 2 3 4 5 6 7 8 9 10 11 12 13 14 15 16 17 18 19 21 22 44 45 46 47 48 49 50 51 52 53 54 55 56 57 58 59 60 61 62 63 64 65 66 67 68 69 70 71 72 73 74 75 76 77 78 79
(21,*) 0 1 2 3 4 5 6 7 8 9 10 11 12 13 14 15 16 17 18 19 20 22 44 45 46 47 48 49 50 51 52 53 54 55 56 57 58 59 60 61 62 63 64 65 66 67 68 69 70 71 72 73 74 75 76 77 78 79
(22,*) 0 1 2 3 4 5 6 7 8 9 10 11 12 13 14 15 16 17 18 19 20 21 44 45 46 47 48 49 50 51 52 53 54 55 56 57 58 59 60 61 62 63 64 65 66 67 68 69 70 71 72 73 74 75 76 77 78 79
(44,*) 0 1 2 3 4 5 6 7 8 9 10 11 12 13 14 15 16 17 18 19 20 21 22 45 46 47 48 49 50 51 52 53 54 55 56 57 58 59 60 61 62 63 64 65 66 67 68 69 70 71 72 73 74 75 76 77 78 79
(45,*) 0 1 2 3 4 5 6 7 8 9 10 11 12 13 14 15 16 17 18 19 20 21 22 44 46 47 48 49 50 51 52 53 54 55 56 57 58 59 60 61 62 63 64 65 66 67 68 69 70 71 72 73 74 75 76 77 78 79
(46,*) 0 1 2 3 4 5 6 7 8 9 10 11 12 13 14 15 16 17 18 19 20 21 22 44 45 47 48 49 50 51 52 53 54 55 56 57 58 59 60 61 62 63 64 65 66 67 68 69 70 71 72 73 74 75 76 77 78 79
(47,*) 0 1 2 3 4 5 6 7 8 9 10 11 12 13 14 15 16 17 18 19 20 21 22 44 45 46 48 49 50 51 52 53 54 55 56 57 58 59 60 61 62 63 64 65 66 67 68 69 70 71 72 73 74 75 76 77 78 79
(48,*) 0 1 2 3 4 5 6 7 8 9 10 11 12 13 14 15 16 17 18 19 20 21 22 44 45 46 47 49 50 51 52 53 54 55 56 57 58 59 60 61 62 63 64 65 66 67 68 69 70 71 72 73 74 75 76 77 78 79
(49,*) 0 1 2 3 4 5 6 7 8 9 10 11 12 13 14 15 16 17 18 19 20 21 22 44 45 46 47 48 50 51 52 53 54 55 56 57 58 59 60 61 62 63 64 65 66 67 68 69 70 71 72 73 74 75 76 77 78 79
(50,*) 0 1 2 3 4 5 6 7 8 9 10 11 12 13 14 15 16 17 18 19 20 21 22 44 45 46 47 48 49 51 52 53 54 55 56 57 58 59 60 61 62 63 64 65 66 67 68 69 70 71 72 73 74 75 76 77 78 79
(51,*) 0 1 2 3 4 5 6 7 8 9 10 11 12 13 14 15 16 17 18 19 20 21 22 44 45 46 47 48 49 50 52 53 54 55 56 57 58 59 60 61 62 63 64 65 66 67 68 69 70 71 72 73 74 75 76 77 78 79
(52,*) 0 1 2 3 4 5 6 7 8 9 10 11 12 13 14 15 16 17 18 19 20 21 22 44 45 46 47 48 49 50 51 53 54 55 56 57 58 59 60 61 62 63 64 65 66 67 68 69 70 71 72 73 74 75 76 77 78 79
(53,*) 0 1 2 3 4 5 6 7 8 9 10 11 12 13 14 15 16 17 18 19 20 21 22 44 45 46 47 48 49 50 51 52 54 55 56 57 58 59 60 61 62 63 64 65 66 67 68 69 70 71 72 73 74 75 76 77 78 79
(54,*) 0 1 2 3 4 5 6 7 8 9 10 11 12 13 14 15 16 17 18 19 20 21 22 44 45 46 47 48 49 50 51 52 53 55 56 57 58 59 60 61 62 63 64 65 66 67 68 69 70 71 72 73 74 75 76 77 78 79
(55,*) 0 1 2 3 4 5 6 7 8 9 10 11 12 13 14 15 16 17 18 19 20 21 22 44 45 46 47 48 49 50 51 52 53 54 56 57 58 59 60 61 62 63 64 65 66 67 68 69 70 71 72 73 74 75 76 77 78 79
(56,*) 0 1 2 3 4 5 6 7 8 9 10 11 12 13 14 15 16 17 18 19 20 21 22 44 45 46 47 48 49 50 51 52 53 54 55 57 58 59 60 61 62 63 64 65 66 67 68 69 70 71 72 73 74 75 76 77 78 79
(57,*) 0 1 2 3 4 5 6 7 8 9 10 11 12 13 14 15 16 17 18 19 20 21 22 44 45 46 47 48 49 50 51 52 53 54 55 56 58 59 60 61 62 63 64 65 66 67 68 69 70 71 72 73 74 75 76 77 78 79
(58,*) 0 1 2 3 4 5 6 7 8 9 10 11 12 13 14 15 16 17 18 19 20 21 22 44 45 46 47 48 49 50 51 52 53 54 55 56 57 59 60 61 62 63 64 65 66 67 68 69 70 71 72 73 74 75 76 77 78 79
(59,*) 0 1 2 3 4 5 6 7 8 9 10 11 12 13 14 15 16 17 18 19 20 21 22 44 45 46 47 48 49 50 51 52 53 54 55 56 57 58 60 61 62 63 64 65 66 67 68 69 70 71 72 73 74 75 76 77 78 79
(60,*) 0 1 2 3 4 5 6 7 8 9 10 11 12 13 14 15 16 17 18 19 20 21 22 44 45 46 47 48 49 50 51 52 53 54 55 56 57 58 59 61 62 63 64 65 66 67 68 69 70 71 72 73 74 75 76 77 78 79
(61,*) 0 1 2 3 4 5 6 7 8 9 10 11 12 13 14 15 16 17 18 19 20 21 22 44 45 46 47 48 49 50 51 52 53 54 55 56 57 58 59 60 62 63 64 65 66 67 68 69 70 71 72 73 74 75 76 77 78 79
(62,*) 0 1 2 3 4 5 6 7 8 9 10 11 12 13 14 15 16 17 18 19 20 21 22 44 45 46 47 48 49 50 51 52 53 54 55 56 57 58 59 60 61 63 64 65 66 67 68 69 70 71 72 73 74 75 76 77 78 79
(63,*) 0 1 2 3 4 5 6 7 8 9 10 11 12 13 14 15 16 17 18 19 20 21 22 44 45 46 47 48 49 50 51 52 53 54 55 56 57 58 59 60 61 62 64 65 66 67 68 69 70 71 72 73 74 75 76 77 78 79
(64,*) 0 1 2 3 4 5 6 7 8 9 10 11 12 13 14 15 16 17 18 19 20 21 22 44 45 46 47 48 49 50 51 52 53 54 55 56 57 58 59 60 61 62 63 65 66 67 68 69 70 71 72 73 74 75 76 77 78 79
(65,*) 0 1 2 3 4 5 6 7 8 9 10 11 12 13 14 15 16 17 18 19 20 21 22 44 45 46 47 48 49 50 51 52 53 54 55 56 57 58 59 60 61 62 63 64 67 68 69 70 71 72 73 74 75 76 77 78 79
(66,*) 0 1 2 3 4 5 6 7 8 9 10 11 12 13 14 15 16 17 18 19 20 21 22 44 45 46 47 48 49 50 51 52 53 54 55 56 57 58 59 60 61 62 63 64 67 68 69 70 71 72 73 74 75 76 77 78 79
(67,*) 0 1 2 3 4 5 6 7 8 9 10 11 12 13 14 15 16 17 18 19 20 21 22 44 45 46 47 48 49 50 51 52 53 54 55 56 57 58 59 60 61 62 63 64 65 66 69 70 71 72 73 74 75 76 77 78 79
(68,*) 0 1 2 3 4 5 6 7 8 9 10 11 12 13 14 15 16 17 18 19 20 21 22 44 45 46 47 48 49 50 51 52 53 54 55 56 57 58 59 60 61 62 63 64 65 66 69 70 71 72 73 74 75 76 77 78 79
(69,*) 0 1 2 3 4 5 6 7 8 9 10 11 12 13 14 15 16 17 18 19 20 21 22 44 45 46 47 48 49 50 51 52 53 54 55 56 57 58 59 60 61 62 63 64 65 66 67 68 71 72 73 74 75 76 77 78 79
(70,*) 0 1 2 3 4 5 6 7 8 9 10 11 12 13 14 15 16 17 18 19 20 21 22 44 45 46 47 48 49 50 51 52 53 54 55 56 57 58 59 60 61 62 63 64 65 66 67 68 71 72 73 74 75 76 77 78 79
(71,*) 0 1 2 3 4 5 6 7 8 9 10 11 12 13 14 15 16 17 18 19 20 21 22 44 45 46 47 48 49 50 51 52 53 54 55 56 57 58 59 60 61 62 63 64 65 66 67 68 69 70 72 73 74 75 76 77 78 79
(72,*) 0 1 2 3 4 5 6 7 8 9 10 11 12 13 14 15 16 17 18 19 20 21 22 44 45 46 47 48 49 50 51 52 53 54 55 56 57 58 59 60 61 62 63 64 65 66 67 68 69 70 71 73 74 75 76 77 78 79
(73,*) 0 1 2 3 4 5 6 7 8 9 10 11 12 13 14 15 16 17 18 19 20 21 22 44 45 46 47 48 49 50 51 52 53 54 55 56 57 58 59 60 61 62 63 64 65 66 67 68 69 70 71 72 74 75 76 77 78 79
(74,*) 0 1 2 3 4 5 6 7 8 9 10 11 12 13 14 15 16 17 18 19 20 21 22 44 45 46 47 48 49 50 51 52 53 54 55 56 57 58 59 60 61 62 63 64 65 66 67 68 69 70 71 72 73 75 76 77 78 79
(75,*) 0 1 2 3 4 5 6 7 8 9 10 11 12 13 14 15 16 17 18 19 20 21 22 44 45 46 47 48 49 50 51 52 53 54 55 56 57 58 59 60 61 62 63 64 65 66 67 68 69 70 71 72 73 74 76 77 78 79
(76,*) 0 1 2 3 4 5 6 7 8 9 10 11 12 13 14 15 16 17 18 19 20 21 22 44 45 46 47 48 49 50 51 52 53 54 55 56 57 58 59 60 61 62 63 64 65 66 67 68 69 70 71 72 73 74 75 77 78 79
(77,*) 0 1 2 3 4 5 6 7 8 9 10 11 12 13 14 15 16 17 18 19 20 21 22 44 45 46 47 48 49 50 51 52 53 54 55 56 57 58 59 60 61 62 63 64 65 66 67 68 69 70 71 72 73 74 75 76 78 79
(78,*) 0 1 2 3 4 5 6 7 8 9 10 11 12 13 14 15 16 17 18 19 20 21 22 44 45 46 47 48 49 50 51 52 53 54 55 56 57 58 59 60 61 62 63 64 65 66 67 68 69 70 71 72 73 74 75 76 77 79
(79,*) 0 1 2 3 4 5 6 7 8 9 10 11 12 13 14 15 16 17 18 19 20 21 22 44 45 46 47 48 49 50 51 52 53 54 55 56 57 58 59 60 61 62 63 64 65 66 67 68 69 70 71 72 73 74 75 76 77 78
;
set A2:=
(65,*) 66
(66,*) 65
(67,*) 68
(68,*) 67
(69,*) 70
(70,*) 69
;
param BigM:=99999;
param n:= 9;
param d:=
1	12
2	20
3	10
4	18
5	9
6	1
7	9
8	22
9	15
10	16
11	23
12	2
13	5
14	6
15	13
16	24
17	6
18	21
19	20
20	24
21	4
22	16
23	7
24	9
25	26
26	17
27	2
28	11
29	12
30	23
31	7
32	26
33	2
34	12
35	19
36	5
37	2
38	13
39	10
40	19
41	14
42	23
43	14
44	24
45	16
46	11
47	12
48	10
49	21
50	17
51	14
52	24
53	18
54	15
55	8
56	14
57	25
58	8
59	14
60	2
61	6
62	24
63	2
64	23
;
param Q:=100;
param w:=
[65,*] 66 0.5
[66,*] 65 0.5
[67,*] 68 0.5
[68,*] 67 0.5
[69,*] 70 0.5
[70,*] 69 0.5
;
param V:=
[65,*] 66 71
[66,*] 65 71
[67,*] 68 97
[68,*] 67 97
[69,*] 70 90
[70,*] 69 90
;
param e:
	65	66	67	68	69	70	71	72	73	74	75	76	77	78	79:=
23	0	0	1	0	1	0	0	0	0	0	1	0	0	1	0	
24	0	0	1	0	0	0	0	0	0	0	1	0	0	1	0	
25	0	1	0	0	0	0	0	0	1	0	0	0	0	0	0	
26	1	0	0	0	0	1	1	0	0	0	0	0	0	0	0	
27	0	0	0	1	0	1	1	0	0	0	0	0	0	0	0	
28	0	0	0	1	0	1	1	0	0	0	0	0	0	0	0	
29	0	1	1	0	0	0	0	0	1	0	0	0	0	0	0	
30	0	1	0	1	0	0	0	0	1	0	0	1	0	0	0	
31	0	0	0	1	0	1	1	0	0	0	0	0	1	0	0	
32	1	0	0	0	0	1	0	0	0	1	0	0	0	0	0	
33	0	1	0	0	0	0	0	0	1	0	0	0	0	0	0	
34	0	0	0	1	0	1	0	0	0	1	0	0	0	0	0	
35	0	0	1	0	1	0	0	1	0	0	1	0	0	0	0	
36	0	0	0	0	1	0	0	0	0	0	0	0	0	0	1	
37	0	0	1	0	0	0	0	0	0	0	1	0	0	1	0	
38	0	1	0	0	0	0	0	0	0	0	1	0	0	0	0	
39	0	0	1	0	1	0	0	1	0	0	0	0	0	0	0	
40	1	0	0	0	0	1	0	0	0	1	0	0	0	0	0	
41	1	0	0	0	0	1	1	0	0	0	0	0	0	0	0	
42	0	0	1	0	1	0	0	0	0	0	0	0	0	1	0	
43	0	1	0	0	0	0	0	0	1	0	0	1	0	0	1	
44	0	0	0	0	1	0	0	0	0	1	0	0	0	0	0	
45	0	0	1	0	1	0	0	1	0	0	0	0	0	1	0	
46	0	1	0	0	0	0	0	0	1	0	0	1	0	0	1	
47	0	0	1	0	1	0	0	0	0	0	1	0	0	1	0	
48	0	0	0	1	0	1	1	0	0	1	0	0	1	0	0	
49	1	0	0	0	0	1	1	0	0	0	0	0	1	0	0	
50	0	0	0	1	0	1	1	0	0	1	0	0	1	0	0	
51	0	0	0	1	0	0	1	0	0	1	0	0	1	0	0	
52	0	1	1	0	0	0	0	0	1	0	0	0	0	0	1	
53	0	1	1	0	0	0	0	0	1	0	0	1	0	0	1	
54	0	0	1	0	1	0	0	0	0	0	1	0	0	1	0	
55	0	0	1	0	1	0	0	0	1	0	0	0	0	0	0	
56	1	0	0	0	0	1	1	0	0	0	0	0	0	0	0	
57	1	0	0	0	0	1	1	0	0	0	0	0	1	0	0	
58	0	1	0	0	0	0	0	0	1	0	0	1	0	0	1	
59	0	1	0	1	0	0	0	0	1	0	0	1	0	0	1	
60	0	0	0	1	0	1	0	0	0	0	0	1	0	0	0	
61	1	0	0	0	0	1	1	0	0	0	0	0	1	0	0	
62	0	0	0	0	0	1	1	0	0	0	0	0	1	0	0	
63	1	0	0	0	0	0	0	0	0	0	0	0	1	0	0	
64	0	0	0	1	0	0	0	0	0	0	0	0	0	1	0	
;
param p:=
1	3
2	3
3	3
4	3
5	3
6	3
7	3
8	3
9	3
;
param G:=
65	71
66	70
67	97
68	71
69	90
70	71
71	78
72	83
73	88
74	98
75	78
76	95
77	86
78	72
79	83
;
param s:=
0	0
1	10
2	10
3	10
4	10
5	10
6	10
7	10
8	10
9	10
10	10
11	10
12	10
13	10
14	10
15	10
16	10
17	10
18	10
19	10
20	10
21	10
22	10
44	10
45	10
46	10
47	10
48	10
49	10
50	10
51	10
52	10
53	10
54	10
55	10
56	10
57	10
58	10
59	10
60	10
61	10
62	10
63	10
64	10
65	10
66	10
67	10
68	10
69	10
70	10
71	10
72	10
73	10
74	10
75	10
76	10
77	10
78	10
79	10
;
param t:
	0	1	2	3	4	5	6	7	8	9	10	11	12	13	14	15	16	17	18	19	20	21	22	23	24	25	26	27	28	29	30	31	32	33	34	35	36	37	38	39	40	41	42	43	44	45	46	47	48	49	50	51	52	53	54	55	56	57	58	59	60	61	62	63	64	65	66	67	68	69	70	71	72	73	74	75	76	77	78	79:=
0	0.0	45.12	28.84	32.25	66.6	54.63	52.8	40.2	38.21	34.93	30.0	46.04	52.95	50.91	17.09	61.35	18.97	10.2	37.74	31.24	62.13	45.12	18.0	39.7	26.31	47.07	70.94	35.78	51.92	46.69	11.31	38.83	62.8	33.94	41.23	52.5	70.26	38.47	18.44	59.36	67.08	63.81	48.37	26.08	72.11	52.15	32.06	64.4	39.7	65.3	45.34	29.73	35.38	30.53	47.2	73.76	74.32	62.13	25.06	22.8	45.69	63.66	50.12	68.0	35.78	78.39	37.12	54.49	36.0	63.82	59.82	41.11	72.35	29.21	21.1	38.28	18.03	39.82	37.74	10.63
1	45.12	0.0	68.96	30.53	40.0	13.42	22.09	85.16	15.23	78.03	17.2	75.39	54.04	84.12	46.04	80.0	62.13	50.16	32.31	27.78	43.17	20.0	27.86	75.71	50.6	92.2	44.05	28.64	7.21	90.02	55.03	16.97	62.13	76.03	4.0	87.36	78.1	57.31	58.03	85.88	64.5	45.12	75.15	66.24	89.38	89.82	76.42	86.53	26.91	32.56	27.78	24.17	77.82	74.67	77.25	86.28	59.67	43.17	64.5	66.48	28.07	34.06	39.45	72.8	28.64	58.22	82.04	86.38	12.81	91.24	37.66	21.4	105.69	72.62	26.02	62.65	61.13	28.32	67.68	54.71
2	28.84	68.96	0.0	44.72	95.27	80.45	80.62	31.24	57.58	36.72	51.88	62.8	80.32	63.25	23.41	82.1	30.07	19.8	48.17	60.0	90.97	61.61	41.62	51.92	51.42	33.11	99.64	48.66	76.16	43.86	17.89	66.48	89.84	8.0	65.51	62.77	94.53	62.8	36.06	75.71	94.25	92.65	66.48	2.83	92.35	59.06	30.53	82.87	68.41	93.34	74.03	58.14	10.0	12.81	63.15	96.0	102.86	90.97	4.47	10.2	58.31	92.02	78.89	93.38	48.66	107.19	29.7	67.36	57.27	78.85	88.6	69.35	81.01	9.22	48.8	60.07	30.02	68.6	56.14	18.79
3	32.25	30.53	44.72	0.0	67.91	43.91	50.0	69.05	15.62	66.48	16.12	76.37	70.34	82.46	22.0	88.2	50.99	30.59	5.66	40.79	68.26	17.09	18.87	71.61	52.8	74.24	72.28	4.0	37.2	77.79	36.88	38.21	80.05	52.61	28.64	84.4	92.48	63.81	50.48	89.2	83.55	70.26	77.9	42.43	98.79	84.38	62.64	92.8	46.04	62.03	50.04	36.5	54.59	54.0	77.79	98.39	84.02	68.26	40.45	46.04	14.14	62.64	60.13	88.54	4.0	84.72	66.29	85.8	17.89	94.07	63.64	43.1	104.2	51.04	28.79	66.22	50.09	47.1	67.88	37.11
4	66.6	40.0	95.27	67.91	0.0	28.64	18.11	99.86	54.33	88.59	51.92	71.02	34.06	81.22	76.16	64.5	76.03	75.6	71.02	35.38	10.2	60.0	56.36	77.79	53.67	108.17	4.47	67.08	36.5	99.32	77.9	30.46	36.06	100.5	40.2	85.51	53.85	51.42	69.34	76.0	35.78	10.77	68.47	92.46	70.34	90.71	89.89	72.44	26.91	10.0	21.26	37.2	101.86	96.21	72.99	63.91	22.8	10.2	91.21	89.11	68.03	6.32	20.88	47.54	67.08	18.68	96.8	81.61	50.64	81.02	7.62	26.42	99.05	95.46	46.87	58.69	75.21	26.87	66.48	77.16
5	54.63	13.42	80.45	43.91	28.64	0.0	12.81	93.68	28.64	85.16	29.73	77.67	50.0	87.13	58.14	78.71	69.86	61.06	45.69	30.07	34.0	32.56	38.83	80.1	54.15	101.19	32.25	42.05	8.0	97.02	65.3	18.0	56.57	87.13	15.62	90.8	73.76	58.24	64.78	86.65	58.14	35.78	76.66	77.67	87.13	94.19	84.4	85.91	25.3	20.0	23.32	28.07	88.84	84.97	79.62	82.8	50.16	34.0	76.03	76.94	40.79	22.36	34.06	67.94	42.05	47.3	90.52	88.84	26.08	92.03	28.18	19.65	107.94	83.24	33.84	64.54	68.88	26.57	70.71	64.85
6	52.8	22.09	80.62	50.0	18.11	12.81	0.0	89.55	36.22	79.7	34.18	68.26	37.74	78.1	60.0	67.23	65.39	60.83	52.95	23.41	21.54	42.05	40.0	72.25	46.39	97.51	22.36	49.03	19.7	91.21	64.03	14.14	43.86	86.56	22.09	82.02	61.22	48.37	59.46	76.16	45.34	23.41	66.75	77.79	75.18	86.09	79.85	74.67	16.12	12.81	12.17	23.32	88.09	83.23	70.26	70.46	37.95	21.54	76.37	75.6	50.0	12.65	21.63	55.32	49.03	36.12	86.41	79.4	32.56	81.49	15.81	12.08	98.15	82.01	31.89	55.15	64.47	17.03	62.0	63.41
7	40.2	85.16	31.24	69.05	99.86	93.68	89.55	0.0	78.0	13.42	70.11	44.27	75.07	40.2	47.54	65.15	24.17	38.47	73.76	66.21	92.8	84.21	58.14	31.62	46.86	8.49	103.73	72.99	91.78	13.42	32.25	76.55	82.8	25.61	81.22	38.0	81.44	54.04	30.53	54.59	87.2	94.02	48.7	31.62	73.76	32.25	10.0	63.15	74.24	101.07	79.65	66.48	24.41	18.44	43.68	79.7	100.42	92.8	33.29	24.17	83.19	98.49	80.0	82.37	72.99	106.89	3.16	44.1	76.11	56.08	92.36	77.47	53.16	22.02	59.91	48.26	25.08	73.82	41.18	32.14
8	38.21	15.23	57.58	15.62	54.33	28.64	36.22	78.0	0.0	72.99	8.94	76.55	62.61	84.12	34.18	84.9	56.89	40.45	17.09	33.29	56.14	8.49	20.4	74.32	51.61	84.21	58.55	13.42	21.63	84.85	46.17	26.68	71.69	65.15	14.14	86.76	86.09	60.83	54.41	88.41	74.67	58.14	77.2	55.03	95.02	88.02	70.26	90.55	36.06	47.54	38.83	28.84	67.05	65.12	78.23	93.23	72.44	56.14	53.14	56.89	14.56	48.66	50.0	81.41	13.42	72.01	75.01	86.95	4.47	93.6	51.01	31.78	106.07	62.59	25.0	64.82	55.9	37.34	68.26	46.1
9	34.93	78.03	36.72	66.48	88.59	85.16	79.7	13.42	72.99	0.0	64.5	31.05	62.23	28.07	46.65	51.92	16.12	36.72	71.69	56.32	80.99	80.05	52.61	18.44	34.99	21.63	92.28	70.23	84.21	12.0	30.53	67.47	69.66	33.53	74.03	26.68	68.03	41.04	20.4	42.05	74.03	82.1	35.44	36.06	60.83	22.36	6.32	50.36	63.91	90.62	69.08	57.27	32.98	25.3	30.59	66.48	87.73	80.99	37.2	27.2	80.32	87.73	68.26	68.96	70.23	94.49	11.4	32.14	70.46	44.1	81.01	67.72	44.29	28.23	52.09	35.0	17.12	63.32	27.78	30.02
10	30.0	17.2	51.88	16.12	51.92	29.73	34.18	70.11	8.94	64.5	0.0	67.68	55.71	75.18	28.84	76.58	48.37	33.53	20.1	26.0	52.15	17.2	12.0	65.39	42.8	76.66	56.32	16.12	24.41	76.42	38.83	22.09	65.15	59.09	14.14	77.82	78.71	52.35	45.61	79.65	68.41	54.15	68.41	49.19	86.83	79.12	62.03	82.02	30.27	46.52	34.0	21.54	60.93	58.24	69.34	85.44	68.0	52.15	47.41	50.0	21.63	46.82	44.41	74.32	16.12	68.59	67.07	78.03	6.0	84.81	47.52	27.02	97.13	55.97	16.28	56.08	47.38	31.4	59.36	38.64
11	46.04	75.39	62.8	76.37	71.02	77.67	68.26	44.27	76.55	31.05	67.68	0.0	38.63	10.2	62.77	20.88	32.98	53.67	82.02	48.08	61.61	84.88	58.14	12.65	25.06	52.0	73.76	79.25	79.7	36.06	49.4	60.17	43.27	62.03	71.69	14.56	37.74	20.0	28.64	13.42	47.2	62.1	4.47	61.19	30.07	20.59	36.5	20.1	52.61	76.11	56.14	51.26	62.0	54.0	2.0	35.44	63.53	61.61	61.61	52.61	88.09	72.25	50.36	39.7	79.25	71.59	42.45	11.18	72.72	17.8	63.64	58.05	30.36	56.08	51.62	13.15	33.24	51.48	8.49	48.47
12	52.95	54.04	80.32	70.34	34.06	50.0	37.74	75.07	62.61	62.23	55.71	38.63	0.0	48.7	68.12	30.59	53.85	63.15	75.29	29.73	24.0	70.71	52.61	47.71	29.53	83.55	36.06	71.47	55.17	71.22	62.64	37.2	10.0	83.26	51.61	53.14	24.08	21.26	46.65	42.05	14.14	24.08	35.44	77.79	37.58	59.09	65.3	38.47	27.2	41.23	26.91	34.18	84.1	76.94	40.5	32.8	25.61	24.0	77.2	71.69	76.97	36.88	16.12	18.87	71.47	33.12	72.35	48.51	58.14	47.0	27.46	32.65	65.19	77.39	41.77	28.02	53.34	25.81	36.06	61.68
13	50.91	84.12	63.25	82.46	81.22	87.13	78.1	40.2	84.12	28.07	75.18	10.2	48.7	0.0	66.84	27.2	34.99	57.2	88.09	57.27	71.81	92.28	64.9	11.66	33.53	47.07	83.95	85.6	88.77	29.73	52.15	69.43	52.84	61.19	80.32	4.47	45.34	30.07	32.56	14.56	56.6	72.28	13.42	62.03	34.18	11.31	34.23	23.41	62.29	86.21	66.03	60.17	60.83	52.95	8.25	41.18	73.35	71.81	62.77	53.14	94.87	82.39	60.53	48.17	85.6	81.54	39.01	4.12	80.5	16.03	73.82	67.6	21.95	55.54	59.51	23.0	35.51	61.2	16.49	51.31
14	17.09	46.04	23.41	22.0	76.16	58.14	60.0	47.54	34.18	46.65	28.84	62.77	68.12	66.84	0.0	78.43	32.56	10.0	26.31	42.38	73.54	38.47	20.0	55.32	43.17	52.35	80.62	26.0	53.25	57.27	16.12	46.04	78.1	31.05	42.8	67.94	86.83	55.32	34.41	76.16	82.22	75.39	65.3	20.88	89.2	66.6	42.05	81.44	50.16	72.8	55.46	39.4	32.98	32.0	63.81	90.71	87.36	73.54	18.97	24.08	36.06	72.11	62.64	84.21	26.0	90.25	44.92	70.6	34.0	80.45	70.21	49.74	87.69	29.07	29.55	55.36	31.83	50.7	54.59	16.64
15	61.35	80.0	82.1	88.2	64.5	78.71	67.23	65.15	84.9	51.92	76.58	20.88	30.59	27.2	78.43	0.0	52.04	70.34	93.74	52.5	54.33	93.38	69.34	33.53	35.78	72.8	66.12	90.44	82.68	56.36	67.08	63.25	30.27	82.1	76.84	31.24	18.44	24.41	46.39	14.42	32.98	54.15	16.49	80.22	10.77	38.42	57.27	8.0	53.85	71.81	55.46	56.64	82.22	74.24	21.54	14.56	50.99	54.33	80.4	72.03	98.08	67.47	46.17	22.36	90.44	59.84	63.32	24.76	80.62	18.03	58.05	59.68	36.69	76.06	60.44	23.09	52.09	52.48	26.0	66.1
16	18.97	62.13	30.07	50.99	76.03	69.86	65.39	24.17	56.89	16.12	48.37	32.98	53.85	34.99	32.56	52.04	0.0	22.63	56.36	42.05	69.43	64.03	36.5	23.32	24.41	32.25	80.0	54.63	68.47	28.07	17.2	52.5	62.61	30.59	58.14	35.61	65.12	34.18	7.21	46.17	67.08	70.77	36.5	28.28	62.29	34.06	14.56	52.95	50.12	76.94	55.57	42.38	31.05	23.41	33.53	66.03	78.41	69.43	28.64	20.0	64.62	74.43	56.64	64.56	54.63	84.22	21.02	38.95	54.33	49.77	68.6	53.31	55.23	24.52	36.35	30.41	1.0	49.74	26.08	16.4
17	10.2	50.16	19.8	30.59	75.6	61.06	60.83	38.47	40.45	36.72	33.53	53.67	63.15	57.2	10.0	70.34	22.63	0.0	35.44	40.5	71.69	46.0	22.36	45.61	36.06	44.0	80.0	34.53	57.27	47.54	6.32	46.69	72.99	26.08	46.52	58.14	80.1	48.17	25.06	67.08	77.28	73.43	56.46	16.97	81.04	56.64	32.31	72.8	48.83	73.54	54.41	38.42	27.78	24.74	54.59	83.19	84.31	71.69	15.62	16.49	44.72	72.25	59.93	78.03	34.53	88.12	35.69	61.03	39.29	71.2	69.07	49.58	77.83	22.47	29.0	47.3	21.93	49.09	45.69	6.71
18	37.74	32.31	48.17	5.66	71.02	45.69	52.95	73.76	17.09	71.69	20.1	82.02	75.29	88.09	26.31	93.74	56.36	35.44	0.0	45.61	72.03	15.62	24.41	77.2	58.41	78.64	75.31	4.0	38.47	82.87	41.76	42.0	84.9	56.14	31.05	90.0	97.69	69.34	56.04	94.85	88.29	74.03	83.55	46.04	104.31	89.89	67.68	98.41	50.36	64.56	54.04	41.23	58.14	58.14	83.45	103.77	88.02	72.03	44.05	50.36	10.2	65.51	64.5	93.64	4.0	88.28	71.06	91.44	20.4	99.72	67.19	47.01	109.81	55.04	34.01	71.84	55.47	51.48	73.54	42.06
19	31.24	27.78	60.0	40.79	35.38	30.07	23.41	66.21	33.29	56.32	26.0	48.08	29.73	57.27	42.38	52.5	42.05	40.5	45.61	0.0	31.3	41.62	24.08	50.04	24.08	74.24	39.7	41.76	31.62	67.91	42.52	12.17	39.29	65.12	24.41	60.83	52.84	29.53	36.06	58.14	42.76	33.11	47.54	57.2	62.23	64.12	56.46	58.82	8.49	34.99	14.14	4.47	66.48	60.96	50.0	60.0	45.12	31.3	56.04	53.74	47.41	32.8	20.4	48.33	41.76	47.93	63.07	59.2	28.84	63.51	28.6	11.4	78.45	60.11	13.15	35.11	41.15	8.6	40.79	41.77
20	62.13	43.17	90.97	68.26	10.2	34.0	21.54	92.8	56.14	80.99	52.15	61.61	24.0	71.81	73.54	54.33	69.43	71.69	72.03	31.3	0.0	62.8	54.41	69.08	46.04	101.21	12.17	68.03	41.23	91.3	73.24	30.07	26.0	95.6	42.43	76.16	43.86	42.38	62.48	66.03	26.08	2.0	58.86	88.2	60.17	81.61	82.8	62.29	23.41	18.87	18.44	34.18	96.83	90.69	63.56	53.85	16.49	0.0	87.13	84.02	70.46	14.42	12.81	37.58	68.03	16.76	89.81	72.01	52.04	71.0	5.83	25.18	89.14	90.27	44.01	49.65	68.68	22.85	57.58	72.42
21	45.12	20.0	61.61	17.09	60.0	32.56	42.05	84.21	8.49	80.05	17.2	84.88	70.71	92.28	38.47	93.38	64.03	46.0	15.62	41.62	62.8	0.0	27.86	82.29	60.0	90.0	64.03	13.42	24.74	91.78	52.04	34.18	79.62	69.43	20.4	94.83	94.34	69.31	62.03	96.83	82.46	64.78	85.6	59.23	103.48	95.85	76.94	99.04	43.86	52.35	46.17	37.2	71.39	70.26	86.53	101.61	79.25	62.8	57.27	62.13	8.25	54.04	57.58	89.55	13.42	78.16	81.3	95.19	12.81	102.0	57.43	39.22	114.24	67.48	33.42	73.25	63.06	45.19	76.55	52.09
22	18.0	27.86	41.62	18.87	56.36	38.83	40.0	58.14	20.4	52.61	12.0	58.14	52.61	64.9	20.0	69.34	36.5	22.36	24.41	24.08	54.41	27.86	0.0	54.59	34.06	64.78	60.83	21.26	34.93	64.5	27.2	26.08	62.51	48.37	24.17	67.23	74.0	44.94	34.18	70.71	66.27	56.32	59.4	38.83	79.92	68.03	50.04	74.03	31.05	52.8	36.06	20.4	50.12	46.82	59.67	79.62	69.05	54.41	37.2	38.63	30.0	52.15	44.41	70.34	21.26	71.17	55.08	68.01	18.0	75.69	50.7	29.97	86.82	44.78	11.0	47.51	35.51	31.78	49.68	26.93
23	39.7	75.71	51.92	71.61	77.79	80.1	72.25	31.62	74.32	18.44	65.39	12.65	47.71	11.66	55.32	33.53	23.32	45.61	77.2	50.04	69.08	82.29	54.59	0.0	26.0	39.4	80.99	74.89	80.89	24.08	40.5	62.13	53.81	50.36	71.81	12.81	50.12	26.83	21.26	24.08	58.0	69.86	17.09	50.6	42.43	14.14	24.08	32.06	56.14	81.58	60.53	52.35	50.16	42.19	12.17	48.08	73.24	69.08	51.26	41.76	84.38	78.1	56.92	51.61	74.89	80.78	29.83	15.65	70.94	26.93	70.21	61.01	32.65	44.55	50.29	19.72	23.85	55.23	11.66	39.66
24	26.31	50.6	51.42	52.8	53.67	54.15	46.39	46.86	51.61	34.99	42.8	25.06	29.53	33.53	43.17	35.78	24.41	36.06	58.41	24.08	46.04	60.0	34.06	26.0	0.0	55.32	57.31	55.32	55.32	45.69	34.23	36.22	38.63	53.85	46.82	36.88	44.05	12.17	17.2	36.88	43.08	47.2	25.61	49.03	46.52	40.05	36.88	40.0	30.27	56.32	34.93	26.68	54.63	47.41	26.83	47.54	54.04	46.04	48.66	42.38	63.66	53.14	33.29	42.19	55.32	60.11	43.93	35.85	47.71	42.01	46.07	35.01	55.15	47.93	26.63	13.45	23.85	29.43	17.09	33.24
25	47.07	92.2	33.11	74.24	108.17	101.19	97.51	8.49	84.21	21.63	76.66	52.0	83.55	47.07	52.35	72.8	32.25	44.0	78.64	74.24	101.21	90.0	64.78	39.4	55.32	0.0	112.07	78.23	98.95	18.0	38.05	84.31	91.21	26.08	88.29	44.41	89.44	62.48	38.83	61.61	95.6	102.45	56.46	34.18	81.04	38.05	18.44	70.34	82.37	109.18	87.82	74.32	24.41	20.88	51.26	87.32	108.9	101.21	36.06	28.28	88.36	106.68	88.41	90.55	78.23	115.36	11.4	50.8	82.61	62.65	100.69	85.43	57.71	24.35	67.36	56.61	33.12	81.99	49.4	38.12
26	70.94	44.05	99.64	72.28	4.47	32.25	22.36	103.73	58.55	92.28	56.32	73.76	36.06	83.95	80.62	66.12	80.0	80.0	75.31	39.7	12.17	64.03	60.83	80.99	57.31	112.07	0.0	71.39	40.2	102.86	82.22	34.93	36.88	104.8	44.41	88.29	54.41	54.41	73.24	78.1	36.06	12.0	71.02	96.83	71.39	93.68	93.74	74.11	31.24	12.65	25.61	41.62	106.15	100.42	75.71	64.56	21.26	12.17	95.6	93.38	72.11	10.0	24.17	48.08	71.39	15.65	100.69	84.17	54.92	83.02	11.4	30.89	101.24	99.72	51.31	61.68	79.2	31.14	69.57	81.47
27	35.78	28.64	48.66	4.0	67.08	42.05	49.03	72.99	13.42	70.23	16.12	79.25	71.47	85.6	26.0	90.44	54.63	34.53	4.0	41.76	68.03	13.42	21.26	74.89	55.32	78.23	71.39	0.0	34.99	81.61	40.79	38.0	81.04	56.57	27.2	87.66	94.02	66.03	53.85	91.93	84.4	70.03	80.62	46.39	100.96	87.82	66.48	95.27	46.39	60.73	50.04	37.36	58.55	58.0	80.72	100.24	84.02	68.03	44.41	50.04	10.2	61.61	60.53	89.89	0.0	84.29	70.21	88.87	16.49	96.88	63.2	43.01	107.42	55.04	30.41	68.77	53.71	47.52	70.77	41.0
28	51.92	7.21	76.16	37.2	36.5	8.0	19.7	91.78	21.63	84.21	24.41	79.7	55.17	88.77	53.25	82.68	68.47	57.27	38.47	31.62	41.23	24.74	34.93	80.89	55.32	98.95	40.2	34.99	0.0	96.19	62.03	19.7	62.48	83.19	10.77	92.2	79.2	60.93	64.03	89.55	64.4	43.08	79.12	73.43	91.61	95.04	82.87	89.55	28.84	28.0	28.28	28.64	84.97	81.71	81.61	87.86	57.58	41.23	71.69	73.54	32.98	30.27	39.7	73.59	34.99	55.11	88.65	90.8	19.8	94.94	35.47	23.02	110.06	79.71	32.14	66.73	67.48	30.23	72.28	61.68
29	46.69	90.02	43.86	77.79	99.32	97.02	91.21	13.42	84.85	12.0	76.42	36.06	71.22	29.73	57.27	56.36	28.07	47.54	82.87	67.91	91.3	91.78	64.5	24.08	45.69	18.0	102.86	81.61	96.19	0.0	41.23	79.25	77.79	38.83	86.02	26.68	73.78	50.0	32.25	44.27	82.02	92.28	40.5	43.86	63.91	20.1	15.23	53.14	75.29	101.84	80.32	69.05	37.74	31.24	34.99	70.68	96.83	91.3	45.34	35.61	91.76	98.79	78.71	75.6	81.61	104.04	14.21	33.24	82.39	44.91	91.71	79.31	40.02	34.71	64.07	43.28	29.07	74.63	35.38	40.85
30	11.31	55.03	17.89	36.88	77.9	65.3	64.03	32.25	46.17	30.53	38.83	49.4	62.64	52.15	16.12	67.08	17.2	6.32	41.76	42.52	73.24	52.04	27.2	40.5	34.23	38.05	82.22	40.79	62.03	41.23	0.0	50.0	72.28	22.63	51.26	52.8	78.03	46.04	20.88	62.77	76.66	74.89	52.5	15.23	77.67	50.91	26.0	68.96	50.99	76.58	56.64	41.04	24.08	19.7	50.16	80.4	84.97	73.24	14.56	11.66	50.99	74.97	61.06	76.42	40.79	89.36	29.43	56.08	44.72	66.64	71.06	52.4	72.35	18.03	32.2	44.28	16.64	51.09	41.76	1.0
31	38.83	16.97	66.48	38.21	30.46	18.0	14.14	76.55	26.68	67.47	22.09	60.17	37.2	69.43	46.04	63.25	52.5	46.69	42.0	12.17	30.07	34.18	26.08	62.13	36.22	84.31	34.93	38.0	19.7	79.25	50.0	0.0	45.65	72.47	14.42	72.99	61.22	41.23	47.07	69.86	48.33	32.06	59.46	63.66	72.47	76.24	67.05	69.97	10.0	26.91	12.17	10.2	74.03	69.34	62.1	69.31	46.04	30.07	62.23	61.61	41.23	26.08	23.41	56.04	38.0	46.53	73.39	71.31	22.36	75.24	25.5	5.1	90.52	68.01	17.8	47.13	51.55	11.4	52.95	49.41
32	62.8	62.13	89.84	80.05	36.06	56.57	43.86	82.8	71.69	69.66	65.15	43.27	10.0	52.84	78.1	30.27	62.61	72.99	84.9	39.29	26.0	79.62	62.51	53.81	38.63	91.21	36.88	81.04	62.48	77.79	72.28	45.65	0.0	92.48	60.03	57.31	17.89	28.84	55.46	43.68	4.47	25.3	39.45	87.36	34.53	63.81	73.24	38.21	35.78	44.72	34.41	43.68	93.23	85.91	44.94	27.86	20.88	26.0	86.83	80.99	86.16	40.25	22.8	11.66	81.04	29.61	80.21	51.89	67.23	48.05	30.89	40.82	66.71	86.54	51.62	34.71	62.17	34.44	42.43	71.31
33	33.94	76.03	8.0	52.61	100.5	87.13	86.56	25.61	65.15	33.53	59.09	62.03	83.26	61.19	31.05	82.1	30.59	26.08	56.14	65.12	95.6	69.43	48.37	50.36	53.85	26.08	104.8	56.57	83.19	38.83	22.63	72.47	92.48	0.0	72.47	60.17	95.71	64.56	37.36	74.43	96.93	97.2	66.0	10.2	92.0	55.71	27.2	82.1	73.59	99.16	79.25	63.66	2.0	8.25	62.13	96.33	106.68	95.6	12.17	11.66	66.27	97.59	83.23	95.08	56.57	111.5	24.7	65.31	64.62	77.1	93.61	75.01	77.47	6.08	54.67	61.0	30.81	73.66	56.14	23.35
34	41.23	4.0	65.51	28.64	40.2	15.62	22.09	81.22	14.14	74.03	14.14	71.69	51.61	80.32	42.8	76.84	58.14	46.52	31.05	24.41	42.43	20.4	24.17	71.81	46.82	88.29	44.41	27.2	10.77	86.02	51.26	14.42	60.03	72.47	0.0	83.52	75.6	53.85	54.04	82.37	62.61	44.41	71.55	62.77	86.37	85.91	72.44	83.23	24.41	33.53	26.0	20.59	74.24	70.94	73.54	83.55	58.86	42.43	61.06	62.77	28.07	34.53	37.58	70.46	27.2	58.01	78.09	82.64	10.77	87.71	37.12	19.24	101.95	68.94	22.02	59.03	57.14	25.81	63.91	50.92
35	52.5	87.36	62.77	84.4	85.51	90.8	82.02	38.0	86.76	26.68	77.82	14.56	53.14	4.47	67.94	31.24	35.61	58.14	90.0	60.83	76.16	94.83	67.23	12.81	36.88	44.41	88.29	87.66	92.2	26.68	52.8	72.99	57.31	60.17	83.52	0.0	49.52	34.23	34.06	17.89	61.06	76.66	17.89	61.74	37.58	7.21	32.98	26.83	66.12	90.35	70.0	63.56	59.67	51.92	12.65	44.94	77.82	76.16	62.61	52.8	97.1	86.58	64.78	52.5	87.66	86.01	37.12	6.71	83.26	18.25	78.09	71.34	19.85	54.71	62.39	27.07	36.24	65.07	20.1	52.01
36	70.26	78.1	94.53	92.48	53.85	73.76	61.22	81.44	86.09	68.03	78.71	37.74	24.08	45.34	86.83	18.44	65.12	80.1	97.69	52.84	43.86	94.34	74.0	50.12	44.05	89.44	54.41	94.02	79.2	73.78	78.03	61.22	17.89	95.71	75.6	49.52	0.0	32.0	58.55	32.8	18.44	43.08	33.29	92.35	18.11	56.64	72.8	25.06	51.22	62.61	50.91	57.31	96.1	88.29	38.83	10.2	36.06	43.86	92.2	84.85	100.24	58.14	39.7	6.32	94.02	45.04	79.31	43.14	81.63	35.85	48.76	56.73	54.13	89.63	63.69	34.71	64.94	49.82	40.5	77.03
37	38.47	57.31	62.8	63.81	51.42	58.24	48.37	54.04	60.83	41.04	52.35	20.0	21.26	30.07	55.32	24.41	34.18	48.17	69.34	29.53	42.38	69.31	44.94	26.83	12.17	62.48	54.41	66.03	60.93	50.0	46.04	41.23	28.84	64.56	53.85	34.23	32.0	0.0	27.2	28.64	33.29	43.08	18.44	60.53	34.99	39.29	44.41	29.73	32.98	56.14	36.22	33.29	65.15	57.58	22.0	35.44	46.86	42.38	60.3	53.37	73.76	52.35	30.59	30.59	66.03	54.08	51.4	31.06	56.64	34.01	43.93	38.6	49.82	58.52	36.12	7.28	33.84	31.78	15.23	45.04
38	18.44	58.03	36.06	50.48	69.34	64.78	59.46	30.53	54.41	20.4	45.61	28.64	46.65	32.56	34.41	46.39	7.21	25.06	56.04	36.06	62.48	62.03	34.18	21.26	17.2	38.83	73.24	53.85	64.03	32.25	20.88	47.07	55.46	37.36	54.04	34.06	58.55	27.2	0.0	42.05	59.93	63.78	31.62	34.0	56.89	34.0	20.59	48.08	43.86	70.68	49.19	36.88	37.95	30.46	29.53	60.03	71.22	62.48	34.06	26.31	63.53	68.0	49.68	57.72	53.85	77.1	27.46	36.24	51.42	46.14	61.85	47.43	53.91	31.32	32.02	24.02	6.71	43.38	20.88	19.92
39	59.36	85.88	75.71	89.2	76.0	86.65	76.16	54.59	88.41	42.05	79.65	13.42	42.05	14.56	76.16	14.42	46.17	67.08	94.85	58.14	66.03	96.83	70.71	24.08	36.88	61.61	78.1	91.93	89.55	44.27	62.77	69.86	43.68	74.43	82.37	17.89	32.8	28.64	42.05	0.0	46.82	66.12	11.31	74.22	19.7	25.06	48.0	8.94	61.35	82.39	64.03	61.77	74.24	66.27	12.65	27.2	64.56	66.03	74.73	65.51	100.5	78.23	56.32	36.72	91.93	73.25	53.24	11.18	84.4	5.39	69.07	67.07	23.19	68.59	63.41	23.6	46.49	60.08	21.63	61.85
40	67.08	64.5	94.25	83.55	35.78	58.14	45.34	87.2	74.67	74.03	68.41	47.2	14.14	56.6	82.22	32.98	67.08	77.28	88.29	42.76	26.08	82.46	66.27	58.0	43.08	95.6	36.06	84.4	64.4	82.02	76.66	48.33	4.47	96.93	62.61	61.06	18.44	33.29	59.93	46.82	0.0	25.06	43.27	91.76	36.06	67.68	77.67	40.79	38.63	44.94	36.72	47.07	97.69	90.38	48.83	28.64	18.11	26.08	91.21	85.44	89.2	40.5	25.06	12.17	84.4	27.07	84.63	55.47	70.23	50.96	31.4	43.38	69.64	91.0	55.33	39.05	66.64	37.34	46.69	75.69
41	63.81	45.12	92.65	70.26	10.77	35.78	23.41	94.02	58.14	82.1	54.15	62.1	24.08	72.28	75.39	54.15	70.77	73.43	74.03	33.11	2.0	64.78	56.32	69.86	47.2	102.45	12.0	70.03	43.08	92.28	74.89	32.06	25.3	97.2	44.41	76.66	43.08	43.08	63.78	66.12	25.06	0.0	59.23	89.89	59.67	82.22	84.02	62.13	25.3	20.0	20.4	36.06	98.41	92.2	64.03	53.14	14.56	2.0	88.84	85.6	72.44	15.62	14.14	36.77	70.03	14.87	91.05	72.37	54.04	71.03	7.62	27.17	89.27	91.83	45.88	50.33	70.04	24.7	58.31	74.06
42	48.37	75.15	66.48	77.9	68.47	76.66	66.75	48.7	77.2	35.44	68.41	4.47	35.44	13.42	65.3	16.49	36.5	56.46	83.55	47.54	58.86	85.6	59.4	17.09	25.61	56.46	71.02	80.62	79.12	40.5	52.5	59.46	39.45	66.0	71.55	17.89	33.29	18.44	31.62	11.31	43.27	59.23	0.0	64.78	26.0	24.41	40.79	16.49	51.42	74.0	54.59	50.99	66.03	58.03	5.66	31.05	59.93	58.86	65.12	56.32	89.2	70.03	48.04	35.38	80.62	68.15	46.84	13.15	73.24	16.4	61.2	57.01	31.4	60.01	52.2	12.53	36.67	50.22	10.77	51.55
43	26.08	66.24	2.83	42.43	92.46	77.67	77.79	31.62	55.03	36.06	49.19	61.19	77.79	62.03	20.88	80.22	28.28	16.97	46.04	57.2	88.2	59.23	38.83	50.6	49.03	34.18	96.83	46.39	73.43	43.86	15.23	63.66	87.36	10.2	62.77	61.74	92.35	60.53	34.0	74.22	91.76	89.89	64.78	0.0	90.55	58.31	30.0	81.22	65.6	90.51	71.22	55.32	12.17	13.42	61.61	94.02	100.18	88.2	2.0	8.94	56.14	89.2	76.16	91.08	46.39	104.45	29.83	66.13	54.63	77.49	85.8	66.53	80.26	9.85	45.97	58.01	28.16	65.8	54.33	16.16
44	72.11	89.38	92.35	98.79	70.34	87.13	75.18	73.76	95.02	60.83	86.83	30.07	37.58	34.18	89.2	10.77	62.29	81.04	104.31	62.23	60.17	103.48	79.92	42.43	46.52	81.04	71.39	100.96	91.61	63.91	77.67	72.47	34.53	92.0	86.37	37.58	18.11	34.99	56.89	19.7	36.06	59.67	26.0	90.55	0.0	44.72	66.48	10.77	62.8	78.43	63.81	66.48	92.02	84.02	30.27	8.94	54.0	60.17	90.8	82.22	108.41	74.0	53.67	24.0	100.96	63.0	72.18	30.87	90.69	20.62	64.51	68.6	37.44	86.01	70.8	33.84	62.39	61.4	36.22	76.69
45	52.15	89.82	59.06	84.38	90.71	94.19	86.09	32.25	88.02	22.36	79.12	20.59	59.09	11.31	66.6	38.42	34.06	56.64	89.89	64.12	81.61	95.85	68.03	14.14	40.05	38.05	93.68	87.82	95.04	20.1	50.91	76.24	63.81	55.71	85.91	7.21	56.64	39.29	34.0	25.06	67.68	82.22	24.41	58.31	44.72	0.0	28.64	34.0	70.03	95.04	74.24	66.48	55.03	47.54	18.87	52.15	84.12	81.61	59.36	49.4	97.53	91.41	69.86	59.46	87.82	92.14	31.78	13.89	84.76	25.0	83.2	75.01	21.95	50.57	64.29	32.02	34.83	69.07	24.33	50.21
46	32.06	76.42	30.53	62.64	89.89	84.4	79.85	10.0	70.26	6.32	62.03	36.5	65.3	34.23	42.05	57.27	14.56	32.31	67.68	56.46	82.8	76.94	50.04	24.08	36.88	18.44	93.74	66.48	82.87	15.23	26.0	67.05	73.24	27.2	72.44	32.98	72.8	44.41	20.59	48.0	77.67	84.02	40.79	30.0	66.48	28.64	0.0	56.14	64.4	91.24	69.77	56.92	26.68	18.97	36.22	71.81	90.55	82.8	31.24	21.26	76.66	88.59	70.0	73.35	66.48	96.94	7.07	38.33	68.03	50.25	82.38	67.78	50.54	21.93	50.8	38.95	15.52	63.95	32.31	25.63
47	64.4	86.53	82.87	92.8	72.44	85.91	74.67	63.15	90.55	50.36	82.02	20.1	38.47	23.41	81.44	8.0	52.95	72.8	98.41	58.82	62.29	99.04	74.03	32.06	40.0	70.34	74.11	95.27	89.55	53.14	68.96	69.97	38.21	82.1	83.23	26.83	25.06	29.73	48.08	8.94	40.79	62.13	16.49	81.22	10.77	34.0	56.14	0.0	60.83	79.62	62.77	62.8	82.02	74.03	20.0	18.44	58.86	62.29	81.58	72.69	103.32	75.31	53.85	29.73	95.27	67.74	61.66	20.12	86.37	10.82	65.92	66.65	29.15	76.16	65.76	26.63	53.15	59.48	27.2	68.01
48	39.7	26.91	68.41	46.04	26.91	25.3	16.12	74.24	36.06	63.91	30.27	52.61	27.2	62.29	50.16	53.85	50.12	48.83	50.36	8.49	23.41	43.86	31.05	56.14	30.27	82.37	31.24	46.39	28.84	75.29	50.99	10.0	35.78	73.59	24.41	66.12	51.22	32.98	43.86	61.35	38.63	25.3	51.42	65.6	62.8	70.03	64.4	60.83	0.0	26.83	5.66	10.77	74.97	69.43	54.59	59.4	38.21	23.41	64.4	62.23	50.6	24.41	14.14	46.04	46.39	40.16	71.12	63.79	31.62	66.73	20.25	5.83	82.76	68.59	20.62	39.46	49.24	1.41	46.04	50.25
49	65.3	32.56	93.34	62.03	10.0	20.0	12.81	101.07	47.54	90.62	46.52	76.11	41.23	86.21	72.8	71.81	76.94	73.54	64.56	34.99	18.87	52.35	52.8	81.58	56.32	109.18	12.65	60.73	28.0	101.84	76.58	26.91	44.72	99.16	33.53	90.35	62.61	56.14	70.68	82.39	44.94	20.0	74.0	90.51	78.43	95.04	91.24	79.62	26.83	0.0	21.54	35.61	100.66	95.6	78.1	72.5	32.8	18.87	89.11	88.09	60.53	4.47	26.08	56.36	60.73	28.23	97.95	87.02	44.27	87.57	13.93	24.21	105.12	94.49	44.55	63.29	76.06	27.31	70.71	75.93
50	45.34	27.78	74.03	50.04	21.26	23.32	12.17	79.65	38.83	69.08	34.0	56.14	26.91	66.03	55.46	55.46	55.57	54.41	54.04	14.14	18.44	46.17	36.06	60.53	34.93	87.82	25.61	50.04	28.28	80.32	56.64	12.17	34.41	79.25	26.0	70.0	50.91	36.22	49.19	64.03	36.72	20.4	54.59	71.22	63.81	74.24	69.77	62.77	5.66	21.54	0.0	16.12	80.62	75.07	58.14	59.67	34.0	18.44	70.0	67.88	53.37	18.87	11.66	45.34	50.04	35.17	76.54	67.27	34.53	69.38	14.76	7.07	85.99	74.25	25.94	43.05	54.71	5.83	50.04	55.9
51	29.73	24.17	58.14	36.5	37.2	28.07	23.32	66.48	28.84	57.27	21.54	51.26	34.18	60.17	39.4	56.64	42.38	38.42	41.23	4.47	34.18	37.2	20.4	52.35	26.68	74.32	41.62	37.36	28.64	69.05	41.04	10.2	43.68	63.66	20.59	63.56	57.31	33.29	36.88	61.77	47.07	36.06	50.99	55.32	66.48	66.48	56.92	62.8	10.77	35.61	16.12	0.0	65.12	60.0	53.14	64.4	48.66	34.18	54.04	52.5	42.94	33.94	24.08	52.8	37.36	50.92	63.32	62.3	24.41	67.12	30.89	11.4	81.6	58.9	9.85	38.48	41.44	11.4	43.68	40.36
52	35.38	77.82	10.0	54.59	101.86	88.84	88.09	24.41	67.05	32.98	60.93	62.0	84.1	60.83	32.98	82.22	31.05	27.78	58.14	66.48	96.83	71.39	50.12	50.16	54.63	24.41	106.15	58.55	84.97	37.74	24.08	74.03	93.23	2.0	74.24	59.67	96.1	65.15	37.95	74.24	97.69	98.41	66.03	12.17	92.02	55.03	26.68	82.02	74.97	100.66	80.62	65.12	0.0	8.0	62.03	96.52	107.7	96.83	14.14	12.81	68.26	99.04	84.4	95.6	58.55	112.65	23.71	64.94	66.48	76.79	94.92	76.49	76.69	6.71	56.22	61.39	31.32	75.01	56.32	24.76
53	30.53	74.67	12.81	54.0	96.21	84.97	83.23	18.44	65.12	25.3	58.24	54.0	76.94	52.95	32.0	74.24	23.41	24.74	58.14	60.96	90.69	70.26	46.82	42.19	47.41	20.88	100.42	58.0	81.71	31.24	19.7	69.34	85.91	8.25	70.94	51.92	88.29	57.58	30.46	66.27	90.38	92.2	58.03	13.42	84.02	47.54	18.97	74.03	69.43	95.6	75.07	60.0	8.0	0.0	54.04	88.57	100.96	90.69	15.23	8.25	68.03	93.72	78.1	87.93	58.0	106.21	17.03	57.07	64.03	68.88	89.1	71.4	69.35	3.61	51.62	53.6	23.77	69.35	48.37	20.12
54	47.2	77.25	63.15	77.79	72.99	79.62	70.26	43.68	78.23	30.59	69.34	2.0	40.5	8.25	63.81	21.54	33.53	54.59	83.45	50.0	63.56	86.53	59.67	12.17	26.83	51.26	75.71	80.72	81.61	34.99	50.16	62.1	44.94	62.13	73.54	12.65	38.83	22.0	29.53	12.65	48.83	64.03	5.66	61.61	30.27	18.87	36.22	20.0	54.59	78.1	58.14	53.14	62.03	54.04	0.0	36.06	65.3	63.56	62.1	52.95	89.64	74.24	52.35	41.04	80.72	73.41	41.98	9.22	74.43	16.64	65.62	60.02	28.46	56.22	53.34	15.13	33.84	53.46	10.0	49.24
55	73.76	86.28	96.0	98.39	63.91	82.8	70.46	79.7	93.23	66.48	85.44	35.44	32.8	41.18	90.71	14.56	66.03	83.19	103.77	60.0	53.85	101.61	79.62	48.08	47.54	87.32	64.56	100.24	87.86	70.68	80.4	69.31	27.86	96.33	83.55	44.94	10.2	35.44	60.03	27.2	28.64	53.14	31.05	94.02	8.94	52.15	71.81	18.44	59.4	72.5	59.67	64.4	96.52	88.57	36.06	0.0	46.17	53.85	94.09	86.02	107.07	68.03	48.83	16.49	100.24	55.15	77.88	38.28	88.81	29.0	58.6	65.07	46.32	90.27	69.84	36.12	66.01	57.98	40.2	79.4
56	74.32	59.67	102.86	84.02	22.8	50.16	37.95	100.42	72.44	87.73	68.0	63.53	25.61	73.35	87.36	50.99	78.41	84.31	88.02	45.12	16.49	79.25	69.05	73.24	54.04	108.9	21.26	84.02	57.58	96.83	84.97	46.04	20.88	106.68	58.86	77.82	36.06	46.86	71.22	64.56	18.11	14.56	59.93	100.18	54.0	84.12	90.55	58.86	38.21	32.8	34.0	48.66	107.7	100.96	65.3	46.17	0.0	16.49	99.32	95.02	86.83	28.84	24.74	30.0	84.02	9.0	97.62	72.62	68.26	68.88	22.14	41.01	87.56	101.02	58.25	53.6	77.8	37.34	61.61	84.08
