vehicles
vehicle_idx, capacity, cost_per_unit_distance
1,100,3
2,100,3
3,100,3
4,100,3
5,100,3
6,100,3
7,100,3
8,100,3
9,100,3
depot
node_idx,x,y
0,97,33
home delivery customers
node_idx,x,y,service_time,demand
1,21,39,10,24
2,93,37,10,17
3,87,25,10,5
4,67,65,10,18
5,71,89,10,9
6,67,15,10,8
7,47,41,10,26
8,23,93,10,4
9,87,95,10,23
10,39,45,10,8
11,45,7,10,26
12,35,93,10,5
13,59,91,10,21
14,83,73,10,19
15,81,17,10,3
16,59,33,10,17
17,9,7,10,12
18,47,43,10,24
19,57,55,10,8
20,21,33,10,22
21,25,55,10,5
self pickup customers
node_idx,x,y,service_time,demand,locker_idxs
22,57,81,10,10,64
23,1,33,10,15,65
24,29,37,10,23,65
25,71,57,10,13,68-71-70
26,29,1,10,4,65
27,83,51,10,23,70
28,49,65,10,8,66
29,21,55,10,5,68
30,51,21,10,8,73
31,69,43,10,26,70-71
32,37,41,10,12,74
33,37,47,10,8,67
34,5,71,10,2,74
35,21,17,10,4,65
36,77,9,10,5,69
37,27,59,10,9,74-66-68
38,83,9,10,18,69
39,63,69,10,19,66
40,33,3,10,11,65
41,53,11,10,12,73
42,51,49,10,54,70
flexible customers
node_idx,x,y,service_time,demand,locker_idxs
43,55,57,10,23,70-71-68-72-66
44,5,91,10,1,74
45,25,11,10,4,65
46,47,37,10,2,73-67-68-71-70
47,45,79,10,23,66-72-68
48,59,79,10,18,66-72-64
49,93,83,10,16,64
50,51,41,10,16,70-67-71-72-68
51,85,51,10,16,70
52,47,79,10,2,66-68-72
53,37,95,10,8,66
54,5,71,10,3,74
55,17,71,10,16,74
56,63,87,10,7,66-64
57,21,77,10,5,74
58,71,51,10,8,70-71-72
59,65,43,10,19,68-72-71-70-67
60,25,63,10,19,74-68-66
61,13,57,10,26,74
62,9,35,10,15,65
63,9,23,10,8,65
lockers
node_idx,x,y,service_time,capacity,cost_per_unit_good
64,65,88,10,100
65,25,15,10,73
66,49,73,10,83
67,48,25,10,75
68,45,59,10,92
69,82,7,10,85
70,64,49,10,92
71,55,49,10,70
72,53,64,10,70
73,50,11,10,85
74,26,60,10,81
mrt lines
start_node_idx,end_node_idx,freight_capacity,cost_per_unit_good
64,65,100,0.1
65,64,100,0.1
distance matrix
,0,1,2,3,4,5,6,7,8,9,10,11,12,13,14,15,16,17,18,19,20,21,22,23,24,25,26,27,28,29,30,31,32,33,34,35,36,37,38,39,40,41,42,43,44,45,46,47,48,49,50,51,52,53,54,55,56,57,58,59,60,61,62,63,64,65,66,67,68,69,70,71,72,73,74,
0,0.0,76.24,5.66,12.81,43.86,61.74,34.99,50.64,95.27,62.8,59.23,58.14,86.28,69.34,42.38,22.63,38.0,91.76,50.99,45.65,76.0,75.29,62.48,96.0,68.12,35.38,75.15,22.8,57.69,79.12,47.54,29.73,60.53,61.61,99.54,77.67,31.24,74.67,27.78,49.52,70.68,49.19,48.7,48.37,108.76,75.29,50.16,69.43,59.67,50.16,46.69,21.63,67.94,86.28,99.54,88.57,63.81,87.82,31.62,33.53,78.0,87.36,88.02,88.57,63.63,74.22,62.48,49.65,58.14,30.02,36.67,44.94,53.82,51.89,75.96
1,76.24,0.0,72.03,67.47,52.84,70.71,51.88,26.08,54.04,86.56,18.97,40.0,55.79,64.4,70.71,63.91,38.47,34.18,26.31,39.4,6.0,16.49,55.32,20.88,8.25,53.14,38.83,63.15,38.21,16.0,34.99,48.17,16.12,17.89,35.78,22.0,63.53,20.88,68.88,51.61,37.95,42.52,31.62,38.47,54.41,28.28,26.08,46.65,55.17,84.38,30.07,65.12,47.71,58.24,35.78,32.25,63.78,38.0,51.42,44.18,24.33,19.7,12.65,20.0,65.86,24.33,44.05,30.41,31.24,68.88,44.15,35.44,40.61,40.31,21.59
2,5.66,72.03,0.0,13.42,38.21,56.46,34.06,46.17,89.64,58.31,54.59,56.6,80.62,63.81,37.36,23.32,34.23,89.2,46.39,40.25,72.11,70.34,56.85,92.09,64.0,29.73,73.43,17.2,52.15,74.22,44.94,24.74,56.14,56.89,94.34,74.73,32.25,69.57,29.73,43.86,68.96,47.71,43.68,42.94,103.25,72.8,46.0,63.78,54.04,46.0,42.19,16.12,62.29,80.62,94.34,83.26,58.31,82.37,26.08,28.64,72.8,82.46,84.02,85.16,58.18,71.47,56.85,46.57,52.8,31.95,31.38,39.85,48.26,50.25,70.84
3,12.81,67.47,13.42,0.0,44.72,65.97,22.36,43.08,93.38,70.0,52.0,45.69,85.6,71.69,48.17,10.0,29.12,80.05,43.86,42.43,66.48,68.88,63.53,86.37,59.23,35.78,62.77,26.31,55.17,72.5,36.22,25.46,52.5,54.63,94.02,66.48,18.87,68.96,16.49,50.12,58.31,36.77,43.27,45.25,105.26,63.56,41.76,68.41,60.83,58.31,39.4,26.08,67.2,86.02,94.02,83.76,66.48,84.02,30.53,28.43,72.72,80.62,78.64,78.03,66.73,62.8,61.22,39.0,54.04,18.68,33.24,40.0,51.74,39.56,70.33
4,43.86,52.84,38.21,44.72,0.0,24.33,50.0,31.24,52.15,36.06,34.41,62.03,42.52,27.2,17.89,50.0,32.98,82.02,29.73,14.14,56.04,43.17,18.87,73.35,47.2,8.94,74.43,21.26,18.0,47.07,46.82,22.09,38.42,34.99,62.29,66.48,56.89,40.45,58.24,5.66,70.71,55.79,22.63,14.42,67.23,68.41,34.41,26.08,16.12,31.62,28.84,22.8,24.41,42.43,62.29,50.36,22.36,47.54,14.56,22.09,42.05,54.59,65.3,71.61,23.09,65.3,19.7,44.28,22.8,59.91,16.28,20.0,14.04,56.61,41.3
5,61.74,70.71,56.46,65.97,24.33,0.0,74.11,53.67,48.17,17.09,54.41,86.02,36.22,12.17,20.0,72.69,57.27,102.8,51.88,36.77,75.07,57.2,16.12,89.64,66.84,32.0,97.51,39.85,32.56,60.46,70.88,46.04,58.82,54.04,68.41,87.66,80.22,53.25,80.89,21.54,94.02,80.05,44.72,35.78,66.03,90.55,57.27,27.86,15.62,22.8,52.0,40.5,26.0,34.53,68.41,56.92,8.25,51.42,38.0,46.39,52.84,66.24,82.22,90.55,6.08,87.13,27.2,68.01,39.7,82.73,40.61,43.08,30.81,80.78,53.54
6,34.99,51.88,34.06,22.36,50.0,74.11,0.0,32.8,89.55,82.46,41.04,23.41,84.31,76.42,60.17,14.14,19.7,58.55,34.41,41.23,49.4,58.0,66.75,68.41,43.91,42.19,40.5,39.4,53.14,60.96,17.09,28.07,39.7,43.86,83.55,46.04,11.66,59.46,17.09,54.15,36.06,14.56,37.58,43.68,98.08,42.19,29.73,67.68,64.5,72.8,30.53,40.25,67.05,85.44,83.55,75.07,72.11,77.2,36.22,28.07,63.78,68.41,61.35,58.55,73.03,42.0,60.73,21.47,49.19,17.0,34.13,36.06,50.96,17.46,60.88
7,50.64,26.08,46.17,43.08,31.24,53.67,32.8,0.0,57.27,67.2,8.94,34.06,53.37,51.42,48.17,41.62,14.42,50.99,2.0,17.2,27.2,26.08,41.23,46.69,18.44,28.84,43.86,37.36,24.08,29.53,20.4,22.09,10.0,11.66,51.61,35.38,43.86,26.91,48.17,32.25,40.5,30.59,8.94,17.89,65.3,37.2,4.0,38.05,39.85,62.29,4.0,39.29,38.0,54.92,51.61,42.43,48.7,44.41,26.0,18.11,31.11,37.58,38.47,42.05,50.33,34.06,32.06,16.03,18.11,48.8,18.79,11.31,23.77,30.15,28.32
8,95.27,54.04,89.64,93.38,52.15,48.17,89.55,57.27,0.0,64.03,50.6,88.77,12.0,36.06,63.25,95.6,69.97,87.13,55.46,50.99,60.03,38.05,36.06,63.91,56.32,60.0,92.2,73.24,38.21,38.05,77.25,67.94,53.85,48.08,28.43,76.03,99.86,34.23,103.23,46.65,90.55,87.32,52.15,48.17,18.11,82.02,60.93,26.08,38.63,70.71,59.06,74.89,27.78,14.14,28.43,22.8,40.45,16.12,63.78,65.3,30.07,37.36,59.67,71.39,42.3,78.03,32.8,72.45,40.5,104.29,60.14,54.41,41.73,86.33,33.14
9,62.8,86.56,58.31,70.0,36.06,17.09,82.46,67.2,64.03,0.0,69.31,97.51,52.04,28.28,22.36,78.23,68.03,117.59,65.6,50.0,90.55,73.78,33.11,106.02,82.02,41.23,110.45,44.18,48.41,77.18,82.29,55.03,73.59,69.31,85.44,102.18,86.58,69.97,86.09,35.38,106.68,90.62,58.41,49.68,82.1,104.4,70.46,44.94,32.25,13.42,64.9,44.05,43.08,50.0,85.44,74.0,25.3,68.41,46.82,56.46,69.77,83.19,98.41,106.15,23.09,101.21,43.91,80.13,55.32,88.14,51.43,56.04,46.01,91.79,70.33
10,59.23,18.97,54.59,52.0,34.41,54.41,41.04,8.94,50.6,69.31,0.0,38.47,48.17,50.16,52.15,50.48,23.32,48.41,8.25,20.59,21.63,17.2,40.25,39.85,12.81,34.18,45.12,44.41,22.36,20.59,26.83,30.07,4.47,2.83,42.8,33.29,52.35,18.44,56.85,33.94,42.43,36.77,12.65,20.0,57.2,36.77,11.31,34.53,39.45,66.03,12.65,46.39,34.93,50.04,42.8,34.06,48.37,36.72,32.56,26.08,22.8,28.64,31.62,37.2,50.25,33.11,29.73,21.93,15.23,57.38,25.32,16.49,23.6,35.74,19.85
11,58.14,40.0,56.6,45.69,62.03,86.02,23.41,34.06,88.77,97.51,38.47,0.0,86.58,85.16,76.16,37.36,29.53,36.0,36.06,49.48,35.38,52.0,74.97,51.11,34.0,56.36,17.09,58.14,58.14,53.67,15.23,43.27,34.93,40.79,75.47,26.0,32.06,55.03,38.05,64.56,12.65,8.94,42.43,50.99,93.04,20.4,30.07,72.0,73.35,89.89,34.53,59.46,72.03,88.36,75.47,69.86,82.0,74.0,51.11,41.18,59.46,59.36,45.61,39.4,83.43,21.54,66.12,18.25,52.0,37.0,46.1,43.17,57.56,6.4,56.3
12,86.28,55.79,80.62,85.6,42.52,36.22,84.31,53.37,12.0,52.04,48.17,86.58,0.0,24.08,52.0,88.84,64.62,89.84,51.42,43.91,61.61,39.29,25.06,68.96,56.32,50.91,92.2,63.78,31.3,40.5,73.76,60.46,52.04,46.04,37.2,77.28,93.91,34.93,96.75,36.88,90.02,83.95,46.82,41.18,30.07,82.61,57.27,17.2,27.78,58.86,54.41,65.3,18.44,2.83,37.2,28.43,28.64,21.26,55.32,58.31,31.62,42.19,63.56,74.67,30.41,78.64,24.41,69.23,35.44,98.01,52.7,48.33,34.13,83.36,34.21
13,69.34,64.4,63.81,71.69,27.2,12.17,76.42,51.42,36.06,28.28,50.16,85.16,24.08,0.0,30.0,77.2,58.0,97.75,49.48,36.06,69.34,49.52,10.2,82.02,61.77,36.06,94.87,46.65,27.86,52.35,70.46,49.03,54.63,49.19,57.58,83.19,83.95,45.25,85.44,22.36,91.76,80.22,42.76,34.23,54.0,86.93,55.32,18.44,12.0,34.93,50.64,47.71,16.97,22.36,57.58,46.52,5.66,40.5,41.76,48.37,44.05,57.2,75.07,84.4,6.71,83.26,20.59,66.91,34.93,87.09,42.3,42.19,27.66,80.5,45.28
14,42.38,70.71,37.36,48.17,17.89,20.0,60.17,48.17,63.25,22.36,52.15,76.16,52.0,30.0,0.0,56.04,46.65,99.16,46.86,31.62,73.78,60.73,27.2,91.24,64.9,20.0,90.0,22.0,34.93,64.56,61.06,33.11,56.04,52.84,78.03,83.55,64.28,57.72,64.0,20.4,86.02,68.88,40.0,32.25,80.05,84.9,50.91,38.47,24.74,14.14,45.25,22.09,36.5,50.99,78.03,66.03,24.41,62.13,25.06,34.99,58.86,71.81,83.19,89.31,23.43,82.02,34.0,59.41,40.5,66.01,30.61,36.88,31.32,70.24,58.46
15,22.63,63.91,23.32,10.0,50.0,72.69,14.14,41.62,95.6,78.23,50.48,37.36,88.84,77.2,56.04,0.0,27.2,72.69,42.8,44.94,62.1,67.68,68.35,81.58,55.71,41.23,54.41,34.06,57.69,71.02,30.27,28.64,50.12,53.25,93.23,60.0,8.94,68.41,8.25,55.03,50.0,28.64,43.86,47.71,106.08,56.32,39.45,71.69,65.79,67.08,38.42,34.23,70.71,89.55,93.23,83.74,72.28,84.85,35.44,30.53,72.47,78.89,74.22,72.25,72.78,56.04,64.5,33.96,55.32,10.05,36.24,41.23,54.71,31.58,69.81
16,38.0,38.47,34.23,29.12,32.98,57.27,19.7,14.42,69.97,68.03,23.32,29.53,64.62,58.0,46.65,27.2,0.0,56.36,15.62,22.09,38.0,40.5,48.04,58.0,30.27,26.83,43.86,30.0,33.53,43.91,14.42,14.14,23.41,26.08,66.03,41.23,30.0,41.23,33.94,36.22,39.7,22.8,17.89,24.33,79.25,40.5,12.65,48.08,46.0,60.46,11.31,31.62,47.54,65.79,66.03,56.64,54.15,58.14,21.63,11.66,45.34,51.88,50.04,50.99,55.33,38.47,41.23,13.6,29.53,34.71,16.76,16.49,31.58,23.77,42.64
17,91.76,34.18,89.2,80.05,82.02,102.8,58.55,50.99,87.13,117.59,48.41,36.0,89.84,97.75,99.16,72.69,56.36,0.0,52.35,67.88,28.64,50.6,88.2,27.2,36.06,79.65,20.88,86.09,70.46,49.48,44.27,69.97,44.05,48.83,64.12,15.62,68.03,55.03,74.03,82.22,24.33,44.18,59.4,67.94,84.1,16.49,48.41,80.5,87.66,113.28,54.04,87.82,81.41,92.35,64.12,64.5,96.52,71.02,76.03,66.57,58.24,50.16,28.0,16.0,98.47,17.89,77.18,42.95,63.25,73.0,69.2,62.29,72.01,41.19,55.66
18,50.99,26.31,46.39,43.86,29.73,51.88,34.41,2.0,55.46,65.6,8.25,36.06,51.42,49.48,46.86,42.8,15.62,52.35,0.0,15.62,27.86,25.06,39.29,47.07,18.97,27.78,45.69,36.88,22.09,28.64,22.36,22.0,10.2,10.77,50.48,36.77,45.34,25.61,49.52,30.53,42.38,32.56,7.21,16.12,63.78,38.83,6.0,36.06,37.95,60.96,4.47,38.83,36.0,52.95,50.48,41.04,46.82,42.8,25.3,18.0,29.73,36.77,38.83,42.94,48.47,35.61,30.07,18.03,16.12,50.21,18.03,10.0,21.84,32.14,27.02
19,45.65,39.4,40.25,42.43,14.14,36.77,41.23,17.2,50.99,50.0,20.59,49.48,43.91,36.06,31.62,44.94,22.09,67.88,15.62,0.0,42.19,32.0,26.0,60.17,33.29,14.14,60.83,26.31,12.81,36.0,34.53,16.97,24.41,21.54,54.41,52.35,50.16,30.27,52.84,15.23,57.27,44.18,8.49,2.83,63.25,54.41,20.59,26.83,24.08,45.61,15.23,28.28,26.0,44.72,54.41,43.08,32.56,42.19,14.56,14.42,32.98,44.05,52.0,57.69,33.96,51.22,19.7,31.32,12.65,54.12,9.22,6.32,9.85,44.55,31.4
20,76.0,6.0,72.11,66.48,56.04,75.07,49.4,27.2,60.03,90.55,21.63,35.38,61.61,69.34,73.78,62.1,38.0,28.64,27.86,42.19,0.0,22.36,60.0,20.0,8.94,55.46,32.98,64.56,42.52,22.0,32.31,49.03,17.89,21.26,41.23,16.0,60.93,26.68,66.48,55.32,32.31,38.83,34.0,41.62,60.17,22.36,26.31,51.88,59.67,87.66,31.05,66.48,52.84,64.03,41.23,38.21,68.41,44.0,53.14,45.12,30.27,25.3,12.17,15.62,70.43,18.44,48.83,28.16,35.38,66.31,45.88,37.58,44.55,36.4,27.46
21,75.29,16.49,70.34,68.88,43.17,57.2,58.0,26.08,38.05,73.78,17.2,52.0,39.29,49.52,60.73,67.68,40.5,50.6,25.06,32.0,22.36,0.0,41.23,32.56,18.44,46.04,54.15,58.14,26.0,4.0,42.8,45.61,18.44,14.42,25.61,38.21,69.43,4.47,74.03,40.5,52.61,52.15,26.68,30.07,41.18,44.0,28.43,31.24,41.62,73.54,29.53,60.13,32.56,41.76,25.61,17.89,49.68,22.36,46.17,41.76,8.0,12.17,25.61,35.78,51.86,40.0,30.0,37.8,20.4,74.52,39.46,30.59,29.41,50.61,5.1
22,62.48,55.32,56.85,63.53,18.87,16.12,66.75,41.23,36.06,33.11,40.25,74.97,25.06,10.2,27.2,68.35,48.04,88.2,39.29,26.0,60.0,41.23,0.0,73.76,52.15,27.78,84.76,39.7,17.89,44.41,60.3,39.85,44.72,39.45,52.95,73.43,74.73,37.2,76.55,13.42,81.61,70.11,32.56,24.08,52.95,76.97,45.12,12.17,2.83,36.06,40.45,41.04,10.2,24.41,52.95,41.23,8.49,36.22,33.11,38.83,36.72,50.12,66.48,75.29,10.63,73.35,11.31,56.72,25.06,78.11,32.76,32.06,17.46,70.35,37.44
23,96.0,20.88,92.09,86.37,73.35,89.64,68.41,46.69,63.91,106.02,39.85,51.11,68.96,82.02,91.24,81.58,58.0,27.2,47.07,60.17,20.0,32.56,73.76,0.0,28.28,74.0,42.52,83.95,57.69,29.73,51.42,68.73,36.88,38.63,38.21,25.61,79.7,36.77,85.44,71.69,43.86,56.46,52.5,59.09,58.14,32.56,46.17,63.66,74.03,104.71,50.64,85.91,65.05,71.69,38.21,41.23,82.22,48.33,72.28,64.78,38.42,26.83,8.25,12.81,84.39,30.0,62.48,47.68,51.11,85.07,65.0,56.32,60.54,53.71,36.8
24,68.12,8.25,64.0,59.23,47.2,66.84,43.91,18.44,56.32,82.02,12.81,34.0,56.32,61.77,64.9,55.71,30.27,36.06,18.97,33.29,8.94,18.44,52.15,28.28,0.0,46.52,36.0,55.79,34.41,19.7,27.2,40.45,8.94,12.81,41.62,21.54,55.57,22.09,60.83,46.69,34.23,35.38,25.06,32.8,59.09,26.31,18.0,44.94,51.61,78.82,22.36,57.72,45.69,58.55,41.62,36.06,60.46,40.79,44.27,36.5,26.31,25.61,20.1,24.41,62.43,22.36,41.18,22.47,27.2,60.9,37.0,28.64,36.12,33.42,23.19
25,35.38,53.14,29.73,35.78,8.94,32.0,42.19,28.84,60.0,41.23,34.18,56.36,50.91,36.06,20.0,41.23,26.83,79.65,27.78,14.14,55.46,46.04,27.78,74.0,46.52,0.0,70.0,13.42,23.41,50.04,41.18,14.14,37.58,35.44,67.47,64.03,48.37,44.05,49.48,14.42,66.03,49.4,21.54,16.0,74.24,65.05,31.24,34.06,25.06,34.06,25.61,15.23,32.56,50.99,67.47,55.79,31.05,53.85,6.0,15.23,46.39,58.0,65.79,70.71,31.58,62.29,27.2,39.41,26.08,51.2,10.63,17.89,19.31,50.57,45.1
26,75.15,38.83,73.43,62.77,74.43,97.51,40.5,43.86,92.2,110.45,45.12,17.09,92.2,94.87,90.0,54.41,43.86,20.88,45.69,60.83,32.98,54.15,84.76,42.52,36.0,70.0,0.0,73.59,67.05,54.59,29.73,58.0,40.79,46.69,74.0,17.89,48.66,58.03,54.59,76.03,4.47,26.0,52.8,61.74,93.15,10.77,40.25,79.62,83.57,104.02,45.65,75.07,80.05,94.34,74.0,71.02,92.48,76.42,65.3,55.32,62.13,58.24,39.45,29.73,94.15,14.56,74.73,30.61,60.17,53.34,59.41,54.59,67.42,23.26,59.08
27,22.8,63.15,17.2,26.31,21.26,39.85,39.4,37.36,73.24,44.18,44.41,58.14,63.78,46.65,22.0,34.06,30.0,86.09,36.88,26.31,64.56,58.14,39.7,83.95,55.79,13.42,73.59,0.0,36.77,62.13,43.86,16.12,47.07,46.17,80.52,70.71,42.43,56.57,42.0,26.91,69.31,50.0,32.06,28.64,87.66,70.46,38.63,47.2,36.88,33.53,33.53,2.0,45.61,63.66,80.52,68.96,41.18,67.23,12.0,19.7,59.23,70.26,75.71,79.12,41.15,68.26,40.5,43.6,38.83,44.01,19.1,28.07,32.7,51.86,57.71
28,57.69,38.21,52.15,55.17,18.0,32.56,53.14,24.08,38.21,48.41,22.36,58.14,31.3,27.86,34.93,57.69,33.53,70.46,22.09,12.81,42.52,26.0,17.89,57.69,34.41,23.41,67.05,36.77,0.0,29.73,44.05,29.73,26.83,21.63,44.41,55.57,62.61,22.8,65.51,14.56,64.03,54.15,16.12,10.0,51.11,59.09,28.07,14.56,17.2,47.54,24.08,38.63,14.14,32.31,44.41,32.56,26.08,30.46,26.08,27.2,24.08,36.88,50.0,58.0,28.02,55.46,8.0,40.01,7.21,66.73,21.93,17.09,4.12,54.01,23.54
29,79.12,16.0,74.22,72.5,47.07,60.46,60.96,29.53,38.05,77.18,20.59,53.67,40.5,52.35,64.56,71.02,43.91,49.48,28.64,36.0,22.0,4.0,44.41,29.73,19.7,50.04,54.59,62.13,29.73,0.0,45.34,49.48,21.26,17.89,22.63,38.0,72.47,7.21,77.2,44.27,53.37,54.41,30.59,34.06,39.4,44.18,31.62,33.94,44.94,77.25,33.11,64.12,35.38,43.08,22.63,16.49,52.8,22.0,50.16,45.61,8.94,8.25,23.32,34.18,55.0,40.2,33.29,40.36,24.33,77.62,43.42,34.53,33.24,52.7,7.07
30,47.54,34.99,44.94,36.22,46.82,70.88,17.09,20.4,77.25,82.29,26.83,15.23,73.76,70.46,61.06,30.27,14.42,44.27,22.36,34.53,32.31,42.8,60.3,51.42,27.2,41.18,29.73,43.86,44.05,45.34,0.0,28.43,24.41,29.53,67.94,30.27,28.64,44.94,34.18,49.48,25.46,10.2,28.0,36.22,83.76,27.86,16.49,58.31,58.55,74.89,20.0,45.34,58.14,75.31,67.94,60.46,67.08,63.53,36.06,26.08,49.4,52.35,44.27,42.05,68.45,26.68,52.04,5.0,38.47,34.01,30.87,28.28,43.05,10.05,46.32
31,29.73,48.17,24.74,25.46,22.09,46.04,28.07,22.09,67.94,55.03,30.07,43.27,60.46,49.03,33.11,28.64,14.14,69.97,22.0,16.97,49.03,45.61,39.85,68.73,40.45,14.14,58.0,16.12,29.73,49.48,28.43,0.0,32.06,32.25,69.86,54.59,34.93,44.94,36.77,26.68,53.81,35.78,18.97,19.8,80.0,54.41,22.8,43.27,37.36,46.65,18.11,17.89,42.19,61.06,69.86,59.06,44.41,58.82,8.25,4.0,48.33,57.72,60.53,63.25,45.18,52.15,36.06,27.66,28.84,38.28,7.81,15.23,26.4,37.22,46.24
32,60.53,16.12,56.14,52.5,38.42,58.82,39.7,10.0,53.85,73.59,4.47,34.93,52.04,54.63,56.04,50.12,23.41,44.05,10.2,24.41,17.89,18.44,44.72,36.88,8.94,37.58,40.79,47.07,26.83,21.26,24.41,32.06,0.0,6.0,43.86,28.84,51.22,20.59,56.04,38.21,38.21,34.0,16.12,24.08,59.36,32.31,10.77,38.83,43.91,70.0,14.0,49.03,39.29,54.0,43.86,36.06,52.84,39.4,35.44,28.07,25.06,28.84,28.64,33.29,54.71,28.64,34.18,19.42,19.7,56.4,28.16,19.7,28.02,32.7,21.95
33,61.61,17.89,56.89,54.63,34.99,54.04,43.86,11.66,48.08,69.31,2.83,40.79,46.04,49.19,52.84,53.25,26.08,48.83,10.77,21.54,21.26,14.42,39.45,38.63,12.81,35.44,46.69,46.17,21.63,17.89,29.53,32.25,6.0,0.0,40.0,34.0,55.17,15.62,59.67,34.06,44.18,39.4,14.14,20.59,54.41,37.95,14.14,32.98,38.83,66.57,15.23,48.17,33.53,48.0,40.0,31.24,47.71,34.0,34.23,28.28,20.0,26.0,30.46,36.88,49.65,34.18,28.64,24.6,14.42,60.21,27.07,18.11,23.35,38.28,17.03
34,99.54,35.78,94.34,94.02,62.29,68.41,83.55,51.61,28.43,85.44,42.8,75.47,37.2,57.58,78.03,93.23,66.03,64.12,50.48,54.41,41.23,25.61,52.95,38.21,41.62,67.47,74.0,80.52,44.41,22.63,67.94,69.86,43.86,40.0,0.0,56.32,95.02,25.06,99.64,58.03,73.54,76.84,50.99,51.92,20.0,63.25,54.04,40.79,54.59,88.81,54.92,82.46,42.76,40.0,0.0,12.0,60.17,17.09,68.96,66.21,21.54,16.12,36.22,48.17,62.36,59.46,44.05,62.97,41.76,100.12,62.97,54.63,48.51,75.0,23.71
35,77.67,22.0,74.73,66.48,66.48,87.66,46.04,35.38,76.03,102.18,33.29,26.0,77.28,83.19,83.55,60.0,41.23,15.62,36.77,52.35,16.0,38.21,73.43,25.61,21.54,64.03,17.89,70.71,55.57,38.0,30.27,54.59,28.84,34.0,56.32,0.0,56.57,42.43,62.51,66.84,18.44,32.56,43.86,52.5,75.71,7.21,32.8,66.48,72.72,97.67,38.42,72.47,67.23,79.62,56.32,54.15,81.63,60.0,60.46,51.11,46.17,40.79,21.63,13.42,83.53,4.47,62.61,28.16,48.37,61.81,53.6,46.69,56.86,29.61,43.29
36,31.24,63.53,32.25,18.87,56.89,80.22,11.66,43.86,99.86,86.58,52.35,32.06,93.91,83.95,64.28,8.94,30.0,68.03,45.34,50.16,60.93,69.43,74.73,79.7,55.57,48.37,48.66,42.43,62.61,72.47,28.64,34.93,51.22,55.17,95.02,56.57,0.0,70.71,6.0,61.61,44.41,24.08,47.71,52.8,109.12,52.04,41.04,76.97,72.28,75.71,41.23,42.76,76.16,94.85,95.02,86.28,79.25,88.09,42.43,36.06,74.97,80.0,72.8,69.43,79.91,52.35,69.86,33.12,59.36,5.39,42.06,45.65,60.01,27.07,72.12
37,74.67,20.88,69.57,68.96,40.45,53.25,59.46,26.91,34.23,69.97,18.44,55.03,34.93,45.25,57.72,68.41,41.23,55.03,25.61,30.27,26.68,4.47,37.2,36.77,22.09,44.05,58.03,56.57,22.8,7.21,44.94,44.94,20.59,15.62,25.06,42.43,70.71,0.0,75.07,37.36,56.32,54.59,26.0,28.07,38.83,48.04,29.73,26.91,37.74,70.23,30.0,58.55,28.28,37.36,25.06,15.62,45.61,18.97,44.72,41.23,4.47,14.14,30.0,40.25,47.8,44.05,26.08,39.96,18.0,75.69,38.33,29.73,26.48,53.23,1.41
38,27.78,68.88,29.73,16.49,58.24,80.89,17.09,48.17,103.23,86.09,56.85,38.05,96.75,85.44,64.0,8.25,33.94,74.03,49.52,52.84,66.48,74.03,76.55,85.44,60.83,49.48,54.59,42.0,65.51,77.2,34.18,36.77,56.04,59.67,99.64,62.51,6.0,75.07,0.0,63.25,50.36,30.07,51.22,55.57,113.17,58.03,45.61,79.65,74.0,74.67,45.25,42.05,78.71,97.53,99.64,90.55,80.52,92.02,43.68,38.47,79.25,84.88,78.43,75.31,81.02,58.31,72.47,38.48,62.8,2.24,44.28,48.83,62.65,33.06,76.49
39,49.52,51.61,43.86,50.12,5.66,21.54,54.15,32.25,46.65,35.38,33.94,64.56,36.88,22.36,20.4,55.03,36.22,82.22,30.53,15.23,55.32,40.5,13.42,71.69,46.69,14.42,76.03,26.91,14.56,44.27,49.48,26.68,38.21,34.06,58.03,66.84,61.61,37.36,63.25,0.0,72.5,58.86,23.32,14.42,62.03,69.34,35.78,20.59,10.77,33.11,30.46,28.43,18.87,36.77,58.03,46.04,18.0,42.76,19.7,26.08,38.47,51.42,63.81,70.94,19.1,66.03,14.56,46.49,20.59,64.85,20.02,21.54,11.18,59.44,38.08
40,70.68,37.95,68.96,58.31,70.71,94.02,36.06,40.5,90.55,106.68,42.43,12.65,90.02,91.76,86.02,50.0,39.7,24.33,42.38,57.27,32.31,52.61,81.61,43.86,34.23,66.03,4.47,69.31,64.03,53.37,25.46,53.81,38.21,44.18,73.54,18.44,44.41,56.32,50.36,72.5,0.0,21.54,49.4,58.31,92.35,11.31,36.77,76.94,80.32,100.0,42.05,70.77,77.28,92.09,73.54,69.86,89.2,74.97,61.22,51.22,60.53,57.58,40.0,31.24,90.82,14.42,71.81,26.63,57.27,49.16,55.47,50.99,64.2,18.79,57.43
41,49.19,42.52,47.71,36.77,55.79,80.05,14.56,30.59,87.32,90.62,36.77,8.94,83.95,80.22,68.88,28.64,22.8,44.18,32.56,44.18,38.83,52.15,70.11,56.46,35.38,49.4,26.0,50.0,54.15,54.41,10.2,35.78,34.0,39.4,76.84,32.56,24.08,54.59,30.07,58.86,21.54,0.0,38.05,46.04,93.3,28.0,26.68,68.47,68.26,82.37,30.07,51.22,68.26,85.51,76.84,69.97,76.66,73.35,43.86,34.18,59.06,60.96,50.12,45.61,77.93,28.28,62.13,14.87,48.66,29.27,39.56,38.05,53.0,3.0,55.95
42,48.7,31.62,43.68,43.27,22.63,44.72,37.58,8.94,52.15,58.41,12.65,42.43,46.82,42.76,40.0,43.86,17.89,59.4,7.21,8.49,34.0,26.68,32.56,52.5,25.06,21.54,52.8,32.06,16.12,30.59,28.0,18.97,16.12,14.14,50.99,43.86,47.71,26.0,51.22,23.32,49.4,38.05,0.0,8.94,62.29,46.04,12.65,30.59,31.05,54.04,8.0,34.06,30.27,48.08,50.99,40.5,39.85,41.04,20.1,15.23,29.53,38.83,44.27,49.4,41.44,42.8,24.08,24.19,11.66,52.2,13.0,4.0,15.13,38.01,27.31
43,48.37,38.47,42.94,45.25,14.42,35.78,43.68,17.89,48.17,49.68,20.0,50.99,41.18,34.23,32.25,47.71,24.33,67.94,16.12,2.83,41.62,30.07,24.08,59.09,32.8,16.0,61.74,28.64,10.0,34.06,36.22,19.8,24.08,20.59,51.92,52.5,52.8,28.07,55.57,14.42,58.31,46.04,8.94,0.0,60.46,54.92,21.54,24.17,22.36,46.04,16.49,30.59,23.41,42.05,51.92,40.5,31.05,39.45,17.09,17.2,30.59,42.0,50.99,57.2,32.57,51.61,17.09,32.76,10.2,56.82,12.04,8.0,7.28,46.27,29.15
44,108.76,54.41,103.25,105.26,67.23,66.03,98.08,65.3,18.11,82.1,57.2,93.04,30.07,54.0,80.05,106.08,79.25,84.1,63.78,63.25,60.17,41.18,52.95,58.14,59.09,74.24,93.15,87.66,51.11,39.4,83.76,80.0,59.36,54.41,20.0,75.71,109.12,38.83,113.17,62.03,92.35,93.3,62.29,60.46,0.0,82.46,68.41,41.76,55.32,88.36,67.94,89.44,43.68,32.25,20.0,23.32,58.14,21.26,77.18,76.84,34.41,34.93,56.14,68.12,60.07,78.59,47.54,78.77,51.22,113.95,72.42,65.3,55.07,91.79,37.44
45,75.29,28.28,72.8,63.56,68.41,90.55,42.19,37.2,82.02,104.4,36.77,20.4,82.61,86.93,84.9,56.32,40.5,16.49,38.83,54.41,22.36,44.0,76.97,32.56,26.31,65.05,10.77,70.46,59.09,44.18,27.86,54.41,32.31,37.95,63.25,7.21,52.04,48.04,58.03,69.34,11.31,28.0,46.04,54.92,82.46,0.0,34.06,70.88,76.03,99.04,39.7,72.11,71.47,84.85,63.25,60.53,84.97,66.12,60.96,51.22,52.0,47.54,28.84,20.0,86.77,4.0,66.48,26.93,52.0,57.14,54.45,48.41,59.94,25.0,49.01
46,50.16,26.08,46.0,41.76,34.41,57.27,29.73,4.0,60.93,70.46,11.31,30.07,57.27,55.32,50.91,39.45,12.65,48.41,6.0,20.59,26.31,28.43,45.12,46.17,18.0,31.24,40.25,38.63,28.07,31.62,16.49,22.8,10.77,14.14,54.04,32.8,41.04,29.73,45.61,35.78,36.77,26.68,12.65,21.54,68.41,34.06,0.0,42.05,43.68,65.05,5.66,40.5,42.0,58.86,54.04,45.34,52.5,47.71,27.78,18.97,34.06,39.45,38.05,40.5,54.08,31.11,36.06,12.04,22.09,46.1,20.81,14.42,27.66,26.17,31.14
47,69.43,46.65,63.78,68.41,26.08,27.86,67.68,38.05,26.08,44.94,34.53,72.0,17.2,18.44,38.47,71.69,48.08,80.5,36.06,26.83,51.88,31.24,12.17,63.66,44.94,34.06,79.62,47.2,14.56,33.94,58.31,43.27,38.83,32.98,40.79,66.48,76.97,26.91,79.65,20.59,76.94,68.47,30.59,24.17,41.76,70.88,42.05,0.0,14.0,48.17,38.47,48.83,2.0,17.89,40.79,29.12,19.7,24.08,38.21,41.18,25.61,38.83,56.85,66.57,21.93,67.05,7.21,54.08,20.0,80.95,35.51,31.62,17.0,68.18,26.87
48,59.67,55.17,54.04,60.83,16.12,15.62,64.5,39.85,38.63,32.25,39.45,73.35,27.78,12.0,24.74,65.79,46.0,87.66,37.95,24.08,59.67,41.62,2.83,74.03,51.61,25.06,83.57,36.88,17.2,44.94,58.55,37.36,43.91,38.83,54.59,72.72,72.28,37.74,74.0,10.77,80.32,68.26,31.05,22.36,55.32,76.03,43.68,14.0,0.0,34.23,38.83,38.21,12.0,27.2,54.59,42.76,8.94,38.05,30.46,36.5,37.58,50.99,66.6,75.07,10.82,72.47,11.66,55.11,24.41,75.58,30.41,30.27,16.16,68.59,38.08
49,50.16,84.38,46.0,58.31,31.62,22.8,72.8,62.29,70.71,13.42,66.03,89.89,58.86,34.93,14.14,67.08,60.46,113.28,60.96,45.61,87.66,73.54,36.06,104.71,78.82,34.06,104.02,33.53,47.54,77.25,74.89,46.65,70.0,66.57,88.81,97.67,75.71,70.23,74.67,33.11,100.0,82.37,54.04,46.04,88.36,99.04,65.05,48.17,34.23,0.0,59.4,32.98,46.17,57.27,88.81,76.94,30.27,72.25,38.83,48.83,70.88,84.12,96.75,103.23,28.44,96.17,45.12,73.41,53.67,76.79,44.69,50.99,44.28,83.86,70.84
50,46.69,30.07,42.19,39.4,28.84,52.0,30.53,4.0,59.06,64.9,12.65,34.53,54.41,50.64,45.25,38.42,11.31,54.04,4.47,15.23,31.05,29.53,40.45,50.64,22.36,25.61,45.65,33.53,24.08,33.11,20.0,18.11,14.0,15.23,54.92,38.42,41.23,30.0,45.25,30.46,42.05,30.07,8.0,16.49,67.94,39.7,5.66,38.47,38.83,59.4,0.0,35.44,38.21,55.79,54.92,45.34,47.54,46.86,22.36,14.14,34.06,41.23,42.43,45.69,49.04,36.77,32.06,16.28,18.97,46.01,15.26,8.94,23.09,30.02,31.4
51,21.63,65.12,16.12,26.08,22.8,40.5,40.25,39.29,74.89,44.05,46.39,59.46,65.3,47.71,22.09,34.23,31.62,87.82,38.83,28.28,66.48,60.13,41.04,85.91,57.72,15.23,75.07,2.0,38.63,64.12,45.34,17.89,49.03,48.17,82.46,72.47,42.76,58.55,42.05,28.43,70.77,51.22,34.06,30.59,89.44,72.11,40.5,48.83,38.21,32.98,35.44,0.0,47.2,65.12,82.46,70.88,42.19,69.08,14.0,21.54,61.19,72.25,77.67,80.99,42.06,69.97,42.19,45.22,40.79,44.1,21.1,30.07,34.54,53.15,59.68
52,67.94,47.71,62.29,67.2,24.41,26.0,67.05,38.0,27.78,43.08,34.93,72.03,18.44,16.97,36.5,70.71,47.54,81.41,36.0,26.0,52.84,32.56,10.2,65.05,45.69,32.56,80.05,45.61,14.14,35.38,58.14,42.19,39.29,33.53,42.76,67.23,76.16,28.28,78.71,18.87,77.28,68.26,30.27,23.41,43.68,71.47,42.0,2.0,12.0,46.17,38.21,47.2,0.0,18.87,42.76,31.05,17.89,26.08,36.88,40.25,27.2,40.5,58.14,67.68,20.12,67.68,6.32,54.01,20.1,80.06,34.48,31.05,16.16,68.07,28.32
53,86.28,58.24,80.62,86.02,42.43,34.53,85.44,54.92,14.14,50.0,50.04,88.36,2.83,22.36,50.99,89.55,65.79,92.35,52.95,44.72,64.03,41.76,24.41,71.69,58.55,50.99,94.34,63.66,32.31,43.08,75.31,61.06,54.0,48.0,40.0,79.62,94.85,37.36,97.53,36.77,92.09,85.51,48.08,42.05,32.25,84.85,58.86,17.89,27.2,57.27,55.79,65.12,18.87,0.0,40.0,31.24,27.2,24.08,55.61,59.06,34.18,44.94,66.21,77.25,28.86,80.89,25.06,70.86,36.88,98.84,53.34,49.4,34.89,85.0,36.69
54,99.54,35.78,94.34,94.02,62.29,68.41,83.55,51.61,28.43,85.44,42.8,75.47,37.2,57.58,78.03,93.23,66.03,64.12,50.48,54.41,41.23,25.61,52.95,38.21,41.62,67.47,74.0,80.52,44.41,22.63,67.94,69.86,43.86,40.0,0.0,56.32,95.02,25.06,99.64,58.03,73.54,76.84,50.99,51.92,20.0,63.25,54.04,40.79,54.59,88.81,54.92,82.46,42.76,40.0,0.0,12.0,60.17,17.09,68.96,66.21,21.54,16.12,36.22,48.17,62.36,59.46,44.05,62.97,41.76,100.12,62.97,54.63,48.51,75.0,23.71
55,88.57,32.25,83.26,83.76,50.36,56.92,75.07,42.43,22.8,74.0,34.06,69.86,28.43,46.52,66.03,83.74,56.64,64.5,41.04,43.08,38.21,17.89,41.23,41.23,36.06,55.79,71.02,68.96,32.56,16.49,60.46,59.06,36.06,31.24,12.0,54.15,86.28,15.62,90.55,46.04,69.86,69.97,40.5,40.5,23.32,60.53,45.34,29.12,42.76,76.94,45.34,70.88,31.05,31.24,12.0,0.0,48.7,7.21,57.58,55.57,11.31,14.56,36.88,48.66,50.92,56.57,32.06,55.47,30.46,91.22,51.89,43.91,36.67,68.48,14.21
56,63.81,63.78,58.31,66.48,22.36,8.25,72.11,48.7,40.45,25.3,48.37,82.0,28.64,5.66,24.41,72.28,54.15,96.52,46.82,32.56,68.41,49.68,8.49,82.22,60.46,31.05,92.48,41.18,26.08,52.8,67.08,44.41,52.84,47.71,60.17,81.63,79.25,45.61,80.52,18.0,89.2,76.66,39.85,31.05,58.14,84.97,52.5,19.7,8.94,30.27,47.54,42.19,17.89,27.2,60.17,48.7,0.0,43.17,36.88,44.05,44.94,58.31,74.97,83.74,2.24,81.41,19.8,63.79,33.29,82.23,38.01,38.83,25.08,77.1,45.8
57,87.82,38.0,82.37,84.02,47.54,51.42,77.2,44.41,16.12,68.41,36.72,74.0,21.26,40.5,62.13,84.85,58.14,71.02,42.8,42.19,44.0,22.36,36.22,48.33,40.79,53.85,76.42,67.23,30.46,22.0,63.53,58.82,39.4,34.0,17.09,60.0,88.09,18.97,92.02,42.76,74.97,73.35,41.04,39.45,21.26,66.12,47.71,24.08,38.05,72.25,46.86,69.08,26.08,24.08,17.09,7.21,43.17,0.0,56.36,55.61,14.56,21.54,43.68,55.32,45.35,62.13,28.28,58.59,30.0,92.85,51.31,44.05,34.54,72.09,17.72
58,31.62,51.42,26.08,30.53,14.56,38.0,36.22,26.0,63.78,46.82,32.56,51.11,55.32,41.76,25.06,35.44,21.63,76.03,25.3,14.56,53.14,46.17,33.11,72.28,44.27,6.0,65.3,12.0,26.08,50.16,36.06,8.25,35.44,34.23,68.96,60.46,42.43,44.72,43.68,19.7,61.22,43.86,20.1,17.09,77.18,60.96,27.78,38.21,30.46,38.83,22.36,14.0,36.88,55.61,68.96,57.58,36.88,56.36,0.0,10.0,47.54,58.31,64.03,68.03,37.48,58.41,31.11,34.71,27.2,45.35,7.28,16.12,22.2,45.18,45.89
59,33.53,44.18,28.64,28.43,22.09,46.39,28.07,18.11,65.3,56.46,26.08,41.18,58.31,48.37,34.99,30.53,11.66,66.57,18.0,14.42,45.12,41.76,38.83,64.78,36.5,15.23,55.32,19.7,27.2,45.61,26.08,4.0,28.07,28.28,66.21,51.11,36.06,41.23,38.47,26.08,51.22,34.18,15.23,17.2,76.84,51.22,18.97,41.18,36.5,48.83,14.14,21.54,40.25,59.06,66.21,55.57,44.05,55.61,10.0,0.0,44.72,53.85,56.57,59.46,45.0,48.83,34.0,24.76,25.61,39.81,6.08,11.66,24.19,35.34,42.54
60,78.0,24.33,72.8,72.72,42.05,52.84,63.78,31.11,30.07,69.77,22.8,59.46,31.62,44.05,58.86,72.47,45.34,58.24,29.73,32.98,30.27,8.0,36.72,38.42,26.31,46.39,62.13,59.23,24.08,8.94,49.4,48.33,25.06,20.0,21.54,46.17,74.97,4.47,79.25,38.47,60.53,59.06,29.53,30.59,34.41,52.0,34.06,25.61,37.58,70.88,34.06,61.19,27.2,34.18,21.54,11.31,44.94,14.56,47.54,44.72,0.0,13.42,32.25,43.08,47.17,48.0,26.0,44.42,20.4,79.91,41.44,33.11,28.02,57.7,3.16
61,87.36,19.7,82.46,80.62,54.59,66.24,68.41,37.58,37.36,83.19,28.64,59.36,42.19,57.2,71.81,78.89,51.88,50.16,36.77,44.05,25.3,12.17,50.12,26.83,25.61,58.0,58.24,70.26,36.88,8.25,52.35,57.72,28.84,26.0,16.12,40.79,80.0,14.14,84.88,51.42,57.58,60.96,38.83,42.0,34.93,47.54,39.45,38.83,50.99,84.12,41.23,72.25,40.5,44.94,16.12,14.56,58.31,21.54,58.31,53.85,13.42,0.0,22.36,34.23,60.54,43.68,39.4,47.42,32.06,85.21,51.62,42.76,40.61,59.03,13.34
62,88.02,12.65,84.02,78.64,65.3,82.22,61.35,38.47,59.67,98.41,31.62,45.61,63.56,75.07,83.19,74.22,50.04,28.0,38.83,52.0,12.17,25.61,66.48,8.25,20.1,65.79,39.45,75.71,50.0,23.32,44.27,60.53,28.64,30.46,36.22,21.63,72.8,30.0,78.43,63.81,40.0,50.12,44.27,50.99,56.14,28.84,38.05,56.85,66.6,96.75,42.43,77.67,58.14,66.21,36.22,36.88,74.97,43.68,64.03,56.57,32.25,22.36,0.0,12.0,77.1,25.61,55.17,40.26,43.27,78.19,56.75,48.08,52.7,47.51,30.23
63,88.57,20.0,85.16,78.03,71.61,90.55,58.55,42.05,71.39,106.15,37.2,39.4,74.67,84.4,89.31,72.25,50.99,16.0,42.94,57.69,15.62,35.78,75.29,12.81,24.41,70.71,29.73,79.12,58.0,34.18,42.05,63.25,33.29,36.88,48.17,13.42,69.43,40.25,75.31,70.94,31.24,45.61,49.4,57.2,68.12,20.0,40.5,66.57,75.07,103.23,45.69,80.99,67.68,77.25,48.17,48.66,83.74,55.32,68.03,59.46,43.08,34.23,12.0,0.0,85.8,17.89,64.03,39.05,50.91,74.73,60.84,52.84,60.14,42.72,40.72
64,63.63,65.86,58.18,66.73,23.09,6.08,73.03,50.33,42.3,23.09,50.25,83.43,30.41,6.71,23.43,72.78,55.33,98.47,48.47,33.96,70.43,51.86,10.63,84.39,62.43,31.58,94.15,41.15,28.02,55.0,68.45,45.18,54.71,49.65,62.36,83.53,79.91,47.8,81.02,19.1,90.82,77.93,41.44,32.57,60.07,86.77,54.08,21.93,10.82,28.44,49.04,42.06,20.12,28.86,62.36,50.92,2.24,45.35,37.48,45.0,47.17,60.54,77.1,85.8,0.0,83.24,21.93,65.25,35.23,82.76,39.01,40.26,26.83,78.45,48.01
65,74.22,24.33,71.47,62.8,65.3,87.13,42.0,34.06,78.03,101.21,33.11,21.54,78.64,83.26,82.02,56.04,38.47,17.89,35.61,51.22,18.44,40.0,73.35,30.0,22.36,62.29,14.56,68.26,55.46,40.2,26.68,52.15,28.64,34.18,59.46,4.47,52.35,44.05,58.31,66.03,14.42,28.28,42.8,51.61,78.59,4.0,31.11,67.05,72.47,96.17,36.77,69.97,67.68,80.89,59.46,56.57,81.41,62.13,58.41,48.83,48.0,43.68,25.61,17.89,83.24,0.0,62.77,25.08,48.33,57.56,51.74,45.34,56.44,25.32,45.01
66,62.48,44.05,56.85,61.22,19.7,27.2,60.73,32.06,32.8,43.91,29.73,66.12,24.41,20.59,34.0,64.5,41.23,77.18,30.07,19.7,48.83,30.0,11.31,62.48,41.18,27.2,74.73,40.5,8.0,33.29,52.04,36.06,34.18,28.64,44.05,62.61,69.86,26.08,72.47,14.56,71.81,62.13,24.08,17.09,47.54,66.48,36.06,7.21,11.66,45.12,32.06,42.19,6.32,25.06,44.05,32.06,19.8,28.28,31.11,34.0,26.0,39.4,55.17,64.03,21.93,62.77,0.0,48.01,14.56,73.79,28.3,24.74,9.85,62.01,26.42
67,49.65,30.41,46.57,39.0,44.28,68.01,21.47,16.03,72.45,80.13,21.93,18.25,69.23,66.91,59.41,33.96,13.6,42.95,18.03,31.32,28.16,37.8,56.72,47.68,22.47,39.41,30.61,43.6,40.01,40.36,5.0,27.66,19.42,24.6,62.97,28.16,33.12,39.96,38.48,46.49,26.63,14.87,24.19,32.76,78.77,26.93,12.04,54.08,55.11,73.41,16.28,45.22,54.01,70.86,62.97,55.47,63.79,58.59,34.71,24.76,44.42,47.42,40.26,39.05,65.25,25.08,48.01,0.0,34.13,38.47,28.84,25.0,39.32,14.14,41.34
68,58.14,31.24,52.8,54.04,22.8,39.7,49.19,18.11,40.5,55.32,15.23,52.0,35.44,34.93,40.5,55.32,29.53,63.25,16.12,12.65,35.38,20.4,25.06,51.11,27.2,26.08,60.17,38.83,7.21,24.33,38.47,28.84,19.7,14.42,41.76,48.37,59.36,18.0,62.8,20.59,57.27,48.66,11.66,10.2,51.22,52.0,22.09,20.0,24.41,53.67,18.97,40.79,20.1,36.88,41.76,30.46,33.29,30.0,27.2,25.61,20.4,32.06,43.27,50.91,35.23,48.33,14.56,34.13,0.0,63.82,21.47,14.14,9.43,48.26,19.03
69,30.02,68.88,31.95,18.68,59.91,82.73,17.0,48.8,104.29,88.14,57.38,37.0,98.01,87.09,66.01,10.05,34.71,73.0,50.21,54.12,66.31,74.52,78.11,85.07,60.9,51.2,53.34,44.01,66.73,77.62,34.01,38.28,56.4,60.21,100.12,61.81,5.39,75.69,2.24,64.85,49.16,29.27,52.2,56.82,113.95,57.14,46.1,80.95,75.58,76.79,46.01,44.1,80.06,98.84,100.12,91.22,82.23,92.85,45.35,39.81,79.91,85.21,78.19,74.73,82.76,57.56,73.79,38.47,63.82,0.0,45.69,49.93,63.95,32.25,77.1
70,36.67,44.15,31.38,33.24,16.28,40.61,34.13,18.79,60.14,51.43,25.32,46.1,52.7,42.3,30.61,36.24,16.76,69.2,18.03,9.22,45.88,39.46,32.76,65.0,37.0,10.63,59.41,19.1,21.93,43.42,30.87,7.81,28.16,27.07,62.97,53.6,42.06,38.33,44.28,20.02,55.47,39.56,13.0,12.04,72.42,54.45,20.81,35.51,30.41,44.69,15.26,21.1,34.48,53.34,62.97,51.89,38.01,51.31,7.28,6.08,41.44,51.62,56.75,60.84,39.01,51.74,28.3,28.84,21.47,45.69,0.0,9.0,18.6,40.5,39.56
71,44.94,35.44,39.85,40.0,20.0,43.08,36.06,11.31,54.41,56.04,16.49,43.17,48.33,42.19,36.88,41.23,16.49,62.29,10.0,6.32,37.58,30.59,32.06,56.32,28.64,17.89,54.59,28.07,17.09,34.53,28.28,15.23,19.7,18.11,54.63,46.69,45.65,29.73,48.83,21.54,50.99,38.05,4.0,8.0,65.3,48.41,14.42,31.62,30.27,50.99,8.94,30.07,31.05,49.4,54.63,43.91,38.83,44.05,16.12,11.66,33.11,42.76,48.08,52.84,40.26,45.34,24.74,25.0,14.14,49.93,9.0,0.0,15.13,38.33,31.02
72,53.82,40.61,48.26,51.74,14.04,30.81,50.96,23.77,41.73,46.01,23.6,57.56,34.13,27.66,31.32,54.71,31.58,72.01,21.84,9.85,44.55,29.41,17.46,60.54,36.12,19.31,67.42,32.7,4.12,33.24,43.05,26.4,28.02,23.35,48.51,56.86,60.01,26.48,62.65,11.18,64.2,53.0,15.13,7.28,55.07,59.94,27.66,17.0,16.16,44.28,23.09,34.54,16.16,34.89,48.51,36.67,25.08,34.54,22.2,24.19,28.02,40.61,52.7,60.14,26.83,56.44,9.85,39.32,9.43,63.95,18.6,15.13,0.0,53.08,27.29
73,51.89,40.31,50.25,39.56,56.61,80.78,17.46,30.15,86.33,91.79,35.74,6.4,83.36,80.5,70.24,31.58,23.77,41.19,32.14,44.55,36.4,50.61,70.35,53.71,33.42,50.57,23.26,51.86,54.01,52.7,10.05,37.22,32.7,38.28,75.0,29.61,27.07,53.23,33.06,59.44,18.79,3.0,38.01,46.27,91.79,25.0,26.17,68.18,68.59,83.86,30.02,53.15,68.07,85.0,75.0,68.48,77.1,72.09,45.18,35.34,57.7,59.03,47.51,42.72,78.45,25.32,62.01,14.14,48.26,32.25,40.5,38.33,53.08,0.0,54.56
74,75.96,21.59,70.84,70.33,41.3,53.54,60.88,28.32,33.14,70.33,19.85,56.3,34.21,45.28,58.46,69.81,42.64,55.66,27.02,31.4,27.46,5.1,37.44,36.8,23.19,45.1,59.08,57.71,23.54,7.07,46.32,46.24,21.95,17.03,23.71,43.29,72.12,1.41,76.49,38.08,57.43,55.95,27.31,29.15,37.44,49.01,31.14,26.87,38.08,70.84,31.4,59.68,28.32,36.69,23.71,14.21,45.8,17.72,45.89,42.54,3.16,13.34,30.23,40.72,48.01,45.01,26.42,41.34,19.03,77.1,39.56,31.02,27.29,54.56,0.0
