vehicles
vehicle_idx, capacity, cost_per_unit_distance
1,100,3
2,100,3
3,100,3
4,100,3
5,100,3
6,100,3
7,100,3
8,100,3
9,100,3
depot
node_idx,x,y
0,97,33
home delivery customers
node_idx,x,y,service_time,demand
1,1,33,10,15
2,5,91,10,1
3,25,11,10,4
4,87,25,10,5
5,71,89,10,9
6,59,79,10,18
7,87,95,10,23
8,59,91,10,21
9,83,51,10,23
10,21,55,10,5
11,63,87,10,7
12,21,17,10,4
13,65,43,10,19
14,13,57,10,26
15,47,43,10,24
16,57,55,10,8
17,27,59,10,9
18,83,9,10,18
19,9,35,10,15
20,33,3,10,11
21,51,49,10,54
self pickup customers
node_idx,x,y,service_time,demand,locker_idxs
22,55,57,10,23,76-72
23,29,37,10,23,65
24,67,65,10,18,76
25,71,57,10,13,70-76
26,93,83,10,16,64
27,47,41,10,26,69-75
28,23,93,10,4,67
29,39,45,10,8,75-73-71-68
30,45,7,10,26,73
31,85,51,10,16,66
32,35,93,10,5,72-67
33,51,21,10,8,69-71-75
34,5,71,10,3,67
35,17,71,10,16,67
36,5,71,10,2,67
37,21,77,10,5,67
38,25,63,10,19,72
39,77,9,10,5,66
40,25,55,10,5,72
41,53,11,10,12,71
42,9,23,10,8,65
flexible customers
node_idx,x,y,service_time,demand,locker_idxs
43,57,81,10,10,72-74-76-64
44,21,39,10,24,65
45,93,37,10,17,66
46,47,37,10,2,73-75-69-68-71-70
47,67,15,10,8,73-75-69
48,45,79,10,23,72-74-76-68-70-64
49,29,1,10,4,65
50,51,41,10,16,69-76-75-73-70-71-68
51,47,79,10,2,72-74-76-68-64
52,49,65,10,8,72-68-74-70-76
53,69,43,10,26,69-75-73-71-76-70
54,37,41,10,12,68-70-71-73-75
55,37,95,10,8,67
56,37,47,10,8,73-71-70-74-68
57,83,73,10,19,64
58,81,17,10,3,66
59,59,33,10,17,69-75-73-71
60,71,51,10,8,76-70-71-64
61,9,7,10,12,65
62,21,33,10,22,65
63,63,69,10,19,76-74-70-68-64
lockers
node_idx,x,y,service_time,capacity,cost_per_unit_good
64,65,88,10,96
65,25,15,10,73
66,93,12,10,75
67,22,88,10,72
68,40,60,10,100
69,64,24,10,97
70,52,59,10,78
71,52,37,10,82
72,39,77,10,81
73,51,26,10,82
74,44,69,10,80
75,53,25,10,76
76,61,64,10,84
mrt lines
start_node_idx,end_node_idx,freight_capacity,cost_per_unit_good
0,1,96,0.1
1,0,96,0.1
distance matrix
,0,1,2,3,4,5,6,7,8,9,10,11,12,13,14,15,16,17,18,19,20,21,22,23,24,25,26,27,28,29,30,31,32,33,34,35,36,37,38,39,40,41,42,43,44,45,46,47,48,49,50,51,52,53,54,55,56,57,58,59,60,61,62,63,64,65,66,67,68,69,70,71,72,73,74,75,76,
0,0.0,96.0,108.76,75.29,12.81,61.74,59.67,62.8,69.34,22.8,79.12,63.81,77.67,33.53,87.36,50.99,45.65,74.67,27.78,88.02,70.68,48.7,48.37,68.12,43.86,35.38,50.16,50.64,95.27,59.23,58.14,21.63,86.28,47.54,99.54,88.57,99.54,87.82,78.0,31.24,75.29,49.19,88.57,62.48,76.24,5.66,50.16,34.99,69.43,75.15,46.69,67.94,57.69,29.73,60.53,86.28,61.61,42.38,22.63,38.0,31.62,91.76,76.0,49.52,63.63,74.22,21.38,93.01,63.07,34.21,51.97,45.18,72.8,46.53,64.07,44.72,47.51
1,96.0,0.0,58.14,32.56,86.37,89.64,74.03,106.02,82.02,83.95,29.73,82.22,25.61,64.78,26.83,47.07,60.17,36.77,85.44,8.25,43.86,52.5,59.09,28.28,73.35,74.0,104.71,46.69,63.91,39.85,51.11,85.91,68.96,51.42,38.21,41.23,38.21,48.33,38.42,79.7,32.56,56.46,12.81,73.76,20.88,92.09,46.17,68.41,63.66,42.52,50.64,65.05,57.69,68.73,36.88,71.69,38.63,91.24,81.58,58.0,72.28,27.2,20.0,71.69,84.39,30.0,94.37,58.87,47.43,63.64,57.25,51.16,58.14,50.49,56.08,52.61,67.54
2,108.76,58.14,0.0,82.46,105.26,66.03,55.32,82.1,54.0,87.66,39.4,58.14,75.71,76.84,34.93,63.78,63.25,38.83,113.17,56.14,92.35,62.29,60.46,59.09,67.23,74.24,88.36,65.3,18.11,57.2,93.04,89.44,30.07,83.76,20.0,23.32,20.0,21.26,34.41,109.12,41.18,93.3,68.12,52.95,54.41,103.25,68.41,98.08,41.76,93.15,67.94,43.68,51.11,80.0,59.36,32.25,54.41,80.05,106.08,79.25,77.18,84.1,60.17,62.03,60.07,78.59,118.26,17.26,46.75,89.27,56.86,71.59,36.77,79.63,44.78,81.61,62.17
3,75.29,32.56,82.46,0.0,63.56,90.55,76.03,104.4,86.93,70.46,44.18,84.97,7.21,51.22,47.54,38.83,54.41,48.04,58.03,28.84,11.31,46.04,54.92,26.31,68.41,65.05,99.04,37.2,82.02,36.77,20.4,72.11,82.61,27.86,63.25,60.53,63.25,66.12,52.0,52.04,44.0,28.0,20.0,76.97,28.28,72.8,34.06,42.19,70.88,10.77,39.7,71.47,59.09,54.41,32.31,84.85,37.95,84.9,56.32,40.5,60.96,16.49,22.36,69.34,86.77,4.0,68.01,77.06,51.24,41.11,55.07,37.48,67.47,30.02,61.03,31.3,64.07
4,12.81,86.37,105.26,63.56,0.0,65.97,60.83,70.0,71.69,26.31,72.5,66.48,66.48,28.43,80.62,43.86,42.43,68.96,16.49,78.64,58.31,43.27,45.25,59.23,44.72,35.78,58.31,43.08,93.38,52.0,45.69,26.08,85.6,36.22,94.02,83.76,94.02,84.02,72.72,18.87,68.88,36.77,78.03,63.53,67.47,13.42,41.76,22.36,68.41,62.77,39.4,67.2,55.17,25.46,52.5,86.02,54.63,48.17,10.0,29.12,30.53,80.05,66.48,50.12,66.73,62.8,14.32,90.52,58.6,23.02,48.8,37.0,70.77,36.01,61.52,34.0,46.87
5,61.74,89.64,66.03,90.55,65.97,0.0,15.62,17.09,12.17,39.85,60.46,8.25,87.66,46.39,66.24,51.88,36.77,53.25,80.89,82.22,94.02,44.72,35.78,66.84,24.33,32.0,22.8,53.67,48.17,54.41,86.02,40.5,36.22,70.88,68.41,56.92,68.41,51.42,52.84,80.22,57.2,80.05,90.55,16.12,70.71,56.46,57.27,74.11,27.86,97.51,52.0,26.0,32.56,46.04,58.82,34.53,54.04,20.0,72.69,57.27,38.0,102.8,75.07,21.54,6.08,87.13,80.08,49.01,42.45,65.38,35.51,55.36,34.18,66.1,33.6,66.48,26.93
6,59.67,74.03,55.32,76.03,60.83,15.62,0.0,32.25,12.0,36.88,44.94,8.94,72.72,36.5,50.99,37.95,24.08,37.74,74.0,66.6,80.32,31.05,22.36,51.61,16.12,25.06,34.23,39.85,38.63,39.45,73.35,38.21,27.78,58.55,54.59,42.76,54.59,38.05,37.58,72.28,41.62,68.26,75.07,2.83,55.17,54.04,43.68,64.5,14.0,83.57,38.83,12.0,17.2,37.36,43.91,27.2,38.83,24.74,65.79,46.0,30.46,87.66,59.67,10.77,10.82,72.47,75.13,38.08,26.87,55.23,21.19,42.58,20.1,53.6,18.03,54.33,15.13
7,62.8,106.02,82.1,104.4,70.0,17.09,32.25,0.0,28.28,44.18,77.18,25.3,102.18,56.46,83.19,65.6,50.0,69.97,86.09,98.41,106.68,58.41,49.68,82.02,36.06,41.23,13.42,67.2,64.03,69.31,97.51,44.05,52.04,82.29,85.44,74.0,85.44,68.41,69.77,86.58,73.78,90.62,106.15,33.11,86.56,58.31,70.46,82.46,44.94,110.45,64.9,43.08,48.41,55.03,73.59,50.0,69.31,22.36,78.23,68.03,46.82,117.59,90.55,35.38,23.09,101.21,83.22,65.38,58.6,74.63,50.21,67.74,51.26,77.83,50.25,77.82,40.46
8,69.34,82.02,54.0,86.93,71.69,12.17,12.0,28.28,0.0,46.65,52.35,5.66,83.19,48.37,57.2,49.48,36.06,45.25,85.44,75.07,91.76,42.76,34.23,61.77,27.2,36.06,34.93,51.42,36.06,50.16,85.16,47.71,24.08,70.46,57.58,46.52,57.58,40.5,44.05,83.95,49.52,80.22,84.4,10.2,64.4,63.81,55.32,76.42,18.44,94.87,50.64,16.97,27.86,49.03,54.63,22.36,49.19,30.0,77.2,58.0,41.76,97.75,69.34,22.36,6.71,83.26,86.01,37.12,36.36,67.19,32.76,54.45,24.41,65.49,26.63,66.27,27.07
9,22.8,83.95,87.66,70.46,26.31,39.85,36.88,44.18,46.65,0.0,62.13,41.18,70.71,19.7,70.26,36.88,26.31,56.57,42.0,75.71,69.31,32.06,28.64,55.79,21.26,13.42,33.53,37.36,73.24,44.41,58.14,2.0,63.78,43.86,80.52,68.96,80.52,67.23,59.23,42.43,58.14,50.0,79.12,39.7,63.15,17.2,38.63,39.4,47.2,73.59,33.53,45.61,36.77,16.12,47.07,63.66,46.17,22.0,34.06,30.0,12.0,86.09,64.56,26.91,41.15,68.26,40.26,71.34,43.93,33.02,32.02,34.01,51.11,40.61,42.95,39.7,25.55
10,79.12,29.73,39.4,44.18,72.5,60.46,44.94,77.18,52.35,62.13,0.0,52.8,38.0,45.61,8.25,28.64,36.0,7.21,77.2,23.32,53.37,30.59,34.06,19.7,47.07,50.04,77.25,29.53,38.05,20.59,53.67,64.12,40.5,45.34,22.63,16.49,22.63,22.0,8.94,72.47,4.0,54.41,34.18,44.41,16.0,74.22,31.62,60.96,33.94,54.59,33.11,35.38,29.73,49.48,21.26,43.08,17.89,64.56,71.02,43.91,50.16,49.48,22.0,44.27,55.0,40.2,83.86,33.02,19.65,53.01,31.26,35.85,28.43,41.73,26.93,43.86,41.0
11,63.81,82.22,58.14,84.97,66.48,8.25,8.94,25.3,5.66,41.18,52.8,0.0,81.63,44.05,58.31,46.82,32.56,45.61,80.52,74.97,89.2,39.85,31.05,60.46,22.36,31.05,30.27,48.7,40.45,48.37,82.0,42.19,28.64,67.08,60.17,48.7,60.17,43.17,44.94,79.25,49.68,76.66,83.74,8.49,63.78,58.31,52.5,72.11,19.7,92.48,47.54,17.89,26.08,44.41,52.84,27.2,47.71,24.41,72.28,54.15,36.88,96.52,68.41,18.0,2.24,81.41,80.78,41.01,35.47,63.01,30.08,51.2,26.0,62.17,26.17,62.8,23.09
12,77.67,25.61,75.71,7.21,66.48,87.66,72.72,102.18,83.19,70.71,38.0,81.63,0.0,51.11,40.79,36.77,52.35,42.43,62.51,21.63,18.44,43.86,52.5,21.54,66.48,64.03,97.67,35.38,76.03,33.29,26.0,72.47,77.28,30.27,56.32,54.15,56.32,60.0,46.17,56.57,38.21,32.56,13.42,73.43,22.0,74.73,32.8,46.04,66.48,17.89,38.42,67.23,55.57,54.59,28.84,79.62,34.0,83.55,60.0,41.23,60.46,15.62,16.0,66.84,83.53,4.47,72.17,71.01,47.01,43.57,52.2,36.89,62.64,31.32,56.86,32.98,61.72
13,33.53,64.78,76.84,51.22,28.43,46.39,36.5,56.46,48.37,19.7,45.61,44.05,51.11,0.0,53.85,18.0,14.42,41.23,38.47,56.57,51.22,15.23,17.2,36.5,22.09,15.23,48.83,18.11,65.3,26.08,41.18,21.54,58.31,26.08,66.21,55.57,66.21,55.61,44.72,36.06,41.76,34.18,59.46,38.83,44.18,28.64,18.97,28.07,41.18,55.32,14.14,40.25,27.2,4.0,28.07,59.06,28.28,34.99,30.53,11.66,10.0,66.57,45.12,26.08,45.0,48.83,41.77,62.24,30.23,19.03,20.62,14.32,42.8,22.02,33.42,21.63,21.38
14,87.36,26.83,34.93,47.54,80.62,66.24,50.99,83.19,57.2,70.26,8.25,58.31,40.79,53.85,0.0,36.77,44.05,14.14,84.88,22.36,57.58,38.83,42.0,25.61,54.59,58.0,84.12,37.58,37.36,28.64,59.36,72.25,42.19,52.35,16.12,14.56,16.12,21.54,13.42,80.0,12.17,60.96,34.23,50.12,19.7,82.46,39.45,68.41,38.83,58.24,41.23,40.5,36.88,57.72,28.84,44.94,26.0,71.81,78.89,51.88,58.31,50.16,25.3,51.42,60.54,43.68,91.79,32.28,27.17,60.75,39.05,43.83,32.8,49.04,33.24,51.22,48.51
15,50.99,47.07,63.78,38.83,43.86,51.88,37.95,65.6,49.48,36.88,28.64,46.82,36.77,18.0,36.77,0.0,15.62,25.61,49.52,38.83,42.38,7.21,16.12,18.97,29.73,27.78,60.96,2.0,55.46,8.25,36.06,38.83,51.42,22.36,50.48,41.04,50.48,42.8,29.73,45.34,25.06,32.56,42.94,39.29,26.31,46.39,6.0,34.41,36.06,45.69,4.47,36.0,22.09,22.0,10.2,52.95,10.77,46.86,42.8,15.62,25.3,52.35,27.86,30.53,48.47,35.61,55.47,51.48,18.38,25.5,16.76,7.81,34.93,17.46,26.17,18.97,25.24
16,45.65,60.17,63.25,54.41,42.43,36.77,24.08,50.0,36.06,26.31,36.0,32.56,52.35,14.42,44.05,15.62,0.0,30.27,52.84,52.0,57.27,8.49,2.83,33.29,14.14,14.14,45.61,17.2,50.99,20.59,49.48,28.28,43.91,34.53,54.41,43.08,54.41,42.19,32.98,50.16,32.0,44.18,57.69,26.0,39.4,40.25,20.59,41.23,26.83,60.83,15.23,26.0,12.81,16.97,24.41,44.72,21.54,31.62,44.94,22.09,14.56,67.88,42.19,15.23,33.96,51.22,56.08,48.1,17.72,31.78,6.4,18.68,28.43,29.61,19.1,30.27,9.85
17,74.67,36.77,38.83,48.04,68.96,53.25,37.74,69.97,45.25,56.57,7.21,45.61,42.43,41.23,14.14,25.61,30.27,0.0,75.07,30.0,56.32,26.0,28.07,22.09,40.45,44.05,70.23,26.91,34.23,18.44,55.03,58.55,34.93,44.94,25.06,15.62,25.06,18.97,4.47,70.71,4.47,54.59,40.25,37.2,20.88,69.57,29.73,59.46,26.91,58.03,30.0,28.28,22.8,44.94,20.59,37.36,15.62,57.72,68.41,41.23,44.72,55.03,26.68,37.36,47.8,44.05,81.02,29.43,13.04,50.93,25.0,33.3,21.63,40.8,19.72,42.8,34.37
18,27.78,85.44,113.17,58.03,16.49,80.89,74.0,86.09,85.44,42.0,77.2,80.52,62.51,38.47,84.88,49.52,52.84,75.07,0.0,78.43,50.36,51.22,55.57,60.83,58.24,49.48,74.67,48.17,103.23,56.85,38.05,42.05,96.75,34.18,99.64,90.55,99.64,92.02,79.25,6.0,74.03,30.07,75.31,76.55,68.88,29.73,45.61,17.09,79.65,54.59,45.25,78.71,65.51,36.77,56.04,97.53,59.67,64.0,8.25,33.94,43.68,74.03,66.48,63.25,81.02,58.31,10.44,99.81,66.71,24.21,58.83,41.77,80.99,36.24,71.56,34.0,59.24
19,88.02,8.25,56.14,28.84,78.64,82.22,66.6,98.41,75.07,75.71,23.32,74.97,21.63,56.57,22.36,38.83,52.0,30.0,78.43,0.0,40.0,44.27,50.99,20.1,65.3,65.79,96.75,38.47,59.67,31.62,45.61,77.67,63.56,44.27,36.22,36.88,36.22,43.68,32.25,72.8,25.61,50.12,12.0,66.48,12.65,84.02,38.05,61.35,56.85,39.45,42.43,58.14,50.0,60.53,28.64,66.21,30.46,83.19,74.22,50.04,64.03,28.0,12.17,63.81,77.1,25.61,87.09,54.57,39.82,56.09,49.24,43.05,51.61,42.95,48.8,45.12,59.54
20,70.68,43.86,92.35,11.31,58.31,94.02,80.32,106.68,91.76,69.31,53.37,89.2,18.44,51.22,57.58,42.38,57.27,56.32,50.36,40.0,0.0,49.4,58.31,34.23,70.71,66.03,100.0,40.5,90.55,42.43,12.65,70.77,90.02,25.46,73.54,69.86,73.54,74.97,60.53,44.41,52.61,21.54,31.24,81.61,37.95,68.96,36.77,36.06,76.94,4.47,42.05,77.28,64.03,53.81,38.21,92.09,44.18,86.02,50.0,39.7,61.22,24.33,32.31,72.5,90.82,14.42,60.67,85.71,57.43,37.44,59.14,38.95,74.24,29.21,66.91,29.73,67.12
21,48.7,52.5,62.29,46.04,43.27,44.72,31.05,58.41,42.76,32.06,30.59,39.85,43.86,15.23,38.83,7.21,8.49,26.0,51.22,44.27,49.4,0.0,8.94,25.06,22.63,21.54,54.04,8.94,52.15,12.65,42.43,34.06,46.82,28.0,50.99,40.5,50.99,41.04,29.53,47.71,26.68,38.05,49.4,32.56,31.62,43.68,12.65,37.58,30.59,52.8,8.0,30.27,16.12,18.97,16.12,48.08,14.14,40.0,43.86,17.89,20.1,59.4,34.0,23.32,41.44,42.8,55.97,48.6,15.56,28.18,10.05,12.04,30.46,23.0,21.19,24.08,18.03
22,48.37,59.09,60.46,54.92,45.25,35.78,22.36,49.68,34.23,28.64,34.06,31.05,52.5,17.2,42.0,16.12,2.83,28.07,55.57,50.99,58.31,8.94,0.0,32.8,14.42,16.0,46.04,17.89,48.17,20.0,50.99,30.59,41.18,36.22,51.92,40.5,51.92,39.45,30.59,52.8,30.07,46.04,57.2,24.08,38.47,42.94,21.54,43.68,24.17,61.74,16.49,23.41,10.0,19.8,24.08,42.05,20.59,32.25,47.71,24.33,17.09,67.94,41.62,14.42,32.57,51.61,58.9,45.28,15.3,34.21,3.61,20.22,25.61,31.26,16.28,32.06,9.22
23,68.12,28.28,59.09,26.31,59.23,66.84,51.61,82.02,61.77,55.79,19.7,60.46,21.54,36.5,25.61,18.97,33.29,22.09,60.83,20.1,34.23,25.06,32.8,0.0,47.2,46.52,78.82,18.44,56.32,12.81,34.0,57.72,56.32,27.2,41.62,36.06,41.62,40.79,26.31,55.57,18.44,35.38,24.41,52.15,8.25,64.0,18.0,43.91,44.94,36.0,22.36,45.69,34.41,40.45,8.94,58.55,12.81,64.9,55.71,30.27,44.27,36.06,8.94,46.69,62.43,22.36,68.71,51.48,25.5,37.34,31.83,23.0,41.23,24.6,35.34,26.83,41.87
24,43.86,73.35,67.23,68.41,44.72,24.33,16.12,36.06,27.2,21.26,47.07,22.36,66.48,22.09,54.59,29.73,14.14,40.45,58.24,65.3,70.71,22.63,14.42,47.2,0.0,8.94,31.62,31.24,52.15,34.41,62.03,22.8,42.52,46.82,62.29,50.36,62.29,47.54,42.05,56.89,43.17,55.79,71.61,18.87,52.84,38.21,34.41,50.0,26.08,74.43,28.84,24.41,18.0,22.09,38.42,42.43,34.99,17.89,50.0,32.98,14.56,82.02,56.04,5.66,23.09,65.3,59.03,50.54,27.46,41.11,16.16,31.76,30.46,42.15,23.35,42.38,6.08
25,35.38,74.0,74.24,65.05,35.78,32.0,25.06,41.23,36.06,13.42,50.04,31.05,64.03,15.23,58.0,27.78,14.14,44.05,49.48,65.79,66.03,21.54,16.0,46.52,8.94,0.0,34.06,28.84,60.0,34.18,56.36,15.23,50.91,41.18,67.47,55.79,67.47,53.85,46.39,48.37,46.04,49.4,70.71,27.78,53.14,29.73,31.24,42.19,34.06,70.0,25.61,32.56,23.41,14.14,37.58,50.99,35.44,20.0,41.23,26.83,6.0,79.65,55.46,14.42,31.58,62.29,50.09,57.98,31.14,33.73,19.1,27.59,37.74,36.89,29.55,36.72,12.21
26,50.16,104.71,88.36,99.04,58.31,22.8,34.23,13.42,34.93,33.53,77.25,30.27,97.67,48.83,84.12,60.96,45.61,70.23,74.67,96.75,100.0,54.04,46.04,78.82,31.62,34.06,0.0,62.29,70.71,66.03,89.89,32.98,58.86,74.89,88.81,76.94,88.81,72.25,70.88,75.71,73.54,82.37,103.23,36.06,84.38,46.0,65.05,72.8,48.17,104.02,59.4,46.17,47.54,46.65,70.0,57.27,66.57,14.14,67.08,60.46,38.83,113.28,87.66,33.11,28.44,96.17,71.0,71.18,57.78,65.74,47.51,61.62,54.33,70.8,50.96,70.46,37.22
27,50.64,46.69,65.3,37.2,43.08,53.67,39.85,67.2,51.42,37.36,29.53,48.7,35.38,18.11,37.58,2.0,17.2,26.91,48.17,38.47,40.5,8.94,17.89,18.44,31.24,28.84,62.29,0.0,57.27,8.94,34.06,39.29,53.37,20.4,51.61,42.43,51.61,44.41,31.11,43.86,26.08,30.59,42.05,41.23,26.08,46.17,4.0,32.8,38.05,43.86,4.0,38.0,24.08,22.09,10.0,54.92,11.66,48.17,41.62,14.42,26.0,50.99,27.2,32.25,50.33,34.06,54.38,53.24,20.25,24.04,18.68,6.4,36.88,15.52,28.16,17.09,26.93
28,95.27,63.91,18.11,82.02,93.38,48.17,38.63,64.03,36.06,73.24,38.05,40.45,76.03,65.3,37.36,55.46,50.99,34.23,103.23,59.67,90.55,52.15,48.17,56.32,52.15,60.0,70.71,57.27,0.0,50.6,88.77,74.89,12.0,77.25,28.43,22.8,28.43,16.12,30.07,99.86,38.05,87.32,71.39,36.06,54.04,89.64,60.93,89.55,26.08,92.2,59.06,27.78,38.21,67.94,53.85,14.14,48.08,63.25,95.6,69.97,63.78,87.13,60.03,46.65,42.3,78.03,107.06,5.1,37.12,80.26,44.69,63.06,22.63,72.62,31.89,74.32,47.8
29,59.23,39.85,57.2,36.77,52.0,54.41,39.45,69.31,50.16,44.41,20.59,48.37,33.29,26.08,28.64,8.25,20.59,18.44,56.85,31.62,42.43,12.65,20.0,12.81,34.41,34.18,66.03,8.94,50.6,0.0,38.47,46.39,48.17,26.83,42.8,34.06,42.8,36.72,22.8,52.35,17.2,36.77,37.2,40.25,18.97,54.59,11.31,41.04,34.53,45.12,12.65,34.93,22.36,30.07,4.47,50.04,2.83,52.15,50.48,23.32,32.56,48.41,21.63,33.94,50.25,33.11,63.29,46.24,15.03,32.65,19.1,15.26,32.0,22.47,24.52,24.41,29.07
30,58.14,51.11,93.04,20.4,45.69,86.02,73.35,97.51,85.16,58.14,53.67,82.0,26.0,41.18,59.36,36.06,49.48,55.03,38.05,45.61,12.65,42.43,50.99,34.0,62.03,56.36,89.89,34.06,88.77,38.47,0.0,59.46,86.58,15.23,75.47,69.86,75.47,74.0,59.46,32.06,52.0,8.94,39.4,74.97,40.0,56.6,30.07,23.41,72.0,17.09,34.53,72.03,58.14,43.27,34.93,88.36,40.79,76.16,37.36,29.53,51.11,36.0,35.38,64.56,83.43,21.54,48.26,84.2,53.24,25.5,52.47,30.81,70.26,19.92,62.01,19.7,59.2
31,21.63,85.91,89.44,72.11,26.08,40.5,38.21,44.05,47.71,2.0,64.12,42.19,72.47,21.54,72.25,38.83,28.28,58.55,42.05,77.67,70.77,34.06,30.59,57.72,22.8,15.23,32.98,39.29,74.89,46.39,59.46,0.0,65.3,45.34,82.46,70.88,82.46,69.08,61.19,42.76,60.13,51.22,80.99,41.04,65.12,16.12,40.5,40.25,48.83,75.07,35.44,47.2,38.63,17.89,49.03,65.12,48.17,22.09,34.23,31.62,14.0,87.82,66.48,28.43,42.06,69.97,39.81,73.06,45.89,34.21,33.96,35.85,52.84,42.2,44.78,41.23,27.29
32,86.28,68.96,30.07,82.61,85.6,36.22,27.78,52.04,24.08,63.78,40.5,28.64,77.28,58.31,42.19,51.42,43.91,34.93,96.75,63.56,90.02,46.82,41.18,56.32,42.52,50.91,58.86,53.37,12.0,48.17,86.58,65.3,0.0,73.76,37.2,28.43,37.2,21.26,31.62,93.91,39.29,83.95,74.67,25.06,55.79,80.62,57.27,84.31,17.2,92.2,54.41,18.44,31.3,60.46,52.04,2.83,46.04,52.0,88.84,64.62,55.32,89.84,61.61,36.88,30.41,78.64,99.62,13.93,33.38,74.85,38.01,58.52,16.49,68.88,25.63,70.34,38.95
33,47.54,51.42,83.76,27.86,36.22,70.88,58.55,82.29,70.46,43.86,45.34,67.08,30.27,26.08,52.35,22.36,34.53,44.94,34.18,44.27,25.46,28.0,36.22,27.2,46.82,41.18,74.89,20.4,77.25,26.83,15.23,45.34,73.76,0.0,67.94,60.46,67.94,63.53,49.4,28.64,42.8,10.2,42.05,60.3,34.99,44.94,16.49,17.09,58.31,29.73,20.0,58.14,44.05,28.43,24.41,75.31,29.53,61.06,30.27,14.42,36.06,44.27,32.31,49.48,68.45,26.68,42.95,73.01,40.52,13.34,38.01,16.03,57.27,5.0,48.51,4.47,44.15
34,99.54,38.21,20.0,63.25,94.02,68.41,54.59,85.44,57.58,80.52,22.63,60.17,56.32,66.21,16.12,50.48,54.41,25.06,99.64,36.22,73.54,50.99,51.92,41.62,62.29,67.47,88.81,51.61,28.43,42.8,75.47,82.46,37.2,67.94,0.0,12.0,0.0,17.09,21.54,95.02,25.61,76.84,48.17,52.95,35.78,94.34,54.04,83.55,40.79,74.0,54.92,42.76,44.41,69.86,43.86,40.0,40.0,78.03,93.23,66.03,68.96,64.12,41.23,58.03,62.36,59.46,105.95,24.04,36.69,75.43,48.51,58.01,34.53,64.35,39.05,66.48,56.44
35,88.57,41.23,23.32,60.53,83.76,56.92,42.76,74.0,46.52,68.96,16.49,48.7,54.15,55.57,14.56,41.04,43.08,15.62,90.55,36.88,69.86,40.5,40.5,36.06,50.36,55.79,76.94,42.43,22.8,34.06,69.86,70.88,28.43,60.46,12.0,0.0,12.0,7.21,11.31,86.28,17.89,69.97,48.66,41.23,32.25,83.26,45.34,75.07,29.12,71.02,45.34,31.05,32.56,59.06,36.06,31.24,31.24,66.03,83.74,56.64,57.58,64.5,38.21,46.04,50.92,56.57,96.21,17.72,25.5,66.47,37.0,48.8,22.8,56.4,27.07,58.41,44.55
36,99.54,38.21,20.0,63.25,94.02,68.41,54.59,85.44,57.58,80.52,22.63,60.17,56.32,66.21,16.12,50.48,54.41,25.06,99.64,36.22,73.54,50.99,51.92,41.62,62.29,67.47,88.81,51.61,28.43,42.8,75.47,82.46,37.2,67.94,0.0,12.0,0.0,17.09,21.54,95.02,25.61,76.84,48.17,52.95,35.78,94.34,54.04,83.55,40.79,74.0,54.92,42.76,44.41,69.86,43.86,40.0,40.0,78.03,93.23,66.03,68.96,64.12,41.23,58.03,62.36,59.46,105.95,24.04,36.69,75.43,48.51,58.01,34.53,64.35,39.05,66.48,56.44
37,87.82,48.33,21.26,66.12,84.02,51.42,38.05,68.41,40.5,67.23,22.0,43.17,60.0,55.61,21.54,42.8,42.19,18.97,92.02,43.68,74.97,41.04,39.45,40.79,47.54,53.85,72.25,44.41,16.12,36.72,74.0,69.08,21.26,63.53,17.09,7.21,17.09,0.0,14.56,88.09,22.36,73.35,55.32,36.22,38.0,82.37,47.71,77.2,24.08,76.42,46.86,26.08,30.46,58.82,39.4,24.08,34.0,62.13,84.85,58.14,56.36,71.02,44.0,42.76,45.35,62.13,97.0,11.05,25.5,68.25,35.85,50.61,18.0,59.17,24.35,61.06,42.06
38,78.0,38.42,34.41,52.0,72.72,52.84,37.58,69.77,44.05,59.23,8.94,44.94,46.17,44.72,13.42,29.73,32.98,4.47,79.25,32.25,60.53,29.53,30.59,26.31,42.05,46.39,70.88,31.11,30.07,22.8,59.46,61.19,31.62,49.4,21.54,11.31,21.54,14.56,0.0,74.97,8.0,59.06,43.08,36.72,24.33,72.8,34.06,63.78,25.61,62.13,34.06,27.2,24.08,48.33,25.06,34.18,20.0,58.86,72.47,45.34,47.54,58.24,30.27,38.47,47.17,48.0,85.0,25.18,15.3,55.15,27.29,37.48,19.8,45.22,19.92,47.2,36.01
39,31.24,79.7,109.12,52.04,18.87,80.22,72.28,86.58,83.95,42.43,72.47,79.25,56.57,36.06,80.0,45.34,50.16,70.71,6.0,72.8,44.41,47.71,52.8,55.57,56.89,48.37,75.71,43.86,99.86,52.35,32.06,42.76,93.91,28.64,95.02,86.28,95.02,88.09,74.97,0.0,69.43,24.08,69.43,74.73,63.53,32.25,41.04,11.66,76.97,48.66,41.23,76.16,62.61,34.93,51.22,94.85,55.17,64.28,8.94,30.0,42.43,68.03,60.93,61.61,79.91,52.35,16.28,96.26,63.01,19.85,55.9,37.54,77.9,31.06,68.48,28.84,57.28
40,75.29,32.56,41.18,44.0,68.88,57.2,41.62,73.78,49.52,58.14,4.0,49.68,38.21,41.76,12.17,25.06,32.0,4.47,74.03,25.61,52.61,26.68,30.07,18.44,43.17,46.04,73.54,26.08,38.05,17.2,52.0,60.13,39.29,42.8,25.61,17.89,25.61,22.36,8.0,69.43,0.0,52.15,35.78,41.23,16.49,70.34,28.43,58.0,31.24,54.15,29.53,32.56,26.0,45.61,18.44,41.76,14.42,60.73,67.68,40.5,46.17,50.6,22.36,40.5,51.86,40.0,80.45,33.14,15.81,49.82,27.29,32.45,26.08,38.95,23.6,41.04,37.11
41,49.19,56.46,93.3,28.0,36.77,80.05,68.26,90.62,80.22,50.0,54.41,76.66,32.56,34.18,60.96,32.56,44.18,54.59,30.07,50.12,21.54,38.05,46.04,35.38,55.79,49.4,82.37,30.59,87.32,36.77,8.94,51.22,83.95,10.2,76.84,69.97,76.84,73.35,59.06,24.08,52.15,0.0,45.61,70.11,42.52,47.71,26.68,14.56,68.47,26.0,30.07,68.26,54.15,35.78,34.0,85.51,39.4,68.88,28.64,22.8,43.86,44.18,38.83,58.86,77.93,28.28,40.01,83.01,50.7,17.03,48.01,26.02,67.47,15.13,58.69,14.0,53.6
42,88.57,12.81,68.12,20.0,78.03,90.55,75.07,106.15,84.4,79.12,34.18,83.74,13.42,59.46,34.23,42.94,57.69,40.25,75.31,12.0,31.24,49.4,57.2,24.41,71.61,70.71,103.23,42.05,71.39,37.2,39.4,80.99,74.67,42.05,48.17,48.66,48.17,55.32,43.08,69.43,35.78,45.61,0.0,75.29,20.0,85.16,40.5,58.55,66.57,29.73,45.69,67.68,58.0,63.25,33.29,77.25,36.88,89.31,72.25,50.99,68.03,16.0,15.62,70.94,85.8,17.89,84.72,66.29,48.27,55.01,56.08,45.22,61.77,42.11,57.8,44.05,66.22
43,62.48,73.76,52.95,76.97,63.53,16.12,2.83,33.11,10.2,39.7,44.41,8.49,73.43,38.83,50.12,39.29,26.0,37.2,76.55,66.48,81.61,32.56,24.08,52.15,18.87,27.78,36.06,41.23,36.06,40.25,74.97,41.04,25.06,60.3,52.95,41.23,52.95,36.22,36.72,74.73,41.23,70.11,75.29,0.0,55.32,56.85,45.12,66.75,12.17,84.76,40.45,10.2,17.89,39.85,44.72,24.41,39.45,27.2,68.35,48.04,33.11,88.2,60.0,13.42,10.63,73.35,77.83,35.69,27.02,57.43,22.56,44.28,18.44,55.33,17.69,56.14,17.46
44,76.24,20.88,54.41,28.28,67.47,70.71,55.17,86.56,64.4,63.15,16.0,63.78,22.0,44.18,19.7,26.31,39.4,20.88,68.88,12.65,37.95,31.62,38.47,8.25,52.84,53.14,84.38,26.08,54.04,18.97,40.0,65.12,55.79,34.99,35.78,32.25,35.78,38.0,24.33,63.53,16.49,42.52,20.0,55.32,0.0,72.03,26.08,51.88,46.65,38.83,30.07,47.71,38.21,48.17,16.12,58.24,17.89,70.71,63.91,38.47,51.42,34.18,6.0,51.61,65.86,24.33,76.9,49.01,28.32,45.54,36.89,31.06,42.05,32.7,37.8,34.93,47.17
45,5.66,92.09,103.25,72.8,13.42,56.46,54.04,58.31,63.81,17.2,74.22,58.31,74.73,28.64,82.46,46.39,40.25,69.57,29.73,84.02,68.96,43.68,42.94,64.0,38.21,29.73,46.0,46.17,89.64,54.59,56.6,16.12,80.62,44.94,94.34,83.26,94.34,82.37,72.8,32.25,70.34,47.71,85.16,56.85,72.03,0.0,46.0,34.06,63.78,73.43,42.19,62.29,52.15,24.74,56.14,80.62,56.89,37.36,23.32,34.23,26.08,89.2,72.11,43.86,58.18,71.47,25.0,87.42,57.78,31.78,46.53,41.0,67.2,43.42,58.52,41.76,41.87
46,50.16,46.17,68.41,34.06,41.76,57.27,43.68,70.46,55.32,38.63,31.62,52.5,32.8,18.97,39.45,6.0,20.59,29.73,45.61,38.05,36.77,12.65,21.54,18.0,34.41,31.24,65.05,4.0,60.93,11.31,30.07,40.5,57.27,16.49,54.04,45.34,54.04,47.71,34.06,41.04,28.43,26.68,40.5,45.12,26.08,46.0,0.0,29.73,42.05,40.25,5.66,42.0,28.07,22.8,10.77,58.86,14.14,50.91,39.45,12.65,27.78,48.41,26.31,35.78,54.08,31.11,52.35,56.8,24.04,21.4,22.56,5.0,40.79,11.7,32.14,13.42,30.41
47,34.99,68.41,98.08,42.19,22.36,74.11,64.5,82.46,76.42,39.4,60.96,72.11,46.04,28.07,68.41,34.41,41.23,59.46,17.09,61.35,36.06,37.58,43.68,43.91,50.0,42.19,72.8,32.8,89.55,41.04,23.41,40.25,84.31,17.09,83.55,75.07,83.55,77.2,63.78,11.66,58.0,14.56,58.55,66.75,51.88,34.06,29.73,0.0,67.68,40.5,30.53,67.05,53.14,28.07,39.7,85.44,43.86,60.17,14.14,19.7,36.22,58.55,49.4,54.15,73.03,42.0,26.17,85.76,52.48,9.49,46.49,26.63,68.03,19.42,58.69,17.2,49.37
48,69.43,63.66,41.76,70.88,68.41,27.86,14.0,44.94,18.44,47.2,33.94,19.7,66.48,41.18,38.83,36.06,26.83,26.91,79.65,56.85,76.94,30.59,24.17,44.94,26.08,34.06,48.17,38.05,26.08,34.53,72.0,48.83,17.2,58.31,40.79,29.12,40.79,24.08,25.61,76.97,31.24,68.47,66.57,12.17,46.65,63.78,42.05,67.68,0.0,79.62,38.47,2.0,14.56,43.27,38.83,17.89,32.98,38.47,71.69,48.08,38.21,80.5,51.88,20.59,21.93,67.05,82.42,24.7,19.65,58.19,21.19,42.58,6.32,53.34,10.05,54.59,21.93
49,75.15,42.52,93.15,10.77,62.77,97.51,83.57,110.45,94.87,73.59,54.59,92.48,17.89,55.32,58.24,45.69,60.83,58.03,54.59,39.45,4.47,52.8,61.74,36.0,74.43,70.0,104.02,43.86,92.2,45.12,17.09,75.07,92.2,29.73,74.0,71.02,74.0,76.42,62.13,48.66,54.15,26.0,29.73,84.76,38.83,73.43,40.25,40.5,79.62,0.0,45.65,80.05,67.05,58.0,40.79,94.34,46.69,90.0,54.41,43.86,65.3,20.88,32.98,76.03,94.15,14.56,64.94,87.28,60.02,41.88,62.39,42.72,76.66,33.3,69.63,33.94,70.66
50,46.69,50.64,67.94,39.7,39.4,52.0,38.83,64.9,50.64,33.53,33.11,47.54,38.42,14.14,41.23,4.47,15.23,30.0,45.25,42.43,42.05,8.0,16.49,22.36,28.84,25.61,59.4,4.0,59.06,12.65,34.53,35.44,54.41,20.0,54.92,45.34,54.92,46.86,34.06,41.23,29.53,30.07,45.69,40.45,30.07,42.19,5.66,30.53,38.47,45.65,0.0,38.21,24.08,18.11,14.0,55.79,15.23,45.25,38.42,11.31,22.36,54.04,31.05,30.46,49.04,36.77,51.04,55.23,21.95,21.4,18.03,4.12,37.95,15.0,28.86,16.12,25.08
51,67.94,65.05,43.68,71.47,67.2,26.0,12.0,43.08,16.97,45.61,35.38,17.89,67.23,40.25,40.5,36.0,26.0,28.28,78.71,58.14,77.28,30.27,23.41,45.69,24.41,32.56,46.17,38.0,27.78,34.93,72.03,47.2,18.44,58.14,42.76,31.05,42.76,26.08,27.2,76.16,32.56,68.26,67.68,10.2,47.71,62.29,42.0,67.05,2.0,80.05,38.21,0.0,14.14,42.19,39.29,18.87,33.53,36.5,70.71,47.54,36.88,81.41,52.84,18.87,20.12,67.68,81.27,26.57,20.25,57.57,20.62,42.3,8.25,53.15,10.44,54.33,20.52
52,57.69,57.69,51.11,59.09,55.17,32.56,17.2,48.41,27.86,36.77,29.73,26.08,55.57,27.2,36.88,22.09,12.81,22.8,65.51,50.0,64.03,16.12,10.0,34.41,18.0,23.41,47.54,24.08,38.21,22.36,58.14,38.63,31.3,44.05,44.41,32.56,44.41,30.46,24.08,62.61,26.0,54.15,58.0,17.89,38.21,52.15,28.07,53.14,14.56,67.05,24.08,14.14,0.0,29.73,26.83,32.31,21.63,34.93,57.69,33.53,26.08,70.46,42.52,14.56,28.02,55.46,68.88,35.47,10.3,43.66,6.71,28.16,15.62,39.05,6.4,40.2,12.04
53,29.73,68.73,80.0,54.41,25.46,46.04,37.36,55.03,49.03,16.12,49.48,44.41,54.59,4.0,57.72,22.0,16.97,44.94,36.77,60.53,53.81,18.97,19.8,40.45,22.09,14.14,46.65,22.09,67.94,30.07,43.27,17.89,60.46,28.43,69.86,59.06,69.86,58.82,48.33,34.93,45.61,35.78,63.25,39.85,48.17,24.74,22.8,28.07,43.27,58.0,18.11,42.19,29.73,0.0,32.06,61.06,32.25,33.11,28.64,14.14,8.25,69.97,49.03,26.68,45.18,52.15,39.2,65.07,33.62,19.65,23.35,18.03,45.34,24.76,36.07,24.08,22.47
54,60.53,36.88,59.36,32.31,52.5,58.82,43.91,73.59,54.63,47.07,21.26,52.84,28.84,28.07,28.84,10.2,24.41,20.59,56.04,28.64,38.21,16.12,24.08,8.94,38.42,37.58,70.0,10.0,53.85,4.47,34.93,49.03,52.04,24.41,43.86,36.06,43.86,39.4,25.06,51.22,18.44,34.0,33.29,44.72,16.12,56.14,10.77,39.7,38.83,40.79,14.0,39.29,26.83,32.06,0.0,54.0,6.0,56.04,50.12,23.41,35.44,44.05,17.89,38.21,54.71,28.64,63.06,49.34,19.24,31.91,23.43,15.52,36.06,20.52,28.86,22.63,33.24
55,86.28,71.69,32.25,84.85,86.02,34.53,27.2,50.0,22.36,63.66,43.08,27.2,79.62,59.06,44.94,52.95,44.72,37.36,97.53,66.21,92.09,48.08,42.05,58.55,42.43,50.99,57.27,54.92,14.14,50.04,88.36,65.12,2.83,75.31,40.0,31.24,40.0,24.08,34.18,94.85,41.76,85.51,77.25,24.41,58.24,80.62,58.86,85.44,17.89,94.34,55.79,18.87,32.31,61.06,54.0,0.0,48.0,50.99,89.55,65.79,55.61,92.35,64.03,36.77,28.86,80.89,100.12,16.55,35.13,75.96,39.0,59.91,18.11,70.41,26.93,71.81,39.2
56,61.61,38.63,54.41,37.95,54.63,54.04,38.83,69.31,49.19,46.17,17.89,47.71,34.0,28.28,26.0,10.77,21.54,15.62,59.67,30.46,44.18,14.14,20.59,12.81,34.99,35.44,66.57,11.66,48.08,2.83,40.79,48.17,46.04,29.53,40.0,31.24,40.0,34.0,20.0,55.17,14.42,39.4,36.88,39.45,17.89,56.89,14.14,43.86,32.98,46.69,15.23,33.53,21.63,32.25,6.0,48.0,0.0,52.84,53.25,26.08,34.23,48.83,21.26,34.06,49.65,34.18,66.04,43.66,13.34,35.47,19.21,18.03,30.07,25.24,23.09,27.2,29.41
57,42.38,91.24,80.05,84.9,48.17,20.0,24.74,22.36,30.0,22.0,64.56,24.41,83.55,34.99,71.81,46.86,31.62,57.72,64.0,83.19,86.02,40.0,32.25,64.9,17.89,20.0,14.14,48.17,63.25,52.15,76.16,22.09,52.0,61.06,78.03,66.03,78.03,62.13,58.86,64.28,60.73,68.88,89.31,27.2,70.71,37.36,50.91,60.17,38.47,90.0,45.25,36.5,34.93,33.11,56.04,50.99,52.84,0.0,56.04,46.65,25.06,99.16,73.78,20.4,23.43,82.02,61.81,62.82,44.92,52.55,34.01,47.51,44.18,56.86,39.2,56.6,23.77
58,22.63,81.58,106.08,56.32,10.0,72.69,65.79,78.23,77.2,34.06,71.02,72.28,60.0,30.53,78.89,42.8,44.94,68.41,8.25,74.22,50.0,43.86,47.71,55.71,50.0,41.23,67.08,41.62,95.6,50.48,37.36,34.23,88.84,30.27,93.23,83.74,93.23,84.85,72.47,8.94,67.68,28.64,72.25,68.35,63.91,23.32,39.45,14.14,71.69,54.41,38.42,70.71,57.69,28.64,50.12,89.55,53.25,56.04,0.0,27.2,35.44,72.69,62.1,55.03,72.78,56.04,13.0,92.31,59.41,18.38,51.04,35.23,73.24,31.32,63.82,29.12,51.08
59,38.0,58.0,79.25,40.5,29.12,57.27,46.0,68.03,58.0,30.0,43.91,54.15,41.23,11.66,51.88,15.62,22.09,41.23,33.94,50.04,39.7,17.89,24.33,30.27,32.98,26.83,60.46,14.42,69.97,23.32,29.53,31.62,64.62,14.42,66.03,56.64,66.03,58.14,45.34,30.0,40.5,22.8,50.99,48.04,38.47,34.23,12.65,19.7,48.08,43.86,11.31,47.54,33.53,14.14,23.41,65.79,26.08,46.65,27.2,0.0,21.63,56.36,38.0,36.22,55.33,38.47,39.96,66.29,33.02,10.3,26.93,8.06,48.33,10.63,39.0,10.0,31.06
60,31.62,72.28,77.18,60.96,30.53,38.0,30.46,46.82,41.76,12.0,50.16,36.88,60.46,10.0,58.31,25.3,14.56,44.72,43.68,64.03,61.22,20.1,17.09,44.27,14.56,6.0,38.83,26.0,63.78,32.56,51.11,14.0,55.32,36.06,68.96,57.58,68.96,56.36,47.54,42.43,46.17,43.86,68.03,33.11,51.42,26.08,27.78,36.22,38.21,65.3,22.36,36.88,26.08,8.25,35.44,55.61,34.23,25.06,35.44,21.63,0.0,76.03,53.14,19.7,37.48,58.41,44.78,61.4,32.28,27.89,20.62,23.6,41.23,32.02,32.45,31.62,16.4
61,91.76,27.2,84.1,16.49,80.05,102.8,87.66,117.59,97.75,86.09,49.48,96.52,15.62,66.57,50.16,52.35,67.88,55.03,74.03,28.0,24.33,59.4,67.94,36.06,82.02,79.65,113.28,50.99,87.13,48.41,36.0,87.82,89.84,44.27,64.12,64.5,64.12,71.02,58.24,68.03,50.6,44.18,16.0,88.2,34.18,89.2,48.41,58.55,80.5,20.88,54.04,81.41,70.46,69.97,44.05,92.35,48.83,99.16,72.69,56.36,76.03,0.0,28.64,82.22,98.47,17.89,84.15,82.04,61.4,57.57,67.48,52.43,76.16,46.1,71.2,47.54,77.16
62,76.0,20.0,60.17,22.36,66.48,75.07,59.67,90.55,69.34,64.56,22.0,68.41,16.0,45.12,25.3,27.86,42.19,26.68,66.48,12.17,32.31,34.0,41.62,8.94,56.04,55.46,87.66,27.2,60.03,21.63,35.38,66.48,61.61,32.31,41.23,38.21,41.23,44.0,30.27,60.93,22.36,38.83,15.62,60.0,6.0,72.11,26.31,49.4,51.88,32.98,31.05,52.84,42.52,49.03,17.89,64.03,21.26,73.78,62.1,38.0,53.14,28.64,0.0,55.32,70.43,18.44,75.0,55.01,33.02,43.93,40.46,31.26,47.54,30.81,42.72,32.98,50.61
63,49.52,71.69,62.03,69.34,50.12,21.54,10.77,35.38,22.36,26.91,44.27,18.0,66.84,26.08,51.42,30.53,15.23,37.36,63.25,63.81,72.5,23.32,14.42,46.69,5.66,14.42,33.11,32.25,46.65,33.94,64.56,28.43,36.88,49.48,58.03,46.04,58.03,42.76,38.47,61.61,40.5,58.86,70.94,13.42,51.61,43.86,35.78,54.15,20.59,76.03,30.46,18.87,14.56,26.68,38.21,36.77,34.06,20.4,55.03,36.22,19.7,82.22,55.32,0.0,19.1,66.03,64.41,45.19,24.7,45.01,14.87,33.84,25.3,44.64,19.0,45.12,5.39
64,63.63,84.39,60.07,86.77,66.73,6.08,10.82,23.09,6.71,41.15,55.0,2.24,83.53,45.0,60.54,48.47,33.96,47.8,81.02,77.1,90.82,41.44,32.57,62.43,23.09,31.58,28.44,50.33,42.3,50.25,83.43,42.06,30.41,68.45,62.36,50.92,62.36,45.35,47.17,79.91,51.86,77.93,85.8,10.63,65.86,58.18,54.08,73.03,21.93,94.15,49.04,20.12,28.02,45.18,54.71,28.86,49.65,23.43,72.78,55.33,37.48,98.47,70.43,19.1,0.0,83.24,80.99,43.0,37.54,64.01,31.78,52.63,28.23,63.56,28.32,64.13,24.33
65,74.22,30.0,78.59,4.0,62.8,87.13,72.47,101.21,83.26,68.26,40.2,81.41,4.47,48.83,43.68,35.61,51.22,44.05,58.31,25.61,14.42,42.8,51.61,22.36,65.3,62.29,96.17,34.06,78.03,33.11,21.54,69.97,78.64,26.68,59.46,56.57,59.46,62.13,48.0,52.35,40.0,28.28,17.89,73.35,24.33,71.47,31.11,42.0,67.05,14.56,36.77,67.68,55.46,52.15,28.64,80.89,34.18,82.02,56.04,38.47,58.41,17.89,18.44,66.03,83.24,0.0,68.07,73.06,47.43,40.02,51.62,34.83,63.56,28.23,57.25,29.73,60.8
66,21.38,94.37,118.26,68.01,14.32,80.08,75.13,83.22,86.01,40.26,83.86,80.78,72.17,41.77,91.79,55.47,56.08,81.02,10.44,87.09,60.67,55.97,58.9,68.71,59.03,50.09,71.0,54.38,107.06,63.29,48.26,39.81,99.62,42.95,105.95,96.21,105.95,97.0,85.0,16.28,80.45,40.01,84.72,77.83,76.9,25.0,52.35,26.17,82.42,64.94,51.04,81.27,68.88,39.2,63.06,100.12,66.04,61.81,13.0,39.96,44.78,84.15,75.0,64.41,80.99,68.07,0.0,104.0,71.51,31.38,62.37,48.02,84.5,44.27,75.17,42.06,61.06
67,93.01,58.87,17.26,77.06,90.52,49.01,38.08,65.38,37.12,71.34,33.02,41.01,71.01,62.24,32.28,51.48,48.1,29.43,99.81,54.57,85.71,48.6,45.28,51.48,50.54,57.98,71.18,53.24,5.1,46.24,84.2,73.06,13.93,73.01,24.04,17.72,24.04,11.05,25.18,96.26,33.14,83.01,66.29,35.69,49.01,87.42,56.8,85.76,24.7,87.28,55.23,26.57,35.47,65.07,49.34,16.55,43.66,62.82,92.31,66.29,61.4,82.04,55.01,45.19,43.0,73.06,104.0,0.0,33.29,76.55,41.73,59.17,20.25,68.45,29.07,70.21,45.79
68,63.07,47.43,46.75,51.24,58.6,42.45,26.87,58.6,36.36,43.93,19.65,35.47,47.01,30.23,27.17,18.38,17.72,13.04,66.71,39.82,57.43,15.56,15.3,25.5,27.46,31.14,57.78,20.25,37.12,15.03,53.24,45.89,33.38,40.52,36.69,25.5,36.69,25.5,15.3,63.01,15.81,50.7,48.27,27.02,28.32,57.78,24.04,52.48,19.65,60.02,21.95,20.25,10.3,33.62,19.24,35.13,13.34,44.92,59.41,33.02,32.28,61.4,33.02,24.7,37.54,47.43,71.51,33.29,0.0,43.27,12.04,25.94,17.03,35.74,9.85,37.34,21.38
69,34.21,63.64,89.27,41.11,23.02,65.38,55.23,74.63,67.19,33.02,53.01,63.01,43.57,19.03,60.75,25.5,31.78,50.93,24.21,56.09,37.44,28.18,34.21,37.34,41.11,33.73,65.74,24.04,80.26,32.65,25.5,34.21,74.85,13.34,75.43,66.47,75.43,68.25,55.15,19.85,49.82,17.03,55.01,57.43,45.54,31.78,21.4,9.49,58.19,41.88,21.4,57.57,43.66,19.65,31.91,75.96,35.47,52.55,18.38,10.3,27.89,57.57,43.93,45.01,64.01,40.02,31.38,76.55,43.27,0.0,37.0,17.69,58.6,13.15,49.24,11.05,40.11
70,51.97,57.25,56.86,55.07,48.8,35.51,21.19,50.21,32.76,32.02,31.26,30.08,52.2,20.62,39.05,16.76,6.4,25.0,58.83,49.24,59.14,10.05,3.61,31.83,16.16,19.1,47.51,18.68,44.69,19.1,52.47,33.96,38.01,38.01,48.51,37.0,48.51,35.85,27.29,55.9,27.29,48.01,56.08,22.56,36.89,46.53,22.56,46.49,21.19,62.39,18.03,20.62,6.71,23.35,23.43,39.0,19.21,34.01,51.04,26.93,20.62,67.48,40.46,14.87,31.78,51.62,62.37,41.73,12.04,37.0,0.0,22.0,22.2,33.02,12.81,34.01,10.3
71,45.18,51.16,71.59,37.48,37.0,55.36,42.58,67.74,54.45,34.01,35.85,51.2,36.89,14.32,43.83,7.81,18.68,33.3,41.77,43.05,38.95,12.04,20.22,23.0,31.76,27.59,61.62,6.4,63.06,15.26,30.81,35.85,58.52,16.03,58.01,48.8,58.01,50.61,37.48,37.54,32.45,26.02,45.22,44.28,31.06,41.0,5.0,26.63,42.58,42.72,4.12,42.3,28.16,18.03,15.52,59.91,18.03,47.51,35.23,8.06,23.6,52.43,31.26,33.84,52.63,34.83,48.02,59.17,25.94,17.69,22.0,0.0,42.06,11.05,32.98,12.04,28.46
72,72.8,58.14,36.77,67.47,70.77,34.18,20.1,51.26,24.41,51.11,28.43,26.0,62.64,42.8,32.8,34.93,28.43,21.63,80.99,51.61,74.24,30.46,25.61,41.23,30.46,37.74,54.33,36.88,22.63,32.0,70.26,52.84,16.49,57.27,34.53,22.8,34.53,18.0,19.8,77.9,26.08,67.47,61.77,18.44,42.05,67.2,40.79,68.03,6.32,76.66,37.95,8.25,15.62,45.34,36.06,18.11,30.07,44.18,73.24,48.33,41.23,76.16,47.54,25.3,28.23,63.56,84.5,20.25,17.03,58.6,22.2,42.06,0.0,52.39,9.43,53.85,25.55
73,46.53,50.49,79.63,30.02,36.01,66.1,53.6,77.83,65.49,40.61,41.73,62.17,31.32,22.02,49.04,17.46,29.61,40.8,36.24,42.95,29.21,23.0,31.26,24.6,42.15,36.89,70.8,15.52,72.62,22.47,19.92,42.2,68.88,5.0,64.35,56.4,64.35,59.17,45.22,31.06,38.95,15.13,42.11,55.33,32.7,43.42,11.7,19.42,53.34,33.3,15.0,53.15,39.05,24.76,20.52,70.41,25.24,56.86,31.32,10.63,32.02,46.1,30.81,44.64,63.56,28.23,44.27,68.45,35.74,13.15,33.02,11.05,52.39,0.0,43.57,2.24,39.29
74,64.07,56.08,44.78,61.03,61.52,33.6,18.03,50.25,26.63,42.95,26.93,26.17,56.86,33.42,33.24,26.17,19.1,19.72,71.56,48.8,66.91,21.19,16.28,35.34,23.35,29.55,50.96,28.16,31.89,24.52,62.01,44.78,25.63,48.51,39.05,27.07,39.05,24.35,19.92,68.48,23.6,58.69,57.8,17.69,37.8,58.52,32.14,58.69,10.05,69.63,28.86,10.44,6.4,36.07,28.86,26.93,23.09,39.2,63.82,39.0,32.45,71.2,42.72,19.0,28.32,57.25,75.17,29.07,9.85,49.24,12.81,32.98,9.43,43.57,0.0,44.91,17.72
75,44.72,52.61,81.61,31.3,34.0,66.48,54.33,77.82,66.27,39.7,43.86,62.8,32.98,21.63,51.22,18.97,30.27,42.8,34.0,45.12,29.73,24.08,32.06,26.83,42.38,36.72,70.46,17.09,74.32,24.41,19.7,41.23,70.34,4.47,66.48,58.41,66.48,61.06,47.2,28.84,41.04,14.0,44.05,56.14,34.93,41.76,13.42,17.2,54.59,33.94,16.12,54.33,40.2,24.08,22.63,71.81,27.2,56.6,29.12,10.0,31.62,47.54,32.98,45.12,64.13,29.73,42.06,70.21,37.34,11.05,34.01,12.04,53.85,2.24,44.91,0.0,39.81
76,47.51,67.54,62.17,64.07,46.87,26.93,15.13,40.46,27.07,25.55,41.0,23.09,61.72,21.38,48.51,25.24,9.85,34.37,59.24,59.54,67.12,18.03,9.22,41.87,6.08,12.21,37.22,26.93,47.8,29.07,59.2,27.29,38.95,44.15,56.44,44.55,56.44,42.06,36.01,57.28,37.11,53.6,66.22,17.46,47.17,41.87,30.41,49.37,21.93,70.66,25.08,20.52,12.04,22.47,33.24,39.2,29.41,23.77,51.08,31.06,16.4,77.16,50.61,5.39,24.33,60.8,61.06,45.79,21.38,40.11,10.3,28.46,25.55,39.29,17.72,39.81,0.0
