set K:= 1	2	3	4	5	6	7	8;
set C_H:= 1	2	3	4	5	6	7	8	9	10	11	12	13	14	15	16	17	18	19	20	21;
set C_S:= 22	23	24	25	26	27	28	29	30	31	32	33	34	35	36	37	38	39	40	41;
set C_F:= 42	43	44	45	46	47	48	49	50	51	52	53	54	55	56	57	58	59	60	61;
set M:= 62	63	64	65	66	67;
set M_B:= 68	69	70	71	72	73;
set L_B:= 74	75	76	77	78	79	80	81;
set A1:=
(0,*) 1 2 3 4 5 6 7 8 9 10 11 12 13 14 15 16 17 18 19 20 21 42 43 44 45 46 47 48 49 50 51 52 53 54 55 56 57 58 59 60 61 62 63 64 65 66 67 68 69 70 71 72 73 74 75 76 77 78 79 80 81
(1,*) 0 2 3 4 5 6 7 8 9 10 11 12 13 14 15 16 17 18 19 20 21 42 43 44 45 46 47 48 49 50 51 52 53 54 55 56 57 58 59 60 61 62 63 64 65 66 67 68 69 70 71 72 73 74 75 76 77 78 79 80 81
(2,*) 0 1 3 4 5 6 7 8 9 10 11 12 13 14 15 16 17 18 19 20 21 42 43 44 45 46 47 48 49 50 51 52 53 54 55 56 57 58 59 60 61 62 63 64 65 66 67 68 69 70 71 72 73 74 75 76 77 78 79 80 81
(3,*) 0 1 2 4 5 6 7 8 9 10 11 12 13 14 15 16 17 18 19 20 21 42 43 44 45 46 47 48 49 50 51 52 53 54 55 56 57 58 59 60 61 62 63 64 65 66 67 68 69 70 71 72 73 74 75 76 77 78 79 80 81
(4,*) 0 1 2 3 5 6 7 8 9 10 11 12 13 14 15 16 17 18 19 20 21 42 43 44 45 46 47 48 49 50 51 52 53 54 55 56 57 58 59 60 61 62 63 64 65 66 67 68 69 70 71 72 73 74 75 76 77 78 79 80 81
(5,*) 0 1 2 3 4 6 7 8 9 10 11 12 13 14 15 16 17 18 19 20 21 42 43 44 45 46 47 48 49 50 51 52 53 54 55 56 57 58 59 60 61 62 63 64 65 66 67 68 69 70 71 72 73 74 75 76 77 78 79 80 81
(6,*) 0 1 2 3 4 5 7 8 9 10 11 12 13 14 15 16 17 18 19 20 21 42 43 44 45 46 47 48 49 50 51 52 53 54 55 56 57 58 59 60 61 62 63 64 65 66 67 68 69 70 71 72 73 74 75 76 77 78 79 80 81
(7,*) 0 1 2 3 4 5 6 8 9 10 11 12 13 14 15 16 17 18 19 20 21 42 43 44 45 46 47 48 49 50 51 52 53 54 55 56 57 58 59 60 61 62 63 64 65 66 67 68 69 70 71 72 73 74 75 76 77 78 79 80 81
(8,*) 0 1 2 3 4 5 6 7 9 10 11 12 13 14 15 16 17 18 19 20 21 42 43 44 45 46 47 48 49 50 51 52 53 54 55 56 57 58 59 60 61 62 63 64 65 66 67 68 69 70 71 72 73 74 75 76 77 78 79 80 81
(9,*) 0 1 2 3 4 5 6 7 8 10 11 12 13 14 15 16 17 18 19 20 21 42 43 44 45 46 47 48 49 50 51 52 53 54 55 56 57 58 59 60 61 62 63 64 65 66 67 68 69 70 71 72 73 74 75 76 77 78 79 80 81
(10,*) 0 1 2 3 4 5 6 7 8 9 11 12 13 14 15 16 17 18 19 20 21 42 43 44 45 46 47 48 49 50 51 52 53 54 55 56 57 58 59 60 61 62 63 64 65 66 67 68 69 70 71 72 73 74 75 76 77 78 79 80 81
(11,*) 0 1 2 3 4 5 6 7 8 9 10 12 13 14 15 16 17 18 19 20 21 42 43 44 45 46 47 48 49 50 51 52 53 54 55 56 57 58 59 60 61 62 63 64 65 66 67 68 69 70 71 72 73 74 75 76 77 78 79 80 81
(12,*) 0 1 2 3 4 5 6 7 8 9 10 11 13 14 15 16 17 18 19 20 21 42 43 44 45 46 47 48 49 50 51 52 53 54 55 56 57 58 59 60 61 62 63 64 65 66 67 68 69 70 71 72 73 74 75 76 77 78 79 80 81
(13,*) 0 1 2 3 4 5 6 7 8 9 10 11 12 14 15 16 17 18 19 20 21 42 43 44 45 46 47 48 49 50 51 52 53 54 55 56 57 58 59 60 61 62 63 64 65 66 67 68 69 70 71 72 73 74 75 76 77 78 79 80 81
(14,*) 0 1 2 3 4 5 6 7 8 9 10 11 12 13 15 16 17 18 19 20 21 42 43 44 45 46 47 48 49 50 51 52 53 54 55 56 57 58 59 60 61 62 63 64 65 66 67 68 69 70 71 72 73 74 75 76 77 78 79 80 81
(15,*) 0 1 2 3 4 5 6 7 8 9 10 11 12 13 14 16 17 18 19 20 21 42 43 44 45 46 47 48 49 50 51 52 53 54 55 56 57 58 59 60 61 62 63 64 65 66 67 68 69 70 71 72 73 74 75 76 77 78 79 80 81
(16,*) 0 1 2 3 4 5 6 7 8 9 10 11 12 13 14 15 17 18 19 20 21 42 43 44 45 46 47 48 49 50 51 52 53 54 55 56 57 58 59 60 61 62 63 64 65 66 67 68 69 70 71 72 73 74 75 76 77 78 79 80 81
(17,*) 0 1 2 3 4 5 6 7 8 9 10 11 12 13 14 15 16 18 19 20 21 42 43 44 45 46 47 48 49 50 51 52 53 54 55 56 57 58 59 60 61 62 63 64 65 66 67 68 69 70 71 72 73 74 75 76 77 78 79 80 81
(18,*) 0 1 2 3 4 5 6 7 8 9 10 11 12 13 14 15 16 17 19 20 21 42 43 44 45 46 47 48 49 50 51 52 53 54 55 56 57 58 59 60 61 62 63 64 65 66 67 68 69 70 71 72 73 74 75 76 77 78 79 80 81
(19,*) 0 1 2 3 4 5 6 7 8 9 10 11 12 13 14 15 16 17 18 20 21 42 43 44 45 46 47 48 49 50 51 52 53 54 55 56 57 58 59 60 61 62 63 64 65 66 67 68 69 70 71 72 73 74 75 76 77 78 79 80 81
(20,*) 0 1 2 3 4 5 6 7 8 9 10 11 12 13 14 15 16 17 18 19 21 42 43 44 45 46 47 48 49 50 51 52 53 54 55 56 57 58 59 60 61 62 63 64 65 66 67 68 69 70 71 72 73 74 75 76 77 78 79 80 81
(21,*) 0 1 2 3 4 5 6 7 8 9 10 11 12 13 14 15 16 17 18 19 20 42 43 44 45 46 47 48 49 50 51 52 53 54 55 56 57 58 59 60 61 62 63 64 65 66 67 68 69 70 71 72 73 74 75 76 77 78 79 80 81
(42,*) 0 1 2 3 4 5 6 7 8 9 10 11 12 13 14 15 16 17 18 19 20 21 43 44 45 46 47 48 49 50 51 52 53 54 55 56 57 58 59 60 61 62 63 64 65 66 67 68 69 70 71 72 73 74 75 76 77 78 79 80 81
(43,*) 0 1 2 3 4 5 6 7 8 9 10 11 12 13 14 15 16 17 18 19 20 21 42 44 45 46 47 48 49 50 51 52 53 54 55 56 57 58 59 60 61 62 63 64 65 66 67 68 69 70 71 72 73 74 75 76 77 78 79 80 81
(44,*) 0 1 2 3 4 5 6 7 8 9 10 11 12 13 14 15 16 17 18 19 20 21 42 43 45 46 47 48 49 50 51 52 53 54 55 56 57 58 59 60 61 62 63 64 65 66 67 68 69 70 71 72 73 74 75 76 77 78 79 80 81
(45,*) 0 1 2 3 4 5 6 7 8 9 10 11 12 13 14 15 16 17 18 19 20 21 42 43 44 46 47 48 49 50 51 52 53 54 55 56 57 58 59 60 61 62 63 64 65 66 67 68 69 70 71 72 73 74 75 76 77 78 79 80 81
(46,*) 0 1 2 3 4 5 6 7 8 9 10 11 12 13 14 15 16 17 18 19 20 21 42 43 44 45 47 48 49 50 51 52 53 54 55 56 57 58 59 60 61 62 63 64 65 66 67 68 69 70 71 72 73 74 75 76 77 78 79 80 81
(47,*) 0 1 2 3 4 5 6 7 8 9 10 11 12 13 14 15 16 17 18 19 20 21 42 43 44 45 46 48 49 50 51 52 53 54 55 56 57 58 59 60 61 62 63 64 65 66 67 68 69 70 71 72 73 74 75 76 77 78 79 80 81
(48,*) 0 1 2 3 4 5 6 7 8 9 10 11 12 13 14 15 16 17 18 19 20 21 42 43 44 45 46 47 49 50 51 52 53 54 55 56 57 58 59 60 61 62 63 64 65 66 67 68 69 70 71 72 73 74 75 76 77 78 79 80 81
(49,*) 0 1 2 3 4 5 6 7 8 9 10 11 12 13 14 15 16 17 18 19 20 21 42 43 44 45 46 47 48 50 51 52 53 54 55 56 57 58 59 60 61 62 63 64 65 66 67 68 69 70 71 72 73 74 75 76 77 78 79 80 81
(50,*) 0 1 2 3 4 5 6 7 8 9 10 11 12 13 14 15 16 17 18 19 20 21 42 43 44 45 46 47 48 49 51 52 53 54 55 56 57 58 59 60 61 62 63 64 65 66 67 68 69 70 71 72 73 74 75 76 77 78 79 80 81
(51,*) 0 1 2 3 4 5 6 7 8 9 10 11 12 13 14 15 16 17 18 19 20 21 42 43 44 45 46 47 48 49 50 52 53 54 55 56 57 58 59 60 61 62 63 64 65 66 67 68 69 70 71 72 73 74 75 76 77 78 79 80 81
(52,*) 0 1 2 3 4 5 6 7 8 9 10 11 12 13 14 15 16 17 18 19 20 21 42 43 44 45 46 47 48 49 50 51 53 54 55 56 57 58 59 60 61 62 63 64 65 66 67 68 69 70 71 72 73 74 75 76 77 78 79 80 81
(53,*) 0 1 2 3 4 5 6 7 8 9 10 11 12 13 14 15 16 17 18 19 20 21 42 43 44 45 46 47 48 49 50 51 52 54 55 56 57 58 59 60 61 62 63 64 65 66 67 68 69 70 71 72 73 74 75 76 77 78 79 80 81
(54,*) 0 1 2 3 4 5 6 7 8 9 10 11 12 13 14 15 16 17 18 19 20 21 42 43 44 45 46 47 48 49 50 51 52 53 55 56 57 58 59 60 61 62 63 64 65 66 67 68 69 70 71 72 73 74 75 76 77 78 79 80 81
(55,*) 0 1 2 3 4 5 6 7 8 9 10 11 12 13 14 15 16 17 18 19 20 21 42 43 44 45 46 47 48 49 50 51 52 53 54 56 57 58 59 60 61 62 63 64 65 66 67 68 69 70 71 72 73 74 75 76 77 78 79 80 81
(56,*) 0 1 2 3 4 5 6 7 8 9 10 11 12 13 14 15 16 17 18 19 20 21 42 43 44 45 46 47 48 49 50 51 52 53 54 55 57 58 59 60 61 62 63 64 65 66 67 68 69 70 71 72 73 74 75 76 77 78 79 80 81
(57,*) 0 1 2 3 4 5 6 7 8 9 10 11 12 13 14 15 16 17 18 19 20 21 42 43 44 45 46 47 48 49 50 51 52 53 54 55 56 58 59 60 61 62 63 64 65 66 67 68 69 70 71 72 73 74 75 76 77 78 79 80 81
(58,*) 0 1 2 3 4 5 6 7 8 9 10 11 12 13 14 15 16 17 18 19 20 21 42 43 44 45 46 47 48 49 50 51 52 53 54 55 56 57 59 60 61 62 63 64 65 66 67 68 69 70 71 72 73 74 75 76 77 78 79 80 81
(59,*) 0 1 2 3 4 5 6 7 8 9 10 11 12 13 14 15 16 17 18 19 20 21 42 43 44 45 46 47 48 49 50 51 52 53 54 55 56 57 58 60 61 62 63 64 65 66 67 68 69 70 71 72 73 74 75 76 77 78 79 80 81
(60,*) 0 1 2 3 4 5 6 7 8 9 10 11 12 13 14 15 16 17 18 19 20 21 42 43 44 45 46 47 48 49 50 51 52 53 54 55 56 57 58 59 61 62 63 64 65 66 67 68 69 70 71 72 73 74 75 76 77 78 79 80 81
(61,*) 0 1 2 3 4 5 6 7 8 9 10 11 12 13 14 15 16 17 18 19 20 21 42 43 44 45 46 47 48 49 50 51 52 53 54 55 56 57 58 59 60 62 63 64 65 66 67 68 69 70 71 72 73 74 75 76 77 78 79 80 81
(62,*) 0 1 2 3 4 5 6 7 8 9 10 11 12 13 14 15 16 17 18 19 20 21 42 43 44 45 46 47 48 49 50 51 52 53 54 55 56 57 58 59 60 61 63 64 65 66 67 68 69 70 71 72 73 74 75 76 77 78 79 80 81
(63,*) 0 1 2 3 4 5 6 7 8 9 10 11 12 13 14 15 16 17 18 19 20 21 42 43 44 45 46 47 48 49 50 51 52 53 54 55 56 57 58 59 60 61 62 64 65 66 67 68 69 70 71 72 73 74 75 76 77 78 79 80 81
(64,*) 0 1 2 3 4 5 6 7 8 9 10 11 12 13 14 15 16 17 18 19 20 21 42 43 44 45 46 47 48 49 50 51 52 53 54 55 56 57 58 59 60 61 62 63 65 66 67 68 69 70 71 72 73 74 75 76 77 78 79 80 81
(65,*) 0 1 2 3 4 5 6 7 8 9 10 11 12 13 14 15 16 17 18 19 20 21 42 43 44 45 46 47 48 49 50 51 52 53 54 55 56 57 58 59 60 61 62 63 64 66 67 68 69 70 71 72 73 74 75 76 77 78 79 80 81
(66,*) 0 1 2 3 4 5 6 7 8 9 10 11 12 13 14 15 16 17 18 19 20 21 42 43 44 45 46 47 48 49 50 51 52 53 54 55 56 57 58 59 60 61 62 63 64 65 67 68 69 70 71 72 73 74 75 76 77 78 79 80 81
(67,*) 0 1 2 3 4 5 6 7 8 9 10 11 12 13 14 15 16 17 18 19 20 21 42 43 44 45 46 47 48 49 50 51 52 53 54 55 56 57 58 59 60 61 62 63 64 65 66 68 69 70 71 72 73 74 75 76 77 78 79 80 81
(68,*) 0 1 2 3 4 5 6 7 8 9 10 11 12 13 14 15 16 17 18 19 20 21 42 43 44 45 46 47 48 49 50 51 52 53 54 55 56 57 58 59 60 61 62 63 64 65 66 67 69 70 71 72 73 74 75 76 77 78 79 80 81
(69,*) 0 1 2 3 4 5 6 7 8 9 10 11 12 13 14 15 16 17 18 19 20 21 42 43 44 45 46 47 48 49 50 51 52 53 54 55 56 57 58 59 60 61 62 63 64 65 66 67 68 70 71 72 73 74 75 76 77 78 79 80 81
(70,*) 0 1 2 3 4 5 6 7 8 9 10 11 12 13 14 15 16 17 18 19 20 21 42 43 44 45 46 47 48 49 50 51 52 53 54 55 56 57 58 59 60 61 62 63 64 65 66 67 68 69 71 72 73 74 75 76 77 78 79 80 81
(71,*) 0 1 2 3 4 5 6 7 8 9 10 11 12 13 14 15 16 17 18 19 20 21 42 43 44 45 46 47 48 49 50 51 52 53 54 55 56 57 58 59 60 61 62 63 64 65 66 67 68 69 70 72 73 74 75 76 77 78 79 80 81
(72,*) 0 1 2 3 4 5 6 7 8 9 10 11 12 13 14 15 16 17 18 19 20 21 42 43 44 45 46 47 48 49 50 51 52 53 54 55 56 57 58 59 60 61 62 63 64 65 66 67 68 69 70 71 73 74 75 76 77 78 79 80 81
(73,*) 0 1 2 3 4 5 6 7 8 9 10 11 12 13 14 15 16 17 18 19 20 21 42 43 44 45 46 47 48 49 50 51 52 53 54 55 56 57 58 59 60 61 62 63 64 65 66 67 68 69 70 71 72 74 75 76 77 78 79 80 81
(74,*) 0 1 2 3 4 5 6 7 8 9 10 11 12 13 14 15 16 17 18 19 20 21 42 43 44 45 46 47 48 49 50 51 52 53 54 55 56 57 58 59 60 61 62 63 64 65 66 67 68 69 70 71 72 73 75 76 77 78 79 80 81
(75,*) 0 1 2 3 4 5 6 7 8 9 10 11 12 13 14 15 16 17 18 19 20 21 42 43 44 45 46 47 48 49 50 51 52 53 54 55 56 57 58 59 60 61 62 63 64 65 66 67 68 69 70 71 72 73 74 76 77 78 79 80 81
(76,*) 0 1 2 3 4 5 6 7 8 9 10 11 12 13 14 15 16 17 18 19 20 21 42 43 44 45 46 47 48 49 50 51 52 53 54 55 56 57 58 59 60 61 62 63 64 65 66 67 68 69 70 71 72 73 74 75 77 78 79 80 81
(77,*) 0 1 2 3 4 5 6 7 8 9 10 11 12 13 14 15 16 17 18 19 20 21 42 43 44 45 46 47 48 49 50 51 52 53 54 55 56 57 58 59 60 61 62 63 64 65 66 67 68 69 70 71 72 73 74 75 76 78 79 80 81
(78,*) 0 1 2 3 4 5 6 7 8 9 10 11 12 13 14 15 16 17 18 19 20 21 42 43 44 45 46 47 48 49 50 51 52 53 54 55 56 57 58 59 60 61 62 63 64 65 66 67 68 69 70 71 72 73 74 75 76 77 79 80 81
(79,*) 0 1 2 3 4 5 6 7 8 9 10 11 12 13 14 15 16 17 18 19 20 21 42 43 44 45 46 47 48 49 50 51 52 53 54 55 56 57 58 59 60 61 62 63 64 65 66 67 68 69 70 71 72 73 74 75 76 77 78 80 81
(80,*) 0 1 2 3 4 5 6 7 8 9 10 11 12 13 14 15 16 17 18 19 20 21 42 43 44 45 46 47 48 49 50 51 52 53 54 55 56 57 58 59 60 61 62 63 64 65 66 67 68 69 70 71 72 73 74 75 76 77 78 79 81
(81,*) 0 1 2 3 4 5 6 7 8 9 10 11 12 13 14 15 16 17 18 19 20 21 42 43 44 45 46 47 48 49 50 51 52 53 54 55 56 57 58 59 60 61 62 63 64 65 66 67 68 69 70 71 72 73 74 75 76 77 78 79 80
;
set A2:=
(62,*) 63
(63,*) 62
(64,*) 65
(65,*) 64
(66,*) 67
(67,*) 66
;
param BigM:=99999;
param n:= 8;
param d:=
1	7
2	4
3	16
4	1
5	4
6	12
7	22
8	11
9	9
10	19
11	18
12	4
13	16
14	21
15	24
16	6
17	2
18	2
19	23
20	2
21	7
22	11
23	9
24	6
25	2
26	22
27	3
28	1
29	2
30	14
31	20
32	18
33	26
34	3
35	9
36	24
37	19
38	16
39	2
40	26
41	21
42	26
43	18
44	16
45	8
46	9
47	7
48	23
49	20
50	7
51	6
52	12
53	2
54	14
55	2
56	2
57	23
58	16
59	10
60	12
61	16
;
param Q:=100;
param w:=
[62,*] 63 0.1
[63,*] 62 0.1
[64,*] 65 0.1
[65,*] 64 0.1
[66,*] 67 0.1
[67,*] 66 0.1
;
param V:=
[62,*] 63 77
[63,*] 62 77
[64,*] 65 80
[65,*] 64 80
[66,*] 67 100
[67,*] 66 100
;
param e:
	62	63	64	65	66	67	68	69	70	71	72	73	74	75	76	77	78	79	80	81:=
22		0		1		0		0		0		0		0		1		0		0		0		0		0		0		1		0		0		0		0		0	
23		0		1		0		0		0		0		0		1		0		0		0		0		0		0		1		0		0		0		0		0	
24		0		0		0		1		0		0		0		0		0		1		0		0		0		1		0		0		0		0		0		0	
25		0		0		0		1		0		0		0		0		0		1		0		0		0		0		0		0		0		1		0		0	
26		0		1		0		0		0		0		0		1		0		0		0		0		0		0		0		0		0		0		1		0	
27		1		0		0		0		0		0		1		0		0		0		0		0		0		0		0		0		0		0		0		1	
28		1		0		0		0		1		0		1		0		0		0		1		0		1		0		0		0		0		0		0		0	
29		0		0		0		1		0		0		0		0		0		1		0		0		0		1		0		0		0		0		0		0	
30		0		1		0		0		0		0		0		1		0		0		0		0		0		0		1		0		0		1		0		0	
31		0		0		1		0		0		1		0		0		1		0		0		1		0		1		0		0		0		0		0		0	
32		0		0		1		0		0		0		0		0		1		0		0		0		1		0		0		0		0		0		0		0	
33		0		1		0		0		0		0		0		1		0		0		0		0		0		0		1		0		0		0		0		0	
34		0		0		0		0		1		0		0		0		0		0		1		0		0		0		0		1		0		0		0		0	
35		1		0		0		0		1		0		1		0		0		0		1		0		0		0		0		1		0		0		0		0	
36		0		0		0		1		0		0		0		0		0		1		0		0		0		0		0		0		0		1		0		0	
37		0		0		0		0		0		1		0		0		0		0		0		1		1		0		0		0		0		0		0		0	
38		0		1		0		0		0		0		0		1		0		0		0		0		0		0		0		1		0		0		0		0	
39		0		0		0		1		0		0		0		0		0		1		0		0		0		1		0		0		0		0		0		0	
40		0		0		1		0		0		1		0		0		1		0		0		1		0		0		0		0		0		0		0		1	
41		0		0		1		0		0		1		0		0		1		0		0		1		0		0		0		0		0		0		1		0	
42		1		0		0		0		1		0		1		0		0		0		1		0		1		0		0		1		1		0		1		0	
43		0		0		0		1		0		0		0		0		0		1		0		0		0		1		0		0		1		0		0		1	
44		1		0		0		0		1		0		1		0		0		0		1		0		0		0		1		0		0		0		0		0	
45		0		0		0		0		1		0		0		0		0		0		1		0		1		0		0		0		0		0		0		0	
46		1		0		0		0		1		0		1		0		0		0		1		0		1		0		0		1		0		0		1		0	
47		0		0		0		0		1		0		0		0		0		0		1		0		1		0		0		1		0		0		1		0	
48		0		0		0		1		0		0		0		0		0		1		0		0		0		1		0		0		0		0		0		0	
49		0		0		0		1		0		0		0		0		0		1		0		0		0		1		0		0		1		0		0		1	
50		0		1		0		0		0		0		0		1		0		0		0		0		0		0		0		0		0		1		0		0	
51		1		0		0		0		0		0		1		0		0		0		0		0		1		0		0		1		0		0		1		0	
52		0		0		0		0		1		0		0		0		0		0		1		0		0		0		0		0		0		0		1		0	
53		0		1		0		0		0		0		0		1		0		0		0		0		1		0		0		0		0		0		0		0	
54		1		0		0		0		1		0		1		0		0		0		1		0		0		0		0		1		1		0		0		1	
55		0		0		0		0		0		1		0		0		0		0		0		1		1		0		0		1		1		0		1		0	
56		0		0		0		0		0		1		0		0		0		0		0		1		1		0		0		1		0		0		1		0	
57		1		0		0		0		1		0		1		0		0		0		1		0		0		0		0		1		0		0		0		0	
58		0		1		0		0		0		0		0		1		0		0		0		0		0		0		1		0		0		0		0		0	
59		0		0		0		1		0		0		0		0		0		1		0		0		0		1		0		0		0		0		0		0	
60		0		0		1		0		0		1		0		0		1		0		0		1		0		0		0		0		0		0		0		1	
61		0		0		0		0		0		1		0		0		0		0		0		1		0		0		0		0		0		0		1		0	
;
param p:=
1	3
2	3
3	3
4	3
5	3
6	3
7	3
8	3
;
param G:=
62	77
63	70
64	71
65	80
66	93
67	100
68	77
69	70
70	71
71	80
72	93
73	100
74	95
75	77
76	81
77	87
78	74
79	93
80	76
81	96
;
param s:=
0	0
1	10
2	10
3	10
4	10
5	10
6	10
7	10
8	10
9	10
10	10
11	10
12	10
13	10
14	10
15	10
16	10
17	10
18	10
19	10
20	10
21	10
42	10
43	10
44	10
45	10
46	10
47	10
48	10
49	10
50	10
51	10
52	10
53	10
54	10
55	10
56	10
57	10
58	10
59	10
60	10
61	10
62	10
63	10
64	10
65	10
66	10
67	10
68	10
69	10
70	10
71	10
72	10
73	10
74	10
75	10
76	10
77	10
78	10
79	10
80	10
81	10
;
param t:
	0	1	2	3	4	5	6	7	8	9	10	11	12	13	14	15	16	17	18	19	20	21	22	23	24	25	26	27	28	29	30	31	32	33	34	35	36	37	38	39	40	41	42	43	44	45	46	47	48	49	50	51	52	53	54	55	56	57	58	59	60	61	62	63	64	65	66	67	68	69	70	71	72	73	74	75	76	77	78	79	80	81:=
0	0.0	51.48	9.43	24.08	38.63	101.98	102.16	85.44	75.61	53.08	26.68	40.52	37.74	95.52	64.9	83.41	25.08	75.03	74.09	31.02	52.24	39.2	52.35	47.27	29.12	40.31	3.16	52.8	95.34	52.39	43.91	93.98	91.27	43.28	98.98	70.18	28.44	83.01	18.11	25.0	99.81	72.8	66.13	46.75	85.48	94.89	73.76	80.4	37.01	39.12	13.89	66.12	102.0	2.0	55.46	59.03	56.44	81.01	50.7	51.97	94.89	67.21	74.63	40.22	97.86	44.72	85.0	77.82	74.63	40.22	97.86	44.72	85.0	77.82	74.33	39.12	45.31	63.79	43.08	34.67	69.01	32.25
1	51.48	0.0	48.38	57.98	16.55	65.44	54.2	44.29	38.59	48.38	48.85	51.22	23.02	52.2	29.15	46.49	44.01	27.59	38.47	20.88	2.24	46.62	47.43	70.94	23.02	11.18	48.37	15.3	44.78	50.8	53.54	54.49	42.38	39.36	49.24	39.05	23.09	32.56	58.6	27.0	62.48	37.12	19.42	34.41	41.62	43.42	23.85	29.02	60.03	22.8	41.44	15.3	56.59	49.5	17.03	12.04	14.87	37.74	62.77	45.49	61.91	53.04	35.11	48.83	58.73	45.28	40.8	45.19	35.11	48.83	58.73	45.28	40.8	45.19	23.0	39.7	59.64	13.6	14.21	34.06	19.7	24.7
2	9.43	48.38	0.0	16.28	38.01	94.15	101.12	86.05	68.41	43.84	34.01	47.38	38.9	95.8	65.86	84.86	31.4	73.82	66.76	27.51	48.76	29.83	43.14	39.0	28.02	37.34	9.22	52.43	93.05	58.24	34.48	86.68	86.01	34.41	97.17	72.25	26.42	78.52	12.21	24.21	92.11	65.52	64.88	50.25	85.45	91.44	71.69	76.69	45.4	40.31	7.07	62.17	101.79	8.54	55.22	54.33	51.01	81.02	41.44	57.01	86.76	58.14	75.29	30.81	90.44	50.29	84.88	70.01	75.29	30.81	90.44	50.29	84.88	70.01	70.61	44.01	36.06	61.47	42.44	26.4	64.38	33.24
3	24.08	57.98	16.28	0.0	50.99	92.2	112.07	98.99	69.03	37.16	50.16	63.64	53.25	108.3	79.4	98.6	47.68	85.0	67.07	38.29	57.8	23.09	36.77	23.19	41.23	47.8	25.02	65.05	102.47	74.46	24.41	86.47	90.61	31.26	107.19	86.61	38.95	84.77	7.21	38.01	90.61	66.03	76.22	65.74	97.74	99.16	81.84	84.31	61.07	54.64	19.72	69.86	113.7	24.0	67.88	61.1	56.61	93.43	28.6	73.05	83.93	51.89	88.41	22.85	89.81	66.48	97.08	68.73	88.41	22.85	89.81	66.48	97.08	68.73	78.39	60.08	23.43	71.56	55.17	27.46	70.84	47.71
4	38.63	16.55	38.01	50.99	0.0	80.62	63.56	48.17	53.15	53.0	32.31	35.36	7.21	57.8	28.43	47.63	27.51	36.4	52.63	13.93	18.36	46.57	52.0	68.43	10.0	9.85	35.47	14.42	57.07	37.16	53.85	70.09	58.87	42.11	60.44	36.24	12.04	48.76	49.68	13.89	77.78	51.22	27.51	21.59	47.43	58.01	35.51	44.41	43.57	7.62	31.89	31.62	63.81	36.77	17.2	28.02	29.0	43.01	63.32	32.57	76.22	61.39	37.48	48.76	74.33	30.53	46.87	58.82	37.48	48.76	74.33	30.53	46.87	58.82	38.64	24.21	59.14	26.02	4.47	33.73	36.25	8.25
5	101.98	65.44	94.15	92.2	80.62	0.0	84.02	92.2	27.66	56.22	110.89	115.97	87.73	93.54	88.57	98.49	105.89	74.33	28.6	75.8	63.25	69.23	56.32	87.05	82.46	71.45	99.73	79.32	69.0	116.21	70.26	11.7	37.01	61.13	75.03	98.09	80.6	45.89	97.53	85.0	3.16	30.0	73.41	99.81	86.68	57.04	67.36	53.37	123.33	87.78	88.14	54.59	92.02	100.18	79.92	53.41	51.62	85.62	73.06	110.8	9.22	43.05	88.87	69.87	8.06	110.63	85.7	24.17	88.87	69.87	8.06	110.63	85.7	24.17	54.08	104.74	75.03	66.19	79.4	67.78	48.76	87.73
6	102.16	54.2	101.12	112.07	63.56	84.02	0.0	22.8	69.89	98.01	89.11	83.01	65.15	15.0	40.2	30.08	85.7	27.29	71.51	74.09	54.67	99.7	97.2	124.46	73.35	64.35	99.01	49.4	15.13	73.44	106.15	73.25	47.1	91.35	9.0	41.44	74.71	40.52	112.16	77.39	81.06	70.94	36.24	63.2	19.03	27.0	30.48	34.93	95.05	63.89	94.51	45.61	8.94	100.32	46.82	54.67	60.44	23.02	114.87	68.18	86.7	97.06	31.0	101.83	76.06	74.0	19.0	77.79	31.0	101.83	76.06	74.0	19.0	77.79	38.59	73.33	112.49	40.61	59.09	87.78	48.02	70.23
7	85.44	44.29	86.05	98.99	48.17	92.2	22.8	0.0	72.01	92.31	68.96	61.4	47.71	10.44	20.59	7.81	66.13	19.1	73.06	60.88	45.62	90.74	91.39	114.62	58.14	52.01	82.38	33.94	29.0	51.04	97.75	80.6	56.3	83.65	26.63	19.0	60.14	46.32	97.84	61.85	89.05	72.11	25.08	42.45	5.83	39.66	26.02	38.83	73.55	46.32	80.06	42.43	18.11	83.76	31.11	49.73	55.36	7.07	107.04	46.01	92.66	94.83	10.82	92.96	84.17	52.35	6.71	80.02	10.82	92.96	84.17	52.35	6.71	80.02	39.05	52.63	103.77	32.57	43.86	77.94	47.1	53.25
8	75.61	38.59	68.41	69.03	53.15	27.66	69.89	72.01	0.0	37.34	83.24	88.46	60.31	75.8	64.29	77.16	78.24	53.01	2.24	48.26	36.36	47.27	37.0	69.26	54.82	43.84	73.16	53.23	55.15	89.31	50.45	18.38	27.59	38.05	61.47	74.22	53.01	29.55	73.44	57.43	25.0	3.0	49.82	72.95	67.12	45.28	46.0	35.17	95.67	60.44	61.98	30.41	76.4	73.74	54.23	26.83	24.21	65.0	56.08	84.06	23.32	29.73	66.48	48.51	22.36	83.41	66.12	8.06	66.48	48.51	22.36	83.41	66.12	8.06	33.14	77.34	56.32	41.98	52.2	42.58	25.08	60.11
9	53.08	48.38	43.84	37.16	53.0	56.22	98.01	92.31	37.34	0.0	71.59	81.91	59.14	99.3	77.13	94.87	67.23	74.24	35.11	40.31	46.82	14.42	1.0	32.02	47.68	44.18	51.86	62.17	85.04	88.28	14.04	52.35	63.63	11.4	90.91	86.68	44.72	61.72	43.42	47.54	55.04	34.54	67.23	74.17	89.0	77.9	68.6	64.38	84.53	60.07	40.0	52.43	102.4	51.74	64.54	43.57	37.74	85.49	18.79	84.59	47.52	14.76	83.49	14.32	55.08	80.6	88.1	34.37	83.49	14.32	55.08	80.6	88.1	34.37	59.67	73.55	19.24	59.93	55.15	21.19	50.33	55.58
10	26.68	48.85	34.01	50.16	32.31	110.89	89.11	68.96	83.24	71.59	0.0	13.93	26.68	79.4	49.03	65.0	5.0	64.01	82.33	35.36	50.57	59.77	70.68	73.01	28.43	39.96	25.18	42.19	86.01	26.63	65.97	101.02	91.18	60.37	88.14	51.08	30.41	80.96	44.72	26.17	108.23	80.92	56.08	26.57	70.61	88.96	65.28	76.16	13.04	27.46	33.54	63.91	86.83	26.31	44.05	59.94	59.91	66.29	74.15	27.59	105.42	83.86	58.69	61.4	105.21	19.8	70.41	87.73	58.69	61.4	105.21	19.8	70.41	87.73	70.6	16.55	68.88	57.07	35.44	50.54	68.54	24.17
11	40.52	51.22	47.38	63.64	35.36	115.97	83.01	61.4	88.46	81.91	13.93	0.0	28.32	71.7	43.1	56.29	16.03	60.21	87.86	42.94	53.26	71.2	80.96	86.21	35.36	44.69	38.83	40.72	82.2	13.45	77.78	105.42	92.28	70.52	83.38	42.58	38.01	81.41	58.46	34.54	113.14	86.45	53.45	20.4	64.03	86.98	62.94	75.64	12.17	28.43	46.01	65.19	79.51	40.02	41.79	63.13	64.35	60.0	86.37	16.16	111.4	93.11	52.01	72.99	109.66	9.06	64.01	93.86	52.01	72.99	109.66	9.06	64.01	93.86	70.66	11.66	81.22	56.36	37.01	60.73	70.46	28.6
12	37.74	23.02	38.9	53.25	7.21	87.73	65.15	47.71	60.31	59.14	26.68	28.32	0.0	57.8	27.2	46.01	22.2	38.64	59.82	19.03	25.0	51.62	58.14	72.24	12.65	17.0	34.67	16.12	60.21	30.08	58.86	77.1	64.88	48.01	62.97	33.42	15.52	54.42	50.99	15.26	84.86	58.41	30.15	15.03	47.85	62.39	39.0	49.48	37.12	1.41	33.6	37.58	64.4	36.06	18.44	34.83	36.12	43.38	68.25	25.71	83.41	68.15	36.89	53.76	81.34	23.32	47.42	66.03	36.89	53.76	81.34	23.32	47.42	66.03	43.97	17.03	63.79	30.41	8.94	39.12	42.54	5.66
13	95.52	52.2	95.8	108.3	57.8	93.54	15.0	10.44	75.8	99.3	79.4	71.7	57.8	0.0	30.87	16.12	76.55	25.06	77.1	70.04	53.25	98.81	98.41	123.07	67.8	60.83	92.44	43.42	26.0	61.01	105.68	82.22	56.72	91.27	21.63	29.15	69.66	48.01	107.45	71.61	90.45	76.3	32.8	52.89	10.63	37.95	31.02	41.05	83.86	56.44	89.64	47.76	8.06	93.81	40.61	55.95	61.74	14.87	114.83	56.14	95.01	100.57	21.02	101.02	85.48	62.65	11.4	83.86	21.02	101.02	85.48	62.65	11.4	83.86	42.76	63.06	111.83	39.45	53.41	86.21	51.66	63.29
14	64.9	29.15	65.86	79.4	28.43	88.57	40.2	20.59	64.29	77.13	49.03	43.1	27.2	30.87	0.0	19.21	45.88	18.36	64.76	41.88	31.06	73.41	76.16	96.38	38.21	34.01	61.85	15.23	39.56	35.11	80.62	76.92	56.73	67.36	40.31	10.05	40.46	45.45	77.79	41.73	85.43	63.56	15.26	23.02	21.59	46.14	23.35	38.21	55.01	25.81	60.11	34.18	37.95	63.25	12.65	38.33	43.05	17.26	90.08	29.41	86.98	82.15	9.85	75.64	80.95	34.23	21.38	71.81	9.85	75.64	80.95	34.23	21.38	71.81	35.23	33.14	86.33	22.47	24.41	60.42	39.92	32.8
15	83.41	46.49	84.86	98.6	47.63	98.49	30.08	7.81	77.16	94.87	65.0	56.29	46.01	16.12	19.21	0.0	62.61	24.33	78.06	61.03	48.08	92.13	93.92	115.43	57.38	52.84	80.43	34.13	36.77	45.1	99.28	86.83	63.16	85.62	34.41	13.93	59.67	52.81	96.88	60.83	95.34	77.03	28.28	38.48	13.45	47.2	31.4	45.22	68.45	44.6	79.25	47.0	24.19	81.84	31.38	53.46	58.86	13.0	108.69	40.45	98.48	98.48	11.4	94.37	90.52	47.3	14.21	85.09	11.4	94.37	90.52	47.3	14.21	85.09	44.72	48.47	105.12	36.22	43.6	79.18	52.09	51.66
16	25.08	44.01	31.4	47.68	27.51	105.89	85.7	66.13	78.24	67.23	5.0	16.03	22.2	76.55	45.88	62.61	0.0	60.13	77.34	30.41	45.69	55.79	66.31	70.18	23.43	34.99	23.09	38.01	82.02	27.31	62.17	96.02	86.38	55.95	84.38	48.76	25.46	76.24	42.72	21.26	103.23	75.93	52.0	24.19	67.45	84.59	61.07	71.59	17.8	23.09	30.07	59.14	83.82	24.35	40.01	55.01	54.92	63.06	70.58	27.2	100.45	79.26	55.66	57.49	100.21	19.72	67.19	82.76	55.66	57.49	100.21	19.72	67.19	82.76	65.97	14.87	65.38	52.61	30.81	46.1	63.69	19.31
17	75.03	27.59	73.82	85.0	36.4	74.33	27.29	19.1	53.01	74.24	64.01	60.21	38.64	25.06	18.36	24.33	60.13	0.0	54.01	46.87	28.43	74.03	73.36	98.49	46.1	37.2	71.87	22.56	22.09	53.31	80.8	62.64	39.96	66.29	24.33	25.5	47.41	29.07	84.91	50.16	71.17	53.04	8.94	39.81	14.87	27.78	7.07	21.47	71.7	37.48	67.23	23.35	29.0	73.16	20.22	31.02	36.77	12.04	89.87	47.54	74.15	75.96	14.76	76.22	66.41	51.66	13.93	61.0	14.76	76.22	66.41	51.66	13.93	61.0	20.4	49.37	87.01	14.42	31.95	61.62	28.02	43.42
18	74.09	38.47	66.76	67.07	52.63	28.6	71.51	73.06	2.24	35.11	82.33	87.86	59.82	77.1	64.76	78.06	77.34	54.01	0.0	47.2	36.24	45.18	34.79	67.05	53.91	43.19	71.69	53.31	56.86	89.04	48.27	19.92	29.73	36.01	63.16	74.73	52.01	31.3	71.57	56.4	26.08	1.41	50.49	72.72	68.26	47.17	47.04	36.69	94.85	60.0	60.41	31.14	77.88	72.24	54.42	26.93	23.85	66.03	53.85	83.86	23.6	27.59	67.27	46.39	23.77	83.01	67.27	7.07	67.27	46.39	23.77	83.01	67.27	7.07	34.37	76.84	54.12	42.58	51.87	40.79	26.0	59.41
19	31.02	20.88	27.51	38.29	13.93	75.8	74.09	60.88	48.26	40.31	35.36	42.94	19.03	70.04	41.88	61.03	30.41	46.87	47.2	0.0	21.38	32.76	39.32	54.59	7.62	9.85	28.0	27.02	65.55	48.05	40.02	66.37	60.53	29.07	69.78	50.09	5.0	52.0	38.08	9.22	73.24	45.8	38.01	34.0	59.46	64.13	44.28	49.5	48.17	20.1	20.62	35.13	75.43	29.02	29.83	28.16	26.25	55.17	49.48	44.28	70.09	50.33	50.45	34.93	70.49	40.52	58.8	52.4	50.45	34.93	70.49	40.52	58.8	52.4	43.42	33.53	45.22	34.01	17.49	20.1	38.05	15.3
20	52.24	2.24	48.76	57.8	18.36	63.25	54.67	45.62	36.36	46.82	50.57	53.26	25.0	53.25	31.06	48.08	45.69	28.43	36.24	21.38	0.0	45.61	45.88	70.09	24.19	12.0	49.16	17.46	44.72	53.01	52.43	52.35	40.8	38.08	49.4	41.01	24.0	31.26	58.69	28.07	60.31	34.89	20.59	36.62	42.72	42.76	24.21	28.16	61.91	24.84	41.76	14.04	57.38	50.25	19.1	9.9	12.65	38.95	61.59	47.71	59.68	51.09	36.69	47.8	56.59	47.42	41.88	42.95	36.69	47.8	56.59	47.42	41.88	42.95	22.09	41.77	58.6	14.14	16.28	33.24	18.03	26.4
21	39.2	46.62	29.83	23.09	46.57	69.23	99.7	90.74	47.27	14.42	59.77	71.2	51.62	98.81	73.41	92.13	55.79	74.03	45.18	32.76	45.61	0.0	13.89	24.84	39.2	39.4	38.28	58.18	88.09	79.06	7.28	64.03	71.17	9.49	93.51	82.28	36.22	67.12	29.07	38.0	67.74	44.28	66.03	66.37	88.23	82.68	69.35	68.24	72.45	52.77	26.83	54.67	102.94	38.01	60.84	45.45	40.0	84.31	16.76	76.03	60.88	29.15	81.01	2.24	67.19	71.11	87.42	46.1	81.01	2.24	67.19	71.11	87.42	46.1	62.8	64.07	13.04	59.67	49.65	13.0	54.08	47.17
22	52.35	47.43	43.14	36.77	52.0	56.32	97.2	91.39	37.0	1.0	70.68	80.96	58.14	98.41	76.16	93.92	66.31	73.36	34.79	39.32	45.88	13.89	0.0	32.28	46.69	43.19	51.09	61.19	84.29	87.3	14.0	52.24	63.13	10.44	90.14	85.7	43.74	61.07	42.94	46.57	55.08	34.18	66.31	73.17	88.1	77.23	67.74	63.66	83.63	59.08	39.2	51.61	101.55	50.99	63.56	42.72	36.89	84.58	19.24	83.6	47.68	15.26	82.54	13.93	55.04	79.62	87.21	34.23	82.54	13.93	55.04	79.62	87.21	34.23	58.9	72.57	19.42	59.03	54.15	20.25	49.58	54.59
23	47.27	70.94	39.0	23.19	68.43	87.05	124.46	114.62	69.26	32.02	73.01	86.21	72.24	123.07	96.38	115.43	70.18	98.49	67.05	54.59	70.09	24.84	32.28	0.0	59.62	62.68	48.04	81.3	112.93	96.34	19.24	84.17	94.85	33.84	118.34	104.66	56.86	91.59	29.83	57.25	86.21	66.41	90.27	86.02	112.45	107.34	94.05	93.01	84.21	73.54	40.61	79.51	127.48	47.1	84.06	70.29	64.82	108.41	14.0	94.37	78.01	44.01	104.56	22.8	86.7	88.28	111.66	66.29	104.56	22.8	86.7	88.28	111.66	66.29	87.62	81.58	13.0	84.22	72.07	36.88	78.82	67.07
24	29.12	23.02	28.02	41.23	10.0	82.46	73.35	58.14	54.82	47.68	28.43	35.36	12.65	67.8	38.21	57.38	23.43	46.1	53.91	7.62	24.19	39.2	46.69	59.62	0.0	12.37	25.96	24.41	66.22	40.61	46.39	72.67	64.76	36.35	69.89	45.49	3.0	55.44	39.7	4.12	79.81	52.5	37.16	27.17	57.43	66.19	44.64	52.0	41.01	13.93	21.93	38.21	73.78	27.2	27.2	32.57	31.76	53.01	55.73	37.05	77.08	57.94	47.42	41.3	76.84	32.98	56.86	59.4	47.42	41.3	76.84	32.98	56.86	59.4	46.01	25.96	51.2	34.71	14.42	27.02	41.98	8.0
25	40.31	11.18	37.34	47.8	9.85	71.45	64.35	52.01	43.84	44.18	39.96	44.69	17.0	60.83	34.01	52.84	34.99	37.2	43.19	9.85	12.0	39.4	43.19	62.68	12.37	0.0	37.22	18.79	55.71	47.01	46.62	61.22	52.39	33.73	59.93	43.01	12.0	43.19	47.89	16.12	68.68	41.77	28.43	31.32	50.21	54.59	34.44	40.11	52.01	17.46	30.46	26.02	65.95	38.33	21.47	20.25	20.0	46.01	56.08	42.38	66.71	51.79	41.88	41.63	65.44	40.31	49.5	49.2	41.88	41.63	65.44	40.31	49.5	49.2	34.06	33.84	52.33	24.17	11.0	26.4	29.61	16.28
26	3.16	48.37	9.22	25.02	35.47	99.73	99.01	82.38	73.16	51.86	25.18	38.83	34.67	92.44	61.85	80.43	23.09	71.87	71.69	28.0	49.16	38.28	51.09	48.04	25.96	37.22	0.0	49.66	92.18	50.33	43.38	91.55	88.36	41.73	95.82	67.27	25.32	80.0	19.65	21.84	97.51	70.38	62.97	44.05	82.37	91.79	70.6	77.32	36.22	36.06	12.04	63.07	98.88	1.41	52.33	56.08	53.6	77.9	50.6	49.65	92.78	65.76	71.56	39.45	95.46	42.54	81.88	75.59	71.56	39.45	95.46	42.54	81.88	75.59	71.25	36.72	45.22	60.64	39.92	32.8	66.03	29.15
27	52.8	15.3	52.43	65.05	14.42	79.32	49.4	33.94	53.23	62.17	42.19	40.72	16.12	43.42	15.23	34.13	38.01	22.56	53.31	27.02	17.46	58.18	61.19	81.3	24.41	18.79	49.66	0.0	44.1	37.48	65.39	68.01	51.87	52.2	46.87	24.52	26.25	40.82	64.03	28.3	76.28	52.0	14.04	21.4	33.02	46.87	23.09	34.93	51.24	15.03	46.23	25.46	49.4	50.99	2.83	26.4	30.08	28.6	74.85	31.83	76.48	68.01	23.43	60.42	72.2	33.29	32.45	60.17	23.43	60.42	72.2	33.29	32.45	60.17	30.02	29.15	71.11	15.65	10.0	45.19	31.14	20.88
28	95.34	44.78	93.05	102.47	57.07	69.0	15.13	29.0	55.15	85.04	86.01	82.2	60.21	26.0	39.56	36.77	82.02	22.09	56.86	65.55	44.72	88.09	84.29	112.93	66.22	55.71	92.18	44.1	0.0	74.63	94.18	58.14	32.02	79.31	6.32	44.29	67.05	25.63	103.37	70.34	66.01	56.36	30.07	61.81	23.35	12.17	21.59	20.81	93.77	59.14	86.16	33.42	23.09	93.41	42.01	42.64	48.17	25.24	102.53	68.96	71.57	83.01	32.65	90.14	61.01	73.55	22.67	62.97	32.65	90.14	61.01	73.55	22.67	62.97	25.46	71.45	100.57	31.62	52.77	76.84	34.71	64.63
29	52.39	50.8	58.24	74.46	37.16	116.21	73.44	51.04	89.31	88.28	26.63	13.45	30.08	61.01	35.11	45.1	27.31	53.31	89.04	48.05	53.01	79.06	87.3	96.34	40.61	47.01	50.33	37.48	74.63	0.0	86.01	105.12	89.02	76.94	74.95	32.06	43.57	77.8	69.89	41.11	113.23	87.66	48.02	16.4	54.45	80.96	57.31	71.28	24.6	29.55	55.73	62.94	69.0	51.62	37.64	62.8	65.19	50.8	95.02	5.83	112.61	98.08	42.76	81.02	109.34	8.06	54.59	95.52	42.76	81.02	109.34	8.06	54.59	95.52	67.01	15.0	90.09	52.63	37.22	67.48	68.59	32.76
30	43.91	53.54	34.48	24.41	53.85	70.26	106.15	97.75	50.45	14.04	65.97	77.78	58.86	105.68	80.62	99.28	62.17	80.8	48.27	40.02	52.43	7.28	14.0	19.24	46.39	46.62	43.38	65.39	94.18	86.01	0.0	66.19	75.64	14.87	99.72	89.54	43.42	72.4	31.24	45.04	69.07	47.54	72.95	73.55	95.13	88.23	75.93	74.03	78.45	60.02	32.57	60.83	109.64	42.94	68.03	51.62	46.01	91.27	9.49	83.1	61.52	28.16	88.12	5.1	69.03	78.03	94.3	48.17	88.12	5.1	69.03	78.03	94.3	48.17	68.77	71.01	6.4	66.4	56.92	20.25	59.82	54.33
31	93.98	54.49	86.68	86.47	70.09	11.7	73.25	80.6	18.38	52.35	101.02	105.42	77.1	82.22	76.92	86.83	96.02	62.64	19.92	66.37	52.35	64.03	52.24	84.17	72.67	61.22	91.55	68.01	58.14	105.12	66.19	0.0	26.17	55.23	64.28	86.41	71.02	34.37	91.24	75.47	8.54	21.19	61.74	88.73	75.13	46.39	55.66	41.77	113.23	77.08	80.32	43.05	81.02	92.11	68.51	42.45	41.23	73.98	70.41	99.64	13.93	41.11	77.16	65.0	4.24	99.76	74.15	18.03	77.16	65.0	4.24	99.76	74.15	18.03	42.38	94.05	71.57	54.59	68.59	60.64	37.22	77.47
32	91.27	42.38	86.01	90.61	58.87	37.01	47.1	56.3	27.59	63.63	91.18	92.28	64.88	56.72	56.73	63.16	86.38	39.96	29.73	60.53	40.8	71.17	63.13	94.85	64.76	52.39	88.36	51.87	32.02	89.02	75.64	26.17	0.0	61.68	38.12	65.22	64.13	11.31	93.65	68.45	34.0	29.83	41.73	73.24	50.6	20.22	33.6	18.6	101.98	64.4	79.0	27.31	55.01	89.27	51.4	32.39	35.0	50.16	82.37	83.24	39.81	57.31	54.71	72.8	29.0	85.15	49.65	34.21	54.71	72.8	29.0	85.15	49.65	34.21	22.02	80.62	81.86	36.4	55.95	63.15	22.8	67.07
33	43.28	39.36	34.41	31.26	42.11	61.13	91.35	83.65	38.05	11.4	60.37	70.52	48.01	91.27	67.36	85.62	55.95	66.29	36.01	29.07	38.08	9.49	10.44	33.84	36.35	33.73	41.73	52.2	79.31	76.94	14.87	55.23	61.68	0.0	84.86	76.66	33.38	57.8	36.4	36.14	59.44	35.06	58.67	63.03	80.78	73.5	61.22	59.2	73.36	49.0	29.7	45.97	95.0	41.77	54.71	36.77	31.14	77.03	23.6	73.33	53.14	24.08	74.32	11.18	58.55	69.23	79.92	37.48	74.32	11.18	58.55	69.23	79.92	37.48	53.91	62.17	21.26	51.87	44.55	9.85	45.0	44.28
34	98.98	49.24	97.17	107.19	60.44	75.03	9.0	26.63	61.47	90.91	88.14	83.38	62.97	21.63	40.31	34.41	84.38	24.33	63.16	69.78	49.4	93.51	90.14	118.34	69.89	59.93	95.82	46.87	6.32	74.95	99.72	64.28	38.12	84.86	0.0	43.66	70.94	31.95	107.78	74.0	72.06	62.65	32.98	63.13	21.47	18.0	25.5	26.93	95.19	61.81	90.38	38.9	17.46	97.08	44.55	48.1	53.74	24.35	108.21	69.43	77.78	89.19	32.28	95.59	67.07	74.55	21.02	69.29	32.28	95.59	67.07	74.55	21.02	69.29	31.24	73.03	106.1	35.78	56.04	82.01	40.61	67.68
35	70.18	39.05	72.25	86.61	36.24	98.09	41.44	19.0	74.22	86.68	51.08	42.58	33.42	29.15	10.05	13.93	48.76	25.5	74.73	50.09	41.01	82.28	85.7	104.66	45.49	43.01	67.27	24.52	44.29	32.06	89.54	86.41	65.22	76.66	43.66	0.0	48.02	54.08	84.39	48.6	94.94	73.55	24.7	24.6	22.56	52.63	31.62	46.62	54.74	32.02	67.01	43.97	37.05	68.68	22.2	48.37	53.08	19.31	99.02	27.02	96.77	92.09	11.66	84.5	90.38	33.54	22.8	81.79	11.66	84.5	90.38	33.54	22.8	81.79	44.29	34.54	95.08	32.28	32.7	69.29	49.65	39.05
36	28.44	23.09	26.42	38.95	12.04	80.6	74.71	60.14	53.01	44.72	30.41	38.01	15.52	69.66	40.46	59.67	25.46	47.41	52.01	5.0	24.0	36.22	43.74	56.86	3.0	12.0	25.32	26.25	67.05	43.57	43.42	71.02	64.13	33.38	70.94	48.02	0.0	55.15	37.8	4.47	78.01	50.61	38.47	30.15	59.2	66.48	45.54	52.09	43.19	16.76	20.0	38.01	75.45	26.48	29.07	31.78	30.46	54.82	52.77	40.05	75.01	55.15	49.5	38.33	75.17	35.9	58.6	57.31	49.5	38.33	75.17	35.9	58.6	57.31	46.04	28.86	48.27	35.44	16.28	24.02	41.44	11.0
37	83.01	32.56	78.52	84.77	48.76	45.89	40.52	46.32	29.55	61.72	80.96	81.41	54.42	48.01	45.45	52.81	76.24	29.07	31.3	52.0	31.26	67.12	61.07	91.59	55.44	43.19	80.0	40.82	25.63	77.8	72.4	34.37	11.31	57.8	31.95	54.08	55.15	0.0	87.1	59.3	42.76	30.89	30.41	62.13	40.79	16.28	22.47	7.62	91.39	53.85	71.45	17.26	47.52	81.01	40.22	24.19	28.16	39.85	80.0	72.01	47.0	58.01	43.83	68.96	37.85	74.09	39.81	37.34	43.83	68.96	37.85	74.09	39.81	37.34	10.82	69.77	78.77	25.24	45.54	57.58	14.14	57.01
38	18.11	58.6	12.21	7.21	49.68	97.53	112.16	97.84	73.44	43.42	44.72	58.46	50.99	107.45	77.79	96.88	42.72	84.91	71.57	38.08	58.69	29.07	42.94	29.83	39.7	47.89	19.65	64.03	103.37	69.89	31.24	91.24	93.65	36.4	107.78	84.39	37.8	87.1	0.0	36.07	95.8	70.46	76.01	62.43	97.01	100.88	82.3	86.02	55.01	52.4	17.8	71.47	113.23	18.44	66.84	63.06	59.03	92.62	35.81	68.94	89.49	58.18	87.11	29.15	94.73	62.03	96.4	73.76	87.11	29.15	94.73	62.03	96.4	73.76	80.01	55.95	30.61	72.01	54.04	31.02	73.01	45.34
39	25.0	27.0	24.21	38.01	13.89	85.0	77.39	61.85	57.43	47.54	26.17	34.54	15.26	71.61	41.73	60.83	21.26	50.16	56.4	9.22	28.07	38.0	46.57	57.25	4.12	16.12	21.84	28.3	70.34	41.11	45.04	75.47	68.45	36.14	74.0	48.6	4.47	59.3	36.07	0.0	82.42	55.0	41.23	28.86	61.29	70.26	48.76	56.01	39.05	16.64	18.44	42.11	77.7	23.09	31.06	36.14	34.93	56.86	54.23	38.05	79.31	58.6	51.09	40.01	79.61	33.24	60.75	61.62	51.09	40.01	79.61	33.24	60.75	61.62	50.0	26.17	49.5	38.83	18.36	26.48	45.71	9.85
40	99.81	62.48	92.11	90.61	77.78	3.16	81.06	89.05	25.0	55.04	108.23	113.14	84.86	90.45	85.43	95.34	103.23	71.17	26.08	73.24	60.31	67.74	55.08	86.21	79.81	68.68	97.51	76.28	66.01	113.23	69.07	8.54	34.0	59.44	72.06	94.94	78.01	42.76	95.8	82.42	0.0	27.46	70.26	96.83	83.55	54.08	64.2	50.22	120.62	84.9	86.01	51.48	89.01	97.99	76.85	50.45	48.8	82.46	72.25	107.8	9.43	42.3	85.7	68.47	5.0	107.71	82.57	22.14	85.7	68.47	5.0	107.71	82.57	22.14	50.92	101.86	74.01	63.06	76.49	65.79	45.65	84.96
41	72.8	37.12	65.52	66.03	51.22	30.0	70.94	72.11	3.0	34.54	80.92	86.45	58.41	76.3	63.56	77.03	75.93	53.04	1.41	45.8	34.89	44.28	34.18	66.41	52.5	41.77	70.38	52.0	56.36	87.66	47.54	21.19	29.83	35.06	62.65	73.55	50.61	30.89	70.46	55.0	27.46	0.0	49.37	71.34	67.36	46.87	46.1	36.06	93.43	58.6	59.14	30.07	77.2	70.94	53.14	25.63	22.47	65.07	53.31	82.49	25.0	27.59	66.19	45.54	25.08	81.61	66.37	8.25	66.19	45.54	25.08	81.61	66.37	8.25	33.54	75.43	53.45	41.44	50.48	39.62	25.02	58.0
42	66.13	19.42	64.88	76.22	27.51	73.41	36.24	25.08	49.82	67.23	56.08	53.45	30.15	32.8	15.26	28.28	52.0	8.94	50.49	38.01	20.59	66.03	66.31	90.27	37.16	28.43	62.97	14.04	30.07	48.02	72.95	61.74	41.73	58.67	32.98	24.7	38.47	30.41	76.01	41.23	70.26	49.37	0.0	33.24	22.2	33.53	9.49	23.43	64.54	29.07	58.31	19.42	37.54	64.26	12.04	25.18	30.59	18.36	82.15	42.19	72.12	70.21	17.03	68.24	65.74	45.31	21.4	57.56	17.03	68.24	65.74	45.31	21.4	57.56	20.0	42.2	79.06	8.0	23.09	53.41	25.0	34.71
43	46.75	34.41	50.25	65.74	21.59	99.81	63.2	42.45	72.95	74.17	26.57	20.4	15.03	52.89	23.02	38.48	24.19	39.81	72.72	34.0	36.62	66.37	73.17	86.02	27.17	31.32	44.05	21.4	61.81	16.4	73.55	88.73	73.24	63.03	63.13	24.6	30.15	62.13	62.43	28.86	96.83	71.34	33.24	0.0	44.41	66.73	42.72	55.95	32.06	14.14	46.1	46.75	60.42	45.45	21.95	46.4	48.88	40.2	82.87	11.18	96.25	82.98	32.39	68.47	92.96	12.08	44.28	79.26	32.39	68.47	92.96	12.08	44.28	79.26	51.31	10.2	78.26	36.89	21.02	54.04	52.35	19.24
44	85.48	41.62	85.45	97.74	47.43	86.68	19.03	5.83	67.12	89.0	70.61	64.03	47.85	10.63	21.59	13.45	67.45	14.87	68.26	59.46	42.72	88.23	88.1	112.45	57.43	50.21	82.37	33.02	23.35	54.45	95.13	75.13	50.6	80.78	21.47	22.56	59.2	40.79	97.01	61.29	83.55	67.36	22.2	44.41	0.0	33.84	21.38	33.38	76.11	46.52	79.2	38.08	16.55	83.73	30.23	45.88	51.62	4.47	104.31	49.16	87.37	90.8	12.04	90.44	78.64	55.01	1.0	75.17	12.04	90.44	78.64	55.01	1.0	75.17	34.01	54.59	101.26	29.07	43.01	75.6	42.43	53.24
45	94.89	43.42	91.44	99.16	58.01	57.04	27.0	39.66	45.28	77.9	88.96	86.98	62.39	37.95	46.14	47.2	84.59	27.78	47.17	64.13	42.76	82.68	77.23	107.34	66.19	54.59	91.79	46.87	12.17	80.96	88.23	46.39	20.22	73.5	18.0	52.63	66.48	16.28	100.88	70.26	54.08	46.87	33.53	66.73	33.84	0.0	24.04	14.87	97.98	61.52	84.4	29.41	35.23	92.91	45.35	38.08	42.94	34.71	96.05	75.15	60.02	74.2	41.11	84.6	49.09	78.77	33.02	52.77	41.11	84.6	49.09	78.77	33.02	52.77	20.88	75.69	94.63	32.06	54.08	72.45	28.65	66.07
46	73.76	23.85	71.69	81.84	35.51	67.36	30.48	26.02	46.0	68.6	65.28	62.94	39.0	31.02	23.35	31.4	61.07	7.07	47.04	44.28	24.21	69.35	67.74	94.05	44.64	34.44	70.6	23.09	21.59	57.31	75.93	55.66	33.6	61.22	25.5	31.62	45.54	22.47	82.3	48.76	64.2	46.1	9.49	42.72	21.38	24.04	0.0	15.0	73.98	38.01	64.88	16.76	33.84	71.84	21.38	25.06	30.89	19.0	84.81	51.48	67.08	69.57	21.54	71.51	59.46	54.78	20.4	54.01	21.54	71.51	59.46	54.78	20.4	54.01	13.34	51.66	82.22	10.3	31.26	57.31	21.1	43.19
47	80.4	29.02	76.69	84.31	44.41	53.37	34.93	38.83	35.17	64.38	76.16	75.64	49.48	41.05	38.21	45.22	71.59	21.47	36.69	49.5	28.16	68.24	63.66	93.01	52.0	40.11	77.32	34.93	20.81	71.28	74.03	41.77	18.6	59.2	26.93	46.62	52.09	7.62	86.02	56.01	50.22	36.06	23.43	55.95	33.38	14.87	15.0	0.0	86.03	48.76	69.63	14.56	41.23	78.41	34.0	23.26	28.3	32.28	82.13	65.46	54.08	62.27	36.24	70.21	45.35	68.0	32.39	43.17	36.24	70.21	45.35	68.0	32.39	43.17	6.08	64.08	80.43	19.31	40.79	57.71	14.21	52.61
48	37.01	60.03	45.4	61.07	43.57	123.33	95.05	73.55	95.67	84.53	13.04	12.17	37.12	83.86	55.01	68.45	17.8	71.7	94.85	48.17	61.91	72.45	83.63	84.21	41.01	52.01	36.22	51.24	93.77	24.6	78.45	113.23	101.98	73.36	95.19	54.74	43.19	91.39	55.01	39.05	120.62	93.43	64.54	32.06	76.11	97.98	73.98	86.03	0.0	37.58	45.88	74.69	91.66	37.12	52.63	71.56	72.01	72.03	86.35	28.16	118.09	96.9	64.07	74.0	117.44	21.21	76.06	100.41	64.07	74.0	117.44	21.21	76.06	100.41	80.78	22.36	81.02	66.73	46.07	63.53	79.65	35.81
49	39.12	22.8	40.31	54.64	7.62	87.78	63.89	46.32	60.44	60.07	27.46	28.43	1.41	56.44	25.81	44.6	23.09	37.48	60.0	20.1	24.84	52.77	59.08	73.54	13.93	17.46	36.06	15.03	59.14	29.55	60.02	77.08	64.4	49.0	61.81	32.02	16.76	53.85	52.4	16.64	84.9	58.6	29.07	14.14	46.52	61.52	38.01	48.76	37.58	0.0	35.0	37.12	63.07	37.44	17.26	34.71	36.24	42.05	69.43	25.0	83.6	68.88	35.51	54.92	81.32	23.02	46.1	66.29	35.51	54.92	81.32	23.02	46.1	66.29	43.32	16.97	65.0	29.61	8.6	40.2	42.19	7.07
