vehicles
vehicle_idx, capacity, cost_per_unit_distance
1,100,1
2,100,1
depot
node_idx,x,y
0,82,76
home delivery customers
node_idx,x,y,service_time,demand
1,84,39,10,16
2,58,30,10,12
self pickup customers
node_idx,x,y,service_time,demand,locker_idxs
3,23,15,10,15,8
4,5,42,10,4,8
flexible customers
node_idx,x,y,service_time,demand,locker_idxs
5,93,3,10,24,9-12
6,19,32,10,1,8
lockers
node_idx,x,y,service_time,capacity,cost_per_unit_good
7,65,88,10,84
8,25,15,10,91
9,93,12,10,81
10,22,88,10,78
11,77,88,10,75
12,72,14,10,89
13,47,23,10,90
14,54,27,10,96
mrt lines
start_node_idx,end_node_idx,freight_capacity,cost_per_unit_good
7,8,91,0.5
8,7,91,0.5
distance matrix
,0,1,2,3,4,5,6,7,8,9,10,11,12,13,14,
0,0.0,37.05,51.88,84.86,84.17,73.82,76.84,20.81,83.49,64.94,61.19,13.0,62.8,63.51,56.44
1,37.05,0.0,27.51,65.55,79.06,37.11,65.38,52.55,63.69,28.46,79.03,49.5,27.73,40.31,32.31
2,51.88,27.51,0.0,38.08,54.34,44.2,39.05,58.42,36.25,39.36,68.26,61.03,21.26,13.04,5.0
3,84.86,65.55,38.08,0.0,32.45,71.02,17.46,84.22,2.0,70.06,73.01,90.8,49.01,25.3,33.24
4,84.17,79.06,54.34,32.45,0.0,96.25,17.2,75.6,33.6,92.97,49.04,85.44,72.62,46.1,51.24
5,73.82,37.11,44.2,71.02,96.25,0.0,79.48,89.49,69.05,9.0,110.75,86.49,23.71,50.16,45.79
6,76.84,65.38,39.05,17.46,17.2,79.48,0.0,72.47,18.03,76.66,56.08,80.62,55.97,29.41,35.36
7,20.81,52.55,58.42,84.22,75.6,89.49,72.47,0.0,83.24,80.99,43.0,12.0,74.33,67.45,61.98
8,83.49,63.69,36.25,2.0,33.6,69.05,18.03,83.24,0.0,68.07,73.06,89.63,47.01,23.41,31.38
9,64.94,28.46,39.36,70.06,92.97,9.0,76.66,80.99,68.07,0.0,104.0,77.67,21.1,47.3,41.79
10,61.19,79.03,68.26,73.01,49.04,110.75,56.08,43.0,73.06,104.0,0.0,55.0,89.31,69.64,68.88
11,13.0,49.5,61.03,90.8,85.44,86.49,80.62,12.0,89.63,77.67,55.0,0.0,74.17,71.59,65.19
12,62.8,27.73,21.26,49.01,72.62,23.71,55.97,74.33,47.01,21.1,89.31,74.17,0.0,26.57,22.2
13,63.51,40.31,13.04,25.3,46.1,50.16,29.41,67.45,23.41,47.3,69.64,71.59,26.57,0.0,8.06
14,56.44,32.31,5.0,33.24,51.24,45.79,35.36,61.98,31.38,41.79,68.88,65.19,22.2,8.06,0.0
