set K:= 1	2	3	4	5	6	7	8;
set C_H:= 1	2	3	4	5	6	7	8	9	10	11	12	13	14	15	16	17	18	19	20	21;
set C_S:= 22	23	24	25	26	27	28	29	30	31	32	33	34	35	36	37	38	39	40	41;
set C_F:= 42	43	44	45	46	47	48	49	50	51	52	53	54	55	56	57	58	59	60	61;
set M:= 62	63	64	65	66	67;
set L_B:= 68	69	70	71	72	73	74	75;
set A1:=
(0,*) 1 2 3 4 5 6 7 8 9 10 11 12 13 14 15 16 17 18 19 20 21 42 43 44 45 46 47 48 49 50 51 52 53 54 55 56 57 58 59 60 61 62 63 64 65 66 67 68 69 70 71 72 73 74 75
(1,*) 0 2 3 4 5 6 7 8 9 10 11 12 13 14 15 16 17 18 19 20 21 42 43 44 45 46 47 48 49 50 51 52 53 54 55 56 57 58 59 60 61 62 63 64 65 66 67 68 69 70 71 72 73 74 75
(2,*) 0 1 3 4 5 6 7 8 9 10 11 12 13 14 15 16 17 18 19 20 21 42 43 44 45 46 47 48 49 50 51 52 53 54 55 56 57 58 59 60 61 62 63 64 65 66 67 68 69 70 71 72 73 74 75
(3,*) 0 1 2 4 5 6 7 8 9 10 11 12 13 14 15 16 17 18 19 20 21 42 43 44 45 46 47 48 49 50 51 52 53 54 55 56 57 58 59 60 61 62 63 64 65 66 67 68 69 70 71 72 73 74 75
(4,*) 0 1 2 3 5 6 7 8 9 10 11 12 13 14 15 16 17 18 19 20 21 42 43 44 45 46 47 48 49 50 51 52 53 54 55 56 57 58 59 60 61 62 63 64 65 66 67 68 69 70 71 72 73 74 75
(5,*) 0 1 2 3 4 6 7 8 9 10 11 12 13 14 15 16 17 18 19 20 21 42 43 44 45 46 47 48 49 50 51 52 53 54 55 56 57 58 59 60 61 62 63 64 65 66 67 68 69 70 71 72 73 74 75
(6,*) 0 1 2 3 4 5 7 8 9 10 11 12 13 14 15 16 17 18 19 20 21 42 43 44 45 46 47 48 49 50 51 52 53 54 55 56 57 58 59 60 61 62 63 64 65 66 67 68 69 70 71 72 73 74 75
(7,*) 0 1 2 3 4 5 6 8 9 10 11 12 13 14 15 16 17 18 19 20 21 42 43 44 45 46 47 48 49 50 51 52 53 54 55 56 57 58 59 60 61 62 63 64 65 66 67 68 69 70 71 72 73 74 75
(8,*) 0 1 2 3 4 5 6 7 9 10 11 12 13 14 15 16 17 18 19 20 21 42 43 44 45 46 47 48 49 50 51 52 53 54 55 56 57 58 59 60 61 62 63 64 65 66 67 68 69 70 71 72 73 74 75
(9,*) 0 1 2 3 4 5 6 7 8 10 11 12 13 14 15 16 17 18 19 20 21 42 43 44 45 46 47 48 49 50 51 52 53 54 55 56 57 58 59 60 61 62 63 64 65 66 67 68 69 70 71 72 73 74 75
(10,*) 0 1 2 3 4 5 6 7 8 9 11 12 13 14 15 16 17 18 19 20 21 42 43 44 45 46 47 48 49 50 51 52 53 54 55 56 57 58 59 60 61 62 63 64 65 66 67 68 69 70 71 72 73 74 75
(11,*) 0 1 2 3 4 5 6 7 8 9 10 12 13 14 15 16 17 18 19 20 21 42 43 44 45 46 47 48 49 50 51 52 53 54 55 56 57 58 59 60 61 62 63 64 65 66 67 68 69 70 71 72 73 74 75
(12,*) 0 1 2 3 4 5 6 7 8 9 10 11 13 14 15 16 17 18 19 20 21 42 43 44 45 46 47 48 49 50 51 52 53 54 55 56 57 58 59 60 61 62 63 64 65 66 67 68 69 70 71 72 73 74 75
(13,*) 0 1 2 3 4 5 6 7 8 9 10 11 12 14 15 16 17 18 19 20 21 42 43 44 45 46 47 48 49 50 51 52 53 54 55 56 57 58 59 60 61 62 63 64 65 66 67 68 69 70 71 72 73 74 75
(14,*) 0 1 2 3 4 5 6 7 8 9 10 11 12 13 15 16 17 18 19 20 21 42 43 44 45 46 47 48 49 50 51 52 53 54 55 56 57 58 59 60 61 62 63 64 65 66 67 68 69 70 71 72 73 74 75
(15,*) 0 1 2 3 4 5 6 7 8 9 10 11 12 13 14 16 17 18 19 20 21 42 43 44 45 46 47 48 49 50 51 52 53 54 55 56 57 58 59 60 61 62 63 64 65 66 67 68 69 70 71 72 73 74 75
(16,*) 0 1 2 3 4 5 6 7 8 9 10 11 12 13 14 15 17 18 19 20 21 42 43 44 45 46 47 48 49 50 51 52 53 54 55 56 57 58 59 60 61 62 63 64 65 66 67 68 69 70 71 72 73 74 75
(17,*) 0 1 2 3 4 5 6 7 8 9 10 11 12 13 14 15 16 18 19 20 21 42 43 44 45 46 47 48 49 50 51 52 53 54 55 56 57 58 59 60 61 62 63 64 65 66 67 68 69 70 71 72 73 74 75
(18,*) 0 1 2 3 4 5 6 7 8 9 10 11 12 13 14 15 16 17 19 20 21 42 43 44 45 46 47 48 49 50 51 52 53 54 55 56 57 58 59 60 61 62 63 64 65 66 67 68 69 70 71 72 73 74 75
(19,*) 0 1 2 3 4 5 6 7 8 9 10 11 12 13 14 15 16 17 18 20 21 42 43 44 45 46 47 48 49 50 51 52 53 54 55 56 57 58 59 60 61 62 63 64 65 66 67 68 69 70 71 72 73 74 75
(20,*) 0 1 2 3 4 5 6 7 8 9 10 11 12 13 14 15 16 17 18 19 21 42 43 44 45 46 47 48 49 50 51 52 53 54 55 56 57 58 59 60 61 62 63 64 65 66 67 68 69 70 71 72 73 74 75
(21,*) 0 1 2 3 4 5 6 7 8 9 10 11 12 13 14 15 16 17 18 19 20 42 43 44 45 46 47 48 49 50 51 52 53 54 55 56 57 58 59 60 61 62 63 64 65 66 67 68 69 70 71 72 73 74 75
(42,*) 0 1 2 3 4 5 6 7 8 9 10 11 12 13 14 15 16 17 18 19 20 21 43 44 45 46 47 48 49 50 51 52 53 54 55 56 57 58 59 60 61 62 63 64 65 66 67 68 69 70 71 72 73 74 75
(43,*) 0 1 2 3 4 5 6 7 8 9 10 11 12 13 14 15 16 17 18 19 20 21 42 44 45 46 47 48 49 50 51 52 53 54 55 56 57 58 59 60 61 62 63 64 65 66 67 68 69 70 71 72 73 74 75
(44,*) 0 1 2 3 4 5 6 7 8 9 10 11 12 13 14 15 16 17 18 19 20 21 42 43 45 46 47 48 49 50 51 52 53 54 55 56 57 58 59 60 61 62 63 64 65 66 67 68 69 70 71 72 73 74 75
(45,*) 0 1 2 3 4 5 6 7 8 9 10 11 12 13 14 15 16 17 18 19 20 21 42 43 44 46 47 48 49 50 51 52 53 54 55 56 57 58 59 60 61 62 63 64 65 66 67 68 69 70 71 72 73 74 75
(46,*) 0 1 2 3 4 5 6 7 8 9 10 11 12 13 14 15 16 17 18 19 20 21 42 43 44 45 47 48 49 50 51 52 53 54 55 56 57 58 59 60 61 62 63 64 65 66 67 68 69 70 71 72 73 74 75
(47,*) 0 1 2 3 4 5 6 7 8 9 10 11 12 13 14 15 16 17 18 19 20 21 42 43 44 45 46 48 49 50 51 52 53 54 55 56 57 58 59 60 61 62 63 64 65 66 67 68 69 70 71 72 73 74 75
(48,*) 0 1 2 3 4 5 6 7 8 9 10 11 12 13 14 15 16 17 18 19 20 21 42 43 44 45 46 47 49 50 51 52 53 54 55 56 57 58 59 60 61 62 63 64 65 66 67 68 69 70 71 72 73 74 75
(49,*) 0 1 2 3 4 5 6 7 8 9 10 11 12 13 14 15 16 17 18 19 20 21 42 43 44 45 46 47 48 50 51 52 53 54 55 56 57 58 59 60 61 62 63 64 65 66 67 68 69 70 71 72 73 74 75
(50,*) 0 1 2 3 4 5 6 7 8 9 10 11 12 13 14 15 16 17 18 19 20 21 42 43 44 45 46 47 48 49 51 52 53 54 55 56 57 58 59 60 61 62 63 64 65 66 67 68 69 70 71 72 73 74 75
(51,*) 0 1 2 3 4 5 6 7 8 9 10 11 12 13 14 15 16 17 18 19 20 21 42 43 44 45 46 47 48 49 50 52 53 54 55 56 57 58 59 60 61 62 63 64 65 66 67 68 69 70 71 72 73 74 75
(52,*) 0 1 2 3 4 5 6 7 8 9 10 11 12 13 14 15 16 17 18 19 20 21 42 43 44 45 46 47 48 49 50 51 53 54 55 56 57 58 59 60 61 62 63 64 65 66 67 68 69 70 71 72 73 74 75
(53,*) 0 1 2 3 4 5 6 7 8 9 10 11 12 13 14 15 16 17 18 19 20 21 42 43 44 45 46 47 48 49 50 51 52 54 55 56 57 58 59 60 61 62 63 64 65 66 67 68 69 70 71 72 73 74 75
(54,*) 0 1 2 3 4 5 6 7 8 9 10 11 12 13 14 15 16 17 18 19 20 21 42 43 44 45 46 47 48 49 50 51 52 53 55 56 57 58 59 60 61 62 63 64 65 66 67 68 69 70 71 72 73 74 75
(55,*) 0 1 2 3 4 5 6 7 8 9 10 11 12 13 14 15 16 17 18 19 20 21 42 43 44 45 46 47 48 49 50 51 52 53 54 56 57 58 59 60 61 62 63 64 65 66 67 68 69 70 71 72 73 74 75
(56,*) 0 1 2 3 4 5 6 7 8 9 10 11 12 13 14 15 16 17 18 19 20 21 42 43 44 45 46 47 48 49 50 51 52 53 54 55 57 58 59 60 61 62 63 64 65 66 67 68 69 70 71 72 73 74 75
(57,*) 0 1 2 3 4 5 6 7 8 9 10 11 12 13 14 15 16 17 18 19 20 21 42 43 44 45 46 47 48 49 50 51 52 53 54 55 56 58 59 60 61 62 63 64 65 66 67 68 69 70 71 72 73 74 75
(58,*) 0 1 2 3 4 5 6 7 8 9 10 11 12 13 14 15 16 17 18 19 20 21 42 43 44 45 46 47 48 49 50 51 52 53 54 55 56 57 59 60 61 62 63 64 65 66 67 68 69 70 71 72 73 74 75
(59,*) 0 1 2 3 4 5 6 7 8 9 10 11 12 13 14 15 16 17 18 19 20 21 42 43 44 45 46 47 48 49 50 51 52 53 54 55 56 57 58 60 61 62 63 64 65 66 67 68 69 70 71 72 73 74 75
(60,*) 0 1 2 3 4 5 6 7 8 9 10 11 12 13 14 15 16 17 18 19 20 21 42 43 44 45 46 47 48 49 50 51 52 53 54 55 56 57 58 59 61 62 63 64 65 66 67 68 69 70 71 72 73 74 75
(61,*) 0 1 2 3 4 5 6 7 8 9 10 11 12 13 14 15 16 17 18 19 20 21 42 43 44 45 46 47 48 49 50 51 52 53 54 55 56 57 58 59 60 62 63 64 65 66 67 68 69 70 71 72 73 74 75
(62,*) 0 1 2 3 4 5 6 7 8 9 10 11 12 13 14 15 16 17 18 19 20 21 42 43 44 45 46 47 48 49 50 51 52 53 54 55 56 57 58 59 60 61 63 64 65 66 67 68 69 70 71 72 73 74 75
(63,*) 0 1 2 3 4 5 6 7 8 9 10 11 12 13 14 15 16 17 18 19 20 21 42 43 44 45 46 47 48 49 50 51 52 53 54 55 56 57 58 59 60 61 62 64 65 66 67 68 69 70 71 72 73 74 75
(64,*) 0 1 2 3 4 5 6 7 8 9 10 11 12 13 14 15 16 17 18 19 20 21 42 43 44 45 46 47 48 49 50 51 52 53 54 55 56 57 58 59 60 61 62 63 65 66 67 68 69 70 71 72 73 74 75
(65,*) 0 1 2 3 4 5 6 7 8 9 10 11 12 13 14 15 16 17 18 19 20 21 42 43 44 45 46 47 48 49 50 51 52 53 54 55 56 57 58 59 60 61 62 63 64 66 67 68 69 70 71 72 73 74 75
(66,*) 0 1 2 3 4 5 6 7 8 9 10 11 12 13 14 15 16 17 18 19 20 21 42 43 44 45 46 47 48 49 50 51 52 53 54 55 56 57 58 59 60 61 62 63 64 65 67 68 69 70 71 72 73 74 75
(67,*) 0 1 2 3 4 5 6 7 8 9 10 11 12 13 14 15 16 17 18 19 20 21 42 43 44 45 46 47 48 49 50 51 52 53 54 55 56 57 58 59 60 61 62 63 64 65 66 68 69 70 71 72 73 74 75
(68,*) 0 1 2 3 4 5 6 7 8 9 10 11 12 13 14 15 16 17 18 19 20 21 42 43 44 45 46 47 48 49 50 51 52 53 54 55 56 57 58 59 60 61 62 63 64 65 66 67 69 70 71 72 73 74 75
(69,*) 0 1 2 3 4 5 6 7 8 9 10 11 12 13 14 15 16 17 18 19 20 21 42 43 44 45 46 47 48 49 50 51 52 53 54 55 56 57 58 59 60 61 62 63 64 65 66 67 68 70 71 72 73 74 75
(70,*) 0 1 2 3 4 5 6 7 8 9 10 11 12 13 14 15 16 17 18 19 20 21 42 43 44 45 46 47 48 49 50 51 52 53 54 55 56 57 58 59 60 61 62 63 64 65 66 67 68 69 71 72 73 74 75
(71,*) 0 1 2 3 4 5 6 7 8 9 10 11 12 13 14 15 16 17 18 19 20 21 42 43 44 45 46 47 48 49 50 51 52 53 54 55 56 57 58 59 60 61 62 63 64 65 66 67 68 69 70 72 73 74 75
(72,*) 0 1 2 3 4 5 6 7 8 9 10 11 12 13 14 15 16 17 18 19 20 21 42 43 44 45 46 47 48 49 50 51 52 53 54 55 56 57 58 59 60 61 62 63 64 65 66 67 68 69 70 71 73 74 75
(73,*) 0 1 2 3 4 5 6 7 8 9 10 11 12 13 14 15 16 17 18 19 20 21 42 43 44 45 46 47 48 49 50 51 52 53 54 55 56 57 58 59 60 61 62 63 64 65 66 67 68 69 70 71 72 74 75
(74,*) 0 1 2 3 4 5 6 7 8 9 10 11 12 13 14 15 16 17 18 19 20 21 42 43 44 45 46 47 48 49 50 51 52 53 54 55 56 57 58 59 60 61 62 63 64 65 66 67 68 69 70 71 72 73 75
(75,*) 0 1 2 3 4 5 6 7 8 9 10 11 12 13 14 15 16 17 18 19 20 21 42 43 44 45 46 47 48 49 50 51 52 53 54 55 56 57 58 59 60 61 62 63 64 65 66 67 68 69 70 71 72 73 74
;
param BigM:=99999;
param n:= 8;
param d:=
1	18
2	8
3	7
4	11
5	7
6	2
7	22
8	6
9	14
10	20
11	19
12	26
13	23
14	16
15	10
16	9
17	21
18	16
19	6
20	2
21	26
22	7
23	1
24	2
25	22
26	23
27	4
28	3
29	20
30	12
31	2
32	14
33	18
34	18
35	4
36	3
37	24
38	19
39	2
40	21
41	7
42	26
43	16
44	4
45	9
46	9
47	16
48	6
49	1
50	12
51	11
52	2
53	9
54	2
55	16
56	24
57	12
58	2
59	23
60	16
61	2
;
param Q:=100;
param e:
	62	63	64	65	66	67	68	69	70	71	72	73	74	75:=
22		0		0		0		0		0		0		0		0		0		0		0		0		1		0	
23		0		0		0		0		0		0		0		1		0		0		0		0		0		0	
24		0		0		0		0		0		0		0		1		0		0		0		0		0		0	
25		0		0		0		0		0		0		0		1		0		0		0		0		0		0	
26		0		0		0		1		0		0		0		0		0		0		0		0		0		0	
27		0		0		1		0		0		1		0		0		0		0		0		0		0		0	
28		1		0		0		0		0		0		0		0		0		0		0		0		0		0	
29		0		0		0		1		0		0		0		0		0		0		0		0		0		0	
30		0		0		0		0		1		0		0		0		0		0		0		0		0		0	
31		0		0		0		0		0		0		0		1		0		0		0		0		0		0	
32		0		0		0		0		0		0		1		0		0		0		0		0		0		0	
33		0		0		0		0		0		0		0		0		0		1		0		0		1		0	
34		0		0		0		1		0		0		0		0		0		0		0		0		0		0	
35		0		0		0		1		0		0		0		1		0		0		1		0		0		0	
36		0		0		0		0		0		0		0		0		0		0		0		0		1		0	
37		1		0		0		0		1		0		0		0		0		0		0		0		0		0	
38		0		0		0		0		0		0		0		0		0		0		0		0		1		0	
39		1		0		0		0		1		0		0		0		0		0		0		0		0		0	
40		0		0		0		0		0		1		0		0		0		1		0		0		0		0	
41		0		1		0		0		0		0		0		0		0		0		0		1		0		0	
42		1		0		0		0		1		0		1		0		0		0		0		0		0		0	
43		1		0		0		0		1		0		0		0		0		0		0		0		0		0	
44		0		0		0		0		0		0		0		0		0		0		0		1		0		0	
45		0		0		0		0		0		0		0		0		1		0		0		0		0		0	
46		0		0		0		0		1		0		1		0		0		0		0		0		0		0	
47		0		0		0		0		0		0		0		0		0		0		0		1		0		0	
48		0		0		0		0		0		0		0		1		0		0		1		1		0		0	
49		0		0		0		0		0		0		0		0		0		0		0		0		1		0	
50		0		0		0		0		1		0		0		0		0		0		0		0		0		0	
51		0		0		1		0		0		1		0		0		0		0		0		0		0		0	
52		0		0		0		0		0		0		1		0		0		1		1		0		0		0	
53		0		1		0		0		0		0		0		0		1		0		0		0		0		0	
54		0		0		0		0		0		0		1		0		0		1		1		0		0		0	
55		1		0		0		0		1		0		0		0		0		0		0		0		0		0	
56		0		0		0		0		0		0		0		1		0		0		1		1		0		0	
57		0		0		1		0		0		1		0		0		0		0		0		0		0		0	
58		0		0		0		0		0		0		0		1		0		0		1		1		0		0	
59		0		0		0		0		0		0		0		1		0		0		1		1		0		0	
60		0		0		0		0		0		1		0		0		0		0		0		0		0		0	
61		0		0		0		0		0		0		1		0		0		0		1		0		0		0	
;
param p:=
1	3
2	3
3	3
4	3
5	3
6	3
7	3
8	3
;
param G:=
62	91
63	88
64	96
65	78
66	93
67	99
68	76
69	81
70	91
71	71
72	86
73	72
74	84
75	83
;
param s:=
0	0
1	10
2	10
3	10
4	10
5	10
6	10
7	10
8	10
9	10
10	10
11	10
12	10
13	10
14	10
15	10
16	10
17	10
18	10
19	10
20	10
21	10
42	10
43	10
44	10
45	10
46	10
47	10
48	10
49	10
50	10
51	10
52	10
53	10
54	10
55	10
56	10
57	10
58	10
59	10
60	10
61	10
62	10
63	10
64	10
65	10
66	10
67	10
68	10
69	10
70	10
71	10
72	10
73	10
74	10
75	10
;
param t:
	0	1	2	3	4	5	6	7	8	9	10	11	12	13	14	15	16	17	18	19	20	21	22	23	24	25	26	27	28	29	30	31	32	33	34	35	36	37	38	39	40	41	42	43	44	45	46	47	48	49	50	51	52	53	54	55	56	57	58	59	60	61	62	63	64	65	66	67	68	69	70	71	72	73	74	75:=
0	0.0	46.75	94.89	51.48	52.35	13.89	52.39	85.44	66.12	43.91	93.98	26.68	43.28	81.01	50.7	51.97	70.18	64.9	18.11	25.08	74.09	99.81	80.4	38.63	40.31	3.16	37.01	101.98	52.8	39.12	102.0	2.0	55.46	91.27	40.52	37.74	98.98	83.41	83.01	75.03	72.8	39.2	66.13	85.48	9.43	47.27	73.76	24.08	29.12	95.34	102.16	75.61	59.03	53.08	56.44	95.52	28.44	94.89	25.0	31.02	67.21	52.24	74.63	40.22	97.86	44.72	85.0	77.82	62.97	27.59	52.77	84.29	42.15	29.07	105.93	55.22
1	46.75	0.0	66.73	34.41	73.17	46.1	16.4	42.45	46.75	73.55	88.73	26.57	63.03	40.2	82.87	11.18	24.6	23.02	62.43	24.19	72.72	96.83	55.95	21.59	31.32	44.05	32.06	99.81	21.4	14.14	60.42	45.45	21.95	73.24	20.4	15.03	63.13	38.48	62.13	39.81	71.34	66.37	33.24	44.41	50.25	86.02	42.72	65.74	27.17	61.81	63.2	72.95	46.4	74.17	48.88	52.89	30.15	96.25	28.86	34.0	82.98	36.62	32.39	68.47	92.96	12.08	44.28	79.26	39.2	19.42	82.3	67.62	20.62	54.74	76.92	10.05
2	94.89	66.73	0.0	43.42	77.23	84.4	80.96	39.66	29.41	88.23	46.39	88.96	73.5	34.71	96.05	75.15	52.63	46.14	100.88	84.59	47.17	54.08	14.87	58.01	54.59	91.79	97.98	57.04	46.87	61.52	35.23	92.91	45.35	20.22	86.98	62.39	18.0	47.2	16.28	27.78	46.87	82.68	33.53	33.84	91.44	107.34	24.04	99.16	66.19	12.17	27.0	45.28	38.08	77.9	42.94	37.95	66.48	60.02	70.26	64.13	74.2	42.76	41.11	84.6	49.09	78.77	33.02	52.77	32.06	74.24	92.2	22.36	55.08	78.79	11.05	69.77
3	51.48	34.41	43.42	0.0	47.43	41.44	50.8	44.29	15.3	53.54	54.49	48.85	39.36	37.74	62.77	45.49	39.05	29.15	58.6	44.01	38.47	62.48	29.02	16.55	11.18	48.37	60.03	65.44	15.3	22.8	56.59	49.5	17.03	42.38	51.22	23.02	49.24	46.49	32.56	27.59	37.12	46.62	19.42	41.62	48.38	70.94	23.85	57.98	23.02	44.78	54.2	38.59	12.04	48.38	14.87	52.2	23.09	61.91	27.0	20.88	53.04	2.24	35.11	48.83	58.73	45.28	40.8	45.19	11.7	33.24	60.37	35.85	15.0	38.95	54.45	42.49
4	52.35	73.17	77.23	47.43	0.0	39.2	87.3	91.39	51.61	14.0	52.24	70.68	10.44	84.58	19.24	83.6	85.7	76.16	42.94	66.31	34.79	55.08	63.66	52.0	43.19	51.09	83.63	56.32	61.19	59.08	101.55	50.99	63.56	63.13	80.96	58.14	90.14	93.92	61.07	73.36	34.18	13.89	66.31	88.1	43.14	32.28	67.74	36.77	46.69	84.29	97.2	37.0	42.72	1.0	36.89	98.41	43.74	47.68	46.57	39.32	15.26	45.88	82.54	13.93	55.04	79.62	87.21	34.23	55.47	59.2	15.0	57.14	54.08	23.6	86.4	83.1
5	13.89	46.1	84.4	41.44	39.2	0.0	55.73	80.06	55.11	32.57	80.32	33.54	29.7	74.81	40.61	53.85	67.01	60.11	17.8	30.07	60.41	86.01	69.63	31.89	30.46	12.04	45.88	88.14	46.23	35.0	95.44	12.21	49.04	79.0	46.01	33.6	90.38	79.25	71.45	67.23	59.14	26.83	58.31	79.2	7.07	40.61	64.88	19.72	21.93	86.16	94.51	61.98	47.27	40.0	44.0	89.64	20.0	81.01	18.44	20.62	53.76	41.76	69.35	28.23	84.15	47.68	78.6	63.98	53.14	27.2	41.76	72.0	35.47	15.62	95.34	55.71
6	52.39	16.4	80.96	50.8	87.3	55.73	0.0	51.04	62.94	86.01	105.12	26.63	76.94	50.8	95.02	5.83	32.06	35.11	69.89	27.31	89.04	113.23	71.28	37.16	47.01	50.33	24.6	116.21	37.48	29.55	69.0	51.62	37.64	89.02	13.45	30.08	74.95	45.1	77.8	53.31	87.66	79.06	48.02	54.45	58.24	96.34	57.31	74.46	40.61	74.63	73.44	89.31	62.8	88.28	65.19	61.01	43.57	112.61	41.11	48.05	98.08	53.01	42.76	81.02	109.34	8.06	54.59	95.52	55.23	29.02	95.05	83.63	36.72	67.01	90.62	11.4
7	85.44	42.45	39.66	44.29	91.39	80.06	51.04	0.0	42.43	97.75	80.6	68.96	83.65	7.07	107.04	46.01	19.0	20.59	97.84	66.13	73.06	89.05	38.83	48.17	52.01	82.38	73.55	92.2	33.94	46.32	18.11	83.76	31.11	56.3	61.4	47.71	26.63	7.81	46.32	19.1	72.11	90.74	25.08	5.83	86.05	114.62	26.02	98.99	58.14	29.0	22.8	72.01	49.73	92.31	55.36	10.44	60.14	92.66	61.85	60.88	94.83	45.62	10.82	92.96	84.17	52.35	6.71	80.02	36.4	58.59	104.66	54.34	44.6	82.01	45.97	40.01
8	66.12	46.75	29.41	15.3	51.61	55.11	62.94	42.43	0.0	60.83	43.05	63.91	45.97	35.36	69.35	57.28	43.97	34.18	71.47	59.14	31.14	51.48	14.56	31.62	26.02	63.07	74.69	54.59	25.46	37.12	50.12	64.12	25.61	27.31	65.19	37.58	38.9	47.0	17.26	23.35	30.07	54.67	19.42	38.08	62.17	79.51	16.76	69.86	38.21	33.42	45.61	30.41	9.22	52.43	14.87	47.76	38.01	52.81	42.11	35.13	52.81	14.04	36.12	56.73	47.17	58.41	37.11	38.21	8.06	48.38	66.07	21.1	29.55	49.65	40.26	53.26
9	43.91	73.55	88.23	53.54	14.0	32.57	86.01	97.75	60.83	0.0	66.19	65.97	14.87	91.27	9.49	83.1	89.54	80.62	31.24	62.17	48.27	69.07	74.03	53.85	46.62	43.38	78.45	70.26	65.39	60.02	109.64	42.94	68.03	75.64	77.78	58.86	99.72	99.28	72.4	80.8	47.54	7.28	72.95	95.13	34.48	19.24	75.93	24.41	46.39	94.18	106.15	50.45	51.62	14.04	46.01	105.68	43.42	61.52	45.04	40.02	28.16	52.43	88.12	5.1	69.03	78.03	94.3	48.17	63.25	57.04	9.22	69.32	56.61	19.0	97.94	83.6
10	93.98	88.73	46.39	54.49	52.24	80.32	105.12	80.6	43.05	66.19	0.0	101.02	55.23	73.98	70.41	99.64	86.41	76.92	91.24	96.02	19.92	8.54	41.77	70.09	61.22	91.55	113.23	11.7	68.01	77.08	81.02	92.11	68.51	26.17	105.42	77.1	64.28	86.83	34.37	62.64	21.19	64.03	61.74	75.13	86.68	84.17	55.66	86.47	72.67	58.14	73.25	18.38	42.45	52.35	41.23	82.22	71.02	13.93	75.47	66.37	41.11	52.35	77.16	65.0	4.24	99.76	74.15	18.03	51.11	85.6	65.51	26.31	69.3	67.47	49.98	96.02
11	26.68	26.57	88.96	48.85	70.68	33.54	26.63	68.96	63.91	65.97	101.02	0.0	60.37	66.29	74.15	27.59	51.08	49.03	44.72	5.0	82.33	108.23	76.16	32.31	39.96	25.18	13.04	110.89	42.19	27.46	86.83	26.31	44.05	91.18	13.93	26.68	88.14	65.0	80.96	64.01	80.92	59.77	56.08	70.61	34.01	73.01	65.28	50.16	28.43	86.01	89.11	83.24	59.94	71.59	59.91	79.4	30.41	105.42	26.17	35.36	83.86	50.57	58.69	61.4	105.21	19.8	70.41	87.73	57.97	15.65	75.19	84.69	34.48	47.76	99.72	32.2
12	43.28	63.03	73.5	39.36	10.44	29.7	76.94	83.65	45.97	14.87	55.23	60.37	0.0	77.03	23.6	73.33	76.66	67.36	36.4	55.95	36.01	59.44	59.2	42.11	33.73	41.73	73.36	61.13	52.2	49.0	95.0	41.77	54.71	61.68	70.52	48.01	84.86	85.62	57.8	66.29	35.06	9.49	58.67	80.78	34.41	33.84	61.22	31.26	36.35	79.31	91.35	38.05	36.77	11.4	31.14	91.27	33.38	53.14	36.14	29.07	24.08	38.08	74.32	11.18	58.55	69.23	79.92	37.48	48.6	48.76	21.02	55.15	44.41	14.21	83.35	73.01
13	81.01	40.2	34.71	37.74	84.58	74.81	50.8	7.07	35.36	91.27	73.98	66.29	77.03	0.0	100.5	45.4	19.31	17.26	92.62	63.06	66.03	82.46	32.28	43.01	46.01	77.9	72.03	85.62	28.6	42.05	21.02	79.26	25.81	50.16	60.0	43.38	24.35	13.0	39.85	12.04	65.07	84.31	18.36	4.47	81.02	108.41	19.0	93.43	53.01	25.24	23.02	65.0	42.72	85.49	48.38	14.87	54.82	85.84	56.86	55.17	87.8	38.95	8.06	86.53	77.62	51.01	4.12	73.01	29.41	54.78	98.01	47.8	39.41	75.93	42.2	39.46
14	50.7	82.87	96.05	62.77	19.24	40.61	95.02	107.04	69.35	9.49	70.41	74.15	23.6	100.5	0.0	92.27	99.02	90.08	35.81	70.58	53.85	72.25	82.13	63.32	56.08	50.6	86.35	73.06	74.85	69.43	118.6	49.98	77.47	82.37	86.37	68.25	108.21	108.69	80.0	89.87	53.31	16.76	82.15	104.31	41.44	14.0	84.81	28.6	55.73	102.53	114.87	56.08	60.21	18.79	54.49	114.83	52.77	64.01	54.23	49.48	30.02	61.59	97.49	14.56	72.84	87.01	103.46	52.63	72.2	66.01	5.0	76.32	66.1	28.16	105.44	92.91
15	51.97	11.18	75.15	45.49	83.6	53.85	5.83	46.01	57.28	83.1	99.64	27.59	73.33	45.4	92.27	0.0	27.02	29.41	68.94	27.2	83.86	107.8	65.46	32.57	42.38	49.65	28.16	110.8	31.83	25.0	64.07	51.0	31.89	83.24	16.16	25.71	69.43	40.45	72.01	47.54	82.49	76.03	42.19	49.16	57.01	94.37	51.48	73.05	37.05	68.96	68.18	84.06	57.43	84.59	60.03	56.14	40.05	107.38	38.05	44.28	93.86	47.71	37.34	78.06	103.86	7.81	49.25	90.43	49.52	26.68	92.02	77.9	31.78	64.12	84.86	6.0
16	70.18	24.6	52.63	39.05	85.7	67.01	32.06	19.0	43.97	89.54	86.41	51.08	76.66	19.31	99.02	27.02	0.0	10.05	84.39	48.76	74.73	94.94	46.62	36.24	43.01	67.27	54.74	98.09	24.52	32.02	37.05	68.68	22.2	65.22	42.58	33.42	43.66	13.93	54.08	25.5	73.55	82.28	24.7	22.56	72.25	104.66	31.62	86.61	45.49	44.29	41.44	74.22	48.37	86.68	53.08	29.15	48.02	96.77	48.6	50.09	92.09	41.01	11.66	84.5	90.38	33.54	22.8	81.79	36.14	42.64	97.42	61.4	33.11	72.01	61.06	21.02
17	64.9	23.02	46.14	29.15	76.16	60.11	35.11	20.59	34.18	80.62	76.92	49.03	67.36	17.26	90.08	29.41	10.05	0.0	77.79	45.88	64.76	85.43	38.21	28.43	34.01	61.85	55.01	88.57	15.23	25.81	37.95	63.25	12.65	56.73	43.1	27.2	40.31	19.21	45.45	18.36	63.56	73.41	15.26	21.59	65.86	96.38	23.35	79.4	38.21	39.56	40.2	64.29	38.33	77.13	43.05	30.87	40.46	86.98	41.73	41.88	82.15	31.06	9.85	75.64	80.95	34.23	21.38	71.81	26.25	38.01	88.26	52.43	25.0	63.63	55.54	23.77
18	18.11	62.43	100.88	58.6	42.94	17.8	69.89	97.84	71.47	31.24	91.24	44.72	36.4	92.62	35.81	68.94	84.39	77.79	0.0	42.72	71.57	95.8	86.02	49.68	47.89	19.65	55.01	97.53	64.03	52.4	113.23	18.44	66.84	93.65	58.46	50.99	107.78	96.88	87.1	84.91	70.46	29.07	76.01	97.01	12.21	29.83	82.3	7.21	39.7	103.37	112.16	73.44	63.06	43.42	59.03	107.45	37.8	89.49	36.07	38.08	58.18	58.69	87.11	29.15	94.73	62.03	96.4	73.76	70.26	43.05	38.95	86.7	53.26	24.02	111.68	71.59
19	25.08	24.19	84.59	44.01	66.31	30.07	27.31	66.13	59.14	62.17	96.02	5.0	55.95	63.06	70.58	27.2	48.76	45.88	42.72	0.0	77.34	103.23	71.59	27.51	34.99	23.09	17.8	105.89	38.01	23.09	83.82	24.35	40.01	86.38	16.03	22.2	84.38	62.61	76.24	60.13	75.93	55.79	52.0	67.45	31.4	70.18	61.07	47.68	23.43	82.02	85.7	78.24	55.01	67.23	54.92	76.55	25.46	100.45	21.26	30.41	79.26	45.69	55.66	57.49	100.21	19.72	67.19	82.76	53.37	10.77	71.39	79.85	29.83	43.68	95.43	31.11
20	74.09	72.72	47.17	38.47	34.79	60.41	89.04	73.06	31.14	48.27	19.92	82.33	36.01	66.03	53.85	83.86	74.73	64.76	71.57	77.34	0.0	26.08	36.69	52.63	43.19	71.69	94.85	28.6	53.31	60.0	77.88	72.24	54.42	29.73	87.86	59.82	63.16	78.06	31.3	54.01	1.41	45.18	50.49	68.26	66.76	67.05	47.04	67.07	53.91	56.86	71.51	2.24	26.93	35.11	23.85	77.1	52.01	23.6	56.4	47.2	27.59	36.24	67.27	46.39	23.77	83.01	67.27	7.07	38.64	67.21	49.24	25.0	52.43	47.68	54.56	80.95
21	99.81	96.83	54.08	62.48	55.08	86.01	113.23	89.05	51.48	69.07	8.54	108.23	59.44	82.46	72.25	107.8	94.94	85.43	95.8	103.23	26.08	0.0	50.22	77.78	68.68	97.51	120.62	3.16	76.28	84.9	89.01	97.99	76.85	34.0	113.14	84.86	72.06	95.34	42.76	71.17	27.46	67.74	70.26	83.55	92.11	86.21	64.2	90.61	79.81	66.01	81.06	25.0	50.45	55.04	48.8	90.45	78.01	9.43	82.42	73.24	42.3	60.31	85.7	68.47	5.0	107.71	82.57	22.14	59.54	92.96	67.27	34.71	77.16	72.42	56.75	104.29
22	80.4	55.95	14.87	29.02	63.66	69.63	71.28	38.83	14.56	74.03	41.77	76.16	59.2	32.28	82.13	65.46	46.62	38.21	86.02	71.59	36.69	50.22	0.0	44.41	40.11	77.32	86.03	53.37	34.93	48.76	41.23	78.41	34.0	18.6	75.64	49.48	26.93	45.22	7.62	21.47	36.06	68.24	23.43	33.38	76.69	93.01	15.0	84.31	52.0	20.81	34.93	35.17	23.26	64.38	28.3	41.05	52.09	54.08	56.01	49.5	62.27	28.16	36.24	70.21	45.35	68.0	32.39	43.17	18.25	61.0	78.49	15.52	41.77	63.98	25.71	60.61
23	38.63	21.59	58.01	16.55	52.0	31.89	37.16	48.17	31.62	53.85	70.09	32.31	42.11	43.01	63.32	32.57	36.24	28.43	49.68	27.51	52.63	77.78	44.41	0.0	9.85	35.47	43.57	80.62	14.42	7.62	63.81	36.77	17.2	58.87	35.36	7.21	60.44	47.63	48.76	36.4	51.22	46.57	27.51	47.43	38.01	68.43	35.51	50.99	10.0	57.07	63.56	53.15	28.02	53.0	29.0	57.8	12.04	76.22	13.89	13.93	61.39	18.36	37.48	48.76	74.33	30.53	46.87	58.82	26.17	16.76	62.17	52.39	3.61	35.85	69.0	31.26
24	40.31	31.32	54.59	11.18	43.19	30.46	47.01	52.01	26.02	46.62	61.22	39.96	33.73	46.01	56.08	42.38	43.01	34.01	47.89	34.99	43.19	68.68	40.11	9.85	0.0	37.22	52.01	71.45	18.79	17.46	65.95	38.33	21.47	52.39	44.69	17.0	59.93	52.84	43.19	37.2	41.77	39.4	28.43	50.21	37.34	62.68	34.44	47.8	12.37	55.71	64.35	43.84	20.25	44.18	20.0	60.83	12.0	66.71	16.12	9.85	51.79	12.0	41.88	41.63	65.44	40.31	49.5	49.2	22.8	24.41	54.41	45.61	11.05	30.0	65.62	40.79
25	3.16	44.05	91.79	48.37	51.09	12.04	50.33	82.38	63.07	43.38	91.55	25.18	41.73	77.9	50.6	49.65	67.27	61.85	19.65	23.09	71.69	97.51	77.32	35.47	37.22	0.0	36.22	99.73	49.66	36.06	98.88	1.41	52.33	88.36	38.83	34.67	95.82	80.43	80.0	71.87	70.38	38.28	62.97	82.37	9.22	48.04	70.6	25.02	25.96	92.18	99.01	73.16	56.08	51.86	53.6	92.44	25.32	92.78	21.84	28.0	65.76	49.16	71.56	39.45	95.46	42.54	81.88	75.59	59.84	24.76	52.39	81.39	39.0	27.59	102.83	52.7
26	37.01	32.06	97.98	60.03	83.63	45.88	24.6	73.55	74.69	78.45	113.23	13.04	73.36	72.03	86.35	28.16	54.74	55.01	55.01	17.8	94.85	120.62	86.03	43.57	52.01	36.22	0.0	123.33	51.24	37.58	91.66	37.12	52.63	101.98	12.17	37.12	95.19	68.45	91.39	71.7	93.43	72.45	64.54	76.11	45.4	84.21	73.98	61.07	41.01	93.77	95.05	95.67	71.56	84.53	72.01	83.86	43.19	118.09	39.05	48.17	96.9	61.91	64.07	74.0	117.44	21.21	76.06	100.41	68.15	27.66	87.64	95.71	45.18	60.54	108.47	33.96
27	101.98	99.81	57.04	65.44	56.32	88.14	116.21	92.2	54.59	70.26	11.7	110.89	61.13	85.62	73.06	110.8	98.09	88.57	97.53	105.89	28.6	3.16	53.37	80.62	71.45	99.73	123.33	0.0	79.32	87.78	92.02	100.18	79.92	37.01	115.97	87.73	75.03	98.49	45.89	74.33	30.0	69.23	73.41	86.68	94.15	87.05	67.36	92.2	82.46	69.0	84.02	27.66	53.41	56.22	51.62	93.54	80.6	9.22	85.0	75.8	43.05	63.25	88.87	69.87	8.06	110.63	85.7	24.17	62.65	95.67	68.07	37.85	80.06	74.33	59.44	107.34
28	52.8	21.4	46.87	15.3	61.19	46.23	37.48	33.94	25.46	65.39	68.01	42.19	52.2	28.6	74.85	31.83	24.52	15.23	64.03	38.01	53.31	76.28	34.93	14.42	18.79	49.66	51.24	79.32	0.0	15.03	49.4	50.99	2.83	51.87	40.72	16.12	46.87	34.13	40.82	22.56	52.0	58.18	14.04	33.02	52.43	81.3	23.09	65.05	24.41	44.1	49.4	53.23	26.4	62.17	30.08	43.42	26.25	76.48	28.3	27.02	68.01	17.46	23.43	60.42	72.2	33.29	32.45	60.17	17.8	28.16	73.05	46.23	10.82	48.55	57.56	28.02
29	39.12	14.14	61.52	22.8	59.08	35.0	29.55	46.32	37.12	60.02	77.08	27.46	49.0	42.05	69.43	25.0	32.02	25.81	52.4	23.09	60.0	84.9	48.76	7.62	17.46	36.06	37.58	87.78	15.03	0.0	63.07	37.44	17.26	64.4	28.43	1.41	61.81	44.6	53.85	37.48	58.6	52.77	29.07	46.52	40.31	73.54	38.01	54.64	13.93	59.14	63.89	60.44	34.71	60.07	36.24	56.44	16.76	83.6	16.64	20.1	68.88	24.84	35.51	54.92	81.32	23.02	46.1	66.29	30.68	13.15	68.59	58.18	7.81	41.48	72.34	24.02
30	102.0	60.42	35.23	56.59	101.55	95.44	69.0	18.11	50.12	109.64	81.02	86.83	95.0	21.02	118.6	64.07	37.05	37.95	113.23	83.82	77.88	89.01	41.23	63.81	65.95	98.88	91.66	92.02	49.4	63.07	0.0	100.24	46.65	55.01	79.51	64.4	17.46	24.19	47.52	29.0	77.2	102.94	37.54	16.55	101.79	127.48	33.84	113.7	73.78	23.09	8.94	76.4	58.83	102.4	64.66	8.06	75.45	94.26	77.7	75.43	102.55	57.38	28.16	105.12	84.01	70.46	17.0	84.4	46.4	75.77	115.68	55.33	60.21	95.46	37.16	58.08
31	2.0	45.45	92.91	49.5	50.99	12.21	51.62	83.76	64.12	42.94	92.11	26.31	41.77	79.26	49.98	51.0	68.68	63.25	18.44	24.35	72.24	97.99	78.41	36.77	38.33	1.41	37.12	100.18	50.99	37.44	100.24	0.0	53.67	89.27	40.02	36.06	97.08	81.84	81.01	73.16	70.94	38.01	64.26	83.73	8.54	47.1	71.84	24.0	27.2	93.41	100.32	73.74	57.04	51.74	54.45	93.81	26.48	93.15	23.09	29.02	65.76	50.25	72.95	39.12	96.01	43.86	83.24	76.03	61.0	26.17	51.89	82.3	40.31	27.59	103.95	54.08
32	55.46	21.95	45.35	17.03	63.56	49.04	37.64	31.11	25.61	68.03	68.51	44.05	54.71	25.81	77.47	31.89	22.2	12.65	66.84	40.01	54.42	76.85	34.0	17.2	21.47	52.33	52.63	79.92	2.83	17.26	46.65	53.67	0.0	51.4	41.79	18.44	44.55	31.38	40.22	20.22	53.14	60.84	12.04	30.23	55.22	84.06	21.38	67.88	27.2	42.01	46.82	54.23	27.51	64.54	31.58	40.61	29.07	77.39	31.06	29.83	70.01	19.1	20.62	63.07	72.67	34.0	29.68	61.35	17.69	30.41	75.61	46.01	13.6	51.31	55.9	27.66
33	91.27	73.24	20.22	42.38	63.13	79.0	89.02	56.3	27.31	75.64	26.17	91.18	61.68	50.16	82.37	83.24	65.22	56.73	93.65	86.38	29.73	34.0	18.6	58.87	52.39	88.36	101.98	37.01	51.87	64.4	55.01	89.27	51.4	0.0	92.28	64.88	38.12	63.16	11.31	39.96	29.83	71.17	41.73	50.6	86.01	94.85	33.6	90.61	64.76	32.02	47.1	27.59	32.39	63.63	35.0	56.72	64.13	39.81	68.45	60.53	57.31	40.8	54.71	72.8	29.0	85.15	49.65	34.21	34.13	75.61	78.03	7.0	56.86	70.04	25.24	78.64
34	40.52	20.4	86.98	51.22	80.96	46.01	13.45	61.4	65.19	77.78	105.42	13.93	70.52	60.0	86.37	16.16	42.58	43.1	58.46	16.03	87.86	113.14	75.64	35.36	44.69	38.83	12.17	115.97	40.72	28.43	79.51	40.02	41.79	92.28	0.0	28.32	83.38	56.29	81.41	60.21	86.45	71.2	53.45	64.03	47.38	86.21	62.94	63.64	35.36	82.2	83.01	88.46	63.13	81.91	64.35	71.7	38.01	111.4	34.54	42.94	93.11	53.26	52.01	72.99	109.66	9.06	64.01	93.86	58.18	21.93	86.98	86.28	36.24	59.03	97.27	21.84
35	37.74	15.03	62.39	23.02	58.14	33.6	30.08	47.71	37.58	58.86	77.1	26.68	48.01	43.38	68.25	25.71	33.42	27.2	50.99	22.2	59.82	84.86	49.48	7.21	17.0	34.67	37.12	87.73	16.12	1.41	64.4	36.06	18.44	64.88	28.32	0.0	62.97	46.01	54.42	38.64	58.41	51.62	30.15	47.85	38.9	72.24	39.0	53.25	12.65	60.21	65.15	60.31	34.83	59.14	36.12	57.8	15.52	83.41	15.26	19.03	68.15	25.0	36.89	53.76	81.34	23.32	47.42	66.03	31.32	12.04	67.48	58.59	8.06	40.26	73.25	25.0
36	98.98	63.13	18.0	49.24	90.14	90.38	74.95	26.63	38.9	99.72	64.28	88.14	84.86	24.35	108.21	69.43	43.66	40.31	107.78	84.38	63.16	72.06	26.93	60.44	59.93	95.82	95.19	75.03	46.87	61.81	17.46	97.08	44.55	38.12	83.38	62.97	0.0	34.41	31.95	24.33	62.65	93.51	32.98	21.47	97.17	118.34	25.5	107.19	69.89	6.32	9.0	61.47	48.1	90.91	53.74	21.63	70.94	77.78	74.0	69.78	89.19	49.4	32.28	95.59	67.07	74.55	21.02	69.29	37.74	74.97	104.8	39.29	57.01	87.66	20.25	63.56
37	83.41	38.48	47.2	46.49	93.92	79.25	45.1	7.81	47.0	99.28	86.83	65.0	85.62	13.0	108.69	40.45	13.93	19.21	96.88	62.61	78.06	95.34	45.22	47.63	52.84	80.43	68.45	98.49	34.13	44.6	24.19	81.84	31.38	63.16	56.29	46.01	34.41	0.0	52.81	24.33	77.03	92.13	28.28	13.45	84.86	115.43	31.4	98.6	57.38	36.77	30.08	77.16	53.46	94.87	58.86	16.12	59.67	98.48	60.83	61.03	98.48	48.08	11.4	94.37	90.52	47.3	14.21	85.09	40.2	56.04	106.62	60.73	44.2	82.68	53.76	34.53
38	83.01	62.13	16.28	32.56	61.07	71.45	77.8	46.32	17.26	72.4	34.37	80.96	57.8	39.85	80.0	72.01	54.08	45.45	87.1	76.24	31.3	42.76	7.62	48.76	43.19	80.0	91.39	45.89	40.82	53.85	47.52	81.01	40.22	11.31	81.41	54.42	31.95	52.81	0.0	29.07	30.89	67.12	30.41	40.79	78.52	91.59	22.47	84.77	55.44	25.63	40.52	29.55	24.19	61.72	28.16	48.01	55.15	47.0	59.3	52.0	58.01	31.26	43.83	68.96	37.85	74.09	39.81	37.34	23.26	65.52	76.06	8.06	46.49	64.2	25.55	67.36
39	75.03	39.81	27.78	27.59	73.36	67.23	53.31	19.1	23.35	80.8	62.64	64.01	66.29	12.04	89.87	47.54	25.5	18.36	84.91	60.13	54.01	71.17	21.47	36.4	37.2	71.87	71.7	74.33	22.56	37.48	29.0	73.16	20.22	39.96	60.21	38.64	24.33	24.33	29.07	0.0	53.04	74.03	8.94	14.87	73.82	98.49	7.07	85.0	46.1	22.09	27.29	53.01	31.02	74.24	36.77	25.06	47.41	74.15	50.16	46.87	75.96	28.43	14.76	76.22	66.41	51.66	13.93	61.0	17.89	50.64	87.13	36.77	32.89	66.48	37.34	42.05
40	72.8	71.34	46.87	37.12	34.18	59.14	87.66	72.11	30.07	47.54	21.19	80.92	35.06	65.07	53.31	82.49	73.55	63.56	70.46	75.93	1.41	27.46	36.06	51.22	41.77	70.38	93.43	30.0	52.0	58.6	77.2	70.94	53.14	29.83	86.45	58.41	62.65	77.03	30.89	53.04	0.0	44.28	49.37	67.36	65.52	66.41	46.1	66.03	52.5	56.36	70.94	3.0	25.63	34.54	22.47	76.3	50.61	25.0	55.0	45.8	27.59	34.89	66.19	45.54	25.08	81.61	66.37	8.25	37.48	65.8	48.75	24.84	51.04	46.53	54.49	79.61
41	39.2	66.37	82.68	46.62	13.89	26.83	79.06	90.74	54.67	7.28	64.03	59.77	9.49	84.31	16.76	76.03	82.28	73.41	29.07	55.79	45.18	67.74	68.24	46.57	39.4	38.28	72.45	69.23	58.18	52.77	102.94	38.01	60.84	71.17	71.2	51.62	93.51	92.13	67.12	74.03	44.28	0.0	66.03	88.23	29.83	24.84	69.35	23.09	39.2	88.09	99.7	47.27	45.45	14.42	40.0	98.81	36.22	60.88	38.0	32.76	29.15	45.61	81.01	2.24	67.19	71.11	87.42	46.1	56.64	50.16	16.0	64.62	49.34	12.17	92.66	76.42
42	66.13	33.24	33.53	19.42	66.31	58.31	48.02	25.08	19.42	72.95	61.74	56.08	58.67	18.36	82.15	42.19	24.7	15.26	76.01	52.0	50.49	70.26	23.43	27.51	28.43	62.97	64.54	73.41	14.04	29.07	37.54	64.26	12.04	41.73	53.45	30.15	32.98	28.28	30.41	8.94	49.37	66.03	0.0	22.2	64.88	90.27	9.49	76.22	37.16	30.07	36.24	49.82	25.18	67.23	30.59	32.8	38.47	72.12	41.23	38.01	70.21	20.59	17.03	68.24	65.74	45.31	21.4	57.56	12.0	42.19	79.65	37.2	24.04	58.0	43.93	37.2
43	85.48	44.41	33.84	41.62	88.1	79.2	54.45	5.83	38.08	95.13	75.13	70.61	80.78	4.47	104.31	49.16	22.56	21.59	97.01	67.45	68.26	83.55	33.38	47.43	50.21	82.37	76.11	86.68	33.02	46.52	16.55	83.73	30.23	50.6	64.03	47.85	21.47	13.45	40.79	14.87	67.36	88.23	22.2	0.0	85.45	112.45	21.38	97.74	57.43	23.35	19.03	67.12	45.88	89.0	51.62	10.63	59.2	87.37	61.29	59.46	90.8	42.72	12.04	90.44	78.64	55.01	1.0	75.17	32.7	59.24	101.71	48.84	43.83	80.06	40.36	43.19
44	9.43	50.25	91.44	48.38	43.14	7.07	58.24	86.05	62.17	34.48	86.68	34.01	34.41	81.02	41.44	57.01	72.25	65.86	12.21	31.4	66.76	92.11	76.69	38.01	37.34	9.22	45.4	94.15	52.43	40.31	101.79	8.54	55.22	86.01	47.38	38.9	97.17	84.86	78.52	73.82	65.52	29.83	64.88	85.45	0.0	39.0	71.69	16.28	28.02	93.05	101.12	68.41	54.33	43.84	51.01	95.8	26.42	86.76	24.21	27.51	58.14	48.76	75.29	30.81	90.44	50.29	84.88	70.01	60.08	30.89	43.38	79.01	41.62	20.25	102.39	59.48
45	47.27	86.02	107.34	70.94	32.28	40.61	96.34	114.62	79.51	19.24	84.17	73.01	33.84	108.41	14.0	94.37	104.66	96.38	29.83	70.18	67.05	86.21	93.01	68.43	62.68	48.04	84.21	87.05	81.3	73.54	127.48	47.1	84.06	94.85	86.21	72.24	118.34	115.43	91.59	98.49	66.41	24.84	90.27	112.45	39.0	0.0	94.05	23.19	59.62	112.93	124.46	69.26	70.29	32.02	64.82	123.07	56.86	78.01	57.25	54.59	44.01	70.09	104.56	22.8	86.7	88.28	111.66	66.29	81.32	67.68	19.0	88.55	71.59	32.76	117.14	95.88
46	73.76	42.72	24.04	23.85	67.74	64.88	57.31	26.02	16.76	75.93	55.66	65.28	61.22	19.0	84.81	51.48	31.62	23.35	82.3	61.07	47.04	64.2	15.0	35.51	34.44	70.6	73.98	67.36	23.09	38.01	33.84	71.84	21.38	33.6	62.94	39.0	25.5	31.4	22.47	7.07	46.1	69.35	9.49	21.38	71.69	94.05	0.0	81.84	44.64	21.59	30.48	46.0	25.06	68.6	30.89	31.02	45.54	67.08	48.76	44.28	69.57	24.21	21.54	71.51	59.46	54.78	20.4	54.01	12.73	51.01	81.84	29.97	32.25	62.63	34.53	46.32
47	24.08	65.74	99.16	57.98	36.77	19.72	74.46	98.99	69.86	24.41	86.47	50.16	31.26	93.43	28.6	73.05	86.61	79.4	7.21	47.68	67.07	90.61	84.31	50.99	47.8	25.02	61.07	92.2	65.05	54.64	113.7	24.0	67.88	90.61	63.64	53.25	107.19	98.6	84.77	85.0	66.03	23.09	76.22	97.74	16.28	23.19	81.84	0.0	41.23	102.47	112.07	69.03	61.1	37.16	56.61	108.3	38.95	83.93	38.01	38.29	51.89	57.8	88.41	22.85	89.81	66.48	97.08	68.73	69.46	46.62	31.83	83.74	54.49	20.62	109.79	75.24
48	29.12	27.17	66.19	23.02	46.69	21.93	40.61	58.14	38.21	46.39	72.67	28.43	36.35	53.01	55.73	37.05	45.49	38.21	39.7	23.43	53.91	79.81	52.0	10.0	12.37	25.96	41.01	82.46	24.41	13.93	73.78	27.2	27.2	64.76	35.36	12.65	69.89	57.38	55.44	46.1	52.5	39.2	37.16	57.43	28.02	59.62	44.64	41.23	0.0	66.22	73.35	54.82	32.57	47.68	31.76	67.8	3.0	77.08	4.12	7.62	57.94	24.19	47.42	41.3	76.84	32.98	56.86	59.4	34.13	13.6	55.15	57.97	13.6	27.66	77.23	37.22
49	95.34	61.81	12.17	44.78	84.29	86.16	74.63	29.0	33.42	94.18	58.14	86.01	79.31	25.24	102.53	68.96	44.29	39.56	103.37	82.02	56.86	66.01	20.81	57.07	55.71	92.18	93.77	69.0	44.1	59.14	23.09	93.41	42.01	32.02	82.2	60.21	6.32	36.77	25.63	22.09	56.36	88.09	30.07	23.35	93.05	112.93	21.59	102.47	66.22	0.0	15.13	55.15	42.64	85.04	48.17	26.0	67.05	71.57	70.34	65.55	83.01	44.72	32.65	90.14	61.01	73.55	22.67	62.97	33.11	72.25	99.04	32.98	53.76	82.68	17.03	63.25
50	102.16	63.2	27.0	54.2	97.2	94.51	73.44	22.8	45.61	106.15	73.25	89.11	91.35	23.02	114.87	68.18	41.44	40.2	112.16	85.7	71.51	81.06	34.93	63.56	64.35	99.01	95.05	84.02	49.4	63.89	8.94	100.32	46.82	47.1	83.01	65.15	9.0	30.08	40.52	27.29	70.94	99.7	36.24	19.03	101.12	124.46	30.48	112.07	73.35	15.13	0.0	69.89	54.67	98.01	60.44	15.0	74.71	86.7	77.39	74.09	97.06	54.67	31.0	101.83	76.06	74.0	19.0	77.79	43.19	76.92	111.66	48.05	60.01	93.09	28.23	62.2
51	75.61	72.95	45.28	38.59	37.0	61.98	89.31	72.01	30.41	50.45	18.38	83.24	38.05	65.0	56.08	84.06	74.22	64.29	73.44	78.24	2.24	25.0	35.17	53.15	43.84	73.16	95.67	27.66	53.23	60.44	76.4	73.74	54.23	27.59	88.46	60.31	61.47	77.16	29.55	53.01	3.0	47.27	49.82	67.12	68.41	69.26	46.0	69.03	54.82	55.15	69.89	0.0	26.83	37.34	24.21	75.8	53.01	23.32	57.43	48.26	29.73	36.36	66.48	48.51	22.36	83.41	66.12	8.06	38.08	68.01	51.48	23.02	52.8	49.5	52.5	81.01
52	59.03	46.4	38.08	12.04	42.72	47.27	62.8	49.73	9.22	51.62	42.45	59.94	36.77	42.72	60.21	57.43	48.37	38.33	63.06	55.01	26.93	50.45	23.26	28.02	20.25	56.08	71.56	53.41	26.4	34.71	58.83	57.04	27.51	32.39	63.13	34.83	48.1	53.46	24.19	31.02	25.63	45.45	25.18	45.88	54.33	70.29	25.06	61.1	32.57	42.64	54.67	26.83	0.0	43.57	5.83	55.95	31.78	50.12	36.14	28.16	45.12	9.9	42.19	47.51	46.69	57.31	44.94	33.84	13.34	44.29	57.01	25.5	26.91	40.72	48.7	54.2
53	53.08	74.17	77.9	48.38	1.0	40.0	88.28	92.31	52.43	14.04	52.35	71.59	11.4	85.49	18.79	84.59	86.68	77.13	43.42	67.23	35.11	55.04	64.38	53.0	44.18	51.86	84.53	56.22	62.17	60.07	102.4	51.74	64.54	63.63	81.91	59.14	90.91	94.87	61.72	74.24	34.54	14.42	67.23	89.0	43.84	32.02	68.6	37.16	47.68	85.04	98.01	37.34	43.57	0.0	37.74	99.3	44.72	47.52	47.54	40.31	14.76	46.82	83.49	14.32	55.08	80.6	88.1	34.37	56.36	60.17	14.42	57.69	55.08	24.41	87.01	84.1
54	56.44	48.88	42.94	14.87	36.89	44.0	65.19	55.36	14.87	46.01	41.23	59.91	31.14	48.38	54.49	60.03	53.08	43.05	59.03	54.92	23.85	48.8	28.3	29.0	20.0	53.6	72.01	51.62	30.08	36.24	64.66	54.45	31.58	35.0	64.35	36.12	53.74	58.86	28.16	36.77	22.47	40.0	30.59	51.62	51.01	64.82	30.89	56.61	31.76	48.17	60.44	24.21	5.83	37.74	0.0	61.74	30.46	47.43	34.93	26.25	39.62	12.65	47.52	42.01	45.45	59.2	50.7	30.41	18.97	44.41	51.22	28.0	28.6	36.06	53.31	57.27
55	95.52	52.89	37.95	52.2	98.41	89.64	61.01	10.44	47.76	105.68	82.22	79.4	91.27	14.87	114.83	56.14	29.15	30.87	107.45	76.55	77.1	90.45	41.05	57.8	60.83	92.44	83.86	93.54	43.42	56.44	8.06	93.81	40.61	56.72	71.7	57.8	21.63	16.12	48.01	25.06	76.3	98.81	32.8	10.63	95.8	123.07	31.02	108.3	67.8	26.0	15.0	75.8	55.95	99.3	61.74	0.0	69.66	95.01	71.61	70.04	100.57	53.25	21.02	101.02	85.48	62.65	11.4	83.86	42.94	68.88	112.16	56.04	54.2	90.69	41.88	50.16
56	28.44	30.15	66.48	23.09	43.74	20.0	43.57	60.14	38.01	43.42	71.02	30.41	33.38	54.82	52.77	40.05	48.02	40.46	37.8	25.46	52.01	78.01	52.09	12.04	12.0	25.32	43.19	80.6	26.25	16.76	75.45	26.48	29.07	64.13	38.01	15.52	70.94	59.67	55.15	47.41	50.61	36.22	38.47	59.2	26.42	56.86	45.54	38.95	3.0	67.05	74.71	53.01	31.78	44.72	30.46	69.66	0.0	75.01	4.47	5.0	55.15	24.0	49.5	38.33	75.17	35.9	58.6	57.31	34.53	16.12	52.15	57.27	15.56	24.74	77.52	40.2
57	94.89	96.25	60.02	61.91	47.68	81.01	112.61	92.66	52.81	61.52	13.93	105.42	53.14	85.84	64.01	107.38	96.77	86.98	89.49	100.45	23.6	9.43	54.08	76.22	66.71	92.78	118.09	9.22	76.48	83.6	94.26	93.15	77.39	39.81	111.4	83.41	77.78	98.48	47.0	74.15	25.0	60.88	72.12	87.37	86.76	78.01	67.08	83.93	77.08	71.57	86.7	23.32	50.12	47.52	47.43	95.01	75.01	0.0	79.31	70.09	34.0	59.68	88.29	61.39	12.81	106.61	86.37	17.69	60.75	90.52	59.01	39.01	76.03	66.71	63.91	104.32
58	25.0	28.86	70.26	27.0	46.57	18.44	41.11	61.85	42.11	45.04	75.47	26.17	36.14	56.86	54.23	38.05	48.6	41.73	36.07	21.26	56.4	82.42	56.01	13.89	16.12	21.84	39.05	85.0	28.3	16.64	77.7	23.09	31.06	68.45	34.54	15.26	74.0	60.83	59.3	50.16	55.0	38.0	41.23	61.29	24.21	57.25	48.76	38.01	4.12	70.34	77.39	57.43	36.14	47.54	34.93	71.61	4.47	79.31	0.0	9.22	58.6	28.07	51.09	40.01	79.61	33.24	60.75	61.62	38.21	12.65	54.0	61.61	17.49	26.08	81.3	38.83
59	31.02	34.0	64.13	20.88	39.32	20.62	48.05	60.88	35.13	40.02	66.37	35.36	29.07	55.17	49.48	44.28	50.09	41.88	38.08	30.41	47.2	73.24	49.5	13.93	9.85	28.0	48.17	75.8	27.02	20.1	75.43	29.02	29.83	60.53	42.94	19.03	69.78	61.03	52.0	46.87	45.8	32.76	38.01	59.46	27.51	54.59	44.28	38.29	7.62	65.55	74.09	48.26	28.16	40.31	26.25	70.04	5.0	70.09	9.22	0.0	50.33	21.38	50.45	34.93	70.49	40.52	58.8	52.4	32.57	21.1	48.51	53.6	17.0	21.93	75.13	44.01
60	67.21	82.98	74.2	53.04	15.26	53.76	98.08	94.83	52.81	28.16	41.11	83.86	24.08	87.8	30.02	93.86	92.09	82.15	58.18	79.26	27.59	42.3	62.27	61.39	51.79	65.76	96.9	43.05	68.01	68.88	102.55	65.76	70.01	57.31	93.11	68.15	89.19	98.48	58.01	75.96	27.59	29.15	70.21	90.8	58.14	44.01	69.57	51.89	57.94	83.01	97.06	29.73	45.12	14.76	39.62	100.57	55.15	34.0	58.6	50.33	0.0	51.09	87.13	29.07	43.17	90.76	89.84	24.19	58.46	71.18	25.02	52.4	62.8	38.18	82.07	92.57
