vehicles
vehicle_idx, capacity, cost_per_unit_distance
1,100,3
2,100,3
3,100,3
4,100,3
5,100,3
6,100,3
7,100,3
8,100,3
9,100,3
depot
node_idx,x,y
0,61,37
home delivery customers
node_idx,x,y,service_time,demand
1,93,57,15,23
2,23,43,15,12
3,47,37,15,24
4,93,43,15,12
5,53,35,15,20
6,25,39,15,16
7,85,69,15,16
8,77,79,15,9
9,33,47,15,19
10,39,69,15,9
11,49,3,15,18
12,97,35,15,18
13,79,61,15,12
14,5,43,15,12
15,27,73,15,14
16,31,21,15,11
17,65,23,15,7
18,65,47,15,13
19,5,81,15,22
20,91,41,15,15
self pickup customers
node_idx,x,y,service_time,demand,locker_idxs
21,53,5,15,6,67
22,13,75,15,22,62-66
23,23,71,15,24,62-68
24,67,45,15,11,67-63-65
25,21,49,15,7,66-64
26,67,13,15,8,63
27,81,27,15,4,67
28,47,37,15,22,67-63-64
29,49,87,15,2,68
30,19,33,15,19,66
31,31,5,15,15,67
32,35,25,15,4,67
33,73,73,15,8,61
34,35,95,15,18,68
35,19,45,15,72,64
36,87,45,15,16,69-61-65-63
37,1,49,15,19,67
38,63,73,15,12,68
39,79,71,15,10,61
40,53,27,15,18,67
flexible customers
node_idx,x,y,service_time,demand,locker_idxs
41,15,67,15,17,62-66-64
42,29,73,15,3,64-68-66-62
43,69,25,15,14,69-67-63-61-65
44,45,43,15,18,64-67-63-61-65
45,31,75,15,14,68-62-66-64
46,49,99,15,10,68
47,63,9,15,19,67
48,87,39,15,18,69-61-65-63
49,37,91,15,11,62-66-68
50,71,39,15,2,69-61-65-63-67
51,35,63,15,5,62-68-66-64
52,47,9,15,19,67
53,1,77,15,3,62
54,21,55,15,20,64-66-62
55,97,23,15,16,69
56,23,71,15,23,62-66-68-64
57,57,85,15,6,68
58,89,23,15,12,69
59,51,65,15,27,66-64-68-65-61
60,13,49,15,9,67
lockers
node_idx,x,y,service_time,capacity,cost_per_unit_good
0,93,12,10,77
1,22,88,10,79
2,65,88,10,77
3,25,15,10,82
4,77,88,10,92
5,72,14,10,82
67,68,51,10,82
68,19,80,10,93
69,63,37,10,86
70,40,59,10,70
71,63,44,10,73
72,31,71,10,81
73,56,24,10,80
74,42,77,10,90
75,82,38,10,83
mrt lines
start_node_idx,end_node_idx,freight_capacity,cost_per_unit_good
0,1,79,0.5
1,0,79,0.5
2,3,82,0.5
3,2,82,0.5
4,5,92,0.5
5,4,92,0.5
distance matrix
,0,1,2,3,4,5,6,7,8,9,10,11,12,13,14,15,16,17,18,19,20,21,22,23,24,25,26,27,28,29,30,31,32,33,34,35,36,37,38,39,40,41,42,43,44,45,46,47,48,49,50,51,52,53,54,55,56,57,58,59,60,61,62,63,64,65,66,67,68,69,70,71,72,73,74,75,
0,0.0,37.74,38.47,14.0,32.56,8.25,36.06,40.0,44.94,29.73,38.83,36.06,36.06,30.0,56.32,49.52,34.0,14.56,10.77,71.22,30.27,32.98,61.22,50.99,10.0,41.76,24.74,22.36,14.0,51.42,42.19,43.86,28.64,37.95,63.56,42.76,27.2,61.19,36.06,38.47,12.81,54.92,48.17,14.42,17.09,48.41,63.15,28.07,26.08,59.09,10.2,36.77,31.3,72.11,43.86,38.63,50.99,48.17,31.3,29.73,49.48,40.61,64.2,51.16,42.19,53.45,25.5,15.65,60.11,2.0,30.41,7.28,45.34,13.93,44.28,21.02
1,37.74,0.0,71.39,50.16,14.0,45.65,70.34,14.42,27.2,60.83,55.32,69.66,22.36,14.56,89.11,67.91,71.69,44.05,29.73,91.21,16.12,65.6,82.0,71.39,28.64,72.44,51.11,32.31,50.16,53.25,77.79,80.92,66.24,25.61,69.34,74.97,13.42,92.35,34.0,19.8,50.0,78.64,65.97,40.0,50.0,64.56,60.83,56.6,18.97,65.51,28.43,58.31,66.48,94.15,72.03,34.23,71.39,45.61,34.23,42.76,80.4,45.0,77.47,41.77,79.92,34.89,47.85,25.71,77.49,36.06,53.04,32.7,63.56,49.58,54.78,21.95
2,38.47,71.39,0.0,24.74,70.0,31.05,4.47,67.23,64.9,10.77,30.53,47.71,74.43,58.82,18.0,30.27,23.41,46.52,42.19,42.05,68.03,48.41,33.53,28.0,44.05,6.32,53.25,60.17,24.74,51.11,10.77,38.83,21.63,58.31,53.37,4.47,64.03,22.8,50.0,62.61,34.0,25.3,30.59,49.4,22.0,32.98,61.74,52.5,64.12,50.0,48.17,23.32,41.62,40.5,12.17,76.66,28.0,54.04,68.96,35.61,11.66,76.56,45.01,61.55,28.07,70.29,56.94,45.71,37.22,40.45,23.35,40.01,29.12,38.08,38.95,59.21
3,14.0,50.16,24.74,0.0,46.39,6.32,22.09,49.68,51.61,17.2,32.98,34.06,50.04,40.0,42.43,41.18,22.63,22.8,20.59,60.83,44.18,32.56,50.99,41.62,21.54,28.64,31.24,35.44,0.0,50.04,28.28,35.78,16.97,44.41,59.23,29.12,40.79,47.54,39.4,46.69,11.66,43.86,40.25,25.06,6.32,41.23,62.03,32.25,40.05,54.92,24.08,28.64,28.0,60.96,31.62,51.92,41.62,49.03,44.27,28.28,36.06,52.35,56.8,54.08,31.11,59.17,33.97,25.24,51.31,16.0,23.09,17.46,37.58,15.81,40.31,35.01
4,32.56,14.0,70.0,46.39,0.0,40.79,68.12,27.2,39.4,60.13,59.93,59.46,8.94,22.8,88.0,72.5,65.79,34.41,28.28,95.85,2.83,55.17,86.16,75.39,26.08,72.25,39.7,20.0,46.39,62.23,74.67,72.72,60.73,36.06,77.9,74.03,6.32,92.2,42.43,31.3,43.08,81.61,70.68,30.0,48.0,69.77,71.22,45.34,7.21,73.76,22.36,61.35,57.2,98.08,72.99,20.4,75.39,55.32,20.4,47.41,80.22,31.0,84.06,53.0,73.54,47.76,35.81,26.25,82.73,30.59,55.36,30.02,68.03,41.59,61.29,12.08
5,8.25,45.65,31.05,6.32,40.79,0.0,28.28,46.69,50.12,23.32,36.77,32.25,44.0,36.77,48.66,46.04,26.08,16.97,16.97,66.48,38.47,30.0,56.57,46.86,17.2,34.93,26.08,29.12,6.32,52.15,34.06,37.2,20.59,42.94,62.64,35.44,35.44,53.85,39.29,44.41,8.0,49.68,44.94,18.87,11.31,45.65,64.12,27.86,34.23,58.24,18.44,33.29,26.68,66.84,37.74,45.61,46.86,50.16,37.95,30.07,42.38,46.14,61.4,54.34,34.41,58.18,28.32,21.93,56.4,10.2,27.29,13.45,42.19,11.4,43.42,29.15
6,36.06,70.34,4.47,22.09,68.12,28.28,0.0,67.08,65.6,11.31,33.11,43.27,72.11,58.31,20.4,34.06,18.97,43.08,40.79,46.52,66.03,44.05,37.95,32.06,42.43,10.77,49.4,57.27,22.09,53.67,8.49,34.53,17.2,58.82,56.89,8.49,62.29,26.0,50.99,62.77,30.46,29.73,34.23,46.17,20.4,36.5,64.62,48.41,62.0,53.37,46.0,26.0,37.2,44.94,16.49,73.76,32.06,56.04,65.97,36.77,15.62,73.16,49.09,63.25,24.0,71.45,53.24,44.64,41.44,38.05,25.0,38.33,32.56,34.44,41.63,57.01
7,40.0,14.42,67.23,49.68,27.2,46.69,67.08,0.0,12.81,56.46,46.0,75.18,36.06,10.0,84.12,58.14,72.25,50.16,29.73,80.89,28.64,71.55,72.25,62.03,30.0,67.05,58.82,42.19,49.68,40.25,75.18,83.74,66.6,12.65,56.36,70.23,24.08,86.35,22.36,6.32,52.8,70.03,56.14,46.82,47.71,54.33,46.86,63.91,30.07,52.8,33.11,50.36,71.02,84.38,65.51,47.54,62.03,32.25,46.17,34.23,74.73,57.56,65.8,27.59,80.72,20.62,56.52,24.76,66.91,38.83,46.1,33.3,54.04,53.54,43.74,31.14
8,44.94,27.2,64.9,51.61,39.4,50.12,65.6,12.81,0.0,54.41,39.29,80.99,48.33,18.11,80.5,50.36,74.03,57.27,34.18,72.03,40.5,77.79,64.12,54.59,35.44,63.53,66.75,52.15,51.61,29.12,74.03,87.13,68.41,7.21,44.94,67.23,35.44,81.71,15.23,8.25,57.27,63.15,48.37,54.59,48.17,46.17,34.41,71.39,41.23,41.76,40.45,44.94,76.16,76.03,60.93,59.46,54.59,20.88,57.27,29.53,70.68,68.88,55.73,15.0,82.46,9.0,65.19,29.41,58.01,44.27,42.06,37.7,46.69,58.87,35.06,41.3
9,29.73,60.83,10.77,17.2,60.13,23.32,11.31,56.46,54.41,0.0,22.8,46.82,65.12,48.08,28.28,26.68,26.08,40.0,32.0,44.05,58.31,46.52,34.41,26.0,34.06,12.17,48.08,52.0,17.2,43.08,19.8,42.05,22.09,47.71,48.04,14.14,54.04,32.06,39.7,51.88,28.28,26.91,26.31,42.19,12.65,28.07,54.41,48.41,54.59,44.18,38.83,16.12,40.5,43.86,14.42,68.35,26.0,44.94,60.93,25.46,20.1,69.46,42.45,52.01,32.98,60.14,51.09,35.23,35.85,31.62,13.89,30.15,24.08,32.53,31.32,49.82
10,38.83,55.32,30.53,32.98,59.93,36.77,33.11,46.0,39.29,22.8,0.0,66.75,67.23,40.79,42.8,12.65,48.66,52.84,34.06,36.06,59.06,65.51,26.68,16.12,36.88,26.91,62.61,59.4,32.98,20.59,41.18,64.5,44.18,34.23,26.31,31.24,53.67,42.94,24.33,40.05,44.27,24.08,10.77,53.25,26.68,10.0,31.62,64.62,56.6,22.09,43.86,7.21,60.53,38.83,22.8,74.03,16.12,24.08,67.94,12.65,32.8,78.52,25.5,32.2,55.79,42.49,64.14,34.13,22.83,40.0,10.05,34.66,8.25,48.1,8.54,53.01
11,36.06,69.66,47.71,34.06,59.46,32.25,43.27,75.18,80.99,46.82,66.75,0.0,57.69,65.3,59.46,73.38,25.46,25.61,46.82,89.55,56.64,4.47,80.5,72.8,45.69,53.85,20.59,40.0,34.06,84.0,42.43,18.11,26.08,74.0,93.06,51.61,56.64,66.48,71.39,74.32,24.33,72.47,72.8,29.73,40.2,74.22,96.0,15.23,52.35,88.81,42.19,61.61,6.32,88.2,59.06,52.0,72.8,82.39,44.72,62.03,58.41,44.91,89.19,86.49,26.83,89.49,25.5,51.62,82.64,36.77,56.72,43.32,70.34,22.14,74.33,48.1
12,36.06,22.36,74.43,50.04,8.94,44.0,72.11,36.06,48.33,65.12,67.23,57.69,0.0,31.62,92.35,79.65,67.47,34.18,34.18,102.86,8.49,53.25,93.04,82.29,31.62,77.28,37.2,17.89,50.04,70.77,78.03,72.5,62.8,44.94,86.28,78.64,14.14,97.02,50.99,40.25,44.72,88.02,77.9,29.73,52.61,77.18,80.0,42.8,10.77,82.07,26.31,68.03,56.36,104.79,78.59,12.0,82.29,64.03,14.42,54.92,85.16,23.35,91.84,61.91,74.73,56.65,32.65,33.12,90.05,34.06,61.85,35.17,75.18,42.45,69.2,15.3
13,30.0,14.56,58.82,40.0,22.8,36.77,58.31,10.0,18.11,48.08,40.79,65.3,31.62,0.0,76.16,53.37,62.48,40.5,19.8,76.66,23.32,61.74,67.47,56.89,20.0,59.23,49.48,34.06,40.0,39.7,66.21,73.76,56.85,13.42,55.61,62.1,17.89,78.92,20.0,10.0,42.8,64.28,51.42,37.36,38.47,50.0,48.41,54.41,23.41,51.61,23.41,44.05,61.06,79.62,58.31,42.05,56.89,32.56,39.29,28.28,67.08,50.96,63.07,30.41,70.94,27.07,47.52,14.87,62.94,28.84,39.05,23.35,49.03,43.57,40.31,23.19
14,56.32,89.11,18.0,42.43,88.0,48.66,20.4,84.12,80.5,28.28,42.8,59.46,92.35,76.16,0.0,37.2,34.06,63.25,60.13,38.0,86.02,61.22,32.98,33.29,62.03,17.09,68.88,77.67,42.43,62.23,17.2,46.04,34.99,74.32,60.03,14.14,82.02,7.21,65.3,79.12,50.6,26.0,38.42,66.48,40.0,41.23,71.22,67.23,82.1,57.69,66.12,36.06,54.04,34.23,20.0,94.15,33.29,66.84,86.35,50.99,10.0,93.3,48.1,75.0,34.41,84.91,73.01,63.51,39.56,58.31,38.48,58.01,38.21,54.42,50.25,77.16
15,49.52,67.91,30.27,41.18,72.5,46.04,34.06,58.14,50.36,26.68,12.65,73.38,79.65,53.37,37.2,0.0,52.15,62.8,46.04,23.41,71.55,72.8,14.14,4.47,48.83,24.74,72.11,70.94,41.18,26.08,40.79,68.12,48.66,46.0,23.41,29.12,66.21,35.38,36.0,52.04,52.84,13.42,2.0,63.78,34.99,4.47,34.06,73.43,68.96,20.59,55.61,12.81,67.05,26.31,18.97,86.02,4.47,32.31,79.65,25.3,27.78,89.87,15.81,40.85,58.03,52.2,74.2,46.53,10.63,50.91,19.1,46.23,4.47,56.94,15.52,65.19
16,34.0,71.69,23.41,22.63,65.79,26.08,18.97,72.25,74.03,26.08,48.66,25.46,67.47,62.48,34.06,52.15,0.0,34.06,42.8,65.39,63.25,27.2,56.92,50.64,43.27,29.73,36.88,50.36,22.63,68.41,16.97,16.0,5.66,66.84,74.11,26.83,60.93,41.04,61.06,69.31,22.8,48.7,52.04,38.21,26.08,54.0,80.05,34.18,58.82,70.26,43.86,42.19,20.0,63.53,35.44,66.03,50.64,69.08,58.03,48.33,33.29,62.65,67.6,75.13,8.49,81.27,41.59,47.63,60.21,35.78,39.05,39.41,50.0,25.18,57.07,53.76
17,14.56,44.05,46.52,22.8,34.41,16.97,43.08,50.16,57.27,40.0,52.84,25.61,34.18,40.5,63.25,62.8,34.06,0.0,24.0,83.45,31.62,21.63,73.54,63.78,22.09,51.11,10.2,16.49,22.8,65.97,47.07,38.47,30.07,50.64,78.0,50.99,31.11,69.08,50.04,50.0,12.65,66.6,61.61,4.47,28.28,62.13,77.67,14.14,27.2,73.54,17.09,50.0,22.8,83.74,54.41,32.0,63.78,62.51,24.0,44.27,58.14,30.08,77.94,65.0,40.79,66.1,11.4,28.16,73.25,14.14,43.83,21.1,58.82,9.06,58.69,22.67
18,10.77,29.73,42.19,20.59,28.28,16.97,40.79,29.73,34.18,32.0,34.06,46.82,34.18,19.8,60.13,46.04,42.8,24.0,0.0,68.96,26.68,43.68,59.06,48.37,2.83,44.05,34.06,25.61,20.59,43.08,48.08,54.04,37.2,27.2,56.6,46.04,22.09,64.03,26.08,27.78,23.32,53.85,44.41,22.36,20.4,44.05,54.41,38.05,23.41,52.15,10.0,34.0,42.05,70.68,44.72,40.0,48.37,38.83,33.94,22.8,52.04,44.82,59.41,41.0,51.22,42.72,33.73,5.0,56.61,10.2,27.73,3.61,41.62,24.7,37.8,19.24
19,71.22,91.21,42.05,60.83,95.85,66.48,46.52,80.89,72.03,44.05,36.06,89.55,102.86,76.66,38.0,23.41,65.39,83.45,68.96,0.0,94.85,89.89,10.0,20.59,71.69,35.78,92.02,93.23,60.83,44.41,50.0,80.32,63.53,68.47,33.11,38.63,89.55,32.25,58.55,74.67,72.25,17.2,25.3,85.04,55.17,26.68,47.54,92.46,92.13,33.53,78.23,34.99,83.35,5.66,30.53,108.76,20.59,52.15,102.08,48.7,32.98,111.83,18.38,60.41,68.96,72.34,94.75,69.78,14.04,72.8,41.34,68.8,27.86,76.49,37.22,88.19
20,30.27,16.12,68.03,44.18,2.83,38.47,66.03,28.64,40.5,58.31,59.06,56.64,8.49,23.32,86.02,71.55,63.25,31.62,26.68,94.85,0.0,52.35,85.09,74.32,24.33,70.46,36.88,17.2,44.18,62.29,72.44,69.97,58.24,36.72,77.79,72.11,5.66,90.35,42.52,32.31,40.5,80.32,69.77,27.2,46.04,68.96,71.61,42.52,4.47,73.59,20.1,60.17,54.41,96.93,71.39,18.97,74.32,55.61,18.11,46.65,78.41,29.07,83.49,53.71,70.94,49.04,33.02,25.08,81.88,28.28,54.08,28.16,67.08,38.91,60.8,9.49
21,32.98,65.6,48.41,32.56,55.17,30.0,44.05,71.55,77.79,46.52,65.51,4.47,53.25,61.74,61.22,72.8,27.2,21.63,43.68,89.89,52.35,0.0,80.62,72.5,42.38,54.41,16.12,35.61,32.56,82.1,44.05,22.0,26.91,70.88,91.78,52.5,52.5,68.12,68.73,70.94,22.0,72.72,72.11,25.61,38.83,73.38,94.09,10.77,48.08,87.48,38.47,60.73,7.21,88.81,59.36,47.54,72.5,80.1,40.25,60.03,59.46,40.61,88.6,83.86,29.73,86.4,21.02,48.38,82.35,33.53,55.54,40.26,69.57,19.24,72.84,43.93
22,61.22,82.0,33.53,50.99,86.16,56.57,37.95,72.25,64.12,34.41,26.68,80.5,93.04,67.47,32.98,14.14,56.92,73.54,59.06,10.0,85.09,80.62,0.0,10.77,61.77,27.2,82.22,83.23,50.99,37.95,42.43,72.28,54.63,60.03,29.73,30.59,79.85,28.64,50.04,66.12,62.48,8.25,16.12,75.07,45.25,18.0,43.27,82.8,82.29,28.84,68.26,25.06,74.24,12.17,21.54,98.79,10.77,45.12,92.09,39.29,26.0,101.83,15.81,53.6,61.19,65.31,84.86,60.01,7.81,62.8,31.38,58.83,18.44,66.71,29.07,78.29
23,50.99,71.39,28.0,41.62,75.39,46.86,32.06,62.03,54.59,26.0,16.12,72.8,82.29,56.89,33.29,4.47,50.64,63.78,48.37,20.59,74.32,72.5,10.77,0.0,51.11,22.09,72.8,72.8,41.62,30.53,38.21,66.48,47.54,50.04,26.83,26.31,69.08,31.11,40.05,56.0,53.25,8.94,6.32,65.05,35.61,8.94,38.21,73.78,71.55,24.41,57.69,14.42,66.48,22.8,16.12,88.2,0.0,36.77,81.61,28.64,24.17,91.55,17.03,45.31,56.04,56.61,75.17,49.24,9.85,52.5,20.81,48.26,8.0,57.43,19.92,67.6
24,10.0,28.64,44.05,21.54,26.08,17.2,42.43,30.0,35.44,34.06,36.88,45.69,31.62,20.0,62.03,48.83,43.27,22.09,2.83,71.69,24.33,42.38,61.77,51.11,0.0,46.17,32.0,22.8,21.54,45.69,49.48,53.81,37.74,28.64,59.36,48.0,20.0,66.12,28.28,28.64,22.8,56.46,47.2,20.1,22.09,46.86,56.92,36.22,20.88,54.92,7.21,36.72,41.18,73.35,47.07,37.2,51.11,41.23,31.11,25.61,54.15,42.01,62.24,43.05,51.61,44.15,31.4,6.08,59.41,8.94,30.41,4.12,44.41,23.71,40.61,16.55
25,41.76,72.44,6.32,28.64,72.25,34.93,10.77,67.05,63.53,12.17,26.91,53.85,77.28,59.23,17.09,24.74,29.73,51.11,44.05,35.78,70.46,54.41,27.2,22.09,46.17,0.0,58.41,63.91,28.64,47.2,16.12,45.12,27.78,57.27,48.08,4.47,66.12,20.0,48.37,62.03,38.83,18.97,25.3,53.67,24.74,27.86,57.31,58.0,66.75,44.94,50.99,19.8,47.71,34.41,6.0,80.32,22.09,50.91,72.8,34.0,8.0,80.95,39.01,58.8,34.23,68.24,61.85,47.04,31.06,43.68,21.47,42.3,24.17,43.01,35.0,61.98
26,24.74,51.11,53.25,31.24,39.7,26.08,49.4,58.82,66.75,48.08,62.61,20.59,37.2,49.48,68.88,72.11,36.88,10.2,34.06,92.02,36.88,16.12,82.22,72.8,32.0,58.41,0.0,19.8,31.24,76.16,52.0,36.88,34.18,60.3,88.02,57.69,37.74,75.18,60.13,59.23,19.8,74.97,71.02,12.17,37.2,71.69,87.86,5.66,32.8,83.57,26.31,59.36,20.4,91.93,62.29,31.62,72.8,72.69,24.17,54.41,64.9,26.02,87.46,75.03,42.05,75.66,5.1,38.01,82.42,24.33,53.34,31.26,68.26,15.56,68.71,29.15
27,22.36,32.31,60.17,35.44,20.0,29.12,57.27,42.19,52.15,52.0,59.4,40.0,17.89,34.06,77.67,70.94,50.36,16.49,25.61,93.23,17.2,35.61,83.23,72.8,22.8,63.91,19.8,0.0,35.44,68.0,62.29,54.63,46.04,46.69,82.1,64.56,18.97,82.97,49.4,44.05,28.0,77.18,69.43,12.17,39.4,69.31,78.79,25.46,13.42,77.67,15.62,58.41,38.47,94.34,66.21,16.49,72.8,62.77,8.94,48.41,71.47,19.21,84.86,63.06,57.27,61.13,15.81,27.29,81.57,20.59,52.01,24.76,66.6,25.18,63.41,11.05
28,14.0,50.16,24.74,0.0,46.39,6.32,22.09,49.68,51.61,17.2,32.98,34.06,50.04,40.0,42.43,41.18,22.63,22.8,20.59,60.83,44.18,32.56,50.99,41.62,21.54,28.64,31.24,35.44,0.0,50.04,28.28,35.78,16.97,44.41,59.23,29.12,40.79,47.54,39.4,46.69,11.66,43.86,40.25,25.06,6.32,41.23,62.03,32.25,40.05,54.92,24.08,28.64,28.0,60.96,31.62,51.92,41.62,49.03,44.27,28.28,36.06,52.35,56.8,54.08,31.11,59.17,33.97,25.24,51.31,16.0,23.09,17.46,37.58,15.81,40.31,35.01
29,51.42,53.25,51.11,50.04,62.23,52.15,53.67,40.25,29.12,43.08,20.59,84.0,70.77,39.7,62.23,26.08,68.41,65.97,43.08,44.41,62.29,82.1,37.95,30.53,45.69,47.2,76.16,68.0,50.04,0.0,61.77,83.95,63.56,27.78,16.12,51.61,56.64,61.22,19.8,34.0,60.13,39.45,24.41,65.15,44.18,21.63,12.0,79.25,61.22,12.65,52.8,27.78,78.03,49.03,42.52,80.0,30.53,8.25,75.47,22.09,52.35,86.95,27.02,16.03,75.89,28.02,76.54,40.71,30.81,51.92,29.41,45.22,24.08,63.39,12.21,59.08
30,42.19,77.79,10.77,28.28,74.67,34.06,8.49,75.18,74.03,19.8,41.18,42.43,78.03,66.21,17.2,40.79,16.97,47.07,48.08,50.0,72.44,44.05,42.43,38.21,49.48,16.12,52.0,62.29,28.28,61.77,0.0,30.46,17.89,67.2,64.03,12.0,69.05,24.08,59.46,71.02,34.53,34.23,41.23,50.64,27.86,43.68,72.5,50.12,68.26,60.73,52.35,34.0,36.88,47.54,22.09,78.64,38.21,64.4,70.71,45.25,17.09,76.92,55.08,71.7,18.97,79.93,56.3,52.2,47.0,44.18,33.42,45.35,39.85,38.08,49.65,63.2
31,43.86,80.92,38.83,35.78,72.72,37.2,34.53,83.74,87.13,42.05,64.5,18.11,72.5,73.76,46.04,68.12,16.0,38.47,54.04,80.32,69.97,22.0,72.28,66.48,53.81,45.12,36.88,54.63,35.78,83.95,30.46,0.0,20.4,79.92,90.09,41.76,68.82,53.25,75.15,81.61,31.11,64.03,68.03,42.94,40.5,70.0,95.71,32.25,65.51,86.21,52.5,58.14,16.49,78.0,50.99,68.41,66.48,84.12,60.73,63.25,47.54,62.39,83.49,89.69,11.66,94.89,41.98,59.03,75.95,45.25,54.74,50.45,66.0,31.4,72.84,60.75
32,28.64,66.24,21.63,16.97,60.73,20.59,17.2,66.6,68.41,22.09,44.18,26.08,62.8,56.85,34.99,48.66,5.66,30.07,37.2,63.53,58.24,26.91,54.63,47.54,37.74,27.78,34.18,46.04,16.97,63.56,17.89,20.4,0.0,61.22,70.0,25.61,55.71,41.62,55.57,63.66,18.11,46.52,48.37,34.0,20.59,50.16,75.31,32.25,53.85,66.03,38.63,38.0,20.0,62.13,33.11,62.03,47.54,63.91,54.04,43.08,32.56,59.44,64.33,69.78,14.14,75.72,38.6,42.01,57.28,30.46,34.37,33.84,46.17,21.02,52.47,48.76
33,37.95,25.61,58.31,44.41,36.06,42.94,58.82,12.65,7.21,47.71,34.23,74.0,44.94,13.42,74.32,46.0,66.84,50.64,27.2,68.47,36.72,70.88,60.03,50.04,28.64,57.27,60.3,46.69,44.41,27.78,67.2,79.92,61.22,0.0,43.91,60.83,31.3,75.89,10.0,6.32,50.16,58.31,44.0,48.17,41.04,42.05,35.38,64.78,36.77,40.25,34.06,39.29,69.08,72.11,55.03,55.46,50.04,20.0,52.5,23.41,64.62,64.2,53.16,17.0,75.29,15.52,59.01,22.56,54.45,37.36,35.85,30.68,42.05,51.87,31.26,36.14
34,63.56,69.34,53.37,59.23,77.9,62.64,56.89,56.36,44.94,48.04,26.31,93.06,86.28,55.61,60.03,23.41,74.11,78.0,56.6,33.11,77.79,91.78,29.73,26.83,59.36,48.08,88.02,82.1,59.23,16.12,64.03,90.09,70.0,43.91,0.0,52.5,72.14,57.2,35.61,50.12,70.34,34.41,22.8,77.82,52.95,20.4,14.56,90.44,76.42,4.47,66.57,32.0,86.83,38.47,42.38,95.02,26.83,24.17,90.0,34.0,50.99,101.26,14.76,30.81,80.62,42.58,89.05,55.0,21.93,64.4,36.35,58.18,24.33,74.04,19.31,73.88
35,42.76,74.97,4.47,29.12,74.03,35.44,8.49,70.23,67.23,14.14,31.24,51.61,78.64,62.1,14.14,29.12,26.83,50.99,46.04,38.63,72.11,52.5,30.59,26.31,48.0,4.47,57.69,64.56,29.12,51.61,12.0,41.76,25.61,60.83,52.5,0.0,68.0,18.44,52.15,65.39,38.47,22.36,29.73,53.85,26.08,32.31,61.77,56.85,68.26,49.4,52.35,24.08,45.61,36.72,10.2,81.04,26.31,55.17,73.38,37.74,7.21,81.02,43.1,62.97,30.59,72.2,61.4,49.37,35.0,44.72,25.24,44.01,28.64,42.54,39.41,63.39
36,27.2,13.42,64.03,40.79,6.32,35.44,62.29,24.08,35.44,54.04,53.67,56.64,14.14,17.89,82.02,66.21,60.93,31.11,22.09,89.55,5.66,52.5,79.85,69.08,20.0,66.12,37.74,18.97,40.79,56.64,69.05,68.82,55.71,31.3,72.14,68.0,0.0,86.09,36.88,27.2,38.47,75.29,64.4,26.91,42.05,63.53,66.03,43.27,6.0,67.94,17.09,55.03,53.81,91.76,66.75,24.17,69.08,50.0,22.09,41.18,74.11,33.54,77.94,48.3,68.88,44.15,34.44,19.92,76.48,25.3,49.04,24.02,61.74,37.44,55.22,8.6
37,61.19,92.35,22.8,47.54,92.2,53.85,26.0,86.35,81.71,32.06,42.94,66.48,97.02,78.92,7.21,35.38,41.04,69.08,64.03,32.25,90.35,68.12,28.64,31.11,66.12,20.0,75.18,82.97,47.54,61.22,24.08,53.25,41.62,75.89,57.2,18.44,86.09,0.0,66.48,81.04,56.46,22.8,36.88,72.11,44.41,39.7,69.31,73.78,86.58,55.32,70.71,36.77,60.96,28.0,20.88,99.46,31.11,66.57,91.76,52.5,12.0,99.16,44.29,74.95,41.62,85.42,79.16,67.03,35.85,63.15,40.26,62.2,37.2,60.42,49.65,81.74
38,36.06,34.0,50.0,39.4,42.43,39.29,50.99,22.36,15.23,39.7,24.33,71.39,50.99,20.0,65.3,36.0,61.06,50.04,26.08,58.55,42.52,68.73,50.04,40.05,28.28,48.37,60.13,49.4,39.4,19.8,59.46,75.15,55.57,10.0,35.61,52.15,36.88,66.48,0.0,16.12,47.07,48.37,34.0,48.37,34.99,32.06,29.53,64.0,41.62,31.62,34.93,29.73,65.97,62.13,45.69,60.46,40.05,13.42,56.36,14.42,55.46,67.98,43.66,15.13,69.34,20.52,59.68,22.56,44.55,36.0,26.93,29.0,32.06,49.5,21.38,39.82
39,38.47,19.8,62.61,46.69,31.3,44.41,62.77,6.32,8.25,51.88,40.05,74.32,40.25,10.0,79.12,52.04,69.31,50.0,27.78,74.67,32.31,70.94,66.12,56.0,28.64,62.03,59.23,44.05,46.69,34.0,71.02,81.61,63.66,6.32,50.12,65.39,27.2,81.04,16.12,0.0,51.11,64.12,50.04,47.07,44.05,48.17,41.04,64.03,32.98,46.52,32.98,44.72,69.77,78.23,60.17,51.26,56.0,26.08,49.03,28.64,69.57,60.64,59.48,22.02,77.79,17.12,57.43,22.83,60.67,37.58,40.8,31.38,48.0,52.33,37.48,33.14
40,12.81,50.0,34.0,11.66,43.08,8.0,30.46,52.8,57.27,28.28,44.27,24.33,44.72,42.8,50.6,52.84,22.8,12.65,23.32,72.25,40.5,22.0,62.48,53.25,22.8,38.83,19.8,28.0,11.66,60.13,34.53,31.11,18.11,50.16,70.34,38.47,38.47,56.46,47.07,51.11,0.0,55.17,51.88,16.12,17.89,52.8,72.11,20.59,36.06,65.97,21.63,40.25,18.97,72.14,42.52,44.18,53.25,58.14,36.22,38.05,45.65,42.72,68.43,62.17,30.46,65.55,23.02,28.3,62.97,14.14,34.54,19.72,49.19,4.24,51.2,31.02
41,54.92,78.64,25.3,43.86,81.61,49.68,29.73,70.03,63.15,26.91,24.08,72.47,88.02,64.28,26.0,13.42,48.7,66.6,53.85,17.2,80.32,72.72,8.25,8.94,56.46,18.97,74.97,77.18,43.86,39.45,34.23,64.03,46.52,58.31,34.41,22.36,75.29,22.8,48.37,64.12,55.17,0.0,15.23,68.41,38.42,17.89,46.69,75.29,77.25,32.56,62.61,20.4,66.24,17.2,13.42,93.06,8.94,45.69,86.09,36.06,18.11,95.44,22.14,54.23,52.95,65.46,77.83,55.36,13.6,56.6,26.25,53.23,16.49,59.41,28.79,73.01
42,48.17,65.97,30.59,40.25,70.68,44.94,34.23,56.14,48.37,26.31,10.77,72.8,77.9,51.42,38.42,2.0,52.04,61.61,44.41,25.3,69.77,72.11,16.12,6.32,47.2,25.3,71.02,69.43,40.25,24.41,41.23,68.03,48.37,44.0,22.8,29.73,64.4,36.88,34.0,50.04,51.88,15.23,0.0,62.48,34.0,2.83,32.8,72.47,67.23,19.7,54.04,11.66,66.48,28.28,19.7,84.4,6.32,30.46,78.1,23.41,28.84,88.41,16.55,39.0,58.14,50.29,73.01,44.78,12.21,49.52,17.8,44.69,2.83,55.95,13.6,63.51
43,14.42,40.0,49.4,25.06,30.0,18.87,46.17,46.82,54.59,42.19,53.25,29.73,29.73,37.36,66.48,63.78,38.21,4.47,22.36,85.04,27.2,25.61,75.07,65.05,20.1,53.67,12.17,12.17,25.06,65.15,50.64,42.94,34.0,48.17,77.82,53.85,26.91,72.11,48.37,47.07,16.12,68.41,62.48,0.0,30.0,62.8,76.66,17.09,22.8,73.35,14.14,50.99,27.2,85.6,56.6,28.07,65.05,61.19,20.1,43.86,60.93,27.29,78.6,63.13,45.12,63.51,11.4,26.02,74.33,13.42,44.69,19.92,59.67,13.04,58.59,18.38
44,17.09,50.0,22.0,6.32,48.0,11.31,20.4,47.71,48.17,12.65,26.68,40.2,52.61,38.47,40.0,34.99,26.08,28.28,20.4,55.17,46.04,38.83,45.25,35.61,22.09,24.74,37.2,39.4,6.32,44.18,27.86,40.5,20.59,41.04,52.95,26.08,42.05,44.41,34.99,44.05,17.89,38.42,34.0,30.0,0.0,34.93,56.14,38.47,42.19,48.66,26.31,22.36,34.06,55.61,26.83,55.71,35.61,43.68,48.33,22.8,32.56,57.14,50.54,49.24,34.41,55.22,39.62,24.35,45.22,18.97,16.76,18.03,31.3,21.95,34.13,37.34
45,48.41,64.56,32.98,41.23,69.77,45.65,36.5,54.33,46.17,28.07,10.0,74.22,77.18,50.0,41.23,4.47,54.0,62.13,44.05,26.68,68.96,73.38,18.0,8.94,46.86,27.86,71.69,69.31,41.23,21.63,43.68,70.0,50.16,42.05,20.4,32.31,63.53,39.7,32.06,48.17,52.8,17.89,2.83,62.8,34.93,0.0,30.0,73.35,66.57,17.09,53.81,12.65,67.91,30.07,22.36,84.02,8.94,27.86,77.9,22.36,31.62,88.39,15.81,36.4,60.3,47.8,73.5,44.1,13.0,49.68,18.36,44.55,4.0,56.8,11.18,63.01
46,63.15,60.83,61.74,62.03,71.22,64.12,64.62,46.86,34.41,54.41,31.62,96.0,80.0,48.41,71.22,34.06,80.05,77.67,54.41,47.54,71.61,94.09,43.27,38.21,56.92,57.31,87.86,78.79,62.03,12.0,72.5,95.71,75.31,35.38,14.56,61.77,66.03,69.31,29.53,41.04,72.11,46.69,32.8,76.66,56.14,30.0,0.0,91.08,71.02,14.42,63.91,38.63,90.02,52.8,52.15,89.89,38.21,16.12,85.88,34.06,61.61,97.49,29.15,19.42,87.36,30.08,88.06,51.62,35.51,63.56,41.0,56.75,33.29,75.33,23.09,69.35
47,28.07,56.6,52.5,32.25,45.34,27.86,48.41,63.91,71.39,48.41,64.62,15.23,42.8,54.41,67.23,73.43,34.18,14.14,38.05,92.46,42.52,10.77,82.8,73.78,36.22,58.0,5.66,25.46,32.25,79.25,50.12,32.25,32.25,64.78,90.44,56.85,43.27,73.78,64.0,64.03,20.59,75.29,72.47,17.09,38.47,73.35,91.08,0.0,38.42,86.02,31.05,60.83,16.0,92.02,62.29,36.77,73.78,76.24,29.53,57.27,64.03,30.15,89.01,79.03,38.47,80.23,10.3,42.3,83.53,28.0,55.04,35.0,69.77,16.55,71.17,34.67
48,26.08,18.97,64.12,40.05,7.21,34.23,62.0,30.07,41.23,54.59,56.6,52.35,10.77,23.41,82.1,68.96,58.82,27.2,23.41,92.13,4.47,48.08,82.29,71.55,20.88,66.75,32.8,13.42,40.05,61.22,68.26,65.51,53.85,36.77,76.42,68.26,6.0,86.58,41.62,32.98,36.06,77.25,67.23,22.8,42.19,66.57,71.02,38.42,0.0,72.14,16.0,57.27,50.0,94.02,67.91,18.87,71.55,54.92,16.12,44.41,74.67,27.66,81.4,53.71,66.48,50.01,29.15,22.47,79.4,24.08,51.08,24.52,64.5,34.44,58.9,5.1
49,59.09,65.51,50.0,54.92,73.76,58.24,53.37,52.8,41.76,44.18,22.09,88.81,82.07,51.61,57.69,20.59,70.26,73.54,52.15,33.53,73.59,87.48,28.84,24.41,54.92,44.94,83.57,77.67,54.92,12.65,60.73,86.21,66.03,40.25,4.47,49.4,67.94,55.32,31.62,46.52,65.97,32.56,19.7,73.35,48.66,17.09,14.42,86.02,72.14,0.0,62.13,28.07,82.61,38.63,39.4,90.69,24.41,20.88,85.6,29.53,48.37,96.83,15.3,28.16,76.94,40.11,84.58,50.61,21.1,59.93,32.14,53.71,20.88,69.64,14.87,69.53
50,10.2,28.43,48.17,24.08,22.36,18.44,46.0,33.11,40.45,38.83,43.86,42.19,26.31,23.41,66.12,55.61,43.86,17.09,10.0,78.23,20.1,38.47,68.26,57.69,7.21,50.99,26.31,15.62,24.08,52.8,52.35,52.5,38.63,34.06,66.57,52.35,17.09,70.71,34.93,32.98,21.63,62.61,54.04,14.14,26.31,53.81,63.91,31.05,16.0,62.13,0.0,43.27,38.42,79.65,52.5,30.53,57.69,48.08,24.08,32.8,58.86,34.83,69.3,49.37,51.88,49.37,25.02,12.37,66.22,8.25,36.89,9.43,51.22,21.21,47.8,11.05
51,36.77,58.31,23.32,28.64,61.35,33.29,26.0,50.36,44.94,16.12,7.21,61.61,68.03,44.05,36.06,12.81,42.19,50.0,34.0,34.99,60.17,60.73,25.06,14.42,36.72,19.8,59.36,58.41,28.64,27.78,34.0,58.14,38.0,39.29,32.0,24.08,55.03,36.77,29.73,44.72,40.25,20.4,11.66,50.99,22.36,12.65,38.63,60.83,57.27,28.07,43.27,0.0,55.32,36.77,16.12,73.78,14.42,31.11,67.2,16.12,26.08,77.23,28.18,39.05,49.03,48.88,61.4,35.11,23.35,38.21,6.4,33.84,8.94,44.29,15.65,53.24
52,31.3,66.48,41.62,28.0,57.2,26.68,37.2,71.02,76.16,40.5,60.53,6.32,56.36,61.06,54.04,67.05,20.0,22.8,42.05,83.35,54.41,7.21,74.24,66.48,41.18,47.71,20.4,38.47,28.0,78.03,36.88,16.49,20.0,69.08,86.83,45.61,53.81,60.96,65.97,69.77,18.97,66.24,66.48,27.2,34.06,67.91,90.02,16.0,50.0,82.61,38.42,55.32,0.0,82.1,52.84,51.92,66.48,76.66,44.27,56.14,52.5,46.1,82.86,81.02,22.8,84.5,25.5,46.96,76.32,32.25,50.49,38.48,64.03,17.49,68.18,45.45
53,72.11,94.15,40.5,60.96,98.08,66.84,44.94,84.38,76.03,43.86,38.83,88.2,104.79,79.62,34.23,26.31,63.53,83.74,70.68,5.66,96.93,88.81,12.17,22.8,73.35,34.41,91.93,94.34,60.96,49.03,47.54,78.0,62.13,72.11,38.47,36.72,91.76,28.0,62.13,78.23,72.14,17.2,28.28,85.6,55.61,30.07,52.8,92.02,94.02,38.63,79.65,36.77,82.1,0.0,29.73,110.15,22.8,56.57,103.25,51.42,30.46,112.65,23.71,64.94,66.48,76.79,94.92,71.87,18.25,73.78,42.95,70.24,30.59,76.38,41.0,89.9
54,43.86,72.03,12.17,31.62,72.99,37.74,16.49,65.51,60.93,14.42,22.8,59.06,78.59,58.31,20.0,18.97,35.44,54.41,44.72,30.53,71.39,59.36,21.54,16.12,47.07,6.0,62.29,66.21,31.62,42.52,22.09,50.99,33.11,55.03,42.38,10.2,66.75,20.88,45.69,60.17,42.52,13.42,19.7,56.6,26.83,22.36,52.15,62.29,67.91,39.4,52.5,16.12,52.84,29.73,0.0,82.46,16.12,46.86,75.15,31.62,10.0,83.86,33.02,55.0,40.2,65.0,65.44,47.17,25.08,45.69,19.42,43.42,18.87,46.75,30.41,63.32
55,38.63,34.23,76.66,51.92,20.4,45.61,73.76,47.54,59.46,68.35,74.03,52.0,12.0,42.05,94.15,86.02,66.03,32.0,40.0,108.76,18.97,47.54,98.79,88.2,37.2,80.32,31.62,16.49,51.92,80.0,78.64,68.41,62.03,55.46,95.02,81.04,24.17,99.46,60.46,51.26,44.18,93.06,84.4,28.07,55.71,84.02,89.89,36.77,18.87,90.69,30.53,73.78,51.92,110.15,82.46,0.0,88.2,73.78,8.0,62.29,87.93,11.7,99.25,72.45,72.44,68.01,26.57,40.31,96.61,36.77,67.42,39.96,81.61,41.01,77.08,21.21
56,50.99,71.39,28.0,41.62,75.39,46.86,32.06,62.03,54.59,26.0,16.12,72.8,82.29,56.89,33.29,4.47,50.64,63.78,48.37,20.59,74.32,72.5,10.77,0.0,51.11,22.09,72.8,72.8,41.62,30.53,38.21,66.48,47.54,50.04,26.83,26.31,69.08,31.11,40.05,56.0,53.25,8.94,6.32,65.05,35.61,8.94,38.21,73.78,71.55,24.41,57.69,14.42,66.48,22.8,16.12,88.2,0.0,36.77,81.61,28.64,24.17,91.55,17.03,45.31,56.04,56.61,75.17,49.24,9.85,52.5,20.81,48.26,8.0,57.43,19.92,67.6
57,48.17,45.61,54.04,49.03,55.32,50.16,56.04,32.25,20.88,44.94,24.08,82.39,64.03,32.56,66.84,32.31,69.08,62.51,38.83,52.15,55.61,80.1,45.12,36.77,41.23,50.91,72.69,62.77,49.03,8.25,64.4,84.12,63.91,20.0,24.17,55.17,50.0,66.57,13.42,26.08,58.14,45.69,30.46,61.19,43.68,27.86,16.12,76.24,54.92,20.88,48.08,31.11,76.66,56.57,46.86,73.78,36.77,0.0,69.77,20.88,56.85,81.39,35.13,8.54,76.97,20.22,72.57,35.74,38.33,48.37,31.06,41.44,29.53,61.01,17.0,53.24
58,31.3,34.23,68.96,44.27,20.4,37.95,65.97,46.17,57.27,60.93,67.94,44.72,14.42,39.29,86.35,79.65,58.03,24.0,33.94,102.08,18.11,40.25,92.09,81.61,31.11,72.8,24.17,8.94,44.27,75.47,70.71,60.73,54.04,52.5,90.0,73.38,22.09,91.76,56.36,49.03,36.22,86.09,78.1,20.1,48.33,77.9,85.88,29.53,16.12,85.6,24.08,67.2,44.27,103.25,75.15,8.0,81.61,69.77,0.0,56.64,80.32,11.7,93.35,69.29,64.5,66.1,19.24,35.0,90.27,29.53,60.8,33.42,75.29,33.02,71.59,16.55
59,29.73,42.76,35.61,28.28,47.41,30.07,36.77,34.23,29.53,25.46,12.65,62.03,54.92,28.28,50.99,25.3,48.33,44.27,22.8,48.7,46.65,60.03,39.29,28.64,25.61,34.0,54.41,48.41,28.28,22.09,45.25,63.25,43.08,23.41,34.0,37.74,41.18,52.5,14.42,28.64,38.05,36.06,23.41,43.86,22.8,22.36,34.06,57.27,44.41,29.53,32.8,16.12,56.14,51.42,31.62,62.29,28.64,20.88,56.64,0.0,41.23,67.62,37.01,26.93,56.36,34.71,55.15,22.02,35.34,30.46,12.53,24.19,20.88,41.3,15.0,41.11
60,49.48,80.4,11.66,36.06,80.22,42.38,15.62,74.73,70.68,20.1,32.8,58.41,85.16,67.08,10.0,27.78,33.29,58.14,52.04,32.98,78.41,59.46,26.0,24.17,54.15,8.0,64.9,71.47,36.06,52.35,17.09,47.54,32.56,64.62,50.99,7.21,74.11,12.0,55.46,69.57,45.65,18.11,28.84,60.93,32.56,31.62,61.61,64.03,74.67,48.37,58.86,26.08,52.5,30.46,10.0,87.93,24.17,56.85,80.32,41.23,0.0,88.14,40.02,65.0,36.06,74.95,68.6,55.04,31.58,51.42,28.79,50.25,28.43,49.74,40.31,69.87
61,40.61,45.0,76.56,52.35,31.0,46.14,73.16,57.56,68.88,69.46,78.52,44.91,23.35,50.96,93.3,89.87,62.65,30.08,44.82,111.83,29.07,40.61,101.83,91.55,42.01,80.95,26.02,19.21,52.35,86.95,76.92,62.39,59.44,64.2,101.26,81.02,33.54,99.16,67.98,60.64,42.72,95.44,88.41,27.29,57.14,88.39,97.49,30.15,27.66,96.83,34.83,77.23,46.1,112.65,83.86,11.7,91.55,81.39,11.7,67.62,88.14,0.0,104.0,80.99,68.07,77.67,21.1,46.32,100.5,39.05,70.84,43.86,85.59,38.9,82.62,28.23
62,64.2,77.47,45.01,56.8,84.06,61.4,49.09,65.8,55.73,42.45,25.5,89.19,91.84,63.07,48.1,15.81,67.6,77.94,59.41,18.38,83.49,88.6,15.81,17.03,62.24,39.01,87.46,84.86,56.8,27.02,55.08,83.49,64.33,53.16,14.76,43.1,77.94,44.29,43.66,59.48,68.43,22.14,16.55,78.6,50.54,15.81,29.15,89.01,81.4,15.3,69.3,28.18,82.86,23.71,33.02,99.25,17.03,35.13,93.35,37.01,40.02,104.0,0.0,43.0,73.06,55.0,89.31,59.03,8.54,65.44,34.13,60.14,19.24,72.47,22.83,78.1
63,51.16,41.77,61.55,54.08,53.0,54.34,63.25,27.59,15.0,52.01,32.2,86.49,61.91,30.41,75.0,40.85,75.13,65.0,41.0,60.41,53.71,83.86,53.6,45.31,43.05,58.8,75.03,63.06,54.08,16.03,71.7,89.69,69.78,17.0,30.81,62.97,48.3,74.95,15.13,22.02,62.17,54.23,39.0,63.13,49.24,36.4,19.42,79.03,53.71,28.16,49.37,39.05,81.02,64.94,55.0,72.45,45.31,8.54,69.29,26.93,65.0,80.99,43.0,0.0,83.24,12.0,74.33,37.12,46.69,51.04,38.29,44.05,38.01,64.63,25.5,52.81
64,42.19,79.92,28.07,31.11,73.54,34.41,24.0,80.72,82.46,32.98,55.79,26.83,74.73,70.94,34.41,58.03,8.49,40.79,51.22,68.96,70.94,29.73,61.19,56.04,51.61,34.23,42.05,57.27,31.11,75.89,18.97,11.66,14.14,75.29,80.62,30.59,68.88,41.62,69.34,77.79,30.46,52.95,58.14,45.12,34.41,60.3,87.36,38.47,66.48,76.94,51.88,49.03,22.8,66.48,40.2,72.44,56.04,76.97,64.5,56.36,36.06,68.07,73.06,83.24,0.0,89.63,47.01,56.08,65.28,43.91,46.49,47.8,56.32,32.28,64.29,61.47
65,53.45,34.89,70.29,59.17,47.76,58.18,71.45,20.62,9.0,60.14,42.49,89.49,56.65,27.07,84.91,52.2,81.27,66.1,42.72,72.34,49.04,86.4,65.31,56.61,44.15,68.24,75.66,61.13,59.17,28.02,79.93,94.89,75.72,15.52,42.58,72.2,44.15,85.42,20.52,17.12,65.55,65.46,50.29,63.51,55.22,47.8,30.08,80.23,50.01,40.11,49.37,48.88,84.5,76.79,65.0,68.01,56.61,20.22,66.1,34.71,74.95,77.67,55.0,12.0,89.63,0.0,74.17,38.08,58.55,52.89,47.01,46.17,49.04,67.36,36.69,50.25
66,25.5,47.85,56.94,33.97,35.81,28.32,53.24,56.52,65.19,51.09,64.14,25.5,32.65,47.52,73.01,74.2,41.59,11.4,33.73,94.75,33.02,21.02,84.86,75.17,31.4,61.85,5.1,15.81,33.97,76.54,56.3,41.98,38.6,59.01,89.05,61.4,34.44,79.16,59.68,57.43,23.02,77.83,73.01,11.4,39.62,73.5,88.06,10.3,29.15,84.58,25.02,61.4,25.5,94.92,65.44,26.57,75.17,72.57,19.24,55.15,68.6,21.1,89.31,74.33,47.01,74.17,0.0,37.22,84.65,24.7,55.22,31.32,70.21,18.87,69.78,26.0
67,15.65,25.71,45.71,25.24,26.25,21.93,44.64,24.76,29.41,35.23,34.13,51.62,33.12,14.87,63.51,46.53,47.63,28.16,5.0,69.78,25.08,48.38,60.01,49.24,6.08,47.04,38.01,27.29,25.24,40.71,52.2,59.03,42.01,22.56,55.0,49.37,19.92,67.03,22.56,22.83,28.3,55.36,44.78,26.02,24.35,44.1,51.62,42.3,22.47,50.61,12.37,35.11,46.96,71.87,47.17,40.31,49.24,35.74,35.0,22.02,55.04,46.32,59.03,37.12,56.08,38.08,37.22,0.0,56.94,14.87,29.12,8.6,42.06,29.55,36.77,19.1
68,60.11,77.49,37.22,51.31,82.73,56.4,41.44,66.91,58.01,35.85,22.83,82.64,90.05,62.94,39.56,10.63,60.21,73.25,56.61,14.04,81.88,82.35,7.81,9.85,59.41,31.06,82.42,81.57,51.31,30.81,47.0,75.95,57.28,54.45,21.93,35.0,76.48,35.85,44.55,60.67,62.97,13.6,12.21,74.33,45.22,13.0,35.51,83.53,79.4,21.1,66.22,23.35,76.32,18.25,25.08,96.61,9.85,38.33,90.27,35.34,31.58,100.5,8.54,46.69,65.28,58.55,84.65,56.94,0.0,61.52,29.7,56.85,15.0,67.12,23.19,75.72
69,2.0,36.06,40.45,16.0,30.59,10.2,38.05,38.83,44.27,31.62,40.0,36.77,34.06,28.84,58.31,50.91,35.78,14.14,10.2,72.8,28.28,33.53,62.8,52.5,8.94,43.68,24.33,20.59,16.0,51.92,44.18,45.25,30.46,37.36,64.4,44.72,25.3,63.15,36.0,37.58,14.14,56.6,49.52,13.42,18.97,49.68,63.56,28.0,24.08,59.93,8.25,38.21,32.25,73.78,45.69,36.77,52.5,48.37,29.53,30.46,51.42,39.05,65.44,51.04,43.91,52.89,24.7,14.87,61.52,0.0,31.83,7.0,46.69,14.76,45.18,19.03
70,30.41,53.04,23.35,23.09,55.36,27.29,25.0,46.1,42.06,13.89,10.05,56.72,61.85,39.05,38.48,19.1,39.05,43.83,27.73,41.34,54.08,55.54,31.38,20.81,30.41,21.47,53.34,52.01,23.09,29.41,33.42,54.74,34.37,35.85,36.35,25.24,49.04,40.26,26.93,40.8,34.54,26.25,17.8,44.69,16.76,18.36,41.0,55.04,51.08,32.14,36.89,6.4,50.49,42.95,19.42,67.42,20.81,31.06,60.8,12.53,28.79,70.84,34.13,38.29,46.49,47.01,55.22,29.12,29.7,31.83,0.0,27.46,15.0,38.48,18.11,46.96
71,7.28,32.7,40.01,17.46,30.02,13.45,38.33,33.3,37.7,30.15,34.66,43.32,35.17,23.35,58.01,46.23,39.41,21.1,3.61,68.8,28.16,40.26,58.83,48.26,4.12,42.3,31.26,24.76,17.46,45.22,45.35,50.45,33.84,30.68,58.18,44.01,24.02,62.2,29.0,31.38,19.72,53.23,44.69,19.92,18.03,44.55,56.75,35.0,24.52,53.71,9.43,33.84,38.48,70.24,43.42,39.96,48.26,41.44,33.42,24.19,50.25,43.86,60.14,44.05,47.8,46.17,31.32,8.6,56.85,7.0,27.46,0.0,41.87,21.19,39.12,19.92
72,45.34,63.56,29.12,37.58,68.03,42.19,32.56,54.04,46.69,24.08,8.25,70.34,75.18,49.03,38.21,4.47,50.0,58.82,41.62,27.86,67.08,69.57,18.44,8.0,44.41,24.17,68.26,66.6,37.58,24.08,39.85,66.0,46.17,42.05,24.33,28.64,61.74,37.2,32.06,48.0,49.19,16.49,2.83,59.67,31.3,4.0,33.29,69.77,64.5,20.88,51.22,8.94,64.03,30.59,18.87,81.61,8.0,29.53,75.29,20.88,28.43,85.59,19.24,38.01,56.32,49.04,70.21,42.06,15.0,46.69,15.0,41.87,0.0,53.24,12.53,60.75
73,13.93,49.58,38.08,15.81,41.59,11.4,34.44,53.54,58.87,32.53,48.1,22.14,42.45,43.57,54.42,56.94,25.18,9.06,24.7,76.49,38.91,19.24,66.71,57.43,23.71,43.01,15.56,25.18,15.81,63.39,38.08,31.4,21.02,51.87,74.04,42.54,37.44,60.42,49.5,52.33,4.24,59.41,55.95,13.04,21.95,56.8,75.33,16.55,34.44,69.64,21.21,44.29,17.49,76.38,46.75,41.01,57.43,61.01,33.02,41.3,49.74,38.9,72.47,64.63,32.28,67.36,18.87,29.55,67.12,14.76,38.48,21.19,53.24,0.0,54.82,29.53
74,44.28,54.78,38.95,40.31,61.29,43.42,41.63,43.74,35.06,31.32,8.54,74.33,69.2,40.31,50.25,15.52,57.07,58.69,37.8,37.22,60.8,72.84,29.07,19.92,40.61,35.0,68.71,63.41,40.31,12.21,49.65,72.84,52.47,31.26,19.31,39.41,55.22,49.65,21.38,37.48,51.2,28.79,13.6,58.59,34.13,11.18,23.09,71.17,58.9,14.87,47.8,15.65,68.18,41.0,30.41,77.08,19.92,17.0,71.59,15.0,40.31,82.62,22.83,25.5,64.29,36.69,69.78,36.77,23.19,45.18,18.11,39.12,12.53,54.82,0.0,55.87
75,21.02,21.95,59.21,35.01,12.08,29.15,57.01,31.14,41.3,49.82,53.01,48.1,15.3,23.19,77.16,65.19,53.76,22.67,19.24,88.19,9.49,43.93,78.29,67.6,16.55,61.98,29.15,11.05,35.01,59.08,63.2,60.75,48.76,36.14,73.88,63.39,8.6,81.74,39.82,33.14,31.02,73.01,63.51,18.38,37.34,63.01,69.35,34.67,5.1,69.53,11.05,53.24,45.45,89.9,63.32,21.21,67.6,53.24,16.55,41.11,69.87,28.23,78.1,52.81,61.47,50.25,26.0,19.1,75.72,19.03,46.96,19.92,60.75,29.53,55.87,0.0
