vehicles
vehicle_idx, capacity, cost_per_unit_distance
1,100,3
2,100,3
3,100,3
4,100,3
5,100,3
6,100,3
7,100,3
8,100,3
9,100,3
depot
node_idx,x,y
0,61,37
home delivery customers
node_idx,x,y,service_time,demand
1,93,57,10,23
2,15,67,10,17
3,13,75,10,22
4,47,37,10,24
5,67,13,10,8
6,81,27,10,4
7,45,43,10,18
8,31,75,10,14
9,49,99,10,10
10,33,47,10,19
11,39,69,10,9
12,49,3,10,18
13,19,33,10,19
14,97,35,10,18
15,79,61,10,12
16,73,73,10,8
17,19,45,10,72
18,27,73,10,14
19,1,77,10,3
20,23,71,10,23
self pickup customers
node_idx,x,y,service_time,demand,locker_idxs
21,53,5,10,6,66
22,29,73,10,3,68-72-64
23,67,45,10,11,67-71
24,93,43,10,12,63
25,85,69,10,16,73-65
26,77,79,10,9,65-61
27,87,39,10,18,75
28,37,91,10,11,68-72-64
29,31,5,10,15,62
30,35,95,10,18,68
31,71,39,10,2,71
32,35,63,10,5,72
33,31,21,10,11,62
34,47,9,10,19,71-62
35,65,47,10,13,71-69
36,5,81,10,22,64
37,89,23,10,12,63-66
38,51,65,10,27,75
39,13,49,10,9,70-74
40,91,41,10,15,67
flexible customers
node_idx,x,y,service_time,demand,locker_idxs
41,23,43,10,12,74-70
42,23,71,10,24,70-72-74-64
43,21,49,10,7,74-70
44,69,25,10,14,71-67-66
45,53,35,10,20,71-67-69-75
46,25,39,10,16,70
47,63,9,10,19,66
48,47,37,10,22,71-67-75-69
49,49,87,10,2,68-72-69-61-64
50,35,25,10,4,62
51,5,43,10,12,62
52,87,45,10,16,67-75
53,1,49,10,19,62
54,63,73,10,12,69-75-61-65
55,79,71,10,10,75-65-61
56,21,55,10,20,72-70-74
57,65,23,10,7,71-67-66
58,97,23,10,16,63-66
59,53,27,10,18,67-71-66
60,57,85,10,6,72-61-65
lockers
node_idx,x,y,service_time,capacity,cost_per_unit_good
61,65,88,10,94
62,25,15,10,74
63,93,12,10,85
64,22,88,10,99
65,77,88,10,83
66,72,14,10,99
67,64,39,10,81
68,29,97,10,89
69,52,62,10,74
70,28,62,10,85
71,57,31,10,78
72,40,73,10,79
73,105,70,10,82
74,30,67,10,96
75,64,51,10,89
mrt lines
start_node_idx,end_node_idx,freight_capacity,cost_per_unit_good
61,62,94,0.1
62,61,94,0.1
63,64,99,0.1
64,63,99,0.1
distance matrix
,0,1,2,3,4,5,6,7,8,9,10,11,12,13,14,15,16,17,18,19,20,21,22,23,24,25,26,27,28,29,30,31,32,33,34,35,36,37,38,39,40,41,42,43,44,45,46,47,48,49,50,51,52,53,54,55,56,57,58,59,60,61,62,63,64,65,66,67,68,69,70,71,72,73,74,75,
0,0.0,37.74,54.92,61.22,14.0,24.74,22.36,17.09,48.41,63.15,29.73,38.83,36.06,42.19,36.06,30.0,37.95,42.76,49.52,72.11,50.99,32.98,48.17,10.0,32.56,40.0,44.94,26.08,59.09,43.86,63.56,10.2,36.77,34.0,31.3,10.77,71.22,31.3,29.73,49.48,30.27,38.47,50.99,41.76,14.42,8.25,36.06,28.07,14.0,51.42,28.64,56.32,27.2,61.19,36.06,38.47,43.86,14.56,38.63,12.81,48.17,51.16,42.19,40.61,64.2,53.45,25.5,3.61,68.0,26.57,41.4,7.21,41.68,55.0,43.14,14.32
1,37.74,0.0,78.64,82.0,50.16,51.11,32.31,50.0,64.56,60.83,60.83,55.32,69.66,77.79,22.36,14.56,25.61,74.97,67.91,94.15,71.39,65.6,65.97,28.64,14.0,14.42,27.2,18.97,65.51,80.92,69.34,28.43,58.31,71.69,66.48,29.73,91.21,34.23,42.76,80.4,16.12,71.39,71.39,72.44,40.0,45.65,70.34,56.6,50.16,53.25,66.24,89.11,13.42,92.35,34.0,19.8,72.03,44.05,34.23,50.0,45.61,41.77,79.92,45.0,77.47,34.89,47.85,34.13,75.47,41.3,65.19,44.41,55.36,17.69,63.79,29.61
2,54.92,78.64,0.0,8.25,43.86,74.97,77.18,38.42,17.89,46.69,26.91,24.08,72.47,34.23,88.02,64.28,58.31,22.36,13.42,17.2,8.94,72.72,15.23,56.46,81.61,70.03,63.15,77.25,32.56,64.03,34.41,62.61,20.4,48.7,66.24,53.85,17.2,86.09,36.06,18.11,80.32,25.3,8.94,18.97,68.41,49.68,29.73,75.29,43.86,39.45,46.52,26.0,75.29,22.8,48.37,64.12,13.42,66.6,93.06,55.17,45.69,54.23,52.95,95.44,22.14,65.46,77.83,56.44,33.11,37.34,13.93,55.32,25.71,90.05,15.0,51.55
3,61.22,82.0,8.25,0.0,50.99,82.22,83.23,45.25,18.0,43.27,34.41,26.68,80.5,42.43,93.04,67.47,60.03,30.59,14.14,12.17,10.77,80.62,16.12,61.77,86.16,72.25,64.12,82.29,28.84,72.28,29.73,68.26,25.06,56.92,74.24,59.06,10.0,92.09,39.29,26.0,85.09,33.53,10.77,27.2,75.07,56.57,37.95,82.8,50.99,37.95,54.63,32.98,79.85,28.64,50.04,66.12,21.54,73.54,98.79,62.48,45.12,53.6,61.19,101.83,15.81,65.31,84.86,62.43,27.2,41.11,19.85,62.23,27.07,92.14,18.79,56.36
4,14.0,50.16,43.86,50.99,0.0,31.24,35.44,6.32,41.23,62.03,17.2,32.98,34.06,28.28,50.04,40.0,44.41,29.12,41.18,60.96,41.62,32.56,40.25,21.54,46.39,49.68,51.61,40.05,54.92,35.78,59.23,24.08,28.64,22.63,28.0,20.59,60.83,44.27,28.28,36.06,44.18,24.74,41.62,28.64,25.06,6.32,22.09,32.25,0.0,50.04,16.97,42.43,40.79,47.54,39.4,46.69,31.62,22.8,51.92,11.66,49.03,54.08,31.11,52.35,56.8,59.17,33.97,17.12,62.64,25.5,31.4,11.66,36.67,66.73,34.48,22.02
5,24.74,51.11,74.97,82.22,31.24,0.0,19.8,37.2,71.69,87.86,48.08,62.61,20.59,52.0,37.2,49.48,60.3,57.69,72.11,91.93,72.8,16.12,71.02,32.0,39.7,58.82,66.75,32.8,83.57,36.88,88.02,26.31,59.36,36.88,20.4,34.06,92.02,24.17,54.41,64.9,36.88,53.25,72.8,58.41,12.17,26.08,49.4,5.66,31.24,76.16,34.18,68.88,37.74,75.18,60.13,59.23,62.29,10.2,31.62,19.8,72.69,75.03,42.05,26.02,87.46,75.66,5.1,26.17,92.2,51.24,62.63,20.59,65.8,68.51,65.46,38.12
6,22.36,32.31,77.18,83.23,35.44,19.8,0.0,39.4,69.31,78.79,52.0,59.4,40.0,62.29,17.89,34.06,46.69,64.56,70.94,94.34,72.8,35.61,69.43,22.8,20.0,42.19,52.15,13.42,77.67,54.63,82.1,15.62,58.41,50.36,38.47,25.61,93.23,8.94,48.41,71.47,17.2,60.17,72.8,63.91,12.17,29.12,57.27,25.46,35.44,68.0,46.04,77.67,18.97,82.97,49.4,44.05,66.21,16.49,16.49,28.0,62.77,63.06,57.27,19.21,84.86,61.13,15.81,20.81,87.2,45.45,63.51,24.33,61.62,49.24,64.82,29.41
7,17.09,50.0,38.42,45.25,6.32,37.2,39.4,0.0,34.93,56.14,12.65,26.68,40.2,27.86,52.61,38.47,41.04,26.08,34.99,55.61,35.61,38.83,34.0,22.09,48.0,47.71,48.17,42.19,48.66,40.5,52.95,26.31,22.36,26.08,34.06,20.4,55.17,48.33,22.8,32.56,46.04,22.0,35.61,24.74,30.0,11.31,20.4,38.47,6.32,44.18,20.59,40.0,42.05,44.41,34.99,44.05,26.83,28.28,55.71,17.89,43.68,49.24,34.41,57.14,50.54,55.22,39.62,19.42,56.32,20.25,25.5,16.97,30.41,65.8,28.3,20.62
8,48.41,64.56,17.89,18.0,41.23,71.69,69.31,34.93,0.0,30.0,28.07,10.0,74.22,43.68,77.18,50.0,42.05,32.31,4.47,30.07,8.94,73.38,2.83,46.86,69.77,54.33,46.17,66.57,17.09,70.0,20.4,53.81,12.65,54.0,67.91,44.05,26.68,77.9,22.36,31.62,68.96,32.98,8.94,27.86,62.8,45.65,36.5,73.35,41.23,21.63,50.16,41.23,63.53,39.7,32.06,48.17,22.36,62.13,84.02,52.8,27.86,36.4,60.3,88.39,15.81,47.8,73.5,48.84,22.09,24.7,13.34,51.11,9.22,74.17,8.06,40.8
9,63.15,60.83,46.69,43.27,62.03,87.86,78.79,56.14,30.0,0.0,54.41,31.62,96.0,72.5,80.0,48.41,35.38,61.77,34.06,52.8,38.21,94.09,32.8,56.92,71.22,46.86,34.41,71.02,14.42,95.71,14.56,63.91,38.63,80.05,90.02,54.41,47.54,85.88,34.06,61.61,71.61,61.74,38.21,57.31,76.66,64.12,64.62,91.08,62.03,12.0,75.31,71.22,66.03,69.31,29.53,41.04,52.15,77.67,89.89,72.11,16.12,19.42,87.36,97.49,29.15,30.08,88.06,61.85,20.1,37.12,42.54,68.47,27.51,63.06,37.22,50.29
10,29.73,60.83,26.91,34.41,17.2,48.08,52.0,12.65,28.07,54.41,0.0,22.8,46.82,19.8,65.12,48.08,47.71,14.14,26.68,43.86,26.0,46.52,26.31,34.06,60.13,56.46,54.41,54.59,44.18,42.05,48.04,38.83,16.12,26.08,40.5,32.0,44.05,60.93,25.46,20.1,58.31,10.77,26.0,12.17,42.19,23.32,11.31,48.41,17.2,43.08,22.09,28.28,54.04,32.06,39.7,51.88,14.42,40.0,68.35,28.28,44.94,52.01,32.98,69.46,42.45,60.14,51.09,32.02,50.16,24.21,15.81,28.84,26.93,75.58,20.22,31.26
11,38.83,55.32,24.08,26.68,32.98,62.61,59.4,26.68,10.0,31.62,22.8,0.0,66.75,41.18,67.23,40.79,34.23,31.24,12.65,38.83,16.12,65.51,10.77,36.88,59.93,46.0,39.29,56.6,22.09,64.5,26.31,43.86,7.21,48.66,60.53,34.06,36.06,67.94,12.65,32.8,59.06,30.53,16.12,26.91,53.25,36.77,33.11,64.62,32.98,20.59,44.18,42.8,53.67,42.94,24.33,40.05,22.8,52.84,74.03,44.27,24.08,32.2,55.79,78.52,25.5,42.49,64.14,39.05,29.73,14.76,13.04,42.05,4.12,66.01,9.22,30.81
12,36.06,69.66,72.47,80.5,34.06,20.59,40.0,40.2,74.22,96.0,46.82,66.75,0.0,42.43,57.69,65.3,74.0,51.61,73.38,88.2,72.8,4.47,72.8,45.69,59.46,75.18,80.99,52.35,88.81,18.11,93.06,42.19,61.61,25.46,6.32,46.82,89.55,44.72,62.03,58.41,56.64,47.71,72.8,53.85,29.73,32.25,43.27,15.23,34.06,84.0,26.08,59.46,56.64,66.48,71.39,74.32,59.06,25.61,52.0,24.33,82.39,86.49,26.83,44.91,89.19,89.49,25.5,39.0,96.1,59.08,62.63,29.12,70.58,87.32,66.76,50.29
13,42.19,77.79,34.23,42.43,28.28,52.0,62.29,27.86,43.68,72.5,19.8,41.18,42.43,0.0,78.03,66.21,67.2,12.0,40.79,47.54,38.21,44.05,41.23,49.48,74.67,75.18,74.03,68.26,60.73,30.46,64.03,52.35,34.0,16.97,36.88,48.08,50.0,70.71,45.25,17.09,72.44,10.77,38.21,16.12,50.64,34.06,8.49,50.12,28.28,61.77,17.89,17.2,69.05,24.08,59.46,71.02,22.09,47.07,78.64,34.53,64.4,71.7,18.97,76.92,55.08,79.93,56.3,45.4,64.78,43.93,30.36,38.05,45.18,93.62,35.74,48.47
14,36.06,22.36,88.02,93.04,50.04,37.2,17.89,52.61,77.18,80.0,65.12,67.23,57.69,78.03,0.0,31.62,44.94,78.64,79.65,104.79,82.29,53.25,77.9,31.62,8.94,36.06,48.33,10.77,82.07,72.5,86.28,26.31,68.03,67.47,56.36,34.18,102.86,14.42,54.92,85.16,8.49,74.43,82.29,77.28,29.73,44.0,72.11,42.8,50.04,70.77,62.8,92.35,14.14,97.02,50.99,40.25,78.59,34.18,12.0,44.72,64.03,61.91,74.73,23.35,91.84,56.65,32.65,33.24,92.02,52.48,74.09,40.2,68.51,35.9,74.25,36.67
15,30.0,14.56,64.28,67.47,40.0,49.48,34.06,38.47,50.0,48.41,48.08,40.79,65.3,66.21,31.62,0.0,13.42,62.1,53.37,79.62,56.89,61.74,51.42,20.0,22.8,10.0,18.11,23.41,51.61,73.76,55.61,23.41,44.05,62.48,61.06,19.8,76.66,39.29,28.28,67.08,23.32,58.82,56.89,59.23,37.36,36.77,58.31,54.41,40.0,39.7,56.85,76.16,17.89,78.92,20.0,10.0,58.31,40.5,42.05,42.8,32.56,30.41,70.94,50.96,63.07,27.07,47.52,26.63,61.61,27.02,51.01,37.2,40.8,27.51,49.37,18.03
16,37.95,25.61,58.31,60.03,44.41,60.3,46.69,41.04,42.05,35.38,47.71,34.23,74.0,67.2,44.94,13.42,0.0,60.83,46.0,72.11,50.04,70.88,44.0,28.64,36.06,12.65,7.21,36.77,40.25,79.92,43.91,34.06,39.29,66.84,69.08,27.2,68.47,52.5,23.41,64.62,36.72,58.31,50.04,57.27,48.17,42.94,58.82,64.78,44.41,27.78,61.22,74.32,31.3,75.89,10.0,6.32,55.03,50.64,55.46,50.16,20.0,17.0,75.29,64.2,53.16,15.52,59.01,35.17,50.12,23.71,46.32,44.94,33.0,32.14,43.42,23.77
17,42.76,74.97,22.36,30.59,29.12,57.69,64.56,26.08,32.31,61.77,14.14,31.24,51.61,12.0,78.64,62.1,60.83,0.0,29.12,36.72,26.31,52.5,29.73,48.0,74.03,70.23,67.23,68.26,49.4,41.76,52.5,52.35,24.08,26.83,45.61,46.04,38.63,73.38,37.74,7.21,72.11,4.47,26.31,4.47,53.85,35.44,8.49,56.85,29.12,51.61,25.61,14.14,68.0,18.44,52.15,65.39,10.2,50.99,81.04,38.47,55.17,62.97,30.59,81.02,43.1,72.2,61.4,45.4,52.95,37.12,19.24,40.5,35.0,89.56,24.6,45.4
18,49.52,67.91,13.42,14.14,41.18,72.11,70.94,34.99,4.47,34.06,26.68,12.65,73.38,40.79,79.65,53.37,46.0,29.12,0.0,26.31,4.47,72.8,2.0,48.83,72.5,58.14,50.36,68.96,20.59,68.12,23.41,55.61,12.81,52.15,67.05,46.04,23.41,79.65,25.3,27.78,71.55,30.27,4.47,24.74,63.78,46.04,34.06,73.43,41.18,26.08,48.66,37.2,66.21,35.38,36.0,52.04,18.97,62.8,86.02,52.84,32.31,40.85,58.03,89.87,15.81,52.2,74.2,50.25,24.08,27.31,11.05,51.61,13.0,78.06,6.71,43.05
19,72.11,94.15,17.2,12.17,60.96,91.93,94.34,55.61,30.07,52.8,43.86,38.83,88.2,47.54,104.79,79.62,72.11,36.72,26.31,0.0,22.8,88.81,28.28,73.35,98.08,84.38,76.03,94.02,38.63,78.0,38.47,79.65,36.77,63.53,82.1,70.68,5.66,103.25,51.42,30.46,96.93,40.5,22.8,34.41,85.6,66.84,44.94,92.02,60.96,49.03,62.13,34.23,91.76,28.0,62.13,78.23,29.73,83.74,110.15,72.14,56.57,64.94,66.48,112.65,23.71,76.79,94.92,73.57,34.41,53.16,30.89,72.47,39.2,104.24,30.68,68.15
20,50.99,71.39,8.94,10.77,41.62,72.8,72.8,35.61,8.94,38.21,26.0,16.12,72.8,38.21,82.29,56.89,50.04,26.31,4.47,22.8,0.0,72.5,6.32,51.11,75.39,62.03,54.59,71.55,24.41,66.48,26.83,57.69,14.42,50.64,66.48,48.37,20.59,81.61,28.64,24.17,74.32,28.0,0.0,22.09,65.05,46.86,32.06,73.78,41.62,30.53,47.54,33.29,69.08,31.11,40.05,56.0,16.12,63.78,88.2,53.25,36.77,45.31,56.04,91.55,17.03,56.61,75.17,52.01,26.68,30.36,10.3,52.5,17.12,82.01,8.06,45.62
21,32.98,65.6,72.72,80.62,32.56,16.12,35.61,38.83,73.38,94.09,46.52,65.51,4.47,44.05,53.25,61.74,70.88,52.5,72.8,88.81,72.5,0.0,72.11,42.38,55.17,71.55,77.79,48.08,87.48,22.0,91.78,38.47,60.73,27.2,7.21,43.68,89.89,40.25,60.03,59.46,52.35,48.41,72.5,54.41,25.61,30.0,44.05,10.77,32.56,82.1,26.91,61.22,52.5,68.12,68.73,70.94,59.36,21.63,47.54,22.0,80.1,83.86,29.73,40.61,88.6,86.4,21.02,35.74,95.08,57.01,62.24,26.31,69.23,83.24,66.13,47.3
22,48.17,65.97,15.23,16.12,40.25,71.02,69.43,34.0,2.83,32.8,26.31,10.77,72.8,41.23,77.9,51.42,44.0,29.73,2.0,28.28,6.32,72.11,0.0,47.2,70.68,56.14,48.37,67.23,19.7,68.03,22.8,54.04,11.66,52.04,66.48,44.41,25.3,78.1,23.41,28.84,69.77,30.59,6.32,25.3,62.48,44.94,34.23,72.47,40.25,24.41,48.37,38.42,64.4,36.88,34.0,50.04,19.7,61.61,84.4,51.88,30.46,39.0,58.14,88.41,16.55,50.29,73.01,48.8,24.0,25.5,11.05,50.48,11.0,76.06,6.08,41.34
23,10.0,28.64,56.46,61.77,21.54,32.0,22.8,22.09,46.86,56.92,34.06,36.88,45.69,49.48,31.62,20.0,28.64,48.0,48.83,73.35,51.11,42.38,47.2,0.0,26.08,30.0,35.44,20.88,54.92,53.81,59.36,7.21,36.72,43.27,41.18,2.83,71.69,31.11,25.61,54.15,24.33,44.05,51.11,46.17,20.1,17.2,42.43,36.22,21.54,45.69,37.74,62.03,20.0,66.12,28.28,28.64,47.07,22.09,37.2,22.8,41.23,43.05,51.61,42.01,62.24,44.15,31.4,6.71,64.4,22.67,42.54,17.2,38.9,45.49,43.05,6.71
24,32.56,14.0,81.61,86.16,46.39,39.7,20.0,48.0,69.77,71.22,60.13,59.93,59.46,74.67,8.94,22.8,36.06,74.03,72.5,98.08,75.39,55.17,70.68,26.08,0.0,27.2,39.4,7.21,73.76,72.72,77.9,22.36,61.35,65.79,57.2,28.28,95.85,20.4,47.41,80.22,2.83,70.0,75.39,72.25,30.0,40.79,68.12,45.34,46.39,62.23,60.73,88.0,6.32,92.2,42.43,31.3,72.99,34.41,20.4,43.08,55.32,53.0,73.54,31.0,84.06,47.76,35.81,29.27,83.74,45.19,67.72,37.95,60.9,29.55,67.42,30.08
25,40.0,14.42,70.03,72.25,49.68,58.82,42.19,47.71,54.33,46.86,56.46,46.0,75.18,75.18,36.06,10.0,12.65,70.23,58.14,84.38,62.03,71.55,56.14,30.0,27.2,0.0,12.81,30.07,52.8,83.74,56.36,33.11,50.36,72.25,71.02,29.73,80.89,46.17,34.23,74.73,28.64,67.23,62.03,67.05,46.82,46.69,67.08,63.91,49.68,40.25,66.6,84.12,24.08,86.35,22.36,6.32,65.51,50.16,47.54,52.8,32.25,27.59,80.72,57.56,65.8,20.62,56.52,36.62,62.61,33.73,57.43,47.2,45.18,20.02,55.04,27.66
26,44.94,27.2,63.15,64.12,51.61,66.75,52.15,48.17,46.17,34.41,54.41,39.29,80.99,74.03,48.33,18.11,7.21,67.23,50.36,76.03,54.59,77.79,48.37,35.44,39.4,12.81,0.0,41.23,41.76,87.13,44.94,40.45,44.94,74.03,76.16,34.18,72.03,57.27,29.53,70.68,40.5,64.9,54.59,63.53,54.59,50.12,65.6,71.39,51.61,29.12,68.41,80.5,35.44,81.71,15.23,8.25,60.93,57.27,59.46,57.27,20.88,15.0,82.46,68.88,55.73,9.0,65.19,42.06,51.26,30.23,51.87,52.0,37.48,29.41,48.51,30.87
27,26.08,18.97,77.25,82.29,40.05,32.8,13.42,42.19,66.57,71.02,54.59,56.6,52.35,68.26,10.77,23.41,36.77,68.26,68.96,94.02,71.55,48.08,67.23,20.88,7.21,30.07,41.23,0.0,72.14,65.51,76.42,16.0,57.27,58.82,50.0,23.41,92.13,16.12,44.41,74.67,4.47,64.12,71.55,66.75,22.8,34.23,62.0,38.42,40.05,61.22,53.85,82.1,6.0,86.58,41.62,32.98,67.91,27.2,18.87,36.06,54.92,53.71,66.48,27.66,81.4,50.01,29.15,23.0,82.02,41.88,63.32,31.05,58.01,35.85,63.51,25.94
28,59.09,65.51,32.56,28.84,54.92,83.57,77.67,48.66,17.09,14.42,44.18,22.09,88.81,60.73,82.07,51.61,40.25,49.4,20.59,38.63,24.41,87.48,19.7,54.92,73.76,52.8,41.76,72.14,0.0,86.21,4.47,62.13,28.07,70.26,82.61,52.15,33.53,85.6,29.53,48.37,73.59,50.0,24.41,44.94,73.35,58.24,53.37,86.02,54.92,12.65,66.03,57.69,67.94,55.32,31.62,46.52,39.4,73.54,90.69,65.97,20.88,28.16,76.94,96.83,15.3,40.11,84.58,58.59,10.0,32.65,30.36,63.25,18.25,71.17,25.0,48.26
29,43.86,80.92,64.03,72.28,35.78,36.88,54.63,40.5,70.0,95.71,42.05,64.5,18.11,30.46,72.5,73.76,79.92,41.76,68.12,78.0,66.48,22.0,68.03,53.81,72.72,83.74,87.13,65.51,86.21,0.0,90.09,52.5,58.14,16.0,16.49,54.04,80.32,60.73,63.25,47.54,69.97,38.83,66.48,45.12,42.94,37.2,34.53,32.25,35.78,83.95,20.4,46.04,68.82,53.25,75.15,81.61,50.99,38.47,68.41,31.11,84.12,89.69,11.66,62.39,83.49,94.89,41.98,47.38,92.02,60.75,57.08,36.77,68.59,98.49,62.01,56.61
30,63.56,69.34,34.41,29.73,59.23,88.02,82.1,52.95,20.4,14.56,48.04,26.31,93.06,64.03,86.28,55.61,43.91,52.5,23.41,38.47,26.83,91.78,22.8,59.36,77.9,56.36,44.94,76.42,4.47,90.09,0.0,66.57,32.0,74.11,86.83,56.6,33.11,90.0,34.0,50.99,77.79,53.37,26.83,48.08,77.82,62.64,56.89,90.44,59.23,16.12,70.0,60.03,72.14,57.2,35.61,50.12,42.38,78.0,95.02,70.34,24.17,30.81,80.62,101.26,14.76,42.58,89.05,63.06,6.32,37.12,33.73,67.68,22.56,74.33,28.44,52.7
31,10.2,28.43,62.61,68.26,24.08,26.31,15.62,26.31,53.81,63.91,38.83,43.86,42.19,52.35,26.31,23.41,34.06,52.35,55.61,79.65,57.69,38.47,54.04,7.21,22.36,33.11,40.45,16.0,62.13,52.5,66.57,0.0,43.27,43.86,38.42,10.0,78.23,24.08,32.8,58.86,20.1,48.17,57.69,50.99,14.14,18.44,46.0,31.05,24.08,52.8,38.63,66.12,17.09,70.71,34.93,32.98,52.5,17.09,30.53,21.63,48.08,49.37,51.88,34.83,69.3,49.37,25.02,7.0,71.61,29.83,48.76,16.12,46.01,46.01,49.65,13.89
32,36.77,58.31,20.4,25.06,28.64,59.36,58.41,22.36,12.65,38.63,16.12,7.21,61.61,34.0,68.03,44.05,39.29,24.08,12.81,36.77,14.42,60.73,11.66,36.72,61.35,50.36,44.94,57.27,28.07,58.14,32.0,43.27,0.0,42.19,55.32,34.0,34.99,67.2,16.12,26.08,60.17,23.32,14.42,19.8,50.99,33.29,26.0,60.83,28.64,27.78,38.0,36.06,55.03,36.77,29.73,44.72,16.12,50.0,73.78,40.25,31.11,39.05,49.03,77.23,28.18,48.88,61.4,37.64,34.53,17.03,7.07,38.83,11.18,70.35,6.4,31.38
33,34.0,71.69,48.7,56.92,22.63,36.88,50.36,26.08,54.0,80.05,26.08,48.66,25.46,16.97,67.47,62.48,66.84,26.83,52.15,63.53,50.64,27.2,52.04,43.27,65.79,72.25,74.03,58.82,70.26,16.0,74.11,43.86,42.19,0.0,20.0,42.8,65.39,58.03,48.33,33.29,63.25,23.41,50.64,29.73,38.21,26.08,18.97,34.18,22.63,68.41,5.66,34.06,60.93,41.04,61.06,69.31,35.44,34.06,66.03,22.8,69.08,75.13,8.49,62.65,67.6,81.27,41.59,37.59,76.03,46.07,41.11,27.86,52.77,88.75,46.01,44.6
34,31.3,66.48,66.24,74.24,28.0,20.4,38.47,34.06,67.91,90.02,40.5,60.53,6.32,36.88,56.36,61.06,69.08,45.61,67.05,82.1,66.48,7.21,66.48,41.18,57.2,71.02,76.16,50.0,82.61,16.49,86.83,38.42,55.32,20.0,0.0,42.05,83.35,44.27,56.14,52.5,54.41,41.62,66.48,47.71,27.2,26.68,37.2,16.0,28.0,78.03,20.0,54.04,53.81,60.96,65.97,69.77,52.84,22.8,51.92,18.97,76.66,81.02,22.8,46.1,82.86,84.5,25.5,34.48,89.82,53.24,56.3,24.17,64.38,84.17,60.44,45.31
35,10.77,29.73,53.85,59.06,20.59,34.06,25.61,20.4,44.05,54.41,32.0,34.06,46.82,48.08,34.18,19.8,27.2,46.04,46.04,70.68,48.37,43.68,44.41,2.83,28.28,29.73,34.18,23.41,52.15,54.04,56.6,10.0,34.0,42.8,42.05,0.0,68.96,33.94,22.8,52.04,26.68,42.19,48.37,44.05,22.36,16.97,40.79,38.05,20.59,43.08,37.2,60.13,22.09,64.03,26.08,27.78,44.72,24.0,40.0,23.32,38.83,41.0,51.22,44.82,59.41,42.72,33.73,8.06,61.61,19.85,39.92,17.89,36.07,46.14,40.31,4.12
36,71.22,91.21,17.2,10.0,60.83,92.02,93.23,55.17,26.68,47.54,44.05,36.06,89.55,50.0,102.86,76.66,68.47,38.63,23.41,5.66,20.59,89.89,25.3,71.69,95.85,80.89,72.03,92.13,33.53,80.32,33.11,78.23,34.99,65.39,83.35,68.96,0.0,102.08,48.7,32.98,94.85,42.05,20.59,35.78,85.04,66.48,46.52,92.46,60.83,44.41,63.53,38.0,89.55,32.25,58.55,74.67,30.53,83.45,108.76,72.25,52.15,60.41,68.96,111.83,18.38,72.34,94.75,72.42,28.84,50.7,29.83,72.14,35.9,100.6,28.65,66.19
37,31.3,34.23,86.09,92.09,44.27,24.17,8.94,48.33,77.9,85.88,60.93,67.94,44.72,70.71,14.42,39.29,52.5,73.38,79.65,103.25,81.61,40.25,78.1,31.11,20.4,46.17,57.27,16.12,85.6,60.73,90.0,24.08,67.2,58.03,44.27,33.94,102.08,0.0,56.64,80.32,18.11,68.96,81.61,72.8,20.1,37.95,65.97,29.53,44.27,75.47,54.04,86.35,22.09,91.76,56.36,49.03,75.15,24.0,8.0,36.22,69.77,69.29,64.5,11.7,93.35,66.1,19.24,29.68,95.27,53.76,72.4,32.98,70.01,49.65,73.6,37.54
38,29.73,42.76,36.06,39.29,28.28,54.41,48.41,22.8,22.36,34.06,25.46,12.65,62.03,45.25,54.92,28.28,23.41,37.74,25.3,51.42,28.64,60.03,23.41,25.61,47.41,34.23,29.53,44.41,29.53,63.25,34.0,32.8,16.12,48.33,56.14,22.8,48.7,56.64,0.0,41.23,46.65,35.61,28.64,34.0,43.86,30.07,36.77,57.27,28.28,22.09,43.08,50.99,41.18,52.5,14.42,28.64,31.62,44.27,62.29,38.05,20.88,26.93,56.36,67.62,37.01,34.71,55.15,29.07,38.83,3.16,23.19,34.53,13.6,54.23,21.1,19.1
39,49.48,80.4,18.11,26.0,36.06,64.9,71.47,32.56,31.62,61.61,20.1,32.8,58.41,17.09,85.16,67.08,64.62,7.21,27.78,30.46,24.17,59.46,28.84,54.15,80.22,74.73,70.68,74.67,48.37,47.54,50.99,58.86,26.08,33.29,52.5,52.04,32.98,80.32,41.23,0.0,78.41,11.66,24.17,8.0,60.93,42.38,15.62,64.03,36.06,52.35,32.56,10.0,74.11,12.0,55.46,69.57,10.0,58.14,87.93,45.65,56.85,65.0,36.06,88.14,40.02,74.95,68.6,51.97,50.6,41.11,19.85,47.54,36.12,94.37,24.76,51.04
40,30.27,16.12,80.32,85.09,44.18,36.88,17.2,46.04,68.96,71.61,58.31,59.06,56.64,72.44,8.49,23.32,36.72,72.11,71.55,96.93,74.32,52.35,69.77,24.33,2.83,28.64,40.5,4.47,73.59,69.97,77.79,20.1,60.17,63.25,54.41,26.68,94.85,18.11,46.65,78.41,0.0,68.03,74.32,70.46,27.2,38.47,66.03,42.52,44.18,62.29,58.24,86.02,5.66,90.35,42.52,32.31,71.39,31.62,18.97,40.5,55.61,53.71,70.94,29.07,83.49,49.04,33.02,27.07,83.55,44.29,66.41,35.44,60.21,32.2,66.31,28.79
41,38.47,71.39,25.3,33.53,24.74,53.25,60.17,22.0,32.98,61.74,10.77,30.53,47.71,10.77,74.43,58.82,58.31,4.47,30.27,40.5,28.0,48.41,30.59,44.05,70.0,67.23,64.9,64.12,50.0,38.83,53.37,48.17,23.32,23.41,41.62,42.19,42.05,68.96,35.61,11.66,68.03,0.0,28.0,6.32,49.4,31.05,4.47,52.5,24.74,51.11,21.63,18.0,64.03,22.8,50.0,62.61,12.17,46.52,76.66,34.0,54.04,61.55,28.07,76.56,45.01,70.29,56.94,41.19,54.33,34.67,19.65,36.06,34.48,86.33,25.0,41.77
42,50.99,71.39,8.94,10.77,41.62,72.8,72.8,35.61,8.94,38.21,26.0,16.12,72.8,38.21,82.29,56.89,50.04,26.31,4.47,22.8,0.0,72.5,6.32,51.11,75.39,62.03,54.59,71.55,24.41,66.48,26.83,57.69,14.42,50.64,66.48,48.37,20.59,81.61,28.64,24.17,74.32,28.0,0.0,22.09,65.05,46.86,32.06,73.78,41.62,30.53,47.54,33.29,69.08,31.11,40.05,56.0,16.12,63.78,88.2,53.25,36.77,45.31,56.04,91.55,17.03,56.61,75.17,52.01,26.68,30.36,10.3,52.5,17.12,82.01,8.06,45.62
43,41.76,72.44,18.97,27.2,28.64,58.41,63.91,24.74,27.86,57.31,12.17,26.91,53.85,16.12,77.28,59.23,57.27,4.47,24.74,34.41,22.09,54.41,25.3,46.17,72.25,67.05,63.53,66.75,44.94,45.12,48.08,50.99,19.8,29.73,47.71,44.05,35.78,72.8,34.0,8.0,70.46,6.32,22.09,0.0,53.67,34.93,10.77,58.0,28.64,47.2,27.78,17.09,66.12,20.0,48.37,62.03,6.0,51.11,80.32,38.83,50.91,58.8,34.23,80.95,39.01,68.24,61.85,44.15,48.66,33.62,14.76,40.25,30.61,86.59,20.12,43.05
44,14.42,40.0,68.41,75.07,25.06,12.17,12.17,30.0,62.8,76.66,42.19,53.25,29.73,50.64,29.73,37.36,48.17,53.85,63.78,85.6,65.05,25.61,62.48,20.1,30.0,46.82,54.59,22.8,73.35,42.94,77.82,14.14,50.99,38.21,27.2,22.36,85.04,20.1,43.86,60.93,27.2,49.4,65.05,53.67,0.0,18.87,46.17,17.09,25.06,65.15,34.0,66.48,26.91,72.11,48.37,47.07,56.6,4.47,28.07,16.12,61.19,63.13,45.12,27.29,78.6,63.51,11.4,14.87,82.37,40.72,55.23,13.42,56.08,57.63,57.31,26.48
45,8.25,45.65,49.68,56.57,6.32,26.08,29.12,11.31,45.65,64.12,23.32,36.77,32.25,34.06,44.0,36.77,42.94,35.44,46.04,66.84,46.86,30.0,44.94,17.2,40.79,46.69,50.12,34.23,58.24,37.2,62.64,18.44,33.29,26.08,26.68,16.97,66.48,37.95,30.07,42.38,38.47,31.05,46.86,34.93,18.87,0.0,28.28,27.86,6.32,52.15,20.59,48.66,35.44,53.85,39.29,44.41,37.74,16.97,45.61,8.0,50.16,54.34,34.41,46.14,61.4,58.18,28.32,11.7,66.48,27.02,36.8,5.66,40.16,62.68,39.41,19.42
46,36.06,70.34,29.73,37.95,22.09,49.4,57.27,20.4,36.5,64.62,11.31,33.11,43.27,8.49,72.11,58.31,58.82,8.49,34.06,44.94,32.06,44.05,34.23,42.43,68.12,67.08,65.6,62.0,53.37,34.53,56.89,46.0,26.0,18.97,37.2,40.79,46.52,65.97,36.77,15.62,66.03,4.47,32.06,10.77,46.17,28.28,0.0,48.41,22.09,53.67,17.2,20.4,62.29,26.0,50.99,62.77,16.49,43.08,73.76,30.46,56.04,63.25,24.0,73.16,49.09,71.45,53.24,39.0,58.14,35.47,23.19,32.98,37.16,85.8,28.44,40.8
47,28.07,56.6,75.29,82.8,32.25,5.66,25.46,38.47,73.35,91.08,48.41,64.62,15.23,50.12,42.8,54.41,64.78,56.85,73.43,92.02,73.78,10.77,72.47,36.22,45.34,63.91,71.39,38.42,86.02,32.25,90.44,31.05,60.83,34.18,16.0,38.05,92.46,29.53,57.27,64.03,42.52,52.5,73.78,58.0,17.09,27.86,48.41,0.0,32.25,79.25,32.25,67.23,43.27,73.78,64.0,64.03,62.29,14.14,36.77,20.59,76.24,79.03,38.47,30.15,89.01,80.23,10.3,30.02,94.34,54.13,63.51,22.8,68.01,74.06,66.73,42.01
48,14.0,50.16,43.86,50.99,0.0,31.24,35.44,6.32,41.23,62.03,17.2,32.98,34.06,28.28,50.04,40.0,44.41,29.12,41.18,60.96,41.62,32.56,40.25,21.54,46.39,49.68,51.61,40.05,54.92,35.78,59.23,24.08,28.64,22.63,28.0,20.59,60.83,44.27,28.28,36.06,44.18,24.74,41.62,28.64,25.06,6.32,22.09,32.25,0.0,50.04,16.97,42.43,40.79,47.54,39.4,46.69,31.62,22.8,51.92,11.66,49.03,54.08,31.11,52.35,56.8,59.17,33.97,17.12,62.64,25.5,31.4,11.66,36.67,66.73,34.48,22.02
49,51.42,53.25,39.45,37.95,50.04,76.16,68.0,44.18,21.63,12.0,43.08,20.59,84.0,61.77,70.77,39.7,27.78,51.61,26.08,49.03,30.53,82.1,24.41,45.69,62.23,40.25,29.12,61.22,12.65,83.95,16.12,52.8,27.78,68.41,78.03,43.08,44.41,75.47,22.09,52.35,62.29,51.11,30.53,47.2,65.15,52.15,53.67,79.25,50.04,0.0,63.56,62.23,56.64,61.22,19.8,34.0,42.52,65.97,80.0,60.13,8.25,16.03,75.89,86.95,27.02,28.02,76.54,50.29,22.36,25.18,32.65,56.57,16.64,58.52,27.59,39.0
50,28.64,66.24,46.52,54.63,16.97,34.18,46.04,20.59,50.16,75.31,22.09,44.18,26.08,17.89,62.8,56.85,61.22,25.61,48.66,62.13,47.54,26.91,48.37,37.74,60.73,66.6,68.41,53.85,66.03,20.4,70.0,38.63,38.0,5.66,20.0,37.2,63.53,54.04,43.08,32.56,58.24,21.63,47.54,27.78,34.0,20.59,17.2,32.25,16.97,63.56,0.0,34.99,55.71,41.62,55.57,63.66,33.11,30.07,62.03,18.11,63.91,69.78,14.14,59.44,64.33,75.72,38.6,32.2,72.25,40.72,37.66,22.8,48.26,83.22,42.3,38.95
51,56.32,89.11,26.0,32.98,42.43,68.88,77.67,40.0,41.23,71.22,28.28,42.8,59.46,17.2,92.35,76.16,74.32,14.14,37.2,34.23,33.29,61.22,38.42,62.03,88.0,84.12,80.5,82.1,57.69,46.04,60.03,66.12,36.06,34.06,54.04,60.13,38.0,86.35,50.99,10.0,86.02,18.0,33.29,17.09,66.48,48.66,20.4,67.23,42.43,62.23,34.99,0.0,82.02,7.21,65.3,79.12,20.0,63.25,94.15,50.6,66.84,75.0,34.41,93.3,48.1,84.91,73.01,59.14,59.09,50.7,29.83,53.37,46.1,103.58,34.66,59.54
52,27.2,13.42,75.29,79.85,40.79,37.74,18.97,42.05,63.53,66.03,54.04,53.67,56.64,69.05,14.14,17.89,31.3,68.0,66.21,91.76,69.08,52.5,64.4,20.0,6.32,24.08,35.44,6.0,67.94,68.82,72.14,17.09,55.03,60.93,53.81,22.09,89.55,22.09,41.18,74.11,5.66,64.03,69.08,66.12,26.91,35.44,62.29,43.27,40.79,56.64,55.71,82.02,0.0,86.09,36.88,27.2,66.75,31.11,24.17,38.47,50.0,48.3,68.88,33.54,77.94,44.15,34.44,23.77,77.9,38.91,61.4,33.11,54.71,30.81,61.1,23.77
53,61.19,92.35,22.8,28.64,47.54,75.18,82.97,44.41,39.7,69.31,32.06,42.94,66.48,24.08,97.02,78.92,75.89,18.44,35.38,28.0,31.11,68.12,36.88,66.12,92.2,86.35,81.71,86.58,55.32,53.25,57.2,70.71,36.77,41.04,60.96,64.03,32.25,91.76,52.5,12.0,90.35,22.8,31.11,20.0,72.11,53.85,26.0,73.78,47.54,61.22,41.62,7.21,86.09,0.0,66.48,81.04,20.88,69.08,99.46,56.46,66.57,74.95,41.62,99.16,44.29,85.42,79.16,63.79,55.57,52.63,29.97,58.82,45.79,106.1,34.13,63.03
54,36.06,34.0,48.37,50.04,39.4,60.13,49.4,34.99,32.06,29.53,39.7,24.33,71.39,59.46,50.99,20.0,10.0,52.15,36.0,62.13,40.05,68.73,34.0,28.28,42.43,22.36,15.23,41.62,31.62,75.15,35.61,34.93,29.73,61.06,65.97,26.08,58.55,56.36,14.42,55.46,42.52,50.0,40.05,48.37,48.37,39.29,50.99,64.0,39.4,19.8,55.57,65.3,36.88,66.48,0.0,16.12,45.69,50.04,60.46,47.07,13.42,15.13,69.34,67.98,43.66,20.52,59.68,34.01,41.62,15.56,36.69,42.43,23.0,42.11,33.54,22.02
55,38.47,19.8,64.12,66.12,46.69,59.23,44.05,44.05,48.17,41.04,51.88,40.05,74.32,71.02,40.25,10.0,6.32,65.39,52.04,78.23,56.0,70.94,50.04,28.64,31.3,6.32,8.25,32.98,46.52,81.61,50.12,32.98,44.72,69.31,69.77,27.78,74.67,49.03,28.64,69.57,32.31,62.61,56.0,62.03,47.07,44.41,62.77,64.03,46.69,34.0,63.66,79.12,27.2,81.04,16.12,0.0,60.17,50.0,51.26,51.11,26.08,22.02,77.79,60.64,59.48,17.12,57.43,35.34,56.36,28.46,51.79,45.65,39.05,26.02,49.16,25.0
56,43.86,72.03,13.42,21.54,31.62,62.29,66.21,26.83,22.36,52.15,14.42,22.8,59.06,22.09,78.59,58.31,55.03,10.2,18.97,29.73,16.12,59.36,19.7,47.07,72.99,65.51,60.93,67.91,39.4,50.99,42.38,52.5,16.12,35.44,52.84,44.72,30.53,75.15,31.62,10.0,71.39,12.17,16.12,6.0,56.6,37.74,16.49,62.29,31.62,42.52,33.11,20.0,66.75,20.88,45.69,60.17,0.0,54.41,82.46,42.52,46.86,55.0,40.2,83.86,33.02,65.0,65.44,45.88,42.76,31.78,9.9,43.27,26.17,85.33,15.0,43.19
57,14.56,44.05,66.6,73.54,22.8,10.2,16.49,28.28,62.13,77.67,40.0,52.84,25.61,47.07,34.18,40.5,50.64,50.99,62.8,83.74,63.78,21.63,61.61,22.09,34.41,50.16,57.27,27.2,73.54,38.47,78.0,17.09,50.0,34.06,22.8,24.0,83.45,24.0,44.27,58.14,31.62,46.52,63.78,51.11,4.47,16.97,43.08,14.14,22.8,65.97,30.07,63.25,31.11,69.08,50.04,50.0,54.41,0.0,32.0,12.65,62.51,65.0,40.79,30.08,77.94,66.1,11.4,16.03,82.29,41.11,53.76,11.31,55.9,61.72,56.22,28.02
58,38.63,34.23,93.06,98.79,51.92,31.62,16.49,55.71,84.02,89.89,68.35,74.03,52.0,78.64,12.0,42.05,55.46,81.04,86.02,110.15,88.2,47.54,84.4,37.2,20.4,47.54,59.46,18.87,90.69,68.41,95.02,30.53,73.78,66.03,51.92,40.0,108.76,8.0,62.29,87.93,18.97,76.66,88.2,80.32,28.07,45.61,73.76,36.77,51.92,80.0,62.03,94.15,24.17,99.46,60.46,51.26,82.46,32.0,0.0,44.18,73.78,72.45,72.44,11.7,99.25,68.01,26.57,36.67,100.5,59.55,79.26,40.79,75.82,47.68,80.16,43.28
59,12.81,50.0,55.17,62.48,11.66,19.8,28.0,17.89,52.8,72.11,28.28,44.27,24.33,34.53,44.72,42.8,50.16,38.47,52.84,72.14,53.25,22.0,51.88,22.8,43.08,52.8,57.27,36.06,65.97,31.11,70.34,21.63,40.25,22.8,18.97,23.32,72.25,36.22,38.05,45.65,40.5,34.0,53.25,38.83,16.12,8.0,30.46,20.59,11.66,60.13,18.11,50.6,38.47,56.46,47.07,51.11,42.52,12.65,44.18,0.0,58.14,62.17,30.46,42.72,68.43,65.55,23.02,16.28,74.0,35.01,43.01,5.66,47.8,67.48,46.14,26.4
60,48.17,45.61,45.69,45.12,49.03,72.69,62.77,43.68,27.86,16.12,44.94,24.08,82.39,64.4,64.03,32.56,20.0,55.17,32.31,56.57,36.77,80.1,30.46,41.23,55.32,32.25,20.88,54.92,20.88,84.12,24.17,48.08,31.11,69.08,76.66,38.83,52.15,69.77,20.88,56.85,55.61,54.04,36.77,50.91,61.19,50.16,56.04,76.24,49.03,8.25,63.91,66.84,50.0,66.57,13.42,26.08,46.86,62.51,73.78,58.14,0.0,8.54,76.97,81.39,35.13,20.22,72.57,46.53,30.46,23.54,37.01,54.0,20.81,50.29,32.45,34.71
61,51.16,41.77,54.23,53.6,54.08,75.03,63.06,49.24,36.4,19.42,52.01,32.2,86.49,71.7,61.91,30.41,17.0,62.97,40.85,64.94,45.31,83.86,39.0,43.05,53.0,27.59,15.0,53.71,28.16,89.69,30.81,49.37,39.05,75.13,81.02,41.0,60.41,69.29,26.93,65.0,53.71,61.55,45.31,58.8,63.13,54.34,63.25,79.03,54.08,16.03,69.78,75.0,48.3,74.95,15.13,22.02,55.0,65.0,72.45,62.17,8.54,0.0,83.24,80.99,43.0,12.0,74.33,49.01,37.11,29.07,45.22,57.56,29.15,43.86,40.82,37.01
62,42.19,79.92,52.95,61.19,31.11,42.05,57.27,34.41,60.3,87.36,32.98,55.79,26.83,18.97,74.73,70.94,75.29,30.59,58.03,66.48,56.04,29.73,58.14,51.61,73.54,80.72,82.46,66.48,76.94,11.66,80.62,51.88,49.03,8.49,22.8,51.22,68.96,64.5,56.36,36.06,70.94,28.07,56.04,34.23,45.12,34.41,24.0,38.47,31.11,75.89,14.14,34.41,68.88,41.62,69.34,77.79,40.2,40.79,72.44,30.46,76.97,83.24,0.0,68.07,73.06,89.63,47.01,45.79,82.1,54.2,47.1,35.78,59.91,97.08,52.24,53.08
63,40.61,45.0,95.44,101.83,52.35,26.02,19.21,57.14,88.39,97.49,69.46,78.52,44.91,76.92,23.35,50.96,64.2,81.02,89.87,112.65,91.55,40.61,88.41,42.01,31.0,57.56,68.88,27.66,96.83,62.39,101.26,34.83,77.23,62.65,46.1,44.82,111.83,11.7,67.62,88.14,29.07,76.56,91.55,80.95,27.29,46.14,73.16,30.15,52.35,86.95,59.44,93.3,33.54,99.16,67.98,60.64,83.86,30.08,11.7,42.72,81.39,80.99,68.07,0.0,104.0,77.67,21.1,39.62,106.4,64.66,82.01,40.71,80.81,59.23,83.63,48.6
64,64.2,77.47,22.14,15.81,56.8,87.46,84.86,50.54,15.81,29.15,42.45,25.5,89.19,55.08,91.84,63.07,53.16,43.1,15.81,23.71,17.03,88.6,16.55,62.24,84.06,65.8,55.73,81.4,15.3,83.49,14.76,69.3,28.18,67.6,82.86,59.41,18.38,93.35,37.01,40.02,83.49,45.01,17.03,39.01,78.6,61.4,49.09,89.01,56.8,27.02,64.33,48.1,77.94,44.29,43.66,59.48,33.02,77.94,99.25,68.43,35.13,43.0,73.06,104.0,0.0,55.0,89.31,64.54,11.4,39.7,26.68,66.89,23.43,84.93,22.47,55.97
65,53.45,34.89,65.46,65.31,59.17,75.66,61.13,55.22,47.8,30.08,60.14,42.49,89.49,79.93,56.65,27.07,15.52,72.2,52.2,76.79,56.61,86.4,50.29,44.15,47.76,20.62,9.0,50.01,40.11,94.89,42.58,49.37,48.88,81.27,84.5,42.72,72.34,66.1,34.71,74.95,49.04,70.29,56.61,68.24,63.51,58.18,71.45,80.23,59.17,28.02,75.72,84.91,44.15,85.42,20.52,17.12,65.0,66.1,68.01,65.55,20.22,12.0,89.63,77.67,55.0,0.0,74.17,50.7,48.84,36.07,55.47,60.41,39.92,33.29,51.48,39.22
66,25.5,47.85,77.83,84.86,33.97,5.1,15.81,39.62,73.5,88.06,51.09,64.14,25.5,56.3,32.65,47.52,59.01,61.4,74.2,94.92,75.17,21.02,73.01,31.4,35.81,56.52,65.19,29.15,84.58,41.98,89.05,25.02,61.4,41.59,25.5,33.73,94.75,19.24,55.15,68.6,33.02,56.94,75.17,61.85,11.4,28.32,53.24,10.3,33.97,76.54,38.6,73.01,34.44,79.16,59.68,57.43,65.44,11.4,26.57,23.02,72.57,74.33,47.01,21.1,89.31,74.17,0.0,26.25,93.48,52.0,65.12,22.67,67.12,65.0,67.62,37.85
67,3.61,34.13,56.44,62.43,17.12,26.17,20.81,19.42,48.84,61.85,32.02,39.05,39.0,45.4,33.24,26.63,35.17,45.4,50.25,73.57,52.01,35.74,48.8,6.71,29.27,36.62,42.06,23.0,58.59,47.38,63.06,7.0,37.64,37.59,34.48,8.06,72.42,29.68,29.07,51.97,27.07,41.19,52.01,44.15,14.87,11.7,39.0,30.02,17.12,50.29,32.2,59.14,23.77,63.79,34.01,35.34,45.88,16.03,36.67,16.28,46.53,49.01,45.79,39.62,64.54,50.7,26.25,0.0,67.74,25.94,42.72,10.63,41.62,51.4,44.05,12.0
68,68.0,75.47,33.11,27.2,62.64,92.2,87.2,56.32,22.09,20.1,50.16,29.73,96.1,64.78,92.02,61.61,50.12,52.95,24.08,34.41,26.68,95.08,24.0,64.4,83.74,62.61,51.26,82.02,10.0,92.02,6.32,71.61,34.53,76.03,89.82,61.61,28.84,95.27,38.83,50.6,83.55,54.33,26.68,48.66,82.37,66.48,58.14,94.34,62.64,22.36,72.25,59.09,77.9,55.57,41.62,56.36,42.76,82.29,100.5,74.0,30.46,37.11,82.1,106.4,11.4,48.84,93.48,67.74,0.0,41.88,35.01,71.69,26.4,80.65,30.02,57.8
69,26.57,41.3,37.34,41.11,25.5,51.24,45.45,20.25,24.7,37.12,24.21,14.76,59.08,43.93,52.48,27.02,23.71,37.12,27.31,53.16,30.36,57.01,25.5,22.67,45.19,33.73,30.23,41.88,32.65,60.75,37.12,29.83,17.03,46.07,53.24,19.85,50.7,53.76,3.16,41.11,44.29,34.67,30.36,33.62,40.72,27.02,35.47,54.13,25.5,25.18,40.72,50.7,38.91,52.63,15.56,28.46,31.78,41.11,59.55,35.01,23.54,29.07,54.2,64.66,39.7,36.07,52.0,25.94,41.88,0.0,24.0,31.4,16.28,53.6,22.56,16.28
70,41.4,65.19,13.93,19.85,31.4,62.63,63.51,25.5,13.34,42.54,15.81,13.04,62.63,30.36,74.09,51.01,46.32,19.24,11.05,30.89,10.3,62.24,11.05,42.54,67.72,57.43,51.87,63.32,30.36,57.08,33.73,48.76,7.07,41.11,56.3,39.92,29.83,72.4,23.19,19.85,66.41,19.65,10.3,14.76,55.23,36.8,23.19,63.51,31.4,32.65,37.66,29.83,61.4,29.97,36.69,51.79,9.9,53.76,79.26,43.01,37.01,45.22,47.1,82.01,26.68,55.47,65.12,42.72,35.01,24.0,0.0,42.45,16.28,77.41,5.39,37.64
71,7.21,44.41,55.32,62.23,11.66,20.59,24.33,16.97,51.11,68.47,28.84,42.05,29.12,38.05,40.2,37.2,44.94,40.5,51.61,72.47,52.5,26.31,50.48,17.2,37.95,47.2,52.0,31.05,63.25,36.77,67.68,16.12,38.83,27.86,24.17,17.89,72.14,32.98,34.53,47.54,35.44,36.06,52.5,40.25,13.42,5.66,32.98,22.8,11.66,56.57,22.8,53.37,33.11,58.82,42.43,45.65,43.27,11.31,40.79,5.66,54.0,57.56,35.78,40.71,66.89,60.41,22.67,10.63,71.69,31.4,42.45,0.0,45.31,61.85,45.0,21.19
72,41.68,55.36,25.71,27.07,36.67,65.8,61.62,30.41,9.22,27.51,26.93,4.12,70.58,45.18,68.51,40.8,33.0,35.0,13.0,39.2,17.12,69.23,11.0,38.9,60.9,45.18,37.48,58.01,18.25,68.59,22.56,46.01,11.18,52.77,64.38,36.07,35.9,70.01,13.6,36.12,60.21,34.48,17.12,30.61,56.08,40.16,37.16,68.01,36.67,16.64,48.26,46.1,54.71,45.79,23.0,39.05,26.17,55.9,75.82,47.8,20.81,29.15,59.91,80.81,23.43,39.92,67.12,41.62,26.4,16.28,16.28,45.31,0.0,65.07,11.66,32.56
73,55.0,17.69,90.05,92.14,66.73,68.51,49.24,65.8,74.17,63.06,75.58,66.01,87.32,93.62,35.9,27.51,32.14,89.56,78.06,104.24,82.01,83.24,76.06,45.49,29.55,20.02,29.41,35.85,71.17,98.49,74.33,46.01,70.35,88.75,84.17,46.14,100.6,49.65,54.23,94.37,32.2,86.33,82.01,86.59,57.63,62.68,85.8,74.06,66.73,58.52,83.22,103.58,30.81,106.1,42.11,26.02,85.33,61.72,47.68,67.48,50.29,43.86,97.08,59.23,84.93,33.29,65.0,51.4,80.65,53.6,77.41,61.85,65.07,0.0,75.06,45.19
74,43.14,63.79,15.0,18.79,34.48,65.46,64.82,28.3,8.06,37.22,20.22,9.22,66.76,35.74,74.25,49.37,43.42,24.6,6.71,30.68,8.06,66.13,6.08,43.05,67.42,55.04,48.51,63.51,25.0,62.01,28.44,49.65,6.4,46.01,60.44,40.31,28.65,73.6,21.1,24.76,66.31,25.0,8.06,20.12,57.31,39.41,28.44,66.73,34.48,27.59,42.3,34.66,61.1,34.13,33.54,49.16,15.0,56.22,80.16,46.14,32.45,40.82,52.24,83.63,22.47,51.48,67.62,44.05,30.02,22.56,5.39,45.0,11.66,75.06,0.0,37.58
75,14.32,29.61,51.55,56.36,22.02,38.12,29.41,20.62,40.8,50.29,31.26,30.81,50.29,48.47,36.67,18.03,23.77,45.4,43.05,68.15,45.62,47.3,41.34,6.71,30.08,27.66,30.87,25.94,48.26,56.61,52.7,13.89,31.38,44.6,45.31,4.12,66.19,37.54,19.1,51.04,28.79,41.77,45.62,43.05,26.48,19.42,40.8,42.01,22.02,39.0,38.95,59.54,23.77,63.03,22.02,25.0,43.19,28.02,43.28,26.4,34.71,37.01,53.08,48.6,55.97,39.22,37.85,12.0,57.8,16.28,37.64,21.19,32.56,45.19,37.58,0.0
