set K:= 1	2	3	4	5	6	7	8	9;
set C_H:= 1	2	3	4	5	6	7	8	9	10	11	12	13	14	15	16	17	18	19	20	21	22	23	24	25	26;
set C_S:= 27	28	29	30	31	32	33	34	35	36	37	38	39	40	41	42	43	44	45;
set C_F:= 46	47	48	49	50	51	52	53	54	55	56	57	58	59	60	61	62	63	64;
set M:= 65	66	67	68;
set L_B:= 69	70;
set A1:=
(0,*) 1 2 3 4 5 6 7 8 9 10 11 12 13 14 15 16 17 18 19 20 21 22 23 24 25 26 46 47 48 49 50 51 52 53 54 55 56 57 58 59 60 61 62 63 64 65 66 67 68 69 70
(1,*) 0 2 3 4 5 6 7 8 9 10 11 12 13 14 15 16 17 18 19 20 21 22 23 24 25 26 46 47 48 49 50 51 52 53 54 55 56 57 58 59 60 61 62 63 64 65 66 67 68 69 70
(2,*) 0 1 3 4 5 6 7 8 9 10 11 12 13 14 15 16 17 18 19 20 21 22 23 24 25 26 46 47 48 49 50 51 52 53 54 55 56 57 58 59 60 61 62 63 64 65 66 67 68 69 70
(3,*) 0 1 2 4 5 6 7 8 9 10 11 12 13 14 15 16 17 18 19 20 21 22 23 24 25 26 46 47 48 49 50 51 52 53 54 55 56 57 58 59 60 61 62 63 64 65 66 67 68 69 70
(4,*) 0 1 2 3 5 6 7 8 9 10 11 12 13 14 15 16 17 18 19 20 21 22 23 24 25 26 46 47 48 49 50 51 52 53 54 55 56 57 58 59 60 61 62 63 64 65 66 67 68 69 70
(5,*) 0 1 2 3 4 6 7 8 9 10 11 12 13 14 15 16 17 18 19 20 21 22 23 24 25 26 46 47 48 49 50 51 52 53 54 55 56 57 58 59 60 61 62 63 64 65 66 67 68 69 70
(6,*) 0 1 2 3 4 5 7 8 9 10 11 12 13 14 15 16 17 18 19 20 21 22 23 24 25 26 46 47 48 49 50 51 52 53 54 55 56 57 58 59 60 61 62 63 64 65 66 67 68 69 70
(7,*) 0 1 2 3 4 5 6 8 9 10 11 12 13 14 15 16 17 18 19 20 21 22 23 24 25 26 46 47 48 49 50 51 52 53 54 55 56 57 58 59 60 61 62 63 64 65 66 67 68 69 70
(8,*) 0 1 2 3 4 5 6 7 9 10 11 12 13 14 15 16 17 18 19 20 21 22 23 24 25 26 46 47 48 49 50 51 52 53 54 55 56 57 58 59 60 61 62 63 64 65 66 67 68 69 70
(9,*) 0 1 2 3 4 5 6 7 8 10 11 12 13 14 15 16 17 18 19 20 21 22 23 24 25 26 46 47 48 49 50 51 52 53 54 55 56 57 58 59 60 61 62 63 64 65 66 67 68 69 70
(10,*) 0 1 2 3 4 5 6 7 8 9 11 12 13 14 15 16 17 18 19 20 21 22 23 24 25 26 46 47 48 49 50 51 52 53 54 55 56 57 58 59 60 61 62 63 64 65 66 67 68 69 70
(11,*) 0 1 2 3 4 5 6 7 8 9 10 12 13 14 15 16 17 18 19 20 21 22 23 24 25 26 46 47 48 49 50 51 52 53 54 55 56 57 58 59 60 61 62 63 64 65 66 67 68 69 70
(12,*) 0 1 2 3 4 5 6 7 8 9 10 11 13 14 15 16 17 18 19 20 21 22 23 24 25 26 46 47 48 49 50 51 52 53 54 55 56 57 58 59 60 61 62 63 64 65 66 67 68 69 70
(13,*) 0 1 2 3 4 5 6 7 8 9 10 11 12 14 15 16 17 18 19 20 21 22 23 24 25 26 46 47 48 49 50 51 52 53 54 55 56 57 58 59 60 61 62 63 64 65 66 67 68 69 70
(14,*) 0 1 2 3 4 5 6 7 8 9 10 11 12 13 15 16 17 18 19 20 21 22 23 24 25 26 46 47 48 49 50 51 52 53 54 55 56 57 58 59 60 61 62 63 64 65 66 67 68 69 70
(15,*) 0 1 2 3 4 5 6 7 8 9 10 11 12 13 14 16 17 18 19 20 21 22 23 24 25 26 46 47 48 49 50 51 52 53 54 55 56 57 58 59 60 61 62 63 64 65 66 67 68 69 70
(16,*) 0 1 2 3 4 5 6 7 8 9 10 11 12 13 14 15 17 18 19 20 21 22 23 24 25 26 46 47 48 49 50 51 52 53 54 55 56 57 58 59 60 61 62 63 64 65 66 67 68 69 70
(17,*) 0 1 2 3 4 5 6 7 8 9 10 11 12 13 14 15 16 18 19 20 21 22 23 24 25 26 46 47 48 49 50 51 52 53 54 55 56 57 58 59 60 61 62 63 64 65 66 67 68 69 70
(18,*) 0 1 2 3 4 5 6 7 8 9 10 11 12 13 14 15 16 17 19 20 21 22 23 24 25 26 46 47 48 49 50 51 52 53 54 55 56 57 58 59 60 61 62 63 64 65 66 67 68 69 70
(19,*) 0 1 2 3 4 5 6 7 8 9 10 11 12 13 14 15 16 17 18 20 21 22 23 24 25 26 46 47 48 49 50 51 52 53 54 55 56 57 58 59 60 61 62 63 64 65 66 67 68 69 70
(20,*) 0 1 2 3 4 5 6 7 8 9 10 11 12 13 14 15 16 17 18 19 21 22 23 24 25 26 46 47 48 49 50 51 52 53 54 55 56 57 58 59 60 61 62 63 64 65 66 67 68 69 70
(21,*) 0 1 2 3 4 5 6 7 8 9 10 11 12 13 14 15 16 17 18 19 20 22 23 24 25 26 46 47 48 49 50 51 52 53 54 55 56 57 58 59 60 61 62 63 64 65 66 67 68 69 70
(22,*) 0 1 2 3 4 5 6 7 8 9 10 11 12 13 14 15 16 17 18 19 20 21 23 24 25 26 46 47 48 49 50 51 52 53 54 55 56 57 58 59 60 61 62 63 64 65 66 67 68 69 70
(23,*) 0 1 2 3 4 5 6 7 8 9 10 11 12 13 14 15 16 17 18 19 20 21 22 24 25 26 46 47 48 49 50 51 52 53 54 55 56 57 58 59 60 61 62 63 64 65 66 67 68 69 70
(24,*) 0 1 2 3 4 5 6 7 8 9 10 11 12 13 14 15 16 17 18 19 20 21 22 23 25 26 46 47 48 49 50 51 52 53 54 55 56 57 58 59 60 61 62 63 64 65 66 67 68 69 70
(25,*) 0 1 2 3 4 5 6 7 8 9 10 11 12 13 14 15 16 17 18 19 20 21 22 23 24 26 46 47 48 49 50 51 52 53 54 55 56 57 58 59 60 61 62 63 64 65 66 67 68 69 70
(26,*) 0 1 2 3 4 5 6 7 8 9 10 11 12 13 14 15 16 17 18 19 20 21 22 23 24 25 46 47 48 49 50 51 52 53 54 55 56 57 58 59 60 61 62 63 64 65 66 67 68 69 70
(46,*) 0 1 2 3 4 5 6 7 8 9 10 11 12 13 14 15 16 17 18 19 20 21 22 23 24 25 26 47 48 49 50 51 52 53 54 55 56 57 58 59 60 61 62 63 64 65 66 67 68 69 70
(47,*) 0 1 2 3 4 5 6 7 8 9 10 11 12 13 14 15 16 17 18 19 20 21 22 23 24 25 26 46 48 49 50 51 52 53 54 55 56 57 58 59 60 61 62 63 64 65 66 67 68 69 70
(48,*) 0 1 2 3 4 5 6 7 8 9 10 11 12 13 14 15 16 17 18 19 20 21 22 23 24 25 26 46 47 49 50 51 52 53 54 55 56 57 58 59 60 61 62 63 64 65 66 67 68 69 70
(49,*) 0 1 2 3 4 5 6 7 8 9 10 11 12 13 14 15 16 17 18 19 20 21 22 23 24 25 26 46 47 48 50 51 52 53 54 55 56 57 58 59 60 61 62 63 64 65 66 67 68 69 70
(50,*) 0 1 2 3 4 5 6 7 8 9 10 11 12 13 14 15 16 17 18 19 20 21 22 23 24 25 26 46 47 48 49 51 52 53 54 55 56 57 58 59 60 61 62 63 64 65 66 67 68 69 70
(51,*) 0 1 2 3 4 5 6 7 8 9 10 11 12 13 14 15 16 17 18 19 20 21 22 23 24 25 26 46 47 48 49 50 52 53 54 55 56 57 58 59 60 61 62 63 64 65 66 67 68 69 70
(52,*) 0 1 2 3 4 5 6 7 8 9 10 11 12 13 14 15 16 17 18 19 20 21 22 23 24 25 26 46 47 48 49 50 51 53 54 55 56 57 58 59 60 61 62 63 64 65 66 67 68 69 70
(53,*) 0 1 2 3 4 5 6 7 8 9 10 11 12 13 14 15 16 17 18 19 20 21 22 23 24 25 26 46 47 48 49 50 51 52 54 55 56 57 58 59 60 61 62 63 64 65 66 67 68 69 70
(54,*) 0 1 2 3 4 5 6 7 8 9 10 11 12 13 14 15 16 17 18 19 20 21 22 23 24 25 26 46 47 48 49 50 51 52 53 55 56 57 58 59 60 61 62 63 64 65 66 67 68 69 70
(55,*) 0 1 2 3 4 5 6 7 8 9 10 11 12 13 14 15 16 17 18 19 20 21 22 23 24 25 26 46 47 48 49 50 51 52 53 54 56 57 58 59 60 61 62 63 64 65 66 67 68 69 70
(56,*) 0 1 2 3 4 5 6 7 8 9 10 11 12 13 14 15 16 17 18 19 20 21 22 23 24 25 26 46 47 48 49 50 51 52 53 54 55 57 58 59 60 61 62 63 64 65 66 67 68 69 70
(57,*) 0 1 2 3 4 5 6 7 8 9 10 11 12 13 14 15 16 17 18 19 20 21 22 23 24 25 26 46 47 48 49 50 51 52 53 54 55 56 58 59 60 61 62 63 64 65 66 67 68 69 70
(58,*) 0 1 2 3 4 5 6 7 8 9 10 11 12 13 14 15 16 17 18 19 20 21 22 23 24 25 26 46 47 48 49 50 51 52 53 54 55 56 57 59 60 61 62 63 64 65 66 67 68 69 70
(59,*) 0 1 2 3 4 5 6 7 8 9 10 11 12 13 14 15 16 17 18 19 20 21 22 23 24 25 26 46 47 48 49 50 51 52 53 54 55 56 57 58 60 61 62 63 64 65 66 67 68 69 70
(60,*) 0 1 2 3 4 5 6 7 8 9 10 11 12 13 14 15 16 17 18 19 20 21 22 23 24 25 26 46 47 48 49 50 51 52 53 54 55 56 57 58 59 61 62 63 64 65 66 67 68 69 70
(61,*) 0 1 2 3 4 5 6 7 8 9 10 11 12 13 14 15 16 17 18 19 20 21 22 23 24 25 26 46 47 48 49 50 51 52 53 54 55 56 57 58 59 60 62 63 64 65 66 67 68 69 70
(62,*) 0 1 2 3 4 5 6 7 8 9 10 11 12 13 14 15 16 17 18 19 20 21 22 23 24 25 26 46 47 48 49 50 51 52 53 54 55 56 57 58 59 60 61 63 64 65 66 67 68 69 70
(63,*) 0 1 2 3 4 5 6 7 8 9 10 11 12 13 14 15 16 17 18 19 20 21 22 23 24 25 26 46 47 48 49 50 51 52 53 54 55 56 57 58 59 60 61 62 64 65 66 67 68 69 70
(64,*) 0 1 2 3 4 5 6 7 8 9 10 11 12 13 14 15 16 17 18 19 20 21 22 23 24 25 26 46 47 48 49 50 51 52 53 54 55 56 57 58 59 60 61 62 63 65 66 67 68 69 70
(65,*) 0 1 2 3 4 5 6 7 8 9 10 11 12 13 14 15 16 17 18 19 20 21 22 23 24 25 26 46 47 48 49 50 51 52 53 54 55 56 57 58 59 60 61 62 63 64 67 68 69 70
(66,*) 0 1 2 3 4 5 6 7 8 9 10 11 12 13 14 15 16 17 18 19 20 21 22 23 24 25 26 46 47 48 49 50 51 52 53 54 55 56 57 58 59 60 61 62 63 64 67 68 69 70
(67,*) 0 1 2 3 4 5 6 7 8 9 10 11 12 13 14 15 16 17 18 19 20 21 22 23 24 25 26 46 47 48 49 50 51 52 53 54 55 56 57 58 59 60 61 62 63 64 65 66 69 70
(68,*) 0 1 2 3 4 5 6 7 8 9 10 11 12 13 14 15 16 17 18 19 20 21 22 23 24 25 26 46 47 48 49 50 51 52 53 54 55 56 57 58 59 60 61 62 63 64 65 66 69 70
(69,*) 0 1 2 3 4 5 6 7 8 9 10 11 12 13 14 15 16 17 18 19 20 21 22 23 24 25 26 46 47 48 49 50 51 52 53 54 55 56 57 58 59 60 61 62 63 64 65 66 67 68 70
(70,*) 0 1 2 3 4 5 6 7 8 9 10 11 12 13 14 15 16 17 18 19 20 21 22 23 24 25 26 46 47 48 49 50 51 52 53 54 55 56 57 58 59 60 61 62 63 64 65 66 67 68 69
;
set A2:=
(65,*) 66
(66,*) 65
(67,*) 68
(68,*) 67
;
param BigM:=99999;
param n:= 9;
param d:=
1	12
2	17
3	2
4	12
5	11
6	23
7	7
8	1
9	22
10	21
11	2
12	15
13	24
14	2
15	18
16	15
17	13
18	25
19	2
20	2
21	6
22	6
23	21
24	14
25	23
26	16
27	24
28	16
29	7
30	9
31	18
32	11
33	26
34	9
35	17
36	16
37	14
38	5
39	8
40	6
41	8
42	14
43	13
44	10
45	4
46	20
47	10
48	26
49	9
50	12
51	10
52	23
53	12
54	19
55	14
56	5
57	24
58	24
59	20
60	24
61	19
62	2
63	23
64	14
;
param Q:=100
param w:=
[65,*] 66 5
[66,*] 65 5
[67,*] 68 5
[68,*] 67 5
;
param V:=
[65,*] 66 526
[66,*] 65 526
[67,*] 68 526
[68,*] 67 526
;
param f:=
65	100
66	100
67	100
68	100
69	100
70	100
;
param e:
	65	66	67	68	69	70:=
27	0	1	0	0	0	0	
28	0	1	0	0	0	1	
29	0	1	0	0	0	0	
30	0	0	0	0	1	1	
31	0	0	1	0	0	0	
32	1	0	0	0	1	0	
33	0	0	0	0	0	1	
34	0	0	0	1	0	0	
35	0	0	1	0	0	0	
36	1	0	0	0	1	0	
37	0	0	0	0	1	0	
38	0	1	0	0	0	0	
39	0	1	0	0	0	1	
40	1	0	0	0	0	0	
41	0	0	0	1	0	0	
42	0	0	0	1	0	0	
43	0	0	0	1	0	1	
44	0	1	0	0	0	1	
45	1	0	0	0	1	0	
46	0	0	0	1	0	0	
47	1	0	0	0	0	0	
48	0	0	0	1	0	0	
49	1	0	1	0	1	0	
50	0	1	0	0	0	1	
51	0	0	1	0	1	0	
52	0	1	0	0	0	1	
53	1	0	0	0	1	0	
54	0	1	0	0	0	1	
55	0	0	1	0	0	0	
56	0	1	0	0	0	1	
57	0	0	0	1	0	0	
58	0	0	1	0	1	1	
59	0	0	1	0	1	0	
60	0	0	1	0	1	0	
61	0	0	1	0	0	1	
62	0	1	0	0	0	1	
63	1	0	0	0	0	0	
64	0	0	0	1	0	0	
;
param r:
	65	66	67	68:=
65	0	1	0	0	
66	1	0	0	0	
67	0	0	0	1	
68	0	0	1	0	
;
param p:=
1	1
2	1
3	1
4	1
5	1
6	1
7	1
8	1
9	1
;
param G:=
65	526
66	526
67	526
68	526
69	131
70	131
;
param s:=
0	0
1	15
2	15
3	15
4	15
5	15
6	15
7	15
8	15
9	15
10	15
11	15
12	15
13	15
14	15
15	15
16	15
17	15
18	15
19	15
20	15
21	15
22	15
23	15
24	15
25	15
26	15
46	15
47	15
48	15
49	15
50	15
51	15
52	15
53	15
54	15
55	15
56	15
57	15
58	15
59	15
60	15
61	15
62	15
63	15
64	15
65	30
66	30
67	30
68	30
69	15
70	15
;
param t:
	0	1	2	3	4	5	6	7	8	9	10	11	12	13	14	15	16	17	18	19	20	21	22	23	24	25	26	27	28	29	30	31	32	33	34	35	36	37	38	39	40	41	42	43	44	45	46	47	48	49	50	51	52	53	54	55	56	57	58	59	60	61	62	63	64	65	66	67	68	69	70:=
0	0.0	45.12	70.94	35.78	46.69	32.06	11.31	38.83	52.8	38.21	65.3	33.94	34.93	35.38	52.95	30.53	47.2	61.35	62.13	38.47	45.69	10.2	63.66	37.74	63.81	48.37	18.0	72.11	52.15	39.7	26.31	66.6	51.92	62.8	40.2	45.34	30.0	29.73	50.91	73.76	17.09	25.06	22.8	18.44	59.36	45.12	28.84	32.25	47.07	54.63	64.4	39.7	46.04	41.23	52.5	74.32	70.26	18.97	50.12	31.24	62.13	67.08	68.0	35.78	26.08	45.98	68.66	70.99	42.28	43.01	53.45
1	45.12	0.0	44.05	28.64	90.02	76.42	55.03	16.97	22.09	15.23	32.56	76.03	78.03	77.82	54.04	74.67	77.25	80.0	43.17	57.31	28.07	50.16	34.06	32.31	45.12	75.15	27.86	89.38	89.82	75.71	50.6	40.0	7.21	62.13	85.16	27.78	17.2	24.17	84.12	86.28	46.04	64.5	66.48	58.03	85.88	20.0	68.96	30.53	92.2	13.42	86.53	26.91	75.39	4.0	87.36	59.67	78.1	62.13	39.45	27.78	43.17	64.5	72.8	28.64	66.24	26.83	95.03	46.66	87.03	17.49	72.67
2	70.94	44.05	0.0	71.39	102.86	93.74	82.22	34.93	22.36	58.55	12.65	104.8	92.28	106.15	36.06	100.42	75.71	66.12	12.17	54.41	72.11	80.0	10.0	75.31	12.0	71.02	60.83	71.39	93.68	80.99	57.31	4.47	40.2	36.88	103.73	25.61	56.32	41.62	83.95	64.56	80.62	95.6	93.38	73.24	78.1	64.03	99.64	72.28	112.07	32.25	74.11	31.24	73.76	44.41	88.29	21.26	54.41	80.0	24.17	39.7	12.17	36.06	48.08	71.39	96.83	70.87	84.84	4.15	110.47	31.02	62.07
3	35.78	28.64	71.39	0.0	81.61	66.48	40.79	38.0	49.03	13.42	60.73	56.57	70.23	58.55	71.47	58.0	80.72	90.44	68.03	66.03	10.2	34.53	61.61	4.0	70.03	80.62	21.26	100.96	87.82	74.89	55.32	67.08	34.99	81.04	72.99	50.04	16.12	37.36	85.6	100.24	26.0	44.41	50.04	53.85	91.93	13.42	48.66	4.0	78.23	42.05	95.27	46.39	79.25	27.2	87.66	84.02	94.02	54.63	60.53	41.76	68.03	84.4	89.89	0.0	46.39	10.83	101.44	73.44	70.8	41.11	82.42
4	46.69	90.02	102.86	81.61	0.0	15.23	41.23	79.25	91.21	84.85	101.84	38.83	12.0	37.74	71.22	31.24	34.99	56.36	91.3	50.0	91.76	47.54	98.79	82.87	92.28	40.5	64.5	63.91	20.1	24.08	45.69	99.32	96.19	77.79	13.42	80.32	76.42	69.05	29.73	70.68	57.27	45.34	35.61	32.25	44.27	91.78	43.86	77.79	18.0	97.02	53.14	75.29	36.06	86.02	26.68	96.83	73.78	28.07	78.71	67.91	91.3	82.02	75.6	81.61	43.86	92.2	49.17	101.25	25.82	82.76	52.43
5	32.06	76.42	93.74	66.48	15.23	0.0	26.0	67.05	79.85	70.26	91.24	27.2	6.32	26.68	65.3	18.97	36.22	57.27	82.8	44.41	76.66	32.31	88.59	67.68	84.02	40.79	50.04	66.48	28.64	24.08	36.88	89.89	82.87	73.24	10.0	69.77	62.03	56.92	34.23	71.81	42.05	31.24	21.26	20.59	48.0	76.94	30.53	62.64	18.44	84.4	56.14	64.4	36.5	72.44	32.98	90.55	72.8	14.56	70.0	56.46	82.8	77.67	73.35	66.48	30.0	77.13	55.06	92.63	19.99	70.84	51.55
6	11.31	55.03	82.22	40.79	41.23	26.0	0.0	50.0	64.03	46.17	76.58	22.63	30.53	24.08	62.64	19.7	50.16	67.08	73.24	46.04	50.99	6.32	74.97	41.76	74.89	52.5	27.2	77.67	50.91	40.5	34.23	77.9	62.03	72.28	32.25	56.64	38.83	41.04	52.15	80.4	16.12	14.56	11.66	20.88	62.77	52.04	17.89	36.88	38.05	65.3	68.96	50.99	49.4	51.26	52.8	84.97	78.03	17.2	61.06	42.52	73.24	76.66	76.42	40.79	15.23	51.56	71.6	82.21	32.03	54.2	59.54
7	38.83	16.97	34.93	38.0	79.25	67.05	50.0	0.0	14.14	26.68	26.91	72.47	67.47	74.03	37.2	69.34	62.1	63.25	30.07	41.23	41.23	46.69	26.08	42.0	32.06	59.46	26.08	72.47	76.24	62.13	36.22	30.46	19.7	45.65	76.55	12.17	22.09	10.2	69.43	69.31	46.04	62.23	61.61	47.07	69.86	34.18	66.48	38.21	84.31	18.0	69.97	10.0	60.17	14.42	72.99	46.04	61.22	52.5	23.41	12.17	30.07	48.33	56.04	38.0	63.66	40.28	78.82	36.28	80.73	4.24	56.08
8	52.8	22.09	22.36	49.03	91.21	79.85	64.03	14.14	0.0	36.22	12.81	86.56	79.7	88.09	37.74	83.23	70.26	67.23	21.54	48.37	50.0	60.83	12.65	52.95	23.41	66.75	40.0	75.18	86.09	72.25	46.39	18.11	19.7	43.86	89.55	12.17	34.18	23.32	78.1	70.46	60.0	76.37	75.6	59.46	76.16	42.05	80.62	50.0	97.51	12.81	74.67	16.12	68.26	22.09	82.02	37.95	61.22	65.39	21.63	23.41	21.54	45.34	55.32	49.03	77.79	48.81	84.47	24.65	94.39	9.9	61.03
9	38.21	15.23	58.55	13.42	84.85	70.26	46.17	26.68	36.22	0.0	47.54	65.15	72.99	67.05	62.61	65.12	78.23	84.9	56.14	60.83	14.56	40.45	48.66	17.09	58.14	77.2	20.4	95.02	88.02	74.32	51.61	54.33	21.63	71.69	78.0	38.83	8.94	28.84	84.12	93.23	34.18	53.14	56.89	54.41	88.41	8.49	57.58	15.62	84.21	28.64	90.55	36.06	76.55	14.14	86.76	72.44	86.09	56.89	50.0	33.29	56.14	74.67	81.41	13.42	55.03	13.67	97.85	60.83	77.86	29.15	77.08
10	65.3	32.56	12.65	60.73	101.84	91.24	76.58	26.91	12.81	47.54	0.0	99.16	90.62	100.66	41.23	95.6	78.1	71.81	18.87	56.14	60.53	73.54	4.47	64.56	20.0	74.0	52.8	78.43	95.04	81.58	56.32	10.0	28.0	44.72	101.07	21.54	46.52	35.61	86.21	72.5	72.8	89.11	88.09	70.68	82.39	52.35	93.34	62.03	109.18	20.0	79.62	26.83	76.11	33.53	90.35	32.8	62.61	76.94	26.08	34.99	18.87	44.94	56.36	60.73	90.51	59.24	90.0	16.31	106.5	22.67	66.61
11	33.94	76.03	104.8	56.57	38.83	27.2	22.63	72.47	86.56	65.15	99.16	0.0	33.53	2.0	83.26	8.25	62.13	82.1	95.6	64.56	66.27	26.08	97.59	56.14	97.2	66.0	48.37	92.0	55.71	50.36	53.85	100.5	83.19	92.48	25.61	79.25	59.09	63.66	61.19	96.33	31.05	12.17	11.66	37.36	74.43	69.43	8.0	52.61	26.08	87.13	82.1	73.59	62.03	72.47	60.17	106.68	95.71	30.59	83.23	65.12	95.6	96.93	95.08	56.57	10.2	67.19	81.99	104.71	16.46	76.69	75.43
12	34.93	78.03	92.28	70.23	12.0	6.32	30.53	67.47	79.7	72.99	90.62	33.53	0.0	32.98	62.23	25.3	30.59	51.92	80.99	41.04	80.32	36.72	87.73	71.69	82.1	35.44	52.61	60.83	22.36	18.44	34.99	88.59	84.21	69.66	13.42	69.08	64.5	57.27	28.07	66.48	46.65	37.2	27.2	20.4	42.05	80.05	36.72	66.48	21.63	85.16	50.36	63.91	31.05	74.03	26.68	87.73	68.03	16.12	68.26	56.32	80.99	74.03	68.96	70.23	36.06	80.7	48.88	90.91	25.26	71.06	46.62
13	35.38	77.82	106.15	58.55	37.74	26.68	24.08	74.03	88.09	67.05	100.66	2.0	32.98	0.0	84.1	8.0	62.03	82.22	96.83	65.15	68.26	27.78	99.04	58.14	98.41	66.03	50.12	92.02	55.03	50.16	54.63	101.86	84.97	93.23	24.41	80.62	60.93	65.12	60.83	96.52	32.98	14.14	12.81	37.95	74.24	71.39	10.0	54.59	24.41	88.84	82.02	74.97	62.0	74.24	59.67	107.7	96.1	31.05	84.4	66.48	96.83	97.69	95.6	58.55	12.17	69.18	81.65	106.0	14.69	78.24	75.66
14	52.95	54.04	36.06	71.47	71.22	65.3	62.64	37.2	37.74	62.61	41.23	83.26	62.23	84.1	0.0	76.94	40.5	30.59	24.0	21.26	76.97	63.15	36.88	75.29	24.08	35.44	52.61	37.58	59.09	47.71	29.53	34.06	55.17	10.0	75.07	26.91	55.71	34.18	48.7	32.8	68.12	77.2	71.69	46.65	42.05	70.71	80.32	70.34	83.55	50.0	38.47	27.2	38.63	51.61	53.14	25.61	24.08	53.85	16.12	29.73	24.0	14.14	18.87	71.47	77.79	76.22	49.02	33.13	84.35	36.8	26.02
15	30.53	74.67	100.42	58.0	31.24	18.97	19.7	69.34	83.23	65.12	95.6	8.25	25.3	8.0	76.94	0.0	54.04	74.24	90.69	57.58	68.03	24.74	93.72	58.14	92.2	58.03	46.82	84.02	47.54	42.19	47.41	96.21	81.71	85.91	18.44	75.07	58.24	60.0	52.95	88.57	32.0	15.23	8.25	30.46	66.27	70.26	12.81	54.0	20.88	84.97	74.03	69.43	54.0	70.94	51.92	100.96	88.29	23.41	78.1	60.96	90.69	90.38	87.93	58.0	13.42	68.8	73.76	100.05	12.82	73.5	67.74
16	47.2	77.25	75.71	80.72	34.99	36.22	50.16	62.1	70.26	78.23	78.1	62.13	30.59	62.03	40.5	54.04	0.0	21.54	63.56	22.0	89.64	54.59	74.24	83.45	64.03	5.66	59.67	30.27	18.87	12.17	26.83	72.99	81.61	44.94	43.68	58.14	69.34	53.14	8.25	36.06	63.81	62.1	52.95	29.53	12.65	86.53	63.15	77.79	51.26	79.62	20.0	54.59	2.0	73.54	12.65	65.3	38.83	33.53	52.35	50.0	63.56	48.83	41.04	80.72	61.61	89.53	21.54	73.21	55.85	64.33	17.69
17	61.35	80.0	66.12	90.44	56.36	57.27	67.08	63.25	67.23	84.9	71.81	82.1	51.92	82.22	30.59	74.24	21.54	0.0	54.33	24.41	98.08	70.34	67.47	93.74	54.15	16.49	69.34	10.77	38.42	33.53	35.78	64.5	82.68	30.27	65.15	55.46	76.58	56.64	27.2	14.56	78.43	80.4	72.03	46.39	14.42	93.38	82.1	88.2	72.8	78.71	8.0	53.85	20.88	76.84	31.24	50.99	18.44	52.04	46.17	52.5	54.33	32.98	22.36	90.44	80.22	97.67	18.85	62.81	77.13	64.14	8.06
18	62.13	43.17	12.17	68.03	91.3	82.8	73.24	30.07	21.54	56.14	18.87	95.6	80.99	96.83	24.0	90.69	63.56	54.33	0.0	42.38	70.46	71.69	14.42	72.03	2.0	58.86	54.41	60.17	81.61	69.08	46.04	10.2	41.23	26.0	92.8	18.44	52.15	34.18	71.81	53.85	73.54	87.13	84.02	62.48	66.03	62.8	90.97	68.26	101.21	34.0	62.29	23.41	61.61	42.43	76.16	16.49	43.86	69.43	12.81	31.3	0.0	26.08	37.58	68.03	88.2	69.36	72.95	9.95	100.17	27.02	50.01
19	38.47	57.31	54.41	66.03	50.0	44.41	46.04	41.23	48.37	60.83	56.14	64.56	41.04	65.15	21.26	57.58	22.0	24.41	42.38	0.0	73.76	48.17	52.35	69.34	43.08	18.44	44.94	34.99	39.29	26.83	12.17	51.42	60.93	28.84	54.04	36.22	52.35	33.29	30.07	35.44	55.32	60.3	53.37	27.2	28.64	69.31	62.8	63.81	62.48	58.24	29.73	32.98	20.0	53.85	34.23	46.86	32.0	34.18	30.59	29.53	42.38	33.29	30.59	66.03	60.53	73.38	37.73	52.24	63.87	43.01	16.4
20	45.69	28.07	72.11	10.2	91.76	76.66	50.99	41.23	50.0	14.56	60.53	66.27	80.32	68.26	76.97	68.03	89.64	98.08	70.46	73.76	0.0	44.72	62.13	10.2	72.44	89.2	30.0	108.41	97.53	84.38	63.66	68.03	32.98	86.16	83.19	53.37	21.63	42.94	94.87	107.07	36.06	54.15	60.13	63.53	100.5	8.25	58.31	14.14	88.36	40.79	103.32	50.6	88.09	28.07	97.1	86.83	100.24	64.62	64.56	47.41	70.46	89.2	95.71	10.2	56.14	1.44	110.0	74.64	80.81	43.57	90.14
21	10.2	50.16	80.0	34.53	47.54	32.31	6.32	46.69	60.83	40.45	73.54	26.08	36.72	27.78	63.15	24.74	54.59	70.34	71.69	48.17	44.72	0.0	72.25	35.44	73.43	56.46	22.36	81.04	56.64	45.61	36.06	75.6	57.27	72.99	38.47	54.41	33.53	38.42	57.2	83.19	10.0	15.62	16.49	25.06	67.08	46.0	19.8	30.59	44.0	61.06	72.8	48.83	53.67	46.52	58.14	84.31	80.1	22.63	59.93	40.5	71.69	77.28	78.03	34.53	16.97	45.31	76.13	80.3	37.42	50.93	62.59
22	63.66	34.06	10.0	61.61	98.79	88.59	74.97	26.08	12.65	48.66	4.47	97.59	87.73	99.04	36.88	93.72	74.24	67.47	14.42	52.35	62.13	72.25	0.0	65.51	15.62	70.03	52.15	74.0	91.41	78.1	53.14	6.32	30.27	40.25	98.49	18.87	46.82	33.94	82.39	68.03	72.11	87.86	86.37	68.0	78.23	54.04	92.02	62.64	106.68	22.36	75.31	24.41	72.25	34.53	86.58	28.84	58.14	74.43	22.0	32.8	14.42	40.5	51.88	61.61	89.2	60.88	85.74	13.04	104.34	21.95	62.39
23	37.74	32.31	75.31	4.0	82.87	67.68	41.76	42.0	52.95	17.09	64.56	56.14	71.69	58.14	75.29	58.14	83.45	93.74	72.03	69.34	10.2	35.44	65.51	0.0	74.03	83.55	24.41	104.31	89.89	77.2	58.41	71.02	38.47	84.9	73.76	54.04	20.1	41.23	88.09	103.77	26.31	44.05	50.36	56.04	94.85	15.62	48.17	5.66	78.64	45.69	98.41	50.36	82.02	31.05	90.0	88.02	97.69	56.36	64.5	45.61	72.03	88.29	93.64	4.0	46.04	11.26	104.34	77.4	70.87	45.1	85.7
24	63.81	45.12	12.0	70.03	92.28	84.02	74.89	32.06	23.41	58.14	20.0	97.2	82.1	98.41	24.08	92.2	64.03	54.15	2.0	43.08	72.44	73.43	15.62	74.03	0.0	59.23	56.32	59.67	82.22	69.86	47.2	10.77	43.08	25.3	94.02	20.4	54.15	36.06	72.28	53.14	75.39	88.84	85.6	63.78	66.12	64.78	92.65	70.26	102.45	35.78	62.13	25.3	62.1	44.41	76.66	14.56	43.08	70.77	14.14	33.11	2.0	25.06	36.77	70.03	89.89	71.34	72.85	9.19	101.55	29.02	50.09
25	48.37	75.15	71.02	80.62	40.5	40.79	52.5	59.46	66.75	77.2	74.0	66.0	35.44	66.03	35.44	58.03	5.66	16.49	58.86	18.44	89.2	56.46	70.03	83.55	59.23	0.0	59.4	26.0	24.41	17.09	25.61	68.47	79.12	39.45	48.7	54.59	68.41	50.99	13.42	31.05	65.3	65.12	56.32	31.62	11.31	85.6	66.48	77.9	56.46	76.66	16.49	51.42	4.47	71.55	17.89	59.93	33.29	36.5	48.04	47.54	58.86	43.27	35.38	80.62	64.78	88.99	20.82	68.39	60.63	61.4	12.04
26	18.0	27.86	60.83	21.26	64.5	50.04	27.2	26.08	40.0	20.4	52.8	48.37	52.61	50.12	52.61	46.82	59.67	69.34	54.41	44.94	30.0	22.36	52.15	24.41	56.32	59.4	0.0	79.92	68.03	54.59	34.06	56.36	34.93	62.51	58.14	36.06	12.0	20.4	64.9	79.62	20.0	37.2	38.63	34.18	70.71	27.86	41.62	18.87	64.78	38.83	74.03	31.05	58.14	24.17	67.23	69.05	74.0	36.5	44.41	24.08	54.41	66.27	70.34	21.26	38.83	29.95	80.21	61.83	59.23	30.23	61.29
27	72.11	89.38	71.39	100.96	63.91	66.48	77.67	72.47	75.18	95.02	78.43	92.0	60.83	92.02	37.58	84.02	30.27	10.77	60.17	34.99	108.41	81.04	74.0	104.31	59.67	26.0	79.92	0.0	44.72	42.43	46.52	70.34	91.61	34.53	73.76	63.81	86.83	66.48	34.18	8.94	89.2	90.8	82.22	56.89	19.7	103.48	92.35	98.79	81.04	87.13	10.77	62.8	30.07	86.37	37.58	54.0	18.11	62.29	53.67	62.23	60.17	36.06	24.0	100.96	90.55	107.95	18.66	67.76	86.08	73.01	18.79
28	52.15	89.82	93.68	87.82	20.1	28.64	50.91	76.24	86.09	88.02	95.04	55.71	22.36	55.03	59.09	47.54	18.87	38.42	81.61	39.29	97.53	56.64	91.41	89.89	82.22	24.41	68.03	44.72	0.0	14.14	40.05	90.71	95.04	63.81	32.25	74.24	79.12	66.48	11.31	52.15	66.6	59.36	49.4	34.0	25.06	95.85	59.06	84.38	38.05	94.19	34.0	70.03	20.59	85.91	7.21	84.12	56.64	34.06	69.86	64.12	81.61	67.68	59.46	87.82	58.31	97.68	29.11	91.4	45.1	79.06	36.24
29	39.7	75.71	80.99	74.89	24.08	24.08	40.5	62.13	72.25	74.32	81.58	50.36	18.44	50.16	47.71	42.19	12.17	33.53	69.08	26.83	84.38	45.61	78.1	77.2	69.86	17.09	54.59	42.43	14.14	0.0	26.0	77.79	80.89	53.81	31.62	60.53	65.39	52.35	11.66	48.08	55.32	51.26	41.76	21.26	24.08	82.29	51.92	71.61	39.4	80.1	32.06	56.14	12.65	71.81	12.81	73.24	50.12	23.32	56.92	50.04	69.08	58.0	51.61	74.89	50.6	84.45	31.88	78.99	43.7	65.01	28.65
30	26.31	50.6	57.31	55.32	45.69	36.88	34.23	36.22	46.39	51.61	56.32	53.85	34.99	54.63	29.53	47.41	26.83	35.78	46.04	12.17	63.66	36.06	53.14	58.41	47.2	25.61	34.06	46.52	40.05	26.0	0.0	53.67	55.32	38.63	46.86	34.93	42.8	26.68	33.53	47.54	43.17	48.66	42.38	17.2	36.88	60.0	51.42	52.8	55.32	54.15	40.0	30.27	25.06	46.82	36.88	54.04	44.05	24.41	33.29	24.08	46.04	43.08	42.19	55.32	49.03	63.42	46.37	55.94	55.16	39.01	27.73
31	66.6	40.0	4.47	67.08	99.32	89.89	77.9	30.46	18.11	54.33	10.0	100.5	88.59	101.86	34.06	96.21	72.99	64.5	10.2	51.42	68.03	75.6	6.32	71.02	10.77	68.47	56.36	70.34	90.71	77.79	53.67	0.0	36.5	36.06	99.86	21.26	51.92	37.2	81.22	63.91	76.16	91.21	89.11	69.34	76.0	60.0	95.27	67.91	108.17	28.64	72.44	26.91	71.02	40.2	85.51	22.8	53.85	76.03	20.88	35.38	10.2	35.78	47.54	67.08	92.46	66.81	83.07	6.75	106.39	26.57	60.01
32	51.92	7.21	40.2	34.99	96.19	82.87	62.03	19.7	19.7	21.63	28.0	83.19	84.21	84.97	55.17	81.71	81.61	82.68	41.23	60.93	32.98	57.27	30.27	38.47	43.08	79.12	34.93	91.61	95.04	80.89	55.32	36.5	0.0	62.48	91.78	28.28	24.41	28.64	88.77	87.86	53.25	71.69	73.54	64.03	89.55	24.74	76.16	37.2	98.95	8.0	89.55	28.84	79.7	10.77	92.2	57.58	79.2	68.47	39.7	31.62	41.23	64.4	73.59	34.99	73.43	31.63	98.51	43.24	93.99	18.6	75.66
33	62.8	62.13	36.88	81.04	77.79	73.24	72.28	45.65	43.86	71.69	44.72	92.48	69.66	93.23	10.0	85.91	44.94	30.27	26.0	28.84	86.16	72.99	40.25	84.9	25.3	39.45	62.51	34.53	63.81	53.81	38.63	36.06	62.48	0.0	82.8	34.41	65.15	43.68	52.84	27.86	78.1	86.83	80.99	55.46	43.68	79.62	89.84	80.05	91.21	56.57	38.21	35.78	43.27	60.03	57.31	20.88	17.89	62.61	22.8	39.29	26.0	4.47	11.66	81.04	87.36	85.35	49.09	33.24	92.69	44.65	28.23
34	40.2	85.16	103.73	72.99	13.42	10.0	32.25	76.55	89.55	78.0	101.07	25.61	13.42	24.41	75.07	18.44	43.68	65.15	92.8	54.04	83.19	38.47	98.49	73.76	94.02	48.7	58.14	73.76	32.25	31.62	46.86	99.86	91.78	82.8	0.0	79.65	70.11	66.48	40.2	79.7	47.54	33.29	24.17	30.53	54.59	84.21	31.24	69.05	8.49	93.68	63.15	74.24	44.27	81.22	38.0	100.42	81.44	24.17	80.0	66.21	92.8	87.2	82.37	72.99	31.62	83.78	60.65	102.63	12.86	80.41	60.01
35	45.34	27.78	25.61	50.04	80.32	69.77	56.64	12.17	12.17	38.83	21.54	79.25	69.08	80.62	26.91	75.07	58.14	55.46	18.44	36.22	53.37	54.41	18.87	54.04	20.4	54.59	36.06	63.81	74.24	60.53	34.93	21.26	28.28	34.41	79.65	0.0	34.0	16.12	66.03	59.67	55.46	70.0	67.88	49.19	64.03	46.17	74.03	50.04	87.82	23.32	62.77	5.66	56.14	26.0	70.0	34.0	50.91	55.57	11.66	14.14	18.44	36.72	45.34	50.04	71.22	52.39	72.43	26.01	85.52	10.3	49.04
36	30.0	17.2	56.32	16.12	76.42	62.03	38.83	22.09	34.18	8.94	46.52	59.09	64.5	60.93	55.71	58.24	69.34	76.58	52.15	52.35	21.63	33.53	46.82	20.1	54.15	68.41	12.0	86.83	79.12	65.39	42.8	51.92	24.41	65.15	70.11	34.0	0.0	21.54	75.18	85.44	28.84	47.41	50.0	45.61	79.65	17.2	51.88	16.12	76.66	29.73	82.02	30.27	67.68	14.14	77.82	68.0	78.71	48.37	44.41	26.0	52.15	68.41	74.32	16.12	49.19	21.12	89.12	58.07	70.82	25.5	68.68
37	29.73	24.17	41.62	37.36	69.05	56.92	41.04	10.2	23.32	28.84	35.61	63.66	57.27	65.12	34.18	60.0	53.14	56.64	34.18	33.29	42.94	38.42	33.94	41.23	36.06	50.99	20.4	66.48	66.48	52.35	26.68	37.2	28.64	43.68	66.48	16.12	21.54	0.0	60.17	64.4	39.4	54.04	52.5	36.88	61.77	37.2	58.14	36.5	74.32	28.07	62.8	10.77	51.26	20.59	63.56	48.66	57.31	42.38	24.08	4.47	34.18	47.07	52.8	37.36	55.32	42.27	70.99	42.13	71.07	13.93	49.04
38	50.91	84.12	83.95	85.6	29.73	34.23	52.15	69.43	78.1	84.12	86.21	61.19	28.07	60.83	48.7	52.95	8.25	27.2	71.81	30.07	94.87	57.2	82.39	88.09	72.28	13.42	64.9	34.18	11.31	11.66	33.53	81.22	88.77	52.84	40.2	66.03	75.18	60.17	0.0	41.18	66.84	62.77	53.14	32.56	14.56	92.28	63.25	82.46	47.07	87.13	23.41	62.29	10.2	80.32	4.47	73.35	45.34	34.99	60.53	57.27	71.81	56.6	48.17	85.6	62.03	94.85	20.83	81.46	52.87	71.85	25.0
39	73.76	86.28	64.56	100.24	70.68	71.81	80.4	69.31	70.46	93.23	72.5	96.33	66.48	96.52	32.8	88.57	36.06	14.56	53.85	35.44	107.07	83.19	68.03	103.77	53.14	31.05	79.62	8.94	52.15	48.08	47.54	63.91	87.86	27.86	79.7	59.67	85.44	64.4	41.18	0.0	90.71	94.09	86.02	60.03	27.2	101.61	96.0	98.39	87.32	82.8	18.44	59.4	35.44	83.55	44.94	46.17	10.2	66.03	48.83	60.0	53.85	28.64	16.49	100.24	94.02	106.5	27.49	60.77	91.68	69.35	21.0
40	17.09	46.04	80.62	26.0	57.27	42.05	16.12	46.04	60.0	34.18	72.8	31.05	46.65	32.98	68.12	32.0	63.81	78.43	73.54	55.32	36.06	10.0	72.11	26.31	75.39	65.3	20.0	89.2	66.6	55.32	43.17	76.16	53.25	78.1	47.54	55.46	28.84	39.4	66.84	90.71	0.0	18.97	24.08	34.41	76.16	38.47	23.41	22.0	52.35	58.14	81.44	50.16	62.77	42.8	67.94	87.36	86.83	32.56	62.64	42.38	73.54	82.22	84.21	26.0	20.88	36.81	85.34	81.43	44.81	50.22	70.52
41	25.06	64.5	95.6	44.41	45.34	31.24	14.56	62.23	76.37	53.14	89.11	12.17	37.2	14.14	77.2	15.23	62.1	80.4	87.13	60.3	54.15	15.62	87.86	44.05	88.84	65.12	37.2	90.8	59.36	51.26	48.66	91.21	71.69	86.83	33.29	70.0	47.41	54.04	62.77	94.09	18.97	0.0	10.0	34.06	74.73	57.27	4.47	40.45	36.06	76.03	81.58	64.4	61.61	61.06	62.61	99.32	92.2	28.64	75.18	56.04	87.13	91.21	90.8	44.41	2.0	55.05	83.08	95.85	27.3	66.47	73.11
42	22.8	66.48	93.38	50.04	35.61	21.26	11.66	61.61	75.6	56.89	88.09	11.66	27.2	12.81	71.69	8.25	52.95	72.03	84.02	53.37	60.13	16.49	86.37	50.36	85.6	56.32	38.63	82.22	49.4	41.76	42.38	89.11	73.54	80.99	24.17	67.88	50.0	52.5	53.14	86.02	24.08	10.0	0.0	26.31	65.51	62.13	10.2	46.04	28.28	76.94	72.69	62.23	52.61	62.77	52.8	95.02	84.85	20.0	71.61	53.74	84.02	85.44	83.95	50.04	8.94	60.86	73.64	93.2	20.99	65.8	65.03
43	18.44	58.03	73.24	53.85	32.25	20.59	20.88	47.07	59.46	54.41	70.68	37.36	20.4	37.95	46.65	30.46	29.53	46.39	62.48	27.2	63.53	25.06	68.0	56.04	63.78	31.62	34.18	56.89	34.0	21.26	17.2	69.34	64.03	55.46	30.53	49.19	45.61	36.88	32.56	60.03	34.41	34.06	26.31	0.0	42.05	62.03	36.06	50.48	38.83	64.78	48.08	43.86	28.64	54.04	34.06	71.22	58.55	7.21	49.68	36.06	62.48	59.93	57.72	53.85	34.0	63.68	51.07	72.24	38.01	50.7	39.05
44	59.36	85.88	78.1	91.93	44.27	48.0	62.77	69.86	76.16	88.41	82.39	74.43	42.05	74.24	42.05	66.27	12.65	14.42	66.03	28.64	100.5	67.08	78.23	94.85	66.12	11.31	70.71	19.7	25.06	24.08	36.88	76.0	89.55	43.68	54.59	64.03	79.65	61.77	14.56	27.2	76.16	74.73	65.51	42.05	0.0	96.83	75.71	89.2	61.61	86.65	8.94	61.35	13.42	82.37	17.89	64.56	32.8	46.17	56.32	58.14	66.03	46.82	36.72	91.93	74.22	100.29	9.5	75.09	67.15	71.51	16.03
45	45.12	20.0	64.03	13.42	91.78	76.94	52.04	34.18	42.05	8.49	52.35	69.43	80.05	71.39	70.71	70.26	86.53	93.38	62.8	69.31	8.25	46.0	54.04	15.62	64.78	85.6	27.86	103.48	95.85	82.29	60.0	60.0	24.74	79.62	84.21	46.17	17.2	37.2	92.28	101.61	38.47	57.27	62.13	62.03	96.83	0.0	61.61	17.09	90.0	32.56	99.04	43.86	84.88	20.4	94.83	79.25	94.34	64.03	57.58	41.62	62.8	82.46	89.55	13.42	59.23	6.91	106.29	66.65	83.08	36.14	85.56
46	28.84	68.96	99.64	48.66	43.86	30.53	17.89	66.48	80.62	57.58	93.34	8.0	36.72	10.0	80.32	12.81	63.15	82.1	90.97	62.8	58.31	19.8	92.02	48.17	92.65	66.48	41.62	92.35	59.06	51.92	51.42	95.27	76.16	89.84	31.24	74.03	51.88	58.14	63.25	96.0	23.41	4.47	10.2	36.06	75.71	61.61	0.0	44.72	33.11	80.45	82.87	68.41	62.8	65.51	62.77	102.86	94.53	30.07	78.89	60.0	90.97	94.25	93.38	48.66	2.83	59.24	83.8	99.8	23.91	70.72	75.0
47	32.25	30.53	72.28	4.0	77.79	62.64	36.88	38.21	50.0	15.62	62.03	52.61	66.48	54.59	70.34	54.0	77.79	88.2	68.26	63.81	14.14	30.59	62.64	5.66	70.26	77.9	18.87	98.79	84.38	71.61	52.8	67.91	37.2	80.05	69.05	50.04	16.12	36.5	82.46	98.39	22.0	40.45	46.04	50.48	89.2	17.09	44.72	0.0	74.24	43.91	92.8	46.04	76.37	28.64	84.4	84.02	92.48	50.99	60.13	40.79	68.26	83.55	88.54	4.0	42.43	14.82	98.69	74.13	66.8	41.59	80.16
48	47.07	92.2	112.07	78.23	18.0	18.44	38.05	84.31	97.51	84.21	109.18	26.08	21.63	24.41	83.55	20.88	51.26	72.8	101.21	62.48	88.36	44.0	106.68	78.64	102.45	56.46	64.78	81.04	38.05	39.4	55.32	108.17	98.95	91.21	8.49	87.82	76.66	74.32	47.07	87.32	52.35	36.06	28.28	38.83	61.61	90.0	33.11	74.24	0.0	101.19	70.34	82.37	52.0	88.29	44.41	108.9	89.44	32.25	88.41	74.24	101.21	95.6	90.55	78.23	34.18	89.06	67.03	111.02	9.9	88.24	67.98
49	54.63	13.42	32.25	42.05	97.02	84.4	65.3	18.0	12.81	28.64	20.0	87.13	85.16	88.84	50.0	84.97	79.62	78.71	34.0	58.24	40.79	61.06	22.36	45.69	35.78	76.66	38.83	87.13	94.19	80.1	54.15	28.64	8.0	56.57	93.68	23.32	29.73	28.07	87.13	82.8	58.14	76.03	76.94	64.78	86.65	32.56	80.45	43.91	101.19	0.0	85.91	25.3	77.67	15.62	90.8	50.16	73.76	69.86	34.06	30.07	34.0	58.14	67.94	42.05	77.67	39.46	95.32	35.38	96.91	15.3	72.09
50	64.4	86.53	74.11	95.27	53.14	56.14	68.96	69.97	74.67	90.55	79.62	82.1	50.36	82.02	38.47	74.03	20.0	8.0	62.29	29.73	103.32	72.8	75.31	98.41	62.13	16.49	74.03	10.77	34.0	32.06	40.0	72.44	89.55	38.21	63.15	62.77	82.02	62.8	23.41	18.44	81.44	81.58	72.69	48.08	8.94	99.04	82.87	92.8	70.34	85.91	0.0	60.83	20.1	83.23	26.83	58.86	25.06	52.95	53.85	58.82	62.29	40.79	29.73	95.27	81.22	102.99	10.89	70.81	75.58	71.12	13.89
51	39.7	26.91	31.24	46.39	75.29	64.4	50.99	10.0	16.12	36.06	26.83	73.59	63.91	74.97	27.2	69.43	54.59	53.85	23.41	32.98	50.6	48.83	24.41	50.36	25.3	51.42	31.05	62.8	70.03	56.14	30.27	26.91	28.84	35.78	74.24	5.66	30.27	10.77	62.29	59.4	50.16	64.4	62.23	43.86	61.35	43.86	68.41	46.04	82.37	25.3	60.83	0.0	52.61	24.41	66.12	38.21	51.22	50.12	14.14	8.49	23.41	38.63	46.04	46.39	65.6	49.72	70.06	31.49	79.93	10.3	46.96
52	46.04	75.39	73.76	79.25	36.06	36.5	49.4	60.17	68.26	76.55	76.11	62.03	31.05	62.0	38.63	54.0	2.0	20.88	61.61	20.0	88.09	53.67	72.25	82.02	62.1	4.47	58.14	30.07	20.59	12.65	25.06	71.02	79.7	43.27	44.27	56.14	67.68	51.26	10.2	35.44	62.77	61.61	52.61	28.64	13.42	84.88	62.8	76.37	52.0	77.67	20.1	52.61	0.0	71.69	14.56	63.53	37.74	32.98	50.36	48.08	61.61	47.2	39.7	79.25	61.19	87.96	22.61	71.28	56.28	62.37	16.4
53	41.23	4.0	44.41	27.2	86.02	72.44	51.26	14.42	22.09	14.14	33.53	72.47	74.03	74.24	51.61	70.94	73.54	76.84	42.43	53.85	28.07	46.52	34.53	31.05	44.41	71.55	24.17	86.37	85.91	71.81	46.82	40.2	10.77	60.03	81.22	26.0	14.14	20.59	80.32	83.55	42.8	61.06	62.77	54.04	82.37	20.4	65.51	28.64	88.29	15.62	83.23	24.41	71.69	0.0	83.52	58.86	75.6	58.14	37.58	24.41	42.43	62.61	70.46	27.2	62.77	26.95	91.57	46.72	83.23	15.81	69.4
54	52.5	87.36	88.29	87.66	26.68	32.98	52.8	72.99	82.02	86.76	90.35	60.17	26.68	59.67	53.14	51.92	12.65	31.24	76.16	34.23	97.1	58.14	86.58	90.0	76.66	17.89	67.23	37.58	7.21	12.81	36.88	85.51	92.2	57.31	38.0	70.0	77.82	63.56	4.47	44.94	67.94	62.61	52.8	34.06	17.89	94.83	62.77	84.4	44.41	90.8	26.83	66.12	14.56	83.52	0.0	77.82	49.52	35.61	64.78	60.83	76.16	61.06	52.5	87.66	61.74	97.14	22.67	85.84	50.81	75.54	29.41
55	74.32	59.67	21.26	84.02	96.83	90.55	84.97	46.04	37.95	72.44	32.8	106.68	87.73	107.7	25.61	100.96	65.3	50.99	16.49	46.86	86.83	84.31	28.84	88.02	14.56	59.93	69.05	54.0	84.12	73.24	54.04	22.8	57.58	20.88	100.42	34.0	68.0	48.66	73.35	46.17	87.36	99.32	95.02	71.22	64.56	79.25	102.86	84.02	108.9	50.16	58.86	38.21	63.53	58.86	77.82	0.0	36.06	78.41	24.74	45.12	16.49	18.11	30.0	84.02	100.18	85.76	69.73	17.11	109.2	43.29	49.04
56	70.26	78.1	54.41	94.02	73.78	72.8	78.03	61.22	61.22	86.09	62.61	95.71	68.03	96.1	24.08	88.29	38.83	18.44	43.86	32.0	100.24	80.1	58.14	97.69	43.08	33.29	74.0	18.11	56.64	50.12	44.05	53.85	79.2	17.89	81.44	50.91	78.71	57.31	45.34	10.2	86.83	92.2	84.85	58.55	32.8	94.34	94.53	92.48	89.44	73.76	25.06	51.22	37.74	75.6	49.52	36.06	0.0	65.12	39.7	52.84	43.86	18.44	6.32	94.02	92.35	99.58	35.42	50.6	92.79	60.88	21.47
57	18.97	62.13	80.0	54.63	28.07	14.56	17.2	52.5	65.39	56.89	76.94	30.59	16.12	31.05	53.85	23.41	33.53	52.04	69.43	34.18	64.62	22.63	74.43	56.36	70.77	36.5	36.5	62.29	34.06	23.32	24.41	76.03	68.47	62.61	24.17	55.57	48.37	42.38	34.99	66.03	32.56	28.64	20.0	7.21	46.17	64.03	30.07	50.99	32.25	69.86	52.95	50.12	32.98	58.14	35.61	78.41	65.12	0.0	56.64	42.05	69.43	67.08	64.56	54.63	28.28	64.93	54.75	79.13	30.86	56.3	45.04
58	50.12	39.45	24.17	60.53	78.71	70.0	61.06	23.41	21.63	50.0	26.08	83.23	68.26	84.4	16.12	78.1	52.35	46.17	12.81	30.59	64.56	59.93	22.0	64.5	14.14	48.04	44.41	53.67	69.86	56.92	33.29	20.88	39.7	22.8	80.0	11.66	44.41	24.08	60.53	48.83	62.64	75.18	71.61	49.68	56.32	57.58	78.89	60.13	88.41	34.06	53.85	14.14	50.36	37.58	64.78	24.74	39.7	56.64	0.0	20.4	12.81	25.06	33.94	60.53	76.16	63.64	64.06	22.65	87.41	21.95	40.61
59	31.24	27.78	39.7	41.76	67.91	56.46	42.52	12.17	23.41	33.29	34.99	65.12	56.32	66.48	29.73	60.96	50.0	52.5	31.3	29.53	47.41	40.5	32.8	45.61	33.11	47.54	24.08	62.23	64.12	50.04	24.08	35.38	31.62	39.29	66.21	14.14	26.0	4.47	57.27	60.0	42.38	56.04	53.74	36.06	58.14	41.62	60.0	40.79	74.24	30.07	58.82	8.49	48.08	24.41	60.83	45.12	52.84	42.05	20.4	0.0	31.3	42.76	48.33	41.76	57.2	46.74	67.25	39.81	71.57	15.03	45.0
60	62.13	43.17	12.17	68.03	91.3	82.8	73.24	30.07	21.54	56.14	18.87	95.6	80.99	96.83	24.0	90.69	63.56	54.33	0.0	42.38	70.46	71.69	14.42	72.03	2.0	58.86	54.41	60.17	81.61	69.08	46.04	10.2	41.23	26.0	92.8	18.44	52.15	34.18	71.81	53.85	73.54	87.13	84.02	62.48	66.03	62.8	90.97	68.26	101.21	34.0	62.29	23.41	61.61	42.43	76.16	16.49	43.86	69.43	12.81	31.3	0.0	26.08	37.58	68.03	88.2	69.36	72.95	9.95	100.17	27.02	50.01
61	67.08	64.5	36.06	84.4	82.02	77.67	76.66	48.33	45.34	74.67	44.94	96.93	74.03	97.69	14.14	90.38	48.83	32.98	26.08	33.29	89.2	77.28	40.5	88.29	25.06	43.27	66.27	36.06	67.68	58.0	43.08	35.78	64.4	4.47	87.2	36.72	68.41	47.07	56.6	28.64	82.22	91.21	85.44	59.93	46.82	82.46	94.25	83.55	95.6	58.14	40.79	38.63	47.2	62.61	61.06	18.11	18.44	67.08	25.06	42.76	26.08	0.0	12.17	84.4	91.76	88.34	51.66	32.19	97.14	47.01	31.76
62	68.0	72.8	48.08	89.89	75.6	73.35	76.42	56.04	55.32	81.41	56.36	95.08	68.96	95.6	18.87	87.93	41.04	22.36	37.58	30.59	95.71	78.03	51.88	93.64	36.77	35.38	70.34	24.0	59.46	51.61	42.19	47.54	73.59	11.66	82.37	45.34	74.32	52.8	48.17	16.49	84.21	90.8	83.95	57.72	36.72	89.55	93.38	88.54	90.55	67.94	29.73	46.04	39.7	70.46	52.5	30.0	6.32	64.56	33.94	48.33	37.58	12.17	0.0	89.89	91.08	94.99	40.43	44.28	93.25	55.44	23.35
63	35.78	28.64	71.39	0.0	81.61	66.48	40.79	38.0	49.03	13.42	60.73	56.57	70.23	58.55	71.47	58.0	80.72	90.44	68.03	66.03	10.2	34.53	61.61	4.0	70.03	80.62	21.26	100.96	87.82	74.89	55.32	67.08	34.99	81.04	72.99	50.04	16.12	37.36	85.6	100.24	26.0	44.41	50.04	53.85	91.93	13.42	48.66	4.0	78.23	42.05	95.27	46.39	79.25	27.2	87.66	84.02	94.02	54.63	60.53	41.76	68.03	84.4	89.89	0.0	46.39	10.83	101.44	73.44	70.8	41.11	82.42
64	26.08	66.24	96.83	46.39	43.86	30.0	15.23	63.66	77.79	55.03	90.51	10.2	36.06	12.17	77.79	13.42	61.61	80.22	88.2	60.53	56.14	16.97	89.2	46.04	89.89	64.78	38.83	90.55	58.31	50.6	49.03	92.46	73.43	87.36	31.62	71.22	49.19	55.32	62.03	94.02	20.88	2.0	8.94	34.0	74.22	59.23	2.83	42.43	34.18	77.67	81.22	65.6	61.19	62.77	61.74	100.18	92.35	28.28	76.16	57.2	88.2	91.76	91.08	46.39	0.0	57.04	82.46	97.01	25.34	67.9	73.03
65	45.98	26.83	70.87	10.83	92.2	77.13	51.56	40.28	48.81	13.67	59.24	67.19	80.7	69.18	76.22	68.8	89.53	97.67	69.36	73.38	1.44	45.31	60.88	11.26	71.34	88.99	29.95	107.95	97.68	84.45	63.42	66.81	31.63	85.35	83.78	52.39	21.12	42.27	94.85	106.5	36.81	55.05	60.86	63.68	100.29	6.91	59.24	14.82	89.06	39.46	102.99	49.72	87.96	26.95	97.14	85.76	99.58	64.93	63.64	46.74	69.36	88.34	94.99	10.83	57.04	0.0	109.78	73.44	81.6	42.52	89.75
66	68.66	95.03	84.84	101.44	49.17	55.06	71.6	78.82	84.47	97.85	90.0	81.99	48.88	81.65	49.02	73.76	21.54	18.85	72.95	37.73	110.0	76.13	85.74	104.34	72.85	20.82	80.21	18.66	29.11	31.88	46.37	83.07	98.51	49.09	60.65	72.43	89.12	70.99	20.83	27.49	85.34	83.08	73.64	51.07	9.5	106.29	83.8	98.69	67.03	95.32	10.89	70.06	22.61	91.57	22.67	69.73	35.42	54.75	64.06	67.25	72.95	51.66	40.43	101.44	82.46	109.78	0.0	81.6	73.44	80.3	23.49
67	70.99	46.66	4.15	73.44	101.25	92.63	82.21	36.28	24.65	60.83	16.31	104.71	90.91	106.0	33.13	100.05	73.21	62.81	9.95	52.24	74.64	80.3	13.04	77.4	9.19	68.39	61.83	67.76	91.4	78.99	55.94	6.75	43.24	33.24	102.63	26.01	58.07	42.13	81.46	60.77	81.43	95.85	93.2	72.24	75.09	66.65	99.8	74.13	111.02	35.38	70.81	31.49	71.28	46.72	85.84	17.11	50.6	79.13	22.65	39.81	9.95	32.19	44.28	73.44	97.01	73.44	81.6	0.0	109.78	32.59	59.07
68	42.28	87.03	110.47	70.8	25.82	19.99	32.03	80.73	94.39	77.86	106.5	16.46	25.26	14.69	84.35	12.82	55.85	77.13	100.17	63.87	80.81	37.42	104.34	70.87	101.55	60.63	59.23	86.08	45.1	43.7	55.16	106.39	93.99	92.69	12.86	85.52	70.82	71.07	52.87	91.68	44.81	27.3	20.99	38.01	67.15	83.08	23.91	66.8	9.9	96.91	75.58	79.93	56.28	83.23	50.81	109.2	92.79	30.86	87.41	71.57	100.17	97.14	93.25	70.8	25.34	81.6	73.44	109.78	0.0	84.82	71.53
69	43.01	17.49	31.02	41.11	82.76	70.84	54.2	4.24	9.9	29.15	22.67	76.69	71.06	78.24	36.8	73.5	64.33	64.14	27.02	43.01	43.57	50.93	21.95	45.1	29.02	61.4	30.23	73.01	79.06	65.01	39.01	26.57	18.6	44.65	80.41	10.3	25.5	13.93	71.85	69.35	50.22	66.47	65.8	50.7	71.51	36.14	70.72	41.59	88.24	15.3	71.12	10.3	62.37	15.81	75.54	43.29	60.88	56.3	21.95	15.03	27.02	47.01	55.44	41.11	67.9	42.52	80.3	32.59	84.82	0.0	57.25
70	53.45	72.67	62.07	82.42	52.43	51.55	59.54	56.08	61.03	77.08	66.61	75.43	46.62	75.66	26.02	67.74	17.69	8.06	50.01	16.4	90.14	62.59	62.39	85.7	50.09	12.04	61.29	18.79	36.24	28.65	27.73	60.01	75.66	28.23	60.01	49.04	68.68	49.04	25.0	21.0	70.52	73.11	65.03	39.05	16.03	85.56	75.0	80.16	67.98	72.09	13.89	46.96	16.4	69.4	29.41	49.04	21.47	45.04	40.61	45.0	50.01	31.76	23.35	82.42	73.03	89.75	23.49	59.07	71.53	57.25	0.0
;
