set K:= 1	2	3	4	5	6	7	8	9;
set C_H:= 1	2	3	4	5	6	7	8	9	10	11	12	13	14	15	16	17	18	19	20	21	22	23	24;
set C_S:= 25	26	27	28	29	30	31	32	33	34	35	36	37	38	39	40	41	42	43	44	45	46;
set C_F:= 47	48	49	50	51	52	53	54	55	56	57	58	59	60	61	62	63	64	65	66	67	68;
set M:= 69	70	71	72	73	74;
set L_B:= 75	76	77	78	79	80	81	82	83;
set A1:=
(0,*) 1 2 3 4 5 6 7 8 9 10 11 12 13 14 15 16 17 18 19 20 21 22 23 24 47 48 49 50 51 52 53 54 55 56 57 58 59 60 61 62 63 64 65 66 67 68 69 70 71 72 73 74 75 76 77 78 79 80 81 82 83 84
(1,*) 0 2 3 4 5 6 7 8 9 10 11 12 13 14 15 16 17 18 19 20 21 22 23 24 47 48 49 50 51 52 53 54 55 56 57 58 59 60 61 62 63 64 65 66 67 68 69 70 71 72 73 74 75 76 77 78 79 80 81 82 83 84
(2,*) 0 1 3 4 5 6 7 8 9 10 11 12 13 14 15 16 17 18 19 20 21 22 23 24 47 48 49 50 51 52 53 54 55 56 57 58 59 60 61 62 63 64 65 66 67 68 69 70 71 72 73 74 75 76 77 78 79 80 81 82 83 84
(3,*) 0 1 2 4 5 6 7 8 9 10 11 12 13 14 15 16 17 18 19 20 21 22 23 24 47 48 49 50 51 52 53 54 55 56 57 58 59 60 61 62 63 64 65 66 67 68 69 70 71 72 73 74 75 76 77 78 79 80 81 82 83 84
(4,*) 0 1 2 3 5 6 7 8 9 10 11 12 13 14 15 16 17 18 19 20 21 22 23 24 47 48 49 50 51 52 53 54 55 56 57 58 59 60 61 62 63 64 65 66 67 68 69 70 71 72 73 74 75 76 77 78 79 80 81 82 83 84
(5,*) 0 1 2 3 4 6 7 8 9 10 11 12 13 14 15 16 17 18 19 20 21 22 23 24 47 48 49 50 51 52 53 54 55 56 57 58 59 60 61 62 63 64 65 66 67 68 69 70 71 72 73 74 75 76 77 78 79 80 81 82 83 84
(6,*) 0 1 2 3 4 5 7 8 9 10 11 12 13 14 15 16 17 18 19 20 21 22 23 24 47 48 49 50 51 52 53 54 55 56 57 58 59 60 61 62 63 64 65 66 67 68 69 70 71 72 73 74 75 76 77 78 79 80 81 82 83 84
(7,*) 0 1 2 3 4 5 6 8 9 10 11 12 13 14 15 16 17 18 19 20 21 22 23 24 47 48 49 50 51 52 53 54 55 56 57 58 59 60 61 62 63 64 65 66 67 68 69 70 71 72 73 74 75 76 77 78 79 80 81 82 83 84
(8,*) 0 1 2 3 4 5 6 7 9 10 11 12 13 14 15 16 17 18 19 20 21 22 23 24 47 48 49 50 51 52 53 54 55 56 57 58 59 60 61 62 63 64 65 66 67 68 69 70 71 72 73 74 75 76 77 78 79 80 81 82 83 84
(9,*) 0 1 2 3 4 5 6 7 8 10 11 12 13 14 15 16 17 18 19 20 21 22 23 24 47 48 49 50 51 52 53 54 55 56 57 58 59 60 61 62 63 64 65 66 67 68 69 70 71 72 73 74 75 76 77 78 79 80 81 82 83 84
(10,*) 0 1 2 3 4 5 6 7 8 9 11 12 13 14 15 16 17 18 19 20 21 22 23 24 47 48 49 50 51 52 53 54 55 56 57 58 59 60 61 62 63 64 65 66 67 68 69 70 71 72 73 74 75 76 77 78 79 80 81 82 83 84
(11,*) 0 1 2 3 4 5 6 7 8 9 10 12 13 14 15 16 17 18 19 20 21 22 23 24 47 48 49 50 51 52 53 54 55 56 57 58 59 60 61 62 63 64 65 66 67 68 69 70 71 72 73 74 75 76 77 78 79 80 81 82 83 84
(12,*) 0 1 2 3 4 5 6 7 8 9 10 11 13 14 15 16 17 18 19 20 21 22 23 24 47 48 49 50 51 52 53 54 55 56 57 58 59 60 61 62 63 64 65 66 67 68 69 70 71 72 73 74 75 76 77 78 79 80 81 82 83 84
(13,*) 0 1 2 3 4 5 6 7 8 9 10 11 12 14 15 16 17 18 19 20 21 22 23 24 47 48 49 50 51 52 53 54 55 56 57 58 59 60 61 62 63 64 65 66 67 68 69 70 71 72 73 74 75 76 77 78 79 80 81 82 83 84
(14,*) 0 1 2 3 4 5 6 7 8 9 10 11 12 13 15 16 17 18 19 20 21 22 23 24 47 48 49 50 51 52 53 54 55 56 57 58 59 60 61 62 63 64 65 66 67 68 69 70 71 72 73 74 75 76 77 78 79 80 81 82 83 84
(15,*) 0 1 2 3 4 5 6 7 8 9 10 11 12 13 14 16 17 18 19 20 21 22 23 24 47 48 49 50 51 52 53 54 55 56 57 58 59 60 61 62 63 64 65 66 67 68 69 70 71 72 73 74 75 76 77 78 79 80 81 82 83 84
(16,*) 0 1 2 3 4 5 6 7 8 9 10 11 12 13 14 15 17 18 19 20 21 22 23 24 47 48 49 50 51 52 53 54 55 56 57 58 59 60 61 62 63 64 65 66 67 68 69 70 71 72 73 74 75 76 77 78 79 80 81 82 83 84
(17,*) 0 1 2 3 4 5 6 7 8 9 10 11 12 13 14 15 16 18 19 20 21 22 23 24 47 48 49 50 51 52 53 54 55 56 57 58 59 60 61 62 63 64 65 66 67 68 69 70 71 72 73 74 75 76 77 78 79 80 81 82 83 84
(18,*) 0 1 2 3 4 5 6 7 8 9 10 11 12 13 14 15 16 17 19 20 21 22 23 24 47 48 49 50 51 52 53 54 55 56 57 58 59 60 61 62 63 64 65 66 67 68 69 70 71 72 73 74 75 76 77 78 79 80 81 82 83 84
(19,*) 0 1 2 3 4 5 6 7 8 9 10 11 12 13 14 15 16 17 18 20 21 22 23 24 47 48 49 50 51 52 53 54 55 56 57 58 59 60 61 62 63 64 65 66 67 68 69 70 71 72 73 74 75 76 77 78 79 80 81 82 83 84
(20,*) 0 1 2 3 4 5 6 7 8 9 10 11 12 13 14 15 16 17 18 19 21 22 23 24 47 48 49 50 51 52 53 54 55 56 57 58 59 60 61 62 63 64 65 66 67 68 69 70 71 72 73 74 75 76 77 78 79 80 81 82 83 84
(21,*) 0 1 2 3 4 5 6 7 8 9 10 11 12 13 14 15 16 17 18 19 20 22 23 24 47 48 49 50 51 52 53 54 55 56 57 58 59 60 61 62 63 64 65 66 67 68 69 70 71 72 73 74 75 76 77 78 79 80 81 82 83 84
(22,*) 0 1 2 3 4 5 6 7 8 9 10 11 12 13 14 15 16 17 18 19 20 21 23 24 47 48 49 50 51 52 53 54 55 56 57 58 59 60 61 62 63 64 65 66 67 68 69 70 71 72 73 74 75 76 77 78 79 80 81 82 83 84
(23,*) 0 1 2 3 4 5 6 7 8 9 10 11 12 13 14 15 16 17 18 19 20 21 22 24 47 48 49 50 51 52 53 54 55 56 57 58 59 60 61 62 63 64 65 66 67 68 69 70 71 72 73 74 75 76 77 78 79 80 81 82 83 84
(24,*) 0 1 2 3 4 5 6 7 8 9 10 11 12 13 14 15 16 17 18 19 20 21 22 23 47 48 49 50 51 52 53 54 55 56 57 58 59 60 61 62 63 64 65 66 67 68 69 70 71 72 73 74 75 76 77 78 79 80 81 82 83 84
(47,*) 0 1 2 3 4 5 6 7 8 9 10 11 12 13 14 15 16 17 18 19 20 21 22 23 24 48 49 50 51 52 53 54 55 56 57 58 59 60 61 62 63 64 65 66 67 68 69 70 71 72 73 74 75 76 77 78 79 80 81 82 83 84
(48,*) 0 1 2 3 4 5 6 7 8 9 10 11 12 13 14 15 16 17 18 19 20 21 22 23 24 47 49 50 51 52 53 54 55 56 57 58 59 60 61 62 63 64 65 66 67 68 69 70 71 72 73 74 75 76 77 78 79 80 81 82 83 84
(49,*) 0 1 2 3 4 5 6 7 8 9 10 11 12 13 14 15 16 17 18 19 20 21 22 23 24 47 48 50 51 52 53 54 55 56 57 58 59 60 61 62 63 64 65 66 67 68 69 70 71 72 73 74 75 76 77 78 79 80 81 82 83 84
(50,*) 0 1 2 3 4 5 6 7 8 9 10 11 12 13 14 15 16 17 18 19 20 21 22 23 24 47 48 49 51 52 53 54 55 56 57 58 59 60 61 62 63 64 65 66 67 68 69 70 71 72 73 74 75 76 77 78 79 80 81 82 83 84
(51,*) 0 1 2 3 4 5 6 7 8 9 10 11 12 13 14 15 16 17 18 19 20 21 22 23 24 47 48 49 50 52 53 54 55 56 57 58 59 60 61 62 63 64 65 66 67 68 69 70 71 72 73 74 75 76 77 78 79 80 81 82 83 84
(52,*) 0 1 2 3 4 5 6 7 8 9 10 11 12 13 14 15 16 17 18 19 20 21 22 23 24 47 48 49 50 51 53 54 55 56 57 58 59 60 61 62 63 64 65 66 67 68 69 70 71 72 73 74 75 76 77 78 79 80 81 82 83 84
(53,*) 0 1 2 3 4 5 6 7 8 9 10 11 12 13 14 15 16 17 18 19 20 21 22 23 24 47 48 49 50 51 52 54 55 56 57 58 59 60 61 62 63 64 65 66 67 68 69 70 71 72 73 74 75 76 77 78 79 80 81 82 83 84
(54,*) 0 1 2 3 4 5 6 7 8 9 10 11 12 13 14 15 16 17 18 19 20 21 22 23 24 47 48 49 50 51 52 53 55 56 57 58 59 60 61 62 63 64 65 66 67 68 69 70 71 72 73 74 75 76 77 78 79 80 81 82 83 84
(55,*) 0 1 2 3 4 5 6 7 8 9 10 11 12 13 14 15 16 17 18 19 20 21 22 23 24 47 48 49 50 51 52 53 54 56 57 58 59 60 61 62 63 64 65 66 67 68 69 70 71 72 73 74 75 76 77 78 79 80 81 82 83 84
(56,*) 0 1 2 3 4 5 6 7 8 9 10 11 12 13 14 15 16 17 18 19 20 21 22 23 24 47 48 49 50 51 52 53 54 55 57 58 59 60 61 62 63 64 65 66 67 68 69 70 71 72 73 74 75 76 77 78 79 80 81 82 83 84
(57,*) 0 1 2 3 4 5 6 7 8 9 10 11 12 13 14 15 16 17 18 19 20 21 22 23 24 47 48 49 50 51 52 53 54 55 56 58 59 60 61 62 63 64 65 66 67 68 69 70 71 72 73 74 75 76 77 78 79 80 81 82 83 84
(58,*) 0 1 2 3 4 5 6 7 8 9 10 11 12 13 14 15 16 17 18 19 20 21 22 23 24 47 48 49 50 51 52 53 54 55 56 57 59 60 61 62 63 64 65 66 67 68 69 70 71 72 73 74 75 76 77 78 79 80 81 82 83 84
(59,*) 0 1 2 3 4 5 6 7 8 9 10 11 12 13 14 15 16 17 18 19 20 21 22 23 24 47 48 49 50 51 52 53 54 55 56 57 58 60 61 62 63 64 65 66 67 68 69 70 71 72 73 74 75 76 77 78 79 80 81 82 83 84
(60,*) 0 1 2 3 4 5 6 7 8 9 10 11 12 13 14 15 16 17 18 19 20 21 22 23 24 47 48 49 50 51 52 53 54 55 56 57 58 59 61 62 63 64 65 66 67 68 69 70 71 72 73 74 75 76 77 78 79 80 81 82 83 84
(61,*) 0 1 2 3 4 5 6 7 8 9 10 11 12 13 14 15 16 17 18 19 20 21 22 23 24 47 48 49 50 51 52 53 54 55 56 57 58 59 60 62 63 64 65 66 67 68 69 70 71 72 73 74 75 76 77 78 79 80 81 82 83 84
(62,*) 0 1 2 3 4 5 6 7 8 9 10 11 12 13 14 15 16 17 18 19 20 21 22 23 24 47 48 49 50 51 52 53 54 55 56 57 58 59 60 61 63 64 65 66 67 68 69 70 71 72 73 74 75 76 77 78 79 80 81 82 83 84
(63,*) 0 1 2 3 4 5 6 7 8 9 10 11 12 13 14 15 16 17 18 19 20 21 22 23 24 47 48 49 50 51 52 53 54 55 56 57 58 59 60 61 62 64 65 66 67 68 69 70 71 72 73 74 75 76 77 78 79 80 81 82 83 84
(64,*) 0 1 2 3 4 5 6 7 8 9 10 11 12 13 14 15 16 17 18 19 20 21 22 23 24 47 48 49 50 51 52 53 54 55 56 57 58 59 60 61 62 63 65 66 67 68 69 70 71 72 73 74 75 76 77 78 79 80 81 82 83 84
(65,*) 0 1 2 3 4 5 6 7 8 9 10 11 12 13 14 15 16 17 18 19 20 21 22 23 24 47 48 49 50 51 52 53 54 55 56 57 58 59 60 61 62 63 64 66 67 68 69 70 71 72 73 74 75 76 77 78 79 80 81 82 83 84
(66,*) 0 1 2 3 4 5 6 7 8 9 10 11 12 13 14 15 16 17 18 19 20 21 22 23 24 47 48 49 50 51 52 53 54 55 56 57 58 59 60 61 62 63 64 65 67 68 69 70 71 72 73 74 75 76 77 78 79 80 81 82 83 84
(67,*) 0 1 2 3 4 5 6 7 8 9 10 11 12 13 14 15 16 17 18 19 20 21 22 23 24 47 48 49 50 51 52 53 54 55 56 57 58 59 60 61 62 63 64 65 66 68 69 70 71 72 73 74 75 76 77 78 79 80 81 82 83 84
(68,*) 0 1 2 3 4 5 6 7 8 9 10 11 12 13 14 15 16 17 18 19 20 21 22 23 24 47 48 49 50 51 52 53 54 55 56 57 58 59 60 61 62 63 64 65 66 67 69 70 71 72 73 74 75 76 77 78 79 80 81 82 83 84
(69,*) 0 1 2 3 4 5 6 7 8 9 10 11 12 13 14 15 16 17 18 19 20 21 22 23 24 47 48 49 50 51 52 53 54 55 56 57 58 59 60 61 62 63 64 65 66 67 68 70 71 72 73 74 75 76 77 78 79 80 81 82 83 84
(70,*) 0 1 2 3 4 5 6 7 8 9 10 11 12 13 14 15 16 17 18 19 20 21 22 23 24 47 48 49 50 51 52 53 54 55 56 57 58 59 60 61 62 63 64 65 66 67 68 69 71 72 73 74 75 76 77 78 79 80 81 82 83 84
(71,*) 0 1 2 3 4 5 6 7 8 9 10 11 12 13 14 15 16 17 18 19 20 21 22 23 24 47 48 49 50 51 52 53 54 55 56 57 58 59 60 61 62 63 64 65 66 67 68 69 70 72 73 74 75 76 77 78 79 80 81 82 83 84
(72,*) 0 1 2 3 4 5 6 7 8 9 10 11 12 13 14 15 16 17 18 19 20 21 22 23 24 47 48 49 50 51 52 53 54 55 56 57 58 59 60 61 62 63 64 65 66 67 68 69 70 71 73 74 75 76 77 78 79 80 81 82 83 84
(73,*) 0 1 2 3 4 5 6 7 8 9 10 11 12 13 14 15 16 17 18 19 20 21 22 23 24 47 48 49 50 51 52 53 54 55 56 57 58 59 60 61 62 63 64 65 66 67 68 69 70 71 72 74 75 76 77 78 79 80 81 82 83 84
(74,*) 0 1 2 3 4 5 6 7 8 9 10 11 12 13 14 15 16 17 18 19 20 21 22 23 24 47 48 49 50 51 52 53 54 55 56 57 58 59 60 61 62 63 64 65 66 67 68 69 70 71 72 73 75 76 77 78 79 80 81 82 83 84
(75,*) 0 1 2 3 4 5 6 7 8 9 10 11 12 13 14 15 16 17 18 19 20 21 22 23 24 47 48 49 50 51 52 53 54 55 56 57 58 59 60 61 62 63 64 65 66 67 68 69 70 71 72 73 74 76 77 78 79 80 81 82 83 84
(76,*) 0 1 2 3 4 5 6 7 8 9 10 11 12 13 14 15 16 17 18 19 20 21 22 23 24 47 48 49 50 51 52 53 54 55 56 57 58 59 60 61 62 63 64 65 66 67 68 69 70 71 72 73 74 75 77 78 79 80 81 82 83 84
(77,*) 0 1 2 3 4 5 6 7 8 9 10 11 12 13 14 15 16 17 18 19 20 21 22 23 24 47 48 49 50 51 52 53 54 55 56 57 58 59 60 61 62 63 64 65 66 67 68 69 70 71 72 73 74 75 76 78 79 80 81 82 83 84
(78,*) 0 1 2 3 4 5 6 7 8 9 10 11 12 13 14 15 16 17 18 19 20 21 22 23 24 47 48 49 50 51 52 53 54 55 56 57 58 59 60 61 62 63 64 65 66 67 68 69 70 71 72 73 74 75 76 77 79 80 81 82 83 84
(79,*) 0 1 2 3 4 5 6 7 8 9 10 11 12 13 14 15 16 17 18 19 20 21 22 23 24 47 48 49 50 51 52 53 54 55 56 57 58 59 60 61 62 63 64 65 66 67 68 69 70 71 72 73 74 75 76 77 78 80 81 82 83 84
(80,*) 0 1 2 3 4 5 6 7 8 9 10 11 12 13 14 15 16 17 18 19 20 21 22 23 24 47 48 49 50 51 52 53 54 55 56 57 58 59 60 61 62 63 64 65 66 67 68 69 70 71 72 73 74 75 76 77 78 79 81 82 83 84
(81,*) 0 1 2 3 4 5 6 7 8 9 10 11 12 13 14 15 16 17 18 19 20 21 22 23 24 47 48 49 50 51 52 53 54 55 56 57 58 59 60 61 62 63 64 65 66 67 68 69 70 71 72 73 74 75 76 77 78 79 80 82 83 84
(82,*) 0 1 2 3 4 5 6 7 8 9 10 11 12 13 14 15 16 17 18 19 20 21 22 23 24 47 48 49 50 51 52 53 54 55 56 57 58 59 60 61 62 63 64 65 66 67 68 69 70 71 72 73 74 75 76 77 78 79 80 81 83 84
(83,*) 0 1 2 3 4 5 6 7 8 9 10 11 12 13 14 15 16 17 18 19 20 21 22 23 24 47 48 49 50 51 52 53 54 55 56 57 58 59 60 61 62 63 64 65 66 67 68 69 70 71 72 73 74 75 76 77 78 79 80 81 82 84
(84,*) 0 1 2 3 4 5 6 7 8 9 10 11 12 13 14 15 16 17 18 19 20 21 22 23 24 47 48 49 50 51 52 53 54 55 56 57 58 59 60 61 62 63 64 65 66 67 68 69 70 71 72 73 74 75 76 77 78 79 80 81 82 83
;
set A2:=
(69,*) 70
(70,*) 69
(71,*) 72
(72,*) 71
(73,*) 74
(74,*) 73
;
param BigM:=99999;
param n:= 9;
param d:=
1	2
2	6
3	1
4	5
5	16
6	12
7	20
8	39
9	17
10	17
11	2
12	7
13	13
14	13
15	23
16	10
17	5
18	9
19	8
20	5
21	8
22	25
23	24
24	18
25	9
26	16
27	9
28	9
29	6
30	6
31	23
32	2
33	13
34	7
35	10
36	12
37	20
38	21
39	25
40	4
41	12
42	15
43	30
44	15
45	7
46	7
47	1
48	5
49	3
50	12
51	1
52	18
53	10
54	5
55	8
56	3
57	23
58	5
59	19
60	7
61	15
62	13
63	23
64	25
65	12
66	8
67	22
68	24
;
param Q:=100;
param w:=
[69,*] 70 0.5
[70,*] 69 0.5
[71,*] 72 0.5
[72,*] 71 0.5
[73,*] 74 0.5
[74,*] 73 0.5
;
param V:=
[69,*] 70 81
[70,*] 69 81
[71,*] 72 99
[72,*] 71 99
[73,*] 74 81
[74,*] 73 81
;
param e:
	69	70	71	72	73	74	75	76	77	78	79	80	81	82	83:=
25		0		0		1		0		0		1		0		0		0		0		0		0		0		0		0	
26		0		0		0		0		0		0		0		0		0		0		0		0		1		0		0	
27		0		0		0		1		0		0		0		0		0		0		0		0		0		0		0	
28		0		1		0		0		0		0		0		0		0		0		0		0		0		0		0	
29		0		0		0		0		0		0		0		0		0		1		1		0		0		0		0	
30		0		0		0		1		0		0		0		0		0		0		0		0		0		0		0	
31		0		0		0		0		0		0		1		0		0		0		0		0		0		0		0	
32		0		0		0		0		0		0		0		0		0		0		0		0		1		0		0	
33		0		0		0		0		0		1		0		0		0		0		0		0		0		1		0	
34		0		0		0		0		0		0		0		0		0		0		1		0		0		0		0	
35		0		0		0		0		1		0		0		0		0		0		0		0		0		0		0	
36		0		0		0		1		0		0		0		0		0		0		0		1		0		0		0	
37		0		1		0		0		0		0		0		0		0		0		0		0		0		0		0	
38		0		0		0		1		0		0		0		0		0		0		0		0		0		0		0	
39		0		0		0		1		0		0		0		0		0		0		0		0		0		0		0	
40		0		0		0		1		0		0		0		0		0		0		0		0		0		0		0	
41		0		0		0		0		0		0		1		0		0		0		0		0		1		0		0	
42		0		1		0		0		0		0		0		0		0		0		0		0		1		0		0	
43		0		0		0		0		0		0		1		0		0		0		0		0		0		0		0	
44		1		0		0		0		1		0		0		0		0		0		1		0		0		0		0	
45		0		1		0		0		0		0		1		0		0		0		0		0		1		0		0	
46		0		0		0		0		0		0		0		0		0		0		0		1		0		0		1	
47		0		0		0		0		0		0		0		1		0		0		1		0		0		0		0	
48		0		0		0		1		0		0		0		0		1		0		0		1		0		0		1	
49		0		0		0		0		0		1		0		0		0		1		1		0		0		1		0	
50		1		0		0		0		1		0		0		0		0		0		0		0		0		0		0	
51		0		1		0		0		0		1		0		0		0		0		0		0		1		0		0	
52		0		0		0		0		0		0		1		0		0		0		0		0		0		0		0	
53		0		0		0		1		0		0		0		0		0		0		0		1		0		0		1	
54		0		0		0		0		0		0		0		0		1		0		0		1		0		0		1	
55		0		0		0		0		0		1		0		0		0		0		0		0		0		0		0	
56		0		0		0		0		0		0		1		0		0		0		0		0		0		0		0	
57		0		1		0		0		0		0		0		0		0		0		0		0		1		0		0	
58		0		0		0		0		0		0		1		0		0		0		0		0		0		0		0	
59		0		0		0		1		0		0		0		0		0		0		0		0		0		0		0	
60		0		0		1		0		0		1		0		0		0		1		0		0		0		0		0	
61		0		1		0		0		0		0		0		0		0		0		0		0		1		0		0	
62		0		0		0		1		0		0		0		0		1		0		0		1		0		0		1	
63		0		0		0		0		0		0		1		0		0		0		0		0		0		0		0	
64		0		0		1		0		0		1		0		0		0		0		0		0		0		0		0	
65		0		0		0		0		0		0		0		1		0		0		1		0		0		1		0	
66		0		0		0		0		0		0		0		1		0		0		1		0		0		1		0	
67		0		0		0		0		0		1		0		0		0		1		0		0		0		1		0	
68		0		0		0		0		0		0		0		1		0		0		1		0		0		1		0	
;
param p:=
1	1
2	1
3	1
4	1
5	1
6	1
7	1
8	1
9	1
;
param G:=
69	79
70	81
71	99
72	73
73	81
74	70
75	84
76	90
77	96
78	80
79	87
80	81
81	71
82	78
83	90
;
param s:=
0	0
1	10
2	10
3	10
4	10
5	10
6	10
7	10
8	10
9	10
10	10
11	10
12	10
13	10
14	10
15	10
16	10
17	10
18	10
19	10
20	10
21	10
22	10
23	10
24	10
47	10
48	10
49	10
50	10
51	10
52	10
53	10
54	10
55	10
56	10
57	10
58	10
59	10
60	10
61	10
62	10
63	10
64	10
65	10
66	10
67	10
68	10
69	10
70	10
71	10
72	10
73	10
74	10
75	10
76	10
77	10
78	10
79	10
80	10
81	10
82	10
83	10
;
param t:
	0	1	2	3	4	5	6	7	8	9	10	11	12	13	14	15	16	17	18	19	20	21	22	23	24	25	26	27	28	29	30	31	32	33	34	35	36	37	38	39	40	41	42	43	44	45	46	47	48	49	50	51	52	53	54	55	56	57	58	59	60	61	62	63	64	65	66	67	68	69	70	71	72	73	74	75	76	77	78	79	80	81	82	83	84:=
0	0.0	54.23	54.13	60.0	27.2	57.01	22.83	36.35	30.36	11.18	8.25	47.68	17.49	44.05	26.02	52.48	37.8	64.64	39.2	22.56	21.93	61.74	45.18	49.19	47.51	44.82	37.54	61.13	44.28	6.08	63.81	23.26	25.61	24.41	17.49	55.44	66.47	61.1	49.73	56.44	59.36	19.65	52.55	29.07	32.7	26.91	29.73	34.66	57.25	13.04	46.27	39.22	27.86	53.81	55.01	40.31	31.58	57.01	46.69	69.31	38.6	45.28	50.7	55.0	44.82	36.4	31.02	28.32	28.16	44.41	44.69	46.69	57.49	47.54	32.7	32.28	43.27	60.54	20.62	25.08	46.62	43.28	29.61	44.94	0.0
1	54.23	0.0	75.03	15.13	58.22	14.87	73.5	87.48	64.66	45.28	53.6	79.92	59.3	17.46	49.25	69.89	28.46	114.21	81.06	45.01	49.52	47.38	17.72	36.24	45.89	79.25	25.96	38.08	10.2	55.95	55.15	42.45	30.41	70.35	69.12	106.4	68.07	7.07	34.06	28.64	53.0	34.89	2.24	25.3	81.06	32.02	49.65	87.46	81.15	66.1	86.68	40.31	39.2	62.59	74.33	58.19	33.02	14.87	29.27	69.0	73.68	11.18	74.73	21.59	85.29	90.48	85.23	71.03	81.61	85.8	17.89	84.72	66.29	94.07	63.64	22.47	97.06	81.6	58.03	79.31	63.32	18.38	80.41	64.47	54.23
2	54.13	75.03	0.0	88.6	81.15	86.83	44.69	79.98	24.41	48.51	62.24	15.13	71.55	77.78	78.16	5.66	79.0	60.13	90.8	73.25	34.71	40.22	57.38	93.01	30.81	98.27	77.03	48.84	70.09	48.3	34.44	39.05	65.07	76.28	46.69	58.31	24.08	78.72	43.83	53.41	31.91	54.15	72.8	62.07	40.71	69.18	29.02	54.12	6.4	61.61	28.16	86.58	39.12	15.81	2.0	93.3	43.74	86.83	47.01	27.02	92.28	73.76	4.47	58.52	96.4	69.89	64.4	80.99	68.68	29.43	78.77	99.05	14.87	41.3	86.82	58.55	64.08	7.0	74.73	60.31	11.7	77.65	75.69	11.05	54.13
3	60.0	15.13	88.6	0.0	56.89	3.16	81.34	89.54	75.8	53.04	57.31	92.14	60.75	16.12	48.05	83.68	25.71	123.07	79.91	45.22	60.21	62.51	32.14	27.2	60.41	76.01	24.35	53.15	18.79	63.03	70.26	53.34	34.41	71.47	76.49	114.59	83.01	16.64	49.0	43.74	68.03	42.45	17.03	31.83	89.87	34.0	61.74	94.49	94.56	70.33	97.64	35.01	50.99	76.94	88.06	53.15	45.31	3.16	44.05	84.02	71.18	15.81	87.92	36.67	83.38	94.89	90.21	71.06	85.42	96.52	15.65	82.1	80.75	103.71	61.29	31.91	103.23	95.34	58.52	84.6	76.92	17.0	82.64	77.79	60.0
4	27.2	58.22	81.15	56.89	0.0	53.76	46.1	35.0	57.57	33.84	18.97	74.73	11.05	42.05	9.0	79.16	31.26	84.15	23.09	13.6	47.51	82.46	57.38	34.99	70.01	21.93	33.06	79.08	48.51	33.24	86.28	46.23	29.73	16.97	41.01	74.09	91.4	65.12	68.24	72.01	82.02	34.21	57.43	36.4	56.22	26.68	54.92	52.81	84.43	25.5	72.06	23.71	49.52	79.32	81.94	14.32	50.45	53.76	63.81	94.02	15.81	47.1	77.83	68.15	27.07	45.0	42.54	14.76	35.23	70.03	42.11	26.68	83.22	70.71	6.4	42.54	57.31	87.66	7.0	39.0	72.95	41.05	29.0	71.55	27.2
5	57.01	14.87	86.83	3.16	53.76	0.0	78.49	86.38	73.43	50.25	54.2	89.96	57.58	13.04	44.91	82.0	22.56	120.28	76.79	42.06	57.8	61.98	31.0	24.7	59.14	73.0	21.19	52.89	16.76	60.14	69.58	51.0	31.4	68.31	73.59	111.73	82.02	17.69	48.09	43.42	67.19	39.7	16.49	29.07	87.11	30.89	59.62	91.55	92.72	67.23	95.19	32.06	48.85	75.54	86.35	50.25	43.32	0.0	43.01	83.15	68.12	13.42	86.02	36.4	80.31	91.79	87.13	67.91	82.3	94.03	12.53	79.06	79.4	101.04	58.22	29.53	100.21	93.62	55.36	81.54	75.19	13.89	79.48	75.96	57.01
6	22.83	73.5	44.69	81.34	46.1	78.49	0.0	35.36	21.93	28.43	29.41	33.02	35.06	65.8	47.54	45.49	60.46	42.01	48.33	44.94	27.46	67.27	60.93	72.01	52.15	57.57	60.0	70.11	64.2	18.44	66.49	33.53	47.51	35.17	5.39	33.24	63.98	79.92	59.41	68.25	62.17	39.05	71.56	49.58	10.2	49.41	33.0	14.56	45.34	21.1	26.68	61.85	38.33	51.08	46.23	60.3	44.27	78.49	58.25	67.12	52.39	65.95	40.36	68.96	53.67	26.0	20.12	40.26	24.04	24.52	66.53	56.86	53.67	25.0	50.04	51.04	25.32	49.52	39.12	15.62	42.05	65.12	31.62	39.36	22.83
7	36.35	87.48	79.98	89.54	35.0	86.38	35.36	0.0	56.4	47.52	34.13	68.12	28.79	73.68	42.54	80.43	64.08	58.01	19.65	44.38	55.71	97.08	81.01	69.89	82.28	31.05	65.19	97.29	77.28	38.6	98.09	58.94	57.07	18.36	33.6	48.01	97.94	94.54	85.91	92.78	93.62	55.0	86.15	62.51	41.88	56.04	63.16	31.02	80.66	23.35	59.68	58.52	63.79	84.91	81.47	46.75	67.9	86.38	83.02	101.02	29.07	77.13	75.69	91.14	23.02	15.03	17.46	20.52	11.31	57.45	74.0	27.07	87.92	52.2	33.97	67.12	29.0	84.86	31.3	19.85	76.28	72.73	7.07	73.82	36.35
8	30.36	64.66	24.41	75.8	57.57	73.43	21.93	56.4	0.0	27.07	38.6	18.03	47.54	62.24	55.58	24.08	60.64	51.88	66.4	51.16	15.65	47.1	48.84	74.15	32.39	73.93	59.2	51.66	57.14	24.35	45.28	22.47	46.32	51.87	22.8	46.17	42.05	70.04	42.15	51.89	41.11	35.44	62.48	45.31	22.02	49.82	15.81	34.37	26.93	37.2	22.02	66.12	25.5	29.15	25.61	70.41	31.83	73.43	42.54	45.19	68.0	60.03	20.59	54.38	72.01	47.93	42.05	56.6	45.22	21.21	63.16	74.63	31.76	30.89	62.97	43.91	45.28	30.41	50.92	37.22	20.12	61.85	51.66	17.49	30.36
9	11.18	45.28	48.51	53.04	33.84	50.25	28.43	47.52	27.07	0.0	16.4	45.1	26.25	37.8	29.73	45.88	34.18	70.04	49.4	24.74	13.93	51.0	34.53	47.3	37.2	53.76	33.11	50.0	35.81	10.77	53.6	12.81	20.12	34.89	23.85	61.62	57.63	51.88	38.6	45.28	49.2	10.63	43.42	21.21	36.88	23.09	21.1	42.19	52.61	24.19	46.82	39.05	17.0	45.49	49.04	44.94	20.4	50.25	35.51	60.31	47.38	37.54	45.71	44.05	54.92	46.69	41.0	38.28	39.01	45.31	38.6	56.4	49.4	51.04	40.0	22.83	51.89	55.32	28.32	34.93	39.4	37.2	40.79	38.28	11.18
10	8.25	53.6	62.24	57.31	18.97	54.2	29.41	34.13	38.6	16.4	0.0	55.9	9.9	41.18	18.25	60.42	33.3	70.33	33.12	15.65	29.21	67.23	47.17	43.27	53.6	37.48	33.6	65.55	43.42	14.32	70.0	29.21	23.41	18.97	24.04	60.75	73.66	60.64	54.23	59.91	65.6	21.21	52.17	28.44	39.56	23.32	36.88	39.41	65.46	13.04	54.08	32.65	33.29	61.22	63.07	32.14	35.85	54.2	50.6	76.42	31.14	43.66	58.87	57.56	38.59	37.59	33.02	21.95	28.23	52.15	41.68	40.0	65.0	54.41	24.6	33.02	46.69	68.71	12.53	27.66	54.38	40.31	27.07	52.84	8.25
11	47.68	79.92	15.13	92.14	74.73	89.96	33.02	68.12	18.03	45.1	55.9	0.0	64.29	79.38	73.33	19.1	78.45	45.4	81.01	69.07	32.98	52.39	63.01	92.07	40.22	89.55	76.9	59.68	73.35	41.59	47.8	39.22	64.13	67.12	36.24	43.19	39.0	84.63	52.5	62.48	44.6	53.15	77.7	62.64	27.02	67.74	30.41	40.22	13.04	52.39	13.04	84.15	41.15	28.86	17.12	87.97	47.01	89.96	54.45	42.01	83.93	76.56	11.0	66.47	86.45	56.73	51.62	72.09	56.85	14.32	80.32	89.47	29.15	26.17	79.81	60.54	49.65	17.49	67.91	48.27	21.02	79.06	64.64	18.36	47.68
12	17.49	59.3	71.55	60.75	11.05	57.58	35.06	28.79	47.54	26.25	9.9	64.29	0.0	44.92	14.87	69.97	35.34	73.54	23.77	15.65	39.05	76.85	55.11	42.45	63.41	27.59	36.4	74.73	49.16	23.26	79.81	39.05	29.02	11.05	30.0	63.56	83.55	66.37	63.51	68.62	75.43	29.73	58.14	35.06	45.18	27.46	46.75	42.15	74.46	14.56	61.13	31.11	43.01	71.06	72.47	25.32	45.18	57.58	59.62	86.31	21.26	48.66	68.03	65.73	29.07	36.07	32.8	12.65	26.17	59.08	45.22	30.23	74.81	59.68	15.52	40.45	47.43	77.88	4.12	28.65	64.07	43.97	21.93	62.43	17.49
13	44.05	17.46	77.78	16.12	42.05	13.04	65.8	73.68	62.24	37.8	41.18	79.38	44.92	0.0	33.06	73.33	11.18	107.71	65.12	29.61	46.62	58.31	26.4	20.0	52.47	62.39	9.0	50.61	10.82	47.38	65.15	40.16	18.44	55.79	60.81	99.01	76.12	23.77	43.32	41.34	62.1	27.46	17.49	17.0	74.65	17.89	49.48	78.64	83.36	54.2	83.65	22.85	38.83	68.03	77.52	40.8	34.13	13.04	37.95	77.67	57.08	7.07	76.49	35.0	69.0	78.77	74.09	55.73	69.32	82.37	1.0	68.12	72.06	88.81	47.04	19.24	87.2	84.72	42.95	68.51	66.37	1.0	66.73	66.75	44.05
14	26.02	49.25	78.16	48.05	9.0	44.91	47.54	42.54	55.58	29.73	18.25	73.33	14.87	33.06	0.0	75.61	22.36	87.66	32.06	5.66	43.66	75.69	49.19	27.66	64.03	30.36	24.08	71.61	39.62	32.0	80.06	41.18	21.47	24.19	42.2	77.83	86.28	56.14	61.07	64.14	75.93	27.66	48.51	28.18	57.72	18.03	50.57	56.36	82.0	28.65	72.25	16.28	43.83	74.71	78.75	15.23	43.86	44.91	56.4	88.75	24.52	38.12	75.19	59.93	36.06	50.91	47.63	23.09	41.01	70.35	33.14	35.51	78.71	72.53	14.56	34.48	62.2	84.9	11.4	43.27	69.08	32.06	36.06	68.01	26.02
15	52.48	69.89	5.66	83.68	79.16	82.0	45.49	80.43	24.08	45.88	60.42	19.1	69.97	73.33	75.61	0.0	75.11	64.5	90.14	70.52	31.95	34.67	52.2	89.14	25.24	97.08	73.03	43.19	65.31	46.87	29.15	35.51	61.4	75.43	46.86	62.03	20.1	73.41	38.28	47.8	26.42	50.64	67.68	58.01	42.72	65.62	25.5	56.08	12.04	60.96	32.02	83.19	35.01	10.3	4.47	90.82	39.2	82.0	41.59	23.19	90.97	69.05	8.25	53.0	95.78	71.2	65.51	80.0	69.2	33.02	74.33	98.23	10.05	45.01	85.0	54.15	66.41	11.7	72.95	61.03	7.0	73.25	75.74	7.62	52.48
16	37.8	28.46	79.0	25.71	31.26	22.56	60.46	64.08	60.64	34.18	33.3	78.45	35.34	11.18	22.36	75.11	0.0	102.42	54.33	19.7	45.54	65.0	34.06	14.04	56.92	51.24	2.83	58.41	20.25	42.19	71.11	40.05	14.32	45.88	55.22	93.24	80.65	34.93	49.74	49.58	67.62	25.32	28.23	17.26	69.97	11.18	50.01	72.25	84.1	46.23	80.99	12.21	40.11	71.2	79.03	29.73	36.88	22.56	44.42	82.54	46.01	17.46	77.1	43.86	58.03	70.46	66.22	45.35	60.75	79.48	11.05	57.04	75.31	84.6	36.0	22.47	79.98	86.0	32.89	60.96	68.12	10.2	57.27	68.01	37.8
17	64.64	114.21	60.13	123.07	84.15	120.28	42.01	58.01	51.88	70.04	70.33	45.4	73.54	107.71	87.66	64.5	102.42	0.0	77.23	85.96	65.22	96.84	99.86	113.53	83.22	88.46	102.0	102.88	105.42	60.44	92.96	72.2	89.5	69.12	47.2	10.2	84.21	120.25	93.94	103.75	89.5	80.62	112.16	91.24	33.24	91.4	67.6	31.38	56.01	59.09	32.76	102.96	76.28	74.15	62.13	98.35	82.66	120.28	94.41	87.14	85.16	107.48	56.32	106.17	81.02	43.05	42.76	73.76	50.8	32.28	108.47	85.05	74.55	21.02	86.4	92.02	29.02	60.07	77.62	45.22	65.73	107.06	59.54	62.82	64.64
18	39.2	81.06	90.8	79.91	23.09	76.79	48.33	19.65	66.4	49.4	33.12	81.01	23.77	65.12	32.06	90.14	54.33	77.23	0.0	36.06	61.07	100.34	78.59	56.65	86.53	11.4	56.14	98.49	71.18	43.86	102.9	62.13	51.62	14.87	44.78	67.12	105.48	88.02	87.24	92.36	98.47	53.49	80.16	58.05	56.92	49.16	68.88	48.37	92.65	29.21	74.67	45.88	66.37	92.66	92.01	30.53	68.88	76.79	83.38	108.37	10.63	70.01	86.84	89.29	5.66	34.23	35.06	11.18	27.17	72.45	65.19	8.54	96.17	69.23	18.97	63.79	48.26	96.52	23.54	34.93	84.9	64.12	18.11	82.88	39.2
19	22.56	45.01	73.25	45.22	13.6	42.06	44.94	44.38	51.16	24.74	15.65	69.07	15.65	29.61	5.66	70.52	19.7	85.96	36.06	0.0	38.6	70.04	43.86	27.8	58.41	35.47	20.88	66.03	35.13	28.28	74.41	35.78	16.16	26.25	39.56	76.32	80.78	52.0	55.44	58.67	70.29	22.02	44.1	22.85	55.03	13.15	45.31	54.92	77.28	27.66	68.73	17.0	38.28	69.32	73.76	20.59	38.21	42.06	50.8	83.22	29.41	34.01	70.41	54.63	40.45	51.22	47.38	26.17	41.4	66.91	29.83	40.26	73.35	69.89	19.7	29.07	61.62	80.05	13.34	42.52	63.91	28.64	37.58	62.94	22.56
20	21.93	49.52	34.71	60.21	47.51	57.8	27.46	55.71	15.65	13.93	29.21	32.98	39.05	46.62	43.66	31.95	45.54	65.22	61.07	38.6	0.0	41.48	34.67	59.3	26.57	66.6	43.93	43.01	41.62	17.49	42.49	7.07	31.26	46.23	25.0	58.18	44.55	55.23	32.06	40.79	38.01	20.22	47.38	29.73	32.65	35.06	7.81	41.98	39.12	33.12	37.44	52.09	11.18	32.02	35.17	58.87	17.49	57.8	30.81	47.38	60.31	44.42	32.14	41.79	66.71	51.24	45.18	50.25	45.61	36.4	47.54	68.62	35.81	44.69	53.54	28.3	52.77	41.59	41.62	39.32	25.5	46.24	49.66	24.35	21.93
21	61.74	47.38	40.22	62.51	82.46	61.98	67.27	97.08	47.1	51.0	67.23	52.39	76.85	58.31	75.69	34.67	65.0	96.84	100.34	70.04	41.48	0.0	31.95	77.82	15.13	103.81	62.27	10.44	47.76	58.52	8.25	38.48	55.32	85.88	65.92	92.57	22.85	48.01	15.26	19.0	8.49	48.27	45.54	49.2	69.12	59.67	34.53	81.02	46.4	74.09	64.2	76.28	34.0	24.41	38.6	89.87	32.02	61.98	20.59	22.8	97.42	51.87	42.54	26.02	105.82	92.4	86.31	89.19	87.09	64.56	59.24	107.07	26.17	76.16	88.87	43.01	92.02	44.6	78.24	80.6	31.38	58.69	90.82	34.18	61.74
22	45.18	17.72	57.38	32.14	57.38	31.0	60.93	81.01	48.84	34.53	47.17	63.01	55.11	26.4	49.19	52.2	34.06	99.86	78.59	43.86	34.67	31.95	0.0	46.14	28.28	79.31	31.24	24.41	15.81	45.12	39.05	27.78	27.73	65.76	57.25	92.78	51.04	21.63	17.26	15.56	36.35	26.02	15.52	21.02	67.23	31.38	33.24	75.39	63.56	58.08	70.71	45.97	23.6	44.91	56.65	61.61	17.2	31.0	12.04	52.24	73.16	19.92	57.25	10.77	83.52	81.22	75.5	67.68	73.33	70.04	27.31	83.82	48.66	79.2	63.56	14.87	85.7	63.91	55.08	69.43	45.69	26.83	74.03	46.96	45.18
23	49.19	36.24	93.01	27.2	34.99	24.7	72.01	69.89	74.15	47.3	43.27	92.07	42.45	20.0	27.66	89.14	14.04	113.53	56.65	27.8	59.3	77.82	46.14	0.0	70.6	50.8	16.28	70.49	30.81	54.23	84.31	54.01	28.07	51.61	66.65	104.01	94.37	41.34	62.65	61.29	80.99	39.12	36.8	31.26	81.86	24.33	64.0	82.66	98.05	55.44	93.96	11.4	54.15	85.16	93.05	27.29	50.8	24.7	57.27	96.17	46.84	27.02	91.05	55.0	59.2	78.52	75.01	49.74	68.62	92.35	19.21	57.27	89.27	96.66	37.7	36.14	89.38	100.0	39.05	70.29	82.15	19.42	63.6	82.02	49.19
24	47.51	45.89	30.81	60.41	70.01	59.14	52.15	82.28	32.39	37.2	53.6	40.22	63.41	52.47	64.03	25.24	56.92	83.22	86.53	58.41	26.57	15.13	28.28	70.6	0.0	90.79	54.41	19.7	43.01	43.86	16.4	24.41	45.18	71.87	50.8	78.34	23.77	48.7	13.04	22.67	12.04	36.4	43.74	39.92	54.33	49.65	19.42	66.0	37.2	59.51	50.99	67.12	20.52	16.76	29.68	78.82	20.59	59.14	16.76	25.63	84.39	47.04	31.83	27.78	92.09	77.28	71.2	75.45	72.12	51.08	53.46	93.6	20.4	62.3	76.37	34.48	77.0	36.72	65.19	65.51	19.8	52.61	76.16	22.02	47.51
25	44.82	79.25	98.27	76.01	21.93	73.0	57.57	31.05	73.93	53.76	37.48	89.55	27.59	62.39	30.36	97.08	51.24	88.46	11.4	35.47	66.6	103.81	79.31	50.8	90.79	0.0	53.46	100.85	69.86	50.22	107.17	66.53	51.62	22.47	53.49	78.31	111.13	85.99	89.89	93.91	102.83	55.76	78.64	58.31	66.71	48.38	74.33	59.08	100.65	37.16	84.2	41.05	70.29	98.6	99.32	23.54	71.85	73.0	85.59	113.9	6.4	68.07	94.51	90.08	9.9	45.54	46.01	17.46	38.0	82.01	62.29	6.71	102.3	79.63	15.81	64.47	59.54	104.32	25.61	45.28	91.4	61.4	29.02	89.63	44.82
26	37.54	25.96	77.03	24.35	33.06	21.19	60.0	65.19	59.2	33.11	33.6	76.9	36.4	9.0	24.08	73.03	2.83	102.0	56.14	20.88	43.93	62.27	31.24	16.28	54.41	53.46	0.0	55.61	17.49	41.62	68.45	38.21	13.0	47.13	54.82	92.96	78.16	32.56	47.01	46.75	65.0	23.77	25.63	15.03	69.34	10.63	48.09	72.14	82.22	46.62	79.85	15.0	38.01	68.88	77.0	32.31	34.53	21.19	41.68	80.01	48.09	14.87	75.24	41.04	60.0	71.02	66.61	46.87	61.4	78.39	9.06	59.14	72.99	83.86	38.05	19.92	80.16	84.02	34.21	61.22	66.03	8.0	58.31	66.01	37.54
27	61.13	38.08	48.84	53.15	79.08	52.89	70.11	97.29	51.66	50.0	65.55	59.68	74.73	50.61	71.61	43.19	58.41	102.88	98.49	66.03	43.01	10.44	24.41	70.49	19.7	100.85	55.61	0.0	39.82	58.86	18.68	38.47	50.45	84.5	68.01	97.8	33.24	38.05	11.4	9.49	18.36	45.18	36.4	43.93	73.35	54.56	37.22	84.38	55.17	73.98	70.68	70.18	33.54	33.24	47.38	85.04	29.73	52.89	15.26	33.24	94.51	43.83	50.61	16.49	103.79	94.19	88.14	87.32	87.97	70.77	51.48	104.66	35.61	81.93	85.44	37.54	95.34	53.81	75.59	82.22	38.83	51.11	90.71	41.34	61.13
28	44.28	10.2	70.09	18.79	48.51	16.76	64.2	77.28	57.14	35.81	43.42	73.35	49.16	10.82	39.62	65.31	20.25	105.42	71.18	35.13	41.62	47.76	15.81	30.81	43.01	69.86	17.49	39.82	0.0	46.32	54.82	34.67	20.22	60.21	59.64	97.31	66.37	17.26	32.98	30.53	51.97	25.24	9.0	15.23	72.18	22.02	42.95	77.94	75.96	55.97	79.06	32.45	32.2	59.14	69.63	49.66	26.57	16.76	27.66	67.74	64.13	4.12	69.26	24.21	75.54	80.41	75.24	61.0	71.47	78.01	11.66	75.13	63.07	85.63	54.13	13.45	87.32	76.9	48.0	69.35	58.46	11.4	70.21	59.2	44.28
29	6.08	55.95	48.3	63.03	33.24	60.14	18.44	38.6	24.35	10.77	14.32	41.59	23.26	47.38	32.0	46.87	42.19	60.44	43.86	28.28	17.49	58.52	45.12	54.23	43.86	50.22	41.62	58.86	46.32	0.0	59.94	20.4	29.07	29.0	13.45	51.62	61.62	62.61	47.52	55.01	55.47	21.1	54.12	31.4	27.78	31.06	25.24	31.62	51.26	15.65	40.45	44.64	25.32	48.8	49.24	46.39	30.0	60.14	45.04	64.54	44.1	47.8	44.78	54.33	49.52	36.22	30.41	33.3	29.15	38.64	48.1	51.66	52.35	42.49	38.63	33.54	41.15	54.63	26.57	24.33	41.23	46.69	32.31	39.41	6.08
30	63.81	55.15	34.44	70.26	86.28	69.58	66.49	98.09	45.28	53.6	70.0	47.8	79.81	65.15	80.06	29.15	71.11	92.96	102.9	74.41	42.49	8.25	39.05	84.31	16.4	107.17	68.45	18.68	54.82	59.94	0.0	40.8	60.46	88.2	65.8	89.45	14.76	56.08	21.84	27.07	4.47	52.4	53.24	54.71	67.12	64.9	34.93	79.63	40.31	75.59	60.21	81.99	36.88	18.97	32.65	94.64	36.24	69.58	27.2	14.56	100.77	58.94	37.34	34.01	108.47	92.18	86.13	91.84	87.66	60.83	66.1	110.0	19.72	72.69	92.66	48.76	90.55	38.01	81.57	80.65	27.29	65.46	92.14	30.27	63.81
31	23.26	42.45	39.05	53.34	46.23	51.0	33.53	58.94	22.47	12.81	29.21	39.22	39.05	40.16	41.18	35.51	40.05	72.2	62.13	35.78	7.07	38.48	27.78	54.01	24.41	66.53	38.21	38.47	34.67	20.4	40.8	0.0	26.02	47.51	30.41	65.0	45.22	48.17	27.17	35.13	36.4	15.13	40.31	23.54	39.45	30.15	10.05	48.08	44.05	35.74	44.41	47.68	5.0	33.54	39.2	56.36	10.77	51.0	25.08	47.8	60.14	37.59	37.05	35.44	67.68	56.0	50.01	51.04	49.5	43.42	41.11	69.2	37.58	51.74	52.5	21.47	58.69	46.04	41.01	44.0	28.64	39.85	52.5	28.16	23.26
32	25.61	30.41	65.07	34.41	29.73	31.4	47.51	57.07	46.32	20.12	23.41	64.13	29.02	18.44	21.47	61.4	14.32	89.5	51.62	16.16	31.26	55.32	27.73	28.07	45.18	51.62	13.0	50.45	20.22	29.07	60.46	26.02	0.0	40.05	42.45	80.66	68.54	37.48	40.31	42.72	56.6	11.05	29.15	6.71	56.61	4.47	36.06	60.21	70.01	36.25	66.85	22.14	26.68	58.24	65.19	34.66	24.6	31.4	35.38	70.68	45.54	20.25	63.01	38.48	56.29	60.84	55.95	41.11	51.62	65.39	19.1	56.32	62.36	71.02	35.85	13.04	68.82	72.06	28.16	50.25	54.45	17.69	50.01	54.15	25.61
33	24.41	70.35	76.28	71.47	16.97	68.31	35.17	18.36	51.87	34.89	18.97	67.12	11.05	55.79	24.19	75.43	45.88	69.12	14.87	26.25	46.23	85.88	65.76	51.61	71.87	22.47	47.13	84.5	60.21	29.0	88.2	47.51	40.05	0.0	31.02	58.94	90.61	77.41	73.16	78.85	83.76	40.02	69.18	46.01	44.55	38.47	54.04	38.33	78.39	14.76	61.85	40.22	51.88	77.79	77.42	30.02	54.78	68.31	69.57	93.51	17.26	59.68	72.4	76.3	20.52	28.3	26.57	5.1	18.79	59.67	56.04	22.8	81.32	58.03	17.46	51.24	41.23	82.15	13.0	24.19	70.09	54.82	12.04	68.12	24.41
34	17.49	69.12	46.69	76.49	41.01	73.59	5.39	33.6	22.8	23.85	24.04	36.24	30.0	60.81	42.2	46.86	55.22	47.2	44.78	39.56	25.0	65.92	57.25	66.65	50.8	53.49	54.82	68.01	59.64	13.45	65.8	30.41	42.45	31.02	0.0	38.21	64.5	75.66	57.04	65.49	61.4	34.41	67.23	44.82	15.52	44.2	31.4	18.36	48.01	16.49	31.26	56.46	35.36	51.48	48.08	55.15	41.0	73.59	55.44	67.6	48.08	61.22	42.52	65.73	50.25	26.48	20.4	36.06	22.47	29.15	61.52	53.24	54.38	30.36	45.18	46.65	28.46	52.01	34.01	14.87	42.72	60.11	29.0	40.22	17.49
35	55.44	106.4	58.31	114.59	74.09	111.73	33.24	48.01	46.17	61.62	60.75	43.19	63.56	99.01	77.83	62.03	93.24	10.2	67.12	76.32	58.18	92.57	92.78	104.01	78.34	78.31	92.96	97.8	97.31	51.62	89.45	65.0	80.66	58.94	38.21	0.0	82.1	112.65	88.26	97.86	85.71	72.25	104.4	82.81	25.55	82.33	61.47	21.47	55.11	49.19	30.15	93.3	69.35	71.06	60.3	88.26	75.66	111.73	88.24	85.15	74.97	99.16	54.15	99.74	71.0	33.0	32.56	63.56	40.61	29.02	99.72	75.01	72.01	17.03	76.24	84.02	19.03	59.44	67.62	35.11	62.2	98.31	49.37	59.21	55.44
36	66.47	68.07	24.08	83.01	91.4	82.02	63.98	97.94	42.05	57.63	73.66	39.0	83.55	76.12	86.28	20.1	80.65	84.21	105.48	80.78	44.55	22.85	51.04	94.37	23.77	111.13	78.16	33.24	66.37	61.62	14.76	45.22	68.54	90.61	64.5	82.1	0.0	69.72	34.01	41.0	15.3	59.06	66.03	63.57	62.36	73.01	36.8	75.58	28.86	76.84	52.01	90.62	42.54	13.04	22.09	101.36	44.01	82.02	39.01	3.16	104.8	70.46	28.0	47.68	111.13	89.96	84.1	94.76	86.95	53.08	77.1	113.15	10.44	65.07	97.62	58.24	86.13	25.63	85.91	79.18	21.93	76.3	92.66	24.7	66.47
37	61.1	7.07	78.72	16.64	65.12	17.69	79.92	94.54	70.04	51.88	60.64	84.63	66.37	23.77	56.14	73.41	34.93	120.25	88.02	52.0	55.23	48.01	21.63	41.34	48.7	85.99	32.56	38.05	17.26	62.61	56.08	48.17	37.48	77.41	75.66	112.65	69.72	0.0	36.14	29.02	54.45	41.63	8.54	32.28	87.2	39.05	54.67	94.02	84.97	73.08	92.02	46.49	44.55	65.46	77.88	64.56	38.21	17.69	31.95	70.35	80.5	18.03	78.77	22.09	92.2	97.41	92.11	78.06	88.6	91.24	24.04	91.55	68.96	99.9	70.46	29.07	103.75	85.09	65.07	86.16	67.08	24.74	87.48	68.48	61.1
38	49.73	34.06	43.83	49.0	68.24	48.09	59.41	85.91	42.15	38.6	54.23	52.5	63.51	43.32	61.07	38.28	49.74	93.94	87.24	55.44	32.06	15.26	17.26	62.65	13.04	89.89	47.01	11.4	32.98	47.52	21.84	27.17	40.31	73.16	57.04	88.26	34.01	36.14	0.0	10.0	19.1	34.13	32.02	34.06	63.32	44.6	26.93	73.82	50.22	62.59	62.43	61.03	22.2	29.55	42.72	74.95	18.38	48.09	5.39	35.06	83.53	37.11	44.69	14.76	92.57	83.05	77.03	76.06	76.66	62.27	44.27	93.54	32.89	72.92	74.63	27.8	84.72	49.74	64.5	71.06	32.65	43.66	79.31	34.66	49.73
39	56.44	28.64	53.41	43.74	72.01	43.42	68.25	92.78	51.89	45.28	59.91	62.48	68.62	41.34	64.14	47.8	49.58	103.75	92.36	58.67	40.79	19.0	15.56	61.29	22.67	93.91	46.75	9.49	30.53	55.01	27.07	35.13	42.72	78.85	65.49	97.86	41.0	29.02	10.0	0.0	25.71	38.9	26.93	36.06	72.73	46.62	36.4	82.76	59.82	69.46	72.4	61.52	30.15	38.59	52.2	77.01	25.02	43.42	10.05	41.44	87.66	34.48	54.49	7.07	97.5	91.05	85.09	81.27	84.1	72.2	42.19	98.09	41.59	82.73	78.29	29.68	93.56	59.08	69.08	79.06	42.45	41.88	85.99	44.55	56.44
40	59.36	53.0	31.91	68.03	82.02	67.19	62.17	93.62	41.11	49.2	65.6	44.6	75.43	62.1	75.93	26.42	67.62	89.5	98.47	70.29	38.01	8.49	36.35	80.99	12.04	102.83	65.0	18.36	51.97	55.47	4.47	36.4	56.6	83.76	61.4	85.71	15.3	54.45	19.1	25.71	0.0	48.27	51.01	51.0	63.03	61.06	30.46	75.43	38.01	71.12	56.75	78.29	32.56	16.12	30.23	90.6	32.2	67.19	24.33	16.0	96.43	56.09	34.44	32.39	104.04	87.8	81.74	87.42	83.22	57.27	63.06	105.6	17.69	69.05	88.39	45.19	86.37	36.12	77.23	76.24	23.77	62.36	87.66	26.68	59.36
41	19.65	34.89	54.15	42.45	34.21	39.7	39.05	55.0	35.44	10.63	21.21	53.15	29.73	27.46	27.66	50.64	25.32	80.62	53.49	22.02	20.22	48.27	26.02	39.12	36.4	55.76	23.77	45.18	25.24	21.1	52.4	15.13	11.05	40.02	34.41	72.25	59.06	41.63	34.13	38.9	48.27	0.0	33.11	10.63	47.42	15.03	25.18	52.7	59.0	32.25	56.36	32.56	16.55	48.1	54.33	42.44	16.28	39.7	29.97	61.4	49.4	26.91	52.0	36.35	58.69	56.04	50.6	42.38	47.68	55.01	28.3	59.48	52.2	61.4	40.61	12.65	62.18	61.13	30.41	44.6	43.74	26.93	48.01	43.29	19.65
42	52.55	2.24	72.8	17.03	57.43	16.49	71.56	86.15	62.48	43.42	52.17	77.7	58.14	17.49	48.51	67.68	28.23	112.16	80.16	44.1	47.38	45.54	15.52	36.8	43.74	78.64	25.63	36.4	9.0	54.12	53.24	40.31	29.15	69.18	67.23	104.4	66.03	8.54	32.02	26.93	51.01	33.11	0.0	23.77	79.03	31.02	47.43	85.59	78.92	64.56	84.5	40.25	37.01	60.42	72.11	57.94	30.81	16.49	27.17	67.01	72.99	10.77	72.5	19.92	84.48	88.87	83.57	70.0	80.08	83.63	18.03	84.01	64.13	91.97	62.97	20.59	95.26	79.38	57.0	77.62	61.1	18.36	79.08	62.24	52.55
43	29.07	25.3	62.07	31.83	36.4	29.07	49.58	62.51	45.31	21.21	28.44	62.64	35.06	17.0	28.18	58.01	17.26	91.24	58.05	22.85	29.73	49.2	21.02	31.26	39.92	58.31	15.03	43.93	15.23	31.4	54.71	23.54	6.71	46.01	44.82	82.81	63.57	32.28	34.06	36.06	51.0	10.63	23.77	0.0	58.05	10.63	33.24	63.01	67.36	40.8	66.65	27.29	23.0	53.94	62.01	41.11	19.65	29.07	29.0	65.55	52.2	16.4	60.41	31.78	62.82	65.19	60.01	47.38	56.32	65.37	17.89	62.94	58.05	72.01	42.54	6.4	72.2	69.07	34.53	54.13	51.01	16.55	55.44	51.04	29.07
44	32.7	81.06	40.71	89.87	56.22	87.11	10.2	41.88	22.02	36.88	39.56	27.02	45.18	74.65	57.72	42.72	69.97	33.24	56.92	55.03	32.65	69.12	67.23	81.86	54.33	66.71	69.34	73.35	72.18	27.78	67.12	39.45	56.61	44.55	15.52	25.55	62.36	87.2	63.32	72.73	63.03	47.42	79.03	58.05	0.0	58.83	36.4	13.42	40.0	31.0	17.89	71.87	43.83	50.01	42.49	70.46	50.12	87.11	62.97	65.52	61.81	74.25	36.24	74.32	62.03	29.73	24.84	49.65	30.89	15.65	75.43	65.46	51.92	14.87	60.0	58.8	23.77	44.41	49.25	22.36	40.79	74.03	39.4	37.85	32.7
45	26.91	32.02	69.18	34.0	26.68	30.89	49.41	56.04	49.82	23.09	23.32	67.74	27.46	17.89	18.03	65.62	11.18	91.4	49.16	13.15	35.06	59.67	31.38	24.33	49.65	48.38	10.63	54.56	22.02	31.06	64.9	30.15	4.47	38.47	44.2	82.33	73.01	39.05	44.6	46.62	61.06	15.03	31.02	10.63	58.83	0.0	40.2	61.52	74.01	36.36	69.89	17.72	31.05	62.64	69.35	30.48	29.07	30.89	39.6	75.15	42.45	21.21	67.01	42.06	53.6	60.9	56.3	39.01	51.43	68.35	18.36	53.37	66.76	73.43	32.57	17.03	69.66	76.16	26.02	50.8	58.69	17.0	49.04	58.31	26.91
46	29.73	49.65	29.02	61.74	54.92	59.62	33.0	63.16	15.81	21.1	36.88	30.41	46.75	49.48	50.57	25.5	50.01	67.6	68.88	45.31	7.81	34.53	33.24	64.0	19.42	74.33	48.09	37.22	42.95	25.24	34.93	10.05	36.06	54.04	31.4	61.47	36.8	54.67	26.93	36.4	30.46	25.18	47.43	33.24	36.4	40.2	0.0	47.17	34.13	40.82	37.48	57.71	10.77	24.41	29.15	65.8	16.64	59.62	26.83	39.6	68.01	46.24	27.17	38.59	74.52	57.87	51.79	58.05	52.81	36.88	50.45	76.42	28.3	46.65	61.03	30.36	58.14	36.01	49.2	46.1	18.68	49.24	57.25	18.11	29.73
47	34.66	87.46	54.12	94.49	52.81	91.55	14.56	31.02	34.37	42.19	39.41	40.22	42.15	78.64	56.36	56.08	72.25	31.38	48.37	54.92	41.98	81.02	75.39	82.66	66.0	59.08	72.14	84.38	77.94	31.62	79.63	48.08	60.21	38.33	18.36	21.47	75.58	94.02	73.82	82.76	75.43	52.7	85.59	63.01	13.42	61.52	47.17	0.0	53.25	27.73	29.73	71.87	52.89	63.06	55.9	67.05	58.82	91.55	72.78	78.75	55.04	79.4	49.65	83.52	52.95	17.2	13.6	43.19	21.21	27.59	79.31	56.72	65.15	21.19	55.32	65.0	11.0	57.69	46.24	14.14	53.85	77.9	30.27	50.96	34.66
48	57.25	81.15	6.4	94.56	84.43	92.72	45.34	80.66	26.93	52.61	65.46	13.04	74.46	83.36	82.0	12.04	84.1	56.01	92.65	77.28	39.12	46.4	63.56	98.05	37.2	100.65	82.22	55.17	75.96	51.26	40.31	44.05	70.01	78.39	48.01	55.11	28.86	84.97	50.22	59.82	38.01	59.0	78.92	67.36	40.0	74.01	34.13	53.25	0.0	63.63	25.3	91.2	44.55	22.02	7.81	97.02	49.48	92.72	53.34	31.58	94.81	79.56	7.0	64.9	98.18	69.66	64.44	83.24	69.35	26.93	84.34	101.02	20.59	38.33	89.89	64.13	62.65	4.47	77.83	60.83	17.89	83.19	76.84	16.76	57.25
