set K:= 1	2	3	4	5	6	7	8	9;
set C_H:= 1	2	3	4	5	6	7	8	9	10	11	12	13	14	15	16	17	18	19	20	21	22;
set C_S:= 23	24	25	26	27	28	29	30	31	32	33	34	35	36	37	38	39	40	41	42	43;
set C_F:= 44	45	46	47	48	49	50	51	52	53	54	55	56	57	58	59	60	61	62	63	64;
set M:= 65	66;
set M_B:= 67	68;
set L_B:= 69	70	71	72	73	74	75	76	77;
set A1:=
(0,*) 1 2 3 4 5 6 7 8 9 10 11 12 13 14 15 16 17 18 19 20 21 22 44 45 46 47 48 49 50 51 52 53 54 55 56 57 58 59 60 61 62 63 64 65 66 67 68 69 70 71 72 73 74 75 76 77
(1,*) 0 2 3 4 5 6 7 8 9 10 11 12 13 14 15 16 17 18 19 20 21 22 44 45 46 47 48 49 50 51 52 53 54 55 56 57 58 59 60 61 62 63 64 65 66 67 68 69 70 71 72 73 74 75 76 77
(2,*) 0 1 3 4 5 6 7 8 9 10 11 12 13 14 15 16 17 18 19 20 21 22 44 45 46 47 48 49 50 51 52 53 54 55 56 57 58 59 60 61 62 63 64 65 66 67 68 69 70 71 72 73 74 75 76 77
(3,*) 0 1 2 4 5 6 7 8 9 10 11 12 13 14 15 16 17 18 19 20 21 22 44 45 46 47 48 49 50 51 52 53 54 55 56 57 58 59 60 61 62 63 64 65 66 67 68 69 70 71 72 73 74 75 76 77
(4,*) 0 1 2 3 5 6 7 8 9 10 11 12 13 14 15 16 17 18 19 20 21 22 44 45 46 47 48 49 50 51 52 53 54 55 56 57 58 59 60 61 62 63 64 65 66 67 68 69 70 71 72 73 74 75 76 77
(5,*) 0 1 2 3 4 6 7 8 9 10 11 12 13 14 15 16 17 18 19 20 21 22 44 45 46 47 48 49 50 51 52 53 54 55 56 57 58 59 60 61 62 63 64 65 66 67 68 69 70 71 72 73 74 75 76 77
(6,*) 0 1 2 3 4 5 7 8 9 10 11 12 13 14 15 16 17 18 19 20 21 22 44 45 46 47 48 49 50 51 52 53 54 55 56 57 58 59 60 61 62 63 64 65 66 67 68 69 70 71 72 73 74 75 76 77
(7,*) 0 1 2 3 4 5 6 8 9 10 11 12 13 14 15 16 17 18 19 20 21 22 44 45 46 47 48 49 50 51 52 53 54 55 56 57 58 59 60 61 62 63 64 65 66 67 68 69 70 71 72 73 74 75 76 77
(8,*) 0 1 2 3 4 5 6 7 9 10 11 12 13 14 15 16 17 18 19 20 21 22 44 45 46 47 48 49 50 51 52 53 54 55 56 57 58 59 60 61 62 63 64 65 66 67 68 69 70 71 72 73 74 75 76 77
(9,*) 0 1 2 3 4 5 6 7 8 10 11 12 13 14 15 16 17 18 19 20 21 22 44 45 46 47 48 49 50 51 52 53 54 55 56 57 58 59 60 61 62 63 64 65 66 67 68 69 70 71 72 73 74 75 76 77
(10,*) 0 1 2 3 4 5 6 7 8 9 11 12 13 14 15 16 17 18 19 20 21 22 44 45 46 47 48 49 50 51 52 53 54 55 56 57 58 59 60 61 62 63 64 65 66 67 68 69 70 71 72 73 74 75 76 77
(11,*) 0 1 2 3 4 5 6 7 8 9 10 12 13 14 15 16 17 18 19 20 21 22 44 45 46 47 48 49 50 51 52 53 54 55 56 57 58 59 60 61 62 63 64 65 66 67 68 69 70 71 72 73 74 75 76 77
(12,*) 0 1 2 3 4 5 6 7 8 9 10 11 13 14 15 16 17 18 19 20 21 22 44 45 46 47 48 49 50 51 52 53 54 55 56 57 58 59 60 61 62 63 64 65 66 67 68 69 70 71 72 73 74 75 76 77
(13,*) 0 1 2 3 4 5 6 7 8 9 10 11 12 14 15 16 17 18 19 20 21 22 44 45 46 47 48 49 50 51 52 53 54 55 56 57 58 59 60 61 62 63 64 65 66 67 68 69 70 71 72 73 74 75 76 77
(14,*) 0 1 2 3 4 5 6 7 8 9 10 11 12 13 15 16 17 18 19 20 21 22 44 45 46 47 48 49 50 51 52 53 54 55 56 57 58 59 60 61 62 63 64 65 66 67 68 69 70 71 72 73 74 75 76 77
(15,*) 0 1 2 3 4 5 6 7 8 9 10 11 12 13 14 16 17 18 19 20 21 22 44 45 46 47 48 49 50 51 52 53 54 55 56 57 58 59 60 61 62 63 64 65 66 67 68 69 70 71 72 73 74 75 76 77
(16,*) 0 1 2 3 4 5 6 7 8 9 10 11 12 13 14 15 17 18 19 20 21 22 44 45 46 47 48 49 50 51 52 53 54 55 56 57 58 59 60 61 62 63 64 65 66 67 68 69 70 71 72 73 74 75 76 77
(17,*) 0 1 2 3 4 5 6 7 8 9 10 11 12 13 14 15 16 18 19 20 21 22 44 45 46 47 48 49 50 51 52 53 54 55 56 57 58 59 60 61 62 63 64 65 66 67 68 69 70 71 72 73 74 75 76 77
(18,*) 0 1 2 3 4 5 6 7 8 9 10 11 12 13 14 15 16 17 19 20 21 22 44 45 46 47 48 49 50 51 52 53 54 55 56 57 58 59 60 61 62 63 64 65 66 67 68 69 70 71 72 73 74 75 76 77
(19,*) 0 1 2 3 4 5 6 7 8 9 10 11 12 13 14 15 16 17 18 20 21 22 44 45 46 47 48 49 50 51 52 53 54 55 56 57 58 59 60 61 62 63 64 65 66 67 68 69 70 71 72 73 74 75 76 77
(20,*) 0 1 2 3 4 5 6 7 8 9 10 11 12 13 14 15 16 17 18 19 21 22 44 45 46 47 48 49 50 51 52 53 54 55 56 57 58 59 60 61 62 63 64 65 66 67 68 69 70 71 72 73 74 75 76 77
(21,*) 0 1 2 3 4 5 6 7 8 9 10 11 12 13 14 15 16 17 18 19 20 22 44 45 46 47 48 49 50 51 52 53 54 55 56 57 58 59 60 61 62 63 64 65 66 67 68 69 70 71 72 73 74 75 76 77
(22,*) 0 1 2 3 4 5 6 7 8 9 10 11 12 13 14 15 16 17 18 19 20 21 44 45 46 47 48 49 50 51 52 53 54 55 56 57 58 59 60 61 62 63 64 65 66 67 68 69 70 71 72 73 74 75 76 77
(44,*) 0 1 2 3 4 5 6 7 8 9 10 11 12 13 14 15 16 17 18 19 20 21 22 45 46 47 48 49 50 51 52 53 54 55 56 57 58 59 60 61 62 63 64 65 66 67 68 69 70 71 72 73 74 75 76 77
(45,*) 0 1 2 3 4 5 6 7 8 9 10 11 12 13 14 15 16 17 18 19 20 21 22 44 46 47 48 49 50 51 52 53 54 55 56 57 58 59 60 61 62 63 64 65 66 67 68 69 70 71 72 73 74 75 76 77
(46,*) 0 1 2 3 4 5 6 7 8 9 10 11 12 13 14 15 16 17 18 19 20 21 22 44 45 47 48 49 50 51 52 53 54 55 56 57 58 59 60 61 62 63 64 65 66 67 68 69 70 71 72 73 74 75 76 77
(47,*) 0 1 2 3 4 5 6 7 8 9 10 11 12 13 14 15 16 17 18 19 20 21 22 44 45 46 48 49 50 51 52 53 54 55 56 57 58 59 60 61 62 63 64 65 66 67 68 69 70 71 72 73 74 75 76 77
(48,*) 0 1 2 3 4 5 6 7 8 9 10 11 12 13 14 15 16 17 18 19 20 21 22 44 45 46 47 49 50 51 52 53 54 55 56 57 58 59 60 61 62 63 64 65 66 67 68 69 70 71 72 73 74 75 76 77
(49,*) 0 1 2 3 4 5 6 7 8 9 10 11 12 13 14 15 16 17 18 19 20 21 22 44 45 46 47 48 50 51 52 53 54 55 56 57 58 59 60 61 62 63 64 65 66 67 68 69 70 71 72 73 74 75 76 77
(50,*) 0 1 2 3 4 5 6 7 8 9 10 11 12 13 14 15 16 17 18 19 20 21 22 44 45 46 47 48 49 51 52 53 54 55 56 57 58 59 60 61 62 63 64 65 66 67 68 69 70 71 72 73 74 75 76 77
(51,*) 0 1 2 3 4 5 6 7 8 9 10 11 12 13 14 15 16 17 18 19 20 21 22 44 45 46 47 48 49 50 52 53 54 55 56 57 58 59 60 61 62 63 64 65 66 67 68 69 70 71 72 73 74 75 76 77
(52,*) 0 1 2 3 4 5 6 7 8 9 10 11 12 13 14 15 16 17 18 19 20 21 22 44 45 46 47 48 49 50 51 53 54 55 56 57 58 59 60 61 62 63 64 65 66 67 68 69 70 71 72 73 74 75 76 77
(53,*) 0 1 2 3 4 5 6 7 8 9 10 11 12 13 14 15 16 17 18 19 20 21 22 44 45 46 47 48 49 50 51 52 54 55 56 57 58 59 60 61 62 63 64 65 66 67 68 69 70 71 72 73 74 75 76 77
(54,*) 0 1 2 3 4 5 6 7 8 9 10 11 12 13 14 15 16 17 18 19 20 21 22 44 45 46 47 48 49 50 51 52 53 55 56 57 58 59 60 61 62 63 64 65 66 67 68 69 70 71 72 73 74 75 76 77
(55,*) 0 1 2 3 4 5 6 7 8 9 10 11 12 13 14 15 16 17 18 19 20 21 22 44 45 46 47 48 49 50 51 52 53 54 56 57 58 59 60 61 62 63 64 65 66 67 68 69 70 71 72 73 74 75 76 77
(56,*) 0 1 2 3 4 5 6 7 8 9 10 11 12 13 14 15 16 17 18 19 20 21 22 44 45 46 47 48 49 50 51 52 53 54 55 57 58 59 60 61 62 63 64 65 66 67 68 69 70 71 72 73 74 75 76 77
(57,*) 0 1 2 3 4 5 6 7 8 9 10 11 12 13 14 15 16 17 18 19 20 21 22 44 45 46 47 48 49 50 51 52 53 54 55 56 58 59 60 61 62 63 64 65 66 67 68 69 70 71 72 73 74 75 76 77
(58,*) 0 1 2 3 4 5 6 7 8 9 10 11 12 13 14 15 16 17 18 19 20 21 22 44 45 46 47 48 49 50 51 52 53 54 55 56 57 59 60 61 62 63 64 65 66 67 68 69 70 71 72 73 74 75 76 77
(59,*) 0 1 2 3 4 5 6 7 8 9 10 11 12 13 14 15 16 17 18 19 20 21 22 44 45 46 47 48 49 50 51 52 53 54 55 56 57 58 60 61 62 63 64 65 66 67 68 69 70 71 72 73 74 75 76 77
(60,*) 0 1 2 3 4 5 6 7 8 9 10 11 12 13 14 15 16 17 18 19 20 21 22 44 45 46 47 48 49 50 51 52 53 54 55 56 57 58 59 61 62 63 64 65 66 67 68 69 70 71 72 73 74 75 76 77
(61,*) 0 1 2 3 4 5 6 7 8 9 10 11 12 13 14 15 16 17 18 19 20 21 22 44 45 46 47 48 49 50 51 52 53 54 55 56 57 58 59 60 62 63 64 65 66 67 68 69 70 71 72 73 74 75 76 77
(62,*) 0 1 2 3 4 5 6 7 8 9 10 11 12 13 14 15 16 17 18 19 20 21 22 44 45 46 47 48 49 50 51 52 53 54 55 56 57 58 59 60 61 63 64 65 66 67 68 69 70 71 72 73 74 75 76 77
(63,*) 0 1 2 3 4 5 6 7 8 9 10 11 12 13 14 15 16 17 18 19 20 21 22 44 45 46 47 48 49 50 51 52 53 54 55 56 57 58 59 60 61 62 64 65 66 67 68 69 70 71 72 73 74 75 76 77
(64,*) 0 1 2 3 4 5 6 7 8 9 10 11 12 13 14 15 16 17 18 19 20 21 22 44 45 46 47 48 49 50 51 52 53 54 55 56 57 58 59 60 61 62 63 65 66 67 68 69 70 71 72 73 74 75 76 77
(65,*) 0 1 2 3 4 5 6 7 8 9 10 11 12 13 14 15 16 17 18 19 20 21 22 44 45 46 47 48 49 50 51 52 53 54 55 56 57 58 59 60 61 62 63 64 66 67 68 69 70 71 72 73 74 75 76 77
(66,*) 0 1 2 3 4 5 6 7 8 9 10 11 12 13 14 15 16 17 18 19 20 21 22 44 45 46 47 48 49 50 51 52 53 54 55 56 57 58 59 60 61 62 63 64 65 67 68 69 70 71 72 73 74 75 76 77
(67,*) 0 1 2 3 4 5 6 7 8 9 10 11 12 13 14 15 16 17 18 19 20 21 22 44 45 46 47 48 49 50 51 52 53 54 55 56 57 58 59 60 61 62 63 64 65 66 68 69 70 71 72 73 74 75 76 77
(68,*) 0 1 2 3 4 5 6 7 8 9 10 11 12 13 14 15 16 17 18 19 20 21 22 44 45 46 47 48 49 50 51 52 53 54 55 56 57 58 59 60 61 62 63 64 65 66 67 69 70 71 72 73 74 75 76 77
(69,*) 0 1 2 3 4 5 6 7 8 9 10 11 12 13 14 15 16 17 18 19 20 21 22 44 45 46 47 48 49 50 51 52 53 54 55 56 57 58 59 60 61 62 63 64 65 66 67 68 70 71 72 73 74 75 76 77
(70,*) 0 1 2 3 4 5 6 7 8 9 10 11 12 13 14 15 16 17 18 19 20 21 22 44 45 46 47 48 49 50 51 52 53 54 55 56 57 58 59 60 61 62 63 64 65 66 67 68 69 71 72 73 74 75 76 77
(71,*) 0 1 2 3 4 5 6 7 8 9 10 11 12 13 14 15 16 17 18 19 20 21 22 44 45 46 47 48 49 50 51 52 53 54 55 56 57 58 59 60 61 62 63 64 65 66 67 68 69 70 72 73 74 75 76 77
(72,*) 0 1 2 3 4 5 6 7 8 9 10 11 12 13 14 15 16 17 18 19 20 21 22 44 45 46 47 48 49 50 51 52 53 54 55 56 57 58 59 60 61 62 63 64 65 66 67 68 69 70 71 73 74 75 76 77
(73,*) 0 1 2 3 4 5 6 7 8 9 10 11 12 13 14 15 16 17 18 19 20 21 22 44 45 46 47 48 49 50 51 52 53 54 55 56 57 58 59 60 61 62 63 64 65 66 67 68 69 70 71 72 74 75 76 77
(74,*) 0 1 2 3 4 5 6 7 8 9 10 11 12 13 14 15 16 17 18 19 20 21 22 44 45 46 47 48 49 50 51 52 53 54 55 56 57 58 59 60 61 62 63 64 65 66 67 68 69 70 71 72 73 75 76 77
(75,*) 0 1 2 3 4 5 6 7 8 9 10 11 12 13 14 15 16 17 18 19 20 21 22 44 45 46 47 48 49 50 51 52 53 54 55 56 57 58 59 60 61 62 63 64 65 66 67 68 69 70 71 72 73 74 76 77
(76,*) 0 1 2 3 4 5 6 7 8 9 10 11 12 13 14 15 16 17 18 19 20 21 22 44 45 46 47 48 49 50 51 52 53 54 55 56 57 58 59 60 61 62 63 64 65 66 67 68 69 70 71 72 73 74 75 77
(77,*) 0 1 2 3 4 5 6 7 8 9 10 11 12 13 14 15 16 17 18 19 20 21 22 44 45 46 47 48 49 50 51 52 53 54 55 56 57 58 59 60 61 62 63 64 65 66 67 68 69 70 71 72 73 74 75 76
;
set A2:=
(65,*) 66
(66,*) 65
;
param BigM:=99999;
param n:= 9;
param d:=
1	10
2	26
3	17
4	11
5	11
6	1
7	10
8	9
9	22
10	21
11	18
12	5
13	8
14	24
15	2
16	6
17	21
18	20
19	24
20	4
21	2
22	23
23	12
24	24
25	7
26	9
27	18
28	2
29	12
30	26
31	2
32	23
33	24
34	12
35	15
36	14
37	13
38	25
39	8
40	13
41	24
42	19
43	14
44	16
45	20
46	9
47	12
48	23
49	7
50	17
51	15
52	16
53	14
54	2
55	19
56	6
57	5
58	14
59	2
60	10
61	6
62	23
63	16
64	14
;
param Q:=100;
param w:=
[65,*] 66 0.1
[66,*] 65 0.1
;
param V:=
[65,*] 66 87
[66,*] 65 87
;
param e:
	65	66	67	68	69	70	71	72	73	74	75	76	77:=
23		0		1		0		1		1		0		0		0		0		0		0		0		0	
24		1		0		1		0		0		0		0		0		1		0		0		0		0	
25		1		0		1		0		0		1		0		0		0		0		0		1		0	
26		1		0		1		0		0		0		0		0		0		0		1		1		0	
27		0		1		0		1		0		0		0		1		0		0		0		0		0	
28		0		1		0		1		0		0		0		1		0		0		0		0		0	
29		1		0		1		0		0		1		0		0		0		1		0		0		0	
30		1		0		1		0		0		0		0		0		1		0		0		0		0	
31		0		1		0		1		0		0		0		0		0		1		0		0		0	
32		1		0		1		0		0		1		0		0		0		0		0		1		0	
33		1		0		1		0		0		0		1		0		0		0		0		0		0	
34		0		1		0		1		1		0		0		0		0		0		0		0		0	
35		1		0		1		0		0		1		0		0		0		0		0		0		0	
36		0		1		0		1		0		0		0		0		0		0		0		0		1	
37		1		0		1		0		0		0		0		0		1		0		0		0		0	
38		0		1		0		1		0		0		0		1		0		0		0		0		0	
39		0		1		0		1		0		0		0		0		0		1		0		0		0	
40		1		0		1		0		0		0		0		0		0		1		0		0		0	
41		0		1		0		1		1		0		0		0		0		0		0		0		0	
42		1		0		1		0		0		0		0		0		1		0		0		0		0	
43		0		1		0		1		0		0		0		1		0		0		0		0		0	
44		1		0		1		0		0		1		0		0		0		0		0		1		0	
45		0		1		0		1		0		0		1		0		0		1		0		0		1	
46		0		1		0		1		1		0		0		1		0		0		0		0		0	
47		1		0		1		0		0		0		0		0		1		0		0		1		0	
48		0		1		0		1		0		0		1		0		0		1		0		0		1	
49		0		1		0		1		1		0		0		1		0		0		1		0		0	
50		0		1		0		1		1		0		0		1		0		0		1		0		0	
51		1		0		1		0		0		1		0		0		0		1		0		0		1	
52		0		1		0		1		1		0		0		0		0		0		0		0		0	
53		0		1		0		1		1		0		0		1		0		0		1		0		0	
54		1		0		1		0		0		0		0		1		1		0		1		0		0	
55		1		0		1		0		0		1		0		0		0		0		0		1		0	
56		0		1		0		1		0		0		1		0		0		0		0		0		1	
57		1		0		1		0		0		0		0		0		1		0		0		0		0	
58		0		1		0		1		0		0		1		0		0		1		0		0		1	
59		0		1		0		1		0		0		0		0		1		0		0		0		0	
60		1		0		1		0		0		0		0		0		1		0		0		1		0	
61		0		1		0		1		0		0		0		1		0		0		0		0		0	
62		1		0		1		0		0		1		0		0		1		0		0		1		0	
63		0		1		0		1		1		0		0		0		0		0		0		0		0	
64		0		1		0		1		0		0		1		0		0		1		0		0		1	
;
param p:=
1	3
2	3
3	3
4	3
5	3
6	3
7	3
8	3
9	3
;
param G:=
65	87
66	80
67	87
68	80
69	93
70	87
71	100
72	74
73	80
74	91
75	83
76	78
77	89
;
param s:=
0	0
1	10
2	10
3	10
4	10
5	10
6	10
7	10
8	10
9	10
10	10
11	10
12	10
13	10
14	10
15	10
16	10
17	10
18	10
19	10
20	10
21	10
22	10
44	10
45	10
46	10
47	10
48	10
49	10
50	10
51	10
52	10
53	10
54	10
55	10
56	10
57	10
58	10
59	10
60	10
61	10
62	10
63	10
64	10
65	10
66	10
67	10
68	10
69	10
70	10
71	10
72	10
73	10
74	10
75	10
76	10
77	10
;
param t:
	0	1	2	3	4	5	6	7	8	9	10	11	12	13	14	15	16	17	18	19	20	21	22	23	24	25	26	27	28	29	30	31	32	33	34	35	36	37	38	39	40	41	42	43	44	45	46	47	48	49	50	51	52	53	54	55	56	57	58	59	60	61	62	63	64	65	66	67	68	69	70	71	72	73	74	75	76	77:=
0	0.0	32.25	47.07	70.94	51.92	32.06	52.8	39.7	40.2	38.21	65.3	30.53	50.91	73.76	18.97	38.47	10.2	37.74	31.24	62.13	45.12	68.0	35.78	45.12	72.11	39.7	26.31	66.6	35.78	46.69	62.8	33.94	46.04	35.38	41.23	47.2	74.32	61.35	62.13	25.06	18.44	50.12	67.08	63.81	52.15	28.84	54.63	64.4	11.31	38.83	45.34	34.93	30.0	29.73	52.95	52.5	17.09	70.26	22.8	45.69	59.36	63.66	48.37	18.0	26.08	54.49	36.0	54.49	36.0	33.6	47.89	29.15	46.86	60.83	28.16	36.06	42.54	19.31
1	32.25	0.0	74.24	72.28	37.2	62.64	50.0	46.04	69.05	15.62	62.03	54.0	82.46	98.39	50.99	63.81	30.59	5.66	40.79	68.26	17.09	88.54	4.0	30.53	98.79	71.61	52.8	67.91	4.0	77.79	80.05	52.61	76.37	54.59	28.64	77.79	84.02	88.2	68.26	40.45	50.48	60.13	83.55	70.26	84.38	44.72	43.91	92.8	36.88	38.21	50.04	66.48	16.12	36.5	70.34	84.4	22.0	92.48	46.04	14.14	89.2	62.64	77.9	18.87	42.43	85.8	17.89	85.8	17.89	36.01	80.13	43.93	52.04	84.97	57.49	52.5	72.18	46.87
2	47.07	74.24	0.0	112.07	98.95	18.44	97.51	82.37	8.49	84.21	109.18	20.88	47.07	87.32	32.25	62.48	44.0	78.64	74.24	101.21	90.0	90.55	78.23	92.2	81.04	39.4	55.32	108.17	78.23	18.0	91.21	26.08	52.0	24.41	88.29	51.26	108.9	72.8	101.21	36.06	38.83	88.41	95.6	102.45	38.05	33.11	101.19	70.34	38.05	84.31	87.82	21.63	76.66	74.32	83.55	44.41	52.35	89.44	28.28	88.36	61.61	106.68	56.46	64.78	34.18	50.8	82.61	50.8	82.61	78.92	33.24	34.44	88.84	78.71	19.31	72.8	53.24	28.16
3	70.94	72.28	112.07	0.0	40.2	93.74	22.36	31.24	103.73	58.55	12.65	100.42	83.95	64.56	80.0	54.41	80.0	75.31	39.7	12.17	64.03	48.08	71.39	44.05	71.39	80.99	57.31	4.47	71.39	102.86	36.88	104.8	73.76	106.15	44.41	75.71	21.26	66.12	12.17	95.6	73.24	24.17	36.06	12.0	93.68	99.64	32.25	74.11	82.22	34.93	25.61	92.28	56.32	41.62	36.06	88.29	80.62	54.41	93.38	72.11	78.1	10.0	71.02	60.83	96.83	84.17	54.92	84.17	54.92	38.95	93.3	99.81	24.08	56.32	93.41	39.45	69.12	88.41
4	51.92	37.2	98.95	40.2	0.0	82.87	19.7	28.84	91.78	21.63	28.0	81.71	88.77	87.86	68.47	60.93	57.27	38.47	31.62	41.23	24.74	73.59	34.99	7.21	91.61	80.89	55.32	36.5	34.99	96.19	62.48	83.19	79.7	84.97	10.77	81.61	57.58	82.68	41.23	71.69	64.03	39.7	64.4	43.08	95.04	76.16	8.0	89.55	62.03	19.7	28.28	84.21	24.41	28.64	55.17	92.2	53.25	79.2	73.54	32.98	89.55	30.27	79.12	34.93	73.43	90.8	19.8	90.8	19.8	23.77	92.44	75.8	29.73	75.6	79.83	42.94	74.63	71.17
5	32.06	62.64	18.44	93.74	82.87	0.0	79.85	64.4	10.0	70.26	91.24	18.97	34.23	71.81	14.56	44.41	32.31	67.68	56.46	82.8	76.94	73.35	66.48	76.42	66.48	24.08	36.88	89.89	66.48	15.23	73.24	27.2	36.5	26.68	72.44	36.22	90.55	57.27	82.8	31.24	20.59	70.0	77.67	84.02	28.64	30.53	84.4	56.14	26.0	67.05	69.77	6.32	62.03	56.92	65.3	32.98	42.05	72.8	21.26	76.66	48.0	88.59	40.79	50.04	30.0	38.33	68.03	38.33	68.03	61.68	23.26	31.91	70.71	62.03	6.4	54.41	36.69	16.64
6	52.8	50.0	97.51	22.36	19.7	79.85	0.0	16.12	89.55	36.22	12.81	83.23	78.1	70.46	65.39	48.37	60.83	52.95	23.41	21.54	42.05	55.32	49.03	22.09	75.18	72.25	46.39	18.11	49.03	91.21	43.86	86.56	68.26	88.09	22.09	70.26	37.95	67.23	21.54	76.37	59.46	21.63	45.34	23.41	86.09	80.62	12.81	74.67	64.03	14.14	12.17	79.7	34.18	23.32	37.74	82.02	60.0	61.22	75.6	50.0	76.16	12.65	66.75	40.0	77.79	79.4	32.56	79.4	32.56	19.21	84.48	80.61	12.65	59.06	78.26	30.07	63.2	71.56
7	39.7	46.04	82.37	31.24	28.84	64.4	16.12	0.0	74.24	36.06	26.83	69.43	62.29	59.4	50.12	32.98	48.83	50.36	8.49	23.41	43.86	46.04	46.39	26.91	62.8	56.14	30.27	26.91	46.39	75.29	35.78	73.59	52.61	74.97	24.41	54.59	38.21	53.85	23.41	64.4	43.86	14.14	38.63	25.3	70.03	68.41	25.3	60.83	50.99	10.0	5.66	63.91	30.27	10.77	27.2	66.12	50.16	51.22	62.23	50.6	61.35	24.41	51.42	31.05	65.6	63.79	31.62	63.79	31.62	10.05	68.36	68.6	7.21	46.86	63.29	14.56	47.52	57.49
8	40.2	69.05	8.49	103.73	91.78	10.0	89.55	74.24	0.0	78.0	101.07	18.44	40.2	79.7	24.17	54.04	38.47	73.76	66.21	92.8	84.21	82.37	72.99	85.16	73.76	31.62	46.86	99.86	72.99	13.42	82.8	25.61	44.27	24.41	81.22	43.68	100.42	65.15	92.8	33.29	30.53	80.0	87.2	94.02	32.25	31.24	93.68	63.15	32.25	76.55	79.65	13.42	70.11	66.48	75.07	38.0	47.54	81.44	24.17	83.19	54.59	98.49	48.7	58.14	31.62	44.1	76.11	44.1	76.11	71.17	27.07	32.65	80.62	70.68	12.04	64.4	45.19	22.2
9	38.21	15.62	84.21	58.55	21.63	70.26	36.22	36.06	78.0	0.0	47.54	65.12	84.12	93.23	56.89	60.83	40.45	17.09	33.29	56.14	8.49	81.41	13.42	15.23	95.02	74.32	51.61	54.33	13.42	84.85	71.69	65.15	76.55	67.05	14.14	78.23	72.44	84.9	56.14	53.14	54.41	50.0	74.67	58.14	88.02	57.58	28.64	90.55	46.17	26.68	38.83	72.99	8.94	28.84	62.61	86.76	34.18	86.09	56.89	14.56	88.41	48.66	77.2	20.4	55.03	86.95	4.47	86.95	4.47	26.4	84.43	57.01	40.79	80.0	66.01	46.04	71.85	56.08
10	65.3	62.03	109.18	12.65	28.0	91.24	12.81	26.83	101.07	47.54	0.0	95.6	86.21	72.5	76.94	56.14	73.54	64.56	34.99	18.87	52.35	56.36	60.73	32.56	78.43	81.58	56.32	10.0	60.73	101.84	44.72	99.16	76.11	100.66	33.53	78.1	32.8	71.81	18.87	89.11	70.68	26.08	44.94	20.0	95.04	93.34	20.0	79.62	76.58	26.91	21.54	90.62	46.52	35.61	41.23	90.35	72.8	62.61	88.09	60.53	82.39	4.47	74.0	52.8	90.51	87.02	44.27	87.02	44.27	31.83	93.94	93.35	20.88	62.64	90.05	38.83	71.18	83.82
11	30.53	54.0	20.88	100.42	81.71	18.97	83.23	69.43	18.44	65.12	95.6	0.0	52.95	88.57	23.41	57.58	24.74	58.14	60.96	90.69	70.26	87.93	58.0	74.67	84.02	42.19	47.41	96.21	58.0	31.24	85.91	8.25	54.0	8.0	70.94	54.04	100.96	74.24	90.69	15.23	30.46	78.1	90.38	92.2	47.54	12.81	84.97	74.03	19.7	69.34	75.07	25.3	58.24	60.0	76.94	51.92	32.0	88.29	8.25	68.03	66.27	93.72	58.03	46.82	13.42	57.07	64.03	57.07	64.03	64.07	42.15	14.21	76.42	77.67	13.15	62.8	53.24	12.04
12	50.91	82.46	47.07	83.95	88.77	34.23	78.1	62.29	40.2	84.12	86.21	52.95	0.0	41.18	34.99	30.07	57.2	88.09	57.27	71.81	92.28	48.17	85.6	84.12	34.18	11.66	33.53	81.22	85.6	29.73	52.84	61.19	10.2	60.83	80.32	8.25	73.35	27.2	71.81	62.77	32.56	60.53	56.6	72.28	11.31	63.25	87.13	23.41	52.15	69.43	66.03	28.07	75.18	60.17	48.7	4.47	66.84	45.34	53.14	94.87	14.56	82.39	13.42	64.9	62.03	4.12	80.5	4.12	80.5	65.0	14.32	64.51	66.0	35.38	39.81	48.04	15.03	46.62
13	73.76	98.39	87.32	64.56	87.86	71.81	70.46	59.4	79.7	93.23	72.5	88.57	41.18	0.0	66.03	35.44	83.19	103.77	60.0	53.85	101.61	16.49	100.24	86.28	8.94	48.08	47.54	63.91	100.24	70.68	27.86	96.33	35.44	96.52	83.55	36.06	46.17	14.56	53.85	94.09	60.03	48.83	28.64	53.14	52.15	96.0	82.8	18.44	80.4	69.31	59.67	66.48	85.44	64.4	32.8	44.94	90.71	10.2	86.02	107.07	27.2	68.03	31.05	79.62	94.02	38.28	88.81	38.28	88.81	67.48	55.47	97.01	58.41	13.42	75.95	47.2	35.36	79.03
14	18.97	50.99	32.25	80.0	68.47	14.56	65.39	50.12	24.17	56.89	76.94	23.41	34.99	66.03	0.0	34.18	22.63	56.36	42.05	69.43	64.03	64.56	54.63	62.13	62.29	23.32	24.41	76.03	54.63	28.07	62.61	30.59	32.98	31.05	58.14	33.53	78.41	52.04	69.43	28.64	7.21	56.64	67.08	70.77	34.06	30.07	69.86	52.95	17.2	52.5	55.57	16.12	48.37	42.38	53.85	35.61	32.56	65.12	20.0	64.62	46.17	74.43	36.5	36.5	28.28	38.95	54.33	38.95	54.33	47.13	29.41	31.14	56.6	54.59	13.45	41.04	31.14	13.0
15	38.47	63.81	62.48	54.41	60.93	44.41	48.37	32.98	54.04	60.83	56.14	57.58	30.07	35.44	34.18	0.0	48.17	69.34	29.53	42.38	69.31	30.59	66.03	57.31	34.99	26.83	12.17	51.42	66.03	50.0	28.84	64.56	20.0	65.15	53.85	22.0	46.86	24.41	42.38	60.3	27.2	30.59	33.29	43.08	39.29	62.8	58.24	29.73	46.04	41.23	36.22	41.04	52.35	33.29	21.26	34.23	55.32	32.0	53.37	73.76	28.64	52.35	18.44	44.94	60.53	31.06	56.64	31.06	56.64	37.59	39.0	63.64	36.06	22.36	46.53	18.44	15.03	46.57
16	10.2	30.59	44.0	80.0	57.27	32.31	60.83	48.83	38.47	40.45	73.54	24.74	57.2	83.19	22.63	48.17	0.0	35.44	40.5	71.69	46.0	78.03	34.53	50.16	81.04	45.61	36.06	75.6	34.53	47.54	72.99	26.08	53.67	27.78	46.52	54.59	84.31	70.34	71.69	15.62	25.06	59.93	77.28	73.43	56.64	19.8	61.06	72.8	6.32	46.69	54.41	36.72	33.53	38.42	63.15	58.14	10.0	80.1	16.49	44.72	67.08	72.25	56.46	22.36	16.97	61.03	39.29	61.03	39.29	41.73	51.86	19.85	56.04	70.46	26.93	46.17	50.7	16.28
17	37.74	5.66	78.64	75.31	38.47	67.68	52.95	50.36	73.76	17.09	64.56	58.14	88.09	103.77	56.36	69.34	35.44	0.0	45.61	72.03	15.62	93.64	4.0	32.31	104.31	77.2	58.41	71.02	4.0	82.87	84.9	56.14	82.02	58.14	31.05	83.45	88.02	93.74	72.03	44.05	56.04	64.5	88.29	74.03	89.89	48.17	45.69	98.41	41.76	42.0	54.04	71.69	20.1	41.23	75.29	90.0	26.31	97.69	50.36	10.2	94.85	65.51	83.55	24.41	46.04	91.44	20.4	91.44	20.4	40.31	85.59	47.27	56.04	90.35	62.36	57.58	77.83	51.66
18	31.24	40.79	74.24	39.7	31.62	56.46	23.41	8.49	66.21	33.29	34.99	60.96	57.27	60.0	42.05	29.53	40.5	45.61	0.0	31.3	41.62	48.33	41.76	27.78	62.23	50.04	24.08	35.38	41.76	67.91	39.29	65.12	48.08	66.48	24.41	50.0	45.12	52.5	31.3	56.04	36.06	20.4	42.76	33.11	64.12	60.0	30.07	58.82	42.52	12.17	14.14	56.32	26.0	4.47	29.73	60.83	42.38	52.84	53.74	47.41	58.14	32.8	47.54	24.08	57.2	59.2	28.84	59.2	28.84	8.06	62.01	60.22	15.62	46.86	55.07	12.81	43.01	49.04
19	62.13	68.26	101.21	12.17	41.23	82.8	21.54	23.41	92.8	56.14	18.87	90.69	71.81	53.85	69.43	42.38	71.69	72.03	31.3	0.0	62.8	37.58	68.03	43.17	60.17	69.08	46.04	10.2	68.03	91.3	26.0	95.6	61.61	96.83	42.43	63.56	16.49	54.33	0.0	87.13	62.48	12.81	26.08	2.0	81.61	90.97	34.0	62.29	73.24	30.07	18.44	80.99	52.15	34.18	24.0	76.16	73.54	43.86	84.02	70.46	66.03	14.42	58.86	54.41	88.2	72.01	52.04	72.01	52.04	32.76	81.34	91.27	16.49	44.72	82.88	28.43	57.01	78.64
20	45.12	17.09	90.0	64.03	24.74	76.94	42.05	43.86	84.21	8.49	52.35	70.26	92.28	101.61	64.03	69.31	46.0	15.62	41.62	62.8	0.0	89.55	13.42	20.0	103.48	82.29	60.0	60.0	13.42	91.78	79.62	69.43	84.88	71.39	20.4	86.53	79.25	93.38	62.8	57.27	62.03	57.58	82.46	64.78	95.85	61.61	32.56	99.04	52.04	34.18	46.17	80.05	17.2	37.2	70.71	94.83	38.47	94.34	62.13	8.25	96.83	54.04	85.6	27.86	59.23	95.19	12.81	95.19	12.81	34.48	92.11	60.88	48.08	88.41	72.34	54.41	80.21	62.07
21	68.0	88.54	90.55	48.08	73.59	73.35	55.32	46.04	82.37	81.41	56.36	87.93	48.17	16.49	64.56	30.59	78.03	93.64	48.33	37.58	89.55	0.0	89.89	72.8	24.0	51.61	42.19	47.54	89.89	75.6	11.66	95.08	39.7	95.6	70.46	41.04	30.0	22.36	37.58	90.8	57.72	33.94	12.17	36.77	59.46	93.38	67.94	29.73	76.42	56.04	45.34	68.96	74.32	52.8	18.87	52.5	84.21	6.32	83.95	95.71	36.72	51.88	35.38	70.34	91.08	46.4	76.94	46.4	76.94	55.07	61.55	94.2	43.86	12.81	76.32	36.06	37.44	77.13
22	35.78	4.0	78.23	71.39	34.99	66.48	49.03	46.39	72.99	13.42	60.73	58.0	85.6	100.24	54.63	66.03	34.53	4.0	41.76	68.03	13.42	89.89	0.0	28.64	100.96	74.89	55.32	67.08	0.0	81.61	81.04	56.57	79.25	58.55	27.2	80.72	84.02	90.44	68.03	44.41	53.85	60.53	84.4	70.03	87.82	48.66	42.05	95.27	40.79	38.0	50.04	70.23	16.12	37.36	71.47	87.66	26.0	94.02	50.04	10.2	91.93	61.61	80.62	21.26	46.39	88.87	16.49	88.87	16.49	36.35	83.65	47.85	52.04	86.83	61.39	53.85	74.95	50.8
23	45.12	30.53	92.2	44.05	7.21	76.42	22.09	26.91	85.16	15.23	32.56	74.67	84.12	86.28	62.13	57.31	50.16	32.31	27.78	43.17	20.0	72.8	28.64	0.0	89.38	75.71	50.6	40.0	28.64	90.02	62.13	76.03	75.39	77.82	4.0	77.25	59.67	80.0	43.17	64.5	58.03	39.45	64.5	45.12	89.82	68.96	13.42	86.53	55.03	16.97	27.78	78.03	17.2	24.17	54.04	87.36	46.04	78.1	66.48	28.07	85.88	34.06	75.15	27.86	66.24	86.38	12.81	86.38	12.81	19.72	86.98	68.6	29.53	73.59	73.16	40.0	70.38	64.29
24	72.11	98.79	81.04	71.39	91.61	66.48	75.18	62.8	73.76	95.02	78.43	84.02	34.18	8.94	62.29	34.99	81.04	104.31	62.23	60.17	103.48	24.0	100.96	89.38	0.0	42.43	46.52	70.34	100.96	63.91	34.53	92.0	30.07	92.02	86.37	30.27	54.0	10.77	60.17	90.8	56.89	53.67	36.06	59.67	44.72	92.35	87.13	10.77	77.67	72.47	63.81	60.83	86.83	66.48	37.58	37.58	89.2	18.11	82.22	108.41	19.7	74.0	26.0	79.92	90.55	30.87	90.69	30.87	90.69	70.04	48.47	93.43	62.77	16.12	71.11	49.52	31.14	75.24
25	39.7	71.61	39.4	80.99	80.89	24.08	72.25	56.14	31.62	74.32	81.58	42.19	11.66	48.08	23.32	26.83	45.61	77.2	50.04	69.08	82.29	51.61	74.89	75.71	42.43	0.0	26.0	77.79	74.89	24.08	53.81	50.36	12.65	50.16	71.81	12.17	73.24	33.53	69.08	51.26	21.26	56.92	58.0	69.86	14.14	51.92	80.1	32.06	40.5	62.13	60.53	18.44	65.39	52.35	47.71	12.81	55.32	50.12	41.76	84.38	24.08	78.1	17.09	54.59	50.6	15.65	70.94	15.65	70.94	57.31	12.37	53.16	60.83	39.45	29.07	42.76	14.21	35.11
26	26.31	52.8	55.32	57.31	55.32	36.88	46.39	30.27	46.86	51.61	56.32	47.41	33.53	47.54	24.41	12.17	36.06	58.41	24.08	46.04	60.0	42.19	55.32	50.6	46.52	26.0	0.0	53.67	55.32	45.69	38.63	53.85	25.06	54.63	46.82	26.83	54.04	35.78	46.04	48.66	17.2	33.29	43.08	47.2	40.05	51.42	54.15	40.0	34.23	36.22	34.93	34.99	42.8	26.68	29.53	36.88	43.17	44.05	42.38	63.66	36.88	53.14	25.61	34.06	49.03	35.85	47.71	35.85	47.71	31.58	38.12	52.17	35.44	34.53	37.64	17.89	20.25	35.85
27	66.6	67.91	108.17	4.47	36.5	89.89	18.11	26.91	99.86	54.33	10.0	96.21	81.22	63.91	76.03	51.42	75.6	71.02	35.38	10.2	60.0	47.54	67.08	40.0	70.34	77.79	53.67	0.0	67.08	99.32	36.06	100.5	71.02	101.86	40.2	72.99	22.8	64.5	10.2	91.21	69.34	20.88	35.78	10.77	90.71	95.27	28.64	72.44	77.9	30.46	21.26	88.59	51.92	37.2	34.06	85.51	76.16	53.85	89.11	68.03	76.0	6.32	68.47	56.36	92.46	81.61	50.64	81.61	50.64	34.48	90.14	95.43	19.8	54.92	89.4	35.78	66.29	84.22
28	35.78	4.0	78.23	71.39	34.99	66.48	49.03	46.39	72.99	13.42	60.73	58.0	85.6	100.24	54.63	66.03	34.53	4.0	41.76	68.03	13.42	89.89	0.0	28.64	100.96	74.89	55.32	67.08	0.0	81.61	81.04	56.57	79.25	58.55	27.2	80.72	84.02	90.44	68.03	44.41	53.85	60.53	84.4	70.03	87.82	48.66	42.05	95.27	40.79	38.0	50.04	70.23	16.12	37.36	71.47	87.66	26.0	94.02	50.04	10.2	91.93	61.61	80.62	21.26	46.39	88.87	16.49	88.87	16.49	36.35	83.65	47.85	52.04	86.83	61.39	53.85	74.95	50.8
29	46.69	77.79	18.0	102.86	96.19	15.23	91.21	75.29	13.42	84.85	101.84	31.24	29.73	70.68	28.07	50.0	47.54	82.87	67.91	91.3	91.78	75.6	81.61	90.02	63.91	24.08	45.69	99.32	81.61	0.0	77.79	38.83	36.06	37.74	86.02	34.99	96.83	56.36	91.3	45.34	32.25	78.71	82.02	92.28	20.1	43.86	97.02	53.14	41.23	79.25	80.32	12.0	76.42	69.05	71.22	26.68	57.27	73.78	35.61	91.76	44.27	98.79	40.5	64.5	43.86	33.24	82.39	33.24	82.39	73.98	15.52	45.28	80.99	63.25	21.1	63.56	38.29	31.76
30	62.8	80.05	91.21	36.88	62.48	73.24	43.86	35.78	82.8	71.69	44.72	85.91	52.84	27.86	62.61	28.84	72.99	84.9	39.29	26.0	79.62	11.66	81.04	62.13	34.53	53.81	38.63	36.06	81.04	77.79	0.0	92.48	43.27	93.23	60.03	44.94	20.88	30.27	26.0	86.83	55.46	22.8	4.47	25.3	63.81	89.84	56.57	38.21	72.28	45.65	34.41	69.66	65.15	43.68	10.0	57.31	78.1	17.89	80.99	86.16	43.68	40.25	39.45	62.51	87.36	51.89	67.23	51.89	67.23	45.31	65.0	90.52	32.8	20.1	75.29	28.07	39.82	74.46
31	33.94	52.61	26.08	104.8	83.19	27.2	86.56	73.59	25.61	65.15	99.16	8.25	61.19	96.33	30.59	64.56	26.08	56.14	65.12	95.6	69.43	95.08	56.57	76.03	92.0	50.36	53.85	100.5	56.57	38.83	92.48	0.0	62.03	2.0	72.47	62.13	106.68	82.1	95.6	12.17	37.36	83.23	96.93	97.2	55.71	8.0	87.13	82.1	22.63	72.47	79.25	33.53	59.09	63.66	83.26	60.17	31.05	95.71	11.66	66.27	74.43	97.59	66.0	48.37	10.2	65.31	64.62	65.31	64.62	67.36	50.33	9.06	80.72	85.16	21.38	68.26	61.07	18.03
32	46.04	76.37	52.0	73.76	79.7	36.5	68.26	52.61	44.27	76.55	76.11	54.0	10.2	35.44	32.98	20.0	53.67	82.02	48.08	61.61	84.88	39.7	79.25	75.39	30.07	12.65	25.06	71.02	79.25	36.06	43.27	62.03	0.0	62.0	71.69	2.0	63.53	20.88	61.61	61.61	28.64	50.36	47.2	62.1	20.59	62.8	77.67	20.1	49.4	60.17	56.14	31.05	67.68	51.26	38.63	14.56	62.77	37.74	52.61	88.09	13.42	72.25	4.47	58.14	61.19	11.18	72.72	11.18	72.72	55.97	21.93	63.95	56.04	27.2	41.05	38.21	5.1	45.71
33	35.38	54.59	24.41	106.15	84.97	26.68	88.09	74.97	24.41	67.05	100.66	8.0	60.83	96.52	31.05	65.15	27.78	58.14	66.48	96.83	71.39	95.6	58.55	77.82	92.02	50.16	54.63	101.86	58.55	37.74	93.23	2.0	62.0	0.0	74.24	62.03	107.7	82.22	96.83	14.14	37.95	84.4	97.69	98.41	55.03	10.0	88.84	82.02	24.08	74.03	80.62	32.98	60.93	65.12	84.1	59.67	32.98	96.1	12.81	68.26	74.24	99.04	66.03	50.12	12.17	64.94	66.48	64.94	66.48	68.88	49.65	11.05	82.07	85.51	21.1	69.34	61.2	18.79
34	41.23	28.64	88.29	44.41	10.77	72.44	22.09	24.41	81.22	14.14	33.53	70.94	80.32	83.55	58.14	53.85	46.52	31.05	24.41	42.43	20.4	70.46	27.2	4.0	86.37	71.81	46.82	40.2	27.2	86.02	60.03	72.47	71.69	74.24	0.0	73.54	58.86	76.84	42.43	61.06	54.04	37.58	62.61	44.41	85.91	65.51	15.62	83.23	51.26	14.42	26.0	74.03	14.14	20.59	51.61	83.52	42.8	75.6	62.77	28.07	82.37	34.53	71.55	24.17	62.77	82.64	10.77	82.64	10.77	16.4	83.02	65.19	27.86	70.71	69.23	36.88	66.71	60.44
35	47.2	77.79	51.26	75.71	81.61	36.22	70.26	54.59	43.68	78.23	78.1	54.04	8.25	36.06	33.53	22.0	54.59	83.45	50.0	63.56	86.53	41.04	80.72	77.25	30.27	12.17	26.83	72.99	80.72	34.99	44.94	62.13	2.0	62.03	73.54	0.0	65.3	21.54	63.56	62.1	29.53	52.35	48.83	64.03	18.87	63.15	79.62	20.0	50.16	62.1	58.14	30.59	69.34	53.14	40.5	12.65	63.81	38.83	52.95	89.64	12.65	74.24	5.66	59.67	61.61	9.22	74.43	9.22	74.43	57.87	20.52	64.33	58.03	28.43	41.0	40.2	7.07	46.1
36	74.32	84.02	108.9	21.26	57.58	90.55	37.95	38.21	100.42	72.44	32.8	100.96	73.35	46.17	78.41	46.86	84.31	88.02	45.12	16.49	79.25	30.0	84.02	59.67	54.0	73.24	54.04	22.8	84.02	96.83	20.88	106.68	63.53	107.7	58.86	65.3	0.0	50.99	16.49	99.32	71.22	24.74	18.11	14.56	84.12	102.86	50.16	58.86	84.97	46.04	34.0	87.73	68.0	48.66	25.61	77.82	87.36	36.06	95.02	86.83	64.56	28.84	59.93	69.05	100.18	72.62	68.26	72.62	68.26	48.09	84.91	103.32	32.0	40.79	91.68	38.47	59.68	89.04
37	61.35	88.2	72.8	66.12	82.68	57.27	67.23	53.85	65.15	84.9	71.81	74.24	27.2	14.56	52.04	24.41	70.34	93.74	52.5	54.33	93.38	22.36	90.44	80.0	10.77	33.53	35.78	64.5	90.44	56.36	30.27	82.1	20.88	82.22	76.84	21.54	50.99	0.0	54.33	80.4	46.39	46.17	32.98	54.15	38.42	82.1	78.71	8.0	67.08	63.25	55.46	51.92	76.58	56.64	30.59	31.24	78.43	18.44	72.03	98.08	14.42	67.47	16.49	69.34	80.22	24.76	80.62	24.76	80.62	60.44	41.34	83.15	54.63	10.2	61.52	40.0	21.02	65.03
38	62.13	68.26	101.21	12.17	41.23	82.8	21.54	23.41	92.8	56.14	18.87	90.69	71.81	53.85	69.43	42.38	71.69	72.03	31.3	0.0	62.8	37.58	68.03	43.17	60.17	69.08	46.04	10.2	68.03	91.3	26.0	95.6	61.61	96.83	42.43	63.56	16.49	54.33	0.0	87.13	62.48	12.81	26.08	2.0	81.61	90.97	34.0	62.29	73.24	30.07	18.44	80.99	52.15	34.18	24.0	76.16	73.54	43.86	84.02	70.46	66.03	14.42	58.86	54.41	88.2	72.01	52.04	72.01	52.04	32.76	81.34	91.27	16.49	44.72	82.88	28.43	57.01	78.64
39	25.06	40.45	36.06	95.6	71.69	31.24	76.37	64.4	33.29	53.14	89.11	15.23	62.77	94.09	28.64	60.3	15.62	44.05	56.04	87.13	57.27	90.8	44.41	64.5	90.8	51.26	48.66	91.21	44.41	45.34	86.83	12.17	61.61	14.14	61.06	62.1	99.32	80.4	87.13	0.0	34.06	75.18	91.21	88.84	59.36	4.47	76.03	81.58	14.56	62.23	70.0	37.2	47.41	54.04	77.2	62.61	18.97	92.2	10.0	54.15	74.73	87.86	65.12	37.2	2.0	66.85	52.8	66.85	52.8	57.31	54.08	4.24	71.61	82.02	24.84	60.93	59.68	16.16
40	18.44	50.48	38.83	73.24	64.03	20.59	59.46	43.86	30.53	54.41	70.68	30.46	32.56	60.03	7.21	27.2	25.06	56.04	36.06	62.48	62.03	57.72	53.85	58.03	56.89	21.26	17.2	69.34	53.85	32.25	55.46	37.36	28.64	37.95	54.04	29.53	71.22	46.39	62.48	34.06	0.0	49.68	59.93	63.78	34.0	36.06	64.78	48.08	20.88	47.07	49.19	20.4	45.61	36.88	46.65	34.06	34.41	58.55	26.31	63.53	42.05	68.0	31.62	34.18	34.0	36.24	51.42	36.24	51.42	41.77	30.08	37.01	50.12	48.17	20.52	34.06	25.96	19.42
41	50.12	60.13	88.41	24.17	39.7	70.0	21.63	14.14	80.0	50.0	26.08	78.1	60.53	48.83	56.64	30.59	59.93	64.5	20.4	12.81	57.58	33.94	60.53	39.45	53.67	56.92	33.29	20.88	60.53	78.71	22.8	83.23	50.36	84.4	37.58	52.35	24.74	46.17	12.81	75.18	49.68	0.0	25.06	14.14	69.86	78.89	34.06	53.85	61.06	23.41	11.66	68.26	44.41	24.08	16.12	64.78	62.64	39.7	71.61	64.56	56.32	22.0	48.04	44.41	76.16	61.13	45.61	61.13	45.61	24.19	69.26	79.26	10.0	37.58	70.09	15.62	45.54	66.07
42	67.08	83.55	95.6	36.06	64.4	77.67	45.34	38.63	87.2	74.67	44.94	90.38	56.6	28.64	67.08	33.29	77.28	88.29	42.76	26.08	82.46	12.17	84.4	64.5	36.06	58.0	43.08	35.78	84.4	82.02	4.47	96.93	47.2	97.69	62.61	48.83	18.11	32.98	26.08	91.21	59.93	25.06	0.0	25.06	67.68	94.25	58.14	40.79	76.66	48.33	36.72	74.03	68.41	47.07	14.14	61.06	82.22	18.44	85.44	89.2	46.82	40.5	43.27	66.27	91.76	55.47	70.23	55.47	70.23	48.38	69.03	94.92	34.99	22.8	79.76	32.0	43.93	78.92
43	63.81	70.26	102.45	12.0	43.08	84.02	23.41	25.3	94.02	58.14	20.0	92.2	72.28	53.14	70.77	43.08	73.43	74.03	33.11	2.0	64.78	36.77	70.03	45.12	59.67	69.86	47.2	10.77	70.03	92.28	25.3	97.2	62.1	98.41	44.41	64.03	14.56	54.15	2.0	88.84	63.78	14.14	25.06	0.0	82.22	92.65	35.78	62.13	74.89	32.06	20.4	82.1	54.15	36.06	24.08	76.66	75.39	43.08	85.6	72.44	66.12	15.62	59.23	56.32	89.89	72.37	54.04	72.37	54.04	34.71	82.08	92.96	18.44	44.41	84.22	29.73	57.57	80.16
44	52.15	84.38	38.05	93.68	95.04	28.64	86.09	70.03	32.25	88.02	95.04	47.54	11.31	52.15	34.06	39.29	56.64	89.89	64.12	81.61	95.85	59.46	87.82	89.82	44.72	14.14	40.05	90.71	87.82	20.1	63.81	55.71	20.59	55.03	85.91	18.87	84.12	38.42	81.61	59.36	34.0	69.86	67.68	82.22	0.0	59.06	94.19	34.0	50.91	76.24	74.24	22.36	79.12	66.48	59.09	7.21	66.6	56.64	49.4	97.53	25.06	91.41	24.41	68.03	58.31	13.89	84.76	13.89	84.76	71.45	5.39	60.42	74.43	46.69	34.89	56.32	24.7	43.6
45	28.84	44.72	33.11	99.64	76.16	30.53	80.62	68.41	31.24	57.58	93.34	12.81	63.25	96.0	30.07	62.8	19.8	48.17	60.0	90.97	61.61	93.38	48.66	68.96	92.35	51.92	51.42	95.27	48.66	43.86	89.84	8.0	62.8	10.0	65.51	63.15	102.86	82.1	90.97	4.47	36.06	78.89	94.25	92.65	59.06	0.0	80.45	82.87	17.89	66.48	74.03	36.72	51.88	58.14	80.32	62.77	23.41	94.53	10.2	58.31	75.71	92.02	66.48	41.62	2.83	67.36	57.27	67.36	57.27	61.52	53.71	1.41	75.6	84.21	24.19	64.4	61.2	17.12
46	54.63	43.91	101.19	32.25	8.0	84.4	12.81	25.3	93.68	28.64	20.0	84.97	87.13	82.8	69.86	58.24	61.06	45.69	30.07	34.0	32.56	67.94	42.05	13.42	87.13	80.1	54.15	28.64	42.05	97.02	56.57	87.13	77.67	88.84	15.62	79.62	50.16	78.71	34.0	76.03	64.78	34.06	58.14	35.78	94.19	80.45	0.0	85.91	65.3	18.0	23.32	85.16	29.73	28.07	50.0	90.8	58.14	73.76	76.94	40.79	86.65	22.36	76.66	38.83	77.67	88.84	26.08	88.84	26.08	23.09	92.01	80.21	24.41	71.02	81.91	39.85	72.57	73.93
47	64.4	92.8	70.34	74.11	89.55	56.14	74.67	60.83	63.15	90.55	79.62	74.03	23.41	18.44	52.95	29.73	72.8	98.41	58.82	62.29	99.04	29.73	95.27	86.53	10.77	32.06	40.0	72.44	95.27	53.14	38.21	82.1	20.1	82.02	83.23	20.0	58.86	8.0	62.29	81.58	48.08	53.85	40.79	62.13	34.0	82.87	85.91	0.0	68.96	69.97	62.77	50.36	82.02	62.8	38.47	26.83	81.44	25.06	72.69	103.32	8.94	75.31	16.49	74.03	81.22	20.12	86.37	20.12	86.37	66.85	37.7	84.01	62.03	18.11	61.0	46.65	22.14	65.76
48	11.31	36.88	38.05	82.22	62.03	26.0	64.03	50.99	32.25	46.17	76.58	19.7	52.15	80.4	17.2	46.04	6.32	41.76	42.52	73.24	52.04	76.42	40.79	55.03	77.67	40.5	34.23	77.9	40.79	41.23	72.28	22.63	49.4	24.08	51.26	50.16	84.97	67.08	73.24	14.56	20.88	61.06	76.66	74.89	50.91	17.89	65.3	68.96	0.0	50.0	56.64	30.53	38.83	41.04	62.64	52.8	16.12	78.03	11.66	50.99	62.77	74.97	52.5	27.2	15.23	56.08	44.72	56.08	44.72	44.82	46.01	18.38	58.14	68.03	20.62	46.52	46.84	10.05
49	38.83	38.21	84.31	34.93	19.7	67.05	14.14	10.0	76.55	26.68	26.91	69.34	69.43	69.31	52.5	41.23	46.69	42.0	12.17	30.07	34.18	56.04	38.0	16.97	72.47	62.13	36.22	30.46	38.0	79.25	45.65	72.47	60.17	74.03	14.42	62.1	46.04	63.25	30.07	62.23	47.07	23.41	48.33	32.06	76.24	66.48	18.0	69.97	50.0	0.0	12.17	67.47	22.09	10.2	37.2	72.99	46.04	61.22	61.61	41.23	69.86	26.08	59.46	26.08	63.66	71.31	22.36	71.31	22.36	5.39	74.01	66.47	14.14	56.64	65.0	23.32	55.08	57.8
50	45.34	50.04	87.82	25.61	28.28	69.77	12.17	5.66	79.65	38.83	21.54	75.07	66.03	59.67	55.57	36.22	54.41	54.04	14.14	18.44	46.17	45.34	50.04	27.78	63.81	60.53	34.93	21.26	50.04	80.32	34.41	79.25	56.14	80.62	26.0	58.14	34.0	55.46	18.44	70.0	49.19	11.66	36.72	20.4	74.24	74.03	23.32	62.77	56.64	12.17	0.0	69.08	34.0	16.12	26.91	70.0	55.46	50.91	67.88	53.37	64.03	18.87	54.59	36.06	71.22	67.27	34.53	67.27	34.53	14.32	72.84	74.2	2.0	47.71	68.8	18.0	51.09	63.13
51	34.93	66.48	21.63	92.28	84.21	6.32	79.7	63.91	13.42	72.99	90.62	25.3	28.07	66.48	16.12	41.04	36.72	71.69	56.32	80.99	80.05	68.96	70.23	78.03	60.83	18.44	34.99	88.59	70.23	12.0	69.66	33.53	31.05	32.98	74.03	30.59	87.73	51.92	80.99	37.2	20.4	68.26	74.03	82.1	22.36	36.72	85.16	50.36	30.53	67.47	69.08	0.0	64.5	57.27	62.23	26.68	46.65	68.03	27.2	80.32	42.05	87.73	35.44	52.61	36.06	32.14	70.46	32.14	70.46	62.17	17.0	38.08	69.86	57.27	12.53	52.84	31.78	21.93
52	30.0	16.12	76.66	56.32	24.41	62.03	34.18	30.27	70.11	8.94	46.52	58.24	75.18	85.44	48.37	52.35	33.53	20.1	26.0	52.15	17.2	74.32	16.12	17.2	86.83	65.39	42.8	51.92	16.12	76.42	65.15	59.09	67.68	60.93	14.14	69.34	68.0	76.58	52.15	47.41	45.61	44.41	68.41	54.15	79.12	51.88	29.73	82.02	38.83	22.09	34.0	64.5	0.0	21.54	55.71	77.82	28.84	78.71	50.0	21.63	79.65	46.82	68.41	12.0	49.19	78.03	6.0	78.03	6.0	20.22	75.58	51.48	36.0	72.11	58.08	38.47	63.01	48.51
53	29.73	36.5	74.32	41.62	28.64	56.92	23.32	10.77	66.48	28.84	35.61	60.0	60.17	64.4	42.38	33.29	38.42	41.23	4.47	34.18	37.2	52.8	37.36	24.17	66.48	52.35	26.68	37.2	37.36	69.05	43.68	63.66	51.26	65.12	20.59	53.14	48.66	56.64	34.18	54.04	36.88	24.08	47.07	36.06	66.48	58.14	28.07	62.8	41.04	10.2	16.12	57.27	21.54	0.0	34.18	63.56	39.4	57.31	52.5	42.94	61.77	33.94	50.99	20.4	55.32	62.3	24.41	62.3	24.41	5.0	64.07	58.26	17.89	51.22	55.04	17.2	46.24	48.26
54	52.95	70.34	83.55	36.06	55.17	65.3	37.74	27.2	75.07	62.61	41.23	76.94	48.7	32.8	53.85	21.26	63.15	75.29	29.73	24.0	70.71	18.87	71.47	54.04	37.58	47.71	29.53	34.06	71.47	71.22	10.0	83.26	38.63	84.1	51.61	40.5	25.61	30.59	24.0	77.2	46.65	16.12	14.14	24.08	59.09	80.32	50.0	38.47	62.64	37.2	26.91	62.23	55.71	34.18	0.0	53.14	68.12	24.08	71.69	76.97	42.05	36.88	35.44	52.61	77.79	48.51	58.14	48.51	58.14	36.24	59.54	80.96	25.61	21.54	66.85	18.11	34.44	65.31
55	52.5	84.4	44.41	88.29	92.2	32.98	82.02	66.12	38.0	86.76	90.35	51.92	4.47	44.94	35.61	34.23	58.14	90.0	60.83	76.16	94.83	52.5	87.66	87.36	37.58	12.81	36.88	85.51	87.66	26.68	57.31	60.17	14.56	59.67	83.52	12.65	77.82	31.24	76.16	62.61	34.06	64.78	61.06	76.66	7.21	62.77	90.8	26.83	52.8	72.99	70.0	26.68	77.82	63.56	53.14	0.0	67.94	49.52	52.8	97.1	17.89	86.58	17.89	67.23	61.74	6.71	83.26	6.71	83.26	68.45	11.18	64.08	70.03	39.7	38.9	52.0	19.24	46.53
56	17.09	22.0	52.35	80.62	53.25	42.05	60.0	50.16	47.54	34.18	72.8	32.0	66.84	90.71	32.56	55.32	10.0	26.31	42.38	73.54	38.47	84.21	26.0	46.04	89.2	55.32	43.17	76.16	26.0	57.27	78.1	31.05	62.77	32.98	42.8	63.81	87.36	78.43	73.54	18.97	34.41	62.64	82.22	75.39	66.6	23.41	58.14	81.44	16.12	46.04	55.46	46.65	28.84	39.4	68.12	67.94	0.0	86.83	24.08	36.06	76.16	72.11	65.3	20.0	20.88	70.6	34.0	70.6	34.0	41.68	61.85	22.85	57.27	77.67	36.4	50.36	59.48	25.63
57	70.26	92.48	89.44	54.41	79.2	72.8	61.22	51.22	81.44	86.09	62.61	88.29	45.34	10.2	65.12	32.0	80.1	97.69	52.84	43.86	94.34	6.32	94.02	78.1	18.11	50.12	44.05	53.85	94.02	73.78	17.89	95.71	37.74	96.1	75.6	38.83	36.06	18.44	43.86	92.2	58.55	39.7	18.44	43.08	56.64	94.53	73.76	25.06	78.03	61.22	50.91	68.03	78.71	57.31	24.08	49.52	86.83	0.0	84.85	100.24	32.8	58.14	33.29	74.0	92.35	43.14	81.63	43.14	81.63	59.91	59.2	95.43	49.52	10.77	76.24	40.25	36.25	77.93
58	22.8	46.04	28.28	93.38	73.54	21.26	75.6	62.23	24.17	56.89	88.09	8.25	53.14	86.02	20.0	53.37	16.49	50.36	53.74	84.02	62.13	83.95	50.04	66.48	82.22	41.76	42.38	89.11	50.04	35.61	80.99	11.66	52.61	12.81	62.77	52.95	95.02	72.03	84.02	10.0	26.31	71.61	85.44	85.6	49.4	10.2	76.94	72.69	11.66	61.61	67.88	27.2	50.0	52.5	71.69	52.8	24.08	84.85	0.0	60.13	65.51	86.37	56.32	38.63	8.94	57.25	55.79	57.25	55.79	56.4	44.1	11.4	69.31	74.43	14.87	56.6	51.09	7.0
