set K:= 1	2;
set C_H:= 1	2;
set C_S:= 3	4;
set C_F:= 5	6;
set M:= ;
set L_B:= 7	8	9	10;
set A1:=
(0,*) 1 2 5 6 7 8 9 10
(1,*) 0 2 5 6 7 8 9 10
(2,*) 0 1 5 6 7 8 9 10
(5,*) 0 1 2 6 7 8 9 10
(6,*) 0 1 2 5 7 8 9 10
(7,*) 0 1 2 5 6 8 9 10
(8,*) 0 1 2 5 6 7 9 10
(9,*) 0 1 2 5 6 7 8 10
(10,*) 0 1 2 5 6 7 8 9
;
param BigM:=99999;
param n:= 2;
param d:=
1	7
2	13
3	12
4	9
5	23
6	9
;
param Q:=100;
param e:
	7	8	9	10:=
3		1		0		0		0	
4		0		0		1		0	
5		0		0		1		0	
6		0		0		1		0	
;
param p:=
1	3
2	3
;
param G:=
7	72
8	95
9	76
10	76
;
param s:=
0	0
1	10
2	10
5	10
6	10
7	10
8	10
9	10
10	10
;
param t:
	0	1	2	3	4	5	6	7	8	9	10:=
0	0.0	56.01	39.81	30.36	74.25	75.03	95.86	27.29	102.07	63.25	70.6
1	56.01	0.0	26.91	28.79	72.11	76.69	93.86	29.43	78.77	70.83	23.32
2	39.81	26.91	0.0	10.63	50.16	53.76	73.06	15.81	67.54	45.88	32.06
3	30.36	28.79	10.63	0.0	58.08	61.03	81.1	5.39	77.9	51.79	40.26
4	74.25	72.11	50.16	58.08	0.0	5.83	23.02	63.2	36.4	13.89	60.0
5	75.03	76.69	53.76	61.03	5.83	0.0	20.88	66.0	40.61	12.21	65.44
6	95.86	93.86	73.06	81.1	23.02	20.88	0.0	86.21	36.4	32.7	79.16
7	27.29	29.43	15.81	5.39	63.2	66.0	86.21	0.0	83.24	56.44	43.66
8	102.07	78.77	67.54	77.9	36.4	40.61	36.4	83.24	0.0	49.98	58.01
9	63.25	70.83	45.88	51.79	13.89	12.21	32.7	56.44	49.98	0.0	63.13
10	70.6	23.32	32.06	40.26	60.0	65.44	79.16	43.66	58.01	63.13	0.0
;
