set K:= 1	2	3	4	5	6	7	8	9	10;
set C_H:= 1	2	3	4	5	6	7	8	9	10	11	12	13	14	15	16	17	18	19	20	21	22;
set C_S:= 23	24	25	26	27	28	29	30	31	32	33	34	35	36	37	38	39	40	41	42;
set C_F:= 43	44	45	46	47	48	49	50	51	52	53	54	55	56	57	58	59	60	61	62;
set M:= 63	64;
set L_B:= 65	66	67	68	69	70	71	72	73	74;
set A1:=
(0,*) 1 2 3 4 5 6 7 8 9 10 11 12 13 14 15 16 17 18 19 20 21 22 43 44 45 46 47 48 49 50 51 52 53 54 55 56 57 58 59 60 61 62 63 64 65 66 67 68 69 70 71 72 73 74
(1,*) 0 2 3 4 5 6 7 8 9 10 11 12 13 14 15 16 17 18 19 20 21 22 43 44 45 46 47 48 49 50 51 52 53 54 55 56 57 58 59 60 61 62 63 64 65 66 67 68 69 70 71 72 73 74
(2,*) 0 1 3 4 5 6 7 8 9 10 11 12 13 14 15 16 17 18 19 20 21 22 43 44 45 46 47 48 49 50 51 52 53 54 55 56 57 58 59 60 61 62 63 64 65 66 67 68 69 70 71 72 73 74
(3,*) 0 1 2 4 5 6 7 8 9 10 11 12 13 14 15 16 17 18 19 20 21 22 43 44 45 46 47 48 49 50 51 52 53 54 55 56 57 58 59 60 61 62 63 64 65 66 67 68 69 70 71 72 73 74
(4,*) 0 1 2 3 5 6 7 8 9 10 11 12 13 14 15 16 17 18 19 20 21 22 43 44 45 46 47 48 49 50 51 52 53 54 55 56 57 58 59 60 61 62 63 64 65 66 67 68 69 70 71 72 73 74
(5,*) 0 1 2 3 4 6 7 8 9 10 11 12 13 14 15 16 17 18 19 20 21 22 43 44 45 46 47 48 49 50 51 52 53 54 55 56 57 58 59 60 61 62 63 64 65 66 67 68 69 70 71 72 73 74
(6,*) 0 1 2 3 4 5 7 8 9 10 11 12 13 14 15 16 17 18 19 20 21 22 43 44 45 46 47 48 49 50 51 52 53 54 55 56 57 58 59 60 61 62 63 64 65 66 67 68 69 70 71 72 73 74
(7,*) 0 1 2 3 4 5 6 8 9 10 11 12 13 14 15 16 17 18 19 20 21 22 43 44 45 46 47 48 49 50 51 52 53 54 55 56 57 58 59 60 61 62 63 64 65 66 67 68 69 70 71 72 73 74
(8,*) 0 1 2 3 4 5 6 7 9 10 11 12 13 14 15 16 17 18 19 20 21 22 43 44 45 46 47 48 49 50 51 52 53 54 55 56 57 58 59 60 61 62 63 64 65 66 67 68 69 70 71 72 73 74
(9,*) 0 1 2 3 4 5 6 7 8 10 11 12 13 14 15 16 17 18 19 20 21 22 43 44 45 46 47 48 49 50 51 52 53 54 55 56 57 58 59 60 61 62 63 64 65 66 67 68 69 70 71 72 73 74
(10,*) 0 1 2 3 4 5 6 7 8 9 11 12 13 14 15 16 17 18 19 20 21 22 43 44 45 46 47 48 49 50 51 52 53 54 55 56 57 58 59 60 61 62 63 64 65 66 67 68 69 70 71 72 73 74
(11,*) 0 1 2 3 4 5 6 7 8 9 10 12 13 14 15 16 17 18 19 20 21 22 43 44 45 46 47 48 49 50 51 52 53 54 55 56 57 58 59 60 61 62 63 64 65 66 67 68 69 70 71 72 73 74
(12,*) 0 1 2 3 4 5 6 7 8 9 10 11 13 14 15 16 17 18 19 20 21 22 43 44 45 46 47 48 49 50 51 52 53 54 55 56 57 58 59 60 61 62 63 64 65 66 67 68 69 70 71 72 73 74
(13,*) 0 1 2 3 4 5 6 7 8 9 10 11 12 14 15 16 17 18 19 20 21 22 43 44 45 46 47 48 49 50 51 52 53 54 55 56 57 58 59 60 61 62 63 64 65 66 67 68 69 70 71 72 73 74
(14,*) 0 1 2 3 4 5 6 7 8 9 10 11 12 13 15 16 17 18 19 20 21 22 43 44 45 46 47 48 49 50 51 52 53 54 55 56 57 58 59 60 61 62 63 64 65 66 67 68 69 70 71 72 73 74
(15,*) 0 1 2 3 4 5 6 7 8 9 10 11 12 13 14 16 17 18 19 20 21 22 43 44 45 46 47 48 49 50 51 52 53 54 55 56 57 58 59 60 61 62 63 64 65 66 67 68 69 70 71 72 73 74
(16,*) 0 1 2 3 4 5 6 7 8 9 10 11 12 13 14 15 17 18 19 20 21 22 43 44 45 46 47 48 49 50 51 52 53 54 55 56 57 58 59 60 61 62 63 64 65 66 67 68 69 70 71 72 73 74
(17,*) 0 1 2 3 4 5 6 7 8 9 10 11 12 13 14 15 16 18 19 20 21 22 43 44 45 46 47 48 49 50 51 52 53 54 55 56 57 58 59 60 61 62 63 64 65 66 67 68 69 70 71 72 73 74
(18,*) 0 1 2 3 4 5 6 7 8 9 10 11 12 13 14 15 16 17 19 20 21 22 43 44 45 46 47 48 49 50 51 52 53 54 55 56 57 58 59 60 61 62 63 64 65 66 67 68 69 70 71 72 73 74
(19,*) 0 1 2 3 4 5 6 7 8 9 10 11 12 13 14 15 16 17 18 20 21 22 43 44 45 46 47 48 49 50 51 52 53 54 55 56 57 58 59 60 61 62 63 64 65 66 67 68 69 70 71 72 73 74
(20,*) 0 1 2 3 4 5 6 7 8 9 10 11 12 13 14 15 16 17 18 19 21 22 43 44 45 46 47 48 49 50 51 52 53 54 55 56 57 58 59 60 61 62 63 64 65 66 67 68 69 70 71 72 73 74
(21,*) 0 1 2 3 4 5 6 7 8 9 10 11 12 13 14 15 16 17 18 19 20 22 43 44 45 46 47 48 49 50 51 52 53 54 55 56 57 58 59 60 61 62 63 64 65 66 67 68 69 70 71 72 73 74
(22,*) 0 1 2 3 4 5 6 7 8 9 10 11 12 13 14 15 16 17 18 19 20 21 43 44 45 46 47 48 49 50 51 52 53 54 55 56 57 58 59 60 61 62 63 64 65 66 67 68 69 70 71 72 73 74
(43,*) 0 1 2 3 4 5 6 7 8 9 10 11 12 13 14 15 16 17 18 19 20 21 22 44 45 46 47 48 49 50 51 52 53 54 55 56 57 58 59 60 61 62 63 64 65 66 67 68 69 70 71 72 73 74
(44,*) 0 1 2 3 4 5 6 7 8 9 10 11 12 13 14 15 16 17 18 19 20 21 22 43 45 46 47 48 49 50 51 52 53 54 55 56 57 58 59 60 61 62 63 64 65 66 67 68 69 70 71 72 73 74
(45,*) 0 1 2 3 4 5 6 7 8 9 10 11 12 13 14 15 16 17 18 19 20 21 22 43 44 46 47 48 49 50 51 52 53 54 55 56 57 58 59 60 61 62 63 64 65 66 67 68 69 70 71 72 73 74
(46,*) 0 1 2 3 4 5 6 7 8 9 10 11 12 13 14 15 16 17 18 19 20 21 22 43 44 45 47 48 49 50 51 52 53 54 55 56 57 58 59 60 61 62 63 64 65 66 67 68 69 70 71 72 73 74
(47,*) 0 1 2 3 4 5 6 7 8 9 10 11 12 13 14 15 16 17 18 19 20 21 22 43 44 45 46 48 49 50 51 52 53 54 55 56 57 58 59 60 61 62 63 64 65 66 67 68 69 70 71 72 73 74
(48,*) 0 1 2 3 4 5 6 7 8 9 10 11 12 13 14 15 16 17 18 19 20 21 22 43 44 45 46 47 49 50 51 52 53 54 55 56 57 58 59 60 61 62 63 64 65 66 67 68 69 70 71 72 73 74
(49,*) 0 1 2 3 4 5 6 7 8 9 10 11 12 13 14 15 16 17 18 19 20 21 22 43 44 45 46 47 48 50 51 52 53 54 55 56 57 58 59 60 61 62 63 64 65 66 67 68 69 70 71 72 73 74
(50,*) 0 1 2 3 4 5 6 7 8 9 10 11 12 13 14 15 16 17 18 19 20 21 22 43 44 45 46 47 48 49 51 52 53 54 55 56 57 58 59 60 61 62 63 64 65 66 67 68 69 70 71 72 73 74
(51,*) 0 1 2 3 4 5 6 7 8 9 10 11 12 13 14 15 16 17 18 19 20 21 22 43 44 45 46 47 48 49 50 52 53 54 55 56 57 58 59 60 61 62 63 64 65 66 67 68 69 70 71 72 73 74
(52,*) 0 1 2 3 4 5 6 7 8 9 10 11 12 13 14 15 16 17 18 19 20 21 22 43 44 45 46 47 48 49 50 51 53 54 55 56 57 58 59 60 61 62 63 64 65 66 67 68 69 70 71 72 73 74
(53,*) 0 1 2 3 4 5 6 7 8 9 10 11 12 13 14 15 16 17 18 19 20 21 22 43 44 45 46 47 48 49 50 51 52 54 55 56 57 58 59 60 61 62 63 64 65 66 67 68 69 70 71 72 73 74
(54,*) 0 1 2 3 4 5 6 7 8 9 10 11 12 13 14 15 16 17 18 19 20 21 22 43 44 45 46 47 48 49 50 51 52 53 55 56 57 58 59 60 61 62 63 64 65 66 67 68 69 70 71 72 73 74
(55,*) 0 1 2 3 4 5 6 7 8 9 10 11 12 13 14 15 16 17 18 19 20 21 22 43 44 45 46 47 48 49 50 51 52 53 54 56 57 58 59 60 61 62 63 64 65 66 67 68 69 70 71 72 73 74
(56,*) 0 1 2 3 4 5 6 7 8 9 10 11 12 13 14 15 16 17 18 19 20 21 22 43 44 45 46 47 48 49 50 51 52 53 54 55 57 58 59 60 61 62 63 64 65 66 67 68 69 70 71 72 73 74
(57,*) 0 1 2 3 4 5 6 7 8 9 10 11 12 13 14 15 16 17 18 19 20 21 22 43 44 45 46 47 48 49 50 51 52 53 54 55 56 58 59 60 61 62 63 64 65 66 67 68 69 70 71 72 73 74
(58,*) 0 1 2 3 4 5 6 7 8 9 10 11 12 13 14 15 16 17 18 19 20 21 22 43 44 45 46 47 48 49 50 51 52 53 54 55 56 57 59 60 61 62 63 64 65 66 67 68 69 70 71 72 73 74
(59,*) 0 1 2 3 4 5 6 7 8 9 10 11 12 13 14 15 16 17 18 19 20 21 22 43 44 45 46 47 48 49 50 51 52 53 54 55 56 57 58 60 61 62 63 64 65 66 67 68 69 70 71 72 73 74
(60,*) 0 1 2 3 4 5 6 7 8 9 10 11 12 13 14 15 16 17 18 19 20 21 22 43 44 45 46 47 48 49 50 51 52 53 54 55 56 57 58 59 61 62 63 64 65 66 67 68 69 70 71 72 73 74
(61,*) 0 1 2 3 4 5 6 7 8 9 10 11 12 13 14 15 16 17 18 19 20 21 22 43 44 45 46 47 48 49 50 51 52 53 54 55 56 57 58 59 60 62 63 64 65 66 67 68 69 70 71 72 73 74
(62,*) 0 1 2 3 4 5 6 7 8 9 10 11 12 13 14 15 16 17 18 19 20 21 22 43 44 45 46 47 48 49 50 51 52 53 54 55 56 57 58 59 60 61 63 64 65 66 67 68 69 70 71 72 73 74
(63,*) 0 1 2 3 4 5 6 7 8 9 10 11 12 13 14 15 16 17 18 19 20 21 22 43 44 45 46 47 48 49 50 51 52 53 54 55 56 57 58 59 60 61 62 65 66 67 68 69 70 71 72 73 74
(64,*) 0 1 2 3 4 5 6 7 8 9 10 11 12 13 14 15 16 17 18 19 20 21 22 43 44 45 46 47 48 49 50 51 52 53 54 55 56 57 58 59 60 61 62 65 66 67 68 69 70 71 72 73 74
(65,*) 0 1 2 3 4 5 6 7 8 9 10 11 12 13 14 15 16 17 18 19 20 21 22 43 44 45 46 47 48 49 50 51 52 53 54 55 56 57 58 59 60 61 62 63 64 66 67 68 69 70 71 72 73 74
(66,*) 0 1 2 3 4 5 6 7 8 9 10 11 12 13 14 15 16 17 18 19 20 21 22 43 44 45 46 47 48 49 50 51 52 53 54 55 56 57 58 59 60 61 62 63 64 65 67 68 69 70 71 72 73 74
(67,*) 0 1 2 3 4 5 6 7 8 9 10 11 12 13 14 15 16 17 18 19 20 21 22 43 44 45 46 47 48 49 50 51 52 53 54 55 56 57 58 59 60 61 62 63 64 65 66 68 69 70 71 72 73 74
(68,*) 0 1 2 3 4 5 6 7 8 9 10 11 12 13 14 15 16 17 18 19 20 21 22 43 44 45 46 47 48 49 50 51 52 53 54 55 56 57 58 59 60 61 62 63 64 65 66 67 69 70 71 72 73 74
(69,*) 0 1 2 3 4 5 6 7 8 9 10 11 12 13 14 15 16 17 18 19 20 21 22 43 44 45 46 47 48 49 50 51 52 53 54 55 56 57 58 59 60 61 62 63 64 65 66 67 68 70 71 72 73 74
(70,*) 0 1 2 3 4 5 6 7 8 9 10 11 12 13 14 15 16 17 18 19 20 21 22 43 44 45 46 47 48 49 50 51 52 53 54 55 56 57 58 59 60 61 62 63 64 65 66 67 68 69 71 72 73 74
(71,*) 0 1 2 3 4 5 6 7 8 9 10 11 12 13 14 15 16 17 18 19 20 21 22 43 44 45 46 47 48 49 50 51 52 53 54 55 56 57 58 59 60 61 62 63 64 65 66 67 68 69 70 72 73 74
(72,*) 0 1 2 3 4 5 6 7 8 9 10 11 12 13 14 15 16 17 18 19 20 21 22 43 44 45 46 47 48 49 50 51 52 53 54 55 56 57 58 59 60 61 62 63 64 65 66 67 68 69 70 71 73 74
(73,*) 0 1 2 3 4 5 6 7 8 9 10 11 12 13 14 15 16 17 18 19 20 21 22 43 44 45 46 47 48 49 50 51 52 53 54 55 56 57 58 59 60 61 62 63 64 65 66 67 68 69 70 71 72 74
(74,*) 0 1 2 3 4 5 6 7 8 9 10 11 12 13 14 15 16 17 18 19 20 21 22 43 44 45 46 47 48 49 50 51 52 53 54 55 56 57 58 59 60 61 62 63 64 65 66 67 68 69 70 71 72 73
;
set A2:=
(63,*) 64
(64,*) 63
;
param BigM:=99999;
param n:= 10;
param d:=
1	5
2	17
3	16
4	2
5	25
6	20
7	12
8	11
9	5
10	17
11	12
12	2
13	26
14	12
15	21
16	6
17	2
18	1
19	21
20	1
21	17
22	25
23	20
24	26
25	17
26	1
27	20
28	26
29	12
30	21
31	16
32	15
33	22
34	16
35	2
36	6
37	6
38	25
39	16
40	5
41	17
42	6
43	11
44	15
45	22
46	22
47	21
48	5
49	21
50	12
51	15
52	17
53	16
54	10
55	11
56	63
57	10
58	7
59	26
60	10
61	25
62	22
;
param Q:=100;
param w:=
[63,*] 64 0.5
[64,*] 63 0.5
;
param V:=
[63,*] 64 79
[64,*] 63 79
;
param e:
	63	64	65	66	67	68	69	70	71	72	73	74:=
23	0	0	0	0	0	0	0	0	1	0	0	0	
24	0	0	1	0	0	0	0	0	0	0	0	0	
25	0	0	0	0	0	1	0	0	0	0	0	0	
26	0	0	0	0	0	0	1	0	0	0	0	0	
27	0	0	1	0	0	0	0	0	0	0	0	0	
28	0	0	0	0	0	1	0	0	0	0	0	1	
29	0	0	0	0	0	0	0	0	0	1	0	0	
30	0	0	0	0	0	0	0	0	0	0	1	0	
31	0	0	0	1	0	0	0	0	0	0	0	0	
32	0	0	0	1	0	0	0	0	0	0	0	0	
33	0	0	0	0	0	0	0	0	0	0	1	0	
34	0	0	0	0	0	1	0	0	0	0	0	1	
35	0	0	1	0	0	0	0	0	1	0	0	0	
36	0	0	0	1	0	0	0	0	0	0	0	0	
37	0	0	0	1	0	0	0	0	0	0	0	0	
38	0	0	0	0	0	0	1	0	0	0	0	0	
39	0	0	0	1	0	0	0	1	0	0	0	0	
40	0	0	1	0	0	0	0	0	0	0	0	0	
41	0	0	0	0	1	0	1	1	0	1	0	0	
42	0	0	0	1	0	1	0	1	0	1	0	1	
43	0	0	1	0	1	0	0	0	1	0	0	0	
44	0	0	0	0	0	0	0	0	0	0	1	0	
45	0	0	0	0	0	0	0	0	1	0	0	0	
46	0	0	0	0	0	0	0	0	0	0	1	0	
47	0	0	0	0	1	0	1	0	1	0	0	0	
48	0	0	0	0	0	0	1	0	0	0	0	0	
49	0	0	0	1	0	0	0	1	0	0	0	0	
50	0	0	0	1	0	0	1	1	0	1	0	1	
51	0	0	0	0	0	0	0	0	0	0	0	1	
52	0	0	0	0	0	1	0	0	0	0	0	1	
53	0	0	0	0	0	1	0	0	0	0	0	1	
54	0	0	0	0	0	1	0	0	0	0	0	0	
55	0	0	0	1	0	0	0	1	0	0	0	0	
56	0	0	0	0	0	0	1	1	0	1	0	0	
57	0	0	0	1	0	0	0	1	0	0	0	0	
58	0	0	1	0	1	0	0	0	1	0	0	0	
59	0	0	0	0	0	1	0	0	0	0	0	1	
60	0	0	0	0	1	0	1	1	1	1	0	0	
61	0	0	0	0	1	0	1	1	0	1	0	1	
62	0	0	0	0	0	0	1	1	0	0	0	0	
;
param p:=
1	3
2	3
3	3
4	3
5	3
6	3
7	3
8	3
9	3
10	3
;
param G:=
63	79
64	75
65	74
66	74
67	92
68	88
69	82
70	77
71	99
72	74
73	83
74	72
;
param s:=
0	0
1	10
2	10
3	10
4	10
5	10
6	10
7	10
8	10
9	10
10	10
11	10
12	10
13	10
14	10
15	10
16	10
17	10
18	10
19	10
20	10
21	10
22	10
43	10
44	10
45	10
46	10
47	10
48	10
49	10
50	10
51	10
52	10
53	10
54	10
55	10
56	10
57	10
58	10
59	10
60	10
61	10
62	10
63	10
64	10
65	10
66	10
67	10
68	10
69	10
70	10
71	10
72	10
73	10
74	10
;
param t:
	0	1	2	3	4	5	6	7	8	9	10	11	12	13	14	15	16	17	18	19	20	21	22	23	24	25	26	27	28	29	30	31	32	33	34	35	36	37	38	39	40	41	42	43	44	45	46	47	48	49	50	51	52	53	54	55	56	57	58	59	60	61	62	63	64	65	66	67	68	69	70	71	72	73	74:=
0	0.0	45.12	93.6	79.85	61.61	24.84	54.23	39.2	14.87	43.27	48.88	29.68	25.81	82.76	63.06	57.31	23.71	68.31	59.01	5.1	20.88	44.01	41.68	76.16	62.82	20.88	40.31	34.37	15.81	25.96	85.7	35.0	48.02	84.39	6.71	61.01	73.05	51.01	72.8	56.14	34.99	44.41	20.62	63.06	81.39	35.51	81.86	54.49	54.56	57.14	42.38	24.21	15.0	24.08	28.02	52.17	54.92	55.9	40.31	9.06	46.75	26.4	56.4	65.25	55.54	52.95	44.15	45.31	5.1	39.05	38.64	53.45	30.08	84.17	19.24
1	45.12	0.0	72.92	50.0	90.91	68.15	31.58	7.81	57.94	50.16	55.36	69.46	33.97	85.48	92.96	52.24	31.14	37.44	18.6	50.22	58.31	26.17	79.63	47.71	17.72	65.97	51.0	18.03	46.32	25.5	69.92	62.94	85.8	68.01	50.49	20.25	28.65	75.8	83.52	77.18	16.12	49.4	57.45	31.06	66.94	16.64	54.08	47.17	14.87	78.03	58.31	67.78	59.84	69.05	61.39	82.13	57.72	84.5	15.52	45.01	46.84	34.71	55.9	20.25	85.7	21.54	75.66	27.07	43.29	44.28	60.61	26.93	50.33	70.09	55.23
2	93.6	72.92	0.0	26.02	89.09	102.16	43.01	69.97	96.18	54.78	51.92	96.14	67.8	44.28	91.14	38.63	70.29	36.4	57.28	97.08	88.64	52.5	98.06	26.48	72.37	107.35	58.87	65.44	81.12	70.01	11.05	77.88	101.12	11.05	100.21	56.75	80.22	76.16	56.75	71.0	86.61	52.92	87.73	42.38	15.03	87.46	21.02	39.82	84.12	71.01	63.06	102.55	106.0	112.77	120.51	86.15	46.1	85.01	61.85	100.0	48.75	67.2	42.45	73.98	88.02	51.43	85.99	51.09	95.9	56.36	70.34	46.65	69.86	14.14	86.33
3	79.85	50.0	26.02	0.0	92.97	94.05	25.63	48.8	86.12	50.36	50.45	90.14	55.08	59.55	95.19	37.0	56.3	12.73	32.65	84.15	80.62	35.85	95.19	4.0	46.84	97.02	54.23	47.17	70.61	54.13	28.79	74.17	99.61	26.93	86.54	31.78	54.23	77.88	67.2	74.67	65.12	48.37	79.63	19.1	28.65	65.86	5.0	34.71	59.51	75.03	60.83	94.2	93.92	101.92	104.45	87.56	46.82	87.64	42.2	84.53	43.29	54.82	42.72	48.27	90.25	29.73	85.0	34.54	80.96	49.0	67.48	26.93	63.03	30.87	77.78
4	61.61	90.91	89.09	92.97	0.0	44.28	74.95	83.1	49.16	44.94	42.95	35.06	57.01	51.24	2.24	55.97	60.22	88.1	93.86	59.68	40.79	70.43	25.0	89.2	106.07	54.33	42.2	73.0	48.85	65.8	78.06	28.65	21.95	78.16	63.51	95.43	118.09	15.81	35.44	18.44	89.55	46.65	41.0	86.95	74.17	90.43	91.48	58.69	105.0	18.25	34.41	45.28	60.01	58.86	83.02	9.49	46.17	6.4	77.08	70.21	51.48	56.22	50.29	108.89	6.08	82.8	17.46	70.6	66.71	49.2	30.41	78.49	40.61	75.03	42.45
5	24.84	68.15	102.16	94.05	44.28	0.0	69.18	61.35	10.3	47.42	51.11	9.49	40.01	79.98	45.1	63.56	40.31	84.15	79.43	20.52	13.6	60.0	20.1	90.09	85.8	10.05	43.38	54.13	24.02	44.91	92.57	26.87	25.71	91.71	23.02	81.39	96.66	39.36	66.61	46.14	59.64	49.24	14.56	80.0	88.1	60.22	94.92	62.63	78.89	47.01	40.8	1.0	16.49	14.87	39.12	35.9	57.45	40.02	60.02	30.81	53.49	40.0	60.42	88.39	38.47	71.25	28.46	61.01	29.0	46.17	34.06	70.0	32.31	90.35	16.28
6	54.23	31.58	43.01	25.63	74.95	69.18	0.0	27.31	60.83	30.02	32.65	66.12	29.61	56.04	77.18	23.71	30.68	15.0	21.93	58.52	56.01	10.3	72.57	21.93	37.64	71.59	33.11	22.63	45.4	28.65	38.63	51.92	77.62	36.77	60.93	22.83	48.85	59.17	57.45	57.8	43.83	28.3	55.01	12.08	35.44	44.72	27.78	18.87	45.01	58.41	40.71	69.26	68.31	76.4	79.32	67.98	32.02	68.96	18.87	59.17	23.6	29.43	28.84	40.16	71.12	11.18	63.91	8.94	55.47	26.57	46.24	5.1	39.62	38.6	53.04
7	39.2	7.81	69.97	48.8	83.1	61.35	27.31	0.0	51.24	42.72	48.08	62.18	26.17	79.1	85.15	46.0	23.43	36.07	20.62	44.28	51.0	20.1	72.11	46.01	24.6	59.84	43.38	10.3	38.95	17.8	65.92	55.15	78.24	64.08	45.01	22.56	36.06	68.01	76.4	69.46	16.64	42.06	50.12	29.73	62.63	17.49	52.4	41.01	22.36	70.33	50.61	61.03	54.15	63.29	58.19	74.33	50.8	76.69	9.06	40.31	39.81	26.91	49.25	27.29	77.9	19.1	67.9	21.21	38.01	36.77	52.8	23.32	42.52	65.79	47.89
8	14.87	57.94	96.18	86.12	49.16	10.3	60.83	51.24	0.0	42.2	46.75	15.23	31.26	78.24	50.36	57.98	31.0	75.66	69.72	11.18	9.85	51.24	27.31	82.23	75.61	11.18	38.42	44.41	15.52	35.23	87.13	26.0	33.54	86.09	14.56	71.7	86.41	41.0	66.19	47.13	49.41	43.83	10.3	71.18	82.68	50.0	87.36	56.36	68.6	48.08	37.64	9.85	12.08	16.64	34.53	40.01	53.15	44.0	50.36	21.93	47.51	31.4	55.61	78.19	43.1	62.01	32.0	52.35	19.42	39.82	31.91	61.2	27.02	85.15	10.63
9	43.27	50.16	54.78	50.36	44.94	47.42	30.02	42.72	42.2	0.0	6.08	41.48	21.21	40.52	47.17	16.16	25.18	43.66	49.5	45.45	34.0	26.25	45.0	46.39	63.01	53.25	4.12	32.57	28.32	29.02	45.18	24.02	49.25	44.28	49.2	50.93	75.0	29.15	34.23	28.28	54.33	2.0	33.12	42.06	40.71	55.33	50.01	16.03	65.0	29.0	10.77	47.85	53.08	58.82	71.28	38.08	11.66	38.95	34.89	51.48	7.07	20.22	13.45	65.8	41.15	38.21	34.71	26.17	47.01	6.08	17.12	33.6	15.26	43.05	31.91
10	48.88	55.36	51.92	50.45	42.95	51.11	32.65	48.08	46.75	6.08	0.0	44.38	27.29	34.48	45.19	14.0	31.26	45.18	53.26	50.8	38.01	30.53	46.39	46.57	67.42	57.63	8.6	38.08	33.6	35.0	41.79	25.96	50.01	41.11	54.64	54.56	79.32	27.51	28.44	25.24	60.21	6.08	37.2	44.41	37.34	61.2	49.5	15.81	70.23	25.81	11.18	51.62	58.0	63.25	76.85	37.11	6.4	37.34	39.92	57.25	9.22	26.31	9.49	70.18	39.85	41.87	35.01	30.23	52.77	12.0	18.44	36.77	19.8	39.4	36.24
11	29.68	69.46	96.14	90.14	35.06	9.49	66.12	62.18	15.23	41.48	44.38	0.0	38.33	71.42	36.0	57.57	39.56	81.1	78.75	26.4	11.18	57.71	12.08	86.15	86.77	19.42	37.36	53.85	23.26	44.78	86.16	18.87	18.36	85.44	29.73	80.65	98.11	30.02	57.63	36.89	62.97	43.42	12.08	77.52	81.71	63.66	90.55	57.27	81.4	37.74	33.54	10.44	25.02	24.35	48.0	26.48	50.57	30.59	59.46	37.16	48.05	38.08	53.85	89.47	29.15	69.63	18.97	58.55	34.48	41.3	26.42	67.6	27.17	83.77	14.32
12	25.81	33.97	67.8	55.08	57.01	40.01	29.61	26.17	31.26	21.21	27.29	38.33	0.0	61.61	59.03	32.45	4.0	44.41	40.5	29.53	27.46	20.02	46.96	51.24	50.0	41.98	20.02	16.4	16.0	8.94	60.11	29.0	52.84	58.73	32.45	42.38	61.85	42.19	55.01	44.38	34.21	21.59	26.48	40.01	55.87	35.17	56.65	29.07	48.01	45.31	25.96	40.0	39.0	46.84	53.04	48.17	32.28	50.61	21.47	32.56	22.36	1.0	32.7	52.8	51.74	31.4	41.77	21.1	28.28	15.52	26.93	30.02	16.4	58.73	24.33
13	82.76	85.48	44.28	59.55	51.24	79.98	56.04	79.1	78.24	40.52	34.48	71.42	61.61	0.0	52.89	33.24	65.51	61.77	77.79	84.12	68.6	59.3	68.24	57.01	93.68	88.24	42.72	70.01	67.08	68.73	34.13	53.15	68.96	35.23	88.12	78.43	104.68	43.27	15.81	36.36	93.13	40.02	68.01	64.47	32.02	94.13	55.87	38.33	99.98	35.85	40.82	80.72	90.14	93.86	110.48	51.88	29.43	49.24	70.18	91.39	40.2	60.64	30.02	96.17	52.39	67.19	55.22	58.42	86.93	46.1	46.4	61.13	52.77	31.06	67.68
14	63.06	92.96	91.14	95.19	2.24	45.1	77.18	85.15	50.36	47.17	45.19	36.0	59.03	52.89	0.0	58.19	62.2	90.34	96.05	61.0	42.2	72.62	25.5	91.42	108.19	55.15	44.41	75.07	50.57	67.8	80.1	30.53	21.93	80.22	64.78	97.62	120.21	18.03	37.11	20.62	91.42	48.88	42.45	89.19	76.24	92.28	93.68	60.93	107.0	20.4	36.62	46.1	61.01	59.54	84.0	11.18	48.38	8.49	79.2	71.59	53.71	58.26	52.5	111.02	7.62	85.0	18.97	72.8	68.15	51.4	32.53	80.71	42.64	77.06	43.97
15	57.31	52.24	38.63	37.0	55.97	63.56	23.71	46.0	57.98	16.16	14.0	57.57	32.45	33.24	58.19	0.0	35.85	33.42	45.62	60.14	50.09	26.08	60.3	33.24	61.1	69.12	20.25	37.34	43.42	37.7	29.15	39.62	64.01	28.18	63.64	46.53	72.5	41.0	33.84	37.7	60.67	14.32	49.19	34.06	24.7	61.66	35.69	5.1	66.75	38.08	25.08	63.98	68.41	74.63	85.15	50.8	9.85	50.7	37.01	64.82	10.63	31.62	5.83	63.69	53.37	34.54	49.01	25.18	60.44	18.44	32.25	28.64	31.3	27.2	47.89
16	23.71	31.14	70.29	56.3	60.22	40.31	30.68	23.43	31.0	25.18	31.26	39.56	4.0	65.51	62.2	35.85	0.0	45.12	39.29	27.86	28.46	20.62	48.88	52.55	47.71	41.3	24.02	14.32	16.49	5.66	62.97	31.89	54.92	61.52	30.41	41.23	59.41	45.65	59.01	48.1	30.36	25.5	27.51	40.31	58.8	31.32	58.18	32.2	44.82	49.04	29.83	40.2	37.64	45.89	50.25	51.22	36.14	53.82	19.92	29.73	26.0	5.0	36.4	50.48	54.82	31.02	44.55	21.84	25.61	19.42	30.41	30.41	19.72	61.72	25.3
17	68.31	37.44	36.4	12.73	88.1	84.15	15.0	36.07	75.66	43.66	45.18	81.1	44.41	61.77	90.34	33.42	45.12	0.0	20.88	72.8	71.01	24.52	87.3	10.3	36.22	86.31	47.13	34.89	60.3	42.38	36.01	66.49	92.2	34.01	74.95	20.4	45.18	72.5	66.53	70.33	52.4	41.79	70.01	6.4	34.37	53.15	16.64	29.68	47.76	70.83	54.42	84.21	82.71	91.01	92.18	81.71	43.01	82.35	29.68	72.5	36.77	44.28	39.2	38.05	84.69	17.03	78.16	23.35	69.08	41.0	60.44	14.87	54.45	37.22	68.03
18	59.01	18.6	57.28	32.65	93.86	79.43	21.93	20.62	69.72	49.5	53.26	78.75	40.5	77.79	96.05	45.62	39.29	20.88	0.0	64.0	67.72	23.43	87.32	31.02	16.12	79.16	51.74	25.32	55.79	34.53	56.22	68.1	93.04	54.23	65.12	2.0	26.93	78.1	79.26	77.78	34.67	48.1	66.76	15.13	54.01	35.23	37.16	40.71	26.93	78.49	59.55	79.25	74.01	83.01	78.75	86.02	53.54	87.62	19.42	60.83	44.05	40.85	50.61	18.44	89.4	11.4	80.78	23.35	58.31	44.69	63.82	17.0	55.07	57.04	64.56
19	5.1	50.22	97.08	84.15	59.68	20.52	58.52	44.28	11.18	45.45	50.8	26.4	29.53	84.12	61.0	60.14	27.86	72.8	64.0	0.0	19.03	48.38	38.48	80.41	67.91	15.81	42.2	39.2	17.2	30.59	88.87	34.37	44.72	87.62	4.12	66.0	78.11	50.16	73.39	55.73	39.82	46.75	19.0	67.68	84.5	40.31	86.01	57.63	59.51	56.72	43.38	19.8	10.05	19.03	26.4	50.36	57.01	54.23	45.18	10.77	49.52	30.02	58.8	70.34	53.6	57.71	42.3	49.65	8.49	41.73	38.9	57.97	31.38	87.21	18.11
20	20.88	58.31	88.64	80.62	40.79	13.6	56.01	51.0	9.85	34.0	38.01	11.18	27.46	68.6	42.2	50.09	28.46	71.01	67.72	19.03	0.0	47.17	21.93	76.66	75.59	19.8	30.02	42.72	12.08	33.62	79.18	16.16	28.32	78.26	23.0	69.64	86.95	31.4	56.36	37.36	52.35	35.78	1.0	67.12	74.71	53.08	81.39	49.04	70.43	38.33	28.28	13.93	21.93	25.46	44.15	31.4	44.41	35.23	48.38	29.43	39.92	27.29	47.17	78.29	34.71	58.86	23.35	48.09	25.96	32.57	22.2	57.14	18.79	77.03	3.16
21	44.01	26.17	52.5	35.85	70.43	60.0	10.3	20.1	51.24	26.25	30.53	57.71	20.02	59.3	72.62	26.08	20.62	24.52	23.43	48.38	47.17	0.0	65.15	32.2	36.89	61.81	28.32	13.04	36.01	18.36	47.01	45.19	70.58	45.28	50.7	25.0	48.83	54.67	57.94	54.49	35.74	25.0	46.17	20.0	43.38	36.69	38.08	21.02	40.79	55.23	36.12	60.01	58.24	66.49	69.07	62.68	31.95	64.2	11.05	48.88	21.47	20.0	29.83	39.66	66.03	12.53	57.71	1.41	45.18	21.26	40.5	10.0	32.31	46.52	44.1
22	41.68	79.63	98.06	95.19	25.0	20.1	72.57	72.11	27.31	45.0	46.39	12.08	46.96	68.24	25.5	60.3	48.88	87.3	87.32	38.48	21.93	65.15	0.0	91.2	96.57	30.02	41.01	63.13	33.42	54.38	87.56	21.02	6.4	87.1	41.79	89.16	108.17	25.0	53.26	32.02	74.28	47.0	22.63	84.4	83.2	75.01	95.01	61.01	92.2	32.65	35.23	21.1	36.5	34.13	59.21	18.03	51.97	21.95	68.43	49.24	52.01	46.52	55.73	99.32	19.7	77.49	13.04	65.8	46.53	46.39	28.07	74.73	32.98	84.9	24.76
23	76.16	47.71	26.48	4.0	89.2	90.09	21.93	46.01	82.23	46.39	46.57	86.15	51.24	57.01	91.42	33.24	52.55	10.3	31.02	80.41	76.66	32.2	91.2	0.0	45.89	93.15	50.25	43.83	66.71	50.54	27.66	70.18	95.63	25.71	82.86	30.36	54.01	74.04	64.03	70.94	62.48	44.41	75.66	16.64	26.93	63.25	6.4	30.81	57.94	71.31	56.89	90.26	90.14	98.08	101.02	83.68	43.08	83.82	39.05	81.01	39.32	50.96	39.0	47.52	86.4	26.91	81.05	30.87	77.37	45.0	63.51	23.6	59.03	29.41	73.82
24	62.82	17.72	72.37	46.84	106.07	85.8	37.64	24.6	75.61	63.01	67.42	86.77	50.0	93.68	108.19	61.1	47.71	36.22	16.12	67.91	75.59	36.89	96.57	45.89	0.0	83.68	64.66	33.6	63.53	42.19	72.06	78.87	102.63	70.06	68.07	16.0	12.04	90.55	94.37	91.05	31.14	61.85	74.71	31.0	70.01	31.26	51.66	56.08	15.0	91.83	72.35	85.44	77.47	86.68	77.41	97.67	68.43	99.7	29.0	62.29	58.31	50.61	65.8	2.83	101.18	26.57	91.68	37.22	60.83	57.63	75.66	32.57	65.95	73.0	72.47
25	20.88	65.97	107.35	97.02	54.33	10.05	71.59	59.84	11.18	53.25	57.63	19.42	41.98	88.24	55.15	69.12	41.3	86.31	79.16	15.81	19.8	61.81	30.02	93.15	83.68	0.0	49.41	54.01	26.57	45.01	98.27	35.23	35.36	97.25	16.64	81.15	93.92	48.85	75.47	55.46	55.46	54.92	20.52	81.61	93.81	55.9	98.37	67.54	75.24	56.36	48.08	9.06	7.81	5.66	29.27	45.89	64.03	50.01	60.01	24.21	58.67	42.2	66.61	86.13	48.51	72.11	38.33	62.97	23.71	51.0	41.87	71.7	38.01	96.25	21.4
26	40.31	51.0	58.87	54.23	42.2	43.38	33.11	43.38	38.42	4.12	8.6	37.36	20.02	42.72	44.41	20.25	24.02	47.13	51.74	42.2	30.02	28.32	41.01	50.25	64.66	49.41	0.0	33.11	25.0	28.44	49.19	20.0	45.4	48.33	46.04	53.26	76.69	26.4	35.0	26.4	53.94	6.08	29.15	45.19	44.72	54.92	54.0	20.1	65.74	27.2	7.81	43.83	49.5	55.0	68.26	34.89	14.87	36.06	36.06	48.75	11.0	19.03	17.2	67.48	38.08	40.61	31.05	28.43	44.28	7.07	13.34	36.36	11.4	47.01	28.02
27	34.37	18.03	65.44	47.17	73.0	54.13	22.63	10.3	44.41	32.57	38.08	53.85	16.4	70.01	75.07	37.34	14.32	34.89	25.32	39.2	42.72	13.04	63.13	43.83	33.6	54.01	33.11	0.0	30.68	9.22	60.03	45.34	69.12	58.31	40.79	27.29	45.45	57.8	66.49	59.17	23.35	32.02	41.79	29.15	56.36	24.33	50.0	32.56	32.65	60.03	40.31	53.94	49.25	58.08	57.31	64.35	41.19	66.6	6.0	37.7	30.15	17.03	40.0	36.4	67.9	18.68	58.14	14.42	34.48	26.57	42.64	20.25	32.53	59.48	39.56
28	15.81	46.32	81.12	70.61	48.85	24.02	45.4	38.95	15.52	28.32	33.6	23.26	16.0	67.08	50.57	43.42	16.49	60.3	55.79	17.2	12.08	36.01	33.42	66.71	63.53	26.57	25.0	30.68	0.0	21.54	72.42	20.62	39.7	71.28	21.1	57.72	74.95	36.5	57.01	41.01	41.4	29.7	11.18	56.01	68.01	42.2	71.84	41.34	58.8	42.01	26.57	24.0	25.0	31.78	43.42	39.4	39.82	42.72	36.4	24.74	32.8	16.03	41.73	66.24	42.95	47.27	31.76	37.05	20.4	25.0	23.09	46.01	14.32	70.6	8.94
29	25.96	25.5	70.01	54.13	65.8	44.91	28.65	17.8	35.23	29.02	35.0	44.78	8.94	68.73	67.8	37.7	5.66	42.38	34.53	30.59	33.62	18.36	54.38	50.54	42.19	45.01	28.44	9.22	21.54	0.0	63.41	37.54	60.46	61.85	32.57	36.5	53.82	51.11	63.2	53.31	25.5	29.02	32.7	37.11	59.41	26.48	56.44	33.54	39.2	54.23	34.79	44.72	40.61	49.25	50.8	56.85	39.32	59.41	15.13	30.53	28.64	9.85	39.05	44.94	60.44	27.17	50.21	19.72	26.83	23.0	35.85	27.51	25.24	62.43	30.46
30	85.7	69.92	11.05	28.79	78.06	92.57	38.63	65.92	87.13	45.18	41.79	86.16	60.11	34.13	80.1	29.15	62.97	36.01	56.22	88.87	79.18	47.01	87.56	27.66	72.06	98.27	49.19	60.03	72.42	63.41	0.0	67.68	90.43	2.0	92.2	56.08	81.15	65.28	45.88	60.01	82.35	43.42	78.29	41.11	4.47	83.26	24.17	31.24	82.38	60.0	52.81	93.02	97.42	103.77	113.14	75.24	35.74	74.03	57.27	92.63	39.66	59.41	32.31	74.01	77.06	48.51	75.31	45.65	88.39	47.43	60.08	43.01	60.42	3.16	77.03
31	35.0	62.94	77.88	74.17	28.65	26.87	51.92	55.15	26.0	24.02	25.96	18.87	29.0	53.15	30.53	39.62	31.89	66.49	68.1	34.37	16.16	45.19	21.02	70.18	78.87	35.23	20.0	45.34	20.62	37.54	67.68	0.0	25.71	67.05	38.47	69.84	90.79	16.03	40.31	21.38	60.9	26.02	15.81	63.89	63.25	61.77	74.0	40.05	76.69	22.36	14.87	27.59	38.08	40.8	60.17	19.42	31.95	22.36	50.0	44.01	31.0	28.32	35.44	81.69	23.02	57.7	12.81	45.69	40.01	25.5	7.62	54.42	13.04	65.19	16.28
32	48.02	85.8	101.12	99.61	21.95	25.71	77.62	78.24	33.54	49.25	50.01	18.36	52.84	68.96	21.93	64.01	54.92	92.2	93.04	44.72	28.32	70.58	6.4	95.63	102.63	35.36	45.4	69.12	39.7	60.46	90.43	25.71	0.0	90.09	47.93	94.85	114.28	26.0	53.54	32.65	80.66	51.24	29.0	89.56	86.15	81.39	99.18	65.12	98.49	33.12	39.01	26.68	42.2	39.01	64.63	17.2	55.23	20.52	74.3	55.46	56.32	52.35	59.14	105.39	17.69	83.01	15.13	71.17	52.84	51.2	32.14	80.01	38.28	87.66	31.11
33	84.39	68.01	11.05	26.93	78.16	91.71	36.77	64.08	86.09	44.28	41.11	85.44	58.73	35.23	80.22	28.18	61.52	34.01	54.23	87.62	78.26	45.28	87.1	25.71	70.06	97.25	48.33	58.31	71.28	61.85	2.0	67.05	90.09	0.0	90.91	54.08	79.16	65.12	46.49	60.01	80.53	42.49	77.37	39.12	4.0	81.44	22.36	30.0	80.41	60.03	52.2	92.14	96.26	102.73	111.73	75.11	35.17	74.0	55.46	91.22	38.59	58.05	31.62	72.01	77.01	46.57	74.97	43.91	87.0	46.32	59.48	41.11	59.48	4.24	76.06
34	6.71	50.49	100.21	86.54	63.51	23.02	60.93	45.01	14.56	49.2	54.64	29.73	32.45	88.12	64.78	63.64	30.41	74.95	65.12	4.12	23.0	50.7	41.79	82.86	68.07	16.64	46.04	40.79	21.1	32.57	92.2	38.47	47.93	90.91	0.0	67.12	77.88	54.23	77.49	59.84	39.0	50.45	23.02	69.64	87.86	39.4	88.57	60.96	58.87	60.83	47.42	22.2	9.49	18.68	22.36	54.23	60.8	58.14	46.69	7.81	53.04	33.02	62.48	70.41	57.43	59.44	46.17	52.0	7.28	45.28	43.01	60.08	35.36	90.61	22.2
35	61.01	20.25	56.75	31.78	95.43	81.39	22.83	22.56	71.7	50.93	54.56	80.65	42.38	78.43	97.62	46.53	41.23	20.4	2.0	66.0	69.64	25.0	89.16	30.36	16.0	81.15	53.26	27.29	57.72	36.5	56.08	69.84	94.85	54.08	67.12	0.0	26.25	79.65	80.26	79.21	36.36	49.5	68.68	15.0	54.01	36.89	36.4	41.68	27.73	79.91	61.07	81.22	76.01	85.01	80.65	87.66	54.64	89.2	21.38	62.8	45.34	42.72	51.62	18.11	91.02	12.73	82.49	24.84	60.3	46.23	65.46	18.03	56.82	57.0	66.48
36	73.05	28.65	80.22	54.23	118.09	96.66	48.85	36.06	86.41	75.0	79.32	98.11	61.85	104.68	120.21	72.5	59.41	45.18	26.93	78.11	86.95	48.83	108.17	54.01	12.04	93.92	76.69	45.45	74.95	53.82	81.15	90.79	114.28	79.16	77.88	26.25	0.0	102.59	106.0	103.08	39.46	73.82	86.09	40.79	79.51	39.32	59.21	67.54	20.0	103.86	84.39	96.25	87.36	96.57	85.01	109.66	80.13	111.72	41.01	71.59	70.18	62.48	77.37	9.22	113.17	38.01	103.59	49.09	70.6	69.66	87.68	43.86	77.9	82.39	83.86
37	51.01	75.8	76.16	77.88	15.81	39.36	59.17	68.01	41.0	29.15	27.51	30.02	42.19	43.27	18.03	41.0	45.65	72.5	78.1	50.16	31.4	54.67	25.0	74.04	90.55	48.85	26.4	57.8	36.5	51.11	65.28	16.03	26.0	65.12	54.23	79.65	102.59	0.0	28.32	7.07	75.64	30.89	31.26	71.2	61.13	76.56	76.69	43.32	90.14	7.81	18.6	40.25	52.89	54.13	75.5	10.0	31.4	9.85	61.62	60.0	35.78	41.34	35.51	93.38	12.37	67.01	12.04	54.82	56.04	33.42	15.26	62.68	25.94	62.39	32.06
38	72.8	83.52	56.75	67.2	35.44	66.61	57.45	76.4	66.19	34.23	28.44	57.63	55.01	15.81	37.11	33.84	59.01	66.53	79.26	73.39	56.36	57.94	53.26	64.03	94.37	75.47	35.0	66.49	57.01	63.2	45.88	40.31	53.54	46.49	77.49	80.26	106.0	28.32	0.0	21.26	88.57	34.53	55.9	67.8	42.72	89.56	64.35	38.59	98.37	20.62	30.59	67.42	78.26	80.99	99.72	36.36	26.0	33.54	68.01	81.74	36.69	54.01	28.65	97.05	36.67	68.0	40.36	57.38	77.37	40.31	34.54	62.27	42.95	42.72	55.95
39	56.14	77.18	71.0	74.67	18.44	46.14	57.8	69.46	47.13	28.28	25.24	36.89	44.38	36.36	20.62	37.7	48.1	70.33	77.78	55.73	37.36	54.49	32.02	70.94	91.05	55.46	26.4	59.17	41.01	53.31	60.01	21.38	32.65	60.01	59.84	79.21	103.08	7.07	21.26	0.0	78.43	29.73	37.11	69.63	56.01	79.38	73.08	40.71	91.79	1.0	18.87	47.01	59.14	60.83	81.49	15.81	27.86	14.04	62.43	65.19	34.21	43.46	31.95	93.86	17.12	66.48	19.1	54.45	61.07	33.42	18.25	61.72	28.86	57.04	37.66
40	34.99	16.12	86.61	65.12	89.55	59.64	43.83	16.64	49.41	54.33	60.21	62.97	34.21	93.13	91.42	60.67	30.36	52.4	34.67	39.82	52.35	35.74	74.28	62.48	31.14	55.46	53.94	23.35	41.4	25.5	82.35	60.9	80.66	80.53	39.0	36.36	39.46	75.64	88.57	78.43	0.0	54.15	51.66	46.01	78.92	1.0	68.88	55.9	19.92	79.38	60.17	59.08	48.47	57.58	46.27	80.26	64.0	83.24	25.08	32.28	53.01	35.17	63.13	33.02	83.86	35.61	72.95	37.0	31.78	48.26	60.54	39.96	49.77	82.08	49.58
41	44.41	49.4	52.92	48.37	46.65	49.24	28.3	42.06	43.83	2.0	6.08	43.42	21.59	40.02	48.88	14.32	25.5	41.79	48.1	46.75	35.78	25.0	47.0	44.41	61.85	54.92	6.08	32.02	29.7	29.02	43.42	26.02	51.24	42.49	50.45	49.5	73.82	30.89	34.53	29.73	54.15	0.0	34.89	40.31	38.95	55.15	48.01	14.04	64.26	30.41	12.65	49.66	54.56	60.46	72.42	39.92	10.77	40.71	34.01	52.48	5.1	20.62	12.04	64.64	42.95	36.77	36.67	24.84	48.02	6.08	19.1	32.02	17.0	41.34	33.62
42	20.62	57.45	87.73	79.63	41.0	14.56	55.01	50.12	10.3	33.12	37.2	12.08	26.48	68.01	42.45	49.19	27.51	70.01	66.76	19.0	1.0	46.17	22.63	75.66	74.71	20.52	29.15	41.79	11.18	32.7	78.29	15.81	29.0	77.37	23.02	68.68	86.09	31.26	55.9	37.11	51.66	34.89	0.0	66.12	73.82	52.4	80.41	48.1	69.66	38.08	27.59	14.87	22.36	26.17	44.38	31.58	43.6	35.36	47.43	29.27	39.0	26.31	46.32	77.41	34.93	57.87	23.54	47.1	25.71	31.62	21.63	56.14	17.89	76.16	2.24
43	63.06	31.06	42.38	19.1	86.95	80.0	12.08	29.73	71.18	42.06	44.41	77.52	40.01	64.47	89.19	34.06	40.31	6.4	15.13	67.68	67.12	20.0	84.4	16.64	31.0	81.61	45.19	29.15	56.01	37.11	41.11	63.89	89.56	39.12	69.64	15.0	40.79	71.2	67.8	69.63	46.01	40.31	66.12	0.0	39.01	46.75	23.02	29.7	41.76	70.21	52.77	80.01	77.67	86.15	86.31	80.06	43.14	81.01	23.71	66.85	35.51	40.0	39.62	33.06	83.19	10.82	75.96	19.03	63.57	38.63	58.31	10.0	51.42	42.0	64.07
44	81.39	66.94	15.03	28.65	74.17	88.1	35.44	62.63	82.68	40.71	37.34	81.71	55.87	32.02	76.24	24.7	58.8	34.37	54.01	84.5	74.71	43.38	83.2	26.93	70.01	93.81	44.72	56.36	68.01	59.41	4.47	63.25	86.15	4.0	87.86	54.01	79.51	61.13	42.72	56.01	78.92	38.95	73.82	39.01	0.0	79.85	24.41	26.91	79.76	56.04	48.38	88.55	93.01	99.32	108.9	71.11	31.32	70.0	53.85	88.41	35.23	55.15	27.86	72.06	73.01	45.71	71.02	42.05	84.15	43.01	55.66	40.02	55.95	3.16	72.56
45	35.51	16.64	87.46	65.86	90.43	60.22	44.72	17.49	50.0	55.33	61.2	63.66	35.17	94.13	92.28	61.66	31.32	53.15	35.23	40.31	53.08	36.69	75.01	63.25	31.26	55.9	54.92	24.33	42.2	26.48	83.26	61.77	81.39	81.44	39.4	36.89	39.32	76.56	89.56	79.38	1.0	55.15	52.4	46.75	79.85	0.0	69.66	56.89	19.65	80.32	61.13	59.64	48.85	57.94	46.17	81.12	65.0	84.12	26.0	32.57	54.01	36.14	64.12	33.06	84.72	36.4	73.78	37.95	32.2	49.25	61.47	40.82	50.7	83.01	50.33
46	81.86	54.08	21.02	5.0	91.48	94.92	27.78	52.4	87.36	50.01	49.5	90.55	56.65	55.87	93.68	35.69	58.18	16.64	37.16	86.01	81.39	38.08	95.01	6.4	51.66	98.37	54.0	50.0	71.84	56.44	24.17	74.0	99.18	22.36	88.57	36.4	59.21	76.69	64.35	73.08	68.88	48.01	80.41	23.02	24.41	69.66	0.0	34.06	64.08	73.38	60.21	95.13	95.63	103.41	107.07	86.49	45.35	86.35	45.34	86.95	43.0	56.3	41.23	53.15	89.05	33.3	84.38	36.72	83.24	49.25	67.07	29.83	63.39	26.42	78.64
47	54.49	47.17	39.82	34.71	58.69	62.63	18.87	41.01	56.36	16.03	15.81	57.27	29.07	38.33	60.93	5.1	32.2	29.68	40.71	57.63	49.04	21.02	61.01	30.81	56.08	67.54	20.1	32.56	41.34	33.54	31.24	40.05	65.12	30.0	60.96	41.68	67.54	43.32	38.59	40.71	55.9	14.04	48.1	29.7	26.91	56.89	34.06	0.0	61.66	41.18	26.17	62.97	66.29	72.95	82.07	52.89	13.45	53.14	32.0	61.62	9.22	28.32	10.0	58.69	55.66	29.55	50.36	20.1	57.31	16.55	33.02	23.71	30.36	29.7	46.62
48	54.56	14.87	84.12	59.51	105.0	78.89	45.01	22.36	68.6	65.0	70.23	81.4	48.01	99.98	107.0	66.75	44.82	47.76	26.93	59.51	70.43	40.79	92.2	57.94	15.0	75.24	65.74	32.65	58.8	39.2	82.38	76.69	98.49	80.41	58.87	27.73	20.0	90.14	98.37	91.79	19.92	64.26	69.66	41.76	79.76	19.65	64.08	61.66	0.0	92.66	72.95	78.39	68.35	77.49	65.01	96.05	72.53	98.6	30.36	52.2	61.68	48.83	70.61	15.65	99.64	34.13	89.27	41.59	51.62	59.09	74.89	40.05	64.4	82.87	67.48
49	57.14	78.03	71.01	75.03	18.25	47.01	58.41	70.33	48.08	29.0	25.81	37.74	45.31	35.85	20.4	38.08	49.04	70.83	78.49	56.72	38.33	55.23	32.65	71.31	91.83	56.36	27.2	60.03	42.01	54.23	60.0	22.36	33.12	60.03	60.83	79.91	103.86	7.81	20.62	1.0	79.38	30.41	38.08	70.21	56.04	80.32	73.38	41.18	92.66	0.0	19.72	47.89	60.08	61.72	82.46	16.16	28.23	14.14	63.25	66.19	34.83	44.38	32.31	94.64	17.26	67.18	19.8	55.17	62.07	34.21	19.24	62.37	29.83	57.01	38.64
50	42.38	58.31	63.06	60.83	34.41	40.8	40.71	50.61	37.64	10.77	11.18	33.54	25.96	40.82	36.62	25.08	29.83	54.42	59.55	43.38	28.28	36.12	35.23	56.89	72.35	48.08	7.81	40.31	26.57	34.79	52.81	14.87	39.01	52.2	47.42	61.07	84.39	18.6	30.59	18.87	60.17	12.65	27.59	52.77	48.38	61.13	60.21	26.17	72.95	19.72	0.0	41.4	49.41	53.74	69.78	27.31	17.09	28.3	43.6	51.24	17.72	25.0	20.62	75.17	30.41	48.41	24.19	36.24	46.84	14.87	7.28	44.1	12.37	50.33	27.02
51	24.21	67.78	102.55	94.2	45.28	1.0	69.26	61.03	9.85	47.85	51.62	10.44	40.0	80.72	46.1	63.98	40.2	84.21	79.25	19.8	13.93	60.01	21.1	90.26	85.44	9.06	43.83	53.94	24.0	44.72	93.02	27.59	26.68	92.14	22.2	81.22	96.25	40.25	67.42	47.01	59.08	49.66	14.87	80.01	88.55	59.64	95.13	62.97	78.39	47.89	41.4	0.0	15.52	13.93	38.12	36.88	57.98	41.0	59.84	30.0	53.85	40.01	60.9	88.02	39.46	71.18	29.41	61.03	28.28	46.49	34.71	70.01	32.7	90.82	16.49
52	15.0	59.84	106.0	93.92	60.01	16.49	68.31	54.15	12.08	53.08	58.0	25.02	39.0	90.14	61.01	68.41	37.64	82.71	74.01	10.05	21.93	58.24	36.5	90.14	77.47	7.81	49.5	49.25	25.0	40.61	97.42	38.08	42.2	96.26	9.49	76.01	87.36	52.89	78.26	59.14	48.47	54.56	22.36	77.67	93.01	48.85	95.63	66.29	68.35	60.08	49.41	15.52	0.0	9.22	23.02	51.16	64.35	55.23	55.23	16.64	57.8	39.4	66.53	79.83	54.04	67.74	43.29	59.48	16.76	50.0	43.91	67.91	38.21	95.6	22.47
53	24.08	69.05	112.77	101.92	58.86	14.87	76.4	63.29	16.64	58.82	63.25	24.35	46.84	93.86	59.54	74.63	45.89	91.01	83.01	19.03	25.46	66.49	34.13	98.08	86.68	5.66	55.0	58.08	31.78	49.25	103.77	40.8	39.01	102.73	18.68	85.01	96.57	54.13	80.99	60.83	57.58	60.46	26.17	86.15	99.32	57.94	103.41	72.95	77.49	61.72	53.74	13.93	9.22	0.0	26.25	50.7	69.66	54.82	64.07	25.5	64.14	47.13	72.2	89.05	53.15	76.42	43.32	67.68	25.96	56.44	47.51	76.3	43.6	101.79	27.02
54	28.02	61.39	120.51	104.45	83.02	39.12	79.32	58.19	34.53	71.28	76.85	48.0	53.04	110.48	84.0	85.15	50.25	92.18	78.75	26.4	44.15	69.07	59.21	101.02	77.41	29.27	68.26	57.31	43.42	50.8	113.14	60.17	64.63	111.73	22.36	80.65	85.01	75.5	99.72	81.49	46.27	72.42	44.38	86.31	108.9	46.17	107.07	82.07	65.01	82.46	69.78	38.12	23.02	26.25	0.0	74.17	82.93	78.23	62.61	20.52	74.65	53.76	84.4	79.23	77.06	75.58	66.27	70.46	24.76	67.01	65.19	77.52	57.71	111.76	43.97
55	52.17	82.13	86.15	87.56	9.49	35.9	67.98	74.33	40.01	38.08	37.11	26.48	48.17	51.88	11.18	50.8	51.22	81.71	86.02	50.36	31.4	62.68	18.03	83.68	97.67	45.89	34.89	64.35	39.4	56.85	75.24	19.42	17.2	75.11	54.23	87.66	109.66	10.0	36.36	15.81	80.26	39.92	31.58	80.06	71.11	81.12	86.49	52.89	96.05	16.16	27.31	36.88	51.16	50.7	74.17	0.0	41.3	4.12	68.68	60.83	44.94	47.42	45.4	100.5	3.61	75.17	8.06	62.97	57.27	41.68	22.2	71.2	31.83	72.34	32.98
56	54.92	57.72	46.1	46.82	46.17	57.45	32.02	50.8	53.15	11.66	6.4	50.57	32.28	29.43	48.38	9.85	36.14	43.01	53.54	57.01	44.41	31.95	51.97	43.08	68.43	64.03	14.87	41.19	39.82	39.32	35.74	31.95	55.23	35.17	60.8	54.64	80.13	31.4	26.0	27.86	64.0	10.77	43.6	43.14	31.32	65.0	45.35	13.45	72.53	28.23	17.09	57.98	64.35	69.66	82.93	41.3	0.0	41.0	42.2	63.13	11.05	31.32	4.12	71.12	43.74	42.19	40.11	31.38	58.67	16.76	24.35	36.62	26.17	33.24	42.64
57	55.9	84.5	85.01	87.64	6.4	40.02	68.96	76.69	44.0	38.95	37.34	30.59	50.61	49.24	8.49	50.7	53.82	82.35	87.62	54.23	35.23	64.2	21.95	83.82	99.7	50.01	36.06	66.6	42.72	59.41	74.03	22.36	20.52	74.0	58.14	89.2	111.72	9.85	33.54	14.04	83.24	40.71	35.36	81.01	70.0	84.12	86.35	53.14	98.6	14.14	28.3	41.0	55.23	54.82	78.23	4.12	41.0	0.0	70.71	64.63	45.62	49.82	45.12	102.53	3.16	76.61	12.0	64.4	61.0	43.01	24.04	72.4	34.21	71.06	36.67
58	40.31	15.52	61.85	42.2	77.08	60.02	18.87	9.06	50.36	34.89	39.92	59.46	21.47	70.18	79.2	37.01	19.92	29.68	19.42	45.18	48.38	11.05	68.43	39.05	29.0	60.01	36.06	6.0	36.4	15.13	57.27	50.0	74.3	55.46	46.69	21.38	41.01	61.62	68.01	62.43	25.08	34.01	47.43	23.71	53.85	26.0	45.34	32.0	30.36	63.25	43.6	59.84	55.23	64.07	62.61	68.68	42.2	70.71	0.0	43.32	31.32	21.95	40.45	31.83	72.18	13.0	62.8	12.17	40.26	29.15	46.67	15.56	37.01	57.01	45.22
59	9.06	45.01	100.0	84.53	70.21	30.81	59.17	40.31	21.93	51.48	57.25	37.16	32.56	91.39	71.59	64.82	29.73	72.5	60.83	10.77	29.43	48.88	49.24	81.01	62.29	24.21	48.75	37.7	24.74	30.53	92.63	44.01	55.46	91.22	7.81	62.8	71.59	60.0	81.74	65.19	32.28	52.48	29.27	66.85	88.41	32.57	86.95	61.62	52.2	66.19	51.24	30.0	16.64	25.5	20.52	60.83	63.13	64.63	43.32	0.0	54.41	33.3	64.35	64.5	64.13	56.3	52.77	50.25	4.47	46.87	47.68	57.7	38.9	91.29	28.07
60	46.75	46.84	48.75	43.29	51.48	53.49	23.6	39.81	47.51	7.07	9.22	48.05	22.36	40.2	53.71	10.63	26.0	36.77	44.05	49.52	39.92	21.47	52.01	39.32	58.31	58.67	11.0	30.15	32.8	28.64	39.66	31.0	56.32	38.59	53.04	45.34	70.18	35.78	36.69	34.21	53.01	5.1	39.0	35.51	35.23	54.01	43.0	9.22	61.68	34.83	17.72	53.85	57.8	64.14	74.65	44.94	11.05	45.62	31.32	54.41	0.0	21.47	10.44	61.06	47.93	32.65	41.77	21.1	50.0	7.81	24.19	27.59	21.19	37.8	37.58
61	26.4	34.71	67.2	54.82	56.22	40.0	29.43	26.91	31.4	20.22	26.31	38.08	1.0	60.64	58.26	31.62	5.0	44.28	40.85	30.02	27.29	20.0	46.52	50.96	50.61	42.2	19.03	17.03	16.03	9.85	59.41	28.32	52.35	58.05	33.02	42.72	62.48	41.34	54.01	43.46	35.17	20.62	26.31	40.0	55.15	36.14	56.3	28.32	48.83	44.38	25.0	40.01	39.4	47.13	53.76	47.42	31.32	49.82	21.95	33.3	21.47	0.0	31.78	53.41	50.99	31.58	41.11	21.02	29.0	14.56	26.08	30.0	15.62	58.0	24.19
62	56.4	55.9	42.45	42.72	50.29	60.42	28.84	49.25	55.61	13.45	9.49	53.85	32.7	30.02	52.5	5.83	36.4	39.2	50.61	58.8	47.17	29.83	55.73	39.0	65.8	66.61	17.2	40.0	41.73	39.05	32.31	35.44	59.14	31.62	62.48	51.62	77.37	35.51	28.65	31.95	63.13	12.04	46.32	39.62	27.86	64.12	41.23	10.0	70.61	32.31	20.62	60.9	66.53	72.2	84.4	45.4	4.12	45.12	40.45	64.35	10.44	31.78	0.0	68.45	47.85	39.36	44.05	29.12	59.91	17.49	27.89	33.62	28.6	29.97	45.22
63	65.25	20.25	73.98	48.27	108.89	88.39	40.16	27.29	78.19	65.8	70.18	89.47	52.8	96.17	111.02	63.69	50.48	38.05	18.44	70.34	78.29	39.66	99.32	47.52	2.83	86.13	67.48	36.4	66.24	44.94	74.01	81.69	105.39	72.01	70.41	18.11	9.22	93.38	97.05	93.86	33.02	64.64	77.41	33.06	72.06	33.06	53.15	58.69	15.65	94.64	75.17	88.02	79.83	89.05	79.23	100.5	71.12	102.53	31.83	64.5	61.06	53.41	68.45	0.0	104.0	29.15	94.49	39.96	63.15	60.44	78.49	35.11	68.77	75.03	75.18
64	55.54	85.7	88.02	90.25	6.08	38.47	71.12	77.9	43.1	41.15	39.85	29.15	51.74	52.39	7.62	53.37	54.82	84.69	89.4	53.6	34.71	66.03	19.7	86.4	101.18	48.51	38.08	67.9	42.95	60.44	77.06	23.02	17.69	77.01	57.43	91.02	113.17	12.37	36.67	17.12	83.86	42.95	34.93	83.19	73.01	84.72	89.05	55.66	99.64	17.26	30.41	39.46	54.04	53.15	77.06	3.61	43.74	3.16	72.18	64.13	47.93	50.99	47.85	104.0	0.0	78.49	11.4	66.29	60.64	44.94	25.61	74.43	35.38	74.11	36.4
