vehicles
vehicle_idx, capacity, cost_per_unit_distance
1,100,3
2,100,3
3,100,3
4,100,3
5,100,3
6,100,3
7,100,3
8,100,3
9,100,3
depot
node_idx,x,y
0,97,33
home delivery customers
node_idx,x,y,service_time,demand
1,57,81,10,10
2,29,37,10,23
3,93,37,10,17
4,67,65,10,18
5,67,15,10,8
6,29,1,10,4
7,87,95,10,23
8,39,45,10,8
9,45,7,10,26
10,35,93,10,5
11,59,91,10,21
12,49,65,10,8
13,37,41,10,12
14,5,71,10,3
15,37,47,10,8
16,71,51,10,8
17,65,43,10,19
18,13,57,10,26
19,57,55,10,8
20,25,55,10,5
21,53,11,10,12
self pickup customers
node_idx,x,y,service_time,demand,locker_idxs
22,55,57,10,23,75-66-65
23,5,91,10,1,68-65-66
24,25,11,10,4,71-67
25,47,37,10,2,69-67
26,71,57,10,13,72-74-66-64
27,59,79,10,18,72-66-65
28,51,41,10,16,69-71-67
29,85,51,10,16,68-64-66
30,83,51,10,23,69-64-66
31,21,55,10,5,68-65-67
32,69,43,10,26,71-64-66
33,37,95,10,8,74-65-66
34,81,17,10,3,71-64
35,59,33,10,17,71-67
36,63,87,10,7,72-66
37,25,63,10,19,70-65-66
38,47,43,10,24,70-67
39,21,33,10,22,70-67
40,83,9,10,18,76-64-67
41,9,35,10,15,70-67
42,51,49,10,54,72-66
flexible customers
node_idx,x,y,service_time,demand,locker_idxs
43,1,33,10,15,76-67-65
44,21,39,10,24,70-67
45,87,25,10,5,69-64
46,71,89,10,9,72-66
47,45,79,10,23,70-76-74-72-66-65
48,93,83,10,16,72-66
49,47,41,10,26,70-74-69-71-76-68-73-75-67
50,23,93,10,4,72-65
51,47,79,10,2,70-74-76-72-66
52,51,21,10,8,71-69-73-75-67
53,83,73,10,19,72-66-64
54,17,71,10,16,70-65
55,5,71,10,2,71-65-67
56,21,77,10,5,70-65-66
57,21,17,10,4,72-67-65
58,9,7,10,12,70-67
59,77,9,10,5,71-64-67
60,27,59,10,9,74-76-70-68-65
61,63,69,10,19,70-72-74-76-68-66
62,33,3,10,11,69-67-64
63,9,23,10,8,68-67
lockers
node_idx,x,y,service_time,capacity,cost_per_unit_good
64,93,12,10,89
65,22,88,10,96
66,65,88,10,96
67,25,15,10,95
68,46,52,10,90
69,51,22,10,80
70,37,65,10,83
71,57,25,10,75
72,60,69,10,96
73,52,29,10,73
74,50,61,10,74
75,52,31,10,86
76,49,56,10,70
mrt lines
start_node_idx,end_node_idx,freight_capacity,cost_per_unit_good
64,65,96,0.5
65,64,96,0.5
66,67,96,0.5
67,66,96,0.5
distance matrix
,0,1,2,3,4,5,6,7,8,9,10,11,12,13,14,15,16,17,18,19,20,21,22,23,24,25,26,27,28,29,30,31,32,33,34,35,36,37,38,39,40,41,42,43,44,45,46,47,48,49,50,51,52,53,54,55,56,57,58,59,60,61,62,63,64,65,66,67,68,69,70,71,72,73,74,75,76,
0,0.0,62.48,68.12,5.66,43.86,34.99,75.15,62.8,59.23,58.14,86.28,69.34,57.69,60.53,99.54,61.61,31.62,33.53,87.36,45.65,75.29,49.19,48.37,108.76,75.29,50.16,35.38,59.67,46.69,21.63,22.8,79.12,29.73,86.28,22.63,38.0,63.81,78.0,50.99,76.0,27.78,88.02,48.7,96.0,76.24,12.81,61.74,69.43,50.16,50.64,95.27,67.94,47.54,42.38,88.57,99.54,87.82,77.67,91.76,31.24,74.67,49.52,70.68,88.57,21.38,93.01,63.63,74.22,54.42,47.3,68.0,40.79,51.62,45.18,54.71,45.04,53.23
1,62.48,0.0,52.15,56.85,18.87,66.75,84.76,33.11,40.25,74.97,25.06,10.2,17.89,44.72,52.95,39.45,33.11,38.83,50.12,26.0,41.23,70.11,24.08,52.95,76.97,45.12,27.78,2.83,40.45,41.04,39.7,44.41,39.85,24.41,68.35,48.04,8.49,36.72,39.29,60.0,76.55,66.48,32.56,73.76,55.32,63.53,16.12,12.17,36.06,41.23,36.06,10.2,60.3,27.2,41.23,52.95,36.22,73.43,88.2,74.73,37.2,13.42,81.61,75.29,77.83,35.69,10.63,73.35,31.02,59.3,25.61,56.0,12.37,52.24,21.19,50.25,26.25
2,68.12,52.15,0.0,64.0,47.2,43.91,36.0,82.02,12.81,34.0,56.32,61.77,34.41,8.94,41.62,12.81,44.27,36.5,25.61,33.29,18.44,35.38,32.8,59.09,26.31,18.0,46.52,51.61,22.36,57.72,55.79,19.7,40.45,58.55,55.71,30.27,60.46,26.31,18.97,8.94,60.83,20.1,25.06,28.28,8.25,59.23,66.84,44.94,78.82,18.44,56.32,45.69,27.2,64.9,36.06,41.62,40.79,21.54,36.06,55.57,22.09,46.69,34.23,24.41,68.71,51.48,62.43,22.36,22.67,26.63,29.12,30.46,44.55,24.35,31.89,23.77,27.59
3,5.66,56.85,64.0,0.0,38.21,34.06,73.43,58.31,54.59,56.6,80.62,63.81,52.15,56.14,94.34,56.89,26.08,28.64,82.46,40.25,70.34,47.71,42.94,103.25,72.8,46.0,29.73,54.04,42.19,16.12,17.2,74.22,24.74,80.62,23.32,34.23,58.31,72.8,46.39,72.11,29.73,84.02,43.68,92.09,72.03,13.42,56.46,63.78,46.0,46.17,89.64,62.29,44.94,37.36,83.26,94.34,82.37,74.73,89.2,32.25,69.57,43.86,68.96,85.16,25.0,87.42,58.18,71.47,49.34,44.6,62.61,37.95,45.97,41.77,49.24,41.44,47.93
4,43.86,18.87,47.2,38.21,0.0,50.0,74.43,36.06,34.41,62.03,42.52,27.2,18.0,38.42,62.29,34.99,14.56,22.09,54.59,14.14,43.17,55.79,14.42,67.23,68.41,34.41,8.94,16.12,28.84,22.8,21.26,47.07,22.09,42.43,50.0,32.98,22.36,42.05,29.73,56.04,58.24,65.3,22.63,73.35,52.84,44.72,24.33,26.08,31.62,31.24,52.15,24.41,46.82,17.89,50.36,62.29,47.54,66.48,82.02,56.89,40.45,5.66,70.71,71.61,59.03,50.54,23.09,65.3,24.7,45.88,30.0,41.23,8.06,39.0,17.46,37.16,20.12
5,34.99,66.75,43.91,34.06,50.0,0.0,40.5,82.46,41.04,23.41,84.31,76.42,53.14,39.7,83.55,43.86,36.22,28.07,68.41,41.23,58.0,14.56,43.68,98.08,42.19,29.73,42.19,64.5,30.53,40.25,39.4,60.96,28.07,85.44,14.14,19.7,72.11,63.78,34.41,49.4,17.09,61.35,37.58,68.41,51.88,22.36,74.11,67.68,72.8,32.8,89.55,67.05,17.09,60.17,75.07,83.55,77.2,46.04,58.55,11.66,59.46,54.15,36.06,58.55,26.17,85.76,73.03,42.0,42.54,17.46,58.31,14.14,54.45,20.52,49.04,21.93,44.78
6,75.15,84.76,36.0,73.43,74.43,40.5,0.0,110.45,45.12,17.09,92.2,94.87,67.05,40.79,74.0,46.69,65.3,55.32,58.24,60.83,54.15,26.0,61.74,93.15,10.77,40.25,70.0,83.57,45.65,75.07,73.59,54.59,58.0,94.34,54.41,43.86,92.48,62.13,45.69,32.98,54.59,39.45,52.8,42.52,38.83,62.77,97.51,79.62,104.02,43.86,92.2,80.05,29.73,90.0,71.02,74.0,76.42,17.89,20.88,48.66,58.03,76.03,4.47,29.73,64.94,87.28,94.15,14.56,53.76,30.41,64.5,36.88,74.73,36.24,63.57,37.8,58.52
7,62.8,33.11,82.02,58.31,36.06,82.46,110.45,0.0,69.31,97.51,52.04,28.28,48.41,73.59,85.44,69.31,46.82,56.46,83.19,50.0,73.78,90.62,49.68,82.1,104.4,70.46,41.23,32.25,64.9,44.05,44.18,77.18,55.03,50.0,78.23,68.03,25.3,69.77,65.6,90.55,86.09,98.41,58.41,106.02,86.56,70.0,17.09,44.94,13.42,67.2,64.03,43.08,82.29,22.36,74.0,85.44,68.41,102.18,117.59,86.58,69.97,35.38,106.68,106.15,83.22,65.38,23.09,101.21,59.41,81.39,58.31,76.16,37.48,74.71,50.25,72.95,54.45
8,59.23,40.25,12.81,54.59,34.41,41.04,45.12,69.31,0.0,38.47,48.17,50.16,22.36,4.47,42.8,2.83,32.56,26.08,28.64,20.59,17.2,36.77,20.0,57.2,36.77,11.31,34.18,39.45,12.65,46.39,44.41,20.59,30.07,50.04,50.48,23.32,48.37,22.8,8.25,21.63,56.85,31.62,12.65,39.85,18.97,52.0,54.41,34.53,66.03,8.94,50.6,34.93,26.83,52.15,34.06,42.8,36.72,33.29,48.41,52.35,18.44,33.94,42.43,37.2,63.29,46.24,50.25,33.11,9.9,25.94,20.1,26.91,31.89,20.62,19.42,19.1,14.87
9,58.14,74.97,34.0,56.6,62.03,23.41,17.09,97.51,38.47,0.0,86.58,85.16,58.14,34.93,75.47,40.79,51.11,41.18,59.36,49.48,52.0,8.94,50.99,93.04,20.4,30.07,56.36,73.35,34.53,59.46,58.14,53.67,43.27,88.36,37.36,29.53,82.0,59.46,36.06,35.38,38.05,45.61,42.43,51.11,40.0,45.69,86.02,72.0,89.89,34.06,88.77,72.03,15.23,76.16,69.86,75.47,74.0,26.0,36.0,32.06,55.03,64.56,12.65,39.4,48.26,84.2,83.43,21.54,45.01,16.16,58.55,21.63,63.79,23.09,54.23,25.0,49.16
10,86.28,25.06,56.32,80.62,42.52,84.31,92.2,52.04,48.17,86.58,0.0,24.08,31.3,52.04,37.2,46.04,55.32,58.31,42.19,43.91,39.29,83.95,41.18,30.07,82.61,57.27,50.91,27.78,54.41,65.3,63.78,40.5,60.46,2.83,88.84,64.62,28.64,31.62,51.42,61.61,96.75,63.56,46.82,68.96,55.79,85.6,36.22,17.2,58.86,53.37,12.0,18.44,73.76,52.0,28.43,37.2,21.26,77.28,89.84,93.91,34.93,36.88,90.02,74.67,99.62,13.93,30.41,78.64,42.45,72.78,28.07,71.47,34.66,66.22,35.34,64.29,39.56
11,69.34,10.2,61.77,63.81,27.2,76.42,94.87,28.28,50.16,85.16,24.08,0.0,27.86,54.63,57.58,49.19,41.76,48.37,57.2,36.06,49.52,80.22,34.23,54.0,86.93,55.32,36.06,12.0,50.64,47.71,46.65,52.35,49.03,22.36,77.2,58.0,5.66,44.05,49.48,69.34,85.44,75.07,42.76,82.02,64.4,71.69,12.17,18.44,34.93,51.42,36.06,16.97,70.46,30.0,46.52,57.58,40.5,83.19,97.75,83.95,45.25,22.36,91.76,84.4,86.01,37.12,6.71,83.26,41.11,69.46,34.06,66.03,22.02,62.39,31.32,60.41,36.4
12,57.69,17.89,34.41,52.15,18.0,53.14,67.05,48.41,22.36,58.14,31.3,27.86,0.0,26.83,44.41,21.63,26.08,27.2,36.88,12.81,26.0,54.15,10.0,51.11,59.09,28.07,23.41,17.2,24.08,38.63,36.77,29.73,29.73,32.31,57.69,33.53,26.08,24.08,22.09,42.52,65.51,50.0,16.12,57.69,38.21,55.17,32.56,14.56,47.54,24.08,38.21,14.14,44.05,34.93,32.56,44.41,30.46,55.57,70.46,62.61,22.8,14.56,64.03,58.0,68.88,35.47,28.02,55.46,13.34,43.05,12.0,40.79,11.7,36.12,4.12,34.13,9.0
13,60.53,44.72,8.94,56.14,38.42,39.7,40.79,73.59,4.47,34.93,52.04,54.63,26.83,0.0,43.86,6.0,35.44,28.07,28.84,24.41,18.44,34.0,24.08,59.36,32.31,10.77,37.58,43.91,14.0,49.03,47.07,21.26,32.06,54.0,50.12,23.41,52.84,25.06,10.2,17.89,56.04,28.64,16.12,36.88,16.12,52.5,58.82,38.83,70.0,10.0,53.85,39.29,24.41,56.04,36.06,43.86,39.4,28.84,44.05,51.22,20.59,38.21,38.21,33.29,63.06,49.34,54.71,28.64,14.21,23.6,24.0,25.61,36.24,19.21,23.85,18.03,19.21
14,99.54,52.95,41.62,94.34,62.29,83.55,74.0,85.44,42.8,75.47,37.2,57.58,44.41,43.86,0.0,40.0,68.96,66.21,16.12,54.41,25.61,76.84,51.92,20.0,63.25,54.04,67.47,54.59,54.92,82.46,80.52,22.63,69.86,40.0,93.23,66.03,60.17,21.54,50.48,41.23,99.64,36.22,50.99,38.21,35.78,94.02,68.41,40.79,88.81,51.61,28.43,42.76,67.94,78.03,12.0,0.0,17.09,56.32,64.12,95.02,25.06,58.03,73.54,48.17,105.95,24.04,62.36,59.46,45.19,67.21,32.56,69.43,55.04,63.03,46.1,61.72,46.49
15,61.61,39.45,12.81,56.89,34.99,43.86,46.69,69.31,2.83,40.79,46.04,49.19,21.63,6.0,40.0,0.0,34.23,28.28,26.0,21.54,14.42,39.4,20.59,54.41,37.95,14.14,35.44,38.83,15.23,48.17,46.17,17.89,32.25,48.0,53.25,26.08,47.71,20.0,10.77,21.26,59.67,30.46,14.14,38.63,17.89,54.63,54.04,32.98,66.57,11.66,48.08,33.53,29.53,52.84,31.24,40.0,34.0,34.0,48.83,55.17,15.62,34.06,44.18,36.88,66.04,43.66,49.65,34.18,10.3,28.65,18.0,29.73,31.83,23.43,19.1,21.93,15.0
16,31.62,33.11,44.27,26.08,14.56,36.22,65.3,46.82,32.56,51.11,55.32,41.76,26.08,35.44,68.96,34.23,0.0,10.0,58.31,14.56,46.17,43.86,17.09,77.18,60.96,27.78,6.0,30.46,22.36,14.0,12.0,50.16,8.25,55.61,35.44,21.63,36.88,47.54,25.3,53.14,43.68,64.03,20.1,72.28,51.42,30.53,38.0,38.21,38.83,26.0,63.78,36.88,36.06,25.06,57.58,68.96,56.36,60.46,76.03,42.43,44.72,19.7,61.22,68.03,44.78,61.4,37.48,58.41,25.02,35.23,36.77,29.53,21.1,29.07,23.26,27.59,22.56
17,33.53,38.83,36.5,28.64,22.09,28.07,55.32,56.46,26.08,41.18,58.31,48.37,27.2,28.07,66.21,28.28,10.0,0.0,53.85,14.42,41.76,34.18,17.2,76.84,51.22,18.97,15.23,36.5,14.14,21.54,19.7,45.61,4.0,59.06,30.53,11.66,44.05,44.72,18.0,45.12,38.47,56.57,15.23,64.78,44.18,28.43,46.39,41.18,48.83,18.11,65.3,40.25,26.08,34.99,55.57,66.21,55.61,51.11,66.57,36.06,41.23,26.08,51.22,59.46,41.77,62.24,45.0,48.83,21.02,25.24,35.61,19.7,26.48,19.1,23.43,17.69,20.62
18,87.36,50.12,25.61,82.46,54.59,68.41,58.24,83.19,28.64,59.36,42.19,57.2,36.88,28.84,16.12,26.0,58.31,53.85,0.0,44.05,12.17,60.96,42.0,34.93,47.54,39.45,58.0,50.99,41.23,72.25,70.26,8.25,57.72,44.94,78.89,51.88,58.31,13.42,36.77,25.3,84.88,22.36,38.83,26.83,19.7,80.62,66.24,38.83,84.12,37.58,37.36,40.5,52.35,71.81,14.56,16.12,21.54,40.79,50.16,80.0,14.14,51.42,57.58,34.23,91.79,32.28,60.54,43.68,33.38,51.66,25.3,54.41,48.51,48.01,37.22,46.87,36.01
19,45.65,26.0,33.29,40.25,14.14,41.23,60.83,50.0,20.59,49.48,43.91,36.06,12.81,24.41,54.41,21.54,14.56,14.42,44.05,0.0,32.0,44.18,2.83,63.25,54.41,20.59,14.14,24.08,15.23,28.28,26.31,36.0,16.97,44.72,44.94,22.09,32.56,32.98,15.62,42.19,52.84,52.0,8.49,60.17,39.4,42.43,36.77,26.83,45.61,17.2,50.99,26.0,34.53,31.62,43.08,54.41,42.19,52.35,67.88,50.16,30.27,15.23,57.27,57.69,56.08,48.1,33.96,51.22,11.4,33.54,22.36,30.0,14.32,26.48,9.22,24.52,8.06
20,75.29,41.23,18.44,70.34,43.17,58.0,54.15,73.78,17.2,52.0,39.29,49.52,26.0,18.44,25.61,14.42,46.17,41.76,12.17,32.0,0.0,52.15,30.07,41.18,44.0,28.43,46.04,41.62,29.53,60.13,58.14,4.0,45.61,41.76,67.68,40.5,49.68,8.0,25.06,22.36,74.03,25.61,26.68,32.56,16.49,68.88,57.2,31.24,73.54,26.08,38.05,32.56,42.8,60.73,17.89,25.61,22.36,38.21,50.6,69.43,4.47,40.5,52.61,35.78,80.45,33.14,51.86,40.0,21.21,42.01,15.62,43.86,37.7,37.48,25.71,36.12,24.02
21,49.19,70.11,35.38,47.71,55.79,14.56,26.0,90.62,36.77,8.94,83.95,80.22,54.15,34.0,76.84,39.4,43.86,34.18,60.96,44.18,52.15,0.0,46.04,93.3,28.0,26.68,49.4,68.26,30.07,51.22,50.0,54.41,35.78,85.51,28.64,22.8,76.66,59.06,32.56,38.83,30.07,50.12,38.05,56.46,42.52,36.77,80.05,68.47,82.37,30.59,87.32,68.26,10.2,68.88,69.97,76.84,73.35,32.56,44.18,24.08,54.59,58.86,21.54,45.61,40.01,83.01,77.93,28.28,41.59,11.18,56.32,14.56,58.42,18.03,50.09,20.02,45.18
22,48.37,24.08,32.8,42.94,14.42,43.68,61.74,49.68,20.0,50.99,41.18,34.23,10.0,24.08,51.92,20.59,17.09,17.2,42.0,2.83,30.07,46.04,0.0,60.46,54.92,21.54,16.0,22.36,16.49,30.59,28.64,34.06,19.8,42.05,47.71,24.33,31.05,30.59,16.12,41.62,55.57,50.99,8.94,59.09,38.47,45.25,35.78,24.17,46.04,17.89,48.17,23.41,36.22,32.25,40.5,51.92,39.45,52.5,67.94,52.8,28.07,14.42,58.31,57.2,58.9,45.28,32.57,51.61,10.3,35.23,19.7,32.06,13.0,28.16,6.4,26.17,6.08
23,108.76,52.95,59.09,103.25,67.23,98.08,93.15,82.1,57.2,93.04,30.07,54.0,51.11,59.36,20.0,54.41,77.18,76.84,34.93,63.25,41.18,93.3,60.46,0.0,82.46,68.41,74.24,55.32,67.94,89.44,87.66,39.4,80.0,32.25,106.08,79.25,58.14,34.41,63.78,60.17,113.17,56.14,62.29,58.14,54.41,105.26,66.03,41.76,88.36,65.3,18.11,43.68,83.76,80.05,23.32,20.0,21.26,75.71,84.1,109.12,38.83,62.03,92.35,68.12,118.26,17.26,60.07,78.59,56.59,82.93,41.23,84.02,59.24,77.8,54.08,76.22,56.22
24,75.29,76.97,26.31,72.8,68.41,42.19,10.77,104.4,36.77,20.4,82.61,86.93,59.09,32.31,63.25,37.95,60.96,51.22,47.54,54.41,44.0,28.0,54.92,82.46,0.0,34.06,65.05,76.03,39.7,72.11,70.46,44.18,54.41,84.85,56.32,40.5,84.97,52.0,38.83,22.36,58.03,28.84,46.04,32.56,28.28,63.56,90.55,70.88,99.04,37.2,82.02,71.47,27.86,84.9,60.53,63.25,66.12,7.21,16.49,52.04,48.04,69.34,11.31,20.0,68.01,77.06,86.77,4.0,46.07,28.23,55.32,34.93,67.74,32.45,55.9,33.6,51.0
25,50.16,45.12,18.0,46.0,34.41,29.73,40.25,70.46,11.31,30.07,57.27,55.32,28.07,10.77,54.04,14.14,27.78,18.97,39.45,20.59,28.43,26.68,21.54,68.41,34.06,0.0,31.24,43.68,5.66,40.5,38.63,31.62,22.8,58.86,39.45,12.65,52.5,34.06,6.0,26.31,45.61,38.05,12.65,46.17,26.08,41.76,57.27,42.05,65.05,4.0,60.93,42.0,16.49,50.91,45.34,54.04,47.71,32.8,48.41,41.04,29.73,35.78,36.77,40.5,52.35,56.8,54.08,31.11,15.03,15.52,29.73,15.62,34.54,9.43,24.19,7.81,19.1
26,35.38,27.78,46.52,29.73,8.94,42.19,70.0,41.23,34.18,56.36,50.91,36.06,23.41,37.58,67.47,35.44,6.0,15.23,58.0,14.14,46.04,49.4,16.0,74.24,65.05,31.24,0.0,25.06,25.61,15.23,13.42,50.04,14.14,50.99,41.23,26.83,31.05,46.39,27.78,55.46,49.48,65.79,21.54,74.0,53.14,35.78,32.0,34.06,34.06,28.84,60.0,32.56,41.18,20.0,55.79,67.47,53.85,64.03,79.65,48.37,44.05,14.42,66.03,70.71,50.09,57.98,31.58,62.29,25.5,40.31,34.93,34.93,16.28,33.84,21.38,32.2,22.02
27,59.67,2.83,51.61,54.04,16.12,64.5,83.57,32.25,39.45,73.35,27.78,12.0,17.2,43.91,54.59,38.83,30.46,36.5,50.99,24.08,41.62,68.26,22.36,55.32,76.03,43.68,25.06,0.0,38.83,38.21,36.88,44.94,37.36,27.2,65.79,46.0,8.94,37.58,37.95,59.67,74.0,66.6,31.05,74.03,55.17,60.83,15.62,14.0,34.23,39.85,38.63,12.0,58.55,24.74,42.76,54.59,38.05,72.72,87.66,72.28,37.74,10.77,80.32,75.07,75.13,38.08,10.82,72.47,29.97,57.56,26.08,54.04,10.05,50.49,20.12,48.51,25.08
28,46.69,40.45,22.36,42.19,28.84,30.53,45.65,64.9,12.65,34.53,54.41,50.64,24.08,14.0,54.92,15.23,22.36,14.14,41.23,15.23,29.53,30.07,16.49,67.94,39.7,5.66,25.61,38.83,0.0,35.44,33.53,33.11,18.11,55.79,38.42,11.31,47.54,34.06,4.47,31.05,45.25,42.43,8.0,50.64,30.07,39.4,52.0,38.47,59.4,4.0,59.06,38.21,20.0,45.25,45.34,54.92,46.86,38.42,54.04,41.23,30.0,30.46,42.05,45.69,51.04,55.23,49.04,36.77,12.08,19.0,27.78,17.09,29.41,12.04,20.02,10.05,15.13
29,21.63,41.04,57.72,16.12,22.8,40.25,75.07,44.05,46.39,59.46,65.3,47.71,38.63,49.03,82.46,48.17,14.0,21.54,72.25,28.28,60.13,51.22,30.59,89.44,72.11,40.5,15.23,38.21,35.44,0.0,2.0,64.12,17.89,65.12,34.23,31.62,42.19,61.19,38.83,66.48,42.05,77.67,34.06,85.91,65.12,26.08,40.5,48.83,32.98,39.29,74.89,47.2,45.34,22.09,70.88,82.46,69.08,72.47,87.82,42.76,58.55,28.43,70.77,80.99,39.81,73.06,42.06,69.97,39.01,44.69,50.0,38.21,30.81,39.66,36.4,38.59,36.35
30,22.8,39.7,55.79,17.2,21.26,39.4,73.59,44.18,44.41,58.14,63.78,46.65,36.77,47.07,80.52,46.17,12.0,19.7,70.26,26.31,58.14,50.0,28.64,87.66,70.46,38.63,13.42,36.88,33.53,2.0,0.0,62.13,16.12,63.66,34.06,30.0,41.18,59.23,36.88,64.56,42.0,75.71,32.06,83.95,63.15,26.31,39.85,47.2,33.53,37.36,73.24,45.61,43.86,22.0,68.96,80.52,67.23,70.71,86.09,42.43,56.57,26.91,69.31,79.12,40.26,71.34,41.15,68.26,37.01,43.19,48.08,36.77,29.21,38.01,34.48,36.89,34.37
31,79.12,44.41,19.7,74.22,47.07,60.96,54.59,77.18,20.59,53.67,40.5,52.35,29.73,21.26,22.63,17.89,50.16,45.61,8.25,36.0,4.0,54.41,34.06,39.4,44.18,31.62,50.04,44.94,33.11,64.12,62.13,0.0,49.48,43.08,71.02,43.91,52.8,8.94,28.64,22.0,77.2,23.32,30.59,29.73,16.0,72.5,60.46,33.94,77.25,29.53,38.05,35.38,45.34,64.56,16.49,22.63,22.0,38.0,49.48,72.47,7.21,44.27,53.37,34.18,83.86,33.02,55.0,40.2,25.18,44.6,18.87,46.86,41.44,40.46,29.61,39.2,28.02
32,29.73,39.85,40.45,24.74,22.09,28.07,58.0,55.03,30.07,43.27,60.46,49.03,29.73,32.06,69.86,32.25,8.25,4.0,57.72,16.97,45.61,35.78,19.8,80.0,54.41,22.8,14.14,37.36,18.11,17.89,16.12,49.48,0.0,61.06,28.64,14.14,44.41,48.33,22.0,49.03,36.77,60.53,18.97,68.73,48.17,25.46,46.04,43.27,46.65,22.09,67.94,42.19,28.43,33.11,59.06,69.86,58.82,54.59,69.97,34.93,44.94,26.68,53.81,63.25,39.2,65.07,45.18,52.15,24.7,27.66,38.83,21.63,27.51,22.02,26.17,20.81,23.85
33,86.28,24.41,58.55,80.62,42.43,85.44,94.34,50.0,50.04,88.36,2.83,22.36,32.31,54.0,40.0,48.0,55.61,59.06,44.94,44.72,41.76,85.51,42.05,32.25,84.85,58.86,50.99,27.2,55.79,65.12,63.66,43.08,61.06,0.0,89.55,65.79,27.2,34.18,52.95,64.03,97.53,66.21,48.08,71.69,58.24,86.02,34.53,17.89,57.27,54.92,14.14,18.87,75.31,50.99,31.24,40.0,24.08,79.62,92.35,94.85,37.36,36.77,92.09,77.25,100.12,16.55,28.86,80.89,43.93,74.33,30.0,72.8,34.71,67.68,36.4,65.73,40.8
34,22.63,68.35,55.71,23.32,50.0,14.14,54.41,78.23,50.48,37.36,88.84,77.2,57.69,50.12,93.23,53.25,35.44,30.53,78.89,44.94,67.68,28.64,47.71,106.08,56.32,39.45,41.23,65.79,38.42,34.23,34.06,71.02,28.64,89.55,0.0,27.2,72.28,72.47,42.8,62.1,8.25,74.22,43.86,81.58,63.91,10.0,72.69,71.69,67.08,41.62,95.6,70.71,30.27,56.04,83.74,93.23,84.85,60.0,72.69,8.94,68.41,55.03,50.0,72.25,13.0,92.31,72.78,56.04,49.5,30.41,65.12,25.3,56.08,31.38,53.82,32.2,50.45
35,38.0,48.04,30.27,34.23,32.98,19.7,43.86,68.03,23.32,29.53,64.62,58.0,33.53,23.41,66.03,26.08,21.63,11.66,51.88,22.09,40.5,22.8,24.33,79.25,40.5,12.65,26.83,46.0,11.31,31.62,30.0,43.91,14.14,65.79,27.2,0.0,54.15,45.34,15.62,38.0,33.94,50.04,17.89,58.0,38.47,29.12,57.27,48.08,60.46,14.42,69.97,47.54,14.42,46.65,56.64,66.03,58.14,41.23,56.36,30.0,41.23,36.22,39.7,50.99,39.96,66.29,55.33,38.47,23.02,13.6,38.83,8.25,36.01,8.06,29.41,7.28,25.08
36,63.81,8.49,60.46,58.31,22.36,72.11,92.48,25.3,48.37,82.0,28.64,5.66,26.08,52.84,60.17,47.71,36.88,44.05,58.31,32.56,49.68,76.66,31.05,58.14,84.97,52.5,31.05,8.94,47.54,42.19,41.18,52.8,44.41,27.2,72.28,54.15,0.0,44.94,46.82,68.41,80.52,74.97,39.85,82.22,63.78,66.48,8.25,19.7,30.27,48.7,40.45,17.89,67.08,24.41,48.7,60.17,43.17,81.63,96.52,79.25,45.61,18.0,89.2,83.74,80.78,41.01,2.24,81.41,38.91,66.1,34.06,62.29,18.25,59.03,29.07,57.07,34.01
37,78.0,36.72,26.31,72.8,42.05,63.78,62.13,69.77,22.8,59.46,31.62,44.05,24.08,25.06,21.54,20.0,47.54,44.72,13.42,32.98,8.0,59.06,30.59,34.41,52.0,34.06,46.39,37.58,34.06,61.19,59.23,8.94,48.33,34.18,72.47,45.34,44.94,0.0,29.73,30.27,79.25,32.25,29.53,38.42,24.33,72.72,52.84,25.61,70.88,31.11,30.07,27.2,49.4,58.86,11.31,21.54,14.56,46.17,58.24,74.97,4.47,38.47,60.53,43.08,85.0,25.18,47.17,48.0,23.71,48.55,12.17,49.68,35.51,43.42,25.08,41.87,25.0
38,50.99,39.29,18.97,46.39,29.73,34.41,45.69,65.6,8.25,36.06,51.42,49.48,22.09,10.2,50.48,10.77,25.3,18.0,36.77,15.62,25.06,32.56,16.12,63.78,38.83,6.0,27.78,37.95,4.47,38.83,36.88,28.64,22.0,52.95,42.8,15.62,46.82,29.73,0.0,27.86,49.52,38.83,7.21,47.07,26.31,43.86,51.88,36.06,60.96,2.0,55.46,36.0,22.36,46.86,41.04,50.48,42.8,36.77,52.35,45.34,25.61,30.53,42.38,42.94,55.47,51.48,48.47,35.61,9.06,21.38,24.17,20.59,29.07,14.87,18.25,13.0,13.15
39,76.0,60.0,8.94,72.11,56.04,49.4,32.98,90.55,21.63,35.38,61.61,69.34,42.52,17.89,41.23,21.26,53.14,45.12,25.3,42.19,22.36,38.83,41.62,60.17,22.36,26.31,55.46,59.67,31.05,66.48,64.56,22.0,49.03,64.03,62.1,38.0,68.41,30.27,27.86,0.0,66.48,12.17,34.0,20.0,6.0,66.48,75.07,51.88,87.66,27.2,60.03,52.84,32.31,73.78,38.21,41.23,44.0,16.0,28.64,60.93,26.68,55.32,32.31,15.62,75.0,55.01,70.43,18.44,31.4,31.95,35.78,36.88,53.08,31.26,40.31,31.06,36.24
40,27.78,76.55,60.83,29.73,58.24,17.09,54.59,86.09,56.85,38.05,96.75,85.44,65.51,56.04,99.64,59.67,43.68,38.47,84.88,52.84,74.03,30.07,55.57,113.17,58.03,45.61,49.48,74.0,45.25,42.05,42.0,77.2,36.77,97.53,8.25,33.94,80.52,79.25,49.52,66.48,0.0,78.43,51.22,85.44,68.88,16.49,80.89,79.65,74.67,48.17,103.23,78.71,34.18,64.0,90.55,99.64,92.02,62.51,74.03,6.0,75.07,63.25,50.36,75.31,10.44,99.81,81.02,58.31,56.73,34.54,72.47,30.53,64.26,36.89,61.59,38.01,58.01
41,88.02,66.48,20.1,84.02,65.3,61.35,39.45,98.41,31.62,45.61,63.56,75.07,50.0,28.64,36.22,30.46,64.03,56.57,22.36,52.0,25.61,50.12,50.99,56.14,28.84,38.05,65.79,66.6,42.43,77.67,75.71,23.32,60.53,66.21,74.22,50.04,74.97,32.25,38.83,12.17,78.43,0.0,44.27,8.25,12.65,78.64,82.22,56.85,96.75,38.47,59.67,58.14,44.27,83.19,36.88,36.22,43.68,21.63,28.0,72.8,30.0,63.81,40.0,12.0,87.09,54.57,77.1,25.61,40.72,43.97,41.04,49.03,61.29,43.42,48.55,43.19,45.18
42,48.7,32.56,25.06,43.68,22.63,37.58,52.8,58.41,12.65,42.43,46.82,42.76,16.12,16.12,50.99,14.14,20.1,15.23,38.83,8.49,26.68,38.05,8.94,62.29,46.04,12.65,21.54,31.05,8.0,34.06,32.06,30.59,18.97,48.08,43.86,17.89,39.85,29.53,7.21,34.0,51.22,44.27,0.0,52.5,31.62,43.27,44.72,30.59,54.04,8.94,52.15,30.27,28.0,40.0,40.5,50.99,41.04,43.86,59.4,47.71,26.0,23.32,49.4,49.4,55.97,48.6,41.44,42.8,5.83,27.0,21.26,24.74,21.93,20.02,12.04,18.03,7.28
43,96.0,73.76,28.28,92.09,73.35,68.41,42.52,106.02,39.85,51.11,68.96,82.02,57.69,36.88,38.21,38.63,72.28,64.78,26.83,60.17,32.56,56.46,59.09,58.14,32.56,46.17,74.0,74.03,50.64,85.91,83.95,29.73,68.73,71.69,81.58,58.0,82.22,38.42,47.07,20.0,85.44,8.25,52.5,0.0,20.88,86.37,89.64,63.66,104.71,46.69,63.91,65.05,51.42,91.24,41.23,38.21,48.33,25.61,27.2,79.7,36.77,71.69,43.86,12.81,94.37,58.87,84.39,30.0,48.85,51.2,48.17,56.57,69.12,51.16,56.44,51.04,53.23
44,76.24,55.32,8.25,72.03,52.84,51.88,38.83,86.56,18.97,40.0,55.79,64.4,38.21,16.12,35.78,17.89,51.42,44.18,19.7,39.4,16.49,42.52,38.47,54.41,28.28,26.08,53.14,55.17,30.07,65.12,63.15,16.0,48.17,58.24,63.91,38.47,63.78,24.33,26.31,6.0,68.88,12.65,31.62,20.88,0.0,67.47,70.71,46.65,84.38,26.08,54.04,47.71,34.99,70.71,32.25,35.78,38.0,22.0,34.18,63.53,20.88,51.61,37.95,20.0,76.9,49.01,65.86,24.33,28.18,34.48,30.53,38.63,49.2,32.57,36.4,32.02,32.76
45,12.81,63.53,59.23,13.42,44.72,22.36,62.77,70.0,52.0,45.69,85.6,71.69,55.17,52.5,94.02,54.63,30.53,28.43,80.62,42.43,68.88,36.77,45.25,105.26,63.56,41.76,35.78,60.83,39.4,26.08,26.31,72.5,25.46,86.02,10.0,29.12,66.48,72.72,43.86,66.48,16.49,78.64,43.27,86.37,67.47,0.0,65.97,68.41,58.31,43.08,93.38,67.2,36.22,48.17,83.76,94.02,84.02,66.48,80.05,18.87,68.96,50.12,58.31,78.03,14.32,90.52,66.73,62.8,49.09,36.12,64.03,30.0,51.62,35.23,51.62,35.51,49.04
46,61.74,16.12,66.84,56.46,24.33,74.11,97.51,17.09,54.41,86.02,36.22,12.17,32.56,58.82,68.41,54.04,38.0,46.39,66.24,36.77,57.2,80.05,35.78,66.03,90.55,57.27,32.0,15.62,52.0,40.5,39.85,60.46,46.04,34.53,72.69,57.27,8.25,52.84,51.88,75.07,80.89,82.22,44.72,89.64,70.71,65.97,0.0,27.86,22.8,53.67,48.17,26.0,70.88,20.0,56.92,68.41,51.42,87.66,102.8,80.22,53.25,21.54,94.02,90.55,80.08,49.01,6.08,87.13,44.65,69.92,41.62,65.51,22.83,62.94,35.0,61.03,39.66
47,69.43,12.17,44.94,63.78,26.08,67.68,79.62,44.94,34.53,72.0,17.2,18.44,14.56,38.83,40.79,32.98,38.21,41.18,38.83,26.83,31.24,68.47,24.17,41.76,70.88,42.05,34.06,14.0,38.47,48.83,47.2,33.94,43.27,17.89,71.69,48.08,19.7,25.61,36.06,51.88,79.65,56.85,30.59,63.66,46.65,68.41,27.86,0.0,48.17,38.05,26.08,2.0,58.31,38.47,29.12,40.79,24.08,66.48,80.5,76.97,26.91,20.59,76.94,66.57,82.42,24.7,21.93,67.05,27.02,57.31,16.12,55.32,18.03,50.49,18.68,48.51,23.35
48,50.16,36.06,78.82,46.0,31.62,72.8,104.02,13.42,66.03,89.89,58.86,34.93,47.54,70.0,88.81,66.57,38.83,48.83,84.12,45.61,73.54,82.37,46.04,88.36,99.04,65.05,34.06,34.23,59.4,32.98,33.53,77.25,46.65,57.27,67.08,60.46,30.27,70.88,60.96,87.66,74.67,96.75,54.04,104.71,84.38,58.31,22.8,48.17,0.0,62.29,70.71,46.17,74.89,14.14,76.94,88.81,72.25,97.67,113.28,75.71,70.23,33.11,100.0,103.23,71.0,71.18,28.44,96.17,56.3,74.06,58.82,68.26,35.85,67.8,48.3,66.22,51.62
49,50.64,41.23,18.44,46.17,31.24,32.8,43.86,67.2,8.94,34.06,53.37,51.42,24.08,10.0,51.61,11.66,26.0,18.11,37.58,17.2,26.08,30.59,17.89,65.3,37.2,4.0,28.84,39.85,4.0,39.29,37.36,29.53,22.09,54.92,41.62,14.42,48.7,31.11,2.0,27.2,48.17,38.47,8.94,46.69,26.08,43.08,53.67,38.05,62.29,0.0,57.27,38.0,20.4,48.17,42.43,51.61,44.41,35.38,50.99,43.86,26.91,32.25,40.5,42.05,54.38,53.24,50.33,34.06,11.05,19.42,26.0,18.87,30.87,13.0,20.22,11.18,15.13
50,95.27,36.06,56.32,89.64,52.15,89.55,92.2,64.03,50.6,88.77,12.0,36.06,38.21,53.85,28.43,48.08,63.78,65.3,37.36,50.99,38.05,87.32,48.17,18.11,82.02,60.93,60.0,38.63,59.06,74.89,73.24,38.05,67.94,14.14,95.6,69.97,40.45,30.07,55.46,60.03,103.23,59.67,52.15,63.91,54.04,93.38,48.17,26.08,70.71,57.27,0.0,27.78,77.25,63.25,22.8,28.43,16.12,76.03,87.13,99.86,34.23,46.65,90.55,71.39,107.06,5.1,42.3,78.03,47.01,76.32,31.3,76.03,44.1,70.26,41.87,68.45,45.22
51,67.94,10.2,45.69,62.29,24.41,67.05,80.05,43.08,34.93,72.03,18.44,16.97,14.14,39.29,42.76,33.53,36.88,40.25,40.5,26.0,32.56,68.26,23.41,43.68,71.47,42.0,32.56,12.0,38.21,47.2,45.61,35.38,42.19,18.87,70.71,47.54,17.89,27.2,36.0,52.84,78.71,58.14,30.27,65.05,47.71,67.2,26.0,2.0,46.17,38.0,27.78,0.0,58.14,36.5,31.05,42.76,26.08,67.23,81.41,76.16,28.28,18.87,77.28,67.68,81.27,26.57,20.12,67.68,27.02,57.14,17.2,54.92,16.4,50.25,18.25,48.26,23.09
52,47.54,60.3,27.2,44.94,46.82,17.09,29.73,82.29,26.83,15.23,73.76,70.46,44.05,24.41,67.94,29.53,36.06,26.08,52.35,34.53,42.8,10.2,36.22,83.76,27.86,16.49,41.18,58.55,20.0,45.34,43.86,45.34,28.43,75.31,30.27,14.42,67.08,49.4,22.36,32.31,34.18,44.27,28.0,51.42,34.99,36.22,70.88,58.31,74.89,20.4,77.25,58.14,0.0,61.06,60.46,67.94,63.53,30.27,44.27,28.64,44.94,49.48,25.46,42.05,42.95,73.01,68.45,26.68,31.4,1.0,46.17,7.21,48.84,8.06,40.01,10.05,35.06
53,42.38,27.2,64.9,37.36,17.89,60.17,90.0,22.36,52.15,76.16,52.0,30.0,34.93,56.04,78.03,52.84,25.06,34.99,71.81,31.62,60.73,68.88,32.25,80.05,84.9,50.91,20.0,24.74,45.25,22.09,22.0,64.56,33.11,50.99,56.04,46.65,24.41,58.86,46.86,73.78,64.0,83.19,40.0,91.24,70.71,48.17,20.0,38.47,14.14,48.17,63.25,36.5,61.06,0.0,66.03,78.03,62.13,83.55,99.16,64.28,57.72,20.4,86.02,89.31,61.81,62.82,23.43,82.02,42.54,60.21,46.69,54.59,23.35,53.82,35.11,52.2,38.01
54,88.57,41.23,36.06,83.26,50.36,75.07,71.02,74.0,34.06,69.86,28.43,46.52,32.56,36.06,12.0,31.24,57.58,55.57,14.56,43.08,17.89,69.97,40.5,23.32,60.53,45.34,55.79,42.76,45.34,70.88,68.96,16.49,59.06,31.24,83.74,56.64,48.7,11.31,41.04,38.21,90.55,36.88,40.5,41.23,32.25,83.76,56.92,29.12,76.94,42.43,22.8,31.05,60.46,66.03,0.0,12.0,7.21,54.15,64.5,86.28,15.62,46.04,69.86,48.66,96.21,17.72,50.92,56.57,34.67,59.64,20.88,60.96,43.05,54.67,34.48,53.15,35.34
55,99.54,52.95,41.62,94.34,62.29,83.55,74.0,85.44,42.8,75.47,37.2,57.58,44.41,43.86,0.0,40.0,68.96,66.21,16.12,54.41,25.61,76.84,51.92,20.0,63.25,54.04,67.47,54.59,54.92,82.46,80.52,22.63,69.86,40.0,93.23,66.03,60.17,21.54,50.48,41.23,99.64,36.22,50.99,38.21,35.78,94.02,68.41,40.79,88.81,51.61,28.43,42.76,67.94,78.03,12.0,0.0,17.09,56.32,64.12,95.02,25.06,58.03,73.54,48.17,105.95,24.04,62.36,59.46,45.19,67.21,32.56,69.43,55.04,63.03,46.1,61.72,46.49
56,87.82,36.22,40.79,82.37,47.54,77.2,76.42,68.41,36.72,74.0,21.26,40.5,30.46,39.4,17.09,34.0,56.36,55.61,21.54,42.19,22.36,73.35,39.45,21.26,66.12,47.71,53.85,38.05,46.86,69.08,67.23,22.0,58.82,24.08,84.85,58.14,43.17,14.56,42.8,44.0,92.02,43.68,41.04,48.33,38.0,84.02,51.42,24.08,72.25,44.41,16.12,26.08,63.53,62.13,7.21,17.09,0.0,60.0,71.02,88.09,18.97,42.76,74.97,55.32,97.0,11.05,45.35,62.13,35.36,62.65,20.0,63.25,39.81,57.14,33.12,55.47,35.0
57,77.67,73.43,21.54,74.73,66.48,46.04,17.89,102.18,33.29,26.0,77.28,83.19,55.57,28.84,56.32,34.0,60.46,51.11,40.79,52.35,38.21,32.56,52.5,75.71,7.21,32.8,64.03,72.72,38.42,72.47,70.71,38.0,54.59,79.62,60.0,41.23,81.63,46.17,36.77,16.0,62.51,21.63,43.86,25.61,22.0,66.48,87.66,66.48,97.67,35.38,76.03,67.23,30.27,83.55,54.15,56.32,60.0,0.0,15.62,56.57,42.43,66.84,18.44,13.42,72.17,71.01,83.53,4.47,43.01,30.41,50.6,36.88,65.0,33.24,52.7,34.01,48.01
58,91.76,88.2,36.06,89.2,82.02,58.55,20.88,117.59,48.41,36.0,89.84,97.75,70.46,44.05,64.12,48.83,76.03,66.57,50.16,67.88,50.6,44.18,67.94,84.1,16.49,48.41,79.65,87.66,54.04,87.82,86.09,49.48,69.97,92.35,72.69,56.36,96.52,58.24,52.35,28.64,74.03,28.0,59.4,27.2,34.18,80.05,102.8,80.5,113.28,50.99,87.13,81.41,44.27,99.16,64.5,64.12,71.02,15.62,0.0,68.03,55.03,82.22,24.33,16.0,84.15,82.04,98.47,17.89,58.26,44.6,64.4,51.26,80.28,48.3,67.8,49.24,63.25
59,31.24,74.73,55.57,32.25,56.89,11.66,48.66,86.58,52.35,32.06,93.91,83.95,62.61,51.22,95.02,55.17,42.43,36.06,80.0,50.16,69.43,24.08,52.8,109.12,52.04,41.04,48.37,72.28,41.23,42.76,42.43,72.47,34.93,94.85,8.94,30.0,79.25,74.97,45.34,60.93,6.0,72.8,47.71,79.7,63.53,18.87,80.22,76.97,75.71,43.86,99.86,76.16,28.64,64.28,86.28,95.02,88.09,56.57,68.03,0.0,70.71,61.61,44.41,69.43,16.28,96.26,79.91,52.35,53.01,29.07,68.82,25.61,62.36,32.02,58.59,33.3,54.71
60,74.67,37.2,22.09,69.57,40.45,59.46,58.03,69.97,18.44,55.03,34.93,45.25,22.8,20.59,25.06,15.62,44.72,41.23,14.14,30.27,4.47,54.59,28.07,38.83,48.04,29.73,44.05,37.74,30.0,58.55,56.57,7.21,44.94,37.36,68.41,41.23,45.61,4.47,25.61,26.68,75.07,30.0,26.0,36.77,20.88,68.96,53.25,26.91,70.23,26.91,34.23,28.28,44.94,57.72,15.62,25.06,18.97,42.43,55.03,70.71,0.0,37.36,56.32,40.25,81.02,29.43,47.8,44.05,20.25,44.1,11.66,45.34,34.48,39.05,23.09,37.54,22.2
61,49.52,13.42,46.69,43.86,5.66,54.15,76.03,35.38,33.94,64.56,36.88,22.36,14.56,38.21,58.03,34.06,19.7,26.08,51.42,15.23,40.5,58.86,14.42,62.03,69.34,35.78,14.42,10.77,30.46,28.43,26.91,44.27,26.68,36.77,55.03,36.22,18.0,38.47,30.53,55.32,63.25,63.81,23.32,71.69,51.61,50.12,21.54,20.59,33.11,32.25,46.65,18.87,49.48,20.4,46.04,58.03,42.76,66.84,82.22,61.61,37.36,0.0,72.5,70.94,64.41,45.19,19.1,66.03,24.04,48.51,26.31,44.41,3.0,41.48,15.26,39.56,19.1
62,70.68,81.61,34.23,68.96,70.71,36.06,4.47,106.68,42.43,12.65,90.02,91.76,64.03,38.21,73.54,44.18,61.22,51.22,57.58,57.27,52.61,21.54,58.31,92.35,11.31,36.77,66.03,80.32,42.05,70.77,69.31,53.37,53.81,92.09,50.0,39.7,89.2,60.53,42.38,32.31,50.36,40.0,49.4,43.86,37.95,58.31,94.02,76.94,100.0,40.5,90.55,77.28,25.46,86.02,69.86,73.54,74.97,18.44,24.33,44.41,56.32,72.5,0.0,31.24,60.67,85.71,90.82,14.42,50.7,26.17,62.13,32.56,71.31,32.2,60.44,33.84,55.36
63,88.57,75.29,24.41,85.16,71.61,58.55,29.73,106.15,37.2,39.4,74.67,84.4,58.0,33.29,48.17,36.88,68.03,59.46,34.23,57.69,35.78,45.61,57.2,68.12,20.0,40.5,70.71,75.07,45.69,80.99,79.12,34.18,63.25,77.25,72.25,50.99,83.74,43.08,42.94,15.62,75.31,12.0,49.4,12.81,20.0,78.03,90.55,66.57,103.23,42.05,71.39,67.68,42.05,89.31,48.66,48.17,55.32,13.42,16.0,69.43,40.25,70.94,31.24,0.0,84.72,66.29,85.8,17.89,47.01,42.01,50.48,48.04,68.68,43.42,55.9,43.74,51.86
64,21.38,77.83,68.71,25.0,59.03,26.17,64.94,83.22,63.29,48.26,99.62,86.01,68.88,63.06,105.95,66.04,44.78,41.77,91.79,56.08,80.45,40.01,58.9,118.26,68.01,52.35,50.09,75.13,51.04,39.81,40.26,83.86,39.2,100.12,13.0,39.96,80.78,85.0,55.47,75.0,10.44,87.09,55.97,94.37,76.9,14.32,80.08,82.42,71.0,54.38,107.06,81.27,42.95,61.81,96.21,105.95,97.0,72.17,84.15,16.28,81.02,64.41,60.67,84.72,0.0,104.0,80.99,68.07,61.72,43.17,77.1,38.28,65.86,44.38,65.19,45.19,62.23
65,93.01,35.69,51.48,87.42,50.54,85.76,87.28,65.38,46.24,84.2,13.93,37.12,35.47,49.34,24.04,43.66,61.4,62.24,32.28,48.1,33.14,83.01,45.28,17.26,77.06,56.8,57.98,38.08,55.23,73.06,71.34,33.02,65.07,16.55,92.31,66.29,41.01,25.18,51.48,55.01,99.81,54.57,48.6,58.87,49.01,90.52,49.01,24.7,71.18,53.24,5.1,26.57,73.01,62.82,17.72,24.04,11.05,71.01,82.04,96.26,29.43,45.19,85.71,66.29,104.0,0.0,43.0,73.06,43.27,72.09,27.46,72.07,42.49,66.19,38.9,64.41,41.87
66,63.63,10.63,62.43,58.18,23.09,73.03,94.15,23.09,50.25,83.43,30.41,6.71,28.02,54.71,62.36,49.65,37.48,45.0,60.54,33.96,51.86,77.93,32.57,60.07,86.77,54.08,31.58,10.82,49.04,42.06,41.15,55.0,45.18,28.86,72.78,55.33,2.24,47.17,48.47,70.43,81.02,77.1,41.44,84.39,65.86,66.73,6.08,21.93,28.44,50.33,42.3,20.12,68.45,23.43,50.92,62.36,45.35,83.53,98.47,79.91,47.8,19.1,90.82,85.8,80.99,43.0,0.0,83.24,40.71,67.47,36.24,63.51,19.65,60.42,30.89,58.46,35.78
67,74.22,73.35,22.36,71.47,65.3,42.0,14.56,101.21,33.11,21.54,78.64,83.26,55.46,28.64,59.46,34.18,58.41,48.83,43.68,51.22,40.0,28.28,51.61,78.59,4.0,31.11,62.29,72.47,36.77,69.97,68.26,40.2,52.15,80.89,56.04,38.47,81.41,48.0,35.61,18.44,58.31,25.61,42.8,30.0,24.33,62.8,87.13,67.05,96.17,34.06,78.03,67.68,26.68,82.02,56.57,59.46,62.13,4.47,17.89,52.35,44.05,66.03,14.42,17.89,68.07,73.06,83.24,0.0,42.54,26.93,51.42,33.53,64.35,30.41,52.35,31.38,47.51
68,54.42,31.02,22.67,49.34,24.7,42.54,53.76,59.41,9.9,45.01,42.45,41.11,13.34,14.21,45.19,10.3,25.02,21.02,33.38,11.4,21.21,41.59,10.3,56.59,46.07,15.03,25.5,29.97,12.08,39.01,37.01,25.18,24.7,43.93,49.5,23.02,38.91,23.71,9.06,31.4,56.73,40.72,5.83,48.85,28.18,49.09,44.65,27.02,56.3,11.05,47.01,27.02,31.4,42.54,34.67,45.19,35.36,43.01,58.26,53.01,20.25,24.04,50.7,47.01,61.72,43.27,40.71,42.54,0.0,30.41,15.81,29.15,22.02,23.77,9.85,21.84,5.0
69,47.3,59.3,26.63,44.6,45.88,17.46,30.41,81.39,25.94,16.16,72.78,69.46,43.05,23.6,67.21,28.65,35.23,25.24,51.66,33.54,42.01,11.18,35.23,82.93,28.23,15.52,40.31,57.56,19.0,44.69,43.19,44.6,27.66,74.33,30.41,13.6,66.1,48.55,21.38,31.95,34.54,43.97,27.0,51.2,34.48,36.12,69.92,57.31,74.06,19.42,76.32,57.14,1.0,60.21,59.64,67.21,62.65,30.41,44.6,29.07,44.1,48.51,26.17,42.01,43.17,72.09,67.47,26.93,30.41,0.0,45.22,6.71,47.85,7.07,39.01,9.06,34.06
70,68.0,25.61,29.12,62.61,30.0,58.31,64.5,58.31,20.1,58.55,28.07,34.06,12.0,24.0,32.56,18.0,36.77,35.61,25.3,22.36,15.62,56.32,19.7,41.23,55.32,29.73,34.93,26.08,27.78,50.0,48.08,18.87,38.83,30.0,65.12,38.83,34.06,12.17,24.17,35.78,72.47,41.04,21.26,48.17,30.53,64.03,41.62,16.12,58.82,26.0,31.3,17.2,46.17,46.69,20.88,32.56,20.0,50.6,64.4,68.82,11.66,26.31,62.13,50.48,77.1,27.46,36.24,51.42,15.81,45.22,0.0,44.72,23.35,39.0,13.6,37.16,15.0
71,40.79,56.0,30.46,37.95,41.23,14.14,36.88,76.16,26.91,21.63,71.47,66.03,40.79,25.61,69.43,29.73,29.53,19.7,54.41,30.0,43.86,14.56,32.06,84.02,34.93,15.62,34.93,54.04,17.09,38.21,36.77,46.86,21.63,72.8,25.3,8.25,62.29,49.68,20.59,36.88,30.53,49.03,24.74,56.57,38.63,30.0,65.51,55.32,68.26,18.87,76.03,54.92,7.21,54.59,60.96,69.43,63.25,36.88,51.26,25.61,45.34,44.41,32.56,48.04,38.28,72.07,63.51,33.53,29.15,6.71,44.72,0.0,44.1,6.4,36.67,7.81,32.02
72,51.62,12.37,44.55,45.97,8.06,54.45,74.73,37.48,31.89,63.79,34.66,22.02,11.7,36.24,55.04,31.83,21.1,26.48,48.51,14.32,37.7,58.42,13.0,59.24,67.74,34.54,16.28,10.05,29.41,30.81,29.21,41.44,27.51,34.71,56.08,36.01,18.25,35.51,29.07,53.08,64.26,61.29,21.93,69.12,49.2,51.62,22.83,18.03,35.85,30.87,44.1,16.4,48.84,23.35,43.05,55.04,39.81,65.0,80.28,62.36,34.48,3.0,71.31,68.68,65.86,42.49,19.65,64.35,22.02,47.85,23.35,44.1,0.0,40.79,12.81,38.83,17.03
73,45.18,52.24,24.35,41.77,39.0,20.52,36.24,74.71,20.62,23.09,66.22,62.39,36.12,19.21,63.03,23.43,29.07,19.1,48.01,26.48,37.48,18.03,28.16,77.8,32.45,9.43,33.84,50.49,12.04,39.66,38.01,40.46,22.02,67.68,31.38,8.06,59.03,43.42,14.87,31.26,36.89,43.42,20.02,51.16,32.57,35.23,62.94,50.49,67.8,13.0,70.26,50.25,8.06,53.82,54.67,63.03,57.14,33.24,48.3,32.02,39.05,41.48,32.2,43.42,44.38,66.19,60.42,30.41,23.77,7.07,39.0,6.4,40.79,0.0,32.06,2.0,27.17
74,54.71,21.19,31.89,49.24,17.46,49.04,63.57,50.25,19.42,54.23,35.34,31.32,4.12,23.85,46.1,19.1,23.26,23.43,37.22,9.22,25.71,50.09,6.4,54.08,55.9,24.19,21.38,20.12,20.02,36.4,34.48,29.61,26.17,36.4,53.82,29.41,29.07,25.08,18.25,40.31,61.59,48.55,12.04,56.44,36.4,51.62,35.0,18.68,48.3,20.22,41.87,18.25,40.01,35.11,34.48,46.1,33.12,52.7,67.8,58.59,23.09,15.26,60.44,55.9,65.19,38.9,30.89,52.35,9.85,39.01,13.6,36.67,12.81,32.06,0.0,30.07,5.1
75,45.04,50.25,23.77,41.44,37.16,21.93,37.8,72.95,19.1,25.0,64.29,60.41,34.13,18.03,61.72,21.93,27.59,17.69,46.87,24.52,36.12,20.02,26.17,76.22,33.6,7.81,32.2,48.51,10.05,38.59,36.89,39.2,20.81,65.73,32.2,7.28,57.07,41.87,13.0,31.06,38.01,43.19,18.03,51.04,32.02,35.51,61.03,48.51,66.22,11.18,68.45,48.26,10.05,52.2,53.15,61.72,55.47,34.01,49.24,33.3,37.54,39.56,33.84,43.74,45.19,64.41,58.46,31.38,21.84,9.06,37.16,7.81,38.83,2.0,30.07,0.0,25.18
76,53.23,26.25,27.59,47.93,20.12,44.78,58.52,54.45,14.87,49.16,39.56,36.4,9.0,19.21,46.49,15.0,22.56,20.62,36.01,8.06,24.02,45.18,6.08,56.22,51.0,19.1,22.02,25.08,15.13,36.35,34.37,28.02,23.85,40.8,50.45,25.08,34.01,25.0,13.15,36.24,58.01,45.18,7.28,53.23,32.76,49.04,39.66,23.35,51.62,15.13,45.22,23.09,35.06,38.01,35.34,46.49,35.0,48.01,63.25,54.71,22.2,19.1,55.36,51.86,62.23,41.87,35.78,47.51,5.0,34.06,15.0,32.02,17.03,27.17,5.1,25.18,0.0
