set K:= 1	2	3	4	5	6	7	8	9;
set C_H:= 1	2	3	4	5	6	7	8	9	10	11	12	13	14	15	16	17	18	19	20	21	22	23	24;
set C_S:= 25	26	27	28	29	30	31	32	33	34	35	36	37	38	39	40	41	42	43	44	45	46;
set C_F:= 47	48	49	50	51	52	53	54	55	56	57	58	59	60	61	62	63	64	65	66	67	68;
set M:= 0	1	2	3	4	5;
set L_B:= 75	76	77	78	79	80	81	82	83;
set A1:=
(0,*) 2 3 4 5 6 7 8 9 10 11 12 13 14 15 16 17 18 19 20 21 22 23 24 47 48 49 50 51 52 53 54 55 56 57 58 59 60 61 62 63 64 65 66 67 68 2 3 4 5 75 76 77 78 79 80 81 82 83
(1,*) 2 3 4 5 6 7 8 9 10 11 12 13 14 15 16 17 18 19 20 21 22 23 24 47 48 49 50 51 52 53 54 55 56 57 58 59 60 61 62 63 64 65 66 67 68 2 3 4 5 75 76 77 78 79 80 81 82 83
(2,*) 0 1 4 5 6 7 8 9 10 11 12 13 14 15 16 17 18 19 20 21 22 23 24 47 48 49 50 51 52 53 54 55 56 57 58 59 60 61 62 63 64 65 66 67 68 0 1 4 5 75 76 77 78 79 80 81 82 83
(3,*) 0 1 4 5 6 7 8 9 10 11 12 13 14 15 16 17 18 19 20 21 22 23 24 47 48 49 50 51 52 53 54 55 56 57 58 59 60 61 62 63 64 65 66 67 68 0 1 4 5 75 76 77 78 79 80 81 82 83
(4,*) 0 1 2 3 6 7 8 9 10 11 12 13 14 15 16 17 18 19 20 21 22 23 24 47 48 49 50 51 52 53 54 55 56 57 58 59 60 61 62 63 64 65 66 67 68 0 1 2 3 75 76 77 78 79 80 81 82 83
(5,*) 0 1 2 3 6 7 8 9 10 11 12 13 14 15 16 17 18 19 20 21 22 23 24 47 48 49 50 51 52 53 54 55 56 57 58 59 60 61 62 63 64 65 66 67 68 0 1 2 3 75 76 77 78 79 80 81 82 83
(6,*) 0 1 2 3 4 5 7 8 9 10 11 12 13 14 15 16 17 18 19 20 21 22 23 24 47 48 49 50 51 52 53 54 55 56 57 58 59 60 61 62 63 64 65 66 67 68 0 1 2 3 4 5 75 76 77 78 79 80 81 82 83
(7,*) 0 1 2 3 4 5 6 8 9 10 11 12 13 14 15 16 17 18 19 20 21 22 23 24 47 48 49 50 51 52 53 54 55 56 57 58 59 60 61 62 63 64 65 66 67 68 0 1 2 3 4 5 75 76 77 78 79 80 81 82 83
(8,*) 0 1 2 3 4 5 6 7 9 10 11 12 13 14 15 16 17 18 19 20 21 22 23 24 47 48 49 50 51 52 53 54 55 56 57 58 59 60 61 62 63 64 65 66 67 68 0 1 2 3 4 5 75 76 77 78 79 80 81 82 83
(9,*) 0 1 2 3 4 5 6 7 8 10 11 12 13 14 15 16 17 18 19 20 21 22 23 24 47 48 49 50 51 52 53 54 55 56 57 58 59 60 61 62 63 64 65 66 67 68 0 1 2 3 4 5 75 76 77 78 79 80 81 82 83
(10,*) 0 1 2 3 4 5 6 7 8 9 11 12 13 14 15 16 17 18 19 20 21 22 23 24 47 48 49 50 51 52 53 54 55 56 57 58 59 60 61 62 63 64 65 66 67 68 0 1 2 3 4 5 75 76 77 78 79 80 81 82 83
(11,*) 0 1 2 3 4 5 6 7 8 9 10 12 13 14 15 16 17 18 19 20 21 22 23 24 47 48 49 50 51 52 53 54 55 56 57 58 59 60 61 62 63 64 65 66 67 68 0 1 2 3 4 5 75 76 77 78 79 80 81 82 83
(12,*) 0 1 2 3 4 5 6 7 8 9 10 11 13 14 15 16 17 18 19 20 21 22 23 24 47 48 49 50 51 52 53 54 55 56 57 58 59 60 61 62 63 64 65 66 67 68 0 1 2 3 4 5 75 76 77 78 79 80 81 82 83
(13,*) 0 1 2 3 4 5 6 7 8 9 10 11 12 14 15 16 17 18 19 20 21 22 23 24 47 48 49 50 51 52 53 54 55 56 57 58 59 60 61 62 63 64 65 66 67 68 0 1 2 3 4 5 75 76 77 78 79 80 81 82 83
(14,*) 0 1 2 3 4 5 6 7 8 9 10 11 12 13 15 16 17 18 19 20 21 22 23 24 47 48 49 50 51 52 53 54 55 56 57 58 59 60 61 62 63 64 65 66 67 68 0 1 2 3 4 5 75 76 77 78 79 80 81 82 83
(15,*) 0 1 2 3 4 5 6 7 8 9 10 11 12 13 14 16 17 18 19 20 21 22 23 24 47 48 49 50 51 52 53 54 55 56 57 58 59 60 61 62 63 64 65 66 67 68 0 1 2 3 4 5 75 76 77 78 79 80 81 82 83
(16,*) 0 1 2 3 4 5 6 7 8 9 10 11 12 13 14 15 17 18 19 20 21 22 23 24 47 48 49 50 51 52 53 54 55 56 57 58 59 60 61 62 63 64 65 66 67 68 0 1 2 3 4 5 75 76 77 78 79 80 81 82 83
(17,*) 0 1 2 3 4 5 6 7 8 9 10 11 12 13 14 15 16 18 19 20 21 22 23 24 47 48 49 50 51 52 53 54 55 56 57 58 59 60 61 62 63 64 65 66 67 68 0 1 2 3 4 5 75 76 77 78 79 80 81 82 83
(18,*) 0 1 2 3 4 5 6 7 8 9 10 11 12 13 14 15 16 17 19 20 21 22 23 24 47 48 49 50 51 52 53 54 55 56 57 58 59 60 61 62 63 64 65 66 67 68 0 1 2 3 4 5 75 76 77 78 79 80 81 82 83
(19,*) 0 1 2 3 4 5 6 7 8 9 10 11 12 13 14 15 16 17 18 20 21 22 23 24 47 48 49 50 51 52 53 54 55 56 57 58 59 60 61 62 63 64 65 66 67 68 0 1 2 3 4 5 75 76 77 78 79 80 81 82 83
(20,*) 0 1 2 3 4 5 6 7 8 9 10 11 12 13 14 15 16 17 18 19 21 22 23 24 47 48 49 50 51 52 53 54 55 56 57 58 59 60 61 62 63 64 65 66 67 68 0 1 2 3 4 5 75 76 77 78 79 80 81 82 83
(21,*) 0 1 2 3 4 5 6 7 8 9 10 11 12 13 14 15 16 17 18 19 20 22 23 24 47 48 49 50 51 52 53 54 55 56 57 58 59 60 61 62 63 64 65 66 67 68 0 1 2 3 4 5 75 76 77 78 79 80 81 82 83
(22,*) 0 1 2 3 4 5 6 7 8 9 10 11 12 13 14 15 16 17 18 19 20 21 23 24 47 48 49 50 51 52 53 54 55 56 57 58 59 60 61 62 63 64 65 66 67 68 0 1 2 3 4 5 75 76 77 78 79 80 81 82 83
(23,*) 0 1 2 3 4 5 6 7 8 9 10 11 12 13 14 15 16 17 18 19 20 21 22 24 47 48 49 50 51 52 53 54 55 56 57 58 59 60 61 62 63 64 65 66 67 68 0 1 2 3 4 5 75 76 77 78 79 80 81 82 83
(24,*) 0 1 2 3 4 5 6 7 8 9 10 11 12 13 14 15 16 17 18 19 20 21 22 23 47 48 49 50 51 52 53 54 55 56 57 58 59 60 61 62 63 64 65 66 67 68 0 1 2 3 4 5 75 76 77 78 79 80 81 82 83
(47,*) 0 1 2 3 4 5 6 7 8 9 10 11 12 13 14 15 16 17 18 19 20 21 22 23 24 48 49 50 51 52 53 54 55 56 57 58 59 60 61 62 63 64 65 66 67 68 0 1 2 3 4 5 75 76 77 78 79 80 81 82 83
(48,*) 0 1 2 3 4 5 6 7 8 9 10 11 12 13 14 15 16 17 18 19 20 21 22 23 24 47 49 50 51 52 53 54 55 56 57 58 59 60 61 62 63 64 65 66 67 68 0 1 2 3 4 5 75 76 77 78 79 80 81 82 83
(49,*) 0 1 2 3 4 5 6 7 8 9 10 11 12 13 14 15 16 17 18 19 20 21 22 23 24 47 48 50 51 52 53 54 55 56 57 58 59 60 61 62 63 64 65 66 67 68 0 1 2 3 4 5 75 76 77 78 79 80 81 82 83
(50,*) 0 1 2 3 4 5 6 7 8 9 10 11 12 13 14 15 16 17 18 19 20 21 22 23 24 47 48 49 51 52 53 54 55 56 57 58 59 60 61 62 63 64 65 66 67 68 0 1 2 3 4 5 75 76 77 78 79 80 81 82 83
(51,*) 0 1 2 3 4 5 6 7 8 9 10 11 12 13 14 15 16 17 18 19 20 21 22 23 24 47 48 49 50 52 53 54 55 56 57 58 59 60 61 62 63 64 65 66 67 68 0 1 2 3 4 5 75 76 77 78 79 80 81 82 83
(52,*) 0 1 2 3 4 5 6 7 8 9 10 11 12 13 14 15 16 17 18 19 20 21 22 23 24 47 48 49 50 51 53 54 55 56 57 58 59 60 61 62 63 64 65 66 67 68 0 1 2 3 4 5 75 76 77 78 79 80 81 82 83
(53,*) 0 1 2 3 4 5 6 7 8 9 10 11 12 13 14 15 16 17 18 19 20 21 22 23 24 47 48 49 50 51 52 54 55 56 57 58 59 60 61 62 63 64 65 66 67 68 0 1 2 3 4 5 75 76 77 78 79 80 81 82 83
(54,*) 0 1 2 3 4 5 6 7 8 9 10 11 12 13 14 15 16 17 18 19 20 21 22 23 24 47 48 49 50 51 52 53 55 56 57 58 59 60 61 62 63 64 65 66 67 68 0 1 2 3 4 5 75 76 77 78 79 80 81 82 83
(55,*) 0 1 2 3 4 5 6 7 8 9 10 11 12 13 14 15 16 17 18 19 20 21 22 23 24 47 48 49 50 51 52 53 54 56 57 58 59 60 61 62 63 64 65 66 67 68 0 1 2 3 4 5 75 76 77 78 79 80 81 82 83
(56,*) 0 1 2 3 4 5 6 7 8 9 10 11 12 13 14 15 16 17 18 19 20 21 22 23 24 47 48 49 50 51 52 53 54 55 57 58 59 60 61 62 63 64 65 66 67 68 0 1 2 3 4 5 75 76 77 78 79 80 81 82 83
(57,*) 0 1 2 3 4 5 6 7 8 9 10 11 12 13 14 15 16 17 18 19 20 21 22 23 24 47 48 49 50 51 52 53 54 55 56 58 59 60 61 62 63 64 65 66 67 68 0 1 2 3 4 5 75 76 77 78 79 80 81 82 83
(58,*) 0 1 2 3 4 5 6 7 8 9 10 11 12 13 14 15 16 17 18 19 20 21 22 23 24 47 48 49 50 51 52 53 54 55 56 57 59 60 61 62 63 64 65 66 67 68 0 1 2 3 4 5 75 76 77 78 79 80 81 82 83
(59,*) 0 1 2 3 4 5 6 7 8 9 10 11 12 13 14 15 16 17 18 19 20 21 22 23 24 47 48 49 50 51 52 53 54 55 56 57 58 60 61 62 63 64 65 66 67 68 0 1 2 3 4 5 75 76 77 78 79 80 81 82 83
(60,*) 0 1 2 3 4 5 6 7 8 9 10 11 12 13 14 15 16 17 18 19 20 21 22 23 24 47 48 49 50 51 52 53 54 55 56 57 58 59 61 62 63 64 65 66 67 68 0 1 2 3 4 5 75 76 77 78 79 80 81 82 83
(61,*) 0 1 2 3 4 5 6 7 8 9 10 11 12 13 14 15 16 17 18 19 20 21 22 23 24 47 48 49 50 51 52 53 54 55 56 57 58 59 60 62 63 64 65 66 67 68 0 1 2 3 4 5 75 76 77 78 79 80 81 82 83
(62,*) 0 1 2 3 4 5 6 7 8 9 10 11 12 13 14 15 16 17 18 19 20 21 22 23 24 47 48 49 50 51 52 53 54 55 56 57 58 59 60 61 63 64 65 66 67 68 0 1 2 3 4 5 75 76 77 78 79 80 81 82 83
(63,*) 0 1 2 3 4 5 6 7 8 9 10 11 12 13 14 15 16 17 18 19 20 21 22 23 24 47 48 49 50 51 52 53 54 55 56 57 58 59 60 61 62 64 65 66 67 68 0 1 2 3 4 5 75 76 77 78 79 80 81 82 83
(64,*) 0 1 2 3 4 5 6 7 8 9 10 11 12 13 14 15 16 17 18 19 20 21 22 23 24 47 48 49 50 51 52 53 54 55 56 57 58 59 60 61 62 63 65 66 67 68 0 1 2 3 4 5 75 76 77 78 79 80 81 82 83
(65,*) 0 1 2 3 4 5 6 7 8 9 10 11 12 13 14 15 16 17 18 19 20 21 22 23 24 47 48 49 50 51 52 53 54 55 56 57 58 59 60 61 62 63 64 66 67 68 0 1 2 3 4 5 75 76 77 78 79 80 81 82 83
(66,*) 0 1 2 3 4 5 6 7 8 9 10 11 12 13 14 15 16 17 18 19 20 21 22 23 24 47 48 49 50 51 52 53 54 55 56 57 58 59 60 61 62 63 64 65 67 68 0 1 2 3 4 5 75 76 77 78 79 80 81 82 83
(67,*) 0 1 2 3 4 5 6 7 8 9 10 11 12 13 14 15 16 17 18 19 20 21 22 23 24 47 48 49 50 51 52 53 54 55 56 57 58 59 60 61 62 63 64 65 66 68 0 1 2 3 4 5 75 76 77 78 79 80 81 82 83
(68,*) 0 1 2 3 4 5 6 7 8 9 10 11 12 13 14 15 16 17 18 19 20 21 22 23 24 47 48 49 50 51 52 53 54 55 56 57 58 59 60 61 62 63 64 65 66 67 0 1 2 3 4 5 75 76 77 78 79 80 81 82 83
(0,*) 2 3 4 5 6 7 8 9 10 11 12 13 14 15 16 17 18 19 20 21 22 23 24 47 48 49 50 51 52 53 54 55 56 57 58 59 60 61 62 63 64 65 66 67 68 2 3 4 5 75 76 77 78 79 80 81 82 83
(1,*) 2 3 4 5 6 7 8 9 10 11 12 13 14 15 16 17 18 19 20 21 22 23 24 47 48 49 50 51 52 53 54 55 56 57 58 59 60 61 62 63 64 65 66 67 68 2 3 4 5 75 76 77 78 79 80 81 82 83
(2,*) 0 1 4 5 6 7 8 9 10 11 12 13 14 15 16 17 18 19 20 21 22 23 24 47 48 49 50 51 52 53 54 55 56 57 58 59 60 61 62 63 64 65 66 67 68 0 1 4 5 75 76 77 78 79 80 81 82 83
(3,*) 0 1 4 5 6 7 8 9 10 11 12 13 14 15 16 17 18 19 20 21 22 23 24 47 48 49 50 51 52 53 54 55 56 57 58 59 60 61 62 63 64 65 66 67 68 0 1 4 5 75 76 77 78 79 80 81 82 83
(4,*) 0 1 2 3 6 7 8 9 10 11 12 13 14 15 16 17 18 19 20 21 22 23 24 47 48 49 50 51 52 53 54 55 56 57 58 59 60 61 62 63 64 65 66 67 68 0 1 2 3 75 76 77 78 79 80 81 82 83
(5,*) 0 1 2 3 6 7 8 9 10 11 12 13 14 15 16 17 18 19 20 21 22 23 24 47 48 49 50 51 52 53 54 55 56 57 58 59 60 61 62 63 64 65 66 67 68 0 1 2 3 75 76 77 78 79 80 81 82 83
(75,*) 0 1 2 3 4 5 6 7 8 9 10 11 12 13 14 15 16 17 18 19 20 21 22 23 24 47 48 49 50 51 52 53 54 55 56 57 58 59 60 61 62 63 64 65 66 67 68 0 1 2 3 4 5 76 77 78 79 80 81 82 83
(76,*) 0 1 2 3 4 5 6 7 8 9 10 11 12 13 14 15 16 17 18 19 20 21 22 23 24 47 48 49 50 51 52 53 54 55 56 57 58 59 60 61 62 63 64 65 66 67 68 0 1 2 3 4 5 75 77 78 79 80 81 82 83
(77,*) 0 1 2 3 4 5 6 7 8 9 10 11 12 13 14 15 16 17 18 19 20 21 22 23 24 47 48 49 50 51 52 53 54 55 56 57 58 59 60 61 62 63 64 65 66 67 68 0 1 2 3 4 5 75 76 78 79 80 81 82 83
(78,*) 0 1 2 3 4 5 6 7 8 9 10 11 12 13 14 15 16 17 18 19 20 21 22 23 24 47 48 49 50 51 52 53 54 55 56 57 58 59 60 61 62 63 64 65 66 67 68 0 1 2 3 4 5 75 76 77 79 80 81 82 83
(79,*) 0 1 2 3 4 5 6 7 8 9 10 11 12 13 14 15 16 17 18 19 20 21 22 23 24 47 48 49 50 51 52 53 54 55 56 57 58 59 60 61 62 63 64 65 66 67 68 0 1 2 3 4 5 75 76 77 78 80 81 82 83
(80,*) 0 1 2 3 4 5 6 7 8 9 10 11 12 13 14 15 16 17 18 19 20 21 22 23 24 47 48 49 50 51 52 53 54 55 56 57 58 59 60 61 62 63 64 65 66 67 68 0 1 2 3 4 5 75 76 77 78 79 81 82 83
(81,*) 0 1 2 3 4 5 6 7 8 9 10 11 12 13 14 15 16 17 18 19 20 21 22 23 24 47 48 49 50 51 52 53 54 55 56 57 58 59 60 61 62 63 64 65 66 67 68 0 1 2 3 4 5 75 76 77 78 79 80 82 83
(82,*) 0 1 2 3 4 5 6 7 8 9 10 11 12 13 14 15 16 17 18 19 20 21 22 23 24 47 48 49 50 51 52 53 54 55 56 57 58 59 60 61 62 63 64 65 66 67 68 0 1 2 3 4 5 75 76 77 78 79 80 81 83
(83,*) 0 1 2 3 4 5 6 7 8 9 10 11 12 13 14 15 16 17 18 19 20 21 22 23 24 47 48 49 50 51 52 53 54 55 56 57 58 59 60 61 62 63 64 65 66 67 68 0 1 2 3 4 5 75 76 77 78 79 80 81 82
;
set A2:=
(0,*) 1
(1,*) 0
(2,*) 3
(3,*) 2
(4,*) 5
(5,*) 4
;
param BigM:=99999;
param n:= 9;
param d:=
1	2
2	9
3	5
4	1
5	18
6	16
7	6
8	6
9	8
10	17
11	2
12	7
13	20
14	4
15	12
16	10
17	7
18	15
19	30
20	7
21	12
22	25
23	24
24	24
25	9
26	12
27	1
28	10
29	5
30	5
31	9
32	23
33	39
34	2
35	23
36	10
37	12
38	21
39	25
40	13
41	5
42	13
43	15
44	25
45	22
46	18
47	1
48	6
49	16
50	3
51	12
52	20
53	17
54	13
55	3
56	7
57	13
58	5
59	23
60	19
61	15
62	9
63	23
64	8
65	5
66	8
67	8
68	7
;
param Q:=100;
param w:=
[0,*] 1 0.5
[1,*] 0 0.5
[2,*] 3 0.5
[3,*] 2 0.5
[4,*] 5 0.5
[5,*] 4 0.5
;
param V:=
[0,*] 1 78
[1,*] 0 78
[2,*] 3 84
[3,*] 2 84
[4,*] 5 99
[5,*] 4 99
;
param e:
	0	1	2	3	4	5	75	76	77	78	79	80	81	82	83:=
25	0	0	0	0	0	0	1	0	0	0	0	0	0	0	0	
26	0	0	0	0	0	0	0	0	0	0	0	0	0	0	0	
27	0	0	0	0	0	0	0	0	0	0	0	0	0	0	0	
28	0	0	0	0	0	0	0	0	1	0	0	0	0	0	0	
29	0	0	0	0	0	0	0	0	0	0	0	0	0	0	0	
30	0	0	0	0	0	0	0	0	0	0	0	0	0	0	0	
31	0	0	0	0	0	0	1	0	0	0	0	0	0	0	0	
32	0	0	0	0	0	0	1	0	0	0	0	0	0	0	0	
33	0	0	0	0	0	0	0	0	1	0	0	0	0	0	0	
34	0	0	0	0	0	0	0	0	0	0	0	0	0	0	0	
35	0	0	0	0	0	0	0	0	0	0	0	0	0	0	0	
36	0	0	0	0	0	0	0	0	0	0	0	0	0	0	0	
37	0	0	0	0	0	0	0	0	0	0	0	0	0	0	0	
38	0	0	0	0	0	0	0	0	0	0	0	0	0	0	0	
39	0	0	0	0	0	0	1	0	0	0	0	0	0	0	0	
40	0	0	0	0	0	0	1	0	0	0	0	0	0	0	0	
41	0	0	0	0	0	0	0	1	0	0	0	0	0	0	0	
42	0	0	0	0	0	0	0	0	0	0	0	0	0	0	0	
43	0	0	0	0	0	0	0	0	0	0	0	0	0	0	0	
44	0	0	0	0	0	0	0	0	0	0	0	0	0	0	0	
45	0	0	0	0	0	0	0	1	0	0	0	0	0	0	0	
46	0	0	0	0	0	0	0	0	1	0	0	0	0	0	0	
47	0	0	0	0	0	0	0	1	0	0	0	0	0	0	0	
48	0	0	0	0	0	0	0	0	1	0	0	0	0	0	0	
49	0	0	0	0	0	0	1	0	0	0	0	0	0	0	0	
50	0	0	0	0	0	0	0	1	0	0	0	0	0	0	0	
51	0	0	0	0	0	0	0	1	0	0	0	0	0	0	0	
52	0	0	0	0	0	0	0	1	0	0	0	0	0	0	0	
53	0	0	0	0	0	0	1	1	0	0	0	0	0	0	0	
54	0	0	0	0	0	0	0	1	0	0	0	0	0	0	0	
55	0	0	0	0	0	0	1	0	0	0	0	0	0	0	0	
56	0	0	0	0	0	0	0	1	0	0	0	0	0	0	0	
57	0	0	0	0	0	0	1	0	0	0	0	0	0	0	0	
58	0	0	0	0	0	0	1	0	0	0	0	0	0	0	0	
59	0	0	0	0	0	0	0	0	1	0	0	0	0	0	0	
60	0	0	0	0	0	0	0	0	1	0	0	0	0	0	0	
61	0	0	0	0	0	0	1	0	0	0	0	0	0	0	0	
62	0	0	0	0	0	0	0	0	0	0	0	0	0	0	0	
63	0	0	0	0	0	0	0	0	0	0	0	0	0	0	0	
64	0	0	0	0	0	0	1	0	0	0	0	0	0	0	0	
65	0	0	0	0	0	0	1	0	1	0	0	0	0	0	0	
66	0	0	0	0	0	0	0	0	1	0	0	0	0	0	0	
67	0	0	0	0	0	0	0	1	0	0	0	0	0	0	0	
68	0	0	0	0	0	0	0	0	1	0	0	0	0	0	0	
;
param p:=
1	3
2	3
3	3
4	3
5	3
6	3
7	3
8	3
9	3
;
param G:=
0	76
1	78
2	84
3	83
4	99
5	99
75	81
76	96
77	82
78	71
79	92
80	84
81	97
82	87
83	95
;
param s:=
0	0
1	15
2	15
3	15
4	15
5	15
6	15
7	15
8	15
9	15
10	15
11	15
12	15
13	15
14	15
15	15
16	15
17	15
18	15
19	15
20	15
21	15
22	15
23	15
24	15
47	15
48	15
49	15
50	15
51	15
52	15
53	15
54	15
55	15
56	15
57	15
58	15
59	15
60	15
61	15
62	15
63	15
64	15
65	15
66	15
67	15
68	15
0	10
1	10
2	10
3	10
4	10
5	10
75	10
76	10
77	10
78	10
79	10
80	10
81	10
82	10
83	10
;
param t:
	0	1	2	3	4	5	6	7	8	9	10	11	12	13	14	15	16	17	18	19	20	21	22	23	24	25	26	27	28	29	30	31	32	33	34	35	36	37	38	39	40	41	42	43	44	45	46	47	48	49	50	51	52	53	54	55	56	57	58	59	60	61	62	63	64	65	66	67	68	69	70	71	72	73	74	75	76	77	78	79	80	81	82	83:=
0	0.0	54.23	44.82	57.25	39.22	27.86	57.01	6.08	63.81	40.31	8.25	47.68	17.49	61.1	59.36	19.65	37.8	38.6	45.28	29.07	26.91	36.4	45.18	49.19	28.16	61.13	46.27	60.0	53.81	27.2	55.01	44.28	23.26	30.36	25.61	57.01	55.44	66.47	49.73	56.44	26.02	64.64	50.7	32.7	44.82	28.32	47.51	34.66	54.13	37.54	13.04	22.83	36.35	11.18	24.41	31.58	17.49	44.05	46.69	52.48	69.31	52.55	39.2	55.0	22.56	21.93	61.74	31.02	29.73	46.69	57.49	44.41	44.69	47.54	32.7	24.04	25.08	83.19	26.0	19.85	48.37	25.94	17.46	51.61
1	54.23	0.0	79.25	81.15	40.31	39.2	14.87	55.95	55.15	58.19	53.6	79.92	69.12	7.07	53.0	34.89	28.46	73.68	11.18	25.3	32.02	90.48	17.72	36.24	81.61	38.08	86.68	15.13	62.59	58.22	74.33	10.2	42.45	64.66	30.41	14.87	106.4	68.07	34.06	28.64	49.25	114.21	74.73	81.06	85.29	71.03	45.89	87.46	75.03	25.96	66.1	73.5	87.48	45.28	70.35	33.02	59.3	17.46	29.27	69.89	69.0	2.24	81.06	21.59	45.01	49.52	47.38	85.23	49.65	84.72	66.29	85.8	17.89	94.07	63.64	33.24	79.31	97.02	31.89	73.36	68.15	28.46	71.69	66.1
2	44.82	79.25	0.0	100.65	41.05	70.29	73.0	50.22	107.17	23.54	37.48	89.55	53.49	85.99	102.83	55.76	51.24	6.4	68.07	58.31	48.38	45.54	79.31	50.8	38.0	100.85	84.2	76.01	98.6	21.93	99.32	69.86	66.53	73.93	51.62	73.0	78.31	111.13	89.89	93.91	30.36	88.46	94.51	66.71	9.9	17.46	90.79	59.08	98.27	53.46	37.16	57.57	31.05	53.76	22.47	71.85	27.59	62.39	85.59	97.08	113.9	78.64	11.4	90.08	35.47	66.6	103.81	46.01	74.33	6.71	102.3	82.01	62.29	79.63	15.81	48.47	45.28	127.26	64.35	49.73	92.91	55.95	43.68	96.4
3	57.25	81.15	100.65	0.0	91.2	44.55	92.72	51.26	40.31	97.02	65.46	13.04	48.01	84.97	38.01	59.0	84.1	94.81	79.56	67.36	74.01	69.66	63.56	98.05	69.35	55.17	25.3	94.56	22.02	84.43	7.81	75.96	44.05	26.93	70.01	92.72	55.11	28.86	50.22	59.82	82.0	56.01	7.0	40.0	98.18	83.24	37.2	53.25	6.4	82.22	63.63	45.34	80.66	52.61	78.39	49.48	74.46	83.36	53.34	12.04	31.58	78.92	92.65	64.9	77.28	39.12	46.4	64.44	34.13	101.02	20.59	26.93	84.34	38.33	89.89	71.03	60.83	27.02	54.45	53.26	13.0	66.12	58.6	16.28
4	39.22	40.31	41.05	91.2	0.0	48.76	32.06	44.64	81.99	18.25	32.65	84.15	56.46	46.49	78.29	32.56	12.21	36.5	29.53	27.29	17.72	67.18	45.97	11.4	57.28	70.18	84.93	35.01	80.36	23.71	86.83	32.45	47.68	66.12	22.14	32.06	93.3	90.62	61.03	61.52	16.28	102.96	84.21	71.87	48.84	38.47	67.12	71.87	86.58	15.0	44.41	61.85	58.52	39.05	40.22	46.62	31.11	22.85	55.8	83.19	92.7	40.25	45.88	55.97	17.0	52.09	76.28	63.78	57.71	47.27	84.48	83.2	22.47	86.73	26.93	20.4	59.2	114.34	39.22	57.31	79.76	26.93	52.7	80.81
5	27.86	39.2	70.29	44.55	48.76	0.0	48.85	25.32	36.88	58.83	33.29	41.15	35.36	44.55	32.56	16.55	40.11	63.89	35.47	23.0	31.05	61.0	23.6	54.15	54.45	33.54	47.51	50.99	31.62	49.52	39.01	32.2	5.0	25.5	26.68	48.85	69.35	42.54	22.2	30.15	43.83	76.28	37.66	43.83	71.87	55.23	20.52	52.89	39.12	38.01	40.52	38.33	63.79	17.0	51.88	6.4	43.01	38.83	20.1	35.01	44.94	37.01	66.37	30.68	38.28	11.18	34.0	55.01	10.77	73.24	35.74	46.69	39.81	55.61	55.87	28.46	49.0	65.76	10.0	41.11	32.06	22.2	42.11	32.25
6	57.01	14.87	73.0	92.72	32.06	48.85	0.0	60.14	69.58	50.25	54.2	89.96	73.59	17.69	67.19	39.7	22.56	68.12	13.42	29.07	30.89	91.79	31.0	24.7	82.3	52.89	95.19	3.16	75.54	53.76	86.35	16.76	51.0	73.43	31.4	0.0	111.73	82.02	48.09	43.42	44.91	120.28	86.02	87.11	80.31	67.91	59.14	91.55	86.83	21.19	67.23	78.49	86.38	50.25	68.31	43.32	57.58	13.04	43.01	82.0	83.15	16.49	76.79	36.4	42.06	57.8	61.98	87.13	59.62	79.06	79.4	94.03	12.53	101.04	58.22	33.29	81.54	110.37	39.82	76.84	79.81	31.83	74.06	78.45
7	6.08	55.95	50.22	51.26	44.64	25.32	60.14	0.0	59.94	46.39	14.32	41.59	13.45	62.61	55.47	21.1	42.19	44.1	47.8	31.4	31.06	36.22	45.12	54.23	29.15	58.86	40.45	63.03	48.8	33.24	49.24	46.32	20.4	24.35	29.07	60.14	51.62	61.62	47.52	55.01	32.0	60.44	44.78	27.78	49.52	33.3	43.86	31.62	48.3	41.62	15.65	18.44	38.6	10.77	29.0	30.0	23.26	47.38	45.04	46.87	64.54	54.12	43.86	54.33	28.28	17.49	58.52	30.41	25.24	51.66	52.35	38.64	48.1	42.49	38.63	28.02	24.33	77.37	25.71	17.46	42.72	28.43	17.03	46.23
8	63.81	55.15	107.17	40.31	81.99	36.88	69.58	59.94	0.0	94.64	70.0	47.8	65.8	56.08	4.47	52.4	71.11	100.77	58.94	54.71	64.9	92.18	39.05	84.31	87.66	18.68	60.21	70.26	18.97	86.28	32.65	54.82	40.8	45.28	60.46	69.58	89.45	14.76	21.84	27.07	80.06	92.96	37.34	67.12	108.47	91.84	16.4	79.63	34.44	68.45	75.59	66.49	98.09	53.6	88.2	36.24	79.81	65.15	27.2	29.15	14.56	53.24	102.9	34.01	74.41	42.49	8.25	86.13	34.93	110.0	19.72	60.83	66.1	72.69	92.66	63.01	80.65	44.78	44.05	72.12	31.05	55.47	75.03	25.3
9	40.31	58.19	23.54	97.02	18.25	58.83	50.25	46.39	94.64	0.0	32.14	87.97	55.15	64.56	90.6	42.44	29.73	20.12	47.17	41.11	30.48	58.31	61.61	27.29	48.76	85.04	86.0	53.15	89.89	14.32	93.92	49.66	56.36	70.41	34.66	50.25	88.26	101.36	74.95	77.01	15.23	98.35	90.25	70.46	32.31	26.4	78.82	67.05	93.3	32.31	39.81	60.3	46.75	44.94	30.02	58.41	25.32	40.8	70.04	90.82	103.77	57.94	30.53	72.11	20.59	58.87	89.87	56.36	65.8	30.08	93.91	84.01	40.52	85.0	12.81	31.83	53.14	122.09	50.61	53.94	86.98	39.6	48.27	89.16
10	8.25	53.6	37.48	65.46	32.65	33.29	54.2	14.32	70.0	32.14	0.0	55.9	24.04	60.64	65.6	21.21	33.3	31.14	43.66	28.44	23.32	37.59	47.17	43.27	28.23	65.55	54.08	57.31	61.22	18.97	63.07	43.42	29.21	38.6	23.41	54.2	60.75	73.66	54.23	59.91	18.25	70.33	58.87	39.56	38.59	21.95	53.6	39.41	62.24	33.6	13.04	29.41	34.13	16.4	18.97	35.85	9.9	41.18	50.6	60.42	76.42	52.17	33.12	57.56	15.65	29.21	67.23	33.02	36.88	40.0	65.0	52.15	41.68	54.41	24.6	21.02	27.66	91.29	29.12	24.7	56.36	25.32	20.52	59.36
11	47.68	79.92	89.55	13.04	84.15	41.15	89.96	41.59	47.8	87.97	55.9	0.0	36.24	84.63	44.6	53.15	78.45	83.93	76.56	62.64	67.74	56.73	63.01	92.07	56.85	59.68	13.04	92.14	28.86	74.73	17.12	73.35	39.22	18.03	64.13	89.96	43.19	39.0	52.5	62.48	73.33	45.4	11.0	27.02	86.45	72.09	40.22	40.22	15.13	76.9	52.39	33.02	68.12	45.1	67.12	47.01	64.29	79.38	54.45	19.1	42.01	77.7	81.01	66.47	69.07	32.98	52.39	51.62	30.41	89.47	29.15	14.32	80.32	26.17	79.81	64.63	48.27	39.6	50.33	41.05	16.76	60.88	46.65	22.56
12	17.49	69.12	53.49	48.01	56.46	35.36	73.59	13.45	65.8	55.15	24.04	36.24	0.0	75.66	61.4	34.41	55.22	48.08	61.22	44.82	44.2	26.48	57.25	66.65	22.47	68.01	31.26	76.49	51.48	41.01	48.08	59.64	30.41	22.8	42.45	73.59	38.21	64.5	57.04	65.49	42.2	47.2	42.52	15.52	50.25	36.06	50.8	18.36	46.69	54.82	16.49	5.39	33.6	23.85	31.02	41.0	30.0	60.81	55.44	46.86	67.6	67.23	44.78	65.73	39.56	25.0	65.92	20.4	31.4	53.24	54.38	29.15	61.52	30.36	45.18	41.23	14.87	75.0	38.08	6.32	42.64	41.87	10.63	47.43
13	61.1	7.07	85.99	84.97	46.49	44.55	17.69	62.61	56.08	64.56	60.64	84.63	75.66	0.0	54.45	41.63	34.93	80.5	18.03	32.28	39.05	97.41	21.63	41.34	88.6	38.05	92.02	16.64	65.46	65.12	77.88	17.26	48.17	70.04	37.48	17.69	112.65	69.72	36.14	29.02	56.14	120.25	78.77	87.2	92.2	78.06	48.7	94.02	78.72	32.56	73.08	79.92	94.54	51.88	77.41	38.21	66.37	23.77	31.95	73.41	70.35	8.54	88.02	22.09	52.0	55.23	48.01	92.11	54.67	91.55	68.96	91.24	24.04	99.9	70.46	40.31	86.16	99.25	38.01	80.06	72.01	35.44	78.55	69.46
14	59.36	53.0	102.83	38.01	78.29	32.56	67.19	55.47	4.47	90.6	65.6	44.6	61.4	54.45	0.0	48.27	67.62	96.43	56.09	51.0	61.06	87.8	36.35	80.99	83.22	18.36	56.75	68.03	16.12	82.02	30.23	51.97	36.4	41.11	56.6	67.19	85.71	15.3	19.1	25.71	75.93	89.5	34.44	63.03	104.04	87.42	12.04	75.43	31.91	65.0	71.12	62.17	93.62	49.2	83.76	32.2	75.43	62.1	24.33	26.42	16.0	51.01	98.47	32.39	70.29	38.01	8.49	81.74	30.46	105.6	17.69	57.27	63.06	69.05	88.39	59.08	76.24	45.22	40.0	67.72	27.86	51.62	70.58	22.36
15	19.65	34.89	55.76	59.0	32.56	16.55	39.7	21.1	52.4	42.44	21.21	53.15	34.41	41.63	48.27	0.0	25.32	49.4	26.91	10.63	15.03	56.04	26.02	39.12	47.68	45.18	56.36	42.45	48.1	34.21	54.33	25.24	15.13	35.44	11.05	39.7	72.25	59.06	34.13	38.9	27.66	80.62	52.0	47.42	58.69	42.38	36.4	52.7	54.15	23.77	32.25	39.05	55.0	10.63	40.02	16.28	29.73	27.46	29.97	50.64	61.4	33.11	53.49	36.35	22.02	20.22	48.27	50.6	25.18	59.48	52.2	55.01	28.3	61.4	40.61	12.17	44.6	81.79	8.6	38.47	47.27	8.06	37.0	48.27
16	37.8	28.46	51.24	84.1	12.21	40.11	22.56	42.19	71.11	29.73	33.3	78.45	55.22	34.93	67.62	25.32	0.0	46.01	17.46	17.26	11.18	70.46	34.06	14.04	60.75	58.41	80.99	25.71	71.2	31.26	79.03	20.25	40.05	60.64	14.32	22.56	93.24	80.65	49.74	49.58	22.36	102.42	77.1	69.97	58.03	45.35	56.92	72.25	79.0	2.83	46.23	60.46	64.08	34.18	45.88	36.88	35.34	11.18	44.42	75.11	82.54	28.23	54.33	43.86	19.7	45.54	65.0	66.22	50.01	57.04	75.31	79.48	11.05	84.6	36.0	14.32	60.96	105.8	30.15	57.38	72.01	18.0	53.76	72.34
17	38.6	73.68	6.4	94.81	36.5	63.89	68.12	44.1	100.77	20.12	31.14	83.93	48.08	80.5	96.43	49.4	46.01	0.0	62.51	52.2	42.45	42.72	73.16	46.84	34.37	94.51	79.08	71.18	92.31	15.81	93.3	64.13	60.14	68.0	45.54	68.12	74.97	104.8	83.53	87.66	24.52	85.16	88.59	61.81	12.37	12.17	84.39	55.04	92.28	48.09	31.62	52.39	29.07	47.38	17.26	65.46	21.26	57.08	79.26	90.97	107.56	72.99	10.63	83.93	29.41	60.31	97.42	42.43	68.01	11.05	96.05	76.9	57.04	75.17	10.05	42.38	41.0	121.31	57.98	44.72	86.82	49.77	38.64	90.21
18	45.28	11.18	68.07	79.56	29.53	35.47	13.42	47.8	58.94	47.17	43.66	76.56	61.22	18.03	56.09	26.91	17.46	62.51	0.0	16.4	21.21	81.02	19.92	27.02	71.87	43.83	81.84	15.81	63.07	47.1	73.35	4.12	37.59	60.03	20.25	13.42	99.16	70.46	37.11	34.48	38.12	107.48	72.8	74.25	74.17	60.13	47.04	79.4	73.76	14.87	56.46	65.95	77.13	37.54	59.68	30.08	48.66	7.07	31.78	69.05	71.85	10.77	70.01	28.02	34.01	44.42	51.87	76.03	46.24	73.55	67.03	80.71	7.81	87.97	52.47	22.8	70.24	98.05	26.42	64.9	66.71	19.42	62.65	65.62
19	29.07	25.3	58.31	67.36	27.29	23.0	29.07	31.4	54.71	41.11	28.44	62.64	44.82	32.28	51.0	10.63	17.26	52.2	16.4	0.0	10.63	65.19	21.02	31.26	56.32	43.93	66.65	31.83	53.94	36.4	62.01	15.23	23.54	45.31	6.71	29.07	82.81	63.57	34.06	36.06	28.18	91.24	60.41	58.05	62.82	47.38	39.92	63.01	62.07	15.03	40.8	49.58	62.51	21.21	46.01	19.65	35.06	17.0	29.0	58.01	65.55	23.77	58.05	31.78	22.85	29.73	49.2	60.01	33.24	62.94	58.05	65.37	17.89	72.01	42.54	9.85	54.13	88.57	13.0	48.55	55.04	3.16	46.52	55.15
20	26.91	32.02	48.38	74.01	17.72	31.05	30.89	31.06	64.9	30.48	23.32	67.74	44.2	39.05	61.06	15.03	11.18	42.45	21.21	10.63	0.0	60.9	31.38	24.33	51.43	54.56	69.89	34.0	62.64	26.68	69.35	22.02	30.15	49.82	4.47	30.89	82.33	73.01	44.6	46.62	18.03	91.4	67.01	58.83	53.6	39.01	49.65	61.52	69.18	10.63	36.36	49.41	56.04	23.09	38.47	29.07	27.46	17.89	39.6	65.62	75.15	31.02	49.16	42.06	13.15	35.06	59.67	56.3	40.2	53.37	66.76	68.35	18.36	73.43	32.57	3.16	50.8	96.69	21.54	46.67	62.29	9.43	43.42	63.15
21	36.4	90.48	45.54	69.66	67.18	61.0	91.79	36.22	92.18	58.31	37.59	56.73	26.48	97.41	87.8	56.04	70.46	42.72	81.02	65.19	60.9	0.0	81.22	78.52	9.9	94.19	46.86	94.89	77.08	45.0	71.56	80.41	56.0	47.93	60.84	91.79	33.0	89.96	83.05	91.05	50.91	43.05	65.46	29.73	38.0	32.2	77.28	17.2	69.89	71.02	24.6	26.0	15.03	46.69	28.3	66.12	36.07	78.77	81.02	71.2	93.11	88.87	34.23	90.55	51.22	51.24	92.4	6.08	57.87	42.01	79.62	44.69	79.26	38.01	45.65	58.59	12.0	96.26	61.81	20.22	67.12	62.03	19.24	72.45
22	45.18	17.72	79.31	63.56	45.97	23.6	31.0	45.12	39.05	61.61	47.17	63.01	57.25	21.63	36.35	26.02	34.06	73.16	19.92	21.02	31.38	81.22	0.0	46.14	73.33	24.41	70.71	32.14	44.91	57.38	56.65	15.81	27.78	48.84	27.73	31.0	92.78	51.04	17.26	15.56	49.19	99.86	57.25	67.23	83.52	67.68	28.28	75.39	57.38	31.24	58.08	60.93	81.01	34.53	65.76	17.2	55.11	26.4	12.04	52.2	52.24	15.52	78.59	10.77	43.86	34.67	31.95	75.5	33.24	83.82	48.66	70.04	27.31	79.2	63.56	30.87	69.43	79.51	19.42	62.36	50.57	23.41	61.98	48.38
23	49.19	36.24	50.8	98.05	11.4	54.15	24.7	54.23	84.31	27.29	43.27	92.07	66.65	41.34	80.99	39.12	14.04	46.84	27.02	31.26	24.33	78.52	46.14	0.0	68.62	70.49	93.96	27.2	85.16	34.99	93.05	30.81	54.01	74.15	28.07	24.7	104.01	94.37	62.65	61.29	27.66	113.53	91.05	81.86	59.2	49.74	70.6	82.66	93.01	16.28	55.44	72.01	69.89	47.3	51.61	50.8	42.45	20.0	57.27	89.14	96.17	36.8	56.65	55.0	27.8	59.3	77.82	75.01	64.0	57.27	89.27	92.35	19.21	96.66	37.7	27.46	70.29	119.82	44.18	67.96	86.02	32.02	63.6	86.37
24	28.16	81.61	38.0	69.35	57.28	54.45	82.3	29.15	87.66	48.76	28.23	56.85	22.47	88.6	83.22	47.68	60.75	34.37	71.87	56.32	51.43	9.9	73.33	68.62	0.0	87.97	48.76	85.42	73.93	35.23	70.18	71.47	49.5	45.22	51.62	82.3	40.61	86.95	76.66	84.1	41.01	50.8	64.38	30.89	31.78	23.09	72.12	21.21	68.68	61.4	15.52	24.04	11.31	39.01	18.79	59.08	26.17	69.32	74.17	69.2	90.05	80.08	27.17	83.05	41.4	45.61	87.09	8.06	52.81	35.51	76.85	46.53	69.77	42.2	36.25	49.24	8.6	96.33	54.08	16.4	65.0	53.16	12.65	69.89
25	61.13	38.08	100.85	55.17	70.18	33.54	52.89	58.86	18.68	85.04	65.55	59.68	68.01	38.05	18.36	45.18	58.41	94.51	43.83	43.93	54.56	94.19	24.41	70.49	87.97	0.0	70.68	53.15	33.24	79.08	47.38	39.82	38.47	51.66	50.45	52.89	97.8	33.24	11.4	9.49	71.61	102.88	50.61	73.35	103.79	87.32	19.7	84.38	48.84	55.61	73.98	70.11	97.29	50.0	84.5	29.73	74.73	50.61	15.26	43.19	33.24	36.4	98.49	16.49	66.03	43.01	10.44	88.14	37.22	104.66	35.61	70.77	51.48	81.93	85.44	53.41	82.22	63.32	36.67	74.06	43.6	45.61	75.54	38.95
26	46.27	86.68	84.2	25.3	84.93	47.51	95.19	40.45	60.21	86.0	54.08	13.04	31.26	92.02	56.75	56.36	80.99	79.08	81.84	66.65	69.89	46.86	70.71	93.96	48.76	70.68	0.0	97.64	41.44	72.06	30.15	79.06	44.41	22.02	66.85	95.19	30.15	52.01	62.43	72.4	72.25	32.76	24.02	17.89	79.85	66.94	50.99	29.73	28.16	79.85	47.68	26.68	59.68	46.82	61.85	53.81	61.13	83.65	63.6	32.02	55.04	84.5	74.67	75.6	68.73	37.44	64.2	42.44	37.48	83.22	42.05	2.24	84.53	13.15	76.42	66.73	40.25	50.22	55.47	34.48	29.27	64.4	40.52	35.23
27	60.0	15.13	76.01	94.56	35.01	50.99	3.16	63.03	70.26	53.15	57.31	92.14	76.49	16.64	68.03	42.45	25.71	71.18	15.81	31.83	34.0	94.89	32.14	27.2	85.42	53.15	97.64	0.0	76.94	56.89	88.06	18.79	53.34	75.8	34.41	3.16	114.59	83.01	49.0	43.74	48.05	123.07	87.92	89.87	83.38	71.06	60.41	94.49	88.6	24.35	70.33	81.34	89.54	53.04	71.47	45.31	60.75	16.12	44.05	83.68	84.02	17.03	79.91	36.67	45.22	60.21	62.51	90.21	61.74	82.1	80.75	96.52	15.65	103.71	61.29	36.36	84.6	111.65	42.19	79.81	81.61	34.66	77.1	80.05
28	53.81	62.59	98.6	22.02	80.36	31.62	75.54	48.8	18.97	89.89	61.22	28.86	51.48	65.46	16.12	48.1	71.2	92.31	63.07	53.94	62.64	77.08	44.91	85.16	73.93	33.24	41.44	76.94	0.0	79.32	14.21	59.14	33.54	29.15	58.24	75.54	71.06	13.04	29.55	38.59	74.71	74.15	18.38	50.01	98.31	82.04	16.76	63.06	15.81	68.88	63.89	51.08	84.91	45.49	77.79	34.37	71.06	68.03	33.53	10.3	16.12	60.42	92.66	44.28	69.32	32.02	24.41	71.18	24.41	100.42	4.12	42.19	69.03	54.15	85.45	60.08	66.19	35.0	41.23	57.71	12.17	53.6	61.59	6.32
29	27.2	58.22	21.93	84.43	23.71	49.52	53.76	33.24	86.28	14.32	18.97	74.73	41.01	65.12	82.02	34.21	31.26	15.81	47.1	36.4	26.68	45.0	57.38	34.99	35.23	79.08	72.06	56.89	79.32	0.0	81.94	48.51	46.23	57.57	29.73	53.76	74.09	91.4	68.24	72.01	9.0	84.15	77.83	56.22	27.07	14.76	70.01	52.81	81.15	33.06	25.5	46.1	35.0	33.84	16.97	50.45	11.05	42.05	63.81	79.16	94.02	57.43	23.09	68.15	13.6	47.51	82.46	42.54	54.92	26.68	83.22	70.03	42.11	70.71	6.4	26.57	39.0	110.17	42.8	39.62	75.15	34.01	33.96	77.9
30	55.01	74.33	99.32	7.81	86.83	39.01	86.35	49.24	32.65	93.92	63.07	17.12	48.08	77.88	30.23	54.33	79.03	93.3	73.35	62.01	69.35	71.56	56.65	93.05	70.18	47.38	30.15	88.06	14.21	81.94	0.0	69.63	39.2	25.61	65.19	86.35	60.3	22.09	42.72	52.2	78.75	62.13	6.32	42.49	97.62	82.1	29.68	55.9	2.0	77.0	62.8	46.23	81.47	49.04	77.42	43.42	72.47	77.52	46.07	4.47	25.02	72.11	92.01	57.45	73.76	35.17	38.6	66.03	29.15	100.21	13.0	31.4	78.52	43.29	87.66	66.48	61.85	28.23	49.01	53.81	7.07	61.03	58.69	8.6
31	44.28	10.2	69.86	75.96	32.45	32.2	16.76	46.32	54.82	49.66	43.42	73.35	59.64	17.26	51.97	25.24	20.25	64.13	4.12	15.23	22.02	80.41	15.81	30.81	71.47	39.82	79.06	18.79	59.14	48.51	69.63	0.0	34.67	57.14	20.22	16.76	97.31	66.37	32.98	30.53	39.62	105.42	69.26	72.18	75.54	61.0	43.01	77.94	70.09	17.49	55.97	64.2	77.28	35.81	60.21	26.57	49.16	10.82	27.66	65.31	67.74	9.0	71.18	24.21	35.13	41.62	47.76	75.24	42.95	75.13	63.07	78.01	11.66	85.63	54.13	23.09	69.35	94.09	23.6	63.63	63.06	18.38	61.74	61.81
32	23.26	42.45	66.53	44.05	47.68	5.0	51.0	20.4	40.8	56.36	29.21	39.22	30.41	48.17	36.4	15.13	40.05	60.14	37.59	23.54	30.15	56.0	27.78	54.01	49.5	38.47	44.41	53.34	33.54	46.23	39.2	34.67	0.0	22.47	26.02	51.0	65.0	45.22	27.17	35.13	41.18	72.2	37.05	39.45	67.68	51.04	24.41	48.08	39.05	38.21	35.74	33.53	58.94	12.81	47.51	10.77	39.05	40.16	25.08	35.51	47.8	40.31	62.13	35.44	35.78	7.07	38.48	50.01	10.05	69.2	37.58	43.42	41.11	51.74	52.5	27.29	44.0	66.71	11.18	36.12	32.14	22.09	37.12	33.24
33	30.36	64.66	73.93	26.93	66.12	25.5	73.43	24.35	45.28	70.41	38.6	18.03	22.8	70.04	41.11	35.44	60.64	68.0	60.03	45.31	49.82	47.93	48.84	74.15	45.22	51.66	22.02	75.8	29.15	57.57	25.61	57.14	22.47	0.0	46.32	73.43	46.17	42.05	42.15	51.89	55.58	51.88	20.59	22.02	72.01	56.6	32.39	34.37	24.41	59.2	37.2	21.93	56.4	27.07	51.87	31.83	47.54	62.24	42.54	24.08	45.19	62.48	66.4	54.38	51.16	15.65	47.1	42.05	15.81	74.63	31.76	21.21	63.16	30.89	62.97	46.69	37.22	53.34	33.62	28.84	19.85	43.32	33.3	24.7
34	25.61	30.41	51.62	70.01	22.14	26.68	31.4	29.07	60.46	34.66	23.41	64.13	42.45	37.48	56.6	11.05	14.32	45.54	20.25	6.71	4.47	60.84	27.73	28.07	51.62	50.45	66.85	34.41	58.24	29.73	65.19	20.22	26.02	46.32	0.0	31.4	80.66	68.54	40.31	42.72	21.47	89.5	63.01	56.61	56.29	41.11	45.18	60.21	65.07	13.0	36.25	47.51	57.07	20.12	40.05	24.6	29.02	18.44	35.38	61.4	70.68	29.15	51.62	38.48	16.16	31.26	55.32	55.95	36.06	56.32	62.36	65.39	19.1	71.02	35.85	3.16	50.25	92.4	17.09	45.45	58.14	5.0	42.72	58.86
35	57.01	14.87	73.0	92.72	32.06	48.85	0.0	60.14	69.58	50.25	54.2	89.96	73.59	17.69	67.19	39.7	22.56	68.12	13.42	29.07	30.89	91.79	31.0	24.7	82.3	52.89	95.19	3.16	75.54	53.76	86.35	16.76	51.0	73.43	31.4	0.0	111.73	82.02	48.09	43.42	44.91	120.28	86.02	87.11	80.31	67.91	59.14	91.55	86.83	21.19	67.23	78.49	86.38	50.25	68.31	43.32	57.58	13.04	43.01	82.0	83.15	16.49	76.79	36.4	42.06	57.8	61.98	87.13	59.62	79.06	79.4	94.03	12.53	101.04	58.22	33.29	81.54	110.37	39.82	76.84	79.81	31.83	74.06	78.45
36	55.44	106.4	78.31	55.11	93.3	69.35	111.73	51.62	89.45	88.26	60.75	43.19	38.21	112.65	85.71	72.25	93.24	74.97	99.16	82.81	82.33	33.0	92.78	104.01	40.61	97.8	30.15	114.59	71.06	74.09	60.3	97.31	65.0	46.17	80.66	111.73	0.0	82.1	88.26	97.86	77.83	10.2	54.15	25.55	71.0	63.56	78.34	21.47	58.31	92.96	49.19	33.24	48.01	61.62	58.94	75.66	63.56	99.01	88.24	62.03	85.15	104.4	67.12	99.74	76.32	58.18	92.57	32.56	61.47	75.01	72.01	29.02	99.72	17.03	76.24	79.4	35.11	77.88	74.63	36.06	59.01	79.93	40.71	65.01
37	66.47	68.07	111.13	28.86	90.62	42.54	82.02	61.62	14.76	101.36	73.66	39.0	64.5	69.72	15.3	59.06	80.65	104.8	70.46	63.57	73.01	89.96	51.04	94.37	86.95	33.24	52.01	83.01	13.04	91.4	22.09	66.37	45.22	42.05	68.54	82.02	82.1	0.0	34.01	41.0	86.28	84.21	28.0	62.36	111.13	94.76	23.77	75.58	24.08	78.16	76.84	63.98	97.94	57.63	90.61	44.01	83.55	76.12	39.01	20.1	3.16	66.03	105.48	47.68	80.78	44.55	22.85	84.1	36.8	113.15	10.44	53.08	77.1	65.07	97.62	70.68	79.18	30.08	51.48	70.71	23.54	63.69	74.63	17.72
38	49.73	34.06	89.89	50.22	61.03	22.2	48.09	47.52	21.84	74.95	54.23	52.5	57.04	36.14	19.1	34.13	49.74	83.53	37.11	34.06	44.6	83.05	17.26	62.65	76.66	11.4	62.43	49.0	29.55	68.24	42.72	32.98	27.17	42.15	40.31	48.09	88.26	34.01	0.0	10.0	61.07	93.94	44.69	63.32	92.57	76.06	13.04	73.82	43.83	47.01	62.59	59.41	85.91	38.6	73.16	18.38	63.51	43.32	5.39	38.28	35.06	32.02	87.24	14.76	55.44	32.06	15.26	77.03	26.93	93.54	32.89	62.27	44.27	72.92	74.63	43.14	71.06	63.15	25.55	63.0	37.64	35.36	64.28	34.13
39	56.44	28.64	93.91	59.82	61.52	30.15	43.42	55.01	27.07	77.01	59.91	62.48	65.49	29.02	25.71	38.9	49.58	87.66	34.48	36.06	46.62	91.05	15.56	61.29	84.1	9.49	72.4	43.74	38.59	72.01	52.2	30.53	35.13	51.89	42.72	43.42	97.86	41.0	10.0	0.0	64.14	103.75	54.49	72.73	97.5	81.27	22.67	82.76	53.41	46.75	69.46	68.25	92.78	45.28	78.85	25.02	68.62	41.34	10.05	47.8	41.44	26.93	92.36	7.07	58.67	40.79	19.0	85.09	36.4	98.09	41.59	72.2	42.19	82.73	78.29	45.79	79.06	70.88	30.81	71.25	47.42	38.08	72.0	43.6
40	26.02	49.25	30.36	82.0	16.28	43.83	44.91	32.0	80.06	15.23	18.25	73.33	42.2	56.14	75.93	27.66	22.36	24.52	38.12	28.18	18.03	50.91	49.19	27.66	41.01	71.61	72.25	48.05	74.71	9.0	78.75	39.62	41.18	55.58	21.47	44.91	77.83	86.28	61.07	64.14	0.0	87.66	75.19	57.72	36.06	23.09	64.03	56.36	78.16	24.08	28.65	47.54	42.54	29.73	24.19	43.86	14.87	33.06	56.4	75.61	88.75	48.51	32.06	59.93	5.66	43.66	75.69	47.63	50.57	35.51	78.71	70.35	33.14	72.53	14.56	18.36	43.27	106.89	36.07	42.15	71.78	26.08	37.12	73.93
41	64.64	114.21	88.46	56.01	102.96	76.28	120.28	60.44	92.96	98.35	70.33	45.4	47.2	120.25	89.5	80.62	102.42	85.16	107.48	91.24	91.4	43.05	99.86	113.53	50.8	102.88	32.76	123.07	74.15	84.15	62.13	105.42	72.2	51.88	89.5	120.28	10.2	84.21	93.94	103.75	87.66	0.0	56.32	33.24	81.02	73.76	83.22	31.38	60.13	102.0	59.09	42.01	58.01	70.04	69.12	82.66	73.54	107.71	94.41	64.5	87.14	112.16	77.23	106.17	85.96	65.22	96.84	42.76	67.6	85.05	74.55	32.28	108.47	21.02	86.4	88.41	45.22	76.24	82.33	45.65	61.98	88.46	50.57	67.9
42	50.7	74.73	94.51	7.0	84.21	37.66	86.02	44.78	37.34	90.25	58.87	11.0	42.52	78.77	34.44	52.0	77.1	88.59	72.8	60.41	67.01	65.46	57.25	91.05	64.38	50.61	24.02	87.92	18.38	77.83	6.32	69.26	37.05	20.59	63.01	86.02	54.15	28.0	44.69	54.49	75.19	56.32	0.0	36.24	92.42	77.18	31.83	49.65	4.47	75.24	57.69	40.36	75.69	45.71	72.4	42.72	68.03	76.49	47.43	8.25	31.02	72.5	86.84	59.2	70.41	32.14	42.54	60.0	27.17	95.13	18.25	25.18	77.47	37.12	83.38	64.03	55.97	32.76	47.52	48.08	7.07	59.14	53.15	12.08
43	32.7	81.06	66.71	40.0	71.87	43.83	87.11	27.78	67.12	70.46	39.56	27.02	15.52	87.2	63.03	47.42	69.97	61.81	74.25	58.05	58.83	29.73	67.23	81.86	30.89	73.35	17.89	89.87	50.01	56.22	42.49	72.18	39.45	22.02	56.61	87.11	25.55	62.36	63.32	72.73	57.72	33.24	36.24	0.0	62.03	49.65	54.33	13.42	40.71	69.34	31.0	10.2	41.88	36.88	44.55	50.12	45.18	74.65	62.97	42.72	65.52	79.03	56.92	74.32	55.03	32.65	69.12	24.84	36.4	65.46	51.92	15.65	75.43	14.87	60.0	55.76	22.36	66.53	49.2	17.12	38.9	55.32	23.19	44.64
44	44.82	85.29	9.9	98.18	48.84	71.87	80.31	49.52	108.47	32.31	38.59	86.45	50.25	92.2	104.04	58.69	58.03	12.37	74.17	62.82	53.6	38.0	83.52	59.2	31.78	103.79	79.85	83.38	98.31	27.07	97.62	75.54	67.68	72.01	56.29	80.31	71.0	111.13	92.57	97.5	36.06	81.02	92.42	62.03	0.0	16.64	92.09	52.95	96.4	60.0	34.83	53.67	23.02	54.92	20.52	74.24	29.07	69.0	88.64	95.78	114.02	84.48	5.66	94.25	40.45	66.71	105.82	39.46	74.52	4.12	101.82	77.62	69.01	73.98	22.09	53.15	39.85	125.1	67.12	45.62	91.55	60.17	39.82	95.52
45	28.32	71.03	17.46	83.24	38.47	55.23	67.91	33.3	91.84	26.4	21.95	72.09	36.06	78.06	87.42	42.38	45.35	12.17	60.13	47.38	39.01	32.2	67.68	49.74	23.09	87.32	66.94	71.06	82.04	14.76	82.1	61.0	51.04	56.6	41.11	67.91	63.56	94.76	76.06	81.27	23.09	73.76	77.18	49.65	16.64	0.0	75.45	43.19	80.99	46.87	19.7	40.26	20.52	38.28	5.1	57.7	12.65	55.73	72.24	80.0	97.62	70.0	11.18	78.34	26.17	50.25	89.19	31.05	58.05	18.38	85.63	64.76	55.9	63.07	13.6	38.05	29.07	109.93	50.7	32.56	75.8	44.55	26.48	79.51
46	47.51	45.89	90.79	37.2	67.12	20.52	59.14	43.86	16.4	78.82	53.6	40.22	50.8	48.7	12.04	36.4	56.92	84.39	47.04	39.92	49.65	77.28	28.28	70.6	72.12	19.7	50.99	60.41	16.76	70.01	29.68	43.01	24.41	32.39	45.18	59.14	78.34	23.77	13.04	22.67	64.03	83.22	31.83	54.33	92.09	75.45	0.0	66.0	30.81	54.41	59.51	52.15	82.28	37.2	71.87	20.59	63.41	52.47	16.76	25.24	25.63	43.74	86.53	27.78	58.41	26.57	15.13	71.2	19.42	93.6	20.4	51.08	53.46	62.3	76.37	47.51	65.51	51.24	28.3	57.07	24.76	40.25	59.48	21.1
47	34.66	87.46	59.08	53.25	71.87	52.89	91.55	31.62	79.63	67.05	39.41	40.22	18.36	94.02	75.43	52.7	72.25	55.04	79.4	63.01	61.52	17.2	75.39	82.66	21.21	84.38	29.73	94.49	63.06	52.81	55.9	77.94	48.08	34.37	60.21	91.55	21.47	75.58	73.82	82.76	56.36	31.38	49.65	13.42	52.95	43.19	66.0	0.0	54.12	72.14	27.73	14.56	31.02	42.19	38.33	58.82	42.15	78.64	72.78	56.08	78.75	85.59	48.37	83.52	54.92	41.98	81.02	13.6	47.17	56.72	65.15	27.59	79.31	21.19	55.32	58.69	14.14	79.51	56.36	14.87	52.2	60.0	19.24	57.87
48	54.13	75.03	98.27	6.4	86.58	39.12	86.83	48.3	34.44	93.3	62.24	15.13	46.69	78.72	31.91	54.15	79.0	92.28	73.76	62.07	69.18	69.89	57.38	93.01	68.68	48.84	28.16	88.6	15.81	81.15	2.0	70.09	39.05	24.41	65.07	86.83	58.31	24.08	43.83	53.41	78.16	60.13	4.47	40.71	96.4	80.99	30.81	54.12	0.0	77.03	61.61	44.69	79.98	48.51	76.28	43.74	71.55	77.78	47.01	5.66	27.02	72.8	90.8	58.52	73.25	34.71	40.22	64.4	29.02	99.05	14.87	29.43	78.77	41.3	86.82	66.27	60.31	29.07	49.09	52.35	7.07	61.0	57.31	9.9
49	37.54	25.96	53.46	82.22	15.0	38.01	21.19	41.62	68.45	32.31	33.6	76.9	54.82	32.56	65.0	23.77	2.83	48.09	14.87	15.03	10.63	71.02	31.24	16.28	61.4	55.61	79.85	24.35	68.88	33.06	77.0	17.49	38.21	59.2	13.0	21.19	92.96	78.16	47.01	46.75	24.08	102.0	75.24	69.34	60.0	46.87	54.41	72.14	77.03	0.0	46.62	60.0	65.19	33.11	47.13	34.53	36.4	9.0	41.68	73.03	80.01	25.63	56.14	41.04	20.88	43.93	62.27	66.61	48.09	59.14	72.99	78.39	9.06	83.86	38.05	13.6	61.22	103.59	28.02	57.28	70.01	16.12	53.91	70.18
50	13.04	66.1	37.16	63.63	44.41	40.52	67.23	15.65	75.59	39.81	13.04	52.39	16.49	73.08	71.12	32.25	46.23	31.62	56.46	40.8	36.36	24.6	58.08	55.44	15.52	73.98	47.68	70.33	63.89	25.5	62.8	55.97	35.74	37.2	36.25	67.23	49.19	76.84	62.59	69.46	28.65	59.09	57.69	31.0	34.83	19.7	59.51	27.73	61.61	46.62	0.0	21.1	23.35	24.19	14.76	44.55	14.56	54.2	59.68	60.96	79.81	64.56	29.21	68.01	27.66	33.12	74.09	20.0	40.82	37.44	67.27	45.54	54.71	45.28	29.0	34.0	14.87	90.43	39.01	14.14	56.73	37.64	8.54	60.81
51	22.83	73.5	57.57	45.34	61.85	38.33	78.49	18.44	66.49	60.3	29.41	33.02	5.39	79.92	62.17	39.05	60.46	52.39	65.95	49.58	49.41	26.0	60.93	72.01	24.04	70.11	26.68	81.34	51.08	46.1	46.23	64.2	33.53	21.93	47.51	78.49	33.24	63.98	59.41	68.25	47.54	42.01	40.36	10.2	53.67	40.26	52.15	14.56	44.69	60.0	21.1	0.0	35.36	28.43	35.17	44.27	35.06	65.8	58.25	45.49	67.12	71.56	48.33	68.96	44.94	27.46	67.27	20.12	33.0	56.86	53.67	24.52	66.53	25.0	50.04	46.4	15.62	72.35	42.06	8.06	41.34	46.69	13.93	46.53
