vehicles
vehicle_idx, capacity, cost_per_unit_distance
1,100,3
2,100,3
3,100,3
4,100,3
5,100,3
6,100,3
7,100,3
8,100,3
9,100,3
depot
node_idx,x,y
0,59,44
home delivery customers
node_idx,x,y,service_time,demand
1,9,23,10,2
2,84,68,10,1
3,36,93,10,6
4,11,8,10,1
5,46,7,10,1
6,19,25,10,9
7,64,4,10,8
8,61,36,10,17
9,68,59,10,7
10,14,9,10,23
11,94,87,10,10
12,9,76,10,4
13,40,39,10,12
14,10,25,10,15
15,33,31,10,30
16,41,24,10,7
17,90,20,10,9
18,4,44,10,23
19,43,59,10,5
20,94,16,10,25
21,14,40,10,25
22,37,0,10,24
23,88,55,10,8
24,18,68,10,18
self pickup customers
node_idx,x,y,service_time,demand,locker_idxs
25,40,98,10,5,83-72
26,72,43,10,3,76-79
27,0,60,10,9,72
28,23,84,10,10,72
29,34,93,10,5,83-72
30,14,9,10,16,81-70
31,58,50,10,6,79
32,39,28,10,2,81-78-75
33,28,50,10,3,81
34,68,29,10,7,74
35,12,91,10,12,80-72
36,2,22,10,20,70
37,25,16,10,13,70
38,3,51,10,25,81
39,9,92,10,19,72
40,82,13,10,7,74-71
41,40,91,10,13,77-72
42,54,22,10,8,75
43,3,70,10,8,72
44,94,54,10,12,79
45,80,25,10,22,74-71
46,87,47,10,24,82-79-76
flexible customers
node_idx,x,y,service_time,demand,locker_idxs
47,87,9,10,9,71-74
48,34,16,10,16,75-81-70
49,64,90,10,12,83-69
50,33,54,10,18,81-78
51,67,18,10,5,75-74
52,70,64,10,12,82-76-79-69
53,5,78,10,6,72
54,95,39,10,20,82-76
55,38,54,10,23,78
56,50,73,10,39,77-80-79-69
57,48,46,10,17,79-75-81-78
58,79,30,10,13,76-74
59,51,91,10,2,83-77-80-69
60,11,57,10,21,72
61,13,52,10,5,81
62,58,18,10,13,74
63,32,89,10,23,77-80-72
64,36,14,10,10,81-70
65,96,97,10,5,73
66,20,21,10,15,81-70
67,72,74,10,15,82-79-73-69
68,37,64,10,7,77-80-78
lockers
node_idx,x,y,service_time,capacity,cost_per_unit_good
69,65,88,10,75
70,25,15,10,97
71,93,12,10,93
72,22,88,10,74
73,77,88,10,73
74,72,14,10,84
75,44,27,10,75
76,82,49,10,96
77,33,87,10,71
78,42,42,10,70
79,69,62,10,94
80,31,82,10,72
81,30,27,10,78
82,92,62,10,94
83,56,99,10,98
mrt lines
start_node_idx,end_node_idx,freight_capacity,cost_per_unit_good
distance matrix
,0,1,2,3,4,5,6,7,8,9,10,11,12,13,14,15,16,17,18,19,20,21,22,23,24,25,26,27,28,29,30,31,32,33,34,35,36,37,38,39,40,41,42,43,44,45,46,47,48,49,50,51,52,53,54,55,56,57,58,59,60,61,62,63,64,65,66,67,68,69,70,71,72,73,74,75,76,77,78,79,80,81,82,83,
0,0.0,54.23,34.66,54.13,60.0,39.22,44.28,40.31,8.25,17.49,57.01,55.44,59.36,19.65,52.55,29.07,26.91,39.2,55.0,21.93,44.82,45.18,49.19,31.02,47.51,57.25,13.04,61.13,53.81,55.01,57.01,6.08,25.61,31.58,17.49,66.47,61.1,44.05,56.44,69.31,38.6,50.7,22.56,61.74,36.4,28.32,28.16,44.82,37.54,46.27,27.86,27.2,22.83,63.81,36.35,23.26,30.36,11.18,24.41,47.68,49.73,46.69,26.02,52.48,37.8,64.64,45.28,32.7,29.73,44.41,44.69,46.69,57.49,47.54,32.7,22.67,23.54,50.25,17.12,20.59,47.2,33.62,37.59,55.08
1,54.23,0.0,87.46,75.03,15.13,40.31,10.2,58.19,53.6,69.12,14.87,106.4,53.0,34.89,2.24,25.3,32.02,81.06,21.59,49.52,85.29,17.72,36.24,85.23,45.89,81.15,66.1,38.08,62.59,74.33,14.87,55.95,30.41,33.02,59.3,68.07,7.07,17.46,28.64,69.0,73.68,74.73,45.01,47.38,90.48,71.03,81.61,79.25,25.96,86.68,39.2,58.22,73.5,55.15,87.48,42.45,64.66,45.28,70.35,79.92,34.06,29.27,49.25,69.89,28.46,114.21,11.18,81.06,49.65,85.8,17.89,84.72,66.29,94.07,63.64,35.23,77.49,68.35,38.08,71.56,62.97,21.38,91.71,89.36
2,34.66,87.46,0.0,54.12,94.49,71.87,77.94,67.05,39.41,18.36,91.55,21.47,75.43,52.7,85.59,63.01,61.52,48.37,83.52,41.98,52.95,75.39,82.66,13.6,66.0,53.25,27.73,84.38,63.06,55.9,91.55,31.62,60.21,58.82,42.15,75.58,94.02,78.64,82.76,78.75,55.04,49.65,54.92,81.02,17.2,43.19,21.21,59.08,72.14,29.73,52.89,52.81,14.56,79.63,31.02,48.08,34.37,42.19,38.33,40.22,73.82,72.78,56.36,56.08,72.25,31.38,79.4,13.42,47.17,27.59,79.31,56.72,65.15,21.19,55.32,57.28,19.1,54.42,49.4,16.16,54.82,67.8,10.0,41.77
3,54.13,75.03,54.12,0.0,88.6,86.58,70.09,93.3,62.24,46.69,86.83,58.31,31.91,54.15,72.8,62.07,69.18,90.8,58.52,34.71,96.4,57.38,93.01,64.4,30.81,6.4,61.61,48.84,15.81,2.0,86.83,48.3,65.07,43.74,71.55,24.08,78.72,77.78,53.41,27.02,92.28,4.47,73.25,40.22,69.89,80.99,68.68,98.27,77.03,28.16,39.12,81.15,44.69,34.44,79.98,39.05,24.41,48.51,76.28,15.13,43.83,47.01,78.16,5.66,79.0,60.13,73.76,40.71,29.02,29.43,78.77,99.05,14.87,41.3,86.82,66.48,63.66,6.71,51.35,45.28,12.08,66.27,64.01,20.88
4,60.0,15.13,94.49,88.6,0.0,35.01,18.79,53.15,57.31,76.49,3.16,114.59,68.03,42.45,17.03,31.83,34.0,79.91,36.67,60.21,83.38,32.14,27.2,90.21,60.41,94.56,70.33,53.15,76.94,88.06,3.16,63.03,34.41,45.31,60.75,83.01,16.64,16.12,43.74,84.02,71.18,87.92,45.22,62.51,94.89,71.06,85.42,76.01,24.35,97.64,50.99,56.89,81.34,70.26,89.54,53.34,75.8,53.04,71.47,92.14,49.0,44.05,48.05,83.68,25.71,123.07,15.81,89.87,61.74,96.52,15.65,82.1,80.75,103.71,61.29,38.08,81.99,82.01,46.01,79.25,76.66,26.87,97.35,101.52
5,39.22,40.31,71.87,86.58,35.01,0.0,32.45,18.25,32.65,56.46,32.06,93.3,78.29,32.56,40.25,27.29,17.72,45.88,55.97,52.09,48.84,45.97,11.4,63.78,67.12,91.2,44.41,70.18,80.36,86.83,32.06,44.64,22.14,46.62,31.11,90.62,46.49,22.85,61.52,92.7,36.5,84.21,17.0,76.28,67.18,38.47,57.28,41.05,15.0,84.93,48.76,23.71,61.85,81.99,58.52,47.68,66.12,39.05,40.22,84.15,61.03,55.8,16.28,83.19,12.21,102.96,29.53,71.87,57.71,83.2,22.47,47.27,84.48,86.73,26.93,20.1,55.32,81.05,35.23,59.62,76.49,25.61,71.7,92.54
6,44.28,10.2,77.94,70.09,18.79,32.45,0.0,49.66,43.42,59.64,16.76,97.31,51.97,25.24,9.0,15.23,22.02,71.18,24.21,41.62,75.54,15.81,30.81,75.24,43.01,75.96,55.97,39.82,59.14,69.63,16.76,46.32,20.22,26.57,49.16,66.37,17.26,10.82,30.53,67.74,64.13,69.26,35.13,47.76,80.41,61.0,71.47,69.86,17.49,79.06,32.2,48.51,64.2,54.82,77.28,34.67,57.14,35.81,60.21,73.35,32.98,27.66,39.62,65.31,20.25,105.42,4.12,72.18,42.95,78.01,11.66,75.13,63.07,85.63,54.13,25.08,67.42,63.56,28.6,62.2,58.25,11.18,81.84,82.73
7,40.31,58.19,67.05,93.3,53.15,18.25,49.66,0.0,32.14,55.15,50.25,88.26,90.6,42.44,57.94,41.11,30.48,30.53,72.11,58.87,32.31,61.61,27.29,56.36,78.82,97.02,39.81,85.04,89.89,93.92,50.25,46.39,34.66,58.41,25.32,101.36,64.56,40.8,77.01,103.77,20.12,90.25,20.59,89.87,58.31,26.4,48.76,23.54,32.31,86.0,58.83,14.32,60.3,94.64,46.75,56.36,70.41,44.94,30.02,87.97,74.95,70.04,15.23,90.82,29.73,98.35,47.17,70.46,65.8,84.01,40.52,30.08,93.91,85.0,12.81,30.48,48.47,88.6,43.91,58.22,84.69,41.05,64.4,95.34
8,8.25,53.6,39.41,62.24,57.31,32.65,43.42,32.14,0.0,24.04,54.2,60.75,65.6,21.21,52.17,28.44,23.32,33.12,57.56,29.21,38.59,47.17,43.27,33.02,53.6,65.46,13.04,65.55,61.22,63.07,54.2,14.32,23.41,35.85,9.9,73.66,60.64,41.18,59.91,76.42,31.14,58.87,15.65,67.23,37.59,21.95,28.23,37.48,33.6,54.08,33.29,18.97,29.41,70.0,34.13,29.21,38.6,16.4,18.97,55.9,54.23,50.6,18.25,60.42,33.3,70.33,43.66,39.56,36.88,52.15,41.68,40.0,65.0,54.41,24.6,19.24,24.7,58.18,19.92,27.2,54.92,32.28,40.46,63.2
9,17.49,69.12,18.36,46.69,76.49,56.46,59.64,55.15,24.04,0.0,73.59,38.21,61.4,34.41,67.23,44.82,44.2,44.78,65.73,25.0,50.25,57.25,66.65,20.4,50.8,48.01,16.49,68.01,51.48,48.08,73.59,13.45,42.45,41.0,30.0,64.5,75.66,60.81,65.49,67.6,48.08,42.52,39.56,65.92,26.48,36.06,22.47,53.49,54.82,31.26,35.36,41.01,5.39,65.8,33.6,30.41,22.8,23.85,31.02,36.24,57.04,55.44,42.2,46.86,55.22,47.2,61.22,15.52,31.4,29.15,61.52,53.24,54.38,30.36,45.18,40.0,17.2,44.82,31.06,3.16,43.57,49.68,24.19,41.76
10,57.01,14.87,91.55,86.83,3.16,32.06,16.76,50.25,54.2,73.59,0.0,111.73,67.19,39.7,16.49,29.07,30.89,76.79,36.4,57.8,80.31,31.0,24.7,87.13,59.14,92.72,67.23,52.89,75.54,86.35,0.0,60.14,31.4,43.32,57.58,82.02,17.69,13.04,43.42,83.15,68.12,86.02,42.06,61.98,91.79,67.91,82.3,73.0,21.19,95.19,48.85,53.76,78.49,69.58,86.38,51.0,73.43,50.25,68.31,89.96,48.09,43.01,44.91,82.0,22.56,120.28,13.42,87.11,59.62,94.03,12.53,79.06,79.4,101.04,58.22,34.99,78.89,80.28,43.28,76.38,74.95,24.08,94.3,99.32
11,55.44,106.4,21.47,58.31,114.59,93.3,97.31,88.26,60.75,38.21,111.73,0.0,85.71,72.25,104.4,82.81,82.33,67.12,99.74,58.18,71.0,92.78,104.01,32.56,78.34,55.11,49.19,97.8,71.06,60.3,111.73,51.62,80.66,75.66,63.56,82.1,112.65,99.01,97.86,85.15,74.97,54.15,76.32,92.57,33.0,63.56,40.61,78.31,92.96,30.15,69.35,74.09,33.24,89.45,48.01,65.0,46.17,61.62,58.94,43.19,88.26,88.24,77.83,62.03,93.24,10.2,99.16,25.55,61.47,29.02,99.72,75.01,72.01,17.03,76.24,78.1,39.85,61.0,68.77,35.36,63.2,87.73,25.08,39.85
12,59.36,53.0,75.43,31.91,68.03,78.29,51.97,90.6,65.6,61.4,67.19,85.71,0.0,48.27,51.01,51.0,61.06,98.47,32.39,38.01,104.04,36.35,80.99,81.74,12.04,38.01,71.12,18.36,16.12,30.23,67.19,55.47,56.6,32.2,75.43,15.3,54.45,62.1,25.71,16.0,96.43,34.44,70.29,8.49,87.8,87.42,83.22,102.83,65.0,56.75,32.56,82.02,62.17,4.47,93.62,36.4,41.11,49.2,83.76,44.6,19.1,24.33,75.93,26.42,67.62,89.5,56.09,63.03,30.46,57.27,63.06,105.6,17.69,69.05,88.39,60.22,77.83,26.4,47.38,61.61,22.8,53.31,84.17,52.33
13,19.65,34.89,52.7,54.15,42.45,32.56,25.24,42.44,21.21,34.41,39.7,72.25,48.27,0.0,33.11,10.63,15.03,53.49,36.35,20.22,58.69,26.02,39.12,50.6,36.4,59.0,32.25,45.18,48.1,54.33,39.7,21.1,11.05,16.28,29.73,59.06,41.63,27.46,38.9,61.4,49.4,52.0,22.02,48.27,56.04,42.38,47.68,55.76,23.77,56.36,16.55,34.21,39.05,52.4,55.0,15.13,35.44,10.63,40.02,53.15,34.13,29.97,27.66,50.64,25.32,80.62,26.91,47.42,25.18,55.01,28.3,59.48,52.2,61.4,40.61,12.65,43.17,48.51,3.61,37.01,43.93,15.62,56.86,62.1
14,52.55,2.24,85.59,72.8,17.03,40.25,9.0,57.94,52.17,67.23,16.49,104.4,51.01,33.11,0.0,23.77,31.02,80.16,19.92,47.38,84.48,15.52,36.8,83.57,43.74,78.92,64.56,36.4,60.42,72.11,16.49,54.12,29.15,30.81,58.14,66.03,8.54,17.49,26.93,67.01,72.99,72.5,44.1,45.54,88.87,70.0,80.08,78.64,25.63,84.5,37.01,57.43,71.56,53.24,86.15,40.31,62.48,43.42,69.18,77.7,32.02,27.17,48.51,67.68,28.23,112.16,10.77,79.03,47.43,83.63,18.03,84.01,64.13,91.97,62.97,34.06,75.89,66.13,36.24,69.64,60.75,20.1,89.96,87.13
15,29.07,25.3,63.01,62.07,31.83,27.29,15.23,41.11,28.44,44.82,29.07,82.81,51.0,10.63,23.77,0.0,10.63,58.05,31.78,29.73,62.82,21.02,31.26,60.01,39.92,67.36,40.8,43.93,53.94,62.01,29.07,31.4,6.71,19.65,35.06,63.57,32.28,17.0,36.06,65.55,52.2,60.41,22.85,49.2,65.19,47.38,56.32,58.31,15.03,66.65,23.0,36.4,49.58,54.71,62.51,23.54,45.31,21.21,46.01,62.64,34.06,29.0,28.18,58.01,17.26,91.24,16.4,58.05,33.24,65.37,17.89,62.94,58.05,72.01,42.54,11.7,52.2,56.0,14.21,47.51,51.04,5.0,66.65,71.78
16,26.91,32.02,61.52,69.18,34.0,17.72,22.02,30.48,23.32,44.2,30.89,82.33,61.06,15.03,31.02,10.63,0.0,49.16,42.06,35.06,53.6,31.38,24.33,56.3,49.65,74.01,36.36,54.56,62.64,69.35,30.89,31.06,4.47,29.07,27.46,73.01,39.05,17.89,46.62,75.15,42.45,67.01,13.15,59.67,60.9,39.01,51.43,48.38,10.63,69.89,31.05,26.68,49.41,64.9,56.04,30.15,49.82,23.09,38.47,67.74,44.6,39.6,18.03,65.62,11.18,91.4,21.21,58.83,40.2,68.35,18.36,53.37,66.76,73.43,32.57,4.24,48.02,63.51,18.03,47.2,58.86,11.4,63.6,76.49
17,39.2,81.06,48.37,90.8,79.91,45.88,71.18,30.53,33.12,44.78,76.79,67.12,98.47,53.49,80.16,58.05,49.16,0.0,89.29,61.07,5.66,78.59,56.65,35.06,86.53,92.65,29.21,98.49,92.66,92.01,76.79,43.86,51.62,68.88,23.77,105.48,88.02,65.12,92.36,108.37,10.63,86.84,36.06,100.34,34.23,11.18,27.17,11.4,56.14,74.67,66.37,23.09,48.33,102.9,19.65,62.13,66.4,49.4,14.87,81.01,87.24,83.38,32.06,90.14,54.33,77.23,70.01,56.92,68.88,72.45,65.19,8.54,96.17,69.23,18.97,46.53,30.08,87.97,52.8,46.96,85.59,60.41,42.05,86.01
18,55.0,21.59,83.52,58.52,36.67,55.97,24.21,72.11,57.56,65.73,36.4,99.74,32.39,36.35,19.92,31.78,42.06,89.29,0.0,41.79,94.25,10.77,55.0,84.72,27.78,64.9,68.01,16.49,44.28,57.45,36.4,54.33,38.48,24.74,65.73,47.68,22.09,35.0,7.07,48.26,83.93,59.2,54.63,26.02,90.55,78.34,83.05,90.08,41.04,75.6,30.68,68.15,68.96,34.01,91.14,35.44,54.38,44.05,76.3,66.47,14.76,12.04,59.93,53.0,43.86,106.17,28.02,74.32,38.59,75.21,35.81,94.58,47.54,85.23,74.32,43.46,78.16,51.87,38.05,67.45,46.62,31.06,89.82,75.69
19,21.93,49.52,41.98,34.71,60.21,52.09,41.62,58.87,29.21,25.0,57.8,58.18,38.01,20.22,47.38,29.73,35.06,61.07,41.79,0.0,66.71,34.67,59.3,45.18,26.57,39.12,33.12,43.01,32.02,35.17,57.8,17.49,31.26,17.49,39.05,44.55,55.23,46.62,40.79,47.38,60.31,32.14,38.6,41.48,51.24,50.25,45.61,66.6,43.93,37.44,11.18,47.51,27.46,42.49,55.71,7.07,15.65,13.93,46.23,32.98,32.06,30.81,43.66,31.95,45.54,65.22,44.42,32.65,7.81,36.4,47.54,68.62,35.81,44.69,53.54,32.02,40.26,29.73,17.03,26.17,25.94,34.54,49.09,42.06
20,44.82,85.29,52.95,96.4,83.38,48.84,75.54,32.31,38.59,50.25,80.31,71.0,104.04,58.69,84.48,62.82,53.6,5.66,94.25,66.71,0.0,83.52,59.2,39.46,92.09,98.18,34.83,103.79,98.31,97.62,80.31,49.52,56.29,74.24,29.07,111.13,92.2,69.0,97.5,114.02,12.37,92.42,40.45,105.82,38.0,16.64,31.78,9.9,60.0,79.85,71.87,27.07,53.67,108.47,23.02,67.68,72.01,54.92,20.52,86.45,92.57,88.64,36.06,95.78,58.03,81.02,74.17,62.03,74.52,77.62,69.01,4.12,101.82,73.98,22.09,51.2,35.11,93.61,58.14,52.35,91.24,64.94,46.04,91.29
21,45.18,17.72,75.39,57.38,32.14,45.97,15.81,61.61,47.17,57.25,31.0,92.78,36.35,26.02,15.52,21.02,31.38,78.59,10.77,34.67,83.52,0.0,46.14,75.5,28.28,63.56,58.08,24.41,44.91,56.65,31.0,45.12,27.73,17.2,55.11,51.04,21.63,26.4,15.56,52.24,73.16,57.25,43.86,31.95,81.22,67.68,73.33,79.31,31.24,70.71,23.6,57.38,60.93,39.05,81.01,27.78,48.84,34.53,65.76,63.01,17.26,12.04,49.19,52.2,34.06,99.86,19.92,67.23,33.24,70.04,27.31,83.82,48.66,79.2,63.56,32.7,68.59,50.7,28.07,59.24,45.31,20.62,81.04,72.42
22,49.19,36.24,82.66,93.01,27.2,11.4,30.81,27.29,43.27,66.65,24.7,104.01,80.99,39.12,36.8,31.26,24.33,56.65,55.0,59.3,59.2,46.14,0.0,75.01,70.6,98.05,55.44,70.49,85.16,93.05,24.7,54.23,28.07,50.8,42.45,94.37,41.34,20.0,61.29,96.17,46.84,91.05,27.8,77.82,78.52,49.74,68.62,50.8,16.28,93.96,54.15,34.99,72.01,84.31,69.89,54.01,74.15,47.3,51.61,92.07,62.65,57.27,27.66,89.14,14.04,113.53,27.02,81.86,64.0,92.35,19.21,57.27,89.27,96.66,37.7,27.89,66.53,87.09,42.3,69.77,82.22,27.89,82.88,100.81
23,31.02,85.23,13.6,64.4,90.21,63.78,75.24,56.36,33.02,20.4,87.13,32.56,81.74,50.6,83.57,60.01,56.3,35.06,84.72,45.18,39.46,75.5,75.01,0.0,71.2,64.44,20.0,88.14,71.18,66.03,87.13,30.41,55.95,60.21,32.8,84.1,92.11,74.09,85.09,87.24,42.43,60.0,47.38,86.31,6.08,31.05,8.06,46.01,66.61,42.44,55.01,42.54,20.12,86.13,17.46,50.01,42.05,41.0,26.57,51.62,77.03,75.06,47.63,65.51,66.22,42.76,76.03,24.84,51.79,40.22,74.63,43.29,73.79,34.79,44.01,52.15,8.49,63.63,47.8,20.25,63.07,64.4,8.06,54.41
24,47.51,45.89,66.0,30.81,60.41,67.12,43.01,78.82,53.6,50.8,59.14,78.34,12.04,36.4,43.74,39.92,49.65,86.53,27.78,26.57,92.09,28.28,70.6,71.2,0.0,37.2,59.51,19.7,16.76,29.68,59.14,43.86,45.18,20.59,63.41,23.77,48.7,52.47,22.67,25.63,84.39,31.83,58.41,15.13,77.28,75.45,72.12,90.79,54.41,50.99,20.52,70.01,52.15,16.4,82.28,24.41,32.39,37.2,71.87,40.22,13.04,16.76,64.03,25.24,56.92,83.22,47.04,54.33,19.42,51.08,53.46,93.6,20.4,62.3,76.37,48.55,66.76,24.21,35.38,51.35,19.1,42.72,74.24,49.04
25,57.25,81.15,53.25,6.4,94.56,91.2,75.96,97.02,65.46,48.01,92.72,55.11,38.01,59.0,78.92,67.36,74.01,92.65,64.9,39.12,98.18,63.56,98.05,64.44,37.2,0.0,63.63,55.17,22.02,7.81,92.72,51.26,70.01,49.48,74.46,28.86,84.97,83.36,59.82,31.58,94.81,7.0,77.28,46.4,69.66,83.24,69.35,100.65,82.22,25.3,44.55,84.43,45.34,40.31,80.66,44.05,26.93,52.61,78.39,13.04,50.22,53.34,82.0,12.04,84.1,56.01,79.56,40.0,34.13,26.93,84.34,101.02,20.59,38.33,89.89,71.11,64.54,13.04,56.04,46.23,18.36,71.7,63.25,16.03
26,13.04,66.1,27.73,61.61,70.33,44.41,55.97,39.81,13.04,16.49,67.23,49.19,71.12,32.25,64.56,40.8,36.36,29.21,68.01,33.12,34.83,58.08,55.44,20.0,59.51,63.63,0.0,73.98,63.89,62.8,67.23,15.65,36.25,44.55,14.56,76.84,73.08,54.2,69.46,79.81,31.62,57.69,27.66,74.09,24.6,19.7,15.52,37.16,46.62,47.68,40.52,25.5,21.1,75.59,23.35,35.74,37.2,24.19,14.76,52.39,62.59,59.68,28.65,60.96,46.23,59.09,56.46,31.0,40.82,45.54,54.71,37.44,67.27,45.28,29.0,32.25,11.66,58.8,30.02,19.24,56.59,44.94,27.59,58.24
27,61.13,38.08,84.38,48.84,53.15,70.18,39.82,85.04,65.55,68.01,52.89,97.8,18.36,45.18,36.4,43.93,54.56,98.49,16.49,43.01,103.79,24.41,70.49,88.14,19.7,55.17,73.98,0.0,33.24,47.38,52.89,58.86,50.45,29.73,74.73,33.24,38.05,50.61,9.49,33.24,94.51,50.61,66.03,10.44,94.19,87.32,87.97,100.85,55.61,70.68,33.54,79.08,70.11,18.68,97.29,38.47,51.66,50.0,84.5,59.68,11.4,15.26,71.61,43.19,58.41,102.88,43.83,73.35,37.22,70.77,51.48,104.66,35.61,81.93,85.44,55.0,82.73,42.64,45.69,69.03,38.01,44.6,92.02,68.24
28,53.81,62.59,63.06,15.81,76.94,80.36,59.14,89.89,61.22,51.48,75.54,71.06,16.12,48.1,60.42,53.94,62.64,92.66,44.28,32.02,98.31,44.91,85.16,71.18,16.76,22.02,63.89,33.24,0.0,14.21,75.54,48.8,58.24,34.37,71.06,13.04,65.46,68.03,38.59,16.12,92.31,18.38,69.32,24.41,77.08,82.04,73.93,98.6,68.88,41.44,31.62,79.32,51.08,18.97,84.91,33.54,29.15,45.49,77.79,28.86,29.55,33.53,74.71,10.3,71.2,74.15,63.07,50.01,24.41,42.19,69.03,100.42,4.12,54.15,85.45,60.75,68.6,10.44,46.1,50.99,8.25,57.43,72.42,36.25
29,55.01,74.33,55.9,2.0,88.06,86.83,69.63,93.92,63.07,48.08,86.35,60.3,30.23,54.33,72.11,62.01,69.35,92.01,57.45,35.17,97.62,56.65,93.05,66.03,29.68,7.81,62.8,47.38,14.21,0.0,86.35,49.24,65.19,43.42,72.47,22.09,77.88,77.52,52.2,25.02,93.3,6.32,73.76,38.6,71.56,82.1,70.18,99.32,77.0,30.15,39.01,81.94,46.23,32.65,81.47,39.2,25.61,49.04,77.42,17.12,42.72,46.07,78.75,4.47,79.03,62.13,73.35,42.49,29.15,31.4,78.52,100.21,13.0,43.29,87.66,66.75,65.12,6.08,51.62,46.75,11.4,66.12,65.76,22.8
30,57.01,14.87,91.55,86.83,3.16,32.06,16.76,50.25,54.2,73.59,0.0,111.73,67.19,39.7,16.49,29.07,30.89,76.79,36.4,57.8,80.31,31.0,24.7,87.13,59.14,92.72,67.23,52.89,75.54,86.35,0.0,60.14,31.4,43.32,57.58,82.02,17.69,13.04,43.42,83.15,68.12,86.02,42.06,61.98,91.79,67.91,82.3,73.0,21.19,95.19,48.85,53.76,78.49,69.58,86.38,51.0,73.43,50.25,68.31,89.96,48.09,43.01,44.91,82.0,22.56,120.28,13.42,87.11,59.62,94.03,12.53,79.06,79.4,101.04,58.22,34.99,78.89,80.28,43.28,76.38,74.95,24.08,94.3,99.32
31,6.08,55.95,31.62,48.3,63.03,44.64,46.32,46.39,14.32,13.45,60.14,51.62,55.47,21.1,54.12,31.4,31.06,43.86,54.33,17.49,49.52,45.12,54.23,30.41,43.86,51.26,15.65,58.86,48.8,49.24,60.14,0.0,29.07,30.0,23.26,61.62,62.61,47.38,55.01,64.54,44.1,44.78,28.28,58.52,36.22,33.3,29.15,50.22,41.62,40.45,25.32,33.24,18.44,59.94,38.6,20.4,24.35,10.77,29.0,41.59,47.52,45.04,32.0,46.87,42.19,60.44,47.8,27.78,25.24,38.64,48.1,51.66,52.35,42.49,38.63,26.93,24.02,44.65,17.89,16.28,41.87,36.24,36.06,49.04
32,25.61,30.41,60.21,65.07,34.41,22.14,20.22,34.66,23.41,42.45,31.4,80.66,56.6,11.05,29.15,6.71,4.47,51.62,38.48,31.26,56.29,27.73,28.07,55.95,45.18,70.01,36.25,50.45,58.24,65.19,31.4,29.07,0.0,24.6,29.02,68.54,37.48,18.44,42.72,70.68,45.54,63.01,16.16,55.32,60.84,41.11,51.62,51.62,13.0,66.85,26.68,29.73,47.51,60.46,57.07,26.02,46.32,20.12,40.05,64.13,40.31,35.38,21.47,61.4,14.32,89.5,20.25,56.61,36.06,65.39,19.1,56.32,62.36,71.02,35.85,5.1,47.85,59.3,14.32,45.34,54.59,9.06,62.97,73.01
33,31.58,33.02,58.82,43.74,45.31,46.62,26.57,58.41,35.85,41.0,43.32,75.66,32.2,16.28,30.81,19.65,29.07,68.88,24.74,17.49,74.24,17.2,50.8,60.21,20.59,49.48,44.55,29.73,34.37,43.42,43.32,30.0,24.6,0.0,45.18,44.01,38.21,34.13,25.02,46.1,65.46,42.72,38.21,32.02,66.12,57.7,59.08,71.85,34.53,53.81,6.4,50.45,44.27,36.24,67.9,10.77,31.83,20.4,54.78,47.01,18.38,15.13,43.86,39.2,36.88,82.66,30.08,50.12,16.64,53.04,35.13,75.29,38.47,62.01,56.85,28.02,54.01,37.34,16.12,42.72,32.14,23.09,65.12,56.44
34,17.49,59.3,42.15,71.55,60.75,31.11,49.16,25.32,9.9,30.0,57.58,63.56,75.43,29.73,58.14,35.06,27.46,23.77,65.73,39.05,29.07,55.11,42.45,32.8,63.41,74.46,14.56,74.73,71.06,72.47,57.58,23.26,29.02,45.18,0.0,83.55,66.37,44.92,68.62,86.31,21.26,68.03,15.65,76.85,36.07,12.65,26.17,27.59,36.4,61.13,43.01,11.05,35.06,79.81,28.79,39.05,47.54,26.25,11.05,64.29,63.51,59.62,14.87,69.97,35.34,73.54,48.66,45.18,46.75,59.08,45.22,30.23,74.81,59.68,15.52,24.08,24.41,67.74,29.07,33.02,64.64,38.05,40.8,71.02
35,66.47,68.07,75.58,24.08,83.01,90.62,66.37,101.36,73.66,64.5,82.02,82.1,15.3,59.06,66.03,63.57,73.01,105.48,47.68,44.55,111.13,51.04,94.37,84.1,23.77,28.86,76.84,33.24,13.04,22.09,82.02,61.62,68.54,44.01,83.55,0.0,69.72,76.12,41.0,3.16,104.8,28.0,80.78,22.85,89.96,94.76,86.95,111.13,78.16,52.01,42.54,91.4,63.98,14.76,97.94,45.22,42.05,57.63,90.61,39.0,34.01,39.01,86.28,20.1,80.65,84.21,70.46,62.36,36.8,53.08,77.1,113.15,10.44,65.07,97.62,71.55,81.63,21.38,57.45,63.95,21.02,66.48,85.09,44.72
36,61.1,7.07,94.02,78.72,16.64,46.49,17.26,64.56,60.64,75.66,17.69,112.65,54.45,41.63,8.54,32.28,39.05,88.02,22.09,55.23,92.2,21.63,41.34,92.11,48.7,84.97,73.08,38.05,65.46,77.88,17.69,62.61,37.48,38.21,66.37,69.72,0.0,23.77,29.02,70.35,80.5,78.77,52.0,48.01,97.41,78.06,88.6,85.99,32.56,92.02,44.55,65.12,79.92,56.08,94.54,48.17,70.04,51.88,77.41,84.63,36.14,31.95,56.14,73.41,34.93,120.25,18.03,87.2,54.67,91.24,24.04,91.55,68.96,99.9,70.46,42.3,84.43,72.01,44.72,78.03,66.64,28.44,98.49,94.05
37,44.05,17.46,78.64,77.78,16.12,22.85,10.82,40.8,41.18,60.81,13.04,99.01,62.1,27.46,17.49,17.0,17.89,65.12,35.0,46.62,69.0,26.4,20.0,74.09,52.47,83.36,54.2,50.61,68.03,77.52,13.04,47.38,18.44,34.13,44.92,76.12,23.77,0.0,41.34,77.67,57.08,76.49,29.61,58.31,78.77,55.73,69.32,62.39,9.0,83.65,38.83,42.05,65.8,65.15,73.68,40.16,62.24,37.8,55.79,79.38,43.32,37.95,33.06,73.33,11.18,107.71,7.07,74.65,49.48,82.37,1.0,68.12,72.06,88.81,47.04,21.95,65.86,71.45,31.06,63.66,66.27,12.08,81.27,88.6
38,56.44,28.64,82.76,53.41,43.74,61.52,30.53,77.01,59.91,65.49,43.42,97.86,25.71,38.9,26.93,36.06,46.62,92.36,7.07,40.79,97.5,15.56,61.29,85.09,22.67,59.82,69.46,9.49,38.59,52.2,43.42,55.01,42.72,25.02,68.62,41.0,29.02,41.34,0.0,41.44,87.66,54.49,58.67,19.0,91.05,81.27,84.1,93.91,46.75,72.4,30.15,72.01,68.25,27.07,92.78,35.13,51.89,45.28,78.85,62.48,10.0,10.05,64.14,47.8,49.58,103.75,34.48,72.73,36.4,72.2,42.19,98.09,41.59,82.73,78.29,47.51,79.03,46.86,40.02,66.91,41.77,36.12,89.68,71.51
39,69.31,69.0,78.75,27.02,84.02,92.7,67.74,103.77,76.42,67.6,83.15,85.15,16.0,61.4,67.01,65.55,75.15,108.37,48.26,47.38,114.02,52.24,96.17,87.24,25.63,31.58,79.81,33.24,16.12,25.02,83.15,64.54,70.68,46.1,86.31,3.16,70.35,77.67,41.44,0.0,107.56,31.02,83.22,22.8,93.11,97.62,90.05,113.9,80.01,55.04,44.94,94.02,67.12,14.56,101.02,47.8,45.19,60.31,93.51,42.01,35.06,40.2,88.75,23.19,82.54,87.14,71.85,65.52,39.6,56.14,78.64,116.0,13.6,68.12,100.26,73.82,84.72,24.52,59.91,67.08,24.17,68.31,88.26,47.52
40,38.6,73.68,55.04,92.28,71.18,36.5,64.13,20.12,31.14,48.08,68.12,74.97,96.43,49.4,72.99,52.2,42.45,10.63,83.93,60.31,12.37,73.16,46.84,42.43,84.39,94.81,31.62,94.51,92.31,93.3,68.12,44.1,45.54,65.46,21.26,104.8,80.5,57.08,87.66,107.56,0.0,88.59,29.41,97.42,42.72,12.17,34.37,6.4,48.09,79.08,63.89,15.81,52.39,100.77,29.07,60.14,68.0,47.38,17.26,83.93,83.53,79.26,24.52,90.97,46.01,85.16,62.51,61.81,68.01,76.9,57.04,11.05,96.05,75.17,10.05,40.5,36.0,88.75,49.41,50.7,85.8,53.85,50.01,89.84
41,50.7,74.73,49.65,4.47,87.92,84.21,69.26,90.25,58.87,42.52,86.02,54.15,34.44,52.0,72.5,60.41,67.01,86.84,59.2,32.14,92.42,57.25,91.05,60.0,31.83,7.0,57.69,50.61,18.38,6.32,86.02,44.78,63.01,42.72,68.03,28.0,78.77,76.49,54.49,31.02,88.59,0.0,70.41,42.54,65.46,77.18,64.38,94.51,75.24,24.02,37.66,77.83,40.36,37.34,75.69,37.05,20.59,45.71,72.4,11.0,44.69,47.43,75.19,8.25,77.1,56.32,72.8,36.24,27.17,25.18,77.47,95.13,18.25,37.12,83.38,64.12,59.4,8.06,49.04,41.01,12.73,64.78,59.54,17.89
42,22.56,45.01,54.92,73.25,45.22,17.0,35.13,20.59,15.65,39.56,42.06,76.32,70.29,22.02,44.1,22.85,13.15,36.06,54.63,38.6,40.45,43.86,27.8,47.38,58.41,77.28,27.66,66.03,69.32,73.76,42.06,28.28,16.16,38.21,15.65,80.78,52.0,29.61,58.67,83.22,29.41,70.41,0.0,70.04,51.22,26.17,41.4,35.47,20.88,68.73,38.28,13.6,44.94,74.41,44.38,35.78,51.16,24.74,26.25,69.07,55.44,50.8,5.66,70.52,19.7,85.96,34.01,55.03,45.31,66.91,29.83,40.26,73.35,69.89,19.7,11.18,38.9,68.31,23.32,42.72,64.26,24.52,55.17,77.03
43,61.74,47.38,81.02,40.22,62.51,76.28,47.76,89.87,67.23,65.92,61.98,92.57,8.49,48.27,45.54,49.2,59.67,100.34,26.02,41.48,105.82,31.95,77.82,86.31,15.13,46.4,74.09,10.44,24.41,38.6,61.98,58.52,55.32,32.02,76.85,22.85,48.01,58.31,19.0,22.8,97.42,42.54,70.04,0.0,92.4,89.19,87.09,103.81,62.27,64.2,34.0,82.46,67.27,8.25,97.08,38.48,47.1,51.0,85.88,52.39,15.26,20.59,75.69,34.67,65.0,96.84,51.87,69.12,34.53,64.56,59.24,107.07,26.17,76.16,88.87,59.41,81.74,34.48,48.01,66.48,30.46,50.77,89.36,60.42
44,36.4,90.48,17.2,69.89,94.89,67.18,80.41,58.31,37.59,26.48,91.79,33.0,87.8,56.04,88.87,65.19,60.9,34.23,90.55,51.24,38.0,81.22,78.52,6.08,77.28,69.66,24.6,94.19,77.08,71.56,91.79,36.22,60.84,66.12,36.07,89.96,97.41,78.77,91.05,93.11,42.72,65.46,51.22,92.4,0.0,32.2,9.9,45.54,71.02,46.86,61.0,45.0,26.0,92.18,15.03,56.0,47.93,46.69,28.3,56.73,83.05,81.02,50.91,71.2,70.46,43.05,81.02,29.73,57.87,44.69,79.26,42.01,79.62,38.01,45.65,56.82,13.0,69.35,53.37,26.25,68.94,69.46,8.25,58.9
45,28.32,71.03,43.19,80.99,71.06,38.47,61.0,26.4,21.95,36.06,67.91,63.56,87.42,42.38,70.0,47.38,39.01,11.18,78.34,50.25,16.64,67.68,49.74,31.05,75.45,83.24,19.7,87.32,82.04,82.1,67.91,33.3,41.11,57.7,12.65,94.76,78.06,55.73,81.27,97.62,12.17,77.18,26.17,89.19,32.2,0.0,23.09,17.46,46.87,66.94,55.23,14.76,40.26,91.84,20.52,51.04,56.6,38.28,5.1,72.09,76.06,72.24,23.09,80.0,45.35,73.76,60.13,49.65,58.05,64.76,55.9,18.38,85.63,63.07,13.6,36.06,24.08,77.8,41.63,38.6,75.17,50.04,38.9,77.79
46,28.16,81.61,21.21,68.68,85.42,57.28,71.47,48.76,28.23,22.47,82.3,40.61,83.22,47.68,80.08,56.32,51.43,27.17,83.05,45.61,31.78,73.33,68.62,8.06,72.12,69.35,15.52,87.97,73.93,70.18,82.3,29.15,51.62,59.08,26.17,86.95,88.6,69.32,84.1,90.05,34.37,64.38,41.4,87.09,9.9,23.09,0.0,38.0,61.4,48.76,54.45,35.23,24.04,87.66,11.31,49.5,45.22,39.01,18.79,56.85,76.66,74.17,41.01,69.2,60.75,50.8,71.87,30.89,52.81,46.53,69.77,35.51,76.85,42.2,36.25,47.42,5.39,67.2,45.28,23.43,66.04,60.41,15.81,60.54
47,44.82,79.25,59.08,98.27,76.01,41.05,69.86,23.54,37.48,53.49,73.0,78.31,102.83,55.76,78.64,58.31,48.38,11.4,90.08,66.6,9.9,79.31,50.8,46.01,90.79,100.65,37.16,100.85,98.6,99.32,73.0,50.22,51.62,71.85,27.59,111.13,85.99,62.39,93.91,113.9,6.4,94.51,35.47,103.81,45.54,17.46,38.0,0.0,53.46,84.2,70.29,21.93,57.57,107.17,31.05,66.53,73.93,53.76,22.47,89.55,89.89,85.59,30.36,97.08,51.24,88.46,68.07,66.71,74.33,82.01,62.29,6.71,102.3,79.63,15.81,46.62,40.31,94.87,55.8,55.97,92.01,59.77,53.24,95.19
48,37.54,25.96,72.14,77.03,24.35,15.0,17.49,32.31,33.6,54.82,21.19,92.96,65.0,23.77,25.63,15.03,10.63,56.14,41.04,43.93,60.0,31.24,16.28,66.61,54.41,82.22,46.62,55.61,68.88,77.0,21.19,41.62,13.0,34.53,36.4,78.16,32.56,9.0,46.75,80.01,48.09,75.24,20.88,62.27,71.02,46.87,61.4,53.46,0.0,79.85,38.01,33.06,60.0,68.45,65.19,38.21,59.2,33.11,47.13,76.9,47.01,41.68,24.08,73.03,2.83,102.0,14.87,69.34,48.09,78.39,9.06,59.14,72.99,83.86,38.05,14.87,58.25,71.01,27.2,57.8,66.07,11.7,74.03,85.87
49,46.27,86.68,29.73,28.16,97.64,84.93,79.06,86.0,54.08,31.26,95.19,30.15,56.75,56.36,84.5,66.65,69.89,74.67,75.6,37.44,79.85,70.71,93.96,42.44,50.99,25.3,47.68,70.68,41.44,30.15,95.19,40.45,66.85,53.81,61.13,52.01,92.02,83.65,72.4,55.04,79.08,24.02,68.73,64.2,46.86,66.94,48.76,84.2,79.85,0.0,47.51,72.06,26.68,60.21,59.68,44.41,22.02,46.82,61.85,13.04,62.43,63.6,72.25,32.02,80.99,32.76,81.84,17.89,37.48,2.24,84.53,83.22,42.05,13.15,76.42,66.1,44.78,31.14,52.8,28.44,33.96,71.59,39.6,12.04
50,27.86,39.2,52.89,39.12,50.99,48.76,32.2,58.83,33.29,35.36,48.85,69.35,32.56,16.55,37.01,23.0,31.05,66.37,30.68,11.18,71.87,23.6,54.15,55.01,20.52,44.55,40.52,33.54,31.62,39.01,48.85,25.32,26.68,6.4,43.01,42.54,44.55,38.83,30.15,44.94,63.89,37.66,38.28,34.0,61.0,55.23,54.45,70.29,38.01,47.51,0.0,49.52,38.33,36.88,63.79,5.0,25.5,17.0,51.88,41.15,22.2,20.1,43.83,35.01,40.11,76.28,35.47,43.83,10.77,46.69,39.81,73.24,35.74,55.61,55.87,29.15,49.25,33.0,15.0,36.88,28.07,27.17,59.54,50.54
51,27.2,58.22,52.81,81.15,56.89,23.71,48.51,14.32,18.97,41.01,53.76,74.09,82.02,34.21,57.43,36.4,26.68,23.09,68.15,47.51,27.07,57.38,34.99,42.54,70.01,84.43,25.5,79.08,79.32,81.94,53.76,33.24,29.73,50.45,11.05,91.4,65.12,42.05,72.01,94.02,15.81,77.83,13.6,82.46,45.0,14.76,35.23,21.93,33.06,72.06,49.52,0.0,46.1,86.28,35.0,46.23,57.57,33.84,16.97,74.73,68.24,63.81,9.0,79.16,31.26,84.15,47.1,56.22,54.92,70.03,42.11,26.68,83.22,70.71,6.4,24.7,34.44,76.92,34.66,44.05,73.43,38.08,50.61,81.74
52,22.83,73.5,14.56,44.69,81.34,61.85,64.2,60.3,29.41,5.39,78.49,33.24,62.17,39.05,71.56,49.58,49.41,48.33,68.96,27.46,53.67,60.93,72.01,20.12,52.15,45.34,21.1,70.11,51.08,46.23,78.49,18.44,47.51,44.27,35.06,63.98,79.92,65.8,68.25,67.12,52.39,40.36,44.94,67.27,26.0,40.26,24.04,57.57,60.0,26.68,38.33,46.1,0.0,66.49,35.36,33.53,21.93,28.43,35.17,33.02,59.41,58.25,47.54,45.49,60.46,42.01,65.95,10.2,33.0,24.52,66.53,56.86,53.67,25.0,50.04,45.22,19.21,43.57,35.61,2.24,42.95,54.49,22.09,37.7
53,63.81,55.15,79.63,34.44,70.26,81.99,54.82,94.64,70.0,65.8,69.58,89.45,4.47,52.4,53.24,54.71,64.9,102.9,34.01,42.49,108.47,39.05,84.31,86.13,16.4,40.31,75.59,18.68,18.97,32.65,69.58,59.94,60.46,36.24,79.81,14.76,56.08,65.15,27.07,14.56,100.77,37.34,74.41,8.25,92.18,91.84,87.66,107.17,68.45,60.21,36.88,86.28,66.49,0.0,98.09,40.8,45.28,53.6,88.2,47.8,21.84,27.2,80.06,29.15,71.11,92.96,58.94,67.12,34.93,60.83,66.1,110.0,19.72,72.69,92.66,64.2,82.28,29.41,51.62,65.97,26.31,56.8,88.46,55.15
54,36.35,87.48,31.02,79.98,89.54,58.52,77.28,46.75,34.13,33.6,86.38,48.01,93.62,55.0,86.15,62.51,56.04,19.65,91.14,55.71,23.02,81.01,69.89,17.46,82.28,80.66,23.35,97.29,84.91,81.47,86.38,38.6,57.07,67.9,28.79,97.94,94.54,73.68,92.78,101.02,29.07,75.69,44.38,97.08,15.03,20.52,11.31,31.05,65.19,59.68,63.79,35.0,35.36,98.09,0.0,58.94,56.4,47.52,18.36,68.12,85.91,83.02,42.54,80.43,64.08,58.01,77.13,41.88,63.16,57.45,74.0,27.07,87.92,52.2,33.97,52.39,16.4,78.41,53.08,34.71,77.1,66.1,23.19,71.56
55,23.26,42.45,48.08,39.05,53.34,47.68,34.67,56.36,29.21,30.41,51.0,65.0,36.4,15.13,40.31,23.54,30.15,62.13,35.44,7.07,67.68,27.78,54.01,50.01,24.41,44.05,35.74,38.47,33.54,39.2,51.0,20.4,26.02,10.77,39.05,45.22,48.17,40.16,35.13,47.8,60.14,37.05,35.78,38.48,56.0,51.04,49.5,66.53,38.21,44.41,5.0,46.23,33.53,40.8,58.94,0.0,22.47,12.81,47.51,39.22,27.17,25.08,41.18,35.51,40.05,72.2,37.59,39.45,10.05,43.42,41.11,69.2,37.58,51.74,52.5,27.66,44.28,33.38,12.65,32.02,28.86,28.16,54.59,48.47
56,30.36,64.66,34.37,24.41,75.8,66.12,57.14,70.41,38.6,22.8,73.43,46.17,41.11,35.44,62.48,45.31,49.82,66.4,54.38,15.65,72.01,48.84,74.15,42.05,32.39,26.93,37.2,51.66,29.15,25.61,73.43,24.35,46.32,31.83,47.54,42.05,70.04,62.24,51.89,45.19,68.0,20.59,51.16,47.1,47.93,56.6,45.22,73.93,59.2,22.02,25.5,57.57,21.93,45.28,56.4,22.47,0.0,27.07,51.87,18.03,42.15,42.54,55.58,24.08,60.64,51.88,60.03,22.02,15.81,21.21,63.16,74.63,31.76,30.89,62.97,46.39,40.0,22.02,32.02,21.95,21.02,50.16,43.42,26.68
57,11.18,45.28,42.19,48.51,53.04,39.05,35.81,44.94,16.4,23.85,50.25,61.62,49.2,10.63,43.42,21.21,23.09,49.4,44.05,13.93,54.92,34.53,47.3,41.0,37.2,52.61,24.19,50.0,45.49,49.04,50.25,10.77,20.12,20.4,26.25,57.63,51.88,37.8,45.28,60.31,47.38,45.71,24.74,51.0,46.69,38.28,39.01,53.76,33.11,46.82,17.0,33.84,28.43,53.6,47.52,12.81,27.07,0.0,34.89,45.1,38.6,35.51,29.73,45.88,34.18,70.04,37.54,36.88,21.1,45.31,38.6,56.4,49.4,51.04,40.0,19.42,34.13,43.66,7.21,26.4,39.81,26.17,46.82,53.6
58,24.41,70.35,38.33,76.28,71.47,40.22,60.21,30.02,18.97,31.02,68.31,58.94,83.76,40.02,69.18,46.01,38.47,14.87,76.3,46.23,20.52,65.76,51.61,26.57,71.87,78.39,14.76,84.5,77.79,77.42,68.31,29.0,40.05,54.78,11.05,90.61,77.41,55.79,78.85,93.51,17.26,72.4,26.25,85.88,28.3,5.1,18.79,22.47,47.13,61.85,51.88,16.97,35.17,88.2,18.36,47.51,51.87,34.89,0.0,67.12,73.16,69.57,24.19,75.43,45.88,69.12,59.68,44.55,54.04,59.67,56.04,22.8,81.32,58.03,17.46,35.13,19.24,73.25,38.9,33.53,70.77,49.09,34.54,72.73
59,47.68,79.92,40.22,15.13,92.14,84.15,73.35,87.97,55.9,36.24,89.96,43.19,44.6,53.15,77.7,62.64,67.74,81.01,66.47,32.98,86.45,63.01,92.07,51.62,40.22,13.04,52.39,59.68,28.86,17.12,89.96,41.59,64.13,47.01,64.29,39.0,84.63,79.38,62.48,42.01,83.93,11.0,69.07,52.39,56.73,72.09,56.85,89.55,76.9,13.04,41.15,74.73,33.02,47.8,68.12,39.22,18.03,45.1,67.12,0.0,52.5,54.45,73.33,19.1,78.45,45.4,76.56,27.02,30.41,14.32,80.32,89.47,29.15,26.17,79.81,64.38,52.2,18.44,49.82,34.13,21.93,67.36,50.22,9.43
60,49.73,34.06,73.82,43.83,49.0,61.03,32.98,74.95,54.23,57.04,48.09,88.26,19.1,34.13,32.02,34.06,44.6,87.24,14.76,32.06,92.57,17.26,62.65,77.03,13.04,50.22,62.59,11.4,29.55,42.72,48.09,47.52,40.31,18.38,63.51,34.01,36.14,43.32,10.0,35.06,83.53,44.69,55.44,15.26,83.05,76.06,76.66,89.89,47.01,62.43,22.2,68.24,59.41,21.84,85.91,27.17,42.15,38.6,73.16,52.5,0.0,5.39,61.07,38.28,49.74,93.94,37.11,63.32,26.93,62.27,44.27,93.54,32.89,72.92,74.63,44.6,71.45,37.2,34.44,58.22,32.02,35.51,81.15,61.55
61,46.69,29.27,72.78,47.01,44.05,55.8,27.66,70.04,50.6,55.44,43.01,88.24,24.33,29.97,27.17,29.0,39.6,83.38,12.04,30.81,88.64,12.04,57.27,75.06,16.76,53.34,59.68,15.26,33.53,46.07,43.01,45.04,35.38,15.13,59.62,39.01,31.95,37.95,10.05,40.2,79.26,47.43,50.8,20.59,81.02,72.24,74.17,85.59,41.68,63.6,20.1,63.81,58.25,27.2,83.02,25.08,42.54,35.51,69.57,54.45,5.39,0.0,56.4,41.59,44.42,94.41,31.78,62.97,26.83,63.25,38.9,89.44,37.11,73.43,70.18,39.82,69.07,40.31,30.68,56.89,34.99,30.23,79.63,63.7
62,26.02,49.25,56.36,78.16,48.05,16.28,39.62,15.23,18.25,42.2,44.91,77.83,75.93,27.66,48.51,28.18,18.03,32.06,59.93,43.66,36.06,49.19,27.66,47.63,64.03,82.0,28.65,71.61,74.71,78.75,44.91,32.0,21.47,43.86,14.87,86.28,56.14,33.06,64.14,88.75,24.52,75.19,5.66,75.69,50.91,23.09,41.01,30.36,24.08,72.25,43.83,9.0,47.54,80.06,42.54,41.18,55.58,29.73,24.19,73.33,61.07,56.4,0.0,75.61,22.36,87.66,38.12,57.72,50.57,70.35,33.14,35.51,78.71,72.53,14.56,16.64,39.2,73.39,28.84,45.35,69.46,29.41,55.61,81.02
63,52.48,69.89,56.08,5.66,83.68,83.19,65.31,90.82,60.42,46.86,82.0,62.03,26.42,50.64,67.68,58.01,65.62,90.14,53.0,31.95,95.78,52.2,89.14,65.51,25.24,12.04,60.96,43.19,10.3,4.47,82.0,46.87,61.4,39.2,69.97,20.1,73.41,73.33,47.8,23.19,90.97,8.25,70.52,34.67,71.2,80.0,69.2,97.08,73.03,32.02,35.01,79.16,45.49,29.15,80.43,35.51,24.08,45.88,75.43,19.1,38.28,41.59,75.61,0.0,75.11,64.5,69.05,42.72,25.5,33.02,74.33,98.23,10.05,45.01,85.0,63.15,64.03,2.24,48.05,45.8,7.07,62.03,65.8,26.0
64,37.8,28.46,72.25,79.0,25.71,12.21,20.25,29.73,33.3,55.22,22.56,93.24,67.62,25.32,28.23,17.26,11.18,54.33,43.86,45.54,58.03,34.06,14.04,66.22,56.92,84.1,46.23,58.41,71.2,79.03,22.56,42.19,14.32,36.88,35.34,80.65,34.93,11.18,49.58,82.54,46.01,77.1,19.7,65.0,70.46,45.35,60.75,51.24,2.83,80.99,40.11,31.26,60.46,71.11,64.08,40.05,60.64,34.18,45.88,78.45,49.74,44.42,22.36,75.11,0.0,102.42,17.46,69.97,50.01,79.48,11.05,57.04,75.31,84.6,36.0,15.26,57.8,73.06,28.64,58.25,68.18,14.32,73.76,87.32
65,64.64,114.21,31.38,60.13,123.07,102.96,105.42,98.35,70.33,47.2,120.28,10.2,89.5,80.62,112.16,91.24,91.4,77.23,106.17,65.22,81.02,99.86,113.53,42.76,83.22,56.01,59.09,102.88,74.15,62.13,120.28,60.44,89.5,82.66,73.54,84.21,120.25,107.71,103.75,87.14,85.16,56.32,85.96,96.84,43.05,73.76,50.8,88.46,102.0,32.76,76.28,84.15,42.01,92.96,58.01,72.2,51.88,70.04,69.12,45.4,93.94,94.41,87.66,64.5,102.42,0.0,107.48,33.24,67.6,32.28,108.47,85.05,74.55,21.02,86.4,87.2,50.0,63.79,77.08,44.2,66.71,96.21,35.23,40.05
66,45.28,11.18,79.4,73.76,15.81,29.53,4.12,47.17,43.66,61.22,13.42,99.16,56.09,26.91,10.77,16.4,21.21,70.01,28.02,44.42,74.17,19.92,27.02,76.03,47.04,79.56,56.46,43.83,63.07,73.35,13.42,47.8,20.25,30.08,48.66,70.46,18.03,7.07,34.48,71.85,62.51,72.8,34.01,51.87,81.02,60.13,71.87,68.07,14.87,81.84,35.47,47.1,65.95,58.94,77.13,37.59,60.03,37.54,59.68,76.56,37.11,31.78,38.12,69.05,17.46,107.48,0.0,74.25,46.24,80.71,7.81,73.55,67.03,87.97,52.47,24.74,68.03,67.27,30.41,63.89,61.98,11.66,82.86,85.91
67,32.7,81.06,13.42,40.71,89.87,71.87,72.18,70.46,39.56,15.52,87.11,25.55,63.03,47.42,79.03,58.05,58.83,56.92,74.32,32.65,62.03,67.23,81.86,24.84,54.33,40.0,31.0,73.35,50.01,42.49,87.11,27.78,56.61,50.12,45.18,62.36,87.2,74.65,72.73,65.52,61.81,36.24,55.03,69.12,29.73,49.65,30.89,66.71,69.34,17.89,43.83,56.22,10.2,67.12,41.88,39.45,22.02,36.88,44.55,27.02,63.32,62.97,57.72,42.72,69.97,33.24,74.25,0.0,36.4,15.65,75.43,65.46,51.92,14.87,60.0,54.71,26.93,41.11,43.86,12.37,41.77,63.03,23.32,29.68
68,29.73,49.65,47.17,29.02,61.74,57.71,42.95,65.8,36.88,31.4,59.62,61.47,30.46,25.18,47.43,33.24,40.2,68.88,38.59,7.81,74.52,33.24,64.0,51.79,19.42,34.13,40.82,37.22,24.41,29.15,59.62,25.24,36.06,16.64,46.75,36.8,54.67,49.48,36.4,39.6,68.01,27.17,45.31,34.53,57.87,58.05,52.81,74.33,48.09,37.48,10.77,54.92,33.0,34.93,63.16,10.05,15.81,21.1,54.04,30.41,26.93,26.83,50.57,25.5,50.01,67.6,46.24,36.4,0.0,36.88,50.45,76.42,28.3,46.65,61.03,37.66,47.43,23.35,22.56,32.06,18.97,37.66,55.04,39.82
69,44.41,85.8,27.59,29.43,96.52,83.2,78.01,84.01,52.15,29.15,94.03,29.02,57.27,55.01,83.63,65.37,68.35,72.45,75.21,36.4,77.62,70.04,92.35,40.22,51.08,26.93,45.54,70.77,42.19,31.4,94.03,38.64,65.39,53.04,59.08,53.08,91.24,82.37,72.2,56.14,76.9,25.18,66.91,64.56,44.69,64.76,46.53,82.01,78.39,2.24,46.69,70.03,24.52,60.83,57.45,43.42,21.21,45.31,59.67,14.32,62.27,63.25,70.35,33.02,79.48,32.28,80.71,15.65,36.88,0.0,83.24,80.99,43.0,12.0,74.33,64.51,42.54,32.02,51.43,26.31,34.53,70.33,37.48,14.21
70,44.69,17.89,79.31,78.77,15.65,22.47,11.66,40.52,41.68,61.52,12.53,99.72,63.06,28.3,18.03,17.89,18.36,65.19,35.81,47.54,69.01,27.31,19.21,74.63,53.46,84.34,54.71,51.48,69.03,78.52,12.53,48.1,19.1,35.13,45.22,77.1,24.04,1.0,42.19,78.64,57.04,77.47,29.83,59.24,79.26,55.9,69.77,62.29,9.06,84.53,39.81,42.11,66.53,66.1,74.0,41.11,63.16,38.6,56.04,80.32,44.27,38.9,33.14,74.33,11.05,108.47,7.81,75.43,50.45,83.24,0.0,68.07,73.06,89.63,47.01,22.47,66.37,72.44,31.91,64.38,67.27,13.0,81.84,89.54
71,46.69,84.72,56.72,99.05,82.1,47.27,75.13,30.08,40.0,53.24,79.06,75.01,105.6,59.48,84.01,62.94,53.37,8.54,94.58,68.62,4.12,83.82,57.27,43.29,93.6,101.02,37.44,104.66,100.42,100.21,79.06,51.66,56.32,75.29,30.23,113.15,91.55,68.12,98.09,116.0,11.05,95.13,40.26,107.07,42.01,18.38,35.51,6.71,59.14,83.22,73.24,26.68,56.86,110.0,27.07,69.2,74.63,56.4,22.8,89.47,93.54,89.44,35.51,98.23,57.04,85.05,73.55,65.46,76.42,80.99,68.07,0.0,104.0,77.67,21.1,51.24,38.6,96.05,59.17,55.46,93.51,64.76,50.01,94.54
72,57.49,66.29,65.15,14.87,80.75,84.48,63.07,93.91,65.0,54.38,79.4,72.01,17.69,52.2,64.13,58.05,66.76,96.17,47.54,35.81,101.82,48.66,89.27,73.79,20.4,20.59,67.27,35.61,4.12,13.0,79.4,52.35,62.36,38.47,74.81,10.44,68.96,72.06,41.59,13.6,96.05,18.25,73.35,26.17,79.62,85.63,76.85,102.3,72.99,42.05,35.74,83.22,53.67,19.72,87.92,37.58,31.76,49.4,81.32,29.15,32.89,37.11,78.71,10.05,75.31,74.55,67.03,51.92,28.3,43.0,73.06,104.0,0.0,55.0,89.31,64.85,71.56,11.05,50.16,53.71,10.82,61.52,74.67,35.74
73,47.54,94.07,21.19,41.3,103.71,86.73,85.63,85.0,54.41,30.36,101.04,17.03,69.05,61.4,91.97,72.01,73.43,69.23,85.23,44.69,73.98,79.2,96.66,34.79,62.3,38.33,45.28,81.93,54.15,43.29,101.04,42.49,71.02,62.01,59.68,65.07,99.9,88.81,82.73,68.12,75.17,37.12,69.89,76.16,38.01,63.07,42.2,79.63,83.86,13.15,55.61,70.71,25.0,72.69,52.2,51.74,30.89,51.04,58.03,26.17,72.92,73.43,72.53,45.01,84.6,21.02,87.97,14.87,46.65,12.0,89.63,77.67,55.0,0.0,74.17,69.35,39.32,44.01,57.8,27.2,46.39,77.01,30.02,23.71
74,32.7,63.64,55.32,86.82,61.29,26.93,54.13,12.81,24.6,45.18,58.22,76.24,88.39,40.61,62.97,42.54,32.57,18.97,74.32,53.54,22.09,63.56,37.7,44.01,76.37,89.89,29.0,85.44,85.45,87.66,58.22,38.63,35.85,56.85,15.52,97.62,70.46,47.04,78.29,100.26,10.05,83.38,19.7,88.87,45.65,13.6,36.25,15.81,38.05,76.42,55.87,6.4,50.04,92.66,33.97,52.5,62.97,40.0,17.46,79.81,74.63,70.18,14.56,85.0,36.0,86.4,52.47,60.0,61.03,74.33,47.01,21.1,89.31,74.17,0.0,30.87,36.4,82.76,41.04,48.09,79.4,43.97,52.0,86.49
75,22.67,35.23,57.28,66.48,38.08,20.1,25.08,30.48,19.24,40.0,34.99,78.1,60.22,12.65,34.06,11.7,4.24,46.53,43.46,32.02,51.2,32.7,27.89,52.15,48.55,71.11,32.25,55.0,60.75,66.75,34.99,26.93,5.1,28.02,24.08,71.55,42.3,21.95,47.51,73.82,40.5,64.12,11.18,59.41,56.82,36.06,47.42,46.62,14.87,66.1,29.15,24.7,45.22,64.2,52.39,27.66,46.39,19.42,35.13,64.38,44.6,39.82,16.64,63.15,15.26,87.2,24.74,54.71,37.66,64.51,22.47,51.24,64.85,69.35,30.87,0.0,43.91,61.0,15.13,43.01,56.52,14.0,59.41,72.99
