vehicles
vehicle_idx, capacity, cost_per_unit_distance
1,100,3
2,100,3
3,100,3
4,100,3
5,100,3
6,100,3
7,100,3
8,100,3
depot
node_idx,x,y
0,2,48
home delivery customers
node_idx,x,y,service_time,demand
1,33,83,10,18
2,7,40,10,4
3,7,1,10,9
4,4,24,10,16
5,38,62,10,1
6,5,49,10,22
7,50,70,10,3
8,14,41,10,7
9,23,96,10,2
10,4,48,10,2
11,24,10,10,14
12,38,9,10,9
13,90,15,10,20
14,93,41,10,18
15,13,87,10,18
16,34,68,10,4
17,96,79,10,3
18,85,49,10,19
19,0,30,10,16
20,33,49,10,23
21,26,17,10,7
self pickup customers
node_idx,x,y,service_time,demand,locker_idxs
22,77,89,10,16,72-4
23,38,10,10,11,73-70-3
24,73,68,10,9,68-71-4
25,30,56,10,6,72
26,35,69,10,20,69-1
27,94,73,10,1,68-4
28,96,88,10,12,72-4
29,74,94,10,22,70-4
30,68,52,10,6,68-2
31,73,22,10,11,74-5
32,61,46,10,2,68-71
33,58,41,10,2,68-5
34,28,93,10,10,69-1
35,56,84,10,21,72-2
36,30,53,10,24,72-1
37,72,75,10,2,68-4
38,71,21,10,2,73-5
39,93,7,10,26,74-0
40,70,22,10,21,74-5
41,54,53,10,2,68-71-72-2
flexible customers
node_idx,x,y,service_time,demand,locker_idxs
42,64,71,10,26,68-71-2
43,96,61,10,8,71-68
44,53,55,10,7,68-72-71-2
45,82,56,10,7,71-68-4
46,42,53,10,2,72-1
47,1,85,10,23,75-69-1
48,94,4,10,4,74-0
49,92,96,10,12,68-4
50,52,72,10,14,72-2
51,8,74,10,19,69-75-1
52,84,97,10,16,74-4
53,35,20,10,26,70-73-3
54,73,87,10,23,71-4
55,21,1,10,16,70-3
56,55,94,10,9,72-2
57,68,99,10,24,72-2
58,85,2,10,12,74-0
59,12,71,10,6,69-75-72-1
60,26,55,10,2,69-75-72-1
61,51,2,10,16,73-5
lockers
node_idx,x,y,service_time,capacity,cost_per_unit_good
62,93,12,10,76
63,22,88,10,94
64,65,88,10,89
65,25,15,10,95
66,77,88,10,97
67,72,14,10,85
68,80,53,10,72
69,16,72,10,73
70,22,21,10,71
71,73,51,10,85
72,35,68,10,74
73,52,10,10,99
74,77,25,10,85
75,14,63,10,100
mrt lines
start_node_idx,end_node_idx,freight_capacity,cost_per_unit_good
62,63,94,0.5
63,62,94,0.5
64,65,95,0.5
65,64,95,0.5
66,67,97,0.5
67,66,97,0.5
distance matrix
,0,1,2,3,4,5,6,7,8,9,10,11,12,13,14,15,16,17,18,19,20,21,22,23,24,25,26,27,28,29,30,31,32,33,34,35,36,37,38,39,40,41,42,43,44,45,46,47,48,49,50,51,52,53,54,55,56,57,58,59,60,61,62,63,64,65,66,67,68,69,70,71,72,73,74,75,
0,0.0,46.75,9.43,47.27,24.08,38.63,3.16,52.8,13.89,52.39,2.0,43.91,53.08,93.98,91.27,40.52,37.74,98.98,83.01,18.11,31.02,39.2,85.48,52.35,73.76,29.12,39.12,95.34,102.16,85.44,66.12,75.61,59.03,56.44,51.97,64.9,28.44,75.03,74.09,99.81,72.8,52.24,66.13,94.89,51.48,80.4,40.31,37.01,101.98,102.0,55.46,26.68,95.52,43.28,81.01,50.7,70.18,83.41,94.89,25.08,25.0,67.21,97.86,44.72,74.63,40.22,85.0,77.82,78.16,27.78,33.6,71.06,38.59,62.8,78.45,19.21
1,46.75,0.0,50.25,86.02,65.74,21.59,44.05,21.4,46.1,16.4,45.45,73.55,74.17,88.73,73.24,20.4,15.03,63.13,62.13,62.43,34.0,66.37,44.41,73.17,42.72,27.17,14.14,61.81,63.2,42.45,46.75,72.95,46.4,48.88,11.18,23.02,30.15,39.81,72.72,96.83,71.34,36.62,33.24,66.73,34.41,55.95,31.32,32.06,99.81,60.42,21.95,26.57,52.89,63.03,40.2,82.87,24.6,38.48,96.25,24.19,28.86,82.98,92.96,12.08,32.39,68.47,44.28,79.26,55.76,20.25,62.97,51.22,15.13,75.43,72.8,27.59
2,9.43,50.25,0.0,39.0,16.28,38.01,9.22,52.43,7.07,58.24,8.54,34.48,43.84,86.68,86.01,47.38,38.9,97.17,78.52,12.21,27.51,29.83,85.45,43.14,71.69,28.02,40.31,93.05,101.12,86.05,62.17,68.41,54.33,51.01,57.01,65.86,26.42,73.82,66.76,92.11,65.52,48.76,64.88,91.44,48.38,76.69,37.34,45.4,94.15,101.79,55.22,34.01,95.8,34.41,81.02,41.44,72.25,84.86,86.76,31.4,24.21,58.14,90.44,50.29,75.29,30.81,84.88,70.01,74.15,33.24,24.21,66.91,39.6,54.08,71.59,24.04
3,47.27,86.02,39.0,0.0,23.19,68.43,48.04,81.3,40.61,96.34,47.1,19.24,32.02,84.17,94.85,86.21,72.24,118.34,91.59,29.83,54.59,24.84,112.45,32.28,94.05,59.62,73.54,112.93,124.46,114.62,79.51,69.26,70.29,64.82,94.37,96.38,56.86,98.49,67.05,86.21,66.41,70.09,90.27,107.34,70.94,93.01,62.68,84.21,87.05,127.48,84.06,73.01,123.07,33.84,108.41,14.0,104.66,115.43,78.01,70.18,57.25,44.01,86.7,88.28,104.56,22.8,111.66,66.29,89.63,71.57,25.0,82.8,72.62,45.89,74.0,62.39
4,24.08,65.74,16.28,23.19,0.0,50.99,25.02,65.05,19.72,74.46,24.0,24.41,37.16,86.47,90.61,63.64,53.25,107.19,84.77,7.21,38.29,23.09,97.74,36.77,81.84,41.23,54.64,102.47,112.07,98.99,69.86,69.03,61.1,56.61,73.05,79.4,38.95,85.0,67.07,90.61,66.03,57.8,76.22,99.16,57.98,84.31,47.8,61.07,92.2,113.7,67.88,50.16,108.3,31.26,93.43,28.6,86.61,98.6,83.93,47.68,38.01,51.89,89.81,66.48,88.41,22.85,97.08,68.73,81.34,49.48,18.25,74.09,53.82,50.0,73.01,40.26
5,38.63,21.59,38.01,68.43,50.99,0.0,35.47,14.42,31.89,37.16,36.77,53.85,53.0,70.09,58.87,35.36,7.21,60.44,48.76,49.68,13.93,46.57,47.43,52.0,35.51,10.0,7.62,57.07,63.56,48.17,31.62,53.15,28.02,29.0,32.57,28.43,12.04,36.4,52.63,77.78,51.22,18.36,27.51,58.01,16.55,44.41,9.85,43.57,80.62,63.81,17.2,32.31,57.8,42.11,43.01,63.32,36.24,47.63,76.22,27.51,13.89,61.39,74.33,30.53,37.48,48.76,46.87,58.82,42.95,24.17,44.01,36.69,6.71,53.85,53.76,24.02
6,3.16,44.05,9.22,48.04,25.02,35.47,0.0,49.66,12.04,50.33,1.41,43.38,51.86,91.55,88.36,38.83,34.67,95.82,80.0,19.65,28.0,38.28,82.37,51.09,70.6,25.96,36.06,92.18,99.01,82.38,63.07,73.16,56.08,53.6,49.65,61.85,25.32,71.87,71.69,97.51,70.38,49.16,62.97,91.79,48.37,77.32,37.22,36.22,99.73,98.88,52.33,25.18,92.44,41.73,77.9,50.6,67.27,80.43,92.78,23.09,21.84,65.76,95.46,42.54,71.56,39.45,81.88,75.59,75.11,25.5,32.76,68.03,35.51,61.07,75.89,16.64
7,52.8,21.4,52.43,81.3,65.05,14.42,49.66,0.0,46.23,37.48,50.99,65.39,62.17,68.01,51.87,40.72,16.12,46.87,40.82,64.03,27.02,58.18,33.02,61.19,23.09,24.41,15.03,44.1,49.4,33.94,25.46,53.23,26.4,30.08,31.83,15.23,26.25,22.56,53.31,76.28,52.0,17.46,14.04,46.87,15.3,34.93,18.79,51.24,79.32,49.4,2.83,42.19,43.42,52.2,28.6,74.85,24.52,34.13,76.48,38.01,28.3,68.01,72.2,33.29,23.43,60.42,32.45,60.17,34.48,34.06,56.44,29.83,15.13,60.03,52.48,36.67
8,13.89,46.1,7.07,40.61,19.72,31.89,12.04,46.23,0.0,55.73,12.21,32.57,40.0,80.32,79.0,46.01,33.6,90.38,71.45,17.8,20.62,26.83,79.2,39.2,64.88,21.93,35.0,86.16,94.51,80.06,55.11,61.98,47.27,44.0,53.85,60.11,20.0,67.23,60.41,86.01,59.14,41.76,58.31,84.4,41.44,69.63,30.46,45.88,88.14,95.44,49.04,33.54,89.64,29.7,74.81,40.61,67.01,79.25,81.01,30.07,18.44,53.76,84.15,47.68,69.35,28.23,78.6,63.98,67.08,31.06,21.54,59.84,34.21,49.04,65.0,22.0
9,52.39,16.4,58.24,96.34,74.46,37.16,50.33,37.48,55.73,0.0,51.62,86.01,88.28,105.12,89.02,13.45,30.08,74.95,77.8,69.89,48.05,79.06,54.45,87.3,57.31,40.61,29.55,74.63,73.44,51.04,62.94,89.31,62.8,65.19,5.83,35.11,43.57,53.31,89.04,113.23,87.66,53.01,48.02,80.96,50.8,71.28,47.01,24.6,116.21,69.0,37.64,26.63,61.01,76.94,50.8,95.02,32.06,45.1,112.61,27.31,41.11,98.08,109.34,8.06,42.76,81.02,54.59,95.52,71.4,25.0,75.01,67.27,30.46,90.76,89.2,34.21
10,2.0,45.45,8.54,47.1,24.0,36.77,1.41,50.99,12.21,51.62,0.0,42.94,51.74,92.11,89.27,40.02,36.06,97.08,81.01,18.44,29.02,38.01,83.73,50.99,71.84,27.2,37.44,93.41,100.32,83.76,64.12,73.74,57.04,54.45,51.0,63.25,26.48,73.16,72.24,97.99,70.94,50.25,64.26,92.91,49.5,78.41,38.33,37.12,100.18,100.24,53.67,26.31,93.81,41.77,79.26,49.98,68.68,81.84,93.15,24.35,23.09,65.76,96.01,43.86,72.95,39.12,83.24,76.03,76.16,26.83,32.45,69.07,36.89,61.22,76.54,18.03
11,43.91,73.55,34.48,19.24,24.41,53.85,43.38,65.39,32.57,86.01,42.94,0.0,14.04,66.19,75.64,77.78,58.86,99.72,72.4,31.24,40.02,7.28,95.13,14.0,75.93,46.39,60.02,94.18,106.15,97.75,60.83,50.45,51.62,46.01,83.1,80.62,43.42,80.8,48.27,69.07,47.54,52.43,72.95,88.23,53.54,74.03,46.62,78.45,70.26,109.64,68.03,65.97,105.68,14.87,91.27,9.49,89.54,99.28,61.52,62.17,45.04,28.16,69.03,78.03,88.12,5.1,94.3,48.17,70.6,62.51,11.18,63.89,59.03,28.0,55.08,53.94
12,53.08,74.17,43.84,32.02,37.16,53.0,51.86,62.17,40.0,88.28,51.74,14.04,0.0,52.35,63.63,81.91,59.14,90.91,61.72,43.42,40.31,14.42,89.0,1.0,68.6,47.68,60.07,85.04,98.01,92.31,52.43,37.34,43.57,37.74,84.59,77.13,44.72,74.24,35.11,55.04,34.54,46.82,67.23,77.9,48.38,64.38,44.18,84.53,56.22,102.4,64.54,71.59,99.3,11.4,85.49,18.79,86.68,94.87,47.52,67.23,47.54,14.76,55.08,80.6,83.49,14.32,88.1,34.37,60.83,66.73,20.0,54.67,59.08,14.04,42.15,59.09
13,93.98,88.73,86.68,84.17,86.47,70.09,91.55,68.01,80.32,105.12,92.11,66.19,52.35,0.0,26.17,105.42,77.1,64.28,34.37,91.24,66.37,64.03,75.13,52.24,55.66,72.67,77.08,58.14,73.25,80.6,43.05,18.38,42.45,41.23,99.64,76.92,71.02,62.64,19.92,8.54,21.19,52.35,61.74,46.39,54.49,41.77,61.22,113.23,11.7,81.02,68.51,101.02,82.22,55.23,73.98,70.41,86.41,86.83,13.93,96.02,75.47,41.11,4.24,99.76,77.16,65.0,74.15,18.03,39.29,93.41,68.26,39.81,76.38,38.33,16.4,89.89
14,91.27,73.24,86.01,94.85,90.61,58.87,88.36,51.87,79.0,89.02,89.27,75.64,63.63,26.17,0.0,92.28,64.88,38.12,11.31,93.65,60.53,71.17,50.6,63.13,33.6,64.76,64.4,32.02,47.1,56.3,27.31,27.59,32.39,35.0,83.24,56.73,64.13,39.96,29.73,34.0,29.83,40.8,41.73,20.22,42.38,18.6,52.39,101.98,37.01,55.01,51.4,91.18,56.72,61.68,50.16,82.37,65.22,63.16,39.81,86.38,68.45,57.31,29.0,85.15,54.71,72.8,49.65,34.21,17.69,83.01,73.76,22.36,63.98,51.4,22.63,82.01
15,40.52,20.4,47.38,86.21,63.64,35.36,38.83,40.72,46.01,13.45,40.02,77.78,81.91,105.42,92.28,0.0,28.32,83.38,81.41,58.46,42.94,71.2,64.03,80.96,62.94,35.36,28.43,82.2,83.01,61.4,65.19,88.46,63.13,64.35,16.16,43.1,38.01,60.21,87.86,113.14,86.45,53.26,53.45,86.98,51.22,75.64,44.69,12.17,115.97,79.51,41.79,13.93,71.7,70.52,60.0,86.37,42.58,56.29,111.4,16.03,34.54,93.11,109.66,9.06,52.01,72.99,64.01,93.86,75.13,15.3,66.61,69.97,29.07,86.31,89.11,24.02
16,37.74,15.03,38.9,72.24,53.25,7.21,34.67,16.12,33.6,30.08,36.06,58.86,59.14,77.1,64.88,28.32,0.0,62.97,54.42,50.99,19.03,51.62,47.85,58.14,39.0,12.65,1.41,60.21,65.15,47.71,37.58,60.31,34.83,36.12,25.71,27.2,15.52,38.64,59.82,84.86,58.41,25.0,30.15,62.39,23.02,49.48,17.0,37.12,87.73,64.4,18.44,26.68,57.8,48.01,43.38,68.25,33.42,46.01,83.41,22.2,15.26,68.15,81.34,23.32,36.89,53.76,47.42,66.03,48.38,18.44,48.51,42.54,1.0,60.73,60.81,20.62
17,98.98,63.13,97.17,118.34,107.19,60.44,95.82,46.87,90.38,74.95,97.08,99.72,90.91,64.28,38.12,83.38,62.97,0.0,31.95,107.78,69.78,93.51,21.47,90.14,25.5,69.89,61.81,6.32,9.0,26.63,38.9,61.47,48.1,53.74,69.43,40.31,70.94,24.33,63.16,72.06,62.65,49.4,32.98,18.0,49.24,26.93,59.93,95.19,75.03,17.46,44.55,88.14,21.63,84.86,24.35,108.21,43.66,34.41,77.78,84.38,74.0,89.19,67.07,74.55,32.28,95.59,21.02,69.29,30.53,80.31,94.02,36.24,61.98,81.84,57.25,83.55
18,83.01,62.13,78.52,91.59,84.77,48.76,80.0,40.82,71.45,77.8,81.01,72.4,61.72,34.37,11.31,81.41,54.42,31.95,0.0,87.1,52.0,67.12,40.79,61.07,22.47,55.44,53.85,25.63,40.52,46.32,17.26,29.55,24.19,28.16,72.01,45.45,55.15,29.07,31.3,42.76,30.89,31.26,30.41,16.28,32.56,7.62,43.19,91.39,45.89,47.52,40.22,80.96,48.01,57.8,39.85,80.0,54.08,52.81,47.0,76.24,59.3,58.01,37.85,74.09,43.83,68.96,39.81,37.34,6.4,72.73,68.94,12.17,53.49,51.09,25.3,72.37
19,18.11,62.43,12.21,29.83,7.21,49.68,19.65,64.03,17.8,69.89,18.44,31.24,43.42,91.24,93.65,58.46,50.99,107.78,87.1,0.0,38.08,29.07,97.01,42.94,82.3,39.7,52.4,103.37,112.16,97.84,71.47,73.44,63.06,59.03,68.94,77.79,37.8,84.91,71.57,95.8,70.46,58.69,76.01,100.88,58.6,86.02,47.89,55.01,97.53,113.23,66.84,44.72,107.45,36.4,92.62,35.81,84.39,96.88,89.49,42.72,36.07,58.18,94.73,62.03,87.11,29.15,96.4,73.76,83.24,44.94,23.77,75.96,51.66,55.71,77.16,35.85
20,31.02,34.0,27.51,54.59,38.29,13.93,28.0,27.02,20.62,48.05,29.02,40.02,40.31,66.37,60.53,42.94,19.03,69.78,52.0,38.08,0.0,32.76,59.46,39.32,44.28,7.62,20.1,65.55,74.09,60.88,35.13,48.26,28.16,26.25,44.28,41.88,5.0,46.87,47.2,73.24,45.8,21.38,38.01,64.13,20.88,49.5,9.85,48.17,75.8,75.43,29.83,35.36,70.04,29.07,55.17,49.48,50.09,61.03,70.09,30.41,9.22,50.33,70.49,40.52,50.45,34.93,58.8,52.4,47.17,28.6,30.08,40.05,19.1,43.38,50.12,23.6
21,39.2,66.37,29.83,24.84,23.09,46.57,38.28,58.18,26.83,79.06,38.01,7.28,14.42,64.03,71.17,71.2,51.62,93.51,67.12,29.07,32.76,0.0,88.23,13.89,69.35,39.2,52.77,88.09,99.7,90.74,54.67,47.27,45.45,40.0,76.03,73.41,36.22,74.03,45.18,67.74,44.28,45.61,66.03,82.68,46.62,68.24,39.4,72.45,69.23,102.94,60.84,59.77,98.81,9.49,84.31,16.76,82.28,92.13,60.88,55.79,38.0,29.15,67.19,71.11,81.01,2.24,87.42,46.1,64.9,55.9,5.66,58.01,51.79,26.93,51.62,47.54
22,85.48,44.41,85.45,112.45,97.74,47.43,82.37,33.02,79.2,54.45,83.73,95.13,89.0,75.13,50.6,64.03,47.85,21.47,40.79,97.01,59.46,88.23,0.0,88.1,21.38,57.43,46.52,23.35,19.03,5.83,38.08,67.12,45.88,51.62,49.16,21.59,59.2,14.87,68.26,83.55,67.36,42.72,22.2,33.84,41.62,33.38,50.21,76.11,86.68,16.55,30.23,70.61,10.63,80.78,4.47,104.31,22.56,13.45,87.37,67.45,61.29,90.8,78.64,55.01,12.04,90.44,1.0,75.17,36.12,63.32,87.46,38.21,46.96,82.86,64.0,68.15
23,52.35,73.17,43.14,32.28,36.77,52.0,51.09,61.19,39.2,87.3,50.99,14.0,1.0,52.24,63.13,80.96,58.14,90.14,61.07,42.94,39.32,13.89,88.1,0.0,67.74,46.69,59.08,84.29,97.2,91.39,51.61,37.0,42.72,36.89,83.6,76.16,43.74,73.36,34.79,55.08,34.18,45.88,66.31,77.23,47.43,63.66,43.19,83.63,56.32,101.55,63.56,70.68,98.41,10.44,84.58,19.24,85.7,93.92,47.68,66.31,46.57,15.26,55.04,79.62,82.54,13.93,87.21,34.23,60.11,65.79,19.42,53.91,58.08,14.0,41.79,58.18
24,73.76,42.72,71.69,94.05,81.84,35.51,70.6,23.09,64.88,57.31,71.84,75.93,68.6,55.66,33.6,62.94,39.0,25.5,22.47,82.3,44.28,69.35,21.38,67.74,0.0,44.64,38.01,21.59,30.48,26.02,16.76,46.0,25.06,30.89,51.48,23.35,45.54,7.07,47.04,64.2,46.1,24.21,9.49,24.04,23.85,15.0,34.44,73.98,67.36,33.84,21.38,65.28,31.02,61.22,19.0,84.81,31.62,31.4,67.08,61.07,48.76,69.57,59.46,54.78,21.54,71.51,20.4,54.01,16.55,57.14,69.35,17.0,38.0,61.68,43.19,59.21
25,29.12,27.17,28.02,59.62,41.23,10.0,25.96,24.41,21.93,40.61,27.2,46.39,47.68,72.67,64.76,35.36,12.65,69.89,55.44,39.7,7.62,39.2,57.43,46.69,44.64,0.0,13.93,66.22,73.35,58.14,38.21,54.82,32.57,31.76,37.05,38.21,3.0,46.1,53.91,79.81,52.5,24.19,37.16,66.19,23.02,52.0,12.37,41.01,82.46,73.78,27.2,28.43,67.8,36.35,53.01,55.73,45.49,57.38,77.08,23.43,4.12,57.94,76.84,32.98,47.42,41.3,56.86,59.4,50.09,21.26,35.9,43.29,13.0,50.99,56.3,17.46
26,39.12,14.14,40.31,73.54,54.64,7.62,36.06,15.03,35.0,29.55,37.44,60.02,60.07,77.08,64.4,28.43,1.41,61.81,53.85,52.4,20.1,52.77,46.52,59.08,38.01,13.93,0.0,59.14,63.89,46.32,37.12,60.44,34.71,36.24,25.0,25.81,16.76,37.48,60.0,84.9,58.6,24.84,29.07,61.52,22.8,48.76,17.46,37.58,87.78,63.07,17.26,27.46,56.44,49.0,42.05,69.43,32.02,44.6,83.6,23.09,16.64,68.88,81.32,23.02,35.51,54.92,46.1,66.29,47.76,19.24,49.73,42.05,1.0,61.4,60.83,21.84
27,95.34,61.81,93.05,112.93,102.47,57.07,92.18,44.1,86.16,74.63,93.41,94.18,85.04,58.14,32.02,82.2,60.21,6.32,25.63,103.37,65.55,88.09,23.35,84.29,21.59,66.22,59.14,0.0,15.13,29.0,33.42,55.15,42.64,48.17,68.96,39.56,67.05,22.09,56.86,66.01,56.36,44.72,30.07,12.17,44.78,20.81,55.71,93.77,69.0,23.09,42.01,86.01,26.0,79.31,25.24,102.53,44.29,36.77,71.57,82.02,70.34,83.01,61.01,73.55,32.65,90.14,22.67,62.97,24.41,78.01,88.81,30.41,59.21,75.72,50.92,80.62
28,102.16,63.2,101.12,124.46,112.07,63.56,99.01,49.4,94.51,73.44,100.32,106.15,98.01,73.25,47.1,83.01,65.15,9.0,40.52,112.16,74.09,99.7,19.03,97.2,30.48,73.35,63.89,15.13,0.0,22.8,45.61,69.89,54.67,60.44,68.18,40.2,74.71,27.29,71.51,81.06,70.94,54.67,36.24,27.0,54.2,34.93,64.35,95.05,84.02,8.94,46.82,89.11,15.0,91.35,23.02,114.87,41.44,30.08,86.7,85.7,77.39,97.06,76.06,74.0,31.0,101.83,19.0,77.79,38.48,81.58,99.82,43.57,64.2,89.55,65.8,85.73
29,85.44,42.45,86.05,114.62,98.99,48.17,82.38,33.94,80.06,51.04,83.76,97.75,92.31,80.6,56.3,61.4,47.71,26.63,46.32,97.84,60.88,90.74,5.83,91.39,26.02,58.14,46.32,29.0,22.8,0.0,42.43,72.01,49.73,55.36,46.01,20.59,60.14,19.1,73.06,89.05,72.11,45.62,25.08,39.66,44.29,38.83,52.01,73.55,92.2,18.11,31.11,68.96,10.44,83.65,7.07,107.04,19.0,7.81,92.66,66.13,61.85,94.83,84.17,52.35,10.82,92.96,6.71,80.02,41.44,62.03,89.63,43.01,46.87,86.83,69.07,67.54
30,66.12,46.75,62.17,79.51,69.86,31.62,63.07,25.46,55.11,62.94,64.12,60.83,52.43,43.05,27.31,65.19,37.58,38.9,17.26,71.47,35.13,54.67,38.08,51.61,16.76,38.21,37.12,33.42,45.61,42.43,0.0,30.41,9.22,14.87,57.28,34.18,38.01,23.35,31.14,51.48,30.07,14.04,19.42,29.41,15.3,14.56,26.02,74.69,54.59,50.12,25.61,63.91,47.76,45.97,35.36,69.35,43.97,47.0,52.81,59.14,42.11,52.81,47.17,58.41,36.12,56.73,37.11,38.21,12.04,55.71,55.47,5.1,36.67,44.94,28.46,55.11
31,75.61,72.95,68.41,69.26,69.03,53.15,73.16,53.23,61.98,89.31,73.74,50.45,37.34,18.38,27.59,88.46,60.31,61.47,29.55,73.44,48.26,47.27,67.12,37.0,46.0,54.82,60.44,55.15,69.89,72.01,30.41,0.0,26.83,24.21,84.06,64.29,53.01,53.01,2.24,25.0,3.0,36.36,49.82,45.28,38.59,35.17,43.84,95.67,27.66,76.4,54.23,83.24,75.8,38.05,65.0,56.08,74.22,77.16,23.32,78.24,57.43,29.73,22.36,83.41,66.48,48.51,66.12,8.06,31.78,75.82,51.01,29.0,59.67,24.19,5.0,71.85
32,59.03,46.4,54.33,70.29,61.1,28.02,56.08,26.4,47.27,62.8,57.04,51.62,43.57,42.45,32.39,63.13,34.83,48.1,24.19,63.06,28.16,45.45,45.88,42.72,25.06,32.57,34.71,42.64,54.67,49.73,9.22,26.83,0.0,5.83,57.43,38.33,31.78,31.02,26.93,50.45,25.63,9.9,25.18,38.08,12.04,23.26,20.25,71.56,53.41,58.83,27.51,59.94,55.95,36.77,42.72,60.21,48.37,53.46,50.12,55.01,36.14,45.12,46.69,57.31,42.19,47.51,44.94,33.84,20.25,51.97,46.32,13.0,34.06,37.11,26.4,49.98
33,56.44,48.88,51.01,64.82,56.61,29.0,53.6,30.08,44.0,65.19,54.45,46.01,37.74,41.23,35.0,64.35,36.12,53.74,28.16,59.03,26.25,40.0,51.62,36.89,30.89,31.76,36.24,48.17,60.44,55.36,14.87,24.21,5.83,0.0,60.03,43.05,30.46,36.77,23.85,48.8,22.47,12.65,30.59,42.94,14.87,28.3,20.0,72.01,51.62,64.66,31.58,59.91,61.74,31.14,48.38,54.49,53.08,58.86,47.43,54.92,34.93,39.62,45.45,59.2,47.52,42.01,50.7,30.41,25.06,52.2,41.18,18.03,35.47,31.58,24.84,49.19
34,51.97,11.18,57.01,94.37,73.05,32.57,49.65,31.83,53.85,5.83,51.0,83.1,84.59,99.64,83.24,16.16,25.71,69.43,72.01,68.94,44.28,76.03,49.16,83.6,51.48,37.05,25.0,68.96,68.18,46.01,57.28,84.06,57.43,60.03,0.0,29.41,40.05,47.54,83.86,107.8,82.49,47.71,42.19,75.15,45.49,65.46,42.38,28.16,110.8,64.07,31.89,27.59,56.14,73.33,45.4,92.27,27.02,40.45,107.38,27.2,38.05,93.86,103.86,7.81,37.34,78.06,49.25,90.43,65.6,24.19,72.25,61.55,25.96,86.4,83.82,33.11
35,64.9,23.02,65.86,96.38,79.4,28.43,61.85,15.23,60.11,35.11,63.25,80.62,77.13,76.92,56.73,43.1,27.2,40.31,45.45,77.79,41.88,73.41,21.59,76.16,23.35,38.21,25.81,39.56,40.2,20.59,34.18,64.29,38.33,43.05,29.41,0.0,40.46,18.36,64.76,85.43,63.56,31.06,15.26,46.14,29.15,38.21,34.01,55.01,88.57,37.95,12.65,49.03,30.87,67.36,17.26,90.08,10.05,19.21,86.98,45.88,41.73,82.15,80.95,34.23,9.85,75.64,21.38,71.81,39.2,41.76,71.59,37.12,26.4,74.11,62.63,46.96
36,28.44,30.15,26.42,56.86,38.95,12.04,25.32,26.25,20.0,43.57,26.48,43.42,44.72,71.02,64.13,38.01,15.52,70.94,55.15,37.8,5.0,36.22,59.2,43.74,45.54,3.0,16.76,67.05,74.71,60.14,38.01,53.01,31.78,30.46,40.05,40.46,0.0,47.41,52.01,78.01,50.61,24.0,38.47,66.48,23.09,52.09,12.0,43.19,80.6,75.45,29.07,30.41,69.66,33.38,54.82,52.77,48.02,59.67,75.01,25.46,4.47,55.15,75.17,35.9,49.5,38.33,58.6,57.31,50.0,23.6,32.98,43.05,15.81,48.3,54.71,18.87
37,75.03,39.81,73.82,98.49,85.0,36.4,71.87,22.56,67.23,53.31,73.16,80.8,74.24,62.64,39.96,60.21,38.64,24.33,29.07,84.91,46.87,74.03,14.87,73.36,7.07,46.1,37.48,22.09,27.29,19.1,23.35,53.01,31.02,36.77,47.54,18.36,47.41,0.0,54.01,71.17,53.04,28.43,8.94,27.78,27.59,21.47,37.2,71.7,74.33,29.0,20.22,64.01,25.06,66.29,12.04,89.87,25.5,24.33,74.15,60.13,50.16,75.96,66.41,51.66,14.76,76.22,13.93,61.0,23.41,56.08,73.59,24.02,37.66,68.01,50.25,59.23
38,74.09,72.72,66.76,67.05,67.07,52.63,71.69,53.31,60.41,89.04,72.24,48.27,35.11,19.92,29.73,87.86,59.82,63.16,31.3,71.57,47.2,45.18,68.26,34.79,47.04,53.91,60.0,56.86,71.51,73.06,31.14,2.24,26.93,23.85,83.86,64.76,52.01,54.01,0.0,26.08,1.41,36.24,50.49,47.17,38.47,36.69,43.19,94.85,28.6,77.88,54.42,82.33,77.1,36.01,66.03,53.85,74.73,78.06,23.6,77.34,56.4,27.59,23.77,83.01,67.27,46.39,67.27,7.07,33.24,75.01,49.0,30.07,59.2,21.95,7.21,70.8
39,99.81,96.83,92.11,86.21,90.61,77.78,97.51,76.28,86.01,113.23,97.99,69.07,55.04,8.54,34.0,113.14,84.86,72.06,42.76,95.8,73.24,67.74,83.55,55.08,64.2,79.81,84.9,66.01,81.06,89.05,51.48,25.0,50.45,48.8,107.8,85.43,78.01,71.17,26.08,0.0,27.46,60.31,70.26,54.08,62.48,50.22,68.68,120.62,3.16,89.01,76.85,108.23,90.45,59.44,82.46,72.25,94.94,95.34,9.43,103.23,82.42,42.3,5.0,107.71,85.7,68.47,82.57,22.14,47.8,100.77,72.37,48.33,84.17,41.11,24.08,96.83
40,72.8,71.34,65.52,66.41,66.03,51.22,70.38,52.0,59.14,87.66,70.94,47.54,34.54,21.19,29.83,86.45,58.41,62.65,30.89,70.46,45.8,44.28,67.36,34.18,46.1,52.5,58.6,56.36,70.94,72.11,30.07,3.0,25.63,22.47,82.49,63.56,50.61,53.04,1.41,27.46,0.0,34.89,49.37,46.87,37.12,36.06,41.77,93.43,30.0,77.2,53.14,80.92,76.3,35.06,65.07,53.31,73.55,77.03,25.0,75.93,55.0,27.59,25.08,81.61,66.19,45.54,66.37,8.25,32.57,73.59,48.01,29.15,57.8,21.63,7.62,69.4
41,52.24,36.62,48.76,70.09,57.8,18.36,49.16,17.46,41.76,53.01,50.25,52.43,46.82,52.35,40.8,53.26,25.0,49.4,31.26,58.69,21.38,45.61,42.72,45.88,24.21,24.19,24.84,44.72,54.67,45.62,14.04,36.36,9.9,12.65,47.71,31.06,24.0,28.43,36.24,60.31,34.89,0.0,20.59,42.76,2.24,28.16,12.0,61.91,63.25,57.38,19.1,50.57,53.25,38.08,38.95,61.59,41.01,48.08,59.68,45.69,28.07,51.09,56.59,47.42,36.69,47.8,41.88,42.95,26.0,42.49,45.25,19.1,24.21,43.05,36.24,41.23
42,66.13,33.24,64.88,90.27,76.22,27.51,62.97,14.04,58.31,48.02,64.26,72.95,67.23,61.74,41.73,53.45,30.15,32.98,30.41,76.01,38.01,66.03,22.2,66.31,9.49,37.16,29.07,30.07,36.24,25.08,19.42,49.82,25.18,30.59,42.19,15.26,38.47,8.94,50.49,70.26,49.37,20.59,0.0,33.53,19.42,23.43,28.43,64.54,73.41,37.54,12.04,56.08,32.8,58.67,18.36,82.15,24.7,28.28,72.12,52.0,41.23,70.21,65.74,45.31,17.03,68.24,21.4,57.56,24.08,48.01,65.3,21.93,29.15,62.17,47.8,50.64
43,94.89,66.73,91.44,107.34,99.16,58.01,91.79,46.87,84.4,80.96,92.91,88.23,77.9,46.39,20.22,86.98,62.39,18.0,16.28,100.88,64.13,82.68,33.84,77.23,24.04,66.19,61.52,12.17,27.0,39.66,29.41,45.28,38.08,42.94,75.15,46.14,66.48,27.78,47.17,54.08,46.87,42.76,33.53,0.0,43.42,14.87,54.59,97.98,57.04,35.23,45.35,88.96,37.95,73.5,34.71,96.05,52.63,47.2,60.02,84.59,70.26,74.2,49.09,78.77,41.11,84.6,33.02,52.77,17.89,80.75,84.12,25.08,61.4,67.36,40.71,82.02
44,51.48,34.41,48.38,70.94,57.98,16.55,48.37,15.3,41.44,50.8,49.5,53.54,48.38,54.49,42.38,51.22,23.02,49.24,32.56,58.6,20.88,46.62,41.62,47.43,23.85,23.02,22.8,44.78,54.2,44.29,15.3,38.59,12.04,14.87,45.49,29.15,23.09,27.59,38.47,62.48,37.12,2.24,19.42,43.42,0.0,29.02,11.18,60.03,65.44,56.59,17.03,48.85,52.2,39.36,37.74,62.77,39.05,46.49,61.91,44.01,27.0,53.04,58.73,45.28,35.11,48.83,40.8,45.19,27.07,40.72,46.01,20.4,22.2,45.01,38.42,39.81
45,80.4,55.95,76.69,93.01,84.31,44.41,77.32,34.93,69.63,71.28,78.41,74.03,64.38,41.77,18.6,75.64,49.48,26.93,7.62,86.02,49.5,68.24,33.38,63.66,15.0,52.0,48.76,20.81,34.93,38.83,14.56,35.17,23.26,28.3,65.46,38.21,52.09,21.47,36.69,50.22,36.06,28.16,23.43,14.87,29.02,0.0,40.11,86.03,53.37,41.23,34.0,76.16,41.05,59.2,32.28,82.13,46.62,45.22,54.08,71.59,56.01,62.27,45.35,68.0,36.24,70.21,32.39,43.17,3.61,67.91,69.46,10.3,48.51,54.92,31.4,68.36
46,40.31,31.32,37.34,62.68,47.8,9.85,37.22,18.79,30.46,47.01,38.33,46.62,44.18,61.22,52.39,44.69,17.0,59.93,43.19,47.89,9.85,39.4,50.21,43.19,34.44,12.37,17.46,55.71,64.35,52.01,26.02,43.84,20.25,20.0,42.38,34.01,12.0,37.2,43.19,68.68,41.77,12.0,28.43,54.59,11.18,40.11,0.0,52.01,71.45,65.95,21.47,39.96,60.83,33.73,46.01,56.08,43.01,52.84,66.71,34.99,16.12,51.79,65.44,40.31,41.88,41.63,49.5,49.2,38.0,32.2,37.74,31.06,16.55,44.15,44.82,29.73
47,37.01,32.06,45.4,84.21,61.07,43.57,36.22,51.24,45.88,24.6,37.12,78.45,84.53,113.23,101.98,12.17,37.12,95.19,91.39,55.01,48.17,72.45,76.11,83.63,73.98,41.01,37.58,93.77,95.05,73.55,74.69,95.67,71.56,72.01,28.16,55.01,43.19,71.7,94.85,120.62,93.43,61.91,64.54,97.98,60.03,86.03,52.01,0.0,123.33,91.66,52.63,13.04,83.86,73.36,72.03,86.35,54.74,68.45,118.09,17.8,39.05,96.9,117.44,21.21,64.07,74.0,76.06,100.41,85.23,19.85,67.36,79.62,38.01,90.7,96.83,25.55
48,101.98,99.81,94.15,87.05,92.2,80.62,99.73,79.32,88.14,116.21,100.18,70.26,56.22,11.7,37.01,115.97,87.73,75.03,45.89,97.53,75.8,69.23,86.68,56.32,67.36,82.46,87.78,69.0,84.02,92.2,54.59,27.66,53.41,51.62,110.8,88.57,80.6,74.33,28.6,3.16,30.0,63.25,73.41,57.04,65.44,53.37,71.45,123.33,0.0,92.02,79.92,110.89,93.54,61.13,85.62,73.06,98.09,98.49,9.22,105.89,85.0,43.05,8.06,110.63,88.87,69.87,85.7,24.17,50.96,103.48,73.98,51.48,87.05,42.43,27.02,99.4
49,102.0,60.42,101.79,127.48,113.7,63.81,98.88,49.4,95.44,69.0,100.24,109.64,102.4,81.02,55.01,79.51,64.4,17.46,47.52,113.23,75.43,102.94,16.55,101.55,33.84,73.78,63.07,23.09,8.94,18.11,50.12,76.4,58.83,64.66,64.07,37.95,75.45,29.0,77.88,89.01,77.2,57.38,37.54,35.23,56.59,41.23,65.95,91.66,92.02,0.0,46.65,86.83,8.06,95.0,21.02,118.6,37.05,24.19,94.26,83.82,77.7,102.55,84.01,70.46,28.16,105.12,17.0,84.4,44.64,79.7,102.59,48.85,63.51,94.85,72.57,84.69
50,55.46,21.95,55.22,84.06,67.88,17.2,52.33,2.83,49.04,37.64,53.67,68.03,64.54,68.51,51.4,41.79,18.44,44.55,40.22,66.84,29.83,60.84,30.23,63.56,21.38,27.2,17.26,42.01,46.82,31.11,25.61,54.23,27.51,31.58,31.89,12.65,29.07,20.22,54.42,76.85,53.14,19.1,12.04,45.35,17.03,34.0,21.47,52.63,79.92,46.65,0.0,44.05,40.61,54.71,25.81,77.47,22.2,31.38,77.39,40.01,31.06,70.01,72.67,34.0,20.62,63.07,29.68,61.35,33.84,36.0,59.17,29.7,17.46,62.0,53.24,39.05
51,26.68,26.57,34.01,73.01,50.16,32.31,25.18,42.19,33.54,26.63,26.31,65.97,71.59,101.02,91.18,13.93,26.68,88.14,80.96,44.72,35.36,59.77,70.61,70.68,65.28,28.43,27.46,86.01,89.11,68.96,63.91,83.24,59.94,59.91,27.59,49.03,30.41,64.01,82.33,108.23,80.92,50.57,56.08,88.96,48.85,76.16,39.96,13.04,110.89,86.83,44.05,0.0,79.4,60.37,66.29,74.15,51.08,65.0,105.42,5.0,26.17,83.86,105.21,19.8,58.69,61.4,70.41,87.73,75.0,8.25,54.82,68.95,27.66,77.67,84.63,12.53
52,95.52,52.89,95.8,123.07,108.3,57.8,92.44,43.42,89.64,61.01,93.81,105.68,99.3,82.22,56.72,71.7,57.8,21.63,48.01,107.45,70.04,98.81,10.63,98.41,31.02,67.8,56.44,26.0,15.0,10.44,47.76,75.8,55.95,61.74,56.14,30.87,69.66,25.06,77.1,90.45,76.3,53.25,32.8,37.95,52.2,41.05,60.83,83.86,93.54,8.06,40.61,79.4,0.0,91.27,14.87,114.83,29.15,16.12,95.01,76.55,71.61,100.57,85.48,62.65,21.02,101.02,11.4,83.86,44.18,72.45,98.08,47.3,56.94,92.7,72.34,77.82
53,43.28,63.03,34.41,33.84,31.26,42.11,41.73,52.2,29.7,76.94,41.77,14.87,11.4,55.23,61.68,70.52,48.01,84.86,57.8,36.4,29.07,9.49,80.78,10.44,61.22,36.35,49.0,79.31,91.35,83.65,45.97,38.05,36.77,31.14,73.33,67.36,33.38,66.29,36.01,59.44,35.06,38.08,58.67,73.5,39.36,59.2,33.73,73.36,61.13,95.0,54.71,60.37,91.27,0.0,77.03,23.6,76.66,85.62,53.14,55.95,36.14,24.08,58.55,69.23,74.32,11.18,79.92,37.48,55.8,55.36,13.04,49.04,48.0,19.72,42.3,47.85
54,81.01,40.2,81.02,108.41,93.43,43.01,77.9,28.6,74.81,50.8,79.26,91.27,85.49,73.98,50.16,60.0,43.38,24.35,39.85,92.62,55.17,84.31,4.47,84.58,19.0,53.01,42.05,25.24,23.02,7.07,35.36,65.0,42.72,48.38,45.4,17.26,54.82,12.04,66.03,82.46,65.07,38.95,18.36,34.71,37.74,32.28,46.01,72.03,85.62,21.02,25.81,66.29,14.87,77.03,0.0,100.5,19.31,13.0,85.84,63.06,56.86,87.8,77.62,51.01,8.06,86.53,4.12,73.01,34.71,58.94,83.41,36.0,42.49,79.81,62.13,63.69
55,50.7,82.87,41.44,14.0,28.6,63.32,50.6,74.85,40.61,95.02,49.98,9.49,18.79,70.41,82.37,86.37,68.25,108.21,80.0,35.81,49.48,16.76,104.31,19.24,84.81,55.73,69.43,102.53,114.87,107.04,69.35,56.08,60.21,54.49,92.27,90.08,52.77,89.87,53.85,72.25,53.31,61.59,82.15,96.05,62.77,82.13,56.08,86.35,73.06,118.6,77.47,74.15,114.83,23.6,100.5,0.0,99.02,108.69,64.01,70.58,54.23,30.02,72.84,87.01,97.49,14.56,103.46,52.63,78.64,71.18,20.02,72.14,68.45,32.28,60.93,62.39
56,70.18,24.6,72.25,104.66,86.61,36.24,67.27,24.52,67.01,32.06,68.68,89.54,86.68,86.41,65.22,42.58,33.42,43.66,54.08,84.39,50.09,82.28,22.56,85.7,31.62,45.49,32.02,44.29,41.44,19.0,43.97,74.22,48.37,53.08,27.02,10.05,48.02,25.5,74.73,94.94,73.55,41.01,24.7,52.63,39.05,46.62,43.01,54.74,98.09,37.05,22.2,51.08,29.15,76.66,19.31,99.02,0.0,13.93,96.77,48.76,48.6,92.09,90.38,33.54,11.66,84.5,22.8,81.79,48.02,44.78,80.11,46.62,32.8,84.05,72.42,51.4
57,83.41,38.48,84.86,115.43,98.6,47.63,80.43,34.13,79.25,45.1,81.84,99.28,94.87,86.83,63.16,56.29,46.01,34.41,52.81,96.88,61.03,92.13,13.45,93.92,31.4,57.38,44.6,36.77,30.08,7.81,47.0,77.16,53.46,58.86,40.45,19.21,59.67,24.33,78.06,95.34,77.03,48.08,28.28,47.2,46.49,45.22,52.84,68.45,98.49,24.19,31.38,65.0,16.12,85.62,13.0,108.69,13.93,0.0,98.48,62.61,60.83,98.48,90.52,47.3,11.4,94.37,14.21,85.09,47.54,58.59,90.55,48.26,45.28,90.43,74.55,64.9
58,94.89,96.25,86.76,78.01,83.93,76.22,92.78,76.48,81.01,112.61,93.15,61.52,47.52,13.93,39.81,111.4,83.41,77.78,47.0,89.49,70.09,60.88,87.37,47.68,67.08,77.08,83.6,71.57,86.7,92.66,52.81,23.32,50.12,47.43,107.38,86.98,75.01,74.15,23.6,9.43,25.0,59.68,72.12,60.02,61.91,54.08,66.71,118.09,9.22,94.26,77.39,105.42,95.01,53.14,85.84,64.01,96.77,98.48,0.0,100.45,79.31,34.0,12.81,106.61,88.29,61.39,86.37,17.69,51.24,98.29,65.8,50.45,82.8,33.96,24.35,93.61
59,25.08,24.19,31.4,70.18,47.68,27.51,23.09,38.01,30.07,27.31,24.35,62.17,67.23,96.02,86.38,16.03,22.2,84.38,76.24,42.72,30.41,55.79,67.45,66.31,61.07,23.43,23.09,82.02,85.7,66.13,59.14,78.24,55.01,54.92,27.2,45.88,25.46,60.13,77.34,103.23,75.93,45.69,52.0,84.59,44.01,71.59,34.99,17.8,105.89,83.82,40.01,5.0,76.55,55.95,63.06,70.58,48.76,62.61,100.45,0.0,21.26,79.26,100.21,19.72,55.66,57.49,67.19,82.76,70.34,4.12,50.99,64.2,23.19,72.95,79.63,8.25
60,25.0,28.86,24.21,57.25,38.01,13.89,21.84,28.3,18.44,41.11,23.09,45.04,47.54,75.47,68.45,34.54,15.26,74.0,59.3,36.07,9.22,38.0,61.29,46.57,48.76,4.12,16.64,70.34,77.39,61.85,42.11,57.43,36.14,34.93,38.05,41.73,4.47,50.16,56.4,82.42,55.0,28.07,41.23,70.26,27.0,56.01,16.12,39.05,85.0,77.7,31.06,26.17,71.61,36.14,56.86,54.23,48.6,60.83,79.31,21.26,0.0,58.6,79.61,33.24,51.09,40.01,60.75,61.62,54.04,19.72,34.23,47.17,15.81,51.97,59.17,14.42
61,67.21,82.98,58.14,44.01,51.89,61.39,65.76,68.01,53.76,98.08,65.76,28.16,14.76,41.11,57.31,93.11,68.15,89.19,58.01,58.18,50.33,29.15,90.8,15.26,69.57,57.94,68.88,83.01,97.06,94.83,52.81,29.73,45.12,39.62,93.86,82.15,55.15,75.96,27.59,42.3,27.59,51.09,70.21,74.2,53.04,62.27,51.79,96.9,43.05,102.55,70.01,83.86,100.57,24.08,87.8,30.02,92.09,98.48,34.0,79.26,58.6,0.0,43.17,90.76,87.13,29.07,89.84,24.19,58.67,78.26,34.67,53.71,67.91,8.06,34.71,71.34
62,97.86,92.96,90.44,86.7,89.81,74.33,95.46,72.2,84.15,109.34,96.01,69.03,55.08,4.24,29.0,109.66,81.34,67.07,37.85,94.73,70.49,67.19,78.64,55.04,59.46,76.84,81.32,61.01,76.06,84.17,47.17,22.36,46.69,45.45,103.86,80.95,75.17,66.41,23.77,5.0,25.08,56.59,65.74,49.09,58.73,45.35,65.44,117.44,8.06,84.01,72.67,105.21,85.48,58.55,77.62,72.84,90.38,90.52,12.81,100.21,79.61,43.17,0.0,104.0,80.99,68.07,77.67,21.1,43.01,97.62,71.57,43.83,80.62,41.05,20.62,94.03
63,44.72,12.08,50.29,88.28,66.48,30.53,42.54,33.29,47.68,8.06,43.86,78.03,80.6,99.76,85.15,9.06,23.32,74.55,74.09,62.03,40.52,71.11,55.01,79.62,54.78,32.98,23.02,73.55,74.0,52.35,58.41,83.41,57.31,59.2,7.81,34.23,35.9,51.66,83.01,107.71,81.61,47.42,45.31,78.77,45.28,68.0,40.31,21.21,110.63,70.46,34.0,19.8,62.65,69.23,51.01,87.01,33.54,47.3,106.61,19.72,33.24,90.76,104.0,0.0,43.0,73.06,55.0,89.31,67.74,17.09,67.0,63.01,23.85,83.57,83.63,26.25
64,74.63,32.39,75.29,104.56,88.41,37.48,71.56,23.43,69.35,42.76,72.95,88.12,83.49,77.16,54.71,52.01,36.89,32.28,43.83,87.11,50.45,81.01,12.04,82.54,21.54,47.42,35.51,32.65,31.0,10.82,36.12,66.48,42.19,47.52,37.34,9.85,49.5,14.76,67.27,85.7,66.19,36.69,17.03,41.11,35.11,36.24,41.88,64.07,88.87,28.16,20.62,58.69,21.02,74.32,8.06,97.49,11.66,11.4,88.29,55.66,51.09,87.13,80.99,43.0,0.0,83.24,12.0,74.33,38.08,51.55,79.61,37.85,36.06,79.08,64.13,56.8
65,40.22,68.47,30.81,22.8,22.85,48.76,39.45,60.42,28.23,81.02,39.12,5.1,14.32,65.0,72.8,72.99,53.76,95.59,68.96,29.15,34.93,2.24,90.44,13.93,71.51,41.3,54.92,90.14,101.83,92.96,56.73,48.51,47.51,42.01,78.06,75.64,38.33,76.22,46.39,68.47,45.54,47.8,68.24,84.6,48.83,70.21,41.63,74.0,69.87,105.12,63.07,61.4,101.02,11.18,86.53,14.56,84.5,94.37,61.39,57.49,40.01,29.07,68.07,73.06,83.24,0.0,89.63,47.01,66.85,57.71,6.71,60.0,53.94,27.46,52.95,49.24
66,85.0,44.28,84.88,111.66,97.08,46.87,81.88,32.45,78.6,54.59,83.24,94.3,88.1,74.15,49.65,64.01,47.42,21.02,39.81,96.4,58.8,87.42,1.0,87.21,20.4,56.86,46.1,22.67,19.0,6.71,37.11,66.12,44.94,50.7,49.25,21.38,58.6,13.93,67.27,82.57,66.37,41.88,21.4,33.02,40.8,32.39,49.5,76.06,85.7,17.0,29.68,70.41,11.4,79.92,4.12,103.46,22.8,14.21,86.37,67.19,60.75,89.84,77.67,55.0,12.0,89.63,0.0,74.17,35.13,63.06,86.68,37.22,46.52,81.91,63.0,67.78
67,77.82,79.26,70.01,66.29,68.73,58.82,75.59,60.17,63.98,95.52,76.03,48.17,34.37,18.03,34.21,93.86,66.03,69.29,37.34,73.76,52.4,46.1,75.17,34.23,54.01,59.4,66.29,62.97,77.79,80.02,38.21,8.06,33.84,30.41,90.43,71.81,57.31,61.0,7.07,22.14,8.25,42.95,57.56,52.77,45.19,43.17,49.2,100.41,24.17,84.4,61.35,87.73,83.86,37.48,73.01,52.63,81.79,85.09,17.69,82.76,61.62,24.19,21.1,89.31,74.33,47.01,74.17,0.0,39.81,80.62,50.49,37.01,65.46,20.4,12.08,75.93
68,78.16,55.76,74.15,89.63,81.34,42.95,75.11,34.48,67.08,71.4,76.16,70.6,60.83,39.29,17.69,75.13,48.38,30.53,6.4,83.24,47.17,64.9,36.12,60.11,16.55,50.09,47.76,24.41,38.48,41.44,12.04,31.78,20.25,25.06,65.6,39.2,50.0,23.41,33.24,47.8,32.57,26.0,24.08,17.89,27.07,3.61,38.0,85.23,50.96,44.64,33.84,75.0,44.18,55.8,34.71,78.64,48.02,47.54,51.24,70.34,54.04,58.67,43.01,67.74,38.08,66.85,35.13,39.81,0.0,66.76,66.24,7.28,47.43,51.31,28.16,66.75
69,27.78,20.25,33.24,71.57,49.48,24.17,25.5,34.06,31.06,25.0,26.83,62.51,66.73,93.41,83.01,15.3,18.44,80.31,72.73,44.94,28.6,55.9,63.32,65.79,57.14,21.26,19.24,78.01,81.58,62.03,55.71,75.82,51.97,52.2,24.19,41.76,23.6,56.08,75.01,100.77,73.59,42.49,48.01,80.75,40.72,67.91,32.2,19.85,103.48,79.7,36.0,8.25,72.45,55.36,58.94,71.18,44.78,58.59,98.29,4.12,19.72,78.26,97.62,17.09,51.55,57.71,63.06,80.62,66.76,0.0,51.35,60.75,19.42,71.69,77.01,9.22
70,33.6,62.97,24.21,25.0,18.25,44.01,32.76,56.44,21.54,75.01,32.45,11.18,20.0,68.26,73.76,66.61,48.51,94.02,68.94,23.77,30.08,5.66,87.46,19.42,69.35,35.9,49.73,88.81,99.82,89.63,55.47,51.01,46.32,41.18,72.25,71.59,32.98,73.59,49.0,72.37,48.01,45.25,65.3,84.12,46.01,69.46,37.74,67.36,73.98,102.59,59.17,54.82,98.08,13.04,83.41,20.02,80.11,90.55,65.8,50.99,34.23,34.67,71.57,67.0,79.61,6.71,86.68,50.49,66.24,51.35,0.0,59.17,48.76,31.95,55.15,42.76
71,71.06,51.22,66.91,82.8,74.09,36.69,68.03,29.83,59.84,67.27,69.07,63.89,54.67,39.81,22.36,69.97,42.54,36.24,12.17,75.96,40.05,58.01,38.21,53.91,17.0,43.29,42.05,30.41,43.57,43.01,5.1,29.0,13.0,18.03,61.55,37.12,43.05,24.02,30.07,48.33,29.15,19.1,21.93,25.08,20.4,10.3,31.06,79.62,51.48,48.85,29.7,68.95,47.3,49.04,36.0,72.14,46.62,48.26,50.45,64.2,47.17,53.71,43.83,63.01,37.85,60.0,37.22,37.01,7.28,60.75,59.17,0.0,41.63,46.07,26.31,60.21
72,38.59,15.13,39.6,72.62,53.82,6.71,35.51,15.13,34.21,30.46,36.89,59.03,59.08,76.38,63.98,29.07,1.0,61.98,53.49,51.66,19.1,51.79,46.96,58.08,38.0,13.0,1.0,59.21,64.2,46.87,36.67,59.67,34.06,35.47,25.96,26.4,15.81,37.66,59.2,84.17,57.8,24.21,29.15,61.4,22.2,48.51,16.55,38.01,87.05,63.51,17.46,27.66,56.94,48.0,42.49,68.45,32.8,45.28,82.8,23.19,15.81,67.91,80.62,23.85,36.06,53.94,46.52,65.46,47.43,19.42,48.76,41.63,0.0,60.44,60.11,21.59
73,62.8,75.43,54.08,45.89,50.0,53.85,61.07,60.03,49.04,90.76,61.22,28.0,14.04,38.33,51.4,86.31,60.73,81.84,51.09,55.71,43.38,26.93,82.86,14.0,61.68,50.99,61.4,75.72,89.55,86.83,44.94,24.19,37.11,31.58,86.4,74.11,48.3,68.01,21.95,41.11,21.63,43.05,62.17,67.36,45.01,54.92,44.15,90.7,42.43,94.85,62.0,77.67,92.7,19.72,79.81,32.28,84.05,90.43,33.96,72.95,51.97,8.06,41.05,83.57,79.08,27.46,81.91,20.4,51.31,71.69,31.95,46.07,60.44,0.0,29.15,65.22
74,78.45,72.8,71.59,74.0,73.01,53.76,75.89,52.48,65.0,89.2,76.54,55.08,42.15,16.4,22.63,89.11,60.81,57.25,25.3,77.16,50.12,51.62,64.0,41.79,43.19,56.3,60.83,50.92,65.8,69.07,28.46,5.0,26.4,24.84,83.82,62.63,54.71,50.25,7.21,24.08,7.62,36.24,47.8,40.71,38.42,31.4,44.82,96.83,27.02,72.57,53.24,84.63,72.34,42.3,62.13,60.93,72.42,74.55,24.35,79.63,59.17,34.71,20.62,83.63,64.13,52.95,63.0,12.08,28.16,77.01,55.15,26.31,60.11,29.15,0.0,73.57
75,19.21,27.59,24.04,62.39,40.26,24.02,16.64,36.67,22.0,34.21,18.03,53.94,59.09,89.89,82.01,24.02,20.62,83.55,72.37,35.85,23.6,47.54,68.15,58.18,59.21,17.46,21.84,80.62,85.73,67.54,55.11,71.85,49.98,49.19,33.11,46.96,18.87,59.23,70.8,96.83,69.4,41.23,50.64,82.02,39.81,68.36,29.73,25.55,99.4,84.69,39.05,12.53,77.82,47.85,63.69,62.39,51.4,64.9,93.61,8.25,14.42,71.34,94.03,26.25,56.8,49.24,67.78,75.93,66.75,9.22,42.76,60.21,21.59,65.22,73.57,0.0
