set K:= 1	2	3	4	5	6	7	8	9;
set C_H:= 1	2	3	4	5	6	7	8	9	10	11	12	13	14	15	16	17	18	19	20	21	22;
set C_S:= 23	24	25	26	27	28	29	30	31	32	33	34	35	36	37	38	39	40	41	42	43;
set C_F:= 44	45	46	47	48	49	50	51	52	53	54	55	56	57	58	59	60	61	62	63	64;
set M:= 65	66	67	68	69	70;
set L_B:= 71	72	73	74	75	76	77	78	79;
set A1:=
(0,*) 1 2 3 4 5 6 7 8 9 10 11 12 13 14 15 16 17 18 19 20 21 22 44 45 46 47 48 49 50 51 52 53 54 55 56 57 58 59 60 61 62 63 64 65 66 67 68 69 70 71 72 73 74 75 76 77 78 79 80
(1,*) 0 2 3 4 5 6 7 8 9 10 11 12 13 14 15 16 17 18 19 20 21 22 44 45 46 47 48 49 50 51 52 53 54 55 56 57 58 59 60 61 62 63 64 65 66 67 68 69 70 71 72 73 74 75 76 77 78 79 80
(2,*) 0 1 3 4 5 6 7 8 9 10 11 12 13 14 15 16 17 18 19 20 21 22 44 45 46 47 48 49 50 51 52 53 54 55 56 57 58 59 60 61 62 63 64 65 66 67 68 69 70 71 72 73 74 75 76 77 78 79 80
(3,*) 0 1 2 4 5 6 7 8 9 10 11 12 13 14 15 16 17 18 19 20 21 22 44 45 46 47 48 49 50 51 52 53 54 55 56 57 58 59 60 61 62 63 64 65 66 67 68 69 70 71 72 73 74 75 76 77 78 79 80
(4,*) 0 1 2 3 5 6 7 8 9 10 11 12 13 14 15 16 17 18 19 20 21 22 44 45 46 47 48 49 50 51 52 53 54 55 56 57 58 59 60 61 62 63 64 65 66 67 68 69 70 71 72 73 74 75 76 77 78 79 80
(5,*) 0 1 2 3 4 6 7 8 9 10 11 12 13 14 15 16 17 18 19 20 21 22 44 45 46 47 48 49 50 51 52 53 54 55 56 57 58 59 60 61 62 63 64 65 66 67 68 69 70 71 72 73 74 75 76 77 78 79 80
(6,*) 0 1 2 3 4 5 7 8 9 10 11 12 13 14 15 16 17 18 19 20 21 22 44 45 46 47 48 49 50 51 52 53 54 55 56 57 58 59 60 61 62 63 64 65 66 67 68 69 70 71 72 73 74 75 76 77 78 79 80
(7,*) 0 1 2 3 4 5 6 8 9 10 11 12 13 14 15 16 17 18 19 20 21 22 44 45 46 47 48 49 50 51 52 53 54 55 56 57 58 59 60 61 62 63 64 65 66 67 68 69 70 71 72 73 74 75 76 77 78 79 80
(8,*) 0 1 2 3 4 5 6 7 9 10 11 12 13 14 15 16 17 18 19 20 21 22 44 45 46 47 48 49 50 51 52 53 54 55 56 57 58 59 60 61 62 63 64 65 66 67 68 69 70 71 72 73 74 75 76 77 78 79 80
(9,*) 0 1 2 3 4 5 6 7 8 10 11 12 13 14 15 16 17 18 19 20 21 22 44 45 46 47 48 49 50 51 52 53 54 55 56 57 58 59 60 61 62 63 64 65 66 67 68 69 70 71 72 73 74 75 76 77 78 79 80
(10,*) 0 1 2 3 4 5 6 7 8 9 11 12 13 14 15 16 17 18 19 20 21 22 44 45 46 47 48 49 50 51 52 53 54 55 56 57 58 59 60 61 62 63 64 65 66 67 68 69 70 71 72 73 74 75 76 77 78 79 80
(11,*) 0 1 2 3 4 5 6 7 8 9 10 12 13 14 15 16 17 18 19 20 21 22 44 45 46 47 48 49 50 51 52 53 54 55 56 57 58 59 60 61 62 63 64 65 66 67 68 69 70 71 72 73 74 75 76 77 78 79 80
(12,*) 0 1 2 3 4 5 6 7 8 9 10 11 13 14 15 16 17 18 19 20 21 22 44 45 46 47 48 49 50 51 52 53 54 55 56 57 58 59 60 61 62 63 64 65 66 67 68 69 70 71 72 73 74 75 76 77 78 79 80
(13,*) 0 1 2 3 4 5 6 7 8 9 10 11 12 14 15 16 17 18 19 20 21 22 44 45 46 47 48 49 50 51 52 53 54 55 56 57 58 59 60 61 62 63 64 65 66 67 68 69 70 71 72 73 74 75 76 77 78 79 80
(14,*) 0 1 2 3 4 5 6 7 8 9 10 11 12 13 15 16 17 18 19 20 21 22 44 45 46 47 48 49 50 51 52 53 54 55 56 57 58 59 60 61 62 63 64 65 66 67 68 69 70 71 72 73 74 75 76 77 78 79 80
(15,*) 0 1 2 3 4 5 6 7 8 9 10 11 12 13 14 16 17 18 19 20 21 22 44 45 46 47 48 49 50 51 52 53 54 55 56 57 58 59 60 61 62 63 64 65 66 67 68 69 70 71 72 73 74 75 76 77 78 79 80
(16,*) 0 1 2 3 4 5 6 7 8 9 10 11 12 13 14 15 17 18 19 20 21 22 44 45 46 47 48 49 50 51 52 53 54 55 56 57 58 59 60 61 62 63 64 65 66 67 68 69 70 71 72 73 74 75 76 77 78 79 80
(17,*) 0 1 2 3 4 5 6 7 8 9 10 11 12 13 14 15 16 18 19 20 21 22 44 45 46 47 48 49 50 51 52 53 54 55 56 57 58 59 60 61 62 63 64 65 66 67 68 69 70 71 72 73 74 75 76 77 78 79 80
(18,*) 0 1 2 3 4 5 6 7 8 9 10 11 12 13 14 15 16 17 19 20 21 22 44 45 46 47 48 49 50 51 52 53 54 55 56 57 58 59 60 61 62 63 64 65 66 67 68 69 70 71 72 73 74 75 76 77 78 79 80
(19,*) 0 1 2 3 4 5 6 7 8 9 10 11 12 13 14 15 16 17 18 20 21 22 44 45 46 47 48 49 50 51 52 53 54 55 56 57 58 59 60 61 62 63 64 65 66 67 68 69 70 71 72 73 74 75 76 77 78 79 80
(20,*) 0 1 2 3 4 5 6 7 8 9 10 11 12 13 14 15 16 17 18 19 21 22 44 45 46 47 48 49 50 51 52 53 54 55 56 57 58 59 60 61 62 63 64 65 66 67 68 69 70 71 72 73 74 75 76 77 78 79 80
(21,*) 0 1 2 3 4 5 6 7 8 9 10 11 12 13 14 15 16 17 18 19 20 22 44 45 46 47 48 49 50 51 52 53 54 55 56 57 58 59 60 61 62 63 64 65 66 67 68 69 70 71 72 73 74 75 76 77 78 79 80
(22,*) 0 1 2 3 4 5 6 7 8 9 10 11 12 13 14 15 16 17 18 19 20 21 44 45 46 47 48 49 50 51 52 53 54 55 56 57 58 59 60 61 62 63 64 65 66 67 68 69 70 71 72 73 74 75 76 77 78 79 80
(44,*) 0 1 2 3 4 5 6 7 8 9 10 11 12 13 14 15 16 17 18 19 20 21 22 45 46 47 48 49 50 51 52 53 54 55 56 57 58 59 60 61 62 63 64 65 66 67 68 69 70 71 72 73 74 75 76 77 78 79 80
(45,*) 0 1 2 3 4 5 6 7 8 9 10 11 12 13 14 15 16 17 18 19 20 21 22 44 46 47 48 49 50 51 52 53 54 55 56 57 58 59 60 61 62 63 64 65 66 67 68 69 70 71 72 73 74 75 76 77 78 79 80
(46,*) 0 1 2 3 4 5 6 7 8 9 10 11 12 13 14 15 16 17 18 19 20 21 22 44 45 47 48 49 50 51 52 53 54 55 56 57 58 59 60 61 62 63 64 65 66 67 68 69 70 71 72 73 74 75 76 77 78 79 80
(47,*) 0 1 2 3 4 5 6 7 8 9 10 11 12 13 14 15 16 17 18 19 20 21 22 44 45 46 48 49 50 51 52 53 54 55 56 57 58 59 60 61 62 63 64 65 66 67 68 69 70 71 72 73 74 75 76 77 78 79 80
(48,*) 0 1 2 3 4 5 6 7 8 9 10 11 12 13 14 15 16 17 18 19 20 21 22 44 45 46 47 49 50 51 52 53 54 55 56 57 58 59 60 61 62 63 64 65 66 67 68 69 70 71 72 73 74 75 76 77 78 79 80
(49,*) 0 1 2 3 4 5 6 7 8 9 10 11 12 13 14 15 16 17 18 19 20 21 22 44 45 46 47 48 50 51 52 53 54 55 56 57 58 59 60 61 62 63 64 65 66 67 68 69 70 71 72 73 74 75 76 77 78 79 80
(50,*) 0 1 2 3 4 5 6 7 8 9 10 11 12 13 14 15 16 17 18 19 20 21 22 44 45 46 47 48 49 51 52 53 54 55 56 57 58 59 60 61 62 63 64 65 66 67 68 69 70 71 72 73 74 75 76 77 78 79 80
(51,*) 0 1 2 3 4 5 6 7 8 9 10 11 12 13 14 15 16 17 18 19 20 21 22 44 45 46 47 48 49 50 52 53 54 55 56 57 58 59 60 61 62 63 64 65 66 67 68 69 70 71 72 73 74 75 76 77 78 79 80
(52,*) 0 1 2 3 4 5 6 7 8 9 10 11 12 13 14 15 16 17 18 19 20 21 22 44 45 46 47 48 49 50 51 53 54 55 56 57 58 59 60 61 62 63 64 65 66 67 68 69 70 71 72 73 74 75 76 77 78 79 80
(53,*) 0 1 2 3 4 5 6 7 8 9 10 11 12 13 14 15 16 17 18 19 20 21 22 44 45 46 47 48 49 50 51 52 54 55 56 57 58 59 60 61 62 63 64 65 66 67 68 69 70 71 72 73 74 75 76 77 78 79 80
(54,*) 0 1 2 3 4 5 6 7 8 9 10 11 12 13 14 15 16 17 18 19 20 21 22 44 45 46 47 48 49 50 51 52 53 55 56 57 58 59 60 61 62 63 64 65 66 67 68 69 70 71 72 73 74 75 76 77 78 79 80
(55,*) 0 1 2 3 4 5 6 7 8 9 10 11 12 13 14 15 16 17 18 19 20 21 22 44 45 46 47 48 49 50 51 52 53 54 56 57 58 59 60 61 62 63 64 65 66 67 68 69 70 71 72 73 74 75 76 77 78 79 80
(56,*) 0 1 2 3 4 5 6 7 8 9 10 11 12 13 14 15 16 17 18 19 20 21 22 44 45 46 47 48 49 50 51 52 53 54 55 57 58 59 60 61 62 63 64 65 66 67 68 69 70 71 72 73 74 75 76 77 78 79 80
(57,*) 0 1 2 3 4 5 6 7 8 9 10 11 12 13 14 15 16 17 18 19 20 21 22 44 45 46 47 48 49 50 51 52 53 54 55 56 58 59 60 61 62 63 64 65 66 67 68 69 70 71 72 73 74 75 76 77 78 79 80
(58,*) 0 1 2 3 4 5 6 7 8 9 10 11 12 13 14 15 16 17 18 19 20 21 22 44 45 46 47 48 49 50 51 52 53 54 55 56 57 59 60 61 62 63 64 65 66 67 68 69 70 71 72 73 74 75 76 77 78 79 80
(59,*) 0 1 2 3 4 5 6 7 8 9 10 11 12 13 14 15 16 17 18 19 20 21 22 44 45 46 47 48 49 50 51 52 53 54 55 56 57 58 60 61 62 63 64 65 66 67 68 69 70 71 72 73 74 75 76 77 78 79 80
(60,*) 0 1 2 3 4 5 6 7 8 9 10 11 12 13 14 15 16 17 18 19 20 21 22 44 45 46 47 48 49 50 51 52 53 54 55 56 57 58 59 61 62 63 64 65 66 67 68 69 70 71 72 73 74 75 76 77 78 79 80
(61,*) 0 1 2 3 4 5 6 7 8 9 10 11 12 13 14 15 16 17 18 19 20 21 22 44 45 46 47 48 49 50 51 52 53 54 55 56 57 58 59 60 62 63 64 65 66 67 68 69 70 71 72 73 74 75 76 77 78 79 80
(62,*) 0 1 2 3 4 5 6 7 8 9 10 11 12 13 14 15 16 17 18 19 20 21 22 44 45 46 47 48 49 50 51 52 53 54 55 56 57 58 59 60 61 63 64 65 66 67 68 69 70 71 72 73 74 75 76 77 78 79 80
(63,*) 0 1 2 3 4 5 6 7 8 9 10 11 12 13 14 15 16 17 18 19 20 21 22 44 45 46 47 48 49 50 51 52 53 54 55 56 57 58 59 60 61 62 64 65 66 67 68 69 70 71 72 73 74 75 76 77 78 79 80
(64,*) 0 1 2 3 4 5 6 7 8 9 10 11 12 13 14 15 16 17 18 19 20 21 22 44 45 46 47 48 49 50 51 52 53 54 55 56 57 58 59 60 61 62 63 65 66 67 68 69 70 71 72 73 74 75 76 77 78 79 80
(65,*) 0 1 2 3 4 5 6 7 8 9 10 11 12 13 14 15 16 17 18 19 20 21 22 44 45 46 47 48 49 50 51 52 53 54 55 56 57 58 59 60 61 62 63 64 66 67 68 69 70 71 72 73 74 75 76 77 78 79 80
(66,*) 0 1 2 3 4 5 6 7 8 9 10 11 12 13 14 15 16 17 18 19 20 21 22 44 45 46 47 48 49 50 51 52 53 54 55 56 57 58 59 60 61 62 63 64 65 67 68 69 70 71 72 73 74 75 76 77 78 79 80
(67,*) 0 1 2 3 4 5 6 7 8 9 10 11 12 13 14 15 16 17 18 19 20 21 22 44 45 46 47 48 49 50 51 52 53 54 55 56 57 58 59 60 61 62 63 64 65 66 68 69 70 71 72 73 74 75 76 77 78 79 80
(68,*) 0 1 2 3 4 5 6 7 8 9 10 11 12 13 14 15 16 17 18 19 20 21 22 44 45 46 47 48 49 50 51 52 53 54 55 56 57 58 59 60 61 62 63 64 65 66 67 69 70 71 72 73 74 75 76 77 78 79 80
(69,*) 0 1 2 3 4 5 6 7 8 9 10 11 12 13 14 15 16 17 18 19 20 21 22 44 45 46 47 48 49 50 51 52 53 54 55 56 57 58 59 60 61 62 63 64 65 66 67 68 70 71 72 73 74 75 76 77 78 79 80
(70,*) 0 1 2 3 4 5 6 7 8 9 10 11 12 13 14 15 16 17 18 19 20 21 22 44 45 46 47 48 49 50 51 52 53 54 55 56 57 58 59 60 61 62 63 64 65 66 67 68 69 71 72 73 74 75 76 77 78 79 80
(71,*) 0 1 2 3 4 5 6 7 8 9 10 11 12 13 14 15 16 17 18 19 20 21 22 44 45 46 47 48 49 50 51 52 53 54 55 56 57 58 59 60 61 62 63 64 65 66 67 68 69 70 72 73 74 75 76 77 78 79 80
(72,*) 0 1 2 3 4 5 6 7 8 9 10 11 12 13 14 15 16 17 18 19 20 21 22 44 45 46 47 48 49 50 51 52 53 54 55 56 57 58 59 60 61 62 63 64 65 66 67 68 69 70 71 73 74 75 76 77 78 79 80
(73,*) 0 1 2 3 4 5 6 7 8 9 10 11 12 13 14 15 16 17 18 19 20 21 22 44 45 46 47 48 49 50 51 52 53 54 55 56 57 58 59 60 61 62 63 64 65 66 67 68 69 70 71 72 74 75 76 77 78 79 80
(74,*) 0 1 2 3 4 5 6 7 8 9 10 11 12 13 14 15 16 17 18 19 20 21 22 44 45 46 47 48 49 50 51 52 53 54 55 56 57 58 59 60 61 62 63 64 65 66 67 68 69 70 71 72 73 75 76 77 78 79 80
(75,*) 0 1 2 3 4 5 6 7 8 9 10 11 12 13 14 15 16 17 18 19 20 21 22 44 45 46 47 48 49 50 51 52 53 54 55 56 57 58 59 60 61 62 63 64 65 66 67 68 69 70 71 72 73 74 76 77 78 79 80
(76,*) 0 1 2 3 4 5 6 7 8 9 10 11 12 13 14 15 16 17 18 19 20 21 22 44 45 46 47 48 49 50 51 52 53 54 55 56 57 58 59 60 61 62 63 64 65 66 67 68 69 70 71 72 73 74 75 77 78 79 80
(77,*) 0 1 2 3 4 5 6 7 8 9 10 11 12 13 14 15 16 17 18 19 20 21 22 44 45 46 47 48 49 50 51 52 53 54 55 56 57 58 59 60 61 62 63 64 65 66 67 68 69 70 71 72 73 74 75 76 78 79 80
(78,*) 0 1 2 3 4 5 6 7 8 9 10 11 12 13 14 15 16 17 18 19 20 21 22 44 45 46 47 48 49 50 51 52 53 54 55 56 57 58 59 60 61 62 63 64 65 66 67 68 69 70 71 72 73 74 75 76 77 79 80
(79,*) 0 1 2 3 4 5 6 7 8 9 10 11 12 13 14 15 16 17 18 19 20 21 22 44 45 46 47 48 49 50 51 52 53 54 55 56 57 58 59 60 61 62 63 64 65 66 67 68 69 70 71 72 73 74 75 76 77 78 80
(80,*) 0 1 2 3 4 5 6 7 8 9 10 11 12 13 14 15 16 17 18 19 20 21 22 44 45 46 47 48 49 50 51 52 53 54 55 56 57 58 59 60 61 62 63 64 65 66 67 68 69 70 71 72 73 74 75 76 77 78 79
;
set A2:=
(65,*) 66
(66,*) 65
(67,*) 68
(68,*) 67
(69,*) 70
(70,*) 69
;
param BigM:=99999;
param n:= 9;
param d:=
1	12
2	10
3	26
4	9
5	12
6	12
7	26
8	9
9	2
10	16
11	24
12	2
13	15
14	6
15	14
16	13
17	2
18	6
19	20
20	14
21	2
22	23
23	16
24	20
25	23
26	1
27	10
28	21
29	17
30	14
31	23
32	12
33	8
34	5
35	25
36	8
37	13
38	10
39	6
40	24
41	4
42	16
43	14
44	24
45	7
46	9
47	18
48	17
49	2
50	11
51	11
52	7
53	22
54	15
55	18
56	5
57	19
58	24
59	14
60	2
61	24
62	21
63	19
64	23
;
param Q:=100;
param w:=
[65,*] 66 0.1
[66,*] 65 0.1
[67,*] 68 0.1
[68,*] 67 0.1
[69,*] 70 0.1
[70,*] 69 0.1
;
param V:=
[65,*] 66 89
[66,*] 65 89
[67,*] 68 73
[68,*] 67 73
[69,*] 70 90
[70,*] 69 90
;
param e:
	65	66	67	68	69	70	71	72	73	74	75	76	77	78	79:=
23		1		0		0		0		1		0		0		1		0		0		0		0		0		0		0	
24		0		0		0		0		0		0		0		0		0		0		0		0		0		0		1	
25		0		0		0		0		0		0		0		0		0		0		0		1		0		0		0	
26		0		0		0		0		0		0		0		0		0		1		0		0		0		0		0	
27		0		0		0		0		0		1		0		0		0		0		0		0		1		0		0	
28		0		0		0		0		0		1		0		0		0		0		0		0		0		0		0	
29		0		0		0		0		0		1		0		0		0		0		0		0		1		0		0	
30		0		0		0		0		0		0		1		0		0		1		0		0		1		0		0	
31		1		0		0		0		1		0		0		0		0		0		0		0		0		0		0	
32		0		1		0		0		0		0		0		0		0		0		0		0		1		0		0	
33		0		0		0		0		1		0		0		0		0		0		0		0		0		0		0	
34		0		0		0		0		0		0		0		0		0		0		1		0		0		0		0	
35		0		0		0		0		0		1		0		0		0		1		0		0		0		0		0	
36		0		0		0		0		0		0		0		0		1		0		0		0		0		0		0	
37		0		0		0		0		0		0		0		0		1		0		0		0		0		0		1	
38		1		0		0		0		1		0		0		0		0		0		0		0		0		0		0	
39		0		0		0		0		0		0		0		0		1		0		0		0		0		0		0	
40		0		0		0		0		0		1		0		0		0		1		0		0		0		0		0	
41		0		1		0		0		0		0		0		0		0		0		0		0		0		0		0	
42		0		0		0		0		0		0		1		0		0		0		0		0		0		0		0	
43		0		0		0		0		0		0		0		0		1		0		0		0		0		0		1	
44		0		0		0		0		1		0		0		0		0		0		0		0		0		0		0	
45		1		0		0		0		1		0		0		1		0		0		0		0		0		1		0	
46		0		0		0		0		0		0		1		0		0		0		1		1		0		1		0	
47		0		0		0		0		0		1		0		0		0		1		0		0		0		0		0	
48		0		0		1		0		0		1		0		0		0		0		0		0		0		0		0	
49		0		1		0		0		0		0		0		0		0		0		0		0		0		0		0	
50		0		0		0		0		0		0		0		0		0		0		0		0		1		0		0	
51		0		0		0		1		0		0		0		0		1		0		0		0		0		0		1	
52		0		1		0		0		0		0		1		0		0		1		0		0		1		0		0	
53		0		1		0		0		0		0		0		0		0		0		0		0		0		0		0	
54		0		0		0		1		0		0		0		0		1		0		0		0		0		0		1	
55		0		0		0		0		0		0		0		0		1		0		0		0		0		0		1	
56		1		0		0		0		0		0		0		1		0		0		0		0		0		1		0	
57		1		0		0		0		1		0		0		1		0		0		0		0		0		0		0	
58		0		0		0		0		0		0		0		0		1		0		0		1		0		0		1	
59		0		0		0		1		0		0		0		0		1		0		0		0		0		0		1	
60		0		1		0		0		0		0		0		0		0		0		0		0		0		0		0	
61		0		0		0		0		0		0		0		0		0		1		0		0		0		0		0	
62		0		1		0		0		0		0		0		0		0		0		0		0		0		0		0	
63		0		0		1		0		0		0		0		0		0		0		0		0		0		0		0	
64		1		0		0		0		0		0		0		1		0		0		1		0		0		1		0	
;
param p:=
1	3
2	3
3	3
4	3
5	3
6	3
7	3
8	3
9	3
;
param G:=
65	89
66	71
67	70
68	73
69	90
70	86
71	90
72	90
73	90
74	94
75	98
76	72
77	100
78	88
79	89
;
param s:=
0	0
1	10
2	10
3	10
4	10
5	10
6	10
7	10
8	10
9	10
10	10
11	10
12	10
13	10
14	10
15	10
16	10
17	10
18	10
19	10
20	10
21	10
22	10
44	10
45	10
46	10
47	10
48	10
49	10
50	10
51	10
52	10
53	10
54	10
55	10
56	10
57	10
58	10
59	10
60	10
61	10
62	10
63	10
64	10
65	10
66	10
67	10
68	10
69	10
70	10
71	10
72	10
73	10
74	10
75	10
76	10
77	10
78	10
79	10
;
param t:
	0	1	2	3	4	5	6	7	8	9	10	11	12	13	14	15	16	17	18	19	20	21	22	23	24	25	26	27	28	29	30	31	32	33	34	35	36	37	38	39	40	41	42	43	44	45	46	47	48	49	50	51	52	53	54	55	56	57	58	59	60	61	62	63	64	65	66	67	68	69	70	71	72	73	74	75	76	77	78	79	80:=
0	0.0	45.12	32.25	47.07	54.63	46.69	64.4	62.8	40.2	33.94	30.0	35.38	52.95	47.2	17.09	74.32	61.35	38.47	63.66	31.24	63.81	68.0	35.78	52.15	28.84	11.31	52.8	39.7	65.3	45.34	29.73	46.04	41.23	73.76	70.26	62.13	25.06	18.44	59.36	10.2	62.13	45.12	18.0	26.08	72.11	39.7	26.31	66.6	70.94	35.78	51.92	32.06	38.83	38.21	34.93	30.53	50.91	52.5	18.97	22.8	45.69	50.12	37.74	67.08	48.37	54.49	36.0	78.39	37.12	63.82	59.82	23.35	48.01	20.59	48.92	43.74	12.73	41.79	44.29	32.14	0.0
1	45.12	0.0	30.53	92.2	13.42	90.02	86.53	62.13	85.16	76.03	17.2	77.82	54.04	77.25	46.04	59.67	80.0	57.31	34.06	27.78	45.12	72.8	28.64	89.82	68.96	55.03	22.09	26.91	32.56	27.78	24.17	75.39	4.0	86.28	78.1	43.17	64.5	58.03	85.88	50.16	43.17	20.0	27.86	66.24	89.38	75.71	50.6	40.0	44.05	28.64	7.21	76.42	16.97	15.23	78.03	74.67	84.12	87.36	62.13	66.48	28.07	39.45	32.31	64.5	75.15	86.38	12.81	58.22	82.04	91.24	37.66	28.86	77.62	65.15	29.55	61.59	53.01	7.07	71.18	77.1	45.12
2	32.25	30.53	0.0	74.24	43.91	77.79	92.8	80.05	69.05	52.61	16.12	54.59	70.34	77.79	22.0	84.02	88.2	63.81	62.64	40.79	70.26	88.54	4.0	84.38	44.72	36.88	50.0	46.04	62.03	50.04	36.5	76.37	28.64	98.39	92.48	68.26	40.45	50.48	89.2	30.59	68.26	17.09	18.87	42.43	98.79	71.61	52.8	67.91	72.28	4.0	37.2	62.64	38.21	15.62	66.48	54.0	82.46	84.4	50.99	46.04	14.14	60.13	5.66	83.55	77.9	85.8	17.89	84.72	66.29	94.07	63.64	35.11	78.49	46.39	53.15	69.12	44.65	32.89	73.66	61.39	32.25
3	47.07	92.2	74.24	0.0	101.19	18.0	70.34	91.21	8.49	26.08	76.66	24.41	83.55	51.26	52.35	108.9	72.8	62.48	106.68	74.24	102.45	90.55	78.23	38.05	33.11	38.05	97.51	82.37	109.18	87.82	74.32	52.0	88.29	87.32	89.44	101.21	36.06	38.83	61.61	44.0	101.21	90.0	64.78	34.18	81.04	39.4	55.32	108.17	112.07	78.23	98.95	18.44	84.31	84.21	21.63	20.88	47.07	44.41	32.25	28.28	88.36	88.41	78.64	95.6	56.46	50.8	82.61	115.36	11.4	62.65	100.69	67.62	52.2	28.0	91.07	65.22	41.59	88.6	55.01	15.65	47.07
4	54.63	13.42	43.91	101.19	0.0	97.02	85.91	56.57	93.68	87.13	29.73	88.84	50.0	79.62	58.14	50.16	78.71	58.24	22.36	30.07	35.78	67.94	42.05	94.19	80.45	65.3	12.81	25.3	20.0	23.32	28.07	77.67	15.62	82.8	73.76	34.0	76.03	64.78	86.65	61.06	34.0	32.56	38.83	77.67	87.13	80.1	54.15	28.64	32.25	42.05	8.0	84.4	18.0	28.64	85.16	84.97	87.13	90.8	69.86	76.94	40.79	34.06	45.69	58.14	76.66	88.84	26.08	47.3	90.52	92.03	28.18	34.37	79.83	75.15	23.43	61.68	60.42	13.04	73.01	85.73	54.63
5	46.69	90.02	77.79	18.0	97.02	0.0	53.14	77.79	13.42	38.83	76.42	37.74	71.22	34.99	57.27	96.83	56.36	50.0	98.79	67.91	92.28	75.6	81.61	20.1	43.86	41.23	91.21	75.29	101.84	80.32	69.05	36.06	86.02	70.68	73.78	91.3	45.34	32.25	44.27	47.54	91.3	91.78	64.5	43.86	63.91	24.08	45.69	99.32	102.86	81.61	96.19	15.23	79.25	84.85	12.0	31.24	29.73	26.68	28.07	35.61	91.76	78.71	82.87	82.02	40.5	33.24	82.39	104.04	14.21	44.91	91.71	62.65	35.85	33.29	83.22	51.66	37.01	85.29	39.82	17.8	46.69
6	64.4	86.53	92.8	70.34	85.91	53.14	0.0	38.21	63.15	82.1	82.02	82.02	38.47	20.0	81.44	58.86	8.0	29.73	75.31	58.82	62.13	29.73	95.27	34.0	82.87	68.96	74.67	60.83	79.62	62.77	62.8	20.1	83.23	18.44	25.06	62.29	81.58	48.08	8.94	72.8	62.29	99.04	74.03	81.22	10.77	32.06	40.0	72.44	74.11	95.27	89.55	56.14	69.97	90.55	50.36	74.03	23.41	26.83	52.95	72.69	103.32	53.85	98.41	40.79	16.49	20.12	86.37	67.74	61.66	10.82	65.92	60.14	19.0	68.73	63.57	25.0	52.55	79.61	20.25	61.13	64.4
7	62.8	62.13	80.05	91.21	56.57	77.79	38.21	0.0	82.8	92.48	65.15	93.23	10.0	44.94	78.1	20.88	30.27	28.84	40.25	39.29	25.3	11.66	81.04	63.81	89.84	72.28	43.86	35.78	44.72	34.41	43.68	43.27	60.03	27.86	17.89	26.0	86.83	55.46	43.68	72.99	26.0	79.62	62.51	87.36	34.53	53.81	38.63	36.06	36.88	81.04	62.48	73.24	45.65	71.69	69.66	85.91	52.84	57.31	62.61	80.99	86.16	22.8	84.9	4.47	39.45	51.89	67.23	29.61	80.21	48.05	30.89	45.4	44.42	77.25	33.3	26.17	56.3	55.23	38.6	77.39	62.8
8	40.2	85.16	69.05	8.49	93.68	13.42	63.15	82.8	0.0	25.61	70.11	24.41	75.07	43.68	47.54	100.42	65.15	54.04	98.49	66.21	94.02	82.37	72.99	32.25	31.24	32.25	89.55	74.24	101.07	79.65	66.48	44.27	81.22	79.7	81.44	92.8	33.29	30.53	54.59	38.47	92.8	84.21	58.14	31.62	73.76	31.62	46.86	99.86	103.73	72.99	91.78	10.0	76.55	78.0	13.42	18.44	40.2	38.0	24.17	24.17	83.19	80.0	73.76	87.2	48.7	44.1	76.11	106.89	3.16	56.08	92.36	59.81	44.64	22.8	82.86	56.86	33.62	81.25	47.01	8.06	40.2
9	33.94	76.03	52.61	26.08	87.13	38.83	82.1	92.48	25.61	0.0	59.09	2.0	83.26	62.13	31.05	106.68	82.1	64.56	97.59	65.12	97.2	95.08	56.57	55.71	8.0	22.63	86.56	73.59	99.16	79.25	63.66	62.03	72.47	96.33	95.71	95.6	12.17	37.36	74.43	26.08	95.6	69.43	48.37	10.2	92.0	50.36	53.85	100.5	104.8	56.57	83.19	27.2	72.47	65.15	33.53	8.25	61.19	60.17	30.59	11.66	66.27	83.23	56.14	96.93	66.0	65.31	64.62	111.5	24.7	77.1	93.61	57.28	63.13	15.23	82.81	68.88	36.25	74.09	63.07	22.47	33.94
10	30.0	17.2	16.12	76.66	29.73	76.42	82.02	65.15	70.11	59.09	0.0	60.93	55.71	69.34	28.84	68.0	76.58	52.35	46.82	26.0	54.15	74.32	16.12	79.12	51.88	38.83	34.18	30.27	46.52	34.0	21.54	67.68	14.14	85.44	78.71	52.15	47.41	45.61	79.65	33.53	52.15	17.2	12.0	49.19	86.83	65.39	42.8	51.92	56.32	16.12	24.41	62.03	22.09	8.94	64.5	58.24	75.18	77.82	48.37	50.0	21.63	44.41	20.1	68.41	68.41	78.03	6.0	68.59	67.07	84.81	47.52	22.02	69.89	49.03	37.05	57.38	40.02	17.49	64.2	62.07	30.0
11	35.38	77.82	54.59	24.41	88.84	37.74	82.02	93.23	24.41	2.0	60.93	0.0	84.1	62.03	32.98	107.7	82.22	65.15	99.04	66.48	98.41	95.6	58.55	55.03	10.0	24.08	88.09	74.97	100.66	80.62	65.12	62.0	74.24	96.52	96.1	96.83	14.14	37.95	74.24	27.78	96.83	71.39	50.12	12.17	92.02	50.16	54.63	101.86	106.15	58.55	84.97	26.68	74.03	67.05	32.98	8.0	60.83	59.67	31.05	12.81	68.26	84.4	58.14	97.69	66.03	64.94	66.48	112.65	23.71	76.79	94.92	58.69	63.03	16.12	84.17	69.38	37.12	75.8	63.2	21.84	35.38
12	52.95	54.04	70.34	83.55	50.0	71.22	38.47	10.0	75.07	83.26	55.71	84.1	0.0	40.5	68.12	25.61	30.59	21.26	36.88	29.73	24.08	18.87	71.47	59.09	80.32	62.64	37.74	27.2	41.23	26.91	34.18	38.63	51.61	32.8	24.08	24.0	77.2	46.65	42.05	63.15	24.0	70.71	52.61	77.79	37.58	47.71	29.53	34.06	36.06	71.47	55.17	65.3	37.2	62.61	62.23	76.94	48.7	53.14	53.85	71.69	76.97	16.12	75.29	14.14	35.44	48.51	58.14	33.12	72.35	47.0	27.46	35.51	40.16	68.03	26.63	20.12	47.01	47.01	33.62	69.2	52.95
13	47.2	77.25	77.79	51.26	79.62	34.99	20.0	44.94	43.68	62.13	69.34	62.03	40.5	0.0	63.81	65.3	21.54	22.0	74.24	50.0	64.03	41.04	80.72	18.87	63.15	50.16	70.26	54.59	78.1	58.14	53.14	2.0	73.54	36.06	38.83	63.56	62.1	29.53	12.65	54.59	63.56	86.53	59.67	61.61	30.27	12.17	26.83	72.99	75.71	80.72	81.61	36.22	62.1	78.23	30.59	54.04	8.25	12.65	33.53	52.95	89.64	52.35	83.45	48.83	5.66	9.22	74.43	73.41	41.98	16.64	65.62	48.75	1.0	49.03	60.01	20.62	34.67	70.84	7.07	41.19	47.2
14	17.09	46.04	22.0	52.35	58.14	57.27	81.44	78.1	47.54	31.05	28.84	32.98	68.12	63.81	0.0	87.36	78.43	55.32	72.11	42.38	75.39	84.21	26.0	66.6	23.41	16.12	60.0	50.16	72.8	55.46	39.4	62.77	42.8	90.71	86.83	73.54	18.97	34.41	76.16	10.0	73.54	38.47	20.0	20.88	89.2	55.32	43.17	76.16	80.62	26.0	53.25	42.05	46.04	34.18	46.65	32.0	66.84	67.94	32.56	24.08	36.06	62.64	26.31	82.22	65.3	70.6	34.0	90.25	44.92	80.45	70.21	34.48	64.66	24.74	59.03	60.64	29.15	45.28	61.27	40.16	17.09
15	74.32	59.67	84.02	108.9	50.16	96.83	58.86	20.88	100.42	106.68	68.0	107.7	25.61	65.3	87.36	0.0	50.99	46.86	28.84	45.12	14.56	30.0	84.02	84.12	102.86	84.97	37.95	38.21	32.8	34.0	48.66	63.53	58.86	46.17	36.06	16.49	99.32	71.22	64.56	84.31	16.49	79.25	69.05	100.18	54.0	73.24	54.04	22.8	21.26	84.02	57.58	90.55	46.04	72.44	87.73	100.96	73.35	77.82	78.41	95.02	86.83	24.74	88.02	18.11	59.93	72.62	68.26	9.0	97.62	68.88	22.14	52.89	64.85	91.59	31.06	45.49	70.72	53.76	58.67	94.26	74.32
16	61.35	80.0	88.2	72.8	78.71	56.36	8.0	30.27	65.15	82.1	76.58	82.22	30.59	21.54	78.43	50.99	0.0	24.41	67.47	52.5	54.15	22.36	90.44	38.42	82.1	67.08	67.23	53.85	71.81	55.46	56.64	20.88	76.84	14.56	18.44	54.33	80.4	46.39	14.42	70.34	54.33	93.38	69.34	80.22	10.77	33.53	35.78	64.5	66.12	90.44	82.68	57.27	63.25	84.9	51.92	74.24	27.2	31.24	52.04	72.03	98.08	46.17	93.74	32.98	16.49	24.76	80.62	59.84	63.32	18.03	58.05	54.56	20.62	68.03	56.08	19.21	50.22	73.01	19.03	62.17	61.35
17	38.47	57.31	63.81	62.48	58.24	50.0	29.73	28.84	54.04	64.56	52.35	65.15	21.26	22.0	55.32	46.86	24.41	0.0	52.35	29.53	43.08	30.59	66.03	39.29	62.8	46.04	48.37	32.98	56.14	36.22	33.29	20.0	53.85	35.44	32.0	42.38	60.3	27.2	28.64	48.17	42.38	69.31	44.94	60.53	34.99	26.83	12.17	51.42	54.41	66.03	60.93	44.41	41.23	60.83	41.04	57.58	30.07	34.23	34.18	53.37	73.76	30.59	69.34	33.29	18.44	31.06	56.64	54.08	51.4	34.01	43.93	30.41	22.02	49.48	38.01	5.39	29.15	50.54	15.03	48.55	38.47
18	63.66	34.06	62.64	106.68	22.36	98.79	75.31	40.25	98.49	97.59	46.82	99.04	36.88	74.24	72.11	28.84	67.47	52.35	0.0	32.8	15.62	51.88	61.61	91.41	92.02	74.97	12.65	24.41	4.47	18.87	33.94	72.25	34.53	68.03	58.14	14.42	87.86	68.0	78.23	72.25	14.42	54.04	52.15	89.2	74.0	78.1	53.14	6.32	10.0	61.61	30.27	88.59	26.08	48.66	87.73	93.72	82.39	86.58	74.43	86.37	62.13	22.0	65.51	40.5	70.03	83.1	45.12	25.0	95.38	83.38	9.49	40.36	74.17	83.74	15.65	54.01	65.19	29.83	67.19	91.07	63.66
19	31.24	27.78	40.79	74.24	30.07	67.91	58.82	39.29	66.21	65.12	26.0	66.48	29.73	50.0	42.38	45.12	52.5	29.53	32.8	0.0	33.11	48.33	41.76	64.12	60.0	42.52	23.41	8.49	34.99	14.14	4.47	48.08	24.41	60.0	52.84	31.3	56.04	36.06	58.14	40.5	31.3	41.62	24.08	57.2	62.23	50.04	24.08	35.38	39.7	41.76	31.62	56.46	12.17	33.29	56.32	60.96	57.27	60.83	42.05	53.74	47.41	20.4	45.61	42.76	47.54	59.2	28.84	47.93	63.07	63.51	28.6	8.06	50.29	50.99	17.69	33.84	32.65	21.02	43.66	58.59	31.24
20	63.81	45.12	70.26	102.45	35.78	92.28	62.13	25.3	94.02	97.2	54.15	98.41	24.08	64.03	75.39	14.56	54.15	43.08	15.62	33.11	0.0	36.77	70.03	82.22	92.65	74.89	23.41	25.3	20.0	20.4	36.06	62.1	44.41	53.14	43.08	2.0	88.84	63.78	66.12	73.43	2.0	64.78	56.32	89.89	59.67	69.86	47.2	10.77	12.0	70.03	43.08	84.02	32.06	58.14	82.1	92.2	72.28	76.66	70.77	85.6	72.44	14.14	74.03	25.06	59.23	72.37	54.04	14.87	91.05	71.03	7.62	41.15	63.79	82.46	17.12	43.42	62.24	39.32	57.01	87.21	63.81
21	68.0	72.8	88.54	90.55	67.94	75.6	29.73	11.66	82.37	95.08	74.32	95.6	18.87	41.04	84.21	30.0	22.36	30.59	51.88	48.33	36.77	0.0	89.89	59.46	93.38	76.42	55.32	46.04	56.36	45.34	52.8	39.7	70.46	16.49	6.32	37.58	90.8	57.72	36.72	78.03	37.58	89.55	70.34	91.08	24.0	51.61	42.19	47.54	48.08	89.89	73.59	73.35	56.04	81.41	68.96	87.93	48.17	52.5	64.56	83.95	95.71	33.94	93.64	12.17	35.38	46.4	76.94	39.0	80.06	40.31	42.54	53.45	40.31	80.05	44.55	26.25	59.68	65.8	35.81	77.88	68.0
22	35.78	28.64	4.0	78.23	42.05	81.61	95.27	81.04	72.99	56.57	16.12	58.55	71.47	80.72	26.0	84.02	90.44	66.03	61.61	41.76	70.03	89.89	0.0	87.82	48.66	40.79	49.03	46.39	60.73	50.04	37.36	79.25	27.2	100.24	94.02	68.03	44.41	53.85	91.93	34.53	68.03	13.42	21.26	46.39	100.96	74.89	55.32	67.08	71.39	0.0	34.99	66.48	38.0	13.42	70.23	58.0	85.6	87.66	54.63	50.04	10.2	60.53	4.0	84.4	80.62	88.87	16.49	84.29	70.21	96.88	63.2	36.67	81.39	50.36	53.0	71.28	48.02	31.78	76.38	65.31	35.78
23	52.15	89.82	84.38	38.05	94.19	20.1	34.0	63.81	32.25	55.71	79.12	55.03	59.09	18.87	66.6	84.12	38.42	39.29	91.41	64.12	82.22	59.46	87.82	0.0	59.06	50.91	86.09	70.03	95.04	74.24	66.48	20.59	85.91	52.15	56.64	81.61	59.36	34.0	25.06	56.64	81.61	95.85	68.03	58.31	44.72	14.14	40.05	90.71	93.68	87.82	95.04	28.64	76.24	88.02	22.36	47.54	11.31	7.21	34.06	49.4	97.53	69.86	89.89	67.68	24.41	13.89	84.76	92.14	31.78	25.0	83.2	61.0	19.42	46.04	76.53	39.0	39.82	84.01	25.5	33.24	52.15
24	28.84	68.96	44.72	33.11	80.45	43.86	82.87	89.84	31.24	8.0	51.88	10.0	80.32	63.15	23.41	102.86	82.1	62.8	92.02	60.0	92.65	93.38	48.66	59.06	0.0	17.89	80.62	68.41	93.34	74.03	58.14	62.8	65.51	96.0	94.53	90.97	4.47	36.06	75.71	19.8	90.97	61.61	41.62	2.83	92.35	51.92	51.42	95.27	99.64	48.66	76.16	30.53	66.48	57.58	36.72	12.81	63.25	62.77	30.07	10.2	58.31	78.89	48.17	94.25	66.48	67.36	57.27	107.19	29.7	78.85	88.6	52.01	64.13	14.14	77.62	67.48	33.73	67.42	63.2	26.4	28.84
25	11.31	55.03	36.88	38.05	65.3	41.23	68.96	72.28	32.25	22.63	38.83	24.08	62.64	50.16	16.12	84.97	67.08	46.04	74.97	42.52	74.89	76.42	40.79	50.91	17.89	0.0	64.03	50.99	76.58	56.64	41.04	49.4	51.26	80.4	78.03	73.24	14.56	20.88	62.77	6.32	73.24	52.04	27.2	15.23	77.67	40.5	34.23	77.9	82.22	40.79	62.03	26.0	50.0	46.17	30.53	19.7	52.15	52.8	17.2	11.66	50.99	61.06	41.76	76.66	52.5	56.08	44.72	89.36	29.43	66.64	71.06	34.66	51.08	10.2	60.21	51.0	17.03	52.33	48.76	24.52	11.31
26	52.8	22.09	50.0	97.51	12.81	91.21	74.67	43.86	89.55	86.56	34.18	88.09	37.74	70.26	60.0	37.95	67.23	48.37	12.65	23.41	23.41	55.32	49.03	86.09	80.62	64.03	0.0	16.12	12.81	12.17	23.32	68.26	22.09	70.46	61.22	21.54	76.37	59.46	76.16	60.83	21.54	42.05	40.0	77.79	75.18	72.25	46.39	18.11	22.36	49.03	19.7	79.85	14.14	36.22	79.7	83.23	78.1	82.02	65.39	75.6	50.0	21.63	52.95	45.34	66.75	79.4	32.56	36.12	86.41	81.49	15.81	30.02	70.35	73.24	11.18	51.2	55.95	17.26	63.39	81.86	52.8
27	39.7	26.91	46.04	82.37	25.3	75.29	60.83	35.78	74.24	73.59	30.27	74.97	27.2	54.59	50.16	38.21	53.85	32.98	24.41	8.49	25.3	46.04	46.39	70.03	68.41	50.99	16.12	0.0	26.83	5.66	10.77	52.61	24.41	59.4	51.22	23.41	64.4	43.86	61.35	48.83	23.41	43.86	31.05	65.6	62.8	56.14	30.27	26.91	31.24	46.39	28.84	64.4	10.0	36.06	63.91	69.43	62.29	66.12	50.12	62.23	50.6	14.14	50.36	38.63	51.42	63.79	31.62	40.16	71.12	66.73	20.25	16.4	54.74	59.46	9.22	36.4	40.82	19.85	47.85	66.73	39.7
28	65.3	32.56	62.03	109.18	20.0	101.84	79.62	44.72	101.07	99.16	46.52	100.66	41.23	78.1	72.8	32.8	71.81	56.14	4.47	34.99	20.0	56.36	60.73	95.04	93.34	76.58	12.81	26.83	0.0	21.54	35.61	76.11	33.53	72.5	62.61	18.87	89.11	70.68	82.39	73.54	18.87	52.35	52.8	90.51	78.43	81.58	56.32	10.0	12.65	60.73	28.0	91.24	26.91	47.54	90.62	95.6	86.21	90.35	76.94	88.09	60.53	26.08	64.56	44.94	74.0	87.02	44.27	28.23	97.95	87.57	13.93	42.2	78.06	85.6	18.68	58.01	67.6	29.15	71.06	93.54	65.3
29	45.34	27.78	50.04	87.82	23.32	80.32	62.77	34.41	79.65	79.25	34.0	80.62	26.91	58.14	55.46	34.0	55.46	36.22	18.87	14.14	20.4	45.34	50.04	74.24	74.03	56.64	12.17	5.66	21.54	0.0	16.12	56.14	26.0	59.67	50.91	18.44	70.0	49.19	64.03	54.41	18.44	46.17	36.06	71.22	63.81	60.53	34.93	21.26	25.61	50.04	28.28	69.77	12.17	38.83	69.08	75.07	66.03	70.0	55.57	67.88	53.37	11.66	54.04	36.72	54.59	67.27	34.53	35.17	76.54	69.38	14.76	22.02	58.22	65.12	3.61	39.05	46.32	21.02	51.24	72.2	45.34
30	29.73	24.17	36.5	74.32	28.07	69.05	62.8	43.68	66.48	63.66	21.54	65.12	34.18	53.14	39.4	48.66	56.64	33.29	33.94	4.47	36.06	52.8	37.36	66.48	58.14	41.04	23.32	10.77	35.61	16.12	0.0	51.26	20.59	64.4	57.31	34.18	54.04	36.88	61.77	38.42	34.18	37.2	20.4	55.32	66.48	52.35	26.68	37.2	41.62	37.36	28.64	56.92	10.2	28.84	57.27	60.0	60.17	63.56	42.38	52.5	42.94	24.08	41.23	47.07	50.99	62.3	24.41	50.92	63.32	67.12	30.89	6.71	53.49	50.0	19.72	37.8	32.89	17.72	47.01	58.69	29.73
31	46.04	75.39	76.37	52.0	77.67	36.06	20.1	43.27	44.27	62.03	67.68	62.0	38.63	2.0	62.77	63.53	20.88	20.0	72.25	48.08	62.1	39.7	79.25	20.59	62.8	49.4	68.26	52.61	76.11	56.14	51.26	0.0	71.69	35.44	37.74	61.61	61.61	28.64	13.42	53.67	61.61	84.88	58.14	61.19	30.07	12.65	25.06	71.02	73.76	79.25	79.7	36.5	60.17	76.55	31.05	54.0	10.2	14.56	32.98	52.61	88.09	50.36	82.02	47.2	4.47	11.18	72.72	71.59	42.45	17.8	63.64	46.96	2.24	48.66	58.01	18.68	33.62	68.95	5.1	41.44	46.04
32	41.23	4.0	28.64	88.29	15.62	86.02	83.23	60.03	81.22	72.47	14.14	74.24	51.61	73.54	42.8	58.86	76.84	53.85	34.53	24.41	44.41	70.46	27.2	85.91	65.51	51.26	22.09	24.41	33.53	26.0	20.59	71.69	0.0	83.55	75.6	42.43	61.06	54.04	82.37	46.52	42.43	20.4	24.17	62.77	86.37	71.81	46.82	40.2	44.41	27.2	10.77	72.44	14.42	14.14	74.03	70.94	80.32	83.52	58.14	62.77	28.07	37.58	31.05	62.61	71.55	82.64	10.77	58.01	78.09	87.71	37.12	25.0	73.93	61.35	28.16	58.25	49.01	5.1	67.54	73.16	41.23
33	73.76	86.28	98.39	87.32	82.8	70.68	18.44	27.86	79.7	96.33	85.44	96.52	32.8	36.06	90.71	46.17	14.56	35.44	68.03	60.0	53.14	16.49	100.24	52.15	96.0	80.4	70.46	59.4	72.5	59.67	64.4	35.44	83.55	0.0	10.2	53.85	94.09	60.03	27.2	83.19	53.85	101.61	79.62	94.02	8.94	48.08	47.54	63.91	64.56	100.24	87.86	71.81	69.31	93.23	66.48	88.57	41.18	44.94	66.03	86.02	107.07	48.83	103.77	28.64	31.05	38.28	88.81	55.15	77.88	29.0	58.6	63.63	35.11	82.02	59.41	30.08	63.39	79.21	33.38	76.69	73.76
34	70.26	78.1	92.48	89.44	73.76	73.78	25.06	17.89	81.44	95.71	78.71	96.1	24.08	38.83	86.83	36.06	18.44	32.0	58.14	52.84	43.08	6.32	94.02	56.64	94.53	78.03	61.22	51.22	62.61	50.91	57.31	37.74	75.6	10.2	0.0	43.86	92.2	58.55	32.8	80.1	43.86	94.34	74.0	92.35	18.11	50.12	44.05	53.85	54.41	94.02	79.2	72.8	61.22	86.09	68.03	88.29	45.34	49.52	65.12	84.85	100.24	39.7	97.69	18.44	33.29	43.14	81.63	45.04	79.31	35.85	48.76	57.38	38.01	80.89	50.33	27.07	61.07	71.06	34.44	77.49	70.26
35	62.13	43.17	68.26	101.21	34.0	91.3	62.29	26.0	92.8	95.6	52.15	96.83	24.0	63.56	73.54	16.49	54.33	42.38	14.42	31.3	2.0	37.58	68.03	81.61	90.97	73.24	21.54	23.41	18.87	18.44	34.18	61.61	42.43	53.85	43.86	0.0	87.13	62.48	66.03	71.69	0.0	62.8	54.41	88.2	60.17	69.08	46.04	10.2	12.17	68.03	41.23	82.8	30.07	56.14	80.99	90.69	71.81	76.16	69.43	84.02	70.46	12.81	72.03	26.08	58.86	72.01	52.04	16.76	89.81	71.0	5.83	39.36	63.35	80.92	15.13	42.95	60.81	37.34	56.52	85.91	62.13
36	25.06	64.5	40.45	36.06	76.03	45.34	81.58	86.83	33.29	12.17	47.41	14.14	77.2	62.1	18.97	99.32	80.4	60.3	87.86	56.04	88.84	90.8	44.41	59.36	4.47	14.56	76.37	64.4	89.11	70.0	54.04	61.61	61.06	94.09	92.2	87.13	0.0	34.06	74.73	15.62	87.13	57.27	37.2	2.0	90.8	51.26	48.66	91.21	95.6	44.41	71.69	31.24	62.23	53.14	37.2	15.23	62.77	62.61	28.64	10.0	54.15	75.18	44.05	91.21	65.12	66.85	52.8	103.45	31.4	78.11	84.63	48.01	63.06	13.42	73.6	65.12	31.14	63.01	61.66	27.59	25.06
37	18.44	58.03	50.48	38.83	64.78	32.25	48.08	55.46	30.53	37.36	45.61	37.95	46.65	29.53	34.41	71.22	46.39	27.2	68.0	36.06	63.78	57.72	53.85	34.0	36.06	20.88	59.46	43.86	70.68	49.19	36.88	28.64	54.04	60.03	58.55	62.48	34.06	0.0	42.05	25.06	62.48	62.03	34.18	34.0	56.89	21.26	17.2	69.34	73.24	53.85	64.03	20.59	47.07	54.41	20.4	30.46	32.56	34.06	7.21	26.31	63.53	49.68	56.04	59.93	31.62	36.24	51.42	77.1	27.46	46.14	61.85	30.41	30.41	22.36	52.35	31.58	5.83	53.08	27.89	23.43	18.44
38	59.36	85.88	89.2	61.61	86.65	44.27	8.94	43.68	54.59	74.43	79.65	74.24	42.05	12.65	76.16	64.56	14.42	28.64	78.23	58.14	66.12	36.72	91.93	25.06	75.71	62.77	76.16	61.35	82.39	64.03	61.77	13.42	82.37	27.2	32.8	66.03	74.73	42.05	0.0	67.08	66.03	96.83	70.71	74.22	19.7	24.08	36.88	76.0	78.1	91.93	89.55	48.0	69.86	88.41	42.05	66.27	14.56	17.89	46.17	65.51	100.5	56.32	94.85	46.82	11.31	11.18	84.4	73.25	53.24	5.39	69.07	58.25	11.7	61.61	65.31	25.0	47.01	79.16	15.56	53.0	59.36
39	10.2	50.16	30.59	44.0	61.06	47.54	72.8	72.99	38.47	26.08	33.53	27.78	63.15	54.59	10.0	84.31	70.34	48.17	72.25	40.5	73.43	78.03	34.53	56.64	19.8	6.32	60.83	48.83	73.54	54.41	38.42	53.67	46.52	83.19	80.1	71.69	15.62	25.06	67.08	0.0	71.69	46.0	22.36	16.97	81.04	45.61	36.06	75.6	80.0	34.53	57.27	32.31	46.69	40.45	36.72	24.74	57.2	58.14	22.63	16.49	44.72	59.93	35.44	77.28	56.46	61.03	39.29	88.12	35.69	71.2	69.07	32.45	55.47	16.0	58.01	53.34	20.25	48.02	52.55	30.81	10.2
40	62.13	43.17	68.26	101.21	34.0	91.3	62.29	26.0	92.8	95.6	52.15	96.83	24.0	63.56	73.54	16.49	54.33	42.38	14.42	31.3	2.0	37.58	68.03	81.61	90.97	73.24	21.54	23.41	18.87	18.44	34.18	61.61	42.43	53.85	43.86	0.0	87.13	62.48	66.03	71.69	0.0	62.8	54.41	88.2	60.17	69.08	46.04	10.2	12.17	68.03	41.23	82.8	30.07	56.14	80.99	90.69	71.81	76.16	69.43	84.02	70.46	12.81	72.03	26.08	58.86	72.01	52.04	16.76	89.81	71.0	5.83	39.36	63.35	80.92	15.13	42.95	60.81	37.34	56.52	85.91	62.13
41	45.12	20.0	17.09	90.0	32.56	91.78	99.04	79.62	84.21	69.43	17.2	71.39	70.71	86.53	38.47	79.25	93.38	69.31	54.04	41.62	64.78	89.55	13.42	95.85	61.61	52.04	42.05	43.86	52.35	46.17	37.2	84.88	20.4	101.61	94.34	62.8	57.27	62.03	96.83	46.0	62.8	0.0	27.86	59.23	103.48	82.29	60.0	60.0	64.03	13.42	24.74	76.94	34.18	8.49	80.05	70.26	92.28	94.83	64.03	62.13	8.25	57.58	15.62	82.46	85.6	95.19	12.81	78.16	81.3	102.0	57.43	38.9	87.09	62.0	48.51	74.25	56.3	25.5	81.4	76.32	45.12
42	18.0	27.86	18.87	64.78	38.83	64.5	74.03	62.51	58.14	48.37	12.0	50.12	52.61	59.67	20.0	69.05	69.34	44.94	52.15	24.08	56.32	70.34	21.26	68.03	41.62	27.2	40.0	31.05	52.8	36.06	20.4	58.14	24.17	79.62	74.0	54.41	37.2	34.18	70.71	22.36	54.41	27.86	0.0	38.83	79.92	54.59	34.06	56.36	60.83	21.26	34.93	50.04	26.08	20.4	52.61	46.82	64.9	67.23	36.5	38.63	30.0	44.41	24.41	66.27	59.4	68.01	18.0	71.17	55.08	75.69	50.7	17.12	60.31	37.36	39.56	50.25	28.46	25.81	55.15	50.09	18.0
43	26.08	66.24	42.43	34.18	77.67	43.86	81.22	87.36	31.62	10.2	49.19	12.17	77.79	61.61	20.88	100.18	80.22	60.53	89.2	57.2	89.89	91.08	46.39	58.31	2.83	15.23	77.79	65.6	90.51	71.22	55.32	61.19	62.77	94.02	92.35	88.2	2.0	34.0	74.22	16.97	88.2	59.23	38.83	0.0	90.55	50.6	49.03	92.46	96.83	46.39	73.43	30.0	63.66	55.03	36.06	13.42	62.03	61.74	28.28	8.94	56.14	76.16	46.04	91.76	64.78	66.13	54.63	104.45	29.83	77.49	85.8	49.2	62.59	12.65	74.81	65.28	31.4	64.64	61.4	26.17	26.08
44	72.11	89.38	98.79	81.04	87.13	63.91	10.77	34.53	73.76	92.0	86.83	92.02	37.58	30.27	89.2	54.0	10.77	34.99	74.0	62.23	59.67	24.0	100.96	44.72	92.35	77.67	75.18	62.8	78.43	63.81	66.48	30.07	86.37	8.94	18.11	60.17	90.8	56.89	19.7	81.04	60.17	103.48	79.92	90.55	0.0	42.43	46.52	70.34	71.39	100.96	91.61	66.48	72.47	95.02	60.83	84.02	34.18	37.58	62.29	82.22	108.41	53.67	104.31	36.06	26.0	30.87	90.69	63.0	72.18	20.62	64.51	64.82	29.27	78.23	64.01	29.68	60.88	82.33	29.15	71.45	72.11
45	39.7	75.71	71.61	39.4	80.1	24.08	32.06	53.81	31.62	50.36	65.39	50.16	47.71	12.17	55.32	73.24	33.53	26.83	78.1	50.04	69.86	51.61	74.89	14.14	51.92	40.5	72.25	56.14	81.58	60.53	52.35	12.65	71.81	48.08	50.12	69.08	51.26	21.26	24.08	45.61	69.08	82.29	54.59	50.6	42.43	0.0	26.0	77.79	80.99	74.89	80.89	24.08	62.13	74.32	18.44	42.19	11.66	12.81	23.32	41.76	84.38	56.92	77.2	58.0	17.09	15.65	70.94	80.78	29.83	26.93	70.21	46.87	13.15	37.95	62.97	27.8	27.02	69.87	15.81	29.07	39.7
46	26.31	50.6	52.8	55.32	54.15	45.69	40.0	38.63	46.86	53.85	42.8	54.63	29.53	26.83	43.17	54.04	35.78	12.17	53.14	24.08	47.2	42.19	55.32	40.05	51.42	34.23	46.39	30.27	56.32	34.93	26.68	25.06	46.82	47.54	44.05	46.04	48.66	17.2	36.88	36.06	46.04	60.0	34.06	49.03	46.52	26.0	0.0	53.67	57.31	55.32	55.32	36.88	36.22	51.61	34.99	47.41	33.53	36.88	24.41	42.38	63.66	33.29	58.41	43.08	25.61	35.85	47.71	60.11	43.93	42.01	46.07	21.93	27.29	38.63	37.64	17.46	17.72	44.38	21.4	40.31	26.31
47	66.6	40.0	67.91	108.17	28.64	99.32	72.44	36.06	99.86	100.5	51.92	101.86	34.06	72.99	76.16	22.8	64.5	51.42	6.32	35.38	10.77	47.54	67.08	90.71	95.27	77.9	18.11	26.91	10.0	21.26	37.2	71.02	40.2	63.91	53.85	10.2	91.21	69.34	76.0	75.6	10.2	60.0	56.36	92.46	70.34	77.79	53.67	0.0	4.47	67.08	36.5	89.89	30.46	54.33	88.59	96.21	81.22	85.51	76.03	89.11	68.03	20.88	71.02	35.78	68.47	81.61	50.64	18.68	96.8	81.02	7.62	43.28	72.84	86.28	17.69	52.47	67.01	35.36	65.92	92.66	66.6
48	70.94	44.05	72.28	112.07	32.25	102.86	74.11	36.88	103.73	104.8	56.32	106.15	36.06	75.71	80.62	21.26	66.12	54.41	10.0	39.7	12.0	48.08	71.39	93.68	99.64	82.22	22.36	31.24	12.65	25.61	41.62	73.76	44.41	64.56	54.41	12.17	95.6	73.24	78.1	80.0	12.17	64.03	60.83	96.83	71.39	80.99	57.31	4.47	0.0	71.39	40.2	93.74	34.93	58.55	92.28	100.42	83.95	88.29	80.0	93.38	72.11	24.17	75.31	36.06	71.02	84.17	54.92	15.65	100.69	83.02	11.4	47.63	75.5	90.51	22.02	55.11	71.06	39.62	68.66	96.61	70.94
49	35.78	28.64	4.0	78.23	42.05	81.61	95.27	81.04	72.99	56.57	16.12	58.55	71.47	80.72	26.0	84.02	90.44	66.03	61.61	41.76	70.03	89.89	0.0	87.82	48.66	40.79	49.03	46.39	60.73	50.04	37.36	79.25	27.2	100.24	94.02	68.03	44.41	53.85	91.93	34.53	68.03	13.42	21.26	46.39	100.96	74.89	55.32	67.08	71.39	0.0	34.99	66.48	38.0	13.42	70.23	58.0	85.6	87.66	54.63	50.04	10.2	60.53	4.0	84.4	80.62	88.87	16.49	84.29	70.21	96.88	63.2	36.67	81.39	50.36	53.0	71.28	48.02	31.78	76.38	65.31	35.78
50	51.92	7.21	37.2	98.95	8.0	96.19	89.55	62.48	91.78	83.19	24.41	84.97	55.17	81.61	53.25	57.58	82.68	60.93	30.27	31.62	43.08	73.59	34.99	95.04	76.16	62.03	19.7	28.84	28.0	28.28	28.64	79.7	10.77	87.86	79.2	41.23	71.69	64.03	89.55	57.27	41.23	24.74	34.93	73.43	91.61	80.89	55.32	36.5	40.2	34.99	0.0	82.87	19.7	21.63	84.21	81.71	88.77	92.2	68.47	73.54	32.98	39.7	38.47	64.4	79.12	90.8	19.8	55.11	88.65	94.94	35.47	34.13	81.91	72.11	29.21	64.85	59.21	11.05	75.27	83.74	51.92
51	32.06	76.42	62.64	18.44	84.4	15.23	56.14	73.24	10.0	27.2	62.03	26.68	65.3	36.22	42.05	90.55	57.27	44.41	88.59	56.46	84.02	73.35	66.48	28.64	30.53	26.0	79.85	64.4	91.24	69.77	56.92	36.5	72.44	71.81	72.8	82.8	31.24	20.59	48.0	32.31	82.8	76.94	50.04	30.0	66.48	24.08	36.88	89.89	93.74	66.48	82.87	0.0	67.05	70.26	6.32	18.97	34.23	32.98	14.56	21.26	76.66	70.0	67.68	77.67	40.79	38.33	68.03	96.94	7.07	50.25	82.38	50.29	37.22	18.44	72.95	47.51	24.04	72.18	38.6	5.0	32.06
52	38.83	16.97	38.21	84.31	18.0	79.25	69.97	45.65	76.55	72.47	22.09	74.03	37.2	62.1	46.04	46.04	63.25	41.23	26.08	12.17	32.06	56.04	38.0	76.24	66.48	50.0	14.14	10.0	26.91	12.17	10.2	60.17	14.42	69.31	61.22	30.07	62.23	47.07	69.86	46.69	30.07	34.18	26.08	63.66	72.47	62.13	36.22	30.46	34.93	38.0	19.7	67.05	0.0	26.68	67.47	69.34	69.43	72.99	52.5	61.61	41.23	23.41	42.0	48.33	59.46	71.31	22.36	46.53	73.39	75.24	25.5	16.76	62.36	59.36	15.0	45.18	43.01	9.9	55.66	68.71	38.83
53	38.21	15.23	15.62	84.21	28.64	84.85	90.55	71.69	78.0	65.15	8.94	67.05	62.61	78.23	34.18	72.44	84.9	60.83	48.66	33.29	58.14	81.41	13.42	88.02	57.58	46.17	36.22	36.06	47.54	38.83	28.84	76.55	14.14	93.23	86.09	56.14	53.14	54.41	88.41	40.45	56.14	8.49	20.4	55.03	95.02	74.32	51.61	54.33	58.55	13.42	21.63	70.26	26.68	0.0	72.99	65.12	84.12	86.76	56.89	56.89	14.56	50.0	17.09	74.67	77.2	86.95	4.47	72.01	75.01	93.6	51.01	30.41	78.77	56.32	41.44	65.76	48.76	19.03	73.01	70.01	38.21
