vehicles
vehicle_idx, capacity, cost_per_unit_distance
1,100,3
2,100,3
3,100,3
4,100,3
5,100,3
6,100,3
7,100,3
8,100,3
9,100,3
depot
node_idx,x,y
0,61,37
home delivery customers
node_idx,x,y,service_time,demand
1,47,37,15,24
2,67,13,15,8
3,53,35,15,20
4,25,39,15,16
5,31,75,15,14
6,49,99,15,10
7,47,37,15,22
8,33,47,15,19
9,37,91,15,11
10,31,5,15,15
11,79,61,15,12
12,35,63,15,5
13,27,73,15,14
14,1,49,15,19
15,79,71,15,10
16,65,47,15,13
17,23,71,15,23
18,57,85,15,6
19,89,23,15,12
20,13,49,15,9
self pickup customers
node_idx,x,y,service_time,demand,locker_idxs
21,23,43,15,12,68
22,53,5,15,6,63
23,13,75,15,22,66-68
24,29,73,15,3,64-66-68
25,23,71,15,24,64-62-68-66
26,93,43,15,12,63
27,69,25,15,14,63-67-65-69
28,85,69,15,16,62
29,45,43,15,18,65
30,63,9,15,19,63
31,49,3,15,18,67
32,49,87,15,2,64
33,19,33,15,19,66
34,35,25,15,4,69-61
35,35,95,15,18,66
36,31,21,15,11,67
37,47,9,15,19,66
38,1,77,15,3,66
39,21,55,15,20,66-68-62
40,91,41,15,15,63
flexible customers
node_idx,x,y,service_time,demand,locker_idxs
41,93,57,15,23,68
42,15,67,15,17,66-68-62
43,67,45,15,11,63-65-67-69-61
44,21,49,15,7,62-68-66
45,81,27,15,4,63-65-67-69
46,77,79,15,9,63
47,39,69,15,9,66-64-68-62
48,87,39,15,18,63-65-67
49,97,35,15,18,63
50,73,73,15,8,63
51,5,43,15,12,65
52,19,45,15,72,66-68-62
53,71,39,15,2,63-67-65-69-61
54,87,45,15,16,63-67-65
55,63,73,15,12,64
56,65,23,15,7,63-67-65-69-61
57,97,23,15,16,63
58,5,81,15,22,66
59,53,27,15,18,63-65-67-69-61
60,51,65,15,27,66-68-64-62-61
lockers
node_idx,x,y,service_time,capacity,cost_per_unit_good
61,93,12,10,85
62,22,88,10,82
63,65,88,10,92
64,25,15,10,94
65,77,88,10,93
66,72,14,10,87
67,53,42,10,78
68,38,62,10,70
69,79,22,10,88
70,46,78,10,96
71,65,32,10,82
72,26,70,10,86
73,66,42,10,94
74,34,64,10,94
75,59,35,10,87
mrt lines
start_node_idx,end_node_idx,freight_capacity,cost_per_unit_good
61,62,85,0.5
62,61,85,0.5
63,64,94,0.5
64,63,94,0.5
distance matrix
,0,1,2,3,4,5,6,7,8,9,10,11,12,13,14,15,16,17,18,19,20,21,22,23,24,25,26,27,28,29,30,31,32,33,34,35,36,37,38,39,40,41,42,43,44,45,46,47,48,49,50,51,52,53,54,55,56,57,58,59,60,61,62,63,64,65,66,67,68,69,70,71,72,73,74,75,
0,0.0,14.0,24.74,8.25,36.06,48.41,63.15,14.0,29.73,59.09,43.86,30.0,36.77,49.52,61.19,38.47,10.77,50.99,48.17,31.3,49.48,38.47,32.98,61.22,48.17,50.99,32.56,14.42,40.0,17.09,28.07,36.06,51.42,42.19,28.64,63.56,34.0,31.3,72.11,43.86,30.27,37.74,54.92,10.0,41.76,22.36,44.94,38.83,26.08,36.06,37.95,56.32,42.76,10.2,27.2,36.06,14.56,38.63,71.22,12.81,29.73,40.61,64.2,51.16,42.19,53.45,25.5,9.43,33.97,23.43,43.66,6.4,48.1,7.07,38.18,2.83
1,14.0,0.0,31.24,6.32,22.09,41.23,62.03,0.0,17.2,54.92,35.78,40.0,28.64,41.18,47.54,46.69,20.59,41.62,49.03,44.27,36.06,24.74,32.56,50.99,40.25,41.62,46.39,25.06,49.68,6.32,32.25,34.06,50.04,28.28,16.97,59.23,22.63,28.0,60.96,31.62,44.18,50.16,43.86,21.54,28.64,35.44,51.61,32.98,40.05,50.04,44.41,42.43,29.12,24.08,40.79,39.4,22.8,51.92,60.83,11.66,28.28,52.35,56.8,54.08,31.11,59.17,33.97,7.81,26.57,35.34,41.01,18.68,39.12,19.65,29.97,12.17
2,24.74,31.24,0.0,26.08,49.4,71.69,87.86,31.24,48.08,83.57,36.88,49.48,59.36,72.11,75.18,59.23,34.06,72.8,72.69,24.17,64.9,53.25,16.12,82.22,71.02,72.8,39.7,12.17,58.82,37.2,5.66,20.59,76.16,52.0,34.18,88.02,36.88,20.4,91.93,62.29,36.88,51.11,74.97,32.0,58.41,19.8,66.75,62.61,32.8,37.2,60.3,68.88,57.69,26.31,37.74,60.13,10.2,31.62,92.02,19.8,54.41,26.02,87.46,75.03,42.05,75.66,5.1,32.2,56.94,15.0,68.31,19.1,70.21,29.02,60.75,23.41
3,8.25,6.32,26.08,0.0,28.28,45.65,64.12,6.32,23.32,58.24,37.2,36.77,33.29,46.04,53.85,44.41,16.97,46.86,50.16,37.95,42.38,31.05,30.0,56.57,44.94,46.86,40.79,18.87,46.69,11.31,27.86,32.25,52.15,34.06,20.59,62.64,26.08,26.68,66.84,37.74,38.47,45.65,49.68,17.2,34.93,29.12,50.12,36.77,34.23,44.0,42.94,48.66,35.44,18.44,35.44,39.29,16.97,45.61,66.48,8.0,30.07,46.14,61.4,54.34,34.41,58.18,28.32,7.0,30.89,29.07,43.57,12.37,44.2,14.76,34.67,6.0
4,36.06,22.09,49.4,28.28,0.0,36.5,64.62,22.09,11.31,53.37,34.53,58.31,26.0,34.06,26.0,62.77,40.79,32.06,56.04,65.97,15.62,4.47,44.05,37.95,34.23,32.06,68.12,46.17,67.08,20.4,48.41,43.27,53.67,8.49,17.2,56.89,18.97,37.2,44.94,16.49,66.03,70.34,29.73,42.43,10.77,57.27,65.6,33.11,62.0,72.11,58.82,20.4,8.49,46.0,62.29,50.99,43.08,73.76,46.52,30.46,36.77,73.16,49.09,63.25,24.0,71.45,53.24,28.16,26.42,56.61,44.29,40.61,31.02,41.11,26.57,34.23
5,48.41,41.23,71.69,45.65,36.5,0.0,30.0,41.23,28.07,17.09,70.0,50.0,12.65,4.47,39.7,48.17,44.05,8.94,27.86,77.9,31.62,32.98,73.38,18.0,2.83,8.94,69.77,62.8,54.33,34.93,73.35,74.22,21.63,43.68,50.16,20.4,54.0,67.91,30.07,22.36,68.96,64.56,17.89,46.86,27.86,69.31,46.17,10.0,66.57,77.18,42.05,41.23,32.31,53.81,63.53,32.06,62.13,84.02,26.68,52.8,22.36,88.39,15.81,36.4,60.3,47.8,73.5,39.66,14.76,71.51,15.3,54.82,7.07,48.1,11.4,48.83
6,63.15,62.03,87.86,64.12,64.62,30.0,0.0,62.03,54.41,14.42,95.71,48.41,38.63,34.06,69.31,41.04,54.41,38.21,16.12,85.88,61.61,61.74,94.09,43.27,32.8,38.21,71.22,76.66,46.86,56.14,91.08,96.0,12.0,72.5,75.31,14.56,80.05,90.02,52.8,52.15,71.61,60.83,46.69,56.92,57.31,78.79,34.41,31.62,71.02,80.0,35.38,71.22,61.77,63.91,66.03,29.53,77.67,89.89,47.54,72.11,34.06,97.49,29.15,19.42,87.36,30.08,88.06,57.14,38.6,82.64,21.21,68.88,37.01,59.48,38.08,64.78
7,14.0,0.0,31.24,6.32,22.09,41.23,62.03,0.0,17.2,54.92,35.78,40.0,28.64,41.18,47.54,46.69,20.59,41.62,49.03,44.27,36.06,24.74,32.56,50.99,40.25,41.62,46.39,25.06,49.68,6.32,32.25,34.06,50.04,28.28,16.97,59.23,22.63,28.0,60.96,31.62,44.18,50.16,43.86,21.54,28.64,35.44,51.61,32.98,40.05,50.04,44.41,42.43,29.12,24.08,40.79,39.4,22.8,51.92,60.83,11.66,28.28,52.35,56.8,54.08,31.11,59.17,33.97,7.81,26.57,35.34,41.01,18.68,39.12,19.65,29.97,12.17
8,29.73,17.2,48.08,23.32,11.31,28.07,54.41,17.2,0.0,44.18,42.05,48.08,16.12,26.68,32.06,51.88,32.0,26.0,44.94,60.93,20.1,10.77,46.52,34.41,26.31,26.0,60.13,42.19,56.46,12.65,48.41,46.82,43.08,19.8,22.09,48.04,26.08,40.5,43.86,14.42,58.31,60.83,26.91,34.06,12.17,52.0,54.41,22.8,54.59,65.12,47.71,28.28,14.14,38.83,54.04,39.7,40.0,68.35,44.05,28.28,25.46,69.46,42.45,52.01,32.98,60.14,51.09,20.62,15.81,52.35,33.62,35.34,24.04,33.38,17.03,28.64
9,59.09,54.92,83.57,58.24,53.37,17.09,14.42,54.92,44.18,0.0,86.21,51.61,28.07,20.59,55.32,46.52,52.15,24.41,20.88,85.6,48.37,50.0,87.48,28.84,19.7,24.41,73.76,73.35,52.8,48.66,86.02,88.81,12.65,60.73,66.03,4.47,70.26,82.61,38.63,39.4,73.59,65.51,32.56,54.92,44.94,77.67,41.76,22.09,72.14,82.07,40.25,57.69,49.4,62.13,67.94,31.62,73.54,90.69,33.53,65.97,29.53,96.83,15.3,28.16,76.94,40.11,84.58,51.55,29.02,80.78,15.81,65.31,23.71,56.94,27.17,60.17
10,43.86,35.78,36.88,37.2,34.53,70.0,95.71,35.78,42.05,86.21,0.0,73.76,58.14,68.12,53.25,81.61,54.04,66.48,84.12,60.73,47.54,38.83,22.0,72.28,68.03,66.48,72.72,42.94,83.74,40.5,32.25,18.11,83.95,30.46,20.4,90.09,16.0,16.49,78.0,50.99,69.97,80.92,64.03,53.81,45.12,54.63,87.13,64.5,65.51,72.5,79.92,46.04,41.76,52.5,68.82,75.15,38.47,68.41,80.32,31.11,63.25,62.39,83.49,89.69,11.66,94.89,41.98,43.05,57.43,50.92,74.53,43.42,65.19,50.93,59.08,41.04
11,30.0,40.0,49.48,36.77,58.31,50.0,48.41,40.0,48.08,51.61,73.76,0.0,44.05,53.37,78.92,10.0,19.8,56.89,32.56,39.29,67.08,58.82,61.74,67.47,51.42,56.89,22.8,37.36,10.0,38.47,54.41,65.3,39.7,66.21,56.85,55.61,62.48,61.06,79.62,58.31,23.32,14.56,64.28,20.0,59.23,34.06,18.11,40.79,23.41,31.62,13.42,76.16,62.1,23.41,17.89,20.0,40.5,42.05,76.66,42.8,28.28,50.96,63.07,30.41,70.94,27.07,47.52,32.2,41.01,39.0,37.12,32.2,53.76,23.02,45.1,32.8
12,36.77,28.64,59.36,33.29,26.0,12.65,38.63,28.64,16.12,28.07,58.14,44.05,0.0,12.81,36.77,44.72,34.0,14.42,31.11,67.2,26.08,23.32,60.73,25.06,11.66,14.42,61.35,50.99,50.36,22.36,60.83,61.61,27.78,34.0,38.0,32.0,42.19,55.32,36.77,16.12,60.17,58.31,20.4,36.72,19.8,58.41,44.94,7.21,57.27,68.03,39.29,36.06,24.08,43.27,55.03,29.73,50.0,73.78,34.99,40.25,16.12,77.23,28.18,39.05,49.03,48.88,61.4,27.66,3.16,60.14,18.6,43.14,11.4,37.44,1.41,36.88
13,49.52,41.18,72.11,46.04,34.06,4.47,34.06,41.18,26.68,20.59,68.12,53.37,12.81,0.0,35.38,52.04,46.04,4.47,32.31,79.65,27.78,30.27,72.8,14.14,2.0,4.47,72.5,63.78,58.14,34.99,73.43,73.38,26.08,40.79,48.66,23.41,52.15,67.05,26.31,18.97,71.55,67.91,13.42,48.83,24.74,70.94,50.36,12.65,68.96,79.65,46.0,37.2,29.12,55.61,66.21,36.0,62.8,86.02,23.41,52.84,25.3,89.87,15.81,40.85,58.03,52.2,74.2,40.46,15.56,72.84,19.65,55.9,3.16,49.82,11.4,49.68
14,61.19,47.54,75.18,53.85,26.0,39.7,69.31,47.54,32.06,55.32,53.25,78.92,36.77,35.38,0.0,81.04,64.03,31.11,66.57,91.76,12.0,22.8,68.12,28.64,36.88,31.11,92.2,72.11,86.35,44.41,73.78,66.48,61.22,24.08,41.62,57.2,41.04,60.96,28.0,20.88,90.35,92.35,22.8,66.12,20.0,82.97,81.71,42.94,86.58,97.02,75.89,7.21,18.44,70.71,86.09,66.48,69.08,99.46,32.25,56.46,52.5,99.16,44.29,74.95,41.62,85.42,79.16,52.47,39.22,82.54,53.54,66.22,32.65,65.38,36.25,59.67
15,38.47,46.69,59.23,44.41,62.77,48.17,41.04,46.69,51.88,46.52,81.61,10.0,44.72,52.04,81.04,0.0,27.78,56.0,26.08,49.03,69.57,62.61,70.94,66.12,50.04,56.0,31.3,47.07,6.32,44.05,64.03,74.32,34.0,71.02,63.66,50.12,69.31,69.77,78.23,60.17,32.31,19.8,64.12,28.64,62.03,44.05,8.25,40.05,32.98,40.25,6.32,79.12,65.39,32.98,27.2,16.12,50.0,51.26,74.67,51.11,28.64,60.64,59.48,22.02,77.79,17.12,57.43,38.95,41.98,49.0,33.73,41.44,53.01,31.78,45.54,41.18
16,10.77,20.59,34.06,16.97,40.79,44.05,54.41,20.59,32.0,52.15,54.04,19.8,34.0,46.04,64.03,27.78,0.0,48.37,38.83,33.94,52.04,42.19,43.68,59.06,44.41,48.37,28.28,22.36,29.73,20.4,38.05,46.82,43.08,48.08,37.2,56.6,42.8,42.05,70.68,44.72,26.68,29.73,53.85,2.83,44.05,25.61,34.18,34.06,23.41,34.18,27.2,60.13,46.04,10.0,22.09,26.08,24.0,40.0,68.96,23.32,22.8,44.82,59.41,41.0,51.22,42.72,33.73,13.0,30.89,28.65,36.36,15.0,45.28,5.1,35.36,13.42
17,50.99,41.62,72.8,46.86,32.06,8.94,38.21,41.62,26.0,24.41,66.48,56.89,14.42,4.47,31.11,56.0,48.37,0.0,36.77,81.61,24.17,28.0,72.5,10.77,6.32,0.0,75.39,65.05,62.03,35.61,73.78,72.8,30.53,38.21,47.54,26.83,50.64,66.48,22.8,16.12,74.32,71.39,8.94,51.11,22.09,72.8,54.59,16.12,71.55,82.29,50.04,33.29,26.31,57.69,69.08,40.05,63.78,88.2,20.59,53.25,28.64,91.55,17.03,45.31,56.04,56.61,75.17,41.73,17.49,74.41,24.04,57.31,3.16,51.87,13.04,50.91
18,48.17,49.03,72.69,50.16,56.04,27.86,16.12,49.03,44.94,20.88,84.12,32.56,31.11,32.31,66.57,26.08,38.83,36.77,0.0,69.77,56.85,54.04,80.1,45.12,30.46,36.77,55.32,61.19,32.25,43.68,76.24,82.39,8.25,64.4,63.91,24.17,69.08,76.66,56.57,46.86,55.61,45.61,45.69,41.23,50.91,62.77,20.88,24.08,54.92,64.03,20.0,66.84,55.17,48.08,50.0,13.42,62.51,73.78,52.15,58.14,20.88,81.39,35.13,8.54,76.97,20.22,72.57,43.19,29.83,66.73,13.04,53.6,34.44,43.93,31.14,50.04
19,31.3,44.27,24.17,37.95,65.97,77.9,85.88,44.27,60.93,85.6,60.73,39.29,67.2,79.65,91.76,49.03,33.94,81.61,69.77,0.0,80.32,68.96,40.25,92.09,78.1,81.61,20.4,20.1,46.17,48.33,29.53,44.72,75.47,70.71,54.04,90.0,58.03,44.27,103.25,75.15,18.11,34.23,86.09,31.11,72.8,8.94,57.27,67.94,16.12,14.42,52.5,86.35,73.38,24.08,22.09,56.36,24.0,8.0,102.08,36.22,56.64,11.7,93.35,69.29,64.5,66.1,19.24,40.71,64.2,10.05,69.81,25.63,78.6,29.83,68.6,32.31
20,49.48,36.06,64.9,42.38,15.62,31.62,61.61,36.06,20.1,48.37,47.54,67.08,26.08,27.78,12.0,69.57,52.04,24.17,56.85,80.32,0.0,11.66,59.46,26.0,28.84,24.17,80.22,60.93,74.73,32.56,64.03,58.41,52.35,17.09,32.56,50.99,33.29,52.5,30.46,10.0,78.41,80.4,18.11,54.15,8.0,71.47,70.68,32.8,74.67,85.16,64.62,10.0,7.21,58.86,74.11,55.46,58.14,87.93,32.98,45.65,41.23,88.14,40.02,65.0,36.06,74.95,68.6,40.61,28.18,71.31,43.93,54.71,24.7,53.46,25.81,48.08
21,38.47,24.74,53.25,31.05,4.47,32.98,61.74,24.74,10.77,50.0,38.83,58.82,23.32,30.27,22.8,62.61,42.19,28.0,54.04,68.96,11.66,0.0,48.41,33.53,30.59,28.0,70.0,49.4,67.23,22.0,52.5,47.71,51.11,10.77,21.63,53.37,23.41,41.62,40.5,12.17,68.03,71.39,25.3,44.05,6.32,60.17,64.9,30.53,64.12,74.43,58.31,18.0,4.47,48.17,64.03,50.0,46.52,76.66,42.05,34.0,35.61,76.56,45.01,61.55,28.07,70.29,56.94,30.02,24.21,59.81,41.88,43.42,27.17,43.01,23.71,36.88
22,32.98,32.56,16.12,30.0,44.05,73.38,94.09,32.56,46.52,87.48,22.0,61.74,60.73,72.8,68.12,70.94,43.68,72.5,80.1,40.25,59.46,48.41,0.0,80.62,72.11,72.5,55.17,25.61,71.55,38.83,10.77,4.47,82.1,44.05,26.91,91.78,27.2,7.21,88.81,59.36,52.35,65.6,72.72,42.38,54.41,35.61,77.79,65.51,48.08,53.25,70.88,61.22,52.5,38.47,52.5,68.73,21.63,47.54,89.89,22.0,60.03,40.61,88.6,83.86,29.73,86.4,21.02,37.0,58.94,31.06,73.33,29.55,70.38,39.22,61.98,30.59
23,61.22,50.99,82.22,56.57,37.95,18.0,43.27,50.99,34.41,28.84,72.28,67.47,25.06,14.14,28.64,66.12,59.06,10.77,45.12,92.09,26.0,33.53,80.62,0.0,16.12,10.77,86.16,75.07,72.25,45.25,82.8,80.5,37.95,42.43,54.63,29.73,56.92,74.24,12.17,21.54,85.09,82.0,8.25,61.77,27.2,83.23,64.12,26.68,82.29,93.04,60.03,32.98,30.59,68.26,79.85,50.04,73.54,98.79,10.0,62.48,39.29,101.83,15.81,53.6,61.19,65.31,84.86,51.86,28.18,84.65,33.14,67.48,13.93,62.43,23.71,60.96
24,48.17,40.25,71.02,44.94,34.23,2.83,32.8,40.25,26.31,19.7,68.03,51.42,11.66,2.0,36.88,50.04,44.41,6.32,30.46,78.1,28.84,30.59,72.11,16.12,0.0,6.32,70.68,62.48,56.14,34.0,72.47,72.8,24.41,41.23,48.37,22.8,52.04,66.48,28.28,19.7,69.77,65.97,15.23,47.2,25.3,69.43,48.37,10.77,67.23,77.9,44.0,38.42,29.73,54.04,64.4,34.0,61.61,84.4,25.3,51.88,23.41,88.41,16.55,39.0,58.14,50.29,73.01,39.2,14.21,71.42,17.72,54.56,4.24,48.27,10.3,48.41
25,50.99,41.62,72.8,46.86,32.06,8.94,38.21,41.62,26.0,24.41,66.48,56.89,14.42,4.47,31.11,56.0,48.37,0.0,36.77,81.61,24.17,28.0,72.5,10.77,6.32,0.0,75.39,65.05,62.03,35.61,73.78,72.8,30.53,38.21,47.54,26.83,50.64,66.48,22.8,16.12,74.32,71.39,8.94,51.11,22.09,72.8,54.59,16.12,71.55,82.29,50.04,33.29,26.31,57.69,69.08,40.05,63.78,88.2,20.59,53.25,28.64,91.55,17.03,45.31,56.04,56.61,75.17,41.73,17.49,74.41,24.04,57.31,3.16,51.87,13.04,50.91
26,32.56,46.39,39.7,40.79,68.12,69.77,71.22,46.39,60.13,73.76,72.72,22.8,61.35,72.5,92.2,31.3,28.28,75.39,55.32,20.4,80.22,70.0,55.17,86.16,70.68,75.39,0.0,30.0,27.2,48.0,45.34,59.46,62.23,74.67,60.73,77.9,65.79,57.2,98.08,72.99,2.83,14.0,81.61,26.08,72.25,20.0,39.4,59.93,7.21,8.94,36.06,88.0,74.03,22.36,6.32,42.43,34.41,20.4,95.85,43.08,47.41,31.0,84.06,53.0,73.54,47.76,35.81,40.01,58.19,25.24,58.6,30.08,72.24,27.02,62.63,34.93
27,14.42,25.06,12.17,18.87,46.17,62.8,76.66,25.06,42.19,73.35,42.94,37.36,50.99,63.78,72.11,47.07,22.36,65.05,61.19,20.1,60.93,49.4,25.61,75.07,62.48,65.05,30.0,0.0,46.82,30.0,17.09,29.73,65.15,50.64,34.0,77.82,38.21,27.2,85.6,56.6,27.2,40.0,68.41,20.1,53.67,12.17,54.59,53.25,22.8,29.73,48.17,66.48,53.85,14.14,26.91,48.37,4.47,28.07,85.04,16.12,43.86,27.29,78.6,63.13,45.12,63.51,11.4,23.35,48.27,10.44,57.78,8.06,62.24,17.26,52.4,14.14
28,40.0,49.68,58.82,46.69,67.08,54.33,46.86,49.68,56.46,52.8,83.74,10.0,50.36,58.14,86.35,6.32,29.73,62.03,32.25,46.17,74.73,67.23,71.55,72.25,56.14,62.03,27.2,46.82,0.0,47.71,63.91,75.18,40.25,75.18,66.6,56.36,72.25,71.02,84.38,65.51,28.64,14.42,70.03,30.0,67.05,42.19,12.81,46.0,30.07,36.06,12.65,84.12,70.23,33.11,24.08,22.36,50.16,47.54,80.89,52.8,34.23,57.56,65.8,27.59,80.72,20.62,56.52,41.87,47.52,47.38,40.02,42.06,59.01,33.02,51.24,42.8
29,17.09,6.32,37.2,11.31,20.4,34.93,56.14,6.32,12.65,48.66,40.5,38.47,22.36,34.99,44.41,44.05,20.4,35.61,43.68,48.33,32.56,22.0,38.83,45.25,34.0,35.61,48.0,30.0,47.71,0.0,38.47,40.2,44.18,27.86,20.59,52.95,26.08,34.06,55.61,26.83,46.04,50.0,38.42,22.09,24.74,39.4,48.17,26.68,42.19,52.61,41.04,40.0,26.08,26.31,42.05,34.99,28.28,55.71,55.17,17.89,22.8,57.14,50.54,49.24,34.41,55.22,39.62,8.06,20.25,39.96,35.01,22.83,33.02,21.02,23.71,16.12
30,28.07,32.25,5.66,27.86,48.41,73.35,91.08,32.25,48.41,86.02,32.25,54.41,60.83,73.43,73.78,64.03,38.05,73.78,76.24,29.53,64.03,52.5,10.77,82.8,72.47,73.78,45.34,17.09,63.91,38.47,0.0,15.23,79.25,50.12,32.25,90.44,34.18,16.0,92.02,62.29,42.52,56.6,75.29,36.22,58.0,25.46,71.39,64.62,38.42,42.8,64.78,67.23,56.85,31.05,43.27,64.0,14.14,36.77,92.46,20.59,57.27,30.15,89.01,79.03,38.47,80.23,10.3,34.48,58.6,20.62,71.06,23.09,71.34,33.14,62.18,26.31
31,36.06,34.06,20.59,32.25,43.27,74.22,96.0,34.06,46.82,88.81,18.11,65.3,61.61,73.38,66.48,74.32,46.82,72.8,82.39,44.72,58.41,47.71,4.47,80.5,72.8,72.8,59.46,29.73,75.18,40.2,15.23,0.0,84.0,42.43,26.08,93.06,25.46,6.32,88.2,59.06,56.64,69.66,72.47,45.69,53.85,40.0,80.99,66.75,52.35,57.69,74.0,59.46,51.61,42.19,56.64,71.39,25.61,52.0,89.55,24.33,62.03,44.91,89.19,86.49,26.83,89.49,25.5,39.2,60.02,35.51,75.06,33.12,70.84,42.54,62.82,33.53
32,51.42,50.04,76.16,52.15,53.67,21.63,12.0,50.04,43.08,12.65,83.95,39.7,27.78,26.08,61.22,34.0,43.08,30.53,8.25,75.47,52.35,51.11,82.1,37.95,24.41,30.53,62.23,65.15,40.25,44.18,79.25,84.0,0.0,61.77,63.56,16.12,68.41,78.03,49.03,42.52,62.29,53.25,39.45,45.69,47.2,68.0,29.12,20.59,61.22,70.77,27.78,62.23,51.61,52.8,56.64,19.8,65.97,80.0,44.41,60.13,22.09,86.95,27.02,16.03,75.89,28.02,76.54,45.18,27.31,71.59,9.49,57.28,28.6,48.1,27.46,52.95
33,42.19,28.28,52.0,34.06,8.49,43.68,72.5,28.28,19.8,60.73,30.46,66.21,34.0,40.79,24.08,71.02,48.08,38.21,64.4,70.71,17.09,10.77,44.05,42.43,41.23,38.21,74.67,50.64,75.18,27.86,50.12,42.43,61.77,0.0,17.89,64.03,16.97,36.88,47.54,22.09,72.44,77.79,34.23,49.48,16.12,62.29,74.03,41.18,68.26,78.03,67.2,17.2,12.0,52.35,69.05,59.46,47.07,78.64,50.0,34.53,45.25,76.92,55.08,71.7,18.97,79.93,56.3,35.17,34.67,61.0,52.48,46.01,37.66,47.85,34.44,40.05
34,28.64,16.97,34.18,20.59,17.2,50.16,75.31,16.97,22.09,66.03,20.4,56.85,38.0,48.66,41.62,63.66,37.2,47.54,63.91,54.04,32.56,21.63,26.91,54.63,48.37,47.54,60.73,34.0,66.6,20.59,32.25,26.08,63.56,17.89,0.0,70.0,5.66,20.0,62.13,33.11,58.24,66.24,46.52,37.74,27.78,46.04,68.41,44.18,53.85,62.8,61.22,34.99,25.61,38.63,55.71,55.57,30.07,62.03,63.53,18.11,43.08,59.44,64.33,69.78,14.14,75.72,38.6,24.76,37.12,44.1,54.13,30.81,45.89,35.36,39.01,26.0
35,63.56,59.23,88.02,62.64,56.89,20.4,14.56,59.23,48.04,4.47,90.09,55.61,32.0,23.41,57.2,50.12,56.6,26.83,24.17,90.0,50.99,53.37,91.78,29.73,22.8,26.83,77.9,77.82,56.36,52.95,90.44,93.06,16.12,64.03,70.0,0.0,74.11,86.83,38.47,42.38,77.79,69.34,34.41,59.36,48.08,82.1,44.94,26.31,76.42,86.28,43.91,60.03,52.5,66.57,72.14,35.61,78.0,95.02,33.11,70.34,34.0,101.26,14.76,30.81,80.62,42.58,89.05,55.97,33.14,85.23,20.25,69.78,26.57,61.4,31.02,64.62
36,34.0,22.63,36.88,26.08,18.97,54.0,80.05,22.63,26.08,70.26,16.0,62.48,42.19,52.15,41.04,69.31,42.8,50.64,69.08,58.03,33.29,23.41,27.2,56.92,52.04,50.64,65.79,38.21,72.25,26.08,34.18,25.46,68.41,16.97,5.66,74.11,0.0,20.0,63.53,35.44,63.25,71.69,48.7,43.27,29.73,50.36,74.03,48.66,58.82,67.47,66.84,34.06,26.83,43.86,60.93,61.06,34.06,66.03,65.39,22.8,48.33,62.65,67.6,75.13,8.49,81.27,41.59,30.41,41.59,48.01,58.94,35.74,49.25,40.82,43.1,31.3
37,31.3,28.0,20.4,26.68,37.2,67.91,90.02,28.0,40.5,82.61,16.49,61.06,55.32,67.05,60.96,69.77,42.05,66.48,76.66,44.27,52.5,41.62,7.21,74.24,66.48,66.48,57.2,27.2,71.02,34.06,16.0,6.32,78.03,36.88,20.0,86.83,20.0,0.0,82.1,52.84,54.41,66.48,66.24,41.18,47.71,38.47,76.16,60.53,50.0,56.36,69.08,54.04,45.61,38.42,53.81,65.97,22.8,51.92,83.35,18.97,56.14,46.1,82.86,81.02,22.8,84.5,25.5,33.54,53.76,34.54,69.01,29.21,64.51,38.08,56.52,28.64
38,72.11,60.96,91.93,66.84,44.94,30.07,52.8,60.96,43.86,38.63,78.0,79.62,36.77,26.31,28.0,78.23,70.68,22.8,56.57,103.25,30.46,40.5,88.81,12.17,28.28,22.8,98.08,85.6,84.38,55.61,92.02,88.2,49.03,47.54,62.13,38.47,63.53,82.1,0.0,29.73,96.93,94.15,17.2,73.35,34.41,94.34,76.03,38.83,94.02,104.79,72.11,34.23,36.72,79.65,91.76,62.13,83.74,110.15,5.66,72.14,51.42,112.65,23.71,64.94,66.48,76.79,94.92,62.68,39.92,95.44,45.01,78.24,25.96,73.82,35.47,71.61
39,43.86,31.62,62.29,37.74,16.49,22.36,52.15,31.62,14.42,39.4,50.99,58.31,16.12,18.97,20.88,60.17,44.72,16.12,46.86,75.15,10.0,12.17,59.36,21.54,19.7,16.12,72.99,56.6,65.51,26.83,62.29,59.06,42.52,22.09,33.11,42.38,35.44,52.84,29.73,0.0,71.39,72.03,13.42,47.07,6.0,66.21,60.93,22.8,67.91,78.59,55.03,20.0,10.2,52.5,66.75,45.69,54.41,82.46,30.53,42.52,31.62,83.86,33.02,55.0,40.2,65.0,65.44,34.54,18.38,66.73,33.97,49.65,15.81,46.84,15.81,42.94
40,30.27,44.18,36.88,38.47,66.03,68.96,71.61,44.18,58.31,73.59,69.97,23.32,60.17,71.55,90.35,32.31,26.68,74.32,55.61,18.11,78.41,68.03,52.35,85.09,69.77,74.32,2.83,27.2,28.64,46.04,42.52,56.64,62.29,72.44,58.24,77.79,63.25,54.41,96.93,71.39,0.0,16.12,80.32,24.33,70.46,17.2,40.5,59.06,4.47,8.49,36.72,86.02,72.11,20.1,5.66,42.52,31.62,18.97,94.85,40.5,46.65,29.07,83.49,53.71,70.94,49.04,33.02,38.01,57.01,22.47,58.26,27.51,71.18,25.02,61.47,32.56
41,37.74,50.16,51.11,45.65,70.34,64.56,60.83,50.16,60.83,65.51,80.92,14.56,58.31,67.91,92.35,19.8,29.73,71.39,45.61,34.23,80.4,71.39,65.6,82.0,65.97,71.39,14.0,40.0,14.42,50.0,56.6,69.66,53.25,77.79,66.24,69.34,71.69,66.48,94.15,72.03,16.12,0.0,78.64,28.64,72.44,32.31,27.2,55.32,18.97,22.36,25.61,89.11,74.97,28.43,13.42,34.0,44.05,34.23,91.21,50.0,42.76,45.0,77.47,41.77,79.92,34.89,47.85,42.72,55.23,37.7,51.48,37.54,68.25,30.89,59.41,40.5
42,54.92,43.86,74.97,49.68,29.73,17.89,46.69,43.86,26.91,32.56,64.03,64.28,20.4,13.42,22.8,64.12,53.85,8.94,45.69,86.09,18.11,25.3,72.72,8.25,15.23,8.94,81.61,68.41,70.03,38.42,75.29,72.47,39.45,34.23,46.52,34.41,48.7,66.24,17.2,13.42,80.32,78.64,0.0,56.46,18.97,77.18,63.15,24.08,77.25,88.02,58.31,26.0,22.36,62.61,75.29,48.37,66.6,93.06,17.2,55.17,36.06,95.44,22.14,54.23,52.95,65.46,77.83,45.49,23.54,78.24,32.89,61.03,11.4,56.8,19.24,54.41
43,10.0,21.54,32.0,17.2,42.43,46.86,56.92,21.54,34.06,54.92,53.81,20.0,36.72,48.83,66.12,28.64,2.83,51.11,41.23,31.11,54.15,44.05,42.38,61.77,47.2,51.11,26.08,20.1,30.0,22.09,36.22,45.69,45.69,49.48,37.74,59.36,43.27,41.18,73.35,47.07,24.33,28.64,56.46,0.0,46.17,22.8,35.44,36.88,20.88,31.62,28.64,62.03,48.0,7.21,20.0,28.28,22.09,37.2,71.69,22.8,25.61,42.01,62.24,43.05,51.61,44.15,31.4,14.32,33.62,25.94,39.12,13.15,48.02,3.16,38.08,12.81
44,41.76,28.64,58.41,34.93,10.77,27.86,57.31,28.64,12.17,44.94,45.12,59.23,19.8,24.74,20.0,62.03,44.05,22.09,50.91,72.8,8.0,6.32,54.41,27.2,25.3,22.09,72.25,53.67,67.05,24.74,58.0,53.85,47.2,16.12,27.78,48.08,29.73,47.71,34.41,6.0,70.46,72.44,18.97,46.17,0.0,63.91,63.53,26.91,66.75,77.28,57.27,17.09,4.47,50.99,66.12,48.37,51.11,80.32,35.78,38.83,34.0,80.95,39.01,58.8,34.23,68.24,61.85,32.76,21.4,63.98,38.29,47.17,21.59,45.54,19.85,40.5
45,22.36,35.44,19.8,29.12,57.27,69.31,78.79,35.44,52.0,77.67,54.63,34.06,58.41,70.94,82.97,44.05,25.61,72.8,62.77,8.94,71.47,60.17,35.61,83.23,69.43,72.8,20.0,12.17,42.19,39.4,25.46,40.0,68.0,62.29,46.04,82.1,50.36,38.47,94.34,66.21,17.2,32.31,77.18,22.8,63.91,0.0,52.15,59.4,13.42,17.89,46.69,77.67,64.56,15.62,18.97,49.4,16.49,16.49,93.23,28.0,48.41,19.21,84.86,63.06,57.27,61.13,15.81,31.76,55.44,5.39,61.85,16.76,69.81,21.21,59.82,23.41
46,44.94,51.61,66.75,50.12,65.6,46.17,34.41,51.61,54.41,41.76,87.13,18.11,44.94,50.36,81.71,8.25,34.18,54.59,20.88,57.27,70.68,64.9,77.79,64.12,48.37,54.59,39.4,54.59,12.81,48.17,71.39,80.99,29.12,74.03,68.41,44.94,74.03,76.16,76.03,60.93,40.5,27.2,63.15,35.44,63.53,52.15,0.0,39.29,41.23,48.33,7.21,80.5,67.23,40.45,35.44,15.23,57.27,59.46,72.03,57.27,29.53,68.88,55.73,15.0,82.46,9.0,65.19,44.1,42.54,57.04,31.02,48.51,51.79,38.6,45.54,47.54
47,38.83,32.98,62.61,36.77,33.11,10.0,31.62,32.98,22.8,22.09,64.5,40.79,7.21,12.65,42.94,40.05,34.06,16.12,24.08,67.94,32.8,30.53,65.51,26.68,10.77,16.12,59.93,53.25,46.0,26.68,64.62,66.75,20.59,41.18,44.18,26.31,48.66,60.53,38.83,22.8,59.06,55.32,24.08,36.88,26.91,59.4,39.29,0.0,56.6,67.23,34.23,42.8,31.24,43.86,53.67,24.33,52.84,74.03,36.06,44.27,12.65,78.52,25.5,32.2,55.79,42.49,64.14,30.41,7.07,61.72,11.4,45.22,13.04,38.18,7.07,39.45
48,26.08,40.05,32.8,34.23,62.0,66.57,71.02,40.05,54.59,72.14,65.51,23.41,57.27,68.96,86.58,32.98,23.41,71.55,54.92,16.12,74.67,64.12,48.08,82.29,67.23,71.55,7.21,22.8,30.07,42.19,38.42,52.35,61.22,68.26,53.85,76.42,58.82,50.0,94.02,67.91,4.47,18.97,77.25,20.88,66.75,13.42,41.23,56.6,0.0,10.77,36.77,82.1,68.26,16.0,6.0,41.62,27.2,18.87,92.13,36.06,44.41,27.66,81.4,53.71,66.48,50.01,29.15,34.13,54.13,18.79,56.59,23.09,68.43,21.21,58.6,28.28
49,36.06,50.04,37.2,44.0,72.11,77.18,80.0,50.04,65.12,82.07,72.5,31.62,68.03,79.65,97.02,40.25,34.18,82.29,64.03,14.42,85.16,74.43,53.25,93.04,77.9,82.29,8.94,29.73,36.06,52.61,42.8,57.69,70.77,78.03,62.8,86.28,67.47,56.36,104.79,78.59,8.49,22.36,88.02,31.62,77.28,17.89,48.33,67.23,10.77,0.0,44.94,92.35,78.64,26.31,14.14,50.99,34.18,12.0,102.86,44.72,54.92,23.35,91.84,61.91,74.73,56.65,32.65,44.55,64.88,22.2,66.71,32.14,79.16,31.78,69.35,38.0
50,37.95,44.41,60.3,42.94,58.82,42.05,35.38,44.41,47.71,40.25,79.92,13.42,39.29,46.0,75.89,6.32,27.2,50.04,20.0,52.5,64.62,58.31,70.88,60.03,44.0,50.04,36.06,48.17,12.65,41.04,64.78,74.0,27.78,67.2,61.22,43.91,66.84,69.08,72.11,55.03,36.72,25.61,58.31,28.64,57.27,46.69,7.21,34.23,36.77,44.94,0.0,74.32,60.83,34.06,31.3,10.0,50.64,55.46,68.47,50.16,23.41,64.2,53.16,17.0,75.29,15.52,59.01,36.89,36.69,51.35,27.46,41.77,47.1,31.78,40.02,40.5
51,56.32,42.43,68.88,48.66,20.4,41.23,71.22,42.43,28.28,57.69,46.04,76.16,36.06,37.2,7.21,79.12,60.13,33.29,66.84,86.35,10.0,18.0,61.22,32.98,38.42,33.29,88.0,66.48,84.12,40.0,67.23,59.46,62.23,17.2,34.99,60.03,34.06,54.04,34.23,20.0,86.02,89.11,26.0,62.03,17.09,77.67,80.5,42.8,82.1,92.35,74.32,0.0,14.14,66.12,82.02,65.3,63.25,94.15,38.0,50.6,50.99,93.3,48.1,75.0,34.41,84.91,73.01,48.01,38.08,76.92,53.91,61.0,34.21,61.01,35.81,54.59
52,42.76,29.12,57.69,35.44,8.49,32.31,61.77,29.12,14.14,49.4,41.76,62.1,24.08,29.12,18.44,65.39,46.04,26.31,55.17,73.38,7.21,4.47,52.5,30.59,29.73,26.31,74.03,53.85,70.23,26.08,56.85,51.61,51.61,12.0,25.61,52.5,26.83,45.61,36.72,10.2,72.11,74.97,22.36,48.0,4.47,64.56,67.23,31.24,68.26,78.64,60.83,14.14,0.0,52.35,68.0,52.15,50.99,81.04,38.63,38.47,37.74,81.02,43.1,62.97,30.59,72.2,61.4,34.13,25.5,64.26,42.64,47.8,25.96,47.1,24.21,41.23
53,10.2,24.08,26.31,18.44,46.0,53.81,63.91,24.08,38.83,62.13,52.5,23.41,43.27,55.61,70.71,32.98,10.0,57.69,48.08,24.08,58.86,48.17,38.47,68.26,54.04,57.69,22.36,14.14,33.11,26.31,31.05,42.19,52.8,52.35,38.63,66.57,43.86,38.42,79.65,52.5,20.1,28.43,62.61,7.21,50.99,15.62,40.45,43.86,16.0,26.31,34.06,66.12,52.35,0.0,17.09,34.93,17.09,30.53,78.23,21.63,32.8,34.83,69.3,49.37,51.88,49.37,25.02,18.25,40.22,18.79,46.32,9.22,54.64,5.83,44.65,12.65
54,27.2,40.79,37.74,35.44,62.29,63.53,66.03,40.79,54.04,67.94,68.82,17.89,55.03,66.21,86.09,27.2,22.09,69.08,50.0,22.09,74.11,64.03,52.5,79.85,64.4,69.08,6.32,26.91,24.08,42.05,43.27,56.64,56.64,69.05,55.71,72.14,60.93,53.81,91.76,66.75,5.66,13.42,75.29,20.0,66.12,18.97,35.44,53.67,6.0,14.14,31.3,82.02,68.0,17.09,0.0,36.88,31.11,24.17,89.55,38.47,41.18,33.54,77.94,48.3,68.88,44.15,34.44,34.13,51.87,24.35,52.63,25.55,65.92,21.21,56.3,29.73
55,36.06,39.4,60.13,39.29,50.99,32.06,29.53,39.4,39.7,31.62,75.15,20.0,29.73,36.0,66.48,16.12,26.08,40.05,13.42,56.36,55.46,50.0,68.73,50.04,34.0,40.05,42.43,48.37,22.36,34.99,64.0,71.39,19.8,59.46,55.57,35.61,61.06,65.97,62.13,45.69,42.52,34.0,48.37,28.28,48.37,49.4,15.23,24.33,41.62,50.99,10.0,65.3,52.15,34.93,36.88,0.0,50.04,60.46,58.55,47.07,14.42,67.98,43.66,15.13,69.34,20.52,59.68,32.57,27.31,53.45,17.72,41.05,37.12,31.14,30.36,38.21
56,14.56,22.8,10.2,16.97,43.08,62.13,77.67,22.8,40.0,73.54,38.47,40.5,50.0,62.8,69.08,50.0,24.0,63.78,62.51,24.0,58.14,46.52,21.63,73.54,61.61,63.78,34.41,4.47,50.16,28.28,14.14,25.61,65.97,47.07,30.07,78.0,34.06,22.8,83.74,54.41,31.62,44.05,66.6,22.09,51.11,16.49,57.27,52.84,27.2,34.18,50.64,63.25,50.99,17.09,31.11,50.04,0.0,32.0,83.45,12.65,44.27,30.08,77.94,65.0,40.79,66.1,11.4,22.47,47.43,14.04,58.19,9.0,61.07,19.03,51.4,13.42
57,38.63,51.92,31.62,45.61,73.76,84.02,89.89,51.92,68.35,90.69,68.41,42.05,73.78,86.02,99.46,51.26,40.0,88.2,73.78,8.0,87.93,76.66,47.54,98.79,84.4,88.2,20.4,28.07,47.54,55.71,36.77,52.0,80.0,78.64,62.03,95.02,66.03,51.92,110.15,82.46,18.97,34.23,93.06,37.2,80.32,16.49,59.46,74.03,18.87,12.0,55.46,94.15,81.04,30.53,24.17,60.46,32.0,0.0,108.76,44.18,62.29,11.7,99.25,72.45,72.44,68.01,26.57,47.93,70.72,18.03,75.01,33.24,85.15,36.36,75.17,39.85
58,71.22,60.83,92.02,66.48,46.52,26.68,47.54,60.83,44.05,33.53,80.32,76.66,34.99,23.41,32.25,74.67,68.96,20.59,52.15,102.08,32.98,42.05,89.89,10.0,25.3,20.59,95.85,85.04,80.89,55.17,92.46,89.55,44.41,50.0,63.53,33.11,65.39,83.35,5.66,30.53,94.85,91.21,17.2,71.69,35.78,93.23,72.03,36.06,92.13,102.86,68.47,38.0,38.63,78.23,89.55,58.55,83.45,108.76,0.0,72.25,48.7,111.83,18.38,60.41,68.96,72.34,94.75,61.85,38.08,94.64,41.11,77.47,23.71,72.4,33.62,70.94
59,12.81,11.66,19.8,8.0,30.46,52.8,72.11,11.66,28.28,65.97,31.11,42.8,40.25,52.84,56.46,51.11,23.32,53.25,58.14,36.22,45.65,34.0,22.0,62.48,51.88,53.25,43.08,16.12,52.8,17.89,20.59,24.33,60.13,34.53,18.11,70.34,22.8,18.97,72.14,42.52,40.5,50.0,55.17,22.8,38.83,28.0,57.27,44.27,36.06,44.72,50.16,50.6,38.47,21.63,38.47,47.07,12.65,44.18,72.25,0.0,38.05,42.72,68.43,62.17,30.46,65.55,23.02,15.0,38.08,26.48,51.48,13.0,50.77,19.85,41.59,10.0
60,29.73,28.28,54.41,30.07,36.77,22.36,34.06,28.28,25.46,29.53,63.25,28.28,16.12,25.3,52.5,28.64,22.8,28.64,20.88,56.64,41.23,35.61,60.03,39.29,23.41,28.64,47.41,43.86,34.23,22.8,57.27,62.03,22.09,45.25,43.08,34.0,48.33,56.14,51.42,31.62,46.65,42.76,36.06,25.61,34.0,48.41,29.53,12.65,44.41,54.92,23.41,50.99,37.74,32.8,41.18,14.42,44.27,62.29,48.7,38.05,0.0,67.62,37.01,26.93,56.36,34.71,55.15,23.09,13.34,51.31,13.93,35.85,25.5,27.46,17.03,31.05
61,40.61,52.35,26.02,46.14,73.16,88.39,97.49,52.35,69.46,96.83,62.39,50.96,77.23,89.87,99.16,60.64,44.82,91.55,81.39,11.7,88.14,76.56,40.61,101.83,88.41,91.55,31.0,27.29,57.56,57.14,30.15,44.91,86.95,76.92,59.44,101.26,62.65,46.1,112.65,83.86,29.07,45.0,95.44,42.01,80.95,19.21,68.88,78.52,27.66,23.35,64.2,93.3,81.02,34.83,33.54,67.98,30.08,11.7,111.83,42.72,67.62,0.0,104.0,80.99,68.07,77.67,21.1,50.0,74.33,17.2,81.02,34.41,88.62,40.36,78.64,41.05
62,64.2,56.8,87.46,61.4,49.09,15.81,29.15,56.8,42.45,15.3,83.49,63.07,28.18,15.81,44.29,59.48,59.41,17.03,35.13,93.35,40.02,45.01,88.6,15.81,16.55,17.03,84.06,78.6,65.8,50.54,89.01,89.19,27.02,55.08,64.33,14.76,67.6,82.86,23.71,33.02,83.49,77.47,22.14,62.24,39.01,84.86,55.73,25.5,81.4,91.84,53.16,48.1,43.1,69.3,77.94,43.66,77.94,99.25,18.38,68.43,37.01,104.0,0.0,43.0,73.06,55.0,89.31,55.47,30.53,87.21,26.0,70.6,18.44,63.66,26.83,64.64
63,51.16,54.08,75.03,54.34,63.25,36.4,19.42,54.08,52.01,28.16,89.69,30.41,39.05,40.85,74.95,22.02,41.0,45.31,8.54,69.29,65.0,61.55,83.86,53.6,39.0,45.31,53.0,63.13,27.59,49.24,79.03,86.49,16.03,71.7,69.78,30.81,75.13,81.02,64.94,55.0,53.71,41.77,54.23,43.05,58.8,63.06,15.0,32.2,53.71,61.91,17.0,75.0,62.97,49.37,48.3,15.13,65.0,72.45,60.41,62.17,26.93,80.99,43.0,0.0,83.24,12.0,74.33,47.54,37.48,67.47,21.47,56.0,42.95,46.01,39.2,53.34
64,42.19,31.11,42.05,34.41,24.0,60.3,87.36,31.11,32.98,76.94,11.66,70.94,49.03,58.03,41.62,77.79,51.22,56.04,76.97,64.5,36.06,28.07,29.73,61.19,58.14,56.04,73.54,45.12,80.72,34.41,38.47,26.83,75.89,18.97,14.14,80.62,8.49,22.8,66.48,40.2,70.94,79.92,52.95,51.61,34.23,57.27,82.46,55.79,66.48,74.73,75.29,34.41,30.59,51.88,68.88,69.34,40.79,72.44,68.96,30.46,56.36,68.07,73.06,83.24,0.0,89.63,47.01,38.9,48.76,54.45,66.41,43.46,55.01,49.09,49.82,39.45
65,53.45,59.17,75.66,58.18,71.45,47.8,30.08,59.17,60.14,40.11,94.89,27.07,48.88,52.2,85.42,17.12,42.72,56.61,20.22,66.1,74.95,70.29,86.4,65.31,50.29,56.61,47.76,63.51,20.62,55.22,80.23,89.49,28.02,79.93,75.72,42.58,81.27,84.5,76.79,65.0,49.04,34.89,65.46,44.15,68.24,61.13,9.0,42.49,50.01,56.65,15.52,84.91,72.2,49.37,44.15,20.52,66.1,68.01,72.34,65.55,34.71,77.67,55.0,12.0,89.63,0.0,74.17,51.88,46.87,66.03,32.57,57.27,54.08,47.3,49.24,55.97
66,25.5,33.97,5.1,28.32,53.24,73.5,88.06,33.97,51.09,84.58,41.98,47.52,61.4,74.2,79.16,57.43,33.73,75.17,72.57,19.24,68.6,56.94,21.02,84.86,73.01,75.17,35.81,11.4,56.52,39.62,10.3,25.5,76.54,56.3,38.6,89.05,41.59,25.5,94.92,65.44,33.02,47.85,77.83,31.4,61.85,15.81,65.19,64.14,29.15,32.65,59.01,73.01,61.4,25.02,34.44,59.68,11.4,26.57,94.75,23.02,55.15,21.1,89.31,74.33,47.01,74.17,0.0,33.84,58.82,10.63,69.08,19.31,72.47,28.64,62.8,24.7
67,9.43,7.81,32.2,7.0,28.16,39.66,57.14,7.81,20.62,51.55,43.05,32.2,27.66,40.46,52.47,38.95,13.0,41.73,43.19,40.71,40.61,30.02,37.0,51.86,39.2,41.73,40.01,23.35,41.87,8.06,34.48,39.2,45.18,35.17,24.76,55.97,30.41,33.54,62.68,34.54,38.01,42.72,45.49,14.32,32.76,31.76,44.1,30.41,34.13,44.55,36.89,48.01,34.13,18.25,34.13,32.57,22.47,47.93,61.85,15.0,23.09,50.0,55.47,47.54,38.9,51.88,33.84,0.0,25.0,32.8,36.67,15.62,38.9,13.0,29.07,9.22
68,33.97,26.57,56.94,30.89,26.42,14.76,38.6,26.57,15.81,29.02,57.43,41.01,3.16,15.56,39.22,41.98,30.89,17.49,29.83,64.2,28.18,24.21,58.94,28.18,14.21,17.49,58.19,48.27,47.52,20.25,58.6,60.02,27.31,34.67,37.12,33.14,41.59,53.76,39.92,18.38,57.01,55.23,23.54,33.62,21.4,55.44,42.54,7.07,54.13,64.88,36.69,38.08,25.5,40.22,51.87,27.31,47.43,70.72,38.08,38.08,13.34,74.33,30.53,37.48,48.76,46.87,58.82,25.0,0.0,57.28,17.89,40.36,14.42,34.41,4.47,34.21
69,23.43,35.34,15.0,29.07,56.61,71.51,82.64,35.34,52.35,80.78,50.92,39.0,60.14,72.84,82.54,49.0,28.65,74.41,66.73,10.05,71.31,59.81,31.06,84.65,71.42,74.41,25.24,10.44,47.38,39.96,20.62,35.51,71.59,61.0,44.1,85.23,48.01,34.54,95.44,66.73,22.47,37.7,78.24,25.94,63.98,5.39,57.04,61.72,18.79,22.2,51.35,76.92,64.26,18.79,24.35,53.45,14.04,18.03,94.64,26.48,51.31,17.2,87.21,67.47,54.45,66.03,10.63,32.8,57.28,0.0,65.0,17.2,71.51,23.85,61.55,23.85
70,43.66,41.01,68.31,43.57,44.29,15.3,21.21,41.01,33.62,15.81,74.53,37.12,18.6,19.65,53.54,33.73,36.36,24.04,13.04,69.81,43.93,41.88,73.33,33.14,17.72,24.04,58.6,57.78,40.02,35.01,71.06,75.06,9.49,52.48,54.13,20.25,58.94,69.01,45.01,33.97,58.26,51.48,32.89,39.12,38.29,61.85,31.02,11.4,56.59,66.71,27.46,53.91,42.64,46.32,52.63,17.72,58.19,75.01,41.11,51.48,13.93,81.02,26.0,21.47,66.41,32.57,69.08,36.67,17.89,65.0,0.0,49.77,21.54,41.18,18.44,44.92
71,6.4,18.68,19.1,12.37,40.61,54.82,68.88,18.68,35.34,65.31,43.42,32.2,43.14,55.9,66.22,41.44,15.0,57.31,53.6,25.63,54.71,43.42,29.55,67.48,54.56,57.31,30.08,8.06,42.06,22.83,23.09,33.12,57.28,46.01,30.81,69.78,35.74,29.21,78.24,49.65,27.51,37.54,61.03,13.15,47.17,16.76,48.51,45.22,23.09,32.14,41.77,61.0,47.8,9.22,25.55,41.05,9.0,33.24,77.47,13.0,35.85,34.41,70.6,56.0,43.46,57.27,19.31,15.62,40.36,17.2,49.77,0.0,54.45,10.05,44.55,6.71
72,48.1,39.12,70.21,44.2,31.02,7.07,37.01,39.12,24.04,23.71,65.19,53.76,11.4,3.16,32.65,53.01,45.28,3.16,34.44,78.6,24.7,27.17,70.38,13.93,4.24,3.16,72.24,62.24,59.01,33.02,71.34,70.84,28.6,37.66,45.89,26.57,49.25,64.51,25.96,15.81,71.18,68.25,11.4,48.02,21.59,69.81,51.79,13.04,68.43,79.16,47.1,34.21,25.96,54.64,65.92,37.12,61.07,85.15,23.71,50.77,25.5,88.62,18.44,42.95,55.01,54.08,72.47,38.9,14.42,71.51,21.54,54.45,0.0,48.83,10.0,48.1
73,7.07,19.65,29.02,14.76,41.11,48.1,59.48,19.65,33.38,56.94,50.93,23.02,37.44,49.82,65.38,31.78,5.1,51.87,43.93,29.83,53.46,43.01,39.22,62.43,48.27,51.87,27.02,17.26,33.02,21.02,33.14,42.54,48.1,47.85,35.36,61.4,40.82,38.08,73.82,46.84,25.02,30.89,56.8,3.16,45.54,21.21,38.6,38.18,21.21,31.78,31.78,61.01,47.1,5.83,21.21,31.14,19.03,36.36,72.4,19.85,27.46,40.36,63.66,46.01,49.09,47.3,28.64,13.0,34.41,23.85,41.18,10.05,48.83,0.0,38.83,9.9
74,38.18,29.97,60.75,34.67,26.57,11.4,38.08,29.97,17.03,27.17,59.08,45.1,1.41,11.4,36.25,45.54,35.36,13.04,31.14,68.6,25.81,23.71,61.98,23.71,10.3,13.04,62.63,52.4,51.24,23.71,62.18,62.82,27.46,34.44,39.01,31.02,43.1,56.52,35.47,15.81,61.47,59.41,19.24,38.08,19.85,59.82,45.54,7.07,58.6,69.35,40.02,35.81,24.21,44.65,56.3,30.36,51.4,75.17,33.62,41.59,17.03,78.64,26.83,39.2,49.82,49.24,62.8,29.07,4.47,61.55,18.44,44.55,10.0,38.83,0.0,38.29
75,2.83,12.17,23.41,6.0,34.23,48.83,64.78,12.17,28.64,60.17,41.04,32.8,36.88,49.68,59.67,41.18,13.42,50.91,50.04,32.31,48.08,36.88,30.59,60.96,48.41,50.91,34.93,14.14,42.8,16.12,26.31,33.53,52.95,40.05,26.0,64.62,31.3,28.64,71.61,42.94,32.56,40.5,54.41,12.81,40.5,23.41,47.54,39.45,28.28,38.0,40.5,54.59,41.23,12.65,29.73,38.21,13.42,39.85,70.94,10.0,31.05,41.05,64.64,53.34,39.45,55.97,24.7,9.22,34.21,23.85,44.92,6.71,48.1,9.9,38.29,0.0
