vehicles
vehicle_idx, capacity, cost_per_unit_distance
1,100,3
2,100,3
3,100,3
4,100,3
5,100,3
6,100,3
7,100,3
8,100,3
9,100,3
10,100,3
depot
node_idx,x,y
0,76,75
home delivery customers
node_idx,x,y,service_time,demand
1,46,5,10,20
2,91,14,10,26
3,70,95,10,17
4,20,0,10,17
5,39,35,10,21
6,61,70,10,26
7,65,85,10,11
8,19,71,10,21
9,36,61,10,12
10,69,50,10,12
11,19,11,10,21
12,41,75,10,16
13,15,91,10,12
14,74,99,10,16
15,55,10,10,2
16,99,91,10,10
17,25,86,10,11
18,75,16,10,1
19,21,85,10,10
20,71,35,10,7
21,60,34,10,17
22,31,41,10,22
self pickup customers
node_idx,x,y,service_time,demand,locker_idxs
23,41,55,10,1,74
24,46,1,10,16,73
25,41,1,10,22,73
26,60,94,10,25,72-66-74-63
27,55,25,10,20,71-73
28,71,41,10,20,71-65
29,100,26,10,5,63
30,40,51,10,5,69-70-68
31,34,50,10,17,69
32,61,54,10,2,68
33,1,40,10,26,64
34,34,36,10,21,67-64
35,100,6,10,6,64
36,75,80,10,21,72-63
37,25,76,10,6,66
38,85,76,10,26,63
39,20,71,10,16,68-74-66
40,94,45,10,5,71
41,40,49,10,17,69-70-68-64
42,56,80,10,6,66-72-74-70-63
flexible customers
node_idx,x,y,service_time,demand,locker_idxs
43,60,14,10,11,73-71-67-65
44,86,31,10,5,71-65
45,21,15,10,15,64
46,95,45,10,22,63
47,16,89,10,2,66
48,80,36,10,12,71-65-67-69
49,61,94,10,15,66-72-74-63
50,51,91,10,12,66-72-74-63
51,76,90,10,17,63
52,35,100,10,15,72-66-74
53,21,11,10,22,64
54,79,81,10,16,63
55,75,14,10,2,71-65-73-67
56,65,54,10,6,70-68-69
57,30,45,10,63,68
58,56,81,10,1,66-74-70-72-63
59,41,44,10,10,67-69-68
60,6,55,10,25,70-64
61,60,54,10,25,69-70-68
62,40,96,10,25,66-74-72
lockers
node_idx,x,y,service_time,capacity,cost_per_unit_good
63,65,88,10,94
64,25,15,10,81
65,62,24,10,76
66,38,88,10,96
67,55,25,10,92
68,46,63,10,84
69,59,46,10,79
70,53,70,10,88
71,69,14,10,70
72,53,88,10,91
73,48,9,10,83
74,42,78,10,98
mrt lines
start_node_idx,end_node_idx,freight_capacity,cost_per_unit_good
distance matrix
,0,1,2,3,4,5,6,7,8,9,10,11,12,13,14,15,16,17,18,19,20,21,22,23,24,25,26,27,28,29,30,31,32,33,34,35,36,37,38,39,40,41,42,43,44,45,46,47,48,49,50,51,52,53,54,55,56,57,58,59,60,61,62,63,64,65,66,67,68,69,70,71,72,73,74,
0,0.0,76.16,62.82,20.88,93.6,54.49,15.81,14.87,57.14,42.38,25.96,85.7,35.0,63.06,24.08,68.31,28.02,52.17,59.01,55.9,40.31,44.01,56.4,40.31,79.85,81.86,24.84,54.23,34.37,54.56,43.27,48.88,25.81,82.76,57.31,73.05,5.1,51.01,9.06,56.14,34.99,44.41,20.62,63.06,45.12,81.39,35.51,61.61,39.2,24.21,29.68,15.0,48.02,84.39,6.71,61.01,23.71,54.92,20.88,46.75,72.8,26.4,41.68,17.03,78.75,52.89,40.16,54.23,32.31,33.62,23.54,61.4,26.42,71.69,34.13
1,76.16,0.0,45.89,93.15,26.48,30.81,66.71,82.23,71.31,56.89,50.54,27.66,70.18,91.42,98.08,10.3,101.02,83.68,31.02,83.82,39.05,32.2,39.0,50.25,4.0,6.4,90.09,21.93,43.83,57.94,46.39,46.57,51.24,57.01,33.24,54.01,80.41,74.04,81.01,70.94,62.48,44.41,75.66,16.64,47.71,26.93,63.25,89.2,46.01,90.26,86.15,90.14,95.63,25.71,82.86,30.36,52.55,43.08,76.66,39.32,64.03,50.96,91.2,85.15,23.26,24.84,83.38,21.93,58.0,43.01,65.38,24.7,83.29,4.47,73.11
2,62.82,45.89,0.0,83.68,72.37,56.08,63.53,75.61,91.83,72.35,42.19,72.06,78.87,108.19,86.68,36.22,77.41,97.67,16.12,99.7,29.0,36.89,65.8,64.66,46.84,51.66,85.8,37.64,33.6,15.0,63.01,67.42,50.0,93.68,61.1,12.04,67.91,90.55,62.29,91.05,31.14,61.85,74.71,31.0,17.72,70.01,31.26,106.07,24.6,85.44,86.77,77.47,102.63,70.06,68.07,16.0,47.71,68.43,75.59,58.31,94.37,50.61,96.57,78.43,66.01,30.68,91.02,37.64,66.53,45.25,67.68,22.0,83.19,43.29,80.6
3,20.88,93.15,83.68,0.0,107.35,67.54,26.57,11.18,56.36,48.08,45.01,98.27,35.23,55.15,5.66,86.31,29.27,45.89,79.16,50.01,60.01,61.81,66.61,49.41,97.02,98.37,10.05,71.59,54.01,75.24,53.25,57.63,41.98,88.24,69.12,93.92,15.81,48.85,24.21,55.46,55.46,54.92,20.52,81.61,65.97,93.81,55.9,54.33,59.84,9.06,19.42,7.81,35.36,97.25,16.64,81.15,41.3,64.03,19.8,58.67,75.47,42.2,30.02,8.6,91.79,71.45,32.76,71.59,40.0,50.22,30.23,81.01,18.38,88.77,32.76
4,93.6,26.48,72.37,107.35,0.0,39.82,81.12,96.18,71.01,63.06,70.01,11.05,77.88,91.14,112.77,36.4,120.51,86.15,57.28,85.01,61.85,52.5,42.45,58.87,26.02,21.02,102.16,43.01,65.44,84.12,54.78,51.92,67.8,44.28,38.63,80.22,97.08,76.16,100.0,71.0,86.61,52.92,87.73,42.38,72.92,15.03,87.46,89.09,69.97,102.55,96.14,106.0,101.12,11.05,100.21,56.75,70.29,46.1,88.64,48.75,56.75,67.2,98.06,98.84,15.81,48.37,89.82,43.01,68.15,60.31,77.39,50.96,93.98,29.41,81.04
5,54.49,30.81,56.08,67.54,39.82,0.0,41.34,56.36,41.18,26.17,33.54,31.24,40.05,60.93,72.95,29.68,82.07,52.89,40.71,53.14,32.0,21.02,10.0,20.1,34.71,34.06,62.63,18.87,32.56,61.66,16.03,15.81,29.07,38.33,5.1,67.54,57.63,43.32,61.62,40.71,55.9,14.04,48.1,29.7,47.17,26.91,56.89,58.69,41.01,62.97,57.27,66.29,65.12,30.0,60.96,41.68,32.2,13.45,49.04,9.22,38.59,28.32,61.01,59.03,24.41,25.5,53.01,18.87,28.86,22.83,37.7,36.62,54.82,27.51,43.1
6,15.81,66.71,63.53,26.57,81.12,41.34,0.0,15.52,42.01,26.57,21.54,72.42,20.62,50.57,31.78,60.3,43.42,39.4,55.79,42.72,36.4,36.01,41.73,25.0,70.61,71.84,24.02,45.4,30.68,58.8,28.32,33.6,16.0,67.08,43.42,74.95,17.2,36.5,24.74,41.01,41.4,29.7,11.18,56.01,46.32,68.01,42.2,48.85,38.95,24.0,23.26,25.0,39.7,71.28,21.1,57.72,16.49,39.82,12.08,32.8,57.01,16.03,33.42,18.44,65.73,46.01,29.21,45.4,16.55,24.08,8.0,56.57,19.7,62.37,20.62
7,14.87,82.23,75.61,11.18,96.18,56.36,15.52,0.0,48.08,37.64,35.23,87.13,26.0,50.36,16.64,75.66,34.53,40.01,69.72,44.0,50.36,51.24,55.61,38.42,86.12,87.36,10.3,60.83,44.41,68.6,42.2,46.75,31.26,78.24,57.98,86.41,11.18,41.0,21.93,47.13,49.41,43.83,10.3,71.18,57.94,82.68,50.0,49.16,51.24,9.85,15.23,12.08,33.54,86.09,14.56,71.7,31.0,53.15,9.85,47.51,66.19,31.4,27.31,3.0,80.62,61.07,27.17,60.83,29.07,39.46,19.21,71.11,12.37,77.88,24.04
8,57.14,71.31,91.83,56.36,71.01,41.18,42.01,48.08,0.0,19.72,54.23,60.0,22.36,20.4,61.72,70.83,82.46,16.16,78.49,14.14,63.25,55.23,32.31,27.2,75.03,73.38,47.01,58.41,60.03,92.66,29.0,25.81,45.31,35.85,38.08,103.86,56.72,7.81,66.19,1.0,79.38,30.41,38.08,70.21,78.03,56.04,80.32,18.25,70.33,47.89,37.74,60.08,33.12,60.03,60.83,79.91,49.04,28.23,38.33,34.83,20.62,44.38,32.65,49.04,56.32,63.7,25.5,58.41,28.16,47.17,34.01,75.82,38.01,68.45,24.04
9,42.38,56.89,72.35,48.08,63.06,26.17,26.57,37.64,19.72,0.0,34.79,52.81,14.87,36.62,53.74,54.42,69.78,27.31,59.55,28.3,43.6,36.12,20.62,7.81,60.83,60.21,40.8,40.71,40.31,72.95,10.77,11.18,25.96,40.82,25.08,84.39,43.38,18.6,51.24,18.87,60.17,12.65,27.59,52.77,58.31,48.38,61.13,34.41,50.61,41.4,33.54,49.41,39.01,52.2,47.42,61.07,29.83,17.09,28.28,17.72,30.59,25.0,35.23,39.62,47.3,45.22,27.07,40.71,10.2,27.46,19.24,57.43,31.91,53.37,18.03
10,25.96,50.54,42.19,45.01,70.01,33.54,21.54,35.23,54.23,34.79,0.0,63.41,37.54,67.8,49.25,42.38,50.8,56.85,34.53,59.41,15.13,18.36,39.05,28.44,54.13,56.44,44.91,28.65,9.22,39.2,29.02,35.0,8.94,68.73,37.7,53.82,30.59,51.11,30.53,53.31,25.5,29.02,32.7,37.11,25.5,59.41,26.48,65.8,17.8,44.72,44.78,40.61,60.46,61.85,32.57,36.5,5.66,39.32,33.62,28.64,63.2,9.85,54.38,38.21,56.22,26.93,49.04,28.65,26.42,10.77,25.61,36.0,41.23,46.07,38.9
11,85.7,27.66,72.06,98.27,11.05,31.24,72.42,87.13,60.0,52.81,63.41,0.0,67.68,80.1,103.77,36.01,113.14,75.24,56.22,74.03,57.27,47.01,32.31,49.19,28.79,24.17,92.57,38.63,60.03,82.38,45.18,41.79,60.11,34.13,29.15,81.15,88.87,65.28,92.63,60.01,82.35,43.42,78.29,41.11,69.92,4.47,83.26,78.06,65.92,93.02,86.16,97.42,90.43,2.0,92.2,56.08,62.97,35.74,79.18,39.66,45.88,59.41,87.56,89.69,7.21,44.92,79.31,38.63,58.59,53.15,68.1,50.09,84.17,29.07,70.84
12,35.0,70.18,78.87,35.23,77.88,40.05,20.62,26.0,22.36,14.87,37.54,67.68,0.0,30.53,40.8,66.49,60.17,19.42,68.1,22.36,50.0,45.19,35.44,20.0,74.17,74.0,26.87,51.92,45.34,76.69,24.02,25.96,29.0,53.15,39.62,90.79,34.37,16.03,44.01,21.38,60.9,26.02,15.81,63.89,62.94,63.25,61.77,28.65,55.15,27.59,18.87,38.08,25.71,67.05,38.47,69.84,31.89,31.95,16.16,31.0,40.31,28.32,21.02,27.29,62.1,55.15,13.34,51.92,13.0,34.13,13.0,67.12,17.69,66.37,3.16
13,63.06,91.42,108.19,55.15,91.14,60.93,50.57,50.36,20.4,36.62,67.8,80.1,30.53,0.0,59.54,90.34,84.0,11.18,96.05,8.49,79.2,72.62,52.5,44.41,95.19,93.68,45.1,77.18,75.07,107.0,47.17,45.19,59.03,52.89,58.19,120.21,61.0,18.03,71.59,20.62,91.42,48.88,42.45,89.19,92.96,76.24,92.28,2.24,85.15,46.1,36.0,61.01,21.93,80.22,64.78,97.62,62.2,48.38,42.2,53.71,37.11,58.26,25.5,50.09,76.66,81.84,23.19,77.18,41.77,62.94,43.42,94.05,38.12,88.39,29.97
14,24.08,98.08,86.68,5.66,112.77,72.95,31.78,16.64,61.72,53.74,49.25,103.77,40.8,59.54,0.0,91.01,26.25,50.7,83.01,54.82,64.07,66.49,72.2,55.0,101.92,103.41,14.87,76.4,58.08,77.49,58.82,63.25,46.84,93.86,74.63,96.57,19.03,54.13,25.5,60.83,57.58,60.46,26.17,86.15,69.05,99.32,57.94,58.86,63.29,13.93,24.35,9.22,39.01,102.73,18.68,85.01,45.89,69.66,25.46,64.14,80.99,47.13,34.13,14.21,97.25,75.95,37.64,76.4,45.61,55.08,35.81,85.15,23.71,93.68,38.28
15,68.31,10.3,36.22,86.31,36.4,29.68,60.3,75.66,70.83,54.42,42.38,36.01,66.49,90.34,91.01,0.0,92.18,81.71,20.88,82.35,29.68,24.52,39.2,47.13,12.73,16.64,84.15,15.0,34.89,47.76,43.66,45.18,44.41,61.77,33.42,45.18,72.8,72.5,72.5,70.33,52.4,41.79,70.01,6.4,37.44,34.37,53.15,88.1,36.07,84.21,81.1,82.71,92.2,34.01,74.95,20.4,45.12,43.01,71.01,36.77,66.53,44.28,87.3,78.64,30.41,15.65,79.83,15.0,53.76,36.22,60.03,14.56,78.03,7.07,69.23
16,28.02,101.02,77.41,29.27,120.51,82.07,43.42,34.53,82.46,69.78,50.8,113.14,60.17,84.0,26.25,92.18,0.0,74.17,78.75,78.23,62.61,69.07,84.4,68.26,104.45,107.07,39.12,79.32,57.31,65.01,71.28,76.85,53.04,110.48,85.15,85.01,26.4,75.5,20.52,81.49,46.27,72.42,44.38,86.31,61.39,108.9,46.17,83.02,58.19,38.12,48.0,23.02,64.63,111.73,22.36,80.65,50.25,82.93,44.15,74.65,99.72,53.76,59.21,34.13,106.08,76.54,61.07,79.32,59.94,60.21,50.57,82.64,46.1,96.57,58.46
17,52.17,83.68,97.67,45.89,86.15,52.89,39.4,40.01,16.16,27.31,56.85,75.24,19.42,11.18,50.7,81.71,74.17,0.0,86.02,4.12,68.68,62.68,45.4,34.89,87.56,86.49,35.9,67.98,64.35,96.05,38.08,37.11,48.17,51.88,50.8,109.66,50.36,10.0,60.83,15.81,80.26,39.92,31.58,80.06,82.13,71.11,81.12,9.49,74.33,36.88,26.48,51.16,17.2,75.11,54.23,87.66,51.22,41.3,31.4,44.94,36.36,47.42,18.03,40.05,71.0,72.2,13.15,67.98,31.14,52.5,32.25,84.38,28.07,80.36,18.79
18,59.01,31.02,16.12,79.16,57.28,40.71,55.79,69.72,78.49,59.55,34.53,56.22,68.1,96.05,83.01,20.88,78.75,86.02,0.0,87.62,19.42,23.43,50.61,51.74,32.65,37.16,79.43,21.93,25.32,26.93,49.5,53.26,40.5,77.79,45.62,26.93,64.0,78.1,60.83,77.78,34.67,48.1,66.76,15.13,18.6,54.01,35.23,93.86,20.62,79.25,78.75,74.01,93.04,54.23,65.12,2.0,39.29,53.54,67.72,44.05,79.26,40.85,87.32,72.69,50.01,15.26,80.95,21.93,55.23,34.0,58.31,6.32,75.29,27.89,70.24
19,55.9,83.82,99.7,50.01,85.01,53.14,42.72,44.0,14.14,28.3,59.41,74.03,22.36,8.49,54.82,82.35,78.23,4.12,87.62,0.0,70.71,64.2,45.12,36.06,87.64,86.35,40.02,68.96,66.6,98.6,38.95,37.34,50.61,49.24,50.7,111.72,54.23,9.85,64.63,14.04,83.24,40.71,35.36,81.01,84.5,70.0,84.12,6.4,76.69,41.0,30.59,55.23,20.52,74.0,58.14,89.2,53.82,41.0,35.23,45.62,33.54,49.82,21.95,44.1,70.11,73.5,17.26,68.96,33.3,54.45,35.34,85.7,32.14,80.65,22.14
20,40.31,39.05,29.0,60.01,61.85,32.0,36.4,50.36,63.25,43.6,15.13,57.27,50.0,79.2,64.07,29.68,62.61,68.68,19.42,70.71,0.0,11.05,40.45,36.06,42.2,45.34,60.02,18.87,6.0,30.36,34.89,39.92,21.47,70.18,37.01,41.01,45.18,61.62,43.32,62.43,25.08,34.01,47.43,23.71,15.52,53.85,26.0,77.08,9.06,59.84,59.46,55.23,74.3,55.46,46.69,21.38,19.92,42.2,48.38,31.32,68.01,21.95,68.43,53.34,50.16,14.21,62.43,18.87,37.54,16.28,39.36,21.1,55.97,34.71,51.87
21,44.01,32.2,36.89,61.81,52.5,21.02,36.01,51.24,55.23,36.12,18.36,47.01,45.19,72.62,66.49,24.52,69.07,62.68,23.43,64.2,11.05,0.0,29.83,28.32,35.85,38.08,60.0,10.3,13.04,40.79,26.25,30.53,20.02,59.3,26.08,48.83,48.38,54.67,48.88,54.49,35.74,25.0,46.17,20.0,26.17,43.38,36.69,70.43,20.1,60.01,57.71,58.24,70.58,45.28,50.7,25.0,20.62,31.95,47.17,21.47,57.94,20.0,65.15,54.23,39.82,10.2,58.31,10.3,32.2,12.04,36.67,21.93,54.45,27.73,47.54
22,56.4,39.0,65.8,66.61,42.45,10.0,41.73,55.61,32.31,20.62,39.05,32.31,35.44,52.5,72.2,39.2,84.4,45.4,50.61,45.12,40.45,29.83,0.0,17.2,42.72,41.23,60.42,28.84,40.0,70.61,13.45,9.49,32.7,30.02,5.83,77.37,58.8,35.51,64.35,31.95,63.13,12.04,46.32,39.62,55.9,27.86,64.12,50.29,49.25,60.9,53.85,66.53,59.14,31.62,62.48,51.62,36.4,4.12,47.17,10.44,28.65,31.78,55.73,58.01,26.68,35.36,47.52,28.84,26.63,28.44,36.4,46.62,51.89,36.24,38.6
23,40.31,50.25,64.66,49.41,58.87,20.1,25.0,38.42,27.2,7.81,28.44,49.19,20.0,44.41,55.0,47.13,68.26,34.89,51.74,36.06,36.06,28.32,17.2,0.0,54.23,54.0,43.38,33.11,33.11,65.74,4.12,8.6,20.02,42.72,20.25,76.69,42.2,26.4,48.75,26.4,53.94,6.08,29.15,45.19,51.0,44.72,54.92,42.2,43.38,43.83,37.36,49.5,45.4,48.33,46.04,53.26,24.02,14.87,30.02,11.0,35.0,19.03,41.01,40.8,43.08,37.44,33.14,33.11,9.43,20.12,19.21,49.65,35.11,46.53,23.02
24,79.85,4.0,46.84,97.02,26.02,34.71,70.61,86.12,75.03,60.83,54.13,28.79,74.17,95.19,101.92,12.73,104.45,87.56,32.65,87.64,42.2,35.85,42.72,54.23,0.0,5.0,94.05,25.63,47.17,59.51,50.36,50.45,55.08,59.55,37.0,54.23,84.15,77.88,84.53,74.67,65.12,48.37,79.63,19.1,50.0,28.65,65.86,92.97,48.8,94.2,90.14,93.92,99.61,26.93,86.54,31.78,56.3,46.82,80.62,43.29,67.2,54.82,95.19,89.05,25.24,28.02,87.37,25.63,62.0,46.84,69.35,26.42,87.28,8.25,77.1
25,81.86,6.4,51.66,98.37,21.02,34.06,71.84,87.36,73.38,60.21,56.44,24.17,74.0,93.68,103.41,16.64,107.07,86.49,37.16,86.35,45.34,38.08,41.23,54.0,5.0,0.0,94.92,27.78,50.0,64.08,50.01,49.5,56.65,55.87,35.69,59.21,86.01,76.69,86.95,73.08,68.88,48.01,80.41,23.02,54.08,24.41,69.66,91.48,52.4,95.13,90.55,95.63,99.18,22.36,88.57,36.4,58.18,45.35,81.39,43.0,64.35,56.3,95.01,90.25,21.26,31.14,87.05,27.78,62.2,48.47,70.04,30.87,87.82,10.63,77.01
26,24.84,90.09,85.8,10.05,102.16,62.63,24.02,10.3,47.01,40.8,44.91,92.57,26.87,45.1,14.87,84.15,39.12,35.9,79.43,40.02,60.02,60.0,60.42,43.38,94.05,94.92,0.0,69.18,54.13,78.89,47.42,51.11,40.01,79.98,63.56,96.66,20.52,39.36,30.81,46.14,59.64,49.24,14.56,80.0,68.15,88.1,60.22,44.28,61.35,1.0,9.49,16.49,25.71,91.71,23.02,81.39,40.31,57.45,13.6,53.49,66.61,40.0,20.1,7.81,86.41,70.03,22.8,69.18,34.01,48.01,25.0,80.5,9.22,85.84,24.08
27,54.23,21.93,37.64,71.59,43.01,18.87,45.4,60.83,58.41,40.71,28.65,38.63,51.92,77.18,76.4,15.0,79.32,67.98,21.93,68.96,18.87,10.3,28.84,33.11,25.63,27.78,69.18,0.0,22.63,45.01,30.02,32.65,29.61,56.04,23.71,48.85,58.52,59.17,59.17,57.8,43.83,28.3,55.01,12.08,31.58,35.44,44.72,74.95,27.31,69.26,66.12,68.31,77.62,36.77,60.93,22.83,30.68,32.02,56.01,23.6,57.45,29.43,72.57,63.79,31.62,7.07,65.25,0.0,39.05,21.38,45.04,17.8,63.03,17.46,54.57
28,34.37,43.83,33.6,54.01,65.44,32.56,30.68,44.41,60.03,40.31,9.22,60.03,45.34,75.07,58.08,34.89,57.31,64.35,25.32,66.6,6.0,13.04,40.0,33.11,47.17,50.0,54.13,22.63,0.0,32.65,32.57,38.08,16.4,70.01,37.34,45.45,39.2,57.8,37.7,59.17,23.35,32.02,41.79,29.15,18.03,56.36,24.33,73.0,10.3,53.94,53.85,49.25,69.12,58.31,40.79,27.29,14.32,41.19,42.72,30.15,66.49,17.03,63.13,47.38,52.84,19.24,57.43,22.63,33.3,13.0,34.13,27.07,50.33,39.41,47.01
29,54.56,57.94,15.0,75.24,84.12,61.66,58.8,68.6,92.66,72.95,39.2,82.38,76.69,107.0,77.49,47.76,65.01,96.05,26.93,98.6,30.36,40.79,70.61,65.74,59.51,64.08,78.89,45.01,32.65,0.0,65.0,70.23,48.01,99.98,66.75,20.0,59.51,90.14,52.2,91.79,19.92,64.26,69.66,41.76,14.87,79.76,19.65,105.0,22.36,78.39,81.4,68.35,98.49,80.41,58.87,27.73,44.82,72.53,70.43,61.68,98.37,48.83,92.2,71.2,75.8,38.05,87.68,45.01,65.46,45.62,64.38,33.24,77.8,54.71,77.9
30,43.27,46.39,63.01,53.25,54.78,16.03,28.32,42.2,29.0,10.77,29.02,45.18,24.02,47.17,58.82,43.66,71.28,38.08,49.5,38.95,34.89,26.25,13.45,4.12,50.36,50.01,47.42,30.02,32.57,65.0,0.0,6.08,21.21,40.52,16.16,75.0,45.45,29.15,51.48,28.28,54.33,2.0,33.12,42.06,50.16,40.71,55.33,44.94,42.72,47.85,41.48,53.08,49.25,44.28,49.2,50.93,25.18,11.66,34.0,7.07,34.23,20.22,45.0,44.65,39.0,34.83,37.05,30.02,13.42,19.65,23.02,47.01,39.22,42.76,27.07
31,48.88,46.57,67.42,57.63,51.92,15.81,33.6,46.75,25.81,11.18,35.0,41.79,25.96,45.19,63.25,45.18,76.85,37.11,53.26,37.34,39.92,30.53,9.49,8.6,50.45,49.5,51.11,32.65,38.08,70.23,6.08,0.0,27.29,34.48,14.0,79.32,50.8,27.51,57.25,25.24,60.21,6.08,37.2,44.41,55.36,37.34,61.2,42.95,48.08,51.62,44.38,58.0,50.01,41.11,54.64,54.56,31.26,6.4,38.01,9.22,28.44,26.31,46.39,49.04,36.14,38.21,38.21,32.65,17.69,25.32,27.59,50.21,42.49,43.32,29.12
32,25.81,51.24,50.0,41.98,67.8,29.07,16.0,31.26,45.31,25.96,8.94,60.11,29.0,59.03,46.84,44.41,53.04,48.17,40.5,50.61,21.47,20.02,32.7,20.02,55.08,56.65,40.01,29.61,16.4,48.01,21.21,27.29,0.0,61.61,32.45,61.85,29.53,42.19,32.56,44.38,34.21,21.59,26.48,40.01,33.97,55.87,35.17,57.01,26.17,40.0,38.33,39.0,52.84,58.73,32.45,42.38,4.0,32.28,27.46,22.36,55.01,1.0,46.96,34.23,53.08,30.02,41.05,29.61,17.49,8.25,17.89,40.79,34.93,46.84,30.61
33,82.76,57.01,93.68,88.24,44.28,38.33,67.08,78.24,35.85,40.82,68.73,34.13,53.15,52.89,93.86,61.77,110.48,51.88,77.79,49.24,70.18,59.3,30.02,42.72,59.55,55.87,79.98,56.04,70.01,99.98,40.52,34.48,61.61,0.0,33.24,104.68,84.12,43.27,91.39,36.36,93.13,40.02,68.01,64.47,85.48,32.02,94.13,51.24,79.1,80.72,71.42,90.14,68.96,35.23,88.12,78.43,65.51,29.43,68.6,40.2,15.81,60.64,68.24,80.0,34.66,63.06,60.61,56.04,50.54,58.31,60.03,72.8,70.77,56.3,55.9
34,57.31,33.24,61.1,69.12,38.63,5.1,43.42,57.98,38.08,25.08,37.7,29.15,39.62,58.19,74.63,33.42,85.15,50.8,45.62,50.7,37.01,26.08,5.83,20.25,37.0,35.69,63.56,23.71,37.34,66.75,16.16,14.0,32.45,33.24,0.0,72.5,60.14,41.0,64.82,37.7,60.67,14.32,49.19,34.06,52.24,24.7,61.66,55.97,46.0,63.98,57.57,68.41,64.01,28.18,63.64,46.53,35.85,9.85,50.09,10.63,33.84,31.62,60.3,60.54,22.85,30.46,52.15,23.71,29.55,26.93,38.95,41.34,55.36,30.41,42.76
35,73.05,54.01,12.04,93.92,80.22,67.54,74.95,86.41,103.86,84.39,53.82,81.15,90.79,120.21,96.57,45.18,85.01,109.66,26.93,111.72,41.01,48.83,77.37,76.69,54.23,59.21,96.66,48.85,45.45,20.0,75.0,79.32,61.85,104.68,72.5,0.0,78.11,102.59,71.59,103.08,39.46,73.82,86.09,40.79,28.65,79.51,39.32,118.09,36.06,96.25,98.11,87.36,114.28,79.16,77.88,26.25,59.41,80.13,86.95,70.18,106.0,62.48,108.17,89.16,75.54,42.05,102.8,48.85,78.52,57.28,79.4,32.02,94.51,52.09,92.46
36,5.1,80.41,67.91,15.81,97.08,57.63,17.2,11.18,56.72,43.38,30.59,88.87,34.37,61.0,19.03,72.8,26.4,50.36,64.0,54.23,45.18,48.38,58.8,42.2,84.15,86.01,20.52,58.52,39.2,59.51,45.45,50.8,29.53,84.12,60.14,78.11,0.0,50.16,10.77,55.73,39.82,46.75,19.0,67.68,50.22,84.5,40.31,59.68,44.28,19.8,26.4,10.05,44.72,87.62,4.12,66.0,27.86,57.01,19.03,49.52,73.39,30.02,38.48,12.81,82.01,57.49,37.85,58.52,33.62,37.58,24.17,66.27,23.41,75.96,33.06
37,51.01,74.04,90.55,48.85,76.16,43.32,36.5,41.0,7.81,18.6,51.11,65.28,16.03,18.03,54.13,72.5,75.5,10.0,78.1,9.85,61.62,54.67,35.51,26.4,77.88,76.69,39.36,59.17,57.8,90.14,29.15,27.51,42.19,43.27,41.0,102.59,50.16,0.0,60.0,7.07,75.64,30.89,31.26,71.2,75.8,61.13,76.56,15.81,68.01,40.25,30.02,52.89,26.0,65.12,54.23,79.65,45.65,31.4,31.4,35.78,28.32,41.34,25.0,41.76,61.0,63.82,17.69,59.17,24.7,45.34,28.64,76.03,30.46,70.84,17.12
38,9.06,81.01,62.29,24.21,100.0,61.62,24.74,21.93,66.19,51.24,30.53,92.63,44.01,71.59,25.5,72.5,20.52,60.83,60.83,64.63,43.32,48.88,64.35,48.75,84.53,86.95,30.81,59.17,37.7,52.2,51.48,57.25,32.56,91.39,64.82,71.59,10.77,60.0,0.0,65.19,32.28,52.48,29.27,66.85,45.01,88.41,32.57,70.21,40.31,30.0,37.16,16.64,55.46,91.22,7.81,62.8,29.73,63.13,29.43,54.41,81.74,33.3,49.24,23.32,85.56,56.86,48.51,59.17,41.11,39.7,32.56,64.03,34.18,76.54,43.05
39,56.14,70.94,91.05,55.46,71.0,40.71,41.01,47.13,1.0,18.87,53.31,60.01,21.38,20.62,60.83,70.33,81.49,15.81,77.78,14.04,62.43,54.49,31.95,26.4,74.67,73.08,46.14,57.8,59.17,91.79,28.28,25.24,44.38,36.36,37.7,103.08,55.73,7.07,65.19,0.0,78.43,29.73,37.11,69.63,77.18,56.01,79.38,18.44,69.46,47.01,36.89,59.14,32.65,60.01,59.84,79.21,48.1,27.86,37.36,34.21,21.26,43.46,32.02,48.1,56.22,63.03,24.76,57.8,27.2,46.32,33.02,75.17,37.12,68.03,23.09
40,34.99,62.48,31.14,55.46,86.61,55.9,41.4,49.41,79.38,60.17,25.5,82.35,60.9,91.42,57.58,52.4,46.27,80.26,34.67,83.24,25.08,35.74,63.13,53.94,65.12,68.88,59.64,43.83,23.35,19.92,54.33,60.21,34.21,93.13,60.67,39.46,39.82,75.64,32.28,78.43,0.0,54.15,51.66,46.01,16.12,78.92,1.0,89.55,16.64,59.08,62.97,48.47,80.66,80.53,39.0,36.36,30.36,64.0,52.35,53.01,88.57,35.17,74.28,51.87,75.24,38.28,70.6,43.83,51.26,35.01,48.02,39.82,59.41,58.41,61.59
41,44.41,44.41,61.85,54.92,52.92,14.04,29.7,43.83,30.41,12.65,29.02,43.42,26.02,48.88,60.46,41.79,72.42,39.92,48.1,40.71,34.01,25.0,12.04,6.08,48.37,48.01,49.24,28.3,32.02,64.26,2.0,6.08,21.59,40.02,14.32,73.82,46.75,30.89,52.48,29.73,54.15,0.0,34.89,40.31,49.4,38.95,55.15,46.65,42.06,49.66,43.42,54.56,51.24,42.49,50.45,49.5,25.5,10.77,35.78,5.1,34.53,20.62,47.0,46.32,37.16,33.3,39.05,28.3,15.23,19.24,24.7,45.45,41.11,40.79,29.07
42,20.62,75.66,74.71,20.52,87.73,48.1,11.18,10.3,38.08,27.59,32.7,78.29,15.81,42.45,26.17,70.01,44.38,31.58,66.76,35.36,47.43,46.17,46.32,29.15,79.63,80.41,14.56,55.01,41.79,69.66,33.12,37.2,26.48,68.01,49.19,86.09,19.0,31.26,29.27,37.11,51.66,34.89,0.0,66.12,57.45,73.82,52.4,41.0,50.12,14.87,12.08,22.36,29.0,77.37,23.02,68.68,27.51,43.6,1.0,39.0,55.9,26.31,22.63,12.04,72.01,56.32,19.7,55.01,19.72,34.13,10.44,67.27,8.54,71.45,14.14
43,63.06,16.64,31.0,81.61,42.38,29.7,56.01,71.18,70.21,52.77,37.11,41.11,63.89,89.19,86.15,6.4,86.31,80.06,15.13,81.01,23.71,20.0,39.62,45.19,19.1,23.02,80.0,12.08,29.15,41.76,42.06,44.41,40.01,64.47,34.06,40.79,67.68,71.2,66.85,69.63,46.01,40.31,66.12,0.0,31.06,39.01,46.75,86.95,29.73,80.01,77.52,77.67,89.56,39.12,69.64,15.0,40.31,43.14,67.12,35.51,67.8,40.0,84.4,74.17,35.01,10.2,77.2,12.08,50.96,32.02,56.44,9.0,74.33,13.0,66.48
44,45.12,47.71,17.72,65.97,72.92,47.17,46.32,57.94,78.03,58.31,25.5,69.92,62.94,92.96,69.05,37.44,61.39,82.13,18.6,84.5,15.52,26.17,55.9,51.0,50.0,54.08,68.15,31.58,18.03,14.87,50.16,55.36,33.97,85.48,52.24,28.65,50.22,75.8,45.01,77.18,16.12,49.4,57.45,31.06,0.0,66.94,16.64,90.91,7.81,67.78,69.46,59.84,85.8,68.01,50.49,20.25,31.14,57.72,58.31,46.84,83.52,34.71,79.63,60.75,63.06,25.0,74.52,31.58,51.22,30.89,51.09,24.04,65.86,43.91,64.38
45,81.39,26.93,70.01,93.81,15.03,26.91,68.01,82.68,56.04,48.38,59.41,4.47,63.25,76.24,99.32,34.37,108.9,71.11,54.01,70.0,53.85,43.38,27.86,44.72,28.65,24.41,88.1,35.44,56.36,79.76,40.71,37.34,55.87,32.02,24.7,79.51,84.5,61.13,88.41,56.01,78.92,38.95,73.82,39.01,66.94,0.0,79.85,74.17,62.63,88.55,81.71,93.01,86.15,4.0,87.86,54.01,58.8,31.32,74.71,35.23,42.72,55.15,83.2,85.23,4.0,41.98,74.95,35.44,54.12,49.04,63.63,48.01,79.71,27.66,66.41
46,35.51,63.25,31.26,55.9,87.46,56.89,42.2,50.0,80.32,61.13,26.48,83.26,61.77,92.28,57.94,53.15,46.17,81.12,35.23,84.12,26.0,36.69,64.12,54.92,65.86,69.66,60.22,44.72,24.33,19.65,55.33,61.2,35.17,94.13,61.66,39.32,40.31,76.56,32.57,79.38,1.0,55.15,52.4,46.75,16.64,79.85,0.0,90.43,17.49,59.64,63.66,48.85,81.39,81.44,39.4,36.89,31.32,65.0,53.08,54.01,89.56,36.14,75.01,52.43,76.16,39.12,71.4,44.72,52.2,36.01,48.88,40.46,60.11,59.2,62.43
47,61.61,89.2,106.07,54.33,89.09,58.69,48.85,49.16,18.25,34.41,65.8,78.06,28.65,2.24,58.86,88.1,83.02,9.49,93.86,6.4,77.08,70.43,50.29,42.2,92.97,91.48,44.28,74.95,73.0,105.0,44.94,42.95,57.01,51.24,55.97,118.09,59.68,15.81,70.21,18.44,89.55,46.65,41.0,86.95,90.91,74.17,90.43,0.0,83.1,45.28,35.06,60.01,21.95,78.16,63.51,95.43,60.22,46.17,40.79,51.48,35.44,56.22,25.0,49.01,74.55,79.63,22.02,74.95,39.7,60.81,41.59,91.84,37.01,86.16,28.23
48,39.2,46.01,24.6,59.84,69.97,41.01,38.95,51.24,70.33,50.61,17.8,65.92,55.15,85.15,63.29,36.07,58.19,74.33,20.62,76.69,9.06,20.1,49.25,43.38,48.8,52.4,61.35,27.31,10.3,22.36,42.72,48.08,26.17,79.1,46.0,36.06,44.28,68.01,40.31,69.46,16.64,42.06,50.12,29.73,7.81,62.63,17.49,83.1,0.0,61.03,62.18,54.15,78.24,64.08,45.01,22.56,23.43,50.8,51.0,39.81,76.4,26.91,72.11,54.12,58.87,21.63,66.84,27.31,43.42,23.26,43.42,24.6,58.59,41.87,56.64
49,24.21,90.26,85.44,9.06,102.55,62.97,24.0,9.85,47.89,41.4,44.72,93.02,27.59,46.1,13.93,84.21,38.12,36.88,79.25,41.0,59.84,60.01,60.9,43.83,94.2,95.13,1.0,69.26,53.94,78.39,47.85,51.62,40.0,80.72,63.98,96.25,19.8,40.25,30.0,47.01,59.08,49.66,14.87,80.01,67.78,88.55,59.64,45.28,61.03,0.0,10.44,15.52,26.68,92.14,22.2,81.22,40.2,57.98,13.93,53.85,67.42,40.01,21.1,7.21,86.82,70.01,23.77,69.26,34.44,48.04,25.3,80.4,10.0,85.99,24.84
50,29.68,86.15,86.77,19.42,96.14,57.27,23.26,15.23,37.74,33.54,44.78,86.16,18.87,36.0,24.35,81.1,48.0,26.48,78.75,30.59,59.46,57.71,53.85,37.36,90.14,90.55,9.49,66.12,53.85,81.4,41.48,44.38,38.33,71.42,57.57,98.11,26.4,30.02,37.16,36.89,62.97,43.42,12.08,77.52,69.46,81.71,63.66,35.06,62.18,10.44,0.0,25.02,18.36,85.44,29.73,80.65,39.56,50.57,11.18,48.05,57.63,38.08,12.08,14.32,80.32,67.9,13.34,66.12,28.44,45.71,21.1,79.08,3.61,82.05,15.81
51,15.0,90.14,77.47,7.81,106.0,66.29,25.0,12.08,60.08,49.41,40.61,97.42,38.08,61.01,9.22,82.71,23.02,51.16,74.01,55.23,55.23,58.24,66.53,49.5,93.92,95.63,16.49,68.31,49.25,68.35,53.08,58.0,39.0,90.14,68.41,87.36,10.05,52.89,16.64,59.14,48.47,54.56,22.36,77.67,59.84,93.01,48.85,60.01,54.15,15.52,25.02,0.0,42.2,96.26,9.49,76.01,37.64,64.35,21.93,57.8,78.26,39.4,36.5,11.18,90.7,67.47,38.05,68.31,40.36,47.17,30.48,76.32,23.09,85.7,36.06
52,48.02,95.63,102.63,35.36,101.12,65.12,39.7,33.54,33.12,39.01,60.46,90.43,25.71,21.93,39.01,92.2,64.63,17.2,93.04,20.52,74.3,70.58,59.14,45.4,99.61,99.18,25.71,77.62,69.12,98.49,49.25,50.01,52.84,68.96,64.01,114.28,44.72,26.0,55.46,32.65,80.66,51.24,29.0,89.56,85.8,86.15,81.39,21.95,78.24,26.68,18.36,42.2,0.0,90.09,47.93,94.85,54.92,55.23,28.32,56.32,53.54,52.35,6.4,32.31,85.59,80.65,12.37,77.62,38.6,59.09,34.99,92.48,21.63,91.92,23.09
53,84.39,25.71,70.06,97.25,11.05,30.0,71.28,86.09,60.03,52.2,61.85,2.0,67.05,80.22,102.73,34.01,111.73,75.11,54.23,74.0,55.46,45.28,31.62,48.33,26.93,22.36,91.71,36.77,58.31,80.41,44.28,41.11,58.73,35.23,28.18,79.16,87.62,65.12,91.22,60.01,80.53,42.49,77.37,39.12,68.01,4.0,81.44,78.16,64.08,92.14,85.44,96.26,90.09,0.0,90.91,54.08,61.52,35.17,78.26,38.59,46.49,58.05,87.1,88.68,5.66,43.01,78.85,36.77,57.7,51.66,67.12,48.09,83.38,27.07,70.21
54,6.71,82.86,68.07,16.64,100.21,60.96,21.1,14.56,60.83,47.42,32.57,92.2,38.47,64.78,18.68,74.95,22.36,54.23,65.12,58.14,46.69,50.7,62.48,46.04,86.54,88.57,23.02,60.93,40.79,58.87,49.2,54.64,32.45,88.12,63.64,77.88,4.12,54.23,7.81,59.84,39.0,50.45,23.02,69.64,50.49,87.86,39.4,63.51,45.01,22.2,29.73,9.49,47.93,90.91,0.0,67.12,30.41,60.8,23.0,53.04,77.49,33.02,41.79,15.65,85.28,59.48,41.59,60.93,37.59,40.31,28.23,67.74,26.93,78.39,37.12
55,61.01,30.36,16.0,81.15,56.75,41.68,57.72,71.7,79.91,61.07,36.5,56.08,69.84,97.62,85.01,20.4,80.65,87.66,2.0,89.2,21.38,25.0,51.62,53.26,31.78,36.4,81.39,22.83,27.29,27.73,50.93,54.56,42.38,78.43,46.53,26.25,66.0,79.65,62.8,79.21,36.36,49.5,68.68,15.0,20.25,54.01,36.89,95.43,22.56,81.22,80.65,76.01,94.85,54.08,67.12,0.0,41.23,54.64,69.64,45.34,80.26,42.72,89.16,74.67,50.01,16.4,82.73,22.83,56.94,35.78,60.17,6.0,77.2,27.46,72.01
56,23.71,52.55,47.71,41.3,70.29,32.2,16.49,31.0,49.04,29.83,5.66,62.97,31.89,62.2,45.89,45.12,50.25,51.22,39.29,53.82,19.92,20.62,36.4,24.02,56.3,58.18,40.31,30.68,14.32,44.82,25.18,31.26,4.0,65.51,35.85,59.41,27.86,45.65,29.73,48.1,30.36,25.5,27.51,40.31,31.14,58.8,31.32,60.22,23.43,40.2,39.56,37.64,54.92,61.52,30.41,41.23,0.0,36.14,28.46,26.0,59.01,5.0,48.88,34.0,55.87,30.15,43.42,30.68,21.02,10.0,20.0,40.2,36.06,48.1,33.24
57,54.92,43.08,68.43,64.03,46.1,13.45,39.82,53.15,28.23,17.09,39.32,35.74,31.95,48.38,69.66,43.01,82.93,41.3,53.54,41.0,42.2,31.95,4.12,14.87,46.82,45.35,57.45,32.02,41.19,72.53,11.66,6.4,32.28,29.43,9.85,80.13,57.01,31.4,63.13,27.86,64.0,10.77,43.6,43.14,57.72,31.32,65.0,46.17,50.8,57.98,50.57,64.35,55.23,35.17,60.8,54.64,36.14,0.0,44.41,11.05,26.0,31.32,51.97,55.44,30.41,38.28,43.74,32.02,24.08,29.02,33.97,49.82,48.76,40.25,35.11
58,20.88,76.66,75.59,19.8,88.64,49.04,12.08,9.85,38.33,28.28,33.62,79.18,16.16,42.2,25.46,71.01,44.15,31.4,67.72,35.23,48.38,47.17,47.17,30.02,80.62,81.39,13.6,56.01,42.72,70.43,34.0,38.01,27.46,68.6,50.09,86.95,19.03,31.4,29.43,37.36,52.35,35.78,1.0,67.12,58.31,74.71,53.08,40.79,51.0,13.93,11.18,21.93,28.32,78.26,23.0,69.64,28.46,44.41,0.0,39.92,56.36,27.29,21.93,11.4,72.92,57.31,19.31,56.01,20.59,35.13,11.4,68.25,7.62,72.44,14.32
59,46.75,39.32,58.31,58.67,48.75,9.22,32.8,47.51,34.83,17.72,28.64,39.66,31.0,53.71,64.14,36.77,74.65,44.94,44.05,45.62,31.32,21.47,10.44,11.0,43.29,43.0,53.49,23.6,30.15,61.68,7.07,9.22,22.36,40.2,10.63,70.18,49.52,35.78,54.41,34.21,53.01,5.1,39.0,35.51,46.84,35.23,54.01,51.48,39.81,53.85,48.05,57.8,56.32,38.59,53.04,45.34,26.0,11.05,39.92,0.0,36.69,21.47,52.01,50.12,33.12,29.0,44.1,23.6,19.65,18.11,28.64,41.04,45.61,35.69,34.01
60,72.8,64.03,94.37,75.47,56.75,38.59,57.01,66.19,20.62,30.59,63.2,45.88,40.31,37.11,80.99,66.53,99.72,36.36,79.26,33.54,68.01,57.94,28.65,35.0,67.2,64.35,66.61,57.45,66.49,98.37,34.23,28.44,55.01,15.81,33.84,106.0,73.39,28.32,81.74,21.26,88.57,34.53,55.9,67.8,83.52,42.72,89.56,35.44,76.4,67.42,57.63,78.26,53.54,46.49,77.49,80.26,59.01,26.0,56.36,36.69,0.0,54.01,53.26,67.6,44.28,64.01,45.97,57.45,40.79,53.76,49.34,75.17,57.43,62.29,42.72
61,26.4,50.96,50.61,42.2,67.2,28.32,16.03,31.4,44.38,25.0,9.85,59.41,28.32,58.26,47.13,44.28,53.76,47.42,40.85,49.82,21.95,20.0,31.78,19.03,54.82,56.3,40.0,29.43,17.03,48.83,20.22,26.31,1.0,60.64,31.62,62.48,30.02,41.34,33.3,43.46,35.17,20.62,26.31,40.0,34.71,55.15,36.14,56.22,26.91,40.01,38.08,39.4,52.35,58.05,33.02,42.72,5.0,31.32,27.29,21.47,54.01,0.0,46.52,34.37,52.4,30.07,40.5,29.43,16.64,8.06,17.46,41.0,34.71,46.57,30.0
62,41.68,91.2,96.57,30.02,98.06,61.01,33.42,27.31,32.65,35.23,54.38,87.56,21.02,25.5,34.13,87.3,59.21,18.03,87.32,21.95,68.43,65.15,55.73,41.01,95.19,95.01,20.1,72.57,63.13,92.2,45.0,46.39,46.96,68.24,60.3,108.17,38.48,25.0,49.24,32.02,74.28,47.0,22.63,84.4,79.63,83.2,75.01,25.0,72.11,21.1,12.08,36.5,6.4,87.1,41.79,89.16,48.88,51.97,21.93,52.01,53.26,46.52,0.0,26.25,82.38,75.29,8.25,72.57,33.54,53.49,29.07,86.98,15.26,87.37,18.11
63,17.03,85.15,78.43,8.6,98.84,59.03,18.44,3.0,49.04,39.62,38.21,89.69,27.29,50.09,14.21,78.64,34.13,40.05,72.69,44.1,53.34,54.23,58.01,40.8,89.05,90.25,7.81,63.79,47.38,71.2,44.65,49.04,34.23,80.0,60.54,89.16,12.81,41.76,23.32,48.1,51.87,46.32,12.04,74.17,60.75,85.23,52.43,49.01,54.12,7.21,14.32,11.18,32.31,88.68,15.65,74.67,34.0,55.44,11.4,50.12,67.6,34.37,26.25,0.0,83.24,64.07,27.0,63.79,31.4,42.43,21.63,74.11,12.0,80.81,25.08
64,78.75,23.26,66.01,91.79,15.81,24.41,65.73,80.62,56.32,47.3,56.22,7.21,62.1,76.66,97.25,30.41,106.08,71.0,50.01,70.11,50.16,39.82,26.68,43.08,25.24,21.26,86.41,31.62,52.84,75.8,39.0,36.14,53.08,34.66,22.85,75.54,82.01,61.0,85.56,56.22,75.24,37.16,72.01,35.01,63.06,4.0,76.16,74.55,58.87,86.82,80.32,90.7,85.59,5.66,85.28,50.01,55.87,30.41,72.92,33.12,44.28,52.4,82.38,83.24,0.0,38.08,74.15,31.62,52.39,46.01,61.72,44.01,78.19,23.77,65.25
65,52.89,24.84,30.68,71.45,48.37,25.5,46.01,61.07,63.7,45.22,26.93,44.92,55.15,81.84,75.95,15.65,76.54,72.2,15.26,73.5,14.21,10.2,35.36,37.44,28.02,31.14,70.03,7.07,19.24,38.05,34.83,38.21,30.02,63.06,30.46,42.05,57.49,63.82,56.86,63.03,38.28,33.3,56.32,10.2,25.0,41.98,39.12,79.63,21.63,70.01,67.9,67.47,80.65,43.01,59.48,16.4,30.15,38.28,57.31,29.0,64.01,30.07,75.29,64.07,38.08,0.0,68.35,7.07,42.15,22.2,46.87,12.21,64.63,20.52,57.58
66,40.16,83.38,91.02,32.76,89.82,53.01,29.21,27.17,25.5,27.07,49.04,79.31,13.34,23.19,37.64,79.83,61.07,13.15,80.95,17.26,62.43,58.31,47.52,33.14,87.37,87.05,22.8,65.25,57.43,87.68,37.05,38.21,41.05,60.61,52.15,102.8,37.85,17.69,48.51,24.76,70.6,39.05,19.7,77.2,74.52,74.95,71.4,22.02,66.84,23.77,13.34,38.05,12.37,78.85,41.59,82.73,43.42,43.74,19.31,44.1,45.97,40.5,8.25,27.0,74.15,68.35,0.0,65.25,26.25,46.96,23.43,80.23,15.0,79.63,10.77
67,54.23,21.93,37.64,71.59,43.01,18.87,45.4,60.83,58.41,40.71,28.65,38.63,51.92,77.18,76.4,15.0,79.32,67.98,21.93,68.96,18.87,10.3,28.84,33.11,25.63,27.78,69.18,0.0,22.63,45.01,30.02,32.65,29.61,56.04,23.71,48.85,58.52,59.17,59.17,57.8,43.83,28.3,55.01,12.08,31.58,35.44,44.72,74.95,27.31,69.26,66.12,68.31,77.62,36.77,60.93,22.83,30.68,32.02,56.01,23.6,57.45,29.43,72.57,63.79,31.62,7.07,65.25,0.0,39.05,21.38,45.04,17.8,63.03,17.46,54.57
68,32.31,58.0,66.53,40.0,68.15,28.86,16.55,29.07,28.16,10.2,26.42,58.59,13.0,41.77,45.61,53.76,59.94,31.14,55.23,33.3,37.54,32.2,26.63,9.43,62.0,62.2,34.01,39.05,33.3,65.46,13.42,17.69,17.49,50.54,29.55,78.52,33.62,24.7,41.11,27.2,51.26,15.23,19.72,50.96,51.22,54.12,52.2,39.7,43.42,34.44,28.44,40.36,38.6,57.7,37.59,56.94,21.02,24.08,20.59,19.65,40.79,16.64,33.54,31.4,52.39,42.15,26.25,39.05,0.0,21.4,9.9,54.13,25.96,54.04,15.52
69,33.62,43.01,45.25,50.22,60.31,22.83,24.08,39.46,47.17,27.46,10.77,53.15,34.13,62.94,55.08,36.22,60.21,52.5,34.0,54.45,16.28,12.04,28.44,20.12,46.84,48.47,48.01,21.38,13.0,45.62,19.65,25.32,8.25,58.31,26.93,57.28,37.58,45.34,39.7,46.32,35.01,19.24,34.13,32.02,30.89,49.04,36.01,60.81,23.26,48.04,45.71,47.17,59.09,51.66,40.31,35.78,10.0,29.02,35.13,18.11,53.76,8.06,53.49,42.43,46.01,22.2,46.96,21.38,21.4,0.0,24.74,33.53,42.43,38.6,36.24
70,23.54,65.38,67.68,30.23,77.39,37.7,8.0,19.21,34.01,19.24,25.61,68.1,13.0,43.42,35.81,60.03,50.57,32.25,58.31,35.34,39.36,36.67,36.4,19.21,69.35,70.04,25.0,45.04,34.13,64.38,23.02,27.59,17.89,60.03,38.95,79.4,24.17,28.64,32.56,33.02,48.02,24.7,10.44,56.44,51.09,63.63,48.88,41.59,43.42,25.3,21.1,30.48,34.99,67.12,28.23,60.17,20.0,33.97,11.4,28.64,49.34,17.46,29.07,21.63,61.72,46.87,23.43,45.04,9.9,24.74,0.0,58.24,18.0,61.2,13.6
71,61.4,24.7,22.0,81.01,50.96,36.62,56.57,71.11,75.82,57.43,36.0,50.09,67.12,94.05,85.15,14.56,82.64,84.38,6.32,85.7,21.1,21.93,46.62,49.65,26.42,30.87,80.5,17.8,27.07,33.24,47.01,50.21,40.79,72.8,41.34,32.02,66.27,76.03,64.03,75.17,39.82,45.45,67.27,9.0,24.04,48.01,40.46,91.84,24.6,80.4,79.08,76.32,92.48,48.09,67.74,6.0,40.2,49.82,68.25,41.04,75.17,41.0,86.98,74.11,44.01,12.21,80.23,17.8,54.13,33.53,58.24,0.0,75.71,21.59,69.46
72,26.42,83.29,83.19,18.38,93.98,54.82,19.7,12.37,38.01,31.91,41.23,84.17,17.69,38.12,23.71,78.03,46.1,28.07,75.29,32.14,55.97,54.45,51.89,35.11,87.28,87.82,9.22,63.03,50.33,77.8,39.22,42.49,34.93,70.77,55.36,94.51,23.41,30.46,34.18,37.12,59.41,41.11,8.54,74.33,65.86,79.71,60.11,37.01,58.59,10.0,3.61,23.09,21.63,83.38,26.93,77.2,36.06,48.76,7.62,45.61,57.43,34.71,15.26,12.0,78.19,64.63,15.0,63.03,25.96,42.43,18.0,75.71,0.0,79.16,14.87
73,71.69,4.47,43.29,88.77,29.41,27.51,62.37,77.88,68.45,53.37,46.07,29.07,66.37,88.39,93.68,7.07,96.57,80.36,27.89,80.65,34.71,27.73,36.24,46.53,8.25,10.63,85.84,17.46,39.41,54.71,42.76,43.32,46.84,56.3,30.41,52.09,75.96,70.84,76.54,68.03,58.41,40.79,71.45,13.0,43.91,27.66,59.2,86.16,41.87,85.99,82.05,85.7,91.92,27.07,78.39,27.46,48.1,40.25,72.44,35.69,62.29,46.57,87.37,80.81,23.77,20.52,79.63,17.46,54.04,38.6,61.2,21.59,79.16,0.0,69.26
74,34.13,73.11,80.6,32.76,81.04,43.1,20.62,24.04,24.04,18.03,38.9,70.84,3.16,29.97,38.28,69.23,58.46,18.79,70.24,22.14,51.87,47.54,38.6,23.02,77.1,77.01,24.08,54.57,47.01,77.9,27.07,29.12,30.61,55.9,42.76,92.46,33.06,17.12,43.05,23.09,61.59,29.07,14.14,66.48,64.38,66.41,62.43,28.23,56.64,24.84,15.81,36.06,23.09,70.21,37.12,72.01,33.24,35.11,14.32,34.01,42.72,30.0,18.11,25.08,65.25,57.58,10.77,54.57,15.52,36.24,13.6,69.46,14.87,69.26,0.0
