set K:= 1	2	3	4	5	6	7	8	9;
set C_H:= 1	2	3	4	5	6	7	8	9	10	11	12	13	14	15	16	17	18	19	20	21	22;
set C_S:= 23	24	25	26	27	28	29	30	31	32	33	34	35	36	37	38	39	40	41	42;
set C_F:= 43	44	45	46	47	48	49	50	51	52	53	54	55	56	57	58	59	60	61	62;
set M:= 63	64	65	66	67	68;
set L_B:= 69	70	71	72	73	74	75	76	77;
set A1:=
(0,*) 1 2 3 4 5 6 7 8 9 10 11 12 13 14 15 16 17 18 19 20 21 22 43 44 45 46 47 48 49 50 51 52 53 54 55 56 57 58 59 60 61 62 63 64 65 66 67 68 69 70 71 72 73 74 75 76 77
(1,*) 0 2 3 4 5 6 7 8 9 10 11 12 13 14 15 16 17 18 19 20 21 22 43 44 45 46 47 48 49 50 51 52 53 54 55 56 57 58 59 60 61 62 63 64 65 66 67 68 69 70 71 72 73 74 75 76 77
(2,*) 0 1 3 4 5 6 7 8 9 10 11 12 13 14 15 16 17 18 19 20 21 22 43 44 45 46 47 48 49 50 51 52 53 54 55 56 57 58 59 60 61 62 63 64 65 66 67 68 69 70 71 72 73 74 75 76 77
(3,*) 0 1 2 4 5 6 7 8 9 10 11 12 13 14 15 16 17 18 19 20 21 22 43 44 45 46 47 48 49 50 51 52 53 54 55 56 57 58 59 60 61 62 63 64 65 66 67 68 69 70 71 72 73 74 75 76 77
(4,*) 0 1 2 3 5 6 7 8 9 10 11 12 13 14 15 16 17 18 19 20 21 22 43 44 45 46 47 48 49 50 51 52 53 54 55 56 57 58 59 60 61 62 63 64 65 66 67 68 69 70 71 72 73 74 75 76 77
(5,*) 0 1 2 3 4 6 7 8 9 10 11 12 13 14 15 16 17 18 19 20 21 22 43 44 45 46 47 48 49 50 51 52 53 54 55 56 57 58 59 60 61 62 63 64 65 66 67 68 69 70 71 72 73 74 75 76 77
(6,*) 0 1 2 3 4 5 7 8 9 10 11 12 13 14 15 16 17 18 19 20 21 22 43 44 45 46 47 48 49 50 51 52 53 54 55 56 57 58 59 60 61 62 63 64 65 66 67 68 69 70 71 72 73 74 75 76 77
(7,*) 0 1 2 3 4 5 6 8 9 10 11 12 13 14 15 16 17 18 19 20 21 22 43 44 45 46 47 48 49 50 51 52 53 54 55 56 57 58 59 60 61 62 63 64 65 66 67 68 69 70 71 72 73 74 75 76 77
(8,*) 0 1 2 3 4 5 6 7 9 10 11 12 13 14 15 16 17 18 19 20 21 22 43 44 45 46 47 48 49 50 51 52 53 54 55 56 57 58 59 60 61 62 63 64 65 66 67 68 69 70 71 72 73 74 75 76 77
(9,*) 0 1 2 3 4 5 6 7 8 10 11 12 13 14 15 16 17 18 19 20 21 22 43 44 45 46 47 48 49 50 51 52 53 54 55 56 57 58 59 60 61 62 63 64 65 66 67 68 69 70 71 72 73 74 75 76 77
(10,*) 0 1 2 3 4 5 6 7 8 9 11 12 13 14 15 16 17 18 19 20 21 22 43 44 45 46 47 48 49 50 51 52 53 54 55 56 57 58 59 60 61 62 63 64 65 66 67 68 69 70 71 72 73 74 75 76 77
(11,*) 0 1 2 3 4 5 6 7 8 9 10 12 13 14 15 16 17 18 19 20 21 22 43 44 45 46 47 48 49 50 51 52 53 54 55 56 57 58 59 60 61 62 63 64 65 66 67 68 69 70 71 72 73 74 75 76 77
(12,*) 0 1 2 3 4 5 6 7 8 9 10 11 13 14 15 16 17 18 19 20 21 22 43 44 45 46 47 48 49 50 51 52 53 54 55 56 57 58 59 60 61 62 63 64 65 66 67 68 69 70 71 72 73 74 75 76 77
(13,*) 0 1 2 3 4 5 6 7 8 9 10 11 12 14 15 16 17 18 19 20 21 22 43 44 45 46 47 48 49 50 51 52 53 54 55 56 57 58 59 60 61 62 63 64 65 66 67 68 69 70 71 72 73 74 75 76 77
(14,*) 0 1 2 3 4 5 6 7 8 9 10 11 12 13 15 16 17 18 19 20 21 22 43 44 45 46 47 48 49 50 51 52 53 54 55 56 57 58 59 60 61 62 63 64 65 66 67 68 69 70 71 72 73 74 75 76 77
(15,*) 0 1 2 3 4 5 6 7 8 9 10 11 12 13 14 16 17 18 19 20 21 22 43 44 45 46 47 48 49 50 51 52 53 54 55 56 57 58 59 60 61 62 63 64 65 66 67 68 69 70 71 72 73 74 75 76 77
(16,*) 0 1 2 3 4 5 6 7 8 9 10 11 12 13 14 15 17 18 19 20 21 22 43 44 45 46 47 48 49 50 51 52 53 54 55 56 57 58 59 60 61 62 63 64 65 66 67 68 69 70 71 72 73 74 75 76 77
(17,*) 0 1 2 3 4 5 6 7 8 9 10 11 12 13 14 15 16 18 19 20 21 22 43 44 45 46 47 48 49 50 51 52 53 54 55 56 57 58 59 60 61 62 63 64 65 66 67 68 69 70 71 72 73 74 75 76 77
(18,*) 0 1 2 3 4 5 6 7 8 9 10 11 12 13 14 15 16 17 19 20 21 22 43 44 45 46 47 48 49 50 51 52 53 54 55 56 57 58 59 60 61 62 63 64 65 66 67 68 69 70 71 72 73 74 75 76 77
(19,*) 0 1 2 3 4 5 6 7 8 9 10 11 12 13 14 15 16 17 18 20 21 22 43 44 45 46 47 48 49 50 51 52 53 54 55 56 57 58 59 60 61 62 63 64 65 66 67 68 69 70 71 72 73 74 75 76 77
(20,*) 0 1 2 3 4 5 6 7 8 9 10 11 12 13 14 15 16 17 18 19 21 22 43 44 45 46 47 48 49 50 51 52 53 54 55 56 57 58 59 60 61 62 63 64 65 66 67 68 69 70 71 72 73 74 75 76 77
(21,*) 0 1 2 3 4 5 6 7 8 9 10 11 12 13 14 15 16 17 18 19 20 22 43 44 45 46 47 48 49 50 51 52 53 54 55 56 57 58 59 60 61 62 63 64 65 66 67 68 69 70 71 72 73 74 75 76 77
(22,*) 0 1 2 3 4 5 6 7 8 9 10 11 12 13 14 15 16 17 18 19 20 21 43 44 45 46 47 48 49 50 51 52 53 54 55 56 57 58 59 60 61 62 63 64 65 66 67 68 69 70 71 72 73 74 75 76 77
(43,*) 0 1 2 3 4 5 6 7 8 9 10 11 12 13 14 15 16 17 18 19 20 21 22 44 45 46 47 48 49 50 51 52 53 54 55 56 57 58 59 60 61 62 63 64 65 66 67 68 69 70 71 72 73 74 75 76 77
(44,*) 0 1 2 3 4 5 6 7 8 9 10 11 12 13 14 15 16 17 18 19 20 21 22 43 45 46 47 48 49 50 51 52 53 54 55 56 57 58 59 60 61 62 63 64 65 66 67 68 69 70 71 72 73 74 75 76 77
(45,*) 0 1 2 3 4 5 6 7 8 9 10 11 12 13 14 15 16 17 18 19 20 21 22 43 44 46 47 48 49 50 51 52 53 54 55 56 57 58 59 60 61 62 63 64 65 66 67 68 69 70 71 72 73 74 75 76 77
(46,*) 0 1 2 3 4 5 6 7 8 9 10 11 12 13 14 15 16 17 18 19 20 21 22 43 44 45 47 48 49 50 51 52 53 54 55 56 57 58 59 60 61 62 63 64 65 66 67 68 69 70 71 72 73 74 75 76 77
(47,*) 0 1 2 3 4 5 6 7 8 9 10 11 12 13 14 15 16 17 18 19 20 21 22 43 44 45 46 48 49 50 51 52 53 54 55 56 57 58 59 60 61 62 63 64 65 66 67 68 69 70 71 72 73 74 75 76 77
(48,*) 0 1 2 3 4 5 6 7 8 9 10 11 12 13 14 15 16 17 18 19 20 21 22 43 44 45 46 47 49 50 51 52 53 54 55 56 57 58 59 60 61 62 63 64 65 66 67 68 69 70 71 72 73 74 75 76 77
(49,*) 0 1 2 3 4 5 6 7 8 9 10 11 12 13 14 15 16 17 18 19 20 21 22 43 44 45 46 47 48 50 51 52 53 54 55 56 57 58 59 60 61 62 63 64 65 66 67 68 69 70 71 72 73 74 75 76 77
(50,*) 0 1 2 3 4 5 6 7 8 9 10 11 12 13 14 15 16 17 18 19 20 21 22 43 44 45 46 47 48 49 51 52 53 54 55 56 57 58 59 60 61 62 63 64 65 66 67 68 69 70 71 72 73 74 75 76 77
(51,*) 0 1 2 3 4 5 6 7 8 9 10 11 12 13 14 15 16 17 18 19 20 21 22 43 44 45 46 47 48 49 50 52 53 54 55 56 57 58 59 60 61 62 63 64 65 66 67 68 69 70 71 72 73 74 75 76 77
(52,*) 0 1 2 3 4 5 6 7 8 9 10 11 12 13 14 15 16 17 18 19 20 21 22 43 44 45 46 47 48 49 50 51 53 54 55 56 57 58 59 60 61 62 63 64 65 66 67 68 69 70 71 72 73 74 75 76 77
(53,*) 0 1 2 3 4 5 6 7 8 9 10 11 12 13 14 15 16 17 18 19 20 21 22 43 44 45 46 47 48 49 50 51 52 54 55 56 57 58 59 60 61 62 63 64 65 66 67 68 69 70 71 72 73 74 75 76 77
(54,*) 0 1 2 3 4 5 6 7 8 9 10 11 12 13 14 15 16 17 18 19 20 21 22 43 44 45 46 47 48 49 50 51 52 53 55 56 57 58 59 60 61 62 63 64 65 66 67 68 69 70 71 72 73 74 75 76 77
(55,*) 0 1 2 3 4 5 6 7 8 9 10 11 12 13 14 15 16 17 18 19 20 21 22 43 44 45 46 47 48 49 50 51 52 53 54 56 57 58 59 60 61 62 63 64 65 66 67 68 69 70 71 72 73 74 75 76 77
(56,*) 0 1 2 3 4 5 6 7 8 9 10 11 12 13 14 15 16 17 18 19 20 21 22 43 44 45 46 47 48 49 50 51 52 53 54 55 57 58 59 60 61 62 63 64 65 66 67 68 69 70 71 72 73 74 75 76 77
(57,*) 0 1 2 3 4 5 6 7 8 9 10 11 12 13 14 15 16 17 18 19 20 21 22 43 44 45 46 47 48 49 50 51 52 53 54 55 56 58 59 60 61 62 63 64 65 66 67 68 69 70 71 72 73 74 75 76 77
(58,*) 0 1 2 3 4 5 6 7 8 9 10 11 12 13 14 15 16 17 18 19 20 21 22 43 44 45 46 47 48 49 50 51 52 53 54 55 56 57 59 60 61 62 63 64 65 66 67 68 69 70 71 72 73 74 75 76 77
(59,*) 0 1 2 3 4 5 6 7 8 9 10 11 12 13 14 15 16 17 18 19 20 21 22 43 44 45 46 47 48 49 50 51 52 53 54 55 56 57 58 60 61 62 63 64 65 66 67 68 69 70 71 72 73 74 75 76 77
(60,*) 0 1 2 3 4 5 6 7 8 9 10 11 12 13 14 15 16 17 18 19 20 21 22 43 44 45 46 47 48 49 50 51 52 53 54 55 56 57 58 59 61 62 63 64 65 66 67 68 69 70 71 72 73 74 75 76 77
(61,*) 0 1 2 3 4 5 6 7 8 9 10 11 12 13 14 15 16 17 18 19 20 21 22 43 44 45 46 47 48 49 50 51 52 53 54 55 56 57 58 59 60 62 63 64 65 66 67 68 69 70 71 72 73 74 75 76 77
(62,*) 0 1 2 3 4 5 6 7 8 9 10 11 12 13 14 15 16 17 18 19 20 21 22 43 44 45 46 47 48 49 50 51 52 53 54 55 56 57 58 59 60 61 63 64 65 66 67 68 69 70 71 72 73 74 75 76 77
(63,*) 0 1 2 3 4 5 6 7 8 9 10 11 12 13 14 15 16 17 18 19 20 21 22 43 44 45 46 47 48 49 50 51 52 53 54 55 56 57 58 59 60 61 62 65 66 67 68 69 70 71 72 73 74 75 76 77
(64,*) 0 1 2 3 4 5 6 7 8 9 10 11 12 13 14 15 16 17 18 19 20 21 22 43 44 45 46 47 48 49 50 51 52 53 54 55 56 57 58 59 60 61 62 65 66 67 68 69 70 71 72 73 74 75 76 77
(65,*) 0 1 2 3 4 5 6 7 8 9 10 11 12 13 14 15 16 17 18 19 20 21 22 43 44 45 46 47 48 49 50 51 52 53 54 55 56 57 58 59 60 61 62 63 64 67 68 69 70 71 72 73 74 75 76 77
(66,*) 0 1 2 3 4 5 6 7 8 9 10 11 12 13 14 15 16 17 18 19 20 21 22 43 44 45 46 47 48 49 50 51 52 53 54 55 56 57 58 59 60 61 62 63 64 67 68 69 70 71 72 73 74 75 76 77
(67,*) 0 1 2 3 4 5 6 7 8 9 10 11 12 13 14 15 16 17 18 19 20 21 22 43 44 45 46 47 48 49 50 51 52 53 54 55 56 57 58 59 60 61 62 63 64 65 66 69 70 71 72 73 74 75 76 77
(68,*) 0 1 2 3 4 5 6 7 8 9 10 11 12 13 14 15 16 17 18 19 20 21 22 43 44 45 46 47 48 49 50 51 52 53 54 55 56 57 58 59 60 61 62 63 64 65 66 69 70 71 72 73 74 75 76 77
(69,*) 0 1 2 3 4 5 6 7 8 9 10 11 12 13 14 15 16 17 18 19 20 21 22 43 44 45 46 47 48 49 50 51 52 53 54 55 56 57 58 59 60 61 62 63 64 65 66 67 68 70 71 72 73 74 75 76 77
(70,*) 0 1 2 3 4 5 6 7 8 9 10 11 12 13 14 15 16 17 18 19 20 21 22 43 44 45 46 47 48 49 50 51 52 53 54 55 56 57 58 59 60 61 62 63 64 65 66 67 68 69 71 72 73 74 75 76 77
(71,*) 0 1 2 3 4 5 6 7 8 9 10 11 12 13 14 15 16 17 18 19 20 21 22 43 44 45 46 47 48 49 50 51 52 53 54 55 56 57 58 59 60 61 62 63 64 65 66 67 68 69 70 72 73 74 75 76 77
(72,*) 0 1 2 3 4 5 6 7 8 9 10 11 12 13 14 15 16 17 18 19 20 21 22 43 44 45 46 47 48 49 50 51 52 53 54 55 56 57 58 59 60 61 62 63 64 65 66 67 68 69 70 71 73 74 75 76 77
(73,*) 0 1 2 3 4 5 6 7 8 9 10 11 12 13 14 15 16 17 18 19 20 21 22 43 44 45 46 47 48 49 50 51 52 53 54 55 56 57 58 59 60 61 62 63 64 65 66 67 68 69 70 71 72 74 75 76 77
(74,*) 0 1 2 3 4 5 6 7 8 9 10 11 12 13 14 15 16 17 18 19 20 21 22 43 44 45 46 47 48 49 50 51 52 53 54 55 56 57 58 59 60 61 62 63 64 65 66 67 68 69 70 71 72 73 75 76 77
(75,*) 0 1 2 3 4 5 6 7 8 9 10 11 12 13 14 15 16 17 18 19 20 21 22 43 44 45 46 47 48 49 50 51 52 53 54 55 56 57 58 59 60 61 62 63 64 65 66 67 68 69 70 71 72 73 74 76 77
(76,*) 0 1 2 3 4 5 6 7 8 9 10 11 12 13 14 15 16 17 18 19 20 21 22 43 44 45 46 47 48 49 50 51 52 53 54 55 56 57 58 59 60 61 62 63 64 65 66 67 68 69 70 71 72 73 74 75 77
(77,*) 0 1 2 3 4 5 6 7 8 9 10 11 12 13 14 15 16 17 18 19 20 21 22 43 44 45 46 47 48 49 50 51 52 53 54 55 56 57 58 59 60 61 62 63 64 65 66 67 68 69 70 71 72 73 74 75 76
;
set A2:=
(63,*) 64
(64,*) 63
(65,*) 66
(66,*) 65
(67,*) 68
(68,*) 67
;
param BigM:=99999;
param n:= 9;
param d:=
1	22
2	5
3	19
4	20
5	21
6	1
7	22
8	14
9	2
10	15
11	6
12	14
13	15
14	15
15	7
16	3
17	2
18	21
19	12
20	4
21	20
22	8
23	4
24	14
25	20
26	18
27	5
28	15
29	15
30	14
31	19
32	22
33	6
34	21
35	23
36	20
37	4
38	10
39	24
40	17
41	18
42	19
43	18
44	9
45	7
46	7
47	2
48	11
49	10
50	20
51	21
52	24
53	14
54	15
55	26
56	23
57	22
58	26
59	15
60	2
61	23
62	2
;
param Q:=100;
param w:=
[63,*] 64 0.5
[64,*] 63 0.5
[65,*] 66 0.5
[66,*] 65 0.5
[67,*] 68 0.5
[68,*] 67 0.5
;
param V:=
[63,*] 64 86
[64,*] 63 86
[65,*] 66 85
[66,*] 65 85
[67,*] 68 100
[68,*] 67 100
;
param e:
	63	64	65	66	67	68	69	70	71	72	73	74	75	76	77:=
23	0	0	0	1	0	1	0	0	1	0	0	0	0	0	0	
24	0	0	0	1	0	1	1	0	0	0	0	0	0	0	0	
25	0	1	0	0	0	0	0	0	1	0	0	0	0	0	0	
26	0	0	1	0	1	0	0	0	0	1	0	0	0	0	0	
27	0	0	1	0	1	0	0	1	0	0	0	0	0	1	0	
28	0	0	1	0	1	0	0	1	0	0	0	0	0	0	0	
29	1	0	0	0	0	1	0	1	0	0	0	0	0	0	0	
30	1	0	0	0	0	1	1	0	0	0	0	0	0	0	0	
31	0	0	0	1	0	0	1	0	0	0	0	0	0	0	0	
32	0	0	1	0	1	0	0	0	0	0	0	0	0	1	0	
33	0	1	0	0	0	0	1	0	0	0	0	0	0	0	0	
34	0	0	0	0	1	0	1	0	0	0	0	0	0	0	0	
35	0	1	0	0	0	0	0	0	1	0	0	0	0	0	0	
36	0	1	0	0	0	0	1	0	0	0	0	0	0	0	0	
37	0	0	0	1	0	1	1	0	0	0	0	0	0	0	0	
38	1	0	0	0	0	1	0	0	0	0	1	0	0	0	0	
39	0	0	1	0	1	0	0	0	0	0	0	0	0	1	0	
40	0	0	0	1	0	1	0	0	0	0	1	0	0	0	0	
41	0	0	1	0	0	0	0	1	0	1	0	1	0	1	0	
42	0	1	1	0	0	0	0	1	1	1	0	1	1	0	0	
43	0	1	1	0	0	0	0	1	0	0	0	0	0	0	0	
44	0	0	0	1	0	1	1	0	1	0	1	0	1	0	1	
45	0	0	1	0	1	0	0	1	0	1	0	1	0	1	0	
46	0	0	1	0	0	1	1	0	1	1	0	1	1	0	1	
47	0	0	1	0	1	0	0	1	0	1	0	1	0	1	0	
48	1	0	0	0	0	1	0	0	0	0	0	0	0	1	0	
49	0	0	1	0	1	0	0	0	0	1	0	1	0	1	0	
50	0	0	0	1	0	1	0	0	0	0	1	0	0	0	0	
51	0	0	1	0	1	0	0	1	0	1	0	1	0	1	0	
52	0	0	0	0	0	1	1	0	0	0	0	0	1	0	1	
53	0	1	1	0	0	0	0	1	0	0	0	0	0	0	0	
54	0	1	0	0	0	0	0	1	0	0	0	1	0	0	0	
55	0	0	0	1	0	1	0	0	1	0	1	0	0	0	0	
56	0	1	0	1	0	0	0	0	1	0	0	0	0	0	0	
57	0	0	0	1	0	1	0	0	1	0	1	0	1	0	0	
58	0	0	1	0	1	0	0	0	0	1	0	0	0	1	0	
59	0	1	0	1	0	0	1	0	0	0	0	0	0	0	0	
60	0	1	1	0	0	0	0	1	0	0	0	0	0	0	0	
61	0	1	1	0	0	0	0	1	0	0	0	0	0	0	0	
62	1	0	0	0	0	1	1	0	0	0	0	0	0	0	0	
;
param p:=
1	3
2	3
3	3
4	3
5	3
6	3
7	3
8	3
9	3
;
param G:=
63	73
64	86
65	85
66	84
67	95
68	100
69	73
70	93
71	81
72	91
73	99
74	86
75	95
76	73
77	86
;
param s:=
0	0
1	10
2	10
3	10
4	10
5	10
6	10
7	10
8	10
9	10
10	10
11	10
12	10
13	10
14	10
15	10
16	10
17	10
18	10
19	10
20	10
21	10
22	10
43	10
44	10
45	10
46	10
47	10
48	10
49	10
50	10
51	10
52	10
53	10
54	10
55	10
56	10
57	10
58	10
59	10
60	10
61	10
62	10
63	10
64	10
65	10
66	10
67	10
68	10
69	10
70	10
71	10
72	10
73	10
74	10
75	10
76	10
77	10
;
param t:
	0	1	2	3	4	5	6	7	8	9	10	11	12	13	14	15	16	17	18	19	20	21	22	23	24	25	26	27	28	29	30	31	32	33	34	35	36	37	38	39	40	41	42	43	44	45	46	47	48	49	50	51	52	53	54	55	56	57	58	59	60	61	62	63	64	65	66	67	68	69	70	71	72	73	74	75	76	77:=
0	0.0	83.76	72.25	90.91	50.16	75.89	10.0	92.35	62.0	101.82	80.4	80.32	76.97	80.45	86.02	86.83	110.45	99.3	82.46	84.76	78.23	91.78	92.28	121.66	100.44	82.46	14.42	42.52	32.25	70.11	70.34	84.4	8.94	86.58	26.68	78.0	80.0	83.35	62.51	24.41	98.08	50.99	62.8	64.03	75.15	26.08	57.69	39.29	92.09	28.64	112.07	33.53	61.35	54.15	60.83	100.5	88.81	99.04	32.98	77.82	74.0	50.16	82.39	81.02	69.18	26.48	102.18	14.87	81.25	80.5	47.3	80.8	45.97	89.59	43.42	76.84	30.87	76.66
1	83.76	0.0	52.04	12.0	50.0	52.84	75.6	25.46	46.69	26.08	70.71	53.25	44.94	31.24	78.89	8.25	36.22	38.63	60.46	54.04	71.55	34.41	41.62	44.27	37.95	27.86	85.09	42.05	56.64	77.79	56.46	29.73	79.65	39.4	78.59	16.12	47.07	38.21	64.03	61.74	58.41	33.94	21.54	44.41	43.91	57.69	38.05	48.17	80.45	61.35	46.39	52.35	51.42	52.5	37.36	22.36	6.32	26.08	63.56	12.0	22.0	53.85	71.69	80.06	41.01	60.14	32.25	69.4	60.75	42.8	42.44	29.07	39.56	35.81	40.61	31.06	53.41	36.89
2	72.25	52.04	0.0	64.03	73.54	91.59	62.29	37.58	11.66	78.0	107.2	94.02	85.88	76.55	115.6	60.13	88.02	89.44	100.5	96.6	106.83	30.0	89.84	94.76	89.11	27.2	82.0	52.5	41.23	107.48	91.61	77.2	64.03	21.26	84.31	36.0	10.0	83.57	93.38	63.56	105.11	38.21	49.19	11.31	84.12	53.85	67.2	37.58	119.28	68.0	98.33	43.08	82.46	18.11	20.0	74.03	58.0	78.1	74.43	40.05	30.07	22.09	108.81	114.21	11.4	47.3	84.21	59.03	100.17	85.91	31.06	74.95	54.45	84.2	43.42	74.46	47.93	79.2
3	90.91	12.0	64.03	0.0	51.42	48.08	83.45	34.99	58.55	14.14	65.79	47.54	39.85	25.3	73.54	4.47	24.33	27.78	54.63	47.41	67.05	44.72	32.56	33.11	26.83	39.29	90.55	48.41	66.03	74.97	52.95	22.36	87.68	50.6	82.46	28.07	58.86	31.3	62.13	67.68	49.52	43.27	28.28	56.32	39.29	65.12	39.29	57.69	74.24	66.24	34.53	61.22	50.0	64.03	49.03	10.77	6.32	14.14	67.23	24.0	34.0	65.15	66.48	75.58	53.01	68.88	20.4	77.1	55.15	36.77	52.77	23.09	45.22	27.02	48.92	26.48	61.55	32.02
4	50.16	50.0	73.54	51.42	0.0	26.31	47.07	70.34	62.29	58.14	36.06	30.59	26.83	32.8	43.86	48.66	64.9	50.91	34.0	34.93	34.93	75.39	42.8	76.55	52.35	65.39	44.05	21.63	43.68	33.94	22.09	37.2	51.42	75.18	32.8	54.41	75.6	34.06	20.0	26.68	48.08	35.38	31.05	62.23	25.06	32.06	12.17	40.25	48.7	21.54	63.66	37.95	12.0	60.46	53.81	58.31	52.35	54.59	18.44	51.42	54.63	58.31	37.95	41.34	63.89	41.44	56.04	41.44	33.02	30.53	43.6	33.84	19.1	41.01	30.81	29.41	33.96	27.59
5	75.89	52.84	91.59	48.08	26.31	0.0	73.35	77.67	81.41	48.0	17.89	4.47	8.25	22.8	26.08	47.54	50.99	33.53	8.94	8.94	18.97	85.28	23.41	62.1	35.44	76.42	68.0	44.72	68.47	28.07	7.21	26.31	77.67	87.68	54.92	63.78	91.21	18.0	18.87	52.95	22.36	54.63	42.8	80.62	8.94	58.03	25.3	63.56	28.28	47.54	44.72	62.51	14.56	81.71	71.69	50.16	52.0	44.0	43.08	59.67	66.48	80.32	18.87	27.51	80.71	67.03	42.43	67.74	8.6	12.0	64.85	25.0	41.0	25.18	52.89	21.93	59.14	16.16
6	10.0	75.6	62.29	83.45	47.07	73.35	0.0	82.87	52.0	95.02	80.02	77.67	73.38	75.18	86.37	79.25	104.02	94.02	80.62	82.0	78.1	82.0	87.73	114.98	95.02	72.8	21.63	35.61	22.36	71.39	68.47	78.89	4.47	76.66	30.53	68.88	70.0	78.79	62.03	20.4	95.08	42.19	55.17	54.04	71.47	18.44	52.8	29.73	92.2	26.08	106.68	24.17	58.86	44.18	50.99	93.38	80.92	92.46	32.06	68.96	64.62	40.2	82.02	81.88	59.21	16.76	96.02	6.4	79.51	76.55	37.64	75.29	39.41	84.53	35.0	71.59	22.2	72.09
7	92.35	25.46	37.58	34.99	70.34	77.67	82.87	0.0	38.21	46.82	95.41	78.41	70.0	56.64	103.73	32.8	55.79	62.77	85.6	79.4	96.04	10.2	66.84	60.13	61.77	11.31	97.32	56.0	60.93	101.13	80.62	55.17	86.16	18.11	94.02	16.12	29.12	63.66	86.93	74.43	83.74	42.43	39.29	35.38	68.82	67.47	59.46	53.14	105.6	76.03	68.35	58.82	74.32	46.69	33.29	42.38	28.84	48.33	80.1	18.97	18.44	49.68	96.52	104.45	29.83	66.13	54.63	77.49	85.8	68.12	45.31	54.49	55.15	61.07	50.49	56.22	61.85	62.01
8	62.0	46.69	11.66	58.55	62.29	81.41	52.0	38.21	0.0	72.69	96.52	84.1	76.16	67.91	104.86	54.33	82.87	82.22	90.35	86.93	96.02	33.29	81.58	90.71	82.1	26.91	71.02	41.04	30.27	96.21	80.99	69.05	54.15	26.0	72.8	31.62	18.0	74.73	82.22	52.0	96.17	27.2	39.85	2.83	74.32	42.38	56.6	26.0	108.76	56.36	92.02	31.62	71.61	8.94	10.2	69.05	52.95	72.25	62.77	34.93	25.3	12.65	98.18	103.23	8.6	36.35	78.1	48.26	89.94	76.55	19.42	66.49	43.19	76.12	31.89	65.52	36.4	69.89
9	101.82	26.08	78.0	14.14	58.14	48.0	95.02	46.82	72.69	0.0	64.5	46.17	40.05	26.68	71.39	18.44	10.2	18.87	52.61	44.72	66.27	56.92	27.2	20.0	17.2	52.61	100.0	59.46	78.89	76.03	54.15	22.36	99.36	63.56	90.55	42.0	72.44	30.0	64.78	77.9	42.94	56.36	40.5	70.46	40.2	76.58	46.65	70.71	70.88	75.6	21.54	73.78	53.85	78.1	63.15	4.47	20.0	4.0	75.47	38.05	48.04	79.12	64.78	74.55	67.07	81.27	8.49	88.62	53.46	36.0	66.31	25.0	55.87	23.19	61.29	29.41	73.6	33.54
10	80.4	70.71	107.2	65.79	36.06	17.89	80.02	95.41	96.52	64.5	0.0	18.44	26.0	40.5	8.49	65.39	66.03	48.04	12.0	20.0	2.83	102.8	38.0	76.42	50.04	93.72	69.86	57.27	79.7	15.62	15.62	43.68	84.0	104.8	55.79	81.22	107.63	34.93	18.0	60.3	28.64	69.34	59.4	96.02	26.83	67.47	40.0	76.16	12.65	54.15	57.27	74.0	25.06	95.77	87.2	67.08	69.86	60.53	48.0	77.2	83.55	93.91	2.0	10.05	96.67	77.13	58.03	75.24	11.05	29.12	78.77	42.72	54.12	41.3	66.19	39.81	69.92	34.01
11	80.32	53.25	94.02	47.54	30.59	4.47	77.67	78.41	84.1	46.17	18.44	0.0	8.49	22.36	26.0	47.41	48.37	30.59	7.21	4.47	20.1	86.37	20.4	59.23	32.56	77.79	72.47	48.37	72.25	30.59	11.31	25.3	82.0	89.2	59.36	65.05	93.23	16.49	22.8	57.27	17.89	57.58	44.94	83.19	10.0	62.13	28.64	67.08	27.2	51.92	41.23	66.27	18.97	84.76	74.24	48.66	51.88	42.19	47.54	60.83	68.12	83.52	18.97	28.44	83.01	71.0	40.05	72.01	7.62	10.77	68.01	24.6	44.55	23.02	56.29	22.2	63.03	16.4
12	76.97	44.94	85.88	39.85	26.83	8.25	73.38	70.0	76.16	40.05	26.0	8.49	0.0	14.56	34.0	39.4	43.68	26.83	15.62	10.77	27.2	77.9	17.2	55.03	28.64	69.31	70.46	42.0	66.0	36.0	14.14	18.11	77.79	80.72	58.14	56.57	84.88	10.2	25.3	53.14	22.09	50.0	36.72	75.15	2.0	56.89	22.0	60.3	35.61	48.33	38.83	60.0	16.97	77.2	66.21	42.05	43.86	36.06	44.94	52.35	59.67	76.16	26.83	35.74	74.79	65.28	34.93	67.45	15.81	4.47	60.64	16.76	38.01	17.72	49.37	13.89	57.14	8.06
13	80.45	31.24	76.55	25.3	32.8	22.8	75.18	56.64	67.91	26.68	40.5	22.36	14.56	0.0	48.33	25.06	32.25	18.87	29.53	22.8	41.76	65.12	14.0	43.91	20.0	57.2	76.37	40.5	63.56	50.16	28.07	4.47	79.65	68.82	65.6	44.41	74.24	7.21	38.21	56.04	28.64	44.0	28.28	66.48	14.14	57.27	22.8	56.57	49.4	52.5	31.62	57.72	27.2	70.46	57.72	28.07	29.53	22.8	50.99	40.0	48.37	70.11	41.23	50.29	65.19	64.2	23.32	68.88	29.97	11.66	55.0	2.24	36.4	9.49	45.71	3.61	55.97	7.0
14	86.02	78.89	115.6	73.54	43.86	26.08	86.37	103.73	104.86	71.39	8.49	26.0	34.0	48.33	0.0	73.35	72.11	54.15	18.97	26.68	8.94	111.21	44.41	82.02	56.14	102.18	74.67	65.3	87.32	17.09	24.08	51.26	90.2	113.28	60.53	89.64	116.1	42.38	24.74	67.08	32.56	77.67	67.88	104.4	34.99	74.73	48.41	84.1	6.32	60.83	62.29	81.71	33.29	103.94	95.6	74.22	77.82	67.47	54.33	85.6	92.02	102.0	7.21	6.4	105.12	84.48	64.5	81.88	18.38	36.77	86.95	50.57	62.27	48.27	74.3	47.89	77.49	42.06
15	86.83	8.25	60.13	4.47	48.66	47.54	79.25	32.8	54.33	18.44	65.39	47.41	39.4	25.06	73.35	0.0	28.64	30.46	54.59	47.71	66.48	42.19	34.06	37.58	29.73	36.06	86.83	44.41	61.61	73.76	51.92	22.8	83.45	47.54	79.12	24.33	55.32	31.62	60.53	63.81	50.99	38.83	24.08	52.15	38.63	60.96	36.5	53.25	74.43	62.61	38.21	56.85	48.17	59.67	44.72	15.23	4.47	18.0	63.91	20.1	30.07	60.73	66.21	75.03	49.01	64.54	24.08	72.92	55.01	36.72	48.3	22.83	41.34	28.32	44.6	25.63	57.28	31.38
16	110.45	36.22	88.02	24.33	64.9	50.99	104.02	55.79	82.87	10.2	66.03	48.37	43.68	32.25	72.11	28.64	0.0	18.0	54.04	46.04	68.12	65.97	28.07	11.66	16.0	62.29	107.81	68.41	88.59	78.92	57.72	27.78	108.41	72.99	97.65	52.04	82.22	33.53	68.96	86.28	41.23	66.21	50.12	80.62	44.27	85.6	54.04	80.5	70.71	83.55	14.14	83.35	59.09	88.29	73.35	14.0	30.07	11.66	82.8	48.17	58.14	89.29	66.0	76.01	77.16	90.74	8.94	97.62	55.08	39.29	76.32	31.06	64.66	25.96	70.83	35.51	82.93	38.48
17	99.3	38.63	89.44	27.78	50.91	33.53	94.02	62.77	82.22	18.87	48.04	30.59	26.83	18.87	54.15	30.46	18.0	0.0	36.06	28.07	50.16	72.47	10.2	28.64	2.0	66.48	94.85	59.09	81.61	61.19	40.5	15.23	98.49	78.0	83.55	54.41	85.44	17.2	52.0	74.89	24.17	60.83	44.41	80.4	27.78	76.03	41.62	74.22	52.95	71.22	12.81	75.89	43.27	86.02	72.11	22.8	34.0	15.62	69.31	50.0	59.67	86.21	48.0	58.01	78.09	82.64	10.77	87.71	37.12	22.36	71.7	18.79	55.04	9.9	63.6	22.47	74.46	23.35
18	82.46	60.46	100.5	54.63	34.0	8.94	80.62	85.6	90.35	52.61	12.0	7.21	15.62	29.53	18.97	54.59	54.04	36.06	0.0	8.0	14.14	93.51	26.0	64.5	38.05	84.85	73.54	53.37	76.94	26.0	12.17	32.31	84.85	96.21	59.93	72.14	100.0	23.41	21.63	60.3	18.44	63.56	51.61	89.55	16.97	66.03	34.18	72.28	20.0	54.59	45.61	71.02	22.0	90.62	80.62	55.32	59.06	48.66	49.48	67.94	75.07	89.2	12.17	22.02	89.59	75.24	46.04	75.24	1.41	17.89	73.74	31.76	49.73	29.43	61.68	29.41	67.48	23.6
19	84.76	54.04	96.6	47.41	34.93	8.94	82.0	79.4	86.93	44.72	20.0	4.47	10.77	22.8	26.68	47.71	46.04	28.07	8.0	0.0	22.09	87.68	18.0	56.57	30.07	79.4	76.94	52.15	76.11	33.53	15.62	25.06	86.35	90.91	63.81	66.6	95.41	16.12	26.91	61.61	13.42	60.73	47.41	85.91	12.65	66.27	32.25	70.71	26.83	56.32	37.95	70.11	23.41	87.93	76.97	47.54	52.15	40.79	52.0	62.29	70.0	86.83	20.1	30.02	85.48	75.03	38.05	76.3	9.06	11.31	71.31	25.0	48.26	21.59	59.84	23.35	67.0	17.8
20	78.23	71.55	106.83	67.05	34.93	18.97	78.1	96.04	96.02	66.27	2.83	20.1	27.2	41.76	8.94	66.48	68.12	50.16	14.14	22.09	0.0	103.23	40.05	78.64	52.15	94.02	67.47	56.36	78.43	12.81	15.62	45.12	82.02	105.0	53.37	81.61	107.52	36.5	16.12	58.55	31.3	68.82	59.46	95.6	27.86	65.97	39.7	75.15	14.14	52.35	59.67	72.8	24.41	95.02	86.83	68.73	70.94	62.29	46.04	77.67	83.74	93.06	4.47	8.54	96.43	75.69	60.0	73.44	13.04	30.59	78.03	43.97	53.34	43.1	65.37	40.85	68.62	35.11
21	91.78	34.41	30.0	44.72	75.39	85.28	82.0	10.2	33.29	56.92	102.8	86.37	77.9	65.12	111.21	42.19	65.97	72.47	93.51	87.68	103.23	0.0	76.03	70.26	71.55	10.2	98.18	58.86	59.67	107.42	87.66	64.03	84.9	8.94	96.33	21.63	20.59	72.25	93.06	76.03	92.8	44.18	44.72	30.53	76.58	68.12	65.3	52.61	113.45	78.41	78.43	58.55	80.62	42.19	31.05	52.5	38.47	58.31	83.19	25.61	20.88	45.65	104.02	111.5	24.7	65.31	64.62	77.1	93.61	76.37	44.55	63.03	58.69	70.21	52.09	64.35	62.2	70.04
22	92.28	41.62	89.84	32.56	42.8	23.41	87.73	66.84	81.58	27.2	38.0	20.4	17.2	14.0	44.41	34.06	28.07	10.2	26.0	18.0	40.05	76.03	0.0	38.83	12.17	68.96	86.83	53.85	77.28	50.99	30.46	12.65	92.2	80.62	74.97	56.36	86.93	8.94	42.05	68.0	16.97	58.0	42.19	80.05	18.44	70.23	34.93	70.46	43.68	63.81	21.63	71.39	34.06	84.38	71.39	30.46	38.21	23.41	61.22	51.88	60.93	84.1	38.05	48.01	78.45	77.62	20.1	81.54	27.02	12.81	69.0	15.13	49.73	5.83	59.54	17.12	69.38	15.65
23	121.66	44.27	94.76	33.11	76.55	62.1	114.98	60.13	90.71	20.0	76.42	59.23	55.03	43.91	82.02	37.58	11.66	28.64	64.5	56.57	78.64	70.26	38.83	0.0	26.68	68.12	119.33	79.4	98.79	89.82	68.96	39.45	119.33	78.03	109.29	59.23	88.09	44.94	80.32	97.59	50.16	76.16	60.46	88.29	55.71	96.54	65.6	90.55	80.1	95.02	20.4	93.74	70.68	96.77	81.61	22.36	37.95	22.63	94.4	55.79	65.51	98.08	76.24	86.28	84.34	101.26	20.59	108.58	65.62	50.6	85.87	42.72	75.74	37.34	81.27	47.17	93.6	50.09
24	100.44	37.95	89.11	26.83	52.35	35.44	95.02	61.77	82.1	17.2	50.04	32.56	28.64	20.0	56.14	29.73	16.0	2.0	38.05	30.07	52.15	71.55	12.17	26.68	0.0	65.79	96.21	59.93	82.22	63.15	42.38	16.12	99.48	77.25	85.04	53.85	84.9	18.87	53.85	76.03	26.0	61.19	44.72	80.22	29.53	76.94	42.8	74.73	54.92	72.47	11.66	76.55	44.94	86.09	72.03	21.26	33.11	14.14	70.71	49.48	59.23	86.37	50.0	60.01	77.78	83.38	8.94	88.68	39.12	24.17	72.01	19.72	55.9	11.4	64.2	23.6	75.24	24.84
25	82.46	27.86	27.2	39.29	65.39	76.42	72.8	11.31	26.91	52.61	93.72	77.79	69.31	57.2	102.18	36.06	62.29	66.48	84.85	79.4	94.02	10.2	68.96	68.12	65.79	0.0	88.36	48.66	50.6	97.75	78.41	56.6	75.89	11.66	86.21	12.81	20.0	64.4	83.35	66.0	85.44	34.06	34.99	24.08	67.88	58.31	55.57	43.17	104.69	68.26	73.76	49.03	71.02	35.38	22.36	48.37	32.98	53.37	72.99	17.2	10.77	38.42	95.02	102.2	18.6	56.04	59.67	67.68	84.86	68.12	35.17	55.22	48.51	63.13	42.01	56.08	52.47	61.62
26	14.42	85.09	82.0	90.55	44.05	68.0	21.63	97.32	71.02	100.0	69.86	72.47	70.46	76.37	74.67	86.83	107.81	94.85	73.54	76.94	67.47	98.18	86.83	119.33	96.21	88.36	0.0	43.08	40.79	58.14	61.74	80.62	22.63	94.02	14.14	82.0	88.81	78.1	52.5	23.41	90.35	54.92	63.56	72.69	68.82	30.07	53.81	46.04	80.89	24.41	107.63	40.05	53.85	64.03	68.03	99.3	89.44	96.83	25.61	81.04	78.92	60.17	71.81	69.26	77.32	34.71	99.16	23.09	72.24	74.4	54.01	77.1	45.62	84.96	46.87	72.84	36.01	71.59
27	42.52	42.05	52.5	48.41	21.63	44.72	35.61	56.0	41.04	59.46	57.27	48.37	42.0	40.5	65.3	44.41	68.41	59.09	53.37	52.15	56.36	58.86	53.85	79.4	59.93	48.66	43.08	0.0	24.0	55.32	42.38	43.86	40.0	56.92	38.05	40.05	55.57	45.12	41.62	19.7	64.03	15.23	20.59	41.23	40.0	17.2	20.0	18.97	69.86	20.1	71.55	18.0	32.31	38.83	33.29	58.0	46.65	56.85	24.33	38.47	38.21	36.72	59.09	62.97	43.57	23.77	60.46	29.21	52.63	44.18	22.02	40.31	4.12	49.98	9.22	37.0	15.52	38.64
28	32.25	56.64	41.23	66.03	43.68	68.47	22.36	60.93	30.27	78.89	79.7	72.25	66.0	63.56	87.32	61.61	88.59	81.61	76.94	76.11	78.43	59.67	77.28	98.79	82.22	50.6	40.79	24.0	0.0	75.18	65.51	66.48	25.3	54.33	43.91	47.71	48.17	68.73	62.77	24.08	88.02	22.8	38.47	32.06	64.0	14.14	44.0	8.49	92.35	29.73	93.64	6.0	55.32	23.41	28.64	76.55	62.48	76.94	36.88	48.41	42.94	19.7	81.61	84.17	37.01	6.08	81.44	18.03	76.12	68.12	15.65	63.06	28.02	73.01	18.03	60.21	9.85	62.39
29	70.11	77.79	107.48	74.97	33.94	28.07	71.39	101.13	96.21	76.03	15.62	30.59	36.0	50.16	17.09	73.76	78.92	61.19	26.0	33.53	12.81	107.42	50.99	89.82	63.15	97.75	58.14	55.32	75.18	0.0	22.09	54.04	74.97	108.17	44.05	85.88	109.34	46.04	14.42	53.14	43.91	69.31	62.77	96.17	36.06	61.74	42.19	73.24	23.41	46.82	71.47	69.97	26.83	94.02	87.73	78.03	78.1	72.03	39.85	82.29	87.13	91.61	16.97	11.18	97.74	71.59	70.46	67.45	24.7	40.05	77.34	52.24	53.04	53.24	64.54	48.51	65.37	43.19
30	70.34	56.46	91.61	52.95	22.09	7.21	68.47	80.62	80.99	54.15	15.62	11.31	14.14	28.07	24.08	51.92	57.72	40.5	12.17	15.62	15.62	87.66	30.46	68.96	42.38	78.41	61.74	42.38	65.51	22.09	0.0	32.0	72.69	89.38	48.37	66.03	92.02	24.33	11.66	48.17	28.84	53.85	43.86	80.45	14.0	54.15	24.41	61.35	27.78	42.43	51.88	59.67	10.2	80.5	71.61	56.0	56.32	50.16	37.36	62.13	68.12	78.79	17.2	23.85	81.06	63.51	49.03	63.13	11.05	18.44	63.51	30.15	39.0	31.78	51.08	26.48	55.9	21.1
31	84.4	29.73	77.2	22.36	37.2	26.31	78.89	55.17	69.05	22.36	43.68	25.3	18.11	4.47	51.26	22.8	27.78	15.23	32.31	25.06	45.12	64.03	12.65	39.45	16.12	56.6	80.62	43.86	66.48	54.04	32.0	0.0	83.35	68.26	70.0	43.91	74.32	8.94	42.43	60.0	28.84	46.17	30.0	67.47	18.0	60.83	26.91	59.23	51.88	56.64	27.78	60.73	31.62	72.11	58.86	24.0	27.2	18.44	55.32	39.45	48.33	72.0	44.27	53.6	65.8	67.42	18.87	72.56	32.89	14.56	57.14	3.61	39.81	7.07	48.51	7.81	59.24	11.18
32	8.94	79.65	64.03	87.68	51.42	77.67	4.47	86.16	54.15	99.36	84.0	82.0	77.79	79.65	90.2	83.45	108.41	98.49	84.85	86.35	82.02	84.9	92.2	119.33	99.48	75.89	22.63	40.0	25.3	74.97	72.69	83.35	0.0	79.25	33.11	72.47	72.11	83.26	66.0	24.74	99.46	46.04	59.4	56.32	75.89	22.8	57.27	33.11	96.08	30.27	111.14	27.78	63.15	46.0	53.85	97.67	85.04	96.83	36.0	72.72	68.03	42.0	86.0	85.59	61.66	20.12	100.44	10.82	83.73	80.99	40.85	79.76	43.83	89.01	39.05	76.06	26.25	76.56
33	86.58	39.4	21.26	50.6	75.18	87.68	76.66	18.11	26.0	63.56	104.8	89.2	80.72	68.82	113.28	47.54	72.99	78.0	96.21	90.91	105.0	8.94	80.62	78.03	77.25	11.66	94.02	56.92	54.33	108.17	89.38	68.26	79.25	0.0	93.38	24.41	11.66	76.03	93.74	72.69	97.1	41.76	45.61	23.41	79.25	64.12	66.03	48.0	115.97	75.71	84.9	54.0	81.61	34.93	26.0	59.23	44.27	64.56	81.04	28.84	21.26	38.63	106.15	113.07	17.72	60.21	70.88	72.17	96.18	79.65	40.01	66.85	57.38	74.79	49.24	67.62	58.08	73.11
34	26.68	78.59	84.31	82.46	32.8	54.92	30.53	94.02	72.8	90.55	55.79	59.36	58.14	65.6	60.53	79.12	97.65	83.55	59.93	63.81	53.37	96.33	74.97	109.29	85.04	86.21	14.14	38.05	43.91	44.05	48.37	70.0	33.11	93.38	0.0	78.1	89.84	66.48	38.63	20.88	77.18	52.15	57.27	74.0	56.64	30.46	43.91	46.82	66.75	18.0	96.21	41.23	41.23	67.08	67.91	90.35	82.22	87.13	15.23	76.42	76.03	63.53	57.72	55.15	77.88	38.28	88.81	29.0	58.6	62.29	54.12	66.61	39.46	73.66	44.28	62.2	36.4	60.21
35	78.0	16.12	36.0	28.07	54.41	63.78	68.88	16.12	31.62	42.0	81.22	65.05	56.57	44.41	89.64	24.33	52.04	54.41	72.14	66.6	81.61	21.63	56.36	59.23	53.85	12.81	82.0	40.05	47.71	85.88	66.03	43.91	72.47	24.41	78.1	0.0	31.05	51.61	71.55	58.86	72.72	27.2	23.41	29.12	55.17	52.5	43.86	39.45	92.02	60.13	62.51	44.72	59.06	38.47	23.32	38.05	22.0	42.19	64.03	4.47	6.32	40.5	82.46	89.87	25.18	52.35	48.37	63.16	72.18	55.32	32.2	42.44	39.05	50.54	35.17	43.28	47.17	48.84
36	80.0	47.07	10.0	58.86	75.6	91.21	70.0	29.12	18.0	72.44	107.63	93.23	84.88	74.24	116.1	55.32	82.22	85.44	100.0	95.41	107.52	20.59	86.93	88.09	84.9	20.0	88.81	55.57	48.17	109.34	92.02	74.32	72.11	11.66	89.84	31.05	0.0	81.41	95.02	68.96	102.86	40.5	48.41	16.12	83.23	59.67	67.88	43.17	119.33	72.8	93.38	49.03	83.45	26.31	22.36	68.26	52.61	72.99	78.79	35.44	26.0	30.27	109.12	115.26	12.08	54.23	79.25	66.19	99.81	84.38	35.74	72.45	56.86	81.15	46.96	72.56	53.6	77.7
37	83.35	38.21	83.57	31.3	34.06	18.0	78.79	63.66	74.73	30.0	34.93	16.49	10.2	7.21	42.38	31.62	33.53	17.2	23.41	16.12	36.5	72.25	8.94	44.94	18.87	64.4	78.1	45.12	68.73	46.04	24.33	8.94	83.26	76.03	66.48	51.61	81.41	0.0	35.44	59.06	21.54	50.16	34.93	73.38	10.77	61.35	26.0	62.13	42.94	54.92	29.73	62.8	26.08	76.94	64.56	32.25	36.06	26.0	52.5	47.2	55.57	76.42	35.44	44.91	72.24	68.88	24.74	72.62	24.04	6.0	61.13	9.22	41.0	7.62	51.16	9.22	60.64	6.71
38	62.51	64.03	93.38	62.13	20.0	18.87	62.03	86.93	82.22	64.78	18.0	22.8	25.3	38.21	24.74	60.53	68.96	52.0	21.63	26.91	16.12	93.06	42.05	80.32	53.85	83.35	52.5	41.62	62.77	14.42	11.66	42.43	66.0	93.74	38.63	71.55	95.02	35.44	0.0	42.43	39.7	55.17	48.37	82.07	24.74	50.0	27.78	60.03	30.27	36.22	63.53	57.27	12.65	80.45	73.54	66.27	64.78	60.83	30.0	68.03	72.72	78.23	20.0	21.47	83.49	59.77	60.17	57.31	20.25	29.73	63.6	40.11	39.05	43.01	50.8	36.01	52.92	31.26
39	24.41	61.74	63.56	67.68	26.68	52.95	20.4	74.43	52.0	77.9	60.3	57.27	53.14	56.04	67.08	63.81	86.28	74.89	60.3	61.61	58.55	76.03	68.0	97.59	76.03	66.0	23.41	19.7	24.08	53.14	48.17	60.0	24.74	72.69	20.88	58.86	68.96	59.06	42.43	0.0	74.73	32.06	40.25	53.14	51.26	10.0	33.29	26.0	72.69	6.32	87.66	20.59	38.47	46.65	47.07	76.84	66.24	74.97	13.42	57.72	56.14	43.27	62.29	63.06	57.01	19.21	77.9	15.0	59.21	56.46	33.24	56.4	22.47	65.19	24.02	52.43	15.65	52.35
40	98.08	58.41	105.11	49.52	48.08	22.36	95.08	83.74	96.17	42.94	28.64	17.89	22.09	28.64	32.56	50.99	41.23	24.17	18.44	13.42	31.3	92.8	16.97	50.16	26.0	85.44	90.35	64.03	88.02	43.91	28.84	28.84	99.46	97.1	77.18	72.72	102.86	21.54	39.7	74.73	0.0	71.02	56.32	94.87	24.08	78.92	44.05	82.1	30.0	69.57	30.0	82.02	36.77	98.06	86.02	46.65	55.17	39.45	65.39	68.26	76.94	97.32	27.86	37.64	93.78	87.37	34.93	89.27	19.85	20.1	81.88	30.41	60.01	22.67	71.11	30.68	79.23	26.48
41	50.99	33.94	38.21	43.27	35.38	54.63	42.19	42.43	27.2	56.36	69.34	57.58	50.0	44.0	77.67	38.83	66.21	60.83	63.56	60.73	68.82	44.18	58.0	76.16	61.19	34.06	54.92	15.23	22.8	69.31	53.85	46.17	46.04	41.76	52.15	27.2	40.5	50.16	55.17	32.06	71.02	0.0	16.49	26.91	48.08	25.3	29.53	14.42	81.63	34.23	72.28	18.44	44.41	27.2	18.44	53.85	39.7	54.63	39.29	26.83	24.08	26.31	71.02	76.06	28.6	26.25	59.46	36.24	63.07	50.99	11.0	43.05	16.4	53.08	8.06	41.05	20.12	44.55
42	62.8	21.54	49.19	28.28	31.05	42.8	55.17	39.29	39.85	40.5	59.4	44.94	36.72	28.28	67.88	24.08	50.12	44.41	51.61	47.41	59.46	44.72	42.19	60.46	44.72	34.99	63.56	20.59	38.47	62.77	43.86	30.0	59.4	45.61	57.27	23.41	48.41	34.93	48.37	40.25	56.32	16.49	0.0	38.63	34.99	36.88	20.59	30.46	70.94	39.85	55.79	33.29	36.06	42.19	29.73	38.42	26.08	38.47	42.43	20.4	24.41	42.0	60.83	67.48	38.08	40.8	43.08	48.84	51.4	36.77	27.29	27.07	18.03	37.01	20.81	25.71	33.3	30.08
43	64.03	44.41	11.31	56.32	62.23	80.62	54.04	35.38	2.83	70.46	96.02	83.19	75.15	66.48	104.4	52.15	80.62	80.4	89.55	85.91	95.6	30.53	80.05	88.29	80.22	24.08	72.69	41.23	32.06	96.17	80.45	67.47	56.32	23.41	74.0	29.12	16.12	73.38	82.07	53.14	94.87	26.91	38.63	0.0	73.35	43.68	56.04	27.2	108.17	57.27	90.0	32.98	71.22	11.66	8.94	66.75	50.64	70.11	63.53	32.56	22.8	15.23	97.65	102.94	5.83	38.12	76.03	50.09	89.19	75.39	20.12	65.0	43.14	74.53	32.2	64.2	37.64	68.71
44	75.15	43.91	84.12	39.29	25.06	8.94	71.47	68.82	74.32	40.2	26.83	10.0	2.0	14.14	34.99	38.63	44.27	27.78	16.97	12.65	27.86	76.58	18.44	55.71	29.53	67.88	68.82	40.0	64.0	36.06	14.0	18.0	75.89	79.25	56.64	55.17	83.23	10.77	24.74	51.26	24.08	48.08	34.99	73.35	0.0	54.92	20.0	58.31	36.88	46.52	40.0	58.0	15.62	75.29	64.4	42.0	43.08	36.22	43.27	50.99	58.14	74.22	27.78	36.4	73.06	63.29	35.44	65.52	17.03	5.66	58.69	16.28	36.01	18.38	47.38	13.0	55.15	7.28
45	26.08	57.69	53.85	65.12	32.06	58.03	18.44	67.47	42.38	76.58	67.47	62.13	56.89	57.27	74.73	60.96	85.6	76.03	66.03	66.27	65.97	68.12	70.23	96.54	76.94	58.31	30.07	17.2	14.14	61.74	54.15	60.83	22.8	64.12	30.46	52.5	59.67	61.35	50.0	10.0	78.92	25.3	36.88	43.68	54.92	0.0	35.44	16.49	80.05	15.62	88.59	10.77	44.05	36.72	38.21	74.97	62.8	74.03	22.8	52.0	49.03	33.29	69.43	71.17	47.85	9.85	77.67	12.04	65.07	59.67	24.19	57.25	21.1	66.71	17.46	53.71	6.08	54.71
46	57.69	38.05	67.2	39.29	12.17	25.3	52.8	59.46	56.6	46.65	40.0	28.64	22.0	22.8	48.41	36.5	54.04	41.62	34.18	32.25	39.7	65.3	34.93	65.6	42.8	55.57	53.81	20.0	44.0	42.19	24.41	26.91	57.27	66.03	43.91	43.86	67.88	26.0	27.78	33.29	44.05	29.53	20.59	56.04	20.0	35.44	0.0	38.47	52.15	29.73	54.41	38.0	15.62	56.46	47.2	46.52	40.2	43.27	28.84	40.5	44.94	55.03	41.62	47.38	56.73	43.42	45.34	46.62	33.62	24.33	39.56	23.35	16.03	31.91	27.66	19.21	35.23	19.31
47	39.29	48.17	37.58	57.69	40.25	63.56	29.73	53.14	26.0	70.71	76.16	67.08	60.3	56.57	84.1	53.25	80.5	74.22	72.28	70.71	75.15	52.61	70.46	90.55	74.73	43.17	46.04	18.97	8.49	73.24	61.35	59.23	33.11	48.0	46.82	39.45	43.17	62.13	60.03	26.0	82.1	14.42	30.46	27.2	58.31	16.49	38.47	0.0	88.77	30.53	86.02	6.0	51.26	21.26	22.0	68.26	54.04	68.88	37.2	40.0	34.93	18.44	78.0	81.49	31.4	13.0	73.54	24.52	71.57	62.03	8.06	55.9	22.56	65.92	11.0	53.34	10.44	56.01
48	92.09	80.45	119.28	74.24	48.7	28.28	92.2	105.6	108.76	70.88	12.65	27.2	35.61	49.4	6.32	74.43	70.71	52.95	20.0	26.83	14.14	113.45	43.68	80.1	54.92	104.69	80.89	69.86	92.35	23.41	27.78	51.88	96.08	115.97	66.75	92.02	119.33	42.94	30.27	72.69	30.0	81.63	70.94	108.17	36.88	80.05	52.15	88.77	0.0	66.48	60.0	86.65	37.58	108.24	99.3	74.0	78.89	67.05	60.13	87.86	94.76	106.45	10.77	12.53	108.6	89.74	63.56	87.57	19.85	37.74	91.24	51.62	66.64	48.1	78.72	49.41	82.57	43.6
49	28.64	61.35	68.0	66.24	21.54	47.54	26.08	76.03	56.36	75.6	54.15	51.92	48.33	52.5	60.83	62.61	83.55	71.22	54.59	56.32	52.35	78.41	63.81	95.02	72.47	68.26	24.41	20.1	29.73	46.82	42.43	56.64	30.27	75.71	18.0	60.13	72.8	54.92	36.22	6.32	69.57	34.23	39.85	57.27	46.52	15.62	29.73	30.53	66.48	0.0	84.02	25.61	32.98	51.61	50.6	74.89	65.39	72.47	7.21	58.55	58.03	48.41	56.14	56.75	60.75	25.24	74.97	21.1	53.46	51.88	37.16	53.08	21.84	61.4	26.48	48.92	20.62	48.26
50	112.07	46.39	98.33	34.53	63.66	44.72	106.68	68.35	92.02	21.54	57.27	41.23	38.83	31.62	62.29	38.21	14.14	12.81	45.61	37.95	59.67	78.43	21.63	20.4	11.66	73.76	107.63	71.55	93.64	71.47	51.88	27.78	111.14	84.9	96.21	62.51	93.38	29.73	63.53	87.66	30.0	72.28	55.79	90.0	40.0	88.59	54.41	86.02	60.0	84.02	0.0	88.02	55.61	96.52	82.1	26.0	40.79	20.4	82.07	58.31	68.26	97.02	56.89	66.91	87.14	94.94	14.14	100.34	46.84	34.41	82.98	31.38	67.54	22.67	75.61	35.23	86.82	36.07
51	33.53	52.35	43.08	61.22	37.95	62.51	24.17	58.82	31.62	73.78	74.0	66.27	60.0	57.72	81.71	56.85	83.35	75.89	71.02	70.11	72.8	58.55	71.39	93.74	76.55	49.03	40.05	18.0	6.0	69.97	59.67	60.73	27.78	54.0	41.23	44.72	49.03	62.8	57.27	20.59	82.02	18.44	33.29	32.98	58.0	10.77	38.0	6.0	86.65	25.61	88.02	0.0	49.48	26.08	28.0	71.61	58.0	71.69	32.56	44.94	40.5	22.8	75.89	78.72	37.34	7.81	76.03	18.68	70.21	62.13	14.04	57.28	22.02	67.19	12.53	54.34	5.0	56.44
52	61.35	51.42	82.46	50.0	12.0	14.56	58.86	74.32	71.61	53.85	25.06	18.97	16.97	27.2	33.29	48.17	59.09	43.27	22.0	23.41	24.41	80.62	34.06	70.68	44.94	71.02	53.85	32.31	55.32	26.83	10.2	31.62	63.15	81.61	41.23	59.06	83.45	26.08	12.65	38.47	36.77	44.41	36.06	71.22	15.62	44.05	15.62	51.26	37.58	32.98	55.61	49.48	0.0	70.71	62.48	54.92	52.35	50.0	28.64	55.46	60.46	68.88	26.83	31.83	72.18	53.34	50.16	53.34	21.02	21.26	53.71	28.86	29.07	33.62	41.15	24.52	45.71	20.62
53	54.15	52.5	18.11	64.03	60.46	81.71	44.18	46.69	8.94	78.1	95.77	84.76	77.2	70.46	103.94	59.67	88.29	86.02	90.62	87.93	95.02	42.19	84.38	96.77	86.09	35.38	64.03	38.83	23.41	94.02	80.5	72.11	46.0	34.93	67.08	38.47	26.31	76.94	80.45	46.65	98.06	27.2	42.19	11.66	75.29	36.72	56.46	21.26	108.24	51.61	96.52	26.08	70.71	0.0	15.23	74.73	58.82	77.28	58.41	41.23	32.25	4.0	97.53	101.79	17.49	29.41	82.87	41.0	90.08	78.1	17.0	69.26	41.68	79.16	29.68	67.74	31.06	71.59
54	60.83	37.36	20.0	49.03	53.81	71.69	50.99	33.29	10.2	63.15	87.2	74.24	66.21	57.72	95.6	44.72	73.35	72.11	80.62	76.97	86.83	31.05	71.39	81.61	72.03	22.36	68.03	33.29	28.64	87.73	71.61	58.86	53.85	26.0	67.91	23.32	22.36	64.56	73.54	47.07	86.02	18.44	29.73	8.94	64.4	38.21	47.2	22.0	99.3	50.6	82.1	28.0	62.48	15.23	0.0	59.67	43.68	62.51	56.46	26.0	17.2	17.2	88.81	94.26	10.3	34.37	68.26	46.27	80.26	66.48	14.04	56.29	34.83	65.92	24.6	55.36	32.14	59.81
55	100.5	22.36	74.03	10.77	58.31	50.16	93.38	42.38	69.05	4.47	67.08	48.66	42.05	28.07	74.22	15.23	14.0	22.8	55.32	47.54	68.73	52.5	30.46	22.36	21.26	48.37	99.3	58.0	76.55	78.03	56.0	24.0	97.67	59.23	90.35	38.05	68.26	32.25	66.27	76.84	46.65	53.85	38.42	66.75	42.0	74.97	46.52	68.26	74.0	74.89	26.0	71.61	54.92	74.73	59.67	0.0	16.12	7.21	75.18	34.23	44.18	75.89	67.47	77.1	63.2	79.2	12.81	87.0	56.09	38.21	63.51	26.17	54.56	25.96	59.2	30.41	71.7	35.06
56	88.81	6.32	58.0	6.32	52.35	52.0	80.92	28.84	52.95	20.0	69.86	51.88	43.86	29.53	77.82	4.47	30.07	34.0	59.06	52.15	70.94	38.47	38.21	37.95	33.11	32.98	89.44	46.65	62.48	78.1	56.32	27.2	85.04	44.27	82.22	22.0	52.61	36.06	64.78	66.24	55.17	39.7	26.08	50.64	43.08	62.8	40.2	54.04	78.89	65.39	40.79	58.0	52.35	58.82	43.68	16.12	0.0	20.4	67.05	18.11	28.07	60.17	70.68	79.48	47.1	65.76	26.68	74.65	59.48	41.18	48.55	27.29	43.83	32.53	46.01	30.08	58.8	35.85
57	99.04	26.08	78.1	14.14	54.59	44.0	92.46	48.33	72.25	4.0	60.53	42.19	36.06	22.8	67.47	18.0	11.66	15.62	48.66	40.79	62.29	58.31	23.41	22.63	14.14	53.37	96.83	56.85	76.94	72.03	50.16	18.44	96.83	64.56	87.13	42.19	72.99	26.0	60.83	74.97	39.45	54.63	38.47	70.11	36.22	74.03	43.27	68.88	67.05	72.47	20.4	71.69	50.0	77.28	62.51	7.21	20.4	0.0	72.11	38.05	48.04	78.1	60.83	70.58	67.01	79.08	6.32	86.05	49.5	32.0	64.85	21.19	53.15	19.24	59.17	25.63	71.28	29.61
58	32.98	63.56	74.43	67.23	18.44	43.08	32.06	80.1	62.77	75.47	48.0	47.54	44.94	50.99	54.33	63.91	82.8	69.31	49.48	52.0	46.04	83.19	61.22	94.4	70.71	72.99	25.61	24.33	36.88	39.85	37.36	55.32	36.0	81.04	15.23	64.03	78.79	52.5	30.0	13.42	65.39	39.29	42.43	63.53	43.27	22.8	28.84	37.2	60.13	7.21	82.07	32.56	28.64	58.41	56.46	75.18	67.05	72.11	0.0	62.03	62.51	55.32	50.0	50.01	66.71	32.45	74.03	27.66	48.27	48.83	43.42	51.86	25.0	59.41	31.95	47.51	27.59	46.01
