set K:= 1	2	3	4	5	6	7	8	9;
set C_H:= 1	2	3	4	5	6	7	8	9	10	11	12	13	14	15	16	17	18	19	20	21	22	23	24;
set C_S:= 25	26	27	28	29	30	31	32	33	34	35	36	37	38	39	40	41	42	43	44	45	46;
set C_F:= 47	48	49	50	51	52	53	54	55	56	57	58	59	60	61	62	63	64	65	66	67	68;
set M:= 69	70	71	72;
set L_B:= 73	74	75	76	77	78	79	80	81;
set A1:=
(0,*) 1 2 3 4 5 6 7 8 9 10 11 12 13 14 15 16 17 18 19 20 21 22 23 24 47 48 49 50 51 52 53 54 55 56 57 58 59 60 61 62 63 64 65 66 67 68 69 70 71 72 73 74 75 76 77 78 79 80 81
(1,*) 0 2 3 4 5 6 7 8 9 10 11 12 13 14 15 16 17 18 19 20 21 22 23 24 47 48 49 50 51 52 53 54 55 56 57 58 59 60 61 62 63 64 65 66 67 68 69 70 71 72 73 74 75 76 77 78 79 80 81
(2,*) 0 1 3 4 5 6 7 8 9 10 11 12 13 14 15 16 17 18 19 20 21 22 23 24 47 48 49 50 51 52 53 54 55 56 57 58 59 60 61 62 63 64 65 66 67 68 69 70 71 72 73 74 75 76 77 78 79 80 81
(3,*) 0 1 2 4 5 6 7 8 9 10 11 12 13 14 15 16 17 18 19 20 21 22 23 24 47 48 49 50 51 52 53 54 55 56 57 58 59 60 61 62 63 64 65 66 67 68 69 70 71 72 73 74 75 76 77 78 79 80 81
(4,*) 0 1 2 3 5 6 7 8 9 10 11 12 13 14 15 16 17 18 19 20 21 22 23 24 47 48 49 50 51 52 53 54 55 56 57 58 59 60 61 62 63 64 65 66 67 68 69 70 71 72 73 74 75 76 77 78 79 80 81
(5,*) 0 1 2 3 4 6 7 8 9 10 11 12 13 14 15 16 17 18 19 20 21 22 23 24 47 48 49 50 51 52 53 54 55 56 57 58 59 60 61 62 63 64 65 66 67 68 69 70 71 72 73 74 75 76 77 78 79 80 81
(6,*) 0 1 2 3 4 5 7 8 9 10 11 12 13 14 15 16 17 18 19 20 21 22 23 24 47 48 49 50 51 52 53 54 55 56 57 58 59 60 61 62 63 64 65 66 67 68 69 70 71 72 73 74 75 76 77 78 79 80 81
(7,*) 0 1 2 3 4 5 6 8 9 10 11 12 13 14 15 16 17 18 19 20 21 22 23 24 47 48 49 50 51 52 53 54 55 56 57 58 59 60 61 62 63 64 65 66 67 68 69 70 71 72 73 74 75 76 77 78 79 80 81
(8,*) 0 1 2 3 4 5 6 7 9 10 11 12 13 14 15 16 17 18 19 20 21 22 23 24 47 48 49 50 51 52 53 54 55 56 57 58 59 60 61 62 63 64 65 66 67 68 69 70 71 72 73 74 75 76 77 78 79 80 81
(9,*) 0 1 2 3 4 5 6 7 8 10 11 12 13 14 15 16 17 18 19 20 21 22 23 24 47 48 49 50 51 52 53 54 55 56 57 58 59 60 61 62 63 64 65 66 67 68 69 70 71 72 73 74 75 76 77 78 79 80 81
(10,*) 0 1 2 3 4 5 6 7 8 9 11 12 13 14 15 16 17 18 19 20 21 22 23 24 47 48 49 50 51 52 53 54 55 56 57 58 59 60 61 62 63 64 65 66 67 68 69 70 71 72 73 74 75 76 77 78 79 80 81
(11,*) 0 1 2 3 4 5 6 7 8 9 10 12 13 14 15 16 17 18 19 20 21 22 23 24 47 48 49 50 51 52 53 54 55 56 57 58 59 60 61 62 63 64 65 66 67 68 69 70 71 72 73 74 75 76 77 78 79 80 81
(12,*) 0 1 2 3 4 5 6 7 8 9 10 11 13 14 15 16 17 18 19 20 21 22 23 24 47 48 49 50 51 52 53 54 55 56 57 58 59 60 61 62 63 64 65 66 67 68 69 70 71 72 73 74 75 76 77 78 79 80 81
(13,*) 0 1 2 3 4 5 6 7 8 9 10 11 12 14 15 16 17 18 19 20 21 22 23 24 47 48 49 50 51 52 53 54 55 56 57 58 59 60 61 62 63 64 65 66 67 68 69 70 71 72 73 74 75 76 77 78 79 80 81
(14,*) 0 1 2 3 4 5 6 7 8 9 10 11 12 13 15 16 17 18 19 20 21 22 23 24 47 48 49 50 51 52 53 54 55 56 57 58 59 60 61 62 63 64 65 66 67 68 69 70 71 72 73 74 75 76 77 78 79 80 81
(15,*) 0 1 2 3 4 5 6 7 8 9 10 11 12 13 14 16 17 18 19 20 21 22 23 24 47 48 49 50 51 52 53 54 55 56 57 58 59 60 61 62 63 64 65 66 67 68 69 70 71 72 73 74 75 76 77 78 79 80 81
(16,*) 0 1 2 3 4 5 6 7 8 9 10 11 12 13 14 15 17 18 19 20 21 22 23 24 47 48 49 50 51 52 53 54 55 56 57 58 59 60 61 62 63 64 65 66 67 68 69 70 71 72 73 74 75 76 77 78 79 80 81
(17,*) 0 1 2 3 4 5 6 7 8 9 10 11 12 13 14 15 16 18 19 20 21 22 23 24 47 48 49 50 51 52 53 54 55 56 57 58 59 60 61 62 63 64 65 66 67 68 69 70 71 72 73 74 75 76 77 78 79 80 81
(18,*) 0 1 2 3 4 5 6 7 8 9 10 11 12 13 14 15 16 17 19 20 21 22 23 24 47 48 49 50 51 52 53 54 55 56 57 58 59 60 61 62 63 64 65 66 67 68 69 70 71 72 73 74 75 76 77 78 79 80 81
(19,*) 0 1 2 3 4 5 6 7 8 9 10 11 12 13 14 15 16 17 18 20 21 22 23 24 47 48 49 50 51 52 53 54 55 56 57 58 59 60 61 62 63 64 65 66 67 68 69 70 71 72 73 74 75 76 77 78 79 80 81
(20,*) 0 1 2 3 4 5 6 7 8 9 10 11 12 13 14 15 16 17 18 19 21 22 23 24 47 48 49 50 51 52 53 54 55 56 57 58 59 60 61 62 63 64 65 66 67 68 69 70 71 72 73 74 75 76 77 78 79 80 81
(21,*) 0 1 2 3 4 5 6 7 8 9 10 11 12 13 14 15 16 17 18 19 20 22 23 24 47 48 49 50 51 52 53 54 55 56 57 58 59 60 61 62 63 64 65 66 67 68 69 70 71 72 73 74 75 76 77 78 79 80 81
(22,*) 0 1 2 3 4 5 6 7 8 9 10 11 12 13 14 15 16 17 18 19 20 21 23 24 47 48 49 50 51 52 53 54 55 56 57 58 59 60 61 62 63 64 65 66 67 68 69 70 71 72 73 74 75 76 77 78 79 80 81
(23,*) 0 1 2 3 4 5 6 7 8 9 10 11 12 13 14 15 16 17 18 19 20 21 22 24 47 48 49 50 51 52 53 54 55 56 57 58 59 60 61 62 63 64 65 66 67 68 69 70 71 72 73 74 75 76 77 78 79 80 81
(24,*) 0 1 2 3 4 5 6 7 8 9 10 11 12 13 14 15 16 17 18 19 20 21 22 23 47 48 49 50 51 52 53 54 55 56 57 58 59 60 61 62 63 64 65 66 67 68 69 70 71 72 73 74 75 76 77 78 79 80 81
(47,*) 0 1 2 3 4 5 6 7 8 9 10 11 12 13 14 15 16 17 18 19 20 21 22 23 24 48 49 50 51 52 53 54 55 56 57 58 59 60 61 62 63 64 65 66 67 68 69 70 71 72 73 74 75 76 77 78 79 80 81
(48,*) 0 1 2 3 4 5 6 7 8 9 10 11 12 13 14 15 16 17 18 19 20 21 22 23 24 47 49 50 51 52 53 54 55 56 57 58 59 60 61 62 63 64 65 66 67 68 69 70 71 72 73 74 75 76 77 78 79 80 81
(49,*) 0 1 2 3 4 5 6 7 8 9 10 11 12 13 14 15 16 17 18 19 20 21 22 23 24 47 48 50 51 52 53 54 55 56 57 58 59 60 61 62 63 64 65 66 67 68 69 70 71 72 73 74 75 76 77 78 79 80 81
(50,*) 0 1 2 3 4 5 6 7 8 9 10 11 12 13 14 15 16 17 18 19 20 21 22 23 24 47 48 49 51 52 53 54 55 56 57 58 59 60 61 62 63 64 65 66 67 68 69 70 71 72 73 74 75 76 77 78 79 80 81
(51,*) 0 1 2 3 4 5 6 7 8 9 10 11 12 13 14 15 16 17 18 19 20 21 22 23 24 47 48 49 50 52 53 54 55 56 57 58 59 60 61 62 63 64 65 66 67 68 69 70 71 72 73 74 75 76 77 78 79 80 81
(52,*) 0 1 2 3 4 5 6 7 8 9 10 11 12 13 14 15 16 17 18 19 20 21 22 23 24 47 48 49 50 51 53 54 55 56 57 58 59 60 61 62 63 64 65 66 67 68 69 70 71 72 73 74 75 76 77 78 79 80 81
(53,*) 0 1 2 3 4 5 6 7 8 9 10 11 12 13 14 15 16 17 18 19 20 21 22 23 24 47 48 49 50 51 52 54 55 56 57 58 59 60 61 62 63 64 65 66 67 68 69 70 71 72 73 74 75 76 77 78 79 80 81
(54,*) 0 1 2 3 4 5 6 7 8 9 10 11 12 13 14 15 16 17 18 19 20 21 22 23 24 47 48 49 50 51 52 53 55 56 57 58 59 60 61 62 63 64 65 66 67 68 69 70 71 72 73 74 75 76 77 78 79 80 81
(55,*) 0 1 2 3 4 5 6 7 8 9 10 11 12 13 14 15 16 17 18 19 20 21 22 23 24 47 48 49 50 51 52 53 54 56 57 58 59 60 61 62 63 64 65 66 67 68 69 70 71 72 73 74 75 76 77 78 79 80 81
(56,*) 0 1 2 3 4 5 6 7 8 9 10 11 12 13 14 15 16 17 18 19 20 21 22 23 24 47 48 49 50 51 52 53 54 55 57 58 59 60 61 62 63 64 65 66 67 68 69 70 71 72 73 74 75 76 77 78 79 80 81
(57,*) 0 1 2 3 4 5 6 7 8 9 10 11 12 13 14 15 16 17 18 19 20 21 22 23 24 47 48 49 50 51 52 53 54 55 56 58 59 60 61 62 63 64 65 66 67 68 69 70 71 72 73 74 75 76 77 78 79 80 81
(58,*) 0 1 2 3 4 5 6 7 8 9 10 11 12 13 14 15 16 17 18 19 20 21 22 23 24 47 48 49 50 51 52 53 54 55 56 57 59 60 61 62 63 64 65 66 67 68 69 70 71 72 73 74 75 76 77 78 79 80 81
(59,*) 0 1 2 3 4 5 6 7 8 9 10 11 12 13 14 15 16 17 18 19 20 21 22 23 24 47 48 49 50 51 52 53 54 55 56 57 58 60 61 62 63 64 65 66 67 68 69 70 71 72 73 74 75 76 77 78 79 80 81
(60,*) 0 1 2 3 4 5 6 7 8 9 10 11 12 13 14 15 16 17 18 19 20 21 22 23 24 47 48 49 50 51 52 53 54 55 56 57 58 59 61 62 63 64 65 66 67 68 69 70 71 72 73 74 75 76 77 78 79 80 81
(61,*) 0 1 2 3 4 5 6 7 8 9 10 11 12 13 14 15 16 17 18 19 20 21 22 23 24 47 48 49 50 51 52 53 54 55 56 57 58 59 60 62 63 64 65 66 67 68 69 70 71 72 73 74 75 76 77 78 79 80 81
(62,*) 0 1 2 3 4 5 6 7 8 9 10 11 12 13 14 15 16 17 18 19 20 21 22 23 24 47 48 49 50 51 52 53 54 55 56 57 58 59 60 61 63 64 65 66 67 68 69 70 71 72 73 74 75 76 77 78 79 80 81
(63,*) 0 1 2 3 4 5 6 7 8 9 10 11 12 13 14 15 16 17 18 19 20 21 22 23 24 47 48 49 50 51 52 53 54 55 56 57 58 59 60 61 62 64 65 66 67 68 69 70 71 72 73 74 75 76 77 78 79 80 81
(64,*) 0 1 2 3 4 5 6 7 8 9 10 11 12 13 14 15 16 17 18 19 20 21 22 23 24 47 48 49 50 51 52 53 54 55 56 57 58 59 60 61 62 63 65 66 67 68 69 70 71 72 73 74 75 76 77 78 79 80 81
(65,*) 0 1 2 3 4 5 6 7 8 9 10 11 12 13 14 15 16 17 18 19 20 21 22 23 24 47 48 49 50 51 52 53 54 55 56 57 58 59 60 61 62 63 64 66 67 68 69 70 71 72 73 74 75 76 77 78 79 80 81
(66,*) 0 1 2 3 4 5 6 7 8 9 10 11 12 13 14 15 16 17 18 19 20 21 22 23 24 47 48 49 50 51 52 53 54 55 56 57 58 59 60 61 62 63 64 65 67 68 69 70 71 72 73 74 75 76 77 78 79 80 81
(67,*) 0 1 2 3 4 5 6 7 8 9 10 11 12 13 14 15 16 17 18 19 20 21 22 23 24 47 48 49 50 51 52 53 54 55 56 57 58 59 60 61 62 63 64 65 66 68 69 70 71 72 73 74 75 76 77 78 79 80 81
(68,*) 0 1 2 3 4 5 6 7 8 9 10 11 12 13 14 15 16 17 18 19 20 21 22 23 24 47 48 49 50 51 52 53 54 55 56 57 58 59 60 61 62 63 64 65 66 67 69 70 71 72 73 74 75 76 77 78 79 80 81
(69,*) 0 1 2 3 4 5 6 7 8 9 10 11 12 13 14 15 16 17 18 19 20 21 22 23 24 47 48 49 50 51 52 53 54 55 56 57 58 59 60 61 62 63 64 65 66 67 68 71 72 73 74 75 76 77 78 79 80 81
(70,*) 0 1 2 3 4 5 6 7 8 9 10 11 12 13 14 15 16 17 18 19 20 21 22 23 24 47 48 49 50 51 52 53 54 55 56 57 58 59 60 61 62 63 64 65 66 67 68 71 72 73 74 75 76 77 78 79 80 81
(71,*) 0 1 2 3 4 5 6 7 8 9 10 11 12 13 14 15 16 17 18 19 20 21 22 23 24 47 48 49 50 51 52 53 54 55 56 57 58 59 60 61 62 63 64 65 66 67 68 69 70 73 74 75 76 77 78 79 80 81
(72,*) 0 1 2 3 4 5 6 7 8 9 10 11 12 13 14 15 16 17 18 19 20 21 22 23 24 47 48 49 50 51 52 53 54 55 56 57 58 59 60 61 62 63 64 65 66 67 68 69 70 73 74 75 76 77 78 79 80 81
(73,*) 0 1 2 3 4 5 6 7 8 9 10 11 12 13 14 15 16 17 18 19 20 21 22 23 24 47 48 49 50 51 52 53 54 55 56 57 58 59 60 61 62 63 64 65 66 67 68 69 70 71 72 74 75 76 77 78 79 80 81
(74,*) 0 1 2 3 4 5 6 7 8 9 10 11 12 13 14 15 16 17 18 19 20 21 22 23 24 47 48 49 50 51 52 53 54 55 56 57 58 59 60 61 62 63 64 65 66 67 68 69 70 71 72 73 75 76 77 78 79 80 81
(75,*) 0 1 2 3 4 5 6 7 8 9 10 11 12 13 14 15 16 17 18 19 20 21 22 23 24 47 48 49 50 51 52 53 54 55 56 57 58 59 60 61 62 63 64 65 66 67 68 69 70 71 72 73 74 76 77 78 79 80 81
(76,*) 0 1 2 3 4 5 6 7 8 9 10 11 12 13 14 15 16 17 18 19 20 21 22 23 24 47 48 49 50 51 52 53 54 55 56 57 58 59 60 61 62 63 64 65 66 67 68 69 70 71 72 73 74 75 77 78 79 80 81
(77,*) 0 1 2 3 4 5 6 7 8 9 10 11 12 13 14 15 16 17 18 19 20 21 22 23 24 47 48 49 50 51 52 53 54 55 56 57 58 59 60 61 62 63 64 65 66 67 68 69 70 71 72 73 74 75 76 78 79 80 81
(78,*) 0 1 2 3 4 5 6 7 8 9 10 11 12 13 14 15 16 17 18 19 20 21 22 23 24 47 48 49 50 51 52 53 54 55 56 57 58 59 60 61 62 63 64 65 66 67 68 69 70 71 72 73 74 75 76 77 79 80 81
(79,*) 0 1 2 3 4 5 6 7 8 9 10 11 12 13 14 15 16 17 18 19 20 21 22 23 24 47 48 49 50 51 52 53 54 55 56 57 58 59 60 61 62 63 64 65 66 67 68 69 70 71 72 73 74 75 76 77 78 80 81
(80,*) 0 1 2 3 4 5 6 7 8 9 10 11 12 13 14 15 16 17 18 19 20 21 22 23 24 47 48 49 50 51 52 53 54 55 56 57 58 59 60 61 62 63 64 65 66 67 68 69 70 71 72 73 74 75 76 77 78 79 81
(81,*) 0 1 2 3 4 5 6 7 8 9 10 11 12 13 14 15 16 17 18 19 20 21 22 23 24 47 48 49 50 51 52 53 54 55 56 57 58 59 60 61 62 63 64 65 66 67 68 69 70 71 72 73 74 75 76 77 78 79 80
;
set A2:=
(69,*) 70
(70,*) 69
(71,*) 72
(72,*) 71
;
param BigM:=99999;
param n:= 9;
param d:=
1	6
2	1
3	1
4	18
5	10
6	5
7	12
8	6
9	2
10	13
11	17
12	3
13	7
14	12
15	5
16	4
17	13
18	19
19	15
20	15
21	7
22	5
23	24
24	8
25	2
26	1
27	16
28	12
29	5
30	9
31	16
32	6
33	20
34	23
35	8
36	2
37	23
38	20
39	13
40	25
41	15
42	5
43	8
44	8
45	24
46	18
47	9
48	5
49	3
50	9
51	39
52	17
53	10
54	7
55	21
56	12
57	23
58	10
59	7
60	13
61	30
62	9
63	23
64	25
65	12
66	25
67	22
68	7
;
param Q:=100;
param w:=
[69,*] 70 0.5
[70,*] 69 0.5
[71,*] 72 0.5
[72,*] 71 0.5
;
param V:=
[69,*] 70 94
[70,*] 69 94
[71,*] 72 97
[72,*] 71 97
;
param e:
	69	70	71	72	73	74	75	76	77	78	79	80	81:=
25	0	1	0	1	1	0	0	0	0	0	1	0	0	
26	1	0	1	0	0	0	0	0	0	0	0	1	0	
27	0	0	0	1	1	0	0	0	0	0	0	0	0	
28	0	1	1	0	1	0	0	0	0	0	0	0	0	
29	1	0	0	1	0	0	0	0	1	0	0	0	0	
30	0	0	0	1	1	0	0	0	0	0	1	0	0	
31	0	0	0	1	0	0	0	0	0	0	0	1	0	
32	0	0	1	0	0	1	0	0	0	0	0	0	0	
33	1	0	1	0	0	1	0	0	1	0	0	0	0	
34	0	1	0	0	1	0	0	0	0	0	1	0	0	
35	1	0	0	0	0	0	0	1	0	0	0	0	0	
36	0	1	1	0	0	0	1	0	0	0	0	0	1	
37	1	0	0	1	0	0	0	0	0	0	0	1	0	
38	0	0	0	1	0	0	0	0	0	1	0	0	0	
39	0	0	0	1	0	0	0	1	0	0	0	0	0	
40	0	1	0	0	0	0	0	0	0	0	1	0	0	
41	0	0	0	1	1	0	0	0	0	0	1	0	0	
42	0	1	1	0	0	0	0	0	0	1	0	0	0	
43	1	0	0	1	0	0	0	1	0	0	0	0	0	
44	0	1	0	1	0	0	0	0	0	1	1	0	0	
45	1	0	0	0	0	1	0	0	1	0	0	1	0	
46	0	1	0	0	0	0	1	0	0	1	1	0	0	
47	1	0	0	0	0	0	0	0	1	0	0	0	0	
48	0	1	1	0	0	0	1	0	0	1	0	0	1	
49	1	0	1	0	0	1	0	1	1	0	0	1	0	
50	0	1	0	1	0	0	0	0	0	0	1	0	0	
51	0	1	1	0	0	0	1	0	0	0	0	0	0	
52	0	0	1	1	1	0	0	1	0	0	0	0	0	
53	0	1	1	0	0	0	0	0	0	0	0	1	0	
54	1	0	0	0	0	0	0	1	1	0	0	0	0	
55	0	1	0	1	0	0	0	0	0	0	1	0	0	
56	0	0	0	1	1	0	0	1	0	0	0	0	0	
57	0	1	0	0	0	0	1	0	0	1	0	0	1	
58	1	0	0	1	1	0	0	1	0	0	0	0	0	
59	1	0	0	1	0	0	0	0	1	0	0	0	0	
60	0	1	1	0	0	0	1	0	0	1	0	0	1	
61	0	1	0	1	1	0	0	1	0	0	0	0	0	
62	1	0	0	0	0	0	0	0	1	0	0	0	0	
63	0	1	0	1	0	0	0	0	0	0	1	0	0	
64	1	0	0	0	0	0	0	0	1	0	0	0	0	
65	1	0	1	0	0	1	0	0	1	0	0	1	0	
66	0	1	0	1	1	0	0	0	0	0	1	0	0	
67	1	0	0	1	0	0	0	0	1	0	0	0	0	
68	0	1	0	0	0	0	1	0	0	0	1	0	0	
;
param p:=
1	3
2	3
3	3
4	3
5	3
6	3
7	3
8	3
9	3
;
param G:=
69	94
70	70
71	70
72	97
73	90
74	70
75	72
76	77
77	71
78	76
79	74
80	79
81	87
;
param s:=
0	0
1	10
2	10
3	10
4	10
5	10
6	10
7	10
8	10
9	10
10	10
11	10
12	10
13	10
14	10
15	10
16	10
17	10
18	10
19	10
20	10
21	10
22	10
23	10
24	10
47	10
48	10
49	10
50	10
51	10
52	10
53	10
54	10
55	10
56	10
57	10
58	10
59	10
60	10
61	10
62	10
63	10
64	10
65	10
66	10
67	10
68	10
69	10
70	10
71	10
72	10
73	10
74	10
75	10
76	10
77	10
78	10
79	10
80	10
81	10
;
param t:
	0	1	2	3	4	5	6	7	8	9	10	11	12	13	14	15	16	17	18	19	20	21	22	23	24	25	26	27	28	29	30	31	32	33	34	35	36	37	38	39	40	41	42	43	44	45	46	47	48	49	50	51	52	53	54	55	56	57	58	59	60	61	62	63	64	65	66	67	68	69	70	71	72	73	74	75	76	77	78	79	80	81:=
0	0.0	54.13	60.0	39.22	27.86	53.81	55.01	22.83	63.81	25.61	24.41	8.25	31.58	17.49	66.47	46.69	59.36	26.02	69.31	45.28	32.7	26.91	21.93	49.19	31.02	54.23	34.66	37.54	46.27	27.2	44.28	57.01	6.08	36.35	23.26	40.31	47.68	57.01	61.1	44.05	56.44	52.55	64.64	22.56	61.74	28.16	47.51	44.82	57.25	13.04	61.13	30.36	11.18	55.44	17.49	49.73	19.65	52.48	37.8	38.6	50.7	29.07	39.2	55.0	44.82	36.4	45.18	28.32	29.73	46.69	57.49	44.41	44.69	29.41	27.86	48.02	18.36	34.0	63.78	47.52	30.41	63.91
1	54.13	0.0	88.6	86.58	39.12	15.81	2.0	44.69	34.44	65.07	76.28	62.24	43.74	46.69	24.08	47.01	31.91	78.16	27.02	73.76	40.71	69.18	34.71	93.01	64.4	75.03	54.12	77.03	28.16	81.15	70.09	86.83	48.3	79.98	39.05	93.3	15.13	86.83	78.72	77.78	53.41	72.8	60.13	73.25	40.22	68.68	30.81	98.27	6.4	61.61	48.84	24.41	48.51	58.31	71.55	43.83	54.15	5.66	79.0	92.28	4.47	62.07	90.8	58.52	96.4	69.89	57.38	80.99	29.02	99.05	14.87	29.43	78.77	58.22	62.63	8.25	66.49	83.87	19.03	48.37	53.0	11.05
2	60.0	88.6	0.0	35.01	50.99	76.94	88.06	81.34	70.26	34.41	71.47	57.31	45.31	76.49	83.01	44.05	68.03	48.05	84.02	15.81	89.87	34.0	60.21	27.2	90.21	15.13	94.49	24.35	97.64	56.89	18.79	3.16	63.03	89.54	53.34	53.15	92.14	3.16	16.64	16.12	43.74	17.03	123.07	45.22	62.51	85.42	60.41	76.01	94.56	70.33	53.15	75.8	53.04	114.59	60.75	49.0	42.45	83.68	25.71	71.18	87.92	31.83	79.91	36.67	83.38	94.89	32.14	71.06	61.74	82.1	80.75	96.52	15.65	33.6	87.13	80.36	43.83	80.52	84.21	43.01	90.27	99.46
3	39.22	86.58	35.01	0.0	48.76	80.36	86.83	61.85	81.99	22.14	40.22	32.65	46.62	56.46	90.62	55.8	78.29	16.28	92.7	29.53	71.87	17.72	52.09	11.4	63.78	40.31	71.87	15.0	84.93	23.71	32.45	32.06	44.64	58.52	47.68	18.25	84.15	32.06	46.49	22.85	61.52	40.25	102.96	17.0	76.28	57.28	67.12	41.05	91.2	44.41	70.18	66.12	39.05	93.3	31.11	61.03	32.56	83.19	12.21	36.5	84.21	27.29	45.88	55.97	48.84	67.18	45.97	38.47	57.71	47.27	84.48	83.2	22.47	31.76	61.07	78.92	21.38	47.85	89.81	55.61	67.74	97.42
4	27.86	39.12	50.99	48.76	0.0	31.62	39.01	38.33	36.88	26.68	51.88	33.29	6.4	35.36	42.54	20.1	32.56	43.83	44.94	35.47	43.83	31.05	11.18	54.15	55.01	39.2	52.89	38.01	47.51	49.52	32.2	48.85	25.32	63.79	5.0	58.83	41.15	48.85	44.55	38.83	30.15	37.01	76.28	38.28	34.0	54.45	20.52	70.29	44.55	40.52	33.54	25.5	17.0	69.35	43.01	22.2	16.55	35.01	40.11	63.89	37.66	23.0	66.37	30.68	71.87	61.0	23.6	55.23	10.77	73.24	35.74	46.69	39.81	19.1	52.0	31.02	31.06	61.74	41.23	21.21	49.24	50.16
5	53.81	15.81	76.94	80.36	31.62	0.0	14.21	51.08	18.97	58.24	77.79	61.22	34.37	51.48	13.04	33.53	16.12	74.71	16.12	63.07	50.01	62.64	32.02	85.16	71.18	62.59	63.06	68.88	41.44	79.32	59.14	75.54	48.8	84.91	33.54	89.89	28.86	75.54	65.46	68.03	38.59	60.42	74.15	69.32	24.41	73.93	16.76	98.6	22.02	63.89	33.24	29.15	45.49	71.06	71.06	29.55	48.1	10.3	71.2	92.31	18.38	53.94	92.66	44.28	98.31	77.08	44.91	82.04	24.41	100.42	4.12	42.19	69.03	49.65	68.88	11.05	62.17	86.56	10.0	34.79	61.03	24.41
6	55.01	2.0	88.06	86.83	39.01	14.21	0.0	46.23	32.65	65.19	77.42	63.07	43.42	48.08	22.09	46.07	30.23	78.75	25.02	73.35	42.49	69.35	35.17	93.05	66.03	74.33	55.9	77.0	30.15	81.94	69.63	86.35	49.24	81.47	39.2	93.92	17.12	86.35	77.88	77.52	52.2	72.11	62.13	73.76	38.6	70.18	29.68	99.32	7.81	62.8	47.38	25.61	49.04	60.3	72.47	42.72	54.33	4.47	79.03	93.3	6.32	62.01	92.01	57.45	97.62	71.56	56.65	82.1	29.15	100.21	13.0	31.4	78.52	58.08	64.2	8.0	66.94	85.15	17.03	47.41	54.71	11.4
7	22.83	44.69	81.34	61.85	38.33	51.08	46.23	0.0	66.49	47.51	35.17	29.41	44.27	5.39	63.98	58.25	62.17	47.54	67.12	65.95	10.2	49.41	27.46	72.01	20.12	73.5	14.56	60.0	26.68	46.1	64.2	78.49	18.44	35.36	33.53	60.3	33.02	78.49	79.92	65.8	68.25	71.56	42.01	44.94	67.27	24.04	52.15	57.57	45.34	21.1	70.11	21.93	28.43	33.24	35.06	59.41	39.05	45.49	60.46	52.39	40.36	49.58	48.33	68.96	53.67	26.0	60.93	40.26	33.0	56.86	53.67	24.52	66.53	48.6	18.03	41.68	41.18	40.71	59.94	59.44	11.05	51.86
8	63.81	34.44	70.26	81.99	36.88	18.97	32.65	66.49	0.0	60.46	88.2	70.0	36.24	65.8	14.76	27.2	4.47	80.06	14.56	58.94	67.12	64.9	42.49	84.31	86.13	55.15	79.63	68.45	60.21	86.28	54.82	69.58	59.94	98.09	40.8	94.64	47.8	69.58	56.08	65.15	27.07	53.24	92.96	74.41	8.25	87.66	16.4	107.17	40.31	75.59	18.68	45.28	53.6	89.45	79.81	21.84	52.4	29.15	71.11	100.77	37.34	54.71	102.9	34.01	108.47	92.18	39.05	91.84	34.93	110.0	19.72	60.83	66.1	50.25	83.52	29.83	67.27	97.75	18.44	27.89	77.1	41.23
9	25.61	65.07	34.41	22.14	26.68	58.24	65.19	47.51	60.46	0.0	40.05	23.41	24.6	42.45	68.54	35.38	56.6	21.47	70.68	20.25	56.61	4.47	31.26	28.07	55.95	30.41	60.21	13.0	66.85	29.73	20.22	31.4	29.07	57.07	26.02	34.66	64.13	31.4	37.48	18.44	42.72	29.15	89.5	16.16	55.32	51.62	45.18	51.62	70.01	36.25	50.45	46.32	20.12	80.66	29.02	40.31	11.05	61.4	14.32	45.54	63.01	6.71	51.62	38.48	56.29	60.84	27.73	41.11	36.06	56.32	62.36	65.39	19.1	10.63	52.84	57.22	11.0	50.0	67.68	35.47	55.97	76.03
10	24.41	76.28	71.47	40.22	51.88	77.79	77.42	35.17	88.2	40.05	0.0	18.97	54.78	31.02	90.61	69.57	83.76	24.19	93.51	59.68	44.55	38.47	46.23	51.61	26.57	70.35	38.33	47.13	61.85	16.97	60.21	68.31	29.0	18.36	47.51	30.02	67.12	68.31	77.41	55.79	78.85	69.18	69.12	26.25	85.88	18.79	71.87	22.47	78.39	14.76	84.5	51.87	34.89	58.94	11.05	73.16	40.02	75.43	45.88	17.26	72.4	46.01	14.87	76.3	20.52	28.3	65.76	5.1	54.04	22.8	81.32	59.67	56.04	48.26	24.74	71.06	29.07	10.2	87.68	70.21	35.06	85.09
11	8.25	62.24	57.31	32.65	33.29	61.22	63.07	29.41	70.0	23.41	18.97	0.0	35.85	24.04	73.66	50.6	65.6	18.25	76.42	43.66	39.56	23.32	29.21	43.27	33.02	53.6	39.41	33.6	54.08	18.97	43.42	54.2	14.32	34.13	29.21	32.14	55.9	54.2	60.64	41.18	59.91	52.17	70.33	15.65	67.23	28.23	53.6	37.48	65.46	13.04	65.55	38.6	16.4	60.75	9.9	54.23	21.21	60.42	33.3	31.14	58.87	28.44	33.12	57.56	38.59	37.59	47.17	21.95	36.88	40.0	65.0	52.15	41.68	30.02	30.0	55.95	13.6	29.12	71.22	51.24	35.23	72.11
12	31.58	43.74	45.31	46.62	6.4	34.37	43.42	44.27	36.24	24.6	54.78	35.85	0.0	41.0	44.01	15.13	32.2	43.86	46.1	30.08	50.12	29.07	17.49	50.8	60.21	33.02	58.82	34.53	53.81	50.45	26.57	43.32	30.0	67.9	10.77	58.41	47.01	43.32	38.21	34.13	25.02	30.81	82.66	38.21	32.02	59.08	20.59	71.85	49.48	44.55	29.73	31.83	20.4	75.66	45.18	18.38	16.28	39.2	36.88	65.46	42.72	19.65	68.88	24.74	74.24	66.12	17.2	57.7	16.64	75.29	38.47	53.04	35.13	15.3	57.14	35.51	31.11	64.85	43.42	16.03	55.08	54.74
13	17.49	46.69	76.49	56.46	35.36	51.48	48.08	5.39	65.8	42.45	31.02	24.04	41.0	0.0	64.5	55.44	61.4	42.2	67.6	61.22	15.52	44.2	25.0	66.65	20.4	69.12	18.36	54.82	31.26	41.01	59.64	73.59	13.45	33.6	30.41	55.15	36.24	73.59	75.66	60.81	65.49	67.23	47.2	39.56	65.92	22.47	50.8	53.49	48.01	16.49	68.01	22.8	23.85	38.21	30.0	57.04	34.41	46.86	55.22	48.08	42.52	44.82	44.78	65.73	50.25	26.48	57.25	36.06	31.4	53.24	54.38	29.15	61.52	44.1	17.72	42.8	35.85	37.44	60.75	56.57	14.32	54.64
14	66.47	24.08	83.01	90.62	42.54	13.04	22.09	63.98	14.76	68.54	90.61	73.66	44.01	64.5	0.0	39.01	15.3	86.28	3.16	70.46	62.36	73.01	44.55	94.37	84.1	68.07	75.58	78.16	52.01	91.4	66.37	82.02	61.62	97.94	45.22	101.36	39.0	82.02	69.72	76.12	41.0	66.03	84.21	80.78	22.85	86.95	23.77	111.13	28.86	76.84	33.24	42.05	57.63	82.1	83.55	34.01	59.06	20.1	80.65	104.8	28.0	63.57	105.48	47.68	111.13	89.96	51.04	94.76	36.8	113.15	10.44	53.08	77.1	59.14	81.84	22.8	73.57	99.49	5.1	40.0	73.74	28.18
15	46.69	47.01	44.05	55.8	20.1	33.53	46.07	58.25	27.2	35.38	69.57	50.6	15.13	55.44	39.01	0.0	24.33	56.4	40.2	31.78	62.97	39.6	30.81	57.27	75.06	29.27	72.78	41.68	63.6	63.81	27.66	43.01	45.04	83.02	25.08	70.04	54.45	43.01	31.95	37.95	10.05	27.17	94.41	50.8	20.59	74.17	16.76	85.59	53.34	59.68	15.26	42.54	35.51	88.24	59.62	5.39	29.97	41.59	44.42	79.26	47.43	29.0	83.38	12.04	88.64	81.02	12.04	72.24	26.83	89.44	37.11	63.25	38.9	24.76	72.03	39.12	44.1	79.7	40.2	1.41	69.23	57.27
16	59.36	31.91	68.03	78.29	32.56	16.12	30.23	62.17	4.47	56.6	83.76	65.6	32.2	61.4	15.3	24.33	0.0	75.93	16.0	56.09	63.03	61.06	38.01	80.99	81.74	53.0	75.43	65.0	56.75	82.02	51.97	67.19	55.47	93.62	36.4	90.6	44.6	67.19	54.45	62.1	25.71	51.01	89.5	70.29	8.49	83.22	12.04	102.83	38.01	71.12	18.36	41.11	49.2	85.71	75.43	19.1	48.27	26.42	67.62	96.43	34.44	51.0	98.47	32.39	104.04	87.8	36.35	87.42	30.46	105.6	17.69	57.27	63.06	46.53	79.12	26.57	63.13	93.3	17.89	25.18	72.84	39.6
17	26.02	78.16	48.05	16.28	43.83	74.71	78.75	47.54	80.06	21.47	24.19	18.25	43.86	42.2	86.28	56.4	75.93	0.0	88.75	38.12	57.72	18.03	43.66	27.66	47.63	49.25	56.36	24.08	72.25	9.0	39.62	44.91	32.0	42.54	41.18	15.23	73.33	44.91	56.14	33.06	64.14	48.51	87.66	5.66	75.69	41.01	64.03	30.36	82.0	28.65	71.61	55.58	29.73	77.83	14.87	61.07	27.66	75.61	22.36	24.52	75.19	28.18	32.06	59.93	36.06	50.91	49.19	23.09	50.57	35.51	78.71	70.35	33.14	31.91	45.0	71.17	12.81	32.57	84.6	56.61	52.33	88.53
18	69.31	27.02	84.02	92.7	44.94	16.12	25.02	67.12	14.56	70.68	93.51	76.42	46.1	67.6	3.16	40.2	16.0	88.75	0.0	71.85	65.52	75.15	47.38	96.17	87.24	69.0	78.75	80.01	55.04	94.02	67.74	83.15	64.54	101.02	47.8	103.77	42.01	83.15	70.35	77.67	41.44	67.01	87.14	83.22	22.8	90.05	25.63	113.9	31.58	79.81	33.24	45.19	60.31	85.15	86.31	35.06	61.4	23.19	82.54	107.56	31.02	65.55	108.37	48.26	114.02	93.11	52.24	97.62	39.6	116.0	13.6	56.14	78.64	61.1	84.97	25.96	76.01	102.45	8.0	41.11	76.9	30.46
19	45.28	73.76	15.81	29.53	35.47	63.07	73.35	65.95	58.94	20.25	59.68	43.66	30.08	61.22	70.46	31.78	56.09	38.12	71.85	0.0	74.25	21.21	44.42	27.02	76.03	11.18	79.4	14.87	81.84	47.1	4.12	13.42	47.8	77.13	37.59	47.17	76.56	13.42	18.03	7.07	34.48	10.77	107.48	34.01	51.87	71.87	47.04	68.07	79.56	56.46	43.83	60.03	37.54	99.16	48.66	37.11	26.91	69.05	17.46	62.51	72.8	16.4	70.01	28.02	74.17	81.02	19.92	60.13	46.24	73.55	67.03	80.71	7.81	17.8	72.9	65.51	30.81	69.35	71.06	31.05	75.21	84.72
20	32.7	40.71	89.87	71.87	43.83	50.01	42.49	10.2	67.12	56.61	44.55	39.56	50.12	15.52	62.36	62.97	63.03	57.72	65.52	74.25	0.0	58.83	32.65	81.86	24.84	81.06	13.42	69.34	17.89	56.22	72.18	87.11	27.78	41.88	39.45	70.46	27.02	87.11	87.2	74.65	72.73	79.03	33.24	55.03	69.12	30.89	54.33	66.71	40.0	31.0	73.35	22.02	36.88	25.55	45.18	63.32	47.42	42.72	69.97	61.81	36.24	58.05	56.92	74.32	62.03	29.73	67.23	49.65	36.4	65.46	51.92	15.65	75.43	56.59	23.85	39.56	50.99	49.04	57.87	64.26	12.73	46.1
21	26.91	69.18	34.0	17.72	31.05	62.64	69.35	49.41	64.9	4.47	38.47	23.32	29.07	44.2	73.01	39.6	61.06	18.03	75.15	21.21	58.83	0.0	35.06	24.33	56.3	32.02	61.52	10.63	69.89	26.68	22.02	30.89	31.06	56.04	30.15	30.48	67.74	30.89	39.05	17.89	46.62	31.02	91.4	13.15	59.67	51.43	49.65	48.38	74.01	36.36	54.56	49.82	23.09	82.33	27.46	44.6	15.03	65.62	11.18	42.45	67.01	10.63	49.16	42.06	53.6	60.9	31.38	39.01	40.2	53.37	66.76	68.35	18.36	14.87	53.25	61.4	9.85	48.17	72.11	39.62	57.28	80.1
22	21.93	34.71	60.21	52.09	11.18	32.02	35.17	27.46	42.49	31.26	46.23	29.21	17.49	25.0	44.55	30.81	38.01	43.66	47.38	44.42	32.65	35.06	0.0	59.3	45.18	49.52	41.98	43.93	37.44	47.51	41.62	57.8	17.49	55.71	7.07	58.87	32.98	57.8	55.23	46.62	40.79	47.38	65.22	38.6	41.48	45.61	26.57	66.6	39.12	33.12	43.01	15.65	13.93	58.18	39.05	32.06	20.22	31.95	45.54	60.31	32.14	29.73	61.07	41.79	66.71	51.24	34.67	50.25	7.81	68.62	35.81	36.4	47.54	26.83	42.3	27.51	31.78	55.47	42.01	32.02	38.47	45.4
23	49.19	93.01	27.2	11.4	54.15	85.16	93.05	72.01	84.31	28.07	51.61	43.27	50.8	66.65	94.37	57.27	80.99	27.66	96.17	27.02	81.86	24.33	59.3	0.0	75.01	36.24	82.66	16.28	93.96	34.99	30.81	24.7	54.23	69.89	54.01	27.29	92.07	24.7	41.34	20.0	61.29	36.8	113.53	27.8	77.82	68.62	70.6	50.8	98.05	55.44	70.49	74.15	47.3	104.01	42.45	62.65	39.12	89.14	14.04	46.84	91.05	31.26	56.65	55.0	59.2	78.52	46.14	49.74	64.0	57.27	89.27	92.35	19.21	35.51	72.25	85.05	30.87	59.06	94.15	56.8	78.49	104.0
24	31.02	64.4	90.21	63.78	55.01	71.18	66.03	20.12	86.13	55.95	26.57	33.02	60.21	20.4	84.1	75.06	81.74	47.63	87.24	76.03	24.84	56.3	45.18	75.01	0.0	85.23	13.6	66.61	42.44	42.54	75.24	87.13	30.41	17.46	50.01	56.36	51.62	87.13	92.11	74.09	85.09	83.57	42.76	47.38	86.31	8.06	71.2	46.01	64.44	20.0	88.14	42.05	41.0	32.56	32.8	77.03	50.6	65.51	66.22	42.43	60.0	60.01	35.06	84.72	39.46	6.08	75.5	31.05	51.79	43.29	73.79	40.22	74.63	60.41	3.16	61.77	46.62	27.02	80.06	76.11	12.21	70.72
25	54.23	75.03	15.13	40.31	39.2	62.59	74.33	73.5	55.15	30.41	70.35	53.6	33.02	69.12	68.07	29.27	53.0	49.25	69.0	11.18	81.06	32.02	49.52	36.24	85.23	0.0	87.46	25.96	86.68	58.22	10.2	14.87	55.95	87.48	42.45	58.19	79.92	14.87	7.07	17.46	28.64	2.24	114.21	45.01	47.38	81.61	45.89	79.25	81.15	66.1	38.08	64.66	45.28	106.4	59.3	34.06	34.89	69.89	28.46	73.68	74.73	25.3	81.06	21.59	85.29	90.48	17.72	71.03	49.65	84.72	66.29	85.8	17.89	25.06	82.08	66.85	41.3	80.16	69.46	28.16	83.35	85.7
26	34.66	54.12	94.49	71.87	52.89	63.06	55.9	14.56	79.63	60.21	38.33	39.41	58.82	18.36	75.58	72.78	75.43	56.36	78.75	79.4	13.42	61.52	41.98	82.66	13.6	87.46	0.0	72.14	29.73	52.81	77.94	91.55	31.62	31.02	48.08	67.05	40.22	91.55	94.02	78.64	82.76	85.59	31.38	54.92	81.02	21.21	66.0	59.08	53.25	27.73	84.38	34.37	42.19	21.47	42.15	73.82	52.7	56.08	72.25	55.04	49.65	63.01	48.37	83.52	52.95	17.2	75.39	43.19	47.17	56.72	65.15	27.59	79.31	62.43	14.04	52.81	52.5	40.31	71.17	73.98	4.24	59.2
27	37.54	77.03	24.35	15.0	38.01	68.88	77.0	60.0	68.45	13.0	47.13	33.6	34.53	54.82	78.16	41.68	65.0	24.08	80.01	14.87	69.34	10.63	43.93	16.28	66.61	25.96	72.14	0.0	79.85	33.06	17.49	21.19	41.62	65.19	38.21	32.31	76.9	21.19	32.56	9.0	46.75	25.63	102.0	20.88	62.27	61.4	54.41	53.46	82.22	46.62	55.61	59.2	33.11	92.96	36.4	47.01	23.77	73.03	2.83	48.09	75.24	15.03	56.14	41.04	60.0	71.02	31.24	46.87	48.09	59.14	72.99	78.39	9.06	19.24	63.6	69.0	20.0	56.29	77.88	41.34	67.9	88.05
28	46.27	28.16	97.64	84.93	47.51	41.44	30.15	26.68	60.21	66.85	61.85	54.08	53.81	31.26	52.01	63.6	56.75	72.25	55.04	81.84	17.89	69.89	37.44	93.96	42.44	86.68	29.73	79.85	0.0	72.06	79.06	95.19	40.45	59.68	44.41	86.0	13.04	95.19	92.02	83.65	72.4	84.5	32.76	68.73	64.2	48.76	50.99	84.2	25.3	47.68	70.68	22.02	46.82	30.15	61.13	62.43	56.36	32.02	80.99	79.08	24.02	66.65	74.67	75.6	79.85	46.86	70.71	66.94	37.48	83.22	42.05	2.24	84.53	64.14	41.68	30.41	63.56	66.85	47.04	65.0	30.23	30.41
29	27.2	81.15	56.89	23.71	49.52	79.32	81.94	46.1	86.28	29.73	16.97	18.97	50.45	41.01	91.4	63.81	82.02	9.0	94.02	47.1	56.22	26.68	47.51	34.99	42.54	58.22	52.81	33.06	72.06	0.0	48.51	53.76	33.24	35.0	46.23	14.32	74.73	53.76	65.12	42.05	72.01	57.43	84.15	13.6	82.46	35.23	70.01	21.93	84.43	25.5	79.08	57.57	33.84	74.09	11.05	68.24	34.21	79.16	31.26	15.81	77.83	36.4	23.09	68.15	27.07	45.0	57.38	14.76	54.92	26.68	83.22	70.03	42.11	39.81	40.25	74.69	19.72	24.17	89.31	64.14	49.04	91.08
30	44.28	70.09	18.79	32.45	32.2	59.14	69.63	64.2	54.82	20.22	60.21	43.42	26.57	59.64	66.37	27.66	51.97	39.62	67.74	4.12	72.18	22.02	41.62	30.81	75.24	10.2	77.94	17.49	79.06	48.51	0.0	16.76	46.32	77.28	34.67	49.66	73.35	16.76	17.26	10.82	30.53	9.0	105.42	35.13	47.76	71.47	43.01	69.86	75.96	55.97	39.82	57.14	35.81	97.31	49.16	32.98	25.24	65.31	20.25	64.13	69.26	15.23	71.18	24.21	75.54	80.41	15.81	61.0	42.95	75.13	63.07	78.01	11.66	15.62	72.09	61.85	31.14	70.06	67.03	26.93	73.78	81.02
31	57.01	86.83	3.16	32.06	48.85	75.54	86.35	78.49	69.58	31.4	68.31	54.2	43.32	73.59	82.02	43.01	67.19	44.91	83.15	13.42	87.11	30.89	57.8	24.7	87.13	14.87	91.55	21.19	95.19	53.76	16.76	0.0	60.14	86.38	51.0	50.25	89.96	0.0	17.69	13.04	43.42	16.49	120.28	42.06	61.98	82.3	59.14	73.0	92.72	67.23	52.89	73.43	50.25	111.73	57.58	48.09	39.7	82.0	22.56	68.12	86.02	29.07	76.79	36.4	80.31	91.79	31.0	67.91	59.62	79.06	79.4	94.03	12.53	31.06	84.06	78.59	40.71	77.37	83.05	42.05	87.32	97.74
32	6.08	48.3	63.03	44.64	25.32	48.8	49.24	18.44	59.94	29.07	29.0	14.32	30.0	13.45	61.62	45.04	55.47	32.0	64.54	47.8	27.78	31.06	17.49	54.23	30.41	55.95	31.62	41.62	40.45	33.24	46.32	60.14	0.0	38.6	20.4	46.39	41.59	60.14	62.61	47.38	55.01	54.12	60.44	28.28	58.52	29.15	43.86	50.22	51.26	15.65	58.86	24.35	10.77	51.62	23.26	47.52	21.1	46.87	42.19	44.1	44.78	31.4	43.86	54.33	49.52	36.22	45.12	33.3	25.24	51.66	52.35	38.64	48.1	30.89	27.29	42.44	23.41	38.01	58.69	46.01	27.46	57.94
33	36.35	79.98	89.54	58.52	63.79	84.91	81.47	35.36	98.09	57.07	18.36	34.13	67.9	33.6	97.94	83.02	93.62	42.54	101.02	77.13	41.88	56.04	55.71	69.89	17.46	87.48	31.02	65.19	59.68	35.0	77.28	86.38	38.6	0.0	58.94	46.75	68.12	86.38	94.54	73.68	92.78	86.15	58.01	44.38	97.08	11.31	82.28	31.05	80.66	23.35	97.29	56.4	47.52	48.01	28.79	85.91	55.0	80.43	64.08	29.07	75.69	62.51	19.65	91.14	23.02	15.03	81.01	20.52	63.16	27.07	87.92	57.45	74.0	64.12	18.03	76.4	46.32	12.53	94.3	83.86	29.53	87.11
34	23.26	39.05	53.34	47.68	5.0	33.54	39.2	33.53	40.8	26.02	47.51	29.21	10.77	30.41	45.22	25.08	36.4	41.18	47.8	37.59	39.45	30.15	7.07	54.01	50.01	42.45	48.08	38.21	44.41	46.23	34.67	51.0	20.4	58.94	0.0	56.36	39.22	51.0	48.17	40.16	35.13	40.31	72.2	35.78	38.48	49.5	24.41	66.53	44.05	35.74	38.47	22.47	12.81	65.0	39.05	27.17	15.13	35.51	40.05	60.14	37.05	23.54	62.13	35.44	67.68	56.0	27.78	51.04	10.05	69.2	37.58	43.42	41.11	20.25	47.0	31.26	28.64	57.25	43.42	26.17	44.38	50.01
35	40.31	93.3	53.15	18.25	58.83	89.89	93.92	60.3	94.64	34.66	30.02	32.14	58.41	55.15	101.36	70.04	90.6	15.23	103.77	47.17	70.46	30.48	58.87	27.29	56.36	58.19	67.05	32.31	86.0	14.32	49.66	50.25	46.39	46.75	56.36	0.0	87.97	50.25	64.56	40.8	77.01	57.94	98.35	20.59	89.87	48.76	78.82	23.54	97.02	39.81	85.04	70.41	44.94	88.26	25.32	74.95	42.44	90.82	29.73	20.12	90.25	41.11	30.53	72.11	32.31	58.31	61.61	26.4	65.8	30.08	93.91	84.01	40.52	45.28	54.23	86.38	27.78	34.66	99.76	70.09	63.32	103.58
36	47.68	15.13	92.14	84.15	41.15	28.86	17.12	33.02	47.8	64.13	67.12	55.9	47.01	36.24	39.0	54.45	44.6	73.33	42.01	76.56	27.02	67.74	32.98	92.07	51.62	79.92	40.22	76.9	13.04	74.73	73.35	89.96	41.59	68.12	39.22	87.97	0.0	89.96	84.63	79.38	62.48	77.7	45.4	69.07	52.39	56.85	40.22	89.55	13.04	52.39	59.68	18.03	45.1	43.19	64.29	52.5	53.15	19.1	78.45	83.93	11.0	62.64	81.01	66.47	86.45	56.73	63.01	72.09	30.41	89.47	29.15	14.32	80.32	59.46	50.25	18.03	63.01	73.57	34.01	55.87	39.7	19.1
37	57.01	86.83	3.16	32.06	48.85	75.54	86.35	78.49	69.58	31.4	68.31	54.2	43.32	73.59	82.02	43.01	67.19	44.91	83.15	13.42	87.11	30.89	57.8	24.7	87.13	14.87	91.55	21.19	95.19	53.76	16.76	0.0	60.14	86.38	51.0	50.25	89.96	0.0	17.69	13.04	43.42	16.49	120.28	42.06	61.98	82.3	59.14	73.0	92.72	67.23	52.89	73.43	50.25	111.73	57.58	48.09	39.7	82.0	22.56	68.12	86.02	29.07	76.79	36.4	80.31	91.79	31.0	67.91	59.62	79.06	79.4	94.03	12.53	31.06	84.06	78.59	40.71	77.37	83.05	42.05	87.32	97.74
38	61.1	78.72	16.64	46.49	44.55	65.46	77.88	79.92	56.08	37.48	77.41	60.64	38.21	75.66	69.72	31.95	54.45	56.14	70.35	18.03	87.2	39.05	55.23	41.34	92.11	7.07	94.02	32.56	92.02	65.12	17.26	17.69	62.61	94.54	48.17	64.56	84.63	17.69	0.0	23.77	29.02	8.54	120.25	52.0	48.01	88.6	48.7	85.99	84.97	73.08	38.05	70.04	51.88	112.65	66.37	36.14	41.63	73.41	34.93	80.5	78.77	32.28	88.02	22.09	92.2	97.41	21.63	78.06	54.67	91.55	68.96	91.24	24.04	31.78	88.96	70.66	48.37	87.21	71.59	30.68	89.94	89.16
39	44.05	77.78	16.12	22.85	38.83	68.03	77.52	65.8	65.15	18.44	55.79	41.18	34.13	60.81	76.12	37.95	62.1	33.06	77.67	7.07	74.65	17.89	46.62	20.0	74.09	17.46	78.64	9.0	83.65	42.05	10.82	13.04	47.38	73.68	40.16	40.8	79.38	13.04	23.77	0.0	41.34	17.49	107.71	29.61	58.31	69.32	52.47	62.39	83.36	54.2	50.61	62.24	37.8	99.01	44.92	43.32	27.46	73.33	11.18	57.08	76.49	17.0	65.12	35.0	69.0	78.77	26.4	55.73	49.48	68.12	72.06	82.37	1.0	19.92	71.02	69.58	27.73	65.12	76.42	37.34	74.41	88.81
40	56.44	53.41	43.74	61.52	30.15	38.59	52.2	68.25	27.07	42.72	78.85	59.91	25.02	65.49	41.0	10.05	25.71	64.14	41.44	34.48	72.73	46.62	40.79	61.29	85.09	28.64	82.76	46.75	72.4	72.01	30.53	43.42	55.01	92.78	35.13	77.01	62.48	43.42	29.02	41.34	0.0	26.93	103.75	58.67	19.0	84.1	22.67	93.91	59.82	69.46	9.49	51.89	45.28	97.86	68.62	10.0	38.9	47.8	49.58	87.66	54.49	36.06	92.36	7.07	97.5	91.05	15.56	81.27	36.4	98.09	41.59	72.2	42.19	32.25	82.05	46.01	52.33	89.02	43.32	9.0	79.25	62.97
41	52.55	72.8	17.03	40.25	37.01	60.42	72.11	71.56	53.24	29.15	69.18	52.17	30.81	67.23	66.03	27.17	51.01	48.51	67.01	10.77	79.03	31.02	47.38	36.8	83.57	2.24	85.59	25.63	84.5	57.43	9.0	16.49	54.12	86.15	40.31	57.94	77.7	16.49	8.54	17.49	26.93	0.0	112.16	44.1	45.54	80.08	43.74	78.64	78.92	64.56	36.4	62.48	43.42	104.4	58.14	32.02	33.11	67.68	28.23	72.99	72.5	23.77	80.16	19.92	84.48	88.87	15.52	70.0	47.43	84.01	64.13	83.63	18.03	23.26	80.41	64.62	40.11	79.06	67.36	26.08	81.49	83.49
42	64.64	60.13	123.07	102.96	76.28	74.15	62.13	42.01	92.96	89.5	69.12	70.33	82.66	47.2	84.21	94.41	89.5	87.66	87.14	107.48	33.24	91.4	65.22	113.53	42.76	114.21	31.38	102.0	32.76	84.15	105.42	120.28	60.44	58.01	72.2	98.35	45.4	120.28	120.25	107.71	103.75	112.16	0.0	85.96	96.84	50.8	83.22	88.46	56.01	59.09	102.88	51.88	70.04	10.2	73.54	93.94	80.62	64.5	102.42	85.16	56.32	91.24	77.23	106.17	81.02	43.05	99.86	73.76	67.6	85.05	74.55	32.28	108.47	89.83	44.38	63.15	82.93	69.35	79.16	95.77	35.34	59.41
43	22.56	73.25	45.22	17.0	38.28	69.32	73.76	44.94	74.41	16.16	26.25	15.65	38.21	39.56	80.78	50.8	70.29	5.66	83.22	34.01	55.03	13.15	38.6	27.8	47.38	45.01	54.92	20.88	68.73	13.6	35.13	42.06	28.28	44.38	35.78	20.59	69.07	42.06	52.0	29.61	58.67	44.1	85.96	0.0	70.04	41.4	58.41	35.47	77.28	27.66	66.03	51.16	24.74	76.32	15.65	55.44	22.02	70.52	19.7	29.41	70.41	22.85	36.06	54.63	40.45	51.22	43.86	26.17	45.31	40.26	73.35	66.91	29.83	26.42	44.55	66.1	7.21	35.51	79.18	51.04	50.77	83.74
44	61.74	40.22	62.51	76.28	34.0	24.41	38.6	67.27	8.25	55.32	85.88	67.23	32.02	65.92	22.85	20.59	8.49	75.69	22.8	51.87	69.12	59.67	41.48	77.82	86.31	47.38	81.02	62.27	64.2	82.46	47.76	61.98	58.52	97.08	38.48	89.87	52.39	61.98	48.01	58.31	19.0	45.54	96.84	70.04	0.0	87.09	15.13	103.81	46.4	74.09	10.44	47.1	51.0	92.57	76.85	15.26	48.27	34.67	65.0	97.42	42.54	49.2	100.34	26.02	105.82	92.4	31.95	89.19	34.53	107.07	26.17	64.56	59.24	44.82	83.55	34.44	63.03	95.71	26.08	21.02	78.16	48.08
45	28.16	68.68	85.42	57.28	54.45	73.93	70.18	24.04	87.66	51.62	18.79	28.23	59.08	22.47	86.95	74.17	83.22	41.01	90.05	71.87	30.89	51.43	45.61	68.62	8.06	81.61	21.21	61.4	48.76	35.23	71.47	82.3	29.15	11.31	49.5	48.76	56.85	82.3	88.6	69.32	84.1	80.08	50.8	41.4	87.09	0.0	72.12	38.0	69.35	15.52	87.97	45.22	39.01	40.61	26.17	76.66	47.68	69.2	60.75	34.37	64.38	56.32	27.17	83.05	31.78	9.9	73.33	23.09	52.81	35.51	76.85	46.53	69.77	57.27	7.28	65.22	41.59	19.1	83.22	75.11	18.97	75.82
46	47.51	30.81	60.41	67.12	20.52	16.76	29.68	52.15	16.4	45.18	71.87	53.6	20.59	50.8	23.77	16.76	12.04	64.03	25.63	47.04	54.33	49.65	26.57	70.6	71.2	45.89	66.0	54.41	50.99	70.01	43.01	59.14	43.86	82.28	24.41	78.82	40.22	59.14	48.7	52.47	22.67	43.74	83.22	58.41	15.13	72.12	0.0	90.79	37.2	59.51	19.7	32.39	37.2	78.34	63.41	13.04	36.4	25.24	56.92	84.39	31.83	39.92	86.53	27.78	92.09	77.28	28.28	75.45	19.42	93.6	20.4	51.08	53.46	35.47	68.45	23.35	51.22	81.49	24.02	18.03	63.07	40.71
47	44.82	98.27	76.01	41.05	70.29	98.6	99.32	57.57	107.17	51.62	22.47	37.48	71.85	53.49	111.13	85.59	102.83	30.36	113.9	68.07	66.71	48.38	66.6	50.8	46.01	79.25	59.08	53.46	84.2	21.93	69.86	73.0	50.22	31.05	66.53	23.54	89.55	73.0	85.99	62.39	93.91	78.64	88.46	35.47	103.81	38.0	90.79	0.0	100.65	37.16	100.85	73.93	53.76	78.31	27.59	89.89	55.76	97.08	51.24	6.4	94.51	58.31	11.4	90.08	9.9	45.54	79.31	17.46	74.33	6.71	102.3	82.01	62.29	61.74	45.04	92.66	41.59	19.1	108.58	85.96	56.32	107.35
48	57.25	6.4	94.56	91.2	44.55	22.02	7.81	45.34	40.31	70.01	78.39	65.46	49.48	48.01	28.86	53.34	38.01	82.0	31.58	79.56	40.0	74.01	39.12	98.05	64.44	81.15	53.25	82.22	25.3	84.43	75.96	92.72	51.26	80.66	44.05	97.02	13.04	92.72	84.97	83.36	59.82	78.92	56.01	77.28	46.4	69.35	37.2	100.65	0.0	63.63	55.17	26.93	52.61	55.11	74.46	50.22	59.0	12.04	84.1	94.81	7.0	67.36	92.65	64.9	98.18	69.66	63.56	83.24	34.13	101.02	20.59	26.93	84.34	63.64	62.94	14.32	70.71	85.45	23.77	54.71	52.63	6.71
49	13.04	61.61	70.33	44.41	40.52	63.89	62.8	21.1	75.59	36.25	14.76	13.04	44.55	16.49	76.84	59.68	71.12	28.65	79.81	56.46	31.0	36.36	33.12	55.44	20.0	66.1	27.73	46.62	47.68	25.5	55.97	67.23	15.65	23.35	35.74	39.81	52.39	67.23	73.08	54.2	69.46	64.56	59.09	27.66	74.09	15.52	59.51	37.16	63.63	0.0	73.98	37.2	24.19	49.19	14.56	62.59	32.25	60.96	46.23	31.62	57.69	40.8	29.21	68.01	34.83	24.6	58.08	19.7	40.82	37.44	67.27	45.54	54.71	41.77	17.03	56.64	26.63	22.67	73.66	60.53	23.77	70.33
50	61.13	48.84	53.15	70.18	33.54	33.24	47.38	70.11	18.68	50.45	84.5	65.55	29.73	68.01	33.24	15.26	18.36	71.61	33.24	43.83	73.35	54.56	43.01	70.49	88.14	38.08	84.38	55.61	70.68	79.08	39.82	52.89	58.86	97.29	38.47	85.04	59.68	52.89	38.05	50.61	9.49	36.4	102.88	66.03	10.44	87.97	19.7	100.85	55.17	73.98	0.0	51.66	50.0	97.8	74.73	11.4	45.18	43.19	58.41	94.51	50.61	43.93	98.49	16.49	103.79	94.19	24.41	87.32	37.22	104.66	35.61	70.77	51.48	39.82	85.21	42.2	59.36	94.58	36.24	15.0	81.15	57.49
51	30.36	24.41	75.8	66.12	25.5	29.15	25.61	21.93	45.28	46.32	51.87	38.6	31.83	22.8	42.05	42.54	41.11	55.58	45.19	60.03	22.02	49.82	15.65	74.15	42.05	64.66	34.37	59.2	22.02	57.57	57.14	73.43	24.35	56.4	22.47	70.41	18.03	73.43	70.04	62.24	51.89	62.48	51.88	51.16	47.1	45.22	32.39	73.93	26.93	37.2	51.66	0.0	27.07	46.17	47.54	42.15	35.44	24.08	60.64	68.0	20.59	45.31	66.4	54.38	72.01	47.93	48.84	56.6	15.81	74.63	31.76	21.21	63.16	42.49	39.82	20.0	45.0	59.55	38.08	43.91	32.02	33.62
52	11.18	48.51	53.04	39.05	17.0	45.49	49.04	28.43	53.6	20.12	34.89	16.4	20.4	23.85	57.63	35.51	49.2	29.73	60.31	37.54	36.88	23.09	13.93	47.3	41.0	45.28	42.19	33.11	46.82	33.84	35.81	50.25	10.77	47.52	12.81	44.94	45.1	50.25	51.88	37.8	45.28	43.42	70.04	24.74	51.0	39.01	37.2	53.76	52.61	24.19	50.0	27.07	0.0	61.62	26.25	38.6	10.63	45.88	34.18	47.38	45.71	21.21	49.4	44.05	54.92	46.69	34.53	38.28	21.1	56.4	49.4	45.31	38.6	20.25	37.85	41.44	18.11	44.78	55.47	36.35	38.08	59.03
53	55.44	58.31	114.59	93.3	69.35	71.06	60.3	33.24	89.45	80.66	58.94	60.75	75.66	38.21	82.1	88.24	85.71	77.83	85.15	99.16	25.55	82.33	58.18	104.01	32.56	106.4	21.47	92.96	30.15	74.09	97.31	111.73	51.62	48.01	65.0	88.26	43.19	111.73	112.65	99.01	97.86	104.4	10.2	76.32	92.57	40.61	78.34	78.31	55.11	49.19	97.8	46.17	61.62	0.0	63.56	88.26	72.25	62.03	93.24	74.97	54.15	82.81	67.12	99.74	71.0	33.0	92.78	63.56	61.47	75.01	72.01	29.02	99.72	81.69	34.21	60.03	73.6	59.21	77.16	89.55	25.55	59.48
54	17.49	71.55	60.75	31.11	43.01	71.06	72.47	35.06	79.81	29.02	11.05	9.9	45.18	30.0	83.55	59.62	75.43	14.87	86.31	48.66	45.18	27.46	39.05	42.45	32.8	59.3	42.15	36.4	61.13	11.05	49.16	57.58	23.26	28.79	39.05	25.32	64.29	57.58	66.37	44.92	68.62	58.14	73.54	15.65	76.85	26.17	63.41	27.59	74.46	14.56	74.73	47.54	26.25	63.56	0.0	63.51	29.73	69.97	35.34	21.26	68.03	35.06	23.77	65.73	29.07	36.07	55.11	12.65	46.75	30.23	74.81	59.08	45.22	37.48	30.23	65.51	18.03	21.02	81.06	60.17	38.28	81.15
