set K:= 1	2	3	4	5	6	7	8	9;
set C_H:= 1	2	3	4	5	6	7	8	9	10	11	12	13	14	15	16	17	18	19	20;
set C_S:= 21	22	23	24	25	26	27	28	29	30	31	32	33	34	35	36	37	38	39	40;
set C_F:= 41	42	43	44	45	46	47	48	49	50	51	52	53	54	55	56	57	58	59	60;
set M:= 61	62	63	64;
set L_B:= 65	66	67	68	69	70	71	72	73;
set A1:=
(0,*) 1 2 3 4 5 6 7 8 9 10 11 12 13 14 15 16 17 18 19 20 41 42 43 44 45 46 47 48 49 50 51 52 53 54 55 56 57 58 59 60 61 62 63 64 65 66 67 68 69 70 71 72 73
(1,*) 0 2 3 4 5 6 7 8 9 10 11 12 13 14 15 16 17 18 19 20 41 42 43 44 45 46 47 48 49 50 51 52 53 54 55 56 57 58 59 60 61 62 63 64 65 66 67 68 69 70 71 72 73
(2,*) 0 1 3 4 5 6 7 8 9 10 11 12 13 14 15 16 17 18 19 20 41 42 43 44 45 46 47 48 49 50 51 52 53 54 55 56 57 58 59 60 61 62 63 64 65 66 67 68 69 70 71 72 73
(3,*) 0 1 2 4 5 6 7 8 9 10 11 12 13 14 15 16 17 18 19 20 41 42 43 44 45 46 47 48 49 50 51 52 53 54 55 56 57 58 59 60 61 62 63 64 65 66 67 68 69 70 71 72 73
(4,*) 0 1 2 3 5 6 7 8 9 10 11 12 13 14 15 16 17 18 19 20 41 42 43 44 45 46 47 48 49 50 51 52 53 54 55 56 57 58 59 60 61 62 63 64 65 66 67 68 69 70 71 72 73
(5,*) 0 1 2 3 4 6 7 8 9 10 11 12 13 14 15 16 17 18 19 20 41 42 43 44 45 46 47 48 49 50 51 52 53 54 55 56 57 58 59 60 61 62 63 64 65 66 67 68 69 70 71 72 73
(6,*) 0 1 2 3 4 5 7 8 9 10 11 12 13 14 15 16 17 18 19 20 41 42 43 44 45 46 47 48 49 50 51 52 53 54 55 56 57 58 59 60 61 62 63 64 65 66 67 68 69 70 71 72 73
(7,*) 0 1 2 3 4 5 6 8 9 10 11 12 13 14 15 16 17 18 19 20 41 42 43 44 45 46 47 48 49 50 51 52 53 54 55 56 57 58 59 60 61 62 63 64 65 66 67 68 69 70 71 72 73
(8,*) 0 1 2 3 4 5 6 7 9 10 11 12 13 14 15 16 17 18 19 20 41 42 43 44 45 46 47 48 49 50 51 52 53 54 55 56 57 58 59 60 61 62 63 64 65 66 67 68 69 70 71 72 73
(9,*) 0 1 2 3 4 5 6 7 8 10 11 12 13 14 15 16 17 18 19 20 41 42 43 44 45 46 47 48 49 50 51 52 53 54 55 56 57 58 59 60 61 62 63 64 65 66 67 68 69 70 71 72 73
(10,*) 0 1 2 3 4 5 6 7 8 9 11 12 13 14 15 16 17 18 19 20 41 42 43 44 45 46 47 48 49 50 51 52 53 54 55 56 57 58 59 60 61 62 63 64 65 66 67 68 69 70 71 72 73
(11,*) 0 1 2 3 4 5 6 7 8 9 10 12 13 14 15 16 17 18 19 20 41 42 43 44 45 46 47 48 49 50 51 52 53 54 55 56 57 58 59 60 61 62 63 64 65 66 67 68 69 70 71 72 73
(12,*) 0 1 2 3 4 5 6 7 8 9 10 11 13 14 15 16 17 18 19 20 41 42 43 44 45 46 47 48 49 50 51 52 53 54 55 56 57 58 59 60 61 62 63 64 65 66 67 68 69 70 71 72 73
(13,*) 0 1 2 3 4 5 6 7 8 9 10 11 12 14 15 16 17 18 19 20 41 42 43 44 45 46 47 48 49 50 51 52 53 54 55 56 57 58 59 60 61 62 63 64 65 66 67 68 69 70 71 72 73
(14,*) 0 1 2 3 4 5 6 7 8 9 10 11 12 13 15 16 17 18 19 20 41 42 43 44 45 46 47 48 49 50 51 52 53 54 55 56 57 58 59 60 61 62 63 64 65 66 67 68 69 70 71 72 73
(15,*) 0 1 2 3 4 5 6 7 8 9 10 11 12 13 14 16 17 18 19 20 41 42 43 44 45 46 47 48 49 50 51 52 53 54 55 56 57 58 59 60 61 62 63 64 65 66 67 68 69 70 71 72 73
(16,*) 0 1 2 3 4 5 6 7 8 9 10 11 12 13 14 15 17 18 19 20 41 42 43 44 45 46 47 48 49 50 51 52 53 54 55 56 57 58 59 60 61 62 63 64 65 66 67 68 69 70 71 72 73
(17,*) 0 1 2 3 4 5 6 7 8 9 10 11 12 13 14 15 16 18 19 20 41 42 43 44 45 46 47 48 49 50 51 52 53 54 55 56 57 58 59 60 61 62 63 64 65 66 67 68 69 70 71 72 73
(18,*) 0 1 2 3 4 5 6 7 8 9 10 11 12 13 14 15 16 17 19 20 41 42 43 44 45 46 47 48 49 50 51 52 53 54 55 56 57 58 59 60 61 62 63 64 65 66 67 68 69 70 71 72 73
(19,*) 0 1 2 3 4 5 6 7 8 9 10 11 12 13 14 15 16 17 18 20 41 42 43 44 45 46 47 48 49 50 51 52 53 54 55 56 57 58 59 60 61 62 63 64 65 66 67 68 69 70 71 72 73
(20,*) 0 1 2 3 4 5 6 7 8 9 10 11 12 13 14 15 16 17 18 19 41 42 43 44 45 46 47 48 49 50 51 52 53 54 55 56 57 58 59 60 61 62 63 64 65 66 67 68 69 70 71 72 73
(41,*) 0 1 2 3 4 5 6 7 8 9 10 11 12 13 14 15 16 17 18 19 20 42 43 44 45 46 47 48 49 50 51 52 53 54 55 56 57 58 59 60 61 62 63 64 65 66 67 68 69 70 71 72 73
(42,*) 0 1 2 3 4 5 6 7 8 9 10 11 12 13 14 15 16 17 18 19 20 41 43 44 45 46 47 48 49 50 51 52 53 54 55 56 57 58 59 60 61 62 63 64 65 66 67 68 69 70 71 72 73
(43,*) 0 1 2 3 4 5 6 7 8 9 10 11 12 13 14 15 16 17 18 19 20 41 42 44 45 46 47 48 49 50 51 52 53 54 55 56 57 58 59 60 61 62 63 64 65 66 67 68 69 70 71 72 73
(44,*) 0 1 2 3 4 5 6 7 8 9 10 11 12 13 14 15 16 17 18 19 20 41 42 43 45 46 47 48 49 50 51 52 53 54 55 56 57 58 59 60 61 62 63 64 65 66 67 68 69 70 71 72 73
(45,*) 0 1 2 3 4 5 6 7 8 9 10 11 12 13 14 15 16 17 18 19 20 41 42 43 44 46 47 48 49 50 51 52 53 54 55 56 57 58 59 60 61 62 63 64 65 66 67 68 69 70 71 72 73
(46,*) 0 1 2 3 4 5 6 7 8 9 10 11 12 13 14 15 16 17 18 19 20 41 42 43 44 45 47 48 49 50 51 52 53 54 55 56 57 58 59 60 61 62 63 64 65 66 67 68 69 70 71 72 73
(47,*) 0 1 2 3 4 5 6 7 8 9 10 11 12 13 14 15 16 17 18 19 20 41 42 43 44 45 46 48 49 50 51 52 53 54 55 56 57 58 59 60 61 62 63 64 65 66 67 68 69 70 71 72 73
(48,*) 0 1 2 3 4 5 6 7 8 9 10 11 12 13 14 15 16 17 18 19 20 41 42 43 44 45 46 47 49 50 51 52 53 54 55 56 57 58 59 60 61 62 63 64 65 66 67 68 69 70 71 72 73
(49,*) 0 1 2 3 4 5 6 7 8 9 10 11 12 13 14 15 16 17 18 19 20 41 42 43 44 45 46 47 48 50 51 52 53 54 55 56 57 58 59 60 61 62 63 64 65 66 67 68 69 70 71 72 73
(50,*) 0 1 2 3 4 5 6 7 8 9 10 11 12 13 14 15 16 17 18 19 20 41 42 43 44 45 46 47 48 49 51 52 53 54 55 56 57 58 59 60 61 62 63 64 65 66 67 68 69 70 71 72 73
(51,*) 0 1 2 3 4 5 6 7 8 9 10 11 12 13 14 15 16 17 18 19 20 41 42 43 44 45 46 47 48 49 50 52 53 54 55 56 57 58 59 60 61 62 63 64 65 66 67 68 69 70 71 72 73
(52,*) 0 1 2 3 4 5 6 7 8 9 10 11 12 13 14 15 16 17 18 19 20 41 42 43 44 45 46 47 48 49 50 51 53 54 55 56 57 58 59 60 61 62 63 64 65 66 67 68 69 70 71 72 73
(53,*) 0 1 2 3 4 5 6 7 8 9 10 11 12 13 14 15 16 17 18 19 20 41 42 43 44 45 46 47 48 49 50 51 52 54 55 56 57 58 59 60 61 62 63 64 65 66 67 68 69 70 71 72 73
(54,*) 0 1 2 3 4 5 6 7 8 9 10 11 12 13 14 15 16 17 18 19 20 41 42 43 44 45 46 47 48 49 50 51 52 53 55 56 57 58 59 60 61 62 63 64 65 66 67 68 69 70 71 72 73
(55,*) 0 1 2 3 4 5 6 7 8 9 10 11 12 13 14 15 16 17 18 19 20 41 42 43 44 45 46 47 48 49 50 51 52 53 54 56 57 58 59 60 61 62 63 64 65 66 67 68 69 70 71 72 73
(56,*) 0 1 2 3 4 5 6 7 8 9 10 11 12 13 14 15 16 17 18 19 20 41 42 43 44 45 46 47 48 49 50 51 52 53 54 55 57 58 59 60 61 62 63 64 65 66 67 68 69 70 71 72 73
(57,*) 0 1 2 3 4 5 6 7 8 9 10 11 12 13 14 15 16 17 18 19 20 41 42 43 44 45 46 47 48 49 50 51 52 53 54 55 56 58 59 60 61 62 63 64 65 66 67 68 69 70 71 72 73
(58,*) 0 1 2 3 4 5 6 7 8 9 10 11 12 13 14 15 16 17 18 19 20 41 42 43 44 45 46 47 48 49 50 51 52 53 54 55 56 57 59 60 61 62 63 64 65 66 67 68 69 70 71 72 73
(59,*) 0 1 2 3 4 5 6 7 8 9 10 11 12 13 14 15 16 17 18 19 20 41 42 43 44 45 46 47 48 49 50 51 52 53 54 55 56 57 58 60 61 62 63 64 65 66 67 68 69 70 71 72 73
(60,*) 0 1 2 3 4 5 6 7 8 9 10 11 12 13 14 15 16 17 18 19 20 41 42 43 44 45 46 47 48 49 50 51 52 53 54 55 56 57 58 59 61 62 63 64 65 66 67 68 69 70 71 72 73
(61,*) 0 1 2 3 4 5 6 7 8 9 10 11 12 13 14 15 16 17 18 19 20 41 42 43 44 45 46 47 48 49 50 51 52 53 54 55 56 57 58 59 60 63 64 65 66 67 68 69 70 71 72 73
(62,*) 0 1 2 3 4 5 6 7 8 9 10 11 12 13 14 15 16 17 18 19 20 41 42 43 44 45 46 47 48 49 50 51 52 53 54 55 56 57 58 59 60 63 64 65 66 67 68 69 70 71 72 73
(63,*) 0 1 2 3 4 5 6 7 8 9 10 11 12 13 14 15 16 17 18 19 20 41 42 43 44 45 46 47 48 49 50 51 52 53 54 55 56 57 58 59 60 61 62 65 66 67 68 69 70 71 72 73
(64,*) 0 1 2 3 4 5 6 7 8 9 10 11 12 13 14 15 16 17 18 19 20 41 42 43 44 45 46 47 48 49 50 51 52 53 54 55 56 57 58 59 60 61 62 65 66 67 68 69 70 71 72 73
(65,*) 0 1 2 3 4 5 6 7 8 9 10 11 12 13 14 15 16 17 18 19 20 41 42 43 44 45 46 47 48 49 50 51 52 53 54 55 56 57 58 59 60 61 62 63 64 66 67 68 69 70 71 72 73
(66,*) 0 1 2 3 4 5 6 7 8 9 10 11 12 13 14 15 16 17 18 19 20 41 42 43 44 45 46 47 48 49 50 51 52 53 54 55 56 57 58 59 60 61 62 63 64 65 67 68 69 70 71 72 73
(67,*) 0 1 2 3 4 5 6 7 8 9 10 11 12 13 14 15 16 17 18 19 20 41 42 43 44 45 46 47 48 49 50 51 52 53 54 55 56 57 58 59 60 61 62 63 64 65 66 68 69 70 71 72 73
(68,*) 0 1 2 3 4 5 6 7 8 9 10 11 12 13 14 15 16 17 18 19 20 41 42 43 44 45 46 47 48 49 50 51 52 53 54 55 56 57 58 59 60 61 62 63 64 65 66 67 69 70 71 72 73
(69,*) 0 1 2 3 4 5 6 7 8 9 10 11 12 13 14 15 16 17 18 19 20 41 42 43 44 45 46 47 48 49 50 51 52 53 54 55 56 57 58 59 60 61 62 63 64 65 66 67 68 70 71 72 73
(70,*) 0 1 2 3 4 5 6 7 8 9 10 11 12 13 14 15 16 17 18 19 20 41 42 43 44 45 46 47 48 49 50 51 52 53 54 55 56 57 58 59 60 61 62 63 64 65 66 67 68 69 71 72 73
(71,*) 0 1 2 3 4 5 6 7 8 9 10 11 12 13 14 15 16 17 18 19 20 41 42 43 44 45 46 47 48 49 50 51 52 53 54 55 56 57 58 59 60 61 62 63 64 65 66 67 68 69 70 72 73
(72,*) 0 1 2 3 4 5 6 7 8 9 10 11 12 13 14 15 16 17 18 19 20 41 42 43 44 45 46 47 48 49 50 51 52 53 54 55 56 57 58 59 60 61 62 63 64 65 66 67 68 69 70 71 73
(73,*) 0 1 2 3 4 5 6 7 8 9 10 11 12 13 14 15 16 17 18 19 20 41 42 43 44 45 46 47 48 49 50 51 52 53 54 55 56 57 58 59 60 61 62 63 64 65 66 67 68 69 70 71 72
;
set A2:=
(61,*) 62
(62,*) 61
(63,*) 64
(64,*) 63
;
param BigM:=99999;
param n:= 9;
param d:=
1	6
2	24
3	11
4	20
5	14
6	18
7	2
8	11
9	15
10	18
11	2
12	5
13	14
14	11
15	19
16	16
17	12
18	13
19	12
20	9
21	23
22	17
23	12
24	3
25	24
26	12
27	16
28	16
29	9
30	10
31	22
32	19
33	9
34	19
35	12
36	7
37	23
38	22
39	6
40	15
41	22
42	7
43	8
44	14
45	4
46	18
47	19
48	18
49	18
50	4
51	12
52	8
53	72
54	19
55	3
56	10
57	20
58	16
59	18
60	27
;
param Q:=100;
param w:=
[61,*] 62 0.5
[62,*] 61 0.5
[63,*] 64 0.5
[64,*] 63 0.5
;
param V:=
[61,*] 62 86
[62,*] 61 86
[63,*] 64 89
[64,*] 63 89
;
param e:
	61	62	63	64	65	66	67	68	69	70	71	72	73:=
21	0	0	1	0	0	0	0	0	0	0	0	0	1	
22	0	1	0	0	0	1	0	1	0	0	0	1	0	
23	0	0	0	1	0	0	1	0	0	0	0	1	0	
24	0	1	0	0	0	1	0	1	0	0	0	0	0	
25	0	0	0	1	1	0	0	0	1	0	0	0	1	
26	1	0	1	0	0	0	0	0	0	0	1	0	0	
27	0	0	0	1	0	0	1	0	0	0	0	1	0	
28	0	0	1	0	0	0	0	1	0	0	0	0	0	
29	0	0	1	0	0	0	1	0	0	0	0	0	0	
30	0	0	1	0	0	0	0	1	0	0	0	0	0	
31	0	0	0	1	0	0	1	0	0	0	0	0	0	
32	0	0	0	1	0	0	1	0	0	0	0	0	0	
33	0	1	0	0	0	0	0	0	0	1	0	0	0	
34	0	0	0	1	0	0	1	0	0	0	0	0	0	
35	0	0	0	1	0	0	0	0	0	0	0	0	1	
36	1	0	0	0	0	0	0	0	0	0	0	0	1	
37	0	1	0	0	0	1	0	0	0	0	0	1	0	
38	0	1	0	0	0	1	0	0	0	0	0	0	0	
39	0	0	1	0	0	0	0	1	0	0	0	0	0	
40	1	0	0	0	1	0	0	0	1	0	1	0	0	
41	0	1	0	0	0	1	0	1	0	0	0	1	0	
42	0	0	0	1	0	1	1	0	0	1	0	1	0	
43	1	0	0	0	0	0	0	0	1	0	1	0	1	
44	1	0	0	0	1	0	0	0	1	0	1	0	1	
45	1	0	0	0	1	0	0	0	1	0	1	0	1	
46	0	0	0	1	1	0	1	0	0	1	0	0	1	
47	1	0	0	0	0	0	0	0	1	0	0	0	1	
48	1	0	0	0	1	0	0	0	1	0	1	0	0	
49	1	0	0	0	0	0	0	0	0	0	1	0	0	
50	0	0	0	1	0	0	1	0	0	0	0	0	1	
51	0	0	1	0	1	0	0	0	0	0	0	0	0	
52	0	0	1	0	0	0	0	0	0	1	0	0	0	
53	0	0	0	1	0	0	1	0	0	0	0	1	0	
54	0	0	0	1	0	0	1	0	0	0	0	0	0	
55	0	1	0	0	0	1	0	0	0	0	0	0	0	
56	0	0	1	0	0	0	0	0	1	0	0	0	0	
57	0	1	0	0	0	1	0	0	0	1	0	1	0	
58	1	0	0	0	0	0	0	0	0	0	1	0	0	
59	0	0	0	1	1	0	1	0	1	0	1	0	1	
60	0	0	1	0	1	1	0	1	0	1	0	1	0	
;
param p:=
1	3
2	3
3	3
4	3
5	3
6	3
7	3
8	3
9	3
;
param G:=
61	76
62	86
63	89
64	71
65	76
66	70
67	98
68	76
69	71
70	71
71	87
72	72
73	100
;
param s:=
0	0
1	10
2	10
3	10
4	10
5	10
6	10
7	10
8	10
9	10
10	10
11	10
12	10
13	10
14	10
15	10
16	10
17	10
18	10
19	10
20	10
41	10
42	10
43	10
44	10
45	10
46	10
47	10
48	10
49	10
50	10
51	10
52	10
53	10
54	10
55	10
56	10
57	10
58	10
59	10
60	10
61	10
62	10
63	10
64	10
65	10
66	10
67	10
68	10
69	10
70	10
71	10
72	10
73	10
;
param t:
	0	1	2	3	4	5	6	7	8	9	10	11	12	13	14	15	16	17	18	19	20	21	22	23	24	25	26	27	28	29	30	31	32	33	34	35	36	37	38	39	40	41	42	43	44	45	46	47	48	49	50	51	52	53	54	55	56	57	58	59	60	61	62	63	64	65	66	67	68	69	70	71	72	73:=
0	0.0	32.98	50.99	10.0	8.25	48.41	36.06	51.42	59.09	43.86	63.56	10.2	36.77	49.52	34.0	31.3	27.2	36.06	10.77	31.3	49.48	37.74	54.92	38.47	48.17	14.0	32.56	36.06	40.0	44.94	63.15	14.0	29.73	38.83	42.19	56.32	14.56	50.99	71.22	48.17	30.27	61.22	41.76	24.74	14.42	22.36	17.09	28.07	26.08	36.06	28.64	30.0	37.95	42.76	61.19	72.11	38.47	43.86	38.63	12.81	29.73	40.61	64.2	51.16	42.19	5.83	50.93	32.02	54.2	11.4	29.21	18.68	43.28	6.0
1	32.98	0.0	72.5	42.38	30.0	73.38	4.47	82.1	87.48	22.0	91.78	38.47	60.73	72.8	27.2	7.21	52.5	68.73	43.68	40.25	59.46	65.6	72.72	48.41	72.11	32.56	55.17	44.05	71.55	77.79	94.09	32.56	46.52	65.51	44.05	61.22	21.63	72.5	89.89	80.1	52.35	80.62	54.41	16.12	25.61	35.61	38.83	10.77	48.08	53.25	26.91	61.74	70.88	52.5	68.12	88.81	70.94	59.36	47.54	22.0	60.03	40.61	88.6	83.86	29.73	38.6	74.09	33.24	81.25	27.46	55.9	37.48	65.0	27.2
2	50.99	72.5	0.0	51.11	46.86	8.94	72.8	30.53	24.41	66.48	26.83	57.69	14.42	4.47	50.64	66.48	69.08	40.05	48.37	81.61	24.17	71.39	8.94	28.0	6.32	41.62	75.39	32.06	62.03	54.59	38.21	41.62	26.0	16.12	38.21	33.29	63.78	0.0	20.59	36.77	74.32	10.77	22.09	72.8	65.05	72.8	35.61	73.78	71.55	82.29	47.54	56.89	50.04	26.31	31.11	22.8	56.0	16.12	88.2	53.25	28.64	91.55	17.03	45.31	56.04	50.22	4.24	42.58	17.03	62.24	22.83	68.24	7.81	55.17
3	10.0	42.38	51.11	0.0	17.2	46.86	45.69	45.69	54.92	53.81	59.36	7.21	36.72	48.83	43.27	41.18	20.0	28.28	2.83	31.11	54.15	28.64	56.46	44.05	47.2	21.54	26.08	42.43	30.0	35.44	56.92	21.54	34.06	36.88	49.48	62.03	22.09	51.11	71.69	41.23	24.33	61.77	46.17	32.0	20.1	22.8	22.09	36.22	20.88	31.62	37.74	20.0	28.64	48.0	66.12	73.35	28.64	47.07	37.2	22.8	25.61	42.01	62.24	43.05	51.61	4.24	50.22	40.31	51.09	17.03	28.3	17.69	43.83	15.23
4	8.25	30.0	46.86	17.2	0.0	45.65	32.25	52.15	58.24	37.2	62.64	18.44	33.29	46.04	26.08	26.68	35.44	39.29	16.97	37.95	42.38	45.65	49.68	31.05	44.94	6.32	40.79	28.28	46.69	50.12	64.12	6.32	23.32	36.77	34.06	48.66	16.97	46.86	66.48	50.16	38.47	56.57	34.93	26.08	18.87	29.12	11.31	27.86	34.23	44.0	20.59	36.77	42.94	35.44	53.85	66.84	44.41	37.74	45.61	8.0	30.07	46.14	61.4	54.34	34.41	13.04	47.43	23.77	52.55	16.55	26.93	26.17	39.05	8.94
5	48.41	73.38	8.94	46.86	45.65	0.0	74.22	21.63	17.09	70.0	20.4	53.81	12.65	4.47	54.0	67.91	63.53	32.06	44.05	77.9	31.62	64.56	17.89	32.98	2.83	41.23	69.77	36.5	54.33	46.17	30.0	41.23	28.07	10.0	43.68	41.23	62.13	8.94	26.68	27.86	68.96	18.0	27.86	71.69	62.8	69.31	34.93	73.35	66.57	77.18	50.16	50.0	42.05	32.31	39.7	30.07	48.17	22.36	84.02	52.8	22.36	88.39	15.81	36.4	60.3	46.67	5.1	46.01	9.49	59.82	19.21	64.44	10.44	53.25
6	36.06	4.47	72.8	45.69	32.25	74.22	0.0	84.0	88.81	18.11	93.06	42.19	61.61	73.38	25.46	6.32	56.64	71.39	46.82	44.72	58.41	69.66	72.47	47.71	72.8	34.06	59.46	43.27	75.18	80.99	96.0	34.06	46.82	66.75	42.43	59.46	25.61	72.8	89.55	82.39	56.64	80.5	53.85	20.59	29.73	40.0	40.2	15.23	52.35	57.69	26.08	65.3	74.0	51.61	66.48	88.2	74.32	59.06	52.0	24.33	62.03	44.91	89.19	86.49	26.83	41.79	74.63	32.2	82.38	31.4	57.31	41.73	65.46	30.46
7	51.42	82.1	30.53	45.69	52.15	21.63	84.0	0.0	12.65	83.95	16.12	52.8	27.78	26.08	68.41	78.03	56.64	19.8	43.08	75.47	52.35	53.25	39.45	51.11	24.41	50.04	62.23	53.67	40.25	29.12	12.0	50.04	43.08	20.59	61.77	62.23	65.97	30.53	44.41	8.25	62.29	37.95	47.2	76.16	65.15	68.0	44.18	79.25	61.22	70.77	63.56	39.7	27.78	51.61	61.22	49.03	34.0	42.52	80.0	60.13	22.09	86.95	27.02	16.03	75.89	47.43	26.42	61.03	15.3	61.98	27.66	62.65	30.41	57.27
8	59.09	87.48	24.41	54.92	58.24	17.09	88.81	12.65	0.0	86.21	4.47	62.13	28.07	20.59	70.26	82.61	67.94	31.62	52.15	85.6	48.37	65.51	32.56	50.0	19.7	54.92	73.76	53.37	52.8	41.76	14.42	54.92	44.18	22.09	60.73	57.69	73.54	24.41	33.53	20.88	73.59	28.84	44.94	83.57	73.35	77.67	48.66	86.02	72.14	82.07	66.03	51.61	40.25	49.4	55.32	38.63	46.52	39.4	90.69	65.97	29.53	96.83	15.3	28.16	76.94	55.95	20.25	62.39	7.62	70.21	31.58	72.42	27.51	64.62
9	43.86	22.0	66.48	53.81	37.2	70.0	18.11	83.95	86.21	0.0	90.09	52.5	58.14	68.12	16.0	16.49	68.82	75.15	54.04	60.73	47.54	80.92	64.03	38.83	68.03	35.78	72.72	34.53	83.74	87.13	95.71	35.78	42.05	64.5	30.46	46.04	38.47	66.48	80.32	84.12	69.97	72.28	45.12	36.88	42.94	54.63	40.5	32.25	65.51	72.5	20.4	73.76	79.92	41.76	53.25	78.0	81.61	50.99	68.41	31.11	63.25	62.39	83.49	89.69	11.66	49.58	69.18	24.02	79.06	43.57	56.29	55.07	60.07	39.7
10	63.56	91.78	26.83	59.36	62.64	20.4	93.06	16.12	4.47	90.09	0.0	66.57	32.0	23.41	74.11	86.83	72.14	35.61	56.6	90.0	50.99	69.34	34.41	53.37	22.8	59.23	77.9	56.89	56.36	44.94	14.56	59.23	48.04	26.31	64.03	60.03	78.0	26.83	33.11	24.17	77.79	29.73	48.08	88.02	77.82	82.1	52.95	90.44	76.42	86.28	70.0	55.61	43.91	52.5	57.2	38.47	50.12	42.38	95.02	70.34	34.0	101.26	14.76	30.81	80.62	60.42	22.85	66.19	11.05	74.69	35.9	76.84	30.81	69.08
11	10.2	38.47	57.69	7.21	18.44	53.81	42.19	52.8	62.13	52.5	66.57	0.0	43.27	55.61	43.86	38.42	17.09	34.93	10.0	24.08	58.86	28.43	62.61	48.17	54.04	24.08	22.36	46.0	33.11	40.45	63.91	24.08	38.83	43.86	52.35	66.12	17.09	57.69	78.23	48.08	20.1	68.26	50.99	26.31	14.14	15.62	26.31	31.05	16.0	26.31	38.63	23.41	34.06	52.35	70.71	79.65	32.98	52.5	30.53	21.63	32.8	34.83	69.3	49.37	51.88	7.62	57.01	42.2	58.26	11.4	35.0	10.63	50.25	12.81
12	36.77	60.73	14.42	36.72	33.29	12.65	61.61	27.78	28.07	58.14	32.0	43.27	0.0	12.81	42.19	55.32	55.03	29.73	34.0	67.2	26.08	58.31	20.4	23.32	11.66	28.64	61.35	26.0	50.36	44.94	38.63	28.64	16.12	7.21	34.0	36.06	50.0	14.42	34.99	31.11	60.17	25.06	19.8	59.36	50.99	58.41	22.36	60.83	57.27	68.03	38.0	44.05	39.29	24.08	36.77	36.77	44.72	16.12	73.78	40.25	16.12	77.23	28.18	39.05	49.03	35.81	14.21	34.37	21.02	48.1	8.54	53.82	7.28	41.23
13	49.52	72.8	4.47	48.83	46.04	4.47	73.38	26.08	20.59	68.12	23.41	55.61	12.81	0.0	52.15	67.05	66.21	36.0	46.04	79.65	27.78	67.91	13.42	30.27	2.0	41.18	72.5	34.06	58.14	50.36	34.06	41.18	26.68	12.65	40.79	37.2	62.8	4.47	23.41	32.31	71.55	14.14	24.74	72.11	63.78	70.94	34.99	73.43	68.96	79.65	48.66	53.37	46.0	29.12	35.38	26.31	52.04	18.97	86.02	52.84	25.3	89.87	15.81	40.85	58.03	48.27	1.41	44.1	13.04	60.88	20.62	66.22	8.06	54.04
14	34.0	27.2	50.64	43.27	26.08	54.0	25.46	68.41	70.26	16.0	74.11	43.86	42.19	52.15	0.0	20.0	60.93	61.06	42.8	58.03	33.29	71.69	48.7	23.41	52.04	22.63	65.79	18.97	72.25	74.03	80.05	22.63	26.08	48.66	16.97	34.06	34.06	50.64	65.39	69.08	63.25	56.92	29.73	36.88	38.21	50.36	26.08	34.18	58.82	67.47	5.66	62.48	66.84	26.83	41.04	63.53	69.31	35.44	66.03	22.8	48.33	62.65	67.6	75.13	8.49	39.12	53.24	8.06	63.07	37.66	40.8	49.24	44.1	31.62
15	31.3	7.21	66.48	41.18	26.68	67.91	6.32	78.03	82.61	16.49	86.83	38.42	55.32	67.05	20.0	0.0	53.81	65.97	42.05	44.27	52.5	66.48	66.24	41.62	66.48	28.0	57.2	37.2	71.02	76.16	90.02	28.0	40.5	60.53	36.88	54.04	22.8	66.48	83.35	76.66	54.41	74.24	47.71	20.4	27.2	38.47	34.06	16.0	50.0	56.36	20.0	61.06	69.08	45.61	60.96	82.1	69.77	52.84	51.92	18.97	56.14	46.1	82.86	81.02	22.8	37.12	68.31	26.25	76.12	28.32	51.16	39.41	59.14	26.08
16	27.2	52.5	69.08	20.0	35.44	63.53	56.64	56.64	67.94	68.82	72.14	17.09	55.03	66.21	60.93	53.81	0.0	36.88	22.09	22.09	74.11	13.42	75.29	64.03	64.4	40.79	6.32	62.29	24.08	35.44	66.03	40.79	54.04	53.67	69.05	82.02	31.11	69.08	89.55	50.0	5.66	79.85	66.12	37.74	26.91	18.97	42.05	43.27	6.0	14.14	55.71	17.89	31.3	68.0	86.09	91.76	27.2	66.75	24.17	38.47	41.18	33.54	77.94	48.3	68.88	23.19	67.54	59.2	65.8	25.5	46.49	15.26	62.3	29.53
17	36.06	68.73	40.05	28.28	39.29	32.06	71.39	19.8	31.62	75.15	35.61	34.93	29.73	36.0	61.06	65.97	36.88	0.0	26.08	56.36	55.46	34.0	48.37	50.0	34.0	39.4	42.43	50.99	22.36	15.23	29.53	39.4	39.7	24.33	59.46	65.3	50.04	40.05	58.55	13.42	42.52	50.04	48.37	60.13	48.37	49.4	34.99	64.0	41.62	50.99	55.57	20.0	10.0	52.15	66.48	62.13	16.12	45.69	60.46	47.07	14.42	67.98	43.66	15.13	69.34	31.02	37.01	55.0	31.02	45.28	23.85	44.01	35.9	42.05
18	10.77	43.68	48.37	2.83	16.97	44.05	46.82	43.08	52.15	54.04	56.6	10.0	34.0	46.04	42.8	42.05	22.09	26.08	0.0	33.94	52.04	29.73	53.85	42.19	44.41	20.59	28.28	40.79	29.73	34.18	54.41	20.59	32.0	34.06	48.08	60.13	24.0	48.37	68.96	38.83	26.68	59.06	44.05	34.06	22.36	25.61	20.4	38.05	23.41	34.18	37.2	19.8	27.2	46.04	64.03	70.68	27.78	44.72	40.0	23.32	22.8	44.82	59.41	41.0	51.22	5.1	47.43	39.36	48.27	19.24	25.55	20.52	41.15	16.49
19	31.3	40.25	81.61	31.11	37.95	77.9	44.72	75.47	85.6	60.73	90.0	24.08	67.2	79.65	58.03	44.27	22.09	56.36	33.94	0.0	80.32	34.23	86.09	68.96	78.1	44.27	20.4	65.97	46.17	57.27	85.88	44.27	60.93	67.94	70.71	86.35	24.0	81.61	102.08	69.77	18.11	92.09	72.8	24.17	20.1	8.94	48.33	29.53	16.12	14.42	54.04	39.29	52.5	73.38	91.76	103.25	49.03	75.15	8.0	36.22	56.64	11.7	93.35	69.29	64.5	31.4	81.06	59.3	82.13	21.59	59.03	13.45	74.06	29.12
20	49.48	59.46	24.17	54.15	42.38	31.62	58.41	52.35	48.37	47.54	50.99	58.86	26.08	27.78	33.29	52.5	74.11	55.46	52.04	80.32	0.0	80.4	18.11	11.66	28.84	36.06	80.22	15.62	74.73	70.68	61.61	36.06	20.1	32.8	17.09	10.0	58.14	24.17	32.98	56.85	78.41	26.0	8.0	64.9	60.93	71.47	32.56	64.03	74.67	85.16	32.56	67.08	64.62	7.21	12.0	30.46	69.57	10.0	87.93	45.65	41.23	88.14	40.02	65.0	36.06	51.48	28.18	26.25	40.82	58.87	31.95	68.15	21.93	51.26
21	37.74	65.6	71.39	28.64	45.65	64.56	69.66	53.25	65.51	80.92	69.34	28.43	58.31	67.91	71.69	66.48	13.42	34.0	29.73	34.23	80.4	0.0	78.64	71.39	65.97	50.16	14.0	70.34	14.42	27.2	60.83	50.16	60.83	55.32	77.79	89.11	44.05	71.39	91.21	45.61	16.12	82.0	72.44	51.11	40.0	32.31	50.0	56.6	18.97	22.36	66.24	14.56	25.61	74.97	92.35	94.15	19.8	72.03	34.23	50.0	42.76	45.0	77.47	41.77	79.92	32.65	69.12	68.94	64.88	38.29	50.09	28.65	65.49	41.23
22	54.92	72.72	8.94	56.46	49.68	17.89	72.47	39.45	32.56	64.03	34.41	62.61	20.4	13.42	48.7	66.24	75.29	48.37	53.85	86.09	18.11	78.64	0.0	25.3	15.23	43.86	81.61	29.73	70.03	63.15	46.69	43.86	26.91	24.08	34.23	26.0	66.6	8.94	17.2	45.69	80.32	8.25	18.97	74.97	68.41	77.18	38.42	75.29	77.25	88.02	46.52	64.28	58.31	22.36	22.8	17.2	64.12	13.42	93.06	55.17	36.06	95.44	22.14	54.23	52.95	55.01	13.04	40.85	25.5	65.8	28.86	72.95	13.15	58.41
23	38.47	48.41	28.0	44.05	31.05	32.98	47.71	51.11	50.0	38.83	53.37	48.17	23.32	30.27	23.41	41.62	64.03	50.0	42.19	68.96	11.66	71.39	25.3	0.0	30.59	24.74	70.0	4.47	67.23	64.9	61.74	24.74	10.77	30.53	10.77	18.0	46.52	28.0	42.05	54.04	68.03	33.53	6.32	53.25	49.4	60.17	22.0	52.5	64.12	74.43	21.63	58.82	58.31	4.47	22.8	40.5	62.61	12.17	76.66	34.0	35.61	76.56	45.01	61.55	28.07	41.01	31.14	15.65	42.45	47.43	26.25	57.07	22.56	39.85
24	48.17	72.11	6.32	47.2	44.94	2.83	72.8	24.41	19.7	68.03	22.8	54.04	11.66	2.0	52.04	66.48	64.4	34.0	44.41	78.1	28.84	65.97	15.23	30.59	0.0	40.25	70.68	34.23	56.14	48.37	32.8	40.25	26.31	10.77	41.23	38.42	61.61	6.32	25.3	30.46	69.77	16.12	25.3	71.02	62.48	69.43	34.0	72.47	67.23	77.9	48.37	51.42	44.0	29.73	36.88	28.28	50.04	19.7	84.4	51.88	23.41	88.41	16.55	39.0	58.14	46.75	3.16	44.01	12.08	59.55	19.1	64.66	8.06	52.8
25	14.0	32.56	41.62	21.54	6.32	41.23	34.06	50.04	54.92	35.78	59.23	24.08	28.64	41.18	22.63	28.0	40.79	39.4	20.59	44.27	36.06	50.16	43.86	24.74	40.25	0.0	46.39	22.09	49.68	51.61	62.03	0.0	17.2	32.98	28.28	42.43	22.8	41.62	60.83	49.03	44.18	50.99	28.64	31.24	25.06	35.44	6.32	32.25	40.05	50.04	16.97	40.0	44.41	29.12	47.54	60.96	46.69	31.62	51.92	11.66	28.28	52.35	56.8	54.08	31.11	17.72	42.54	18.79	48.76	22.85	23.35	32.39	33.84	15.23
26	32.56	55.17	75.39	26.08	40.79	69.77	59.46	62.23	73.76	72.72	77.9	22.36	61.35	72.5	65.79	57.2	6.32	42.43	28.28	20.4	80.22	14.0	81.61	70.0	70.68	46.39	0.0	68.12	27.2	39.4	71.22	46.39	60.13	59.93	74.67	88.0	34.41	75.39	95.85	55.32	2.83	86.16	72.25	39.7	30.0	20.0	48.0	45.34	7.21	8.94	60.73	22.8	36.06	74.03	92.2	98.08	31.3	72.99	20.4	43.08	47.41	31.0	84.06	53.0	73.54	29.02	73.82	64.54	71.85	29.15	52.81	17.8	68.62	34.18
27	36.06	44.05	32.06	42.43	28.28	36.5	43.27	53.67	53.37	34.53	56.89	46.0	26.0	34.06	18.97	37.2	62.29	50.99	40.79	65.97	15.62	70.34	29.73	4.47	34.23	22.09	68.12	0.0	67.08	65.6	64.62	22.09	11.31	33.11	8.49	20.4	43.08	32.06	46.52	56.04	66.03	37.95	10.77	49.4	46.17	57.27	20.4	48.41	62.0	72.11	17.2	58.31	58.82	8.49	26.0	44.94	62.77	16.49	73.76	30.46	36.77	73.16	49.09	63.25	24.0	39.12	35.01	11.18	45.89	44.38	27.66	54.45	26.17	36.88
28	40.0	71.55	62.03	30.0	46.69	54.33	75.18	40.25	52.8	83.74	56.36	33.11	50.36	58.14	72.25	71.02	24.08	22.36	29.73	46.17	74.73	14.42	70.03	67.23	56.14	49.68	27.2	67.08	0.0	12.81	46.86	49.68	56.46	46.0	75.18	84.12	50.16	62.03	80.89	32.25	28.64	72.25	67.05	58.82	46.82	42.19	47.71	63.91	30.07	36.06	66.6	10.0	12.65	70.23	86.35	84.38	6.32	65.51	47.54	52.8	34.23	57.56	65.8	27.59	80.72	34.21	59.21	68.01	53.16	44.38	42.95	37.48	57.14	44.94
29	44.94	77.79	54.59	35.44	50.12	46.17	80.99	29.12	41.76	87.13	44.94	40.45	44.94	50.36	74.03	76.16	35.44	15.23	34.18	57.27	70.68	27.2	63.15	64.9	48.37	51.61	39.4	65.6	12.81	0.0	34.41	51.61	54.41	39.29	74.03	80.5	57.27	54.59	72.03	20.88	40.5	64.12	63.53	66.75	54.59	52.15	48.17	71.39	41.23	48.33	68.41	18.11	7.21	67.23	81.71	76.03	8.25	60.93	59.46	57.27	29.53	68.88	55.73	15.0	82.46	39.22	51.24	68.62	43.29	51.79	38.95	47.04	50.96	50.6
30	63.15	94.09	38.21	56.92	64.12	30.0	96.0	12.0	14.42	95.71	14.56	63.91	38.63	34.06	80.05	90.02	66.03	29.53	54.41	85.88	61.61	60.83	46.69	61.74	32.8	62.03	71.22	64.62	46.86	34.41	0.0	62.03	54.41	31.62	72.5	71.22	77.67	38.21	47.54	16.12	71.61	43.27	57.31	87.86	76.66	78.79	56.14	91.08	71.02	80.0	75.31	48.41	35.38	61.77	69.31	52.8	41.04	52.15	89.89	72.11	34.06	97.49	29.15	19.42	87.36	58.94	33.97	72.53	21.21	73.5	39.46	73.41	39.96	69.05
31	14.0	32.56	41.62	21.54	6.32	41.23	34.06	50.04	54.92	35.78	59.23	24.08	28.64	41.18	22.63	28.0	40.79	39.4	20.59	44.27	36.06	50.16	43.86	24.74	40.25	0.0	46.39	22.09	49.68	51.61	62.03	0.0	17.2	32.98	28.28	42.43	22.8	41.62	60.83	49.03	44.18	50.99	28.64	31.24	25.06	35.44	6.32	32.25	40.05	50.04	16.97	40.0	44.41	29.12	47.54	60.96	46.69	31.62	51.92	11.66	28.28	52.35	56.8	54.08	31.11	17.72	42.54	18.79	48.76	22.85	23.35	32.39	33.84	15.23
32	29.73	46.52	26.0	34.06	23.32	28.07	46.82	43.08	44.18	42.05	48.04	38.83	16.12	26.68	26.08	40.5	54.04	39.7	32.0	60.93	20.1	60.83	26.91	10.77	26.31	17.2	60.13	11.31	56.46	54.41	54.41	17.2	0.0	22.8	19.8	28.28	40.0	26.0	44.05	44.94	58.31	34.41	12.17	48.08	42.19	52.0	12.65	48.41	54.59	65.12	22.09	48.08	47.71	14.14	32.06	43.86	51.88	14.42	68.35	28.28	25.46	69.46	42.45	52.01	32.98	31.4	27.89	18.25	37.01	39.82	16.4	48.38	18.68	32.25
33	38.83	65.51	16.12	36.88	36.77	10.0	66.75	20.59	22.09	64.5	26.31	43.86	7.21	12.65	48.66	60.53	53.67	24.33	34.06	67.94	32.8	55.32	24.08	30.53	10.77	32.98	59.93	33.11	46.0	39.29	31.62	32.98	22.8	0.0	41.18	42.8	52.84	16.12	36.06	24.08	59.06	26.68	26.91	62.61	53.25	59.4	26.68	64.62	56.6	67.23	44.18	40.79	34.23	31.24	42.94	38.83	40.05	22.8	74.03	44.27	12.65	78.52	25.5	32.2	55.79	36.8	13.93	41.0	15.81	50.22	9.85	54.49	11.7	43.91
34	42.19	44.05	38.21	49.48	34.06	43.68	42.43	61.77	60.73	30.46	64.03	52.35	34.0	40.79	16.97	36.88	69.05	59.46	48.08	70.71	17.09	77.79	34.23	10.77	41.23	28.28	74.67	8.49	75.18	74.03	72.5	28.28	19.8	41.18	0.0	17.2	47.07	38.21	50.0	64.4	72.44	42.43	16.12	52.0	50.64	62.29	27.86	50.12	68.26	78.03	17.89	66.21	67.2	12.0	24.08	47.54	71.02	22.09	78.64	34.53	45.25	76.92	55.08	71.7	18.97	45.89	41.59	11.7	53.16	49.25	36.12	60.01	33.24	42.05
35	56.32	61.22	33.29	62.03	48.66	41.23	59.46	62.23	57.69	46.04	60.03	66.12	36.06	37.2	34.06	54.04	82.02	65.3	60.13	86.35	10.0	89.11	26.0	18.0	38.42	42.43	88.0	20.4	84.12	80.5	71.22	42.43	28.28	42.8	17.2	0.0	63.25	33.29	38.0	66.84	86.02	32.98	17.09	68.88	66.48	77.67	40.0	67.23	82.1	92.35	34.99	76.16	74.32	14.14	7.21	34.23	79.12	20.0	94.15	50.6	50.99	93.3	48.1	75.0	34.41	59.01	37.44	28.65	50.22	64.76	41.63	74.81	31.83	57.27
36	14.56	21.63	63.78	22.09	16.97	62.13	25.61	65.97	73.54	38.47	78.0	17.09	50.0	62.8	34.06	22.8	31.11	50.04	24.0	24.0	58.14	44.05	66.6	46.52	61.61	22.8	34.41	43.08	50.16	57.27	77.67	22.8	40.0	52.84	47.07	63.25	0.0	63.78	83.45	62.51	31.62	73.54	51.11	10.2	4.47	16.49	28.28	14.14	27.2	34.18	30.07	40.5	50.64	50.99	69.08	83.74	50.0	54.41	32.0	12.65	44.27	30.08	77.94	65.0	40.79	19.03	64.2	35.51	68.43	5.83	43.05	16.64	55.97	8.94
37	50.99	72.5	0.0	51.11	46.86	8.94	72.8	30.53	24.41	66.48	26.83	57.69	14.42	4.47	50.64	66.48	69.08	40.05	48.37	81.61	24.17	71.39	8.94	28.0	6.32	41.62	75.39	32.06	62.03	54.59	38.21	41.62	26.0	16.12	38.21	33.29	63.78	0.0	20.59	36.77	74.32	10.77	22.09	72.8	65.05	72.8	35.61	73.78	71.55	82.29	47.54	56.89	50.04	26.31	31.11	22.8	56.0	16.12	88.2	53.25	28.64	91.55	17.03	45.31	56.04	50.22	4.24	42.58	17.03	62.24	22.83	68.24	7.81	55.17
38	71.22	89.89	20.59	71.69	66.48	26.68	89.55	44.41	33.53	80.32	33.11	78.23	34.99	23.41	65.39	83.35	89.55	58.55	68.96	102.08	32.98	91.21	17.2	42.05	25.3	60.83	95.85	46.52	80.89	72.03	47.54	60.83	44.05	36.06	50.0	38.0	83.45	20.59	0.0	52.15	94.85	10.0	35.78	92.02	85.04	93.23	55.17	92.46	92.13	102.86	63.53	76.66	68.47	38.63	32.25	5.66	74.67	30.53	108.76	72.25	48.7	111.83	18.38	60.41	68.96	70.72	22.14	57.7	29.15	82.33	43.42	88.75	28.02	75.07
39	48.17	80.1	36.77	41.23	50.16	27.86	82.39	8.25	20.88	84.12	24.17	48.08	31.11	32.31	69.08	76.66	50.0	13.42	38.83	69.77	56.85	45.61	45.69	54.04	30.46	49.03	55.32	56.04	32.25	20.88	16.12	49.03	44.94	24.08	64.4	66.84	62.51	36.77	52.15	0.0	55.61	45.12	50.91	72.69	61.19	62.77	43.68	76.24	54.92	64.03	63.91	32.56	20.0	55.17	66.57	56.57	26.08	46.86	73.78	58.14	20.88	81.39	35.13	8.54	76.97	43.57	32.89	62.17	23.02	58.05	28.65	57.38	35.23	54.15
40	30.27	52.35	74.32	24.33	38.47	68.96	56.64	62.29	73.59	69.97	77.79	20.1	60.17	71.55	63.25	54.41	5.66	42.52	26.68	18.11	78.41	16.12	80.32	68.03	69.77	44.18	2.83	66.03	28.64	40.5	71.61	44.18	58.31	59.06	72.44	86.02	31.62	74.32	94.85	55.61	0.0	85.09	70.46	36.88	27.2	17.2	46.04	42.52	4.47	8.49	58.24	23.32	36.72	72.11	90.35	96.93	32.31	71.39	18.97	40.5	46.65	29.07	83.49	53.71	70.94	27.02	72.9	62.17	71.4	26.42	51.62	15.0	67.42	31.62
41	61.22	80.62	10.77	61.77	56.57	18.0	80.5	37.95	28.84	72.28	29.73	68.26	25.06	14.14	56.92	74.24	79.85	50.04	59.06	92.09	26.0	82.0	8.25	33.53	16.12	50.99	86.16	37.95	72.25	64.12	43.27	50.99	34.41	26.68	42.43	32.98	73.54	10.77	10.0	45.12	85.09	0.0	27.2	82.22	75.07	83.23	45.25	82.8	82.29	93.04	54.63	67.47	60.03	30.59	28.64	12.17	66.12	21.54	98.79	62.48	39.29	101.83	15.81	53.6	61.19	60.75	13.04	49.04	22.85	72.35	33.54	78.77	18.03	65.12
42	41.76	54.41	22.09	46.17	34.93	27.86	53.85	47.2	44.94	45.12	48.08	50.99	19.8	24.74	29.73	47.71	66.12	48.37	44.05	72.8	8.0	72.44	18.97	6.32	25.3	28.64	72.25	10.77	67.05	63.53	57.31	28.64	12.17	26.91	16.12	17.09	51.11	22.09	35.78	50.91	70.46	27.2	0.0	58.41	53.67	63.91	24.74	58.0	66.75	77.28	27.78	59.23	57.27	4.47	20.0	34.41	62.03	6.0	80.32	38.83	34.0	80.95	39.01	58.8	34.23	43.57	25.5	21.93	37.34	51.48	24.6	60.44	17.46	43.86
43	24.74	16.12	72.8	32.0	26.08	71.69	20.59	76.16	83.57	36.88	88.02	26.31	59.36	72.11	36.88	20.4	37.74	60.13	34.06	24.17	64.9	51.11	74.97	53.25	71.02	31.24	39.7	49.4	58.82	66.75	87.86	31.24	48.08	62.61	52.0	68.88	10.2	72.8	92.02	72.69	36.88	82.22	58.41	0.0	12.17	19.8	37.2	5.66	32.8	37.2	34.18	49.48	60.3	57.69	75.18	91.93	59.23	62.29	31.62	19.8	54.41	26.02	87.46	75.03	42.05	29.15	73.5	40.31	78.29	15.03	52.77	22.47	65.0	18.97
44	14.42	25.61	65.05	20.1	18.87	62.8	29.73	65.15	73.35	42.94	77.82	14.14	50.99	63.78	38.21	27.2	26.91	48.37	22.36	20.1	60.93	40.0	68.41	49.4	62.48	25.06	30.0	46.17	46.82	54.59	76.66	25.06	42.19	53.25	50.64	66.48	4.47	65.05	85.04	61.19	27.2	75.07	53.67	12.17	0.0	12.17	30.0	17.09	22.8	29.73	34.0	37.36	48.17	53.85	72.11	85.6	47.07	56.6	28.07	16.12	43.86	27.29	78.6	63.13	45.12	17.72	65.19	39.2	68.6	3.16	43.6	12.21	57.28	10.0
45	22.36	35.61	72.8	22.8	29.12	69.31	40.0	68.0	77.67	54.63	82.1	15.62	58.41	70.94	50.36	38.47	18.97	49.4	25.61	8.94	71.47	32.31	77.18	60.17	69.43	35.44	20.0	57.27	42.19	52.15	78.79	35.44	52.0	59.4	62.29	77.67	16.49	72.8	93.23	62.77	17.2	83.23	63.91	19.8	12.17	0.0	39.4	25.46	13.42	17.89	46.04	34.06	46.69	64.56	82.97	94.34	44.05	66.21	16.49	28.0	48.41	19.21	84.86	63.06	57.27	22.67	72.35	51.04	73.88	13.04	50.33	5.39	65.22	20.4
46	17.09	38.83	35.61	22.09	11.31	34.93	40.2	44.18	48.66	40.5	52.95	26.31	22.36	34.99	26.08	34.06	42.05	34.99	20.4	48.33	32.56	50.0	38.42	22.0	34.0	6.32	48.0	20.4	47.71	48.17	56.14	6.32	12.65	26.68	27.86	40.0	28.28	35.61	55.17	43.68	46.04	45.25	24.74	37.2	30.0	39.4	0.0	38.47	42.19	52.61	20.59	38.47	41.04	26.08	44.41	55.61	44.05	26.83	55.71	17.89	22.8	57.14	50.54	49.24	34.41	19.03	36.36	20.52	42.45	27.46	17.12	35.74	27.8	20.0
47	28.07	10.77	73.78	36.22	27.86	73.35	15.23	79.25	86.02	32.25	90.44	31.05	60.83	73.43	34.18	16.0	43.27	64.0	38.05	29.53	64.03	56.6	75.29	52.5	72.47	32.25	45.34	48.41	63.91	71.39	91.08	32.25	48.41	64.62	50.12	67.23	14.14	73.78	92.46	76.24	42.52	82.8	58.0	5.66	17.09	25.46	38.47	0.0	38.42	42.8	32.25	54.41	64.78	56.85	73.78	92.02	64.03	62.29	36.77	20.59	57.27	30.15	89.01	79.03	38.47	33.02	74.79	38.59	80.41	19.65	54.78	28.02	66.04	22.09
48	26.08	48.08	71.55	20.88	34.23	66.57	52.35	61.22	72.14	65.51	76.42	16.0	57.27	68.96	58.82	50.0	6.0	41.62	23.41	16.12	74.67	18.97	77.25	64.12	67.23	40.05	7.21	62.0	30.07	41.23	71.02	40.05	54.59	56.6	68.26	82.1	27.2	71.55	92.13	54.92	4.47	82.29	66.75	32.8	22.8	13.42	42.19	38.42	0.0	10.77	53.85	23.41	36.77	68.26	86.58	94.02	32.98	67.91	18.87	36.06	44.41	27.66	81.4	53.71	66.48	23.19	70.33	57.87	69.53	21.95	48.75	10.63	64.47	27.2
49	36.06	53.25	82.29	31.62	44.0	77.18	57.69	70.77	82.07	72.5	86.28	26.31	68.03	79.65	67.47	56.36	14.14	50.99	34.18	14.42	85.16	22.36	88.02	74.43	77.9	50.04	8.94	72.11	36.06	48.33	80.0	50.04	65.12	67.23	78.03	92.35	34.18	82.29	102.86	64.03	8.49	93.04	77.28	37.2	29.73	17.89	52.61	42.8	10.77	0.0	62.8	31.62	44.94	78.64	97.02	104.79	40.25	78.59	12.0	44.72	54.92	23.35	91.84	61.91	74.73	33.73	81.01	67.27	79.81	29.83	59.51	18.25	75.24	36.22
50	28.64	26.91	47.54	37.74	20.59	50.16	26.08	63.56	66.03	20.4	70.0	38.63	38.0	48.66	5.66	20.0	55.71	55.57	37.2	54.04	32.56	66.24	46.52	21.63	48.37	16.97	60.73	17.2	66.6	68.41	75.31	16.97	22.09	44.18	17.89	34.99	30.07	47.54	63.53	63.91	58.24	54.63	27.78	34.18	34.0	46.04	20.59	32.25	53.85	62.8	0.0	56.85	61.22	25.61	41.62	62.13	63.66	33.11	62.03	18.11	43.08	59.44	64.33	69.78	14.14	33.62	49.82	6.4	59.01	33.14	35.9	44.55	40.61	26.68
51	30.0	61.74	56.89	20.0	36.77	50.0	65.3	39.7	51.61	73.76	55.61	23.41	44.05	53.37	62.48	61.06	17.89	20.0	19.8	39.29	67.08	14.56	64.28	58.82	51.42	40.0	22.8	58.31	10.0	18.11	48.41	40.0	48.08	40.79	66.21	76.16	40.5	56.89	76.66	32.56	23.32	67.47	59.23	49.48	37.36	34.06	38.47	54.41	23.41	31.62	56.85	0.0	13.42	62.1	78.92	79.62	10.0	58.31	42.05	42.8	28.28	50.96	63.07	30.41	70.94	24.21	54.57	58.52	50.54	34.79	36.01	29.0	51.16	34.99
52	37.95	70.88	50.04	28.64	42.94	42.05	74.0	27.78	40.25	79.92	43.91	34.06	39.29	46.0	66.84	69.08	31.3	10.0	27.2	52.5	64.62	25.61	58.31	58.31	44.0	44.41	36.06	58.82	12.65	7.21	35.38	44.41	47.71	34.23	67.2	74.32	50.64	50.04	68.47	20.0	36.72	60.03	57.27	60.3	48.17	46.69	41.04	64.78	36.77	44.94	61.22	13.42	0.0	60.83	75.89	72.11	6.32	55.03	55.46	50.16	23.41	64.2	53.16	17.0	75.29	32.28	47.01	61.52	40.52	45.28	32.7	41.44	45.71	43.68
53	42.76	52.5	26.31	48.0	35.44	32.31	51.61	51.61	49.4	41.76	52.5	52.35	24.08	29.12	26.83	45.61	68.0	52.15	46.04	73.38	7.21	74.97	22.36	4.47	29.73	29.12	74.03	8.49	70.23	67.23	61.77	29.12	14.14	31.24	12.0	14.14	50.99	26.31	38.63	55.17	72.11	30.59	4.47	57.69	53.85	64.56	26.08	56.85	68.26	78.64	25.61	62.1	60.83	0.0	18.44	36.72	65.39	10.2	81.04	38.47	37.74	81.02	43.1	62.97	30.59	45.1	29.83	19.42	41.79	51.87	28.3	61.39	21.93	44.27
54	61.19	68.12	31.11	66.12	53.85	39.7	66.48	61.22	55.32	53.25	57.2	70.71	36.77	35.38	41.04	60.96	86.09	66.48	64.03	91.76	12.0	92.35	22.8	22.8	36.88	47.54	92.2	26.0	86.35	81.71	69.31	47.54	32.06	42.94	24.08	7.21	69.08	31.11	32.25	66.57	90.35	28.64	20.0	75.18	72.11	82.97	44.41	73.78	86.58	97.02	41.62	78.92	75.89	18.44	0.0	28.0	81.04	20.88	99.46	56.46	52.5	99.16	44.29	74.95	41.62	63.39	35.36	35.23	48.1	70.21	43.42	79.83	31.38	62.64
55	72.11	88.81	22.8	73.35	66.84	30.07	88.2	49.03	38.63	78.0	38.47	79.65	36.77	26.31	63.53	82.1	91.76	62.13	70.68	103.25	30.46	94.15	17.2	40.5	28.28	60.96	98.08	44.94	84.38	76.03	52.8	60.96	43.86	38.83	47.54	34.23	83.74	22.8	5.66	56.57	96.93	12.17	34.41	91.93	85.6	94.34	55.61	92.02	94.02	104.79	62.13	79.62	72.11	36.72	28.0	0.0	78.23	29.73	110.15	72.14	51.42	112.65	23.71	64.94	66.48	72.07	25.18	56.08	33.73	83.01	45.31	90.05	29.55	75.6
56	38.47	70.94	56.0	28.64	44.41	48.17	74.32	34.0	46.52	81.61	50.12	32.98	44.72	52.04	69.31	69.77	27.2	16.12	27.78	49.03	69.57	19.8	64.12	62.61	50.04	46.69	31.3	62.77	6.32	8.25	41.04	46.69	51.88	40.05	71.02	79.12	50.0	56.0	74.67	26.08	32.31	66.12	62.03	59.23	47.07	44.05	44.05	64.03	32.98	40.25	63.66	10.0	6.32	65.39	81.04	78.23	0.0	60.17	51.26	51.11	28.64	60.64	59.48	22.02	77.79	32.65	53.08	64.54	46.84	44.38	37.64	39.0	51.35	43.86
57	43.86	59.36	16.12	47.07	37.74	22.36	59.06	42.52	39.4	50.99	42.38	52.5	16.12	18.97	35.44	52.84	66.75	45.69	44.72	75.15	10.0	72.03	13.42	12.17	19.7	31.62	72.99	16.49	65.51	60.93	52.15	31.62	14.42	22.8	22.09	20.0	54.41	16.12	30.53	46.86	71.39	21.54	6.0	62.29	56.6	66.21	26.83	62.29	67.91	78.59	33.11	58.31	55.03	10.2	20.88	29.73	60.17	0.0	82.46	42.52	31.62	83.86	33.02	55.0	40.2	44.92	19.65	27.51	31.78	54.2	22.56	62.39	12.21	46.65
58	38.63	47.54	88.2	37.2	45.61	84.02	52.0	80.0	90.69	68.41	95.02	30.53	73.78	86.02	66.03	51.92	24.17	60.46	40.0	8.0	87.93	34.23	93.06	76.66	84.4	51.92	20.4	73.76	47.54	59.46	89.89	51.92	68.35	74.03	78.64	94.15	32.0	88.2	108.76	73.78	18.97	98.79	80.32	31.62	28.07	16.49	55.71	36.77	18.87	12.0	62.03	42.05	55.46	81.04	99.46	110.15	51.26	82.46	0.0	44.18	62.29	11.7	99.25	72.45	72.44	38.08	87.42	67.27	87.69	29.43	65.46	20.12	80.78	36.88
59	12.81	22.0	53.25	22.8	8.0	52.8	24.33	60.13	65.97	31.11	70.34	21.63	40.25	52.84	22.8	18.97	38.47	47.07	23.32	36.22	45.65	50.0	55.17	34.0	51.88	11.66	43.08	30.46	52.8	57.27	72.11	11.66	28.28	44.27	34.53	50.6	12.65	53.25	72.25	58.14	40.5	62.48	38.83	19.8	16.12	28.0	17.89	20.59	36.06	44.72	18.11	42.8	50.16	38.47	56.46	72.14	51.11	42.52	44.18	0.0	38.05	42.72	68.43	62.17	30.46	18.6	54.2	23.09	60.08	15.03	34.48	26.48	45.49	8.94
60	29.73	60.03	28.64	25.61	30.07	22.36	62.03	22.09	29.53	63.25	34.0	32.8	16.12	25.3	48.33	56.14	41.18	14.42	22.8	56.64	41.23	42.76	36.06	35.61	23.41	28.28	47.41	36.77	34.23	29.53	34.06	28.28	25.46	12.65	45.25	50.99	44.27	28.64	48.7	20.88	46.65	39.29	34.0	54.41	43.86	48.41	22.8	57.27	44.41	54.92	43.08	28.28	23.41	37.74	52.5	51.42	28.64	31.62	62.29	38.05	0.0	67.62	37.01	26.93	56.36	26.42	26.57	41.68	25.5	40.72	9.43	43.28	23.0	35.44
61	40.61	40.61	91.55	42.01	46.14	88.39	44.91	86.95	96.83	62.39	101.26	34.83	77.23	89.87	62.65	46.1	33.54	67.98	44.82	11.7	88.14	45.0	95.44	76.56	88.41	52.35	31.0	73.16	57.56	68.88	97.49	52.35	69.46	78.52	76.92	93.3	30.08	91.55	111.83	81.39	29.07	101.83	80.95	26.02	27.29	19.21	57.14	30.15	27.66	23.35	59.44	50.96	64.2	81.02	99.16	112.65	60.64	83.86	11.7	42.72	67.62	0.0	104.0	80.99	68.07	41.73	91.29	65.25	93.09	29.68	69.31	24.41	83.87	37.22
62	64.2	88.6	17.03	62.24	61.4	15.81	89.19	27.02	15.3	83.49	14.76	69.3	28.18	15.81	67.6	82.86	77.94	43.66	59.41	93.35	40.02	77.47	22.14	45.01	16.55	56.8	84.06	49.09	65.8	55.73	29.15	56.8	42.45	25.5	55.08	48.1	77.94	17.03	18.38	35.13	83.49	15.81	39.01	87.46	78.6	84.86	50.54	89.01	81.4	91.84	64.33	63.07	53.16	43.1	44.29	23.71	59.48	33.02	99.25	68.43	37.01	104.0	0.0	43.0	73.06	62.29	14.56	59.54	12.65	75.6	35.0	79.91	23.77	69.07
63	51.16	83.86	45.31	43.05	54.34	36.4	86.49	16.03	28.16	89.69	30.81	49.37	39.05	40.85	75.13	81.02	48.3	15.13	41.0	69.29	65.0	41.77	54.23	61.55	39.0	54.08	53.0	63.25	27.59	15.0	19.42	54.08	52.01	32.2	71.7	75.0	65.0	45.31	60.41	8.54	53.71	53.6	58.8	75.03	63.13	63.06	49.24	79.03	53.71	61.91	69.78	30.41	17.0	62.97	74.95	64.94	22.02	55.0	72.45	62.17	26.93	80.99	43.0	0.0	83.24	46.01	41.44	68.6	31.26	60.07	35.61	57.72	43.57	57.14
64	42.19	29.73	56.04	51.61	34.41	60.3	26.83	75.89	76.94	11.66	80.62	51.88	49.03	58.03	8.49	22.8	68.88	69.34	51.22	64.5	36.06	79.92	52.95	28.07	58.14	31.11	73.54	24.0	80.72	82.46	87.36	31.11	32.98	55.79	18.97	34.41	40.79	56.04	68.96	76.97	70.94	61.19	34.23	42.05	45.12	57.27	34.41	38.47	66.48	74.73	14.14	70.94	75.29	30.59	41.62	66.48	77.79	40.2	72.44	30.46	56.36	68.07	73.06	83.24	0.0	47.43	59.01	14.87	69.58	44.92	48.47	56.61	50.09	39.4
65	5.83	38.6	50.22	4.24	13.04	46.67	41.79	47.43	55.95	49.58	60.42	7.62	35.81	48.27	39.12	37.12	23.19	31.02	5.1	31.4	51.48	32.65	55.01	41.01	46.75	17.72	29.02	39.12	34.21	39.22	58.94	17.72	31.4	36.8	45.89	59.01	19.03	50.22	70.72	43.57	27.02	60.75	43.57	29.15	17.72	22.67	19.03	33.02	23.19	33.73	33.62	24.21	32.28	45.1	63.39	72.07	32.65	44.92	38.08	18.6	26.42	41.73	62.29	46.01	47.43	0.0	49.68	36.4	51.61	14.56	27.66	18.03	42.72	11.4
