set K:= 1	2	3	4	5	6	7	8	9;
set C_H:= 1	2	3	4	5	6	7	8	9	10	11	12	13	14	15	16	17	18	19	20;
set C_S:= 21	22	23	24	25	26	27	28	29	30	31	32	33	34	35	36	37	38	39	40;
set C_F:= 41	42	43	44	45	46	47	48	49	50	51	52	53	54	55	56	57	58	59	60;
set M:= 61	62	63	64;
set L_B:= 65	66	67	68	69	70	71	72	73;
set A1:=
(0,*) 1 2 3 4 5 6 7 8 9 10 11 12 13 14 15 16 17 18 19 20 41 42 43 44 45 46 47 48 49 50 51 52 53 54 55 56 57 58 59 60 61 62 63 64 65 66 67 68 69 70 71 72 73
(1,*) 0 2 3 4 5 6 7 8 9 10 11 12 13 14 15 16 17 18 19 20 41 42 43 44 45 46 47 48 49 50 51 52 53 54 55 56 57 58 59 60 61 62 63 64 65 66 67 68 69 70 71 72 73
(2,*) 0 1 3 4 5 6 7 8 9 10 11 12 13 14 15 16 17 18 19 20 41 42 43 44 45 46 47 48 49 50 51 52 53 54 55 56 57 58 59 60 61 62 63 64 65 66 67 68 69 70 71 72 73
(3,*) 0 1 2 4 5 6 7 8 9 10 11 12 13 14 15 16 17 18 19 20 41 42 43 44 45 46 47 48 49 50 51 52 53 54 55 56 57 58 59 60 61 62 63 64 65 66 67 68 69 70 71 72 73
(4,*) 0 1 2 3 5 6 7 8 9 10 11 12 13 14 15 16 17 18 19 20 41 42 43 44 45 46 47 48 49 50 51 52 53 54 55 56 57 58 59 60 61 62 63 64 65 66 67 68 69 70 71 72 73
(5,*) 0 1 2 3 4 6 7 8 9 10 11 12 13 14 15 16 17 18 19 20 41 42 43 44 45 46 47 48 49 50 51 52 53 54 55 56 57 58 59 60 61 62 63 64 65 66 67 68 69 70 71 72 73
(6,*) 0 1 2 3 4 5 7 8 9 10 11 12 13 14 15 16 17 18 19 20 41 42 43 44 45 46 47 48 49 50 51 52 53 54 55 56 57 58 59 60 61 62 63 64 65 66 67 68 69 70 71 72 73
(7,*) 0 1 2 3 4 5 6 8 9 10 11 12 13 14 15 16 17 18 19 20 41 42 43 44 45 46 47 48 49 50 51 52 53 54 55 56 57 58 59 60 61 62 63 64 65 66 67 68 69 70 71 72 73
(8,*) 0 1 2 3 4 5 6 7 9 10 11 12 13 14 15 16 17 18 19 20 41 42 43 44 45 46 47 48 49 50 51 52 53 54 55 56 57 58 59 60 61 62 63 64 65 66 67 68 69 70 71 72 73
(9,*) 0 1 2 3 4 5 6 7 8 10 11 12 13 14 15 16 17 18 19 20 41 42 43 44 45 46 47 48 49 50 51 52 53 54 55 56 57 58 59 60 61 62 63 64 65 66 67 68 69 70 71 72 73
(10,*) 0 1 2 3 4 5 6 7 8 9 11 12 13 14 15 16 17 18 19 20 41 42 43 44 45 46 47 48 49 50 51 52 53 54 55 56 57 58 59 60 61 62 63 64 65 66 67 68 69 70 71 72 73
(11,*) 0 1 2 3 4 5 6 7 8 9 10 12 13 14 15 16 17 18 19 20 41 42 43 44 45 46 47 48 49 50 51 52 53 54 55 56 57 58 59 60 61 62 63 64 65 66 67 68 69 70 71 72 73
(12,*) 0 1 2 3 4 5 6 7 8 9 10 11 13 14 15 16 17 18 19 20 41 42 43 44 45 46 47 48 49 50 51 52 53 54 55 56 57 58 59 60 61 62 63 64 65 66 67 68 69 70 71 72 73
(13,*) 0 1 2 3 4 5 6 7 8 9 10 11 12 14 15 16 17 18 19 20 41 42 43 44 45 46 47 48 49 50 51 52 53 54 55 56 57 58 59 60 61 62 63 64 65 66 67 68 69 70 71 72 73
(14,*) 0 1 2 3 4 5 6 7 8 9 10 11 12 13 15 16 17 18 19 20 41 42 43 44 45 46 47 48 49 50 51 52 53 54 55 56 57 58 59 60 61 62 63 64 65 66 67 68 69 70 71 72 73
(15,*) 0 1 2 3 4 5 6 7 8 9 10 11 12 13 14 16 17 18 19 20 41 42 43 44 45 46 47 48 49 50 51 52 53 54 55 56 57 58 59 60 61 62 63 64 65 66 67 68 69 70 71 72 73
(16,*) 0 1 2 3 4 5 6 7 8 9 10 11 12 13 14 15 17 18 19 20 41 42 43 44 45 46 47 48 49 50 51 52 53 54 55 56 57 58 59 60 61 62 63 64 65 66 67 68 69 70 71 72 73
(17,*) 0 1 2 3 4 5 6 7 8 9 10 11 12 13 14 15 16 18 19 20 41 42 43 44 45 46 47 48 49 50 51 52 53 54 55 56 57 58 59 60 61 62 63 64 65 66 67 68 69 70 71 72 73
(18,*) 0 1 2 3 4 5 6 7 8 9 10 11 12 13 14 15 16 17 19 20 41 42 43 44 45 46 47 48 49 50 51 52 53 54 55 56 57 58 59 60 61 62 63 64 65 66 67 68 69 70 71 72 73
(19,*) 0 1 2 3 4 5 6 7 8 9 10 11 12 13 14 15 16 17 18 20 41 42 43 44 45 46 47 48 49 50 51 52 53 54 55 56 57 58 59 60 61 62 63 64 65 66 67 68 69 70 71 72 73
(20,*) 0 1 2 3 4 5 6 7 8 9 10 11 12 13 14 15 16 17 18 19 41 42 43 44 45 46 47 48 49 50 51 52 53 54 55 56 57 58 59 60 61 62 63 64 65 66 67 68 69 70 71 72 73
(41,*) 0 1 2 3 4 5 6 7 8 9 10 11 12 13 14 15 16 17 18 19 20 42 43 44 45 46 47 48 49 50 51 52 53 54 55 56 57 58 59 60 61 62 63 64 65 66 67 68 69 70 71 72 73
(42,*) 0 1 2 3 4 5 6 7 8 9 10 11 12 13 14 15 16 17 18 19 20 41 43 44 45 46 47 48 49 50 51 52 53 54 55 56 57 58 59 60 61 62 63 64 65 66 67 68 69 70 71 72 73
(43,*) 0 1 2 3 4 5 6 7 8 9 10 11 12 13 14 15 16 17 18 19 20 41 42 44 45 46 47 48 49 50 51 52 53 54 55 56 57 58 59 60 61 62 63 64 65 66 67 68 69 70 71 72 73
(44,*) 0 1 2 3 4 5 6 7 8 9 10 11 12 13 14 15 16 17 18 19 20 41 42 43 45 46 47 48 49 50 51 52 53 54 55 56 57 58 59 60 61 62 63 64 65 66 67 68 69 70 71 72 73
(45,*) 0 1 2 3 4 5 6 7 8 9 10 11 12 13 14 15 16 17 18 19 20 41 42 43 44 46 47 48 49 50 51 52 53 54 55 56 57 58 59 60 61 62 63 64 65 66 67 68 69 70 71 72 73
(46,*) 0 1 2 3 4 5 6 7 8 9 10 11 12 13 14 15 16 17 18 19 20 41 42 43 44 45 47 48 49 50 51 52 53 54 55 56 57 58 59 60 61 62 63 64 65 66 67 68 69 70 71 72 73
(47,*) 0 1 2 3 4 5 6 7 8 9 10 11 12 13 14 15 16 17 18 19 20 41 42 43 44 45 46 48 49 50 51 52 53 54 55 56 57 58 59 60 61 62 63 64 65 66 67 68 69 70 71 72 73
(48,*) 0 1 2 3 4 5 6 7 8 9 10 11 12 13 14 15 16 17 18 19 20 41 42 43 44 45 46 47 49 50 51 52 53 54 55 56 57 58 59 60 61 62 63 64 65 66 67 68 69 70 71 72 73
(49,*) 0 1 2 3 4 5 6 7 8 9 10 11 12 13 14 15 16 17 18 19 20 41 42 43 44 45 46 47 48 50 51 52 53 54 55 56 57 58 59 60 61 62 63 64 65 66 67 68 69 70 71 72 73
(50,*) 0 1 2 3 4 5 6 7 8 9 10 11 12 13 14 15 16 17 18 19 20 41 42 43 44 45 46 47 48 49 51 52 53 54 55 56 57 58 59 60 61 62 63 64 65 66 67 68 69 70 71 72 73
(51,*) 0 1 2 3 4 5 6 7 8 9 10 11 12 13 14 15 16 17 18 19 20 41 42 43 44 45 46 47 48 49 50 52 53 54 55 56 57 58 59 60 61 62 63 64 65 66 67 68 69 70 71 72 73
(52,*) 0 1 2 3 4 5 6 7 8 9 10 11 12 13 14 15 16 17 18 19 20 41 42 43 44 45 46 47 48 49 50 51 53 54 55 56 57 58 59 60 61 62 63 64 65 66 67 68 69 70 71 72 73
(53,*) 0 1 2 3 4 5 6 7 8 9 10 11 12 13 14 15 16 17 18 19 20 41 42 43 44 45 46 47 48 49 50 51 52 54 55 56 57 58 59 60 61 62 63 64 65 66 67 68 69 70 71 72 73
(54,*) 0 1 2 3 4 5 6 7 8 9 10 11 12 13 14 15 16 17 18 19 20 41 42 43 44 45 46 47 48 49 50 51 52 53 55 56 57 58 59 60 61 62 63 64 65 66 67 68 69 70 71 72 73
(55,*) 0 1 2 3 4 5 6 7 8 9 10 11 12 13 14 15 16 17 18 19 20 41 42 43 44 45 46 47 48 49 50 51 52 53 54 56 57 58 59 60 61 62 63 64 65 66 67 68 69 70 71 72 73
(56,*) 0 1 2 3 4 5 6 7 8 9 10 11 12 13 14 15 16 17 18 19 20 41 42 43 44 45 46 47 48 49 50 51 52 53 54 55 57 58 59 60 61 62 63 64 65 66 67 68 69 70 71 72 73
(57,*) 0 1 2 3 4 5 6 7 8 9 10 11 12 13 14 15 16 17 18 19 20 41 42 43 44 45 46 47 48 49 50 51 52 53 54 55 56 58 59 60 61 62 63 64 65 66 67 68 69 70 71 72 73
(58,*) 0 1 2 3 4 5 6 7 8 9 10 11 12 13 14 15 16 17 18 19 20 41 42 43 44 45 46 47 48 49 50 51 52 53 54 55 56 57 59 60 61 62 63 64 65 66 67 68 69 70 71 72 73
(59,*) 0 1 2 3 4 5 6 7 8 9 10 11 12 13 14 15 16 17 18 19 20 41 42 43 44 45 46 47 48 49 50 51 52 53 54 55 56 57 58 60 61 62 63 64 65 66 67 68 69 70 71 72 73
(60,*) 0 1 2 3 4 5 6 7 8 9 10 11 12 13 14 15 16 17 18 19 20 41 42 43 44 45 46 47 48 49 50 51 52 53 54 55 56 57 58 59 61 62 63 64 65 66 67 68 69 70 71 72 73
(61,*) 0 1 2 3 4 5 6 7 8 9 10 11 12 13 14 15 16 17 18 19 20 41 42 43 44 45 46 47 48 49 50 51 52 53 54 55 56 57 58 59 60 63 64 65 66 67 68 69 70 71 72 73
(62,*) 0 1 2 3 4 5 6 7 8 9 10 11 12 13 14 15 16 17 18 19 20 41 42 43 44 45 46 47 48 49 50 51 52 53 54 55 56 57 58 59 60 63 64 65 66 67 68 69 70 71 72 73
(63,*) 0 1 2 3 4 5 6 7 8 9 10 11 12 13 14 15 16 17 18 19 20 41 42 43 44 45 46 47 48 49 50 51 52 53 54 55 56 57 58 59 60 61 62 65 66 67 68 69 70 71 72 73
(64,*) 0 1 2 3 4 5 6 7 8 9 10 11 12 13 14 15 16 17 18 19 20 41 42 43 44 45 46 47 48 49 50 51 52 53 54 55 56 57 58 59 60 61 62 65 66 67 68 69 70 71 72 73
(65,*) 0 1 2 3 4 5 6 7 8 9 10 11 12 13 14 15 16 17 18 19 20 41 42 43 44 45 46 47 48 49 50 51 52 53 54 55 56 57 58 59 60 61 62 63 64 66 67 68 69 70 71 72 73
(66,*) 0 1 2 3 4 5 6 7 8 9 10 11 12 13 14 15 16 17 18 19 20 41 42 43 44 45 46 47 48 49 50 51 52 53 54 55 56 57 58 59 60 61 62 63 64 65 67 68 69 70 71 72 73
(67,*) 0 1 2 3 4 5 6 7 8 9 10 11 12 13 14 15 16 17 18 19 20 41 42 43 44 45 46 47 48 49 50 51 52 53 54 55 56 57 58 59 60 61 62 63 64 65 66 68 69 70 71 72 73
(68,*) 0 1 2 3 4 5 6 7 8 9 10 11 12 13 14 15 16 17 18 19 20 41 42 43 44 45 46 47 48 49 50 51 52 53 54 55 56 57 58 59 60 61 62 63 64 65 66 67 69 70 71 72 73
(69,*) 0 1 2 3 4 5 6 7 8 9 10 11 12 13 14 15 16 17 18 19 20 41 42 43 44 45 46 47 48 49 50 51 52 53 54 55 56 57 58 59 60 61 62 63 64 65 66 67 68 70 71 72 73
(70,*) 0 1 2 3 4 5 6 7 8 9 10 11 12 13 14 15 16 17 18 19 20 41 42 43 44 45 46 47 48 49 50 51 52 53 54 55 56 57 58 59 60 61 62 63 64 65 66 67 68 69 71 72 73
(71,*) 0 1 2 3 4 5 6 7 8 9 10 11 12 13 14 15 16 17 18 19 20 41 42 43 44 45 46 47 48 49 50 51 52 53 54 55 56 57 58 59 60 61 62 63 64 65 66 67 68 69 70 72 73
(72,*) 0 1 2 3 4 5 6 7 8 9 10 11 12 13 14 15 16 17 18 19 20 41 42 43 44 45 46 47 48 49 50 51 52 53 54 55 56 57 58 59 60 61 62 63 64 65 66 67 68 69 70 71 73
(73,*) 0 1 2 3 4 5 6 7 8 9 10 11 12 13 14 15 16 17 18 19 20 41 42 43 44 45 46 47 48 49 50 51 52 53 54 55 56 57 58 59 60 61 62 63 64 65 66 67 68 69 70 71 72
;
set A2:=
(61,*) 62
(62,*) 61
(63,*) 64
(64,*) 63
;
param BigM:=99999;
param n:= 9;
param d:=
1	23
2	17
3	12
4	11
5	12
6	8
7	20
8	9
9	18
10	2
11	18
12	19
13	2
14	11
15	10
16	13
17	16
18	22
19	6
20	12
21	6
22	22
23	3
24	24
25	18
26	10
27	9
28	12
29	8
30	5
31	14
32	16
33	19
34	3
35	12
36	20
37	7
38	27
39	9
40	15
41	24
42	7
43	14
44	16
45	16
46	4
47	14
48	19
49	22
50	19
51	11
52	18
53	15
54	4
55	18
56	12
57	72
58	19
59	23
60	18
;
param Q:=100;
param w:=
[61,*] 62 0.5
[62,*] 61 0.5
[63,*] 64 0.5
[64,*] 63 0.5
;
param V:=
[61,*] 62 72
[62,*] 61 72
[63,*] 64 78
[64,*] 63 78
;
param e:
	61	62	63	64	65	66	67	68	69	70	71	72	73:=
21	0	0	0	1	0	0	0	0	0	0	0	0	1	
22	0	1	1	0	0	0	0	0	0	0	0	1	0	
23	0	1	1	0	0	0	0	1	0	1	0	0	0	
24	1	0	0	1	0	0	0	0	0	0	0	1	0	
25	0	0	0	1	0	0	0	0	0	0	0	1	0	
26	0	1	1	0	0	0	0	0	0	0	1	0	0	
27	0	1	1	0	0	1	0	1	0	1	0	1	0	
28	1	0	1	0	0	0	0	0	1	0	0	0	0	
29	0	1	1	0	0	0	0	0	0	0	0	0	1	
30	0	1	0	0	0	1	0	0	0	0	0	0	0	
31	0	1	0	0	0	1	0	0	0	1	0	0	0	
32	1	0	1	0	0	0	0	0	0	0	0	0	1	
33	0	1	0	1	0	1	0	0	0	0	0	0	0	
34	0	1	0	0	0	1	0	0	0	0	0	0	0	
35	0	0	1	0	0	0	0	1	0	0	0	0	0	
36	0	1	0	1	0	1	0	0	0	0	0	0	0	
37	1	0	0	1	0	0	1	0	0	0	0	0	0	
38	0	0	1	0	1	0	0	0	0	0	0	0	0	
39	0	1	0	1	0	1	0	0	0	0	0	0	0	
40	1	0	1	0	1	0	0	0	0	0	1	0	1	
41	0	1	1	0	0	1	0	1	0	1	0	1	0	
42	0	0	0	1	0	1	0	0	0	0	0	1	0	
43	1	0	0	0	1	0	1	0	1	0	1	0	1	
44	0	1	0	1	0	1	0	0	0	0	0	1	0	
45	1	0	1	0	0	0	0	0	0	0	0	0	1	
46	1	0	0	1	1	0	0	0	1	0	1	0	1	
47	0	1	1	0	0	1	0	1	0	1	0	1	0	
48	1	0	0	1	0	0	0	0	0	0	0	0	1	
49	1	0	0	1	1	0	1	0	1	0	1	1	0	
50	0	1	0	1	0	1	1	1	0	0	0	1	0	
51	0	1	0	0	0	0	0	1	0	1	0	0	0	
52	1	0	0	0	0	0	0	0	0	0	1	0	0	
53	0	0	0	1	0	1	0	0	0	0	0	0	0	
54	0	0	0	1	0	1	0	0	0	0	0	0	0	
55	0	1	1	0	0	0	0	0	0	1	0	0	0	
56	0	0	0	1	0	1	0	0	0	0	0	0	0	
57	0	1	0	1	0	1	0	0	0	0	0	1	0	
58	0	0	0	1	0	0	0	1	0	0	0	0	0	
59	0	1	1	0	0	1	0	1	0	1	0	1	0	
60	0	0	0	1	1	0	1	0	1	0	1	0	0	
;
param p:=
1	3
2	3
3	3
4	3
5	3
6	3
7	3
8	3
9	3
;
param G:=
61	72
62	72
63	77
64	78
65	93
66	81
67	93
68	80
69	90
70	72
71	89
72	95
73	73
;
param s:=
0	0
1	10
2	10
3	10
4	10
5	10
6	10
7	10
8	10
9	10
10	10
11	10
12	10
13	10
14	10
15	10
16	10
17	10
18	10
19	10
20	10
41	10
42	10
43	10
44	10
45	10
46	10
47	10
48	10
49	10
50	10
51	10
52	10
53	10
54	10
55	10
56	10
57	10
58	10
59	10
60	10
61	10
62	10
63	10
64	10
65	10
66	10
67	10
68	10
69	10
70	10
71	10
72	10
73	10
;
param t:
	0	1	2	3	4	5	6	7	8	9	10	11	12	13	14	15	16	17	18	19	20	21	22	23	24	25	26	27	28	29	30	31	32	33	34	35	36	37	38	39	40	41	42	43	44	45	46	47	48	49	50	51	52	53	54	55	56	57	58	59	60	61	62	63	64	65	66	67	68	69	70	71	72	73:=
0	0.0	37.74	54.92	38.47	10.0	32.56	24.74	8.25	44.94	36.06	51.42	26.08	42.19	10.2	34.0	38.47	10.77	38.63	71.22	48.17	31.3	32.98	61.22	48.17	14.0	17.09	63.15	38.83	30.0	37.95	36.77	49.52	27.2	61.19	72.11	36.06	43.86	14.56	29.73	49.48	30.27	50.99	41.76	14.42	36.06	40.0	22.36	48.41	28.07	14.0	29.73	59.09	36.06	43.86	28.64	63.56	56.32	42.76	31.3	50.99	12.81	40.61	64.2	51.16	42.19	7.81	46.62	5.83	35.51	3.16	49.41	10.44	35.38	16.97
1	37.74	0.0	78.64	71.39	28.64	14.0	51.11	45.65	27.2	69.66	53.25	18.97	77.79	28.43	71.69	19.8	29.73	34.23	91.21	45.61	34.23	65.6	82.0	65.97	50.16	50.0	60.83	55.32	14.56	25.61	58.31	67.91	13.42	92.35	94.15	34.0	72.03	44.05	42.76	80.4	16.12	71.39	72.44	40.0	70.34	14.42	32.31	64.56	56.6	50.16	60.83	65.51	22.36	80.92	66.24	69.34	89.11	74.97	66.48	71.39	50.0	45.0	77.47	41.77	79.92	30.41	70.35	38.08	51.97	35.36	64.2	27.8	58.14	21.54
2	54.92	78.64	0.0	25.3	56.46	81.61	74.97	49.68	63.15	72.47	39.45	77.25	34.23	62.61	48.7	64.12	53.85	93.06	17.2	45.69	86.09	72.72	8.25	15.23	43.86	38.42	46.69	24.08	64.28	58.31	20.4	13.42	75.29	22.8	17.2	48.37	13.42	66.6	36.06	18.11	80.32	8.94	18.97	68.41	29.73	70.03	77.18	17.89	75.29	43.86	26.91	32.56	88.02	64.03	46.52	34.41	26.0	22.36	66.24	8.94	55.17	95.44	22.14	54.23	52.95	56.36	8.54	49.74	27.0	54.2	19.72	62.17	20.88	60.73
3	38.47	71.39	25.3	0.0	44.05	70.0	53.25	31.05	64.9	47.71	51.11	64.12	10.77	48.17	23.41	62.61	42.19	76.66	42.05	54.04	68.96	48.41	33.53	30.59	24.74	22.0	61.74	30.53	58.82	58.31	23.32	30.27	64.03	22.8	40.5	50.0	12.17	46.52	35.61	11.66	68.03	28.0	6.32	49.4	4.47	67.23	60.17	32.98	52.5	24.74	10.77	50.0	74.43	38.83	21.63	53.37	18.0	4.47	41.62	28.0	34.0	76.56	45.01	61.55	28.07	43.0	21.0	35.01	30.61	39.12	35.17	48.09	21.63	50.36
4	10.0	28.64	56.46	44.05	0.0	26.08	32.0	17.2	35.44	45.69	45.69	20.88	49.48	7.21	43.27	28.64	2.83	37.2	71.69	41.23	31.11	42.38	61.77	47.2	21.54	22.09	56.92	36.88	20.0	28.64	36.72	48.83	20.0	66.12	73.35	28.28	47.07	22.09	25.61	54.15	24.33	51.11	46.17	20.1	42.43	30.0	22.8	46.86	36.22	21.54	34.06	54.92	31.62	53.81	37.74	59.36	62.03	48.0	41.18	51.11	22.8	42.01	62.24	43.05	51.61	2.24	47.93	9.49	33.3	7.07	47.42	6.4	35.78	7.21
5	32.56	14.0	81.61	70.0	26.08	0.0	39.7	40.79	39.4	59.46	62.23	7.21	74.67	22.36	65.79	31.3	28.28	20.4	95.85	55.32	20.4	55.17	86.16	70.68	46.39	48.0	71.22	59.93	22.8	36.06	61.35	72.5	6.32	92.2	98.08	42.43	72.99	34.41	47.41	80.22	2.83	75.39	72.25	30.0	68.12	27.2	20.0	69.77	45.34	46.39	60.13	73.76	8.94	72.72	60.73	77.9	88.0	74.03	57.2	75.39	43.08	31.0	84.06	53.0	73.54	27.0	73.08	35.01	56.36	31.14	69.84	22.2	60.73	20.88
6	24.74	51.11	74.97	53.25	32.0	39.7	0.0	26.08	66.75	20.59	76.16	32.8	52.0	26.31	36.88	59.23	34.06	31.62	92.02	72.69	24.17	16.12	82.22	71.02	31.24	37.2	87.86	62.61	49.48	60.3	59.36	72.11	37.74	75.18	91.93	60.13	62.29	10.2	54.41	64.9	36.88	72.8	58.41	12.17	49.4	58.82	19.8	71.69	5.66	31.24	48.08	83.57	37.2	36.88	34.18	88.02	68.88	57.69	20.4	72.8	19.8	26.02	87.46	75.03	42.05	30.02	67.36	30.36	59.51	27.46	72.95	27.29	57.69	36.5
7	8.25	45.65	49.68	31.05	17.2	40.79	26.08	0.0	50.12	32.25	52.15	34.23	34.06	18.44	26.08	44.41	16.97	45.61	66.48	50.16	37.95	30.0	56.57	44.94	6.32	11.31	64.12	36.77	36.77	42.94	33.29	46.04	35.44	53.85	66.84	39.29	37.74	16.97	30.07	42.38	38.47	46.86	34.93	18.87	28.28	46.69	29.12	45.65	27.86	6.32	23.32	58.24	44.0	37.2	20.59	62.64	48.66	35.44	26.68	46.86	8.0	46.14	61.4	54.34	34.41	15.26	41.73	8.6	33.84	10.3	46.96	18.68	31.62	24.41
8	44.94	27.2	63.15	64.9	35.44	39.4	66.75	50.12	0.0	80.99	29.12	41.23	74.03	40.45	74.03	8.25	34.18	59.46	72.03	20.88	57.27	77.79	64.12	48.37	51.61	48.17	34.41	39.29	18.11	7.21	44.94	50.36	35.44	81.71	76.03	15.23	60.93	57.27	29.53	70.68	40.5	54.59	63.53	54.59	65.6	12.81	52.15	46.17	71.39	51.61	54.41	41.76	48.33	87.13	68.41	44.94	80.5	67.23	76.16	54.59	57.27	68.88	55.73	15.0	82.46	37.64	56.04	41.59	37.0	41.79	45.04	39.46	45.69	30.27
9	36.06	69.66	72.47	47.71	45.69	59.46	20.59	32.25	80.99	0.0	84.0	52.35	42.43	42.19	25.46	74.32	46.82	52.0	89.55	82.39	44.72	4.47	80.5	72.8	34.06	40.2	96.0	66.75	65.3	74.0	61.61	73.38	56.64	66.48	88.2	71.39	59.06	25.61	62.03	58.41	56.64	72.8	53.85	29.73	43.27	75.18	40.0	74.22	15.23	34.06	46.82	88.81	57.69	18.11	26.08	93.06	59.46	51.61	6.32	72.8	24.33	44.91	89.19	86.49	26.83	43.46	66.31	40.02	64.38	39.22	75.93	43.05	59.67	51.88
10	51.42	53.25	39.45	51.11	45.69	62.23	76.16	52.15	29.12	84.0	0.0	61.22	61.77	52.8	68.41	34.0	43.08	80.0	44.41	8.25	75.47	82.1	37.95	24.41	50.04	44.18	12.0	20.59	39.7	27.78	27.78	26.08	56.64	61.22	49.03	19.8	42.52	65.97	22.09	52.35	62.29	30.53	47.2	65.15	53.67	40.25	68.0	21.63	79.25	50.04	43.08	12.65	70.77	83.95	63.56	16.12	62.23	51.61	78.03	30.53	60.13	86.95	27.02	16.03	75.89	47.17	34.71	45.89	21.19	48.76	19.72	51.89	29.53	44.94
11	26.08	18.97	77.25	64.12	20.88	7.21	32.8	34.23	41.23	52.35	61.22	0.0	68.26	16.0	58.82	32.98	23.41	18.87	92.13	54.92	16.12	48.08	82.29	67.23	40.05	42.19	71.02	56.6	23.41	36.77	57.27	68.96	6.0	86.58	94.02	41.62	67.91	27.2	44.41	74.67	4.47	71.55	66.75	22.8	62.0	30.07	13.42	66.57	38.42	40.05	54.59	72.14	10.77	65.51	53.85	76.42	82.1	68.26	50.0	71.55	36.06	27.66	81.4	53.71	66.48	21.38	68.71	29.15	53.0	25.02	66.85	16.03	56.46	17.2
12	42.19	77.79	34.23	10.77	49.48	74.67	52.0	34.06	74.03	42.43	61.77	68.26	0.0	52.35	16.97	71.02	48.08	78.64	50.0	64.4	70.71	44.05	42.43	41.23	28.28	27.86	72.5	41.18	66.21	67.2	34.0	40.79	69.05	24.08	47.54	59.46	22.09	47.07	45.25	17.09	72.44	38.21	16.12	50.64	8.49	75.18	62.29	43.68	50.12	28.28	19.8	60.73	78.03	30.46	17.89	64.03	17.2	12.0	36.88	38.21	34.53	76.92	55.08	71.7	18.97	48.05	31.26	40.02	41.05	43.57	45.88	52.47	32.25	56.32
13	10.2	28.43	62.61	48.17	7.21	22.36	26.31	18.44	40.45	42.19	52.8	16.0	52.35	0.0	43.86	32.98	10.0	30.53	78.23	48.08	24.08	38.47	68.26	54.04	24.08	26.31	63.91	43.86	23.41	34.06	43.27	55.61	17.09	70.71	79.65	34.93	52.5	17.09	32.8	58.86	20.1	57.69	50.99	14.14	46.0	33.11	15.62	53.81	31.05	24.08	38.83	62.13	26.31	52.5	38.63	66.57	66.12	52.35	38.42	57.69	21.63	34.83	69.3	49.37	51.88	6.4	54.12	13.34	40.31	9.06	54.45	1.0	42.19	10.2
14	34.0	71.69	48.7	23.41	43.27	65.79	36.88	26.08	74.03	25.46	68.41	58.82	16.97	43.86	0.0	69.31	42.8	66.03	65.39	69.08	58.03	27.2	56.92	52.04	22.63	26.08	80.05	48.66	62.48	66.84	42.19	52.15	60.93	41.04	63.53	61.06	35.44	34.06	48.33	33.29	63.25	50.64	29.73	38.21	18.97	72.25	50.36	54.0	34.18	22.63	26.08	70.26	67.47	16.0	5.66	74.11	34.06	26.83	20.0	50.64	22.8	62.65	67.6	75.13	8.49	41.34	43.74	34.21	47.3	36.36	56.01	44.28	40.2	50.48
15	38.47	19.8	64.12	62.61	28.64	31.3	59.23	44.41	8.25	74.32	34.0	32.98	71.02	32.98	69.31	0.0	27.78	51.26	74.67	26.08	49.03	70.94	66.12	50.04	46.69	44.05	41.04	40.05	10.0	6.32	44.72	52.04	27.2	81.04	78.23	16.12	60.17	50.0	28.64	69.57	32.31	56.0	62.03	47.07	62.77	6.32	44.05	48.17	64.03	46.69	51.88	46.52	40.25	81.61	63.66	50.12	79.12	65.39	69.77	56.0	51.11	60.64	59.48	22.02	77.79	30.87	56.44	35.81	37.22	35.36	47.38	32.02	45.12	22.8
16	10.77	29.73	53.85	42.19	2.83	28.28	34.06	16.97	34.18	46.82	43.08	23.41	48.08	10.0	42.8	27.78	0.0	40.0	68.96	38.83	33.94	43.68	59.06	44.41	20.59	20.4	54.41	34.06	19.8	27.2	34.0	46.04	22.09	64.03	70.68	26.08	44.72	24.0	22.8	52.04	26.68	48.37	44.05	22.36	40.79	29.73	25.61	44.05	38.05	20.59	32.0	52.15	34.18	54.04	37.2	56.6	60.13	46.04	42.05	48.37	23.32	44.82	59.41	41.0	51.22	4.12	45.31	8.6	30.48	7.62	44.6	9.22	33.11	8.25
17	38.63	34.23	93.06	76.66	37.2	20.4	31.62	45.61	59.46	52.0	80.0	18.87	78.64	30.53	66.03	51.26	40.0	0.0	108.76	73.78	8.0	47.54	98.79	84.4	51.92	55.71	89.89	74.03	42.05	55.46	73.78	86.02	24.17	99.46	110.15	60.46	82.46	32.0	62.29	87.93	18.97	88.2	80.32	28.07	73.76	47.54	16.49	84.02	36.77	51.92	68.35	90.69	12.0	68.41	62.03	95.02	94.15	81.04	51.92	88.2	44.18	11.7	99.25	72.45	72.44	36.89	84.6	43.38	70.43	38.91	84.5	31.06	72.72	35.38
18	71.22	91.21	17.2	42.05	71.69	95.85	92.02	66.48	72.03	89.55	44.41	92.13	50.0	78.23	65.39	74.67	68.96	108.76	0.0	52.15	102.08	89.89	10.0	25.3	60.83	55.17	47.54	36.06	76.66	68.47	34.99	23.41	89.55	32.25	5.66	58.55	30.53	83.45	48.7	32.98	94.85	20.59	35.78	85.04	46.52	80.89	93.23	26.68	92.46	60.83	44.05	33.53	102.86	80.32	63.53	33.11	38.0	38.63	83.35	20.59	72.25	111.83	18.38	60.41	68.96	71.87	24.76	65.8	39.56	70.21	27.29	77.7	36.06	75.15
19	48.17	45.61	45.69	54.04	41.23	55.32	72.69	50.16	20.88	82.39	8.25	54.92	64.4	48.08	69.08	26.08	38.83	73.78	52.15	0.0	69.77	80.1	45.12	30.46	49.03	43.68	16.12	24.08	32.56	20.0	31.11	32.31	50.0	66.57	56.57	13.42	46.86	62.51	20.88	56.85	55.61	36.77	50.91	61.19	56.04	32.25	62.77	27.86	76.24	49.03	44.94	20.88	64.03	84.12	63.91	24.17	66.84	55.17	76.66	36.77	58.14	81.39	35.13	8.54	76.97	42.95	39.96	43.01	23.43	45.28	26.25	47.13	32.56	39.4
20	31.3	34.23	86.09	68.96	31.11	20.4	24.17	37.95	57.27	44.72	75.47	16.12	70.71	24.08	58.03	49.03	33.94	8.0	102.08	69.77	0.0	40.25	92.09	78.1	44.27	48.33	85.88	67.94	39.29	52.5	67.2	79.65	22.09	91.76	103.25	56.36	75.15	24.0	56.64	80.32	18.11	81.61	72.8	20.1	65.97	46.17	8.94	77.9	29.53	44.27	60.93	85.6	14.42	60.73	54.04	90.0	86.35	73.38	44.27	81.61	36.22	11.7	93.35	69.29	64.5	30.48	77.7	36.36	64.38	31.91	78.52	24.76	66.03	30.53
21	32.98	65.6	72.72	48.41	42.38	55.17	16.12	30.0	77.79	4.47	82.1	48.08	44.05	38.47	27.2	70.94	43.68	47.54	89.89	80.1	40.25	0.0	80.62	72.11	32.56	38.83	94.09	65.51	61.74	70.88	60.73	72.8	52.5	68.12	88.81	68.73	59.36	21.63	60.03	59.46	52.35	72.5	54.41	25.61	44.05	71.55	35.61	73.38	10.77	32.56	46.52	87.48	53.25	22.0	26.91	91.78	61.22	52.5	7.21	72.5	22.0	40.61	88.6	83.86	29.73	40.16	66.19	37.34	62.97	36.14	75.0	39.36	58.82	48.33
22	61.22	82.0	8.25	33.53	61.77	86.16	82.22	56.57	64.12	80.5	37.95	82.29	42.43	68.26	56.92	66.12	59.06	98.79	10.0	45.12	92.09	80.62	0.0	16.12	50.99	45.25	43.27	26.68	67.47	60.03	25.06	14.14	79.85	28.64	12.17	50.04	21.54	73.54	39.29	26.0	85.09	10.77	27.2	75.07	37.95	72.25	83.23	18.0	82.8	50.99	34.41	28.84	93.04	72.28	54.63	29.73	32.98	30.59	74.24	10.77	62.48	101.83	15.81	53.6	61.19	61.91	14.87	55.8	30.08	60.22	19.1	67.74	26.08	65.39
23	48.17	65.97	15.23	30.59	47.2	70.68	71.02	44.94	48.37	72.8	24.41	67.23	41.23	54.04	52.04	50.04	44.41	84.4	25.3	30.46	78.1	72.11	16.12	0.0	40.25	34.0	32.8	10.77	51.42	44.0	11.66	2.0	64.4	36.88	28.28	34.0	19.7	61.61	23.41	28.84	69.77	6.32	25.3	62.48	34.23	56.14	69.43	2.83	72.47	40.25	26.31	19.7	77.9	68.03	48.37	22.8	38.42	29.73	66.48	6.32	51.88	88.41	16.55	39.0	58.14	47.63	10.82	42.45	14.32	46.67	5.0	53.41	13.42	50.12
24	14.0	50.16	43.86	24.74	21.54	46.39	31.24	6.32	51.61	34.06	50.04	40.05	28.28	24.08	22.63	46.69	20.59	51.92	60.83	49.03	44.27	32.56	50.99	40.25	0.0	6.32	62.03	32.98	40.0	44.41	28.64	41.18	40.79	47.54	60.96	39.4	31.62	22.8	28.28	36.06	44.18	41.62	28.64	25.06	22.09	49.68	35.44	41.23	32.25	0.0	17.2	54.92	50.04	35.78	16.97	59.23	42.43	29.12	28.0	41.62	11.66	52.35	56.8	54.08	31.11	19.92	36.12	12.08	30.41	15.3	42.72	24.19	26.83	28.64
25	17.09	50.0	38.42	22.0	22.09	48.0	37.2	11.31	48.17	40.2	44.18	42.19	27.86	26.31	26.08	44.05	20.4	55.71	55.17	43.68	48.33	38.83	45.25	34.0	6.32	0.0	56.14	26.68	38.47	41.04	22.36	34.99	42.05	44.41	55.61	34.99	26.83	28.28	22.8	32.56	46.04	35.61	24.74	30.0	20.4	47.71	39.4	34.93	38.47	6.32	12.65	48.66	52.61	40.5	20.59	52.95	40.0	26.08	34.06	35.61	17.89	57.14	50.54	49.24	34.41	21.0	30.41	13.04	24.19	17.26	36.4	26.17	20.59	28.64
26	63.15	60.83	46.69	61.74	56.92	71.22	87.86	64.12	34.41	96.0	12.0	71.02	72.5	63.91	80.05	41.04	54.41	89.89	47.54	16.12	85.88	94.09	43.27	32.8	62.03	56.14	0.0	31.62	48.41	35.38	38.63	34.06	66.03	69.31	52.8	29.53	52.15	77.67	34.06	61.61	71.61	38.21	57.31	76.66	64.62	46.86	78.79	30.0	91.08	62.03	54.41	14.42	80.0	95.71	75.31	14.56	71.22	61.77	90.02	38.21	72.11	97.49	29.15	19.42	87.36	58.52	43.6	57.71	32.76	60.42	27.8	62.97	40.5	55.46
27	38.83	55.32	24.08	30.53	36.88	59.93	62.61	36.77	39.29	66.75	20.59	56.6	41.18	43.86	48.66	40.05	34.06	74.03	36.06	24.08	67.94	65.51	26.68	10.77	32.98	26.68	31.62	0.0	40.79	34.23	7.21	12.65	53.67	42.94	38.83	24.33	22.8	52.84	12.65	32.8	59.06	16.12	26.91	53.25	33.11	46.0	59.4	10.0	64.62	32.98	22.8	22.09	67.23	64.5	44.18	26.31	42.8	31.24	60.53	16.12	44.27	78.52	25.5	32.2	55.79	37.48	16.76	33.02	3.61	37.01	10.63	43.19	8.94	39.45
28	30.0	14.56	64.28	58.82	20.0	22.8	49.48	36.77	18.11	65.3	39.7	23.41	66.21	23.41	62.48	10.0	19.8	42.05	76.66	32.56	39.29	61.74	67.47	51.42	40.0	38.47	48.41	40.79	0.0	13.42	44.05	53.37	17.89	78.92	79.62	20.0	58.31	40.5	28.28	67.08	23.32	56.89	59.23	37.36	58.31	10.0	34.06	50.0	54.41	40.0	48.08	51.61	31.62	73.76	56.85	55.61	76.16	62.1	61.06	56.89	42.8	50.96	63.07	30.41	70.94	22.2	56.08	28.32	37.48	27.02	49.65	22.47	44.0	13.42
29	37.95	25.61	58.31	58.31	28.64	36.06	60.3	42.94	7.21	74.0	27.78	36.77	67.2	34.06	66.84	6.32	27.2	55.46	68.47	20.0	52.5	70.88	60.03	44.0	44.41	41.04	35.38	34.23	13.42	0.0	39.29	46.0	31.3	75.89	72.11	10.0	55.03	50.64	23.41	64.62	36.72	50.04	57.27	48.17	58.82	12.65	46.69	42.05	64.78	44.41	47.71	40.25	44.94	79.92	61.22	43.91	74.32	60.83	69.08	50.04	50.16	64.2	53.16	17.0	75.29	30.81	50.8	34.44	31.58	34.79	41.19	33.06	39.85	24.0
30	36.77	58.31	20.4	23.32	36.72	61.35	59.36	33.29	44.94	61.61	27.78	57.27	34.0	43.27	42.19	44.72	34.0	73.78	34.99	31.11	67.2	60.73	25.06	11.66	28.64	22.36	38.63	7.21	44.05	39.29	0.0	12.81	55.03	36.77	36.77	29.73	16.12	50.0	16.12	26.08	60.17	14.42	19.8	50.99	26.0	50.36	58.41	12.65	60.83	28.64	16.12	28.07	68.03	58.14	38.0	32.0	36.06	24.08	55.32	14.42	40.25	77.23	28.18	39.05	49.03	36.89	12.04	31.14	8.06	35.47	14.32	42.72	2.0	40.5
31	49.52	67.91	13.42	30.27	48.83	72.5	72.11	46.04	50.36	73.38	26.08	68.96	40.79	55.61	52.15	52.04	46.04	86.02	23.41	32.31	79.65	72.8	14.14	2.0	41.18	34.99	34.06	12.65	53.37	46.0	12.81	0.0	66.21	35.38	26.31	36.0	18.97	62.8	25.3	27.78	71.55	4.47	24.74	63.78	34.06	58.14	70.94	4.47	73.43	41.18	26.68	20.59	79.65	68.12	48.66	23.41	37.2	29.12	67.05	4.47	52.84	89.87	15.81	40.85	58.03	49.2	9.85	43.84	16.16	48.1	6.4	55.0	14.42	51.88
32	27.2	13.42	75.29	64.03	20.0	6.32	37.74	35.44	35.44	56.64	56.64	6.0	69.05	17.09	60.93	27.2	22.09	24.17	89.55	50.0	22.09	52.5	79.85	64.4	40.79	42.05	66.03	53.67	17.89	31.3	55.03	66.21	0.0	86.09	91.76	36.88	66.75	31.11	41.18	74.11	5.66	69.08	66.12	26.91	62.29	24.08	18.97	63.53	43.27	40.79	54.04	67.94	14.14	68.82	55.71	72.14	82.02	68.0	53.81	69.08	38.47	33.54	77.94	48.3	68.88	21.1	66.76	29.15	50.09	25.5	63.63	16.76	54.41	14.56
33	61.19	92.35	22.8	22.8	66.12	92.2	75.18	53.85	81.71	66.48	61.22	86.58	24.08	70.71	41.04	81.04	64.03	99.46	32.25	66.57	91.76	68.12	28.64	36.88	47.54	44.41	69.31	42.94	78.92	75.89	36.77	35.38	86.09	0.0	28.0	66.48	20.88	69.08	52.5	12.0	90.35	31.11	20.0	72.11	26.0	86.35	82.97	39.7	73.78	47.54	32.06	55.32	97.02	53.25	41.62	57.2	7.21	18.44	60.96	31.11	56.46	99.16	44.29	74.95	41.62	65.28	26.63	57.43	44.78	61.66	41.77	70.58	36.06	72.0
34	72.11	94.15	17.2	40.5	73.35	98.08	91.93	66.84	76.03	88.2	49.03	94.02	47.54	79.65	63.53	78.23	70.68	110.15	5.66	56.57	103.25	88.81	12.17	28.28	60.96	55.61	52.8	38.83	79.62	72.11	36.77	26.31	91.76	28.0	0.0	62.13	29.73	83.74	51.42	30.46	96.93	22.8	34.41	85.6	44.94	84.38	94.34	30.07	92.02	60.96	43.86	38.63	104.79	78.0	62.13	38.47	34.23	36.72	82.1	22.8	72.14	112.65	23.71	64.94	66.48	73.36	25.55	66.89	42.2	71.34	31.0	79.18	37.58	77.25
35	36.06	34.0	48.37	50.0	28.28	42.43	60.13	39.29	15.23	71.39	19.8	41.62	59.46	34.93	61.06	16.12	26.08	60.46	58.55	13.42	56.36	68.73	50.04	34.0	39.4	34.99	29.53	24.33	20.0	10.0	29.73	36.0	36.88	66.48	62.13	0.0	45.69	50.04	14.42	55.46	42.52	40.05	48.37	48.37	50.99	22.36	49.4	32.06	64.0	39.4	39.7	31.62	50.99	75.15	55.57	35.61	65.3	52.15	65.97	40.05	47.07	67.98	43.66	15.13	69.34	30.15	41.0	31.4	21.84	33.02	31.26	33.96	30.46	26.0
36	43.86	72.03	13.42	12.17	47.07	72.99	62.29	37.74	60.93	59.06	42.52	67.91	22.09	52.5	35.44	60.17	44.72	82.46	30.53	46.86	75.15	59.36	21.54	19.7	31.62	26.83	52.15	22.8	58.31	55.03	16.12	18.97	66.75	20.88	29.73	45.69	0.0	54.41	31.62	10.0	71.39	16.12	6.0	56.6	16.49	65.51	66.21	22.36	62.29	31.62	14.42	39.4	78.59	50.99	33.11	42.38	20.0	10.2	52.84	16.12	42.52	83.86	33.02	55.0	40.2	46.57	9.22	39.22	24.19	43.66	24.6	52.2	15.23	52.35
37	14.56	44.05	66.6	46.52	22.09	34.41	10.2	16.97	57.27	25.61	65.97	27.2	47.07	17.09	34.06	50.0	24.0	32.0	83.45	62.51	24.0	21.63	73.54	61.61	22.8	28.28	77.67	52.84	40.5	50.64	50.0	62.8	31.11	69.08	83.74	50.04	54.41	0.0	44.27	58.14	31.62	63.78	51.11	4.47	43.08	50.16	16.49	62.13	14.14	22.8	40.0	73.54	34.18	38.47	30.07	78.0	63.25	50.99	22.8	63.78	12.65	30.08	77.94	65.0	40.79	20.02	58.69	20.25	49.65	17.26	63.29	18.03	48.41	27.2
38	29.73	42.76	36.06	35.61	25.61	47.41	54.41	30.07	29.53	62.03	22.09	44.41	45.25	32.8	48.33	28.64	22.8	62.29	48.7	20.88	56.64	60.03	39.29	23.41	28.28	22.8	34.06	12.65	28.28	23.41	16.12	25.3	41.18	52.5	51.42	14.42	31.62	44.27	0.0	41.23	46.65	28.64	34.0	43.86	36.77	34.23	48.41	22.36	57.27	28.28	25.46	29.53	54.92	63.25	43.08	34.0	50.99	37.74	56.14	28.64	38.05	67.62	37.01	26.93	56.36	26.63	28.02	24.04	9.22	27.31	22.47	32.02	16.49	27.2
39	49.48	80.4	18.11	11.66	54.15	80.22	64.9	42.38	70.68	58.41	52.35	74.67	17.09	58.86	33.29	69.57	52.04	87.93	32.98	56.85	80.32	59.46	26.0	28.84	36.06	32.56	61.61	32.8	67.08	64.62	26.08	27.78	74.11	12.0	30.46	55.46	10.0	58.14	41.23	0.0	78.41	24.17	8.0	60.93	15.62	74.73	71.47	31.62	64.03	36.06	20.1	48.37	85.16	47.54	32.56	50.99	10.0	7.21	52.5	24.17	45.65	88.14	40.02	65.0	36.06	53.34	18.03	45.54	34.13	49.82	33.84	58.69	25.06	60.0
40	30.27	16.12	80.32	68.03	24.33	2.83	36.88	38.47	40.5	56.64	62.29	4.47	72.44	20.1	63.25	32.31	26.68	18.97	94.85	55.61	18.11	52.35	85.09	69.77	44.18	46.04	71.61	59.06	23.32	36.72	60.17	71.55	5.66	90.35	96.93	42.52	71.39	31.62	46.65	78.41	0.0	74.32	70.46	27.2	66.03	28.64	17.2	68.96	42.52	44.18	58.31	73.59	8.49	69.97	58.24	77.79	86.02	72.11	54.41	74.32	40.5	29.07	83.49	53.71	70.94	25.08	71.78	33.02	55.47	29.02	69.12	20.02	59.46	19.7
41	50.99	71.39	8.94	28.0	51.11	75.39	72.8	46.86	54.59	72.8	30.53	71.55	38.21	57.69	50.64	56.0	48.37	88.2	20.59	36.77	81.61	72.5	10.77	6.32	41.62	35.61	38.21	16.12	56.89	50.04	14.42	4.47	69.08	31.11	22.8	40.05	16.12	63.78	28.64	24.17	74.32	0.0	22.09	65.05	32.06	62.03	72.8	8.94	73.78	41.62	26.0	24.41	82.29	66.48	47.54	26.83	33.29	26.31	66.48	0.0	53.25	91.55	17.03	45.31	56.04	51.31	7.0	45.45	19.42	49.82	10.82	57.14	15.62	54.63
42	41.76	72.44	18.97	6.32	46.17	72.25	58.41	34.93	63.53	53.85	47.2	66.75	16.12	50.99	29.73	62.03	44.05	80.32	35.78	50.91	72.8	54.41	27.2	25.3	28.64	24.74	57.31	26.91	59.23	57.27	19.8	24.74	66.12	20.0	34.41	48.37	6.0	51.11	34.0	8.0	70.46	22.09	0.0	53.67	10.77	67.05	63.91	27.86	58.0	28.64	12.17	44.94	77.28	45.12	27.78	48.08	17.09	4.47	47.71	22.09	38.83	80.95	39.01	58.8	34.23	45.4	15.13	37.66	27.66	41.98	30.08	50.8	18.44	52.0
43	14.42	40.0	68.41	49.4	20.1	30.0	12.17	18.87	54.59	29.73	65.15	22.8	50.64	14.14	38.21	47.07	22.36	28.07	85.04	61.19	20.1	25.61	75.07	62.48	25.06	30.0	76.66	53.25	37.36	48.17	50.99	63.78	26.91	72.11	85.6	48.37	56.6	4.47	43.86	60.93	27.2	65.05	53.67	0.0	46.17	46.82	12.17	62.8	17.09	25.06	42.19	73.35	29.73	42.94	34.0	77.82	66.48	53.85	27.2	65.05	16.12	27.29	78.6	63.13	45.12	18.25	60.31	20.25	49.93	16.55	63.82	15.13	49.52	24.33
44	36.06	70.34	29.73	4.47	42.43	68.12	49.4	28.28	65.6	43.27	53.67	62.0	8.49	46.0	18.97	62.77	40.79	73.76	46.52	56.04	65.97	44.05	37.95	34.23	22.09	20.4	64.62	33.11	58.31	58.82	26.0	34.06	62.29	26.0	44.94	50.99	16.49	43.08	36.77	15.62	66.03	32.06	10.77	46.17	0.0	67.08	57.27	36.5	48.41	22.09	11.31	53.37	72.11	34.53	17.2	56.89	20.4	8.49	37.2	32.06	30.46	73.16	49.09	63.25	24.0	41.19	25.08	33.14	32.76	37.01	38.64	46.01	24.17	49.03
45	40.0	14.42	70.03	67.23	30.0	27.2	58.82	46.69	12.81	75.18	40.25	30.07	75.18	33.11	72.25	6.32	29.73	47.54	80.89	32.25	46.17	71.55	72.25	56.14	49.68	47.71	46.86	46.0	10.0	12.65	50.36	58.14	24.08	86.35	84.38	22.36	65.51	50.16	34.23	74.73	28.64	62.03	67.05	46.82	67.08	0.0	42.19	54.33	63.91	49.68	56.46	52.8	36.06	83.74	66.6	56.36	84.12	70.23	71.02	62.03	52.8	57.56	65.8	27.59	80.72	32.2	62.2	38.18	43.05	37.01	53.6	32.2	50.64	23.32
46	22.36	32.31	77.18	60.17	22.8	20.0	19.8	29.12	52.15	40.0	68.0	13.42	62.29	15.62	50.36	44.05	25.61	16.49	93.23	62.77	8.94	35.61	83.23	69.43	35.44	39.4	78.79	59.4	34.06	46.69	58.41	70.94	18.97	82.97	94.34	49.4	66.21	16.49	48.41	71.47	17.2	72.8	63.91	12.17	57.27	42.19	0.0	69.31	25.46	35.44	52.0	77.67	17.89	54.63	46.04	82.1	77.67	64.56	38.47	72.8	28.0	19.21	84.86	63.06	57.27	21.93	68.8	27.46	55.87	23.02	70.01	16.4	57.2	23.41
47	48.41	64.56	17.89	32.98	46.86	69.77	71.69	45.65	46.17	74.22	21.63	66.57	43.68	53.81	54.0	48.17	44.05	84.02	26.68	27.86	77.9	73.38	18.0	2.83	41.23	34.93	30.0	10.0	50.0	42.05	12.65	4.47	63.53	39.7	30.07	32.06	22.36	62.13	22.36	31.62	68.96	8.94	27.86	62.8	36.5	54.33	69.31	0.0	73.35	41.23	28.07	17.09	77.18	70.0	50.16	20.4	41.23	32.31	67.91	8.94	52.8	88.39	15.81	36.4	60.3	47.42	13.6	42.64	13.6	46.75	2.24	53.15	14.56	49.4
48	28.07	56.6	75.29	52.5	36.22	45.34	5.66	27.86	71.39	15.23	79.25	38.42	50.12	31.05	34.18	64.03	38.05	36.77	92.46	76.24	29.53	10.77	82.8	72.47	32.25	38.47	91.08	64.62	54.41	64.78	60.83	73.43	43.27	73.78	92.02	64.0	62.29	14.14	57.27	64.03	42.52	73.78	58.0	17.09	48.41	63.91	25.46	73.35	0.0	32.25	48.41	86.02	42.8	32.25	32.25	90.44	67.23	56.85	16.0	73.78	20.59	30.15	89.01	79.03	38.47	34.13	68.01	33.38	61.68	31.02	74.73	32.02	59.06	41.23
49	14.0	50.16	43.86	24.74	21.54	46.39	31.24	6.32	51.61	34.06	50.04	40.05	28.28	24.08	22.63	46.69	20.59	51.92	60.83	49.03	44.27	32.56	50.99	40.25	0.0	6.32	62.03	32.98	40.0	44.41	28.64	41.18	40.79	47.54	60.96	39.4	31.62	22.8	28.28	36.06	44.18	41.62	28.64	25.06	22.09	49.68	35.44	41.23	32.25	0.0	17.2	54.92	50.04	35.78	16.97	59.23	42.43	29.12	28.0	41.62	11.66	52.35	56.8	54.08	31.11	19.92	36.12	12.08	30.41	15.3	42.72	24.19	26.83	28.64
50	29.73	60.83	26.91	10.77	34.06	60.13	48.08	23.32	54.41	46.82	43.08	54.59	19.8	38.83	26.08	51.88	32.0	68.35	44.05	44.94	60.93	46.52	34.41	26.31	17.2	12.65	54.41	22.8	48.08	47.71	16.12	26.68	54.04	32.06	43.86	39.7	14.42	40.0	25.46	20.1	58.31	26.0	12.17	42.19	11.31	56.46	52.0	28.07	48.41	17.2	0.0	44.18	65.12	42.05	22.09	48.04	28.28	14.14	40.5	26.0	28.28	69.46	42.45	52.01	32.98	33.24	19.72	25.5	21.93	29.83	30.02	38.64	14.14	40.05
51	59.09	65.51	32.56	50.0	54.92	73.76	83.57	58.24	41.76	88.81	12.65	72.14	60.73	62.13	70.26	46.52	52.15	90.69	33.53	20.88	85.6	87.48	28.84	19.7	54.92	48.66	14.42	22.09	51.61	40.25	28.07	20.59	67.94	55.32	38.63	31.62	39.4	73.54	29.53	48.37	73.59	24.41	44.94	73.35	53.37	52.8	77.67	17.09	86.02	54.92	44.18	0.0	82.07	86.21	66.03	4.47	57.69	49.4	82.61	24.41	65.97	96.83	15.3	28.16	76.94	56.08	30.41	53.31	24.52	56.8	14.87	61.29	30.07	55.32
52	36.06	22.36	88.02	74.43	31.62	8.94	37.2	44.0	48.33	57.69	70.77	10.77	78.03	26.31	67.47	40.25	34.18	12.0	102.86	64.03	14.42	53.25	93.04	77.9	50.04	52.61	80.0	67.23	31.62	44.94	68.03	79.65	14.14	97.02	104.79	50.99	78.59	34.18	54.92	85.16	8.49	82.29	77.28	29.73	72.11	36.06	17.89	77.18	42.8	50.04	65.12	82.07	0.0	72.5	62.8	86.28	92.35	78.64	56.36	82.29	44.72	23.35	91.84	61.91	74.73	32.02	79.48	39.62	63.63	35.36	77.39	26.48	67.23	27.78
53	43.86	80.92	64.03	38.83	53.81	72.72	36.88	37.2	87.13	18.11	83.95	65.51	30.46	52.5	16.0	81.61	54.04	68.41	80.32	84.12	60.73	22.0	72.28	68.03	35.78	40.5	95.71	64.5	73.76	79.92	58.14	68.12	68.82	53.25	78.0	75.15	50.99	38.47	63.25	47.54	69.97	66.48	45.12	42.94	34.53	83.74	54.63	70.0	32.25	35.78	42.05	86.21	72.5	0.0	20.4	90.09	46.04	41.76	16.49	66.48	31.11	62.39	83.49	89.69	11.66	51.66	59.54	45.8	62.97	46.75	72.01	53.15	56.14	60.83
54	28.64	66.24	46.52	21.63	37.74	60.73	34.18	20.59	68.41	26.08	63.56	53.85	17.89	38.63	5.66	63.66	37.2	62.03	63.53	63.91	54.04	26.91	54.63	48.37	16.97	20.59	75.31	44.18	56.85	61.22	38.0	48.66	55.71	41.62	62.13	55.57	33.11	30.07	43.08	32.56	58.24	47.54	27.78	34.0	17.2	66.6	46.04	50.16	32.25	16.97	22.09	66.03	62.8	20.4	0.0	70.0	34.99	25.61	20.0	47.54	18.11	59.44	64.33	69.78	14.14	35.85	40.8	28.6	42.58	30.89	52.09	39.0	36.0	44.94
55	63.56	69.34	34.41	53.37	59.36	77.9	88.02	62.64	44.94	93.06	16.12	76.42	64.03	66.57	74.11	50.12	56.6	95.02	33.11	24.17	90.0	91.78	29.73	22.8	59.23	52.95	14.56	26.31	55.61	43.91	32.0	23.41	72.14	57.2	38.47	35.61	42.38	78.0	34.0	50.99	77.79	26.83	48.08	77.82	56.89	56.36	82.1	20.4	90.44	59.23	48.04	4.47	86.28	90.09	70.0	0.0	60.03	52.5	86.83	26.83	70.34	101.26	14.76	30.81	80.62	60.54	33.24	57.78	28.86	61.27	18.25	65.73	34.0	59.67
56	56.32	89.11	26.0	18.0	62.03	88.0	68.88	48.66	80.5	59.46	62.23	82.1	17.2	66.12	34.06	79.12	60.13	94.15	38.0	66.84	86.35	61.22	32.98	38.42	42.43	40.0	71.22	42.8	76.16	74.32	36.06	37.2	82.02	7.21	34.23	65.3	20.0	63.25	50.99	10.0	86.02	33.29	17.09	66.48	20.4	84.12	77.67	41.23	67.23	42.43	28.28	57.69	92.35	46.04	34.99	60.03	0.0	14.14	54.04	33.29	50.6	93.3	48.1	75.0	34.41	61.0	27.66	53.01	44.1	57.08	43.42	66.07	34.99	68.26
57	42.76	74.97	22.36	4.47	48.0	74.03	57.69	35.44	67.23	51.61	51.61	68.26	12.0	52.35	26.83	65.39	46.04	81.04	38.63	55.17	73.38	52.5	30.59	29.73	29.12	26.08	61.77	31.24	62.1	60.83	24.08	29.12	68.0	18.44	36.72	52.15	10.2	50.99	37.74	7.21	72.11	26.31	4.47	53.85	8.49	70.23	64.56	32.31	56.85	29.12	14.14	49.4	78.64	41.76	25.61	52.5	14.14	0.0	45.61	26.31	38.47	81.02	43.1	62.97	30.59	47.04	19.42	39.12	31.83	43.29	34.54	52.24	22.63	54.15
58	31.3	66.48	66.24	41.62	41.18	57.2	20.4	26.68	76.16	6.32	78.03	50.0	36.88	38.42	20.0	69.77	42.05	51.92	83.35	76.66	44.27	7.21	74.24	66.48	28.0	34.06	90.02	60.53	61.06	69.08	55.32	67.05	53.81	60.96	82.1	65.97	52.84	22.8	56.14	52.5	54.41	66.48	47.71	27.2	37.2	71.02	38.47	67.91	16.0	28.0	40.5	82.61	56.36	16.49	20.0	86.83	54.04	45.61	0.0	66.48	18.97	46.1	82.86	81.02	22.8	38.95	60.01	34.79	58.22	34.44	69.63	39.2	53.37	47.71
59	50.99	71.39	8.94	28.0	51.11	75.39	72.8	46.86	54.59	72.8	30.53	71.55	38.21	57.69	50.64	56.0	48.37	88.2	20.59	36.77	81.61	72.5	10.77	6.32	41.62	35.61	38.21	16.12	56.89	50.04	14.42	4.47	69.08	31.11	22.8	40.05	16.12	63.78	28.64	24.17	74.32	0.0	22.09	65.05	32.06	62.03	72.8	8.94	73.78	41.62	26.0	24.41	82.29	66.48	47.54	26.83	33.29	26.31	66.48	0.0	53.25	91.55	17.03	45.31	56.04	51.31	7.0	45.45	19.42	49.82	10.82	57.14	15.62	54.63
60	12.81	50.0	55.17	34.0	22.8	43.08	19.8	8.0	57.27	24.33	60.13	36.06	34.53	21.63	22.8	51.11	23.32	44.18	72.25	58.14	36.22	22.0	62.48	51.88	11.66	17.89	72.11	44.27	42.8	50.16	40.25	52.84	38.47	56.46	72.14	47.07	42.52	12.65	38.05	45.65	40.5	53.25	38.83	16.12	30.46	52.8	28.0	52.8	20.59	11.66	28.28	65.97	44.72	31.11	18.11	70.34	50.6	38.47	18.97	53.25	0.0	42.72	68.43	62.17	30.46	20.62	47.63	15.81	41.48	15.81	54.23	22.2	38.47	29.73
61	40.61	45.0	95.44	76.56	42.01	31.0	26.02	46.14	68.88	44.91	86.95	27.66	76.92	34.83	62.65	60.64	44.82	11.7	111.83	81.39	11.7	40.61	101.83	88.41	52.35	57.14	97.49	78.52	50.96	64.2	77.23	89.87	33.54	99.16	112.65	67.98	83.86	30.08	67.62	88.14	29.07	91.55	80.95	27.29	73.16	57.56	19.21	88.39	30.15	52.35	69.46	96.83	23.35	62.39	59.44	101.26	93.3	81.02	46.1	91.55	42.72	0.0	104.0	80.99	68.07	41.11	87.2	46.1	75.01	41.77	89.14	35.61	75.93	42.06
62	64.2	77.47	22.14	45.01	62.24	84.06	87.46	61.4	55.73	89.19	27.02	81.4	55.08	69.3	67.6	59.48	59.41	99.25	18.38	35.13	93.35	88.6	15.81	16.55	56.8	50.54	29.15	25.5	63.07	53.16	28.18	15.81	77.94	44.29	23.71	43.66	33.02	77.94	37.01	40.02	83.49	17.03	39.01	78.6	49.09	65.8	84.86	15.81	89.01	56.8	42.45	15.3	91.84	83.49	64.33	14.76	48.1	43.1	82.86	17.03	68.43	104.0	0.0	43.0	73.06	62.94	24.02	58.41	29.0	62.48	14.87	68.59	29.97	64.2
63	51.16	41.77	54.23	61.55	43.05	53.0	75.03	54.34	15.0	86.49	16.03	53.71	71.7	49.37	75.13	22.02	41.0	72.45	60.41	8.54	69.29	83.86	53.6	39.0	54.08	49.24	19.42	32.2	30.41	17.0	39.05	40.85	48.3	74.95	64.94	15.13	55.0	65.0	26.93	65.0	53.71	45.31	58.8	63.13	63.25	27.59	63.06	36.4	79.03	54.08	52.01	28.16	61.91	89.69	69.78	30.81	75.0	62.97	81.02	45.31	62.17	80.99	43.0	0.0	83.24	45.01	48.37	46.53	31.14	48.09	34.79	48.37	40.36	39.81
64	42.19	79.92	52.95	28.07	51.61	73.54	42.05	34.41	82.46	26.83	75.89	66.48	18.97	51.88	8.49	77.79	51.22	72.44	68.96	76.97	64.5	29.73	61.19	58.14	31.11	34.41	87.36	55.79	70.94	75.29	49.03	58.03	68.88	41.62	66.48	69.34	40.2	40.79	56.36	36.06	70.94	56.04	34.23	45.12	24.0	80.72	57.27	60.3	38.47	31.11	32.98	76.94	74.73	11.66	14.14	80.62	34.41	30.59	22.8	56.04	30.46	68.07	73.06	83.24	0.0	49.65	49.04	42.64	54.71	44.65	62.39	52.35	47.07	58.82
65	7.81	30.41	56.36	43.0	2.24	27.0	30.02	15.26	37.64	43.46	47.17	21.38	48.05	6.4	41.34	30.87	4.12	36.89	71.87	42.95	30.48	40.16	61.91	47.63	19.92	21.0	58.52	37.48	22.2	30.81	36.89	49.2	21.1	65.28	73.36	30.15	46.57	20.02	26.63	53.34	25.08	51.31	45.4	18.25	41.19	32.2	21.93	47.42	34.13	19.92	33.24	56.08	32.02	51.66	35.85	60.54	61.0	47.04	38.95	51.31	20.62	41.11	62.94	45.01	49.65	0.0	47.85	8.06	33.94	5.0	48.08	5.83	35.85	9.22
