set K:= 1	2	3	4	5	6	7	8	9;
set C_H:= 1	2	3	4	5	6	7	8	9	10	11	12	13	14	15	16	17	18	19	20	21	22;
set C_S:= 23	24	25	26	27	28	29	30	31	32	33	34	35	36	37	38	39	40	41	42	43;
set C_F:= 44	45	46	47	48	49	50	51	52	53	54	55	56	57	58	59	60	61	62	63	64;
set M:= 0	1	2	3;
set L_B:= 4	5	71	72	73	74	75	76	77	78	79;
set A1:=
(0,*) 2 3 4 5 6 7 8 9 10 11 12 13 14 15 16 17 18 19 20 21 22 44 45 46 47 48 49 50 51 52 53 54 55 56 57 58 59 60 61 62 63 64 2 3 4 5 71 72 73 74 75 76 77 78 79
(1,*) 2 3 4 5 6 7 8 9 10 11 12 13 14 15 16 17 18 19 20 21 22 44 45 46 47 48 49 50 51 52 53 54 55 56 57 58 59 60 61 62 63 64 2 3 4 5 71 72 73 74 75 76 77 78 79
(2,*) 0 1 4 5 6 7 8 9 10 11 12 13 14 15 16 17 18 19 20 21 22 44 45 46 47 48 49 50 51 52 53 54 55 56 57 58 59 60 61 62 63 64 0 1 4 5 71 72 73 74 75 76 77 78 79
(3,*) 0 1 4 5 6 7 8 9 10 11 12 13 14 15 16 17 18 19 20 21 22 44 45 46 47 48 49 50 51 52 53 54 55 56 57 58 59 60 61 62 63 64 0 1 4 5 71 72 73 74 75 76 77 78 79
(4,*) 0 1 2 3 5 6 7 8 9 10 11 12 13 14 15 16 17 18 19 20 21 22 44 45 46 47 48 49 50 51 52 53 54 55 56 57 58 59 60 61 62 63 64 0 1 2 3 5 71 72 73 74 75 76 77 78 79
(5,*) 0 1 2 3 4 6 7 8 9 10 11 12 13 14 15 16 17 18 19 20 21 22 44 45 46 47 48 49 50 51 52 53 54 55 56 57 58 59 60 61 62 63 64 0 1 2 3 4 71 72 73 74 75 76 77 78 79
(6,*) 0 1 2 3 4 5 7 8 9 10 11 12 13 14 15 16 17 18 19 20 21 22 44 45 46 47 48 49 50 51 52 53 54 55 56 57 58 59 60 61 62 63 64 0 1 2 3 4 5 71 72 73 74 75 76 77 78 79
(7,*) 0 1 2 3 4 5 6 8 9 10 11 12 13 14 15 16 17 18 19 20 21 22 44 45 46 47 48 49 50 51 52 53 54 55 56 57 58 59 60 61 62 63 64 0 1 2 3 4 5 71 72 73 74 75 76 77 78 79
(8,*) 0 1 2 3 4 5 6 7 9 10 11 12 13 14 15 16 17 18 19 20 21 22 44 45 46 47 48 49 50 51 52 53 54 55 56 57 58 59 60 61 62 63 64 0 1 2 3 4 5 71 72 73 74 75 76 77 78 79
(9,*) 0 1 2 3 4 5 6 7 8 10 11 12 13 14 15 16 17 18 19 20 21 22 44 45 46 47 48 49 50 51 52 53 54 55 56 57 58 59 60 61 62 63 64 0 1 2 3 4 5 71 72 73 74 75 76 77 78 79
(10,*) 0 1 2 3 4 5 6 7 8 9 11 12 13 14 15 16 17 18 19 20 21 22 44 45 46 47 48 49 50 51 52 53 54 55 56 57 58 59 60 61 62 63 64 0 1 2 3 4 5 71 72 73 74 75 76 77 78 79
(11,*) 0 1 2 3 4 5 6 7 8 9 10 12 13 14 15 16 17 18 19 20 21 22 44 45 46 47 48 49 50 51 52 53 54 55 56 57 58 59 60 61 62 63 64 0 1 2 3 4 5 71 72 73 74 75 76 77 78 79
(12,*) 0 1 2 3 4 5 6 7 8 9 10 11 13 14 15 16 17 18 19 20 21 22 44 45 46 47 48 49 50 51 52 53 54 55 56 57 58 59 60 61 62 63 64 0 1 2 3 4 5 71 72 73 74 75 76 77 78 79
(13,*) 0 1 2 3 4 5 6 7 8 9 10 11 12 14 15 16 17 18 19 20 21 22 44 45 46 47 48 49 50 51 52 53 54 55 56 57 58 59 60 61 62 63 64 0 1 2 3 4 5 71 72 73 74 75 76 77 78 79
(14,*) 0 1 2 3 4 5 6 7 8 9 10 11 12 13 15 16 17 18 19 20 21 22 44 45 46 47 48 49 50 51 52 53 54 55 56 57 58 59 60 61 62 63 64 0 1 2 3 4 5 71 72 73 74 75 76 77 78 79
(15,*) 0 1 2 3 4 5 6 7 8 9 10 11 12 13 14 16 17 18 19 20 21 22 44 45 46 47 48 49 50 51 52 53 54 55 56 57 58 59 60 61 62 63 64 0 1 2 3 4 5 71 72 73 74 75 76 77 78 79
(16,*) 0 1 2 3 4 5 6 7 8 9 10 11 12 13 14 15 17 18 19 20 21 22 44 45 46 47 48 49 50 51 52 53 54 55 56 57 58 59 60 61 62 63 64 0 1 2 3 4 5 71 72 73 74 75 76 77 78 79
(17,*) 0 1 2 3 4 5 6 7 8 9 10 11 12 13 14 15 16 18 19 20 21 22 44 45 46 47 48 49 50 51 52 53 54 55 56 57 58 59 60 61 62 63 64 0 1 2 3 4 5 71 72 73 74 75 76 77 78 79
(18,*) 0 1 2 3 4 5 6 7 8 9 10 11 12 13 14 15 16 17 19 20 21 22 44 45 46 47 48 49 50 51 52 53 54 55 56 57 58 59 60 61 62 63 64 0 1 2 3 4 5 71 72 73 74 75 76 77 78 79
(19,*) 0 1 2 3 4 5 6 7 8 9 10 11 12 13 14 15 16 17 18 20 21 22 44 45 46 47 48 49 50 51 52 53 54 55 56 57 58 59 60 61 62 63 64 0 1 2 3 4 5 71 72 73 74 75 76 77 78 79
(20,*) 0 1 2 3 4 5 6 7 8 9 10 11 12 13 14 15 16 17 18 19 21 22 44 45 46 47 48 49 50 51 52 53 54 55 56 57 58 59 60 61 62 63 64 0 1 2 3 4 5 71 72 73 74 75 76 77 78 79
(21,*) 0 1 2 3 4 5 6 7 8 9 10 11 12 13 14 15 16 17 18 19 20 22 44 45 46 47 48 49 50 51 52 53 54 55 56 57 58 59 60 61 62 63 64 0 1 2 3 4 5 71 72 73 74 75 76 77 78 79
(22,*) 0 1 2 3 4 5 6 7 8 9 10 11 12 13 14 15 16 17 18 19 20 21 44 45 46 47 48 49 50 51 52 53 54 55 56 57 58 59 60 61 62 63 64 0 1 2 3 4 5 71 72 73 74 75 76 77 78 79
(44,*) 0 1 2 3 4 5 6 7 8 9 10 11 12 13 14 15 16 17 18 19 20 21 22 45 46 47 48 49 50 51 52 53 54 55 56 57 58 59 60 61 62 63 64 0 1 2 3 4 5 71 72 73 74 75 76 77 78 79
(45,*) 0 1 2 3 4 5 6 7 8 9 10 11 12 13 14 15 16 17 18 19 20 21 22 44 46 47 48 49 50 51 52 53 54 55 56 57 58 59 60 61 62 63 64 0 1 2 3 4 5 71 72 73 74 75 76 77 78 79
(46,*) 0 1 2 3 4 5 6 7 8 9 10 11 12 13 14 15 16 17 18 19 20 21 22 44 45 47 48 49 50 51 52 53 54 55 56 57 58 59 60 61 62 63 64 0 1 2 3 4 5 71 72 73 74 75 76 77 78 79
(47,*) 0 1 2 3 4 5 6 7 8 9 10 11 12 13 14 15 16 17 18 19 20 21 22 44 45 46 48 49 50 51 52 53 54 55 56 57 58 59 60 61 62 63 64 0 1 2 3 4 5 71 72 73 74 75 76 77 78 79
(48,*) 0 1 2 3 4 5 6 7 8 9 10 11 12 13 14 15 16 17 18 19 20 21 22 44 45 46 47 49 50 51 52 53 54 55 56 57 58 59 60 61 62 63 64 0 1 2 3 4 5 71 72 73 74 75 76 77 78 79
(49,*) 0 1 2 3 4 5 6 7 8 9 10 11 12 13 14 15 16 17 18 19 20 21 22 44 45 46 47 48 50 51 52 53 54 55 56 57 58 59 60 61 62 63 64 0 1 2 3 4 5 71 72 73 74 75 76 77 78 79
(50,*) 0 1 2 3 4 5 6 7 8 9 10 11 12 13 14 15 16 17 18 19 20 21 22 44 45 46 47 48 49 51 52 53 54 55 56 57 58 59 60 61 62 63 64 0 1 2 3 4 5 71 72 73 74 75 76 77 78 79
(51,*) 0 1 2 3 4 5 6 7 8 9 10 11 12 13 14 15 16 17 18 19 20 21 22 44 45 46 47 48 49 50 52 53 54 55 56 57 58 59 60 61 62 63 64 0 1 2 3 4 5 71 72 73 74 75 76 77 78 79
(52,*) 0 1 2 3 4 5 6 7 8 9 10 11 12 13 14 15 16 17 18 19 20 21 22 44 45 46 47 48 49 50 51 53 54 55 56 57 58 59 60 61 62 63 64 0 1 2 3 4 5 71 72 73 74 75 76 77 78 79
(53,*) 0 1 2 3 4 5 6 7 8 9 10 11 12 13 14 15 16 17 18 19 20 21 22 44 45 46 47 48 49 50 51 52 54 55 56 57 58 59 60 61 62 63 64 0 1 2 3 4 5 71 72 73 74 75 76 77 78 79
(54,*) 0 1 2 3 4 5 6 7 8 9 10 11 12 13 14 15 16 17 18 19 20 21 22 44 45 46 47 48 49 50 51 52 53 55 56 57 58 59 60 61 62 63 64 0 1 2 3 4 5 71 72 73 74 75 76 77 78 79
(55,*) 0 1 2 3 4 5 6 7 8 9 10 11 12 13 14 15 16 17 18 19 20 21 22 44 45 46 47 48 49 50 51 52 53 54 56 57 58 59 60 61 62 63 64 0 1 2 3 4 5 71 72 73 74 75 76 77 78 79
(56,*) 0 1 2 3 4 5 6 7 8 9 10 11 12 13 14 15 16 17 18 19 20 21 22 44 45 46 47 48 49 50 51 52 53 54 55 57 58 59 60 61 62 63 64 0 1 2 3 4 5 71 72 73 74 75 76 77 78 79
(57,*) 0 1 2 3 4 5 6 7 8 9 10 11 12 13 14 15 16 17 18 19 20 21 22 44 45 46 47 48 49 50 51 52 53 54 55 56 58 59 60 61 62 63 64 0 1 2 3 4 5 71 72 73 74 75 76 77 78 79
(58,*) 0 1 2 3 4 5 6 7 8 9 10 11 12 13 14 15 16 17 18 19 20 21 22 44 45 46 47 48 49 50 51 52 53 54 55 56 57 59 60 61 62 63 64 0 1 2 3 4 5 71 72 73 74 75 76 77 78 79
(59,*) 0 1 2 3 4 5 6 7 8 9 10 11 12 13 14 15 16 17 18 19 20 21 22 44 45 46 47 48 49 50 51 52 53 54 55 56 57 58 60 61 62 63 64 0 1 2 3 4 5 71 72 73 74 75 76 77 78 79
(60,*) 0 1 2 3 4 5 6 7 8 9 10 11 12 13 14 15 16 17 18 19 20 21 22 44 45 46 47 48 49 50 51 52 53 54 55 56 57 58 59 61 62 63 64 0 1 2 3 4 5 71 72 73 74 75 76 77 78 79
(61,*) 0 1 2 3 4 5 6 7 8 9 10 11 12 13 14 15 16 17 18 19 20 21 22 44 45 46 47 48 49 50 51 52 53 54 55 56 57 58 59 60 62 63 64 0 1 2 3 4 5 71 72 73 74 75 76 77 78 79
(62,*) 0 1 2 3 4 5 6 7 8 9 10 11 12 13 14 15 16 17 18 19 20 21 22 44 45 46 47 48 49 50 51 52 53 54 55 56 57 58 59 60 61 63 64 0 1 2 3 4 5 71 72 73 74 75 76 77 78 79
(63,*) 0 1 2 3 4 5 6 7 8 9 10 11 12 13 14 15 16 17 18 19 20 21 22 44 45 46 47 48 49 50 51 52 53 54 55 56 57 58 59 60 61 62 64 0 1 2 3 4 5 71 72 73 74 75 76 77 78 79
(64,*) 0 1 2 3 4 5 6 7 8 9 10 11 12 13 14 15 16 17 18 19 20 21 22 44 45 46 47 48 49 50 51 52 53 54 55 56 57 58 59 60 61 62 63 0 1 2 3 4 5 71 72 73 74 75 76 77 78 79
(0,*) 2 3 4 5 6 7 8 9 10 11 12 13 14 15 16 17 18 19 20 21 22 44 45 46 47 48 49 50 51 52 53 54 55 56 57 58 59 60 61 62 63 64 2 3 4 5 71 72 73 74 75 76 77 78 79
(1,*) 2 3 4 5 6 7 8 9 10 11 12 13 14 15 16 17 18 19 20 21 22 44 45 46 47 48 49 50 51 52 53 54 55 56 57 58 59 60 61 62 63 64 2 3 4 5 71 72 73 74 75 76 77 78 79
(2,*) 0 1 4 5 6 7 8 9 10 11 12 13 14 15 16 17 18 19 20 21 22 44 45 46 47 48 49 50 51 52 53 54 55 56 57 58 59 60 61 62 63 64 0 1 4 5 71 72 73 74 75 76 77 78 79
(3,*) 0 1 4 5 6 7 8 9 10 11 12 13 14 15 16 17 18 19 20 21 22 44 45 46 47 48 49 50 51 52 53 54 55 56 57 58 59 60 61 62 63 64 0 1 4 5 71 72 73 74 75 76 77 78 79
(4,*) 0 1 2 3 5 6 7 8 9 10 11 12 13 14 15 16 17 18 19 20 21 22 44 45 46 47 48 49 50 51 52 53 54 55 56 57 58 59 60 61 62 63 64 0 1 2 3 5 71 72 73 74 75 76 77 78 79
(5,*) 0 1 2 3 4 6 7 8 9 10 11 12 13 14 15 16 17 18 19 20 21 22 44 45 46 47 48 49 50 51 52 53 54 55 56 57 58 59 60 61 62 63 64 0 1 2 3 4 71 72 73 74 75 76 77 78 79
(71,*) 0 1 2 3 4 5 6 7 8 9 10 11 12 13 14 15 16 17 18 19 20 21 22 44 45 46 47 48 49 50 51 52 53 54 55 56 57 58 59 60 61 62 63 64 0 1 2 3 4 5 72 73 74 75 76 77 78 79
(72,*) 0 1 2 3 4 5 6 7 8 9 10 11 12 13 14 15 16 17 18 19 20 21 22 44 45 46 47 48 49 50 51 52 53 54 55 56 57 58 59 60 61 62 63 64 0 1 2 3 4 5 71 73 74 75 76 77 78 79
(73,*) 0 1 2 3 4 5 6 7 8 9 10 11 12 13 14 15 16 17 18 19 20 21 22 44 45 46 47 48 49 50 51 52 53 54 55 56 57 58 59 60 61 62 63 64 0 1 2 3 4 5 71 72 74 75 76 77 78 79
(74,*) 0 1 2 3 4 5 6 7 8 9 10 11 12 13 14 15 16 17 18 19 20 21 22 44 45 46 47 48 49 50 51 52 53 54 55 56 57 58 59 60 61 62 63 64 0 1 2 3 4 5 71 72 73 75 76 77 78 79
(75,*) 0 1 2 3 4 5 6 7 8 9 10 11 12 13 14 15 16 17 18 19 20 21 22 44 45 46 47 48 49 50 51 52 53 54 55 56 57 58 59 60 61 62 63 64 0 1 2 3 4 5 71 72 73 74 76 77 78 79
(76,*) 0 1 2 3 4 5 6 7 8 9 10 11 12 13 14 15 16 17 18 19 20 21 22 44 45 46 47 48 49 50 51 52 53 54 55 56 57 58 59 60 61 62 63 64 0 1 2 3 4 5 71 72 73 74 75 77 78 79
(77,*) 0 1 2 3 4 5 6 7 8 9 10 11 12 13 14 15 16 17 18 19 20 21 22 44 45 46 47 48 49 50 51 52 53 54 55 56 57 58 59 60 61 62 63 64 0 1 2 3 4 5 71 72 73 74 75 76 78 79
(78,*) 0 1 2 3 4 5 6 7 8 9 10 11 12 13 14 15 16 17 18 19 20 21 22 44 45 46 47 48 49 50 51 52 53 54 55 56 57 58 59 60 61 62 63 64 0 1 2 3 4 5 71 72 73 74 75 76 77 79
(79,*) 0 1 2 3 4 5 6 7 8 9 10 11 12 13 14 15 16 17 18 19 20 21 22 44 45 46 47 48 49 50 51 52 53 54 55 56 57 58 59 60 61 62 63 64 0 1 2 3 4 5 71 72 73 74 75 76 77 78
;
set A2:=
(0,*) 1
(1,*) 0
(2,*) 3
(3,*) 2
;
param BigM:=99999;
param n:= 9;
param d:=
1	20
2	17
3	23
4	7
5	22
6	21
7	2
8	14
9	2
10	15
11	13
12	5
13	24
14	2
15	8
16	14
17	2
18	10
19	6
20	6
21	14
22	2
23	12
24	16
25	7
26	9
27	12
28	12
29	1
30	26
31	10
32	15
33	24
34	12
35	18
36	14
37	25
38	13
39	20
40	24
41	19
42	23
43	23
44	24
45	10
46	18
47	26
48	2
49	11
50	9
51	11
52	9
53	17
54	16
55	23
56	5
57	19
58	8
59	6
60	24
61	21
62	4
63	16
64	14
;
param Q:=100;
param w:=
[0,*] 1 0.5
[1,*] 0 0.5
[2,*] 3 0.5
[3,*] 2 0.5
;
param V:=
[0,*] 1 99
[1,*] 0 99
[2,*] 3 95
[3,*] 2 95
;
param e:
	0	1	2	3	4	5	71	72	73	74	75	76	77	78	79:=
23	0	0	0	0	0	0	0	0	0	0	0	0	0	0	0	
24	0	0	0	0	0	0	0	0	0	0	0	0	0	0	0	
25	0	0	0	0	0	0	0	0	0	0	0	0	0	0	0	
26	0	0	0	0	0	0	0	1	0	0	0	0	0	0	0	
27	0	0	0	0	0	0	1	0	0	0	0	0	0	0	0	
28	0	0	0	0	0	0	0	0	0	0	0	0	0	0	0	
29	0	0	0	0	0	0	0	0	0	0	0	0	0	0	0	
30	0	0	0	0	0	0	0	0	0	0	0	0	0	0	0	
31	0	0	0	0	0	0	0	0	0	0	0	0	0	0	0	
32	0	0	0	0	0	0	0	0	1	0	0	0	0	0	0	
33	0	0	0	0	0	0	0	0	1	0	0	0	0	0	0	
34	0	0	0	0	0	0	0	0	0	0	0	0	0	0	0	
35	0	0	0	0	0	0	0	0	0	0	0	0	0	0	0	
36	0	0	0	0	0	0	0	0	0	0	0	0	0	0	0	
37	0	0	0	0	0	0	0	0	0	0	0	0	0	0	0	
38	0	0	0	0	0	0	0	0	0	0	0	0	0	0	0	
39	0	0	0	0	0	0	0	0	0	0	0	0	0	0	0	
40	0	0	0	0	0	0	0	0	0	0	0	0	0	0	0	
41	0	0	0	0	0	0	0	0	0	0	0	0	0	0	0	
42	0	0	0	0	0	0	0	1	0	0	0	0	0	0	0	
43	0	0	0	0	0	0	1	0	0	0	0	0	0	0	0	
44	0	0	0	0	0	0	0	1	0	0	0	0	0	0	0	
45	0	0	0	0	0	0	1	0	0	0	0	0	0	0	0	
46	0	0	0	0	0	0	0	0	0	0	0	0	0	0	0	
47	0	0	0	0	0	0	0	0	1	0	0	0	0	0	0	
48	0	0	0	0	0	0	1	0	0	0	0	0	0	0	0	
49	0	0	0	0	0	0	0	0	0	0	0	0	0	0	0	
50	0	0	0	0	0	0	0	0	0	0	0	0	0	0	0	
51	0	0	0	0	0	0	0	0	1	0	0	0	0	0	0	
52	0	0	0	0	0	0	0	0	1	0	0	0	0	0	0	
53	0	0	0	0	0	0	0	0	0	0	0	0	0	0	0	
54	0	0	0	0	0	0	1	0	0	0	0	0	0	0	0	
55	0	0	0	0	0	0	0	1	0	0	0	0	0	0	0	
56	0	0	0	0	0	0	0	1	0	0	0	0	0	0	0	
57	0	0	0	0	0	0	0	1	0	0	0	0	0	0	0	
58	0	0	0	0	0	0	0	0	0	0	0	0	0	0	0	
59	0	0	0	0	0	0	1	0	0	0	0	0	0	0	0	
60	0	0	0	0	0	0	0	0	0	0	0	0	0	0	0	
61	0	0	0	0	0	0	0	0	0	0	0	0	0	0	0	
62	0	0	0	0	0	0	0	0	0	0	0	0	0	0	0	
63	0	0	0	0	0	0	1	0	0	0	0	0	0	0	0	
64	0	0	0	0	0	0	0	0	1	0	0	0	0	0	0	
;
param p:=
1	3
2	3
3	3
4	3
5	3
6	3
7	3
8	3
9	3
;
param G:=
0	77
1	99
2	91
3	95
4	89
5	88
71	96
72	81
73	87
74	76
75	70
76	80
77	85
78	84
79	93
;
param s:=
0	0
1	15
2	15
3	15
4	15
5	15
6	15
7	15
8	15
9	15
10	15
11	15
12	15
13	15
14	15
15	15
16	15
17	15
18	15
19	15
20	15
21	15
22	15
44	15
45	15
46	15
47	15
48	15
49	15
50	15
51	15
52	15
53	15
54	15
55	15
56	15
57	15
58	15
59	15
60	15
61	15
62	15
63	15
64	15
0	10
1	10
2	10
3	10
4	10
5	10
71	10
72	10
73	10
74	10
75	10
76	10
77	10
78	10
79	10
;
param t:
	0	1	2	3	4	5	6	7	8	9	10	11	12	13	14	15	16	17	18	19	20	21	22	23	24	25	26	27	28	29	30	31	32	33	34	35	36	37	38	39	40	41	42	43	44	45	46	47	48	49	50	51	52	53	54	55	56	57	58	59	60	61	62	63	64	65	66	67	68	69	70	71	72	73	74	75	76	77	78	79:=
0	0.0	28.84	70.94	11.31	38.83	38.21	65.3	33.94	29.73	52.95	47.2	61.35	70.26	18.97	38.47	25.06	22.8	45.69	59.36	10.2	63.66	63.81	68.0	45.12	52.15	39.7	26.31	46.69	64.4	52.8	62.8	39.7	34.93	35.38	41.23	30.53	74.32	62.13	18.44	31.24	62.13	67.08	48.37	35.78	72.11	32.25	66.6	47.07	35.78	51.92	54.63	32.06	40.2	45.34	30.0	46.04	50.91	52.5	73.76	17.09	50.12	37.74	45.12	18.0	26.08	78.39	37.12	54.49	36.0	63.82	59.82	42.2	49.09	19.1	41.44	31.32	23.43	13.15	45.54	20.88
1	28.84	0.0	99.64	17.89	66.48	57.58	93.34	8.0	58.14	80.32	63.15	82.1	94.53	30.07	62.8	4.47	10.2	58.31	75.71	19.8	92.02	92.65	93.38	68.96	59.06	51.92	51.42	43.86	82.87	80.62	89.84	68.41	36.72	10.0	65.51	12.81	102.86	90.97	36.06	60.0	90.97	94.25	66.48	48.66	92.35	44.72	95.27	33.11	48.66	76.16	80.45	30.53	31.24	74.03	51.88	62.8	63.25	62.77	96.0	23.41	78.89	48.17	61.61	41.62	2.83	107.19	29.7	67.36	57.27	78.85	88.6	70.01	65.92	11.18	68.62	54.45	9.22	38.95	67.01	18.44
2	70.94	99.64	0.0	82.22	34.93	58.55	12.65	104.8	41.62	36.06	75.71	66.12	54.41	80.0	54.41	95.6	93.38	72.11	78.1	80.0	10.0	12.0	48.08	44.05	93.68	80.99	57.31	102.86	74.11	22.36	36.88	31.24	92.28	106.15	44.41	100.42	21.26	12.17	73.24	39.7	12.17	36.06	71.02	71.39	71.39	72.28	4.47	112.07	71.39	40.2	32.25	93.74	103.73	25.61	56.32	73.76	83.95	88.29	64.56	80.62	24.17	75.31	64.03	60.83	96.83	15.65	100.69	84.17	54.92	83.02	11.4	31.38	74.15	89.94	42.06	60.01	94.11	61.59	61.98	89.2
3	11.31	17.89	82.22	0.0	50.0	46.17	76.58	22.63	41.04	62.64	50.16	67.08	78.03	17.2	46.04	14.56	11.66	50.99	62.77	6.32	74.97	74.89	76.42	55.03	50.91	40.5	34.23	41.23	68.96	64.03	72.28	50.99	30.53	24.08	51.26	19.7	84.97	73.24	20.88	42.52	73.24	76.66	52.5	40.79	77.67	36.88	77.9	38.05	40.79	62.03	65.3	26.0	32.25	56.64	38.83	49.4	52.15	52.8	80.4	16.12	61.06	41.76	52.04	27.2	15.23	89.36	29.43	56.08	44.72	66.64	71.06	53.41	52.55	7.81	50.96	38.01	12.21	23.26	51.48	12.17
4	38.83	66.48	34.93	50.0	0.0	26.68	26.91	72.47	10.2	37.2	62.1	63.25	61.22	52.5	41.23	62.23	61.61	41.23	69.86	46.69	26.08	32.06	56.04	16.97	76.24	62.13	36.22	79.25	69.97	14.14	45.65	10.0	67.47	74.03	14.42	69.34	46.04	30.07	47.07	12.17	30.07	48.33	59.46	38.0	72.47	38.21	30.46	84.31	38.0	19.7	18.0	67.05	76.55	12.17	22.09	60.17	69.43	72.99	69.31	46.04	23.41	42.0	34.18	26.08	63.66	46.53	73.39	71.31	22.36	75.24	25.5	3.61	61.98	57.8	32.2	41.77	62.2	27.59	51.48	59.06
5	38.21	57.58	58.55	46.17	26.68	0.0	47.54	65.15	28.84	62.61	78.23	84.9	86.09	56.89	60.83	53.14	56.89	14.56	88.41	40.45	48.66	58.14	81.41	15.23	88.02	74.32	51.61	84.85	90.55	36.22	71.69	36.06	72.99	67.05	14.14	65.12	72.44	56.14	54.41	33.29	56.14	74.67	77.2	13.42	95.02	15.62	54.33	84.21	13.42	21.63	28.64	70.26	78.0	38.83	8.94	76.55	84.12	86.76	93.23	34.18	50.0	17.09	8.49	20.4	55.03	72.01	75.01	86.95	4.47	93.6	51.01	29.27	79.06	52.77	55.22	58.01	57.07	25.71	70.84	58.03
6	65.3	93.34	12.65	76.58	26.91	47.54	0.0	99.16	35.61	41.23	78.1	71.81	62.61	76.94	56.14	89.11	88.09	60.53	82.39	73.54	4.47	20.0	56.36	32.56	95.04	81.58	56.32	101.84	79.62	12.81	44.72	26.83	90.62	100.66	33.53	95.6	32.8	18.87	70.68	34.99	18.87	44.94	74.0	60.73	78.43	62.03	10.0	109.18	60.73	28.0	20.0	91.24	101.07	21.54	46.52	76.11	86.21	90.35	72.5	72.8	26.08	64.56	52.35	52.8	90.51	28.23	97.95	87.02	44.27	87.57	13.93	23.35	77.01	84.39	44.01	60.21	88.73	54.49	65.01	84.88
7	33.94	8.0	104.8	22.63	72.47	65.15	99.16	0.0	63.66	83.26	62.13	82.1	95.71	30.59	64.56	12.17	11.66	66.27	74.43	26.08	97.59	97.2	95.08	76.03	55.71	50.36	53.85	38.83	82.1	86.56	92.48	73.59	33.53	2.0	72.47	8.25	106.68	95.6	37.36	65.12	95.6	96.93	66.0	56.57	92.0	52.61	100.5	26.08	56.57	83.19	87.13	27.2	25.61	79.25	59.09	62.03	61.19	60.17	96.33	31.05	83.23	56.14	69.43	48.37	10.2	111.5	24.7	65.31	64.62	77.1	93.61	75.93	65.07	14.87	71.59	56.04	10.82	45.22	67.6	18.44
8	29.73	58.14	41.62	41.04	10.2	28.84	35.61	63.66	0.0	34.18	53.14	56.64	57.31	42.38	33.29	54.04	52.5	42.94	61.77	38.42	33.94	36.06	52.8	24.17	66.48	52.35	26.68	69.05	62.8	23.32	43.68	10.77	57.27	65.12	20.59	60.0	48.66	34.18	36.88	4.47	34.18	47.07	50.99	37.36	66.48	36.5	37.2	74.32	37.36	28.64	28.07	56.92	66.48	16.12	21.54	51.26	60.17	63.56	64.4	39.4	24.08	41.23	37.2	20.4	55.32	50.92	63.32	62.3	24.41	67.12	30.89	13.0	53.31	48.84	26.4	32.57	53.15	20.12	43.57	49.4
9	52.95	80.32	36.06	62.64	37.2	62.61	41.23	83.26	34.18	0.0	40.5	30.59	24.08	53.85	21.26	77.2	71.69	76.97	42.05	63.15	36.88	24.08	18.87	54.04	59.09	47.71	29.53	71.22	38.47	37.74	10.0	27.2	62.23	84.1	51.61	76.94	25.61	24.0	46.65	29.73	24.0	14.14	35.44	71.47	37.58	70.34	34.06	83.55	71.47	55.17	50.0	65.3	75.07	26.91	55.71	38.63	48.7	53.14	32.8	68.12	16.12	75.29	70.71	52.61	77.79	33.12	72.35	48.51	58.14	47.0	27.46	36.12	38.6	69.29	11.7	29.07	72.62	50.09	26.57	65.3
10	47.2	63.15	75.71	50.16	62.1	78.23	78.1	62.13	53.14	40.5	0.0	21.54	38.83	33.53	22.0	62.1	52.95	89.64	12.65	54.59	74.24	64.03	41.04	77.25	18.87	12.17	26.83	34.99	20.0	70.26	44.94	54.59	30.59	62.03	73.54	54.04	65.3	63.56	29.53	50.0	63.56	48.83	5.66	80.72	30.27	77.79	72.99	51.26	80.72	81.61	79.62	36.22	43.68	58.14	69.34	2.0	8.25	12.65	36.06	63.81	52.35	83.45	86.53	59.67	61.61	73.41	41.98	9.22	74.43	16.64	65.62	63.35	3.16	52.89	34.13	20.62	53.94	54.56	13.93	44.72
11	61.35	82.1	66.12	67.08	63.25	84.9	71.81	82.1	56.64	30.59	21.54	0.0	18.44	52.04	24.41	80.4	72.03	98.08	14.42	70.34	67.47	54.15	22.36	80.0	38.42	33.53	35.78	56.36	8.0	67.23	30.27	53.85	51.92	82.22	76.84	74.24	50.99	54.33	46.39	52.5	54.33	32.98	16.49	90.44	10.77	88.2	64.5	72.8	90.44	82.68	78.71	57.27	65.15	55.46	76.58	20.88	27.2	31.24	14.56	78.43	46.17	93.74	93.38	69.34	80.22	59.84	63.32	24.76	80.62	18.03	58.05	63.29	18.38	71.25	31.06	30.08	73.03	65.0	15.81	64.0
12	70.26	94.53	54.41	78.03	61.22	86.09	62.61	95.71	57.31	24.08	38.83	18.44	0.0	65.12	32.0	92.2	84.85	100.24	32.8	80.1	58.14	43.08	6.32	78.1	56.64	50.12	44.05	73.78	25.06	61.22	17.89	51.22	68.03	96.1	75.6	88.29	36.06	43.86	58.55	52.84	43.86	18.44	33.29	94.02	18.11	92.48	53.85	89.44	94.02	79.2	73.76	72.8	81.44	50.91	78.71	37.74	45.34	49.52	10.2	86.83	39.7	97.69	94.34	74.0	92.35	45.04	79.31	43.14	81.63	35.85	48.76	60.21	35.81	83.38	31.38	40.11	85.84	70.6	28.46	77.28
13	18.97	30.07	80.0	17.2	52.5	56.89	76.94	30.59	42.38	53.85	33.53	52.04	65.12	0.0	34.18	28.64	20.0	64.62	46.17	22.63	74.43	70.77	64.56	62.13	34.06	23.32	24.41	28.07	52.95	65.39	62.61	50.12	16.12	31.05	58.14	23.41	78.41	69.43	7.21	42.05	69.43	67.08	36.5	54.63	62.29	50.99	76.03	32.25	54.63	68.47	69.86	14.56	24.17	55.57	48.37	32.98	34.99	35.61	66.03	32.56	56.64	56.36	64.03	36.5	28.28	84.22	21.02	38.95	54.33	49.77	68.6	55.36	36.14	19.42	42.44	25.63	21.0	31.26	37.12	12.17
14	38.47	62.8	54.41	46.04	41.23	60.83	56.14	64.56	33.29	21.26	22.0	24.41	32.0	34.18	0.0	60.3	53.37	73.76	28.64	48.17	52.35	43.08	30.59	57.31	39.29	26.83	12.17	50.0	29.73	48.37	28.84	32.98	41.04	65.15	53.85	57.58	46.86	42.38	27.2	29.53	42.38	33.29	18.44	66.03	34.99	63.81	51.42	62.48	66.03	60.93	58.24	44.41	54.04	36.22	52.35	20.0	30.07	34.23	35.44	55.32	30.59	69.34	69.31	44.94	60.53	54.08	51.4	31.06	56.64	34.01	43.93	42.06	21.21	51.62	12.37	8.54	54.34	40.71	10.3	46.17
15	25.06	4.47	95.6	14.56	62.23	53.14	89.11	12.17	54.04	77.2	62.1	80.4	92.2	28.64	60.3	0.0	10.0	54.15	74.73	15.62	87.86	88.84	90.8	64.5	59.36	51.26	48.66	45.34	81.58	76.37	86.83	64.4	37.2	14.14	61.06	15.23	99.32	87.13	34.06	56.04	87.13	91.21	65.12	44.41	90.8	40.45	91.21	36.06	44.41	71.69	76.03	31.24	33.29	70.0	47.41	61.61	62.77	62.61	94.09	18.97	75.18	44.05	57.27	37.2	2.0	103.45	31.4	66.85	52.8	78.11	84.63	65.76	64.76	9.22	65.52	52.09	9.22	34.66	65.07	17.89
16	22.8	10.2	93.38	11.66	61.61	56.89	88.09	11.66	52.5	71.69	52.95	72.03	84.85	20.0	53.37	10.0	0.0	60.13	65.51	16.49	86.37	85.6	83.95	66.48	49.4	41.76	42.38	35.61	72.69	75.6	80.99	62.23	27.2	12.81	62.77	8.25	95.02	84.02	26.31	53.74	84.02	85.44	56.32	50.04	82.22	46.04	89.11	28.28	50.04	73.54	76.94	21.26	24.17	67.88	50.0	52.61	53.14	52.8	86.02	24.08	71.61	50.36	62.13	38.63	8.94	99.86	21.95	57.25	55.79	68.68	82.13	65.0	55.73	4.12	60.01	44.91	1.0	34.89	57.08	8.25
17	45.69	58.31	72.11	50.99	41.23	14.56	60.53	66.27	42.94	76.97	89.64	98.08	100.24	64.62	73.76	54.15	60.13	0.0	100.5	44.72	62.13	72.44	95.71	28.07	97.53	84.38	63.66	91.76	103.32	50.0	86.16	50.6	80.32	68.26	28.07	68.03	86.83	70.46	63.53	47.41	70.46	89.2	89.2	10.2	108.41	14.14	68.03	88.36	10.2	32.98	40.79	76.66	83.19	53.37	21.63	88.09	94.87	97.1	107.07	36.06	64.56	10.2	8.25	30.0	56.14	86.05	80.41	98.01	18.97	105.55	65.19	43.74	90.79	56.22	69.12	70.04	60.07	35.23	83.49	63.15
18	59.36	75.71	78.1	62.77	69.86	88.41	82.39	74.43	61.77	42.05	12.65	14.42	32.8	46.17	28.64	74.73	65.51	100.5	0.0	67.08	78.23	66.12	36.72	85.88	25.06	24.08	36.88	44.27	8.94	76.16	43.68	61.35	42.05	74.24	82.37	66.27	64.56	66.03	42.05	58.14	66.03	46.82	11.31	91.93	19.7	89.2	76.0	61.61	91.93	89.55	86.65	48.0	54.59	64.03	79.65	13.42	14.56	17.89	27.2	76.16	56.32	94.85	96.83	70.71	74.22	73.25	53.24	11.18	84.4	5.39	69.07	70.58	10.3	65.52	39.05	30.48	66.49	65.8	18.38	57.27
19	10.2	19.8	80.0	6.32	46.69	40.45	73.54	26.08	38.42	63.15	54.59	70.34	80.1	22.63	48.17	15.62	16.49	44.72	67.08	0.0	72.25	73.43	78.03	50.16	56.64	45.61	36.06	47.54	72.8	60.83	72.99	48.83	36.72	27.78	46.52	24.74	84.31	71.69	25.06	40.5	71.69	77.28	56.46	34.53	81.04	30.59	75.6	44.0	34.53	57.27	61.06	32.31	38.47	54.41	33.53	53.67	57.2	58.14	83.19	10.0	59.93	35.44	46.0	22.36	16.97	88.12	35.69	61.03	39.29	71.2	69.07	50.21	56.8	12.37	51.62	40.61	16.76	19.21	54.57	18.44
20	63.66	92.02	10.0	74.97	26.08	48.66	4.47	97.59	33.94	36.88	74.24	67.47	58.14	74.43	52.35	87.86	86.37	62.13	78.23	72.25	0.0	15.62	51.88	34.06	91.41	78.1	53.14	98.79	75.31	12.65	40.25	24.41	87.73	99.04	34.53	93.72	28.84	14.42	68.0	32.8	14.42	40.5	70.03	61.61	74.0	62.64	6.32	106.68	61.61	30.27	22.36	88.59	98.49	18.87	46.82	72.25	82.39	86.58	68.03	72.11	22.0	65.51	54.04	52.15	89.2	25.0	95.38	83.1	45.12	83.38	9.49	22.47	73.06	82.76	40.11	56.75	87.05	53.41	61.01	82.8
21	63.81	92.65	12.0	74.89	32.06	58.14	20.0	97.2	36.06	24.08	64.03	54.15	43.08	70.77	43.08	88.84	85.6	72.44	66.12	73.43	15.62	0.0	36.77	45.12	82.22	69.86	47.2	92.28	62.13	23.41	25.3	25.3	82.1	98.41	44.41	92.2	14.56	2.0	63.78	33.11	2.0	25.06	59.23	70.03	59.67	70.26	10.77	102.45	70.03	43.08	35.78	84.02	94.02	20.4	54.15	62.1	72.28	76.66	53.14	75.39	14.14	74.03	64.78	56.32	89.89	14.87	91.05	72.37	54.04	71.03	7.62	29.0	62.37	82.42	30.87	49.24	86.4	56.08	50.22	80.72
22	68.0	93.38	48.08	76.42	56.04	81.41	56.36	95.08	52.8	18.87	41.04	22.36	6.32	64.56	30.59	90.8	83.95	95.71	36.72	78.03	51.88	36.77	0.0	72.8	59.46	51.61	42.19	75.6	29.73	55.32	11.66	46.04	68.96	95.6	70.46	87.93	30.0	37.58	57.72	48.33	37.58	12.17	35.38	89.89	24.0	88.54	47.54	90.55	89.89	73.59	67.94	73.35	82.37	45.34	74.32	39.7	48.17	52.5	16.49	84.21	33.94	93.64	89.55	70.34	91.08	39.0	80.06	46.4	76.94	40.31	42.54	54.82	38.18	82.2	27.66	39.05	84.93	67.27	29.15	76.66
23	45.12	68.96	44.05	55.03	16.97	15.23	32.56	76.03	24.17	54.04	77.25	80.0	78.1	62.13	57.31	64.5	66.48	28.07	85.88	50.16	34.06	45.12	72.8	0.0	89.82	75.71	50.6	90.02	86.53	22.09	62.13	26.91	78.03	77.82	4.0	74.67	59.67	43.17	58.03	27.78	43.17	64.5	75.15	28.64	89.38	30.53	40.0	92.2	28.64	7.21	13.42	76.42	85.16	27.78	17.2	75.39	84.12	87.36	86.28	46.04	39.45	32.31	20.0	27.86	66.24	58.22	82.04	86.38	12.81	91.24	37.66	18.03	77.47	62.39	49.04	56.65	66.85	32.02	67.6	65.97
24	52.15	59.06	93.68	50.91	76.24	88.02	95.04	55.71	66.48	59.09	18.87	38.42	56.64	34.06	39.29	59.36	49.4	97.53	25.06	56.64	91.41	82.22	59.46	89.82	0.0	14.14	40.05	20.1	34.0	86.09	63.81	70.03	22.36	55.03	85.91	47.54	84.12	81.61	34.0	64.12	81.61	67.68	24.41	87.82	44.72	84.38	90.71	38.05	87.82	95.04	94.19	28.64	32.25	74.24	79.12	20.59	11.31	7.21	52.15	66.6	69.86	89.89	95.85	68.03	58.31	92.14	31.78	13.89	84.76	25.0	83.2	78.06	21.4	50.8	51.66	35.06	50.25	62.65	32.65	41.62
25	39.7	51.92	80.99	40.5	62.13	74.32	81.58	50.36	52.35	47.71	12.17	33.53	50.12	23.32	26.83	51.26	41.76	84.38	24.08	45.61	78.1	69.86	51.61	75.71	14.14	0.0	26.0	24.08	32.06	72.25	53.81	56.14	18.44	50.16	71.81	42.19	73.24	69.08	21.26	50.04	69.08	58.0	17.09	74.89	42.43	71.61	77.79	39.4	74.89	80.89	80.1	24.08	31.62	60.53	65.39	12.65	11.66	12.81	48.08	55.32	56.92	77.2	82.29	54.59	50.6	80.78	29.83	15.65	70.94	26.93	70.21	64.01	15.3	42.15	39.0	21.38	42.72	49.24	22.67	33.53
26	26.31	51.42	57.31	34.23	36.22	51.61	56.32	53.85	26.68	29.53	26.83	35.78	44.05	24.41	12.17	48.66	42.38	63.66	36.88	36.06	53.14	47.2	42.19	50.6	40.05	26.0	0.0	45.69	40.0	46.39	38.63	30.27	34.99	54.63	46.82	47.41	54.04	46.04	17.2	24.08	46.04	43.08	25.61	55.32	46.52	52.8	53.67	55.32	55.32	55.32	54.15	36.88	46.86	34.93	42.8	25.06	33.53	36.88	47.54	43.17	33.29	58.41	60.0	34.06	49.03	60.11	43.93	35.85	47.71	42.01	46.07	38.01	27.46	40.26	18.03	6.4	43.32	29.41	20.25	35.78
27	46.69	43.86	102.86	41.23	79.25	84.85	101.84	38.83	69.05	71.22	34.99	56.36	73.78	28.07	50.0	45.34	35.61	91.76	44.27	47.54	98.79	92.28	75.6	90.02	20.1	24.08	45.69	0.0	53.14	91.21	77.79	75.29	12.0	37.74	86.02	31.24	96.83	91.3	32.25	67.91	91.3	82.02	40.5	81.61	63.91	77.79	99.32	18.0	81.61	96.19	97.02	15.23	13.42	80.32	76.42	36.06	29.73	26.68	70.68	57.27	78.71	82.87	91.78	64.5	43.86	104.04	14.21	33.24	82.39	44.91	91.71	81.79	38.08	38.28	61.59	43.05	36.24	59.3	46.75	29.53
28	64.4	82.87	74.11	68.96	69.97	90.55	79.62	82.1	62.8	38.47	20.0	8.0	25.06	52.95	29.73	81.58	72.69	103.32	8.94	72.8	75.31	62.13	29.73	86.53	34.0	32.06	40.0	53.14	0.0	74.67	38.21	60.83	50.36	82.02	83.23	74.03	58.86	62.29	48.08	58.82	62.29	40.79	16.49	95.27	10.77	92.8	72.44	70.34	95.27	89.55	85.91	56.14	63.15	62.77	82.02	20.1	23.41	26.83	18.44	81.44	53.85	98.41	99.04	74.03	81.22	67.74	61.66	20.12	86.37	10.82	65.92	70.24	17.03	72.37	38.01	33.84	73.68	69.4	19.85	64.5
29	52.8	80.62	22.36	64.03	14.14	36.22	12.81	86.56	23.32	37.74	70.26	67.23	61.22	65.39	48.37	76.37	75.6	50.0	76.16	60.83	12.65	23.41	55.32	22.09	86.09	72.25	46.39	91.21	74.67	0.0	43.86	16.12	79.7	88.09	22.09	83.23	37.95	21.54	59.46	23.41	21.54	45.34	66.75	49.03	75.18	50.0	18.11	97.51	49.03	19.7	12.81	79.85	89.55	12.17	34.18	68.26	78.1	82.02	70.46	60.0	21.63	52.95	42.05	40.0	77.79	36.12	86.41	79.4	32.56	81.49	15.81	10.63	69.58	71.84	37.11	51.04	76.22	41.73	58.05	72.72
30	62.8	89.84	36.88	72.28	45.65	71.69	44.72	92.48	43.68	10.0	44.94	30.27	17.89	62.61	28.84	86.83	80.99	86.16	43.68	72.99	40.25	25.3	11.66	62.13	63.81	53.81	38.63	77.79	38.21	43.86	0.0	35.78	69.66	93.23	60.03	85.91	20.88	26.0	55.46	39.29	26.0	4.47	39.45	81.04	34.53	80.05	36.06	91.21	81.04	62.48	56.57	73.24	82.8	34.41	65.15	43.27	52.84	57.31	27.86	78.1	22.8	84.9	79.62	62.51	87.36	29.61	80.21	51.89	67.23	48.05	30.89	44.1	42.54	78.75	21.38	37.22	81.93	60.07	31.4	74.32
31	39.7	68.41	31.24	50.99	10.0	36.06	26.83	73.59	10.77	27.2	54.59	53.85	51.22	50.12	32.98	64.4	62.23	50.6	61.35	48.83	24.41	25.3	46.04	26.91	70.03	56.14	30.27	75.29	60.83	16.12	35.78	0.0	63.91	74.97	24.41	69.43	38.21	23.41	43.86	8.49	23.41	38.63	51.42	46.39	62.8	46.04	26.91	82.37	46.39	28.84	25.3	64.4	74.24	5.66	30.27	52.61	62.29	66.12	59.4	50.16	14.14	50.36	43.86	31.05	65.6	40.16	71.12	63.79	31.62	66.73	20.25	9.43	54.13	58.73	22.83	35.0	62.94	30.87	43.01	58.41
32	34.93	36.72	92.28	30.53	67.47	72.99	90.62	33.53	57.27	62.23	30.59	51.92	68.03	16.12	41.04	37.2	27.2	80.32	42.05	36.72	87.73	82.1	68.96	78.03	22.36	18.44	34.99	12.0	50.36	79.7	69.66	63.91	0.0	32.98	74.03	25.3	87.73	80.99	20.4	56.32	80.99	74.03	35.44	70.23	60.83	66.48	88.59	21.63	70.23	84.21	85.16	6.32	13.42	69.08	64.5	31.05	28.07	26.68	66.48	46.65	68.26	71.69	80.05	52.61	36.06	94.49	11.4	32.14	70.46	44.1	81.01	70.09	33.73	29.0	51.86	33.3	28.02	47.38	39.82	19.8
33	35.38	10.0	106.15	24.08	74.03	67.05	100.66	2.0	65.12	84.1	62.03	82.22	96.1	31.05	65.15	14.14	12.81	68.26	74.24	27.78	99.04	98.41	95.6	77.82	55.03	50.16	54.63	37.74	82.02	88.09	93.23	74.97	32.98	0.0	74.24	8.0	107.7	96.83	37.95	66.48	96.83	97.69	66.03	58.55	92.02	54.59	101.86	24.41	58.55	84.97	88.84	26.68	24.41	80.62	60.93	62.0	60.83	59.67	96.52	32.98	84.4	58.14	71.39	50.12	12.17	112.65	23.71	64.94	66.48	76.79	94.92	77.47	65.01	16.28	72.45	56.61	12.04	46.87	67.9	18.97
34	41.23	65.51	44.41	51.26	14.42	14.14	33.53	72.47	20.59	51.61	73.54	76.84	75.6	58.14	53.85	61.06	62.77	28.07	82.37	46.52	34.53	44.41	70.46	4.0	85.91	71.81	46.82	86.02	83.23	22.09	60.03	24.41	74.03	74.24	0.0	70.94	58.86	42.43	54.04	24.41	42.43	62.61	71.55	27.2	86.37	28.64	40.2	88.29	27.2	10.77	15.62	72.44	81.22	26.0	14.14	71.69	80.32	83.52	83.55	42.8	37.58	31.05	20.4	24.17	62.77	58.01	78.09	82.64	10.77	87.71	37.12	16.16	73.82	58.69	46.01	52.92	63.16	28.16	64.14	62.1
35	30.53	12.81	100.42	19.7	69.34	65.12	95.6	8.25	60.0	76.94	54.04	74.24	88.29	23.41	57.58	15.23	8.25	68.03	66.27	24.74	93.72	92.2	87.93	74.67	47.54	42.19	47.41	31.24	74.03	83.23	85.91	69.43	25.3	8.0	70.94	0.0	100.96	90.69	30.46	60.96	90.69	90.38	58.03	58.0	84.02	54.0	96.21	20.88	58.0	81.71	84.97	18.97	18.44	75.07	58.24	54.0	52.95	51.92	88.57	32.0	78.1	58.14	70.26	46.82	13.42	106.21	17.03	57.07	64.03	68.88	89.1	72.67	57.01	12.37	65.37	49.04	8.06	42.95	60.02	11.66
36	74.32	102.86	21.26	84.97	46.04	72.44	32.8	106.68	48.66	25.61	65.3	50.99	36.06	78.41	46.86	99.32	95.02	86.83	64.56	84.31	28.84	14.56	30.0	59.67	84.12	73.24	54.04	96.83	58.86	37.95	20.88	38.21	87.73	107.7	58.86	100.96	0.0	16.49	71.22	45.12	16.49	18.11	59.93	84.02	54.0	84.02	22.8	108.9	84.02	57.58	50.16	90.55	100.42	34.0	68.0	63.53	73.35	77.82	46.17	87.36	24.74	88.02	79.25	69.05	100.18	9.0	97.62	72.62	68.26	68.88	22.14	43.19	63.07	92.18	36.12	54.45	95.88	68.15	51.48	89.31
37	62.13	90.97	12.17	73.24	30.07	56.14	18.87	95.6	34.18	24.0	63.56	54.33	43.86	69.43	42.38	87.13	84.02	70.46	66.03	71.69	14.42	2.0	37.58	43.17	81.61	69.08	46.04	91.3	62.29	21.54	26.0	23.41	80.99	96.83	42.43	90.69	16.49	0.0	62.48	31.3	0.0	26.08	58.86	68.03	60.17	68.26	10.2	101.21	68.03	41.23	34.0	82.8	92.8	18.44	52.15	61.61	71.81	76.16	53.85	73.54	12.81	72.03	62.8	54.41	88.2	16.76	89.81	72.01	52.04	71.0	5.83	27.0	61.98	80.8	30.08	48.3	84.81	54.23	49.82	79.25
38	18.44	36.06	73.24	20.88	47.07	54.41	70.68	37.36	36.88	46.65	29.53	46.39	58.55	7.21	27.2	34.06	26.31	63.53	42.05	25.06	68.0	63.78	57.72	58.03	34.0	21.26	17.2	32.25	48.08	59.46	55.46	43.86	20.4	37.95	54.04	30.46	71.22	62.48	0.0	36.06	62.48	59.93	31.62	53.85	56.89	50.48	69.34	38.83	53.85	64.03	64.78	20.59	30.53	49.19	45.61	28.64	32.56	34.06	60.03	34.41	49.68	56.04	62.03	34.18	34.0	77.1	27.46	36.24	51.42	46.14	61.85	49.73	31.78	25.0	35.23	18.68	27.29	28.79	31.02	18.97
39	31.24	60.0	39.7	42.52	12.17	33.29	34.99	65.12	4.47	29.73	50.0	52.5	52.84	42.05	29.53	56.04	53.74	47.41	58.14	40.5	32.8	33.11	48.33	27.78	64.12	50.04	24.08	67.91	58.82	23.41	39.29	8.49	56.32	66.48	24.41	60.96	45.12	31.3	36.06	0.0	31.3	42.76	47.54	41.76	62.23	40.79	35.38	74.24	41.76	31.62	30.07	56.46	66.21	14.14	26.0	48.08	57.27	60.83	60.0	42.38	20.4	45.61	41.62	24.08	57.2	47.93	63.07	59.2	28.84	63.51	28.6	14.04	49.98	50.25	22.02	29.61	54.45	23.09	39.82	50.0
40	62.13	90.97	12.17	73.24	30.07	56.14	18.87	95.6	34.18	24.0	63.56	54.33	43.86	69.43	42.38	87.13	84.02	70.46	66.03	71.69	14.42	2.0	37.58	43.17	81.61	69.08	46.04	91.3	62.29	21.54	26.0	23.41	80.99	96.83	42.43	90.69	16.49	0.0	62.48	31.3	0.0	26.08	58.86	68.03	60.17	68.26	10.2	101.21	68.03	41.23	34.0	82.8	92.8	18.44	52.15	61.61	71.81	76.16	53.85	73.54	12.81	72.03	62.8	54.41	88.2	16.76	89.81	72.01	52.04	71.0	5.83	27.0	61.98	80.8	30.08	48.3	84.81	54.23	49.82	79.25
41	67.08	94.25	36.06	76.66	48.33	74.67	44.94	96.93	47.07	14.14	48.83	32.98	18.44	67.08	33.29	91.21	85.44	89.2	46.82	77.28	40.5	25.06	12.17	64.5	67.68	58.0	43.08	82.02	40.79	45.34	4.47	38.63	74.03	97.69	62.61	90.38	18.11	26.08	59.93	42.76	26.08	0.0	43.27	84.4	36.06	83.55	35.78	95.6	84.4	64.4	58.14	77.67	87.2	36.72	68.41	47.2	56.6	61.06	28.64	82.22	25.06	88.29	82.46	66.27	91.76	27.07	84.63	55.47	70.23	50.96	31.4	46.53	46.32	83.17	25.71	41.68	86.38	64.01	35.47	78.79
42	48.37	66.48	71.02	52.5	59.46	77.2	74.0	66.0	50.99	35.44	5.66	16.49	33.29	36.5	18.44	65.12	56.32	89.2	11.31	56.46	70.03	59.23	35.38	75.15	24.41	17.09	25.61	40.5	16.49	66.75	39.45	51.42	35.44	66.03	71.55	58.03	59.93	58.86	31.62	47.54	58.86	43.27	0.0	80.62	26.0	77.9	68.47	56.46	80.62	79.12	76.66	40.79	48.7	54.59	68.41	4.47	13.42	17.89	31.05	65.3	48.04	83.55	85.6	59.4	64.78	68.15	46.84	13.15	73.24	16.4	61.2	60.44	3.16	55.9	30.02	19.21	57.31	54.49	9.06	48.17
43	35.78	48.66	71.39	40.79	38.0	13.42	60.73	56.57	37.36	71.47	80.72	90.44	94.02	54.63	66.03	44.41	50.04	10.2	91.93	34.53	61.61	70.03	89.89	28.64	87.82	74.89	55.32	81.61	95.27	49.03	81.04	46.39	70.23	58.55	27.2	58.0	84.02	68.03	53.85	41.76	68.03	84.4	80.62	0.0	100.96	4.0	67.08	78.23	0.0	34.99	42.05	66.48	72.99	50.04	16.12	79.25	85.6	87.66	100.24	26.0	60.53	4.0	13.42	21.26	46.39	84.29	70.21	88.87	16.49	96.88	63.2	41.05	82.04	46.1	62.65	61.62	50.01	26.17	75.43	52.95
44	72.11	92.35	71.39	77.67	72.47	95.02	78.43	92.0	66.48	37.58	30.27	10.77	18.11	62.29	34.99	90.8	82.22	108.41	19.7	81.04	74.0	59.67	24.0	89.38	44.72	42.43	46.52	63.91	10.77	75.18	34.53	62.8	60.83	92.02	86.37	84.02	54.0	60.17	56.89	62.23	60.17	36.06	26.0	100.96	0.0	98.79	70.34	81.04	100.96	91.61	87.13	66.48	73.76	63.81	86.83	30.07	34.18	37.58	8.94	89.2	53.67	104.31	103.48	79.92	90.55	63.0	72.18	30.87	90.69	20.62	64.51	72.2	27.17	81.61	40.36	40.85	83.22	75.66	26.57	74.11
45	32.25	44.72	72.28	36.88	38.21	15.62	62.03	52.61	36.5	70.34	77.79	88.2	92.48	50.99	63.81	40.45	46.04	14.14	89.2	30.59	62.64	70.26	88.54	30.53	84.38	71.61	52.8	77.79	92.8	50.0	80.05	46.04	66.48	54.59	28.64	54.0	84.02	68.26	50.48	40.79	68.26	83.55	77.9	4.0	98.79	0.0	67.91	74.24	4.0	37.2	43.91	62.64	69.05	50.04	16.12	76.37	82.46	84.4	98.39	22.0	60.13	5.66	17.09	18.87	42.43	84.72	66.29	85.8	17.89	94.07	63.64	41.44	79.21	42.11	61.1	59.03	46.01	23.43	73.01	49.03
46	66.6	95.27	4.47	77.9	30.46	54.33	10.0	100.5	37.2	34.06	72.99	64.5	53.85	76.03	51.42	91.21	89.11	68.03	76.0	75.6	6.32	10.77	47.54	40.0	90.71	77.79	53.67	99.32	72.44	18.11	36.06	26.91	88.59	101.86	40.2	96.21	22.8	10.2	69.34	35.38	10.2	35.78	68.47	67.08	70.34	67.91	0.0	108.17	67.08	36.5	28.64	89.89	99.86	21.26	51.92	71.02	81.22	85.51	63.91	76.16	20.88	71.02	60.0	56.36	92.46	18.68	96.8	81.61	50.64	81.02	7.62	26.93	71.57	85.63	39.05	56.65	89.83	57.14	59.41	85.04
47	47.07	33.11	112.07	38.05	84.31	84.21	109.18	26.08	74.32	83.55	51.26	72.8	89.44	32.25	62.48	36.06	28.28	88.36	61.61	44.0	106.68	102.45	90.55	92.2	38.05	39.4	55.32	18.0	70.34	97.51	91.21	82.37	21.63	24.41	88.29	20.88	108.9	101.21	38.83	74.24	101.21	95.6	56.46	78.23	81.04	74.24	108.17	0.0	78.23	98.95	101.19	18.44	8.49	87.82	76.66	52.0	47.07	44.41	87.32	52.35	88.41	78.64	90.0	64.78	34.18	115.36	11.4	50.8	82.61	62.65	100.69	87.32	54.42	32.14	72.84	54.49	28.44	60.21	61.4	26.31
48	35.78	48.66	71.39	40.79	38.0	13.42	60.73	56.57	37.36	71.47	80.72	90.44	94.02	54.63	66.03	44.41	50.04	10.2	91.93	34.53	61.61	70.03	89.89	28.64	87.82	74.89	55.32	81.61	95.27	49.03	81.04	46.39	70.23	58.55	27.2	58.0	84.02	68.03	53.85	41.76	68.03	84.4	80.62	0.0	100.96	4.0	67.08	78.23	0.0	34.99	42.05	66.48	72.99	50.04	16.12	79.25	85.6	87.66	100.24	26.0	60.53	4.0	13.42	21.26	46.39	84.29	70.21	88.87	16.49	96.88	63.2	41.05	82.04	46.1	62.65	61.62	50.01	26.17	75.43	52.95
49	51.92	76.16	40.2	62.03	19.7	21.63	28.0	83.19	28.64	55.17	81.61	82.68	79.2	68.47	60.93	71.69	73.54	32.98	89.55	57.27	30.27	43.08	73.59	7.21	95.04	80.89	55.32	96.19	89.55	19.7	62.48	28.84	84.21	84.97	10.77	81.71	57.58	41.23	64.03	31.62	41.23	64.4	79.12	34.99	91.61	37.2	36.5	98.95	34.99	0.0	8.0	82.87	91.78	28.28	24.41	79.7	88.77	92.2	87.86	53.25	39.7	38.47	24.74	34.93	73.43	55.11	88.65	90.8	19.8	94.94	35.47	19.42	81.6	69.46	51.62	61.13	73.93	38.9	71.18	72.8
50	54.63	80.45	32.25	65.3	18.0	28.64	20.0	87.13	28.07	50.0	79.62	78.71	73.76	69.86	58.24	76.03	76.94	40.79	86.65	61.06	22.36	35.78	67.94	13.42	94.19	80.1	54.15	97.02	85.91	12.81	56.57	25.3	85.16	88.84	15.62	84.97	50.16	34.0	64.78	30.07	34.0	58.14	76.66	42.05	87.13	43.91	28.64	101.19	42.05	8.0	0.0	84.4	93.68	23.32	29.73	77.67	87.13	90.8	82.8	58.14	34.06	45.69	32.56	38.83	77.67	47.3	90.52	88.84	26.08	92.03	28.18	16.28	79.31	72.95	47.93	59.54	77.41	42.06	68.31	75.39
51	32.06	30.53	93.74	26.0	67.05	70.26	91.24	27.2	56.92	65.3	36.22	57.27	72.8	14.56	44.41	31.24	21.26	76.66	48.0	32.31	88.59	84.02	73.35	76.42	28.64	24.08	36.88	15.23	56.14	79.85	73.24	64.4	6.32	26.68	72.44	18.97	90.55	82.8	20.59	56.46	82.8	77.67	40.79	66.48	66.48	62.64	89.89	18.44	66.48	82.87	84.4	0.0	10.0	69.77	62.03	36.5	34.23	32.98	71.81	42.05	70.0	67.68	76.94	50.04	30.0	96.94	7.07	38.33	68.03	50.25	82.38	69.89	39.32	23.43	54.45	36.24	22.02	45.0	44.38	14.42
52	40.2	31.24	103.73	32.25	76.55	78.0	101.07	25.61	66.48	75.07	43.68	65.15	81.44	24.17	54.04	33.29	24.17	83.19	54.59	38.47	98.49	94.02	82.37	85.16	32.25	31.62	46.86	13.42	63.15	89.55	82.8	74.24	13.42	24.41	81.22	18.44	100.42	92.8	30.53	66.21	92.8	87.2	48.7	72.99	73.76	69.05	99.86	8.49	72.99	91.78	93.68	10.0	0.0	79.65	70.11	44.27	40.2	38.0	79.7	47.54	80.0	73.76	84.21	58.14	31.62	106.89	3.16	44.1	76.11	56.08	92.36	79.48	46.84	27.51	64.35	46.01	24.6	53.34	53.24	20.1
53	45.34	74.03	25.61	56.64	12.17	38.83	21.54	79.25	16.12	26.91	58.14	55.46	50.91	55.57	36.22	70.0	67.88	53.37	64.03	54.41	18.87	20.4	45.34	27.78	74.24	60.53	34.93	80.32	62.77	12.17	34.41	5.66	69.08	80.62	26.0	75.07	34.0	18.44	49.19	14.14	18.44	36.72	54.59	50.04	63.81	50.04	21.26	87.82	50.04	28.28	23.32	69.77	79.65	0.0	34.0	56.14	66.03	70.0	59.67	55.46	11.66	54.04	46.17	36.06	71.22	35.17	76.54	67.27	34.53	69.38	14.76	9.85	57.43	64.38	25.0	39.2	68.59	36.24	45.89	64.03
54	30.0	51.88	56.32	38.83	22.09	8.94	46.52	59.09	21.54	55.71	69.34	76.58	78.71	48.37	52.35	47.41	50.0	21.63	79.65	33.53	46.82	54.15	74.32	17.2	79.12	65.39	42.8	76.42	82.02	34.18	65.15	30.27	64.5	60.93	14.14	58.24	68.0	52.15	45.61	26.0	52.15	68.41	68.41	16.12	86.83	16.12	51.92	76.66	16.12	24.41	29.73	62.03	70.11	34.0	0.0	67.68	75.18	77.82	85.44	28.84	44.41	20.1	17.2	12.0	49.19	68.59	67.07	78.03	6.0	84.81	47.52	25.32	70.21	45.88	47.51	49.2	50.29	17.12	62.24	50.36
55	46.04	62.8	73.76	49.4	60.17	76.55	76.11	62.03	51.26	38.63	2.0	20.88	37.74	32.98	20.0	61.61	52.61	88.09	13.42	53.67	72.25	62.1	39.7	75.39	20.59	12.65	25.06	36.06	20.1	68.26	43.27	52.61	31.05	62.0	71.69	54.0	63.53	61.61	28.64	48.08	61.61	47.2	4.47	79.25	30.07	76.37	71.02	52.0	79.25	79.7	77.67	36.5	44.27	56.14	67.68	0.0	10.2	14.56	35.44	62.77	50.36	82.02	84.88	58.14	61.19	71.59	42.45	11.18	72.72	17.8	63.64	61.39	3.16	52.39	32.14	18.79	53.6	53.08	12.08	44.41
56	50.91	63.25	83.95	52.15	69.43	84.12	86.21	61.19	60.17	48.7	8.25	27.2	45.34	34.99	30.07	62.77	53.14	94.87	14.56	57.2	82.39	72.28	48.17	84.12	11.31	11.66	33.53	29.73	23.41	78.1	52.84	62.29	28.07	60.83	80.32	52.95	73.35	71.81	32.56	57.27	71.81	56.6	13.42	85.6	34.18	82.46	81.22	47.07	85.6	88.77	87.13	34.23	40.2	66.03	75.18	10.2	0.0	4.47	41.18	66.84	60.53	88.09	92.28	64.9	62.03	81.54	39.01	4.12	80.5	16.03	73.82	70.86	10.3	53.71	42.3	27.66	54.08	59.64	22.14	44.94
57	52.5	62.77	88.29	52.8	72.99	86.76	90.35	60.17	63.56	53.14	12.65	31.24	49.52	35.61	34.23	62.61	52.8	97.1	17.89	58.14	86.58	76.66	52.5	87.36	7.21	12.81	36.88	26.68	26.83	82.02	57.31	66.12	26.68	59.67	83.52	51.92	77.82	76.16	34.06	60.83	76.16	61.06	17.89	87.66	37.58	84.4	85.51	44.41	87.66	92.2	90.8	32.98	38.0	70.0	77.82	14.56	4.47	0.0	44.94	67.94	64.78	90.0	94.83	67.23	61.74	86.01	37.12	6.71	83.26	18.25	78.09	74.55	14.76	53.71	46.53	31.26	53.71	61.91	26.57	44.72
