set K:= 1	2	3	4	5	6	7	8	9;
set C_H:= 1	2	3	4	5	6	7	8	9	10	11	12	13	14	15	16	17	18	19	20	21;
set C_S:= 22	23	24	25	26	27	28	29	30	31	32	33	34	35	36	37	38	39	40	41	42;
set C_F:= 43	44	45	46	47	48	49	50	51	52	53	54	55	56	57	58	59	60	61	62	63;
set M:= 64	65	66	67;
set L_B:= 68	69	70	71	72	73	74	75	76;
set A1:=
(0,*) 1 2 3 4 5 6 7 8 9 10 11 12 13 14 15 16 17 18 19 20 21 43 44 45 46 47 48 49 50 51 52 53 54 55 56 57 58 59 60 61 62 63 64 65 66 67 68 69 70 71 72 73 74 75 76
(1,*) 0 2 3 4 5 6 7 8 9 10 11 12 13 14 15 16 17 18 19 20 21 43 44 45 46 47 48 49 50 51 52 53 54 55 56 57 58 59 60 61 62 63 64 65 66 67 68 69 70 71 72 73 74 75 76
(2,*) 0 1 3 4 5 6 7 8 9 10 11 12 13 14 15 16 17 18 19 20 21 43 44 45 46 47 48 49 50 51 52 53 54 55 56 57 58 59 60 61 62 63 64 65 66 67 68 69 70 71 72 73 74 75 76
(3,*) 0 1 2 4 5 6 7 8 9 10 11 12 13 14 15 16 17 18 19 20 21 43 44 45 46 47 48 49 50 51 52 53 54 55 56 57 58 59 60 61 62 63 64 65 66 67 68 69 70 71 72 73 74 75 76
(4,*) 0 1 2 3 5 6 7 8 9 10 11 12 13 14 15 16 17 18 19 20 21 43 44 45 46 47 48 49 50 51 52 53 54 55 56 57 58 59 60 61 62 63 64 65 66 67 68 69 70 71 72 73 74 75 76
(5,*) 0 1 2 3 4 6 7 8 9 10 11 12 13 14 15 16 17 18 19 20 21 43 44 45 46 47 48 49 50 51 52 53 54 55 56 57 58 59 60 61 62 63 64 65 66 67 68 69 70 71 72 73 74 75 76
(6,*) 0 1 2 3 4 5 7 8 9 10 11 12 13 14 15 16 17 18 19 20 21 43 44 45 46 47 48 49 50 51 52 53 54 55 56 57 58 59 60 61 62 63 64 65 66 67 68 69 70 71 72 73 74 75 76
(7,*) 0 1 2 3 4 5 6 8 9 10 11 12 13 14 15 16 17 18 19 20 21 43 44 45 46 47 48 49 50 51 52 53 54 55 56 57 58 59 60 61 62 63 64 65 66 67 68 69 70 71 72 73 74 75 76
(8,*) 0 1 2 3 4 5 6 7 9 10 11 12 13 14 15 16 17 18 19 20 21 43 44 45 46 47 48 49 50 51 52 53 54 55 56 57 58 59 60 61 62 63 64 65 66 67 68 69 70 71 72 73 74 75 76
(9,*) 0 1 2 3 4 5 6 7 8 10 11 12 13 14 15 16 17 18 19 20 21 43 44 45 46 47 48 49 50 51 52 53 54 55 56 57 58 59 60 61 62 63 64 65 66 67 68 69 70 71 72 73 74 75 76
(10,*) 0 1 2 3 4 5 6 7 8 9 11 12 13 14 15 16 17 18 19 20 21 43 44 45 46 47 48 49 50 51 52 53 54 55 56 57 58 59 60 61 62 63 64 65 66 67 68 69 70 71 72 73 74 75 76
(11,*) 0 1 2 3 4 5 6 7 8 9 10 12 13 14 15 16 17 18 19 20 21 43 44 45 46 47 48 49 50 51 52 53 54 55 56 57 58 59 60 61 62 63 64 65 66 67 68 69 70 71 72 73 74 75 76
(12,*) 0 1 2 3 4 5 6 7 8 9 10 11 13 14 15 16 17 18 19 20 21 43 44 45 46 47 48 49 50 51 52 53 54 55 56 57 58 59 60 61 62 63 64 65 66 67 68 69 70 71 72 73 74 75 76
(13,*) 0 1 2 3 4 5 6 7 8 9 10 11 12 14 15 16 17 18 19 20 21 43 44 45 46 47 48 49 50 51 52 53 54 55 56 57 58 59 60 61 62 63 64 65 66 67 68 69 70 71 72 73 74 75 76
(14,*) 0 1 2 3 4 5 6 7 8 9 10 11 12 13 15 16 17 18 19 20 21 43 44 45 46 47 48 49 50 51 52 53 54 55 56 57 58 59 60 61 62 63 64 65 66 67 68 69 70 71 72 73 74 75 76
(15,*) 0 1 2 3 4 5 6 7 8 9 10 11 12 13 14 16 17 18 19 20 21 43 44 45 46 47 48 49 50 51 52 53 54 55 56 57 58 59 60 61 62 63 64 65 66 67 68 69 70 71 72 73 74 75 76
(16,*) 0 1 2 3 4 5 6 7 8 9 10 11 12 13 14 15 17 18 19 20 21 43 44 45 46 47 48 49 50 51 52 53 54 55 56 57 58 59 60 61 62 63 64 65 66 67 68 69 70 71 72 73 74 75 76
(17,*) 0 1 2 3 4 5 6 7 8 9 10 11 12 13 14 15 16 18 19 20 21 43 44 45 46 47 48 49 50 51 52 53 54 55 56 57 58 59 60 61 62 63 64 65 66 67 68 69 70 71 72 73 74 75 76
(18,*) 0 1 2 3 4 5 6 7 8 9 10 11 12 13 14 15 16 17 19 20 21 43 44 45 46 47 48 49 50 51 52 53 54 55 56 57 58 59 60 61 62 63 64 65 66 67 68 69 70 71 72 73 74 75 76
(19,*) 0 1 2 3 4 5 6 7 8 9 10 11 12 13 14 15 16 17 18 20 21 43 44 45 46 47 48 49 50 51 52 53 54 55 56 57 58 59 60 61 62 63 64 65 66 67 68 69 70 71 72 73 74 75 76
(20,*) 0 1 2 3 4 5 6 7 8 9 10 11 12 13 14 15 16 17 18 19 21 43 44 45 46 47 48 49 50 51 52 53 54 55 56 57 58 59 60 61 62 63 64 65 66 67 68 69 70 71 72 73 74 75 76
(21,*) 0 1 2 3 4 5 6 7 8 9 10 11 12 13 14 15 16 17 18 19 20 43 44 45 46 47 48 49 50 51 52 53 54 55 56 57 58 59 60 61 62 63 64 65 66 67 68 69 70 71 72 73 74 75 76
(43,*) 0 1 2 3 4 5 6 7 8 9 10 11 12 13 14 15 16 17 18 19 20 21 44 45 46 47 48 49 50 51 52 53 54 55 56 57 58 59 60 61 62 63 64 65 66 67 68 69 70 71 72 73 74 75 76
(44,*) 0 1 2 3 4 5 6 7 8 9 10 11 12 13 14 15 16 17 18 19 20 21 43 45 46 47 48 49 50 51 52 53 54 55 56 57 58 59 60 61 62 63 64 65 66 67 68 69 70 71 72 73 74 75 76
(45,*) 0 1 2 3 4 5 6 7 8 9 10 11 12 13 14 15 16 17 18 19 20 21 43 44 46 47 48 49 50 51 52 53 54 55 56 57 58 59 60 61 62 63 64 65 66 67 68 69 70 71 72 73 74 75 76
(46,*) 0 1 2 3 4 5 6 7 8 9 10 11 12 13 14 15 16 17 18 19 20 21 43 44 45 47 48 49 50 51 52 53 54 55 56 57 58 59 60 61 62 63 64 65 66 67 68 69 70 71 72 73 74 75 76
(47,*) 0 1 2 3 4 5 6 7 8 9 10 11 12 13 14 15 16 17 18 19 20 21 43 44 45 46 48 49 50 51 52 53 54 55 56 57 58 59 60 61 62 63 64 65 66 67 68 69 70 71 72 73 74 75 76
(48,*) 0 1 2 3 4 5 6 7 8 9 10 11 12 13 14 15 16 17 18 19 20 21 43 44 45 46 47 49 50 51 52 53 54 55 56 57 58 59 60 61 62 63 64 65 66 67 68 69 70 71 72 73 74 75 76
(49,*) 0 1 2 3 4 5 6 7 8 9 10 11 12 13 14 15 16 17 18 19 20 21 43 44 45 46 47 48 50 51 52 53 54 55 56 57 58 59 60 61 62 63 64 65 66 67 68 69 70 71 72 73 74 75 76
(50,*) 0 1 2 3 4 5 6 7 8 9 10 11 12 13 14 15 16 17 18 19 20 21 43 44 45 46 47 48 49 51 52 53 54 55 56 57 58 59 60 61 62 63 64 65 66 67 68 69 70 71 72 73 74 75 76
(51,*) 0 1 2 3 4 5 6 7 8 9 10 11 12 13 14 15 16 17 18 19 20 21 43 44 45 46 47 48 49 50 52 53 54 55 56 57 58 59 60 61 62 63 64 65 66 67 68 69 70 71 72 73 74 75 76
(52,*) 0 1 2 3 4 5 6 7 8 9 10 11 12 13 14 15 16 17 18 19 20 21 43 44 45 46 47 48 49 50 51 53 54 55 56 57 58 59 60 61 62 63 64 65 66 67 68 69 70 71 72 73 74 75 76
(53,*) 0 1 2 3 4 5 6 7 8 9 10 11 12 13 14 15 16 17 18 19 20 21 43 44 45 46 47 48 49 50 51 52 54 55 56 57 58 59 60 61 62 63 64 65 66 67 68 69 70 71 72 73 74 75 76
(54,*) 0 1 2 3 4 5 6 7 8 9 10 11 12 13 14 15 16 17 18 19 20 21 43 44 45 46 47 48 49 50 51 52 53 55 56 57 58 59 60 61 62 63 64 65 66 67 68 69 70 71 72 73 74 75 76
(55,*) 0 1 2 3 4 5 6 7 8 9 10 11 12 13 14 15 16 17 18 19 20 21 43 44 45 46 47 48 49 50 51 52 53 54 56 57 58 59 60 61 62 63 64 65 66 67 68 69 70 71 72 73 74 75 76
(56,*) 0 1 2 3 4 5 6 7 8 9 10 11 12 13 14 15 16 17 18 19 20 21 43 44 45 46 47 48 49 50 51 52 53 54 55 57 58 59 60 61 62 63 64 65 66 67 68 69 70 71 72 73 74 75 76
(57,*) 0 1 2 3 4 5 6 7 8 9 10 11 12 13 14 15 16 17 18 19 20 21 43 44 45 46 47 48 49 50 51 52 53 54 55 56 58 59 60 61 62 63 64 65 66 67 68 69 70 71 72 73 74 75 76
(58,*) 0 1 2 3 4 5 6 7 8 9 10 11 12 13 14 15 16 17 18 19 20 21 43 44 45 46 47 48 49 50 51 52 53 54 55 56 57 59 60 61 62 63 64 65 66 67 68 69 70 71 72 73 74 75 76
(59,*) 0 1 2 3 4 5 6 7 8 9 10 11 12 13 14 15 16 17 18 19 20 21 43 44 45 46 47 48 49 50 51 52 53 54 55 56 57 58 60 61 62 63 64 65 66 67 68 69 70 71 72 73 74 75 76
(60,*) 0 1 2 3 4 5 6 7 8 9 10 11 12 13 14 15 16 17 18 19 20 21 43 44 45 46 47 48 49 50 51 52 53 54 55 56 57 58 59 61 62 63 64 65 66 67 68 69 70 71 72 73 74 75 76
(61,*) 0 1 2 3 4 5 6 7 8 9 10 11 12 13 14 15 16 17 18 19 20 21 43 44 45 46 47 48 49 50 51 52 53 54 55 56 57 58 59 60 62 63 64 65 66 67 68 69 70 71 72 73 74 75 76
(62,*) 0 1 2 3 4 5 6 7 8 9 10 11 12 13 14 15 16 17 18 19 20 21 43 44 45 46 47 48 49 50 51 52 53 54 55 56 57 58 59 60 61 63 64 65 66 67 68 69 70 71 72 73 74 75 76
(63,*) 0 1 2 3 4 5 6 7 8 9 10 11 12 13 14 15 16 17 18 19 20 21 43 44 45 46 47 48 49 50 51 52 53 54 55 56 57 58 59 60 61 62 64 65 66 67 68 69 70 71 72 73 74 75 76
(64,*) 0 1 2 3 4 5 6 7 8 9 10 11 12 13 14 15 16 17 18 19 20 21 43 44 45 46 47 48 49 50 51 52 53 54 55 56 57 58 59 60 61 62 63 65 66 67 68 69 70 71 72 73 74 75 76
(65,*) 0 1 2 3 4 5 6 7 8 9 10 11 12 13 14 15 16 17 18 19 20 21 43 44 45 46 47 48 49 50 51 52 53 54 55 56 57 58 59 60 61 62 63 64 66 67 68 69 70 71 72 73 74 75 76
(66,*) 0 1 2 3 4 5 6 7 8 9 10 11 12 13 14 15 16 17 18 19 20 21 43 44 45 46 47 48 49 50 51 52 53 54 55 56 57 58 59 60 61 62 63 64 65 67 68 69 70 71 72 73 74 75 76
(67,*) 0 1 2 3 4 5 6 7 8 9 10 11 12 13 14 15 16 17 18 19 20 21 43 44 45 46 47 48 49 50 51 52 53 54 55 56 57 58 59 60 61 62 63 64 65 66 68 69 70 71 72 73 74 75 76
(68,*) 0 1 2 3 4 5 6 7 8 9 10 11 12 13 14 15 16 17 18 19 20 21 43 44 45 46 47 48 49 50 51 52 53 54 55 56 57 58 59 60 61 62 63 64 65 66 67 69 70 71 72 73 74 75 76
(69,*) 0 1 2 3 4 5 6 7 8 9 10 11 12 13 14 15 16 17 18 19 20 21 43 44 45 46 47 48 49 50 51 52 53 54 55 56 57 58 59 60 61 62 63 64 65 66 67 68 70 71 72 73 74 75 76
(70,*) 0 1 2 3 4 5 6 7 8 9 10 11 12 13 14 15 16 17 18 19 20 21 43 44 45 46 47 48 49 50 51 52 53 54 55 56 57 58 59 60 61 62 63 64 65 66 67 68 69 71 72 73 74 75 76
(71,*) 0 1 2 3 4 5 6 7 8 9 10 11 12 13 14 15 16 17 18 19 20 21 43 44 45 46 47 48 49 50 51 52 53 54 55 56 57 58 59 60 61 62 63 64 65 66 67 68 69 70 72 73 74 75 76
(72,*) 0 1 2 3 4 5 6 7 8 9 10 11 12 13 14 15 16 17 18 19 20 21 43 44 45 46 47 48 49 50 51 52 53 54 55 56 57 58 59 60 61 62 63 64 65 66 67 68 69 70 71 73 74 75 76
(73,*) 0 1 2 3 4 5 6 7 8 9 10 11 12 13 14 15 16 17 18 19 20 21 43 44 45 46 47 48 49 50 51 52 53 54 55 56 57 58 59 60 61 62 63 64 65 66 67 68 69 70 71 72 74 75 76
(74,*) 0 1 2 3 4 5 6 7 8 9 10 11 12 13 14 15 16 17 18 19 20 21 43 44 45 46 47 48 49 50 51 52 53 54 55 56 57 58 59 60 61 62 63 64 65 66 67 68 69 70 71 72 73 75 76
(75,*) 0 1 2 3 4 5 6 7 8 9 10 11 12 13 14 15 16 17 18 19 20 21 43 44 45 46 47 48 49 50 51 52 53 54 55 56 57 58 59 60 61 62 63 64 65 66 67 68 69 70 71 72 73 74 76
(76,*) 0 1 2 3 4 5 6 7 8 9 10 11 12 13 14 15 16 17 18 19 20 21 43 44 45 46 47 48 49 50 51 52 53 54 55 56 57 58 59 60 61 62 63 64 65 66 67 68 69 70 71 72 73 74 75
;
set A2:=
(64,*) 65
(65,*) 64
(66,*) 67
(67,*) 66
;
param BigM:=99999;
param n:= 9;
param d:=
1	17
2	5
3	18
4	13
5	4
6	16
7	26
8	23
9	26
10	5
11	2
12	5
13	8
14	8
15	8
16	19
17	17
18	7
19	12
20	19
21	8
22	24
23	1
24	16
25	4
26	8
27	21
28	23
29	12
30	3
31	16
32	2
33	8
34	19
35	26
36	24
37	9
38	18
39	15
40	5
41	12
42	8
43	10
44	15
45	23
46	23
47	4
48	2
49	9
50	8
51	23
52	18
53	16
54	8
55	26
56	3
57	5
58	4
59	5
60	22
61	19
62	11
63	54
;
param Q:=100;
param w:=
[64,*] 65 0.5
[65,*] 64 0.5
[66,*] 67 0.5
[67,*] 66 0.5
;
param V:=
[64,*] 65 87
[65,*] 64 87
[66,*] 67 87
[67,*] 66 87
;
param e:
	64	65	66	67	68	69	70	71	72	73	74	75	76:=
22	0	0	0	0	0	0	1	0	0	0	0	0	0	
23	0	0	0	0	0	0	0	0	0	0	0	1	0	
24	0	0	0	0	0	1	0	1	0	1	0	1	0	
25	0	0	0	0	1	0	0	0	0	0	0	0	0	
26	0	0	0	0	0	0	0	0	0	0	1	0	0	
27	0	0	0	0	1	0	0	0	0	0	0	0	0	
28	0	0	0	0	0	0	0	0	0	0	0	0	1	
29	0	0	0	0	0	1	0	0	0	0	0	0	0	
30	0	0	0	0	0	0	1	0	0	0	0	0	0	
31	0	0	0	0	0	0	1	0	0	0	0	0	0	
32	0	0	0	0	0	0	1	0	0	0	0	0	0	
33	0	0	0	0	0	0	0	1	0	0	0	1	0	
34	0	0	0	0	0	0	1	0	1	0	1	0	0	
35	0	0	0	0	0	0	1	0	0	0	0	0	0	
36	0	0	0	0	0	0	0	1	0	0	0	0	0	
37	0	0	0	0	0	0	1	0	0	0	0	0	0	
38	0	0	0	0	0	0	0	0	0	0	0	1	0	
39	0	0	0	0	0	0	1	0	0	0	0	0	0	
40	0	0	0	0	0	0	0	0	1	0	1	0	0	
41	0	0	0	0	0	1	0	0	0	0	0	0	0	
42	0	0	0	0	1	0	0	0	0	0	0	0	0	
43	0	0	0	0	1	0	0	0	1	0	1	0	0	
44	0	0	0	0	0	0	1	0	0	0	0	0	0	
45	0	0	0	0	1	0	0	0	1	0	1	0	1	
46	0	0	0	0	0	1	1	0	0	0	0	0	1	
47	0	0	0	0	0	0	0	0	0	0	0	0	1	
48	0	0	0	0	1	1	0	1	1	1	0	0	1	
49	0	0	0	0	0	0	0	0	0	0	0	1	0	
50	0	0	0	0	0	1	0	1	0	1	0	1	0	
51	0	0	0	0	1	0	0	0	1	0	1	0	0	
52	0	0	0	0	1	0	0	0	1	0	0	0	0	
53	0	0	0	0	0	0	1	0	0	0	0	0	0	
54	0	0	0	0	1	0	0	0	1	0	1	0	1	
55	0	0	0	0	1	0	0	1	0	1	0	1	0	
56	0	0	0	0	0	0	0	1	0	0	0	1	0	
57	0	0	0	0	0	0	1	0	0	0	1	0	0	
58	0	0	0	0	0	0	0	0	0	0	1	0	0	
59	0	0	0	0	0	0	0	0	0	0	0	1	0	
60	0	0	0	0	0	0	1	0	0	0	0	0	1	
61	0	0	0	0	1	0	0	0	1	0	0	0	0	
62	0	0	0	0	0	1	0	0	0	0	0	0	0	
63	0	0	0	0	1	1	0	1	1	1	1	0	1	
;
param p:=
1	3
2	3
3	3
4	3
5	3
6	3
7	3
8	3
9	3
;
param G:=
64	87
65	79
66	87
67	76
68	87
69	96
70	95
71	84
72	91
73	98
74	99
75	94
76	82
;
param s:=
0	0
1	10
2	10
3	10
4	10
5	10
6	10
7	10
8	10
9	10
10	10
11	10
12	10
13	10
14	10
15	10
16	10
17	10
18	10
19	10
20	10
21	10
43	10
44	10
45	10
46	10
47	10
48	10
49	10
50	10
51	10
52	10
53	10
54	10
55	10
56	10
57	10
58	10
59	10
60	10
61	10
62	10
63	10
64	10
65	10
66	10
67	10
68	10
69	10
70	10
71	10
72	10
73	10
74	10
75	10
76	10
;
param t:
	0	1	2	3	4	5	6	7	8	9	10	11	12	13	14	15	16	17	18	19	20	21	22	23	24	25	26	27	28	29	30	31	32	33	34	35	36	37	38	39	40	41	42	43	44	45	46	47	48	49	50	51	52	53	54	55	56	57	58	59	60	61	62	63	64	65	66	67	68	69	70	71	72	73	74	75	76:=
0	0.0	5.66	12.81	43.86	35.38	75.15	50.16	50.64	62.8	58.14	86.28	67.94	79.12	47.54	86.28	61.61	42.38	38.0	63.81	91.76	33.53	45.65	76.24	108.76	46.69	95.27	59.23	69.34	22.8	60.53	99.54	88.57	99.54	31.62	78.0	87.36	50.99	74.67	27.78	88.02	75.29	49.19	88.57	62.48	96.0	48.37	68.12	75.29	50.16	61.74	34.99	69.43	59.67	21.63	57.69	29.73	22.63	87.82	77.67	31.24	76.0	49.52	70.68	48.7	21.38	93.01	63.63	74.22	52.48	48.05	85.87	39.2	59.94	43.42	67.54	25.96	55.58
1	5.66	0.0	13.42	38.21	29.73	73.43	46.0	46.17	58.31	56.6	80.62	62.29	74.22	44.94	80.62	56.89	37.36	34.23	58.31	89.2	28.64	40.25	72.03	103.25	42.19	89.64	54.59	63.81	17.2	56.14	94.34	83.26	94.34	26.08	72.8	82.46	46.39	69.57	29.73	84.02	70.34	47.71	85.16	56.85	92.09	42.94	64.0	72.8	46.0	56.46	34.06	63.78	54.04	16.12	52.15	24.74	23.32	82.37	74.73	32.25	72.11	43.86	68.96	43.68	25.0	87.42	58.18	71.47	47.01	45.22	81.02	35.9	54.56	40.26	62.17	23.71	51.16
2	12.81	13.42	0.0	44.72	35.78	62.77	58.31	43.08	70.0	45.69	85.6	67.2	72.5	36.22	86.02	54.63	48.17	29.12	66.48	80.05	28.43	42.43	67.47	105.26	39.4	93.38	52.0	71.69	26.31	52.5	94.02	83.76	94.02	30.53	72.72	80.62	43.86	68.96	16.49	78.64	68.88	36.77	78.03	63.53	86.37	45.25	59.23	63.56	41.76	65.97	22.36	68.41	60.83	26.08	55.17	25.46	10.0	84.02	66.48	18.87	66.48	50.12	58.31	43.27	14.32	90.52	66.73	62.8	49.5	37.05	78.92	29.27	56.08	33.06	63.41	15.03	47.76
3	43.86	38.21	44.72	0.0	8.94	74.43	31.62	31.24	36.06	62.03	42.52	24.41	47.07	46.82	42.43	34.99	17.89	32.98	22.36	82.02	22.09	14.14	52.84	67.23	28.84	52.15	34.41	27.2	21.26	38.42	62.29	50.36	62.29	14.56	42.05	54.59	29.73	40.45	58.24	65.3	43.17	55.79	71.61	18.87	73.35	14.42	47.2	68.41	34.41	24.33	50.0	26.08	16.12	22.8	18.0	22.09	50.0	47.54	66.48	56.89	56.04	5.66	70.71	22.63	59.03	50.54	23.09	65.3	15.81	45.31	53.94	37.11	23.35	40.16	30.02	39.32	34.66
4	35.38	29.73	35.78	8.94	0.0	70.0	34.06	28.84	41.23	56.36	50.91	32.56	50.04	41.18	50.99	35.44	20.0	26.83	31.05	79.65	15.23	14.14	53.14	74.24	25.61	60.0	34.18	36.06	13.42	37.58	67.47	55.79	67.47	6.0	46.39	58.0	27.78	44.05	49.48	65.79	46.04	49.4	70.71	27.78	74.0	16.0	46.52	65.05	31.24	32.0	42.19	34.06	25.06	15.23	23.41	14.14	41.23	53.85	64.03	48.37	55.46	14.42	66.03	21.54	50.09	57.98	31.58	62.29	19.24	39.96	57.04	30.87	27.29	34.48	34.71	31.02	33.12
5	75.15	73.43	62.77	74.43	70.0	0.0	104.02	43.86	110.45	17.09	92.2	80.05	54.59	29.73	94.34	46.69	90.0	43.86	92.48	20.88	55.32	60.83	38.83	93.15	45.65	92.2	45.12	94.87	73.59	40.79	74.0	71.02	74.0	65.3	62.13	58.24	45.69	58.03	54.59	39.45	54.15	26.0	29.73	84.76	42.52	61.74	36.0	10.77	40.25	97.51	40.5	79.62	83.57	75.07	67.05	58.0	54.41	76.42	17.89	48.66	32.98	76.03	4.47	52.8	64.94	87.28	94.15	14.56	63.32	30.41	56.04	40.31	61.85	36.07	63.51	49.74	42.06
6	50.16	46.0	58.31	31.62	34.06	104.02	0.0	62.29	13.42	89.89	58.86	46.17	77.25	74.89	57.27	66.57	14.14	60.46	30.27	113.28	48.83	45.61	84.38	88.36	59.4	70.71	66.03	34.93	33.53	70.0	88.81	76.94	88.81	38.83	70.88	84.12	60.96	70.23	74.67	96.75	73.54	82.37	103.23	36.06	104.71	46.04	78.82	99.04	65.05	22.8	72.8	48.17	34.23	32.98	47.54	46.65	67.08	72.25	97.67	75.71	87.66	33.11	100.0	54.04	71.0	71.18	28.44	96.17	47.01	73.82	83.82	64.35	53.71	68.24	59.14	60.75	66.07
7	50.64	46.17	43.08	31.24	28.84	43.86	62.29	0.0	67.2	34.06	53.37	38.0	29.53	20.4	54.92	11.66	48.17	14.42	48.7	50.99	18.11	17.2	26.08	65.3	4.0	57.27	8.94	51.42	37.36	10.0	51.61	42.43	51.61	26.0	31.11	37.58	2.0	26.91	48.17	38.47	26.08	30.59	42.05	41.23	46.69	17.89	18.44	37.2	4.0	53.67	32.8	38.05	39.85	39.29	24.08	22.09	41.62	44.41	35.38	43.86	27.2	32.25	40.5	8.94	54.38	53.24	50.33	34.06	19.65	18.25	35.85	16.28	20.22	15.65	25.08	29.15	5.0
8	62.8	58.31	70.0	36.06	41.23	110.45	13.42	67.2	0.0	97.51	52.04	43.08	77.18	82.29	50.0	69.31	22.36	68.03	25.3	117.59	56.46	50.0	86.56	82.1	64.9	64.03	69.31	28.28	44.18	73.59	85.44	74.0	85.44	46.82	69.77	83.19	65.6	69.97	86.09	98.41	73.78	90.62	106.15	33.11	106.02	49.68	82.02	104.4	70.46	17.09	82.46	44.94	32.25	44.05	48.41	55.03	78.23	68.41	102.18	86.58	90.55	35.38	106.68	58.41	83.22	65.38	23.09	101.21	49.5	80.95	83.24	72.09	54.82	75.58	58.83	70.61	70.29
9	58.14	56.6	45.69	62.03	56.36	17.09	89.89	34.06	97.51	0.0	86.58	72.03	53.67	15.23	88.36	40.79	76.16	29.53	82.0	36.0	41.18	49.48	40.0	93.04	34.53	88.77	38.47	85.16	58.14	34.93	75.47	69.86	75.47	51.11	59.46	59.36	36.06	55.03	38.05	45.61	52.0	8.94	39.4	74.97	51.11	50.99	34.0	20.4	30.07	86.02	23.41	72.0	73.35	59.46	58.14	43.27	37.36	74.0	26.0	32.06	35.38	64.56	12.65	42.43	48.26	84.2	83.43	21.54	53.46	16.76	57.14	25.55	54.01	21.93	57.56	33.02	34.13
10	86.28	80.62	85.6	42.52	50.91	92.2	58.86	53.37	52.04	86.58	0.0	18.44	40.5	73.76	2.83	46.04	52.0	64.62	28.64	89.84	58.31	43.91	55.79	30.07	54.41	12.0	48.17	24.08	63.78	52.04	37.2	28.43	37.2	55.32	31.62	42.19	51.42	34.93	96.75	63.56	39.29	83.95	74.67	25.06	68.96	41.18	56.32	82.61	57.27	36.22	84.31	17.2	27.78	65.3	31.3	60.46	88.84	21.26	77.28	93.91	61.61	36.88	90.02	46.82	99.62	13.93	30.41	78.64	37.12	71.59	43.42	68.01	33.24	68.68	29.07	76.54	52.47
11	67.94	62.29	67.2	24.41	32.56	80.05	46.17	38.0	43.08	72.03	18.44	0.0	35.38	58.14	18.87	33.53	36.5	47.54	17.89	81.41	40.25	26.0	47.71	43.68	38.21	27.78	34.93	16.97	45.61	39.29	42.76	31.05	42.76	36.88	27.2	40.5	36.0	28.28	78.71	58.14	32.56	68.26	67.68	10.2	65.05	23.41	45.69	71.47	42.0	26.0	67.05	2.0	12.0	47.2	14.14	42.19	70.71	26.08	67.23	76.16	52.84	18.87	77.28	30.27	81.27	26.57	20.12	67.68	19.65	56.08	40.8	51.2	18.25	52.47	18.03	58.6	38.33
12	79.12	74.22	72.5	47.07	50.04	54.59	77.25	29.53	77.18	53.67	40.5	35.38	0.0	45.34	43.08	17.89	64.56	43.91	52.8	49.48	45.61	36.0	16.0	39.4	33.11	38.05	20.59	52.35	62.13	21.26	22.63	16.49	22.63	50.16	8.94	8.25	28.64	7.21	77.2	23.32	4.0	54.41	34.18	44.41	29.73	34.06	19.7	44.18	31.62	60.46	60.96	33.94	44.94	64.12	29.73	49.48	71.02	22.0	38.0	72.47	22.0	44.27	53.37	30.59	83.86	33.02	55.0	40.2	31.4	43.19	7.0	45.22	23.77	43.28	18.36	58.67	25.24
13	47.54	44.94	36.22	46.82	41.18	29.73	74.89	20.4	82.29	15.23	73.76	58.14	45.34	0.0	75.31	29.53	61.06	14.42	67.08	44.27	26.08	34.53	34.99	83.76	20.0	77.25	26.83	70.46	43.86	24.41	67.94	60.46	67.94	36.06	49.4	52.35	22.36	44.94	34.18	44.27	42.8	10.2	42.05	60.3	51.42	36.22	27.2	27.86	16.49	70.88	17.09	58.31	58.55	45.34	44.05	28.43	30.27	63.53	30.27	28.64	32.31	49.48	25.46	28.0	42.95	73.01	68.45	26.68	39.01	2.24	50.25	10.63	40.61	6.71	45.22	21.59	21.93
14	86.28	80.62	86.02	42.43	50.99	94.34	57.27	54.92	50.0	88.36	2.83	18.87	43.08	75.31	0.0	48.0	50.99	65.79	27.2	92.35	59.06	44.72	58.24	32.25	55.79	14.14	50.04	22.36	63.66	54.0	40.0	31.24	40.0	55.61	34.18	44.94	52.95	37.36	97.53	66.21	41.76	85.51	77.25	24.41	71.69	42.05	58.55	84.85	58.86	34.53	85.44	17.89	27.2	65.12	32.31	61.06	89.55	24.08	79.62	94.85	64.03	36.77	92.09	48.08	100.12	16.55	28.86	80.89	38.08	73.16	46.14	69.26	34.71	70.09	31.0	77.37	54.23
15	61.61	56.89	54.63	34.99	35.44	46.69	66.57	11.66	69.31	40.79	46.04	33.53	17.89	29.53	48.0	0.0	52.84	26.08	47.71	48.83	28.28	21.54	17.89	54.41	15.23	48.08	2.83	49.19	46.17	6.0	40.0	31.24	40.0	34.23	20.0	26.0	10.77	15.62	59.67	30.46	14.42	39.4	36.88	39.45	38.63	20.59	12.81	37.95	14.14	54.04	43.86	32.98	38.83	48.17	21.63	32.25	53.25	34.0	34.0	55.17	21.26	34.06	44.18	14.14	66.04	43.66	49.65	34.18	19.85	27.29	24.35	27.66	15.65	26.25	17.0	40.82	7.81
16	42.38	37.36	48.17	17.89	20.0	90.0	14.14	48.17	22.36	76.16	52.0	36.5	64.56	61.06	50.99	52.84	0.0	46.65	24.41	99.16	34.99	31.62	70.71	80.05	45.25	63.25	52.15	30.0	22.0	56.04	78.03	66.03	78.03	25.06	58.86	71.81	46.86	57.72	64.0	83.19	60.73	68.88	89.31	27.2	91.24	32.25	64.9	84.9	50.91	20.0	60.17	38.47	24.74	22.09	34.93	33.11	56.04	62.13	83.55	64.28	73.78	20.4	86.02	40.0	61.81	62.82	23.43	82.02	33.62	59.91	71.31	50.61	40.8	54.38	46.87	48.27	52.01
17	38.0	34.23	29.12	32.98	26.83	43.86	60.46	14.42	68.03	29.53	64.62	47.54	43.91	14.42	65.79	26.08	46.65	0.0	54.15	56.36	11.66	22.09	38.47	79.25	11.31	69.97	23.32	58.0	30.0	23.41	66.03	56.64	66.03	21.63	45.34	51.88	15.62	41.23	33.94	50.04	40.5	22.8	50.99	48.04	58.0	24.33	30.27	40.5	12.65	57.27	19.7	48.08	46.0	31.62	33.53	14.14	27.2	58.14	41.23	30.0	38.0	36.22	39.7	17.89	39.96	66.29	55.33	38.47	27.89	13.45	50.09	4.12	31.76	7.81	38.01	14.76	18.79
18	63.81	58.31	66.48	22.36	31.05	92.48	30.27	48.7	25.3	82.0	28.64	17.89	52.8	67.08	27.2	47.71	24.41	54.15	0.0	96.52	44.05	32.56	63.78	58.14	47.54	40.45	48.37	5.66	41.18	52.84	60.17	48.7	60.17	36.88	44.94	58.31	46.82	45.61	80.52	74.97	49.68	76.66	83.74	8.49	82.22	31.05	60.46	84.97	52.5	8.25	72.11	19.7	8.94	42.19	26.08	44.41	72.28	43.17	81.63	79.25	68.41	18.0	89.2	39.85	80.78	41.01	2.24	81.41	29.15	65.31	58.52	58.22	32.2	60.67	34.71	61.66	50.57
19	91.76	89.2	80.05	82.02	79.65	20.88	113.28	50.99	117.59	36.0	89.84	81.41	49.48	44.27	92.35	48.83	99.16	56.36	96.52	0.0	66.57	67.88	34.18	84.1	54.04	87.13	48.41	97.75	86.09	44.05	64.12	64.5	64.12	76.03	58.24	50.16	52.35	55.03	74.03	28.0	50.6	44.18	16.0	88.2	27.2	67.94	36.06	16.49	48.41	102.8	58.55	80.5	87.66	87.82	70.46	69.97	72.69	71.02	15.62	68.03	28.64	82.22	24.33	59.4	84.15	82.04	98.47	17.89	68.25	44.01	48.26	53.71	64.35	49.24	63.51	65.8	47.38
20	33.53	28.64	28.43	22.09	15.23	55.32	48.83	18.11	56.46	41.18	58.31	40.25	45.61	26.08	59.06	28.28	34.99	11.66	44.05	66.57	0.0	14.42	44.18	76.84	14.14	65.3	26.08	48.37	19.7	28.07	66.21	55.57	66.21	10.0	44.72	53.85	18.0	41.23	38.47	56.57	41.76	34.18	59.46	38.83	64.78	17.2	36.5	51.22	18.97	46.39	28.07	41.18	36.5	21.54	27.2	4.0	30.53	55.61	51.11	36.06	45.12	26.08	51.22	15.23	41.77	62.24	45.0	48.83	21.4	25.0	52.39	15.65	27.66	19.42	35.0	18.38	23.09
21	45.65	40.25	42.43	14.14	14.14	60.83	45.61	17.2	50.0	49.48	43.91	26.0	36.0	34.53	44.72	21.54	31.62	22.09	32.56	67.88	14.42	0.0	39.4	63.25	15.23	50.99	20.59	36.06	26.31	24.41	54.41	43.08	54.41	14.56	32.98	44.05	15.62	30.27	52.84	52.0	32.0	44.18	57.69	26.0	60.17	2.83	33.29	54.41	20.59	36.77	41.23	26.83	24.08	28.28	12.81	16.97	44.94	42.19	52.35	50.16	42.19	15.23	57.27	8.49	56.08	48.1	33.96	51.22	7.07	32.76	43.0	26.02	14.32	28.16	21.93	32.65	20.52
22	76.24	72.03	67.47	52.84	53.14	38.83	84.38	26.08	86.56	40.0	55.79	47.71	16.0	34.99	58.24	17.89	70.71	38.47	63.78	34.18	44.18	39.4	0.0	54.41	30.07	54.04	18.97	64.4	63.15	16.12	35.78	32.25	35.78	51.42	24.33	19.7	26.31	20.88	68.88	12.65	16.49	42.52	20.0	55.32	20.88	38.47	8.25	28.28	26.08	70.71	51.88	46.65	55.17	65.12	38.21	48.17	63.91	38.0	22.0	63.53	6.0	51.61	37.95	31.62	76.9	49.01	65.86	24.33	37.44	33.12	17.46	38.33	31.83	35.11	29.68	52.63	21.1
23	108.76	103.25	105.26	67.23	74.24	93.15	88.36	65.3	82.1	93.04	30.07	43.68	39.4	83.76	32.25	54.41	80.05	79.25	58.14	84.1	76.84	63.25	54.41	0.0	67.94	18.11	57.2	54.0	87.66	59.36	20.0	23.32	20.0	77.18	34.41	34.93	63.78	38.83	113.17	56.14	41.18	93.3	68.12	52.95	58.14	60.46	59.09	82.46	68.41	66.03	98.08	41.76	55.32	89.44	51.11	80.0	106.08	21.26	75.71	109.12	60.17	62.03	92.35	62.29	118.26	17.26	60.07	78.59	56.3	81.54	37.11	81.57	49.2	80.6	41.87	93.35	62.2
24	46.69	42.19	39.4	28.84	25.61	45.65	59.4	4.0	64.9	34.53	54.41	38.21	33.11	20.0	55.79	15.23	45.25	11.31	47.54	54.04	14.14	15.23	30.07	67.94	0.0	59.06	12.65	50.64	33.53	14.0	54.92	45.34	54.92	22.36	34.06	41.23	4.47	30.0	45.25	42.43	29.53	30.07	45.69	40.45	50.64	16.49	22.36	39.7	5.66	52.0	30.53	38.47	38.83	35.44	24.08	18.11	38.42	46.86	38.42	41.23	31.05	30.46	42.05	8.0	51.04	55.23	49.04	36.77	19.03	18.03	39.56	13.89	21.19	14.32	26.93	25.81	9.0
25	95.27	89.64	93.38	52.15	60.0	92.2	70.71	57.27	64.03	88.77	12.0	27.78	38.05	77.25	14.14	48.08	63.25	69.97	40.45	87.13	65.3	50.99	54.04	18.11	59.06	0.0	50.6	36.06	73.24	53.85	28.43	22.8	28.43	63.78	30.07	37.36	55.46	34.23	103.23	59.67	38.05	87.32	71.39	36.06	63.91	48.17	56.32	82.02	60.93	48.17	89.55	26.08	38.63	74.89	38.21	67.94	95.6	16.12	76.03	99.86	60.03	46.65	90.55	52.15	107.06	5.1	42.3	78.03	43.93	75.03	39.05	72.95	38.28	72.92	32.2	83.01	55.36
26	59.23	54.59	52.0	34.41	34.18	45.12	66.03	8.94	69.31	38.47	48.17	34.93	20.59	26.83	50.04	2.83	52.15	23.32	48.37	48.41	26.08	20.59	18.97	57.2	12.65	50.6	0.0	50.16	44.41	4.47	42.8	34.06	42.8	32.56	22.8	28.64	8.25	18.44	56.85	31.62	17.2	36.77	37.2	40.25	39.85	20.0	12.81	36.77	11.31	54.41	41.04	34.53	39.45	46.39	22.36	30.07	50.48	36.72	33.29	52.35	21.63	33.94	42.43	12.65	63.29	46.24	50.25	33.11	19.85	24.6	26.93	24.84	16.76	23.43	19.1	38.08	5.0
27	69.34	63.81	71.69	27.2	36.06	94.87	34.93	51.42	28.28	85.16	24.08	16.97	52.35	70.46	22.36	49.19	30.0	58.0	5.66	97.75	48.37	36.06	64.4	54.0	50.64	36.06	50.16	0.0	46.65	54.63	57.58	46.52	57.58	41.76	44.05	57.2	49.48	45.25	85.44	75.07	49.52	80.22	84.4	10.2	82.02	34.23	61.77	86.93	55.32	12.17	76.42	18.44	12.0	47.71	27.86	49.03	77.2	40.5	83.19	83.95	69.34	22.36	91.76	42.76	86.01	37.12	6.71	83.26	31.78	68.59	57.63	62.01	33.54	64.2	34.83	66.29	52.81
28	22.8	17.2	26.31	21.26	13.42	73.59	33.53	37.36	44.18	58.14	63.78	45.61	62.13	43.86	63.66	46.17	22.0	30.0	41.18	86.09	19.7	26.31	63.15	87.66	33.53	73.24	44.41	46.65	0.0	47.07	80.52	68.96	80.52	12.0	59.23	70.26	36.88	56.57	42.0	75.71	58.14	50.0	79.12	39.7	83.95	28.64	55.79	70.46	38.63	39.85	39.4	47.2	36.88	2.0	36.77	16.12	34.06	67.23	70.71	42.43	64.56	26.91	69.31	32.06	40.26	71.34	41.15	68.26	32.28	43.28	69.12	33.3	40.26	37.64	47.8	27.31	42.2
29	60.53	56.14	52.5	38.42	37.58	40.79	70.0	10.0	73.59	34.93	52.04	39.29	21.26	24.41	54.0	6.0	56.04	23.41	52.84	44.05	28.07	24.41	16.12	59.36	14.0	53.85	4.47	54.63	47.07	0.0	43.86	36.06	43.86	35.44	25.06	28.84	10.2	20.59	56.04	28.64	18.44	34.0	33.29	44.72	36.88	24.08	8.94	32.31	10.77	58.82	39.7	38.83	43.91	49.03	26.83	32.06	50.12	39.4	28.84	51.22	17.89	38.21	38.21	16.12	63.06	49.34	54.71	28.64	24.21	22.2	26.93	24.19	21.19	22.02	23.0	38.08	5.0
30	99.54	94.34	94.02	62.29	67.47	74.0	88.81	51.61	85.44	75.47	37.2	42.76	22.63	67.94	40.0	40.0	78.03	66.03	60.17	64.12	66.21	54.41	35.78	20.0	54.92	28.43	42.8	57.58	80.52	43.86	0.0	12.0	0.0	68.96	21.54	16.12	50.48	25.06	99.64	36.22	25.61	76.84	48.17	52.95	38.21	51.92	41.62	63.25	54.04	68.41	83.55	40.79	54.59	82.46	44.41	69.86	93.23	17.09	56.32	95.02	41.23	58.03	73.54	50.99	105.95	24.04	62.36	59.46	48.27	65.8	18.36	67.62	40.26	65.86	32.76	80.71	47.63
31	88.57	83.26	83.76	50.36	55.79	71.02	76.94	42.43	74.0	69.86	28.43	31.05	16.49	60.46	31.24	31.24	66.03	56.64	48.7	64.5	55.57	43.08	32.25	23.32	45.34	22.8	34.06	46.52	68.96	36.06	12.0	0.0	12.0	57.58	11.31	14.56	41.04	15.62	90.55	36.88	17.89	69.97	48.66	41.23	41.23	40.5	36.06	60.53	45.34	56.92	75.07	29.12	42.76	70.88	32.56	59.06	83.74	7.21	54.15	86.28	38.21	46.04	69.86	40.5	96.21	17.72	50.92	56.57	36.69	58.25	16.28	58.69	28.79	57.49	21.19	71.06	39.05
32	99.54	94.34	94.02	62.29	67.47	74.0	88.81	51.61	85.44	75.47	37.2	42.76	22.63	67.94	40.0	40.0	78.03	66.03	60.17	64.12	66.21	54.41	35.78	20.0	54.92	28.43	42.8	57.58	80.52	43.86	0.0	12.0	0.0	68.96	21.54	16.12	50.48	25.06	99.64	36.22	25.61	76.84	48.17	52.95	38.21	51.92	41.62	63.25	54.04	68.41	83.55	40.79	54.59	82.46	44.41	69.86	93.23	17.09	56.32	95.02	41.23	58.03	73.54	50.99	105.95	24.04	62.36	59.46	48.27	65.8	18.36	67.62	40.26	65.86	32.76	80.71	47.63
33	31.62	26.08	30.53	14.56	6.0	65.3	38.83	26.0	46.82	51.11	55.32	36.88	50.16	36.06	55.61	34.23	25.06	21.63	36.88	76.03	10.0	14.56	51.42	77.18	22.36	63.78	32.56	41.76	12.0	35.44	68.96	57.58	68.96	0.0	47.54	58.31	25.3	44.72	43.68	64.03	46.17	43.86	68.03	33.11	72.28	17.09	44.27	60.96	27.78	38.0	36.22	38.21	30.46	14.0	26.08	8.25	35.44	56.36	60.46	42.43	53.14	19.7	61.22	20.1	44.78	61.4	37.48	58.41	21.02	35.0	57.14	25.55	28.79	29.41	36.4	25.02	30.68
34	78.0	72.8	72.72	42.05	46.39	62.13	70.88	31.11	69.77	59.46	31.62	27.2	8.94	49.4	34.18	20.0	58.86	45.34	44.94	58.24	44.72	32.98	24.33	34.41	34.06	30.07	22.8	44.05	59.23	25.06	21.54	11.31	21.54	47.54	0.0	13.42	29.73	4.47	79.25	32.25	8.0	59.06	43.08	36.72	38.42	30.59	26.31	52.0	34.06	52.84	63.78	25.61	37.58	61.19	24.08	48.33	72.47	14.56	46.17	74.97	30.27	38.47	60.53	29.53	85.0	25.18	47.17	48.0	27.17	47.17	13.6	47.38	19.1	46.23	12.04	59.82	27.8
35	87.36	82.46	80.62	54.59	58.0	58.24	84.12	37.58	83.19	59.36	42.19	40.5	8.25	52.35	44.94	26.0	71.81	51.88	58.31	50.16	53.85	44.05	19.7	34.93	41.23	37.36	28.64	57.2	70.26	28.84	16.12	14.56	16.12	58.31	13.42	0.0	36.77	14.14	84.88	22.36	12.17	60.96	34.23	50.12	26.83	42.0	25.61	47.54	39.45	66.24	68.41	38.83	50.99	72.25	36.88	57.72	78.89	21.54	40.79	80.0	25.3	51.42	57.58	38.83	91.79	32.28	60.54	43.68	39.12	50.25	2.24	53.0	31.26	50.8	25.0	66.65	33.12
36	50.99	46.39	43.86	29.73	27.78	45.69	60.96	2.0	65.6	36.06	51.42	36.0	28.64	22.36	52.95	10.77	46.86	15.62	46.82	52.35	18.0	15.62	26.31	63.78	4.47	55.46	8.25	49.48	36.88	10.2	50.48	41.04	50.48	25.3	29.73	36.77	0.0	25.61	49.52	38.83	25.06	32.56	42.94	39.29	47.07	16.12	18.97	38.83	6.0	51.88	34.41	36.06	37.95	38.83	22.09	22.0	42.8	42.8	36.77	45.34	27.86	30.53	42.38	7.21	55.47	51.48	48.47	35.61	17.72	20.22	35.11	17.8	18.25	17.46	23.26	30.23	5.39
37	74.67	69.57	68.96	40.45	44.05	58.03	70.23	26.91	69.97	55.03	34.93	28.28	7.21	44.94	37.36	15.62	57.72	41.23	45.61	55.03	41.23	30.27	20.88	38.83	30.0	34.23	18.44	45.25	56.57	20.59	25.06	15.62	25.06	44.72	4.47	14.14	25.61	0.0	75.07	30.0	4.47	54.59	40.25	37.2	36.77	28.07	22.09	48.04	29.73	53.25	59.46	26.91	37.74	58.55	22.8	44.94	68.41	18.97	42.43	70.71	26.68	37.36	56.32	26.0	81.02	29.43	47.8	44.05	25.02	42.72	13.6	43.14	17.12	41.87	11.18	55.8	23.43
38	27.78	29.73	16.49	58.24	49.48	54.59	74.67	48.17	86.09	38.05	96.75	78.71	77.2	34.18	97.53	59.67	64.0	33.94	80.52	74.03	38.47	52.84	68.88	113.17	45.25	103.23	56.85	85.44	42.0	56.04	99.64	90.55	99.64	43.68	79.25	84.88	49.52	75.07	0.0	78.43	74.03	30.07	75.31	76.55	85.44	55.57	60.83	58.03	45.61	80.89	17.09	79.65	74.0	42.05	65.51	36.77	8.25	92.02	62.51	6.0	66.48	63.25	50.36	51.22	10.44	99.81	81.02	58.31	59.68	35.85	82.93	32.02	65.0	34.13	71.7	20.25	52.01
39	88.02	84.02	78.64	65.3	65.79	39.45	96.75	38.47	98.41	45.61	63.56	58.14	23.32	44.27	66.21	30.46	83.19	50.04	74.97	28.0	56.57	52.0	12.65	56.14	42.43	59.67	31.62	75.07	75.71	28.64	36.22	36.88	36.22	64.03	32.25	22.36	38.83	30.0	78.43	0.0	25.61	50.12	12.0	66.48	8.25	50.99	20.1	28.84	38.05	82.22	61.35	56.85	66.6	77.67	50.0	60.53	74.22	43.68	21.63	72.8	12.17	63.81	40.0	44.27	87.09	54.57	77.1	25.61	49.74	42.72	20.62	49.37	43.6	45.71	40.31	63.64	33.54
40	75.29	70.34	68.88	43.17	46.04	54.15	73.54	26.08	73.78	52.0	39.29	32.56	4.0	42.8	41.76	14.42	60.73	40.5	49.68	50.6	41.76	32.0	16.49	41.18	29.53	38.05	17.2	49.52	58.14	18.44	25.61	17.89	25.61	46.17	8.0	12.17	25.06	4.47	74.03	25.61	0.0	52.15	35.78	41.23	32.56	30.07	18.44	44.0	28.43	57.2	58.0	31.24	41.62	60.13	26.0	45.61	67.68	22.36	38.21	69.43	22.36	40.5	52.61	26.68	80.45	33.14	51.86	40.0	27.46	40.61	11.0	42.01	19.92	40.31	15.0	55.23	22.02
41	49.19	47.71	36.77	55.79	49.4	26.0	82.37	30.59	90.62	8.94	83.95	68.26	54.41	10.2	85.51	39.4	68.88	22.8	76.66	44.18	34.18	44.18	42.52	93.3	30.07	87.32	36.77	80.22	50.0	34.0	76.84	69.97	76.84	43.86	59.06	60.96	32.56	54.59	30.07	50.12	52.15	0.0	45.61	70.11	56.46	46.04	35.38	28.0	26.68	80.05	14.56	68.47	68.26	51.22	54.15	35.78	28.64	73.35	32.56	24.08	38.83	58.86	21.54	38.05	40.01	83.01	77.93	28.28	49.01	12.37	58.8	18.68	50.8	16.03	55.36	24.21	31.95
42	88.57	85.16	78.03	71.61	70.71	29.73	103.23	42.05	106.15	39.4	74.67	67.68	34.18	42.05	77.25	36.88	89.31	50.99	83.74	16.0	59.46	57.69	20.0	68.12	45.69	71.39	37.2	84.4	79.12	33.29	48.17	48.66	48.17	68.03	43.08	34.23	42.94	40.25	75.31	12.0	35.78	45.61	0.0	75.29	12.81	57.2	24.41	20.0	40.5	90.55	58.55	66.57	75.07	80.99	58.0	63.25	72.25	55.32	13.42	69.43	15.62	70.94	31.24	49.4	84.72	66.29	85.8	17.89	56.73	41.0	32.39	49.37	51.66	45.18	49.65	63.07	37.59
43	62.48	56.85	63.53	18.87	27.78	84.76	36.06	41.23	33.11	74.97	25.06	10.2	44.41	60.3	24.41	39.45	27.2	48.04	8.49	88.2	38.83	26.0	55.32	52.95	40.45	36.06	40.25	10.2	39.7	44.72	52.95	41.23	52.95	33.11	36.72	50.12	39.29	37.2	76.55	66.48	41.23	70.11	75.29	0.0	73.76	24.08	52.15	76.97	45.12	16.12	66.75	12.17	2.83	41.04	17.89	39.85	68.35	36.22	73.43	74.73	60.0	13.42	81.61	32.56	77.83	35.69	10.63	73.35	21.59	58.42	50.25	52.01	23.85	54.08	26.25	57.01	42.72
44	96.0	92.09	86.37	73.35	74.0	42.52	104.71	46.69	106.02	51.11	68.96	65.05	29.73	51.42	71.69	38.63	91.24	58.0	82.22	27.2	64.78	60.17	20.88	58.14	50.64	63.91	39.85	82.02	83.95	36.88	38.21	41.23	38.21	72.28	38.42	26.83	47.07	36.77	85.44	8.25	32.56	56.46	12.81	73.76	0.0	59.09	28.28	32.56	46.17	89.64	68.41	63.66	74.03	85.91	57.69	68.73	81.58	48.33	25.61	79.7	20.0	71.69	43.86	52.5	94.37	58.87	84.39	30.0	57.71	50.01	25.55	57.14	51.31	53.34	47.51	71.34	41.77
45	48.37	42.94	45.25	14.42	16.0	61.74	46.04	17.89	49.68	50.99	41.18	23.41	34.06	36.22	42.05	20.59	32.25	24.33	31.05	67.94	17.2	2.83	38.47	60.46	16.49	48.17	20.0	34.23	28.64	24.08	51.92	40.5	51.92	17.09	30.59	42.0	16.12	28.07	55.57	50.99	30.07	46.04	57.2	24.08	59.09	0.0	32.8	54.92	21.54	35.78	43.68	24.17	22.36	30.59	10.0	19.8	47.71	39.45	52.5	52.8	41.62	14.42	58.31	8.94	58.9	45.28	32.57	51.61	4.24	34.37	41.05	28.16	11.7	30.02	19.31	35.36	20.62
46	68.12	64.0	59.23	47.2	46.52	36.0	78.82	18.44	82.02	34.0	56.32	45.69	19.7	27.2	58.55	12.81	64.9	30.27	60.46	36.06	36.5	33.29	8.25	59.09	22.36	56.32	12.81	61.77	55.79	8.94	41.62	36.06	41.62	44.27	26.31	25.61	18.97	22.09	60.83	20.1	18.44	35.38	24.41	52.15	28.28	32.8	0.0	26.31	18.0	66.84	43.91	44.94	51.61	57.72	34.41	40.45	55.71	40.79	21.54	55.57	8.94	46.69	34.23	25.06	68.71	51.48	62.43	22.36	32.53	25.24	23.43	30.08	28.3	26.93	28.16	44.38	13.6
47	75.29	72.8	63.56	68.41	65.05	10.77	99.04	37.2	104.4	20.4	82.61	71.47	44.18	27.86	84.85	37.95	84.9	40.5	84.97	16.49	51.22	54.41	28.28	82.46	39.7	82.02	36.77	86.93	70.46	32.31	63.25	60.53	63.25	60.96	52.0	47.54	38.83	48.04	58.03	28.84	44.0	28.0	20.0	76.97	32.56	54.92	26.31	0.0	34.06	90.55	42.19	70.88	76.03	72.11	59.09	54.41	56.32	66.12	7.21	52.04	22.36	69.34	11.31	46.04	68.01	77.06	86.77	4.0	55.95	27.73	45.35	37.59	53.49	33.12	54.34	49.34	34.48
48	50.16	46.0	41.76	34.41	31.24	40.25	65.05	4.0	70.46	30.07	57.27	42.0	31.62	16.49	58.86	14.14	50.91	12.65	52.5	48.41	18.97	20.59	26.08	68.41	5.66	60.93	11.31	55.32	38.63	10.77	54.04	45.34	54.04	27.78	34.06	39.45	6.0	29.73	45.61	38.05	28.43	26.68	40.5	45.12	46.17	21.54	18.0	34.06	0.0	57.27	29.73	42.05	43.68	40.5	28.07	22.8	39.45	47.71	32.8	41.04	26.31	35.78	36.77	12.65	52.35	56.8	54.08	31.11	23.54	14.32	37.59	13.6	24.19	12.21	28.79	27.31	6.4
49	61.74	56.46	65.97	24.33	32.0	97.51	22.8	53.67	17.09	86.02	36.22	26.0	60.46	70.88	34.53	54.04	20.0	57.27	8.25	102.8	46.39	36.77	70.71	66.03	52.0	48.17	54.41	12.17	39.85	58.82	68.41	56.92	68.41	38.0	52.84	66.24	51.88	53.25	80.89	82.22	57.2	80.05	90.55	16.12	89.64	35.78	66.84	90.55	57.27	0.0	74.11	27.86	15.62	40.5	32.56	46.04	72.69	51.42	87.66	80.22	75.07	21.54	94.02	44.72	80.08	49.01	6.08	87.13	34.67	69.26	66.37	61.39	38.9	64.29	42.2	63.01	56.08
50	34.99	34.06	22.36	50.0	42.19	40.5	72.8	32.8	82.46	23.41	84.31	67.05	60.96	17.09	85.44	43.86	60.17	19.7	72.11	58.55	28.07	41.23	51.88	98.08	30.53	89.55	41.04	76.42	39.4	39.7	83.55	75.07	83.55	36.22	63.78	68.41	34.41	59.46	17.09	61.35	58.0	14.56	58.55	66.75	68.41	43.68	43.91	42.19	29.73	74.11	0.0	67.68	64.5	40.25	53.14	28.07	14.14	77.2	46.04	11.66	49.4	54.15	36.06	37.58	26.17	85.76	73.03	42.0	47.43	18.79	66.4	16.64	51.43	17.69	57.45	12.08	36.07
51	69.43	63.78	68.41	26.08	34.06	79.62	48.17	38.05	44.94	72.0	17.2	2.0	33.94	58.31	17.89	32.98	38.47	48.08	19.7	80.5	41.18	26.83	46.65	41.76	38.47	26.08	34.53	18.44	47.2	38.83	40.79	29.12	40.79	38.21	25.61	38.83	36.06	26.91	79.65	56.85	31.24	68.47	66.57	12.17	63.66	24.17	44.94	70.88	42.05	27.86	67.68	0.0	14.0	48.83	14.56	43.27	71.69	24.08	66.48	76.97	51.88	20.59	76.94	30.59	82.42	24.7	21.93	67.05	20.25	56.22	39.2	51.66	18.03	52.77	17.0	59.48	38.12
52	59.67	54.04	60.83	16.12	25.06	83.57	34.23	39.85	32.25	73.35	27.78	12.0	44.94	58.55	27.2	38.83	24.74	46.0	8.94	87.66	36.5	24.08	55.17	55.32	38.83	38.63	39.45	12.0	36.88	43.91	54.59	42.76	54.59	30.46	37.58	50.99	37.95	37.74	74.0	66.6	41.62	68.26	75.07	2.83	74.03	22.36	51.61	76.03	43.68	15.62	64.5	14.0	0.0	38.21	17.2	37.36	65.79	38.05	72.72	72.28	59.67	10.77	80.32	31.05	75.13	38.08	10.82	72.47	20.25	56.72	51.0	50.01	23.43	52.24	26.63	54.57	41.63
53	21.63	16.12	26.08	22.8	15.23	75.07	32.98	39.29	44.05	59.46	65.3	47.2	64.12	45.34	65.12	48.17	22.09	31.62	42.19	87.82	21.54	28.28	65.12	89.44	35.44	74.89	46.39	47.71	2.0	49.03	82.46	70.88	82.46	14.0	61.19	72.25	38.83	58.55	42.05	77.67	60.13	51.22	80.99	41.04	85.91	30.59	57.72	72.11	40.5	40.5	40.25	48.83	38.21	0.0	38.63	17.89	34.23	69.08	72.47	42.76	66.48	28.43	70.77	34.06	39.81	73.06	42.06	69.97	34.21	44.82	71.11	34.83	42.2	39.2	49.73	28.18	44.15
54	57.69	52.15	55.17	18.0	23.41	67.05	47.54	24.08	48.41	58.14	31.3	14.14	29.73	44.05	32.31	21.63	34.93	33.53	26.08	70.46	27.2	12.81	38.21	51.11	24.08	38.21	22.36	27.86	36.77	26.83	44.41	32.56	44.41	26.08	24.08	36.88	22.09	22.8	65.51	50.0	26.0	54.15	58.0	17.89	57.69	10.0	34.41	59.09	28.07	32.56	53.14	14.56	17.2	38.63	0.0	29.73	57.69	30.46	55.57	62.61	42.52	14.56	64.03	16.12	68.88	35.47	28.02	55.46	5.83	42.01	36.4	37.11	6.4	38.33	12.04	45.28	25.0
55	29.73	24.74	25.46	22.09	14.14	58.0	46.65	22.09	55.03	43.27	60.46	42.19	49.48	28.43	61.06	32.25	33.11	14.14	44.41	69.97	4.0	16.97	48.17	80.0	18.11	67.94	30.07	49.03	16.12	32.06	69.86	59.06	69.86	8.25	48.33	57.72	22.0	44.94	36.77	60.53	45.61	35.78	63.25	39.85	68.73	19.8	40.45	54.41	22.8	46.04	28.07	43.27	37.36	17.89	29.73	0.0	28.64	58.82	54.59	34.93	49.03	26.68	53.81	18.97	39.2	65.07	45.18	52.15	24.04	27.59	56.29	17.8	30.81	21.93	38.28	17.26	27.07
56	22.63	23.32	10.0	50.0	41.23	54.41	67.08	41.62	78.23	37.36	88.84	70.71	71.02	30.27	89.55	53.25	56.04	27.2	72.28	72.69	30.53	44.94	63.91	106.08	38.42	95.6	50.48	77.2	34.06	50.12	93.23	83.74	93.23	35.44	72.47	78.89	42.8	68.41	8.25	74.22	67.68	28.64	72.25	68.35	81.58	47.71	55.71	56.32	39.45	72.69	14.14	71.69	65.79	34.23	57.69	28.64	0.0	84.85	60.0	8.94	62.1	55.03	50.0	43.86	13.0	92.31	72.78	56.04	51.87	31.58	77.03	25.94	57.49	28.79	64.38	12.73	45.79
57	87.82	82.37	84.02	47.54	53.85	76.42	72.25	44.41	68.41	74.0	21.26	26.08	22.0	63.53	24.08	34.0	62.13	58.14	43.17	71.02	55.61	42.19	38.0	21.26	46.86	16.12	36.72	40.5	67.23	39.4	17.09	7.21	17.09	56.36	14.56	21.54	42.8	18.97	92.02	43.68	22.36	73.35	55.32	36.22	48.33	39.45	40.79	66.12	47.71	51.42	77.2	24.08	38.05	69.08	30.46	58.82	84.85	0.0	60.0	88.09	44.0	42.76	74.97	41.04	97.0	11.05	45.35	62.13	35.36	61.29	23.09	60.61	28.02	59.91	20.62	72.12	41.68
58	77.67	74.73	66.48	66.48	64.03	17.89	97.67	35.38	102.18	26.0	77.28	67.23	38.0	30.27	79.62	34.0	83.55	41.23	81.63	15.62	51.11	52.35	22.0	75.71	38.42	76.03	33.29	83.19	70.71	28.84	56.32	54.15	56.32	60.46	46.17	40.79	36.77	42.43	62.51	21.63	38.21	32.56	13.42	73.43	25.61	52.5	21.54	7.21	32.8	87.66	46.04	66.48	72.72	72.47	55.57	54.59	60.0	60.0	0.0	56.57	16.0	66.84	18.44	43.86	72.17	71.01	83.53	4.47	53.01	29.61	38.64	38.9	49.65	34.48	49.65	51.79	31.89
59	31.24	32.25	18.87	56.89	48.37	48.66	75.71	43.86	86.58	32.06	93.91	76.16	72.47	28.64	94.85	55.17	64.28	30.0	79.25	68.03	36.06	50.16	63.53	109.12	41.23	99.86	52.35	83.95	42.43	51.22	95.02	86.28	95.02	42.43	74.97	80.0	45.34	70.71	6.0	72.8	69.43	24.08	69.43	74.73	79.7	52.8	55.57	52.04	41.04	80.22	11.66	76.97	72.28	42.76	62.61	34.93	8.94	88.09	56.57	0.0	60.93	61.61	44.41	47.71	16.28	96.26	79.91	52.35	56.8	30.41	78.01	27.59	61.59	29.21	68.01	17.72	47.42
60	76.0	72.11	66.48	56.04	55.46	32.98	87.66	27.2	90.55	35.38	61.61	52.84	22.0	32.31	64.03	21.26	73.78	38.0	68.41	28.64	45.12	42.19	6.0	60.17	31.05	60.03	21.63	69.34	64.56	17.89	41.23	38.21	41.23	53.14	30.27	25.3	27.86	26.68	66.48	12.17	22.36	38.83	15.62	60.0	20.0	41.62	8.94	22.36	26.31	75.07	49.4	51.88	59.67	66.48	42.52	49.03	62.1	44.0	16.0	60.93	0.0	55.32	32.31	34.0	75.0	55.01	70.43	18.44	41.11	30.68	23.09	37.22	36.24	33.54	34.89	51.48	22.47
61	49.52	43.86	50.12	5.66	14.42	76.03	33.11	32.25	35.38	64.56	36.88	18.87	44.27	49.48	36.77	34.06	20.4	36.22	18.0	82.22	26.08	15.23	51.61	62.03	30.46	46.65	33.94	22.36	26.91	38.21	58.03	46.04	58.03	19.7	38.47	51.42	30.53	37.36	63.25	63.81	40.5	58.86	70.94	13.42	71.69	14.42	46.69	69.34	35.78	21.54	54.15	20.59	10.77	28.43	14.56	26.68	55.03	42.76	66.84	61.61	55.32	0.0	72.5	23.32	64.41	45.19	19.1	66.03	14.21	47.8	50.96	40.31	20.62	42.95	26.48	43.93	35.0
