set K:= 1	2	3	4	5	6	7	8	9;
set C_H:= 1	2	3	4	5	6	7	8	9	10	11	12	13	14	15	16	17	18	19	20;
set C_S:= 21	22	23	24	25	26	27	28	29	30	31	32	33	34	35	36	37	38	39	40;
set C_F:= 41	42	43	44	45	46	47	48	49	50	51	52	53	54	55	56	57	58	59	60;
set M:= 61	62	63	64	65	66;
set L_B:= 67	68	69	70	71	72	73	74	75;
set A1:=
(0,*) 1 2 3 4 5 6 7 8 9 10 11 12 13 14 15 16 17 18 19 20 41 42 43 44 45 46 47 48 49 50 51 52 53 54 55 56 57 58 59 60 61 62 63 64 65 66 67 68 69 70 71 72 73 74 75
(1,*) 0 2 3 4 5 6 7 8 9 10 11 12 13 14 15 16 17 18 19 20 41 42 43 44 45 46 47 48 49 50 51 52 53 54 55 56 57 58 59 60 61 62 63 64 65 66 67 68 69 70 71 72 73 74 75
(2,*) 0 1 3 4 5 6 7 8 9 10 11 12 13 14 15 16 17 18 19 20 41 42 43 44 45 46 47 48 49 50 51 52 53 54 55 56 57 58 59 60 61 62 63 64 65 66 67 68 69 70 71 72 73 74 75
(3,*) 0 1 2 4 5 6 7 8 9 10 11 12 13 14 15 16 17 18 19 20 41 42 43 44 45 46 47 48 49 50 51 52 53 54 55 56 57 58 59 60 61 62 63 64 65 66 67 68 69 70 71 72 73 74 75
(4,*) 0 1 2 3 5 6 7 8 9 10 11 12 13 14 15 16 17 18 19 20 41 42 43 44 45 46 47 48 49 50 51 52 53 54 55 56 57 58 59 60 61 62 63 64 65 66 67 68 69 70 71 72 73 74 75
(5,*) 0 1 2 3 4 6 7 8 9 10 11 12 13 14 15 16 17 18 19 20 41 42 43 44 45 46 47 48 49 50 51 52 53 54 55 56 57 58 59 60 61 62 63 64 65 66 67 68 69 70 71 72 73 74 75
(6,*) 0 1 2 3 4 5 7 8 9 10 11 12 13 14 15 16 17 18 19 20 41 42 43 44 45 46 47 48 49 50 51 52 53 54 55 56 57 58 59 60 61 62 63 64 65 66 67 68 69 70 71 72 73 74 75
(7,*) 0 1 2 3 4 5 6 8 9 10 11 12 13 14 15 16 17 18 19 20 41 42 43 44 45 46 47 48 49 50 51 52 53 54 55 56 57 58 59 60 61 62 63 64 65 66 67 68 69 70 71 72 73 74 75
(8,*) 0 1 2 3 4 5 6 7 9 10 11 12 13 14 15 16 17 18 19 20 41 42 43 44 45 46 47 48 49 50 51 52 53 54 55 56 57 58 59 60 61 62 63 64 65 66 67 68 69 70 71 72 73 74 75
(9,*) 0 1 2 3 4 5 6 7 8 10 11 12 13 14 15 16 17 18 19 20 41 42 43 44 45 46 47 48 49 50 51 52 53 54 55 56 57 58 59 60 61 62 63 64 65 66 67 68 69 70 71 72 73 74 75
(10,*) 0 1 2 3 4 5 6 7 8 9 11 12 13 14 15 16 17 18 19 20 41 42 43 44 45 46 47 48 49 50 51 52 53 54 55 56 57 58 59 60 61 62 63 64 65 66 67 68 69 70 71 72 73 74 75
(11,*) 0 1 2 3 4 5 6 7 8 9 10 12 13 14 15 16 17 18 19 20 41 42 43 44 45 46 47 48 49 50 51 52 53 54 55 56 57 58 59 60 61 62 63 64 65 66 67 68 69 70 71 72 73 74 75
(12,*) 0 1 2 3 4 5 6 7 8 9 10 11 13 14 15 16 17 18 19 20 41 42 43 44 45 46 47 48 49 50 51 52 53 54 55 56 57 58 59 60 61 62 63 64 65 66 67 68 69 70 71 72 73 74 75
(13,*) 0 1 2 3 4 5 6 7 8 9 10 11 12 14 15 16 17 18 19 20 41 42 43 44 45 46 47 48 49 50 51 52 53 54 55 56 57 58 59 60 61 62 63 64 65 66 67 68 69 70 71 72 73 74 75
(14,*) 0 1 2 3 4 5 6 7 8 9 10 11 12 13 15 16 17 18 19 20 41 42 43 44 45 46 47 48 49 50 51 52 53 54 55 56 57 58 59 60 61 62 63 64 65 66 67 68 69 70 71 72 73 74 75
(15,*) 0 1 2 3 4 5 6 7 8 9 10 11 12 13 14 16 17 18 19 20 41 42 43 44 45 46 47 48 49 50 51 52 53 54 55 56 57 58 59 60 61 62 63 64 65 66 67 68 69 70 71 72 73 74 75
(16,*) 0 1 2 3 4 5 6 7 8 9 10 11 12 13 14 15 17 18 19 20 41 42 43 44 45 46 47 48 49 50 51 52 53 54 55 56 57 58 59 60 61 62 63 64 65 66 67 68 69 70 71 72 73 74 75
(17,*) 0 1 2 3 4 5 6 7 8 9 10 11 12 13 14 15 16 18 19 20 41 42 43 44 45 46 47 48 49 50 51 52 53 54 55 56 57 58 59 60 61 62 63 64 65 66 67 68 69 70 71 72 73 74 75
(18,*) 0 1 2 3 4 5 6 7 8 9 10 11 12 13 14 15 16 17 19 20 41 42 43 44 45 46 47 48 49 50 51 52 53 54 55 56 57 58 59 60 61 62 63 64 65 66 67 68 69 70 71 72 73 74 75
(19,*) 0 1 2 3 4 5 6 7 8 9 10 11 12 13 14 15 16 17 18 20 41 42 43 44 45 46 47 48 49 50 51 52 53 54 55 56 57 58 59 60 61 62 63 64 65 66 67 68 69 70 71 72 73 74 75
(20,*) 0 1 2 3 4 5 6 7 8 9 10 11 12 13 14 15 16 17 18 19 41 42 43 44 45 46 47 48 49 50 51 52 53 54 55 56 57 58 59 60 61 62 63 64 65 66 67 68 69 70 71 72 73 74 75
(41,*) 0 1 2 3 4 5 6 7 8 9 10 11 12 13 14 15 16 17 18 19 20 42 43 44 45 46 47 48 49 50 51 52 53 54 55 56 57 58 59 60 61 62 63 64 65 66 67 68 69 70 71 72 73 74 75
(42,*) 0 1 2 3 4 5 6 7 8 9 10 11 12 13 14 15 16 17 18 19 20 41 43 44 45 46 47 48 49 50 51 52 53 54 55 56 57 58 59 60 61 62 63 64 65 66 67 68 69 70 71 72 73 74 75
(43,*) 0 1 2 3 4 5 6 7 8 9 10 11 12 13 14 15 16 17 18 19 20 41 42 44 45 46 47 48 49 50 51 52 53 54 55 56 57 58 59 60 61 62 63 64 65 66 67 68 69 70 71 72 73 74 75
(44,*) 0 1 2 3 4 5 6 7 8 9 10 11 12 13 14 15 16 17 18 19 20 41 42 43 45 46 47 48 49 50 51 52 53 54 55 56 57 58 59 60 61 62 63 64 65 66 67 68 69 70 71 72 73 74 75
(45,*) 0 1 2 3 4 5 6 7 8 9 10 11 12 13 14 15 16 17 18 19 20 41 42 43 44 46 47 48 49 50 51 52 53 54 55 56 57 58 59 60 61 62 63 64 65 66 67 68 69 70 71 72 73 74 75
(46,*) 0 1 2 3 4 5 6 7 8 9 10 11 12 13 14 15 16 17 18 19 20 41 42 43 44 45 47 48 49 50 51 52 53 54 55 56 57 58 59 60 61 62 63 64 65 66 67 68 69 70 71 72 73 74 75
(47,*) 0 1 2 3 4 5 6 7 8 9 10 11 12 13 14 15 16 17 18 19 20 41 42 43 44 45 46 48 49 50 51 52 53 54 55 56 57 58 59 60 61 62 63 64 65 66 67 68 69 70 71 72 73 74 75
(48,*) 0 1 2 3 4 5 6 7 8 9 10 11 12 13 14 15 16 17 18 19 20 41 42 43 44 45 46 47 49 50 51 52 53 54 55 56 57 58 59 60 61 62 63 64 65 66 67 68 69 70 71 72 73 74 75
(49,*) 0 1 2 3 4 5 6 7 8 9 10 11 12 13 14 15 16 17 18 19 20 41 42 43 44 45 46 47 48 50 51 52 53 54 55 56 57 58 59 60 61 62 63 64 65 66 67 68 69 70 71 72 73 74 75
(50,*) 0 1 2 3 4 5 6 7 8 9 10 11 12 13 14 15 16 17 18 19 20 41 42 43 44 45 46 47 48 49 51 52 53 54 55 56 57 58 59 60 61 62 63 64 65 66 67 68 69 70 71 72 73 74 75
(51,*) 0 1 2 3 4 5 6 7 8 9 10 11 12 13 14 15 16 17 18 19 20 41 42 43 44 45 46 47 48 49 50 52 53 54 55 56 57 58 59 60 61 62 63 64 65 66 67 68 69 70 71 72 73 74 75
(52,*) 0 1 2 3 4 5 6 7 8 9 10 11 12 13 14 15 16 17 18 19 20 41 42 43 44 45 46 47 48 49 50 51 53 54 55 56 57 58 59 60 61 62 63 64 65 66 67 68 69 70 71 72 73 74 75
(53,*) 0 1 2 3 4 5 6 7 8 9 10 11 12 13 14 15 16 17 18 19 20 41 42 43 44 45 46 47 48 49 50 51 52 54 55 56 57 58 59 60 61 62 63 64 65 66 67 68 69 70 71 72 73 74 75
(54,*) 0 1 2 3 4 5 6 7 8 9 10 11 12 13 14 15 16 17 18 19 20 41 42 43 44 45 46 47 48 49 50 51 52 53 55 56 57 58 59 60 61 62 63 64 65 66 67 68 69 70 71 72 73 74 75
(55,*) 0 1 2 3 4 5 6 7 8 9 10 11 12 13 14 15 16 17 18 19 20 41 42 43 44 45 46 47 48 49 50 51 52 53 54 56 57 58 59 60 61 62 63 64 65 66 67 68 69 70 71 72 73 74 75
(56,*) 0 1 2 3 4 5 6 7 8 9 10 11 12 13 14 15 16 17 18 19 20 41 42 43 44 45 46 47 48 49 50 51 52 53 54 55 57 58 59 60 61 62 63 64 65 66 67 68 69 70 71 72 73 74 75
(57,*) 0 1 2 3 4 5 6 7 8 9 10 11 12 13 14 15 16 17 18 19 20 41 42 43 44 45 46 47 48 49 50 51 52 53 54 55 56 58 59 60 61 62 63 64 65 66 67 68 69 70 71 72 73 74 75
(58,*) 0 1 2 3 4 5 6 7 8 9 10 11 12 13 14 15 16 17 18 19 20 41 42 43 44 45 46 47 48 49 50 51 52 53 54 55 56 57 59 60 61 62 63 64 65 66 67 68 69 70 71 72 73 74 75
(59,*) 0 1 2 3 4 5 6 7 8 9 10 11 12 13 14 15 16 17 18 19 20 41 42 43 44 45 46 47 48 49 50 51 52 53 54 55 56 57 58 60 61 62 63 64 65 66 67 68 69 70 71 72 73 74 75
(60,*) 0 1 2 3 4 5 6 7 8 9 10 11 12 13 14 15 16 17 18 19 20 41 42 43 44 45 46 47 48 49 50 51 52 53 54 55 56 57 58 59 61 62 63 64 65 66 67 68 69 70 71 72 73 74 75
(61,*) 0 1 2 3 4 5 6 7 8 9 10 11 12 13 14 15 16 17 18 19 20 41 42 43 44 45 46 47 48 49 50 51 52 53 54 55 56 57 58 59 60 62 63 64 65 66 67 68 69 70 71 72 73 74 75
(62,*) 0 1 2 3 4 5 6 7 8 9 10 11 12 13 14 15 16 17 18 19 20 41 42 43 44 45 46 47 48 49 50 51 52 53 54 55 56 57 58 59 60 61 63 64 65 66 67 68 69 70 71 72 73 74 75
(63,*) 0 1 2 3 4 5 6 7 8 9 10 11 12 13 14 15 16 17 18 19 20 41 42 43 44 45 46 47 48 49 50 51 52 53 54 55 56 57 58 59 60 61 62 64 65 66 67 68 69 70 71 72 73 74 75
(64,*) 0 1 2 3 4 5 6 7 8 9 10 11 12 13 14 15 16 17 18 19 20 41 42 43 44 45 46 47 48 49 50 51 52 53 54 55 56 57 58 59 60 61 62 63 65 66 67 68 69 70 71 72 73 74 75
(65,*) 0 1 2 3 4 5 6 7 8 9 10 11 12 13 14 15 16 17 18 19 20 41 42 43 44 45 46 47 48 49 50 51 52 53 54 55 56 57 58 59 60 61 62 63 64 66 67 68 69 70 71 72 73 74 75
(66,*) 0 1 2 3 4 5 6 7 8 9 10 11 12 13 14 15 16 17 18 19 20 41 42 43 44 45 46 47 48 49 50 51 52 53 54 55 56 57 58 59 60 61 62 63 64 65 67 68 69 70 71 72 73 74 75
(67,*) 0 1 2 3 4 5 6 7 8 9 10 11 12 13 14 15 16 17 18 19 20 41 42 43 44 45 46 47 48 49 50 51 52 53 54 55 56 57 58 59 60 61 62 63 64 65 66 68 69 70 71 72 73 74 75
(68,*) 0 1 2 3 4 5 6 7 8 9 10 11 12 13 14 15 16 17 18 19 20 41 42 43 44 45 46 47 48 49 50 51 52 53 54 55 56 57 58 59 60 61 62 63 64 65 66 67 69 70 71 72 73 74 75
(69,*) 0 1 2 3 4 5 6 7 8 9 10 11 12 13 14 15 16 17 18 19 20 41 42 43 44 45 46 47 48 49 50 51 52 53 54 55 56 57 58 59 60 61 62 63 64 65 66 67 68 70 71 72 73 74 75
(70,*) 0 1 2 3 4 5 6 7 8 9 10 11 12 13 14 15 16 17 18 19 20 41 42 43 44 45 46 47 48 49 50 51 52 53 54 55 56 57 58 59 60 61 62 63 64 65 66 67 68 69 71 72 73 74 75
(71,*) 0 1 2 3 4 5 6 7 8 9 10 11 12 13 14 15 16 17 18 19 20 41 42 43 44 45 46 47 48 49 50 51 52 53 54 55 56 57 58 59 60 61 62 63 64 65 66 67 68 69 70 72 73 74 75
(72,*) 0 1 2 3 4 5 6 7 8 9 10 11 12 13 14 15 16 17 18 19 20 41 42 43 44 45 46 47 48 49 50 51 52 53 54 55 56 57 58 59 60 61 62 63 64 65 66 67 68 69 70 71 73 74 75
(73,*) 0 1 2 3 4 5 6 7 8 9 10 11 12 13 14 15 16 17 18 19 20 41 42 43 44 45 46 47 48 49 50 51 52 53 54 55 56 57 58 59 60 61 62 63 64 65 66 67 68 69 70 71 72 74 75
(74,*) 0 1 2 3 4 5 6 7 8 9 10 11 12 13 14 15 16 17 18 19 20 41 42 43 44 45 46 47 48 49 50 51 52 53 54 55 56 57 58 59 60 61 62 63 64 65 66 67 68 69 70 71 72 73 75
(75,*) 0 1 2 3 4 5 6 7 8 9 10 11 12 13 14 15 16 17 18 19 20 41 42 43 44 45 46 47 48 49 50 51 52 53 54 55 56 57 58 59 60 61 62 63 64 65 66 67 68 69 70 71 72 73 74
;
set A2:=
(61,*) 62
(62,*) 61
(63,*) 64
(64,*) 63
(65,*) 66
(66,*) 65
;
param BigM:=99999;
param n:= 9;
param d:=
1	23
2	11
3	8
4	20
5	4
6	18
7	22
8	19
9	9
10	2
11	18
12	19
13	4
14	11
15	19
16	10
17	13
18	16
19	18
20	12
21	17
22	12
23	6
24	3
25	24
26	7
27	16
28	16
29	9
30	10
31	11
32	18
33	2
34	19
35	3
36	7
37	23
38	6
39	27
40	9
41	22
42	24
43	12
44	14
45	14
46	19
47	18
48	15
49	12
50	8
51	18
52	12
53	72
54	5
55	14
56	16
57	12
58	20
59	22
60	15
;
param Q:=100;
param w:=
[61,*] 62 0.5
[62,*] 61 0.5
[63,*] 64 0.5
[64,*] 63 0.5
[65,*] 66 0.5
[66,*] 65 0.5
;
param V:=
[61,*] 62 76
[62,*] 61 76
[63,*] 64 99
[64,*] 63 99
[65,*] 66 93
[66,*] 65 93
;
param e:
	61	62	63	64	65	66	67	68	69	70	71	72	73	74	75:=
21	0	0	0	0	0	0	0	1	0	1	0	1	0	1	0	
22	0	0	0	0	0	0	0	1	0	1	0	0	0	1	0	
23	0	0	0	0	0	0	0	0	0	0	1	0	0	0	0	
24	0	0	0	0	0	0	0	0	0	0	0	1	0	0	0	
25	0	0	0	0	0	0	1	0	0	0	0	0	0	0	1	
26	0	0	0	0	0	0	0	0	0	1	0	0	0	0	0	
27	0	0	0	0	0	0	0	0	0	0	0	0	0	1	0	
28	0	0	0	0	0	0	0	0	0	0	0	0	0	1	0	
29	0	0	0	0	0	0	0	1	0	0	0	0	0	0	0	
30	0	0	0	0	0	0	0	0	0	0	0	1	0	0	0	
31	0	0	0	0	0	0	0	0	0	0	0	1	0	0	0	
32	0	0	0	0	0	0	0	0	0	1	0	0	0	0	0	
33	0	0	0	0	0	0	0	0	1	0	0	0	1	0	0	
34	0	0	0	0	0	0	0	0	0	1	0	0	0	0	0	
35	0	0	0	0	0	0	0	0	0	1	0	0	0	0	0	
36	0	0	0	0	0	0	1	0	0	0	1	0	1	0	1	
37	0	0	0	0	0	0	0	0	0	1	0	0	0	0	0	
38	0	0	0	0	0	0	0	0	0	0	1	0	0	0	0	
39	0	0	0	0	0	0	0	0	0	0	0	1	0	0	0	
40	0	0	0	0	0	0	0	0	0	1	0	0	0	0	0	
41	0	0	0	0	0	0	0	1	0	1	0	1	0	1	0	
42	0	0	0	0	0	0	0	1	0	1	0	1	0	1	0	
43	0	0	0	0	0	0	0	0	1	0	0	0	1	0	0	
44	0	0	0	0	0	0	1	0	1	0	1	0	1	0	1	
45	0	0	0	0	0	0	0	1	0	0	0	1	0	1	0	
46	0	0	0	0	0	0	0	0	0	0	1	0	0	0	0	
47	0	0	0	0	0	0	0	0	0	0	0	0	0	1	0	
48	0	0	0	0	0	0	0	0	1	0	0	0	0	0	0	
49	0	0	0	0	0	0	1	0	1	0	0	0	1	0	0	
50	0	0	0	0	0	0	0	0	1	0	0	0	0	0	0	
51	0	0	0	0	0	0	0	0	0	0	0	1	0	0	0	
52	0	0	0	0	0	0	0	0	0	1	0	0	0	0	0	
53	0	0	0	0	0	0	0	1	0	1	0	0	0	1	0	
54	0	0	0	0	0	0	0	1	0	0	0	1	0	1	0	
55	0	0	0	0	0	0	0	1	0	1	0	1	0	1	0	
56	0	0	0	0	0	0	1	0	1	0	1	0	1	0	0	
57	0	0	0	0	0	0	0	0	1	0	0	0	0	0	0	
58	0	0	0	0	0	0	0	1	0	1	0	1	0	1	0	
59	0	0	0	0	0	0	0	0	0	1	0	1	0	0	0	
60	0	0	0	0	0	0	0	0	1	0	1	0	1	0	0	
;
param p:=
1	3
2	3
3	3
4	3
5	3
6	3
7	3
8	3
9	3
;
param G:=
61	70
62	76
63	70
64	99
65	76
66	93
67	73
68	79
69	80
70	97
71	97
72	71
73	95
74	92
75	85
;
param s:=
0	0
1	10
2	10
3	10
4	10
5	10
6	10
7	10
8	10
9	10
10	10
11	10
12	10
13	10
14	10
15	10
16	10
17	10
18	10
19	10
20	10
41	10
42	10
43	10
44	10
45	10
46	10
47	10
48	10
49	10
50	10
51	10
52	10
53	10
54	10
55	10
56	10
57	10
58	10
59	10
60	10
61	10
62	10
63	10
64	10
65	10
66	10
67	10
68	10
69	10
70	10
71	10
72	10
73	10
74	10
75	10
;
param t:
	0	1	2	3	4	5	6	7	8	9	10	11	12	13	14	15	16	17	18	19	20	21	22	23	24	25	26	27	28	29	30	31	32	33	34	35	36	37	38	39	40	41	42	43	44	45	46	47	48	49	50	51	52	53	54	55	56	57	58	59	60	61	62	63	64	65	66	67	68	69	70	71	72	73	74	75:=
0	0.0	37.74	10.0	24.74	8.25	22.36	17.09	14.0	29.73	38.83	51.42	26.08	42.19	28.64	34.0	31.3	38.47	10.77	38.63	12.81	31.3	54.92	38.47	32.98	48.17	14.0	41.76	36.06	40.0	44.94	63.15	59.09	36.06	10.2	61.19	72.11	14.56	50.99	48.17	29.73	49.48	61.22	50.99	32.56	14.42	48.41	28.07	36.06	43.86	30.0	37.95	63.56	56.32	42.76	36.77	49.52	27.2	36.06	43.86	71.22	30.27	40.61	64.2	51.16	42.19	53.45	25.5	6.08	41.01	12.21	61.85	7.21	48.41	7.21	43.28	3.16
1	37.74	0.0	28.64	51.11	45.65	32.31	50.0	50.16	60.83	55.32	53.25	18.97	77.79	66.24	71.69	66.48	19.8	29.73	34.23	50.0	34.23	78.64	71.39	65.6	65.97	50.16	72.44	70.34	14.42	27.2	60.83	65.51	22.36	28.43	92.35	94.15	44.05	71.39	45.61	42.76	80.4	82.0	71.39	14.0	40.0	64.56	56.6	69.66	80.92	14.56	25.61	69.34	89.11	74.97	58.31	67.91	13.42	34.0	72.03	91.21	16.12	45.0	77.47	41.77	79.92	34.89	47.85	35.85	61.66	26.93	89.09	35.38	64.56	30.53	65.49	40.82
2	10.0	28.64	0.0	32.0	17.2	22.8	22.09	21.54	34.06	36.88	45.69	20.88	49.48	37.74	43.27	41.18	28.64	2.83	37.2	22.8	31.11	56.46	44.05	42.38	47.2	21.54	46.17	42.43	30.0	35.44	56.92	54.92	31.62	7.21	66.12	73.35	22.09	51.11	41.23	25.61	54.15	61.77	51.11	26.08	20.1	46.86	36.22	45.69	53.81	20.0	28.64	59.36	62.03	48.0	36.72	48.83	20.0	28.28	47.07	71.69	24.33	42.01	62.24	43.05	51.61	44.15	31.4	7.28	40.82	2.24	65.0	12.0	46.86	4.0	43.83	12.73
3	24.74	51.11	32.0	0.0	26.08	19.8	37.2	31.24	48.08	62.61	76.16	32.8	52.0	34.18	36.88	20.4	59.23	34.06	31.62	19.8	24.17	74.97	53.25	16.12	71.02	31.24	58.41	49.4	58.82	66.75	87.86	83.57	37.2	26.31	75.18	91.93	10.2	72.8	72.69	54.41	64.9	82.22	72.8	39.7	12.17	71.69	5.66	20.59	36.88	49.48	60.3	88.02	68.88	57.69	59.36	72.11	37.74	60.13	62.29	92.02	36.88	26.02	87.46	75.03	42.05	75.66	5.1	30.81	63.51	34.01	79.2	20.0	71.69	28.0	65.0	24.7
4	8.25	45.65	17.2	26.08	0.0	29.12	11.31	6.32	23.32	36.77	52.15	34.23	34.06	20.59	26.08	26.68	44.41	16.97	45.61	8.0	37.95	49.68	31.05	30.0	44.94	6.32	34.93	28.28	46.69	50.12	64.12	58.24	44.0	18.44	53.85	66.84	16.97	46.86	50.16	30.07	42.38	56.57	46.86	40.79	18.87	45.65	27.86	32.25	37.2	36.77	42.94	62.64	48.66	35.44	33.29	46.04	35.44	39.29	37.74	66.48	38.47	46.14	61.4	54.34	34.41	58.18	28.32	10.63	37.44	19.21	55.47	14.14	45.65	15.23	39.05	5.1
5	22.36	32.31	22.8	19.8	29.12	0.0	39.4	35.44	52.0	59.4	68.0	13.42	62.29	46.04	50.36	38.47	44.05	25.61	16.49	28.0	8.94	77.18	60.17	35.61	69.43	35.44	63.91	57.27	42.19	52.15	78.79	77.67	17.89	15.62	82.97	94.34	16.49	72.8	62.77	48.41	71.47	83.23	72.8	20.0	12.17	69.31	25.46	40.0	54.63	34.06	46.69	82.1	77.67	64.56	58.41	70.94	18.97	49.4	66.21	93.23	17.2	19.21	84.86	63.06	57.27	61.13	15.81	26.4	62.63	23.85	84.17	15.23	69.31	19.8	65.22	24.7
6	17.09	50.0	22.09	37.2	11.31	39.4	0.0	6.32	12.65	26.68	44.18	42.19	27.86	20.59	26.08	34.06	44.05	20.4	55.71	17.89	48.33	38.42	22.0	38.83	34.0	6.32	24.74	20.4	47.71	48.17	56.14	48.66	52.61	26.31	44.41	55.61	28.28	35.61	43.68	22.8	32.56	45.25	35.61	48.0	30.0	34.93	38.47	40.2	40.5	38.47	41.04	52.95	40.0	26.08	22.36	34.99	42.05	34.99	26.83	55.17	46.04	57.14	50.54	49.24	34.41	55.22	39.62	15.0	26.42	23.35	44.78	24.17	34.93	22.09	27.8	14.76
7	14.0	50.16	21.54	31.24	6.32	35.44	6.32	0.0	17.2	32.98	50.04	40.05	28.28	16.97	22.63	28.0	46.69	20.59	51.92	11.66	44.27	43.86	24.74	32.56	40.25	0.0	28.64	22.09	49.68	51.61	62.03	54.92	50.04	24.08	47.54	60.96	22.8	41.62	49.03	28.28	36.06	50.99	41.62	46.39	25.06	41.23	32.25	34.06	35.78	40.0	44.41	59.23	42.43	29.12	28.64	41.18	40.79	39.4	31.62	60.83	44.18	52.35	56.8	54.08	31.11	59.17	33.97	14.32	32.65	23.26	49.24	20.4	41.23	20.4	33.84	11.05
8	29.73	60.83	34.06	48.08	23.32	52.0	12.65	17.2	0.0	22.8	43.08	54.59	19.8	22.09	26.08	40.5	51.88	32.0	68.35	28.28	60.93	26.91	10.77	46.52	26.31	17.2	12.17	11.31	56.46	54.41	54.41	44.18	65.12	38.83	32.06	43.86	40.0	26.0	44.94	25.46	20.1	34.41	26.0	60.13	42.19	28.07	48.41	46.82	42.05	48.08	47.71	48.04	28.28	14.14	16.12	26.68	54.04	39.7	14.42	44.05	58.31	69.46	42.45	52.01	32.98	60.14	51.09	27.29	19.03	35.0	32.2	36.77	28.07	34.53	18.68	27.31
9	38.83	55.32	36.88	62.61	36.77	59.4	26.68	32.98	22.8	0.0	20.59	56.6	41.18	44.18	48.66	60.53	40.05	34.06	74.03	44.27	67.94	24.08	30.53	65.51	10.77	32.98	26.91	33.11	46.0	39.29	31.62	22.09	67.23	43.86	42.94	38.83	52.84	16.12	24.08	12.65	32.8	26.68	16.12	59.93	53.25	10.0	64.62	66.75	64.5	40.79	34.23	26.31	42.8	31.24	7.21	12.65	53.67	24.33	22.8	36.06	59.06	78.52	25.5	32.2	55.79	42.49	64.14	33.42	7.62	36.4	35.9	45.61	10.0	39.6	11.7	38.08
10	51.42	53.25	45.69	76.16	52.15	68.0	44.18	50.04	43.08	20.59	0.0	61.22	61.77	63.56	68.41	78.03	34.0	43.08	80.0	60.13	75.47	39.45	51.11	82.1	24.41	50.04	47.2	53.67	40.25	29.12	12.0	12.65	70.77	52.8	61.22	49.03	65.97	30.53	8.25	22.09	52.35	37.95	30.53	62.23	65.15	21.63	79.25	84.0	83.95	39.7	27.78	16.12	62.23	51.61	27.78	26.08	56.64	19.8	42.52	44.41	62.29	86.95	27.02	16.03	75.89	28.02	76.54	45.35	27.02	44.28	51.97	56.92	21.63	49.4	30.41	51.79
11	26.08	18.97	20.88	32.8	34.23	13.42	42.19	40.05	54.59	56.6	61.22	0.0	68.26	53.85	58.82	50.0	32.98	23.41	18.87	36.06	16.12	77.25	64.12	48.08	67.23	40.05	66.75	62.0	30.07	41.23	71.02	72.14	10.77	16.0	86.58	94.02	27.2	71.55	54.92	44.41	74.67	82.29	71.55	7.21	22.8	66.57	38.42	52.35	65.51	23.41	36.77	76.42	82.1	68.26	57.27	68.96	6.0	41.62	67.91	92.13	4.47	27.66	81.4	53.71	66.48	50.01	29.15	27.29	61.27	20.62	85.87	20.88	66.57	20.1	64.47	29.15
12	42.19	77.79	49.48	52.0	34.06	62.29	27.86	28.28	19.8	41.18	61.77	68.26	0.0	17.89	16.97	36.88	71.02	48.08	78.64	34.53	70.71	34.23	10.77	44.05	41.23	28.28	16.12	8.49	75.18	74.03	72.5	60.73	78.03	52.35	24.08	47.54	47.07	38.21	64.4	45.25	17.09	42.43	38.21	74.67	50.64	43.68	50.12	42.43	30.46	66.21	67.2	64.03	17.2	12.0	34.0	40.79	69.05	59.46	22.09	50.0	72.44	76.92	55.08	71.7	18.97	79.93	56.3	42.2	35.47	50.96	31.76	48.0	43.68	48.66	33.24	39.12
13	28.64	66.24	37.74	34.18	20.59	46.04	20.59	16.97	22.09	44.18	63.56	53.85	17.89	0.0	5.66	20.0	63.66	37.2	62.03	18.11	54.04	46.52	21.63	26.91	48.37	16.97	27.78	17.2	66.6	68.41	75.31	66.03	62.8	38.63	41.62	62.13	30.07	47.54	63.91	43.08	32.56	54.63	47.54	60.73	34.0	50.16	32.25	26.08	20.4	56.85	61.22	70.0	34.99	25.61	38.0	48.66	55.71	55.57	33.11	63.53	58.24	59.44	64.33	69.78	14.14	75.72	38.6	30.81	41.11	39.66	47.51	32.98	50.16	35.78	40.61	25.5
14	34.0	71.69	43.27	36.88	26.08	50.36	26.08	22.63	26.08	48.66	68.41	58.82	16.97	5.66	0.0	20.0	69.31	42.8	66.03	22.8	58.03	48.7	23.41	27.2	52.04	22.63	29.73	18.97	72.25	74.03	80.05	70.26	67.47	43.86	41.04	63.53	34.06	50.64	69.08	48.33	33.29	56.92	50.64	65.79	38.21	54.0	34.18	25.46	16.0	62.48	66.84	74.11	34.06	26.83	42.19	52.15	60.93	61.06	35.44	65.39	63.25	62.65	67.6	75.13	8.49	81.27	41.59	36.4	45.01	45.22	48.26	37.95	54.0	41.18	44.1	30.89
15	31.3	66.48	41.18	20.4	26.68	38.47	34.06	28.0	40.5	60.53	78.03	50.0	36.88	20.0	20.0	0.0	69.77	42.05	51.92	18.97	44.27	66.24	41.62	7.21	66.48	28.0	47.71	37.2	71.02	76.16	90.02	82.61	56.36	38.42	60.96	82.1	22.8	66.48	76.66	56.14	52.5	74.24	66.48	57.2	27.2	67.91	16.0	6.32	16.49	61.06	69.08	86.83	54.04	45.61	55.32	67.05	53.81	65.97	52.84	83.35	54.41	46.1	82.86	81.02	22.8	84.5	25.5	36.4	58.94	43.42	67.48	31.24	67.91	37.74	59.14	29.15
16	38.47	19.8	28.64	59.23	44.41	44.05	44.05	46.69	51.88	40.05	34.0	32.98	71.02	63.66	69.31	69.77	0.0	27.78	51.26	51.11	49.03	64.12	62.61	70.94	50.04	46.69	62.03	62.77	6.32	8.25	41.04	46.52	40.25	32.98	81.04	78.23	50.0	56.0	26.08	28.64	69.57	66.12	56.0	31.3	47.07	48.17	64.03	74.32	81.61	10.0	6.32	50.12	79.12	65.39	44.72	52.04	27.2	16.12	60.17	74.67	32.31	60.64	59.48	22.02	77.79	17.12	57.43	33.84	47.27	26.4	75.66	39.85	48.17	32.31	51.35	40.82
17	10.77	29.73	2.83	34.06	16.97	25.61	20.4	20.59	32.0	34.06	43.08	23.41	48.08	37.2	42.8	42.05	27.78	0.0	40.0	23.32	33.94	53.85	42.19	43.68	44.41	20.59	44.05	40.79	29.73	34.18	54.41	52.15	34.18	10.0	64.03	70.68	24.0	48.37	38.83	22.8	52.04	59.06	48.37	28.28	22.36	44.05	38.05	46.82	54.04	19.8	27.2	56.6	60.13	46.04	34.0	46.04	22.09	26.08	44.72	68.96	26.68	44.82	59.41	41.0	51.22	42.72	33.73	6.4	38.08	3.0	62.59	14.14	44.05	6.32	41.15	13.04
18	38.63	34.23	37.2	31.62	45.61	16.49	55.71	51.92	68.35	74.03	80.0	18.87	78.64	62.03	66.03	51.92	51.26	40.0	0.0	44.18	8.0	93.06	76.66	47.54	84.4	51.92	80.32	73.76	47.54	59.46	89.89	90.69	12.0	30.53	99.46	110.15	32.0	88.2	73.78	62.29	87.93	98.79	88.2	20.4	28.07	84.02	36.77	52.0	68.41	42.05	55.46	95.02	94.15	81.04	73.78	86.02	24.17	60.46	82.46	108.76	18.97	11.7	99.25	72.45	72.44	68.01	26.57	42.06	77.94	37.64	100.46	31.62	84.02	34.99	80.78	41.11
19	12.81	50.0	22.8	19.8	8.0	28.0	17.89	11.66	28.28	44.27	60.13	36.06	34.53	18.11	22.8	18.97	51.11	23.32	44.18	0.0	36.22	55.17	34.0	22.0	51.88	11.66	38.83	30.46	52.8	57.27	72.11	65.97	44.72	21.63	56.46	72.14	12.65	53.25	58.14	38.05	45.65	62.48	53.25	43.08	16.12	52.8	20.59	24.33	31.11	42.8	50.16	70.34	50.6	38.47	40.25	52.84	38.47	47.07	42.52	72.25	40.5	42.72	68.43	62.17	30.46	65.55	23.02	17.46	44.29	25.0	59.64	15.23	52.8	19.8	45.49	10.3
20	31.3	34.23	31.11	24.17	37.95	8.94	48.33	44.27	60.93	67.94	75.47	16.12	70.71	54.04	58.03	44.27	49.03	33.94	8.0	36.22	0.0	86.09	68.96	40.25	78.1	44.27	72.8	65.97	46.17	57.27	85.88	85.6	14.42	24.08	91.76	103.25	24.0	81.61	69.77	56.64	80.32	92.09	81.61	20.4	20.1	77.9	29.53	44.72	60.73	39.29	52.5	90.0	86.35	73.38	67.2	79.65	22.09	56.36	75.15	102.08	18.11	11.7	93.35	69.29	64.5	66.1	19.24	35.23	71.4	31.89	93.11	24.17	77.9	28.43	74.06	33.62
21	54.92	78.64	56.46	74.97	49.68	77.18	38.42	43.86	26.91	24.08	39.45	77.25	34.23	46.52	48.7	66.24	64.12	53.85	93.06	55.17	86.09	0.0	25.3	72.72	15.23	43.86	18.97	29.73	70.03	63.15	46.69	32.56	88.02	62.61	22.8	17.2	66.6	8.94	45.69	36.06	18.11	8.25	8.94	81.61	68.41	17.89	75.29	72.47	64.03	64.28	58.31	34.41	26.0	22.36	20.4	13.42	75.29	48.37	13.42	17.2	80.32	95.44	22.14	54.23	52.95	65.46	77.83	51.0	17.03	56.65	12.53	62.13	17.89	58.14	13.15	53.01
22	38.47	71.39	44.05	53.25	31.05	60.17	22.0	24.74	10.77	30.53	51.11	64.12	10.77	21.63	23.41	41.62	62.61	42.19	76.66	34.0	68.96	25.3	0.0	48.41	30.59	24.74	6.32	4.47	67.23	64.9	61.74	50.0	74.43	48.17	22.8	40.5	46.52	28.0	54.04	35.61	11.66	33.53	28.0	70.0	49.4	32.98	52.5	47.71	38.83	58.82	58.31	53.37	18.0	4.47	23.32	30.27	64.03	50.0	12.17	42.05	68.03	76.56	45.01	61.55	28.07	70.29	56.94	37.0	24.7	45.18	26.17	45.12	32.98	44.05	22.56	35.69
23	32.98	65.6	42.38	16.12	30.0	35.61	38.83	32.56	46.52	65.51	82.1	48.08	44.05	26.91	27.2	7.21	70.94	43.68	47.54	22.0	40.25	72.72	48.41	0.0	72.11	32.56	54.41	44.05	71.55	77.79	94.09	87.48	53.25	38.47	68.12	88.81	21.63	72.5	80.1	60.03	59.46	80.62	72.5	55.17	25.61	73.38	10.77	4.47	22.0	61.74	70.88	91.78	61.22	52.5	60.73	72.8	52.5	68.73	59.36	89.89	52.35	40.61	88.6	83.86	29.73	86.4	21.02	38.64	64.51	44.6	74.41	31.3	73.38	38.63	65.0	31.4
24	48.17	65.97	47.2	71.02	44.94	69.43	34.0	40.25	26.31	10.77	24.41	67.23	41.23	48.37	52.04	66.48	50.04	44.41	84.4	51.88	78.1	15.23	30.59	72.11	0.0	40.25	25.3	34.23	56.14	48.37	32.8	19.7	77.9	54.04	36.88	28.28	61.61	6.32	30.46	23.41	28.84	16.12	6.32	70.68	62.48	2.83	72.47	72.8	68.03	51.42	44.0	22.8	38.42	29.73	11.66	2.0	64.4	34.0	19.7	25.3	69.77	88.41	16.55	39.0	58.14	50.29	73.01	43.14	7.62	46.87	27.73	55.17	2.83	49.68	8.06	47.01
25	14.0	50.16	21.54	31.24	6.32	35.44	6.32	0.0	17.2	32.98	50.04	40.05	28.28	16.97	22.63	28.0	46.69	20.59	51.92	11.66	44.27	43.86	24.74	32.56	40.25	0.0	28.64	22.09	49.68	51.61	62.03	54.92	50.04	24.08	47.54	60.96	22.8	41.62	49.03	28.28	36.06	50.99	41.62	46.39	25.06	41.23	32.25	34.06	35.78	40.0	44.41	59.23	42.43	29.12	28.64	41.18	40.79	39.4	31.62	60.83	44.18	52.35	56.8	54.08	31.11	59.17	33.97	14.32	32.65	23.26	49.24	20.4	41.23	20.4	33.84	11.05
26	41.76	72.44	46.17	58.41	34.93	63.91	24.74	28.64	12.17	26.91	47.2	66.75	16.12	27.78	29.73	47.71	62.03	44.05	80.32	38.83	72.8	18.97	6.32	54.41	25.3	28.64	0.0	10.77	67.05	63.53	57.31	44.94	77.28	50.99	20.0	34.41	51.11	22.09	50.91	34.0	8.0	27.2	22.09	72.25	53.67	27.86	58.0	53.85	45.12	59.23	57.27	48.08	17.09	4.47	19.8	24.74	66.12	48.37	6.0	35.78	70.46	80.95	39.01	58.8	34.23	68.24	61.85	39.46	20.25	47.04	20.81	48.7	27.86	46.69	17.46	39.22
27	36.06	70.34	42.43	49.4	28.28	57.27	20.4	22.09	11.31	33.11	53.67	62.0	8.49	17.2	18.97	37.2	62.77	40.79	73.76	30.46	65.97	29.73	4.47	44.05	34.23	22.09	10.77	0.0	67.08	65.6	64.62	53.37	72.11	46.0	26.0	44.94	43.08	32.06	56.04	36.77	15.62	37.95	32.06	68.12	46.17	36.5	48.41	43.27	34.53	58.31	58.82	56.89	20.4	8.49	26.0	34.06	62.29	50.99	16.49	46.52	66.03	73.16	49.09	63.25	24.0	71.45	53.24	35.23	27.89	43.74	30.41	42.43	36.5	42.05	26.17	33.14
28	40.0	14.42	30.0	58.82	46.69	42.19	47.71	49.68	56.46	46.0	40.25	30.07	75.18	66.6	72.25	71.02	6.32	29.73	47.54	52.8	46.17	70.03	67.23	71.55	56.14	49.68	67.05	67.08	0.0	12.81	46.86	52.8	36.06	33.11	86.35	84.38	50.16	62.03	32.25	34.23	74.73	72.25	62.03	27.2	46.82	54.33	63.91	75.18	83.74	10.0	12.65	56.36	84.12	70.23	50.36	58.14	24.08	22.36	65.51	80.89	28.64	57.56	65.8	27.59	80.72	20.62	56.52	36.07	53.08	27.8	81.39	40.25	54.33	33.29	57.14	42.64
29	44.94	27.2	35.44	66.75	50.12	52.15	48.17	51.61	54.41	39.29	29.12	41.23	74.03	68.41	74.03	76.16	8.25	34.18	59.46	57.27	57.27	63.15	64.9	77.79	48.37	51.61	63.53	65.6	12.81	0.0	34.41	41.76	48.33	40.45	81.71	76.03	57.27	54.59	20.88	29.53	70.68	64.12	54.59	39.4	54.59	46.17	71.39	80.99	87.13	18.11	7.21	44.94	80.5	67.23	44.94	50.36	35.44	15.23	60.93	72.03	40.5	68.88	55.73	15.0	82.46	9.0	65.19	39.81	46.84	33.24	75.19	47.07	46.17	39.29	50.96	47.01
30	63.15	60.83	56.92	87.86	64.12	78.79	56.14	62.03	54.41	31.62	12.0	71.02	72.5	75.31	80.05	90.02	41.04	54.41	89.89	72.11	85.88	46.69	61.74	94.09	32.8	62.03	57.31	64.62	46.86	34.41	0.0	14.42	80.0	63.91	69.31	52.8	77.67	38.21	16.12	34.06	61.61	43.27	38.21	71.22	76.66	30.0	91.08	96.0	95.71	48.41	35.38	14.56	71.22	61.77	38.63	34.06	66.03	29.53	52.15	47.54	71.61	97.49	29.15	19.42	87.36	30.08	88.06	57.07	37.12	55.36	58.9	68.41	30.0	60.73	39.96	63.64
31	59.09	65.51	54.92	83.57	58.24	77.67	48.66	54.92	44.18	22.09	12.65	72.14	60.73	66.03	70.26	82.61	46.52	52.15	90.69	65.97	85.6	32.56	50.0	87.48	19.7	54.92	44.94	53.37	52.8	41.76	14.42	0.0	82.07	62.13	55.32	38.63	73.54	24.41	20.88	29.53	48.37	28.84	24.41	73.76	73.35	17.09	86.02	88.81	86.21	51.61	40.25	4.47	57.69	49.4	28.07	20.59	67.94	31.62	39.4	33.53	73.59	96.83	15.3	28.16	76.94	40.11	84.58	53.23	25.5	53.82	44.6	65.3	17.09	58.31	27.51	58.87
32	36.06	22.36	31.62	37.2	44.0	17.89	52.61	50.04	65.12	67.23	70.77	10.77	78.03	62.8	67.47	56.36	40.25	34.18	12.0	44.72	14.42	88.02	74.43	53.25	77.9	50.04	77.28	72.11	36.06	48.33	80.0	82.07	0.0	26.31	97.02	104.79	34.18	82.29	64.03	54.92	85.16	93.04	82.29	8.94	29.73	77.18	42.8	57.69	72.5	31.62	44.94	86.28	92.35	78.64	68.03	79.65	14.14	50.99	78.59	102.86	8.49	23.35	91.84	61.91	74.73	56.65	32.65	37.85	72.01	31.38	96.57	30.07	77.18	30.59	75.24	39.01
33	10.2	28.43	7.21	26.31	18.44	15.62	26.31	24.08	38.83	43.86	52.8	16.0	52.35	38.63	43.86	38.42	32.98	10.0	30.53	21.63	24.08	62.61	48.17	38.47	54.04	24.08	50.99	46.0	33.11	40.45	63.91	62.13	26.31	0.0	70.71	79.65	17.09	57.69	48.08	32.8	58.86	68.26	57.69	22.36	14.14	53.81	31.05	42.19	52.5	23.41	34.06	66.57	66.12	52.35	43.27	55.61	17.09	34.93	52.5	78.23	20.1	34.83	69.3	49.37	51.88	49.37	25.02	11.7	47.43	8.54	70.52	7.21	53.81	4.47	50.25	13.34
34	61.19	92.35	66.12	75.18	53.85	82.97	44.41	47.54	32.06	42.94	61.22	86.58	24.08	41.62	41.04	60.96	81.04	64.03	99.46	56.46	91.76	22.8	22.8	68.12	36.88	47.54	20.0	26.0	86.35	81.71	69.31	55.32	97.02	70.71	0.0	28.0	69.08	31.11	66.57	52.5	12.0	28.64	31.11	92.2	72.11	39.7	73.78	66.48	53.25	78.92	75.89	57.2	7.21	18.44	36.77	35.38	86.09	66.48	20.88	32.25	90.35	99.16	44.29	74.95	41.62	85.42	79.16	59.3	35.36	67.03	12.37	67.91	39.7	66.48	31.38	58.46
35	72.11	94.15	73.35	91.93	66.84	94.34	55.61	60.96	43.86	38.83	49.03	94.02	47.54	62.13	63.53	82.1	78.23	70.68	110.15	72.14	103.25	17.2	40.5	88.81	28.28	60.96	34.41	44.94	84.38	76.03	52.8	38.63	104.79	79.65	28.0	0.0	83.74	22.8	56.57	51.42	30.46	12.17	22.8	98.08	85.6	30.07	92.02	88.2	78.0	79.62	72.11	38.47	34.23	36.72	36.77	26.31	91.76	62.13	29.73	5.66	96.93	112.65	23.71	64.94	66.48	76.79	94.92	68.1	32.89	73.41	16.28	79.32	30.07	75.18	29.55	70.21
36	14.56	44.05	22.09	10.2	16.97	16.49	28.28	22.8	40.0	52.84	65.97	27.2	47.07	30.07	34.06	22.8	50.0	24.0	32.0	12.65	24.0	66.6	46.52	21.63	61.61	22.8	51.11	43.08	50.16	57.27	77.67	73.54	34.18	17.09	69.08	83.74	0.0	63.78	62.51	44.27	58.14	73.54	63.78	34.41	4.47	62.13	14.14	25.61	38.47	40.5	50.64	78.0	63.25	50.99	50.0	62.8	31.11	50.04	54.41	83.45	31.62	30.08	77.94	65.0	40.79	66.1	11.4	20.62	54.2	24.19	71.87	10.2	62.13	18.11	55.97	14.76
37	50.99	71.39	51.11	72.8	46.86	72.8	35.61	41.62	26.0	16.12	30.53	71.55	38.21	47.54	50.64	66.48	56.0	48.37	88.2	53.25	81.61	8.94	28.0	72.5	6.32	41.62	22.09	32.06	62.03	54.59	38.21	24.41	82.29	57.69	31.11	22.8	63.78	0.0	36.77	28.64	24.17	10.77	0.0	75.39	65.05	8.94	73.78	72.8	66.48	56.89	50.04	26.83	33.29	26.31	14.42	4.47	69.08	40.05	16.12	20.59	74.32	91.55	17.03	45.31	56.04	56.61	75.17	46.4	10.3	51.0	21.47	58.14	8.94	53.25	7.81	49.5
38	48.17	45.61	41.23	72.69	50.16	62.77	43.68	49.03	44.94	24.08	8.25	54.92	64.4	63.91	69.08	76.66	26.08	38.83	73.78	58.14	69.77	45.69	54.04	80.1	30.46	49.03	50.91	56.04	32.25	20.88	16.12	20.88	64.03	48.08	66.57	56.57	62.51	36.77	0.0	20.88	56.85	45.12	36.77	55.32	61.19	27.86	76.24	82.39	84.12	32.56	20.0	24.17	66.84	55.17	31.11	32.31	50.0	13.42	46.86	52.15	55.61	81.39	35.13	8.54	76.97	20.22	72.57	42.11	31.4	39.56	58.18	52.95	27.86	45.12	35.23	49.01
39	29.73	42.76	25.61	54.41	30.07	48.41	22.8	28.28	25.46	12.65	22.09	44.41	45.25	43.08	48.33	56.14	28.64	22.8	62.29	38.05	56.64	36.06	35.61	60.03	23.41	28.28	34.0	36.77	34.23	29.53	34.06	29.53	54.92	32.8	52.5	51.42	44.27	28.64	20.88	0.0	41.23	39.29	28.64	47.41	43.86	22.36	57.27	62.03	63.25	28.28	23.41	34.0	50.99	37.74	16.12	25.3	41.18	14.42	31.62	48.7	46.65	67.62	37.01	26.93	56.36	34.71	55.15	23.77	19.03	24.76	47.17	35.78	22.36	28.84	23.0	29.83
40	49.48	80.4	54.15	64.9	42.38	71.47	32.56	36.06	20.1	32.8	52.35	74.67	17.09	32.56	33.29	52.5	69.57	52.04	87.93	45.65	80.32	18.11	11.66	59.46	28.84	36.06	8.0	15.62	74.73	70.68	61.61	48.37	85.16	58.86	12.0	30.46	58.14	24.17	56.85	41.23	0.0	26.0	24.17	80.22	60.93	31.62	64.03	58.41	47.54	67.08	64.62	50.99	10.0	7.21	26.08	27.78	74.11	55.46	10.0	32.98	78.41	88.14	40.02	65.0	36.06	74.95	68.6	47.38	25.5	55.04	15.0	56.32	31.62	54.59	21.93	46.84
41	61.22	82.0	61.77	82.22	56.57	83.23	45.25	50.99	34.41	26.68	37.95	82.29	42.43	54.63	56.92	74.24	66.12	59.06	98.79	62.48	92.09	8.25	33.53	80.62	16.12	50.99	27.2	37.95	72.25	64.12	43.27	28.84	93.04	68.26	28.64	12.17	73.54	10.77	45.12	39.29	26.0	0.0	10.77	86.16	75.07	18.0	82.8	80.5	72.28	67.47	60.03	29.73	32.98	30.59	25.06	14.14	79.85	50.04	21.54	10.0	85.09	101.83	15.81	53.6	61.19	65.31	84.86	56.86	21.02	61.72	16.64	68.41	18.0	63.81	18.03	59.55
42	50.99	71.39	51.11	72.8	46.86	72.8	35.61	41.62	26.0	16.12	30.53	71.55	38.21	47.54	50.64	66.48	56.0	48.37	88.2	53.25	81.61	8.94	28.0	72.5	6.32	41.62	22.09	32.06	62.03	54.59	38.21	24.41	82.29	57.69	31.11	22.8	63.78	0.0	36.77	28.64	24.17	10.77	0.0	75.39	65.05	8.94	73.78	72.8	66.48	56.89	50.04	26.83	33.29	26.31	14.42	4.47	69.08	40.05	16.12	20.59	74.32	91.55	17.03	45.31	56.04	56.61	75.17	46.4	10.3	51.0	21.47	58.14	8.94	53.25	7.81	49.5
43	32.56	14.0	26.08	39.7	40.79	20.0	48.0	46.39	60.13	59.93	62.23	7.21	74.67	60.73	65.79	57.2	31.3	28.28	20.4	43.08	20.4	81.61	70.0	55.17	70.68	46.39	72.25	68.12	27.2	39.4	71.22	73.76	8.94	22.36	92.2	98.08	34.41	75.39	55.32	47.41	80.22	86.16	75.39	0.0	30.0	69.77	45.34	59.46	72.72	22.8	36.06	77.9	88.0	74.03	61.35	72.5	6.32	42.43	72.99	95.85	2.83	31.0	84.06	53.0	73.54	47.76	35.81	33.0	65.19	25.32	90.8	27.86	69.77	26.08	68.62	35.69
44	14.42	40.0	20.1	12.17	18.87	12.17	30.0	25.06	42.19	53.25	65.15	22.8	50.64	34.0	38.21	27.2	47.07	22.36	28.07	16.12	20.1	68.41	49.4	25.61	62.48	25.06	53.67	46.17	46.82	54.59	76.66	73.35	29.73	14.14	72.11	85.6	4.47	65.05	61.19	43.86	60.93	75.07	65.05	30.0	0.0	62.8	17.09	29.73	42.94	37.36	48.17	77.82	66.48	53.85	50.99	63.78	26.91	48.37	56.6	85.04	27.2	27.29	78.6	63.13	45.12	63.51	11.4	20.12	55.23	22.02	74.3	8.25	62.8	16.12	57.28	15.56
45	48.41	64.56	46.86	71.69	45.65	69.31	34.93	41.23	28.07	10.0	21.63	66.57	43.68	50.16	54.0	67.91	48.17	44.05	84.02	52.8	77.9	17.89	32.98	73.38	2.83	41.23	27.86	36.5	54.33	46.17	30.0	17.09	77.18	53.81	39.7	30.07	62.13	8.94	27.86	22.36	31.62	18.0	8.94	69.77	62.8	0.0	73.35	74.22	70.0	50.0	42.05	20.4	41.23	32.31	12.65	4.47	63.53	32.06	22.36	26.68	68.96	88.39	15.81	36.4	60.3	47.8	73.5	43.19	9.06	46.4	30.41	55.32	0.0	49.52	10.44	47.43
46	28.07	56.6	36.22	5.66	27.86	25.46	38.47	32.25	48.41	64.62	79.25	38.42	50.12	32.25	34.18	16.0	64.03	38.05	36.77	20.59	29.53	75.29	52.5	10.77	72.47	32.25	58.0	48.41	63.91	71.39	91.08	86.02	42.8	31.05	73.78	92.02	14.14	73.78	76.24	57.27	64.03	82.8	73.78	45.34	17.09	73.35	0.0	15.23	32.25	54.41	64.78	90.44	67.23	56.85	60.83	73.43	43.27	64.0	62.29	92.46	42.52	30.15	89.01	79.03	38.47	80.23	10.3	34.13	64.88	38.33	78.64	24.33	73.35	32.25	66.04	27.46
47	36.06	69.66	45.69	20.59	32.25	40.0	40.2	34.06	46.82	66.75	84.0	52.35	42.43	26.08	25.46	6.32	74.32	46.82	52.0	24.33	44.72	72.47	47.71	4.47	72.8	34.06	53.85	43.27	75.18	80.99	96.0	88.81	57.69	42.19	66.48	88.2	25.61	72.8	82.39	62.03	58.41	80.5	72.8	59.46	29.73	74.22	15.23	0.0	18.11	65.3	74.0	93.06	59.46	51.61	61.61	73.38	56.64	71.39	59.06	89.55	56.64	44.91	89.19	86.49	26.83	89.49	25.5	41.48	65.25	47.93	73.41	34.99	74.22	42.05	65.46	34.21
48	43.86	80.92	53.81	36.88	37.2	54.63	40.5	35.78	42.05	64.5	83.95	65.51	30.46	20.4	16.0	16.49	81.61	54.04	68.41	31.11	60.73	64.03	38.83	22.0	68.03	35.78	45.12	34.53	83.74	87.13	95.71	86.21	72.5	52.5	53.25	78.0	38.47	66.48	84.12	63.25	47.54	72.28	66.48	72.72	42.94	70.0	32.25	18.11	0.0	73.76	79.92	90.09	46.04	41.76	58.14	68.12	68.82	75.15	50.99	80.32	69.97	62.39	83.49	89.69	11.66	94.89	41.98	47.8	61.01	55.97	62.17	45.61	70.0	50.91	60.07	41.11
49	30.0	14.56	20.0	49.48	36.77	34.06	38.47	40.0	48.08	40.79	39.7	23.41	66.21	56.85	62.48	61.06	10.0	19.8	42.05	42.8	39.29	64.28	58.82	61.74	51.42	40.0	59.23	58.31	10.0	18.11	48.41	51.61	31.62	23.41	78.92	79.62	40.5	56.89	32.56	28.28	67.08	67.47	56.89	22.8	37.36	50.0	54.41	65.3	73.76	0.0	13.42	55.61	76.16	62.1	44.05	53.37	17.89	20.0	58.31	76.66	23.32	50.96	63.07	30.41	70.94	27.07	47.52	26.17	47.27	17.8	75.0	30.46	50.0	23.32	51.16	32.65
50	37.95	25.61	28.64	60.3	42.94	46.69	41.04	44.41	47.71	34.23	27.78	36.77	67.2	61.22	66.84	69.08	6.32	27.2	55.46	50.16	52.5	58.31	58.31	70.88	44.0	44.41	57.27	58.82	12.65	7.21	35.38	40.25	44.94	34.06	75.89	72.11	50.64	50.04	20.0	23.41	64.62	60.03	50.04	36.06	48.17	42.05	64.78	74.0	79.92	13.42	0.0	43.91	74.32	60.83	39.29	46.0	31.3	10.0	55.03	68.47	36.72	64.2	53.16	17.0	75.29	15.52	59.01	32.7	41.59	26.48	70.04	40.45	42.05	32.56	45.71	39.92
51	63.56	69.34	59.36	88.02	62.64	82.1	52.95	59.23	48.04	26.31	16.12	76.42	64.03	70.0	74.11	86.83	50.12	56.6	95.02	70.34	90.0	34.41	53.37	91.78	22.8	59.23	48.08	56.89	56.36	44.94	14.56	4.47	86.28	66.57	57.2	38.47	78.0	26.83	24.17	34.0	50.99	29.73	26.83	77.9	77.82	20.4	90.44	93.06	90.09	55.61	43.91	0.0	60.03	52.5	32.0	23.41	72.14	35.61	42.38	33.11	77.79	101.26	14.76	30.81	80.62	42.58	89.05	57.7	29.15	58.25	46.01	69.77	20.4	62.77	30.81	63.32
52	56.32	89.11	62.03	68.88	48.66	77.67	40.0	42.43	28.28	42.8	62.23	82.1	17.2	34.99	34.06	54.04	79.12	60.13	94.15	50.6	86.35	26.0	18.0	61.22	38.42	42.43	17.09	20.4	84.12	80.5	71.22	57.69	92.35	66.12	7.21	34.23	63.25	33.29	66.84	50.99	10.0	32.98	33.29	88.0	66.48	41.23	67.23	59.46	46.04	76.16	74.32	60.03	0.0	14.14	36.06	37.2	82.02	65.3	20.0	38.0	86.02	93.3	48.1	75.0	34.41	84.91	73.01	55.0	35.47	63.13	18.03	62.8	41.23	62.03	31.83	53.46
53	42.76	74.97	48.0	57.69	35.44	64.56	26.08	29.12	14.14	31.24	51.61	68.26	12.0	25.61	26.83	45.61	65.39	46.04	81.04	38.47	73.38	22.36	4.47	52.5	29.73	29.12	4.47	8.49	70.23	67.23	61.77	49.4	78.64	52.35	18.44	36.72	50.99	26.31	55.17	37.74	7.21	30.59	26.31	74.03	53.85	32.31	56.85	51.61	41.76	62.1	60.83	52.5	14.14	0.0	24.08	29.12	68.0	52.15	10.2	38.63	72.11	81.02	43.1	62.97	30.59	72.2	61.4	41.05	24.7	49.04	21.93	49.48	32.31	48.17	21.93	40.02
54	36.77	58.31	36.72	59.36	33.29	58.41	22.36	28.64	16.12	7.21	27.78	57.27	34.0	38.0	42.19	55.32	44.72	34.0	73.78	40.25	67.2	20.4	23.32	60.73	11.66	28.64	19.8	26.0	50.36	44.94	38.63	28.07	68.03	43.27	36.77	36.77	50.0	14.42	31.11	16.12	26.08	25.06	14.42	61.35	50.99	12.65	60.83	61.61	58.14	44.05	39.29	32.0	36.06	24.08	0.0	12.81	55.03	29.73	16.12	34.99	60.17	77.23	28.18	39.05	49.03	48.88	61.4	32.02	4.24	36.67	31.06	43.86	12.65	38.83	7.28	35.47
55	49.52	67.91	48.83	72.11	46.04	70.94	34.99	41.18	26.68	12.65	26.08	68.96	40.79	48.66	52.15	67.05	52.04	46.04	86.02	52.84	79.65	13.42	30.27	72.8	2.0	41.18	24.74	34.06	58.14	50.36	34.06	20.59	79.65	55.61	35.38	26.31	62.8	4.47	32.31	25.3	27.78	14.14	4.47	72.5	63.78	4.47	73.43	73.38	68.12	53.37	46.0	23.41	37.2	29.12	12.81	0.0	66.21	36.0	18.97	23.41	71.55	89.87	15.81	40.85	58.03	52.2	74.2	44.6	8.6	48.55	25.94	56.57	4.47	51.22	8.06	48.27
56	27.2	13.42	20.0	37.74	35.44	18.97	42.05	40.79	54.04	53.67	56.64	6.0	69.05	55.71	60.93	53.81	27.2	22.09	24.17	38.47	22.09	75.29	64.03	52.5	64.4	40.79	66.12	62.29	24.08	35.44	66.03	67.94	14.14	17.09	86.09	91.76	31.11	69.08	50.0	41.18	74.11	79.85	69.08	6.32	26.91	63.53	43.27	56.64	68.82	17.89	31.3	72.14	82.02	68.0	55.03	66.21	0.0	36.88	66.75	89.55	5.66	33.54	77.94	48.3	68.88	44.15	34.44	27.07	58.87	19.1	84.53	23.32	63.53	20.4	62.3	30.36
57	36.06	34.0	28.28	60.13	39.29	49.4	34.99	39.4	39.7	24.33	19.8	41.62	59.46	55.57	61.06	65.97	16.12	26.08	60.46	47.07	56.36	48.37	50.0	68.73	34.0	39.4	48.37	50.99	22.36	15.23	29.53	31.62	50.99	34.93	66.48	62.13	50.04	40.05	13.42	14.42	55.46	50.04	40.05	42.43	48.37	32.06	64.0	71.39	75.15	20.0	10.0	35.61	65.3	52.15	29.73	36.0	36.88	0.0	45.69	58.55	42.52	67.98	43.66	15.13	69.34	20.52	59.68	30.15	31.78	26.48	60.21	40.2	32.06	32.25	35.9	37.34
58	43.86	72.03	47.07	62.29	37.74	66.21	26.83	31.62	14.42	22.8	42.52	67.91	22.09	33.11	35.44	52.84	60.17	44.72	82.46	42.52	75.15	13.42	12.17	59.36	19.7	31.62	6.0	16.49	65.51	60.93	52.15	39.4	78.59	52.5	20.88	29.73	54.41	16.12	46.86	31.62	10.0	21.54	16.12	72.99	56.6	22.36	62.29	59.06	50.99	58.31	55.03	42.38	20.0	10.2	16.12	18.97	66.75	45.69	0.0	30.53	71.39	83.86	33.02	55.0	40.2	65.0	65.44	40.8	15.56	47.68	18.03	50.99	22.36	48.08	12.21	41.59
59	71.22	91.21	71.69	92.02	66.48	93.23	55.17	60.83	44.05	36.06	44.41	92.13	50.0	63.53	65.39	83.35	74.67	68.96	108.76	72.25	102.08	17.2	42.05	89.89	25.3	60.83	35.78	46.52	80.89	72.03	47.54	33.53	102.86	78.23	32.25	5.66	83.45	20.59	52.15	48.7	32.98	10.0	20.59	95.85	85.04	26.68	92.46	89.55	80.32	76.66	68.47	33.11	38.0	38.63	34.99	23.41	89.55	58.55	30.53	0.0	94.85	111.83	18.38	60.41	68.96	72.34	94.75	66.85	30.89	71.59	20.02	78.41	26.68	73.78	28.02	69.53
60	30.27	16.12	24.33	36.88	38.47	17.2	46.04	44.18	58.31	59.06	62.29	4.47	72.44	58.24	63.25	54.41	32.31	26.68	18.97	40.5	18.11	80.32	68.03	52.35	69.77	44.18	70.46	66.03	28.64	40.5	71.61	73.59	8.49	20.1	90.35	96.93	31.62	74.32	55.61	46.65	78.41	85.09	74.32	2.83	27.2	68.96	42.52	56.64	69.97	23.32	36.72	77.79	86.02	72.11	60.17	71.55	5.66	42.52	71.39	94.85	0.0	29.07	83.49	53.71	70.94	49.04	33.02	31.06	64.08	23.77	89.27	25.3	68.96	24.0	67.42	33.38
61	40.61	45.0	42.01	26.02	46.14	19.21	57.14	52.35	69.46	78.52	86.95	27.66	76.92	59.44	62.65	46.1	60.64	44.82	11.7	42.72	11.7	95.44	76.56	40.61	88.41	52.35	80.95	73.16	57.56	68.88	97.49	96.83	23.35	34.83	99.16	112.65	30.08	91.55	81.39	67.62	88.14	101.83	91.55	31.0	27.29	88.39	30.15	44.91	62.39	50.96	64.2	101.26	93.3	81.02	77.23	89.87	33.54	67.98	83.86	111.83	29.07	0.0	104.0	80.99	68.07	77.67	21.1	45.28	81.47	43.01	101.6	33.42	88.39	38.95	83.87	42.44
