set K:= 1	2	3	4	5	6	7	8	9;
set C_H:= 1	2	3	4	5	6	7	8	9	10	11	12	13	14	15	16	17	18	19	20	21;
set C_S:= 22	23	24	25	26	27	28	29	30	31	32	33	34	35	36	37	38	39	40	41	42;
set C_F:= 43	44	45	46	47	48	49	50	51	52	53	54	55	56	57	58	59	60	61	62	63;
set M:= 64	65;
set L_B:= 66	67	68	69	70	71	72	73	74;
set A1:=
(0,*) 1 2 3 4 5 6 7 8 9 10 11 12 13 14 15 16 17 18 19 20 21 43 44 45 46 47 48 49 50 51 52 53 54 55 56 57 58 59 60 61 62 63 64 65 66 67 68 69 70 71 72 73 74
(1,*) 0 2 3 4 5 6 7 8 9 10 11 12 13 14 15 16 17 18 19 20 21 43 44 45 46 47 48 49 50 51 52 53 54 55 56 57 58 59 60 61 62 63 64 65 66 67 68 69 70 71 72 73 74
(2,*) 0 1 3 4 5 6 7 8 9 10 11 12 13 14 15 16 17 18 19 20 21 43 44 45 46 47 48 49 50 51 52 53 54 55 56 57 58 59 60 61 62 63 64 65 66 67 68 69 70 71 72 73 74
(3,*) 0 1 2 4 5 6 7 8 9 10 11 12 13 14 15 16 17 18 19 20 21 43 44 45 46 47 48 49 50 51 52 53 54 55 56 57 58 59 60 61 62 63 64 65 66 67 68 69 70 71 72 73 74
(4,*) 0 1 2 3 5 6 7 8 9 10 11 12 13 14 15 16 17 18 19 20 21 43 44 45 46 47 48 49 50 51 52 53 54 55 56 57 58 59 60 61 62 63 64 65 66 67 68 69 70 71 72 73 74
(5,*) 0 1 2 3 4 6 7 8 9 10 11 12 13 14 15 16 17 18 19 20 21 43 44 45 46 47 48 49 50 51 52 53 54 55 56 57 58 59 60 61 62 63 64 65 66 67 68 69 70 71 72 73 74
(6,*) 0 1 2 3 4 5 7 8 9 10 11 12 13 14 15 16 17 18 19 20 21 43 44 45 46 47 48 49 50 51 52 53 54 55 56 57 58 59 60 61 62 63 64 65 66 67 68 69 70 71 72 73 74
(7,*) 0 1 2 3 4 5 6 8 9 10 11 12 13 14 15 16 17 18 19 20 21 43 44 45 46 47 48 49 50 51 52 53 54 55 56 57 58 59 60 61 62 63 64 65 66 67 68 69 70 71 72 73 74
(8,*) 0 1 2 3 4 5 6 7 9 10 11 12 13 14 15 16 17 18 19 20 21 43 44 45 46 47 48 49 50 51 52 53 54 55 56 57 58 59 60 61 62 63 64 65 66 67 68 69 70 71 72 73 74
(9,*) 0 1 2 3 4 5 6 7 8 10 11 12 13 14 15 16 17 18 19 20 21 43 44 45 46 47 48 49 50 51 52 53 54 55 56 57 58 59 60 61 62 63 64 65 66 67 68 69 70 71 72 73 74
(10,*) 0 1 2 3 4 5 6 7 8 9 11 12 13 14 15 16 17 18 19 20 21 43 44 45 46 47 48 49 50 51 52 53 54 55 56 57 58 59 60 61 62 63 64 65 66 67 68 69 70 71 72 73 74
(11,*) 0 1 2 3 4 5 6 7 8 9 10 12 13 14 15 16 17 18 19 20 21 43 44 45 46 47 48 49 50 51 52 53 54 55 56 57 58 59 60 61 62 63 64 65 66 67 68 69 70 71 72 73 74
(12,*) 0 1 2 3 4 5 6 7 8 9 10 11 13 14 15 16 17 18 19 20 21 43 44 45 46 47 48 49 50 51 52 53 54 55 56 57 58 59 60 61 62 63 64 65 66 67 68 69 70 71 72 73 74
(13,*) 0 1 2 3 4 5 6 7 8 9 10 11 12 14 15 16 17 18 19 20 21 43 44 45 46 47 48 49 50 51 52 53 54 55 56 57 58 59 60 61 62 63 64 65 66 67 68 69 70 71 72 73 74
(14,*) 0 1 2 3 4 5 6 7 8 9 10 11 12 13 15 16 17 18 19 20 21 43 44 45 46 47 48 49 50 51 52 53 54 55 56 57 58 59 60 61 62 63 64 65 66 67 68 69 70 71 72 73 74
(15,*) 0 1 2 3 4 5 6 7 8 9 10 11 12 13 14 16 17 18 19 20 21 43 44 45 46 47 48 49 50 51 52 53 54 55 56 57 58 59 60 61 62 63 64 65 66 67 68 69 70 71 72 73 74
(16,*) 0 1 2 3 4 5 6 7 8 9 10 11 12 13 14 15 17 18 19 20 21 43 44 45 46 47 48 49 50 51 52 53 54 55 56 57 58 59 60 61 62 63 64 65 66 67 68 69 70 71 72 73 74
(17,*) 0 1 2 3 4 5 6 7 8 9 10 11 12 13 14 15 16 18 19 20 21 43 44 45 46 47 48 49 50 51 52 53 54 55 56 57 58 59 60 61 62 63 64 65 66 67 68 69 70 71 72 73 74
(18,*) 0 1 2 3 4 5 6 7 8 9 10 11 12 13 14 15 16 17 19 20 21 43 44 45 46 47 48 49 50 51 52 53 54 55 56 57 58 59 60 61 62 63 64 65 66 67 68 69 70 71 72 73 74
(19,*) 0 1 2 3 4 5 6 7 8 9 10 11 12 13 14 15 16 17 18 20 21 43 44 45 46 47 48 49 50 51 52 53 54 55 56 57 58 59 60 61 62 63 64 65 66 67 68 69 70 71 72 73 74
(20,*) 0 1 2 3 4 5 6 7 8 9 10 11 12 13 14 15 16 17 18 19 21 43 44 45 46 47 48 49 50 51 52 53 54 55 56 57 58 59 60 61 62 63 64 65 66 67 68 69 70 71 72 73 74
(21,*) 0 1 2 3 4 5 6 7 8 9 10 11 12 13 14 15 16 17 18 19 20 43 44 45 46 47 48 49 50 51 52 53 54 55 56 57 58 59 60 61 62 63 64 65 66 67 68 69 70 71 72 73 74
(43,*) 0 1 2 3 4 5 6 7 8 9 10 11 12 13 14 15 16 17 18 19 20 21 44 45 46 47 48 49 50 51 52 53 54 55 56 57 58 59 60 61 62 63 64 65 66 67 68 69 70 71 72 73 74
(44,*) 0 1 2 3 4 5 6 7 8 9 10 11 12 13 14 15 16 17 18 19 20 21 43 45 46 47 48 49 50 51 52 53 54 55 56 57 58 59 60 61 62 63 64 65 66 67 68 69 70 71 72 73 74
(45,*) 0 1 2 3 4 5 6 7 8 9 10 11 12 13 14 15 16 17 18 19 20 21 43 44 46 47 48 49 50 51 52 53 54 55 56 57 58 59 60 61 62 63 64 65 66 67 68 69 70 71 72 73 74
(46,*) 0 1 2 3 4 5 6 7 8 9 10 11 12 13 14 15 16 17 18 19 20 21 43 44 45 47 48 49 50 51 52 53 54 55 56 57 58 59 60 61 62 63 64 65 66 67 68 69 70 71 72 73 74
(47,*) 0 1 2 3 4 5 6 7 8 9 10 11 12 13 14 15 16 17 18 19 20 21 43 44 45 46 48 49 50 51 52 53 54 55 56 57 58 59 60 61 62 63 64 65 66 67 68 69 70 71 72 73 74
(48,*) 0 1 2 3 4 5 6 7 8 9 10 11 12 13 14 15 16 17 18 19 20 21 43 44 45 46 47 49 50 51 52 53 54 55 56 57 58 59 60 61 62 63 64 65 66 67 68 69 70 71 72 73 74
(49,*) 0 1 2 3 4 5 6 7 8 9 10 11 12 13 14 15 16 17 18 19 20 21 43 44 45 46 47 48 50 51 52 53 54 55 56 57 58 59 60 61 62 63 64 65 66 67 68 69 70 71 72 73 74
(50,*) 0 1 2 3 4 5 6 7 8 9 10 11 12 13 14 15 16 17 18 19 20 21 43 44 45 46 47 48 49 51 52 53 54 55 56 57 58 59 60 61 62 63 64 65 66 67 68 69 70 71 72 73 74
(51,*) 0 1 2 3 4 5 6 7 8 9 10 11 12 13 14 15 16 17 18 19 20 21 43 44 45 46 47 48 49 50 52 53 54 55 56 57 58 59 60 61 62 63 64 65 66 67 68 69 70 71 72 73 74
(52,*) 0 1 2 3 4 5 6 7 8 9 10 11 12 13 14 15 16 17 18 19 20 21 43 44 45 46 47 48 49 50 51 53 54 55 56 57 58 59 60 61 62 63 64 65 66 67 68 69 70 71 72 73 74
(53,*) 0 1 2 3 4 5 6 7 8 9 10 11 12 13 14 15 16 17 18 19 20 21 43 44 45 46 47 48 49 50 51 52 54 55 56 57 58 59 60 61 62 63 64 65 66 67 68 69 70 71 72 73 74
(54,*) 0 1 2 3 4 5 6 7 8 9 10 11 12 13 14 15 16 17 18 19 20 21 43 44 45 46 47 48 49 50 51 52 53 55 56 57 58 59 60 61 62 63 64 65 66 67 68 69 70 71 72 73 74
(55,*) 0 1 2 3 4 5 6 7 8 9 10 11 12 13 14 15 16 17 18 19 20 21 43 44 45 46 47 48 49 50 51 52 53 54 56 57 58 59 60 61 62 63 64 65 66 67 68 69 70 71 72 73 74
(56,*) 0 1 2 3 4 5 6 7 8 9 10 11 12 13 14 15 16 17 18 19 20 21 43 44 45 46 47 48 49 50 51 52 53 54 55 57 58 59 60 61 62 63 64 65 66 67 68 69 70 71 72 73 74
(57,*) 0 1 2 3 4 5 6 7 8 9 10 11 12 13 14 15 16 17 18 19 20 21 43 44 45 46 47 48 49 50 51 52 53 54 55 56 58 59 60 61 62 63 64 65 66 67 68 69 70 71 72 73 74
(58,*) 0 1 2 3 4 5 6 7 8 9 10 11 12 13 14 15 16 17 18 19 20 21 43 44 45 46 47 48 49 50 51 52 53 54 55 56 57 59 60 61 62 63 64 65 66 67 68 69 70 71 72 73 74
(59,*) 0 1 2 3 4 5 6 7 8 9 10 11 12 13 14 15 16 17 18 19 20 21 43 44 45 46 47 48 49 50 51 52 53 54 55 56 57 58 60 61 62 63 64 65 66 67 68 69 70 71 72 73 74
(60,*) 0 1 2 3 4 5 6 7 8 9 10 11 12 13 14 15 16 17 18 19 20 21 43 44 45 46 47 48 49 50 51 52 53 54 55 56 57 58 59 61 62 63 64 65 66 67 68 69 70 71 72 73 74
(61,*) 0 1 2 3 4 5 6 7 8 9 10 11 12 13 14 15 16 17 18 19 20 21 43 44 45 46 47 48 49 50 51 52 53 54 55 56 57 58 59 60 62 63 64 65 66 67 68 69 70 71 72 73 74
(62,*) 0 1 2 3 4 5 6 7 8 9 10 11 12 13 14 15 16 17 18 19 20 21 43 44 45 46 47 48 49 50 51 52 53 54 55 56 57 58 59 60 61 63 64 65 66 67 68 69 70 71 72 73 74
(63,*) 0 1 2 3 4 5 6 7 8 9 10 11 12 13 14 15 16 17 18 19 20 21 43 44 45 46 47 48 49 50 51 52 53 54 55 56 57 58 59 60 61 62 64 65 66 67 68 69 70 71 72 73 74
(64,*) 0 1 2 3 4 5 6 7 8 9 10 11 12 13 14 15 16 17 18 19 20 21 43 44 45 46 47 48 49 50 51 52 53 54 55 56 57 58 59 60 61 62 63 66 67 68 69 70 71 72 73 74
(65,*) 0 1 2 3 4 5 6 7 8 9 10 11 12 13 14 15 16 17 18 19 20 21 43 44 45 46 47 48 49 50 51 52 53 54 55 56 57 58 59 60 61 62 63 66 67 68 69 70 71 72 73 74
(66,*) 0 1 2 3 4 5 6 7 8 9 10 11 12 13 14 15 16 17 18 19 20 21 43 44 45 46 47 48 49 50 51 52 53 54 55 56 57 58 59 60 61 62 63 64 65 67 68 69 70 71 72 73 74
(67,*) 0 1 2 3 4 5 6 7 8 9 10 11 12 13 14 15 16 17 18 19 20 21 43 44 45 46 47 48 49 50 51 52 53 54 55 56 57 58 59 60 61 62 63 64 65 66 68 69 70 71 72 73 74
(68,*) 0 1 2 3 4 5 6 7 8 9 10 11 12 13 14 15 16 17 18 19 20 21 43 44 45 46 47 48 49 50 51 52 53 54 55 56 57 58 59 60 61 62 63 64 65 66 67 69 70 71 72 73 74
(69,*) 0 1 2 3 4 5 6 7 8 9 10 11 12 13 14 15 16 17 18 19 20 21 43 44 45 46 47 48 49 50 51 52 53 54 55 56 57 58 59 60 61 62 63 64 65 66 67 68 70 71 72 73 74
(70,*) 0 1 2 3 4 5 6 7 8 9 10 11 12 13 14 15 16 17 18 19 20 21 43 44 45 46 47 48 49 50 51 52 53 54 55 56 57 58 59 60 61 62 63 64 65 66 67 68 69 71 72 73 74
(71,*) 0 1 2 3 4 5 6 7 8 9 10 11 12 13 14 15 16 17 18 19 20 21 43 44 45 46 47 48 49 50 51 52 53 54 55 56 57 58 59 60 61 62 63 64 65 66 67 68 69 70 72 73 74
(72,*) 0 1 2 3 4 5 6 7 8 9 10 11 12 13 14 15 16 17 18 19 20 21 43 44 45 46 47 48 49 50 51 52 53 54 55 56 57 58 59 60 61 62 63 64 65 66 67 68 69 70 71 73 74
(73,*) 0 1 2 3 4 5 6 7 8 9 10 11 12 13 14 15 16 17 18 19 20 21 43 44 45 46 47 48 49 50 51 52 53 54 55 56 57 58 59 60 61 62 63 64 65 66 67 68 69 70 71 72 74
(74,*) 0 1 2 3 4 5 6 7 8 9 10 11 12 13 14 15 16 17 18 19 20 21 43 44 45 46 47 48 49 50 51 52 53 54 55 56 57 58 59 60 61 62 63 64 65 66 67 68 69 70 71 72 73
;
set A2:=
(64,*) 65
(65,*) 64
;
param BigM:=99999;
param n:= 9;
param d:=
1	1
2	2
3	18
4	9
5	8
6	13
7	23
8	5
9	21
10	5
11	12
12	8
13	3
14	16
15	8
16	19
17	26
18	5
19	8
20	12
21	54
22	17
23	4
24	18
25	16
26	26
27	4
28	26
29	2
30	8
31	8
32	26
33	8
34	5
35	4
36	12
37	24
38	9
39	18
40	19
41	11
42	8
43	10
44	15
45	23
46	23
47	24
48	5
49	23
50	4
51	16
52	8
53	16
54	23
55	19
56	2
57	3
58	17
59	7
60	19
61	22
62	15
63	5
;
param Q:=100;
param w:=
[64,*] 65 0.5
[65,*] 64 0.5
;
param V:=
[64,*] 65 99
[65,*] 64 99
;
param e:
	64	65	66	67	68	69	70	71	72	73	74:=
22	1	1	0	0	0	0	0	0	0	0	1	
23	1	0	0	1	0	0	0	0	0	0	0	
24	1	1	0	0	0	0	0	0	0	0	1	
25	1	0	0	0	0	0	0	0	1	0	0	
26	1	1	0	0	1	0	0	0	0	0	0	
27	0	1	0	0	0	0	0	0	0	0	1	
28	1	0	0	0	0	0	0	1	0	0	0	
29	1	1	1	0	0	0	1	0	0	0	0	
30	0	1	0	0	0	0	1	0	0	0	0	
31	1	1	0	0	0	1	0	1	0	1	0	
32	1	0	0	0	0	0	0	0	1	0	0	
33	1	1	0	0	0	0	0	1	0	0	0	
34	0	1	0	0	0	0	0	0	0	0	1	
35	0	1	0	0	0	0	0	1	0	0	0	
36	1	1	0	1	0	0	0	0	0	0	0	
37	0	1	0	0	1	1	0	1	0	1	0	
38	1	1	0	0	1	0	0	0	0	0	0	
39	1	1	0	0	0	1	0	0	0	0	0	
40	0	1	0	0	1	0	1	0	0	0	1	
41	1	1	0	1	0	0	0	0	0	0	0	
42	1	1	0	1	0	0	0	0	0	0	0	
43	0	1	1	0	1	0	0	0	1	0	1	
44	0	1	0	1	0	0	0	0	0	0	0	
45	0	1	1	0	1	0	1	0	1	0	0	
46	0	1	0	1	0	0	1	1	0	1	0	
47	1	1	0	1	0	0	0	0	0	1	0	
48	1	0	0	0	0	0	0	0	0	0	1	
49	0	1	1	0	1	0	1	0	1	0	1	
50	1	1	0	1	0	0	0	1	0	0	0	
51	1	0	1	0	1	1	1	1	1	1	0	
52	0	1	1	0	1	0	1	1	1	1	0	
53	1	0	0	0	0	0	1	0	0	0	0	
54	1	1	0	0	0	0	1	0	0	0	0	
55	1	1	0	0	0	0	0	0	0	0	1	
56	0	1	0	1	0	0	0	0	0	0	0	
57	1	0	0	1	0	0	0	0	0	0	0	
58	1	1	1	0	0	1	1	1	0	1	0	
59	0	1	0	0	0	0	0	0	1	0	1	
60	1	1	1	0	1	0	1	0	0	0	1	
61	0	1	0	1	0	0	0	1	0	1	0	
62	1	1	0	1	0	0	0	0	0	0	0	
63	1	1	1	0	1	0	1	0	0	0	0	
;
param p:=
1	3
2	3
3	3
4	3
5	3
6	3
7	3
8	3
9	3
;
param G:=
64	99
65	99
66	80
67	76
68	97
69	77
70	79
71	76
72	78
73	72
74	76
;
param s:=
0	0
1	10
2	10
3	10
4	10
5	10
6	10
7	10
8	10
9	10
10	10
11	10
12	10
13	10
14	10
15	10
16	10
17	10
18	10
19	10
20	10
21	10
43	10
44	10
45	10
46	10
47	10
48	10
49	10
50	10
51	10
52	10
53	10
54	10
55	10
56	10
57	10
58	10
59	10
60	10
61	10
62	10
63	10
64	10
65	10
66	10
67	10
68	10
69	10
70	10
71	10
72	10
73	10
74	10
;
param t:
	0	1	2	3	4	5	6	7	8	9	10	11	12	13	14	15	16	17	18	19	20	21	22	23	24	25	26	27	28	29	30	31	32	33	34	35	36	37	38	39	40	41	42	43	44	45	46	47	48	49	50	51	52	53	54	55	56	57	58	59	60	61	62	63	64	65	66	67	68	69	70	71	72	73	74:=
0	0.0	108.76	50.16	43.86	61.74	34.99	35.38	62.8	86.28	69.34	79.12	60.53	86.28	99.54	88.57	31.62	33.53	87.36	31.24	45.65	49.19	48.7	5.66	75.29	59.67	50.16	50.64	95.27	58.14	67.94	57.69	47.54	29.73	61.61	87.82	77.67	91.76	50.99	74.67	27.78	49.52	70.68	88.57	62.48	96.0	48.37	68.12	76.24	12.81	69.43	75.15	46.69	59.23	21.63	22.8	42.38	99.54	22.63	38.0	63.81	78.0	76.0	88.02	75.29	21.38	93.01	53.67	79.83	55.23	46.32	52.0	55.11	51.04	59.41	74.03
1	108.76	0.0	68.41	67.23	66.03	98.08	74.24	82.1	30.07	54.0	39.4	59.36	32.25	20.0	23.32	77.18	76.84	34.93	109.12	63.25	93.3	62.29	103.25	82.46	55.32	88.36	65.3	18.11	93.04	43.68	51.11	83.76	80.0	54.41	21.26	75.71	84.1	63.78	38.83	113.17	62.03	92.35	68.12	52.95	58.14	60.46	59.09	54.41	105.26	41.76	93.15	67.94	57.2	89.44	87.66	80.05	20.0	106.08	79.25	58.14	34.41	60.17	56.14	41.18	118.26	17.26	55.61	76.3	53.54	83.49	58.14	78.77	57.8	72.9	36.06
2	50.16	68.41	0.0	34.41	57.27	29.73	31.24	70.46	57.27	55.32	31.62	10.77	58.86	54.04	45.34	27.78	18.97	39.45	41.04	20.59	26.68	12.65	46.0	34.06	43.68	65.05	4.0	60.93	30.07	42.0	28.07	16.49	22.8	14.14	47.71	32.8	48.41	6.0	29.73	45.61	35.78	36.77	40.5	45.12	46.17	21.54	18.0	26.08	41.76	42.05	40.25	5.66	11.31	40.5	38.63	50.91	54.04	39.45	12.65	52.5	34.06	26.31	38.05	28.43	52.35	56.8	20.1	35.0	25.18	15.81	16.12	15.52	26.25	14.21	42.76
3	43.86	67.23	34.41	0.0	24.33	50.0	8.94	36.06	42.52	27.2	47.07	38.42	42.43	62.29	50.36	14.56	22.09	54.59	56.89	14.14	55.79	22.63	38.21	68.41	16.12	31.62	31.24	52.15	62.03	24.41	18.0	46.82	22.09	34.99	47.54	66.48	82.02	29.73	40.45	58.24	5.66	70.71	71.61	18.87	73.35	14.42	47.2	52.84	44.72	26.08	74.43	28.84	34.41	22.8	21.26	17.89	62.29	50.0	32.98	22.36	42.05	56.04	65.3	43.17	59.03	50.54	19.7	68.59	17.26	45.54	21.63	49.24	12.37	48.6	31.3
4	61.74	66.03	57.27	24.33	0.0	74.11	32.0	17.09	36.22	12.17	60.46	58.82	34.53	68.41	56.92	38.0	46.39	66.24	80.22	36.77	80.05	44.72	56.46	90.55	15.62	22.8	53.67	48.17	86.02	26.0	32.56	70.88	46.04	54.04	51.42	87.66	102.8	51.88	53.25	80.89	21.54	94.02	90.55	16.12	89.64	35.78	66.84	70.71	65.97	27.86	97.51	52.0	54.41	40.5	39.85	20.0	68.41	72.69	57.27	8.25	52.84	75.07	82.22	57.2	80.08	49.01	38.83	89.63	34.21	69.64	42.19	72.62	31.38	71.12	33.53
5	34.99	98.08	29.73	50.0	74.11	0.0	42.19	82.46	84.31	76.42	60.96	39.7	85.44	83.55	75.07	36.22	28.07	68.41	11.66	41.23	14.56	37.58	34.06	42.19	64.5	72.8	32.8	89.55	23.41	67.05	53.14	17.09	28.07	43.86	77.2	46.04	58.55	34.41	59.46	17.09	54.15	36.06	58.55	66.75	68.41	43.68	43.91	51.88	22.36	67.68	40.5	30.53	41.04	40.25	39.4	60.17	83.55	14.14	19.7	72.11	63.78	49.4	61.35	58.0	26.17	85.76	45.69	48.01	49.98	16.55	42.05	25.0	48.51	31.02	69.86
6	35.38	74.24	31.24	8.94	32.0	42.19	0.0	41.23	50.91	36.06	50.04	37.58	50.99	67.47	55.79	6.0	15.23	58.0	48.37	14.14	49.4	21.54	29.73	65.05	25.06	34.06	28.84	60.0	56.36	32.56	23.41	41.18	14.14	35.44	53.85	64.03	79.65	27.78	44.05	49.48	14.42	66.03	70.71	27.78	74.0	16.0	46.52	53.14	35.78	34.06	70.0	25.61	34.18	15.23	13.42	20.0	67.47	41.23	26.83	31.05	46.39	55.46	65.79	46.04	50.09	57.98	22.0	66.22	21.59	39.82	22.36	44.82	16.76	45.28	38.83
7	62.8	82.1	70.46	36.06	17.09	82.46	41.23	0.0	52.04	28.28	77.18	73.59	50.0	85.44	74.0	46.82	56.46	83.19	86.58	50.0	90.62	58.41	58.31	104.4	32.25	13.42	67.2	64.03	97.51	43.08	48.41	82.29	55.03	69.31	68.41	102.18	117.59	65.6	69.97	86.09	35.38	106.68	106.15	33.11	106.02	49.68	82.02	86.56	70.0	44.94	110.45	64.9	69.31	44.05	44.18	22.36	85.44	78.23	68.03	25.3	69.77	90.55	98.41	73.78	83.22	65.38	53.74	104.24	49.58	80.96	56.64	85.23	45.97	84.63	50.6
8	86.28	30.07	57.27	42.52	36.22	84.31	50.91	52.04	0.0	24.08	40.5	52.04	2.83	37.2	28.43	55.32	58.31	42.19	93.91	43.91	83.95	46.82	80.62	82.61	27.78	58.86	53.37	12.0	86.58	18.44	31.3	73.76	60.46	46.04	21.26	77.28	89.84	51.42	34.93	96.75	36.88	90.02	74.67	25.06	68.96	41.18	56.32	55.79	85.6	17.2	92.2	54.41	48.17	65.3	63.78	52.0	37.2	88.84	64.62	28.64	31.62	61.61	63.56	39.29	99.62	13.93	38.63	78.64	34.44	73.01	42.38	71.45	36.89	67.07	14.56
9	69.34	54.0	55.32	27.2	12.17	76.42	36.06	28.28	24.08	0.0	52.35	54.63	22.36	57.58	46.52	41.76	48.37	57.2	83.95	36.06	80.22	42.76	63.81	86.93	12.0	34.93	51.42	36.06	85.16	16.97	27.86	70.46	49.03	49.19	40.5	83.19	97.75	49.48	45.25	85.44	22.36	91.76	84.4	10.2	82.02	34.23	61.77	64.4	71.69	18.44	94.87	50.64	50.16	47.71	46.65	30.0	57.58	77.2	58.0	5.66	44.05	69.34	75.07	49.52	86.01	37.12	35.44	85.0	30.36	69.35	39.29	70.83	29.27	68.31	23.32
10	79.12	39.4	31.62	47.07	60.46	60.96	50.04	77.18	40.5	52.35	0.0	21.26	43.08	22.63	16.49	50.16	45.61	8.25	72.47	36.0	54.41	30.59	74.22	44.18	44.94	77.25	29.53	38.05	53.67	35.38	29.73	45.34	49.48	17.89	22.0	38.0	49.48	28.64	7.21	77.2	44.27	53.37	34.18	44.41	29.73	34.06	19.7	16.0	72.5	33.94	54.59	33.11	20.59	64.12	62.13	64.56	22.63	71.02	43.91	52.8	8.94	22.0	23.32	4.0	83.86	33.02	28.07	39.05	29.83	45.28	28.07	39.66	34.71	33.62	30.0
11	60.53	59.36	10.77	38.42	58.82	39.7	37.58	73.59	52.04	54.63	21.26	0.0	54.0	43.86	36.06	35.44	28.07	28.84	51.22	24.41	34.0	16.12	56.14	32.31	43.91	70.0	10.0	53.85	34.93	39.29	26.83	24.41	32.06	6.0	39.4	28.84	44.05	10.2	20.59	56.04	38.21	38.21	33.29	44.72	36.88	24.08	8.94	16.12	52.5	38.83	40.79	14.0	4.47	49.03	47.07	56.04	43.86	50.12	23.41	52.84	25.06	17.89	28.64	18.44	63.06	49.34	20.0	30.81	24.7	24.21	16.97	19.92	27.66	15.03	38.05
12	86.28	32.25	58.86	42.43	34.53	85.44	50.99	50.0	2.83	22.36	43.08	54.0	0.0	40.0	31.24	55.61	59.06	44.94	94.85	44.72	85.51	48.08	80.62	84.85	27.2	57.27	54.92	14.14	88.36	18.87	32.31	75.31	61.06	48.0	24.08	79.62	92.35	52.95	37.36	97.53	36.77	92.09	77.25	24.41	71.69	42.05	58.55	58.24	86.02	17.89	94.34	55.79	50.04	65.12	63.66	50.99	40.0	89.55	65.79	27.2	34.18	64.03	66.21	41.76	100.12	16.55	39.85	81.02	35.47	74.53	43.68	73.25	37.59	69.01	16.12
13	99.54	20.0	54.04	62.29	68.41	83.55	67.47	85.44	37.2	57.58	22.63	43.86	40.0	0.0	12.0	68.96	66.21	16.12	95.02	54.41	76.84	50.99	94.34	63.25	54.59	88.81	51.61	28.43	75.47	42.76	44.41	67.94	69.86	40.0	17.09	56.32	64.12	50.48	25.06	99.64	58.03	73.54	48.17	52.95	38.21	51.92	41.62	35.78	94.02	40.79	74.0	54.92	42.8	82.46	80.52	78.03	0.0	93.23	66.03	60.17	21.54	41.23	36.22	25.61	105.95	24.04	46.17	56.75	45.89	67.9	47.54	62.01	50.8	55.8	34.93
14	88.57	23.32	45.34	50.36	56.92	75.07	55.79	74.0	28.43	46.52	16.49	36.06	31.24	12.0	0.0	57.58	55.57	14.56	86.28	43.08	69.97	40.5	83.26	60.53	42.76	76.94	42.43	22.8	69.86	31.05	32.56	60.46	59.06	31.24	7.21	54.15	64.5	41.04	15.62	90.55	46.04	69.86	48.66	41.23	41.23	40.5	36.06	32.25	83.76	29.12	71.02	45.34	34.06	70.88	68.96	66.03	12.0	83.74	56.64	48.7	11.31	38.21	36.88	17.89	96.21	17.72	34.93	55.04	34.21	60.22	36.72	55.47	39.05	49.66	23.41
15	31.62	77.18	27.78	14.56	38.0	36.22	6.0	46.82	55.32	41.76	50.16	35.44	55.61	68.96	57.58	0.0	10.0	58.31	42.43	14.56	43.86	20.1	26.08	60.96	30.46	38.83	26.0	63.78	51.11	36.88	26.08	36.06	8.25	34.23	56.36	60.46	76.03	25.3	44.72	43.68	19.7	61.22	68.03	33.11	72.28	17.09	44.27	51.42	30.53	38.21	65.3	22.36	32.56	14.0	12.0	25.06	68.96	35.44	21.63	36.88	47.54	53.14	64.03	46.17	44.78	61.4	22.8	62.68	23.71	34.67	22.09	40.31	19.42	41.4	42.52
16	33.53	76.84	18.97	22.09	46.39	28.07	15.23	56.46	58.31	48.37	45.61	28.07	59.06	66.21	55.57	10.0	0.0	53.85	36.06	14.42	34.18	15.23	28.64	51.22	36.5	48.83	18.11	65.3	41.18	40.25	27.2	26.08	4.0	28.28	55.61	51.11	66.57	18.0	41.23	38.47	26.08	51.22	59.46	38.83	64.78	17.2	36.5	44.18	28.43	41.18	55.32	14.14	26.08	21.54	19.7	34.99	66.21	30.53	11.66	44.05	44.72	45.12	56.57	41.76	41.77	62.24	21.26	53.34	24.21	24.7	18.87	30.41	21.47	31.91	44.41
17	87.36	34.93	39.45	54.59	66.24	68.41	58.0	83.19	42.19	57.2	8.25	28.84	44.94	16.12	14.56	58.31	53.85	0.0	80.0	44.05	60.96	38.83	82.46	47.54	50.99	84.12	37.58	37.36	59.36	40.5	36.88	52.35	57.72	26.0	21.54	40.79	50.16	36.77	14.14	84.88	51.42	57.58	34.23	50.12	26.83	42.0	25.61	19.7	80.62	38.83	58.24	41.23	28.64	72.25	70.26	71.81	16.12	78.89	51.88	58.31	13.42	25.3	22.36	12.17	91.79	32.28	36.0	41.44	37.34	52.4	36.22	46.1	42.3	39.82	34.06
18	31.24	109.12	41.04	56.89	80.22	11.66	48.37	86.58	93.91	83.95	72.47	51.22	94.85	95.02	86.28	42.43	36.06	80.0	0.0	50.16	24.08	47.71	32.25	52.04	72.28	75.71	43.86	99.86	32.06	76.16	62.61	28.64	34.93	55.17	88.09	56.57	68.03	45.34	70.71	6.0	61.61	44.41	69.43	74.73	79.7	52.8	55.57	63.53	18.87	76.97	48.66	41.23	52.35	42.76	42.43	64.28	95.02	8.94	30.0	79.25	74.97	60.93	72.8	69.43	16.28	96.26	55.57	58.42	59.48	28.18	52.15	36.4	57.38	42.54	79.65
19	45.65	63.25	20.59	14.14	36.77	41.23	14.14	50.0	43.91	36.06	36.0	24.41	44.72	54.41	43.08	14.56	14.42	44.05	50.16	0.0	44.18	8.49	40.25	54.41	24.08	45.61	17.2	50.99	49.48	26.0	12.81	34.53	16.97	21.54	42.19	52.35	67.88	15.62	30.27	52.84	15.23	57.27	57.69	26.0	60.17	2.83	33.29	39.4	42.43	26.83	60.83	15.23	20.59	28.28	26.31	31.62	54.41	44.94	22.09	32.56	32.98	42.19	52.0	32.0	56.08	48.1	8.25	54.45	9.9	33.38	8.25	35.85	7.28	34.67	30.0
20	49.19	93.3	26.68	55.79	80.05	14.56	49.4	90.62	83.95	80.22	54.41	34.0	85.51	76.84	69.97	43.86	34.18	60.96	24.08	44.18	0.0	38.05	47.71	28.0	68.26	82.37	30.59	87.32	8.94	68.26	54.15	10.2	35.78	39.4	73.35	32.56	44.18	32.56	54.59	30.07	58.86	21.54	45.61	70.11	56.46	46.04	35.38	42.52	36.77	68.47	26.0	30.07	36.77	51.22	50.0	68.88	76.84	28.64	22.8	76.66	59.06	38.83	50.12	52.15	40.01	83.01	46.17	34.37	51.09	11.05	42.19	14.87	51.04	21.21	69.43
21	48.7	62.29	12.65	22.63	44.72	37.58	21.54	58.41	46.82	42.76	30.59	16.12	48.08	50.99	40.5	20.1	15.23	38.83	47.71	8.49	38.05	0.0	43.68	46.04	31.05	54.04	8.94	52.15	42.43	30.27	16.12	28.0	18.97	14.14	41.04	43.86	59.4	7.21	26.0	51.22	23.32	49.4	49.4	32.56	52.5	8.94	25.06	31.62	43.27	30.59	52.8	8.0	12.65	34.06	32.06	40.0	50.99	43.86	17.89	39.85	29.53	34.0	44.27	26.68	55.97	48.6	8.25	45.97	13.04	27.02	4.47	28.16	13.6	26.42	32.31
22	5.66	103.25	46.0	38.21	56.46	34.06	29.73	58.31	80.62	63.81	74.22	56.14	80.62	94.34	83.26	26.08	28.64	82.46	32.25	40.25	47.71	43.68	0.0	72.8	54.04	46.0	46.17	89.64	56.6	62.29	52.15	44.94	24.74	56.89	82.37	74.73	89.2	46.39	69.57	29.73	43.86	68.96	85.16	56.85	92.09	42.94	64.0	72.03	13.42	63.78	73.43	42.19	54.59	16.12	17.2	37.36	94.34	23.32	34.23	58.31	72.8	72.11	84.02	70.34	25.0	87.42	48.33	76.92	49.74	43.66	46.82	52.2	45.49	56.09	68.41
23	75.29	82.46	34.06	68.41	90.55	42.19	65.05	104.4	82.61	86.93	44.18	32.31	84.85	63.25	60.53	60.96	51.22	47.54	52.04	54.41	28.0	46.04	72.8	0.0	76.03	99.04	37.2	82.02	20.4	71.47	59.09	27.86	54.41	37.95	66.12	7.21	16.49	38.83	48.04	58.03	69.34	11.31	20.0	76.97	32.56	54.92	26.31	28.28	63.56	70.88	10.77	39.7	36.77	72.11	70.46	84.9	63.25	56.32	40.5	84.97	52.0	22.36	28.84	44.0	68.01	77.06	51.88	7.81	56.8	29.15	48.37	21.1	59.17	19.85	69.43
24	59.67	55.32	43.68	16.12	15.62	64.5	25.06	32.25	27.78	12.0	44.94	43.91	27.2	54.59	42.76	30.46	36.5	50.99	72.28	24.08	68.26	31.05	54.04	76.03	0.0	34.23	39.85	38.63	73.35	12.0	17.2	58.55	37.36	38.83	38.05	72.72	87.66	37.95	37.74	74.0	10.77	80.32	75.07	2.83	74.03	22.36	51.61	55.17	60.83	14.0	83.57	38.83	39.45	38.21	36.88	24.74	54.59	65.79	46.0	8.94	37.58	59.67	66.6	41.62	75.13	38.08	24.17	74.63	19.24	57.43	27.86	59.2	17.46	57.01	20.0
25	50.16	88.36	65.05	31.62	22.8	72.8	34.06	13.42	58.86	34.93	77.25	70.0	57.27	88.81	76.94	38.83	48.83	84.12	75.71	45.61	82.37	54.04	46.0	99.04	34.23	0.0	62.29	70.71	89.89	46.17	47.54	74.89	46.65	66.57	72.25	97.67	113.28	60.96	70.23	74.67	33.11	100.0	103.23	36.06	104.71	46.04	78.82	84.38	58.31	48.17	104.02	59.4	66.03	32.98	33.53	14.14	88.81	67.08	60.46	30.27	70.88	87.66	96.75	73.54	71.0	71.18	51.11	99.82	47.85	73.5	53.25	78.87	43.42	79.21	54.15
26	50.64	65.3	4.0	31.24	53.67	32.8	28.84	67.2	53.37	51.42	29.53	10.0	54.92	51.61	42.43	26.0	18.11	37.58	43.86	17.2	30.59	8.94	46.17	37.2	39.85	62.29	0.0	57.27	34.06	38.0	24.08	20.4	22.09	11.66	44.41	35.38	50.99	2.0	26.91	48.17	32.25	40.5	42.05	41.23	46.69	17.89	18.44	26.08	43.08	38.05	43.86	4.0	8.94	39.29	37.36	48.17	51.61	41.62	14.42	48.7	31.11	27.2	38.47	26.08	54.38	53.24	16.12	37.54	21.21	19.65	12.17	19.42	22.47	17.49	38.83
27	95.27	18.11	60.93	52.15	48.17	89.55	60.0	64.03	12.0	36.06	38.05	53.85	14.14	28.43	22.8	63.78	65.3	37.36	99.86	50.99	87.32	52.15	89.64	82.02	38.63	70.71	57.27	0.0	88.77	27.78	38.21	77.25	67.94	48.08	16.12	76.03	87.13	55.46	34.23	103.23	46.65	90.55	71.39	36.06	63.91	48.17	56.32	54.04	93.38	26.08	92.2	59.06	50.6	74.89	73.24	63.25	28.43	95.6	69.97	40.45	30.07	60.03	59.67	38.05	107.06	5.1	44.41	77.1	41.11	76.69	47.71	73.76	44.55	68.66	21.26
28	58.14	93.04	30.07	62.03	86.02	23.41	56.36	97.51	86.58	85.16	53.67	34.93	88.36	75.47	69.86	51.11	41.18	59.36	32.06	49.48	8.94	42.43	56.6	20.4	73.35	89.89	34.06	88.77	0.0	72.03	58.14	15.23	43.27	40.79	74.0	26.0	36.0	36.06	55.03	38.05	64.56	12.65	39.4	74.97	51.11	50.99	34.0	40.0	45.69	72.0	17.09	34.53	38.47	59.46	58.14	76.16	75.47	37.36	29.53	82.0	59.46	35.38	45.61	52.0	48.26	84.2	50.16	27.51	55.23	16.55	46.17	15.13	55.9	20.25	72.25
29	67.94	43.68	42.0	24.41	26.0	67.05	32.56	43.08	18.44	16.97	35.38	39.29	18.87	42.76	31.05	36.88	40.25	40.5	76.16	26.0	68.26	30.27	62.29	71.47	12.0	46.17	38.0	27.78	72.03	0.0	14.14	58.14	42.19	33.53	26.08	67.23	81.41	36.0	28.28	78.71	18.87	77.28	67.68	10.2	65.05	23.41	45.69	47.71	67.2	2.0	80.05	38.21	34.93	47.2	45.61	36.5	42.76	70.71	47.54	17.89	27.2	52.84	58.14	32.56	81.27	26.57	22.09	68.94	17.26	57.22	26.08	57.14	18.79	53.76	8.0
30	57.69	51.11	28.07	18.0	32.56	53.14	23.41	48.41	31.3	27.86	29.73	26.83	32.31	44.41	32.56	26.08	27.2	36.88	62.61	12.81	54.15	16.12	52.15	59.09	17.2	47.54	24.08	38.21	58.14	14.14	0.0	44.05	29.73	21.63	30.46	55.57	70.46	22.09	22.8	65.51	14.56	64.03	58.0	17.89	57.69	10.0	34.41	38.21	55.17	14.56	67.05	24.08	22.36	38.63	36.77	34.93	44.41	57.69	33.53	26.08	24.08	42.52	50.0	26.0	68.88	35.47	8.0	57.45	3.16	43.1	12.0	43.42	6.71	40.52	17.2
31	47.54	83.76	16.49	46.82	70.88	17.09	41.18	82.29	73.76	70.46	45.34	24.41	75.31	67.94	60.46	36.06	26.08	52.35	28.64	34.53	10.2	28.0	44.94	27.86	58.55	74.89	20.4	77.25	15.23	58.14	44.05	0.0	28.43	29.53	63.53	30.27	44.27	22.36	44.94	34.18	49.48	25.46	42.05	60.3	51.42	36.22	27.2	34.99	36.22	58.31	29.73	20.0	26.83	45.34	43.86	61.06	67.94	30.27	14.42	67.08	49.4	32.31	44.27	42.8	42.95	73.01	36.06	32.39	41.01	1.41	32.06	8.06	41.19	13.93	59.23
32	29.73	80.0	22.8	22.09	46.04	28.07	14.14	55.03	60.46	49.03	49.48	32.06	61.06	69.86	59.06	8.25	4.0	57.72	34.93	16.97	35.78	18.97	24.74	54.41	37.36	46.65	22.09	67.94	43.27	42.19	29.73	28.43	0.0	32.25	58.82	54.59	69.97	22.0	44.94	36.77	26.68	53.81	63.25	39.85	68.73	19.8	40.45	48.17	25.46	43.27	58.0	18.11	30.07	17.89	16.12	33.11	69.86	28.64	14.14	44.41	48.33	49.03	60.53	45.61	39.2	65.07	24.41	56.82	26.87	27.02	22.36	33.42	23.6	35.36	46.86
33	61.61	54.41	14.14	34.99	54.04	43.86	35.44	69.31	46.04	49.19	17.89	6.0	48.0	40.0	31.24	34.23	28.28	26.0	55.17	21.54	39.4	14.14	56.89	37.95	38.83	66.57	11.66	48.08	40.79	33.53	21.63	29.53	32.25	0.0	34.0	34.0	48.83	10.77	15.62	59.67	34.06	44.18	36.88	39.45	38.63	20.59	12.81	17.89	54.63	32.98	46.69	15.23	2.83	48.17	46.17	52.84	40.0	53.25	26.08	47.71	20.0	21.26	30.46	14.42	66.04	43.66	15.62	35.85	19.85	29.15	13.42	25.71	23.43	21.02	32.06
34	87.82	21.26	47.71	47.54	51.42	77.2	53.85	68.41	21.26	40.5	22.0	39.4	24.08	17.09	7.21	56.36	55.61	21.54	88.09	42.19	73.35	41.04	82.37	66.12	38.05	72.25	44.41	16.12	74.0	26.08	30.46	63.53	58.82	34.0	0.0	60.0	71.02	42.8	18.97	92.02	42.76	74.97	55.32	36.22	48.33	39.45	40.79	38.0	84.02	24.08	76.42	46.86	36.72	69.08	67.23	62.13	17.09	84.85	58.14	43.17	14.56	44.0	43.68	22.36	97.0	11.05	34.41	61.03	32.65	63.13	36.88	59.24	37.16	53.76	18.11
35	77.67	75.71	32.8	66.48	87.66	46.04	64.03	102.18	77.28	83.19	38.0	28.84	79.62	56.32	54.15	60.46	51.11	40.79	56.57	52.35	32.56	43.86	74.73	7.21	72.72	97.67	35.38	76.03	26.0	67.23	55.57	30.27	54.59	34.0	60.0	0.0	15.62	36.77	42.43	62.51	66.84	18.44	13.42	73.43	25.61	52.5	21.54	22.0	66.48	66.48	17.89	38.42	33.29	72.47	70.71	83.55	56.32	60.0	41.23	81.63	46.17	16.0	21.63	38.21	72.17	71.01	48.83	2.24	53.54	31.4	45.61	22.56	56.4	19.24	64.56
36	91.76	84.1	48.41	82.02	102.8	58.55	79.65	117.59	89.84	97.75	49.48	44.05	92.35	64.12	64.5	76.03	66.57	50.16	68.03	67.88	44.18	59.4	89.2	16.49	87.66	113.28	50.99	87.13	36.0	81.41	70.46	44.27	69.97	48.83	71.02	15.62	0.0	52.35	55.03	74.03	82.22	24.33	16.0	88.2	27.2	67.94	36.06	34.18	80.05	80.5	20.88	54.04	48.41	87.82	86.09	99.16	64.12	72.69	56.36	96.52	58.24	28.64	28.0	50.6	84.15	82.04	64.03	13.45	68.6	45.54	60.96	37.16	71.7	34.67	78.0
37	50.99	63.78	6.0	29.73	51.88	34.41	27.78	65.6	51.42	49.48	28.64	10.2	52.95	50.48	41.04	25.3	18.0	36.77	45.34	15.62	32.56	7.21	46.39	38.83	37.95	60.96	2.0	55.46	36.06	36.0	22.09	22.36	22.0	10.77	42.8	36.77	52.35	0.0	25.61	49.52	30.53	42.38	42.94	39.29	47.07	16.12	18.97	26.31	43.86	36.06	45.69	4.47	8.25	38.83	36.88	46.86	50.48	42.8	15.62	46.82	29.73	27.86	38.83	25.06	55.47	51.48	14.14	38.9	19.24	21.59	10.2	21.38	20.62	19.24	36.88
38	74.67	38.83	29.73	40.45	53.25	59.46	44.05	69.97	34.93	45.25	7.21	20.59	37.36	25.06	15.62	44.72	41.23	14.14	70.71	30.27	54.59	26.0	69.57	48.04	37.74	70.23	26.91	34.23	55.03	28.28	22.8	44.94	44.94	15.62	18.97	42.43	55.03	25.61	0.0	75.07	37.36	56.32	40.25	37.2	36.77	28.07	22.09	20.88	68.96	26.91	58.03	30.0	18.44	58.55	56.57	57.72	25.06	68.41	41.23	45.61	4.47	26.68	30.0	4.47	81.02	29.43	22.09	43.74	23.19	44.65	22.8	40.31	28.16	34.79	23.32
39	27.78	113.17	45.61	58.24	80.89	17.09	49.48	86.09	96.75	85.44	77.2	56.04	97.53	99.64	90.55	43.68	38.47	84.88	6.0	52.84	30.07	51.22	29.73	58.03	74.0	74.67	48.17	103.23	38.05	78.71	65.51	34.18	36.77	59.67	92.02	62.51	74.03	49.52	75.07	0.0	63.25	50.36	75.31	76.55	85.44	55.57	60.83	68.88	16.49	79.65	54.59	45.25	56.85	42.05	42.0	64.0	99.64	8.25	33.94	80.52	79.25	66.48	78.43	74.03	10.44	99.81	58.82	64.38	62.43	33.62	55.61	42.06	59.94	48.1	82.68
40	49.52	62.03	35.78	5.66	21.54	54.15	14.42	35.38	36.88	22.36	44.27	38.21	36.77	58.03	46.04	19.7	26.08	51.42	61.61	15.23	58.86	23.32	43.86	69.34	10.77	33.11	32.25	46.65	64.56	18.87	14.56	49.48	26.68	34.06	42.76	66.84	82.22	30.53	37.36	63.25	0.0	72.5	70.94	13.42	71.69	14.42	46.69	51.61	50.12	20.59	76.03	30.46	33.94	28.43	26.91	20.4	58.03	55.03	36.22	18.0	38.47	55.32	63.81	40.5	64.41	45.19	18.44	68.88	14.76	48.27	21.26	51.08	10.63	49.74	26.0
41	70.68	92.35	36.77	70.71	94.02	36.06	66.03	106.68	90.02	91.76	53.37	38.21	92.09	73.54	69.86	61.22	51.22	57.58	44.41	57.27	21.54	49.4	68.96	11.31	80.32	100.0	40.5	90.55	12.65	77.28	64.03	25.46	53.81	44.18	74.97	18.44	24.33	42.38	56.32	50.36	72.5	0.0	31.24	81.61	43.86	58.31	34.23	37.95	58.31	76.94	4.47	42.05	42.43	70.77	69.31	86.02	73.54	50.0	39.7	89.2	60.53	32.31	40.0	52.61	60.67	85.71	56.32	19.1	61.4	26.87	52.5	21.47	62.97	23.54	76.24
42	88.57	68.12	40.5	71.61	90.55	58.55	70.71	106.15	74.67	84.4	34.18	33.29	77.25	48.17	48.66	68.03	59.46	34.23	69.43	57.69	45.61	49.4	85.16	20.0	75.07	103.23	42.05	71.39	39.4	67.68	58.0	42.05	63.25	36.88	55.32	13.42	16.0	42.94	40.25	75.31	70.94	31.24	0.0	75.29	12.81	57.2	24.41	20.0	78.03	66.57	29.73	45.69	37.2	80.99	79.12	89.31	48.17	72.25	50.99	83.74	43.08	15.62	12.0	35.78	84.72	66.29	52.5	12.21	56.59	43.01	50.0	34.01	60.31	29.15	63.53
43	62.48	52.95	45.12	18.87	16.12	66.75	27.78	33.11	25.06	10.2	44.41	44.72	24.41	52.95	41.23	33.11	38.83	50.12	74.73	26.0	70.11	32.56	56.85	76.97	2.83	36.06	41.23	36.06	74.97	10.2	17.89	60.3	39.85	39.45	36.22	73.43	88.2	39.29	37.2	76.55	13.42	81.61	75.29	0.0	73.76	24.08	52.15	55.32	63.53	12.17	84.76	40.45	40.25	41.04	39.7	27.2	52.95	68.35	48.04	8.49	36.72	60.0	66.48	41.23	77.83	35.69	25.3	75.29	20.25	59.21	29.12	60.64	19.1	58.19	18.11
44	96.0	58.14	46.17	73.35	89.64	68.41	74.0	106.02	68.96	82.02	29.73	36.88	71.69	38.21	41.23	72.28	64.78	26.83	79.7	60.17	56.46	52.5	92.09	32.56	74.03	104.71	46.69	63.91	51.11	65.05	57.69	51.42	68.73	38.63	48.33	25.61	27.2	47.07	36.77	85.44	71.69	43.86	12.81	73.76	0.0	59.09	28.28	20.88	86.37	63.66	42.52	50.64	39.85	85.91	83.95	91.24	38.21	81.58	58.0	82.22	38.42	20.0	8.25	32.56	94.37	58.87	53.67	24.76	56.94	52.17	52.0	43.42	61.29	37.66	59.67
45	48.37	60.46	21.54	14.42	35.78	43.68	16.0	49.68	41.18	34.23	34.06	24.08	42.05	51.92	40.5	17.09	17.2	42.0	52.8	2.83	46.04	8.94	42.94	54.92	22.36	46.04	17.89	48.17	50.99	23.41	10.0	36.22	19.8	20.59	39.45	52.5	67.94	16.12	28.07	55.57	14.42	58.31	57.2	24.08	59.09	0.0	32.8	38.47	45.25	24.17	61.74	16.49	20.0	30.59	28.64	32.25	51.92	47.71	24.33	31.05	30.59	41.62	50.99	30.07	58.9	45.28	6.0	54.56	7.07	35.13	7.21	37.0	5.0	35.36	27.2
46	68.12	59.09	18.0	47.2	66.84	43.91	46.52	82.02	56.32	61.77	19.7	8.94	58.55	41.62	36.06	44.27	36.5	25.61	55.57	33.29	35.38	25.06	64.0	26.31	51.61	78.82	18.44	56.32	34.0	45.69	34.41	27.2	40.45	12.81	40.79	21.54	36.06	18.97	22.09	60.83	46.69	34.23	24.41	52.15	28.28	32.8	0.0	8.25	59.23	44.94	36.0	22.36	12.81	57.72	55.79	64.9	41.62	55.71	30.27	60.46	26.31	8.94	20.1	18.44	68.71	51.48	28.28	23.26	32.65	27.46	25.61	20.52	36.07	14.21	43.17
47	76.24	54.41	26.08	52.84	70.71	51.88	53.14	86.56	55.79	64.4	16.0	16.12	58.24	35.78	32.25	51.42	44.18	19.7	63.53	39.4	42.52	31.62	72.03	28.28	55.17	84.38	26.08	54.04	40.0	47.71	38.21	34.99	48.17	17.89	38.0	22.0	34.18	26.31	20.88	68.88	51.61	37.95	20.0	55.32	20.88	38.47	8.25	0.0	67.47	46.65	38.83	30.07	18.97	65.12	63.15	70.71	35.78	63.91	38.47	63.78	24.33	6.0	12.65	16.49	76.9	49.01	33.29	23.09	37.01	35.36	31.3	27.8	41.05	21.4	43.86
48	12.81	105.26	41.76	44.72	65.97	22.36	35.78	70.0	85.6	71.69	72.5	52.5	86.02	94.02	83.76	30.53	28.43	80.62	18.87	42.43	36.77	43.27	13.42	63.56	60.83	58.31	43.08	93.38	45.69	67.2	55.17	36.22	25.46	54.63	84.02	66.48	80.05	43.86	68.96	16.49	50.12	58.31	78.03	63.53	86.37	45.25	59.23	67.47	0.0	68.41	62.77	39.4	52.0	26.08	26.31	48.17	94.02	10.0	29.12	66.48	72.72	66.48	78.64	68.88	14.32	90.52	49.68	68.59	52.33	35.13	47.2	44.1	48.92	49.01	72.25
49	69.43	41.76	42.05	26.08	27.86	67.68	34.06	44.94	17.2	18.44	33.94	38.83	17.89	40.79	29.12	38.21	41.18	38.83	76.97	26.83	68.47	30.59	63.78	70.88	14.0	48.17	38.05	26.08	72.0	2.0	14.56	58.31	43.27	32.98	24.08	66.48	80.5	36.06	26.91	79.65	20.59	76.94	66.57	12.17	63.66	24.17	44.94	46.65	68.41	0.0	79.62	38.47	34.53	48.83	47.2	38.47	40.79	71.69	48.08	19.7	25.61	51.88	56.85	31.24	82.42	24.7	22.36	68.15	17.72	57.43	26.31	57.04	19.72	53.46	6.0
50	75.15	93.15	40.25	74.43	97.51	40.5	70.0	110.45	92.2	94.87	54.59	40.79	94.34	74.0	71.02	65.3	55.32	58.24	48.66	60.83	26.0	52.8	73.43	10.77	83.57	104.02	43.86	92.2	17.09	80.05	67.05	29.73	58.0	46.69	76.42	17.89	20.88	45.69	58.03	54.59	76.03	4.47	29.73	84.76	42.52	61.74	36.0	38.83	62.77	79.62	0.0	45.65	45.12	75.07	73.59	90.0	74.0	54.41	43.86	92.48	62.13	32.98	39.45	54.15	64.94	87.28	59.46	18.03	64.51	31.14	55.71	25.24	66.31	26.57	78.64
51	46.69	67.94	5.66	28.84	52.0	30.53	25.61	64.9	54.41	50.64	33.11	14.0	55.79	54.92	45.34	22.36	14.14	41.23	41.23	15.23	30.07	8.0	42.19	39.7	38.83	59.4	4.0	59.06	34.53	38.21	24.08	20.0	18.11	15.23	46.86	38.42	54.04	4.47	30.0	45.25	30.46	42.05	45.69	40.45	50.64	16.49	22.36	30.07	39.4	38.47	45.65	0.0	12.65	35.44	33.53	45.25	54.92	38.42	11.31	47.54	34.06	31.05	42.43	29.53	51.04	55.23	16.12	40.61	21.02	19.03	12.17	20.62	21.38	19.85	39.85
52	59.23	57.2	11.31	34.41	54.41	41.04	34.18	69.31	48.17	50.16	20.59	4.47	50.04	42.8	34.06	32.56	26.08	28.64	52.35	20.59	36.77	12.65	54.59	36.77	39.45	66.03	8.94	50.6	38.47	34.93	22.36	26.83	30.07	2.83	36.72	33.29	48.41	8.25	18.44	56.85	33.94	42.43	37.2	40.25	39.85	20.0	12.81	18.97	52.0	34.53	45.12	12.65	0.0	46.39	44.41	52.15	42.8	50.48	23.32	48.37	22.8	21.63	31.62	17.2	63.29	46.24	15.62	35.23	20.25	26.42	12.81	23.35	23.35	19.03	34.0
53	21.63	89.44	40.5	22.8	40.5	40.25	15.23	44.05	65.3	47.71	64.12	49.03	65.12	82.46	70.88	14.0	21.54	72.25	42.76	28.28	51.22	34.06	16.12	72.11	38.21	32.98	39.29	74.89	59.46	47.2	38.63	45.34	17.89	48.17	69.08	72.47	87.82	38.83	58.55	42.05	28.43	70.77	80.99	41.04	85.91	30.59	57.72	65.12	26.08	48.83	75.07	35.44	46.39	0.0	2.0	22.09	82.46	34.23	31.62	42.19	61.19	66.48	77.67	60.13	39.81	73.06	36.5	74.71	36.69	43.93	36.06	51.04	31.95	53.24	53.85
54	22.8	87.66	38.63	21.26	39.85	39.4	13.42	44.18	63.78	46.65	62.13	47.07	63.66	80.52	68.96	12.0	19.7	70.26	42.43	26.31	50.0	32.06	17.2	70.46	36.88	33.53	37.36	73.24	58.14	45.61	36.77	43.86	16.12	46.17	67.23	70.71	86.09	36.88	56.57	42.0	26.91	69.31	79.12	39.7	83.95	28.64	55.79	63.15	26.31	47.2	73.59	33.53	44.41	2.0	0.0	22.0	80.52	34.06	30.0	41.18	59.23	64.56	75.71	58.14	40.26	71.34	34.53	72.95	34.79	42.45	34.06	49.41	30.08	51.48	52.15
55	42.38	80.05	50.91	17.89	20.0	60.17	20.0	22.36	52.0	30.0	64.56	56.04	50.99	78.03	66.03	25.06	34.99	71.81	64.28	31.62	68.88	40.0	37.36	84.9	24.74	14.14	48.17	63.25	76.16	36.5	34.93	61.06	33.11	52.84	62.13	83.55	99.16	46.86	57.72	64.0	20.4	86.02	89.31	27.2	91.24	32.25	64.9	70.71	48.17	38.47	90.0	45.25	52.15	22.09	22.0	0.0	78.03	56.04	46.65	24.41	58.86	73.78	83.19	60.73	61.81	62.82	37.58	85.7	34.79	59.68	39.45	64.82	30.08	65.07	44.41
56	99.54	20.0	54.04	62.29	68.41	83.55	67.47	85.44	37.2	57.58	22.63	43.86	40.0	0.0	12.0	68.96	66.21	16.12	95.02	54.41	76.84	50.99	94.34	63.25	54.59	88.81	51.61	28.43	75.47	42.76	44.41	67.94	69.86	40.0	17.09	56.32	64.12	50.48	25.06	99.64	58.03	73.54	48.17	52.95	38.21	51.92	41.62	35.78	94.02	40.79	74.0	54.92	42.8	82.46	80.52	78.03	0.0	93.23	66.03	60.17	21.54	41.23	36.22	25.61	105.95	24.04	46.17	56.75	45.89	67.9	47.54	62.01	50.8	55.8	34.93
57	22.63	106.08	39.45	50.0	72.69	14.14	41.23	78.23	88.84	77.2	71.02	50.12	89.55	93.23	83.74	35.44	30.53	78.89	8.94	44.94	28.64	43.86	23.32	56.32	65.79	67.08	41.62	95.6	37.36	70.71	57.69	30.27	28.64	53.25	84.85	60.0	72.69	42.8	68.41	8.25	55.03	50.0	72.25	68.35	81.58	47.71	55.71	63.91	10.0	71.69	54.41	38.42	50.48	34.23	34.06	56.04	93.23	0.0	27.2	72.28	72.47	62.1	74.22	67.68	13.0	92.31	51.22	62.01	54.64	29.43	48.17	38.33	51.97	43.93	74.89
58	38.0	79.25	12.65	32.98	57.27	19.7	26.83	68.03	64.62	58.0	43.91	23.41	65.79	66.03	56.64	21.63	11.66	51.88	30.0	22.09	22.8	17.89	34.23	40.5	46.0	60.46	14.42	69.97	29.53	47.54	33.53	14.42	14.14	26.08	58.14	41.23	56.36	15.62	41.23	33.94	36.22	39.7	50.99	48.04	58.0	24.33	30.27	38.47	29.12	48.08	43.86	11.31	23.32	31.62	30.0	46.65	66.03	27.2	0.0	54.15	45.34	38.0	50.04	40.5	39.96	66.29	26.0	43.46	30.36	13.04	22.36	19.42	29.27	22.14	50.16
59	63.81	58.14	52.5	22.36	8.25	72.11	31.05	25.3	28.64	5.66	52.8	52.84	27.2	60.17	48.7	36.88	44.05	58.31	79.25	32.56	76.66	39.85	58.31	84.97	8.94	30.27	48.7	40.45	82.0	17.89	26.08	67.08	44.41	47.71	43.17	81.63	96.52	46.82	45.61	80.52	18.0	89.2	83.74	8.49	82.22	31.05	60.46	63.78	66.48	19.7	92.48	47.54	48.37	42.19	41.18	24.41	60.17	72.28	54.15	0.0	44.94	68.41	74.97	49.68	80.78	41.01	33.11	83.53	28.18	65.92	36.77	68.01	26.25	65.92	25.3
60	78.0	34.41	34.06	42.05	52.84	63.78	46.39	69.77	31.62	44.05	8.94	25.06	34.18	21.54	11.31	47.54	44.72	13.42	74.97	32.98	59.06	29.53	72.8	52.0	37.58	70.88	31.11	30.07	59.46	27.2	24.08	49.4	48.33	20.0	14.56	46.17	58.24	29.73	4.47	79.25	38.47	60.53	43.08	36.72	38.42	30.59	26.31	24.33	72.72	25.61	62.13	34.06	22.8	61.19	59.23	58.86	21.54	72.47	45.34	44.94	0.0	30.27	32.25	8.0	85.0	25.18	24.74	47.38	25.02	49.09	26.0	44.78	30.02	39.22	21.26
61	76.0	60.17	26.31	56.04	75.07	49.4	55.46	90.55	61.61	69.34	22.0	17.89	64.03	41.23	38.21	53.14	45.12	25.3	60.93	42.19	38.83	34.0	72.11	22.36	59.67	87.66	27.2	60.03	35.38	52.84	42.52	32.31	49.03	21.26	44.0	16.0	28.64	27.86	26.68	66.48	55.32	32.31	15.62	60.0	20.0	41.62	8.94	6.0	66.48	51.88	32.98	31.05	21.63	66.48	64.56	73.78	41.23	62.1	38.0	68.41	30.27	0.0	12.17	22.36	75.0	55.01	36.88	17.12	41.01	32.89	34.41	24.6	44.69	18.38	49.4
62	88.02	56.14	38.05	65.3	82.22	61.35	65.79	98.41	63.56	75.07	23.32	28.64	66.21	36.22	36.88	64.03	56.57	22.36	72.8	52.0	50.12	44.27	84.02	28.84	66.6	96.75	38.47	59.67	45.61	58.14	50.0	44.27	60.53	30.46	43.68	21.63	28.0	38.83	30.0	78.43	63.81	40.0	12.0	66.48	8.25	50.99	20.1	12.65	78.64	56.85	39.45	42.43	31.62	77.67	75.71	83.19	36.22	74.22	50.04	74.97	32.25	12.17	0.0	25.61	87.09	54.57	45.65	21.47	49.09	44.92	43.86	36.4	53.34	30.36	53.25
63	75.29	41.18	28.43	43.17	57.2	58.0	46.04	73.78	39.29	49.52	4.0	18.44	41.76	25.61	17.89	46.17	41.76	12.17	69.43	32.0	52.15	26.68	70.34	44.0	41.62	73.54	26.08	38.05	52.0	32.56	26.0	42.8	45.61	14.42	22.36	38.21	50.6	25.06	4.47	74.03	40.5	52.61	35.78	41.23	32.56	30.07	18.44	16.49	68.88	31.24	54.15	29.53	17.2	60.13	58.14	60.73	25.61	67.68	40.5	49.68	8.0	22.36	25.61	0.0	80.45	33.14	24.08	39.46	25.96	42.64	24.08	37.59	30.81	31.78	27.78
64	21.38	118.26	52.35	59.03	80.08	26.17	50.09	83.22	99.62	86.01	83.86	63.06	100.12	105.95	96.21	44.78	41.77	91.79	16.28	56.08	40.01	55.97	25.0	68.01	75.13	71.0	54.38	107.06	48.26	81.27	68.88	42.95	39.2	66.04	97.0	72.17	84.15	55.47	81.02	10.44	64.41	60.67	84.72	77.83	94.37	58.9	68.71	76.9	14.32	82.42	64.94	51.04	63.29	39.81	40.26	61.81	105.95	13.0	39.96	80.78	85.0	75.0	87.09	80.45	0.0	104.0	62.94	74.11	65.95	42.2	60.14	50.99	62.8	56.75	86.05
