set K:= 1	2	3	4	5	6	7	8	9;
set C_H:= 1	2	3	4	5	6	7	8	9	10	11	12	13	14	15	16	17	18	19	20	21	22;
set C_S:= 23	24	25	26	27	28	29	30	31	32	33	34	35	36	37	38	39	40	41	42;
set C_F:= 43	44	45	46	47	48	49	50	51	52	53	54	55	56	57	58	59	60	61	62;
set M:= 63	64;
set L_B:= 65	66	67	68	69	70	71	72	73;
set A1:=
(0,*) 1 2 3 4 5 6 7 8 9 10 11 12 13 14 15 16 17 18 19 20 21 22 43 44 45 46 47 48 49 50 51 52 53 54 55 56 57 58 59 60 61 62 63 64 65 66 67 68 69 70 71 72 73
(1,*) 0 2 3 4 5 6 7 8 9 10 11 12 13 14 15 16 17 18 19 20 21 22 43 44 45 46 47 48 49 50 51 52 53 54 55 56 57 58 59 60 61 62 63 64 65 66 67 68 69 70 71 72 73
(2,*) 0 1 3 4 5 6 7 8 9 10 11 12 13 14 15 16 17 18 19 20 21 22 43 44 45 46 47 48 49 50 51 52 53 54 55 56 57 58 59 60 61 62 63 64 65 66 67 68 69 70 71 72 73
(3,*) 0 1 2 4 5 6 7 8 9 10 11 12 13 14 15 16 17 18 19 20 21 22 43 44 45 46 47 48 49 50 51 52 53 54 55 56 57 58 59 60 61 62 63 64 65 66 67 68 69 70 71 72 73
(4,*) 0 1 2 3 5 6 7 8 9 10 11 12 13 14 15 16 17 18 19 20 21 22 43 44 45 46 47 48 49 50 51 52 53 54 55 56 57 58 59 60 61 62 63 64 65 66 67 68 69 70 71 72 73
(5,*) 0 1 2 3 4 6 7 8 9 10 11 12 13 14 15 16 17 18 19 20 21 22 43 44 45 46 47 48 49 50 51 52 53 54 55 56 57 58 59 60 61 62 63 64 65 66 67 68 69 70 71 72 73
(6,*) 0 1 2 3 4 5 7 8 9 10 11 12 13 14 15 16 17 18 19 20 21 22 43 44 45 46 47 48 49 50 51 52 53 54 55 56 57 58 59 60 61 62 63 64 65 66 67 68 69 70 71 72 73
(7,*) 0 1 2 3 4 5 6 8 9 10 11 12 13 14 15 16 17 18 19 20 21 22 43 44 45 46 47 48 49 50 51 52 53 54 55 56 57 58 59 60 61 62 63 64 65 66 67 68 69 70 71 72 73
(8,*) 0 1 2 3 4 5 6 7 9 10 11 12 13 14 15 16 17 18 19 20 21 22 43 44 45 46 47 48 49 50 51 52 53 54 55 56 57 58 59 60 61 62 63 64 65 66 67 68 69 70 71 72 73
(9,*) 0 1 2 3 4 5 6 7 8 10 11 12 13 14 15 16 17 18 19 20 21 22 43 44 45 46 47 48 49 50 51 52 53 54 55 56 57 58 59 60 61 62 63 64 65 66 67 68 69 70 71 72 73
(10,*) 0 1 2 3 4 5 6 7 8 9 11 12 13 14 15 16 17 18 19 20 21 22 43 44 45 46 47 48 49 50 51 52 53 54 55 56 57 58 59 60 61 62 63 64 65 66 67 68 69 70 71 72 73
(11,*) 0 1 2 3 4 5 6 7 8 9 10 12 13 14 15 16 17 18 19 20 21 22 43 44 45 46 47 48 49 50 51 52 53 54 55 56 57 58 59 60 61 62 63 64 65 66 67 68 69 70 71 72 73
(12,*) 0 1 2 3 4 5 6 7 8 9 10 11 13 14 15 16 17 18 19 20 21 22 43 44 45 46 47 48 49 50 51 52 53 54 55 56 57 58 59 60 61 62 63 64 65 66 67 68 69 70 71 72 73
(13,*) 0 1 2 3 4 5 6 7 8 9 10 11 12 14 15 16 17 18 19 20 21 22 43 44 45 46 47 48 49 50 51 52 53 54 55 56 57 58 59 60 61 62 63 64 65 66 67 68 69 70 71 72 73
(14,*) 0 1 2 3 4 5 6 7 8 9 10 11 12 13 15 16 17 18 19 20 21 22 43 44 45 46 47 48 49 50 51 52 53 54 55 56 57 58 59 60 61 62 63 64 65 66 67 68 69 70 71 72 73
(15,*) 0 1 2 3 4 5 6 7 8 9 10 11 12 13 14 16 17 18 19 20 21 22 43 44 45 46 47 48 49 50 51 52 53 54 55 56 57 58 59 60 61 62 63 64 65 66 67 68 69 70 71 72 73
(16,*) 0 1 2 3 4 5 6 7 8 9 10 11 12 13 14 15 17 18 19 20 21 22 43 44 45 46 47 48 49 50 51 52 53 54 55 56 57 58 59 60 61 62 63 64 65 66 67 68 69 70 71 72 73
(17,*) 0 1 2 3 4 5 6 7 8 9 10 11 12 13 14 15 16 18 19 20 21 22 43 44 45 46 47 48 49 50 51 52 53 54 55 56 57 58 59 60 61 62 63 64 65 66 67 68 69 70 71 72 73
(18,*) 0 1 2 3 4 5 6 7 8 9 10 11 12 13 14 15 16 17 19 20 21 22 43 44 45 46 47 48 49 50 51 52 53 54 55 56 57 58 59 60 61 62 63 64 65 66 67 68 69 70 71 72 73
(19,*) 0 1 2 3 4 5 6 7 8 9 10 11 12 13 14 15 16 17 18 20 21 22 43 44 45 46 47 48 49 50 51 52 53 54 55 56 57 58 59 60 61 62 63 64 65 66 67 68 69 70 71 72 73
(20,*) 0 1 2 3 4 5 6 7 8 9 10 11 12 13 14 15 16 17 18 19 21 22 43 44 45 46 47 48 49 50 51 52 53 54 55 56 57 58 59 60 61 62 63 64 65 66 67 68 69 70 71 72 73
(21,*) 0 1 2 3 4 5 6 7 8 9 10 11 12 13 14 15 16 17 18 19 20 22 43 44 45 46 47 48 49 50 51 52 53 54 55 56 57 58 59 60 61 62 63 64 65 66 67 68 69 70 71 72 73
(22,*) 0 1 2 3 4 5 6 7 8 9 10 11 12 13 14 15 16 17 18 19 20 21 43 44 45 46 47 48 49 50 51 52 53 54 55 56 57 58 59 60 61 62 63 64 65 66 67 68 69 70 71 72 73
(43,*) 0 1 2 3 4 5 6 7 8 9 10 11 12 13 14 15 16 17 18 19 20 21 22 44 45 46 47 48 49 50 51 52 53 54 55 56 57 58 59 60 61 62 63 64 65 66 67 68 69 70 71 72 73
(44,*) 0 1 2 3 4 5 6 7 8 9 10 11 12 13 14 15 16 17 18 19 20 21 22 43 45 46 47 48 49 50 51 52 53 54 55 56 57 58 59 60 61 62 63 64 65 66 67 68 69 70 71 72 73
(45,*) 0 1 2 3 4 5 6 7 8 9 10 11 12 13 14 15 16 17 18 19 20 21 22 43 44 46 47 48 49 50 51 52 53 54 55 56 57 58 59 60 61 62 63 64 65 66 67 68 69 70 71 72 73
(46,*) 0 1 2 3 4 5 6 7 8 9 10 11 12 13 14 15 16 17 18 19 20 21 22 43 44 45 47 48 49 50 51 52 53 54 55 56 57 58 59 60 61 62 63 64 65 66 67 68 69 70 71 72 73
(47,*) 0 1 2 3 4 5 6 7 8 9 10 11 12 13 14 15 16 17 18 19 20 21 22 43 44 45 46 48 49 50 51 52 53 54 55 56 57 58 59 60 61 62 63 64 65 66 67 68 69 70 71 72 73
(48,*) 0 1 2 3 4 5 6 7 8 9 10 11 12 13 14 15 16 17 18 19 20 21 22 43 44 45 46 47 49 50 51 52 53 54 55 56 57 58 59 60 61 62 63 64 65 66 67 68 69 70 71 72 73
(49,*) 0 1 2 3 4 5 6 7 8 9 10 11 12 13 14 15 16 17 18 19 20 21 22 43 44 45 46 47 48 50 51 52 53 54 55 56 57 58 59 60 61 62 63 64 65 66 67 68 69 70 71 72 73
(50,*) 0 1 2 3 4 5 6 7 8 9 10 11 12 13 14 15 16 17 18 19 20 21 22 43 44 45 46 47 48 49 51 52 53 54 55 56 57 58 59 60 61 62 63 64 65 66 67 68 69 70 71 72 73
(51,*) 0 1 2 3 4 5 6 7 8 9 10 11 12 13 14 15 16 17 18 19 20 21 22 43 44 45 46 47 48 49 50 52 53 54 55 56 57 58 59 60 61 62 63 64 65 66 67 68 69 70 71 72 73
(52,*) 0 1 2 3 4 5 6 7 8 9 10 11 12 13 14 15 16 17 18 19 20 21 22 43 44 45 46 47 48 49 50 51 53 54 55 56 57 58 59 60 61 62 63 64 65 66 67 68 69 70 71 72 73
(53,*) 0 1 2 3 4 5 6 7 8 9 10 11 12 13 14 15 16 17 18 19 20 21 22 43 44 45 46 47 48 49 50 51 52 54 55 56 57 58 59 60 61 62 63 64 65 66 67 68 69 70 71 72 73
(54,*) 0 1 2 3 4 5 6 7 8 9 10 11 12 13 14 15 16 17 18 19 20 21 22 43 44 45 46 47 48 49 50 51 52 53 55 56 57 58 59 60 61 62 63 64 65 66 67 68 69 70 71 72 73
(55,*) 0 1 2 3 4 5 6 7 8 9 10 11 12 13 14 15 16 17 18 19 20 21 22 43 44 45 46 47 48 49 50 51 52 53 54 56 57 58 59 60 61 62 63 64 65 66 67 68 69 70 71 72 73
(56,*) 0 1 2 3 4 5 6 7 8 9 10 11 12 13 14 15 16 17 18 19 20 21 22 43 44 45 46 47 48 49 50 51 52 53 54 55 57 58 59 60 61 62 63 64 65 66 67 68 69 70 71 72 73
(57,*) 0 1 2 3 4 5 6 7 8 9 10 11 12 13 14 15 16 17 18 19 20 21 22 43 44 45 46 47 48 49 50 51 52 53 54 55 56 58 59 60 61 62 63 64 65 66 67 68 69 70 71 72 73
(58,*) 0 1 2 3 4 5 6 7 8 9 10 11 12 13 14 15 16 17 18 19 20 21 22 43 44 45 46 47 48 49 50 51 52 53 54 55 56 57 59 60 61 62 63 64 65 66 67 68 69 70 71 72 73
(59,*) 0 1 2 3 4 5 6 7 8 9 10 11 12 13 14 15 16 17 18 19 20 21 22 43 44 45 46 47 48 49 50 51 52 53 54 55 56 57 58 60 61 62 63 64 65 66 67 68 69 70 71 72 73
(60,*) 0 1 2 3 4 5 6 7 8 9 10 11 12 13 14 15 16 17 18 19 20 21 22 43 44 45 46 47 48 49 50 51 52 53 54 55 56 57 58 59 61 62 63 64 65 66 67 68 69 70 71 72 73
(61,*) 0 1 2 3 4 5 6 7 8 9 10 11 12 13 14 15 16 17 18 19 20 21 22 43 44 45 46 47 48 49 50 51 52 53 54 55 56 57 58 59 60 62 63 64 65 66 67 68 69 70 71 72 73
(62,*) 0 1 2 3 4 5 6 7 8 9 10 11 12 13 14 15 16 17 18 19 20 21 22 43 44 45 46 47 48 49 50 51 52 53 54 55 56 57 58 59 60 61 63 64 65 66 67 68 69 70 71 72 73
(63,*) 0 1 2 3 4 5 6 7 8 9 10 11 12 13 14 15 16 17 18 19 20 21 22 43 44 45 46 47 48 49 50 51 52 53 54 55 56 57 58 59 60 61 62 64 65 66 67 68 69 70 71 72 73
(64,*) 0 1 2 3 4 5 6 7 8 9 10 11 12 13 14 15 16 17 18 19 20 21 22 43 44 45 46 47 48 49 50 51 52 53 54 55 56 57 58 59 60 61 62 63 65 66 67 68 69 70 71 72 73
(65,*) 0 1 2 3 4 5 6 7 8 9 10 11 12 13 14 15 16 17 18 19 20 21 22 43 44 45 46 47 48 49 50 51 52 53 54 55 56 57 58 59 60 61 62 63 64 66 67 68 69 70 71 72 73
(66,*) 0 1 2 3 4 5 6 7 8 9 10 11 12 13 14 15 16 17 18 19 20 21 22 43 44 45 46 47 48 49 50 51 52 53 54 55 56 57 58 59 60 61 62 63 64 65 67 68 69 70 71 72 73
(67,*) 0 1 2 3 4 5 6 7 8 9 10 11 12 13 14 15 16 17 18 19 20 21 22 43 44 45 46 47 48 49 50 51 52 53 54 55 56 57 58 59 60 61 62 63 64 65 66 68 69 70 71 72 73
(68,*) 0 1 2 3 4 5 6 7 8 9 10 11 12 13 14 15 16 17 18 19 20 21 22 43 44 45 46 47 48 49 50 51 52 53 54 55 56 57 58 59 60 61 62 63 64 65 66 67 69 70 71 72 73
(69,*) 0 1 2 3 4 5 6 7 8 9 10 11 12 13 14 15 16 17 18 19 20 21 22 43 44 45 46 47 48 49 50 51 52 53 54 55 56 57 58 59 60 61 62 63 64 65 66 67 68 70 71 72 73
(70,*) 0 1 2 3 4 5 6 7 8 9 10 11 12 13 14 15 16 17 18 19 20 21 22 43 44 45 46 47 48 49 50 51 52 53 54 55 56 57 58 59 60 61 62 63 64 65 66 67 68 69 71 72 73
(71,*) 0 1 2 3 4 5 6 7 8 9 10 11 12 13 14 15 16 17 18 19 20 21 22 43 44 45 46 47 48 49 50 51 52 53 54 55 56 57 58 59 60 61 62 63 64 65 66 67 68 69 70 72 73
(72,*) 0 1 2 3 4 5 6 7 8 9 10 11 12 13 14 15 16 17 18 19 20 21 22 43 44 45 46 47 48 49 50 51 52 53 54 55 56 57 58 59 60 61 62 63 64 65 66 67 68 69 70 71 73
(73,*) 0 1 2 3 4 5 6 7 8 9 10 11 12 13 14 15 16 17 18 19 20 21 22 43 44 45 46 47 48 49 50 51 52 53 54 55 56 57 58 59 60 61 62 63 64 65 66 67 68 69 70 71 72
;
set A2:=
(63,*) 64
(64,*) 63
;
param BigM:=99999;
param n:= 9;
param d:=
1	22
2	14
3	9
4	19
5	20
6	15
7	14
8	19
9	22
10	22
11	24
12	2
13	15
14	15
15	7
16	20
17	3
18	15
19	2
20	4
21	17
22	2
23	4
24	7
25	20
26	7
27	20
28	1
29	21
30	6
31	21
32	6
33	15
34	15
35	2
36	10
37	23
38	24
39	20
40	18
41	19
42	8
43	18
44	5
45	18
46	2
47	11
48	10
49	5
50	21
51	15
52	14
53	14
54	23
55	14
56	26
57	23
58	22
59	26
60	21
61	12
62	4
;
param Q:=100;
param w:=
[63,*] 64 0.5
[64,*] 63 0.5
;
param V:=
[63,*] 64 88
[64,*] 63 88
;
param e:
	63	64	65	66	67	68	69	70	71	72	73:=
23	0	0	0	0	0	0	0	0	1	0	0	
24	0	0	0	0	0	1	0	1	0	1	0	
25	0	1	0	0	0	0	0	0	0	0	0	
26	0	0	0	0	0	0	0	1	0	0	0	
27	0	0	0	0	0	0	0	1	0	0	0	
28	0	1	0	0	0	0	0	0	0	0	0	
29	0	0	0	1	0	0	0	1	0	1	0	
30	0	1	0	0	0	0	0	0	0	0	0	
31	1	0	0	0	0	0	0	0	1	0	0	
32	0	0	1	0	0	0	0	0	0	0	0	
33	0	0	1	0	0	0	0	0	1	0	1	
34	1	0	0	0	0	0	0	0	0	0	0	
35	0	0	0	0	0	0	0	0	1	0	0	
36	1	0	0	0	0	0	0	0	0	0	0	
37	0	0	0	1	0	0	0	0	0	0	0	
38	0	0	0	0	0	1	0	1	0	1	0	
39	0	1	0	0	0	0	0	0	0	0	0	
40	0	0	0	0	0	0	0	1	0	0	0	
41	0	0	0	0	0	1	0	1	1	1	0	
42	0	0	1	0	1	0	1	0	1	0	1	
43	0	1	0	1	0	0	0	0	0	0	0	
44	0	1	0	0	0	0	0	0	0	0	0	
45	1	0	0	0	0	0	0	0	0	0	0	
46	0	0	0	1	0	1	0	1	0	1	0	
47	1	0	0	0	0	0	0	0	0	0	0	
48	0	0	0	0	0	1	0	1	0	0	0	
49	0	0	0	0	0	1	0	1	0	1	0	
50	0	0	1	0	1	0	1	0	0	0	1	
51	0	0	0	1	0	1	0	1	0	1	0	
52	0	1	0	1	0	0	0	0	0	0	0	
53	0	1	0	1	0	0	0	0	0	0	0	
54	0	1	0	0	0	0	0	0	0	0	0	
55	0	0	1	0	1	0	1	0	1	0	1	
56	0	0	0	0	1	0	0	0	0	0	0	
57	0	0	0	0	0	0	0	0	1	0	0	
58	0	0	1	0	0	0	0	0	1	0	1	
59	1	0	0	0	0	0	0	1	0	0	0	
60	1	0	1	0	1	0	1	0	0	0	0	
61	0	0	1	0	1	0	1	0	0	0	1	
62	1	0	0	0	0	0	0	0	0	0	0	
;
param p:=
1	3
2	3
3	3
4	3
5	3
6	3
7	3
8	3
9	3
;
param G:=
63	88
64	82
65	79
66	100
67	70
68	93
69	78
70	85
71	97
72	86
73	99
;
param s:=
0	0
1	10
2	10
3	10
4	10
5	10
6	10
7	10
8	10
9	10
10	10
11	10
12	10
13	10
14	10
15	10
16	10
17	10
18	10
19	10
20	10
21	10
22	10
43	10
44	10
45	10
46	10
47	10
48	10
49	10
50	10
51	10
52	10
53	10
54	10
55	10
56	10
57	10
58	10
59	10
60	10
61	10
62	10
63	10
64	10
65	10
66	10
67	10
68	10
69	10
70	10
71	10
72	10
73	10
;
param t:
	0	1	2	3	4	5	6	7	8	9	10	11	12	13	14	15	16	17	18	19	20	21	22	23	24	25	26	27	28	29	30	31	32	33	34	35	36	37	38	39	40	41	42	43	44	45	46	47	48	49	50	51	52	53	54	55	56	57	58	59	60	61	62	63	64	65	66	67	68	69	70	71	72	73:=
0	0.0	83.76	100.44	75.15	90.91	112.07	70.11	70.34	84.4	92.35	8.94	61.35	101.82	80.4	60.83	86.83	80.0	110.45	77.82	74.0	83.35	98.08	82.39	121.66	26.08	82.46	57.69	50.16	10.0	33.53	86.58	26.68	80.32	80.45	86.02	99.3	62.51	50.16	24.41	91.78	50.99	62.8	92.28	64.03	72.25	14.42	39.29	92.09	28.64	42.52	75.89	32.25	54.15	62.0	78.0	76.97	100.5	88.81	99.04	32.98	82.46	84.76	78.23	81.02	69.18	82.49	49.09	78.39	49.2	79.76	35.81	74.41	44.01	80.16
1	83.76	0.0	37.95	43.91	12.0	46.39	77.79	56.46	29.73	25.46	79.65	51.42	26.08	70.71	37.36	8.25	47.07	36.22	12.0	22.0	38.21	58.41	71.69	44.27	57.69	27.86	38.05	50.0	75.6	52.35	39.4	78.59	53.25	31.24	78.89	38.63	64.03	53.85	61.74	34.41	33.94	21.54	41.62	44.41	52.04	85.09	48.17	80.45	61.35	42.05	52.84	56.64	52.5	46.69	16.12	44.94	22.36	6.32	26.08	63.56	60.46	54.04	71.55	80.06	41.01	37.54	53.31	46.87	34.89	37.8	48.02	23.26	41.73	33.42
2	100.44	37.95	0.0	29.53	26.83	11.66	63.15	42.38	16.12	61.77	99.48	44.94	17.2	50.04	72.03	29.73	84.9	16.0	49.48	59.23	18.87	26.0	50.0	26.68	76.94	65.79	42.8	52.35	95.02	76.55	77.25	85.04	32.56	20.0	56.14	2.0	53.85	86.37	76.03	71.55	61.19	44.72	12.17	80.22	89.11	96.21	74.73	54.92	72.47	59.93	35.44	82.22	86.09	82.1	53.85	28.64	21.26	33.11	14.14	70.71	38.05	30.07	52.15	60.01	77.78	19.42	85.48	28.79	55.36	22.2	67.54	27.51	68.15	20.52
3	75.15	43.91	29.53	0.0	39.29	40.0	36.06	14.0	18.0	68.82	75.89	15.62	40.2	26.83	64.4	38.63	83.23	44.27	50.99	58.14	10.77	24.08	27.78	55.71	54.92	67.88	20.0	25.06	71.47	58.0	79.25	56.64	10.0	14.14	34.99	27.78	24.74	74.22	51.26	76.58	48.08	34.99	18.44	73.35	84.12	68.82	58.31	36.88	46.52	40.0	8.94	64.0	75.29	74.32	55.17	2.0	42.0	43.08	36.22	43.27	16.97	12.65	27.86	36.4	73.06	10.44	73.01	4.12	38.64	8.06	47.1	20.81	52.77	12.04
4	90.91	12.0	26.83	39.29	0.0	34.53	74.97	52.95	22.36	34.99	87.68	50.0	14.14	65.79	49.03	4.47	58.86	24.33	24.0	34.0	31.3	49.52	66.48	33.11	65.12	39.29	39.29	51.42	83.45	61.22	50.6	82.46	47.54	25.3	73.54	27.78	62.13	65.15	67.68	44.72	43.27	28.28	32.56	56.32	64.03	90.55	57.69	74.24	66.24	48.41	48.08	66.03	64.03	58.55	28.07	39.85	10.77	6.32	14.14	67.23	54.63	47.41	67.05	75.58	53.01	30.87	64.51	41.44	41.77	31.95	55.23	21.1	51.04	27.51
5	112.07	46.39	11.66	40.0	34.53	0.0	71.47	51.88	27.78	68.35	111.14	55.61	21.54	57.27	82.1	38.21	93.38	14.14	58.31	68.26	29.73	30.0	56.89	20.4	88.59	73.76	54.41	63.66	106.68	88.02	84.9	96.21	41.23	31.62	62.29	12.81	63.53	97.02	87.66	78.43	72.28	55.79	21.63	90.0	98.33	107.63	86.02	60.0	84.02	71.55	44.72	93.64	96.52	92.02	62.51	38.83	26.0	40.79	20.4	82.07	45.61	37.95	59.67	66.91	87.14	30.41	96.18	38.59	66.85	33.24	79.16	39.0	79.4	32.02
6	70.11	77.79	63.15	36.06	74.97	71.47	0.0	22.09	54.04	101.13	74.97	26.83	76.03	15.62	87.73	73.76	109.34	78.92	82.29	87.13	46.04	43.91	16.97	89.82	61.74	97.75	42.19	33.94	71.39	69.97	108.17	44.05	30.59	50.16	17.09	61.19	14.42	91.61	53.14	107.42	69.31	62.77	50.99	96.17	107.48	58.14	73.24	23.41	46.82	55.32	28.07	75.18	94.02	96.21	85.88	36.0	78.03	78.1	72.03	39.85	26.0	33.53	12.81	11.18	97.74	46.01	90.21	35.06	58.73	44.01	59.08	54.82	70.29	48.09
7	70.34	56.46	42.38	14.0	52.95	51.88	22.09	0.0	32.0	80.62	72.69	10.2	54.15	15.62	71.61	51.92	92.02	57.72	62.13	68.12	24.33	28.84	17.2	68.96	54.15	78.41	24.41	22.09	68.47	59.67	89.38	48.37	11.31	28.07	24.08	40.5	11.66	78.79	48.17	87.66	53.85	43.86	30.46	80.45	91.61	61.74	61.35	27.78	42.43	42.38	7.21	65.51	80.5	80.99	66.03	14.14	56.0	56.32	50.16	37.36	12.17	15.62	15.62	23.85	81.06	24.19	77.47	13.6	43.42	22.02	48.27	33.24	56.86	26.02
8	84.4	29.73	16.12	18.0	22.36	27.78	54.04	32.0	0.0	55.17	83.35	31.62	22.36	43.68	58.86	22.8	74.32	27.78	39.45	48.33	8.94	28.84	44.27	39.45	60.83	56.6	26.91	37.2	78.89	60.73	68.26	70.0	25.3	4.47	51.26	15.23	42.43	72.0	60.0	64.03	46.17	30.0	12.65	67.47	77.2	80.62	59.23	51.88	56.64	43.86	26.31	66.48	72.11	69.05	43.91	18.11	24.0	27.2	18.44	55.32	32.31	25.06	45.12	53.6	65.8	8.54	71.01	19.42	39.56	10.05	51.48	12.04	52.77	6.08
9	92.35	25.46	61.77	68.82	34.99	68.35	101.13	80.62	55.17	0.0	86.16	74.32	46.82	95.41	33.29	32.8	29.12	55.79	18.97	18.44	63.66	83.74	96.52	60.13	67.47	11.31	59.46	70.34	82.87	58.82	18.11	94.02	78.41	56.64	103.73	62.77	86.93	49.68	74.43	10.2	42.43	39.29	66.84	35.38	37.58	97.32	53.14	105.6	76.03	56.0	77.67	60.93	46.69	38.21	16.12	70.0	42.38	28.84	48.33	80.1	85.6	79.4	96.04	104.45	29.83	62.97	49.82	72.01	49.04	63.13	59.41	48.01	48.51	58.8
10	8.94	79.65	99.48	75.89	87.68	111.14	74.97	72.69	83.35	86.16	0.0	63.15	99.36	84.0	53.85	83.45	72.11	108.41	72.72	68.03	83.26	99.46	86.0	119.33	22.8	75.89	57.27	51.42	4.47	27.78	79.25	33.11	82.0	79.65	90.2	98.49	66.0	42.0	24.74	84.9	46.04	59.4	92.2	56.32	64.03	22.63	33.11	96.08	30.27	40.0	77.67	25.3	46.0	54.15	72.47	77.79	97.67	85.04	96.83	36.0	84.85	86.35	82.02	85.59	61.66	82.35	41.01	79.4	46.01	79.71	32.65	72.67	38.59	79.61
11	61.35	51.42	44.94	15.62	50.0	55.61	26.83	10.2	31.62	74.32	63.15	0.0	53.85	25.06	62.48	48.17	83.45	59.09	55.46	60.46	26.08	36.77	26.83	70.68	44.05	71.02	15.62	12.0	58.86	49.48	81.61	41.23	18.97	27.2	33.29	43.27	12.65	68.88	38.47	80.62	44.41	36.06	34.06	71.22	82.46	53.85	51.26	37.58	32.98	32.31	14.56	55.32	70.71	71.61	59.06	16.97	54.92	52.35	50.0	28.64	22.0	23.41	24.41	31.83	72.18	25.55	67.54	17.8	33.84	22.83	38.08	29.07	46.96	25.63
12	101.82	26.08	17.2	40.2	14.14	21.54	76.03	54.15	22.36	46.82	99.36	53.85	0.0	64.5	63.15	18.44	72.44	10.2	38.05	48.04	30.0	42.94	64.78	20.0	76.58	52.61	46.65	58.14	95.02	73.78	63.56	90.55	46.17	26.68	71.39	18.87	64.78	79.12	77.9	56.92	56.36	40.5	27.2	70.46	78.0	100.0	70.71	70.88	75.6	59.46	48.0	78.89	78.1	72.69	42.0	40.05	4.47	20.0	4.0	75.47	52.61	44.72	66.27	74.55	67.07	30.02	78.45	41.0	53.41	32.14	66.71	28.02	64.01	28.44
13	80.4	70.71	50.04	26.83	65.79	57.27	15.62	15.62	43.68	95.41	84.0	25.06	64.5	0.0	87.2	65.39	107.63	66.03	77.2	83.55	34.93	28.64	2.0	76.42	67.47	93.72	40.0	36.06	80.02	74.0	104.8	55.79	18.44	40.5	8.49	48.04	18.0	93.91	60.3	102.8	69.34	59.4	38.0	96.02	107.2	69.86	76.16	12.65	54.15	57.27	17.89	79.7	95.77	96.52	81.22	26.0	67.08	69.86	60.53	48.0	12.0	20.0	2.83	10.05	96.67	35.17	92.57	24.35	58.83	33.84	62.63	47.51	72.01	38.28
14	60.83	37.36	72.03	64.4	49.03	82.1	87.73	71.61	58.86	33.29	53.85	62.48	63.15	87.2	0.0	44.72	22.36	73.35	26.0	17.2	64.56	86.02	88.81	81.61	38.21	22.36	47.2	53.81	50.99	28.0	26.0	67.91	74.24	57.72	95.6	72.11	73.54	17.2	47.07	31.05	18.44	29.73	71.39	8.94	20.0	68.03	22.0	99.3	50.6	33.29	71.69	28.64	15.23	10.2	23.32	66.21	59.67	43.68	62.51	56.46	80.62	76.97	86.83	94.26	10.3	63.6	17.03	68.45	29.0	62.3	32.89	47.3	19.92	59.2
15	86.83	8.25	29.73	38.63	4.47	38.21	73.76	51.92	22.8	32.8	83.45	48.17	18.44	65.39	44.72	0.0	55.32	28.64	20.1	30.07	31.62	50.99	66.21	37.58	60.96	36.06	36.5	48.66	79.25	56.85	47.54	79.12	47.41	25.06	73.35	30.46	60.53	60.73	63.81	42.19	38.83	24.08	34.06	52.15	60.13	86.83	53.25	74.43	62.61	44.41	47.54	61.61	59.67	54.33	24.33	39.4	15.23	4.47	18.0	63.91	54.59	47.71	66.48	75.03	49.01	31.06	60.08	41.15	37.64	31.76	51.09	19.1	46.62	27.29
16	80.0	47.07	84.9	83.23	58.86	93.38	109.34	92.02	74.32	29.12	72.11	83.45	72.44	107.63	22.36	55.32	0.0	82.22	35.44	26.0	81.41	102.86	109.12	88.09	59.67	20.0	67.88	75.6	70.0	49.03	11.66	89.84	93.23	74.24	116.1	85.44	95.02	30.27	68.96	20.59	40.5	48.41	86.93	16.12	10.0	88.81	43.17	119.33	72.8	55.57	91.21	48.17	26.31	18.0	31.05	84.88	68.26	52.61	72.99	78.79	100.0	95.41	107.52	115.26	12.08	80.53	31.14	87.09	50.8	79.76	55.15	64.01	42.15	76.06
17	110.45	36.22	16.0	44.27	24.33	14.14	78.92	57.72	27.78	55.79	108.41	59.09	10.2	66.03	73.35	28.64	82.22	0.0	48.17	58.14	33.53	41.23	66.0	11.66	85.6	62.29	54.04	64.9	104.02	83.35	72.99	97.65	48.37	32.25	72.11	18.0	68.96	89.29	86.28	65.97	66.21	50.12	28.07	80.62	88.02	107.81	80.5	70.71	83.55	68.41	50.99	88.59	88.29	82.87	52.04	43.68	14.0	30.07	11.66	82.8	54.04	46.04	68.12	76.01	77.16	33.84	88.6	44.15	62.68	36.4	75.8	36.07	73.79	33.54
18	77.82	12.0	49.48	50.99	24.0	58.31	82.29	62.13	39.45	18.97	72.72	55.46	38.05	77.2	26.0	20.1	35.44	48.17	0.0	10.0	47.2	68.26	78.41	55.79	52.0	17.2	40.5	51.42	68.96	44.94	28.84	76.42	60.83	40.0	85.6	50.0	68.03	42.94	57.72	25.61	26.83	20.4	51.88	32.56	40.05	81.04	40.0	87.86	58.55	38.47	59.67	48.41	41.23	34.93	4.47	52.35	34.23	18.11	38.05	62.03	67.94	62.29	77.67	85.98	29.02	46.4	42.54	54.45	31.26	46.1	43.01	30.41	34.13	42.01
19	74.0	22.0	59.23	58.14	34.0	68.26	87.13	68.12	48.33	18.44	68.03	60.46	48.04	83.55	17.2	30.07	26.0	58.14	10.0	0.0	55.57	76.94	84.9	65.51	49.03	10.77	44.94	54.63	64.62	40.5	21.26	76.03	68.12	48.37	92.02	59.67	72.72	34.41	56.14	20.88	24.08	24.41	60.93	22.8	30.07	78.92	34.93	94.76	58.03	38.21	66.48	42.94	32.25	25.3	6.32	59.67	44.18	28.07	48.04	62.51	75.07	70.0	83.74	91.83	19.03	54.71	34.21	61.85	31.58	54.08	41.11	38.28	30.08	50.25
20	83.35	38.21	18.87	10.77	31.3	29.73	46.04	24.33	8.94	63.66	83.26	26.08	30.0	34.93	64.56	31.62	81.41	33.53	47.2	55.57	0.0	21.54	35.44	44.94	61.35	64.4	26.0	34.06	78.79	62.8	76.03	66.48	16.49	7.21	42.38	17.2	35.44	76.42	59.06	72.25	50.16	34.93	8.94	73.38	83.57	78.1	62.13	42.94	54.92	45.12	18.0	68.73	76.94	74.73	51.61	10.2	32.25	36.06	26.0	52.5	23.41	16.12	36.5	44.91	72.24	1.0	75.33	11.0	42.11	3.61	52.63	17.46	56.01	5.39
21	98.08	58.41	26.0	24.08	49.52	30.0	43.91	28.84	28.84	83.74	99.46	36.77	42.94	28.64	86.02	50.99	102.86	41.23	68.26	76.94	21.54	0.0	27.86	50.16	78.92	85.44	44.05	48.08	95.08	82.02	97.1	77.18	17.89	28.64	32.56	24.17	39.7	97.32	74.73	92.8	71.02	56.32	16.97	94.87	105.11	90.35	82.1	30.0	69.57	64.03	22.36	88.02	98.06	96.17	72.72	22.09	46.65	55.17	39.45	65.39	18.44	13.42	31.3	37.64	93.78	22.47	96.18	20.22	62.2	23.77	71.18	39.0	76.32	26.93
22	82.39	71.69	50.0	27.78	66.48	56.89	16.97	17.2	44.27	96.52	86.0	26.83	64.78	2.0	88.81	66.21	109.12	66.0	78.41	84.9	35.44	27.86	0.0	76.24	69.43	95.02	41.62	37.95	82.02	75.89	106.15	57.72	18.97	41.23	7.21	48.0	20.0	95.71	62.29	104.02	71.02	60.83	38.05	97.65	108.81	71.81	78.0	10.77	56.14	59.09	18.87	81.61	97.53	98.18	82.46	26.83	67.47	70.68	60.83	50.0	12.17	20.1	4.47	10.05	98.23	35.74	94.37	25.08	60.54	34.54	64.51	48.55	73.79	39.0
23	121.66	44.27	26.68	55.71	33.11	20.4	89.82	68.96	39.45	60.13	119.33	70.68	20.0	76.42	81.61	37.58	88.09	11.66	55.79	65.51	44.94	50.16	76.24	0.0	96.54	68.12	65.6	76.55	114.98	93.74	78.03	109.29	59.23	43.91	82.02	28.64	80.32	98.08	97.59	70.26	76.16	60.46	38.83	88.29	94.76	119.33	90.55	80.1	95.02	79.4	62.1	98.79	96.77	90.71	59.23	55.03	22.36	37.95	22.63	94.4	64.5	56.57	78.64	86.28	84.34	45.31	97.5	55.36	73.41	47.93	86.68	47.42	83.86	45.18
24	26.08	57.69	76.94	54.92	65.12	88.59	61.74	54.15	60.83	67.47	22.8	44.05	76.58	67.47	38.21	60.96	59.67	85.6	52.0	49.03	61.35	78.92	69.43	96.54	0.0	58.31	35.44	32.06	18.44	10.77	64.12	30.46	62.13	57.27	74.73	76.03	50.0	33.29	10.0	68.12	25.3	36.88	70.23	43.68	53.85	30.07	16.49	80.05	15.62	17.2	58.03	14.14	36.72	42.38	52.5	56.89	74.97	62.8	74.03	22.8	66.03	66.27	65.97	71.17	47.85	60.41	31.91	58.69	23.35	57.87	9.9	49.93	19.1	57.38
25	82.46	27.86	65.79	67.88	39.29	73.76	97.75	78.41	56.6	11.31	75.89	71.02	52.61	93.72	22.36	36.06	20.0	62.29	17.2	10.77	64.4	85.44	95.02	68.12	58.31	0.0	55.57	65.39	72.8	49.03	11.66	86.21	77.79	57.2	102.18	66.48	83.35	38.42	66.0	10.2	34.06	34.99	68.96	24.08	27.2	88.36	43.17	104.69	68.26	48.66	76.42	50.6	35.38	26.91	12.81	69.31	48.37	32.98	53.37	72.99	84.85	79.4	94.02	102.2	18.6	63.6	38.6	71.45	42.2	63.25	51.01	47.51	39.2	59.2
26	57.69	38.05	42.8	20.0	39.29	54.41	42.19	24.41	26.91	59.46	57.27	15.62	46.65	40.0	47.2	36.5	67.88	54.04	40.5	44.94	26.0	44.05	41.62	65.6	35.44	55.57	0.0	12.17	52.8	38.0	66.03	43.91	28.64	22.8	48.41	41.62	27.78	55.03	33.29	65.3	29.53	20.59	34.93	56.04	67.2	53.81	38.47	52.15	29.73	20.0	25.3	44.0	56.46	56.6	43.86	22.0	46.52	40.2	43.27	28.84	34.18	32.25	39.7	47.38	56.73	25.08	53.76	24.02	19.31	22.47	27.17	18.79	33.24	22.47
27	50.16	50.0	52.35	25.06	51.42	63.66	33.94	22.09	37.2	70.34	51.42	12.0	58.14	36.06	53.81	48.66	75.6	64.9	51.42	54.63	34.06	48.08	37.95	76.55	32.06	65.39	12.17	0.0	47.07	37.95	75.18	32.8	30.59	32.8	43.86	50.91	20.0	58.31	26.68	75.39	35.38	31.05	42.8	62.23	73.54	44.05	40.25	48.7	21.54	21.63	26.31	43.68	60.46	62.29	54.41	26.83	58.31	52.35	54.59	18.44	34.0	34.93	34.93	41.34	63.89	33.3	56.94	28.23	24.84	30.48	26.57	30.68	36.62	31.89
28	10.0	75.6	95.02	71.47	83.45	106.68	71.39	68.47	78.89	82.87	4.47	58.86	95.02	80.02	50.99	79.25	70.0	104.02	68.96	64.62	78.79	95.08	82.02	114.98	18.44	72.8	52.8	47.07	0.0	24.17	76.66	30.53	77.67	75.18	86.37	94.02	62.03	40.2	20.4	82.0	42.19	55.17	87.73	54.04	62.29	21.63	29.73	92.2	26.08	35.61	73.35	22.36	44.18	52.0	68.88	73.38	93.38	80.92	92.46	32.06	80.62	82.0	78.1	81.88	59.21	77.88	39.12	75.0	41.73	75.24	28.32	68.24	34.89	75.13
29	33.53	52.35	76.55	58.0	61.22	88.02	69.97	59.67	60.73	58.82	27.78	49.48	73.78	74.0	28.0	56.85	49.03	83.35	44.94	40.5	62.8	82.02	75.89	93.74	10.77	49.03	38.0	37.95	24.17	0.0	54.0	41.23	66.27	57.72	81.71	75.89	57.27	22.8	20.59	58.55	18.44	33.29	71.39	32.98	43.08	40.05	6.0	86.65	25.61	18.0	62.51	6.0	26.08	31.62	44.72	60.0	71.61	58.0	71.69	32.56	71.02	70.11	72.8	78.72	37.34	61.81	21.4	62.01	21.19	59.54	11.4	49.04	10.82	58.25
30	86.58	39.4	77.25	79.25	50.6	84.9	108.17	89.38	68.26	18.11	79.25	81.61	63.56	104.8	26.0	47.54	11.66	72.99	28.84	21.26	76.03	97.1	106.15	78.03	64.12	11.66	66.03	75.18	76.66	54.0	0.0	93.38	89.2	68.82	113.28	78.0	93.74	38.63	72.69	8.94	41.76	45.61	80.62	23.41	21.26	94.02	48.0	115.97	75.71	56.92	87.68	54.33	34.93	26.0	24.41	80.72	59.23	44.27	64.56	81.04	96.21	90.91	105.0	113.07	17.72	75.21	39.22	82.88	51.08	74.81	58.05	59.03	45.4	70.8
31	26.68	78.59	85.04	56.64	82.46	96.21	44.05	48.37	70.0	94.02	33.11	41.23	90.55	55.79	67.91	79.12	89.84	97.65	76.42	76.03	66.48	77.18	57.72	109.29	30.46	86.21	43.91	32.8	30.53	41.23	93.38	0.0	59.36	65.6	60.53	83.55	38.63	63.53	20.88	96.33	52.15	57.27	74.97	74.0	84.31	14.14	46.82	66.75	18.0	38.05	54.92	43.91	67.08	72.8	78.1	58.14	90.35	82.22	87.13	15.23	59.93	63.81	53.37	55.15	77.88	65.8	62.18	59.03	45.18	62.97	35.36	62.65	48.05	64.66
32	80.32	53.25	32.56	10.0	47.54	41.23	30.59	11.31	25.3	78.41	82.0	18.97	46.17	18.44	74.24	47.41	93.23	48.37	60.83	68.12	16.49	17.89	18.97	59.23	62.13	77.79	28.64	30.59	77.67	66.27	89.2	59.36	0.0	22.36	26.0	30.59	22.8	83.52	57.27	86.37	57.58	44.94	20.4	83.19	94.02	72.47	67.08	27.2	51.92	48.37	4.47	72.25	84.76	84.1	65.05	8.49	48.66	51.88	42.19	47.54	7.21	4.47	20.1	28.44	83.01	16.76	82.28	6.4	47.8	15.65	55.08	30.48	61.85	20.12
33	80.45	31.24	20.0	14.14	25.3	31.62	50.16	28.07	4.47	56.64	79.65	27.2	26.68	40.5	57.72	25.06	74.24	32.25	40.0	48.37	7.21	28.64	41.23	43.91	57.27	57.2	22.8	32.8	75.18	57.72	68.82	65.6	22.36	0.0	48.33	18.87	38.21	70.11	56.04	65.12	44.0	28.28	14.0	66.48	76.55	76.37	56.57	49.4	52.5	40.5	22.8	63.56	70.46	67.91	44.41	14.56	28.07	29.53	22.8	50.99	29.53	22.8	41.76	50.29	65.19	6.4	69.07	16.16	36.67	6.71	48.1	10.44	50.25	2.24
34	86.02	78.89	56.14	34.99	73.54	62.29	17.09	24.08	51.26	103.73	90.2	33.29	71.39	8.49	95.6	73.35	116.1	72.11	85.6	92.02	42.38	32.56	7.21	82.02	74.73	102.18	48.41	43.86	86.37	81.71	113.28	60.53	26.0	48.33	0.0	54.15	24.74	102.0	67.08	111.21	77.67	67.88	44.41	104.4	115.6	74.67	84.1	6.32	60.83	65.3	26.08	87.32	103.94	104.86	89.64	34.0	74.22	77.82	67.47	54.33	18.97	26.68	8.94	6.4	105.12	42.72	100.65	32.2	67.12	41.63	70.38	55.76	80.13	46.1
35	99.3	38.63	2.0	27.78	27.78	12.81	61.19	40.5	15.23	62.77	98.49	43.27	18.87	48.04	72.11	30.46	85.44	18.0	50.0	59.67	17.2	24.17	48.0	28.64	76.03	66.48	41.62	50.91	94.02	75.89	78.0	83.55	30.59	18.87	54.15	0.0	52.0	86.21	74.89	72.47	60.83	44.41	10.2	80.4	89.44	94.85	74.22	52.95	71.22	59.09	33.53	81.61	86.02	82.22	54.41	26.83	22.8	34.0	15.62	69.31	36.06	28.07	50.16	58.01	78.09	17.8	85.29	26.93	54.71	20.62	66.71	26.93	67.68	19.21
36	62.51	64.03	53.85	24.74	62.13	63.53	14.42	11.66	42.43	86.93	66.0	12.65	64.78	18.0	73.54	60.53	95.02	68.96	68.03	72.72	35.44	39.7	20.0	80.32	50.0	83.35	27.78	20.0	62.03	57.27	93.74	38.63	22.8	38.21	24.74	52.0	0.0	78.23	42.43	93.06	55.17	48.37	42.05	82.07	93.38	52.5	60.03	30.27	36.22	41.62	18.87	62.77	80.45	82.22	71.55	25.3	66.27	64.78	60.83	30.0	21.63	26.91	16.12	21.47	83.49	35.17	76.85	25.08	44.55	32.76	46.07	41.44	56.61	36.35
37	50.16	53.85	86.37	74.22	65.15	97.02	91.61	78.79	72.0	49.68	42.0	68.88	79.12	93.91	17.2	60.73	30.27	89.29	42.94	34.41	76.42	97.32	95.71	98.08	33.29	38.42	55.03	58.31	40.2	22.8	38.63	63.53	83.52	70.11	102.0	86.21	78.23	0.0	43.27	45.65	26.31	42.0	84.1	15.23	22.09	60.17	18.44	106.45	48.41	36.72	80.32	19.7	4.0	12.65	40.5	76.16	75.89	60.17	78.1	55.32	89.2	86.83	93.06	99.64	21.02	75.43	1.41	78.34	35.74	73.68	32.65	60.01	21.93	71.25
38	24.41	61.74	76.03	51.26	67.68	87.66	53.14	48.17	60.0	74.43	24.74	38.47	77.9	60.3	47.07	63.81	68.96	86.28	57.72	56.14	59.06	74.73	62.29	97.59	10.0	66.0	33.29	26.68	20.4	20.59	72.69	20.88	57.27	56.04	67.08	74.89	42.43	43.27	0.0	76.03	32.06	40.25	68.0	53.14	63.56	23.41	26.0	72.69	6.32	19.7	52.95	24.08	46.65	52.0	58.86	53.14	76.84	66.24	74.97	13.42	60.3	61.61	58.55	63.06	57.01	58.18	41.88	54.71	26.93	55.47	15.03	50.21	27.29	55.76
39	91.78	34.41	71.55	76.58	44.72	78.43	107.42	87.66	64.03	10.2	84.9	80.62	56.92	102.8	31.05	42.19	20.59	65.97	25.61	20.88	72.25	92.8	104.02	70.26	68.12	10.2	65.3	75.39	82.0	58.55	8.94	96.33	86.37	65.12	111.21	72.47	93.06	45.65	76.03	0.0	44.18	44.72	76.03	30.53	30.0	98.18	52.61	113.45	78.41	58.86	85.28	59.67	42.19	33.29	21.63	77.9	52.5	38.47	58.31	83.19	93.51	87.68	103.23	111.5	24.7	71.51	46.07	79.98	52.39	71.42	61.07	55.9	49.04	67.21
40	50.99	33.94	61.19	48.08	43.27	72.28	69.31	53.85	46.17	42.43	46.04	44.41	56.36	69.34	18.44	38.83	40.5	66.21	26.83	24.08	50.16	71.02	71.02	76.16	25.3	34.06	29.53	35.38	42.19	18.44	41.76	52.15	57.58	44.0	77.67	60.83	55.17	26.31	32.06	44.18	0.0	16.49	58.0	26.91	38.21	54.92	14.42	81.63	34.23	15.23	54.63	22.8	27.2	27.2	27.2	50.0	53.85	39.7	54.63	39.29	63.56	60.73	68.82	76.06	28.6	49.16	25.18	52.2	10.63	47.38	17.03	34.13	7.81	45.04
41	62.8	21.54	44.72	34.99	28.28	55.79	62.77	43.86	30.0	39.29	59.4	36.06	40.5	59.4	29.73	24.08	48.41	50.12	20.4	24.41	34.93	56.32	60.83	60.46	36.88	34.99	20.59	31.05	55.17	33.29	45.61	57.27	44.94	28.28	67.88	44.41	48.37	42.0	40.25	44.72	16.49	0.0	42.19	38.63	49.19	63.56	30.46	70.94	39.85	20.59	42.8	38.47	42.19	39.85	23.41	36.72	38.42	26.08	38.47	42.43	51.61	47.41	59.46	67.48	38.08	33.96	41.01	38.95	13.6	32.57	27.02	18.03	23.77	29.61
42	92.28	41.62	12.17	18.44	32.56	21.63	50.99	30.46	12.65	66.84	92.2	34.06	27.2	38.0	71.39	34.06	86.93	28.07	51.88	60.93	8.94	16.97	38.05	38.83	70.23	68.96	34.93	42.8	87.73	71.39	80.62	74.97	20.4	14.0	44.41	10.2	42.05	84.1	68.0	76.03	58.0	42.19	0.0	80.05	89.84	86.83	70.46	43.68	63.81	53.85	23.41	77.28	84.38	81.58	56.36	17.2	30.46	38.21	23.41	61.22	26.0	18.0	40.05	48.01	78.45	9.85	83.05	17.0	50.49	12.53	61.4	24.19	64.2	13.15
43	64.03	44.41	80.22	73.35	56.32	90.0	96.17	80.45	67.47	35.38	56.32	71.22	70.46	96.02	8.94	52.15	16.12	80.62	32.56	22.8	73.38	94.87	97.65	88.29	43.68	24.08	56.04	62.23	54.04	32.98	23.41	74.0	83.19	66.48	104.4	80.4	82.07	15.23	53.14	30.53	26.91	38.63	80.05	0.0	11.31	72.69	27.2	108.17	57.27	41.23	80.62	32.06	11.66	2.83	29.12	75.15	66.75	50.64	70.11	63.53	89.55	85.91	95.6	102.94	5.83	72.42	15.81	77.39	37.54	71.17	39.82	56.04	26.93	68.01
44	72.25	52.04	89.11	84.12	64.03	98.33	107.48	91.61	77.2	37.58	64.03	82.46	78.0	107.2	20.0	60.13	10.0	88.02	40.05	30.07	83.57	105.11	108.81	94.76	53.85	27.2	67.2	73.54	62.29	43.08	21.26	84.31	94.02	76.55	115.6	89.44	93.38	22.09	63.56	30.0	38.21	49.19	89.84	11.31	0.0	82.0	37.58	119.28	68.0	52.5	91.59	41.23	18.11	11.66	36.0	85.88	74.03	58.0	78.1	74.43	100.5	96.6	106.83	114.21	11.4	82.64	23.19	88.12	48.84	81.54	50.77	66.13	38.01	78.19
45	14.42	85.09	96.21	68.82	90.55	107.63	58.14	61.74	80.62	97.32	22.63	53.85	100.0	69.86	68.03	86.83	88.81	107.81	81.04	78.92	78.1	90.35	71.81	119.33	30.07	88.36	53.81	44.05	21.63	40.05	94.02	14.14	72.47	76.37	74.67	94.85	52.5	60.17	23.41	98.18	54.92	63.56	86.83	72.69	82.0	0.0	46.04	80.89	24.41	43.08	68.0	40.79	64.03	71.02	82.0	70.46	99.3	89.44	96.83	25.61	73.54	76.94	67.47	69.26	77.32	77.34	58.94	71.56	50.33	74.52	38.08	72.01	49.16	75.69
46	39.29	48.17	74.73	58.31	57.69	86.02	73.24	61.35	59.23	53.14	33.11	51.26	70.71	76.16	22.0	53.25	43.17	80.5	40.0	34.93	62.13	82.1	78.0	90.55	16.49	43.17	38.47	40.25	29.73	6.0	48.0	46.82	67.08	56.57	84.1	74.22	60.03	18.44	26.0	52.61	14.42	30.46	70.46	27.2	37.58	46.04	0.0	88.77	30.53	18.97	63.56	8.49	21.26	26.0	39.45	60.3	68.26	54.04	68.88	37.2	72.28	70.71	75.15	81.49	31.4	61.13	17.03	62.39	20.02	59.03	14.21	47.3	6.71	57.31
47	92.09	80.45	54.92	36.88	74.24	60.0	23.41	27.78	51.88	105.6	96.08	37.58	70.88	12.65	99.3	74.43	119.33	70.71	87.86	94.76	42.94	30.0	10.77	80.1	80.05	104.69	52.15	48.7	92.2	86.65	115.97	66.75	27.2	49.4	6.32	52.95	30.27	106.45	72.69	113.45	81.63	70.94	43.68	108.17	119.28	80.89	88.77	0.0	66.48	69.86	28.28	92.35	108.24	108.76	92.02	35.61	74.0	78.89	67.05	60.13	20.0	26.83	14.14	12.53	108.6	43.42	105.12	33.6	71.2	42.72	75.27	57.63	84.53	47.17
48	28.64	61.35	72.47	46.52	66.24	84.02	46.82	42.43	56.64	76.03	30.27	32.98	75.6	54.15	50.6	62.61	72.8	83.55	58.55	58.03	54.92	69.57	56.14	95.02	15.62	68.26	29.73	21.54	26.08	25.61	75.71	18.0	51.92	52.5	60.83	71.22	36.22	48.41	6.32	78.41	34.23	39.85	63.81	57.27	68.0	24.41	30.53	66.48	0.0	20.1	47.54	29.73	51.61	56.36	60.13	48.33	74.89	65.39	72.47	7.21	54.59	56.32	52.35	56.75	60.75	54.08	47.01	49.77	27.29	51.31	17.72	47.63	30.68	52.01
49	42.52	42.05	59.93	40.0	48.41	71.55	55.32	42.38	43.86	56.0	40.0	32.31	59.46	57.27	33.29	44.41	55.57	68.41	38.47	38.21	45.12	64.03	59.09	79.4	17.2	48.66	20.0	21.63	35.61	18.0	56.92	38.05	48.37	40.5	65.3	59.09	41.62	36.72	19.7	58.86	15.23	20.59	53.85	41.23	52.5	43.08	18.97	69.86	20.1	0.0	44.72	24.0	38.83	41.04	40.05	42.0	58.0	46.65	56.85	24.33	53.37	52.15	56.36	62.97	43.57	44.15	35.36	44.01	7.28	41.77	7.62	32.76	15.0	40.8
50	75.89	52.84	35.44	8.94	48.08	44.72	28.07	7.21	26.31	77.67	77.67	14.56	48.0	17.89	71.69	47.54	91.21	50.99	59.67	66.48	18.0	22.36	18.87	62.1	58.03	76.42	25.3	26.31	73.35	62.51	87.68	54.92	4.47	22.8	26.08	33.53	18.87	80.32	52.95	85.28	54.63	42.8	23.41	80.62	91.59	68.0	63.56	28.28	47.54	44.72	0.0	68.47	81.71	81.41	63.78	8.25	50.16	52.0	44.0	43.08	8.94	8.94	18.97	27.51	80.71	18.03	79.06	7.0	44.6	16.28	51.24	29.68	58.52	20.62
51	32.25	56.64	82.22	64.0	66.03	93.64	75.18	65.51	66.48	60.93	25.3	55.32	78.89	79.7	28.64	61.61	48.17	88.59	48.41	42.94	68.73	88.02	81.61	98.79	14.14	50.6	44.0	43.68	22.36	6.0	54.33	43.91	72.25	63.56	87.32	81.61	62.77	19.7	24.08	59.67	22.8	38.47	77.28	32.06	41.23	40.79	8.49	92.35	29.73	24.0	68.47	0.0	23.41	30.27	47.71	66.0	76.55	62.48	76.94	36.88	76.94	76.11	78.43	84.17	37.01	67.74	18.38	68.01	26.93	65.49	17.26	54.71	15.0	64.13
52	54.15	52.5	86.09	75.29	64.03	96.52	94.02	80.5	72.11	46.69	46.0	70.71	78.1	95.77	15.23	59.67	26.31	88.29	41.23	32.25	76.94	98.06	97.53	96.77	36.72	35.38	56.46	60.46	44.18	26.08	34.93	67.08	84.76	70.46	103.94	86.02	80.45	4.0	46.65	42.19	27.2	42.19	84.38	11.66	18.11	64.03	21.26	108.24	51.61	38.83	81.71	23.41	0.0	8.94	38.47	77.2	74.73	58.82	77.28	58.41	90.62	87.93	95.02	101.79	17.49	75.95	5.1	79.4	37.16	74.33	35.36	60.21	23.85	71.7
53	62.0	46.69	82.1	74.32	58.55	92.02	96.21	80.99	69.05	38.21	54.15	71.61	72.69	96.52	10.2	54.33	18.0	82.87	34.93	25.3	74.73	96.17	98.18	90.71	42.38	26.91	56.6	62.29	52.0	31.62	26.0	72.8	84.1	67.91	104.86	82.22	82.22	12.65	52.0	33.29	27.2	39.85	81.58	2.83	11.66	71.02	26.0	108.76	56.36	41.04	81.41	30.27	8.94	0.0	31.62	76.16	69.05	52.95	72.25	62.77	90.35	86.93	96.02	103.23	8.6	73.76	13.34	78.39	37.8	72.42	39.12	57.49	26.4	69.38
54	78.0	16.12	53.85	55.17	28.07	62.51	85.88	66.03	43.91	16.12	72.47	59.06	42.0	81.22	23.32	24.33	31.05	52.04	4.47	6.32	51.61	72.72	82.46	59.23	52.5	12.81	43.86	54.41	68.88	44.72	24.41	78.1	65.05	44.41	89.64	54.41	71.55	40.5	58.86	21.63	27.2	23.41	56.36	29.12	36.0	82.0	39.45	92.02	60.13	40.05	63.78	47.71	38.47	31.62	0.0	56.57	38.05	22.0	42.19	64.03	72.14	66.6	81.61	89.87	25.18	50.8	40.22	58.69	33.0	50.45	43.93	34.71	34.01	46.4
55	76.97	44.94	28.64	2.0	39.85	38.83	36.0	14.14	18.11	70.0	77.79	16.97	40.05	26.0	66.21	39.4	84.88	43.68	52.35	59.67	10.2	22.09	26.83	55.03	56.89	69.31	22.0	26.83	73.38	60.0	80.72	58.14	8.49	14.56	34.0	26.83	25.3	76.16	53.14	77.9	50.0	36.72	17.2	75.15	85.88	70.46	60.3	35.61	48.33	42.0	8.25	66.0	77.2	76.16	56.57	0.0	42.05	43.86	36.06	44.94	15.62	10.77	27.2	35.74	74.79	10.05	74.95	2.24	40.61	8.06	49.09	22.02	54.74	12.37
56	100.5	22.36	21.26	42.0	10.77	26.0	78.03	56.0	24.0	42.38	97.67	54.92	4.47	67.08	59.67	15.23	68.26	14.0	34.23	44.18	32.25	46.65	67.47	22.36	74.97	48.37	46.52	58.31	93.38	71.61	59.23	90.35	48.66	28.07	74.22	22.8	66.27	75.89	76.84	52.5	53.85	38.42	30.46	66.75	74.03	99.3	68.26	74.0	74.89	58.0	50.16	76.55	74.73	69.05	38.05	42.05	0.0	16.12	7.21	75.18	55.32	47.54	68.73	77.1	63.2	32.14	75.27	43.19	51.66	34.01	65.07	27.73	61.59	30.02
57	88.81	6.32	33.11	43.08	6.32	40.79	78.1	56.32	27.2	28.84	85.04	52.35	20.0	69.86	43.68	4.47	52.61	30.07	18.11	28.07	36.06	55.17	70.68	37.95	62.8	32.98	40.2	52.35	80.92	58.0	44.27	82.22	51.88	29.53	77.82	34.0	64.78	60.17	66.24	38.47	39.7	26.08	38.21	50.64	58.0	89.44	54.04	78.89	65.39	46.65	52.0	62.48	58.82	52.95	22.0	43.86	16.12	0.0	20.4	67.05	59.06	52.15	70.94	79.48	47.1	35.51	59.62	45.62	39.66	36.24	53.01	23.35	47.51	31.76
58	99.04	26.08	14.14	36.22	14.14	20.4	72.03	50.16	18.44	48.33	96.83	50.0	4.0	60.53	62.51	18.0	72.99	11.66	38.05	48.04	26.0	39.45	60.83	22.63	74.03	53.37	43.27	54.59	92.46	71.69	64.56	87.13	42.19	22.8	67.47	15.62	60.83	78.1	74.97	58.31	54.63	38.47	23.41	70.11	78.1	96.83	68.88	67.05	72.47	56.85	44.0	76.94	77.28	72.25	42.19	36.06	7.21	20.4	0.0	72.11	48.66	40.79	62.29	70.58	67.01	26.02	77.37	37.0	51.04	28.16	64.2	24.84	62.17	24.52
59	32.98	63.56	70.71	43.27	67.23	82.07	39.85	37.36	55.32	80.1	36.0	28.64	75.47	48.0	56.46	63.91	78.79	82.8	62.03	62.51	52.5	65.39	50.0	94.4	22.8	72.99	28.84	18.44	32.06	32.56	81.04	15.23	47.54	50.99	54.33	69.31	30.0	55.32	13.42	83.19	39.29	42.43	61.22	63.53	74.43	25.61	37.2	60.13	7.21	24.33	43.08	36.88	58.41	62.77	64.03	44.94	75.18	67.05	72.11	0.0	49.48	52.0	46.04	50.01	66.71	51.74	53.91	46.14	31.06	48.92	23.71	47.51	36.67	50.21
60	82.46	60.46	38.05	16.97	54.63	45.61	26.0	12.17	32.31	85.6	84.85	22.0	52.61	12.0	80.62	54.59	100.0	54.04	67.94	75.07	23.41	18.44	12.17	64.5	66.03	84.85	34.18	34.0	80.62	71.02	96.21	59.93	7.21	29.53	18.97	36.06	21.63	89.2	60.3	93.51	63.56	51.61	26.0	89.55	100.5	73.54	72.28	20.0	54.59	53.37	8.94	76.94	90.62	90.35	72.14	15.62	55.32	59.06	48.66	49.48	0.0	8.0	14.14	22.02	89.59	23.77	87.92	13.6	53.49	22.83	59.68	37.64	67.36	27.29
61	84.76	54.04	30.07	12.65	47.41	37.95	33.53	15.62	25.06	79.4	86.35	23.41	44.72	20.0	76.97	47.71	95.41	46.04	62.29	70.0	16.12	13.42	20.1	56.57	66.27	79.4	32.25	34.93	82.0	70.11	90.91	63.81	4.47	22.8	26.68	28.07	26.91	86.83	61.61	87.68	60.73	47.41	18.0	85.91	96.6	76.94	70.71	26.83	56.32	52.15	8.94	76.11	87.93	86.93	66.6	10.77	47.54	52.15	40.79	52.0	8.0	0.0	22.09	30.02	85.48	16.64	85.62	8.54	51.2	16.28	59.01	31.89	65.31	20.62
62	78.23	71.55	52.15	27.86	67.05	59.67	12.81	15.62	45.12	96.04	82.02	24.41	66.27	2.83	86.83	66.48	107.52	68.12	77.67	83.74	36.5	31.3	4.47	78.64	65.97	94.02	39.7	34.93	78.1	72.8	105.0	53.37	20.1	41.76	8.94	50.16	16.12	93.06	58.55	103.23	68.82	59.46	40.05	95.6	106.83	67.47	75.15	14.14	52.35	56.36	18.97	78.43	95.02	96.02	81.61	27.2	68.73	70.94	62.29	46.04	14.14	22.09	0.0	8.54	96.43	36.67	91.71	25.71	58.25	35.17	61.47	48.3	71.2	39.56
63	81.02	80.06	60.01	36.4	75.58	66.91	11.18	23.85	53.6	104.45	85.59	31.83	74.55	10.05	94.26	75.03	115.26	76.01	85.98	91.83	44.91	37.64	10.05	86.28	71.17	102.2	47.38	41.34	81.88	78.72	113.07	55.15	28.44	50.29	6.4	58.01	21.47	99.64	63.06	111.5	76.06	67.48	48.01	102.94	114.21	69.26	81.49	12.53	56.75	62.97	27.51	84.17	101.79	103.23	89.87	35.74	77.1	79.48	70.58	50.01	22.02	30.02	8.54	0.0	104.0	45.12	98.27	34.21	65.44	43.68	67.54	56.8	77.94	48.08
64	69.18	41.01	77.78	73.06	53.01	87.14	97.74	81.06	65.8	29.83	61.66	72.18	67.07	96.67	10.3	49.01	12.08	77.16	29.02	19.03	72.24	93.78	98.23	84.34	47.85	18.6	56.73	63.89	59.21	37.34	17.72	77.88	83.01	65.19	105.12	78.09	83.49	21.02	57.01	24.7	28.6	38.08	78.45	5.83	11.4	77.32	31.4	108.6	60.75	43.57	80.71	37.01	17.49	8.6	25.18	74.79	63.2	47.1	67.01	66.71	89.59	85.48	96.43	104.0	0.0	71.31	21.54	77.03	39.05	70.26	43.08	54.78	30.08	66.85
65	82.49	37.54	19.42	10.44	30.87	30.41	46.01	24.19	8.54	62.97	82.35	25.55	30.02	35.17	63.6	31.06	80.53	33.84	46.4	54.71	1.0	22.47	35.74	45.31	60.41	63.6	25.08	33.3	77.88	61.81	75.21	65.8	16.76	6.4	42.72	17.8	35.17	75.43	58.18	71.51	49.16	33.96	9.85	72.42	82.64	77.34	61.13	43.42	54.08	44.15	18.03	67.74	75.95	73.76	50.8	10.05	32.14	35.51	26.02	51.74	23.77	16.64	36.67	45.12	71.31	0.0	74.33	11.05	41.11	2.83	51.66	16.55	55.01	4.47
66	49.09	53.31	85.48	73.01	64.51	96.18	90.21	77.47	71.01	49.82	41.01	67.54	78.45	92.57	17.03	60.08	31.14	88.6	42.54	34.21	75.33	96.18	94.37	97.5	31.91	38.6	53.76	56.94	39.12	21.4	39.22	62.18	82.28	69.07	100.65	85.29	76.85	1.41	41.88	46.07	25.18	41.01	83.05	15.81	23.19	58.94	17.03	105.12	47.01	35.36	79.06	18.38	5.1	13.34	40.22	74.95	75.27	59.62	77.37	53.91	87.92	85.62	91.71	98.27	21.54	74.33	0.0	77.13	34.48	72.56	31.24	59.0	20.62	70.18
