set K:= 1	2;
set C_H:= 1	2;
set C_S:= 3	4;
set C_F:= 5	6;
set M:= 7	8	9	10	11	12;
set L_B:= 13	14;
set A1:=
(0,*) 1 2 5 6 7 8 9 10 11 12 13 14 15
(1,*) 0 2 5 6 7 8 9 10 11 12 13 14 15
(2,*) 0 1 5 6 7 8 9 10 11 12 13 14 15
(5,*) 0 1 2 6 7 8 9 10 11 12 13 14 15
(6,*) 0 1 2 5 7 8 9 10 11 12 13 14 15
(7,*) 0 1 2 5 6 8 9 10 11 12 13 14 15
(8,*) 0 1 2 5 6 7 9 10 11 12 13 14 15
(9,*) 0 1 2 5 6 7 8 10 11 12 13 14 15
(10,*) 0 1 2 5 6 7 8 9 11 12 13 14 15
(11,*) 0 1 2 5 6 7 8 9 10 12 13 14 15
(12,*) 0 1 2 5 6 7 8 9 10 11 13 14 15
(13,*) 0 1 2 5 6 7 8 9 10 11 12 14 15
(14,*) 0 1 2 5 6 7 8 9 10 11 12 13 15
(15,*) 0 1 2 5 6 7 8 9 10 11 12 13 14
;
set A2:=
(7,*) 8
(8,*) 7
;
param BigM:=99999;
param n:= 2;
param d:=
1	8
2	14
3	8
4	12
5	16
6	2
;
param Q:=100;
param w:=
[7,*] 8 0.1
[8,*] 7 0.1
;
param V:=
[7,*] 8 89
[8,*] 7 89
;
param e:
	7	8	9	10	11	12	13	14:=
3		0		0		0		1		0		0		0		0	
4		0		0		1		0		0		0		0		0	
5		0		0		1		0		0		1		0		0	
6		0		0		0		1		0		0		0		0	
;
param p:=
1	3
2	3
;
param G:=
7	72
8	89
9	87
10	100
11	99
12	100
13	74
14	72
;
param s:=
0	0
1	10
2	10
5	10
6	10
7	10
8	10
9	10
10	10
11	10
12	10
13	10
14	10
;
param t:
	0	1	2	3	4	5	6	7	8	9	10	11	12	13	14	15:=
0	0.0	78.03	16.28	79.23	64.03	51.04	62.29	20.81	83.49	64.94	61.19	13.0	62.8	45.97	46.96	0.0
1	78.03	0.0	66.71	82.76	56.22	44.94	64.85	82.28	18.03	51.09	81.49	86.41	30.41	35.69	46.04	78.03
2	16.28	66.71	0.0	84.9	47.8	35.01	65.76	34.41	75.0	48.66	68.94	29.12	47.8	39.4	45.28	16.28
3	79.23	82.76	84.9	0.0	116.83	99.05	20.81	62.29	70.52	114.02	19.92	74.24	96.88	59.67	45.8	79.23
4	64.03	56.22	47.8	116.83	0.0	17.8	96.02	81.02	73.01	5.39	106.08	76.92	26.0	57.45	71.03	64.03
5	51.04	44.94	35.01	99.05	17.8	0.0	78.24	65.8	59.84	15.81	88.39	63.39	16.28	39.82	53.25	51.04
6	62.29	64.85	65.76	20.81	96.02	78.24	0.0	48.47	55.23	93.24	18.11	59.77	76.42	38.95	25.0	62.29
7	20.81	82.28	34.41	62.29	81.02	65.8	48.47	0.0	83.24	80.99	43.0	12.0	74.33	46.82	41.4	20.81
8	83.49	18.03	75.0	70.52	73.01	59.84	55.23	83.24	0.0	68.07	73.06	89.63	47.01	37.64	42.72	83.49
9	64.94	51.09	48.66	114.02	5.39	15.81	93.24	80.99	68.07	0.0	104.0	77.67	21.1	54.41	68.25	64.94
10	61.19	81.49	68.94	19.92	106.08	88.39	18.11	43.0	73.06	104.0	0.0	55.0	89.31	51.62	37.59	61.19
11	13.0	86.41	29.12	74.24	76.92	63.39	59.77	12.0	89.63	77.67	55.0	0.0	74.17	52.15	49.58	13.0
12	62.8	30.41	47.8	96.88	26.0	16.28	76.42	74.33	47.01	21.1	89.31	74.17	0.0	37.8	52.01	62.8
13	45.97	35.69	39.4	59.67	57.45	39.82	38.95	46.82	37.64	54.41	51.62	52.15	37.8	0.0	14.21	45.97
14	46.96	46.04	45.28	45.8	71.03	53.25	25.0	41.4	42.72	68.25	37.59	49.58	52.01	14.21	0.0	46.96
;
