set K:= 1	2	3	4	5	6	7	8	9;
set C_H:= 1	2	3	4	5	6	7	8	9	10	11	12	13	14	15	16	17	18	19	20	21	22	23	24	25	26;
set C_S:= 27	28	29	30	31	32	33	34	35	36	37	38	39	40	41	42	43	44	45;
set C_F:= 46	47	48	49	50	51	52	53	54	55	56	57	58	59	60	61	62	63	64;
set M:= 65	66	67	68;
set L_B:= 69	70;
set A1:=
(0,*) 1 2 3 4 5 6 7 8 9 10 11 12 13 14 15 16 17 18 19 20 21 22 23 24 25 26 46 47 48 49 50 51 52 53 54 55 56 57 58 59 60 61 62 63 64 65 66 67 68 69 70
(1,*) 0 2 3 4 5 6 7 8 9 10 11 12 13 14 15 16 17 18 19 20 21 22 23 24 25 26 46 47 48 49 50 51 52 53 54 55 56 57 58 59 60 61 62 63 64 65 66 67 68 69 70
(2,*) 0 1 3 4 5 6 7 8 9 10 11 12 13 14 15 16 17 18 19 20 21 22 23 24 25 26 46 47 48 49 50 51 52 53 54 55 56 57 58 59 60 61 62 63 64 65 66 67 68 69 70
(3,*) 0 1 2 4 5 6 7 8 9 10 11 12 13 14 15 16 17 18 19 20 21 22 23 24 25 26 46 47 48 49 50 51 52 53 54 55 56 57 58 59 60 61 62 63 64 65 66 67 68 69 70
(4,*) 0 1 2 3 5 6 7 8 9 10 11 12 13 14 15 16 17 18 19 20 21 22 23 24 25 26 46 47 48 49 50 51 52 53 54 55 56 57 58 59 60 61 62 63 64 65 66 67 68 69 70
(5,*) 0 1 2 3 4 6 7 8 9 10 11 12 13 14 15 16 17 18 19 20 21 22 23 24 25 26 46 47 48 49 50 51 52 53 54 55 56 57 58 59 60 61 62 63 64 65 66 67 68 69 70
(6,*) 0 1 2 3 4 5 7 8 9 10 11 12 13 14 15 16 17 18 19 20 21 22 23 24 25 26 46 47 48 49 50 51 52 53 54 55 56 57 58 59 60 61 62 63 64 65 66 67 68 69 70
(7,*) 0 1 2 3 4 5 6 8 9 10 11 12 13 14 15 16 17 18 19 20 21 22 23 24 25 26 46 47 48 49 50 51 52 53 54 55 56 57 58 59 60 61 62 63 64 65 66 67 68 69 70
(8,*) 0 1 2 3 4 5 6 7 9 10 11 12 13 14 15 16 17 18 19 20 21 22 23 24 25 26 46 47 48 49 50 51 52 53 54 55 56 57 58 59 60 61 62 63 64 65 66 67 68 69 70
(9,*) 0 1 2 3 4 5 6 7 8 10 11 12 13 14 15 16 17 18 19 20 21 22 23 24 25 26 46 47 48 49 50 51 52 53 54 55 56 57 58 59 60 61 62 63 64 65 66 67 68 69 70
(10,*) 0 1 2 3 4 5 6 7 8 9 11 12 13 14 15 16 17 18 19 20 21 22 23 24 25 26 46 47 48 49 50 51 52 53 54 55 56 57 58 59 60 61 62 63 64 65 66 67 68 69 70
(11,*) 0 1 2 3 4 5 6 7 8 9 10 12 13 14 15 16 17 18 19 20 21 22 23 24 25 26 46 47 48 49 50 51 52 53 54 55 56 57 58 59 60 61 62 63 64 65 66 67 68 69 70
(12,*) 0 1 2 3 4 5 6 7 8 9 10 11 13 14 15 16 17 18 19 20 21 22 23 24 25 26 46 47 48 49 50 51 52 53 54 55 56 57 58 59 60 61 62 63 64 65 66 67 68 69 70
(13,*) 0 1 2 3 4 5 6 7 8 9 10 11 12 14 15 16 17 18 19 20 21 22 23 24 25 26 46 47 48 49 50 51 52 53 54 55 56 57 58 59 60 61 62 63 64 65 66 67 68 69 70
(14,*) 0 1 2 3 4 5 6 7 8 9 10 11 12 13 15 16 17 18 19 20 21 22 23 24 25 26 46 47 48 49 50 51 52 53 54 55 56 57 58 59 60 61 62 63 64 65 66 67 68 69 70
(15,*) 0 1 2 3 4 5 6 7 8 9 10 11 12 13 14 16 17 18 19 20 21 22 23 24 25 26 46 47 48 49 50 51 52 53 54 55 56 57 58 59 60 61 62 63 64 65 66 67 68 69 70
(16,*) 0 1 2 3 4 5 6 7 8 9 10 11 12 13 14 15 17 18 19 20 21 22 23 24 25 26 46 47 48 49 50 51 52 53 54 55 56 57 58 59 60 61 62 63 64 65 66 67 68 69 70
(17,*) 0 1 2 3 4 5 6 7 8 9 10 11 12 13 14 15 16 18 19 20 21 22 23 24 25 26 46 47 48 49 50 51 52 53 54 55 56 57 58 59 60 61 62 63 64 65 66 67 68 69 70
(18,*) 0 1 2 3 4 5 6 7 8 9 10 11 12 13 14 15 16 17 19 20 21 22 23 24 25 26 46 47 48 49 50 51 52 53 54 55 56 57 58 59 60 61 62 63 64 65 66 67 68 69 70
(19,*) 0 1 2 3 4 5 6 7 8 9 10 11 12 13 14 15 16 17 18 20 21 22 23 24 25 26 46 47 48 49 50 51 52 53 54 55 56 57 58 59 60 61 62 63 64 65 66 67 68 69 70
(20,*) 0 1 2 3 4 5 6 7 8 9 10 11 12 13 14 15 16 17 18 19 21 22 23 24 25 26 46 47 48 49 50 51 52 53 54 55 56 57 58 59 60 61 62 63 64 65 66 67 68 69 70
(21,*) 0 1 2 3 4 5 6 7 8 9 10 11 12 13 14 15 16 17 18 19 20 22 23 24 25 26 46 47 48 49 50 51 52 53 54 55 56 57 58 59 60 61 62 63 64 65 66 67 68 69 70
(22,*) 0 1 2 3 4 5 6 7 8 9 10 11 12 13 14 15 16 17 18 19 20 21 23 24 25 26 46 47 48 49 50 51 52 53 54 55 56 57 58 59 60 61 62 63 64 65 66 67 68 69 70
(23,*) 0 1 2 3 4 5 6 7 8 9 10 11 12 13 14 15 16 17 18 19 20 21 22 24 25 26 46 47 48 49 50 51 52 53 54 55 56 57 58 59 60 61 62 63 64 65 66 67 68 69 70
(24,*) 0 1 2 3 4 5 6 7 8 9 10 11 12 13 14 15 16 17 18 19 20 21 22 23 25 26 46 47 48 49 50 51 52 53 54 55 56 57 58 59 60 61 62 63 64 65 66 67 68 69 70
(25,*) 0 1 2 3 4 5 6 7 8 9 10 11 12 13 14 15 16 17 18 19 20 21 22 23 24 26 46 47 48 49 50 51 52 53 54 55 56 57 58 59 60 61 62 63 64 65 66 67 68 69 70
(26,*) 0 1 2 3 4 5 6 7 8 9 10 11 12 13 14 15 16 17 18 19 20 21 22 23 24 25 46 47 48 49 50 51 52 53 54 55 56 57 58 59 60 61 62 63 64 65 66 67 68 69 70
(46,*) 0 1 2 3 4 5 6 7 8 9 10 11 12 13 14 15 16 17 18 19 20 21 22 23 24 25 26 47 48 49 50 51 52 53 54 55 56 57 58 59 60 61 62 63 64 65 66 67 68 69 70
(47,*) 0 1 2 3 4 5 6 7 8 9 10 11 12 13 14 15 16 17 18 19 20 21 22 23 24 25 26 46 48 49 50 51 52 53 54 55 56 57 58 59 60 61 62 63 64 65 66 67 68 69 70
(48,*) 0 1 2 3 4 5 6 7 8 9 10 11 12 13 14 15 16 17 18 19 20 21 22 23 24 25 26 46 47 49 50 51 52 53 54 55 56 57 58 59 60 61 62 63 64 65 66 67 68 69 70
(49,*) 0 1 2 3 4 5 6 7 8 9 10 11 12 13 14 15 16 17 18 19 20 21 22 23 24 25 26 46 47 48 50 51 52 53 54 55 56 57 58 59 60 61 62 63 64 65 66 67 68 69 70
(50,*) 0 1 2 3 4 5 6 7 8 9 10 11 12 13 14 15 16 17 18 19 20 21 22 23 24 25 26 46 47 48 49 51 52 53 54 55 56 57 58 59 60 61 62 63 64 65 66 67 68 69 70
(51,*) 0 1 2 3 4 5 6 7 8 9 10 11 12 13 14 15 16 17 18 19 20 21 22 23 24 25 26 46 47 48 49 50 52 53 54 55 56 57 58 59 60 61 62 63 64 65 66 67 68 69 70
(52,*) 0 1 2 3 4 5 6 7 8 9 10 11 12 13 14 15 16 17 18 19 20 21 22 23 24 25 26 46 47 48 49 50 51 53 54 55 56 57 58 59 60 61 62 63 64 65 66 67 68 69 70
(53,*) 0 1 2 3 4 5 6 7 8 9 10 11 12 13 14 15 16 17 18 19 20 21 22 23 24 25 26 46 47 48 49 50 51 52 54 55 56 57 58 59 60 61 62 63 64 65 66 67 68 69 70
(54,*) 0 1 2 3 4 5 6 7 8 9 10 11 12 13 14 15 16 17 18 19 20 21 22 23 24 25 26 46 47 48 49 50 51 52 53 55 56 57 58 59 60 61 62 63 64 65 66 67 68 69 70
(55,*) 0 1 2 3 4 5 6 7 8 9 10 11 12 13 14 15 16 17 18 19 20 21 22 23 24 25 26 46 47 48 49 50 51 52 53 54 56 57 58 59 60 61 62 63 64 65 66 67 68 69 70
(56,*) 0 1 2 3 4 5 6 7 8 9 10 11 12 13 14 15 16 17 18 19 20 21 22 23 24 25 26 46 47 48 49 50 51 52 53 54 55 57 58 59 60 61 62 63 64 65 66 67 68 69 70
(57,*) 0 1 2 3 4 5 6 7 8 9 10 11 12 13 14 15 16 17 18 19 20 21 22 23 24 25 26 46 47 48 49 50 51 52 53 54 55 56 58 59 60 61 62 63 64 65 66 67 68 69 70
(58,*) 0 1 2 3 4 5 6 7 8 9 10 11 12 13 14 15 16 17 18 19 20 21 22 23 24 25 26 46 47 48 49 50 51 52 53 54 55 56 57 59 60 61 62 63 64 65 66 67 68 69 70
(59,*) 0 1 2 3 4 5 6 7 8 9 10 11 12 13 14 15 16 17 18 19 20 21 22 23 24 25 26 46 47 48 49 50 51 52 53 54 55 56 57 58 60 61 62 63 64 65 66 67 68 69 70
(60,*) 0 1 2 3 4 5 6 7 8 9 10 11 12 13 14 15 16 17 18 19 20 21 22 23 24 25 26 46 47 48 49 50 51 52 53 54 55 56 57 58 59 61 62 63 64 65 66 67 68 69 70
(61,*) 0 1 2 3 4 5 6 7 8 9 10 11 12 13 14 15 16 17 18 19 20 21 22 23 24 25 26 46 47 48 49 50 51 52 53 54 55 56 57 58 59 60 62 63 64 65 66 67 68 69 70
(62,*) 0 1 2 3 4 5 6 7 8 9 10 11 12 13 14 15 16 17 18 19 20 21 22 23 24 25 26 46 47 48 49 50 51 52 53 54 55 56 57 58 59 60 61 63 64 65 66 67 68 69 70
(63,*) 0 1 2 3 4 5 6 7 8 9 10 11 12 13 14 15 16 17 18 19 20 21 22 23 24 25 26 46 47 48 49 50 51 52 53 54 55 56 57 58 59 60 61 62 64 65 66 67 68 69 70
(64,*) 0 1 2 3 4 5 6 7 8 9 10 11 12 13 14 15 16 17 18 19 20 21 22 23 24 25 26 46 47 48 49 50 51 52 53 54 55 56 57 58 59 60 61 62 63 65 66 67 68 69 70
(65,*) 0 1 2 3 4 5 6 7 8 9 10 11 12 13 14 15 16 17 18 19 20 21 22 23 24 25 26 46 47 48 49 50 51 52 53 54 55 56 57 58 59 60 61 62 63 64 67 68 69 70
(66,*) 0 1 2 3 4 5 6 7 8 9 10 11 12 13 14 15 16 17 18 19 20 21 22 23 24 25 26 46 47 48 49 50 51 52 53 54 55 56 57 58 59 60 61 62 63 64 67 68 69 70
(67,*) 0 1 2 3 4 5 6 7 8 9 10 11 12 13 14 15 16 17 18 19 20 21 22 23 24 25 26 46 47 48 49 50 51 52 53 54 55 56 57 58 59 60 61 62 63 64 65 66 69 70
(68,*) 0 1 2 3 4 5 6 7 8 9 10 11 12 13 14 15 16 17 18 19 20 21 22 23 24 25 26 46 47 48 49 50 51 52 53 54 55 56 57 58 59 60 61 62 63 64 65 66 69 70
(69,*) 0 1 2 3 4 5 6 7 8 9 10 11 12 13 14 15 16 17 18 19 20 21 22 23 24 25 26 46 47 48 49 50 51 52 53 54 55 56 57 58 59 60 61 62 63 64 65 66 67 68 70
(70,*) 0 1 2 3 4 5 6 7 8 9 10 11 12 13 14 15 16 17 18 19 20 21 22 23 24 25 26 46 47 48 49 50 51 52 53 54 55 56 57 58 59 60 61 62 63 64 65 66 67 68 69
;
set A2:=
(65,*) 66
(66,*) 65
(67,*) 68
(68,*) 67
;
param BigM:=99999;
param n:= 9;
param d:=
1	12
2	16
3	20
4	17
5	2
6	11
7	9
8	12
9	12
10	23
11	1
12	26
13	9
14	21
15	23
16	2
17	12
18	15
19	8
20	13
21	24
22	2
23	8
24	14
25	20
26	23
27	7
28	10
29	26
30	10
31	17
32	2
33	16
34	18
35	19
36	25
37	2
38	6
39	6
40	24
41	21
42	24
43	19
44	23
45	14
46	24
47	9
48	18
49	11
50	7
51	22
52	15
53	14
54	24
55	5
56	6
57	14
58	5
59	13
60	10
61	4
62	14
63	2
64	16
;
param Q:=100;
param w:=
[65,*] 66 5
[66,*] 65 5
[67,*] 68 5
[68,*] 67 5
;
param V:=
[65,*] 66 526
[66,*] 65 526
[67,*] 68 526
[68,*] 67 526
;
param f:=
65	100
66	100
67	100
68	100
69	100
70	100
;
param e:
	65	66	67	68	69	70:=
27	0	1	0	0	0	0	
28	1	0	0	0	0	0	
29	0	0	0	1	0	0	
30	0	0	0	0	1	0	
31	0	0	1	0	0	0	
32	0	0	0	1	0	0	
33	1	0	0	0	1	0	
34	0	0	0	1	0	0	
35	0	0	0	0	0	1	
36	0	0	1	0	1	0	
37	1	0	0	0	1	0	
38	0	0	0	1	0	0	
39	0	0	1	0	1	0	
40	0	0	1	0	1	1	
41	1	0	0	0	1	0	
42	0	0	1	0	1	0	
43	0	0	1	0	0	1	
44	1	0	0	0	1	0	
45	0	0	0	1	0	0	
46	0	1	0	0	0	1	
47	0	0	0	0	1	1	
48	0	0	1	0	1	0	
49	0	0	0	1	0	0	
50	1	0	1	0	1	0	
51	1	0	0	0	1	0	
52	0	0	0	1	0	0	
53	0	0	0	0	1	0	
54	0	0	0	1	0	0	
55	0	1	0	0	0	1	
56	1	0	0	0	0	0	
57	0	0	1	0	0	0	
58	0	1	0	0	0	1	
59	0	0	0	1	0	1	
60	0	1	0	0	0	1	
61	1	0	0	0	1	0	
62	0	0	1	0	1	0	
63	0	1	0	0	0	1	
64	1	0	0	0	1	0	
;
param p:=
1	1
2	1
3	1
4	1
5	1
6	1
7	1
8	1
9	1
;
param G:=
65	526
66	526
67	526
68	526
69	131
70	131
;
param s:=
0	0
1	15
2	15
3	15
4	15
5	15
6	15
7	15
8	15
9	15
10	15
11	15
12	15
13	15
14	15
15	15
16	15
17	15
18	15
19	15
20	15
21	15
22	15
23	15
24	15
25	15
26	15
46	15
47	15
48	15
49	15
50	15
51	15
52	15
53	15
54	15
55	15
56	15
57	15
58	15
59	15
60	15
61	15
62	15
63	15
64	15
65	30
66	30
67	30
68	30
69	15
70	15
;
param t:
	0	1	2	3	4	5	6	7	8	9	10	11	12	13	14	15	16	17	18	19	20	21	22	23	24	25	26	27	28	29	30	31	32	33	34	35	36	37	38	39	40	41	42	43	44	45	46	47	48	49	50	51	52	53	54	55	56	57	58	59	60	61	62	63	64	65	66	67	68	69	70:=
0	0.0	45.12	52.15	28.84	70.94	35.78	51.92	54.63	46.69	64.4	11.31	52.8	62.8	40.2	65.3	46.04	52.95	41.23	47.2	73.76	61.35	18.97	38.47	25.06	22.8	31.24	48.37	39.7	32.25	47.07	39.7	45.34	33.94	30.0	30.53	52.5	62.13	45.69	10.2	63.66	50.12	37.74	62.13	67.08	35.78	26.08	72.11	26.31	66.6	32.06	38.83	38.21	34.93	29.73	35.38	50.91	17.09	74.32	70.26	18.44	59.36	45.12	63.81	68.0	18.0	45.98	68.66	70.99	42.28	33.02	51.55
1	45.12	0.0	89.82	68.96	44.05	28.64	7.21	13.42	90.02	86.53	55.03	22.09	62.13	85.16	32.56	75.39	54.04	4.0	77.25	86.28	80.0	62.13	57.31	64.5	66.48	27.78	75.15	75.71	30.53	92.2	26.91	27.78	76.03	17.2	74.67	87.36	43.17	28.07	50.16	34.06	39.45	32.31	43.17	64.5	28.64	66.24	89.38	50.6	40.0	76.42	16.97	15.23	78.03	24.17	77.82	84.12	46.04	59.67	78.1	58.03	85.88	20.0	45.12	72.8	27.86	26.83	95.03	46.66	87.03	19.24	71.56
2	52.15	89.82	0.0	59.06	93.68	87.82	95.04	94.19	20.1	34.0	50.91	86.09	63.81	32.25	95.04	20.59	59.09	85.91	18.87	52.15	38.42	34.06	39.29	59.36	49.4	64.12	24.41	14.14	84.38	38.05	70.03	74.24	55.71	79.12	47.54	7.21	81.61	97.53	56.64	91.41	69.86	89.89	81.61	67.68	87.82	58.31	44.72	40.05	90.71	28.64	76.24	88.02	22.36	66.48	55.03	11.31	66.6	84.12	56.64	34.0	25.06	95.85	82.22	59.46	68.03	97.68	29.11	91.4	45.1	71.57	35.0
3	28.84	68.96	59.06	0.0	99.64	48.66	76.16	80.45	43.86	82.87	17.89	80.62	89.84	31.24	93.34	62.8	80.32	65.51	63.15	96.0	82.1	30.07	62.8	4.47	10.2	60.0	66.48	51.92	44.72	33.11	68.41	74.03	8.0	51.88	12.81	62.77	90.97	58.31	19.8	92.02	78.89	48.17	90.97	94.25	48.66	2.83	92.35	51.42	95.27	30.53	66.48	57.58	36.72	58.14	10.0	63.25	23.41	102.86	94.53	36.06	75.71	61.61	92.65	93.38	41.62	59.24	83.8	99.8	23.91	60.81	73.0
4	70.94	44.05	93.68	99.64	0.0	71.39	40.2	32.25	102.86	74.11	82.22	22.36	36.88	103.73	12.65	73.76	36.06	44.41	75.71	64.56	66.12	80.0	54.41	95.6	93.38	39.7	71.02	80.99	72.28	112.07	31.24	25.61	104.8	56.32	100.42	88.29	12.17	72.11	80.0	10.0	24.17	75.31	12.17	36.06	71.39	96.83	71.39	57.31	4.47	93.74	34.93	58.55	92.28	41.62	106.15	83.95	80.62	21.26	54.41	73.24	78.1	64.03	12.0	48.08	60.83	70.87	84.84	4.15	110.47	39.82	62.2
5	35.78	28.64	87.82	48.66	71.39	0.0	34.99	42.05	81.61	95.27	40.79	49.03	81.04	72.99	60.73	79.25	71.47	27.2	80.72	100.24	90.44	54.63	66.03	44.41	50.04	41.76	80.62	74.89	4.0	78.23	46.39	50.04	56.57	16.12	58.0	87.66	68.03	10.2	34.53	61.61	60.53	4.0	68.03	84.4	0.0	46.39	100.96	55.32	67.08	66.48	38.0	13.42	70.23	37.36	58.55	85.6	26.0	84.02	94.02	53.85	91.93	13.42	70.03	89.89	21.26	10.83	101.44	73.44	70.8	35.36	80.8
6	51.92	7.21	95.04	76.16	40.2	34.99	0.0	8.0	96.19	89.55	62.03	19.7	62.48	91.78	28.0	79.7	55.17	10.77	81.61	87.86	82.68	68.47	60.93	71.69	73.54	31.62	79.12	80.89	37.2	98.95	28.84	28.28	83.19	24.41	81.71	92.2	41.23	32.98	57.27	30.27	39.7	38.47	41.23	64.4	34.99	73.43	91.61	55.32	36.5	82.87	19.7	21.63	84.21	28.64	84.97	88.77	53.25	57.58	79.2	64.03	89.55	24.74	43.08	73.59	34.93	31.63	98.51	43.24	93.99	23.54	74.71
7	54.63	13.42	94.19	80.45	32.25	42.05	8.0	0.0	97.02	85.91	65.3	12.81	56.57	93.68	20.0	77.67	50.0	15.62	79.62	82.8	78.71	69.86	58.24	76.03	76.94	30.07	76.66	80.1	43.91	101.19	25.3	23.32	87.13	29.73	84.97	90.8	34.0	40.79	61.06	22.36	34.06	45.69	34.0	58.14	42.05	77.67	87.13	54.15	28.64	84.4	18.0	28.64	85.16	28.07	88.84	87.13	58.14	50.16	73.76	64.78	86.65	32.56	35.78	67.94	38.83	39.46	95.32	35.38	96.91	23.19	71.31
8	46.69	90.02	20.1	43.86	102.86	81.61	96.19	97.02	0.0	53.14	41.23	91.21	77.79	13.42	101.84	36.06	71.22	86.02	34.99	70.68	56.36	28.07	50.0	45.34	35.61	67.91	40.5	24.08	77.79	18.0	75.29	80.32	38.83	76.42	31.24	26.68	91.3	91.76	47.54	98.79	78.71	82.87	91.3	82.02	81.61	43.86	63.91	45.69	99.32	15.23	79.25	84.85	12.0	69.05	37.74	29.73	57.27	96.83	73.78	32.25	44.27	91.78	92.28	75.6	64.5	92.2	49.17	101.25	25.82	73.82	50.8
9	64.4	86.53	34.0	82.87	74.11	95.27	89.55	85.91	53.14	0.0	68.96	74.67	38.21	63.15	79.62	20.1	38.47	83.23	20.0	18.44	8.0	52.95	29.73	81.58	72.69	58.82	16.49	32.06	92.8	70.34	60.83	62.77	82.1	82.02	74.03	26.83	62.29	103.32	72.8	75.31	53.85	98.41	62.29	40.79	95.27	81.22	10.77	40.0	72.44	56.14	69.97	90.55	50.36	62.8	82.02	23.41	81.44	58.86	25.06	48.08	8.94	99.04	62.13	29.73	74.03	102.99	10.89	70.81	75.58	67.42	15.0
10	11.31	55.03	50.91	17.89	82.22	40.79	62.03	65.3	41.23	68.96	0.0	64.03	72.28	32.25	76.58	49.4	62.64	51.26	50.16	80.4	67.08	17.2	46.04	14.56	11.66	42.52	52.5	40.5	36.88	38.05	50.99	56.64	22.63	38.83	19.7	52.8	73.24	50.99	6.32	74.97	61.06	41.76	73.24	76.66	40.79	15.23	77.67	34.23	77.9	26.0	50.0	46.17	30.53	41.04	24.08	52.15	16.12	84.97	78.03	20.88	62.77	52.04	74.89	76.42	27.2	51.56	71.6	82.21	32.03	44.2	57.56
11	52.8	22.09	86.09	80.62	22.36	49.03	19.7	12.81	91.21	74.67	64.03	0.0	43.86	89.55	12.81	68.26	37.74	22.09	70.26	70.46	67.23	65.39	48.37	76.37	75.6	23.41	66.75	72.25	50.0	97.51	16.12	12.17	86.56	34.18	83.23	82.02	21.54	50.0	60.83	12.65	21.63	52.95	21.54	45.34	49.03	77.79	75.18	46.39	18.11	79.85	14.14	36.22	79.7	23.32	88.09	78.1	60.0	37.95	61.22	59.46	76.16	42.05	23.41	55.32	40.0	48.81	84.47	24.65	94.39	19.85	60.44
12	62.8	62.13	63.81	89.84	36.88	81.04	62.48	56.57	77.79	38.21	72.28	43.86	0.0	82.8	44.72	43.27	10.0	60.03	44.94	27.86	30.27	62.61	28.84	86.83	80.99	39.29	39.45	53.81	80.05	91.21	35.78	34.41	92.48	65.15	85.91	57.31	26.0	86.16	72.99	40.25	22.8	84.9	26.0	4.47	81.04	87.36	34.53	38.63	36.06	73.24	45.65	71.69	69.66	43.68	93.23	52.84	78.1	20.88	17.89	55.46	43.68	79.62	25.3	11.66	62.51	85.35	49.09	33.24	92.69	46.24	29.07
13	40.2	85.16	32.25	31.24	103.73	72.99	91.78	93.68	13.42	63.15	32.25	89.55	82.8	0.0	101.07	44.27	75.07	81.22	43.68	79.7	65.15	24.17	54.04	33.29	24.17	66.21	48.7	31.62	69.05	8.49	74.24	79.65	25.61	70.11	18.44	38.0	92.8	83.19	38.47	98.49	80.0	73.76	92.8	87.2	72.99	31.62	73.76	46.86	99.86	10.0	76.55	78.0	13.42	66.48	24.41	40.2	47.54	100.42	81.44	30.53	54.59	84.21	94.02	82.37	58.14	83.78	60.65	102.63	12.86	70.84	58.18
14	65.3	32.56	95.04	93.34	12.65	60.73	28.0	20.0	101.84	79.62	76.58	12.81	44.72	101.07	0.0	76.11	41.23	33.53	78.1	72.5	71.81	76.94	56.14	89.11	88.09	34.99	74.0	81.58	62.03	109.18	26.83	21.54	99.16	46.52	95.6	90.35	18.87	60.53	73.54	4.47	26.08	64.56	18.87	44.94	60.73	90.51	78.43	56.32	10.0	91.24	26.91	47.54	90.62	35.61	100.66	86.21	72.8	32.8	62.61	70.68	82.39	52.35	20.0	56.36	52.8	59.24	90.0	16.31	106.5	32.53	66.37
15	46.04	75.39	20.59	62.8	73.76	79.25	79.7	77.67	36.06	20.1	49.4	68.26	43.27	44.27	76.11	0.0	38.63	71.69	2.0	35.44	20.88	32.98	20.0	61.61	52.61	48.08	4.47	12.65	76.37	52.0	52.61	56.14	62.03	67.68	54.0	14.56	61.61	88.09	53.67	72.25	50.36	82.02	61.61	47.2	79.25	61.19	30.07	25.06	71.02	36.5	60.17	76.55	31.05	51.26	62.0	10.2	62.77	63.53	37.74	28.64	13.42	84.88	62.1	39.7	58.14	87.96	22.61	71.28	56.28	56.3	14.87
16	52.95	54.04	59.09	80.32	36.06	71.47	55.17	50.0	71.22	38.47	62.64	37.74	10.0	75.07	41.23	38.63	0.0	51.61	40.5	32.8	30.59	53.85	21.26	77.2	71.69	29.73	35.44	47.71	70.34	83.55	27.2	26.91	83.26	55.71	76.94	53.14	24.0	76.97	63.15	36.88	16.12	75.29	24.0	14.14	71.47	77.79	37.58	29.53	34.06	65.3	37.2	62.61	62.23	34.18	84.1	48.7	68.12	25.61	24.08	46.65	42.05	70.71	24.08	18.87	52.61	76.22	49.02	33.13	84.35	37.12	26.17
17	41.23	4.0	85.91	65.51	44.41	27.2	10.77	15.62	86.02	83.23	51.26	22.09	60.03	81.22	33.53	71.69	51.61	0.0	73.54	83.55	76.84	58.14	53.85	61.06	62.77	24.41	71.55	71.81	28.64	88.29	24.41	26.0	72.47	14.14	70.94	83.52	42.43	28.07	46.52	34.53	37.58	31.05	42.43	62.61	27.2	62.77	86.37	46.82	40.2	72.44	14.42	14.14	74.03	20.59	74.24	80.32	42.8	58.86	75.6	54.04	82.37	20.4	44.41	70.46	24.17	26.95	91.57	46.72	83.23	15.81	68.24
18	47.2	77.25	18.87	63.15	75.71	80.72	81.61	79.62	34.99	20.0	50.16	70.26	44.94	43.68	78.1	2.0	40.5	73.54	0.0	36.06	21.54	33.53	22.0	62.1	52.95	50.0	5.66	12.17	77.79	51.26	54.59	58.14	62.13	69.34	54.04	12.65	63.56	89.64	54.59	74.24	52.35	83.45	63.56	48.83	80.72	61.61	30.27	26.83	72.99	36.22	62.1	78.23	30.59	53.14	62.03	8.25	63.81	65.3	38.83	29.53	12.65	86.53	64.03	41.04	59.67	89.53	21.54	73.21	55.85	58.19	16.28
19	73.76	86.28	52.15	96.0	64.56	100.24	87.86	82.8	70.68	18.44	80.4	70.46	27.86	79.7	72.5	35.44	32.8	83.55	36.06	0.0	14.56	66.03	35.44	94.09	86.02	60.0	31.05	48.08	98.39	87.32	59.4	59.67	96.33	85.44	88.57	44.94	53.85	107.07	83.19	68.03	48.83	103.77	53.85	28.64	100.24	94.02	8.94	47.54	63.91	71.81	69.31	93.23	66.48	64.4	96.52	41.18	90.71	46.17	10.2	60.03	27.2	101.61	53.14	16.49	79.62	106.5	27.49	60.77	91.68	68.25	23.0
20	61.35	80.0	38.42	82.1	66.12	90.44	82.68	78.71	56.36	8.0	67.08	67.23	30.27	65.15	71.81	20.88	30.59	76.84	21.54	14.56	0.0	52.04	24.41	80.4	72.03	52.5	16.49	33.53	88.2	72.8	53.85	55.46	82.1	76.58	74.24	31.24	54.33	98.08	70.34	67.47	46.17	93.74	54.33	32.98	90.44	80.22	10.77	35.78	64.5	57.27	63.25	84.9	51.92	56.64	82.22	27.2	78.43	50.99	18.44	46.39	14.42	93.38	54.15	22.36	69.34	97.67	18.85	62.81	77.13	61.07	9.85
21	18.97	62.13	34.06	30.07	80.0	54.63	68.47	69.86	28.07	52.95	17.2	65.39	62.61	24.17	76.94	32.98	53.85	58.14	33.53	66.03	52.04	0.0	34.18	28.64	20.0	42.05	36.5	23.32	50.99	32.25	50.12	55.57	30.59	48.37	23.41	35.61	69.43	64.62	22.63	74.43	56.64	56.36	69.43	67.08	54.63	28.28	62.29	24.41	76.03	14.56	52.5	56.89	16.12	42.38	31.05	34.99	32.56	78.41	65.12	7.21	46.17	64.03	70.77	64.56	36.5	64.93	54.75	79.13	30.86	46.84	43.05
22	38.47	57.31	39.29	62.8	54.41	66.03	60.93	58.24	50.0	29.73	46.04	48.37	28.84	54.04	56.14	20.0	21.26	53.85	22.0	35.44	24.41	34.18	0.0	60.3	53.37	29.53	18.44	26.83	63.81	62.48	32.98	36.22	64.56	52.35	57.58	34.23	42.38	73.76	48.17	52.35	30.59	69.34	42.38	33.29	66.03	60.53	34.99	12.17	51.42	44.41	41.23	60.83	41.04	33.29	65.15	30.07	55.32	46.86	32.0	27.2	28.64	69.31	43.08	30.59	44.94	73.38	37.73	52.24	63.87	38.08	14.87
23	25.06	64.5	59.36	4.47	95.6	44.41	71.69	76.03	45.34	81.58	14.56	76.37	86.83	33.29	89.11	61.61	77.2	61.06	62.1	94.09	80.4	28.64	60.3	0.0	10.0	56.04	65.12	51.26	40.45	36.06	64.4	70.0	12.17	47.41	15.23	62.61	87.13	54.15	15.62	87.86	75.18	44.05	87.13	91.21	44.41	2.0	90.8	48.66	91.21	31.24	62.23	53.14	37.2	54.04	14.14	62.77	18.97	99.32	92.2	34.06	74.73	57.27	88.84	90.8	37.2	55.05	83.08	95.85	27.3	56.59	71.11
24	22.8	66.48	49.4	10.2	93.38	50.04	73.54	76.94	35.61	72.69	11.66	75.6	80.99	24.17	88.09	52.61	71.69	62.77	52.95	86.02	72.03	20.0	53.37	10.0	0.0	53.74	56.32	41.76	46.04	28.28	62.23	67.88	11.66	50.0	8.25	52.8	84.02	60.13	16.49	86.37	71.61	50.36	84.02	85.44	50.04	8.94	82.22	42.38	89.11	21.26	61.61	56.89	27.2	52.5	12.81	53.14	24.08	95.02	84.85	26.31	65.51	62.13	85.6	83.95	38.63	60.86	73.64	93.2	20.99	55.8	63.03
25	31.24	27.78	64.12	60.0	39.7	41.76	31.62	30.07	67.91	58.82	42.52	23.41	39.29	66.21	34.99	48.08	29.73	24.41	50.0	60.0	52.5	42.05	29.53	56.04	53.74	0.0	47.54	50.04	40.79	74.24	8.49	14.14	65.12	26.0	60.96	60.83	31.3	47.41	40.5	32.8	20.4	45.61	31.3	42.76	41.76	57.2	62.23	24.08	35.38	56.46	12.17	33.29	56.32	4.47	66.48	57.27	42.38	45.12	52.84	36.06	58.14	41.62	33.11	48.33	24.08	46.74	67.25	39.81	71.57	8.6	43.83
26	48.37	75.15	24.41	66.48	71.02	80.62	79.12	76.66	40.5	16.49	52.5	66.75	39.45	48.7	74.0	4.47	35.44	71.55	5.66	31.05	16.49	36.5	18.44	65.12	56.32	47.54	0.0	17.09	77.9	56.46	51.42	54.59	66.0	68.41	58.03	17.89	58.86	89.2	56.46	70.03	48.04	83.55	58.86	43.27	80.62	64.78	26.0	25.61	68.47	40.79	59.46	77.2	35.44	50.99	66.03	13.42	65.3	59.93	33.29	31.62	11.31	85.6	59.23	35.38	59.4	88.99	20.82	68.39	60.63	55.95	10.63
27	39.7	75.71	14.14	51.92	80.99	74.89	80.89	80.1	24.08	32.06	40.5	72.25	53.81	31.62	81.58	12.65	47.71	71.81	12.17	48.08	33.53	23.32	26.83	51.26	41.76	50.04	17.09	0.0	71.61	39.4	56.14	60.53	50.36	65.39	42.19	12.81	69.08	84.38	45.61	78.1	56.92	77.2	69.08	58.0	74.89	50.6	42.43	26.0	77.79	24.08	62.13	74.32	18.44	52.35	50.16	11.66	55.32	73.24	50.12	21.26	24.08	82.29	69.86	51.61	54.59	84.45	31.88	78.99	43.7	57.43	26.93
28	32.25	30.53	84.38	44.72	72.28	4.0	37.2	43.91	77.79	92.8	36.88	50.0	80.05	69.05	62.03	76.37	70.34	28.64	77.79	98.39	88.2	50.99	63.81	40.45	46.04	40.79	77.9	71.61	0.0	74.24	46.04	50.04	52.61	16.12	54.0	84.4	68.26	14.14	30.59	62.64	60.13	5.66	68.26	83.55	4.0	42.43	98.79	52.8	67.91	62.64	38.21	15.62	66.48	36.5	54.59	82.46	22.0	84.02	92.48	50.48	89.2	17.09	70.26	88.54	18.87	14.82	98.69	74.13	66.8	35.01	78.49
29	47.07	92.2	38.05	33.11	112.07	78.23	98.95	101.19	18.0	70.34	38.05	97.51	91.21	8.49	109.18	52.0	83.55	88.29	51.26	87.32	72.8	32.25	62.48	36.06	28.28	74.24	56.46	39.4	74.24	0.0	82.37	87.82	26.08	76.66	20.88	44.41	101.21	88.36	44.0	106.68	88.41	78.64	101.21	95.6	78.23	34.18	81.04	55.32	108.17	18.44	84.31	84.21	21.63	74.32	24.41	47.07	52.35	108.9	89.44	38.83	61.61	90.0	102.45	90.55	64.78	89.06	67.03	111.02	9.9	78.55	66.19
30	39.7	26.91	70.03	68.41	31.24	46.39	28.84	25.3	75.29	60.83	50.99	16.12	35.78	74.24	26.83	52.61	27.2	24.41	54.59	59.4	53.85	50.12	32.98	64.4	62.23	8.49	51.42	56.14	46.04	82.37	0.0	5.66	73.59	30.27	69.43	66.12	23.41	50.6	48.83	24.41	14.14	50.36	23.41	38.63	46.39	65.6	62.8	30.27	26.91	64.4	10.0	36.06	63.91	10.77	74.97	62.29	50.16	38.21	51.22	43.86	61.35	43.86	25.3	46.04	31.05	49.72	70.06	31.49	79.93	11.05	46.1
31	45.34	27.78	74.24	74.03	25.61	50.04	28.28	23.32	80.32	62.77	56.64	12.17	34.41	79.65	21.54	56.14	26.91	26.0	58.14	59.67	55.46	55.57	36.22	70.0	67.88	14.14	54.59	60.53	50.04	87.82	5.66	0.0	79.25	34.0	75.07	70.0	18.44	53.37	54.41	18.87	11.66	54.04	18.44	36.72	50.04	71.22	63.81	34.93	21.26	69.77	12.17	38.83	69.08	16.12	80.62	66.03	55.46	34.0	50.91	49.19	64.03	46.17	20.4	45.34	36.06	52.39	72.43	26.01	85.52	15.3	48.38
32	33.94	76.03	55.71	8.0	104.8	56.57	83.19	87.13	38.83	82.1	22.63	86.56	92.48	25.61	99.16	62.03	83.26	72.47	62.13	96.33	82.1	30.59	64.56	12.17	11.66	65.12	66.0	50.36	52.61	26.08	73.59	79.25	0.0	59.09	8.25	60.17	95.6	66.27	26.08	97.59	83.23	56.14	95.6	96.93	56.57	10.2	92.0	53.85	100.5	27.2	72.47	65.15	33.53	63.66	2.0	61.19	31.05	106.68	95.71	37.36	74.43	69.43	97.2	95.08	48.37	67.19	81.99	104.71	16.46	66.71	73.44
33	30.0	17.2	79.12	51.88	56.32	16.12	24.41	29.73	76.42	82.02	38.83	34.18	65.15	70.11	46.52	67.68	55.71	14.14	69.34	85.44	76.58	48.37	52.35	47.41	50.0	26.0	68.41	65.39	16.12	76.66	30.27	34.0	59.09	0.0	58.24	77.82	52.15	21.63	33.53	46.82	44.41	20.1	52.15	68.41	16.12	49.19	86.83	42.8	51.92	62.03	22.09	8.94	64.5	21.54	60.93	75.18	28.84	68.0	78.71	45.61	79.65	17.2	54.15	74.32	12.0	21.12	89.12	58.07	70.82	19.24	67.21
34	30.53	74.67	47.54	12.81	100.42	58.0	81.71	84.97	31.24	74.03	19.7	83.23	85.91	18.44	95.6	54.0	76.94	70.94	54.04	88.57	74.24	23.41	57.58	15.23	8.25	60.96	58.03	42.19	54.0	20.88	69.43	75.07	8.25	58.24	0.0	51.92	90.69	68.03	24.74	93.72	78.1	58.14	90.69	90.38	58.0	13.42	84.02	47.41	96.21	18.97	69.34	65.12	25.3	60.0	8.0	52.95	32.0	100.96	88.29	30.46	66.27	70.26	92.2	87.93	46.82	68.8	73.76	100.05	12.82	63.51	65.76
35	52.5	87.36	7.21	62.77	88.29	87.66	92.2	90.8	26.68	26.83	52.8	82.02	57.31	38.0	90.35	14.56	53.14	83.52	12.65	44.94	31.24	35.61	34.23	62.61	52.8	60.83	17.89	12.81	84.4	44.41	66.12	70.0	60.17	77.82	51.92	0.0	76.16	97.1	58.14	86.58	64.78	90.0	76.16	61.06	87.66	61.74	37.58	36.88	85.51	32.98	72.99	86.76	26.68	63.56	59.67	4.47	67.94	77.82	49.52	34.06	17.89	94.83	76.66	52.5	67.23	97.14	22.67	85.84	50.81	68.66	28.3
36	62.13	43.17	81.61	90.97	12.17	68.03	41.23	34.0	91.3	62.29	73.24	21.54	26.0	92.8	18.87	61.61	24.0	42.43	63.56	53.85	54.33	69.43	42.38	87.13	84.02	31.3	58.86	69.08	68.26	101.21	23.41	18.44	95.6	52.15	90.69	76.16	0.0	70.46	71.69	14.42	12.81	72.03	0.0	26.08	68.03	88.2	60.17	46.04	10.2	82.8	30.07	56.14	80.99	34.18	96.83	71.81	73.54	16.49	43.86	62.48	66.03	62.8	2.0	37.58	54.41	69.36	72.95	9.95	100.17	33.73	50.09
37	45.69	28.07	97.53	58.31	72.11	10.2	32.98	40.79	91.76	103.32	50.99	50.0	86.16	83.19	60.53	88.09	76.97	28.07	89.64	107.07	98.08	64.62	73.76	54.15	60.13	47.41	89.2	84.38	14.14	88.36	50.6	53.37	66.27	21.63	68.03	97.1	70.46	0.0	44.72	62.13	64.56	10.2	70.46	89.2	10.2	56.14	108.41	63.66	68.03	76.66	41.23	14.56	80.32	42.94	68.26	94.87	36.06	86.83	100.24	63.53	100.5	8.25	72.44	95.71	30.0	1.44	110.0	74.64	80.81	39.92	88.62
38	10.2	50.16	56.64	19.8	80.0	34.53	57.27	61.06	47.54	72.8	6.32	60.83	72.99	38.47	73.54	53.67	63.15	46.52	54.59	83.19	70.34	22.63	48.17	15.62	16.49	40.5	56.46	45.61	30.59	44.0	48.83	54.41	26.08	33.53	24.74	58.14	71.69	44.72	0.0	72.25	59.93	35.44	71.69	77.28	34.53	16.97	81.04	36.06	75.6	32.31	46.69	40.45	36.72	38.42	27.78	57.2	10.0	84.31	80.1	25.06	67.08	46.0	73.43	78.03	22.36	45.31	76.13	80.3	37.42	41.01	60.64
39	63.66	34.06	91.41	92.02	10.0	61.61	30.27	22.36	98.79	75.31	74.97	12.65	40.25	98.49	4.47	72.25	36.88	34.53	74.24	68.03	67.47	74.43	52.35	87.86	86.37	32.8	70.03	78.1	62.64	106.68	24.41	18.87	97.59	46.82	93.72	86.58	14.42	62.13	72.25	0.0	22.0	65.51	14.42	40.5	61.61	89.2	74.0	53.14	6.32	88.59	26.08	48.66	87.73	33.94	99.04	82.39	72.11	28.84	58.14	68.0	78.23	54.04	15.62	51.88	52.15	60.88	85.74	13.04	104.34	31.4	62.2
40	50.12	39.45	69.86	78.89	24.17	60.53	39.7	34.06	78.71	53.85	61.06	21.63	22.8	80.0	26.08	50.36	16.12	37.58	52.35	48.83	46.17	56.64	30.59	75.18	71.61	20.4	48.04	56.92	60.13	88.41	14.14	11.66	83.23	44.41	78.1	64.78	12.81	64.56	59.93	22.0	0.0	64.5	12.81	25.06	60.53	76.16	53.67	33.29	20.88	70.0	23.41	50.0	68.26	24.08	84.4	60.53	62.64	24.74	39.7	49.68	56.32	57.58	14.14	33.94	44.41	63.64	64.06	22.65	87.41	25.18	40.31
41	37.74	32.31	89.89	48.17	75.31	4.0	38.47	45.69	82.87	98.41	41.76	52.95	84.9	73.76	64.56	82.02	75.29	31.05	83.45	103.77	93.74	56.36	69.34	44.05	50.36	45.61	83.55	77.2	5.66	78.64	50.36	54.04	56.14	20.1	58.14	90.0	72.03	10.2	35.44	65.51	64.5	0.0	72.03	88.29	4.0	46.04	104.31	58.41	71.02	67.68	42.0	17.09	71.69	41.23	58.14	88.09	26.31	88.02	97.69	56.04	94.85	15.62	74.03	93.64	24.41	11.26	104.34	77.4	70.87	39.32	84.05
42	62.13	43.17	81.61	90.97	12.17	68.03	41.23	34.0	91.3	62.29	73.24	21.54	26.0	92.8	18.87	61.61	24.0	42.43	63.56	53.85	54.33	69.43	42.38	87.13	84.02	31.3	58.86	69.08	68.26	101.21	23.41	18.44	95.6	52.15	90.69	76.16	0.0	70.46	71.69	14.42	12.81	72.03	0.0	26.08	68.03	88.2	60.17	46.04	10.2	82.8	30.07	56.14	80.99	34.18	96.83	71.81	73.54	16.49	43.86	62.48	66.03	62.8	2.0	37.58	54.41	69.36	72.95	9.95	100.17	33.73	50.09
43	67.08	64.5	67.68	94.25	36.06	84.4	64.4	58.14	82.02	40.79	76.66	45.34	4.47	87.2	44.94	47.2	14.14	62.61	48.83	28.64	32.98	67.08	33.29	91.21	85.44	42.76	43.27	58.0	83.55	95.6	38.63	36.72	96.93	68.41	90.38	61.06	26.08	89.2	77.28	40.5	25.06	88.29	26.08	0.0	84.4	91.76	36.06	43.08	35.78	77.67	48.33	74.67	74.03	47.07	97.69	56.6	82.22	18.11	18.44	59.93	46.82	82.46	25.06	12.17	66.27	88.34	51.66	32.19	97.14	49.34	32.76
44	35.78	28.64	87.82	48.66	71.39	0.0	34.99	42.05	81.61	95.27	40.79	49.03	81.04	72.99	60.73	79.25	71.47	27.2	80.72	100.24	90.44	54.63	66.03	44.41	50.04	41.76	80.62	74.89	4.0	78.23	46.39	50.04	56.57	16.12	58.0	87.66	68.03	10.2	34.53	61.61	60.53	4.0	68.03	84.4	0.0	46.39	100.96	55.32	67.08	66.48	38.0	13.42	70.23	37.36	58.55	85.6	26.0	84.02	94.02	53.85	91.93	13.42	70.03	89.89	21.26	10.83	101.44	73.44	70.8	35.36	80.8
45	26.08	66.24	58.31	2.83	96.83	46.39	73.43	77.67	43.86	81.22	15.23	77.79	87.36	31.62	90.51	61.19	77.79	62.77	61.61	94.02	80.22	28.28	60.53	2.0	8.94	57.2	64.78	50.6	42.43	34.18	65.6	71.22	10.2	49.19	13.42	61.74	88.2	56.14	16.97	89.2	76.16	46.04	88.2	91.76	46.39	0.0	90.55	49.03	92.46	30.0	63.66	55.03	36.06	55.32	12.17	62.03	20.88	100.18	92.35	34.0	74.22	59.23	89.89	91.08	38.83	57.04	82.46	97.01	25.34	57.98	71.03
46	72.11	89.38	44.72	92.35	71.39	100.96	91.61	87.13	63.91	10.77	77.67	75.18	34.53	73.76	78.43	30.07	37.58	86.37	30.27	8.94	10.77	62.29	34.99	90.8	82.22	62.23	26.0	42.43	98.79	81.04	62.8	63.81	92.0	86.83	84.02	37.58	60.17	108.41	81.04	74.0	53.67	104.31	60.17	36.06	100.96	90.55	0.0	46.52	70.34	66.48	72.47	95.02	60.83	66.48	92.02	34.18	89.2	54.0	18.11	56.89	19.7	103.48	59.67	24.0	79.92	107.95	18.66	67.76	86.08	70.72	20.62
47	26.31	50.6	40.05	51.42	57.31	55.32	55.32	54.15	45.69	40.0	34.23	46.39	38.63	46.86	56.32	25.06	29.53	46.82	26.83	47.54	35.78	24.41	12.17	48.66	42.38	24.08	25.61	26.0	52.8	55.32	30.27	34.93	53.85	42.8	47.41	36.88	46.04	63.66	36.06	53.14	33.29	58.41	46.04	43.08	55.32	49.03	46.52	0.0	53.67	36.88	36.22	51.61	34.99	26.68	54.63	33.53	43.17	54.04	44.05	17.2	36.88	60.0	47.2	42.19	34.06	63.42	46.37	55.94	55.16	31.78	25.94
48	66.6	40.0	90.71	95.27	4.47	67.08	36.5	28.64	99.32	72.44	77.9	18.11	36.06	99.86	10.0	71.02	34.06	40.2	72.99	63.91	64.5	76.03	51.42	91.21	89.11	35.38	68.47	77.79	67.91	108.17	26.91	21.26	100.5	51.92	96.21	85.51	10.2	68.03	75.6	6.32	20.88	71.02	10.2	35.78	67.08	92.46	70.34	53.67	0.0	89.89	30.46	54.33	88.59	37.2	101.86	81.22	76.16	22.8	53.85	69.34	76.0	60.0	10.77	47.54	56.36	66.81	83.07	6.75	106.39	35.36	60.01
49	32.06	76.42	28.64	30.53	93.74	66.48	82.87	84.4	15.23	56.14	26.0	79.85	73.24	10.0	91.24	36.5	65.3	72.44	36.22	71.81	57.27	14.56	44.41	31.24	21.26	56.46	40.79	24.08	62.64	18.44	64.4	69.77	27.2	62.03	18.97	32.98	82.8	76.66	32.31	88.59	70.0	67.68	82.8	77.67	66.48	30.0	66.48	36.88	89.89	0.0	67.05	70.26	6.32	56.92	26.68	34.23	42.05	90.55	72.8	20.59	48.0	76.94	84.02	73.35	50.04	77.13	55.06	92.63	19.99	61.4	49.65
50	38.83	16.97	76.24	66.48	34.93	38.0	19.7	18.0	79.25	69.97	50.0	14.14	45.65	76.55	26.91	60.17	37.2	14.42	62.1	69.31	63.25	52.5	41.23	62.23	61.61	12.17	59.46	62.13	38.21	84.31	10.0	12.17	72.47	22.09	69.34	72.99	30.07	41.23	46.69	26.08	23.41	42.0	30.07	48.33	38.0	63.66	72.47	36.22	30.46	67.05	0.0	26.68	67.47	10.2	74.03	69.43	46.04	46.04	61.22	47.07	69.86	34.18	32.06	56.04	26.08	40.28	78.82	36.28	80.73	5.83	55.07
51	38.21	15.23	88.02	57.58	58.55	13.42	21.63	28.64	84.85	90.55	46.17	36.22	71.69	78.0	47.54	76.55	62.61	14.14	78.23	93.23	84.9	56.89	60.83	53.14	56.89	33.29	77.2	74.32	15.62	84.21	36.06	38.83	65.15	8.94	65.12	86.76	56.14	14.56	40.45	48.66	50.0	17.09	56.14	74.67	13.42	55.03	95.02	51.61	54.33	70.26	26.68	0.0	72.99	28.84	67.05	84.12	34.18	72.44	86.09	54.41	88.41	8.49	58.14	81.41	20.4	13.67	97.85	60.83	77.86	25.5	75.66
52	34.93	78.03	22.36	36.72	92.28	70.23	84.21	85.16	12.0	50.36	30.53	79.7	69.66	13.42	90.62	31.05	62.23	74.03	30.59	66.48	51.92	16.12	41.04	37.2	27.2	56.32	35.44	18.44	66.48	21.63	63.91	69.08	33.53	64.5	25.3	26.68	80.99	80.32	36.72	87.73	68.26	71.69	80.99	74.03	70.23	36.06	60.83	34.99	88.59	6.32	67.47	72.99	0.0	57.27	32.98	28.07	46.65	87.73	68.03	20.4	42.05	80.05	82.1	68.96	52.61	80.7	48.88	90.91	25.26	61.98	44.78
53	29.73	24.17	66.48	58.14	41.62	37.36	28.64	28.07	69.05	62.8	41.04	23.32	43.68	66.48	35.61	51.26	34.18	20.59	53.14	64.4	56.64	42.38	33.29	54.04	52.5	4.47	50.99	52.35	36.5	74.32	10.77	16.12	63.66	21.54	60.0	63.56	34.18	42.94	38.42	33.94	24.08	41.23	34.18	47.07	37.36	55.32	66.48	26.68	37.2	56.92	10.2	28.84	57.27	0.0	65.12	60.17	39.4	48.66	57.31	36.88	61.77	37.2	36.06	52.8	20.4	42.27	70.99	42.13	71.07	5.1	47.8
54	35.38	77.82	55.03	10.0	106.15	58.55	84.97	88.84	37.74	82.02	24.08	88.09	93.23	24.41	100.66	62.0	84.1	74.24	62.03	96.52	82.22	31.05	65.15	14.14	12.81	66.48	66.03	50.16	54.59	24.41	74.97	80.62	2.0	60.93	8.0	59.67	96.83	68.26	27.78	99.04	84.4	58.14	96.83	97.69	58.55	12.17	92.02	54.63	101.86	26.68	74.03	67.05	32.98	65.12	0.0	60.83	32.98	107.7	96.1	37.95	74.24	71.39	98.41	95.6	50.12	69.18	81.65	106.0	14.69	68.25	73.68
55	50.91	84.12	11.31	63.25	83.95	85.6	88.77	87.13	29.73	23.41	52.15	78.1	52.84	40.2	86.21	10.2	48.7	80.32	8.25	41.18	27.2	34.99	30.07	62.77	53.14	57.27	13.42	11.66	82.46	47.07	62.29	66.03	61.19	75.18	52.95	4.47	71.81	94.87	57.2	82.39	60.53	88.09	71.81	56.6	85.6	62.03	34.18	33.53	81.22	34.23	69.43	84.12	28.07	60.17	60.83	0.0	66.84	73.35	45.34	32.56	14.56	92.28	72.28	48.17	64.9	94.85	20.83	81.46	52.87	65.25	23.85
56	17.09	46.04	66.6	23.41	80.62	26.0	53.25	58.14	57.27	81.44	16.12	60.0	78.1	47.54	72.8	62.77	68.12	42.8	63.81	90.71	78.43	32.56	55.32	18.97	24.08	42.38	65.3	55.32	22.0	52.35	50.16	55.46	31.05	28.84	32.0	67.94	73.54	36.06	10.0	72.11	62.64	26.31	73.54	82.22	26.0	20.88	89.2	43.17	76.16	42.05	46.04	34.18	46.65	39.4	32.98	66.84	0.0	87.36	86.83	34.41	76.16	38.47	75.39	84.21	20.0	36.81	85.34	81.43	44.81	40.82	68.62
57	74.32	59.67	84.12	102.86	21.26	84.02	57.58	50.16	96.83	58.86	84.97	37.95	20.88	100.42	32.8	63.53	25.61	58.86	65.3	46.17	50.99	78.41	46.86	99.32	95.02	45.12	59.93	73.24	84.02	108.9	38.21	34.0	106.68	68.0	100.96	77.82	16.49	86.83	84.31	28.84	24.74	88.02	16.49	18.11	84.02	100.18	54.0	54.04	22.8	90.55	46.04	72.44	87.73	48.66	107.7	73.35	87.36	0.0	36.06	71.22	64.56	79.25	14.56	30.0	69.05	85.76	69.73	17.11	109.2	49.09	49.77
58	70.26	78.1	56.64	94.53	54.41	94.02	79.2	73.76	73.78	25.06	78.03	61.22	17.89	81.44	62.61	37.74	24.08	75.6	38.83	10.2	18.44	65.12	32.0	92.2	84.85	52.84	33.29	50.12	92.48	89.44	51.22	50.91	95.71	78.71	88.29	49.52	43.86	100.24	80.1	58.14	39.7	97.69	43.86	18.44	94.02	92.35	18.11	44.05	53.85	72.8	61.22	86.09	68.03	57.31	96.1	45.34	86.83	36.06	0.0	58.55	32.8	94.34	43.08	6.32	74.0	99.58	35.42	50.6	92.79	60.75	23.26
59	18.44	58.03	34.0	36.06	73.24	53.85	64.03	64.78	32.25	48.08	20.88	59.46	55.46	30.53	70.68	28.64	46.65	54.04	29.53	60.03	46.39	7.21	27.2	34.06	26.31	36.06	31.62	21.26	50.48	38.83	43.86	49.19	37.36	45.61	30.46	34.06	62.48	63.53	25.06	68.0	49.68	56.04	62.48	59.93	53.85	34.0	56.89	17.2	69.34	20.59	47.07	54.41	20.4	36.88	37.95	32.56	34.41	71.22	58.55	0.0	42.05	62.03	63.78	57.72	34.18	63.68	51.07	72.24	38.01	41.59	37.05
60	59.36	85.88	25.06	75.71	78.1	91.93	89.55	86.65	44.27	8.94	62.77	76.16	43.68	54.59	82.39	13.42	42.05	82.37	12.65	27.2	14.42	46.17	28.64	74.73	65.51	58.14	11.31	24.08	89.2	61.61	61.35	64.03	74.43	79.65	66.27	17.89	66.03	100.5	67.08	78.23	56.32	94.85	66.03	46.82	91.93	74.22	19.7	36.88	76.0	48.0	69.86	88.41	42.05	61.77	74.24	14.56	76.16	64.56	32.8	42.05	0.0	96.83	66.12	36.72	70.71	100.29	9.5	75.09	67.15	66.65	16.03
61	45.12	20.0	95.85	61.61	64.03	13.42	24.74	32.56	91.78	99.04	52.04	42.05	79.62	84.21	52.35	84.88	70.71	20.4	86.53	101.61	93.38	64.03	69.31	57.27	62.13	41.62	85.6	82.29	17.09	90.0	43.86	46.17	69.43	17.2	70.26	94.83	62.8	8.25	46.0	54.04	57.58	15.62	62.8	82.46	13.42	59.23	103.48	60.0	60.0	76.94	34.18	8.49	80.05	37.2	71.39	92.28	38.47	79.25	94.34	62.03	96.83	0.0	64.78	89.55	27.86	6.91	106.29	66.65	83.08	33.62	84.15
62	63.81	45.12	82.22	92.65	12.0	70.03	43.08	35.78	92.28	62.13	74.89	23.41	25.3	94.02	20.0	62.1	24.08	44.41	64.03	53.14	54.15	70.77	43.08	88.84	85.6	33.11	59.23	69.86	70.26	102.45	25.3	20.4	97.2	54.15	92.2	76.66	2.0	72.44	73.43	15.62	14.14	74.03	2.0	25.06	70.03	89.89	59.67	47.2	10.77	84.02	32.06	58.14	82.1	36.06	98.41	72.28	75.39	14.56	43.08	63.78	66.12	64.78	0.0	36.77	56.32	71.34	72.85	9.19	101.55	35.69	50.25
63	68.0	72.8	59.46	93.38	48.08	89.89	73.59	67.94	75.6	29.73	76.42	55.32	11.66	82.37	56.36	39.7	18.87	70.46	41.04	16.49	22.36	64.56	30.59	90.8	83.95	48.33	35.38	51.61	88.54	90.55	46.04	45.34	95.08	74.32	87.93	52.5	37.58	95.71	78.03	51.88	33.94	93.64	37.58	12.17	89.89	91.08	24.0	42.19	47.54	73.35	56.04	81.41	68.96	52.8	95.6	48.17	84.21	30.0	6.32	57.72	36.72	89.55	36.77	0.0	70.34	94.99	40.43	44.28	93.25	55.95	24.84
64	18.0	27.86	68.03	41.62	60.83	21.26	34.93	38.83	64.5	74.03	27.2	40.0	62.51	58.14	52.8	58.14	52.61	24.17	59.67	79.62	69.34	36.5	44.94	37.2	38.63	24.08	59.4	54.59	18.87	64.78	31.05	36.06	48.37	12.0	46.82	67.23	54.41	30.0	22.36	52.15	44.41	24.41	54.41	66.27	21.26	38.83	79.92	34.06	56.36	50.04	26.08	20.4	52.61	20.4	50.12	64.9	20.0	69.05	74.0	34.18	70.71	27.86	56.32	70.34	0.0	29.95	80.21	61.83	59.23	21.02	59.64
65	45.98	26.83	97.68	59.24	70.87	10.83	31.63	39.46	92.2	102.99	51.56	48.81	85.35	83.78	59.24	87.96	76.22	26.95	89.53	106.5	97.67	64.93	73.38	55.05	60.86	46.74	88.99	84.45	14.82	89.06	49.72	52.39	67.19	21.12	68.8	97.14	69.36	1.44	45.31	60.88	63.64	11.26	69.36	88.34	10.83	57.04	107.95	63.42	66.81	77.13	40.28	13.67	80.7	42.27	69.18	94.85	36.81	85.76	99.58	63.68	100.29	6.91	71.34	94.99	29.95	0.0	109.78	73.44	81.6	39.13	88.24
66	68.66	95.03	29.11	83.8	84.84	101.44	98.51	95.32	49.17	10.89	71.6	84.47	49.09	60.65	90.0	22.61	49.02	91.57	21.54	27.49	18.85	54.75	37.73	83.08	73.64	67.25	20.82	31.88	98.69	67.03	70.06	72.43	81.99	89.12	73.76	22.67	72.95	110.0	76.13	85.74	64.06	104.34	72.95	51.66	101.44	82.46	18.66	46.37	83.07	55.06	78.82	97.85	48.88	70.99	81.65	20.83	85.34	69.73	35.42	51.07	9.5	106.29	72.85	40.43	80.21	109.78	0.0	81.6	73.44	75.81	24.05
67	70.99	46.66	91.4	99.8	4.15	73.44	43.24	35.38	101.25	70.81	82.21	24.65	33.24	102.63	16.31	71.28	33.13	46.72	73.21	60.77	62.81	79.13	52.24	95.85	93.2	39.81	68.39	78.99	74.13	111.02	31.49	26.01	104.71	58.07	100.05	85.84	9.95	74.64	80.3	13.04	22.65	77.4	9.95	32.19	73.44	97.01	67.76	55.94	6.75	92.63	36.28	60.83	90.91	42.13	106.0	81.46	81.43	17.11	50.6	72.24	75.09	66.65	9.19	44.28	61.83	73.44	81.6	0.0	109.78	40.82	59.29
68	42.28	87.03	45.1	23.91	110.47	70.8	93.99	96.91	25.82	75.58	32.03	94.39	92.69	12.86	106.5	56.28	84.35	83.23	55.85	91.68	77.13	30.86	63.87	27.3	20.99	71.57	60.63	43.7	66.8	9.9	79.93	85.52	16.46	70.82	12.82	50.81	100.17	80.81	37.42	104.34	87.41	70.87	100.17	97.14	70.8	25.34	86.08	55.16	106.39	19.99	80.73	77.86	25.26	71.07	14.69	52.87	44.81	109.2	92.79	38.01	67.15	83.08	101.55	93.25	59.23	81.6	73.44	109.78	0.0	74.91	69.64
69	33.02	19.24	71.57	60.81	39.82	35.36	23.54	23.19	73.82	67.42	44.2	19.85	46.24	70.84	32.53	56.3	37.12	15.81	58.19	68.25	61.07	46.84	38.08	56.59	55.8	8.6	55.95	57.43	35.01	78.55	11.05	15.3	66.71	19.24	63.51	68.66	33.73	39.92	41.01	31.4	25.18	39.32	33.73	49.34	35.36	57.98	70.72	31.78	35.36	61.4	5.83	25.5	61.98	5.1	68.25	65.25	40.82	49.09	60.75	41.59	66.65	33.62	35.69	55.95	21.02	39.13	75.81	40.82	74.91	0.0	52.43
70	51.55	71.56	35.0	73.0	62.2	80.8	74.71	71.31	50.8	15.0	57.56	60.44	29.07	58.18	66.37	14.87	26.17	68.24	16.28	23.0	9.85	43.05	14.87	71.11	63.03	43.83	10.63	26.93	78.49	66.19	46.1	48.38	73.44	67.21	65.76	28.3	50.09	88.62	60.64	62.2	40.31	84.05	50.09	32.76	80.8	71.03	20.62	25.94	60.01	49.65	55.07	75.66	44.78	47.8	73.68	23.85	68.62	49.77	23.26	37.05	16.03	84.15	50.25	24.84	59.64	88.24	24.05	59.29	69.64	52.43	0.0
;
