vehicles
vehicle_idx, capacity, cost_per_unit_distance
1,100,1
2,100,1
3,100,1
4,100,1
5,100,1
6,100,1
7,100,1
8,100,1
9,100,1
10,100,1
depot
node_idx,x,y
0,76,75
home delivery customers
node_idx,x,y,service_time,demand
1,46,5,15,20
2,70,95,15,17
3,60,94,15,25
4,40,51,15,5
5,19,71,15,21
6,36,61,15,12
7,61,94,15,15
8,19,11,15,21
9,61,54,15,2
10,76,90,15,17
11,41,75,15,16
12,35,100,15,15
13,1,40,15,26
14,15,91,15,12
15,21,11,15,22
16,75,14,15,2
17,99,91,15,10
18,21,85,15,10
19,75,80,15,21
20,85,76,15,26
21,60,34,15,17
22,6,55,15,25
23,60,54,15,25
24,94,45,15,5
25,40,49,15,17
26,56,80,15,6
self pickup customers
node_idx,x,y,service_time,demand,locker_idxs
27,60,14,15,11,65
28,86,31,15,5,65
29,21,15,15,15,63-67
30,95,45,15,22,65
31,41,1,15,22,63-67
32,71,41,15,20,65
33,39,35,15,21,63
34,100,26,15,5,65
35,65,85,15,11,64
36,34,50,15,17,67-68
37,79,81,15,16,64-68
38,55,10,15,2,65-67
39,100,6,15,6,65
40,30,45,15,63,67-68
41,71,35,15,7,65-68-67
42,25,76,15,6,66-68
43,20,71,15,16,66-68
44,31,41,15,22,63-67-68
flexible customers
node_idx,x,y,service_time,demand,locker_idxs
45,91,14,15,26,65-67
46,20,0,15,17,63
47,41,55,15,1,68-67
48,46,1,15,16,65-67-63
49,16,89,15,2,66-68
50,55,25,15,20,68-65-67
51,61,70,15,26,64-67-68
52,80,36,15,12,65-67
53,69,50,15,12,68-67
54,51,91,15,12,64-68
55,34,36,15,21,68-67-63
56,74,99,15,16,64
57,65,54,15,6,68-67
58,25,86,15,11,66-68
59,75,16,15,1,65-67
60,56,81,15,1,64-68
61,41,44,15,10,67-68
62,40,96,15,25,66-68
lockers
node_idx,x,y,service_time,capacity,cost_per_unit_good
63,8.425,7.500000000000001,30,559,100
64,84.16000000000001,92.5,30,559,100
65,84.16000000000001,7.500000000000001,30,559,100
66,8.425,92.5,30,559,100
67,61,28,15,139,100
68,47,66,15,139,100
mrt lines
start_node_idx,end_node_idx,freight_capacity,cost_per_unit_good
63,64,559,5
64,63,559,5
65,66,559,5
66,65,559,5
distance matrix
,0,1,2,3,4,5,6,7,8,9,10,11,12,13,14,15,16,17,18,19,20,21,22,23,24,25,26,27,28,29,30,31,32,33,34,35,36,37,38,39,40,41,42,43,44,45,46,47,48,49,50,51,52,53,54,55,56,57,58,59,60,61,62,63,64,65,66,67,68,
0,0.0,76.16,20.88,24.84,43.27,57.14,42.38,24.21,85.7,25.81,15.0,35.0,48.02,82.76,63.06,84.39,61.01,28.02,55.9,5.1,9.06,44.01,72.8,26.4,34.99,44.41,20.62,63.06,45.12,81.39,35.51,81.86,34.37,54.49,54.56,14.87,48.88,6.71,68.31,73.05,54.92,40.31,51.01,56.14,56.4,62.82,93.6,40.31,79.85,61.61,54.23,15.81,39.2,25.96,29.68,57.31,24.08,23.71,52.17,59.01,20.88,46.75,41.68,95.51,19.31,67.99,69.8,49.34,30.36
1,76.16,0.0,93.15,90.09,46.39,71.31,56.89,90.26,27.66,51.24,90.14,70.18,95.63,57.01,91.42,25.71,30.36,101.02,83.82,80.41,81.01,32.2,64.03,50.96,62.48,44.41,75.66,16.64,47.71,26.93,63.25,6.4,43.83,30.81,57.94,82.23,46.57,82.86,10.3,54.01,43.08,39.05,74.04,70.94,39.0,45.89,26.48,50.25,4.0,89.2,21.93,66.71,46.01,50.54,86.15,33.24,98.08,52.55,83.68,31.02,76.66,39.32,91.2,37.66,95.46,38.24,95.23,27.46,61.01
2,20.88,93.15,0.0,10.05,53.25,56.36,48.08,9.06,98.27,41.98,7.81,35.23,35.36,88.24,55.15,97.25,81.15,29.27,50.01,15.81,24.21,61.81,75.47,42.2,55.46,54.92,20.52,81.61,65.97,93.81,55.9,98.37,54.01,67.54,75.24,11.18,57.63,16.64,86.31,93.92,64.03,60.01,48.85,55.46,66.61,83.68,107.35,49.41,97.02,54.33,71.59,26.57,59.84,45.01,19.42,69.12,5.66,41.3,45.89,79.16,19.8,58.67,30.02,106.99,14.38,88.64,61.63,67.6,37.01
3,24.84,90.09,10.05,0.0,47.42,47.01,40.8,1.0,92.57,40.01,16.49,26.87,25.71,79.98,45.1,91.71,81.39,39.12,40.02,20.52,30.81,60.0,66.61,40.0,59.64,49.24,14.56,80.0,68.15,88.1,60.22,94.92,54.13,62.63,78.89,10.3,51.11,23.02,84.15,96.66,57.45,60.02,39.36,46.14,60.42,85.8,102.16,43.38,94.05,44.28,69.18,24.02,61.35,44.91,9.49,63.56,14.87,40.31,35.9,79.43,13.6,53.49,20.1,100.71,24.21,89.81,51.6,66.01,30.87
4,43.27,46.39,53.25,47.42,0.0,29.0,10.77,47.85,45.18,21.21,53.08,24.02,49.25,40.52,47.17,44.28,50.93,71.28,38.95,45.45,51.48,26.25,34.23,20.22,54.33,2.0,33.12,42.06,50.16,40.71,55.33,50.01,32.57,16.03,65.0,42.2,6.08,49.2,43.66,75.0,11.66,34.89,29.15,28.28,13.45,63.01,54.78,4.12,50.36,44.94,30.02,28.32,42.72,29.02,41.48,16.16,58.82,25.18,38.08,49.5,34.0,7.07,45.0,53.75,60.6,61.99,52.15,31.14,16.55
5,57.14,71.31,56.36,47.01,29.0,0.0,19.72,47.89,60.0,45.31,60.08,22.36,33.12,35.85,20.4,60.03,79.91,82.46,14.14,56.72,66.19,55.23,20.62,44.38,79.38,30.41,38.08,70.21,78.03,56.04,80.32,73.38,60.03,41.18,92.66,48.08,25.81,60.83,70.83,103.86,28.23,63.25,7.81,1.0,32.31,91.83,71.01,27.2,75.03,18.25,58.41,42.01,70.33,54.23,37.74,38.08,61.72,49.04,16.16,78.49,38.33,34.83,32.65,64.37,68.62,90.98,23.96,60.11,28.44
6,42.38,56.89,48.08,40.8,10.77,19.72,0.0,41.4,52.81,25.96,49.41,14.87,39.01,40.82,36.62,52.2,61.07,69.78,28.3,43.38,51.24,36.12,30.59,25.0,60.17,12.65,27.59,52.77,58.31,48.38,61.13,60.21,40.31,26.17,72.95,37.64,11.18,47.42,54.42,84.39,17.09,43.6,18.6,18.87,20.62,72.35,63.06,7.81,60.83,34.41,40.71,26.57,50.61,34.79,33.54,25.08,53.74,29.83,27.31,59.55,28.28,17.72,35.23,60.19,57.55,71.98,41.86,41.4,12.08
7,24.21,90.26,9.06,1.0,47.85,47.89,41.4,0.0,93.02,40.0,15.52,27.59,26.68,80.72,46.1,92.14,81.22,38.12,41.0,19.8,30.0,60.01,67.42,40.01,59.08,49.66,14.87,80.01,67.78,88.55,59.64,95.13,53.94,62.97,78.39,9.85,51.62,22.2,84.21,96.25,57.98,59.84,40.25,47.01,60.9,85.44,102.55,43.83,94.2,45.28,69.26,24.0,61.03,44.72,10.44,63.98,13.93,40.2,36.88,79.25,13.93,53.85,21.1,101.22,23.21,89.55,52.6,66.0,31.3
8,85.7,27.66,98.27,92.57,45.18,60.0,52.81,93.02,0.0,60.11,97.42,67.68,90.43,34.13,80.1,2.0,56.08,113.14,74.03,88.87,92.63,47.01,45.88,59.41,82.35,43.42,78.29,41.11,69.92,4.47,83.26,24.17,60.03,31.24,82.38,87.13,41.79,92.2,36.01,81.15,35.74,57.27,65.28,60.01,32.31,72.06,11.05,49.19,28.79,78.06,38.63,72.42,65.92,63.41,86.16,29.15,103.77,62.97,75.24,56.22,79.18,39.66,87.56,11.14,104.35,65.25,82.18,45.31,61.72
9,25.81,51.24,41.98,40.01,21.21,45.31,25.96,40.0,60.11,0.0,39.0,29.0,52.84,61.61,59.03,58.73,42.38,53.04,50.61,29.53,32.56,20.02,55.01,1.0,34.21,21.59,26.48,40.01,33.97,55.87,35.17,56.65,16.4,29.07,48.01,31.26,27.29,32.45,44.41,61.85,32.28,21.47,42.19,44.38,32.7,50.0,67.8,20.02,55.08,57.01,29.61,16.0,26.17,8.94,38.33,32.45,46.84,4.0,48.17,40.5,27.46,22.36,46.96,70.19,44.93,51.95,65.16,26.0,18.44
10,15.0,90.14,7.81,16.49,53.08,60.08,49.41,15.52,97.42,39.0,0.0,38.08,42.2,90.14,61.01,96.26,76.01,23.02,55.23,10.05,16.64,58.24,78.26,39.4,48.47,54.56,22.36,77.67,59.84,93.01,48.85,95.63,49.25,66.29,68.35,12.08,58.0,9.49,82.71,87.36,64.35,55.23,52.89,59.14,66.53,77.47,106.0,49.5,93.92,60.01,68.31,25.0,54.15,40.61,25.02,68.41,9.22,37.64,51.16,74.01,21.93,57.8,36.5,106.64,8.53,82.9,67.62,63.79,37.64
11,35.0,70.18,35.23,26.87,24.02,22.36,14.87,27.59,67.68,29.0,38.08,0.0,25.71,53.15,30.53,67.05,69.84,60.17,22.36,34.37,44.01,45.19,40.31,28.32,60.9,26.02,15.81,63.89,62.94,63.25,61.77,74.0,45.34,40.05,76.69,26.0,25.96,38.47,66.49,90.79,31.95,50.0,16.03,21.38,35.44,78.87,77.88,20.0,74.17,28.65,51.92,20.62,55.15,37.54,18.87,39.62,40.8,31.89,19.42,68.1,16.16,31.0,21.02,74.95,46.57,80.12,36.98,51.08,10.82
12,48.02,95.63,35.36,25.71,49.25,33.12,39.01,26.68,90.43,52.84,42.2,25.71,0.0,68.96,21.93,90.09,94.85,64.63,20.52,44.72,55.46,70.58,53.54,52.35,80.66,51.24,29.0,89.56,85.8,86.15,81.39,99.18,69.12,65.12,98.49,33.54,50.01,47.93,92.2,114.28,55.23,74.3,26.0,32.65,59.14,102.63,101.12,45.4,99.61,21.95,77.62,39.7,78.24,60.46,18.36,64.01,39.01,54.92,17.2,93.04,28.32,56.32,6.4,96.24,49.73,104.75,27.61,76.55,36.06
13,82.76,57.01,88.24,79.98,40.52,35.85,40.82,80.72,34.13,61.61,90.14,53.15,68.96,0.0,52.89,35.23,78.43,110.48,49.24,84.12,91.39,59.3,15.81,60.64,93.13,40.02,68.01,64.47,85.48,32.02,94.13,55.87,70.01,38.33,99.98,78.24,34.48,88.12,61.77,104.68,29.43,70.18,43.27,36.36,30.02,93.68,44.28,42.72,59.55,51.24,56.04,67.08,79.1,68.73,71.42,33.24,93.86,65.51,51.88,77.79,68.6,40.2,68.24,33.34,98.35,89.29,53.02,61.19,52.84
14,63.06,91.42,55.15,45.1,47.17,20.4,36.62,46.1,80.1,59.03,61.01,30.53,21.93,52.89,0.0,80.22,97.62,84.0,8.49,61.0,71.59,72.62,37.11,58.26,91.42,48.88,42.45,89.19,92.96,76.24,92.28,93.68,75.07,60.93,107.0,50.36,45.19,64.78,90.34,120.21,48.38,79.2,18.03,20.62,52.5,108.19,91.14,44.41,95.19,2.24,77.18,50.57,85.15,67.8,36.0,58.19,59.54,62.2,11.18,96.05,42.2,53.71,25.5,83.76,69.18,108.42,6.74,78.01,40.61
15,84.39,25.71,97.25,91.71,44.28,60.03,52.2,92.14,2.0,58.73,96.26,67.05,90.09,35.23,80.22,0.0,54.08,111.73,74.0,87.62,91.22,45.28,46.49,58.05,80.53,42.49,77.37,39.12,68.01,4.0,81.44,22.36,58.31,30.0,80.41,86.09,41.11,90.91,34.01,79.16,35.17,55.46,65.12,60.01,31.62,70.06,11.05,48.33,26.93,78.16,36.77,71.28,64.08,61.85,85.44,28.18,102.73,61.52,75.11,54.23,78.26,38.59,87.1,13.05,103.11,63.26,82.46,43.46,60.84
16,61.01,30.36,81.15,81.39,50.93,79.91,61.07,81.22,56.08,42.38,76.01,69.84,94.85,78.43,97.62,54.08,0.0,80.65,89.2,66.0,62.8,25.0,80.26,42.72,36.36,49.5,68.68,15.0,20.25,54.01,36.89,36.4,27.29,41.68,27.73,71.7,54.56,67.12,20.4,26.25,54.64,21.38,79.65,79.21,51.62,16.0,56.75,53.26,31.78,95.43,22.83,57.72,22.56,36.5,80.65,46.53,85.01,41.23,87.66,2.0,69.64,45.34,89.16,66.89,79.03,11.23,102.93,19.8,59.06
17,28.02,101.02,29.27,39.12,71.28,82.46,69.78,38.12,113.14,53.04,23.02,60.17,64.63,110.48,84.0,111.73,80.65,0.0,78.23,26.4,20.52,69.07,99.72,53.76,46.27,72.42,44.38,86.31,61.39,108.9,46.17,107.07,57.31,82.07,65.01,34.53,76.85,22.36,92.18,85.01,82.93,62.61,75.5,81.49,84.4,77.41,120.51,68.26,104.45,83.02,79.32,43.42,58.19,50.8,48.0,85.15,26.25,50.25,74.17,78.75,44.15,74.65,59.21,123.19,14.92,84.81,90.59,73.57,57.7
18,55.9,83.82,50.01,40.02,38.95,14.14,28.3,41.0,74.03,50.61,55.23,22.36,20.52,49.24,8.49,74.0,89.2,78.23,0.0,54.23,64.63,64.2,33.54,49.82,83.24,40.71,35.36,81.01,84.5,70.0,84.12,86.35,66.6,53.14,98.6,44.0,37.34,58.14,82.35,111.72,41.0,70.71,9.85,14.04,45.12,99.7,85.01,36.06,87.64,6.4,68.96,42.72,76.69,59.41,30.59,50.7,54.82,53.82,4.12,87.62,35.23,45.62,21.95,78.51,63.6,99.98,14.64,69.63,32.2
19,5.1,80.41,15.81,20.52,45.45,56.72,43.38,19.8,88.87,29.53,10.05,34.37,44.72,84.12,61.0,87.62,66.0,26.4,54.23,0.0,10.77,48.38,73.39,30.02,39.82,46.75,19.0,67.68,50.22,84.5,40.31,86.01,39.2,57.63,59.51,11.18,50.8,4.12,72.8,78.11,57.01,45.18,50.16,55.73,58.8,67.91,97.08,42.2,84.15,59.68,58.52,17.2,44.28,30.59,26.4,60.14,19.03,27.86,50.36,64.0,19.03,49.52,38.48,98.43,15.5,73.08,67.74,53.85,31.3
20,9.06,81.01,24.21,30.81,51.48,66.19,51.24,30.0,92.63,32.56,16.64,44.01,55.46,91.39,71.59,91.22,62.8,20.52,64.63,10.77,0.0,48.88,81.74,33.3,32.28,52.48,29.27,66.85,45.01,88.41,32.57,86.95,37.7,61.62,52.2,21.93,57.25,7.81,72.5,71.59,63.13,43.32,60.0,65.19,64.35,62.29,100.0,48.75,84.53,70.21,59.17,24.74,40.31,30.53,37.16,64.82,25.5,29.73,60.83,60.83,29.43,54.41,49.24,102.74,16.52,68.51,78.33,53.67,39.29
21,44.01,32.2,61.81,60.0,26.25,55.23,36.12,60.01,47.01,20.02,58.24,45.19,70.58,59.3,72.62,45.28,25.0,69.07,64.2,48.38,48.88,0.0,57.94,20.0,35.74,25.0,46.17,20.0,26.17,43.38,36.69,38.08,13.04,21.02,40.79,51.24,30.53,50.7,24.52,48.83,31.95,11.05,54.67,54.49,29.83,36.89,52.5,28.32,35.85,70.43,10.3,36.01,20.1,18.36,57.71,26.08,66.49,20.62,62.68,23.43,47.17,21.47,65.15,57.98,63.29,35.86,77.99,6.08,34.54
22,72.8,64.03,75.47,66.61,34.23,20.62,30.59,67.42,45.88,55.01,78.26,40.31,53.54,15.81,37.11,46.49,80.26,99.72,33.54,73.39,81.74,57.94,0.0,54.01,88.57,34.53,55.9,67.8,83.52,42.72,89.56,64.35,66.49,38.59,98.37,66.19,28.44,77.49,66.53,106.0,26.0,68.01,28.32,21.26,28.65,94.37,56.75,35.0,67.2,35.44,57.45,57.01,76.4,63.2,57.63,33.84,80.99,59.01,36.36,79.26,56.36,36.69,53.26,47.56,86.69,91.46,37.58,61.27,42.45
23,26.4,50.96,42.2,40.0,20.22,44.38,25.0,40.01,59.41,1.0,39.4,28.32,52.35,60.64,58.26,58.05,42.72,53.76,49.82,30.02,33.3,20.0,54.01,0.0,35.17,20.62,26.31,40.0,34.71,55.15,36.14,56.3,17.03,28.32,48.83,31.4,26.31,33.02,44.28,62.48,31.32,21.95,41.34,43.46,31.78,50.61,67.2,19.03,54.82,56.22,29.43,16.03,26.91,9.85,38.08,31.62,47.13,5.0,47.42,40.85,27.29,21.47,46.52,69.44,45.45,52.4,64.36,26.02,17.69
24,34.99,62.48,55.46,59.64,54.33,79.38,60.17,59.08,82.35,34.21,48.47,60.9,80.66,93.13,91.42,80.53,36.36,46.27,83.24,39.82,32.28,35.74,88.57,35.17,0.0,54.15,51.66,46.01,16.12,78.92,1.0,68.88,23.35,55.9,19.92,49.41,60.21,39.0,52.4,39.46,64.0,25.08,75.64,78.43,63.13,31.14,86.61,53.94,65.12,89.55,43.83,41.4,16.64,25.5,62.97,60.67,57.58,30.36,80.26,34.67,52.35,53.01,74.28,93.43,48.51,38.77,97.87,37.12,51.48
25,44.41,44.41,54.92,49.24,2.0,30.41,12.65,49.66,43.42,21.59,54.56,26.02,51.24,40.02,48.88,42.49,49.5,72.42,40.71,46.75,52.48,25.0,34.53,20.62,54.15,0.0,34.89,40.31,49.4,38.95,55.15,48.01,32.02,14.04,64.26,43.83,6.08,50.45,41.79,73.82,10.77,34.01,30.89,29.73,12.04,61.85,52.92,6.08,48.37,46.65,28.3,29.7,42.06,29.02,43.42,14.32,60.46,25.5,39.92,48.1,35.78,5.1,47.0,52.15,61.99,60.6,53.75,29.7,18.38
26,20.62,75.66,20.52,14.56,33.12,38.08,27.59,14.87,78.29,26.48,22.36,15.81,29.0,68.01,42.45,77.37,68.68,44.38,35.36,19.0,29.27,46.17,55.9,26.31,51.66,34.89,0.0,66.12,57.45,73.82,52.4,80.41,41.79,48.1,69.66,10.3,37.2,23.02,70.01,86.09,43.6,47.43,31.26,37.11,46.32,74.71,87.73,29.15,79.63,41.0,55.01,11.18,50.12,32.7,12.08,49.19,26.17,27.51,31.58,66.76,1.0,39.0,22.63,86.72,30.81,77.78,49.19,52.24,16.64
27,63.06,16.64,81.61,80.0,42.06,70.21,52.77,80.01,41.11,40.01,77.67,63.89,89.56,64.47,89.19,39.12,15.0,86.31,81.01,67.68,66.85,20.0,67.8,40.0,46.01,40.31,66.12,0.0,31.06,39.01,46.75,23.02,29.15,29.7,41.76,71.18,44.41,69.64,6.4,40.79,43.14,23.71,71.2,69.63,39.62,31.0,42.38,45.19,19.1,86.95,12.08,56.01,29.73,37.11,77.52,34.06,86.15,40.31,80.06,15.13,67.12,35.51,84.4,51.98,82.13,25.02,93.93,14.04,53.6
28,45.12,47.71,65.97,68.15,50.16,78.03,58.31,67.78,69.92,33.97,59.84,62.94,85.8,85.48,92.96,68.01,20.25,61.39,84.5,50.22,45.01,26.17,83.52,34.71,16.12,49.4,57.45,31.06,0.0,66.94,16.64,54.08,18.03,47.17,14.87,57.94,55.36,50.49,37.44,28.65,57.72,15.52,75.8,77.18,55.9,17.72,72.92,51.0,50.0,90.91,31.58,46.32,7.81,25.5,69.46,52.24,69.05,31.14,82.13,18.6,58.31,46.84,79.63,81.06,61.53,23.57,99.0,25.18,52.4
29,81.39,26.93,93.81,88.1,40.71,56.04,48.38,88.55,4.47,55.87,93.01,63.25,86.15,32.02,76.24,4.0,54.01,108.9,70.0,84.5,88.41,43.38,42.72,55.15,78.92,38.95,73.82,39.01,66.94,0.0,79.85,24.41,56.36,26.91,79.76,82.68,37.34,87.86,34.37,79.51,31.32,53.85,61.13,56.01,27.86,70.01,15.03,44.72,28.65,74.17,35.44,68.01,62.63,59.41,81.71,24.7,99.32,58.8,71.11,54.01,74.71,35.23,83.2,14.64,99.98,63.6,78.51,42.06,57.25
30,35.51,63.25,55.9,60.22,55.33,80.32,61.13,59.64,83.26,35.17,48.85,61.77,81.39,94.13,92.28,81.44,36.89,46.17,84.12,40.31,32.57,36.69,89.56,36.14,1.0,55.15,52.4,46.75,16.64,79.85,0.0,69.66,24.33,56.89,19.65,50.0,61.2,39.4,53.15,39.32,65.0,26.0,76.56,79.38,64.12,31.26,87.46,54.92,65.86,90.43,44.72,42.2,17.49,26.48,63.66,61.66,57.94,31.32,81.12,35.23,53.08,54.01,75.01,94.35,48.72,39.04,98.75,38.01,52.39
31,81.86,6.4,98.37,94.92,50.01,73.38,60.21,95.13,24.17,56.65,95.63,74.0,99.18,55.87,93.68,22.36,36.4,107.07,86.35,86.01,86.95,38.08,64.35,56.3,68.88,48.01,80.41,23.02,54.08,24.41,69.66,0.0,50.0,34.06,64.08,87.36,49.5,88.57,16.64,59.21,45.35,45.34,76.69,73.08,41.23,51.66,21.02,54.0,5.0,91.48,27.78,71.84,52.4,56.44,90.55,35.69,103.41,58.18,86.49,37.16,81.39,43.0,95.01,33.22,101.17,43.65,97.13,33.6,65.28
32,34.37,43.83,54.01,54.13,32.57,60.03,40.31,53.94,60.03,16.4,49.25,45.34,69.12,70.01,75.07,58.31,27.29,57.31,66.6,39.2,37.7,13.04,66.49,17.03,23.35,32.02,41.79,29.15,18.03,56.36,24.33,50.0,0.0,32.56,32.65,44.41,38.08,40.79,34.89,45.45,41.19,6.0,57.8,59.17,40.0,33.6,65.44,33.11,47.17,73.0,22.63,30.68,10.3,9.22,53.85,37.34,58.08,14.32,64.35,25.32,42.72,30.15,63.13,70.98,53.15,35.99,81.04,16.4,34.66
33,54.49,30.81,67.54,62.63,16.03,41.18,26.17,62.97,31.24,29.07,66.29,40.05,65.12,38.33,60.93,30.0,41.68,82.07,53.14,57.63,61.62,21.02,38.59,28.32,55.9,14.04,48.1,29.7,47.17,26.91,56.89,34.06,32.56,0.0,61.66,56.36,15.81,60.96,29.68,67.54,13.45,32.0,43.32,40.71,10.0,56.08,39.82,20.1,34.71,58.69,18.87,41.34,41.01,33.54,57.27,5.1,72.95,32.2,52.89,40.71,49.04,9.22,61.01,41.12,73.11,52.87,65.12,23.09,32.02
34,54.56,57.94,75.24,78.89,65.0,92.66,72.95,78.39,82.38,48.01,68.35,76.69,98.49,99.98,107.0,80.41,27.73,65.01,98.6,59.51,52.2,40.79,98.37,48.83,19.92,64.26,69.66,41.76,14.87,79.76,19.65,64.08,32.65,61.66,0.0,68.6,70.23,58.87,47.76,20.0,72.53,30.36,90.14,91.79,70.61,15.0,84.12,65.74,59.51,105.0,45.01,58.8,22.36,39.2,81.4,66.75,77.49,44.82,96.05,26.93,70.43,61.68,92.2,93.42,68.36,24.35,113.17,39.05,66.4
35,14.87,82.23,11.18,10.3,42.2,48.08,37.64,9.85,87.13,31.26,12.08,26.0,33.54,78.24,50.36,86.09,71.7,34.53,44.0,11.18,21.93,51.24,66.19,31.4,49.41,43.83,10.3,71.18,57.94,82.68,50.0,87.36,44.41,56.36,68.6,0.0,46.75,14.56,75.66,86.41,53.15,50.36,41.0,47.13,55.61,75.61,96.18,38.42,86.12,49.16,60.83,15.52,51.24,35.23,15.23,57.98,16.64,31.0,40.01,69.72,9.85,47.51,27.31,95.95,20.58,79.83,57.07,57.14,26.17
36,48.88,46.57,57.63,51.11,6.08,25.81,11.18,51.62,41.79,27.29,58.0,25.96,50.01,34.48,45.19,41.11,54.56,76.85,37.34,50.8,57.25,30.53,28.44,26.31,60.21,6.08,37.2,44.41,55.36,37.34,61.2,49.5,38.08,15.81,70.23,46.75,0.0,54.64,45.18,79.32,6.4,39.92,27.51,25.24,9.49,67.42,51.92,8.6,50.45,42.95,32.65,33.6,48.08,35.0,44.38,14.0,63.25,31.26,37.11,53.26,38.01,9.22,46.39,49.6,65.74,65.74,49.6,34.83,20.62
37,6.71,82.86,16.64,23.02,49.2,60.83,47.42,22.2,92.2,32.45,9.49,38.47,47.93,88.12,64.78,90.91,67.12,22.36,58.14,4.12,7.81,50.7,77.49,33.02,39.0,50.45,23.02,69.64,50.49,87.86,39.4,88.57,40.79,60.96,58.87,14.56,54.64,0.0,74.95,77.88,60.8,46.69,54.23,59.84,62.48,68.07,100.21,46.04,86.54,63.51,60.93,21.1,45.01,32.57,29.73,63.64,18.68,30.41,54.23,65.12,23.0,53.04,41.79,101.9,12.6,73.68,71.51,55.97,35.34
38,68.31,10.3,86.31,84.15,43.66,70.83,54.42,84.21,36.01,44.41,82.71,66.49,92.2,61.77,90.34,34.01,20.4,92.18,82.35,72.8,72.5,24.52,66.53,44.28,52.4,41.79,70.01,6.4,37.44,34.37,53.15,16.64,34.89,29.68,47.76,75.66,45.18,74.95,0.0,45.18,43.01,29.68,72.5,70.33,39.2,36.22,36.4,47.13,12.73,88.1,15.0,60.3,36.07,42.38,81.1,33.42,91.01,45.12,81.71,20.88,71.01,36.77,87.3,46.64,87.5,29.27,94.74,18.97,56.57
39,73.05,54.01,93.92,96.66,75.0,103.86,84.39,96.25,81.15,61.85,87.36,90.79,114.28,104.68,120.21,79.16,26.25,85.01,111.72,78.11,71.59,48.83,106.0,62.48,39.46,73.82,86.09,40.79,28.65,79.51,39.32,59.21,45.45,67.54,20.0,86.41,79.32,77.88,45.18,0.0,80.13,41.01,102.59,103.08,77.37,12.04,80.22,76.69,54.23,118.09,48.85,74.95,36.06,53.82,98.11,72.5,96.57,59.41,109.66,26.93,86.95,70.18,108.17,91.59,87.94,15.91,125.97,44.78,80.06
40,54.92,43.08,64.03,57.45,11.66,28.23,17.09,57.98,35.74,32.28,64.35,31.95,55.23,29.43,48.38,35.17,54.64,82.93,41.0,57.01,63.13,31.95,26.0,31.32,64.0,10.77,43.6,43.14,57.72,31.32,65.0,45.35,41.19,13.45,72.53,53.15,6.4,60.8,43.01,80.13,0.0,42.2,31.4,27.86,4.12,68.43,46.1,14.87,46.82,46.17,32.02,39.82,50.8,39.32,50.57,9.85,69.66,36.14,41.3,53.54,44.41,11.05,51.97,43.26,72.04,65.88,52.17,35.36,27.02
41,40.31,39.05,60.01,60.02,34.89,63.25,43.6,59.84,57.27,21.47,55.23,50.0,74.3,70.18,79.2,55.46,21.38,62.61,70.71,45.18,43.32,11.05,68.01,21.95,25.08,34.01,47.43,23.71,15.52,53.85,26.0,45.34,6.0,32.0,30.36,50.36,39.92,46.69,29.68,41.01,42.2,0.0,61.62,62.43,40.45,29.0,61.85,36.06,42.2,77.08,18.87,36.4,9.06,15.13,59.46,37.01,64.07,19.92,68.68,19.42,48.38,31.32,68.43,68.35,58.99,30.49,84.98,12.21,39.2
42,51.01,74.04,48.85,39.36,29.15,7.81,18.6,40.25,65.28,42.19,52.89,16.03,26.0,43.27,18.03,65.12,79.65,75.5,9.85,50.16,60.0,54.67,28.32,41.34,75.64,30.89,31.26,71.2,75.8,61.13,76.56,76.69,57.8,43.32,90.14,41.0,27.51,54.23,72.5,102.59,31.4,61.62,0.0,7.07,35.51,90.55,76.16,26.4,77.88,15.81,59.17,36.5,68.01,51.11,30.02,41.0,54.13,45.65,10.0,78.1,31.4,35.78,25.0,70.48,61.42,90.51,23.39,60.0,24.17
43,56.14,70.94,55.46,46.14,28.28,1.0,18.87,47.01,60.01,44.38,59.14,21.38,32.65,36.36,20.62,60.01,79.21,81.49,14.04,55.73,65.19,54.49,21.26,43.46,78.43,29.73,37.11,69.63,77.18,56.01,79.38,73.08,59.17,40.71,91.79,47.13,25.24,59.84,70.33,103.08,27.86,62.43,7.07,0.0,31.95,91.05,71.0,26.4,74.67,18.44,57.8,41.01,69.46,53.31,36.89,37.7,60.83,48.1,15.81,77.78,37.36,34.21,32.02,64.55,67.67,90.27,24.42,59.41,27.46
44,56.4,39.0,66.61,60.42,13.45,32.31,20.62,60.9,32.31,32.7,66.53,35.44,59.14,30.02,52.5,31.62,51.62,84.4,45.12,58.8,64.35,29.83,28.65,31.78,63.13,12.04,46.32,39.62,55.9,27.86,64.12,41.23,40.0,10.0,70.61,55.61,9.49,62.48,39.2,77.37,4.12,40.45,35.51,31.95,0.0,65.8,42.45,17.2,42.72,50.29,28.84,41.73,49.25,39.05,53.85,5.83,72.2,36.4,45.4,50.61,47.17,10.44,55.73,40.4,74.02,62.83,56.23,32.7,29.68
45,62.82,45.89,83.68,85.8,63.01,91.83,72.35,85.44,72.06,50.0,77.47,78.87,102.63,93.68,108.19,70.06,16.0,77.41,99.7,67.91,62.29,36.89,94.37,50.61,31.14,61.85,74.71,31.0,17.72,70.01,31.26,51.66,33.6,56.08,15.0,75.61,67.42,68.07,36.22,12.04,68.43,29.0,90.55,91.05,65.8,0.0,72.37,64.66,46.84,106.07,37.64,63.53,24.6,42.19,86.77,61.1,86.68,47.71,97.67,16.12,75.59,58.31,96.57,82.83,78.8,9.44,113.93,33.11,68.12
46,93.6,26.48,107.35,102.16,54.78,71.01,63.06,102.55,11.05,67.8,106.0,77.88,101.12,44.28,91.14,11.05,56.75,120.51,85.01,97.08,100.0,52.5,56.75,67.2,86.61,52.92,87.73,42.38,72.92,15.03,87.46,21.02,65.44,39.82,84.12,96.18,51.92,100.21,36.4,80.22,46.1,61.85,76.16,71.0,42.45,72.37,0.0,58.87,26.02,89.09,43.01,81.12,69.97,70.01,96.14,38.63,112.77,70.29,86.15,57.28,88.64,48.75,98.06,13.79,112.57,64.6,93.22,49.65,71.31
47,40.31,50.25,49.41,43.38,4.12,27.2,7.81,43.83,49.19,20.02,49.5,20.0,45.4,42.72,44.41,48.33,53.26,68.26,36.06,42.2,48.75,28.32,35.0,19.03,53.94,6.08,29.15,45.19,51.0,44.72,54.92,54.0,33.11,20.1,65.74,38.42,8.6,46.04,47.13,76.69,14.87,36.06,26.4,26.4,17.2,64.66,58.87,0.0,54.23,42.2,33.11,25.0,43.38,28.44,37.36,20.25,55.0,24.02,34.89,51.74,30.02,11.0,41.01,57.6,57.18,64.18,49.67,33.6,12.53
48,79.85,4.0,97.02,94.05,50.36,75.03,60.83,94.2,28.79,55.08,93.92,74.17,99.61,59.55,95.19,26.93,31.78,104.45,87.64,84.15,84.53,35.85,67.2,54.82,65.12,48.37,79.63,19.1,50.0,28.65,65.86,5.0,47.17,34.71,59.51,86.12,50.45,86.54,12.73,54.23,46.82,42.2,77.88,74.67,42.72,46.84,26.02,54.23,0.0,92.97,25.63,70.61,48.8,54.13,90.14,37.0,101.92,56.3,87.56,32.65,80.62,43.29,95.19,38.13,99.14,38.71,98.91,30.89,65.01
49,61.61,89.2,54.33,44.28,44.94,18.25,34.41,45.28,78.06,57.01,60.01,28.65,21.95,51.24,2.24,78.16,95.43,83.02,6.4,59.68,70.21,70.43,35.44,56.22,89.55,46.65,41.0,86.95,90.91,74.17,90.43,91.48,73.0,58.69,105.0,49.16,42.95,63.51,88.1,118.09,46.17,77.08,15.81,18.44,50.29,106.07,89.09,42.2,92.97,0.0,74.95,48.85,83.1,65.8,35.06,55.97,58.86,60.22,9.49,93.86,40.79,51.48,25.0,81.85,68.25,106.25,8.34,75.8,38.6
50,54.23,21.93,71.59,69.18,30.02,58.41,40.71,69.26,38.63,29.61,68.31,51.92,77.62,56.04,77.18,36.77,22.83,79.32,68.96,58.52,59.17,10.3,57.45,29.43,43.83,28.3,55.01,12.08,31.58,35.44,44.72,27.78,22.63,18.87,45.01,60.83,32.65,60.93,15.0,48.85,32.02,18.87,59.17,57.8,28.84,37.64,43.01,33.11,25.63,74.95,0.0,45.4,27.31,28.65,66.12,23.71,76.4,30.68,67.98,21.93,56.01,23.6,72.57,49.75,73.53,34.01,82.01,6.71,41.77
51,15.81,66.71,26.57,24.02,28.32,42.01,26.57,24.0,72.42,16.0,25.0,20.62,39.7,67.08,50.57,71.28,57.72,43.42,42.72,17.2,24.74,36.01,57.01,16.03,41.4,29.7,11.18,56.01,46.32,68.01,42.2,71.84,30.68,41.34,58.8,15.52,33.6,21.1,60.3,74.95,39.82,36.4,36.5,41.01,41.73,63.53,81.12,25.0,70.61,48.85,45.4,0.0,38.95,21.54,23.26,43.42,31.78,16.49,39.4,55.79,12.08,32.8,33.42,81.67,32.29,66.65,57.19,42.0,14.56
52,39.2,46.01,59.84,61.35,42.72,70.33,50.61,61.03,65.92,26.17,54.15,55.15,78.24,79.1,85.15,64.08,22.56,58.19,76.69,44.28,40.31,20.1,76.4,26.91,16.64,42.06,50.12,29.73,7.81,62.63,17.49,52.4,10.3,41.01,22.36,51.24,48.08,45.01,36.07,36.06,50.8,9.06,68.01,69.46,49.25,24.6,69.97,43.38,48.8,83.1,27.31,38.95,0.0,17.8,62.18,46.0,63.29,23.43,74.33,20.62,51.0,39.81,72.11,77.04,56.65,28.8,91.19,20.62,44.6
53,25.96,50.54,45.01,44.91,29.02,54.23,34.79,44.72,63.41,8.94,40.61,37.54,60.46,68.73,67.8,61.85,36.5,50.8,59.41,30.59,30.53,18.36,63.2,9.85,25.5,29.02,32.7,37.11,25.5,59.41,26.48,56.44,9.22,33.54,39.2,35.23,35.0,32.57,42.38,53.82,39.32,15.13,51.11,53.31,39.05,42.19,70.01,28.44,54.13,65.8,28.65,21.54,17.8,0.0,44.78,37.7,49.25,5.66,56.85,34.53,33.62,28.64,54.38,74.0,45.12,45.12,74.0,23.41,27.2
54,29.68,86.15,19.42,9.49,41.48,37.74,33.54,10.44,86.16,38.33,25.02,18.87,18.36,71.42,36.0,85.44,80.65,48.0,30.59,26.4,37.16,57.71,57.63,38.08,62.97,43.42,12.08,77.52,69.46,81.71,63.66,90.55,53.85,57.27,81.4,15.23,44.38,29.73,81.1,98.11,50.57,59.46,30.02,36.89,53.85,86.77,96.14,37.36,90.14,35.06,66.12,23.26,62.18,44.78,0.0,57.57,24.35,39.56,26.48,78.75,11.18,48.05,12.08,93.73,33.19,89.84,42.6,63.79,25.32
55,57.31,33.24,69.12,63.56,16.16,38.08,25.08,63.98,29.15,32.45,68.41,39.62,64.01,33.24,58.19,28.18,46.53,85.15,50.7,60.14,64.82,26.08,33.84,31.62,60.67,14.32,49.19,34.06,52.24,24.7,61.66,35.69,37.34,5.1,66.75,57.98,14.0,63.64,33.42,72.5,9.85,37.01,41.0,37.7,5.83,61.1,38.63,20.25,37.0,55.97,23.71,43.42,46.0,37.7,57.57,0.0,74.63,35.85,50.8,45.62,50.09,10.63,60.3,38.29,75.55,57.69,62.02,28.16,32.7
56,24.08,98.08,5.66,14.87,58.82,61.72,53.74,13.93,103.77,46.84,9.22,40.8,39.01,93.86,59.54,102.73,85.01,26.25,54.82,19.03,25.5,66.49,80.99,47.13,57.58,60.46,26.17,86.15,69.05,99.32,57.94,103.41,58.08,72.95,77.49,16.64,63.25,18.68,91.01,96.57,69.66,64.07,54.13,60.83,72.2,86.68,112.77,55.0,101.92,58.86,76.4,31.78,63.29,49.25,24.35,74.63,0.0,45.89,50.7,83.01,25.46,64.14,34.13,112.57,12.06,92.06,65.9,72.18,42.64
57,23.71,52.55,41.3,40.31,25.18,49.04,29.83,40.2,62.97,4.0,37.64,31.89,54.92,65.51,62.2,61.52,41.23,50.25,53.82,27.86,29.73,20.62,59.01,5.0,30.36,25.5,27.51,40.31,31.14,58.8,31.32,58.18,14.32,32.2,44.82,31.0,31.26,30.41,45.12,59.41,36.14,19.92,45.65,48.1,36.4,47.71,70.29,24.02,56.3,60.22,30.68,16.49,23.43,5.66,39.56,35.85,45.89,0.0,51.22,39.29,28.46,26.0,48.88,73.23,43.0,50.29,68.43,26.31,21.63
58,52.17,83.68,45.89,35.9,38.08,16.16,27.31,36.88,75.24,48.17,51.16,19.42,17.2,51.88,11.18,75.11,87.66,74.17,4.12,50.36,60.83,62.68,36.36,47.42,80.26,39.92,31.58,80.06,82.13,71.11,81.12,86.49,64.35,52.89,96.05,40.01,37.11,54.23,81.71,109.66,41.3,68.68,10.0,15.81,45.4,97.67,86.15,34.89,87.56,9.49,67.98,39.4,74.33,56.85,26.48,50.8,50.7,51.22,0.0,86.02,31.4,44.94,18.03,80.23,59.52,98.3,17.8,68.26,29.73
59,59.01,31.02,79.16,79.43,49.5,78.49,59.55,79.25,56.22,40.5,74.01,68.1,93.04,77.79,96.05,54.23,2.0,78.75,87.62,64.0,60.83,23.43,79.26,40.85,34.67,48.1,66.76,15.13,18.6,54.01,35.23,37.16,25.32,40.71,26.93,69.72,53.26,65.12,20.88,26.93,53.54,19.42,78.1,77.78,50.61,16.12,57.28,51.74,32.65,93.86,21.93,55.79,20.62,34.53,78.75,45.62,83.01,39.29,86.02,0.0,67.72,44.05,87.32,67.12,77.05,12.5,101.41,18.44,57.31
60,20.88,76.66,19.8,13.6,34.0,38.33,28.28,13.93,79.18,27.46,21.93,16.16,28.32,68.6,42.2,78.26,69.64,44.15,35.23,19.03,29.43,47.17,56.36,27.29,52.35,35.78,1.0,67.12,58.31,74.71,53.08,81.39,42.72,49.04,70.43,9.85,38.01,23.0,71.01,86.95,44.41,48.38,31.4,37.36,47.17,75.59,88.64,30.02,80.62,40.79,56.01,12.08,51.0,33.62,11.18,50.09,25.46,28.46,31.4,67.72,0.0,39.92,21.93,87.55,30.42,78.71,48.95,53.24,17.49
61,46.75,39.32,58.67,53.49,7.07,34.83,17.72,53.85,39.66,22.36,57.8,31.0,56.32,40.2,53.71,38.59,45.34,74.65,45.62,49.52,54.41,21.47,36.69,21.47,53.01,5.1,39.0,35.51,46.84,35.23,54.01,43.0,30.15,9.22,61.68,47.51,9.22,53.04,36.77,70.18,11.05,31.32,35.78,34.21,10.44,58.31,48.75,11.0,43.29,51.48,23.6,32.8,39.81,28.64,48.05,10.63,64.14,26.0,44.94,44.05,39.92,0.0,52.01,48.92,64.92,56.52,58.42,25.61,22.8
62,41.68,91.2,30.02,20.1,45.0,32.65,35.23,21.1,87.56,46.96,36.5,21.02,6.4,68.24,25.5,87.1,89.16,59.21,21.95,38.48,49.24,65.15,53.26,46.52,74.28,47.0,22.63,84.4,79.63,83.2,75.01,95.01,63.13,61.01,92.2,27.31,46.39,41.79,87.3,108.17,51.97,68.43,25.0,32.02,55.73,96.57,98.06,41.01,95.19,25.0,72.57,33.42,72.11,54.38,12.08,60.3,34.13,48.88,18.03,87.32,21.93,52.01,0.0,93.96,44.3,98.91,31.77,71.17,30.81
63,95.51,37.66,106.99,100.71,53.75,64.37,60.19,101.22,11.14,70.19,106.64,74.95,96.24,33.34,83.76,13.05,66.89,123.19,78.51,98.43,102.74,57.98,47.56,69.44,93.43,52.15,86.72,51.98,81.06,14.64,94.35,33.22,70.98,41.12,93.42,95.95,49.6,101.9,46.64,91.59,43.26,68.35,70.48,64.55,40.4,82.83,13.79,57.6,38.13,81.85,49.75,81.67,77.04,74.0,93.73,38.29,112.57,73.23,80.23,67.12,87.55,48.92,93.96,0.0,113.85,75.74,85.0,56.43,70.07
64,19.31,95.46,14.38,24.21,60.6,68.62,57.55,23.21,104.35,44.93,8.53,46.57,49.73,98.35,69.18,103.11,79.03,14.92,63.6,15.5,16.52,63.29,86.69,45.45,48.51,61.99,30.81,82.13,61.53,99.98,48.72,101.17,53.15,73.11,68.36,20.58,65.74,12.6,87.5,87.94,72.04,58.99,61.42,67.67,74.02,78.8,112.57,57.18,99.14,68.25,73.53,32.29,56.65,45.12,33.19,75.55,12.06,43.0,59.52,77.05,30.42,64.92,44.3,113.85,0.0,85.0,75.74,68.53,45.64
65,67.99,38.24,88.64,89.81,61.99,90.98,71.98,89.55,65.25,51.95,82.9,80.12,104.75,89.29,108.42,63.26,11.23,84.81,99.98,73.08,68.51,35.86,91.46,52.4,38.77,60.6,77.78,25.02,23.57,63.6,39.04,43.65,35.99,52.87,24.35,79.83,65.74,73.68,29.27,15.91,65.88,30.49,90.51,90.27,62.83,9.44,64.6,64.18,38.71,106.25,34.01,66.65,28.8,45.12,89.84,57.69,92.06,50.29,98.3,12.5,78.71,56.52,98.91,75.74,85.0,0.0,113.85,30.93,69.3
66,69.8,95.23,61.63,51.6,52.15,23.96,41.86,52.6,82.18,65.16,67.62,36.98,27.61,53.02,6.74,82.46,102.93,90.59,14.64,67.74,78.33,77.99,37.58,64.36,97.87,53.75,49.19,93.93,99.0,78.51,98.75,97.13,81.04,65.12,113.17,57.07,49.6,71.51,94.74,125.97,52.17,84.98,23.39,24.42,56.23,113.93,93.22,49.67,98.91,8.34,82.01,57.19,91.19,74.0,42.6,62.02,65.9,68.43,17.8,101.41,48.95,58.42,31.77,85.0,75.74,113.85,0.0,83.21,46.8
67,49.34,27.46,67.6,66.01,31.14,60.11,41.4,66.0,45.31,26.0,63.79,51.08,76.55,61.19,78.01,43.46,19.8,73.57,69.63,53.85,53.67,6.08,61.27,26.02,37.12,29.7,52.24,14.04,25.18,42.06,38.01,33.6,16.4,23.09,39.05,57.14,34.83,55.97,18.97,44.78,35.36,12.21,60.0,59.41,32.7,33.11,49.65,33.6,30.89,75.8,6.71,42.0,20.62,23.41,63.79,28.16,72.18,26.31,68.26,18.44,53.24,25.61,71.17,56.43,68.53,30.93,83.21,0.0,40.5
68,30.36,61.01,37.01,30.87,16.55,28.44,12.08,31.3,61.72,18.44,37.64,10.82,36.06,52.84,40.61,60.84,59.06,57.7,32.2,31.3,39.29,34.54,42.45,17.69,51.48,18.38,16.64,53.6,52.4,57.25,52.39,65.28,34.66,32.02,66.4,26.17,20.62,35.34,56.57,80.06,27.02,39.2,24.17,27.46,29.68,68.12,71.31,12.53,65.01,38.6,41.77,14.56,44.6,27.2,25.32,32.7,42.64,21.63,29.73,57.31,17.49,22.8,30.81,70.07,45.64,69.3,46.8,40.5,0.0
