set K:= 1	2	3	4	5	6	7	8	9	10;
set C_H:= 1	2	3	4	5	6	7	8	9	10	11	12	13	14	15	16	17	18	19	20	21	22;
set C_S:= 23	24	25	26	27	28	29	30	31	32	33	34	35	36	37	38	39	40	41	42;
set C_F:= 43	44	45	46	47	48	49	50	51	52	53	54	55	56	57	58	59	60	61	62;
set M:= 63	64	65	66;
set L_B:= 67	68	69	70	71	72	73	74	75	76;
set A1:=
(0,*) 1 2 3 4 5 6 7 8 9 10 11 12 13 14 15 16 17 18 19 20 21 22 43 44 45 46 47 48 49 50 51 52 53 54 55 56 57 58 59 60 61 62 63 64 65 66 67 68 69 70 71 72 73 74 75 76
(1,*) 0 2 3 4 5 6 7 8 9 10 11 12 13 14 15 16 17 18 19 20 21 22 43 44 45 46 47 48 49 50 51 52 53 54 55 56 57 58 59 60 61 62 63 64 65 66 67 68 69 70 71 72 73 74 75 76
(2,*) 0 1 3 4 5 6 7 8 9 10 11 12 13 14 15 16 17 18 19 20 21 22 43 44 45 46 47 48 49 50 51 52 53 54 55 56 57 58 59 60 61 62 63 64 65 66 67 68 69 70 71 72 73 74 75 76
(3,*) 0 1 2 4 5 6 7 8 9 10 11 12 13 14 15 16 17 18 19 20 21 22 43 44 45 46 47 48 49 50 51 52 53 54 55 56 57 58 59 60 61 62 63 64 65 66 67 68 69 70 71 72 73 74 75 76
(4,*) 0 1 2 3 5 6 7 8 9 10 11 12 13 14 15 16 17 18 19 20 21 22 43 44 45 46 47 48 49 50 51 52 53 54 55 56 57 58 59 60 61 62 63 64 65 66 67 68 69 70 71 72 73 74 75 76
(5,*) 0 1 2 3 4 6 7 8 9 10 11 12 13 14 15 16 17 18 19 20 21 22 43 44 45 46 47 48 49 50 51 52 53 54 55 56 57 58 59 60 61 62 63 64 65 66 67 68 69 70 71 72 73 74 75 76
(6,*) 0 1 2 3 4 5 7 8 9 10 11 12 13 14 15 16 17 18 19 20 21 22 43 44 45 46 47 48 49 50 51 52 53 54 55 56 57 58 59 60 61 62 63 64 65 66 67 68 69 70 71 72 73 74 75 76
(7,*) 0 1 2 3 4 5 6 8 9 10 11 12 13 14 15 16 17 18 19 20 21 22 43 44 45 46 47 48 49 50 51 52 53 54 55 56 57 58 59 60 61 62 63 64 65 66 67 68 69 70 71 72 73 74 75 76
(8,*) 0 1 2 3 4 5 6 7 9 10 11 12 13 14 15 16 17 18 19 20 21 22 43 44 45 46 47 48 49 50 51 52 53 54 55 56 57 58 59 60 61 62 63 64 65 66 67 68 69 70 71 72 73 74 75 76
(9,*) 0 1 2 3 4 5 6 7 8 10 11 12 13 14 15 16 17 18 19 20 21 22 43 44 45 46 47 48 49 50 51 52 53 54 55 56 57 58 59 60 61 62 63 64 65 66 67 68 69 70 71 72 73 74 75 76
(10,*) 0 1 2 3 4 5 6 7 8 9 11 12 13 14 15 16 17 18 19 20 21 22 43 44 45 46 47 48 49 50 51 52 53 54 55 56 57 58 59 60 61 62 63 64 65 66 67 68 69 70 71 72 73 74 75 76
(11,*) 0 1 2 3 4 5 6 7 8 9 10 12 13 14 15 16 17 18 19 20 21 22 43 44 45 46 47 48 49 50 51 52 53 54 55 56 57 58 59 60 61 62 63 64 65 66 67 68 69 70 71 72 73 74 75 76
(12,*) 0 1 2 3 4 5 6 7 8 9 10 11 13 14 15 16 17 18 19 20 21 22 43 44 45 46 47 48 49 50 51 52 53 54 55 56 57 58 59 60 61 62 63 64 65 66 67 68 69 70 71 72 73 74 75 76
(13,*) 0 1 2 3 4 5 6 7 8 9 10 11 12 14 15 16 17 18 19 20 21 22 43 44 45 46 47 48 49 50 51 52 53 54 55 56 57 58 59 60 61 62 63 64 65 66 67 68 69 70 71 72 73 74 75 76
(14,*) 0 1 2 3 4 5 6 7 8 9 10 11 12 13 15 16 17 18 19 20 21 22 43 44 45 46 47 48 49 50 51 52 53 54 55 56 57 58 59 60 61 62 63 64 65 66 67 68 69 70 71 72 73 74 75 76
(15,*) 0 1 2 3 4 5 6 7 8 9 10 11 12 13 14 16 17 18 19 20 21 22 43 44 45 46 47 48 49 50 51 52 53 54 55 56 57 58 59 60 61 62 63 64 65 66 67 68 69 70 71 72 73 74 75 76
(16,*) 0 1 2 3 4 5 6 7 8 9 10 11 12 13 14 15 17 18 19 20 21 22 43 44 45 46 47 48 49 50 51 52 53 54 55 56 57 58 59 60 61 62 63 64 65 66 67 68 69 70 71 72 73 74 75 76
(17,*) 0 1 2 3 4 5 6 7 8 9 10 11 12 13 14 15 16 18 19 20 21 22 43 44 45 46 47 48 49 50 51 52 53 54 55 56 57 58 59 60 61 62 63 64 65 66 67 68 69 70 71 72 73 74 75 76
(18,*) 0 1 2 3 4 5 6 7 8 9 10 11 12 13 14 15 16 17 19 20 21 22 43 44 45 46 47 48 49 50 51 52 53 54 55 56 57 58 59 60 61 62 63 64 65 66 67 68 69 70 71 72 73 74 75 76
(19,*) 0 1 2 3 4 5 6 7 8 9 10 11 12 13 14 15 16 17 18 20 21 22 43 44 45 46 47 48 49 50 51 52 53 54 55 56 57 58 59 60 61 62 63 64 65 66 67 68 69 70 71 72 73 74 75 76
(20,*) 0 1 2 3 4 5 6 7 8 9 10 11 12 13 14 15 16 17 18 19 21 22 43 44 45 46 47 48 49 50 51 52 53 54 55 56 57 58 59 60 61 62 63 64 65 66 67 68 69 70 71 72 73 74 75 76
(21,*) 0 1 2 3 4 5 6 7 8 9 10 11 12 13 14 15 16 17 18 19 20 22 43 44 45 46 47 48 49 50 51 52 53 54 55 56 57 58 59 60 61 62 63 64 65 66 67 68 69 70 71 72 73 74 75 76
(22,*) 0 1 2 3 4 5 6 7 8 9 10 11 12 13 14 15 16 17 18 19 20 21 43 44 45 46 47 48 49 50 51 52 53 54 55 56 57 58 59 60 61 62 63 64 65 66 67 68 69 70 71 72 73 74 75 76
(43,*) 0 1 2 3 4 5 6 7 8 9 10 11 12 13 14 15 16 17 18 19 20 21 22 44 45 46 47 48 49 50 51 52 53 54 55 56 57 58 59 60 61 62 63 64 65 66 67 68 69 70 71 72 73 74 75 76
(44,*) 0 1 2 3 4 5 6 7 8 9 10 11 12 13 14 15 16 17 18 19 20 21 22 43 45 46 47 48 49 50 51 52 53 54 55 56 57 58 59 60 61 62 63 64 65 66 67 68 69 70 71 72 73 74 75 76
(45,*) 0 1 2 3 4 5 6 7 8 9 10 11 12 13 14 15 16 17 18 19 20 21 22 43 44 46 47 48 49 50 51 52 53 54 55 56 57 58 59 60 61 62 63 64 65 66 67 68 69 70 71 72 73 74 75 76
(46,*) 0 1 2 3 4 5 6 7 8 9 10 11 12 13 14 15 16 17 18 19 20 21 22 43 44 45 47 48 49 50 51 52 53 54 55 56 57 58 59 60 61 62 63 64 65 66 67 68 69 70 71 72 73 74 75 76
(47,*) 0 1 2 3 4 5 6 7 8 9 10 11 12 13 14 15 16 17 18 19 20 21 22 43 44 45 46 48 49 50 51 52 53 54 55 56 57 58 59 60 61 62 63 64 65 66 67 68 69 70 71 72 73 74 75 76
(48,*) 0 1 2 3 4 5 6 7 8 9 10 11 12 13 14 15 16 17 18 19 20 21 22 43 44 45 46 47 49 50 51 52 53 54 55 56 57 58 59 60 61 62 63 64 65 66 67 68 69 70 71 72 73 74 75 76
(49,*) 0 1 2 3 4 5 6 7 8 9 10 11 12 13 14 15 16 17 18 19 20 21 22 43 44 45 46 47 48 50 51 52 53 54 55 56 57 58 59 60 61 62 63 64 65 66 67 68 69 70 71 72 73 74 75 76
(50,*) 0 1 2 3 4 5 6 7 8 9 10 11 12 13 14 15 16 17 18 19 20 21 22 43 44 45 46 47 48 49 51 52 53 54 55 56 57 58 59 60 61 62 63 64 65 66 67 68 69 70 71 72 73 74 75 76
(51,*) 0 1 2 3 4 5 6 7 8 9 10 11 12 13 14 15 16 17 18 19 20 21 22 43 44 45 46 47 48 49 50 52 53 54 55 56 57 58 59 60 61 62 63 64 65 66 67 68 69 70 71 72 73 74 75 76
(52,*) 0 1 2 3 4 5 6 7 8 9 10 11 12 13 14 15 16 17 18 19 20 21 22 43 44 45 46 47 48 49 50 51 53 54 55 56 57 58 59 60 61 62 63 64 65 66 67 68 69 70 71 72 73 74 75 76
(53,*) 0 1 2 3 4 5 6 7 8 9 10 11 12 13 14 15 16 17 18 19 20 21 22 43 44 45 46 47 48 49 50 51 52 54 55 56 57 58 59 60 61 62 63 64 65 66 67 68 69 70 71 72 73 74 75 76
(54,*) 0 1 2 3 4 5 6 7 8 9 10 11 12 13 14 15 16 17 18 19 20 21 22 43 44 45 46 47 48 49 50 51 52 53 55 56 57 58 59 60 61 62 63 64 65 66 67 68 69 70 71 72 73 74 75 76
(55,*) 0 1 2 3 4 5 6 7 8 9 10 11 12 13 14 15 16 17 18 19 20 21 22 43 44 45 46 47 48 49 50 51 52 53 54 56 57 58 59 60 61 62 63 64 65 66 67 68 69 70 71 72 73 74 75 76
(56,*) 0 1 2 3 4 5 6 7 8 9 10 11 12 13 14 15 16 17 18 19 20 21 22 43 44 45 46 47 48 49 50 51 52 53 54 55 57 58 59 60 61 62 63 64 65 66 67 68 69 70 71 72 73 74 75 76
(57,*) 0 1 2 3 4 5 6 7 8 9 10 11 12 13 14 15 16 17 18 19 20 21 22 43 44 45 46 47 48 49 50 51 52 53 54 55 56 58 59 60 61 62 63 64 65 66 67 68 69 70 71 72 73 74 75 76
(58,*) 0 1 2 3 4 5 6 7 8 9 10 11 12 13 14 15 16 17 18 19 20 21 22 43 44 45 46 47 48 49 50 51 52 53 54 55 56 57 59 60 61 62 63 64 65 66 67 68 69 70 71 72 73 74 75 76
(59,*) 0 1 2 3 4 5 6 7 8 9 10 11 12 13 14 15 16 17 18 19 20 21 22 43 44 45 46 47 48 49 50 51 52 53 54 55 56 57 58 60 61 62 63 64 65 66 67 68 69 70 71 72 73 74 75 76
(60,*) 0 1 2 3 4 5 6 7 8 9 10 11 12 13 14 15 16 17 18 19 20 21 22 43 44 45 46 47 48 49 50 51 52 53 54 55 56 57 58 59 61 62 63 64 65 66 67 68 69 70 71 72 73 74 75 76
(61,*) 0 1 2 3 4 5 6 7 8 9 10 11 12 13 14 15 16 17 18 19 20 21 22 43 44 45 46 47 48 49 50 51 52 53 54 55 56 57 58 59 60 62 63 64 65 66 67 68 69 70 71 72 73 74 75 76
(62,*) 0 1 2 3 4 5 6 7 8 9 10 11 12 13 14 15 16 17 18 19 20 21 22 43 44 45 46 47 48 49 50 51 52 53 54 55 56 57 58 59 60 61 63 64 65 66 67 68 69 70 71 72 73 74 75 76
(63,*) 0 1 2 3 4 5 6 7 8 9 10 11 12 13 14 15 16 17 18 19 20 21 22 43 44 45 46 47 48 49 50 51 52 53 54 55 56 57 58 59 60 61 62 64 65 66 67 68 69 70 71 72 73 74 75 76
(64,*) 0 1 2 3 4 5 6 7 8 9 10 11 12 13 14 15 16 17 18 19 20 21 22 43 44 45 46 47 48 49 50 51 52 53 54 55 56 57 58 59 60 61 62 63 65 66 67 68 69 70 71 72 73 74 75 76
(65,*) 0 1 2 3 4 5 6 7 8 9 10 11 12 13 14 15 16 17 18 19 20 21 22 43 44 45 46 47 48 49 50 51 52 53 54 55 56 57 58 59 60 61 62 63 64 66 67 68 69 70 71 72 73 74 75 76
(66,*) 0 1 2 3 4 5 6 7 8 9 10 11 12 13 14 15 16 17 18 19 20 21 22 43 44 45 46 47 48 49 50 51 52 53 54 55 56 57 58 59 60 61 62 63 64 65 67 68 69 70 71 72 73 74 75 76
(67,*) 0 1 2 3 4 5 6 7 8 9 10 11 12 13 14 15 16 17 18 19 20 21 22 43 44 45 46 47 48 49 50 51 52 53 54 55 56 57 58 59 60 61 62 63 64 65 66 68 69 70 71 72 73 74 75 76
(68,*) 0 1 2 3 4 5 6 7 8 9 10 11 12 13 14 15 16 17 18 19 20 21 22 43 44 45 46 47 48 49 50 51 52 53 54 55 56 57 58 59 60 61 62 63 64 65 66 67 69 70 71 72 73 74 75 76
(69,*) 0 1 2 3 4 5 6 7 8 9 10 11 12 13 14 15 16 17 18 19 20 21 22 43 44 45 46 47 48 49 50 51 52 53 54 55 56 57 58 59 60 61 62 63 64 65 66 67 68 70 71 72 73 74 75 76
(70,*) 0 1 2 3 4 5 6 7 8 9 10 11 12 13 14 15 16 17 18 19 20 21 22 43 44 45 46 47 48 49 50 51 52 53 54 55 56 57 58 59 60 61 62 63 64 65 66 67 68 69 71 72 73 74 75 76
(71,*) 0 1 2 3 4 5 6 7 8 9 10 11 12 13 14 15 16 17 18 19 20 21 22 43 44 45 46 47 48 49 50 51 52 53 54 55 56 57 58 59 60 61 62 63 64 65 66 67 68 69 70 72 73 74 75 76
(72,*) 0 1 2 3 4 5 6 7 8 9 10 11 12 13 14 15 16 17 18 19 20 21 22 43 44 45 46 47 48 49 50 51 52 53 54 55 56 57 58 59 60 61 62 63 64 65 66 67 68 69 70 71 73 74 75 76
(73,*) 0 1 2 3 4 5 6 7 8 9 10 11 12 13 14 15 16 17 18 19 20 21 22 43 44 45 46 47 48 49 50 51 52 53 54 55 56 57 58 59 60 61 62 63 64 65 66 67 68 69 70 71 72 74 75 76
(74,*) 0 1 2 3 4 5 6 7 8 9 10 11 12 13 14 15 16 17 18 19 20 21 22 43 44 45 46 47 48 49 50 51 52 53 54 55 56 57 58 59 60 61 62 63 64 65 66 67 68 69 70 71 72 73 75 76
(75,*) 0 1 2 3 4 5 6 7 8 9 10 11 12 13 14 15 16 17 18 19 20 21 22 43 44 45 46 47 48 49 50 51 52 53 54 55 56 57 58 59 60 61 62 63 64 65 66 67 68 69 70 71 72 73 74 76
(76,*) 0 1 2 3 4 5 6 7 8 9 10 11 12 13 14 15 16 17 18 19 20 21 22 43 44 45 46 47 48 49 50 51 52 53 54 55 56 57 58 59 60 61 62 63 64 65 66 67 68 69 70 71 72 73 74 75
;
set A2:=
(63,*) 64
(64,*) 63
(65,*) 66
(66,*) 65
;
param BigM:=99999;
param n:= 10;
param d:=
1	17
2	1
3	15
4	16
5	22
6	22
7	25
8	21
9	26
10	12
11	21
12	17
13	17
14	26
15	16
16	6
17	11
18	6
19	26
20	10
21	17
22	6
23	20
24	26
25	17
26	20
27	20
28	5
29	21
30	12
31	2
32	15
33	2
34	2
35	10
36	21
37	7
38	1
39	17
40	25
41	25
42	16
43	11
44	5
45	2
46	5
47	11
48	12
49	12
50	15
51	16
52	12
53	22
54	21
55	16
56	6
57	1
58	63
59	10
60	25
61	5
62	22
;
param Q:=100;
param w:=
[63,*] 64 0.5
[64,*] 63 0.5
[65,*] 66 0.5
[66,*] 65 0.5
;
param V:=
[63,*] 64 96
[64,*] 63 96
[65,*] 66 94
[66,*] 65 94
;
param e:
	63	64	65	66	67	68	69	70	71	72	73	74	75	76:=
23	0	0	0	1	1	0	0	0	0	0	0	0	0	0	
24	1	0	0	1	0	0	0	0	1	0	0	0	0	0	
25	0	0	1	0	0	0	0	0	0	1	0	0	0	0	
26	0	0	0	1	0	0	0	0	1	0	0	0	1	0	
27	1	0	0	0	1	0	0	0	0	0	1	1	0	1	
28	0	1	0	1	0	1	0	0	0	0	0	0	0	0	
29	1	0	0	1	0	0	0	0	0	1	0	0	0	0	
30	0	0	1	0	0	0	0	0	0	1	0	0	0	0	
31	0	1	1	0	1	0	0	0	0	0	0	0	0	0	
32	0	1	0	0	0	1	0	0	0	1	0	0	0	0	
33	1	0	0	1	0	0	0	0	1	0	0	0	0	0	
34	1	0	0	1	0	0	1	0	1	0	0	0	0	0	
35	0	0	1	0	0	0	0	0	0	1	0	0	0	0	
36	0	0	1	0	0	0	0	0	0	1	0	0	0	0	
37	1	0	0	0	1	0	0	0	0	0	0	0	0	0	
38	0	0	1	0	0	1	0	0	0	1	0	0	0	0	
39	1	0	0	0	0	0	1	0	0	0	0	0	0	0	
40	0	1	0	0	0	1	0	0	0	0	0	0	0	0	
41	0	0	1	0	1	1	0	1	0	0	1	1	1	1	
42	0	1	0	0	0	1	0	0	0	0	0	0	0	0	
43	1	0	0	0	1	0	1	0	1	0	1	0	1	0	
44	1	0	1	0	0	0	0	0	1	0	1	0	1	0	
45	0	1	0	0	0	0	1	0	0	0	0	0	0	0	
46	1	0	0	0	0	0	0	0	1	0	0	0	0	0	
47	0	1	1	0	0	1	0	1	0	1	0	1	0	0	
48	0	1	1	0	0	1	0	1	0	0	0	1	0	1	
49	1	0	1	0	1	0	0	1	1	0	1	1	1	1	
50	0	1	1	0	0	1	0	0	0	1	0	1	0	0	
51	0	1	1	0	0	1	0	1	0	1	0	1	0	1	
52	0	1	0	0	0	0	0	0	0	1	0	0	0	0	
53	0	0	0	1	0	0	0	0	0	0	0	0	0	1	
54	0	0	0	1	1	0	0	0	0	0	1	0	1	0	
55	0	1	1	0	0	0	0	0	0	1	0	0	0	0	
56	0	0	1	0	0	1	0	1	0	0	1	1	1	1	
57	1	0	0	0	1	0	1	0	1	0	1	0	1	0	
58	0	0	0	1	0	0	0	0	0	0	0	0	0	1	
59	0	1	0	0	0	1	0	0	0	0	0	0	0	0	
60	0	1	1	0	0	1	0	0	0	1	0	0	0	0	
61	1	0	1	0	0	0	0	0	1	0	0	0	0	0	
62	0	1	0	1	0	1	0	0	0	0	0	0	0	0	
;
param p:=
1	3
2	3
3	3
4	3
5	3
6	3
7	3
8	3
9	3
10	3
;
param G:=
63	96
64	77
65	85
66	94
67	84
68	84
69	100
70	90
71	83
72	85
73	72
74	97
75	99
76	88
;
param s:=
0	0
1	10
2	10
3	10
4	10
5	10
6	10
7	10
8	10
9	10
10	10
11	10
12	10
13	10
14	10
15	10
16	10
17	10
18	10
19	10
20	10
21	10
22	10
43	10
44	10
45	10
46	10
47	10
48	10
49	10
50	10
51	10
52	10
53	10
54	10
55	10
56	10
57	10
58	10
59	10
60	10
61	10
62	10
63	10
64	10
65	10
66	10
67	10
68	10
69	10
70	10
71	10
72	10
73	10
74	10
75	10
76	10
;
param t:
	0	1	2	3	4	5	6	7	8	9	10	11	12	13	14	15	16	17	18	19	20	21	22	23	24	25	26	27	28	29	30	31	32	33	34	35	36	37	38	39	40	41	42	43	44	45	46	47	48	49	50	51	52	53	54	55	56	57	58	59	60	61	62	63	64	65	66	67	68	69	70	71	72	73	74	75	76:=
0	0.0	93.6	40.31	81.39	79.85	35.51	81.86	24.84	54.49	15.81	39.2	57.14	48.88	15.0	82.76	6.71	73.05	52.17	51.01	9.06	46.75	44.41	20.62	76.16	62.82	20.88	54.23	34.37	43.27	85.7	29.68	25.81	48.02	61.01	68.31	28.02	5.1	40.31	20.88	44.01	72.8	26.4	56.14	63.06	45.12	61.61	54.56	14.87	42.38	25.96	24.21	35.0	63.06	84.39	57.31	24.08	23.71	59.01	54.92	55.9	41.68	34.99	56.4	65.25	55.54	17.03	78.75	51.62	29.0	68.31	23.26	49.01	27.29	47.54	17.49	42.72	28.32
1	93.6	0.0	58.87	15.03	26.02	87.46	21.02	102.16	39.82	81.12	69.97	71.01	51.92	106.0	44.28	100.21	80.22	86.15	76.16	100.0	48.75	52.92	87.73	26.48	72.37	107.35	43.01	65.44	54.78	11.05	96.14	67.8	101.12	56.75	36.4	120.51	97.08	61.85	88.64	52.5	56.75	67.2	71.0	42.38	72.92	89.09	84.12	96.18	63.06	70.01	102.55	77.88	91.14	11.05	38.63	112.77	70.29	57.28	46.1	85.01	98.06	86.61	42.45	73.98	88.02	98.84	15.81	45.8	79.71	36.4	73.82	60.84	93.64	49.04	77.7	53.91	66.04
2	40.31	58.87	0.0	44.72	54.23	54.92	54.0	43.38	20.1	25.0	43.38	27.2	8.6	49.5	42.72	46.04	76.69	34.89	26.4	48.75	11.0	6.08	29.15	50.25	64.66	49.41	33.11	33.11	4.12	49.19	37.36	20.02	45.4	53.26	47.13	68.26	42.2	36.06	30.02	28.32	35.0	19.03	26.4	45.19	51.0	42.2	65.74	38.42	7.81	28.44	43.83	20.0	44.41	48.33	20.25	55.0	24.02	51.74	14.87	36.06	41.01	53.94	17.2	67.48	38.08	40.8	43.08	32.25	20.88	47.13	17.2	44.69	34.79	29.41	22.83	28.28	14.04
3	81.39	15.03	44.72	0.0	28.65	79.85	24.41	88.1	26.91	68.01	62.63	56.04	37.34	93.01	32.02	87.86	79.51	71.11	61.13	88.41	35.23	38.95	73.82	26.93	70.01	93.81	35.44	56.36	40.71	4.47	81.71	55.87	86.15	54.01	34.37	108.9	84.5	53.85	74.71	43.38	42.72	55.15	56.01	39.01	66.94	74.17	79.76	82.68	48.38	59.41	88.55	63.25	76.24	4.0	24.7	99.32	58.8	54.01	31.32	70.0	83.2	78.92	27.86	72.06	73.01	85.23	4.0	37.95	65.39	34.37	60.46	55.11	79.31	40.31	64.82	44.72	53.26
4	79.85	26.02	54.23	28.65	0.0	65.86	5.0	94.05	34.71	70.61	48.8	75.03	50.45	93.92	59.55	86.54	54.23	87.56	77.88	84.53	43.29	48.37	79.63	4.0	46.84	97.02	25.63	47.17	50.36	28.79	90.14	55.08	99.61	31.78	12.73	104.45	84.15	42.2	80.62	35.85	67.2	54.82	74.67	19.1	50.0	92.97	59.51	86.12	60.83	54.13	94.2	74.17	95.19	26.93	37.0	101.92	56.3	32.65	46.82	87.64	95.19	65.12	42.72	48.27	90.25	89.05	25.24	28.23	74.01	12.73	64.63	38.29	87.21	32.31	66.71	37.16	55.73
5	35.51	87.46	54.92	79.85	65.86	0.0	69.66	60.22	56.89	42.2	17.49	80.32	61.2	48.85	94.13	39.4	39.32	81.12	76.56	32.57	54.01	55.15	52.4	63.25	31.26	55.9	44.72	24.33	55.33	83.26	63.66	35.17	81.39	36.89	53.15	46.17	40.31	26.0	53.08	36.69	89.56	36.14	79.38	46.75	16.64	90.43	19.65	50.0	61.13	26.48	59.64	61.77	92.28	81.44	61.66	57.94	31.32	35.23	65.0	84.12	75.01	1.0	64.12	33.06	84.72	52.43	76.16	42.05	56.6	53.15	44.72	27.59	60.81	39.56	39.96	35.44	41.48
6	81.86	21.02	54.0	24.41	5.0	69.66	0.0	94.92	34.06	71.84	52.4	73.38	49.5	95.63	55.87	88.57	59.21	86.49	76.69	86.95	43.0	48.01	80.41	6.4	51.66	98.37	27.78	50.0	50.01	24.17	90.55	56.65	99.18	36.4	16.64	107.07	86.01	45.34	81.39	38.08	64.35	56.3	73.08	23.02	54.08	91.48	64.08	87.36	60.21	56.44	95.13	74.0	93.68	22.36	35.69	103.41	58.18	37.16	45.35	86.35	95.01	68.88	41.23	53.15	89.05	90.25	21.26	30.53	74.24	16.64	65.51	42.2	87.69	34.48	68.01	39.45	56.75
7	24.84	102.16	43.38	88.1	94.05	60.22	94.92	0.0	62.63	24.02	61.35	47.01	51.11	16.49	79.98	23.02	96.66	35.9	39.36	30.81	53.49	49.24	14.56	90.09	85.8	10.05	69.18	54.13	47.42	92.57	9.49	40.01	25.71	81.39	84.15	39.12	20.52	60.02	13.6	60.0	66.61	40.0	46.14	80.0	68.15	44.28	78.89	10.3	40.8	44.91	1.0	26.87	45.1	91.71	63.56	14.87	40.31	79.43	57.45	40.02	20.1	59.64	60.42	88.39	38.47	7.81	86.41	67.07	23.02	84.15	29.43	69.63	10.0	63.03	28.02	59.01	38.33
8	54.49	39.82	20.1	26.91	34.71	56.89	34.06	62.63	0.0	41.34	41.01	41.18	15.81	66.29	38.33	60.96	67.54	52.89	43.32	61.62	9.22	14.04	48.1	30.81	56.08	67.54	18.87	32.56	16.03	31.24	57.27	29.07	65.12	41.68	29.68	82.07	57.63	32.0	49.04	21.02	38.59	28.32	40.71	29.7	47.17	58.69	61.66	56.36	26.17	33.54	62.97	40.05	60.93	30.0	5.1	72.95	32.2	40.71	13.45	53.14	61.01	55.9	10.0	58.69	55.66	59.03	24.41	19.7	40.79	29.68	34.0	37.11	54.57	19.42	38.01	22.0	26.4
9	15.81	81.12	25.0	68.01	70.61	42.2	71.84	24.02	41.34	0.0	38.95	42.01	33.6	25.0	67.08	21.1	74.95	39.4	36.5	24.74	32.8	29.7	11.18	66.71	63.53	26.57	45.4	30.68	28.32	72.42	23.26	16.0	39.7	57.72	60.3	43.42	17.2	36.4	12.08	36.01	57.01	16.03	41.01	56.01	46.32	48.85	58.8	15.52	26.57	21.54	24.0	20.62	50.57	71.28	43.42	31.78	16.49	55.79	39.82	42.72	33.42	41.4	41.73	66.24	42.95	18.44	65.73	43.19	14.87	60.3	7.81	46.17	20.12	39.12	4.0	35.0	15.23
10	39.2	69.97	43.38	62.63	48.8	17.49	52.4	61.35	41.01	38.95	0.0	70.33	48.08	54.15	79.1	45.01	36.06	74.33	68.01	40.31	39.81	42.06	50.12	46.01	24.6	59.84	27.31	10.3	42.72	65.92	62.18	26.17	78.24	22.56	36.07	58.19	44.28	9.06	51.0	20.1	76.4	26.91	69.46	29.73	7.81	83.1	22.36	51.24	50.61	17.8	61.03	55.15	85.15	64.08	46.0	63.29	23.43	20.62	50.8	76.69	72.11	16.64	49.25	27.29	77.9	54.12	58.87	24.7	51.09	36.07	38.29	11.18	59.06	22.56	35.51	19.03	32.02
11	57.14	71.01	27.2	56.04	75.03	80.32	73.38	47.01	41.18	42.01	70.33	0.0	25.81	60.08	35.85	60.83	103.86	16.16	7.81	66.19	34.83	30.41	38.08	71.31	91.83	56.36	58.41	60.03	29.0	60.0	37.74	45.31	33.12	79.91	70.83	82.46	56.72	63.25	38.33	55.23	20.62	44.38	1.0	70.21	78.03	18.25	92.66	48.08	19.72	54.23	47.89	22.36	20.4	60.03	38.08	61.72	49.04	78.49	28.23	14.14	32.65	79.38	32.31	94.64	17.26	49.04	56.32	58.14	28.28	70.83	36.5	71.84	37.12	55.87	42.3	55.32	39.0
12	48.88	51.92	8.6	37.34	50.45	61.2	49.5	51.11	15.81	33.6	48.08	25.81	0.0	58.0	34.48	54.64	79.32	37.11	27.51	57.25	9.22	6.08	37.2	46.57	67.42	57.63	32.65	38.08	6.08	41.79	44.38	27.29	50.01	54.56	45.18	76.85	50.8	39.92	38.01	30.53	28.44	26.31	25.24	44.41	55.36	42.95	70.23	46.75	11.18	35.0	51.62	25.96	45.19	41.11	14.0	63.25	31.26	53.26	6.4	37.34	46.39	60.21	9.49	70.18	39.85	49.04	36.14	32.53	28.18	45.18	25.81	47.51	42.05	30.61	31.38	30.89	21.84
13	15.0	106.0	49.5	93.01	93.92	48.85	95.63	16.49	66.29	25.0	54.15	60.08	58.0	0.0	90.14	9.49	87.36	51.16	52.89	16.64	57.8	54.56	22.36	90.14	77.47	7.81	68.31	49.25	53.08	97.42	25.02	39.0	42.2	76.01	82.71	23.02	10.05	55.23	21.93	58.24	78.26	39.4	59.14	77.67	59.84	60.01	68.35	12.08	49.41	40.61	15.52	38.08	61.01	96.26	68.41	9.22	37.64	74.01	64.35	55.23	36.5	48.47	66.53	79.83	54.04	11.18	90.7	65.8	32.65	82.71	32.65	64.01	24.08	61.68	28.3	57.01	39.96
14	82.76	44.28	42.72	32.02	59.55	94.13	55.87	79.98	38.33	67.08	79.1	35.85	34.48	90.14	0.0	88.12	104.68	51.88	43.27	91.39	40.2	40.02	68.01	57.01	93.68	88.24	56.04	70.01	40.52	34.13	71.42	61.61	68.96	78.43	61.77	110.48	84.12	70.18	68.6	59.3	15.81	60.64	36.36	64.47	85.48	51.24	99.98	78.24	40.82	68.73	80.72	53.15	52.89	35.23	33.24	93.86	65.51	77.79	29.43	49.24	68.24	93.13	30.02	96.17	52.39	80.0	34.66	57.49	57.8	61.77	59.51	75.31	70.04	57.71	65.39	60.21	56.32
15	6.71	100.21	46.04	87.86	86.54	39.4	88.57	23.02	60.96	21.1	45.01	60.83	54.64	9.49	88.12	0.0	77.88	54.23	54.23	7.81	53.04	50.45	23.02	82.86	68.07	16.64	60.93	40.79	49.2	92.2	29.73	32.45	47.93	67.12	74.95	22.36	4.12	46.69	23.0	50.7	77.49	33.02	59.84	69.64	50.49	63.51	58.87	14.56	47.42	32.57	22.2	38.47	64.78	90.91	63.64	18.68	30.41	65.12	60.8	58.14	41.79	39.0	62.48	70.41	57.43	15.65	85.28	58.31	32.56	74.95	28.84	55.15	27.89	54.23	23.43	49.4	34.66
16	73.05	80.22	76.69	79.51	54.23	39.32	59.21	96.66	67.54	74.95	36.06	103.86	79.32	87.36	104.68	77.88	0.0	109.66	102.59	71.59	70.18	73.82	86.09	54.01	12.04	93.92	48.85	45.45	75.0	81.15	98.11	61.85	114.28	26.25	45.18	85.01	78.11	41.01	86.95	48.83	106.0	62.48	103.08	40.79	28.65	118.09	20.0	86.41	84.39	53.82	96.25	90.79	120.21	79.16	72.5	96.57	59.41	26.93	80.13	111.72	108.17	39.46	77.37	9.22	113.17	89.16	75.54	47.85	87.01	45.18	74.2	32.02	95.02	48.88	71.56	48.6	67.27
17	52.17	86.15	34.89	71.11	87.56	81.12	86.49	35.9	52.89	39.4	74.33	16.16	37.11	51.16	51.88	54.23	109.66	0.0	10.0	60.83	44.94	39.92	31.58	83.68	97.67	45.89	67.98	64.35	38.08	75.24	26.48	48.17	17.2	87.66	81.71	74.17	50.36	68.68	31.4	62.68	36.36	47.42	15.81	80.06	82.13	9.49	96.05	40.01	27.31	56.85	36.88	19.42	11.18	75.11	50.8	50.7	51.22	86.02	41.3	4.12	18.03	80.26	45.4	100.5	3.61	40.05	71.0	67.12	24.6	81.71	36.62	78.1	27.07	64.14	41.18	62.43	42.43
18	51.01	76.16	26.4	61.13	77.88	76.56	76.69	39.36	43.32	36.5	68.01	7.81	27.51	52.89	43.27	54.23	102.59	10.0	0.0	60.0	35.78	30.89	31.26	74.04	90.55	48.85	59.17	57.8	29.15	65.28	30.02	42.19	26.0	79.65	72.5	75.5	50.16	61.62	31.4	54.67	28.32	41.34	7.07	71.2	75.8	15.81	90.14	41.0	18.6	51.11	40.25	16.03	18.03	65.12	41.0	54.13	45.65	78.1	31.4	9.85	25.0	75.64	35.51	93.38	12.37	41.76	61.0	58.52	22.02	72.5	31.95	70.71	29.55	55.8	37.36	54.56	36.06
19	9.06	100.0	48.75	88.41	84.53	32.57	86.95	30.81	61.62	24.74	40.31	66.19	57.25	16.64	91.39	7.81	71.59	60.83	60.0	0.0	54.41	52.48	29.27	81.01	62.29	24.21	59.17	37.7	51.48	92.63	37.16	32.56	55.46	62.8	72.5	20.52	10.77	43.32	29.43	48.88	81.74	33.3	65.19	66.85	45.01	70.21	52.2	21.93	51.24	30.53	30.0	44.01	71.59	91.22	64.82	25.5	29.73	60.83	63.13	64.63	49.24	32.28	64.35	64.5	64.13	23.32	85.56	56.44	38.01	72.5	31.95	50.99	35.11	52.48	26.0	47.51	36.06
20	46.75	48.75	11.0	35.23	43.29	54.01	43.0	53.49	9.22	32.8	39.81	34.83	9.22	57.8	40.2	53.04	70.18	44.94	35.78	54.41	0.0	5.1	39.0	39.32	58.31	58.67	23.6	30.15	7.07	39.66	48.05	22.36	56.32	45.34	36.77	74.65	49.52	31.32	39.92	21.47	36.69	21.47	34.21	35.51	46.84	51.48	61.68	47.51	17.72	28.64	53.85	31.0	53.71	38.59	10.63	64.14	26.0	44.05	11.05	45.62	52.01	53.01	10.44	61.06	47.93	50.12	33.12	23.35	31.58	36.77	25.24	38.47	45.35	21.4	29.73	21.93	18.44
21	44.41	52.92	6.08	38.95	48.37	55.15	48.01	49.24	14.04	29.7	42.06	30.41	6.08	54.56	40.02	50.45	73.82	39.92	30.89	52.48	5.1	0.0	34.89	44.41	61.85	54.92	28.3	32.02	2.0	43.42	43.42	21.59	51.24	49.5	41.79	72.42	46.75	34.01	35.78	25.0	34.53	20.62	29.73	40.31	49.4	46.65	64.26	43.83	12.65	29.02	49.66	26.02	48.88	42.49	14.32	60.46	25.5	48.1	10.77	40.71	47.0	54.15	12.04	64.64	42.95	46.32	37.16	27.8	26.93	41.79	21.93	41.88	40.8	25.46	27.02	25.24	16.55
22	20.62	87.73	29.15	73.82	79.63	52.4	80.41	14.56	48.1	11.18	50.12	38.08	37.2	22.36	68.01	23.02	86.09	31.58	31.26	29.27	39.0	34.89	0.0	75.66	74.71	20.52	55.01	41.79	33.12	78.29	12.08	26.48	29.0	68.68	70.01	44.38	19.0	47.43	1.0	46.17	55.9	26.31	37.11	66.12	57.45	41.0	69.66	10.3	27.59	32.7	14.87	15.81	42.45	77.37	49.19	26.17	27.51	66.76	43.6	35.36	22.63	51.66	46.32	77.41	34.93	12.04	72.01	53.01	10.3	70.01	15.03	57.25	8.94	49.04	14.87	45.28	24.02
23	76.16	26.48	50.25	26.93	4.0	63.25	6.4	90.09	30.81	66.71	46.01	71.31	46.57	90.14	57.01	82.86	54.01	83.68	74.04	81.01	39.32	44.41	75.66	0.0	45.89	93.15	21.93	43.83	46.39	27.66	86.15	51.24	95.63	30.36	10.3	101.02	80.41	39.05	76.66	32.2	64.03	50.96	70.94	16.64	47.71	89.2	57.94	82.23	56.89	50.54	90.26	70.18	91.42	25.71	33.24	98.08	52.55	31.02	43.08	83.82	91.2	62.48	39.0	47.52	86.4	85.15	23.26	24.6	70.01	10.3	60.67	35.81	83.22	28.64	62.82	33.54	51.79
24	62.82	72.37	64.66	70.01	46.84	31.26	51.66	85.8	56.08	63.53	24.6	91.83	67.42	77.47	93.68	68.07	12.04	97.67	90.55	62.29	58.31	61.85	74.71	45.89	0.0	83.68	37.64	33.6	63.01	72.06	86.77	50.0	102.63	16.0	36.22	77.41	67.91	29.0	75.59	36.89	94.37	50.61	91.05	31.0	17.72	106.07	15.0	75.61	72.35	42.19	85.44	78.87	108.19	70.06	61.1	86.68	47.71	16.12	68.43	99.7	96.57	31.14	65.8	2.83	101.18	78.43	66.01	36.4	75.21	36.22	62.43	20.0	83.65	37.12	60.03	36.62	55.32
25	20.88	107.35	49.41	93.81	97.02	55.9	98.37	10.05	67.54	26.57	59.84	56.36	57.63	7.81	88.24	16.64	93.92	45.89	48.85	24.21	58.67	54.92	20.52	93.15	83.68	0.0	71.59	54.01	53.25	98.27	19.42	41.98	35.36	81.15	86.31	29.27	15.81	60.01	19.8	61.81	75.47	42.2	55.46	81.61	65.97	54.33	75.24	11.18	48.08	45.01	9.06	35.23	55.15	97.25	69.12	5.66	41.3	79.16	64.03	50.01	30.02	55.46	66.61	86.13	48.51	8.6	91.79	69.23	30.48	86.31	33.54	69.18	19.31	65.12	30.36	60.67	41.79
26	54.23	43.01	33.11	35.44	25.63	44.72	27.78	69.18	18.87	45.4	27.31	58.41	32.65	68.31	56.04	60.93	48.85	67.98	59.17	59.17	23.6	28.3	55.01	21.93	37.64	71.59	0.0	22.63	30.02	38.63	66.12	29.61	77.62	22.83	15.0	79.32	58.52	18.87	56.01	10.3	57.45	29.43	57.8	12.08	31.58	74.95	45.01	60.83	40.71	28.65	69.26	51.92	77.18	36.77	23.71	76.4	30.68	21.93	32.02	68.96	72.57	43.83	28.84	40.16	71.12	63.79	31.62	2.83	50.64	15.0	40.0	20.02	63.07	6.71	41.44	11.66	31.0
27	34.37	65.44	33.11	56.36	47.17	24.33	50.0	54.13	32.56	30.68	10.3	60.03	38.08	49.25	70.01	40.79	45.45	64.35	57.8	37.7	30.15	32.02	41.79	43.83	33.6	54.01	22.63	0.0	32.57	60.03	53.85	16.4	69.12	27.29	34.89	57.31	39.2	6.0	42.72	13.04	66.49	17.03	59.17	29.15	18.03	73.0	32.65	44.41	40.31	9.22	53.94	45.34	75.07	58.31	37.34	58.08	14.32	25.32	41.19	66.6	63.13	23.35	40.0	36.4	67.9	47.38	52.84	19.8	41.62	34.89	28.84	15.52	50.7	16.4	26.93	11.66	21.93
28	43.27	54.78	4.12	40.71	50.36	55.33	50.01	47.42	16.03	28.32	42.72	29.0	6.08	53.08	40.52	49.2	75.0	38.08	29.15	51.48	7.07	2.0	33.12	46.39	63.01	53.25	30.02	32.57	0.0	45.18	41.48	21.21	49.25	50.93	43.66	71.28	45.45	34.89	34.0	26.25	34.23	20.22	28.28	42.06	50.16	44.94	65.0	42.2	10.77	29.02	47.85	24.02	47.17	44.28	16.16	58.82	25.18	49.5	11.66	38.95	45.0	54.33	13.45	65.8	41.15	44.65	39.0	29.41	25.0	43.66	20.52	43.01	38.9	26.91	25.81	26.4	15.81
29	85.7	11.05	49.19	4.47	28.79	83.26	24.17	92.57	31.24	72.42	65.92	60.0	41.79	97.42	34.13	92.2	81.15	75.24	65.28	92.63	39.66	43.42	78.29	27.66	72.06	98.27	38.63	60.03	45.18	0.0	86.16	60.11	90.43	56.08	36.01	113.14	88.87	57.27	79.18	47.01	45.88	59.41	60.01	41.11	69.92	78.06	82.38	87.13	52.81	63.41	93.02	67.68	80.1	2.0	29.15	103.77	62.97	56.22	35.74	74.03	87.56	82.35	32.31	74.01	77.06	89.69	7.21	41.23	69.86	36.01	64.9	57.97	83.77	43.83	69.2	48.37	57.63
30	29.68	96.14	37.36	81.71	90.14	63.66	90.55	9.49	57.27	23.26	62.18	37.74	44.38	25.02	71.42	29.73	98.11	26.48	30.02	37.16	48.05	43.42	12.08	86.15	86.77	19.42	66.12	53.85	41.48	86.16	0.0	38.33	18.36	80.65	81.1	48.0	26.4	59.46	11.18	57.71	57.63	38.08	36.89	77.52	69.46	35.06	81.4	15.23	33.54	44.78	10.44	18.87	36.0	85.44	57.57	24.35	39.56	78.75	50.57	30.59	12.08	62.97	53.85	89.47	29.15	14.32	80.32	64.28	16.49	81.1	26.31	69.29	3.16	60.41	26.93	56.89	35.23
31	25.81	67.8	20.02	55.87	55.08	35.17	56.65	40.01	29.07	16.0	26.17	45.31	27.29	39.0	61.61	32.45	61.85	48.17	42.19	32.56	22.36	21.59	26.48	51.24	50.0	41.98	29.61	16.4	21.21	60.11	38.33	0.0	52.84	42.38	44.41	53.04	29.53	21.47	27.46	20.02	55.01	1.0	44.38	40.01	33.97	57.01	48.01	31.26	25.96	8.94	40.0	29.0	59.03	58.73	32.45	46.84	4.0	40.5	32.28	50.61	46.96	34.21	32.7	52.8	51.74	34.23	53.08	27.29	25.24	44.41	12.53	31.3	35.17	23.19	12.0	19.0	6.32
32	48.02	101.12	45.4	86.15	99.61	81.39	99.18	25.71	65.12	39.7	78.24	33.12	50.01	42.2	68.96	47.93	114.28	17.2	26.0	55.46	56.32	51.24	29.0	95.63	102.63	35.36	77.62	69.12	49.25	90.43	18.36	52.84	0.0	94.85	92.2	64.63	44.72	74.3	28.32	70.58	53.54	52.35	32.65	89.56	85.8	21.95	98.49	33.54	39.01	60.46	26.68	25.71	21.93	90.09	64.01	39.01	54.92	93.04	55.23	20.52	6.4	80.66	59.14	105.39	17.69	32.31	85.59	76.24	27.73	92.2	40.31	84.12	20.81	72.73	42.8	70.01	48.33
33	61.01	56.75	53.26	54.01	31.78	36.89	36.4	81.39	41.68	57.72	22.56	79.91	54.56	76.01	78.43	67.12	26.25	87.66	79.65	62.8	45.34	49.5	68.68	30.36	16.0	81.15	22.83	27.29	50.93	56.08	80.65	42.38	94.85	0.0	20.4	80.65	66.0	21.38	69.64	25.0	80.26	42.72	79.21	15.0	20.25	95.43	27.73	71.7	61.07	36.5	81.22	69.84	97.62	54.08	46.53	85.01	41.23	2.0	54.64	89.2	89.16	36.36	51.62	18.11	91.02	74.67	50.01	22.2	67.12	20.4	54.78	12.0	77.49	24.04	53.85	25.24	46.52
34	68.31	36.4	47.13	34.37	12.73	53.15	16.64	84.15	29.68	60.3	36.07	70.83	45.18	82.71	61.77	74.95	45.18	81.71	72.5	72.5	36.77	41.79	70.01	10.3	36.22	86.31	15.0	34.89	43.66	36.01	81.1	44.41	92.2	20.4	0.0	92.18	72.8	29.68	71.01	24.52	66.53	44.28	70.33	6.4	37.44	88.1	47.76	75.66	54.42	42.38	84.21	66.49	90.34	34.01	33.42	91.01	45.12	20.88	43.01	82.35	87.3	52.4	39.2	38.05	84.69	78.64	30.41	17.12	65.49	0.0	55.0	25.61	78.06	21.21	56.32	25.71	46.0
35	28.02	120.51	68.26	108.9	104.45	46.17	107.07	39.12	82.07	43.42	58.19	82.46	76.85	23.02	110.48	22.36	85.01	74.17	75.5	20.52	74.65	72.42	44.38	101.02	77.41	29.27	79.32	57.31	71.28	113.14	48.0	53.04	64.63	80.65	92.18	0.0	26.4	62.61	44.15	69.07	99.72	53.76	81.49	86.31	61.39	83.02	65.01	34.53	69.78	50.8	38.12	60.17	84.0	111.73	85.15	26.25	50.25	78.75	82.93	78.23	59.21	46.27	84.4	79.23	77.06	34.13	106.08	76.55	54.41	92.18	51.11	69.29	47.1	72.67	45.49	67.68	56.22
36	5.1	97.08	42.2	84.5	84.15	40.31	86.01	20.52	57.63	17.2	44.28	56.72	50.8	10.05	84.12	4.12	78.11	50.36	50.16	10.77	49.52	46.75	19.0	80.41	67.91	15.81	58.52	39.2	45.45	88.87	26.4	29.53	44.72	66.0	72.8	26.4	0.0	45.18	19.03	48.38	73.39	30.02	55.73	67.68	50.22	59.68	59.51	11.18	43.38	30.59	19.8	34.37	61.0	87.62	60.14	19.03	27.86	64.0	57.01	54.23	38.48	39.82	58.8	70.34	53.6	12.81	82.01	55.97	28.44	72.8	25.0	54.0	24.35	51.87	19.8	47.13	31.24
37	40.31	61.85	36.06	53.85	42.2	26.0	45.34	60.02	32.0	36.4	9.06	63.25	39.92	55.23	70.18	46.69	41.01	68.68	61.62	43.32	31.32	34.01	47.43	39.05	29.0	60.01	18.87	6.0	34.89	57.27	59.46	21.47	74.3	21.38	29.68	62.61	45.18	0.0	48.38	11.05	68.01	21.95	62.43	23.71	15.52	77.08	30.36	50.36	43.6	15.13	59.84	50.0	79.2	55.46	37.01	64.07	19.92	19.42	42.2	70.71	68.43	25.08	40.45	31.83	72.18	53.34	50.16	16.12	46.65	29.68	34.0	9.85	56.3	13.6	32.57	10.0	26.4
38	20.88	88.64	30.02	74.71	80.62	53.08	81.39	13.6	49.04	12.08	51.0	38.33	38.01	21.93	68.6	23.0	86.95	31.4	31.4	29.43	39.92	35.78	1.0	76.66	75.59	19.8	56.01	42.72	34.0	79.18	11.18	27.46	28.32	69.64	71.01	44.15	19.03	48.38	0.0	47.17	56.36	27.29	37.36	67.12	58.31	40.79	70.43	9.85	28.28	33.62	13.93	16.16	42.2	78.26	50.09	25.46	28.46	67.72	44.41	35.23	21.93	52.35	47.17	78.29	34.71	11.4	72.92	54.01	10.82	71.01	16.03	58.19	8.06	50.04	15.81	46.27	25.02
39	44.01	52.5	28.32	43.38	35.85	36.69	38.08	60.0	21.02	36.01	20.1	55.23	30.53	58.24	59.3	50.7	48.83	62.68	54.67	48.88	21.47	25.0	46.17	32.2	36.89	61.81	10.3	13.04	26.25	47.01	57.71	20.02	70.58	25.0	24.52	69.07	48.38	11.05	47.17	0.0	57.94	20.0	54.49	20.0	26.17	70.43	40.79	51.24	36.12	18.36	60.01	45.19	72.62	45.28	26.08	66.49	20.62	23.43	31.95	64.2	65.15	35.74	29.83	39.66	66.03	54.23	39.82	7.62	43.01	24.52	31.4	17.0	54.59	3.61	32.02	1.41	22.56
40	72.8	56.75	35.0	42.72	67.2	89.56	64.35	66.61	38.59	57.01	76.4	20.62	28.44	78.26	15.81	77.49	106.0	36.36	28.32	81.74	36.69	34.53	55.9	64.03	94.37	75.47	57.45	66.49	34.23	45.88	57.63	55.01	53.54	80.26	66.53	99.72	73.39	68.01	56.36	57.94	0.0	54.01	21.26	67.8	83.52	35.44	98.37	66.19	30.59	63.2	67.42	40.31	37.11	46.49	33.84	80.99	59.01	79.26	26.0	33.54	53.26	88.57	28.65	97.05	36.67	67.6	44.28	58.18	45.62	66.53	50.01	74.85	56.61	57.27	56.09	58.52	49.01
41	26.4	67.2	19.03	55.15	54.82	36.14	56.3	40.0	28.32	16.03	26.91	44.38	26.31	39.4	60.64	33.02	62.48	47.42	41.34	33.3	21.47	20.62	26.31	50.96	50.61	42.2	29.43	17.03	20.22	59.41	38.08	1.0	52.35	42.72	44.28	53.76	30.02	21.95	27.29	20.0	54.01	0.0	43.46	40.0	34.71	56.22	48.83	31.4	25.0	9.85	40.01	28.32	58.26	58.05	31.62	47.13	5.0	40.85	31.32	49.82	46.52	35.17	31.78	53.41	50.99	34.37	52.4	27.17	24.7	44.28	12.08	31.76	34.93	23.09	12.04	19.03	5.39
42	56.14	71.0	26.4	56.01	74.67	79.38	73.08	46.14	40.71	41.01	69.46	1.0	25.24	59.14	36.36	59.84	103.08	15.81	7.07	65.19	34.21	29.73	37.11	70.94	91.05	55.46	57.8	59.17	28.28	60.01	36.89	44.38	32.65	79.21	70.33	81.49	55.73	62.43	37.36	54.49	21.26	43.46	0.0	69.63	77.18	18.44	91.79	47.13	18.87	53.31	47.01	21.38	20.62	60.01	37.7	60.83	48.1	77.78	27.86	14.04	32.02	78.43	31.95	93.86	17.12	48.1	56.22	57.49	27.29	70.33	35.51	71.06	36.24	55.17	41.3	54.56	38.08
43	63.06	42.38	45.19	39.01	19.1	46.75	23.02	80.0	29.7	56.01	29.73	70.21	44.41	77.67	64.47	69.64	40.79	80.06	71.2	66.85	35.51	40.31	66.12	16.64	31.0	81.61	12.08	29.15	42.06	41.11	77.52	40.01	89.56	15.0	6.4	86.31	67.68	23.71	67.12	20.0	67.8	40.0	69.63	0.0	31.06	86.95	41.76	71.18	52.77	37.11	80.01	63.89	89.19	39.12	34.06	86.15	40.31	15.13	43.14	81.01	84.4	46.01	39.62	33.06	83.19	74.17	35.01	13.34	62.37	6.4	51.24	19.21	74.43	17.12	52.01	21.02	42.3
44	45.12	72.92	51.0	66.94	50.0	16.64	54.08	68.15	47.17	46.32	7.81	78.03	55.36	59.84	85.48	50.49	28.65	82.13	75.8	45.01	46.84	49.4	57.45	47.71	17.72	65.97	31.58	18.03	50.16	69.92	69.46	33.97	85.8	20.25	37.44	61.39	50.22	15.52	58.31	26.17	83.52	34.71	77.18	31.06	0.0	90.91	14.87	57.94	58.31	25.5	67.78	62.94	92.96	68.01	52.24	69.05	31.14	18.6	57.72	84.5	79.63	16.12	55.9	20.25	85.7	60.75	63.06	29.27	58.8	37.44	46.01	12.08	66.37	28.0	43.01	25.32	39.82
45	61.61	89.09	42.2	74.17	92.97	90.43	91.48	44.28	58.69	48.85	83.1	18.25	42.95	60.01	51.24	63.51	118.09	9.49	15.81	70.21	51.48	46.65	41.0	89.2	106.07	54.33	74.95	73.0	44.94	78.06	35.06	57.01	21.95	95.43	88.1	83.02	59.68	77.08	40.79	70.43	35.44	56.22	18.44	86.95	90.91	0.0	105.0	49.16	34.41	65.8	45.28	28.65	2.24	78.16	55.97	58.86	60.22	93.86	46.17	6.4	25.0	89.55	50.29	108.89	6.08	49.01	74.55	74.33	34.01	88.1	45.79	86.31	36.01	71.61	50.54	70.29	51.09
46	54.56	84.12	65.74	79.76	59.51	19.65	64.08	78.89	61.66	58.8	22.36	92.66	70.23	68.35	99.98	58.87	20.0	96.05	90.14	52.2	61.68	64.26	69.66	57.94	15.0	75.24	45.01	32.65	65.0	82.38	81.4	48.01	98.49	27.73	47.76	65.01	59.51	30.36	70.43	40.79	98.37	48.83	91.79	41.76	14.87	105.0	0.0	68.6	72.95	39.2	78.39	76.69	107.0	80.41	66.75	77.49	44.82	26.93	72.53	98.6	92.2	19.92	70.61	15.65	99.64	71.2	75.8	43.01	72.18	47.76	59.55	25.0	78.41	42.3	55.87	40.02	54.08
47	14.87	96.18	38.42	82.68	86.12	50.0	87.36	10.3	56.36	15.52	51.24	48.08	46.75	12.08	78.24	14.56	86.41	40.01	41.0	21.93	47.51	43.83	10.3	82.23	75.61	11.18	60.83	44.41	42.2	87.13	15.23	31.26	33.54	71.7	75.66	34.53	11.18	50.36	9.85	51.24	66.19	31.4	47.13	71.18	57.94	49.16	68.6	0.0	37.64	35.23	9.85	26.0	50.36	86.09	57.98	16.64	31.0	69.72	53.15	44.0	27.31	49.41	55.61	78.19	43.1	3.0	80.62	58.55	20.59	75.66	22.36	59.84	13.34	54.45	19.42	50.16	30.68
48	42.38	63.06	7.81	48.38	60.83	61.13	60.21	40.8	26.17	26.57	50.61	19.72	11.18	49.41	40.82	47.42	84.39	27.31	18.6	51.24	17.72	12.65	27.59	56.89	72.35	48.08	40.71	40.31	10.77	52.81	33.54	25.96	39.01	61.07	54.42	69.78	43.38	43.6	28.28	36.12	30.59	25.0	18.87	52.77	58.31	34.41	72.95	37.64	0.0	34.79	41.4	14.87	36.62	52.2	25.08	53.74	29.83	59.55	17.09	28.3	35.23	60.17	20.62	75.17	30.41	39.62	47.3	39.96	17.8	54.42	19.42	52.4	31.38	37.2	25.5	36.07	19.65
49	25.96	70.01	28.44	59.41	54.13	26.48	56.44	44.91	33.54	21.54	17.8	54.23	35.0	40.61	68.73	32.57	53.82	56.85	51.11	30.53	28.64	29.02	32.7	50.54	42.19	45.01	28.65	9.22	29.02	63.41	44.78	8.94	60.46	36.5	42.38	50.8	30.59	15.13	33.62	18.36	63.2	9.85	53.31	37.11	25.5	65.8	39.2	35.23	34.79	0.0	44.72	37.54	67.8	61.85	37.7	49.25	5.66	34.53	39.32	59.41	54.38	25.5	39.05	44.94	60.44	38.21	56.22	25.94	33.3	42.38	20.52	24.74	41.63	21.95	17.89	17.0	15.23
50	24.21	102.55	43.83	88.55	94.2	59.64	95.13	1.0	62.97	24.0	61.03	47.89	51.62	15.52	80.72	22.2	96.25	36.88	40.25	30.0	53.85	49.66	14.87	90.26	85.44	9.06	69.26	53.94	47.85	93.02	10.44	40.0	26.68	81.22	84.21	38.12	19.8	59.84	13.93	60.01	67.42	40.01	47.01	80.01	67.78	45.28	78.39	9.85	41.4	44.72	0.0	27.59	46.1	92.14	63.98	13.93	40.2	79.25	57.98	41.0	21.1	59.08	60.9	88.02	39.46	7.21	86.82	67.12	23.6	84.21	29.61	69.43	10.82	63.07	28.0	59.0	38.47
51	35.0	77.88	20.0	63.25	74.17	61.77	74.0	26.87	40.05	20.62	55.15	22.36	25.96	38.08	53.15	38.47	90.79	19.42	16.03	44.01	31.0	26.02	15.81	70.18	78.87	35.23	51.92	45.34	24.02	67.68	18.87	29.0	25.71	69.84	66.49	60.17	34.37	50.0	16.16	45.19	40.31	28.32	21.38	63.89	62.94	28.65	76.69	26.0	14.87	37.54	27.59	0.0	30.53	67.05	39.62	40.8	31.89	68.1	31.95	22.36	21.02	60.9	35.44	81.69	23.02	27.29	62.1	50.6	6.0	66.49	17.2	59.64	17.03	47.17	21.93	44.72	23.6
52	63.06	91.14	44.41	76.24	95.19	92.28	93.68	45.1	60.93	50.57	85.15	20.4	45.19	61.01	52.89	64.78	120.21	11.18	18.03	71.59	53.71	48.88	42.45	91.42	108.19	55.15	77.18	75.07	47.17	80.1	36.0	59.03	21.93	97.62	90.34	84.0	61.0	79.2	42.2	72.62	37.11	58.26	20.62	89.19	92.96	2.24	107.0	50.36	36.62	67.8	46.1	30.53	0.0	80.22	58.19	59.54	62.2	96.05	48.38	8.49	25.5	91.42	52.5	111.02	7.62	50.09	76.66	76.55	35.78	90.34	47.71	88.46	37.12	73.82	52.35	72.47	53.15
53	84.39	11.05	48.33	4.0	26.93	81.44	22.36	91.71	30.0	71.28	64.08	60.03	41.11	96.26	35.23	90.91	79.16	75.11	65.12	91.22	38.59	42.49	77.37	25.71	70.06	97.25	36.77	58.31	44.28	2.0	85.44	58.73	90.09	54.08	34.01	111.73	87.62	55.46	78.26	45.28	46.49	58.05	60.01	39.12	68.01	78.16	80.41	86.09	52.2	61.85	92.14	67.05	80.22	0.0	28.18	102.73	61.52	54.23	35.17	74.0	87.1	80.53	31.62	72.01	77.01	88.68	5.66	39.4	69.08	34.01	63.81	56.04	83.01	42.06	68.01	46.65	56.4
54	57.31	38.63	20.25	24.7	37.0	61.66	35.69	63.56	5.1	43.42	46.0	38.08	14.0	68.41	33.24	63.64	72.5	50.8	41.0	64.82	10.63	14.32	49.19	33.24	61.1	69.12	23.71	37.34	16.16	29.15	57.57	32.45	64.01	46.53	33.42	85.15	60.14	37.01	50.09	26.08	33.84	31.62	37.7	34.06	52.24	55.97	66.75	57.98	25.08	37.7	63.98	39.62	58.19	28.18	0.0	74.63	35.85	45.62	9.85	50.7	60.3	60.67	5.83	63.69	53.37	60.54	22.85	24.7	41.11	33.42	35.81	42.2	55.03	24.52	40.36	27.02	29.0
55	24.08	112.77	55.0	99.32	101.92	57.94	103.41	14.87	72.95	31.78	63.29	61.72	63.25	9.22	93.86	18.68	96.57	50.7	54.13	25.5	64.14	60.46	26.17	98.08	86.68	5.66	76.4	58.08	58.82	103.77	24.35	46.84	39.01	85.01	91.01	26.25	19.03	64.07	25.46	66.49	80.99	47.13	60.83	86.15	69.05	58.86	77.49	16.64	53.74	49.25	13.93	40.8	59.54	102.73	74.63	0.0	45.89	83.01	69.66	54.82	34.13	57.58	72.2	89.05	53.15	14.21	97.25	73.98	36.12	91.01	38.95	73.01	24.6	69.86	35.47	65.31	47.01
56	23.71	70.29	24.02	58.8	56.3	31.32	58.18	40.31	32.2	16.49	23.43	49.04	31.26	37.64	65.51	30.41	59.41	51.22	45.65	29.73	26.0	25.5	27.51	52.55	47.71	41.3	30.68	14.32	25.18	62.97	39.56	4.0	54.92	41.23	45.12	50.25	27.86	19.92	28.46	20.62	59.01	5.0	48.1	40.31	31.14	60.22	44.82	31.0	29.83	5.66	40.2	31.89	62.2	61.52	35.85	45.89	0.0	39.29	36.14	53.82	48.88	30.36	36.4	50.48	54.82	34.0	55.87	28.16	27.66	45.12	14.87	29.73	36.4	24.04	12.65	19.42	10.2
57	59.01	57.28	51.74	54.01	32.65	35.23	37.16	79.43	40.71	55.79	20.62	78.49	53.26	74.01	77.79	65.12	26.93	86.02	78.1	60.83	44.05	48.1	66.76	31.02	16.12	79.16	21.93	25.32	49.5	56.22	78.75	40.5	93.04	2.0	20.88	78.75	64.0	19.42	67.72	23.43	79.26	40.85	77.78	15.13	18.6	93.86	26.93	69.72	59.55	34.53	79.25	68.1	96.05	54.23	45.62	83.01	39.29	0.0	53.54	87.62	87.32	34.67	50.61	18.44	89.4	72.69	50.01	21.1	65.31	20.88	52.92	10.0	75.58	22.67	51.92	23.6	44.72
58	54.92	46.1	14.87	31.32	46.82	65.0	45.35	57.45	13.45	39.82	50.8	28.23	6.4	64.35	29.43	60.8	80.13	41.3	31.4	63.13	11.05	10.77	43.6	43.08	68.43	64.03	32.02	41.19	11.66	35.74	50.57	32.28	55.23	54.64	43.01	82.93	57.01	42.2	44.41	31.95	26.0	31.32	27.86	43.14	57.72	46.17	72.53	53.15	17.09	39.32	57.98	31.95	48.38	35.17	9.85	69.66	36.14	53.54	0.0	41.0	51.97	64.0	4.12	71.12	43.74	55.44	30.41	32.45	34.48	43.01	32.02	48.85	48.3	31.3	37.44	32.57	27.31
59	55.9	85.01	36.06	70.0	87.64	84.12	86.35	40.02	53.14	42.72	76.69	14.14	37.34	55.23	49.24	58.14	111.72	4.12	9.85	64.63	45.62	40.71	35.36	83.82	99.7	50.01	68.96	66.6	38.95	74.03	30.59	50.61	20.52	89.2	82.35	78.23	54.23	70.71	35.23	64.2	33.54	49.82	14.04	81.01	84.5	6.4	98.6	44.0	28.3	59.41	41.0	22.36	8.49	74.0	50.7	54.82	53.82	87.62	41.0	0.0	21.95	83.24	45.12	102.53	3.16	44.1	70.11	68.26	27.86	82.35	39.45	79.98	31.14	65.46	44.28	64.03	44.69
60	41.68	98.06	41.01	83.2	95.19	75.01	95.01	20.1	61.01	33.42	72.11	32.65	46.39	36.5	68.24	41.79	108.17	18.03	25.0	49.24	52.01	47.0	22.63	91.2	96.57	30.02	72.57	63.13	45.0	87.56	12.08	46.96	6.4	89.16	87.3	59.21	38.48	68.43	21.93	65.15	53.26	46.52	32.02	84.4	79.63	25.0	92.2	27.31	35.23	54.38	21.1	21.02	25.5	87.1	60.3	34.13	48.88	87.32	51.97	21.95	0.0	74.28	55.73	99.32	19.7	26.25	82.38	71.06	22.14	87.3	34.44	78.26	14.42	67.45	36.62	64.51	42.72
