set K:= 1	2	3	4	5	6	7	8	9;
set C_H:= 1	2	3	4	5	6	7	8	9	10	11	12	13	14	15	16	17	18	19	20	21	22	23	24;
set C_S:= 25	26	27	28	29	30	31	32	33	34	35	36	37	38	39	40	41	42	43	44	45	46;
set C_F:= 47	48	49	50	51	52	53	54	55	56	57	58	59	60	61	62	63	64	65	66	67	68;
set M:= 69	70;
set L_B:= 71	72	73	74	75	76	77	78	79	80	81	82	83;
set A1:=
(0,*) 1 2 3 4 5 6 7 8 9 10 11 12 13 14 15 16 17 18 19 20 21 22 23 24 47 48 49 50 51 52 53 54 55 56 57 58 59 60 61 62 63 64 65 66 67 68 69 70 71 72 73 74 75 76 77 78 79 80 81 82 83
(1,*) 0 2 3 4 5 6 7 8 9 10 11 12 13 14 15 16 17 18 19 20 21 22 23 24 47 48 49 50 51 52 53 54 55 56 57 58 59 60 61 62 63 64 65 66 67 68 69 70 71 72 73 74 75 76 77 78 79 80 81 82 83
(2,*) 0 1 3 4 5 6 7 8 9 10 11 12 13 14 15 16 17 18 19 20 21 22 23 24 47 48 49 50 51 52 53 54 55 56 57 58 59 60 61 62 63 64 65 66 67 68 69 70 71 72 73 74 75 76 77 78 79 80 81 82 83
(3,*) 0 1 2 4 5 6 7 8 9 10 11 12 13 14 15 16 17 18 19 20 21 22 23 24 47 48 49 50 51 52 53 54 55 56 57 58 59 60 61 62 63 64 65 66 67 68 69 70 71 72 73 74 75 76 77 78 79 80 81 82 83
(4,*) 0 1 2 3 5 6 7 8 9 10 11 12 13 14 15 16 17 18 19 20 21 22 23 24 47 48 49 50 51 52 53 54 55 56 57 58 59 60 61 62 63 64 65 66 67 68 69 70 71 72 73 74 75 76 77 78 79 80 81 82 83
(5,*) 0 1 2 3 4 6 7 8 9 10 11 12 13 14 15 16 17 18 19 20 21 22 23 24 47 48 49 50 51 52 53 54 55 56 57 58 59 60 61 62 63 64 65 66 67 68 69 70 71 72 73 74 75 76 77 78 79 80 81 82 83
(6,*) 0 1 2 3 4 5 7 8 9 10 11 12 13 14 15 16 17 18 19 20 21 22 23 24 47 48 49 50 51 52 53 54 55 56 57 58 59 60 61 62 63 64 65 66 67 68 69 70 71 72 73 74 75 76 77 78 79 80 81 82 83
(7,*) 0 1 2 3 4 5 6 8 9 10 11 12 13 14 15 16 17 18 19 20 21 22 23 24 47 48 49 50 51 52 53 54 55 56 57 58 59 60 61 62 63 64 65 66 67 68 69 70 71 72 73 74 75 76 77 78 79 80 81 82 83
(8,*) 0 1 2 3 4 5 6 7 9 10 11 12 13 14 15 16 17 18 19 20 21 22 23 24 47 48 49 50 51 52 53 54 55 56 57 58 59 60 61 62 63 64 65 66 67 68 69 70 71 72 73 74 75 76 77 78 79 80 81 82 83
(9,*) 0 1 2 3 4 5 6 7 8 10 11 12 13 14 15 16 17 18 19 20 21 22 23 24 47 48 49 50 51 52 53 54 55 56 57 58 59 60 61 62 63 64 65 66 67 68 69 70 71 72 73 74 75 76 77 78 79 80 81 82 83
(10,*) 0 1 2 3 4 5 6 7 8 9 11 12 13 14 15 16 17 18 19 20 21 22 23 24 47 48 49 50 51 52 53 54 55 56 57 58 59 60 61 62 63 64 65 66 67 68 69 70 71 72 73 74 75 76 77 78 79 80 81 82 83
(11,*) 0 1 2 3 4 5 6 7 8 9 10 12 13 14 15 16 17 18 19 20 21 22 23 24 47 48 49 50 51 52 53 54 55 56 57 58 59 60 61 62 63 64 65 66 67 68 69 70 71 72 73 74 75 76 77 78 79 80 81 82 83
(12,*) 0 1 2 3 4 5 6 7 8 9 10 11 13 14 15 16 17 18 19 20 21 22 23 24 47 48 49 50 51 52 53 54 55 56 57 58 59 60 61 62 63 64 65 66 67 68 69 70 71 72 73 74 75 76 77 78 79 80 81 82 83
(13,*) 0 1 2 3 4 5 6 7 8 9 10 11 12 14 15 16 17 18 19 20 21 22 23 24 47 48 49 50 51 52 53 54 55 56 57 58 59 60 61 62 63 64 65 66 67 68 69 70 71 72 73 74 75 76 77 78 79 80 81 82 83
(14,*) 0 1 2 3 4 5 6 7 8 9 10 11 12 13 15 16 17 18 19 20 21 22 23 24 47 48 49 50 51 52 53 54 55 56 57 58 59 60 61 62 63 64 65 66 67 68 69 70 71 72 73 74 75 76 77 78 79 80 81 82 83
(15,*) 0 1 2 3 4 5 6 7 8 9 10 11 12 13 14 16 17 18 19 20 21 22 23 24 47 48 49 50 51 52 53 54 55 56 57 58 59 60 61 62 63 64 65 66 67 68 69 70 71 72 73 74 75 76 77 78 79 80 81 82 83
(16,*) 0 1 2 3 4 5 6 7 8 9 10 11 12 13 14 15 17 18 19 20 21 22 23 24 47 48 49 50 51 52 53 54 55 56 57 58 59 60 61 62 63 64 65 66 67 68 69 70 71 72 73 74 75 76 77 78 79 80 81 82 83
(17,*) 0 1 2 3 4 5 6 7 8 9 10 11 12 13 14 15 16 18 19 20 21 22 23 24 47 48 49 50 51 52 53 54 55 56 57 58 59 60 61 62 63 64 65 66 67 68 69 70 71 72 73 74 75 76 77 78 79 80 81 82 83
(18,*) 0 1 2 3 4 5 6 7 8 9 10 11 12 13 14 15 16 17 19 20 21 22 23 24 47 48 49 50 51 52 53 54 55 56 57 58 59 60 61 62 63 64 65 66 67 68 69 70 71 72 73 74 75 76 77 78 79 80 81 82 83
(19,*) 0 1 2 3 4 5 6 7 8 9 10 11 12 13 14 15 16 17 18 20 21 22 23 24 47 48 49 50 51 52 53 54 55 56 57 58 59 60 61 62 63 64 65 66 67 68 69 70 71 72 73 74 75 76 77 78 79 80 81 82 83
(20,*) 0 1 2 3 4 5 6 7 8 9 10 11 12 13 14 15 16 17 18 19 21 22 23 24 47 48 49 50 51 52 53 54 55 56 57 58 59 60 61 62 63 64 65 66 67 68 69 70 71 72 73 74 75 76 77 78 79 80 81 82 83
(21,*) 0 1 2 3 4 5 6 7 8 9 10 11 12 13 14 15 16 17 18 19 20 22 23 24 47 48 49 50 51 52 53 54 55 56 57 58 59 60 61 62 63 64 65 66 67 68 69 70 71 72 73 74 75 76 77 78 79 80 81 82 83
(22,*) 0 1 2 3 4 5 6 7 8 9 10 11 12 13 14 15 16 17 18 19 20 21 23 24 47 48 49 50 51 52 53 54 55 56 57 58 59 60 61 62 63 64 65 66 67 68 69 70 71 72 73 74 75 76 77 78 79 80 81 82 83
(23,*) 0 1 2 3 4 5 6 7 8 9 10 11 12 13 14 15 16 17 18 19 20 21 22 24 47 48 49 50 51 52 53 54 55 56 57 58 59 60 61 62 63 64 65 66 67 68 69 70 71 72 73 74 75 76 77 78 79 80 81 82 83
(24,*) 0 1 2 3 4 5 6 7 8 9 10 11 12 13 14 15 16 17 18 19 20 21 22 23 47 48 49 50 51 52 53 54 55 56 57 58 59 60 61 62 63 64 65 66 67 68 69 70 71 72 73 74 75 76 77 78 79 80 81 82 83
(47,*) 0 1 2 3 4 5 6 7 8 9 10 11 12 13 14 15 16 17 18 19 20 21 22 23 24 48 49 50 51 52 53 54 55 56 57 58 59 60 61 62 63 64 65 66 67 68 69 70 71 72 73 74 75 76 77 78 79 80 81 82 83
(48,*) 0 1 2 3 4 5 6 7 8 9 10 11 12 13 14 15 16 17 18 19 20 21 22 23 24 47 49 50 51 52 53 54 55 56 57 58 59 60 61 62 63 64 65 66 67 68 69 70 71 72 73 74 75 76 77 78 79 80 81 82 83
(49,*) 0 1 2 3 4 5 6 7 8 9 10 11 12 13 14 15 16 17 18 19 20 21 22 23 24 47 48 50 51 52 53 54 55 56 57 58 59 60 61 62 63 64 65 66 67 68 69 70 71 72 73 74 75 76 77 78 79 80 81 82 83
(50,*) 0 1 2 3 4 5 6 7 8 9 10 11 12 13 14 15 16 17 18 19 20 21 22 23 24 47 48 49 51 52 53 54 55 56 57 58 59 60 61 62 63 64 65 66 67 68 69 70 71 72 73 74 75 76 77 78 79 80 81 82 83
(51,*) 0 1 2 3 4 5 6 7 8 9 10 11 12 13 14 15 16 17 18 19 20 21 22 23 24 47 48 49 50 52 53 54 55 56 57 58 59 60 61 62 63 64 65 66 67 68 69 70 71 72 73 74 75 76 77 78 79 80 81 82 83
(52,*) 0 1 2 3 4 5 6 7 8 9 10 11 12 13 14 15 16 17 18 19 20 21 22 23 24 47 48 49 50 51 53 54 55 56 57 58 59 60 61 62 63 64 65 66 67 68 69 70 71 72 73 74 75 76 77 78 79 80 81 82 83
(53,*) 0 1 2 3 4 5 6 7 8 9 10 11 12 13 14 15 16 17 18 19 20 21 22 23 24 47 48 49 50 51 52 54 55 56 57 58 59 60 61 62 63 64 65 66 67 68 69 70 71 72 73 74 75 76 77 78 79 80 81 82 83
(54,*) 0 1 2 3 4 5 6 7 8 9 10 11 12 13 14 15 16 17 18 19 20 21 22 23 24 47 48 49 50 51 52 53 55 56 57 58 59 60 61 62 63 64 65 66 67 68 69 70 71 72 73 74 75 76 77 78 79 80 81 82 83
(55,*) 0 1 2 3 4 5 6 7 8 9 10 11 12 13 14 15 16 17 18 19 20 21 22 23 24 47 48 49 50 51 52 53 54 56 57 58 59 60 61 62 63 64 65 66 67 68 69 70 71 72 73 74 75 76 77 78 79 80 81 82 83
(56,*) 0 1 2 3 4 5 6 7 8 9 10 11 12 13 14 15 16 17 18 19 20 21 22 23 24 47 48 49 50 51 52 53 54 55 57 58 59 60 61 62 63 64 65 66 67 68 69 70 71 72 73 74 75 76 77 78 79 80 81 82 83
(57,*) 0 1 2 3 4 5 6 7 8 9 10 11 12 13 14 15 16 17 18 19 20 21 22 23 24 47 48 49 50 51 52 53 54 55 56 58 59 60 61 62 63 64 65 66 67 68 69 70 71 72 73 74 75 76 77 78 79 80 81 82 83
(58,*) 0 1 2 3 4 5 6 7 8 9 10 11 12 13 14 15 16 17 18 19 20 21 22 23 24 47 48 49 50 51 52 53 54 55 56 57 59 60 61 62 63 64 65 66 67 68 69 70 71 72 73 74 75 76 77 78 79 80 81 82 83
(59,*) 0 1 2 3 4 5 6 7 8 9 10 11 12 13 14 15 16 17 18 19 20 21 22 23 24 47 48 49 50 51 52 53 54 55 56 57 58 60 61 62 63 64 65 66 67 68 69 70 71 72 73 74 75 76 77 78 79 80 81 82 83
(60,*) 0 1 2 3 4 5 6 7 8 9 10 11 12 13 14 15 16 17 18 19 20 21 22 23 24 47 48 49 50 51 52 53 54 55 56 57 58 59 61 62 63 64 65 66 67 68 69 70 71 72 73 74 75 76 77 78 79 80 81 82 83
(61,*) 0 1 2 3 4 5 6 7 8 9 10 11 12 13 14 15 16 17 18 19 20 21 22 23 24 47 48 49 50 51 52 53 54 55 56 57 58 59 60 62 63 64 65 66 67 68 69 70 71 72 73 74 75 76 77 78 79 80 81 82 83
(62,*) 0 1 2 3 4 5 6 7 8 9 10 11 12 13 14 15 16 17 18 19 20 21 22 23 24 47 48 49 50 51 52 53 54 55 56 57 58 59 60 61 63 64 65 66 67 68 69 70 71 72 73 74 75 76 77 78 79 80 81 82 83
(63,*) 0 1 2 3 4 5 6 7 8 9 10 11 12 13 14 15 16 17 18 19 20 21 22 23 24 47 48 49 50 51 52 53 54 55 56 57 58 59 60 61 62 64 65 66 67 68 69 70 71 72 73 74 75 76 77 78 79 80 81 82 83
(64,*) 0 1 2 3 4 5 6 7 8 9 10 11 12 13 14 15 16 17 18 19 20 21 22 23 24 47 48 49 50 51 52 53 54 55 56 57 58 59 60 61 62 63 65 66 67 68 69 70 71 72 73 74 75 76 77 78 79 80 81 82 83
(65,*) 0 1 2 3 4 5 6 7 8 9 10 11 12 13 14 15 16 17 18 19 20 21 22 23 24 47 48 49 50 51 52 53 54 55 56 57 58 59 60 61 62 63 64 66 67 68 69 70 71 72 73 74 75 76 77 78 79 80 81 82 83
(66,*) 0 1 2 3 4 5 6 7 8 9 10 11 12 13 14 15 16 17 18 19 20 21 22 23 24 47 48 49 50 51 52 53 54 55 56 57 58 59 60 61 62 63 64 65 67 68 69 70 71 72 73 74 75 76 77 78 79 80 81 82 83
(67,*) 0 1 2 3 4 5 6 7 8 9 10 11 12 13 14 15 16 17 18 19 20 21 22 23 24 47 48 49 50 51 52 53 54 55 56 57 58 59 60 61 62 63 64 65 66 68 69 70 71 72 73 74 75 76 77 78 79 80 81 82 83
(68,*) 0 1 2 3 4 5 6 7 8 9 10 11 12 13 14 15 16 17 18 19 20 21 22 23 24 47 48 49 50 51 52 53 54 55 56 57 58 59 60 61 62 63 64 65 66 67 69 70 71 72 73 74 75 76 77 78 79 80 81 82 83
(69,*) 0 1 2 3 4 5 6 7 8 9 10 11 12 13 14 15 16 17 18 19 20 21 22 23 24 47 48 49 50 51 52 53 54 55 56 57 58 59 60 61 62 63 64 65 66 67 68 70 71 72 73 74 75 76 77 78 79 80 81 82 83
(70,*) 0 1 2 3 4 5 6 7 8 9 10 11 12 13 14 15 16 17 18 19 20 21 22 23 24 47 48 49 50 51 52 53 54 55 56 57 58 59 60 61 62 63 64 65 66 67 68 69 71 72 73 74 75 76 77 78 79 80 81 82 83
(71,*) 0 1 2 3 4 5 6 7 8 9 10 11 12 13 14 15 16 17 18 19 20 21 22 23 24 47 48 49 50 51 52 53 54 55 56 57 58 59 60 61 62 63 64 65 66 67 68 69 70 72 73 74 75 76 77 78 79 80 81 82 83
(72,*) 0 1 2 3 4 5 6 7 8 9 10 11 12 13 14 15 16 17 18 19 20 21 22 23 24 47 48 49 50 51 52 53 54 55 56 57 58 59 60 61 62 63 64 65 66 67 68 69 70 71 73 74 75 76 77 78 79 80 81 82 83
(73,*) 0 1 2 3 4 5 6 7 8 9 10 11 12 13 14 15 16 17 18 19 20 21 22 23 24 47 48 49 50 51 52 53 54 55 56 57 58 59 60 61 62 63 64 65 66 67 68 69 70 71 72 74 75 76 77 78 79 80 81 82 83
(74,*) 0 1 2 3 4 5 6 7 8 9 10 11 12 13 14 15 16 17 18 19 20 21 22 23 24 47 48 49 50 51 52 53 54 55 56 57 58 59 60 61 62 63 64 65 66 67 68 69 70 71 72 73 75 76 77 78 79 80 81 82 83
(75,*) 0 1 2 3 4 5 6 7 8 9 10 11 12 13 14 15 16 17 18 19 20 21 22 23 24 47 48 49 50 51 52 53 54 55 56 57 58 59 60 61 62 63 64 65 66 67 68 69 70 71 72 73 74 76 77 78 79 80 81 82 83
(76,*) 0 1 2 3 4 5 6 7 8 9 10 11 12 13 14 15 16 17 18 19 20 21 22 23 24 47 48 49 50 51 52 53 54 55 56 57 58 59 60 61 62 63 64 65 66 67 68 69 70 71 72 73 74 75 77 78 79 80 81 82 83
(77,*) 0 1 2 3 4 5 6 7 8 9 10 11 12 13 14 15 16 17 18 19 20 21 22 23 24 47 48 49 50 51 52 53 54 55 56 57 58 59 60 61 62 63 64 65 66 67 68 69 70 71 72 73 74 75 76 78 79 80 81 82 83
(78,*) 0 1 2 3 4 5 6 7 8 9 10 11 12 13 14 15 16 17 18 19 20 21 22 23 24 47 48 49 50 51 52 53 54 55 56 57 58 59 60 61 62 63 64 65 66 67 68 69 70 71 72 73 74 75 76 77 79 80 81 82 83
(79,*) 0 1 2 3 4 5 6 7 8 9 10 11 12 13 14 15 16 17 18 19 20 21 22 23 24 47 48 49 50 51 52 53 54 55 56 57 58 59 60 61 62 63 64 65 66 67 68 69 70 71 72 73 74 75 76 77 78 80 81 82 83
(80,*) 0 1 2 3 4 5 6 7 8 9 10 11 12 13 14 15 16 17 18 19 20 21 22 23 24 47 48 49 50 51 52 53 54 55 56 57 58 59 60 61 62 63 64 65 66 67 68 69 70 71 72 73 74 75 76 77 78 79 81 82 83
(81,*) 0 1 2 3 4 5 6 7 8 9 10 11 12 13 14 15 16 17 18 19 20 21 22 23 24 47 48 49 50 51 52 53 54 55 56 57 58 59 60 61 62 63 64 65 66 67 68 69 70 71 72 73 74 75 76 77 78 79 80 82 83
(82,*) 0 1 2 3 4 5 6 7 8 9 10 11 12 13 14 15 16 17 18 19 20 21 22 23 24 47 48 49 50 51 52 53 54 55 56 57 58 59 60 61 62 63 64 65 66 67 68 69 70 71 72 73 74 75 76 77 78 79 80 81 83
(83,*) 0 1 2 3 4 5 6 7 8 9 10 11 12 13 14 15 16 17 18 19 20 21 22 23 24 47 48 49 50 51 52 53 54 55 56 57 58 59 60 61 62 63 64 65 66 67 68 69 70 71 72 73 74 75 76 77 78 79 80 81 82
;
set A2:=
(69,*) 70
(70,*) 69
;
param BigM:=99999;
param n:= 9;
param d:=
1	1
2	9
3	5
4	9
5	10
6	5
7	9
8	16
9	2
10	13
11	3
12	2
13	21
14	4
15	12
16	23
17	10
18	7
19	15
20	9
21	8
22	25
23	8
24	22
25	6
26	16
27	3
28	12
29	1
30	18
31	5
32	6
33	6
34	23
35	8
36	17
37	12
38	25
39	5
40	13
41	15
42	8
43	5
44	7
45	24
46	18
47	2
48	1
49	12
50	20
51	39
52	17
53	7
54	23
55	10
56	7
57	20
58	13
59	5
60	13
61	19
62	15
63	30
64	7
65	23
66	25
67	12
68	24
;
param Q:=100;
param w:=
[69,*] 70 0.5
[70,*] 69 0.5
;
param V:=
[69,*] 70 83
[70,*] 69 83
;
param e:
	69	70	71	72	73	74	75	76	77	78	79	80	81	82	83:=
25	0	0	0	0	0	1	0	0	0	0	0	0	0	0	0	
26	1	0	0	1	0	0	1	0	0	0	0	0	0	0	0	
27	0	0	0	0	1	0	0	1	0	0	0	0	0	0	0	
28	0	0	1	0	0	0	0	0	0	0	0	0	0	0	0	
29	0	0	0	0	0	0	1	0	0	0	0	0	0	0	0	
30	0	0	0	0	0	0	0	0	1	0	0	0	0	0	0	
31	0	0	1	0	0	1	0	0	0	0	0	0	0	0	0	
32	0	0	0	0	1	0	0	0	0	0	0	0	0	0	0	
33	0	0	0	0	0	1	0	0	0	0	0	0	0	0	0	
34	1	0	0	1	0	0	0	0	1	0	0	0	0	0	0	
35	0	0	0	1	0	0	0	0	0	0	0	0	0	0	0	
36	1	0	0	0	1	0	0	0	0	0	0	0	0	0	0	
37	0	0	0	0	0	1	0	0	0	0	0	0	0	0	0	
38	0	0	0	1	0	0	0	0	0	0	0	0	0	0	0	
39	1	0	0	0	0	0	0	0	0	0	0	0	0	0	0	
40	0	0	1	0	0	1	0	0	1	0	0	0	0	0	0	
41	0	1	0	0	0	0	0	0	0	0	0	0	0	0	0	
42	1	0	0	0	0	0	0	0	0	0	0	0	0	0	0	
43	0	0	0	0	0	0	0	0	1	0	0	0	0	0	0	
44	0	0	0	0	0	1	0	0	0	0	0	0	0	0	0	
45	0	1	0	0	1	0	0	1	0	0	0	0	0	0	0	
46	0	0	0	1	0	1	0	0	1	0	0	0	0	0	0	
47	0	0	0	1	0	0	1	0	0	0	0	0	0	0	0	
48	0	0	0	0	0	0	1	0	0	0	0	0	0	0	0	
49	0	1	0	0	1	0	0	1	1	0	0	0	0	0	0	
50	0	1	0	0	1	0	0	1	0	0	0	0	0	0	0	
51	0	0	0	0	0	1	0	0	1	0	0	0	0	0	0	
52	1	0	0	1	1	0	1	0	1	0	0	0	0	0	0	
53	0	1	0	0	1	0	0	1	1	0	0	0	0	0	0	
54	0	0	0	0	0	0	1	0	0	0	0	0	0	0	0	
55	0	1	0	0	0	0	0	1	0	0	0	0	0	0	0	
56	0	0	0	0	1	0	0	0	0	0	0	0	0	0	0	
57	0	0	0	1	0	0	0	0	0	0	0	0	0	0	0	
58	1	0	0	1	0	0	1	0	0	0	0	0	0	0	0	
59	1	0	0	1	0	0	0	0	0	0	0	0	0	0	0	
60	1	0	0	0	0	0	1	0	0	0	0	0	0	0	0	
61	0	0	0	0	0	1	0	0	0	0	0	0	0	0	0	
62	0	0	0	1	0	0	1	0	0	0	0	0	0	0	0	
63	1	0	0	1	0	0	1	0	0	0	0	0	0	0	0	
64	1	0	0	1	0	0	1	0	0	0	0	0	0	0	0	
65	0	0	0	1	0	0	0	0	0	0	0	0	0	0	0	
66	0	0	0	0	0	0	1	0	0	0	0	0	0	0	0	
67	0	1	0	0	1	0	0	1	0	0	0	0	0	0	0	
68	0	0	0	0	0	0	1	0	0	0	0	0	0	0	0	
;
param p:=
1	3
2	3
3	3
4	3
5	3
6	3
7	3
8	3
9	3
;
param G:=
69	83
70	73
71	77
72	84
73	82
74	100
75	74
76	80
77	84
78	95
79	86
80	82
81	75
82	100
83	83
;
param s:=
0	0
1	15
2	15
3	15
4	15
5	15
6	15
7	15
8	15
9	15
10	15
11	15
12	15
13	15
14	15
15	15
16	15
17	15
18	15
19	15
20	15
21	15
22	15
23	15
24	15
47	15
48	15
49	15
50	15
51	15
52	15
53	15
54	15
55	15
56	15
57	15
58	15
59	15
60	15
61	15
62	15
63	15
64	15
65	15
66	15
67	15
68	15
69	10
70	10
71	10
72	10
73	10
74	10
75	10
76	10
77	10
78	10
79	10
80	10
81	10
82	10
83	10
;
param t:
	0	1	2	3	4	5	6	7	8	9	10	11	12	13	14	15	16	17	18	19	20	21	22	23	24	25	26	27	28	29	30	31	32	33	34	35	36	37	38	39	40	41	42	43	44	45	46	47	48	49	50	51	52	53	54	55	56	57	58	59	60	61	62	63	64	65	66	67	68	69	70	71	72	73	74	75	76	77	78	79	80	81	82	83:=
0	0.0	34.66	44.82	57.25	61.13	53.81	27.2	44.28	57.01	25.61	24.41	31.58	47.68	49.73	59.36	19.65	52.48	37.8	38.6	45.28	39.2	61.74	45.18	31.02	28.32	54.13	37.54	13.04	46.27	60.0	27.86	55.01	6.08	63.81	23.26	40.31	8.25	66.47	56.44	64.64	50.7	32.7	22.56	21.93	29.73	28.16	47.51	54.23	39.22	22.83	36.35	30.36	11.18	17.49	57.01	55.44	17.49	61.1	44.05	46.69	26.02	69.31	52.55	29.07	26.91	55.0	44.82	36.4	49.19	46.69	57.49	44.41	44.69	47.54	32.7	22.8	39.12	71.85	35.13	14.0	51.86	34.71	32.2	23.32
1	34.66	0.0	59.08	53.25	84.38	63.06	52.81	77.94	91.55	60.21	38.33	58.82	40.22	73.82	75.43	52.7	56.08	72.25	55.04	79.4	48.37	81.02	75.39	13.6	43.19	54.12	72.14	27.73	29.73	94.49	52.89	55.9	31.62	79.63	48.08	67.05	39.41	75.58	82.76	31.38	49.65	13.42	54.92	41.98	47.17	21.21	66.0	87.46	71.87	14.56	31.02	34.37	42.19	18.36	91.55	21.47	42.15	94.02	78.64	72.78	56.36	78.75	85.59	63.01	61.52	83.52	52.95	17.2	82.66	56.72	65.15	27.59	79.31	21.19	55.32	55.76	8.54	59.2	65.8	26.4	60.17	69.35	10.77	37.22
2	44.82	59.08	0.0	100.65	100.85	98.6	21.93	69.86	73.0	51.62	22.47	71.85	89.55	89.89	102.83	55.76	97.08	51.24	6.4	68.07	11.4	103.81	79.31	46.01	17.46	98.27	53.46	37.16	84.2	76.01	70.29	99.32	50.22	107.17	66.53	23.54	37.48	111.13	93.91	88.46	94.51	66.71	35.47	66.6	74.33	38.0	90.79	79.25	41.05	57.57	31.05	73.93	53.76	53.49	73.0	78.31	27.59	85.99	62.39	85.59	30.36	113.9	78.64	58.31	48.38	90.08	9.9	45.54	50.8	6.71	102.3	82.01	62.29	79.63	15.81	57.8	56.22	112.95	70.66	37.7	96.67	55.32	49.01	68.01
3	57.25	53.25	100.65	0.0	55.17	22.02	84.43	75.96	92.72	70.01	78.39	49.48	13.04	50.22	38.01	59.0	12.04	84.1	94.81	79.56	92.65	46.4	63.56	64.44	83.24	6.4	82.22	63.63	25.3	94.56	44.55	7.81	51.26	40.31	44.05	97.02	65.46	28.86	59.82	56.01	7.0	40.0	77.28	39.12	34.13	69.35	37.2	81.15	91.2	45.34	80.66	26.93	52.61	48.01	92.72	55.11	74.46	84.97	83.36	53.34	82.0	31.58	78.92	67.36	74.01	64.9	98.18	69.66	98.05	101.02	20.59	26.93	84.34	38.33	89.89	60.07	61.59	18.79	59.2	63.29	19.8	77.32	62.48	34.71
4	61.13	84.38	100.85	55.17	0.0	33.24	79.08	39.82	52.89	50.45	84.5	29.73	59.68	11.4	18.36	45.18	43.19	58.41	94.51	43.83	98.49	10.44	24.41	88.14	87.32	48.84	55.61	73.98	70.68	53.15	33.54	47.38	58.86	18.68	38.47	85.04	65.55	33.24	9.49	102.88	50.61	73.35	66.03	43.01	37.22	87.97	19.7	38.08	70.18	70.11	97.29	51.66	50.0	68.01	52.89	97.8	74.73	38.05	50.61	15.26	71.61	33.24	36.4	43.93	54.56	16.49	103.79	94.19	70.49	104.66	35.61	70.77	51.48	81.93	85.44	43.05	92.14	73.0	30.61	74.73	35.38	51.09	88.02	47.17
5	53.81	63.06	98.6	22.02	33.24	0.0	79.32	59.14	75.54	58.24	77.79	34.37	28.86	29.55	16.12	48.1	10.3	71.2	92.31	63.07	92.66	24.41	44.91	71.18	82.04	15.81	68.88	63.89	41.44	76.94	31.62	14.21	48.8	18.97	33.54	89.89	61.22	13.04	38.59	74.15	18.38	50.01	69.32	32.02	24.41	73.93	16.76	62.59	80.36	51.08	84.91	29.15	45.49	51.48	75.54	71.06	71.06	65.46	68.03	33.53	74.71	16.12	60.42	53.94	62.64	44.28	98.31	77.08	85.16	100.42	4.12	42.19	69.03	54.15	85.45	48.08	71.57	39.82	43.01	64.03	3.0	63.79	70.01	31.24
6	27.2	52.81	21.93	84.43	79.08	79.32	0.0	48.51	53.76	29.73	16.97	50.45	74.73	68.24	82.02	34.21	79.16	31.26	15.81	47.1	23.09	82.46	57.38	42.54	14.76	81.15	33.06	25.5	72.06	56.89	49.52	81.94	33.24	86.28	46.23	14.32	18.97	91.4	72.01	84.15	77.83	56.22	13.6	47.51	54.92	35.23	70.01	58.22	23.71	46.1	35.0	57.57	33.84	41.01	53.76	74.09	11.05	65.12	42.05	63.81	9.0	94.02	57.43	36.4	26.68	68.15	27.07	45.0	34.99	26.68	83.22	70.03	42.11	70.71	6.4	36.06	53.24	98.84	48.76	26.68	77.7	34.13	45.18	50.16
7	44.28	77.94	69.86	75.96	39.82	59.14	48.51	0.0	16.76	20.22	60.21	26.57	73.35	32.98	51.97	25.24	65.31	20.25	64.13	4.12	71.18	47.76	15.81	75.24	61.0	70.09	17.49	55.97	79.06	18.79	32.2	69.63	46.32	54.82	34.67	49.66	43.42	66.37	30.53	105.42	69.26	72.18	35.13	41.62	42.95	71.47	43.01	10.2	32.45	64.2	77.28	57.14	35.81	59.64	16.76	97.31	49.16	17.26	10.82	27.66	39.62	67.74	9.0	15.23	22.02	24.21	75.54	80.41	30.81	75.13	63.07	78.01	11.66	85.63	54.13	22.2	83.24	94.56	16.76	57.25	59.41	14.56	76.49	48.01
8	57.01	91.55	73.0	92.72	52.89	75.54	53.76	16.76	0.0	31.4	68.31	43.32	89.96	48.09	67.19	39.7	82.0	22.56	68.12	13.42	76.79	61.98	31.0	87.13	67.91	86.83	21.19	67.23	95.19	3.16	48.85	86.35	60.14	69.58	51.0	50.25	54.2	82.02	43.42	120.28	86.02	87.11	42.06	57.8	59.62	82.3	59.14	14.87	32.06	78.49	86.38	73.43	50.25	73.59	0.0	111.73	57.58	17.69	13.04	43.01	44.91	83.15	16.49	29.07	30.89	36.4	80.31	91.79	24.7	79.06	79.4	94.03	12.53	101.04	58.22	37.01	96.02	111.32	33.53	68.6	75.95	22.47	88.75	64.14
9	25.61	60.21	51.62	70.01	50.45	58.24	29.73	20.22	31.4	0.0	40.05	24.6	64.13	40.31	56.6	11.05	61.4	14.32	45.54	20.25	51.62	55.32	27.73	55.95	41.11	65.07	13.0	36.25	66.85	34.41	26.68	65.19	29.07	60.46	26.02	34.66	23.41	68.54	42.72	89.5	63.01	56.61	16.16	31.26	36.06	51.62	45.18	30.41	22.14	47.51	57.07	46.32	20.12	42.45	31.4	80.66	29.02	37.48	18.44	35.38	21.47	70.68	29.15	6.71	4.47	38.48	56.29	60.84	28.07	56.32	62.36	65.39	19.1	71.02	35.85	10.2	64.64	87.46	19.85	37.58	57.49	9.22	57.45	36.88
10	24.41	38.33	22.47	78.39	84.5	77.79	16.97	60.21	68.31	40.05	0.0	54.78	67.12	73.16	83.76	40.02	75.43	45.88	17.26	59.68	14.87	85.88	65.76	26.57	5.1	76.28	47.13	14.76	61.85	71.47	51.88	77.42	29.0	88.2	47.51	30.02	18.97	90.61	78.85	69.12	72.4	44.55	26.25	46.23	54.04	18.79	71.87	70.35	40.22	35.17	18.36	51.87	34.89	31.02	68.31	58.94	11.05	77.41	55.79	69.57	24.19	93.51	69.18	46.01	38.47	76.3	20.52	28.3	51.61	22.8	81.32	59.67	56.04	58.03	17.46	42.76	37.34	90.48	56.09	15.23	75.66	46.87	29.41	46.69
11	31.58	58.82	71.85	49.48	29.73	34.37	50.45	26.57	43.32	24.6	54.78	0.0	47.01	18.38	32.2	16.28	39.2	36.88	65.46	30.08	68.88	32.02	17.2	60.21	57.7	43.74	34.53	44.55	53.81	45.31	6.4	43.42	30.0	36.24	10.77	58.41	35.85	44.01	25.02	82.66	42.72	50.12	38.21	17.49	16.64	59.08	20.59	33.02	46.62	44.27	67.9	31.83	20.4	41.0	43.32	75.66	45.18	38.21	34.13	15.13	43.86	46.1	30.81	19.65	29.07	24.74	74.24	66.12	50.8	75.29	38.47	53.04	35.13	62.01	56.85	15.0	65.73	68.01	9.85	45.4	34.06	29.43	60.53	23.6
12	47.68	40.22	89.55	13.04	59.68	28.86	74.73	73.35	89.96	64.13	67.12	47.01	0.0	52.5	44.6	53.15	19.1	78.45	83.93	76.56	81.01	52.39	63.01	51.62	72.09	15.13	76.9	52.39	13.04	92.14	41.15	17.12	41.59	47.8	39.22	87.97	55.9	39.0	62.48	45.4	11.0	27.02	69.07	32.98	30.41	56.85	40.22	79.92	84.15	33.02	68.12	18.03	45.1	36.24	89.96	43.19	64.29	84.63	79.38	54.45	73.33	42.01	77.7	62.64	67.74	66.47	86.45	56.73	92.07	89.47	29.15	14.32	80.32	26.17	79.81	54.82	48.55	24.19	56.82	51.89	25.96	72.28	49.58	27.29
13	49.73	73.82	89.89	50.22	11.4	29.55	68.24	32.98	48.09	40.31	73.16	18.38	52.5	0.0	19.1	34.13	38.28	49.74	83.53	37.11	87.24	15.26	17.26	77.03	76.06	43.83	47.01	62.59	62.43	49.0	22.2	42.72	47.52	21.84	27.17	74.95	54.23	34.01	10.0	93.94	44.69	63.32	55.44	32.06	26.93	76.66	13.04	34.06	61.03	59.41	85.91	42.15	38.6	57.04	48.09	88.26	63.51	36.14	43.32	5.39	61.07	35.06	32.02	34.06	44.6	14.76	92.57	83.05	62.65	93.54	32.89	62.27	44.27	72.92	74.63	32.2	81.39	68.8	20.62	63.35	30.89	42.19	77.01	36.67
14	59.36	75.43	102.83	38.01	18.36	16.12	82.02	51.97	67.19	56.6	83.76	32.2	44.6	19.1	0.0	48.27	26.42	67.62	96.43	56.09	98.47	8.49	36.35	81.74	87.42	31.91	65.0	71.12	56.75	68.03	32.56	30.23	55.47	4.47	36.4	90.6	65.6	15.3	25.71	89.5	34.44	63.03	70.29	38.01	30.46	83.22	12.04	53.0	78.29	62.17	93.62	41.11	49.2	61.4	67.19	85.71	75.43	54.45	62.1	24.33	75.93	16.0	51.01	51.0	61.06	32.39	104.04	87.8	80.99	105.6	17.69	57.27	63.06	69.05	88.39	47.2	83.73	55.15	38.08	71.55	18.79	60.01	81.02	39.85
15	19.65	52.7	55.76	59.0	45.18	48.1	34.21	25.24	39.7	11.05	40.02	16.28	53.15	34.13	48.27	0.0	50.64	25.32	49.4	26.91	53.49	48.27	26.02	50.6	42.38	54.15	23.77	32.25	56.36	42.45	16.55	54.33	21.1	52.4	15.13	42.44	21.21	59.06	38.9	80.62	52.0	47.42	22.02	20.22	25.18	47.68	36.4	34.89	32.56	39.05	55.0	35.44	10.63	34.41	39.7	72.25	29.73	41.63	27.46	29.97	27.66	61.4	33.11	10.63	15.03	36.35	58.69	56.04	39.12	59.48	52.2	55.01	28.3	61.4	40.61	3.16	58.14	76.42	16.12	33.38	47.13	19.31	51.62	25.96
16	52.48	56.08	97.08	12.04	43.19	10.3	79.16	65.31	82.0	61.4	75.43	39.2	19.1	38.28	26.42	50.64	0.0	75.11	90.97	69.05	90.14	34.67	52.2	65.51	80.0	5.66	73.03	60.96	32.02	83.68	35.01	4.47	46.87	29.15	35.51	90.82	60.42	20.1	47.8	64.5	8.25	42.72	70.52	31.95	25.5	69.2	25.24	69.89	83.19	45.49	80.43	24.08	45.88	46.86	82.0	62.03	69.97	73.41	73.33	41.59	75.61	23.19	67.68	58.01	65.62	53.0	95.78	71.2	89.14	98.23	10.05	33.02	74.33	45.01	85.0	51.24	64.62	30.53	48.66	60.88	7.81	68.01	64.01	29.15
17	37.8	72.25	51.24	84.1	58.41	71.2	31.26	20.25	22.56	14.32	45.88	36.88	78.45	49.74	67.62	25.32	75.11	0.0	46.01	17.46	54.33	65.0	34.06	66.22	45.35	79.0	2.83	46.23	80.99	25.71	40.11	79.03	42.19	71.11	40.05	29.73	33.3	80.65	49.58	102.42	77.1	69.97	19.7	45.54	50.01	60.75	56.92	28.46	12.21	60.46	64.08	60.64	34.18	55.22	22.56	93.24	35.34	34.93	11.18	44.42	22.36	82.54	28.23	17.26	11.18	43.86	58.03	70.46	14.04	57.04	75.31	79.48	11.05	84.6	36.0	24.02	75.74	101.71	29.55	47.63	70.71	7.62	68.12	51.2
18	38.6	55.04	6.4	94.81	94.51	92.31	15.81	64.13	68.12	45.54	17.26	65.46	83.93	83.53	96.43	49.4	90.97	46.01	0.0	62.51	10.63	97.42	73.16	42.43	12.17	92.28	48.09	31.62	79.08	71.18	63.89	93.3	44.1	100.77	60.14	20.12	31.14	104.8	87.66	85.16	88.59	61.81	29.41	60.31	68.01	34.37	84.39	73.68	36.5	52.39	29.07	68.0	47.38	48.08	68.12	74.97	21.26	80.5	57.08	79.26	24.52	107.56	72.99	52.2	42.45	83.93	12.37	42.72	46.84	11.05	96.05	76.9	57.04	75.17	10.05	51.48	52.95	107.52	64.4	32.28	90.43	49.65	45.4	61.85
19	45.28	79.4	68.07	79.56	43.83	63.07	47.1	4.12	13.42	20.25	59.68	30.08	76.56	37.11	56.09	26.91	69.05	17.46	62.51	0.0	70.01	51.87	19.92	76.03	60.13	73.76	14.87	56.46	81.84	15.81	35.47	73.35	47.8	58.94	37.59	47.17	43.66	70.46	34.48	107.48	72.8	74.25	34.01	44.42	46.24	71.87	47.04	11.18	29.53	65.95	77.13	60.03	37.54	61.22	13.42	99.16	48.66	18.03	7.07	31.78	38.12	71.85	10.77	16.4	21.21	28.02	74.17	81.02	27.02	73.55	67.03	80.71	7.81	87.97	52.47	24.04	84.38	98.08	20.4	57.78	63.29	13.0	77.41	50.77
20	39.2	48.37	11.4	92.65	98.49	92.66	23.09	71.18	76.79	51.62	14.87	68.88	81.01	87.24	98.47	53.49	90.14	54.33	10.63	70.01	0.0	100.34	78.59	35.06	11.18	90.8	56.14	29.21	74.67	79.91	66.37	92.01	43.86	102.9	62.13	30.53	33.12	105.48	92.36	77.23	86.84	56.92	36.06	61.07	68.88	27.17	86.53	81.06	45.88	48.33	19.65	66.4	49.4	44.78	76.79	67.12	23.77	88.02	65.12	83.38	32.06	108.37	80.16	58.05	49.16	89.29	5.66	34.23	56.65	8.54	96.17	72.45	65.19	69.23	18.97	55.97	45.04	103.87	69.26	29.41	90.51	57.01	38.05	61.52
21	61.74	81.02	103.81	46.4	10.44	24.41	82.46	47.76	61.98	55.32	85.88	32.02	52.39	15.26	8.49	48.27	34.67	65.0	97.42	51.87	100.34	0.0	31.95	86.31	89.19	40.22	62.27	74.09	64.2	62.51	34.0	38.6	58.52	8.25	38.48	89.87	67.23	22.85	19.0	96.84	42.54	69.12	70.04	41.48	34.53	87.09	15.13	47.38	76.28	67.27	97.08	47.1	51.0	65.92	61.98	92.57	76.85	48.01	58.31	20.59	75.69	22.8	45.54	49.2	59.67	26.02	105.82	92.4	77.82	107.07	26.17	64.56	59.24	76.16	88.87	46.69	89.14	63.64	35.81	74.67	26.93	57.45	85.84	44.41
22	45.18	75.39	79.31	63.56	24.41	44.91	57.38	15.81	31.0	27.73	65.76	17.2	63.01	17.26	36.35	26.02	52.2	34.06	73.16	19.92	78.59	31.95	0.0	75.5	67.68	57.38	31.24	58.08	70.71	32.14	23.6	56.65	45.12	39.05	27.78	61.61	47.17	51.04	15.56	99.86	57.25	67.23	43.86	34.67	33.24	73.33	28.28	17.72	45.97	60.93	81.01	48.84	34.53	57.25	31.0	92.78	55.11	21.63	26.4	12.04	49.19	52.24	15.52	21.02	31.38	10.77	83.52	81.22	46.14	83.82	48.66	70.04	27.31	79.2	63.56	23.09	81.91	82.35	10.05	59.14	45.61	26.87	76.16	40.8
23	31.02	13.6	46.01	64.44	88.14	71.18	42.54	75.24	87.13	55.95	26.57	60.21	51.62	77.03	81.74	50.6	65.51	66.22	42.43	76.03	35.06	86.31	75.5	0.0	31.05	64.4	66.61	20.0	42.44	90.21	55.01	66.03	30.41	86.13	50.01	56.36	33.02	84.1	85.09	42.76	60.0	24.84	47.38	45.18	51.79	8.06	71.2	85.23	63.78	20.12	17.46	42.05	41.0	20.4	87.13	32.56	32.8	92.11	74.09	75.06	47.63	87.24	83.57	60.01	56.3	84.72	39.46	6.08	75.01	43.29	73.79	40.22	74.63	34.79	44.01	53.76	10.77	72.11	65.51	18.6	68.45	64.66	3.0	41.98
24	28.32	43.19	17.46	83.24	87.32	82.04	14.76	61.0	67.91	41.11	5.1	57.7	72.09	76.06	87.42	42.38	80.0	45.35	12.17	60.13	11.18	89.19	67.68	31.05	0.0	80.99	46.87	19.7	66.94	71.06	55.23	82.1	33.3	91.84	51.04	26.4	21.95	94.76	81.27	73.76	77.18	49.65	26.17	50.25	58.05	23.09	75.45	71.03	38.47	40.26	20.52	56.6	38.28	36.06	67.91	63.56	12.65	78.06	55.73	72.24	23.09	97.62	70.0	47.38	39.01	78.34	16.64	32.2	49.74	18.38	85.63	64.76	55.9	63.07	13.6	44.92	41.76	95.52	58.24	20.25	79.98	47.17	33.96	51.09
25	54.13	54.12	98.27	6.4	48.84	15.81	81.15	70.09	86.83	65.07	76.28	43.74	15.13	43.83	31.91	54.15	5.66	79.0	92.28	73.76	90.8	40.22	57.38	64.4	80.99	0.0	77.03	61.61	28.16	88.6	39.12	2.0	48.3	34.44	39.05	93.3	62.24	24.08	53.41	60.13	4.47	40.71	73.25	34.71	29.02	68.68	30.81	75.03	86.58	44.69	79.98	24.41	48.51	46.69	86.83	58.31	71.55	78.72	77.78	47.01	78.16	27.02	72.8	62.07	69.18	58.52	96.4	69.89	93.01	99.05	14.87	29.43	78.77	41.3	86.82	55.01	62.61	25.06	53.37	61.4	13.45	72.06	62.68	31.02
26	37.54	72.14	53.46	82.22	55.61	68.88	33.06	17.49	21.19	13.0	47.13	34.53	76.9	47.01	65.0	23.77	73.03	2.83	48.09	14.87	56.14	62.27	31.24	66.61	46.87	77.03	0.0	46.62	79.85	24.35	38.01	77.0	41.62	68.45	38.21	32.31	33.6	78.16	46.75	102.0	75.24	69.34	20.88	43.93	48.09	61.4	54.41	25.96	15.0	60.0	65.19	59.2	33.11	54.82	21.19	92.96	36.4	32.56	9.0	41.68	24.08	80.01	25.63	15.03	10.63	41.04	60.0	71.02	16.28	59.14	72.99	78.39	9.06	83.86	38.05	22.2	75.93	99.98	26.93	48.01	68.47	5.1	68.41	49.73
27	13.04	27.73	37.16	63.63	73.98	63.89	25.5	55.97	67.23	36.25	14.76	44.55	52.39	62.59	71.12	32.25	60.96	46.23	31.62	56.46	29.21	74.09	58.08	20.0	19.7	61.61	46.62	0.0	47.68	70.33	40.52	62.8	15.65	75.59	35.74	39.81	13.04	76.84	69.46	59.09	57.69	31.0	27.66	33.12	40.82	15.52	59.51	66.1	44.41	21.1	23.35	37.2	24.19	16.49	67.23	49.19	14.56	73.08	54.2	59.68	28.65	79.81	64.56	40.8	36.36	68.01	34.83	24.6	55.44	37.44	67.27	45.54	54.71	45.28	29.0	35.36	29.73	75.89	48.04	1.41	61.62	44.78	21.93	32.65
28	46.27	29.73	84.2	25.3	70.68	41.44	72.06	79.06	95.19	66.85	61.85	53.81	13.04	62.43	56.75	56.36	32.02	80.99	79.08	81.84	74.67	64.2	70.71	42.44	66.94	28.16	79.85	47.68	0.0	97.64	47.51	30.15	40.45	60.21	44.41	86.0	54.08	52.01	72.4	32.76	24.02	17.89	68.73	37.44	37.48	48.76	50.99	86.68	84.93	26.68	59.68	22.02	46.82	31.26	95.19	30.15	61.13	92.02	83.65	63.6	72.25	55.04	84.5	66.65	69.89	75.6	79.85	46.86	93.96	83.22	42.05	2.24	84.53	13.15	76.42	58.59	37.54	29.68	63.25	46.87	38.47	75.64	40.0	31.06
29	60.0	94.49	76.01	94.56	53.15	76.94	56.89	18.79	3.16	34.41	71.47	45.31	92.14	49.0	68.03	42.45	83.68	25.71	71.18	15.81	79.91	62.51	32.14	90.21	71.06	88.6	24.35	70.33	97.64	0.0	50.99	88.06	63.03	70.26	53.34	53.15	57.31	83.01	43.74	123.07	87.92	89.87	45.22	60.21	61.74	85.42	60.41	15.13	35.01	81.34	89.54	75.8	53.04	76.49	3.16	114.59	60.75	16.64	16.12	44.05	48.05	84.02	17.03	31.83	34.0	36.67	83.38	94.89	27.2	82.1	80.75	96.52	15.65	103.71	61.29	39.7	99.05	113.22	35.47	71.69	77.47	25.55	91.81	66.57
30	27.86	52.89	70.29	44.55	33.54	31.62	49.52	32.2	48.85	26.68	51.88	6.4	41.15	22.2	32.56	16.55	35.01	40.11	63.89	35.47	66.37	34.0	23.6	55.01	55.23	39.12	38.01	40.52	47.51	50.99	0.0	39.01	25.32	36.88	5.0	58.83	33.29	42.54	30.15	76.28	37.66	43.83	38.28	11.18	10.77	54.45	20.52	39.2	48.76	38.33	63.79	25.5	17.0	35.36	48.85	69.35	43.01	44.55	38.83	20.1	43.83	44.94	37.01	23.0	31.05	30.68	71.87	61.0	54.15	73.24	35.74	46.69	39.81	55.61	55.87	16.49	60.02	62.82	15.81	41.23	30.81	33.0	55.15	17.2
31	55.01	55.9	99.32	7.81	47.38	14.21	81.94	69.63	86.35	65.19	77.42	43.42	17.12	42.72	30.23	54.33	4.47	79.03	93.3	73.35	92.01	38.6	56.65	66.03	82.1	2.0	77.0	62.8	30.15	88.06	39.01	0.0	49.24	32.65	39.2	93.92	63.07	22.09	52.2	62.13	6.32	42.49	73.76	35.17	29.15	70.18	29.68	74.33	86.83	46.23	81.47	25.61	49.04	48.08	86.35	60.3	72.47	77.88	77.52	46.07	78.75	25.02	72.11	62.01	69.35	57.45	97.62	71.56	93.05	100.21	13.0	31.4	78.52	43.29	87.66	55.08	64.4	26.08	52.95	62.63	12.04	72.01	64.35	31.78
32	6.08	31.62	50.22	51.26	58.86	48.8	33.24	46.32	60.14	29.07	29.0	30.0	41.59	47.52	55.47	21.1	46.87	42.19	44.1	47.8	43.86	58.52	45.12	30.41	33.3	48.3	41.62	15.65	40.45	63.03	25.32	49.24	0.0	59.94	20.4	46.39	14.32	61.62	55.01	60.44	44.78	27.78	28.28	17.49	25.24	29.15	43.86	55.95	44.64	18.44	38.6	24.35	10.77	13.45	60.14	51.62	23.26	62.61	47.38	45.04	32.0	64.54	54.12	31.4	31.06	54.33	49.52	36.22	54.23	51.66	52.35	38.64	48.1	42.49	38.63	24.19	37.16	65.76	35.17	16.16	46.69	38.29	31.05	17.8
33	63.81	79.63	107.17	40.31	18.68	18.97	86.28	54.82	69.58	60.46	88.2	36.24	47.8	21.84	4.47	52.4	29.15	71.11	100.77	58.94	102.9	8.25	39.05	86.13	91.84	34.44	68.45	75.59	60.21	70.26	36.88	32.65	59.94	0.0	40.8	94.64	70.0	14.76	27.07	92.96	37.34	67.12	74.41	42.49	34.93	87.66	16.4	55.15	81.99	66.49	98.09	45.28	53.6	65.8	69.58	89.45	79.81	56.08	65.15	27.2	80.06	14.56	53.24	54.71	64.9	34.01	108.47	92.18	84.31	110.0	19.72	60.83	66.1	72.69	92.66	51.22	87.97	56.73	41.59	76.03	21.84	63.51	85.38	44.27
34	23.26	48.08	66.53	44.05	38.47	33.54	46.23	34.67	51.0	26.02	47.51	10.77	39.22	27.17	36.4	15.13	35.51	40.05	60.14	37.59	62.13	38.48	27.78	50.01	51.04	39.05	38.21	35.74	44.41	53.34	5.0	39.2	20.4	40.8	0.0	56.36	29.21	45.22	35.13	72.2	37.05	39.45	35.78	7.07	10.05	49.5	24.41	42.45	47.68	33.53	58.94	22.47	12.81	30.41	51.0	65.0	39.05	48.17	40.16	25.08	41.18	47.8	40.31	23.54	30.15	35.44	67.68	56.0	54.01	69.2	37.58	43.42	41.11	51.74	52.5	16.03	55.11	61.81	19.1	36.4	32.31	33.38	50.16	13.45
35	40.31	67.05	23.54	97.02	85.04	89.89	14.32	49.66	50.25	34.66	30.02	58.41	87.97	74.95	90.6	42.44	90.82	29.73	20.12	47.17	30.53	89.87	61.61	56.36	26.4	93.3	32.31	39.81	86.0	53.15	58.83	93.92	46.39	94.64	56.36	0.0	32.14	101.36	77.01	98.35	90.25	70.46	20.59	58.87	65.8	48.76	78.82	58.19	18.25	60.3	46.75	70.41	44.94	55.15	50.25	88.26	25.32	64.56	40.8	70.04	15.23	103.77	57.94	41.11	30.48	72.11	32.31	58.31	27.29	30.08	93.91	84.01	40.52	85.0	12.81	43.42	67.12	112.15	54.49	41.0	88.57	35.36	59.09	62.36
36	8.25	39.41	37.48	65.46	65.55	61.22	18.97	43.42	54.2	23.41	18.97	35.85	55.9	54.23	65.6	21.21	60.42	33.3	31.14	43.66	33.12	67.23	47.17	33.02	21.95	62.24	33.6	13.04	54.08	57.31	33.29	63.07	14.32	70.0	29.21	32.14	0.0	73.66	59.91	70.33	58.87	39.56	15.65	29.21	36.88	28.23	53.6	53.6	32.65	29.41	34.13	38.6	16.4	24.04	54.2	60.75	9.9	60.64	41.18	50.6	18.25	76.42	52.17	28.44	23.32	57.56	38.59	37.59	43.27	40.0	65.0	52.15	41.68	54.41	24.6	24.08	42.45	80.06	37.34	14.42	59.41	31.76	34.83	31.3
37	66.47	75.58	111.13	28.86	33.24	13.04	91.4	66.37	82.02	68.54	90.61	44.01	39.0	34.01	15.3	59.06	20.1	80.65	104.8	70.46	105.48	22.85	51.04	84.1	94.76	24.08	78.16	76.84	52.01	83.01	42.54	22.09	61.62	14.76	45.22	101.36	73.66	0.0	41.0	84.21	28.0	62.36	80.78	44.55	36.8	86.95	23.77	68.07	90.62	63.98	97.94	42.05	57.63	64.5	82.02	82.1	83.55	69.72	76.12	39.01	86.28	3.16	66.03	63.57	73.01	47.68	111.13	89.96	94.37	113.15	10.44	53.08	77.1	65.07	97.62	58.6	84.12	43.27	51.42	77.01	15.65	73.08	82.86	44.2
38	56.44	82.76	93.91	59.82	9.49	38.59	72.01	30.53	43.42	42.72	78.85	25.02	62.48	10.0	25.71	38.9	47.8	49.58	87.66	34.48	92.36	19.0	15.56	85.09	81.27	53.41	46.75	69.46	72.4	43.74	30.15	52.2	55.01	27.07	35.13	77.01	59.91	41.0	0.0	103.75	54.49	72.73	58.67	40.79	36.4	84.1	22.67	28.64	61.52	68.25	92.78	51.89	45.28	65.49	43.42	97.86	68.62	29.02	41.34	10.05	64.14	41.44	26.93	36.06	46.62	7.07	97.5	91.05	61.29	98.09	41.59	72.2	42.19	82.73	78.29	36.4	90.09	78.24	23.26	70.35	40.22	42.43	85.29	45.88
39	64.64	31.38	88.46	56.01	102.88	74.15	84.15	105.42	120.28	89.5	69.12	82.66	45.4	93.94	89.5	80.62	64.5	102.42	85.16	107.48	77.23	96.84	99.86	42.76	73.76	60.13	102.0	59.09	32.76	123.07	76.28	62.13	60.44	92.96	72.2	98.35	70.33	84.21	103.75	0.0	56.32	33.24	85.96	65.22	67.6	50.8	83.22	114.21	102.96	42.01	58.01	51.88	70.04	47.2	120.28	10.2	73.54	120.25	107.71	94.41	87.66	87.14	112.16	91.24	91.4	106.17	81.02	43.05	113.53	85.05	74.55	32.28	108.47	21.02	86.4	83.44	32.25	51.26	91.21	57.78	71.2	98.72	39.81	59.08
40	50.7	49.65	94.51	7.0	50.61	18.38	77.83	69.26	86.02	63.01	72.4	42.72	11.0	44.69	34.44	52.0	8.25	77.1	88.59	72.8	86.84	42.54	57.25	60.0	77.18	4.47	75.24	57.69	24.02	87.92	37.66	6.32	44.78	37.34	37.05	90.25	58.87	28.0	54.49	56.32	0.0	36.24	70.41	32.14	27.17	64.38	31.83	74.73	84.21	40.36	75.69	20.59	45.71	42.52	86.02	54.15	68.03	78.77	76.49	47.43	75.19	31.02	72.5	60.41	67.01	59.2	92.42	65.46	91.05	95.13	18.25	25.18	77.47	37.12	83.38	53.08	58.14	25.3	52.5	57.43	15.65	70.35	58.25	27.89
41	32.7	13.42	66.71	40.0	73.35	50.01	56.22	72.18	87.11	56.61	44.55	50.12	27.02	63.32	63.03	47.42	42.72	69.97	61.81	74.25	56.92	69.12	67.23	24.84	49.65	40.71	69.34	31.0	17.89	89.87	43.83	42.49	27.78	67.12	39.45	70.46	39.56	62.36	72.73	33.24	36.24	0.0	55.03	32.65	36.4	30.89	54.33	81.06	71.87	10.2	41.88	22.02	36.88	15.52	87.11	25.55	45.18	87.2	74.65	62.97	57.72	65.52	79.03	58.05	58.83	74.32	62.03	29.73	81.86	65.46	51.92	15.65	75.43	14.87	60.0	50.21	21.93	47.51	58.25	30.02	47.07	65.8	22.63	26.93
42	22.56	54.92	35.47	77.28	66.03	69.32	13.6	35.13	42.06	16.16	26.25	38.21	69.07	55.44	70.29	22.02	70.52	19.7	29.41	34.01	36.06	70.04	43.86	47.38	26.17	73.25	20.88	27.66	68.73	45.22	38.28	73.76	28.28	74.41	35.78	20.59	15.65	80.78	58.67	85.96	70.41	55.03	0.0	38.6	45.31	41.4	58.41	45.01	17.0	44.94	44.38	51.16	24.74	39.56	42.06	76.32	15.65	52.0	29.61	50.8	5.66	83.22	44.1	22.85	13.15	54.63	40.45	51.22	27.8	40.26	73.35	66.91	29.83	69.89	19.7	23.35	57.38	93.19	35.51	29.07	68.03	21.02	49.52	42.58
43	21.93	41.98	66.6	39.12	43.01	32.02	47.51	41.62	57.8	31.26	46.23	17.49	32.98	32.06	38.01	20.22	31.95	45.54	60.31	44.42	61.07	41.48	34.67	45.18	50.25	34.71	43.93	33.12	37.44	60.21	11.18	35.17	17.49	42.49	7.07	58.87	29.21	44.55	40.79	65.22	32.14	32.65	38.6	0.0	7.81	45.61	26.57	49.52	52.09	27.46	55.71	15.65	13.93	25.0	57.8	58.18	39.05	55.23	46.62	30.81	43.66	47.38	47.38	29.73	35.06	41.79	66.71	51.24	59.3	68.62	35.81	36.4	47.54	44.69	53.54	21.84	49.37	56.22	26.17	33.54	30.23	39.29	45.01	6.4
44	29.73	47.17	74.33	34.13	37.22	24.41	54.92	42.95	59.62	36.06	54.04	16.64	30.41	26.93	30.46	25.18	25.5	50.01	68.01	46.24	68.88	34.53	33.24	51.79	58.05	29.02	48.09	40.82	37.48	61.74	10.77	29.15	25.24	34.93	10.05	65.8	36.88	36.8	36.4	67.6	27.17	36.4	45.31	7.81	0.0	52.81	19.42	49.65	57.71	33.0	63.16	15.81	21.1	31.4	59.62	61.47	46.75	54.67	49.48	26.83	50.57	39.6	47.43	33.24	40.2	38.59	74.52	57.87	64.0	76.42	28.3	36.88	50.45	46.65	61.03	26.0	55.01	52.17	26.42	41.18	22.83	43.19	51.35	10.0
45	28.16	21.21	38.0	69.35	87.97	73.93	35.23	71.47	82.3	51.62	18.79	59.08	56.85	76.66	83.22	47.68	69.2	60.75	34.37	71.87	27.17	87.09	73.33	8.06	23.09	68.68	61.4	15.52	48.76	85.42	54.45	70.18	29.15	87.66	49.5	48.76	28.23	86.95	84.1	50.8	64.38	30.89	41.4	45.61	52.81	0.0	72.12	81.61	57.28	24.04	11.31	45.22	39.01	22.47	82.3	40.61	26.17	88.6	69.32	74.17	41.01	90.05	80.08	56.32	51.43	83.05	31.78	9.9	68.62	35.51	76.85	46.53	69.77	42.2	36.25	50.8	18.68	78.39	63.29	14.32	71.34	59.93	11.05	43.46
46	47.51	66.0	90.79	37.2	19.7	16.76	70.01	43.01	59.14	45.18	71.87	20.59	40.22	13.04	12.04	36.4	25.24	56.92	84.39	47.04	86.53	15.13	28.28	71.2	75.45	30.81	54.41	59.51	50.99	60.41	20.52	29.68	43.86	16.4	24.41	78.82	53.6	23.77	22.67	83.22	31.83	54.33	58.41	26.57	19.42	72.12	0.0	45.89	67.12	52.15	82.28	32.39	37.2	50.8	59.14	78.34	63.41	48.7	52.47	16.76	64.03	25.63	43.74	39.92	49.65	27.78	92.09	77.28	70.6	93.6	20.4	51.08	53.46	62.3	76.37	35.51	74.06	55.76	27.66	60.01	17.89	49.34	70.71	29.27
47	54.23	87.46	79.25	81.15	38.08	62.59	58.22	10.2	14.87	30.41	70.35	33.02	79.92	34.06	53.0	34.89	69.89	28.46	73.68	11.18	81.06	47.38	17.72	85.23	71.03	75.03	25.96	66.1	86.68	15.13	39.2	74.33	55.95	55.15	42.45	58.19	53.6	68.07	28.64	114.21	74.73	81.06	45.01	49.52	49.65	81.61	45.89	0.0	40.31	73.5	87.48	64.66	45.28	69.12	14.87	106.4	59.3	7.07	17.46	29.27	49.25	69.0	2.24	25.3	32.02	21.59	85.29	90.48	36.24	84.72	66.29	85.8	17.89	94.07	63.64	31.76	93.02	99.92	23.43	67.36	63.32	24.08	86.41	55.9
48	39.22	71.87	41.05	91.2	70.18	80.36	23.71	32.45	32.06	22.14	40.22	46.62	84.15	61.03	78.29	32.56	83.19	12.21	36.5	29.53	45.88	76.28	45.97	63.78	38.47	86.58	15.0	44.41	84.93	35.01	48.76	86.83	44.64	81.99	47.68	18.25	32.65	90.62	61.52	102.96	84.21	71.87	17.0	52.09	57.71	57.28	67.12	40.31	0.0	61.85	58.52	66.12	39.05	56.46	32.06	93.3	31.11	46.49	22.85	55.8	16.28	92.7	40.25	27.29	17.72	55.97	48.84	67.18	11.4	47.27	84.48	83.2	22.47	86.73	26.93	32.28	74.03	108.02	40.5	45.8	79.56	19.1	66.07	57.01
49	22.83	14.56	57.57	45.34	70.11	51.08	46.1	64.2	78.49	47.51	35.17	44.27	33.02	59.41	62.17	39.05	45.49	60.46	52.39	65.95	48.33	67.27	60.93	20.12	40.26	44.69	60.0	21.1	26.68	81.34	38.33	46.23	18.44	66.49	33.53	60.3	29.41	63.98	68.25	42.01	40.36	10.2	44.94	27.46	33.0	24.04	52.15	73.5	61.85	0.0	35.36	21.93	28.43	5.39	78.49	33.24	35.06	79.92	65.8	58.25	47.54	67.12	71.56	49.58	49.41	68.96	53.67	26.0	72.01	56.86	53.67	24.52	66.53	25.0	50.04	42.01	22.02	55.54	51.43	20.22	48.33	56.73	18.97	23.0
50	36.35	31.02	31.05	80.66	97.29	84.91	35.0	77.28	86.38	57.07	18.36	67.9	68.12	85.91	93.62	55.0	80.43	64.08	29.07	77.13	19.65	97.08	81.01	17.46	20.52	79.98	65.19	23.35	59.68	89.54	63.79	81.47	38.6	98.09	58.94	46.75	34.13	97.94	92.78	58.01	75.69	41.88	44.38	55.71	63.16	11.31	82.28	87.48	58.52	35.36	0.0	56.4	47.52	33.6	86.38	48.01	28.79	94.54	73.68	83.02	42.54	101.02	86.15	62.51	56.04	91.14	23.02	15.03	69.89	27.07	87.92	57.45	74.0	52.2	33.97	58.01	26.17	89.36	71.03	22.56	82.38	64.56	20.25	54.12
51	30.36	34.37	73.93	26.93	51.66	29.15	57.57	57.14	73.43	46.32	51.87	31.83	18.03	42.15	41.11	35.44	24.08	60.64	68.0	60.03	66.4	47.1	48.84	42.05	56.6	24.41	59.2	37.2	22.02	75.8	25.5	25.61	24.35	45.28	22.47	70.41	38.6	42.05	51.89	51.88	20.59	22.02	51.16	15.65	15.81	45.22	32.39	64.66	66.12	21.93	56.4	0.0	27.07	22.8	73.43	46.17	47.54	70.04	62.24	42.54	55.58	45.19	62.48	45.31	49.82	54.38	72.01	47.93	74.15	74.63	31.76	21.21	63.16	30.89	62.97	37.34	42.76	42.05	41.23	37.01	26.4	54.71	40.85	9.49
