vehicles
vehicle_idx, capacity, cost_per_unit_distance
1,100,1
2,100,1
3,100,1
4,100,1
5,100,1
6,100,1
7,100,1
8,100,1
9,100,1
10,100,1
depot
node_idx,x,y
0,76,75
home delivery customers
node_idx,x,y,service_time,demand
1,20,0,15,17
2,21,15,15,15
3,95,45,15,22
4,41,1,15,22
5,60,94,15,25
6,71,41,15,20
7,65,85,15,11
8,19,71,15,21
9,34,50,15,17
10,69,50,15,12
11,76,90,15,17
12,35,100,15,15
13,79,81,15,16
14,74,99,15,16
15,75,14,15,2
16,65,54,15,6
17,21,85,15,10
18,75,80,15,21
19,60,34,15,17
20,41,44,15,10
21,6,55,15,25
22,60,54,15,25
23,20,71,15,16
24,31,41,15,22
25,40,49,15,17
26,56,80,15,6
self pickup customers
node_idx,x,y,service_time,demand,locker_idxs
27,46,5,15,20,65
28,91,14,15,26,65
29,70,95,15,17,68
30,41,55,15,1,68-67
31,61,70,15,26,64
32,80,36,15,12,65
33,100,26,15,5,65
34,40,51,15,5,67-68
35,61,94,15,15,64-68
36,19,11,15,21,63
37,51,91,15,12,68-64
38,41,75,15,16,66-68
39,55,10,15,2,65-67
40,25,86,15,11,66-68
41,75,16,15,1,67-65
42,30,45,15,63,67
43,71,35,15,7,65-67
44,56,81,15,1,68-64
flexible customers
node_idx,x,y,service_time,demand,locker_idxs
45,60,14,15,11,65-67
46,86,31,15,5,65-67
47,46,1,15,16,65-67-63
48,16,89,15,2,66-68
49,55,25,15,20,65-67
50,39,35,15,21,63-67
51,36,61,15,12,66-68-67
52,61,54,15,2,67-68
53,1,40,15,26,63
54,15,91,15,12,66-68
55,21,11,15,22,63-67
56,34,36,15,21,63-67
57,100,6,15,6,65
58,99,91,15,10,64
59,25,76,15,6,66-68
60,85,76,15,26,64-68
61,40,96,15,25,66-68
62,94,45,15,5,65
lockers
node_idx,x,y,service_time,capacity,cost_per_unit_good
63,8.425,7.500000000000001,30,559,100
64,84.16000000000001,92.5,30,559,100
65,84.16000000000001,7.500000000000001,30,559,100
66,8.425,92.5,30,559,100
67,56,26,15,139,100
68,49,83,15,139,100
mrt lines
start_node_idx,end_node_idx,freight_capacity,cost_per_unit_good
63,64,559,5
64,63,559,5
65,66,559,5
66,65,559,5
distance matrix
,0,1,2,3,4,5,6,7,8,9,10,11,12,13,14,15,16,17,18,19,20,21,22,23,24,25,26,27,28,29,30,31,32,33,34,35,36,37,38,39,40,41,42,43,44,45,46,47,48,49,50,51,52,53,54,55,56,57,58,59,60,61,62,63,64,65,66,67,68,
0,0.0,93.6,81.39,35.51,81.86,24.84,34.37,14.87,57.14,48.88,25.96,15.0,48.02,6.71,24.08,61.01,23.71,55.9,5.1,44.01,46.75,72.8,26.4,56.14,56.4,44.41,20.62,76.16,62.82,20.88,40.31,15.81,39.2,54.56,43.27,24.21,85.7,29.68,35.0,68.31,52.17,59.01,54.92,40.31,20.88,63.06,45.12,79.85,61.61,54.23,54.49,42.38,25.81,82.76,63.06,84.39,57.31,73.05,28.02,51.01,9.06,41.68,34.99,95.51,19.31,67.99,69.8,52.92,28.16
1,93.6,0.0,15.03,87.46,21.02,102.16,65.44,96.18,71.01,51.92,70.01,106.0,101.12,100.21,112.77,56.75,70.29,85.01,97.08,52.5,48.75,56.75,67.2,71.0,42.45,52.92,87.73,26.48,72.37,107.35,58.87,81.12,69.97,84.12,54.78,102.55,11.05,96.14,77.88,36.4,86.15,57.28,46.1,61.85,88.64,42.38,72.92,26.02,89.09,43.01,39.82,63.06,67.8,44.28,91.14,11.05,38.63,80.22,120.51,76.16,100.0,98.06,86.61,13.79,112.57,64.6,93.22,44.41,87.92
2,81.39,15.03,0.0,79.85,24.41,88.1,56.36,82.68,56.04,37.34,59.41,93.01,86.15,87.86,99.32,54.01,58.8,70.0,84.5,43.38,35.23,42.72,55.15,56.01,27.86,38.95,73.82,26.93,70.01,93.81,44.72,68.01,62.63,79.76,40.71,88.55,4.47,81.71,63.25,34.37,71.11,54.01,31.32,53.85,74.71,39.01,66.94,28.65,74.17,35.44,26.91,48.38,55.87,32.02,76.24,4.0,24.7,79.51,108.9,61.13,88.41,83.2,78.92,14.64,99.98,63.6,78.51,36.69,73.54
3,35.51,87.46,79.85,0.0,69.66,60.22,24.33,50.0,80.32,61.2,26.48,48.85,81.39,39.4,57.94,36.89,31.32,84.12,40.31,36.69,54.01,89.56,36.14,79.38,64.12,55.15,52.4,63.25,31.26,55.9,54.92,42.2,17.49,19.65,55.33,59.64,83.26,63.66,61.77,53.15,81.12,35.23,65.0,26.0,53.08,46.75,16.64,65.86,90.43,44.72,56.89,61.13,35.17,94.13,92.28,81.44,61.66,39.32,46.17,76.56,32.57,75.01,1.0,94.35,48.72,39.04,98.75,43.38,59.67
4,81.86,21.02,24.41,69.66,0.0,94.92,50.0,87.36,73.38,49.5,56.44,95.63,99.18,88.57,103.41,36.4,58.18,86.35,86.01,38.08,43.0,64.35,56.3,73.08,41.23,48.01,80.41,6.4,51.66,98.37,54.0,71.84,52.4,64.08,50.01,95.13,24.17,90.55,74.0,16.64,86.49,37.16,45.35,45.34,81.39,23.02,54.08,5.0,91.48,27.78,34.06,60.21,56.65,55.87,93.68,22.36,35.69,59.21,107.07,76.69,86.95,95.01,68.88,33.22,101.17,43.65,97.13,29.15,82.39
5,24.84,102.16,88.1,60.22,94.92,0.0,54.13,10.3,47.01,51.11,44.91,16.49,25.71,23.02,14.87,81.39,40.31,40.02,20.52,60.0,53.49,66.61,40.0,46.14,60.42,49.24,14.56,90.09,85.8,10.05,43.38,24.02,61.35,78.89,47.42,1.0,92.57,9.49,26.87,84.15,35.9,79.43,57.45,60.02,13.6,80.0,68.15,94.05,44.28,69.18,62.63,40.8,40.01,79.98,45.1,91.71,63.56,96.66,39.12,39.36,30.81,20.1,59.64,100.71,24.21,89.81,51.6,68.12,15.56
6,34.37,65.44,56.36,24.33,50.0,54.13,0.0,44.41,60.03,38.08,9.22,49.25,69.12,40.79,58.08,27.29,14.32,66.6,39.2,13.04,30.15,66.49,17.03,59.17,40.0,32.02,41.79,43.83,33.6,54.01,33.11,30.68,10.3,32.65,32.57,53.94,60.03,53.85,45.34,34.89,64.35,25.32,41.19,6.0,42.72,29.15,18.03,47.17,73.0,22.63,32.56,40.31,16.4,70.01,75.07,58.31,37.34,45.45,57.31,57.8,37.7,63.13,23.35,70.98,53.15,35.99,81.04,21.21,47.41
7,14.87,96.18,82.68,50.0,87.36,10.3,44.41,0.0,48.08,46.75,35.23,12.08,33.54,14.56,16.64,71.7,31.0,44.0,11.18,51.24,47.51,66.19,31.4,47.13,55.61,43.83,10.3,82.23,75.61,11.18,38.42,15.52,51.24,68.6,42.2,9.85,87.13,15.23,26.0,75.66,40.01,69.72,53.15,50.36,9.85,71.18,57.94,86.12,49.16,60.83,56.36,37.64,31.26,78.24,50.36,86.09,57.98,86.41,34.53,41.0,21.93,27.31,49.41,95.95,20.58,79.83,57.07,59.68,16.12
8,57.14,71.01,56.04,80.32,73.38,47.01,60.03,48.08,0.0,25.81,54.23,60.08,33.12,60.83,61.72,79.91,49.04,14.14,56.72,55.23,34.83,20.62,44.38,1.0,32.31,30.41,38.08,71.31,91.83,56.36,27.2,42.01,70.33,92.66,29.0,47.89,60.0,37.74,22.36,70.83,16.16,78.49,28.23,63.25,38.33,70.21,78.03,75.03,18.25,58.41,41.18,19.72,45.31,35.85,20.4,60.03,38.08,103.86,82.46,7.81,66.19,32.65,79.38,64.37,68.62,90.98,23.96,58.26,32.31
9,48.88,51.92,37.34,61.2,49.5,51.11,38.08,46.75,25.81,0.0,35.0,58.0,50.01,54.64,63.25,54.56,31.26,37.34,50.8,30.53,9.22,28.44,26.31,25.24,9.49,6.08,37.2,46.57,67.42,57.63,8.6,33.6,48.08,70.23,6.08,51.62,41.79,44.38,25.96,45.18,37.11,53.26,6.4,39.92,38.01,44.41,55.36,50.45,42.95,32.65,15.81,11.18,27.29,34.48,45.19,41.11,14.0,79.32,76.85,27.51,57.25,46.39,60.21,49.6,65.74,65.74,49.6,32.56,36.25
10,25.96,70.01,59.41,26.48,56.44,44.91,9.22,35.23,54.23,35.0,0.0,40.61,60.46,32.57,49.25,36.5,5.66,59.41,30.59,18.36,28.64,63.2,9.85,53.31,39.05,29.02,32.7,50.54,42.19,45.01,28.44,21.54,17.8,39.2,29.02,44.72,63.41,44.78,37.54,42.38,56.85,34.53,39.32,15.13,33.62,37.11,25.5,54.13,65.8,28.65,33.54,34.79,8.94,68.73,67.8,61.85,37.7,53.82,50.8,51.11,30.53,54.38,25.5,74.0,45.12,45.12,74.0,27.29,38.59
11,15.0,106.0,93.01,48.85,95.63,16.49,49.25,12.08,60.08,58.0,40.61,0.0,42.2,9.49,9.22,76.01,37.64,55.23,10.05,58.24,57.8,78.26,39.4,59.14,66.53,54.56,22.36,90.14,77.47,7.81,49.5,25.0,54.15,68.35,53.08,15.52,97.42,25.02,38.08,82.71,51.16,74.01,64.35,55.23,21.93,77.67,59.84,93.92,60.01,68.31,66.29,49.41,39.0,90.14,61.01,96.26,68.41,87.36,23.02,52.89,16.64,36.5,48.47,106.64,8.53,82.9,67.62,67.05,27.89
12,48.02,101.12,86.15,81.39,99.18,25.71,69.12,33.54,33.12,50.01,60.46,42.2,0.0,47.93,39.01,94.85,54.92,20.52,44.72,70.58,56.32,53.54,52.35,32.65,59.14,51.24,29.0,95.63,102.63,35.36,45.4,39.7,78.24,98.49,49.25,26.68,90.43,18.36,25.71,92.2,17.2,93.04,55.23,74.3,28.32,89.56,85.8,99.61,21.95,77.62,65.12,39.01,52.84,68.96,21.93,90.09,64.01,114.28,64.63,26.0,55.46,6.4,80.66,96.24,49.73,104.75,27.61,76.92,22.02
13,6.71,100.21,87.86,39.4,88.57,23.02,40.79,14.56,60.83,54.64,32.57,9.49,47.93,0.0,18.68,67.12,30.41,58.14,4.12,50.7,53.04,77.49,33.02,59.84,62.48,50.45,23.02,82.86,68.07,16.64,46.04,21.1,45.01,58.87,49.2,22.2,92.2,29.73,38.47,74.95,54.23,65.12,60.8,46.69,23.0,69.64,50.49,86.54,63.51,60.93,60.96,47.42,32.45,88.12,64.78,90.91,63.64,77.88,22.36,54.23,7.81,41.79,39.0,101.9,12.6,73.68,71.51,59.62,30.07
14,24.08,112.77,99.32,57.94,103.41,14.87,58.08,16.64,61.72,63.25,49.25,9.22,39.01,18.68,0.0,85.01,45.89,54.82,19.03,66.49,64.14,80.99,47.13,60.83,72.2,60.46,26.17,98.08,86.68,5.66,55.0,31.78,63.29,77.49,58.82,13.93,103.77,24.35,40.8,91.01,50.7,83.01,69.66,64.07,25.46,86.15,69.05,101.92,58.86,76.4,72.95,53.74,46.84,93.86,59.54,102.73,74.63,96.57,26.25,54.13,25.5,34.13,57.58,112.57,12.06,92.06,65.9,75.19,29.68
15,61.01,56.75,54.01,36.89,36.4,81.39,27.29,71.7,79.91,54.56,36.5,76.01,94.85,67.12,85.01,0.0,41.23,89.2,66.0,25.0,45.34,80.26,42.72,79.21,51.62,49.5,68.68,30.36,16.0,81.15,53.26,57.72,22.56,27.73,50.93,81.22,56.08,80.65,69.84,20.4,87.66,2.0,54.64,21.38,69.64,15.0,20.25,31.78,95.43,22.83,41.68,61.07,42.38,78.43,97.62,54.08,46.53,26.25,80.65,79.65,62.8,89.16,36.36,66.89,79.03,11.23,102.93,22.47,73.74
16,23.71,70.29,58.8,31.32,58.18,40.31,14.32,31.0,49.04,31.26,5.66,37.64,54.92,30.41,45.89,41.23,0.0,53.82,27.86,20.62,26.0,59.01,5.0,48.1,36.4,25.5,27.51,52.55,47.71,41.3,24.02,16.49,23.43,44.82,25.18,40.2,62.97,39.56,31.89,45.12,51.22,39.29,36.14,19.92,28.46,40.31,31.14,56.3,60.22,30.68,32.2,29.83,4.0,65.51,62.2,61.52,35.85,59.41,50.25,45.65,29.73,48.88,30.36,73.23,43.0,50.29,68.43,29.41,33.12
17,55.9,85.01,70.0,84.12,86.35,40.02,66.6,44.0,14.14,37.34,59.41,55.23,20.52,58.14,54.82,89.2,53.82,0.0,54.23,64.2,45.62,33.54,49.82,14.04,45.12,40.71,35.36,83.82,99.7,50.01,36.06,42.72,76.69,98.6,38.95,41.0,74.03,30.59,22.36,82.35,4.12,87.62,41.0,70.71,35.23,81.01,84.5,87.64,6.4,68.96,53.14,28.3,50.61,49.24,8.49,74.0,50.7,111.72,78.23,9.85,64.63,21.95,83.24,78.51,63.6,99.98,14.64,68.6,28.07
18,5.1,97.08,84.5,40.31,86.01,20.52,39.2,11.18,56.72,50.8,30.59,10.05,44.72,4.12,19.03,66.0,27.86,54.23,0.0,48.38,49.52,73.39,30.02,55.73,58.8,46.75,19.0,80.41,67.91,15.81,42.2,17.2,44.28,59.51,45.45,19.8,88.87,26.4,34.37,72.8,50.36,64.0,57.01,45.18,19.03,67.68,50.22,84.15,59.68,58.52,57.63,43.38,29.53,84.12,61.0,87.62,60.14,78.11,26.4,50.16,10.77,38.48,39.82,98.43,15.5,73.08,67.74,57.25,26.17
19,44.01,52.5,43.38,36.69,38.08,60.0,13.04,51.24,55.23,30.53,18.36,58.24,70.58,50.7,66.49,25.0,20.62,64.2,48.38,0.0,21.47,57.94,20.0,54.49,29.83,25.0,46.17,32.2,36.89,61.81,28.32,36.01,20.1,40.79,26.25,60.01,47.01,57.71,45.19,24.52,62.68,23.43,31.95,11.05,47.17,20.0,26.17,35.85,70.43,10.3,21.02,36.12,20.02,59.3,72.62,45.28,26.08,48.83,69.07,54.67,48.88,65.15,35.74,57.98,63.29,35.86,77.99,8.94,50.22
20,46.75,48.75,35.23,54.01,43.0,53.49,30.15,47.51,34.83,9.22,28.64,57.8,56.32,53.04,64.14,45.34,26.0,45.62,49.52,21.47,0.0,36.69,21.47,34.21,10.44,5.1,39.0,39.32,58.31,58.67,11.0,32.8,39.81,61.68,7.07,53.85,39.66,48.05,31.0,36.77,44.94,44.05,11.05,31.32,39.92,35.51,46.84,43.29,51.48,23.6,9.22,17.72,22.36,40.2,53.71,38.59,10.63,70.18,74.65,35.78,54.41,52.01,53.01,48.92,64.92,56.52,58.42,23.43,39.81
21,72.8,56.75,42.72,89.56,64.35,66.61,66.49,66.19,20.62,28.44,63.2,78.26,53.54,77.49,80.99,80.26,59.01,33.54,73.39,57.94,36.69,0.0,54.01,21.26,28.65,34.53,55.9,64.03,94.37,75.47,35.0,57.01,76.4,98.37,34.23,67.42,45.88,57.63,40.31,66.53,36.36,79.26,26.0,68.01,56.36,67.8,83.52,67.2,35.44,57.45,38.59,30.59,55.01,15.81,37.11,46.49,33.84,106.0,99.72,28.32,81.74,53.26,88.57,47.56,86.69,91.46,37.58,57.8,51.31
22,26.4,67.2,55.15,36.14,56.3,40.0,17.03,31.4,44.38,26.31,9.85,39.4,52.35,33.02,47.13,42.72,5.0,49.82,30.02,20.0,21.47,54.01,0.0,43.46,31.78,20.62,26.31,50.96,50.61,42.2,19.03,16.03,26.91,48.83,20.22,40.01,59.41,38.08,28.32,44.28,47.42,40.85,31.32,21.95,27.29,40.0,34.71,54.82,56.22,29.43,28.32,25.0,1.0,60.64,58.26,58.05,31.62,62.48,53.76,41.34,33.3,46.52,35.17,69.44,45.45,52.4,64.36,28.28,31.02
23,56.14,71.0,56.01,79.38,73.08,46.14,59.17,47.13,1.0,25.24,53.31,59.14,32.65,59.84,60.83,79.21,48.1,14.04,55.73,54.49,34.21,21.26,43.46,0.0,31.95,29.73,37.11,70.94,91.05,55.46,26.4,41.01,69.46,91.79,28.28,47.01,60.01,36.89,21.38,70.33,15.81,77.78,27.86,62.43,37.36,69.63,77.18,74.67,18.44,57.8,40.71,18.87,44.38,36.36,20.62,60.01,37.7,103.08,81.49,7.07,65.19,32.02,78.43,64.55,67.67,90.27,24.42,57.63,31.38
24,56.4,42.45,27.86,64.12,41.23,60.42,40.0,55.61,32.31,9.49,39.05,66.53,59.14,62.48,72.2,51.62,36.4,45.12,58.8,29.83,10.44,28.65,31.78,31.95,0.0,12.04,46.32,39.0,65.8,66.61,17.2,41.73,49.25,70.61,13.45,60.9,32.31,53.85,35.44,39.2,45.4,50.61,4.12,40.45,47.17,39.62,55.9,42.72,50.29,28.84,10.0,20.62,32.7,30.02,52.5,31.62,5.83,77.37,84.4,35.51,64.35,55.73,63.13,40.4,74.02,62.83,56.23,29.15,45.69
25,44.41,52.92,38.95,55.15,48.01,49.24,32.02,43.83,30.41,6.08,29.02,54.56,51.24,50.45,60.46,49.5,25.5,40.71,46.75,25.0,5.1,34.53,20.62,29.73,12.04,0.0,34.89,44.41,61.85,54.92,6.08,29.7,42.06,64.26,2.0,49.66,43.42,43.42,26.02,41.79,39.92,48.1,10.77,34.01,35.78,40.31,49.4,48.37,46.65,28.3,14.04,12.65,21.59,40.02,48.88,42.49,14.32,73.82,72.42,30.89,52.48,47.0,54.15,52.15,61.99,60.6,53.75,28.02,35.17
26,20.62,87.73,73.82,52.4,80.41,14.56,41.79,10.3,38.08,37.2,32.7,22.36,29.0,23.02,26.17,68.68,27.51,35.36,19.0,46.17,39.0,55.9,26.31,37.11,46.32,34.89,0.0,75.66,74.71,20.52,29.15,11.18,50.12,69.66,33.12,14.87,78.29,12.08,15.81,70.01,31.58,66.76,43.6,47.43,1.0,66.12,57.45,79.63,41.0,55.01,48.1,27.59,26.48,68.01,42.45,77.37,49.19,86.09,44.38,31.26,29.27,22.63,51.66,86.72,30.81,77.78,49.19,54.0,7.62
27,76.16,26.48,26.93,63.25,6.4,90.09,43.83,82.23,71.31,46.57,50.54,90.14,95.63,82.86,98.08,30.36,52.55,83.82,80.41,32.2,39.32,64.03,50.96,70.94,39.0,44.41,75.66,0.0,45.89,93.15,50.25,66.71,46.01,57.94,46.39,90.26,27.66,86.15,70.18,10.3,83.68,31.02,43.08,39.05,76.66,16.64,47.71,4.0,89.2,21.93,30.81,56.89,51.24,57.01,91.42,25.71,33.24,54.01,101.02,74.04,81.01,91.2,62.48,37.66,95.46,38.24,95.23,23.26,78.06
28,62.82,72.37,70.01,31.26,51.66,85.8,33.6,75.61,91.83,67.42,42.19,77.47,102.63,68.07,86.68,16.0,47.71,99.7,67.91,36.89,58.31,94.37,50.61,91.05,65.8,61.85,74.71,45.89,0.0,83.68,64.66,63.53,24.6,15.0,63.01,85.44,72.06,86.77,78.87,36.22,97.67,16.12,68.43,29.0,75.59,31.0,17.72,46.84,106.07,37.64,56.08,72.35,50.0,93.68,108.19,70.06,61.1,12.04,77.41,90.55,62.29,96.57,31.14,82.83,78.8,9.44,113.93,37.0,80.78
29,20.88,107.35,93.81,55.9,98.37,10.05,54.01,11.18,56.36,57.63,45.01,7.81,35.36,16.64,5.66,81.15,41.3,50.01,15.81,61.81,58.67,75.47,42.2,55.46,66.61,54.92,20.52,93.15,83.68,0.0,49.41,26.57,59.84,75.24,53.25,9.06,98.27,19.42,35.23,86.31,45.89,79.16,64.03,60.01,19.8,81.61,65.97,97.02,54.33,71.59,67.54,48.08,41.98,88.24,55.15,97.25,69.12,93.92,29.27,48.85,24.21,30.02,55.46,106.99,14.38,88.64,61.63,70.41,24.19
30,40.31,58.87,44.72,54.92,54.0,43.38,33.11,38.42,27.2,8.6,28.44,49.5,45.4,46.04,55.0,53.26,24.02,36.06,42.2,28.32,11.0,35.0,19.03,26.4,17.2,6.08,29.15,50.25,64.66,49.41,0.0,25.0,43.38,65.74,4.12,43.83,49.19,37.36,20.0,47.13,34.89,51.74,14.87,36.06,30.02,45.19,51.0,54.23,42.2,33.11,20.1,7.81,20.02,42.72,44.41,48.33,20.25,76.69,68.26,26.4,48.75,41.01,53.94,57.6,57.18,64.18,49.67,32.65,29.12
31,15.81,81.12,68.01,42.2,71.84,24.02,30.68,15.52,42.01,33.6,21.54,25.0,39.7,21.1,31.78,57.72,16.49,42.72,17.2,36.01,32.8,57.01,16.03,41.01,41.73,29.7,11.18,66.71,63.53,26.57,25.0,0.0,38.95,58.8,28.32,24.0,72.42,23.26,20.62,60.3,39.4,55.79,39.82,36.4,12.08,56.01,46.32,70.61,48.85,45.4,41.34,26.57,16.0,67.08,50.57,71.28,43.42,74.95,43.42,36.5,24.74,33.42,41.4,81.67,32.29,66.65,57.19,44.28,17.69
32,39.2,69.97,62.63,17.49,52.4,61.35,10.3,51.24,70.33,48.08,17.8,54.15,78.24,45.01,63.29,22.56,23.43,76.69,44.28,20.1,39.81,76.4,26.91,69.46,49.25,42.06,50.12,46.01,24.6,59.84,43.38,38.95,0.0,22.36,42.72,61.03,65.92,62.18,55.15,36.07,74.33,20.62,50.8,9.06,51.0,29.73,7.81,48.8,83.1,27.31,41.01,50.61,26.17,79.1,85.15,64.08,46.0,36.06,58.19,68.01,40.31,72.11,16.64,77.04,56.65,28.8,91.19,26.0,56.3
33,54.56,84.12,79.76,19.65,64.08,78.89,32.65,68.6,92.66,70.23,39.2,68.35,98.49,58.87,77.49,27.73,44.82,98.6,59.51,40.79,61.68,98.37,48.83,91.79,70.61,64.26,69.66,57.94,15.0,75.24,65.74,58.8,22.36,0.0,65.0,78.39,82.38,81.4,76.69,47.76,96.05,26.93,72.53,30.36,70.43,41.76,14.87,59.51,105.0,45.01,61.66,72.95,48.01,99.98,107.0,80.41,66.75,20.0,65.01,90.14,52.2,92.2,19.92,93.42,68.36,24.35,113.17,44.0,76.49
34,43.27,54.78,40.71,55.33,50.01,47.42,32.57,42.2,29.0,6.08,29.02,53.08,49.25,49.2,58.82,50.93,25.18,38.95,45.45,26.25,7.07,34.23,20.22,28.28,13.45,2.0,33.12,46.39,63.01,53.25,4.12,28.32,42.72,65.0,0.0,47.85,45.18,41.48,24.02,43.66,38.08,49.5,11.66,34.89,34.0,42.06,50.16,50.36,44.94,30.02,16.03,10.77,21.21,40.52,47.17,44.28,16.16,75.0,71.28,29.15,51.48,45.0,54.33,53.75,60.6,61.99,52.15,29.68,33.24
35,24.21,102.55,88.55,59.64,95.13,1.0,53.94,9.85,47.89,51.62,44.72,15.52,26.68,22.2,13.93,81.22,40.2,41.0,19.8,60.01,53.85,67.42,40.01,47.01,60.9,49.66,14.87,90.26,85.44,9.06,43.83,24.0,61.03,78.39,47.85,0.0,93.02,10.44,27.59,84.21,36.88,79.25,57.98,59.84,13.93,80.01,67.78,94.2,45.28,69.26,62.97,41.4,40.0,80.72,46.1,92.14,63.98,96.25,38.12,40.25,30.0,21.1,59.08,101.22,23.21,89.55,52.6,68.18,16.28
36,85.7,11.05,4.47,83.26,24.17,92.57,60.03,87.13,60.0,41.79,63.41,97.42,90.43,92.2,103.77,56.08,62.97,74.03,88.87,47.01,39.66,45.88,59.41,60.01,32.31,43.42,78.29,27.66,72.06,98.27,49.19,72.42,65.92,82.38,45.18,93.02,0.0,86.16,67.68,36.01,75.24,56.22,35.74,57.27,79.18,41.11,69.92,28.79,78.06,38.63,31.24,52.81,60.11,34.13,80.1,2.0,29.15,81.15,113.14,65.28,92.63,87.56,82.35,11.14,104.35,65.25,82.18,39.92,78.0
37,29.68,96.14,81.71,63.66,90.55,9.49,53.85,15.23,37.74,44.38,44.78,25.02,18.36,29.73,24.35,80.65,39.56,30.59,26.4,57.71,48.05,57.63,38.08,36.89,53.85,43.42,12.08,86.15,86.77,19.42,37.36,23.26,62.18,81.4,41.48,10.44,86.16,0.0,18.87,81.1,26.48,78.75,50.57,59.46,11.18,77.52,69.46,90.14,35.06,66.12,57.27,33.54,38.33,71.42,36.0,85.44,57.57,98.11,48.0,30.02,37.16,12.08,62.97,93.73,33.19,89.84,42.6,65.19,8.25
38,35.0,77.88,63.25,61.77,74.0,26.87,45.34,26.0,22.36,25.96,37.54,38.08,25.71,38.47,40.8,69.84,31.89,22.36,34.37,45.19,31.0,40.31,28.32,21.38,35.44,26.02,15.81,70.18,78.87,35.23,20.0,20.62,55.15,76.69,24.02,27.59,67.68,18.87,0.0,66.49,19.42,68.1,31.95,50.0,16.16,63.89,62.94,74.17,28.65,51.92,40.05,14.87,29.0,53.15,30.53,67.05,39.62,90.79,60.17,16.03,44.01,21.02,60.9,74.95,46.57,80.12,36.98,51.24,11.31
39,68.31,36.4,34.37,53.15,16.64,84.15,34.89,75.66,70.83,45.18,42.38,82.71,92.2,74.95,91.01,20.4,45.12,82.35,72.8,24.52,36.77,66.53,44.28,70.33,39.2,41.79,70.01,10.3,36.22,86.31,47.13,60.3,36.07,47.76,43.66,84.21,36.01,81.1,66.49,0.0,81.71,20.88,43.01,29.68,71.01,6.4,37.44,12.73,88.1,15.0,29.68,54.42,44.41,61.77,90.34,34.01,33.42,45.18,92.18,72.5,72.5,87.3,52.4,46.64,87.5,29.27,94.74,16.03,73.25
40,52.17,86.15,71.11,81.12,86.49,35.9,64.35,40.01,16.16,37.11,56.85,51.16,17.2,54.23,50.7,87.66,51.22,4.12,50.36,62.68,44.94,36.36,47.42,15.81,45.4,39.92,31.58,83.68,97.67,45.89,34.89,39.4,74.33,96.05,38.08,36.88,75.24,26.48,19.42,81.71,0.0,86.02,41.3,68.68,31.4,80.06,82.13,87.56,9.49,67.98,52.89,27.31,48.17,51.88,11.18,75.11,50.8,109.66,74.17,10.0,60.83,18.03,80.26,80.23,59.52,98.3,17.8,67.54,24.19
41,59.01,57.28,54.01,35.23,37.16,79.43,25.32,69.72,78.49,53.26,34.53,74.01,93.04,65.12,83.01,2.0,39.29,87.62,64.0,23.43,44.05,79.26,40.85,77.78,50.61,48.1,66.76,31.02,16.12,79.16,51.74,55.79,20.62,26.93,49.5,79.25,56.22,78.75,68.1,20.88,86.02,0.0,53.54,19.42,67.72,15.13,18.6,32.65,93.86,21.93,40.71,59.55,40.5,77.79,96.05,54.23,45.62,26.93,78.75,78.1,60.83,87.32,34.67,67.12,77.05,12.5,101.41,21.47,71.87
42,54.92,46.1,31.32,65.0,45.35,57.45,41.19,53.15,28.23,6.4,39.32,64.35,55.23,60.8,69.66,54.64,36.14,41.0,57.01,31.95,11.05,26.0,31.32,27.86,4.12,10.77,43.6,43.08,68.43,64.03,14.87,39.82,50.8,72.53,11.66,57.98,35.74,50.57,31.95,43.01,41.3,53.54,0.0,42.2,44.41,43.14,57.72,46.82,46.17,32.02,13.45,17.09,32.28,29.43,48.38,35.17,9.85,80.13,82.93,31.4,63.13,51.97,64.0,43.26,72.04,65.88,52.17,32.2,42.49
43,40.31,61.85,53.85,26.0,45.34,60.02,6.0,50.36,63.25,39.92,15.13,55.23,74.3,46.69,64.07,21.38,19.92,70.71,45.18,11.05,31.32,68.01,21.95,62.43,40.45,34.01,47.43,39.05,29.0,60.01,36.06,36.4,9.06,30.36,34.89,59.84,57.27,59.46,50.0,29.68,68.68,19.42,42.2,0.0,48.38,23.71,15.52,42.2,77.08,18.87,32.0,43.6,21.47,70.18,79.2,55.46,37.01,41.01,62.61,61.62,43.32,68.43,25.08,68.35,58.99,30.49,84.98,17.49,52.8
44,20.88,88.64,74.71,53.08,81.39,13.6,42.72,9.85,38.33,38.01,33.62,21.93,28.32,23.0,25.46,69.64,28.46,35.23,19.03,47.17,39.92,56.36,27.29,37.36,47.17,35.78,1.0,76.66,75.59,19.8,30.02,12.08,51.0,70.43,34.0,13.93,79.18,11.18,16.16,71.01,31.4,67.72,44.41,48.38,0.0,67.12,58.31,80.62,40.79,56.01,49.04,28.28,27.46,68.6,42.2,78.26,50.09,86.95,44.15,31.4,29.43,21.93,52.35,87.55,30.42,78.71,48.95,55.0,7.28
45,63.06,42.38,39.01,46.75,23.02,80.0,29.15,71.18,70.21,44.41,37.11,77.67,89.56,69.64,86.15,15.0,40.31,81.01,67.68,20.0,35.51,67.8,40.0,69.63,39.62,40.31,66.12,16.64,31.0,81.61,45.19,56.01,29.73,41.76,42.06,80.01,41.11,77.52,63.89,6.4,80.06,15.13,43.14,23.71,67.12,0.0,31.06,19.1,86.95,12.08,29.7,52.77,40.01,64.47,89.19,39.12,34.06,40.79,86.31,71.2,66.85,84.4,46.01,51.98,82.13,25.02,93.93,12.65,69.87
46,45.12,72.92,66.94,16.64,54.08,68.15,18.03,57.94,78.03,55.36,25.5,59.84,85.8,50.49,69.05,20.25,31.14,84.5,50.22,26.17,46.84,83.52,34.71,77.18,55.9,49.4,57.45,47.71,17.72,65.97,51.0,46.32,7.81,14.87,50.16,67.78,69.92,69.46,62.94,37.44,82.13,18.6,57.72,15.52,58.31,31.06,0.0,50.0,90.91,31.58,47.17,58.31,33.97,85.48,92.96,68.01,52.24,28.65,61.39,75.8,45.01,79.63,16.12,81.06,61.53,23.57,99.0,30.41,63.82
47,79.85,26.02,28.65,65.86,5.0,94.05,47.17,86.12,75.03,50.45,54.13,93.92,99.61,86.54,101.92,31.78,56.3,87.64,84.15,35.85,43.29,67.2,54.82,74.67,42.72,48.37,79.63,4.0,46.84,97.02,54.23,70.61,48.8,59.51,50.36,94.2,28.79,90.14,74.17,12.73,87.56,32.65,46.82,42.2,80.62,19.1,50.0,0.0,92.97,25.63,34.71,60.83,55.08,59.55,95.19,26.93,37.0,54.23,104.45,77.88,84.53,95.19,65.12,38.13,99.14,38.71,98.91,26.93,82.05
48,61.61,89.09,74.17,90.43,91.48,44.28,73.0,49.16,18.25,42.95,65.8,60.01,21.95,63.51,58.86,95.43,60.22,6.4,59.68,70.43,51.48,35.44,56.22,18.44,50.29,46.65,41.0,89.2,106.07,54.33,42.2,48.85,83.1,105.0,44.94,45.28,78.06,35.06,28.65,88.1,9.49,93.86,46.17,77.08,40.79,86.95,90.91,92.97,0.0,74.95,58.69,34.41,57.01,51.24,2.24,78.16,55.97,118.09,83.02,15.81,70.21,25.0,89.55,81.85,68.25,106.25,8.34,74.63,33.54
49,54.23,43.01,35.44,44.72,27.78,69.18,22.63,60.83,58.41,32.65,28.65,68.31,77.62,60.93,76.4,22.83,30.68,68.96,58.52,10.3,23.6,57.45,29.43,57.8,28.84,28.3,55.01,21.93,37.64,71.59,33.11,45.4,27.31,45.01,30.02,69.26,38.63,66.12,51.92,15.0,67.98,21.93,32.02,18.87,56.01,12.08,31.58,25.63,74.95,0.0,18.87,40.71,29.61,56.04,77.18,36.77,23.71,48.85,79.32,59.17,59.17,72.57,43.83,49.75,73.53,34.01,82.01,1.41,58.31
50,54.49,39.82,26.91,56.89,34.06,62.63,32.56,56.36,41.18,15.81,33.54,66.29,65.12,60.96,72.95,41.68,32.2,53.14,57.63,21.02,9.22,38.59,28.32,40.71,10.0,14.04,48.1,30.81,56.08,67.54,20.1,41.34,41.01,61.66,16.03,62.97,31.24,57.27,40.05,29.68,52.89,40.71,13.45,32.0,49.04,29.7,47.17,34.71,58.69,18.87,0.0,26.17,29.07,38.33,60.93,30.0,5.1,67.54,82.07,43.32,61.62,61.01,55.9,41.12,73.11,52.87,65.12,19.24,49.03
51,42.38,63.06,48.38,61.13,60.21,40.8,40.31,37.64,19.72,11.18,34.79,49.41,39.01,47.42,53.74,61.07,29.83,28.3,43.38,36.12,17.72,30.59,25.0,18.87,20.62,12.65,27.59,56.89,72.35,48.08,7.81,26.57,50.61,72.95,10.77,41.4,52.81,33.54,14.87,54.42,27.31,59.55,17.09,43.6,28.28,52.77,58.31,60.83,34.41,40.71,26.17,0.0,25.96,40.82,36.62,52.2,25.08,84.39,69.78,18.6,51.24,35.23,60.17,60.19,57.55,71.98,41.86,40.31,25.55
52,25.81,67.8,55.87,35.17,56.65,40.01,16.4,31.26,45.31,27.29,8.94,39.0,52.84,32.45,46.84,42.38,4.0,50.61,29.53,20.02,22.36,55.01,1.0,44.38,32.7,21.59,26.48,51.24,50.0,41.98,20.02,16.0,26.17,48.01,21.21,40.0,60.11,38.33,29.0,44.41,48.17,40.5,32.28,21.47,27.46,40.01,33.97,55.08,57.01,29.61,29.07,25.96,0.0,61.61,59.03,58.73,32.45,61.85,53.04,42.19,32.56,46.96,34.21,70.19,44.93,51.95,65.16,28.44,31.38
53,82.76,44.28,32.02,94.13,55.87,79.98,70.01,78.24,35.85,34.48,68.73,90.14,68.96,88.12,93.86,78.43,65.51,49.24,84.12,59.3,40.2,15.81,60.64,36.36,30.02,40.02,68.01,57.01,93.68,88.24,42.72,67.08,79.1,99.98,40.52,80.72,34.13,71.42,53.15,61.77,51.88,77.79,29.43,70.18,68.6,64.47,85.48,59.55,51.24,56.04,38.33,40.82,61.61,0.0,52.89,35.23,33.24,104.68,110.48,43.27,91.39,68.24,93.13,33.34,98.35,89.29,53.02,56.75,64.44
54,63.06,91.14,76.24,92.28,93.68,45.1,75.07,50.36,20.4,45.19,67.8,61.01,21.93,64.78,59.54,97.62,62.2,8.49,61.0,72.62,53.71,37.11,58.26,20.62,52.5,48.88,42.45,91.42,108.19,55.15,44.41,50.57,85.15,107.0,47.17,46.1,80.1,36.0,30.53,90.34,11.18,96.05,48.38,79.2,42.2,89.19,92.96,95.19,2.24,77.18,60.93,36.62,59.03,52.89,0.0,80.22,58.19,120.21,84.0,18.03,71.59,25.5,91.42,83.76,69.18,108.42,6.74,76.85,34.93
55,84.39,11.05,4.0,81.44,22.36,91.71,58.31,86.09,60.03,41.11,61.85,96.26,90.09,90.91,102.73,54.08,61.52,74.0,87.62,45.28,38.59,46.49,58.05,60.01,31.62,42.49,77.37,25.71,70.06,97.25,48.33,71.28,64.08,80.41,44.28,92.14,2.0,85.44,67.05,34.01,75.11,54.23,35.17,55.46,78.26,39.12,68.01,26.93,78.16,36.77,30.0,52.2,58.73,35.23,80.22,0.0,28.18,79.16,111.73,65.12,91.22,87.1,80.53,13.05,103.11,63.26,82.46,38.08,77.25
56,57.31,38.63,24.7,61.66,35.69,63.56,37.34,57.98,38.08,14.0,37.7,68.41,64.01,63.64,74.63,46.53,35.85,50.7,60.14,26.08,10.63,33.84,31.62,37.7,5.83,14.32,49.19,33.24,61.1,69.12,20.25,43.42,46.0,66.75,16.16,63.98,29.15,57.57,39.62,33.42,50.8,45.62,9.85,37.01,50.09,34.06,52.24,37.0,55.97,23.71,5.1,25.08,32.45,33.24,58.19,28.18,0.0,72.5,85.15,41.0,64.82,60.3,60.67,38.29,75.55,57.69,62.02,24.17,49.34
57,73.05,80.22,79.51,39.32,59.21,96.66,45.45,86.41,103.86,79.32,53.82,87.36,114.28,77.88,96.57,26.25,59.41,111.72,78.11,48.83,70.18,106.0,62.48,103.08,77.37,73.82,86.09,54.01,12.04,93.92,76.69,74.95,36.06,20.0,75.0,96.25,81.15,98.11,90.79,45.18,109.66,26.93,80.13,41.01,86.95,40.79,28.65,54.23,118.09,48.85,67.54,84.39,61.85,104.68,120.21,79.16,72.5,0.0,85.01,102.59,71.59,108.17,39.46,91.59,87.94,15.91,125.97,48.33,92.36
58,28.02,120.51,108.9,46.17,107.07,39.12,57.31,34.53,82.46,76.85,50.8,23.02,64.63,22.36,26.25,80.65,50.25,78.23,26.4,69.07,74.65,99.72,53.76,81.49,84.4,72.42,44.38,101.02,77.41,29.27,68.26,43.42,58.19,65.01,71.28,38.12,113.14,48.0,60.17,92.18,74.17,78.75,82.93,62.61,44.15,86.31,61.39,104.45,83.02,79.32,82.07,69.78,53.04,110.48,84.0,111.73,85.15,85.01,0.0,75.5,20.52,59.21,46.27,123.19,14.92,84.81,90.59,77.94,50.64
59,51.01,76.16,61.13,76.56,76.69,39.36,57.8,41.0,7.81,27.51,51.11,52.89,26.0,54.23,54.13,79.65,45.65,9.85,50.16,54.67,35.78,28.32,41.34,7.07,35.51,30.89,31.26,74.04,90.55,48.85,26.4,36.5,68.01,90.14,29.15,40.25,65.28,30.02,16.03,72.5,10.0,78.1,31.4,61.62,31.4,71.2,75.8,77.88,15.81,59.17,43.32,18.6,42.19,43.27,18.03,65.12,41.0,102.59,75.5,0.0,60.0,25.0,75.64,70.48,61.42,90.51,23.39,58.83,25.0
60,9.06,100.0,88.41,32.57,86.95,30.81,37.7,21.93,66.19,57.25,30.53,16.64,55.46,7.81,25.5,62.8,29.73,64.63,10.77,48.88,54.41,81.74,33.3,65.19,64.35,52.48,29.27,81.01,62.29,24.21,48.75,24.74,40.31,52.2,51.48,30.0,92.63,37.16,44.01,72.5,60.83,60.83,63.13,43.32,29.43,66.85,45.01,84.53,70.21,59.17,61.62,51.24,32.56,91.39,71.59,91.22,64.82,71.59,20.52,60.0,0.0,49.24,32.28,102.74,16.52,68.51,78.33,57.8,36.67
61,41.68,98.06,83.2,75.01,95.01,20.1,63.13,27.31,32.65,46.39,54.38,36.5,6.4,41.79,34.13,89.16,48.88,21.95,38.48,65.15,52.01,53.26,46.52,32.02,55.73,47.0,22.63,91.2,96.57,30.02,41.01,33.42,72.11,92.2,45.0,21.1,87.56,12.08,21.02,87.3,18.03,87.32,51.97,68.43,21.93,84.4,79.63,95.19,25.0,72.57,61.01,35.23,46.96,68.24,25.5,87.1,60.3,108.17,59.21,25.0,49.24,0.0,74.28,93.96,44.3,98.91,31.77,71.81,15.81
62,34.99,86.61,78.92,1.0,68.88,59.64,23.35,49.41,79.38,60.21,25.5,48.47,80.66,39.0,57.58,36.36,30.36,83.24,39.82,35.74,53.01,88.57,35.17,78.43,63.13,54.15,51.66,62.48,31.14,55.46,53.94,41.4,16.64,19.92,54.33,59.08,82.35,62.97,60.9,52.4,80.26,34.67,64.0,25.08,52.35,46.01,16.12,65.12,89.55,43.83,55.9,60.17,34.21,93.13,91.42,80.53,60.67,39.46,46.27,75.64,32.28,74.28,0.0,93.43,48.51,38.77,97.87,42.49,58.9
63,95.51,13.79,14.64,94.35,33.22,100.71,70.98,95.95,64.37,49.6,74.0,106.64,96.24,101.9,112.57,66.89,73.23,78.51,98.43,57.98,48.92,47.56,69.44,64.55,40.4,52.15,86.72,37.66,82.83,106.99,57.6,81.67,77.04,93.42,53.75,101.22,11.14,93.73,74.95,46.64,80.23,67.12,43.26,68.35,87.55,51.98,81.06,38.13,81.85,49.75,41.12,60.19,70.19,33.34,83.76,13.05,38.29,91.59,123.19,70.48,102.74,93.96,93.43,0.0,113.85,75.74,85.0,51.05,85.71
64,19.31,112.57,99.98,48.72,101.17,24.21,53.15,20.58,68.62,65.74,45.12,8.53,49.73,12.6,12.06,79.03,43.0,63.6,15.5,63.29,64.92,86.69,45.45,67.67,74.02,61.99,30.81,95.46,78.8,14.38,57.18,32.29,56.65,68.36,60.6,23.21,104.35,33.19,46.57,87.5,59.52,77.05,72.04,58.99,30.42,82.13,61.53,99.14,68.25,73.53,73.11,57.55,44.93,98.35,69.18,103.11,75.55,87.94,14.92,61.42,16.52,44.3,48.51,113.85,0.0,85.0,75.74,72.22,36.42
65,67.99,64.6,63.6,39.04,43.65,89.81,35.99,79.83,90.98,65.74,45.12,82.9,104.75,73.68,92.06,11.23,50.29,99.98,73.08,35.86,56.52,91.46,52.4,90.27,62.83,60.6,77.78,38.24,9.44,88.64,64.18,66.65,28.8,24.35,61.99,89.55,65.25,89.84,80.12,29.27,98.3,12.5,65.88,30.49,78.71,25.02,23.57,38.71,106.25,34.01,52.87,71.98,51.95,89.29,108.42,63.26,57.69,15.91,84.81,90.51,68.51,98.91,38.77,75.74,85.0,0.0,113.85,33.69,83.29
66,69.8,93.22,78.51,98.75,97.13,51.6,81.04,57.07,23.96,49.6,74.0,67.62,27.61,71.51,65.9,102.93,68.43,14.64,67.74,77.99,58.42,37.58,64.36,24.42,56.23,53.75,49.19,95.23,113.93,61.63,49.67,57.19,91.19,113.17,52.15,52.6,82.18,42.6,36.98,94.74,17.8,101.41,52.17,84.98,48.95,93.93,99.0,98.91,8.34,82.01,65.12,41.86,65.16,53.02,6.74,82.46,62.02,125.97,90.59,23.39,78.33,31.77,97.87,85.0,75.74,113.85,0.0,81.77,41.67
67,52.92,44.41,36.69,43.38,29.15,68.12,21.21,59.68,58.26,32.56,27.29,67.05,76.92,59.62,75.19,22.47,29.41,68.6,57.25,8.94,23.43,57.8,28.28,57.63,29.15,28.02,54.0,23.26,37.0,70.41,32.65,44.28,26.0,44.0,29.68,68.18,39.92,65.19,51.24,16.03,67.54,21.47,32.2,17.49,55.0,12.65,30.41,26.93,74.63,1.41,19.24,40.31,28.44,56.75,76.85,38.08,24.17,48.33,77.94,58.83,57.8,71.81,42.49,51.05,72.22,33.69,81.77,0.0,57.43
68,28.16,87.92,73.54,59.67,82.39,15.56,47.41,16.12,32.31,36.25,38.59,27.89,22.02,30.07,29.68,73.74,33.12,28.07,26.17,50.22,39.81,51.31,31.02,31.38,45.69,35.17,7.62,78.06,80.78,24.19,29.12,17.69,56.3,76.49,33.24,16.28,78.0,8.25,11.31,73.25,24.19,71.87,42.49,52.8,7.28,69.87,63.82,82.05,33.54,58.31,49.03,25.55,31.38,64.44,34.93,77.25,49.34,92.36,50.64,25.0,36.67,15.81,58.9,85.71,36.42,83.29,41.67,57.43,0.0
