set K:= 1	2	3	4	5	6	7	8	9;
set C_H:= 1	2	3	4	5	6	7	8	9	10	11	12	13	14	15	16	17	18	19	20	21;
set C_S:= 22	23	24	25	26	27	28	29	30	31	32	33	34	35	36	37	38	39	40	41	42;
set C_F:= 43	44	45	46	47	48	49	50	51	52	53	54	55	56	57	58	59	60	61	62	63;
set M:= 0	1	2	3;
set L_B:= 4	5	70	71	72	73	74	75	76	77	78;
set A1:=
(0,*) 2 3 4 5 6 7 8 9 10 11 12 13 14 15 16 17 18 19 20 21 43 44 45 46 47 48 49 50 51 52 53 54 55 56 57 58 59 60 61 62 63 2 3 4 5 70 71 72 73 74 75 76 77 78
(1,*) 2 3 4 5 6 7 8 9 10 11 12 13 14 15 16 17 18 19 20 21 43 44 45 46 47 48 49 50 51 52 53 54 55 56 57 58 59 60 61 62 63 2 3 4 5 70 71 72 73 74 75 76 77 78
(2,*) 0 1 4 5 6 7 8 9 10 11 12 13 14 15 16 17 18 19 20 21 43 44 45 46 47 48 49 50 51 52 53 54 55 56 57 58 59 60 61 62 63 0 1 4 5 70 71 72 73 74 75 76 77 78
(3,*) 0 1 4 5 6 7 8 9 10 11 12 13 14 15 16 17 18 19 20 21 43 44 45 46 47 48 49 50 51 52 53 54 55 56 57 58 59 60 61 62 63 0 1 4 5 70 71 72 73 74 75 76 77 78
(4,*) 0 1 2 3 5 6 7 8 9 10 11 12 13 14 15 16 17 18 19 20 21 43 44 45 46 47 48 49 50 51 52 53 54 55 56 57 58 59 60 61 62 63 0 1 2 3 5 70 71 72 73 74 75 76 77 78
(5,*) 0 1 2 3 4 6 7 8 9 10 11 12 13 14 15 16 17 18 19 20 21 43 44 45 46 47 48 49 50 51 52 53 54 55 56 57 58 59 60 61 62 63 0 1 2 3 4 70 71 72 73 74 75 76 77 78
(6,*) 0 1 2 3 4 5 7 8 9 10 11 12 13 14 15 16 17 18 19 20 21 43 44 45 46 47 48 49 50 51 52 53 54 55 56 57 58 59 60 61 62 63 0 1 2 3 4 5 70 71 72 73 74 75 76 77 78
(7,*) 0 1 2 3 4 5 6 8 9 10 11 12 13 14 15 16 17 18 19 20 21 43 44 45 46 47 48 49 50 51 52 53 54 55 56 57 58 59 60 61 62 63 0 1 2 3 4 5 70 71 72 73 74 75 76 77 78
(8,*) 0 1 2 3 4 5 6 7 9 10 11 12 13 14 15 16 17 18 19 20 21 43 44 45 46 47 48 49 50 51 52 53 54 55 56 57 58 59 60 61 62 63 0 1 2 3 4 5 70 71 72 73 74 75 76 77 78
(9,*) 0 1 2 3 4 5 6 7 8 10 11 12 13 14 15 16 17 18 19 20 21 43 44 45 46 47 48 49 50 51 52 53 54 55 56 57 58 59 60 61 62 63 0 1 2 3 4 5 70 71 72 73 74 75 76 77 78
(10,*) 0 1 2 3 4 5 6 7 8 9 11 12 13 14 15 16 17 18 19 20 21 43 44 45 46 47 48 49 50 51 52 53 54 55 56 57 58 59 60 61 62 63 0 1 2 3 4 5 70 71 72 73 74 75 76 77 78
(11,*) 0 1 2 3 4 5 6 7 8 9 10 12 13 14 15 16 17 18 19 20 21 43 44 45 46 47 48 49 50 51 52 53 54 55 56 57 58 59 60 61 62 63 0 1 2 3 4 5 70 71 72 73 74 75 76 77 78
(12,*) 0 1 2 3 4 5 6 7 8 9 10 11 13 14 15 16 17 18 19 20 21 43 44 45 46 47 48 49 50 51 52 53 54 55 56 57 58 59 60 61 62 63 0 1 2 3 4 5 70 71 72 73 74 75 76 77 78
(13,*) 0 1 2 3 4 5 6 7 8 9 10 11 12 14 15 16 17 18 19 20 21 43 44 45 46 47 48 49 50 51 52 53 54 55 56 57 58 59 60 61 62 63 0 1 2 3 4 5 70 71 72 73 74 75 76 77 78
(14,*) 0 1 2 3 4 5 6 7 8 9 10 11 12 13 15 16 17 18 19 20 21 43 44 45 46 47 48 49 50 51 52 53 54 55 56 57 58 59 60 61 62 63 0 1 2 3 4 5 70 71 72 73 74 75 76 77 78
(15,*) 0 1 2 3 4 5 6 7 8 9 10 11 12 13 14 16 17 18 19 20 21 43 44 45 46 47 48 49 50 51 52 53 54 55 56 57 58 59 60 61 62 63 0 1 2 3 4 5 70 71 72 73 74 75 76 77 78
(16,*) 0 1 2 3 4 5 6 7 8 9 10 11 12 13 14 15 17 18 19 20 21 43 44 45 46 47 48 49 50 51 52 53 54 55 56 57 58 59 60 61 62 63 0 1 2 3 4 5 70 71 72 73 74 75 76 77 78
(17,*) 0 1 2 3 4 5 6 7 8 9 10 11 12 13 14 15 16 18 19 20 21 43 44 45 46 47 48 49 50 51 52 53 54 55 56 57 58 59 60 61 62 63 0 1 2 3 4 5 70 71 72 73 74 75 76 77 78
(18,*) 0 1 2 3 4 5 6 7 8 9 10 11 12 13 14 15 16 17 19 20 21 43 44 45 46 47 48 49 50 51 52 53 54 55 56 57 58 59 60 61 62 63 0 1 2 3 4 5 70 71 72 73 74 75 76 77 78
(19,*) 0 1 2 3 4 5 6 7 8 9 10 11 12 13 14 15 16 17 18 20 21 43 44 45 46 47 48 49 50 51 52 53 54 55 56 57 58 59 60 61 62 63 0 1 2 3 4 5 70 71 72 73 74 75 76 77 78
(20,*) 0 1 2 3 4 5 6 7 8 9 10 11 12 13 14 15 16 17 18 19 21 43 44 45 46 47 48 49 50 51 52 53 54 55 56 57 58 59 60 61 62 63 0 1 2 3 4 5 70 71 72 73 74 75 76 77 78
(21,*) 0 1 2 3 4 5 6 7 8 9 10 11 12 13 14 15 16 17 18 19 20 43 44 45 46 47 48 49 50 51 52 53 54 55 56 57 58 59 60 61 62 63 0 1 2 3 4 5 70 71 72 73 74 75 76 77 78
(43,*) 0 1 2 3 4 5 6 7 8 9 10 11 12 13 14 15 16 17 18 19 20 21 44 45 46 47 48 49 50 51 52 53 54 55 56 57 58 59 60 61 62 63 0 1 2 3 4 5 70 71 72 73 74 75 76 77 78
(44,*) 0 1 2 3 4 5 6 7 8 9 10 11 12 13 14 15 16 17 18 19 20 21 43 45 46 47 48 49 50 51 52 53 54 55 56 57 58 59 60 61 62 63 0 1 2 3 4 5 70 71 72 73 74 75 76 77 78
(45,*) 0 1 2 3 4 5 6 7 8 9 10 11 12 13 14 15 16 17 18 19 20 21 43 44 46 47 48 49 50 51 52 53 54 55 56 57 58 59 60 61 62 63 0 1 2 3 4 5 70 71 72 73 74 75 76 77 78
(46,*) 0 1 2 3 4 5 6 7 8 9 10 11 12 13 14 15 16 17 18 19 20 21 43 44 45 47 48 49 50 51 52 53 54 55 56 57 58 59 60 61 62 63 0 1 2 3 4 5 70 71 72 73 74 75 76 77 78
(47,*) 0 1 2 3 4 5 6 7 8 9 10 11 12 13 14 15 16 17 18 19 20 21 43 44 45 46 48 49 50 51 52 53 54 55 56 57 58 59 60 61 62 63 0 1 2 3 4 5 70 71 72 73 74 75 76 77 78
(48,*) 0 1 2 3 4 5 6 7 8 9 10 11 12 13 14 15 16 17 18 19 20 21 43 44 45 46 47 49 50 51 52 53 54 55 56 57 58 59 60 61 62 63 0 1 2 3 4 5 70 71 72 73 74 75 76 77 78
(49,*) 0 1 2 3 4 5 6 7 8 9 10 11 12 13 14 15 16 17 18 19 20 21 43 44 45 46 47 48 50 51 52 53 54 55 56 57 58 59 60 61 62 63 0 1 2 3 4 5 70 71 72 73 74 75 76 77 78
(50,*) 0 1 2 3 4 5 6 7 8 9 10 11 12 13 14 15 16 17 18 19 20 21 43 44 45 46 47 48 49 51 52 53 54 55 56 57 58 59 60 61 62 63 0 1 2 3 4 5 70 71 72 73 74 75 76 77 78
(51,*) 0 1 2 3 4 5 6 7 8 9 10 11 12 13 14 15 16 17 18 19 20 21 43 44 45 46 47 48 49 50 52 53 54 55 56 57 58 59 60 61 62 63 0 1 2 3 4 5 70 71 72 73 74 75 76 77 78
(52,*) 0 1 2 3 4 5 6 7 8 9 10 11 12 13 14 15 16 17 18 19 20 21 43 44 45 46 47 48 49 50 51 53 54 55 56 57 58 59 60 61 62 63 0 1 2 3 4 5 70 71 72 73 74 75 76 77 78
(53,*) 0 1 2 3 4 5 6 7 8 9 10 11 12 13 14 15 16 17 18 19 20 21 43 44 45 46 47 48 49 50 51 52 54 55 56 57 58 59 60 61 62 63 0 1 2 3 4 5 70 71 72 73 74 75 76 77 78
(54,*) 0 1 2 3 4 5 6 7 8 9 10 11 12 13 14 15 16 17 18 19 20 21 43 44 45 46 47 48 49 50 51 52 53 55 56 57 58 59 60 61 62 63 0 1 2 3 4 5 70 71 72 73 74 75 76 77 78
(55,*) 0 1 2 3 4 5 6 7 8 9 10 11 12 13 14 15 16 17 18 19 20 21 43 44 45 46 47 48 49 50 51 52 53 54 56 57 58 59 60 61 62 63 0 1 2 3 4 5 70 71 72 73 74 75 76 77 78
(56,*) 0 1 2 3 4 5 6 7 8 9 10 11 12 13 14 15 16 17 18 19 20 21 43 44 45 46 47 48 49 50 51 52 53 54 55 57 58 59 60 61 62 63 0 1 2 3 4 5 70 71 72 73 74 75 76 77 78
(57,*) 0 1 2 3 4 5 6 7 8 9 10 11 12 13 14 15 16 17 18 19 20 21 43 44 45 46 47 48 49 50 51 52 53 54 55 56 58 59 60 61 62 63 0 1 2 3 4 5 70 71 72 73 74 75 76 77 78
(58,*) 0 1 2 3 4 5 6 7 8 9 10 11 12 13 14 15 16 17 18 19 20 21 43 44 45 46 47 48 49 50 51 52 53 54 55 56 57 59 60 61 62 63 0 1 2 3 4 5 70 71 72 73 74 75 76 77 78
(59,*) 0 1 2 3 4 5 6 7 8 9 10 11 12 13 14 15 16 17 18 19 20 21 43 44 45 46 47 48 49 50 51 52 53 54 55 56 57 58 60 61 62 63 0 1 2 3 4 5 70 71 72 73 74 75 76 77 78
(60,*) 0 1 2 3 4 5 6 7 8 9 10 11 12 13 14 15 16 17 18 19 20 21 43 44 45 46 47 48 49 50 51 52 53 54 55 56 57 58 59 61 62 63 0 1 2 3 4 5 70 71 72 73 74 75 76 77 78
(61,*) 0 1 2 3 4 5 6 7 8 9 10 11 12 13 14 15 16 17 18 19 20 21 43 44 45 46 47 48 49 50 51 52 53 54 55 56 57 58 59 60 62 63 0 1 2 3 4 5 70 71 72 73 74 75 76 77 78
(62,*) 0 1 2 3 4 5 6 7 8 9 10 11 12 13 14 15 16 17 18 19 20 21 43 44 45 46 47 48 49 50 51 52 53 54 55 56 57 58 59 60 61 63 0 1 2 3 4 5 70 71 72 73 74 75 76 77 78
(63,*) 0 1 2 3 4 5 6 7 8 9 10 11 12 13 14 15 16 17 18 19 20 21 43 44 45 46 47 48 49 50 51 52 53 54 55 56 57 58 59 60 61 62 0 1 2 3 4 5 70 71 72 73 74 75 76 77 78
(0,*) 2 3 4 5 6 7 8 9 10 11 12 13 14 15 16 17 18 19 20 21 43 44 45 46 47 48 49 50 51 52 53 54 55 56 57 58 59 60 61 62 63 2 3 4 5 70 71 72 73 74 75 76 77 78
(1,*) 2 3 4 5 6 7 8 9 10 11 12 13 14 15 16 17 18 19 20 21 43 44 45 46 47 48 49 50 51 52 53 54 55 56 57 58 59 60 61 62 63 2 3 4 5 70 71 72 73 74 75 76 77 78
(2,*) 0 1 4 5 6 7 8 9 10 11 12 13 14 15 16 17 18 19 20 21 43 44 45 46 47 48 49 50 51 52 53 54 55 56 57 58 59 60 61 62 63 0 1 4 5 70 71 72 73 74 75 76 77 78
(3,*) 0 1 4 5 6 7 8 9 10 11 12 13 14 15 16 17 18 19 20 21 43 44 45 46 47 48 49 50 51 52 53 54 55 56 57 58 59 60 61 62 63 0 1 4 5 70 71 72 73 74 75 76 77 78
(4,*) 0 1 2 3 5 6 7 8 9 10 11 12 13 14 15 16 17 18 19 20 21 43 44 45 46 47 48 49 50 51 52 53 54 55 56 57 58 59 60 61 62 63 0 1 2 3 5 70 71 72 73 74 75 76 77 78
(5,*) 0 1 2 3 4 6 7 8 9 10 11 12 13 14 15 16 17 18 19 20 21 43 44 45 46 47 48 49 50 51 52 53 54 55 56 57 58 59 60 61 62 63 0 1 2 3 4 70 71 72 73 74 75 76 77 78
(70,*) 0 1 2 3 4 5 6 7 8 9 10 11 12 13 14 15 16 17 18 19 20 21 43 44 45 46 47 48 49 50 51 52 53 54 55 56 57 58 59 60 61 62 63 0 1 2 3 4 5 71 72 73 74 75 76 77 78
(71,*) 0 1 2 3 4 5 6 7 8 9 10 11 12 13 14 15 16 17 18 19 20 21 43 44 45 46 47 48 49 50 51 52 53 54 55 56 57 58 59 60 61 62 63 0 1 2 3 4 5 70 72 73 74 75 76 77 78
(72,*) 0 1 2 3 4 5 6 7 8 9 10 11 12 13 14 15 16 17 18 19 20 21 43 44 45 46 47 48 49 50 51 52 53 54 55 56 57 58 59 60 61 62 63 0 1 2 3 4 5 70 71 73 74 75 76 77 78
(73,*) 0 1 2 3 4 5 6 7 8 9 10 11 12 13 14 15 16 17 18 19 20 21 43 44 45 46 47 48 49 50 51 52 53 54 55 56 57 58 59 60 61 62 63 0 1 2 3 4 5 70 71 72 74 75 76 77 78
(74,*) 0 1 2 3 4 5 6 7 8 9 10 11 12 13 14 15 16 17 18 19 20 21 43 44 45 46 47 48 49 50 51 52 53 54 55 56 57 58 59 60 61 62 63 0 1 2 3 4 5 70 71 72 73 75 76 77 78
(75,*) 0 1 2 3 4 5 6 7 8 9 10 11 12 13 14 15 16 17 18 19 20 21 43 44 45 46 47 48 49 50 51 52 53 54 55 56 57 58 59 60 61 62 63 0 1 2 3 4 5 70 71 72 73 74 76 77 78
(76,*) 0 1 2 3 4 5 6 7 8 9 10 11 12 13 14 15 16 17 18 19 20 21 43 44 45 46 47 48 49 50 51 52 53 54 55 56 57 58 59 60 61 62 63 0 1 2 3 4 5 70 71 72 73 74 75 77 78
(77,*) 0 1 2 3 4 5 6 7 8 9 10 11 12 13 14 15 16 17 18 19 20 21 43 44 45 46 47 48 49 50 51 52 53 54 55 56 57 58 59 60 61 62 63 0 1 2 3 4 5 70 71 72 73 74 75 76 78
(78,*) 0 1 2 3 4 5 6 7 8 9 10 11 12 13 14 15 16 17 18 19 20 21 43 44 45 46 47 48 49 50 51 52 53 54 55 56 57 58 59 60 61 62 63 0 1 2 3 4 5 70 71 72 73 74 75 76 77
;
set A2:=
(0,*) 1
(1,*) 0
(2,*) 3
(3,*) 2
;
param BigM:=99999;
param n:= 9;
param d:=
1	23
2	24
3	17
4	2
5	18
6	8
7	16
8	16
9	5
10	26
11	8
12	19
13	2
14	17
15	7
16	26
17	24
18	18
19	11
20	12
21	54
22	15
23	23
24	1
25	4
26	9
27	13
28	16
29	4
30	23
31	8
32	26
33	2
34	8
35	8
36	16
37	4
38	19
39	22
40	9
41	15
42	8
43	10
44	5
45	23
46	4
47	18
48	26
49	5
50	21
51	23
52	8
53	12
54	3
55	3
56	5
57	8
58	12
59	19
60	5
61	8
62	19
63	5
;
param Q:=100;
param w:=
[0,*] 1 0.5
[1,*] 0 0.5
[2,*] 3 0.5
[3,*] 2 0.5
;
param V:=
[0,*] 1 94
[1,*] 0 94
[2,*] 3 96
[3,*] 2 96
;
param e:
	0	1	2	3	4	5	70	71	72	73	74	75	76	77	78:=
22	0	0	0	0	0	0	0	0	0	0	0	0	0	0	0	
23	0	0	0	0	0	0	0	0	0	0	0	0	0	0	0	
24	0	0	0	0	0	0	0	0	0	0	0	0	0	0	0	
25	0	0	0	0	0	0	0	0	0	0	0	0	0	0	0	
26	0	0	0	0	0	0	0	0	0	0	0	0	0	0	0	
27	0	0	0	0	0	0	0	0	0	0	0	0	0	0	0	
28	0	0	0	0	0	0	0	0	0	0	0	0	0	0	0	
29	0	0	0	0	0	0	1	0	0	0	0	0	0	0	0	
30	0	0	0	0	0	0	0	0	0	0	0	0	0	0	0	
31	0	0	0	0	0	0	0	0	0	0	0	0	0	0	0	
32	0	0	0	0	0	0	0	1	0	0	0	0	0	0	0	
33	0	0	0	0	0	0	0	0	0	0	0	0	0	0	0	
34	0	0	0	0	0	0	0	0	0	0	0	0	0	0	0	
35	0	0	0	0	0	0	0	0	0	0	0	0	0	0	0	
36	0	0	0	0	0	0	0	0	0	0	0	0	0	0	0	
37	0	0	0	0	0	0	0	0	0	0	0	0	0	0	0	
38	0	0	0	0	0	0	0	1	0	0	0	0	0	0	0	
39	0	0	0	0	0	0	0	0	0	0	0	0	0	0	0	
40	0	0	0	0	0	0	0	0	1	0	0	0	0	0	0	
41	0	0	0	0	0	0	0	0	0	0	0	0	0	0	0	
42	0	0	0	0	0	0	1	0	0	0	0	0	0	0	0	
43	0	0	0	0	0	0	0	0	0	0	0	0	0	0	0	
44	0	0	0	0	0	0	0	0	1	0	0	0	0	0	0	
45	0	0	0	0	0	0	0	0	1	0	0	0	0	0	0	
46	0	0	0	0	0	0	0	0	0	0	0	0	0	0	0	
47	0	0	0	0	0	0	0	0	0	0	0	0	0	0	0	
48	0	0	0	0	0	0	1	1	1	0	0	0	0	0	0	
49	0	0	0	0	0	0	0	0	0	0	0	0	0	0	0	
50	0	0	0	0	0	0	0	0	0	0	0	0	0	0	0	
51	0	0	0	0	0	0	0	0	0	0	0	0	0	0	0	
52	0	0	0	0	0	0	1	0	1	0	0	0	0	0	0	
53	0	0	0	0	0	0	1	1	1	0	0	0	0	0	0	
54	0	0	0	0	0	0	0	0	0	0	0	0	0	0	0	
55	0	0	0	0	0	0	0	0	0	0	0	0	0	0	0	
56	0	0	0	0	0	0	0	0	0	0	0	0	0	0	0	
57	0	0	0	0	0	0	1	0	0	0	0	0	0	0	0	
58	0	0	0	0	0	0	0	0	0	0	0	0	0	0	0	
59	0	0	0	0	0	0	0	0	1	0	0	0	0	0	0	
60	0	0	0	0	0	0	0	0	0	0	0	0	0	0	0	
61	0	0	0	0	0	0	1	0	1	0	0	0	0	0	0	
62	0	0	0	0	0	0	0	0	1	0	0	0	0	0	0	
63	0	0	0	0	0	0	0	0	1	0	0	0	0	0	0	
;
param p:=
1	3
2	3
3	3
4	3
5	3
6	3
7	3
8	3
9	3
;
param G:=
0	76
1	94
2	96
3	81
4	84
5	95
70	77
71	91
72	95
73	91
74	90
75	89
76	97
77	86
78	98
;
param s:=
0	0
1	15
2	15
3	15
4	15
5	15
6	15
7	15
8	15
9	15
10	15
11	15
12	15
13	15
14	15
15	15
16	15
17	15
18	15
19	15
20	15
21	15
43	15
44	15
45	15
46	15
47	15
48	15
49	15
50	15
51	15
52	15
53	15
54	15
55	15
56	15
57	15
58	15
59	15
60	15
61	15
62	15
63	15
0	10
1	10
2	10
3	10
4	10
5	10
70	10
71	10
72	10
73	10
74	10
75	10
76	10
77	10
78	10
;
param t:
	0	1	2	3	4	5	6	7	8	9	10	11	12	13	14	15	16	17	18	19	20	21	22	23	24	25	26	27	28	29	30	31	32	33	34	35	36	37	38	39	40	41	42	43	44	45	46	47	48	49	50	51	52	53	54	55	56	57	58	59	60	61	62	63	64	65	66	67	68	69	70	71	72	73	74	75	76	77	78:=
0	0.0	68.12	76.24	5.66	50.16	43.86	34.99	50.16	21.63	79.12	29.73	86.28	42.38	99.54	38.0	63.81	87.36	50.99	27.78	70.68	49.19	48.7	96.0	48.37	108.76	75.29	61.74	35.38	46.69	95.27	62.8	59.23	58.14	67.94	47.54	61.61	88.57	77.67	33.53	76.0	74.67	88.02	88.57	62.48	12.81	69.43	75.15	59.67	50.64	86.28	69.34	22.8	57.69	60.53	99.54	22.63	87.82	31.62	91.76	78.0	31.24	45.65	49.52	75.29	21.38	93.01	63.63	74.22	58.52	31.4	59.62	41.0	57.01	44.91	69.34	56.44	49.24	46.39	56.86
1	68.12	0.0	8.25	64.0	18.0	47.2	43.91	78.82	57.72	19.7	40.45	58.55	64.9	41.62	30.27	60.46	25.61	18.97	60.83	34.23	35.38	25.06	28.28	32.8	59.09	26.31	66.84	46.52	22.36	56.32	82.02	12.81	34.0	45.69	27.2	12.81	36.06	21.54	36.5	8.94	22.09	20.1	24.41	52.15	59.23	44.94	36.0	51.61	18.44	56.32	61.77	55.79	34.41	8.94	41.62	55.71	40.79	44.27	36.06	26.31	55.57	33.29	46.69	18.44	68.71	51.48	62.43	22.36	70.04	48.76	23.02	30.87	38.6	27.29	35.44	16.28	21.19	24.17	24.84
2	76.24	8.25	0.0	72.03	26.08	52.84	51.88	84.38	65.12	16.0	48.17	58.24	70.71	35.78	38.47	63.78	19.7	26.31	68.88	37.95	42.52	31.62	20.88	38.47	54.41	28.28	70.71	53.14	30.07	54.04	86.56	18.97	40.0	47.71	34.99	17.89	32.25	22.0	44.18	6.0	20.88	12.65	20.0	55.32	67.47	46.65	38.83	55.17	26.08	55.79	64.4	63.15	38.21	16.12	35.78	63.91	38.0	51.42	34.18	24.33	63.53	39.4	51.61	16.49	76.9	49.01	65.86	24.33	74.41	56.8	27.02	39.0	42.45	35.34	36.72	23.85	28.44	32.31	29.41
3	5.66	64.0	72.03	0.0	46.0	38.21	34.06	46.0	16.12	74.22	24.74	80.62	37.36	94.34	34.23	58.31	82.46	46.39	29.73	68.96	47.71	43.68	92.09	42.94	103.25	72.8	56.46	29.73	42.19	89.64	58.31	54.59	56.6	62.29	44.94	56.89	83.26	74.73	28.64	72.11	69.57	84.02	85.16	56.85	13.42	63.78	73.43	54.04	46.17	80.62	63.81	17.2	52.15	56.14	94.34	23.32	82.37	26.08	89.2	72.8	32.25	40.25	43.86	70.34	25.0	87.42	58.18	71.47	53.45	31.14	54.42	38.28	51.4	42.06	63.81	53.15	44.55	43.17	51.62
4	50.16	18.0	26.08	46.0	0.0	34.41	29.73	65.05	40.5	31.62	22.8	58.86	50.91	54.04	12.65	52.5	39.45	6.0	45.61	36.77	26.68	12.65	46.17	21.54	68.41	34.06	57.27	31.24	5.66	60.93	70.46	11.31	30.07	42.0	16.49	14.14	45.34	32.8	18.97	26.31	29.73	38.05	40.5	45.12	41.76	42.05	40.25	43.68	4.0	57.27	55.32	38.63	28.07	10.77	54.04	39.45	47.71	27.78	48.41	34.06	41.04	20.59	35.78	28.43	52.35	56.8	54.08	31.11	59.17	33.97	19.65	16.4	31.4	14.32	34.93	12.53	7.28	10.77	19.1
5	43.86	47.2	52.84	38.21	34.41	0.0	50.0	31.62	22.8	47.07	22.09	42.43	17.89	62.29	32.98	22.36	54.59	29.73	58.24	70.71	55.79	22.63	73.35	14.42	67.23	68.41	24.33	8.94	28.84	52.15	36.06	34.41	62.03	24.41	46.82	34.99	50.36	66.48	22.09	56.04	40.45	65.3	71.61	18.87	44.72	26.08	74.43	16.12	31.24	42.52	27.2	21.26	18.0	38.42	62.29	50.0	47.54	14.56	82.02	42.05	56.89	14.14	5.66	43.17	59.03	50.54	23.09	65.3	25.08	51.24	26.57	42.2	15.3	43.32	28.64	46.87	27.66	41.23	23.77
6	34.99	43.91	51.88	34.06	29.73	50.0	0.0	72.8	40.25	60.96	28.07	85.44	60.17	83.55	19.7	72.11	68.41	34.41	17.09	36.06	14.56	37.58	68.41	43.68	98.08	42.19	74.11	42.19	30.53	89.55	82.46	41.04	23.41	67.05	17.09	43.86	75.07	46.04	28.07	49.4	59.46	61.35	58.55	66.75	22.36	67.68	40.5	64.5	32.8	84.31	76.42	39.4	53.14	39.7	83.55	14.14	77.2	36.22	58.55	63.78	11.66	41.23	54.15	58.0	26.17	85.76	73.03	42.0	73.68	5.1	48.02	13.45	55.08	16.64	62.61	28.23	34.13	20.0	46.53
7	50.16	78.82	84.38	46.0	65.05	31.62	72.8	0.0	32.98	77.25	46.65	57.27	14.14	88.81	60.46	30.27	84.12	60.96	74.67	100.0	82.37	54.04	104.71	46.04	88.36	99.04	22.8	34.06	59.4	70.71	13.42	66.03	89.89	46.17	74.89	66.57	76.94	97.67	48.83	87.66	70.23	96.75	103.23	36.06	58.31	48.17	104.02	34.23	62.29	58.86	34.93	33.53	47.54	70.0	88.81	67.08	72.25	38.83	113.28	70.88	75.71	45.61	33.11	73.54	71.0	71.18	28.44	96.17	16.76	72.12	57.71	69.12	43.66	71.28	55.32	77.16	58.8	70.0	55.07
8	21.63	57.72	65.12	16.12	40.5	22.8	40.25	32.98	0.0	64.12	17.89	65.12	22.09	82.46	31.62	42.19	72.25	38.83	42.05	70.77	51.22	34.06	85.91	30.59	89.44	72.11	40.5	15.23	35.44	74.89	44.05	46.39	59.46	47.2	45.34	48.17	70.88	72.47	21.54	66.48	58.55	77.67	80.99	41.04	26.08	48.83	75.07	38.21	39.29	65.3	47.71	2.0	38.63	49.03	82.46	34.23	69.08	14.0	87.82	61.19	42.76	28.28	28.43	60.13	39.81	73.06	42.06	69.97	37.85	39.22	43.29	38.9	37.12	41.87	50.16	50.61	36.67	41.62	40.31
9	79.12	19.7	16.0	74.22	31.62	47.07	60.96	77.25	64.12	0.0	49.48	43.08	64.56	22.63	43.91	52.8	8.25	28.64	77.2	53.37	54.41	30.59	29.73	34.06	39.4	44.18	60.46	50.04	33.11	38.05	77.18	20.59	53.67	35.38	45.34	17.89	16.49	38.0	45.61	22.0	7.21	23.32	34.18	44.41	72.5	33.94	54.59	44.94	29.53	40.5	52.35	62.13	29.73	21.26	22.63	71.02	22.0	50.16	49.48	8.94	72.47	36.0	44.27	4.0	83.86	33.02	55.0	40.2	65.0	65.44	21.02	47.51	33.62	44.55	24.08	35.23	30.08	41.04	24.02
10	29.73	40.45	48.17	24.74	22.8	22.09	28.07	46.65	17.89	49.48	0.0	61.06	33.11	69.86	14.14	44.41	57.72	22.0	36.77	53.81	35.78	18.97	68.73	19.8	80.0	54.41	46.04	14.14	18.11	67.94	55.03	30.07	43.27	42.19	28.43	32.25	59.06	54.59	4.0	49.03	44.94	60.53	63.25	39.85	25.46	43.27	58.0	37.36	22.09	60.46	49.03	16.12	29.73	32.06	69.86	28.64	58.82	8.25	69.97	48.33	34.93	16.97	26.68	45.61	39.2	65.07	45.18	52.15	45.71	29.15	29.97	22.47	30.23	24.84	41.04	32.76	20.02	24.08	27.29
11	86.28	58.55	58.24	80.62	58.86	42.43	85.44	57.27	65.12	43.08	61.06	0.0	50.99	40.0	65.79	27.2	44.94	52.95	97.53	92.09	85.51	48.08	71.69	42.05	32.25	84.85	34.53	50.99	55.79	14.14	50.0	50.04	88.36	18.87	75.31	48.0	31.24	79.62	59.06	64.03	37.36	66.21	77.25	24.41	86.02	17.89	94.34	27.2	54.92	2.83	22.36	63.66	32.31	54.0	40.0	89.55	24.08	55.61	92.35	34.18	94.85	44.72	36.77	41.76	100.12	16.55	28.86	80.89	40.61	88.24	39.32	73.76	30.89	72.78	24.08	69.12	52.39	69.43	39.81
12	42.38	64.9	70.71	37.36	50.91	17.89	60.17	14.14	22.09	64.56	33.11	50.99	0.0	78.03	46.65	24.41	71.81	46.86	64.0	86.02	68.88	40.0	91.24	32.25	80.05	84.9	20.0	20.0	45.25	63.25	22.36	52.15	76.16	36.5	61.06	52.84	66.03	83.55	34.99	73.78	57.72	83.19	89.31	27.2	48.17	38.47	90.0	24.74	48.17	52.0	30.0	22.0	34.93	56.04	78.03	56.04	62.13	25.06	99.16	58.86	64.28	31.62	20.4	60.73	61.81	62.82	23.43	82.02	16.16	60.02	44.38	55.47	31.4	57.45	44.05	63.03	44.69	56.04	41.63
13	99.54	41.62	35.78	94.34	54.04	62.29	83.55	88.81	82.46	22.63	69.86	40.0	78.03	0.0	66.03	60.17	16.12	50.48	99.64	73.54	76.84	50.99	38.21	51.92	20.0	63.25	68.41	67.47	54.92	28.43	85.44	42.8	75.47	42.76	67.94	40.0	12.0	56.32	66.21	41.23	25.06	36.22	48.17	52.95	94.02	40.79	74.0	54.59	51.61	37.2	57.58	80.52	44.41	43.86	0.0	93.23	17.09	68.96	64.12	21.54	95.02	54.41	58.03	25.61	105.95	24.04	62.36	59.46	73.98	87.97	39.92	70.09	47.1	67.18	34.0	57.63	51.62	63.66	42.72
14	38.0	30.27	38.47	34.23	12.65	32.98	19.7	60.46	31.62	43.91	14.14	65.79	46.65	66.03	0.0	54.15	51.88	15.62	33.94	39.7	22.8	17.89	58.0	24.33	79.25	40.5	57.27	26.83	11.31	69.97	68.03	23.32	29.53	47.54	14.42	26.08	56.64	41.23	11.66	38.0	41.23	50.04	50.99	48.04	29.12	48.08	43.86	46.0	14.42	64.62	58.0	30.0	33.53	23.41	66.03	27.2	58.14	21.63	56.36	45.34	30.0	22.09	36.22	40.5	39.96	66.29	55.33	38.47	57.87	23.02	28.6	9.22	35.69	10.82	42.94	19.31	14.87	10.0	26.93
15	63.81	60.46	63.78	58.31	52.5	22.36	72.11	30.27	42.19	52.8	44.41	27.2	24.41	60.17	54.15	0.0	58.31	46.82	80.52	89.2	76.66	39.85	82.22	31.05	58.14	84.97	8.25	31.05	47.54	40.45	25.3	48.37	82.0	17.89	67.08	47.71	48.7	81.63	44.05	68.41	45.61	74.97	83.74	8.49	66.48	19.7	92.48	8.94	48.7	28.64	5.66	41.18	26.08	52.84	60.17	72.28	43.17	36.88	96.52	44.94	79.25	32.56	18.0	49.68	80.78	41.01	2.24	81.41	14.04	73.55	37.44	63.29	21.95	63.79	28.84	64.85	45.22	61.19	35.85
16	87.36	25.61	19.7	82.46	39.45	54.59	68.41	84.12	72.25	8.25	57.72	44.94	71.81	16.12	51.88	58.31	0.0	36.77	84.88	57.58	60.96	38.83	26.83	42.0	34.93	47.54	66.24	58.0	41.23	37.36	83.19	28.64	59.36	40.5	52.35	26.0	14.56	40.79	53.85	25.3	14.14	22.36	34.23	50.12	80.62	38.83	58.24	50.99	37.58	42.19	57.2	70.26	36.88	28.84	16.12	78.89	21.54	58.31	50.16	13.42	80.0	44.05	51.42	12.17	91.79	32.28	60.54	43.68	71.11	73.01	29.02	55.0	40.52	51.86	29.53	41.77	38.28	48.41	32.02
17	50.99	18.97	26.31	46.39	6.0	29.73	34.41	60.96	38.83	28.64	22.0	52.95	46.86	50.48	15.62	46.82	36.77	0.0	49.52	42.38	32.56	7.21	47.07	16.12	63.78	38.83	51.88	27.78	4.47	55.46	65.6	8.25	36.06	36.0	22.36	10.77	41.04	36.77	18.0	27.86	25.61	38.83	42.94	39.29	43.86	36.06	45.69	37.95	2.0	51.42	49.48	36.88	22.09	10.2	50.48	42.8	42.8	25.3	52.35	29.73	45.34	15.62	30.53	25.06	55.47	51.48	48.47	35.61	54.08	38.29	13.93	21.47	25.5	19.92	29.12	18.03	2.24	16.49	13.15
18	27.78	60.83	68.88	29.73	45.61	58.24	17.09	74.67	42.05	77.2	36.77	97.53	64.0	99.64	33.94	80.52	84.88	49.52	0.0	50.36	30.07	51.22	85.44	55.57	113.17	58.03	80.89	49.48	45.25	103.23	86.09	56.85	38.05	78.71	34.18	59.67	90.55	62.51	38.47	66.48	75.07	78.43	75.31	76.55	16.49	79.65	54.59	74.0	48.17	96.75	85.44	42.0	65.51	56.04	99.64	8.25	92.02	43.68	74.03	79.25	6.0	52.84	63.25	74.03	10.44	99.81	81.02	58.31	79.23	12.08	62.37	30.02	66.65	33.54	76.03	45.31	48.8	36.72	60.44
19	70.68	34.23	37.95	68.96	36.77	70.71	36.06	100.0	70.77	53.37	53.81	92.09	86.02	73.54	39.7	89.2	57.58	42.38	50.36	0.0	21.54	49.4	43.86	58.31	92.35	11.31	94.02	66.03	42.05	90.55	106.68	42.43	12.65	77.28	25.46	44.18	69.86	18.44	51.22	32.31	56.32	40.0	31.24	81.61	58.31	76.94	4.47	80.32	40.5	90.02	91.76	69.31	64.03	38.21	73.54	50.0	74.97	61.22	24.33	60.53	44.41	57.27	72.5	52.61	60.67	85.71	90.82	14.42	95.71	40.52	53.76	31.89	67.72	29.0	68.26	24.35	44.01	30.0	54.34
20	49.19	35.38	42.52	47.71	26.68	55.79	14.56	82.37	51.22	54.41	35.78	85.51	68.88	76.84	22.8	76.66	60.96	32.56	30.07	21.54	0.0	38.05	56.46	46.04	93.3	28.0	80.05	49.4	30.07	87.32	90.62	36.77	8.94	68.26	10.2	39.4	69.97	32.56	34.18	38.83	54.59	50.12	45.61	70.11	36.77	68.47	26.0	68.26	30.59	83.95	80.22	50.0	54.15	34.0	76.84	28.64	73.35	43.86	44.18	59.06	24.08	44.18	58.86	52.15	40.01	83.01	77.93	28.28	80.65	19.24	46.32	13.6	57.01	13.0	61.61	19.21	33.24	16.12	45.71
21	48.7	25.06	31.62	43.68	12.65	22.63	37.58	54.04	34.06	30.59	18.97	48.08	40.0	50.99	17.89	39.85	38.83	7.21	51.22	49.4	38.05	0.0	52.5	8.94	62.29	46.04	44.72	21.54	8.0	52.15	58.41	12.65	42.43	30.27	28.0	14.14	40.5	43.86	15.23	34.0	26.0	44.27	49.4	32.56	43.27	30.59	52.8	31.05	8.94	46.82	42.76	32.06	16.12	16.12	50.99	43.86	41.04	20.1	59.4	29.53	47.71	8.49	23.32	26.68	55.97	48.6	41.44	42.8	46.87	40.82	11.4	25.71	19.03	25.08	25.06	25.08	5.39	22.0	9.22
22	96.0	28.28	20.88	92.09	46.17	73.35	68.41	104.71	85.91	29.73	68.73	71.69	91.24	38.21	58.0	82.22	26.83	47.07	85.44	43.86	56.46	52.5	0.0	59.09	58.14	32.56	89.64	74.0	50.64	63.91	106.02	39.85	51.11	65.05	51.42	38.63	41.23	25.61	64.78	20.0	36.77	8.25	12.81	73.76	86.37	63.66	42.52	74.03	46.69	68.96	82.02	83.95	57.69	36.88	38.21	81.58	48.33	72.28	27.2	38.42	79.7	60.17	71.69	32.56	94.37	58.87	84.39	30.0	93.81	73.5	47.01	56.72	61.85	52.77	53.74	40.61	49.24	50.36	49.65
23	48.37	32.8	38.47	42.94	21.54	14.42	43.68	46.04	30.59	34.06	19.8	42.05	32.25	51.92	24.33	31.05	42.0	16.12	55.57	58.31	46.04	8.94	59.09	0.0	60.46	54.92	35.78	16.0	16.49	48.17	49.68	20.0	50.99	23.41	36.22	20.59	40.5	52.5	17.2	41.62	28.07	50.99	57.2	24.08	45.25	24.17	61.74	22.36	17.89	41.18	34.23	28.64	10.0	24.08	51.92	47.71	39.45	17.09	67.94	30.59	52.8	2.83	14.42	30.07	58.9	45.28	32.57	51.61	38.01	46.24	13.04	33.06	11.4	33.06	21.26	34.01	14.32	30.27	10.05
24	108.76	59.09	54.41	103.25	68.41	67.23	98.08	88.36	89.44	39.4	80.0	32.25	80.05	20.0	79.25	58.14	34.93	63.78	113.17	92.35	93.3	62.29	58.14	60.46	0.0	82.46	66.03	74.24	67.94	18.11	82.1	57.2	93.04	43.68	83.76	54.41	23.32	75.71	76.84	60.17	38.83	56.14	68.12	52.95	105.26	41.76	93.15	55.32	65.3	30.07	54.0	87.66	51.11	59.36	20.0	106.08	21.26	77.18	84.1	34.41	109.12	63.25	62.03	41.18	118.26	17.26	60.07	78.59	72.06	102.07	50.93	84.81	52.33	82.42	39.45	74.3	64.38	78.82	53.15
25	75.29	26.31	28.28	72.8	34.06	68.41	42.19	99.04	72.11	44.18	54.41	84.85	84.9	63.25	40.5	84.97	47.54	38.83	58.03	11.31	28.0	46.04	32.56	54.92	82.46	0.0	90.55	65.05	39.7	82.02	104.4	36.77	20.4	71.47	27.86	37.95	60.53	7.21	51.22	22.36	48.04	28.84	20.0	76.97	63.56	70.88	10.77	76.03	37.2	82.61	86.93	70.46	59.09	32.31	63.25	56.32	66.12	60.96	16.49	52.0	52.04	54.41	69.34	44.0	68.01	77.06	86.77	4.0	92.91	47.1	48.1	34.54	63.07	30.87	61.61	21.93	40.8	30.53	49.24
26	61.74	66.84	70.71	56.46	57.27	24.33	74.11	22.8	40.5	60.46	46.04	34.53	20.0	68.41	57.27	8.25	66.24	51.88	80.89	94.02	80.05	44.72	89.64	35.78	66.03	90.55	0.0	32.0	52.0	48.17	17.09	54.41	86.02	26.0	70.88	54.04	56.92	87.66	46.39	75.07	53.25	82.22	90.55	16.12	65.97	27.86	97.51	15.62	53.67	36.22	12.17	39.85	32.56	58.82	68.41	72.69	51.42	38.0	102.8	52.84	80.22	36.77	21.54	57.2	80.08	49.01	6.08	87.13	6.08	75.01	43.93	66.49	28.32	67.45	36.72	69.78	50.09	65.15	42.01
27	35.38	46.52	53.14	29.73	31.24	8.94	42.19	34.06	15.23	50.04	14.14	50.99	20.0	67.47	26.83	31.05	58.0	27.78	49.48	66.03	49.4	21.54	74.0	16.0	74.24	65.05	32.0	0.0	25.61	60.0	41.23	34.18	56.36	32.56	41.18	35.44	55.79	64.03	15.23	55.46	44.05	65.79	70.71	27.78	35.78	34.06	70.0	25.06	28.84	50.91	36.06	13.42	23.41	37.58	67.47	41.23	53.85	6.0	79.65	46.39	48.37	14.14	14.42	46.04	50.09	57.98	31.58	62.29	31.58	43.01	29.02	35.85	21.95	37.59	34.93	43.14	25.55	36.06	26.02
28	46.69	22.36	30.07	42.19	5.66	28.84	30.53	59.4	35.44	33.11	18.11	55.79	45.25	54.92	11.31	47.54	41.23	4.47	45.25	42.05	30.07	8.0	50.64	16.49	67.94	39.7	52.0	25.61	0.0	59.06	64.9	12.65	34.53	38.21	20.0	15.23	45.34	38.42	14.14	31.05	30.0	42.43	45.69	40.45	39.4	38.47	45.65	38.83	4.0	54.41	50.64	33.53	24.08	14.0	54.92	38.42	46.86	22.36	54.04	34.06	41.23	15.23	30.46	29.53	51.04	55.23	49.04	36.77	53.71	34.21	17.49	18.03	27.02	17.12	32.31	18.03	3.61	14.0	16.16
29	95.27	56.32	54.04	89.64	60.93	52.15	89.55	70.71	74.89	38.05	67.94	14.14	63.25	28.43	69.97	40.45	37.36	55.46	103.23	90.55	87.32	52.15	63.91	48.17	18.11	82.02	48.17	60.0	59.06	0.0	64.03	50.6	88.77	27.78	77.25	48.08	22.8	76.03	65.3	60.03	34.23	59.67	71.39	36.06	93.38	26.08	92.2	38.63	57.27	12.0	36.06	73.24	38.21	53.85	28.43	95.6	16.12	63.78	87.13	30.07	99.86	50.99	46.65	38.05	107.06	5.1	42.3	78.03	54.23	92.96	41.59	76.92	38.29	75.24	27.2	69.38	55.47	71.69	43.05
30	62.8	82.02	86.56	58.31	70.46	36.06	82.46	13.42	44.05	77.18	55.03	50.0	22.36	85.44	68.03	25.3	83.19	65.6	86.09	106.68	90.62	58.41	106.02	49.68	82.1	104.4	17.09	41.23	64.9	64.03	0.0	69.31	97.51	43.08	82.29	69.31	74.0	102.18	56.46	90.55	69.97	98.41	106.15	33.11	70.0	44.94	110.45	32.25	67.2	52.04	28.28	44.18	48.41	73.59	85.44	78.23	68.41	46.82	117.59	69.77	86.58	50.0	35.38	73.78	83.22	65.38	23.09	101.21	12.21	82.38	59.55	77.08	44.2	78.72	53.67	82.93	63.6	76.94	57.31
31	59.23	12.81	18.97	54.59	11.31	34.41	41.04	66.03	46.39	20.59	30.07	50.04	52.15	42.8	23.32	48.37	28.64	8.25	56.85	42.43	36.77	12.65	39.85	20.0	57.2	36.77	54.41	34.18	12.65	50.6	69.31	0.0	38.47	34.93	26.83	2.83	34.06	33.29	26.08	21.63	18.44	31.62	37.2	40.25	52.0	34.53	45.12	39.45	8.94	48.17	50.16	44.41	22.36	4.47	42.8	50.48	36.72	32.56	48.41	22.8	52.35	20.59	33.94	17.2	63.29	46.24	50.25	33.11	57.38	45.28	11.4	27.66	26.42	25.24	26.0	19.1	10.05	21.63	12.53
32	58.14	34.0	40.0	56.6	30.07	62.03	23.41	89.89	59.46	53.67	43.27	88.36	76.16	75.47	29.53	82.0	59.36	36.06	38.05	12.65	8.94	42.43	51.11	50.99	93.04	20.4	86.02	56.36	34.53	88.77	97.51	38.47	0.0	72.03	15.23	40.79	69.86	26.0	41.18	35.38	55.03	45.61	39.4	74.97	45.69	72.0	17.09	73.35	34.06	86.58	85.16	58.14	58.14	34.93	75.47	37.36	74.0	51.11	36.0	59.46	32.06	49.48	64.56	52.0	48.26	84.2	83.43	21.54	87.09	27.89	49.09	20.81	61.4	18.79	64.28	19.42	37.22	20.88	49.0
33	67.94	45.69	47.71	62.29	42.0	24.41	67.05	46.17	47.2	35.38	42.19	18.87	36.5	42.76	47.54	17.89	40.5	36.0	78.71	77.28	68.26	30.27	65.05	23.41	43.68	71.47	26.0	32.56	38.21	27.78	43.08	34.93	72.03	0.0	58.14	33.53	31.05	67.23	40.25	52.84	28.28	58.14	67.68	10.2	67.2	2.0	80.05	12.0	38.0	18.44	16.97	45.61	14.14	39.29	42.76	70.71	26.08	36.88	81.41	27.2	76.16	26.0	18.87	32.56	81.27	26.57	20.12	67.68	31.32	69.64	23.54	55.9	12.08	55.33	11.31	53.34	35.06	52.15	23.09
34	47.54	27.2	34.99	44.94	16.49	46.82	17.09	74.89	45.34	45.34	28.43	75.31	61.06	67.94	14.42	67.08	52.35	22.36	34.18	25.46	10.2	28.0	51.42	36.22	83.76	27.86	70.88	41.18	20.0	77.25	82.29	26.83	15.23	58.14	0.0	29.53	60.46	30.27	26.08	32.31	44.94	44.27	42.05	60.3	36.22	58.31	29.73	58.55	20.4	73.76	70.46	43.86	44.05	24.41	67.94	30.27	63.53	36.06	44.27	49.4	28.64	34.53	49.48	42.8	42.95	73.01	68.45	26.68	71.87	22.14	36.14	6.71	47.01	3.61	51.42	11.18	23.09	6.0	35.51
35	61.61	12.81	17.89	56.89	14.14	34.99	43.86	66.57	48.17	17.89	32.25	48.0	52.84	40.0	26.08	47.71	26.0	10.77	59.67	44.18	39.4	14.14	38.63	20.59	54.41	37.95	54.04	35.44	15.23	48.08	69.31	2.83	40.79	33.53	29.53	0.0	31.24	34.0	28.28	21.26	15.62	30.46	36.88	39.45	54.63	32.98	46.69	38.83	11.66	46.04	49.19	46.17	21.63	6.0	40.0	53.25	34.0	34.23	48.83	20.0	55.17	21.54	34.06	14.42	66.04	43.66	49.65	34.18	57.28	48.1	10.3	30.48	25.81	28.02	24.08	21.38	12.37	24.41	12.04
36	88.57	36.06	32.25	83.26	45.34	50.36	75.07	76.94	70.88	16.49	59.06	31.24	66.03	12.0	56.64	48.7	14.56	41.04	90.55	69.86	69.97	40.5	41.23	40.5	23.32	60.53	56.92	55.79	45.34	22.8	74.0	34.06	69.86	31.05	60.46	31.24	0.0	54.15	55.57	38.21	15.62	36.88	48.66	41.23	83.76	29.12	71.02	42.76	42.43	28.43	46.52	68.96	32.56	36.06	12.0	83.74	7.21	57.58	64.5	11.31	86.28	43.08	46.04	17.89	96.21	17.72	50.92	56.57	62.36	79.21	29.15	61.72	35.13	59.2	22.0	51.0	41.87	55.61	31.76
37	77.67	21.54	22.0	74.73	32.8	66.48	46.04	97.67	72.47	38.0	54.59	79.62	83.55	56.32	41.23	81.63	40.79	36.77	62.51	18.44	32.56	43.86	25.61	52.5	75.71	7.21	87.66	64.03	38.42	76.03	102.18	33.29	26.0	67.23	30.27	34.0	54.15	0.0	51.11	16.0	42.43	21.63	13.42	73.43	66.48	66.48	17.89	72.72	35.38	77.28	83.19	70.71	55.57	28.84	56.32	60.0	60.0	60.46	15.62	46.17	56.57	52.35	66.84	38.21	72.17	71.01	83.53	4.47	90.43	51.09	44.29	36.67	59.68	32.76	56.92	21.93	38.9	31.62	45.79
38	33.53	36.5	44.18	28.64	18.97	22.09	28.07	48.83	21.54	45.61	4.0	59.06	34.99	66.21	11.66	44.05	53.85	18.0	38.47	51.22	34.18	15.23	64.78	17.2	76.84	51.22	46.39	15.23	14.14	65.3	56.46	26.08	41.18	40.25	26.08	28.28	55.57	51.11	0.0	45.12	41.23	56.57	59.46	38.83	28.43	41.18	55.32	36.5	18.11	58.31	48.37	19.7	27.2	28.07	66.21	30.53	55.61	10.0	66.57	44.72	36.06	14.42	26.08	41.76	41.77	62.24	45.0	48.83	46.57	29.83	26.42	20.62	28.18	22.47	38.21	29.41	16.03	21.26	23.85
39	76.0	8.94	6.0	72.11	26.31	56.04	49.4	87.66	66.48	22.0	49.03	64.03	73.78	41.23	38.0	68.41	25.3	27.86	66.48	32.31	38.83	34.0	20.0	41.62	60.17	22.36	75.07	55.46	31.05	60.03	90.55	21.63	35.38	52.84	32.31	21.26	38.21	16.0	45.12	0.0	26.68	12.17	15.62	60.0	66.48	51.88	32.98	59.67	27.2	61.61	69.34	64.56	42.52	17.89	41.23	62.1	44.0	53.14	28.64	30.27	60.93	42.19	55.32	22.36	75.0	55.01	70.43	18.44	78.49	54.42	31.14	37.11	46.75	33.24	42.05	21.19	30.08	30.59	33.24
40	74.67	22.09	20.88	69.57	29.73	40.45	59.46	70.23	58.55	7.21	44.94	37.36	57.72	25.06	41.23	45.61	14.14	25.61	75.07	56.32	54.59	26.0	36.77	28.07	38.83	48.04	53.25	44.05	30.0	34.23	69.97	18.44	55.03	28.28	44.94	15.62	15.62	42.43	41.23	26.68	0.0	30.0	40.25	37.2	68.96	26.91	58.03	37.74	26.91	34.93	45.25	56.57	22.8	20.59	25.06	68.41	18.97	44.72	55.03	4.47	70.71	30.27	37.36	4.47	81.02	29.43	47.8	44.05	57.8	63.64	15.3	46.1	26.57	43.6	16.97	35.85	26.63	40.0	18.25
41	88.02	20.1	12.65	84.02	38.05	65.3	61.35	96.75	77.67	23.32	60.53	66.21	83.19	36.22	50.04	74.97	22.36	38.83	78.43	40.0	50.12	44.27	8.25	50.99	56.14	28.84	82.22	65.79	42.43	59.67	98.41	31.62	45.61	58.14	44.27	30.46	36.88	21.63	56.57	12.17	30.0	0.0	12.0	66.48	78.64	56.85	39.45	66.6	38.47	63.56	75.07	75.71	50.0	28.64	36.22	74.22	43.68	64.03	28.0	32.25	72.8	52.0	63.81	25.61	87.09	54.57	77.1	25.61	86.21	66.41	39.12	49.24	54.2	45.35	46.86	33.24	41.0	42.76	41.68
42	88.57	24.41	20.0	85.16	40.5	71.61	58.55	103.23	80.99	34.18	63.25	77.25	89.31	48.17	50.99	83.74	34.23	42.94	75.31	31.24	45.61	49.4	12.81	57.2	68.12	20.0	90.55	70.71	45.69	71.39	106.15	37.2	39.4	67.68	42.05	36.88	48.66	13.42	59.46	15.62	40.25	12.0	0.0	75.29	78.03	66.57	29.73	75.07	42.05	74.67	84.4	79.12	58.0	33.29	48.17	72.25	55.32	68.03	16.0	43.08	69.43	57.69	70.94	35.78	84.72	66.29	85.8	17.89	94.07	63.64	46.67	48.01	62.24	44.01	56.6	32.14	45.18	42.19	48.84
43	62.48	52.15	55.32	56.85	45.12	18.87	66.75	36.06	41.04	44.41	39.85	24.41	27.2	52.95	48.04	8.49	50.12	39.29	76.55	81.61	70.11	32.56	73.76	24.08	52.95	76.97	16.12	27.78	40.45	36.06	33.11	40.25	74.97	10.2	60.3	39.45	41.23	73.43	38.83	60.0	37.2	66.48	75.29	0.0	63.53	12.17	84.76	2.83	41.23	25.06	10.2	39.7	17.89	44.72	52.95	68.35	36.22	33.11	88.2	36.72	74.73	26.0	13.42	41.23	77.83	35.69	10.63	73.35	21.19	68.66	29.15	57.0	13.93	57.14	20.59	57.28	37.85	54.33	27.73
44	12.81	59.23	67.47	13.42	41.76	44.72	22.36	58.31	26.08	72.5	25.46	86.02	48.17	94.02	29.12	66.48	80.62	43.86	16.49	58.31	36.77	43.27	86.37	45.25	105.26	63.56	65.97	35.78	39.4	93.38	70.0	52.0	45.69	67.2	36.22	54.63	83.76	66.48	28.43	66.48	68.96	78.64	78.03	63.53	0.0	68.41	62.77	60.83	43.08	85.6	71.69	26.31	55.17	52.5	94.02	10.0	84.02	30.53	80.05	72.72	18.87	42.43	50.12	68.88	14.32	90.52	66.73	62.8	63.79	18.6	54.64	30.02	55.44	34.01	66.48	46.01	42.49	36.06	52.2
45	69.43	44.94	46.65	63.78	42.05	26.08	67.68	48.17	48.83	33.94	43.27	17.89	38.47	40.79	48.08	19.7	38.83	36.06	79.65	76.94	68.47	30.59	63.66	24.17	41.76	70.88	27.86	34.06	38.47	26.08	44.94	34.53	72.0	2.0	58.31	32.98	29.12	66.48	41.18	51.88	26.91	56.85	66.57	12.17	68.41	0.0	79.62	14.0	38.05	17.2	18.44	47.2	14.56	38.83	40.79	71.69	24.08	38.21	80.5	25.61	76.97	26.83	20.59	31.24	82.42	24.7	21.93	67.05	33.24	70.38	23.19	56.29	13.04	55.58	10.0	53.15	35.23	52.35	23.0
46	75.15	36.0	38.83	73.43	40.25	74.43	40.5	104.02	75.07	54.59	58.0	94.34	90.0	74.0	43.86	92.48	58.24	45.69	54.59	4.47	26.0	52.8	42.52	61.74	93.15	10.77	97.51	70.0	45.65	92.2	110.45	45.12	17.09	80.05	29.73	46.69	71.02	17.89	55.32	32.98	58.03	39.45	29.73	84.76	62.77	79.62	0.0	83.57	43.86	92.2	94.87	73.59	67.05	40.79	74.0	54.41	76.42	65.3	20.88	62.13	48.66	60.83	76.03	54.15	64.94	87.28	94.15	14.56	99.36	44.92	56.52	36.24	70.84	33.24	70.71	27.73	47.42	34.06	57.28
47	59.67	51.61	55.17	54.04	43.68	16.12	64.5	34.23	38.21	44.94	37.36	27.2	24.74	54.59	46.0	8.94	50.99	37.95	74.0	80.32	68.26	31.05	74.03	22.36	55.32	76.03	15.62	25.06	38.83	38.63	32.25	39.45	73.35	12.0	58.55	38.83	42.76	72.72	36.5	59.67	37.74	66.6	75.07	2.83	60.83	14.0	83.57	0.0	39.85	27.78	12.0	36.88	17.2	43.91	54.59	65.79	38.05	30.46	87.66	37.58	72.28	24.08	10.77	41.62	75.13	38.08	10.82	72.47	20.12	66.29	28.6	55.04	13.04	55.33	21.54	55.97	36.4	52.61	26.93
48	50.64	18.44	26.08	46.17	4.0	31.24	32.8	62.29	39.29	29.53	22.09	54.92	48.17	51.61	14.42	48.7	37.58	2.0	48.17	40.5	30.59	8.94	46.69	17.89	65.3	37.2	53.67	28.84	4.0	57.27	67.2	8.94	34.06	38.0	20.4	11.66	42.43	35.38	18.11	27.2	26.91	38.47	42.05	41.23	43.08	38.05	43.86	39.85	0.0	53.37	51.42	37.36	24.08	10.0	51.61	41.62	44.41	26.0	50.99	31.11	43.86	17.2	32.25	26.08	54.38	53.24	50.33	34.06	55.76	36.8	15.81	19.72	27.46	18.03	31.05	16.16	3.61	14.56	15.13
49	86.28	56.32	55.79	80.62	57.27	42.52	84.31	58.86	65.3	40.5	60.46	2.83	52.0	37.2	64.62	28.64	42.19	51.42	96.75	90.02	83.95	46.82	68.96	41.18	30.07	82.61	36.22	50.91	54.41	12.0	52.04	48.17	86.58	18.44	73.76	46.04	28.43	77.28	58.31	61.61	34.93	63.56	74.67	25.06	85.6	17.2	92.2	27.78	53.37	0.0	24.08	63.78	31.3	52.04	37.2	88.84	21.26	55.32	89.84	31.62	93.91	43.91	36.88	39.29	99.62	13.93	30.41	78.64	42.3	87.24	37.66	72.42	30.23	71.31	22.36	67.27	50.96	67.91	38.33
50	69.34	61.77	64.4	63.81	55.32	27.2	76.42	34.93	47.71	52.35	49.03	22.36	30.0	57.58	58.0	5.66	57.2	49.48	85.44	91.76	80.22	42.76	82.02	34.23	54.0	86.93	12.17	36.06	50.64	36.06	28.28	50.16	85.16	16.97	70.46	49.19	46.52	83.19	48.37	69.34	45.25	75.07	84.4	10.2	71.69	18.44	94.87	12.0	51.42	24.08	0.0	46.65	27.86	54.63	57.58	77.2	40.5	41.76	97.75	44.05	83.95	36.06	22.36	49.52	86.01	37.12	6.71	83.26	18.25	78.09	38.91	67.03	24.04	67.27	28.28	67.45	48.05	64.5	37.7
51	22.8	55.79	63.15	17.2	38.63	21.26	39.4	33.53	2.0	62.13	16.12	63.66	22.0	80.52	30.0	41.18	70.26	36.88	42.0	69.31	50.0	32.06	83.95	28.64	87.66	70.46	39.85	13.42	33.53	73.24	44.18	44.41	58.14	45.61	43.86	46.17	68.96	70.71	19.7	64.56	56.57	75.71	79.12	39.7	26.31	47.2	73.59	36.88	37.36	63.78	46.65	0.0	36.77	47.07	80.52	34.06	67.23	12.0	86.09	59.23	42.43	26.31	26.91	58.14	40.26	71.34	41.15	68.26	37.48	38.6	41.3	37.48	35.36	40.36	48.33	48.88	34.71	40.0	38.33
52	57.69	34.41	38.21	52.15	28.07	18.0	53.14	47.54	38.63	29.73	29.73	32.31	34.93	44.41	33.53	26.08	36.88	22.09	65.51	64.03	54.15	16.12	57.69	10.0	51.11	59.09	32.56	23.41	24.08	38.21	48.41	22.36	58.14	14.14	44.05	21.63	32.56	55.57	27.2	42.52	22.8	50.0	58.0	17.89	55.17	14.56	67.05	17.2	24.08	31.3	27.86	36.77	0.0	26.83	44.41	57.69	30.46	26.08	70.46	24.08	62.61	12.81	14.56	26.0	68.88	35.47	28.02	55.46	36.24	55.95	11.4	41.77	4.24	41.19	11.66	39.81	21.0	38.05	9.85
53	60.53	8.94	16.12	56.14	10.77	38.42	39.7	70.0	49.03	21.26	32.06	54.0	56.04	43.86	23.41	52.84	28.84	10.2	56.04	38.21	34.0	16.12	36.88	24.08	59.36	32.31	58.82	37.58	14.0	53.85	73.59	4.47	34.93	39.29	24.41	6.0	36.06	28.84	28.07	17.89	20.59	28.64	33.29	44.72	52.5	38.83	40.79	43.91	10.0	52.04	54.63	47.07	26.83	0.0	43.86	50.12	39.4	35.44	44.05	25.06	51.22	24.41	38.21	18.44	63.06	49.34	54.71	28.64	61.72	44.2	15.81	26.25	30.89	23.35	30.07	15.52	12.37	19.8	17.0
54	99.54	41.62	35.78	94.34	54.04	62.29	83.55	88.81	82.46	22.63	69.86	40.0	78.03	0.0	66.03	60.17	16.12	50.48	99.64	73.54	76.84	50.99	38.21	51.92	20.0	63.25	68.41	67.47	54.92	28.43	85.44	42.8	75.47	42.76	67.94	40.0	12.0	56.32	66.21	41.23	25.06	36.22	48.17	52.95	94.02	40.79	74.0	54.59	51.61	37.2	57.58	80.52	44.41	43.86	0.0	93.23	17.09	68.96	64.12	21.54	95.02	54.41	58.03	25.61	105.95	24.04	62.36	59.46	73.98	87.97	39.92	70.09	47.1	67.18	34.0	57.63	51.62	63.66	42.72
55	22.63	55.71	63.91	23.32	39.45	50.0	14.14	67.08	34.23	71.02	28.64	89.55	56.04	93.23	27.2	72.28	78.89	42.8	8.25	50.0	28.64	43.86	81.58	47.71	106.08	56.32	72.69	41.23	38.42	95.6	78.23	50.48	37.36	70.71	30.27	53.25	83.74	60.0	30.53	62.1	68.41	74.22	72.25	68.35	10.0	71.69	54.41	65.79	41.62	88.84	77.2	34.06	57.69	50.12	93.23	0.0	84.85	35.44	72.69	72.47	8.94	44.94	55.03	67.68	13.0	92.31	72.78	56.04	71.11	9.49	55.15	25.0	58.67	28.86	68.41	41.0	41.87	31.62	53.08
56	87.82	40.79	38.0	82.37	47.71	47.54	77.2	72.25	69.08	22.0	58.82	24.08	62.13	17.09	58.14	43.17	21.54	42.8	92.02	74.97	73.35	41.04	48.33	39.45	21.26	66.12	51.42	53.85	46.86	16.12	68.41	36.72	74.0	26.08	63.53	34.0	7.21	60.0	55.61	44.0	18.97	43.68	55.32	36.22	84.02	24.08	76.42	38.05	44.41	21.26	40.5	67.23	30.46	39.4	17.09	84.85	0.0	56.36	71.02	14.56	88.09	42.19	42.76	22.36	97.0	11.05	45.35	62.13	57.07	81.06	29.7	64.07	32.28	61.91	18.97	54.78	43.28	58.31	31.89
57	31.62	44.27	51.42	26.08	27.78	14.56	36.22	38.83	14.0	50.16	8.25	55.61	25.06	68.96	21.63	36.88	58.31	25.3	43.68	61.22	43.86	20.1	72.28	17.09	77.18	60.96	38.0	6.0	22.36	63.78	46.82	32.56	51.11	36.88	36.06	34.23	57.58	60.46	10.0	53.14	44.72	64.03	68.03	33.11	30.53	38.21	65.3	30.46	26.0	55.32	41.76	12.0	26.08	35.44	68.96	35.44	56.36	0.0	76.03	47.54	42.43	14.56	19.7	46.17	44.78	61.4	37.48	58.41	37.48	37.01	29.43	30.41	25.5	32.45	37.74	39.05	23.09	31.24	26.48
58	91.76	36.06	34.18	89.2	48.41	82.02	58.55	113.28	87.82	49.48	69.97	92.35	99.16	64.12	56.36	96.52	50.16	52.35	74.03	24.33	44.18	59.4	27.2	67.94	84.1	16.49	102.8	79.65	54.04	87.13	117.59	48.41	36.0	81.41	44.27	48.83	64.5	15.62	66.57	28.64	55.03	28.0	16.0	88.2	80.05	80.5	20.88	87.66	50.99	89.84	97.75	86.09	70.46	44.05	64.12	72.69	71.02	76.03	0.0	58.24	68.03	67.88	82.22	50.6	84.15	82.04	98.47	17.89	105.76	63.39	59.08	50.92	74.63	47.17	70.68	37.22	54.49	46.52	60.8
