set K:= 1	2	3	4	5	6	7	8;
set C_H:= 1	2	3	4	5	6	7	8	9	10	11	12	13	14	15	16	17	18	19	20	21	22	23	24	25;
set C_S:= 26	27	28	29	30	31	32	33	34	35	36	37	38	39	40	41	42	43;
set C_F:= 44	45	46	47	48	49	50	51	52	53	54	55	56	57	58	59	60	61;
set M:= 62	63	64	65;
set L_B:= 66	67;
set A1:=
(0,*) 1 2 3 4 5 6 7 8 9 10 11 12 13 14 15 16 17 18 19 20 21 22 23 24 25 44 45 46 47 48 49 50 51 52 53 54 55 56 57 58 59 60 61 62 63 64 65 66 67
(1,*) 0 2 3 4 5 6 7 8 9 10 11 12 13 14 15 16 17 18 19 20 21 22 23 24 25 44 45 46 47 48 49 50 51 52 53 54 55 56 57 58 59 60 61 62 63 64 65 66 67
(2,*) 0 1 3 4 5 6 7 8 9 10 11 12 13 14 15 16 17 18 19 20 21 22 23 24 25 44 45 46 47 48 49 50 51 52 53 54 55 56 57 58 59 60 61 62 63 64 65 66 67
(3,*) 0 1 2 4 5 6 7 8 9 10 11 12 13 14 15 16 17 18 19 20 21 22 23 24 25 44 45 46 47 48 49 50 51 52 53 54 55 56 57 58 59 60 61 62 63 64 65 66 67
(4,*) 0 1 2 3 5 6 7 8 9 10 11 12 13 14 15 16 17 18 19 20 21 22 23 24 25 44 45 46 47 48 49 50 51 52 53 54 55 56 57 58 59 60 61 62 63 64 65 66 67
(5,*) 0 1 2 3 4 6 7 8 9 10 11 12 13 14 15 16 17 18 19 20 21 22 23 24 25 44 45 46 47 48 49 50 51 52 53 54 55 56 57 58 59 60 61 62 63 64 65 66 67
(6,*) 0 1 2 3 4 5 7 8 9 10 11 12 13 14 15 16 17 18 19 20 21 22 23 24 25 44 45 46 47 48 49 50 51 52 53 54 55 56 57 58 59 60 61 62 63 64 65 66 67
(7,*) 0 1 2 3 4 5 6 8 9 10 11 12 13 14 15 16 17 18 19 20 21 22 23 24 25 44 45 46 47 48 49 50 51 52 53 54 55 56 57 58 59 60 61 62 63 64 65 66 67
(8,*) 0 1 2 3 4 5 6 7 9 10 11 12 13 14 15 16 17 18 19 20 21 22 23 24 25 44 45 46 47 48 49 50 51 52 53 54 55 56 57 58 59 60 61 62 63 64 65 66 67
(9,*) 0 1 2 3 4 5 6 7 8 10 11 12 13 14 15 16 17 18 19 20 21 22 23 24 25 44 45 46 47 48 49 50 51 52 53 54 55 56 57 58 59 60 61 62 63 64 65 66 67
(10,*) 0 1 2 3 4 5 6 7 8 9 11 12 13 14 15 16 17 18 19 20 21 22 23 24 25 44 45 46 47 48 49 50 51 52 53 54 55 56 57 58 59 60 61 62 63 64 65 66 67
(11,*) 0 1 2 3 4 5 6 7 8 9 10 12 13 14 15 16 17 18 19 20 21 22 23 24 25 44 45 46 47 48 49 50 51 52 53 54 55 56 57 58 59 60 61 62 63 64 65 66 67
(12,*) 0 1 2 3 4 5 6 7 8 9 10 11 13 14 15 16 17 18 19 20 21 22 23 24 25 44 45 46 47 48 49 50 51 52 53 54 55 56 57 58 59 60 61 62 63 64 65 66 67
(13,*) 0 1 2 3 4 5 6 7 8 9 10 11 12 14 15 16 17 18 19 20 21 22 23 24 25 44 45 46 47 48 49 50 51 52 53 54 55 56 57 58 59 60 61 62 63 64 65 66 67
(14,*) 0 1 2 3 4 5 6 7 8 9 10 11 12 13 15 16 17 18 19 20 21 22 23 24 25 44 45 46 47 48 49 50 51 52 53 54 55 56 57 58 59 60 61 62 63 64 65 66 67
(15,*) 0 1 2 3 4 5 6 7 8 9 10 11 12 13 14 16 17 18 19 20 21 22 23 24 25 44 45 46 47 48 49 50 51 52 53 54 55 56 57 58 59 60 61 62 63 64 65 66 67
(16,*) 0 1 2 3 4 5 6 7 8 9 10 11 12 13 14 15 17 18 19 20 21 22 23 24 25 44 45 46 47 48 49 50 51 52 53 54 55 56 57 58 59 60 61 62 63 64 65 66 67
(17,*) 0 1 2 3 4 5 6 7 8 9 10 11 12 13 14 15 16 18 19 20 21 22 23 24 25 44 45 46 47 48 49 50 51 52 53 54 55 56 57 58 59 60 61 62 63 64 65 66 67
(18,*) 0 1 2 3 4 5 6 7 8 9 10 11 12 13 14 15 16 17 19 20 21 22 23 24 25 44 45 46 47 48 49 50 51 52 53 54 55 56 57 58 59 60 61 62 63 64 65 66 67
(19,*) 0 1 2 3 4 5 6 7 8 9 10 11 12 13 14 15 16 17 18 20 21 22 23 24 25 44 45 46 47 48 49 50 51 52 53 54 55 56 57 58 59 60 61 62 63 64 65 66 67
(20,*) 0 1 2 3 4 5 6 7 8 9 10 11 12 13 14 15 16 17 18 19 21 22 23 24 25 44 45 46 47 48 49 50 51 52 53 54 55 56 57 58 59 60 61 62 63 64 65 66 67
(21,*) 0 1 2 3 4 5 6 7 8 9 10 11 12 13 14 15 16 17 18 19 20 22 23 24 25 44 45 46 47 48 49 50 51 52 53 54 55 56 57 58 59 60 61 62 63 64 65 66 67
(22,*) 0 1 2 3 4 5 6 7 8 9 10 11 12 13 14 15 16 17 18 19 20 21 23 24 25 44 45 46 47 48 49 50 51 52 53 54 55 56 57 58 59 60 61 62 63 64 65 66 67
(23,*) 0 1 2 3 4 5 6 7 8 9 10 11 12 13 14 15 16 17 18 19 20 21 22 24 25 44 45 46 47 48 49 50 51 52 53 54 55 56 57 58 59 60 61 62 63 64 65 66 67
(24,*) 0 1 2 3 4 5 6 7 8 9 10 11 12 13 14 15 16 17 18 19 20 21 22 23 25 44 45 46 47 48 49 50 51 52 53 54 55 56 57 58 59 60 61 62 63 64 65 66 67
(25,*) 0 1 2 3 4 5 6 7 8 9 10 11 12 13 14 15 16 17 18 19 20 21 22 23 24 44 45 46 47 48 49 50 51 52 53 54 55 56 57 58 59 60 61 62 63 64 65 66 67
(44,*) 0 1 2 3 4 5 6 7 8 9 10 11 12 13 14 15 16 17 18 19 20 21 22 23 24 25 45 46 47 48 49 50 51 52 53 54 55 56 57 58 59 60 61 62 63 64 65 66 67
(45,*) 0 1 2 3 4 5 6 7 8 9 10 11 12 13 14 15 16 17 18 19 20 21 22 23 24 25 44 46 47 48 49 50 51 52 53 54 55 56 57 58 59 60 61 62 63 64 65 66 67
(46,*) 0 1 2 3 4 5 6 7 8 9 10 11 12 13 14 15 16 17 18 19 20 21 22 23 24 25 44 45 47 48 49 50 51 52 53 54 55 56 57 58 59 60 61 62 63 64 65 66 67
(47,*) 0 1 2 3 4 5 6 7 8 9 10 11 12 13 14 15 16 17 18 19 20 21 22 23 24 25 44 45 46 48 49 50 51 52 53 54 55 56 57 58 59 60 61 62 63 64 65 66 67
(48,*) 0 1 2 3 4 5 6 7 8 9 10 11 12 13 14 15 16 17 18 19 20 21 22 23 24 25 44 45 46 47 49 50 51 52 53 54 55 56 57 58 59 60 61 62 63 64 65 66 67
(49,*) 0 1 2 3 4 5 6 7 8 9 10 11 12 13 14 15 16 17 18 19 20 21 22 23 24 25 44 45 46 47 48 50 51 52 53 54 55 56 57 58 59 60 61 62 63 64 65 66 67
(50,*) 0 1 2 3 4 5 6 7 8 9 10 11 12 13 14 15 16 17 18 19 20 21 22 23 24 25 44 45 46 47 48 49 51 52 53 54 55 56 57 58 59 60 61 62 63 64 65 66 67
(51,*) 0 1 2 3 4 5 6 7 8 9 10 11 12 13 14 15 16 17 18 19 20 21 22 23 24 25 44 45 46 47 48 49 50 52 53 54 55 56 57 58 59 60 61 62 63 64 65 66 67
(52,*) 0 1 2 3 4 5 6 7 8 9 10 11 12 13 14 15 16 17 18 19 20 21 22 23 24 25 44 45 46 47 48 49 50 51 53 54 55 56 57 58 59 60 61 62 63 64 65 66 67
(53,*) 0 1 2 3 4 5 6 7 8 9 10 11 12 13 14 15 16 17 18 19 20 21 22 23 24 25 44 45 46 47 48 49 50 51 52 54 55 56 57 58 59 60 61 62 63 64 65 66 67
(54,*) 0 1 2 3 4 5 6 7 8 9 10 11 12 13 14 15 16 17 18 19 20 21 22 23 24 25 44 45 46 47 48 49 50 51 52 53 55 56 57 58 59 60 61 62 63 64 65 66 67
(55,*) 0 1 2 3 4 5 6 7 8 9 10 11 12 13 14 15 16 17 18 19 20 21 22 23 24 25 44 45 46 47 48 49 50 51 52 53 54 56 57 58 59 60 61 62 63 64 65 66 67
(56,*) 0 1 2 3 4 5 6 7 8 9 10 11 12 13 14 15 16 17 18 19 20 21 22 23 24 25 44 45 46 47 48 49 50 51 52 53 54 55 57 58 59 60 61 62 63 64 65 66 67
(57,*) 0 1 2 3 4 5 6 7 8 9 10 11 12 13 14 15 16 17 18 19 20 21 22 23 24 25 44 45 46 47 48 49 50 51 52 53 54 55 56 58 59 60 61 62 63 64 65 66 67
(58,*) 0 1 2 3 4 5 6 7 8 9 10 11 12 13 14 15 16 17 18 19 20 21 22 23 24 25 44 45 46 47 48 49 50 51 52 53 54 55 56 57 59 60 61 62 63 64 65 66 67
(59,*) 0 1 2 3 4 5 6 7 8 9 10 11 12 13 14 15 16 17 18 19 20 21 22 23 24 25 44 45 46 47 48 49 50 51 52 53 54 55 56 57 58 60 61 62 63 64 65 66 67
(60,*) 0 1 2 3 4 5 6 7 8 9 10 11 12 13 14 15 16 17 18 19 20 21 22 23 24 25 44 45 46 47 48 49 50 51 52 53 54 55 56 57 58 59 61 62 63 64 65 66 67
(61,*) 0 1 2 3 4 5 6 7 8 9 10 11 12 13 14 15 16 17 18 19 20 21 22 23 24 25 44 45 46 47 48 49 50 51 52 53 54 55 56 57 58 59 60 62 63 64 65 66 67
(62,*) 0 1 2 3 4 5 6 7 8 9 10 11 12 13 14 15 16 17 18 19 20 21 22 23 24 25 44 45 46 47 48 49 50 51 52 53 54 55 56 57 58 59 60 61 63 64 65 66 67
(63,*) 0 1 2 3 4 5 6 7 8 9 10 11 12 13 14 15 16 17 18 19 20 21 22 23 24 25 44 45 46 47 48 49 50 51 52 53 54 55 56 57 58 59 60 61 62 64 65 66 67
(64,*) 0 1 2 3 4 5 6 7 8 9 10 11 12 13 14 15 16 17 18 19 20 21 22 23 24 25 44 45 46 47 48 49 50 51 52 53 54 55 56 57 58 59 60 61 62 63 65 66 67
(65,*) 0 1 2 3 4 5 6 7 8 9 10 11 12 13 14 15 16 17 18 19 20 21 22 23 24 25 44 45 46 47 48 49 50 51 52 53 54 55 56 57 58 59 60 61 62 63 64 66 67
(66,*) 0 1 2 3 4 5 6 7 8 9 10 11 12 13 14 15 16 17 18 19 20 21 22 23 24 25 44 45 46 47 48 49 50 51 52 53 54 55 56 57 58 59 60 61 62 63 64 65 67
(67,*) 0 1 2 3 4 5 6 7 8 9 10 11 12 13 14 15 16 17 18 19 20 21 22 23 24 25 44 45 46 47 48 49 50 51 52 53 54 55 56 57 58 59 60 61 62 63 64 65 66
;
set A2:=
(62,*) 63
(63,*) 62
(64,*) 65
(65,*) 64
;
param BigM:=99999;
param n:= 8;
param d:=
1	8
2	7
3	11
4	9
5	16
6	7
7	2
8	23
9	4
10	20
11	2
12	12
13	2
14	14
15	14
16	2
17	20
18	2
19	23
20	9
21	19
22	2
23	2
24	2
25	16
26	26
27	4
28	9
29	7
30	1
31	22
32	11
33	18
34	18
35	4
36	16
37	26
38	16
39	24
40	16
41	23
42	26
43	21
44	18
45	16
46	6
47	1
48	22
49	3
50	6
51	12
52	9
53	19
54	3
55	10
56	21
57	24
58	12
59	6
60	2
61	7
;
param Q:=100
param w:=
[62,*] 63 5
[63,*] 62 5
[64,*] 65 5
[65,*] 64 5
;
param V:=
[62,*] 63 439
[63,*] 62 439
[64,*] 65 439
[65,*] 64 439
;
param f:=
62	100
63	100
64	100
65	100
66	100
67	100
;
param e:
	62	63	64	65	66	67:=
26	0	0	0	0	0	1	
27	1	0	0	0	0	0	
28	1	0	0	0	0	0	
29	1	0	0	0	0	0	
30	0	1	0	0	0	0	
31	0	1	0	0	0	0	
32	0	0	1	0	0	0	
33	0	0	1	0	0	0	
34	0	0	0	1	0	1	
35	0	0	0	1	0	1	
36	0	1	0	0	0	0	
37	1	0	0	0	0	0	
38	1	0	0	0	0	0	
39	0	1	0	0	0	0	
40	1	0	0	0	0	0	
41	0	0	0	0	0	1	
42	0	0	1	0	0	0	
43	0	0	1	0	1	0	
44	0	0	0	1	0	1	
45	0	1	0	0	1	0	
46	0	0	0	0	0	1	
47	0	0	0	0	1	1	
48	1	0	0	0	0	1	
49	0	1	0	0	1	1	
50	0	0	0	0	1	1	
51	0	1	0	0	0	0	
52	1	0	0	0	0	0	
53	0	0	0	1	0	1	
54	0	1	0	0	1	0	
55	0	0	0	1	0	1	
56	0	1	0	0	1	1	
57	0	0	0	0	0	1	
58	0	0	1	0	0	0	
59	0	0	0	1	0	1	
60	0	0	0	0	1	1	
61	1	0	0	0	0	0	
;
param r:
	62	63	64	65:=
62	0	1	0	0	
63	1	0	0	0	
64	0	0	0	1	
65	0	0	1	0	
;
param p:=
1	1
2	1
3	1
4	1
5	1
6	1
7	1
8	1
;
param G:=
62	439
63	439
64	439
65	439
66	109
67	109
;
param s:=
0	0
1	15
2	15
3	15
4	15
5	15
6	15
7	15
8	15
9	15
10	15
11	15
12	15
13	15
14	15
15	15
16	15
17	15
18	15
19	15
20	15
21	15
22	15
23	15
24	15
25	15
44	15
45	15
46	15
47	15
48	15
49	15
50	15
51	15
52	15
53	15
54	15
55	15
56	15
57	15
58	15
59	15
60	15
61	15
62	30
63	30
64	30
65	30
66	15
67	15
;
param t:
	0	1	2	3	4	5	6	7	8	9	10	11	12	13	14	15	16	17	18	19	20	21	22	23	24	25	26	27	28	29	30	31	32	33	34	35	36	37	38	39	40	41	42	43	44	45	46	47	48	49	50	51	52	53	54	55	56	57	58	59	60	61	62	63	64	65	66	67:=
0	0.0	94.89	51.48	52.35	73.76	24.08	80.4	40.31	37.01	101.98	39.12	52.39	102.16	2.0	43.91	55.46	59.03	93.98	56.44	81.01	70.18	83.01	25.0	75.03	74.09	67.21	66.13	9.43	47.27	13.89	95.34	85.44	75.61	91.27	40.52	37.74	95.52	43.28	50.7	83.41	18.11	31.02	99.81	72.8	46.75	85.48	29.12	38.63	3.16	52.8	66.12	102.0	53.08	26.68	98.98	51.97	64.9	28.44	94.89	25.08	52.24	39.2	39.99	89.94	88.07	43.96	73.06	41.23
1	94.89	0.0	43.42	77.23	24.04	99.16	14.87	54.59	97.98	57.04	61.52	80.96	27.0	92.91	88.23	45.35	38.08	46.39	42.94	34.71	52.63	16.28	70.26	27.78	47.17	74.2	33.53	91.44	107.34	84.4	12.17	39.66	45.28	20.22	86.98	62.39	37.95	73.5	96.05	47.2	100.88	64.13	54.08	46.87	66.73	33.84	66.19	58.01	91.79	46.87	29.41	35.23	77.9	88.96	18.0	75.15	46.14	66.48	60.02	84.59	42.76	82.68	103.23	34.28	54.84	93.94	23.26	63.35
2	51.48	43.42	0.0	47.43	23.85	57.98	29.02	11.18	60.03	65.44	22.8	50.8	54.2	49.5	53.54	17.03	12.04	54.49	14.87	37.74	39.05	32.56	27.0	27.59	38.47	53.04	19.42	48.38	70.94	41.44	44.78	44.29	38.59	42.38	51.22	23.02	52.2	39.36	62.77	46.49	58.6	20.88	62.48	37.12	34.41	41.62	23.02	16.55	48.37	15.3	15.3	56.59	48.38	48.85	49.24	45.49	29.15	23.09	61.91	44.01	2.24	46.62	65.37	45.9	54.22	58.66	22.36	26.87
3	52.35	77.23	47.43	0.0	67.74	36.77	63.66	43.19	83.63	56.32	59.08	87.3	97.2	50.99	14.0	63.56	42.72	52.24	36.89	84.58	85.7	61.07	46.57	73.36	34.79	15.26	66.31	43.14	32.28	39.2	84.29	91.39	37.0	63.13	80.96	58.14	98.41	10.44	19.24	93.92	42.94	39.32	55.08	34.18	73.17	88.1	46.69	52.0	51.09	61.19	51.61	101.55	1.0	70.68	90.14	83.6	76.16	43.74	47.68	66.31	45.88	13.89	30.84	92.11	42.67	87.27	55.23	64.12
4	73.76	24.04	23.85	67.74	0.0	81.84	15.0	34.44	73.98	67.36	38.01	57.31	30.48	71.84	75.93	21.38	25.06	55.66	30.89	19.0	31.62	22.47	48.76	7.07	47.04	69.57	9.49	71.69	94.05	64.88	21.59	26.02	46.0	33.6	62.94	39.0	31.02	61.22	84.81	31.4	82.3	44.28	64.2	46.1	42.72	21.38	44.64	35.51	70.6	23.09	16.76	33.84	68.6	65.28	25.5	51.48	23.35	45.54	67.08	61.07	24.21	69.35	88.81	24.85	60.14	69.92	17.12	39.46
5	24.08	99.16	57.98	36.77	81.84	0.0	84.31	47.8	61.07	92.2	54.64	74.46	112.07	24.0	24.41	67.88	61.1	86.47	56.61	93.43	86.61	84.77	38.01	85.0	67.07	51.89	76.22	16.28	23.19	19.72	102.47	98.99	69.03	90.61	63.64	53.25	108.3	31.26	28.6	98.6	7.21	38.29	90.61	66.03	65.74	97.74	41.23	50.99	25.02	65.05	69.86	113.7	37.16	50.16	107.19	73.05	79.4	38.95	83.93	47.68	57.8	23.09	15.97	102.23	78.22	67.73	75.96	58.31
6	80.4	14.87	29.02	63.66	15.0	84.31	0.0	40.11	86.03	53.37	48.76	71.28	34.93	78.41	74.03	34.0	23.26	41.77	28.3	32.28	46.62	7.62	56.01	21.47	36.69	62.27	23.43	76.69	93.01	69.63	20.81	38.83	35.17	18.6	75.64	49.48	41.05	59.2	82.13	45.22	86.02	49.5	50.22	36.06	55.95	33.38	52.0	44.41	77.32	34.93	14.56	41.23	64.38	76.16	26.93	65.46	38.21	52.09	54.08	71.59	28.16	68.24	88.69	35.68	47.67	82.86	8.6	51.26
7	40.31	54.59	11.18	43.19	34.44	47.8	40.11	0.0	52.01	71.45	17.46	47.01	64.35	38.33	46.62	21.47	20.25	61.22	20.0	46.01	43.01	43.19	16.12	37.2	43.19	51.79	28.43	37.34	62.68	30.46	55.71	52.01	43.84	52.39	44.69	17.0	60.83	33.73	56.08	52.84	47.89	9.85	68.68	41.77	31.32	50.21	12.37	9.85	37.22	18.79	26.02	65.95	44.18	39.96	59.93	42.38	34.01	12.0	66.71	34.99	12.0	39.4	56.61	54.65	59.05	52.01	33.06	22.47
8	37.01	97.98	60.03	83.63	73.98	61.07	86.03	52.01	0.0	123.33	37.58	24.6	95.05	37.12	78.45	52.63	71.56	113.23	72.01	72.03	54.74	91.39	39.05	71.7	94.85	96.9	64.54	45.4	84.21	45.88	93.77	73.55	95.67	101.98	12.17	37.12	83.86	73.36	86.35	68.45	55.01	48.17	120.62	93.43	32.06	76.11	41.01	43.57	36.22	51.24	74.69	91.66	84.53	13.04	95.19	28.16	55.01	43.19	118.09	17.8	61.91	72.45	76.9	79.92	110.53	9.09	81.44	34.79
9	101.98	57.04	65.44	56.32	67.36	92.2	53.37	71.45	123.33	0.0	87.78	116.21	84.02	100.18	70.26	79.92	53.41	11.7	51.62	85.62	98.09	45.89	85.0	74.33	28.6	43.05	73.41	94.15	87.05	88.14	69.0	92.2	27.66	37.01	115.97	87.73	93.54	61.13	73.06	98.49	97.53	75.8	3.16	30.0	99.81	86.68	82.46	80.62	99.73	79.32	54.59	92.02	56.22	110.89	75.03	110.8	88.57	80.6	9.22	105.89	63.25	69.23	86.91	88.66	14.05	123.36	50.7	92.2
10	39.12	61.52	22.8	59.08	38.01	54.64	48.76	17.46	37.58	87.78	0.0	29.55	63.89	37.44	60.02	17.26	34.71	77.08	36.24	42.05	32.02	53.85	16.64	37.48	60.0	68.88	29.07	40.31	73.54	35.0	59.14	46.32	60.44	64.4	28.43	1.41	56.44	49.0	69.43	44.6	52.4	20.1	84.9	58.6	14.14	46.52	13.93	7.62	36.06	15.03	37.12	63.07	60.07	27.46	61.81	25.0	25.81	16.76	83.6	23.09	24.84	52.77	66.72	50.95	75.9	35.86	43.86	5.1
11	52.39	80.96	50.8	87.3	57.31	74.46	71.28	47.01	24.6	116.21	29.55	0.0	73.44	51.62	86.01	37.64	62.8	105.12	65.19	50.8	32.06	77.8	41.11	53.31	89.04	98.08	48.02	58.24	96.34	55.73	74.63	51.04	89.31	89.02	13.45	30.08	61.01	76.94	95.02	45.1	69.89	48.05	113.23	87.66	16.4	54.45	40.61	37.16	50.33	37.48	62.94	69.0	88.28	26.63	74.95	5.83	35.11	43.57	112.61	27.31	53.01	79.06	89.06	57.8	104.9	16.39	68.77	24.6
12	102.16	27.0	54.2	97.2	30.48	112.07	34.93	64.35	95.05	84.02	63.89	73.44	0.0	100.32	106.15	46.82	54.67	73.25	60.44	23.02	41.44	40.52	77.39	27.29	71.51	97.06	36.24	101.12	124.46	94.51	15.13	22.8	69.89	47.1	83.01	65.15	15.0	91.35	114.87	30.08	112.16	74.09	81.06	70.94	63.2	19.03	73.35	63.56	99.01	49.4	45.61	8.94	98.01	89.11	9.0	68.18	40.2	74.71	86.7	85.7	54.67	99.7	119.29	15.79	81.12	88.87	42.54	63.56
13	2.0	92.91	49.5	50.99	71.84	24.0	78.41	38.33	37.12	100.18	37.44	51.62	100.32	0.0	42.94	53.67	57.04	92.11	54.45	79.26	68.68	81.01	23.09	73.16	72.24	65.76	64.26	8.54	47.1	12.21	93.41	83.76	73.74	89.27	40.02	36.06	93.81	41.77	49.98	81.84	18.44	29.02	97.99	70.94	45.45	83.73	27.2	36.77	1.41	50.99	64.12	100.24	51.74	26.31	97.08	51.0	63.25	26.48	93.15	24.35	50.25	38.01	39.78	88.2	86.29	43.77	71.06	39.7
14	43.91	88.23	53.54	14.0	75.93	24.41	74.03	46.62	78.45	70.26	60.02	86.01	106.15	42.94	0.0	68.03	51.62	66.19	46.01	91.27	89.54	72.4	45.04	80.8	48.27	28.16	72.95	34.48	19.24	32.57	94.18	97.75	50.45	75.64	77.78	58.86	105.68	14.87	9.49	99.28	31.24	40.02	69.07	47.54	73.55	95.13	46.39	53.85	43.38	65.39	60.83	109.64	14.04	65.97	99.72	83.1	80.62	43.42	61.52	62.17	52.43	7.28	16.88	99.37	56.66	83.36	65.44	64.78
15	55.46	45.35	17.03	63.56	21.38	67.88	34.0	21.47	52.63	79.92	17.26	37.64	46.82	53.67	68.03	0.0	27.51	68.51	31.58	25.81	22.2	40.22	31.06	20.22	54.42	70.01	12.04	55.22	84.06	49.04	42.01	31.11	54.23	51.4	41.79	18.44	40.61	54.71	77.47	31.38	66.84	29.83	76.85	53.14	21.95	30.23	27.2	17.2	52.33	2.83	25.61	46.65	64.54	44.05	44.55	31.89	12.65	29.07	77.39	40.01	19.1	60.84	77.84	34.73	69.8	48.92	31.14	18.11
16	59.03	38.08	12.04	42.72	25.06	61.1	23.26	20.25	71.56	53.41	34.71	62.8	54.67	57.04	51.62	27.51	0.0	42.45	5.83	42.72	48.37	24.19	36.14	31.02	26.93	45.12	25.18	54.33	70.29	47.27	42.64	49.73	26.83	32.39	63.13	34.83	55.95	36.77	60.21	53.46	63.06	28.16	50.45	25.63	46.4	45.88	32.57	28.02	56.08	26.4	9.22	58.83	43.57	59.94	48.1	57.43	38.33	31.78	50.12	55.01	9.9	45.45	65.67	49.7	42.46	70.56	14.87	38.9
17	93.98	46.39	54.49	52.24	55.66	86.47	41.77	61.22	113.23	11.7	77.08	105.12	73.25	92.11	66.19	68.51	42.45	0.0	41.23	73.98	86.41	34.37	75.47	62.64	19.92	41.11	61.74	86.68	84.17	80.32	58.14	80.6	18.38	26.17	105.42	77.1	82.22	55.23	70.41	86.83	91.24	66.37	8.54	21.19	88.73	75.13	72.67	70.09	91.55	68.01	43.05	81.02	52.35	101.02	64.28	99.64	76.92	71.02	13.93	96.02	52.35	64.03	83.07	77.22	11.48	112.83	39.0	81.34
18	56.44	42.94	14.87	36.89	30.89	56.61	28.3	20.0	72.01	51.62	36.24	65.19	60.44	54.45	46.01	31.58	5.83	41.23	0.0	48.38	53.08	28.16	34.93	36.77	23.85	39.62	30.59	51.01	64.82	44.0	48.17	55.36	24.21	35.0	64.35	36.12	61.74	31.14	54.49	58.86	59.03	26.25	48.8	22.47	48.88	51.62	31.76	29.0	53.6	30.08	14.87	64.66	37.74	59.91	53.74	60.03	43.05	30.46	47.43	54.92	12.65	40.0	60.39	55.48	39.73	71.74	19.72	40.8
19	81.01	34.71	37.74	84.58	19.0	93.43	32.28	46.01	72.03	85.62	42.05	50.8	23.02	79.26	91.27	25.81	42.72	73.98	48.38	0.0	19.31	39.85	56.86	12.04	66.03	87.8	18.36	81.02	108.41	74.81	25.24	7.07	65.0	50.16	60.0	43.38	14.87	77.03	100.5	13.0	92.62	55.17	82.46	65.07	40.2	4.47	53.01	43.01	77.9	28.6	35.36	21.02	85.49	66.29	24.35	45.4	17.26	54.82	85.84	63.06	38.95	84.31	102.54	8.94	79.02	65.96	36.06	41.11
20	70.18	52.63	39.05	85.7	31.62	86.61	46.62	43.01	54.74	98.09	32.02	32.06	41.44	68.68	89.54	22.2	48.37	86.41	53.08	19.31	0.0	54.08	48.6	25.5	74.73	92.09	24.7	72.25	104.66	67.01	44.29	19.0	74.22	65.22	42.58	33.42	29.15	76.66	99.02	13.93	84.39	50.09	94.94	73.55	24.6	22.56	45.49	36.24	67.27	24.52	43.97	37.05	86.68	51.08	43.66	27.02	10.05	48.02	96.77	48.76	41.01	82.28	98.09	25.75	89.41	47.86	47.42	29.0
21	83.01	16.28	32.56	61.07	22.47	84.77	7.62	43.19	91.39	45.89	53.85	77.8	40.52	81.01	72.4	40.22	24.19	34.37	28.16	39.85	54.08	0.0	59.3	29.07	31.3	58.01	30.41	78.52	91.59	71.45	25.63	46.32	29.55	11.31	81.41	54.42	48.01	57.8	80.0	52.81	87.1	52.0	42.76	30.89	62.13	40.79	55.44	48.76	80.0	40.82	17.26	47.52	61.72	80.96	31.95	72.01	45.45	55.15	47.0	76.24	31.26	67.12	87.78	42.87	40.88	88.72	10.2	56.8
22	25.0	70.26	27.0	46.57	48.76	38.01	56.01	16.12	39.05	85.0	16.64	41.11	77.39	23.09	45.04	31.06	36.14	75.47	34.93	56.86	48.6	59.3	0.0	50.16	56.4	58.6	41.23	24.21	57.25	18.44	70.34	61.85	57.43	68.45	34.54	15.26	71.61	36.14	54.23	60.83	36.07	9.22	82.42	55.0	28.86	61.29	4.12	13.89	21.84	28.3	42.11	77.7	47.54	26.17	74.0	38.05	41.73	4.47	79.31	21.26	28.07	38.0	50.3	65.79	71.85	41.19	49.16	20.62
23	75.03	27.78	27.59	73.36	7.07	85.0	21.47	37.2	71.7	74.33	37.48	53.31	27.29	73.16	80.8	20.22	31.02	62.64	36.77	12.04	25.5	29.07	50.16	0.0	54.01	75.96	8.94	73.82	98.49	67.23	22.09	19.1	53.01	39.96	60.21	38.64	25.06	66.29	89.87	24.33	84.91	46.87	71.17	53.04	39.81	14.87	46.1	36.4	71.87	22.56	23.35	29.0	74.24	64.01	24.33	47.54	18.36	47.41	74.15	60.13	28.43	74.03	92.96	18.76	67.21	66.9	24.19	38.01
24	74.09	47.17	38.47	34.79	47.04	67.07	36.69	43.19	94.85	28.6	60.0	89.04	71.51	72.24	48.27	54.42	26.93	19.92	23.85	66.03	74.73	31.3	56.4	54.01	0.0	27.59	50.49	66.76	67.05	60.41	56.86	73.06	2.24	29.73	87.86	59.82	77.1	36.01	53.85	78.06	71.57	47.2	26.08	1.41	72.72	68.26	53.91	52.63	71.69	53.31	31.14	77.88	35.11	82.33	63.16	83.86	64.76	52.01	23.6	77.34	36.24	45.18	65.04	71.3	15.9	95.19	30.27	64.64
25	67.21	74.2	53.04	15.26	69.57	51.89	62.27	51.79	96.9	43.05	68.88	98.08	97.06	65.76	28.16	70.01	45.12	41.11	39.62	87.8	92.09	58.01	58.6	75.96	27.59	0.0	70.21	58.14	44.01	53.76	83.01	94.83	29.73	57.31	93.11	68.15	100.57	24.08	30.02	98.48	58.18	50.33	42.3	27.59	82.98	90.8	57.94	61.39	65.76	68.01	52.81	102.55	14.76	83.86	89.19	93.86	82.15	55.15	34.0	79.26	51.09	29.15	44.26	94.42	30.31	99.78	54.56	73.98
26	66.13	33.53	19.42	66.31	9.49	76.22	23.43	28.43	64.54	73.41	29.07	48.02	36.24	64.26	72.95	12.04	25.18	61.74	30.59	18.36	24.7	30.41	41.23	8.94	50.49	70.21	0.0	64.88	90.27	58.31	30.07	25.08	49.82	41.73	53.45	30.15	32.8	58.67	82.15	28.28	76.01	38.01	70.26	49.37	33.24	22.2	37.16	27.51	62.97	14.04	19.42	37.54	67.23	56.08	32.98	42.19	15.26	38.47	72.12	52.0	20.59	66.03	84.57	26.52	64.82	60.44	22.83	30.15
27	9.43	91.44	48.38	43.14	71.69	16.28	76.69	37.34	45.4	94.15	40.31	58.24	101.12	8.54	34.48	55.22	54.33	86.68	51.01	81.02	72.25	78.52	24.21	73.82	66.76	58.14	64.88	0.0	39.0	7.07	93.05	86.05	68.41	86.01	47.38	38.9	95.8	34.41	41.44	84.86	12.21	27.51	92.11	65.52	50.25	85.45	28.02	38.01	9.22	52.43	62.17	101.79	43.84	34.01	97.17	57.01	65.86	26.42	86.76	31.4	48.76	29.83	31.65	89.95	80.15	51.65	68.88	43.42
28	47.27	107.34	70.94	32.28	94.05	23.19	93.01	62.68	84.21	87.05	73.54	96.34	124.46	47.1	19.24	84.06	70.29	84.17	64.82	108.41	104.66	91.59	57.25	98.49	67.05	44.01	90.27	39.0	0.0	40.61	112.93	114.62	69.26	94.85	86.21	72.24	123.07	33.84	14.0	115.43	29.83	54.59	86.21	66.41	86.02	112.45	59.62	68.43	48.04	81.3	79.51	127.48	32.02	73.01	118.34	94.37	96.38	56.86	78.01	70.18	70.09	24.84	7.35	116.79	74.01	90.65	84.4	77.83
29	13.89	84.4	41.44	39.2	64.88	19.72	69.63	30.46	45.88	88.14	35.0	55.73	94.51	12.21	32.57	49.04	47.27	80.32	44.0	74.81	67.01	71.45	18.44	67.23	60.41	53.76	58.31	7.07	40.61	0.0	86.16	80.06	61.98	79.0	46.01	33.6	89.64	29.7	40.61	79.25	17.8	20.62	86.01	59.14	46.1	79.2	21.93	31.89	12.04	46.23	55.11	95.44	40.0	33.54	90.38	53.85	60.11	20.0	81.01	30.07	41.76	26.83	33.35	83.7	74.21	51.1	61.81	38.59
30	95.34	12.17	44.78	84.29	21.59	102.47	20.81	55.71	93.77	69.0	59.14	74.63	15.13	93.41	94.18	42.01	42.64	58.14	48.17	25.24	44.29	25.63	70.34	22.09	56.86	83.01	30.07	93.05	112.93	86.16	0.0	29.0	55.15	32.02	82.2	60.21	26.0	79.31	102.53	36.77	103.37	65.55	66.01	56.36	61.81	23.35	66.22	57.07	92.18	44.1	33.42	23.09	85.04	86.01	6.32	68.96	39.56	67.05	71.57	82.02	44.72	88.09	108.23	22.94	66.02	88.78	29.07	60.01
31	85.44	39.66	44.29	91.39	26.02	98.99	38.83	52.01	73.55	92.2	46.32	51.04	22.8	83.76	97.75	31.11	49.73	80.6	55.36	7.07	19.0	46.32	61.85	19.1	73.06	94.83	25.08	86.05	114.62	80.06	29.0	0.0	72.01	56.3	61.4	47.71	10.44	83.65	107.04	7.81	97.84	60.88	89.05	72.11	42.45	5.83	58.14	48.17	82.38	33.94	42.43	18.11	92.31	68.96	26.63	46.01	20.59	60.14	92.66	66.13	45.62	90.74	108.62	7.04	85.91	66.84	43.01	44.72
32	75.61	45.28	38.59	37.0	46.0	69.03	35.17	43.84	95.67	27.66	60.44	89.31	69.89	73.74	50.45	54.23	26.83	18.38	24.21	65.0	74.22	29.55	57.43	53.01	2.24	29.73	49.82	68.41	69.26	61.98	55.15	72.01	0.0	27.59	88.46	60.31	75.8	38.05	56.08	77.16	73.44	48.26	25.0	3.0	72.95	67.12	54.82	53.15	73.16	53.23	30.41	76.4	37.34	83.24	61.47	84.06	64.29	53.01	23.32	78.24	36.36	47.27	67.2	70.07	15.64	95.82	29.07	65.0
33	91.27	20.22	42.38	63.13	33.6	90.61	18.6	52.39	101.98	37.01	64.4	89.02	47.1	89.27	75.64	51.4	32.39	26.17	35.0	50.16	65.22	11.31	68.45	39.96	29.73	57.31	41.73	86.01	94.85	79.0	32.02	56.3	27.59	0.0	92.28	64.88	56.72	61.68	82.37	63.16	93.65	60.53	34.0	29.83	73.24	50.6	64.76	58.87	88.36	51.87	27.31	55.01	63.63	91.18	38.12	83.24	56.73	64.13	39.81	86.38	40.8	71.17	91.8	52.14	34.91	99.63	20.59	67.6
34	40.52	86.98	51.22	80.96	62.94	63.64	75.64	44.69	12.17	115.97	28.43	13.45	83.01	40.02	77.78	41.79	63.13	105.42	64.35	60.0	42.58	81.41	34.54	60.21	87.86	93.11	53.45	47.38	86.21	46.01	82.2	61.4	88.46	92.28	0.0	28.32	71.7	70.52	86.37	56.29	58.46	42.94	113.14	86.45	20.4	64.03	35.36	35.36	38.83	40.72	65.19	79.51	81.91	13.93	83.38	16.16	43.1	38.01	111.4	16.03	53.26	71.2	78.86	67.8	103.74	7.43	71.69	24.7
35	37.74	62.39	23.02	58.14	39.0	53.25	49.48	17.0	37.12	87.73	1.41	30.08	65.15	36.06	58.86	18.44	34.83	77.1	36.12	43.38	33.42	54.42	15.26	38.64	59.82	68.15	30.15	38.9	72.24	33.6	60.21	47.71	60.31	64.88	28.32	0.0	57.8	48.01	68.25	46.01	50.99	19.03	84.86	58.41	15.03	47.85	12.65	7.21	34.67	16.12	37.58	64.4	59.14	26.68	62.97	25.71	27.2	15.52	83.41	22.2	25.0	51.62	65.39	52.29	75.72	35.74	44.38	6.0
36	95.52	37.95	52.2	98.41	31.02	108.3	41.05	60.83	83.86	93.54	56.44	61.01	15.0	93.81	105.68	40.61	55.95	82.22	61.74	14.87	29.15	48.01	71.61	25.06	77.1	100.57	32.8	95.8	123.07	89.64	26.0	10.44	75.8	56.72	71.7	57.8	0.0	91.27	114.83	16.12	107.45	70.04	90.45	76.3	52.89	10.63	67.8	57.8	92.44	43.42	47.76	8.06	99.3	79.4	21.63	56.14	30.87	69.66	95.01	76.55	53.25	98.81	117.29	6.32	88.71	76.99	46.87	55.04
37	43.28	73.5	39.36	10.44	61.22	31.26	59.2	33.73	73.36	61.13	49.0	76.94	91.35	41.77	14.87	54.71	36.77	55.23	31.14	77.03	76.66	57.8	36.14	66.29	36.01	24.08	58.67	34.41	33.84	29.7	79.31	83.65	38.05	61.68	70.52	48.01	91.27	0.0	23.6	85.62	36.4	29.07	59.44	35.06	63.03	80.78	36.35	42.11	41.73	52.2	45.97	95.0	11.4	60.37	84.86	73.33	67.36	33.38	53.14	55.95	38.08	9.49	30.14	84.95	47.1	76.85	50.61	54.01
38	50.7	96.05	62.77	19.24	84.81	28.6	82.13	56.08	86.35	73.06	69.43	95.02	114.87	49.98	9.49	77.47	60.21	70.41	54.49	100.5	99.02	80.0	54.23	89.87	53.85	30.02	82.15	41.44	14.0	40.61	102.53	107.04	56.08	82.37	86.37	68.25	114.83	23.6	0.0	108.69	35.81	49.48	72.25	53.31	82.87	104.31	55.73	63.32	50.6	74.85	69.35	118.6	18.79	74.15	108.21	92.27	90.08	52.77	64.01	70.58	61.59	16.76	15.64	108.51	60.09	91.69	73.59	74.15
39	83.41	47.2	46.49	93.92	31.4	98.6	45.22	52.84	68.45	98.49	44.6	45.1	30.08	81.84	99.28	31.38	53.46	86.83	58.86	13.0	13.93	52.81	60.83	24.33	78.06	98.48	28.28	84.86	115.43	79.25	36.77	7.81	77.16	63.16	56.29	46.01	16.12	85.62	108.69	0.0	96.88	61.03	95.34	77.03	38.48	13.45	57.38	47.63	80.43	34.13	47.0	24.19	94.87	65.0	34.41	40.45	19.21	59.67	98.48	62.61	48.08	92.13	109.15	14.62	91.53	61.24	48.51	42.2
40	18.11	100.88	58.6	42.94	82.3	7.21	86.02	47.89	55.01	97.53	52.4	69.89	112.16	18.44	31.24	66.84	63.06	91.24	59.03	92.62	84.39	87.1	36.07	84.91	71.57	58.18	76.01	12.21	29.83	17.8	103.37	97.84	73.44	93.65	58.46	50.99	107.45	36.4	35.81	96.88	0.0	38.08	95.8	70.46	62.43	97.01	39.7	49.68	19.65	64.03	71.47	113.23	43.42	44.72	107.78	68.94	77.79	37.8	89.49	42.72	58.69	29.07	22.82	101.51	83.5	62.07	77.88	55.61
41	31.02	64.13	20.88	39.32	44.28	38.29	49.5	9.85	48.17	75.8	20.1	48.05	74.09	29.02	40.02	29.83	28.16	66.37	26.25	55.17	50.09	52.0	9.22	46.87	47.2	50.33	38.01	27.51	54.59	20.62	65.55	60.88	48.26	60.53	42.94	19.03	70.04	29.07	49.48	61.03	38.08	0.0	73.24	45.8	34.0	59.46	7.62	13.93	28.0	27.02	35.13	75.43	40.31	35.36	69.78	44.28	41.88	5.0	70.09	30.41	21.38	32.76	48.15	63.94	62.63	49.85	42.05	25.02
42	99.81	54.08	62.48	55.08	64.2	90.61	50.22	68.68	120.62	3.16	84.9	113.23	81.06	97.99	69.07	76.85	50.45	8.54	48.8	82.46	94.94	42.76	82.42	71.17	26.08	42.3	70.26	92.11	86.21	86.01	66.01	89.05	25.0	34.0	113.14	84.86	90.45	59.44	72.25	95.34	95.8	73.24	0.0	27.46	96.83	83.55	79.81	77.78	97.51	76.28	51.48	89.01	55.04	108.23	72.06	107.8	85.43	78.01	9.43	103.23	60.31	67.74	85.81	85.55	12.43	120.53	47.54	89.27
43	72.8	46.87	37.12	34.18	46.1	66.03	36.06	41.77	93.43	30.0	58.6	87.66	70.94	70.94	47.54	53.14	25.63	21.19	22.47	65.07	73.55	30.89	55.0	53.04	1.41	27.59	49.37	65.52	66.41	59.14	56.36	72.11	3.0	29.83	86.45	58.41	76.3	35.06	53.31	77.03	70.46	45.8	27.46	0.0	71.34	67.36	52.5	51.22	70.38	52.0	30.07	77.2	34.54	80.92	62.65	82.49	63.56	50.61	25.0	75.93	34.89	44.28	64.27	70.46	17.31	93.78	29.43	63.25
44	46.75	66.73	34.41	73.17	42.72	65.74	55.95	31.32	32.06	99.81	14.14	16.4	63.2	45.45	73.55	21.95	46.4	88.73	48.88	40.2	24.6	62.13	28.86	39.81	72.72	82.98	33.24	50.25	86.02	46.1	61.81	42.45	72.95	73.24	20.4	15.03	52.89	63.03	82.87	38.48	62.43	34.0	96.83	71.34	0.0	44.41	27.17	21.59	44.05	21.4	46.75	60.42	74.17	26.57	63.13	11.18	23.02	30.15	96.25	24.19	36.62	66.37	78.98	48.42	88.56	27.21	52.8	9.06
45	85.48	33.84	41.62	88.1	21.38	97.74	33.38	50.21	76.11	86.68	46.52	54.45	19.03	83.73	95.13	30.23	45.88	75.13	51.62	4.47	22.56	40.79	61.29	14.87	68.26	90.8	22.2	85.45	112.45	79.2	23.35	5.83	67.12	50.6	64.03	47.85	10.63	80.78	104.31	13.45	97.01	59.46	83.55	67.36	44.41	0.0	57.43	47.43	82.37	33.02	38.08	16.55	89.0	70.61	21.47	49.16	21.59	59.2	87.37	67.45	42.72	88.23	106.66	4.5	80.73	69.85	38.05	45.54
46	29.12	66.19	23.02	46.69	44.64	41.23	52.0	12.37	41.01	82.46	13.93	40.61	73.35	27.2	46.39	27.2	32.57	72.67	31.76	53.01	45.49	55.44	4.12	46.1	53.91	57.94	37.16	28.02	59.62	21.93	66.22	58.14	54.82	64.76	35.36	12.65	67.8	36.35	55.73	57.38	39.7	7.62	79.81	52.5	27.17	57.43	0.0	10.0	25.96	24.41	38.21	73.78	47.68	28.43	69.89	37.05	38.21	3.0	77.08	23.43	24.19	39.2	52.82	61.93	69.53	42.32	45.28	18.44
47	38.63	58.01	16.55	52.0	35.51	50.99	44.41	9.85	43.57	80.62	7.62	37.16	63.56	36.77	53.85	17.2	28.02	70.09	29.0	43.01	36.24	48.76	13.89	36.4	52.63	61.39	27.51	38.01	68.43	31.89	57.07	48.17	53.15	58.87	35.36	7.21	57.8	42.11	63.32	47.63	49.68	13.93	77.78	51.22	21.59	47.43	10.0	0.0	35.47	14.42	31.62	63.81	53.0	32.31	60.44	32.57	28.43	12.04	76.22	27.51	18.36	46.57	61.86	51.94	68.53	42.75	38.6	12.65
48	3.16	91.79	48.37	51.09	70.6	25.02	77.32	37.22	36.22	99.73	36.06	50.33	99.01	1.41	43.38	52.33	56.08	91.55	53.6	77.9	67.27	80.0	21.84	71.87	71.69	65.76	62.97	9.22	48.04	12.04	92.18	82.38	73.16	88.36	38.83	34.67	92.44	41.73	50.6	80.43	19.65	28.0	97.51	70.38	44.05	82.37	25.96	35.47	0.0	49.66	63.07	98.88	51.86	25.18	95.82	49.65	61.85	25.32	92.78	23.09	49.16	38.28	40.71	86.84	85.87	42.71	70.03	38.29
49	52.8	46.87	15.3	61.19	23.09	65.05	34.93	18.79	51.24	79.32	15.03	37.48	49.4	50.99	65.39	2.83	26.4	68.01	30.08	28.6	24.52	40.82	28.3	22.56	53.31	68.01	14.04	52.43	81.3	46.23	44.1	33.94	53.23	51.87	40.72	16.12	43.42	52.2	74.85	34.13	64.03	27.02	76.28	52.0	21.4	33.02	24.41	14.42	49.66	0.0	25.46	49.4	62.17	42.19	46.87	31.83	15.23	26.25	76.48	38.01	17.46	58.18	75.05	37.52	68.84	47.96	31.4	16.49
50	66.12	29.41	15.3	51.61	16.76	69.86	14.56	26.02	74.69	54.59	37.12	62.94	45.61	64.12	60.83	25.61	9.22	43.05	14.87	35.36	43.97	17.26	42.11	23.35	31.14	52.81	19.42	62.17	79.51	55.11	33.42	42.43	30.41	27.31	65.19	37.58	47.76	45.97	69.35	47.0	71.47	35.13	51.48	30.07	46.75	38.08	38.21	31.62	63.07	25.46	0.0	50.12	52.43	63.91	38.9	57.28	34.18	38.01	52.81	59.14	14.04	54.67	74.85	41.62	45.44	72.59	7.07	40.5
51	102.0	35.23	56.59	101.55	33.84	113.7	41.23	65.95	91.66	92.02	63.07	69.0	8.94	100.24	109.64	46.65	58.83	81.02	64.66	21.02	37.05	47.52	77.7	29.0	77.88	102.55	37.54	101.79	127.48	95.44	23.09	18.11	76.4	55.01	79.51	64.4	8.06	95.0	118.6	24.19	113.23	75.43	89.01	77.2	60.42	16.55	73.78	63.81	98.88	49.4	50.12	0.0	102.4	86.83	17.46	64.07	37.95	75.45	94.26	83.82	57.38	102.94	121.96	12.16	88.38	84.91	48.1	62.03
52	53.08	77.9	48.38	1.0	68.6	37.16	64.38	44.18	84.53	56.22	60.07	88.28	98.01	51.74	14.04	64.54	43.57	52.35	37.74	85.49	86.68	61.72	47.54	74.24	35.11	14.76	67.23	43.84	32.02	40.0	85.04	92.31	37.34	63.63	81.91	59.14	99.3	11.4	18.79	94.87	43.42	40.31	55.04	34.54	74.17	89.0	47.68	53.0	51.86	62.17	52.43	102.4	0.0	71.59	90.91	84.59	77.13	44.72	47.52	67.23	46.82	14.42	30.81	93.0	42.64	88.2	55.97	65.12
53	26.68	88.96	48.85	70.68	65.28	50.16	76.16	39.96	13.04	110.89	27.46	26.63	89.11	26.31	65.97	44.05	59.94	101.02	59.91	66.29	51.08	80.96	26.17	64.01	82.33	83.86	56.08	34.01	73.01	33.54	86.01	68.96	83.24	91.18	13.93	26.68	79.4	60.37	74.15	65.0	44.72	35.36	108.23	80.92	26.57	70.61	28.43	32.31	25.18	42.19	63.91	86.83	71.59	0.0	88.14	27.59	49.03	30.41	105.42	5.0	50.57	59.77	65.65	74.75	97.91	17.67	70.84	26.0
54	98.98	18.0	49.24	90.14	25.5	107.19	26.93	59.93	95.19	75.03	61.81	74.95	9.0	97.08	99.72	44.55	48.1	64.28	53.74	24.35	43.66	31.95	74.0	24.33	63.16	89.19	32.98	97.17	118.34	90.38	6.32	26.63	61.47	38.12	83.38	62.97	21.63	84.86	108.21	34.41	107.78	69.78	72.06	62.65	63.13	21.47	69.89	60.44	95.82	46.87	38.9	17.46	90.91	88.14	0.0	69.43	40.31	70.94	77.78	84.38	49.4	93.51	113.48	19.9	72.3	89.7	35.0	62.2
55	51.97	75.15	45.49	83.6	51.48	73.05	65.46	42.38	28.16	110.8	25.0	5.83	68.18	51.0	83.1	31.89	57.43	99.64	60.03	45.4	27.02	72.01	38.05	47.54	83.86	93.86	42.19	57.01	94.37	53.85	68.96	46.01	84.06	83.24	16.16	25.71	56.14	73.33	92.27	40.45	68.94	44.28	107.8	82.49	11.18	49.16	37.05	32.57	49.65	31.83	57.28	64.07	84.59	27.59	69.43	0.0	29.41	40.05	107.38	27.2	47.71	76.03	87.17	52.66	99.68	20.84	63.03	19.92
56	64.9	46.14	29.15	76.16	23.35	79.4	38.21	34.01	55.01	88.57	25.81	35.11	40.2	63.25	80.62	12.65	38.33	76.92	43.05	17.26	10.05	45.45	41.73	18.36	64.76	82.15	15.26	65.86	96.38	60.11	39.56	20.59	64.29	56.73	43.1	27.2	30.87	67.36	90.08	19.21	77.79	41.88	85.43	63.56	23.02	21.59	38.21	28.43	61.85	15.23	34.18	37.95	77.13	49.03	40.31	29.41	0.0	40.46	86.98	45.88	31.06	73.41	90.02	25.8	79.56	49.4	38.08	24.17
57	28.44	66.48	23.09	43.74	45.54	38.95	52.09	12.0	43.19	80.6	16.76	43.57	74.71	26.48	43.42	29.07	31.78	71.02	30.46	54.82	48.02	55.15	4.47	47.41	52.01	55.15	38.47	26.42	56.86	20.0	67.05	60.14	53.01	64.13	38.01	15.52	69.66	33.38	52.77	59.67	37.8	5.0	78.01	50.61	30.15	59.2	3.0	12.04	25.32	26.25	38.01	75.45	44.72	30.41	70.94	40.05	40.46	0.0	75.01	25.46	24.0	36.22	50.13	63.7	67.51	44.87	45.04	21.38
58	94.89	60.02	61.91	47.68	67.08	83.93	54.08	66.71	118.09	9.22	83.6	112.61	86.7	93.15	61.52	77.39	50.12	13.93	47.43	85.84	96.77	47.0	79.31	74.15	23.6	34.0	72.12	86.76	78.01	81.01	71.57	92.66	23.32	39.81	111.4	83.41	95.01	53.14	64.01	98.48	89.49	70.09	9.43	25.0	96.25	87.37	77.08	76.22	92.78	76.48	52.81	94.26	47.52	105.42	77.78	107.38	86.98	75.01	0.0	100.45	59.68	60.88	78.06	89.76	7.7	118.7	50.01	88.23
59	25.08	84.59	44.01	66.31	61.07	47.68	71.59	34.99	17.8	105.89	23.09	27.31	85.7	24.35	62.17	40.01	55.01	96.02	54.92	63.06	48.76	76.24	21.26	60.13	77.34	79.26	52.0	31.4	70.18	30.07	82.02	66.13	78.24	86.38	16.03	22.2	76.55	55.95	70.58	62.61	42.72	30.41	103.23	75.93	24.19	67.45	23.43	27.51	23.09	38.01	59.14	83.82	67.23	5.0	84.38	27.2	45.88	25.46	100.45	0.0	45.69	55.79	62.83	71.68	92.93	21.2	66.1	22.2
60	52.24	42.76	2.24	45.88	24.21	57.8	28.16	12.0	61.91	63.25	24.84	53.01	54.67	50.25	52.43	19.1	9.9	52.35	12.65	38.95	41.01	31.26	28.07	28.43	36.24	51.09	20.59	48.76	70.09	41.76	44.72	45.62	36.36	40.8	53.26	25.0	53.25	38.08	61.59	48.08	58.69	21.38	60.31	34.89	36.62	42.72	24.19	18.36	49.16	17.46	14.04	57.38	46.82	50.57	49.4	47.71	31.06	24.0	59.68	45.69	0.0	45.61	64.68	46.94	51.99	60.7	21.1	29.0
61	39.2	82.68	46.62	13.89	69.35	23.09	68.24	39.4	72.45	69.23	52.77	79.06	99.7	38.01	7.28	60.84	45.45	64.03	40.0	84.31	82.28	67.12	38.0	74.03	45.18	29.15	66.03	29.83	24.84	26.83	88.09	90.74	47.27	71.17	71.2	51.62	98.81	9.49	16.76	92.13	29.07	32.76	67.74	44.28	66.37	88.23	39.2	46.57	38.28	58.18	54.67	102.94	14.42	59.77	93.51	76.03	73.41	36.22	60.88	55.79	45.61	0.0	20.69	92.51	55.32	76.98	59.64	57.56
62	39.99	103.23	65.37	30.84	88.81	15.97	88.69	56.61	76.9	86.91	66.72	89.06	119.29	39.78	16.88	77.84	65.67	83.07	60.39	102.54	98.09	87.78	50.3	92.96	65.04	44.26	84.57	31.65	7.35	33.35	108.23	108.62	67.2	91.8	78.86	65.39	117.29	30.14	15.64	109.15	22.82	48.15	85.81	64.27	78.98	106.66	52.82	61.86	40.71	75.05	74.85	121.96	30.81	65.65	113.48	87.17	90.02	50.13	78.06	62.83	64.68	20.69	0.0	111.05	73.44	83.3	80.1	70.91
63	89.94	34.28	45.9	92.11	24.85	102.23	35.68	54.65	79.92	88.66	50.95	57.8	15.79	88.2	99.37	34.73	49.7	77.22	55.48	8.94	25.75	42.87	65.79	18.76	71.3	94.42	26.52	89.95	116.79	83.7	22.94	7.04	70.07	52.14	67.8	52.29	6.32	84.95	108.51	14.62	101.51	63.94	85.55	70.46	48.42	4.5	61.93	51.94	86.84	37.52	41.62	12.16	93.0	74.75	19.9	52.66	25.8	63.7	89.76	71.68	46.94	92.51	111.05	0.0	83.3	73.44	41.04	49.87
64	88.07	54.84	54.22	42.67	60.14	78.22	47.67	59.05	110.53	14.05	75.9	104.9	81.12	86.29	56.66	69.8	42.46	11.48	39.73	79.02	89.41	40.88	71.85	67.21	15.9	30.31	64.82	80.15	74.01	74.21	66.02	85.91	15.64	34.91	103.74	75.72	88.71	47.1	60.09	91.53	83.5	62.63	12.43	17.31	88.56	80.73	69.53	68.53	85.87	68.84	45.44	88.38	42.64	97.91	72.3	99.68	79.56	67.51	7.7	92.93	51.99	55.32	73.44	83.3	0.0	111.05	43.02	80.53
65	43.96	93.94	58.66	87.27	69.92	67.73	82.86	52.01	9.09	123.36	35.86	16.39	88.87	43.77	83.36	48.92	70.56	112.83	71.74	65.96	47.86	88.72	41.19	66.9	95.19	99.78	60.44	51.65	90.65	51.1	88.78	66.84	95.82	99.63	7.43	35.74	76.99	76.85	91.69	61.24	62.07	49.85	120.53	93.78	27.21	69.85	42.32	42.75	42.71	47.96	72.59	84.91	88.2	17.67	89.7	20.84	49.4	44.87	118.7	21.2	60.7	76.98	83.3	73.44	111.05	0.0	79.05	32.09
66	73.06	23.26	22.36	55.23	17.12	75.96	8.6	33.06	81.44	50.7	43.86	68.77	42.54	71.06	65.44	31.14	14.87	39.0	19.72	36.06	47.42	10.2	49.16	24.19	30.27	54.56	22.83	68.88	84.4	61.81	29.07	43.01	29.07	20.59	71.69	44.38	46.87	50.61	73.59	48.51	77.88	42.05	47.54	29.43	52.8	38.05	45.28	38.6	70.03	31.4	7.07	48.1	55.97	70.84	35.0	63.03	38.08	45.04	50.01	66.1	21.1	59.64	80.1	41.04	43.02	79.05	0.0	47.01
67	41.23	63.35	26.87	64.12	39.46	58.31	51.26	22.47	34.79	92.2	5.1	24.6	63.56	39.7	64.78	18.11	38.9	81.34	40.8	41.11	29.0	56.8	20.62	38.01	64.64	73.98	30.15	43.42	77.83	38.59	60.01	44.72	65.0	67.6	24.7	6.0	55.04	54.01	74.15	42.2	55.61	25.02	89.27	63.25	9.06	45.54	18.44	12.65	38.29	16.49	40.5	62.03	65.12	26.0	62.2	19.92	24.17	21.38	88.23	22.2	29.0	57.56	70.91	49.87	80.53	32.09	47.01	0.0
;
