set K:= 1	2	3	4	5	6	7	8	9;
set C_H:= 1	2	3	4	5	6	7	8	9	10	11	12	13	14	15	16	17	18	19	20	21	22;
set C_S:= 23	24	25	26	27	28	29	30	31	32	33	34	35	36	37	38	39	40	41	42	43;
set C_F:= 44	45	46	47	48	49	50	51	52	53	54	55	56	57	58	59	60	61	62	63	64;
set M:= 65	66	67	68	69	70;
set L_B:= 71	72	73	74	75	76	77	78	79;
set A1:=
(0,*) 1 2 3 4 5 6 7 8 9 10 11 12 13 14 15 16 17 18 19 20 21 22 44 45 46 47 48 49 50 51 52 53 54 55 56 57 58 59 60 61 62 63 64 65 66 67 68 69 70 71 72 73 74 75 76 77 78 79
(1,*) 0 2 3 4 5 6 7 8 9 10 11 12 13 14 15 16 17 18 19 20 21 22 44 45 46 47 48 49 50 51 52 53 54 55 56 57 58 59 60 61 62 63 64 65 66 67 68 69 70 71 72 73 74 75 76 77 78 79
(2,*) 0 1 3 4 5 6 7 8 9 10 11 12 13 14 15 16 17 18 19 20 21 22 44 45 46 47 48 49 50 51 52 53 54 55 56 57 58 59 60 61 62 63 64 65 66 67 68 69 70 71 72 73 74 75 76 77 78 79
(3,*) 0 1 2 4 5 6 7 8 9 10 11 12 13 14 15 16 17 18 19 20 21 22 44 45 46 47 48 49 50 51 52 53 54 55 56 57 58 59 60 61 62 63 64 65 66 67 68 69 70 71 72 73 74 75 76 77 78 79
(4,*) 0 1 2 3 5 6 7 8 9 10 11 12 13 14 15 16 17 18 19 20 21 22 44 45 46 47 48 49 50 51 52 53 54 55 56 57 58 59 60 61 62 63 64 65 66 67 68 69 70 71 72 73 74 75 76 77 78 79
(5,*) 0 1 2 3 4 6 7 8 9 10 11 12 13 14 15 16 17 18 19 20 21 22 44 45 46 47 48 49 50 51 52 53 54 55 56 57 58 59 60 61 62 63 64 65 66 67 68 69 70 71 72 73 74 75 76 77 78 79
(6,*) 0 1 2 3 4 5 7 8 9 10 11 12 13 14 15 16 17 18 19 20 21 22 44 45 46 47 48 49 50 51 52 53 54 55 56 57 58 59 60 61 62 63 64 65 66 67 68 69 70 71 72 73 74 75 76 77 78 79
(7,*) 0 1 2 3 4 5 6 8 9 10 11 12 13 14 15 16 17 18 19 20 21 22 44 45 46 47 48 49 50 51 52 53 54 55 56 57 58 59 60 61 62 63 64 65 66 67 68 69 70 71 72 73 74 75 76 77 78 79
(8,*) 0 1 2 3 4 5 6 7 9 10 11 12 13 14 15 16 17 18 19 20 21 22 44 45 46 47 48 49 50 51 52 53 54 55 56 57 58 59 60 61 62 63 64 65 66 67 68 69 70 71 72 73 74 75 76 77 78 79
(9,*) 0 1 2 3 4 5 6 7 8 10 11 12 13 14 15 16 17 18 19 20 21 22 44 45 46 47 48 49 50 51 52 53 54 55 56 57 58 59 60 61 62 63 64 65 66 67 68 69 70 71 72 73 74 75 76 77 78 79
(10,*) 0 1 2 3 4 5 6 7 8 9 11 12 13 14 15 16 17 18 19 20 21 22 44 45 46 47 48 49 50 51 52 53 54 55 56 57 58 59 60 61 62 63 64 65 66 67 68 69 70 71 72 73 74 75 76 77 78 79
(11,*) 0 1 2 3 4 5 6 7 8 9 10 12 13 14 15 16 17 18 19 20 21 22 44 45 46 47 48 49 50 51 52 53 54 55 56 57 58 59 60 61 62 63 64 65 66 67 68 69 70 71 72 73 74 75 76 77 78 79
(12,*) 0 1 2 3 4 5 6 7 8 9 10 11 13 14 15 16 17 18 19 20 21 22 44 45 46 47 48 49 50 51 52 53 54 55 56 57 58 59 60 61 62 63 64 65 66 67 68 69 70 71 72 73 74 75 76 77 78 79
(13,*) 0 1 2 3 4 5 6 7 8 9 10 11 12 14 15 16 17 18 19 20 21 22 44 45 46 47 48 49 50 51 52 53 54 55 56 57 58 59 60 61 62 63 64 65 66 67 68 69 70 71 72 73 74 75 76 77 78 79
(14,*) 0 1 2 3 4 5 6 7 8 9 10 11 12 13 15 16 17 18 19 20 21 22 44 45 46 47 48 49 50 51 52 53 54 55 56 57 58 59 60 61 62 63 64 65 66 67 68 69 70 71 72 73 74 75 76 77 78 79
(15,*) 0 1 2 3 4 5 6 7 8 9 10 11 12 13 14 16 17 18 19 20 21 22 44 45 46 47 48 49 50 51 52 53 54 55 56 57 58 59 60 61 62 63 64 65 66 67 68 69 70 71 72 73 74 75 76 77 78 79
(16,*) 0 1 2 3 4 5 6 7 8 9 10 11 12 13 14 15 17 18 19 20 21 22 44 45 46 47 48 49 50 51 52 53 54 55 56 57 58 59 60 61 62 63 64 65 66 67 68 69 70 71 72 73 74 75 76 77 78 79
(17,*) 0 1 2 3 4 5 6 7 8 9 10 11 12 13 14 15 16 18 19 20 21 22 44 45 46 47 48 49 50 51 52 53 54 55 56 57 58 59 60 61 62 63 64 65 66 67 68 69 70 71 72 73 74 75 76 77 78 79
(18,*) 0 1 2 3 4 5 6 7 8 9 10 11 12 13 14 15 16 17 19 20 21 22 44 45 46 47 48 49 50 51 52 53 54 55 56 57 58 59 60 61 62 63 64 65 66 67 68 69 70 71 72 73 74 75 76 77 78 79
(19,*) 0 1 2 3 4 5 6 7 8 9 10 11 12 13 14 15 16 17 18 20 21 22 44 45 46 47 48 49 50 51 52 53 54 55 56 57 58 59 60 61 62 63 64 65 66 67 68 69 70 71 72 73 74 75 76 77 78 79
(20,*) 0 1 2 3 4 5 6 7 8 9 10 11 12 13 14 15 16 17 18 19 21 22 44 45 46 47 48 49 50 51 52 53 54 55 56 57 58 59 60 61 62 63 64 65 66 67 68 69 70 71 72 73 74 75 76 77 78 79
(21,*) 0 1 2 3 4 5 6 7 8 9 10 11 12 13 14 15 16 17 18 19 20 22 44 45 46 47 48 49 50 51 52 53 54 55 56 57 58 59 60 61 62 63 64 65 66 67 68 69 70 71 72 73 74 75 76 77 78 79
(22,*) 0 1 2 3 4 5 6 7 8 9 10 11 12 13 14 15 16 17 18 19 20 21 44 45 46 47 48 49 50 51 52 53 54 55 56 57 58 59 60 61 62 63 64 65 66 67 68 69 70 71 72 73 74 75 76 77 78 79
(44,*) 0 1 2 3 4 5 6 7 8 9 10 11 12 13 14 15 16 17 18 19 20 21 22 45 46 47 48 49 50 51 52 53 54 55 56 57 58 59 60 61 62 63 64 65 66 67 68 69 70 71 72 73 74 75 76 77 78 79
(45,*) 0 1 2 3 4 5 6 7 8 9 10 11 12 13 14 15 16 17 18 19 20 21 22 44 46 47 48 49 50 51 52 53 54 55 56 57 58 59 60 61 62 63 64 65 66 67 68 69 70 71 72 73 74 75 76 77 78 79
(46,*) 0 1 2 3 4 5 6 7 8 9 10 11 12 13 14 15 16 17 18 19 20 21 22 44 45 47 48 49 50 51 52 53 54 55 56 57 58 59 60 61 62 63 64 65 66 67 68 69 70 71 72 73 74 75 76 77 78 79
(47,*) 0 1 2 3 4 5 6 7 8 9 10 11 12 13 14 15 16 17 18 19 20 21 22 44 45 46 48 49 50 51 52 53 54 55 56 57 58 59 60 61 62 63 64 65 66 67 68 69 70 71 72 73 74 75 76 77 78 79
(48,*) 0 1 2 3 4 5 6 7 8 9 10 11 12 13 14 15 16 17 18 19 20 21 22 44 45 46 47 49 50 51 52 53 54 55 56 57 58 59 60 61 62 63 64 65 66 67 68 69 70 71 72 73 74 75 76 77 78 79
(49,*) 0 1 2 3 4 5 6 7 8 9 10 11 12 13 14 15 16 17 18 19 20 21 22 44 45 46 47 48 50 51 52 53 54 55 56 57 58 59 60 61 62 63 64 65 66 67 68 69 70 71 72 73 74 75 76 77 78 79
(50,*) 0 1 2 3 4 5 6 7 8 9 10 11 12 13 14 15 16 17 18 19 20 21 22 44 45 46 47 48 49 51 52 53 54 55 56 57 58 59 60 61 62 63 64 65 66 67 68 69 70 71 72 73 74 75 76 77 78 79
(51,*) 0 1 2 3 4 5 6 7 8 9 10 11 12 13 14 15 16 17 18 19 20 21 22 44 45 46 47 48 49 50 52 53 54 55 56 57 58 59 60 61 62 63 64 65 66 67 68 69 70 71 72 73 74 75 76 77 78 79
(52,*) 0 1 2 3 4 5 6 7 8 9 10 11 12 13 14 15 16 17 18 19 20 21 22 44 45 46 47 48 49 50 51 53 54 55 56 57 58 59 60 61 62 63 64 65 66 67 68 69 70 71 72 73 74 75 76 77 78 79
(53,*) 0 1 2 3 4 5 6 7 8 9 10 11 12 13 14 15 16 17 18 19 20 21 22 44 45 46 47 48 49 50 51 52 54 55 56 57 58 59 60 61 62 63 64 65 66 67 68 69 70 71 72 73 74 75 76 77 78 79
(54,*) 0 1 2 3 4 5 6 7 8 9 10 11 12 13 14 15 16 17 18 19 20 21 22 44 45 46 47 48 49 50 51 52 53 55 56 57 58 59 60 61 62 63 64 65 66 67 68 69 70 71 72 73 74 75 76 77 78 79
(55,*) 0 1 2 3 4 5 6 7 8 9 10 11 12 13 14 15 16 17 18 19 20 21 22 44 45 46 47 48 49 50 51 52 53 54 56 57 58 59 60 61 62 63 64 65 66 67 68 69 70 71 72 73 74 75 76 77 78 79
(56,*) 0 1 2 3 4 5 6 7 8 9 10 11 12 13 14 15 16 17 18 19 20 21 22 44 45 46 47 48 49 50 51 52 53 54 55 57 58 59 60 61 62 63 64 65 66 67 68 69 70 71 72 73 74 75 76 77 78 79
(57,*) 0 1 2 3 4 5 6 7 8 9 10 11 12 13 14 15 16 17 18 19 20 21 22 44 45 46 47 48 49 50 51 52 53 54 55 56 58 59 60 61 62 63 64 65 66 67 68 69 70 71 72 73 74 75 76 77 78 79
(58,*) 0 1 2 3 4 5 6 7 8 9 10 11 12 13 14 15 16 17 18 19 20 21 22 44 45 46 47 48 49 50 51 52 53 54 55 56 57 59 60 61 62 63 64 65 66 67 68 69 70 71 72 73 74 75 76 77 78 79
(59,*) 0 1 2 3 4 5 6 7 8 9 10 11 12 13 14 15 16 17 18 19 20 21 22 44 45 46 47 48 49 50 51 52 53 54 55 56 57 58 60 61 62 63 64 65 66 67 68 69 70 71 72 73 74 75 76 77 78 79
(60,*) 0 1 2 3 4 5 6 7 8 9 10 11 12 13 14 15 16 17 18 19 20 21 22 44 45 46 47 48 49 50 51 52 53 54 55 56 57 58 59 61 62 63 64 65 66 67 68 69 70 71 72 73 74 75 76 77 78 79
(61,*) 0 1 2 3 4 5 6 7 8 9 10 11 12 13 14 15 16 17 18 19 20 21 22 44 45 46 47 48 49 50 51 52 53 54 55 56 57 58 59 60 62 63 64 65 66 67 68 69 70 71 72 73 74 75 76 77 78 79
(62,*) 0 1 2 3 4 5 6 7 8 9 10 11 12 13 14 15 16 17 18 19 20 21 22 44 45 46 47 48 49 50 51 52 53 54 55 56 57 58 59 60 61 63 64 65 66 67 68 69 70 71 72 73 74 75 76 77 78 79
(63,*) 0 1 2 3 4 5 6 7 8 9 10 11 12 13 14 15 16 17 18 19 20 21 22 44 45 46 47 48 49 50 51 52 53 54 55 56 57 58 59 60 61 62 64 65 66 67 68 69 70 71 72 73 74 75 76 77 78 79
(64,*) 0 1 2 3 4 5 6 7 8 9 10 11 12 13 14 15 16 17 18 19 20 21 22 44 45 46 47 48 49 50 51 52 53 54 55 56 57 58 59 60 61 62 63 65 66 67 68 69 70 71 72 73 74 75 76 77 78 79
(65,*) 0 1 2 3 4 5 6 7 8 9 10 11 12 13 14 15 16 17 18 19 20 21 22 44 45 46 47 48 49 50 51 52 53 54 55 56 57 58 59 60 61 62 63 64 66 67 68 69 70 71 72 73 74 75 76 77 78 79
(66,*) 0 1 2 3 4 5 6 7 8 9 10 11 12 13 14 15 16 17 18 19 20 21 22 44 45 46 47 48 49 50 51 52 53 54 55 56 57 58 59 60 61 62 63 64 65 67 68 69 70 71 72 73 74 75 76 77 78 79
(67,*) 0 1 2 3 4 5 6 7 8 9 10 11 12 13 14 15 16 17 18 19 20 21 22 44 45 46 47 48 49 50 51 52 53 54 55 56 57 58 59 60 61 62 63 64 65 66 68 69 70 71 72 73 74 75 76 77 78 79
(68,*) 0 1 2 3 4 5 6 7 8 9 10 11 12 13 14 15 16 17 18 19 20 21 22 44 45 46 47 48 49 50 51 52 53 54 55 56 57 58 59 60 61 62 63 64 65 66 67 69 70 71 72 73 74 75 76 77 78 79
(69,*) 0 1 2 3 4 5 6 7 8 9 10 11 12 13 14 15 16 17 18 19 20 21 22 44 45 46 47 48 49 50 51 52 53 54 55 56 57 58 59 60 61 62 63 64 65 66 67 68 70 71 72 73 74 75 76 77 78 79
(70,*) 0 1 2 3 4 5 6 7 8 9 10 11 12 13 14 15 16 17 18 19 20 21 22 44 45 46 47 48 49 50 51 52 53 54 55 56 57 58 59 60 61 62 63 64 65 66 67 68 69 71 72 73 74 75 76 77 78 79
(71,*) 0 1 2 3 4 5 6 7 8 9 10 11 12 13 14 15 16 17 18 19 20 21 22 44 45 46 47 48 49 50 51 52 53 54 55 56 57 58 59 60 61 62 63 64 65 66 67 68 69 70 72 73 74 75 76 77 78 79
(72,*) 0 1 2 3 4 5 6 7 8 9 10 11 12 13 14 15 16 17 18 19 20 21 22 44 45 46 47 48 49 50 51 52 53 54 55 56 57 58 59 60 61 62 63 64 65 66 67 68 69 70 71 73 74 75 76 77 78 79
(73,*) 0 1 2 3 4 5 6 7 8 9 10 11 12 13 14 15 16 17 18 19 20 21 22 44 45 46 47 48 49 50 51 52 53 54 55 56 57 58 59 60 61 62 63 64 65 66 67 68 69 70 71 72 74 75 76 77 78 79
(74,*) 0 1 2 3 4 5 6 7 8 9 10 11 12 13 14 15 16 17 18 19 20 21 22 44 45 46 47 48 49 50 51 52 53 54 55 56 57 58 59 60 61 62 63 64 65 66 67 68 69 70 71 72 73 75 76 77 78 79
(75,*) 0 1 2 3 4 5 6 7 8 9 10 11 12 13 14 15 16 17 18 19 20 21 22 44 45 46 47 48 49 50 51 52 53 54 55 56 57 58 59 60 61 62 63 64 65 66 67 68 69 70 71 72 73 74 76 77 78 79
(76,*) 0 1 2 3 4 5 6 7 8 9 10 11 12 13 14 15 16 17 18 19 20 21 22 44 45 46 47 48 49 50 51 52 53 54 55 56 57 58 59 60 61 62 63 64 65 66 67 68 69 70 71 72 73 74 75 77 78 79
(77,*) 0 1 2 3 4 5 6 7 8 9 10 11 12 13 14 15 16 17 18 19 20 21 22 44 45 46 47 48 49 50 51 52 53 54 55 56 57 58 59 60 61 62 63 64 65 66 67 68 69 70 71 72 73 74 75 76 78 79
(78,*) 0 1 2 3 4 5 6 7 8 9 10 11 12 13 14 15 16 17 18 19 20 21 22 44 45 46 47 48 49 50 51 52 53 54 55 56 57 58 59 60 61 62 63 64 65 66 67 68 69 70 71 72 73 74 75 76 77 79
(79,*) 0 1 2 3 4 5 6 7 8 9 10 11 12 13 14 15 16 17 18 19 20 21 22 44 45 46 47 48 49 50 51 52 53 54 55 56 57 58 59 60 61 62 63 64 65 66 67 68 69 70 71 72 73 74 75 76 77 78
;
set A2:=
(65,*) 66
(66,*) 65
;
param BigM:=99999;
param n:= 9;
param d:=
1	16
2	7
3	20
4	2
5	7
6	26
7	10
8	16
9	24
10	2
11	12
12	18
13	8
14	6
15	25
16	14
17	24
18	20
19	24
20	4
21	16
22	14
23	12
24	24
25	9
26	18
27	11
28	12
29	1
30	15
31	5
32	15
33	14
34	13
35	2
36	2
37	13
38	10
39	6
40	6
41	21
42	23
43	2
44	10
45	26
46	17
47	9
48	11
49	12
50	23
51	9
52	22
53	21
54	17
55	2
56	14
57	23
58	19
59	5
60	24
61	8
62	19
63	14
64	23
;
param Q:=100;
param w:=
[65,*] 66 0.1
[66,*] 65 0.1
;
param V:=
[65,*] 66 95
[66,*] 65 95
;
param e:
	65	66	67	68	69	70	71	72	73	74	75	76	77	78	79:=
23		0		1		0		0		0		0		0		0		0		0		0		0		1		0		0	
24		0		0		0		0		1		0		0		0		0		0		0		0		0		0		0	
25		0		0		0		0		0		0		1		1		0		0		1		0		0		0		0	
26		0		0		1		0		0		1		1		0		0		0		0		0		0		0		0	
27		0		1		0		0		0		0		0		0		0		0		0		0		0		0		0	
28		0		0		0		1		0		0		0		0		1		0		0		0		0		0		0	
29		0		0		0		0		0		1		1		0		0		0		0		0		1		0		0	
30		0		0		0		1		0		0		0		0		1		0		0		0		0		0		0	
31		1		0		0		0		0		0		0		1		0		0		0		0		0		0		0	
32		1		0		0		0		0		0		0		1		0		0		0		0		0		0		0	
33		0		0		1		0		0		1		0		0		0		0		0		0		0		0		0	
34		0		0		0		0		1		0		0		1		0		0		0		0		0		0		0	
35		0		0		0		0		0		0		0		1		0		0		0		0		0		0		0	
36		0		1		0		0		0		0		0		0		0		0		0		0		0		0		0	
37		0		0		0		1		0		0		0		0		0		0		0		1		0		0		0	
38		1		0		0		0		1		0		0		0		0		0		0		0		0		0		0	
39		0		0		0		0		0		0		0		0		0		0		1		1		0		0		1	
40		0		0		1		0		0		1		0		0		0		0		0		0		0		0		0	
41		0		1		0		0		0		0		0		0		0		0		0		0		0		0		0	
42		1		0		0		0		0		0		0		1		0		0		0		0		0		0		0	
43		0		0		1		0		0		0		0		0		0		0		0		0		0		0		0	
44		0		1		0		0		0		0		0		0		0		0		0		0		0		0		0	
45		0		0		0		1		0		0		0		0		1		0		0		0		0		0		0	
46		0		0		1		0		0		1		0		0		0		0		0		0		0		0		0	
47		0		1		0		0		0		0		1		0		0		0		0		0		1		0		0	
48		0		0		0		1		0		0		0		0		1		0		0		1		0		0		1	
49		0		0		0		0		1		0		0		1		0		0		0		0		0		0		0	
50		0		0		0		0		0		0		0		0		0		0		1		1		0		0		1	
51		0		0		0		1		0		0		0		0		1		0		0		1		0		0		1	
52		0		1		0		0		0		0		0		0		0		1		0		0		0		0		0	
53		0		0		0		0		0		1		0		0		0		0		0		0		1		0		0	
54		0		0		0		0		0		1		1		0		0		0		0		0		1		0		0	
55		0		0		0		1		0		0		0		0		1		0		0		1		0		0		1	
56		0		0		0		0		0		0		1		0		0		1		0		0		1		0		0	
57		1		0		0		0		0		0		0		1		0		0		0		0		0		0		0	
58		1		0		0		0		0		0		0		1		0		0		0		0		0		0		0	
59		0		0		0		0		1		0		0		0		0		0		0		0		0		0		0	
60		0		0		0		1		0		0		0		0		0		0		1		1		0		0		1	
61		0		0		0		0		0		0		0		0		0		0		1		1		0		0		1	
62		0		0		1		0		0		0		0		0		0		0		0		0		0		0		0	
63		0		0		1		0		0		1		0		0		0		0		0		0		0		0		0	
64		0		1		0		0		0		0		0		0		0		0		0		0		0		0		0	
;
param p:=
1	3
2	3
3	3
4	3
5	3
6	3
7	3
8	3
9	3
;
param G:=
65	95
66	80
67	100
68	76
69	93
70	79
71	91
72	99
73	89
74	82
75	89
76	82
77	93
78	86
79	76
;
param s:=
0	0
1	10
2	10
3	10
4	10
5	10
6	10
7	10
8	10
9	10
10	10
11	10
12	10
13	10
14	10
15	10
16	10
17	10
18	10
19	10
20	10
21	10
22	10
44	10
45	10
46	10
47	10
48	10
49	10
50	10
51	10
52	10
53	10
54	10
55	10
56	10
57	10
58	10
59	10
60	10
61	10
62	10
63	10
64	10
65	10
66	10
67	10
68	10
69	10
70	10
71	10
72	10
73	10
74	10
75	10
76	10
77	10
78	10
79	10
;
param t:
	0	1	2	3	4	5	6	7	8	9	10	11	12	13	14	15	16	17	18	19	20	21	22	23	24	25	26	27	28	29	30	31	32	33	34	35	36	37	38	39	40	41	42	43	44	45	46	47	48	49	50	51	52	53	54	55	56	57	58	59	60	61	62	63	64	65	66	67	68	69	70	71	72	73	74	75	76	77	78	79:=
0	0.0	52.15	39.7	28.84	35.78	38.83	62.8	39.7	30.0	35.38	52.95	41.23	30.53	73.76	17.09	62.13	22.8	50.12	31.24	62.13	45.12	18.0	26.08	45.12	72.11	26.31	66.6	51.92	46.69	52.8	34.93	50.91	47.2	74.32	61.35	38.47	45.69	18.44	59.36	10.2	63.66	37.74	48.37	68.0	32.25	47.07	70.94	54.63	32.06	64.4	11.31	40.2	38.21	65.3	45.34	33.94	29.73	46.04	52.5	70.26	18.97	25.06	67.08	63.81	35.78	54.49	36.0	78.39	37.12	63.82	59.82	38.9	47.51	46.1	27.66	10.3	20.12	46.1	110.77	12.37
1	52.15	0.0	14.14	59.06	87.82	76.24	63.81	70.03	79.12	55.03	59.09	85.91	47.54	52.15	66.6	81.61	49.4	69.86	64.12	81.61	95.85	68.03	58.31	89.82	44.72	40.05	90.71	95.04	20.1	86.09	22.36	11.31	18.87	84.12	38.42	39.29	97.53	34.0	25.06	56.64	91.41	89.89	24.41	59.46	84.38	38.05	93.68	94.19	28.64	34.0	50.91	32.25	88.02	95.04	74.24	55.71	66.48	20.59	7.21	56.64	34.06	59.36	67.68	82.22	87.82	13.89	84.76	92.14	31.78	25.0	83.2	71.0	23.85	31.06	74.33	41.88	45.22	86.47	99.86	44.55
2	39.7	14.14	0.0	51.92	74.89	62.13	53.81	56.14	65.39	50.16	47.71	71.81	42.19	48.08	55.32	69.08	41.76	56.92	50.04	69.08	82.29	54.59	50.6	75.71	42.43	26.0	77.79	80.89	24.08	72.25	18.44	11.66	12.17	73.24	33.53	26.83	84.38	21.26	24.08	45.61	78.1	77.2	17.09	51.61	71.61	39.4	80.99	80.1	24.08	32.06	40.5	31.62	74.32	81.58	60.53	50.36	52.35	12.65	12.81	50.12	23.32	51.26	58.0	69.86	74.89	15.65	70.94	80.78	29.83	26.93	70.21	57.04	16.16	33.12	60.41	29.7	37.0	72.34	94.37	34.13
3	28.84	59.06	51.92	0.0	48.66	66.48	89.84	68.41	51.88	10.0	80.32	65.51	12.81	96.0	23.41	90.97	10.2	78.89	60.0	90.97	61.61	41.62	2.83	68.96	92.35	51.42	95.27	76.16	43.86	80.62	36.72	63.25	63.15	102.86	82.1	62.8	58.31	36.06	75.71	19.8	92.02	48.17	66.48	93.38	44.72	33.11	99.64	80.45	30.53	82.87	17.89	31.24	57.58	93.34	74.03	8.0	58.14	62.8	62.77	94.53	30.07	4.47	94.25	92.65	48.66	67.36	57.27	107.19	29.7	78.85	88.6	67.48	65.49	36.62	52.43	29.83	15.13	72.2	137.1	21.38
4	35.78	87.82	74.89	48.66	0.0	38.0	81.04	46.39	16.12	58.55	71.47	27.2	58.0	100.24	26.0	68.03	50.04	60.53	41.76	68.03	13.42	21.26	46.39	28.64	100.96	55.32	67.08	34.99	81.61	49.03	70.23	85.6	80.72	84.02	90.44	66.03	10.2	53.85	91.93	34.53	61.61	4.0	80.62	89.89	4.0	78.23	71.39	42.05	66.48	95.27	40.79	72.99	13.42	60.73	50.04	56.57	37.36	79.25	87.66	94.02	54.63	44.41	84.4	70.03	0.0	88.87	16.49	84.29	70.21	96.88	63.2	44.28	79.91	79.08	22.56	46.07	50.49	36.4	127.42	45.88
5	38.83	76.24	62.13	66.48	38.0	0.0	45.65	10.0	22.09	74.03	37.2	14.42	69.34	69.31	46.04	30.07	61.61	23.41	12.17	30.07	34.18	26.08	63.66	16.97	72.47	36.22	30.46	19.7	79.25	14.14	67.47	69.43	62.1	46.04	63.25	41.23	41.23	47.07	69.86	46.69	26.08	42.0	59.46	56.04	38.21	84.31	34.93	18.0	67.05	69.97	50.0	76.55	26.68	26.91	12.17	72.47	10.2	60.17	72.99	61.22	52.5	62.23	48.33	32.06	38.0	71.31	22.36	46.53	73.39	75.24	25.5	7.81	59.14	81.91	16.76	44.38	58.83	10.44	90.03	50.61
6	62.8	63.81	53.81	89.84	81.04	45.65	0.0	35.78	65.15	93.23	10.0	60.03	85.91	27.86	78.1	26.0	80.99	22.8	39.29	26.0	79.62	62.51	87.36	62.13	34.53	38.63	36.06	62.48	77.79	43.86	69.66	52.84	44.94	20.88	30.27	28.84	86.16	55.46	43.68	72.99	40.25	84.9	39.45	11.66	80.05	91.21	36.88	56.57	73.24	38.21	72.28	82.8	71.69	44.72	34.41	92.48	43.68	43.27	57.31	17.89	62.61	86.83	4.47	25.3	81.04	51.89	67.23	29.61	80.21	48.05	30.89	38.01	39.96	85.8	58.52	60.08	76.32	53.6	48.09	68.62
7	39.7	70.03	56.14	68.41	46.39	10.0	35.78	0.0	30.27	74.97	27.2	24.41	69.43	59.4	50.16	23.41	62.23	14.14	8.49	23.41	43.86	31.05	65.6	26.91	62.8	30.27	26.91	28.84	75.29	16.12	63.91	62.29	54.59	38.21	53.85	32.98	50.6	43.86	61.35	48.83	24.41	50.36	51.42	46.04	46.04	82.37	31.24	25.3	64.4	60.83	50.99	74.24	36.06	26.83	5.66	73.59	10.77	52.61	66.12	51.22	50.12	64.4	38.63	25.3	46.39	63.79	31.62	40.16	71.12	66.73	20.25	2.24	51.2	79.2	24.02	43.01	58.8	19.42	81.05	50.33
8	30.0	79.12	65.39	51.88	16.12	22.09	65.15	30.27	0.0	60.93	55.71	14.14	58.24	85.44	28.84	52.15	50.0	44.41	26.0	52.15	17.2	12.0	49.19	17.2	86.83	42.8	51.92	24.41	76.42	34.18	64.5	75.18	69.34	68.0	76.58	52.35	21.63	45.61	79.65	33.53	46.82	20.1	68.41	74.32	16.12	76.66	56.32	29.73	62.03	82.02	38.83	70.11	8.94	46.52	34.0	59.09	21.54	67.68	77.82	78.71	48.37	47.41	68.41	54.15	16.12	78.03	6.0	68.59	67.07	84.81	47.52	28.16	67.8	76.06	6.71	39.32	48.84	22.47	111.31	42.11
9	35.38	55.03	50.16	10.0	58.55	74.03	93.23	74.97	60.93	0.0	84.1	74.24	8.0	96.52	32.98	96.83	12.81	84.4	66.48	96.83	71.39	50.12	12.17	77.82	92.02	54.63	101.86	84.97	37.74	88.09	32.98	60.83	62.03	107.7	82.22	65.15	68.26	37.95	74.24	27.78	99.04	58.14	66.03	95.6	54.59	24.41	106.15	88.84	26.68	82.02	24.08	24.41	67.05	100.66	80.62	2.0	65.12	62.0	59.67	96.1	31.05	14.14	97.69	98.41	58.55	64.94	66.48	112.65	23.71	76.79	94.92	74.25	65.03	29.0	60.9	33.62	17.0	80.45	139.56	25.24
10	52.95	59.09	47.71	80.32	71.47	37.2	10.0	27.2	55.71	84.1	0.0	51.61	76.94	32.8	68.12	24.0	71.69	16.12	29.73	24.0	70.71	52.61	77.79	54.04	37.58	29.53	34.06	55.17	71.22	37.74	62.23	48.7	40.5	25.61	30.59	21.26	76.97	46.65	42.05	63.15	36.88	75.29	35.44	18.87	70.34	83.55	36.06	50.0	65.3	38.47	62.64	75.07	62.61	41.23	26.91	83.26	34.18	38.63	53.14	24.08	53.85	77.2	14.14	24.08	71.47	48.51	58.14	33.12	72.35	47.0	27.46	29.41	35.74	78.49	49.04	50.7	67.12	45.97	58.08	59.24
11	41.23	85.91	71.81	65.51	27.2	14.42	60.03	24.41	14.14	74.24	51.61	0.0	70.94	83.55	42.8	42.43	62.77	37.58	24.41	42.43	20.4	24.17	62.77	4.0	86.37	46.82	40.2	10.77	86.02	22.09	74.03	80.32	73.54	58.86	76.84	53.85	28.07	54.04	82.37	46.52	34.53	31.05	71.55	70.46	28.64	88.29	44.41	15.62	72.44	83.23	51.26	81.22	14.14	33.53	26.0	72.47	20.59	71.69	83.52	75.6	58.14	61.06	62.61	44.41	27.2	82.64	10.77	58.01	78.09	87.71	37.12	22.2	71.11	86.98	13.6	49.25	61.03	9.22	103.58	53.6
12	30.53	47.54	42.19	12.81	58.0	69.34	85.91	69.43	58.24	8.0	76.94	70.94	0.0	88.57	32.0	90.69	8.25	78.1	60.96	90.69	70.26	46.82	13.42	74.67	84.02	47.41	96.21	81.71	31.24	83.23	25.3	52.95	54.04	100.96	74.24	57.58	68.03	30.46	66.27	24.74	93.72	58.14	58.03	87.93	54.0	20.88	100.42	84.97	18.97	74.03	19.7	18.44	65.12	95.6	75.07	8.25	60.0	54.0	51.92	88.29	23.41	15.23	90.38	92.2	58.0	57.07	64.03	106.21	17.03	68.88	89.1	68.88	57.04	23.85	57.38	27.02	10.63	76.48	131.9	19.1
13	73.76	52.15	48.08	96.0	100.24	69.31	27.86	59.4	85.44	96.52	32.8	83.55	88.57	0.0	90.71	53.85	86.02	48.83	60.0	53.85	101.61	79.62	94.02	86.28	8.94	47.54	63.91	87.86	70.68	70.46	66.48	41.18	36.06	46.17	14.56	35.44	107.07	60.03	27.2	83.19	68.03	103.77	31.05	16.49	98.39	87.32	64.56	82.8	71.81	18.44	80.4	79.7	93.23	72.5	59.67	96.33	64.4	35.44	44.94	10.2	66.03	94.09	28.64	53.14	100.24	38.28	88.81	55.15	77.88	29.0	58.6	61.52	32.02	80.78	78.77	67.36	81.02	78.57	47.8	75.11
14	17.09	66.6	55.32	23.41	26.0	46.04	78.1	50.16	28.84	32.98	68.12	42.8	32.0	90.71	0.0	73.54	24.08	62.64	42.38	73.54	38.47	20.0	20.88	46.04	89.2	43.17	76.16	53.25	57.27	60.0	46.65	66.84	63.81	87.36	78.43	55.32	36.06	34.41	76.16	10.0	72.11	26.31	65.3	84.21	22.0	52.35	80.62	58.14	42.05	81.44	16.12	47.54	34.18	72.8	55.46	31.05	39.4	62.77	67.94	86.83	32.56	18.97	82.22	75.39	26.0	70.6	34.0	90.25	44.92	80.45	70.21	48.75	64.41	53.6	30.41	25.81	25.0	50.21	126.19	22.2
15	62.13	81.61	69.08	90.97	68.03	30.07	26.0	23.41	52.15	96.83	24.0	42.43	90.69	53.85	73.54	0.0	84.02	12.81	31.3	0.0	62.8	54.41	88.2	43.17	60.17	46.04	10.2	41.23	91.3	21.54	80.99	71.81	63.56	16.49	54.33	42.38	70.46	62.48	66.03	71.69	14.42	72.03	58.86	37.58	68.26	101.21	12.17	34.0	82.8	62.29	73.24	92.8	56.14	18.87	18.44	95.6	34.18	61.61	76.16	43.86	69.43	87.13	26.08	2.0	68.03	72.01	52.04	16.76	89.81	71.0	5.83	25.0	59.03	97.08	46.53	63.7	80.16	33.96	61.68	71.7
16	22.8	49.4	41.76	10.2	50.04	61.61	80.99	62.23	50.0	12.81	71.69	62.77	8.25	86.02	24.08	84.02	0.0	71.61	53.74	84.02	62.13	38.63	8.94	66.48	82.22	42.38	89.11	73.54	35.61	75.6	27.2	53.14	52.95	95.02	72.03	53.37	60.13	26.31	65.51	16.49	86.37	50.36	56.32	83.95	46.04	28.28	93.38	76.94	21.26	72.69	11.66	24.17	56.89	88.09	67.88	11.66	52.5	52.61	52.8	84.85	20.0	10.0	85.44	85.6	50.04	57.25	55.79	99.86	21.95	68.68	82.13	61.55	55.33	30.08	49.24	21.02	5.0	68.48	127.82	12.53
17	50.12	69.86	56.92	78.89	60.53	23.41	22.8	14.14	44.41	84.4	16.12	37.58	78.1	48.83	62.64	12.81	71.61	0.0	20.4	12.81	57.58	44.41	76.16	39.45	53.67	33.29	20.88	39.7	78.71	21.63	68.26	60.53	52.35	24.74	46.17	30.59	64.56	49.68	56.32	59.93	22.0	64.5	48.04	33.94	60.13	88.41	24.17	34.06	70.0	53.85	61.06	80.0	50.0	26.08	11.66	83.23	24.08	50.36	64.78	39.7	56.64	75.18	25.06	14.14	60.53	61.13	45.61	28.3	77.01	61.52	13.34	16.28	48.09	84.31	38.12	51.09	67.62	30.81	66.91	59.2
18	31.24	64.12	50.04	60.0	41.76	12.17	39.29	8.49	26.0	66.48	29.73	24.41	60.96	60.0	42.38	31.3	53.74	20.4	0.0	31.3	41.62	24.08	57.2	27.78	62.23	24.08	35.38	31.62	67.91	23.41	56.32	57.27	50.0	45.12	52.5	29.53	47.41	36.06	58.14	40.5	32.8	45.61	47.54	48.33	40.79	74.24	39.7	30.07	56.46	58.82	42.52	66.21	33.29	34.99	14.14	65.12	4.47	48.08	60.83	52.84	42.05	56.04	42.76	33.11	41.76	59.2	28.84	47.93	63.07	63.51	28.6	8.06	47.17	71.31	19.31	34.67	50.33	22.56	86.28	41.87
19	62.13	81.61	69.08	90.97	68.03	30.07	26.0	23.41	52.15	96.83	24.0	42.43	90.69	53.85	73.54	0.0	84.02	12.81	31.3	0.0	62.8	54.41	88.2	43.17	60.17	46.04	10.2	41.23	91.3	21.54	80.99	71.81	63.56	16.49	54.33	42.38	70.46	62.48	66.03	71.69	14.42	72.03	58.86	37.58	68.26	101.21	12.17	34.0	82.8	62.29	73.24	92.8	56.14	18.87	18.44	95.6	34.18	61.61	76.16	43.86	69.43	87.13	26.08	2.0	68.03	72.01	52.04	16.76	89.81	71.0	5.83	25.0	59.03	97.08	46.53	63.7	80.16	33.96	61.68	71.7
20	45.12	95.85	82.29	61.61	13.42	34.18	79.62	43.86	17.2	71.39	70.71	20.4	70.26	101.61	38.47	62.8	62.13	57.58	41.62	62.8	0.0	27.86	59.23	20.0	103.48	60.0	60.0	24.74	91.78	42.05	80.05	92.28	86.53	79.25	93.38	69.31	8.25	62.03	96.83	46.0	54.04	15.62	85.6	89.55	17.09	90.0	64.03	32.56	76.94	99.04	52.04	84.21	8.49	52.35	46.17	69.43	37.2	84.88	94.83	94.34	64.03	57.27	82.46	64.78	13.42	95.19	12.81	78.16	81.3	102.0	57.43	41.63	85.0	90.27	23.35	55.08	62.01	29.07	123.94	56.44
21	18.0	68.03	54.59	41.62	21.26	26.08	62.51	31.05	12.0	50.12	52.61	24.17	46.82	79.62	20.0	54.41	38.63	44.41	24.08	54.41	27.86	0.0	38.83	27.86	79.92	34.06	56.36	34.93	64.5	40.0	52.61	64.9	59.67	69.05	69.34	44.94	30.0	34.18	70.71	22.36	52.15	24.41	59.4	70.34	18.87	64.78	60.83	38.83	50.04	74.03	27.2	58.14	20.4	52.8	36.06	48.37	20.4	58.14	67.23	74.0	36.5	37.2	66.27	56.32	21.26	68.01	18.0	71.17	55.08	75.69	50.7	29.41	58.69	64.07	10.82	27.46	37.11	30.61	110.11	30.15
22	26.08	58.31	50.6	2.83	46.39	63.66	87.36	65.6	49.19	12.17	77.79	62.77	13.42	94.02	20.88	88.2	8.94	76.16	57.2	88.2	59.23	38.83	0.0	66.24	90.55	49.03	92.46	73.43	43.86	77.79	36.06	62.03	61.61	100.18	80.22	60.53	56.14	34.0	74.22	16.97	89.2	46.04	64.78	91.08	42.43	34.18	96.83	77.67	30.0	81.22	15.23	31.62	55.03	90.51	71.22	10.2	55.32	61.19	61.74	92.35	28.28	2.0	91.76	89.89	46.39	66.13	54.63	104.45	29.83	77.49	85.8	64.66	63.79	37.22	49.65	27.46	13.6	69.4	134.73	19.1
23	45.12	89.82	75.71	68.96	28.64	16.97	62.13	26.91	17.2	77.82	54.04	4.0	74.67	86.28	46.04	43.17	66.48	39.45	27.78	43.17	20.0	27.86	66.24	0.0	89.38	50.6	40.0	7.21	90.02	22.09	78.03	84.12	77.25	59.67	80.0	57.31	28.07	58.03	85.88	50.16	34.06	32.31	75.15	72.8	30.53	92.2	44.05	13.42	76.42	86.53	55.03	85.16	15.23	32.56	27.78	76.03	24.17	75.39	87.36	78.1	62.13	64.5	64.5	45.12	28.64	86.38	12.81	58.22	82.04	91.24	37.66	24.76	74.73	90.93	17.46	53.24	64.85	9.22	104.69	57.49
24	72.11	44.72	42.43	92.35	100.96	72.47	34.53	62.8	86.83	92.02	37.58	86.37	84.02	8.94	89.2	60.17	82.22	53.67	62.23	60.17	103.48	79.92	90.55	89.38	0.0	46.52	70.34	91.61	63.91	75.18	60.83	34.18	30.27	54.0	10.77	34.99	108.41	56.89	19.7	81.04	74.0	104.31	26.0	24.0	98.79	81.04	71.39	87.13	66.48	10.77	77.67	73.76	95.02	78.43	63.81	92.0	66.48	30.07	37.58	18.11	62.29	90.8	36.06	59.67	100.96	30.87	90.69	63.0	72.18	20.62	64.51	64.82	27.0	74.33	80.28	64.76	77.23	82.2	55.97	72.01
25	26.31	40.05	26.0	51.42	55.32	36.22	38.63	30.27	42.8	54.63	29.53	46.82	47.41	47.54	43.17	46.04	42.38	33.29	24.08	46.04	60.0	34.06	49.03	50.6	46.52	0.0	53.67	55.32	45.69	46.39	34.99	33.53	26.83	54.04	35.78	12.17	63.66	17.2	36.88	36.06	53.14	58.41	25.61	42.19	52.8	55.32	57.31	54.15	36.88	40.0	34.23	46.86	51.61	56.32	34.93	53.85	26.68	25.06	36.88	44.05	24.41	48.66	43.08	47.2	55.32	35.85	47.71	60.11	43.93	42.01	46.07	31.06	25.0	51.04	36.89	21.59	37.7	46.53	85.7	30.08
26	66.6	90.71	77.79	95.27	67.08	30.46	36.06	26.91	51.92	101.86	34.06	40.2	96.21	63.91	76.16	10.2	89.11	20.88	35.38	10.2	60.0	56.36	92.46	40.0	70.34	53.67	0.0	36.5	99.32	18.11	88.59	81.22	72.99	22.8	64.5	51.42	68.03	69.34	76.0	75.6	6.32	71.02	68.47	47.54	67.91	108.17	4.47	28.64	89.89	72.44	77.9	99.86	54.33	10.0	21.26	100.5	37.2	71.02	85.51	53.85	76.03	91.21	35.78	10.77	67.08	81.61	50.64	18.68	96.8	81.02	7.62	27.8	68.59	104.45	47.17	69.53	85.59	31.06	67.54	77.1
27	51.92	95.04	80.89	76.16	34.99	19.7	62.48	28.84	24.41	84.97	55.17	10.77	81.71	87.86	53.25	41.23	73.54	39.7	31.62	41.23	24.74	34.93	73.43	7.21	91.61	55.32	36.5	0.0	96.19	19.7	84.21	88.77	81.61	57.58	82.68	60.93	32.98	64.03	89.55	57.27	30.27	38.47	79.12	73.59	37.2	98.95	40.2	8.0	82.87	89.55	62.03	91.78	21.63	28.0	28.28	83.19	28.64	79.7	92.2	79.2	68.47	71.69	64.4	43.08	34.99	90.8	19.8	55.11	88.65	94.94	35.47	26.93	78.77	97.49	24.35	59.68	71.78	9.43	102.88	64.29
28	46.69	20.1	24.08	43.86	81.61	79.25	77.79	75.29	76.42	37.74	71.22	86.02	31.24	70.68	57.27	91.3	35.61	78.71	67.91	91.3	91.78	64.5	43.86	90.02	63.91	45.69	99.32	96.19	0.0	91.21	12.0	29.73	34.99	96.83	56.36	50.0	91.76	32.25	44.27	47.54	98.79	82.87	40.5	75.6	77.79	18.0	102.86	97.02	15.23	53.14	41.23	13.42	84.85	101.84	80.32	38.83	69.05	36.06	26.68	73.78	28.07	45.34	82.02	92.28	81.61	33.24	82.39	104.04	14.21	44.91	91.71	75.69	39.66	11.0	73.03	37.12	32.76	88.68	117.83	35.74
29	52.8	86.09	72.25	80.62	49.03	14.14	43.86	16.12	34.18	88.09	37.74	22.09	83.23	70.46	60.0	21.54	75.6	21.63	23.41	21.54	42.05	40.0	77.79	22.09	75.18	46.39	18.11	19.7	91.21	0.0	79.7	78.1	70.26	37.95	67.23	48.37	50.0	59.46	76.16	60.83	12.65	52.95	66.75	55.32	50.0	97.51	22.36	12.81	79.85	74.67	64.03	89.55	36.22	12.81	12.17	86.56	23.32	68.26	82.02	61.22	65.39	76.37	45.34	23.41	49.03	79.4	32.56	36.12	86.41	81.49	15.81	15.52	66.61	94.7	30.02	57.71	72.67	13.0	83.22	64.35
30	34.93	22.36	18.44	36.72	70.23	67.47	69.66	63.91	64.5	32.98	62.23	74.03	25.3	66.48	46.65	80.99	27.2	68.26	56.32	80.99	80.05	52.61	36.06	78.03	60.83	34.99	88.59	84.21	12.0	79.7	0.0	28.07	30.59	87.73	51.92	41.04	80.32	20.4	42.05	36.72	87.73	71.69	35.44	68.96	66.48	21.63	92.28	85.16	6.32	50.36	30.53	13.42	72.99	90.62	69.08	33.53	57.27	31.05	26.68	68.03	16.12	37.2	74.03	82.1	70.23	32.14	70.46	94.49	11.4	44.1	81.01	64.2	34.48	16.28	61.03	25.18	23.35	76.79	112.31	24.6
31	50.91	11.31	11.66	63.25	85.6	69.43	52.84	62.29	75.18	60.83	48.7	80.32	52.95	41.18	66.84	71.81	53.14	60.53	57.27	71.81	92.28	64.9	62.03	84.12	34.18	33.53	81.22	88.77	29.73	78.1	28.07	0.0	8.25	73.35	27.2	30.07	94.87	32.56	14.56	57.2	82.39	88.09	13.42	48.17	82.46	47.07	83.95	87.13	34.23	23.41	52.15	40.2	84.12	86.21	66.03	61.19	60.17	10.2	4.47	45.34	34.99	62.77	56.6	72.28	85.6	4.12	80.5	81.54	39.01	16.03	73.82	63.51	13.0	40.26	69.78	41.11	48.47	79.83	88.75	45.79
32	47.2	18.87	12.17	63.15	80.72	62.1	44.94	54.59	69.34	62.03	40.5	73.54	54.04	36.06	63.81	63.56	52.95	52.35	50.0	63.56	86.53	59.67	61.61	77.25	30.27	26.83	72.99	81.61	34.99	70.26	30.59	8.25	0.0	65.3	21.54	22.0	89.64	29.53	12.65	54.59	74.24	83.45	5.66	41.04	77.79	51.26	75.71	79.62	36.22	20.0	50.16	43.68	78.23	78.1	58.14	62.13	53.14	2.0	12.65	38.83	33.53	62.1	48.83	64.03	80.72	9.22	74.43	73.41	41.98	16.64	65.62	55.9	5.0	44.78	63.63	38.08	48.05	72.53	82.86	44.01
33	74.32	84.12	73.24	102.86	84.02	46.04	20.88	38.21	68.0	107.7	25.61	58.86	100.96	46.17	87.36	16.49	95.02	24.74	45.12	16.49	79.25	69.05	100.18	59.67	54.0	54.04	22.8	57.58	96.83	37.95	87.73	73.35	65.3	0.0	50.99	46.86	86.83	71.22	64.56	84.31	28.84	88.02	59.93	30.0	84.02	108.9	21.26	50.16	90.55	58.86	84.97	100.42	72.44	32.8	34.0	106.68	48.66	63.53	77.82	36.06	78.41	99.32	18.11	14.56	84.02	72.62	68.26	9.0	97.62	68.88	22.14	40.11	60.37	104.0	62.07	74.09	90.74	50.45	45.31	82.49
34	61.35	38.42	33.53	82.1	90.44	63.25	30.27	53.85	76.58	82.22	30.59	76.84	74.24	14.56	78.43	54.33	72.03	46.17	52.5	54.33	93.38	69.34	80.22	80.0	10.77	35.78	64.5	82.68	56.36	67.23	51.92	27.2	21.54	50.99	0.0	24.41	98.08	46.39	14.42	70.34	67.47	93.74	16.49	22.36	88.2	72.8	66.12	78.71	57.27	8.0	67.08	65.15	84.9	71.81	55.46	82.1	56.64	20.88	31.24	18.44	52.04	80.4	32.98	54.15	90.44	24.76	80.62	59.84	63.32	18.03	58.05	55.76	17.46	66.31	70.09	54.13	67.03	73.25	61.59	61.52
35	38.47	39.29	26.83	62.8	66.03	41.23	28.84	32.98	52.35	65.15	21.26	53.85	57.58	35.44	55.32	42.38	53.37	30.59	29.53	42.38	69.31	44.94	60.53	57.31	34.99	12.17	51.42	60.93	50.0	48.37	41.04	30.07	22.0	46.86	24.41	0.0	73.76	27.2	28.64	48.17	52.35	69.34	18.44	30.59	63.81	62.48	54.41	58.24	44.41	29.73	46.04	54.04	60.83	56.14	36.22	64.56	33.29	20.0	34.23	32.0	34.18	60.3	33.29	43.08	66.03	31.06	56.64	54.08	51.4	34.01	43.93	34.48	18.25	57.28	45.97	33.14	48.51	51.62	74.46	41.44
36	45.69	97.53	84.38	58.31	10.2	41.23	86.16	50.6	21.63	68.26	76.97	28.07	68.03	107.07	36.06	70.46	60.13	64.56	47.41	70.46	8.25	30.0	56.14	28.07	108.41	63.66	68.03	32.98	91.76	50.0	80.32	94.87	89.64	86.83	98.08	73.76	0.0	63.53	100.5	44.72	62.13	10.2	89.2	95.71	14.14	88.36	72.11	40.79	76.66	103.32	50.99	83.19	14.56	60.53	53.37	66.27	42.94	88.09	97.1	100.24	64.62	54.15	89.2	72.44	10.2	98.01	18.97	86.05	80.41	105.55	65.19	48.38	88.53	89.27	28.3	55.95	60.67	37.0	131.24	56.04
37	18.44	34.0	21.26	36.06	53.85	47.07	55.46	43.86	45.61	37.95	46.65	54.04	30.46	60.03	34.41	62.48	26.31	49.68	36.06	62.48	62.03	34.18	34.0	58.03	56.89	17.2	69.34	64.03	32.25	59.46	20.4	32.56	29.53	71.22	46.39	27.2	63.53	0.0	42.05	25.06	68.0	56.04	31.62	57.72	50.48	38.83	73.24	64.78	20.59	48.08	20.88	30.53	54.41	70.68	49.19	37.36	36.88	28.64	34.06	58.55	7.21	34.06	59.93	63.78	53.85	36.24	51.42	77.1	27.46	46.14	61.85	44.01	30.68	35.34	41.44	8.6	21.38	56.44	101.65	15.13
38	59.36	25.06	24.08	75.71	91.93	69.86	43.68	61.35	79.65	74.24	42.05	82.37	66.27	27.2	76.16	66.03	65.51	56.32	58.14	66.03	96.83	70.71	74.22	85.88	19.7	36.88	76.0	89.55	44.27	76.16	42.05	14.56	12.65	64.56	14.42	28.64	100.5	42.05	0.0	67.08	78.23	94.85	11.31	36.72	89.2	61.61	78.1	86.65	48.0	8.94	62.77	54.59	88.41	82.39	64.03	74.43	61.77	13.42	17.89	32.8	46.17	74.73	46.82	66.12	91.93	11.18	84.4	73.25	53.24	5.39	69.07	62.97	12.04	54.82	73.6	50.54	60.64	80.23	75.0	56.65
39	10.2	56.64	45.61	19.8	34.53	46.69	72.99	48.83	33.53	27.78	63.15	46.52	24.74	83.19	10.0	71.69	16.49	59.93	40.5	71.69	46.0	22.36	16.97	50.16	81.04	36.06	75.6	57.27	47.54	60.83	36.72	57.2	54.59	84.31	70.34	48.17	44.72	25.06	67.08	0.0	72.25	35.44	56.46	78.03	30.59	44.0	80.0	61.06	32.31	72.8	6.32	38.47	40.45	73.54	54.41	26.08	38.42	53.67	58.14	80.1	22.63	15.62	77.28	73.43	34.53	61.03	39.29	88.12	35.69	71.2	69.07	47.8	55.54	44.55	33.12	16.55	16.03	52.7	120.93	12.21
40	63.66	91.41	78.1	92.02	61.61	26.08	40.25	24.41	46.82	99.04	36.88	34.53	93.72	68.03	72.11	14.42	86.37	22.0	32.8	14.42	54.04	52.15	89.2	34.06	74.0	53.14	6.32	30.27	98.79	12.65	87.73	82.39	74.24	28.84	67.47	52.35	62.13	68.0	78.23	72.25	0.0	65.51	70.03	51.88	62.64	106.68	10.0	22.36	88.59	75.31	74.97	98.49	48.66	4.47	18.87	97.59	33.94	72.25	86.58	58.14	74.43	87.86	40.5	15.62	61.61	83.1	45.12	25.0	95.38	83.38	9.49	24.84	70.06	103.31	42.49	67.42	83.1	25.32	73.79	74.65
41	37.74	89.89	77.2	48.17	4.0	42.0	84.9	50.36	20.1	58.14	75.29	31.05	58.14	103.77	26.31	72.03	50.36	64.5	45.61	72.03	15.62	24.41	46.04	32.31	104.31	58.41	71.02	38.47	82.87	52.95	71.69	88.09	83.45	88.02	93.74	69.34	10.2	56.04	94.85	35.44	65.51	0.0	83.55	93.64	5.66	78.64	75.31	45.69	67.68	98.41	41.76	73.76	17.09	64.56	54.04	56.14	41.23	82.02	90.0	97.69	56.36	44.05	88.29	74.03	4.0	91.44	20.4	88.28	71.06	99.72	67.19	48.26	82.81	79.83	26.48	48.02	51.2	40.26	131.38	47.17
42	48.37	24.41	17.09	66.48	80.62	59.46	39.45	51.42	68.41	66.03	35.44	71.55	58.03	31.05	65.3	58.86	56.32	48.04	47.54	58.86	85.6	59.4	64.78	75.15	26.0	25.61	68.47	79.12	40.5	66.75	35.44	13.42	5.66	59.93	16.49	18.44	89.2	31.62	11.31	56.46	70.03	83.55	0.0	35.38	77.9	56.46	71.02	76.66	40.79	16.49	52.5	48.7	77.2	74.0	54.59	66.0	50.99	4.47	17.89	33.29	36.5	65.12	43.27	59.23	80.62	13.15	73.24	68.15	46.84	16.4	61.2	52.89	1.0	50.09	62.43	39.92	51.35	69.89	77.41	46.57
43	68.0	59.46	51.61	93.38	89.89	56.04	11.66	46.04	74.32	95.6	18.87	70.46	87.93	16.49	84.21	37.58	83.95	33.94	48.33	37.58	89.55	70.34	91.08	72.8	24.0	42.19	47.54	73.59	75.6	55.32	68.96	48.17	41.04	30.0	22.36	30.59	95.71	57.72	36.72	78.03	51.88	93.64	35.38	0.0	88.54	90.55	48.08	67.94	73.35	29.73	76.42	82.37	81.41	56.36	45.34	95.08	52.8	39.7	52.5	6.32	64.56	90.8	12.17	36.77	89.89	46.4	76.94	39.0	80.06	40.31	42.54	48.26	36.12	84.6	67.62	63.64	79.08	64.54	43.97	72.01
44	32.25	84.38	71.61	44.72	4.0	38.21	80.05	46.04	16.12	54.59	70.34	28.64	54.0	98.39	22.0	68.26	46.04	60.13	40.79	68.26	17.09	18.87	42.43	30.53	98.79	52.8	67.91	37.2	77.79	50.0	66.48	82.46	77.79	84.02	88.2	63.81	14.14	50.48	89.2	30.59	62.64	5.66	77.9	88.54	0.0	74.24	72.28	43.91	62.64	92.8	36.88	69.05	15.62	62.03	50.04	52.61	36.5	76.37	84.4	92.48	50.99	40.45	83.55	70.26	4.0	85.8	17.89	84.72	66.29	94.07	63.64	44.01	77.16	75.13	22.02	42.54	46.53	37.7	126.89	42.06
45	47.07	38.05	39.4	33.11	78.23	84.31	91.21	82.37	76.66	24.41	83.55	88.29	20.88	87.32	52.35	101.21	28.28	88.41	74.24	101.21	90.0	64.78	34.18	92.2	81.04	55.32	108.17	98.95	18.0	97.51	21.63	47.07	51.26	108.9	72.8	62.48	88.36	38.83	61.61	44.0	106.68	78.64	56.46	90.55	74.24	0.0	112.07	101.19	18.44	70.34	38.05	8.49	84.21	109.18	87.82	26.08	74.32	52.0	44.41	89.44	32.25	36.06	95.6	102.45	78.23	50.8	82.61	115.36	11.4	62.65	100.69	82.3	55.54	7.0	74.73	39.92	28.02	92.66	133.72	34.71
46	70.94	93.68	80.99	99.64	71.39	34.93	36.88	31.24	56.32	106.15	36.06	44.41	100.42	64.56	80.62	12.17	93.38	24.17	39.7	12.17	64.03	60.83	96.83	44.05	71.39	57.31	4.47	40.2	102.86	22.36	92.28	83.95	75.71	21.26	66.12	54.41	72.11	73.24	78.1	80.0	10.0	75.31	71.02	48.08	72.28	112.07	0.0	32.25	93.74	74.11	82.22	103.73	58.55	12.65	25.61	104.8	41.62	73.76	88.29	54.41	80.0	95.6	36.06	12.0	71.39	84.17	54.92	15.65	100.69	83.02	11.4	32.2	71.2	108.23	51.62	73.66	89.81	35.23	65.0	81.32
47	54.63	94.19	80.1	80.45	42.05	18.0	56.57	25.3	29.73	88.84	50.0	15.62	84.97	82.8	58.14	34.0	76.94	34.06	30.07	34.0	32.56	38.83	77.67	13.42	87.13	54.15	28.64	8.0	97.02	12.81	85.16	87.13	79.62	50.16	78.71	58.24	40.79	64.78	86.65	61.06	22.36	45.69	76.66	67.94	43.91	101.19	32.25	0.0	84.4	85.91	65.3	93.68	28.64	20.0	23.32	87.13	28.07	77.67	90.8	73.76	69.86	76.03	58.14	35.78	42.05	88.84	26.08	47.3	90.52	92.03	28.18	23.77	76.4	99.2	28.02	61.4	74.73	8.54	95.46	66.85
48	32.06	28.64	24.08	30.53	66.48	67.05	73.24	64.4	62.03	26.68	65.3	72.44	18.97	71.81	42.05	82.8	21.26	70.0	56.46	82.8	76.94	50.04	30.0	76.42	66.48	36.88	89.89	82.87	15.23	79.85	6.32	34.23	36.22	90.55	57.27	44.41	76.66	20.59	48.0	32.31	88.59	67.68	40.79	73.35	62.64	18.44	93.74	84.4	0.0	56.14	26.0	10.0	70.26	91.24	69.77	27.2	56.92	36.5	32.98	72.8	14.56	31.24	77.67	84.02	66.48	38.33	68.03	96.94	7.07	50.25	82.38	64.47	39.81	14.87	59.14	23.19	17.8	75.93	117.0	20.62
49	64.4	34.0	32.06	82.87	95.27	69.97	38.21	60.83	82.02	82.02	38.47	83.23	74.03	18.44	81.44	62.29	72.69	53.85	58.82	62.29	99.04	74.03	81.22	86.53	10.77	40.0	72.44	89.55	53.14	74.67	50.36	23.41	20.0	58.86	8.0	29.73	103.32	48.08	8.94	72.8	75.31	98.41	16.49	29.73	92.8	70.34	74.11	85.91	56.14	0.0	68.96	63.15	90.55	79.62	62.77	82.1	62.8	20.1	26.83	25.06	52.95	81.58	40.79	62.13	95.27	20.12	86.37	67.74	61.66	10.82	65.92	62.65	17.46	63.6	75.69	56.3	67.74	80.13	66.22	63.06
50	11.31	50.91	40.5	17.89	40.79	50.0	72.28	50.99	38.83	24.08	62.64	51.26	19.7	80.4	16.12	73.24	11.66	61.06	42.52	73.24	52.04	27.2	15.23	55.03	77.67	34.23	77.9	62.03	41.23	64.03	30.53	52.15	50.16	84.97	67.08	46.04	50.99	20.88	62.77	6.32	74.97	41.76	52.5	76.42	36.88	38.05	82.22	65.3	26.0	68.96	0.0	32.25	46.17	76.58	56.64	22.63	41.04	49.4	52.8	78.03	17.2	14.56	76.66	74.89	40.79	56.08	44.72	89.36	29.43	66.64	71.06	50.21	51.55	38.33	37.7	13.04	10.05	56.82	119.85	6.4
51	40.2	32.25	31.62	31.24	72.99	76.55	82.8	74.24	70.11	24.41	75.07	81.22	18.44	79.7	47.54	92.8	24.17	80.0	66.21	92.8	84.21	58.14	31.62	85.16	73.76	46.86	99.86	91.78	13.42	89.55	13.42	40.2	43.68	100.42	65.15	54.04	83.19	30.53	54.59	38.47	98.49	73.76	48.7	82.37	69.05	8.49	103.73	93.68	10.0	63.15	32.25	0.0	78.0	101.07	79.65	25.61	66.48	44.27	38.0	81.44	24.17	33.29	87.2	94.02	72.99	44.1	76.11	106.89	3.16	56.08	92.36	74.25	47.76	6.08	67.74	32.28	22.56	85.16	125.72	28.02
52	38.21	88.02	74.32	57.58	13.42	26.68	71.69	36.06	8.94	67.05	62.61	14.14	65.12	93.23	34.18	56.14	56.89	50.0	33.29	56.14	8.49	20.4	55.03	15.23	95.02	51.61	54.33	21.63	84.85	36.22	72.99	84.12	78.23	72.44	84.9	60.83	14.56	54.41	88.41	40.45	48.66	17.09	77.2	81.41	15.62	84.21	58.55	28.64	70.26	90.55	46.17	78.0	0.0	47.54	38.83	65.15	28.84	76.55	86.76	86.09	56.89	53.14	74.67	58.14	13.42	86.95	4.47	72.01	75.01	93.6	51.01	33.84	76.61	84.01	14.87	47.85	56.22	23.35	116.71	50.01
53	65.3	95.04	81.58	93.34	60.73	26.91	44.72	26.83	46.52	100.66	41.23	33.53	95.6	72.5	72.8	18.87	88.09	26.08	34.99	18.87	52.35	52.8	90.51	32.56	78.43	56.32	10.0	28.0	101.84	12.81	90.62	86.21	78.1	32.8	71.81	56.14	60.53	70.68	82.39	73.54	4.47	64.56	74.0	56.36	62.03	109.18	12.65	20.0	91.24	79.62	76.58	101.07	47.54	0.0	21.54	99.16	35.61	76.11	90.35	62.61	76.94	89.11	44.94	20.0	60.73	87.02	44.27	28.23	97.95	87.57	13.93	26.93	74.01	106.02	42.72	69.64	85.0	24.35	77.41	76.61
54	45.34	74.24	60.53	74.03	50.04	12.17	34.41	5.66	34.0	80.62	26.91	26.0	75.07	59.67	55.46	18.44	67.88	11.66	14.14	18.44	46.17	36.06	71.22	27.78	63.81	34.93	21.26	28.28	80.32	12.17	69.08	66.03	58.14	34.0	55.46	36.22	53.37	49.19	64.03	54.41	18.87	54.04	54.59	45.34	50.04	87.82	25.61	23.32	69.77	62.77	56.64	79.65	38.83	21.54	0.0	79.25	16.12	56.14	70.0	50.91	55.57	70.0	36.72	20.4	50.04	67.27	34.53	35.17	76.54	69.38	14.76	6.71	54.45	84.53	28.16	48.6	64.44	19.21	77.88	55.97
