set K:= 1	2	3	4	5	6	7	8	9	10;
set C_H:= 1	2	3	4	5	6	7	8	9	10	11	12	13	14	15	16	17	18	19	20;
set C_S:= 21	22	23	24	25	26	27	28	29	30	31	32	33	34	35	36	37	38	39	40	41;
set C_F:= 42	43	44	45	46	47	48	49	50	51	52	53	54	55	56	57	58	59	60	61	62;
set M:= 63	64	65	66	67	68;
set L_B:= 69	70	71	72	73	74;
set A1:=
(0,*) 1 2 3 4 5 6 7 8 9 10 11 12 13 14 15 16 17 18 19 20 42 43 44 45 46 47 48 49 50 51 52 53 54 55 56 57 58 59 60 61 62 63 64 65 66 67 68 69 70 71 72 73 74 75
(1,*) 0 2 3 4 5 6 7 8 9 10 11 12 13 14 15 16 17 18 19 20 42 43 44 45 46 47 48 49 50 51 52 53 54 55 56 57 58 59 60 61 62 63 64 65 66 67 68 69 70 71 72 73 74 75
(2,*) 0 1 3 4 5 6 7 8 9 10 11 12 13 14 15 16 17 18 19 20 42 43 44 45 46 47 48 49 50 51 52 53 54 55 56 57 58 59 60 61 62 63 64 65 66 67 68 69 70 71 72 73 74 75
(3,*) 0 1 2 4 5 6 7 8 9 10 11 12 13 14 15 16 17 18 19 20 42 43 44 45 46 47 48 49 50 51 52 53 54 55 56 57 58 59 60 61 62 63 64 65 66 67 68 69 70 71 72 73 74 75
(4,*) 0 1 2 3 5 6 7 8 9 10 11 12 13 14 15 16 17 18 19 20 42 43 44 45 46 47 48 49 50 51 52 53 54 55 56 57 58 59 60 61 62 63 64 65 66 67 68 69 70 71 72 73 74 75
(5,*) 0 1 2 3 4 6 7 8 9 10 11 12 13 14 15 16 17 18 19 20 42 43 44 45 46 47 48 49 50 51 52 53 54 55 56 57 58 59 60 61 62 63 64 65 66 67 68 69 70 71 72 73 74 75
(6,*) 0 1 2 3 4 5 7 8 9 10 11 12 13 14 15 16 17 18 19 20 42 43 44 45 46 47 48 49 50 51 52 53 54 55 56 57 58 59 60 61 62 63 64 65 66 67 68 69 70 71 72 73 74 75
(7,*) 0 1 2 3 4 5 6 8 9 10 11 12 13 14 15 16 17 18 19 20 42 43 44 45 46 47 48 49 50 51 52 53 54 55 56 57 58 59 60 61 62 63 64 65 66 67 68 69 70 71 72 73 74 75
(8,*) 0 1 2 3 4 5 6 7 9 10 11 12 13 14 15 16 17 18 19 20 42 43 44 45 46 47 48 49 50 51 52 53 54 55 56 57 58 59 60 61 62 63 64 65 66 67 68 69 70 71 72 73 74 75
(9,*) 0 1 2 3 4 5 6 7 8 10 11 12 13 14 15 16 17 18 19 20 42 43 44 45 46 47 48 49 50 51 52 53 54 55 56 57 58 59 60 61 62 63 64 65 66 67 68 69 70 71 72 73 74 75
(10,*) 0 1 2 3 4 5 6 7 8 9 11 12 13 14 15 16 17 18 19 20 42 43 44 45 46 47 48 49 50 51 52 53 54 55 56 57 58 59 60 61 62 63 64 65 66 67 68 69 70 71 72 73 74 75
(11,*) 0 1 2 3 4 5 6 7 8 9 10 12 13 14 15 16 17 18 19 20 42 43 44 45 46 47 48 49 50 51 52 53 54 55 56 57 58 59 60 61 62 63 64 65 66 67 68 69 70 71 72 73 74 75
(12,*) 0 1 2 3 4 5 6 7 8 9 10 11 13 14 15 16 17 18 19 20 42 43 44 45 46 47 48 49 50 51 52 53 54 55 56 57 58 59 60 61 62 63 64 65 66 67 68 69 70 71 72 73 74 75
(13,*) 0 1 2 3 4 5 6 7 8 9 10 11 12 14 15 16 17 18 19 20 42 43 44 45 46 47 48 49 50 51 52 53 54 55 56 57 58 59 60 61 62 63 64 65 66 67 68 69 70 71 72 73 74 75
(14,*) 0 1 2 3 4 5 6 7 8 9 10 11 12 13 15 16 17 18 19 20 42 43 44 45 46 47 48 49 50 51 52 53 54 55 56 57 58 59 60 61 62 63 64 65 66 67 68 69 70 71 72 73 74 75
(15,*) 0 1 2 3 4 5 6 7 8 9 10 11 12 13 14 16 17 18 19 20 42 43 44 45 46 47 48 49 50 51 52 53 54 55 56 57 58 59 60 61 62 63 64 65 66 67 68 69 70 71 72 73 74 75
(16,*) 0 1 2 3 4 5 6 7 8 9 10 11 12 13 14 15 17 18 19 20 42 43 44 45 46 47 48 49 50 51 52 53 54 55 56 57 58 59 60 61 62 63 64 65 66 67 68 69 70 71 72 73 74 75
(17,*) 0 1 2 3 4 5 6 7 8 9 10 11 12 13 14 15 16 18 19 20 42 43 44 45 46 47 48 49 50 51 52 53 54 55 56 57 58 59 60 61 62 63 64 65 66 67 68 69 70 71 72 73 74 75
(18,*) 0 1 2 3 4 5 6 7 8 9 10 11 12 13 14 15 16 17 19 20 42 43 44 45 46 47 48 49 50 51 52 53 54 55 56 57 58 59 60 61 62 63 64 65 66 67 68 69 70 71 72 73 74 75
(19,*) 0 1 2 3 4 5 6 7 8 9 10 11 12 13 14 15 16 17 18 20 42 43 44 45 46 47 48 49 50 51 52 53 54 55 56 57 58 59 60 61 62 63 64 65 66 67 68 69 70 71 72 73 74 75
(20,*) 0 1 2 3 4 5 6 7 8 9 10 11 12 13 14 15 16 17 18 19 42 43 44 45 46 47 48 49 50 51 52 53 54 55 56 57 58 59 60 61 62 63 64 65 66 67 68 69 70 71 72 73 74 75
(42,*) 0 1 2 3 4 5 6 7 8 9 10 11 12 13 14 15 16 17 18 19 20 43 44 45 46 47 48 49 50 51 52 53 54 55 56 57 58 59 60 61 62 63 64 65 66 67 68 69 70 71 72 73 74 75
(43,*) 0 1 2 3 4 5 6 7 8 9 10 11 12 13 14 15 16 17 18 19 20 42 44 45 46 47 48 49 50 51 52 53 54 55 56 57 58 59 60 61 62 63 64 65 66 67 68 69 70 71 72 73 74 75
(44,*) 0 1 2 3 4 5 6 7 8 9 10 11 12 13 14 15 16 17 18 19 20 42 43 45 46 47 48 49 50 51 52 53 54 55 56 57 58 59 60 61 62 63 64 65 66 67 68 69 70 71 72 73 74 75
(45,*) 0 1 2 3 4 5 6 7 8 9 10 11 12 13 14 15 16 17 18 19 20 42 43 44 46 47 48 49 50 51 52 53 54 55 56 57 58 59 60 61 62 63 64 65 66 67 68 69 70 71 72 73 74 75
(46,*) 0 1 2 3 4 5 6 7 8 9 10 11 12 13 14 15 16 17 18 19 20 42 43 44 45 47 48 49 50 51 52 53 54 55 56 57 58 59 60 61 62 63 64 65 66 67 68 69 70 71 72 73 74 75
(47,*) 0 1 2 3 4 5 6 7 8 9 10 11 12 13 14 15 16 17 18 19 20 42 43 44 45 46 48 49 50 51 52 53 54 55 56 57 58 59 60 61 62 63 64 65 66 67 68 69 70 71 72 73 74 75
(48,*) 0 1 2 3 4 5 6 7 8 9 10 11 12 13 14 15 16 17 18 19 20 42 43 44 45 46 47 49 50 51 52 53 54 55 56 57 58 59 60 61 62 63 64 65 66 67 68 69 70 71 72 73 74 75
(49,*) 0 1 2 3 4 5 6 7 8 9 10 11 12 13 14 15 16 17 18 19 20 42 43 44 45 46 47 48 50 51 52 53 54 55 56 57 58 59 60 61 62 63 64 65 66 67 68 69 70 71 72 73 74 75
(50,*) 0 1 2 3 4 5 6 7 8 9 10 11 12 13 14 15 16 17 18 19 20 42 43 44 45 46 47 48 49 51 52 53 54 55 56 57 58 59 60 61 62 63 64 65 66 67 68 69 70 71 72 73 74 75
(51,*) 0 1 2 3 4 5 6 7 8 9 10 11 12 13 14 15 16 17 18 19 20 42 43 44 45 46 47 48 49 50 52 53 54 55 56 57 58 59 60 61 62 63 64 65 66 67 68 69 70 71 72 73 74 75
(52,*) 0 1 2 3 4 5 6 7 8 9 10 11 12 13 14 15 16 17 18 19 20 42 43 44 45 46 47 48 49 50 51 53 54 55 56 57 58 59 60 61 62 63 64 65 66 67 68 69 70 71 72 73 74 75
(53,*) 0 1 2 3 4 5 6 7 8 9 10 11 12 13 14 15 16 17 18 19 20 42 43 44 45 46 47 48 49 50 51 52 54 55 56 57 58 59 60 61 62 63 64 65 66 67 68 69 70 71 72 73 74 75
(54,*) 0 1 2 3 4 5 6 7 8 9 10 11 12 13 14 15 16 17 18 19 20 42 43 44 45 46 47 48 49 50 51 52 53 55 56 57 58 59 60 61 62 63 64 65 66 67 68 69 70 71 72 73 74 75
(55,*) 0 1 2 3 4 5 6 7 8 9 10 11 12 13 14 15 16 17 18 19 20 42 43 44 45 46 47 48 49 50 51 52 53 54 56 57 58 59 60 61 62 63 64 65 66 67 68 69 70 71 72 73 74 75
(56,*) 0 1 2 3 4 5 6 7 8 9 10 11 12 13 14 15 16 17 18 19 20 42 43 44 45 46 47 48 49 50 51 52 53 54 55 57 58 59 60 61 62 63 64 65 66 67 68 69 70 71 72 73 74 75
(57,*) 0 1 2 3 4 5 6 7 8 9 10 11 12 13 14 15 16 17 18 19 20 42 43 44 45 46 47 48 49 50 51 52 53 54 55 56 58 59 60 61 62 63 64 65 66 67 68 69 70 71 72 73 74 75
(58,*) 0 1 2 3 4 5 6 7 8 9 10 11 12 13 14 15 16 17 18 19 20 42 43 44 45 46 47 48 49 50 51 52 53 54 55 56 57 59 60 61 62 63 64 65 66 67 68 69 70 71 72 73 74 75
(59,*) 0 1 2 3 4 5 6 7 8 9 10 11 12 13 14 15 16 17 18 19 20 42 43 44 45 46 47 48 49 50 51 52 53 54 55 56 57 58 60 61 62 63 64 65 66 67 68 69 70 71 72 73 74 75
(60,*) 0 1 2 3 4 5 6 7 8 9 10 11 12 13 14 15 16 17 18 19 20 42 43 44 45 46 47 48 49 50 51 52 53 54 55 56 57 58 59 61 62 63 64 65 66 67 68 69 70 71 72 73 74 75
(61,*) 0 1 2 3 4 5 6 7 8 9 10 11 12 13 14 15 16 17 18 19 20 42 43 44 45 46 47 48 49 50 51 52 53 54 55 56 57 58 59 60 62 63 64 65 66 67 68 69 70 71 72 73 74 75
(62,*) 0 1 2 3 4 5 6 7 8 9 10 11 12 13 14 15 16 17 18 19 20 42 43 44 45 46 47 48 49 50 51 52 53 54 55 56 57 58 59 60 61 63 64 65 66 67 68 69 70 71 72 73 74 75
(63,*) 0 1 2 3 4 5 6 7 8 9 10 11 12 13 14 15 16 17 18 19 20 42 43 44 45 46 47 48 49 50 51 52 53 54 55 56 57 58 59 60 61 62 64 65 66 67 68 69 70 71 72 73 74 75
(64,*) 0 1 2 3 4 5 6 7 8 9 10 11 12 13 14 15 16 17 18 19 20 42 43 44 45 46 47 48 49 50 51 52 53 54 55 56 57 58 59 60 61 62 63 65 66 67 68 69 70 71 72 73 74 75
(65,*) 0 1 2 3 4 5 6 7 8 9 10 11 12 13 14 15 16 17 18 19 20 42 43 44 45 46 47 48 49 50 51 52 53 54 55 56 57 58 59 60 61 62 63 64 66 67 68 69 70 71 72 73 74 75
(66,*) 0 1 2 3 4 5 6 7 8 9 10 11 12 13 14 15 16 17 18 19 20 42 43 44 45 46 47 48 49 50 51 52 53 54 55 56 57 58 59 60 61 62 63 64 65 67 68 69 70 71 72 73 74 75
(67,*) 0 1 2 3 4 5 6 7 8 9 10 11 12 13 14 15 16 17 18 19 20 42 43 44 45 46 47 48 49 50 51 52 53 54 55 56 57 58 59 60 61 62 63 64 65 66 68 69 70 71 72 73 74 75
(68,*) 0 1 2 3 4 5 6 7 8 9 10 11 12 13 14 15 16 17 18 19 20 42 43 44 45 46 47 48 49 50 51 52 53 54 55 56 57 58 59 60 61 62 63 64 65 66 67 69 70 71 72 73 74 75
(69,*) 0 1 2 3 4 5 6 7 8 9 10 11 12 13 14 15 16 17 18 19 20 42 43 44 45 46 47 48 49 50 51 52 53 54 55 56 57 58 59 60 61 62 63 64 65 66 67 68 70 71 72 73 74 75
(70,*) 0 1 2 3 4 5 6 7 8 9 10 11 12 13 14 15 16 17 18 19 20 42 43 44 45 46 47 48 49 50 51 52 53 54 55 56 57 58 59 60 61 62 63 64 65 66 67 68 69 71 72 73 74 75
(71,*) 0 1 2 3 4 5 6 7 8 9 10 11 12 13 14 15 16 17 18 19 20 42 43 44 45 46 47 48 49 50 51 52 53 54 55 56 57 58 59 60 61 62 63 64 65 66 67 68 69 70 72 73 74 75
(72,*) 0 1 2 3 4 5 6 7 8 9 10 11 12 13 14 15 16 17 18 19 20 42 43 44 45 46 47 48 49 50 51 52 53 54 55 56 57 58 59 60 61 62 63 64 65 66 67 68 69 70 71 73 74 75
(73,*) 0 1 2 3 4 5 6 7 8 9 10 11 12 13 14 15 16 17 18 19 20 42 43 44 45 46 47 48 49 50 51 52 53 54 55 56 57 58 59 60 61 62 63 64 65 66 67 68 69 70 71 72 74 75
(74,*) 0 1 2 3 4 5 6 7 8 9 10 11 12 13 14 15 16 17 18 19 20 42 43 44 45 46 47 48 49 50 51 52 53 54 55 56 57 58 59 60 61 62 63 64 65 66 67 68 69 70 71 72 73 75
(75,*) 0 1 2 3 4 5 6 7 8 9 10 11 12 13 14 15 16 17 18 19 20 42 43 44 45 46 47 48 49 50 51 52 53 54 55 56 57 58 59 60 61 62 63 64 65 66 67 68 69 70 71 72 73 74
;
set A2:=
(63,*) 64
(64,*) 63
;
param BigM:=99999;
param n:= 10;
param d:=
1	21
2	16
3	26
4	11
5	17
6	26
7	1
8	6
9	17
10	25
11	15
12	12
13	6
14	12
15	2
16	16
17	25
18	16
19	10
20	22
21	11
22	17
23	21
24	26
25	15
26	5
27	12
28	20
29	1
30	26
31	20
32	21
33	16
34	20
35	5
36	25
37	17
38	11
39	10
40	21
41	6
42	12
43	1
44	22
45	5
46	2
47	5
48	25
49	16
50	63
51	7
52	17
53	2
54	2
55	15
56	12
57	22
58	17
59	6
60	21
61	22
62	10
;
param Q:=100;
param w:=
[63,*] 64 1
[64,*] 63 1
;
param V:=
[63,*] 64 82
[64,*] 63 82
;
param e:
	63	64	65	66	67	68	69	70	71	72	73	74:=
21		0		0		0		0		0		1		0		0		0		0		0		0	
22		0		0		0		0		0		0		1		1		1		0		0		0	
23		0		1		0		0		0		0		0		0		1		0		0		0	
24		0		1		0		0		0		0		0		1		1		0		0		0	
25		0		1		0		0		0		0		0		0		0		0		0		0	
26		0		0		1		0		0		0		1		0		0		0		0		0	
27		0		0		0		1		0		0		0		1		0		1		0		0	
28		0		0		0		0		0		1		1		1		0		0		0		0	
29		0		0		0		0		0		0		0		1		0		0		0		0	
30		0		0		1		0		0		1		1		0		0		0		0		0	
31		0		0		0		0		0		1		1		0		0		0		0		0	
32		0		0		0		0		0		0		0		1		0		0		0		0	
33		0		1		0		0		0		1		0		1		0		0		0		0	
34		0		1		0		0		0		0		0		0		0		0		0		0	
35		0		0		0		0		0		0		1		1		0		0		0		0	
36		0		0		0		1		0		0		0		0		0		1		1		0	
37		0		0		0		0		0		0		1		1		1		0		0		0	
38		0		0		0		1		0		0		0		0		0		1		1		0	
39		0		0		0		1		0		0		0		0		0		1		1		0	
40		0		1		0		0		0		0		1		1		0		0		0		0	
41		0		0		0		1		0		0		0		0		0		1		0		0	
42		0		0		0		0		0		1		1		0		0		0		0		0	
43		0		0		1		0		0		1		0		0		0		0		0		0	
44		0		1		0		0		0		0		0		0		0		0		0		0	
45		0		0		1		0		0		0		0		0		0		0		0		0	
46		0		0		1		0		0		1		1		0		0		0		0		0	
47		0		0		1		0		0		1		0		0		0		0		0		0	
48		0		0		0		0		0		0		0		1		1		1		0		0	
49		0		0		0		0		0		0		0		0		0		1		0		0	
50		0		1		0		0		0		0		0		1		1		0		0		0	
51		0		0		0		0		0		0		1		0		0		0		0		0	
52		0		1		0		0		0		0		0		0		0		0		0		0	
53		0		1		0		0		0		1		0		0		0		0		0		0	
54		0		0		0		1		0		0		0		0		0		1		1		0	
55		0		0		0		1		0		0		0		0		0		1		1		0	
56		0		0		0		1		0		0		0		0		0		0		0		0	
57		0		1		0		0		0		0		0		1		1		0		0		0	
58		0		0		0		0		0		1		1		1		0		0		0		0	
59		0		0		1		0		0		1		0		0		0		0		0		0	
60		0		0		0		1		0		0		0		0		1		1		0		0	
61		0		0		0		0		0		0		0		1		0		0		0		0	
62		0		0		0		0		0		0		0		1		0		0		0		0	
;
param p:=
1	1
2	1
3	1
4	1
5	1
6	1
7	1
8	1
9	1
10	1
;
param G:=
63	75
64	100
65	96
66	86
67	90
68	85
69	95
70	76
71	84
72	92
73	81
74	92
;
param s:=
0	0
1	10
2	10
3	10
4	10
5	10
6	10
7	10
8	10
9	10
10	10
11	10
12	10
13	10
14	10
15	10
16	10
17	10
18	10
19	10
20	10
42	10
43	10
44	10
45	10
46	10
47	10
48	10
49	10
50	10
51	10
52	10
53	10
54	10
55	10
56	10
57	10
58	10
59	10
60	10
61	10
62	10
63	10
64	10
65	10
66	10
67	10
68	10
69	10
70	10
71	10
72	10
73	10
74	10
;
param t:
	0	1	2	3	4	5	6	7	8	9	10	11	12	13	14	15	16	17	18	19	20	21	22	23	24	25	26	27	28	29	30	31	32	33	34	35	36	37	38	39	40	41	42	43	44	45	46	47	48	49	50	51	52	53	54	55	56	57	58	59	60	61	62	63	64	65	66	67	68	69	70	71	72	73	74	75:=
0	0.0	5.1	6.71	9.06	14.87	15.0	15.81	20.88	20.62	20.88	24.84	24.21	29.68	23.71	25.96	25.81	24.08	26.4	35.0	28.02	35.51	63.06	48.88	85.7	82.76	81.39	34.99	42.38	54.23	40.31	62.82	34.37	57.31	79.85	76.16	43.27	41.68	44.41	52.17	55.9	54.49	51.01	39.2	59.01	81.86	54.56	61.01	45.12	72.8	56.14	54.92	40.31	93.6	68.31	61.61	48.02	63.06	84.39	44.01	73.05	57.14	56.4	46.75	17.03	78.75	65.25	55.54	13.04	61.13	30.92	48.51	77.54	54.68	23.71	12.97	0.0
1	5.1	0.0	4.12	10.77	11.18	10.05	17.2	19.03	19.0	15.81	20.52	19.8	26.4	27.86	30.59	29.53	19.03	30.02	34.37	26.4	40.31	67.68	50.8	88.87	84.12	84.5	39.82	43.38	58.52	42.2	67.91	39.2	60.14	84.15	80.41	45.45	38.48	46.75	50.36	54.23	57.63	50.16	44.28	64.0	86.01	59.51	66.0	50.22	73.39	55.73	57.01	45.18	97.08	72.8	59.68	44.72	61.0	87.62	48.38	78.11	56.72	58.8	49.52	12.81	82.01	70.34	53.6	8.25	66.07	35.36	50.83	78.54	53.12	21.07	8.8	5.1
2	6.71	4.12	0.0	7.81	14.56	9.49	21.1	23.0	23.02	16.64	23.02	22.2	29.73	30.41	32.57	32.45	18.68	33.02	38.47	22.36	39.4	69.64	54.64	92.2	88.12	87.86	39.0	47.42	60.93	46.04	68.07	40.79	63.64	86.54	82.86	49.2	41.79	50.45	54.23	58.14	60.96	54.23	45.01	65.12	88.57	58.87	67.12	50.49	77.49	59.84	60.8	46.69	100.21	74.95	63.51	47.93	64.78	90.91	50.7	77.88	60.83	62.48	53.04	15.65	85.28	70.41	57.43	7.28	67.36	37.59	54.54	82.6	57.06	24.79	6.47	6.71
3	9.06	10.77	7.81	0.0	21.93	16.64	24.74	29.43	29.27	24.21	30.81	30.0	37.16	29.73	30.53	32.56	25.5	33.3	44.01	20.52	32.57	66.85	57.25	92.63	91.39	88.41	32.28	51.24	59.17	48.75	62.29	37.7	64.82	84.53	81.01	51.48	49.24	52.48	60.83	64.63	61.62	60.0	40.31	60.83	86.95	52.2	62.8	45.01	81.74	65.19	63.13	43.32	100.0	72.5	70.21	55.46	71.59	91.22	48.88	71.59	66.19	64.35	54.41	23.32	85.56	64.5	64.13	14.42	63.35	35.9	56.58	86.34	63.46	31.78	12.59	9.06
4	14.87	11.18	14.56	21.93	0.0	12.08	15.52	9.85	10.3	11.18	10.3	9.85	15.23	31.0	35.23	31.26	16.64	31.4	26.0	34.53	50.0	71.18	46.75	87.13	78.24	82.68	49.41	37.64	60.83	38.42	75.61	44.41	57.98	86.12	82.23	42.2	27.31	43.83	40.01	44.0	56.36	41.0	51.24	69.72	87.36	68.6	71.7	57.94	66.19	47.13	53.15	50.36	96.18	75.66	49.16	33.54	50.36	86.09	51.24	86.41	48.08	55.61	47.51	3.0	80.62	78.19	43.1	12.37	71.34	39.0	47.68	72.03	43.02	10.45	14.91	14.87
5	15.0	10.05	9.49	16.64	12.08	0.0	25.0	21.93	22.36	7.81	16.49	15.52	25.02	37.64	40.61	39.0	9.22	39.4	38.08	23.02	48.85	77.67	58.0	97.42	90.14	93.01	48.47	49.41	68.31	49.5	77.47	49.25	68.41	93.92	90.14	53.08	36.5	54.56	51.16	55.23	66.29	52.89	54.15	74.01	95.63	68.35	76.01	59.84	78.26	59.14	64.35	55.23	106.0	82.71	60.01	42.2	61.01	96.26	58.24	87.36	60.08	66.53	57.8	11.18	90.7	79.83	54.04	2.24	76.11	45.29	58.54	84.04	54.38	21.99	4.52	15.0
6	15.81	17.2	21.1	24.74	15.52	25.0	0.0	12.08	11.18	26.57	24.02	24.0	23.26	16.49	21.54	16.0	31.78	16.03	20.62	43.42	42.2	56.01	33.6	72.42	67.08	68.01	41.4	26.57	45.4	25.0	63.53	30.68	43.42	70.61	66.71	28.32	33.42	29.7	39.4	42.72	41.34	36.5	38.95	55.79	71.84	58.8	57.72	46.32	57.01	41.01	39.82	36.4	81.12	60.3	48.85	39.7	50.57	71.28	36.01	74.95	42.01	41.73	32.8	18.44	65.73	66.24	42.95	24.08	57.07	24.38	33.74	61.75	41.31	16.43	25.57	15.81
7	20.88	19.03	23.0	29.43	9.85	21.93	12.08	0.0	1.0	19.8	13.6	13.93	11.18	28.46	33.62	27.46	25.46	27.29	16.16	44.15	53.08	67.12	38.01	79.18	68.6	74.71	52.35	28.28	56.01	30.02	75.59	42.72	50.09	80.62	76.66	34.0	21.93	35.78	31.4	35.23	49.04	31.4	51.0	67.72	81.39	70.43	69.64	58.31	56.36	37.36	44.41	48.38	88.64	71.01	40.79	28.32	42.2	78.26	47.17	86.95	38.33	47.17	39.92	11.4	72.92	78.29	34.71	22.14	68.88	36.21	39.41	62.28	34.1	4.36	24.57	20.88
8	20.62	19.0	23.02	29.27	10.3	22.36	11.18	1.0	0.0	20.52	14.56	14.87	12.08	27.51	32.7	26.48	26.17	26.31	15.81	44.38	52.4	66.12	37.2	78.29	68.01	73.82	51.66	27.59	55.01	29.15	74.71	41.79	49.19	79.63	75.66	33.12	22.63	34.89	31.58	35.36	48.1	31.26	50.12	66.76	80.41	69.66	68.68	57.45	55.9	37.11	43.6	47.43	87.73	70.01	41.0	29.0	42.45	77.37	46.17	86.09	38.08	46.32	39.0	12.04	72.01	77.41	34.93	22.47	67.91	35.25	38.54	61.75	34.19	5.31	24.85	20.62
9	20.88	15.81	16.64	24.21	11.18	7.81	26.57	19.8	20.52	0.0	10.05	9.06	19.42	41.3	45.01	41.98	5.66	42.2	35.23	29.27	55.9	81.61	57.63	98.27	88.24	93.81	55.46	48.08	71.59	49.41	83.68	54.01	69.12	97.02	93.15	53.25	30.02	54.92	45.89	50.01	67.54	48.85	59.84	79.16	98.37	75.24	81.15	65.97	75.47	55.46	64.03	60.01	107.35	86.31	54.33	35.36	55.15	97.25	61.81	93.92	56.36	66.61	58.67	8.6	91.79	86.13	48.51	9.9	81.02	49.23	58.72	81.72	49.33	18.34	12.32	20.88
10	24.84	20.52	23.02	30.81	10.3	16.49	24.02	13.6	14.56	10.05	0.0	1.0	9.49	40.31	44.91	40.01	14.87	40.0	26.87	39.12	60.22	80.0	51.11	92.57	79.98	88.1	59.64	40.8	69.18	43.38	85.8	54.13	63.56	94.05	90.09	47.42	20.1	49.24	35.9	40.02	62.63	39.36	61.35	79.43	94.92	78.89	81.39	68.15	66.61	46.14	57.45	60.02	102.16	84.15	44.28	25.71	45.1	91.71	60.0	96.66	47.01	60.42	53.49	7.81	86.41	88.39	38.47	18.03	80.89	48.29	52.77	73.17	39.39	10.42	20.78	24.84
11	24.21	19.8	22.2	30.0	9.85	15.52	24.0	13.93	14.87	9.06	1.0	0.0	10.44	40.2	44.72	40.0	13.93	40.01	27.59	38.12	59.64	80.01	51.62	93.02	80.72	88.55	59.08	41.4	69.26	43.83	85.44	53.94	63.98	94.2	90.26	47.85	21.1	49.66	36.88	41.0	62.97	40.25	61.03	79.25	95.13	78.39	81.22	67.78	67.42	47.01	57.98	59.84	102.55	84.21	45.28	26.68	46.1	92.14	60.01	96.25	47.89	60.9	53.85	7.21	86.82	88.02	39.46	17.09	80.75	48.19	53.22	73.95	40.36	10.98	19.83	24.21
12	29.68	26.4	29.73	37.16	15.23	25.02	23.26	11.18	12.08	19.42	9.49	10.44	0.0	39.56	44.78	38.33	24.35	38.08	18.87	48.0	63.66	77.52	44.38	86.16	71.42	81.71	62.97	33.54	66.12	37.36	86.77	53.85	57.57	90.14	86.15	41.48	12.08	43.42	26.48	30.59	57.27	30.02	62.18	78.75	90.55	81.4	80.65	69.46	57.63	36.89	50.57	59.46	96.14	81.1	35.06	18.36	36.0	85.44	57.71	98.11	37.74	53.85	48.05	14.32	80.32	89.47	29.15	26.17	79.81	47.21	46.58	64.41	29.92	6.88	28.94	29.68
13	23.71	27.86	30.41	29.73	31.0	37.64	16.49	28.46	27.51	41.3	40.31	40.2	39.56	0.0	5.66	4.0	45.89	5.0	31.89	50.25	31.32	40.31	31.26	62.97	65.51	58.8	30.36	29.83	30.68	24.02	47.71	14.32	35.85	56.3	52.55	25.18	48.88	25.5	51.22	53.82	32.2	45.65	23.43	39.29	58.18	44.82	41.23	31.14	59.01	48.1	36.14	19.92	70.29	45.12	60.22	54.92	62.2	61.52	20.62	59.41	49.04	36.4	26.0	34.0	55.87	50.48	54.82	36.06	40.61	8.01	29.32	61.84	52.22	32.82	36.52	23.71
14	25.96	30.59	32.57	30.53	35.23	40.61	21.54	33.62	32.7	45.01	44.91	44.72	44.78	5.66	0.0	8.94	49.25	9.85	37.54	50.8	26.48	37.11	35.0	63.41	68.73	59.41	25.5	34.79	28.65	28.44	42.19	9.22	37.7	54.13	50.54	29.02	54.38	29.02	56.85	59.41	33.54	51.11	17.8	34.53	56.44	39.2	36.5	25.5	63.2	53.31	39.32	15.13	70.01	42.38	65.8	60.46	67.8	61.85	18.36	53.82	54.23	39.05	28.64	38.21	56.22	44.94	60.44	38.83	36.12	5.46	32.57	65.55	57.79	37.97	38.93	25.96
15	25.81	29.53	32.45	32.56	31.26	39.0	16.0	27.46	26.48	41.98	40.01	40.0	38.33	4.0	8.94	0.0	46.84	1.0	29.0	53.04	35.17	40.01	27.29	60.11	61.61	55.87	34.21	25.96	29.61	20.02	50.0	16.4	32.45	55.08	51.24	21.21	46.96	21.59	48.17	50.61	29.07	42.19	26.17	40.5	56.65	48.01	42.38	33.97	55.01	44.38	32.28	21.47	67.8	44.41	57.01	52.84	59.03	58.73	20.02	61.85	45.31	32.7	22.36	34.23	53.08	52.8	51.74	37.58	41.48	9.08	25.47	57.87	48.98	31.77	38.31	25.81
16	24.08	19.03	18.68	25.5	16.64	9.22	31.78	25.46	26.17	5.66	14.87	13.93	24.35	45.89	49.25	46.84	0.0	47.13	40.8	26.25	57.94	86.15	63.25	103.77	93.86	99.32	57.58	53.74	76.4	55.0	86.68	58.08	74.63	101.92	98.08	58.82	34.13	60.46	50.7	54.82	72.95	54.13	63.29	83.01	103.41	77.49	85.01	69.05	80.99	60.83	69.66	64.07	112.77	91.01	58.86	39.01	59.54	102.73	66.49	96.57	61.72	72.2	64.14	14.21	97.25	89.05	53.15	11.4	85.02	53.71	64.3	87.31	54.23	23.9	12.91	24.08
17	26.4	30.02	33.02	33.3	31.4	39.4	16.03	27.29	26.31	42.2	40.0	40.01	38.08	5.0	9.85	1.0	47.13	0.0	28.32	53.76	36.14	40.0	26.31	59.41	60.64	55.15	35.17	25.0	29.43	19.03	50.61	17.03	31.62	54.82	50.96	20.22	46.52	20.62	47.42	49.82	28.32	41.34	26.91	40.85	56.3	48.83	42.72	34.71	54.01	43.46	31.32	21.95	67.2	44.28	56.22	52.35	58.26	58.05	20.0	62.48	44.38	31.78	21.47	34.37	52.4	53.41	50.99	38.01	41.76	9.59	24.51	56.87	48.18	31.58	38.81	26.4
18	35.0	34.37	38.47	44.01	26.0	38.08	20.62	16.16	15.81	35.23	26.87	27.59	18.87	31.89	37.54	29.0	40.8	28.32	0.0	60.17	61.77	63.89	25.96	67.68	53.15	63.25	60.9	14.87	51.92	20.0	78.87	45.34	39.62	74.17	70.18	24.02	21.02	26.02	19.42	22.36	40.05	16.03	55.15	68.1	74.0	76.69	69.84	62.94	40.31	21.38	31.95	50.0	77.88	66.49	28.65	25.71	30.53	67.05	45.19	90.79	22.36	35.44	31.0	27.29	62.1	81.69	23.02	38.28	68.43	37.83	28.64	46.5	20.87	16.91	40.66	35.0
19	28.02	26.4	22.36	20.52	34.53	23.02	43.42	44.15	44.38	29.27	39.12	38.12	48.0	50.25	50.8	53.04	26.25	53.76	60.17	0.0	46.17	86.31	76.85	113.14	110.48	108.9	46.27	69.78	79.32	68.26	77.41	57.31	85.15	104.45	101.02	71.28	59.21	72.42	74.17	78.23	82.07	75.5	58.19	78.75	107.07	65.01	80.65	61.39	99.72	81.49	82.93	62.61	120.51	92.18	83.02	64.63	84.0	111.73	69.07	85.01	82.46	84.4	74.65	34.13	106.08	79.23	77.06	22.2	81.6	56.23	76.53	104.94	77.35	44.83	19.61	28.02
20	35.51	40.31	39.4	32.57	50.0	48.85	42.2	53.08	52.4	55.9	60.22	59.64	63.66	31.32	26.48	35.17	57.94	36.14	61.77	46.17	0.0	46.75	61.2	83.26	94.13	79.85	1.0	61.13	44.72	54.92	31.26	24.33	61.66	65.86	63.25	55.33	75.01	55.15	81.12	84.12	56.89	76.56	17.49	35.23	69.66	19.65	36.89	16.64	89.56	79.38	65.0	26.0	87.46	53.15	90.43	81.39	92.28	81.44	36.69	39.32	80.32	64.12	54.01	52.43	76.16	33.06	84.72	46.62	38.6	29.73	58.42	91.53	82.59	56.96	45.1	35.51
21	63.06	67.68	69.64	66.85	71.18	77.67	56.01	67.12	66.12	81.61	80.0	80.01	77.52	40.31	37.11	40.01	86.15	40.0	63.89	86.31	46.75	0.0	44.41	41.11	64.47	39.01	46.01	52.77	12.08	45.19	31.0	29.15	34.06	19.1	16.64	42.06	84.4	40.31	80.06	81.01	29.7	71.2	29.73	15.13	23.02	41.76	15.0	31.06	67.8	69.63	43.14	23.71	42.38	6.4	86.95	89.56	89.19	39.12	20.0	40.79	70.21	39.62	35.51	74.17	35.01	33.06	83.19	75.93	12.0	32.43	40.21	65.68	79.32	71.32	76.03	63.06
22	48.88	50.8	54.64	57.25	46.75	58.0	33.6	38.01	37.2	57.63	51.11	51.62	44.38	31.26	35.0	27.29	63.25	26.31	25.96	76.85	61.2	44.41	0.0	41.79	34.48	37.34	60.21	11.18	32.65	8.6	67.42	38.08	14.0	50.45	46.57	6.08	46.39	6.08	37.11	37.34	15.81	27.51	48.08	53.26	49.5	70.23	54.56	55.36	28.44	25.24	6.4	39.92	51.92	45.18	42.95	50.01	45.19	41.11	30.53	79.32	25.81	9.49	9.22	49.04	36.14	70.18	39.85	57.38	52.35	31.54	4.2	30.6	35.7	40.69	59.08	48.88
23	85.7	88.87	92.2	92.63	87.13	97.42	72.42	79.18	78.29	98.27	92.57	93.02	86.16	62.97	63.41	60.11	103.77	59.41	67.68	113.14	83.26	41.11	41.79	0.0	34.13	4.47	82.35	52.81	38.63	49.19	72.06	60.03	29.15	28.79	27.66	45.18	87.56	43.42	75.24	74.03	31.24	65.28	65.92	56.22	24.17	82.38	56.08	69.92	45.88	60.01	35.74	57.27	11.05	36.01	78.06	90.43	80.1	2.0	47.01	81.15	60.0	32.31	39.66	89.69	7.21	74.01	77.06	96.4	53.08	58.03	39.8	39.65	72.69	82.2	97.61	85.7
24	82.76	84.12	88.12	91.39	78.24	90.14	67.08	68.6	68.01	88.24	79.98	80.72	71.42	65.51	68.73	61.61	93.86	60.64	53.15	110.48	94.13	64.47	34.48	34.13	0.0	32.02	93.13	40.82	56.04	42.72	93.68	70.01	33.24	59.55	57.01	40.52	68.24	40.02	51.88	49.24	38.33	43.27	79.1	77.79	55.87	99.98	78.43	85.48	15.81	36.36	29.43	70.18	44.28	61.77	51.24	68.96	52.89	35.23	59.3	104.68	35.85	30.02	40.2	80.0	34.66	96.17	52.39	89.89	75.61	64.57	36.22	7.91	48.42	70.02	91.9	82.76
25	81.39	84.5	87.86	88.41	82.68	93.01	68.01	74.71	73.82	93.81	88.1	88.55	81.71	58.8	59.41	55.87	99.32	55.15	63.25	108.9	79.85	39.01	37.34	4.47	32.02	0.0	78.92	48.38	35.44	44.72	70.01	56.36	24.7	28.65	26.93	40.71	83.2	38.95	71.11	70.0	26.91	61.13	62.63	54.01	24.41	79.76	54.01	66.94	42.72	56.01	31.32	53.85	15.03	34.37	74.17	86.15	76.24	4.0	43.38	79.51	56.04	27.86	35.23	85.23	4.0	72.06	73.01	92.01	51.01	54.06	35.33	36.91	68.63	77.73	93.24	81.39
26	34.99	39.82	39.0	32.28	49.41	48.47	41.4	52.35	51.66	55.46	59.64	59.08	62.97	30.36	25.5	34.21	57.58	35.17	60.9	46.27	1.0	46.01	60.21	82.35	93.13	78.92	0.0	60.17	43.83	53.94	31.14	23.35	60.67	65.12	62.48	54.33	74.28	54.15	80.26	83.24	55.9	75.64	16.64	34.67	68.88	19.92	36.36	16.12	88.57	78.43	64.0	25.08	86.61	52.4	89.55	80.66	91.42	80.53	35.74	39.46	79.38	63.13	53.01	51.87	75.24	33.02	83.86	46.24	38.01	28.73	57.43	90.53	81.71	56.26	44.77	34.99
27	42.38	43.38	47.42	51.24	37.64	49.41	26.57	28.28	27.59	48.08	40.8	41.4	33.54	29.83	34.79	25.96	53.74	25.0	14.87	69.78	61.13	52.77	11.18	52.81	40.82	48.38	60.17	0.0	40.71	7.81	72.35	40.31	25.08	60.83	56.89	10.77	35.23	12.65	27.31	28.3	26.17	18.6	50.61	59.55	60.21	72.95	61.07	58.31	30.59	18.87	17.09	43.6	63.06	54.42	34.41	39.01	36.62	52.2	36.12	84.39	19.72	20.62	17.72	39.62	47.3	75.17	30.41	49.09	59.2	32.9	14.31	35.19	26.61	30.42	51.08	42.38
28	54.23	58.52	60.93	59.17	60.83	68.31	45.4	56.01	55.01	71.59	69.18	69.26	66.12	30.68	28.65	29.61	76.4	29.43	51.92	79.32	44.72	12.08	32.65	38.63	56.04	35.44	43.83	40.71	0.0	33.11	37.64	22.63	23.71	25.63	21.93	30.02	72.57	28.3	67.98	68.96	18.87	59.17	27.31	21.93	27.78	45.01	22.83	31.58	57.45	57.8	32.02	18.87	43.01	15.0	74.95	77.62	77.18	36.77	10.3	48.85	58.41	28.84	23.6	63.79	31.62	40.16	71.12	66.73	20.25	23.38	28.45	56.2	67.27	60.11	67.14	54.23
29	40.31	42.2	46.04	48.75	38.42	49.5	25.0	30.02	29.15	49.41	43.38	43.83	37.36	24.02	28.44	20.02	55.0	19.03	20.0	68.26	54.92	45.19	8.6	49.19	42.72	44.72	53.94	7.81	33.11	0.0	64.66	33.11	20.25	54.23	50.25	4.12	41.01	6.08	34.89	36.06	20.1	26.4	43.38	51.74	54.0	65.74	53.26	51.0	35.0	26.4	14.87	36.06	58.87	47.13	42.2	45.4	44.41	48.33	28.32	76.69	27.2	17.2	11.0	40.8	43.08	67.48	38.08	48.84	51.4	25.9	9.39	38.24	34.36	33.02	50.5	40.31
30	62.82	67.91	68.07	62.29	75.61	77.47	63.53	75.59	74.71	83.68	85.8	85.44	86.77	47.71	42.19	50.0	86.68	50.61	78.87	77.41	31.26	31.0	67.42	72.06	93.68	70.01	31.14	72.35	37.64	64.66	0.0	33.6	61.1	46.84	45.89	63.01	96.57	61.85	97.67	99.7	56.08	90.55	24.6	16.12	51.66	15.0	16.0	17.72	94.37	91.05	68.43	29.0	72.37	36.22	106.07	102.63	108.19	70.06	36.89	12.04	91.83	65.8	58.31	78.43	66.01	2.83	101.18	75.31	19.0	41.05	63.47	93.69	98.02	79.91	74.29	62.82
31	34.37	39.2	40.79	37.7	44.41	49.25	30.68	42.72	41.79	54.01	54.13	53.94	53.85	14.32	9.22	16.4	58.08	17.03	45.34	57.31	24.33	29.15	38.08	60.03	70.01	56.36	23.35	40.31	22.63	33.11	33.6	0.0	37.34	47.17	43.83	32.57	63.13	32.02	64.35	66.6	32.56	57.8	10.3	25.32	50.0	32.65	27.29	18.03	66.49	59.17	41.19	6.0	65.44	34.89	73.0	69.12	75.07	58.31	13.04	45.45	60.03	40.0	30.15	47.38	52.84	36.4	67.9	47.38	27.02	7.59	34.87	67.81	64.95	47.08	47.24	34.37
32	57.31	60.14	63.64	64.82	57.98	68.41	43.42	50.09	49.19	69.12	63.56	63.98	57.57	35.85	37.7	32.45	74.63	31.62	39.62	85.15	61.66	34.06	14.0	29.15	33.24	24.7	60.67	25.08	23.71	20.25	61.1	37.34	0.0	37.0	33.24	16.16	60.3	14.32	50.8	50.7	5.1	41.0	46.0	45.62	35.69	66.75	46.53	52.24	33.84	37.7	9.85	37.01	38.63	33.42	55.97	64.01	58.19	28.18	26.08	72.5	38.08	5.83	10.63	60.54	22.85	63.69	53.37	67.48	43.91	32.85	11.01	32.6	49.11	53.24	68.81	57.31
33	79.85	84.15	86.54	84.53	86.12	93.92	70.61	80.62	79.63	97.02	94.05	94.2	90.14	56.3	54.13	55.08	101.92	54.82	74.17	104.45	65.86	19.1	50.45	28.79	59.55	28.65	65.12	60.83	25.63	54.23	46.84	47.17	37.0	0.0	4.0	50.36	95.19	48.37	87.56	87.64	34.71	77.88	48.8	32.65	5.0	59.51	31.78	50.0	67.2	74.67	46.82	42.2	26.02	12.73	92.97	99.61	95.19	26.93	35.85	54.23	75.03	42.72	43.29	89.05	25.24	48.27	90.25	92.36	29.07	48.96	46.66	63.0	86.04	84.55	92.77	79.85
34	76.16	80.41	82.86	81.01	82.23	90.14	66.71	76.66	75.66	93.15	90.09	90.26	86.15	52.55	50.54	51.24	98.08	50.96	70.18	101.02	63.25	16.64	46.57	27.66	57.01	26.93	62.48	56.89	21.93	50.25	45.89	43.83	33.24	4.0	0.0	46.39	91.2	44.41	83.68	83.82	30.81	74.04	46.01	31.02	6.4	57.94	30.36	47.71	64.03	70.94	43.08	39.05	26.48	10.3	89.2	95.63	91.42	25.71	32.2	54.01	71.31	39.0	39.32	85.15	23.26	47.52	86.4	88.6	27.51	45.31	42.75	60.1	82.21	80.57	89.06	76.16
35	43.27	45.45	49.2	51.48	42.2	53.08	28.32	34.0	33.12	53.25	47.42	47.85	41.48	25.18	29.02	21.21	58.82	20.22	24.02	71.28	55.33	42.06	6.08	45.18	40.52	40.71	54.33	10.77	30.02	4.12	63.01	32.57	16.16	50.36	46.39	0.0	45.0	2.0	38.08	38.95	16.03	29.15	42.72	49.5	50.01	65.0	50.93	50.16	34.23	28.28	11.66	34.89	54.78	43.66	44.94	49.25	47.17	44.28	26.25	75.0	29.0	13.45	7.07	44.65	39.0	65.8	41.15	52.33	48.92	25.78	5.48	36.67	37.26	37.09	53.89	43.27
36	41.68	38.48	41.79	49.24	27.31	36.5	33.42	21.93	22.63	30.02	20.1	21.1	12.08	48.88	54.38	46.96	34.13	46.52	21.02	59.21	75.01	84.4	46.39	87.56	68.24	83.2	74.28	35.23	72.57	41.01	96.57	63.13	60.3	95.19	91.2	45.0	0.0	47.0	18.03	21.95	61.01	25.0	72.11	87.32	95.01	92.2	89.16	79.63	53.26	32.02	51.97	68.43	98.06	87.3	25.0	6.4	25.5	87.1	65.15	108.17	32.65	55.73	52.01	26.25	82.38	99.32	19.7	37.85	88.02	56.03	49.42	60.7	21.84	18.18	40.63	41.68
37	44.41	46.75	50.45	52.48	43.83	54.56	29.7	35.78	34.89	54.92	49.24	49.66	43.42	25.5	29.02	21.59	60.46	20.62	26.02	72.42	55.15	40.31	6.08	43.42	40.02	38.95	54.15	12.65	28.3	6.08	61.85	32.02	14.32	48.37	44.41	2.0	47.0	0.0	39.92	40.71	14.04	30.89	42.06	48.1	48.01	64.26	49.5	49.4	34.53	29.73	10.77	34.01	52.92	41.79	46.65	51.24	48.88	42.49	25.0	73.82	30.41	12.04	5.1	46.32	37.16	64.64	42.95	53.76	47.42	25.46	4.1	36.53	39.02	38.93	55.26	44.41
38	52.17	50.36	54.23	60.83	40.01	51.16	39.4	31.4	31.58	45.89	35.9	36.88	26.48	51.22	56.85	48.17	50.7	47.42	19.42	74.17	81.12	80.06	37.11	75.24	51.88	71.11	80.26	27.31	67.98	34.89	97.67	64.35	50.8	87.56	83.68	38.08	18.03	39.92	0.0	4.12	52.89	10.0	74.33	86.02	86.49	96.05	87.66	82.13	36.36	15.81	41.3	68.68	86.15	81.71	9.49	17.2	11.18	75.11	62.68	109.66	16.16	45.4	44.94	40.05	71.0	100.5	3.61	52.04	85.98	56.77	40.98	44.1	3.83	29.57	54.73	52.17
39	55.9	54.23	58.14	64.63	44.0	55.23	42.72	35.23	35.36	50.01	40.02	41.0	30.59	53.82	59.41	50.61	54.82	49.82	22.36	78.23	84.12	81.01	37.34	74.03	49.24	70.0	83.24	28.3	68.96	36.06	99.7	66.6	50.7	87.64	83.82	38.95	21.95	40.71	4.12	0.0	53.14	9.85	76.69	87.62	86.35	98.6	89.2	84.5	33.54	14.04	41.0	70.71	85.01	82.35	6.4	20.52	8.49	74.0	64.2	111.72	14.14	45.12	45.62	44.1	70.11	102.53	3.16	56.08	87.42	59.01	41.36	41.38	1.7	33.56	58.76	55.9
40	54.49	57.63	60.96	61.62	56.36	66.29	41.34	49.04	48.1	67.54	62.63	62.97	57.27	32.2	33.54	29.07	72.95	28.32	40.05	82.07	56.89	29.7	15.81	31.24	38.33	26.91	55.9	26.17	18.87	20.1	56.08	32.56	5.1	34.71	30.81	16.03	61.01	14.04	52.89	53.14	0.0	43.32	41.01	40.71	34.06	61.66	41.68	47.17	38.59	40.71	13.45	32.0	39.82	29.68	58.69	65.12	60.93	30.0	21.02	67.54	41.18	10.0	9.22	59.03	24.41	58.69	55.66	65.22	39.12	28.49	11.94	37.64	51.51	52.47	66.38	54.49
41	51.01	50.16	54.23	60.0	41.0	52.89	36.5	31.4	31.26	48.85	39.36	40.25	30.02	45.65	51.11	42.19	54.13	41.34	16.03	75.5	76.56	71.2	27.51	65.28	43.27	61.13	75.64	18.6	59.17	26.4	90.55	57.8	41.0	77.88	74.04	29.15	25.0	30.89	10.0	9.85	43.32	0.0	68.01	78.1	76.69	90.14	79.65	75.8	28.32	7.07	31.4	61.62	76.16	72.5	15.81	26.0	18.03	65.12	54.67	102.59	7.81	35.51	35.78	41.76	61.0	93.38	12.37	53.37	77.8	50.23	31.51	35.7	8.19	30.93	55.9	51.01
42	39.2	44.28	45.01	40.31	51.24	54.15	38.95	51.0	50.12	59.84	61.35	61.03	62.18	23.43	17.8	26.17	63.29	26.91	55.15	58.19	17.49	29.73	48.08	65.92	79.1	62.63	16.64	50.61	27.31	43.38	24.6	10.3	46.0	48.8	46.01	42.72	72.11	42.06	74.33	76.69	41.01	68.01	0.0	20.62	52.4	22.36	22.56	7.81	76.4	69.46	50.8	9.06	69.97	36.07	83.1	78.24	85.15	64.08	20.1	36.06	70.33	49.25	39.81	54.12	58.87	27.29	77.9	52.09	23.41	17.79	44.7	77.36	75.05	55.31	51.43	39.2
43	59.01	64.0	65.12	60.83	69.72	74.01	55.79	67.72	66.76	79.16	79.43	79.25	78.75	39.29	34.53	40.5	83.01	40.85	68.1	78.75	35.23	15.13	53.26	56.22	77.79	54.01	34.67	59.55	21.93	51.74	16.12	25.32	45.62	32.65	31.02	49.5	87.32	48.1	86.02	87.62	40.71	78.1	20.62	0.0	37.16	26.93	2.0	18.6	79.26	77.78	53.54	19.42	57.28	20.88	93.86	93.04	96.05	54.23	23.43	26.93	78.49	50.61	44.05	72.69	50.01	18.44	89.4	72.03	3.61	31.53	49.16	78.13	85.92	72.07	71.58	59.01
44	81.86	86.01	88.57	86.95	87.36	95.63	71.84	81.39	80.41	98.37	94.92	95.13	90.55	58.18	56.44	56.65	103.41	56.3	74.0	107.07	69.66	23.02	49.5	24.17	55.87	24.41	68.88	60.21	27.78	54.0	51.66	50.0	35.69	5.0	6.4	50.01	95.01	48.01	86.49	86.35	34.06	76.69	52.4	37.16	0.0	64.08	36.4	54.08	64.35	73.08	45.35	45.34	21.02	16.64	91.48	99.18	93.68	22.36	38.08	59.21	73.38	41.23	43.0	90.25	21.26	53.15	89.05	94.15	33.62	51.14	45.91	59.74	84.78	85.2	94.7	81.86
45	54.56	59.51	58.87	52.2	68.6	68.35	58.8	70.43	69.66	75.24	78.89	78.39	81.4	44.82	39.2	48.01	77.49	48.83	76.69	65.01	19.65	41.76	70.23	82.38	99.98	79.76	19.92	72.95	45.01	65.74	15.0	32.65	66.75	59.51	57.94	65.0	92.2	64.26	96.05	98.6	61.66	90.14	22.36	26.93	64.08	0.0	27.73	14.87	98.37	91.79	72.53	30.36	84.12	47.76	105.0	98.49	107.0	80.41	40.79	20.0	92.66	70.61	61.68	71.2	75.8	15.65	99.64	66.13	30.46	40.06	66.69	98.87	96.98	74.56	64.69	54.56
46	61.01	66.0	67.12	62.8	71.7	76.01	57.72	69.64	68.68	81.15	81.39	81.22	80.65	41.23	36.5	42.38	85.01	42.72	69.84	80.65	36.89	15.0	54.56	56.08	78.43	54.01	36.36	61.07	22.83	53.26	16.0	27.29	46.53	31.78	30.36	50.93	89.16	49.5	87.66	89.2	41.68	79.65	22.56	2.0	36.4	27.73	0.0	20.25	80.26	79.21	54.64	21.38	56.75	20.4	95.43	94.85	97.62	54.08	25.0	26.25	79.91	51.62	45.34	74.67	50.01	18.11	91.02	74.03	3.0	33.44	50.44	78.96	87.5	73.99	73.58	61.01
47	45.12	50.22	50.49	45.01	57.94	59.84	46.32	58.31	57.45	65.97	68.15	67.78	69.46	31.14	25.5	33.97	69.05	34.71	62.94	61.39	16.64	31.06	55.36	69.92	85.48	66.94	16.12	58.31	31.58	51.0	17.72	18.03	52.24	50.0	47.71	50.16	79.63	49.4	82.13	84.5	47.17	75.8	7.81	18.6	54.08	14.87	20.25	0.0	83.52	77.18	57.72	15.52	72.92	37.44	90.91	85.8	92.96	68.01	26.17	28.65	78.03	55.9	46.84	60.75	63.06	20.25	85.7	57.71	22.02	25.58	51.83	84.13	82.86	62.58	56.78	45.12
48	72.8	73.39	77.49	81.74	66.19	78.26	57.01	56.36	55.9	75.47	66.61	67.42	57.63	59.01	63.2	55.01	80.99	54.01	40.31	99.72	89.56	67.8	28.44	45.88	15.81	42.72	88.57	30.59	57.45	35.0	94.37	66.49	33.84	67.2	64.03	34.23	53.26	34.53	36.36	33.54	38.59	28.32	76.4	79.26	64.35	98.37	80.26	83.52	0.0	21.26	26.0	68.01	56.75	66.53	35.44	53.54	37.11	46.49	57.94	106.0	20.62	28.65	36.69	67.6	44.28	97.05	36.67	78.29	77.7	59.96	31.71	7.91	32.79	57.13	80.53	72.8
49	56.14	55.73	59.84	65.19	47.13	59.14	41.01	37.36	37.11	55.46	46.14	47.01	36.89	48.1	53.31	44.38	60.83	43.46	21.38	81.49	79.38	69.63	25.24	60.01	36.36	56.01	78.43	18.87	57.8	26.4	91.05	59.17	37.7	74.67	70.94	28.28	32.02	29.73	15.81	14.04	40.71	7.07	69.46	77.78	73.08	91.79	79.21	77.18	21.26	0.0	27.86	62.43	71.0	70.33	18.44	32.65	20.62	60.01	54.49	103.08	1.0	31.95	34.21	48.1	56.22	93.86	17.12	59.48	77.16	51.73	29.43	28.71	12.78	37.33	61.93	56.14
50	54.92	57.01	60.8	63.13	53.15	64.35	39.82	44.41	43.6	64.03	57.45	57.98	50.57	36.14	39.32	32.28	69.66	31.32	31.95	82.93	65.0	43.14	6.4	35.74	29.43	31.32	64.0	17.09	32.02	14.87	68.43	41.19	9.85	46.82	43.08	11.66	51.97	10.77	41.3	41.0	13.45	31.4	50.8	53.54	45.35	72.53	54.64	57.72	26.0	27.86	0.0	42.2	46.1	43.01	46.17	55.23	48.38	35.17	31.95	80.13	28.23	4.12	11.05	55.44	30.41	71.12	43.74	63.7	52.2	35.3	6.82	26.62	39.44	47.03	65.36	54.92
51	40.31	45.18	46.69	43.32	50.36	55.23	36.4	48.38	47.43	60.01	60.02	59.84	59.46	19.92	15.13	21.47	64.07	21.95	50.0	62.61	26.0	23.71	39.92	57.27	70.18	53.85	25.08	43.6	18.87	36.06	29.0	6.0	37.01	42.2	39.05	34.89	68.43	34.01	68.68	70.71	32.0	61.62	9.06	19.42	45.34	30.36	21.38	15.52	68.01	62.43	42.2	0.0	61.85	29.68	77.08	74.3	79.2	55.46	11.05	41.01	63.25	40.45	31.32	53.34	50.16	31.83	72.18	53.34	21.02	12.4	36.34	68.65	69.03	52.74	53.15	40.31
52	93.6	97.08	100.21	100.0	96.18	106.0	81.12	88.64	87.73	107.35	102.16	102.55	96.14	70.29	70.01	67.8	112.77	67.2	77.88	120.51	87.46	42.38	51.92	11.05	44.28	15.03	86.61	63.06	43.01	58.87	72.37	65.44	38.63	26.02	26.48	54.78	98.06	52.92	86.15	85.01	39.82	76.16	69.97	57.28	21.02	84.12	56.75	72.92	56.75	71.0	46.1	61.85	0.0	36.4	89.09	101.12	91.14	11.05	52.5	80.22	71.01	42.45	48.75	98.84	15.81	73.98	88.02	104.85	53.85	64.55	49.56	50.28	83.65	91.86	105.88	93.6
53	68.31	72.8	74.95	72.5	75.66	82.71	60.3	71.01	70.01	86.31	84.15	84.21	81.1	45.12	42.38	44.41	91.01	44.28	66.49	92.18	53.15	6.4	45.18	36.01	61.77	34.37	52.4	54.42	15.0	47.13	36.22	34.89	33.42	12.73	10.3	43.66	87.3	41.79	81.71	82.35	29.68	72.5	36.07	20.88	16.64	47.76	20.4	37.44	66.53	70.33	43.01	29.68	36.4	0.0	88.1	92.2	90.34	34.01	24.52	45.18	70.83	39.2	36.77	78.64	30.41	38.05	84.69	81.04	17.46	37.44	41.05	63.71	80.68	75.11	81.28	68.31
54	61.61	59.68	63.51	70.21	49.16	60.01	48.85	40.79	41.0	54.33	44.28	45.28	35.06	60.22	65.8	57.01	58.86	56.22	28.65	83.02	90.43	86.95	42.95	78.06	51.24	74.17	89.55	34.41	74.95	42.2	106.07	73.0	55.97	92.97	89.2	44.94	25.0	46.65	9.49	6.4	58.69	15.81	83.1	93.86	91.48	105.0	95.43	90.91	35.44	18.44	46.17	77.08	89.09	88.1	0.0	21.95	2.24	78.16	70.43	118.09	18.25	50.29	51.48	49.01	74.55	108.89	6.08	61.01	93.6	65.41	47.05	43.34	8.06	38.75	63.73	61.61
55	48.02	44.72	47.93	55.46	33.54	42.2	39.7	28.32	29.0	35.36	25.71	26.68	18.36	54.92	60.46	52.84	39.01	52.35	25.71	64.63	81.39	89.56	50.01	90.43	68.96	86.15	80.66	39.01	77.62	45.4	102.63	69.12	64.01	99.61	95.63	49.25	6.4	51.24	17.2	20.52	65.12	26.0	78.24	93.04	99.18	98.49	94.85	85.8	53.54	32.65	55.23	74.3	101.12	92.2	21.95	0.0	21.93	90.09	70.58	114.28	33.12	59.14	56.32	32.31	85.59	105.39	17.69	43.68	93.62	61.91	53.32	61.22	20.91	24.58	46.45	48.02
56	63.06	61.0	64.78	71.59	50.36	61.01	50.57	42.2	42.45	55.15	45.1	46.1	36.0	62.2	67.8	59.03	59.54	58.26	30.53	84.0	92.28	89.19	45.19	80.1	52.89	76.24	91.42	36.62	77.18	44.41	108.19	75.07	58.19	95.19	91.42	47.17	25.5	48.88	11.18	8.49	60.93	18.03	85.15	96.05	93.68	107.0	97.62	92.96	37.11	20.62	48.38	79.2	91.14	90.34	2.24	21.93	0.0	80.22	72.62	120.21	20.4	52.5	53.71	50.09	76.66	111.02	7.62	62.07	95.8	67.48	49.29	44.99	10.17	39.99	64.81	63.06
57	84.39	87.62	90.91	91.22	86.09	96.26	71.28	78.26	77.37	97.25	91.71	92.14	85.44	61.52	61.85	58.73	102.73	58.05	67.05	111.73	81.44	39.12	41.11	2.0	35.23	4.0	80.53	52.2	36.77	48.33	70.06	58.31	28.18	26.93	25.71	44.28	87.1	42.49	75.11	74.0	30.0	65.12	64.08	54.23	22.36	80.41	54.08	68.01	46.49	60.01	35.17	55.46	11.05	34.01	78.16	90.09	80.22	0.0	45.28	79.16	60.03	31.62	38.59	88.68	5.66	72.01	77.01	95.21	51.09	56.45	38.96	40.48	72.63	81.35	96.38	84.39
58	44.01	48.38	50.7	48.88	51.24	58.24	36.01	47.17	46.17	61.81	60.0	60.01	57.71	20.62	18.36	20.02	66.49	20.0	45.19	69.07	36.69	20.0	30.53	47.01	59.3	43.38	35.74	36.12	10.3	28.32	36.89	13.04	26.08	35.85	32.2	26.25	65.15	25.0	62.68	64.2	21.02	54.67	20.1	23.43	38.08	40.79	25.0	26.17	57.94	54.49	31.95	11.05	52.5	24.52	70.43	70.58	72.62	45.28	0.0	48.83	55.23	29.83	21.47	54.23	39.82	39.66	66.03	56.61	23.32	13.11	26.62	58.09	62.5	51.4	56.95	44.01
59	73.05	78.11	77.88	71.59	86.41	87.36	74.95	86.95	86.09	93.92	96.66	96.25	98.11	59.41	53.82	61.85	96.57	62.48	90.79	85.01	39.32	40.79	79.32	81.15	104.68	79.51	39.46	84.39	48.85	76.69	12.04	45.45	72.5	54.23	54.01	75.0	108.17	73.82	109.66	111.72	67.54	102.59	36.06	26.93	59.21	20.0	26.25	28.65	106.0	103.08	80.13	41.01	80.22	45.18	118.09	114.28	120.21	79.16	48.83	0.0	103.86	77.37	70.18	89.16	75.54	9.22	113.17	85.16	29.12	52.96	75.34	105.05	110.04	91.23	83.92	73.05
60	57.14	56.72	60.83	66.19	48.08	60.08	42.01	38.33	38.08	56.36	47.01	47.89	37.74	49.04	54.23	45.31	61.72	44.38	22.36	82.46	80.32	70.21	25.81	60.0	35.85	56.04	79.38	19.72	58.41	27.2	91.83	60.03	38.08	75.03	71.31	29.0	32.65	30.41	16.16	14.14	41.18	7.81	70.33	78.49	73.38	92.66	79.91	78.03	20.62	1.0	28.23	63.25	71.01	70.83	18.25	33.12	20.4	60.03	55.23	103.86	0.0	32.31	34.83	49.04	56.32	94.64	17.26	60.44	77.83	52.61	30.0	28.15	12.98	38.25	62.9	57.14
61	56.4	58.8	62.48	64.35	55.61	66.53	41.73	47.17	46.32	66.61	60.42	60.9	53.85	36.4	39.05	32.7	72.2	31.78	35.44	84.4	64.12	39.62	9.49	32.31	30.02	27.86	63.13	20.62	28.84	17.2	65.8	40.0	5.83	42.72	39.0	13.45	55.73	12.04	45.4	45.12	10.0	35.51	49.25	50.61	41.23	70.61	51.62	55.9	28.65	31.95	4.12	40.45	42.45	39.2	50.29	59.14	52.5	31.62	29.83	77.37	32.31	0.0	10.44	58.01	26.68	68.45	47.85	65.76	49.09	34.65	7.99	28.26	43.56	50.01	67.3	56.4
62	46.75	49.52	53.04	54.41	47.51	57.8	32.8	39.92	39.0	58.67	53.49	53.85	48.05	26.0	28.64	22.36	64.14	21.47	31.0	74.65	54.01	35.51	9.22	39.66	40.2	35.23	53.01	17.72	23.6	11.0	58.31	30.15	10.63	43.29	39.32	7.07	52.01	5.1	44.94	45.62	9.22	35.78	39.81	44.05	43.0	61.68	45.34	46.84	36.69	34.21	11.05	31.32	48.75	36.77	51.48	56.32	53.71	38.59	21.47	70.18	34.83	10.44	0.0	50.12	33.12	61.06	47.93	56.85	43.14	24.37	5.16	37.66	43.94	43.29	58.18	46.75
