set K:= 1	2	3	4	5	6	7	8	9;
set C_H:= 1	2	3	4	5	6	7	8	9	10	11	12	13	14	15	16	17	18	19	20;
set C_S:= 21	22	23	24	25	26	27	28	29	30	31	32	33	34	35	36	37	38	39	40;
set C_F:= 41	42	43	44	45	46	47	48	49	50	51	52	53	54	55	56	57	58	59	60;
set M:= 0	1;
set M_B:= 2	3;
set L_B:= 63	64	65	66	67	68	69	70	71	72	73	74	75;
set A1:=
(0,*) 1 2 3 4 5 6 7 8 9 10 11 12 13 14 15 16 17 18 19 20 41 42 43 44 45 46 47 48 49 50 51 52 53 54 55 56 57 58 59 60 1 2 3 63 64 65 66 67 68 69 70 71 72 73 74 75
(1,*) 0 2 3 4 5 6 7 8 9 10 11 12 13 14 15 16 17 18 19 20 41 42 43 44 45 46 47 48 49 50 51 52 53 54 55 56 57 58 59 60 0 2 3 63 64 65 66 67 68 69 70 71 72 73 74 75
(2,*) 0 1 3 4 5 6 7 8 9 10 11 12 13 14 15 16 17 18 19 20 41 42 43 44 45 46 47 48 49 50 51 52 53 54 55 56 57 58 59 60 0 1 3 63 64 65 66 67 68 69 70 71 72 73 74 75
(3,*) 0 1 2 4 5 6 7 8 9 10 11 12 13 14 15 16 17 18 19 20 41 42 43 44 45 46 47 48 49 50 51 52 53 54 55 56 57 58 59 60 0 1 2 63 64 65 66 67 68 69 70 71 72 73 74 75
(4,*) 0 1 2 3 5 6 7 8 9 10 11 12 13 14 15 16 17 18 19 20 41 42 43 44 45 46 47 48 49 50 51 52 53 54 55 56 57 58 59 60 0 1 2 3 63 64 65 66 67 68 69 70 71 72 73 74 75
(5,*) 0 1 2 3 4 6 7 8 9 10 11 12 13 14 15 16 17 18 19 20 41 42 43 44 45 46 47 48 49 50 51 52 53 54 55 56 57 58 59 60 0 1 2 3 63 64 65 66 67 68 69 70 71 72 73 74 75
(6,*) 0 1 2 3 4 5 7 8 9 10 11 12 13 14 15 16 17 18 19 20 41 42 43 44 45 46 47 48 49 50 51 52 53 54 55 56 57 58 59 60 0 1 2 3 63 64 65 66 67 68 69 70 71 72 73 74 75
(7,*) 0 1 2 3 4 5 6 8 9 10 11 12 13 14 15 16 17 18 19 20 41 42 43 44 45 46 47 48 49 50 51 52 53 54 55 56 57 58 59 60 0 1 2 3 63 64 65 66 67 68 69 70 71 72 73 74 75
(8,*) 0 1 2 3 4 5 6 7 9 10 11 12 13 14 15 16 17 18 19 20 41 42 43 44 45 46 47 48 49 50 51 52 53 54 55 56 57 58 59 60 0 1 2 3 63 64 65 66 67 68 69 70 71 72 73 74 75
(9,*) 0 1 2 3 4 5 6 7 8 10 11 12 13 14 15 16 17 18 19 20 41 42 43 44 45 46 47 48 49 50 51 52 53 54 55 56 57 58 59 60 0 1 2 3 63 64 65 66 67 68 69 70 71 72 73 74 75
(10,*) 0 1 2 3 4 5 6 7 8 9 11 12 13 14 15 16 17 18 19 20 41 42 43 44 45 46 47 48 49 50 51 52 53 54 55 56 57 58 59 60 0 1 2 3 63 64 65 66 67 68 69 70 71 72 73 74 75
(11,*) 0 1 2 3 4 5 6 7 8 9 10 12 13 14 15 16 17 18 19 20 41 42 43 44 45 46 47 48 49 50 51 52 53 54 55 56 57 58 59 60 0 1 2 3 63 64 65 66 67 68 69 70 71 72 73 74 75
(12,*) 0 1 2 3 4 5 6 7 8 9 10 11 13 14 15 16 17 18 19 20 41 42 43 44 45 46 47 48 49 50 51 52 53 54 55 56 57 58 59 60 0 1 2 3 63 64 65 66 67 68 69 70 71 72 73 74 75
(13,*) 0 1 2 3 4 5 6 7 8 9 10 11 12 14 15 16 17 18 19 20 41 42 43 44 45 46 47 48 49 50 51 52 53 54 55 56 57 58 59 60 0 1 2 3 63 64 65 66 67 68 69 70 71 72 73 74 75
(14,*) 0 1 2 3 4 5 6 7 8 9 10 11 12 13 15 16 17 18 19 20 41 42 43 44 45 46 47 48 49 50 51 52 53 54 55 56 57 58 59 60 0 1 2 3 63 64 65 66 67 68 69 70 71 72 73 74 75
(15,*) 0 1 2 3 4 5 6 7 8 9 10 11 12 13 14 16 17 18 19 20 41 42 43 44 45 46 47 48 49 50 51 52 53 54 55 56 57 58 59 60 0 1 2 3 63 64 65 66 67 68 69 70 71 72 73 74 75
(16,*) 0 1 2 3 4 5 6 7 8 9 10 11 12 13 14 15 17 18 19 20 41 42 43 44 45 46 47 48 49 50 51 52 53 54 55 56 57 58 59 60 0 1 2 3 63 64 65 66 67 68 69 70 71 72 73 74 75
(17,*) 0 1 2 3 4 5 6 7 8 9 10 11 12 13 14 15 16 18 19 20 41 42 43 44 45 46 47 48 49 50 51 52 53 54 55 56 57 58 59 60 0 1 2 3 63 64 65 66 67 68 69 70 71 72 73 74 75
(18,*) 0 1 2 3 4 5 6 7 8 9 10 11 12 13 14 15 16 17 19 20 41 42 43 44 45 46 47 48 49 50 51 52 53 54 55 56 57 58 59 60 0 1 2 3 63 64 65 66 67 68 69 70 71 72 73 74 75
(19,*) 0 1 2 3 4 5 6 7 8 9 10 11 12 13 14 15 16 17 18 20 41 42 43 44 45 46 47 48 49 50 51 52 53 54 55 56 57 58 59 60 0 1 2 3 63 64 65 66 67 68 69 70 71 72 73 74 75
(20,*) 0 1 2 3 4 5 6 7 8 9 10 11 12 13 14 15 16 17 18 19 41 42 43 44 45 46 47 48 49 50 51 52 53 54 55 56 57 58 59 60 0 1 2 3 63 64 65 66 67 68 69 70 71 72 73 74 75
(41,*) 0 1 2 3 4 5 6 7 8 9 10 11 12 13 14 15 16 17 18 19 20 42 43 44 45 46 47 48 49 50 51 52 53 54 55 56 57 58 59 60 0 1 2 3 63 64 65 66 67 68 69 70 71 72 73 74 75
(42,*) 0 1 2 3 4 5 6 7 8 9 10 11 12 13 14 15 16 17 18 19 20 41 43 44 45 46 47 48 49 50 51 52 53 54 55 56 57 58 59 60 0 1 2 3 63 64 65 66 67 68 69 70 71 72 73 74 75
(43,*) 0 1 2 3 4 5 6 7 8 9 10 11 12 13 14 15 16 17 18 19 20 41 42 44 45 46 47 48 49 50 51 52 53 54 55 56 57 58 59 60 0 1 2 3 63 64 65 66 67 68 69 70 71 72 73 74 75
(44,*) 0 1 2 3 4 5 6 7 8 9 10 11 12 13 14 15 16 17 18 19 20 41 42 43 45 46 47 48 49 50 51 52 53 54 55 56 57 58 59 60 0 1 2 3 63 64 65 66 67 68 69 70 71 72 73 74 75
(45,*) 0 1 2 3 4 5 6 7 8 9 10 11 12 13 14 15 16 17 18 19 20 41 42 43 44 46 47 48 49 50 51 52 53 54 55 56 57 58 59 60 0 1 2 3 63 64 65 66 67 68 69 70 71 72 73 74 75
(46,*) 0 1 2 3 4 5 6 7 8 9 10 11 12 13 14 15 16 17 18 19 20 41 42 43 44 45 47 48 49 50 51 52 53 54 55 56 57 58 59 60 0 1 2 3 63 64 65 66 67 68 69 70 71 72 73 74 75
(47,*) 0 1 2 3 4 5 6 7 8 9 10 11 12 13 14 15 16 17 18 19 20 41 42 43 44 45 46 48 49 50 51 52 53 54 55 56 57 58 59 60 0 1 2 3 63 64 65 66 67 68 69 70 71 72 73 74 75
(48,*) 0 1 2 3 4 5 6 7 8 9 10 11 12 13 14 15 16 17 18 19 20 41 42 43 44 45 46 47 49 50 51 52 53 54 55 56 57 58 59 60 0 1 2 3 63 64 65 66 67 68 69 70 71 72 73 74 75
(49,*) 0 1 2 3 4 5 6 7 8 9 10 11 12 13 14 15 16 17 18 19 20 41 42 43 44 45 46 47 48 50 51 52 53 54 55 56 57 58 59 60 0 1 2 3 63 64 65 66 67 68 69 70 71 72 73 74 75
(50,*) 0 1 2 3 4 5 6 7 8 9 10 11 12 13 14 15 16 17 18 19 20 41 42 43 44 45 46 47 48 49 51 52 53 54 55 56 57 58 59 60 0 1 2 3 63 64 65 66 67 68 69 70 71 72 73 74 75
(51,*) 0 1 2 3 4 5 6 7 8 9 10 11 12 13 14 15 16 17 18 19 20 41 42 43 44 45 46 47 48 49 50 52 53 54 55 56 57 58 59 60 0 1 2 3 63 64 65 66 67 68 69 70 71 72 73 74 75
(52,*) 0 1 2 3 4 5 6 7 8 9 10 11 12 13 14 15 16 17 18 19 20 41 42 43 44 45 46 47 48 49 50 51 53 54 55 56 57 58 59 60 0 1 2 3 63 64 65 66 67 68 69 70 71 72 73 74 75
(53,*) 0 1 2 3 4 5 6 7 8 9 10 11 12 13 14 15 16 17 18 19 20 41 42 43 44 45 46 47 48 49 50 51 52 54 55 56 57 58 59 60 0 1 2 3 63 64 65 66 67 68 69 70 71 72 73 74 75
(54,*) 0 1 2 3 4 5 6 7 8 9 10 11 12 13 14 15 16 17 18 19 20 41 42 43 44 45 46 47 48 49 50 51 52 53 55 56 57 58 59 60 0 1 2 3 63 64 65 66 67 68 69 70 71 72 73 74 75
(55,*) 0 1 2 3 4 5 6 7 8 9 10 11 12 13 14 15 16 17 18 19 20 41 42 43 44 45 46 47 48 49 50 51 52 53 54 56 57 58 59 60 0 1 2 3 63 64 65 66 67 68 69 70 71 72 73 74 75
(56,*) 0 1 2 3 4 5 6 7 8 9 10 11 12 13 14 15 16 17 18 19 20 41 42 43 44 45 46 47 48 49 50 51 52 53 54 55 57 58 59 60 0 1 2 3 63 64 65 66 67 68 69 70 71 72 73 74 75
(57,*) 0 1 2 3 4 5 6 7 8 9 10 11 12 13 14 15 16 17 18 19 20 41 42 43 44 45 46 47 48 49 50 51 52 53 54 55 56 58 59 60 0 1 2 3 63 64 65 66 67 68 69 70 71 72 73 74 75
(58,*) 0 1 2 3 4 5 6 7 8 9 10 11 12 13 14 15 16 17 18 19 20 41 42 43 44 45 46 47 48 49 50 51 52 53 54 55 56 57 59 60 0 1 2 3 63 64 65 66 67 68 69 70 71 72 73 74 75
(59,*) 0 1 2 3 4 5 6 7 8 9 10 11 12 13 14 15 16 17 18 19 20 41 42 43 44 45 46 47 48 49 50 51 52 53 54 55 56 57 58 60 0 1 2 3 63 64 65 66 67 68 69 70 71 72 73 74 75
(60,*) 0 1 2 3 4 5 6 7 8 9 10 11 12 13 14 15 16 17 18 19 20 41 42 43 44 45 46 47 48 49 50 51 52 53 54 55 56 57 58 59 0 1 2 3 63 64 65 66 67 68 69 70 71 72 73 74 75
(0,*) 1 2 3 4 5 6 7 8 9 10 11 12 13 14 15 16 17 18 19 20 41 42 43 44 45 46 47 48 49 50 51 52 53 54 55 56 57 58 59 60 1 2 3 63 64 65 66 67 68 69 70 71 72 73 74 75
(1,*) 0 2 3 4 5 6 7 8 9 10 11 12 13 14 15 16 17 18 19 20 41 42 43 44 45 46 47 48 49 50 51 52 53 54 55 56 57 58 59 60 0 2 3 63 64 65 66 67 68 69 70 71 72 73 74 75
(2,*) 0 1 3 4 5 6 7 8 9 10 11 12 13 14 15 16 17 18 19 20 41 42 43 44 45 46 47 48 49 50 51 52 53 54 55 56 57 58 59 60 0 1 3 63 64 65 66 67 68 69 70 71 72 73 74 75
(3,*) 0 1 2 4 5 6 7 8 9 10 11 12 13 14 15 16 17 18 19 20 41 42 43 44 45 46 47 48 49 50 51 52 53 54 55 56 57 58 59 60 0 1 2 63 64 65 66 67 68 69 70 71 72 73 74 75
(63,*) 0 1 2 3 4 5 6 7 8 9 10 11 12 13 14 15 16 17 18 19 20 41 42 43 44 45 46 47 48 49 50 51 52 53 54 55 56 57 58 59 60 0 1 2 3 64 65 66 67 68 69 70 71 72 73 74 75
(64,*) 0 1 2 3 4 5 6 7 8 9 10 11 12 13 14 15 16 17 18 19 20 41 42 43 44 45 46 47 48 49 50 51 52 53 54 55 56 57 58 59 60 0 1 2 3 63 65 66 67 68 69 70 71 72 73 74 75
(65,*) 0 1 2 3 4 5 6 7 8 9 10 11 12 13 14 15 16 17 18 19 20 41 42 43 44 45 46 47 48 49 50 51 52 53 54 55 56 57 58 59 60 0 1 2 3 63 64 66 67 68 69 70 71 72 73 74 75
(66,*) 0 1 2 3 4 5 6 7 8 9 10 11 12 13 14 15 16 17 18 19 20 41 42 43 44 45 46 47 48 49 50 51 52 53 54 55 56 57 58 59 60 0 1 2 3 63 64 65 67 68 69 70 71 72 73 74 75
(67,*) 0 1 2 3 4 5 6 7 8 9 10 11 12 13 14 15 16 17 18 19 20 41 42 43 44 45 46 47 48 49 50 51 52 53 54 55 56 57 58 59 60 0 1 2 3 63 64 65 66 68 69 70 71 72 73 74 75
(68,*) 0 1 2 3 4 5 6 7 8 9 10 11 12 13 14 15 16 17 18 19 20 41 42 43 44 45 46 47 48 49 50 51 52 53 54 55 56 57 58 59 60 0 1 2 3 63 64 65 66 67 69 70 71 72 73 74 75
(69,*) 0 1 2 3 4 5 6 7 8 9 10 11 12 13 14 15 16 17 18 19 20 41 42 43 44 45 46 47 48 49 50 51 52 53 54 55 56 57 58 59 60 0 1 2 3 63 64 65 66 67 68 70 71 72 73 74 75
(70,*) 0 1 2 3 4 5 6 7 8 9 10 11 12 13 14 15 16 17 18 19 20 41 42 43 44 45 46 47 48 49 50 51 52 53 54 55 56 57 58 59 60 0 1 2 3 63 64 65 66 67 68 69 71 72 73 74 75
(71,*) 0 1 2 3 4 5 6 7 8 9 10 11 12 13 14 15 16 17 18 19 20 41 42 43 44 45 46 47 48 49 50 51 52 53 54 55 56 57 58 59 60 0 1 2 3 63 64 65 66 67 68 69 70 72 73 74 75
(72,*) 0 1 2 3 4 5 6 7 8 9 10 11 12 13 14 15 16 17 18 19 20 41 42 43 44 45 46 47 48 49 50 51 52 53 54 55 56 57 58 59 60 0 1 2 3 63 64 65 66 67 68 69 70 71 73 74 75
(73,*) 0 1 2 3 4 5 6 7 8 9 10 11 12 13 14 15 16 17 18 19 20 41 42 43 44 45 46 47 48 49 50 51 52 53 54 55 56 57 58 59 60 0 1 2 3 63 64 65 66 67 68 69 70 71 72 74 75
(74,*) 0 1 2 3 4 5 6 7 8 9 10 11 12 13 14 15 16 17 18 19 20 41 42 43 44 45 46 47 48 49 50 51 52 53 54 55 56 57 58 59 60 0 1 2 3 63 64 65 66 67 68 69 70 71 72 73 75
(75,*) 0 1 2 3 4 5 6 7 8 9 10 11 12 13 14 15 16 17 18 19 20 41 42 43 44 45 46 47 48 49 50 51 52 53 54 55 56 57 58 59 60 0 1 2 3 63 64 65 66 67 68 69 70 71 72 73 74
;
set A2:=
(0,*) 1
(1,*) 0
;
param BigM:=99999;
param n:= 9;
param d:=
1	23
2	3
3	24
4	24
5	7
6	12
7	14
8	10
9	19
10	19
11	18
12	11
13	18
14	12
15	72
16	2
17	19
18	23
19	18
20	27
21	17
22	6
23	8
24	20
25	16
26	16
27	22
28	9
29	18
30	15
31	4
32	12
33	8
34	5
35	11
36	19
37	10
38	22
39	12
40	15
41	12
42	22
43	11
44	4
45	9
46	18
47	14
48	2
49	19
50	18
51	14
52	16
53	3
54	12
55	20
56	7
57	13
58	16
59	6
60	9
;
param Q:=100;
param w:=
[0,*] 1 0.1
[1,*] 0 0.1
;
param V:=
[0,*] 1 100
[1,*] 0 100
;
param e:
	61	62	63	64	65	66	67	68	69	70	71	72	73	74	75:=
21		0		0		0		0		0		0		0		1		0		0		0		0		0		0		0	
22		0		1		0		1		0		0		0		0		0		0		0		0		0		0		0	
23		0		0		0		0		1		0		1		0		0		0		0		0		0		0		1	
24		0		0		0		0		0		0		1		0		0		0		1		0		1		0		1	
25		0		1		0		1		0		0		0		0		0		0		0		0		0		0		0	
26		1		0		1		0		0		0		0		0		0		0		0		0		0		0		0	
27		0		0		0		0		0		0		0		0		0		0		1		0		1		0		0	
28		0		0		0		0		0		0		0		0		0		0		0		1		0		0		0	
29		0		0		0		0		1		0		0		0		1		0		0		0		0		0		0	
30		0		1		0		1		0		0		0		0		0		0		0		0		0		0		0	
31		0		1		0		1		0		0		0		0		0		0		0		0		0		0		0	
32		0		0		0		0		0		0		0		0		0		0		1		0		1		0		0	
33		1		0		1		0		0		0		0		0		0		0		0		0		0		0		0	
34		0		0		0		0		0		0		0		0		0		1		0		0		0		0		0	
35		0		1		0		1		0		0		0		0		0		0		0		0		0		0		0	
36		0		1		0		1		0		0		0		0		0		0		0		0		0		0		0	
37		1		0		1		0		0		0		0		0		0		0		0		0		0		0		0	
38		0		0		0		0		0		0		0		1		0		0		0		0		0		0		0	
39		0		0		0		0		1		0		0		0		0		0		0		0		0		0		0	
40		0		0		0		0		0		0		0		0		1		0		0		0		0		0		1	
41		0		0		0		0		0		0		0		0		0		0		0		1		0		1		0	
42		0		0		0		0		0		1		0		1		0		0		0		1		0		1		0	
43		0		0		0		0		0		0		1		0		0		0		1		0		1		0		1	
44		0		0		0		0		1		0		0		0		1		0		1		0		1		0		1	
45		1		0		1		0		0		0		0		0		0		0		0		0		0		0		0	
46		0		0		0		0		0		0		1		0		0		0		1		1		1		0		0	
47		0		0		0		0		0		1		0		1		0		1		0		1		0		1		0	
48		1		0		1		0		0		0		0		0		0		1		0		0		0		0		0	
49		0		1		0		1		0		0		0		0		0		0		0		0		0		0		0	
50		0		0		0		0		0		1		0		1		0		0		0		0		0		0		0	
51		0		0		0		0		0		1		0		0		0		1		0		1		0		1		0	
52		0		0		0		0		0		0		0		0		1		0		1		0		1		0		1	
53		0		0		0		0		0		1		0		1		0		0		0		0		0		0		0	
54		1		0		1		0		0		0		0		0		0		0		0		0		0		0		0	
55		0		0		0		0		0		0		0		0		0		0		0		1		0		1		0	
56		0		0		0		0		0		0		1		0		0		0		1		0		1		0		1	
57		0		0		0		0		0		0		1		0		0		0		1		0		1		0		1	
58		0		0		0		0		1		0		0		0		1		0		0		0		0		0		0	
59		1		0		1		0		0		0		0		0		0		0		0		0		0		0		0	
60		0		0		0		0		0		0		0		0		0		0		0		1		0		1		0	
;
param p:=
1	3
2	3
3	3
4	3
5	3
6	3
7	3
8	3
9	3
;
param G:=
61	98
62	100
63	98
64	100
65	93
66	78
67	97
68	82
69	85
70	78
71	77
72	76
73	91
74	83
75	89
;
param s:=
0	0
1	10
2	10
3	10
4	10
5	10
6	10
7	10
8	10
9	10
10	10
11	10
12	10
13	10
14	10
15	10
16	10
17	10
18	10
19	10
20	10
41	10
42	10
43	10
44	10
45	10
46	10
47	10
48	10
49	10
50	10
51	10
52	10
53	10
54	10
55	10
56	10
57	10
58	10
59	10
60	10
61	10
62	10
63	10
64	10
65	10
66	10
67	10
68	10
69	10
70	10
71	10
72	10
73	10
74	10
75	10
;
param t:
	0	1	2	3	4	5	6	7	8	9	10	11	12	13	14	15	16	17	18	19	20	21	22	23	24	25	26	27	28	29	30	31	32	33	34	35	36	37	38	39	40	41	42	43	44	45	46	47	48	49	50	51	52	53	54	55	56	57	58	59	60	61	62	63	64	65	66	67	68	69	70	71	72	73	74	75:=
0	0.0	37.74	48.17	14.0	50.99	41.76	32.56	14.42	63.15	28.07	29.73	36.06	59.09	36.06	56.32	42.76	10.2	61.19	50.99	12.81	29.73	54.92	32.98	24.74	8.25	36.06	40.0	14.0	38.83	26.08	43.86	28.64	30.0	37.95	36.77	34.0	31.3	38.47	71.22	31.3	30.27	38.47	61.22	10.0	22.36	44.94	17.09	48.41	51.42	42.19	63.56	49.52	27.2	72.11	36.06	43.86	14.56	10.77	38.63	48.17	49.48	51.16	42.19	51.16	42.19	40.61	64.2	1.0	65.86	39.05	41.15	7.21	41.77	3.61	46.75	14.76
1	37.74	0.0	65.97	50.16	71.39	72.44	14.0	40.0	60.83	56.6	60.83	69.66	65.51	22.36	89.11	74.97	28.43	92.35	71.39	50.0	42.76	78.64	65.6	51.11	45.65	70.34	14.42	50.16	55.32	18.97	80.92	66.24	14.56	25.61	58.31	71.69	66.48	19.8	91.21	34.23	16.12	71.39	82.0	28.64	32.31	27.2	50.0	64.56	53.25	77.79	69.34	67.91	13.42	94.15	34.0	72.03	44.05	29.73	34.23	45.61	80.4	41.77	79.92	41.77	79.92	45.0	77.47	38.59	81.34	19.31	52.81	30.53	63.51	34.48	67.9	33.02
2	48.17	65.97	0.0	40.25	6.32	25.3	70.68	62.48	32.8	72.47	26.31	72.8	19.7	77.9	38.42	29.73	54.04	36.88	6.32	51.88	23.41	15.23	72.11	71.02	44.94	34.23	56.14	40.25	10.77	67.23	68.03	48.37	51.42	44.0	11.66	52.04	66.48	50.04	25.3	78.1	69.77	30.59	16.12	47.2	69.43	48.37	34.0	2.83	24.41	41.23	22.8	2.0	64.4	28.28	34.0	19.7	61.61	44.41	84.4	30.46	28.84	39.0	58.14	39.0	58.14	88.41	16.55	47.51	17.69	78.72	14.04	49.68	8.06	47.38	5.83	62.24
3	14.0	50.16	40.25	0.0	41.62	28.64	46.39	25.06	62.03	32.25	17.2	34.06	54.92	50.04	42.43	29.12	24.08	47.54	41.62	11.66	28.28	43.86	32.56	31.24	6.32	22.09	49.68	0.0	32.98	40.05	35.78	16.97	40.0	44.41	28.64	22.63	28.0	46.69	60.83	44.27	44.18	24.74	50.99	21.54	35.44	51.61	6.32	41.23	50.04	28.28	59.23	41.18	40.79	60.96	39.4	31.62	22.8	20.59	51.92	49.03	36.06	54.08	31.11	54.08	31.11	52.35	56.8	13.0	57.45	53.04	37.22	20.4	32.76	16.28	37.44	27.89
4	50.99	71.39	6.32	41.62	0.0	22.09	75.39	65.05	38.21	73.78	26.0	72.8	24.41	82.29	33.29	26.31	57.69	31.11	0.0	53.25	28.64	8.94	72.5	72.8	46.86	32.06	62.03	41.62	16.12	71.55	66.48	47.54	56.89	50.04	14.42	50.64	66.48	56.0	20.59	81.61	74.32	28.0	10.77	51.11	72.8	54.59	35.61	8.94	30.53	38.21	26.83	4.47	69.08	22.8	40.05	16.12	63.78	48.37	88.2	36.77	24.17	45.31	56.04	45.31	56.04	91.55	17.03	50.25	16.16	83.38	20.22	53.25	9.22	50.61	4.24	65.44
5	41.76	72.44	25.3	28.64	22.09	0.0	72.25	53.67	57.31	58.0	12.17	53.85	44.94	77.28	17.09	4.47	50.99	20.0	22.09	38.83	34.0	18.97	54.41	58.41	34.93	10.77	67.05	28.64	26.91	66.75	45.12	27.78	59.23	57.27	19.8	29.73	47.71	62.03	35.78	72.8	70.46	6.32	27.2	46.17	63.91	63.53	24.74	27.86	47.2	16.12	48.08	24.74	66.12	34.41	48.37	6.0	51.11	44.05	80.32	50.91	8.0	58.8	34.23	58.8	34.23	80.95	39.01	40.8	37.22	79.63	33.3	46.69	18.36	42.95	19.65	56.3
6	32.56	14.0	70.68	46.39	75.39	72.25	0.0	30.0	71.22	45.34	60.13	59.46	73.76	8.94	88.0	74.03	22.36	92.2	75.39	43.08	47.41	81.61	55.17	39.7	40.79	68.12	27.2	46.39	59.93	7.21	72.72	60.73	22.8	36.06	61.35	65.79	57.2	31.3	95.85	20.4	2.83	70.0	86.16	26.08	20.0	39.4	48.0	69.77	62.23	74.67	77.9	72.5	6.32	98.08	42.43	72.99	34.41	28.28	20.4	55.32	80.22	53.0	73.54	53.0	73.54	31.0	84.06	33.54	87.32	8.06	58.83	26.08	66.73	30.15	71.51	23.02
7	14.42	40.0	62.48	25.06	65.05	53.67	30.0	0.0	76.66	17.09	42.19	29.73	73.35	29.73	66.48	53.85	14.14	72.11	65.05	16.12	43.86	68.41	25.61	12.17	18.87	46.17	46.82	25.06	53.25	22.8	42.94	34.0	37.36	48.17	50.99	38.21	27.2	47.07	85.04	20.1	27.2	49.4	75.07	20.1	12.17	54.59	30.0	62.8	65.15	50.64	77.82	63.78	26.91	85.6	48.37	56.6	4.47	22.36	28.07	61.19	60.93	63.13	45.12	63.13	45.12	27.29	78.6	15.0	80.16	34.01	55.47	16.12	55.87	16.16	60.81	7.07
8	63.15	60.83	32.8	62.03	38.21	57.31	71.22	76.66	0.0	91.08	54.41	96.0	14.42	80.0	71.22	61.77	63.91	69.31	38.21	72.11	34.06	46.69	94.09	87.86	64.12	64.62	46.86	62.03	31.62	71.02	95.71	75.31	48.41	35.38	38.63	80.05	90.02	41.04	47.54	85.88	71.61	61.74	43.27	56.92	78.79	34.41	56.14	30.0	12.0	72.5	14.56	34.06	66.03	52.8	29.53	52.15	77.67	54.41	89.89	16.12	61.61	19.42	87.36	19.42	87.36	97.49	29.15	62.97	34.54	78.75	25.71	60.73	38.95	60.64	38.6	73.39
9	28.07	56.6	72.47	32.25	73.78	58.0	45.34	17.09	91.08	0.0	48.41	15.23	86.02	42.8	67.23	56.85	31.05	73.78	73.78	20.59	57.27	75.29	10.77	5.66	27.86	48.41	63.91	32.25	64.62	38.42	32.25	32.25	54.41	64.78	60.83	34.18	16.0	64.03	92.46	29.53	42.52	52.5	82.8	36.22	25.46	71.39	38.47	73.35	79.25	50.12	90.44	73.43	43.27	92.02	64.0	62.29	14.14	38.05	36.77	76.24	64.03	79.03	38.47	79.03	38.47	30.15	89.01	28.16	89.69	47.63	68.01	32.25	65.0	31.0	69.64	23.71
10	29.73	60.83	26.31	17.2	26.0	12.17	60.13	42.19	54.41	48.41	0.0	46.82	44.18	65.12	28.28	14.14	38.83	32.06	26.0	28.28	25.46	26.91	46.52	48.08	23.32	11.31	56.46	17.2	22.8	54.59	42.05	22.09	48.08	47.71	16.12	26.08	40.5	51.88	44.05	60.93	58.31	10.77	34.41	34.06	52.0	54.41	12.65	28.07	43.08	19.8	48.04	26.68	54.04	43.86	39.7	14.42	40.0	32.0	68.35	44.94	20.1	52.01	32.98	52.01	32.98	69.46	42.45	28.79	42.15	67.48	28.79	34.53	18.25	30.81	22.14	44.38
11	36.06	69.66	72.8	34.06	72.8	53.85	59.46	29.73	96.0	15.23	46.82	0.0	88.81	57.69	59.46	51.61	42.19	66.48	72.8	24.33	62.03	72.47	4.47	20.59	32.25	43.27	75.18	34.06	66.75	52.35	18.11	26.08	65.3	74.0	61.61	25.46	6.32	74.32	89.55	44.72	56.64	47.71	80.5	45.69	40.0	80.99	40.2	74.22	84.0	42.43	93.06	73.38	56.64	88.2	71.39	59.06	25.61	46.82	52.0	82.39	58.41	86.49	26.83	86.49	26.83	44.91	89.19	35.74	88.96	62.43	71.25	42.05	64.85	39.56	68.95	36.8
12	59.09	65.51	19.7	54.92	24.41	44.94	73.76	73.35	14.42	86.02	44.18	88.81	0.0	82.07	57.69	49.4	62.13	55.32	24.41	65.97	29.53	32.56	87.48	83.57	58.24	53.37	52.8	54.92	22.09	72.14	86.21	66.03	51.61	40.25	28.07	70.26	82.61	46.52	33.53	85.6	73.59	50.0	28.84	54.92	77.67	41.76	48.66	17.09	12.65	60.73	4.47	20.59	67.94	38.63	31.62	39.4	73.54	52.15	90.69	20.88	48.37	28.16	76.94	28.16	76.94	96.83	15.3	58.69	20.62	81.69	18.03	58.31	26.93	57.25	25.5	71.34
13	36.06	22.36	77.9	50.04	82.29	77.28	8.94	29.73	80.0	42.8	65.12	57.69	82.07	0.0	92.35	78.64	26.31	97.02	82.29	44.72	54.92	88.02	53.25	37.2	44.0	72.11	36.06	50.04	67.23	10.77	72.5	62.8	31.62	44.94	68.03	67.47	56.36	40.25	102.86	14.42	8.49	74.43	93.04	31.62	17.89	48.33	52.61	77.18	70.77	78.03	86.28	79.65	14.14	104.79	50.99	78.59	34.18	34.18	12.0	64.03	85.16	61.91	74.73	61.91	74.73	23.35	91.84	37.05	94.87	5.0	66.61	30.59	73.41	34.37	78.29	23.54
14	56.32	89.11	38.42	42.43	33.29	17.09	88.0	66.48	71.22	67.23	28.28	59.46	57.69	92.35	0.0	14.14	66.12	7.21	33.29	50.6	50.99	26.0	61.22	68.88	48.66	20.4	84.12	42.43	42.8	82.1	46.04	34.99	76.16	74.32	36.06	34.06	54.04	79.12	38.0	86.35	86.02	18.0	32.98	62.03	77.67	80.5	40.0	41.23	62.23	17.2	60.03	37.2	82.02	34.23	65.3	20.0	63.25	60.13	94.15	66.84	10.0	75.0	34.41	75.0	34.41	93.3	48.1	55.33	44.64	95.08	49.04	62.03	33.3	58.08	32.65	70.21
15	42.76	74.97	29.73	29.12	26.31	4.47	74.03	53.85	61.77	56.85	14.14	51.61	49.4	78.64	14.14	0.0	52.35	18.44	26.31	38.47	37.74	22.36	52.5	57.69	35.44	8.49	70.23	29.12	31.24	68.26	41.76	25.61	62.1	60.83	24.08	26.83	45.61	65.39	38.63	73.38	72.11	4.47	30.59	48.0	64.56	67.23	26.08	32.31	51.61	12.0	52.5	29.12	68.0	36.72	52.15	10.2	50.99	46.04	81.04	55.17	7.21	62.97	30.59	62.97	30.59	81.02	43.1	41.77	41.05	81.22	37.64	48.17	22.83	44.28	24.04	57.01
16	10.2	28.43	54.04	24.08	57.69	50.99	22.36	14.14	63.91	31.05	38.83	42.19	62.13	26.31	66.12	52.35	0.0	70.71	57.69	21.63	32.8	62.61	38.47	26.31	18.44	46.0	33.11	24.08	43.86	16.0	52.5	38.63	23.41	34.06	43.27	43.86	38.42	32.98	78.23	24.08	20.1	48.17	68.26	7.21	15.62	40.45	26.31	53.81	52.8	52.35	66.57	55.61	17.09	79.65	34.93	52.5	17.09	10.0	30.53	48.08	58.86	49.37	51.88	49.37	51.88	34.83	69.3	11.18	71.59	29.0	44.82	4.47	48.55	8.06	53.54	9.49
17	61.19	92.35	36.88	47.54	31.11	20.0	92.2	72.11	69.31	73.78	32.06	66.48	55.32	97.02	7.21	18.44	70.71	0.0	31.11	56.46	52.5	22.8	68.12	75.18	53.85	26.0	86.35	47.54	42.94	86.58	53.25	41.62	78.92	75.89	36.77	41.04	60.96	81.04	32.25	91.76	90.35	22.8	28.64	66.12	82.97	81.71	44.41	39.7	61.22	24.08	57.2	35.38	86.09	28.0	66.48	20.88	69.08	64.03	99.46	66.57	12.0	74.95	41.62	74.95	41.62	99.16	44.29	60.21	40.31	99.5	48.88	66.48	33.12	62.65	31.4	75.43
18	50.99	71.39	6.32	41.62	0.0	22.09	75.39	65.05	38.21	73.78	26.0	72.8	24.41	82.29	33.29	26.31	57.69	31.11	0.0	53.25	28.64	8.94	72.5	72.8	46.86	32.06	62.03	41.62	16.12	71.55	66.48	47.54	56.89	50.04	14.42	50.64	66.48	56.0	20.59	81.61	74.32	28.0	10.77	51.11	72.8	54.59	35.61	8.94	30.53	38.21	26.83	4.47	69.08	22.8	40.05	16.12	63.78	48.37	88.2	36.77	24.17	45.31	56.04	45.31	56.04	91.55	17.03	50.25	16.16	83.38	20.22	53.25	9.22	50.61	4.24	65.44
19	12.81	50.0	51.88	11.66	53.25	38.83	43.08	16.12	72.11	20.59	28.28	24.33	65.97	44.72	50.6	38.47	21.63	56.46	53.25	0.0	38.05	55.17	22.0	19.8	8.0	30.46	52.8	11.66	44.27	36.06	31.11	18.11	42.8	50.16	40.25	22.8	18.97	51.11	72.25	36.22	40.5	34.0	62.48	22.8	28.0	57.27	17.89	52.8	60.13	34.53	70.34	52.84	38.47	72.14	47.07	42.52	12.65	23.32	44.18	58.14	45.65	62.17	30.46	62.17	30.46	42.72	68.43	12.21	69.12	48.51	48.05	19.8	44.42	16.4	49.09	21.21
20	29.73	42.76	23.41	28.28	28.64	34.0	47.41	43.86	34.06	57.27	25.46	62.03	29.53	54.92	50.99	37.74	32.8	52.5	28.64	38.05	0.0	36.06	60.03	54.41	30.07	36.77	34.23	28.28	12.65	44.41	63.25	43.08	28.28	23.41	16.12	48.33	56.14	28.64	48.7	56.64	46.65	35.61	39.29	25.61	48.41	29.53	22.8	22.36	22.09	45.25	34.0	25.3	41.18	51.42	14.42	31.62	44.27	22.8	62.29	20.88	41.23	26.93	56.36	26.93	56.36	67.62	37.01	29.41	39.96	55.47	12.04	28.84	21.0	27.73	25.18	41.88
21	54.92	78.64	15.23	43.86	8.94	18.97	81.61	68.41	46.69	75.29	26.91	72.47	32.56	88.02	26.0	22.36	62.61	22.8	8.94	55.17	36.06	0.0	72.72	74.97	49.68	29.73	70.03	43.86	24.08	77.25	64.03	46.52	64.28	58.31	20.4	48.7	66.24	64.12	17.2	86.09	80.32	25.3	8.25	56.46	77.18	63.15	38.42	17.89	39.45	34.23	34.41	13.42	75.29	17.2	48.37	13.42	66.6	53.85	93.06	45.69	18.11	54.23	52.95	54.23	52.95	95.44	22.14	54.08	19.1	89.49	28.86	58.14	15.13	55.07	11.05	69.64
22	32.98	65.6	72.11	32.56	72.5	54.41	55.17	25.61	94.09	10.77	46.52	4.47	87.48	53.25	61.22	52.5	38.47	68.12	72.5	22.0	60.03	72.72	0.0	16.12	30.0	44.05	71.55	32.56	65.51	48.08	22.0	26.91	61.74	70.88	60.73	27.2	7.21	70.94	89.89	40.25	52.35	48.41	80.62	42.38	35.61	77.79	38.83	73.38	82.1	44.05	91.78	72.8	52.5	88.81	68.73	59.36	21.63	43.68	47.54	80.1	59.46	83.86	29.73	83.86	29.73	40.61	88.6	32.76	88.64	58.01	69.72	38.63	64.26	36.4	68.54	32.65
23	24.74	51.11	71.02	31.24	72.8	58.41	39.7	12.17	87.86	5.66	48.08	20.59	83.57	37.2	68.88	57.69	26.31	75.18	72.8	19.8	54.41	74.97	16.12	0.0	26.08	49.4	58.82	31.24	62.61	32.8	36.88	34.18	49.48	60.3	59.36	36.88	20.4	59.23	92.02	24.17	36.88	53.25	82.22	32.0	19.8	66.75	37.2	71.69	76.16	52.0	88.02	72.11	37.74	91.93	60.13	62.29	10.2	34.06	31.62	72.69	64.9	75.03	42.05	75.03	42.05	26.02	87.46	25.0	88.48	42.01	65.55	28.0	63.82	27.29	68.6	18.38
24	8.25	45.65	44.94	6.32	46.86	34.93	40.79	18.87	64.12	27.86	23.32	32.25	58.24	44.0	48.66	35.44	18.44	53.85	46.86	8.0	30.07	49.68	30.0	26.08	0.0	28.28	46.69	6.32	36.77	34.23	37.2	20.59	36.77	42.94	33.29	26.08	26.68	44.41	66.48	37.95	38.47	31.05	56.57	17.2	29.12	50.12	11.31	45.65	52.15	34.06	62.64	46.04	35.44	66.84	39.29	37.74	16.97	16.97	45.61	50.16	42.38	54.34	34.41	54.34	34.41	46.14	61.4	7.28	62.43	47.17	40.26	15.23	37.8	11.18	42.64	21.59
25	36.06	70.34	34.23	22.09	32.06	10.77	68.12	46.17	64.62	48.41	11.31	43.27	53.37	72.11	20.4	8.49	46.0	26.0	32.06	30.46	36.77	29.73	44.05	49.4	28.28	0.0	67.08	22.09	33.11	62.0	34.53	17.2	58.31	58.82	26.0	18.97	37.2	62.77	46.52	65.97	66.03	4.47	37.95	42.43	57.27	65.6	20.4	36.5	53.67	8.49	56.89	34.06	62.29	44.94	50.99	16.49	43.08	40.79	73.76	56.04	15.62	63.25	24.0	63.25	24.0	73.16	49.09	35.06	47.68	75.0	39.36	42.05	26.48	38.01	29.02	49.82
26	40.0	14.42	56.14	49.68	62.03	67.05	27.2	46.82	46.86	63.91	56.46	75.18	52.8	36.06	84.12	70.23	33.11	86.35	62.03	52.8	34.23	70.03	71.55	58.82	46.69	67.08	0.0	49.68	46.0	30.07	83.74	66.6	10.0	12.65	50.36	72.25	71.02	6.32	80.89	46.17	28.64	67.23	72.25	30.0	42.19	12.81	47.71	54.33	40.25	75.18	56.36	58.14	24.08	84.38	22.36	65.51	50.16	29.73	47.54	32.25	74.73	27.59	80.72	27.59	80.72	57.56	65.8	40.61	70.09	33.54	42.3	33.29	55.15	36.4	59.01	40.52
27	14.0	50.16	40.25	0.0	41.62	28.64	46.39	25.06	62.03	32.25	17.2	34.06	54.92	50.04	42.43	29.12	24.08	47.54	41.62	11.66	28.28	43.86	32.56	31.24	6.32	22.09	49.68	0.0	32.98	40.05	35.78	16.97	40.0	44.41	28.64	22.63	28.0	46.69	60.83	44.27	44.18	24.74	50.99	21.54	35.44	51.61	6.32	41.23	50.04	28.28	59.23	41.18	40.79	60.96	39.4	31.62	22.8	20.59	51.92	49.03	36.06	54.08	31.11	54.08	31.11	52.35	56.8	13.0	57.45	53.04	37.22	20.4	32.76	16.28	37.44	27.89
28	38.83	55.32	10.77	32.98	16.12	26.91	59.93	53.25	31.62	64.62	22.8	66.75	22.09	67.23	42.8	31.24	43.86	42.94	16.12	44.27	12.65	24.08	65.51	62.61	36.77	33.11	46.0	32.98	0.0	56.6	64.5	44.18	40.79	34.23	7.21	48.66	60.53	40.05	36.06	67.94	59.06	30.53	26.68	36.88	59.4	39.29	26.68	10.0	20.59	41.18	26.31	12.65	53.67	38.83	24.33	22.8	52.84	34.06	74.03	24.08	32.8	32.2	55.79	32.2	55.79	78.52	25.5	38.28	27.8	67.98	6.4	39.6	9.85	37.64	13.04	52.4
29	26.08	18.97	67.23	40.05	71.55	66.75	7.21	22.8	71.02	38.42	54.59	52.35	72.14	10.77	82.1	68.26	16.0	86.58	71.55	36.06	44.41	77.25	48.08	32.8	34.23	62.0	30.07	40.05	56.6	0.0	65.51	53.85	23.41	36.77	57.27	58.82	50.0	32.98	92.13	16.12	4.47	64.12	82.29	20.88	13.42	41.23	42.19	66.57	61.22	68.26	76.42	68.96	6.0	94.02	41.62	67.91	27.2	23.41	18.87	54.92	74.67	53.71	66.48	53.71	66.48	27.66	81.4	27.07	84.31	13.0	56.22	20.1	62.65	24.02	67.54	15.81
30	43.86	80.92	68.03	35.78	66.48	45.12	72.72	42.94	95.71	32.25	42.05	18.11	86.21	72.5	46.04	41.76	52.5	53.25	66.48	31.11	63.25	64.03	22.0	36.88	37.2	34.53	83.74	35.78	64.5	65.51	0.0	20.4	73.76	79.92	58.14	16.0	16.49	81.61	80.32	60.73	69.97	38.83	72.28	53.81	54.63	87.13	40.5	70.0	83.95	30.46	90.09	68.12	68.82	78.0	75.15	50.99	38.47	54.04	68.41	84.12	47.54	89.69	11.66	89.69	11.66	62.39	83.49	43.19	82.2	76.92	70.04	50.91	60.01	47.42	63.2	49.74
31	28.64	66.24	48.37	16.97	47.54	27.78	60.73	34.0	75.31	32.25	22.09	26.08	66.03	62.8	34.99	25.61	38.63	41.62	47.54	18.11	43.08	46.52	26.91	34.18	20.59	17.2	66.6	16.97	44.18	53.85	20.4	0.0	56.85	61.22	38.0	5.66	20.0	63.66	63.53	54.04	58.24	21.63	54.63	37.74	46.04	68.41	20.59	50.16	63.56	17.89	70.0	48.66	55.71	62.13	55.57	33.11	30.07	37.2	62.03	63.91	32.56	69.78	14.14	69.78	14.14	59.44	64.33	27.73	63.6	66.49	49.65	35.78	40.31	31.76	43.93	39.32
32	30.0	14.56	51.42	40.0	56.89	59.23	22.8	37.36	48.41	54.41	48.08	65.3	51.61	31.62	76.16	62.1	23.41	78.92	56.89	42.8	28.28	64.28	61.74	49.48	36.77	58.31	10.0	40.0	40.79	23.41	73.76	56.85	0.0	13.42	44.05	62.48	61.06	10.0	76.66	39.29	23.32	58.82	67.47	20.0	34.06	18.11	38.47	50.0	39.7	66.21	55.61	53.37	17.89	79.62	20.0	58.31	40.5	19.8	42.05	32.56	67.08	30.41	70.94	30.41	70.94	50.96	63.07	30.61	66.85	30.41	38.28	23.32	49.16	26.4	53.46	31.4
33	37.95	25.61	44.0	44.41	50.04	57.27	36.06	48.17	35.38	64.78	47.71	74.0	40.25	44.94	74.32	60.83	34.06	75.89	50.04	50.16	23.41	58.31	70.88	60.3	42.94	58.82	12.65	44.41	34.23	36.77	79.92	61.22	13.42	0.0	39.29	66.84	69.08	6.32	68.47	52.5	36.72	58.31	60.03	28.64	46.69	7.21	41.04	42.05	27.78	67.2	43.91	46.0	31.3	72.11	10.0	55.03	50.64	27.2	55.46	20.0	64.62	17.0	75.29	17.0	75.29	64.2	53.16	38.28	57.49	43.42	30.02	32.56	43.74	34.48	47.27	43.01
34	36.77	58.31	11.66	28.64	14.42	19.8	61.35	50.99	38.63	60.83	16.12	61.61	28.07	68.03	36.06	24.08	43.27	36.77	14.42	40.25	16.12	20.4	60.73	59.36	33.29	26.0	50.36	28.64	7.21	57.27	58.14	38.0	44.05	39.29	0.0	42.19	55.32	44.72	34.99	67.2	60.17	23.32	25.06	36.72	58.41	44.94	22.36	12.65	27.78	34.0	32.0	12.81	55.03	36.77	29.73	16.12	50.0	34.0	73.78	31.11	26.08	39.05	49.03	39.05	49.03	77.23	28.18	36.07	29.21	69.29	13.6	38.83	5.39	36.24	10.3	51.09
35	34.0	71.69	52.04	22.63	50.64	29.73	65.79	38.21	80.05	34.18	26.08	25.46	70.26	67.47	34.06	26.83	43.86	41.04	50.64	22.8	48.33	48.7	27.2	36.88	26.08	18.97	72.25	22.63	48.66	58.82	16.0	5.66	62.48	66.84	42.19	0.0	20.0	69.31	65.39	58.03	63.25	23.41	56.92	43.27	50.36	74.03	26.08	54.0	68.41	16.97	74.11	52.15	60.93	63.53	61.06	35.44	34.06	42.8	66.03	69.08	33.29	75.13	8.49	75.13	8.49	62.65	67.6	33.12	66.49	71.31	54.34	41.18	44.01	37.22	47.27	43.93
36	31.3	66.48	66.48	28.0	66.48	47.71	57.2	27.2	90.02	16.0	40.5	6.32	82.61	56.36	54.04	45.61	38.42	60.96	66.48	18.97	56.14	66.24	7.21	20.4	26.68	37.2	71.02	28.0	60.53	50.0	16.49	20.0	61.06	69.08	55.32	20.0	0.0	69.77	83.35	44.27	54.41	41.62	74.24	41.18	38.47	76.16	34.06	67.91	78.03	36.88	86.83	67.05	53.81	82.1	65.97	52.84	22.8	42.05	51.92	76.66	52.5	81.02	22.8	81.02	22.8	46.1	82.86	30.87	82.64	60.9	65.12	37.74	58.52	34.89	62.63	34.21
37	38.47	19.8	50.04	46.69	56.0	62.03	31.3	47.07	41.04	64.03	51.88	74.32	46.52	40.25	79.12	65.39	32.98	81.04	56.0	51.11	28.64	64.12	70.94	59.23	44.41	62.77	6.32	46.69	40.05	32.98	81.61	63.66	10.0	6.32	44.72	69.31	69.77	0.0	74.67	49.03	32.31	62.61	66.12	28.64	44.05	8.25	44.05	48.17	34.0	71.02	50.12	52.04	27.2	78.23	16.12	60.17	50.0	27.78	51.26	26.08	69.57	22.02	77.79	22.02	77.79	60.64	59.48	38.95	63.79	38.28	36.12	32.31	49.37	34.89	53.08	41.3
38	71.22	91.21	25.3	60.83	20.59	35.78	95.85	85.04	47.54	92.46	44.05	89.55	33.53	102.86	38.0	38.63	78.23	32.25	20.59	72.25	48.7	17.2	89.89	92.02	66.48	46.52	80.89	60.83	36.06	92.13	80.32	63.53	76.66	68.47	34.99	65.39	83.35	74.67	0.0	102.08	94.85	42.05	10.0	71.69	93.23	72.03	55.17	26.68	44.41	50.0	33.11	23.41	89.55	5.66	58.55	30.53	83.45	68.96	108.76	52.15	32.98	60.41	68.96	60.41	68.96	111.83	18.38	70.43	13.0	103.87	38.64	73.78	29.68	71.03	24.7	85.8
39	31.3	34.23	78.1	44.27	81.61	72.8	20.4	20.1	85.88	29.53	60.93	44.72	85.6	14.42	86.35	73.38	24.08	91.76	81.61	36.22	56.64	86.09	40.25	24.17	37.95	65.97	46.17	44.27	67.94	16.12	60.73	54.04	39.29	52.5	67.2	58.03	44.27	49.03	102.08	0.0	18.11	68.96	92.09	31.11	8.94	57.27	48.33	77.9	75.47	70.71	90.0	79.65	22.09	103.25	56.36	75.15	24.0	33.94	8.0	69.77	80.32	69.29	64.5	69.29	64.5	11.7	93.35	32.2	95.67	19.42	68.68	28.43	72.42	31.06	77.42	16.55
40	30.27	16.12	69.77	44.18	74.32	70.46	2.83	27.2	71.61	42.52	58.31	56.64	73.59	8.49	86.02	72.11	20.1	90.35	74.32	40.5	46.65	80.32	52.35	36.88	38.47	66.03	28.64	44.18	59.06	4.47	69.97	58.24	23.32	36.72	60.17	63.25	54.41	32.31	94.85	18.11	0.0	68.03	85.09	24.33	17.2	40.5	46.04	68.96	62.29	72.44	77.79	71.55	5.66	96.93	42.52	71.39	31.62	26.68	18.97	55.61	78.41	53.71	70.94	53.71	70.94	29.07	83.49	31.26	86.61	9.22	58.25	24.0	65.55	28.02	70.38	20.25
41	38.47	71.39	30.59	24.74	28.0	6.32	70.0	49.4	61.74	52.5	10.77	47.71	50.0	74.43	18.0	4.47	48.17	22.8	28.0	34.0	35.61	25.3	48.41	53.25	31.05	4.47	67.23	24.74	30.53	64.12	38.83	21.63	58.82	58.31	23.32	23.41	41.62	62.61	42.05	68.96	68.03	0.0	33.53	44.05	60.17	64.9	22.0	32.98	51.11	10.77	53.37	30.27	64.03	40.5	50.0	12.17	46.52	42.19	76.66	54.04	11.66	61.55	28.07	61.55	28.07	76.56	45.01	37.48	43.42	77.1	36.89	44.05	23.09	40.11	25.18	52.63
42	61.22	82.0	16.12	50.99	10.77	27.2	86.16	75.07	43.27	82.8	34.41	80.5	28.84	93.04	32.98	30.59	68.26	28.64	10.77	62.48	39.29	8.25	80.62	82.22	56.57	37.95	72.25	50.99	26.68	82.29	72.28	54.63	67.47	60.03	25.06	56.92	74.24	66.12	10.0	92.09	85.09	33.53	0.0	61.77	83.23	64.12	45.25	18.0	37.95	42.43	29.73	14.14	79.85	12.17	50.04	21.54	73.54	59.06	98.79	45.12	26.0	53.6	61.19	53.6	61.19	101.83	15.81	60.44	11.7	94.15	30.02	63.81	19.72	61.03	14.76	75.8
43	10.0	28.64	47.2	21.54	51.11	46.17	26.08	20.1	56.92	36.22	34.06	45.69	54.92	31.62	62.03	48.0	7.21	66.12	51.11	22.8	25.61	56.46	42.38	32.0	17.2	42.43	30.0	21.54	36.88	20.88	53.81	37.74	20.0	28.64	36.72	43.27	41.18	28.64	71.69	31.11	24.33	44.05	61.77	0.0	22.8	35.44	22.09	46.86	45.69	49.48	59.36	48.83	20.0	73.35	28.28	47.07	22.09	2.83	37.2	41.23	54.15	43.05	51.61	43.05	51.61	42.01	62.24	10.63	64.66	33.54	37.64	4.0	42.06	6.4	47.01	16.55
44	22.36	32.31	69.43	35.44	72.8	63.91	20.0	12.17	78.79	25.46	52.0	40.0	77.67	17.89	77.67	64.56	15.62	82.97	72.8	28.0	48.41	77.18	35.61	19.8	29.12	57.27	42.19	35.44	59.4	13.42	54.63	46.04	34.06	46.69	58.41	50.36	38.47	44.05	93.23	8.94	17.2	60.17	83.23	22.8	0.0	52.15	39.4	69.31	68.0	62.29	82.1	70.94	18.97	94.34	49.4	66.21	16.49	25.61	16.49	62.77	71.47	63.06	57.27	63.06	57.27	19.21	84.86	23.26	87.05	22.47	60.44	19.8	63.6	22.2	68.6	7.62
45	44.94	27.2	48.37	51.61	54.59	63.53	39.4	54.59	34.41	71.39	54.41	80.99	41.76	48.33	80.5	67.23	40.45	81.71	54.59	57.27	29.53	63.15	77.79	66.75	50.12	65.6	12.81	51.61	39.29	41.23	87.13	68.41	18.11	7.21	44.94	74.03	76.16	8.25	72.03	57.27	40.5	64.9	64.12	35.44	52.15	0.0	48.17	46.17	29.12	74.03	44.94	50.36	35.44	76.03	15.23	60.93	57.27	34.18	59.46	20.88	70.68	15.0	82.46	15.0	82.46	68.88	55.73	45.31	60.41	46.14	34.37	39.29	49.04	41.44	52.17	49.09
46	17.09	50.0	34.0	6.32	35.61	24.74	48.0	30.0	56.14	38.47	12.65	40.2	48.66	52.61	40.0	26.08	26.31	44.41	35.61	17.89	22.8	38.42	38.83	37.2	11.31	20.4	47.71	6.32	26.68	42.19	40.5	20.59	38.47	41.04	22.36	26.08	34.06	44.05	55.17	48.33	46.04	22.0	45.25	22.09	39.4	48.17	0.0	34.93	44.18	27.86	52.95	34.99	42.05	55.61	34.99	26.83	28.28	20.4	55.71	43.68	32.56	49.24	34.41	49.24	34.41	57.14	50.54	16.16	51.31	55.15	31.06	22.09	26.63	18.25	31.4	31.78
47	48.41	64.56	2.83	41.23	8.94	27.86	69.77	62.8	30.0	73.35	28.07	74.22	17.09	77.18	41.23	32.31	53.81	39.7	8.94	52.8	22.36	17.89	73.38	71.69	45.65	36.5	54.33	41.23	10.0	66.57	70.0	50.16	50.0	42.05	12.65	54.0	67.91	48.17	26.68	77.9	68.96	32.98	18.0	46.86	69.31	46.17	34.93	0.0	21.63	43.68	20.4	4.47	63.53	30.07	32.06	22.36	62.13	44.05	84.02	27.86	31.62	36.4	60.3	36.4	60.3	88.39	15.81	47.8	17.8	77.83	12.04	49.52	10.05	47.42	8.6	62.24
48	51.42	53.25	24.41	50.04	30.53	47.2	62.23	65.15	12.0	79.25	43.08	84.0	12.65	70.77	62.23	51.61	52.8	61.22	30.53	60.13	22.09	39.45	82.1	76.16	52.15	53.67	40.25	50.04	20.59	61.22	83.95	63.56	39.7	27.78	27.78	68.41	78.03	34.0	44.41	75.47	62.29	51.11	37.95	45.69	68.0	29.12	44.18	21.63	0.0	61.77	16.12	26.08	56.64	49.03	19.8	42.52	65.97	43.08	80.0	8.25	52.35	16.03	75.89	16.03	75.89	86.95	27.02	51.2	32.02	70.04	14.32	49.4	29.07	49.04	29.83	62.24
49	42.19	77.79	41.23	28.28	38.21	16.12	74.67	50.64	72.5	50.12	19.8	42.43	60.73	78.03	17.2	12.0	52.35	24.08	38.21	34.53	45.25	34.23	44.05	52.0	34.06	8.49	75.18	28.28	41.18	68.26	30.46	17.89	66.21	67.2	34.0	16.97	36.88	71.02	50.0	70.71	72.44	10.77	42.43	49.48	62.29	74.03	27.86	43.68	61.77	0.0	64.03	40.79	69.05	47.54	59.46	22.09	47.07	48.08	78.64	64.4	17.09	71.7	18.97	71.7	18.97	76.92	55.08	41.19	53.04	81.22	47.51	48.66	33.84	44.55	35.69	55.08
50	63.56	69.34	22.8	59.23	26.83	48.08	77.9	77.82	14.56	90.44	48.04	93.06	4.47	86.28	60.03	52.5	66.57	57.2	26.83	70.34	34.0	34.41	91.78	88.02	62.64	56.89	56.36	59.23	26.31	76.42	90.09	70.0	55.61	43.91	32.0	74.11	86.83	50.12	33.11	90.0	77.79	53.37	29.73	59.36	82.1	44.94	52.95	20.4	16.12	64.03	0.0	23.41	72.14	38.47	35.61	42.38	78.0	56.6	95.02	24.17	50.99	30.81	80.62	30.81	80.62	101.26	14.76	63.16	20.12	85.8	22.47	62.77	30.41	61.72	28.46	75.8
51	49.52	67.91	2.0	41.18	4.47	24.74	72.5	63.78	34.06	73.43	26.68	73.38	20.59	79.65	37.2	29.12	55.61	35.38	4.47	52.84	25.3	13.42	72.8	72.11	46.04	34.06	58.14	41.18	12.65	68.96	68.12	48.66	53.37	46.0	12.81	52.15	67.05	52.04	23.41	79.65	71.55	30.27	14.14	48.83	70.94	50.36	34.99	4.47	26.08	40.79	23.41	0.0	66.21	26.31	36.0	18.97	62.8	46.04	86.02	32.31	27.78	40.85	58.03	40.85	58.03	89.87	15.81	48.84	16.4	80.53	16.03	51.22	8.54	48.84	5.1	63.7
52	27.2	13.42	64.4	40.79	69.08	66.12	6.32	26.91	66.03	43.27	54.04	56.64	67.94	14.14	82.02	68.0	17.09	86.09	69.08	38.47	41.18	75.29	52.5	37.74	35.44	62.29	24.08	40.79	53.67	6.0	68.82	55.71	17.89	31.3	55.03	60.93	53.81	27.2	89.55	22.09	5.66	64.03	79.85	20.0	18.97	35.44	42.05	63.53	56.64	69.05	72.14	66.21	0.0	91.76	36.88	66.75	31.11	22.09	24.17	50.0	74.11	48.3	68.88	48.3	68.88	33.54	77.94	28.16	81.12	14.32	52.7	20.4	60.41	24.52	65.19	19.85
53	72.11	94.15	28.28	60.96	22.8	34.41	98.08	85.6	52.8	92.02	43.86	88.2	38.63	104.79	34.23	36.72	79.65	28.0	22.8	72.14	51.42	17.2	88.81	91.93	66.84	44.94	84.38	60.96	38.83	94.02	78.0	62.13	79.62	72.11	36.77	63.53	82.1	78.23	5.66	103.25	96.93	40.5	12.17	73.35	94.34	76.03	55.61	30.07	49.03	47.54	38.47	26.31	91.76	0.0	62.13	29.73	83.74	70.68	110.15	56.57	30.46	64.94	66.48	64.94	66.48	112.65	23.71	71.28	18.36	106.04	42.11	75.18	31.38	72.2	26.57	86.82
54	36.06	34.0	34.0	39.4	40.05	48.37	42.43	48.37	29.53	64.0	39.7	71.39	31.62	50.99	65.3	52.15	34.93	66.48	40.05	47.07	14.42	48.37	68.73	60.13	39.29	50.99	22.36	39.4	24.33	41.62	75.15	55.57	20.0	10.0	29.73	61.06	65.97	16.12	58.55	56.36	42.52	50.0	50.04	28.28	49.4	15.23	34.99	32.06	19.8	59.46	35.61	36.0	36.88	62.13	0.0	45.69	50.04	26.08	60.46	13.42	55.46	15.13	69.34	15.13	69.34	67.98	43.66	36.12	47.8	50.25	20.02	32.25	33.96	33.0	37.34	44.38
55	43.86	72.03	19.7	31.62	16.12	6.0	72.99	56.6	52.15	62.29	14.42	59.06	39.4	78.59	20.0	10.2	52.5	20.88	16.12	42.52	31.62	13.42	59.36	62.29	37.74	16.49	65.51	31.62	22.8	67.91	50.99	33.11	58.31	55.03	16.12	35.44	52.84	60.17	30.53	75.15	71.39	12.17	21.54	47.07	66.21	60.93	26.83	22.36	42.52	22.09	42.38	18.97	66.75	29.73	45.69	0.0	54.41	44.72	82.46	46.86	10.0	55.0	40.2	55.0	40.2	83.86	33.02	42.95	31.26	80.6	29.07	48.08	13.45	44.6	13.93	58.6
56	14.56	44.05	61.61	22.8	63.78	51.11	34.41	4.47	77.67	14.14	40.0	25.61	73.54	34.18	63.25	50.99	17.09	69.08	63.78	12.65	44.27	66.6	21.63	10.2	16.97	43.08	50.16	22.8	52.84	27.2	38.47	30.07	40.5	50.64	50.0	34.06	22.8	50.0	83.45	24.0	31.62	46.52	73.54	22.09	16.49	57.27	28.28	62.13	65.97	47.07	78.0	62.8	31.11	83.74	50.04	54.41	0.0	24.0	32.0	62.51	58.14	65.0	40.79	65.0	40.79	30.08	77.94	14.87	79.2	38.48	55.54	18.11	54.67	17.12	59.55	11.4
57	10.77	29.73	44.41	20.59	48.37	44.05	28.28	22.36	54.41	38.05	32.0	46.82	52.15	34.18	60.13	46.04	10.0	64.03	48.37	23.32	22.8	53.85	43.68	34.06	16.97	40.79	29.73	20.59	34.06	23.41	54.04	37.2	19.8	27.2	34.0	42.8	42.05	27.78	68.96	33.94	26.68	42.19	59.06	2.83	25.61	34.18	20.4	44.05	43.08	48.08	56.6	46.04	22.09	70.68	26.08	44.72	24.0	0.0	40.0	38.83	52.04	41.0	51.22	41.0	51.22	44.82	59.41	11.18	61.85	35.9	34.83	6.32	39.36	7.28	44.29	19.24
58	38.63	34.23	84.4	51.92	88.2	80.32	20.4	28.07	89.89	36.77	68.35	52.0	90.69	12.0	94.15	81.04	30.53	99.46	88.2	44.18	62.29	93.06	47.54	31.62	45.61	73.76	47.54	51.92	74.03	18.87	68.41	62.03	42.05	55.46	73.78	66.03	51.92	51.26	108.76	8.0	18.97	76.66	98.79	37.2	16.49	59.46	55.71	84.02	80.0	78.64	95.02	86.02	24.17	110.15	60.46	82.46	32.0	40.0	0.0	73.78	87.93	72.45	72.44	72.45	72.44	11.7	99.25	39.56	101.83	16.28	74.28	34.99	79.08	38.01	84.06	24.04
59	48.17	45.61	30.46	49.03	36.77	50.91	55.32	61.19	16.12	76.24	44.94	82.39	20.88	64.03	66.84	55.17	48.08	66.57	36.77	58.14	20.88	45.69	80.1	72.69	50.16	56.04	32.25	49.03	24.08	54.92	84.12	63.91	32.56	20.0	31.11	69.08	76.66	26.08	52.15	69.77	55.61	54.04	45.12	41.23	62.77	20.88	43.68	27.86	8.25	64.4	24.17	32.31	50.0	56.57	13.42	46.86	62.51	38.83	73.78	0.0	56.85	8.54	76.97	8.54	76.97	81.39	35.13	48.09	40.01	62.97	17.8	45.12	33.6	45.4	35.36	57.57
