set K:= 1	2	3	4	5	6	7	8	9;
set C_H:= 1	2	3	4	5	6	7	8	9	10	11	12	13	14	15	16	17	18	19	20	21;
set C_S:= 22	23	24	25	26	27	28	29	30	31	32	33	34	35	36	37	38	39	40;
set C_F:= 41	42	43	44	45	46	47	48	49	50	51	52	53	54	55	56	57	58	59;
set M:= 60	61	62	63	64	65;
set L_B:= 66	67	68	69	70	71	72	73	74;
set A1:=
(0,*) 1 2 3 4 5 6 7 8 9 10 11 12 13 14 15 16 17 18 19 20 21 41 42 43 44 45 46 47 48 49 50 51 52 53 54 55 56 57 58 59 60 61 62 63 64 65 66 67 68 69 70 71 72 73 74 75
(1,*) 0 2 3 4 5 6 7 8 9 10 11 12 13 14 15 16 17 18 19 20 21 41 42 43 44 45 46 47 48 49 50 51 52 53 54 55 56 57 58 59 60 61 62 63 64 65 66 67 68 69 70 71 72 73 74 75
(2,*) 0 1 3 4 5 6 7 8 9 10 11 12 13 14 15 16 17 18 19 20 21 41 42 43 44 45 46 47 48 49 50 51 52 53 54 55 56 57 58 59 60 61 62 63 64 65 66 67 68 69 70 71 72 73 74 75
(3,*) 0 1 2 4 5 6 7 8 9 10 11 12 13 14 15 16 17 18 19 20 21 41 42 43 44 45 46 47 48 49 50 51 52 53 54 55 56 57 58 59 60 61 62 63 64 65 66 67 68 69 70 71 72 73 74 75
(4,*) 0 1 2 3 5 6 7 8 9 10 11 12 13 14 15 16 17 18 19 20 21 41 42 43 44 45 46 47 48 49 50 51 52 53 54 55 56 57 58 59 60 61 62 63 64 65 66 67 68 69 70 71 72 73 74 75
(5,*) 0 1 2 3 4 6 7 8 9 10 11 12 13 14 15 16 17 18 19 20 21 41 42 43 44 45 46 47 48 49 50 51 52 53 54 55 56 57 58 59 60 61 62 63 64 65 66 67 68 69 70 71 72 73 74 75
(6,*) 0 1 2 3 4 5 7 8 9 10 11 12 13 14 15 16 17 18 19 20 21 41 42 43 44 45 46 47 48 49 50 51 52 53 54 55 56 57 58 59 60 61 62 63 64 65 66 67 68 69 70 71 72 73 74 75
(7,*) 0 1 2 3 4 5 6 8 9 10 11 12 13 14 15 16 17 18 19 20 21 41 42 43 44 45 46 47 48 49 50 51 52 53 54 55 56 57 58 59 60 61 62 63 64 65 66 67 68 69 70 71 72 73 74 75
(8,*) 0 1 2 3 4 5 6 7 9 10 11 12 13 14 15 16 17 18 19 20 21 41 42 43 44 45 46 47 48 49 50 51 52 53 54 55 56 57 58 59 60 61 62 63 64 65 66 67 68 69 70 71 72 73 74 75
(9,*) 0 1 2 3 4 5 6 7 8 10 11 12 13 14 15 16 17 18 19 20 21 41 42 43 44 45 46 47 48 49 50 51 52 53 54 55 56 57 58 59 60 61 62 63 64 65 66 67 68 69 70 71 72 73 74 75
(10,*) 0 1 2 3 4 5 6 7 8 9 11 12 13 14 15 16 17 18 19 20 21 41 42 43 44 45 46 47 48 49 50 51 52 53 54 55 56 57 58 59 60 61 62 63 64 65 66 67 68 69 70 71 72 73 74 75
(11,*) 0 1 2 3 4 5 6 7 8 9 10 12 13 14 15 16 17 18 19 20 21 41 42 43 44 45 46 47 48 49 50 51 52 53 54 55 56 57 58 59 60 61 62 63 64 65 66 67 68 69 70 71 72 73 74 75
(12,*) 0 1 2 3 4 5 6 7 8 9 10 11 13 14 15 16 17 18 19 20 21 41 42 43 44 45 46 47 48 49 50 51 52 53 54 55 56 57 58 59 60 61 62 63 64 65 66 67 68 69 70 71 72 73 74 75
(13,*) 0 1 2 3 4 5 6 7 8 9 10 11 12 14 15 16 17 18 19 20 21 41 42 43 44 45 46 47 48 49 50 51 52 53 54 55 56 57 58 59 60 61 62 63 64 65 66 67 68 69 70 71 72 73 74 75
(14,*) 0 1 2 3 4 5 6 7 8 9 10 11 12 13 15 16 17 18 19 20 21 41 42 43 44 45 46 47 48 49 50 51 52 53 54 55 56 57 58 59 60 61 62 63 64 65 66 67 68 69 70 71 72 73 74 75
(15,*) 0 1 2 3 4 5 6 7 8 9 10 11 12 13 14 16 17 18 19 20 21 41 42 43 44 45 46 47 48 49 50 51 52 53 54 55 56 57 58 59 60 61 62 63 64 65 66 67 68 69 70 71 72 73 74 75
(16,*) 0 1 2 3 4 5 6 7 8 9 10 11 12 13 14 15 17 18 19 20 21 41 42 43 44 45 46 47 48 49 50 51 52 53 54 55 56 57 58 59 60 61 62 63 64 65 66 67 68 69 70 71 72 73 74 75
(17,*) 0 1 2 3 4 5 6 7 8 9 10 11 12 13 14 15 16 18 19 20 21 41 42 43 44 45 46 47 48 49 50 51 52 53 54 55 56 57 58 59 60 61 62 63 64 65 66 67 68 69 70 71 72 73 74 75
(18,*) 0 1 2 3 4 5 6 7 8 9 10 11 12 13 14 15 16 17 19 20 21 41 42 43 44 45 46 47 48 49 50 51 52 53 54 55 56 57 58 59 60 61 62 63 64 65 66 67 68 69 70 71 72 73 74 75
(19,*) 0 1 2 3 4 5 6 7 8 9 10 11 12 13 14 15 16 17 18 20 21 41 42 43 44 45 46 47 48 49 50 51 52 53 54 55 56 57 58 59 60 61 62 63 64 65 66 67 68 69 70 71 72 73 74 75
(20,*) 0 1 2 3 4 5 6 7 8 9 10 11 12 13 14 15 16 17 18 19 21 41 42 43 44 45 46 47 48 49 50 51 52 53 54 55 56 57 58 59 60 61 62 63 64 65 66 67 68 69 70 71 72 73 74 75
(21,*) 0 1 2 3 4 5 6 7 8 9 10 11 12 13 14 15 16 17 18 19 20 41 42 43 44 45 46 47 48 49 50 51 52 53 54 55 56 57 58 59 60 61 62 63 64 65 66 67 68 69 70 71 72 73 74 75
(41,*) 0 1 2 3 4 5 6 7 8 9 10 11 12 13 14 15 16 17 18 19 20 21 42 43 44 45 46 47 48 49 50 51 52 53 54 55 56 57 58 59 60 61 62 63 64 65 66 67 68 69 70 71 72 73 74 75
(42,*) 0 1 2 3 4 5 6 7 8 9 10 11 12 13 14 15 16 17 18 19 20 21 41 43 44 45 46 47 48 49 50 51 52 53 54 55 56 57 58 59 60 61 62 63 64 65 66 67 68 69 70 71 72 73 74 75
(43,*) 0 1 2 3 4 5 6 7 8 9 10 11 12 13 14 15 16 17 18 19 20 21 41 42 44 45 46 47 48 49 50 51 52 53 54 55 56 57 58 59 60 61 62 63 64 65 66 67 68 69 70 71 72 73 74 75
(44,*) 0 1 2 3 4 5 6 7 8 9 10 11 12 13 14 15 16 17 18 19 20 21 41 42 43 45 46 47 48 49 50 51 52 53 54 55 56 57 58 59 60 61 62 63 64 65 66 67 68 69 70 71 72 73 74 75
(45,*) 0 1 2 3 4 5 6 7 8 9 10 11 12 13 14 15 16 17 18 19 20 21 41 42 43 44 46 47 48 49 50 51 52 53 54 55 56 57 58 59 60 61 62 63 64 65 66 67 68 69 70 71 72 73 74 75
(46,*) 0 1 2 3 4 5 6 7 8 9 10 11 12 13 14 15 16 17 18 19 20 21 41 42 43 44 45 47 48 49 50 51 52 53 54 55 56 57 58 59 60 61 62 63 64 65 66 67 68 69 70 71 72 73 74 75
(47,*) 0 1 2 3 4 5 6 7 8 9 10 11 12 13 14 15 16 17 18 19 20 21 41 42 43 44 45 46 48 49 50 51 52 53 54 55 56 57 58 59 60 61 62 63 64 65 66 67 68 69 70 71 72 73 74 75
(48,*) 0 1 2 3 4 5 6 7 8 9 10 11 12 13 14 15 16 17 18 19 20 21 41 42 43 44 45 46 47 49 50 51 52 53 54 55 56 57 58 59 60 61 62 63 64 65 66 67 68 69 70 71 72 73 74 75
(49,*) 0 1 2 3 4 5 6 7 8 9 10 11 12 13 14 15 16 17 18 19 20 21 41 42 43 44 45 46 47 48 50 51 52 53 54 55 56 57 58 59 60 61 62 63 64 65 66 67 68 69 70 71 72 73 74 75
(50,*) 0 1 2 3 4 5 6 7 8 9 10 11 12 13 14 15 16 17 18 19 20 21 41 42 43 44 45 46 47 48 49 51 52 53 54 55 56 57 58 59 60 61 62 63 64 65 66 67 68 69 70 71 72 73 74 75
(51,*) 0 1 2 3 4 5 6 7 8 9 10 11 12 13 14 15 16 17 18 19 20 21 41 42 43 44 45 46 47 48 49 50 52 53 54 55 56 57 58 59 60 61 62 63 64 65 66 67 68 69 70 71 72 73 74 75
(52,*) 0 1 2 3 4 5 6 7 8 9 10 11 12 13 14 15 16 17 18 19 20 21 41 42 43 44 45 46 47 48 49 50 51 53 54 55 56 57 58 59 60 61 62 63 64 65 66 67 68 69 70 71 72 73 74 75
(53,*) 0 1 2 3 4 5 6 7 8 9 10 11 12 13 14 15 16 17 18 19 20 21 41 42 43 44 45 46 47 48 49 50 51 52 54 55 56 57 58 59 60 61 62 63 64 65 66 67 68 69 70 71 72 73 74 75
(54,*) 0 1 2 3 4 5 6 7 8 9 10 11 12 13 14 15 16 17 18 19 20 21 41 42 43 44 45 46 47 48 49 50 51 52 53 55 56 57 58 59 60 61 62 63 64 65 66 67 68 69 70 71 72 73 74 75
(55,*) 0 1 2 3 4 5 6 7 8 9 10 11 12 13 14 15 16 17 18 19 20 21 41 42 43 44 45 46 47 48 49 50 51 52 53 54 56 57 58 59 60 61 62 63 64 65 66 67 68 69 70 71 72 73 74 75
(56,*) 0 1 2 3 4 5 6 7 8 9 10 11 12 13 14 15 16 17 18 19 20 21 41 42 43 44 45 46 47 48 49 50 51 52 53 54 55 57 58 59 60 61 62 63 64 65 66 67 68 69 70 71 72 73 74 75
(57,*) 0 1 2 3 4 5 6 7 8 9 10 11 12 13 14 15 16 17 18 19 20 21 41 42 43 44 45 46 47 48 49 50 51 52 53 54 55 56 58 59 60 61 62 63 64 65 66 67 68 69 70 71 72 73 74 75
(58,*) 0 1 2 3 4 5 6 7 8 9 10 11 12 13 14 15 16 17 18 19 20 21 41 42 43 44 45 46 47 48 49 50 51 52 53 54 55 56 57 59 60 61 62 63 64 65 66 67 68 69 70 71 72 73 74 75
(59,*) 0 1 2 3 4 5 6 7 8 9 10 11 12 13 14 15 16 17 18 19 20 21 41 42 43 44 45 46 47 48 49 50 51 52 53 54 55 56 57 58 60 61 62 63 64 65 66 67 68 69 70 71 72 73 74 75
(60,*) 0 1 2 3 4 5 6 7 8 9 10 11 12 13 14 15 16 17 18 19 20 21 41 42 43 44 45 46 47 48 49 50 51 52 53 54 55 56 57 58 59 61 62 63 64 65 66 67 68 69 70 71 72 73 74 75
(61,*) 0 1 2 3 4 5 6 7 8 9 10 11 12 13 14 15 16 17 18 19 20 21 41 42 43 44 45 46 47 48 49 50 51 52 53 54 55 56 57 58 59 60 62 63 64 65 66 67 68 69 70 71 72 73 74 75
(62,*) 0 1 2 3 4 5 6 7 8 9 10 11 12 13 14 15 16 17 18 19 20 21 41 42 43 44 45 46 47 48 49 50 51 52 53 54 55 56 57 58 59 60 61 63 64 65 66 67 68 69 70 71 72 73 74 75
(63,*) 0 1 2 3 4 5 6 7 8 9 10 11 12 13 14 15 16 17 18 19 20 21 41 42 43 44 45 46 47 48 49 50 51 52 53 54 55 56 57 58 59 60 61 62 64 65 66 67 68 69 70 71 72 73 74 75
(64,*) 0 1 2 3 4 5 6 7 8 9 10 11 12 13 14 15 16 17 18 19 20 21 41 42 43 44 45 46 47 48 49 50 51 52 53 54 55 56 57 58 59 60 61 62 63 65 66 67 68 69 70 71 72 73 74 75
(65,*) 0 1 2 3 4 5 6 7 8 9 10 11 12 13 14 15 16 17 18 19 20 21 41 42 43 44 45 46 47 48 49 50 51 52 53 54 55 56 57 58 59 60 61 62 63 64 66 67 68 69 70 71 72 73 74 75
(66,*) 0 1 2 3 4 5 6 7 8 9 10 11 12 13 14 15 16 17 18 19 20 21 41 42 43 44 45 46 47 48 49 50 51 52 53 54 55 56 57 58 59 60 61 62 63 64 65 67 68 69 70 71 72 73 74 75
(67,*) 0 1 2 3 4 5 6 7 8 9 10 11 12 13 14 15 16 17 18 19 20 21 41 42 43 44 45 46 47 48 49 50 51 52 53 54 55 56 57 58 59 60 61 62 63 64 65 66 68 69 70 71 72 73 74 75
(68,*) 0 1 2 3 4 5 6 7 8 9 10 11 12 13 14 15 16 17 18 19 20 21 41 42 43 44 45 46 47 48 49 50 51 52 53 54 55 56 57 58 59 60 61 62 63 64 65 66 67 69 70 71 72 73 74 75
(69,*) 0 1 2 3 4 5 6 7 8 9 10 11 12 13 14 15 16 17 18 19 20 21 41 42 43 44 45 46 47 48 49 50 51 52 53 54 55 56 57 58 59 60 61 62 63 64 65 66 67 68 70 71 72 73 74 75
(70,*) 0 1 2 3 4 5 6 7 8 9 10 11 12 13 14 15 16 17 18 19 20 21 41 42 43 44 45 46 47 48 49 50 51 52 53 54 55 56 57 58 59 60 61 62 63 64 65 66 67 68 69 71 72 73 74 75
(71,*) 0 1 2 3 4 5 6 7 8 9 10 11 12 13 14 15 16 17 18 19 20 21 41 42 43 44 45 46 47 48 49 50 51 52 53 54 55 56 57 58 59 60 61 62 63 64 65 66 67 68 69 70 72 73 74 75
(72,*) 0 1 2 3 4 5 6 7 8 9 10 11 12 13 14 15 16 17 18 19 20 21 41 42 43 44 45 46 47 48 49 50 51 52 53 54 55 56 57 58 59 60 61 62 63 64 65 66 67 68 69 70 71 73 74 75
(73,*) 0 1 2 3 4 5 6 7 8 9 10 11 12 13 14 15 16 17 18 19 20 21 41 42 43 44 45 46 47 48 49 50 51 52 53 54 55 56 57 58 59 60 61 62 63 64 65 66 67 68 69 70 71 72 74 75
(74,*) 0 1 2 3 4 5 6 7 8 9 10 11 12 13 14 15 16 17 18 19 20 21 41 42 43 44 45 46 47 48 49 50 51 52 53 54 55 56 57 58 59 60 61 62 63 64 65 66 67 68 69 70 71 72 73 75
(75,*) 0 1 2 3 4 5 6 7 8 9 10 11 12 13 14 15 16 17 18 19 20 21 41 42 43 44 45 46 47 48 49 50 51 52 53 54 55 56 57 58 59 60 61 62 63 64 65 66 67 68 69 70 71 72 73 74
;
set A2:=
(60,*) 61
(61,*) 60
;
param BigM:=99999;
param n:= 9;
param d:=
1	16
2	21
3	23
4	10
5	6
6	20
7	2
8	23
9	24
10	9
11	2
12	9
13	14
14	21
15	48
16	1
17	17
18	18
19	11
20	9
21	23
22	18
23	13
24	11
25	3
26	1
27	5
28	18
29	17
30	17
31	11
32	6
33	19
34	11
35	21
36	18
37	2
38	4
39	21
40	18
41	2
42	7
43	11
44	9
45	17
46	19
47	5
48	24
49	20
50	19
51	2
52	5
53	9
54	2
55	20
56	42
57	24
58	22
59	9
;
param Q:=100;
param w:=
[60,*] 61 1.5
[61,*] 60 1.5
;
param V:=
[60,*] 61 92
[61,*] 60 92
;
param e:
	60	61	62	63	64	65	66	67	68	69	70	71	72	73	74:=
22		0		0		1		0		0		0		0		0		0		0		0		0		0		0		0	
23		0		0		0		1		0		0		0		0		0		0		0		0		0		0		0	
24		0		0		0		1		0		0		0		0		0		0		0		0		0		0		0	
25		1		0		0		0		0		0		0		0		0		0		0		0		0		1		0	
26		0		0		0		1		0		0		0		0		0		0		0		0		0		0		0	
27		0		0		0		0		0		0		1		0		0		1		0		0		0		0		0	
28		0		0		0		1		0		0		0		0		0		0		0		0		0		0		0	
29		0		0		0		0		0		0		1		0		0		1		0		0		0		0		0	
30		1		0		0		0		1		0		0		0		0		0		0		0		0		0		0	
31		0		0		0		0		0		0		1		0		0		1		0		0		1		0		0	
32		1		0		0		1		0		0		0		0		0		0		0		0		0		0		0	
33		0		0		0		0		0		0		0		1		0		0		0		0		0		0		0	
34		0		0		0		1		0		0		0		0		0		0		0		0		0		0		0	
35		0		0		0		1		0		0		0		0		0		0		0		0		0		0		0	
36		0		1		0		0		0		0		0		0		0		1		0		0		0		0		0	
37		0		1		0		0		0		0		0		0		0		0		0		0		0		0		0	
38		0		0		0		0		0		0		0		0		0		0		0		0		0		0		1	
39		0		0		0		0		0		0		0		0		0		1		0		0		0		0		0	
40		0		0		1		0		0		1		0		0		1		0		0		1		0		0		0	
41		0		0		0		0		0		0		1		0		0		1		0		0		1		0		0	
42		0		0		0		1		0		0		0		0		0		0		0		0		0		0		0	
43		0		0		0		0		0		0		1		0		0		1		0		0		1		0		0	
44		0		0		0		0		0		1		0		0		0		0		0		1		0		0		0	
45		0		0		0		0		0		0		1		0		0		1		0		0		1		0		0	
46		0		0		0		0		0		0		1		0		0		1		0		0		1		0		0	
47		1		0		0		0		0		0		0		1		0		0		1		0		0		1		0	
48		0		0		0		0		1		0		0		1		0		0		0		0		0		0		0	
49		0		1		0		0		0		0		0		0		0		0		0		0		0		0		0	
50		0		0		0		0		1		0		0		1		0		0		1		0		0		1		0	
51		1		0		0		0		1		0		0		1		0		0		0		0		0		1		0	
52		1		0		0		0		0		0		0		1		0		0		1		0		0		1		0	
53		0		1		0		0		0		0		0		0		0		0		0		0		0		0		0	
54		0		0		0		0		1		0		0		0		0		0		0		0		0		0		0	
55		0		0		0		0		0		1		0		0		0		0		0		1		0		0		0	
56		0		1		0		0		0		0		0		0		0		0		0		1		0		0		0	
57		0		0		1		0		0		1		0		0		0		0		0		0		0		0		0	
58		1		0		0		0		1		0		0		1		0		0		0		0		0		0		0	
59		0		0		0		0		0		0		1		0		0		0		0		0		1		0		1	
;
param p:=
1	1
2	1
3	1
4	1
5	1
6	1
7	1
8	1
9	1
;
param G:=
60	92
61	91
62	85
63	82
64	76
65	84
66	93
67	89
68	86
69	82
70	71
71	87
72	70
73	70
74	90
;
param s:=
0	0
1	10
2	10
3	10
4	10
5	10
6	10
7	10
8	10
9	10
10	10
11	10
12	10
13	10
14	10
15	10
16	10
17	10
18	10
19	10
20	10
21	10
41	10
42	10
43	10
44	10
45	10
46	10
47	10
48	10
49	10
50	10
51	10
52	10
53	10
54	10
55	10
56	10
57	10
58	10
59	10
60	10
61	10
62	10
63	10
64	10
65	10
66	10
67	10
68	10
69	10
70	10
71	10
72	10
73	10
74	10
;
param t:
	0	1	2	3	4	5	6	7	8	9	10	11	12	13	14	15	16	17	18	19	20	21	22	23	24	25	26	27	28	29	30	31	32	33	34	35	36	37	38	39	40	41	42	43	44	45	46	47	48	49	50	51	52	53	54	55	56	57	58	59	60	61	62	63	64	65	66	67	68	69	70	71	72	73	74	75:=
0	0.0	66.27	52.15	54.92	100.44	85.91	54.59	6.0	35.78	50.64	84.12	94.4	32.25	36.22	80.62	86.02	20.0	27.78	28.07	88.29	41.62	38.0	94.76	15.62	12.17	31.62	16.12	43.27	12.81	54.59	56.32	55.32	14.56	52.35	26.83	5.66	64.28	69.43	50.91	66.48	82.02	54.04	23.32	42.8	86.83	40.45	34.41	48.37	64.56	83.95	60.93	60.17	40.0	78.03	66.75	89.2	78.1	111.21	63.15	49.4	38.33	78.03	104.48	7.07	50.25	90.92	42.01	41.79	86.82	47.76	39.96	86.35	39.05	39.56	64.5	0.0
1	66.27	0.0	77.2	73.76	54.41	21.63	75.29	66.0	35.44	16.12	34.93	50.99	34.06	76.16	52.95	25.61	53.14	42.76	67.68	24.41	50.48	73.35	62.0	54.15	70.34	60.93	71.47	42.43	57.72	18.44	78.1	21.63	70.46	43.86	45.69	70.03	12.17	20.1	42.43	30.27	52.61	12.65	59.93	45.25	24.08	28.64	46.04	55.32	73.76	20.0	65.3	72.14	49.4	12.65	82.07	30.0	15.62	65.79	77.79	23.32	68.88	14.42	61.85	61.98	75.21	41.11	25.0	60.75	41.59	30.41	53.0	36.4	28.16	60.54	27.86	66.27
2	52.15	77.2	0.0	6.32	78.23	86.93	4.47	46.17	45.61	63.66	108.9	72.11	55.57	17.89	52.35	82.22	65.12	42.94	24.08	88.02	26.91	14.56	64.03	42.76	64.28	22.8	68.26	82.46	60.3	78.1	4.47	81.22	38.83	34.93	67.05	48.66	83.45	91.93	35.78	95.6	54.33	70.71	72.44	83.57	85.44	68.26	75.89	22.36	17.2	85.09	20.4	13.42	28.28	89.31	15.23	82.97	79.62	85.51	12.81	54.04	14.04	91.61	78.26	57.01	2.24	75.33	65.22	17.03	69.18	79.4	24.76	72.84	64.35	18.03	55.71	52.15
3	54.92	73.76	6.32	0.0	72.11	82.29	2.0	49.03	43.91	60.96	106.3	66.03	54.63	22.8	46.17	77.25	66.27	42.38	27.2	83.26	24.41	18.87	57.72	44.05	67.08	24.0	71.02	82.22	62.0	76.03	4.47	79.32	42.38	30.53	67.47	51.92	80.72	89.38	31.62	93.74	48.17	68.12	74.03	83.52	80.62	67.08	76.16	18.44	11.31	80.5	14.14	7.21	26.08	85.6	12.0	77.79	75.18	79.25	8.25	50.91	16.76	88.09	72.01	59.21	6.4	69.58	63.63	15.81	63.39	78.26	22.83	67.27	63.06	17.46	50.99	54.92
4	100.44	54.41	78.23	72.11	0.0	40.05	74.11	97.1	65.3	59.36	84.02	6.32	73.59	88.77	26.0	32.0	96.21	72.8	85.44	38.21	62.77	84.4	18.87	84.88	109.34	77.25	111.95	94.02	97.67	71.69	76.03	75.39	96.6	50.16	90.91	101.55	66.48	73.35	50.99	84.4	24.0	62.61	104.8	96.75	36.06	76.55	94.87	60.17	64.12	40.0	58.03	66.0	63.56	56.14	72.44	28.07	40.45	11.66	70.11	53.81	79.56	60.13	8.06	99.49	77.41	13.34	71.28	69.64	14.21	82.73	65.55	18.03	73.82	71.17	36.77	100.44
5	85.91	21.63	86.93	82.29	40.05	0.0	84.1	84.85	52.04	35.44	44.18	38.83	53.85	89.82	48.83	8.25	74.32	60.13	82.61	2.83	62.1	86.35	53.14	72.44	91.08	74.97	92.48	63.78	78.43	39.7	86.76	42.43	88.09	52.0	67.08	89.11	31.24	35.78	51.26	47.41	47.71	34.0	81.41	66.6	4.0	50.12	67.68	64.62	79.32	2.0	71.02	78.89	61.61	17.09	88.2	12.0	8.0	50.16	84.38	38.0	81.49	20.88	48.09	82.28	85.23	27.46	46.1	72.12	31.02	51.74	65.0	24.35	49.24	72.53	31.3	85.91
6	54.59	75.29	4.47	2.0	74.11	84.1	0.0	48.66	44.94	62.29	107.63	68.03	55.46	21.63	48.17	79.12	66.48	43.08	26.68	85.09	25.61	17.89	59.67	44.18	66.75	24.08	70.71	82.87	62.03	77.2	2.83	80.45	41.76	32.25	67.91	51.42	82.07	90.69	33.29	94.87	50.16	69.43	74.11	84.12	82.46	68.0	76.66	20.0	12.81	82.29	16.12	8.94	27.2	87.2	12.17	79.7	76.94	81.22	8.94	52.35	16.28	89.64	73.98	59.08	5.0	71.57	64.66	16.55	65.38	79.18	23.85	69.23	64.01	18.03	52.8	54.59
7	6.0	66.0	46.17	49.03	97.1	84.85	48.66	0.0	33.53	50.04	86.16	90.97	32.06	30.27	76.42	84.4	24.08	25.3	22.09	87.13	36.88	32.0	90.55	12.65	18.11	26.0	22.09	46.86	17.2	55.79	50.36	56.92	8.94	48.17	30.0	4.47	65.12	70.88	46.86	68.88	77.9	54.15	28.64	46.69	85.51	41.76	38.21	43.27	58.82	82.87	55.46	54.41	35.38	78.1	60.83	87.36	76.94	107.65	57.27	47.54	32.39	78.41	100.8	12.08	44.28	88.1	42.58	36.25	83.73	50.09	35.0	83.67	39.81	34.01	61.74	6.0
8	35.78	35.44	45.61	43.91	65.3	52.04	44.94	33.53	0.0	19.7	63.78	59.46	12.0	41.18	48.37	50.99	32.25	8.25	32.31	54.15	19.7	38.83	62.13	20.88	44.05	26.08	46.69	40.2	32.56	32.56	47.71	35.61	36.06	22.36	29.12	37.95	38.83	46.86	20.4	50.0	49.4	26.08	41.18	42.05	52.35	23.41	36.22	27.2	48.08	50.04	40.79	44.94	17.89	48.08	54.63	53.85	44.05	76.42	50.16	14.14	34.83	49.4	70.01	34.21	43.42	55.23	19.72	28.6	51.4	34.54	21.1	50.61	19.31	27.66	28.84	35.78
9	50.64	16.12	63.66	60.96	59.36	35.44	62.29	50.04	19.7	0.0	45.34	54.59	18.44	60.83	50.36	36.72	39.45	26.68	52.0	37.95	36.77	58.31	62.1	38.05	55.71	45.65	57.27	34.93	43.08	16.49	65.12	20.4	54.33	33.11	32.8	54.15	19.8	28.43	31.3	34.18	50.64	7.21	47.2	37.58	36.77	17.2	35.61	42.8	62.77	33.53	54.59	60.46	35.38	28.64	70.46	40.5	27.86	71.02	66.03	10.77	54.08	29.73	65.76	46.84	61.55	47.01	12.04	46.75	45.28	24.52	38.95	42.01	14.87	46.23	24.74	50.64
10	84.12	34.93	108.9	106.3	84.02	44.18	107.63	86.16	63.78	45.34	0.0	82.1	56.6	104.4	87.36	52.04	65.51	68.82	94.87	46.39	82.07	102.45	95.04	76.94	83.19	89.64	82.61	44.05	72.28	31.62	110.45	29.53	93.04	77.67	57.72	89.2	25.61	16.97	76.03	18.11	86.83	38.21	68.26	46.0	48.17	44.72	52.35	88.09	107.65	44.05	99.3	105.6	80.62	28.07	115.6	56.14	44.18	94.34	111.21	55.61	98.6	24.08	92.01	77.88	106.78	71.01	45.49	91.92	73.33	36.4	84.15	67.12	47.51	91.24	62.77	84.12
11	94.4	50.99	72.11	66.03	6.32	38.83	68.03	90.97	59.46	54.59	82.1	0.0	68.12	82.46	20.1	30.59	90.69	66.84	79.12	37.36	56.46	78.1	15.62	78.82	103.48	70.94	106.15	89.44	91.93	67.68	70.0	71.47	90.35	43.86	85.6	95.41	63.15	70.46	44.72	81.22	18.11	58.31	99.36	92.13	34.93	71.69	89.89	53.85	58.31	38.47	52.0	60.03	57.27	54.04	66.75	27.2	38.0	16.97	64.28	48.41	73.25	58.03	11.18	93.61	71.25	11.4	66.37	63.32	9.49	78.39	59.24	15.0	68.8	64.85	31.24	94.4
12	32.25	34.06	55.57	54.63	73.59	53.85	55.46	32.06	12.0	18.44	56.6	68.12	0.0	48.17	59.09	54.63	22.63	12.81	38.42	56.32	31.05	46.69	72.47	20.88	37.58	34.06	39.45	28.28	25.06	25.06	58.14	27.2	37.36	34.23	17.89	36.0	33.53	40.25	32.25	41.04	59.93	22.09	31.24	30.07	55.03	12.81	24.33	38.83	59.67	51.92	52.61	56.32	29.12	46.04	65.79	58.14	46.17	85.04	61.35	19.8	43.42	46.39	79.03	28.46	53.34	62.37	11.18	38.91	59.41	23.85	31.95	57.49	9.22	37.59	36.88	32.25
13	36.22	76.16	17.89	22.8	88.77	89.82	21.63	30.27	41.18	60.83	104.4	82.46	48.17	0.0	63.91	86.58	52.0	35.61	10.0	91.41	28.07	4.47	76.97	30.53	48.04	15.23	52.04	72.11	46.17	72.8	22.36	75.29	22.0	40.05	55.57	32.0	79.92	87.66	40.0	89.2	65.79	67.23	58.24	72.72	89.11	60.83	64.5	28.64	34.06	87.86	34.41	29.73	28.28	88.77	33.11	88.2	82.0	97.41	30.53	53.14	9.22	90.38	90.14	41.98	16.64	83.49	59.03	19.24	77.78	71.45	25.08	80.16	57.38	18.03	60.13	36.22
14	80.62	52.95	52.35	46.17	26.0	48.83	48.17	76.42	48.37	50.36	87.36	20.1	59.09	63.91	0.0	41.23	80.62	54.41	61.77	48.41	40.0	59.46	14.14	65.12	90.91	53.85	94.02	84.4	80.45	66.03	50.04	70.03	74.4	28.28	76.97	80.72	64.5	72.99	29.73	82.22	2.0	56.04	89.55	86.83	45.61	65.97	82.87	35.78	38.21	47.71	32.06	40.0	41.23	60.17	46.69	39.6	44.72	33.53	44.18	41.23	54.78	63.91	26.25	81.06	51.62	26.42	60.64	45.19	20.25	74.81	42.44	26.25	62.36	46.96	26.0	80.62
15	86.02	25.61	82.22	77.25	32.0	8.25	79.12	84.4	50.99	36.72	52.04	30.59	54.63	86.58	41.23	0.0	76.16	59.23	80.02	7.21	58.55	82.87	44.94	71.81	92.2	72.11	93.91	67.94	79.62	44.05	81.71	47.2	86.83	47.54	69.34	88.77	36.72	42.38	47.07	53.85	40.0	36.88	83.76	70.77	4.47	52.8	70.94	60.17	73.43	8.0	65.3	73.35	58.31	24.33	82.37	4.47	10.0	42.43	78.71	36.88	77.93	28.28	40.01	83.01	80.65	19.24	48.26	68.25	22.85	55.97	61.52	16.16	51.31	68.88	26.68	86.02
16	20.0	53.14	65.12	66.27	96.21	74.32	66.48	24.08	32.25	39.45	65.51	90.69	22.63	52.0	80.62	76.16	0.0	27.2	42.38	76.97	46.69	52.5	94.34	22.36	18.0	42.43	18.44	23.32	7.21	38.21	68.73	38.0	32.8	53.85	8.0	25.61	48.37	52.04	52.0	47.54	81.63	40.5	8.94	22.8	76.03	24.74	14.42	54.59	74.03	72.5	68.47	70.0	44.72	63.56	78.23	79.92	67.08	107.63	74.11	42.43	51.2	62.8	101.53	13.04	62.97	84.96	28.23	51.01	82.04	29.27	46.27	80.06	25.08	49.04	59.46	20.0
17	27.78	42.76	42.94	42.38	72.8	60.13	43.08	25.3	8.25	26.68	68.82	66.84	12.81	35.61	54.41	59.23	27.2	0.0	26.08	62.29	20.0	33.94	68.41	12.65	36.77	21.26	39.7	39.85	26.08	37.2	45.69	39.7	28.0	26.83	26.0	29.73	44.72	52.15	25.06	53.74	55.61	32.31	36.06	41.23	60.53	25.61	34.23	28.0	48.37	58.14	42.0	44.72	18.0	55.32	53.85	62.1	52.15	83.74	49.48	22.36	30.61	56.32	77.16	26.87	40.71	63.13	23.43	26.57	59.08	36.62	20.22	58.59	21.93	25.08	36.72	27.78
18	28.07	67.68	24.08	27.2	85.44	82.61	26.68	22.09	32.31	52.0	94.87	79.12	38.42	10.0	61.77	80.02	42.38	26.08	0.0	84.38	22.8	10.2	75.47	20.59	40.2	8.25	44.18	62.13	36.88	63.25	28.28	65.6	15.23	35.44	45.65	24.74	70.71	78.23	34.93	79.4	63.53	58.14	49.03	62.77	82.22	50.99	54.59	26.08	37.58	80.62	35.61	33.11	22.36	80.32	38.83	82.02	74.67	94.85	35.44	45.12	10.44	81.71	87.66	33.14	22.2	78.85	49.41	17.03	73.5	61.52	19.92	75.13	47.63	15.0	54.15	28.07
19	88.29	24.41	88.02	83.26	38.21	2.83	85.09	87.13	54.15	37.95	46.39	37.36	56.32	91.41	48.41	7.21	76.97	62.29	84.38	0.0	63.56	87.86	52.0	74.67	93.64	76.66	95.08	66.6	80.99	42.52	87.73	45.25	90.2	53.14	69.77	91.41	34.06	38.47	52.5	50.12	47.2	36.72	84.12	69.43	2.83	52.84	70.46	65.79	79.92	4.47	71.69	79.65	63.15	19.7	88.84	10.2	10.2	48.04	85.09	40.05	82.98	23.41	46.27	84.77	86.38	25.96	48.75	73.5	29.97	54.56	66.49	23.26	51.89	73.98	32.31	88.29
20	41.62	50.48	26.91	24.41	62.77	62.1	25.61	36.88	19.7	36.77	82.07	56.46	31.05	28.07	40.0	58.55	46.69	20.0	22.8	63.56	0.0	24.33	54.04	26.83	52.84	14.56	56.36	59.23	44.27	51.61	28.43	54.92	34.41	12.65	46.0	41.04	56.57	65.12	12.17	69.34	41.62	43.86	55.32	60.83	61.19	43.08	54.15	8.0	28.64	60.17	22.0	25.3	2.0	62.77	34.93	60.13	54.41	72.47	30.46	27.2	19.42	64.9	65.37	43.38	24.84	56.09	39.36	10.3	50.7	54.23	3.0	52.47	39.0	10.44	32.06	41.62
21	38.0	73.35	14.56	18.87	84.4	86.35	17.89	32.0	38.83	58.31	102.45	78.1	46.69	4.47	59.46	82.87	52.5	33.94	10.2	87.86	24.33	0.0	72.5	30.46	50.04	12.81	54.04	71.69	47.07	70.94	18.97	73.59	24.33	36.0	55.46	34.23	77.67	85.6	36.06	87.68	61.35	64.9	59.23	72.47	85.51	59.46	64.4	24.33	30.0	84.4	30.0	25.61	24.74	85.91	29.73	84.38	78.59	92.97	26.83	50.16	5.0	87.66	85.7	43.29	13.0	79.31	57.31	15.03	73.55	70.29	21.38	76.06	55.87	14.04	56.32	38.0
22	94.76	62.0	64.03	57.72	18.87	53.14	59.67	90.55	62.13	62.1	95.04	15.62	72.47	76.97	14.14	44.94	94.34	68.41	75.47	52.0	54.04	72.5	0.0	79.25	105.0	67.68	108.07	96.77	94.4	76.94	61.19	80.89	88.41	42.43	90.35	94.85	74.03	82.02	43.86	92.09	12.81	67.08	103.25	99.3	49.4	78.43	95.85	49.4	48.37	52.5	43.68	50.99	55.32	67.08	56.04	42.05	50.99	22.0	54.33	53.85	67.98	71.02	15.13	95.13	63.6	26.42	73.05	58.67	22.14	86.59	56.4	28.79	75.03	60.54	37.36	94.76
23	15.62	54.15	42.76	44.05	84.88	72.44	44.18	12.65	20.88	38.05	76.94	78.82	20.88	30.53	65.12	71.81	22.36	12.65	20.59	74.67	26.83	30.46	79.25	0.0	26.08	20.1	29.53	41.62	18.11	45.69	46.39	47.41	16.49	36.88	25.06	17.09	54.41	60.93	35.38	60.46	66.48	42.76	30.0	42.19	72.99	32.25	34.0	34.18	52.35	70.46	47.54	48.17	25.06	66.48	56.04	74.73	64.5	95.6	52.0	34.93	28.86	67.08	88.87	16.55	40.61	75.59	31.95	29.15	71.34	42.01	25.63	71.11	29.55	27.07	49.19	15.62
24	12.17	70.34	64.28	67.08	109.34	91.08	66.75	18.11	44.05	55.71	83.19	103.48	37.58	48.04	90.91	92.2	18.0	36.77	40.2	93.64	52.84	50.04	105.0	26.08	0.0	43.68	4.0	39.85	12.65	56.14	68.47	56.0	26.08	62.8	26.0	16.12	66.27	70.03	61.22	65.12	92.2	57.72	16.12	38.63	92.48	42.43	31.05	59.93	76.66	89.2	72.8	72.28	51.11	81.22	78.92	95.71	83.57	120.42	75.31	56.6	50.49	80.62	113.9	9.9	62.39	99.05	45.35	53.76	95.43	47.17	51.43	94.3	42.2	51.55	72.8	12.17
25	31.62	60.93	22.8	24.0	77.25	74.97	24.08	26.0	26.08	45.65	89.64	70.94	34.06	15.23	53.85	72.11	42.43	21.26	8.25	76.66	14.56	12.81	67.68	20.1	43.68	0.0	47.54	59.93	38.0	58.14	26.31	60.83	21.26	27.2	44.27	29.53	64.9	72.8	26.68	74.97	55.57	52.15	50.04	60.93	74.43	46.86	53.14	18.44	32.98	72.99	29.53	28.64	14.14	73.54	36.0	74.0	67.08	86.76	32.06	37.95	9.43	75.15	79.61	35.36	20.62	70.61	44.55	10.3	65.25	57.8	11.7	66.91	43.19	8.06	46.04	31.62
26	16.12	71.47	68.26	71.02	111.95	92.48	70.71	22.09	46.69	57.27	82.61	106.15	39.45	52.04	94.02	93.91	18.44	39.7	44.18	95.08	56.36	54.04	108.07	29.53	4.0	47.54	0.0	38.83	14.42	56.57	72.44	56.14	30.07	66.03	26.31	20.1	66.75	70.03	64.4	64.5	95.27	58.82	14.56	37.36	94.02	43.17	30.27	63.56	80.52	90.62	76.55	76.16	54.59	82.0	82.87	97.53	85.09	123.11	79.25	58.82	54.45	81.22	116.67	13.04	66.37	101.4	46.49	57.57	97.95	47.0	55.04	96.61	43.32	55.36	75.29	16.12
27	43.27	42.43	82.46	82.22	94.02	63.78	82.87	46.86	40.2	34.93	44.05	89.44	28.28	72.11	84.4	67.94	23.32	39.85	62.13	66.6	59.23	71.69	96.77	41.62	39.85	59.93	38.83	0.0	30.53	24.08	85.44	21.63	55.17	62.0	16.97	48.83	33.29	33.53	60.0	26.0	84.9	31.62	24.33	2.83	66.48	18.44	8.94	67.08	87.86	62.29	80.89	84.4	57.27	49.4	93.68	72.25	58.0	105.68	89.29	43.17	69.32	47.41	100.62	36.36	80.23	81.3	23.77	66.41	80.06	12.04	59.91	76.32	22.2	64.85	59.46	43.27
28	12.81	57.72	60.3	62.0	97.67	78.43	62.03	17.2	32.56	43.08	72.28	91.93	25.06	46.17	80.45	79.62	7.21	26.08	36.88	80.99	44.27	47.07	94.4	18.11	12.65	38.0	14.42	30.53	0.0	44.0	64.12	44.18	26.08	52.84	14.56	18.44	54.04	58.31	51.11	54.41	81.61	45.12	12.17	30.0	79.85	30.07	21.63	51.92	70.46	76.55	65.51	66.27	42.38	68.73	74.0	83.19	70.94	108.9	70.03	44.41	46.27	68.26	102.55	5.83	58.22	87.01	32.76	47.27	83.63	35.9	43.42	82.2	29.61	45.18	60.96	12.81
29	54.59	18.44	78.1	76.03	71.69	39.7	77.2	55.79	32.56	16.49	31.62	67.68	25.06	72.8	66.03	44.05	38.21	37.2	63.25	42.52	51.61	70.94	76.94	45.69	56.14	58.14	56.57	24.08	44.0	0.0	80.0	4.0	62.03	49.4	30.27	59.23	10.2	15.23	47.54	17.89	66.12	10.0	43.68	26.91	42.43	14.14	28.64	58.31	78.71	38.21	70.68	76.16	50.0	26.0	86.09	48.41	34.06	83.26	81.63	27.2	67.21	24.74	78.77	49.09	75.93	58.6	13.89	61.07	58.19	12.04	53.41	53.71	16.16	60.21	40.05	54.59
30	56.32	78.1	4.47	4.47	76.03	86.76	2.83	50.36	47.71	65.12	110.45	70.0	58.14	22.36	50.04	81.71	68.73	45.69	28.28	87.73	28.43	18.97	61.19	46.39	68.47	26.31	72.44	85.44	64.12	80.0	0.0	83.23	43.17	34.99	70.34	52.95	84.9	93.51	36.06	97.65	52.04	72.25	76.24	86.65	85.09	70.71	79.12	22.8	13.42	84.97	18.0	10.2	30.0	90.0	10.77	82.22	79.65	82.87	8.49	55.17	18.03	92.46	75.66	61.01	6.08	73.82	67.42	19.24	67.6	81.88	26.63	71.59	66.73	20.62	55.46	56.32
31	55.32	21.63	81.22	79.32	75.39	42.43	80.45	56.92	35.61	20.4	29.53	71.47	27.2	75.29	70.03	47.2	38.0	39.7	65.6	45.25	54.92	73.59	80.89	47.41	56.0	60.83	56.14	21.63	44.18	4.0	83.23	0.0	63.56	53.14	30.0	60.17	11.66	14.14	51.26	14.42	70.11	14.0	42.76	24.41	45.34	15.23	27.2	61.77	82.29	41.04	74.32	79.65	53.25	27.78	89.55	51.61	37.2	86.93	85.09	31.05	70.01	26.0	82.54	49.5	79.03	62.24	16.28	64.2	61.98	9.85	56.61	57.38	18.03	63.25	44.05	55.32
32	14.56	70.46	38.83	42.38	96.6	88.09	41.76	8.94	36.06	54.33	93.04	90.35	37.36	22.0	74.4	86.83	32.8	28.0	15.23	90.2	34.41	24.33	88.41	16.49	26.08	21.26	30.07	55.17	26.08	62.03	43.17	63.56	0.0	46.65	38.21	10.0	70.88	77.25	45.65	76.16	76.03	59.23	37.58	55.17	88.36	48.33	46.69	39.6	52.8	86.09	50.48	48.33	33.29	82.87	53.85	89.44	80.1	106.68	50.6	50.16	25.63	83.55	99.64	21.02	37.11	88.6	48.38	31.4	83.77	57.45	32.02	84.43	45.88	29.21	62.64	14.56
33	52.35	43.86	34.93	30.53	50.16	52.0	32.25	48.17	22.36	33.11	77.67	43.86	34.23	40.05	28.28	47.54	53.85	26.83	35.44	53.14	12.65	36.0	42.43	36.88	62.8	27.2	66.03	62.0	52.84	49.4	34.99	53.14	46.65	0.0	51.42	52.5	52.15	61.06	2.0	67.23	29.73	40.25	62.77	64.03	50.6	44.18	58.55	12.65	30.0	50.16	21.63	28.28	13.42	55.32	38.21	48.66	44.72	60.03	33.94	22.36	31.0	58.0	53.0	53.01	33.24	43.57	39.46	21.02	38.08	54.74	15.52	40.11	40.11	22.02	20.88	52.35
34	26.83	45.69	67.05	67.47	90.91	67.08	67.91	30.0	29.12	32.8	57.72	85.6	17.89	55.57	76.97	69.34	8.0	26.0	45.65	69.77	46.0	55.46	90.35	25.06	26.0	44.27	26.31	16.97	14.56	30.27	70.34	30.0	38.21	51.42	0.0	32.25	40.45	44.05	49.48	39.85	77.82	33.11	14.42	17.2	68.96	17.09	8.94	54.0	74.24	65.3	68.0	70.46	44.0	55.79	79.25	73.24	60.03	102.45	74.97	37.2	53.49	54.92	96.61	20.25	64.85	79.21	21.1	51.79	76.69	21.38	46.1	74.25	18.03	50.01	54.41	26.83
35	5.66	70.03	48.66	51.92	101.55	89.11	51.42	4.47	37.95	54.15	89.2	95.41	36.0	32.0	80.72	88.77	25.61	29.73	24.74	91.41	41.04	34.23	94.85	17.09	16.12	29.53	20.1	48.83	18.44	59.23	52.95	60.17	10.0	52.5	32.25	0.0	68.73	74.22	51.22	71.69	82.22	58.03	28.84	48.41	89.82	45.12	40.0	47.2	62.03	87.13	59.06	57.58	39.6	82.02	63.56	91.76	81.22	112.07	60.17	51.92	35.17	82.22	105.21	12.73	46.87	92.57	46.27	39.82	88.19	52.92	39.05	88.14	43.42	37.59	66.21	5.66
36	64.28	12.17	83.45	80.72	66.48	31.24	82.07	65.12	38.83	19.8	25.61	63.15	33.53	79.92	64.5	36.72	48.37	44.72	70.71	34.06	56.57	77.67	74.03	54.41	66.27	64.9	66.75	33.29	54.04	10.2	84.9	11.66	70.88	52.15	40.45	68.73	0.0	8.94	50.48	18.11	64.28	12.81	53.85	36.06	34.41	24.0	38.63	62.48	82.1	30.0	73.78	80.0	55.17	16.12	90.0	41.18	26.83	77.79	85.6	30.0	73.6	14.56	73.98	59.01	81.34	53.16	22.56	66.53	53.76	21.47	58.73	48.51	25.32	65.95	38.83	64.28
37	69.43	20.1	91.93	89.38	73.35	35.78	90.69	70.88	46.86	28.43	16.97	70.46	40.25	87.66	72.99	42.38	52.04	52.15	78.23	38.47	65.12	85.6	82.02	60.93	70.03	72.8	70.03	33.53	58.31	15.23	93.51	14.14	77.25	61.06	44.05	74.22	8.94	0.0	59.36	11.66	72.69	21.26	56.32	36.06	39.4	29.12	40.45	71.22	90.97	34.93	82.68	88.81	63.66	18.87	98.81	46.82	32.98	84.4	94.4	38.83	81.69	15.62	81.05	63.64	89.81	60.02	29.07	74.95	61.2	23.09	67.18	55.58	31.38	74.28	47.54	69.43
38	50.91	42.43	35.78	31.62	50.99	51.26	33.29	46.86	20.4	31.3	76.03	44.72	32.25	40.0	29.73	47.07	52.0	25.06	34.93	52.5	12.17	36.06	43.86	35.38	61.22	26.68	64.4	60.0	51.11	47.54	36.06	51.26	45.65	2.0	49.48	51.22	50.48	59.36	0.0	65.39	31.11	38.47	60.93	62.03	50.0	42.19	56.57	13.42	31.62	49.4	23.32	29.73	12.65	54.04	39.7	48.37	43.86	61.06	35.38	20.59	31.06	56.64	54.08	51.4	34.01	43.93	37.48	21.21	38.6	52.77	15.13	40.31	38.12	22.02	20.4	50.91
39	66.48	30.27	95.6	93.74	84.4	47.41	94.87	68.88	50.0	34.18	18.11	81.22	41.04	89.2	82.22	53.85	47.54	53.74	79.4	50.12	69.34	87.68	92.09	60.46	65.12	74.97	64.5	26.0	54.41	17.89	97.65	14.42	76.16	67.23	39.85	71.69	18.11	11.66	65.39	0.0	82.1	27.2	50.16	28.07	50.99	28.43	34.23	76.16	96.6	46.52	88.57	94.02	67.68	30.53	103.94	58.31	44.27	95.6	99.48	44.94	84.22	27.2	91.98	60.08	93.41	71.06	30.48	78.6	71.85	18.79	71.03	66.49	31.83	77.62	56.32	66.48
40	82.02	52.61	54.33	48.17	24.0	47.71	50.16	77.9	49.4	50.64	86.83	18.11	59.93	65.79	2.0	40.0	81.63	55.61	63.53	47.2	41.62	61.35	12.81	66.48	92.2	55.57	95.27	84.9	81.61	66.12	52.04	70.11	76.03	29.73	77.82	82.22	64.28	72.69	31.11	82.1	0.0	56.14	90.55	87.36	44.41	66.48	83.57	37.58	40.2	46.65	34.06	42.0	42.8	59.46	48.66	38.21	43.86	31.62	46.17	41.76	56.65	63.25	24.35	82.33	53.6	24.7	61.13	47.01	18.6	75.13	44.1	24.76	62.94	48.75	26.08	82.02
41	54.04	12.65	70.71	68.12	62.61	34.0	69.43	54.15	26.08	7.21	38.21	58.31	22.09	67.23	56.04	36.88	40.5	32.31	58.14	36.72	43.86	64.9	67.08	42.76	57.72	52.15	58.82	31.62	45.12	10.0	72.25	14.0	59.23	40.25	33.11	58.03	12.81	21.26	38.47	27.2	56.14	0.0	47.41	34.41	36.06	16.12	34.06	50.0	69.97	32.25	61.77	67.68	42.43	24.0	77.67	41.04	27.2	74.24	73.24	17.89	60.8	24.33	69.46	49.5	68.59	49.74	12.37	53.76	48.85	20.12	45.97	44.78	15.52	53.15	30.07	54.04
42	23.32	59.93	72.44	74.03	104.8	81.41	74.11	28.64	41.18	47.2	68.26	99.36	31.24	58.24	89.55	83.76	8.94	36.06	49.03	84.12	55.32	59.23	103.25	30.0	16.12	50.04	14.56	24.33	12.17	43.68	76.24	42.76	37.58	62.77	14.42	28.84	53.85	56.32	60.93	50.16	90.55	47.41	0.0	22.8	83.35	31.3	16.0	63.15	82.22	79.65	76.94	78.1	53.37	69.57	86.02	87.66	74.43	116.28	82.0	50.99	58.42	68.41	110.26	16.55	70.35	93.35	35.51	59.08	90.61	33.24	54.74	88.41	32.45	57.04	68.12	23.32
43	42.8	45.25	83.57	83.52	96.75	66.6	84.12	46.69	42.05	37.58	46.0	92.13	30.07	72.72	86.83	70.77	22.8	41.23	62.77	69.43	60.83	72.47	99.3	42.19	38.63	60.93	37.36	2.83	30.0	26.91	86.65	24.41	55.17	64.03	17.2	48.41	36.06	36.06	62.03	28.07	87.36	34.41	22.8	0.0	69.31	20.88	8.49	68.73	89.44	65.12	82.61	85.91	58.86	52.15	95.08	75.07	60.83	108.41	90.71	45.61	70.26	50.12	103.31	35.81	81.34	84.06	26.25	67.72	82.76	14.87	61.39	79.08	24.52	66.1	62.03	42.8
44	86.83	24.08	85.44	80.62	36.06	4.0	82.46	85.51	52.35	36.77	48.17	34.93	55.03	89.11	45.61	4.47	76.03	60.53	82.22	2.83	61.19	85.51	49.4	72.99	92.48	74.43	94.02	66.48	79.85	42.43	85.09	45.34	88.36	50.6	68.96	89.82	34.41	39.4	50.0	50.99	44.41	36.06	83.35	69.31	0.0	52.15	70.0	63.25	77.18	4.47	68.96	76.94	60.83	20.88	86.09	8.0	8.94	46.17	82.37	38.21	80.6	24.74	44.1	83.49	83.82	23.54	47.89	71.06	27.31	54.45	64.13	20.62	51.0	71.59	29.73	86.83
45	40.45	28.64	68.26	67.08	76.55	50.12	68.0	41.76	23.41	17.2	44.72	71.69	12.81	60.83	65.97	52.8	24.74	25.61	50.99	52.84	43.08	59.46	78.43	32.25	42.43	46.86	43.17	18.44	30.07	14.14	70.71	15.23	48.33	44.18	17.09	45.12	24.0	29.12	42.19	28.43	66.48	16.12	31.3	20.88	52.15	0.0	18.44	50.6	71.47	48.37	64.03	68.35	41.23	38.83	78.0	56.85	43.27	88.2	73.54	24.74	56.22	38.21	82.86	35.01	66.04	64.2	5.39	51.48	62.43	11.18	44.28	59.2	4.12	50.25	41.23	40.45
46	34.41	46.04	75.89	76.16	94.87	67.68	76.66	38.21	36.22	35.61	52.35	89.89	24.33	64.5	82.87	70.94	14.42	34.23	54.59	70.46	54.15	64.4	95.85	34.0	31.05	53.14	30.27	8.94	21.63	28.64	79.12	27.2	46.69	58.55	8.94	40.0	38.63	40.45	56.57	34.23	83.57	34.06	16.0	8.49	70.0	18.44	0.0	62.13	82.61	66.03	76.11	78.92	52.15	54.63	87.86	75.07	61.22	106.51	83.55	42.05	62.39	53.14	101.02	27.46	73.68	82.62	23.6	60.42	80.71	17.46	54.45	77.62	21.1	58.69	59.06	34.41
47	48.37	55.32	22.36	18.44	60.17	64.62	20.0	43.27	27.2	42.8	88.09	53.85	38.83	28.64	35.78	60.17	54.59	28.0	26.08	65.79	8.0	24.33	49.4	34.18	59.93	18.44	63.56	67.08	51.92	58.31	22.8	61.77	39.6	12.65	54.0	47.2	62.48	71.22	13.42	76.16	37.58	50.0	63.15	68.73	63.25	50.6	62.13	0.0	20.88	62.77	14.0	17.89	10.0	67.2	27.78	61.19	57.27	69.08	23.32	32.56	19.42	69.66	61.85	50.7	20.62	55.08	46.62	9.49	49.25	61.68	8.54	52.01	46.49	11.18	33.53	48.37
48	64.56	73.76	17.2	11.31	64.12	79.32	12.81	58.82	48.08	62.77	107.65	58.31	59.67	34.06	38.21	73.43	74.03	48.37	37.58	79.92	28.64	30.0	48.37	52.35	76.66	32.98	80.52	87.86	70.46	78.71	13.42	82.29	52.8	30.0	74.24	62.03	82.1	90.97	31.62	96.6	40.2	69.97	82.22	89.44	77.18	71.47	82.61	20.88	0.0	77.67	8.49	4.47	30.59	84.85	8.94	73.35	72.8	70.26	6.0	52.15	27.29	87.73	63.13	68.25	17.69	63.32	67.42	23.19	57.01	82.54	28.16	61.68	67.36	25.32	48.41	64.56
49	83.95	20.0	85.09	80.5	40.0	2.0	82.29	82.87	50.04	33.53	44.05	38.47	51.92	87.86	47.71	8.0	72.5	58.14	80.62	4.47	60.17	84.4	52.5	70.46	89.2	72.99	90.62	62.29	76.55	38.21	84.97	41.04	86.09	50.16	65.3	87.13	30.0	34.93	49.4	46.52	46.65	32.25	79.65	65.12	4.47	48.37	66.03	62.77	77.67	0.0	69.34	77.18	59.67	16.49	86.53	12.17	6.0	50.36	82.68	36.0	79.56	20.4	48.01	80.36	83.38	27.17	44.28	70.21	30.36	50.25	63.06	23.77	47.42	70.6	29.53	83.95
50	60.93	65.3	20.4	14.14	58.03	71.02	16.12	55.46	40.79	54.59	99.3	52.0	52.61	34.41	32.06	65.3	68.47	42.0	35.61	71.69	22.0	30.0	43.68	47.54	72.8	29.53	76.55	80.89	65.51	70.68	18.0	74.32	50.48	21.63	68.0	59.06	73.78	82.68	23.32	88.57	34.06	61.77	76.94	82.61	68.96	64.03	76.11	14.0	8.49	69.34	0.0	8.25	24.0	76.37	17.2	65.39	64.4	65.12	13.42	43.91	26.17	79.25	57.87	63.89	19.92	56.09	59.77	19.24	49.82	75.0	22.2	54.12	59.91	21.47	40.0	60.93
51	60.17	72.14	13.42	7.21	66.0	78.89	8.94	54.41	44.94	60.46	105.6	60.03	56.32	29.73	40.0	73.35	70.0	44.72	33.11	79.65	25.3	25.61	50.99	48.17	72.28	28.64	76.16	84.4	66.27	76.16	10.2	79.65	48.33	28.28	70.46	57.58	80.0	88.81	29.73	94.02	42.0	67.68	78.1	85.91	76.94	68.35	78.92	17.89	4.47	77.18	8.25	0.0	27.2	83.55	10.0	73.54	72.11	72.69	5.66	50.0	22.83	86.28	65.49	63.95	13.6	64.33	64.47	19.03	58.05	79.48	24.52	62.36	64.26	21.1	47.71	60.17
52	40.0	49.4	28.28	26.08	63.56	61.61	27.2	35.38	17.89	35.38	80.62	57.27	29.12	28.28	41.23	58.31	44.72	18.0	22.36	63.15	2.0	24.74	55.32	25.06	51.11	14.14	54.59	57.27	42.38	50.0	30.0	53.25	33.29	13.42	44.0	39.6	55.17	63.66	12.65	67.68	42.8	42.43	53.37	58.86	60.83	41.23	52.15	10.0	30.59	59.67	24.0	27.2	0.0	61.77	36.77	60.03	53.85	73.43	32.31	26.08	19.92	63.81	66.37	41.59	26.17	56.52	37.59	11.4	51.24	52.39	3.61	52.77	37.16	11.18	32.0	40.0
53	78.03	12.65	89.31	85.6	56.14	17.09	87.2	78.1	48.08	28.64	28.07	54.04	46.04	88.77	60.17	24.33	63.56	55.32	80.32	19.7	62.77	85.91	67.08	66.48	81.22	73.54	82.0	49.4	68.73	26.0	90.0	27.78	82.87	55.32	55.79	82.02	16.12	18.87	54.04	30.53	59.46	24.0	69.57	52.15	20.88	38.83	54.63	67.2	84.85	16.49	76.37	83.55	61.77	0.0	93.38	28.64	16.12	66.75	89.2	35.78	81.39	4.0	64.07	73.33	87.37	43.01	36.12	73.06	45.28	37.59	65.37	39.05	39.2	72.95	37.2	78.03
54	66.75	82.07	15.23	12.0	72.44	88.2	12.17	60.83	54.63	70.46	115.6	66.75	65.79	33.11	46.69	82.37	78.23	53.85	38.83	88.84	34.93	29.73	56.04	56.04	78.92	36.0	82.87	93.68	74.0	86.09	10.77	89.55	53.85	38.21	79.25	63.56	90.0	98.81	39.7	103.94	48.66	77.67	86.02	95.08	86.09	78.0	87.86	27.78	8.94	86.53	17.2	10.0	36.77	93.38	0.0	82.29	81.61	78.03	4.47	60.0	28.44	96.17	71.0	71.18	16.76	72.12	74.25	27.46	65.8	89.16	33.84	70.58	73.93	29.27	57.2	66.75
55	89.2	30.0	82.97	77.79	28.07	12.0	79.7	87.36	53.85	40.5	56.14	27.2	58.14	88.2	39.6	4.47	79.92	62.1	82.02	10.2	60.13	84.38	42.05	74.73	95.71	74.0	97.53	72.25	83.19	48.41	82.22	51.61	89.44	48.66	73.24	91.76	41.18	46.82	48.37	58.31	38.21	41.04	87.66	75.07	8.0	56.85	75.07	61.19	73.35	12.17	65.39	73.54	60.03	28.64	82.29	0.0	14.42	38.21	78.79	39.85	79.4	32.56	36.12	86.41	81.49	15.81	52.2	69.58	20.25	60.31	63.13	13.6	55.22	70.35	28.07	89.2
56	78.1	15.62	79.62	75.18	40.45	8.0	76.94	76.94	44.05	27.86	44.18	38.0	46.17	82.0	44.72	10.0	67.08	52.15	74.67	10.2	54.41	78.59	50.99	64.5	83.57	67.08	85.09	58.0	70.94	34.06	79.65	37.2	80.1	44.72	60.03	81.22	26.83	32.98	43.86	44.27	43.86	27.2	74.43	60.83	8.94	43.27	61.22	57.27	72.8	6.0	64.4	72.11	53.85	16.12	81.61	14.42	0.0	51.42	77.67	30.0	73.76	20.1	48.26	74.63	77.88	27.17	38.95	64.51	29.15	46.01	57.28	23.0	42.06	64.85	24.41	78.1
57	111.21	65.79	85.51	79.25	11.66	50.16	81.22	107.65	76.42	71.02	94.34	16.97	85.04	97.41	33.53	42.43	107.63	83.74	94.85	48.04	72.47	92.97	22.0	95.6	120.42	86.76	123.11	105.68	108.9	83.26	82.87	86.93	106.68	60.03	102.45	112.07	77.79	84.4	61.06	95.6	31.62	74.24	116.28	108.41	46.17	88.2	106.51	69.08	70.26	50.36	65.12	72.69	73.43	66.75	78.03	38.21	51.42	0.0	76.24	65.3	88.26	70.71	7.28	110.54	84.93	24.7	82.93	78.55	25.81	94.37	75.13	29.55	85.45	80.23	48.17	111.21
58	63.15	77.79	12.81	8.25	70.11	84.38	8.94	57.27	50.16	66.03	111.21	64.28	61.35	30.53	44.18	78.71	74.11	49.48	35.44	85.09	30.46	26.83	54.33	52.0	75.31	32.06	79.25	89.29	70.03	81.63	8.49	85.09	50.6	33.94	74.97	60.17	85.6	94.4	35.38	99.48	46.17	73.24	82.0	90.71	82.37	73.54	83.55	23.32	6.0	82.68	13.42	5.66	32.31	89.2	4.47	78.79	77.67	76.24	0.0	55.61	25.0	91.93	69.12	67.36	13.89	69.12	69.78	23.19	62.82	84.69	29.41	67.36	69.46	25.08	53.25	63.15
59	49.4	23.32	54.04	50.91	53.81	38.0	52.35	47.54	14.14	10.77	55.61	48.41	19.8	53.14	41.23	36.88	42.43	22.36	45.12	40.05	27.2	50.16	53.85	34.93	56.6	37.95	58.82	43.17	44.41	27.2	55.17	31.05	50.16	22.36	37.2	51.92	30.0	38.83	20.59	44.94	41.76	17.89	50.99	45.61	38.21	24.74	42.05	32.56	52.15	36.0	43.91	50.0	26.08	35.78	60.0	39.85	30.0	65.3	55.61	0.0	45.62	37.74	59.41	47.01	52.01	42.64	19.42	37.44	39.62	34.01	29.68	37.8	21.19	37.22	17.2	49.4
60	38.33	68.88	14.04	16.76	79.56	81.49	16.28	32.39	34.83	54.08	98.6	73.25	43.42	9.22	54.78	77.93	51.2	30.61	10.44	82.98	19.42	5.0	67.98	28.86	50.49	9.43	54.45	69.32	46.27	67.21	18.03	70.01	25.63	31.0	53.49	35.17	73.6	81.69	31.06	84.22	56.65	60.8	58.42	70.26	80.6	56.22	62.39	19.42	27.29	79.56	26.17	22.83	19.92	81.39	28.44	79.4	73.76	88.26	25.0	45.62	0.0	83.24	80.99	43.0	12.0	74.33	53.76	10.05	68.59	67.2	16.49	71.06	52.5	9.06	51.35	38.33
