vehicles
vehicle_idx, capacity, cost_per_unit_distance
1,100,1
2,100,1
3,100,1
4,100,1
5,100,1
6,100,1
7,100,1
8,100,1
9,100,1
depot
node_idx,x,y
0,97,33
home delivery customers
node_idx,x,y,service_time,demand
1,57,81,15,10
2,1,33,15,15
3,5,91,15,1
4,25,11,15,4
5,47,37,15,2
6,67,15,15,8
7,59,79,15,18
8,39,45,15,8
9,45,7,15,26
10,35,93,15,5
11,47,79,15,2
12,83,51,15,23
13,21,55,15,5
14,5,71,15,3
15,37,47,15,8
16,83,73,15,19
17,81,17,15,3
18,71,51,15,8
19,21,17,15,4
20,9,7,15,12
21,25,63,15,19
22,83,9,15,18
23,63,69,15,19
24,9,35,15,15
25,33,3,15,11
26,51,49,15,54
27,9,23,15,8
self pickup customers
node_idx,x,y,service_time,demand,locker_idxs
28,55,57,15,23,68
29,45,79,15,23,65
30,71,57,15,13,65-68
31,93,83,15,16,65
32,23,93,15,4,67
33,87,95,15,23,65
34,85,51,15,16,65
35,49,65,15,8,68
36,37,41,15,12,68-69
37,37,95,15,8,67
38,17,71,15,16,67
39,5,71,15,2,67
40,13,57,15,26,67
41,77,9,15,5,66-69
42,57,55,15,8,68
43,21,33,15,22,64-69
44,27,59,15,9,67-68
45,53,11,15,12,69-66
flexible customers
node_idx,x,y,service_time,demand,locker_idxs
46,29,37,15,23,68-69-64
47,21,39,15,24,64
48,93,37,15,17,66-68
49,87,25,15,5,66
50,67,65,15,18,65-68
51,71,89,15,9,65-68
52,29,1,15,4,64-69
53,47,41,15,26,69-68
54,51,41,15,16,68-69
55,59,91,15,21,65-68
56,51,21,15,8,66-69-68
57,69,43,15,26,69-66-68
58,59,33,15,17,69-66-68
59,63,87,15,7,65-68
60,21,77,15,5,67
61,65,43,15,19,69-66-68
62,47,43,15,24,69-68
63,25,55,15,5,67-68
lockers
node_idx,x,y,service_time,capacity,cost_per_unit_good
64,8.200000000000001,8.05,30,508,100
65,81.64000000000001,87.95,30,508,100
66,81.64000000000001,8.05,30,508,100
67,8.200000000000001,87.95,30,508,100
68,59,56,15,127,100
69,50,10,15,127,100
mrt lines
start_node_idx,end_node_idx,freight_capacity,cost_per_unit_good
64,65,508,5
65,64,508,5
66,67,508,5
67,66,508,5
distance matrix
,0,1,2,3,4,5,6,7,8,9,10,11,12,13,14,15,16,17,18,19,20,21,22,23,24,25,26,27,28,29,30,31,32,33,34,35,36,37,38,39,40,41,42,43,44,45,46,47,48,49,50,51,52,53,54,55,56,57,58,59,60,61,62,63,64,65,66,67,68,69,
0,0.0,62.48,96.0,108.76,75.29,50.16,34.99,59.67,59.23,58.14,86.28,67.94,22.8,79.12,99.54,61.61,42.38,22.63,31.62,77.67,91.76,78.0,27.78,49.52,88.02,70.68,48.7,88.57,48.37,69.43,35.38,50.16,95.27,62.8,21.63,57.69,60.53,86.28,88.57,99.54,87.36,31.24,45.65,76.0,74.67,49.19,68.12,76.24,5.66,12.81,43.86,61.74,75.15,50.64,46.69,69.34,47.54,29.73,38.0,63.81,87.82,33.53,50.99,75.29,92.24,57.06,29.3,104.43,44.42,52.33
1,62.48,0.0,73.76,52.95,76.97,45.12,66.75,2.83,40.25,74.97,25.06,10.2,39.7,44.41,52.95,39.45,27.2,68.35,33.11,73.43,88.2,36.72,76.55,13.42,66.48,81.61,32.56,75.29,24.08,12.17,27.78,36.06,36.06,33.11,41.04,17.89,44.72,24.41,41.23,52.95,50.12,74.73,26.0,60.0,37.2,70.11,52.15,55.32,56.85,63.53,18.87,16.12,84.76,41.23,40.45,10.2,60.3,39.85,48.04,8.49,36.22,38.83,39.29,41.23,87.77,25.6,77.0,49.29,25.08,71.34
2,96.0,73.76,0.0,58.14,32.56,46.17,68.41,74.03,39.85,51.11,68.96,65.05,83.95,29.73,38.21,38.63,91.24,81.58,72.28,25.61,27.2,38.42,85.44,71.69,8.25,43.86,52.5,12.81,59.09,63.66,74.0,104.71,63.91,106.02,85.91,57.69,36.88,71.69,41.23,38.21,26.83,79.7,60.17,20.0,36.77,56.46,28.28,20.88,92.09,86.37,73.35,89.64,42.52,46.69,50.64,82.02,51.42,68.73,58.0,82.22,48.33,64.78,47.07,32.56,25.97,97.58,84.41,55.42,62.39,54.13
3,108.76,52.95,58.14,0.0,82.46,68.41,98.08,55.32,57.2,93.04,30.07,43.68,87.66,39.4,20.0,54.41,80.05,106.08,77.18,75.71,84.1,34.41,113.17,62.03,56.14,92.35,62.29,68.12,60.46,41.76,74.24,88.36,18.11,82.1,89.44,51.11,59.36,32.25,23.32,20.0,34.93,109.12,63.25,60.17,38.83,93.3,59.09,54.41,103.25,105.26,67.23,66.03,93.15,65.3,67.94,54.0,83.76,80.0,79.25,58.14,21.26,76.84,63.78,41.18,83.01,76.7,112.94,4.42,64.35,92.66
4,75.29,76.97,32.56,82.46,0.0,34.06,42.19,76.03,36.77,20.4,82.61,71.47,70.46,44.18,63.25,37.95,84.9,56.32,60.96,7.21,16.49,52.0,58.03,69.34,28.84,11.31,46.04,20.0,54.92,70.88,65.05,99.04,82.02,104.4,72.11,59.09,32.31,84.85,60.53,63.25,47.54,52.04,54.41,22.36,48.04,28.0,26.31,28.28,72.8,63.56,68.41,90.55,10.77,37.2,39.7,86.93,27.86,54.41,40.5,84.97,66.12,51.22,38.83,44.0,17.06,95.55,56.72,78.76,56.4,25.02
5,50.16,45.12,46.17,68.41,34.06,0.0,29.73,43.68,11.31,30.07,57.27,42.0,38.63,31.62,54.04,14.14,50.91,39.45,27.78,32.8,48.41,34.06,45.61,35.78,38.05,36.77,12.65,40.5,21.54,42.05,31.24,65.05,60.93,70.46,40.5,28.07,10.77,58.86,45.34,54.04,39.45,41.04,20.59,26.31,29.73,26.68,18.0,26.08,46.0,41.76,34.41,57.27,40.25,4.0,5.66,55.32,16.49,22.8,12.65,52.5,47.71,18.97,6.0,28.43,48.41,61.61,45.14,64.04,22.47,27.17
6,34.99,66.75,68.41,98.08,42.19,29.73,0.0,64.5,41.04,23.41,84.31,67.05,39.4,60.96,83.55,43.86,60.17,14.14,36.22,46.04,58.55,63.78,17.09,54.15,61.35,36.06,37.58,58.55,43.68,67.68,42.19,72.8,89.55,82.46,40.25,53.14,39.7,85.44,75.07,83.55,68.41,11.66,41.23,49.4,59.46,14.56,43.91,51.88,34.06,22.36,50.0,74.11,40.5,32.8,30.53,76.42,17.09,28.07,19.7,72.11,77.2,28.07,34.41,58.0,59.21,74.4,16.21,93.7,41.77,17.72
7,59.67,2.83,74.03,55.32,76.03,43.68,64.5,0.0,39.45,73.35,27.78,12.0,36.88,44.94,54.59,38.83,24.74,65.79,30.46,72.72,87.66,37.58,74.0,10.77,66.6,80.32,31.05,75.07,22.36,14.0,25.06,34.23,38.63,32.25,38.21,17.2,43.91,27.2,42.76,54.59,50.99,72.28,24.08,59.67,37.74,68.26,51.61,55.17,54.04,60.83,16.12,15.62,83.57,39.85,38.83,12.0,58.55,37.36,46.0,8.94,38.05,36.5,37.95,41.62,87.26,24.34,74.47,51.58,23.0,69.58
8,59.23,40.25,39.85,57.2,36.77,11.31,41.04,39.45,0.0,38.47,48.17,34.93,44.41,20.59,42.8,2.83,52.15,50.48,32.56,33.29,48.41,22.8,56.85,33.94,31.62,42.43,12.65,37.2,20.0,34.53,34.18,66.03,50.6,69.31,46.39,22.36,4.47,50.04,34.06,42.8,28.64,52.35,20.59,21.63,18.44,36.77,12.81,18.97,54.59,52.0,34.41,54.41,45.12,8.94,12.65,50.16,26.83,30.07,23.32,48.37,36.72,26.08,8.25,17.2,48.1,60.52,56.42,52.85,22.83,36.69
9,58.14,74.97,51.11,93.04,20.4,30.07,23.41,73.35,38.47,0.0,86.58,72.03,58.14,53.67,75.47,40.79,76.16,37.36,51.11,26.0,36.0,59.46,38.05,64.56,45.61,12.65,42.43,39.4,50.99,72.0,56.36,89.89,88.77,97.51,59.46,58.14,34.93,88.36,69.86,75.47,59.36,32.06,49.48,35.38,55.03,8.94,34.0,40.0,56.6,45.69,62.03,86.02,17.09,34.06,34.53,85.16,15.23,43.27,29.53,82.0,74.0,41.18,36.06,52.0,36.81,88.86,36.66,88.92,50.96,5.83
10,86.28,25.06,68.96,30.07,82.61,57.27,84.31,27.78,48.17,86.58,0.0,18.44,63.78,40.5,37.2,46.04,52.0,88.84,55.32,77.28,89.84,31.62,96.75,36.88,63.56,90.02,46.82,74.67,41.18,17.2,50.91,58.86,12.0,52.04,65.3,31.3,52.04,2.83,28.43,37.2,42.19,93.91,43.91,61.61,34.93,83.95,56.32,55.79,80.62,85.6,42.52,36.22,92.2,53.37,54.41,24.08,73.76,60.46,64.62,28.64,21.26,58.31,51.42,39.29,89.08,46.91,96.91,27.27,44.1,84.34
11,67.94,10.2,65.05,43.68,71.47,42.0,67.05,12.0,34.93,72.03,18.44,0.0,45.61,35.38,42.76,33.53,36.5,70.71,36.88,67.23,81.41,27.2,78.71,18.87,58.14,77.28,30.27,67.68,23.41,2.0,32.56,46.17,27.78,43.08,47.2,14.14,39.29,18.87,31.05,42.76,40.5,76.16,26.0,52.84,28.28,68.26,45.69,47.71,62.29,67.2,24.41,26.0,80.05,38.0,38.21,16.97,58.14,42.19,47.54,17.89,26.08,40.25,36.0,32.56,80.87,35.78,78.95,39.82,25.94,69.07
12,22.8,39.7,83.95,87.66,70.46,38.63,39.4,36.88,44.41,58.14,63.78,45.61,0.0,62.13,80.52,46.17,22.0,34.06,12.0,70.71,86.09,59.23,42.0,26.91,75.71,69.31,32.06,79.12,28.64,47.2,13.42,33.53,73.24,44.18,2.0,36.77,47.07,63.66,68.96,80.52,70.26,42.43,26.31,64.56,56.57,50.0,55.79,63.15,17.2,26.31,21.26,39.85,73.59,37.36,33.53,46.65,43.86,16.12,30.0,41.18,67.23,19.7,36.88,58.14,86.25,36.98,42.97,83.43,24.52,52.63
13,79.12,44.41,29.73,39.4,44.18,31.62,60.96,44.94,20.59,53.67,40.5,35.38,62.13,0.0,22.63,17.89,64.56,71.02,50.16,38.0,49.48,8.94,77.2,44.27,23.32,53.37,30.59,34.18,34.06,33.94,50.04,77.25,38.05,77.18,64.12,29.73,21.26,43.08,16.49,22.63,8.25,72.47,36.0,22.0,7.21,54.41,19.7,16.0,74.22,72.5,47.07,60.46,54.59,29.53,33.11,52.35,45.34,49.48,43.91,52.8,22.0,45.61,28.64,4.0,48.66,69.01,76.69,35.35,38.01,53.54
14,99.54,52.95,38.21,20.0,63.25,54.04,83.55,54.59,42.8,75.47,37.2,42.76,80.52,22.63,0.0,40.0,78.03,93.23,68.96,56.32,64.12,21.54,99.64,58.03,36.22,73.54,50.99,48.17,51.92,40.79,67.47,88.81,28.43,85.44,82.46,44.41,43.86,40.0,12.0,0.0,16.12,95.02,54.41,41.23,25.06,76.84,41.62,35.78,94.34,94.02,62.29,68.41,74.0,51.61,54.92,57.58,67.94,69.86,66.03,60.17,17.09,66.21,50.48,25.61,63.03,78.49,99.18,17.25,56.04,75.8
15,61.61,39.45,38.63,54.41,37.95,14.14,43.86,38.83,2.83,40.79,46.04,33.53,46.17,17.89,40.0,0.0,52.84,53.25,34.23,34.0,48.83,20.0,59.67,34.06,30.46,44.18,14.14,36.88,20.59,32.98,35.44,66.57,48.08,69.31,48.17,21.63,6.0,48.0,31.24,40.0,26.0,55.17,21.54,21.26,15.62,39.4,12.81,17.89,56.89,54.63,34.99,54.04,46.69,11.66,15.23,49.19,29.53,32.25,26.08,47.71,34.0,28.28,10.77,14.42,48.44,60.58,59.24,50.06,23.77,39.22
16,42.38,27.2,91.24,80.05,84.9,50.91,60.17,24.74,52.15,76.16,52.0,36.5,22.0,64.56,78.03,52.84,0.0,56.04,25.06,83.55,99.16,58.86,64.0,20.4,83.19,86.02,40.0,89.31,32.25,38.47,20.0,14.14,63.25,22.36,22.09,34.93,56.04,50.99,66.03,78.03,71.81,64.28,31.62,73.78,57.72,68.88,64.9,70.71,37.36,48.17,17.89,20.0,90.0,48.17,45.25,30.0,61.06,33.11,46.65,24.41,62.13,34.99,46.86,60.73,99.06,15.01,64.96,76.28,29.41,71.12
17,22.63,68.35,81.58,106.08,56.32,39.45,14.14,65.79,50.48,37.36,88.84,70.71,34.06,71.02,93.23,53.25,56.04,0.0,35.44,60.0,72.69,72.47,8.25,55.03,74.22,50.0,43.86,72.25,47.71,71.69,41.23,67.08,95.6,78.23,34.23,57.69,50.12,89.55,83.74,93.23,78.89,8.94,44.94,62.1,68.41,28.64,55.71,63.91,23.32,10.0,50.0,72.69,54.41,41.62,38.42,77.2,30.27,28.64,27.2,72.28,84.85,30.53,42.8,67.68,73.35,70.95,8.97,101.66,44.78,31.78
18,31.62,33.11,72.28,77.18,60.96,27.78,36.22,30.46,32.56,51.11,55.32,36.88,12.0,50.16,68.96,34.23,25.06,35.44,0.0,60.46,76.03,47.54,43.68,19.7,64.03,61.22,20.1,68.03,17.09,38.21,6.0,38.83,63.78,46.82,14.0,26.08,35.44,55.61,57.58,68.96,58.31,42.43,14.56,53.14,44.72,43.86,44.27,51.42,26.08,30.53,14.56,38.0,65.3,26.0,22.36,41.76,36.06,8.25,21.63,36.88,56.36,10.0,25.3,46.17,76.08,38.45,44.25,72.86,13.0,46.07
19,77.67,73.43,25.61,75.71,7.21,32.8,46.04,72.72,33.29,26.0,77.28,67.23,70.71,38.0,56.32,34.0,83.55,60.0,60.46,0.0,15.62,46.17,62.51,66.84,21.63,18.44,43.86,13.42,52.5,66.48,64.03,97.67,76.03,102.18,72.47,55.57,28.84,79.62,54.15,56.32,40.79,56.57,52.35,16.0,42.43,32.56,21.54,22.0,74.73,66.48,66.48,87.66,17.89,35.38,38.42,83.19,30.27,54.59,41.23,81.63,60.0,51.11,36.77,38.21,15.62,93.33,61.3,72.1,54.45,29.83
20,91.76,88.2,27.2,84.1,16.49,48.41,58.55,87.66,48.41,36.0,89.84,81.41,86.09,49.48,64.12,48.83,99.16,72.69,76.03,15.62,0.0,58.24,74.03,82.22,28.0,24.33,59.4,16.0,67.94,80.5,79.65,113.28,87.13,117.59,87.82,70.46,44.05,92.35,64.5,64.12,50.16,68.03,67.88,28.64,55.03,44.18,36.06,34.18,89.2,80.05,82.02,102.8,20.88,50.99,54.04,97.75,44.27,69.97,56.36,96.52,71.02,66.57,52.35,50.6,1.32,108.76,72.65,80.95,70.01,41.11
21,78.0,36.72,38.42,34.41,52.0,34.06,63.78,37.58,22.8,59.46,31.62,27.2,59.23,8.94,21.54,20.0,58.86,72.47,47.54,46.17,58.24,0.0,79.25,38.47,32.25,60.53,29.53,43.08,30.59,25.61,46.39,70.88,30.07,69.77,61.19,24.08,25.06,34.18,11.31,21.54,13.42,74.97,32.98,30.27,4.47,59.06,26.31,24.33,72.8,72.72,42.05,52.84,62.13,31.11,34.06,44.05,49.4,48.33,45.34,44.94,14.56,44.72,29.73,8.0,57.46,61.89,78.92,30.08,34.71,58.6
22,27.78,76.55,85.44,113.17,58.03,45.61,17.09,74.0,56.85,38.05,96.75,78.71,42.0,77.2,99.64,59.67,64.0,8.25,43.68,62.51,74.03,79.25,0.0,63.25,78.43,50.36,51.22,75.31,55.57,79.65,49.48,74.67,103.23,86.09,42.05,65.51,56.04,97.53,90.55,99.64,84.88,6.0,52.84,66.48,75.07,30.07,60.83,68.88,29.73,16.49,58.24,80.89,54.59,48.17,45.25,85.44,34.18,36.77,33.94,80.52,92.02,38.47,49.52,74.03,74.81,78.96,1.66,108.76,52.77,33.02
23,49.52,13.42,71.69,62.03,69.34,35.78,54.15,10.77,33.94,64.56,36.88,18.87,26.91,44.27,58.03,34.06,20.4,55.03,19.7,66.84,82.22,38.47,63.25,0.0,63.81,72.5,23.32,70.94,14.42,20.59,14.42,33.11,46.65,35.38,28.43,14.56,38.21,36.77,46.04,58.03,51.42,61.61,15.23,55.32,37.36,58.86,46.69,51.61,43.86,50.12,5.66,21.54,76.03,32.25,30.46,22.36,49.48,26.68,36.22,18.0,42.76,26.08,30.53,40.5,81.96,26.58,63.74,57.98,13.6,60.42
24,88.02,66.48,8.25,56.14,28.84,38.05,61.35,66.6,31.62,45.61,63.56,58.14,75.71,23.32,36.22,30.46,83.19,74.22,64.03,21.63,28.0,32.25,78.43,63.81,0.0,40.0,44.27,12.0,50.99,56.85,65.79,96.75,59.67,98.41,77.67,50.0,28.64,66.21,36.88,36.22,22.36,72.8,52.0,12.17,30.0,50.12,20.1,12.65,84.02,78.64,65.3,82.22,39.45,38.47,42.43,75.07,44.27,60.53,50.04,74.97,43.68,56.57,38.83,25.61,26.96,89.89,77.48,52.96,54.23,48.02
25,70.68,81.61,43.86,92.35,11.31,36.77,36.06,80.32,42.43,12.65,90.02,77.28,69.31,53.37,73.54,44.18,86.02,50.0,61.22,18.44,24.33,60.53,50.36,72.5,40.0,0.0,49.4,31.24,58.31,76.94,66.03,100.0,90.55,106.68,70.77,64.03,38.21,92.09,69.86,73.54,57.58,44.41,57.27,32.31,56.32,21.54,34.23,37.95,68.96,58.31,70.71,94.02,4.47,40.5,42.05,91.76,25.46,53.81,39.7,89.2,74.97,51.22,42.38,52.61,25.31,97.89,48.9,88.5,59.03,18.38
26,48.7,32.56,52.5,62.29,46.04,12.65,37.58,31.05,12.65,42.43,46.82,30.27,32.06,30.59,50.99,14.14,40.0,43.86,20.1,43.86,59.4,29.53,51.22,23.32,44.27,49.4,0.0,49.4,8.94,30.59,21.54,54.04,52.15,58.41,34.06,16.12,16.12,48.08,40.5,50.99,38.83,47.71,8.49,34.0,26.0,38.05,25.06,31.62,43.68,43.27,22.63,44.72,52.8,8.94,8.0,42.76,28.0,18.97,17.89,39.85,41.04,15.23,7.21,26.68,59.23,49.56,51.14,57.87,10.63,39.01
27,88.57,75.29,12.81,68.12,20.0,40.5,58.55,75.07,37.2,39.4,74.67,67.68,79.12,34.18,48.17,36.88,89.31,72.25,68.03,13.42,16.0,43.08,75.31,70.94,12.0,31.24,49.4,0.0,57.2,66.57,70.71,103.23,71.39,106.15,80.99,58.0,33.29,77.25,48.66,48.17,34.23,69.43,57.69,15.62,40.25,45.61,24.41,20.0,85.16,78.03,71.61,90.55,29.73,42.05,45.69,84.4,42.05,63.25,50.99,83.74,55.32,59.46,42.94,35.78,14.97,97.44,74.16,64.95,59.91,43.01
28,48.37,24.08,59.09,60.46,54.92,21.54,43.68,22.36,20.0,50.99,41.18,23.41,28.64,34.06,51.92,20.59,32.25,47.71,17.09,52.5,67.94,30.59,55.57,14.42,50.99,58.31,8.94,57.2,0.0,24.17,16.0,46.04,48.17,49.68,30.59,10.0,24.08,42.05,40.5,51.92,42.0,52.8,2.83,41.62,28.07,46.04,32.8,38.47,42.94,45.25,14.42,35.78,61.74,17.89,16.49,34.23,36.22,19.8,24.33,31.05,39.45,17.2,16.12,30.07,67.72,40.84,55.73,56.11,4.12,47.27
29,69.43,12.17,63.66,41.76,70.88,42.05,67.68,14.0,34.53,72.0,17.2,2.0,47.2,33.94,40.79,32.98,38.47,71.69,38.21,66.48,80.5,25.61,79.65,20.59,56.85,76.94,30.59,66.57,24.17,0.0,34.06,48.17,26.08,44.94,48.83,14.56,38.83,17.89,29.12,40.79,38.83,76.97,26.83,51.88,26.91,68.47,44.94,46.65,63.78,68.41,26.08,27.86,79.62,38.05,38.47,18.44,58.31,43.27,48.08,19.7,24.08,41.18,36.06,31.24,79.93,37.72,79.85,37.87,26.93,69.18
30,35.38,27.78,74.0,74.24,65.05,31.24,42.19,25.06,34.18,56.36,50.91,32.56,13.42,50.04,67.47,35.44,20.0,41.23,6.0,64.03,79.65,46.39,49.48,14.42,65.79,66.03,21.54,70.71,16.0,34.06,0.0,34.06,60.0,41.23,15.23,23.41,37.58,50.99,55.79,67.47,58.0,48.37,14.14,55.46,44.05,49.4,46.52,53.14,29.73,35.78,8.94,32.0,70.0,28.84,25.61,36.06,41.18,14.14,26.83,31.05,53.85,15.23,27.78,46.04,79.62,32.73,50.09,70.01,12.04,51.48
31,50.16,36.06,104.71,88.36,99.04,65.05,72.8,34.23,66.03,89.89,58.86,46.17,33.53,77.25,88.81,66.57,14.14,67.08,38.83,97.67,113.28,70.88,74.67,33.11,96.75,100.0,54.04,103.23,46.04,48.17,34.06,0.0,70.71,13.42,32.98,47.54,70.0,57.27,76.94,88.81,84.12,75.71,45.61,87.66,70.23,82.37,78.82,84.38,46.0,58.31,31.62,22.8,104.02,62.29,59.4,34.93,74.89,46.65,60.46,30.27,72.25,48.83,60.96,73.54,113.17,12.39,75.81,84.94,43.42,84.72
32,95.27,36.06,63.91,18.11,82.02,60.93,89.55,38.63,50.6,88.77,12.0,27.78,73.24,38.05,28.43,48.08,63.25,95.6,63.78,76.03,87.13,30.07,103.23,46.65,59.67,90.55,52.15,71.39,48.17,26.08,60.0,70.71,0.0,64.03,74.89,38.21,53.85,14.14,22.8,28.43,37.36,99.86,50.99,60.03,34.23,87.32,56.32,54.04,89.64,93.38,52.15,48.17,92.2,57.27,59.06,36.06,77.25,67.94,69.97,40.45,16.12,65.3,55.46,38.05,86.23,58.86,103.22,15.64,51.62,87.28
33,62.8,33.11,106.02,82.1,104.4,70.46,82.46,32.25,69.31,97.51,52.04,43.08,44.18,77.18,85.44,69.31,22.36,78.23,46.82,102.18,117.59,69.77,86.09,35.38,98.41,106.68,58.41,106.15,49.68,44.94,41.23,13.42,64.03,0.0,44.05,48.41,73.59,50.0,74.0,85.44,83.19,86.58,50.0,90.55,69.97,90.62,82.02,86.56,58.31,70.0,36.06,17.09,110.45,67.2,64.9,28.28,82.29,55.03,68.03,25.3,68.41,56.46,65.6,73.78,117.34,8.86,87.12,79.11,48.01,92.7
34,21.63,41.04,85.91,89.44,72.11,40.5,40.25,38.21,46.39,59.46,65.3,47.2,2.0,64.12,82.46,48.17,22.09,34.23,14.0,72.47,87.82,61.19,42.05,28.43,77.67,70.77,34.06,80.99,30.59,48.83,15.23,32.98,74.89,44.05,0.0,38.63,49.03,65.12,70.88,82.46,72.25,42.76,28.28,66.48,58.55,51.22,57.72,65.12,16.12,26.08,22.8,40.5,75.07,39.29,35.44,47.71,45.34,17.89,31.62,42.19,69.08,21.54,38.83,60.13,87.99,37.1,43.08,85.23,26.48,53.91
35,57.69,17.89,57.69,51.11,59.09,28.07,53.14,17.2,22.36,58.14,31.3,14.14,36.77,29.73,44.41,21.63,34.93,57.69,26.08,55.57,70.46,24.08,65.51,14.56,50.0,64.03,16.12,58.0,10.0,14.56,23.41,47.54,38.21,48.41,38.63,0.0,26.83,32.31,32.56,44.41,36.88,62.61,12.81,42.52,22.8,54.15,34.41,38.21,52.15,55.17,18.0,32.56,67.05,24.08,24.08,27.86,44.05,29.73,33.53,26.08,30.46,27.2,22.09,26.0,70.06,39.9,65.64,46.81,13.45,55.01
36,60.53,44.72,36.88,59.36,32.31,10.77,39.7,43.91,4.47,34.93,52.04,39.29,47.07,21.26,43.86,6.0,56.04,50.12,35.44,28.84,44.05,25.06,56.04,38.21,28.64,38.21,16.12,33.29,24.08,38.83,37.58,70.0,53.85,73.59,49.03,26.83,0.0,54.0,36.06,43.86,28.84,51.22,24.41,17.89,20.59,34.0,8.94,16.12,56.14,52.5,38.42,58.82,40.79,10.0,14.0,54.63,24.41,32.06,23.41,52.84,39.4,28.07,10.2,18.44,43.76,64.78,55.48,55.08,26.63,33.62
37,86.28,24.41,71.69,32.25,84.85,58.86,85.44,27.2,50.04,88.36,2.83,18.87,63.66,43.08,40.0,48.0,50.99,89.55,55.61,79.62,92.35,34.18,97.53,36.77,66.21,92.09,48.08,77.25,42.05,17.89,50.99,57.27,14.14,50.0,65.12,32.31,54.0,0.0,31.24,40.0,44.94,94.85,44.72,64.03,37.36,85.51,58.55,58.24,80.62,86.02,42.43,34.53,94.34,54.92,55.79,22.36,75.31,61.06,65.79,27.2,24.08,59.06,52.95,41.76,91.6,45.19,97.74,29.65,44.78,85.99
38,88.57,41.23,41.23,23.32,60.53,45.34,75.07,42.76,34.06,69.86,28.43,31.05,68.96,16.49,12.0,31.24,66.03,83.74,57.58,54.15,64.5,11.31,90.55,46.04,36.88,69.86,40.5,48.66,40.5,29.12,55.79,76.94,22.8,74.0,70.88,32.56,36.06,31.24,0.0,12.0,14.56,86.28,43.08,38.21,15.62,69.97,36.06,32.25,83.26,83.76,50.36,56.92,71.02,42.43,45.34,46.52,60.46,59.06,56.64,48.7,7.21,55.57,41.04,17.89,63.56,66.83,90.23,19.1,44.6,69.35
39,99.54,52.95,38.21,20.0,63.25,54.04,83.55,54.59,42.8,75.47,37.2,42.76,80.52,22.63,0.0,40.0,78.03,93.23,68.96,56.32,64.12,21.54,99.64,58.03,36.22,73.54,50.99,48.17,51.92,40.79,67.47,88.81,28.43,85.44,82.46,44.41,43.86,40.0,12.0,0.0,16.12,95.02,54.41,41.23,25.06,76.84,41.62,35.78,94.34,94.02,62.29,68.41,74.0,51.61,54.92,57.58,67.94,69.86,66.03,60.17,17.09,66.21,50.48,25.61,63.03,78.49,99.18,17.25,56.04,75.8
40,87.36,50.12,26.83,34.93,47.54,39.45,68.41,50.99,28.64,59.36,42.19,40.5,70.26,8.25,16.12,26.0,71.81,78.89,58.31,40.79,50.16,13.42,84.88,51.42,22.36,57.58,38.83,34.23,42.0,38.83,58.0,84.12,37.36,83.19,72.25,36.88,28.84,44.94,14.56,16.12,0.0,80.0,44.05,25.3,14.14,60.96,25.61,19.7,82.46,80.62,54.59,66.24,58.24,37.58,41.23,57.2,52.35,57.72,51.88,58.31,21.54,53.85,36.77,12.17,49.18,75.3,84.31,31.32,46.01,59.82
41,31.24,74.73,79.7,109.12,52.04,41.04,11.66,72.28,52.35,32.06,93.91,76.16,42.43,72.47,95.02,55.17,64.28,8.94,42.43,56.57,68.03,74.97,6.0,61.61,72.8,44.41,47.71,69.43,52.8,76.97,48.37,75.71,99.86,86.58,42.76,62.61,51.22,94.85,86.28,95.02,80.0,0.0,50.16,60.93,70.71,24.08,55.57,63.53,32.25,18.87,56.89,80.22,48.66,43.86,41.23,83.95,28.64,34.93,30.0,79.25,88.09,36.06,45.34,69.43,68.81,79.09,4.74,104.72,50.33,27.02
42,45.65,26.0,60.17,63.25,54.41,20.59,41.23,24.08,20.59,49.48,43.91,26.0,26.31,36.0,54.41,21.54,31.62,44.94,14.56,52.35,67.88,32.98,52.84,15.23,52.0,57.27,8.49,57.69,2.83,26.83,14.14,45.61,50.99,50.0,28.28,12.81,24.41,44.72,43.08,54.41,44.05,50.16,0.0,42.19,30.27,44.18,33.29,39.4,40.25,42.43,14.14,36.77,60.83,17.2,15.23,36.06,34.53,16.97,22.09,32.56,42.19,14.42,15.62,32.0,67.72,41.14,53.02,58.88,2.24,45.54
43,76.0,60.0,20.0,60.17,22.36,26.31,49.4,59.67,21.63,35.38,61.61,52.84,64.56,22.0,41.23,21.26,73.78,62.1,53.14,16.0,28.64,30.27,66.48,55.32,12.17,32.31,34.0,15.62,41.62,51.88,55.46,87.66,60.03,90.55,66.48,42.52,17.89,64.03,38.21,41.23,25.3,60.93,42.19,0.0,26.68,38.83,8.94,6.0,72.11,66.48,56.04,75.07,32.98,27.2,31.05,69.34,32.31,49.03,38.0,68.41,44.0,45.12,27.86,22.36,28.04,81.83,65.57,56.42,44.42,37.01
44,74.67,37.2,36.77,38.83,48.04,29.73,59.46,37.74,18.44,55.03,34.93,28.28,56.57,7.21,25.06,15.62,57.72,68.41,44.72,42.43,55.03,4.47,75.07,37.36,30.0,56.32,26.0,40.25,28.07,26.91,44.05,70.23,34.23,69.97,58.55,22.8,20.59,37.36,15.62,25.06,14.14,70.71,30.27,26.68,0.0,54.59,22.09,20.88,69.57,68.96,40.45,53.25,58.03,26.91,30.0,45.25,44.94,44.94,41.23,45.61,18.97,41.23,25.61,4.47,54.31,61.84,74.71,34.52,32.14,54.13
45,49.19,70.11,56.46,93.3,28.0,26.68,14.56,68.26,36.77,8.94,83.95,68.26,50.0,54.41,76.84,39.4,68.88,28.64,43.86,32.56,44.18,59.06,30.07,58.86,50.12,21.54,38.05,45.61,46.04,68.47,49.4,82.37,87.32,90.62,51.22,54.15,34.0,85.51,69.97,76.84,60.96,24.08,44.18,38.83,54.59,0.0,35.38,42.52,47.71,36.77,55.79,80.05,26.0,30.59,30.07,80.22,10.2,35.78,22.8,76.66,73.35,34.18,32.56,52.15,44.9,82.11,28.79,89.04,45.4,3.16
46,68.12,52.15,28.28,59.09,26.31,18.0,43.91,51.61,12.81,34.0,56.32,45.69,55.79,19.7,41.62,12.81,64.9,55.71,44.27,21.54,36.06,26.31,60.83,46.69,20.1,34.23,25.06,24.41,32.8,44.94,46.52,78.82,56.32,82.02,57.72,34.41,8.94,58.55,36.06,41.62,25.61,55.57,33.29,8.94,22.09,35.38,0.0,8.25,64.0,59.23,47.2,66.84,36.0,18.44,22.36,61.77,27.2,40.45,30.27,60.46,40.79,36.5,18.97,18.44,35.65,73.26,60.08,55.03,35.51,34.21
47,76.24,55.32,20.88,54.41,28.28,26.08,51.88,55.17,18.97,40.0,55.79,47.71,63.15,16.0,35.78,17.89,70.71,63.91,51.42,22.0,34.18,24.33,68.88,51.61,12.65,37.95,31.62,20.0,38.47,46.65,53.14,84.38,54.04,86.56,65.12,38.21,16.12,58.24,32.25,35.78,19.7,63.53,39.4,6.0,20.88,42.52,8.25,0.0,72.03,67.47,52.84,70.71,38.83,26.08,30.07,64.4,34.99,48.17,38.47,63.78,38.0,44.18,26.31,16.49,33.49,77.93,68.08,50.6,41.63,41.01
48,5.66,56.85,92.09,103.25,72.8,46.0,34.06,54.04,54.59,56.6,80.62,62.29,17.2,74.22,94.34,56.89,37.36,23.32,26.08,74.73,89.2,72.8,29.73,43.86,84.02,68.96,43.68,85.16,42.94,63.78,29.73,46.0,89.64,58.31,16.12,52.15,56.14,80.62,83.26,94.34,82.46,32.25,40.25,72.11,69.57,47.71,64.0,72.03,0.0,13.42,38.21,56.46,73.43,46.17,42.19,63.81,44.94,24.74,34.23,58.31,82.37,28.64,46.39,70.34,89.61,52.2,31.1,98.93,38.95,50.77
49,12.81,63.53,86.37,105.26,63.56,41.76,22.36,60.83,52.0,45.69,85.6,67.2,26.31,72.5,94.02,54.63,48.17,10.0,30.53,66.48,80.05,72.72,16.49,50.12,78.64,58.31,43.27,78.03,45.25,68.41,35.78,58.31,93.38,70.0,26.08,55.17,52.5,86.02,83.76,94.02,80.62,18.87,42.43,66.48,68.96,36.77,59.23,67.47,13.42,0.0,44.72,65.97,62.77,43.08,39.4,71.69,36.22,25.46,29.12,66.48,84.02,28.43,43.86,68.88,80.6,63.18,17.78,100.86,41.77,39.92
50,43.86,18.87,73.35,67.23,68.41,34.41,50.0,16.12,34.41,62.03,42.52,24.41,21.26,47.07,62.29,34.99,17.89,50.0,14.56,66.48,82.02,42.05,58.24,5.66,65.3,70.71,22.63,71.61,14.42,26.08,8.94,31.62,52.15,36.06,22.8,18.0,38.42,42.43,50.36,62.29,54.59,56.89,14.14,56.04,40.45,55.79,47.2,52.84,38.21,44.72,0.0,24.33,74.43,31.24,28.84,27.2,46.82,22.09,32.98,22.36,47.54,22.09,29.73,43.17,81.86,27.22,58.8,63.12,12.04,57.57
51,61.74,16.12,89.64,66.03,90.55,57.27,74.11,15.62,54.41,86.02,36.22,26.0,39.85,60.46,68.41,54.04,20.0,72.69,38.0,87.66,102.8,52.84,80.89,21.54,82.22,94.02,44.72,90.55,35.78,27.86,32.0,22.8,48.17,17.09,40.5,32.56,58.82,34.53,56.92,68.41,66.24,80.22,36.77,75.07,53.25,80.05,66.84,70.71,56.46,65.97,24.33,0.0,97.51,53.67,52.0,12.17,70.88,46.04,57.27,8.25,51.42,46.39,51.88,57.2,102.45,10.69,81.65,62.81,35.11,81.74
52,75.15,84.76,42.52,93.15,10.77,40.25,40.5,83.57,45.12,17.09,92.2,80.05,73.59,54.59,74.0,46.69,90.0,54.41,65.3,17.89,20.88,62.13,54.59,76.03,39.45,4.47,52.8,29.73,61.74,79.62,70.0,104.02,92.2,110.45,75.07,67.05,40.79,94.34,71.02,74.0,58.24,48.66,60.83,32.98,58.03,26.0,36.0,38.83,73.43,62.77,74.43,97.51,0.0,43.86,45.65,94.87,29.73,58.0,43.86,92.48,76.42,55.32,45.69,54.15,21.96,101.64,53.11,89.4,62.65,22.85
53,50.64,41.23,46.69,65.3,37.2,4.0,32.8,39.85,8.94,34.06,53.37,38.0,37.36,29.53,51.61,11.66,48.17,41.62,26.0,35.38,50.99,31.11,48.17,32.25,38.47,40.5,8.94,42.05,17.89,38.05,28.84,62.29,57.27,67.2,39.29,24.08,10.0,54.92,42.43,51.61,37.58,43.86,17.2,27.2,26.91,30.59,18.44,26.08,46.17,43.08,31.24,53.67,43.86,0.0,4.0,51.42,20.4,22.09,14.42,48.7,44.41,18.11,2.0,26.08,50.9,58.35,47.81,60.91,19.21,31.14
54,46.69,40.45,50.64,67.94,39.7,5.66,30.53,38.83,12.65,34.53,54.41,38.21,33.53,33.11,54.92,15.23,45.25,38.42,22.36,38.42,54.04,34.06,45.25,30.46,42.43,42.05,8.0,45.69,16.49,38.47,25.61,59.4,59.06,64.9,35.44,24.08,14.0,55.79,45.34,54.92,41.23,41.23,15.23,31.05,30.0,30.07,22.36,30.07,42.19,39.4,28.84,52.0,45.65,4.0,0.0,50.64,20.0,18.11,11.31,47.54,46.86,14.14,4.47,29.53,54.01,56.06,44.99,63.53,17.0,31.02
55,69.34,10.2,82.02,54.0,86.93,55.32,76.42,12.0,50.16,85.16,24.08,16.97,46.65,52.35,57.58,49.19,30.0,77.2,41.76,83.19,97.75,44.05,85.44,22.36,75.07,91.76,42.76,84.4,34.23,18.44,36.06,34.93,36.06,28.28,47.71,27.86,54.63,22.36,46.52,57.58,57.2,83.95,36.06,69.34,45.25,80.22,61.77,64.4,63.81,71.69,27.2,12.17,94.87,51.42,50.64,0.0,70.46,49.03,58.0,5.66,40.5,48.37,49.48,49.52,97.27,22.84,85.98,50.89,35.0,81.5
56,47.54,60.3,51.42,83.76,27.86,16.49,17.09,58.55,26.83,15.23,73.76,58.14,43.86,45.34,67.94,29.53,61.06,30.27,36.06,30.27,44.27,49.4,34.18,49.48,44.27,25.46,28.0,42.05,36.22,58.31,41.18,74.89,77.25,82.29,45.34,44.05,24.41,75.31,60.46,67.94,52.35,28.64,34.53,32.31,44.94,10.2,27.2,34.99,44.94,36.22,46.82,70.88,29.73,20.4,20.0,70.46,0.0,28.43,14.42,67.08,63.53,26.08,22.36,42.8,44.72,73.63,33.26,79.46,35.9,11.05
57,29.73,39.85,68.73,80.0,54.41,22.8,28.07,37.36,30.07,43.27,60.46,42.19,16.12,49.48,69.86,32.25,33.11,28.64,8.25,54.59,69.97,48.33,36.77,26.68,60.53,53.81,18.97,63.25,19.8,43.27,14.14,46.65,67.94,55.03,17.89,29.73,32.06,61.06,59.06,69.86,57.72,34.93,16.97,49.03,44.94,35.78,40.45,48.17,24.74,25.46,22.09,46.04,58.0,22.09,18.11,49.03,28.43,0.0,14.14,44.41,58.82,4.0,22.0,45.61,70.13,46.69,37.17,75.61,16.4,38.08
58,38.0,48.04,58.0,79.25,40.5,12.65,19.7,46.0,23.32,29.53,64.62,47.54,30.0,43.91,66.03,26.08,46.65,27.2,21.63,41.23,56.36,45.34,33.94,36.22,50.04,39.7,17.89,50.99,24.33,48.08,26.83,60.46,69.97,68.03,31.62,33.53,23.41,65.79,56.64,66.03,51.88,30.0,22.09,38.0,41.23,22.8,30.27,38.47,34.23,29.12,32.98,57.27,43.86,14.42,11.31,58.0,14.42,14.14,0.0,54.15,58.14,11.66,15.62,40.5,56.6,59.43,33.69,74.83,23.0,24.7
59,63.81,8.49,82.22,58.14,84.97,52.5,72.11,8.94,48.37,82.0,28.64,17.89,41.18,52.8,60.17,47.71,24.41,72.28,36.88,81.63,96.52,44.94,80.52,18.0,74.97,89.2,39.85,83.74,31.05,19.7,31.05,30.27,40.45,25.3,42.19,26.08,52.84,27.2,48.7,60.17,58.31,79.25,32.56,68.41,45.61,76.66,60.46,63.78,58.31,66.48,22.36,8.25,92.48,48.7,47.54,5.66,67.08,44.41,54.15,0.0,43.17,44.05,46.82,49.68,96.1,18.66,81.12,54.81,31.26,78.09
60,87.82,36.22,48.33,21.26,66.12,47.71,77.2,38.05,36.72,74.0,21.26,26.08,67.23,22.0,17.09,34.0,62.13,84.85,56.36,60.0,71.02,14.56,92.02,42.76,43.68,74.97,41.04,55.32,39.45,24.08,53.85,72.25,16.12,68.41,69.08,30.46,39.4,24.08,7.21,17.09,21.54,88.09,42.19,44.0,18.97,73.35,40.79,38.0,82.37,84.02,47.54,51.42,76.42,44.41,46.86,40.5,63.53,58.82,58.14,43.17,0.0,55.61,42.8,22.36,70.13,61.62,91.82,16.84,43.42,73.01
61,33.53,38.83,64.78,76.84,51.22,18.97,28.07,36.5,26.08,41.18,58.31,40.25,19.7,45.61,66.21,28.28,34.99,30.53,10.0,51.11,66.57,44.72,38.47,26.08,56.57,51.22,15.23,59.46,17.2,41.18,15.23,48.83,65.3,56.46,21.54,27.2,28.07,59.06,55.57,66.21,53.85,36.06,14.42,45.12,41.23,34.18,36.5,44.18,28.64,28.43,22.09,46.39,55.32,18.11,14.14,48.37,26.08,4.0,11.66,44.05,55.61,0.0,18.0,41.76,66.69,47.93,38.71,72.43,14.32,36.25
62,50.99,39.29,47.07,63.78,38.83,6.0,34.41,37.95,8.25,36.06,51.42,36.0,36.88,28.64,50.48,10.77,46.86,42.8,25.3,36.77,52.35,29.73,49.52,30.53,38.83,42.38,7.21,42.94,16.12,36.06,27.78,60.96,55.46,65.6,38.83,22.09,10.2,52.95,41.04,50.48,36.77,45.34,15.62,27.86,25.61,32.56,18.97,26.31,46.39,43.86,29.73,51.88,45.69,2.0,4.47,49.48,22.36,22.0,15.62,46.82,42.8,18.0,0.0,25.06,52.22,56.75,49.21,59.38,17.69,33.14
63,75.29,41.23,32.56,41.18,44.0,28.43,58.0,41.62,17.2,52.0,39.29,32.56,58.14,4.0,25.61,14.42,60.73,67.68,46.17,38.21,50.6,8.0,74.03,40.5,25.61,52.61,26.68,35.78,30.07,31.24,46.04,73.54,38.05,73.78,60.13,26.0,18.44,41.76,17.89,25.61,12.17,69.43,32.0,22.36,4.47,52.15,18.44,16.49,70.34,68.88,43.17,57.2,54.15,26.08,29.53,49.52,42.8,45.61,40.5,49.68,22.36,41.76,25.06,0.0,49.87,65.53,73.57,36.99,34.01,51.48
64,92.24,87.77,25.97,83.01,17.06,48.41,59.21,87.26,48.1,36.81,89.08,80.87,86.25,48.66,63.03,48.44,99.06,73.35,76.08,15.62,1.32,57.46,74.81,81.96,26.96,25.31,59.23,14.97,67.72,79.93,79.62,113.17,86.23,117.34,87.99,70.06,43.76,91.6,63.56,63.03,49.18,68.81,67.72,28.04,54.31,44.9,35.65,33.49,89.61,80.6,81.86,102.45,21.96,50.9,54.01,97.27,44.72,70.13,56.6,96.1,70.13,66.69,52.22,49.87,0.0,108.52,73.44,79.9,69.86,41.85
65,57.06,25.6,97.58,76.7,95.55,61.61,74.4,24.34,60.52,88.86,46.91,35.78,36.98,69.01,78.49,60.58,15.01,70.95,38.45,93.33,108.76,61.89,78.96,26.58,89.89,97.89,49.56,97.44,40.84,37.72,32.73,12.39,58.86,8.86,37.1,39.9,64.78,45.19,66.83,78.49,75.3,79.09,41.14,81.83,61.84,82.11,73.26,77.93,52.2,63.18,27.22,10.69,101.64,58.35,56.06,22.84,73.63,46.69,59.43,18.66,61.62,47.93,56.75,65.53,108.52,0.0,79.9,73.44,39.16,84.13
66,29.3,77.0,84.41,112.94,56.72,45.14,16.21,74.47,56.42,36.66,96.91,78.95,42.97,76.69,99.18,59.24,64.96,8.97,44.25,61.3,72.65,78.92,1.66,63.74,77.48,48.9,51.14,74.16,55.73,79.85,50.09,75.81,103.22,87.12,43.08,65.64,55.48,97.74,90.23,99.18,84.31,4.74,53.02,65.57,74.71,28.79,60.08,68.08,31.1,17.78,58.8,81.65,53.11,47.81,44.99,85.98,33.26,37.17,33.69,81.12,91.82,38.71,49.21,73.57,73.44,79.9,0.0,108.52,53.03,31.7
67,104.43,49.29,55.42,4.42,78.76,64.04,93.7,51.58,52.85,88.92,27.27,39.82,83.43,35.35,17.25,50.06,76.28,101.66,72.86,72.1,80.95,30.08,108.76,57.98,52.96,88.5,57.87,64.95,56.11,37.87,70.01,84.94,15.64,79.11,85.23,46.81,55.08,29.65,19.1,17.25,31.32,104.72,58.88,56.42,34.52,89.04,55.03,50.6,98.93,100.86,63.12,62.81,89.4,60.91,63.53,50.89,79.46,75.61,74.83,54.81,16.84,72.43,59.38,36.99,79.9,73.44,108.52,0.0,60.01,88.45
68,44.42,25.08,62.39,64.35,56.4,22.47,41.77,23.0,22.83,50.96,44.1,25.94,24.52,38.01,56.04,23.77,29.41,44.78,13.0,54.45,70.01,34.71,52.77,13.6,54.23,59.03,10.63,59.91,4.12,26.93,12.04,43.42,51.62,48.01,26.48,13.45,26.63,44.78,44.6,56.04,46.01,50.33,2.24,44.42,32.14,45.4,35.51,41.63,38.95,41.77,12.04,35.11,62.65,19.21,17.0,35.0,35.9,16.4,23.0,31.26,43.42,14.32,17.69,34.01,69.86,39.16,53.03,60.01,0.0,46.87
69,52.33,71.34,54.13,92.66,25.02,27.17,17.72,69.58,36.69,5.83,84.34,69.07,52.63,53.54,75.8,39.22,71.12,31.78,46.07,29.83,41.11,58.6,33.02,60.42,48.02,18.38,39.01,43.01,47.27,69.18,51.48,84.72,87.28,92.7,53.91,55.01,33.62,85.99,69.35,75.8,59.82,27.02,45.54,37.01,54.13,3.16,34.21,41.01,50.77,39.92,57.57,81.74,22.85,31.14,31.02,81.5,11.05,38.08,24.7,78.09,73.01,36.25,33.14,51.48,41.85,84.13,31.7,88.45,46.87,0.0
