vehicles
vehicle_idx, capacity, cost_per_unit_distance
1,100,3
2,100,3
3,100,3
4,100,3
5,100,3
6,100,3
7,100,3
8,100,3
9,100,3
depot
node_idx,x,y
0,61,37
home delivery customers
node_idx,x,y,service_time,demand
1,93,57,10,23
2,15,67,10,17
3,23,43,10,12
4,29,73,10,3
5,47,37,10,24
6,67,45,10,11
7,21,49,10,7
8,93,43,10,12
9,53,35,10,20
10,81,27,10,4
11,45,43,10,18
12,5,43,10,12
13,71,39,10,2
14,31,21,10,11
15,63,73,10,12
16,65,23,10,7
17,65,47,10,13
18,23,71,10,23
19,53,27,10,18
20,51,65,10,27
self pickup customers
node_idx,x,y,service_time,demand,locker_idxs
21,13,75,10,22,72-62
22,23,71,10,24,70-62-63
23,69,25,10,14,71-66
24,85,69,10,16,68-65-63
25,77,79,10,9,73-65-63
26,31,75,10,14,72-62
27,47,37,10,22,75-64
28,33,47,10,19,72-74-70-73-64-62
29,39,69,10,9,68-62
30,37,91,10,11,68-62-63
31,97,35,10,18,69-61-66
32,73,73,10,8,72-65-63
33,35,95,10,18,68-62-63
34,35,63,10,5,68-62-63
35,27,73,10,14,72-62
36,47,9,10,19,71-64-66
37,87,45,10,16,69-71-61
38,1,49,10,19,72-64
39,1,77,10,3,68-72-62-63
40,91,41,10,15,69-71-75-61-66
flexible customers
node_idx,x,y,service_time,demand,locker_idxs
41,53,5,10,6,72-66-64
42,67,13,10,8,71-66-61
43,25,39,10,16,74-70-64-62
44,49,99,10,10,75-63
45,63,9,10,19,71-66
46,49,3,10,18,68-66-64
47,49,87,10,2,73-63-62
48,87,39,10,18,69-71-75-67-61
49,19,33,10,19,70-64
50,31,5,10,15,68-64
51,35,25,10,4,69-64
52,79,61,10,12,67-75-65
53,19,45,10,72,72-70-74-64-62
54,79,71,10,10,70-65-63
55,21,55,10,20,72-70-74-68-62-64
56,97,23,10,16,69-71-61-66
57,5,81,10,22,72-68-62-63
58,57,85,10,6,72-63-65
59,89,23,10,12,69-71-61-66
60,13,49,10,9,72-68-74-70-64
lockers
node_idx,x,y,service_time,capacity,cost_per_unit_good
61,93,12,10,97
62,22,88,10,94
63,65,88,10,98
64,25,15,10,87
65,77,88,10,98
66,72,14,10,92
67,62,44,10,87
68,23,74,10,72
69,98,26,10,73
70,31,65,10,80
71,73,25,10,84
72,17,66,10,98
73,58,41,10,94
74,29,66,10,85
75,66,46,10,88
mrt lines
start_node_idx,end_node_idx,freight_capacity,cost_per_unit_good
61,62,97,0.5
62,61,97,0.5
63,64,98,0.5
64,63,98,0.5
65,66,98,0.5
66,65,98,0.5
distance matrix
,0,1,2,3,4,5,6,7,8,9,10,11,12,13,14,15,16,17,18,19,20,21,22,23,24,25,26,27,28,29,30,31,32,33,34,35,36,37,38,39,40,41,42,43,44,45,46,47,48,49,50,51,52,53,54,55,56,57,58,59,60,61,62,63,64,65,66,67,68,69,70,71,72,73,74,75,
0,0.0,37.74,54.92,38.47,48.17,14.0,10.0,41.76,32.56,8.25,22.36,17.09,56.32,10.2,34.0,36.06,14.56,10.77,50.99,12.81,29.73,61.22,50.99,14.42,40.0,44.94,48.41,14.0,29.73,38.83,59.09,36.06,37.95,63.56,36.77,49.52,31.3,27.2,61.19,72.11,30.27,32.98,24.74,36.06,63.15,28.07,36.06,51.42,26.08,42.19,43.86,28.64,30.0,42.76,38.47,43.86,38.63,71.22,48.17,31.3,49.48,40.61,64.2,51.16,42.19,53.45,25.5,7.07,53.04,38.6,41.04,16.97,52.7,5.0,43.19,10.3
1,37.74,0.0,78.64,71.39,65.97,50.16,28.64,72.44,14.0,45.65,32.31,50.0,89.11,28.43,71.69,34.0,44.05,29.73,71.39,50.0,42.76,82.0,71.39,40.0,14.42,27.2,64.56,50.16,60.83,55.32,65.51,22.36,25.61,69.34,58.31,67.91,66.48,13.42,92.35,94.15,16.12,65.6,51.11,70.34,60.83,56.6,69.66,53.25,18.97,77.79,80.92,66.24,14.56,74.97,19.8,72.03,34.23,91.21,45.61,34.23,80.4,45.0,77.47,41.77,79.92,34.89,47.85,33.62,72.03,31.4,62.51,37.74,76.53,38.48,64.63,29.15
2,54.92,78.64,0.0,25.3,15.23,43.86,56.46,18.97,81.61,49.68,77.18,38.42,26.0,62.61,48.7,48.37,66.6,53.85,8.94,55.17,36.06,8.25,8.94,68.41,70.03,63.15,17.89,43.86,26.91,24.08,32.56,88.02,58.31,34.41,20.4,13.42,66.24,75.29,22.8,17.2,80.32,72.72,74.97,29.73,46.69,75.29,72.47,39.45,77.25,34.23,64.03,46.52,64.28,22.36,64.12,13.42,93.06,17.2,45.69,86.09,18.11,95.44,22.14,54.23,52.95,65.46,77.83,52.33,10.63,92.57,16.12,71.61,2.24,50.25,14.04,55.15
3,38.47,71.39,25.3,0.0,30.59,24.74,44.05,6.32,70.0,31.05,60.17,22.0,18.0,48.17,23.41,50.0,46.52,42.19,28.0,34.0,35.61,33.53,28.0,49.4,67.23,64.9,32.98,24.74,10.77,30.53,50.0,74.43,58.31,53.37,23.32,30.27,41.62,64.03,22.8,40.5,68.03,48.41,53.25,4.47,61.74,52.5,47.71,51.11,64.12,10.77,38.83,21.63,58.82,4.47,62.61,12.17,76.66,42.05,54.04,68.96,11.66,76.56,45.01,61.55,28.07,70.29,56.94,39.01,31.0,76.9,23.41,53.14,23.77,35.06,23.77,43.1
4,48.17,65.97,15.23,30.59,0.0,40.25,47.2,25.3,70.68,44.94,69.43,34.0,38.42,54.04,52.04,34.0,61.61,44.41,6.32,51.88,23.41,16.12,6.32,62.48,56.14,48.37,2.83,40.25,26.31,10.77,19.7,77.9,44.0,22.8,11.66,2.0,66.48,64.4,36.88,28.28,69.77,72.11,71.02,34.23,32.8,72.47,72.8,24.41,67.23,41.23,68.03,48.37,51.42,29.73,50.04,19.7,84.4,25.3,30.46,78.1,28.84,88.41,16.55,39.0,58.14,50.29,73.01,43.93,6.08,83.49,8.25,65.12,13.89,43.19,7.0,45.8
5,14.0,50.16,43.86,24.74,40.25,0.0,21.54,28.64,46.39,6.32,35.44,6.32,42.43,24.08,22.63,39.4,22.8,20.59,41.62,11.66,28.28,50.99,41.62,25.06,49.68,51.61,41.23,0.0,17.2,32.98,54.92,50.04,44.41,59.23,28.64,41.18,28.0,40.79,47.54,60.96,44.18,32.56,31.24,22.09,62.03,32.25,34.06,50.04,40.05,28.28,35.78,16.97,40.0,29.12,46.69,31.62,51.92,60.83,49.03,44.27,36.06,52.35,56.8,54.08,31.11,59.17,33.97,16.55,44.1,52.17,32.25,28.64,41.73,11.7,34.13,21.02
6,10.0,28.64,56.46,44.05,47.2,21.54,0.0,46.17,26.08,17.2,22.8,22.09,62.03,7.21,43.27,28.28,22.09,2.83,51.11,22.8,25.61,61.77,51.11,20.1,30.0,35.44,46.86,21.54,34.06,36.88,54.92,31.62,28.64,59.36,36.72,48.83,41.18,20.0,66.12,73.35,24.33,42.38,32.0,42.43,56.92,36.22,45.69,45.69,20.88,49.48,53.81,37.74,20.0,48.0,28.64,47.07,37.2,71.69,41.23,31.11,54.15,42.01,62.24,43.05,51.61,44.15,31.4,5.1,52.7,36.36,41.18,20.88,54.23,9.85,43.42,1.41
7,41.76,72.44,18.97,6.32,25.3,28.64,46.17,0.0,72.25,34.93,63.91,24.74,17.09,50.99,29.73,48.37,51.11,44.05,22.09,38.83,34.0,27.2,22.09,53.67,67.05,63.53,27.86,28.64,12.17,26.91,44.94,77.28,57.27,48.08,19.8,24.74,47.71,66.12,20.0,34.41,70.46,54.41,58.41,10.77,57.31,58.0,53.85,47.2,66.75,16.12,45.12,27.78,59.23,4.47,62.03,6.0,80.32,35.78,50.91,72.8,8.0,80.95,39.01,58.8,34.23,68.24,61.85,41.3,25.08,80.36,18.87,57.27,17.46,37.85,18.79,45.1
8,32.56,14.0,81.61,70.0,70.68,46.39,26.08,72.25,0.0,40.79,20.0,48.0,88.0,22.36,65.79,42.43,34.41,28.28,75.39,43.08,47.41,86.16,75.39,30.0,27.2,39.4,69.77,46.39,60.13,59.93,73.76,8.94,36.06,77.9,61.35,72.5,57.2,6.32,92.2,98.08,2.83,55.17,39.7,68.12,71.22,45.34,59.46,62.23,7.21,74.67,72.72,60.73,22.8,74.03,31.3,72.99,20.4,95.85,55.32,20.4,80.22,31.0,84.06,53.0,73.54,47.76,35.81,31.02,76.56,17.72,65.79,26.91,79.4,35.06,68.01,27.17
9,8.25,45.65,49.68,31.05,44.94,6.32,17.2,34.93,40.79,0.0,29.12,11.31,48.66,18.44,26.08,39.29,16.97,16.97,46.86,8.0,30.07,56.57,46.86,18.87,46.69,50.12,45.65,6.32,23.32,36.77,58.24,44.0,42.94,62.64,33.29,46.04,26.68,35.44,53.85,66.84,38.47,30.0,26.08,28.28,64.12,27.86,32.25,52.15,34.23,34.06,37.2,20.59,36.77,35.44,44.41,37.74,45.61,66.48,50.16,37.95,42.38,46.14,61.4,54.34,34.41,58.18,28.32,12.73,49.2,45.89,37.2,22.36,47.51,7.81,39.2,17.03
10,22.36,32.31,77.18,60.17,69.43,35.44,22.8,63.91,20.0,29.12,0.0,39.4,77.67,15.62,50.36,49.4,16.49,25.61,72.8,28.0,48.41,83.23,72.8,12.17,42.19,52.15,69.31,35.44,52.0,59.4,77.67,17.89,46.69,82.1,58.41,70.94,38.47,18.97,82.97,94.34,17.2,35.61,19.8,57.27,78.79,25.46,40.0,68.0,13.42,62.29,54.63,46.04,34.06,64.56,44.05,66.21,16.49,93.23,62.77,8.94,71.47,19.21,84.86,63.06,57.27,61.13,15.81,25.5,74.65,17.03,62.8,8.25,74.95,26.93,65.0,24.21
11,17.09,50.0,38.42,22.0,34.0,6.32,22.09,24.74,48.0,11.31,39.4,0.0,40.0,26.31,26.08,34.99,28.28,20.4,35.61,17.89,22.8,45.25,35.61,30.0,47.71,48.17,34.93,6.32,12.65,26.68,48.66,52.61,41.04,52.95,22.36,34.99,34.06,42.05,44.41,55.61,46.04,38.83,37.2,20.4,56.14,38.47,40.2,44.18,42.19,27.86,40.5,20.59,38.47,26.08,44.05,26.83,55.71,55.17,43.68,48.33,32.56,57.14,50.54,49.24,34.41,55.22,39.62,17.03,38.01,55.66,26.08,33.29,36.24,13.15,28.02,21.21
12,56.32,89.11,26.0,18.0,38.42,42.43,62.03,17.09,88.0,48.66,77.67,40.0,0.0,66.12,34.06,65.3,63.25,60.13,33.29,50.6,50.99,32.98,33.29,66.48,84.12,80.5,41.23,42.43,28.28,42.8,57.69,92.35,74.32,60.03,36.06,37.2,54.04,82.02,7.21,34.23,86.02,61.22,68.88,20.4,71.22,67.23,59.46,62.23,82.1,17.2,46.04,34.99,76.16,14.14,79.12,20.0,94.15,38.0,66.84,86.35,10.0,93.3,48.1,75.0,34.41,84.91,73.01,57.01,35.85,94.54,34.06,70.34,25.94,53.04,33.24,61.07
13,10.2,28.43,62.61,48.17,54.04,24.08,7.21,50.99,22.36,18.44,15.62,26.31,66.12,0.0,43.86,34.93,17.09,10.0,57.69,21.63,32.8,68.26,57.69,14.14,33.11,40.45,53.81,24.08,38.83,43.86,62.13,26.31,34.06,66.57,43.27,55.61,38.42,17.09,70.71,79.65,20.1,38.47,26.31,46.0,63.91,31.05,42.19,52.8,16.0,52.35,52.5,38.63,23.41,52.35,32.98,52.5,30.53,78.23,48.08,24.08,58.86,34.83,69.3,49.37,51.88,49.37,25.02,10.3,59.41,29.97,47.71,14.14,60.37,13.15,49.93,8.6
14,34.0,71.69,48.7,23.41,52.04,22.63,43.27,29.73,65.79,26.08,50.36,26.08,34.06,43.86,0.0,61.06,34.06,42.8,50.64,22.8,48.33,56.92,50.64,38.21,72.25,74.03,54.0,22.63,26.08,48.66,70.26,67.47,66.84,74.11,42.19,52.15,20.0,60.93,41.04,63.53,63.25,27.2,36.88,18.97,80.05,34.18,25.46,68.41,58.82,16.97,16.0,5.66,62.48,26.83,69.31,35.44,66.03,65.39,69.08,58.03,33.29,62.65,67.6,75.13,8.49,81.27,41.59,38.6,53.6,67.19,44.0,42.19,47.13,33.6,45.04,43.01
15,36.06,34.0,48.37,50.0,34.0,39.4,28.28,48.37,42.43,39.29,49.4,34.99,65.3,34.93,61.06,0.0,50.04,26.08,40.05,47.07,14.42,50.04,40.05,48.37,22.36,15.23,32.06,39.4,39.7,24.33,31.62,50.99,10.0,35.61,29.73,36.0,65.97,36.88,66.48,62.13,42.52,68.73,60.13,50.99,29.53,64.0,71.39,19.8,41.62,59.46,75.15,55.57,20.0,52.15,16.12,45.69,60.46,58.55,13.42,56.36,55.46,67.98,43.66,15.13,69.34,20.52,59.68,29.02,40.01,58.6,32.98,49.03,46.53,32.39,34.71,27.17
16,14.56,44.05,66.6,46.52,61.61,22.8,22.09,51.11,34.41,16.97,16.49,28.28,63.25,17.09,34.06,50.04,0.0,24.0,63.78,12.65,44.27,73.54,63.78,4.47,50.16,57.27,62.13,22.8,40.0,52.84,73.54,34.18,50.64,78.0,50.0,62.8,22.8,31.11,69.08,83.74,31.62,21.63,10.2,43.08,77.67,14.14,25.61,65.97,27.2,47.07,38.47,30.07,40.5,50.99,50.0,54.41,32.0,83.45,62.51,24.0,58.14,30.08,77.94,65.0,40.79,66.1,11.4,21.21,66.07,33.14,54.04,8.25,64.44,19.31,56.08,23.02
17,10.77,29.73,53.85,42.19,44.41,20.59,2.83,44.05,28.28,16.97,25.61,20.4,60.13,10.0,42.8,26.08,24.0,0.0,48.37,23.32,22.8,59.06,48.37,22.36,29.73,34.18,44.05,20.59,32.0,34.06,52.15,34.18,27.2,56.6,34.0,46.04,42.05,22.09,64.03,70.68,26.68,43.68,34.06,40.79,54.41,38.05,46.82,43.08,23.41,48.08,54.04,37.2,19.8,46.04,27.78,44.72,40.0,68.96,38.83,33.94,52.04,44.82,59.41,41.0,51.22,42.72,33.73,4.24,49.93,39.12,38.47,23.41,51.62,9.22,40.71,1.41
18,50.99,71.39,8.94,28.0,6.32,41.62,51.11,22.09,75.39,46.86,72.8,35.61,33.29,57.69,50.64,40.05,63.78,48.37,0.0,53.25,28.64,10.77,0.0,65.05,62.03,54.59,8.94,41.62,26.0,16.12,24.41,82.29,50.04,26.83,14.42,4.47,66.48,69.08,31.11,22.8,74.32,72.5,72.8,32.06,38.21,73.78,72.8,30.53,71.55,38.21,66.48,47.54,56.89,26.31,56.0,16.12,88.2,20.59,36.77,81.61,24.17,91.55,17.03,45.31,56.04,56.61,75.17,47.43,3.0,87.46,10.0,67.94,7.81,46.1,7.81,49.74
19,12.81,50.0,55.17,34.0,51.88,11.66,22.8,38.83,43.08,8.0,28.0,17.89,50.6,21.63,22.8,47.07,12.65,23.32,53.25,0.0,38.05,62.48,53.25,16.12,52.8,57.27,52.8,11.66,28.28,44.27,65.97,44.72,50.16,70.34,40.25,52.84,18.97,38.47,56.46,72.14,40.5,22.0,19.8,30.46,72.11,20.59,24.33,60.13,36.06,34.53,31.11,18.11,42.8,38.47,51.11,42.52,44.18,72.25,58.14,36.22,45.65,42.72,68.43,62.17,30.46,65.55,23.02,19.24,55.76,45.01,43.91,20.1,53.08,14.87,45.79,23.02
20,29.73,42.76,36.06,35.61,23.41,28.28,25.61,34.0,47.41,30.07,48.41,22.8,50.99,32.8,48.33,14.42,44.27,22.8,28.64,38.05,0.0,39.29,28.64,43.86,34.23,29.53,22.36,28.28,25.46,12.65,29.53,54.92,23.41,34.0,16.12,25.3,56.14,41.18,52.5,51.42,46.65,60.03,54.41,36.77,34.06,57.27,62.03,22.09,44.41,45.25,63.25,43.08,28.28,37.74,28.64,31.62,62.29,48.7,20.88,56.64,41.23,67.62,37.01,26.93,56.36,34.71,55.15,23.71,29.41,61.07,20.0,45.65,34.01,25.0,22.02,24.21
21,61.22,82.0,8.25,33.53,16.12,50.99,61.77,27.2,86.16,56.57,83.23,45.25,32.98,68.26,56.92,50.04,73.54,59.06,10.77,62.48,39.29,0.0,10.77,75.07,72.25,64.12,18.0,50.99,34.41,26.68,28.84,93.04,60.03,29.73,25.06,14.14,74.24,79.85,28.64,12.17,85.09,80.62,82.22,37.95,43.27,82.8,80.5,37.95,82.29,42.43,72.28,54.63,67.47,30.59,66.12,21.54,98.79,10.0,45.12,92.09,26.0,101.83,15.81,53.6,61.19,65.31,84.86,57.98,10.05,98.11,20.59,78.1,9.85,56.4,18.36,60.42
22,50.99,71.39,8.94,28.0,6.32,41.62,51.11,22.09,75.39,46.86,72.8,35.61,33.29,57.69,50.64,40.05,63.78,48.37,0.0,53.25,28.64,10.77,0.0,65.05,62.03,54.59,8.94,41.62,26.0,16.12,24.41,82.29,50.04,26.83,14.42,4.47,66.48,69.08,31.11,22.8,74.32,72.5,72.8,32.06,38.21,73.78,72.8,30.53,71.55,38.21,66.48,47.54,56.89,26.31,56.0,16.12,88.2,20.59,36.77,81.61,24.17,91.55,17.03,45.31,56.04,56.61,75.17,47.43,3.0,87.46,10.0,67.94,7.81,46.1,7.81,49.74
23,14.42,40.0,68.41,49.4,62.48,25.06,20.1,53.67,30.0,18.87,12.17,30.0,66.48,14.14,38.21,48.37,4.47,22.36,65.05,16.12,43.86,75.07,65.05,0.0,46.82,54.59,62.8,25.06,42.19,53.25,73.35,29.73,48.17,77.82,50.99,63.78,27.2,26.91,72.11,85.6,27.2,25.61,12.17,46.17,76.66,17.09,29.73,65.15,22.8,50.64,42.94,34.0,37.36,53.85,47.07,56.6,28.07,85.04,61.19,20.1,60.93,27.29,78.6,63.13,45.12,63.51,11.4,20.25,67.21,29.02,55.17,4.0,66.22,19.42,57.28,21.21
24,40.0,14.42,70.03,67.23,56.14,49.68,30.0,67.05,27.2,46.69,42.19,47.71,84.12,33.11,72.25,22.36,50.16,29.73,62.03,52.8,34.23,72.25,62.03,46.82,0.0,12.81,54.33,49.68,56.46,46.0,52.8,36.06,12.65,56.36,50.36,58.14,71.02,24.08,86.35,84.38,28.64,71.55,58.82,67.08,46.86,63.91,75.18,40.25,30.07,75.18,83.74,66.6,10.0,70.23,6.32,65.51,47.54,80.89,32.25,46.17,74.73,57.56,65.8,27.59,80.72,20.62,56.52,33.97,62.2,44.92,54.15,45.61,68.07,38.9,56.08,29.83
25,44.94,27.2,63.15,64.9,48.37,51.61,35.44,63.53,39.4,50.12,52.15,48.17,80.5,40.45,74.03,15.23,57.27,34.18,54.59,57.27,29.53,64.12,54.59,54.59,12.81,0.0,46.17,51.61,54.41,39.29,41.76,48.33,7.21,44.94,44.94,50.36,76.16,35.44,81.71,76.03,40.5,77.79,66.75,65.6,34.41,71.39,80.99,29.12,41.23,74.03,87.13,68.41,18.11,67.23,8.25,60.93,59.46,72.03,20.88,57.27,70.68,68.88,55.73,15.0,82.46,9.0,65.19,38.08,54.23,57.01,48.08,54.15,61.39,42.49,49.73,34.79
26,48.41,64.56,17.89,32.98,2.83,41.23,46.86,27.86,69.77,45.65,69.31,34.93,41.23,53.81,54.0,32.06,62.13,44.05,8.94,52.8,22.36,18.0,8.94,62.8,54.33,46.17,0.0,41.23,28.07,10.0,17.09,77.18,42.05,20.4,12.65,4.47,67.91,63.53,39.7,30.07,68.96,73.38,71.69,36.5,30.0,73.35,74.22,21.63,66.57,43.68,70.0,50.16,50.0,32.31,48.17,22.36,84.02,26.68,27.86,77.9,31.62,88.39,15.81,36.4,60.3,47.8,73.5,43.84,8.06,83.01,10.0,65.3,16.64,43.42,9.22,45.45
27,14.0,50.16,43.86,24.74,40.25,0.0,21.54,28.64,46.39,6.32,35.44,6.32,42.43,24.08,22.63,39.4,22.8,20.59,41.62,11.66,28.28,50.99,41.62,25.06,49.68,51.61,41.23,0.0,17.2,32.98,54.92,50.04,44.41,59.23,28.64,41.18,28.0,40.79,47.54,60.96,44.18,32.56,31.24,22.09,62.03,32.25,34.06,50.04,40.05,28.28,35.78,16.97,40.0,29.12,46.69,31.62,51.92,60.83,49.03,44.27,36.06,52.35,56.8,54.08,31.11,59.17,33.97,16.55,44.1,52.17,32.25,28.64,41.73,11.7,34.13,21.02
28,29.73,60.83,26.91,10.77,26.31,17.2,34.06,12.17,60.13,23.32,52.0,12.65,28.28,38.83,26.08,39.7,40.0,32.0,26.0,28.28,25.46,34.41,26.0,42.19,56.46,54.41,28.07,17.2,0.0,22.8,44.18,65.12,47.71,48.04,16.12,26.68,40.5,54.04,32.06,43.86,58.31,46.52,48.08,11.31,54.41,48.41,46.82,43.08,54.59,19.8,42.05,22.09,48.08,14.14,51.88,14.42,68.35,44.05,44.94,60.93,20.1,69.46,42.45,52.01,32.98,60.14,51.09,29.15,28.79,68.31,18.11,45.65,24.84,25.71,19.42,33.02
29,38.83,55.32,24.08,30.53,10.77,32.98,36.88,26.91,59.93,36.77,59.4,26.68,42.8,43.86,48.66,24.33,52.84,34.06,16.12,44.27,12.65,26.68,16.12,53.25,46.0,39.29,10.0,32.98,22.8,0.0,22.09,67.23,34.23,26.31,7.21,12.65,60.53,53.67,42.94,38.83,59.06,65.51,62.61,33.11,31.62,64.62,66.75,20.59,56.6,41.18,64.5,44.18,40.79,31.24,40.05,22.8,74.03,36.06,24.08,67.94,32.8,78.52,25.5,32.2,55.79,42.49,64.14,33.97,16.76,73.01,8.94,55.61,22.2,33.84,10.44,35.47
30,59.09,65.51,32.56,50.0,19.7,54.92,54.92,44.94,73.76,58.24,77.67,48.66,57.69,62.13,70.26,31.62,73.54,52.15,24.41,65.97,29.53,28.84,24.41,73.35,52.8,41.76,17.09,54.92,44.18,22.09,0.0,82.07,40.25,4.47,28.07,20.59,82.61,67.94,55.32,38.63,73.59,87.48,83.57,53.37,14.42,86.02,88.81,12.65,72.14,60.73,86.21,66.03,51.61,49.4,46.52,39.4,90.69,33.53,20.88,85.6,48.37,96.83,15.3,28.16,76.94,40.11,84.58,53.24,22.02,89.14,26.68,75.18,32.02,54.23,26.25,53.54
31,36.06,22.36,88.02,74.43,77.9,50.04,31.62,77.28,8.94,44.0,17.89,52.61,92.35,26.31,67.47,50.99,34.18,34.18,82.29,44.72,54.92,93.04,82.29,29.73,36.06,48.33,77.18,50.04,65.12,67.23,82.07,0.0,44.94,86.28,68.03,79.65,56.36,14.14,97.02,104.79,8.49,53.25,37.2,72.11,80.0,42.8,57.69,70.77,10.77,78.03,72.5,62.8,31.62,78.64,40.25,78.59,12.0,102.86,64.03,14.42,85.16,23.35,91.84,61.91,74.73,56.65,32.65,36.14,83.65,9.06,72.5,26.0,85.8,39.46,74.73,32.89
32,37.95,25.61,58.31,58.31,44.0,44.41,28.64,57.27,36.06,42.94,46.69,41.04,74.32,34.06,66.84,10.0,50.64,27.2,50.04,50.16,23.41,60.03,50.04,48.17,12.65,7.21,42.05,44.41,47.71,34.23,40.25,44.94,0.0,43.91,39.29,46.0,69.08,31.3,75.89,72.11,36.72,70.88,60.3,58.82,35.38,64.78,74.0,27.78,36.77,67.2,79.92,61.22,13.42,60.83,6.32,55.03,55.46,68.47,20.0,52.5,64.62,64.2,53.16,17.0,75.29,15.52,59.01,31.02,50.01,53.24,42.76,48.0,56.44,35.34,44.55,27.89
33,63.56,69.34,34.41,53.37,22.8,59.23,59.36,48.08,77.9,62.64,82.1,52.95,60.03,66.57,74.11,35.61,78.0,56.6,26.83,70.34,34.0,29.73,26.83,77.82,56.36,44.94,20.4,59.23,48.04,26.31,4.47,86.28,43.91,0.0,32.0,23.41,86.83,72.14,57.2,38.47,77.79,91.78,88.02,56.89,14.56,90.44,93.06,16.12,76.42,64.03,90.09,70.0,55.61,52.5,50.12,42.38,95.02,33.11,24.17,90.0,50.99,101.26,14.76,30.81,80.62,42.58,89.05,57.71,24.19,93.43,30.27,79.65,34.13,58.69,29.61,57.98
34,36.77,58.31,20.4,23.32,11.66,28.64,36.72,19.8,61.35,33.29,58.41,22.36,36.06,43.27,42.19,29.73,50.0,34.0,14.42,40.25,16.12,25.06,14.42,50.99,50.36,44.94,12.65,28.64,16.12,7.21,28.07,68.03,39.29,32.0,0.0,12.81,55.32,55.03,36.77,36.77,60.17,60.73,59.36,26.0,38.63,60.83,61.61,27.78,57.27,34.0,58.14,38.0,44.05,24.08,44.72,16.12,73.78,34.99,31.11,67.2,26.08,77.23,28.18,39.05,49.03,48.88,61.4,33.02,16.28,73.06,4.47,53.74,18.25,31.83,6.71,35.36
35,49.52,67.91,13.42,30.27,2.0,41.18,48.83,24.74,72.5,46.04,70.94,34.99,37.2,55.61,52.15,36.0,62.8,46.04,4.47,52.84,25.3,14.14,4.47,63.78,58.14,50.36,4.47,41.18,26.68,12.65,20.59,79.65,46.0,23.41,12.81,0.0,67.05,66.21,35.38,26.31,71.55,72.8,72.11,34.06,34.06,73.43,73.38,26.08,68.96,40.79,68.12,48.66,53.37,29.12,52.04,18.97,86.02,23.41,32.31,79.65,27.78,89.87,15.81,40.85,58.03,52.2,74.2,45.45,4.12,85.15,8.94,66.48,12.21,44.55,7.28,47.43
36,31.3,66.48,66.24,41.62,66.48,28.0,41.18,47.71,57.2,26.68,38.47,34.06,54.04,38.42,20.0,65.97,22.8,42.05,66.48,18.97,56.14,74.24,66.48,27.2,71.02,76.16,67.91,28.0,40.5,60.53,82.61,56.36,69.08,86.83,55.32,67.05,0.0,53.81,60.96,82.1,54.41,7.21,20.4,37.2,90.02,16.0,6.32,78.03,50.0,36.88,16.49,20.0,61.06,45.61,69.77,52.84,51.92,83.35,76.66,44.27,52.5,46.1,82.86,81.02,22.8,84.5,25.5,38.08,69.29,53.76,58.24,30.53,64.41,33.84,59.77,41.59
37,27.2,13.42,75.29,64.03,64.4,40.79,20.0,66.12,6.32,35.44,18.97,42.05,82.02,17.09,60.93,36.88,31.11,22.09,69.08,38.47,41.18,79.85,69.08,26.91,24.08,35.44,63.53,40.79,54.04,53.67,67.94,14.14,31.3,72.14,55.03,66.21,53.81,0.0,86.09,91.76,5.66,52.5,37.74,62.29,66.03,43.27,56.64,56.64,6.0,69.05,68.82,55.71,17.89,68.0,27.2,66.75,24.17,89.55,50.0,22.09,74.11,33.54,77.94,48.3,68.88,44.15,34.44,25.02,70.26,21.95,59.46,24.41,73.08,29.27,61.68,21.02
38,61.19,92.35,22.8,22.8,36.88,47.54,66.12,20.0,92.2,53.85,82.97,44.41,7.21,70.71,41.04,66.48,69.08,64.03,31.11,56.46,52.5,28.64,31.11,72.11,86.35,81.71,39.7,47.54,32.06,42.94,55.32,97.02,75.89,57.2,36.77,35.38,60.96,86.09,0.0,28.0,90.35,68.12,75.18,26.0,69.31,73.78,66.48,61.22,86.58,24.08,53.25,41.62,78.92,18.44,81.04,20.88,99.46,32.25,66.57,91.76,12.0,99.16,44.29,74.95,41.62,85.42,79.16,61.2,33.3,99.69,34.0,75.89,23.35,57.56,32.76,65.07
39,72.11,94.15,17.2,40.5,28.28,60.96,73.35,34.41,98.08,66.84,94.34,55.61,34.23,79.65,63.53,62.13,83.74,70.68,22.8,72.14,51.42,12.17,22.8,85.6,84.38,76.03,30.07,60.96,43.86,38.83,38.63,104.79,72.11,38.47,36.77,26.31,82.1,91.76,28.0,0.0,96.93,88.81,91.93,44.94,52.8,92.02,88.2,49.03,94.02,47.54,78.0,62.13,79.62,36.72,78.23,29.73,110.15,5.66,56.57,103.25,30.46,112.65,23.71,64.94,66.48,76.79,94.92,69.35,22.2,109.59,32.31,88.81,19.42,67.42,30.08,72.01
40,30.27,16.12,80.32,68.03,69.77,44.18,24.33,70.46,2.83,38.47,17.2,46.04,86.02,20.1,63.25,42.52,31.62,26.68,74.32,40.5,46.65,85.09,74.32,27.2,28.64,40.5,68.96,44.18,58.31,59.06,73.59,8.49,36.72,77.79,60.17,71.55,54.41,5.66,90.35,96.93,0.0,52.35,36.88,66.03,71.61,42.52,56.64,62.29,4.47,72.44,69.97,58.24,23.32,72.11,32.31,71.39,18.97,94.85,55.61,18.11,78.41,29.07,83.49,53.71,70.94,49.04,33.02,29.15,75.58,16.55,64.62,24.08,78.11,33.0,66.85,25.5
41,32.98,65.6,72.72,48.41,72.11,32.56,42.38,54.41,55.17,30.0,35.61,38.83,61.22,38.47,27.2,68.73,21.63,43.68,72.5,22.0,60.03,80.62,72.5,25.61,71.55,77.79,73.38,32.56,46.52,65.51,87.48,53.25,70.88,91.78,60.73,72.8,7.21,52.5,68.12,88.81,52.35,0.0,16.12,44.05,94.09,10.77,4.47,82.1,48.08,44.05,22.0,26.91,61.74,52.5,70.94,59.36,47.54,89.89,80.1,40.25,59.46,40.61,88.6,83.86,29.73,86.4,21.02,40.02,75.24,49.66,63.91,28.28,70.83,36.35,65.55,43.01
42,24.74,51.11,74.97,53.25,71.02,31.24,32.0,58.41,39.7,26.08,19.8,37.2,68.88,26.31,36.88,60.13,10.2,34.06,72.8,19.8,54.41,82.22,72.8,12.17,58.82,66.75,71.69,31.24,48.08,62.61,83.57,37.2,60.3,88.02,59.36,72.11,20.4,37.74,75.18,91.93,36.88,16.12,0.0,49.4,87.86,5.66,20.59,76.16,32.8,52.0,36.88,34.18,49.48,57.69,59.23,62.29,31.62,92.02,72.69,24.17,64.9,26.02,87.46,75.03,42.05,75.66,5.1,31.4,75.21,33.62,63.25,13.42,72.86,29.41,65.22,33.02
43,36.06,70.34,29.73,4.47,34.23,22.09,42.43,10.77,68.12,28.28,57.27,20.4,20.4,46.0,18.97,50.99,43.08,40.79,32.06,30.46,36.77,37.95,32.06,46.17,67.08,65.6,36.5,22.09,11.31,33.11,53.37,72.11,58.82,56.89,26.0,34.06,37.2,62.29,26.0,44.94,66.03,44.05,49.4,0.0,64.62,48.41,43.27,53.67,62.0,8.49,34.53,17.2,58.31,8.49,62.77,16.49,73.76,46.52,56.04,65.97,15.62,73.16,49.09,63.25,24.0,71.45,53.24,37.34,35.06,74.15,26.68,50.0,28.16,33.06,27.29,41.59
44,63.15,60.83,46.69,61.74,32.8,62.03,56.92,57.31,71.22,64.12,78.79,56.14,71.22,63.91,80.05,29.53,77.67,54.41,38.21,72.11,34.06,43.27,38.21,76.66,46.86,34.41,30.0,62.03,54.41,31.62,14.42,80.0,35.38,14.56,38.63,34.06,90.02,66.03,69.31,52.8,71.61,94.09,87.86,64.62,0.0,91.08,96.0,12.0,71.02,72.5,95.71,75.31,48.41,61.77,41.04,52.15,89.89,47.54,16.12,85.88,61.61,97.49,29.15,19.42,87.36,30.08,88.06,56.52,36.07,87.92,38.47,77.79,45.97,58.69,38.59,55.66
45,28.07,56.6,75.29,52.5,72.47,32.25,36.22,58.0,45.34,27.86,25.46,38.47,67.23,31.05,34.18,64.0,14.14,38.05,73.78,20.59,57.27,82.8,73.78,17.09,63.91,71.39,73.35,32.25,48.41,64.62,86.02,42.8,64.78,90.44,60.83,73.43,16.0,43.27,73.78,92.02,42.52,10.77,5.66,48.41,91.08,0.0,15.23,79.25,38.42,50.12,32.25,32.25,54.41,56.85,64.03,62.29,36.77,92.46,76.24,29.53,64.03,30.15,89.01,79.03,38.47,80.23,10.3,35.01,76.32,38.91,64.5,18.87,73.25,32.39,66.37,37.12
46,36.06,69.66,72.47,47.71,72.8,34.06,45.69,53.85,59.46,32.25,40.0,40.2,59.46,42.19,25.46,71.39,25.61,46.82,72.8,24.33,62.03,80.5,72.8,29.73,75.18,80.99,74.22,34.06,46.82,66.75,88.81,57.69,74.0,93.06,61.61,73.38,6.32,56.64,66.48,88.2,56.64,4.47,20.59,43.27,96.0,15.23,0.0,84.0,52.35,42.43,18.11,26.08,65.3,51.61,74.32,59.06,52.0,89.55,82.39,44.72,58.41,44.91,89.19,86.49,26.83,89.49,25.5,43.01,75.61,54.13,64.56,32.56,70.66,39.05,66.1,46.24
47,51.42,53.25,39.45,51.11,24.41,50.04,45.69,47.2,62.23,52.15,68.0,44.18,62.23,52.8,68.41,19.8,65.97,43.08,30.53,60.13,22.09,37.95,30.53,65.15,40.25,29.12,21.63,50.04,43.08,20.59,12.65,70.77,27.78,16.12,27.78,26.08,78.03,56.64,61.22,49.03,62.29,82.1,76.16,53.67,12.0,79.25,84.0,0.0,61.22,61.77,83.95,63.56,39.7,51.61,34.0,42.52,80.0,44.41,8.25,75.47,52.35,86.95,27.02,16.03,75.89,28.02,76.54,44.92,29.07,78.24,28.43,66.48,38.28,46.87,29.0,44.38
48,26.08,18.97,77.25,64.12,67.23,40.05,20.88,66.75,7.21,34.23,13.42,42.19,82.1,16.0,58.82,41.62,27.2,23.41,71.55,36.06,44.41,82.29,71.55,22.8,30.07,41.23,66.57,40.05,54.59,56.6,72.14,10.77,36.77,76.42,57.27,68.96,50.0,6.0,86.58,94.02,4.47,48.08,32.8,62.0,71.02,38.42,52.35,61.22,0.0,68.26,65.51,53.85,23.41,68.26,32.98,67.91,18.87,92.13,54.92,16.12,74.67,27.66,81.4,53.71,66.48,50.01,29.15,25.5,72.95,17.03,61.74,19.8,75.03,29.07,63.98,22.14
49,42.19,77.79,34.23,10.77,41.23,28.28,49.48,16.12,74.67,34.06,62.29,27.86,17.2,52.35,16.97,59.46,47.07,48.08,38.21,34.53,45.25,42.43,38.21,50.64,75.18,74.03,43.68,28.28,19.8,41.18,60.73,78.03,67.2,64.03,34.0,40.79,36.88,69.05,24.08,47.54,72.44,44.05,52.0,8.49,72.5,50.12,42.43,61.77,68.26,0.0,30.46,17.89,66.21,12.0,71.02,22.09,78.64,50.0,64.4,70.71,17.09,76.92,55.08,71.7,18.97,79.93,56.3,44.38,41.19,79.31,34.18,54.59,33.06,39.81,34.48,48.76
50,43.86,80.92,64.03,38.83,68.03,35.78,53.81,45.12,72.72,37.2,54.63,40.5,46.04,52.5,16.0,75.15,38.47,54.04,66.48,31.11,63.25,72.28,66.48,42.94,83.74,87.13,70.0,35.78,42.05,64.5,86.21,72.5,79.92,90.09,58.14,68.12,16.49,68.82,53.25,78.0,69.97,22.0,36.88,34.53,95.71,32.25,18.11,83.95,65.51,30.46,0.0,20.4,73.76,41.76,81.61,50.99,68.41,80.32,84.12,60.73,47.54,62.39,83.49,89.69,11.66,94.89,41.98,49.82,69.46,70.21,60.0,46.52,62.59,45.0,61.03,53.91
51,28.64,66.24,46.52,21.63,48.37,16.97,37.74,27.78,60.73,20.59,46.04,20.59,34.99,38.63,5.66,55.57,30.07,37.2,47.54,18.11,43.08,54.63,47.54,34.0,66.6,68.41,50.16,16.97,22.09,44.18,66.03,62.8,61.22,70.0,38.0,48.66,20.0,55.71,41.62,62.13,58.24,26.91,34.18,17.2,75.31,32.25,26.08,63.56,53.85,17.89,20.4,0.0,56.85,25.61,63.66,33.11,62.03,63.53,63.91,54.04,32.56,59.44,64.33,69.78,14.14,75.72,38.6,33.02,50.45,63.01,40.2,38.0,44.78,28.02,41.44,37.44
52,30.0,14.56,64.28,58.82,51.42,40.0,20.0,59.23,22.8,36.77,34.06,38.47,76.16,23.41,62.48,20.0,40.5,19.8,56.89,42.8,28.28,67.47,56.89,37.36,10.0,18.11,50.0,40.0,48.08,40.79,51.61,31.62,13.42,55.61,44.05,53.37,61.06,17.89,78.92,79.62,23.32,61.74,49.48,58.31,48.41,54.41,65.3,39.7,23.41,66.21,73.76,56.85,0.0,62.1,10.0,58.31,42.05,76.66,32.56,39.29,67.08,50.96,63.07,30.41,70.94,27.07,47.52,24.04,57.49,39.82,48.17,36.5,62.2,29.0,50.25,19.85
53,42.76,74.97,22.36,4.47,29.73,29.12,48.0,4.47,74.03,35.44,64.56,26.08,14.14,52.35,26.83,52.15,50.99,46.04,26.31,38.47,37.74,30.59,26.31,53.85,70.23,67.23,32.31,29.12,14.14,31.24,49.4,78.64,60.83,52.5,24.08,29.12,45.61,68.0,18.44,36.72,72.11,52.5,57.69,8.49,61.77,56.85,51.61,51.61,68.26,12.0,41.76,25.61,62.1,0.0,65.39,10.2,81.04,38.63,55.17,73.38,7.21,81.02,43.1,62.97,30.59,72.2,61.4,43.01,29.27,81.25,23.32,57.58,21.1,39.2,23.26,47.01
54,38.47,19.8,64.12,62.61,50.04,46.69,28.64,62.03,31.3,44.41,44.05,44.05,79.12,32.98,69.31,16.12,50.0,27.78,56.0,51.11,28.64,66.12,56.0,47.07,6.32,8.25,48.17,46.69,51.88,40.05,46.52,40.25,6.32,50.12,44.72,52.04,69.77,27.2,81.04,78.23,32.31,70.94,59.23,62.77,41.04,64.03,74.32,34.0,32.98,71.02,81.61,63.66,10.0,65.39,0.0,60.17,51.26,74.67,26.08,49.03,69.57,60.64,59.48,22.02,77.79,17.12,57.43,31.91,56.08,48.85,48.37,46.39,62.2,36.62,50.25,28.18
55,43.86,72.03,13.42,12.17,19.7,31.62,47.07,6.0,72.99,37.74,66.21,26.83,20.0,52.5,35.44,45.69,54.41,44.72,16.12,42.52,31.62,21.54,16.12,56.6,65.51,60.93,22.36,31.62,14.42,22.8,39.4,78.59,55.03,42.38,16.12,18.97,52.84,66.75,20.88,29.73,71.39,59.36,62.29,16.49,52.15,62.29,59.06,42.52,67.91,22.09,50.99,33.11,58.31,10.2,60.17,0.0,82.46,30.53,46.86,75.15,10.0,83.86,33.02,55.0,40.2,65.0,65.44,42.45,19.1,82.28,14.14,60.03,11.7,39.56,13.6,45.89
56,38.63,34.23,93.06,76.66,84.4,51.92,37.2,80.32,20.4,45.61,16.49,55.71,94.15,30.53,66.03,60.46,32.0,40.0,88.2,44.18,62.29,98.79,88.2,28.07,47.54,59.46,84.02,51.92,68.35,74.03,90.69,12.0,55.46,95.02,73.78,86.02,51.92,24.17,99.46,110.15,18.97,47.54,31.62,73.76,89.89,36.77,52.0,80.0,18.87,78.64,68.41,62.03,42.05,81.04,51.26,82.46,0.0,108.76,73.78,8.0,87.93,11.7,99.25,72.45,72.44,68.01,26.57,40.82,89.87,3.16,78.23,24.08,90.82,42.95,80.45,38.6
57,71.22,91.21,17.2,42.05,25.3,60.83,71.69,35.78,95.85,66.48,93.23,55.17,38.0,78.23,65.39,58.55,83.45,68.96,20.59,72.25,48.7,10.0,20.59,85.04,80.89,72.03,26.68,60.83,44.05,36.06,33.53,102.86,68.47,33.11,34.99,23.41,83.35,89.55,32.25,5.66,94.85,89.89,92.02,46.52,47.54,92.46,89.55,44.41,92.13,50.0,80.32,63.53,76.66,38.63,74.67,30.53,108.76,0.0,52.15,102.08,32.98,111.83,18.38,60.41,68.96,72.34,94.75,67.96,19.31,108.05,30.53,88.09,19.21,66.4,28.3,70.33
58,48.17,45.61,45.69,54.04,30.46,49.03,41.23,50.91,55.32,50.16,62.77,43.68,66.84,48.08,69.08,13.42,62.51,38.83,36.77,58.14,20.88,45.12,36.77,61.19,32.25,20.88,27.86,49.03,44.94,24.08,20.88,64.03,20.0,24.17,31.11,32.31,76.66,50.0,66.57,56.57,55.61,80.1,72.69,56.04,16.12,76.24,82.39,8.25,54.92,64.4,84.12,63.91,32.56,55.17,26.08,46.86,73.78,52.15,0.0,69.77,56.85,81.39,35.13,8.54,76.97,20.22,72.57,41.3,35.74,71.85,32.8,62.1,44.28,44.01,33.84,40.02
59,31.3,34.23,86.09,68.96,78.1,44.27,31.11,72.8,20.4,37.95,8.94,48.33,86.35,24.08,58.03,56.36,24.0,33.94,81.61,36.22,56.64,92.09,81.61,20.1,46.17,57.27,77.9,44.27,60.93,67.94,85.6,14.42,52.5,90.0,67.2,79.65,44.27,22.09,91.76,103.25,18.11,40.25,24.17,65.97,85.88,29.53,44.72,75.47,16.12,70.71,60.73,54.04,39.29,73.38,49.03,75.15,8.0,102.08,69.77,0.0,80.32,11.7,93.35,69.29,64.5,66.1,19.24,34.21,83.41,9.49,71.61,16.12,83.86,35.85,73.82,32.53
60,49.48,80.4,18.11,11.66,28.84,36.06,54.15,8.0,80.22,42.38,71.47,32.56,10.0,58.86,33.29,55.46,58.14,52.04,24.17,45.65,41.23,26.0,24.17,60.93,74.73,70.68,31.62,36.06,20.1,32.8,48.37,85.16,64.62,50.99,26.08,27.78,52.5,74.11,12.0,30.46,78.41,59.46,64.9,15.62,61.61,64.03,58.41,52.35,74.67,17.09,47.54,32.56,67.08,7.21,69.57,10.0,87.93,32.98,56.85,80.32,0.0,88.14,40.02,65.0,36.06,74.95,68.6,49.25,26.93,88.06,24.08,64.62,17.46,45.71,23.35,53.08
61,40.61,45.0,95.44,76.56,88.41,52.35,42.01,80.95,31.0,46.14,19.21,57.14,93.3,34.83,62.65,67.98,30.08,44.82,91.55,42.72,67.62,101.83,91.55,27.29,57.56,68.88,88.39,52.35,69.46,78.52,96.83,23.35,64.2,101.26,77.23,89.87,46.1,33.54,99.16,112.65,29.07,40.61,26.02,73.16,97.49,30.15,44.91,86.95,27.66,76.92,62.39,59.44,50.96,81.02,60.64,83.86,11.7,111.83,81.39,11.7,88.14,0.0,104.0,80.99,68.07,77.67,21.1,44.55,93.51,14.87,81.57,23.85,93.23,45.45,83.74,43.42
62,64.2,77.47,22.14,45.01,16.55,56.8,62.24,39.01,84.06,61.4,84.86,50.54,48.1,69.3,67.6,43.66,77.94,59.41,17.03,68.43,37.01,15.81,17.03,78.6,65.8,55.73,15.81,56.8,42.45,25.5,15.3,91.84,53.16,14.76,28.18,15.81,82.86,77.94,44.29,23.71,83.49,88.6,87.46,49.09,29.15,89.01,89.19,27.02,81.4,55.08,83.49,64.33,63.07,43.1,59.48,33.02,99.25,18.38,35.13,93.35,40.02,104.0,0.0,43.0,73.06,55.0,89.31,59.46,14.04,98.08,24.7,81.06,22.56,59.2,23.09,60.83
63,51.16,41.77,54.23,61.55,39.0,54.08,43.05,58.8,53.0,54.34,63.06,49.24,75.0,49.37,75.13,15.13,65.0,41.0,45.31,62.17,26.93,53.6,45.31,63.13,27.59,15.0,36.4,54.08,52.01,32.2,28.16,61.91,17.0,30.81,39.05,40.85,81.02,48.3,74.95,64.94,53.71,83.86,75.03,63.25,19.42,79.03,86.49,16.03,53.71,71.7,89.69,69.78,30.41,62.97,22.02,55.0,72.45,60.41,8.54,69.29,65.0,80.99,43.0,0.0,83.24,12.0,74.33,44.1,44.27,70.24,41.05,63.51,52.8,47.52,42.19,42.01
64,42.19,79.92,52.95,28.07,58.14,31.11,51.61,34.23,73.54,34.41,57.27,34.41,34.41,51.88,8.49,69.34,40.79,51.22,56.04,30.46,56.36,61.19,56.04,45.12,80.72,82.46,60.3,31.11,32.98,55.79,76.94,74.73,75.29,80.62,49.03,58.03,22.8,68.88,41.62,66.48,70.94,29.73,42.05,24.0,87.36,38.47,26.83,75.89,66.48,18.97,11.66,14.14,70.94,30.59,77.79,40.2,72.44,68.96,76.97,64.5,36.06,68.07,73.06,83.24,0.0,89.63,47.01,47.01,59.03,73.82,50.36,49.03,51.62,42.01,51.16,51.4
65,53.45,34.89,65.46,70.29,50.29,59.17,44.15,68.24,47.76,58.18,61.13,55.22,84.91,49.37,81.27,20.52,66.1,42.72,56.61,65.55,34.71,65.31,56.61,63.51,20.62,9.0,47.8,59.17,60.14,42.49,40.11,56.65,15.52,42.58,48.88,52.2,84.5,44.15,85.42,76.79,49.04,86.4,75.66,71.45,30.08,80.23,89.49,28.02,50.01,79.93,94.89,75.72,27.07,72.2,17.12,65.0,68.01,72.34,20.22,66.1,74.95,77.67,55.0,12.0,89.63,0.0,74.17,46.49,55.79,65.46,51.43,63.13,63.91,50.7,52.8,43.42
66,25.5,47.85,77.83,56.94,73.01,33.97,31.4,61.85,35.81,28.32,15.81,39.62,73.01,25.02,41.59,59.68,11.4,33.73,75.17,23.02,55.15,84.86,75.17,11.4,56.52,65.19,73.5,33.97,51.09,64.14,84.58,32.65,59.01,89.05,61.4,74.2,25.5,34.44,79.16,94.92,33.02,21.02,5.1,53.24,88.06,10.3,25.5,76.54,29.15,56.3,41.98,38.6,47.52,61.4,57.43,65.44,26.57,94.75,72.57,19.24,68.6,21.1,89.31,74.33,47.01,74.17,0.0,31.62,77.47,28.64,65.44,11.05,75.69,30.41,67.48,32.56
67,7.07,33.62,52.33,39.01,43.93,16.55,5.1,41.3,31.02,12.73,25.5,17.03,57.01,10.3,38.6,29.02,21.21,4.24,47.43,19.24,23.71,57.98,47.43,20.25,33.97,38.08,43.84,16.55,29.15,33.97,53.24,36.14,31.02,57.71,33.02,45.45,38.08,25.02,61.2,69.35,29.15,40.02,31.4,37.34,56.52,35.01,43.01,44.92,25.5,44.38,49.82,33.02,24.04,43.01,31.91,42.45,40.82,67.96,41.3,34.21,49.25,44.55,59.46,44.1,47.01,46.49,31.62,0.0,49.2,40.25,37.44,21.95,50.09,5.0,39.66,4.47
68,53.04,72.03,10.63,31.0,6.08,44.1,52.7,25.08,76.56,49.2,74.65,38.01,35.85,59.41,53.6,40.01,66.07,49.93,3.0,55.76,29.41,10.05,3.0,67.21,62.2,54.23,8.06,44.1,28.79,16.76,22.02,83.65,50.01,24.19,16.28,4.12,69.29,70.26,33.3,22.2,75.58,75.24,75.21,35.06,36.07,76.32,75.61,29.07,72.95,41.19,69.46,50.45,57.49,29.27,56.08,19.1,89.87,19.31,35.74,83.41,26.93,93.51,14.04,44.27,59.03,55.79,77.47,49.2,0.0,89.04,12.04,70.01,10.0,48.1,10.0,51.31
69,38.6,31.4,92.57,76.9,83.49,52.17,36.36,80.36,17.72,45.89,17.03,55.66,94.54,29.97,67.19,58.6,33.14,39.12,87.46,45.01,61.07,98.11,87.46,29.02,44.92,57.01,83.01,52.17,68.31,73.01,89.14,9.06,53.24,93.43,73.06,85.15,53.76,21.95,99.69,109.59,16.55,49.66,33.62,74.15,87.92,38.91,54.13,78.24,17.03,79.31,70.21,63.01,39.82,81.25,48.85,82.28,3.16,108.05,71.85,9.49,88.06,14.87,98.08,70.24,73.82,65.46,28.64,40.25,89.04,0.0,77.52,25.02,90.34,42.72,79.76,37.74
70,41.04,62.51,16.12,23.41,8.25,32.25,41.18,18.87,65.79,37.2,62.8,26.08,34.06,47.71,44.0,32.98,54.04,38.47,10.0,43.91,20.0,20.59,10.0,55.17,54.15,48.08,10.0,32.25,18.11,8.94,26.68,72.5,42.76,30.27,4.47,8.94,58.24,59.46,34.0,32.31,64.62,63.91,63.25,26.68,38.47,64.5,64.56,28.43,61.74,34.18,60.0,40.2,48.17,23.32,48.37,14.14,78.23,30.53,32.8,71.61,24.08,81.57,24.7,41.05,50.36,51.43,65.44,37.44,12.04,77.52,0.0,58.0,14.04,36.12,2.24,39.82
71,16.97,37.74,71.61,53.14,65.12,28.64,20.88,57.27,26.91,22.36,8.25,33.29,70.34,14.14,42.19,49.03,8.25,23.41,67.94,20.1,45.65,78.1,67.94,4.0,45.61,54.15,65.3,28.64,45.65,55.61,75.18,26.0,48.0,79.65,53.74,66.48,30.53,24.41,75.89,88.81,24.08,28.28,13.42,50.0,77.79,18.87,32.56,66.48,19.8,54.59,46.52,38.0,36.5,57.58,46.39,60.03,24.08,88.09,62.1,16.12,64.62,23.85,81.06,63.51,49.03,63.13,11.05,21.95,70.01,25.02,58.0,0.0,69.4,21.93,60.14,22.14
72,52.7,76.53,2.24,23.77,13.89,41.73,54.23,17.46,79.4,47.51,74.95,36.24,25.94,60.37,47.13,46.53,64.44,51.62,7.81,53.08,34.01,9.85,7.81,66.22,68.07,61.39,16.64,41.73,24.84,22.2,32.02,85.8,56.44,34.13,18.25,12.21,64.41,73.08,23.35,19.42,78.11,70.83,72.86,28.16,45.97,73.25,70.66,38.28,75.03,33.06,62.59,44.78,62.2,21.1,62.2,11.7,90.82,19.21,44.28,83.86,17.46,93.23,22.56,52.8,51.62,63.91,75.69,50.09,10.0,90.34,14.04,69.4,0.0,48.02,12.0,52.92
73,5.0,38.48,50.25,35.06,43.19,11.7,9.85,37.85,35.06,7.81,26.93,13.15,53.04,13.15,33.6,32.39,19.31,9.22,46.1,14.87,25.0,56.4,46.1,19.42,38.9,42.49,43.42,11.7,25.71,33.84,54.23,39.46,35.34,58.69,31.83,44.55,33.84,29.27,57.56,67.42,33.0,36.35,29.41,33.06,58.69,32.39,39.05,46.87,29.07,39.81,45.0,28.02,29.0,39.2,36.62,39.56,42.95,66.4,44.01,35.85,45.71,45.45,59.2,47.52,42.01,50.7,30.41,5.0,48.1,42.72,36.12,21.93,48.02,0.0,38.29,9.43
74,43.19,64.63,14.04,23.77,7.0,34.13,43.42,18.79,68.01,39.2,65.0,28.02,33.24,49.93,45.04,34.71,56.08,40.71,7.81,45.79,22.02,18.36,7.81,57.28,56.08,49.73,9.22,34.13,19.42,10.44,26.25,74.73,44.55,29.61,6.71,7.28,59.77,61.68,32.76,30.08,66.85,65.55,65.22,27.29,38.59,66.37,66.1,29.0,63.98,34.48,61.03,41.44,50.25,23.26,50.25,13.6,80.45,28.3,33.84,73.82,23.35,83.74,23.09,42.19,51.16,52.8,67.48,39.66,10.0,79.76,2.24,60.14,12.0,38.29,0.0,42.06
75,10.3,29.15,55.15,43.1,45.8,21.02,1.41,45.1,27.17,17.03,24.21,21.21,61.07,8.6,43.01,27.17,23.02,1.41,49.74,23.02,24.21,60.42,49.74,21.21,29.83,34.79,45.45,21.02,33.02,35.47,53.54,32.89,27.89,57.98,35.36,47.43,41.59,21.02,65.07,72.01,25.5,43.01,33.02,41.59,55.66,37.12,46.24,44.38,22.14,48.76,53.91,37.44,19.85,47.01,28.18,45.89,38.6,70.33,40.02,32.53,53.08,43.42,60.83,42.01,51.4,43.42,32.56,4.47,51.31,37.74,39.82,22.14,52.92,9.43,42.06,0.0
