set K:= 1	2	3	4	5	6	7	8	9	10;
set C_H:= 1	2	3	4	5	6	7	8	9	10	11	12	13	14	15	16	17	18	19	20	21	22;
set C_S:= 23	24	25	26	27	28	29	30	31	32	33	34	35	36	37	38	39	40	41	42;
set C_F:= 43	44	45	46	47	48	49	50	51	52	53	54	55	56	57	58	59	60	61	62;
set M:= 63	64	65	66;
set L_B:= 67	68	69	70	71	72	73	74	75	76;
set A1:=
(0,*) 1 2 3 4 5 6 7 8 9 10 11 12 13 14 15 16 17 18 19 20 21 22 43 44 45 46 47 48 49 50 51 52 53 54 55 56 57 58 59 60 61 62 63 64 65 66 67 68 69 70 71 72 73 74 75 76
(1,*) 0 2 3 4 5 6 7 8 9 10 11 12 13 14 15 16 17 18 19 20 21 22 43 44 45 46 47 48 49 50 51 52 53 54 55 56 57 58 59 60 61 62 63 64 65 66 67 68 69 70 71 72 73 74 75 76
(2,*) 0 1 3 4 5 6 7 8 9 10 11 12 13 14 15 16 17 18 19 20 21 22 43 44 45 46 47 48 49 50 51 52 53 54 55 56 57 58 59 60 61 62 63 64 65 66 67 68 69 70 71 72 73 74 75 76
(3,*) 0 1 2 4 5 6 7 8 9 10 11 12 13 14 15 16 17 18 19 20 21 22 43 44 45 46 47 48 49 50 51 52 53 54 55 56 57 58 59 60 61 62 63 64 65 66 67 68 69 70 71 72 73 74 75 76
(4,*) 0 1 2 3 5 6 7 8 9 10 11 12 13 14 15 16 17 18 19 20 21 22 43 44 45 46 47 48 49 50 51 52 53 54 55 56 57 58 59 60 61 62 63 64 65 66 67 68 69 70 71 72 73 74 75 76
(5,*) 0 1 2 3 4 6 7 8 9 10 11 12 13 14 15 16 17 18 19 20 21 22 43 44 45 46 47 48 49 50 51 52 53 54 55 56 57 58 59 60 61 62 63 64 65 66 67 68 69 70 71 72 73 74 75 76
(6,*) 0 1 2 3 4 5 7 8 9 10 11 12 13 14 15 16 17 18 19 20 21 22 43 44 45 46 47 48 49 50 51 52 53 54 55 56 57 58 59 60 61 62 63 64 65 66 67 68 69 70 71 72 73 74 75 76
(7,*) 0 1 2 3 4 5 6 8 9 10 11 12 13 14 15 16 17 18 19 20 21 22 43 44 45 46 47 48 49 50 51 52 53 54 55 56 57 58 59 60 61 62 63 64 65 66 67 68 69 70 71 72 73 74 75 76
(8,*) 0 1 2 3 4 5 6 7 9 10 11 12 13 14 15 16 17 18 19 20 21 22 43 44 45 46 47 48 49 50 51 52 53 54 55 56 57 58 59 60 61 62 63 64 65 66 67 68 69 70 71 72 73 74 75 76
(9,*) 0 1 2 3 4 5 6 7 8 10 11 12 13 14 15 16 17 18 19 20 21 22 43 44 45 46 47 48 49 50 51 52 53 54 55 56 57 58 59 60 61 62 63 64 65 66 67 68 69 70 71 72 73 74 75 76
(10,*) 0 1 2 3 4 5 6 7 8 9 11 12 13 14 15 16 17 18 19 20 21 22 43 44 45 46 47 48 49 50 51 52 53 54 55 56 57 58 59 60 61 62 63 64 65 66 67 68 69 70 71 72 73 74 75 76
(11,*) 0 1 2 3 4 5 6 7 8 9 10 12 13 14 15 16 17 18 19 20 21 22 43 44 45 46 47 48 49 50 51 52 53 54 55 56 57 58 59 60 61 62 63 64 65 66 67 68 69 70 71 72 73 74 75 76
(12,*) 0 1 2 3 4 5 6 7 8 9 10 11 13 14 15 16 17 18 19 20 21 22 43 44 45 46 47 48 49 50 51 52 53 54 55 56 57 58 59 60 61 62 63 64 65 66 67 68 69 70 71 72 73 74 75 76
(13,*) 0 1 2 3 4 5 6 7 8 9 10 11 12 14 15 16 17 18 19 20 21 22 43 44 45 46 47 48 49 50 51 52 53 54 55 56 57 58 59 60 61 62 63 64 65 66 67 68 69 70 71 72 73 74 75 76
(14,*) 0 1 2 3 4 5 6 7 8 9 10 11 12 13 15 16 17 18 19 20 21 22 43 44 45 46 47 48 49 50 51 52 53 54 55 56 57 58 59 60 61 62 63 64 65 66 67 68 69 70 71 72 73 74 75 76
(15,*) 0 1 2 3 4 5 6 7 8 9 10 11 12 13 14 16 17 18 19 20 21 22 43 44 45 46 47 48 49 50 51 52 53 54 55 56 57 58 59 60 61 62 63 64 65 66 67 68 69 70 71 72 73 74 75 76
(16,*) 0 1 2 3 4 5 6 7 8 9 10 11 12 13 14 15 17 18 19 20 21 22 43 44 45 46 47 48 49 50 51 52 53 54 55 56 57 58 59 60 61 62 63 64 65 66 67 68 69 70 71 72 73 74 75 76
(17,*) 0 1 2 3 4 5 6 7 8 9 10 11 12 13 14 15 16 18 19 20 21 22 43 44 45 46 47 48 49 50 51 52 53 54 55 56 57 58 59 60 61 62 63 64 65 66 67 68 69 70 71 72 73 74 75 76
(18,*) 0 1 2 3 4 5 6 7 8 9 10 11 12 13 14 15 16 17 19 20 21 22 43 44 45 46 47 48 49 50 51 52 53 54 55 56 57 58 59 60 61 62 63 64 65 66 67 68 69 70 71 72 73 74 75 76
(19,*) 0 1 2 3 4 5 6 7 8 9 10 11 12 13 14 15 16 17 18 20 21 22 43 44 45 46 47 48 49 50 51 52 53 54 55 56 57 58 59 60 61 62 63 64 65 66 67 68 69 70 71 72 73 74 75 76
(20,*) 0 1 2 3 4 5 6 7 8 9 10 11 12 13 14 15 16 17 18 19 21 22 43 44 45 46 47 48 49 50 51 52 53 54 55 56 57 58 59 60 61 62 63 64 65 66 67 68 69 70 71 72 73 74 75 76
(21,*) 0 1 2 3 4 5 6 7 8 9 10 11 12 13 14 15 16 17 18 19 20 22 43 44 45 46 47 48 49 50 51 52 53 54 55 56 57 58 59 60 61 62 63 64 65 66 67 68 69 70 71 72 73 74 75 76
(22,*) 0 1 2 3 4 5 6 7 8 9 10 11 12 13 14 15 16 17 18 19 20 21 43 44 45 46 47 48 49 50 51 52 53 54 55 56 57 58 59 60 61 62 63 64 65 66 67 68 69 70 71 72 73 74 75 76
(43,*) 0 1 2 3 4 5 6 7 8 9 10 11 12 13 14 15 16 17 18 19 20 21 22 44 45 46 47 48 49 50 51 52 53 54 55 56 57 58 59 60 61 62 63 64 65 66 67 68 69 70 71 72 73 74 75 76
(44,*) 0 1 2 3 4 5 6 7 8 9 10 11 12 13 14 15 16 17 18 19 20 21 22 43 45 46 47 48 49 50 51 52 53 54 55 56 57 58 59 60 61 62 63 64 65 66 67 68 69 70 71 72 73 74 75 76
(45,*) 0 1 2 3 4 5 6 7 8 9 10 11 12 13 14 15 16 17 18 19 20 21 22 43 44 46 47 48 49 50 51 52 53 54 55 56 57 58 59 60 61 62 63 64 65 66 67 68 69 70 71 72 73 74 75 76
(46,*) 0 1 2 3 4 5 6 7 8 9 10 11 12 13 14 15 16 17 18 19 20 21 22 43 44 45 47 48 49 50 51 52 53 54 55 56 57 58 59 60 61 62 63 64 65 66 67 68 69 70 71 72 73 74 75 76
(47,*) 0 1 2 3 4 5 6 7 8 9 10 11 12 13 14 15 16 17 18 19 20 21 22 43 44 45 46 48 49 50 51 52 53 54 55 56 57 58 59 60 61 62 63 64 65 66 67 68 69 70 71 72 73 74 75 76
(48,*) 0 1 2 3 4 5 6 7 8 9 10 11 12 13 14 15 16 17 18 19 20 21 22 43 44 45 46 47 49 50 51 52 53 54 55 56 57 58 59 60 61 62 63 64 65 66 67 68 69 70 71 72 73 74 75 76
(49,*) 0 1 2 3 4 5 6 7 8 9 10 11 12 13 14 15 16 17 18 19 20 21 22 43 44 45 46 47 48 50 51 52 53 54 55 56 57 58 59 60 61 62 63 64 65 66 67 68 69 70 71 72 73 74 75 76
(50,*) 0 1 2 3 4 5 6 7 8 9 10 11 12 13 14 15 16 17 18 19 20 21 22 43 44 45 46 47 48 49 51 52 53 54 55 56 57 58 59 60 61 62 63 64 65 66 67 68 69 70 71 72 73 74 75 76
(51,*) 0 1 2 3 4 5 6 7 8 9 10 11 12 13 14 15 16 17 18 19 20 21 22 43 44 45 46 47 48 49 50 52 53 54 55 56 57 58 59 60 61 62 63 64 65 66 67 68 69 70 71 72 73 74 75 76
(52,*) 0 1 2 3 4 5 6 7 8 9 10 11 12 13 14 15 16 17 18 19 20 21 22 43 44 45 46 47 48 49 50 51 53 54 55 56 57 58 59 60 61 62 63 64 65 66 67 68 69 70 71 72 73 74 75 76
(53,*) 0 1 2 3 4 5 6 7 8 9 10 11 12 13 14 15 16 17 18 19 20 21 22 43 44 45 46 47 48 49 50 51 52 54 55 56 57 58 59 60 61 62 63 64 65 66 67 68 69 70 71 72 73 74 75 76
(54,*) 0 1 2 3 4 5 6 7 8 9 10 11 12 13 14 15 16 17 18 19 20 21 22 43 44 45 46 47 48 49 50 51 52 53 55 56 57 58 59 60 61 62 63 64 65 66 67 68 69 70 71 72 73 74 75 76
(55,*) 0 1 2 3 4 5 6 7 8 9 10 11 12 13 14 15 16 17 18 19 20 21 22 43 44 45 46 47 48 49 50 51 52 53 54 56 57 58 59 60 61 62 63 64 65 66 67 68 69 70 71 72 73 74 75 76
(56,*) 0 1 2 3 4 5 6 7 8 9 10 11 12 13 14 15 16 17 18 19 20 21 22 43 44 45 46 47 48 49 50 51 52 53 54 55 57 58 59 60 61 62 63 64 65 66 67 68 69 70 71 72 73 74 75 76
(57,*) 0 1 2 3 4 5 6 7 8 9 10 11 12 13 14 15 16 17 18 19 20 21 22 43 44 45 46 47 48 49 50 51 52 53 54 55 56 58 59 60 61 62 63 64 65 66 67 68 69 70 71 72 73 74 75 76
(58,*) 0 1 2 3 4 5 6 7 8 9 10 11 12 13 14 15 16 17 18 19 20 21 22 43 44 45 46 47 48 49 50 51 52 53 54 55 56 57 59 60 61 62 63 64 65 66 67 68 69 70 71 72 73 74 75 76
(59,*) 0 1 2 3 4 5 6 7 8 9 10 11 12 13 14 15 16 17 18 19 20 21 22 43 44 45 46 47 48 49 50 51 52 53 54 55 56 57 58 60 61 62 63 64 65 66 67 68 69 70 71 72 73 74 75 76
(60,*) 0 1 2 3 4 5 6 7 8 9 10 11 12 13 14 15 16 17 18 19 20 21 22 43 44 45 46 47 48 49 50 51 52 53 54 55 56 57 58 59 61 62 63 64 65 66 67 68 69 70 71 72 73 74 75 76
(61,*) 0 1 2 3 4 5 6 7 8 9 10 11 12 13 14 15 16 17 18 19 20 21 22 43 44 45 46 47 48 49 50 51 52 53 54 55 56 57 58 59 60 62 63 64 65 66 67 68 69 70 71 72 73 74 75 76
(62,*) 0 1 2 3 4 5 6 7 8 9 10 11 12 13 14 15 16 17 18 19 20 21 22 43 44 45 46 47 48 49 50 51 52 53 54 55 56 57 58 59 60 61 63 64 65 66 67 68 69 70 71 72 73 74 75 76
(63,*) 0 1 2 3 4 5 6 7 8 9 10 11 12 13 14 15 16 17 18 19 20 21 22 43 44 45 46 47 48 49 50 51 52 53 54 55 56 57 58 59 60 61 62 64 65 66 67 68 69 70 71 72 73 74 75 76
(64,*) 0 1 2 3 4 5 6 7 8 9 10 11 12 13 14 15 16 17 18 19 20 21 22 43 44 45 46 47 48 49 50 51 52 53 54 55 56 57 58 59 60 61 62 63 65 66 67 68 69 70 71 72 73 74 75 76
(65,*) 0 1 2 3 4 5 6 7 8 9 10 11 12 13 14 15 16 17 18 19 20 21 22 43 44 45 46 47 48 49 50 51 52 53 54 55 56 57 58 59 60 61 62 63 64 66 67 68 69 70 71 72 73 74 75 76
(66,*) 0 1 2 3 4 5 6 7 8 9 10 11 12 13 14 15 16 17 18 19 20 21 22 43 44 45 46 47 48 49 50 51 52 53 54 55 56 57 58 59 60 61 62 63 64 65 67 68 69 70 71 72 73 74 75 76
(67,*) 0 1 2 3 4 5 6 7 8 9 10 11 12 13 14 15 16 17 18 19 20 21 22 43 44 45 46 47 48 49 50 51 52 53 54 55 56 57 58 59 60 61 62 63 64 65 66 68 69 70 71 72 73 74 75 76
(68,*) 0 1 2 3 4 5 6 7 8 9 10 11 12 13 14 15 16 17 18 19 20 21 22 43 44 45 46 47 48 49 50 51 52 53 54 55 56 57 58 59 60 61 62 63 64 65 66 67 69 70 71 72 73 74 75 76
(69,*) 0 1 2 3 4 5 6 7 8 9 10 11 12 13 14 15 16 17 18 19 20 21 22 43 44 45 46 47 48 49 50 51 52 53 54 55 56 57 58 59 60 61 62 63 64 65 66 67 68 70 71 72 73 74 75 76
(70,*) 0 1 2 3 4 5 6 7 8 9 10 11 12 13 14 15 16 17 18 19 20 21 22 43 44 45 46 47 48 49 50 51 52 53 54 55 56 57 58 59 60 61 62 63 64 65 66 67 68 69 71 72 73 74 75 76
(71,*) 0 1 2 3 4 5 6 7 8 9 10 11 12 13 14 15 16 17 18 19 20 21 22 43 44 45 46 47 48 49 50 51 52 53 54 55 56 57 58 59 60 61 62 63 64 65 66 67 68 69 70 72 73 74 75 76
(72,*) 0 1 2 3 4 5 6 7 8 9 10 11 12 13 14 15 16 17 18 19 20 21 22 43 44 45 46 47 48 49 50 51 52 53 54 55 56 57 58 59 60 61 62 63 64 65 66 67 68 69 70 71 73 74 75 76
(73,*) 0 1 2 3 4 5 6 7 8 9 10 11 12 13 14 15 16 17 18 19 20 21 22 43 44 45 46 47 48 49 50 51 52 53 54 55 56 57 58 59 60 61 62 63 64 65 66 67 68 69 70 71 72 74 75 76
(74,*) 0 1 2 3 4 5 6 7 8 9 10 11 12 13 14 15 16 17 18 19 20 21 22 43 44 45 46 47 48 49 50 51 52 53 54 55 56 57 58 59 60 61 62 63 64 65 66 67 68 69 70 71 72 73 75 76
(75,*) 0 1 2 3 4 5 6 7 8 9 10 11 12 13 14 15 16 17 18 19 20 21 22 43 44 45 46 47 48 49 50 51 52 53 54 55 56 57 58 59 60 61 62 63 64 65 66 67 68 69 70 71 72 73 74 76
(76,*) 0 1 2 3 4 5 6 7 8 9 10 11 12 13 14 15 16 17 18 19 20 21 22 43 44 45 46 47 48 49 50 51 52 53 54 55 56 57 58 59 60 61 62 63 64 65 66 67 68 69 70 71 72 73 74 75
;
set A2:=
(63,*) 64
(64,*) 63
(65,*) 66
(66,*) 65
;
param BigM:=99999;
param n:= 10;
param d:=
1	16
2	22
3	2
4	25
5	21
6	5
7	21
8	26
9	16
10	6
11	11
12	1
13	10
14	7
15	6
16	10
17	25
18	25
19	16
20	5
21	17
22	6
23	11
24	17
25	1
26	20
27	20
28	12
29	11
30	21
31	17
32	12
33	12
34	17
35	12
36	22
37	16
38	2
39	6
40	63
41	21
42	17
43	20
44	26
45	17
46	5
47	15
48	22
49	26
50	5
51	12
52	15
53	2
54	16
55	15
56	21
57	2
58	10
59	1
60	26
61	25
62	22
;
param Q:=100;
param w:=
[63,*] 64 0.5
[64,*] 63 0.5
[65,*] 66 0.5
[66,*] 65 0.5
;
param V:=
[63,*] 64 96
[64,*] 63 96
[65,*] 66 95
[66,*] 65 95
;
param e:
	63	64	65	66	67	68	69	70	71	72	73	74	75	76:=
23	1	0	0	0	0	0	0	0	0	0	0	0	1	0	
24	0	0	0	1	0	0	0	0	0	0	1	0	0	0	
25	0	1	1	0	0	0	1	0	0	0	0	0	0	0	
26	0	0	0	1	1	0	0	0	0	0	0	0	0	0	
27	1	0	0	0	1	0	1	0	1	0	0	0	1	1	
28	1	0	0	0	1	0	1	0	1	0	0	0	1	0	
29	0	0	1	0	0	1	0	0	0	0	0	1	0	1	
30	0	1	0	0	0	0	0	0	0	1	0	0	0	0	
31	0	1	0	1	0	0	0	0	0	1	0	0	0	0	
32	0	0	1	0	0	0	0	1	0	0	0	1	0	0	
33	0	1	1	0	0	0	0	0	0	0	0	1	0	0	
34	0	0	1	0	1	0	0	0	0	0	0	0	0	0	
35	0	1	1	0	0	0	0	0	0	1	0	0	0	0	
36	1	0	0	1	0	0	0	0	0	0	1	0	0	0	
37	0	1	1	0	0	0	0	0	0	1	0	0	0	0	
38	1	0	0	0	0	0	0	0	0	0	0	0	1	0	
39	0	0	1	0	0	0	0	0	0	0	0	0	1	0	
40	0	0	0	1	0	0	0	1	0	0	0	0	0	0	
41	0	1	1	0	0	1	0	0	0	0	0	1	0	1	
42	1	0	0	0	1	0	1	0	1	0	0	0	1	1	
43	0	0	0	1	1	0	0	0	0	0	1	0	0	0	
44	1	0	0	1	0	0	0	0	1	0	0	0	1	0	
45	0	1	1	0	1	0	0	0	0	0	0	0	0	0	
46	1	0	1	0	1	0	1	0	1	0	0	0	1	0	
47	0	0	0	1	0	0	0	0	0	0	1	0	0	0	
48	1	0	0	1	0	0	0	0	0	0	1	0	0	0	
49	0	0	1	0	0	1	1	1	0	0	0	1	0	1	
50	0	1	0	1	0	1	1	1	0	0	0	1	0	1	
51	0	1	0	0	0	1	0	1	0	1	0	1	0	1	
52	0	0	1	0	0	1	0	0	0	0	0	1	0	0	
53	0	1	1	0	0	1	1	1	1	0	0	1	0	1	
54	0	1	1	0	0	1	0	1	0	1	0	1	0	1	
55	0	1	0	0	0	1	0	0	0	0	0	0	0	0	
56	0	1	0	1	0	0	0	0	0	0	0	1	0	0	
57	0	0	0	1	1	0	0	0	1	0	1	0	0	0	
58	0	0	1	0	0	0	0	0	0	0	1	0	0	0	
59	0	1	1	0	0	1	0	1	0	0	0	1	0	1	
60	0	0	1	0	1	0	0	0	0	0	0	0	0	0	
61	0	1	1	0	0	1	1	1	1	0	0	1	0	1	
62	0	1	0	1	0	0	0	1	0	0	0	0	0	0	
;
param p:=
1	3
2	3
3	3
4	3
5	3
6	3
7	3
8	3
9	3
10	3
;
param G:=
63	94
64	96
65	81
66	95
67	76
68	76
69	96
70	72
71	79
72	86
73	84
74	72
75	88
76	70
;
param s:=
0	0
1	10
2	10
3	10
4	10
5	10
6	10
7	10
8	10
9	10
10	10
11	10
12	10
13	10
14	10
15	10
16	10
17	10
18	10
19	10
20	10
21	10
22	10
43	10
44	10
45	10
46	10
47	10
48	10
49	10
50	10
51	10
52	10
53	10
54	10
55	10
56	10
57	10
58	10
59	10
60	10
61	10
62	10
63	10
64	10
65	10
66	10
67	10
68	10
69	10
70	10
71	10
72	10
73	10
74	10
75	10
76	10
;
param t:
	0	1	2	3	4	5	6	7	8	9	10	11	12	13	14	15	16	17	18	19	20	21	22	23	24	25	26	27	28	29	30	31	32	33	34	35	36	37	38	39	40	41	42	43	44	45	46	47	48	49	50	51	52	53	54	55	56	57	58	59	60	61	62	63	64	65	66	67	68	69	70	71	72	73	74	75	76:=
0	0.0	79.85	35.51	61.61	24.84	54.49	54.56	85.7	82.76	6.71	73.05	52.17	59.01	55.9	40.31	51.01	46.75	72.8	41.68	56.14	34.99	44.41	20.62	63.06	93.6	40.31	54.23	34.37	39.2	14.87	57.14	48.88	25.96	29.68	15.0	63.06	84.39	24.08	61.01	23.71	54.92	5.1	44.01	76.16	62.82	20.88	45.12	81.39	81.86	15.81	43.27	42.38	24.21	25.81	35.0	48.02	57.31	68.31	28.02	20.88	9.06	26.4	56.4	65.25	55.54	17.03	78.75	54.57	29.15	32.89	30.87	48.84	57.04	80.99	21.38	45.0	23.6
1	79.85	0.0	65.86	92.97	94.05	34.71	59.51	28.79	59.55	86.54	54.23	87.56	32.65	87.64	42.2	77.88	43.29	67.2	95.19	74.67	65.12	48.37	79.63	19.1	26.02	54.23	25.63	47.17	48.8	86.12	75.03	50.45	54.13	90.14	93.92	95.19	26.93	101.92	31.78	56.3	46.82	84.15	35.85	4.0	46.84	97.02	50.0	28.65	5.0	70.61	50.36	60.83	94.2	55.08	74.17	99.61	37.0	12.73	104.45	80.62	84.53	54.82	42.72	48.27	90.25	89.05	25.24	27.02	77.01	47.01	61.03	33.42	76.9	15.23	70.58	41.73	61.0
2	35.51	65.86	0.0	90.43	60.22	56.89	19.65	83.26	94.13	39.4	39.32	81.12	35.23	84.12	26.0	76.56	54.01	89.56	75.01	79.38	1.0	55.15	52.4	46.75	87.46	54.92	44.72	24.33	17.49	50.0	80.32	61.2	26.48	63.66	48.85	92.28	81.44	57.94	36.89	31.32	65.0	40.31	36.69	63.25	31.26	55.9	16.64	79.85	69.66	42.2	55.33	61.13	59.64	35.17	61.77	81.39	61.66	53.15	46.17	53.08	32.57	36.14	64.12	33.06	84.72	52.43	76.16	39.41	58.25	30.02	49.98	33.29	80.99	73.57	47.71	24.21	41.23
3	61.61	92.97	90.43	0.0	44.28	58.69	105.0	78.06	51.24	63.51	118.09	9.49	93.86	6.4	77.08	15.81	51.48	35.44	25.0	18.44	89.55	46.65	41.0	86.95	89.09	42.2	74.95	73.0	83.1	49.16	18.25	42.95	65.8	35.06	60.01	2.24	78.16	58.86	95.43	60.22	46.17	59.68	70.43	89.2	106.07	54.33	90.91	74.17	91.48	48.85	44.94	34.41	45.28	57.01	28.65	21.95	55.97	88.1	83.02	40.79	70.21	56.22	50.29	108.89	6.08	49.01	74.55	81.84	32.89	66.53	41.87	80.28	16.28	83.55	42.95	84.15	49.65
4	24.84	94.05	60.22	44.28	0.0	62.63	78.89	92.57	79.98	23.02	96.66	35.9	79.43	40.02	60.02	39.36	53.49	66.61	20.1	46.14	59.64	49.24	14.56	80.0	102.16	43.38	69.18	54.13	61.35	10.3	47.01	51.11	44.91	9.49	16.49	45.1	91.71	14.87	81.39	40.31	57.45	20.52	60.0	90.09	85.8	10.05	68.15	88.1	94.92	24.02	47.42	40.8	1.0	40.01	26.87	25.71	63.56	84.15	39.12	13.6	30.81	40.0	60.42	88.39	38.47	7.81	86.41	72.06	20.62	50.25	34.18	67.36	46.07	91.39	23.54	65.97	33.14
5	54.49	34.71	56.89	58.69	62.63	0.0	61.66	31.24	38.33	60.96	67.54	52.89	40.71	53.14	32.0	43.32	9.22	38.59	61.01	40.71	55.9	14.04	48.1	29.7	39.82	20.1	18.87	32.56	41.01	56.36	41.18	15.81	33.54	57.27	66.29	60.93	30.0	72.95	41.68	32.2	13.45	57.63	21.02	30.81	56.08	67.54	47.17	26.91	34.06	41.34	16.03	26.17	62.97	29.07	40.05	65.12	5.1	29.68	82.07	49.04	61.62	28.32	10.0	58.69	55.66	59.03	24.41	27.29	43.74	27.51	28.46	29.12	42.94	28.86	39.4	37.34	31.62
6	54.56	59.51	19.65	105.0	78.89	61.66	0.0	82.38	99.98	58.87	20.0	96.05	26.93	98.6	30.36	90.14	61.68	98.37	92.2	91.79	19.92	64.26	69.66	41.76	84.12	65.74	45.01	32.65	22.36	68.6	92.66	70.23	39.2	81.4	68.35	107.0	80.41	77.49	27.73	44.82	72.53	59.51	40.79	57.94	15.0	75.24	14.87	79.76	64.08	58.8	65.0	72.95	78.39	48.01	76.69	98.49	66.75	47.76	65.01	70.43	52.2	48.83	70.61	15.65	99.64	71.2	75.8	37.22	74.25	39.36	63.25	33.02	93.65	70.6	63.64	24.33	55.44
7	85.7	28.79	83.26	78.06	92.57	31.24	82.38	0.0	34.13	92.2	81.15	75.24	56.22	74.03	57.27	65.28	39.66	45.88	87.56	60.01	82.35	43.42	78.29	41.11	11.05	49.19	38.63	60.03	65.92	87.13	60.0	41.79	63.41	86.16	97.42	80.1	2.0	103.77	56.08	62.97	35.74	88.87	47.01	27.66	72.06	98.27	69.92	4.47	24.17	72.42	45.18	52.81	93.02	60.11	67.68	90.43	29.15	36.01	113.14	79.18	92.63	59.41	32.31	74.01	77.06	89.69	7.21	45.35	72.62	56.61	58.67	50.6	62.0	13.6	69.97	60.08	62.8
8	82.76	59.55	94.13	51.24	79.98	38.33	99.98	34.13	0.0	88.12	104.68	51.88	77.79	49.24	70.18	43.27	40.2	15.81	68.24	36.36	93.13	40.02	68.01	64.47	44.28	42.72	56.04	70.01	79.1	78.24	35.85	34.48	68.73	71.42	90.14	52.89	35.23	93.86	78.43	65.51	29.43	84.12	59.3	57.01	93.68	88.24	85.48	32.02	55.87	67.08	40.52	40.82	80.72	61.61	53.15	68.96	33.24	61.77	110.48	68.6	91.39	60.64	30.02	96.17	52.39	80.0	34.66	64.56	59.67	64.12	51.89	67.27	37.59	45.28	62.27	75.66	59.81
9	6.71	86.54	39.4	63.51	23.02	60.96	58.87	92.2	88.12	0.0	77.88	54.23	65.12	58.14	46.69	54.23	53.04	77.49	41.79	59.84	39.0	50.45	23.02	69.64	100.21	46.04	60.93	40.79	45.01	14.56	60.83	54.64	32.57	29.73	9.49	64.78	90.91	18.68	67.12	30.41	60.8	4.12	50.7	82.86	68.07	16.64	50.49	87.86	88.57	21.1	49.2	47.42	22.2	32.45	38.47	47.93	63.64	74.95	22.36	23.0	7.81	33.02	62.48	70.41	57.43	15.65	85.28	61.13	32.14	39.56	36.36	55.32	60.53	87.66	26.0	51.09	29.73
10	73.05	54.23	39.32	118.09	96.66	67.54	20.0	81.15	104.68	77.88	0.0	109.66	26.93	111.72	41.01	102.59	70.18	106.0	108.17	103.08	39.46	73.82	86.09	40.79	80.22	76.69	48.85	45.45	36.06	86.41	103.86	79.32	53.82	98.11	87.36	120.21	79.16	96.57	26.25	59.41	80.13	78.11	48.83	54.01	12.04	93.92	28.65	79.51	59.21	74.95	75.0	84.39	96.25	61.85	90.79	114.28	72.5	45.18	85.01	86.95	71.59	62.48	77.37	9.22	113.17	89.16	75.54	40.31	89.4	51.66	76.42	39.12	105.12	68.01	79.06	33.94	69.81
11	52.17	87.56	81.12	9.49	35.9	52.89	96.05	75.24	51.88	54.23	109.66	0.0	86.02	4.12	68.68	10.0	44.94	36.36	18.03	15.81	80.26	39.92	31.58	80.06	86.15	34.89	67.98	64.35	74.33	40.01	16.16	37.11	56.85	26.48	51.16	11.18	75.11	50.7	87.66	51.22	41.3	50.36	62.68	83.68	97.67	45.89	82.13	71.11	86.49	39.4	38.08	27.31	36.88	48.17	19.42	17.2	50.8	81.71	74.17	31.4	60.83	47.42	45.4	100.5	3.61	40.05	71.0	74.43	23.41	58.0	33.24	72.42	14.32	79.31	33.54	75.74	40.61
12	59.01	32.65	35.23	93.86	79.43	40.71	26.93	56.22	77.79	65.12	26.93	86.02	0.0	87.62	19.42	78.1	44.05	79.26	87.32	77.78	34.67	48.1	66.76	15.13	57.28	51.74	21.93	25.32	20.62	69.72	78.49	53.26	34.53	78.75	74.01	96.05	54.23	83.01	2.0	39.29	53.54	64.0	23.43	31.02	16.12	79.16	18.6	54.01	37.16	55.79	49.5	59.55	79.25	40.5	68.1	93.04	45.62	20.88	78.75	67.72	60.83	40.85	50.61	18.44	89.4	72.69	50.01	13.42	68.03	29.73	53.34	13.6	79.91	43.93	58.52	14.04	48.47
13	55.9	87.64	84.12	6.4	40.02	53.14	98.6	74.03	49.24	58.14	111.72	4.12	87.62	0.0	70.71	9.85	45.62	33.54	21.95	14.04	83.24	40.71	35.36	81.01	85.01	36.06	68.96	66.6	76.69	44.0	14.14	37.34	59.41	30.59	55.23	8.49	74.0	54.82	89.2	53.82	41.0	54.23	64.2	83.82	99.7	50.01	84.5	70.0	86.35	42.72	38.95	28.3	41.0	50.61	22.36	20.52	50.7	82.35	78.23	35.23	64.63	49.82	45.12	102.53	3.16	44.1	70.11	75.72	26.93	60.14	35.47	74.03	12.17	78.77	36.77	77.78	43.27
14	40.31	42.2	26.0	77.08	60.02	32.0	30.36	57.27	70.18	46.69	41.01	68.68	19.42	70.71	0.0	61.62	31.32	68.01	68.43	62.43	25.08	34.01	47.43	23.71	61.85	36.06	18.87	6.0	9.06	50.36	63.25	39.92	15.13	59.46	55.23	79.2	55.46	64.07	21.38	19.92	42.2	45.18	11.05	39.05	29.0	60.01	15.52	53.85	45.34	36.4	34.89	43.6	59.84	21.47	50.0	74.3	37.01	29.68	62.61	48.38	43.32	21.95	40.45	31.83	72.18	53.34	50.16	15.26	49.24	10.82	35.47	8.94	64.4	48.01	39.4	7.07	29.53
15	51.01	77.88	76.56	15.81	39.36	43.32	90.14	65.28	43.27	54.23	102.59	10.0	78.1	9.85	61.62	0.0	35.78	28.32	25.0	7.07	75.64	30.89	31.26	71.2	76.16	26.4	59.17	57.8	68.01	41.0	7.81	27.51	51.11	30.02	52.89	18.03	65.12	54.13	79.65	45.65	31.4	50.16	54.67	74.04	90.55	48.85	75.8	61.13	76.69	36.5	29.15	18.6	40.25	42.19	16.03	26.0	41.0	72.5	75.5	31.4	60.0	41.34	35.51	93.38	12.37	41.76	61.0	66.03	22.09	51.22	26.93	64.54	6.71	69.35	30.41	68.68	35.34
16	46.75	43.29	54.01	51.48	53.49	9.22	61.68	39.66	40.2	53.04	70.18	44.94	44.05	45.62	31.32	35.78	0.0	36.69	52.01	34.21	53.01	5.1	39.0	35.51	48.75	11.0	23.6	30.15	39.81	47.51	34.83	9.22	28.64	48.05	57.8	53.71	38.59	64.14	45.34	26.0	11.05	49.52	21.47	39.32	58.31	58.67	46.84	35.23	43.0	32.8	7.07	17.72	53.85	22.36	31.0	56.32	10.63	36.77	74.65	39.92	54.41	21.47	10.44	61.06	47.93	50.12	33.12	31.11	34.53	24.0	19.31	31.06	36.4	38.08	30.41	37.7	23.35
17	72.8	67.2	89.56	35.44	66.61	38.59	98.37	45.88	15.81	77.49	106.0	36.36	79.26	33.54	68.01	28.32	36.69	0.0	53.26	21.26	88.57	34.53	55.9	67.8	56.75	35.0	57.45	66.49	76.4	66.19	20.62	28.44	63.2	57.63	78.26	37.11	46.49	80.99	80.26	59.01	26.0	73.39	57.94	64.03	94.37	75.47	83.52	42.72	64.35	57.01	34.23	30.59	67.42	55.01	40.31	53.54	33.84	66.53	99.72	56.36	81.74	54.01	28.65	97.05	36.67	67.6	44.28	65.86	47.01	60.02	42.58	67.12	22.2	54.59	51.55	74.33	51.35
18	41.68	95.19	75.01	25.0	20.1	61.01	92.2	87.56	68.24	41.79	108.17	18.03	87.32	21.95	68.43	25.0	52.01	53.26	0.0	32.02	74.28	47.0	22.63	84.4	98.06	41.01	72.57	63.13	72.11	27.31	32.65	46.39	54.38	12.08	36.5	25.5	87.1	34.13	89.16	48.88	51.97	38.48	65.15	91.2	96.57	30.02	79.63	83.2	95.01	33.42	45.0	35.23	21.1	46.96	21.02	6.4	60.3	87.3	59.21	21.93	49.24	46.52	55.73	99.32	19.7	26.25	82.38	77.49	19.31	57.7	34.93	74.09	31.14	89.36	29.15	75.18	38.91
19	56.14	74.67	79.38	18.44	46.14	40.71	91.79	60.01	36.36	59.84	103.08	15.81	77.78	14.04	62.43	7.07	34.21	21.26	32.02	0.0	78.43	29.73	37.11	69.63	71.0	26.4	57.8	59.17	69.46	47.13	1.0	25.24	53.31	36.89	59.14	20.62	60.01	60.83	79.21	48.1	27.86	55.73	54.49	70.94	91.05	55.46	77.18	56.01	73.08	41.01	28.28	18.87	47.01	44.38	21.38	32.65	37.7	70.33	81.49	37.36	65.19	43.46	31.95	93.86	17.12	48.1	56.22	65.19	27.89	52.48	29.41	64.38	2.24	65.12	35.0	69.4	38.33
20	34.99	65.12	1.0	89.55	59.64	55.9	19.92	82.35	93.13	39.0	39.46	80.26	34.67	83.24	25.08	75.64	53.01	88.57	74.28	78.43	0.0	54.15	51.66	46.01	86.61	53.94	43.83	23.35	16.64	49.41	79.38	60.21	25.5	62.97	48.47	91.42	80.53	57.58	36.36	30.36	64.0	39.82	35.74	62.48	31.14	55.46	16.12	78.92	68.88	41.4	54.33	60.17	59.08	34.21	60.9	80.66	60.67	52.4	46.27	52.35	32.28	35.17	63.13	33.02	83.86	51.87	75.24	38.6	57.43	29.02	49.04	32.45	80.06	72.72	46.87	23.43	40.31
21	44.41	48.37	55.15	46.65	49.24	14.04	64.26	43.42	40.02	50.45	73.82	39.92	48.1	40.71	34.01	30.89	5.1	34.53	47.0	29.73	54.15	0.0	34.89	40.31	52.92	6.08	28.3	32.02	42.06	43.83	30.41	6.08	29.02	43.42	54.56	48.88	42.49	60.46	49.5	25.5	10.77	46.75	25.0	44.41	61.85	54.92	49.4	38.95	48.01	29.7	2.0	12.65	49.66	21.59	26.02	51.24	14.32	41.79	72.42	35.78	52.48	20.62	12.04	64.64	42.95	46.32	37.16	35.47	29.83	25.5	15.26	34.83	31.89	42.76	26.63	40.71	20.81
22	20.62	79.63	52.4	41.0	14.56	48.1	69.66	78.29	68.01	23.02	86.09	31.58	66.76	35.36	47.43	31.26	39.0	55.9	22.63	37.11	51.66	34.89	0.0	66.12	87.73	29.15	55.01	41.79	50.12	10.3	38.08	37.2	32.7	12.08	22.36	42.45	77.37	26.17	68.68	27.51	43.6	19.0	46.17	75.66	74.71	20.52	57.45	73.82	80.41	11.18	33.12	27.59	14.87	26.48	15.81	29.0	49.19	70.01	44.38	1.0	29.27	26.31	46.32	77.41	34.93	12.04	72.01	58.42	9.22	37.11	19.7	54.13	37.66	76.84	9.06	53.85	19.03
23	63.06	19.1	46.75	86.95	80.0	29.7	41.76	41.11	64.47	69.64	40.79	80.06	15.13	81.01	23.71	71.2	35.51	67.8	84.4	69.63	46.01	40.31	66.12	0.0	42.38	45.19	12.08	29.15	29.73	71.18	70.21	44.41	37.11	77.52	77.67	89.19	39.12	86.15	15.0	40.31	43.14	67.68	20.0	16.64	31.0	81.61	31.06	39.01	23.02	56.01	42.06	52.77	80.01	40.01	63.89	89.56	34.06	6.4	86.31	67.12	66.85	40.0	39.62	33.06	83.19	74.17	35.01	8.54	65.31	30.41	49.48	14.76	71.85	28.86	57.22	22.63	47.1
24	93.6	26.02	87.46	89.09	102.16	39.82	84.12	11.05	44.28	100.21	80.22	86.15	57.28	85.01	61.85	76.16	48.75	56.75	98.06	71.0	86.61	52.92	87.73	42.38	0.0	58.87	43.01	65.44	69.97	96.18	71.01	51.92	70.01	96.14	106.0	91.14	11.05	112.77	56.75	70.29	46.1	97.08	52.5	26.48	72.37	107.35	72.92	15.03	21.02	81.12	54.78	63.06	102.55	67.8	77.88	101.12	38.63	36.4	120.51	88.64	100.0	67.2	42.45	73.98	88.02	98.84	15.81	48.3	82.54	62.94	68.03	54.2	73.01	13.89	79.16	63.53	71.34
25	40.31	54.23	54.92	42.2	43.38	20.1	65.74	49.19	42.72	46.04	76.69	34.89	51.74	36.06	36.06	26.4	11.0	35.0	41.01	26.4	53.94	6.08	29.15	45.19	58.87	0.0	33.11	33.11	43.38	38.42	27.2	8.6	28.44	37.36	49.5	44.41	48.33	55.0	53.26	24.02	14.87	42.2	28.32	50.25	64.66	49.41	51.0	44.72	54.0	25.0	4.12	7.81	43.83	20.02	20.0	45.4	20.25	47.13	68.26	30.02	48.75	19.03	17.2	67.48	38.08	40.8	43.08	39.66	23.77	26.4	9.9	38.21	28.43	48.84	21.26	43.01	17.09
26	54.23	25.63	44.72	74.95	69.18	18.87	45.01	38.63	56.04	60.93	48.85	67.98	21.93	68.96	18.87	59.17	23.6	57.45	72.57	57.8	43.83	28.3	55.01	12.08	43.01	33.11	0.0	22.63	27.31	60.83	58.41	32.65	28.65	66.12	68.31	77.18	36.77	76.4	22.83	30.68	32.02	58.52	10.3	21.93	37.64	71.59	31.58	35.44	27.78	45.4	30.02	40.71	69.26	29.61	51.92	77.62	23.71	15.0	79.32	56.01	59.17	29.43	28.84	40.16	71.12	63.79	31.62	8.54	53.6	21.47	37.66	12.17	60.0	29.21	46.0	21.59	36.06
27	34.37	47.17	24.33	73.0	54.13	32.56	32.65	60.03	70.01	40.79	45.45	64.35	25.32	66.6	6.0	57.8	30.15	66.49	63.13	59.17	23.35	32.02	41.79	29.15	65.44	33.11	22.63	0.0	10.3	44.41	60.03	38.08	9.22	53.85	49.25	75.07	58.31	58.08	27.29	14.32	41.19	39.2	13.04	43.83	33.6	54.01	18.03	56.36	50.0	30.68	32.57	40.31	53.94	16.4	45.34	69.12	37.34	34.89	57.31	42.72	37.7	17.03	40.0	36.4	67.9	47.38	52.84	20.62	44.1	6.71	31.14	14.56	61.06	51.74	34.0	12.08	24.41
28	39.2	48.8	17.49	83.1	61.35	41.01	22.36	65.92	79.1	45.01	36.06	74.33	20.62	76.69	9.06	68.01	39.81	76.4	72.11	69.46	16.64	42.06	50.12	29.73	69.97	43.38	27.31	10.3	0.0	51.24	70.33	48.08	17.8	62.18	54.15	85.15	64.08	63.29	22.56	23.43	50.8	44.28	20.1	46.01	24.6	59.84	7.81	62.63	52.4	38.95	42.72	50.61	61.03	26.17	55.15	78.24	46.0	36.07	58.19	51.0	40.31	26.91	49.25	27.29	77.9	54.12	58.87	22.02	53.41	17.0	41.23	15.81	71.34	56.08	43.01	7.21	33.97
29	14.87	86.12	50.0	49.16	10.3	56.36	68.6	87.13	78.24	14.56	86.41	40.01	69.72	44.0	50.36	41.0	47.51	66.19	27.31	47.13	49.41	43.83	10.3	71.18	96.18	38.42	60.83	44.41	51.24	0.0	48.08	46.75	35.23	15.23	12.08	50.36	86.09	16.64	71.7	31.0	53.15	11.18	51.24	82.23	75.61	11.18	57.94	82.68	87.36	15.52	42.2	37.64	9.85	31.26	26.0	33.54	57.98	75.66	34.53	9.85	21.93	31.4	55.61	78.19	43.1	3.0	80.62	63.03	19.31	41.0	28.6	58.03	47.54	84.69	17.2	56.09	25.3
30	57.14	75.03	80.32	18.25	47.01	41.18	92.66	60.0	35.85	60.83	103.86	16.16	78.49	14.14	63.25	7.81	34.83	20.62	32.65	1.0	79.38	30.41	38.08	70.21	71.01	27.2	58.41	60.03	70.33	48.08	0.0	25.81	54.23	37.74	60.08	20.4	60.03	61.72	79.91	49.04	28.23	56.72	55.23	71.31	91.83	56.36	78.03	56.04	73.38	42.01	29.0	19.72	47.89	45.31	22.36	33.12	38.08	70.83	82.46	38.33	66.19	44.38	32.31	94.64	17.26	49.04	56.32	65.86	28.86	53.34	30.36	65.12	2.0	65.31	36.0	70.21	39.29
31	48.88	50.45	61.2	42.95	51.11	15.81	70.23	41.79	34.48	54.64	79.32	37.11	53.26	37.34	39.92	27.51	9.22	28.44	46.39	25.24	60.21	6.08	37.2	44.41	51.92	8.6	32.65	38.08	48.08	46.75	25.81	0.0	35.0	44.38	58.0	45.19	41.11	63.25	54.56	31.26	6.4	50.8	30.53	46.57	67.42	57.63	55.36	37.34	49.5	33.6	6.08	11.18	51.62	27.29	25.96	50.01	14.0	45.18	76.85	38.01	57.25	26.31	9.49	70.18	39.85	49.04	36.14	40.31	30.87	31.58	18.44	40.22	27.46	43.05	29.7	46.52	25.5
32	25.96	54.13	26.48	65.8	44.91	33.54	39.2	63.41	68.73	32.57	53.82	56.85	34.53	59.41	15.13	51.11	28.64	63.2	54.38	53.31	25.5	29.02	32.7	37.11	70.01	28.44	28.65	9.22	17.8	35.23	54.23	35.0	0.0	44.78	40.61	67.8	61.85	49.25	36.5	5.66	39.32	30.59	18.36	50.54	42.19	45.01	25.5	59.41	56.44	21.54	29.02	34.79	44.72	8.94	37.54	60.46	37.7	42.38	50.8	33.62	30.53	9.85	39.05	44.94	60.44	38.21	56.22	28.64	35.61	7.21	24.19	23.09	55.04	56.73	25.24	21.19	16.28
33	29.68	90.14	63.66	35.06	9.49	57.27	81.4	86.16	71.42	29.73	98.11	26.48	78.75	30.59	59.46	30.02	48.05	57.63	12.08	36.89	62.97	43.42	12.08	77.52	96.14	37.36	66.12	53.85	62.18	15.23	37.74	44.38	44.78	0.0	25.02	36.0	85.44	24.35	80.65	39.56	50.57	26.4	57.71	86.15	86.77	19.42	69.46	81.71	90.55	23.26	41.48	33.54	10.44	38.33	18.87	18.36	57.57	81.1	48.0	11.18	37.16	38.08	53.85	89.47	29.15	14.32	80.32	70.04	13.6	49.04	29.15	65.97	36.72	86.12	20.4	65.92	30.59
34	15.0	93.92	48.85	60.01	16.49	66.29	68.35	97.42	90.14	9.49	87.36	51.16	74.01	55.23	55.23	52.89	57.8	78.26	36.5	59.14	48.47	54.56	22.36	77.67	106.0	49.5	68.31	49.25	54.15	12.08	60.08	58.0	40.61	25.02	0.0	61.01	96.26	9.22	76.01	37.64	64.35	10.05	58.24	90.14	77.47	7.81	59.84	93.01	95.63	25.0	53.08	49.41	15.52	39.0	38.08	42.2	68.41	82.71	23.02	21.93	16.64	39.4	66.53	79.83	54.04	11.18	90.7	69.23	31.38	47.3	39.6	63.64	59.48	93.94	28.32	60.0	34.67
35	63.06	95.19	92.28	2.24	45.1	60.93	107.0	80.1	52.89	64.78	120.21	11.18	96.05	8.49	79.2	18.03	53.71	37.11	25.5	20.62	91.42	48.88	42.45	89.19	91.14	44.41	77.18	75.07	85.15	50.36	20.4	45.19	67.8	36.0	61.01	0.0	80.22	59.54	97.62	62.2	48.38	61.0	72.62	91.42	108.19	55.15	92.96	76.24	93.68	50.57	47.17	36.62	46.1	59.03	30.53	21.93	58.19	90.34	84.0	42.2	71.59	58.26	52.5	111.02	7.62	50.09	76.66	84.05	34.54	68.62	43.93	82.46	18.44	85.7	44.72	86.27	51.61
36	84.39	26.93	81.44	78.16	91.71	30.0	80.41	2.0	35.23	90.91	79.16	75.11	54.23	74.0	55.46	65.12	38.59	46.49	87.1	60.01	80.53	42.49	77.37	39.12	11.05	48.33	36.77	58.31	64.08	86.09	60.03	41.11	61.85	85.44	96.26	80.22	0.0	102.73	54.08	61.52	35.17	87.62	45.28	25.71	70.06	97.25	68.01	4.0	22.36	71.28	44.28	52.2	92.14	58.73	67.05	90.09	28.18	34.01	111.73	78.26	91.22	58.05	31.62	72.01	77.01	88.68	5.66	43.42	71.87	55.0	57.71	48.7	62.03	11.7	68.96	58.19	61.61
37	24.08	101.92	57.94	58.86	14.87	72.95	77.49	103.77	93.86	18.68	96.57	50.7	83.01	54.82	64.07	54.13	64.14	80.99	34.13	60.83	57.58	60.46	26.17	86.15	112.77	55.0	76.4	58.08	63.29	16.64	61.72	63.25	49.25	24.35	9.22	59.54	102.73	0.0	85.01	45.89	69.66	19.03	66.49	98.08	86.68	5.66	69.05	99.32	103.41	31.78	58.82	53.74	13.93	46.84	40.8	39.01	74.63	91.01	26.25	25.46	25.5	47.13	72.2	89.05	53.15	14.21	97.25	77.78	34.21	55.73	45.22	72.34	60.84	101.13	33.84	69.03	41.63
38	61.01	31.78	36.89	95.43	81.39	41.68	27.73	56.08	78.43	67.12	26.25	87.66	2.0	89.2	21.38	79.65	45.34	80.26	89.16	79.21	36.36	49.5	68.68	15.0	56.75	53.26	22.83	27.29	22.56	71.7	79.91	54.56	36.5	80.65	76.01	97.62	54.08	85.01	0.0	41.23	54.64	66.0	25.0	30.36	16.0	81.15	20.25	54.01	36.4	57.72	50.93	61.07	81.22	42.38	69.84	94.85	46.53	20.4	80.65	69.64	62.8	42.72	51.62	18.11	91.02	74.67	50.01	14.42	69.86	31.62	55.07	15.26	81.34	43.57	60.41	16.03	50.33
39	23.71	56.3	31.32	60.22	40.31	32.2	44.82	62.97	65.51	30.41	59.41	51.22	39.29	53.82	19.92	45.65	26.0	59.01	48.88	48.1	30.36	25.5	27.51	40.31	70.29	24.02	30.68	14.32	23.43	31.0	49.04	31.26	5.66	39.56	37.64	62.2	61.52	45.89	41.23	0.0	36.14	27.86	20.62	52.55	47.71	41.3	31.14	58.8	58.18	16.49	25.18	29.83	40.2	4.0	31.89	54.92	35.85	45.12	50.25	28.46	29.73	5.0	36.4	50.48	54.82	34.0	55.87	32.06	30.0	10.0	18.79	27.07	49.77	57.43	19.72	26.4	10.63
40	54.92	46.82	65.0	46.17	57.45	13.45	72.53	35.74	29.43	60.8	80.13	41.3	53.54	41.0	42.2	31.4	11.05	26.0	51.97	27.86	64.0	10.77	43.6	43.14	46.1	14.87	32.02	41.19	50.8	53.15	28.23	6.4	39.32	50.57	64.35	48.38	35.17	69.66	54.64	36.14	0.0	57.01	31.95	43.08	68.43	64.03	57.72	31.32	45.35	39.82	11.66	17.09	57.98	32.28	31.95	55.23	9.85	43.01	82.93	44.41	63.13	31.32	4.12	71.12	43.74	55.44	30.41	40.22	37.12	35.01	24.76	41.15	30.08	38.05	36.07	48.38	31.38
41	5.1	84.15	40.31	59.68	20.52	57.63	59.51	88.87	84.12	4.12	78.11	50.36	64.0	54.23	45.18	50.16	49.52	73.39	38.48	55.73	39.82	46.75	19.0	67.68	97.08	42.2	58.52	39.2	44.28	11.18	56.72	50.8	30.59	26.4	10.05	61.0	87.62	19.03	66.0	27.86	57.01	0.0	48.38	80.41	67.91	15.81	50.22	84.5	86.01	17.2	45.45	43.38	19.8	29.53	34.37	44.72	60.14	72.8	26.4	19.03	10.77	30.02	58.8	70.34	53.6	12.81	82.01	59.23	28.07	37.36	32.45	53.6	56.44	84.72	21.93	50.01	26.17
42	44.01	35.85	36.69	70.43	60.0	21.02	40.79	47.01	59.3	50.7	48.83	62.68	23.43	64.2	11.05	54.67	21.47	57.94	65.15	54.49	35.74	25.0	46.17	20.0	52.5	28.32	10.3	13.04	20.1	51.24	55.23	30.53	18.36	57.71	58.24	72.62	45.28	66.49	25.0	20.62	31.95	48.38	0.0	32.2	36.89	61.81	26.17	43.38	38.08	36.01	26.25	36.12	60.01	20.02	45.19	70.58	26.08	24.52	69.07	47.17	48.88	20.0	29.83	39.66	66.03	54.23	39.82	12.37	45.88	11.18	30.46	9.9	56.59	38.9	37.34	16.49	27.17
43	76.16	4.0	63.25	89.2	90.09	30.81	57.94	27.66	57.01	82.86	54.01	83.68	31.02	83.82	39.05	74.04	39.32	64.03	91.2	70.94	62.48	44.41	75.66	16.64	26.48	50.25	21.93	43.83	46.01	82.23	71.31	46.57	50.54	86.15	90.14	91.42	25.71	98.08	30.36	52.55	43.08	80.41	32.2	0.0	45.89	93.15	47.71	26.93	6.4	66.71	46.39	56.89	90.26	51.24	70.18	95.63	33.24	10.3	101.02	76.66	81.01	50.96	39.0	47.52	86.4	85.15	23.26	24.04	73.01	43.38	57.04	30.41	73.16	14.14	66.61	39.05	57.07
44	62.82	46.84	31.26	106.07	85.8	56.08	15.0	72.06	93.68	68.07	12.04	97.67	16.12	99.7	29.0	90.55	58.31	94.37	96.57	91.05	31.14	61.85	74.71	31.0	72.37	64.66	37.64	33.6	24.6	75.61	91.83	67.42	42.19	86.77	77.47	108.19	70.06	86.68	16.0	47.71	68.43	67.91	36.89	45.89	0.0	83.68	17.72	70.01	51.66	63.53	63.01	72.35	85.44	50.0	78.87	102.63	61.1	36.22	77.41	75.59	62.29	50.61	65.8	2.83	101.18	78.43	66.01	29.12	77.67	39.7	64.44	27.29	93.09	59.41	67.42	21.93	58.01
45	20.88	97.02	55.9	54.33	10.05	67.54	75.24	98.27	88.24	16.64	93.92	45.89	79.16	50.01	60.01	48.85	58.67	75.47	30.02	55.46	55.46	54.92	20.52	81.61	107.35	49.41	71.59	54.01	59.84	11.18	56.36	57.63	45.01	19.42	7.81	55.15	97.25	5.66	81.15	41.3	64.03	15.81	61.81	93.15	83.68	0.0	65.97	93.81	98.37	26.57	53.25	48.08	9.06	41.98	35.23	35.36	69.12	86.31	29.27	19.8	24.21	42.2	66.61	86.13	48.51	8.6	91.79	73.33	28.6	51.24	39.66	68.07	55.54	95.85	28.3	65.28	36.4
46	45.12	50.0	16.64	90.91	68.15	47.17	14.87	69.92	85.48	50.49	28.65	82.13	18.6	84.5	15.52	75.8	46.84	83.52	79.63	77.18	16.12	49.4	57.45	31.06	72.92	51.0	31.58	18.03	7.81	57.94	78.03	55.36	25.5	69.46	59.84	92.96	68.01	69.05	20.25	31.14	57.72	50.22	26.17	47.71	17.72	65.97	0.0	66.94	54.08	46.32	50.16	58.31	67.78	33.97	62.94	85.8	52.24	37.44	61.39	58.31	45.01	34.71	55.9	20.25	85.7	60.75	63.06	24.7	61.07	24.7	49.04	19.42	79.08	59.09	50.61	10.05	41.73
47	81.39	28.65	79.85	74.17	88.1	26.91	79.76	4.47	32.02	87.86	79.51	71.11	54.01	70.0	53.85	61.13	35.23	42.72	83.2	56.01	78.92	38.95	73.82	39.01	15.03	44.72	35.44	56.36	62.63	82.68	56.04	37.34	59.41	81.71	93.01	76.24	4.0	99.32	54.01	58.8	31.32	84.5	43.38	26.93	70.01	93.81	66.94	0.0	24.41	68.01	40.71	48.38	88.55	55.87	63.25	86.15	24.7	34.37	108.9	74.71	88.41	55.15	27.86	72.06	73.01	85.23	4.0	42.58	68.15	52.7	54.2	47.54	58.03	13.6	65.51	57.01	58.41
48	81.86	5.0	69.66	91.48	94.92	34.06	64.08	24.17	55.87	88.57	59.21	86.49	37.16	86.35	45.34	76.69	43.0	64.35	95.01	73.08	68.88	48.01	80.41	23.02	21.02	54.0	27.78	50.0	52.4	87.36	73.38	49.5	56.44	90.55	95.63	93.68	22.36	103.41	36.4	58.18	45.35	86.01	38.08	6.4	51.66	98.37	54.08	24.41	0.0	71.84	50.01	60.21	95.13	56.65	74.0	99.18	35.69	16.64	107.07	81.39	86.95	56.3	41.23	53.15	89.05	90.25	21.26	30.41	77.23	49.24	61.4	36.77	75.29	10.82	71.39	45.45	62.1
49	15.81	70.61	42.2	48.85	24.02	41.34	58.8	72.42	67.08	21.1	74.95	39.4	55.79	42.72	36.4	36.5	32.8	57.01	33.42	41.01	41.4	29.7	11.18	56.01	81.12	25.0	45.4	30.68	38.95	15.52	42.01	33.6	21.54	23.26	25.0	50.57	71.28	31.78	57.72	16.49	39.82	17.2	36.01	66.71	63.53	26.57	46.32	68.01	71.84	0.0	28.32	26.57	24.0	16.0	20.62	39.7	43.42	60.3	43.42	12.08	24.74	16.03	41.73	66.24	42.95	18.44	65.73	48.04	16.12	26.31	15.26	43.42	42.11	69.35	6.08	42.72	9.85
50	43.27	50.36	55.33	44.94	47.42	16.03	65.0	45.18	40.52	49.2	75.0	38.08	49.5	38.95	34.89	29.15	7.07	34.23	45.0	28.28	54.33	2.0	33.12	42.06	54.78	4.12	30.02	32.57	42.72	42.2	29.0	6.08	29.02	41.48	53.08	47.17	44.28	58.82	50.93	25.18	11.66	45.45	26.25	46.39	63.01	53.25	50.16	40.71	50.01	28.32	0.0	10.77	47.85	21.21	24.02	49.25	16.16	43.66	71.28	34.0	51.48	20.22	13.45	65.8	41.15	44.65	39.0	37.01	27.89	25.96	13.6	36.12	30.41	44.72	25.0	41.68	19.72
51	42.38	60.83	61.13	34.41	40.8	26.17	72.95	52.81	40.82	47.42	84.39	27.31	59.55	28.3	43.6	18.6	17.72	30.59	35.23	18.87	60.17	12.65	27.59	52.77	63.06	7.81	40.71	40.31	50.61	37.64	19.72	11.18	34.79	33.54	49.41	36.62	52.2	53.74	61.07	29.83	17.09	43.38	36.12	56.89	72.35	48.08	58.31	48.38	60.21	26.57	10.77	0.0	41.4	25.96	14.87	39.01	25.08	54.42	69.78	28.28	51.24	25.0	20.62	75.17	30.41	39.62	47.3	47.43	20.25	33.62	12.04	46.01	20.81	54.15	21.47	50.61	21.0
52	24.21	94.2	59.64	45.28	1.0	62.97	78.39	93.02	80.72	22.2	96.25	36.88	79.25	41.0	59.84	40.25	53.85	67.42	21.1	47.01	59.08	49.66	14.87	80.01	102.55	43.83	69.26	53.94	61.03	9.85	47.89	51.62	44.72	10.44	15.52	46.1	92.14	13.93	81.22	40.2	57.98	19.8	60.01	90.26	85.44	9.06	67.78	88.55	95.13	24.0	47.85	41.4	0.0	40.0	27.59	26.68	63.98	84.21	38.12	13.93	30.0	40.01	60.9	88.02	39.46	7.21	86.82	72.03	21.26	50.16	34.54	67.27	46.96	91.71	23.77	65.73	33.24
53	25.81	55.08	35.17	57.01	40.01	29.07	48.01	60.11	61.61	32.45	61.85	48.17	40.5	50.61	21.47	42.19	22.36	55.01	46.96	44.38	34.21	21.59	26.48	40.01	67.8	20.02	29.61	16.4	26.17	31.26	45.31	27.29	8.94	38.33	39.0	59.03	58.73	46.84	42.38	4.0	32.28	29.53	20.02	51.24	50.0	41.98	33.97	55.87	56.65	16.0	21.21	25.96	40.0	0.0	29.0	52.84	32.45	44.41	53.04	27.46	32.56	1.0	32.7	52.8	51.74	34.23	53.08	32.06	27.78	10.77	15.26	27.66	46.1	55.23	18.03	28.3	8.06
54	35.0	74.17	61.77	28.65	26.87	40.05	76.69	67.68	53.15	38.47	90.79	19.42	68.1	22.36	50.0	16.03	31.0	40.31	21.02	21.38	60.9	26.02	15.81	63.89	77.88	20.0	51.92	45.34	55.15	26.0	22.36	25.96	37.54	18.87	38.08	30.53	67.05	40.8	69.84	31.89	31.95	34.37	45.19	70.18	78.87	35.23	62.94	63.25	74.0	20.62	24.02	14.87	27.59	29.0	0.0	25.71	39.62	66.49	60.17	16.16	44.01	28.32	35.44	81.69	23.02	27.29	62.1	57.38	6.71	39.2	14.76	54.59	22.09	68.59	14.56	57.01	21.26
55	48.02	99.61	81.39	21.95	25.71	65.12	98.49	90.43	68.96	47.93	114.28	17.2	93.04	20.52	74.3	26.0	56.32	53.54	6.4	32.65	80.66	51.24	29.0	89.56	101.12	45.4	77.62	69.12	78.24	33.54	33.12	50.01	60.46	18.36	42.2	21.93	90.09	39.01	94.85	54.92	55.23	44.72	70.58	95.63	102.63	35.36	85.8	86.15	99.18	39.7	49.25	39.01	26.68	52.84	25.71	0.0	64.01	92.2	64.63	28.32	55.46	52.35	59.14	105.39	17.69	32.31	85.59	82.87	25.06	63.53	40.16	79.71	31.38	93.05	35.23	81.12	44.78
56	57.31	37.0	61.66	55.97	63.56	5.1	66.75	29.15	33.24	63.64	72.5	50.8	45.62	50.7	37.01	41.0	10.63	33.84	60.3	37.7	60.67	14.32	49.19	34.06	38.63	20.25	23.71	37.34	46.0	57.98	38.08	14.0	37.7	57.57	68.41	58.19	28.18	74.63	46.53	35.85	9.85	60.14	26.08	33.24	61.1	69.12	52.24	24.7	35.69	43.42	16.16	25.08	63.98	32.45	39.62	64.01	0.0	33.42	85.15	50.09	64.82	31.62	5.83	63.69	53.37	60.54	22.85	32.2	43.97	32.02	29.53	34.21	39.92	29.07	40.82	42.43	33.97
57	68.31	12.73	53.15	88.1	84.15	29.68	47.76	36.01	61.77	74.95	45.18	81.71	20.88	82.35	29.68	72.5	36.77	66.53	87.3	70.33	52.4	41.79	70.01	6.4	36.4	47.13	15.0	34.89	36.07	75.66	70.83	45.18	42.38	81.1	82.71	90.34	34.01	91.01	20.4	45.12	43.01	72.8	24.52	10.3	36.22	86.31	37.44	34.37	16.64	60.3	43.66	54.42	84.21	44.41	66.49	92.2	33.42	0.0	92.18	71.01	72.5	44.28	39.2	38.05	84.69	78.64	30.41	14.42	68.47	35.44	52.47	20.81	72.56	23.19	61.0	29.0	51.04
58	28.02	104.45	46.17	83.02	39.12	82.07	65.01	113.14	110.48	22.36	85.01	74.17	78.75	78.23	62.61	75.5	74.65	99.72	59.21	81.49	46.27	72.42	44.38	86.31	120.51	68.26	79.32	57.31	58.19	34.53	82.46	76.85	50.8	48.0	23.02	84.0	111.73	26.25	80.65	50.25	82.93	26.4	69.07	101.02	77.41	29.27	61.39	108.9	107.07	43.42	71.28	69.78	38.12	53.04	60.17	64.63	85.15	92.18	0.0	44.15	20.52	53.76	84.4	79.23	77.06	34.13	106.08	77.83	53.6	58.01	58.67	71.55	82.0	107.45	48.33	65.19	51.61
59	20.88	80.62	53.08	40.79	13.6	49.04	70.43	79.18	68.6	23.0	86.95	31.4	67.72	35.23	48.38	31.4	39.92	56.36	21.93	37.36	52.35	35.78	1.0	67.12	88.64	30.02	56.01	42.72	51.0	9.85	38.33	38.01	33.62	11.18	21.93	42.2	78.26	25.46	69.64	28.46	44.41	19.03	47.17	76.66	75.59	19.8	58.31	74.71	81.39	12.08	34.0	28.28	13.93	27.46	16.16	28.32	50.09	71.01	44.15	0.0	29.43	27.29	47.17	78.29	34.71	11.4	72.92	59.41	9.49	38.08	20.62	55.11	37.85	77.79	10.05	54.78	20.02
60	9.06	84.53	32.57	70.21	30.81	61.62	52.2	92.63	91.39	7.81	71.59	60.83	60.83	64.63	43.32	60.0	54.41	81.74	49.24	65.19	32.28	52.48	29.27	66.85	100.0	48.75	59.17	37.7	40.31	21.93	66.19	57.25	30.53	37.16	16.64	71.59	91.22	25.5	62.8	29.73	63.13	10.77	48.88	81.01	62.29	24.21	45.01	88.41	86.95	24.74	51.48	51.24	30.0	32.56	44.01	55.46	64.82	72.5	20.52	29.43	0.0	33.3	64.35	64.5	64.13	23.32	85.56	58.31	38.05	37.74	39.56	52.2	66.07	87.01	30.41	46.87	31.76
