vehicles
vehicle_idx, capacity, cost_per_unit_distance
1,100,1
2,100,1
3,100,1
4,100,1
5,100,1
6,100,1
7,100,1
8,100,1
9,100,1
depot
node_idx,x,y
0,25,51
home delivery customers
node_idx,x,y,service_time,demand
1,53,95,10,16
2,51,81,10,7
3,9,23,10,10
4,75,7,10,18
5,79,5,10,17
6,47,1,10,9
7,33,97,10,12
8,83,79,10,12
9,55,25,10,10
10,21,91,10,9
11,21,13,10,22
12,67,1,10,21
13,1,75,10,2
14,45,29,10,14
15,93,21,10,14
16,31,69,10,24
17,63,57,10,2
18,3,63,10,8
19,75,83,10,10
20,49,31,10,20
21,77,17,10,24
22,93,51,10,2
self pickup customers
node_idx,x,y,service_time,demand,locker_idxs
23,15,97,10,26,68
24,27,83,10,11,79-68
25,57,9,10,1,77
26,63,77,10,23,72-65
27,1,77,10,24,79-73
28,77,41,10,2,78
29,35,11,10,12,66
30,61,87,10,5,65-69
31,59,91,10,19,72-75-65
32,97,67,10,8,69
33,83,71,10,13,72-69
34,95,57,10,5,78
35,77,17,10,25,70-67
36,11,69,10,14,68
37,37,65,10,13,73
38,69,5,10,6,77-70
39,5,19,10,21,74
40,79,17,10,14,70-67
41,25,33,10,16,74
42,9,19,10,23,74
43,3,65,10,14,73-76
flexible customers
node_idx,x,y,service_time,demand,locker_idxs
44,35,7,10,12,77-71-66
45,93,75,10,24,69
46,51,55,10,9,78-75
47,1,67,10,20,79-73-76
48,9,19,10,2,74
49,39,1,10,11,77-66
50,17,59,10,23,73-76
51,47,19,10,7,77-71-66
52,87,41,10,26,78
53,59,21,10,17,77-71
54,33,85,10,15,79-76-75-68
55,25,21,10,16,74-66
56,9,77,10,18,79-73-68
57,63,79,10,15,72-75-65
58,9,45,10,6,74-73
59,7,9,10,2,66
60,15,53,10,6,73-76
61,69,27,10,24,77-71-70
62,15,7,10,4,66
63,91,39,10,19,78
64,67,75,10,23,72-75-65-69
lockers
node_idx,x,y,service_time,capacity,cost_per_unit_good
65,65,88,10,71
66,25,15,10,95
67,93,12,10,77
68,22,88,10,94
69,77,88,10,96
70,72,14,10,92
71,49,21,10,72
72,70,87,10,98
73,14,70,10,87
74,20,23,10,85
75,48,77,10,80
76,26,75,10,77
77,52,14,10,86
78,72,49,10,85
79,11,91,10,90
mrt lines
start_node_idx,end_node_idx,freight_capacity,cost_per_unit_good
distance matrix
,0,1,2,3,4,5,6,7,8,9,10,11,12,13,14,15,16,17,18,19,20,21,22,23,24,25,26,27,28,29,30,31,32,33,34,35,36,37,38,39,40,41,42,43,44,45,46,47,48,49,50,51,52,53,54,55,56,57,58,59,60,61,62,63,64,65,66,67,68,69,70,71,72,73,74,75,76,77,78,79,
0,0.0,52.15,39.7,32.25,66.6,70.94,54.63,46.69,64.4,39.7,40.2,38.21,65.3,33.94,29.73,74.32,18.97,38.47,25.06,59.36,31.24,62.13,68.0,47.07,32.06,52.8,46.04,35.38,52.95,41.23,50.91,52.5,73.76,61.35,70.26,62.13,22.8,18.44,63.66,37.74,63.81,18.0,35.78,26.08,45.12,72.11,26.31,28.84,35.78,51.92,11.31,38.83,62.8,45.34,34.93,30.0,30.53,47.2,17.09,45.69,10.2,50.12,45.12,67.08,48.37,54.49,36.0,78.39,37.12,63.82,59.82,38.42,57.63,21.95,28.44,34.71,24.02,45.8,47.04,42.38
1,52.15,0.0,14.14,84.38,90.71,93.68,94.19,20.1,34.0,70.03,32.25,88.02,95.04,55.71,66.48,84.12,34.06,39.29,59.36,25.06,64.12,81.61,59.46,38.05,28.64,86.09,20.59,55.03,59.09,85.91,11.31,7.21,52.15,38.42,56.64,81.61,49.4,34.0,91.41,89.89,82.22,68.03,87.82,58.31,89.82,44.72,40.05,59.06,87.82,95.04,50.91,76.24,63.81,74.24,22.36,79.12,47.54,18.87,66.6,97.53,56.64,69.86,95.85,67.68,24.41,13.89,84.76,92.14,31.78,25.0,83.2,74.11,18.79,46.32,79.2,18.68,33.6,81.01,49.77,42.19
2,39.7,14.14,0.0,71.61,77.79,80.99,80.1,24.08,32.06,56.14,31.62,74.32,81.58,50.36,52.35,73.24,23.32,26.83,51.26,24.08,50.04,69.08,51.61,39.4,24.08,72.25,12.65,50.16,47.71,71.81,11.66,12.81,48.08,33.53,50.12,69.08,41.76,21.26,78.1,77.2,69.86,54.59,74.89,50.6,75.71,42.43,26.0,51.92,74.89,80.89,40.5,62.13,53.81,60.53,18.44,65.39,42.19,12.17,55.32,84.38,45.61,56.92,82.29,58.0,17.09,15.65,70.94,80.78,29.83,26.93,70.21,60.03,19.92,38.6,65.76,5.0,25.71,67.01,38.28,41.23
3,32.25,84.38,71.61,0.0,67.91,72.28,43.91,77.79,92.8,46.04,69.05,15.62,62.03,52.61,36.5,84.02,50.99,63.81,40.45,89.2,40.79,68.26,88.54,74.24,62.64,50.0,76.37,54.59,70.34,28.64,82.46,84.4,98.39,88.2,92.48,68.26,46.04,50.48,62.64,5.66,70.26,18.87,4.0,42.43,30.53,98.79,52.8,44.72,4.0,37.2,36.88,38.21,80.05,50.04,66.48,16.12,54.0,77.79,22.0,14.14,30.59,60.13,17.09,83.55,77.9,85.8,17.89,84.72,66.29,94.07,63.64,40.05,88.41,47.27,11.0,66.61,54.71,43.93,68.15,68.03
4,66.6,90.71,77.79,67.91,0.0,4.47,28.64,99.32,72.44,26.91,99.86,54.33,10.0,100.5,37.2,22.8,76.03,51.42,91.21,76.0,35.38,10.2,47.54,108.17,89.89,18.11,71.02,101.86,34.06,40.2,81.22,85.51,63.91,64.5,53.85,10.2,89.11,69.34,6.32,71.02,10.77,56.36,67.08,92.46,40.0,70.34,53.67,95.27,67.08,36.5,77.9,30.46,36.06,21.26,88.59,51.92,96.21,72.99,76.16,68.03,75.6,20.88,60.0,35.78,68.47,81.61,50.64,18.68,96.8,81.02,7.62,29.53,80.16,87.69,57.28,75.03,83.82,24.04,42.11,105.6
5,70.94,93.68,80.99,72.28,4.47,0.0,32.25,102.86,74.11,31.24,103.73,58.55,12.65,104.8,41.62,21.26,80.0,54.41,95.6,78.1,39.7,12.17,48.08,112.07,93.74,22.36,73.76,106.15,36.06,44.41,83.95,88.29,64.56,66.12,54.41,12.17,93.38,73.24,10.0,75.31,12.0,60.83,71.39,96.83,44.05,71.39,57.31,99.64,71.39,40.2,82.22,34.93,36.88,25.61,92.28,56.32,100.42,75.71,80.62,72.11,80.0,24.17,64.03,36.06,71.02,84.17,54.92,15.65,100.69,83.02,11.4,34.0,82.49,91.92,61.68,78.39,87.8,28.46,44.55,109.64
6,54.63,94.19,80.1,43.91,28.64,32.25,0.0,97.02,85.91,25.3,93.68,28.64,20.0,87.13,28.07,50.16,69.86,58.24,76.03,86.65,30.07,34.0,67.94,101.19,84.4,12.81,77.67,88.84,50.0,15.62,87.13,90.8,82.8,78.71,73.76,34.0,76.94,64.78,22.36,45.69,35.78,38.83,42.05,77.67,13.42,87.13,54.15,80.45,42.05,8.0,65.3,18.0,56.57,23.32,85.16,29.73,84.97,79.62,58.14,40.79,61.06,34.06,32.56,58.14,76.66,88.84,26.08,47.3,90.52,92.03,28.18,20.1,89.02,76.49,34.83,76.01,76.92,13.93,54.12,96.93
7,46.69,20.1,24.08,77.79,99.32,102.86,97.02,0.0,53.14,75.29,13.42,84.85,101.84,38.83,69.05,96.83,28.07,50.0,45.34,44.27,67.91,91.3,75.6,18.0,15.23,91.21,36.06,37.74,71.22,86.02,29.73,26.68,70.68,56.36,73.78,91.3,35.61,32.25,98.79,82.87,92.28,64.5,81.61,43.86,90.02,63.91,45.69,43.86,81.61,96.19,41.23,79.25,77.79,80.32,12.0,76.42,31.24,34.99,57.27,91.76,47.54,78.71,91.78,82.02,40.5,33.24,82.39,104.04,14.21,44.91,91.71,77.67,38.33,33.02,75.13,25.0,23.09,85.15,61.85,22.8
8,64.4,34.0,32.06,92.8,72.44,74.11,85.91,53.14,0.0,60.83,63.15,90.55,79.62,82.1,62.8,58.86,52.95,29.73,81.58,8.94,58.82,62.29,29.73,70.34,56.14,74.67,20.1,82.02,38.47,83.23,23.41,26.83,18.44,8.0,25.06,62.29,72.69,48.08,75.31,98.41,62.13,74.03,95.27,81.22,86.53,10.77,40.0,82.87,95.27,89.55,68.96,69.97,38.21,62.77,50.36,82.02,74.03,20.0,81.44,103.32,72.8,53.85,99.04,40.79,16.49,20.12,86.37,67.74,61.66,10.82,65.92,67.23,15.26,69.58,84.29,35.06,57.14,72.01,31.95,72.99
9,39.7,70.03,56.14,46.04,26.91,31.24,25.3,75.29,60.83,0.0,74.24,36.06,26.83,73.59,10.77,38.21,50.12,32.98,64.4,61.35,8.49,23.41,46.04,82.37,64.4,16.12,52.61,74.97,27.2,24.41,62.29,66.12,59.4,53.85,51.22,23.41,62.23,43.86,24.41,50.36,25.3,31.05,46.39,65.6,26.91,62.8,30.27,68.41,46.39,28.84,50.99,10.0,35.78,5.66,63.91,30.27,69.43,54.59,50.16,50.6,48.83,14.14,43.86,38.63,51.42,63.79,31.62,40.16,71.12,66.73,20.25,7.21,63.79,60.88,35.06,52.47,57.8,11.4,29.41,79.32
10,40.2,32.25,31.62,69.05,99.86,103.73,93.68,13.42,63.15,74.24,0.0,78.0,101.07,25.61,66.48,100.42,24.17,54.04,33.29,54.59,66.21,92.8,82.37,8.49,10.0,89.55,44.27,24.41,75.07,81.22,40.2,38.0,79.7,65.15,81.44,92.8,24.17,30.53,98.49,73.76,94.02,58.14,72.99,31.62,85.16,73.76,46.86,31.24,72.99,91.78,32.25,76.55,82.8,79.65,13.42,70.11,18.44,43.68,47.54,83.19,38.47,80.0,84.21,87.2,48.7,44.1,76.11,106.89,3.16,56.08,92.36,75.39,49.16,22.14,68.01,30.41,16.76,83.01,66.07,10.0
11,38.21,88.02,74.32,15.62,54.33,58.55,28.64,84.85,90.55,36.06,78.0,0.0,47.54,65.15,28.84,72.44,56.89,60.83,53.14,88.41,33.29,56.14,81.41,84.21,70.26,36.22,76.55,67.05,62.61,14.14,84.12,86.76,93.23,84.9,86.09,56.14,56.89,54.41,48.66,17.09,58.14,20.4,13.42,55.03,15.23,95.02,51.61,57.58,13.42,21.63,46.17,26.68,71.69,38.83,72.99,8.94,65.12,78.23,34.18,14.56,40.45,50.0,8.49,74.67,77.2,86.95,4.47,72.01,75.01,93.6,51.01,29.12,88.75,57.43,10.05,69.46,62.2,31.02,62.43,78.64
12,65.3,95.04,81.58,62.03,10.0,12.65,20.0,101.84,79.62,26.83,101.07,47.54,0.0,99.16,35.61,32.8,76.94,56.14,89.11,82.39,34.99,18.87,56.36,109.18,91.24,12.81,76.11,100.66,41.23,33.53,86.21,90.35,72.5,71.81,62.61,18.87,88.09,70.68,4.47,64.56,20.0,52.8,60.73,90.51,32.56,78.43,56.32,93.34,60.73,28.0,76.58,26.91,44.72,21.54,90.62,46.52,95.6,78.1,72.8,60.53,73.54,26.08,52.35,44.94,74.0,87.02,44.27,28.23,97.95,87.57,13.93,26.91,86.05,87.01,51.89,78.34,84.6,19.85,48.26,106.0
13,33.94,55.71,50.36,52.61,100.5,104.8,87.13,38.83,82.1,73.59,25.61,65.15,99.16,0.0,63.66,106.68,30.59,64.56,12.17,74.43,65.12,95.6,95.08,26.08,27.2,86.56,62.03,2.0,83.26,72.47,61.19,60.17,96.33,82.1,95.71,95.6,11.66,37.36,97.59,56.14,97.2,48.37,56.57,10.2,76.03,92.0,53.85,8.0,56.57,83.19,22.63,72.47,92.48,79.25,33.53,59.09,8.25,62.13,31.05,66.27,26.08,83.23,69.43,96.93,66.0,65.31,64.62,111.5,24.7,77.1,93.61,72.25,70.04,13.93,55.36,47.04,25.0,79.51,75.61,18.87
14,29.73,66.48,52.35,36.5,37.2,41.62,28.07,69.05,62.8,10.77,66.48,28.84,35.61,63.66,0.0,48.66,42.38,33.29,54.04,61.77,4.47,34.18,52.8,74.32,56.92,23.32,51.26,65.12,34.18,20.59,60.17,63.56,64.4,56.64,57.31,34.18,52.5,36.88,33.94,41.23,36.06,20.4,37.36,55.32,24.17,66.48,26.68,58.14,37.36,28.64,41.04,10.2,43.68,16.12,57.27,21.54,60.0,53.14,39.4,42.94,38.42,24.08,37.2,47.07,50.99,62.3,24.41,50.92,63.32,67.12,30.89,8.94,63.16,51.4,25.71,48.09,49.77,16.55,33.6,70.71
15,74.32,84.12,73.24,84.02,22.8,21.26,50.16,96.83,58.86,38.21,100.42,72.44,32.8,106.68,48.66,0.0,78.41,46.86,99.32,64.56,45.12,16.49,30.0,108.9,90.55,37.95,63.53,107.7,25.61,58.86,73.35,77.82,46.17,50.99,36.06,16.49,95.02,71.22,28.84,88.02,14.56,69.05,84.02,100.18,59.67,54.0,54.04,102.86,84.02,57.58,84.97,46.04,20.88,34.0,87.73,68.0,100.96,65.3,87.36,86.83,84.31,24.74,79.25,18.11,59.93,72.62,68.26,9.0,97.62,68.88,22.14,44.0,69.89,92.96,73.03,71.84,86.05,41.59,35.0,107.81
16,18.97,34.06,23.32,50.99,76.03,80.0,69.86,28.07,52.95,50.12,24.17,56.89,76.94,30.59,42.38,78.41,0.0,34.18,28.64,46.17,42.05,69.43,64.56,32.25,14.56,65.39,32.98,31.05,53.85,58.14,34.99,35.61,66.03,52.04,65.12,69.43,20.0,7.21,74.43,56.36,70.77,36.5,54.63,28.28,62.13,62.29,24.41,30.07,54.63,68.47,17.2,52.5,62.61,55.57,16.12,48.37,23.41,33.53,32.56,64.62,22.63,56.64,64.03,67.08,36.5,38.95,54.33,84.22,21.02,49.77,68.6,51.26,42.95,17.03,47.3,18.79,7.81,58.87,45.62,29.73
17,38.47,39.29,26.83,63.81,51.42,54.41,58.24,50.0,29.73,32.98,54.04,60.83,56.14,64.56,33.29,46.86,34.18,0.0,60.3,28.64,29.53,42.38,30.59,62.48,44.41,48.37,20.0,65.15,21.26,53.85,30.07,34.23,35.44,24.41,32.0,42.38,53.37,27.2,52.35,69.34,43.08,44.94,66.03,60.53,57.31,34.99,12.17,62.8,66.03,60.93,46.04,41.23,28.84,36.22,41.04,52.35,57.58,22.0,55.32,73.76,48.17,30.59,69.31,33.29,18.44,31.06,56.64,54.08,51.4,34.01,43.93,38.63,30.81,50.7,54.82,25.0,41.15,44.38,12.04,62.13
18,25.06,59.36,51.26,40.45,91.21,95.6,76.03,45.34,81.58,64.4,33.29,53.14,89.11,12.17,54.04,99.32,28.64,60.3,0.0,74.73,56.04,87.13,90.8,36.06,31.24,76.37,61.61,14.14,77.2,61.06,62.77,62.61,94.09,80.4,92.2,87.13,10.0,34.06,87.86,44.05,88.84,37.2,44.41,2.0,64.5,90.8,48.66,4.47,44.41,71.69,14.56,62.23,86.83,70.0,37.2,47.41,15.23,62.1,18.97,54.15,15.62,75.18,57.27,91.21,65.12,66.85,52.8,103.45,31.4,78.11,84.63,62.29,71.17,13.04,43.46,47.13,25.94,69.3,70.41,29.12
19,59.36,25.06,24.08,89.2,76.0,78.1,86.65,44.27,8.94,61.35,54.59,88.41,82.39,74.43,61.77,64.56,46.17,28.64,74.73,0.0,58.14,66.03,36.72,61.61,48.0,76.16,13.42,74.24,42.05,82.37,14.56,17.89,27.2,14.42,32.8,66.03,65.51,42.05,78.23,94.85,66.12,70.71,91.93,74.22,85.88,19.7,36.88,75.71,91.93,89.55,62.77,69.86,43.68,64.03,42.05,79.65,66.27,12.65,76.16,100.5,67.08,56.32,96.83,46.82,11.31,11.18,84.4,73.25,53.24,5.39,69.07,67.23,6.4,62.37,81.39,27.66,49.65,72.73,34.13,64.5
20,31.24,64.12,50.04,40.79,35.38,39.7,30.07,67.91,58.82,8.49,66.21,33.29,34.99,65.12,4.47,45.12,42.05,29.53,56.04,58.14,0.0,31.3,48.33,74.24,56.46,23.41,48.08,66.48,29.73,24.41,57.27,60.83,60.0,52.5,52.84,31.3,53.74,36.06,32.8,45.61,33.11,24.08,41.76,57.2,27.78,62.23,24.08,60.0,41.76,31.62,42.52,12.17,39.29,14.14,56.32,26.0,60.96,50.0,42.38,47.41,40.5,20.4,41.62,42.76,47.54,59.2,28.84,47.93,63.07,63.51,28.6,10.0,59.81,52.4,30.08,46.01,49.65,17.26,29.21,71.02
21,62.13,81.61,69.08,68.26,10.2,12.17,34.0,91.3,62.29,23.41,92.8,56.14,18.87,95.6,34.18,16.49,69.43,42.38,87.13,66.03,31.3,0.0,37.58,101.21,82.8,21.54,61.61,96.83,24.0,42.43,71.81,76.16,53.85,54.33,43.86,0.0,84.02,62.48,14.42,72.03,2.0,54.41,68.03,88.2,43.17,60.17,46.04,90.97,68.03,41.23,73.24,30.07,26.0,18.44,80.99,52.15,90.69,63.56,73.54,70.46,71.69,12.81,62.8,26.08,58.86,72.01,52.04,16.76,89.81,71.0,5.83,28.28,70.35,82.33,57.31,66.64,77.23,25.18,32.39,99.16
22,68.0,59.46,51.61,88.54,47.54,48.08,67.94,75.6,29.73,46.04,82.37,81.41,56.36,95.08,52.8,30.0,64.56,30.59,90.8,36.72,48.33,37.58,0.0,90.55,73.35,55.32,39.7,95.6,18.87,70.46,48.17,52.5,16.49,22.36,6.32,37.58,83.95,57.72,51.88,93.64,36.77,70.34,89.89,91.08,72.8,24.0,42.19,93.38,89.89,73.59,76.42,56.04,11.66,45.34,68.96,74.32,87.93,41.04,84.21,95.71,78.03,33.94,89.55,12.17,35.38,46.4,76.94,39.0,80.06,40.31,42.54,53.25,42.72,81.25,78.19,51.97,71.17,55.23,21.1,91.24
23,47.07,38.05,39.4,74.24,108.17,112.07,101.19,18.0,70.34,82.37,8.49,84.21,109.18,26.08,74.32,108.9,32.25,62.48,36.06,61.61,74.24,101.21,90.55,0.0,18.44,97.51,52.0,24.41,83.55,88.29,47.07,44.41,87.32,72.8,89.44,101.21,28.28,38.83,106.68,78.64,102.45,64.78,78.23,34.18,92.2,81.04,55.32,33.11,78.23,98.95,38.05,84.31,91.21,87.82,21.63,76.66,20.88,51.26,52.35,88.36,44.0,88.41,90.0,95.6,56.46,50.8,82.61,115.36,11.4,62.65,100.69,83.26,55.9,27.02,74.17,38.59,24.6,90.87,74.52,7.21
24,32.06,28.64,24.08,62.64,89.89,93.74,84.4,15.23,56.14,64.4,10.0,70.26,91.24,27.2,56.92,90.55,14.56,44.41,31.24,48.0,56.46,82.8,73.35,18.44,0.0,79.85,36.5,26.68,65.3,72.44,34.23,32.98,71.81,57.27,72.8,82.8,21.26,20.59,88.59,67.68,84.02,50.04,66.48,30.0,76.42,66.48,36.88,30.53,66.48,82.87,26.0,67.05,73.24,69.77,6.32,62.03,18.97,36.22,42.05,76.66,32.31,70.0,76.94,77.67,40.79,38.33,68.03,96.94,7.07,50.25,82.38,65.79,43.19,18.38,60.41,21.84,8.06,73.39,56.4,17.89
25,52.8,86.09,72.25,50.0,18.11,22.36,12.81,91.21,74.67,16.12,89.55,36.22,12.81,86.56,23.32,37.95,65.39,48.37,76.37,76.16,23.41,21.54,55.32,97.51,79.85,0.0,68.26,88.09,37.74,22.09,78.1,82.02,70.46,67.23,61.22,21.54,75.6,59.46,12.65,52.95,23.41,40.0,49.03,77.79,22.09,75.18,46.39,80.62,49.03,19.7,64.03,14.14,43.86,12.17,79.7,34.18,83.23,70.26,60.0,50.0,60.83,21.63,42.05,45.34,66.75,79.4,32.56,36.12,86.41,81.49,15.81,14.42,79.08,74.63,39.56,68.59,72.92,7.07,42.72,94.02
26,46.04,20.59,12.65,76.37,71.02,73.76,77.67,36.06,20.1,52.61,44.27,76.55,76.11,62.03,51.26,63.53,32.98,20.0,61.61,13.42,48.08,61.61,39.7,52.0,36.5,68.26,0.0,62.0,38.63,71.69,10.2,14.56,35.44,20.88,37.74,61.61,52.61,28.64,72.25,82.02,62.1,58.14,79.25,61.19,75.39,30.07,25.06,62.8,79.25,79.7,49.4,60.17,43.27,56.14,31.05,67.68,54.0,2.0,62.77,88.09,53.67,50.36,84.88,47.2,4.47,11.18,72.72,71.59,42.45,17.8,63.64,57.72,12.21,49.5,69.03,15.0,37.05,63.95,29.41,53.85
27,35.38,55.03,50.16,54.59,101.86,106.15,88.84,37.74,82.02,74.97,24.41,67.05,100.66,2.0,65.12,107.7,31.05,65.15,14.14,74.24,66.48,96.83,95.6,24.41,26.68,88.09,62.0,0.0,84.1,74.24,60.83,59.67,96.52,82.22,96.1,96.83,12.81,37.95,99.04,58.14,98.41,50.12,58.55,12.17,77.82,92.02,54.63,10.0,58.55,84.97,24.08,74.03,93.23,80.62,32.98,60.93,8.0,62.03,32.98,68.26,27.78,84.4,71.39,97.69,66.03,64.94,66.48,112.65,23.71,76.79,94.92,73.76,69.72,14.76,57.25,47.0,25.08,81.06,76.32,17.2
28,52.95,59.09,47.71,70.34,34.06,36.06,50.0,71.22,38.47,27.2,75.07,62.61,41.23,83.26,34.18,25.61,53.85,21.26,77.2,42.05,29.73,24.0,18.87,83.55,65.3,37.74,38.63,84.1,0.0,51.61,48.7,53.14,32.8,30.59,24.08,24.0,71.69,46.65,36.88,75.29,24.08,52.61,71.47,77.79,54.04,37.58,29.53,80.32,71.47,55.17,62.64,37.2,10.0,26.91,62.23,55.71,76.94,40.5,68.12,76.97,63.15,16.12,70.71,14.14,35.44,48.51,58.14,33.12,72.35,47.0,27.46,34.41,46.53,69.35,59.77,46.23,61.29,36.8,9.43,82.8
29,41.23,85.91,71.81,28.64,40.2,44.41,15.62,86.02,83.23,24.41,81.22,14.14,33.53,72.47,20.59,58.86,58.14,53.85,61.06,82.37,24.41,42.43,70.46,88.29,72.44,22.09,71.69,74.24,51.61,0.0,80.32,83.52,83.55,76.84,75.6,42.43,62.77,54.04,34.53,31.05,44.41,24.17,27.2,62.77,4.0,86.37,46.82,65.51,27.2,10.77,51.26,14.42,60.03,26.0,74.03,14.14,70.94,73.54,42.8,28.07,46.52,37.58,20.4,62.61,71.55,82.64,10.77,58.01,78.09,87.71,37.12,17.2,83.67,62.63,19.21,67.27,64.63,17.26,53.04,83.52
30,50.91,11.31,11.66,82.46,81.22,83.95,87.13,29.73,23.41,62.29,40.2,84.12,86.21,61.19,60.17,73.35,34.99,30.07,62.77,14.56,57.27,71.81,48.17,47.07,34.23,78.1,10.2,60.83,48.7,80.32,0.0,4.47,41.18,27.2,45.34,71.81,53.14,32.56,82.39,88.09,72.28,64.9,85.6,62.03,84.12,34.18,33.53,63.25,85.6,88.77,52.15,69.43,52.84,66.03,28.07,75.18,52.95,8.25,66.84,94.87,57.2,60.53,92.28,56.6,13.42,4.12,80.5,81.54,39.01,16.03,73.82,67.08,9.0,49.98,76.01,16.4,37.0,73.55,39.56,50.16
31,52.5,7.21,12.81,84.4,85.51,88.29,90.8,26.68,26.83,66.12,38.0,86.76,90.35,60.17,63.56,77.82,35.61,34.23,62.61,17.89,60.83,76.16,52.5,44.41,32.98,82.02,14.56,59.67,53.14,83.52,4.47,0.0,44.94,31.24,49.52,76.16,52.8,34.06,86.58,90.0,76.66,67.23,87.66,61.74,87.36,37.58,36.88,62.77,87.66,92.2,52.8,72.99,57.31,70.0,26.68,77.82,51.92,12.65,67.94,97.1,58.14,64.78,94.83,61.06,17.89,6.71,83.26,86.01,37.12,18.25,78.09,70.71,11.7,49.66,78.39,17.8,36.67,77.32,43.97,48.0
32,73.76,52.15,48.08,98.39,63.91,64.56,82.8,70.68,18.44,59.4,79.7,93.23,72.5,96.33,64.4,46.17,66.03,35.44,94.09,27.2,60.0,53.85,16.49,87.32,71.81,70.46,35.44,96.52,32.8,83.55,41.18,44.94,0.0,14.56,10.2,53.85,86.02,60.03,68.03,103.77,53.14,79.62,100.24,94.02,86.28,8.94,47.54,96.0,100.24,87.86,80.4,69.31,27.86,59.67,66.48,85.44,88.57,36.06,90.71,107.07,83.19,48.83,101.61,28.64,31.05,38.28,88.81,55.15,77.88,29.0,58.6,66.48,33.6,83.05,88.68,50.01,71.45,69.53,30.81,89.29
33,61.35,38.42,33.53,88.2,64.5,66.12,78.71,56.36,8.0,53.85,65.15,84.9,71.81,82.1,56.64,50.99,52.04,24.41,80.4,14.42,52.5,54.33,22.36,72.8,57.27,67.23,20.88,82.22,30.59,76.84,27.2,31.24,14.56,0.0,18.44,54.33,72.03,46.39,67.47,93.74,54.15,69.34,90.44,80.22,80.0,10.77,35.78,82.1,90.44,82.68,67.08,63.25,30.27,55.46,51.92,76.58,74.24,21.54,78.43,98.08,70.34,46.17,93.38,32.98,16.49,24.76,80.62,59.84,63.32,18.03,58.05,60.46,20.62,69.01,79.2,35.51,57.14,64.88,24.6,74.73
34,70.26,56.64,50.12,92.48,53.85,54.41,73.76,73.78,25.06,51.22,81.44,86.09,62.61,95.71,57.31,36.06,65.12,32.0,92.2,32.8,52.84,43.86,6.32,89.44,72.8,61.22,37.74,96.1,24.08,75.6,45.34,49.52,10.2,18.44,0.0,43.86,84.85,58.55,58.14,97.69,43.08,74.0,94.02,92.35,78.1,18.11,44.05,94.53,94.02,79.2,78.03,61.22,17.89,50.91,68.03,78.71,88.29,38.83,86.83,100.24,80.1,39.7,94.34,18.44,33.29,43.14,81.63,45.04,79.31,35.85,48.76,58.41,39.05,82.04,82.35,51.08,71.31,60.81,24.35,90.62
35,62.13,81.61,69.08,68.26,10.2,12.17,34.0,91.3,62.29,23.41,92.8,56.14,18.87,95.6,34.18,16.49,69.43,42.38,87.13,66.03,31.3,0.0,37.58,101.21,82.8,21.54,61.61,96.83,24.0,42.43,71.81,76.16,53.85,54.33,43.86,0.0,84.02,62.48,14.42,72.03,2.0,54.41,68.03,88.2,43.17,60.17,46.04,90.97,68.03,41.23,73.24,30.07,26.0,18.44,80.99,52.15,90.69,63.56,73.54,70.46,71.69,12.81,62.8,26.08,58.86,72.01,52.04,16.76,89.81,71.0,5.83,28.28,70.35,82.33,57.31,66.64,77.23,25.18,32.39,99.16
36,22.8,49.4,41.76,46.04,89.11,93.38,76.94,35.61,72.69,62.23,24.17,56.89,88.09,11.66,52.5,95.02,20.0,53.37,10.0,65.51,53.74,84.02,83.95,28.28,21.26,75.6,52.61,12.81,71.69,62.77,53.14,52.8,86.02,72.03,84.85,84.02,0.0,26.31,86.37,50.36,85.6,38.63,50.04,8.94,66.48,82.22,42.38,10.2,50.04,73.54,11.66,61.61,80.99,67.88,27.2,50.0,8.25,52.95,24.08,60.13,16.49,71.61,62.13,85.44,56.32,57.25,55.79,99.86,21.95,68.68,82.13,61.22,61.68,3.16,46.87,37.85,16.16,68.6,64.2,22.0
37,18.44,34.0,21.26,50.48,69.34,73.24,64.78,32.25,48.08,43.86,30.53,54.41,70.68,37.36,36.88,71.22,7.21,27.2,34.06,42.05,36.06,62.48,57.72,38.83,20.59,59.46,28.64,37.95,46.65,54.04,32.56,34.06,60.03,46.39,58.55,62.48,26.31,0.0,68.0,56.04,63.78,34.18,53.85,34.0,58.03,56.89,17.2,36.06,53.85,64.03,20.88,47.07,55.46,49.19,20.4,45.61,30.46,29.53,34.41,63.53,25.06,49.68,62.03,59.93,31.62,36.24,51.42,77.1,27.46,46.14,61.85,45.61,39.66,23.54,45.31,16.28,14.87,53.16,38.48,36.77
38,63.66,91.41,78.1,62.64,6.32,10.0,22.36,98.79,75.31,24.41,98.49,48.66,4.47,97.59,33.94,28.84,74.43,52.35,87.86,78.23,32.8,14.42,51.88,106.68,88.59,12.65,72.25,99.04,36.88,34.53,82.39,86.58,68.03,67.47,58.14,14.42,86.37,68.0,0.0,65.51,15.62,52.15,61.61,89.2,34.06,74.0,53.14,92.02,61.61,30.27,74.97,26.08,40.25,18.87,87.73,46.82,93.72,74.24,72.11,62.13,72.25,22.0,54.04,40.5,70.03,83.1,45.12,25.0,95.38,83.38,9.49,25.61,82.01,85.15,52.2,75.0,82.15,19.24,44.1,103.73
39,37.74,89.89,77.2,5.66,71.02,75.31,45.69,82.87,98.41,50.36,73.76,17.09,64.56,56.14,41.23,88.02,56.36,69.34,44.05,94.85,45.61,72.03,93.64,78.64,67.68,52.95,82.02,58.14,75.29,31.05,88.09,90.0,103.77,93.74,97.69,72.03,50.36,56.04,65.51,0.0,74.03,24.41,4.0,46.04,32.31,104.31,58.41,48.17,4.0,38.47,41.76,42.0,84.9,54.04,71.69,20.1,58.14,83.45,26.31,10.2,35.44,64.5,15.62,88.29,83.55,91.44,20.4,88.28,71.06,99.72,67.19,44.05,94.07,51.79,15.52,72.2,59.81,47.27,73.41,72.25
40,63.81,82.22,69.86,70.26,10.77,12.0,35.78,92.28,62.13,25.3,94.02,58.14,20.0,97.2,36.06,14.56,70.77,43.08,88.84,66.12,33.11,2.0,36.77,102.45,84.02,23.41,62.1,98.41,24.08,44.41,72.28,76.66,53.14,54.15,43.08,2.0,85.6,63.78,15.62,74.03,0.0,56.32,70.03,89.89,45.12,59.67,47.2,92.65,70.03,43.08,74.89,32.06,25.3,20.4,82.1,54.15,92.2,64.03,75.39,72.44,73.43,14.14,64.78,25.06,59.23,72.37,54.04,14.87,91.05,71.03,7.62,30.27,70.58,83.87,59.3,67.54,78.57,27.17,32.76,100.5
41,18.0,68.03,54.59,18.87,56.36,60.83,38.83,64.5,74.03,31.05,58.14,20.4,52.8,48.37,20.4,69.05,36.5,44.94,37.2,70.71,24.08,54.41,70.34,64.78,50.04,40.0,58.14,50.12,52.61,24.17,64.9,67.23,79.62,69.34,74.0,54.41,38.63,34.18,52.15,24.41,56.32,0.0,21.26,38.83,27.86,79.92,34.06,41.62,21.26,34.93,27.2,26.08,62.51,36.06,52.61,12.0,46.82,59.67,20.0,30.0,22.36,44.41,27.86,66.27,59.4,68.01,18.0,71.17,55.08,75.69,50.7,26.83,70.29,38.6,11.18,49.65,42.01,33.02,49.65,59.67
42,35.78,87.82,74.89,4.0,67.08,71.39,42.05,81.61,95.27,46.39,72.99,13.42,60.73,56.57,37.36,84.02,54.63,66.03,44.41,91.93,41.76,68.03,89.89,78.23,66.48,49.03,79.25,58.55,71.47,27.2,85.6,87.66,100.24,90.44,94.02,68.03,50.04,53.85,61.61,4.0,70.03,21.26,0.0,46.39,28.64,100.96,55.32,48.66,0.0,34.99,40.79,38.0,81.04,50.04,70.23,16.12,58.0,80.72,26.0,10.2,34.53,60.53,13.42,84.4,80.62,88.87,16.49,84.29,70.21,96.88,63.2,40.05,91.35,51.24,11.7,69.89,58.52,43.29,69.78,72.03
43,26.08,58.31,50.6,42.43,92.46,96.83,77.67,43.86,81.22,65.6,31.62,55.03,90.51,10.2,55.32,100.18,28.28,60.53,2.0,74.22,57.2,88.2,91.08,34.18,30.0,77.79,61.19,12.17,77.79,62.77,62.03,61.74,94.02,80.22,92.35,88.2,8.94,34.0,89.2,46.04,89.89,38.83,46.39,0.0,66.24,90.55,49.03,2.83,46.39,73.43,15.23,63.66,87.36,71.22,36.06,49.19,13.42,61.61,20.88,56.14,16.97,76.16,59.23,91.76,64.78,66.13,54.63,104.45,29.83,77.49,85.8,63.66,70.52,12.08,45.31,46.57,25.08,70.72,70.83,27.2
44,45.12,89.82,75.71,30.53,40.0,44.05,13.42,90.02,86.53,26.91,85.16,15.23,32.56,76.03,24.17,59.67,62.13,57.31,64.5,85.88,27.78,43.17,72.8,92.2,76.42,22.09,75.39,77.82,54.04,4.0,84.12,87.36,86.28,80.0,78.1,43.17,66.48,58.03,34.06,32.31,45.12,27.86,28.64,66.24,0.0,89.38,50.6,68.96,28.64,7.21,55.03,16.97,62.13,27.78,78.03,17.2,74.67,77.25,46.04,28.07,50.16,39.45,20.0,64.5,75.15,86.38,12.81,58.22,82.04,91.24,37.66,19.8,87.32,66.41,21.93,71.2,68.59,18.38,55.97,87.36
45,72.11,44.72,42.43,98.79,70.34,71.39,87.13,63.91,10.77,62.8,73.76,95.02,78.43,92.0,66.48,54.0,62.29,34.99,90.8,19.7,62.23,60.17,24.0,81.04,66.48,75.18,30.07,92.02,37.58,86.37,34.18,37.58,8.94,10.77,18.11,60.17,82.22,56.89,74.0,104.31,59.67,79.92,100.96,90.55,89.38,0.0,46.52,92.35,100.96,91.61,77.67,72.47,34.53,63.81,60.83,86.83,84.02,30.27,89.2,108.41,81.04,53.67,103.48,36.06,26.0,30.87,90.69,63.0,72.18,20.62,64.51,69.66,25.94,79.16,89.63,45.04,67.0,73.5,33.42,83.55
46,26.31,40.05,26.0,52.8,53.67,57.31,54.15,45.69,40.0,30.27,46.86,51.61,56.32,53.85,26.68,54.04,24.41,12.17,48.66,36.88,24.08,46.04,42.19,55.32,36.88,46.39,25.06,54.63,29.53,46.82,33.53,36.88,47.54,35.78,44.05,46.04,42.38,17.2,53.14,58.41,47.2,34.06,55.32,49.03,50.6,46.52,0.0,51.42,55.32,55.32,34.23,36.22,38.63,34.93,34.99,42.8,47.41,26.83,43.17,63.66,36.06,33.29,60.0,43.08,25.61,35.85,47.71,60.11,43.93,42.01,46.07,34.06,37.22,39.92,44.55,22.2,32.02,41.01,21.84,53.81
47,28.84,59.06,51.92,44.72,95.27,99.64,80.45,43.86,82.87,68.41,31.24,57.58,93.34,8.0,58.14,102.86,30.07,62.8,4.47,75.71,60.0,90.97,93.38,33.11,30.53,80.62,62.8,10.0,80.32,65.51,63.25,62.77,96.0,82.1,94.53,90.97,10.2,36.06,92.02,48.17,92.65,41.62,48.66,2.83,68.96,92.35,51.42,0.0,48.66,76.16,17.89,66.48,89.84,74.03,36.72,51.88,12.81,63.15,23.41,58.31,19.8,78.89,61.61,94.25,66.48,67.36,57.27,107.19,29.7,78.85,88.6,66.48,71.84,13.34,47.93,48.05,26.25,73.55,73.25,26.0
48,35.78,87.82,74.89,4.0,67.08,71.39,42.05,81.61,95.27,46.39,72.99,13.42,60.73,56.57,37.36,84.02,54.63,66.03,44.41,91.93,41.76,68.03,89.89,78.23,66.48,49.03,79.25,58.55,71.47,27.2,85.6,87.66,100.24,90.44,94.02,68.03,50.04,53.85,61.61,4.0,70.03,21.26,0.0,46.39,28.64,100.96,55.32,48.66,0.0,34.99,40.79,38.0,81.04,50.04,70.23,16.12,58.0,80.72,26.0,10.2,34.53,60.53,13.42,84.4,80.62,88.87,16.49,84.29,70.21,96.88,63.2,40.05,91.35,51.24,11.7,69.89,58.52,43.29,69.78,72.03
49,51.92,95.04,80.89,37.2,36.5,40.2,8.0,96.19,89.55,28.84,91.78,21.63,28.0,83.19,28.64,57.58,68.47,60.93,71.69,89.55,31.62,41.23,73.59,98.95,82.87,19.7,79.7,84.97,55.17,10.77,88.77,92.2,87.86,82.68,79.2,41.23,73.54,64.03,30.27,38.47,43.08,34.93,34.99,73.43,7.21,91.61,55.32,76.16,34.99,0.0,62.03,19.7,62.48,28.28,84.21,24.41,81.71,81.61,53.25,32.98,57.27,39.7,24.74,64.4,79.12,90.8,19.8,55.11,88.65,94.94,35.47,22.36,91.42,73.39,29.07,76.53,75.13,18.38,58.25,94.25
50,11.31,50.91,40.5,36.88,77.9,82.22,65.3,41.23,68.96,50.99,32.25,46.17,76.58,22.63,41.04,84.97,17.2,46.04,14.56,62.77,42.52,73.24,76.42,38.05,26.0,64.03,49.4,24.08,62.64,51.26,52.15,52.8,80.4,67.08,78.03,73.24,11.66,20.88,74.97,41.76,74.89,27.2,40.79,15.23,55.03,77.67,34.23,17.89,40.79,62.03,0.0,50.0,72.28,56.64,30.53,38.83,19.7,50.16,16.12,50.99,6.32,61.06,52.04,76.66,52.5,56.08,44.72,89.36,29.43,66.64,71.06,49.68,59.94,11.4,36.12,35.85,18.36,57.01,55.9,32.56
51,38.83,76.24,62.13,38.21,30.46,34.93,18.0,79.25,69.97,10.0,76.55,26.68,26.91,72.47,10.2,46.04,52.5,41.23,62.23,69.86,12.17,30.07,56.04,84.31,67.05,14.14,60.17,74.03,37.2,14.42,69.43,72.99,69.31,63.25,61.22,30.07,61.61,47.07,26.08,42.0,32.06,26.08,38.0,63.66,16.97,72.47,36.22,66.48,38.0,19.7,50.0,0.0,45.65,12.17,67.47,22.09,69.34,62.1,46.04,41.23,46.69,23.41,34.18,48.33,59.46,71.31,22.36,46.53,73.39,75.24,25.5,2.83,71.78,60.75,27.29,58.01,59.81,7.07,39.05,80.5
52,62.8,63.81,53.81,80.05,36.06,36.88,56.57,77.79,38.21,35.78,82.8,71.69,44.72,92.48,43.68,20.88,62.61,28.84,86.83,43.68,39.29,26.0,11.66,91.21,73.24,43.86,43.27,93.23,10.0,60.03,52.84,57.31,27.86,30.27,17.89,26.0,80.99,55.46,40.25,84.9,25.3,62.51,81.04,87.36,62.13,34.53,38.63,89.84,81.04,62.48,72.28,45.65,0.0,34.41,69.66,65.15,85.91,44.94,78.1,86.16,72.99,22.8,79.62,4.47,39.45,51.89,67.23,29.61,80.21,48.05,30.89,42.94,49.04,78.55,69.38,53.08,69.84,44.2,17.0,90.97
53,45.34,74.24,60.53,50.04,21.26,25.61,23.32,80.32,62.77,5.66,79.65,38.83,21.54,79.25,16.12,34.0,55.57,36.22,70.0,64.03,14.14,18.44,45.34,87.82,69.77,12.17,56.14,80.62,26.91,26.0,66.03,70.0,59.67,55.46,50.91,18.44,67.88,49.19,18.87,54.04,20.4,36.06,50.04,71.22,27.78,63.81,34.93,74.03,50.04,28.28,56.64,12.17,34.41,0.0,69.08,34.0,75.07,58.14,55.46,53.37,54.41,11.66,46.17,36.72,54.59,67.27,34.53,35.17,76.54,69.38,14.76,10.0,66.91,66.53,39.05,57.07,63.29,9.9,30.87,84.88
54,34.93,22.36,18.44,66.48,88.59,92.28,85.16,12.0,50.36,63.91,13.42,72.99,90.62,33.53,57.27,87.73,16.12,41.04,37.2,42.05,56.32,80.99,68.96,21.63,6.32,79.7,31.05,32.98,62.23,74.03,28.07,26.68,66.48,51.92,68.03,80.99,27.2,20.4,87.73,71.69,82.1,52.61,70.23,36.06,78.03,60.83,34.99,36.72,70.23,84.21,30.53,67.47,69.66,69.08,0.0,64.5,25.3,30.59,46.65,80.32,36.72,68.26,80.05,74.03,35.44,32.14,70.46,94.49,11.4,44.1,81.01,65.97,37.05,24.21,63.35,17.0,12.21,73.5,53.08,22.8
55,30.0,79.12,65.39,16.12,51.92,56.32,29.73,76.42,82.02,30.27,70.11,8.94,46.52,59.09,21.54,68.0,48.37,52.35,47.41,79.65,26.0,52.15,74.32,76.66,62.03,34.18,67.68,60.93,55.71,14.14,75.18,77.82,85.44,76.58,78.71,52.15,50.0,45.61,46.82,20.1,54.15,12.0,16.12,49.19,17.2,86.83,42.8,51.88,16.12,24.41,38.83,22.09,65.15,34.0,64.5,0.0,58.24,69.34,28.84,21.63,33.53,44.41,17.2,68.41,68.41,78.03,6.0,68.59,67.07,84.81,47.52,24.0,79.88,50.22,5.39,60.54,54.01,27.89,54.71,71.39
56,30.53,47.54,42.19,54.0,96.21,100.42,84.97,31.24,74.03,69.43,18.44,65.12,95.6,8.25,60.0,100.96,23.41,57.58,15.23,66.27,60.96,90.69,87.93,20.88,18.97,83.23,54.0,8.0,76.94,70.94,52.95,51.92,88.57,74.24,88.29,90.69,8.25,30.46,93.72,58.14,92.2,46.82,58.0,13.42,74.67,84.02,47.41,12.81,58.0,81.71,19.7,69.34,85.91,75.07,25.3,58.24,0.0,54.04,32.0,68.03,24.74,78.1,70.26,90.38,58.03,57.07,64.03,106.21,17.03,68.88,89.1,68.82,61.81,8.6,55.11,39.0,17.12,76.28,68.94,14.14
57,47.2,18.87,12.17,77.79,72.99,75.71,79.62,34.99,20.0,54.59,43.68,78.23,78.1,62.13,53.14,65.3,33.53,22.0,62.1,12.65,50.0,63.56,41.04,51.26,36.22,70.26,2.0,62.03,40.5,73.54,8.25,12.65,36.06,21.54,38.83,63.56,52.95,29.53,74.24,83.45,64.03,59.67,80.72,61.61,77.25,30.27,26.83,63.15,80.72,81.61,50.16,62.1,44.94,58.14,30.59,69.34,54.04,0.0,63.81,89.64,54.59,52.35,86.53,48.83,5.66,9.22,74.43,73.41,41.98,16.64,65.62,59.67,10.63,49.82,70.6,15.13,37.22,65.92,31.32,53.37
58,17.09,66.6,55.32,22.0,76.16,80.62,58.14,57.27,81.44,50.16,47.54,34.18,72.8,31.05,39.4,87.36,32.56,55.32,18.97,76.16,42.38,73.54,84.21,52.35,42.05,60.0,62.77,32.98,68.12,42.8,66.84,67.94,90.71,78.43,86.83,73.54,24.08,34.41,72.11,26.31,75.39,20.0,26.0,20.88,46.04,89.2,43.17,23.41,26.0,53.25,16.12,46.04,78.1,55.46,46.65,28.84,32.0,63.81,0.0,36.06,10.0,62.64,38.47,82.22,65.3,70.6,34.0,90.25,44.92,80.45,70.21,46.65,74.06,25.5,24.6,50.45,34.48,53.01,63.13,46.04
59,45.69,97.53,84.38,14.14,68.03,72.11,40.79,91.76,103.32,50.6,83.19,14.56,60.53,66.27,42.94,86.83,64.62,73.76,54.15,100.5,47.41,70.46,95.71,88.36,76.66,50.0,88.09,68.26,76.97,28.07,94.87,97.1,107.07,98.08,100.24,70.46,60.13,63.53,62.13,10.2,72.44,30.0,10.2,56.14,28.07,108.41,63.66,58.31,10.2,32.98,50.99,41.23,86.16,53.37,80.32,21.63,68.03,89.64,36.06,0.0,44.72,64.56,8.25,89.2,89.2,98.01,18.97,86.05,80.41,105.55,65.19,43.68,100.26,61.4,19.1,79.4,68.68,45.28,76.32,82.1
60,10.2,56.64,45.61,30.59,75.6,80.0,61.06,47.54,72.8,48.83,38.47,40.45,73.54,26.08,38.42,84.31,22.63,48.17,15.62,67.08,40.5,71.69,78.03,44.0,32.31,60.83,53.67,27.78,63.15,46.52,57.2,58.14,83.19,70.34,80.1,71.69,16.49,25.06,72.25,35.44,73.43,22.36,34.53,16.97,50.16,81.04,36.06,19.8,34.53,57.27,6.32,46.69,72.99,54.41,36.72,33.53,24.74,54.59,10.0,44.72,0.0,59.93,46.0,77.28,56.46,61.03,39.29,88.12,35.69,71.2,69.07,46.69,64.66,17.03,30.41,40.8,24.6,53.76,57.14,38.21
61,50.12,69.86,56.92,60.13,20.88,24.17,34.06,78.71,53.85,14.14,80.0,50.0,26.08,83.23,24.08,24.74,56.64,30.59,75.18,56.32,20.4,12.81,33.94,88.41,70.0,21.63,50.36,84.4,16.12,37.58,60.53,64.78,48.83,46.17,39.7,12.81,71.61,49.68,22.0,64.5,14.14,44.41,60.53,76.16,39.45,53.67,33.29,78.89,60.53,39.7,61.06,23.41,22.8,11.66,68.26,44.41,78.1,52.35,62.64,64.56,59.93,0.0,57.58,25.06,48.04,61.13,45.61,28.3,77.01,61.52,13.34,20.88,60.01,69.81,49.16,54.23,64.44,21.4,22.2,86.37
62,45.12,95.85,82.29,17.09,60.0,64.03,32.56,91.78,99.04,43.86,84.21,8.49,52.35,69.43,37.2,79.25,64.03,69.31,57.27,96.83,41.62,62.8,89.55,90.0,76.94,42.05,84.88,71.39,70.71,20.4,92.28,94.83,101.61,93.38,94.34,62.8,62.13,62.03,54.04,15.62,64.78,27.86,13.42,59.23,20.0,103.48,60.0,61.61,13.42,24.74,52.04,34.18,79.62,46.17,80.05,17.2,70.26,86.53,38.47,8.25,46.0,57.58,0.0,82.46,85.6,95.19,12.81,78.16,81.3,102.0,57.43,36.77,97.08,63.01,16.76,77.39,68.88,37.66,70.8,84.1
63,67.08,67.68,58.0,83.55,35.78,36.06,58.14,82.02,40.79,38.63,87.2,74.67,44.94,96.93,47.07,18.11,67.08,33.29,91.21,46.82,42.76,26.08,12.17,95.6,77.67,45.34,47.2,97.69,14.14,62.61,56.6,61.06,28.64,32.98,18.44,26.08,85.44,59.93,40.5,88.29,25.06,66.27,84.4,91.76,64.5,36.06,43.08,94.25,84.4,64.4,76.66,48.33,4.47,36.72,74.03,68.41,90.38,48.83,82.22,89.2,77.28,25.06,82.46,0.0,43.27,55.47,70.23,27.07,84.63,50.96,31.4,45.69,52.39,83.01,72.78,57.38,74.3,46.32,21.47,95.41
64,48.37,24.41,17.09,77.9,68.47,71.02,76.66,40.5,16.49,51.42,48.7,77.2,74.0,66.0,50.99,59.93,36.5,18.44,65.12,11.31,47.54,58.86,35.38,56.46,40.79,66.75,4.47,66.03,35.44,71.55,13.42,17.89,31.05,16.49,33.29,58.86,56.32,31.62,70.03,83.55,59.23,59.4,80.62,64.78,75.15,26.0,25.61,66.48,80.62,79.12,52.5,59.46,39.45,54.59,35.44,68.41,58.03,5.66,65.3,89.2,56.46,48.04,85.6,43.27,0.0,13.15,73.24,68.15,46.84,16.4,61.2,56.92,12.37,53.24,70.09,19.1,41.0,62.82,26.48,58.24
65,54.49,13.89,15.65,85.8,81.61,84.17,88.84,33.24,20.12,63.79,44.1,86.95,87.02,65.31,62.3,72.62,38.95,31.06,66.85,11.18,59.2,72.01,46.4,50.8,38.33,79.4,11.18,64.94,48.51,82.64,4.12,6.71,38.28,24.76,43.14,72.01,57.25,36.24,83.1,91.44,72.37,68.01,88.87,66.13,86.38,30.87,35.85,67.36,88.87,90.8,56.08,71.31,51.89,67.27,32.14,78.03,57.07,9.22,70.6,98.01,61.03,61.13,95.19,55.47,13.15,0.0,83.24,80.99,43.0,12.0,74.33,68.88,5.1,54.08,79.06,20.25,41.11,75.13,39.62,54.08
66,36.0,84.76,70.94,17.89,50.64,54.92,26.08,82.39,86.37,31.62,76.11,4.47,44.27,64.62,24.41,68.26,54.33,56.64,52.8,84.4,28.84,52.04,76.94,82.61,68.03,32.56,72.72,66.48,58.14,10.77,80.5,83.26,88.81,80.62,81.63,52.04,55.79,51.42,45.12,20.4,54.04,18.0,16.49,54.63,12.81,90.69,47.71,57.27,16.49,19.8,44.72,22.36,67.23,34.53,70.46,6.0,64.03,74.43,34.0,18.97,39.29,45.61,12.81,70.23,73.24,83.24,0.0,68.07,73.06,89.63,47.01,24.74,84.91,56.09,9.43,66.13,60.01,27.02,58.01,77.28
67,78.39,92.14,80.78,84.72,18.68,15.65,47.3,104.04,67.74,40.16,106.89,72.01,28.23,111.5,50.92,9.0,84.22,54.08,103.45,73.25,47.93,16.76,39.0,115.36,96.94,36.12,71.59,112.65,33.12,58.01,81.54,86.01,55.15,59.84,45.04,16.76,99.86,77.1,25.0,88.28,14.87,71.17,84.29,104.45,58.22,63.0,60.11,107.19,84.29,55.11,89.36,46.53,29.61,35.17,94.49,68.59,106.21,73.41,90.25,86.05,88.12,28.3,78.16,27.07,68.15,80.99,68.07,0.0,104.0,77.67,21.1,44.91,78.45,98.01,73.82,79.06,91.97,41.05,42.54,113.86
68,37.12,31.78,29.83,66.29,96.8,100.69,90.52,14.21,61.66,71.12,3.16,75.01,97.95,24.7,63.32,97.62,21.02,51.4,31.4,53.24,63.07,89.81,80.06,11.4,7.07,86.41,42.45,23.71,72.35,78.09,39.01,37.12,77.88,63.32,79.31,89.81,21.95,27.46,95.38,71.06,91.05,55.08,70.21,29.83,82.04,72.18,43.93,29.7,70.21,88.65,29.43,73.39,80.21,76.54,11.4,67.07,17.03,41.98,44.92,80.41,35.69,77.01,81.3,84.63,46.84,43.0,73.06,104.0,0.0,55.0,89.31,72.24,48.01,19.7,65.03,28.23,13.6,79.85,63.41,11.4
69,63.82,25.0,26.93,94.07,81.02,83.02,92.03,44.91,10.82,66.73,56.08,93.6,87.57,77.1,67.12,68.88,49.77,34.01,78.11,5.39,63.51,71.0,40.31,62.65,50.25,81.49,17.8,76.79,47.0,87.71,16.03,18.25,29.0,18.03,35.85,71.0,68.68,46.14,83.38,99.72,71.03,75.69,96.88,77.49,91.24,20.62,42.01,78.85,96.88,94.94,66.64,75.24,48.05,69.38,44.1,84.81,68.88,16.64,80.45,105.55,71.2,61.52,102.0,50.96,16.4,12.0,89.63,77.67,55.0,0.0,74.17,72.62,7.07,65.52,86.45,31.02,52.63,78.11,39.32,66.07
70,59.82,83.2,70.21,63.64,7.62,11.4,28.18,91.71,65.92,20.25,92.36,51.01,13.93,93.61,30.89,22.14,68.6,43.93,84.63,69.07,28.6,5.83,42.54,100.69,82.38,15.81,63.64,94.92,27.46,37.12,73.82,78.09,58.6,58.05,48.76,5.83,82.13,61.85,9.49,67.19,7.62,50.7,63.2,85.8,37.66,64.51,46.07,88.6,63.2,35.47,71.06,25.5,30.89,14.76,81.01,47.52,89.1,65.62,70.21,65.19,69.07,13.34,57.43,31.4,61.2,74.33,47.01,21.1,89.31,74.17,0.0,24.04,73.03,80.62,52.77,67.42,76.4,20.0,35.0,98.23
71,38.42,74.11,60.03,40.05,29.53,34.0,20.1,77.67,67.23,7.21,75.39,29.12,26.91,72.25,8.94,44.0,51.26,38.63,62.29,67.23,10.0,28.28,53.25,83.26,65.79,14.42,57.72,73.76,34.41,17.2,67.08,70.71,66.48,60.46,58.41,28.28,61.22,45.61,25.61,44.05,30.27,26.83,40.05,63.66,19.8,69.66,34.06,66.48,40.05,22.36,49.68,2.83,42.94,10.0,65.97,24.0,68.82,59.67,46.65,43.68,46.69,20.88,36.77,45.69,56.92,68.88,24.74,44.91,72.24,72.62,24.04,0.0,69.26,60.22,29.07,56.01,58.69,7.62,36.24,79.65
72,57.63,18.79,19.92,88.41,80.16,82.49,89.02,38.33,15.26,63.79,49.16,88.75,86.05,70.04,63.16,69.89,42.95,30.81,71.17,6.4,59.81,70.35,42.72,55.9,43.19,79.08,12.21,69.72,46.53,83.67,9.0,11.7,33.6,20.62,39.05,70.35,61.68,39.66,82.01,94.07,70.58,70.29,91.35,70.52,87.32,25.94,37.22,71.84,91.35,91.42,59.94,71.78,49.04,66.91,37.05,79.88,61.81,10.63,74.06,100.26,64.66,60.01,97.08,52.39,12.37,5.1,84.91,78.45,48.01,7.07,73.03,69.26,0.0,58.52,81.22,24.17,45.61,75.19,38.05,59.14
73,21.95,46.32,38.6,47.27,87.69,91.92,76.49,33.02,69.58,60.88,22.14,57.43,87.01,13.93,51.4,92.96,17.03,50.7,13.04,62.37,52.4,82.33,81.25,27.02,18.38,74.63,49.5,14.76,69.35,62.63,49.98,49.66,83.05,69.01,82.04,82.33,3.16,23.54,85.15,51.79,83.87,38.6,51.24,12.08,66.41,79.16,39.92,13.34,51.24,73.39,11.4,60.75,78.55,66.53,24.21,50.22,8.6,49.82,25.5,61.4,17.03,69.81,63.01,83.01,53.24,54.08,56.09,98.01,19.7,65.52,80.62,60.22,58.52,0.0,47.38,34.71,13.0,67.68,61.68,21.21
74,28.44,79.2,65.76,11.0,57.28,61.68,34.83,75.13,84.29,35.06,68.01,10.05,51.89,55.36,25.71,73.03,47.3,54.82,43.46,81.39,30.08,57.31,78.19,74.17,60.41,39.56,69.03,57.25,59.77,19.21,76.01,78.39,88.68,79.2,82.35,57.31,46.87,45.31,52.2,15.52,59.3,11.18,11.7,45.31,21.93,89.63,44.55,47.93,11.7,29.07,36.12,27.29,69.38,39.05,63.35,5.39,55.11,70.6,24.6,19.1,30.41,49.16,16.76,72.78,70.09,79.06,9.43,73.82,65.03,86.45,52.77,29.07,81.22,47.38,0.0,60.83,52.35,33.24,58.14,68.59
75,34.71,18.68,5.0,66.61,75.03,78.39,76.01,25.0,35.06,52.47,30.41,69.46,78.34,47.04,48.09,71.84,18.79,25.0,47.13,27.66,46.01,66.64,51.97,38.59,21.84,68.59,15.0,47.0,46.23,67.27,16.4,17.8,50.01,35.51,51.08,66.64,37.85,16.28,75.0,72.2,67.54,49.65,69.89,46.57,71.2,45.04,22.2,48.05,69.89,76.53,35.85,58.01,53.08,57.07,17.0,60.54,39.0,15.13,50.45,79.4,40.8,54.23,77.39,57.38,19.1,20.25,66.13,79.06,28.23,31.02,67.42,56.01,24.17,34.71,60.83,0.0,22.09,63.13,36.88,39.56
76,24.02,33.6,25.71,54.71,83.82,87.8,76.92,23.09,57.14,57.8,16.76,62.2,84.6,25.0,49.77,86.05,7.81,41.15,25.94,49.65,49.65,77.23,71.17,24.6,8.06,72.92,37.05,25.08,61.29,64.63,37.0,36.67,71.45,57.14,71.31,77.23,16.16,14.87,82.15,59.81,78.57,42.01,58.52,25.08,68.59,67.0,32.02,26.25,58.52,75.13,18.36,59.81,69.84,63.29,12.21,54.01,17.12,37.22,34.48,68.68,24.6,64.44,68.88,74.3,41.0,41.11,60.01,91.97,13.6,52.63,76.4,58.69,45.61,13.0,52.35,22.09,0.0,66.31,52.84,21.93
77,45.8,81.01,67.01,43.93,24.04,28.46,13.93,85.15,72.01,11.4,83.01,31.02,19.85,79.51,16.55,41.59,58.87,44.38,69.3,72.73,17.26,25.18,55.23,90.87,73.39,7.07,63.95,81.06,36.8,17.26,73.55,77.32,69.53,64.88,60.81,25.18,68.6,53.16,19.24,47.27,27.17,33.02,43.29,70.72,18.38,73.5,41.01,73.55,43.29,18.38,57.01,7.07,44.2,9.9,73.5,27.89,76.28,65.92,53.01,45.28,53.76,21.4,37.66,46.32,62.82,75.13,27.02,41.05,79.85,78.11,20.0,7.62,75.19,67.68,33.24,63.13,66.31,0.0,40.31,87.24
78,47.04,49.77,38.28,68.15,42.11,44.55,54.12,61.85,31.95,29.41,66.07,62.43,48.26,75.61,33.6,35.0,45.62,12.04,70.41,34.13,29.21,32.39,21.1,74.52,56.4,42.72,29.41,76.32,9.43,53.04,39.56,43.97,30.81,24.6,24.35,32.39,64.2,38.48,44.1,73.41,32.76,49.65,69.78,70.83,55.97,33.42,21.84,73.25,69.78,58.25,55.9,39.05,17.0,30.87,53.08,54.71,68.94,31.32,63.13,76.32,57.14,22.2,70.8,21.47,26.48,39.62,58.01,42.54,63.41,39.32,35.0,36.24,38.05,61.68,58.14,36.88,52.84,40.31,0.0,74.06
79,42.38,42.19,41.23,68.03,105.6,109.64,96.93,22.8,72.99,79.32,10.0,78.64,106.0,18.87,70.71,107.81,29.73,62.13,29.12,64.5,71.02,99.16,91.24,7.21,17.89,94.02,53.85,17.2,82.8,83.52,50.16,48.0,89.29,74.73,90.62,99.16,22.0,36.77,103.73,72.25,100.5,59.67,72.03,27.2,87.36,83.55,53.81,26.0,72.03,94.25,32.56,80.5,90.97,84.88,22.8,71.39,14.14,53.37,46.04,82.1,38.21,86.37,84.1,95.41,58.24,54.08,77.28,113.86,11.4,66.07,98.23,79.65,59.14,21.21,68.59,39.56,21.93,87.24,74.06,0.0
