set K:= 1	2	3	4	5	6	7	8	9;
set C_H:= 1	2	3	4	5	6	7	8	9	10	11	12	13	14	15	16	17	18	19	20	21;
set C_S:= 22	23	24	25	26	27	28	29	30	31	32	33	34	35	36	37	38	39	40	41	42;
set C_F:= 43	44	45	46	47	48	49	50	51	52	53	54	55	56	57	58	59	60	61	62	63;
set M:= 64	65	66	67	68	69;
set L_B:= 70	71	72	73	74	75	76	77	78;
set A1:=
(0,*) 1 2 3 4 5 6 7 8 9 10 11 12 13 14 15 16 17 18 19 20 21 43 44 45 46 47 48 49 50 51 52 53 54 55 56 57 58 59 60 61 62 63 64 65 66 67 68 69 70 71 72 73 74 75 76 77 78 79
(1,*) 0 2 3 4 5 6 7 8 9 10 11 12 13 14 15 16 17 18 19 20 21 43 44 45 46 47 48 49 50 51 52 53 54 55 56 57 58 59 60 61 62 63 64 65 66 67 68 69 70 71 72 73 74 75 76 77 78 79
(2,*) 0 1 3 4 5 6 7 8 9 10 11 12 13 14 15 16 17 18 19 20 21 43 44 45 46 47 48 49 50 51 52 53 54 55 56 57 58 59 60 61 62 63 64 65 66 67 68 69 70 71 72 73 74 75 76 77 78 79
(3,*) 0 1 2 4 5 6 7 8 9 10 11 12 13 14 15 16 17 18 19 20 21 43 44 45 46 47 48 49 50 51 52 53 54 55 56 57 58 59 60 61 62 63 64 65 66 67 68 69 70 71 72 73 74 75 76 77 78 79
(4,*) 0 1 2 3 5 6 7 8 9 10 11 12 13 14 15 16 17 18 19 20 21 43 44 45 46 47 48 49 50 51 52 53 54 55 56 57 58 59 60 61 62 63 64 65 66 67 68 69 70 71 72 73 74 75 76 77 78 79
(5,*) 0 1 2 3 4 6 7 8 9 10 11 12 13 14 15 16 17 18 19 20 21 43 44 45 46 47 48 49 50 51 52 53 54 55 56 57 58 59 60 61 62 63 64 65 66 67 68 69 70 71 72 73 74 75 76 77 78 79
(6,*) 0 1 2 3 4 5 7 8 9 10 11 12 13 14 15 16 17 18 19 20 21 43 44 45 46 47 48 49 50 51 52 53 54 55 56 57 58 59 60 61 62 63 64 65 66 67 68 69 70 71 72 73 74 75 76 77 78 79
(7,*) 0 1 2 3 4 5 6 8 9 10 11 12 13 14 15 16 17 18 19 20 21 43 44 45 46 47 48 49 50 51 52 53 54 55 56 57 58 59 60 61 62 63 64 65 66 67 68 69 70 71 72 73 74 75 76 77 78 79
(8,*) 0 1 2 3 4 5 6 7 9 10 11 12 13 14 15 16 17 18 19 20 21 43 44 45 46 47 48 49 50 51 52 53 54 55 56 57 58 59 60 61 62 63 64 65 66 67 68 69 70 71 72 73 74 75 76 77 78 79
(9,*) 0 1 2 3 4 5 6 7 8 10 11 12 13 14 15 16 17 18 19 20 21 43 44 45 46 47 48 49 50 51 52 53 54 55 56 57 58 59 60 61 62 63 64 65 66 67 68 69 70 71 72 73 74 75 76 77 78 79
(10,*) 0 1 2 3 4 5 6 7 8 9 11 12 13 14 15 16 17 18 19 20 21 43 44 45 46 47 48 49 50 51 52 53 54 55 56 57 58 59 60 61 62 63 64 65 66 67 68 69 70 71 72 73 74 75 76 77 78 79
(11,*) 0 1 2 3 4 5 6 7 8 9 10 12 13 14 15 16 17 18 19 20 21 43 44 45 46 47 48 49 50 51 52 53 54 55 56 57 58 59 60 61 62 63 64 65 66 67 68 69 70 71 72 73 74 75 76 77 78 79
(12,*) 0 1 2 3 4 5 6 7 8 9 10 11 13 14 15 16 17 18 19 20 21 43 44 45 46 47 48 49 50 51 52 53 54 55 56 57 58 59 60 61 62 63 64 65 66 67 68 69 70 71 72 73 74 75 76 77 78 79
(13,*) 0 1 2 3 4 5 6 7 8 9 10 11 12 14 15 16 17 18 19 20 21 43 44 45 46 47 48 49 50 51 52 53 54 55 56 57 58 59 60 61 62 63 64 65 66 67 68 69 70 71 72 73 74 75 76 77 78 79
(14,*) 0 1 2 3 4 5 6 7 8 9 10 11 12 13 15 16 17 18 19 20 21 43 44 45 46 47 48 49 50 51 52 53 54 55 56 57 58 59 60 61 62 63 64 65 66 67 68 69 70 71 72 73 74 75 76 77 78 79
(15,*) 0 1 2 3 4 5 6 7 8 9 10 11 12 13 14 16 17 18 19 20 21 43 44 45 46 47 48 49 50 51 52 53 54 55 56 57 58 59 60 61 62 63 64 65 66 67 68 69 70 71 72 73 74 75 76 77 78 79
(16,*) 0 1 2 3 4 5 6 7 8 9 10 11 12 13 14 15 17 18 19 20 21 43 44 45 46 47 48 49 50 51 52 53 54 55 56 57 58 59 60 61 62 63 64 65 66 67 68 69 70 71 72 73 74 75 76 77 78 79
(17,*) 0 1 2 3 4 5 6 7 8 9 10 11 12 13 14 15 16 18 19 20 21 43 44 45 46 47 48 49 50 51 52 53 54 55 56 57 58 59 60 61 62 63 64 65 66 67 68 69 70 71 72 73 74 75 76 77 78 79
(18,*) 0 1 2 3 4 5 6 7 8 9 10 11 12 13 14 15 16 17 19 20 21 43 44 45 46 47 48 49 50 51 52 53 54 55 56 57 58 59 60 61 62 63 64 65 66 67 68 69 70 71 72 73 74 75 76 77 78 79
(19,*) 0 1 2 3 4 5 6 7 8 9 10 11 12 13 14 15 16 17 18 20 21 43 44 45 46 47 48 49 50 51 52 53 54 55 56 57 58 59 60 61 62 63 64 65 66 67 68 69 70 71 72 73 74 75 76 77 78 79
(20,*) 0 1 2 3 4 5 6 7 8 9 10 11 12 13 14 15 16 17 18 19 21 43 44 45 46 47 48 49 50 51 52 53 54 55 56 57 58 59 60 61 62 63 64 65 66 67 68 69 70 71 72 73 74 75 76 77 78 79
(21,*) 0 1 2 3 4 5 6 7 8 9 10 11 12 13 14 15 16 17 18 19 20 43 44 45 46 47 48 49 50 51 52 53 54 55 56 57 58 59 60 61 62 63 64 65 66 67 68 69 70 71 72 73 74 75 76 77 78 79
(43,*) 0 1 2 3 4 5 6 7 8 9 10 11 12 13 14 15 16 17 18 19 20 21 44 45 46 47 48 49 50 51 52 53 54 55 56 57 58 59 60 61 62 63 64 65 66 67 68 69 70 71 72 73 74 75 76 77 78 79
(44,*) 0 1 2 3 4 5 6 7 8 9 10 11 12 13 14 15 16 17 18 19 20 21 43 45 46 47 48 49 50 51 52 53 54 55 56 57 58 59 60 61 62 63 64 65 66 67 68 69 70 71 72 73 74 75 76 77 78 79
(45,*) 0 1 2 3 4 5 6 7 8 9 10 11 12 13 14 15 16 17 18 19 20 21 43 44 46 47 48 49 50 51 52 53 54 55 56 57 58 59 60 61 62 63 64 65 66 67 68 69 70 71 72 73 74 75 76 77 78 79
(46,*) 0 1 2 3 4 5 6 7 8 9 10 11 12 13 14 15 16 17 18 19 20 21 43 44 45 47 48 49 50 51 52 53 54 55 56 57 58 59 60 61 62 63 64 65 66 67 68 69 70 71 72 73 74 75 76 77 78 79
(47,*) 0 1 2 3 4 5 6 7 8 9 10 11 12 13 14 15 16 17 18 19 20 21 43 44 45 46 48 49 50 51 52 53 54 55 56 57 58 59 60 61 62 63 64 65 66 67 68 69 70 71 72 73 74 75 76 77 78 79
(48,*) 0 1 2 3 4 5 6 7 8 9 10 11 12 13 14 15 16 17 18 19 20 21 43 44 45 46 47 49 50 51 52 53 54 55 56 57 58 59 60 61 62 63 64 65 66 67 68 69 70 71 72 73 74 75 76 77 78 79
(49,*) 0 1 2 3 4 5 6 7 8 9 10 11 12 13 14 15 16 17 18 19 20 21 43 44 45 46 47 48 50 51 52 53 54 55 56 57 58 59 60 61 62 63 64 65 66 67 68 69 70 71 72 73 74 75 76 77 78 79
(50,*) 0 1 2 3 4 5 6 7 8 9 10 11 12 13 14 15 16 17 18 19 20 21 43 44 45 46 47 48 49 51 52 53 54 55 56 57 58 59 60 61 62 63 64 65 66 67 68 69 70 71 72 73 74 75 76 77 78 79
(51,*) 0 1 2 3 4 5 6 7 8 9 10 11 12 13 14 15 16 17 18 19 20 21 43 44 45 46 47 48 49 50 52 53 54 55 56 57 58 59 60 61 62 63 64 65 66 67 68 69 70 71 72 73 74 75 76 77 78 79
(52,*) 0 1 2 3 4 5 6 7 8 9 10 11 12 13 14 15 16 17 18 19 20 21 43 44 45 46 47 48 49 50 51 53 54 55 56 57 58 59 60 61 62 63 64 65 66 67 68 69 70 71 72 73 74 75 76 77 78 79
(53,*) 0 1 2 3 4 5 6 7 8 9 10 11 12 13 14 15 16 17 18 19 20 21 43 44 45 46 47 48 49 50 51 52 54 55 56 57 58 59 60 61 62 63 64 65 66 67 68 69 70 71 72 73 74 75 76 77 78 79
(54,*) 0 1 2 3 4 5 6 7 8 9 10 11 12 13 14 15 16 17 18 19 20 21 43 44 45 46 47 48 49 50 51 52 53 55 56 57 58 59 60 61 62 63 64 65 66 67 68 69 70 71 72 73 74 75 76 77 78 79
(55,*) 0 1 2 3 4 5 6 7 8 9 10 11 12 13 14 15 16 17 18 19 20 21 43 44 45 46 47 48 49 50 51 52 53 54 56 57 58 59 60 61 62 63 64 65 66 67 68 69 70 71 72 73 74 75 76 77 78 79
(56,*) 0 1 2 3 4 5 6 7 8 9 10 11 12 13 14 15 16 17 18 19 20 21 43 44 45 46 47 48 49 50 51 52 53 54 55 57 58 59 60 61 62 63 64 65 66 67 68 69 70 71 72 73 74 75 76 77 78 79
(57,*) 0 1 2 3 4 5 6 7 8 9 10 11 12 13 14 15 16 17 18 19 20 21 43 44 45 46 47 48 49 50 51 52 53 54 55 56 58 59 60 61 62 63 64 65 66 67 68 69 70 71 72 73 74 75 76 77 78 79
(58,*) 0 1 2 3 4 5 6 7 8 9 10 11 12 13 14 15 16 17 18 19 20 21 43 44 45 46 47 48 49 50 51 52 53 54 55 56 57 59 60 61 62 63 64 65 66 67 68 69 70 71 72 73 74 75 76 77 78 79
(59,*) 0 1 2 3 4 5 6 7 8 9 10 11 12 13 14 15 16 17 18 19 20 21 43 44 45 46 47 48 49 50 51 52 53 54 55 56 57 58 60 61 62 63 64 65 66 67 68 69 70 71 72 73 74 75 76 77 78 79
(60,*) 0 1 2 3 4 5 6 7 8 9 10 11 12 13 14 15 16 17 18 19 20 21 43 44 45 46 47 48 49 50 51 52 53 54 55 56 57 58 59 61 62 63 64 65 66 67 68 69 70 71 72 73 74 75 76 77 78 79
(61,*) 0 1 2 3 4 5 6 7 8 9 10 11 12 13 14 15 16 17 18 19 20 21 43 44 45 46 47 48 49 50 51 52 53 54 55 56 57 58 59 60 62 63 64 65 66 67 68 69 70 71 72 73 74 75 76 77 78 79
(62,*) 0 1 2 3 4 5 6 7 8 9 10 11 12 13 14 15 16 17 18 19 20 21 43 44 45 46 47 48 49 50 51 52 53 54 55 56 57 58 59 60 61 63 64 65 66 67 68 69 70 71 72 73 74 75 76 77 78 79
(63,*) 0 1 2 3 4 5 6 7 8 9 10 11 12 13 14 15 16 17 18 19 20 21 43 44 45 46 47 48 49 50 51 52 53 54 55 56 57 58 59 60 61 62 64 65 66 67 68 69 70 71 72 73 74 75 76 77 78 79
(64,*) 0 1 2 3 4 5 6 7 8 9 10 11 12 13 14 15 16 17 18 19 20 21 43 44 45 46 47 48 49 50 51 52 53 54 55 56 57 58 59 60 61 62 63 65 66 67 68 69 70 71 72 73 74 75 76 77 78 79
(65,*) 0 1 2 3 4 5 6 7 8 9 10 11 12 13 14 15 16 17 18 19 20 21 43 44 45 46 47 48 49 50 51 52 53 54 55 56 57 58 59 60 61 62 63 64 66 67 68 69 70 71 72 73 74 75 76 77 78 79
(66,*) 0 1 2 3 4 5 6 7 8 9 10 11 12 13 14 15 16 17 18 19 20 21 43 44 45 46 47 48 49 50 51 52 53 54 55 56 57 58 59 60 61 62 63 64 65 67 68 69 70 71 72 73 74 75 76 77 78 79
(67,*) 0 1 2 3 4 5 6 7 8 9 10 11 12 13 14 15 16 17 18 19 20 21 43 44 45 46 47 48 49 50 51 52 53 54 55 56 57 58 59 60 61 62 63 64 65 66 68 69 70 71 72 73 74 75 76 77 78 79
(68,*) 0 1 2 3 4 5 6 7 8 9 10 11 12 13 14 15 16 17 18 19 20 21 43 44 45 46 47 48 49 50 51 52 53 54 55 56 57 58 59 60 61 62 63 64 65 66 67 69 70 71 72 73 74 75 76 77 78 79
(69,*) 0 1 2 3 4 5 6 7 8 9 10 11 12 13 14 15 16 17 18 19 20 21 43 44 45 46 47 48 49 50 51 52 53 54 55 56 57 58 59 60 61 62 63 64 65 66 67 68 70 71 72 73 74 75 76 77 78 79
(70,*) 0 1 2 3 4 5 6 7 8 9 10 11 12 13 14 15 16 17 18 19 20 21 43 44 45 46 47 48 49 50 51 52 53 54 55 56 57 58 59 60 61 62 63 64 65 66 67 68 69 71 72 73 74 75 76 77 78 79
(71,*) 0 1 2 3 4 5 6 7 8 9 10 11 12 13 14 15 16 17 18 19 20 21 43 44 45 46 47 48 49 50 51 52 53 54 55 56 57 58 59 60 61 62 63 64 65 66 67 68 69 70 72 73 74 75 76 77 78 79
(72,*) 0 1 2 3 4 5 6 7 8 9 10 11 12 13 14 15 16 17 18 19 20 21 43 44 45 46 47 48 49 50 51 52 53 54 55 56 57 58 59 60 61 62 63 64 65 66 67 68 69 70 71 73 74 75 76 77 78 79
(73,*) 0 1 2 3 4 5 6 7 8 9 10 11 12 13 14 15 16 17 18 19 20 21 43 44 45 46 47 48 49 50 51 52 53 54 55 56 57 58 59 60 61 62 63 64 65 66 67 68 69 70 71 72 74 75 76 77 78 79
(74,*) 0 1 2 3 4 5 6 7 8 9 10 11 12 13 14 15 16 17 18 19 20 21 43 44 45 46 47 48 49 50 51 52 53 54 55 56 57 58 59 60 61 62 63 64 65 66 67 68 69 70 71 72 73 75 76 77 78 79
(75,*) 0 1 2 3 4 5 6 7 8 9 10 11 12 13 14 15 16 17 18 19 20 21 43 44 45 46 47 48 49 50 51 52 53 54 55 56 57 58 59 60 61 62 63 64 65 66 67 68 69 70 71 72 73 74 76 77 78 79
(76,*) 0 1 2 3 4 5 6 7 8 9 10 11 12 13 14 15 16 17 18 19 20 21 43 44 45 46 47 48 49 50 51 52 53 54 55 56 57 58 59 60 61 62 63 64 65 66 67 68 69 70 71 72 73 74 75 77 78 79
(77,*) 0 1 2 3 4 5 6 7 8 9 10 11 12 13 14 15 16 17 18 19 20 21 43 44 45 46 47 48 49 50 51 52 53 54 55 56 57 58 59 60 61 62 63 64 65 66 67 68 69 70 71 72 73 74 75 76 78 79
(78,*) 0 1 2 3 4 5 6 7 8 9 10 11 12 13 14 15 16 17 18 19 20 21 43 44 45 46 47 48 49 50 51 52 53 54 55 56 57 58 59 60 61 62 63 64 65 66 67 68 69 70 71 72 73 74 75 76 77 79
(79,*) 0 1 2 3 4 5 6 7 8 9 10 11 12 13 14 15 16 17 18 19 20 21 43 44 45 46 47 48 49 50 51 52 53 54 55 56 57 58 59 60 61 62 63 64 65 66 67 68 69 70 71 72 73 74 75 76 77 78
;
set A2:=
(64,*) 65
(65,*) 64
(66,*) 67
(67,*) 66
;
param BigM:=99999;
param n:= 9;
param d:=
1	15
2	23
3	5
4	16
5	26
6	5
7	23
8	8
9	2
10	17
11	7
12	5
13	4
14	19
15	19
16	24
17	9
18	18
19	19
20	11
21	8
22	10
23	23
24	17
25	4
26	18
27	4
28	16
29	4
30	23
31	26
32	16
33	21
34	5
35	12
36	3
37	8
38	19
39	16
40	3
41	8
42	12
43	24
44	1
45	2
46	9
47	8
48	23
49	13
50	18
51	8
52	2
53	8
54	8
55	26
56	8
57	12
58	26
59	5
60	22
61	15
62	5
63	54
;
param Q:=100;
param w:=
[64,*] 65 2
[65,*] 64 2
[66,*] 67 2
[67,*] 66 2
;
param V:=
[64,*] 65 98
[65,*] 64 98
[66,*] 67 77
[67,*] 66 77
;
param e:
	64	65	66	67	68	69	70	71	72	73	74	75	76	77	78:=
22		1		0		0		0		1		0		0		0		0		0		0		0		0		0		0	
23		0		0		0		0		0		0		0		0		0		1		0		0		0		0		0	
24		0		0		1		0		0		0		0		0		0		0		0		0		0		0		0	
25		0		1		0		0		0		0		0		0		0		0		0		0		0		0		0	
26		1		0		0		0		0		0		0		0		0		0		1		0		1		0		0	
27		0		1		0		0		0		0		0		0		0		1		0		0		0		0		0	
28		0		0		0		0		0		0		0		0		0		1		0		0		0		0		0	
29		0		0		0		1		0		0		0		0		0		0		0		0		0		0		0	
30		0		0		0		0		1		0		0		0		0		0		0		0		1		0		0	
31		0		0		0		0		0		0		0		0		0		1		0		1		0		0		0	
32		0		0		0		0		0		0		0		0		0		0		0		0		1		0		0	
33		1		0		0		0		1		0		0		0		0		0		0		0		0		0		0	
34		0		0		0		0		0		0		0		0		1		0		1		0		0		0		0	
35		0		0		0		0		0		0		0		0		1		1		0		0		0		0		0	
36		0		0		0		1		0		0		0		0		0		0		0		0		0		0		0	
37		0		0		0		0		0		0		0		0		1		0		0		0		0		0		0	
38		0		0		0		0		1		0		0		0		0		0		0		0		1		0		0	
39		0		0		0		1		0		0		0		0		1		0		0		0		0		0		0	
40		0		0		1		0		0		1		0		0		0		0		0		0		0		0		0	
41		0		0		0		0		0		0		0		0		0		0		1		0		0		0		0	
42		0		0		0		0		0		0		0		1		0		0		0		1		0		0		0	
43		0		0		0		0		0		0		0		0		1		1		0		0		0		0		0	
44		0		0		0		1		0		0		0		0		0		0		0		0		0		0		0	
45		0		0		0		0		0		0		1		1		0		1		0		1		0		1		1	
46		1		0		0		0		1		0		0		0		0		0		0		0		0		0		0	
47		0		0		0		0		0		1		0		1		0		0		0		1		0		1		0	
48		1		0		0		1		0		0		1		0		0		0		1		0		0		0		1	
49		0		0		0		0		0		0		1		0		0		0		0		0		1		0		1	
50		1		0		0		0		1		0		0		0		0		0		1		0		1		0		1	
51		0		0		0		0		0		0		1		1		1		1		1		0		0		1		1	
52		1		0		0		0		0		0		0		0		0		0		1		0		0		0		1	
53		0		0		0		0		0		0		1		0		1		0		1		0		0		0		1	
54		0		0		0		0		0		0		0		1		0		1		0		1		0		1		0	
55		0		0		0		0		0		0		1		1		0		0		0		0		0		0		0	
56		0		0		0		0		0		0		1		0		0		0		0		0		0		0		1	
57		0		1		0		0		0		0		0		0		0		0		0		0		0		0		0	
58		0		0		0		0		0		0		0		0		1		0		0		0		0		0		0	
59		0		0		1		0		0		1		0		0		0		0		0		0		0		0		0	
60		0		1		0		0		0		0		0		0		0		1		0		0		0		0		0	
61		0		1		0		0		0		0		0		0		0		0		0		0		0		0		0	
62		0		0		0		0		0		0		1		0		1		0		1		0		0		0		1	
63		0		0		0		0		0		0		1		1		1		0		1		0		0		0		1	
;
param p:=
1	1
2	1
3	1
4	1
5	1
6	1
7	1
8	1
9	1
;
param G:=
64	98
65	98
66	77
67	74
68	84
69	99
70	90
71	77
72	76
73	87
74	78
75	75
76	79
77	88
78	94
;
param s:=
0	0
1	10
2	10
3	10
4	10
5	10
6	10
7	10
8	10
9	10
10	10
11	10
12	10
13	10
14	10
15	10
16	10
17	10
18	10
19	10
20	10
21	10
43	10
44	10
45	10
46	10
47	10
48	10
49	10
50	10
51	10
52	10
53	10
54	10
55	10
56	10
57	10
58	10
59	10
60	10
61	10
62	10
63	10
64	10
65	10
66	10
67	10
68	10
69	10
70	10
71	10
72	10
73	10
74	10
75	10
76	10
77	10
78	10
;
param t:
	0	1	2	3	4	5	6	7	8	9	10	11	12	13	14	15	16	17	18	19	20	21	22	23	24	25	26	27	28	29	30	31	32	33	34	35	36	37	38	39	40	41	42	43	44	45	46	47	48	49	50	51	52	53	54	55	56	57	58	59	60	61	62	63	64	65	66	67	68	69	70	71	72	73	74	75	76	77	78	79:=
0	0.0	96.0	48.37	12.81	50.16	50.64	86.28	22.8	86.28	99.54	38.0	63.81	87.82	77.67	33.53	78.0	50.99	74.67	27.78	49.52	70.68	88.57	62.48	68.12	5.66	75.29	43.86	75.15	46.69	95.27	62.8	58.14	21.63	69.34	79.12	60.53	99.54	61.61	42.38	88.57	22.63	45.65	49.19	76.24	108.76	50.16	61.74	34.99	69.43	35.38	59.67	59.23	67.94	57.69	47.54	29.73	31.62	91.76	87.36	31.24	76.0	88.02	75.29	48.7	63.63	74.22	21.38	93.01	58.52	31.4	53.67	43.42	72.8	64.63	64.14	46.62	49.65	54.13	56.82	0.0
1	96.0	0.0	59.09	86.37	104.71	46.69	68.96	83.95	71.69	38.21	58.0	82.22	48.33	25.61	64.78	38.42	47.07	36.77	85.44	71.69	43.86	12.81	73.76	28.28	92.09	32.56	73.35	42.52	50.64	63.91	106.02	51.11	85.91	82.02	29.73	36.88	38.21	38.63	91.24	41.23	81.58	60.17	56.46	20.88	58.14	46.17	89.64	68.41	63.66	74.0	74.03	39.85	65.05	57.69	51.42	68.73	72.28	27.2	26.83	79.7	20.0	8.25	32.56	52.5	84.39	30.0	94.37	58.87	93.81	73.5	53.67	53.34	38.21	33.24	52.63	55.97	92.78	44.38	53.34	96.0
2	48.37	59.09	0.0	45.25	46.04	17.89	41.18	28.64	42.05	51.92	24.33	31.05	39.45	52.5	17.2	30.59	16.12	28.07	55.57	14.42	58.31	57.2	24.08	32.8	42.94	54.92	14.42	61.74	16.49	48.17	49.68	50.99	30.59	34.23	34.06	24.08	51.92	20.59	32.25	40.5	47.71	2.83	46.04	38.47	60.46	21.54	35.78	43.68	24.17	16.0	22.36	20.0	23.41	10.0	36.22	19.8	17.09	67.94	42.0	52.8	41.62	50.99	30.07	8.94	32.57	51.61	58.9	45.28	38.01	46.24	6.0	30.02	26.08	39.66	15.81	42.01	34.71	36.69	8.54	48.37
3	12.81	86.37	45.25	0.0	58.31	43.08	85.6	26.31	86.02	94.02	29.12	66.48	84.02	66.48	28.43	72.72	43.86	68.96	16.49	50.12	58.31	78.03	63.53	59.23	13.42	63.56	44.72	62.77	39.4	93.38	70.0	45.69	26.08	71.69	72.5	52.5	94.02	54.63	48.17	83.76	10.0	42.43	36.77	67.47	105.26	41.76	65.97	22.36	68.41	35.78	60.83	52.0	67.2	55.17	36.22	25.46	30.53	80.05	80.62	18.87	66.48	78.64	68.88	43.27	66.73	62.8	14.32	90.52	63.79	18.6	49.68	33.06	67.23	54.01	60.88	34.48	55.33	43.1	53.15	12.81
4	50.16	104.71	46.04	58.31	0.0	62.29	58.86	33.53	57.27	88.81	60.46	30.27	72.25	97.67	48.83	70.88	60.96	70.23	74.67	33.11	100.0	103.23	36.06	78.82	46.0	99.04	31.62	104.02	59.4	70.71	13.42	89.89	32.98	34.93	77.25	70.0	88.81	66.57	14.14	76.94	67.08	45.61	82.37	84.38	88.36	65.05	22.8	72.8	48.17	34.06	34.23	66.03	46.17	47.54	74.89	46.65	38.83	113.28	84.12	75.71	87.66	96.75	73.54	54.04	28.44	96.17	71.0	71.18	16.76	72.12	51.11	68.24	68.35	84.15	53.76	78.39	12.37	78.24	51.43	50.16
5	50.64	46.69	17.89	43.08	62.29	0.0	53.37	37.36	54.92	51.61	14.42	48.7	44.41	35.38	18.11	31.11	2.0	26.91	48.17	32.25	40.5	42.05	41.23	18.44	46.17	37.2	31.24	43.86	4.0	57.27	67.2	34.06	39.29	51.42	29.53	10.0	51.61	11.66	48.17	42.43	41.62	17.2	30.59	26.08	65.3	4.0	53.67	32.8	38.05	28.84	39.85	8.94	38.0	24.08	20.4	22.09	26.0	50.99	37.58	43.86	27.2	38.47	26.08	8.94	50.33	34.06	54.38	53.24	55.76	36.8	16.12	15.65	25.46	22.02	25.5	26.93	51.74	19.24	19.0	50.64
6	86.28	68.96	41.18	85.6	58.86	53.37	0.0	63.78	2.83	37.2	64.62	28.64	21.26	77.28	58.31	31.62	51.42	34.93	96.75	36.88	90.02	74.67	25.06	56.32	80.62	82.61	42.52	92.2	54.41	12.0	52.04	86.58	65.3	24.08	40.5	52.04	37.2	46.04	52.0	28.43	88.84	43.91	83.95	55.79	30.07	57.27	36.22	84.31	17.2	50.91	27.78	48.17	18.44	31.3	73.76	60.46	55.32	89.84	42.19	93.91	61.61	63.56	39.29	46.82	30.41	78.64	99.62	13.93	42.3	87.24	38.63	68.68	34.53	69.03	27.89	80.28	47.8	71.57	35.11	86.28
7	22.8	83.95	28.64	26.31	33.53	37.36	63.78	0.0	63.66	80.52	30.0	41.18	67.23	70.71	19.7	59.23	36.88	56.57	42.0	26.91	69.31	79.12	39.7	55.79	17.2	70.46	21.26	73.59	33.53	73.24	44.18	58.14	2.0	46.65	62.13	47.07	80.52	46.17	22.0	68.96	34.06	26.31	50.0	63.15	87.66	38.63	39.85	39.4	47.2	13.42	36.88	44.41	45.61	36.77	43.86	16.12	12.0	86.09	70.26	42.43	64.56	75.71	58.14	32.06	41.15	68.26	40.26	71.34	37.48	38.6	34.53	37.64	54.59	56.82	43.66	46.23	29.07	48.6	37.11	22.8
8	86.28	71.69	42.05	86.02	57.27	54.92	2.83	63.66	0.0	40.0	65.79	27.2	24.08	79.62	59.06	34.18	52.95	37.36	97.53	36.77	92.09	77.25	24.41	58.55	80.62	84.85	42.43	94.34	55.79	14.14	50.0	88.36	65.12	22.36	43.08	54.0	40.0	48.0	50.99	31.24	89.55	44.72	85.51	58.24	32.25	58.86	34.53	85.44	17.89	50.99	27.2	50.04	18.87	32.31	75.31	61.06	55.61	92.35	44.94	94.85	64.03	66.21	41.76	48.08	28.86	80.89	100.12	16.55	40.61	88.24	39.85	70.09	36.88	71.11	29.43	81.79	46.49	73.33	36.4	86.28
9	99.54	38.21	51.92	94.02	88.81	51.61	37.2	80.52	40.0	0.0	66.03	60.17	17.09	56.32	66.21	21.54	50.48	25.06	99.64	58.03	73.54	48.17	52.95	41.62	94.34	63.25	62.29	74.0	54.92	28.43	85.44	75.47	82.46	57.58	22.63	43.86	0.0	40.0	78.03	12.0	93.23	54.41	76.84	35.78	20.0	54.04	68.41	83.55	40.79	67.47	54.59	42.8	42.76	44.41	67.94	69.86	68.96	64.12	16.12	95.02	41.23	36.22	25.61	50.99	62.36	59.46	105.95	24.04	73.98	87.97	46.17	65.86	26.83	54.71	37.34	74.41	76.53	62.63	43.42	99.54
10	38.0	58.0	24.33	29.12	60.46	14.42	64.62	30.0	65.79	66.03	0.0	54.15	58.14	41.23	11.66	45.34	15.62	41.23	33.94	36.22	39.7	50.99	48.04	30.27	34.23	40.5	32.98	43.86	11.31	69.97	68.03	29.53	31.62	58.0	43.91	23.41	66.03	26.08	46.65	56.64	27.2	22.09	22.8	38.47	79.25	12.65	57.27	19.7	48.08	26.83	46.0	23.32	47.54	33.53	14.42	14.14	21.63	56.36	51.88	30.0	38.0	50.04	40.5	17.89	55.33	38.47	39.96	66.29	57.87	23.02	26.0	7.81	39.7	27.51	37.12	18.68	51.89	18.6	29.55	38.0
11	63.81	82.22	31.05	66.48	30.27	48.7	28.64	41.18	27.2	60.17	54.15	0.0	43.17	81.63	44.05	44.94	46.82	45.61	80.52	18.0	89.2	83.74	8.49	60.46	58.31	84.97	22.36	92.48	47.54	40.45	25.3	82.0	42.19	5.66	52.8	52.84	60.17	47.71	24.41	48.7	72.28	32.56	76.66	63.78	58.14	52.5	8.25	72.11	19.7	31.05	8.94	48.37	17.89	26.08	67.08	44.41	36.88	96.52	58.31	79.25	68.41	74.97	49.68	39.85	2.24	81.41	80.78	41.01	14.04	73.55	33.11	60.67	44.05	69.78	29.7	72.56	19.31	67.72	31.38	63.81
12	87.82	48.33	39.45	84.02	72.25	44.41	21.26	67.23	24.08	17.09	58.14	43.17	0.0	60.0	55.61	14.56	42.8	18.97	92.02	42.76	74.97	55.32	36.22	40.79	82.37	66.12	47.54	76.42	46.86	16.12	68.41	74.0	69.08	40.5	22.0	39.4	17.09	34.0	62.13	7.21	84.85	42.19	73.35	38.0	21.26	47.71	51.42	77.2	24.08	53.85	38.05	36.72	26.08	30.46	63.53	58.82	56.36	71.02	21.54	88.09	44.0	43.68	22.36	41.04	45.35	62.13	97.0	11.05	57.07	81.06	34.41	59.91	19.7	54.34	23.71	70.24	60.07	59.62	31.06	87.82
13	77.67	25.61	52.5	66.48	97.67	35.38	77.28	70.71	79.62	56.32	41.23	81.63	60.0	0.0	51.11	46.17	36.77	42.43	62.51	66.84	18.44	13.42	73.43	21.54	74.73	7.21	66.48	17.89	38.42	76.03	102.18	26.0	72.47	83.19	38.0	28.84	56.32	34.0	83.55	54.15	60.0	52.35	32.56	22.0	75.71	32.8	87.66	46.04	66.48	64.03	72.72	33.29	67.23	55.57	30.27	54.59	60.46	15.62	40.79	56.57	16.0	21.63	38.21	43.86	83.53	4.47	72.17	71.01	90.43	51.09	48.83	34.48	42.76	13.89	53.31	33.06	87.0	23.54	50.25	77.67
14	33.53	64.78	17.2	28.43	48.83	18.11	58.31	19.7	59.06	66.21	11.66	44.05	55.61	51.11	0.0	44.72	18.0	41.23	38.47	26.08	51.22	59.46	38.83	36.5	28.64	51.22	22.09	55.32	14.14	65.3	56.46	41.18	21.54	48.37	45.61	28.07	66.21	28.28	34.99	55.57	30.53	14.42	34.18	44.18	76.84	18.97	46.39	28.07	41.18	15.23	36.5	26.08	40.25	27.2	26.08	4.0	10.0	66.57	53.85	36.06	45.12	56.57	41.76	15.23	45.0	48.83	41.77	62.24	46.57	29.83	21.26	19.42	39.4	37.22	32.53	30.08	40.31	29.7	24.76	33.53
15	78.0	38.42	30.59	72.72	70.88	31.11	31.62	59.23	34.18	21.54	45.34	44.94	14.56	46.17	44.72	0.0	29.73	4.47	79.25	38.47	60.53	43.08	36.72	26.31	72.8	52.0	42.05	62.13	34.06	30.07	69.77	59.46	61.19	44.05	8.94	25.06	21.54	20.0	58.86	11.31	72.47	32.98	59.06	24.33	34.41	34.06	52.84	63.78	25.61	46.39	37.58	22.8	27.2	24.08	49.4	48.33	47.54	58.24	13.42	74.97	30.27	32.25	8.0	29.53	47.17	48.0	85.0	25.18	57.7	67.9	24.74	46.23	5.66	39.81	17.26	56.08	58.52	45.19	22.2	78.0
16	50.99	47.07	16.12	43.86	60.96	2.0	51.42	36.88	52.95	50.48	15.62	46.82	42.8	36.77	18.0	29.73	0.0	25.61	49.52	30.53	42.38	42.94	39.29	18.97	46.39	38.83	29.73	45.69	4.47	55.46	65.6	36.06	38.83	49.48	28.64	10.2	50.48	10.77	46.86	41.04	42.8	15.62	32.56	26.31	63.78	6.0	51.88	34.41	36.06	27.78	37.95	8.25	36.0	22.09	22.36	22.0	25.3	52.35	36.77	45.34	27.86	38.83	25.06	7.21	48.47	35.61	55.47	51.48	54.08	38.29	14.14	17.46	24.08	23.6	23.54	28.86	50.25	21.21	17.0	50.99
17	74.67	36.77	28.07	68.96	70.23	26.91	34.93	56.57	37.36	25.06	41.23	45.61	18.97	42.43	41.23	4.47	25.61	0.0	75.07	37.36	56.32	40.25	37.2	22.09	69.57	48.04	40.45	58.03	30.0	34.23	69.97	55.03	58.55	45.25	7.21	20.59	25.06	15.62	57.72	15.62	68.41	30.27	54.59	20.88	38.83	29.73	53.25	59.46	26.91	44.05	37.74	18.44	28.28	22.8	44.94	44.94	44.72	55.03	14.14	70.71	26.68	30.0	4.47	26.0	47.8	44.05	81.02	29.43	57.8	63.64	22.09	41.87	2.0	35.51	16.55	51.62	57.94	40.72	20.02	74.67
18	27.78	85.44	55.57	16.49	74.67	48.17	96.75	42.0	97.53	99.64	33.94	80.52	92.02	62.51	38.47	79.25	49.52	75.07	0.0	63.25	50.36	75.31	76.55	60.83	29.73	58.03	58.24	54.59	45.25	103.23	86.09	38.05	42.05	85.44	77.2	56.04	99.64	59.67	64.0	90.55	8.25	52.84	30.07	68.88	113.17	45.61	80.89	17.09	79.65	49.48	74.0	56.85	78.71	65.51	34.18	36.77	43.68	74.03	84.88	6.0	66.48	78.43	74.03	51.22	81.02	58.31	10.44	99.81	79.23	12.08	58.82	34.13	73.59	52.2	70.21	29.61	71.03	41.11	62.43	27.78
19	49.52	71.69	14.42	50.12	33.11	32.25	36.88	26.91	36.77	58.03	36.22	18.0	42.76	66.84	26.08	38.47	30.53	37.36	63.25	0.0	72.5	70.94	13.42	46.69	43.86	69.34	5.66	76.03	30.46	46.65	35.38	64.56	28.43	22.36	44.27	38.21	58.03	34.06	20.4	46.04	55.03	15.23	58.86	51.61	62.03	35.78	21.54	54.15	20.59	14.42	10.77	33.94	18.87	14.56	49.48	26.68	19.7	82.22	51.42	61.61	55.32	63.81	40.5	23.32	19.1	66.03	64.41	45.19	23.6	55.73	18.44	42.95	35.44	54.08	21.21	54.74	21.1	50.7	18.36	49.52
20	70.68	43.86	58.31	58.31	100.0	40.5	90.02	69.31	92.09	73.54	39.7	89.2	74.97	18.44	51.22	60.53	42.38	56.32	50.36	72.5	0.0	31.24	81.61	34.23	68.96	11.31	70.71	4.47	42.05	90.55	106.68	12.65	70.77	91.76	53.37	38.21	73.54	44.18	86.02	69.86	50.0	57.27	21.54	37.95	92.35	36.77	94.02	36.06	76.94	66.03	80.32	42.43	77.28	64.03	25.46	53.81	61.22	24.33	57.58	44.41	32.31	40.0	52.61	49.4	90.82	14.42	60.67	85.71	95.71	40.52	56.32	31.89	56.14	21.0	63.64	24.19	90.74	21.95	58.69	70.68
21	88.57	12.81	57.2	78.03	103.23	42.05	74.67	79.12	77.25	48.17	50.99	83.74	55.32	13.42	59.46	43.08	42.94	40.25	75.31	70.94	31.24	0.0	75.29	24.41	85.16	20.0	71.61	29.73	45.69	71.39	106.15	39.4	80.99	84.4	34.18	33.29	48.17	36.88	89.31	48.66	72.25	57.69	45.61	20.0	68.12	40.5	90.55	58.55	66.57	70.71	75.07	37.2	67.68	58.0	42.05	63.25	68.03	16.0	34.23	69.43	15.62	12.0	35.78	49.4	85.8	17.89	84.72	66.29	94.07	63.64	52.5	45.18	41.18	24.02	54.2	45.71	91.83	35.01	53.04	88.57
22	62.48	73.76	24.08	63.53	36.06	41.23	25.06	39.7	24.41	52.95	48.04	8.49	36.22	73.43	38.83	36.72	39.29	37.2	76.55	13.42	81.61	75.29	0.0	52.15	56.85	76.97	18.87	84.76	40.45	36.06	33.11	74.97	41.04	10.2	44.41	44.72	52.95	39.45	27.2	41.23	68.35	26.0	70.11	55.32	52.95	45.12	16.12	66.75	12.17	27.78	2.83	40.25	10.2	17.89	60.3	39.85	33.11	88.2	50.12	74.73	60.0	66.48	41.23	32.56	10.63	73.35	77.83	35.69	21.19	68.66	25.3	54.08	35.61	61.85	21.21	66.07	24.02	60.42	23.26	62.48
23	68.12	28.28	32.8	59.23	78.82	18.44	56.32	55.79	58.55	41.62	30.27	60.46	40.79	21.54	36.5	26.31	18.97	22.09	60.83	46.69	34.23	24.41	52.15	0.0	64.0	26.31	47.2	36.0	22.36	56.32	82.02	34.0	57.72	61.77	19.7	8.94	41.62	12.81	64.9	36.06	55.71	33.29	35.38	8.25	59.09	18.0	66.84	43.91	44.94	46.52	51.61	12.81	45.69	34.41	27.2	40.45	44.27	36.06	25.61	55.57	8.94	20.1	18.44	25.06	62.43	22.36	68.71	51.48	70.04	48.76	28.28	26.93	22.0	13.6	31.78	33.3	67.48	21.21	29.21	68.12
24	5.66	92.09	42.94	13.42	46.0	46.17	80.62	17.2	80.62	94.34	34.23	58.31	82.37	74.73	28.64	72.8	46.39	69.57	29.73	43.86	68.96	85.16	56.85	64.0	0.0	72.8	38.21	73.43	42.19	89.64	58.31	56.6	16.12	63.81	74.22	56.14	94.34	56.89	37.36	83.26	23.32	40.25	47.71	72.03	103.25	46.0	56.46	34.06	63.78	29.73	54.04	54.59	62.29	52.15	44.94	24.74	26.08	89.2	82.46	32.25	72.11	84.02	70.34	43.68	58.18	71.47	25.0	87.42	53.45	31.14	48.33	40.26	67.68	61.39	58.67	44.78	44.64	51.24	51.43	5.66
25	75.29	32.56	54.92	63.56	99.04	37.2	82.61	70.46	84.85	63.25	40.5	84.97	66.12	7.21	51.22	52.0	38.83	48.04	58.03	69.34	11.31	20.0	76.97	26.31	72.8	0.0	68.41	10.77	39.7	82.02	104.4	20.4	72.11	86.93	44.18	32.31	63.25	37.95	84.9	60.53	56.32	54.41	28.0	28.28	82.46	34.06	90.55	42.19	70.88	65.05	76.03	36.77	71.47	59.09	27.86	54.41	60.96	16.49	47.54	52.04	22.36	28.84	44.0	46.04	86.77	4.0	68.01	77.06	92.91	47.1	51.88	33.12	48.17	15.26	57.57	29.27	88.87	21.95	53.71	75.29
26	43.86	73.35	14.42	44.72	31.62	31.24	42.52	21.26	42.43	62.29	32.98	22.36	47.54	66.48	22.09	42.05	29.73	40.45	58.24	5.66	70.71	71.61	18.87	47.2	38.21	68.41	0.0	74.43	28.84	52.15	36.06	62.03	22.8	27.2	47.07	38.42	62.29	34.99	17.89	50.36	50.0	14.14	55.79	52.84	67.23	34.41	24.33	50.0	26.08	8.94	16.12	34.41	24.41	18.0	46.82	22.09	14.56	82.02	54.59	56.89	56.04	65.3	43.17	22.63	23.09	65.3	59.03	50.54	25.08	51.24	19.7	40.16	38.47	53.26	25.02	51.66	20.52	48.76	20.62	43.86
27	75.15	42.52	61.74	62.77	104.02	43.86	92.2	73.59	94.34	74.0	43.86	92.48	76.42	17.89	55.32	62.13	45.69	58.03	54.59	76.03	4.47	29.73	84.76	36.0	73.43	10.77	74.43	0.0	45.65	92.2	110.45	17.09	75.07	94.87	54.59	40.79	74.0	46.69	90.0	71.02	54.41	60.83	26.0	38.83	93.15	40.25	97.51	40.5	79.62	70.0	83.57	45.12	80.05	67.05	29.73	58.0	65.3	20.88	58.24	48.66	32.98	39.45	54.15	52.8	94.15	14.56	64.94	87.28	99.36	44.92	59.46	36.07	58.0	23.35	66.29	28.65	94.58	25.81	61.68	75.15
28	46.69	50.64	16.49	39.4	59.4	4.0	54.41	33.53	55.79	54.92	11.31	47.54	46.86	38.42	14.14	34.06	4.47	30.0	45.25	30.46	42.05	45.69	40.45	22.36	42.19	39.7	28.84	45.65	0.0	59.06	64.9	34.53	35.44	50.64	33.11	14.0	54.92	15.23	45.25	45.34	38.42	15.23	30.07	30.07	67.94	5.66	52.0	30.53	38.47	25.61	38.83	12.65	38.21	24.08	20.0	18.11	22.36	54.04	41.23	41.23	31.05	42.43	29.53	8.0	49.04	36.77	51.04	55.23	53.71	34.21	16.12	14.32	28.43	24.76	26.57	26.17	49.2	20.25	19.42	46.69
29	95.27	63.91	48.17	93.38	70.71	57.27	12.0	73.24	14.14	28.43	69.97	40.45	16.12	76.03	65.3	30.07	55.46	34.23	103.23	46.65	90.55	71.39	36.06	56.32	89.64	82.02	52.15	92.2	59.06	0.0	64.03	88.77	74.89	36.06	38.05	53.85	28.43	48.08	63.25	22.8	95.6	50.99	87.32	54.04	18.11	60.93	48.17	89.55	26.08	60.0	38.63	50.6	27.78	38.21	77.25	67.94	63.78	87.13	37.36	99.86	60.03	59.67	38.05	52.15	42.3	78.03	107.06	5.1	54.23	92.96	44.41	72.92	34.53	69.72	33.02	83.93	59.44	74.04	40.8	95.27
30	62.8	106.02	49.68	70.0	13.42	67.2	52.04	44.18	50.0	85.44	68.03	25.3	68.41	102.18	56.46	69.77	65.6	69.97	86.09	35.38	106.68	106.15	33.11	82.02	58.31	104.4	36.06	110.45	64.9	64.03	0.0	97.51	44.05	28.28	77.18	73.59	85.44	69.31	22.36	74.0	78.23	50.0	90.62	86.56	82.1	70.46	17.09	82.46	44.94	41.23	32.25	69.31	43.08	48.41	82.29	55.03	46.82	117.59	83.19	86.58	90.55	98.41	73.78	58.41	23.09	101.21	83.22	65.38	12.21	82.38	53.74	75.58	68.26	89.2	53.54	86.54	16.16	84.72	53.15	62.8
31	58.14	51.11	50.99	45.69	89.89	34.06	86.58	58.14	88.36	75.47	29.53	82.0	74.0	26.0	41.18	59.46	36.06	55.03	38.05	64.56	12.65	39.4	74.97	34.0	56.6	20.4	62.03	17.09	34.53	88.77	97.51	0.0	59.46	85.16	53.67	34.93	75.47	40.79	76.16	69.86	37.36	49.48	8.94	40.0	93.04	30.07	86.02	23.41	72.0	56.36	73.35	38.47	72.03	58.14	15.23	43.27	51.11	36.0	59.36	32.06	35.38	45.61	52.0	42.43	83.43	21.54	48.26	84.2	87.09	27.89	50.16	21.93	54.41	20.81	59.08	12.04	81.39	15.03	53.04	58.14
32	21.63	85.91	30.59	26.08	32.98	39.29	65.3	2.0	65.12	82.46	31.62	42.19	69.08	72.47	21.54	61.19	38.83	58.55	42.05	28.43	70.77	80.99	41.04	57.72	16.12	72.11	22.8	75.07	35.44	74.89	44.05	59.46	0.0	47.71	64.12	49.03	82.46	48.17	22.09	70.88	34.23	28.28	51.22	65.12	89.44	40.5	40.5	40.25	48.83	15.23	38.21	46.39	47.2	38.63	45.34	17.89	14.0	87.82	72.25	42.76	66.48	77.67	60.13	34.06	42.06	69.97	39.81	73.06	37.85	39.22	36.5	39.2	56.57	58.59	45.54	47.51	29.27	50.22	39.05	21.63
33	69.34	82.02	34.23	71.69	34.93	51.42	24.08	46.65	22.36	57.58	58.0	5.66	40.5	83.19	48.37	44.05	49.48	45.25	85.44	22.36	91.76	84.4	10.2	61.77	63.81	86.93	27.2	94.87	50.64	36.06	28.28	85.16	47.71	0.0	52.35	54.63	57.58	49.19	30.0	46.52	77.2	36.06	80.22	64.4	54.0	55.32	12.17	76.42	18.44	36.06	12.0	50.16	16.97	27.86	70.46	49.03	41.76	97.75	57.2	83.95	69.34	75.07	49.52	42.76	6.71	83.26	86.01	37.12	18.25	78.09	35.44	64.2	43.86	71.87	30.23	76.16	24.6	70.61	33.24	69.34
34	79.12	29.73	34.06	72.5	77.25	29.53	40.5	62.13	43.08	22.63	43.91	52.8	22.0	38.0	45.61	8.94	28.64	7.21	77.2	44.27	53.37	34.18	44.41	19.7	74.22	44.18	47.07	54.59	33.11	38.05	77.18	53.67	64.12	52.35	0.0	21.26	22.63	17.89	64.56	16.49	71.02	36.0	54.41	16.0	39.4	31.62	60.46	60.96	33.94	50.04	44.94	20.59	35.38	29.73	45.34	49.48	50.16	49.48	8.25	72.47	22.0	23.32	4.0	30.59	55.0	40.2	83.86	33.02	65.0	65.44	28.07	43.28	8.94	33.24	23.71	51.86	65.0	40.22	26.48	79.12
35	60.53	36.88	24.08	52.5	70.0	10.0	52.04	47.07	54.0	43.86	23.41	52.84	39.4	28.84	28.07	25.06	10.2	20.59	56.04	38.21	38.21	33.29	44.72	8.94	56.14	32.31	38.42	40.79	14.0	53.85	73.59	34.93	49.03	54.63	21.26	0.0	43.86	6.0	56.04	36.06	50.12	24.41	34.0	16.12	59.36	10.77	58.82	39.7	38.83	37.58	43.91	4.47	39.29	26.83	24.41	32.06	35.44	44.05	28.84	51.22	17.89	28.64	18.44	16.12	54.71	28.64	63.06	49.34	61.72	44.2	20.0	22.02	19.7	17.46	25.5	31.06	58.8	20.25	21.47	60.53
36	99.54	38.21	51.92	94.02	88.81	51.61	37.2	80.52	40.0	0.0	66.03	60.17	17.09	56.32	66.21	21.54	50.48	25.06	99.64	58.03	73.54	48.17	52.95	41.62	94.34	63.25	62.29	74.0	54.92	28.43	85.44	75.47	82.46	57.58	22.63	43.86	0.0	40.0	78.03	12.0	93.23	54.41	76.84	35.78	20.0	54.04	68.41	83.55	40.79	67.47	54.59	42.8	42.76	44.41	67.94	69.86	68.96	64.12	16.12	95.02	41.23	36.22	25.61	50.99	62.36	59.46	105.95	24.04	73.98	87.97	46.17	65.86	26.83	54.71	37.34	74.41	76.53	62.63	43.42	99.54
37	61.61	38.63	20.59	54.63	66.57	11.66	46.04	46.17	48.0	40.0	26.08	47.71	34.0	34.0	28.28	20.0	10.77	15.62	59.67	34.06	44.18	36.88	39.45	12.81	56.89	37.95	34.99	46.69	15.23	48.08	69.31	40.79	48.17	49.19	17.89	6.0	40.0	0.0	52.84	31.24	53.25	21.54	39.4	17.89	54.41	14.14	54.04	43.86	32.98	35.44	38.83	2.83	33.53	21.63	29.53	32.25	34.23	48.83	26.0	55.17	21.26	30.46	14.42	14.14	49.65	34.18	66.04	43.66	57.28	48.1	15.62	26.25	14.42	23.35	19.65	36.24	55.0	25.96	16.4	61.61
38	42.38	91.24	32.25	48.17	14.14	48.17	52.0	22.0	50.99	78.03	46.65	24.41	62.13	83.55	34.99	58.86	46.86	57.72	64.0	20.4	86.02	89.31	27.2	64.9	37.36	84.9	17.89	90.0	45.25	63.25	22.36	76.16	22.09	30.0	64.56	56.04	78.03	52.84	0.0	66.03	56.04	31.62	68.88	70.71	80.05	50.91	20.0	60.17	38.47	20.0	24.74	52.15	36.5	34.93	61.06	33.11	25.06	99.16	71.81	64.28	73.78	83.19	60.73	40.0	23.43	82.02	61.81	62.82	16.16	60.02	37.58	54.38	55.79	70.01	41.59	64.85	7.28	64.2	38.28	42.38
39	88.57	41.23	40.5	83.76	76.94	42.43	28.43	68.96	31.24	12.0	56.64	48.7	7.21	54.15	55.57	11.31	41.04	15.62	90.55	46.04	69.86	48.66	41.23	36.06	83.26	60.53	50.36	71.02	45.34	22.8	74.0	69.86	70.88	46.52	16.49	36.06	12.0	31.24	66.03	0.0	83.74	43.08	69.97	32.25	23.32	45.34	56.92	75.07	29.12	55.79	42.76	34.06	31.05	32.56	60.46	59.06	57.58	64.5	14.56	86.28	38.21	36.88	17.89	40.5	50.92	56.57	96.21	17.72	62.36	79.21	34.93	57.49	16.97	49.65	25.5	67.12	64.63	55.95	31.95	88.57
40	22.63	81.58	47.71	10.0	67.08	41.62	88.84	34.06	89.55	93.23	27.2	72.28	84.85	60.0	30.53	72.47	42.8	68.41	8.25	55.03	50.0	72.25	68.35	55.71	23.32	56.32	50.0	54.41	38.42	95.6	78.23	37.36	34.23	77.2	71.02	50.12	93.23	53.25	56.04	83.74	0.0	44.94	28.64	63.91	106.08	39.45	72.69	14.14	71.69	41.23	65.79	50.48	70.71	57.69	30.27	28.64	35.44	72.69	78.89	8.94	62.1	74.22	67.68	43.86	72.78	56.04	13.0	92.31	71.11	9.49	51.22	28.79	66.84	48.51	62.63	27.07	63.0	37.34	54.82	22.63
41	45.65	60.17	2.83	42.43	45.61	17.2	43.91	26.31	44.72	54.41	22.09	32.56	42.19	52.35	14.42	32.98	15.62	30.27	52.84	15.23	57.27	57.69	26.0	33.29	40.25	54.41	14.14	60.83	15.23	50.99	50.0	49.48	28.28	36.06	36.0	24.41	54.41	21.54	31.62	43.08	44.94	0.0	44.18	39.4	63.25	20.59	36.77	41.23	26.83	14.14	24.08	20.59	26.0	12.81	34.53	16.97	14.56	67.88	44.05	50.16	42.19	52.0	32.0	8.49	33.96	51.22	56.08	48.1	38.59	43.66	8.25	28.16	28.28	39.2	18.6	40.11	34.66	35.47	11.18	45.65
42	49.19	56.46	46.04	36.77	82.37	30.59	83.95	50.0	85.51	76.84	22.8	76.66	73.35	32.56	34.18	59.06	32.56	54.59	30.07	58.86	21.54	45.61	70.11	35.38	47.71	28.0	55.79	26.0	30.07	87.32	90.62	8.94	51.22	80.22	54.41	34.0	76.84	39.4	68.88	69.97	28.64	44.18	0.0	42.52	93.3	26.68	80.05	14.56	68.47	49.4	68.26	36.77	68.26	54.15	10.2	35.78	43.86	44.18	60.96	24.08	38.83	50.12	52.15	38.05	77.93	28.28	40.01	83.01	80.65	19.24	46.17	16.03	53.67	23.85	56.09	4.12	74.46	14.21	49.37	49.19
43	76.24	20.88	38.47	67.47	84.38	26.08	55.79	63.15	58.24	35.78	38.47	63.78	38.0	22.0	44.18	24.33	26.31	20.88	68.88	51.61	37.95	20.0	55.32	8.25	72.03	28.28	52.84	38.83	30.07	54.04	86.56	40.0	65.12	64.4	16.0	16.12	35.78	17.89	70.71	32.25	63.91	39.4	42.52	0.0	54.41	26.08	70.71	51.88	46.65	53.14	55.17	18.97	47.71	38.21	34.99	48.17	51.42	34.18	19.7	63.53	6.0	12.65	16.49	31.62	65.86	24.33	76.9	49.01	74.41	56.8	33.29	35.11	21.54	19.21	34.21	40.8	72.67	28.6	33.42	76.24
44	108.76	58.14	60.46	105.26	88.36	65.3	30.07	87.66	32.25	20.0	79.25	58.14	21.26	75.71	76.84	34.41	63.78	38.83	113.17	62.03	92.35	68.12	52.95	59.09	103.25	82.46	67.23	93.15	67.94	18.11	82.1	93.04	89.44	54.0	39.4	59.36	20.0	54.41	80.05	23.32	106.08	63.25	93.3	54.41	0.0	68.41	66.03	98.08	41.76	74.24	55.32	57.2	43.68	51.11	83.76	80.0	77.18	84.1	34.93	109.12	60.17	56.14	41.18	62.29	60.07	78.59	118.26	17.26	72.06	102.07	55.61	80.6	40.0	72.62	44.65	90.43	76.79	79.26	52.2	108.76
45	50.16	46.17	21.54	41.76	65.05	4.0	57.27	38.63	58.86	54.04	12.65	52.5	47.71	32.8	18.97	34.06	6.0	29.73	45.61	35.78	36.77	40.5	45.12	18.0	46.0	34.06	34.41	40.25	5.66	60.93	70.46	30.07	40.5	55.32	31.62	10.77	54.04	14.14	50.91	45.34	39.45	20.59	26.68	26.08	68.41	0.0	57.27	29.73	42.05	31.24	43.68	11.31	42.0	28.07	16.49	22.8	27.78	48.41	39.45	41.04	26.31	38.05	28.43	12.65	54.08	31.11	52.35	56.8	59.17	33.97	20.1	12.21	28.43	19.1	29.43	23.09	54.82	15.3	23.0	50.16
46	61.74	89.64	35.78	65.97	22.8	53.67	36.22	39.85	34.53	68.41	57.27	8.25	51.42	87.66	46.39	52.84	51.88	53.25	80.89	21.54	94.02	90.55	16.12	66.84	56.46	90.55	24.33	97.51	52.0	48.17	17.09	86.02	40.5	12.17	60.46	58.82	68.41	54.04	20.0	56.92	72.69	36.77	80.05	70.71	66.03	57.27	0.0	74.11	27.86	32.0	15.62	54.41	26.0	32.56	70.88	46.04	38.0	102.8	66.24	80.22	75.07	82.22	57.2	44.72	6.08	87.13	80.08	49.01	6.08	75.01	38.83	64.29	51.61	75.29	37.01	75.93	13.45	72.24	37.64	61.74
47	34.99	68.41	43.68	22.36	72.8	32.8	84.31	39.4	85.44	83.55	19.7	72.11	77.2	46.04	28.07	63.78	34.41	59.46	17.09	54.15	36.06	58.55	66.75	43.91	34.06	42.19	50.0	40.5	30.53	89.55	82.46	23.41	40.25	76.42	60.96	39.7	83.55	43.86	60.17	75.07	14.14	41.23	14.56	51.88	98.08	29.73	74.11	0.0	67.68	42.19	64.5	41.04	67.05	53.14	17.09	28.07	36.22	58.55	68.41	11.66	49.4	61.35	58.0	37.58	73.03	42.0	26.17	85.76	73.68	5.1	45.69	17.69	58.14	35.17	56.8	13.0	66.49	24.04	49.24	34.99
48	69.43	63.66	24.17	68.41	48.17	38.05	17.2	47.2	17.89	40.79	48.08	19.7	24.08	66.48	41.18	25.61	36.06	26.91	79.65	20.59	76.94	66.57	12.17	44.94	63.78	70.88	26.08	79.62	38.47	26.08	44.94	72.0	48.83	18.44	33.94	38.83	40.79	32.98	38.47	29.12	71.69	26.83	68.47	46.65	41.76	42.05	27.86	67.68	0.0	34.06	14.0	34.53	2.0	14.56	58.31	43.27	38.21	80.5	38.83	76.97	51.88	56.85	31.24	30.59	21.93	67.05	82.42	24.7	33.24	70.38	22.36	52.77	25.61	56.29	13.34	64.63	36.01	57.01	19.1	69.43
49	35.38	74.0	16.0	35.78	34.06	28.84	50.91	13.42	50.99	67.47	26.83	31.05	53.85	64.03	15.23	46.39	27.78	44.05	49.48	14.42	66.03	70.71	27.78	46.52	29.73	65.05	8.94	70.0	25.61	60.0	41.23	56.36	15.23	36.06	50.04	37.58	67.47	35.44	20.0	55.79	41.23	14.14	49.4	53.14	74.24	31.24	32.0	42.19	34.06	0.0	25.06	34.18	32.56	23.41	41.18	14.14	6.0	79.65	58.0	48.37	55.46	65.79	46.04	21.54	31.58	62.29	50.09	57.98	31.58	43.01	22.0	34.48	42.05	50.33	30.36	45.31	25.08	44.2	24.19	35.38
50	59.67	74.03	22.36	60.83	34.23	39.85	27.78	36.88	27.2	54.59	46.0	8.94	38.05	72.72	36.5	37.58	37.95	37.74	74.0	10.77	80.32	75.07	2.83	51.61	54.04	76.03	16.12	83.57	38.83	38.63	32.25	73.35	38.21	12.0	44.94	43.91	54.59	38.83	24.74	42.76	65.79	24.08	68.26	55.17	55.32	43.68	15.62	64.5	14.0	25.06	0.0	39.45	12.0	17.2	58.55	37.36	30.46	87.66	50.99	72.28	59.67	66.6	41.62	31.05	10.82	72.47	75.13	38.08	20.12	66.29	24.17	52.24	36.06	60.84	21.4	64.2	22.02	58.94	22.47	59.67
51	59.23	39.85	20.0	52.0	66.03	8.94	48.17	44.41	50.04	42.8	23.32	48.37	36.72	33.29	26.08	22.8	8.25	18.44	56.85	33.94	42.43	37.2	40.25	12.81	54.59	36.77	34.41	45.12	12.65	50.6	69.31	38.47	46.39	50.16	20.59	4.47	42.8	2.83	52.15	34.06	50.48	20.59	36.77	18.97	57.2	11.31	54.41	41.04	34.53	34.18	39.45	0.0	34.93	22.36	26.83	30.07	32.56	48.41	28.64	52.35	21.63	31.62	17.2	12.65	50.25	33.11	63.29	46.24	57.38	45.28	15.62	23.43	17.2	21.84	21.21	33.54	54.67	23.54	17.0	59.23
52	67.94	65.05	23.41	67.2	46.17	38.0	18.44	45.61	18.87	42.76	47.54	17.89	26.08	67.23	40.25	27.2	36.0	28.28	78.71	18.87	77.28	67.68	10.2	45.69	62.29	71.47	24.41	80.05	38.21	27.78	43.08	72.03	47.2	16.97	35.38	39.29	42.76	33.53	36.5	31.05	70.71	26.0	68.26	47.71	43.68	42.0	26.0	67.05	2.0	32.56	12.0	34.93	0.0	14.14	58.14	42.19	36.88	81.41	40.5	76.16	52.84	58.14	32.56	30.27	20.12	67.68	81.27	26.57	31.32	69.64	22.09	52.47	26.91	56.75	13.93	64.38	34.01	57.08	19.0	67.94
53	57.69	57.69	10.0	55.17	47.54	24.08	31.3	36.77	32.31	44.41	33.53	26.08	30.46	55.57	27.2	24.08	22.09	22.8	65.51	14.56	64.03	58.0	17.89	34.41	52.15	59.09	18.0	67.05	24.08	38.21	48.41	58.14	38.63	27.86	29.73	26.83	44.41	21.63	34.93	32.56	57.69	12.81	54.15	38.21	51.11	28.07	32.56	53.14	14.56	23.41	17.2	22.36	14.14	0.0	44.05	29.73	26.08	70.46	36.88	62.61	42.52	50.0	26.0	16.12	28.02	55.46	68.88	35.47	36.24	55.95	8.0	38.33	20.88	44.01	7.07	50.25	35.34	43.29	5.39	57.69
54	47.54	51.42	36.22	36.22	74.89	20.4	73.76	43.86	75.31	67.94	14.42	67.08	63.53	30.27	26.08	49.4	22.36	44.94	34.18	49.48	25.46	42.05	60.3	27.2	44.94	27.86	46.82	29.73	20.0	77.25	82.29	15.23	45.34	70.46	45.34	24.41	67.94	29.53	61.06	60.46	30.27	34.53	10.2	34.99	83.76	16.49	70.88	17.09	58.31	41.18	58.55	26.83	58.14	44.05	0.0	28.43	36.06	44.27	52.35	28.64	32.31	44.27	42.8	28.0	68.45	26.68	42.95	73.01	71.87	22.14	36.06	6.71	43.91	18.25	45.89	6.71	66.19	7.07	39.2	47.54
