vehicles
vehicle_idx, capacity, cost_per_unit_distance
1,100,3
2,100,3
3,100,3
4,100,3
5,100,3
6,100,3
7,100,3
8,100,3
9,100,3
10,100,3
depot
node_idx,x,y
0,76,75
home delivery customers
node_idx,x,y,service_time,demand
1,20,0,15,17
2,41,55,15,1
3,21,15,15,15
4,46,1,15,16
5,60,94,15,25
6,55,25,15,20
7,40,51,15,5
8,19,71,15,21
9,19,11,15,21
10,41,75,15,16
11,35,100,15,15
12,15,91,15,12
13,34,36,15,21
14,65,54,15,6
15,25,86,15,11
16,30,45,15,63
17,56,81,15,1
18,25,76,15,6
19,60,34,15,17
20,6,55,15,25
21,94,45,15,5
22,31,41,15,22
self pickup customers
node_idx,x,y,service_time,demand,locker_idxs
23,70,95,15,17,64
24,95,45,15,22,66
25,16,89,15,2,72
26,71,41,15,20,65-63-71
27,39,35,15,21,69-71-67
28,61,70,15,26,64-70-68
29,100,26,15,5,67
30,65,85,15,11,64-66-70
31,69,50,15,12,66
32,61,94,15,15,64
33,76,90,15,17,64
34,21,11,15,22,67
35,75,14,15,2,69
36,100,6,15,6,65
37,21,85,15,10,70
38,71,35,15,7,69
39,60,54,15,25,63-65
40,40,96,15,25,64
41,40,49,15,17,68-66-67-65
42,56,80,15,6,64-70-66-68
flexible customers
node_idx,x,y,service_time,demand,locker_idxs
43,60,14,15,11,69-71-63-65
44,46,5,15,20,69-71-63
45,91,14,15,26,64
46,86,31,15,5,71-63-65
47,41,1,15,22,69
48,80,36,15,12,69-71-63-65
49,34,50,15,17,68-66-67
50,36,61,15,12,68-70-66
51,51,91,15,12,72-64-68-70-66
52,61,54,15,2,63-65-66-70
53,1,40,15,26,65
54,79,81,15,16,64
55,74,99,15,16,64
56,55,10,15,2,65-63-71-69
57,99,91,15,10,69
58,75,16,15,1,65-63-71-69
59,75,80,15,21,64-66-70
60,85,76,15,26,65
61,41,44,15,10,67-69-71-63-66-65
62,20,71,15,16,68
lockers
node_idx,x,y,service_time,capacity,cost_per_unit_good
63,93,12,10,95
64,22,88,10,95
65,65,88,10,71
66,25,15,10,82
67,77,88,10,87
68,72,14,10,73
69,59,27,10,90
70,62,96,10,97
71,59,37,10,98
72,51,69,10,83
73,35,31,10,80
74,40,73,10,88
75,58,22,10,72
76,48,78,10,85
77,59,25,10,76
78,32,97,10,77
mrt lines
start_node_idx,end_node_idx,freight_capacity,cost_per_unit_good
63,64,95,0.5
64,63,95,0.5
distance matrix
,0,1,2,3,4,5,6,7,8,9,10,11,12,13,14,15,16,17,18,19,20,21,22,23,24,25,26,27,28,29,30,31,32,33,34,35,36,37,38,39,40,41,42,43,44,45,46,47,48,49,50,51,52,53,54,55,56,57,58,59,60,61,62,63,64,65,66,67,68,69,70,71,72,73,74,75,76,77,78,
0,0.0,93.6,40.31,81.39,79.85,24.84,54.23,43.27,57.14,85.7,35.0,48.02,63.06,57.31,23.71,52.17,54.92,20.88,51.01,44.01,72.8,34.99,56.4,20.88,35.51,61.61,34.37,54.49,15.81,54.56,14.87,25.96,24.21,15.0,84.39,61.01,73.05,55.9,40.31,26.4,41.68,44.41,20.62,63.06,76.16,62.82,45.12,81.86,39.2,48.88,42.38,29.68,25.81,82.76,6.71,24.08,68.31,28.02,59.01,5.1,9.06,46.75,56.14,65.25,55.54,17.03,78.75,13.04,61.13,50.92,25.24,41.63,25.71,60.14,36.06,55.97,28.16,52.81,49.19
1,93.6,0.0,58.87,15.03,26.02,102.16,43.01,54.78,71.01,11.05,77.88,101.12,91.14,38.63,70.29,86.15,46.1,88.64,76.16,52.5,56.75,86.61,42.45,107.35,87.46,89.09,65.44,39.82,81.12,84.12,96.18,70.01,102.55,106.0,11.05,56.75,80.22,85.01,61.85,67.2,98.06,52.92,87.73,42.38,26.48,72.37,72.92,21.02,69.97,51.92,63.06,96.14,67.8,44.28,100.21,112.77,36.4,120.51,57.28,97.08,100.0,48.75,71.0,73.98,88.02,98.84,15.81,104.85,53.85,47.43,104.79,53.76,75.64,34.44,75.69,43.91,82.87,46.32,97.74
2,40.31,58.87,0.0,44.72,54.23,43.38,33.11,4.12,27.2,49.19,20.0,45.4,44.41,20.25,24.02,34.89,14.87,30.02,26.4,28.32,35.0,53.94,17.2,49.41,54.92,42.2,33.11,20.1,25.0,65.74,38.42,28.44,43.83,49.5,48.33,53.26,76.69,36.06,36.06,19.03,41.01,6.08,29.15,45.19,50.25,64.66,51.0,54.0,43.38,8.6,7.81,37.36,20.02,42.72,46.04,55.0,47.13,68.26,51.74,42.2,48.75,11.0,26.4,67.48,38.08,40.8,43.08,48.84,51.4,33.29,46.07,25.46,17.2,24.74,18.03,37.12,24.04,34.99,42.95
3,81.39,15.03,44.72,0.0,28.65,88.1,35.44,40.71,56.04,4.47,63.25,86.15,76.24,24.7,58.8,71.11,31.32,74.71,61.13,43.38,42.72,78.92,27.86,93.81,79.85,74.17,56.36,26.91,68.01,79.76,82.68,59.41,88.55,93.01,4.0,54.01,79.51,70.0,53.85,55.15,83.2,38.95,73.82,39.01,26.93,70.01,66.94,24.41,62.63,37.34,48.38,81.71,55.87,32.02,87.86,99.32,34.37,108.9,54.01,84.5,88.41,35.23,56.01,72.06,73.01,85.23,4.0,92.01,51.01,39.85,90.79,43.91,61.77,21.26,61.03,37.66,68.54,39.29,82.73
4,79.85,26.02,54.23,28.65,0.0,94.05,25.63,50.36,75.03,28.79,74.17,99.61,95.19,37.0,56.3,87.56,46.82,80.62,77.88,35.85,67.2,65.12,42.72,97.02,65.86,92.97,47.17,34.71,70.61,59.51,86.12,54.13,94.2,93.92,26.93,31.78,54.23,87.64,42.2,54.82,95.19,48.37,79.63,19.1,4.0,46.84,50.0,5.0,48.8,50.45,60.83,90.14,55.08,59.55,86.54,101.92,12.73,104.45,32.65,84.15,84.53,43.29,74.67,48.27,90.25,89.05,25.24,92.36,29.07,29.07,96.34,38.28,68.18,31.95,72.25,24.19,77.03,27.29,97.02
5,24.84,102.16,43.38,88.1,94.05,0.0,69.18,47.42,47.01,92.57,26.87,25.71,45.1,63.56,40.31,35.9,57.45,13.6,39.36,60.0,66.61,59.64,60.42,10.05,60.22,44.28,54.13,62.63,24.02,78.89,10.3,44.91,1.0,16.49,91.71,81.39,96.66,40.02,60.02,40.0,20.1,49.24,14.56,80.0,90.09,85.8,68.15,94.92,61.35,51.11,40.8,9.49,40.01,79.98,23.02,14.87,84.15,39.12,79.43,20.52,30.81,53.49,46.14,88.39,38.47,7.81,86.41,18.03,80.89,67.01,2.83,57.01,26.57,67.78,29.0,72.03,20.0,69.01,28.16
6,54.23,43.01,33.11,35.44,25.63,69.18,0.0,30.02,58.41,38.63,51.92,77.62,77.18,23.71,30.68,67.98,32.02,56.01,59.17,10.3,57.45,43.83,28.84,71.59,44.72,74.95,22.63,18.87,45.4,45.01,60.83,28.65,69.26,68.31,36.77,22.83,48.85,68.96,18.87,29.43,72.57,28.3,55.01,12.08,21.93,37.64,31.58,27.78,27.31,32.65,40.71,66.12,29.61,56.04,60.93,76.4,15.0,79.32,21.93,58.52,59.17,23.6,57.8,40.16,71.12,63.79,31.62,66.73,20.25,4.47,71.34,12.65,44.18,20.88,50.29,4.24,53.46,4.0,75.58
7,43.27,54.78,4.12,40.71,50.36,47.42,30.02,0.0,29.0,45.18,24.02,49.25,47.17,16.16,25.18,38.08,11.66,34.0,29.15,26.25,34.23,54.33,13.45,53.25,55.33,44.94,32.57,16.03,28.32,65.0,42.2,29.02,47.85,53.08,44.28,50.93,75.0,38.95,34.89,20.22,45.0,2.0,33.12,42.06,46.39,63.01,50.16,50.01,42.72,6.08,10.77,41.48,21.21,40.52,49.2,58.82,43.66,71.28,49.5,45.45,51.48,7.07,28.28,65.8,41.15,44.65,39.0,52.33,48.92,30.61,50.09,23.6,21.1,20.62,22.0,34.13,28.16,32.2,46.69
8,57.14,71.01,27.2,56.04,75.03,47.01,58.41,29.0,0.0,60.0,22.36,33.12,20.4,38.08,49.04,16.16,28.23,38.33,7.81,55.23,20.62,79.38,32.31,56.36,80.32,18.25,60.03,41.18,42.01,92.66,48.08,54.23,47.89,60.08,60.03,79.91,103.86,14.14,63.25,44.38,32.65,30.41,38.08,70.21,71.31,91.83,78.03,73.38,70.33,25.81,19.72,37.74,45.31,35.85,60.83,61.72,70.83,82.46,78.49,56.72,66.19,34.83,1.0,94.64,17.26,49.04,56.32,60.44,77.83,59.46,49.74,52.5,32.06,43.08,21.1,62.63,29.83,60.96,29.07
9,85.7,11.05,49.19,4.47,28.79,92.57,38.63,45.18,60.0,0.0,67.68,90.43,80.1,29.15,62.97,75.24,35.74,79.18,65.28,47.01,45.88,82.35,32.31,98.27,83.26,78.06,60.03,31.24,72.42,82.38,87.13,63.41,93.02,97.42,2.0,56.08,81.15,74.03,57.27,59.41,87.56,43.42,78.29,41.11,27.66,72.06,69.92,24.17,65.92,41.79,52.81,86.16,60.11,34.13,92.2,103.77,36.01,113.14,56.22,88.87,92.63,39.66,60.01,74.01,77.06,89.69,7.21,96.4,53.08,43.08,95.26,47.71,66.24,25.61,65.46,40.52,73.01,42.38,86.98
10,35.0,77.88,20.0,63.25,74.17,26.87,51.92,24.02,22.36,67.68,0.0,25.71,30.53,39.62,31.89,19.42,31.95,16.16,16.03,45.19,40.31,60.9,35.44,35.23,61.77,28.65,45.34,40.05,20.62,76.69,26.0,37.54,27.59,38.08,67.05,69.84,90.79,22.36,50.0,28.32,21.02,26.02,15.81,63.89,70.18,78.87,62.94,74.0,55.15,25.96,14.87,18.87,29.0,53.15,38.47,40.8,66.49,60.17,68.1,34.37,44.01,31.0,21.38,81.69,23.02,27.29,62.1,38.28,68.43,51.26,29.7,42.05,11.66,44.41,2.24,55.66,7.62,53.14,23.77
11,48.02,101.12,45.4,86.15,99.61,25.71,77.62,49.25,33.12,90.43,25.71,0.0,21.93,64.01,54.92,17.2,55.23,28.32,26.0,70.58,53.54,80.66,59.14,35.36,81.39,21.95,69.12,65.12,39.7,98.49,33.54,60.46,26.68,42.2,90.09,94.85,114.28,20.52,74.3,52.35,6.4,51.24,29.0,89.56,95.63,102.63,85.8,99.18,78.24,50.01,39.01,18.36,52.84,68.96,47.93,39.01,92.2,64.63,93.04,44.72,55.46,56.32,32.65,105.39,17.69,32.31,85.59,43.68,93.62,76.84,27.29,67.42,34.89,69.0,27.46,81.32,25.55,78.75,4.24
12,63.06,91.14,44.41,76.24,95.19,45.1,77.18,47.17,20.4,80.1,30.53,21.93,0.0,58.19,62.2,11.18,48.38,42.2,18.03,72.62,37.11,91.42,52.5,55.15,92.28,2.24,75.07,60.93,50.57,107.0,50.36,67.8,46.1,61.01,80.22,97.62,120.21,8.49,79.2,58.26,25.5,48.88,42.45,89.19,91.42,108.19,92.96,93.68,85.15,45.19,36.62,36.0,59.03,52.89,64.78,59.54,90.34,84.0,96.05,61.0,71.59,53.71,20.62,111.02,7.62,50.09,76.66,62.07,95.8,77.67,47.27,69.66,42.19,63.25,30.81,81.3,35.47,79.32,18.03
13,57.31,38.63,20.25,24.7,37.0,63.56,23.71,16.16,38.08,29.15,39.62,64.01,58.19,0.0,35.85,50.8,9.85,50.09,41.0,26.08,33.84,60.67,5.83,69.12,61.66,55.97,37.34,5.1,43.42,66.75,57.98,37.7,63.98,68.41,28.18,46.53,72.5,50.7,37.01,31.62,60.3,14.32,49.19,34.06,33.24,61.1,52.24,35.69,46.0,14.0,25.08,57.57,32.45,33.24,63.64,74.63,33.42,85.15,45.62,60.14,64.82,10.63,37.7,63.69,53.37,60.54,22.85,67.48,43.91,26.57,66.21,25.02,37.12,5.1,37.48,27.78,44.27,27.31,61.03
14,23.71,70.29,24.02,58.8,56.3,40.31,30.68,25.18,49.04,62.97,31.89,54.92,62.2,35.85,0.0,51.22,36.14,28.46,45.65,20.62,59.01,30.36,36.4,41.3,31.32,60.22,14.32,32.2,16.49,44.82,31.0,5.66,40.2,37.64,61.52,41.23,59.41,53.82,19.92,5.0,48.88,25.5,27.51,40.31,52.55,47.71,31.14,58.18,23.43,31.26,29.83,39.56,4.0,65.51,30.41,45.89,45.12,50.25,39.29,27.86,29.73,26.0,48.1,50.48,54.82,34.0,55.87,36.06,40.61,27.66,42.11,18.03,20.52,37.8,31.4,32.76,29.41,29.61,54.2
15,52.17,86.15,34.89,71.11,87.56,35.9,67.98,38.08,16.16,75.24,19.42,17.2,11.18,50.8,51.22,0.0,41.3,31.4,10.0,62.68,36.36,80.26,45.4,45.89,81.12,9.49,64.35,52.89,39.4,96.05,40.01,56.85,36.88,51.16,75.11,87.66,109.66,4.12,68.68,47.42,18.03,39.92,31.58,80.06,83.68,97.67,82.13,86.49,74.33,37.11,27.31,26.48,48.17,51.88,54.23,50.7,81.71,74.17,86.02,50.36,60.83,44.94,15.81,100.5,3.61,40.05,71.0,52.04,85.98,68.1,38.33,59.64,31.06,55.9,19.85,72.01,24.35,69.84,13.04
16,54.92,46.1,14.87,31.32,46.82,57.45,32.02,11.66,28.23,35.74,31.95,55.23,48.38,9.85,36.14,41.3,0.0,44.41,31.4,31.95,26.0,64.0,4.12,64.03,65.0,46.17,41.19,13.45,39.82,72.53,53.15,39.32,57.98,64.35,35.17,54.64,80.13,41.0,42.2,31.32,51.97,10.77,43.6,43.14,43.08,68.43,57.72,45.35,50.8,6.4,17.09,50.57,32.28,29.43,60.8,69.66,43.01,82.93,53.54,57.01,63.13,11.05,27.86,71.12,43.74,55.44,30.41,63.7,52.2,34.13,60.21,30.08,31.89,14.87,29.73,36.24,37.59,35.23,52.04
17,20.88,88.64,30.02,74.71,80.62,13.6,56.01,34.0,38.33,79.18,16.16,28.32,42.2,50.09,28.46,31.4,44.41,0.0,31.4,47.17,56.36,52.35,47.17,19.8,53.08,40.79,42.72,49.04,12.08,70.43,9.85,33.62,13.93,21.93,78.26,69.64,86.95,35.23,48.38,27.29,21.93,35.78,1.0,67.12,76.66,75.59,58.31,81.39,51.0,38.01,28.28,11.18,27.46,68.6,23.0,25.46,71.01,44.15,67.72,19.03,29.43,39.92,37.36,78.29,34.71,11.4,72.92,22.14,68.88,54.08,16.16,44.1,13.0,54.23,17.89,59.03,8.54,56.08,28.84
18,51.01,76.16,26.4,61.13,77.88,39.36,59.17,29.15,7.81,65.28,16.03,26.0,18.03,41.0,45.65,10.0,31.4,31.4,0.0,54.67,28.32,75.64,35.51,48.85,76.56,15.81,57.8,43.32,36.5,90.14,41.0,51.11,40.25,52.89,65.12,79.65,102.59,9.85,61.62,41.34,25.0,30.89,31.26,71.2,74.04,90.55,75.8,76.69,68.01,27.51,18.6,30.02,42.19,43.27,54.23,54.13,72.5,75.5,78.1,50.16,60.0,35.78,7.07,93.38,12.37,41.76,61.0,53.37,77.8,59.64,42.06,51.74,26.93,46.1,15.3,63.29,23.09,61.29,22.14
19,44.01,52.5,28.32,43.38,35.85,60.0,10.3,26.25,55.23,47.01,45.19,70.58,72.62,26.08,20.62,62.68,31.95,47.17,54.67,0.0,57.94,35.74,29.83,61.81,36.69,70.43,13.04,21.02,36.01,40.79,51.24,18.36,60.01,58.24,45.28,25.0,48.83,64.2,11.05,20.0,65.15,25.0,46.17,20.0,32.2,36.89,26.17,38.08,20.1,30.53,36.12,57.71,20.02,59.3,50.7,66.49,24.52,69.07,23.43,48.38,48.88,21.47,54.49,39.66,66.03,54.23,39.82,56.61,23.32,7.07,62.03,3.16,36.14,25.18,43.83,12.17,45.61,9.06,68.94
20,72.8,56.75,35.0,42.72,67.2,66.61,57.45,34.23,20.62,45.88,40.31,53.54,37.11,33.84,59.01,36.36,26.0,56.36,28.32,57.94,0.0,88.57,28.65,75.47,89.56,35.44,66.49,38.59,57.01,98.37,66.19,63.2,67.42,78.26,46.49,80.26,106.0,33.54,68.01,54.01,53.26,34.53,55.9,67.8,64.03,94.37,83.52,64.35,76.4,28.44,30.59,57.63,55.01,15.81,77.49,80.99,66.53,99.72,79.26,73.39,81.74,36.69,21.26,97.05,36.67,67.6,44.28,78.29,77.7,59.94,69.4,55.97,47.13,37.64,38.47,61.59,47.89,60.9,49.4
21,34.99,86.61,53.94,78.92,65.12,59.64,43.83,54.33,79.38,82.35,60.9,80.66,91.42,60.67,30.36,80.26,64.0,52.35,75.64,35.74,88.57,0.0,63.13,55.46,1.0,89.55,23.35,55.9,41.4,19.92,49.41,25.5,59.08,48.47,80.53,36.36,39.46,83.24,25.08,35.17,74.28,54.15,51.66,46.01,62.48,31.14,16.12,68.88,16.64,60.21,60.17,62.97,34.21,93.13,39.0,57.58,52.4,46.27,34.67,39.82,32.28,53.01,78.43,33.02,83.86,51.87,75.24,46.24,38.01,39.36,60.21,35.9,49.24,60.64,60.83,42.72,56.61,40.31,80.92
22,56.4,42.45,17.2,27.86,42.72,60.42,28.84,13.45,32.31,32.31,35.44,59.14,52.5,5.83,36.4,45.4,4.12,47.17,35.51,29.83,28.65,63.13,0.0,66.61,64.12,50.29,40.0,10.0,41.73,70.61,55.61,39.05,60.9,66.53,31.62,51.62,77.37,45.12,40.45,31.78,55.73,12.04,46.32,39.62,39.0,65.8,55.9,41.23,49.25,9.49,20.62,53.85,32.7,30.02,62.48,72.2,39.2,84.4,50.61,58.8,64.35,10.44,31.95,68.45,47.85,58.01,26.68,65.76,49.09,31.3,63.13,28.28,34.41,10.77,33.24,33.02,40.72,32.25,56.01
23,20.88,107.35,49.41,93.81,97.02,10.05,71.59,53.25,56.36,98.27,35.23,35.36,55.15,69.12,41.3,45.89,64.03,19.8,48.85,61.81,75.47,55.46,66.61,0.0,55.9,54.33,54.01,67.54,26.57,75.24,11.18,45.01,9.06,7.81,97.25,81.15,93.92,50.01,60.01,42.2,30.02,54.92,20.52,81.61,93.15,83.68,65.97,98.37,59.84,57.63,48.08,19.42,41.98,88.24,16.64,5.66,86.31,29.27,79.16,15.81,24.21,58.67,55.46,86.13,48.51,8.6,91.79,9.9,81.02,68.88,8.06,59.03,32.2,72.95,37.2,73.98,27.8,70.86,38.05
24,35.51,87.46,54.92,79.85,65.86,60.22,44.72,55.33,80.32,83.26,61.77,81.39,92.28,61.66,31.32,81.12,65.0,53.08,76.56,36.69,89.56,1.0,64.12,55.9,0.0,90.43,24.33,56.89,42.2,19.65,50.0,26.48,59.64,48.85,81.44,36.89,39.32,84.12,26.0,36.14,75.01,55.15,52.4,46.75,63.25,31.26,16.64,69.66,17.49,61.2,61.13,63.66,35.17,94.13,39.4,57.94,53.15,46.17,35.23,40.31,32.57,54.01,79.38,33.06,84.72,52.43,76.16,46.62,38.6,40.25,60.75,36.88,50.12,61.61,61.72,43.57,57.43,41.18,81.69
25,61.61,89.09,42.2,74.17,92.97,44.28,74.95,44.94,18.25,78.06,28.65,21.95,2.24,55.97,60.22,9.49,46.17,40.79,15.81,70.43,35.44,89.55,50.29,54.33,90.43,0.0,73.0,58.69,48.85,105.0,49.16,65.8,45.28,60.01,78.16,95.43,118.09,6.4,77.08,56.22,25.0,46.65,41.0,86.95,89.2,106.07,90.91,91.48,83.1,42.95,34.41,35.06,57.01,51.24,63.51,58.86,88.1,83.02,93.86,59.68,70.21,51.48,18.44,108.89,6.08,49.01,74.55,61.01,93.6,75.45,46.53,67.48,40.31,61.03,28.84,79.08,33.84,77.1,17.89
26,34.37,65.44,33.11,56.36,47.17,54.13,22.63,32.57,60.03,60.03,45.34,69.12,75.07,37.34,14.32,64.35,41.19,42.72,57.8,13.04,66.49,23.35,40.0,54.01,24.33,73.0,0.0,32.56,30.68,32.65,44.41,9.22,53.94,49.25,58.31,27.29,45.45,66.6,6.0,17.03,63.13,32.02,41.79,29.15,43.83,33.6,18.03,50.0,10.3,38.08,40.31,53.85,16.4,70.01,40.79,58.08,34.89,57.31,25.32,39.2,37.7,30.15,59.17,36.4,67.9,47.38,52.84,47.38,27.02,18.44,55.73,12.65,34.41,37.36,44.55,23.02,43.57,20.0,68.24
27,54.49,39.82,20.1,26.91,34.71,62.63,18.87,16.03,41.18,31.24,40.05,65.12,60.93,5.1,32.2,52.89,13.45,49.04,43.32,21.02,38.59,55.9,10.0,67.54,56.89,58.69,32.56,0.0,41.34,61.66,56.36,33.54,62.97,66.29,30.0,41.68,67.54,53.14,32.0,28.32,61.01,14.04,48.1,29.7,30.81,56.08,47.17,34.06,41.01,15.81,26.17,57.27,29.07,38.33,60.96,72.95,29.68,82.07,40.71,57.63,61.62,9.22,40.71,58.69,55.66,59.03,24.41,65.22,39.12,21.54,65.19,20.1,36.06,5.66,38.01,23.02,43.93,22.36,62.39
28,15.81,81.12,25.0,68.01,70.61,24.02,45.4,28.32,42.01,72.42,20.62,39.7,50.57,43.42,16.49,39.4,39.82,12.08,36.5,36.01,57.01,41.4,41.73,26.57,42.2,48.85,30.68,41.34,0.0,58.8,15.52,21.54,24.0,25.0,71.28,57.72,74.95,42.72,36.4,16.03,33.42,29.7,11.18,56.01,66.71,63.53,46.32,71.84,38.95,33.6,26.57,23.26,16.0,67.08,21.1,31.78,60.3,43.42,55.79,17.2,24.74,32.8,41.01,66.24,42.95,18.44,65.73,24.08,57.07,43.05,26.02,33.06,10.05,46.87,21.21,48.09,15.26,45.04,39.62
29,54.56,84.12,65.74,79.76,59.51,78.89,45.01,65.0,92.66,82.38,76.69,98.49,107.0,66.75,44.82,96.05,72.53,70.43,90.14,40.79,98.37,19.92,70.61,75.24,19.65,105.0,32.65,61.66,58.8,0.0,68.6,39.2,78.39,68.35,80.41,27.73,20.0,98.6,30.36,48.83,92.2,64.26,69.66,41.76,57.94,15.0,14.87,64.08,22.36,70.23,72.95,81.4,48.01,99.98,58.87,77.49,47.76,65.01,26.93,59.51,52.2,61.68,91.79,15.65,99.64,71.2,75.8,66.13,30.46,41.01,79.65,42.45,65.19,65.19,76.22,42.19,73.54,41.01,98.31
30,14.87,96.18,38.42,82.68,86.12,10.3,60.83,42.2,48.08,87.13,26.0,33.54,50.36,57.98,31.0,40.01,53.15,9.85,41.0,51.24,66.19,49.41,55.61,11.18,50.0,49.16,44.41,56.36,15.52,68.6,0.0,35.23,9.85,12.08,86.09,71.7,86.41,44.0,50.36,31.4,27.31,43.83,10.3,71.18,82.23,75.61,57.94,87.36,51.24,46.75,37.64,15.23,31.26,78.24,14.56,16.64,75.66,34.53,69.72,11.18,21.93,47.51,47.13,78.19,43.1,3.0,80.62,12.37,71.34,58.31,11.4,48.37,21.26,61.77,27.73,63.39,18.38,60.3,35.11
31,25.96,70.01,28.44,59.41,54.13,44.91,28.65,29.02,54.23,63.41,37.54,60.46,67.8,37.7,5.66,56.85,39.32,33.62,51.11,18.36,63.2,25.5,39.05,45.01,26.48,65.8,9.22,33.54,21.54,39.2,35.23,0.0,44.72,40.61,61.85,36.5,53.82,59.41,15.13,9.85,54.38,29.02,32.7,37.11,50.54,42.19,25.5,56.44,17.8,35.0,34.79,44.78,8.94,68.73,32.57,49.25,42.38,50.8,34.53,30.59,30.53,28.64,53.31,44.94,60.44,38.21,56.22,38.83,36.12,25.08,46.53,16.4,26.17,38.95,37.01,30.08,35.0,26.93,59.82
32,24.21,102.55,43.83,88.55,94.2,1.0,69.26,47.85,47.89,93.02,27.59,26.68,46.1,63.98,40.2,36.88,57.98,13.93,40.25,60.01,67.42,59.08,60.9,9.06,59.64,45.28,53.94,62.97,24.0,78.39,9.85,44.72,0.0,15.52,92.14,81.22,96.25,41.0,59.84,40.01,21.1,49.66,14.87,80.01,90.26,85.44,67.78,95.13,61.03,51.62,41.4,10.44,40.0,80.72,22.2,13.93,84.21,38.12,79.25,19.8,30.0,53.85,47.01,88.02,39.46,7.21,86.82,17.09,80.75,67.03,2.24,57.04,26.93,68.15,29.7,72.06,20.62,69.03,29.15
33,15.0,106.0,49.5,93.01,93.92,16.49,68.31,53.08,60.08,97.42,38.08,42.2,61.01,68.41,37.64,51.16,64.35,21.93,52.89,58.24,78.26,48.47,66.53,7.81,48.85,60.01,49.25,66.29,25.0,68.35,12.08,40.61,15.52,0.0,96.26,76.01,87.36,55.23,55.23,39.4,36.5,54.56,22.36,77.67,90.14,77.47,59.84,95.63,54.15,58.0,49.41,25.02,39.0,90.14,9.49,9.22,82.71,23.02,74.01,10.05,16.64,57.8,59.14,79.83,54.04,11.18,90.7,2.24,76.11,65.25,15.23,55.66,32.65,71.85,39.81,70.34,30.46,67.19,44.55
34,84.39,11.05,48.33,4.0,26.93,91.71,36.77,44.28,60.03,2.0,67.05,90.09,80.22,28.18,61.52,75.11,35.17,78.26,65.12,45.28,46.49,80.53,31.62,97.25,81.44,78.16,58.31,30.0,71.28,80.41,86.09,61.85,92.14,96.26,0.0,54.08,79.16,74.0,55.46,58.05,87.1,42.49,77.37,39.12,25.71,70.06,68.01,22.36,64.08,41.11,52.2,85.44,58.73,35.23,90.91,102.73,34.01,111.73,54.23,87.62,91.22,38.59,60.01,72.01,77.01,88.68,5.66,95.21,51.09,41.23,94.37,46.04,65.3,24.41,64.85,38.6,72.24,40.5,86.7
35,61.01,56.75,53.26,54.01,31.78,81.39,22.83,50.93,79.91,56.08,69.84,94.85,97.62,46.53,41.23,87.66,54.64,69.64,79.65,25.0,80.26,36.36,51.62,81.15,36.89,95.43,27.29,41.68,57.72,27.73,71.7,36.5,81.22,76.01,54.08,0.0,26.25,89.2,21.38,42.72,89.16,49.5,68.68,15.0,30.36,16.0,20.25,36.4,22.56,54.56,61.07,80.65,42.38,78.43,67.12,85.01,20.4,80.65,2.0,66.0,62.8,45.34,79.21,18.11,91.02,74.67,50.01,74.03,3.0,20.62,83.02,28.02,60.01,43.46,68.6,18.79,69.46,19.42,93.48
36,73.05,80.22,76.69,79.51,54.23,96.66,48.85,75.0,103.86,81.15,90.79,114.28,120.21,72.5,59.41,109.66,80.13,86.95,102.59,48.83,106.0,39.46,77.37,93.92,39.32,118.09,45.45,67.54,74.95,20.0,86.41,53.82,96.25,87.36,79.16,26.25,0.0,111.72,41.01,62.48,108.17,73.82,86.09,40.79,54.01,12.04,28.65,59.21,36.06,79.32,84.39,98.11,61.85,104.68,77.88,96.57,45.18,85.01,26.93,78.11,71.59,70.18,103.08,9.22,113.17,89.16,75.54,85.16,29.12,46.07,97.69,51.4,79.81,69.64,89.94,44.94,88.81,45.19,113.6
37,55.9,85.01,36.06,70.0,87.64,40.02,68.96,38.95,14.14,74.03,22.36,20.52,8.49,50.7,53.82,4.12,41.0,35.23,9.85,64.2,33.54,83.24,45.12,50.01,84.12,6.4,66.6,53.14,42.72,98.6,44.0,59.41,41.0,55.23,74.0,89.2,111.72,0.0,70.71,49.82,21.95,40.71,35.36,81.01,83.82,99.7,84.5,86.35,76.69,37.34,28.3,30.59,50.61,49.24,58.14,54.82,82.35,78.23,87.62,54.23,64.63,45.62,14.04,102.53,3.16,44.1,70.11,56.08,87.42,69.34,42.45,61.22,34.0,55.79,22.47,73.06,27.89,71.02,16.28
38,40.31,61.85,36.06,53.85,42.2,60.02,18.87,34.89,63.25,57.27,50.0,74.3,79.2,37.01,19.92,68.68,42.2,48.38,61.62,11.05,68.01,25.08,40.45,60.01,26.0,77.08,6.0,32.0,36.4,30.36,50.36,15.13,59.84,55.23,55.46,21.38,41.01,70.71,0.0,21.95,68.43,34.01,47.43,23.71,39.05,29.0,15.52,45.34,9.06,39.92,43.6,59.46,21.47,70.18,46.69,64.07,29.68,62.61,19.42,45.18,43.32,31.32,62.43,31.83,72.18,53.34,50.16,53.34,21.02,14.42,61.66,12.17,39.45,36.22,49.04,18.38,48.76,15.62,73.25
39,26.4,67.2,19.03,55.15,54.82,40.0,29.43,20.22,44.38,59.41,28.32,52.35,58.26,31.62,5.0,47.42,31.32,27.29,41.34,20.0,54.01,35.17,31.78,42.2,36.14,56.22,17.03,28.32,16.03,48.83,31.4,9.85,40.01,39.4,58.05,42.72,62.48,49.82,21.95,0.0,46.52,20.62,26.31,40.0,50.96,50.61,34.71,56.3,26.91,26.31,25.0,38.08,1.0,60.64,33.02,47.13,44.28,53.76,40.85,30.02,33.3,21.47,43.46,53.41,50.99,34.37,52.4,38.01,41.76,27.02,42.05,17.03,17.49,33.97,27.59,32.06,26.83,29.02,51.31
40,41.68,98.06,41.01,83.2,95.19,20.1,72.57,45.0,32.65,87.56,21.02,6.4,25.5,60.3,48.88,18.03,51.97,21.93,25.0,65.15,53.26,74.28,55.73,30.02,75.01,25.0,63.13,61.01,33.42,92.2,27.31,54.38,21.1,36.5,87.1,89.16,108.17,21.95,68.43,46.52,0.0,47.0,22.63,84.4,91.2,96.57,79.63,95.01,72.11,46.39,35.23,12.08,46.96,68.24,41.79,34.13,87.3,59.21,87.32,38.48,49.24,52.01,32.02,99.32,19.7,26.25,82.38,37.85,88.02,71.57,22.0,61.98,29.15,65.19,23.0,76.16,19.7,73.5,8.06
41,44.41,52.92,6.08,38.95,48.37,49.24,28.3,2.0,30.41,43.42,26.02,51.24,48.88,14.32,25.5,39.92,10.77,35.78,30.89,25.0,34.53,54.15,12.04,54.92,55.15,46.65,32.02,14.04,29.7,64.26,43.83,29.02,49.66,54.56,42.49,49.5,73.82,40.71,34.01,20.62,47.0,0.0,34.89,40.31,44.41,61.85,49.4,48.01,42.06,6.08,12.65,43.42,21.59,40.02,50.45,60.46,41.79,72.42,48.1,46.75,52.48,5.1,29.73,64.64,42.95,46.32,37.16,53.76,47.42,29.07,51.89,22.47,22.83,18.68,24.0,32.45,30.08,30.61,48.66
42,20.62,87.73,29.15,73.82,79.63,14.56,55.01,33.12,38.08,78.29,15.81,29.0,42.45,49.19,27.51,31.58,43.6,1.0,31.26,46.17,55.9,51.66,46.32,20.52,52.4,41.0,41.79,48.1,11.18,69.66,10.3,32.7,14.87,22.36,77.37,68.68,86.09,35.36,47.43,26.31,22.63,34.89,0.0,66.12,75.66,74.71,57.45,80.41,50.12,37.2,27.59,12.08,26.48,68.01,23.02,26.17,70.01,44.38,66.76,19.0,29.27,39.0,37.11,77.41,34.93,12.04,72.01,22.47,67.91,53.08,17.09,43.1,12.08,53.31,17.46,58.03,8.25,55.08,29.41
43,63.06,42.38,45.19,39.01,19.1,80.0,12.08,42.06,70.21,41.11,63.89,89.56,89.19,34.06,40.31,80.06,43.14,67.12,71.2,20.0,67.8,46.01,39.62,81.61,46.75,86.95,29.15,29.7,56.01,41.76,71.18,37.11,80.01,77.67,39.12,15.0,40.79,81.01,23.71,40.0,84.4,40.31,66.12,0.0,16.64,31.0,31.06,23.02,29.73,44.41,52.77,77.52,40.01,64.47,69.64,86.15,6.4,86.31,15.13,67.68,66.85,35.51,69.63,33.06,83.19,74.17,35.01,75.93,12.0,13.04,82.02,23.02,55.73,30.23,62.3,8.25,65.12,11.05,87.6
44,76.16,26.48,50.25,26.93,4.0,90.09,21.93,46.39,71.31,27.66,70.18,95.63,91.42,33.24,52.55,83.68,43.08,76.66,74.04,32.2,64.03,62.48,39.0,93.15,63.25,89.2,43.83,30.81,66.71,57.94,82.23,50.54,90.26,90.14,25.71,30.36,54.01,83.82,39.05,50.96,91.2,44.41,75.66,16.64,0.0,45.89,47.71,6.4,46.01,46.57,56.89,86.15,51.24,57.01,82.86,98.08,10.3,101.02,31.02,80.41,81.01,39.32,70.94,47.52,86.4,85.15,23.26,88.6,27.51,25.55,92.4,34.54,64.2,28.23,68.26,20.81,73.03,23.85,93.06
45,62.82,72.37,64.66,70.01,46.84,85.8,37.64,63.01,91.83,72.06,78.87,102.63,108.19,61.1,47.71,97.67,68.43,75.59,90.55,36.89,94.37,31.14,65.8,83.68,31.26,106.07,33.6,56.08,63.53,15.0,75.61,42.19,85.44,77.47,70.06,16.0,12.04,99.7,29.0,50.61,96.57,61.85,74.71,31.0,45.89,0.0,17.72,51.66,24.6,67.42,72.35,86.77,50.0,93.68,68.07,86.68,36.22,77.41,16.12,67.91,62.29,58.31,91.05,2.83,101.18,78.43,66.01,75.31,19.0,34.54,86.98,39.41,68.01,58.52,77.99,33.96,77.1,33.84,101.83
46,45.12,72.92,51.0,66.94,50.0,68.15,31.58,50.16,78.03,69.92,62.94,85.8,92.96,52.24,31.14,82.13,57.72,58.31,75.8,26.17,83.52,16.12,55.9,65.97,16.64,90.91,18.03,47.17,46.32,14.87,57.94,25.5,67.78,59.84,68.01,20.25,28.65,84.5,15.52,34.71,79.63,49.4,57.45,31.06,47.71,17.72,0.0,54.08,7.81,55.36,58.31,69.46,33.97,85.48,50.49,69.05,37.44,61.39,18.6,50.22,45.01,46.84,77.18,20.25,85.7,60.75,63.06,57.71,22.02,27.29,69.29,27.66,51.66,51.0,62.29,29.41,60.44,27.66,85.28
47,81.86,21.02,54.0,24.41,5.0,94.92,27.78,50.01,73.38,24.17,74.0,99.18,93.68,35.69,58.18,86.49,45.35,81.39,76.69,38.08,64.35,68.88,41.23,98.37,69.66,91.48,50.0,34.06,71.84,64.08,87.36,56.44,95.13,95.63,22.36,36.4,59.21,86.35,45.34,56.3,95.01,48.01,80.41,23.02,6.4,51.66,54.08,0.0,52.4,49.5,60.21,90.55,56.65,55.87,88.57,103.41,16.64,107.07,37.16,86.01,86.95,43.0,73.08,53.15,89.05,90.25,21.26,94.15,33.62,31.62,97.29,40.25,68.73,30.59,72.01,27.02,77.32,30.0,96.42
48,39.2,69.97,43.38,62.63,48.8,61.35,27.31,42.72,70.33,65.92,55.15,78.24,85.15,46.0,23.43,74.33,50.8,51.0,68.01,20.1,76.4,16.64,49.25,59.84,17.49,83.1,10.3,41.01,38.95,22.36,51.24,17.8,61.03,54.15,64.08,22.56,36.06,76.69,9.06,26.91,72.11,42.06,50.12,29.73,46.01,24.6,7.81,52.4,0.0,48.08,50.61,62.18,26.17,79.1,45.01,63.29,36.07,58.19,20.62,44.28,40.31,39.81,69.46,27.29,77.9,54.12,58.87,52.09,23.41,22.85,62.64,21.02,43.93,45.28,54.49,26.08,52.8,23.71,77.62
49,48.88,51.92,8.6,37.34,50.45,51.11,32.65,6.08,25.81,41.79,25.96,50.01,45.19,14.0,31.26,37.11,6.4,38.01,27.51,30.53,28.44,60.21,9.49,57.63,61.2,42.95,38.08,15.81,33.6,70.23,46.75,35.0,51.62,58.0,41.11,54.56,79.32,37.34,39.92,26.31,46.39,6.08,37.2,44.41,46.57,67.42,55.36,49.5,48.08,0.0,11.18,44.38,27.29,34.48,54.64,63.25,45.18,76.85,53.26,50.8,57.25,9.22,25.24,70.18,39.85,49.04,36.14,57.38,52.35,33.97,53.85,28.18,25.5,19.03,23.77,36.88,31.3,35.36,47.04
50,42.38,63.06,7.81,48.38,60.83,40.8,40.71,10.77,19.72,52.81,14.87,39.01,36.62,25.08,29.83,27.31,17.09,28.28,18.6,36.12,30.59,60.17,20.62,48.08,61.13,34.41,40.31,26.17,26.57,72.95,37.64,34.79,41.4,49.41,52.2,61.07,84.39,28.3,43.6,25.0,35.23,12.65,27.59,52.77,56.89,72.35,58.31,60.21,50.61,11.18,0.0,33.54,25.96,40.82,47.42,53.74,54.42,69.78,59.55,43.38,51.24,17.72,18.87,75.17,30.41,39.62,47.3,49.09,59.2,41.05,43.6,33.24,17.0,30.02,12.65,44.78,20.81,42.72,36.22
51,29.68,96.14,37.36,81.71,90.14,9.49,66.12,41.48,37.74,86.16,18.87,18.36,36.0,57.57,39.56,26.48,50.57,11.18,30.02,57.71,57.63,62.97,53.85,19.42,63.66,35.06,53.85,57.27,23.26,81.4,15.23,44.78,10.44,25.02,85.44,80.65,98.11,30.59,59.46,38.08,12.08,43.42,12.08,77.52,86.15,86.77,69.46,90.55,62.18,44.38,33.54,0.0,38.33,71.42,29.73,24.35,81.1,48.0,78.75,26.4,37.16,48.05,36.89,89.47,29.15,14.32,80.32,26.17,79.81,64.5,12.08,54.59,22.0,62.1,21.1,69.35,13.34,66.48,19.92
52,25.81,67.8,20.02,55.87,55.08,40.01,29.61,21.21,45.31,60.11,29.0,52.84,59.03,32.45,4.0,48.17,32.28,27.46,42.19,20.02,55.01,34.21,32.7,41.98,35.17,57.01,16.4,29.07,16.0,48.01,31.26,8.94,40.0,39.0,58.73,42.38,61.85,50.61,21.47,1.0,46.96,21.59,26.48,40.01,51.24,50.0,33.97,56.65,26.17,27.29,25.96,38.33,0.0,61.61,32.45,46.84,44.41,53.04,40.5,29.53,32.56,22.36,44.38,52.8,51.74,34.23,53.08,37.58,41.48,27.07,42.01,17.12,18.03,34.71,28.32,32.14,27.29,29.07,51.87
53,82.76,44.28,42.72,32.02,59.55,79.98,56.04,40.52,35.85,34.13,53.15,68.96,52.89,33.24,65.51,51.88,29.43,68.6,43.27,59.3,15.81,93.13,30.02,88.24,94.13,51.24,70.01,38.33,67.08,99.98,78.24,68.73,80.72,90.14,35.23,78.43,104.68,49.24,70.18,60.64,68.24,40.02,68.01,64.47,57.01,93.68,85.48,55.87,79.1,34.48,40.82,71.42,61.61,0.0,88.12,93.86,61.77,110.48,77.79,84.12,91.39,40.2,36.36,96.17,52.39,80.0,34.66,89.89,75.61,59.44,82.81,58.08,57.8,35.17,51.09,59.77,60.44,59.91,64.88
54,6.71,100.21,46.04,87.86,86.54,23.02,60.93,49.2,60.83,92.2,38.47,47.93,64.78,63.64,30.41,54.23,60.8,23.0,54.23,50.7,77.49,39.0,62.48,16.64,39.4,63.51,40.79,60.96,21.1,58.87,14.56,32.57,22.2,9.49,90.91,67.12,77.88,58.14,46.69,33.02,41.79,50.45,23.02,69.64,82.86,68.07,50.49,88.57,45.01,54.64,47.42,29.73,32.45,88.12,0.0,18.68,74.95,22.36,65.12,4.12,7.81,53.04,59.84,70.41,57.43,15.65,85.28,7.28,67.36,57.58,22.67,48.33,30.46,66.6,39.81,62.63,31.14,59.46,49.65
55,24.08,112.77,55.0,99.32,101.92,14.87,76.4,58.82,61.72,103.77,40.8,39.01,59.54,74.63,45.89,50.7,69.66,25.46,54.13,66.49,80.99,57.58,72.2,5.66,57.94,58.86,58.08,72.95,31.78,77.49,16.64,49.25,13.93,9.22,102.73,85.01,96.57,54.82,64.07,47.13,34.13,60.46,26.17,86.15,98.08,86.68,69.05,103.41,63.29,63.25,53.74,24.35,46.84,93.86,18.68,0.0,91.01,26.25,83.01,19.03,25.5,64.14,60.83,89.05,53.15,14.21,97.25,11.4,85.02,73.55,12.37,63.79,37.8,78.39,42.8,78.64,33.42,75.5,42.05
56,68.31,36.4,47.13,34.37,12.73,84.15,15.0,43.66,70.83,36.01,66.49,92.2,90.34,33.42,45.12,81.71,43.01,71.01,72.5,24.52,66.53,52.4,39.2,86.31,53.15,88.1,34.89,29.68,60.3,47.76,75.66,42.38,84.21,82.71,34.01,20.4,45.18,82.35,29.68,44.28,87.3,41.79,70.01,6.4,10.3,36.22,37.44,16.64,36.07,45.18,54.42,81.1,44.41,61.77,74.95,91.01,0.0,92.18,20.88,72.8,72.5,36.77,70.33,38.05,84.69,78.64,30.41,81.04,17.46,17.46,86.28,27.29,59.14,29.0,64.76,12.37,68.36,15.52,89.99
57,28.02,120.51,68.26,108.9,104.45,39.12,79.32,71.28,82.46,113.14,60.17,64.63,84.0,85.15,50.25,74.17,82.93,44.15,75.5,69.07,99.72,46.27,84.4,29.27,46.17,83.02,57.31,82.07,43.42,65.01,34.53,50.8,38.12,23.02,111.73,80.65,85.01,78.23,62.61,53.76,59.21,72.42,44.38,86.31,101.02,77.41,61.39,107.07,58.19,76.85,69.78,48.0,53.04,110.48,22.36,26.25,92.18,0.0,78.75,26.4,20.52,74.65,81.49,79.23,77.06,34.13,106.08,22.2,81.6,75.47,37.34,67.2,52.8,87.73,61.68,80.26,52.63,77.18,67.27
58,59.01,57.28,51.74,54.01,32.65,79.43,21.93,49.5,78.49,56.22,68.1,93.04,96.05,45.62,39.29,86.02,53.54,67.72,78.1,23.43,79.26,34.67,50.61,79.16,35.23,93.86,25.32,40.71,55.79,26.93,69.72,34.53,79.25,74.01,54.23,2.0,26.93,87.62,19.42,40.85,87.32,48.1,66.76,15.13,31.02,16.12,18.6,37.16,20.62,53.26,59.55,78.75,40.5,77.79,65.12,83.01,20.88,78.75,0.0,64.0,60.83,44.05,77.78,18.44,89.4,72.69,50.01,72.03,3.61,19.42,81.05,26.4,58.18,42.72,66.89,18.03,67.62,18.36,91.71
59,5.1,97.08,42.2,84.5,84.15,20.52,58.52,45.45,56.72,88.87,34.37,44.72,61.0,60.14,27.86,50.36,57.01,19.03,50.16,48.38,73.39,39.82,58.8,15.81,40.31,59.68,39.2,57.63,17.2,59.51,11.18,30.59,19.8,10.05,87.62,66.0,78.11,54.23,45.18,30.02,38.48,46.75,19.0,67.68,80.41,67.91,50.22,86.01,44.28,50.8,43.38,26.4,29.53,84.12,4.12,19.03,72.8,26.4,64.0,0.0,10.77,49.52,55.73,70.34,53.6,12.81,82.01,8.25,66.07,55.36,20.62,45.88,26.4,63.25,35.69,60.44,27.07,57.28,46.24
60,9.06,100.0,48.75,88.41,84.53,30.81,59.17,51.48,66.19,92.63,44.01,55.46,71.59,64.82,29.73,60.83,63.13,29.43,60.0,48.88,81.74,32.28,64.35,24.21,32.57,70.21,37.7,61.62,24.74,52.2,21.93,30.53,30.0,16.64,91.22,62.8,71.59,64.63,43.32,33.3,49.24,52.48,29.27,66.85,81.01,62.29,45.01,86.95,40.31,57.25,51.24,37.16,32.56,91.39,7.81,25.5,72.5,20.52,60.83,10.77,0.0,54.41,65.19,64.5,64.13,23.32,85.56,14.42,63.35,55.47,30.48,46.87,34.71,67.27,45.1,60.37,37.05,57.25,57.01
61,46.75,48.75,11.0,35.23,43.29,53.49,23.6,7.07,34.83,39.66,31.0,56.32,53.71,10.63,26.0,44.94,11.05,39.92,35.78,21.47,36.69,53.01,10.44,58.67,54.01,51.48,30.15,9.22,32.8,61.68,47.51,28.64,53.85,57.8,38.59,45.34,70.18,45.62,31.32,21.47,52.01,5.1,39.0,35.51,39.32,58.31,46.84,43.0,39.81,9.22,17.72,48.05,22.36,40.2,53.04,64.14,36.77,74.65,44.05,49.52,54.41,0.0,34.21,61.06,47.93,50.12,33.12,56.85,43.14,24.76,56.08,19.31,26.93,14.32,29.02,27.8,34.71,26.17,53.76
62,56.14,71.0,26.4,56.01,74.67,46.14,57.8,28.28,1.0,60.01,21.38,32.65,20.62,37.7,48.1,15.81,27.86,37.36,7.07,54.49,21.26,78.43,31.95,55.46,79.38,18.44,59.17,40.71,41.01,91.79,47.13,53.31,47.01,59.14,60.01,79.21,103.08,14.04,62.43,43.46,32.02,29.73,37.11,69.63,70.94,91.05,77.18,73.08,69.46,25.24,18.87,36.89,44.38,36.36,59.84,60.83,70.33,81.49,77.78,55.73,65.19,34.21,0.0,93.86,17.12,48.1,56.22,59.48,77.16,58.8,48.88,51.74,31.06,42.72,20.1,62.01,28.86,60.31,28.64
63,65.25,73.98,67.48,72.06,48.27,88.39,40.16,65.8,94.64,74.01,81.69,105.39,111.02,63.69,50.48,100.5,71.12,78.29,93.38,39.66,97.05,33.02,68.45,86.13,33.06,108.89,36.4,58.69,66.24,15.65,78.19,44.94,88.02,79.83,72.01,18.11,9.22,102.53,31.83,53.41,99.32,64.64,77.41,33.06,47.52,2.83,20.25,53.15,27.29,70.18,75.17,89.47,52.8,96.17,70.41,89.05,38.05,79.23,18.44,70.34,64.5,61.06,93.86,0.0,104.0,80.99,68.07,77.67,21.1,37.16,89.54,42.2,70.8,61.03,80.81,36.4,79.88,36.4,104.62
64,55.54,88.02,38.08,73.01,90.25,38.47,71.12,41.15,17.26,77.06,23.02,17.69,7.62,53.37,54.82,3.61,43.74,34.71,12.37,66.03,36.67,83.86,47.85,48.51,84.72,6.08,67.9,55.66,42.95,99.64,43.1,60.44,39.46,54.04,77.01,91.02,113.17,3.16,72.18,50.99,19.7,42.95,34.93,83.19,86.4,101.18,85.7,89.05,77.9,39.85,30.41,29.15,51.74,52.39,57.43,53.15,84.69,77.06,89.4,53.6,64.13,47.93,17.12,104.0,0.0,43.0,73.06,55.0,89.31,71.34,40.79,63.01,34.67,58.46,23.43,75.18,27.86,73.06,13.45
65,17.03,98.84,40.8,85.23,89.05,7.81,63.79,44.65,49.04,89.69,27.29,32.31,50.09,60.54,34.0,40.05,55.44,11.4,41.76,54.23,67.6,51.87,58.01,8.6,52.43,49.01,47.38,59.03,18.44,71.2,3.0,38.21,7.21,11.18,88.68,74.67,89.16,44.1,53.34,34.37,26.25,46.32,12.04,74.17,85.15,78.43,60.75,90.25,54.12,49.04,39.62,14.32,34.23,80.0,15.65,14.21,78.64,34.13,72.69,12.81,23.32,50.12,48.1,80.99,43.0,0.0,83.24,12.0,74.33,61.29,8.54,51.35,23.6,64.41,29.15,66.37,19.72,63.29,34.21
66,78.75,15.81,43.08,4.0,25.24,86.41,31.62,39.0,56.32,7.21,62.1,85.59,76.66,22.85,55.87,71.0,30.41,72.92,61.0,39.82,44.28,75.24,26.68,91.79,76.16,74.55,52.84,24.41,65.73,75.8,80.62,56.22,86.82,90.7,5.66,50.01,75.54,70.11,50.16,52.4,82.38,37.16,72.01,35.01,23.26,66.01,63.06,21.26,58.87,36.14,47.3,80.32,53.08,34.66,85.28,97.25,30.41,106.08,50.01,82.01,85.56,33.12,56.22,68.07,73.06,83.24,0.0,89.63,47.01,36.06,89.05,40.5,59.93,18.87,59.91,33.73,67.07,35.44,82.3
67,13.04,104.85,48.84,92.01,92.36,18.03,66.73,52.33,60.44,96.4,38.28,43.68,62.07,67.48,36.06,52.04,63.7,22.14,53.37,56.61,78.29,46.24,65.76,9.9,46.62,61.01,47.38,65.22,24.08,66.13,12.37,38.83,17.09,2.24,95.21,74.03,85.16,56.08,53.34,38.01,37.85,53.76,22.47,75.93,88.6,75.31,57.71,94.15,52.09,57.38,49.09,26.17,37.58,89.89,7.28,11.4,81.04,22.2,72.03,8.25,14.42,56.85,59.48,77.67,55.0,12.0,89.63,0.0,74.17,63.6,17.0,54.08,32.2,70.8,39.92,68.68,30.68,65.52,45.89
68,61.13,53.85,51.4,51.01,29.07,80.89,20.25,48.92,77.83,53.08,68.43,93.62,95.8,43.91,40.61,85.98,52.2,68.88,77.8,23.32,77.7,38.01,49.09,81.02,38.6,93.6,27.02,39.12,57.07,30.46,71.34,36.12,80.75,76.11,51.09,3.0,29.12,87.42,21.02,41.76,88.02,47.42,67.91,12.0,27.51,19.0,22.02,33.62,23.41,52.35,59.2,79.81,41.48,75.61,67.36,85.02,17.46,81.6,3.61,66.07,63.35,43.14,77.16,21.1,89.31,74.33,47.01,74.17,0.0,18.38,82.61,26.42,58.87,40.72,67.12,16.12,68.35,17.03,92.14
69,50.92,47.43,33.29,39.85,29.07,67.01,4.47,30.61,59.46,43.08,51.26,76.84,77.67,26.57,27.66,68.1,34.13,54.08,59.64,7.07,59.94,39.36,31.3,68.88,40.25,75.45,18.44,21.54,43.05,41.01,58.31,25.08,67.03,65.25,41.23,20.62,46.07,69.34,14.42,27.02,71.57,29.07,53.08,13.04,25.55,34.54,27.29,31.62,22.85,33.97,41.05,64.5,27.07,59.44,57.58,73.55,17.46,75.47,19.42,55.36,55.47,24.76,58.8,37.16,71.34,61.29,36.06,63.6,18.38,0.0,69.07,10.0,42.76,24.33,49.77,5.1,52.17,2.0,75.03
70,25.24,104.79,46.07,90.79,96.34,2.83,71.34,50.09,49.74,95.26,29.7,27.29,47.27,66.21,42.11,38.33,60.21,16.16,42.06,62.03,69.4,60.21,63.13,8.06,60.75,46.53,55.73,65.19,26.02,79.65,11.4,46.53,2.24,15.23,94.37,83.02,97.69,42.45,61.66,42.05,22.0,51.89,17.09,82.02,92.4,86.98,69.29,97.29,62.64,53.85,43.6,12.08,42.01,82.81,22.67,12.37,86.28,37.34,81.05,20.62,30.48,56.08,48.88,89.54,40.79,8.54,89.05,17.0,82.61,69.07,0.0,59.08,29.15,70.38,31.83,74.11,22.8,71.06,30.02
71,41.63,53.76,25.46,43.91,38.28,57.01,12.65,23.6,52.5,47.71,42.05,67.42,69.66,25.02,18.03,59.64,30.08,44.1,51.74,3.16,55.97,35.9,28.28,59.03,36.88,67.48,12.65,20.1,33.06,42.45,48.37,16.4,57.04,55.66,46.04,28.02,51.4,61.22,12.17,17.03,61.98,22.47,43.1,23.02,34.54,39.41,27.66,40.25,21.02,28.18,33.24,54.59,17.12,58.08,48.33,63.79,27.29,67.2,26.4,45.88,46.87,19.31,51.74,42.2,63.01,51.35,40.5,54.08,26.42,10.0,59.08,0.0,32.98,24.74,40.71,15.03,42.45,12.0,65.8
72,25.71,75.64,17.2,61.77,68.18,26.57,44.18,21.1,32.06,66.24,11.66,34.89,42.19,37.12,20.52,31.06,31.89,13.0,26.93,36.14,47.13,49.24,34.41,32.2,50.12,40.31,34.41,36.06,10.05,65.19,21.26,26.17,26.93,32.65,65.3,60.01,79.81,34.0,39.45,17.49,29.15,22.83,12.08,55.73,64.2,68.01,51.66,68.73,43.93,25.5,17.0,22.0,18.03,57.8,30.46,37.8,59.14,52.8,58.18,26.4,34.71,26.93,31.06,70.8,34.67,23.6,59.93,32.2,58.87,42.76,29.15,32.98,0.0,41.23,11.7,47.52,9.49,44.72,33.84
73,60.14,34.44,24.74,21.26,31.95,67.78,20.88,20.62,43.08,25.61,44.41,69.0,63.25,5.1,37.8,55.9,14.87,54.23,46.1,25.18,37.64,60.64,10.77,72.95,61.61,61.03,37.36,5.66,46.87,65.19,61.77,38.95,68.15,71.85,24.41,43.46,69.64,55.79,36.22,33.97,65.19,18.68,53.31,30.23,28.23,58.52,51.0,30.59,45.28,19.03,30.02,62.1,34.71,35.17,66.6,78.39,29.0,87.73,42.72,63.25,67.27,14.32,42.72,61.03,58.46,64.41,18.87,70.8,40.72,24.33,70.38,24.74,41.23,0.0,42.3,24.7,48.76,24.74,66.07
74,36.06,75.69,18.03,61.03,72.25,29.0,50.29,22.0,21.1,65.46,2.24,27.46,30.81,37.48,31.4,19.85,29.73,17.89,15.3,43.83,38.47,60.83,33.24,37.2,61.72,28.84,44.55,38.01,21.21,76.22,27.73,37.01,29.7,39.81,64.85,68.6,89.94,22.47,49.04,27.59,23.0,24.0,17.46,62.3,68.26,77.99,62.29,72.01,54.49,23.77,12.65,21.1,28.32,51.09,39.81,42.8,64.76,61.68,66.89,35.69,45.1,29.02,20.1,80.81,23.43,29.15,59.91,39.92,67.12,49.77,31.83,40.71,11.7,42.3,0.0,54.08,9.43,51.62,25.3
75,55.97,43.91,37.12,37.66,24.19,72.03,4.24,34.13,62.63,40.52,55.66,81.32,81.3,27.78,32.76,72.01,36.24,59.03,63.29,12.17,61.59,42.72,33.02,73.98,43.57,79.08,23.02,23.02,48.09,42.19,63.39,30.08,72.06,70.34,38.6,18.79,44.94,73.06,18.38,32.06,76.16,32.45,58.03,8.25,20.81,33.96,29.41,27.02,26.08,36.88,44.78,69.35,32.14,59.77,62.63,78.64,12.37,80.26,18.03,60.44,60.37,27.8,62.01,36.4,75.18,66.37,33.73,68.68,16.12,5.1,74.11,15.03,47.52,24.7,54.08,0.0,56.89,3.16,79.38
76,28.16,82.87,24.04,68.54,77.03,20.0,53.46,28.16,29.83,73.01,7.62,25.55,35.47,44.27,29.41,24.35,37.59,8.54,23.09,45.61,47.89,56.61,40.72,27.8,57.43,33.84,43.57,43.93,15.26,73.54,18.38,35.0,20.62,30.46,72.24,69.46,88.81,27.89,48.76,26.83,19.7,30.08,8.25,65.12,73.03,77.1,60.44,77.32,52.8,31.3,20.81,13.34,27.29,60.44,31.14,33.42,68.36,52.63,67.62,27.07,37.05,34.71,28.86,79.88,27.86,19.72,67.07,30.68,68.35,52.17,22.8,42.45,9.49,48.76,9.43,56.89,0.0,54.13,24.84
77,52.81,46.32,34.99,39.29,27.29,69.01,4.0,32.2,60.96,42.38,53.14,78.75,79.32,27.31,29.61,69.84,35.23,56.08,61.29,9.06,60.9,40.31,32.25,70.86,41.18,77.1,20.0,22.36,45.04,41.01,60.3,26.93,69.03,67.19,40.5,19.42,45.19,71.02,15.62,29.02,73.5,30.61,55.08,11.05,23.85,33.84,27.66,30.0,23.71,35.36,42.72,66.48,29.07,59.91,59.46,75.5,15.52,77.18,18.36,57.28,57.25,26.17,60.31,36.4,73.06,63.29,35.44,65.52,17.03,2.0,71.06,12.0,44.72,24.74,51.62,3.16,54.13,0.0,76.9
78,49.19,97.74,42.95,82.73,97.02,28.16,75.58,46.69,29.07,86.98,23.77,4.24,18.03,61.03,54.2,13.04,52.04,28.84,22.14,68.94,49.4,80.92,56.01,38.05,81.69,17.89,68.24,62.39,39.62,98.31,35.11,59.82,29.15,44.55,86.7,93.48,113.6,16.28,73.25,51.31,8.06,48.66,29.41,87.6,93.06,101.83,85.28,96.42,77.62,47.04,36.22,19.92,51.87,64.88,49.65,42.05,89.99,67.27,91.71,46.24,57.01,53.76,28.64,104.62,13.45,34.21,82.3,45.89,92.14,75.03,30.02,65.8,33.84,66.07,25.3,79.38,24.84,76.9,0.0
