vehicles
vehicle_idx, capacity, cost_per_unit_distance
1,100,3
2,100,3
3,100,3
4,100,3
5,100,3
6,100,3
7,100,3
8,100,3
9,100,3
depot
node_idx,x,y
0,25,51
home delivery customers
node_idx,x,y,service_time,demand
1,53,95,10,16
2,9,23,10,10
3,75,7,10,18
4,79,5,10,17
5,9,19,10,2
6,27,83,10,11
7,87,41,10,26
8,21,13,10,22
9,63,77,10,23
10,1,77,10,24
11,77,41,10,2
12,61,87,10,5
13,93,21,10,14
14,83,71,10,13
15,3,63,10,8
16,7,9,10,2
17,75,83,10,10
18,69,5,10,6
19,5,19,10,21
20,77,17,10,24
21,91,39,10,19
22,93,51,10,2
self pickup customers
node_idx,x,y,service_time,demand,locker_idxs
23,51,81,10,7,65
24,1,67,10,20,75
25,15,97,10,26,72
26,39,1,10,11,73-66
27,47,1,10,9,67-73
28,17,59,10,23,69
29,57,9,10,1,73
30,55,25,10,10,67
31,45,29,10,14,67-73
32,35,11,10,12,73-66
33,9,45,10,6,70
34,31,69,10,24,69
35,63,57,10,2,71-68
36,11,69,10,14,69-75
37,15,53,10,6,75
38,49,31,10,20,67
39,15,7,10,4,66
40,79,17,10,14,67
41,25,33,10,16,73-66
42,9,19,10,23,70
43,3,65,10,14,69-75
flexible customers
node_idx,x,y,service_time,demand,locker_idxs
44,35,7,10,12,73-66
45,93,75,10,24,68
46,51,55,10,9,68-71-74
47,33,97,10,12,75-72
48,83,79,10,12,71-68-65
49,47,19,10,7,73-67
50,21,91,10,9,72-75-69
51,67,1,10,21,67
52,59,21,10,17,67-73
53,1,75,10,2,69-75
54,33,85,10,15,72-69-75
55,25,21,10,16,70-66
56,9,77,10,18,69-75
57,59,91,10,19,71-68-65
58,63,79,10,15,68-71-65
59,97,67,10,8,65
60,95,57,10,5,65
61,77,17,10,25,67
62,37,65,10,13,69-75-74
63,69,27,10,24,67-73
64,67,75,10,23,71-68-65
lockers
node_idx,x,y,service_time,capacity,cost_per_unit_good
65,65,88,10,84
66,25,15,10,82
67,61,15,10,92
68,65,73,10,100
69,10,69,10,86
70,7,18,10,74
71,61,81,10,75
72,25,104,10,84
73,44,24,10,81
74,60,63,10,96
75,21,72,10,93
mrt lines
start_node_idx,end_node_idx,freight_capacity,cost_per_unit_good
distance matrix
,0,1,2,3,4,5,6,7,8,9,10,11,12,13,14,15,16,17,18,19,20,21,22,23,24,25,26,27,28,29,30,31,32,33,34,35,36,37,38,39,40,41,42,43,44,45,46,47,48,49,50,51,52,53,54,55,56,57,58,59,60,61,62,63,64,65,66,67,68,69,70,71,72,73,74,75,
0,0.0,52.15,32.25,66.6,70.94,35.78,32.06,62.8,38.21,46.04,35.38,52.95,50.91,74.32,61.35,25.06,45.69,59.36,63.66,37.74,62.13,67.08,68.0,39.7,28.84,47.07,51.92,54.63,11.31,52.8,39.7,29.73,41.23,17.09,18.97,38.47,22.8,10.2,31.24,45.12,63.81,18.0,35.78,26.08,45.12,72.11,26.31,46.69,64.4,38.83,40.2,65.3,45.34,33.94,34.93,30.0,30.53,52.5,47.2,73.76,70.26,62.13,18.44,50.12,48.37,54.49,36.0,50.91,45.65,23.43,37.59,46.86,53.0,33.02,37.0,21.38
1,52.15,0.0,84.38,90.71,93.68,87.82,28.64,63.81,88.02,20.59,55.03,59.09,11.31,84.12,38.42,59.36,97.53,25.06,91.41,89.89,81.61,67.68,59.46,14.14,59.06,38.05,95.04,94.19,50.91,86.09,70.03,66.48,85.91,66.6,34.06,39.29,49.4,56.64,64.12,95.85,82.22,68.03,87.82,58.31,89.82,44.72,40.05,20.1,34.0,76.24,32.25,95.04,74.24,55.71,22.36,79.12,47.54,7.21,18.87,52.15,56.64,81.61,34.0,69.86,24.41,13.89,84.76,80.4,25.06,50.25,89.69,16.12,29.41,71.57,32.76,39.41
2,32.25,84.38,0.0,67.91,72.28,4.0,62.64,80.05,15.62,76.37,54.59,70.34,82.46,84.02,88.2,40.45,14.14,89.2,62.64,5.66,68.26,83.55,88.54,71.61,44.72,74.24,37.2,43.91,36.88,50.0,46.04,36.5,28.64,22.0,50.99,63.81,46.04,30.59,40.79,17.09,70.26,18.87,4.0,42.43,30.53,98.79,52.8,77.79,92.8,38.21,69.05,62.03,50.04,52.61,66.48,16.12,54.0,84.4,77.79,98.39,92.48,68.26,50.48,60.13,77.9,85.8,17.89,52.61,75.07,46.01,5.39,77.9,82.57,35.01,64.82,50.45
3,66.6,90.71,67.91,0.0,4.47,67.08,89.89,36.06,54.33,71.02,101.86,34.06,81.22,22.8,64.5,91.21,68.03,76.0,6.32,71.02,10.2,35.78,47.54,77.79,95.27,108.17,36.5,28.64,77.9,18.11,26.91,37.2,40.2,76.16,76.03,51.42,89.11,75.6,35.38,60.0,10.77,56.36,67.08,92.46,40.0,70.34,53.67,99.32,72.44,30.46,99.86,10.0,21.26,100.5,88.59,51.92,96.21,85.51,72.99,63.91,53.85,10.2,69.34,20.88,68.47,81.61,50.64,16.12,66.75,89.83,68.88,75.31,109.13,35.36,57.97,84.5
4,70.94,93.68,72.28,4.47,0.0,71.39,93.74,36.88,58.55,73.76,106.15,36.06,83.95,21.26,66.12,95.6,72.11,78.1,10.0,75.31,12.17,36.06,48.08,80.99,99.64,112.07,40.2,32.25,82.22,22.36,31.24,41.62,44.41,80.62,80.0,54.41,93.38,80.0,39.7,64.03,12.0,60.83,71.39,96.83,44.05,71.39,57.31,102.86,74.11,34.93,103.73,12.65,25.61,104.8,92.28,56.32,100.42,88.29,75.71,64.56,54.41,12.17,73.24,24.17,71.02,84.17,54.92,20.59,69.43,94.11,73.16,78.1,112.77,39.82,61.03,88.62
5,35.78,87.82,4.0,67.08,71.39,0.0,66.48,81.04,13.42,79.25,58.55,71.47,85.6,84.02,90.44,44.41,10.2,91.93,61.61,4.0,68.03,84.4,89.89,74.89,48.66,78.23,34.99,42.05,40.79,49.03,46.39,37.36,27.2,26.0,54.63,66.03,50.04,34.53,41.76,13.42,70.03,21.26,0.0,46.39,28.64,100.96,55.32,81.61,95.27,38.0,72.99,60.73,50.04,56.57,70.23,16.12,58.0,87.66,80.72,100.24,94.02,68.03,53.85,60.53,80.62,88.87,16.49,52.15,77.79,50.01,2.24,80.92,86.49,35.36,67.36,54.34
6,32.06,28.64,62.64,89.89,93.74,66.48,0.0,73.24,70.26,36.5,26.68,65.3,34.23,90.55,57.27,31.24,76.66,48.0,88.59,67.68,82.8,77.67,73.35,24.08,30.53,18.44,82.87,84.4,26.0,79.85,64.4,56.92,72.44,42.05,14.56,44.41,21.26,32.31,56.46,76.94,84.02,50.04,66.48,30.0,76.42,66.48,36.88,15.23,56.14,67.05,10.0,91.24,69.77,27.2,6.32,62.03,18.97,32.98,36.22,71.81,72.8,82.8,20.59,70.0,40.79,38.33,68.03,76.03,39.29,22.02,68.01,34.06,21.1,61.4,38.59,12.53
7,62.8,63.81,80.05,36.06,36.88,81.04,73.24,0.0,71.69,43.27,93.23,10.0,52.84,20.88,30.27,86.83,86.16,43.68,40.25,84.9,26.0,4.47,11.66,53.81,89.84,91.21,62.48,56.57,72.28,43.86,35.78,43.68,60.03,78.1,62.61,28.84,80.99,72.99,39.29,79.62,25.3,62.51,81.04,87.36,62.13,34.53,38.63,77.79,38.21,45.65,82.8,44.72,34.41,92.48,69.66,65.15,85.91,57.31,44.94,27.86,17.89,26.0,55.46,22.8,39.45,51.89,67.23,36.77,38.83,81.93,83.24,47.71,88.39,46.24,34.83,72.92
8,38.21,88.02,15.62,54.33,58.55,13.42,70.26,71.69,0.0,76.55,67.05,62.61,84.12,72.44,84.9,53.14,14.56,88.41,48.66,17.09,56.14,74.67,81.41,74.32,57.58,84.21,21.63,28.64,46.17,36.22,36.06,28.84,14.14,34.18,56.89,60.83,56.89,40.45,33.29,8.49,58.14,20.4,13.42,55.03,15.23,95.02,51.61,84.85,90.55,26.68,78.0,47.54,38.83,65.15,72.99,8.94,65.12,86.76,78.23,93.23,86.09,56.14,54.41,50.0,77.2,86.95,4.47,40.05,74.4,57.07,14.87,78.89,91.09,25.5,63.41,59.0
9,46.04,20.59,76.37,71.02,73.76,79.25,36.5,43.27,76.55,0.0,62.0,38.63,10.2,63.53,20.88,61.61,88.09,13.42,72.25,82.02,61.61,47.2,39.7,12.65,62.8,52.0,79.7,77.67,49.4,68.26,52.61,51.26,71.69,62.77,32.98,20.0,52.61,53.67,48.08,84.88,62.1,58.14,79.25,61.19,75.39,30.07,25.06,36.06,20.1,60.17,44.27,76.11,56.14,62.03,31.05,67.68,54.0,14.56,2.0,35.44,37.74,61.61,28.64,50.36,4.47,11.18,72.72,62.03,4.47,53.6,81.34,4.47,46.62,56.3,14.32,42.3
10,35.38,55.03,54.59,101.86,106.15,58.55,26.68,93.23,67.05,62.0,0.0,84.1,60.83,107.7,82.22,14.14,68.26,74.24,99.04,58.14,96.83,97.69,95.6,50.16,10.0,24.41,84.97,88.84,24.08,88.09,74.97,65.12,74.24,32.98,31.05,65.15,12.81,27.78,66.48,71.39,98.41,50.12,58.55,12.17,77.82,92.02,54.63,37.74,82.02,74.03,24.41,100.66,80.62,2.0,32.98,60.93,8.0,59.67,62.03,96.52,96.1,96.83,37.95,84.4,66.03,64.94,66.48,86.28,64.12,12.04,59.3,60.13,36.12,68.25,60.64,20.62
11,52.95,59.09,70.34,34.06,36.06,71.47,65.3,10.0,62.61,38.63,84.1,0.0,48.7,25.61,30.59,77.2,76.97,42.05,36.88,75.29,24.0,14.14,18.87,47.71,80.32,83.55,55.17,50.0,62.64,37.74,27.2,34.18,51.61,68.12,53.85,21.26,71.69,63.15,29.73,70.71,24.08,52.61,71.47,77.79,54.04,37.58,29.53,71.22,38.47,37.2,75.07,41.23,26.91,83.26,62.23,55.71,76.94,53.14,40.5,32.8,24.08,24.0,46.65,16.12,35.44,48.51,58.14,30.53,34.18,72.62,73.68,43.08,81.69,37.12,27.8,64.01
12,50.91,11.31,82.46,81.22,83.95,85.6,34.23,52.84,84.12,10.2,60.83,48.7,0.0,73.35,27.2,62.77,94.87,14.56,82.39,88.09,71.81,56.6,48.17,11.66,63.25,47.07,88.77,87.13,52.15,78.1,62.29,60.17,80.32,66.84,34.99,30.07,53.14,57.2,57.27,92.28,72.28,64.9,85.6,62.03,84.12,34.18,33.53,29.73,23.41,69.43,40.2,86.21,66.03,61.19,28.07,75.18,52.95,4.47,8.25,41.18,45.34,71.81,32.56,60.53,13.42,4.12,80.5,72.0,14.56,54.08,87.62,6.0,39.81,65.25,24.02,42.72
13,74.32,84.12,84.02,22.8,21.26,84.02,90.55,20.88,72.44,63.53,107.7,25.61,73.35,0.0,50.99,99.32,86.83,64.56,28.84,88.02,16.49,18.11,30.0,73.24,102.86,108.9,57.58,50.16,84.97,37.95,38.21,48.66,58.86,87.36,78.41,46.86,95.02,84.31,45.12,79.25,14.56,69.05,84.02,100.18,59.67,54.0,54.04,96.83,58.86,46.04,100.42,32.8,34.0,106.68,87.73,68.0,100.96,77.82,65.3,46.17,36.06,16.49,71.22,24.74,59.93,72.62,68.26,32.56,59.06,95.88,86.05,68.0,107.3,49.09,53.41,88.23
14,61.35,38.42,88.2,64.5,66.12,90.44,57.27,30.27,84.9,20.88,82.22,30.59,27.2,50.99,0.0,80.4,98.08,14.42,67.47,93.74,54.33,32.98,22.36,33.53,82.1,72.8,82.68,78.71,67.08,67.23,53.85,56.64,76.84,78.43,52.04,24.41,72.03,70.34,52.5,93.38,54.15,69.34,90.44,80.22,80.0,10.77,35.78,56.36,8.0,63.25,65.15,71.81,55.46,82.1,51.92,76.58,74.24,31.24,21.54,14.56,18.44,54.33,46.39,46.17,16.49,24.76,80.62,60.17,18.11,73.03,92.66,24.17,66.73,61.07,24.35,62.01
15,25.06,59.36,40.45,91.21,95.6,44.41,31.24,86.83,53.14,61.61,14.14,77.2,62.77,99.32,80.4,0.0,54.15,74.73,87.86,44.05,87.13,91.21,90.8,51.26,4.47,36.06,71.69,76.03,14.56,76.37,64.4,54.04,61.06,18.97,28.64,60.3,10.0,15.62,56.04,57.27,88.84,37.2,44.41,2.0,64.5,90.8,48.66,45.34,81.58,62.23,33.29,89.11,70.0,12.17,37.2,47.41,15.23,62.61,62.1,94.09,92.2,87.13,34.06,75.18,65.12,66.85,52.8,75.29,62.8,9.22,45.18,60.73,46.53,56.59,57.0,20.12
16,45.69,97.53,14.14,68.03,72.11,10.2,76.66,86.16,14.56,88.09,68.26,76.97,94.87,86.83,98.08,54.15,0.0,100.5,62.13,10.2,70.46,89.2,95.71,84.38,58.31,88.36,32.98,40.79,50.99,50.0,50.6,42.94,28.07,36.06,64.62,73.76,60.13,44.72,47.41,8.25,72.44,30.0,10.2,56.14,28.07,108.41,63.66,91.76,103.32,41.23,83.19,60.53,53.37,66.27,80.32,21.63,68.03,97.1,89.64,107.07,100.24,70.46,63.53,64.56,89.2,98.01,18.97,54.33,86.37,60.07,9.0,90.0,96.69,39.92,75.66,64.54
17,59.36,25.06,89.2,76.0,78.1,91.93,48.0,43.68,88.41,13.42,74.24,42.05,14.56,64.56,14.42,74.73,100.5,0.0,78.23,94.85,66.03,46.82,36.72,24.08,75.71,61.61,89.55,86.65,62.77,76.16,61.35,61.77,82.37,76.16,46.17,28.64,65.51,67.08,58.14,96.83,66.12,70.71,91.93,74.22,85.88,19.7,36.88,44.27,8.94,69.86,54.59,82.39,64.03,74.43,42.05,79.65,66.27,17.89,12.65,27.2,32.8,66.03,42.05,56.32,11.31,11.18,84.4,69.43,14.14,66.49,94.07,14.14,54.23,66.65,25.0,55.11
18,63.66,91.41,62.64,6.32,10.0,61.61,88.59,40.25,48.66,72.25,99.04,36.88,82.39,28.84,67.47,87.86,62.13,78.23,0.0,65.51,14.42,40.5,51.88,78.1,92.02,106.68,30.27,22.36,74.97,12.65,24.41,33.94,34.53,72.11,74.43,52.35,86.37,72.25,32.8,54.04,15.62,52.15,61.61,89.2,34.06,74.0,53.14,98.79,75.31,26.08,98.49,4.47,18.87,97.59,87.73,46.82,93.72,86.58,74.24,68.03,58.14,14.42,68.0,22.0,70.03,83.1,45.12,12.81,68.12,87.05,63.35,76.42,108.34,31.4,58.69,82.42
19,37.74,89.89,5.66,71.02,75.31,4.0,67.68,84.9,17.09,82.02,58.14,75.29,88.09,88.02,93.74,44.05,10.2,94.85,65.51,0.0,72.03,88.29,93.64,77.2,48.17,78.64,38.47,45.69,41.76,52.95,50.36,41.23,31.05,26.31,56.36,69.34,50.36,35.44,45.61,15.62,74.03,24.41,4.0,46.04,32.31,104.31,58.41,82.87,98.41,42.0,73.76,64.56,54.04,56.14,71.69,20.1,58.14,90.0,83.45,103.77,97.69,72.03,56.04,64.5,83.55,91.44,20.4,56.14,80.72,50.25,2.24,83.55,87.32,39.32,70.43,55.36
20,62.13,81.61,68.26,10.2,12.17,68.03,82.8,26.0,56.14,61.61,96.83,24.0,71.81,16.49,54.33,87.13,70.46,66.03,14.42,72.03,0.0,26.08,37.58,69.08,90.97,101.21,41.23,34.0,73.24,21.54,23.41,34.18,42.43,73.54,69.43,42.38,84.02,71.69,31.3,62.8,2.0,54.41,68.03,88.2,43.17,60.17,46.04,91.3,62.29,30.07,92.8,18.87,18.44,95.6,80.99,52.15,90.69,76.16,63.56,53.85,43.86,0.0,62.48,12.81,58.86,72.01,52.04,16.12,57.27,84.81,70.01,65.97,101.36,33.73,49.04,78.49
21,67.08,67.68,83.55,35.78,36.06,84.4,77.67,4.47,74.67,47.2,97.69,14.14,56.6,18.11,32.98,91.21,89.2,46.82,40.5,88.29,26.08,0.0,12.17,58.0,94.25,95.6,64.4,58.14,76.66,45.34,38.63,47.07,62.61,82.22,67.08,33.29,85.44,77.28,42.76,82.46,25.06,66.27,84.4,91.76,64.5,36.06,43.08,82.02,40.79,48.33,87.2,44.94,36.72,96.93,74.03,68.41,90.38,61.06,48.83,28.64,18.44,26.08,59.93,25.06,43.27,55.47,70.23,38.42,42.8,86.38,86.59,51.61,92.63,49.34,39.2,77.39
22,68.0,59.46,88.54,47.54,48.08,89.89,73.35,11.66,81.41,39.7,95.6,18.87,48.17,30.0,22.36,90.8,95.71,36.72,51.88,93.64,37.58,12.17,0.0,51.61,93.38,90.55,73.59,67.94,76.42,55.32,46.04,52.8,70.46,84.21,64.56,30.59,83.95,78.03,48.33,89.55,36.77,70.34,89.89,91.08,72.8,24.0,42.19,75.6,29.73,56.04,82.37,56.36,45.34,95.08,68.96,74.32,87.93,52.5,41.04,16.49,6.32,37.58,57.72,33.94,35.38,46.4,76.94,48.17,35.61,84.93,92.11,43.86,86.21,55.95,35.11,75.0
23,39.7,14.14,71.61,77.79,80.99,74.89,24.08,53.81,74.32,12.65,50.16,47.71,11.66,73.24,33.53,51.26,84.38,24.08,78.1,77.2,69.08,58.0,51.61,0.0,51.92,39.4,80.89,80.1,40.5,72.25,56.14,52.35,71.81,55.32,23.32,26.83,41.76,45.61,50.04,82.29,69.86,54.59,74.89,50.6,75.71,42.43,26.0,24.08,32.06,62.13,31.62,81.58,60.53,50.36,18.44,65.39,42.19,12.81,12.17,48.08,50.12,69.08,21.26,56.92,17.09,15.65,70.94,66.75,16.12,42.72,76.84,10.0,34.71,57.43,20.12,31.32
24,28.84,59.06,44.72,95.27,99.64,48.66,30.53,89.84,57.58,62.8,10.0,80.32,63.25,102.86,82.1,4.47,58.31,75.71,92.02,48.17,90.97,94.25,93.38,51.92,0.0,33.11,76.16,80.45,17.89,80.62,68.41,58.14,65.51,23.41,30.07,62.8,10.2,19.8,60.0,61.61,92.65,41.62,48.66,2.83,68.96,92.35,51.42,43.86,82.87,66.48,31.24,93.34,74.03,8.0,36.72,51.88,12.81,62.77,63.15,96.0,94.53,90.97,36.06,78.89,66.48,67.36,57.27,79.4,64.28,9.22,49.37,61.61,44.1,60.81,59.14,20.62
25,47.07,38.05,74.24,108.17,112.07,78.23,18.44,91.21,84.21,52.0,24.41,83.55,47.07,108.9,72.8,36.06,88.36,61.61,106.68,78.64,101.21,95.6,90.55,39.4,33.11,0.0,98.95,101.19,38.05,97.51,82.37,74.32,88.29,52.35,32.25,62.48,28.28,44.0,74.24,90.0,102.45,64.78,78.23,34.18,92.2,81.04,55.32,18.0,70.34,84.31,8.49,109.18,87.82,26.08,21.63,76.66,20.88,44.41,51.26,87.32,89.44,101.21,38.83,88.41,56.46,50.8,82.61,94.02,55.46,28.44,79.4,48.7,12.21,78.55,56.4,25.71
26,51.92,95.04,37.2,36.5,40.2,34.99,82.87,62.48,21.63,79.7,84.97,55.17,88.77,57.58,82.68,71.69,32.98,89.55,30.27,38.47,41.23,64.4,73.59,80.89,76.16,98.95,0.0,8.0,62.03,19.7,28.84,28.64,10.77,53.25,68.47,60.93,73.54,57.27,31.62,24.74,43.08,34.93,34.99,73.43,7.21,91.61,55.32,96.19,89.55,19.7,91.78,28.0,28.28,83.19,84.21,24.41,81.71,92.2,81.61,87.86,79.2,41.23,64.03,39.7,79.12,90.8,19.8,26.08,76.55,73.93,36.24,82.97,103.95,23.54,65.46,73.25
27,54.63,94.19,43.91,28.64,32.25,42.05,84.4,56.57,28.64,77.67,88.84,50.0,87.13,50.16,78.71,76.03,40.79,86.65,22.36,45.69,34.0,58.14,67.94,80.1,80.45,101.19,8.0,0.0,65.3,12.81,25.3,28.07,15.62,58.14,69.86,58.24,76.94,61.06,30.07,32.56,35.78,38.83,42.05,77.67,13.42,87.13,54.15,97.02,85.91,18.0,93.68,20.0,23.32,87.13,85.16,29.73,84.97,90.8,79.62,82.8,73.76,34.0,64.78,34.06,76.66,88.84,26.08,19.8,74.22,77.41,43.46,81.22,105.32,23.19,63.35,75.61
28,11.31,50.91,36.88,77.9,82.22,40.79,26.0,72.28,46.17,49.4,24.08,62.64,52.15,84.97,67.08,14.56,50.99,62.77,74.97,41.76,73.24,76.66,76.42,40.5,17.89,38.05,62.03,65.3,0.0,64.03,50.99,41.04,51.26,16.12,17.2,46.04,11.66,6.32,42.52,52.04,74.89,27.2,40.79,15.23,55.03,77.67,34.23,41.23,68.96,50.0,32.25,76.58,56.64,22.63,30.53,38.83,19.7,52.8,50.16,80.4,78.03,73.24,20.88,61.06,52.5,56.08,44.72,62.23,50.0,12.21,42.2,49.19,45.71,44.2,43.19,13.6
29,52.8,86.09,50.0,18.11,22.36,49.03,79.85,43.86,36.22,68.26,88.09,37.74,78.1,37.95,67.23,76.37,50.0,76.16,12.65,52.95,21.54,45.34,55.32,72.25,80.62,97.51,19.7,12.81,64.03,0.0,16.12,23.32,22.09,60.0,65.39,48.37,75.6,60.83,23.41,42.05,23.41,40.0,49.03,77.79,22.09,75.18,46.39,91.21,74.67,14.14,89.55,12.81,12.17,86.56,79.7,34.18,83.23,82.02,70.26,70.46,61.22,21.54,59.46,21.63,66.75,79.4,32.56,7.21,64.5,76.22,50.8,72.11,100.24,19.85,54.08,72.56
30,39.7,70.03,46.04,26.91,31.24,46.39,64.4,35.78,36.06,52.61,74.97,27.2,62.29,38.21,53.85,64.4,50.6,61.35,24.41,50.36,23.41,38.63,46.04,56.14,68.41,82.37,28.84,25.3,50.99,16.12,0.0,10.77,24.41,50.16,50.12,32.98,62.23,48.83,8.49,43.86,25.3,31.05,46.39,65.6,26.91,62.8,30.27,75.29,60.83,10.0,74.24,26.83,5.66,73.59,63.91,30.27,69.43,66.12,54.59,59.4,51.22,23.41,43.86,14.14,51.42,63.79,31.62,11.66,49.03,62.94,48.51,56.32,84.5,11.05,38.33,58.01
31,29.73,66.48,36.5,37.2,41.62,37.36,56.92,43.68,28.84,51.26,65.12,34.18,60.17,48.66,56.64,54.04,42.94,61.77,33.94,41.23,34.18,47.07,52.8,52.35,58.14,74.32,28.64,28.07,41.04,23.32,10.77,0.0,20.59,39.4,42.38,33.29,52.5,38.42,4.47,37.2,36.06,20.4,37.36,55.32,24.17,66.48,26.68,69.05,62.8,10.2,66.48,35.61,16.12,63.66,57.27,21.54,60.0,63.56,53.14,64.4,57.31,34.18,36.88,24.08,50.99,62.3,24.41,21.26,48.33,53.15,39.56,54.41,77.62,5.1,37.16,49.24
32,41.23,85.91,28.64,40.2,44.41,27.2,72.44,60.03,14.14,71.69,74.24,51.61,80.32,58.86,76.84,61.06,28.07,82.37,34.53,31.05,42.43,62.61,70.46,71.81,65.51,88.29,10.77,15.62,51.26,22.09,24.41,20.59,0.0,42.8,58.14,53.85,62.77,46.52,24.41,20.4,44.41,24.17,27.2,62.77,4.0,86.37,46.82,86.02,83.23,14.42,81.22,33.53,26.0,72.47,74.03,14.14,70.94,83.52,73.54,83.55,75.6,42.43,54.04,37.58,71.55,82.64,10.77,26.31,68.88,63.16,28.86,74.67,93.54,15.81,57.7,62.59
33,17.09,66.6,22.0,76.16,80.62,26.0,42.05,78.1,34.18,62.77,32.98,68.12,66.84,87.36,78.43,18.97,36.06,76.16,72.11,26.31,73.54,82.22,84.21,55.32,23.41,52.35,53.25,58.14,16.12,60.0,50.16,39.4,42.8,0.0,32.56,55.32,24.08,10.0,42.38,38.47,75.39,20.0,26.0,20.88,46.04,89.2,43.17,57.27,81.44,46.04,47.54,72.8,55.46,31.05,46.65,28.84,32.0,67.94,63.81,90.71,86.83,73.54,34.41,62.64,65.3,70.6,34.0,60.03,62.61,24.02,27.07,63.25,61.13,40.82,54.08,29.55
34,18.97,34.06,50.99,76.03,80.0,54.63,14.56,62.61,56.89,32.98,31.05,53.85,34.99,78.41,52.04,28.64,64.62,46.17,74.43,56.36,69.43,67.08,64.56,23.32,30.07,32.25,68.47,69.86,17.2,65.39,50.12,42.38,58.14,32.56,0.0,34.18,20.0,22.63,42.05,64.03,70.77,36.5,54.63,28.28,62.13,62.29,24.41,28.07,52.95,52.5,24.17,76.94,55.57,30.59,16.12,48.37,23.41,35.61,33.53,66.03,65.12,69.43,7.21,56.64,36.5,38.95,54.33,61.77,34.23,21.0,56.36,32.31,35.51,46.84,29.61,10.44
35,38.47,39.29,63.81,51.42,54.41,66.03,44.41,28.84,60.83,20.0,65.15,21.26,30.07,46.86,24.41,60.3,73.76,28.64,52.35,69.34,42.38,33.29,30.59,26.83,62.8,62.48,60.93,58.24,46.04,48.37,32.98,33.29,53.85,55.32,34.18,0.0,53.37,48.17,29.53,69.31,43.08,44.94,66.03,60.53,57.31,34.99,12.17,50.0,29.73,41.23,54.04,56.14,36.22,64.56,41.04,52.35,57.58,34.23,22.0,35.44,32.0,42.38,27.2,30.59,18.44,31.06,56.64,42.05,16.12,54.34,68.24,24.08,60.44,38.08,6.71,44.6
36,22.8,49.4,46.04,89.11,93.38,50.04,21.26,80.99,56.89,52.61,12.81,71.69,53.14,95.02,72.03,10.0,60.13,65.51,86.37,50.36,84.02,85.44,83.95,41.76,10.2,28.28,73.54,76.94,11.66,75.6,62.23,52.5,62.77,24.08,20.0,53.37,0.0,16.49,53.74,62.13,85.6,38.63,50.04,8.94,66.48,82.22,42.38,35.61,72.69,61.61,24.17,88.09,67.88,11.66,27.2,50.0,8.25,52.8,52.95,86.02,84.85,84.02,26.31,71.61,56.32,57.25,55.79,73.59,54.15,1.0,51.16,51.42,37.7,55.8,49.37,10.44
37,10.2,56.64,30.59,75.6,80.0,34.53,32.31,72.99,40.45,53.67,27.78,63.15,57.2,84.31,70.34,15.62,44.72,67.08,72.25,35.44,71.69,77.28,78.03,45.61,19.8,44.0,57.27,61.06,6.32,60.83,48.83,38.42,46.52,10.0,22.63,48.17,16.49,0.0,40.5,46.0,73.43,22.36,34.53,16.97,50.16,81.04,36.06,47.54,72.8,46.69,38.47,73.54,54.41,26.08,36.72,33.53,24.74,58.14,54.59,83.19,80.1,71.69,25.06,59.93,56.46,61.03,39.29,59.67,53.85,16.76,35.9,53.85,51.97,41.01,46.1,19.92
38,31.24,64.12,40.79,35.38,39.7,41.76,56.46,39.29,33.29,48.08,66.48,29.73,57.27,45.12,52.5,56.04,47.41,58.14,32.8,45.61,31.3,42.76,48.33,50.04,60.0,74.24,31.62,30.07,42.52,23.41,8.49,4.47,24.41,42.38,42.05,29.53,53.74,40.5,0.0,41.62,33.11,24.08,41.76,57.2,27.78,62.23,24.08,67.91,58.82,12.17,66.21,34.99,14.14,65.12,56.32,26.0,60.96,60.83,50.0,60.0,52.84,31.3,36.06,20.4,47.54,59.2,28.84,20.0,44.94,54.45,43.97,51.42,76.84,8.6,33.84,49.65
39,45.12,95.85,17.09,60.0,64.03,13.42,76.94,79.62,8.49,84.88,71.39,70.71,92.28,79.25,93.38,57.27,8.25,96.83,54.04,15.62,62.8,82.46,89.55,82.29,61.61,90.0,24.74,32.56,52.04,42.05,43.86,37.2,20.4,38.47,64.03,69.31,62.13,46.0,41.62,0.0,64.78,27.86,13.42,59.23,20.0,103.48,60.0,91.78,99.04,34.18,84.21,52.35,46.17,69.43,80.05,17.2,70.26,94.83,86.53,101.61,94.34,62.8,62.03,57.58,85.6,95.19,12.81,46.69,82.8,62.2,13.6,87.13,97.51,33.62,71.84,65.28
40,63.81,82.22,70.26,10.77,12.0,70.03,84.02,25.3,58.14,62.1,98.41,24.08,72.28,14.56,54.15,88.84,72.44,66.12,15.62,74.03,2.0,25.06,36.77,69.86,92.65,102.45,43.08,35.78,74.89,23.41,25.3,36.06,44.41,75.39,70.77,43.08,85.6,73.43,33.11,64.78,0.0,56.32,70.03,89.89,45.12,59.67,47.2,92.28,62.13,32.06,94.02,20.0,20.4,97.2,82.1,54.15,92.2,76.66,64.03,53.14,43.08,2.0,63.78,14.14,59.23,72.37,54.04,18.11,57.72,86.4,72.01,66.48,102.4,35.69,49.77,79.93
41,18.0,68.03,18.87,56.36,60.83,21.26,50.04,62.51,20.4,58.14,50.12,52.61,64.9,69.05,69.34,37.2,30.0,70.71,52.15,24.41,54.41,66.27,70.34,54.59,41.62,64.78,34.93,38.83,27.2,40.0,31.05,20.4,24.17,20.0,36.5,44.94,38.63,22.36,24.08,27.86,56.32,0.0,21.26,38.83,27.86,79.92,34.06,64.5,74.03,26.08,58.14,52.8,36.06,48.37,52.61,12.0,46.82,67.23,59.67,79.62,74.0,54.41,34.18,44.41,59.4,68.01,18.0,40.25,56.57,39.0,23.43,60.0,71.0,21.02,46.1,39.2
42,35.78,87.82,4.0,67.08,71.39,0.0,66.48,81.04,13.42,79.25,58.55,71.47,85.6,84.02,90.44,44.41,10.2,91.93,61.61,4.0,68.03,84.4,89.89,74.89,48.66,78.23,34.99,42.05,40.79,49.03,46.39,37.36,27.2,26.0,54.63,66.03,50.04,34.53,41.76,13.42,70.03,21.26,0.0,46.39,28.64,100.96,55.32,81.61,95.27,38.0,72.99,60.73,50.04,56.57,70.23,16.12,58.0,87.66,80.72,100.24,94.02,68.03,53.85,60.53,80.62,88.87,16.49,52.15,77.79,50.01,2.24,80.92,86.49,35.36,67.36,54.34
43,26.08,58.31,42.43,92.46,96.83,46.39,30.0,87.36,55.03,61.19,12.17,77.79,62.03,100.18,80.22,2.0,56.14,74.22,89.2,46.04,88.2,91.76,91.08,50.6,2.83,34.18,73.43,77.67,15.23,77.79,65.6,55.32,62.77,20.88,28.28,60.53,8.94,16.97,57.2,59.23,89.89,38.83,46.39,0.0,66.24,90.55,49.03,43.86,81.22,63.66,31.62,90.51,71.22,10.2,36.06,49.19,13.42,61.74,61.61,94.02,92.35,88.2,34.0,76.16,64.78,66.13,54.63,76.58,62.51,8.06,47.17,60.17,44.78,57.98,57.04,19.31
44,45.12,89.82,30.53,40.0,44.05,28.64,76.42,62.13,15.23,75.39,77.82,54.04,84.12,59.67,80.0,64.5,28.07,85.88,34.06,32.31,43.17,64.5,72.8,75.71,68.96,92.2,7.21,13.42,55.03,22.09,26.91,24.17,4.0,46.04,62.13,57.31,66.48,50.16,27.78,20.0,45.12,27.86,28.64,66.24,0.0,89.38,50.6,90.02,86.53,16.97,85.16,32.56,27.78,76.03,78.03,17.2,74.67,87.36,77.25,86.28,78.1,43.17,58.03,39.45,75.15,86.38,12.81,27.2,72.5,66.85,30.08,78.43,97.51,19.24,61.33,66.49
45,72.11,44.72,98.79,70.34,71.39,100.96,66.48,34.53,95.02,30.07,92.02,37.58,34.18,54.0,10.77,90.8,108.41,19.7,74.0,104.31,60.17,36.06,24.0,42.43,92.35,81.04,91.61,87.13,77.67,75.18,62.8,66.48,86.37,89.2,62.29,34.99,82.22,81.04,62.23,103.48,59.67,79.92,100.96,90.55,89.38,0.0,46.52,63.91,10.77,72.47,73.76,78.43,63.81,92.0,60.83,86.83,84.02,37.58,30.27,8.94,18.11,60.17,56.89,53.67,26.0,30.87,90.69,68.0,28.07,83.22,103.17,32.56,73.93,70.72,35.11,72.06
46,26.31,40.05,52.8,53.67,57.31,55.32,36.88,38.63,51.61,25.06,54.63,29.53,33.53,54.04,35.78,48.66,63.66,36.88,53.14,58.41,46.04,43.08,42.19,26.0,51.42,55.32,55.32,54.15,34.23,46.39,30.27,26.68,46.82,43.17,24.41,12.17,42.38,36.06,24.08,60.0,47.2,34.06,55.32,49.03,50.6,46.52,0.0,45.69,40.0,36.22,46.86,56.32,34.93,53.85,34.99,42.8,47.41,36.88,26.83,47.54,44.05,46.04,17.2,33.29,25.61,35.85,47.71,41.23,22.8,43.32,57.49,27.86,55.47,31.78,12.04,34.48
47,46.69,20.1,77.79,99.32,102.86,81.61,15.23,77.79,84.85,36.06,37.74,71.22,29.73,96.83,56.36,45.34,91.76,44.27,98.79,82.87,91.3,82.02,75.6,24.08,43.86,18.0,96.19,97.02,41.23,91.21,75.29,69.05,86.02,57.27,28.07,50.0,35.61,47.54,67.91,91.78,92.28,64.5,81.61,43.86,90.02,63.91,45.69,0.0,53.14,79.25,13.42,101.84,80.32,38.83,12.0,76.42,31.24,26.68,34.99,70.68,73.78,91.3,32.25,78.71,40.5,33.24,82.39,86.65,40.0,36.24,83.17,32.25,10.63,73.82,43.42,27.73
48,64.4,34.0,92.8,72.44,74.11,95.27,56.14,38.21,90.55,20.1,82.02,38.47,23.41,58.86,8.0,81.58,103.32,8.94,75.31,98.41,62.29,40.79,29.73,32.06,82.87,70.34,89.55,85.91,68.96,74.67,60.83,62.8,83.23,81.44,52.95,29.73,72.69,72.8,58.82,99.04,62.13,74.03,95.27,81.22,86.53,10.77,40.0,53.14,0.0,69.97,63.15,79.62,62.77,82.1,50.36,82.02,74.03,26.83,20.0,18.44,25.06,62.29,48.08,53.85,16.49,20.12,86.37,67.68,18.97,73.68,97.45,22.09,63.16,67.42,28.02,62.39
49,38.83,76.24,38.21,30.46,34.93,38.0,67.05,45.65,26.68,60.17,74.03,37.2,69.43,46.04,63.25,62.23,41.23,69.86,26.08,42.0,30.07,48.33,56.04,62.13,66.48,84.31,19.7,18.0,50.0,14.14,10.0,10.2,14.42,46.04,52.5,41.23,61.61,46.69,12.17,34.18,32.06,26.08,38.0,63.66,16.97,72.47,36.22,79.25,69.97,0.0,76.55,26.91,12.17,72.47,67.47,22.09,69.34,72.99,62.1,69.31,61.22,30.07,47.07,23.41,59.46,71.31,22.36,14.56,56.92,62.2,40.01,63.56,87.8,5.83,45.88,59.03
50,40.2,32.25,69.05,99.86,103.73,72.99,10.0,82.8,78.0,44.27,24.41,75.07,40.2,100.42,65.15,33.29,83.19,54.59,98.49,73.76,92.8,87.2,82.37,31.62,31.24,8.49,91.78,93.68,32.25,89.55,74.24,66.48,81.22,47.54,24.17,54.04,24.17,38.47,66.21,84.21,94.02,58.14,72.99,31.62,85.16,73.76,46.86,13.42,63.15,76.55,0.0,101.07,79.65,25.61,13.42,70.11,18.44,38.0,43.68,79.7,81.44,92.8,30.53,80.0,48.7,44.1,76.11,85.88,47.54,24.6,74.33,41.23,13.6,70.84,48.01,19.0
51,65.3,95.04,62.03,10.0,12.65,60.73,91.24,44.72,47.54,76.11,100.66,41.23,86.21,32.8,71.81,89.11,60.53,82.39,4.47,64.56,18.87,44.94,56.36,81.58,93.34,109.18,28.0,20.0,76.58,12.81,26.83,35.61,33.53,72.8,76.94,56.14,88.09,73.54,34.99,52.35,20.0,52.8,60.73,90.51,32.56,78.43,56.32,101.84,79.62,26.91,101.07,0.0,21.54,99.16,90.62,46.52,95.6,90.35,78.1,72.5,62.61,18.87,70.68,26.08,74.0,87.02,44.27,15.23,72.03,88.73,62.36,80.22,111.23,32.53,62.39,84.6
52,45.34,74.24,50.04,21.26,25.61,50.04,69.77,34.41,38.83,56.14,80.62,26.91,66.03,34.0,55.46,70.0,53.37,64.03,18.87,54.04,18.44,36.72,45.34,60.53,74.03,87.82,28.28,23.32,56.64,12.17,5.66,16.12,26.0,55.46,55.57,36.22,67.88,54.41,14.14,46.17,20.4,36.06,50.04,71.22,27.78,63.81,34.93,80.32,62.77,12.17,79.65,21.54,0.0,79.25,69.08,34.0,75.07,70.0,58.14,59.67,50.91,18.44,49.19,11.66,54.59,67.27,34.53,6.32,52.35,68.59,52.09,60.03,89.69,15.3,42.01,63.6
53,33.94,55.71,52.61,100.5,104.8,56.57,27.2,92.48,65.15,62.03,2.0,83.26,61.19,106.68,82.1,12.17,66.27,74.43,97.59,56.14,95.6,96.93,95.08,50.36,8.0,26.08,83.19,87.13,22.63,86.56,73.59,63.66,72.47,31.05,30.59,64.56,11.66,26.08,65.12,69.43,97.2,48.37,56.57,10.2,76.03,92.0,53.85,38.83,82.1,72.47,25.61,99.16,79.25,0.0,33.53,59.09,8.25,60.17,62.13,96.33,95.71,95.6,37.36,83.23,66.0,65.31,64.62,84.85,64.03,10.82,57.31,60.3,37.64,66.71,60.21,20.22
54,34.93,22.36,66.48,88.59,92.28,70.23,6.32,69.66,72.99,31.05,32.98,62.23,28.07,87.73,51.92,37.2,80.32,42.05,87.73,71.69,80.99,74.03,68.96,18.44,36.72,21.63,84.21,85.16,30.53,79.7,63.91,57.27,74.03,46.65,16.12,41.04,27.2,36.72,56.32,80.05,82.1,52.61,70.23,36.06,78.03,60.83,34.99,12.0,50.36,67.47,13.42,90.62,69.08,33.53,0.0,64.5,25.3,26.68,30.59,66.48,68.03,80.99,20.4,68.26,35.44,32.14,70.46,75.39,34.18,28.02,71.87,28.28,20.62,61.98,34.83,17.69
55,30.0,79.12,16.12,51.92,56.32,16.12,62.03,65.15,8.94,67.68,60.93,55.71,75.18,68.0,76.58,47.41,21.63,79.65,46.82,20.1,52.15,68.41,74.32,65.39,51.88,76.66,24.41,29.73,38.83,34.18,30.27,21.54,14.14,28.84,48.37,52.35,50.0,33.53,26.0,17.2,54.15,12.0,16.12,49.19,17.2,86.83,42.8,76.42,82.02,22.09,70.11,46.52,34.0,59.09,64.5,0.0,58.24,77.82,69.34,85.44,78.71,52.15,45.61,44.41,68.41,78.03,6.0,36.5,65.6,50.29,18.25,69.97,83.0,19.24,54.67,51.16
56,30.53,47.54,54.0,96.21,100.42,58.0,18.97,85.91,65.12,54.0,8.0,76.94,52.95,100.96,74.24,15.23,68.03,66.27,93.72,58.14,90.69,90.38,87.93,42.19,12.81,20.88,81.71,84.97,19.7,83.23,69.43,60.0,70.94,32.0,23.41,57.58,8.25,24.74,60.96,70.26,92.2,46.82,58.0,13.42,74.67,84.02,47.41,31.24,74.03,69.34,18.44,95.6,75.07,8.25,25.3,58.24,0.0,51.92,54.04,88.57,88.29,90.69,30.46,78.1,58.03,57.07,64.03,80.92,56.14,8.06,59.03,52.15,31.38,63.51,52.89,13.0
57,52.5,7.21,84.4,85.51,88.29,87.66,32.98,57.31,86.76,14.56,59.67,53.14,4.47,77.82,31.24,62.61,97.1,17.89,86.58,90.0,76.16,61.06,52.5,12.81,62.77,44.41,92.2,90.8,52.8,82.02,66.12,63.56,83.52,67.94,35.61,34.23,52.8,58.14,60.83,94.83,76.66,67.23,87.66,61.74,87.36,37.58,36.88,26.68,26.83,72.99,38.0,90.35,70.0,60.17,26.68,77.82,51.92,0.0,12.65,44.94,49.52,76.16,34.06,64.78,17.89,6.71,83.26,76.03,18.97,53.71,89.63,10.2,36.4,68.66,28.02,42.49
58,47.2,18.87,77.79,72.99,75.71,80.72,36.22,44.94,78.23,2.0,62.03,40.5,8.25,65.3,21.54,62.1,89.64,12.65,74.24,83.45,63.56,48.83,41.04,12.17,63.15,51.26,81.61,79.62,50.16,70.26,54.59,53.14,73.54,63.81,33.53,22.0,52.95,54.59,50.0,86.53,64.03,59.67,80.72,61.61,77.25,30.27,26.83,34.99,20.0,62.1,43.68,78.1,58.14,62.13,30.59,69.34,54.04,12.65,0.0,36.06,38.83,63.56,29.53,52.35,5.66,9.22,74.43,64.03,6.32,53.94,82.81,2.83,45.49,58.19,16.28,42.58
59,73.76,52.15,98.39,63.91,64.56,100.24,71.81,27.86,93.23,35.44,96.52,32.8,41.18,46.17,14.56,94.09,107.07,27.2,68.03,103.77,53.85,28.64,16.49,48.08,96.0,87.32,87.86,82.8,80.4,70.46,59.4,64.4,83.55,90.71,66.03,35.44,86.02,83.19,60.0,101.61,53.14,79.62,100.24,94.02,86.28,8.94,47.54,70.68,18.44,69.31,79.7,72.5,59.67,96.33,66.48,85.44,88.57,44.94,36.06,0.0,10.2,53.85,60.03,48.83,31.05,38.28,88.81,63.25,32.56,87.02,102.47,38.63,80.95,68.25,37.22,76.16
60,70.26,56.64,92.48,53.85,54.41,94.02,72.8,17.89,86.09,37.74,96.1,24.08,45.34,36.06,18.44,92.2,100.24,32.8,58.14,97.69,43.86,18.44,6.32,50.12,94.53,89.44,79.2,73.76,78.03,61.22,51.22,57.31,75.6,86.83,65.12,32.0,84.85,80.1,52.84,94.34,43.08,74.0,94.02,92.35,78.1,18.11,44.05,73.78,25.06,61.22,81.44,62.61,50.91,95.71,68.03,78.71,88.29,49.52,38.83,10.2,0.0,43.86,58.55,39.7,33.29,43.14,81.63,54.04,34.0,85.84,96.25,41.62,84.31,60.75,35.51,75.5
61,62.13,81.61,68.26,10.2,12.17,68.03,82.8,26.0,56.14,61.61,96.83,24.0,71.81,16.49,54.33,87.13,70.46,66.03,14.42,72.03,0.0,26.08,37.58,69.08,90.97,101.21,41.23,34.0,73.24,21.54,23.41,34.18,42.43,73.54,69.43,42.38,84.02,71.69,31.3,62.8,2.0,54.41,68.03,88.2,43.17,60.17,46.04,91.3,62.29,30.07,92.8,18.87,18.44,95.6,80.99,52.15,90.69,76.16,63.56,53.85,43.86,0.0,62.48,12.81,58.86,72.01,52.04,16.12,57.27,84.81,70.01,65.97,101.36,33.73,49.04,78.49
62,18.44,34.0,50.48,69.34,73.24,53.85,20.59,55.46,54.41,28.64,37.95,46.65,32.56,71.22,46.39,34.06,63.53,42.05,68.0,56.04,62.48,59.93,57.72,21.26,36.06,38.83,64.03,64.78,20.88,59.46,43.86,36.88,54.04,34.41,7.21,27.2,26.31,25.06,36.06,62.03,63.78,34.18,53.85,34.0,58.03,56.89,17.2,32.25,48.08,47.07,30.53,70.68,49.19,37.36,20.4,45.61,30.46,34.06,29.53,60.03,58.55,62.48,0.0,49.68,31.62,36.24,51.42,55.46,29.12,27.29,55.76,28.84,40.8,41.59,23.09,17.46
63,50.12,69.86,60.13,20.88,24.17,60.53,70.0,22.8,50.0,50.36,84.4,16.12,60.53,24.74,46.17,75.18,64.56,56.32,22.0,64.5,12.81,25.06,33.94,56.92,78.89,88.41,39.7,34.06,61.06,21.63,14.14,24.08,37.58,62.64,56.64,30.59,71.61,59.93,20.4,57.58,14.14,44.41,60.53,76.16,39.45,53.67,33.29,78.71,53.85,23.41,80.0,26.08,11.66,83.23,68.26,44.41,78.1,64.78,52.35,48.83,39.7,12.81,49.68,0.0,48.04,61.13,45.61,14.42,46.17,72.42,62.65,54.59,88.68,25.18,37.11,65.8
64,48.37,24.41,77.9,68.47,71.02,80.62,40.79,39.45,77.2,4.47,66.03,35.44,13.42,59.93,16.49,65.12,89.2,11.31,70.03,83.55,58.86,43.27,35.38,17.09,66.48,56.46,79.12,76.66,52.5,66.75,51.42,50.99,71.55,65.3,36.5,18.44,56.32,56.46,47.54,85.6,59.23,59.4,80.62,64.78,75.15,26.0,25.61,40.5,16.49,59.46,48.7,74.0,54.59,66.0,35.44,68.41,58.03,17.89,5.66,31.05,33.29,58.86,31.62,48.04,0.0,13.15,73.24,60.3,2.83,57.31,82.76,8.49,51.04,55.95,13.89,46.1
65,54.49,13.89,85.8,81.61,84.17,88.87,38.33,51.89,86.95,11.18,64.94,48.51,4.12,72.62,24.76,66.85,98.01,11.18,83.1,91.44,72.01,55.47,46.4,15.65,67.36,50.8,90.8,88.84,56.08,79.4,63.79,62.3,82.64,70.6,38.95,31.06,57.25,61.03,59.2,95.19,72.37,68.01,88.87,66.13,86.38,30.87,35.85,33.24,20.12,71.31,44.1,87.02,67.27,65.31,32.14,78.03,57.07,6.71,9.22,38.28,43.14,72.01,36.24,61.13,13.15,0.0,83.24,73.11,15.0,58.19,90.91,8.06,43.08,67.36,25.5,46.82
66,36.0,84.76,17.89,50.64,54.92,16.49,68.03,67.23,4.47,72.72,66.48,58.14,80.5,68.26,80.62,52.8,18.97,84.4,45.12,20.4,52.04,70.23,76.94,70.94,57.27,82.61,19.8,26.08,44.72,32.56,31.62,24.41,10.77,34.0,54.33,56.64,55.79,39.29,28.84,12.81,54.04,18.0,16.49,54.63,12.81,90.69,47.71,82.39,86.37,22.36,76.11,44.27,34.53,64.62,70.46,6.0,64.03,83.26,74.43,88.81,81.63,52.04,51.42,45.61,73.24,83.24,0.0,36.0,70.46,56.04,18.25,75.18,89.0,21.02,59.41,57.14
67,50.91,80.4,52.61,16.12,20.59,52.15,76.03,36.77,40.05,62.03,86.28,30.53,72.0,32.56,60.17,75.29,54.33,69.43,12.81,56.14,16.12,38.42,48.17,66.75,79.4,94.02,26.08,19.8,62.23,7.21,11.66,21.26,26.31,60.03,61.77,42.05,73.59,59.67,20.0,46.69,18.11,40.25,52.15,76.58,27.2,68.0,41.23,86.65,67.68,14.56,85.88,15.23,6.32,84.85,75.39,36.5,80.92,76.03,64.03,63.25,54.04,16.12,55.46,14.42,60.3,73.11,36.0,0.0,58.14,74.28,54.08,66.0,96.01,19.24,48.01,69.63
68,45.65,25.06,75.07,66.75,69.43,77.79,39.29,38.83,74.4,4.47,64.12,34.18,14.56,59.06,18.11,62.8,86.37,14.14,68.12,80.72,57.27,42.8,35.61,16.12,64.28,55.46,76.55,74.22,50.0,64.5,49.03,48.33,68.88,62.61,34.23,16.12,54.15,53.85,44.94,82.8,57.72,56.57,77.79,62.51,72.5,28.07,22.8,40.0,18.97,56.92,47.54,72.03,52.35,64.03,34.18,65.6,56.14,18.97,6.32,32.56,34.0,57.27,29.12,46.17,2.83,15.0,70.46,58.14,0.0,55.15,79.93,8.94,50.61,53.31,11.18,44.01
69,23.43,50.25,46.01,89.83,94.11,50.01,22.02,81.93,57.07,53.6,12.04,72.62,54.08,95.88,73.03,9.22,60.07,66.49,87.05,50.25,84.81,86.38,84.93,42.72,9.22,28.44,73.93,77.41,12.21,76.22,62.94,53.15,63.16,24.02,21.0,54.34,1.0,16.76,54.45,62.2,86.4,39.0,50.01,8.06,66.85,83.22,43.32,36.24,73.68,62.2,24.6,88.73,68.59,10.82,28.02,50.29,8.06,53.71,53.94,87.02,85.84,84.81,27.29,72.42,57.31,58.19,56.04,74.28,55.15,0.0,51.09,52.39,38.08,56.4,50.36,11.4
70,37.59,89.69,5.39,68.88,73.16,2.24,68.01,83.24,14.87,81.34,59.3,73.68,87.62,86.05,92.66,45.18,9.0,94.07,63.35,2.24,70.01,86.59,92.11,76.84,49.37,79.4,36.24,43.46,42.2,50.8,48.51,39.56,28.86,27.07,56.36,68.24,51.16,35.9,43.97,13.6,72.01,23.43,2.24,47.17,30.08,103.17,57.49,83.17,97.45,40.01,74.33,62.36,52.09,57.31,71.87,18.25,59.03,89.63,82.81,102.47,96.25,70.01,55.76,62.65,82.76,90.91,18.25,54.08,79.93,51.09,0.0,82.98,87.86,37.48,69.53,55.79
71,46.86,16.12,77.9,75.31,78.1,80.92,34.06,47.71,78.89,4.47,60.13,43.08,6.0,68.0,24.17,60.73,90.0,14.14,76.42,83.55,65.97,51.61,43.86,10.0,61.61,48.7,82.97,81.22,49.19,72.11,56.32,54.41,74.67,63.25,32.31,24.08,51.42,53.85,51.42,87.13,66.48,60.0,80.92,60.17,78.43,32.56,27.86,32.25,22.09,63.56,41.23,80.22,60.03,60.3,28.28,69.97,52.15,10.2,2.83,38.63,41.62,65.97,28.84,54.59,8.49,8.06,75.18,66.0,8.94,52.39,82.98,0.0,42.72,59.48,18.03,41.0
72,53.0,29.41,82.57,109.13,112.77,86.49,21.1,88.39,91.09,46.62,36.12,81.69,39.81,107.3,66.73,46.53,96.69,54.23,108.34,87.32,101.36,92.63,86.21,34.71,44.1,12.21,103.95,105.32,45.71,100.24,84.5,77.62,93.54,61.13,35.51,60.44,37.7,51.97,76.84,97.51,102.4,71.0,86.49,44.78,97.51,73.93,55.47,10.63,63.16,87.8,13.6,111.23,89.69,37.64,20.62,83.0,31.38,36.4,45.49,80.95,84.31,101.36,40.8,88.68,51.04,43.08,89.0,96.01,50.61,38.08,87.86,42.72,0.0,82.23,53.91,32.25
73,33.02,71.57,35.01,35.36,39.82,35.36,61.4,46.24,25.5,56.3,68.25,37.12,65.25,49.09,61.07,56.59,39.92,66.65,31.4,39.32,33.73,49.34,55.95,57.43,60.81,78.55,23.54,23.19,44.2,19.85,11.05,5.1,15.81,40.82,46.84,38.08,55.8,41.01,8.6,33.62,35.69,21.02,35.36,57.98,19.24,70.72,31.78,73.82,67.42,5.83,70.84,32.53,15.3,66.71,61.98,19.24,63.51,68.66,58.19,68.25,60.75,33.73,41.59,25.18,55.95,67.36,21.02,19.24,53.31,56.4,37.48,59.48,82.23,0.0,42.15,53.23
74,37.0,32.76,64.82,57.97,61.03,67.36,38.59,34.83,63.41,14.32,60.64,27.8,24.02,53.41,24.35,57.0,75.66,25.0,58.69,70.43,49.04,39.2,35.11,20.12,59.14,56.4,65.46,63.35,43.19,54.08,38.33,37.16,57.7,54.08,29.61,6.71,49.37,46.1,33.84,71.84,49.77,46.1,67.36,57.04,61.33,35.11,12.04,43.42,28.02,45.88,48.01,62.39,42.01,60.21,34.83,54.67,52.89,28.02,16.28,37.22,35.51,49.04,23.09,37.11,13.89,25.5,59.41,48.01,11.18,50.36,69.53,18.03,53.91,42.15,0.0,40.02
75,21.38,39.41,50.45,84.5,88.62,54.34,12.53,72.92,59.0,42.3,20.62,64.01,42.72,88.23,62.01,20.12,64.54,55.11,82.42,55.36,78.49,77.39,75.0,31.32,20.62,25.71,73.25,75.61,13.6,72.56,58.01,49.24,62.59,29.55,10.44,44.6,10.44,19.92,49.65,65.28,79.93,39.2,54.34,19.31,66.49,72.06,34.48,27.73,62.39,59.03,19.0,84.6,63.6,20.22,17.69,51.16,13.0,42.49,42.58,76.16,75.5,78.49,17.46,65.8,46.1,46.82,57.14,69.63,44.01,11.4,55.79,41.0,32.25,53.23,40.02,0.0
