set K:= 1	2	3	4	5	6	7	8	9;
set C_H:= 1	2	3	4	5	6	7	8	9	10	11	12	13	14	15	16	17	18	19	20	21	22;
set C_S:= 23	24	25	26	27	28	29	30	31	32	33	34	35	36	37	38	39	40	41	42;
set C_F:= 43	44	45	46	47	48	49	50	51	52	53	54	55	56	57	58	59	60	61	62;
set M:= 63	64	65	66	67	68;
set L_B:= 69	70	71	72	73	74	75	76	77;
set A1:=
(0,*) 1 2 3 4 5 6 7 8 9 10 11 12 13 14 15 16 17 18 19 20 21 22 43 44 45 46 47 48 49 50 51 52 53 54 55 56 57 58 59 60 61 62 63 64 65 66 67 68 69 70 71 72 73 74 75 76 77
(1,*) 0 2 3 4 5 6 7 8 9 10 11 12 13 14 15 16 17 18 19 20 21 22 43 44 45 46 47 48 49 50 51 52 53 54 55 56 57 58 59 60 61 62 63 64 65 66 67 68 69 70 71 72 73 74 75 76 77
(2,*) 0 1 3 4 5 6 7 8 9 10 11 12 13 14 15 16 17 18 19 20 21 22 43 44 45 46 47 48 49 50 51 52 53 54 55 56 57 58 59 60 61 62 63 64 65 66 67 68 69 70 71 72 73 74 75 76 77
(3,*) 0 1 2 4 5 6 7 8 9 10 11 12 13 14 15 16 17 18 19 20 21 22 43 44 45 46 47 48 49 50 51 52 53 54 55 56 57 58 59 60 61 62 63 64 65 66 67 68 69 70 71 72 73 74 75 76 77
(4,*) 0 1 2 3 5 6 7 8 9 10 11 12 13 14 15 16 17 18 19 20 21 22 43 44 45 46 47 48 49 50 51 52 53 54 55 56 57 58 59 60 61 62 63 64 65 66 67 68 69 70 71 72 73 74 75 76 77
(5,*) 0 1 2 3 4 6 7 8 9 10 11 12 13 14 15 16 17 18 19 20 21 22 43 44 45 46 47 48 49 50 51 52 53 54 55 56 57 58 59 60 61 62 63 64 65 66 67 68 69 70 71 72 73 74 75 76 77
(6,*) 0 1 2 3 4 5 7 8 9 10 11 12 13 14 15 16 17 18 19 20 21 22 43 44 45 46 47 48 49 50 51 52 53 54 55 56 57 58 59 60 61 62 63 64 65 66 67 68 69 70 71 72 73 74 75 76 77
(7,*) 0 1 2 3 4 5 6 8 9 10 11 12 13 14 15 16 17 18 19 20 21 22 43 44 45 46 47 48 49 50 51 52 53 54 55 56 57 58 59 60 61 62 63 64 65 66 67 68 69 70 71 72 73 74 75 76 77
(8,*) 0 1 2 3 4 5 6 7 9 10 11 12 13 14 15 16 17 18 19 20 21 22 43 44 45 46 47 48 49 50 51 52 53 54 55 56 57 58 59 60 61 62 63 64 65 66 67 68 69 70 71 72 73 74 75 76 77
(9,*) 0 1 2 3 4 5 6 7 8 10 11 12 13 14 15 16 17 18 19 20 21 22 43 44 45 46 47 48 49 50 51 52 53 54 55 56 57 58 59 60 61 62 63 64 65 66 67 68 69 70 71 72 73 74 75 76 77
(10,*) 0 1 2 3 4 5 6 7 8 9 11 12 13 14 15 16 17 18 19 20 21 22 43 44 45 46 47 48 49 50 51 52 53 54 55 56 57 58 59 60 61 62 63 64 65 66 67 68 69 70 71 72 73 74 75 76 77
(11,*) 0 1 2 3 4 5 6 7 8 9 10 12 13 14 15 16 17 18 19 20 21 22 43 44 45 46 47 48 49 50 51 52 53 54 55 56 57 58 59 60 61 62 63 64 65 66 67 68 69 70 71 72 73 74 75 76 77
(12,*) 0 1 2 3 4 5 6 7 8 9 10 11 13 14 15 16 17 18 19 20 21 22 43 44 45 46 47 48 49 50 51 52 53 54 55 56 57 58 59 60 61 62 63 64 65 66 67 68 69 70 71 72 73 74 75 76 77
(13,*) 0 1 2 3 4 5 6 7 8 9 10 11 12 14 15 16 17 18 19 20 21 22 43 44 45 46 47 48 49 50 51 52 53 54 55 56 57 58 59 60 61 62 63 64 65 66 67 68 69 70 71 72 73 74 75 76 77
(14,*) 0 1 2 3 4 5 6 7 8 9 10 11 12 13 15 16 17 18 19 20 21 22 43 44 45 46 47 48 49 50 51 52 53 54 55 56 57 58 59 60 61 62 63 64 65 66 67 68 69 70 71 72 73 74 75 76 77
(15,*) 0 1 2 3 4 5 6 7 8 9 10 11 12 13 14 16 17 18 19 20 21 22 43 44 45 46 47 48 49 50 51 52 53 54 55 56 57 58 59 60 61 62 63 64 65 66 67 68 69 70 71 72 73 74 75 76 77
(16,*) 0 1 2 3 4 5 6 7 8 9 10 11 12 13 14 15 17 18 19 20 21 22 43 44 45 46 47 48 49 50 51 52 53 54 55 56 57 58 59 60 61 62 63 64 65 66 67 68 69 70 71 72 73 74 75 76 77
(17,*) 0 1 2 3 4 5 6 7 8 9 10 11 12 13 14 15 16 18 19 20 21 22 43 44 45 46 47 48 49 50 51 52 53 54 55 56 57 58 59 60 61 62 63 64 65 66 67 68 69 70 71 72 73 74 75 76 77
(18,*) 0 1 2 3 4 5 6 7 8 9 10 11 12 13 14 15 16 17 19 20 21 22 43 44 45 46 47 48 49 50 51 52 53 54 55 56 57 58 59 60 61 62 63 64 65 66 67 68 69 70 71 72 73 74 75 76 77
(19,*) 0 1 2 3 4 5 6 7 8 9 10 11 12 13 14 15 16 17 18 20 21 22 43 44 45 46 47 48 49 50 51 52 53 54 55 56 57 58 59 60 61 62 63 64 65 66 67 68 69 70 71 72 73 74 75 76 77
(20,*) 0 1 2 3 4 5 6 7 8 9 10 11 12 13 14 15 16 17 18 19 21 22 43 44 45 46 47 48 49 50 51 52 53 54 55 56 57 58 59 60 61 62 63 64 65 66 67 68 69 70 71 72 73 74 75 76 77
(21,*) 0 1 2 3 4 5 6 7 8 9 10 11 12 13 14 15 16 17 18 19 20 22 43 44 45 46 47 48 49 50 51 52 53 54 55 56 57 58 59 60 61 62 63 64 65 66 67 68 69 70 71 72 73 74 75 76 77
(22,*) 0 1 2 3 4 5 6 7 8 9 10 11 12 13 14 15 16 17 18 19 20 21 43 44 45 46 47 48 49 50 51 52 53 54 55 56 57 58 59 60 61 62 63 64 65 66 67 68 69 70 71 72 73 74 75 76 77
(43,*) 0 1 2 3 4 5 6 7 8 9 10 11 12 13 14 15 16 17 18 19 20 21 22 44 45 46 47 48 49 50 51 52 53 54 55 56 57 58 59 60 61 62 63 64 65 66 67 68 69 70 71 72 73 74 75 76 77
(44,*) 0 1 2 3 4 5 6 7 8 9 10 11 12 13 14 15 16 17 18 19 20 21 22 43 45 46 47 48 49 50 51 52 53 54 55 56 57 58 59 60 61 62 63 64 65 66 67 68 69 70 71 72 73 74 75 76 77
(45,*) 0 1 2 3 4 5 6 7 8 9 10 11 12 13 14 15 16 17 18 19 20 21 22 43 44 46 47 48 49 50 51 52 53 54 55 56 57 58 59 60 61 62 63 64 65 66 67 68 69 70 71 72 73 74 75 76 77
(46,*) 0 1 2 3 4 5 6 7 8 9 10 11 12 13 14 15 16 17 18 19 20 21 22 43 44 45 47 48 49 50 51 52 53 54 55 56 57 58 59 60 61 62 63 64 65 66 67 68 69 70 71 72 73 74 75 76 77
(47,*) 0 1 2 3 4 5 6 7 8 9 10 11 12 13 14 15 16 17 18 19 20 21 22 43 44 45 46 48 49 50 51 52 53 54 55 56 57 58 59 60 61 62 63 64 65 66 67 68 69 70 71 72 73 74 75 76 77
(48,*) 0 1 2 3 4 5 6 7 8 9 10 11 12 13 14 15 16 17 18 19 20 21 22 43 44 45 46 47 49 50 51 52 53 54 55 56 57 58 59 60 61 62 63 64 65 66 67 68 69 70 71 72 73 74 75 76 77
(49,*) 0 1 2 3 4 5 6 7 8 9 10 11 12 13 14 15 16 17 18 19 20 21 22 43 44 45 46 47 48 50 51 52 53 54 55 56 57 58 59 60 61 62 63 64 65 66 67 68 69 70 71 72 73 74 75 76 77
(50,*) 0 1 2 3 4 5 6 7 8 9 10 11 12 13 14 15 16 17 18 19 20 21 22 43 44 45 46 47 48 49 51 52 53 54 55 56 57 58 59 60 61 62 63 64 65 66 67 68 69 70 71 72 73 74 75 76 77
(51,*) 0 1 2 3 4 5 6 7 8 9 10 11 12 13 14 15 16 17 18 19 20 21 22 43 44 45 46 47 48 49 50 52 53 54 55 56 57 58 59 60 61 62 63 64 65 66 67 68 69 70 71 72 73 74 75 76 77
(52,*) 0 1 2 3 4 5 6 7 8 9 10 11 12 13 14 15 16 17 18 19 20 21 22 43 44 45 46 47 48 49 50 51 53 54 55 56 57 58 59 60 61 62 63 64 65 66 67 68 69 70 71 72 73 74 75 76 77
(53,*) 0 1 2 3 4 5 6 7 8 9 10 11 12 13 14 15 16 17 18 19 20 21 22 43 44 45 46 47 48 49 50 51 52 54 55 56 57 58 59 60 61 62 63 64 65 66 67 68 69 70 71 72 73 74 75 76 77
(54,*) 0 1 2 3 4 5 6 7 8 9 10 11 12 13 14 15 16 17 18 19 20 21 22 43 44 45 46 47 48 49 50 51 52 53 55 56 57 58 59 60 61 62 63 64 65 66 67 68 69 70 71 72 73 74 75 76 77
(55,*) 0 1 2 3 4 5 6 7 8 9 10 11 12 13 14 15 16 17 18 19 20 21 22 43 44 45 46 47 48 49 50 51 52 53 54 56 57 58 59 60 61 62 63 64 65 66 67 68 69 70 71 72 73 74 75 76 77
(56,*) 0 1 2 3 4 5 6 7 8 9 10 11 12 13 14 15 16 17 18 19 20 21 22 43 44 45 46 47 48 49 50 51 52 53 54 55 57 58 59 60 61 62 63 64 65 66 67 68 69 70 71 72 73 74 75 76 77
(57,*) 0 1 2 3 4 5 6 7 8 9 10 11 12 13 14 15 16 17 18 19 20 21 22 43 44 45 46 47 48 49 50 51 52 53 54 55 56 58 59 60 61 62 63 64 65 66 67 68 69 70 71 72 73 74 75 76 77
(58,*) 0 1 2 3 4 5 6 7 8 9 10 11 12 13 14 15 16 17 18 19 20 21 22 43 44 45 46 47 48 49 50 51 52 53 54 55 56 57 59 60 61 62 63 64 65 66 67 68 69 70 71 72 73 74 75 76 77
(59,*) 0 1 2 3 4 5 6 7 8 9 10 11 12 13 14 15 16 17 18 19 20 21 22 43 44 45 46 47 48 49 50 51 52 53 54 55 56 57 58 60 61 62 63 64 65 66 67 68 69 70 71 72 73 74 75 76 77
(60,*) 0 1 2 3 4 5 6 7 8 9 10 11 12 13 14 15 16 17 18 19 20 21 22 43 44 45 46 47 48 49 50 51 52 53 54 55 56 57 58 59 61 62 63 64 65 66 67 68 69 70 71 72 73 74 75 76 77
(61,*) 0 1 2 3 4 5 6 7 8 9 10 11 12 13 14 15 16 17 18 19 20 21 22 43 44 45 46 47 48 49 50 51 52 53 54 55 56 57 58 59 60 62 63 64 65 66 67 68 69 70 71 72 73 74 75 76 77
(62,*) 0 1 2 3 4 5 6 7 8 9 10 11 12 13 14 15 16 17 18 19 20 21 22 43 44 45 46 47 48 49 50 51 52 53 54 55 56 57 58 59 60 61 63 64 65 66 67 68 69 70 71 72 73 74 75 76 77
(63,*) 0 1 2 3 4 5 6 7 8 9 10 11 12 13 14 15 16 17 18 19 20 21 22 43 44 45 46 47 48 49 50 51 52 53 54 55 56 57 58 59 60 61 62 64 65 66 67 68 69 70 71 72 73 74 75 76 77
(64,*) 0 1 2 3 4 5 6 7 8 9 10 11 12 13 14 15 16 17 18 19 20 21 22 43 44 45 46 47 48 49 50 51 52 53 54 55 56 57 58 59 60 61 62 63 65 66 67 68 69 70 71 72 73 74 75 76 77
(65,*) 0 1 2 3 4 5 6 7 8 9 10 11 12 13 14 15 16 17 18 19 20 21 22 43 44 45 46 47 48 49 50 51 52 53 54 55 56 57 58 59 60 61 62 63 64 66 67 68 69 70 71 72 73 74 75 76 77
(66,*) 0 1 2 3 4 5 6 7 8 9 10 11 12 13 14 15 16 17 18 19 20 21 22 43 44 45 46 47 48 49 50 51 52 53 54 55 56 57 58 59 60 61 62 63 64 65 67 68 69 70 71 72 73 74 75 76 77
(67,*) 0 1 2 3 4 5 6 7 8 9 10 11 12 13 14 15 16 17 18 19 20 21 22 43 44 45 46 47 48 49 50 51 52 53 54 55 56 57 58 59 60 61 62 63 64 65 66 68 69 70 71 72 73 74 75 76 77
(68,*) 0 1 2 3 4 5 6 7 8 9 10 11 12 13 14 15 16 17 18 19 20 21 22 43 44 45 46 47 48 49 50 51 52 53 54 55 56 57 58 59 60 61 62 63 64 65 66 67 69 70 71 72 73 74 75 76 77
(69,*) 0 1 2 3 4 5 6 7 8 9 10 11 12 13 14 15 16 17 18 19 20 21 22 43 44 45 46 47 48 49 50 51 52 53 54 55 56 57 58 59 60 61 62 63 64 65 66 67 68 70 71 72 73 74 75 76 77
(70,*) 0 1 2 3 4 5 6 7 8 9 10 11 12 13 14 15 16 17 18 19 20 21 22 43 44 45 46 47 48 49 50 51 52 53 54 55 56 57 58 59 60 61 62 63 64 65 66 67 68 69 71 72 73 74 75 76 77
(71,*) 0 1 2 3 4 5 6 7 8 9 10 11 12 13 14 15 16 17 18 19 20 21 22 43 44 45 46 47 48 49 50 51 52 53 54 55 56 57 58 59 60 61 62 63 64 65 66 67 68 69 70 72 73 74 75 76 77
(72,*) 0 1 2 3 4 5 6 7 8 9 10 11 12 13 14 15 16 17 18 19 20 21 22 43 44 45 46 47 48 49 50 51 52 53 54 55 56 57 58 59 60 61 62 63 64 65 66 67 68 69 70 71 73 74 75 76 77
(73,*) 0 1 2 3 4 5 6 7 8 9 10 11 12 13 14 15 16 17 18 19 20 21 22 43 44 45 46 47 48 49 50 51 52 53 54 55 56 57 58 59 60 61 62 63 64 65 66 67 68 69 70 71 72 74 75 76 77
(74,*) 0 1 2 3 4 5 6 7 8 9 10 11 12 13 14 15 16 17 18 19 20 21 22 43 44 45 46 47 48 49 50 51 52 53 54 55 56 57 58 59 60 61 62 63 64 65 66 67 68 69 70 71 72 73 75 76 77
(75,*) 0 1 2 3 4 5 6 7 8 9 10 11 12 13 14 15 16 17 18 19 20 21 22 43 44 45 46 47 48 49 50 51 52 53 54 55 56 57 58 59 60 61 62 63 64 65 66 67 68 69 70 71 72 73 74 76 77
(76,*) 0 1 2 3 4 5 6 7 8 9 10 11 12 13 14 15 16 17 18 19 20 21 22 43 44 45 46 47 48 49 50 51 52 53 54 55 56 57 58 59 60 61 62 63 64 65 66 67 68 69 70 71 72 73 74 75 77
(77,*) 0 1 2 3 4 5 6 7 8 9 10 11 12 13 14 15 16 17 18 19 20 21 22 43 44 45 46 47 48 49 50 51 52 53 54 55 56 57 58 59 60 61 62 63 64 65 66 67 68 69 70 71 72 73 74 75 76
;
set A2:=
(63,*) 64
(64,*) 63
(65,*) 66
(66,*) 65
(67,*) 68
(68,*) 67
;
param BigM:=99999;
param n:= 9;
param d:=
1	19
2	20
3	11
4	10
5	5
6	15
7	22
8	14
9	2
10	15
11	21
12	15
13	7
14	22
15	26
16	20
17	15
18	2
19	10
20	4
21	19
22	8
23	4
24	22
25	5
26	9
27	20
28	2
29	21
30	1
31	14
32	19
33	23
34	14
35	15
36	23
37	3
38	23
39	17
40	2
41	20
42	18
43	18
44	14
45	7
46	7
47	18
48	20
49	15
50	22
51	21
52	6
53	24
54	14
55	6
56	26
57	15
58	2
59	21
60	12
61	4
62	24
;
param Q:=100;
param w:=
[63,*] 64 0.5
[64,*] 63 0.5
[65,*] 66 0.5
[66,*] 65 0.5
[67,*] 68 0.5
[68,*] 67 0.5
;
param V:=
[63,*] 64 76
[64,*] 63 76
[65,*] 66 91
[66,*] 65 91
[67,*] 68 93
[68,*] 67 93
;
param e:
	63	64	65	66	67	68	69	70	71	72	73	74	75	76	77:=
23	0	0	0	0	0	0	0	0	0	0	0	0	0	0	1	
24	0	0	0	0	0	0	0	0	0	0	0	0	0	0	1	
25	0	0	0	0	0	0	0	1	0	0	0	0	0	0	0	
26	0	0	0	0	0	0	0	0	0	0	1	0	0	0	0	
27	0	0	0	0	0	0	0	0	0	1	0	0	0	0	0	
28	0	0	0	0	0	0	0	0	0	1	0	0	0	0	0	
29	0	0	0	0	0	0	0	0	1	0	1	0	1	0	0	
30	0	0	0	0	0	0	0	1	0	0	0	0	0	0	0	
31	0	0	0	0	0	0	0	0	1	0	0	0	1	0	0	
32	0	0	0	0	0	0	1	0	0	0	0	0	0	0	1	
33	0	0	0	0	0	0	0	0	0	1	0	0	0	0	0	
34	0	0	0	0	0	0	0	0	1	0	0	0	0	0	0	
35	0	0	0	0	0	0	0	0	0	0	0	0	1	0	0	
36	0	0	0	0	0	0	0	0	0	0	0	0	0	0	1	
37	0	0	0	0	0	0	0	0	0	1	0	0	0	0	0	
38	0	0	0	0	0	0	0	0	0	0	0	0	0	1	0	
39	0	0	0	0	0	0	0	0	1	0	1	0	1	0	0	
40	0	0	0	0	0	0	0	0	1	0	0	0	0	0	0	
41	0	0	0	0	0	0	0	0	1	0	0	0	0	0	0	
42	0	0	0	0	0	0	0	1	0	1	0	1	0	1	1	
43	0	0	0	0	0	0	0	1	0	0	0	1	0	0	0	
44	0	0	0	0	0	0	1	0	0	0	1	0	1	0	0	
45	0	0	0	0	0	0	0	0	0	1	0	1	0	1	0	
46	0	0	0	0	0	0	1	0	0	1	1	0	1	0	1	
47	0	0	0	0	0	0	0	1	0	0	0	0	0	0	0	
48	0	0	0	0	0	0	0	0	0	0	0	0	1	0	0	
49	0	0	0	0	0	0	0	0	1	0	0	0	0	0	0	
50	0	0	0	0	0	0	0	0	0	0	0	0	0	1	0	
51	0	0	0	0	0	0	0	1	0	1	0	1	0	1	0	
52	0	0	0	0	0	0	0	0	0	0	0	0	0	1	0	
53	0	0	0	0	0	0	1	0	1	0	1	0	1	0	0	
54	0	0	0	0	0	0	0	1	0	0	0	1	0	0	0	
55	0	0	0	0	0	0	1	0	1	0	1	0	1	0	0	
56	0	0	0	0	0	0	0	0	0	0	0	0	1	0	0	
57	0	0	0	0	0	0	0	0	1	0	0	0	0	0	0	
58	0	0	0	0	0	0	1	0	0	0	1	0	1	0	0	
59	0	0	0	0	0	0	1	0	1	0	1	0	1	0	0	
60	0	0	0	0	0	0	1	0	1	0	1	0	1	0	0	
61	0	0	0	0	0	0	1	0	1	0	1	0	1	0	0	
62	0	0	0	0	0	0	0	0	0	1	0	0	0	1	0	
;
param p:=
1	3
2	3
3	3
4	3
5	3
6	3
7	3
8	3
9	3
;
param G:=
63	74
64	76
65	79
66	91
67	93
68	70
69	89
70	86
71	80
72	82
73	76
74	97
75	98
76	88
77	84
;
param s:=
0	0
1	10
2	10
3	10
4	10
5	10
6	10
7	10
8	10
9	10
10	10
11	10
12	10
13	10
14	10
15	10
16	10
17	10
18	10
19	10
20	10
21	10
22	10
43	10
44	10
45	10
46	10
47	10
48	10
49	10
50	10
51	10
52	10
53	10
54	10
55	10
56	10
57	10
58	10
59	10
60	10
61	10
62	10
63	10
64	10
65	10
66	10
67	10
68	10
69	10
70	10
71	10
72	10
73	10
74	10
75	10
76	10
77	10
;
param t:
	0	1	2	3	4	5	6	7	8	9	10	11	12	13	14	15	16	17	18	19	20	21	22	23	24	25	26	27	28	29	30	31	32	33	34	35	36	37	38	39	40	41	42	43	44	45	46	47	48	49	50	51	52	53	54	55	56	57	58	59	60	61	62	63	64	65	66	67	68	69	70	71	72	73	74	75	76	77:=
0	0.0	90.91	50.16	92.09	28.64	42.52	32.25	8.94	54.15	101.82	80.4	26.68	60.83	86.83	99.04	32.98	80.0	77.82	74.0	62.51	78.23	62.8	92.28	121.66	83.76	72.25	75.15	82.46	39.29	75.89	10.0	70.34	84.4	78.0	76.97	80.45	88.81	110.45	50.16	98.08	82.39	91.78	50.99	64.03	100.44	26.08	57.69	14.42	112.07	70.11	92.35	33.53	86.58	61.35	62.0	80.32	100.5	86.02	99.3	82.46	84.76	83.35	24.41	81.02	69.18	26.48	102.18	14.87	81.25	76.01	52.04	80.52	43.6	82.86	49.4	79.26	37.16	63.66
1	90.91	0.0	51.42	74.24	66.24	48.41	66.03	87.68	64.03	14.14	65.79	82.46	49.03	4.47	14.14	67.23	58.86	24.0	34.0	62.13	67.05	28.28	32.56	33.11	12.0	64.03	39.29	39.29	57.69	48.08	83.45	52.95	22.36	28.07	39.85	25.3	6.32	24.33	65.15	49.52	66.48	44.72	43.27	56.32	26.83	65.12	39.29	90.55	34.53	74.97	34.99	61.22	50.6	50.0	58.55	47.54	10.77	73.54	27.78	54.63	47.41	31.3	67.68	75.58	53.01	68.88	20.4	77.1	55.15	29.61	62.64	53.85	47.42	32.2	46.65	32.89	56.08	27.78
2	50.16	51.42	0.0	48.7	21.54	21.63	43.68	51.42	60.46	58.14	36.06	32.8	53.81	48.66	54.59	18.44	75.6	51.42	54.63	20.0	34.93	31.05	42.8	76.55	50.0	73.54	25.06	65.39	40.25	26.31	47.07	22.09	37.2	54.41	26.83	32.8	52.35	64.9	58.31	48.08	37.95	75.39	35.38	62.23	52.35	32.06	12.17	44.05	63.66	33.94	70.34	37.95	75.18	12.0	62.29	30.59	58.31	43.86	50.91	34.0	34.93	34.06	26.68	41.34	63.89	41.44	56.04	41.44	33.02	27.66	57.69	32.0	25.0	33.42	38.21	29.83	34.01	26.08
3	92.09	74.24	48.7	0.0	66.48	69.86	92.35	96.08	108.24	70.88	12.65	66.75	99.3	74.43	67.05	60.13	119.33	87.86	94.76	30.27	14.14	70.94	43.68	80.1	80.45	119.28	36.88	104.69	88.77	28.28	92.2	27.78	51.88	92.02	35.61	49.4	78.89	70.71	106.45	30.0	10.77	113.45	81.63	108.17	54.92	80.05	52.15	80.89	60.0	23.41	105.6	86.65	115.97	37.58	108.76	27.2	74.0	6.32	52.95	20.0	26.83	42.94	72.69	12.53	108.6	89.74	63.56	87.57	19.85	46.4	105.55	21.26	72.92	42.06	85.09	41.88	82.64	63.78
4	28.64	66.24	21.54	66.48	0.0	20.1	29.73	30.27	51.61	75.6	54.15	18.0	50.6	62.61	72.47	7.21	72.8	58.55	58.03	36.22	52.35	39.85	63.81	95.02	61.35	68.0	46.52	68.26	30.53	47.54	26.08	42.43	56.64	60.13	48.33	52.5	65.39	83.55	48.41	69.57	56.14	78.41	34.23	57.27	72.47	15.62	29.73	24.41	84.02	46.82	76.03	25.61	75.71	32.98	56.36	51.92	74.89	60.83	71.22	54.59	56.32	54.92	6.32	56.75	60.75	25.24	74.97	21.1	53.46	47.8	48.83	52.61	23.0	54.38	34.93	50.77	24.6	38.47
5	42.52	48.41	21.63	69.86	20.1	0.0	24.0	40.0	38.83	59.46	57.27	38.05	33.29	44.41	56.85	24.33	55.57	38.47	38.21	41.62	56.36	20.59	53.85	79.4	42.05	52.5	40.0	48.66	18.97	44.72	35.61	42.38	43.86	40.05	42.0	40.5	46.65	68.41	36.72	64.03	59.09	58.86	15.23	41.23	59.93	17.2	20.0	43.08	71.55	55.32	56.0	18.0	56.92	32.31	41.04	48.37	58.0	65.3	59.09	53.37	52.15	45.12	19.7	62.97	43.57	23.77	60.46	29.21	52.63	37.11	36.06	51.42	3.61	44.91	17.2	41.59	13.15	21.26
6	32.25	66.03	43.68	92.35	29.73	24.0	0.0	25.3	23.41	78.89	79.7	43.91	28.64	61.61	76.94	36.88	48.17	48.41	42.94	62.77	78.43	38.47	77.28	98.79	56.64	41.23	64.0	50.6	8.49	68.47	22.36	65.51	66.48	47.71	66.0	63.56	62.48	88.59	19.7	88.02	81.61	59.67	22.8	32.06	82.22	14.14	44.0	40.79	93.64	75.18	60.93	6.0	54.33	55.32	30.27	72.25	76.55	87.32	81.61	76.94	76.11	68.73	24.08	84.17	37.01	6.08	81.44	18.03	76.12	60.67	20.88	74.97	22.2	68.59	19.8	65.38	11.18	42.38
7	8.94	87.68	51.42	96.08	30.27	40.0	25.3	0.0	46.0	99.36	84.0	33.11	53.85	83.45	96.83	36.0	72.11	72.72	68.03	66.0	82.02	59.4	92.2	119.33	79.65	64.03	75.89	75.89	33.11	77.67	4.47	72.69	83.35	72.47	77.79	79.65	85.04	108.41	42.0	99.46	86.0	84.9	46.04	56.32	99.48	22.8	57.27	22.63	111.14	74.97	86.16	27.78	79.25	63.15	54.15	82.0	97.67	90.2	98.49	84.85	86.35	83.26	24.74	85.59	61.66	20.12	100.44	10.82	83.73	75.58	44.05	82.87	40.36	82.86	43.91	79.31	32.2	61.22
8	54.15	64.03	60.46	108.24	51.61	38.83	23.41	46.0	0.0	78.1	95.77	67.08	15.23	59.67	77.28	58.41	26.31	41.23	32.25	80.45	95.02	42.19	84.38	96.77	52.5	18.11	75.29	35.38	21.26	81.71	44.18	80.5	72.11	38.47	77.2	70.46	58.82	88.29	4.0	98.06	97.53	42.19	27.2	11.66	86.09	36.72	56.46	64.03	96.52	94.02	46.69	26.08	34.93	70.71	8.94	84.76	74.73	103.94	86.02	90.62	87.93	76.94	46.65	101.79	17.49	29.41	82.87	41.0	90.08	69.23	2.83	88.77	35.51	77.1	23.41	74.53	27.59	48.66
9	101.82	14.14	58.14	70.88	75.6	59.46	78.89	99.36	78.1	0.0	64.5	90.55	63.15	18.44	4.0	75.47	72.44	38.05	48.04	64.78	66.27	40.5	27.2	20.0	26.08	78.0	40.2	52.61	70.71	48.0	95.02	54.15	22.36	42.0	40.05	26.68	20.0	10.2	79.12	42.94	64.78	56.92	56.36	70.46	17.2	76.58	46.65	100.0	21.54	76.03	46.82	73.78	63.56	53.85	72.69	46.17	4.47	71.39	18.87	52.61	44.72	30.0	77.9	74.55	67.07	81.27	8.49	88.62	53.46	32.02	76.66	52.35	59.03	31.0	59.93	33.14	68.51	38.21
10	80.4	65.79	36.06	12.65	54.15	57.27	79.7	84.0	95.77	64.5	0.0	55.79	87.2	65.39	60.53	48.0	107.63	77.2	83.55	18.0	2.83	59.4	38.0	76.42	70.71	107.2	26.83	93.72	76.16	17.89	80.02	15.62	43.68	81.22	26.0	40.5	69.86	66.03	93.91	28.64	2.0	102.8	69.34	96.02	50.04	67.47	40.0	69.86	57.27	15.62	95.41	74.0	104.8	25.06	96.52	18.44	67.08	8.49	48.04	12.0	20.0	34.93	60.3	10.05	96.67	77.13	58.03	75.24	11.05	36.67	93.06	12.17	60.37	33.96	72.72	32.89	70.01	52.35
11	26.68	82.46	32.8	66.75	18.0	38.05	43.91	33.11	67.08	90.55	55.79	0.0	67.91	79.12	87.13	15.23	89.84	76.42	76.03	38.63	53.37	57.27	74.97	109.29	78.59	84.31	56.64	86.21	46.82	54.92	30.53	48.37	70.0	78.1	58.14	65.6	82.22	97.65	63.53	77.18	57.72	96.33	52.15	74.0	85.04	30.46	43.91	14.14	96.21	44.05	94.02	41.23	93.38	41.23	72.8	59.36	90.35	60.53	83.55	59.93	63.81	66.48	20.88	55.15	77.88	38.28	88.81	29.0	58.6	60.44	64.4	58.14	41.0	65.76	52.61	62.24	41.48	55.03
12	60.83	49.03	53.81	99.3	50.6	33.29	28.64	53.85	15.23	63.15	87.2	67.91	0.0	44.72	62.51	56.46	22.36	26.0	17.2	73.54	86.83	29.73	71.39	81.61	37.36	20.0	64.4	22.36	22.0	71.69	50.99	71.61	58.86	23.32	66.21	57.72	43.68	73.35	17.2	86.02	88.81	31.05	18.44	8.94	72.03	38.21	47.2	68.03	82.1	87.73	33.29	28.0	26.0	62.48	10.2	74.24	59.67	95.6	72.11	80.62	76.97	64.56	47.07	94.26	10.3	34.37	68.26	46.27	80.26	57.25	14.42	78.89	29.68	64.85	16.12	62.63	26.48	36.77
13	86.83	4.47	48.66	74.43	62.61	44.41	61.61	83.45	59.67	18.44	65.39	79.12	44.72	0.0	18.0	63.91	55.32	20.1	30.07	60.53	66.48	24.08	34.06	37.58	8.25	60.13	38.63	36.06	53.25	47.54	79.25	51.92	22.8	24.33	39.4	25.06	4.47	28.64	60.73	50.99	66.21	42.19	38.83	52.15	29.73	60.96	36.5	86.83	38.21	73.76	32.8	56.85	47.54	48.17	54.33	47.41	15.23	73.35	30.46	54.59	47.71	31.62	63.81	75.03	49.01	64.54	24.08	72.92	55.01	28.79	58.24	53.67	43.28	32.45	42.19	32.65	51.74	24.17
14	99.04	14.14	54.59	67.05	72.47	56.85	76.94	96.83	77.28	4.0	60.53	87.13	62.51	18.0	0.0	72.11	72.99	38.05	48.04	60.83	62.29	38.47	23.41	22.63	26.08	78.1	36.22	53.37	68.88	44.0	92.46	50.16	18.44	42.19	36.06	22.8	20.4	11.66	78.1	39.45	60.83	58.31	54.63	70.11	14.14	74.03	43.27	96.83	20.4	72.03	48.33	71.69	64.56	50.0	72.25	42.19	7.21	67.47	15.62	48.66	40.79	26.0	74.97	70.58	67.01	79.08	6.32	86.05	49.5	28.16	75.71	48.37	56.61	27.0	58.31	29.15	66.37	35.61
15	32.98	67.23	18.44	60.13	7.21	24.33	36.88	36.0	58.41	75.47	48.0	15.23	56.46	63.91	72.11	0.0	78.79	62.03	62.51	30.0	46.04	42.43	61.22	94.4	63.56	74.43	43.27	72.99	37.2	43.08	32.06	37.36	55.32	64.03	44.94	50.99	67.05	82.8	55.32	65.39	50.0	83.19	39.29	63.53	70.71	22.8	28.84	25.61	82.07	39.85	80.1	32.56	81.04	28.64	62.77	47.54	75.18	54.33	69.31	49.48	52.0	52.5	13.42	50.01	66.71	32.45	74.03	27.66	48.27	45.97	55.61	47.54	27.66	51.86	40.5	48.27	31.06	39.85
16	80.0	58.86	75.6	119.33	72.8	55.57	48.17	72.11	26.31	72.44	107.63	89.84	22.36	55.32	72.99	78.79	0.0	35.44	26.0	95.02	107.52	48.41	86.93	88.09	47.07	10.0	83.23	20.0	43.17	91.21	70.0	92.02	74.32	31.05	84.88	74.24	52.61	82.22	30.27	102.86	109.12	20.59	40.5	16.12	84.9	59.67	67.88	88.81	93.38	109.34	29.12	49.03	11.66	83.45	18.0	93.23	68.26	116.1	85.44	100.0	95.41	81.41	68.96	115.26	12.08	54.23	79.25	66.19	99.81	74.95	28.07	98.41	51.97	81.88	38.47	80.26	48.38	55.61
17	77.82	24.0	51.42	87.86	58.55	38.47	48.41	72.72	41.23	38.05	77.2	76.42	26.0	20.1	38.05	62.03	35.44	0.0	10.0	68.03	77.67	20.4	51.88	55.79	12.0	40.05	50.99	17.2	40.0	59.67	68.96	62.13	39.45	4.47	52.35	40.0	18.11	48.17	42.94	68.26	78.41	25.61	26.83	32.56	49.48	52.0	40.5	81.04	58.31	82.29	18.97	44.94	28.84	55.46	34.93	60.83	34.23	85.6	50.0	67.94	62.29	47.2	57.72	85.98	29.02	52.7	44.18	63.06	68.01	41.73	40.25	66.6	35.9	47.8	28.84	46.75	40.71	26.0
18	74.0	34.0	54.63	94.76	58.03	38.21	42.94	68.03	32.25	48.04	83.55	76.03	17.2	30.07	48.04	62.51	26.0	10.0	0.0	72.72	83.74	24.41	60.93	65.51	22.0	30.07	58.14	10.77	34.93	66.48	64.62	68.12	48.33	6.32	59.67	48.37	28.07	58.14	34.41	76.94	84.9	20.88	24.08	22.8	59.23	49.03	44.94	78.92	68.26	87.13	18.44	40.5	21.26	60.46	25.3	68.12	44.18	92.02	59.67	75.07	70.0	55.57	56.14	91.83	19.03	47.93	54.15	59.14	75.01	49.41	31.62	73.59	35.06	56.08	24.74	54.64	37.11	31.24
19	62.51	62.13	20.0	30.27	36.22	41.62	62.77	66.0	80.45	64.78	18.0	38.63	73.54	60.53	60.83	30.0	95.02	68.03	72.72	0.0	16.12	48.37	42.05	80.32	64.03	93.38	24.74	83.35	60.03	18.87	62.03	11.66	42.43	71.55	25.3	38.21	64.78	68.96	78.23	39.7	20.0	93.06	55.17	82.07	53.85	50.0	27.78	52.5	63.53	14.42	86.93	57.27	93.74	12.65	82.22	22.8	66.27	24.74	52.0	21.63	26.91	35.44	42.43	21.47	83.49	59.77	60.17	57.31	20.25	33.06	77.67	20.0	45.0	34.48	58.14	31.78	53.71	42.05
20	78.23	67.05	34.93	14.14	52.35	56.36	78.43	82.02	95.02	66.27	2.83	53.37	86.83	66.48	62.29	46.04	107.52	77.67	83.74	16.12	0.0	59.46	40.05	78.64	71.55	106.83	27.86	94.02	75.15	18.97	78.1	15.62	45.12	81.61	27.2	41.76	70.94	68.12	93.06	31.3	4.47	103.23	68.82	95.6	52.15	65.97	39.7	67.47	59.67	12.81	96.04	72.8	105.0	24.41	96.02	20.1	68.73	8.94	50.16	14.14	22.09	36.5	58.55	8.54	96.43	75.69	60.0	73.44	13.04	37.7	92.28	14.0	59.54	35.51	72.11	34.21	68.94	52.5
21	62.8	28.28	31.05	70.94	39.85	20.59	38.47	59.4	42.19	40.5	59.4	57.27	29.73	24.08	38.47	42.43	48.41	20.4	24.41	48.37	59.46	0.0	42.19	60.46	21.54	49.19	34.99	34.99	30.46	42.8	55.17	43.86	30.0	23.41	36.72	28.28	26.08	50.12	42.0	56.32	60.83	44.72	16.49	38.63	44.72	36.88	20.59	63.56	55.79	62.77	39.29	33.29	45.61	36.06	39.85	44.94	38.42	67.88	44.41	51.61	47.41	34.93	40.25	67.48	38.08	40.8	43.08	48.84	51.4	27.51	40.05	50.0	19.21	35.17	20.4	32.89	28.02	7.21
22	92.28	32.56	42.8	43.68	63.81	53.85	77.28	92.2	84.38	27.2	38.0	74.97	71.39	34.06	23.41	61.22	86.93	51.88	60.93	42.05	40.05	42.19	0.0	38.83	41.62	89.84	18.44	68.96	70.46	23.41	87.73	30.46	12.65	56.36	17.2	14.0	38.21	28.07	84.1	16.97	38.05	76.03	58.0	80.05	12.17	70.23	34.93	86.83	21.63	50.99	66.84	71.39	80.62	34.06	81.58	20.4	30.46	44.41	10.2	26.0	18.0	8.94	68.0	48.01	78.45	77.62	20.1	81.54	27.02	16.76	82.22	26.08	55.11	9.43	62.0	13.04	66.1	36.0
23	121.66	33.11	76.55	80.1	95.02	79.4	98.79	119.33	96.77	20.0	76.42	109.29	81.61	37.58	22.63	94.4	88.09	55.79	65.51	80.32	78.64	60.46	38.83	0.0	44.27	94.76	55.71	68.12	90.55	62.1	114.98	68.96	39.45	59.23	55.03	43.91	37.95	11.66	98.08	50.16	76.24	70.26	76.16	88.29	26.68	96.54	65.6	119.33	20.4	89.82	60.13	93.74	78.03	70.68	90.71	59.23	22.36	82.02	28.64	64.5	56.57	44.94	97.59	86.28	84.34	101.26	20.59	108.58	65.62	49.24	95.52	64.78	79.03	45.88	79.65	48.85	88.48	58.14
24	83.76	12.0	50.0	80.45	61.35	42.05	56.64	79.65	52.5	26.08	70.71	78.59	37.36	8.25	26.08	63.56	47.07	12.0	22.0	64.03	71.55	21.54	41.62	44.27	0.0	52.04	43.91	27.86	48.17	52.84	75.6	56.46	29.73	16.12	44.94	31.24	6.32	36.22	53.85	58.41	71.69	34.41	33.94	44.41	37.95	57.69	38.05	85.09	46.39	77.79	25.46	52.35	39.4	51.42	46.69	53.25	22.36	78.89	38.63	60.46	54.04	38.21	61.74	80.06	41.01	60.14	32.25	69.4	60.75	34.13	51.26	59.36	40.31	38.95	36.88	38.6	47.51	24.08
25	72.25	64.03	73.54	119.28	68.0	52.5	41.23	64.03	18.11	78.0	107.2	84.31	20.0	60.13	78.1	74.43	10.0	40.05	30.07	93.38	106.83	49.19	89.84	94.76	52.04	0.0	84.12	27.2	37.58	91.59	62.29	91.61	77.2	36.0	85.88	76.55	58.0	88.02	22.09	105.11	108.81	30.0	38.21	11.31	89.11	53.85	67.2	82.0	98.33	107.48	37.58	43.08	21.26	82.46	11.66	94.02	74.03	115.6	89.44	100.5	96.6	83.57	63.56	114.21	11.4	47.3	84.21	59.03	100.17	76.56	20.4	98.79	48.92	83.93	35.38	81.94	43.42	56.36
26	75.15	39.29	25.06	36.88	46.52	40.0	64.0	75.89	75.29	40.2	26.83	56.64	64.4	38.63	36.22	43.27	83.23	50.99	58.14	24.74	27.86	34.99	18.44	55.71	43.91	84.12	0.0	67.88	58.31	8.94	71.47	14.0	18.0	55.17	2.0	14.14	43.08	44.27	74.22	24.08	27.78	76.58	48.08	73.35	29.53	54.92	20.0	68.82	40.0	36.06	68.82	58.0	79.25	15.62	74.32	10.0	42.0	34.99	27.78	16.97	12.65	10.77	51.26	36.4	73.06	63.29	35.44	65.52	17.03	9.85	72.8	15.62	42.11	9.85	51.92	7.07	53.04	27.78
27	82.46	39.29	65.39	104.69	68.26	48.66	50.6	75.89	35.38	52.61	93.72	86.21	22.36	36.06	53.37	72.99	20.0	17.2	10.77	83.35	94.02	34.99	68.96	68.12	27.86	27.2	67.88	0.0	43.17	76.42	72.8	78.41	56.6	12.81	69.31	57.2	32.98	62.29	38.42	85.44	95.02	10.2	34.06	24.08	65.79	58.31	55.57	88.36	73.76	97.75	11.31	49.03	11.66	71.02	26.91	77.79	48.37	102.18	66.48	84.85	79.4	64.4	66.0	102.2	18.6	56.04	59.67	67.68	84.86	58.8	35.61	83.45	45.4	65.0	34.06	63.89	46.27	41.62
28	39.29	57.69	40.25	88.77	30.53	18.97	8.49	33.11	21.26	70.71	76.16	46.82	22.0	53.25	68.88	37.2	43.17	40.0	34.93	60.03	75.15	30.46	70.46	90.55	48.17	37.58	58.31	43.17	0.0	63.56	29.73	61.35	59.23	39.45	60.3	56.57	54.04	80.5	18.44	82.1	78.0	52.61	14.42	27.2	74.73	16.49	38.47	46.04	86.02	73.24	53.14	6.0	48.0	51.26	26.0	67.08	68.26	84.1	74.22	72.28	70.71	62.13	26.0	81.49	31.4	13.0	73.54	24.52	71.57	54.08	18.44	70.34	16.28	62.07	11.31	59.01	6.4	34.93
29	75.89	48.08	26.31	28.28	47.54	44.72	68.47	77.67	81.71	48.0	17.89	54.92	71.69	47.54	44.0	43.08	91.21	59.67	66.48	18.87	18.97	42.8	23.41	62.1	52.84	91.59	8.94	76.42	63.56	0.0	73.35	7.21	26.31	63.78	8.25	22.8	52.0	50.99	80.32	22.36	18.87	85.28	54.63	80.62	35.44	58.03	25.3	68.0	44.72	28.07	77.67	62.51	87.68	14.56	81.41	4.47	50.16	26.08	33.53	8.94	8.94	18.0	52.95	27.51	80.71	67.03	42.43	67.74	8.6	18.79	79.12	7.21	47.3	17.0	58.31	15.3	57.87	35.61
30	10.0	83.45	47.07	92.2	26.08	35.61	22.36	4.47	44.18	95.02	80.02	30.53	50.99	79.25	92.46	32.06	70.0	68.96	64.62	62.03	78.1	55.17	87.73	114.98	75.6	62.29	71.47	72.8	29.73	73.35	0.0	68.47	78.89	68.88	73.38	75.18	80.92	104.02	40.2	95.08	82.02	82.0	42.19	54.04	95.02	18.44	52.8	21.63	106.68	71.39	82.87	24.17	76.66	58.86	52.0	77.67	93.38	86.37	94.02	80.62	82.0	78.79	20.4	81.88	59.21	16.76	96.02	6.4	79.51	71.11	42.05	78.64	36.07	78.39	40.25	74.85	28.3	56.85
31	70.34	52.95	22.09	27.78	42.43	42.38	65.51	72.69	80.5	54.15	15.62	48.37	71.61	51.92	50.16	37.36	92.02	62.13	68.12	11.66	15.62	43.86	30.46	68.96	56.46	91.61	14.0	78.41	61.35	7.21	68.47	0.0	32.0	66.03	14.14	28.07	56.32	57.72	78.79	28.84	17.2	87.66	53.85	80.45	42.38	54.15	24.41	61.74	51.88	22.09	80.62	59.67	89.38	10.2	80.99	11.31	56.0	24.08	40.5	12.17	15.62	24.33	48.17	23.85	81.06	63.51	49.03	63.13	11.05	23.35	77.82	10.2	45.31	23.35	57.31	21.02	55.36	36.88
32	84.4	22.36	37.2	51.88	56.64	43.86	66.48	83.35	72.11	22.36	43.68	70.0	58.86	22.8	18.44	55.32	74.32	39.45	48.33	42.43	45.12	30.0	12.65	39.45	29.73	77.2	18.0	56.6	59.23	26.31	78.89	32.0	0.0	43.91	18.11	4.47	27.2	27.78	72.0	28.84	44.27	64.03	46.17	67.47	16.12	60.83	26.91	80.62	27.78	54.04	55.17	60.73	68.26	31.62	69.05	25.3	24.0	51.26	15.23	32.31	25.06	8.94	60.0	53.6	65.8	67.42	18.87	72.56	32.89	9.85	70.03	31.62	44.6	9.85	50.16	11.05	55.36	24.33
33	78.0	28.07	54.41	92.02	60.13	40.05	47.71	72.47	38.47	42.0	81.22	78.1	23.32	24.33	42.19	64.03	31.05	4.47	6.32	71.55	81.61	23.41	56.36	59.23	16.12	36.0	55.17	12.81	39.45	63.78	68.88	66.03	43.91	0.0	56.57	44.41	22.0	52.04	40.5	72.72	82.46	21.63	27.2	29.12	53.85	52.5	43.86	82.0	62.51	85.88	16.12	44.72	24.41	59.06	31.62	65.05	38.05	89.64	54.41	72.14	66.6	51.61	58.86	89.87	25.18	52.35	48.37	63.16	72.18	46.01	37.74	70.77	37.22	52.2	28.64	51.09	40.85	29.53
34	76.97	39.85	26.83	35.61	48.33	42.0	66.0	77.79	77.2	40.05	26.0	58.14	66.21	39.4	36.06	44.94	84.88	52.35	59.67	25.3	27.2	36.72	17.2	55.03	44.94	85.88	2.0	69.31	60.3	8.25	73.38	14.14	18.11	56.57	0.0	14.56	43.86	43.68	76.16	22.09	26.83	77.9	50.0	75.15	28.64	56.89	22.0	70.46	38.83	36.0	70.0	60.0	80.72	16.97	76.16	8.49	42.05	34.0	26.83	15.62	10.77	10.2	53.14	35.74	74.79	65.28	34.93	67.45	15.81	10.82	74.73	14.42	44.1	9.22	53.85	7.07	55.04	29.53
35	80.45	25.3	32.8	49.4	52.5	40.5	63.56	79.65	70.46	26.68	40.5	65.6	57.72	25.06	22.8	50.99	74.24	40.0	48.37	38.21	41.76	28.28	14.0	43.91	31.24	76.55	14.14	57.2	56.57	22.8	75.18	28.07	4.47	44.41	14.56	0.0	29.53	32.25	70.11	28.64	41.23	65.12	44.0	66.48	20.0	57.27	22.8	76.37	31.62	50.16	56.64	57.72	68.82	27.2	67.91	22.36	28.07	48.33	18.87	29.53	22.8	7.21	56.04	50.29	65.19	64.2	23.32	68.88	29.97	5.39	68.26	28.64	41.48	7.81	48.0	7.62	52.39	22.0
36	88.81	6.32	52.35	78.89	65.39	46.65	62.48	85.04	58.82	20.0	69.86	82.22	43.68	4.47	20.4	67.05	52.61	18.11	28.07	64.78	70.94	26.08	38.21	37.95	6.32	58.0	43.08	32.98	54.04	52.0	80.92	56.32	27.2	22.0	43.86	29.53	0.0	30.07	60.17	55.17	70.68	38.47	39.7	50.64	33.11	62.8	40.2	89.44	40.79	78.1	28.84	58.0	44.27	52.35	52.95	51.88	16.12	77.82	34.0	59.06	52.15	36.06	66.24	79.48	47.1	65.76	26.68	74.65	59.48	33.24	57.58	58.14	45.22	36.89	42.8	37.12	53.04	27.2
37	110.45	24.33	64.9	70.71	83.55	68.41	88.59	108.41	88.29	10.2	66.03	97.65	73.35	28.64	11.66	82.8	82.22	48.17	58.14	68.96	68.12	50.12	28.07	11.66	36.22	88.02	44.27	62.29	80.5	50.99	104.02	57.72	27.78	52.04	43.68	32.25	30.07	0.0	89.29	41.23	66.0	65.97	66.21	80.62	16.0	85.6	54.04	107.81	14.14	78.92	55.79	83.35	72.99	59.09	82.87	48.37	14.0	72.11	18.0	54.04	46.04	33.53	86.28	76.01	77.16	90.74	8.94	97.62	55.08	37.59	86.83	54.15	68.24	34.48	69.86	37.34	78.03	47.2
38	50.16	65.15	58.31	106.45	48.41	36.72	19.7	42.0	4.0	79.12	93.91	63.53	17.2	60.73	78.1	55.32	30.27	42.94	34.41	78.23	93.06	42.0	84.1	98.08	53.85	22.09	74.22	38.42	18.44	80.32	40.2	78.79	72.0	40.5	76.16	70.11	60.17	89.29	0.0	97.32	95.71	45.65	26.31	15.23	86.37	33.29	55.03	60.17	97.02	91.61	49.68	22.8	38.63	68.88	12.65	83.52	75.89	102.0	86.21	89.2	86.83	76.42	43.27	99.64	21.02	25.63	83.55	37.11	88.6	68.59	2.83	87.32	33.54	76.53	22.36	73.82	24.84	48.17
39	98.08	49.52	48.08	30.0	69.57	64.03	88.02	99.46	98.06	42.94	28.64	77.18	86.02	50.99	39.45	65.39	102.86	68.26	76.94	39.7	31.3	56.32	16.97	50.16	58.41	105.11	24.08	85.44	82.1	22.36	95.08	28.84	28.84	72.72	22.09	28.64	55.17	41.23	97.32	0.0	27.86	92.8	71.02	94.87	26.0	78.92	44.05	90.35	30.0	43.91	83.74	82.02	97.1	36.77	96.17	17.89	46.65	32.56	24.17	18.44	13.42	21.54	74.73	37.64	93.78	87.37	34.93	89.27	19.85	28.86	95.71	19.8	66.01	21.19	74.97	23.54	77.0	49.48
40	82.39	66.48	37.95	10.77	56.14	59.09	81.61	86.0	97.53	64.78	2.0	57.72	88.81	66.21	60.83	50.0	109.12	78.41	84.9	20.0	4.47	60.83	38.05	76.24	71.69	108.81	27.78	95.02	78.0	18.87	82.02	17.2	44.27	82.46	26.83	41.23	70.68	66.0	95.71	27.86	0.0	104.02	71.02	97.65	50.0	69.43	41.62	71.81	56.89	16.97	96.52	75.89	106.15	26.83	98.18	18.97	67.47	7.21	48.0	12.17	20.1	35.44	62.29	10.05	98.23	79.08	58.14	77.23	11.4	37.59	94.83	12.65	62.17	34.48	74.43	33.62	71.87	53.74
41	91.78	44.72	75.39	113.45	78.41	58.86	59.67	84.9	42.19	56.92	102.8	96.33	31.05	42.19	58.31	83.19	20.59	25.61	20.88	93.06	103.23	44.72	76.03	70.26	34.41	30.0	76.58	10.2	52.61	85.28	82.0	87.66	64.03	21.63	77.9	65.12	38.47	65.97	45.65	92.8	104.02	0.0	44.18	30.53	71.55	68.12	65.3	98.18	78.43	107.42	10.2	58.55	8.94	80.62	33.29	86.37	52.5	111.21	72.47	93.51	87.68	72.25	76.03	111.5	24.7	65.31	64.62	77.1	93.61	67.21	42.94	92.2	55.58	72.92	44.0	72.12	56.08	51.11
42	50.99	43.27	35.38	81.63	34.23	15.23	22.8	46.04	27.2	56.36	69.34	52.15	18.44	38.83	54.63	39.29	40.5	26.83	24.08	55.17	68.82	16.49	58.0	76.16	33.94	38.21	48.08	34.06	14.42	54.63	42.19	53.85	46.17	27.2	50.0	44.0	39.7	66.21	26.31	71.02	71.02	44.18	0.0	26.91	61.19	25.3	29.53	54.92	72.28	69.31	42.43	18.44	41.76	44.41	27.2	57.58	53.85	77.67	60.83	63.56	60.73	50.16	32.06	76.06	28.6	26.25	59.46	36.24	63.07	42.3	24.74	61.74	11.7	50.25	4.0	47.52	13.89	22.0
43	64.03	56.32	62.23	108.17	57.27	41.23	32.06	56.32	11.66	70.46	96.02	74.0	8.94	52.15	70.11	63.53	16.12	32.56	22.8	82.07	95.6	38.63	80.05	88.29	44.41	11.31	73.35	24.08	27.2	80.62	54.04	80.45	67.47	29.12	75.15	66.48	50.64	80.62	15.23	94.87	97.65	30.53	26.91	0.0	80.22	43.68	56.04	72.69	90.0	96.17	35.38	32.98	23.41	71.22	2.83	83.19	66.75	104.4	80.4	89.55	85.91	73.38	53.14	102.94	5.83	38.12	76.03	50.09	89.19	66.13	12.65	87.82	37.64	73.68	24.08	71.51	32.7	45.69
44	100.44	26.83	52.35	54.92	72.47	59.93	82.22	99.48	86.09	17.2	50.04	85.04	72.03	29.73	14.14	70.71	84.9	49.48	59.23	53.85	52.15	44.72	12.17	26.68	37.95	89.11	29.53	65.79	74.73	35.44	95.02	42.38	16.12	53.85	28.64	20.0	33.11	16.0	86.37	26.0	50.0	71.55	61.19	80.22	0.0	76.94	42.8	96.21	11.66	63.15	61.77	76.55	77.25	44.94	82.1	32.56	21.26	56.14	2.0	38.05	30.07	18.87	76.03	60.01	77.78	83.38	8.94	88.68	39.12	24.76	84.21	38.21	60.54	19.72	65.12	23.02	71.17	39.85
45	26.08	65.12	32.06	80.05	15.62	17.2	14.14	22.8	36.72	76.58	67.47	30.46	38.21	60.96	74.03	22.8	59.67	52.0	49.03	50.0	65.97	36.88	70.23	96.54	57.69	53.85	54.92	58.31	16.49	58.03	18.44	54.15	60.83	52.5	56.89	57.27	62.8	85.6	33.29	78.92	69.43	68.12	25.3	43.68	76.94	0.0	35.44	30.07	88.59	61.74	67.47	10.77	64.12	44.05	42.38	62.13	74.97	74.73	76.03	66.03	66.27	61.35	10.0	71.17	47.85	9.85	77.67	12.04	65.07	53.49	34.0	64.03	17.69	61.03	24.33	57.57	12.04	38.42
46	57.69	39.29	12.17	52.15	29.73	20.0	44.0	57.27	56.46	46.65	40.0	43.91	47.2	36.5	43.27	28.84	67.88	40.5	44.94	27.78	39.7	20.59	34.93	65.6	38.05	67.2	20.0	55.57	38.47	25.3	52.8	24.41	26.91	43.86	22.0	22.8	40.2	54.04	55.03	44.05	41.62	65.3	29.53	56.04	42.8	35.44	0.0	53.81	54.41	42.19	59.46	38.0	66.03	15.62	56.6	28.64	46.52	48.41	41.62	34.18	32.25	26.0	33.29	47.38	56.73	43.42	45.34	46.62	33.62	18.36	53.85	32.31	22.2	25.63	33.11	22.14	33.06	14.56
47	14.42	90.55	44.05	80.89	24.41	43.08	40.79	22.63	64.03	100.0	69.86	14.14	68.03	86.83	96.83	25.61	88.81	81.04	78.92	52.5	67.47	63.56	86.83	119.33	85.09	82.0	68.82	88.36	46.04	68.0	21.63	61.74	80.62	82.0	70.46	76.37	89.44	107.81	60.17	90.35	71.81	98.18	54.92	72.69	96.21	30.07	53.81	0.0	107.63	58.14	97.32	40.05	94.02	53.85	71.02	72.47	99.3	74.67	94.85	73.54	76.94	78.1	23.41	69.26	77.32	34.71	99.16	23.09	72.24	71.45	61.61	71.69	45.22	77.47	54.33	73.88	42.11	62.77
48	112.07	34.53	63.66	60.0	84.02	71.55	93.64	111.14	96.52	21.54	57.27	96.21	82.1	38.21	20.4	82.07	93.38	58.31	68.26	63.53	59.67	55.79	21.63	20.4	46.39	98.33	40.0	73.76	86.02	44.72	106.68	51.88	27.78	62.51	38.83	31.62	40.79	14.14	97.02	30.0	56.89	78.43	72.28	90.0	11.66	88.59	54.41	107.63	0.0	71.47	68.35	88.02	84.9	55.61	92.02	41.23	26.0	62.29	12.81	45.61	37.95	29.73	87.66	66.91	87.14	94.94	14.14	100.34	46.84	36.24	94.76	46.17	72.09	30.48	76.16	33.97	82.64	51.26
49	70.11	74.97	33.94	23.41	46.82	55.32	75.18	74.97	94.02	76.03	15.62	44.05	87.73	73.76	72.03	39.85	109.34	82.29	87.13	14.42	12.81	62.77	50.99	89.82	77.79	107.48	36.06	97.75	73.24	28.07	71.39	22.09	54.04	85.88	36.0	50.16	78.1	78.92	91.61	43.91	16.97	107.42	69.31	96.17	63.15	61.74	42.19	58.14	71.47	0.0	101.13	69.97	108.17	26.83	96.21	30.59	78.03	17.09	61.19	26.0	33.53	46.04	53.14	11.18	97.74	71.59	70.46	67.45	24.7	45.4	91.21	25.3	58.8	45.04	72.14	43.01	66.85	56.36
50	92.35	34.99	70.34	105.6	76.03	56.0	60.93	86.16	46.69	46.82	95.41	94.02	33.29	32.8	48.33	80.1	29.12	18.97	18.44	86.93	96.04	39.29	66.84	60.13	25.46	37.58	68.82	11.31	53.14	77.67	82.87	80.62	55.17	16.12	70.0	56.64	28.84	55.79	49.68	83.74	96.52	10.2	42.43	35.38	61.77	67.47	59.46	97.32	68.35	101.13	0.0	58.82	18.11	74.32	38.21	78.41	42.38	103.73	62.77	85.6	79.4	63.66	74.43	104.45	29.83	66.13	54.63	77.49	85.8	59.2	46.86	84.4	53.04	64.38	43.17	63.89	55.54	44.94
51	33.53	61.22	37.95	86.65	25.61	18.0	6.0	27.78	26.08	73.78	74.0	41.23	28.0	56.85	71.69	32.56	49.03	44.94	40.5	57.27	72.8	33.29	71.39	93.74	52.35	43.08	58.0	49.03	6.0	62.51	24.17	59.67	60.73	44.72	60.0	57.72	58.0	83.35	22.8	82.02	75.89	58.55	18.44	32.98	76.55	10.77	38.0	40.05	88.02	69.97	58.82	0.0	54.0	49.48	31.62	66.27	71.61	81.71	75.89	71.02	70.11	62.8	20.59	78.72	37.34	7.81	76.03	18.68	70.21	54.74	23.32	69.05	16.28	62.65	16.12	59.41	5.39	36.77
52	86.58	50.6	75.18	115.97	75.71	56.92	54.33	79.25	34.93	63.56	104.8	93.38	26.0	47.54	64.56	81.04	11.66	28.84	21.26	93.74	105.0	45.61	80.62	78.03	39.4	21.26	79.25	11.66	48.0	87.68	76.66	89.38	68.26	24.41	80.72	68.82	44.27	72.99	38.63	97.1	106.15	8.94	41.76	23.41	77.25	64.12	66.03	94.02	84.9	108.17	18.11	54.0	0.0	81.61	26.0	89.2	59.23	113.28	78.0	96.21	90.91	76.03	72.69	113.07	17.72	60.21	70.88	72.17	96.18	70.29	36.06	94.76	53.45	76.61	40.79	75.43	52.24	52.5
53	61.35	50.0	12.0	37.58	32.98	32.31	55.32	63.15	70.71	53.85	25.06	41.23	62.48	48.17	50.0	28.64	83.45	55.46	60.46	12.65	24.41	36.06	34.06	70.68	51.42	82.46	15.62	71.02	51.26	14.56	58.86	10.2	31.62	59.06	16.97	27.2	52.35	59.09	68.88	36.77	26.83	80.62	44.41	71.22	44.94	44.05	15.62	53.85	55.61	26.83	74.32	49.48	81.61	0.0	71.61	18.97	54.92	33.29	43.27	22.0	23.41	26.08	38.47	31.83	72.18	53.34	50.16	53.34	21.02	21.84	68.0	20.0	35.34	25.24	47.71	21.95	45.22	29.53
54	62.0	58.55	62.29	108.76	56.36	41.04	30.27	54.15	8.94	72.69	96.52	72.8	10.2	54.33	72.25	62.77	18.0	34.93	25.3	82.22	96.02	39.85	81.58	90.71	46.69	11.66	74.32	26.91	26.0	81.41	52.0	80.99	69.05	31.62	76.16	67.91	52.95	82.87	12.65	96.17	98.18	33.29	27.2	2.83	82.1	42.38	56.6	71.02	92.02	96.21	38.21	31.62	26.0	71.61	0.0	84.1	69.05	104.86	82.22	90.35	86.93	74.73	52.0	103.23	8.6	36.35	78.1	48.26	89.94	67.36	10.2	88.59	37.48	75.0	24.08	72.73	31.76	46.82
55	80.32	47.54	30.59	27.2	51.92	48.37	72.25	82.0	84.76	46.17	18.44	59.36	74.24	47.41	42.19	47.54	93.23	60.83	68.12	22.8	20.1	44.94	20.4	59.23	53.25	94.02	10.0	77.79	67.08	4.47	77.67	11.31	25.3	65.05	8.49	22.36	51.88	48.37	83.52	17.89	18.97	86.37	57.58	83.19	32.56	62.13	28.64	72.47	41.23	30.59	78.41	66.27	89.2	18.97	84.1	0.0	48.66	26.0	30.59	7.21	4.47	16.49	57.27	28.44	83.01	71.0	40.05	72.01	7.62	19.21	82.22	6.32	50.8	15.52	61.35	14.76	61.52	37.74
56	100.5	10.77	58.31	74.0	74.89	58.0	76.55	97.67	74.73	4.47	67.08	90.35	59.67	15.23	7.21	75.18	68.26	34.23	44.18	66.27	68.73	38.42	30.46	22.36	22.36	74.03	42.0	48.37	68.26	50.16	93.38	56.0	24.0	38.05	42.05	28.07	16.12	14.0	75.89	46.65	67.47	52.5	53.85	66.75	21.26	74.97	46.52	99.3	26.0	78.03	42.38	71.61	59.23	54.92	69.05	48.66	0.0	74.22	22.8	55.32	47.54	32.25	76.84	77.1	63.2	79.2	12.81	87.0	56.09	33.24	73.38	54.92	57.31	33.24	57.31	35.01	66.4	36.88
57	86.02	73.54	43.86	6.32	60.83	65.3	87.32	90.2	103.94	71.39	8.49	60.53	95.6	73.35	67.47	54.33	116.1	85.6	92.02	24.74	8.94	67.88	44.41	82.02	78.89	115.6	34.99	102.18	84.1	26.08	86.37	24.08	51.26	89.64	34.0	48.33	77.82	72.11	102.0	32.56	7.21	111.21	77.67	104.4	56.14	74.73	48.41	74.67	62.29	17.09	103.73	81.71	113.28	33.29	104.86	26.0	74.22	0.0	54.15	18.97	26.68	42.38	67.08	6.4	105.12	84.48	64.5	81.88	18.38	44.78	101.21	19.7	68.48	41.44	80.99	40.72	77.88	60.83
58	99.3	27.78	50.91	52.95	71.22	59.09	81.61	98.49	86.02	18.87	48.04	83.55	72.11	30.46	15.62	69.31	85.44	50.0	59.67	52.0	50.16	44.41	10.2	28.64	38.63	89.44	27.78	66.48	74.22	33.53	94.02	40.5	15.23	54.41	26.83	18.87	34.0	18.0	86.21	24.17	48.0	72.47	60.83	80.4	2.0	76.03	41.62	94.85	12.81	61.19	62.77	75.89	78.0	43.27	82.22	30.59	22.8	54.15	0.0	36.06	28.07	17.2	74.89	58.01	78.09	82.64	10.77	87.71	37.12	23.43	84.1	36.22	59.81	18.03	64.78	21.4	70.52	39.29
