vehicles
vehicle_idx, capacity, cost_per_unit_distance
1,100,3
2,100,3
3,100,3
4,100,3
5,100,3
6,100,3
7,100,3
8,100,3
9,100,3
depot
node_idx,x,y
0,91,93
home delivery customers
node_idx,x,y,service_time,demand
1,27,91,10,18
2,33,11,10,14
3,69,79,10,7
4,87,1,10,11
5,67,21,10,21
6,59,89,10,15
7,95,23,10,15
8,73,25,10,14
9,83,97,10,22
10,5,83,10,6
11,37,97,10,14
12,19,21,10,2
13,97,67,10,21
14,31,83,10,15
15,59,23,10,14
16,17,25,10,26
17,89,7,10,15
18,35,11,10,2
19,49,21,10,4
20,77,73,10,24
21,41,55,10,19
22,45,13,10,8
self pickup customers
node_idx,x,y,service_time,demand,locker_idxs
23,19,99,10,5,66
24,11,73,10,20,66
25,21,35,10,19,64
26,59,45,10,7,74
27,99,81,10,18,67
28,53,83,10,2,63-67
29,59,65,10,5,70
30,27,1,10,20,64
31,19,63,10,23,74
32,45,27,10,15,75
33,23,21,10,22,69-64
34,11,93,10,20,66
35,17,11,10,3,64
36,21,59,10,15,74
37,21,69,10,2,74
38,83,31,10,10,71-68
39,41,97,10,23,72-66
40,57,1,10,17,68
41,1,75,10,20,66
42,45,71,10,18,74-70-76
flexible customers
node_idx,x,y,service_time,demand,locker_idxs
43,7,5,10,4,64
44,21,47,10,22,74
45,59,25,10,9,75-69-77-73-68
46,71,47,10,20,71-73-76
47,79,67,10,10,76-67
48,81,93,10,1,67-63
49,41,25,10,19,75-69-77-73
50,3,65,10,22,66
51,59,83,10,21,70-76-63-67
52,71,35,10,24,71-73-77-68
53,29,93,10,14,72-66
54,83,13,10,15,65-68
55,65,17,10,6,75-73-77-69-68
56,19,41,10,23,64
57,23,39,10,7,64
58,83,61,10,26,71-76
59,71,13,10,21,75-71-73-77-68-65
60,63,13,10,12,69-77-75-73-68
61,85,15,10,4,65-68
62,83,11,10,2,65-68
lockers
node_idx,x,y,service_time,capacity,cost_per_unit_good
63,65,88,10,83
64,25,15,10,86
65,93,12,10,99
66,22,88,10,72
67,77,88,10,74
68,72,14,10,86
69,46,21,10,72
70,48,79,10,100
71,70,39,10,99
72,51,101,10,89
73,52,27,10,73
74,38,61,10,92
75,54,13,10,70
76,59,68,10,77
77,48,25,10,87
mrt lines
start_node_idx,end_node_idx,freight_capacity,cost_per_unit_good
63,64,86,0.1
64,63,86,0.1
65,66,99,0.1
66,65,99,0.1
distance matrix
,0,1,2,3,4,5,6,7,8,9,10,11,12,13,14,15,16,17,18,19,20,21,22,23,24,25,26,27,28,29,30,31,32,33,34,35,36,37,38,39,40,41,42,43,44,45,46,47,48,49,50,51,52,53,54,55,56,57,58,59,60,61,62,63,64,65,66,67,68,69,70,71,72,73,74,75,76,77,
0,0.0,64.03,100.44,26.08,92.09,75.89,32.25,70.11,70.34,8.94,86.58,54.15,101.82,26.68,60.83,76.97,100.5,86.02,99.3,83.35,24.41,62.8,92.28,72.25,82.46,90.91,57.69,14.42,39.29,42.52,112.07,78.0,80.45,99.04,80.0,110.45,77.82,74.0,62.51,50.16,98.08,91.78,50.99,121.66,83.76,75.15,50.16,28.64,10.0,84.4,92.35,33.53,61.35,62.0,80.4,80.32,88.81,86.83,32.98,82.46,84.76,78.23,82.39,26.48,102.18,81.02,69.18,14.87,81.25,84.91,45.22,57.94,40.79,76.66,61.91,88.14,40.61,80.45
1,64.03,0.0,80.22,43.68,108.17,80.62,32.06,96.17,80.45,56.32,23.41,11.66,70.46,74.0,8.94,75.15,66.75,104.4,80.4,73.38,53.14,38.63,80.05,11.31,24.08,56.32,56.04,72.69,27.2,41.23,90.0,29.12,66.48,70.11,16.12,80.62,32.56,22.8,82.07,15.23,94.87,30.53,26.91,88.29,44.41,73.35,62.23,57.27,54.04,67.47,35.38,32.98,71.22,2.83,96.02,83.19,50.64,52.15,63.53,89.55,85.91,95.6,97.65,38.12,76.03,102.94,5.83,50.09,89.19,72.53,24.19,67.48,26.0,68.71,31.95,82.54,39.41,69.26
2,100.44,80.22,0.0,76.94,54.92,35.44,82.22,63.15,42.38,99.48,77.25,86.09,17.2,85.04,72.03,28.64,21.26,56.14,2.0,18.87,76.03,44.72,12.17,89.11,65.79,26.83,42.8,96.21,74.73,59.93,11.66,53.85,20.0,14.14,84.9,16.0,49.48,59.23,53.85,86.37,26.0,71.55,61.19,26.68,37.95,29.53,52.35,72.47,95.02,16.12,61.77,76.55,44.94,82.1,50.04,32.56,33.11,29.73,70.71,38.05,30.07,52.15,50.0,83.38,8.94,60.01,77.78,88.68,39.12,16.4,69.63,46.4,91.78,24.84,50.25,21.1,62.65,20.52
3,26.08,43.68,76.94,0.0,80.05,58.03,14.14,61.74,54.15,22.8,64.12,36.72,76.58,30.46,38.21,56.89,74.97,74.73,76.03,61.35,10.0,36.88,70.23,53.85,58.31,65.12,35.44,30.07,16.49,17.2,88.59,52.5,57.27,74.03,59.67,85.6,52.0,49.03,50.0,33.29,78.92,68.12,25.3,96.54,57.69,54.92,32.06,15.62,18.44,60.83,67.47,10.77,44.05,42.38,67.47,62.13,62.8,60.96,22.8,66.03,66.27,65.97,69.43,9.85,77.67,71.17,47.85,12.04,65.07,62.39,21.0,40.01,28.43,54.71,35.85,67.68,14.87,57.94
4,92.09,108.17,54.92,80.05,0.0,28.28,92.35,23.41,27.78,96.08,115.97,108.24,70.88,66.75,99.3,35.61,74.0,6.32,52.95,42.94,72.69,70.94,43.68,119.28,104.69,74.24,52.15,80.89,88.77,69.86,60.0,92.02,49.4,67.05,119.33,70.71,87.86,94.76,30.27,106.45,30.0,113.45,81.63,80.1,80.45,36.88,48.7,66.48,92.2,51.88,105.6,86.65,37.58,108.76,12.65,27.2,78.89,74.43,60.13,20.0,26.83,14.14,10.77,89.74,63.56,12.53,108.6,87.57,19.85,45.62,87.21,41.63,106.28,43.6,77.47,35.11,72.62,45.79
5,75.89,80.62,35.44,58.03,28.28,0.0,68.47,28.07,7.21,77.67,87.68,81.71,48.0,54.92,71.69,8.25,50.16,26.08,33.53,18.0,52.95,42.8,23.41,91.59,76.42,48.08,25.3,68.0,63.56,44.72,44.72,63.78,22.8,44.0,91.21,50.99,59.67,66.48,18.87,80.32,22.36,85.28,54.63,62.1,52.84,8.94,26.31,47.54,73.35,26.31,77.67,62.51,14.56,81.41,17.89,4.47,52.0,47.54,43.08,8.94,8.94,18.97,18.87,67.03,42.43,27.51,80.71,67.74,8.6,21.0,61.03,18.25,81.58,16.16,49.41,15.26,47.68,19.42
6,32.25,32.06,82.22,14.14,92.35,68.47,0.0,75.18,65.51,25.3,54.33,23.41,78.89,43.91,28.64,66.0,76.55,87.32,81.61,68.73,24.08,38.47,77.28,41.23,50.6,66.03,44.0,40.79,8.49,24.0,93.64,47.71,63.56,76.94,48.17,88.59,48.41,42.94,62.77,19.7,88.02,59.67,22.8,98.79,56.64,64.0,43.68,29.73,22.36,66.48,60.93,6.0,55.32,30.27,79.7,72.25,62.48,61.61,36.88,76.94,76.11,78.43,81.61,6.08,81.44,84.17,37.01,18.03,76.12,69.23,14.87,51.2,14.42,62.39,35.0,76.16,21.0,64.94
7,70.11,96.17,63.15,61.74,23.41,28.07,75.18,0.0,22.09,74.97,108.17,94.02,76.03,44.05,87.73,36.0,78.03,17.09,61.19,46.04,53.14,62.77,50.99,107.48,97.75,74.97,42.19,58.14,73.24,55.32,71.47,85.88,50.16,72.03,109.34,78.92,82.29,87.13,14.42,91.61,43.91,107.42,69.31,89.82,77.79,36.06,33.94,46.82,71.39,54.04,101.13,69.97,26.83,96.21,15.62,30.59,78.1,73.76,39.85,26.0,33.53,12.81,16.97,71.59,70.46,11.18,97.74,67.45,24.7,49.04,73.11,29.68,89.55,43.19,68.51,42.2,57.63,47.04
8,70.34,80.45,42.38,54.15,27.78,7.21,65.51,22.09,0.0,72.69,89.38,80.5,54.15,48.37,71.61,14.14,56.0,24.08,40.5,24.33,48.17,43.86,30.46,91.61,78.41,52.95,24.41,61.74,61.35,42.38,51.88,66.03,28.07,50.16,92.02,57.72,62.13,68.12,11.66,78.79,28.84,87.66,53.85,68.96,56.46,14.0,22.09,42.43,68.47,32.0,80.62,59.67,10.2,80.99,15.62,11.31,56.32,51.92,37.36,12.17,15.62,15.62,17.2,63.51,49.03,23.85,81.06,63.13,11.05,27.29,59.51,14.32,79.12,21.1,50.21,22.47,45.22,25.0
9,8.94,56.32,99.48,22.8,96.08,77.67,25.3,74.97,72.69,0.0,79.25,46.0,99.36,33.11,53.85,77.79,97.67,90.2,98.49,83.26,24.74,59.4,92.2,64.03,75.89,87.68,57.27,22.63,33.11,40.0,111.14,72.47,79.65,96.83,72.11,108.41,72.72,68.03,66.0,42.0,99.46,84.9,46.04,119.33,79.65,75.89,51.42,30.27,4.47,83.35,86.16,27.78,63.15,54.15,84.0,82.0,85.04,83.45,36.0,84.85,86.35,82.02,86.0,20.12,100.44,85.59,61.66,10.82,83.73,84.53,39.36,59.44,32.25,76.56,57.63,88.87,37.64,80.06
10,86.58,23.41,77.25,64.12,115.97,87.68,54.33,108.17,89.38,79.25,0.0,34.93,63.56,93.38,26.0,80.72,59.23,113.28,78.0,76.03,72.69,45.61,80.62,21.26,11.66,50.6,66.03,94.02,48.0,56.92,84.9,24.41,68.82,64.56,11.66,72.99,28.84,21.26,93.74,38.63,97.1,8.94,41.76,78.03,39.4,79.25,75.18,75.71,76.66,68.26,18.11,54.0,81.61,26.0,104.8,89.2,44.27,47.54,81.04,96.21,90.91,105.0,106.15,60.21,70.88,113.07,17.72,72.17,96.18,74.33,43.19,78.49,49.4,73.11,39.66,85.45,56.04,72.2
11,54.15,11.66,86.09,36.72,108.24,81.71,23.41,94.02,80.5,46.0,34.93,0.0,78.1,67.08,15.23,77.2,74.73,103.94,86.02,76.94,46.65,42.19,84.38,18.11,35.38,64.03,56.46,64.03,21.26,38.83,96.52,38.47,70.46,77.28,26.31,88.29,41.23,32.25,80.45,4.0,98.06,42.19,27.2,96.77,52.5,75.29,60.46,51.61,44.18,72.11,46.69,26.08,70.71,8.94,95.77,84.76,58.82,59.67,58.41,90.62,87.93,95.02,97.53,29.41,82.87,101.79,17.49,41.0,90.08,76.53,21.1,66.73,14.56,71.59,36.01,85.7,36.4,72.84
12,101.82,70.46,17.2,76.58,70.88,48.0,78.89,76.03,54.15,99.36,63.56,78.1,0.0,90.55,63.15,40.05,4.47,71.39,18.87,30.0,77.9,40.5,27.2,78.0,52.61,14.14,46.65,100.0,70.71,59.46,21.54,42.0,26.68,4.0,72.44,10.2,38.05,48.04,64.78,79.12,42.94,56.92,56.36,20.0,26.08,40.2,58.14,75.6,95.02,22.36,46.82,73.78,53.85,72.69,64.5,46.17,20.0,18.44,75.47,52.61,44.72,66.27,64.78,81.27,8.49,74.55,67.07,88.62,53.46,27.0,64.85,54.08,86.16,33.54,44.28,35.9,61.72,29.27
13,26.68,74.0,85.04,30.46,66.75,54.92,43.91,44.05,48.37,33.11,93.38,67.08,90.55,0.0,67.91,58.14,90.35,60.53,83.55,66.48,20.88,57.27,74.97,84.31,86.21,82.46,43.91,14.14,46.82,38.05,96.21,78.1,65.6,87.13,89.84,97.65,76.42,76.03,38.63,63.53,77.18,96.33,52.15,109.29,78.59,56.64,32.8,18.0,30.53,70.0,94.02,41.23,41.23,72.8,55.79,59.36,82.22,79.12,15.23,59.93,63.81,53.37,57.72,38.28,88.81,55.15,77.88,29.0,58.6,68.68,50.45,38.9,57.2,60.21,59.3,69.03,38.01,64.54
14,60.83,8.94,72.03,38.21,99.3,71.69,28.64,87.73,71.61,53.85,26.0,15.23,63.15,67.91,0.0,66.21,59.67,95.6,72.11,64.56,47.07,29.73,71.39,20.0,22.36,49.03,47.2,68.03,22.0,33.29,82.1,23.32,57.72,62.51,22.36,73.35,26.0,17.2,73.54,17.2,86.02,31.05,18.44,81.61,37.36,64.4,53.81,50.6,50.99,58.86,33.29,28.0,62.48,10.2,87.2,74.24,43.68,44.72,56.46,80.62,76.97,86.83,88.81,34.37,68.26,94.26,10.3,46.27,80.26,63.79,17.46,58.8,26.91,59.81,23.09,73.68,31.76,60.44
15,76.97,75.15,28.64,56.89,35.61,8.25,66.0,36.0,14.14,77.79,80.72,77.2,40.05,58.14,66.21,0.0,42.05,34.0,26.83,10.2,53.14,36.72,17.2,85.88,69.31,39.85,22.0,70.46,60.3,42.0,38.83,56.57,14.56,36.06,84.88,43.68,52.35,59.67,25.3,76.16,22.09,77.9,50.0,55.03,44.94,2.0,26.83,48.33,73.38,18.11,70.0,60.0,16.97,76.16,26.0,8.49,43.86,39.4,44.94,15.62,10.77,27.2,26.83,65.28,34.93,35.74,74.79,67.45,15.81,13.15,57.07,19.42,78.41,8.06,43.42,11.18,45.0,11.18
16,100.5,66.75,21.26,74.97,74.0,50.16,76.55,78.03,56.0,97.67,59.23,74.73,4.47,90.35,59.67,42.05,0.0,74.22,22.8,32.25,76.84,38.42,30.46,74.03,48.37,10.77,46.52,99.3,68.26,58.0,26.0,38.05,28.07,7.21,68.26,14.0,34.23,44.18,66.27,75.89,46.65,52.5,53.85,22.36,22.36,42.0,58.31,74.89,93.38,24.0,42.38,71.61,54.92,69.05,67.08,48.66,16.12,15.23,75.18,55.32,47.54,68.73,67.47,79.2,12.81,77.1,63.2,87.0,56.09,29.27,62.27,54.82,83.26,35.06,41.68,38.9,60.11,31.0
17,86.02,104.4,56.14,74.73,6.32,26.08,87.32,17.09,24.08,90.2,113.28,103.94,71.39,60.53,95.6,34.0,74.22,0.0,54.15,42.38,67.08,67.88,44.41,115.6,102.18,73.54,48.41,74.67,84.1,65.3,62.29,89.64,48.33,67.47,116.1,72.11,85.6,92.02,24.74,102.0,32.56,111.21,77.67,82.02,78.89,34.99,43.86,60.83,86.37,51.26,103.73,81.71,33.29,104.86,8.49,26.0,77.82,73.35,54.33,18.97,26.68,8.94,7.21,84.48,64.5,6.4,105.12,81.88,18.38,45.22,82.86,37.22,101.39,42.06,74.28,35.51,67.98,44.78
18,99.3,80.4,2.0,76.03,52.95,33.53,81.61,61.19,40.5,98.49,78.0,86.02,18.87,83.55,72.11,26.83,22.8,54.15,0.0,17.2,74.89,44.41,10.2,89.44,66.48,27.78,41.62,94.85,74.22,59.09,12.81,54.41,18.87,15.62,85.44,18.0,50.0,59.67,52.0,86.21,24.17,72.47,60.83,28.64,38.63,27.78,50.91,71.22,94.02,15.23,62.77,75.89,43.27,82.22,48.04,30.59,34.0,30.46,69.31,36.06,28.07,50.16,48.0,82.64,10.77,58.01,78.09,87.71,37.12,14.87,69.23,44.82,91.41,23.35,50.09,19.1,61.85,19.1
19,83.35,73.38,18.87,61.35,42.94,18.0,68.73,46.04,24.33,83.26,76.03,76.94,30.0,66.48,64.56,10.2,32.25,42.38,17.2,0.0,59.06,34.93,8.94,83.57,64.4,31.3,26.0,78.1,62.13,45.12,29.73,51.61,7.21,26.0,81.41,33.53,47.2,55.57,35.44,76.42,21.54,72.25,50.16,44.94,38.21,10.77,34.06,54.92,78.79,8.94,63.66,62.8,26.08,74.73,34.93,16.49,36.06,31.62,52.5,23.41,16.12,36.5,35.44,68.88,24.74,44.91,72.24,72.62,24.04,3.0,58.01,27.66,80.02,6.71,41.48,9.43,48.05,4.12
20,24.41,53.14,76.03,10.0,72.69,52.95,24.08,53.14,48.17,24.74,72.69,46.65,77.9,20.88,47.07,53.14,76.84,67.08,74.89,59.06,0.0,40.25,68.0,63.56,66.0,67.68,33.29,23.41,26.0,19.7,87.66,58.86,56.04,74.97,68.96,86.28,57.72,56.14,42.43,43.27,74.73,76.03,32.06,97.59,61.74,51.26,26.68,6.32,20.4,60.0,74.43,20.59,38.47,52.0,60.3,57.27,66.24,63.81,13.42,60.3,61.61,58.55,62.29,19.21,77.9,63.06,57.01,15.0,59.21,60.54,29.61,34.71,38.21,52.35,40.8,64.26,18.68,56.08
21,62.8,38.63,44.72,36.88,70.94,42.8,38.47,62.77,43.86,59.4,45.61,42.19,40.5,57.27,29.73,36.72,38.42,67.88,44.41,34.93,40.25,0.0,42.19,49.19,34.99,28.28,20.59,63.56,30.46,20.59,55.79,23.41,28.28,38.47,48.41,50.12,20.4,24.41,48.37,42.0,56.32,44.72,16.49,60.46,21.54,34.99,31.05,39.85,55.17,30.0,39.29,33.29,36.06,39.85,59.4,44.94,26.08,24.08,42.43,51.61,47.41,59.46,60.83,40.8,43.08,67.48,38.08,48.84,51.4,34.37,25.0,33.12,47.07,30.08,6.71,43.97,22.2,30.81
22,92.28,80.05,12.17,70.23,43.68,23.41,77.28,50.99,30.46,92.2,80.62,84.38,27.2,74.97,71.39,17.2,30.46,44.41,10.2,8.94,68.0,42.19,0.0,89.84,68.96,32.56,34.93,86.83,70.46,53.85,21.63,56.36,14.0,23.41,86.93,28.07,51.88,60.93,42.05,84.1,16.97,76.03,58.0,38.83,41.62,18.44,42.8,63.81,87.73,12.65,66.84,71.39,34.06,81.58,38.0,20.4,38.21,34.06,61.22,26.0,18.0,40.05,38.05,77.62,20.1,48.01,78.45,81.54,27.02,8.06,66.07,36.07,88.2,15.65,48.51,9.0,56.75,12.37
23,72.25,11.31,89.11,53.85,119.28,91.59,41.23,107.48,91.61,64.03,21.26,18.11,78.0,84.31,20.0,85.88,74.03,115.6,89.44,83.57,63.56,49.19,89.84,0.0,27.2,64.03,67.2,82.0,37.58,52.5,98.33,36.0,76.55,78.1,10.0,88.02,40.05,30.07,93.38,22.09,105.11,30.0,38.21,94.76,52.04,84.12,73.54,68.0,62.29,77.2,37.58,43.08,82.46,11.66,107.2,94.02,58.0,60.13,74.43,100.5,96.6,106.83,108.81,47.3,84.21,114.21,11.4,59.03,100.17,82.54,35.23,78.75,32.06,79.2,42.49,92.85,50.61,79.48
24,82.46,24.08,65.79,58.31,104.69,76.42,50.6,97.75,78.41,75.89,11.66,35.38,52.61,86.21,22.36,69.31,48.37,102.18,66.48,64.4,66.0,34.99,68.96,27.2,0.0,39.29,55.57,88.36,43.17,48.66,73.76,12.81,57.2,53.37,20.0,62.29,17.2,10.77,83.35,38.42,85.44,10.2,34.06,68.12,27.86,67.88,65.39,68.26,72.8,56.6,11.31,49.03,71.02,26.91,93.72,77.79,32.98,36.06,72.99,84.85,79.4,94.02,95.02,56.04,59.67,102.2,18.6,67.68,84.86,62.68,37.48,68.1,48.83,61.62,29.55,73.82,48.26,60.61
25,90.91,56.32,26.83,65.12,74.24,48.08,66.03,74.97,52.95,87.68,50.6,64.03,14.14,82.46,49.03,39.85,10.77,73.54,27.78,31.3,67.68,28.28,32.56,64.03,39.29,0.0,39.29,90.55,57.69,48.41,34.53,28.07,25.3,14.14,58.86,24.33,24.0,34.0,62.13,65.15,49.52,44.72,43.27,33.11,12.0,39.29,51.42,66.24,83.45,22.36,34.99,61.22,50.0,58.55,65.79,47.54,6.32,4.47,67.23,54.63,47.41,67.05,66.48,68.88,20.4,75.58,53.01,77.1,55.15,28.65,51.62,49.16,72.5,32.02,31.06,39.66,50.33,28.79
26,57.69,56.04,42.8,35.44,52.15,25.3,44.0,42.19,24.41,57.27,66.03,56.46,46.65,43.91,47.2,22.0,46.52,48.41,41.62,26.0,33.29,20.59,34.93,67.2,55.57,39.29,0.0,53.81,38.47,20.0,54.41,43.86,22.8,43.27,67.88,54.04,40.5,44.94,27.78,55.03,44.05,65.3,29.53,65.6,38.05,20.0,12.17,29.73,52.8,26.91,59.46,38.0,15.62,56.6,40.0,28.64,40.2,36.5,28.84,34.18,32.25,39.7,41.62,43.42,45.34,47.38,56.73,46.62,33.62,27.29,35.74,12.53,56.57,19.31,26.4,32.39,23.0,22.83
27,14.42,72.69,96.21,30.07,80.89,68.0,40.79,58.14,61.74,22.63,94.02,64.03,100.0,14.14,68.03,70.46,99.3,74.67,94.85,78.1,23.41,63.56,86.83,82.0,88.36,90.55,53.81,0.0,46.04,43.08,107.63,82.0,76.37,96.83,88.81,107.81,81.04,78.92,52.5,60.17,90.35,98.18,54.92,119.33,85.09,68.82,44.05,24.41,21.63,80.62,97.32,40.05,53.85,71.02,69.86,72.47,89.44,86.83,25.61,73.54,76.94,67.47,71.81,34.71,99.16,69.26,77.32,23.09,72.24,80.06,51.04,51.04,52.0,71.59,64.2,81.54,42.06,75.74
28,39.29,27.2,74.73,16.49,88.77,63.56,8.49,73.24,61.35,33.11,48.0,21.26,70.71,46.82,22.0,60.3,68.26,84.1,74.22,62.13,26.0,30.46,70.46,37.58,43.17,57.69,38.47,46.04,0.0,18.97,86.02,39.45,56.57,68.88,43.17,80.5,40.0,34.93,60.03,18.44,82.1,52.61,14.42,90.55,48.17,58.31,40.25,30.53,29.73,59.23,53.14,6.0,51.26,26.0,76.16,67.08,54.04,53.25,37.2,72.28,70.71,75.15,78.0,13.0,73.54,81.49,31.4,24.52,71.57,62.39,6.4,47.17,18.11,56.01,26.63,70.01,16.16,58.22
29,42.52,41.23,59.93,17.2,69.86,44.72,24.0,55.32,42.38,40.0,56.92,38.83,59.46,38.05,33.29,42.0,58.0,65.3,59.09,45.12,19.7,20.59,53.85,52.5,48.66,48.41,20.0,43.08,18.97,0.0,71.55,40.05,40.5,56.85,55.57,68.41,38.47,38.21,41.62,36.72,64.03,58.86,15.23,79.4,42.05,40.0,21.63,20.1,35.61,43.86,56.0,18.0,32.31,41.04,57.27,48.37,46.65,44.41,24.33,53.37,52.15,56.36,59.09,23.77,60.46,62.97,43.57,29.21,52.63,45.88,17.8,28.23,36.88,38.64,21.38,52.24,3.0,41.48
30,112.07,90.0,11.66,88.59,60.0,44.72,93.64,71.47,51.88,111.14,84.9,96.52,21.54,96.21,82.1,38.83,26.0,62.29,12.81,29.73,87.66,55.79,21.63,98.33,73.76,34.53,54.41,107.63,86.02,71.55,0.0,62.51,31.62,20.4,93.38,14.14,58.31,68.26,63.53,97.02,30.0,78.43,72.28,20.4,46.39,40.0,63.66,84.02,106.68,27.78,68.35,88.02,55.61,92.02,57.27,41.23,40.79,38.21,82.07,45.61,37.95,59.67,56.89,94.94,14.14,66.91,87.14,100.34,46.84,27.59,80.78,57.38,102.84,36.07,61.0,29.55,74.25,31.89
31,78.0,29.12,53.85,52.5,92.02,63.78,47.71,85.88,66.03,72.47,24.41,38.47,42.0,78.1,23.32,56.57,38.05,89.64,54.41,51.61,58.86,23.41,56.36,36.0,12.81,28.07,43.86,82.0,39.45,40.05,62.51,0.0,44.41,42.19,31.05,52.04,4.47,6.32,71.55,40.5,72.72,21.63,27.2,59.23,16.12,55.17,54.41,60.13,68.88,43.91,16.12,44.72,59.06,31.62,81.22,65.05,22.0,24.33,64.03,72.14,66.6,81.61,82.46,52.35,48.37,89.87,25.18,63.16,72.18,49.93,33.12,56.36,49.68,48.84,19.1,61.03,40.31,47.8
32,80.45,66.48,20.0,57.27,49.4,22.8,63.56,50.16,28.07,79.65,68.82,70.46,26.68,65.6,57.72,14.56,28.07,48.33,18.87,7.21,56.04,28.28,14.0,76.55,57.2,25.3,22.8,76.37,56.57,40.5,31.62,44.41,0.0,22.8,74.24,32.25,40.0,48.37,38.21,70.11,28.64,65.12,44.0,43.91,31.24,14.14,32.8,52.5,75.18,4.47,56.64,57.72,27.2,67.91,40.5,22.36,29.53,25.06,50.99,29.53,22.8,41.76,41.23,64.2,23.32,50.29,65.19,68.88,29.97,6.08,52.09,27.73,74.24,7.0,34.71,16.64,43.32,3.61
33,99.04,70.11,14.14,74.03,67.05,44.0,76.94,72.03,50.16,96.83,64.56,77.28,4.0,87.13,62.51,36.06,7.21,67.47,15.62,26.0,74.97,38.47,23.41,78.1,53.37,14.14,43.27,96.83,68.88,56.85,20.4,42.19,22.8,0.0,72.99,11.66,38.05,48.04,60.83,78.1,39.45,58.31,54.63,22.63,26.08,36.22,54.59,72.47,92.46,18.44,48.33,71.69,50.0,72.25,60.53,42.19,20.4,18.0,72.11,48.66,40.79,62.29,60.83,79.08,6.32,70.58,67.01,86.05,49.5,23.0,63.16,50.33,84.76,29.61,42.72,32.02,59.2,25.32
34,80.0,16.12,84.9,59.67,119.33,91.21,48.17,109.34,92.02,72.11,11.66,26.31,72.44,89.84,22.36,84.88,68.26,116.1,85.44,81.41,68.96,48.41,86.93,10.0,20.0,58.86,67.88,88.81,43.17,55.57,93.38,31.05,74.24,72.99,0.0,82.22,35.44,26.0,95.02,30.27,102.86,20.59,40.5,88.09,47.07,83.23,75.6,72.8,70.0,74.32,29.12,49.03,83.45,18.0,107.63,93.23,52.61,55.32,78.79,100.0,95.41,107.52,109.12,54.23,79.25,115.26,12.08,66.19,99.81,80.06,39.56,79.98,40.79,77.7,41.87,90.82,54.12,77.41
35,110.45,80.62,16.0,85.6,70.71,50.99,88.59,78.92,57.72,108.41,72.99,88.29,10.2,97.65,73.35,43.68,14.0,72.11,18.0,33.53,86.28,50.12,28.07,88.02,62.29,24.33,54.04,107.81,80.5,68.41,14.14,52.04,32.25,11.66,82.22,0.0,48.17,58.14,68.96,89.29,41.23,65.97,66.21,11.66,36.22,44.27,64.9,83.55,104.02,27.78,55.79,83.35,59.09,82.87,66.03,48.37,30.07,28.64,82.8,54.04,46.04,68.12,66.0,90.74,8.94,76.01,77.16,97.62,55.08,30.68,74.73,59.94,96.21,38.48,54.23,37.05,70.8,34.01
36,77.82,32.56,49.48,52.0,87.86,59.67,48.41,82.29,62.13,72.72,28.84,41.23,38.05,76.42,26.0,52.35,34.23,85.6,50.0,47.2,57.72,20.4,51.88,40.05,17.2,24.0,40.5,81.04,40.0,38.47,58.31,4.47,40.0,38.05,35.44,48.17,0.0,10.0,68.03,42.94,68.26,25.61,26.83,55.79,12.0,50.99,51.42,58.55,68.96,39.45,18.97,44.94,55.46,34.93,77.2,60.83,18.11,20.1,62.03,67.94,62.29,77.67,78.41,52.7,44.18,85.98,29.02,63.06,68.01,45.49,33.6,52.92,51.61,44.55,17.12,56.61,39.05,43.42
37,74.0,22.8,59.23,49.03,94.76,66.48,42.94,87.13,68.12,68.03,21.26,32.25,48.04,76.03,17.2,59.67,44.18,92.02,59.67,55.57,56.14,24.41,60.93,30.07,10.77,34.0,44.94,78.92,34.93,38.21,68.26,6.32,48.37,48.04,26.0,58.14,10.0,0.0,72.72,34.41,76.94,20.88,24.08,65.51,22.0,58.14,54.63,58.03,64.62,48.33,18.44,40.5,60.46,25.3,83.55,68.12,28.07,30.07,62.51,75.07,70.0,83.74,84.9,47.93,54.15,91.83,19.03,59.14,75.01,54.12,28.79,57.45,43.86,52.2,18.79,65.0,38.01,51.62
38,62.51,82.07,53.85,50.0,30.27,18.87,62.77,14.42,11.66,66.0,93.74,80.45,64.78,38.63,73.54,25.3,66.27,24.74,52.0,35.44,42.43,48.37,42.05,93.38,83.35,62.13,27.78,52.5,60.03,41.62,63.53,71.55,38.21,60.83,95.02,68.96,68.03,72.72,0.0,78.23,39.7,93.06,55.17,80.32,64.03,24.74,20.0,36.22,62.03,42.43,86.93,57.27,12.65,82.22,18.0,22.8,64.78,60.53,30.0,21.63,26.91,16.12,20.0,59.77,60.17,21.47,83.49,57.31,20.25,38.33,59.41,15.26,76.97,31.26,54.08,34.13,44.1,35.51
39,50.16,15.23,86.37,33.29,106.45,80.32,19.7,91.61,78.79,42.0,38.63,4.0,79.12,63.53,17.2,76.16,75.89,102.0,86.21,76.42,43.27,42.0,84.1,22.09,38.42,65.15,55.03,60.17,18.44,36.72,97.02,40.5,70.11,78.1,30.27,89.29,42.94,34.41,78.23,0.0,97.32,45.65,26.31,98.08,53.85,74.22,58.31,48.41,40.2,72.0,49.68,22.8,68.88,12.65,93.91,83.52,60.17,60.73,55.32,89.2,86.83,93.06,95.71,25.63,83.55,99.64,21.02,37.11,88.6,76.16,19.31,64.85,10.77,70.86,36.12,85.0,34.13,72.34
40,98.08,94.87,26.0,78.92,30.0,22.36,88.02,43.91,28.84,99.46,97.1,98.06,42.94,77.18,86.02,22.09,46.65,32.56,24.17,21.54,74.73,56.32,16.97,105.11,85.44,49.52,44.05,90.35,82.1,64.03,30.0,72.72,28.64,39.45,102.86,41.23,68.26,76.94,39.7,97.32,0.0,92.8,71.02,50.16,58.41,24.08,48.08,69.57,95.08,28.84,83.74,82.02,36.77,96.17,28.64,17.89,55.17,50.99,65.39,18.44,13.42,31.3,27.86,87.37,34.93,37.64,93.78,89.27,19.85,22.83,78.52,40.16,100.18,26.48,62.94,12.37,67.03,25.63
41,91.78,30.53,71.55,68.12,113.45,85.28,59.67,107.42,87.66,84.9,8.94,42.19,56.92,96.33,31.05,77.9,52.5,111.21,72.47,72.25,76.03,44.72,76.03,30.0,10.2,44.72,65.3,98.18,52.61,58.86,78.43,21.63,65.12,58.31,20.59,65.97,25.61,20.88,93.06,45.65,92.8,0.0,44.18,70.26,34.41,76.58,75.39,78.41,82.0,64.03,10.2,58.55,80.62,33.29,102.8,86.37,38.47,42.19,83.19,93.51,87.68,103.23,104.02,65.31,64.62,111.5,24.7,77.1,93.61,70.29,47.17,77.83,56.36,70.04,39.56,81.57,58.42,68.62
42,50.99,26.91,61.19,25.3,81.63,54.63,22.8,69.31,53.85,46.04,41.76,27.2,56.36,52.15,18.44,50.0,53.85,77.67,60.83,50.16,32.06,16.49,58.0,38.21,34.06,43.27,29.53,54.92,14.42,15.23,72.28,27.2,44.0,54.63,40.5,66.21,26.83,24.08,55.17,26.31,71.02,44.18,0.0,76.16,33.94,48.08,35.38,34.23,42.19,46.17,42.43,18.44,44.41,27.2,69.34,57.58,39.7,38.83,39.29,63.56,60.73,68.82,71.02,26.25,59.46,76.06,28.6,36.24,63.07,50.01,8.54,40.61,30.59,44.55,12.21,58.69,14.32,46.1
43,121.66,88.29,26.68,96.54,80.1,62.1,98.79,89.82,68.96,119.33,78.03,96.77,20.0,109.29,81.61,55.03,22.36,82.02,28.64,44.94,97.59,60.46,38.83,94.76,68.12,33.11,65.6,119.33,90.55,79.4,20.4,59.23,43.91,22.63,88.09,11.66,55.79,65.51,80.32,98.08,50.16,70.26,76.16,0.0,44.27,55.71,76.55,95.02,114.98,39.45,60.13,93.74,70.68,90.71,76.42,59.23,37.95,37.58,94.4,64.5,56.57,78.64,76.24,101.26,20.59,86.28,84.34,108.58,65.62,42.15,84.6,71.59,105.6,50.09,64.01,47.68,81.69,45.62
44,83.76,44.41,37.95,57.69,80.45,52.84,56.64,77.79,56.46,79.65,39.4,52.5,26.08,78.59,37.36,44.94,22.36,78.89,38.63,38.21,61.74,21.54,41.62,52.04,27.86,12.0,38.05,85.09,48.17,42.05,46.39,16.12,31.24,26.08,47.07,36.22,12.0,22.0,64.03,53.85,58.41,34.41,33.94,44.27,0.0,43.91,50.0,61.35,75.6,29.73,25.46,52.35,51.42,46.69,70.71,53.25,6.32,8.25,63.56,60.46,54.04,71.55,71.69,60.14,32.25,80.06,41.01,69.4,60.75,36.07,41.87,49.65,61.77,36.89,22.02,47.38,43.42,34.83
45,75.15,73.35,29.53,54.92,36.88,8.94,64.0,36.06,14.0,75.89,79.25,75.29,40.2,56.64,64.4,2.0,42.0,34.99,27.78,10.77,51.26,34.99,18.44,84.12,67.88,39.29,20.0,68.82,58.31,40.0,40.0,55.17,14.14,36.22,83.23,44.27,50.99,58.14,24.74,74.22,24.08,76.58,48.08,55.71,43.91,0.0,25.06,46.52,71.47,18.0,68.82,58.0,15.62,74.32,26.83,10.0,43.08,38.63,43.27,16.97,12.65,27.86,27.78,63.29,35.44,36.4,73.06,65.52,17.03,13.6,55.11,17.8,76.42,7.28,41.68,13.0,43.0,11.0
46,50.16,62.23,52.35,32.06,48.7,26.31,43.68,33.94,22.09,51.42,75.18,60.46,58.14,32.8,53.81,26.83,58.31,43.86,50.91,34.06,26.68,31.05,42.8,73.54,65.39,51.42,12.17,44.05,40.25,21.63,63.66,54.41,32.8,54.59,75.6,64.9,51.42,54.63,20.0,58.31,48.08,75.39,35.38,76.55,50.0,25.06,0.0,21.54,47.07,37.2,70.34,37.95,12.0,62.29,36.06,30.59,52.35,48.66,18.44,34.0,34.93,34.93,37.95,41.44,56.04,41.34,63.89,41.44,33.02,36.07,39.41,8.06,57.58,27.59,35.85,38.01,24.19,31.83
47,28.64,57.27,72.47,15.62,66.48,47.54,29.73,46.82,42.43,30.27,75.71,51.61,75.6,18.0,50.6,48.33,74.89,60.83,71.22,54.92,6.32,39.85,63.81,68.0,68.26,66.24,29.73,24.41,30.53,20.1,84.02,60.13,52.5,72.47,72.8,83.55,58.55,58.03,36.22,48.41,69.57,78.41,34.23,95.02,61.35,46.52,21.54,0.0,26.08,56.64,76.03,25.61,32.98,56.36,54.15,51.92,65.39,62.61,7.21,54.59,56.32,52.35,56.14,25.24,74.97,56.75,60.75,21.1,53.46,56.61,33.24,29.41,44.05,48.26,41.44,59.51,20.02,52.2
48,10.0,54.04,95.02,18.44,92.2,73.35,22.36,71.39,68.47,4.47,76.66,44.18,95.02,30.53,50.99,73.38,93.38,86.37,94.02,78.79,20.4,55.17,87.73,62.29,72.8,83.45,52.8,21.63,29.73,35.61,106.68,68.88,75.18,92.46,70.0,104.02,68.96,64.62,62.03,40.2,95.08,82.0,42.19,114.98,75.6,71.47,47.07,26.08,0.0,78.89,82.87,24.17,58.86,52.0,80.02,77.67,80.92,79.25,32.06,80.62,82.0,78.1,82.02,16.76,96.02,81.88,59.21,6.4,79.51,80.06,35.85,55.11,31.05,72.09,53.6,84.43,33.3,75.58
49,84.4,67.47,16.12,60.83,51.88,26.31,66.48,54.04,32.0,83.35,68.26,72.11,22.36,70.0,58.86,18.11,24.0,51.26,15.23,8.94,60.0,30.0,12.65,77.2,56.6,22.36,26.91,80.62,59.23,43.86,27.78,43.91,4.47,18.44,74.32,27.78,39.45,48.33,42.43,72.0,28.84,64.03,46.17,39.45,29.73,18.0,37.2,56.64,78.89,0.0,55.17,60.73,31.62,69.05,43.68,25.3,27.2,22.8,55.32,32.31,25.06,45.12,44.27,67.42,18.87,53.6,65.8,72.56,32.89,6.4,54.45,32.2,76.66,11.18,36.12,17.69,46.62,7.0
50,92.35,35.38,61.77,67.47,105.6,77.67,60.93,101.13,80.62,86.16,18.11,46.69,46.82,94.02,33.29,70.0,42.38,103.73,62.77,63.66,74.43,39.29,66.84,37.58,11.31,34.99,59.46,97.32,53.14,56.0,68.35,16.12,56.64,48.33,29.12,55.79,18.97,18.44,86.93,49.68,83.74,10.2,42.43,60.13,25.46,68.82,70.34,76.03,82.87,55.17,0.0,58.82,74.32,38.21,95.41,78.41,28.84,32.8,80.1,85.6,79.4,96.04,96.52,66.13,54.63,104.45,29.83,77.49,85.8,61.52,47.13,71.87,60.0,62.01,35.23,72.84,56.08,60.21
51,33.53,32.98,76.55,10.77,86.65,62.51,6.0,69.97,59.67,27.78,54.0,26.08,73.78,41.23,28.0,60.0,71.61,81.71,75.89,62.8,20.59,33.29,71.39,43.08,49.03,61.22,38.0,40.05,6.0,18.0,88.02,44.72,57.72,71.69,49.03,83.35,44.94,40.5,57.27,22.8,82.02,58.55,18.44,93.74,52.35,58.0,37.95,25.61,24.17,60.73,58.82,0.0,49.48,31.62,74.0,66.27,58.0,56.85,32.56,71.02,70.11,72.8,75.89,7.81,76.03,78.72,37.34,18.68,70.21,63.35,11.7,45.35,19.7,56.44,30.41,70.18,15.0,59.03
52,61.35,71.22,44.94,44.05,37.58,14.56,55.32,26.83,10.2,63.15,81.61,70.71,53.85,41.23,62.48,16.97,54.92,33.29,43.27,26.08,38.47,36.06,34.06,82.46,71.02,50.0,15.62,53.85,51.26,32.31,55.61,59.06,27.2,50.0,83.45,59.09,55.46,60.46,12.65,68.88,36.77,80.62,44.41,70.68,51.42,15.62,12.0,32.98,58.86,31.62,74.32,49.48,0.0,71.61,25.06,18.97,52.35,48.17,28.64,22.0,23.41,24.41,26.83,53.34,50.16,31.83,72.18,53.34,21.02,28.65,49.65,4.12,68.96,20.62,42.01,27.8,35.11,25.08
53,62.0,2.83,82.1,42.38,108.76,81.41,30.27,96.21,80.99,54.15,26.0,8.94,72.69,72.8,10.2,76.16,69.05,104.86,82.22,74.73,52.0,39.85,81.58,11.66,26.91,58.55,56.6,71.02,26.0,41.04,92.02,31.62,67.91,72.25,18.0,82.87,34.93,25.3,82.22,12.65,96.17,33.29,27.2,90.71,46.69,74.32,62.29,56.36,52.0,69.05,38.21,31.62,71.61,0.0,96.52,84.1,52.95,54.33,62.77,90.35,86.93,96.02,98.18,36.35,78.1,103.23,8.6,48.26,89.94,73.98,23.6,67.8,23.41,69.89,33.24,83.82,39.05,70.6
54,80.4,96.02,50.04,67.47,12.65,17.89,79.7,15.62,15.62,84.0,104.8,95.77,64.5,55.79,87.2,26.0,67.08,8.49,48.04,34.93,60.3,59.4,38.0,107.2,93.72,65.79,40.0,69.86,76.16,57.27,57.27,81.22,40.5,60.53,107.63,66.03,77.2,83.55,18.0,93.91,28.64,102.8,69.34,76.42,70.71,26.83,36.06,54.15,80.02,43.68,95.41,74.0,25.06,96.52,0.0,18.44,69.86,65.39,48.0,12.0,20.0,2.83,2.0,77.13,58.03,10.05,96.67,75.24,11.05,37.85,74.71,29.07,93.64,34.01,65.8,29.0,60.01,37.0
55,80.32,83.19,32.56,62.13,27.2,4.47,72.25,30.59,11.31,82.0,89.2,84.76,46.17,59.36,74.24,8.49,48.66,26.0,30.59,16.49,57.27,44.94,20.4,94.02,77.79,47.54,28.64,72.47,67.08,48.37,41.23,65.05,22.36,42.19,93.23,48.37,60.83,68.12,22.8,83.52,17.89,86.37,57.58,59.23,53.25,10.0,30.59,51.92,77.67,25.3,78.41,66.27,18.97,84.1,18.44,0.0,51.88,47.41,47.54,7.21,4.47,20.1,18.97,71.0,40.05,28.44,83.01,72.01,7.62,19.42,64.29,22.56,85.16,16.4,51.62,11.7,51.35,18.79
56,88.81,50.64,33.11,62.8,78.89,52.0,62.48,78.1,56.32,85.04,44.27,58.82,20.0,82.22,43.68,43.86,16.12,77.82,34.0,36.06,66.24,26.08,38.21,58.0,32.98,6.32,40.2,89.44,54.04,46.65,40.79,22.0,29.53,20.4,52.61,30.07,18.11,28.07,64.78,60.17,55.17,38.47,39.7,37.95,6.32,43.08,52.35,65.39,80.92,27.2,28.84,58.0,52.35,52.95,69.86,51.88,0.0,4.47,67.05,59.06,52.15,70.94,70.68,65.76,26.68,79.48,47.1,74.65,59.48,33.6,47.8,51.04,68.0,35.85,27.59,44.82,48.26,33.12
57,86.83,52.15,29.73,60.96,74.43,47.54,61.61,73.76,51.92,83.45,47.54,59.67,18.44,79.12,44.72,39.4,15.23,73.35,30.46,31.62,63.81,24.08,34.06,60.13,36.06,4.47,36.5,86.83,53.25,44.41,38.21,24.33,25.06,18.0,55.32,28.64,20.1,30.07,60.53,60.73,50.99,42.19,38.83,37.58,8.25,38.63,48.66,62.61,79.25,22.8,32.8,56.85,48.17,54.33,65.39,47.41,4.47,0.0,63.91,54.59,47.71,66.48,66.21,64.54,24.08,75.03,49.01,72.92,55.01,29.21,47.17,47.0,68.03,31.38,26.63,40.46,46.23,28.65
58,32.98,63.53,70.71,22.8,60.13,43.08,36.88,39.85,37.36,36.0,81.04,58.41,75.47,15.23,56.46,44.94,75.18,54.33,69.31,52.5,13.42,42.43,61.22,74.43,72.99,67.23,28.84,25.61,37.2,24.33,82.07,64.03,50.99,72.11,78.79,82.8,62.03,62.51,30.0,55.32,65.39,83.19,39.29,94.4,63.56,43.27,18.44,7.21,32.06,55.32,80.1,32.56,28.64,62.77,48.0,47.54,67.05,63.91,0.0,49.48,52.0,46.04,50.0,32.45,74.03,50.01,66.71,27.66,48.27,54.49,39.36,25.55,51.22,46.01,45.0,56.08,25.0,50.21
59,82.46,89.55,38.05,66.03,20.0,8.94,76.94,26.0,12.17,84.85,96.21,90.62,52.61,59.93,80.62,15.62,55.32,18.97,36.06,23.41,60.3,51.61,26.0,100.5,84.85,54.63,34.18,73.54,72.28,53.37,45.61,72.14,29.53,48.66,100.0,54.04,67.94,75.07,21.63,89.2,18.44,93.51,63.56,64.5,60.46,16.97,34.0,54.59,80.62,32.31,85.6,71.02,22.0,90.35,12.0,7.21,59.06,54.59,49.48,0.0,8.0,14.14,12.17,75.24,46.04,22.02,89.59,75.24,1.41,26.25,69.89,26.02,90.24,23.6,58.25,17.0,56.29,25.94
60,84.76,85.91,30.07,66.27,26.83,8.94,76.11,33.53,15.62,86.35,90.91,87.93,44.72,63.81,76.97,10.77,47.54,26.68,28.07,16.12,61.61,47.41,18.0,96.6,79.4,47.41,32.25,76.94,70.71,52.15,37.95,66.6,22.8,40.79,95.41,46.04,62.29,70.0,26.91,86.83,13.42,87.68,60.73,56.57,54.04,12.65,34.93,56.32,82.0,25.06,79.4,70.11,23.41,86.93,20.0,4.47,52.15,47.71,52.0,8.0,0.0,22.09,20.1,75.03,38.05,30.02,85.48,76.3,9.06,18.79,67.68,26.93,88.81,17.8,54.12,9.0,55.15,19.21
61,78.23,95.6,52.15,65.97,14.14,18.97,78.43,12.81,15.62,82.02,105.0,95.02,66.27,53.37,86.83,27.2,68.73,8.94,50.16,36.5,58.55,59.46,40.05,106.83,94.02,67.05,39.7,67.47,75.15,56.36,59.67,81.61,41.76,62.29,107.52,68.12,77.67,83.74,16.12,93.06,31.3,103.23,68.82,78.64,71.55,27.86,34.93,52.35,78.1,45.12,96.04,72.8,24.41,96.02,2.83,20.1,70.94,66.48,46.04,14.14,22.09,0.0,4.47,75.69,60.0,8.54,96.43,73.44,13.04,39.46,73.93,28.3,92.48,35.11,65.76,31.06,59.03,38.33
62,82.39,97.65,50.0,69.43,10.77,18.87,81.61,16.97,17.2,86.0,106.15,97.53,64.78,57.72,88.81,26.83,67.47,7.21,48.0,35.44,62.29,60.83,38.05,108.81,95.02,66.48,41.62,71.81,78.0,59.09,56.89,82.46,41.23,60.83,109.12,66.0,78.41,84.9,20.0,95.71,27.86,104.02,71.02,76.24,71.69,27.78,37.95,56.14,82.02,44.27,96.52,75.89,26.83,98.18,2.0,18.97,70.68,66.21,50.0,12.17,20.1,4.47,0.0,79.08,58.14,10.05,98.23,77.23,11.4,38.33,76.48,30.87,95.52,34.89,67.27,29.07,61.85,37.7
63,26.48,38.12,83.38,9.85,89.74,67.03,6.08,71.59,63.51,20.12,60.21,29.41,81.27,38.28,34.37,65.28,79.2,84.48,82.64,68.88,19.21,40.8,77.62,47.3,56.04,68.88,43.42,34.71,13.0,23.77,94.94,52.35,64.2,79.08,54.23,90.74,52.7,47.93,59.77,25.63,87.37,65.31,26.25,101.26,60.14,63.29,41.44,25.24,16.76,67.42,66.13,7.81,53.34,36.35,77.13,71.0,65.76,64.54,32.45,75.24,75.03,75.69,79.08,0.0,83.24,80.99,43.0,12.0,74.33,69.64,19.24,49.25,19.1,62.37,38.18,75.8,20.88,65.25
64,102.18,76.03,8.94,77.67,63.56,42.43,81.44,70.46,49.03,100.44,70.88,82.87,8.49,88.81,68.26,34.93,12.81,64.5,10.77,24.74,77.9,43.08,20.1,84.21,59.67,20.4,45.34,99.16,73.54,60.46,14.14,48.37,23.32,6.32,79.25,8.94,44.18,54.15,60.17,83.55,34.93,64.62,59.46,20.59,32.25,35.44,56.04,74.97,96.02,18.87,54.63,76.03,50.16,78.1,58.03,40.05,26.68,24.08,74.03,46.04,38.05,60.0,58.14,83.24,0.0,68.07,73.06,89.63,47.01,21.84,68.01,51.0,89.84,29.55,47.8,29.07,62.97,25.08
65,81.02,102.94,60.01,71.17,12.53,27.51,84.17,11.18,23.85,85.59,113.07,101.79,74.55,55.15,94.26,35.74,77.1,6.4,58.01,44.91,63.06,67.48,48.01,114.21,102.2,75.58,47.38,69.26,81.49,62.97,66.91,89.87,50.29,70.58,115.26,76.01,85.98,91.83,21.47,99.64,37.64,111.5,76.06,86.28,80.06,36.4,41.34,56.75,81.88,53.6,104.45,78.72,31.83,103.23,10.05,28.44,79.48,75.03,50.01,22.02,30.02,8.54,10.05,80.99,68.07,0.0,104.0,77.67,21.1,47.85,80.71,35.47,98.41,43.66,73.66,39.01,65.51,46.84
66,69.18,5.83,77.78,47.85,108.6,80.71,37.01,97.74,81.06,61.66,17.72,17.49,67.07,77.88,10.3,74.79,63.2,105.12,78.09,72.24,57.01,38.08,78.45,11.4,18.6,53.01,56.73,77.32,31.4,43.57,87.14,25.18,65.19,67.01,12.08,77.16,29.02,19.03,83.49,21.02,93.78,24.7,28.6,84.34,41.01,73.06,63.89,60.75,59.21,65.8,29.83,37.34,72.18,8.6,96.67,83.01,47.1,49.01,66.71,89.59,85.48,96.43,98.23,43.0,73.06,104.0,0.0,55.0,89.31,71.17,27.51,68.59,31.78,67.98,31.38,81.54,42.06,68.15
67,14.87,50.09,88.68,12.04,87.57,67.74,18.03,67.45,63.13,10.82,72.17,41.0,88.62,29.0,46.27,67.45,87.0,81.88,87.71,72.62,15.0,48.84,81.54,59.03,67.68,77.1,46.62,23.09,24.52,29.21,100.34,63.16,68.88,86.05,66.19,97.62,63.06,59.14,57.31,37.11,89.27,77.1,36.24,108.58,69.4,65.52,41.44,21.1,6.4,72.56,77.49,18.68,53.34,48.26,75.24,72.01,74.65,72.92,27.66,75.24,76.3,73.44,77.23,12.0,89.63,77.67,55.0,0.0,74.17,73.82,30.36,49.5,29.07,65.92,47.43,78.45,26.91,69.35
68,81.25,89.19,39.12,65.07,19.85,8.6,76.12,24.7,11.05,83.73,96.18,90.08,53.46,58.6,80.26,15.81,56.09,18.38,37.12,24.04,59.21,51.4,27.02,100.17,84.86,55.15,33.62,72.24,71.57,52.63,46.84,72.18,29.97,49.5,99.81,55.08,68.01,75.01,20.25,88.6,19.85,93.61,63.07,65.62,60.75,17.03,33.02,53.46,79.51,32.89,85.8,70.21,21.02,89.94,11.05,7.62,59.48,55.01,48.27,1.41,9.06,13.04,11.4,74.33,47.01,21.1,89.31,74.17,0.0,26.93,69.29,25.08,89.5,23.85,58.01,18.03,55.54,26.4
69,84.91,72.53,16.4,62.39,45.62,21.0,69.23,49.04,27.29,84.53,74.33,76.53,27.0,68.68,63.79,13.15,29.27,45.22,14.87,3.0,60.54,34.37,8.06,82.54,62.68,28.65,27.29,80.06,62.39,45.88,27.59,49.93,6.08,23.0,80.06,30.68,45.49,54.12,38.33,76.16,22.83,70.29,50.01,42.15,36.07,13.6,36.07,56.61,80.06,6.4,61.52,63.35,28.65,73.98,37.85,19.42,33.6,29.21,54.49,26.25,18.79,39.46,38.33,69.64,21.84,47.85,71.17,73.82,26.93,0.0,58.03,30.0,80.16,8.49,40.79,11.31,48.76,4.47
70,45.22,24.19,69.63,21.0,87.21,61.03,14.87,73.11,59.51,39.36,43.19,21.1,64.85,50.45,17.46,57.07,62.27,82.86,69.23,58.01,29.61,25.0,66.07,35.23,37.48,51.62,35.74,51.04,6.4,17.8,80.78,33.12,52.09,63.16,39.56,74.73,33.6,28.79,59.41,19.31,78.52,47.17,8.54,84.6,41.87,55.11,39.41,33.24,35.85,54.45,47.13,11.7,49.65,23.6,74.71,64.29,47.8,47.17,39.36,69.89,67.68,73.93,76.48,19.24,68.01,80.71,27.51,30.36,69.29,58.03,0.0,45.65,22.2,52.15,20.59,66.27,15.56,54.0
71,57.94,67.48,46.4,40.01,41.63,18.25,51.2,29.68,14.32,59.44,78.49,66.73,54.08,38.9,58.8,19.42,54.82,37.22,44.82,27.66,34.71,33.12,36.07,78.75,68.1,49.16,12.53,51.04,47.17,28.23,57.38,56.36,27.73,50.33,79.98,59.94,52.92,57.45,15.26,64.85,40.16,77.83,40.61,71.59,49.65,17.8,8.06,29.41,55.11,32.2,71.87,45.35,4.12,67.8,29.07,22.56,51.04,47.0,25.55,26.02,26.93,28.3,30.87,49.25,51.0,35.47,68.59,49.5,25.08,30.0,45.65,0.0,64.85,21.63,38.83,30.53,31.02,26.08
72,40.79,26.0,91.78,28.43,106.28,81.58,14.42,89.55,79.12,32.25,49.4,14.56,86.16,57.2,26.91,78.41,83.26,101.39,91.41,80.02,38.21,47.07,88.2,32.06,48.83,72.5,56.57,52.0,18.11,36.88,102.84,49.68,74.24,84.76,40.79,96.21,51.61,43.86,76.97,10.77,100.18,56.36,30.59,105.6,61.77,76.42,57.58,44.05,31.05,76.66,60.0,19.7,68.96,23.41,93.64,85.16,68.0,68.03,51.22,90.24,88.81,92.48,95.52,19.1,89.84,98.41,31.78,29.07,89.5,80.16,22.2,64.85,0.0,74.01,42.06,88.05,33.96,76.06
73,76.66,68.71,24.84,54.71,43.6,16.16,62.39,43.19,21.1,76.56,73.11,71.59,33.54,60.21,59.81,8.06,35.06,42.06,23.35,6.71,52.35,30.08,15.65,79.2,61.62,32.02,19.31,71.59,56.01,38.64,36.07,48.84,7.0,29.61,77.7,38.48,44.55,52.2,31.26,70.86,26.48,70.04,44.55,50.09,36.89,7.28,27.59,48.26,72.09,11.18,62.01,56.44,20.62,69.89,34.01,16.4,35.85,31.38,46.01,23.6,17.8,35.11,34.89,62.37,29.55,43.66,67.98,65.92,23.85,8.49,52.15,21.63,74.01,0.0,36.77,14.14,41.59,4.47
74,61.91,31.95,50.25,35.85,77.47,49.41,35.0,68.51,50.21,57.63,39.66,36.01,44.28,59.3,23.09,43.42,41.68,74.28,50.09,41.48,40.8,6.71,48.51,42.49,29.55,31.06,26.4,64.2,26.63,21.38,61.0,19.1,34.71,42.72,41.87,54.23,17.12,18.79,54.08,36.12,62.94,39.56,12.21,64.01,22.02,41.68,35.85,41.44,53.6,36.12,35.23,30.41,42.01,33.24,65.8,51.62,27.59,26.63,45.0,58.25,54.12,65.76,67.27,38.18,47.8,73.66,31.38,47.43,58.01,40.79,20.59,38.83,42.06,36.77,0.0,50.6,22.14,37.36
75,88.14,82.54,21.1,67.68,35.11,15.26,76.16,42.2,22.47,88.87,85.45,85.7,35.9,69.03,73.68,11.18,38.9,35.51,19.1,9.43,64.26,43.97,9.0,92.85,73.82,39.66,32.39,81.54,70.01,52.24,29.55,61.03,16.64,32.02,90.82,37.05,56.61,65.0,34.13,85.0,12.37,81.57,58.69,47.68,47.38,13.0,38.01,59.51,84.43,17.69,72.84,70.18,27.8,83.82,29.0,11.7,44.82,40.46,56.08,17.0,9.0,31.06,29.07,75.8,29.07,39.01,81.54,78.45,18.03,11.31,66.27,30.53,88.05,14.14,50.6,0.0,55.23,13.42
76,40.61,39.41,62.65,14.87,72.62,47.68,21.0,57.63,45.22,37.64,56.04,36.4,61.72,38.01,31.76,45.0,60.11,67.98,61.85,48.05,18.68,22.2,56.75,50.61,48.26,50.33,23.0,42.06,16.16,3.0,74.25,40.31,43.32,59.2,54.12,70.8,39.05,38.01,44.1,34.13,67.03,58.42,14.32,81.69,43.42,43.0,24.19,20.02,33.3,46.62,56.08,15.0,35.11,39.05,60.01,51.35,48.26,46.23,25.0,56.29,55.15,59.03,61.85,20.88,62.97,65.51,42.06,26.91,55.54,48.76,15.56,31.02,33.96,41.59,22.14,55.23,0.0,44.38
77,80.45,69.26,20.52,57.94,45.79,19.42,64.94,47.04,25.0,80.06,72.2,72.84,29.27,64.54,60.44,11.18,31.0,44.78,19.1,4.12,56.08,30.81,12.37,79.48,60.61,28.79,22.83,75.74,58.22,41.48,31.89,47.8,3.61,25.32,77.41,34.01,43.42,51.62,35.51,72.34,25.63,68.62,46.1,45.62,34.83,11.0,31.83,52.2,75.58,7.0,60.21,59.03,25.08,70.6,37.0,18.79,33.12,28.65,50.21,25.94,19.21,38.33,37.7,65.25,25.08,46.84,68.15,69.35,26.4,4.47,54.0,26.08,76.06,4.47,37.36,13.42,44.38,0.0
