vehicles
vehicle_idx, capacity, cost_per_unit_distance
1,100,3
2,100,3
3,100,3
4,100,3
5,100,3
6,100,3
7,100,3
8,100,3
9,100,3
depot
node_idx,x,y
0,91,93
home delivery customers
node_idx,x,y,service_time,demand
1,7,5,10,4
2,21,47,10,22
3,99,81,10,18
4,53,83,10,2
5,59,65,10,5
6,67,21,10,21
7,59,89,10,15
8,41,25,10,19
9,59,83,10,21
10,83,97,10,22
11,83,13,10,15
12,31,83,10,15
13,65,17,10,6
14,59,23,10,14
15,23,21,10,22
16,17,11,10,3
17,21,59,10,15
18,21,69,10,2
19,71,13,10,21
20,41,97,10,23
21,1,75,10,20
22,45,71,10,18
self pickup customers
node_idx,x,y,service_time,demand,locker_idxs
23,27,91,10,18,66
24,33,11,10,14,64
25,19,99,10,5,66
26,69,79,10,7,70-63-67
27,11,73,10,20,66
28,59,45,10,7,74
29,95,23,10,15,65-68
30,71,35,10,24,77
31,37,97,10,14,66
32,19,63,10,23,72-66
33,89,7,10,15,71-65
34,19,41,10,23,72
35,83,61,10,26,74
36,35,11,10,2,73
37,63,13,10,12,68
38,49,21,10,4,69-68
39,77,73,10,24,67-63
40,57,1,10,17,71
41,41,55,10,19,76-72-74
42,45,13,10,8,75-73-77-69-64
flexible customers
node_idx,x,y,service_time,demand,locker_idxs
43,59,25,10,9,77-69-68
44,21,35,10,19,64
45,71,47,10,20,69-74
46,87,1,10,11,71-65
47,79,67,10,10,74-67
48,27,1,10,20,73-64
49,81,93,10,1,67-63
50,73,25,10,14,77-69-68-65
51,3,65,10,22,66
52,5,83,10,6,66
53,29,93,10,14,66
54,19,21,10,2,64
55,97,67,10,21,67
56,17,25,10,26,64
57,45,27,10,15,73-77-69-64
58,23,39,10,7,64
59,11,93,10,20,66
60,83,31,10,10,68-65
61,85,15,10,4,65-68
62,83,11,10,2,65-68
lockers
node_idx,x,y,service_time,capacity,cost_per_unit_good
63,65,88,10,99
64,25,15,10,79
65,93,12,10,77
66,22,88,10,90
67,77,88,10,83
68,72,14,10,81
69,52,28,10,73
70,60,88,10,76
71,74,0,10,72
72,31,63,10,88
73,33,7,10,96
74,57,68,10,95
75,50,3,10,76
76,47,79,10,86
77,54,23,10,78
mrt lines
start_node_idx,end_node_idx,freight_capacity,cost_per_unit_good
63,64,99,0.1
64,63,99,0.1
65,66,90,0.1
66,65,90,0.1
67,68,83,0.1
68,67,83,0.1
distance matrix
,0,1,2,3,4,5,6,7,8,9,10,11,12,13,14,15,16,17,18,19,20,21,22,23,24,25,26,27,28,29,30,31,32,33,34,35,36,37,38,39,40,41,42,43,44,45,46,47,48,49,50,51,52,53,54,55,56,57,58,59,60,61,62,63,64,65,66,67,68,69,70,71,72,73,74,75,76,77,
0,0.0,121.66,83.76,14.42,39.29,42.52,75.89,32.25,84.4,33.53,8.94,80.4,60.83,80.32,76.97,99.04,110.45,77.82,74.0,82.46,50.16,91.78,50.99,64.03,100.44,72.25,26.08,82.46,57.69,70.11,61.35,54.15,78.0,86.02,88.81,32.98,99.3,84.76,83.35,24.41,98.08,62.8,92.28,75.15,90.91,50.16,92.09,28.64,112.07,10.0,70.34,92.35,86.58,62.0,101.82,26.68,100.5,80.45,86.83,80.0,62.51,78.23,82.39,26.48,102.18,81.02,69.18,14.87,81.25,75.8,31.4,94.54,67.08,103.73,42.2,98.9,46.17,79.18
1,121.66,0.0,44.27,119.33,90.55,79.4,62.1,98.79,39.45,93.74,119.33,76.42,81.61,59.23,55.03,22.63,11.66,55.79,65.51,64.5,98.08,70.26,76.16,88.29,26.68,94.76,96.54,68.12,65.6,89.82,70.68,96.77,59.23,82.02,37.95,94.4,28.64,56.57,44.94,97.59,50.16,60.46,38.83,55.71,33.11,76.55,80.1,95.02,20.4,114.98,68.96,60.13,78.03,90.71,20.0,109.29,22.36,43.91,37.58,88.09,80.32,78.64,76.24,101.26,20.59,86.28,84.34,108.58,65.62,50.54,98.48,67.19,62.77,26.08,80.43,43.05,84.12,50.33
2,83.76,44.27,0.0,85.09,48.17,42.05,52.84,56.64,29.73,52.35,79.65,70.71,37.36,53.25,44.94,26.08,36.22,12.0,22.0,60.46,53.85,34.41,33.94,44.41,37.95,52.04,57.69,27.86,38.05,77.79,51.42,52.5,16.12,78.89,6.32,63.56,38.63,54.04,38.21,61.74,58.41,21.54,41.62,43.91,12.0,50.0,80.45,61.35,46.39,75.6,56.46,25.46,39.4,46.69,26.08,78.59,22.36,31.24,8.25,47.07,64.03,71.55,71.69,60.14,32.25,80.06,41.01,69.4,60.75,36.36,56.59,70.84,18.87,41.76,41.68,52.7,41.23,40.8
3,14.42,119.33,85.09,0.0,46.04,43.08,68.0,40.79,80.62,40.05,22.63,69.86,68.03,72.47,70.46,96.83,107.81,81.04,78.92,73.54,60.17,98.18,54.92,72.69,96.21,82.0,30.07,88.36,53.81,58.14,53.85,64.03,82.0,74.67,89.44,25.61,94.85,76.94,78.1,23.41,90.35,63.56,86.83,68.82,90.55,44.05,80.89,24.41,107.63,21.63,61.74,97.32,94.02,71.02,100.0,14.14,99.3,76.37,86.83,88.81,52.5,67.47,71.81,34.71,99.16,69.26,77.32,23.09,72.24,70.84,39.62,84.77,70.34,99.16,43.97,92.11,52.04,73.41
4,39.29,90.55,48.17,46.04,0.0,18.97,63.56,8.49,59.23,6.0,33.11,76.16,22.0,67.08,60.3,68.88,80.5,40.0,34.93,72.28,18.44,52.61,14.42,27.2,74.73,37.58,16.49,43.17,38.47,73.24,51.26,21.26,39.45,84.1,54.04,37.2,74.22,70.71,62.13,26.0,82.1,30.46,70.46,58.31,57.69,40.25,88.77,30.53,86.02,29.73,61.35,53.14,48.0,26.0,70.71,46.82,68.26,56.57,53.25,43.17,60.03,75.15,78.0,13.0,73.54,81.49,31.4,24.52,71.57,55.01,8.6,85.62,29.73,78.59,15.52,80.06,7.21,60.01
5,42.52,79.4,42.05,43.08,18.97,0.0,44.72,24.0,43.86,18.0,40.0,57.27,33.29,48.37,42.0,56.85,68.41,38.47,38.21,53.37,36.72,58.86,15.23,41.23,59.93,52.5,17.2,48.66,20.0,55.32,32.31,38.83,40.05,65.3,46.65,24.33,59.09,52.15,45.12,19.7,64.03,20.59,53.85,40.0,48.41,21.63,69.86,20.1,71.55,35.61,42.38,56.0,56.92,41.04,59.46,38.05,58.0,40.5,44.41,55.57,41.62,56.36,59.09,23.77,60.46,62.97,43.57,29.21,52.63,37.66,23.02,66.71,28.07,63.56,3.61,62.65,18.44,42.3
6,75.89,62.1,52.84,68.0,63.56,44.72,0.0,68.47,26.31,62.51,77.67,17.89,71.69,4.47,8.25,44.0,50.99,59.67,66.48,8.94,80.32,85.28,54.63,80.62,35.44,91.59,58.03,76.42,25.3,28.07,14.56,81.71,63.78,26.08,52.0,43.08,33.53,8.94,18.0,52.95,22.36,42.8,23.41,8.94,48.08,26.31,28.28,47.54,44.72,73.35,7.21,77.67,87.68,81.41,48.0,54.92,50.16,22.8,47.54,91.21,18.87,18.97,18.87,67.03,42.43,27.51,80.71,67.74,8.6,16.55,67.36,22.14,55.32,36.77,48.05,24.76,61.35,13.15
7,32.25,98.79,56.64,40.79,8.49,24.0,68.47,0.0,66.48,6.0,25.3,79.7,28.64,72.25,66.0,76.94,88.59,48.41,42.94,76.94,19.7,59.67,22.8,32.06,82.22,41.23,14.14,50.6,44.0,75.18,55.32,23.41,47.71,87.32,62.48,36.88,81.61,76.11,68.73,24.08,88.02,38.47,77.28,64.0,66.03,43.68,92.35,29.73,93.64,22.36,65.51,60.93,54.33,30.27,78.89,43.91,76.55,63.56,61.61,48.17,62.77,78.43,81.61,6.08,81.44,84.17,37.01,18.03,76.12,61.4,1.41,90.26,38.21,86.02,21.1,86.47,15.62,66.19
8,84.4,39.45,29.73,80.62,59.23,43.86,26.31,66.48,0.0,60.73,83.35,43.68,58.86,25.3,18.11,18.44,27.78,39.45,48.33,32.31,72.0,64.03,46.17,67.47,16.12,77.2,60.83,56.6,26.91,54.04,31.62,72.11,43.91,51.26,27.2,55.32,15.23,25.06,8.94,60.0,28.84,30.0,12.65,18.0,22.36,37.2,51.88,56.64,27.78,78.89,32.0,55.17,68.26,69.05,22.36,70.0,24.0,4.47,22.8,74.32,42.43,45.12,44.27,67.42,18.87,53.6,65.8,72.56,32.89,11.4,65.8,41.4,39.29,19.7,45.88,23.77,54.33,13.15
9,33.53,93.74,52.35,40.05,6.0,18.0,62.51,6.0,60.73,0.0,27.78,74.0,28.0,66.27,60.0,71.69,83.35,44.94,40.5,71.02,22.8,58.55,18.44,32.98,76.55,43.08,10.77,49.03,38.0,69.97,49.48,26.08,44.72,81.71,58.0,32.56,75.89,70.11,62.8,20.59,82.02,33.29,71.39,58.0,61.22,37.95,86.65,25.61,88.02,24.17,59.67,58.82,54.0,31.62,73.78,41.23,71.61,57.72,56.85,49.03,57.27,72.8,75.89,7.81,76.03,78.72,37.34,18.68,70.21,55.44,5.1,84.34,34.41,80.32,15.13,80.5,12.65,60.21
10,8.94,119.33,79.65,22.63,33.11,40.0,77.67,25.3,83.35,27.78,0.0,84.0,53.85,82.0,77.79,96.83,108.41,72.72,68.03,84.85,42.0,84.9,46.04,56.32,99.48,64.03,22.8,75.89,57.27,74.97,63.15,46.0,72.47,90.2,85.04,36.0,98.49,86.35,83.26,24.74,99.46,59.4,92.2,75.89,87.68,51.42,96.08,30.27,111.14,4.47,72.69,86.16,79.25,54.15,99.36,33.11,97.67,79.65,83.45,72.11,66.0,82.02,86.0,20.12,100.44,85.59,61.66,10.82,83.73,75.64,24.7,97.42,62.13,102.96,38.95,99.62,40.25,79.48
11,80.4,76.42,70.71,69.86,76.16,57.27,17.89,79.7,43.68,74.0,84.0,0.0,87.2,18.44,26.0,60.53,66.03,77.2,83.55,12.0,93.91,102.8,69.34,96.02,50.04,107.2,67.47,93.72,40.0,15.62,25.06,95.77,81.22,8.49,69.86,48.0,48.04,20.0,34.93,60.3,28.64,59.4,38.0,26.83,65.79,36.06,12.65,54.15,57.27,80.02,15.62,95.41,104.8,96.52,64.5,55.79,67.08,40.5,65.39,107.63,18.0,2.83,2.0,77.13,58.03,10.05,96.67,75.24,11.05,34.44,78.45,15.81,72.14,50.36,60.84,34.48,75.18,30.68
12,60.83,81.61,37.36,68.03,22.0,33.29,71.69,28.64,58.86,28.0,53.85,87.2,0.0,74.24,66.21,62.51,73.35,26.0,17.2,80.62,17.2,31.05,18.44,8.94,72.03,20.0,38.21,22.36,47.2,87.73,62.48,15.23,23.32,95.6,43.68,56.46,72.11,76.97,64.56,47.07,86.02,29.73,71.39,64.4,49.03,53.81,99.3,50.6,82.1,50.99,71.61,33.29,26.0,10.2,63.15,67.91,59.67,57.72,44.72,22.36,73.54,86.83,88.81,34.37,68.26,94.26,10.3,46.27,80.26,58.87,29.43,93.48,20.0,76.03,30.02,82.23,16.49,64.26
13,80.32,59.23,53.25,72.47,67.08,48.37,4.47,72.25,25.3,66.27,82.0,18.44,74.24,0.0,8.49,42.19,48.37,60.83,68.12,7.21,83.52,86.37,57.58,83.19,32.56,94.02,62.13,77.79,28.64,30.59,18.97,84.76,65.05,26.0,51.88,47.54,30.59,4.47,16.49,57.27,17.89,44.94,20.4,10.0,47.54,30.59,27.2,51.92,41.23,77.67,11.31,78.41,89.2,84.1,46.17,59.36,48.66,22.36,47.41,93.23,22.8,20.1,18.97,71.0,40.05,28.44,83.01,72.01,7.62,17.03,71.18,19.24,57.2,33.53,51.62,20.52,64.56,12.53
14,76.97,55.03,44.94,70.46,60.3,42.0,8.25,66.0,18.11,60.0,77.79,26.0,66.21,8.49,0.0,36.06,43.68,52.35,59.67,15.62,76.16,77.9,50.0,75.15,28.64,85.88,56.89,69.31,22.0,36.0,16.97,77.2,56.57,34.0,43.86,44.94,26.83,10.77,10.2,53.14,22.09,36.72,17.2,2.0,39.85,26.83,35.61,48.33,38.83,73.38,14.14,70.0,80.72,76.16,40.05,58.14,42.05,14.56,39.4,84.88,25.3,27.2,26.83,65.28,34.93,35.74,74.79,67.45,15.81,8.6,65.01,27.46,48.83,30.53,45.04,21.93,57.27,5.0
15,99.04,22.63,26.08,96.83,68.88,56.85,44.0,76.94,18.44,71.69,96.83,60.53,62.51,42.19,36.06,0.0,11.66,38.05,48.04,48.66,78.1,58.31,54.63,70.11,14.14,78.1,74.03,53.37,43.27,72.03,50.0,77.28,42.19,67.47,20.4,72.11,15.62,40.79,26.0,74.97,39.45,38.47,23.41,36.22,14.14,54.59,67.05,72.47,20.4,92.46,50.16,48.33,64.56,72.25,4.0,87.13,7.21,22.8,18.0,72.99,60.83,62.29,60.83,79.08,6.32,70.58,67.01,86.05,49.5,29.83,76.54,55.15,42.76,17.2,58.01,32.45,62.77,31.06
16,110.45,11.66,36.22,107.81,80.5,68.41,50.99,88.59,27.78,83.35,108.41,66.03,73.35,48.37,43.68,11.66,0.0,48.17,58.14,54.04,89.29,65.97,66.21,80.62,16.0,88.02,85.6,62.29,54.04,78.92,59.09,88.29,52.04,72.11,30.07,82.8,18.0,46.04,33.53,86.28,41.23,50.12,28.07,44.27,24.33,64.9,70.71,83.55,14.14,104.02,57.72,55.79,72.99,82.87,10.2,97.65,14.0,32.25,28.64,82.22,68.96,68.12,66.0,90.74,8.94,76.01,77.16,97.62,55.08,38.91,88.19,58.05,53.85,16.49,69.63,33.96,74.32,38.9
17,77.82,55.79,12.0,81.04,40.0,38.47,59.67,48.41,39.45,44.94,72.72,77.2,26.0,60.83,52.35,38.05,48.17,0.0,10.0,67.94,42.94,25.61,26.83,32.56,49.48,40.05,52.0,17.2,40.5,82.29,55.46,41.23,4.47,85.6,18.11,62.03,50.0,62.29,47.2,57.72,68.26,20.4,51.88,50.99,24.0,51.42,87.86,58.55,58.31,68.96,62.13,18.97,28.84,34.93,38.05,76.42,34.23,40.0,20.1,35.44,68.03,77.67,78.41,52.7,44.18,85.98,29.02,63.06,68.01,43.84,48.6,79.31,10.77,53.37,37.11,63.06,32.8,48.84
18,74.0,65.51,22.0,78.92,34.93,38.21,66.48,42.94,48.33,40.5,68.03,83.55,17.2,68.12,59.67,48.04,58.14,10.0,0.0,75.07,34.41,20.88,24.08,22.8,59.23,30.07,49.03,10.77,44.94,87.13,60.46,32.25,6.32,92.02,28.07,62.51,59.67,70.0,55.57,56.14,76.94,24.41,60.93,58.14,34.0,54.63,94.76,58.03,68.26,64.62,68.12,18.44,21.26,25.3,48.04,76.03,44.18,48.37,30.07,26.0,72.72,83.74,84.9,47.93,54.15,91.83,19.03,59.14,75.01,51.4,43.38,87.01,11.66,63.15,36.01,72.09,27.86,56.61
19,82.46,64.5,60.46,73.54,72.28,53.37,8.94,76.94,32.31,71.02,84.85,12.0,80.62,7.21,15.62,48.66,54.04,67.94,75.07,0.0,89.2,93.51,63.56,89.55,38.05,100.5,66.03,84.85,34.18,26.0,22.0,90.62,72.14,18.97,59.06,49.48,36.06,8.0,23.41,60.3,18.44,51.61,26.0,16.97,54.63,34.0,20.0,54.59,45.61,80.62,12.17,85.6,96.21,90.35,52.61,59.93,55.32,29.53,54.59,100.0,21.63,14.14,12.17,75.24,46.04,22.02,89.59,75.24,1.41,24.21,75.8,13.34,64.03,38.47,56.75,23.26,70.23,19.72
20,50.16,98.08,53.85,60.17,18.44,36.72,80.32,19.7,72.0,22.8,42.0,93.91,17.2,83.52,76.16,78.1,89.29,42.94,34.41,89.2,0.0,45.65,26.31,15.23,86.37,22.09,33.29,38.42,55.03,91.61,68.88,4.0,40.5,102.0,60.17,55.32,86.21,86.83,76.42,43.27,97.32,42.0,84.1,74.22,65.15,58.31,106.45,48.41,97.02,40.2,78.79,49.68,38.63,12.65,79.12,63.53,75.89,70.11,60.73,30.27,78.23,93.06,95.71,25.63,83.55,99.64,21.02,37.11,88.6,69.87,21.02,102.46,35.44,90.35,33.12,94.43,18.97,75.13
21,91.78,70.26,34.41,98.18,52.61,58.86,85.28,59.67,64.03,58.55,84.9,102.8,31.05,86.37,77.9,58.31,65.97,25.61,20.88,93.51,45.65,0.0,44.18,30.53,71.55,30.0,68.12,10.2,65.3,107.42,80.62,42.19,21.63,111.21,38.47,83.19,72.47,87.68,72.25,76.03,92.8,44.72,76.03,76.58,44.72,75.39,113.45,78.41,78.43,82.0,87.66,10.2,8.94,33.29,56.92,96.33,52.5,65.12,42.19,20.59,93.06,103.23,104.02,65.31,64.62,111.5,24.7,77.1,93.61,69.35,60.42,104.66,32.31,75.15,56.44,87.09,46.17,74.25
22,50.99,76.16,33.94,54.92,14.42,15.23,54.63,22.8,46.17,18.44,46.04,69.34,18.44,57.58,50.0,54.63,66.21,26.83,24.08,63.56,26.31,44.18,0.0,26.91,61.19,38.21,25.3,34.06,29.53,69.31,44.41,27.2,27.2,77.67,39.7,39.29,60.83,60.73,50.16,32.06,71.02,16.49,58.0,48.08,43.27,35.38,81.63,34.23,72.28,42.19,53.85,42.43,41.76,27.2,56.36,52.15,53.85,44.0,38.83,40.5,55.17,68.82,71.02,26.25,59.46,76.06,28.6,36.24,63.07,43.57,22.67,76.69,16.12,65.12,12.37,68.18,8.25,48.84
23,64.03,88.29,44.41,72.69,27.2,41.23,80.62,32.06,67.47,32.98,56.32,96.02,8.94,83.19,75.15,70.11,80.62,32.56,22.8,89.55,15.23,30.53,26.91,0.0,80.22,11.31,43.68,24.08,56.04,96.17,71.22,11.66,29.12,104.4,50.64,63.53,80.4,85.91,73.38,53.14,94.87,38.63,80.05,73.35,56.32,62.23,108.17,57.27,90.0,54.04,80.45,35.38,23.41,2.83,70.46,74.0,66.75,66.48,52.15,16.12,82.07,95.6,97.65,38.12,76.03,102.94,5.83,50.09,89.19,67.78,33.14,102.42,28.28,84.21,37.8,90.96,23.32,73.16
24,100.44,26.68,37.95,96.21,74.73,59.93,35.44,82.22,16.12,76.55,99.48,50.04,72.03,32.56,28.64,14.14,16.0,49.48,59.23,38.05,86.37,71.55,61.19,80.22,0.0,89.11,76.94,65.79,42.8,63.15,44.94,86.09,53.85,56.14,33.11,70.71,2.0,30.07,18.87,76.03,26.0,44.72,12.17,29.53,26.83,52.35,54.92,72.47,11.66,95.02,42.38,61.77,77.25,82.1,17.2,85.04,21.26,20.0,29.73,84.9,53.85,52.15,50.0,83.38,8.94,60.01,77.78,88.68,39.12,25.5,81.6,42.45,52.04,4.0,61.85,18.79,69.43,24.19
25,72.25,94.76,52.04,82.0,37.58,52.5,91.59,41.23,77.2,43.08,64.03,107.2,20.0,94.02,85.88,78.1,88.02,40.05,30.07,100.5,22.09,30.0,38.21,11.31,89.11,0.0,53.85,27.2,67.2,107.48,82.46,18.11,36.0,115.6,58.0,74.43,89.44,96.6,83.57,63.56,105.11,49.19,89.84,84.12,64.03,73.54,119.28,68.0,98.33,62.29,91.61,37.58,21.26,11.66,78.0,84.31,74.03,76.55,60.13,10.0,93.38,106.83,108.81,47.3,84.21,114.21,11.4,59.03,100.17,78.29,42.45,113.25,37.95,93.06,49.04,100.88,34.41,83.67
26,26.08,96.54,57.69,30.07,16.49,17.2,58.03,14.14,60.83,10.77,22.8,67.47,38.21,62.13,56.89,74.03,85.6,52.0,49.03,66.03,33.29,68.12,25.3,43.68,76.94,53.85,0.0,58.31,35.44,61.74,44.05,36.72,52.5,74.73,62.8,22.8,76.03,66.27,61.35,10.0,78.92,36.88,70.23,54.92,65.12,32.06,80.05,15.62,88.59,18.44,54.15,67.47,64.12,42.38,76.58,30.46,74.97,57.27,60.96,59.67,50.0,65.97,69.43,9.85,77.67,71.17,47.85,12.04,65.07,53.76,12.73,79.16,41.23,80.5,16.28,78.34,22.0,57.97
27,82.46,68.12,27.86,88.36,43.17,48.66,76.42,50.6,56.6,49.03,75.89,93.72,22.36,77.79,69.31,53.37,62.29,17.2,10.77,84.85,38.42,10.2,34.06,24.08,65.79,27.2,58.31,0.0,55.57,97.75,71.02,35.38,12.81,102.18,32.98,72.99,66.48,79.4,64.4,66.0,85.44,34.99,68.96,67.88,39.29,65.39,104.69,68.26,73.76,72.8,78.41,11.31,11.66,26.91,52.61,86.21,48.37,57.2,36.06,20.0,83.35,94.02,95.02,56.04,59.67,102.2,18.6,67.68,84.86,60.88,51.24,96.43,22.36,69.57,46.27,80.13,36.5,65.95
28,57.69,65.6,38.05,53.81,38.47,20.0,25.3,44.0,26.91,38.0,57.27,40.0,47.2,28.64,22.0,43.27,54.04,40.5,44.94,34.18,55.03,65.3,29.53,56.04,42.8,67.2,35.44,55.57,0.0,42.19,15.62,56.46,43.86,48.41,40.2,28.84,41.62,32.25,26.0,33.29,44.05,20.59,34.93,20.0,39.29,12.17,52.15,29.73,54.41,52.8,24.41,59.46,66.03,56.6,46.65,43.91,46.52,22.8,36.5,67.88,27.78,39.7,41.62,43.42,45.34,47.38,56.73,46.62,33.62,18.38,43.01,47.43,33.29,46.04,23.09,42.95,36.06,22.56
29,70.11,89.82,77.79,58.14,73.24,55.32,28.07,75.18,54.04,69.97,74.97,15.62,87.73,30.59,36.0,72.03,78.92,82.29,87.13,26.0,91.61,107.42,69.31,96.17,63.15,107.48,61.74,97.75,42.19,0.0,26.83,94.02,85.88,17.09,78.1,39.85,61.19,33.53,46.04,53.14,43.91,62.77,50.99,36.06,74.97,33.94,23.41,46.82,71.47,71.39,22.09,101.13,108.17,96.21,76.03,44.05,78.03,50.16,73.76,109.34,14.42,12.81,16.97,71.59,70.46,11.18,97.74,67.45,24.7,43.29,73.82,31.14,75.47,64.03,58.9,49.24,73.76,41.0
30,61.35,70.68,51.42,53.85,51.26,32.31,14.56,55.32,31.62,49.48,63.15,25.06,62.48,18.97,16.97,50.0,59.09,55.46,60.46,22.0,68.88,80.62,44.41,71.22,44.94,82.46,44.05,71.02,15.62,26.83,0.0,70.71,59.06,33.29,52.35,28.64,43.27,23.41,26.08,38.47,36.77,36.06,34.06,15.62,50.0,12.0,37.58,32.98,55.61,58.86,10.2,74.32,81.61,71.61,53.85,41.23,54.92,27.2,48.17,83.45,12.65,24.41,26.83,53.34,50.16,31.83,72.18,53.34,21.02,20.25,54.13,35.13,48.83,47.2,35.85,38.28,50.12,20.81
31,54.15,96.77,52.5,64.03,21.26,38.83,81.71,23.41,72.11,26.08,46.0,95.77,15.23,84.76,77.2,77.28,88.29,41.23,32.25,90.62,4.0,42.19,27.2,11.66,86.09,18.11,36.72,35.38,56.46,94.02,70.71,0.0,38.47,103.94,58.82,58.41,86.02,87.93,76.94,46.65,98.06,42.19,84.38,75.29,64.03,60.46,108.24,51.61,96.52,44.18,80.5,46.69,34.93,8.94,78.1,67.08,74.73,70.46,59.67,26.31,80.45,95.02,97.53,29.41,82.87,101.79,17.49,41.0,90.08,70.61,24.7,103.82,34.53,90.09,35.23,94.89,20.59,75.93
32,78.0,59.23,16.12,82.0,39.45,40.05,63.78,47.71,43.91,44.72,72.47,81.22,23.32,65.05,56.57,42.19,52.04,4.47,6.32,72.14,40.5,21.63,27.2,29.12,53.85,36.0,52.5,12.81,43.86,85.88,59.06,38.47,0.0,89.64,22.0,64.03,54.41,66.6,51.61,58.86,72.72,23.41,56.36,55.17,28.07,54.41,92.02,60.13,62.51,68.88,66.03,16.12,24.41,31.62,42.0,78.1,38.05,44.41,24.33,31.05,71.55,81.61,82.46,52.35,48.37,89.87,25.18,63.16,72.18,48.1,48.02,83.63,12.0,57.72,38.33,67.54,32.25,53.15
33,86.02,82.02,78.89,74.67,84.1,65.3,26.08,87.32,51.26,81.71,90.2,8.49,95.6,26.0,34.0,67.47,72.11,85.6,92.02,18.97,102.0,111.21,77.67,104.4,56.14,115.6,74.73,102.18,48.41,17.09,33.29,103.94,89.64,0.0,77.82,54.33,54.15,26.68,42.38,67.08,32.56,67.88,44.41,34.99,73.54,43.86,6.32,60.83,62.29,86.37,24.08,103.73,113.28,104.86,71.39,60.53,74.22,48.33,73.35,116.1,24.74,8.94,7.21,84.48,64.5,6.4,105.12,81.88,18.38,42.54,86.03,16.55,80.62,56.0,68.88,39.2,83.35,38.48
34,88.81,37.95,6.32,89.44,54.04,46.65,52.0,62.48,27.2,58.0,85.04,69.86,43.68,51.88,43.86,20.4,30.07,18.11,28.07,59.06,60.17,38.47,39.7,50.64,33.11,58.0,62.8,32.98,40.2,78.1,52.35,58.82,22.0,77.82,0.0,67.05,34.0,52.15,36.06,66.24,55.17,26.08,38.21,43.08,6.32,52.35,78.89,65.39,40.79,80.92,56.32,28.84,44.27,52.95,20.0,82.22,16.12,29.53,4.47,52.61,64.78,70.94,70.68,65.76,26.68,79.48,47.1,74.65,59.48,35.47,62.37,68.6,25.06,36.77,46.62,49.04,47.2,39.36
35,32.98,94.4,63.56,25.61,37.2,24.33,43.08,36.88,55.32,32.56,36.0,48.0,56.46,47.54,44.94,72.11,82.8,62.03,62.51,49.48,55.32,83.19,39.29,63.53,70.71,74.43,22.8,72.99,28.84,39.85,28.64,58.41,64.03,54.33,67.05,0.0,69.31,52.0,52.5,13.42,65.39,42.43,61.22,43.27,67.23,18.44,60.13,7.21,82.07,32.06,37.36,80.1,81.04,62.77,75.47,15.23,75.18,50.99,63.91,78.79,30.0,46.04,50.0,32.45,74.03,50.01,66.71,27.66,48.27,45.28,35.47,61.66,52.04,73.59,26.93,66.73,40.25,47.8
36,99.3,28.64,38.63,94.85,74.22,59.09,33.53,81.61,15.23,75.89,98.49,48.04,72.11,30.59,26.83,15.62,18.0,50.0,59.67,36.06,86.21,72.47,60.83,80.4,2.0,89.44,76.03,66.48,41.62,61.19,43.27,86.02,54.41,54.15,34.0,69.31,0.0,28.07,17.2,74.89,24.17,44.41,10.2,27.78,27.78,50.91,52.95,71.22,12.81,94.02,40.5,62.77,78.0,82.22,18.87,83.55,22.8,18.87,30.46,85.44,52.0,50.16,48.0,82.64,10.77,58.01,78.09,87.71,37.12,24.04,80.96,40.52,52.15,4.47,61.1,17.0,69.05,22.47
37,84.76,56.57,54.04,76.94,70.71,52.15,8.94,76.11,25.06,70.11,86.35,20.0,76.97,4.47,10.77,40.79,46.04,62.29,70.0,8.0,86.83,87.68,60.73,85.91,30.07,96.6,66.27,79.4,32.25,33.53,23.41,87.93,66.6,26.68,52.15,52.0,28.07,0.0,16.12,61.61,13.42,47.41,18.0,12.65,47.41,34.93,26.83,56.32,37.95,82.0,15.62,79.4,90.91,86.93,44.72,63.81,47.54,22.8,47.71,95.41,26.91,22.09,20.1,75.03,38.05,30.02,85.48,76.3,9.06,18.6,75.06,17.03,59.36,30.59,55.33,16.4,67.91,13.45
38,83.35,44.94,38.21,78.1,62.13,45.12,18.0,68.73,8.94,62.8,83.26,34.93,64.56,16.49,10.2,26.0,33.53,47.2,55.57,23.41,76.42,72.25,50.16,73.38,18.87,83.57,61.35,64.4,26.0,46.04,26.08,76.94,51.61,42.38,36.06,52.5,17.2,16.12,0.0,59.06,21.54,34.93,8.94,10.77,31.3,34.06,42.94,54.92,29.73,78.79,24.33,63.66,76.03,74.73,30.0,66.48,32.25,7.21,31.62,81.41,35.44,36.5,35.44,68.88,24.74,44.91,72.24,72.62,24.04,7.62,67.9,32.65,45.69,21.26,47.68,18.03,58.03,5.39
39,24.41,97.59,61.74,23.41,26.0,19.7,52.95,24.08,60.0,20.59,24.74,60.3,47.07,57.27,53.14,74.97,86.28,57.72,56.14,60.3,43.27,76.03,32.06,53.14,76.03,63.56,10.0,66.0,33.29,53.14,38.47,46.65,58.86,67.08,66.24,13.42,74.89,61.61,59.06,0.0,74.73,40.25,68.0,51.26,67.68,26.68,72.69,6.32,87.66,20.4,48.17,74.43,72.69,52.0,77.9,20.88,76.84,56.04,63.81,68.96,42.43,58.55,62.29,19.21,77.9,63.06,57.01,15.0,59.21,51.48,22.67,73.06,47.07,79.32,20.62,75.03,30.59,55.04
40,98.08,50.16,58.41,90.35,82.1,64.03,22.36,88.02,28.84,82.02,99.46,28.64,86.02,17.89,22.09,39.45,41.23,68.26,76.94,18.44,97.32,92.8,71.02,94.87,26.0,105.11,78.92,85.44,44.05,43.91,36.77,98.06,72.72,32.56,55.17,65.39,24.17,13.42,21.54,74.73,0.0,56.32,16.97,24.08,49.52,48.08,30.0,69.57,30.0,95.08,28.84,83.74,97.1,96.17,42.94,77.18,46.65,28.64,50.99,102.86,39.7,31.3,27.86,87.37,34.93,37.64,93.78,89.27,19.85,27.46,87.05,17.03,67.23,24.74,67.0,7.28,78.64,22.2
41,62.8,60.46,21.54,63.56,30.46,20.59,42.8,38.47,30.0,33.29,59.4,59.4,29.73,44.94,36.72,38.47,50.12,20.4,24.41,51.61,42.0,44.72,16.49,38.63,44.72,49.19,36.88,34.99,20.59,62.77,36.06,42.19,23.41,67.88,26.08,42.43,44.41,47.41,34.93,40.25,56.32,0.0,42.19,34.99,28.28,31.05,70.94,39.85,55.79,55.17,43.86,39.29,45.61,39.85,40.5,57.27,38.42,28.28,24.08,48.41,48.37,59.46,60.83,40.8,43.08,67.48,38.08,48.84,51.4,29.15,38.08,64.14,12.81,48.66,20.62,52.77,24.74,34.54
42,92.28,38.83,41.62,86.83,70.46,53.85,23.41,77.28,12.65,71.39,92.2,38.0,71.39,20.4,17.2,23.41,28.07,51.88,60.93,26.0,84.1,76.03,58.0,80.05,12.17,89.84,70.23,68.96,34.93,50.99,34.06,84.38,56.36,44.41,38.21,61.22,10.2,18.0,8.94,68.0,16.97,42.19,0.0,18.44,32.56,42.8,43.68,63.81,21.63,87.73,30.46,66.84,80.62,81.58,27.2,74.97,30.46,14.0,34.06,86.93,42.05,40.05,38.05,77.62,20.1,48.01,78.45,81.54,27.02,16.55,76.49,31.78,51.92,13.42,56.29,11.18,66.03,13.45
43,75.15,55.71,43.91,68.82,58.31,40.0,8.94,64.0,18.0,58.0,75.89,26.83,64.4,10.0,2.0,36.22,44.27,50.99,58.14,16.97,74.22,76.58,48.08,73.35,29.53,84.12,54.92,67.88,20.0,36.06,15.62,75.29,55.17,34.99,43.08,43.27,27.78,12.65,10.77,51.26,24.08,34.99,18.44,0.0,39.29,25.06,36.88,46.52,40.0,71.47,14.0,68.82,79.25,74.32,40.2,56.64,42.0,14.14,38.63,83.23,24.74,27.86,27.78,63.29,35.44,36.4,73.06,65.52,17.03,7.62,63.01,29.15,47.2,31.62,43.05,23.77,55.32,5.39
44,90.91,33.11,12.0,90.55,57.69,48.41,48.08,66.03,22.36,61.22,87.68,65.79,49.03,47.54,39.85,14.14,24.33,24.0,34.0,54.63,65.15,44.72,43.27,56.32,26.83,64.03,65.12,39.29,39.29,74.97,50.0,64.03,28.07,73.54,6.32,67.23,27.78,47.41,31.3,67.68,49.52,28.28,32.56,39.29,0.0,51.42,74.24,66.24,34.53,83.45,52.95,34.99,50.6,58.55,14.14,82.46,10.77,25.3,4.47,58.86,62.13,67.05,66.48,68.88,20.4,75.58,53.01,77.1,55.15,31.78,65.8,63.51,29.73,30.46,48.84,43.19,51.11,35.11
45,50.16,76.55,50.0,44.05,40.25,21.63,26.31,43.68,37.2,37.95,51.42,36.06,53.81,30.59,26.83,54.59,64.9,51.42,54.63,34.0,58.31,75.39,35.38,62.23,52.35,73.54,32.06,65.39,12.17,33.94,12.0,60.46,54.41,43.86,52.35,18.44,50.91,34.93,34.06,26.68,48.08,31.05,42.8,25.06,51.42,0.0,48.7,21.54,63.66,47.07,22.09,70.34,75.18,62.29,58.14,32.8,58.31,32.8,48.66,75.6,20.0,34.93,37.95,41.44,56.04,41.34,63.89,41.44,33.02,26.87,42.45,47.1,43.08,55.17,25.24,48.75,40.0,29.41
46,92.09,80.1,80.45,80.89,88.77,69.86,28.28,92.35,51.88,86.65,96.08,12.65,99.3,27.2,35.61,67.05,70.71,87.86,94.76,20.0,106.45,113.45,81.63,108.17,54.92,119.28,80.05,104.69,52.15,23.41,37.58,108.24,92.02,6.32,78.89,60.13,52.95,26.83,42.94,72.69,30.0,70.94,43.68,36.88,74.24,48.7,0.0,66.48,60.0,92.2,27.78,105.6,115.97,108.76,70.88,66.75,74.0,49.4,74.43,119.33,30.27,14.14,10.77,89.74,63.56,12.53,108.6,87.57,19.85,44.2,91.09,13.04,83.55,54.33,73.41,37.05,87.66,39.66
47,28.64,95.02,61.35,24.41,30.53,20.1,47.54,29.73,56.64,25.61,30.27,54.15,50.6,51.92,48.33,72.47,83.55,58.55,58.03,54.59,48.41,78.41,34.23,57.27,72.47,68.0,15.62,68.26,29.73,46.82,32.98,51.61,60.13,60.83,65.39,7.21,71.22,56.32,54.92,6.32,69.57,39.85,63.81,46.52,66.24,21.54,66.48,0.0,84.02,26.08,42.43,76.03,75.71,56.36,75.6,18.0,74.89,52.5,62.61,72.8,36.22,52.35,56.14,25.24,74.97,56.75,60.75,21.1,53.46,47.43,28.32,67.19,48.17,75.6,22.02,70.26,34.18,50.61
48,112.07,20.4,46.39,107.63,86.02,71.55,44.72,93.64,27.78,88.02,111.14,57.27,82.1,41.23,38.83,20.4,14.14,58.31,68.26,45.61,97.02,78.43,72.28,90.0,11.66,98.33,88.59,73.76,54.41,71.47,55.61,96.52,62.51,62.29,40.79,82.07,12.81,37.95,29.73,87.66,30.0,55.79,21.63,40.0,34.53,63.66,60.0,84.02,0.0,106.68,51.88,68.35,84.9,92.02,21.54,96.21,26.0,31.62,38.21,93.38,63.53,59.67,56.89,94.94,14.14,66.91,87.14,100.34,46.84,36.8,93.05,47.01,62.13,8.49,73.41,23.09,80.52,34.83
49,10.0,114.98,75.6,21.63,29.73,35.61,73.35,22.36,78.89,24.17,4.47,80.02,50.99,77.67,73.38,92.46,104.02,68.96,64.62,80.62,40.2,82.0,42.19,54.04,95.02,62.29,18.44,72.8,52.8,71.39,58.86,44.18,68.88,86.37,80.92,32.06,94.02,82.0,78.79,20.4,95.08,55.17,87.73,71.47,83.45,47.07,92.2,26.08,106.68,0.0,68.47,82.87,76.66,52.0,95.02,30.53,93.38,75.18,79.25,70.0,62.03,78.1,82.02,16.76,96.02,81.88,59.21,6.4,79.51,71.18,21.59,93.26,58.31,98.49,34.66,95.19,36.77,75.03
50,70.34,68.96,56.46,61.74,61.35,42.38,7.21,65.51,32.0,59.67,72.69,15.62,71.61,11.31,14.14,50.16,57.72,62.13,68.12,12.17,78.79,87.66,53.85,80.45,42.38,91.61,54.15,78.41,24.41,22.09,10.2,80.5,66.03,24.08,56.32,37.36,40.5,15.62,24.33,48.17,28.84,43.86,30.46,14.0,52.95,22.09,27.78,42.43,51.88,68.47,0.0,80.62,89.38,80.99,54.15,48.37,56.0,28.07,51.92,92.02,11.66,15.62,17.2,63.51,49.03,23.85,81.06,63.13,11.05,21.21,64.33,25.02,56.64,43.86,45.88,31.83,59.93,19.1
51,92.35,60.13,25.46,97.32,53.14,56.0,77.67,60.93,55.17,58.82,86.16,95.41,33.29,78.41,70.0,48.33,55.79,18.97,18.44,85.6,49.68,10.2,42.43,35.38,61.77,37.58,67.47,11.31,59.46,101.13,74.32,46.69,16.12,103.73,28.84,80.1,62.77,79.4,63.66,74.43,83.74,39.29,66.84,68.82,34.99,70.34,105.6,76.03,68.35,82.87,80.62,0.0,18.11,38.21,46.82,94.02,42.38,56.64,32.8,29.12,86.93,96.04,96.52,66.13,54.63,104.45,29.83,77.49,85.8,61.4,61.47,96.26,28.07,65.3,54.08,77.8,46.17,66.07
52,86.58,78.03,39.4,94.02,48.0,56.92,87.68,54.33,68.26,54.0,79.25,104.8,26.0,89.2,80.72,64.56,72.99,28.84,21.26,96.21,38.63,8.94,41.76,23.41,77.25,21.26,64.12,11.66,66.03,108.17,81.61,34.93,24.41,113.28,44.27,81.04,78.0,90.91,76.03,72.69,97.1,45.61,80.62,79.25,50.6,75.18,115.97,75.71,84.9,76.66,89.38,18.11,0.0,26.0,63.56,93.38,59.23,68.82,47.54,11.66,93.74,105.0,106.15,60.21,70.88,113.07,17.72,72.17,96.18,72.35,55.23,107.94,32.8,80.99,54.12,91.79,42.19,77.47
53,62.0,90.71,46.69,71.02,26.0,41.04,81.41,30.27,69.05,31.62,54.15,96.52,10.2,84.1,76.16,72.25,82.87,34.93,25.3,90.35,12.65,33.29,27.2,2.83,82.1,11.66,42.38,26.91,56.6,96.21,71.61,8.94,31.62,104.86,52.95,62.77,82.22,86.93,74.73,52.0,96.17,39.85,81.58,74.32,58.55,62.29,108.76,56.36,92.02,52.0,80.99,38.21,26.0,0.0,72.69,72.8,69.05,67.91,54.33,18.0,82.22,96.02,98.18,36.35,78.1,103.23,8.6,48.26,89.94,68.95,31.4,103.32,30.07,86.09,37.54,92.42,22.8,74.33
54,101.82,20.0,26.08,100.0,70.71,59.46,48.0,78.89,22.36,73.78,99.36,64.5,63.15,46.17,40.05,4.0,10.2,38.05,48.04,52.61,79.12,56.92,56.36,70.46,17.2,78.0,76.58,52.61,46.65,76.03,53.85,78.1,42.0,71.39,20.0,75.47,18.87,44.72,30.0,77.9,42.94,40.5,27.2,40.2,14.14,58.14,70.88,75.6,21.54,95.02,54.15,46.82,63.56,72.69,0.0,90.55,4.47,26.68,18.44,72.44,64.78,66.27,64.78,81.27,8.49,74.55,67.07,88.62,53.46,33.73,78.55,58.87,43.68,19.8,60.44,35.85,64.4,35.06
55,26.68,109.29,78.59,14.14,46.82,38.05,54.92,43.91,70.0,41.23,33.11,55.79,67.91,59.36,58.14,87.13,97.65,76.42,76.03,59.93,63.53,96.33,52.15,74.0,85.04,84.31,30.46,86.21,43.91,44.05,41.23,67.08,78.1,60.53,82.22,15.23,83.55,63.81,66.48,20.88,77.18,57.27,74.97,56.64,82.46,32.8,66.75,18.0,96.21,30.53,48.37,94.02,93.38,72.8,90.55,0.0,90.35,65.6,79.12,89.84,38.63,53.37,57.72,38.28,88.81,55.15,77.88,29.0,58.6,59.55,42.54,70.84,66.12,87.73,40.01,79.4,51.42,61.52
56,100.5,22.36,22.36,99.3,68.26,58.0,50.16,76.55,24.0,71.61,97.67,67.08,59.67,48.66,42.05,7.21,14.0,34.23,44.18,55.32,75.89,52.5,53.85,66.75,21.26,74.03,74.97,48.37,46.52,78.03,54.92,74.73,38.05,74.22,16.12,75.18,22.8,47.54,32.25,76.84,46.65,38.42,30.46,42.0,10.77,58.31,74.0,74.89,26.0,93.38,56.0,42.38,59.23,69.05,4.47,90.35,0.0,28.07,15.23,68.26,66.27,68.73,67.47,79.2,12.81,77.1,63.2,87.0,56.09,35.13,76.28,62.24,40.5,24.08,58.73,39.66,61.77,37.05
57,80.45,43.91,31.24,76.37,56.57,40.5,22.8,63.56,4.47,57.72,79.65,40.5,57.72,22.36,14.56,22.8,32.25,40.0,48.37,29.53,70.11,65.12,44.0,66.48,20.0,76.55,57.27,57.2,22.8,50.16,27.2,70.46,44.41,48.33,29.53,50.99,18.87,22.8,7.21,56.04,28.64,28.28,14.0,14.14,25.3,32.8,49.4,52.5,31.62,75.18,28.07,56.64,68.82,67.91,26.68,65.6,28.07,0.0,25.06,74.24,38.21,41.76,41.23,64.2,23.32,50.29,65.19,68.88,29.97,7.07,62.82,39.62,38.63,23.32,42.72,24.52,52.04,9.85
58,86.83,37.58,8.25,86.83,53.25,44.41,47.54,61.61,22.8,56.85,83.45,65.39,44.72,47.41,39.4,18.0,28.64,20.1,30.07,54.59,60.73,42.19,38.83,52.15,29.73,60.13,60.96,36.06,36.5,73.76,48.17,59.67,24.33,73.35,4.47,63.91,30.46,47.71,31.62,63.81,50.99,24.08,34.06,38.63,4.47,48.66,74.43,62.61,38.21,79.25,51.92,32.8,47.54,54.33,18.44,79.12,15.23,25.06,0.0,55.32,60.53,66.48,66.21,64.54,24.08,75.03,49.01,72.92,55.01,31.02,61.4,64.2,25.3,33.53,44.69,45.0,46.65,34.89
59,80.0,88.09,47.07,88.81,43.17,55.57,91.21,48.17,74.32,49.03,72.11,107.63,22.36,93.23,84.88,72.99,82.22,35.44,26.0,100.0,30.27,20.59,40.5,16.12,84.9,10.0,59.67,20.0,67.88,109.34,83.45,26.31,31.05,116.1,52.61,78.79,85.44,95.41,81.41,68.96,102.86,48.41,86.93,83.23,58.86,75.6,119.33,72.8,93.38,70.0,92.02,29.12,11.66,18.0,72.44,89.84,68.26,74.24,55.32,0.0,95.02,107.52,109.12,54.23,79.25,115.26,12.08,66.19,99.81,76.85,49.25,112.33,36.06,88.77,52.35,98.09,38.63,82.15
60,62.51,80.32,64.03,52.5,60.03,41.62,18.87,62.77,42.43,57.27,66.0,18.0,73.54,22.8,25.3,60.83,68.96,68.03,72.72,21.63,78.23,93.06,55.17,82.07,53.85,93.38,50.0,83.35,27.78,14.42,12.65,80.45,71.55,24.74,64.78,30.0,52.0,26.91,35.44,42.43,39.7,48.37,42.05,24.74,62.13,20.0,30.27,36.22,63.53,62.03,11.66,86.93,93.74,82.22,64.78,38.63,66.27,38.21,60.53,95.02,0.0,16.12,20.0,59.77,60.17,21.47,83.49,57.31,20.25,31.14,61.47,32.28,61.06,55.46,45.22,43.28,60.0,30.08
61,78.23,78.64,71.55,67.47,75.15,56.36,18.97,78.43,45.12,72.8,82.02,2.83,86.83,20.1,27.2,62.29,68.12,77.67,83.74,14.14,93.06,103.23,68.82,95.6,52.15,106.83,65.97,94.02,39.7,12.81,24.41,95.02,81.61,8.94,70.94,46.04,50.16,22.09,36.5,58.55,31.3,59.46,40.05,27.86,67.05,34.93,14.14,52.35,59.67,78.1,15.62,96.04,105.0,96.02,66.27,53.37,68.73,41.76,66.48,107.52,16.12,0.0,4.47,75.69,60.0,8.54,96.43,73.44,13.04,35.47,77.16,18.6,72.25,52.61,59.94,37.0,74.43,32.02
62,82.39,76.24,71.69,71.81,78.0,59.09,18.87,81.61,44.27,75.89,86.0,2.0,88.81,18.97,26.83,60.83,66.0,78.41,84.9,12.17,95.71,104.02,71.02,97.65,50.0,108.81,69.43,95.02,41.62,16.97,26.83,97.53,82.46,7.21,70.68,50.0,48.0,20.1,35.44,62.29,27.86,60.83,38.05,27.78,66.48,37.95,10.77,56.14,56.89,82.02,17.2,96.52,106.15,98.18,64.78,57.72,67.47,41.23,66.21,109.12,20.0,4.47,0.0,79.08,58.14,10.05,98.23,77.23,11.4,35.36,80.36,14.21,73.54,50.16,62.65,33.96,76.94,31.38
63,26.48,101.26,60.14,34.71,13.0,23.77,67.03,6.08,67.42,7.81,20.12,77.13,34.37,71.0,65.28,79.08,90.74,52.7,47.93,75.24,25.63,65.31,26.25,38.12,83.38,47.3,9.85,56.04,43.42,71.59,53.34,29.41,52.35,84.48,65.76,32.45,82.64,75.03,68.88,19.21,87.37,40.8,77.62,63.29,68.88,41.44,89.74,25.24,94.94,16.76,63.51,66.13,60.21,36.35,81.27,38.28,79.2,64.2,64.54,54.23,59.77,75.69,79.08,0.0,83.24,80.99,43.0,12.0,74.33,61.39,5.0,88.46,42.2,87.09,21.54,86.31,20.12,65.92
64,102.18,20.59,32.25,99.16,73.54,60.46,42.43,81.44,18.87,76.03,100.44,58.03,68.26,40.05,34.93,6.32,8.94,44.18,54.15,46.04,83.55,64.62,59.46,76.03,8.94,84.21,77.67,59.67,45.34,70.46,50.16,82.87,48.37,64.5,26.68,74.03,10.77,38.05,24.74,77.9,34.93,43.08,20.1,35.44,20.4,56.04,63.56,74.97,14.14,96.02,49.03,54.63,70.88,78.1,8.49,88.81,12.81,23.32,24.08,79.25,60.17,60.0,58.14,83.24,0.0,68.07,73.06,89.63,47.01,29.97,80.96,51.24,48.37,11.31,61.91,27.73,67.68,30.08
65,81.02,86.28,80.06,69.26,81.49,62.97,27.51,84.17,53.6,78.72,85.59,10.05,94.26,28.44,35.74,70.58,76.01,85.98,91.83,22.02,99.64,111.5,76.06,102.94,60.01,114.21,71.17,102.2,47.38,11.18,31.83,101.79,89.87,6.4,79.48,50.01,58.01,30.02,44.91,63.06,37.64,67.48,48.01,36.4,75.58,41.34,12.53,56.75,66.91,81.88,23.85,104.45,113.07,103.23,74.55,55.15,77.1,50.29,75.03,115.26,21.47,8.54,10.05,80.99,68.07,0.0,104.0,77.67,21.1,44.01,82.86,22.47,80.28,60.21,66.57,43.93,81.27,40.52
66,69.18,84.34,41.01,77.32,31.4,43.57,80.71,37.01,65.8,37.34,61.66,96.67,10.3,83.01,74.79,67.01,77.16,29.02,19.03,89.59,21.02,24.7,28.6,5.83,77.78,11.4,47.85,18.6,56.73,97.74,72.18,17.49,25.18,105.12,47.1,66.71,78.09,85.48,72.24,57.01,93.78,38.08,78.45,73.06,53.01,63.89,108.6,60.75,87.14,59.21,81.06,29.83,17.72,8.6,67.07,77.88,63.2,65.19,49.01,12.08,83.49,96.43,98.23,43.0,73.06,104.0,0.0,55.0,89.31,67.08,38.0,102.22,26.57,81.74,40.31,89.49,26.57,72.45
67,14.87,108.58,69.4,23.09,24.52,29.21,67.74,18.03,72.56,18.68,10.82,75.24,46.27,72.01,67.45,86.05,97.62,63.06,59.14,75.24,37.11,77.1,36.24,50.09,88.68,59.03,12.04,67.68,46.62,67.45,53.34,41.0,63.16,81.88,74.65,27.66,87.71,76.3,72.62,15.0,89.27,48.84,81.54,65.52,77.1,41.44,87.57,21.1,100.34,6.4,63.13,77.49,72.17,48.26,88.62,29.0,87.0,68.88,72.92,66.19,57.31,73.44,77.23,12.0,89.63,77.67,55.0,0.0,74.17,65.0,17.0,88.05,52.35,92.18,28.28,89.19,31.32,68.95
68,81.25,65.62,60.75,72.24,71.57,52.63,8.6,76.12,32.89,70.21,83.73,11.05,80.26,7.62,15.81,49.5,55.08,68.01,75.01,1.41,88.6,93.61,63.07,89.19,39.12,100.17,65.07,84.86,33.62,24.7,21.02,90.08,72.18,18.38,59.48,48.27,37.12,9.06,24.04,59.21,19.85,51.4,27.02,17.03,55.15,33.02,19.85,53.46,46.84,79.51,11.05,85.8,96.18,89.94,53.46,58.6,56.09,29.97,55.01,99.81,20.25,13.04,11.4,74.33,47.01,21.1,89.31,74.17,0.0,24.41,74.97,14.14,63.89,39.62,56.04,24.6,69.64,20.12
69,75.8,50.54,36.36,70.84,55.01,37.66,16.55,61.4,11.4,55.44,75.64,34.44,58.87,17.03,8.6,29.83,38.91,43.84,51.4,24.21,69.87,69.35,43.57,67.78,25.5,78.29,53.76,60.88,18.38,43.29,20.25,70.61,48.1,42.54,35.47,45.28,24.04,18.6,7.62,51.48,27.46,29.15,16.55,7.62,31.78,26.87,44.2,47.43,36.8,71.18,21.21,61.4,72.35,68.95,33.73,59.55,35.13,7.07,31.02,76.85,31.14,35.47,35.36,61.39,29.97,44.01,67.08,65.0,24.41,0.0,60.53,35.61,40.82,28.32,40.31,25.08,51.24,5.39
70,31.4,98.48,56.59,39.62,8.6,23.02,67.36,1.41,65.8,5.1,24.7,78.45,29.43,71.18,65.01,76.54,88.19,48.6,43.38,75.8,21.02,60.42,22.67,33.14,81.6,42.45,12.73,51.24,43.01,73.82,54.13,24.7,48.02,86.03,62.37,35.47,80.96,75.06,67.9,22.67,87.05,38.08,76.49,63.01,65.8,42.45,91.09,28.32,93.05,21.59,64.33,61.47,55.23,31.4,78.55,42.54,76.28,62.82,61.4,49.25,61.47,77.16,80.36,5.0,80.96,82.86,38.0,17.0,74.97,60.53,0.0,89.11,38.29,85.38,20.22,85.59,15.81,65.28
71,94.54,67.19,70.84,84.77,85.62,66.71,22.14,90.26,41.4,84.34,97.42,15.81,93.48,19.24,27.46,55.15,58.05,79.31,87.01,13.34,102.46,104.66,76.69,102.42,42.45,113.25,79.16,96.43,47.43,31.14,35.13,103.82,83.63,16.55,68.6,61.66,40.52,17.03,32.65,73.06,17.03,64.14,31.78,29.15,63.51,47.1,13.04,67.19,47.01,93.26,25.02,96.26,107.94,103.32,58.87,70.84,62.24,39.62,64.2,112.33,32.28,18.6,14.21,88.46,51.24,22.47,102.22,88.05,14.14,35.61,89.11,0.0,76.28,41.59,70.09,24.19,83.49,30.48
72,67.08,62.77,18.87,70.34,29.73,28.07,55.32,38.21,39.29,34.41,62.13,72.14,20.0,57.2,48.83,42.76,53.85,10.77,11.66,64.03,35.44,32.31,16.12,28.28,52.04,37.95,41.23,22.36,33.29,75.47,48.83,34.53,12.0,80.62,25.06,52.04,52.15,59.36,45.69,47.07,67.23,12.81,51.92,47.2,29.73,43.08,83.55,48.17,62.13,58.31,56.64,28.07,32.8,30.07,43.68,66.12,40.5,38.63,25.3,36.06,61.06,72.25,73.54,42.2,48.37,80.28,26.57,52.35,63.89,40.82,38.29,76.28,0.0,56.04,26.48,62.94,22.63,46.14
73,103.73,26.08,41.76,99.16,78.59,63.56,36.77,86.02,19.7,80.32,102.96,50.36,76.03,33.53,30.53,17.2,16.49,53.37,63.15,38.47,90.35,75.15,65.12,84.21,4.0,93.06,80.5,69.57,46.04,64.03,47.2,90.09,57.72,56.0,36.77,73.59,4.47,30.59,21.26,79.32,24.74,48.66,13.42,31.62,30.46,55.17,54.33,75.6,8.49,98.49,43.86,65.3,80.99,86.09,19.8,87.73,24.08,23.32,33.53,88.77,55.46,52.61,50.16,87.09,11.31,60.21,81.74,92.18,39.62,28.32,85.38,41.59,56.04,0.0,65.55,17.46,73.35,26.4
74,42.2,80.43,41.68,43.97,15.52,3.61,48.05,21.1,45.88,15.13,38.95,60.84,30.02,51.62,45.04,58.01,69.63,37.11,36.01,56.75,33.12,56.44,12.37,37.8,61.85,49.04,16.28,46.27,23.09,58.9,35.85,35.23,38.33,68.88,46.62,26.93,61.1,55.33,47.68,20.62,67.0,20.62,56.29,43.05,48.84,25.24,73.41,22.02,73.41,34.66,45.88,54.08,54.12,37.54,60.44,40.01,58.73,42.72,44.69,52.35,45.22,59.94,62.65,21.54,61.91,66.57,40.31,28.28,56.04,40.31,20.22,70.09,26.48,65.55,0.0,65.38,14.87,45.1
75,98.9,43.05,52.7,92.11,80.06,62.65,24.76,86.47,23.77,80.5,99.62,34.48,82.23,20.52,21.93,32.45,33.96,63.06,72.09,23.26,94.43,87.09,68.18,90.96,18.79,100.88,78.34,80.13,42.95,49.24,38.28,94.89,67.54,39.2,49.04,66.73,17.0,16.4,18.03,75.03,7.28,52.77,11.18,23.77,43.19,48.75,37.05,70.26,23.09,95.19,31.83,77.8,91.79,92.42,35.85,79.4,39.66,24.52,45.0,98.09,43.28,37.0,33.96,86.31,27.73,43.93,89.49,89.19,24.6,25.08,85.59,24.19,62.94,17.46,65.38,0.0,76.06,20.4
76,46.17,84.12,41.23,52.04,7.21,18.44,61.35,15.62,54.33,12.65,40.25,75.18,16.49,64.56,57.27,62.77,74.32,32.8,27.86,70.23,18.97,46.17,8.25,23.32,69.43,34.41,22.0,36.5,36.06,73.76,50.12,20.59,32.25,83.35,47.2,40.25,69.05,67.91,58.03,30.59,78.64,24.74,66.03,55.32,51.11,40.0,87.66,34.18,80.52,36.77,59.93,46.17,42.19,22.8,64.4,51.42,61.77,52.04,46.65,38.63,60.0,74.43,76.94,20.12,67.68,81.27,26.57,31.32,69.64,51.24,15.81,83.49,22.63,73.35,14.87,76.06,0.0,56.44
77,79.18,50.33,40.8,73.41,60.01,42.3,13.15,66.19,13.15,60.21,79.48,30.68,64.26,12.53,5.0,31.06,38.9,48.84,56.61,19.72,75.13,74.25,48.84,73.16,24.19,83.67,57.97,65.95,22.56,41.0,20.81,75.93,53.15,38.48,39.36,47.8,22.47,13.45,5.39,55.04,22.2,34.54,13.45,5.39,35.11,29.41,39.66,50.61,34.83,75.03,19.1,66.07,77.47,74.33,35.06,61.52,37.05,9.85,34.89,82.15,30.08,32.02,31.38,65.92,30.08,40.52,72.45,68.95,20.12,5.39,65.28,30.48,46.14,26.4,45.1,20.4,56.44,0.0
