vehicles
vehicle_idx, capacity, cost_per_unit_distance
1,100,3
2,100,3
3,100,3
4,100,3
5,100,3
6,100,3
7,100,3
8,100,3
depot
node_idx,x,y
0,2,48
home delivery customers
node_idx,x,y,service_time,demand
1,64,71,10,26
2,96,61,10,8
3,73,68,10,9
4,30,56,10,6
5,5,49,10,22
6,50,70,10,3
7,94,73,10,1
8,96,88,10,12
9,52,72,10,14
10,93,41,10,18
11,35,20,10,26
12,73,87,10,23
13,21,1,10,16
14,28,93,10,10
15,68,99,10,24
16,30,53,10,24
17,85,49,10,19
18,85,2,10,12
19,71,21,10,2
20,93,7,10,26
21,70,22,10,21
self pickup customers
node_idx,x,y,service_time,demand,locker_idxs
22,33,83,10,18,65-68
23,77,89,10,16,62
24,53,55,10,7,68
25,38,10,10,11,66
26,7,1,10,9,63
27,4,24,10,16,69-63
28,1,85,10,23,65-62
29,14,41,10,7,69
30,74,94,10,22,62
31,73,22,10,11,67
32,92,96,10,12,62
33,4,48,10,2,63
34,24,10,10,14,63
35,61,46,10,2,64
36,38,9,10,9,66-63
37,8,74,10,19,65
38,34,68,10,4,65-71
39,56,84,10,21,62
40,0,30,10,16,69
41,54,53,10,2,68-64
flexible customers
node_idx,x,y,service_time,demand,locker_idxs
42,7,40,10,4,69
43,82,56,10,7,67-64-70
44,38,62,10,1,65-68-71
45,42,53,10,2,68
46,94,4,10,4,66
47,35,69,10,20,71-65-68
48,23,96,10,2,71-65
49,68,52,10,6,67-64-70
50,90,15,10,20,69
51,58,41,10,2,64
52,13,87,10,18,65-71
53,84,97,10,16,62
54,96,79,10,3,67-70
55,55,94,10,9,71-62
56,12,71,10,6,65-68
57,26,55,10,2,65-68-69
58,72,75,10,2,67-64-70-62
59,33,49,10,23,69-68
60,51,2,10,16,66
61,26,17,10,7,66-63
lockers
node_idx,x,y,service_time,capacity,cost_per_unit_good
62,65,88,10,77
63,25,15,10,84
64,76,54,10,76
65,18,78,10,78
66,28,12,10,74
67,87,58,10,80
68,36,62,10,79
69,27,28,10,97
70,71,75,10,73
71,38,81,10,79
mrt lines
start_node_idx,end_node_idx,freight_capacity,cost_per_unit_good
distance matrix
,0,1,2,3,4,5,6,7,8,9,10,11,12,13,14,15,16,17,18,19,20,21,22,23,24,25,26,27,28,29,30,31,32,33,34,35,36,37,38,39,40,41,42,43,44,45,46,47,48,49,50,51,52,53,54,55,56,57,58,59,60,61,62,63,64,65,66,67,68,69,70,71,
0,0.0,66.13,94.89,73.76,29.12,3.16,52.8,95.34,102.16,55.46,91.27,43.28,81.01,50.7,51.97,83.41,28.44,83.01,94.89,74.09,99.81,72.8,46.75,85.48,51.48,52.35,47.27,24.08,37.01,13.89,85.44,75.61,102.0,2.0,43.91,59.03,53.08,26.68,37.74,64.9,18.11,52.24,9.43,80.4,38.63,40.31,101.98,39.12,52.39,66.12,93.98,56.44,40.52,95.52,98.98,70.18,25.08,25.0,75.03,31.02,67.21,39.2,74.63,40.22,74.24,34.0,44.41,85.59,36.77,32.02,74.09,48.84
1,66.13,0.0,33.53,9.49,37.16,62.97,14.04,30.07,36.24,12.04,41.73,58.67,18.36,82.15,42.19,28.28,38.47,30.41,72.12,50.49,70.26,49.37,33.24,22.2,19.42,66.31,90.27,76.22,64.54,58.31,25.08,49.82,37.54,64.26,72.95,25.18,67.23,56.08,30.15,15.26,76.01,20.59,64.88,23.43,27.51,28.43,73.41,29.07,48.02,19.42,61.74,30.59,53.45,32.8,32.98,24.7,52.0,41.23,8.94,38.01,70.21,66.03,17.03,68.24,20.81,46.53,69.12,26.42,29.41,56.73,8.06,27.86
2,94.89,33.53,0.0,24.04,66.19,91.79,46.87,12.17,27.0,45.35,20.22,73.5,34.71,96.05,75.15,47.2,66.48,16.28,60.02,47.17,54.08,46.87,66.73,33.84,43.42,77.23,107.34,99.16,97.98,84.4,39.66,45.28,35.23,92.91,88.23,38.08,77.9,88.96,62.39,46.14,100.88,42.76,91.44,14.87,58.01,54.59,57.04,61.52,80.96,29.41,46.39,42.94,86.98,37.95,18.0,52.63,84.59,70.26,27.78,64.13,74.2,82.68,41.11,84.6,21.19,79.83,83.82,9.49,60.01,76.49,28.65,61.35
3,73.76,9.49,24.04,0.0,44.64,70.6,23.09,21.59,30.48,21.38,33.6,61.22,19.0,84.81,51.48,31.4,45.54,22.47,67.08,47.04,64.2,46.1,42.72,21.38,23.85,67.74,94.05,81.84,73.98,64.88,26.02,46.0,33.84,71.84,75.93,25.06,68.6,65.28,39.0,23.35,82.3,24.21,71.69,15.0,35.51,34.44,67.36,38.01,57.31,16.76,55.66,30.89,62.94,31.02,25.5,31.62,61.07,48.76,7.07,44.28,69.57,69.35,21.54,71.51,14.32,55.9,71.84,17.2,37.48,60.96,7.28,37.34
4,29.12,37.16,66.19,44.64,0.0,25.96,24.41,66.22,73.35,27.2,64.76,36.35,53.01,55.73,37.05,57.38,3.0,55.44,77.08,53.91,79.81,52.5,27.17,57.43,23.02,46.69,59.62,41.23,41.01,21.93,58.14,54.82,73.78,27.2,46.39,32.57,47.68,28.43,12.65,38.21,39.7,24.19,28.02,52.0,10.0,12.37,82.46,13.93,40.61,38.21,72.67,31.76,35.36,67.8,69.89,45.49,23.43,4.12,46.1,7.62,57.94,39.2,47.42,41.3,46.04,25.06,44.05,57.04,8.49,28.16,45.19,26.25
5,3.16,62.97,91.79,70.6,25.96,0.0,49.66,92.18,99.01,52.33,88.36,41.73,77.9,50.6,49.65,80.43,25.32,80.0,92.78,71.69,97.51,70.38,44.05,82.37,48.37,51.09,48.04,25.02,36.22,12.04,82.38,73.16,98.88,1.41,43.38,56.08,51.86,25.18,34.67,61.85,19.65,49.16,9.22,77.32,35.47,37.22,99.73,36.06,50.33,63.07,91.55,53.6,38.83,92.44,95.82,67.27,23.09,21.84,71.87,28.0,65.76,38.28,71.56,39.45,71.18,31.78,43.57,82.49,33.62,30.41,70.94,45.97
6,52.8,14.04,46.87,23.09,24.41,49.66,0.0,44.1,49.4,2.83,51.87,52.2,28.6,74.85,31.83,34.13,26.25,40.82,76.48,53.31,76.28,52.0,21.4,33.02,15.3,61.19,81.3,65.05,51.24,46.23,33.94,53.23,49.4,50.99,65.39,26.4,62.17,42.19,16.12,15.23,64.03,17.46,52.43,34.93,14.42,18.79,79.32,15.03,37.48,25.46,68.01,30.08,40.72,43.42,46.87,24.52,38.01,28.3,22.56,27.02,68.01,58.18,23.43,60.42,30.53,32.98,62.03,38.9,16.12,47.89,21.59,16.28
7,95.34,30.07,12.17,21.59,66.22,92.18,44.1,0.0,15.13,42.01,32.02,79.31,25.24,102.53,68.96,36.77,67.05,25.63,71.57,56.86,66.01,56.36,61.81,23.35,44.78,84.29,112.93,102.47,93.77,86.16,29.0,55.15,23.09,93.41,94.18,42.64,85.04,86.01,60.21,39.56,103.37,44.72,93.05,20.81,57.07,55.71,69.0,59.14,74.63,33.42,58.14,48.17,82.2,26.0,6.32,44.29,82.02,70.34,22.09,65.55,83.01,88.09,32.65,90.14,26.17,76.16,89.87,16.55,59.03,80.71,23.09,56.57
8,102.16,36.24,27.0,30.48,73.35,99.01,49.4,15.13,0.0,46.82,47.1,91.35,23.02,114.87,68.18,30.08,74.71,40.52,86.7,71.51,81.06,70.94,63.2,19.03,54.2,97.2,124.46,112.07,95.05,94.51,22.8,69.89,8.94,100.32,106.15,54.67,98.01,89.11,65.15,40.2,112.16,54.67,101.12,34.93,63.56,64.35,84.02,63.89,73.44,45.61,73.25,60.44,83.01,15.0,9.0,41.44,85.7,77.39,27.29,74.09,97.06,99.7,31.0,101.83,39.45,78.64,101.98,31.32,65.39,91.44,28.18,58.42
9,55.46,12.04,45.35,21.38,27.2,52.33,2.83,42.01,46.82,0.0,51.4,54.71,25.81,77.47,31.89,31.38,29.07,40.22,77.39,54.42,76.85,53.14,21.95,30.23,17.03,63.56,84.06,67.88,52.63,49.04,31.11,54.23,46.65,53.67,68.03,27.51,64.54,44.05,18.44,12.65,66.84,19.1,55.22,34.0,17.2,21.47,79.92,17.26,37.64,25.61,68.51,31.58,41.79,40.61,44.55,22.2,40.01,31.06,20.22,29.83,70.01,60.84,20.62,63.07,30.0,34.53,64.62,37.7,18.87,50.61,19.24,16.64
10,91.27,41.73,20.22,33.6,64.76,88.36,51.87,32.02,47.1,51.4,0.0,61.68,50.16,82.37,83.24,63.16,64.13,11.31,39.81,29.73,34.0,29.83,73.24,50.6,42.38,63.13,94.85,90.61,101.98,79.0,56.3,27.59,55.01,89.27,75.64,32.39,63.63,91.18,64.88,56.73,93.65,40.8,86.01,18.6,58.87,52.39,37.01,64.4,89.02,27.31,26.17,35.0,92.28,56.72,38.12,65.22,86.38,68.45,39.96,60.53,57.31,71.17,54.71,72.8,21.4,83.63,71.18,18.03,60.75,67.27,40.5,68.01
11,43.28,58.67,73.5,61.22,36.35,41.73,52.2,79.31,91.35,54.71,61.68,0.0,77.03,23.6,73.33,85.62,33.38,57.8,53.14,36.01,59.44,35.06,63.03,80.78,39.36,10.44,33.84,31.26,73.36,29.7,83.65,38.05,95.0,41.77,14.87,36.77,11.4,60.37,48.01,67.36,36.4,38.08,34.41,59.2,42.11,33.73,61.13,49.0,76.94,45.97,55.23,31.14,70.52,91.27,84.86,76.66,55.95,36.14,66.29,29.07,24.08,9.49,74.32,11.18,53.26,60.44,10.63,64.4,42.01,11.31,65.73,61.07
12,81.01,18.36,34.71,19.0,53.01,77.9,28.6,25.24,23.02,25.81,50.16,77.03,0.0,100.5,45.4,13.0,54.82,39.85,85.84,66.03,82.46,65.07,40.2,4.47,37.74,84.58,108.41,93.43,72.03,74.81,7.07,65.0,21.02,79.26,91.27,42.72,85.49,66.29,43.38,17.26,92.62,38.95,81.02,32.28,43.01,46.01,85.62,42.05,50.8,35.36,73.98,48.38,60.0,14.87,24.35,19.31,63.06,56.86,12.04,55.17,87.8,84.31,8.06,86.53,33.14,55.73,87.46,32.2,44.65,74.81,12.17,35.51
13,50.7,82.15,96.05,84.81,55.73,50.6,74.85,102.53,114.87,77.47,82.37,23.6,100.5,0.0,92.27,108.69,52.77,80.0,64.01,53.85,72.25,53.31,82.87,104.31,62.77,19.24,14.0,28.6,86.35,40.61,107.04,56.08,118.6,49.98,9.49,60.21,18.79,74.15,68.25,90.08,35.81,61.59,41.44,82.13,63.32,56.08,73.06,69.43,95.02,69.35,70.41,54.49,86.37,114.83,108.21,99.02,70.58,54.23,89.87,49.48,30.02,16.76,97.49,14.56,76.38,77.06,13.04,87.21,62.82,27.66,89.31,81.79
14,51.97,42.19,75.15,51.48,37.05,49.65,31.83,68.96,68.18,31.89,83.24,73.33,45.4,92.27,0.0,40.45,40.05,72.01,107.38,83.86,107.8,82.49,11.18,49.16,45.49,83.6,94.37,73.05,28.16,53.85,46.01,84.06,64.07,51.0,83.1,57.43,84.59,27.59,25.71,29.41,68.94,47.71,57.01,65.46,32.57,42.38,110.8,25.0,5.83,57.28,99.64,60.03,16.16,56.14,69.43,27.02,27.2,38.05,47.54,44.28,93.86,76.03,37.34,78.06,61.85,18.03,81.0,68.6,32.02,65.01,46.62,15.62
15,83.41,28.28,47.2,31.4,57.38,80.43,34.13,36.77,30.08,31.38,63.16,85.62,13.0,108.69,40.45,0.0,59.67,52.81,98.48,78.06,95.34,77.03,38.48,13.45,46.49,93.92,115.43,98.6,68.45,79.25,7.81,77.16,24.19,81.84,99.28,53.46,94.87,65.0,46.01,19.21,96.88,48.08,84.86,45.22,47.63,52.84,98.49,44.6,45.1,47.0,86.83,58.86,56.29,16.12,34.41,13.93,62.61,60.83,24.33,61.03,98.48,92.13,11.4,94.37,45.71,54.23,95.75,45.19,48.92,81.99,24.19,34.99
16,28.44,38.47,66.48,45.54,3.0,25.32,26.25,67.05,74.71,29.07,64.13,33.38,54.82,52.77,40.05,59.67,0.0,55.15,75.01,52.01,78.01,50.61,30.15,59.2,23.09,43.74,56.86,38.95,43.19,20.0,60.14,53.01,75.45,26.48,43.42,31.78,44.72,30.41,15.52,40.46,37.8,24.0,26.42,52.09,12.04,12.0,80.6,16.76,43.57,38.01,71.02,30.46,38.01,69.66,70.94,48.02,25.46,4.47,47.41,5.0,55.15,36.22,49.5,38.33,46.01,27.73,41.05,57.22,10.82,25.18,46.53,29.12
17,83.01,30.41,16.28,22.47,55.44,80.0,40.82,25.63,40.52,40.22,11.31,57.8,39.85,80.0,72.01,52.81,55.15,0.0,47.0,31.3,42.76,30.89,62.13,40.79,32.56,61.07,91.59,84.77,91.39,71.45,46.32,29.55,47.52,81.01,72.4,24.19,61.72,80.96,54.42,45.45,87.1,31.26,78.52,7.62,48.76,43.19,45.89,53.85,77.8,17.26,34.37,28.16,81.41,48.01,31.95,54.08,76.24,59.3,29.07,52.0,58.01,67.12,43.83,68.96,10.3,73.01,67.96,9.22,50.7,61.68,29.53,56.86
18,94.89,72.12,60.02,67.08,77.08,92.78,76.48,71.57,86.7,77.39,39.81,53.14,85.84,64.01,107.38,98.48,75.01,47.0,0.0,23.6,9.43,25.0,96.25,87.37,61.91,47.68,78.01,83.93,118.09,81.01,92.66,23.32,94.26,93.15,61.52,50.12,47.52,105.42,83.41,86.98,89.49,59.68,86.76,54.08,76.22,66.71,9.22,83.6,112.61,52.81,13.93,47.43,111.4,95.01,77.78,96.77,100.45,79.31,74.15,70.09,34.0,60.88,88.29,61.39,52.77,101.32,57.87,56.04,77.47,63.56,74.33,91.92
19,74.09,50.49,47.17,47.04,53.91,71.69,53.31,56.86,71.51,54.42,29.73,36.01,66.03,53.85,83.86,78.06,52.01,31.3,23.6,0.0,26.08,1.41,72.72,68.26,38.47,34.79,67.05,67.07,94.85,60.41,73.06,2.24,77.88,72.24,48.27,26.93,35.11,82.33,59.82,64.76,71.57,36.24,66.76,36.69,52.63,43.19,28.6,60.0,89.04,31.14,19.92,23.85,87.86,77.1,63.16,74.73,77.34,56.4,54.01,47.2,27.59,45.18,67.27,46.39,33.38,77.83,43.93,40.31,53.91,44.55,54.0,68.48
20,99.81,70.26,54.08,64.2,79.81,97.51,76.28,66.01,81.06,76.85,34.0,59.44,82.46,72.25,107.8,95.34,78.01,42.76,9.43,26.08,0.0,27.46,96.83,83.55,62.48,55.08,86.21,90.61,120.62,86.01,89.05,25.0,89.01,97.99,69.07,50.45,55.04,108.23,84.86,85.43,95.8,60.31,92.11,50.22,77.78,68.68,3.16,84.9,113.23,51.48,8.54,48.8,113.14,90.45,72.06,94.94,103.23,82.42,71.17,73.24,42.3,67.74,85.7,68.47,49.98,103.28,65.19,51.35,79.21,69.26,71.47,92.2
21,72.8,49.37,46.87,46.1,52.5,70.38,52.0,56.36,70.94,53.14,29.83,35.06,65.07,53.31,82.49,77.03,50.61,30.89,25.0,1.41,27.46,0.0,71.34,67.36,37.12,34.18,66.41,66.03,93.43,59.14,72.11,3.0,77.2,70.94,47.54,25.63,34.54,80.92,58.41,63.56,70.46,34.89,65.52,36.06,51.22,41.77,30.0,58.6,87.66,30.07,21.19,22.47,86.45,76.3,62.65,73.55,75.93,55.0,53.04,45.8,27.59,44.28,66.19,45.54,32.56,76.42,43.17,39.81,52.5,43.42,53.01,67.12
22,46.75,33.24,66.73,42.72,27.17,44.05,21.4,61.81,63.2,21.95,73.24,63.03,40.2,82.87,11.18,38.48,30.15,62.13,96.25,72.72,96.83,71.34,0.0,44.41,34.41,73.17,86.02,65.74,32.06,46.1,42.45,72.95,60.42,45.45,73.55,46.4,74.17,26.57,15.03,23.02,62.43,36.62,50.25,55.95,21.59,31.32,99.81,14.14,16.4,46.75,88.73,48.88,20.4,52.89,63.13,24.6,24.19,28.86,39.81,34.0,82.98,66.37,32.39,68.47,51.87,15.81,71.18,59.51,21.21,55.33,38.83,5.39
23,85.48,22.2,33.84,21.38,57.43,82.37,33.02,23.35,19.03,30.23,50.6,80.78,4.47,104.31,49.16,13.45,59.2,40.79,87.37,68.26,83.55,67.36,44.41,0.0,41.62,88.1,112.45,97.74,76.11,79.2,5.83,67.12,16.55,83.73,95.13,45.88,89.0,70.61,47.85,21.59,97.01,42.72,85.45,33.38,47.43,50.21,86.68,46.52,54.45,38.08,75.13,51.62,64.03,10.63,21.47,22.56,67.45,61.29,14.87,59.46,90.8,88.23,12.04,90.44,35.01,60.02,91.27,32.57,49.09,78.87,15.23,39.81
24,51.48,19.42,43.42,23.85,23.02,48.37,15.3,44.78,54.2,17.03,42.38,39.36,37.74,62.77,45.49,46.49,23.09,32.56,61.91,38.47,62.48,37.12,34.41,41.62,0.0,47.43,70.94,57.98,60.03,41.44,44.29,38.59,56.59,49.5,53.54,12.04,48.38,48.85,23.02,29.15,58.6,2.24,48.38,29.02,16.55,11.18,65.44,22.8,50.8,15.3,54.49,14.87,51.22,52.2,49.24,39.05,44.01,27.0,27.59,20.88,53.04,46.62,35.11,48.83,23.02,41.88,49.74,34.13,18.38,37.48,26.91,30.02
25,52.35,66.31,77.23,67.74,46.69,51.09,61.19,84.29,97.2,63.56,63.13,10.44,84.58,19.24,83.6,93.92,43.74,61.07,47.68,34.79,55.08,34.18,73.17,88.1,47.43,0.0,32.28,36.77,83.63,39.2,91.39,37.0,101.55,50.99,14.0,42.72,1.0,70.68,58.14,76.16,42.94,45.88,43.14,63.66,52.0,43.19,56.32,59.08,87.3,51.61,52.24,36.89,80.96,98.41,90.14,85.7,66.31,46.57,73.36,39.32,15.26,13.89,82.54,13.93,58.14,70.88,10.2,68.59,52.04,21.1,72.9,71.0
26,47.27,90.27,107.34,94.05,59.62,48.04,81.3,112.93,124.46,84.06,94.85,33.84,108.41,14.0,94.37,115.43,56.86,91.59,78.01,67.05,86.21,66.41,86.02,112.45,70.94,32.28,0.0,23.19,84.21,40.61,114.62,69.26,127.48,47.1,19.24,70.29,32.02,73.01,72.24,96.38,29.83,70.09,39.0,93.01,68.43,62.68,87.05,73.54,96.34,79.51,84.17,64.82,86.21,123.07,118.34,104.66,70.18,57.25,98.49,54.59,44.01,24.84,104.56,22.8,87.01,77.78,23.71,98.23,67.54,33.6,97.84,85.8
27,24.08,76.22,99.16,81.84,41.23,25.02,65.05,102.47,112.07,67.88,90.61,31.26,93.43,28.6,73.05,98.6,38.95,84.77,83.93,67.07,90.61,66.03,65.74,97.74,57.98,36.77,23.19,0.0,61.07,19.72,98.99,69.03,113.7,24.0,24.41,61.1,37.16,50.16,53.25,79.4,7.21,57.8,16.28,84.31,50.99,47.8,92.2,54.64,74.46,69.86,86.47,56.61,63.64,108.3,107.19,86.61,47.68,38.01,85.0,38.29,51.89,23.09,88.41,22.85,78.0,55.79,26.83,89.69,49.68,23.35,84.2,66.37
28,37.01,64.54,97.98,73.98,41.01,36.22,51.24,93.77,95.05,52.63,101.98,73.36,72.03,86.35,28.16,68.45,43.19,91.39,118.09,94.85,120.62,93.43,32.06,76.11,60.03,83.63,84.21,61.07,0.0,45.88,73.55,95.67,91.66,37.12,78.45,71.56,84.53,13.04,37.12,55.01,55.01,61.91,45.4,86.03,43.57,52.01,123.33,37.58,24.6,74.69,113.23,72.01,12.17,83.86,95.19,54.74,17.8,39.05,71.7,48.17,96.9,72.45,64.07,74.0,81.15,18.38,77.83,90.14,41.88,62.65,70.71,37.22
29,13.89,58.31,84.4,64.88,21.93,12.04,46.23,86.16,94.51,49.04,79.0,29.7,74.81,40.61,53.85,79.25,20.0,71.45,81.01,60.41,86.01,59.14,46.1,79.2,41.44,39.2,40.61,19.72,45.88,0.0,80.06,61.98,95.44,12.21,32.57,47.27,40.0,33.54,33.6,60.11,17.8,41.76,7.07,69.63,31.89,30.46,88.14,35.0,55.73,55.11,80.32,44.0,46.01,89.64,90.38,67.01,30.07,18.44,67.23,20.62,53.76,26.83,69.35,28.23,63.35,37.22,32.2,74.95,30.41,18.38,66.37,46.65
30,85.44,25.08,39.66,26.02,58.14,82.38,33.94,29.0,22.8,31.11,56.3,83.65,7.07,107.04,46.01,7.81,60.14,46.32,92.66,73.06,89.05,72.11,42.45,5.83,44.29,91.39,114.62,98.99,73.55,80.06,0.0,72.01,18.11,83.76,97.75,49.73,92.31,68.96,47.71,20.59,97.84,45.62,86.05,38.83,48.17,52.01,92.2,46.32,51.04,42.43,80.6,55.36,61.4,10.44,26.63,19.0,66.13,61.85,19.1,60.88,94.83,90.74,10.82,92.96,40.05,58.24,94.02,38.28,49.68,81.02,19.24,38.28
31,75.61,49.82,45.28,46.0,54.82,73.16,53.23,55.15,69.89,54.23,27.59,38.05,65.0,56.08,84.06,77.16,53.01,29.55,23.32,2.24,25.0,3.0,72.95,67.12,38.59,37.0,69.26,69.03,95.67,61.98,72.01,0.0,76.4,73.74,50.45,26.83,37.34,83.24,60.31,64.29,73.44,36.36,68.41,35.17,53.15,43.84,27.66,60.44,89.31,30.41,18.38,24.21,88.46,75.8,61.47,74.22,78.24,57.43,53.01,48.26,29.73,47.27,66.48,48.51,32.14,78.49,46.1,38.63,54.49,46.39,53.04,68.6
32,102.0,37.54,35.23,33.84,73.78,98.88,49.4,23.09,8.94,46.65,55.01,95.0,21.02,118.6,64.07,24.19,75.45,47.52,94.26,77.88,89.01,77.2,60.42,16.55,56.59,101.55,127.48,113.7,91.66,95.44,18.11,76.4,0.0,100.24,109.64,58.83,102.4,86.83,64.4,37.95,113.23,57.38,101.79,41.23,63.81,65.95,92.02,63.07,69.0,50.12,81.02,64.66,79.51,8.06,17.46,37.05,83.82,77.7,29.0,75.43,102.55,102.94,28.16,105.12,44.94,76.16,105.6,38.33,65.51,94.07,29.7,56.04
33,2.0,64.26,92.91,71.84,27.2,1.41,50.99,93.41,100.32,53.67,89.27,41.77,79.26,49.98,51.0,81.84,26.48,81.01,93.15,72.24,97.99,70.94,45.45,83.73,49.5,50.99,47.1,24.0,37.12,12.21,83.76,73.74,100.24,0.0,42.94,57.04,51.74,26.31,36.06,63.25,18.44,50.25,8.54,78.41,36.77,38.33,100.18,37.44,51.62,64.12,92.11,54.45,40.02,93.81,97.08,68.68,24.35,23.09,73.16,29.02,65.76,38.01,72.95,39.12,72.25,33.11,43.27,83.6,34.93,30.48,72.24,47.38
34,43.91,72.95,88.23,75.93,46.39,43.38,65.39,94.18,106.15,68.03,75.64,14.87,91.27,9.49,83.1,99.28,43.42,72.4,61.52,48.27,69.07,47.54,73.55,95.13,53.54,14.0,19.24,24.41,78.45,32.57,97.75,50.45,109.64,42.94,0.0,51.62,14.04,65.97,58.86,80.62,31.24,52.43,34.48,74.03,53.85,46.62,70.26,60.02,86.01,60.83,66.19,46.01,77.78,105.68,99.72,89.54,62.17,45.04,80.8,40.02,28.16,7.28,88.12,5.1,68.12,68.26,4.47,79.2,53.37,18.25,80.21,72.37
35,59.03,25.18,38.08,25.06,32.57,56.08,26.4,42.64,54.67,27.51,32.39,36.77,42.72,60.21,57.43,53.46,31.78,24.19,50.12,26.93,50.45,25.63,46.4,45.88,12.04,42.72,70.29,61.1,71.56,47.27,49.73,26.83,58.83,57.04,51.62,0.0,43.57,59.94,34.83,38.33,63.06,9.9,54.33,23.26,28.02,20.25,53.41,34.71,62.8,9.22,42.45,5.83,63.13,55.95,48.1,48.37,55.01,36.14,31.02,28.16,45.12,45.45,42.19,47.51,17.0,53.6,47.38,28.64,29.68,38.47,30.68,41.88
36,53.08,67.23,77.9,68.6,47.68,51.86,62.17,85.04,98.01,64.54,63.63,11.4,85.49,18.79,84.59,94.87,44.72,61.72,47.52,35.11,55.04,34.54,74.17,89.0,48.38,1.0,32.02,37.16,84.53,40.0,92.31,37.34,102.4,51.74,14.04,43.57,0.0,71.59,59.14,77.13,43.42,46.82,43.84,64.38,53.0,44.18,56.22,60.07,88.28,52.43,52.35,37.74,81.91,99.3,90.91,86.68,67.23,47.54,74.24,40.31,14.76,14.42,83.49,14.32,58.9,71.84,10.44,69.3,53.04,21.95,73.79,72.0
37,26.68,56.08,88.96,65.28,28.43,25.18,42.19,86.01,89.11,44.05,91.18,60.37,66.29,74.15,27.59,65.0,30.41,80.96,105.42,82.33,108.23,80.92,26.57,70.61,48.85,70.68,73.01,50.16,13.04,33.54,68.96,83.24,86.83,26.31,65.97,59.94,71.59,0.0,26.68,49.03,44.72,50.57,34.01,76.16,32.31,39.96,110.89,27.46,26.63,63.91,101.02,59.91,13.93,79.4,88.14,51.08,5.0,26.17,64.01,35.36,83.86,59.77,58.69,61.4,70.88,10.77,65.15,80.6,30.46,49.77,63.01,30.81
38,37.74,30.15,62.39,39.0,12.65,34.67,16.12,60.21,65.15,18.44,64.88,48.01,43.38,68.25,25.71,46.01,15.52,54.42,83.41,59.82,84.86,58.41,15.03,47.85,23.02,58.14,72.24,53.25,37.12,33.6,47.71,60.31,64.4,36.06,58.86,34.83,59.14,26.68,0.0,27.2,50.99,25.0,38.9,49.48,7.21,17.0,87.73,1.41,30.08,37.58,77.1,36.12,28.32,57.8,62.97,33.42,22.2,15.26,38.64,19.03,68.15,51.62,36.89,53.76,44.27,18.87,56.32,53.94,6.32,40.61,37.66,13.6
39,64.9,15.26,46.14,23.35,38.21,61.85,15.23,39.56,40.2,12.65,56.73,67.36,17.26,90.08,29.41,19.21,40.46,45.45,86.98,64.76,85.43,63.56,23.02,21.59,29.15,76.16,96.38,79.4,55.01,60.11,20.59,64.29,37.95,63.25,80.62,38.33,77.13,49.03,27.2,0.0,77.79,31.06,65.86,38.21,28.43,34.01,88.57,25.81,35.11,34.18,76.92,43.05,43.1,30.87,40.31,10.05,45.88,41.73,18.36,41.88,82.15,73.41,9.85,75.64,36.06,38.47,77.25,40.46,29.73,63.06,17.49,18.25
40,18.11,76.01,100.88,82.3,39.7,19.65,64.03,103.37,112.16,66.84,93.65,36.4,92.62,35.81,68.94,96.88,37.8,87.1,89.49,71.57,95.8,70.46,62.43,97.01,58.6,42.94,29.83,7.21,55.01,17.8,97.84,73.44,113.23,18.44,31.24,63.06,43.42,44.72,50.99,77.79,0.0,58.69,12.21,86.02,49.68,47.89,97.53,52.4,69.89,71.47,91.24,59.03,58.46,107.45,107.78,84.39,42.72,36.07,84.91,38.08,58.18,29.07,87.11,29.15,79.7,51.26,33.29,91.39,48.17,27.07,84.06,63.6
41,52.24,20.59,42.76,24.21,24.19,49.16,17.46,44.72,54.67,19.1,40.8,38.08,38.95,61.59,47.71,48.08,24.0,31.26,59.68,36.24,60.31,34.89,36.62,42.72,2.24,45.88,70.09,57.8,61.91,41.76,45.62,36.36,57.38,50.25,52.43,9.9,46.82,50.57,25.0,31.06,58.69,0.0,48.76,28.16,18.36,12.0,63.25,24.84,53.01,14.04,52.35,12.65,53.26,53.25,49.4,41.01,45.69,28.07,28.43,21.38,51.09,45.61,36.69,47.8,22.02,43.83,48.55,33.38,20.12,36.8,27.8,32.25
42,9.43,64.88,91.44,71.69,28.02,9.22,52.43,93.05,101.12,55.22,86.01,34.41,81.02,41.44,57.01,84.86,26.42,78.52,86.76,66.76,92.11,65.52,50.25,85.45,48.38,43.14,39.0,16.28,45.4,7.07,86.05,68.41,101.79,8.54,34.48,54.33,43.84,34.01,38.9,65.86,12.21,48.76,0.0,76.69,38.01,37.34,94.15,40.31,58.24,62.17,86.68,51.01,47.38,95.8,97.17,72.25,31.4,24.21,73.82,27.51,58.14,29.83,75.29,30.81,70.41,39.56,35.0,82.0,36.4,23.32,72.95,51.4
43,80.4,23.43,14.87,15.0,52.0,77.32,34.93,20.81,34.93,34.0,18.6,59.2,32.28,82.13,65.46,45.22,52.09,7.62,54.08,36.69,50.22,36.06,55.95,33.38,29.02,63.66,93.01,84.31,86.03,69.63,38.83,35.17,41.23,78.41,74.03,23.26,64.38,76.16,49.48,38.21,86.02,28.16,76.69,0.0,44.41,40.11,53.37,48.76,71.28,14.56,41.77,28.3,75.64,41.05,26.93,46.62,71.59,56.01,21.47,49.5,62.27,68.24,36.24,70.21,6.32,67.68,69.66,5.39,46.39,61.72,21.95,50.61
44,38.63,27.51,58.01,35.51,10.0,35.47,14.42,57.07,63.56,17.2,58.87,42.11,43.01,63.32,32.57,47.63,12.04,48.76,76.22,52.63,77.78,51.22,21.59,47.43,16.55,52.0,68.43,50.99,43.57,31.89,48.17,53.15,63.81,36.77,53.85,28.02,53.0,32.31,7.21,28.43,49.68,18.36,38.01,44.41,0.0,9.85,80.62,7.62,37.16,31.62,70.09,29.0,35.36,57.8,60.44,36.24,27.51,13.89,36.4,13.93,61.39,46.57,37.48,48.76,38.83,25.61,50.99,49.16,2.0,35.74,35.47,19.0
45,40.31,28.43,54.59,34.44,12.37,37.22,18.79,55.71,64.35,21.47,52.39,33.73,46.01,56.08,42.38,52.84,12.0,43.19,66.71,43.19,68.68,41.77,31.32,50.21,11.18,43.19,62.68,47.8,52.01,30.46,52.01,43.84,65.95,38.33,46.62,20.25,44.18,39.96,17.0,34.01,47.89,12.0,37.34,40.11,9.85,0.0,71.45,17.46,47.01,26.02,61.22,20.0,44.69,60.83,59.93,43.01,34.99,16.12,37.2,9.85,51.79,39.4,41.88,41.63,34.01,34.66,43.32,45.28,10.82,29.15,36.4,28.28
46,101.98,73.41,57.04,67.36,82.46,99.73,79.32,69.0,84.02,79.92,37.01,61.13,85.62,73.06,110.8,98.49,80.6,45.89,9.22,28.6,3.16,30.0,99.81,86.68,65.44,56.32,87.05,92.2,123.33,88.14,92.2,27.66,92.02,100.18,70.26,53.41,56.22,110.89,87.73,88.57,97.53,63.25,94.15,53.37,80.62,71.45,0.0,87.78,116.21,54.59,11.7,51.62,115.97,93.54,75.03,98.09,105.89,85.0,74.33,75.8,43.05,69.23,88.87,69.87,53.14,106.08,66.48,54.45,82.02,71.17,74.63,95.21
47,39.12,29.07,61.52,38.01,13.93,36.06,15.03,59.14,63.89,17.26,64.4,49.0,42.05,69.43,25.0,44.6,16.76,53.85,83.6,60.0,84.9,58.6,14.14,46.52,22.8,59.08,73.54,54.64,37.58,35.0,46.32,60.44,63.07,37.44,60.02,34.71,60.07,27.46,1.41,25.81,52.4,24.84,40.31,48.76,7.62,17.46,87.78,0.0,29.55,37.12,77.08,36.24,28.43,56.44,61.81,32.02,23.09,16.64,37.48,20.1,68.88,52.77,35.51,54.92,43.66,19.24,57.43,53.15,7.07,41.77,36.5,12.37
48,52.39,48.02,80.96,57.31,40.61,50.33,37.48,74.63,73.44,37.64,89.02,76.94,50.8,95.02,5.83,45.1,43.57,77.8,112.61,89.04,113.23,87.66,16.4,54.45,50.8,87.3,96.34,74.46,24.6,55.73,51.04,89.31,69.0,51.62,86.01,62.8,88.28,26.63,30.08,35.11,69.89,53.01,58.24,71.28,37.16,47.01,116.21,29.55,0.0,62.94,105.12,65.19,13.45,61.01,74.95,32.06,27.31,41.11,53.31,48.05,98.08,79.06,42.76,81.02,67.62,18.68,84.15,74.43,36.4,68.12,52.39,21.21
49,66.12,19.42,29.41,16.76,38.21,63.07,25.46,33.42,45.61,25.61,27.31,45.97,35.36,69.35,57.28,47.0,38.01,17.26,52.81,31.14,51.48,30.07,46.75,38.08,15.3,51.61,79.51,69.86,74.69,55.11,42.43,30.41,50.12,64.12,60.83,9.22,52.43,63.91,37.58,34.18,71.47,14.04,62.17,14.56,31.62,26.02,54.59,37.12,62.94,0.0,43.05,14.87,65.19,47.76,38.9,43.97,59.14,42.11,23.35,35.13,52.81,54.67,36.12,56.73,8.25,56.36,56.57,19.92,33.53,47.51,23.19,41.73
50,93.98,61.74,46.39,55.66,72.67,91.55,68.01,58.14,73.25,68.51,26.17,55.23,73.98,70.41,99.64,86.83,71.02,34.37,13.93,19.92,8.54,21.19,88.73,75.13,54.49,52.24,84.17,86.47,113.23,80.32,80.6,18.38,81.02,92.11,66.19,42.45,52.35,101.02,77.1,76.92,91.24,52.35,86.68,41.77,70.09,61.22,11.7,77.08,105.12,43.05,0.0,41.23,105.42,82.22,64.28,86.41,96.02,75.47,62.64,66.37,41.11,64.03,77.16,65.0,41.44,95.67,62.07,43.1,71.59,64.33,62.94,84.02
51,56.44,30.59,42.94,30.89,31.76,53.6,30.08,48.17,60.44,31.58,35.0,31.14,48.38,54.49,60.03,58.86,30.46,28.16,47.43,23.85,48.8,22.47,48.88,51.62,14.87,36.89,64.82,56.61,72.01,44.0,55.36,24.21,64.66,54.45,46.01,5.83,37.74,59.91,36.12,43.05,59.03,12.65,51.01,28.3,29.0,20.0,51.62,36.24,65.19,14.87,41.23,0.0,64.35,61.74,53.74,53.08,54.92,34.93,36.77,26.25,39.62,40.0,47.52,42.01,22.2,54.49,41.73,33.62,30.41,33.62,36.4,44.72
52,40.52,53.45,86.98,62.94,35.36,38.83,40.72,82.2,83.01,41.79,92.28,70.52,60.0,86.37,16.16,56.29,38.01,81.41,111.4,87.86,113.14,86.45,20.4,64.03,51.22,80.96,86.21,63.64,12.17,46.01,61.4,88.46,79.51,40.02,77.78,63.13,81.91,13.93,28.32,43.1,58.46,53.26,47.38,75.64,35.36,44.69,115.97,28.43,13.45,65.19,105.42,64.35,0.0,71.7,83.38,42.58,16.03,34.54,60.21,42.94,93.11,71.2,52.01,72.99,71.12,10.3,76.49,79.48,33.97,60.64,59.23,25.71
53,95.52,32.8,37.95,31.02,67.8,92.44,43.42,26.0,15.0,40.61,56.72,91.27,14.87,114.83,56.14,16.12,69.66,48.01,95.01,77.1,90.45,76.3,52.89,10.63,52.2,98.41,123.07,108.3,83.86,89.64,10.44,75.8,8.06,93.81,105.68,55.95,99.3,79.4,57.8,30.87,107.45,53.25,95.8,41.05,57.8,60.83,93.54,56.44,61.01,47.76,82.22,61.74,71.7,0.0,21.63,29.15,76.55,71.61,25.06,70.04,100.57,98.81,21.02,101.02,43.74,68.68,101.79,39.12,59.41,89.5,25.55,48.7
54,98.98,32.98,18.0,25.5,69.89,95.82,46.87,6.32,9.0,44.55,38.12,84.86,24.35,108.21,69.43,34.41,70.94,31.95,77.78,63.16,72.06,62.65,63.13,21.47,49.24,90.14,118.34,107.19,95.19,90.38,26.63,61.47,17.46,97.08,99.72,48.1,90.91,88.14,62.97,40.31,107.78,49.4,97.17,26.93,60.44,59.93,75.03,61.81,74.95,38.9,64.28,53.74,83.38,21.63,0.0,43.66,84.38,74.0,24.33,69.78,89.19,93.51,32.28,95.59,32.02,78.01,95.46,22.85,62.36,85.8,25.32,58.03
55,70.18,24.7,52.63,31.62,45.49,67.27,24.52,44.29,41.44,22.2,65.22,76.66,19.31,99.02,27.02,13.93,48.02,54.08,96.77,74.73,94.94,73.55,24.6,22.56,39.05,85.7,104.66,86.61,54.74,67.01,19.0,74.22,37.05,68.68,89.54,48.37,86.68,51.08,33.42,10.05,84.39,41.01,72.25,46.62,36.24,43.01,98.09,32.02,32.06,43.97,86.41,53.08,42.58,29.15,43.66,0.0,48.76,48.6,25.5,50.09,92.09,82.28,11.66,84.5,45.18,40.31,86.33,48.17,37.22,71.69,24.84,21.4
56,25.08,52.0,84.59,61.07,23.43,23.09,38.01,82.02,85.7,40.01,86.38,55.95,63.06,70.58,27.2,62.61,25.46,76.24,100.45,77.34,103.23,75.93,24.19,67.45,44.01,66.31,70.18,47.68,17.8,30.07,66.13,78.24,83.82,24.35,62.17,55.01,67.23,5.0,22.2,45.88,42.72,45.69,31.4,71.59,27.51,34.99,105.89,23.09,27.31,59.14,96.02,54.92,16.03,76.55,84.38,48.76,0.0,21.26,60.13,30.41,79.26,55.79,55.66,57.49,66.22,9.22,61.13,76.12,25.63,45.54,59.14,27.86
57,25.0,41.23,70.26,48.76,4.12,21.84,28.3,70.34,77.39,31.06,68.45,36.14,56.86,54.23,38.05,60.83,4.47,59.3,79.31,56.4,82.42,55.0,28.86,61.29,27.0,46.57,57.25,38.01,39.05,18.44,61.85,57.43,77.7,23.09,45.04,36.14,47.54,26.17,15.26,41.73,36.07,28.07,24.21,56.01,13.89,16.12,85.0,16.64,41.11,42.11,75.47,34.93,34.54,71.61,74.0,48.6,21.26,0.0,50.16,9.22,58.6,38.0,51.09,40.01,50.01,24.35,43.05,61.07,12.21,27.02,49.24,28.64
58,75.03,8.94,27.78,7.07,46.1,71.87,22.56,22.09,27.29,20.22,39.96,66.29,12.04,89.87,47.54,24.33,47.41,29.07,74.15,54.01,71.17,53.04,39.81,14.87,27.59,73.36,98.49,85.0,71.7,67.23,19.1,53.01,29.0,73.16,80.8,31.02,74.24,64.01,38.64,18.36,84.91,28.43,73.82,21.47,36.4,37.2,74.33,37.48,53.31,23.35,62.64,36.77,60.21,25.06,24.33,25.5,60.13,50.16,0.0,46.87,75.96,74.03,14.76,76.22,21.38,54.08,76.84,22.67,38.28,65.07,1.0,34.53
59,31.02,38.01,64.13,44.28,7.62,28.0,27.02,65.55,74.09,29.83,60.53,29.07,55.17,49.48,44.28,61.03,5.0,52.0,70.09,47.2,73.24,45.8,34.0,59.46,20.88,39.32,54.59,38.29,48.17,20.62,60.88,48.26,75.43,29.02,40.02,28.16,40.31,35.36,19.03,41.88,38.08,21.38,27.51,49.5,13.93,9.85,75.8,20.1,48.05,35.13,66.37,26.25,42.94,70.04,69.78,50.09,30.41,9.22,46.87,0.0,50.33,32.76,50.45,34.93,43.29,32.65,37.34,54.74,13.34,21.84,46.04,32.39
60,67.21,70.21,74.2,69.57,57.94,65.76,68.01,83.01,97.06,70.01,57.31,24.08,87.8,30.02,93.86,98.48,55.15,58.01,34.0,27.59,42.3,27.59,82.98,90.8,53.04,15.26,44.01,51.89,96.9,53.76,94.83,29.73,102.55,65.76,28.16,45.12,14.76,83.86,68.15,82.15,58.18,51.09,58.14,62.27,61.39,51.79,43.05,68.88,98.08,52.81,41.11,39.62,93.11,100.57,89.19,92.09,79.26,58.6,75.96,50.33,0.0,29.15,87.13,29.07,57.7,82.86,25.08,66.57,61.85,35.38,75.69,80.06
61,39.2,66.03,82.68,69.35,39.2,38.28,58.18,88.09,99.7,60.84,71.17,9.49,84.31,16.76,76.03,92.13,36.22,67.12,60.88,45.18,67.74,44.28,66.37,88.23,46.62,13.89,24.84,23.09,72.45,26.83,90.74,47.27,102.94,38.01,7.28,45.45,14.42,59.77,51.62,73.41,29.07,45.61,29.83,68.24,46.57,39.4,69.23,52.77,79.06,54.67,64.03,40.0,71.2,98.81,93.51,82.28,55.79,38.0,74.03,32.76,29.15,0.0,81.01,2.24,62.2,61.52,5.39,73.5,46.1,11.05,73.41,65.12
62,74.63,17.03,41.11,21.54,47.42,71.56,23.43,32.65,31.0,20.62,54.71,74.32,8.06,97.49,37.34,11.4,49.5,43.83,88.29,67.27,85.7,66.19,32.39,12.04,35.11,82.54,104.56,88.41,64.07,69.35,10.82,66.48,28.16,72.95,88.12,42.19,83.49,58.69,36.89,9.85,87.11,36.69,75.29,36.24,37.48,41.88,88.87,35.51,42.76,36.12,77.16,47.52,52.01,21.02,32.28,11.66,55.66,51.09,14.76,50.45,87.13,81.01,0.0,83.24,35.74,48.05,84.53,37.2,38.95,71.02,14.32,27.89
63,40.22,68.24,84.6,71.51,41.3,39.45,60.42,90.14,101.83,63.07,72.8,11.18,86.53,14.56,78.06,94.37,38.33,68.96,61.39,46.39,68.47,45.54,68.47,90.44,48.83,13.93,22.8,22.85,74.0,28.23,92.96,48.51,105.12,39.12,5.1,47.51,14.32,61.4,53.76,75.64,29.15,47.8,30.81,70.21,48.76,41.63,69.87,54.92,81.02,56.73,65.0,42.01,72.99,101.02,95.59,84.5,57.49,40.01,76.22,34.93,29.07,2.24,83.24,0.0,64.2,63.39,4.24,75.45,48.27,13.15,75.6,67.27
64,74.24,20.81,21.19,14.32,46.04,71.18,30.53,26.17,39.45,30.0,21.4,53.26,33.14,76.38,61.85,45.71,46.01,10.3,52.77,33.38,49.98,32.56,51.87,35.01,23.02,58.14,87.01,78.0,81.15,63.35,40.05,32.14,44.94,72.25,68.12,17.0,58.9,70.88,44.27,36.06,79.7,22.02,70.41,6.32,38.83,34.01,53.14,43.66,67.62,8.25,41.44,22.2,71.12,43.74,32.02,45.18,66.22,50.01,21.38,43.29,57.7,62.2,35.74,64.2,0.0,62.77,63.78,11.7,40.79,55.47,21.59,46.62
65,34.0,46.53,79.83,55.9,25.06,31.78,32.98,76.16,78.64,34.53,83.63,60.44,55.73,77.06,18.03,54.23,27.73,73.01,101.32,77.83,103.28,76.42,15.81,60.02,41.88,70.88,77.78,55.79,18.38,37.22,58.24,78.49,76.16,33.11,68.26,53.6,71.84,10.77,18.87,38.47,51.26,43.83,39.56,67.68,25.61,34.66,106.08,19.24,18.68,56.36,95.67,54.49,10.3,68.68,78.01,40.31,9.22,24.35,54.08,32.65,82.86,61.52,48.05,63.39,62.77,0.0,66.75,71.84,24.08,50.8,53.08,20.22
66,44.41,69.12,83.82,71.84,44.05,43.57,62.03,89.87,101.98,64.62,71.18,10.63,87.46,13.04,81.0,95.75,41.05,67.96,57.87,43.93,65.19,43.17,71.18,91.27,49.74,10.2,23.71,26.83,77.83,32.2,94.02,46.1,105.6,43.27,4.47,47.38,10.44,65.15,56.32,77.25,33.29,48.55,35.0,69.66,50.99,43.32,66.48,57.43,84.15,56.57,62.07,41.73,76.49,101.79,95.46,86.33,61.13,43.05,76.84,37.34,25.08,5.39,84.53,4.24,63.78,66.75,0.0,74.81,50.64,16.03,76.28,69.72
67,85.59,26.42,9.49,17.2,57.04,82.49,38.9,16.55,31.32,37.7,18.03,64.4,32.2,87.21,68.6,45.19,57.22,9.22,56.04,40.31,51.35,39.81,59.51,32.57,34.13,68.59,98.23,89.69,90.14,74.95,38.28,38.63,38.33,83.6,79.2,28.64,69.3,80.6,53.94,40.46,91.39,33.38,82.0,5.39,49.16,45.28,54.45,53.15,74.43,19.92,43.1,33.62,79.48,39.12,22.85,48.17,76.12,61.07,22.67,54.74,66.57,73.5,37.2,75.45,11.7,71.84,74.81,0.0,51.16,67.08,23.35,54.13
68,36.77,29.41,60.01,37.48,8.49,33.62,16.12,59.03,65.39,18.87,60.75,42.01,44.65,62.82,32.02,48.92,10.82,50.7,77.47,53.91,79.21,52.5,21.21,49.09,18.38,52.04,67.54,49.68,41.88,30.41,49.68,54.49,65.51,34.93,53.37,29.68,53.04,30.46,6.32,29.73,48.17,20.12,36.4,46.39,2.0,10.82,82.02,7.07,36.4,33.53,71.59,30.41,33.97,59.41,62.36,37.22,25.63,12.21,38.28,13.34,61.85,46.1,38.95,48.27,40.79,24.08,50.64,51.16,0.0,35.17,37.34,19.1
69,32.02,56.73,76.49,60.96,28.16,30.41,47.89,80.71,91.44,50.61,67.27,11.31,74.81,27.66,65.01,81.99,25.18,61.68,63.56,44.55,69.26,43.42,55.33,78.87,37.48,21.1,33.6,23.35,62.65,18.38,81.02,46.39,94.07,30.48,18.25,38.47,21.95,49.77,40.61,63.06,27.07,36.8,23.32,61.72,35.74,29.15,71.17,41.77,68.12,47.51,64.33,33.62,60.64,89.5,85.8,71.69,45.54,27.02,65.07,21.84,35.38,11.05,71.02,13.15,55.47,50.8,16.03,67.08,35.17,0.0,64.38,54.13
70,74.09,8.06,28.65,7.28,45.19,70.94,21.59,23.09,28.18,19.24,40.5,65.73,12.17,89.31,46.62,24.19,46.53,29.53,74.33,54.0,71.47,53.01,38.83,15.23,26.91,72.9,97.84,84.2,70.71,66.37,19.24,53.04,29.7,72.24,80.21,30.68,73.79,63.01,37.66,17.49,84.06,27.8,72.95,21.95,35.47,36.4,74.63,36.5,52.39,23.19,62.94,36.4,59.23,25.55,25.32,24.84,59.14,49.24,1.0,46.04,75.69,73.41,14.32,75.6,21.59,53.08,76.28,23.35,37.34,64.38,0.0,33.54
71,48.84,27.86,61.35,37.34,26.25,45.97,16.28,56.57,58.42,16.64,68.01,61.07,35.51,81.79,15.62,34.99,29.12,56.86,91.92,68.48,92.2,67.12,5.39,39.81,30.02,71.0,85.8,66.37,37.22,46.65,38.28,68.6,56.04,47.38,72.37,41.88,72.0,30.81,13.6,18.25,63.6,32.25,51.4,50.61,19.0,28.28,95.21,12.37,21.21,41.73,84.02,44.72,25.71,48.7,58.03,21.4,27.86,28.64,34.53,32.39,80.06,65.12,27.89,67.27,46.62,20.22,69.72,54.13,19.1,54.13,33.54,0.0
