vehicles
vehicle_idx, capacity, cost_per_unit_distance
1,100,3
2,100,3
3,100,3
4,100,3
5,100,3
6,100,3
7,100,3
8,100,3
9,100,3
depot
node_idx,x,y
0,91,93
home delivery customers
node_idx,x,y,service_time,demand
1,7,5,15,4
2,21,47,15,22
3,19,99,15,5
4,59,25,15,9
5,21,35,15,19
6,53,83,15,2
7,67,21,15,21
8,83,97,15,22
9,71,35,15,24
10,29,93,15,14
11,83,13,15,15
12,65,17,15,6
13,19,63,15,23
14,59,23,15,14
15,19,41,15,23
16,35,11,15,2
17,21,69,15,2
18,71,13,15,21
19,41,97,15,23
20,85,15,15,4
21,1,75,15,20
22,45,13,15,8
self pickup customers
node_idx,x,y,service_time,demand,locker_idxs
23,27,91,15,18,64
24,33,11,15,14,65
25,69,79,15,7,66
26,99,81,15,18,69
27,27,1,15,20,67
28,73,25,15,14,65-71-63
29,41,25,15,19,67
30,3,65,15,22,70
31,59,83,15,21,64-70
32,37,97,15,14,70
33,97,67,15,21,69
34,31,83,15,15,64
35,45,27,15,15,65-69
36,89,7,15,15,69
37,23,21,15,22,63-67
38,11,93,15,20,63
39,17,11,15,3,64
40,21,59,15,15,67
41,49,21,15,4,65-71-63-69-67
42,83,31,15,10,69
flexible customers
node_idx,x,y,service_time,demand,locker_idxs
43,11,73,15,20,64
44,59,45,15,7,66-67-69-71-63
45,71,47,15,20,69-66
46,87,1,15,11,63
47,79,67,15,10,66
48,59,65,15,5,68-66-70
49,81,93,15,1,70
50,59,89,15,15,64-70-68-66
51,95,23,15,15,63
52,5,83,15,6,67
53,19,21,15,2,63-67
54,17,25,15,26,67
55,23,39,15,7,67
56,83,61,15,26,64
57,63,13,15,12,69-65-71-63
58,77,73,15,24,70-68-66
59,57,1,15,17,69-71-65-63
60,83,11,15,2,69
61,45,71,15,18,70-64-68-66
62,41,55,15,19,66-67
lockers
node_idx,x,y,service_time,capacity,cost_per_unit_good
0,93,12,10,99
1,22,88,10,93
2,65,88,10,71
3,25,15,10,76
4,77,88,10,89
5,72,14,10,74
69,46,22,10,99
70,42,88,10,93
71,53,14,10,89
72,56,69,10,83
73,36,37,10,86
74,52,81,10,73
75,64,26,10,76
76,57,85,10,72
77,54,19,10,100
mrt lines
start_node_idx,end_node_idx,freight_capacity,cost_per_unit_good
0,1,99,0.5
1,0,99,0.5
2,3,76,0.5
3,2,76,0.5
distance matrix
,0,1,2,3,4,5,6,7,8,9,10,11,12,13,14,15,16,17,18,19,20,21,22,23,24,25,26,27,28,29,30,31,32,33,34,35,36,37,38,39,40,41,42,43,44,45,46,47,48,49,50,51,52,53,54,55,56,57,58,59,60,61,62,63,64,65,66,67,68,69,70,71,72,73,74,75,76,77,
0,0.0,121.66,83.76,72.25,75.15,90.91,39.29,75.89,8.94,61.35,62.0,80.4,80.32,78.0,76.97,88.81,99.3,74.0,82.46,50.16,78.23,91.78,92.28,64.03,100.44,26.08,14.42,112.07,70.34,84.4,92.35,33.53,54.15,26.68,60.83,80.45,86.02,99.04,80.0,110.45,77.82,83.35,62.51,82.46,57.69,50.16,92.09,28.64,42.52,10.0,32.25,70.11,86.58,101.82,100.5,86.83,32.98,84.76,24.41,98.08,82.39,50.99,62.8,81.02,69.18,26.48,102.18,14.87,81.25,84.06,49.25,87.66,42.44,78.49,40.8,72.24,34.93,82.73
1,121.66,0.0,44.27,94.76,55.71,33.11,90.55,62.1,119.33,70.68,90.71,76.42,59.23,59.23,55.03,37.95,28.64,65.51,64.5,98.08,78.64,70.26,38.83,88.29,26.68,96.54,119.33,20.4,68.96,39.45,60.13,93.74,96.77,109.29,81.61,43.91,82.02,22.63,88.09,11.66,55.79,44.94,80.32,68.12,65.6,76.55,80.1,95.02,79.4,114.98,98.79,89.82,78.03,20.0,22.36,37.58,94.4,56.57,97.59,50.16,76.24,76.16,60.46,86.28,84.34,101.26,20.59,108.58,65.62,42.54,90.08,46.87,80.6,43.19,88.32,60.75,94.34,49.04
2,83.76,44.27,0.0,52.04,43.91,12.0,48.17,52.84,79.65,51.42,46.69,70.71,53.25,16.12,44.94,6.32,38.63,22.0,60.46,53.85,71.55,34.41,41.62,44.41,37.95,57.69,85.09,46.39,56.46,29.73,25.46,52.35,52.5,78.59,37.36,31.24,78.89,26.08,47.07,36.22,12.0,38.21,64.03,27.86,38.05,50.0,80.45,61.35,42.05,75.6,56.64,77.79,39.4,26.08,22.36,8.25,63.56,54.04,61.74,58.41,71.69,33.94,21.54,80.06,41.01,60.14,32.25,69.4,60.75,35.36,46.07,45.97,41.34,18.03,46.01,47.85,52.35,43.28
3,72.25,94.76,52.04,0.0,84.12,64.03,37.58,91.59,64.03,82.46,11.66,107.2,94.02,36.0,85.88,58.0,89.44,30.07,100.5,22.09,106.83,30.0,89.84,11.31,89.11,53.85,82.0,98.33,91.61,77.2,37.58,43.08,18.11,84.31,20.0,76.55,115.6,78.1,10.0,88.02,40.05,83.57,93.38,27.2,67.2,73.54,119.28,68.0,52.5,62.29,41.23,107.48,21.26,78.0,74.03,60.13,74.43,96.6,63.56,105.11,108.81,38.21,49.19,114.21,11.4,47.3,84.21,59.03,100.17,81.6,25.5,91.55,47.63,64.29,37.59,85.76,40.5,87.32
4,75.15,55.71,43.91,84.12,0.0,39.29,58.31,8.94,75.89,15.62,74.32,26.83,10.0,55.17,2.0,43.08,27.78,58.14,16.97,74.22,27.86,76.58,18.44,73.35,29.53,54.92,68.82,40.0,14.0,18.0,68.82,58.0,75.29,56.64,64.4,14.14,34.99,36.22,83.23,44.27,50.99,10.77,24.74,67.88,20.0,25.06,36.88,46.52,40.0,71.47,64.0,36.06,79.25,40.2,42.0,38.63,43.27,12.65,51.26,24.08,27.78,48.08,34.99,36.4,73.06,63.29,35.44,65.52,17.03,13.34,65.25,12.53,44.1,25.94,56.44,5.1,60.03,7.81
5,90.91,33.11,12.0,64.03,39.29,0.0,57.69,48.08,87.68,50.0,58.55,65.79,47.54,28.07,39.85,6.32,27.78,34.0,54.63,65.15,67.05,44.72,32.56,56.32,26.83,65.12,90.55,34.53,52.95,22.36,34.99,61.22,64.03,82.46,49.03,25.3,73.54,14.14,58.86,24.33,24.0,31.3,62.13,39.29,39.29,51.42,74.24,66.24,48.41,83.45,66.03,74.97,50.6,14.14,10.77,4.47,67.23,47.41,67.68,49.52,66.48,43.27,28.28,75.58,53.01,68.88,20.4,77.1,55.15,28.18,57.01,38.28,48.8,15.13,55.47,43.93,61.61,36.67
6,39.29,90.55,48.17,37.58,58.31,57.69,0.0,63.56,33.11,51.26,26.0,76.16,67.08,39.45,60.3,54.04,74.22,34.93,72.28,18.44,75.15,52.61,70.46,27.2,74.73,16.49,46.04,86.02,61.35,59.23,53.14,6.0,21.26,46.82,22.0,56.57,84.1,68.88,43.17,80.5,40.0,62.13,60.03,43.17,38.47,40.25,88.77,30.53,18.97,29.73,8.49,73.24,48.0,70.71,68.26,53.25,37.2,70.71,26.0,82.1,78.0,14.42,30.46,81.49,31.4,13.0,73.54,24.52,71.57,61.4,12.08,69.0,14.32,49.04,2.24,58.05,4.47,64.01
7,75.89,62.1,52.84,91.59,8.94,48.08,63.56,0.0,77.67,14.56,81.41,17.89,4.47,63.78,8.25,52.0,33.53,66.48,8.94,80.32,18.97,85.28,23.41,80.62,35.44,58.03,68.0,44.72,7.21,26.31,77.67,62.51,81.71,54.92,71.69,22.8,26.08,44.0,91.21,50.99,59.67,18.0,18.87,76.42,25.3,26.31,28.28,47.54,44.72,73.35,68.47,28.07,87.68,48.0,50.16,47.54,43.08,8.94,52.95,22.36,18.87,54.63,42.8,27.51,80.71,67.03,42.43,67.74,8.6,21.02,71.51,15.65,49.24,34.89,61.85,5.83,64.78,13.15
8,8.94,119.33,79.65,64.03,75.89,87.68,33.11,77.67,0.0,63.15,54.15,84.0,82.0,72.47,77.79,85.04,98.49,68.03,84.85,42.0,82.02,84.9,92.2,56.32,99.48,22.8,22.63,111.14,72.69,83.35,86.16,27.78,46.0,33.11,53.85,79.65,90.2,96.83,72.11,108.41,72.72,83.26,66.0,75.89,57.27,51.42,96.08,30.27,40.0,4.47,25.3,74.97,79.25,99.36,97.67,83.45,36.0,86.35,24.74,99.46,86.0,46.04,59.4,85.59,61.66,20.12,100.44,10.82,83.73,83.63,41.98,88.26,38.9,76.22,34.89,73.5,28.64,83.22
9,61.35,70.68,51.42,82.46,15.62,50.0,51.26,14.56,63.15,0.0,71.61,25.06,18.97,59.06,16.97,52.35,43.27,60.46,22.0,68.88,24.41,80.62,34.06,71.22,44.94,44.05,53.85,55.61,10.2,31.62,74.32,49.48,70.71,41.23,62.48,27.2,33.29,50.0,83.45,59.09,55.46,26.08,12.65,71.02,15.62,12.0,37.58,32.98,32.31,58.86,55.32,26.83,81.61,53.85,54.92,48.17,28.64,23.41,38.47,36.77,26.83,44.41,36.06,31.83,72.18,53.34,50.16,53.34,21.02,28.18,60.42,27.66,37.16,35.06,49.77,11.4,51.92,23.35
10,62.0,90.71,46.69,11.66,74.32,58.55,26.0,81.41,54.15,71.61,0.0,96.52,84.1,31.62,76.16,52.95,82.22,25.3,90.35,12.65,96.02,33.29,81.58,2.83,82.1,42.38,71.02,92.02,80.99,69.05,38.21,31.62,8.94,72.8,10.2,67.91,104.86,72.25,18.0,82.87,34.93,74.73,82.22,26.91,56.6,62.29,108.76,56.36,41.04,52.0,30.27,96.21,26.0,72.69,69.05,54.33,62.77,86.93,52.0,96.17,98.18,27.2,39.85,103.23,8.6,36.35,78.1,48.26,89.94,73.01,13.93,82.57,36.12,56.44,25.94,75.59,29.12,78.11
11,80.4,76.42,70.71,107.2,26.83,65.79,76.16,17.89,84.0,25.06,96.52,0.0,18.44,81.22,26.0,69.86,48.04,83.55,12.0,93.91,2.83,102.8,38.0,96.02,50.04,67.47,69.86,57.27,15.62,43.68,95.41,74.0,95.77,55.79,87.2,40.5,8.49,60.53,107.63,66.03,77.2,34.93,18.0,93.72,40.0,36.06,12.65,54.15,57.27,80.02,79.7,15.62,104.8,64.5,67.08,65.39,48.0,20.0,60.3,28.64,2.0,69.34,59.4,10.05,96.67,77.13,58.03,75.24,11.05,38.08,85.48,30.02,62.17,52.77,74.73,23.02,76.55,29.61
12,80.32,59.23,53.25,94.02,10.0,47.54,67.08,4.47,82.0,18.97,84.1,18.44,0.0,65.05,8.49,51.88,30.59,68.12,7.21,83.52,20.1,86.37,20.4,83.19,32.56,62.13,72.47,41.23,11.31,25.3,78.41,66.27,84.76,59.36,74.24,22.36,26.0,42.19,93.23,48.37,60.83,16.49,22.8,77.79,28.64,30.59,27.2,51.92,48.37,77.67,72.25,30.59,89.2,46.17,48.66,47.41,47.54,4.47,57.27,17.89,18.97,57.58,44.94,28.44,83.01,71.0,40.05,72.01,7.62,19.65,74.63,12.37,52.77,35.23,65.31,9.06,68.47,11.18
13,78.0,59.23,16.12,36.0,55.17,28.07,39.45,63.78,72.47,59.06,31.62,81.22,65.05,0.0,56.57,22.0,54.41,6.32,72.14,40.5,81.61,21.63,56.36,29.12,53.85,52.5,82.0,62.51,66.03,43.91,16.12,44.72,38.47,78.1,23.32,44.41,89.64,42.19,31.05,52.04,4.47,51.61,71.55,12.81,43.86,54.41,92.02,60.13,40.05,68.88,47.71,85.88,24.41,42.0,38.05,24.33,64.03,66.6,58.86,72.72,82.46,27.2,23.41,89.87,25.18,52.35,48.37,63.16,72.18,49.09,33.97,59.64,37.48,31.06,37.59,58.26,43.91,56.22
14,76.97,55.03,44.94,85.88,2.0,39.85,60.3,8.25,77.79,16.97,76.16,26.0,8.49,56.57,0.0,43.86,26.83,59.67,15.62,76.16,27.2,77.9,17.2,75.15,28.64,56.89,70.46,38.83,14.14,18.11,70.0,60.0,77.2,58.14,66.21,14.56,34.0,36.06,84.88,43.68,52.35,10.2,25.3,69.31,22.0,26.83,35.61,48.33,42.0,73.38,66.0,36.0,80.72,40.05,42.05,39.4,44.94,10.77,53.14,22.09,26.83,50.0,36.72,35.74,74.79,65.28,34.93,67.45,15.81,13.04,67.19,10.82,46.1,26.93,58.42,5.83,62.03,6.4
15,88.81,37.95,6.32,58.0,43.08,6.32,54.04,52.0,85.04,52.35,52.95,69.86,51.88,22.0,43.86,0.0,34.0,28.07,59.06,60.17,70.94,38.47,38.21,50.64,33.11,62.8,89.44,40.79,56.32,27.2,28.84,58.0,58.82,82.22,43.68,29.53,77.82,20.4,52.61,30.07,18.11,36.06,64.78,32.98,40.2,52.35,78.89,65.39,46.65,80.92,62.48,78.1,44.27,20.0,16.12,4.47,67.05,52.15,66.24,55.17,70.68,39.7,26.08,79.48,47.1,65.76,26.68,74.65,59.48,33.02,52.33,43.42,46.4,17.46,51.86,47.43,58.14,41.34
16,99.3,28.64,38.63,89.44,27.78,27.78,74.22,33.53,98.49,43.27,82.22,48.04,30.59,54.41,26.83,34.0,0.0,59.67,36.06,86.21,50.16,72.47,10.2,80.4,2.0,76.03,94.85,12.81,40.5,15.23,62.77,75.89,86.02,83.55,72.11,18.87,54.15,15.62,85.44,18.0,50.0,17.2,52.0,66.48,41.62,50.91,52.95,71.22,59.09,94.02,81.61,61.19,78.0,18.87,22.8,30.46,69.31,28.07,74.89,24.17,48.0,60.83,44.41,58.01,78.09,82.64,10.77,87.71,37.12,15.56,77.32,18.25,61.68,26.02,72.03,32.65,77.2,20.62
17,74.0,65.51,22.0,30.07,58.14,34.0,34.93,66.48,68.03,60.46,25.3,83.55,68.12,6.32,59.67,28.07,59.67,0.0,75.07,34.41,83.74,20.88,60.93,22.8,59.23,49.03,78.92,68.26,68.12,48.33,18.44,40.5,32.25,76.03,17.2,48.37,92.02,48.04,26.0,58.14,10.0,55.57,72.72,10.77,44.94,54.63,94.76,58.03,38.21,64.62,42.94,87.13,21.26,48.04,44.18,30.07,62.51,70.0,56.14,76.94,84.9,24.08,24.41,91.83,19.03,47.93,54.15,59.14,75.01,53.24,28.32,63.63,35.0,35.34,33.24,60.81,39.4,59.91
18,82.46,64.5,60.46,100.5,16.97,54.63,72.28,8.94,84.85,22.0,90.35,12.0,7.21,72.14,15.62,59.06,36.06,75.07,0.0,89.2,14.14,93.51,26.0,89.55,38.05,66.03,73.54,45.61,12.17,32.31,85.6,71.02,90.62,59.93,80.62,29.53,18.97,48.66,100.0,54.04,67.94,23.41,21.63,84.85,34.18,34.0,20.0,54.59,53.37,80.62,76.94,26.0,96.21,52.61,55.32,54.59,49.48,8.0,60.3,18.44,12.17,63.56,51.61,22.02,89.59,75.24,46.04,75.24,1.41,26.57,80.41,18.03,57.97,42.44,70.6,14.76,73.35,18.03
19,50.16,98.08,53.85,22.09,74.22,65.15,18.44,80.32,42.0,68.88,12.65,93.91,83.52,40.5,76.16,60.17,86.21,34.41,89.2,0.0,93.06,45.65,84.1,15.23,86.37,33.29,60.17,97.02,78.79,72.0,49.68,22.8,4.0,63.53,17.2,70.11,102.0,78.1,30.27,89.29,42.94,76.42,78.23,38.42,55.03,58.31,106.45,48.41,36.72,40.2,19.7,91.61,38.63,79.12,75.89,60.73,55.32,86.83,43.27,97.32,95.71,26.31,42.0,99.64,21.02,25.63,83.55,37.11,88.6,75.17,9.06,83.86,31.76,60.21,19.42,74.63,20.0,79.08
20,78.23,78.64,71.55,106.83,27.86,67.05,75.15,18.97,82.02,24.41,96.02,2.83,20.1,81.61,27.2,70.94,50.16,83.74,14.14,93.06,0.0,103.23,40.05,95.6,52.15,65.97,67.47,59.67,15.62,45.12,96.04,72.8,95.02,53.37,86.83,41.76,8.94,62.29,107.52,68.12,77.67,36.5,16.12,94.02,39.7,34.93,14.14,52.35,56.36,78.1,78.43,12.81,105.0,66.27,68.73,66.48,46.04,22.09,58.55,31.3,4.47,68.82,59.46,8.54,96.43,75.69,60.0,73.44,13.04,39.62,84.72,32.02,61.29,53.71,73.79,23.71,75.39,31.26
21,91.78,70.26,34.41,30.0,76.58,44.72,52.61,85.28,84.9,80.62,33.29,102.8,86.37,21.63,77.9,38.47,72.47,20.88,93.51,45.65,103.23,0.0,76.03,30.53,71.55,68.12,98.18,78.43,87.66,64.03,10.2,58.55,42.19,96.33,31.05,65.12,111.21,58.31,20.59,65.97,25.61,72.25,93.06,10.2,65.3,75.39,113.45,78.41,58.86,82.0,59.67,107.42,8.94,56.92,52.5,42.19,83.19,87.68,76.03,92.8,104.02,44.18,44.72,111.5,24.7,65.31,64.62,77.1,93.61,69.53,43.01,80.16,55.33,51.66,51.35,79.81,56.89,77.1
22,92.28,38.83,41.62,89.84,18.44,32.56,70.46,23.41,92.2,34.06,81.58,38.0,20.4,56.36,17.2,38.21,10.2,60.93,26.0,84.1,40.05,76.03,0.0,80.05,12.17,70.23,86.83,21.63,30.46,12.65,66.84,71.39,84.38,74.97,71.39,14.0,44.41,23.41,86.93,28.07,51.88,8.94,42.05,68.96,34.93,42.8,43.68,63.81,53.85,87.73,77.28,50.99,80.62,27.2,30.46,34.06,61.22,18.0,68.0,16.97,38.05,58.0,42.19,48.01,78.45,77.62,20.1,81.54,27.02,9.06,75.06,8.06,57.07,25.63,68.36,23.02,72.99,10.82
23,64.03,88.29,44.41,11.31,73.35,56.32,27.2,80.62,56.32,71.22,2.83,96.02,83.19,29.12,75.15,50.64,80.4,22.8,89.55,15.23,95.6,30.53,80.05,0.0,80.22,43.68,72.69,90.0,80.45,67.47,35.38,32.98,11.66,74.0,8.94,66.48,104.4,70.11,16.12,80.62,32.56,73.38,82.07,24.08,56.04,62.23,108.17,57.27,41.23,54.04,32.06,96.17,23.41,70.46,66.75,52.15,63.53,85.91,53.14,94.87,97.65,26.91,38.63,102.94,5.83,38.12,76.03,50.09,89.19,71.57,15.3,81.27,36.4,54.74,26.93,74.79,30.59,76.9
24,100.44,26.68,37.95,89.11,29.53,26.83,74.73,35.44,99.48,44.94,82.1,50.04,32.56,53.85,28.64,33.11,2.0,59.23,38.05,86.37,52.15,71.55,12.17,80.22,0.0,76.94,96.21,11.66,42.38,16.12,61.77,76.55,86.09,85.04,72.03,20.0,56.14,14.14,84.9,16.0,49.48,18.87,53.85,65.79,42.8,52.35,54.92,72.47,59.93,95.02,82.22,63.15,77.25,17.2,21.26,29.73,70.71,30.07,76.03,26.0,50.0,61.19,44.72,60.01,77.78,83.38,8.94,88.68,39.12,17.03,77.52,20.22,62.39,26.17,72.53,34.44,77.79,22.47
25,26.08,96.54,57.69,53.85,54.92,65.12,16.49,58.03,22.8,44.05,42.38,67.47,62.13,52.5,56.89,62.8,76.03,49.03,66.03,33.29,65.97,68.12,70.23,43.68,76.94,0.0,30.07,88.59,54.15,60.83,67.47,10.77,36.72,30.46,38.21,57.27,74.73,74.03,59.67,85.6,52.0,61.35,50.0,58.31,35.44,32.06,80.05,15.62,17.2,18.44,14.14,61.74,64.12,76.58,74.97,60.96,22.8,66.27,10.0,78.92,69.43,25.3,36.88,71.17,47.85,9.85,77.67,12.04,65.07,61.47,28.46,66.94,16.4,53.41,17.12,53.24,13.42,61.85
26,14.42,119.33,85.09,82.0,68.82,90.55,46.04,68.0,22.63,53.85,71.02,69.86,72.47,82.0,70.46,89.44,94.85,78.92,73.54,60.17,67.47,98.18,86.83,72.69,96.21,30.07,0.0,107.63,61.74,80.62,97.32,40.05,64.03,14.14,68.03,76.37,74.67,96.83,88.81,107.81,81.04,78.1,52.5,88.36,53.81,44.05,80.89,24.41,43.08,21.63,40.79,58.14,94.02,100.0,99.3,86.83,25.61,76.94,23.41,90.35,71.81,54.92,63.56,69.26,77.32,34.71,99.16,23.09,72.24,79.31,57.43,81.27,44.64,76.84,47.0,65.19,42.19,76.61
27,112.07,20.4,46.39,98.33,40.0,34.53,86.02,44.72,111.14,55.61,92.02,57.27,41.23,62.51,38.83,40.79,12.81,68.26,45.61,97.02,59.67,78.43,21.63,90.0,11.66,88.59,107.63,0.0,51.88,27.78,68.35,88.02,96.52,96.21,82.1,31.62,62.29,20.4,93.38,14.14,58.31,29.73,63.53,73.76,54.41,63.66,60.0,84.02,71.55,106.68,93.64,71.47,84.9,21.54,26.0,38.21,82.07,37.95,87.66,30.0,56.89,72.28,55.79,66.91,87.14,94.94,14.14,100.34,46.84,28.32,88.28,29.07,73.93,37.11,83.82,44.65,89.2,32.45
28,70.34,68.96,56.46,91.61,14.0,52.95,61.35,7.21,72.69,10.2,80.99,15.62,11.31,66.03,14.14,56.32,40.5,68.12,12.17,78.79,15.62,87.66,30.46,80.45,42.38,54.15,61.74,51.88,0.0,32.0,80.62,59.67,80.5,48.37,71.61,28.07,24.08,50.16,92.02,57.72,62.13,24.33,11.66,78.41,24.41,22.09,27.78,42.43,42.38,68.47,65.51,22.09,89.38,54.15,56.0,51.92,37.36,15.62,48.17,28.84,17.2,53.85,43.86,23.85,81.06,63.51,49.03,63.13,11.05,27.17,70.21,22.83,47.17,38.9,59.81,9.06,62.1,19.92
29,84.4,39.45,29.73,77.2,18.0,22.36,59.23,26.31,83.35,31.62,69.05,43.68,25.3,43.91,18.11,27.2,15.23,48.33,32.31,72.0,45.12,64.03,12.65,67.47,16.12,60.83,80.62,27.78,32.0,0.0,55.17,60.73,72.11,70.0,58.86,4.47,51.26,18.44,74.32,27.78,39.45,8.94,42.43,56.6,26.91,37.2,51.88,56.64,43.86,78.89,66.48,54.04,68.26,22.36,24.0,22.8,55.32,25.06,60.0,28.84,44.27,46.17,30.0,53.6,65.8,67.42,18.87,72.56,32.89,5.83,63.01,16.28,46.49,13.0,57.07,23.02,62.1,14.32
30,92.35,60.13,25.46,37.58,68.82,34.99,53.14,77.67,86.16,74.32,38.21,95.41,78.41,16.12,70.0,28.84,62.77,18.44,85.6,49.68,96.04,10.2,66.84,35.38,61.77,67.47,97.32,68.35,80.62,55.17,0.0,58.82,46.69,94.02,33.29,56.64,103.73,48.33,29.12,55.79,18.97,63.66,86.93,11.31,59.46,70.34,105.6,76.03,56.0,82.87,60.93,101.13,18.11,46.82,42.38,32.8,80.1,79.4,74.43,83.74,96.52,42.43,39.29,104.45,29.83,66.13,54.63,77.49,85.8,60.81,45.28,71.42,53.15,43.28,51.55,72.4,57.58,68.68
31,33.53,93.74,52.35,43.08,58.0,61.22,6.0,62.51,27.78,49.48,31.62,74.0,66.27,44.72,60.0,58.0,75.89,40.5,71.02,22.8,72.8,58.55,71.39,32.98,76.55,10.77,40.05,88.02,59.67,60.73,58.82,0.0,26.08,41.23,28.0,57.72,81.71,71.69,49.03,83.35,44.94,62.8,57.27,49.03,38.0,37.95,86.65,25.61,18.0,24.17,6.0,69.97,54.0,73.78,71.61,56.85,32.56,70.11,20.59,82.02,75.89,18.44,33.29,78.72,37.34,7.81,76.03,18.68,70.21,62.37,17.72,69.26,14.32,51.43,7.28,57.22,2.83,64.2
32,54.15,96.77,52.5,18.11,75.29,64.03,21.26,81.71,46.0,70.71,8.94,95.77,84.76,38.47,77.2,58.82,86.02,32.25,90.62,4.0,95.02,42.19,84.38,11.66,86.09,36.72,64.03,96.52,80.5,72.11,46.69,26.08,0.0,67.08,15.23,70.46,103.94,77.28,26.31,88.29,41.23,76.94,80.45,35.38,56.46,60.46,108.24,51.61,38.83,44.18,23.41,94.02,34.93,78.1,74.73,59.67,58.41,87.93,46.65,98.06,97.53,27.2,42.19,101.79,17.49,29.41,82.87,41.0,90.08,75.54,10.3,84.53,33.84,60.01,21.93,75.96,23.32,79.83
33,26.68,109.29,78.59,84.31,56.64,82.46,46.82,54.92,33.11,41.23,72.8,55.79,59.36,78.1,58.14,82.22,83.55,76.03,59.93,63.53,53.37,96.33,74.97,74.0,85.04,30.46,14.14,96.21,48.37,70.0,94.02,41.23,67.08,0.0,67.91,65.6,60.53,87.13,89.84,97.65,76.42,66.48,38.63,86.21,43.91,32.8,66.75,18.0,38.05,30.53,43.91,44.05,93.38,90.55,90.35,79.12,15.23,63.81,20.88,77.18,57.72,52.15,57.27,55.15,77.88,38.28,88.81,29.0,58.6,68.01,58.87,68.88,41.05,67.98,47.13,52.63,43.86,64.44
34,60.83,81.61,37.36,20.0,64.4,49.03,22.0,71.69,53.85,62.48,10.2,87.2,74.24,23.32,66.21,43.68,72.11,17.2,80.62,17.2,86.83,31.05,71.39,8.94,72.03,38.21,68.03,82.1,71.61,58.86,33.29,28.0,15.23,67.91,0.0,57.72,95.6,62.51,22.36,73.35,26.0,64.56,73.54,22.36,47.2,53.81,99.3,50.6,33.29,50.99,28.64,87.73,26.0,63.15,59.67,44.72,56.46,76.97,47.07,86.02,88.81,18.44,29.73,94.26,10.3,34.37,68.26,46.27,80.26,62.82,12.08,72.42,28.65,46.27,21.1,65.86,26.08,68.01
35,80.45,43.91,31.24,76.55,14.14,25.3,56.57,22.8,79.65,27.2,67.91,40.5,22.36,44.41,14.56,29.53,18.87,48.37,29.53,70.11,41.76,65.12,14.0,66.48,20.0,57.27,76.37,31.62,28.07,4.47,56.64,57.72,70.46,65.6,57.72,0.0,48.33,22.8,74.24,32.25,40.0,7.21,38.21,57.2,22.8,32.8,49.4,52.5,40.5,75.18,63.56,50.16,68.82,26.68,28.07,25.06,50.99,22.8,56.04,28.64,41.23,44.0,28.28,50.29,65.19,64.2,23.32,68.88,29.97,5.1,61.07,15.26,43.42,13.45,54.45,19.03,59.23,12.04
36,86.02,82.02,78.89,115.6,34.99,73.54,84.1,26.08,90.2,33.29,104.86,8.49,26.0,89.64,34.0,77.82,54.15,92.02,18.97,102.0,8.94,111.21,44.41,104.4,56.14,74.73,74.67,62.29,24.08,51.26,103.73,81.71,103.94,60.53,95.6,48.33,0.0,67.47,116.1,72.11,85.6,42.38,24.74,102.18,48.41,43.86,6.32,60.83,65.3,86.37,87.32,17.09,113.28,71.39,74.22,73.35,54.33,26.68,67.08,32.56,7.21,77.67,67.88,6.4,105.12,84.48,64.5,81.88,18.38,45.54,93.65,36.67,70.24,60.9,82.73,31.4,84.31,37.0
37,99.04,22.63,26.08,78.1,36.22,14.14,68.88,44.0,96.83,50.0,72.25,60.53,42.19,42.19,36.06,20.4,15.62,48.04,48.66,78.1,62.29,58.31,23.41,70.11,14.14,74.03,96.83,20.4,50.16,18.44,48.33,71.69,77.28,87.13,62.51,22.8,67.47,0.0,72.99,11.66,38.05,26.0,60.83,53.37,43.27,54.59,67.05,72.47,56.85,92.46,76.94,72.03,64.56,4.0,7.21,18.0,72.11,40.79,74.97,39.45,60.83,54.63,38.47,70.58,67.01,79.08,6.32,86.05,49.5,23.02,69.64,30.81,58.25,20.62,66.64,41.3,72.47,31.06
38,80.0,88.09,47.07,10.0,83.23,58.86,43.17,91.21,72.11,83.45,18.0,107.63,93.23,31.05,84.88,52.61,85.44,26.0,100.0,30.27,107.52,20.59,86.93,16.12,84.9,59.67,88.81,93.38,92.02,74.32,29.12,49.03,26.31,89.84,22.36,74.24,116.1,72.99,0.0,82.22,35.44,81.41,95.02,20.0,67.88,75.6,119.33,72.8,55.57,70.0,48.17,109.34,11.66,72.44,68.26,55.32,78.79,95.41,68.96,102.86,109.12,40.5,48.41,115.26,12.08,54.23,79.25,66.19,99.81,79.16,31.4,89.47,51.0,61.33,42.72,85.43,46.69,85.59
39,110.45,11.66,36.22,88.02,44.27,24.33,80.5,50.99,108.41,59.09,82.87,66.03,48.37,52.04,43.68,30.07,18.0,58.14,54.04,89.29,68.12,65.97,28.07,80.62,16.0,85.6,107.81,14.14,57.72,27.78,55.79,83.35,88.29,97.65,73.35,32.25,72.11,11.66,82.22,0.0,48.17,33.53,68.96,62.29,54.04,64.9,70.71,83.55,68.41,104.02,88.59,78.92,72.99,10.2,14.0,28.64,82.8,46.04,86.28,41.23,66.0,66.21,50.12,76.01,77.16,90.74,8.94,97.62,55.08,31.02,80.96,36.12,69.89,32.2,78.26,49.34,84.12,37.85
40,77.82,55.79,12.0,40.05,50.99,24.0,40.0,59.67,72.72,55.46,34.93,77.2,60.83,4.47,52.35,18.11,50.0,10.0,67.94,42.94,77.67,25.61,51.88,32.56,49.48,52.0,81.04,58.31,62.13,39.45,18.97,44.94,41.23,76.42,26.0,40.0,85.6,38.05,35.44,48.17,0.0,47.2,68.03,17.2,40.5,51.42,87.86,58.55,38.47,68.96,48.41,82.29,28.84,38.05,34.23,20.1,62.03,62.29,57.72,68.26,78.41,26.83,20.4,85.98,29.02,52.7,44.18,63.06,68.01,44.65,35.81,55.22,36.4,26.63,38.01,54.2,44.41,51.86
41,83.35,44.94,38.21,83.57,10.77,31.3,62.13,18.0,83.26,26.08,74.73,34.93,16.49,51.61,10.2,36.06,17.2,55.57,23.41,76.42,36.5,72.25,8.94,73.38,18.87,61.35,78.1,29.73,24.33,8.94,63.66,62.8,76.94,66.48,64.56,7.21,42.38,26.0,81.41,33.53,47.2,0.0,35.44,64.4,26.0,34.06,42.94,54.92,45.12,78.79,68.73,46.04,76.03,30.0,32.25,31.62,52.5,16.12,59.06,21.54,35.44,50.16,34.93,44.91,72.24,68.88,24.74,72.62,24.04,3.16,67.36,8.06,48.51,20.62,60.07,15.81,64.5,5.39
42,62.51,80.32,64.03,93.38,24.74,62.13,60.03,18.87,66.0,12.65,82.22,18.0,22.8,71.55,25.3,64.78,52.0,72.72,21.63,78.23,16.12,93.06,42.05,82.07,53.85,50.0,52.5,63.53,11.66,42.43,86.93,57.27,80.45,38.63,73.54,38.21,24.74,60.83,95.02,68.96,68.03,35.44,0.0,83.35,27.78,20.0,30.27,36.22,41.62,62.03,62.77,14.42,93.74,64.78,66.27,60.53,30.0,26.91,42.43,39.7,20.0,55.17,48.37,21.47,83.49,59.77,60.17,57.31,20.25,38.08,70.21,34.48,46.62,47.38,58.83,19.65,59.93,31.38
43,82.46,68.12,27.86,27.2,67.88,39.29,43.17,76.42,75.89,71.02,26.91,93.72,77.79,12.81,69.31,32.98,66.48,10.77,84.85,38.42,94.02,10.2,68.96,24.08,65.79,58.31,88.36,73.76,78.41,56.6,11.31,49.03,35.38,86.21,22.36,57.2,102.18,53.37,20.0,62.29,17.2,64.4,83.35,0.0,55.57,65.39,104.69,68.26,48.66,72.8,50.6,97.75,11.66,52.61,48.37,36.06,72.99,79.4,66.0,85.44,95.02,34.06,34.99,102.2,18.6,56.04,59.67,67.68,84.86,61.85,34.44,72.42,45.18,43.83,41.77,70.84,47.54,69.03
44,57.69,65.6,38.05,67.2,20.0,39.29,38.47,25.3,57.27,15.62,56.6,40.0,28.64,43.86,22.0,40.2,41.62,44.94,34.18,55.03,39.7,65.3,34.93,56.04,42.8,35.44,53.81,54.41,24.41,26.91,59.46,38.0,56.46,43.91,47.2,22.8,48.41,43.27,67.88,54.04,40.5,26.0,27.78,55.57,0.0,12.17,52.15,29.73,20.0,52.8,44.0,42.19,66.03,46.65,46.52,36.5,28.84,32.25,33.29,44.05,41.62,29.53,20.59,47.38,56.73,43.42,45.34,46.62,33.62,26.42,46.24,31.58,24.19,24.35,36.67,19.65,40.05,26.48
45,50.16,76.55,50.0,73.54,25.06,51.42,40.25,26.31,51.42,12.0,62.29,36.06,30.59,54.41,26.83,52.35,50.91,54.63,34.0,58.31,34.93,75.39,42.8,62.23,52.35,32.06,44.05,63.66,22.09,37.2,70.34,37.95,60.46,32.8,53.81,32.8,43.86,54.59,75.6,64.9,51.42,34.06,20.0,65.39,12.17,0.0,48.7,21.54,21.63,47.07,43.68,33.94,75.18,58.14,58.31,48.66,18.44,34.93,26.68,48.08,37.95,35.38,31.05,41.34,63.89,41.44,56.04,41.44,33.02,35.36,50.22,37.59,26.63,36.4,38.95,22.14,40.5,32.76
46,92.09,80.1,80.45,119.28,36.88,74.24,88.77,28.28,96.08,37.58,108.76,12.65,27.2,92.02,35.61,78.89,52.95,94.76,20.0,106.45,14.14,113.45,43.68,108.17,54.92,80.05,80.89,60.0,27.78,51.88,105.6,86.65,108.24,66.75,99.3,49.4,6.32,67.05,119.33,70.71,87.86,42.94,30.27,104.69,52.15,48.7,0.0,66.48,69.86,92.2,92.35,23.41,115.97,70.88,74.0,74.43,60.13,26.83,72.69,30.0,10.77,81.63,70.94,12.53,108.6,89.74,63.56,87.57,19.85,46.07,97.95,36.4,74.73,62.43,87.32,33.97,89.2,37.59
47,28.64,95.02,61.35,68.0,46.52,66.24,30.53,47.54,30.27,32.98,56.36,54.15,51.92,60.13,48.33,65.39,71.22,58.03,54.59,48.41,52.35,78.41,63.81,57.27,72.47,15.62,24.41,84.02,42.43,56.64,76.03,25.61,51.61,18.0,50.6,52.5,60.83,72.47,72.8,83.55,58.55,54.92,36.22,68.26,29.73,21.54,66.48,0.0,20.1,26.08,29.73,46.82,75.71,75.6,74.89,62.61,7.21,56.32,6.32,69.57,56.14,34.23,39.85,56.75,60.75,25.24,74.97,21.1,53.46,55.8,42.54,59.03,23.09,52.43,30.41,43.66,28.43,54.12
48,42.52,79.4,42.05,52.5,40.0,48.41,18.97,44.72,40.0,32.31,41.04,57.27,48.37,40.05,42.0,46.65,59.09,38.21,53.37,36.72,56.36,58.86,53.85,41.23,59.93,17.2,43.08,71.55,42.38,43.86,56.0,18.0,38.83,38.05,33.29,40.5,65.3,56.85,55.57,68.41,38.47,45.12,41.62,48.66,20.0,21.63,69.86,20.1,0.0,35.61,24.0,55.32,56.92,59.46,58.0,44.41,24.33,52.15,19.7,64.03,59.09,15.23,20.59,62.97,43.57,23.77,60.46,29.21,52.63,44.92,28.6,51.35,5.0,36.24,17.46,39.32,20.1,46.27
49,10.0,114.98,75.6,62.29,71.47,83.45,29.73,73.35,4.47,58.86,52.0,80.02,77.67,68.88,73.38,80.92,94.02,64.62,80.62,40.2,78.1,82.0,87.73,54.04,95.02,18.44,21.63,106.68,68.47,78.89,82.87,24.17,44.18,30.53,50.99,75.18,86.37,92.46,70.0,104.02,68.96,78.79,62.03,72.8,52.8,47.07,92.2,26.08,35.61,0.0,22.36,71.39,76.66,95.02,93.38,79.25,32.06,82.0,20.4,95.08,82.02,42.19,55.17,81.88,59.21,16.76,96.02,6.4,79.51,79.16,39.32,83.82,34.66,71.84,31.38,69.12,25.3,78.77
50,32.25,98.79,56.64,41.23,64.0,66.03,8.49,68.47,25.3,55.32,30.27,79.7,72.25,47.71,66.0,62.48,81.61,42.94,76.94,19.7,78.43,59.67,77.28,32.06,82.22,14.14,40.79,93.64,65.51,66.48,60.93,6.0,23.41,43.91,28.64,63.56,87.32,76.94,48.17,88.59,48.41,68.73,62.77,50.6,44.0,43.68,92.35,29.73,24.0,22.36,0.0,75.18,54.33,78.89,76.55,61.61,36.88,76.11,24.08,88.02,81.61,22.8,38.47,84.17,37.01,6.08,81.44,18.03,76.12,68.25,17.03,75.24,20.22,56.86,10.63,63.2,4.47,70.18
51,70.11,89.82,77.79,107.48,36.06,74.97,73.24,28.07,74.97,26.83,96.21,15.62,30.59,85.88,36.0,78.1,61.19,87.13,26.0,91.61,12.81,107.42,50.99,96.17,63.15,61.74,58.14,71.47,22.09,54.04,101.13,69.97,94.02,44.05,87.73,50.16,17.09,72.03,109.34,78.92,82.29,46.04,14.42,97.75,42.19,33.94,23.41,46.82,55.32,71.39,75.18,0.0,108.17,76.03,78.03,73.76,39.85,33.53,53.14,43.91,16.97,69.31,62.77,11.18,97.74,71.59,70.46,67.45,24.7,49.01,83.87,42.95,60.31,60.64,72.2,31.14,72.72,41.19
52,86.58,78.03,39.4,21.26,79.25,50.6,48.0,87.68,79.25,81.61,26.0,104.8,89.2,24.41,80.72,44.27,78.0,21.26,96.21,38.63,105.0,8.94,80.62,23.41,77.25,64.12,94.02,84.9,89.38,68.26,18.11,54.0,34.93,93.38,26.0,68.82,113.28,64.56,11.66,72.99,28.84,76.03,93.74,11.66,66.03,75.18,115.97,75.71,56.92,76.66,54.33,108.17,0.0,63.56,59.23,47.54,81.04,90.91,72.69,97.1,106.15,41.76,45.61,113.07,17.72,60.21,70.88,72.17,96.18,73.5,37.34,84.05,52.89,55.47,47.04,82.04,52.04,80.6
53,101.82,20.0,26.08,78.0,40.2,14.14,70.71,48.0,99.36,53.85,72.69,64.5,46.17,42.0,40.05,20.0,18.87,48.04,52.61,79.12,66.27,56.92,27.2,70.46,17.2,76.58,100.0,21.54,54.15,22.36,46.82,73.78,78.1,90.55,63.15,26.68,71.39,4.0,72.44,10.2,38.05,30.0,64.78,52.61,46.65,58.14,70.88,75.6,59.46,95.02,78.89,76.03,63.56,0.0,4.47,18.44,75.47,44.72,77.9,42.94,64.78,56.36,40.5,74.55,67.07,81.27,8.49,88.62,53.46,27.02,70.84,34.71,60.61,23.35,68.48,45.28,74.43,35.06
54,100.5,22.36,22.36,74.03,42.0,10.77,68.26,50.16,97.67,54.92,69.05,67.08,48.66,38.05,42.05,16.12,22.8,44.18,55.32,75.89,68.73,52.5,30.46,66.75,21.26,74.97,99.3,26.0,56.0,24.0,42.38,71.61,74.73,90.35,59.67,28.07,74.22,7.21,68.26,14.0,34.23,32.25,66.27,48.37,46.52,58.31,74.0,74.89,58.0,93.38,76.55,78.03,59.23,4.47,0.0,15.23,75.18,47.54,76.84,46.65,67.47,53.85,38.42,77.1,63.2,79.2,12.81,87.0,56.09,29.15,67.78,37.64,58.8,22.47,66.04,47.01,72.11,37.48
55,86.83,37.58,8.25,60.13,38.63,4.47,53.25,47.54,83.45,48.17,54.33,65.39,47.41,24.33,39.4,4.47,30.46,30.07,54.59,60.73,66.48,42.19,34.06,52.15,29.73,60.96,86.83,38.21,51.92,22.8,32.8,56.85,59.67,79.12,44.72,25.06,73.35,18.0,55.32,28.64,20.1,31.62,60.53,36.06,36.5,48.66,74.43,62.61,44.41,79.25,61.61,73.76,47.54,18.44,15.23,0.0,63.91,47.71,63.81,50.99,66.21,38.83,24.08,75.03,49.01,64.54,24.08,72.92,55.01,28.6,52.55,39.05,44.6,13.15,51.04,43.01,57.2,36.89
56,32.98,94.4,63.56,74.43,43.27,67.23,37.2,43.08,36.0,28.64,62.77,48.0,47.54,64.03,44.94,67.05,69.31,62.51,49.48,55.32,46.04,83.19,61.22,63.53,70.71,22.8,25.61,82.07,37.36,55.32,80.1,32.56,58.41,15.23,56.46,50.99,54.33,72.11,78.79,82.8,62.03,52.5,30.0,72.99,28.84,18.44,60.13,7.21,24.33,32.06,36.88,39.85,81.04,75.47,75.18,63.91,0.0,52.0,13.42,65.39,50.0,39.29,42.43,50.01,66.71,32.45,74.03,27.66,48.27,53.76,49.09,55.76,28.16,52.77,36.89,39.82,35.38,51.04
57,84.76,56.57,54.04,96.6,12.65,47.41,70.71,8.94,86.35,23.41,86.93,20.0,4.47,66.6,10.77,52.15,28.07,70.0,8.0,86.83,22.09,87.68,18.0,85.91,30.07,66.27,76.94,37.95,15.62,25.06,79.4,70.11,87.93,63.81,76.97,22.8,26.68,40.79,95.41,46.04,62.29,16.12,26.91,79.4,32.25,34.93,26.83,56.32,52.15,82.0,76.11,33.53,90.91,44.72,47.54,47.71,52.0,0.0,61.61,13.42,20.1,60.73,47.41,30.02,85.48,75.03,38.05,76.3,9.06,19.24,77.88,10.05,56.44,36.12,68.88,13.04,72.25,10.82
58,24.41,97.59,61.74,63.56,51.26,67.68,26.0,52.95,24.74,38.47,52.0,60.3,57.27,58.86,53.14,66.24,74.89,56.14,60.3,43.27,58.55,76.03,68.0,53.14,76.03,10.0,23.41,87.66,48.17,60.0,74.43,20.59,46.65,20.88,47.07,56.04,67.08,74.97,68.96,86.28,57.72,59.06,42.43,66.0,33.29,26.68,72.69,6.32,19.7,20.4,24.08,53.14,72.69,77.9,76.84,63.81,13.42,61.61,0.0,74.73,62.29,32.06,40.25,63.06,57.01,19.21,77.9,15.0,59.21,59.68,38.08,63.69,21.38,54.56,26.25,48.76,23.32,58.69
59,98.08,50.16,58.41,105.11,24.08,49.52,82.1,22.36,99.46,36.77,96.17,28.64,17.89,72.72,22.09,55.17,24.17,76.94,18.44,97.32,31.3,92.8,16.97,94.87,26.0,78.92,90.35,30.0,28.84,28.84,83.74,82.02,98.06,77.18,86.02,28.64,32.56,39.45,102.86,41.23,68.26,21.54,39.7,85.44,44.05,48.08,30.0,69.57,64.03,95.08,88.02,43.91,97.1,42.94,46.65,50.99,65.39,13.42,74.73,0.0,27.86,71.02,56.32,37.64,93.78,87.37,34.93,89.27,19.85,23.71,88.28,13.6,68.01,41.68,80.16,25.96,84.0,18.25
60,82.39,76.24,71.69,108.81,27.78,66.48,78.0,18.87,86.0,26.83,98.18,2.0,18.97,82.46,26.83,70.68,48.0,84.9,12.17,95.71,4.47,104.02,38.05,97.65,50.0,69.43,71.81,56.89,17.2,44.27,96.52,75.89,97.53,57.72,88.81,41.23,7.21,60.83,109.12,66.0,78.41,35.44,20.0,95.02,41.62,37.95,10.77,56.14,59.09,82.02,81.61,16.97,106.15,64.78,67.47,66.21,50.0,20.1,62.29,27.86,0.0,71.02,60.83,10.05,98.23,79.08,58.14,77.23,11.4,38.6,87.24,30.15,63.98,53.71,76.56,24.21,78.43,30.08
61,50.99,76.16,33.94,38.21,48.08,43.27,14.42,54.63,46.04,44.41,27.2,69.34,57.58,27.2,50.0,39.7,60.83,24.08,63.56,26.31,68.82,44.18,58.0,26.91,61.19,25.3,54.92,72.28,53.85,46.17,42.43,18.44,27.2,52.15,18.44,44.0,77.67,54.63,40.5,66.21,26.83,50.16,55.17,34.06,29.53,35.38,81.63,34.23,15.23,42.19,22.8,69.31,41.76,56.36,53.85,38.83,39.29,60.73,32.06,71.02,71.02,0.0,16.49,76.06,28.6,26.25,59.46,36.24,63.07,49.01,17.26,57.56,11.18,35.17,12.21,48.85,18.44,52.77
62,62.8,60.46,21.54,49.19,34.99,28.28,30.46,42.8,59.4,36.06,39.85,59.4,44.94,23.41,36.72,26.08,44.41,24.41,51.61,42.0,59.46,44.72,42.19,38.63,44.72,36.88,63.56,55.79,43.86,30.0,39.29,33.29,42.19,57.27,29.73,28.28,67.88,38.47,48.41,50.12,20.4,34.93,48.37,34.99,20.59,31.05,70.94,39.85,20.59,55.17,38.47,62.77,45.61,40.5,38.42,24.08,42.43,47.41,40.25,56.32,60.83,16.49,0.0,67.48,38.08,40.8,43.08,48.84,51.4,33.38,33.02,42.72,20.52,18.68,28.23,37.01,34.0,38.28
63,81.02,86.28,80.06,114.21,36.4,75.58,81.49,27.51,85.59,31.83,103.23,10.05,28.44,89.87,35.74,79.48,58.01,91.83,22.02,99.64,8.54,111.5,48.01,102.94,60.01,71.17,69.26,66.91,23.85,53.6,104.45,78.72,101.79,55.15,94.26,50.29,6.4,70.58,115.26,76.01,85.98,44.91,21.47,102.2,47.38,41.34,12.53,56.75,62.97,81.88,84.17,11.18,113.07,74.55,77.1,75.03,50.01,30.02,63.06,37.64,10.05,76.06,67.48,0.0,104.0,80.99,68.07,77.67,21.1,48.05,91.53,40.05,67.96,62.24,80.26,32.2,81.39,39.62
64,69.18,84.34,41.01,11.4,73.06,53.01,31.4,80.71,61.66,72.18,8.6,96.67,83.01,25.18,74.79,47.1,78.09,19.03,89.59,21.02,96.43,24.7,78.45,5.83,77.78,47.85,77.32,87.14,81.06,65.8,29.83,37.34,17.49,77.88,10.3,65.19,105.12,67.01,12.08,77.16,29.02,72.24,83.49,18.6,56.73,63.89,108.6,60.75,43.57,59.21,37.01,97.74,17.72,67.07,63.2,49.01,66.71,85.48,57.01,93.78,98.23,28.6,38.08,104.0,0.0,43.0,73.06,55.0,89.31,70.23,20.0,80.23,38.95,52.89,30.81,74.89,35.13,76.06
65,26.48,101.26,60.14,47.3,63.29,68.88,13.0,67.03,20.12,53.34,36.35,77.13,71.0,52.35,65.28,65.76,82.64,47.93,75.24,25.63,75.69,65.31,77.62,38.12,83.38,9.85,34.71,94.94,63.51,67.42,66.13,7.81,29.41,38.28,34.37,64.2,84.48,79.08,54.23,90.74,52.7,68.88,59.77,56.04,43.42,41.44,89.74,25.24,23.77,16.76,6.08,71.59,60.21,81.27,79.2,64.54,32.45,75.03,19.21,87.37,79.08,26.25,40.8,80.99,43.0,0.0,83.24,12.0,74.33,68.68,23.0,74.97,21.02,58.67,14.76,62.01,8.54,69.87
66,102.18,20.59,32.25,84.21,35.44,20.4,73.54,42.43,100.44,50.16,78.1,58.03,40.05,48.37,34.93,26.68,10.77,54.15,46.04,83.55,60.0,64.62,20.1,76.03,8.94,77.67,99.16,14.14,49.03,18.87,54.63,76.03,82.87,88.81,68.26,23.32,64.5,6.32,79.25,8.94,44.18,24.74,60.17,59.67,45.34,56.04,63.56,74.97,60.46,96.02,81.44,70.46,70.88,8.49,12.81,24.08,74.03,38.05,77.9,34.93,58.14,59.46,43.08,68.07,73.06,83.24,0.0,89.63,47.01,22.14,74.95,28.02,62.27,24.6,71.31,40.52,76.97,29.27
67,14.87,108.58,69.4,59.03,65.52,77.1,24.52,67.74,10.82,53.34,48.26,75.24,72.01,63.16,67.45,74.65,87.71,59.14,75.24,37.11,73.44,77.1,81.54,50.09,88.68,12.04,23.09,100.34,63.13,72.56,77.49,18.68,41.0,29.0,46.27,68.88,81.88,86.05,66.19,97.62,63.06,72.62,57.31,67.68,46.62,41.44,87.57,21.1,29.21,6.4,18.03,67.45,72.17,88.62,87.0,72.92,27.66,76.3,15.0,89.27,77.23,36.24,48.84,77.67,55.0,12.0,89.63,0.0,74.17,72.92,35.0,77.79,28.32,65.44,25.96,63.35,20.22,72.73
68,81.25,65.62,60.75,100.17,17.03,55.15,71.57,8.6,83.73,21.02,89.94,11.05,7.62,72.18,15.81,59.48,37.12,75.01,1.41,88.6,13.04,93.61,27.02,89.19,39.12,65.07,72.24,46.84,11.05,32.89,85.8,70.21,90.08,58.6,80.26,29.97,18.38,49.5,99.81,55.08,68.01,24.04,20.25,84.86,33.62,33.02,19.85,53.46,52.63,79.51,76.12,24.7,96.18,53.46,56.09,55.01,48.27,9.06,59.21,19.85,11.4,63.07,51.4,21.1,89.31,74.33,47.01,74.17,0.0,27.2,79.85,19.0,57.28,42.72,69.92,14.42,72.57,18.68
69,84.06,42.54,35.36,81.6,13.34,28.18,61.4,21.02,83.63,28.18,73.01,38.08,19.65,49.09,13.04,33.02,15.56,53.24,26.57,75.17,39.62,69.53,9.06,71.57,17.03,61.47,79.31,28.32,27.17,5.83,60.81,62.37,75.54,68.01,62.82,5.1,45.54,23.02,79.16,31.02,44.65,3.16,38.08,61.85,26.42,35.36,46.07,55.8,44.92,79.16,68.25,49.01,73.5,27.02,29.15,28.6,53.76,19.24,59.68,23.71,38.6,49.01,33.38,48.05,70.23,68.68,22.14,72.92,27.2,0.0,66.12,10.63,48.05,18.03,59.3,18.44,63.95,8.54
70,49.25,90.08,46.07,25.5,65.25,57.01,12.08,71.51,41.98,60.42,13.93,85.48,74.63,33.97,67.19,52.33,77.32,28.32,80.41,9.06,84.72,43.01,75.06,15.3,77.52,28.46,57.43,88.28,70.21,63.01,45.28,17.72,10.3,58.87,12.08,61.07,93.65,69.64,31.4,80.96,35.81,67.36,70.21,34.44,46.24,50.22,97.95,42.54,28.6,39.32,17.03,83.87,37.34,70.84,67.78,52.55,49.09,77.88,38.08,88.28,87.24,17.26,33.02,91.53,20.0,23.0,74.95,35.0,79.85,66.12,0.0,74.81,23.6,51.35,12.21,65.79,15.3,70.04
71,87.66,46.87,45.97,91.55,12.53,38.28,69.0,15.65,88.26,27.66,82.57,30.02,12.37,59.64,10.82,43.42,18.25,63.63,18.03,83.86,32.02,80.16,8.06,81.27,20.22,66.94,81.27,29.07,22.83,16.28,71.42,69.26,84.53,68.88,72.42,15.26,36.67,30.81,89.47,36.12,55.22,8.06,34.48,72.42,31.58,37.59,36.4,59.03,51.35,83.82,75.24,42.95,84.05,34.71,37.64,39.05,55.76,10.05,63.69,13.6,30.15,57.56,42.72,40.05,80.23,74.97,28.02,77.79,19.0,10.63,74.81,0.0,55.08,28.6,67.01,16.28,71.11,5.1
72,42.44,80.6,41.34,47.63,44.1,48.8,14.32,49.24,38.9,37.16,36.12,62.17,52.77,37.48,46.1,46.4,61.68,35.0,57.97,31.76,61.29,55.33,57.07,36.4,62.39,16.4,44.64,73.93,47.17,46.49,53.15,14.32,33.84,41.05,28.65,43.42,70.24,58.25,51.0,69.89,36.4,48.51,46.62,45.18,24.19,26.63,74.73,23.09,5.0,34.66,20.22,60.31,52.89,60.61,58.8,44.6,28.16,56.44,21.38,68.01,63.98,11.18,20.52,67.96,38.95,21.02,62.27,28.32,57.28,48.05,23.6,55.08,0.0,37.74,12.65,43.74,16.03,50.04
73,78.49,43.19,18.03,64.29,25.94,15.13,49.04,34.89,76.22,35.06,56.44,52.77,35.23,31.06,26.93,17.46,26.02,35.34,42.44,60.21,53.71,51.66,25.63,54.74,26.17,53.41,76.84,37.11,38.9,13.0,43.28,51.43,60.01,67.98,46.27,13.45,60.9,20.62,61.33,32.2,26.63,20.62,47.38,43.83,24.35,36.4,62.43,52.43,36.24,71.84,56.86,60.64,55.47,23.35,22.47,13.15,52.77,36.12,54.56,41.68,53.71,35.17,18.68,62.24,52.89,58.67,24.6,65.44,42.72,18.03,51.35,28.6,37.74,0.0,46.82,30.08,52.39,25.46
74,40.8,88.32,46.01,37.59,56.44,55.47,2.24,61.85,34.89,49.77,25.94,74.73,65.31,37.59,58.42,51.86,72.03,33.24,70.6,19.42,73.79,51.35,68.36,26.93,72.53,17.12,47.0,83.82,59.81,57.07,51.55,7.28,21.93,47.13,21.1,54.45,82.73,66.64,42.72,78.26,38.01,60.07,58.83,41.77,36.67,38.95,87.32,30.41,17.46,31.38,10.63,72.2,47.04,68.48,66.04,51.04,36.89,68.88,26.25,80.16,76.56,12.21,28.23,80.26,30.81,14.76,71.31,25.96,69.92,59.3,12.21,67.01,12.65,46.82,0.0,56.29,6.4,62.03
75,72.24,60.75,47.85,85.76,5.1,43.93,58.05,5.83,73.5,11.4,75.59,23.02,9.06,58.26,5.83,47.43,32.65,60.81,14.76,74.63,23.71,79.81,23.02,74.79,34.44,53.24,65.19,44.65,9.06,23.02,72.4,57.22,75.96,52.63,65.86,19.03,31.4,41.3,85.43,49.34,54.2,15.81,19.65,70.84,19.65,22.14,33.97,43.66,39.32,69.12,63.2,31.14,82.04,45.28,47.01,43.01,39.82,13.04,48.76,25.96,24.21,48.85,37.01,32.2,74.89,62.01,40.52,63.35,14.42,18.44,65.79,16.28,43.74,30.08,56.29,0.0,59.41,12.21
76,34.93,94.34,52.35,40.5,60.03,61.61,4.47,64.78,28.64,51.92,29.12,76.55,68.47,43.91,62.03,58.14,77.2,39.4,73.35,20.0,75.39,56.89,72.99,30.59,77.79,13.42,42.19,89.2,62.1,62.1,57.58,2.83,23.32,43.86,26.08,59.23,84.31,72.47,46.69,84.12,44.41,64.5,59.93,47.54,40.05,40.5,89.2,28.43,20.1,25.3,4.47,72.72,52.04,74.43,72.11,57.2,35.38,72.25,23.32,84.0,78.43,18.44,34.0,81.39,35.13,8.54,76.97,20.22,72.57,63.95,15.3,71.11,16.03,52.39,6.4,59.41,0.0,66.07
77,82.73,49.04,43.28,87.32,7.81,36.67,64.01,13.15,83.22,23.35,78.11,29.61,11.18,56.22,6.4,41.34,20.62,59.91,18.03,79.08,31.26,77.1,10.82,76.9,22.47,61.85,76.61,32.45,19.92,14.32,68.68,64.2,79.83,64.44,68.01,12.04,37.0,31.06,85.59,37.85,51.86,5.39,31.38,69.03,26.48,32.76,37.59,54.12,46.27,78.77,70.18,41.19,80.6,35.06,37.48,36.89,51.04,10.82,58.69,18.25,30.08,52.77,38.28,39.62,76.06,69.87,29.27,72.73,18.68,8.54,70.04,5.1,50.04,25.46,62.03,12.21,66.07,0.0
