vehicles
vehicle_idx, capacity, cost_per_unit_distance
1,100,1
2,100,1
3,100,1
4,100,1
5,100,1
6,100,1
7,100,1
8,100,1
9,100,1
depot
node_idx,x,y
0,61,37
home delivery customers
node_idx,x,y,service_time,demand
1,47,37,10,24
2,23,71,10,24
3,67,45,10,11
4,67,13,10,8
5,53,35,10,20
6,85,69,10,16
7,81,27,10,4
8,45,43,10,18
9,31,75,10,14
10,49,99,10,10
11,39,69,10,9
12,87,39,10,18
13,35,25,10,4
14,73,73,10,8
15,35,95,10,18
16,19,45,10,72
17,31,21,10,11
18,87,45,10,16
19,65,47,10,13
20,13,49,10,9
self pickup customers
node_idx,x,y,service_time,demand,locker_idxs
21,93,57,10,23,71
22,15,67,10,17,64
23,13,75,10,22,68-64
24,69,25,10,14,66
25,25,39,10,16,74
26,63,9,10,19,66
27,33,47,10,19,68-74
28,49,3,10,18,66-62
29,31,5,10,15,62
30,5,43,10,12,74
31,71,39,10,2,71
32,27,73,10,14,68-64
33,1,77,10,3,64
34,63,73,10,12,61-65
35,21,55,10,20,74
36,65,23,10,7,66
37,23,71,10,23,68
38,53,27,10,18,75
39,89,23,10,12,63-66
40,91,41,10,15,71
flexible customers
node_idx,x,y,service_time,demand,locker_idxs
41,23,43,10,12,74-68-70-72
42,53,5,10,6,66
43,29,73,10,3,70-72-68-64
44,21,49,10,7,68-74-72-70
45,93,43,10,12,71
46,77,79,10,9,65-61
47,47,37,10,22,75-67-73-69-72-70
48,49,87,10,2,68-61
49,37,91,10,11,64
50,19,33,10,19,62
51,97,35,10,18,71
52,79,61,10,12,71-67-73
53,35,63,10,5,70-72-74-68
54,47,9,10,19,62-66
55,1,49,10,19,74
56,79,71,10,10,67-65
57,97,23,10,16,71-63
58,5,81,10,22,64
59,57,85,10,6,61-65
60,51,65,10,27,68-72-70-69-73-67
lockers
node_idx,x,y,service_time,capacity,cost_per_unit_good
61,65,88,10,93
62,25,15,10,83
63,93,12,10,92
64,22,88,10,90
65,77,88,10,76
66,72,14,10,79
67,66,54,10,89
68,31,67,10,85
69,59,41,10,96
70,38,57,10,93
71,80,40,10,92
72,39,61,10,82
73,60,48,10,90
74,24,54,10,87
75,63,29,10,74
mrt lines
start_node_idx,end_node_idx,freight_capacity,cost_per_unit_good
61,62,93,2
62,61,93,2
distance matrix
,0,1,2,3,4,5,6,7,8,9,10,11,12,13,14,15,16,17,18,19,20,21,22,23,24,25,26,27,28,29,30,31,32,33,34,35,36,37,38,39,40,41,42,43,44,45,46,47,48,49,50,51,52,53,54,55,56,57,58,59,60,61,62,63,64,65,66,67,68,69,70,71,72,73,74,75,
0,0.0,14.0,50.99,10.0,24.74,8.25,40.0,22.36,17.09,48.41,63.15,38.83,26.08,28.64,37.95,63.56,42.76,34.0,27.2,10.77,49.48,37.74,54.92,61.22,14.42,36.06,28.07,29.73,36.06,43.86,56.32,10.2,49.52,72.11,36.06,43.86,14.56,50.99,12.81,31.3,30.27,38.47,32.98,48.17,41.76,32.56,44.94,14.0,51.42,59.09,42.19,36.06,30.0,36.77,31.3,61.19,38.47,38.63,71.22,48.17,29.73,51.16,42.19,40.61,64.2,53.45,25.5,17.72,42.43,4.47,30.48,19.24,32.56,11.05,40.72,8.25
1,14.0,0.0,41.62,21.54,31.24,6.32,49.68,35.44,6.32,41.23,62.03,32.98,40.05,16.97,44.41,59.23,29.12,22.63,40.79,20.59,36.06,50.16,43.86,50.99,25.06,22.09,32.25,17.2,34.06,35.78,42.43,24.08,41.18,60.96,39.4,31.62,22.8,41.62,11.66,44.27,44.18,24.74,32.56,40.25,28.64,46.39,51.61,0.0,50.04,54.92,28.28,50.04,40.0,28.64,28.0,47.54,46.69,51.92,60.83,49.03,28.28,54.08,31.11,52.35,56.8,59.17,33.97,25.5,34.0,12.65,21.93,33.14,25.3,17.03,28.6,17.89
2,50.99,41.62,0.0,51.11,72.8,46.86,62.03,72.8,35.61,8.94,38.21,16.12,71.55,47.54,50.04,26.83,26.31,50.64,69.08,48.37,24.17,71.39,8.94,10.77,65.05,32.06,73.78,26.0,72.8,66.48,33.29,57.69,4.47,22.8,40.05,16.12,63.78,0.0,53.25,81.61,74.32,28.0,72.5,6.32,22.09,75.39,54.59,41.62,30.53,24.41,38.21,82.29,56.89,14.42,66.48,31.11,56.0,88.2,20.59,36.77,28.64,45.31,56.04,91.55,17.03,56.61,75.17,46.24,8.94,46.86,20.52,64.88,18.87,43.57,17.03,58.0
3,10.0,21.54,51.11,0.0,32.0,17.2,30.0,22.8,22.09,46.86,56.92,36.88,20.88,37.74,28.64,59.36,48.0,43.27,20.0,2.83,54.15,28.64,56.46,61.77,20.1,42.43,36.22,34.06,45.69,53.81,62.03,7.21,48.83,73.35,28.28,47.07,22.09,51.11,22.8,31.11,24.33,44.05,42.38,47.2,46.17,26.08,35.44,21.54,45.69,54.92,49.48,31.62,20.0,36.72,41.18,66.12,28.64,37.2,71.69,41.23,25.61,43.05,51.61,42.01,62.24,44.15,31.4,9.06,42.19,8.94,31.38,13.93,32.25,7.62,43.93,16.49
4,24.74,31.24,72.8,32.0,0.0,26.08,58.82,19.8,37.2,71.69,87.86,62.61,32.8,34.18,60.3,88.02,57.69,36.88,37.74,34.06,64.9,51.11,74.97,82.22,12.17,49.4,5.66,48.08,20.59,36.88,68.88,26.31,72.11,91.93,60.13,62.29,10.2,72.8,19.8,24.17,36.88,53.25,16.12,71.02,58.41,39.7,66.75,31.24,76.16,83.57,52.0,37.2,49.48,59.36,20.4,75.18,59.23,31.62,92.02,72.69,54.41,75.03,42.05,26.02,87.46,75.66,5.1,41.01,64.9,29.12,52.7,29.97,55.57,35.69,59.41,16.49
5,8.25,6.32,46.86,17.2,26.08,0.0,46.69,29.12,11.31,45.65,64.12,36.77,34.23,20.59,42.94,62.64,35.44,26.08,35.44,16.97,42.38,45.65,49.68,56.57,18.87,28.28,27.86,23.32,32.25,37.2,48.66,18.44,46.04,66.84,39.29,37.74,16.97,46.86,8.0,37.95,38.47,31.05,30.0,44.94,34.93,40.79,50.12,6.32,52.15,58.24,34.06,44.0,36.77,33.29,26.68,53.85,44.41,45.61,66.48,50.16,30.07,54.34,34.41,46.14,61.4,58.18,28.32,23.02,38.83,8.49,26.63,27.46,29.53,14.76,34.67,11.66
6,40.0,49.68,62.03,30.0,58.82,46.69,0.0,42.19,47.71,54.33,46.86,46.0,30.07,66.6,12.65,56.36,70.23,72.25,24.08,29.73,74.73,14.42,70.03,72.25,46.82,67.08,63.91,56.46,75.18,83.74,84.12,33.11,58.14,84.38,22.36,65.51,50.16,62.03,52.8,46.17,28.64,67.23,71.55,56.14,67.05,27.2,12.81,49.68,40.25,52.8,75.18,36.06,10.0,50.36,71.02,86.35,6.32,47.54,80.89,32.25,34.23,27.59,80.72,57.56,65.8,20.62,56.52,24.21,54.04,38.21,48.51,29.43,46.69,32.65,62.82,45.65
7,22.36,35.44,72.8,22.8,19.8,29.12,42.19,0.0,39.4,69.31,78.79,59.4,13.42,46.04,46.69,82.1,64.56,50.36,18.97,25.61,71.47,32.31,77.18,83.23,12.17,57.27,25.46,52.0,40.0,54.63,77.67,15.62,70.94,94.34,49.4,66.21,16.49,72.8,28.0,8.94,17.2,60.17,35.61,69.43,63.91,20.0,52.15,35.44,68.0,77.67,62.29,17.89,34.06,58.41,38.47,82.97,44.05,16.49,93.23,62.77,48.41,63.06,57.27,19.21,84.86,61.13,15.81,30.89,64.03,26.08,52.43,13.04,54.04,29.7,63.07,18.11
8,17.09,6.32,35.61,22.09,37.2,11.31,47.71,39.4,0.0,34.93,56.14,26.68,42.19,20.59,41.04,52.95,26.08,26.08,42.05,20.4,32.56,50.0,38.42,45.25,30.0,20.4,38.47,12.65,40.2,40.5,40.0,26.31,34.99,55.61,34.99,26.83,28.28,35.61,17.89,48.33,46.04,22.0,38.83,34.0,24.74,48.0,48.17,6.32,44.18,48.66,27.86,52.61,38.47,22.36,34.06,44.41,44.05,55.71,55.17,43.68,22.8,49.24,34.41,57.14,50.54,55.22,39.62,23.71,27.78,14.14,15.65,35.13,18.97,15.81,23.71,22.8
9,48.41,41.23,8.94,46.86,71.69,45.65,54.33,69.31,34.93,0.0,30.0,10.0,66.57,50.16,42.05,20.4,32.31,54.0,63.53,44.05,31.62,64.56,17.89,18.0,62.8,36.5,73.35,28.07,74.22,70.0,41.23,53.81,4.47,30.07,32.06,22.36,62.13,8.94,52.8,77.9,68.96,32.98,73.38,2.83,27.86,69.77,46.17,41.23,21.63,17.09,43.68,77.18,50.0,12.65,67.91,39.7,48.17,84.02,26.68,27.86,22.36,36.4,60.3,88.39,15.81,47.8,73.5,40.82,8.0,44.05,19.31,60.22,16.12,39.62,22.14,56.04
10,63.15,62.03,38.21,56.92,87.86,64.12,46.86,78.79,56.14,30.0,0.0,31.62,71.02,75.31,35.38,14.56,61.77,80.05,66.03,54.41,61.61,60.83,46.69,43.27,76.66,64.62,91.08,54.41,96.0,95.71,71.22,63.91,34.06,52.8,29.53,52.15,77.67,38.21,72.11,85.88,71.61,61.74,94.09,32.8,57.31,71.22,34.41,62.03,12.0,14.42,72.5,80.0,48.41,38.63,90.02,69.31,41.04,89.89,47.54,16.12,34.06,19.42,87.36,97.49,29.15,30.08,88.06,48.1,36.72,58.86,43.42,66.65,39.29,52.17,51.48,71.39
11,38.83,32.98,16.12,36.88,62.61,36.77,46.0,59.4,26.68,10.0,31.62,0.0,56.6,44.18,34.23,26.31,31.24,48.66,53.67,34.06,32.8,55.32,24.08,26.68,53.25,33.11,64.62,22.8,66.75,64.5,42.8,43.86,12.65,38.83,24.33,22.8,52.84,16.12,44.27,67.94,59.06,30.53,65.51,10.77,26.91,59.93,39.29,32.98,20.59,22.09,41.18,67.23,40.79,7.21,60.53,42.94,40.05,74.03,36.06,24.08,12.65,32.2,55.79,78.52,25.5,42.49,64.14,30.89,8.25,34.41,12.04,50.22,8.0,29.7,21.21,46.65
12,26.08,40.05,71.55,20.88,32.8,34.23,30.07,13.42,42.19,66.57,71.02,56.6,0.0,53.85,36.77,76.42,68.26,58.82,6.0,23.41,74.67,18.97,77.25,82.29,22.8,62.0,38.42,54.59,52.35,65.51,82.1,16.0,68.96,94.02,41.62,67.91,27.2,71.55,36.06,16.12,4.47,64.12,48.08,67.23,66.75,7.21,41.23,40.05,61.22,72.14,68.26,10.77,23.41,57.27,50.0,86.58,32.98,18.87,92.13,54.92,44.41,53.71,66.48,27.66,81.4,50.01,29.15,25.81,62.61,28.07,52.2,7.07,52.8,28.46,64.76,26.0
13,28.64,16.97,47.54,37.74,34.18,20.59,66.6,46.04,20.59,50.16,75.31,44.18,53.85,0.0,61.22,70.0,25.61,5.66,55.71,37.2,32.56,66.24,46.52,54.63,34.0,17.2,32.25,22.09,26.08,20.4,34.99,38.63,48.66,62.13,55.57,33.11,30.07,47.54,18.11,54.04,58.24,21.63,26.91,48.37,27.78,60.73,68.41,16.97,63.56,66.03,17.89,62.8,56.85,38.0,20.0,41.62,63.66,62.03,63.53,63.91,43.08,69.78,14.14,59.44,64.33,75.72,38.6,42.45,42.19,28.84,32.14,47.43,36.22,33.97,31.02,28.28
14,37.95,44.41,50.04,28.64,60.3,42.94,12.65,46.69,41.04,42.05,35.38,34.23,36.77,61.22,0.0,43.91,60.83,66.84,31.3,27.2,64.62,25.61,58.31,60.03,48.17,58.82,64.78,47.71,74.0,79.92,74.32,34.06,46.0,72.11,10.0,55.03,50.64,50.04,50.16,52.5,36.72,58.31,70.88,44.0,57.27,36.06,7.21,44.41,27.78,40.25,67.2,44.94,13.42,39.29,69.08,75.89,6.32,55.46,68.47,20.0,23.41,17.0,75.29,64.2,53.16,15.52,59.01,20.25,42.43,34.93,38.48,33.73,36.06,28.18,52.55,45.12
15,63.56,59.23,26.83,59.36,88.02,62.64,56.36,82.1,52.95,20.4,14.56,26.31,76.42,70.0,43.91,0.0,52.5,74.11,72.14,56.6,50.99,69.34,34.41,29.73,77.82,56.89,90.44,48.04,93.06,90.09,60.03,66.57,23.41,38.47,35.61,42.38,78.0,26.83,70.34,90.0,77.79,53.37,91.78,22.8,48.08,77.9,44.94,59.23,16.12,4.47,64.03,86.28,55.61,32.0,86.83,57.2,50.12,95.02,33.11,24.17,34.0,30.81,80.62,101.26,14.76,42.58,89.05,51.4,28.28,59.09,38.12,71.06,34.23,53.24,42.45,71.69
16,42.76,29.12,26.31,48.0,57.69,35.44,70.23,64.56,26.08,32.31,61.77,31.24,68.26,25.61,60.83,52.5,0.0,26.83,68.0,46.04,7.21,74.97,22.36,30.59,53.85,8.49,56.85,14.14,51.61,41.76,14.14,52.35,29.12,36.72,52.15,10.2,50.99,26.31,38.47,73.38,72.11,4.47,52.5,29.73,4.47,74.03,67.23,29.12,51.61,49.4,12.0,78.64,62.1,24.08,45.61,18.44,65.39,81.04,38.63,55.17,37.74,62.97,30.59,81.02,43.1,72.2,61.4,47.85,25.06,40.2,22.47,61.2,25.61,41.11,10.3,46.82
17,34.0,22.63,50.64,43.27,36.88,26.08,72.25,50.36,26.08,54.0,80.05,48.66,58.82,5.66,66.84,74.11,26.83,0.0,60.93,42.8,33.29,71.69,48.7,56.92,38.21,18.97,34.18,26.08,25.46,16.0,34.06,43.86,52.15,63.53,61.06,35.44,34.06,50.64,22.8,58.03,63.25,23.41,27.2,52.04,29.73,65.79,74.03,22.63,68.41,70.26,16.97,67.47,62.48,42.19,20.0,41.04,69.31,66.03,65.39,69.08,48.33,75.13,8.49,62.65,67.6,81.27,41.59,48.1,46.0,34.41,36.67,52.55,40.79,39.62,33.73,32.98
18,27.2,40.79,69.08,20.0,37.74,35.44,24.08,18.97,42.05,63.53,66.03,53.67,6.0,55.71,31.3,72.14,68.0,60.93,0.0,22.09,74.11,13.42,75.29,79.85,26.91,62.29,43.27,54.04,56.64,68.82,82.02,17.09,66.21,91.76,36.88,66.75,31.11,69.08,38.47,22.09,5.66,64.03,52.5,64.4,66.12,6.32,35.44,40.79,56.64,67.94,69.05,14.14,17.89,55.03,53.81,86.09,27.2,24.17,89.55,50.0,41.18,48.3,68.88,33.54,77.94,44.15,34.44,22.85,60.17,28.28,50.45,8.6,50.6,27.17,63.64,28.84
19,10.77,20.59,48.37,2.83,34.06,16.97,29.73,25.61,20.4,44.05,54.41,34.06,23.41,37.2,27.2,56.6,46.04,42.8,22.09,0.0,52.04,29.73,53.85,59.06,22.36,40.79,38.05,32.0,46.82,54.04,60.13,10.0,46.04,70.68,26.08,44.72,24.0,48.37,23.32,33.94,26.68,42.19,43.68,44.41,44.05,28.28,34.18,20.59,43.08,52.15,48.08,34.18,19.8,34.0,42.05,64.03,27.78,40.0,68.96,38.83,22.8,41.0,51.22,44.82,59.41,42.72,33.73,7.07,39.45,8.49,28.79,16.55,29.53,5.1,41.59,18.11
20,49.48,36.06,24.17,54.15,64.9,42.38,74.73,71.47,32.56,31.62,61.61,32.8,74.67,32.56,64.62,50.99,7.21,33.29,74.11,52.04,0.0,80.4,18.11,26.0,60.93,15.62,64.03,20.1,58.41,47.54,10.0,58.86,27.78,30.46,55.46,10.0,58.14,24.17,45.65,80.32,78.41,11.66,59.46,28.84,8.0,80.22,70.68,36.06,52.35,48.37,17.09,85.16,67.08,26.08,52.5,12.0,69.57,87.93,32.98,56.85,41.23,65.0,36.06,88.14,40.02,74.95,68.6,53.24,25.46,46.69,26.25,67.6,28.64,47.01,12.08,53.85
21,37.74,50.16,71.39,28.64,51.11,45.65,14.42,32.31,50.0,64.56,60.83,55.32,18.97,66.24,25.61,69.34,74.97,71.69,13.42,29.73,80.4,0.0,78.64,82.0,40.0,70.34,56.6,60.83,69.66,80.92,89.11,28.43,67.91,94.15,34.0,72.03,44.05,71.39,50.0,34.23,16.12,71.39,65.6,65.97,72.44,14.0,27.2,50.16,53.25,65.51,77.79,22.36,14.56,58.31,66.48,92.35,19.8,34.23,91.21,45.61,42.76,41.77,79.92,45.0,77.47,34.89,47.85,27.17,62.8,37.58,55.0,21.4,54.15,34.21,69.07,41.04
22,54.92,43.86,8.94,56.46,74.97,49.68,70.03,77.18,38.42,17.89,46.69,24.08,77.25,46.52,58.31,34.41,22.36,48.7,75.29,53.85,18.11,78.64,0.0,8.25,68.41,29.73,75.29,26.91,72.47,64.03,26.0,62.61,13.42,17.2,48.37,13.42,66.6,8.94,55.17,86.09,80.32,25.3,72.72,15.23,18.97,81.61,63.15,43.86,39.45,32.56,34.23,88.02,64.28,20.4,66.24,22.8,64.12,93.06,17.2,45.69,36.06,54.23,52.95,95.44,22.14,65.46,77.83,52.63,16.0,51.11,25.08,70.38,24.74,48.85,15.81,61.22
23,61.22,50.99,10.77,61.77,82.22,56.57,72.25,83.23,45.25,18.0,43.27,26.68,82.29,54.63,60.03,29.73,30.59,56.92,79.85,59.06,26.0,82.0,8.25,0.0,75.07,37.95,82.8,34.41,80.5,72.28,32.98,68.26,14.14,12.17,50.04,21.54,73.54,10.77,62.48,92.09,85.09,33.53,80.62,16.12,27.2,86.16,64.12,50.99,37.95,28.84,42.43,93.04,67.47,25.06,74.24,28.64,66.12,98.79,10.0,45.12,39.29,53.6,61.19,101.83,15.81,65.31,84.86,57.01,19.7,57.2,30.81,75.59,29.53,54.2,23.71,67.94
24,14.42,25.06,65.05,20.1,12.17,18.87,46.82,12.17,30.0,62.8,76.66,53.25,22.8,34.0,48.17,77.82,53.85,38.21,26.91,22.36,60.93,40.0,68.41,75.07,0.0,46.17,17.09,42.19,29.73,42.94,66.48,14.14,63.78,85.6,48.37,56.6,4.47,65.05,16.12,20.1,27.2,49.4,25.61,62.48,53.67,30.0,54.59,25.06,65.15,73.35,50.64,29.73,37.36,50.99,27.2,72.11,47.07,28.07,85.04,61.19,43.86,63.13,45.12,27.29,78.6,63.51,11.4,29.15,56.64,18.87,44.55,18.6,46.86,24.7,53.54,7.21
25,36.06,22.09,32.06,42.43,49.4,28.28,67.08,57.27,20.4,36.5,64.62,33.11,62.0,17.2,58.82,56.89,8.49,18.97,62.29,40.79,15.62,70.34,29.73,37.95,46.17,0.0,48.41,11.31,43.27,34.53,20.4,46.0,34.06,44.94,50.99,16.49,43.08,32.06,30.46,65.97,66.03,4.47,44.05,34.23,10.77,68.12,65.6,22.09,53.67,53.37,8.49,72.11,58.31,26.0,37.2,26.0,62.77,73.76,46.52,56.04,36.77,63.25,24.0,73.16,49.09,71.45,53.24,43.66,28.64,34.06,22.2,55.01,26.08,36.14,15.03,39.29
26,28.07,32.25,73.78,36.22,5.66,27.86,63.91,25.46,38.47,73.35,91.08,64.62,38.42,32.25,64.78,90.44,56.85,34.18,43.27,38.05,64.03,56.6,75.29,82.8,17.09,48.41,0.0,48.41,15.23,32.25,67.23,31.05,73.43,92.02,64.0,62.29,14.14,73.78,20.59,29.53,42.52,52.5,10.77,72.47,58.0,45.34,71.39,32.25,79.25,86.02,50.12,42.8,54.41,60.83,16.0,73.78,64.03,36.77,92.46,76.24,57.27,79.03,38.47,30.15,89.01,80.23,10.3,45.1,66.24,32.25,54.12,35.36,57.27,39.12,59.55,20.0
27,29.73,17.2,26.0,34.06,48.08,23.32,56.46,52.0,12.65,28.07,54.41,22.8,54.59,22.09,47.71,48.04,14.14,26.08,54.04,32.0,20.1,60.83,26.91,34.41,42.19,11.31,48.41,0.0,46.82,42.05,28.28,38.83,26.68,43.86,39.7,14.42,40.0,26.0,28.28,60.93,58.31,10.77,46.52,26.31,12.17,60.13,54.41,17.2,43.08,44.18,19.8,65.12,48.08,16.12,40.5,32.06,51.88,68.35,44.05,44.94,25.46,52.01,32.98,69.46,42.45,60.14,51.09,33.73,20.1,26.68,11.18,47.52,15.23,27.02,11.4,34.99
28,36.06,34.06,72.8,45.69,20.59,32.25,75.18,40.0,40.2,74.22,96.0,66.75,52.35,26.08,74.0,93.06,51.61,25.46,56.64,46.82,58.41,69.66,72.47,80.5,29.73,43.27,15.23,46.82,0.0,18.11,59.46,42.19,73.38,88.2,71.39,59.06,25.61,72.8,24.33,44.72,56.64,47.71,4.47,72.8,53.85,59.46,80.99,34.06,84.0,88.81,42.43,57.69,65.3,61.61,6.32,66.48,74.32,52.0,89.55,82.39,62.03,86.49,26.83,44.91,89.19,89.49,25.5,53.76,66.48,39.29,55.11,48.27,58.86,46.32,56.8,29.53
29,43.86,35.78,66.48,53.81,36.88,37.2,83.74,54.63,40.5,70.0,95.71,64.5,65.51,20.4,79.92,90.09,41.76,16.0,68.82,54.04,47.54,80.92,64.03,72.28,42.94,34.53,32.25,42.05,18.11,0.0,46.04,52.5,68.12,78.0,75.15,50.99,38.47,66.48,31.11,60.73,69.97,38.83,22.0,68.03,45.12,72.72,87.13,35.78,83.95,86.21,30.46,72.5,73.76,58.14,16.49,53.25,81.61,68.41,80.32,84.12,63.25,89.69,11.66,62.39,83.49,94.89,41.98,60.22,62.0,45.61,52.47,60.22,56.57,51.87,49.5,40.0
30,56.32,42.43,33.29,62.03,68.88,48.66,84.12,77.67,40.0,41.23,71.22,42.8,82.1,34.99,74.32,60.03,14.14,34.06,82.02,60.13,10.0,89.11,26.0,32.98,66.48,20.4,67.23,28.28,59.46,46.04,0.0,66.12,37.2,34.23,65.3,20.0,63.25,33.29,50.6,86.35,86.02,18.0,61.22,38.42,17.09,88.0,80.5,42.43,62.23,57.69,17.2,92.35,76.16,36.06,54.04,7.21,79.12,94.15,38.0,66.84,50.99,75.0,34.41,93.3,48.1,84.91,73.01,61.98,35.38,54.04,35.85,75.06,38.47,55.23,21.95,59.67
31,10.2,24.08,57.69,7.21,26.31,18.44,33.11,15.62,26.31,53.81,63.91,43.86,16.0,38.63,34.06,66.57,52.35,43.86,17.09,10.0,58.86,28.43,62.61,68.26,14.14,46.0,31.05,38.83,42.19,52.5,66.12,0.0,55.61,79.65,34.93,52.5,17.09,57.69,21.63,24.08,20.1,48.17,38.47,54.04,50.99,22.36,40.45,24.08,52.8,62.13,52.35,26.31,23.41,43.27,38.42,70.71,32.98,30.53,78.23,48.08,32.8,49.37,51.88,34.83,69.3,49.37,25.02,15.81,48.83,12.17,37.59,9.06,38.83,14.21,49.34,12.81
32,49.52,41.18,4.47,48.83,72.11,46.04,58.14,70.94,34.99,4.47,34.06,12.65,68.96,48.66,46.0,23.41,29.12,52.15,66.21,46.04,27.78,67.91,13.42,14.14,63.78,34.06,73.43,26.68,73.38,68.12,37.2,55.61,0.0,26.31,36.0,18.97,62.8,4.47,52.84,79.65,71.55,30.27,72.8,2.0,24.74,72.5,50.36,41.18,26.08,20.59,40.79,79.65,53.37,12.81,67.05,35.38,52.04,86.02,23.41,32.31,25.3,40.85,58.03,89.87,15.81,52.2,74.2,43.38,7.21,45.25,19.42,62.43,16.97,41.4,19.24,56.85
33,72.11,60.96,22.8,73.35,91.93,66.84,84.38,94.34,55.61,30.07,52.8,38.83,94.02,62.13,72.11,38.47,36.72,63.53,91.76,70.68,30.46,94.15,17.2,12.17,85.6,44.94,92.02,43.86,88.2,78.0,34.23,79.65,26.31,0.0,62.13,29.73,83.74,22.8,72.14,103.25,96.93,40.5,88.81,28.28,34.41,98.08,76.03,60.96,49.03,38.63,47.54,104.79,79.62,36.77,82.1,28.0,78.23,110.15,5.66,56.57,51.42,64.94,66.48,112.65,23.71,76.79,94.92,68.95,31.62,68.26,42.06,87.24,41.23,65.74,32.53,78.41
34,36.06,39.4,40.05,28.28,60.13,39.29,22.36,49.4,34.99,32.06,29.53,24.33,41.62,55.57,10.0,35.61,52.15,61.06,36.88,26.08,55.46,34.0,48.37,50.04,48.37,50.99,64.0,39.7,71.39,75.15,65.3,34.93,36.0,62.13,0.0,45.69,50.04,40.05,47.07,56.36,42.52,50.0,68.73,34.0,48.37,42.43,15.23,39.4,19.8,31.62,59.46,50.99,20.0,29.73,65.97,66.48,16.12,60.46,58.55,13.42,14.42,15.13,69.34,67.98,43.66,20.52,59.68,19.24,32.56,32.25,29.68,37.12,26.83,25.18,43.38,44.0
35,43.86,31.62,16.12,47.07,62.29,37.74,65.51,66.21,26.83,22.36,52.15,22.8,67.91,33.11,55.03,42.38,10.2,35.44,66.75,44.72,10.0,72.03,13.42,21.54,56.6,16.49,62.29,14.42,59.06,50.99,20.0,52.5,18.97,29.73,45.69,0.0,54.41,16.12,42.52,75.15,71.39,12.17,59.36,19.7,6.0,72.99,60.93,31.62,42.52,39.4,22.09,78.59,58.31,16.12,52.84,20.88,60.17,82.46,30.53,46.86,31.62,55.0,40.2,83.86,33.02,65.0,65.44,45.01,15.62,40.5,17.12,60.88,18.97,39.62,3.16,49.4
36,14.56,22.8,63.78,22.09,10.2,16.97,50.16,16.49,28.28,62.13,77.67,52.84,27.2,30.07,50.64,78.0,50.99,34.06,31.11,24.0,58.14,44.05,66.6,73.54,4.47,43.08,14.14,40.0,25.61,38.47,63.25,17.09,62.8,83.74,50.04,54.41,0.0,63.78,12.65,24.0,31.62,46.52,21.63,61.61,51.11,34.41,57.27,22.8,65.97,73.54,47.07,34.18,40.5,50.0,22.8,69.08,50.0,32.0,83.45,62.51,44.27,65.0,40.79,30.08,77.94,66.1,11.4,31.02,55.61,18.97,43.42,22.67,46.04,25.5,51.4,6.32
37,50.99,41.62,0.0,51.11,72.8,46.86,62.03,72.8,35.61,8.94,38.21,16.12,71.55,47.54,50.04,26.83,26.31,50.64,69.08,48.37,24.17,71.39,8.94,10.77,65.05,32.06,73.78,26.0,72.8,66.48,33.29,57.69,4.47,22.8,40.05,16.12,63.78,0.0,53.25,81.61,74.32,28.0,72.5,6.32,22.09,75.39,54.59,41.62,30.53,24.41,38.21,82.29,56.89,14.42,66.48,31.11,56.0,88.2,20.59,36.77,28.64,45.31,56.04,91.55,17.03,56.61,75.17,46.24,8.94,46.86,20.52,64.88,18.87,43.57,17.03,58.0
38,12.81,11.66,53.25,22.8,19.8,8.0,52.8,28.0,17.89,52.8,72.11,44.27,36.06,18.11,50.16,70.34,38.47,22.8,38.47,23.32,45.65,50.0,55.17,62.48,16.12,30.46,20.59,28.28,24.33,31.11,50.6,21.63,52.84,72.14,47.07,42.52,12.65,53.25,0.0,36.22,40.5,34.0,22.0,51.88,38.83,43.08,57.27,11.66,60.13,65.97,34.53,44.72,42.8,40.25,18.97,56.46,51.11,44.18,72.25,58.14,38.05,62.17,30.46,42.72,68.43,65.55,23.02,29.97,45.65,15.23,33.54,29.97,36.77,22.14,39.62,10.2
39,31.3,44.27,81.61,31.11,24.17,37.95,46.17,8.94,48.33,77.9,85.88,67.94,16.12,54.04,52.5,90.0,73.38,58.03,22.09,33.94,80.32,34.23,86.09,92.09,20.1,65.97,29.53,60.93,44.72,60.73,86.35,24.08,79.65,103.25,56.36,75.15,24.0,81.61,36.22,0.0,18.11,68.96,40.25,78.1,72.8,20.4,57.27,44.27,75.47,85.6,70.71,14.42,39.29,67.2,44.27,91.76,49.03,8.0,102.08,69.77,56.64,69.29,64.5,11.7,93.35,66.1,19.24,38.6,72.8,34.99,61.29,19.24,62.8,38.29,72.01,26.68
40,30.27,44.18,74.32,24.33,36.88,38.47,28.64,17.2,46.04,68.96,71.61,59.06,4.47,58.24,36.72,77.79,72.11,63.25,5.66,26.68,78.41,16.12,80.32,85.09,27.2,66.03,42.52,58.31,56.64,69.97,86.02,20.1,71.55,96.93,42.52,71.39,31.62,74.32,40.5,18.11,0.0,68.03,52.35,69.77,70.46,2.83,40.5,44.18,62.29,73.59,72.44,8.49,23.32,60.17,54.41,90.35,32.31,18.97,94.85,55.61,46.65,53.71,70.94,29.07,83.49,49.04,33.02,28.18,65.39,32.0,55.36,11.05,55.71,31.78,68.25,30.46
41,38.47,24.74,28.0,44.05,53.25,31.05,67.23,60.17,22.0,32.98,61.74,30.53,64.12,21.63,58.31,53.37,4.47,23.41,64.03,42.19,11.66,71.39,25.3,33.53,49.4,4.47,52.5,10.77,47.71,38.83,18.0,48.17,30.27,40.5,50.0,12.17,46.52,28.0,34.0,68.96,68.03,0.0,48.41,30.59,6.32,70.0,64.9,24.74,51.11,50.0,10.77,74.43,58.82,23.32,41.62,22.8,62.61,76.66,42.05,54.04,35.61,61.55,28.07,76.56,45.01,70.29,56.94,44.38,25.3,36.06,20.52,57.08,24.08,37.34,11.05,42.38
42,32.98,32.56,72.5,42.38,16.12,30.0,71.55,35.61,38.83,73.38,94.09,65.51,48.08,26.91,70.88,91.78,52.5,27.2,52.5,43.68,59.46,65.6,72.72,80.62,25.61,44.05,10.77,46.52,4.47,22.0,61.22,38.47,72.8,88.81,68.73,59.36,21.63,72.5,22.0,40.25,52.35,48.41,0.0,72.11,54.41,55.17,77.79,32.56,82.1,87.48,44.05,53.25,61.74,60.73,7.21,68.12,70.94,47.54,89.89,80.1,60.03,83.86,29.73,40.61,88.6,86.4,21.02,50.7,65.79,36.5,54.12,44.2,57.72,43.57,56.94,26.0
43,48.17,40.25,6.32,47.2,71.02,44.94,56.14,69.43,34.0,2.83,32.8,10.77,67.23,48.37,44.0,22.8,29.73,52.04,64.4,44.41,28.84,65.97,15.23,16.12,62.48,34.23,72.47,26.31,72.8,68.03,38.42,54.04,2.0,28.28,34.0,19.7,61.61,6.32,51.88,78.1,69.77,30.59,72.11,0.0,25.3,70.68,48.37,40.25,24.41,19.7,41.23,77.9,51.42,11.66,66.48,36.88,50.04,84.4,25.3,30.46,23.41,39.0,58.14,88.41,16.55,50.29,73.01,41.59,6.32,43.86,18.36,60.75,15.62,39.82,19.65,55.61
44,41.76,28.64,22.09,46.17,58.41,34.93,67.05,63.91,24.74,27.86,57.31,26.91,66.75,27.78,57.27,48.08,4.47,29.73,66.12,44.05,8.0,72.44,18.97,27.2,53.67,10.77,58.0,12.17,53.85,45.12,17.09,50.99,24.74,34.41,48.37,6.0,51.11,22.09,38.83,72.8,70.46,6.32,54.41,25.3,0.0,72.25,63.53,28.64,47.2,44.94,16.12,77.28,59.23,19.8,47.71,20.0,62.03,80.32,35.78,50.91,34.0,58.8,34.23,80.95,39.01,68.24,61.85,45.28,20.59,38.83,18.79,59.68,21.63,39.01,5.83,46.52
45,32.56,46.39,75.39,26.08,39.7,40.79,27.2,20.0,48.0,69.77,71.22,59.93,7.21,60.73,36.06,77.9,74.03,65.79,6.32,28.28,80.22,14.0,81.61,86.16,30.0,68.12,45.34,60.13,59.46,72.72,88.0,22.36,72.5,98.08,42.43,72.99,34.41,75.39,43.08,20.4,2.83,70.0,55.17,70.68,72.25,0.0,39.4,46.39,62.23,73.76,74.67,8.94,22.8,61.35,57.2,92.2,31.3,20.4,95.85,55.32,47.41,53.0,73.54,31.0,84.06,47.76,35.81,29.15,66.48,34.06,56.75,13.34,56.92,33.38,69.87,33.11
46,44.94,51.61,54.59,35.44,66.75,50.12,12.81,52.15,48.17,46.17,34.41,39.29,41.23,68.41,7.21,44.94,67.23,74.03,35.44,34.18,70.68,27.2,63.15,64.12,54.59,65.6,71.39,54.41,80.99,87.13,80.5,40.45,50.36,76.03,15.23,60.93,57.27,54.59,57.27,57.27,40.5,64.9,77.79,48.37,63.53,39.4,0.0,51.61,29.12,41.76,74.03,48.33,18.11,44.94,76.16,81.71,8.25,59.46,72.03,20.88,29.53,15.0,82.46,68.88,55.73,9.0,65.19,27.31,47.54,42.05,44.78,39.12,42.05,35.36,58.6,51.92
47,14.0,0.0,41.62,21.54,31.24,6.32,49.68,35.44,6.32,41.23,62.03,32.98,40.05,16.97,44.41,59.23,29.12,22.63,40.79,20.59,36.06,50.16,43.86,50.99,25.06,22.09,32.25,17.2,34.06,35.78,42.43,24.08,41.18,60.96,39.4,31.62,22.8,41.62,11.66,44.27,44.18,24.74,32.56,40.25,28.64,46.39,51.61,0.0,50.04,54.92,28.28,50.04,40.0,28.64,28.0,47.54,46.69,51.92,60.83,49.03,28.28,54.08,31.11,52.35,56.8,59.17,33.97,25.5,34.0,12.65,21.93,33.14,25.3,17.03,28.6,17.89
48,51.42,50.04,30.53,45.69,76.16,52.15,40.25,68.0,44.18,21.63,12.0,20.59,61.22,63.56,27.78,16.12,51.61,68.41,56.64,43.08,52.35,53.25,39.45,37.95,65.15,53.67,79.25,43.08,84.0,83.95,62.23,52.8,26.08,49.03,19.8,42.52,65.97,30.53,60.13,75.47,62.29,51.11,82.1,24.41,47.2,62.23,29.12,50.04,0.0,12.65,61.77,70.77,39.7,27.78,78.03,61.22,34.0,80.0,44.41,8.25,22.09,16.03,75.89,86.95,27.02,28.02,76.54,37.12,26.91,47.07,31.95,56.3,27.86,40.52,41.4,59.67
49,59.09,54.92,24.41,54.92,83.57,58.24,52.8,77.67,48.66,17.09,14.42,22.09,72.14,66.03,40.25,4.47,49.4,70.26,67.94,52.15,48.37,65.51,32.56,28.84,73.35,53.37,86.02,44.18,88.81,86.21,57.69,62.13,20.59,38.63,31.62,39.4,73.54,24.41,65.97,85.6,73.59,50.0,87.48,19.7,44.94,73.76,41.76,54.92,12.65,0.0,60.73,82.07,51.61,28.07,82.61,55.32,46.52,90.69,33.53,20.88,29.53,28.16,76.94,96.83,15.3,40.11,84.58,47.01,24.74,54.63,34.01,66.71,30.07,48.76,39.22,67.23
50,42.19,28.28,38.21,49.48,52.0,34.06,75.18,62.29,27.86,43.68,72.5,41.18,68.26,17.89,67.2,64.03,12.0,16.97,69.05,48.08,17.09,77.79,34.23,42.43,50.64,8.49,50.12,19.8,42.43,30.46,17.2,52.35,40.79,47.54,59.46,22.09,47.07,38.21,34.53,70.71,72.44,10.77,44.05,41.23,16.12,74.67,74.03,28.28,61.77,60.73,0.0,78.03,66.21,34.0,36.88,24.08,71.02,78.64,50.0,64.4,45.25,71.7,18.97,76.92,55.08,79.93,56.3,51.48,36.06,40.79,30.61,61.4,34.41,43.66,21.59,44.18
51,36.06,50.04,82.29,31.62,37.2,44.0,36.06,17.89,52.61,77.18,80.0,67.23,10.77,62.8,44.94,86.28,78.64,67.47,14.14,34.18,85.16,22.36,88.02,93.04,29.73,72.11,42.8,65.12,57.69,72.5,92.35,26.31,79.65,104.79,50.99,78.59,34.18,82.29,44.72,14.42,8.49,74.43,53.25,77.9,77.28,8.94,48.33,50.04,70.77,82.07,78.03,0.0,31.62,68.03,56.36,97.02,40.25,12.0,102.86,64.03,54.92,61.91,74.73,23.35,91.84,56.65,32.65,36.36,73.35,38.47,62.97,17.72,63.56,39.22,75.43,34.53
52,30.0,40.0,56.89,20.0,49.48,36.77,10.0,34.06,38.47,50.0,48.41,40.79,23.41,56.85,13.42,55.61,62.1,62.48,17.89,19.8,67.08,14.56,64.28,67.47,37.36,58.31,54.41,48.08,65.3,73.76,76.16,23.41,53.37,79.62,20.0,58.31,40.5,56.89,42.8,39.29,23.32,58.82,61.74,51.42,59.23,22.8,18.11,40.0,39.7,51.61,66.21,31.62,0.0,44.05,61.06,78.92,10.0,42.05,76.66,32.56,28.28,30.41,70.94,50.96,63.07,27.07,47.52,14.76,48.37,28.28,41.19,21.02,40.0,23.02,55.44,35.78
53,36.77,28.64,14.42,36.72,59.36,33.29,50.36,58.41,22.36,12.65,38.63,7.21,57.27,38.0,39.29,32.0,24.08,42.19,55.03,34.0,26.08,58.31,20.4,25.06,50.99,26.0,60.83,16.12,61.61,58.14,36.06,43.27,12.81,36.77,29.73,16.12,50.0,14.42,40.25,67.2,60.17,23.32,60.73,11.66,19.8,61.35,44.94,28.64,27.78,28.07,34.0,68.03,44.05,0.0,55.32,36.77,44.72,73.78,34.99,31.11,16.12,39.05,49.03,77.23,28.18,48.88,61.4,32.28,5.66,32.56,6.71,50.54,4.47,29.15,14.21,44.05
54,31.3,28.0,66.48,41.18,20.4,26.68,71.02,38.47,34.06,67.91,90.02,60.53,50.0,20.0,69.08,86.83,45.61,20.0,53.81,42.05,52.5,66.48,66.24,74.24,27.2,37.2,16.0,40.5,6.32,16.49,54.04,38.42,67.05,82.1,65.97,52.84,22.8,66.48,18.97,44.27,54.41,41.62,7.21,66.48,47.71,57.2,76.16,28.0,78.03,82.61,36.88,56.36,61.06,55.32,0.0,60.96,69.77,51.92,83.35,76.66,56.14,81.02,22.8,46.1,82.86,84.5,25.5,48.85,60.17,34.18,48.84,45.28,52.61,41.11,50.54,25.61
55,61.19,47.54,31.11,66.12,75.18,53.85,86.35,82.97,44.41,39.7,69.31,42.94,86.58,41.62,75.89,57.2,18.44,41.04,86.09,64.03,12.0,92.35,22.8,28.64,72.11,26.0,73.78,32.06,66.48,53.25,7.21,70.71,35.38,28.0,66.48,20.88,69.08,31.11,56.46,91.76,90.35,22.8,68.12,36.88,20.0,92.2,81.71,47.54,61.22,55.32,24.08,97.02,78.92,36.77,60.96,0.0,81.04,99.46,32.25,66.57,52.5,74.95,41.62,99.16,44.29,85.42,79.16,65.19,34.99,58.55,37.85,79.51,39.85,59.01,23.54,65.15
56,38.47,46.69,56.0,28.64,59.23,44.41,6.32,44.05,44.05,48.17,41.04,40.05,32.98,63.66,6.32,50.12,65.39,69.31,27.2,27.78,69.57,19.8,64.12,66.12,47.07,62.77,64.03,51.88,74.32,81.61,79.12,32.98,52.04,78.23,16.12,60.17,50.0,56.0,51.11,49.03,32.31,62.61,70.94,50.04,62.03,31.3,8.25,46.69,34.0,46.52,71.02,40.25,10.0,44.72,69.77,81.04,0.0,51.26,74.67,26.08,28.64,22.02,77.79,60.64,59.48,17.12,57.43,21.4,48.17,36.06,43.32,31.02,41.23,29.83,57.57,44.94
57,38.63,51.92,88.2,37.2,31.62,45.61,47.54,16.49,55.71,84.02,89.89,74.03,18.87,62.03,55.46,95.02,81.04,66.03,24.17,40.0,87.93,34.23,93.06,98.79,28.07,73.76,36.77,68.35,52.0,68.41,94.15,30.53,86.02,110.15,60.46,82.46,32.0,88.2,44.18,8.0,18.97,76.66,47.54,84.4,80.32,20.4,59.46,51.92,80.0,90.69,78.64,12.0,42.05,73.78,51.92,99.46,51.26,0.0,108.76,73.78,62.29,72.45,72.44,11.7,99.25,68.01,26.57,43.84,79.32,42.05,68.1,24.04,69.34,44.65,79.31,34.53
58,71.22,60.83,20.59,71.69,92.02,66.48,80.89,93.23,55.17,26.68,47.54,36.06,92.13,63.53,68.47,33.11,38.63,65.39,89.55,68.96,32.98,91.21,17.2,10.0,85.04,46.52,92.46,44.05,89.55,80.32,38.0,78.23,23.41,5.66,58.55,30.53,83.45,20.59,72.25,102.08,94.85,42.05,89.89,25.3,35.78,95.85,72.03,60.83,44.41,33.53,50.0,102.86,76.66,34.99,83.35,32.25,74.67,108.76,0.0,52.15,48.7,60.41,68.96,111.83,18.38,72.34,94.75,66.71,29.53,67.2,40.8,85.48,39.45,64.14,33.02,77.9
59,48.17,49.03,36.77,41.23,72.69,50.16,32.25,62.77,43.68,27.86,16.12,24.08,54.92,63.91,20.0,24.17,55.17,69.08,50.0,38.83,56.85,45.61,45.69,45.12,61.19,56.04,76.24,44.94,82.39,84.12,66.84,48.08,32.31,56.57,13.42,46.86,62.51,36.77,58.14,69.77,55.61,54.04,80.1,30.46,50.91,55.32,20.88,49.03,8.25,20.88,64.4,64.03,32.56,31.11,76.66,66.57,26.08,73.78,52.15,0.0,20.88,8.54,76.97,81.39,35.13,20.22,72.57,32.28,31.62,44.05,33.84,50.54,30.0,37.12,45.28,56.32
60,29.73,28.28,28.64,25.61,54.41,30.07,34.23,48.41,22.8,22.36,34.06,12.65,44.41,43.08,23.41,34.0,37.74,48.33,41.18,22.8,41.23,42.76,36.06,39.29,43.86,36.77,57.27,25.46,62.03,63.25,50.99,32.8,25.3,51.42,14.42,31.62,44.27,28.64,38.05,56.64,46.65,35.61,60.03,23.41,34.0,47.41,29.53,28.28,22.09,29.53,45.25,54.92,28.28,16.12,56.14,52.5,28.64,62.29,48.7,20.88,0.0,26.93,56.36,67.62,37.01,34.71,55.15,18.6,20.1,25.3,15.26,38.29,12.65,19.24,29.15,37.95
61,51.16,54.08,45.31,43.05,75.03,54.34,27.59,63.06,49.24,36.4,19.42,32.2,53.71,69.78,17.0,30.81,62.97,75.13,48.3,41.0,65.0,41.77,54.23,53.6,63.13,63.25,79.03,52.01,86.49,89.69,75.0,49.37,40.85,64.94,15.13,55.0,65.0,45.31,62.17,69.29,53.71,61.55,83.86,39.0,58.8,53.0,15.0,54.08,16.03,28.16,71.7,61.91,30.41,39.05,81.02,74.95,22.02,72.45,60.41,8.54,26.93,0.0,83.24,80.99,43.0,12.0,74.33,34.01,39.96,47.38,41.11,50.29,37.48,40.31,53.26,59.03
62,42.19,31.11,56.04,51.61,42.05,34.41,80.72,57.27,34.41,60.3,87.36,55.79,66.48,14.14,75.29,80.62,30.59,8.49,68.88,51.22,36.06,79.92,52.95,61.19,45.12,24.0,38.47,32.98,26.83,11.66,34.41,51.88,58.03,66.48,69.34,40.2,40.79,56.04,30.46,64.5,70.94,28.07,29.73,58.14,34.23,73.54,82.46,31.11,75.89,76.94,18.97,74.73,70.94,49.03,22.8,41.62,77.79,72.44,68.96,76.97,56.36,83.24,0.0,68.07,73.06,89.63,47.01,56.59,52.35,42.8,43.97,60.42,48.08,48.1,39.01,40.5
63,40.61,52.35,91.55,42.01,26.02,46.14,57.56,19.21,57.14,88.39,97.49,78.52,27.66,59.44,64.2,101.26,81.02,62.65,33.54,44.82,88.14,45.0,95.44,101.83,27.29,73.16,30.15,69.46,44.91,62.39,93.3,34.83,89.87,112.65,67.98,83.86,30.08,91.55,42.72,11.7,29.07,76.56,40.61,88.41,80.95,31.0,68.88,52.35,86.95,96.83,76.92,23.35,50.96,77.23,46.1,99.16,60.64,11.7,111.83,81.39,67.62,80.99,68.07,0.0,104.0,77.67,21.1,49.93,82.88,44.69,71.06,30.87,72.92,48.84,80.78,34.48
64,64.2,56.8,17.03,62.24,87.46,61.4,65.8,84.86,50.54,15.81,29.15,25.5,81.4,64.33,53.16,14.76,43.1,67.6,77.94,59.41,40.02,77.47,22.14,15.81,78.6,49.09,89.01,42.45,89.19,83.49,48.1,69.3,15.81,23.71,43.66,33.02,77.94,17.03,68.43,93.35,83.49,45.01,88.6,16.55,39.01,84.06,55.73,56.8,27.02,15.3,55.08,91.84,63.07,28.18,82.86,44.29,59.48,99.25,18.38,35.13,37.01,43.0,73.06,104.0,0.0,55.0,89.31,55.61,22.85,59.82,34.89,75.29,31.91,55.17,34.06,71.85
65,53.45,59.17,56.61,44.15,75.66,58.18,20.62,61.13,55.22,47.8,30.08,42.49,50.01,75.72,15.52,42.58,72.2,81.27,44.15,42.72,74.95,34.89,65.46,65.31,63.51,71.45,80.23,60.14,89.49,94.89,84.91,49.37,52.2,76.79,20.52,65.0,66.1,56.61,65.55,66.1,49.04,70.29,86.4,50.29,68.24,47.76,9.0,59.17,28.02,40.11,79.93,56.65,27.07,48.88,84.5,85.42,17.12,68.01,72.34,20.22,34.71,12.0,89.63,77.67,55.0,0.0,74.17,35.74,50.57,50.33,49.82,48.09,46.62,43.46,62.97,60.64
66,25.5,33.97,75.17,31.4,5.1,28.32,56.52,15.81,39.62,73.5,88.06,64.14,29.15,38.6,59.01,89.05,61.4,41.59,34.44,33.73,68.6,47.85,77.83,84.86,11.4,53.24,10.3,51.09,25.5,41.98,73.01,25.02,74.2,94.92,59.68,65.44,11.4,75.17,23.02,19.24,33.02,56.94,21.02,73.01,61.85,35.81,65.19,33.97,76.54,84.58,56.3,32.65,47.52,61.4,25.5,79.16,57.43,26.57,94.75,72.57,55.15,74.33,47.01,21.1,89.31,74.17,0.0,40.45,67.01,29.97,54.82,27.2,57.43,36.06,62.48,17.49
67,17.72,25.5,46.24,9.06,41.01,23.02,24.21,30.89,23.71,40.82,48.1,30.89,25.81,42.45,20.25,51.4,47.85,48.1,22.85,7.07,53.24,27.17,52.63,57.01,29.15,43.66,45.1,33.73,53.76,60.22,61.98,15.81,43.38,68.95,19.24,45.01,31.02,46.24,29.97,38.6,28.18,44.38,50.7,41.59,45.28,29.15,27.31,25.5,37.12,47.01,51.48,36.36,14.76,32.28,48.85,65.19,21.4,43.84,66.71,32.28,18.6,34.01,56.59,49.93,55.61,35.74,40.45,0.0,37.34,14.76,28.16,19.8,27.89,8.49,42.0,25.18
68,42.43,34.0,8.94,42.19,64.9,38.83,54.04,64.03,27.78,8.0,36.72,8.25,62.61,42.19,42.43,28.28,25.06,46.0,60.17,39.45,25.46,62.8,16.0,19.7,56.64,28.64,66.24,20.1,66.48,62.0,35.38,48.83,7.21,31.62,32.56,15.62,55.61,8.94,45.65,72.8,65.39,25.3,65.79,6.32,20.59,66.48,47.54,34.0,26.91,24.74,36.06,73.35,48.37,5.66,60.17,34.99,48.17,79.32,29.53,31.62,20.1,39.96,52.35,82.88,22.85,50.57,67.01,37.34,0.0,38.21,12.21,55.95,10.0,34.67,14.76,49.68
69,4.47,12.65,46.86,8.94,29.12,8.49,38.21,26.08,14.14,44.05,58.86,34.41,28.07,28.84,34.93,59.09,40.2,34.41,28.28,8.49,46.69,37.58,51.11,57.2,18.87,34.06,32.25,26.68,39.29,45.61,54.04,12.17,45.25,68.26,32.25,40.5,18.97,46.86,15.23,34.99,32.0,36.06,36.5,43.86,38.83,34.06,42.05,12.65,47.07,54.63,40.79,38.47,28.28,32.56,34.18,58.55,36.06,42.05,67.2,44.05,25.3,47.38,42.8,44.69,59.82,50.33,29.97,14.76,38.21,0.0,26.4,21.02,28.28,7.07,37.34,12.65
70,30.48,21.93,20.52,31.38,52.7,26.63,48.51,52.43,15.65,19.31,43.42,12.04,52.2,32.14,38.48,38.12,22.47,36.67,50.45,28.79,26.25,55.0,25.08,30.81,44.55,22.2,54.12,11.18,55.11,52.47,35.85,37.59,19.42,42.06,29.68,17.12,43.42,20.52,33.54,61.29,55.36,20.52,54.12,18.36,18.79,56.75,44.78,21.93,31.95,34.01,30.61,62.97,41.19,6.71,48.84,37.85,43.32,68.1,40.8,33.84,15.26,41.11,43.97,71.06,34.89,49.82,54.82,28.16,12.21,26.4,0.0,45.31,4.12,23.77,14.32,37.54
71,19.24,33.14,64.88,13.93,29.97,27.46,29.43,13.04,35.13,60.22,66.65,50.22,7.07,47.43,33.73,71.06,61.2,52.55,8.6,16.55,67.6,21.4,70.38,75.59,18.6,55.01,35.36,47.52,48.27,60.22,75.06,9.06,62.43,87.24,37.12,60.88,22.67,64.88,29.97,19.24,11.05,57.08,44.2,60.75,59.68,13.34,39.12,33.14,56.3,66.71,61.4,17.72,21.02,50.54,45.28,79.51,31.02,24.04,85.48,50.54,38.29,50.29,60.42,30.87,75.29,48.09,27.2,19.8,55.95,21.02,45.31,0.0,46.07,21.54,57.72,20.25
72,32.56,25.3,18.87,32.25,55.57,29.53,46.69,54.04,18.97,16.12,39.29,8.0,52.8,36.22,36.06,34.23,25.61,40.79,50.6,29.53,28.64,54.15,24.74,29.53,46.86,26.08,57.27,15.23,58.86,56.57,38.47,38.83,16.97,41.23,26.83,18.97,46.04,18.87,36.77,62.8,55.71,24.08,57.72,15.62,21.63,56.92,42.05,25.3,27.86,30.07,34.41,63.56,40.0,4.47,52.61,39.85,41.23,69.34,39.45,30.0,12.65,37.48,48.08,72.92,31.91,46.62,57.43,27.89,10.0,28.28,4.12,46.07,0.0,24.7,16.55,40.0
73,11.05,17.03,43.57,7.62,35.69,14.76,32.65,29.7,15.81,39.62,52.17,29.7,28.46,33.97,28.18,53.24,41.11,39.62,27.17,5.1,47.01,34.21,48.85,54.2,24.7,36.14,39.12,27.02,46.32,51.87,55.23,14.21,41.4,65.74,25.18,39.62,25.5,43.57,22.14,38.29,31.78,37.34,43.57,39.82,39.01,33.38,35.36,17.03,40.52,48.76,43.66,39.22,23.02,29.15,41.11,59.01,29.83,44.65,64.14,37.12,19.24,40.31,48.1,48.84,55.17,43.46,36.06,8.49,34.67,7.07,23.77,21.54,24.7,0.0,36.5,19.24
74,40.72,28.6,17.03,43.93,59.41,34.67,62.82,63.07,23.71,22.14,51.48,21.21,64.76,31.02,52.55,42.45,10.3,33.73,63.64,41.59,12.08,69.07,15.81,23.71,53.54,15.03,59.55,11.4,56.8,49.5,21.95,49.34,19.24,32.53,43.38,3.16,51.4,17.03,39.62,72.01,68.25,11.05,56.94,19.65,5.83,69.87,58.6,28.6,41.4,39.22,21.59,75.43,55.44,14.21,50.54,23.54,57.57,79.31,33.02,45.28,29.15,53.26,39.01,80.78,34.06,62.97,62.48,42.0,14.76,37.34,14.32,57.72,16.55,36.5,0.0,46.32
75,8.25,17.89,58.0,16.49,16.49,11.66,45.65,18.11,22.8,56.04,71.39,46.65,26.0,28.28,45.12,71.69,46.82,32.98,28.84,18.11,53.85,41.04,61.22,67.94,7.21,39.29,20.0,34.99,29.53,40.0,59.67,12.81,56.85,78.41,44.0,49.4,6.32,58.0,10.2,26.68,30.46,42.38,26.0,55.61,46.52,33.11,51.92,17.89,59.67,67.23,44.18,34.53,35.78,44.05,25.61,65.15,44.94,34.53,77.9,56.32,37.95,59.03,40.5,34.48,71.85,60.64,17.49,25.18,49.68,12.65,37.54,20.25,40.0,19.24,46.32,0.0
