vehicles
vehicle_idx, capacity, cost_per_unit_distance
1,100,3
2,100,3
3,100,3
4,100,3
5,100,3
6,100,3
7,100,3
8,100,3
9,100,3
10,100,3
depot
node_idx,x,y
0,76,75
home delivery customers
node_idx,x,y,service_time,demand
1,20,0,10,17
2,41,55,10,1
3,21,15,10,15
4,46,1,10,16
5,71,41,10,20
6,80,36,10,12
7,65,85,10,11
8,34,50,10,17
9,51,91,10,12
10,61,54,10,2
11,76,90,10,17
12,35,100,10,15
13,21,11,10,22
14,75,14,10,2
15,100,6,10,6
16,25,86,10,11
17,85,76,10,26
18,6,55,10,25
19,40,96,10,25
20,20,71,10,16
21,31,41,10,22
22,40,49,10,17
self pickup customers
node_idx,x,y,service_time,demand,locker_idxs
23,60,14,10,11,71-68-63
24,91,14,10,26,71-63-68
25,86,31,10,5,71-73-63-68
26,16,89,10,2,77-64
27,41,1,10,22,77-66
28,60,94,10,25,70-65-67
29,55,25,10,20,77-75-71-69-73-68
30,19,71,10,21,74-64
31,61,94,10,15,78-65-67
32,19,11,10,21,77-66
33,41,75,10,16,74-64-65
34,65,54,10,6,73-65
35,55,10,10,2,71-73-68
36,99,91,10,10,71-67
37,25,76,10,6,70-64
38,60,34,10,17,71-75-69-68
39,41,44,10,10,72-75-66
40,60,54,10,25,69-65
41,94,45,10,5,71-63
42,56,80,10,6,76-70-78-74-65-67
flexible customers
node_idx,x,y,service_time,demand,locker_idxs
43,46,5,10,20,77-69-75-66-68
44,70,95,10,17,70-65-67
45,95,45,10,22,71-63
46,39,35,10,21,72-77-75-73-69-66
47,61,70,10,26,70-74-78-76-65-67
48,100,26,10,5,71-63
49,40,51,10,5,78-74-76-72-73-66
50,36,61,10,12,72-76-74-78-70-64
51,69,50,10,12,78-76-71-73-69-75-68
52,1,40,10,26,72-66
53,15,91,10,12,70-64
54,79,81,10,16,70-76-67-65
55,34,36,10,21,77-75-69-73-72-66
56,74,99,10,16,76-67-65
57,75,16,10,1,71-73-69-75-68-63
58,30,45,10,63,72-74-66
59,21,85,10,10,74-64-65
60,75,80,10,21,70-78-76-67-65
61,71,35,10,7,71-75-69-73-68-63
62,56,81,10,1,70-74-78-76-65-67
lockers
node_idx,x,y,service_time,capacity,cost_per_unit_good
63,93,12,10,87
64,22,88,10,71
65,65,88,10,97
66,25,15,10,76
67,77,88,10,77
68,72,14,10,81
69,58,26,10,95
70,51,79,10,94
71,75,26,10,92
72,25,51,10,74
73,61,33,10,98
74,42,70,10,99
75,57,25,10,74
76,61,63,10,85
77,40,11,10,88
78,51,71,10,83
mrt lines
start_node_idx,end_node_idx,freight_capacity,cost_per_unit_good
63,64,87,0.5
64,63,87,0.5
65,66,97,0.5
66,65,97,0.5
67,68,81,0.5
68,67,81,0.5
distance matrix
,0,1,2,3,4,5,6,7,8,9,10,11,12,13,14,15,16,17,18,19,20,21,22,23,24,25,26,27,28,29,30,31,32,33,34,35,36,37,38,39,40,41,42,43,44,45,46,47,48,49,50,51,52,53,54,55,56,57,58,59,60,61,62,63,64,65,66,67,68,69,70,71,72,73,74,75,76,77,78,
0,0.0,93.6,40.31,81.39,79.85,34.37,39.2,14.87,48.88,29.68,25.81,15.0,48.02,84.39,61.01,73.05,52.17,9.06,72.8,41.68,56.14,56.4,44.41,63.06,62.82,45.12,61.61,81.86,24.84,54.23,57.14,24.21,85.7,35.0,23.71,68.31,28.02,51.01,44.01,46.75,26.4,34.99,20.62,76.16,20.88,35.51,54.49,15.81,54.56,43.27,42.38,25.96,82.76,63.06,6.71,57.31,24.08,59.01,54.92,55.9,5.1,40.31,20.88,65.25,55.54,17.03,78.75,13.04,61.13,52.2,25.32,49.01,56.36,44.6,34.37,53.49,19.21,73.43,25.32
1,93.6,0.0,58.87,15.03,26.02,65.44,69.97,96.18,51.92,96.14,67.8,106.0,101.12,11.05,56.75,80.22,86.15,100.0,56.75,98.06,71.0,42.45,52.92,42.38,72.37,72.92,89.09,21.02,102.16,43.01,71.01,102.55,11.05,77.88,70.29,36.4,120.51,76.16,52.5,48.75,67.2,86.61,87.73,26.48,107.35,87.46,39.82,81.12,84.12,54.78,63.06,70.01,44.28,91.14,100.21,38.63,112.77,57.28,46.1,85.01,97.08,61.85,88.64,73.98,88.02,98.84,15.81,104.85,53.85,46.04,84.86,60.84,51.24,52.63,73.38,44.65,75.17,22.83,77.47
2,40.31,58.87,0.0,44.72,54.23,33.11,43.38,38.42,8.6,37.36,20.02,49.5,45.4,48.33,53.26,76.69,34.89,48.75,35.0,41.01,26.4,17.2,6.08,45.19,64.66,51.0,42.2,54.0,43.38,33.11,27.2,43.83,49.19,20.0,24.02,47.13,68.26,26.4,28.32,11.0,19.03,53.94,29.15,50.25,49.41,54.92,20.1,25.0,65.74,4.12,7.81,28.44,42.72,44.41,46.04,20.25,55.0,51.74,14.87,36.06,42.2,36.06,30.02,67.48,38.08,40.8,43.08,48.84,51.4,33.62,26.0,44.69,16.49,29.73,15.03,34.0,21.54,44.01,18.87
3,81.39,15.03,44.72,0.0,28.65,56.36,62.63,82.68,37.34,81.71,55.87,93.01,86.15,4.0,54.01,79.51,71.11,88.41,42.72,83.2,56.01,27.86,38.95,39.01,70.01,66.94,74.17,24.41,88.1,35.44,56.04,88.55,4.47,63.25,58.8,34.37,108.9,61.13,43.38,35.23,55.15,78.92,73.82,26.93,93.81,79.85,26.91,68.01,79.76,40.71,48.38,59.41,32.02,76.24,87.86,24.7,99.32,54.01,31.32,70.0,84.5,53.85,74.71,72.06,73.01,85.23,4.0,92.01,51.01,38.6,70.68,55.11,36.22,43.86,58.87,37.36,62.48,19.42,63.53
4,79.85,26.02,54.23,28.65,0.0,47.17,48.8,86.12,50.45,90.14,55.08,93.92,99.61,26.93,31.78,54.23,87.56,84.53,67.2,95.19,74.67,42.72,48.37,19.1,46.84,50.0,92.97,5.0,94.05,25.63,75.03,94.2,28.79,74.17,56.3,12.73,104.45,77.88,35.85,43.29,54.82,65.12,79.63,4.0,97.02,65.86,34.71,70.61,59.51,50.36,60.83,54.13,59.55,95.19,86.54,37.0,101.92,32.65,46.82,87.64,84.15,42.2,80.62,48.27,90.25,89.05,25.24,92.36,29.07,27.73,78.16,38.29,54.23,35.34,69.12,26.4,63.79,11.66,70.18
5,34.37,65.44,33.11,56.36,47.17,0.0,10.3,44.41,38.08,53.85,16.4,49.25,69.12,58.31,27.29,45.45,64.35,37.7,66.49,63.13,59.17,40.0,32.02,29.15,33.6,18.03,73.0,50.0,54.13,22.63,60.03,53.94,60.03,45.34,14.32,34.89,57.31,57.8,13.04,30.15,17.03,23.35,41.79,43.83,54.01,24.33,32.56,30.68,32.65,32.57,40.31,9.22,70.01,75.07,40.79,37.34,58.08,25.32,41.19,66.6,39.2,6.0,42.72,36.4,67.9,47.38,52.84,47.38,27.02,19.85,42.94,15.52,47.07,12.81,41.01,21.26,24.17,43.14,36.06
6,39.2,69.97,43.38,62.63,48.8,10.3,0.0,51.24,48.08,62.18,26.17,54.15,78.24,64.08,22.56,36.06,74.33,40.31,76.4,72.11,69.46,49.25,42.06,29.73,24.6,7.81,83.1,52.4,61.35,27.31,70.33,61.03,65.92,55.15,23.43,36.07,58.19,68.01,20.1,39.81,26.91,16.64,50.12,46.01,59.84,17.49,41.01,38.95,22.36,42.72,50.61,17.8,79.1,85.15,45.01,46.0,63.29,20.62,50.8,76.69,44.28,9.06,51.0,27.29,77.9,54.12,58.87,52.09,23.41,24.17,51.87,11.18,57.01,19.24,50.99,25.5,33.02,47.17,45.45
7,14.87,96.18,38.42,82.68,86.12,44.41,51.24,0.0,46.75,15.23,31.26,12.08,33.54,86.09,71.7,86.41,40.01,21.93,66.19,27.31,47.13,55.61,43.83,71.18,75.61,57.94,49.16,87.36,10.3,60.83,48.08,9.85,87.13,26.0,31.0,75.66,34.53,41.0,51.24,47.51,31.4,49.41,10.3,82.23,11.18,50.0,56.36,15.52,68.6,42.2,37.64,35.23,78.24,50.36,14.56,57.98,16.64,69.72,53.15,44.0,11.18,50.36,9.85,78.19,43.1,3.0,80.62,12.37,71.34,59.41,15.23,59.84,52.5,52.15,27.46,60.53,22.36,78.11,19.8
8,48.88,51.92,8.6,37.34,50.45,38.08,48.08,46.75,0.0,44.38,27.29,58.0,50.01,41.11,54.56,79.32,37.11,57.25,28.44,46.39,25.24,9.49,6.08,44.41,67.42,55.36,42.95,49.5,51.11,32.65,25.81,51.62,41.79,25.96,31.26,45.18,76.85,27.51,30.53,9.22,26.31,60.21,37.2,46.57,57.63,61.2,15.81,33.6,70.23,6.08,11.18,35.0,34.48,45.19,54.64,14.0,63.25,53.26,6.4,37.34,50.8,39.92,38.01,70.18,39.85,49.04,36.14,57.38,52.35,33.94,33.62,47.51,9.06,31.91,21.54,33.97,29.97,39.46,27.02
9,29.68,96.14,37.36,81.71,90.14,53.85,62.18,15.23,44.38,0.0,38.33,25.02,18.36,85.44,80.65,98.11,26.48,37.16,57.63,12.08,36.89,53.85,43.42,77.52,86.77,69.46,35.06,90.55,9.49,66.12,37.74,10.44,86.16,18.87,39.56,81.1,48.0,30.02,57.71,48.05,38.08,62.97,12.08,86.15,19.42,63.66,57.27,23.26,81.4,41.48,33.54,44.78,71.42,36.0,29.73,57.57,24.35,78.75,50.57,30.59,26.4,59.46,11.18,89.47,29.15,14.32,80.32,26.17,79.81,65.38,12.0,69.29,47.71,58.86,22.85,66.27,29.73,80.75,20.0
10,25.81,67.8,20.02,55.87,55.08,16.4,26.17,31.26,27.29,38.33,0.0,39.0,52.84,58.73,42.38,61.85,48.17,32.56,55.01,46.96,44.38,32.7,21.59,40.01,50.0,33.97,57.01,56.65,40.01,29.61,45.31,40.0,60.11,29.0,4.0,44.41,53.04,42.19,20.02,22.36,1.0,34.21,26.48,51.24,41.98,35.17,29.07,16.0,48.01,21.21,25.96,8.94,61.61,59.03,32.45,32.45,46.84,40.5,32.28,50.61,29.53,21.47,27.46,52.8,51.74,34.23,53.08,37.58,41.48,28.16,26.93,31.3,36.12,21.0,24.84,29.27,9.0,47.85,19.72
11,15.0,106.0,49.5,93.01,93.92,49.25,54.15,12.08,58.0,25.02,39.0,0.0,42.2,96.26,76.01,87.36,51.16,16.64,78.26,36.5,59.14,66.53,54.56,77.67,77.47,59.84,60.01,95.63,16.49,68.31,60.08,15.52,97.42,38.08,37.64,82.71,23.02,52.89,58.24,57.8,39.4,48.47,22.36,90.14,7.81,48.85,66.29,25.0,68.35,53.08,49.41,40.61,90.14,61.01,9.49,68.41,9.22,74.01,64.35,55.23,10.05,55.23,21.93,79.83,54.04,11.18,90.7,2.24,76.11,66.48,27.31,64.01,64.2,58.94,39.45,67.72,30.89,86.82,31.4
12,48.02,101.12,45.4,86.15,99.61,69.12,78.24,33.54,50.01,18.36,52.84,42.2,0.0,90.09,94.85,114.28,17.2,55.46,53.54,6.4,32.65,59.14,51.24,89.56,102.63,85.8,21.95,99.18,25.71,77.62,33.12,26.68,90.43,25.71,54.92,92.2,64.63,26.0,70.58,56.32,52.35,80.66,29.0,95.63,35.36,81.39,65.12,39.7,98.49,49.25,39.01,60.46,68.96,21.93,47.93,64.01,39.01,93.04,55.23,20.52,44.72,74.3,28.32,105.39,17.69,32.31,85.59,43.68,93.62,77.49,26.4,84.12,50.01,71.87,30.81,78.16,45.22,89.14,33.12
13,84.39,11.05,48.33,4.0,26.93,58.31,64.08,86.09,41.11,85.44,58.73,96.26,90.09,0.0,54.08,79.16,75.11,91.22,46.49,87.1,60.01,31.62,42.49,39.12,70.06,68.01,78.16,22.36,91.71,36.77,60.03,92.14,2.0,67.05,61.52,34.01,111.73,65.12,45.28,38.59,58.05,80.53,77.37,25.71,97.25,81.44,30.0,71.28,80.41,44.28,52.2,61.85,35.23,80.22,90.91,28.18,102.73,54.23,35.17,74.0,87.62,55.46,78.26,72.01,77.01,88.68,5.66,95.21,51.09,39.92,74.32,56.04,40.2,45.65,62.63,38.63,65.6,19.0,67.08
14,61.01,56.75,53.26,54.01,31.78,27.29,22.56,71.7,54.56,80.65,42.38,76.01,94.85,54.08,0.0,26.25,87.66,62.8,80.26,89.16,79.21,51.62,49.5,15.0,16.0,20.25,95.43,36.4,81.39,22.83,79.91,81.22,56.08,69.84,41.23,20.4,80.65,79.65,25.0,45.34,42.72,36.36,68.68,30.36,81.15,36.89,41.68,57.72,27.73,50.93,61.07,36.5,78.43,97.62,67.12,46.53,85.01,2.0,54.64,89.2,66.0,21.38,69.64,18.11,91.02,74.67,50.01,74.03,3.0,20.81,69.29,12.0,62.2,23.6,65.0,21.1,50.96,35.13,61.85
15,73.05,80.22,76.69,79.51,54.23,45.45,36.06,86.41,79.32,98.11,61.85,87.36,114.28,79.16,26.25,0.0,109.66,71.59,106.0,108.17,103.08,77.37,73.82,40.79,12.04,28.65,118.09,59.21,96.66,48.85,103.86,96.25,81.15,90.79,59.41,45.18,85.01,102.59,48.83,70.18,62.48,39.46,86.09,54.01,93.92,39.32,67.54,74.95,20.0,75.0,84.39,53.82,104.68,120.21,77.88,72.5,96.57,26.93,80.13,111.72,78.11,41.01,86.95,9.22,113.17,89.16,75.54,85.16,29.12,46.52,87.92,32.02,87.46,47.43,86.37,47.01,69.07,60.21,81.4
16,52.17,86.15,34.89,71.11,87.56,64.35,74.33,40.01,37.11,26.48,48.17,51.16,17.2,75.11,87.66,109.66,0.0,60.83,36.36,18.03,15.81,45.4,39.92,80.06,97.67,82.13,9.49,86.49,35.9,67.98,16.16,36.88,75.24,19.42,51.22,81.71,74.17,10.0,62.68,44.94,47.42,80.26,31.58,83.68,45.89,81.12,52.89,39.4,96.05,38.08,27.31,56.85,51.88,11.18,54.23,50.8,50.7,86.02,41.3,4.12,50.36,68.68,31.4,100.5,3.61,40.05,71.0,52.04,85.98,68.48,26.93,78.1,35.0,64.07,23.35,68.88,42.72,76.49,30.02
17,9.06,100.0,48.75,88.41,84.53,37.7,40.31,21.93,57.25,37.16,32.56,16.64,55.46,91.22,62.8,71.59,60.83,0.0,81.74,49.24,65.19,64.35,52.48,66.85,62.29,45.01,70.21,86.95,30.81,59.17,66.19,30.0,92.63,44.01,29.73,72.5,20.52,60.0,48.88,54.41,33.3,32.28,29.27,81.01,24.21,32.57,61.62,24.74,52.2,51.48,51.24,30.53,91.39,71.59,7.81,64.82,25.5,60.83,63.13,64.63,10.77,43.32,29.43,64.5,64.13,23.32,85.56,14.42,63.35,56.82,34.13,50.99,65.0,49.24,43.42,58.18,27.29,79.06,34.37
18,72.8,56.75,35.0,42.72,67.2,66.49,76.4,66.19,28.44,57.63,55.01,78.26,53.54,46.49,80.26,106.0,36.36,81.74,0.0,53.26,21.26,28.65,34.53,67.8,94.37,83.52,35.44,64.35,66.61,57.45,20.62,67.42,45.88,40.31,59.01,66.53,99.72,28.32,57.94,36.69,54.01,88.57,55.9,64.03,75.47,89.56,38.59,57.01,98.37,34.23,30.59,63.2,15.81,37.11,77.49,33.84,80.99,79.26,26.0,33.54,73.39,68.01,56.36,97.05,36.67,67.6,44.28,78.29,77.7,59.54,51.0,74.85,19.42,59.24,39.0,59.17,55.58,55.61,47.76
19,41.68,98.06,41.01,83.2,95.19,63.13,72.11,27.31,46.39,12.08,46.96,36.5,6.4,87.1,89.16,108.17,18.03,49.24,53.26,0.0,32.02,55.73,47.0,84.4,96.57,79.63,25.0,95.01,20.1,72.57,32.65,21.1,87.56,21.02,48.88,87.3,59.21,25.0,65.15,52.01,46.52,74.28,22.63,91.2,30.02,75.01,61.01,33.42,92.2,45.0,35.23,54.38,68.24,25.5,41.79,60.3,34.13,87.32,51.97,21.95,38.48,68.43,21.93,99.32,19.7,26.25,82.38,37.85,88.02,72.28,20.25,78.26,47.43,66.41,26.08,73.01,39.12,85.0,27.31
20,56.14,71.0,26.4,56.01,74.67,59.17,69.46,47.13,25.24,36.89,44.38,59.14,32.65,60.01,79.21,103.08,15.81,65.19,21.26,32.02,0.0,31.95,29.73,69.63,91.05,77.18,18.44,73.08,46.14,57.8,1.0,47.01,60.01,21.38,48.1,70.33,81.49,7.07,54.49,34.21,43.46,78.43,37.11,70.94,55.46,79.38,40.71,41.01,91.79,28.28,18.87,53.31,36.36,20.62,59.84,37.7,60.83,77.78,27.86,14.04,55.73,62.43,37.36,93.86,17.12,48.1,56.22,59.48,77.16,58.9,32.02,71.06,20.62,55.9,22.02,59.03,41.77,63.25,31.0
21,56.4,42.45,17.2,27.86,42.72,40.0,49.25,55.61,9.49,53.85,32.7,66.53,59.14,31.62,51.62,77.37,45.4,64.35,28.65,55.73,31.95,0.0,12.04,39.62,65.8,55.9,50.29,41.23,60.42,28.84,32.31,60.9,32.31,35.44,36.4,39.2,84.4,35.51,29.83,10.44,31.78,63.13,46.32,39.0,66.61,64.12,10.0,41.73,70.61,13.45,20.62,39.05,30.02,52.5,62.48,5.83,72.2,50.61,4.12,45.12,58.8,40.45,47.17,68.45,47.85,58.01,26.68,65.76,49.09,30.89,42.94,46.49,11.66,31.05,31.02,30.53,37.2,31.32,36.06
22,44.41,52.92,6.08,38.95,48.37,32.02,42.06,43.83,6.08,43.42,21.59,54.56,51.24,42.49,49.5,73.82,39.92,52.48,34.53,47.0,29.73,12.04,0.0,40.31,61.85,49.4,46.65,48.01,49.24,28.3,30.41,49.66,43.42,26.02,25.5,41.79,72.42,30.89,25.0,5.1,20.62,54.15,34.89,44.41,54.92,55.15,14.04,29.7,64.26,2.0,12.65,29.02,40.02,48.88,50.45,14.32,60.46,48.1,10.77,40.71,46.75,34.01,35.78,64.64,42.95,46.32,37.16,53.76,47.42,29.21,31.95,41.88,15.13,26.4,21.1,29.41,25.24,38.0,24.6
23,63.06,42.38,45.19,39.01,19.1,29.15,29.73,71.18,44.41,77.52,40.01,77.67,89.56,39.12,15.0,40.79,80.06,66.85,67.8,84.4,69.63,39.62,40.31,0.0,31.0,31.06,86.95,23.02,80.0,12.08,70.21,80.01,41.11,63.89,40.31,6.4,86.31,71.2,20.0,35.51,40.0,46.01,66.12,16.64,81.61,46.75,29.7,56.01,41.76,42.06,52.77,37.11,64.47,89.19,69.64,34.06,86.15,15.13,43.14,81.01,67.68,23.71,67.12,33.06,83.19,74.17,35.01,75.93,12.0,12.17,65.62,19.21,50.93,19.03,58.82,11.4,49.01,20.22,57.71
24,62.82,72.37,64.66,70.01,46.84,33.6,24.6,75.61,67.42,86.77,50.0,77.47,102.63,70.06,16.0,12.04,97.67,62.29,94.37,96.57,91.05,65.8,61.85,31.0,0.0,17.72,106.07,51.66,85.8,37.64,91.83,85.44,72.06,78.87,47.71,36.22,77.41,90.55,36.89,58.31,50.61,31.14,74.71,45.89,83.68,31.26,56.08,63.53,15.0,63.01,72.35,42.19,93.68,108.19,68.07,61.1,86.68,16.12,68.43,99.7,67.91,29.0,75.59,2.83,101.18,78.43,66.01,75.31,19.0,35.11,76.32,20.0,75.66,35.51,74.41,35.74,57.45,51.09,69.63
25,45.12,72.92,51.0,66.94,50.0,18.03,7.81,57.94,55.36,69.46,33.97,59.84,85.8,68.01,20.25,28.65,82.13,45.01,83.52,79.63,77.18,55.9,49.4,31.06,17.72,0.0,90.91,54.08,68.15,31.58,78.03,67.78,69.92,62.94,31.14,37.44,61.39,75.8,26.17,46.84,34.71,16.12,57.45,47.71,65.97,16.64,47.17,46.32,14.87,50.16,58.31,25.5,85.48,92.96,50.49,52.24,69.05,18.6,57.72,84.5,50.22,15.52,58.31,20.25,85.7,60.75,63.06,57.71,22.02,28.44,59.41,12.08,64.2,25.08,58.8,29.61,40.61,50.16,53.15
26,61.61,89.09,42.2,74.17,92.97,73.0,83.1,49.16,42.95,35.06,57.01,60.01,21.95,78.16,95.43,118.09,9.49,70.21,35.44,25.0,18.44,50.29,46.65,86.95,106.07,90.91,0.0,91.48,44.28,74.95,18.25,45.28,78.06,28.65,60.22,88.1,83.02,15.81,70.43,51.48,56.22,89.55,41.0,89.2,54.33,90.43,58.69,48.85,105.0,44.94,34.41,65.8,51.24,2.24,63.51,55.97,58.86,93.86,46.17,6.4,59.68,77.08,40.79,108.89,6.08,49.01,74.55,61.01,93.6,75.72,36.4,86.31,39.05,71.84,32.2,76.01,51.97,81.61,39.36
27,81.86,21.02,54.0,24.41,5.0,50.0,52.4,87.36,49.5,90.55,56.65,95.63,99.18,22.36,36.4,59.21,86.49,86.95,64.35,95.01,73.08,41.23,48.01,23.02,51.66,54.08,91.48,0.0,94.92,27.78,73.38,95.13,24.17,74.0,58.18,16.64,107.07,76.69,38.08,43.0,56.3,68.88,80.41,6.4,98.37,69.66,34.06,71.84,64.08,50.01,60.21,56.44,55.87,93.68,88.57,35.69,103.41,37.16,45.35,86.35,86.01,45.34,81.39,53.15,89.05,90.25,21.26,94.15,33.62,30.23,78.64,42.2,52.5,37.74,69.01,28.84,65.15,10.05,70.71
28,24.84,102.16,43.38,88.1,94.05,54.13,61.35,10.3,51.11,9.49,40.01,16.49,25.71,91.71,81.39,96.66,35.9,30.81,66.61,20.1,46.14,60.42,49.24,80.0,85.8,68.15,44.28,94.92,0.0,69.18,47.01,1.0,92.57,26.87,40.31,84.15,39.12,39.36,60.0,53.49,40.0,59.64,14.56,90.09,10.05,60.22,62.63,24.02,78.89,47.42,40.8,44.91,79.98,45.1,23.02,63.56,14.87,79.43,57.45,40.02,20.52,60.02,13.6,88.39,38.47,7.81,86.41,18.03,80.89,68.03,17.49,69.63,55.44,61.01,30.0,69.07,31.02,85.38,24.7
29,54.23,43.01,33.11,35.44,25.63,22.63,27.31,60.83,32.65,66.12,29.61,68.31,77.62,36.77,22.83,48.85,67.98,59.17,57.45,72.57,57.8,28.84,28.3,12.08,37.64,31.58,74.95,27.78,69.18,0.0,58.41,69.26,38.63,51.92,30.68,15.0,79.32,59.17,10.3,23.6,29.43,43.83,55.01,21.93,71.59,44.72,18.87,45.4,45.01,30.02,40.71,28.65,56.04,77.18,60.93,23.71,76.4,21.93,32.02,68.96,58.52,18.87,56.01,40.16,71.12,63.79,31.62,66.73,20.25,3.16,54.15,20.02,39.7,10.0,46.84,2.0,38.47,20.52,46.17
30,57.14,71.01,27.2,56.04,75.03,60.03,70.33,48.08,25.81,37.74,45.31,60.08,33.12,60.03,79.91,103.86,16.16,66.19,20.62,32.65,1.0,32.31,30.41,70.21,91.83,78.03,18.25,73.38,47.01,58.41,0.0,47.89,60.0,22.36,49.04,70.83,82.46,7.81,55.23,34.83,44.38,79.38,38.08,71.31,56.36,80.32,41.18,42.01,92.66,29.0,19.72,54.23,35.85,20.4,60.83,38.08,61.72,78.49,28.23,14.14,56.72,63.25,38.33,94.64,17.26,49.04,56.32,60.44,77.83,59.55,32.98,71.84,20.88,56.64,23.02,59.67,42.76,63.57,32.0
31,24.21,102.55,43.83,88.55,94.2,53.94,61.03,9.85,51.62,10.44,40.0,15.52,26.68,92.14,81.22,96.25,36.88,30.0,67.42,21.1,47.01,60.9,49.66,80.01,85.44,67.78,45.28,95.13,1.0,69.26,47.89,0.0,93.02,27.59,40.2,84.21,38.12,40.25,60.01,53.85,40.01,59.08,14.87,90.26,9.06,59.64,62.97,24.0,78.39,47.85,41.4,44.72,80.72,46.1,22.2,63.98,13.93,79.25,57.98,41.0,19.8,59.84,13.93,88.02,39.46,7.21,86.82,17.09,80.75,68.07,18.03,69.43,56.08,61.0,30.61,69.12,31.0,85.62,25.08
32,85.7,11.05,49.19,4.47,28.79,60.03,65.92,87.13,41.79,86.16,60.11,97.42,90.43,2.0,56.08,81.15,75.24,92.63,45.88,87.56,60.01,32.31,43.42,41.11,72.06,69.92,78.06,24.17,92.57,38.63,60.0,93.02,0.0,67.68,62.97,36.01,113.14,65.28,47.01,39.66,59.41,82.35,78.29,27.66,98.27,83.26,31.24,72.42,82.38,45.18,52.81,63.41,34.13,80.1,92.2,29.15,103.77,56.22,35.74,74.03,88.87,57.27,79.18,74.01,77.06,89.69,7.21,96.4,53.08,41.79,75.15,57.97,40.45,47.41,63.32,40.5,66.84,21.0,68.0
33,35.0,77.88,20.0,63.25,74.17,45.34,55.15,26.0,25.96,18.87,29.0,38.08,25.71,67.05,69.84,90.79,19.42,44.01,40.31,21.02,21.38,35.44,26.02,63.89,78.87,62.94,28.65,74.0,26.87,51.92,22.36,27.59,67.68,0.0,31.89,66.49,60.17,16.03,45.19,31.0,28.32,60.9,15.81,70.18,35.23,61.77,40.05,20.62,76.69,24.02,14.87,37.54,53.15,30.53,38.47,39.62,40.8,68.1,31.95,22.36,34.37,50.0,16.16,81.69,23.02,27.29,62.1,38.28,68.43,51.87,10.77,59.64,28.84,46.52,5.1,52.5,23.32,64.01,10.77
34,23.71,70.29,24.02,58.8,56.3,14.32,23.43,31.0,31.26,39.56,4.0,37.64,54.92,61.52,41.23,59.41,51.22,29.73,59.01,48.88,48.1,36.4,25.5,40.31,47.71,31.14,60.22,58.18,40.31,30.68,49.04,40.2,62.97,31.89,0.0,45.12,50.25,45.65,20.62,26.0,5.0,30.36,27.51,52.55,41.3,31.32,32.2,16.49,44.82,25.18,29.83,5.66,65.51,62.2,30.41,35.85,45.89,39.29,36.14,53.82,27.86,19.92,28.46,50.48,54.82,34.0,55.87,36.06,40.61,28.86,28.65,29.73,40.11,21.38,28.02,30.08,9.85,49.74,22.02
35,68.31,36.4,47.13,34.37,12.73,34.89,36.07,75.66,45.18,81.1,44.41,82.71,92.2,34.01,20.4,45.18,81.71,72.5,66.53,87.3,70.33,39.2,41.79,6.4,36.22,37.44,88.1,16.64,84.15,15.0,70.83,84.21,36.01,66.49,45.12,0.0,92.18,72.5,24.52,36.77,44.28,52.4,70.01,10.3,86.31,53.15,29.68,60.3,47.76,43.66,54.42,42.38,61.77,90.34,74.95,33.42,91.01,20.88,43.01,82.35,72.8,29.68,71.01,38.05,84.69,78.64,30.41,81.04,17.46,16.28,69.12,25.61,50.8,23.77,61.39,15.13,53.34,15.03,61.13
36,28.02,120.51,68.26,108.9,104.45,57.31,58.19,34.53,76.85,48.0,53.04,23.02,64.63,111.73,80.65,85.01,74.17,20.52,99.72,59.21,81.49,84.4,72.42,86.31,77.41,61.39,83.02,107.07,39.12,79.32,82.46,38.12,113.14,60.17,50.25,92.18,0.0,75.5,69.07,74.65,53.76,46.27,44.38,101.02,29.27,46.17,82.07,43.42,65.01,71.28,69.78,50.8,110.48,84.0,22.36,85.15,26.25,78.75,82.93,78.23,26.4,62.61,44.15,79.23,77.06,34.13,106.08,22.2,81.6,76.85,49.48,69.29,84.12,69.34,60.75,78.23,47.2,99.4,52.0
37,51.01,76.16,26.4,61.13,77.88,57.8,68.01,41.0,27.51,30.02,42.19,52.89,26.0,65.12,79.65,102.59,10.0,60.0,28.32,25.0,7.07,35.51,30.89,71.2,90.55,75.8,15.81,76.69,39.36,59.17,7.81,40.25,65.28,16.03,45.65,72.5,75.5,0.0,54.67,35.78,41.34,75.64,31.26,74.04,48.85,76.56,43.32,36.5,90.14,29.15,18.6,51.11,43.27,18.03,54.23,41.0,54.13,78.1,31.4,9.85,50.16,61.62,31.4,93.38,12.37,41.76,61.0,53.37,77.8,59.91,26.17,70.71,25.0,56.08,18.03,60.21,38.28,66.71,26.48
38,44.01,52.5,28.32,43.38,35.85,13.04,20.1,51.24,30.53,57.71,20.02,58.24,70.58,45.28,25.0,48.83,62.68,48.88,57.94,65.15,54.49,29.83,25.0,20.0,36.89,26.17,70.43,38.08,60.0,10.3,55.23,60.01,47.01,45.19,20.62,24.52,69.07,54.67,0.0,21.47,20.0,35.74,46.17,32.2,61.81,36.69,21.02,36.01,40.79,26.25,36.12,18.36,59.3,72.62,50.7,26.08,66.49,23.43,31.95,64.2,48.38,11.05,47.17,39.66,66.03,54.23,39.82,56.61,23.32,8.25,45.89,17.0,38.91,1.41,40.25,9.49,29.02,30.48,38.08
39,46.75,48.75,11.0,35.23,43.29,30.15,39.81,47.51,9.22,48.05,22.36,57.8,56.32,38.59,45.34,70.18,44.94,54.41,36.69,52.01,34.21,10.44,5.1,35.51,58.31,46.84,51.48,43.0,53.49,23.6,34.83,53.85,39.66,31.0,26.0,36.77,74.65,35.78,21.47,0.0,21.47,53.01,39.0,39.32,58.67,54.01,9.22,32.8,61.68,7.07,17.72,28.64,40.2,53.71,53.04,10.63,64.14,44.05,11.05,45.62,49.52,31.32,39.92,61.06,47.93,50.12,33.12,56.85,43.14,24.76,36.4,38.47,17.46,22.83,26.02,24.84,27.59,33.02,28.79
40,26.4,67.2,19.03,55.15,54.82,17.03,26.91,31.4,26.31,38.08,1.0,39.4,52.35,58.05,42.72,62.48,47.42,33.3,54.01,46.52,43.46,31.78,20.62,40.0,50.61,34.71,56.22,56.3,40.0,29.43,44.38,40.01,59.41,28.32,5.0,44.28,53.76,41.34,20.0,21.47,0.0,35.17,26.31,50.96,42.2,36.14,28.32,16.03,48.83,20.22,25.0,9.85,60.64,58.26,33.02,31.62,47.13,40.85,31.32,49.82,30.02,21.95,27.29,53.41,50.99,34.37,52.4,38.01,41.76,28.07,26.57,31.76,35.13,21.02,24.08,29.15,9.06,47.42,19.24
41,34.99,86.61,53.94,78.92,65.12,23.35,16.64,49.41,60.21,62.97,34.21,48.47,80.66,80.53,36.36,39.46,80.26,32.28,88.57,74.28,78.43,63.13,54.15,46.01,31.14,16.12,89.55,68.88,59.64,43.83,79.38,59.08,82.35,60.9,30.36,52.4,46.27,75.64,35.74,53.01,35.17,0.0,51.66,62.48,55.46,1.0,55.9,41.4,19.92,54.33,60.17,25.5,93.13,91.42,39.0,60.67,57.58,34.67,64.0,83.24,39.82,25.08,52.35,33.02,83.86,51.87,75.24,46.24,38.01,40.71,54.82,26.87,69.26,35.11,57.7,42.06,37.59,63.81,50.25
42,20.62,87.73,29.15,73.82,79.63,41.79,50.12,10.3,37.2,12.08,26.48,22.36,29.0,77.37,68.68,86.09,31.58,29.27,55.9,22.63,37.11,46.32,34.89,66.12,74.71,57.45,41.0,80.41,14.56,55.01,38.08,14.87,78.29,15.81,27.51,70.01,44.38,31.26,46.17,39.0,26.31,51.66,0.0,75.66,20.52,52.4,48.1,11.18,69.66,33.12,27.59,32.7,68.01,42.45,23.02,49.19,26.17,66.76,43.6,35.36,19.0,47.43,1.0,77.41,34.93,12.04,72.01,22.47,67.91,54.04,5.1,57.25,42.45,47.27,17.2,55.01,17.72,70.83,10.3
43,76.16,26.48,50.25,26.93,4.0,43.83,46.01,82.23,46.57,86.15,51.24,90.14,95.63,25.71,30.36,54.01,83.68,81.01,64.03,91.2,70.94,39.0,44.41,16.64,45.89,47.71,89.2,6.4,90.09,21.93,71.31,90.26,27.66,70.18,52.55,10.3,101.02,74.04,32.2,39.32,50.96,62.48,75.66,0.0,93.15,63.25,30.81,66.71,57.94,46.39,56.89,50.54,57.01,91.42,82.86,33.24,98.08,31.02,43.08,83.82,80.41,39.05,76.66,47.52,86.4,85.15,23.26,88.6,27.51,24.19,74.17,35.81,50.57,31.76,65.12,22.83,59.91,8.49,66.19
44,20.88,107.35,49.41,93.81,97.02,54.01,59.84,11.18,57.63,19.42,41.98,7.81,35.36,97.25,81.15,93.92,45.89,24.21,75.47,30.02,55.46,66.61,54.92,81.61,83.68,65.97,54.33,98.37,10.05,71.59,56.36,9.06,98.27,35.23,41.3,86.31,29.27,48.85,61.81,58.67,42.2,55.46,20.52,93.15,0.0,55.9,67.54,26.57,75.24,53.25,48.08,45.01,88.24,55.15,16.64,69.12,5.66,79.16,64.03,50.01,15.81,60.01,19.8,86.13,48.51,8.6,91.79,9.9,81.02,70.04,24.84,69.18,62.94,62.65,37.54,71.2,33.24,89.2,30.61
45,35.51,87.46,54.92,79.85,65.86,24.33,17.49,50.0,61.2,63.66,35.17,48.85,81.39,81.44,36.89,39.32,81.12,32.57,89.56,75.01,79.38,64.12,55.15,46.75,31.26,16.64,90.43,69.66,60.22,44.72,80.32,59.64,83.26,61.77,31.32,53.15,46.17,76.56,36.69,54.01,36.14,1.0,52.4,63.25,55.9,0.0,56.89,42.2,19.65,55.33,61.13,26.48,94.13,92.28,39.4,61.66,57.94,35.23,65.0,84.12,40.31,26.0,53.08,33.06,84.72,52.43,76.16,46.62,38.6,41.59,55.61,27.59,70.26,36.06,58.6,42.94,38.47,64.66,51.11
46,54.49,39.82,20.1,26.91,34.71,32.56,41.01,56.36,15.81,57.27,29.07,66.29,65.12,30.0,41.68,67.54,52.89,61.62,38.59,61.01,40.71,10.0,14.04,29.7,56.08,47.17,58.69,34.06,62.63,18.87,41.18,62.97,31.24,40.05,32.2,29.68,82.07,43.32,21.02,9.22,28.32,55.9,48.1,30.81,67.54,56.89,0.0,41.34,61.66,16.03,26.17,33.54,38.33,60.93,60.96,5.1,72.95,40.71,13.45,53.14,57.63,32.0,49.04,58.69,55.66,59.03,24.41,65.22,39.12,21.02,45.61,37.11,21.26,22.09,35.13,20.59,35.61,24.02,37.95
47,15.81,81.12,25.0,68.01,70.61,30.68,38.95,15.52,33.6,23.26,16.0,25.0,39.7,71.28,57.72,74.95,39.4,24.74,57.01,33.42,41.01,41.73,29.7,56.01,63.53,46.32,48.85,71.84,24.02,45.4,42.01,24.0,72.42,20.62,16.49,60.3,43.42,36.5,36.01,32.8,16.03,41.4,11.18,66.71,26.57,42.2,41.34,0.0,58.8,28.32,26.57,21.54,67.08,50.57,21.1,43.42,31.78,55.79,39.82,42.72,17.2,36.4,12.08,66.24,42.95,18.44,65.73,24.08,57.07,44.1,13.45,46.17,40.71,37.0,19.0,45.18,7.0,62.63,10.05
48,54.56,84.12,65.74,79.76,59.51,32.65,22.36,68.6,70.23,81.4,48.01,68.35,98.49,80.41,27.73,20.0,96.05,52.2,98.37,92.2,91.79,70.61,64.26,41.76,15.0,14.87,105.0,64.08,78.89,45.01,92.66,78.39,82.38,76.69,44.82,47.76,65.01,90.14,40.79,61.68,48.83,19.92,69.66,57.94,75.24,19.65,61.66,58.8,0.0,65.0,72.95,39.2,99.98,107.0,58.87,66.75,77.49,26.93,72.53,98.6,59.51,30.36,70.43,15.65,99.64,71.2,75.8,66.13,30.46,42.0,72.18,25.0,79.06,39.62,72.8,43.01,53.76,61.85,66.53
49,43.27,54.78,4.12,40.71,50.36,32.57,42.72,42.2,6.08,41.48,21.21,53.08,49.25,44.28,50.93,75.0,38.08,51.48,34.23,45.0,28.28,13.45,2.0,42.06,63.01,50.16,44.94,50.01,47.42,30.02,29.0,47.85,45.18,24.02,25.18,43.66,71.28,29.15,26.25,7.07,20.22,54.33,33.12,46.39,53.25,55.33,16.03,28.32,65.0,0.0,10.77,29.02,40.52,47.17,49.2,16.16,58.82,49.5,11.66,38.95,45.45,34.89,34.0,65.8,41.15,44.65,39.0,52.33,48.92,30.81,30.08,43.01,15.0,27.66,19.1,31.06,24.19,40.0,22.83
50,42.38,63.06,7.81,48.38,60.83,40.31,50.61,37.64,11.18,33.54,25.96,49.41,39.01,52.2,61.07,84.39,27.31,51.24,30.59,35.23,18.87,20.62,12.65,52.77,72.35,58.31,34.41,60.21,40.8,40.71,19.72,41.4,52.81,14.87,29.83,54.42,69.78,18.6,36.12,17.72,25.0,60.17,27.59,56.89,48.08,61.13,26.17,26.57,72.95,10.77,0.0,34.79,40.82,36.62,47.42,25.08,53.74,59.55,17.09,28.3,43.38,43.6,28.28,75.17,30.41,39.62,47.3,49.09,59.2,41.34,23.43,52.4,14.87,37.54,10.82,41.68,25.08,50.16,18.03
51,25.96,70.01,28.44,59.41,54.13,9.22,17.8,35.23,35.0,44.78,8.94,40.61,60.46,61.85,36.5,53.82,56.85,30.53,63.2,54.38,53.31,39.05,29.02,37.11,42.19,25.5,65.8,56.44,44.91,28.65,54.23,44.72,63.41,37.54,5.66,42.38,50.8,51.11,18.36,28.64,9.85,25.5,32.7,50.54,45.01,26.48,33.54,21.54,39.2,29.02,34.79,0.0,68.73,67.8,32.57,37.7,49.25,34.53,39.32,59.41,30.59,15.13,33.62,44.94,60.44,38.21,56.22,38.83,36.12,26.4,34.13,24.74,44.01,18.79,33.6,27.73,15.26,48.6,27.66
52,82.76,44.28,42.72,32.02,59.55,70.01,79.1,78.24,34.48,71.42,61.61,90.14,68.96,35.23,78.43,104.68,51.88,91.39,15.81,68.24,36.36,30.02,40.02,64.47,93.68,85.48,51.24,55.87,79.98,56.04,35.85,80.72,34.13,53.15,65.51,61.77,110.48,43.27,59.3,40.2,60.64,93.13,68.01,57.01,88.24,94.13,38.33,67.08,99.98,40.52,40.82,68.73,0.0,52.89,88.12,33.24,93.86,77.79,29.43,49.24,84.12,70.18,68.6,96.17,52.39,80.0,34.66,89.89,75.61,58.69,63.41,75.31,26.4,60.41,50.8,57.97,64.26,48.6,58.83
53,63.06,91.14,44.41,76.24,95.19,75.07,85.15,50.36,45.19,36.0,59.03,61.01,21.93,80.22,97.62,120.21,11.18,71.59,37.11,25.5,20.62,52.5,48.88,89.19,108.19,92.96,2.24,93.68,45.1,77.18,20.4,46.1,80.1,30.53,62.2,90.34,84.0,18.03,72.62,53.71,58.26,91.42,42.45,91.42,55.15,92.28,60.93,50.57,107.0,47.17,36.62,67.8,52.89,0.0,64.78,58.19,59.54,96.05,48.38,8.49,61.0,79.2,42.2,111.02,7.62,50.09,76.66,62.07,95.8,77.94,37.95,88.46,41.23,74.03,34.21,78.23,53.85,83.82,41.18
54,6.71,100.21,46.04,87.86,86.54,40.79,45.01,14.56,54.64,29.73,32.45,9.49,47.93,90.91,67.12,77.88,54.23,7.81,77.49,41.79,59.84,62.48,50.45,69.64,68.07,50.49,63.51,88.57,23.02,60.93,60.83,22.2,92.2,38.47,30.41,74.95,22.36,54.23,50.7,53.04,33.02,39.0,23.02,82.86,16.64,39.4,60.96,21.1,58.87,49.2,47.42,32.57,88.12,64.78,0.0,63.64,18.68,65.12,60.8,58.14,4.12,46.69,23.0,70.41,57.43,15.65,85.28,7.28,67.36,58.87,28.07,55.15,61.77,51.26,38.6,60.17,25.46,80.13,29.73
55,57.31,38.63,20.25,24.7,37.0,37.34,46.0,57.98,14.0,57.57,32.45,68.41,64.01,28.18,46.53,72.5,50.8,64.82,33.84,60.3,37.7,5.83,14.32,34.06,61.1,52.24,55.97,35.69,63.56,23.71,38.08,63.98,29.15,39.62,35.85,33.42,85.15,41.0,26.08,10.63,31.62,60.67,49.19,33.24,69.12,61.66,5.1,43.42,66.75,16.16,25.08,37.7,33.24,58.19,63.64,0.0,74.63,45.62,9.85,50.7,60.14,37.01,50.09,63.69,53.37,60.54,22.85,67.48,43.91,26.0,46.24,42.2,17.49,27.17,34.93,25.5,38.18,25.71,38.91
56,24.08,112.77,55.0,99.32,101.92,58.08,63.29,16.64,63.25,24.35,46.84,9.22,39.01,102.73,85.01,96.57,50.7,25.5,80.99,34.13,60.83,72.2,60.46,86.15,86.68,69.05,58.86,103.41,14.87,76.4,61.72,13.93,103.77,40.8,45.89,91.01,26.25,54.13,66.49,64.14,47.13,57.58,26.17,98.08,5.66,57.94,72.95,31.78,77.49,58.82,53.74,49.25,93.86,59.54,18.68,74.63,0.0,83.01,69.66,54.82,19.03,64.07,25.46,89.05,53.15,14.21,97.25,11.4,85.02,74.73,30.48,73.01,68.59,67.27,43.19,75.93,38.28,94.34,36.24
57,59.01,57.28,51.74,54.01,32.65,25.32,20.62,69.72,53.26,78.75,40.5,74.01,93.04,54.23,2.0,26.93,86.02,60.83,79.26,87.32,77.78,50.61,48.1,15.13,16.12,18.6,93.86,37.16,79.43,21.93,78.49,79.25,56.22,68.1,39.29,20.88,78.75,78.1,23.43,44.05,40.85,34.67,66.76,31.02,79.16,35.23,40.71,55.79,26.93,49.5,59.55,34.53,77.79,96.05,65.12,45.62,83.01,0.0,53.54,87.62,64.0,19.42,67.72,18.44,89.4,72.69,50.01,72.03,3.61,19.72,67.42,10.0,61.03,22.02,63.29,20.12,49.04,35.36,60.01
58,54.92,46.1,14.87,31.32,46.82,41.19,50.8,53.15,6.4,50.57,32.28,64.35,55.23,35.17,54.64,80.13,41.3,63.13,26.0,51.97,27.86,4.12,10.77,43.14,68.43,57.72,46.17,45.35,57.45,32.02,28.23,57.98,35.74,31.95,36.14,43.01,82.93,31.4,31.95,11.05,31.32,64.0,43.6,43.08,64.03,65.0,13.45,39.82,72.53,11.66,17.09,39.32,29.43,48.38,60.8,9.85,69.66,53.54,0.0,41.0,57.01,42.2,44.41,71.12,43.74,55.44,30.41,63.7,52.2,33.84,39.96,48.85,7.81,33.24,27.73,33.6,35.85,35.44,33.42
59,55.9,85.01,36.06,70.0,87.64,66.6,76.69,44.0,37.34,30.59,50.61,55.23,20.52,74.0,89.2,111.72,4.12,64.63,33.54,21.95,14.04,45.12,40.71,81.01,99.7,84.5,6.4,86.35,40.02,68.96,14.14,41.0,74.03,22.36,53.82,82.35,78.23,9.85,64.2,45.62,49.82,83.24,35.36,83.82,50.01,84.12,53.14,42.72,98.6,38.95,28.3,59.41,49.24,8.49,58.14,50.7,54.82,87.62,41.0,0.0,54.23,70.71,35.23,102.53,3.16,44.1,70.11,56.08,87.42,69.64,30.59,79.98,34.23,65.6,25.81,69.97,45.65,76.4,33.11
60,5.1,97.08,42.2,84.5,84.15,39.2,44.28,11.18,50.8,26.4,29.53,10.05,44.72,87.62,66.0,78.11,50.36,10.77,73.39,38.48,55.73,58.8,46.75,67.68,67.91,50.22,59.68,86.01,20.52,58.52,56.72,19.8,88.87,34.37,27.86,72.8,26.4,50.16,48.38,49.52,30.02,39.82,19.0,80.41,15.81,40.31,57.63,17.2,59.51,45.45,43.38,30.59,84.12,61.0,4.12,60.14,19.03,64.0,57.01,54.23,0.0,45.18,19.03,70.34,53.6,12.81,82.01,8.25,66.07,56.61,24.02,54.0,57.8,49.04,34.48,57.87,22.02,77.37,25.63
61,40.31,61.85,36.06,53.85,42.2,6.0,9.06,50.36,39.92,59.46,21.47,55.23,74.3,55.46,21.38,41.01,68.68,43.32,68.01,68.43,62.43,40.45,34.01,23.71,29.0,15.52,77.08,45.34,60.02,18.87,63.25,59.84,57.27,50.0,19.92,29.68,62.61,61.62,11.05,31.32,21.95,25.08,47.43,39.05,60.01,26.0,32.0,36.4,30.36,34.89,43.6,15.13,70.18,79.2,46.69,37.01,64.07,19.42,42.2,70.71,45.18,0.0,48.38,31.83,72.18,53.34,50.16,53.34,21.02,15.81,48.33,9.85,48.7,10.2,45.45,17.2,29.73,39.2,41.18
62,20.88,88.64,30.02,74.71,80.62,42.72,51.0,9.85,38.01,11.18,27.46,21.93,28.32,78.26,69.64,86.95,31.4,29.43,56.36,21.93,37.36,47.17,35.78,67.12,75.59,58.31,40.79,81.39,13.6,56.01,38.33,13.93,79.18,16.16,28.46,71.01,44.15,31.4,47.17,39.92,27.29,52.35,1.0,76.66,19.8,53.08,49.04,12.08,70.43,34.0,28.28,33.62,68.6,42.2,23.0,50.09,25.46,67.72,44.41,35.23,19.03,48.38,0.0,78.29,34.71,11.4,72.92,22.14,68.88,55.04,5.39,58.19,43.14,48.26,17.8,56.01,18.68,71.81,11.18
63,65.25,73.98,67.48,72.06,48.27,36.4,27.29,78.19,70.18,89.47,52.8,79.83,105.39,72.01,18.11,9.22,100.5,64.5,97.05,99.32,93.86,68.45,64.64,33.06,2.83,20.25,108.89,53.15,88.39,40.16,94.64,88.02,74.01,81.69,50.48,38.05,79.23,93.38,39.66,61.06,53.41,33.02,77.41,47.52,86.13,33.06,58.69,66.24,15.65,65.8,75.17,44.94,96.17,111.02,70.41,63.69,89.05,18.44,71.12,102.53,70.34,31.83,78.29,0.0,104.0,80.99,68.07,77.67,21.1,37.7,79.08,22.8,78.39,38.28,77.23,38.28,60.21,53.01,72.42
64,55.54,88.02,38.08,73.01,90.25,67.9,77.9,43.1,39.85,29.15,51.74,54.04,17.69,77.01,91.02,113.17,3.61,64.13,36.67,19.7,17.12,47.85,42.95,83.19,101.18,85.7,6.08,89.05,38.47,71.12,17.26,39.46,77.06,23.02,54.82,84.69,77.06,12.37,66.03,47.93,50.99,83.86,34.93,86.4,48.51,84.72,55.66,42.95,99.64,41.15,30.41,60.44,52.39,7.62,57.43,53.37,53.15,89.4,43.74,3.16,53.6,72.18,34.71,104.0,0.0,43.0,73.06,55.0,89.31,71.69,30.36,81.57,37.12,67.42,26.91,72.07,46.32,79.08,33.62
65,17.03,98.84,40.8,85.23,89.05,47.38,54.12,3.0,49.04,14.32,34.23,11.18,32.31,88.68,74.67,89.16,40.05,23.32,67.6,26.25,48.1,58.01,46.32,74.17,78.43,60.75,49.01,90.25,7.81,63.79,49.04,7.21,89.69,27.29,34.0,78.64,34.13,41.76,54.23,50.12,34.37,51.87,12.04,85.15,8.6,52.43,59.03,18.44,71.2,44.65,39.62,38.21,80.0,50.09,15.65,60.54,14.21,72.69,55.44,44.1,12.81,53.34,11.4,80.99,43.0,0.0,83.24,12.0,74.33,62.39,16.64,62.8,54.49,55.15,29.21,63.51,25.32,80.96,22.02
66,78.75,15.81,43.08,4.0,25.24,52.84,58.87,80.62,36.14,80.32,53.08,90.7,85.59,5.66,50.01,75.54,71.0,85.56,44.28,82.38,56.22,26.68,37.16,35.01,66.01,63.06,74.55,21.26,86.41,31.62,56.32,86.82,7.21,62.1,55.87,30.41,106.08,61.0,39.82,33.12,52.4,75.24,72.01,23.26,91.79,76.16,24.41,65.73,75.8,39.0,47.3,56.22,34.66,76.66,85.28,22.85,97.25,50.01,30.41,70.11,82.01,50.16,72.92,68.07,73.06,83.24,0.0,89.63,47.01,34.79,69.08,51.2,36.0,40.25,57.57,33.53,60.0,15.52,61.74
67,13.04,104.85,48.84,92.01,92.36,47.38,52.09,12.37,57.38,26.17,37.58,2.24,43.68,95.21,74.03,85.16,52.04,14.42,78.29,37.85,59.48,65.76,53.76,75.93,75.31,57.71,61.01,94.15,18.03,66.73,60.44,17.09,96.4,38.28,36.06,81.04,22.2,53.37,56.61,56.85,38.01,46.24,22.47,88.6,9.9,46.62,65.22,24.08,66.13,52.33,49.09,38.83,89.89,62.07,7.28,67.48,11.4,72.03,63.7,56.08,8.25,53.34,22.14,77.67,55.0,12.0,89.63,0.0,74.17,64.85,27.51,62.03,63.82,57.28,39.36,66.1,29.68,85.43,31.06
68,61.13,53.85,51.4,51.01,29.07,27.02,23.41,71.34,52.35,79.81,41.48,76.11,93.62,51.09,3.0,29.12,85.98,63.35,77.7,88.02,77.16,49.09,47.42,12.0,19.0,22.02,93.6,33.62,80.89,20.25,77.83,80.75,53.08,68.43,40.61,17.46,81.6,77.8,23.32,43.14,41.76,38.01,67.91,27.51,81.02,38.6,39.12,57.07,30.46,48.92,59.2,36.12,75.61,95.8,67.36,43.91,85.02,3.61,52.2,87.42,66.07,21.02,68.88,21.1,89.31,74.33,47.01,74.17,0.0,18.44,68.31,12.37,59.82,21.95,63.53,18.6,50.22,32.14,60.75
69,52.2,46.04,33.62,38.6,27.73,19.85,24.17,59.41,33.94,65.38,28.16,66.48,77.49,39.92,20.81,46.52,68.48,56.82,59.54,72.28,58.9,30.89,29.21,12.17,35.11,28.44,75.72,30.23,68.03,3.16,59.55,68.07,41.79,51.87,28.86,16.28,76.85,59.91,8.25,24.76,28.07,40.71,54.04,24.19,70.04,41.59,21.02,44.1,42.0,30.81,41.34,26.4,58.69,77.94,58.87,26.0,74.73,19.72,33.84,69.64,56.61,15.81,55.04,37.7,71.69,62.39,34.79,64.85,18.44,0.0,53.46,17.0,41.4,7.62,46.82,1.41,37.12,23.43,45.54
70,25.32,84.86,26.0,70.68,78.16,42.94,51.87,15.23,33.62,12.0,26.93,27.31,26.4,74.32,69.29,87.92,26.93,34.13,51.0,20.25,32.02,42.94,31.95,65.62,76.32,59.41,36.4,78.64,17.49,54.15,32.98,18.03,75.15,10.77,28.65,69.12,49.48,26.17,45.89,36.4,26.57,54.82,5.1,74.17,24.84,55.61,45.61,13.45,72.18,30.08,23.43,34.13,63.41,37.95,28.07,46.24,30.48,67.42,39.96,30.59,24.02,48.33,5.39,79.08,30.36,16.64,69.08,27.51,68.31,53.46,0.0,58.18,38.21,47.07,12.73,54.33,18.87,68.88,8.0
71,49.01,60.84,44.69,55.11,38.29,15.52,11.18,59.84,47.51,69.29,31.3,64.01,84.12,56.04,12.0,32.02,78.1,50.99,74.85,78.26,71.06,46.49,41.88,19.21,20.0,12.08,86.31,42.2,69.63,20.02,71.84,69.43,57.97,59.64,29.73,25.61,69.29,70.71,17.0,38.47,31.76,26.87,57.25,35.81,69.18,27.59,37.11,46.17,25.0,43.01,52.4,24.74,75.31,88.46,55.15,42.2,73.01,10.0,48.85,79.98,54.0,9.85,58.19,22.8,81.57,62.8,51.2,62.03,12.37,17.0,58.18,0.0,55.9,15.65,55.0,18.03,39.56,38.08,51.0
72,56.36,51.24,16.49,36.22,54.23,47.07,57.01,52.5,9.06,47.71,36.12,64.2,50.01,40.2,62.2,87.46,35.0,65.0,19.42,47.43,20.62,11.66,15.13,50.93,75.66,64.2,39.05,52.5,55.44,39.7,20.88,56.08,40.45,28.84,40.11,50.8,84.12,25.0,38.91,17.46,35.13,69.26,42.45,50.57,62.94,70.26,21.26,40.71,79.06,15.0,14.87,44.01,26.4,41.23,61.77,17.49,68.59,61.03,7.81,34.23,57.8,48.7,43.14,78.39,37.12,54.49,36.0,63.82,59.82,41.4,38.21,55.9,0.0,40.25,25.5,41.23,37.95,42.72,32.8
73,44.6,52.63,29.73,43.86,35.34,12.81,19.24,52.15,31.91,58.86,21.0,58.94,71.87,45.65,23.6,47.43,64.07,49.24,59.24,66.41,55.9,31.05,26.4,19.03,35.51,25.08,71.84,37.74,61.01,10.0,56.64,61.0,47.41,46.52,21.38,23.77,69.34,56.08,1.41,22.83,21.02,35.11,47.27,31.76,62.65,36.06,22.09,37.0,39.62,27.66,37.54,18.79,60.41,74.03,51.26,27.17,67.27,22.02,33.24,65.6,49.04,10.2,48.26,38.28,67.42,55.15,40.25,57.28,21.95,7.62,47.07,15.65,40.25,0.0,41.59,8.94,30.0,30.41,39.29
74,34.37,73.38,15.03,58.87,69.12,41.01,50.99,27.46,21.54,22.85,24.84,39.45,30.81,62.63,65.0,86.37,23.35,43.42,39.0,26.08,22.02,31.02,21.1,58.82,74.41,58.8,32.2,69.01,30.0,46.84,23.02,30.61,63.32,5.1,28.02,61.39,60.75,18.03,40.25,26.02,24.08,57.7,17.2,65.12,37.54,58.6,35.13,19.0,72.8,19.1,10.82,33.6,50.8,34.21,38.6,34.93,43.19,63.29,27.73,25.81,34.48,45.45,17.8,77.23,26.91,29.21,57.57,39.36,63.53,46.82,12.73,55.0,25.5,41.59,0.0,47.43,20.25,59.03,9.06
75,53.49,44.65,34.0,37.36,26.4,21.26,25.5,60.53,33.97,66.27,29.27,67.72,78.16,38.63,21.1,47.01,68.88,58.18,59.17,73.01,59.03,30.53,29.41,11.4,35.74,29.61,76.01,28.84,69.07,2.0,59.67,69.12,40.5,52.5,30.08,15.13,78.23,60.21,9.49,24.84,29.15,42.06,55.01,22.83,71.2,42.94,20.59,45.18,43.01,31.06,41.68,27.73,57.97,78.23,60.17,25.5,75.93,20.12,33.6,69.97,57.87,17.2,56.01,38.28,72.07,63.51,33.53,66.1,18.6,1.41,54.33,18.03,41.23,8.94,47.43,0.0,38.21,22.02,46.39
76,19.21,75.17,21.54,62.48,63.79,24.17,33.02,22.36,29.97,29.73,9.0,30.89,45.22,65.6,50.96,69.07,42.72,27.29,55.58,39.12,41.77,37.2,25.24,49.01,57.45,40.61,51.97,65.15,31.02,38.47,42.76,31.0,66.84,23.32,9.85,53.34,47.2,38.28,29.02,27.59,9.06,37.59,17.72,59.91,33.24,38.47,35.61,7.0,53.76,24.19,25.08,15.26,64.26,53.85,25.46,38.18,38.28,49.04,35.85,45.65,22.02,29.73,18.68,60.21,46.32,25.32,60.0,29.68,50.22,37.12,18.87,39.56,37.95,30.0,20.25,38.21,0.0,56.08,12.81
77,73.43,22.83,44.01,19.42,11.66,43.14,47.17,78.11,39.46,80.75,47.85,86.82,89.14,19.0,35.13,60.21,76.49,79.06,55.61,85.0,63.25,31.32,38.0,20.22,51.09,50.16,81.61,10.05,85.38,20.52,63.57,85.62,21.0,64.01,49.74,15.03,99.4,66.71,30.48,33.02,47.42,63.81,70.83,8.49,89.2,64.66,24.02,62.63,61.85,40.0,50.16,48.6,48.6,83.82,80.13,25.71,94.34,35.36,35.44,76.4,77.37,39.2,71.81,53.01,79.08,80.96,15.52,85.43,32.14,23.43,68.88,38.08,42.72,30.41,59.03,22.02,56.08,0.0,61.0
78,25.32,77.47,18.87,63.53,70.18,36.06,45.45,19.8,27.02,20.0,19.72,31.4,33.12,67.08,61.85,81.4,30.02,34.37,47.76,27.31,31.0,36.06,24.6,57.71,69.63,53.15,39.36,70.71,24.7,46.17,32.0,25.08,68.0,10.77,22.02,61.13,52.0,26.48,38.08,28.79,19.24,50.25,10.3,66.19,30.61,51.11,37.95,10.05,66.53,22.83,18.03,27.66,58.83,41.18,29.73,38.91,36.24,60.01,33.42,33.11,25.63,41.18,11.18,72.42,33.62,22.02,61.74,31.06,60.75,45.54,8.0,51.0,32.8,39.29,9.06,46.39,12.81,61.0,0.0
