set K:= 1	2	3	4	5	6	7	8	9;
set C_H:= 1	2	3	4	5	6	7	8	9	10	11	12	13	14	15	16	17	18	19	20	21	22	23	24;
set C_S:= 25	26	27	28	29	30	31	32	33	34	35	36	37	38	39	40	41	42	43	44	45	46;
set C_F:= 47	48	49	50	51	52	53	54	55	56	57	58	59	60	61	62	63	64	65	66	67	68;
set M:= 69	70	71	72	73	74;
set L_B:= 75	76	77	78	79	80	81	82	83;
set A1:=
(0,*) 1 2 3 4 5 6 7 8 9 10 11 12 13 14 15 16 17 18 19 20 21 22 23 24 47 48 49 50 51 52 53 54 55 56 57 58 59 60 61 62 63 64 65 66 67 68 69 70 71 72 73 74 75 76 77 78 79 80 81 82 83 84
(1,*) 0 2 3 4 5 6 7 8 9 10 11 12 13 14 15 16 17 18 19 20 21 22 23 24 47 48 49 50 51 52 53 54 55 56 57 58 59 60 61 62 63 64 65 66 67 68 69 70 71 72 73 74 75 76 77 78 79 80 81 82 83 84
(2,*) 0 1 3 4 5 6 7 8 9 10 11 12 13 14 15 16 17 18 19 20 21 22 23 24 47 48 49 50 51 52 53 54 55 56 57 58 59 60 61 62 63 64 65 66 67 68 69 70 71 72 73 74 75 76 77 78 79 80 81 82 83 84
(3,*) 0 1 2 4 5 6 7 8 9 10 11 12 13 14 15 16 17 18 19 20 21 22 23 24 47 48 49 50 51 52 53 54 55 56 57 58 59 60 61 62 63 64 65 66 67 68 69 70 71 72 73 74 75 76 77 78 79 80 81 82 83 84
(4,*) 0 1 2 3 5 6 7 8 9 10 11 12 13 14 15 16 17 18 19 20 21 22 23 24 47 48 49 50 51 52 53 54 55 56 57 58 59 60 61 62 63 64 65 66 67 68 69 70 71 72 73 74 75 76 77 78 79 80 81 82 83 84
(5,*) 0 1 2 3 4 6 7 8 9 10 11 12 13 14 15 16 17 18 19 20 21 22 23 24 47 48 49 50 51 52 53 54 55 56 57 58 59 60 61 62 63 64 65 66 67 68 69 70 71 72 73 74 75 76 77 78 79 80 81 82 83 84
(6,*) 0 1 2 3 4 5 7 8 9 10 11 12 13 14 15 16 17 18 19 20 21 22 23 24 47 48 49 50 51 52 53 54 55 56 57 58 59 60 61 62 63 64 65 66 67 68 69 70 71 72 73 74 75 76 77 78 79 80 81 82 83 84
(7,*) 0 1 2 3 4 5 6 8 9 10 11 12 13 14 15 16 17 18 19 20 21 22 23 24 47 48 49 50 51 52 53 54 55 56 57 58 59 60 61 62 63 64 65 66 67 68 69 70 71 72 73 74 75 76 77 78 79 80 81 82 83 84
(8,*) 0 1 2 3 4 5 6 7 9 10 11 12 13 14 15 16 17 18 19 20 21 22 23 24 47 48 49 50 51 52 53 54 55 56 57 58 59 60 61 62 63 64 65 66 67 68 69 70 71 72 73 74 75 76 77 78 79 80 81 82 83 84
(9,*) 0 1 2 3 4 5 6 7 8 10 11 12 13 14 15 16 17 18 19 20 21 22 23 24 47 48 49 50 51 52 53 54 55 56 57 58 59 60 61 62 63 64 65 66 67 68 69 70 71 72 73 74 75 76 77 78 79 80 81 82 83 84
(10,*) 0 1 2 3 4 5 6 7 8 9 11 12 13 14 15 16 17 18 19 20 21 22 23 24 47 48 49 50 51 52 53 54 55 56 57 58 59 60 61 62 63 64 65 66 67 68 69 70 71 72 73 74 75 76 77 78 79 80 81 82 83 84
(11,*) 0 1 2 3 4 5 6 7 8 9 10 12 13 14 15 16 17 18 19 20 21 22 23 24 47 48 49 50 51 52 53 54 55 56 57 58 59 60 61 62 63 64 65 66 67 68 69 70 71 72 73 74 75 76 77 78 79 80 81 82 83 84
(12,*) 0 1 2 3 4 5 6 7 8 9 10 11 13 14 15 16 17 18 19 20 21 22 23 24 47 48 49 50 51 52 53 54 55 56 57 58 59 60 61 62 63 64 65 66 67 68 69 70 71 72 73 74 75 76 77 78 79 80 81 82 83 84
(13,*) 0 1 2 3 4 5 6 7 8 9 10 11 12 14 15 16 17 18 19 20 21 22 23 24 47 48 49 50 51 52 53 54 55 56 57 58 59 60 61 62 63 64 65 66 67 68 69 70 71 72 73 74 75 76 77 78 79 80 81 82 83 84
(14,*) 0 1 2 3 4 5 6 7 8 9 10 11 12 13 15 16 17 18 19 20 21 22 23 24 47 48 49 50 51 52 53 54 55 56 57 58 59 60 61 62 63 64 65 66 67 68 69 70 71 72 73 74 75 76 77 78 79 80 81 82 83 84
(15,*) 0 1 2 3 4 5 6 7 8 9 10 11 12 13 14 16 17 18 19 20 21 22 23 24 47 48 49 50 51 52 53 54 55 56 57 58 59 60 61 62 63 64 65 66 67 68 69 70 71 72 73 74 75 76 77 78 79 80 81 82 83 84
(16,*) 0 1 2 3 4 5 6 7 8 9 10 11 12 13 14 15 17 18 19 20 21 22 23 24 47 48 49 50 51 52 53 54 55 56 57 58 59 60 61 62 63 64 65 66 67 68 69 70 71 72 73 74 75 76 77 78 79 80 81 82 83 84
(17,*) 0 1 2 3 4 5 6 7 8 9 10 11 12 13 14 15 16 18 19 20 21 22 23 24 47 48 49 50 51 52 53 54 55 56 57 58 59 60 61 62 63 64 65 66 67 68 69 70 71 72 73 74 75 76 77 78 79 80 81 82 83 84
(18,*) 0 1 2 3 4 5 6 7 8 9 10 11 12 13 14 15 16 17 19 20 21 22 23 24 47 48 49 50 51 52 53 54 55 56 57 58 59 60 61 62 63 64 65 66 67 68 69 70 71 72 73 74 75 76 77 78 79 80 81 82 83 84
(19,*) 0 1 2 3 4 5 6 7 8 9 10 11 12 13 14 15 16 17 18 20 21 22 23 24 47 48 49 50 51 52 53 54 55 56 57 58 59 60 61 62 63 64 65 66 67 68 69 70 71 72 73 74 75 76 77 78 79 80 81 82 83 84
(20,*) 0 1 2 3 4 5 6 7 8 9 10 11 12 13 14 15 16 17 18 19 21 22 23 24 47 48 49 50 51 52 53 54 55 56 57 58 59 60 61 62 63 64 65 66 67 68 69 70 71 72 73 74 75 76 77 78 79 80 81 82 83 84
(21,*) 0 1 2 3 4 5 6 7 8 9 10 11 12 13 14 15 16 17 18 19 20 22 23 24 47 48 49 50 51 52 53 54 55 56 57 58 59 60 61 62 63 64 65 66 67 68 69 70 71 72 73 74 75 76 77 78 79 80 81 82 83 84
(22,*) 0 1 2 3 4 5 6 7 8 9 10 11 12 13 14 15 16 17 18 19 20 21 23 24 47 48 49 50 51 52 53 54 55 56 57 58 59 60 61 62 63 64 65 66 67 68 69 70 71 72 73 74 75 76 77 78 79 80 81 82 83 84
(23,*) 0 1 2 3 4 5 6 7 8 9 10 11 12 13 14 15 16 17 18 19 20 21 22 24 47 48 49 50 51 52 53 54 55 56 57 58 59 60 61 62 63 64 65 66 67 68 69 70 71 72 73 74 75 76 77 78 79 80 81 82 83 84
(24,*) 0 1 2 3 4 5 6 7 8 9 10 11 12 13 14 15 16 17 18 19 20 21 22 23 47 48 49 50 51 52 53 54 55 56 57 58 59 60 61 62 63 64 65 66 67 68 69 70 71 72 73 74 75 76 77 78 79 80 81 82 83 84
(47,*) 0 1 2 3 4 5 6 7 8 9 10 11 12 13 14 15 16 17 18 19 20 21 22 23 24 48 49 50 51 52 53 54 55 56 57 58 59 60 61 62 63 64 65 66 67 68 69 70 71 72 73 74 75 76 77 78 79 80 81 82 83 84
(48,*) 0 1 2 3 4 5 6 7 8 9 10 11 12 13 14 15 16 17 18 19 20 21 22 23 24 47 49 50 51 52 53 54 55 56 57 58 59 60 61 62 63 64 65 66 67 68 69 70 71 72 73 74 75 76 77 78 79 80 81 82 83 84
(49,*) 0 1 2 3 4 5 6 7 8 9 10 11 12 13 14 15 16 17 18 19 20 21 22 23 24 47 48 50 51 52 53 54 55 56 57 58 59 60 61 62 63 64 65 66 67 68 69 70 71 72 73 74 75 76 77 78 79 80 81 82 83 84
(50,*) 0 1 2 3 4 5 6 7 8 9 10 11 12 13 14 15 16 17 18 19 20 21 22 23 24 47 48 49 51 52 53 54 55 56 57 58 59 60 61 62 63 64 65 66 67 68 69 70 71 72 73 74 75 76 77 78 79 80 81 82 83 84
(51,*) 0 1 2 3 4 5 6 7 8 9 10 11 12 13 14 15 16 17 18 19 20 21 22 23 24 47 48 49 50 52 53 54 55 56 57 58 59 60 61 62 63 64 65 66 67 68 69 70 71 72 73 74 75 76 77 78 79 80 81 82 83 84
(52,*) 0 1 2 3 4 5 6 7 8 9 10 11 12 13 14 15 16 17 18 19 20 21 22 23 24 47 48 49 50 51 53 54 55 56 57 58 59 60 61 62 63 64 65 66 67 68 69 70 71 72 73 74 75 76 77 78 79 80 81 82 83 84
(53,*) 0 1 2 3 4 5 6 7 8 9 10 11 12 13 14 15 16 17 18 19 20 21 22 23 24 47 48 49 50 51 52 54 55 56 57 58 59 60 61 62 63 64 65 66 67 68 69 70 71 72 73 74 75 76 77 78 79 80 81 82 83 84
(54,*) 0 1 2 3 4 5 6 7 8 9 10 11 12 13 14 15 16 17 18 19 20 21 22 23 24 47 48 49 50 51 52 53 55 56 57 58 59 60 61 62 63 64 65 66 67 68 69 70 71 72 73 74 75 76 77 78 79 80 81 82 83 84
(55,*) 0 1 2 3 4 5 6 7 8 9 10 11 12 13 14 15 16 17 18 19 20 21 22 23 24 47 48 49 50 51 52 53 54 56 57 58 59 60 61 62 63 64 65 66 67 68 69 70 71 72 73 74 75 76 77 78 79 80 81 82 83 84
(56,*) 0 1 2 3 4 5 6 7 8 9 10 11 12 13 14 15 16 17 18 19 20 21 22 23 24 47 48 49 50 51 52 53 54 55 57 58 59 60 61 62 63 64 65 66 67 68 69 70 71 72 73 74 75 76 77 78 79 80 81 82 83 84
(57,*) 0 1 2 3 4 5 6 7 8 9 10 11 12 13 14 15 16 17 18 19 20 21 22 23 24 47 48 49 50 51 52 53 54 55 56 58 59 60 61 62 63 64 65 66 67 68 69 70 71 72 73 74 75 76 77 78 79 80 81 82 83 84
(58,*) 0 1 2 3 4 5 6 7 8 9 10 11 12 13 14 15 16 17 18 19 20 21 22 23 24 47 48 49 50 51 52 53 54 55 56 57 59 60 61 62 63 64 65 66 67 68 69 70 71 72 73 74 75 76 77 78 79 80 81 82 83 84
(59,*) 0 1 2 3 4 5 6 7 8 9 10 11 12 13 14 15 16 17 18 19 20 21 22 23 24 47 48 49 50 51 52 53 54 55 56 57 58 60 61 62 63 64 65 66 67 68 69 70 71 72 73 74 75 76 77 78 79 80 81 82 83 84
(60,*) 0 1 2 3 4 5 6 7 8 9 10 11 12 13 14 15 16 17 18 19 20 21 22 23 24 47 48 49 50 51 52 53 54 55 56 57 58 59 61 62 63 64 65 66 67 68 69 70 71 72 73 74 75 76 77 78 79 80 81 82 83 84
(61,*) 0 1 2 3 4 5 6 7 8 9 10 11 12 13 14 15 16 17 18 19 20 21 22 23 24 47 48 49 50 51 52 53 54 55 56 57 58 59 60 62 63 64 65 66 67 68 69 70 71 72 73 74 75 76 77 78 79 80 81 82 83 84
(62,*) 0 1 2 3 4 5 6 7 8 9 10 11 12 13 14 15 16 17 18 19 20 21 22 23 24 47 48 49 50 51 52 53 54 55 56 57 58 59 60 61 63 64 65 66 67 68 69 70 71 72 73 74 75 76 77 78 79 80 81 82 83 84
(63,*) 0 1 2 3 4 5 6 7 8 9 10 11 12 13 14 15 16 17 18 19 20 21 22 23 24 47 48 49 50 51 52 53 54 55 56 57 58 59 60 61 62 64 65 66 67 68 69 70 71 72 73 74 75 76 77 78 79 80 81 82 83 84
(64,*) 0 1 2 3 4 5 6 7 8 9 10 11 12 13 14 15 16 17 18 19 20 21 22 23 24 47 48 49 50 51 52 53 54 55 56 57 58 59 60 61 62 63 65 66 67 68 69 70 71 72 73 74 75 76 77 78 79 80 81 82 83 84
(65,*) 0 1 2 3 4 5 6 7 8 9 10 11 12 13 14 15 16 17 18 19 20 21 22 23 24 47 48 49 50 51 52 53 54 55 56 57 58 59 60 61 62 63 64 66 67 68 69 70 71 72 73 74 75 76 77 78 79 80 81 82 83 84
(66,*) 0 1 2 3 4 5 6 7 8 9 10 11 12 13 14 15 16 17 18 19 20 21 22 23 24 47 48 49 50 51 52 53 54 55 56 57 58 59 60 61 62 63 64 65 67 68 69 70 71 72 73 74 75 76 77 78 79 80 81 82 83 84
(67,*) 0 1 2 3 4 5 6 7 8 9 10 11 12 13 14 15 16 17 18 19 20 21 22 23 24 47 48 49 50 51 52 53 54 55 56 57 58 59 60 61 62 63 64 65 66 68 69 70 71 72 73 74 75 76 77 78 79 80 81 82 83 84
(68,*) 0 1 2 3 4 5 6 7 8 9 10 11 12 13 14 15 16 17 18 19 20 21 22 23 24 47 48 49 50 51 52 53 54 55 56 57 58 59 60 61 62 63 64 65 66 67 69 70 71 72 73 74 75 76 77 78 79 80 81 82 83 84
(69,*) 0 1 2 3 4 5 6 7 8 9 10 11 12 13 14 15 16 17 18 19 20 21 22 23 24 47 48 49 50 51 52 53 54 55 56 57 58 59 60 61 62 63 64 65 66 67 68 70 71 72 73 74 75 76 77 78 79 80 81 82 83 84
(70,*) 0 1 2 3 4 5 6 7 8 9 10 11 12 13 14 15 16 17 18 19 20 21 22 23 24 47 48 49 50 51 52 53 54 55 56 57 58 59 60 61 62 63 64 65 66 67 68 69 71 72 73 74 75 76 77 78 79 80 81 82 83 84
(71,*) 0 1 2 3 4 5 6 7 8 9 10 11 12 13 14 15 16 17 18 19 20 21 22 23 24 47 48 49 50 51 52 53 54 55 56 57 58 59 60 61 62 63 64 65 66 67 68 69 70 72 73 74 75 76 77 78 79 80 81 82 83 84
(72,*) 0 1 2 3 4 5 6 7 8 9 10 11 12 13 14 15 16 17 18 19 20 21 22 23 24 47 48 49 50 51 52 53 54 55 56 57 58 59 60 61 62 63 64 65 66 67 68 69 70 71 73 74 75 76 77 78 79 80 81 82 83 84
(73,*) 0 1 2 3 4 5 6 7 8 9 10 11 12 13 14 15 16 17 18 19 20 21 22 23 24 47 48 49 50 51 52 53 54 55 56 57 58 59 60 61 62 63 64 65 66 67 68 69 70 71 72 74 75 76 77 78 79 80 81 82 83 84
(74,*) 0 1 2 3 4 5 6 7 8 9 10 11 12 13 14 15 16 17 18 19 20 21 22 23 24 47 48 49 50 51 52 53 54 55 56 57 58 59 60 61 62 63 64 65 66 67 68 69 70 71 72 73 75 76 77 78 79 80 81 82 83 84
(75,*) 0 1 2 3 4 5 6 7 8 9 10 11 12 13 14 15 16 17 18 19 20 21 22 23 24 47 48 49 50 51 52 53 54 55 56 57 58 59 60 61 62 63 64 65 66 67 68 69 70 71 72 73 74 76 77 78 79 80 81 82 83 84
(76,*) 0 1 2 3 4 5 6 7 8 9 10 11 12 13 14 15 16 17 18 19 20 21 22 23 24 47 48 49 50 51 52 53 54 55 56 57 58 59 60 61 62 63 64 65 66 67 68 69 70 71 72 73 74 75 77 78 79 80 81 82 83 84
(77,*) 0 1 2 3 4 5 6 7 8 9 10 11 12 13 14 15 16 17 18 19 20 21 22 23 24 47 48 49 50 51 52 53 54 55 56 57 58 59 60 61 62 63 64 65 66 67 68 69 70 71 72 73 74 75 76 78 79 80 81 82 83 84
(78,*) 0 1 2 3 4 5 6 7 8 9 10 11 12 13 14 15 16 17 18 19 20 21 22 23 24 47 48 49 50 51 52 53 54 55 56 57 58 59 60 61 62 63 64 65 66 67 68 69 70 71 72 73 74 75 76 77 79 80 81 82 83 84
(79,*) 0 1 2 3 4 5 6 7 8 9 10 11 12 13 14 15 16 17 18 19 20 21 22 23 24 47 48 49 50 51 52 53 54 55 56 57 58 59 60 61 62 63 64 65 66 67 68 69 70 71 72 73 74 75 76 77 78 80 81 82 83 84
(80,*) 0 1 2 3 4 5 6 7 8 9 10 11 12 13 14 15 16 17 18 19 20 21 22 23 24 47 48 49 50 51 52 53 54 55 56 57 58 59 60 61 62 63 64 65 66 67 68 69 70 71 72 73 74 75 76 77 78 79 81 82 83 84
(81,*) 0 1 2 3 4 5 6 7 8 9 10 11 12 13 14 15 16 17 18 19 20 21 22 23 24 47 48 49 50 51 52 53 54 55 56 57 58 59 60 61 62 63 64 65 66 67 68 69 70 71 72 73 74 75 76 77 78 79 80 82 83 84
(82,*) 0 1 2 3 4 5 6 7 8 9 10 11 12 13 14 15 16 17 18 19 20 21 22 23 24 47 48 49 50 51 52 53 54 55 56 57 58 59 60 61 62 63 64 65 66 67 68 69 70 71 72 73 74 75 76 77 78 79 80 81 83 84
(83,*) 0 1 2 3 4 5 6 7 8 9 10 11 12 13 14 15 16 17 18 19 20 21 22 23 24 47 48 49 50 51 52 53 54 55 56 57 58 59 60 61 62 63 64 65 66 67 68 69 70 71 72 73 74 75 76 77 78 79 80 81 82 84
(84,*) 0 1 2 3 4 5 6 7 8 9 10 11 12 13 14 15 16 17 18 19 20 21 22 23 24 47 48 49 50 51 52 53 54 55 56 57 58 59 60 61 62 63 64 65 66 67 68 69 70 71 72 73 74 75 76 77 78 79 80 81 82 83
;
set A2:=
;
param BigM:=99999;
param n:= 9;
param d:=
1	1
2	6
3	5
4	3
5	18
6	10
7	16
8	12
9	8
10	2
11	7
12	10
13	20
14	13
15	12
16	10
17	15
18	15
19	8
20	25
21	25
22	24
23	8
24	7
25	9
26	16
27	1
28	1
29	5
30	6
31	20
32	23
33	39
34	13
35	17
36	23
37	7
38	5
39	13
40	5
41	13
42	9
43	12
44	22
45	24
46	18
47	2
48	9
49	12
50	5
51	9
52	6
53	17
54	2
55	3
56	12
57	21
58	25
59	4
60	23
61	19
62	7
63	15
64	30
65	7
66	23
67	5
68	8
;
param Q:=100;
param e:
	69	70	71	72	73	74	75	76	77	78	79	80	81	82	83:=
25		0		0		1		0		0		1		0		0		0		0		0		0		0		0		0	
26		0		1		0		0		0		0		1		0		0		0		0		0		1		0		0	
27		0		1		0		0		0		0		0		0		0		0		0		0		0		0		0	
28		0		1		0		0		0		0		1		0		0		0		0		0		1		0		0	
29		0		0		0		1		0		0		0		0		1		0		0		0		0		0		0	
30		0		0		0		1		0		0		0		0		1		0		0		0		0		0		0	
31		0		0		1		0		0		0		0		0		0		0		1		0		0		0		0	
32		0		0		0		0		0		0		1		0		0		0		0		0		0		0		0	
33		1		0		0		0		0		0		0		0		0		0		0		0		0		0		0	
34		0		0		0		0		0		1		0		0		0		0		1		0		0		0		0	
35		0		0		0		0		0		0		0		0		0		0		0		0		1		0		0	
36		0		1		0		0		0		0		1		0		0		0		0		0		0		0		0	
37		0		0		0		0		0		1		0		0		0		0		0		0		0		0		0	
38		0		0		0		0		0		0		0		0		0		0		0		0		0		0		1	
39		0		0		0		0		0		1		0		0		0		0		0		0		1		0		0	
40		0		0		0		0		1		0		0		0		0		0		0		0		0		0		0	
41		0		0		0		1		0		0		0		0		1		0		0		1		0		0		1	
42		0		0		1		0		0		1		0		0		0		0		0		0		0		0		0	
43		0		0		0		0		0		0		0		0		0		0		1		0		0		0		0	
44		0		0		1		0		0		1		0		0		0		0		1		0		0		0		0	
45		0		0		0		0		0		0		0		0		0		0		1		0		0		1		0	
46		0		0		0		1		0		0		0		0		1		0		0		0		0		0		1	
47		0		1		0		0		0		0		1		0		0		0		0		0		0		0		0	
48		0		0		0		1		0		0		0		0		0		0		0		0		0		0		0	
49		1		0		0		0		0		0		0		0		0		0		0		1		0		0		0	
50		0		0		1		0		0		1		0		0		0		0		1		0		1		0		0	
51		0		1		0		0		0		0		1		0		0		1		0		0		0		0		0	
52		0		0		0		0		0		0		1		0		0		1		1		0		0		1		0	
53		0		0		0		0		0		0		1		0		0		1		0		0		1		1		1	
54		0		0		0		0		0		0		1		0		0		1		0		0		1		0		0	
55		0		0		0		0		0		0		1		0		0		1		0		0		0		0		1	
56		0		0		0		1		0		0		0		0		1		0		0		0		0		0		0	
57		0		0		0		0		0		0		0		0		1		1		0		0		0		0		1	
58		0		0		0		0		0		0		0		0		0		1		0		0		0		0		0	
59		0		0		0		1		0		0		0		0		1		0		0		0		0		0		0	
60		0		0		0		1		0		0		0		0		1		0		0		1		0		0		1	
61		0		0		0		1		0		0		0		0		1		0		0		0		0		0		0	
62		0		0		1		0		0		1		0		0		0		0		0		0		0		0		0	
63		0		1		0		0		0		0		1		0		0		0		0		0		0		0		0	
64		0		0		0		0		0		0		1		0		0		1		0		0		1		0		0	
65		0		1		0		0		0		0		1		0		0		0		0		0		1		0		0	
66		0		0		0		0		0		0		0		0		0		1		0		0		0		0		0	
67		0		0		0		0		0		0		1		0		1		1		0		0		0		1		1	
68		0		0		0		1		0		0		0		0		1		0		0		0		0		0		0	
;
param p:=
1	1
2	1
3	1
4	1
5	1
6	1
7	1
8	1
9	1
;
param G:=
69	86
70	98
71	92
72	86
73	95
74	89
75	71
76	73
77	85
78	96
79	75
80	81
81	81
82	82
83	71
;
param s:=
0	0
1	10
2	10
3	10
4	10
5	10
6	10
7	10
8	10
9	10
10	10
11	10
12	10
13	10
14	10
15	10
16	10
17	10
18	10
19	10
20	10
21	10
22	10
23	10
24	10
47	10
48	10
49	10
50	10
51	10
52	10
53	10
54	10
55	10
56	10
57	10
58	10
59	10
60	10
61	10
62	10
63	10
64	10
65	10
66	10
67	10
68	10
69	10
70	10
71	10
72	10
73	10
74	10
75	10
76	10
77	10
78	10
79	10
80	10
81	10
82	10
83	10
;
param t:
	0	1	2	3	4	5	6	7	8	9	10	11	12	13	14	15	16	17	18	19	20	21	22	23	24	25	26	27	28	29	30	31	32	33	34	35	36	37	38	39	40	41	42	43	44	45	46	47	48	49	50	51	52	53	54	55	56	57	58	59	60	61	62	63	64	65	66	67	68	69	70	71	72	73	74	75	76	77	78	79	80	81	82	83	84:=
0	0.0	34.66	54.13	57.25	13.04	27.86	53.81	57.01	22.83	40.31	47.68	17.49	55.44	61.1	44.05	19.65	37.8	45.28	32.7	22.56	44.82	45.18	49.19	31.02	29.73	44.82	37.54	60.0	39.22	55.01	63.81	36.35	23.26	30.36	24.41	8.25	57.01	17.49	46.69	26.02	64.64	50.7	39.2	36.4	28.32	28.16	47.51	54.23	61.13	46.27	27.2	44.28	6.08	11.18	25.61	31.58	66.47	49.73	56.44	59.36	52.48	69.31	38.6	52.55	29.07	26.91	55.0	21.93	61.74	44.41	44.69	46.69	57.49	47.54	32.7	25.81	73.98	53.81	27.0	26.48	56.14	28.65	15.65	38.42	0.0
1	34.66	0.0	54.12	53.25	27.73	52.89	63.06	91.55	14.56	67.05	40.22	18.36	21.47	94.02	78.64	52.7	72.25	79.4	13.42	54.92	52.95	75.39	82.66	13.6	47.17	59.08	72.14	94.49	71.87	55.9	79.63	31.02	48.08	34.37	38.33	39.41	91.55	42.15	72.78	56.36	31.38	49.65	48.37	17.2	43.19	21.21	66.0	87.46	84.38	29.73	52.81	77.94	31.62	42.19	60.21	58.82	75.58	73.82	82.76	75.43	56.08	78.75	55.04	85.59	63.01	61.52	83.52	41.98	81.02	27.59	79.31	56.72	65.15	21.19	55.32	60.31	47.52	63.06	57.27	29.02	38.28	62.63	20.25	49.37	34.66
2	54.13	54.12	0.0	6.4	61.61	39.12	15.81	86.83	44.69	93.3	15.13	46.69	58.31	78.72	77.78	54.15	79.0	73.76	40.71	73.25	96.4	57.38	93.01	64.4	29.02	98.27	77.03	88.6	86.58	2.0	34.44	79.98	39.05	24.41	76.28	62.24	86.83	71.55	47.01	78.16	60.13	4.47	90.8	69.89	80.99	68.68	30.81	75.03	48.84	28.16	81.15	70.09	48.3	48.51	65.07	43.74	24.08	43.83	53.41	31.91	5.66	27.02	92.28	72.8	62.07	69.18	58.52	34.71	40.22	29.43	78.77	99.05	14.87	41.3	86.82	64.03	100.24	15.81	49.16	72.92	27.89	74.55	55.97	19.03	54.13
3	57.25	53.25	6.4	0.0	63.63	44.55	22.02	92.72	45.34	97.02	13.04	48.01	55.11	84.97	83.36	59.0	84.1	79.56	40.0	77.28	98.18	63.56	98.05	64.44	34.13	100.65	82.22	94.56	91.2	7.81	40.31	80.66	44.05	26.93	78.39	65.46	92.72	74.46	53.34	82.0	56.01	7.0	92.65	69.66	83.24	69.35	37.2	81.15	55.17	25.3	84.43	75.96	51.26	52.61	70.01	49.48	28.86	50.22	59.82	38.01	12.04	31.58	94.81	78.92	67.36	74.01	64.9	39.12	46.4	26.93	84.34	101.02	20.59	38.33	89.89	69.03	98.23	22.02	54.59	74.2	23.09	79.16	57.43	24.52	57.25
4	13.04	27.73	61.61	63.63	0.0	40.52	63.89	67.23	21.1	39.81	52.39	16.49	49.19	73.08	54.2	32.25	46.23	56.46	31.0	27.66	34.83	58.08	55.44	20.0	40.82	37.16	46.62	70.33	44.41	62.8	75.59	23.35	35.74	37.2	14.76	13.04	67.23	14.56	59.68	28.65	59.09	57.69	29.21	24.6	19.7	15.52	59.51	66.1	73.98	47.68	25.5	55.97	15.65	24.19	36.25	44.55	76.84	62.59	69.46	71.12	60.96	79.81	31.62	64.56	40.8	36.36	68.01	33.12	74.09	45.54	54.71	37.44	67.27	45.28	29.0	36.77	61.68	63.89	40.01	13.6	57.71	36.12	8.06	48.27	13.04
5	27.86	52.89	39.12	44.55	40.52	0.0	31.62	48.85	38.33	58.83	41.15	35.36	69.35	44.55	38.83	16.55	40.11	35.47	43.83	38.28	71.87	23.6	54.15	55.01	10.77	70.29	38.01	50.99	48.76	39.01	36.88	63.79	5.0	25.5	51.88	33.29	48.85	43.01	20.1	43.83	76.28	37.66	66.37	61.0	55.23	54.45	20.52	39.2	33.54	47.51	49.52	32.2	25.32	17.0	26.68	6.4	42.54	22.2	30.15	32.56	35.01	44.94	63.89	37.01	23.0	31.05	30.68	11.18	34.0	46.69	39.81	73.24	35.74	55.61	55.87	25.5	98.25	31.62	10.05	54.12	54.92	37.0	40.11	20.1	27.86
6	53.81	63.06	15.81	22.02	63.89	31.62	0.0	75.54	51.08	89.89	28.86	51.48	71.06	65.46	68.03	48.1	71.2	63.07	50.01	69.32	98.31	44.91	85.16	71.18	24.41	98.6	68.88	76.94	80.36	14.21	18.97	84.91	33.54	29.15	77.79	61.22	75.54	71.06	33.53	74.71	74.15	18.38	92.66	77.08	82.04	73.93	16.76	62.59	33.24	41.44	79.32	59.14	48.8	45.49	58.24	34.37	13.04	29.55	38.59	16.12	10.3	16.12	92.31	60.42	53.94	62.64	44.28	32.02	24.41	42.19	69.03	100.42	4.12	54.15	85.45	57.01	110.42	0.0	41.0	76.61	43.08	68.62	59.91	15.62	53.81
7	57.01	91.55	86.83	92.72	67.23	48.85	75.54	0.0	78.49	50.25	89.96	73.59	111.73	17.69	13.04	39.7	22.56	13.42	87.11	42.06	80.31	31.0	24.7	87.13	59.62	73.0	21.19	3.16	32.06	86.35	69.58	86.38	51.0	73.43	68.31	54.2	0.0	57.58	43.01	44.91	120.28	86.02	76.79	91.79	67.91	82.3	59.14	14.87	52.89	95.19	53.76	16.76	60.14	50.25	31.4	43.32	82.02	48.09	43.42	67.19	82.0	83.15	68.12	16.49	29.07	30.89	36.4	57.8	61.98	94.03	12.53	79.06	79.4	101.04	58.22	31.24	128.04	75.54	39.36	77.08	103.35	32.57	72.42	68.31	57.01
8	22.83	14.56	44.69	45.34	21.1	38.33	51.08	78.49	0.0	60.3	33.02	5.39	33.24	79.92	65.8	39.05	60.46	65.95	10.2	44.94	53.67	60.93	72.01	20.12	33.0	57.57	60.0	81.34	61.85	46.23	66.49	35.36	33.53	21.93	35.17	29.41	78.49	35.06	58.25	47.54	42.01	40.36	48.33	26.0	40.26	24.04	52.15	73.5	70.11	26.68	46.1	64.2	18.44	28.43	47.51	44.27	63.98	59.41	68.25	62.17	45.49	67.12	52.39	71.56	49.58	49.41	68.96	27.46	67.27	24.52	66.53	56.86	53.67	25.0	50.04	47.42	61.07	51.08	42.94	29.15	36.67	51.48	13.34	36.4	22.83
9	40.31	67.05	93.3	97.02	39.81	58.83	89.89	50.25	60.3	0.0	87.97	55.15	88.26	64.56	40.8	42.44	29.73	47.17	70.46	20.59	32.31	61.61	27.29	56.36	65.8	23.54	32.31	53.15	18.25	93.92	94.64	46.75	56.36	70.41	30.02	32.14	50.25	25.32	70.04	15.23	98.35	90.25	30.53	58.31	26.4	48.76	78.82	58.19	85.04	86.0	14.32	49.66	46.39	44.94	34.66	58.41	101.36	74.95	77.01	90.6	90.82	103.77	20.12	57.94	41.11	30.48	72.11	58.87	89.87	84.01	40.52	30.08	93.91	85.0	12.81	36.07	87.97	89.89	51.22	40.82	96.01	24.21	47.85	75.77	40.31
10	47.68	40.22	15.13	13.04	52.39	41.15	28.86	89.96	33.02	87.97	0.0	36.24	43.19	84.63	79.38	53.15	78.45	76.56	27.02	69.07	86.45	63.01	92.07	51.62	30.41	89.55	76.9	92.14	84.15	17.12	47.8	68.12	39.22	18.03	67.12	55.9	89.96	64.29	54.45	73.33	45.4	11.0	81.01	56.73	72.09	56.85	40.22	79.92	59.68	13.04	74.73	73.35	41.59	45.1	64.13	47.01	39.0	52.5	62.48	44.6	19.1	42.01	83.93	77.7	62.64	67.74	66.47	32.98	52.39	14.32	80.32	89.47	29.15	26.17	79.81	63.35	85.44	28.86	50.7	62.13	15.0	72.25	45.65	23.35	47.68
11	17.49	18.36	46.69	48.01	16.49	35.36	51.48	73.59	5.39	55.15	36.24	0.0	38.21	75.66	60.81	34.41	55.22	61.22	15.52	39.56	50.25	57.25	66.65	20.4	31.4	53.49	54.82	76.49	56.46	48.08	65.8	33.6	30.41	22.8	31.02	24.04	73.59	30.0	55.44	42.2	47.2	42.52	44.78	26.48	36.06	22.47	50.8	69.12	68.01	31.26	41.01	59.64	13.45	23.85	42.45	41.0	64.5	57.04	65.49	61.4	46.86	67.6	48.08	67.23	44.82	44.2	65.73	25.0	65.92	29.15	61.52	53.24	54.38	30.36	45.18	42.43	63.03	51.48	39.0	26.25	41.3	46.14	9.43	36.25	17.49
12	55.44	21.47	58.31	55.11	49.19	69.35	71.06	111.73	33.24	88.26	43.19	38.21	0.0	112.65	99.01	72.25	93.24	99.16	25.55	76.32	71.0	92.78	104.01	32.56	61.47	78.31	92.96	114.59	93.3	60.3	89.45	48.01	65.0	46.17	58.94	60.75	111.73	63.56	88.24	77.83	10.2	54.15	67.12	33.0	63.56	40.61	78.34	106.4	97.8	30.15	74.09	97.31	51.62	61.62	80.66	75.66	82.1	88.26	97.86	85.71	62.03	85.15	74.97	104.4	82.81	82.33	99.74	58.18	92.57	29.02	99.72	75.01	72.01	17.03	76.24	80.62	45.22	71.06	75.45	48.84	33.62	83.82	41.68	60.42	55.44
13	61.1	94.02	78.72	84.97	73.08	44.55	65.46	17.69	79.92	64.56	84.63	75.66	112.65	0.0	23.77	41.63	34.93	18.03	87.2	52.0	92.2	21.63	41.34	92.11	54.67	85.99	32.56	16.64	46.49	77.88	56.08	94.54	48.17	70.04	77.41	60.64	17.69	66.37	31.95	56.14	120.25	78.77	88.02	97.41	78.06	88.6	48.7	7.07	38.05	92.02	65.12	17.26	62.61	51.88	37.48	38.21	69.72	36.14	29.02	54.45	73.41	70.35	80.5	8.54	32.28	39.05	22.09	55.23	48.01	91.24	24.04	91.55	68.96	99.9	70.46	36.67	134.77	65.46	37.2	84.72	99.02	43.1	76.69	61.59	61.1
14	44.05	78.64	77.78	83.36	54.2	38.83	68.03	13.04	65.8	40.8	79.38	60.81	99.01	23.77	0.0	27.46	11.18	7.07	74.65	29.61	69.0	26.4	20.0	74.09	49.48	62.39	9.0	16.12	22.85	77.52	65.15	73.68	40.16	62.24	55.79	41.18	13.04	44.92	37.95	33.06	107.71	76.49	65.12	78.77	55.73	69.32	52.47	17.46	50.61	83.65	42.05	10.82	47.38	37.8	18.44	34.13	76.12	43.32	41.34	62.1	73.33	77.67	57.08	17.49	17.0	17.89	35.0	46.62	58.31	82.37	1.0	68.12	72.06	88.81	47.04	18.38	115.16	68.03	28.86	64.26	92.2	20.22	59.41	58.86	44.05
15	19.65	52.7	54.15	59.0	32.25	16.55	48.1	39.7	39.05	42.44	53.15	34.41	72.25	41.63	27.46	0.0	25.32	26.91	47.42	22.02	58.69	26.02	39.12	50.6	25.18	55.76	23.77	42.45	32.56	54.33	52.4	55.0	15.13	35.44	40.02	21.21	39.7	29.73	29.97	27.66	80.62	52.0	53.49	56.04	42.38	47.68	36.4	34.89	45.18	56.36	34.21	25.24	21.1	10.63	11.05	16.28	59.06	34.13	38.9	48.27	50.64	61.4	49.4	33.11	10.63	15.03	36.35	20.22	48.27	55.01	28.3	59.48	52.2	61.4	40.61	10.2	93.62	48.1	9.43	45.0	65.19	20.62	35.11	35.36	19.65
16	37.8	72.25	79.0	84.1	46.23	40.11	71.2	22.56	60.46	29.73	78.45	55.22	93.24	34.93	11.18	25.32	0.0	17.46	69.97	19.7	58.03	34.06	14.04	66.22	50.01	51.24	2.83	25.71	12.21	79.03	71.11	64.08	40.05	60.64	45.88	33.3	22.56	35.34	44.42	22.36	102.42	77.1	54.33	70.46	45.35	60.75	56.92	28.46	58.41	80.99	31.26	20.25	42.19	34.18	14.32	36.88	80.65	49.74	49.58	67.62	75.11	82.54	46.01	28.23	17.26	11.18	43.86	45.54	65.0	79.48	11.05	57.04	75.31	84.6	36.0	15.13	105.99	71.2	30.27	55.01	90.14	10.3	52.33	60.01	37.8
17	45.28	79.4	73.76	79.56	56.46	35.47	63.07	13.42	65.95	47.17	76.56	61.22	99.16	18.03	7.07	26.91	17.46	0.0	74.25	34.01	74.17	19.92	27.02	76.03	46.24	68.07	14.87	15.81	29.53	73.35	58.94	77.13	37.59	60.03	59.68	43.66	13.42	48.66	31.78	38.12	107.48	72.8	70.01	81.02	60.13	71.87	47.04	11.18	43.83	81.84	47.1	4.12	47.8	37.54	20.25	30.08	70.46	37.11	34.48	56.09	69.05	71.85	62.51	10.77	16.4	21.21	28.02	44.42	51.87	80.71	7.81	73.55	67.03	87.97	52.47	19.7	117.99	63.07	25.94	67.45	89.94	25.08	60.9	55.08	45.28
18	32.7	13.42	40.71	40.0	31.0	43.83	50.01	87.11	10.2	70.46	27.02	15.52	25.55	87.2	74.65	47.42	69.97	74.25	0.0	55.03	62.03	67.23	81.86	24.84	36.4	66.71	69.34	89.87	71.87	42.49	67.12	41.88	39.45	22.02	44.55	39.56	87.11	45.18	62.97	57.72	33.24	36.24	56.92	29.73	49.65	30.89	54.33	81.06	73.35	17.89	56.22	72.18	27.78	36.88	56.61	50.12	62.36	63.32	72.73	63.03	42.72	65.52	61.81	79.03	58.05	58.83	74.32	32.65	69.12	15.65	75.43	65.46	51.92	14.87	60.0	56.4	60.42	50.01	50.0	37.34	27.51	61.27	23.02	37.0	32.7
19	22.56	54.92	73.25	77.28	27.66	38.28	69.32	42.06	44.94	20.59	69.07	39.56	76.32	52.0	29.61	22.02	19.7	34.01	55.03	0.0	40.45	43.86	27.8	47.38	45.31	35.47	20.88	45.22	17.0	73.76	74.41	44.38	35.78	51.16	26.25	15.65	42.06	15.65	50.8	5.66	85.96	70.41	36.06	51.22	26.17	41.4	58.41	45.01	66.03	68.73	13.6	35.13	28.28	24.74	16.16	38.21	80.78	55.44	58.67	70.29	70.52	83.22	29.41	44.1	22.85	13.15	54.63	38.6	70.04	66.91	29.83	40.26	73.35	69.89	19.7	17.46	86.31	69.32	31.11	35.36	78.52	9.49	34.67	55.36	22.56
20	44.82	52.95	96.4	98.18	34.83	71.87	98.31	80.31	53.67	32.31	86.45	50.25	71.0	92.2	69.0	58.69	58.03	74.17	62.03	40.45	0.0	83.52	59.2	39.46	74.52	9.9	60.0	83.38	48.84	97.62	108.47	23.02	67.68	72.01	20.52	38.59	80.31	29.07	88.64	36.06	81.02	92.42	5.66	38.0	16.64	31.78	92.09	85.29	103.79	79.85	27.07	75.54	49.52	54.92	56.29	74.24	111.13	92.57	97.5	104.04	95.78	114.02	12.37	84.48	62.82	53.6	94.25	66.71	105.82	77.62	69.01	4.12	101.82	73.98	22.09	57.49	58.26	98.31	68.03	24.7	89.54	49.09	40.82	82.73	44.82
21	45.18	75.39	57.38	63.56	58.08	23.6	44.91	31.0	60.93	61.61	63.01	57.25	92.78	21.63	26.4	26.02	34.06	19.92	67.23	43.86	83.52	0.0	46.14	75.5	33.24	79.31	31.24	32.14	45.97	56.65	39.05	81.01	27.78	48.84	65.76	47.17	31.0	55.11	12.04	49.19	99.86	57.25	78.59	81.22	67.68	73.33	28.28	17.72	24.41	70.71	57.38	15.81	45.12	34.53	27.73	17.2	51.04	17.26	15.56	36.35	52.2	52.24	73.16	15.52	21.02	31.38	10.77	34.67	31.95	70.04	27.31	83.82	48.66	79.2	63.56	26.4	118.87	44.91	18.44	71.01	77.47	37.44	60.02	39.96	45.18
22	49.19	82.66	93.01	98.05	55.44	54.15	85.16	24.7	72.01	27.29	92.07	66.65	104.01	41.34	20.0	39.12	14.04	27.02	81.86	27.8	59.2	46.14	0.0	75.01	64.0	50.8	16.28	27.2	11.4	93.05	84.31	69.89	54.01	74.15	51.61	43.27	24.7	42.45	57.27	27.66	113.53	91.05	56.65	78.52	49.74	68.62	70.6	36.24	70.49	93.96	34.99	30.81	54.23	47.3	28.07	50.8	94.37	62.65	61.29	80.99	89.14	96.17	46.84	36.8	31.26	24.33	55.0	59.3	77.82	92.35	19.21	57.27	89.27	96.66	37.7	29.02	112.06	85.16	44.28	61.85	103.32	20.62	62.43	74.03	49.19
23	31.02	13.6	64.4	64.44	20.0	55.01	71.18	87.13	20.12	56.36	51.62	20.4	32.56	92.11	74.09	50.6	66.22	76.03	24.84	47.38	39.46	75.5	75.01	0.0	51.79	46.01	66.61	90.21	63.78	66.03	86.13	17.46	50.01	42.05	26.57	33.02	87.13	32.8	75.06	47.63	42.76	60.0	35.06	6.08	31.05	8.06	71.2	85.23	88.14	42.44	42.54	75.24	30.41	41.0	55.95	60.21	84.1	77.03	85.09	81.74	65.51	87.24	42.43	83.57	60.01	56.3	84.72	45.18	86.31	40.22	74.63	43.29	73.79	34.79	44.01	56.36	43.42	71.18	57.07	16.28	51.48	56.08	15.52	56.3	31.02
24	29.73	47.17	29.02	34.13	40.82	10.77	24.41	59.62	33.0	65.8	30.41	31.4	61.47	54.67	49.48	25.18	50.01	46.24	36.4	45.31	74.52	33.24	64.0	51.79	0.0	74.33	48.09	61.74	57.71	29.15	34.93	63.16	10.05	15.81	54.04	36.88	59.62	46.75	26.83	50.57	67.6	27.17	68.88	57.87	58.05	52.81	19.42	49.65	37.22	37.48	54.92	42.95	25.24	21.1	36.06	16.64	36.8	26.93	36.4	30.46	25.5	39.6	68.01	47.43	33.24	40.2	38.59	7.81	34.53	36.88	50.45	76.42	28.3	46.65	61.03	35.01	94.05	24.41	20.62	54.12	44.41	45.71	38.28	10.2	29.73
25	44.82	59.08	98.27	100.65	37.16	70.29	98.6	73.0	57.57	23.54	89.55	53.49	78.31	85.99	62.39	55.76	51.24	68.07	66.71	35.47	9.9	79.31	50.8	46.01	74.33	0.0	53.46	76.01	41.05	99.32	107.17	31.05	66.53	73.93	22.47	37.48	73.0	27.59	85.59	30.36	88.46	94.51	11.4	45.54	17.46	38.0	90.79	79.25	100.85	84.2	21.93	69.86	50.22	53.76	51.62	71.85	111.13	89.89	93.91	102.83	97.08	113.9	6.4	78.64	58.31	48.38	90.08	66.6	103.81	82.01	62.29	6.71	102.3	79.63	15.81	52.92	68.12	98.6	65.19	30.07	94.11	43.17	44.27	83.24	44.82
26	37.54	72.14	77.03	82.22	46.62	38.01	68.88	21.19	60.0	32.31	76.9	54.82	92.96	32.56	9.0	23.77	2.83	14.87	69.34	20.88	60.0	31.24	16.28	66.61	48.09	53.46	0.0	24.35	15.0	77.0	68.45	65.19	38.21	59.2	47.13	33.6	21.19	36.4	41.68	24.08	102.0	75.24	56.14	71.02	46.87	61.4	54.41	25.96	55.61	79.85	33.06	17.49	41.62	33.11	13.0	34.53	78.16	47.01	46.75	65.0	73.03	80.01	48.09	25.63	15.03	10.63	41.04	43.93	62.27	78.39	9.06	59.14	72.99	83.86	38.05	13.6	106.93	68.88	28.07	55.95	88.87	11.4	52.4	58.01	37.54
27	60.0	94.49	88.6	94.56	70.33	50.99	76.94	3.16	81.34	53.15	92.14	76.49	114.59	16.64	16.12	42.45	25.71	15.81	89.87	45.22	83.38	32.14	27.2	90.21	61.74	76.01	24.35	0.0	35.01	88.06	70.26	89.54	53.34	75.8	71.47	57.31	3.16	60.75	44.05	48.05	123.07	87.92	79.91	94.89	71.06	85.42	60.41	15.13	53.15	97.64	56.89	18.79	63.03	53.04	34.41	45.31	83.01	49.0	43.74	68.03	83.68	84.02	71.18	17.03	31.83	34.0	36.67	60.21	62.51	96.52	15.65	82.1	80.75	103.71	61.29	34.21	131.18	76.94	41.68	80.23	105.68	35.74	75.45	70.23	60.0
28	39.22	71.87	86.58	91.2	44.41	48.76	80.36	32.06	61.85	18.25	84.15	56.46	93.3	46.49	22.85	32.56	12.21	29.53	71.87	17.0	48.84	45.97	11.4	63.78	57.71	41.05	15.0	35.01	0.0	86.83	81.99	58.52	47.68	66.12	40.22	32.65	32.06	31.11	55.8	16.28	102.96	84.21	45.88	67.18	38.47	57.28	67.12	40.31	70.18	84.93	23.71	32.45	44.64	39.05	22.14	46.62	90.62	61.03	61.52	78.29	83.19	92.7	36.5	40.25	27.29	17.72	55.97	52.09	76.28	83.2	22.47	47.27	84.48	86.73	26.93	23.41	100.7	80.36	39.56	50.45	94.54	12.04	51.62	67.9	39.22
29	55.01	55.9	2.0	7.81	62.8	39.01	14.21	86.35	46.23	93.92	17.12	48.08	60.3	77.88	77.52	54.33	79.03	73.35	42.49	73.76	97.62	56.65	93.05	66.03	29.15	99.32	77.0	88.06	86.83	0.0	32.65	81.47	39.2	25.61	77.42	63.07	86.35	72.47	46.07	78.75	62.13	6.32	92.01	71.56	82.1	70.18	29.68	74.33	47.38	30.15	81.94	69.63	49.24	49.04	65.19	43.42	22.09	42.72	52.2	30.23	4.47	25.02	93.3	72.11	62.01	69.35	57.45	35.17	38.6	31.4	78.52	100.21	13.0	43.29	87.66	64.12	102.14	14.21	49.04	74.28	29.83	74.81	57.31	19.03	55.01
30	63.81	79.63	34.44	40.31	75.59	36.88	18.97	69.58	66.49	94.64	47.8	65.8	89.45	56.08	65.15	52.4	71.11	58.94	67.12	74.41	108.47	39.05	84.31	86.13	34.93	107.17	68.45	70.26	81.99	32.65	0.0	98.09	40.8	45.28	88.2	70.0	69.58	79.81	27.2	80.06	92.96	37.34	102.9	92.18	91.84	87.66	16.4	55.15	18.68	60.21	86.28	54.82	59.94	53.6	60.46	36.24	14.76	21.84	27.07	4.47	29.15	14.56	100.77	53.24	54.71	64.9	34.01	42.49	8.25	60.83	66.1	110.0	19.72	72.69	92.66	59.08	127.14	18.97	43.42	89.0	62.03	71.28	73.16	30.27	63.81
31	36.35	31.02	79.98	80.66	23.35	63.79	84.91	86.38	35.36	46.75	68.12	33.6	48.01	94.54	73.68	55.0	64.08	77.13	41.88	44.38	23.02	81.01	69.89	17.46	63.16	31.05	65.19	89.54	58.52	81.47	98.09	0.0	58.94	56.4	18.36	34.13	86.38	28.79	83.02	42.54	58.01	75.69	19.65	15.03	20.52	11.31	82.28	87.48	97.29	59.68	35.0	77.28	38.6	47.52	57.07	67.9	97.94	85.91	92.78	93.62	80.43	101.02	29.07	86.15	62.51	56.04	91.14	55.71	97.08	57.45	74.0	27.07	87.92	52.2	33.97	57.87	42.19	84.91	63.2	10.0	68.88	53.85	25.06	69.46	36.35
32	23.26	48.08	39.05	44.05	35.74	5.0	33.54	51.0	33.53	56.36	39.22	30.41	65.0	48.17	40.16	15.13	40.05	37.59	39.45	35.78	67.68	27.78	54.01	50.01	10.05	66.53	38.21	53.34	47.68	39.2	40.8	58.94	0.0	22.47	47.51	29.21	51.0	39.05	25.08	41.18	72.2	37.05	62.13	56.0	51.04	49.5	24.41	42.45	38.47	44.41	46.23	34.67	20.4	12.81	26.02	10.77	45.22	27.17	35.13	36.4	35.51	47.8	60.14	40.31	23.54	30.15	35.44	7.07	38.48	43.42	41.11	69.2	37.58	51.74	52.5	25.0	93.26	33.54	11.66	49.34	52.35	35.69	35.13	20.22	23.26
33	30.36	34.37	24.41	26.93	37.2	25.5	29.15	73.43	21.93	70.41	18.03	22.8	46.17	70.04	62.24	35.44	60.64	60.03	22.02	51.16	72.01	48.84	74.15	42.05	15.81	73.93	59.2	75.8	66.12	25.61	45.28	56.4	22.47	0.0	51.87	38.6	73.43	47.54	42.54	55.58	51.88	20.59	66.4	47.93	56.6	45.22	32.39	64.66	51.66	22.02	57.57	57.14	24.35	27.07	46.32	31.83	42.05	42.15	51.89	41.11	24.08	45.19	68.0	62.48	45.31	49.82	54.38	15.65	47.1	21.21	63.16	74.63	31.76	30.89	62.97	45.61	81.88	29.15	34.13	48.8	29.97	54.23	31.83	15.03	30.36
34	24.41	38.33	76.28	78.39	14.76	51.88	77.79	68.31	35.17	30.02	67.12	31.02	58.94	77.41	55.79	40.02	45.88	59.68	44.55	26.25	20.52	65.76	51.61	26.57	54.04	22.47	47.13	71.47	40.22	77.42	88.2	18.36	47.51	51.87	0.0	18.97	68.31	11.05	69.57	24.19	69.12	72.4	14.87	28.3	5.1	18.79	71.87	70.35	84.5	61.85	16.97	60.21	29.0	34.89	40.05	54.78	90.61	73.16	78.85	83.76	75.43	93.51	17.26	69.18	46.01	38.47	76.3	46.23	85.88	59.67	56.04	22.8	81.32	58.03	17.46	41.01	60.54	77.79	49.04	10.82	71.81	35.74	21.84	62.23	24.41
35	8.25	39.41	62.24	65.46	13.04	33.29	61.22	54.2	29.41	32.14	55.9	24.04	60.75	60.64	41.18	21.21	33.3	43.66	39.56	15.65	38.59	47.17	43.27	33.02	36.88	37.48	33.6	57.31	32.65	63.07	70.0	34.13	29.21	38.6	18.97	0.0	54.2	9.9	50.6	18.25	70.33	58.87	33.12	37.59	21.95	28.23	53.6	53.6	65.55	54.08	18.97	43.42	14.32	16.4	23.41	35.85	73.66	54.23	59.91	65.6	60.42	76.42	31.14	52.17	28.44	23.32	57.56	29.21	67.23	52.15	41.68	40.0	65.0	54.41	24.6	24.04	74.33	61.22	30.08	24.19	64.03	23.35	19.21	46.04	8.25
36	57.01	91.55	86.83	92.72	67.23	48.85	75.54	0.0	78.49	50.25	89.96	73.59	111.73	17.69	13.04	39.7	22.56	13.42	87.11	42.06	80.31	31.0	24.7	87.13	59.62	73.0	21.19	3.16	32.06	86.35	69.58	86.38	51.0	73.43	68.31	54.2	0.0	57.58	43.01	44.91	120.28	86.02	76.79	91.79	67.91	82.3	59.14	14.87	52.89	95.19	53.76	16.76	60.14	50.25	31.4	43.32	82.02	48.09	43.42	67.19	82.0	83.15	68.12	16.49	29.07	30.89	36.4	57.8	61.98	94.03	12.53	79.06	79.4	101.04	58.22	31.24	128.04	75.54	39.36	77.08	103.35	32.57	72.42	68.31	57.01
37	17.49	42.15	71.55	74.46	14.56	43.01	71.06	57.58	35.06	25.32	64.29	30.0	63.56	66.37	44.92	29.73	35.34	48.66	45.18	15.65	29.07	55.11	42.45	32.8	46.75	27.59	36.4	60.75	31.11	72.47	79.81	28.79	39.05	47.54	11.05	9.9	57.58	0.0	59.62	14.87	73.54	68.03	23.77	36.07	12.65	26.17	63.41	59.3	74.73	61.13	11.05	49.16	23.26	26.25	29.02	45.18	83.55	63.51	68.62	75.43	69.97	86.31	21.26	58.14	35.06	27.46	65.73	39.05	76.85	59.08	45.22	30.23	74.81	59.68	15.52	30.0	70.66	71.06	39.0	19.72	71.18	25.08	22.56	55.8	17.49
38	46.69	72.78	47.01	53.34	59.68	20.1	33.53	43.01	58.25	70.04	54.45	55.44	88.24	31.95	37.95	29.97	44.42	31.78	62.97	50.8	88.64	12.04	57.27	75.06	26.83	85.59	41.68	44.05	55.8	46.07	27.2	83.02	25.08	42.54	69.57	50.6	43.01	59.62	0.0	56.4	94.41	47.43	83.38	81.02	72.24	74.17	16.76	29.27	15.26	63.6	63.81	27.66	45.04	35.51	35.38	15.13	39.01	5.39	10.05	24.33	41.59	40.2	79.26	27.17	29.0	39.6	12.04	30.81	20.59	63.25	38.9	89.44	37.11	73.43	70.18	33.97	118.34	33.53	20.62	73.16	69.31	45.97	60.01	31.11	46.69
39	26.02	56.36	78.16	82.0	28.65	43.83	74.71	44.91	47.54	15.23	73.33	42.2	77.83	56.14	33.06	27.66	22.36	38.12	57.72	5.66	36.06	49.19	27.66	47.63	50.57	30.36	24.08	48.05	16.28	78.75	80.06	42.54	41.18	55.58	24.19	18.25	44.91	14.87	56.4	0.0	87.66	75.19	32.06	50.91	23.09	41.01	64.03	49.25	71.61	72.25	9.0	39.62	32.0	29.73	21.47	43.86	86.28	61.07	64.14	75.93	75.61	88.75	24.52	48.51	28.18	18.03	59.93	43.66	75.69	70.35	33.14	35.51	78.71	72.53	14.56	22.83	84.72	74.71	36.77	34.21	82.15	13.04	36.25	60.54	26.02
40	64.64	31.38	60.13	56.01	59.09	76.28	74.15	120.28	42.01	98.35	45.4	47.2	10.2	120.25	107.71	80.62	102.42	107.48	33.24	85.96	81.02	99.86	113.53	42.76	67.6	88.46	102.0	123.07	102.96	62.13	92.96	58.01	72.2	51.88	69.12	70.33	120.28	73.54	94.41	87.66	0.0	56.32	77.23	43.05	73.76	50.8	83.22	114.21	102.88	32.76	84.15	105.42	60.44	70.04	89.5	82.66	84.21	93.94	103.75	89.5	64.5	87.14	85.16	112.16	91.24	91.4	106.17	65.22	96.84	32.28	108.47	85.05	74.55	21.02	86.4	89.38	50.21	74.15	83.1	59.03	33.14	93.19	51.43	65.19	64.64
41	50.7	49.65	4.47	7.0	57.69	37.66	18.38	86.02	40.36	90.25	11.0	42.52	54.15	78.77	76.49	52.0	77.1	72.8	36.24	70.41	92.42	57.25	91.05	60.0	27.17	94.51	75.24	87.92	84.21	6.32	37.34	75.69	37.05	20.59	72.4	58.87	86.02	68.03	47.43	75.19	56.32	0.0	86.84	65.46	77.18	64.38	31.83	74.73	50.61	24.02	77.83	69.26	44.78	45.71	63.01	42.72	28.0	44.69	54.49	34.44	8.25	31.02	88.59	72.5	60.41	67.01	59.2	32.14	42.54	25.18	77.47	95.13	18.25	37.12	83.38	62.03	95.82	18.38	47.68	68.77	24.7	72.17	51.86	17.72	50.7
42	39.2	48.37	90.8	92.65	29.21	66.37	92.66	76.79	48.33	30.53	81.01	44.78	67.12	88.02	65.12	53.49	54.33	70.01	56.92	36.06	5.66	78.59	56.65	35.06	68.88	11.4	56.14	79.91	45.88	92.01	102.9	19.65	62.13	66.4	14.87	33.12	76.79	23.77	83.38	32.06	77.23	86.84	0.0	34.23	11.18	27.17	86.53	81.06	98.49	74.67	23.09	71.18	43.86	49.4	51.62	68.88	105.48	87.24	92.36	98.47	90.14	108.37	10.63	80.16	58.05	49.16	89.29	61.07	100.34	72.45	65.19	8.54	96.17	69.23	18.97	52.77	57.98	92.66	62.77	19.65	84.43	45.01	35.36	77.08	39.2
43	36.4	17.2	69.89	69.66	24.6	61.0	77.08	91.79	26.0	58.31	56.73	26.48	33.0	97.41	78.77	56.04	70.46	81.02	29.73	51.22	38.0	81.22	78.52	6.08	57.87	45.54	71.02	94.89	67.18	71.56	92.18	15.03	56.0	47.93	28.3	37.59	91.79	36.07	81.02	50.91	43.05	65.46	34.23	0.0	32.2	9.9	77.28	90.48	94.19	46.86	45.0	80.41	36.22	46.69	60.84	66.12	89.96	83.05	91.05	87.8	71.2	93.11	42.72	88.87	65.19	60.9	90.55	51.24	92.4	44.69	79.26	42.01	79.62	38.01	45.65	61.33	37.66	77.08	62.8	17.49	55.47	60.22	21.21	62.3	36.4
44	28.32	43.19	80.99	83.24	19.7	55.23	82.04	67.91	40.26	26.4	72.09	36.06	63.56	78.06	55.73	42.38	45.35	60.13	49.65	26.17	16.64	67.68	49.74	31.05	58.05	17.46	46.87	71.06	38.47	82.1	91.84	20.52	51.04	56.6	5.1	21.95	67.91	12.65	72.24	23.09	73.76	77.18	11.18	32.2	0.0	23.09	75.45	71.03	87.32	66.94	14.76	61.0	33.3	38.28	41.11	57.7	94.76	76.06	81.27	87.42	80.0	97.62	12.17	70.0	47.38	39.01	78.34	50.25	89.19	64.76	55.9	18.38	85.63	63.07	13.6	42.19	62.43	82.04	51.62	14.87	76.9	35.51	26.93	66.53	28.32
45	28.16	21.21	68.68	69.35	15.52	54.45	73.93	82.3	24.04	48.76	56.85	22.47	40.61	88.6	69.32	47.68	60.75	71.87	30.89	41.4	31.78	73.33	68.62	8.06	52.81	38.0	61.4	85.42	57.28	70.18	87.66	11.31	49.5	45.22	18.79	28.23	82.3	26.17	74.17	41.01	50.8	64.38	27.17	9.9	23.09	0.0	72.12	81.61	87.97	48.76	35.23	71.47	29.15	39.01	51.62	59.08	86.95	76.66	84.1	83.22	69.2	90.05	34.37	80.08	56.32	51.43	83.05	45.61	87.09	46.53	69.77	35.51	76.85	42.2	36.25	52.2	46.17	73.93	55.08	8.25	58.18	50.48	14.56	58.59	28.16
46	47.51	66.0	30.81	37.2	59.51	20.52	16.76	59.14	52.15	78.82	40.22	50.8	78.34	48.7	52.47	36.4	56.92	47.04	54.33	58.41	92.09	28.28	70.6	71.2	19.42	90.79	54.41	60.41	67.12	29.68	16.4	82.28	24.41	32.39	71.87	53.6	59.14	63.41	16.76	64.03	83.22	31.83	86.53	77.28	75.45	72.12	0.0	45.89	19.7	50.99	70.01	43.01	43.86	37.2	45.18	20.59	23.77	13.04	22.67	12.04	25.24	25.63	84.39	43.74	39.92	49.65	27.78	26.57	15.13	51.08	53.46	93.6	20.4	62.3	76.37	43.83	113.22	16.76	27.78	73.01	55.22	55.95	57.57	18.03	47.51
47	54.23	87.46	75.03	81.15	66.1	39.2	62.59	14.87	73.5	58.19	79.92	69.12	106.4	7.07	17.46	34.89	28.46	11.18	81.06	45.01	85.29	17.72	36.24	85.23	49.65	79.25	25.96	15.13	40.31	74.33	55.15	87.48	42.45	64.66	70.35	53.6	14.87	59.3	29.27	49.25	114.21	74.73	81.06	90.48	71.03	81.61	45.89	0.0	38.08	86.68	58.22	10.2	55.95	45.28	30.41	33.02	68.07	34.06	28.64	53.0	69.89	69.0	73.68	2.24	25.3	32.02	21.59	49.52	47.38	85.8	17.89	84.72	66.29	94.07	63.64	29.61	127.78	62.59	31.14	77.67	94.05	36.22	69.86	57.25	54.23
48	61.13	84.38	48.84	55.17	73.98	33.54	33.24	52.89	70.11	85.04	59.68	68.01	97.8	38.05	50.61	45.18	58.41	43.83	73.35	66.03	103.79	24.41	70.49	88.14	37.22	100.85	55.61	53.15	70.18	47.38	18.68	97.29	38.47	51.66	84.5	65.55	52.89	74.73	15.26	71.61	102.88	50.61	98.49	94.19	87.32	87.97	19.7	38.08	0.0	70.68	79.08	39.82	58.86	50.0	50.45	29.73	33.24	11.4	9.49	18.36	43.19	33.24	94.51	36.4	43.93	54.56	16.49	43.01	10.44	70.77	51.48	104.66	35.61	81.93	85.44	49.04	131.0	33.24	35.78	87.56	74.63	60.88	73.55	37.7	61.13
