set K:= 1	2	3	4	5	6	7	8;
set C_H:= 1	2	3	4	5	6	7	8	9	10	11	12	13	14	15	16	17	18	19	20	21;
set C_S:= 22	23	24	25	26	27	28	29	30	31	32	33	34	35	36	37	38	39	40	41;
set C_F:= 42	43	44	45	46	47	48	49	50	51	52	53	54	55	56	57	58	59	60	61;
set M:= 62	63	64	65	66	67;
set L_B:= 68	69	70	71	72	73	74	75;
set A1:=
(0,*) 1 2 3 4 5 6 7 8 9 10 11 12 13 14 15 16 17 18 19 20 21 42 43 44 45 46 47 48 49 50 51 52 53 54 55 56 57 58 59 60 61 62 63 64 65 66 67 68 69 70 71 72 73 74 75
(1,*) 0 2 3 4 5 6 7 8 9 10 11 12 13 14 15 16 17 18 19 20 21 42 43 44 45 46 47 48 49 50 51 52 53 54 55 56 57 58 59 60 61 62 63 64 65 66 67 68 69 70 71 72 73 74 75
(2,*) 0 1 3 4 5 6 7 8 9 10 11 12 13 14 15 16 17 18 19 20 21 42 43 44 45 46 47 48 49 50 51 52 53 54 55 56 57 58 59 60 61 62 63 64 65 66 67 68 69 70 71 72 73 74 75
(3,*) 0 1 2 4 5 6 7 8 9 10 11 12 13 14 15 16 17 18 19 20 21 42 43 44 45 46 47 48 49 50 51 52 53 54 55 56 57 58 59 60 61 62 63 64 65 66 67 68 69 70 71 72 73 74 75
(4,*) 0 1 2 3 5 6 7 8 9 10 11 12 13 14 15 16 17 18 19 20 21 42 43 44 45 46 47 48 49 50 51 52 53 54 55 56 57 58 59 60 61 62 63 64 65 66 67 68 69 70 71 72 73 74 75
(5,*) 0 1 2 3 4 6 7 8 9 10 11 12 13 14 15 16 17 18 19 20 21 42 43 44 45 46 47 48 49 50 51 52 53 54 55 56 57 58 59 60 61 62 63 64 65 66 67 68 69 70 71 72 73 74 75
(6,*) 0 1 2 3 4 5 7 8 9 10 11 12 13 14 15 16 17 18 19 20 21 42 43 44 45 46 47 48 49 50 51 52 53 54 55 56 57 58 59 60 61 62 63 64 65 66 67 68 69 70 71 72 73 74 75
(7,*) 0 1 2 3 4 5 6 8 9 10 11 12 13 14 15 16 17 18 19 20 21 42 43 44 45 46 47 48 49 50 51 52 53 54 55 56 57 58 59 60 61 62 63 64 65 66 67 68 69 70 71 72 73 74 75
(8,*) 0 1 2 3 4 5 6 7 9 10 11 12 13 14 15 16 17 18 19 20 21 42 43 44 45 46 47 48 49 50 51 52 53 54 55 56 57 58 59 60 61 62 63 64 65 66 67 68 69 70 71 72 73 74 75
(9,*) 0 1 2 3 4 5 6 7 8 10 11 12 13 14 15 16 17 18 19 20 21 42 43 44 45 46 47 48 49 50 51 52 53 54 55 56 57 58 59 60 61 62 63 64 65 66 67 68 69 70 71 72 73 74 75
(10,*) 0 1 2 3 4 5 6 7 8 9 11 12 13 14 15 16 17 18 19 20 21 42 43 44 45 46 47 48 49 50 51 52 53 54 55 56 57 58 59 60 61 62 63 64 65 66 67 68 69 70 71 72 73 74 75
(11,*) 0 1 2 3 4 5 6 7 8 9 10 12 13 14 15 16 17 18 19 20 21 42 43 44 45 46 47 48 49 50 51 52 53 54 55 56 57 58 59 60 61 62 63 64 65 66 67 68 69 70 71 72 73 74 75
(12,*) 0 1 2 3 4 5 6 7 8 9 10 11 13 14 15 16 17 18 19 20 21 42 43 44 45 46 47 48 49 50 51 52 53 54 55 56 57 58 59 60 61 62 63 64 65 66 67 68 69 70 71 72 73 74 75
(13,*) 0 1 2 3 4 5 6 7 8 9 10 11 12 14 15 16 17 18 19 20 21 42 43 44 45 46 47 48 49 50 51 52 53 54 55 56 57 58 59 60 61 62 63 64 65 66 67 68 69 70 71 72 73 74 75
(14,*) 0 1 2 3 4 5 6 7 8 9 10 11 12 13 15 16 17 18 19 20 21 42 43 44 45 46 47 48 49 50 51 52 53 54 55 56 57 58 59 60 61 62 63 64 65 66 67 68 69 70 71 72 73 74 75
(15,*) 0 1 2 3 4 5 6 7 8 9 10 11 12 13 14 16 17 18 19 20 21 42 43 44 45 46 47 48 49 50 51 52 53 54 55 56 57 58 59 60 61 62 63 64 65 66 67 68 69 70 71 72 73 74 75
(16,*) 0 1 2 3 4 5 6 7 8 9 10 11 12 13 14 15 17 18 19 20 21 42 43 44 45 46 47 48 49 50 51 52 53 54 55 56 57 58 59 60 61 62 63 64 65 66 67 68 69 70 71 72 73 74 75
(17,*) 0 1 2 3 4 5 6 7 8 9 10 11 12 13 14 15 16 18 19 20 21 42 43 44 45 46 47 48 49 50 51 52 53 54 55 56 57 58 59 60 61 62 63 64 65 66 67 68 69 70 71 72 73 74 75
(18,*) 0 1 2 3 4 5 6 7 8 9 10 11 12 13 14 15 16 17 19 20 21 42 43 44 45 46 47 48 49 50 51 52 53 54 55 56 57 58 59 60 61 62 63 64 65 66 67 68 69 70 71 72 73 74 75
(19,*) 0 1 2 3 4 5 6 7 8 9 10 11 12 13 14 15 16 17 18 20 21 42 43 44 45 46 47 48 49 50 51 52 53 54 55 56 57 58 59 60 61 62 63 64 65 66 67 68 69 70 71 72 73 74 75
(20,*) 0 1 2 3 4 5 6 7 8 9 10 11 12 13 14 15 16 17 18 19 21 42 43 44 45 46 47 48 49 50 51 52 53 54 55 56 57 58 59 60 61 62 63 64 65 66 67 68 69 70 71 72 73 74 75
(21,*) 0 1 2 3 4 5 6 7 8 9 10 11 12 13 14 15 16 17 18 19 20 42 43 44 45 46 47 48 49 50 51 52 53 54 55 56 57 58 59 60 61 62 63 64 65 66 67 68 69 70 71 72 73 74 75
(42,*) 0 1 2 3 4 5 6 7 8 9 10 11 12 13 14 15 16 17 18 19 20 21 43 44 45 46 47 48 49 50 51 52 53 54 55 56 57 58 59 60 61 62 63 64 65 66 67 68 69 70 71 72 73 74 75
(43,*) 0 1 2 3 4 5 6 7 8 9 10 11 12 13 14 15 16 17 18 19 20 21 42 44 45 46 47 48 49 50 51 52 53 54 55 56 57 58 59 60 61 62 63 64 65 66 67 68 69 70 71 72 73 74 75
(44,*) 0 1 2 3 4 5 6 7 8 9 10 11 12 13 14 15 16 17 18 19 20 21 42 43 45 46 47 48 49 50 51 52 53 54 55 56 57 58 59 60 61 62 63 64 65 66 67 68 69 70 71 72 73 74 75
(45,*) 0 1 2 3 4 5 6 7 8 9 10 11 12 13 14 15 16 17 18 19 20 21 42 43 44 46 47 48 49 50 51 52 53 54 55 56 57 58 59 60 61 62 63 64 65 66 67 68 69 70 71 72 73 74 75
(46,*) 0 1 2 3 4 5 6 7 8 9 10 11 12 13 14 15 16 17 18 19 20 21 42 43 44 45 47 48 49 50 51 52 53 54 55 56 57 58 59 60 61 62 63 64 65 66 67 68 69 70 71 72 73 74 75
(47,*) 0 1 2 3 4 5 6 7 8 9 10 11 12 13 14 15 16 17 18 19 20 21 42 43 44 45 46 48 49 50 51 52 53 54 55 56 57 58 59 60 61 62 63 64 65 66 67 68 69 70 71 72 73 74 75
(48,*) 0 1 2 3 4 5 6 7 8 9 10 11 12 13 14 15 16 17 18 19 20 21 42 43 44 45 46 47 49 50 51 52 53 54 55 56 57 58 59 60 61 62 63 64 65 66 67 68 69 70 71 72 73 74 75
(49,*) 0 1 2 3 4 5 6 7 8 9 10 11 12 13 14 15 16 17 18 19 20 21 42 43 44 45 46 47 48 50 51 52 53 54 55 56 57 58 59 60 61 62 63 64 65 66 67 68 69 70 71 72 73 74 75
(50,*) 0 1 2 3 4 5 6 7 8 9 10 11 12 13 14 15 16 17 18 19 20 21 42 43 44 45 46 47 48 49 51 52 53 54 55 56 57 58 59 60 61 62 63 64 65 66 67 68 69 70 71 72 73 74 75
(51,*) 0 1 2 3 4 5 6 7 8 9 10 11 12 13 14 15 16 17 18 19 20 21 42 43 44 45 46 47 48 49 50 52 53 54 55 56 57 58 59 60 61 62 63 64 65 66 67 68 69 70 71 72 73 74 75
(52,*) 0 1 2 3 4 5 6 7 8 9 10 11 12 13 14 15 16 17 18 19 20 21 42 43 44 45 46 47 48 49 50 51 53 54 55 56 57 58 59 60 61 62 63 64 65 66 67 68 69 70 71 72 73 74 75
(53,*) 0 1 2 3 4 5 6 7 8 9 10 11 12 13 14 15 16 17 18 19 20 21 42 43 44 45 46 47 48 49 50 51 52 54 55 56 57 58 59 60 61 62 63 64 65 66 67 68 69 70 71 72 73 74 75
(54,*) 0 1 2 3 4 5 6 7 8 9 10 11 12 13 14 15 16 17 18 19 20 21 42 43 44 45 46 47 48 49 50 51 52 53 55 56 57 58 59 60 61 62 63 64 65 66 67 68 69 70 71 72 73 74 75
(55,*) 0 1 2 3 4 5 6 7 8 9 10 11 12 13 14 15 16 17 18 19 20 21 42 43 44 45 46 47 48 49 50 51 52 53 54 56 57 58 59 60 61 62 63 64 65 66 67 68 69 70 71 72 73 74 75
(56,*) 0 1 2 3 4 5 6 7 8 9 10 11 12 13 14 15 16 17 18 19 20 21 42 43 44 45 46 47 48 49 50 51 52 53 54 55 57 58 59 60 61 62 63 64 65 66 67 68 69 70 71 72 73 74 75
(57,*) 0 1 2 3 4 5 6 7 8 9 10 11 12 13 14 15 16 17 18 19 20 21 42 43 44 45 46 47 48 49 50 51 52 53 54 55 56 58 59 60 61 62 63 64 65 66 67 68 69 70 71 72 73 74 75
(58,*) 0 1 2 3 4 5 6 7 8 9 10 11 12 13 14 15 16 17 18 19 20 21 42 43 44 45 46 47 48 49 50 51 52 53 54 55 56 57 59 60 61 62 63 64 65 66 67 68 69 70 71 72 73 74 75
(59,*) 0 1 2 3 4 5 6 7 8 9 10 11 12 13 14 15 16 17 18 19 20 21 42 43 44 45 46 47 48 49 50 51 52 53 54 55 56 57 58 60 61 62 63 64 65 66 67 68 69 70 71 72 73 74 75
(60,*) 0 1 2 3 4 5 6 7 8 9 10 11 12 13 14 15 16 17 18 19 20 21 42 43 44 45 46 47 48 49 50 51 52 53 54 55 56 57 58 59 61 62 63 64 65 66 67 68 69 70 71 72 73 74 75
(61,*) 0 1 2 3 4 5 6 7 8 9 10 11 12 13 14 15 16 17 18 19 20 21 42 43 44 45 46 47 48 49 50 51 52 53 54 55 56 57 58 59 60 62 63 64 65 66 67 68 69 70 71 72 73 74 75
(62,*) 0 1 2 3 4 5 6 7 8 9 10 11 12 13 14 15 16 17 18 19 20 21 42 43 44 45 46 47 48 49 50 51 52 53 54 55 56 57 58 59 60 61 64 65 66 67 68 69 70 71 72 73 74 75
(63,*) 0 1 2 3 4 5 6 7 8 9 10 11 12 13 14 15 16 17 18 19 20 21 42 43 44 45 46 47 48 49 50 51 52 53 54 55 56 57 58 59 60 61 64 65 66 67 68 69 70 71 72 73 74 75
(64,*) 0 1 2 3 4 5 6 7 8 9 10 11 12 13 14 15 16 17 18 19 20 21 42 43 44 45 46 47 48 49 50 51 52 53 54 55 56 57 58 59 60 61 62 63 66 67 68 69 70 71 72 73 74 75
(65,*) 0 1 2 3 4 5 6 7 8 9 10 11 12 13 14 15 16 17 18 19 20 21 42 43 44 45 46 47 48 49 50 51 52 53 54 55 56 57 58 59 60 61 62 63 66 67 68 69 70 71 72 73 74 75
(66,*) 0 1 2 3 4 5 6 7 8 9 10 11 12 13 14 15 16 17 18 19 20 21 42 43 44 45 46 47 48 49 50 51 52 53 54 55 56 57 58 59 60 61 62 63 64 65 68 69 70 71 72 73 74 75
(67,*) 0 1 2 3 4 5 6 7 8 9 10 11 12 13 14 15 16 17 18 19 20 21 42 43 44 45 46 47 48 49 50 51 52 53 54 55 56 57 58 59 60 61 62 63 64 65 68 69 70 71 72 73 74 75
(68,*) 0 1 2 3 4 5 6 7 8 9 10 11 12 13 14 15 16 17 18 19 20 21 42 43 44 45 46 47 48 49 50 51 52 53 54 55 56 57 58 59 60 61 62 63 64 65 66 67 69 70 71 72 73 74 75
(69,*) 0 1 2 3 4 5 6 7 8 9 10 11 12 13 14 15 16 17 18 19 20 21 42 43 44 45 46 47 48 49 50 51 52 53 54 55 56 57 58 59 60 61 62 63 64 65 66 67 68 70 71 72 73 74 75
(70,*) 0 1 2 3 4 5 6 7 8 9 10 11 12 13 14 15 16 17 18 19 20 21 42 43 44 45 46 47 48 49 50 51 52 53 54 55 56 57 58 59 60 61 62 63 64 65 66 67 68 69 71 72 73 74 75
(71,*) 0 1 2 3 4 5 6 7 8 9 10 11 12 13 14 15 16 17 18 19 20 21 42 43 44 45 46 47 48 49 50 51 52 53 54 55 56 57 58 59 60 61 62 63 64 65 66 67 68 69 70 72 73 74 75
(72,*) 0 1 2 3 4 5 6 7 8 9 10 11 12 13 14 15 16 17 18 19 20 21 42 43 44 45 46 47 48 49 50 51 52 53 54 55 56 57 58 59 60 61 62 63 64 65 66 67 68 69 70 71 73 74 75
(73,*) 0 1 2 3 4 5 6 7 8 9 10 11 12 13 14 15 16 17 18 19 20 21 42 43 44 45 46 47 48 49 50 51 52 53 54 55 56 57 58 59 60 61 62 63 64 65 66 67 68 69 70 71 72 74 75
(74,*) 0 1 2 3 4 5 6 7 8 9 10 11 12 13 14 15 16 17 18 19 20 21 42 43 44 45 46 47 48 49 50 51 52 53 54 55 56 57 58 59 60 61 62 63 64 65 66 67 68 69 70 71 72 73 75
(75,*) 0 1 2 3 4 5 6 7 8 9 10 11 12 13 14 15 16 17 18 19 20 21 42 43 44 45 46 47 48 49 50 51 52 53 54 55 56 57 58 59 60 61 62 63 64 65 66 67 68 69 70 71 72 73 74
;
set A2:=
(62,*) 63
(63,*) 62
(64,*) 65
(65,*) 64
(66,*) 67
(67,*) 66
;
param BigM:=99999;
param n:= 8;
param d:=
1	26
2	4
3	9
4	16
5	6
6	3
7	22
8	11
9	14
10	2
11	20
12	16
13	3
14	16
15	10
16	24
17	6
18	2
19	2
20	2
21	26
22	18
23	16
24	8
25	9
26	23
27	7
28	1
29	12
30	6
31	12
32	14
33	2
34	19
35	23
36	24
37	12
38	16
39	23
40	21
41	7
42	7
43	11
44	7
45	1
46	2
47	22
48	4
49	20
50	2
51	2
52	9
53	18
54	18
55	4
56	26
57	9
58	21
59	19
60	16
61	2
;
param Q:=100;
param w:=
[62,*] 63 0.5
[63,*] 62 0.5
[64,*] 65 0.5
[65,*] 64 0.5
[66,*] 67 0.5
[67,*] 66 0.5
;
param V:=
[62,*] 63 95
[63,*] 62 95
[64,*] 65 77
[65,*] 64 77
[66,*] 67 85
[67,*] 66 85
;
param e:
	62	63	64	65	66	67	68	69	70	71	72	73	74	75:=
22	0	1	0	0	0	0	0	1	0	0	0	0	0	1	
23	0	0	1	0	1	0	0	0	0	0	0	1	0	0	
24	0	0	0	0	1	0	1	0	0	0	0	0	0	0	
25	0	0	1	0	1	0	1	0	0	0	0	0	0	0	
26	0	1	1	0	0	0	0	1	0	0	0	0	0	0	
27	0	0	0	1	0	0	0	0	0	0	0	1	0	0	
28	0	0	1	0	1	0	1	0	0	0	0	0	0	0	
29	0	0	1	0	1	0	0	0	0	1	0	0	0	0	
30	0	0	1	0	0	0	1	0	0	0	0	0	0	0	
31	0	0	0	0	1	0	0	0	0	1	0	0	0	0	
32	0	0	1	0	1	0	0	0	0	0	1	0	0	1	
33	0	0	0	1	0	1	0	0	0	1	0	0	0	0	
34	0	1	1	0	0	0	0	1	0	0	0	0	0	0	
35	0	0	1	0	1	0	0	0	0	0	0	1	0	0	
36	0	1	0	1	0	0	0	0	0	0	1	0	0	0	
37	1	0	0	0	0	1	0	0	0	0	0	0	0	1	
38	0	1	0	1	0	0	0	0	0	0	0	1	0	0	
39	0	0	0	1	0	0	0	0	1	0	0	0	0	0	
40	1	0	0	0	0	1	0	0	0	1	0	0	1	0	
41	0	0	0	1	0	0	0	0	1	0	0	1	0	0	
42	0	0	1	0	0	0	1	0	0	1	1	0	0	0	
43	0	0	0	1	0	1	0	0	1	0	0	1	0	0	
44	0	0	0	0	1	0	1	0	0	1	0	0	1	0	
45	0	1	1	0	0	0	0	1	0	0	1	0	0	1	
46	0	1	0	0	0	0	0	1	0	1	1	0	0	0	
47	0	1	0	1	0	0	0	1	0	0	0	0	0	0	
48	1	0	0	0	0	1	0	0	0	0	0	1	0	0	
49	0	1	1	0	0	0	0	1	0	0	1	0	0	1	
50	0	1	0	0	0	0	0	1	0	0	0	0	0	1	
51	0	1	0	1	0	0	1	0	0	0	0	0	0	0	
52	0	0	0	1	0	1	0	0	1	0	0	1	0	0	
53	1	0	0	0	0	0	1	0	0	0	0	0	1	0	
54	0	1	0	0	0	0	0	1	0	0	0	0	0	0	
55	0	1	1	0	0	0	0	1	0	0	1	0	0	1	
56	0	0	0	1	0	1	0	0	1	0	0	1	0	0	
57	0	0	1	0	1	0	0	0	0	0	0	0	0	1	
58	0	0	1	0	1	0	0	0	0	0	1	0	0	1	
59	0	0	0	0	0	1	1	0	0	1	0	0	1	0	
60	0	0	0	0	0	1	0	0	0	0	1	0	0	0	
61	0	0	1	0	0	0	1	0	0	1	1	0	0	0	
;
param p:=
1	3
2	3
3	3
4	3
5	3
6	3
7	3
8	3
;
param G:=
62	95
63	90
64	73
65	77
66	85
67	70
68	94
69	78
70	100
71	94
72	81
73	89
74	92
75	91
;
param s:=
0	0
1	10
2	10
3	10
4	10
5	10
6	10
7	10
8	10
9	10
10	10
11	10
12	10
13	10
14	10
15	10
16	10
17	10
18	10
19	10
20	10
21	10
42	10
43	10
44	10
45	10
46	10
47	10
48	10
49	10
50	10
51	10
52	10
53	10
54	10
55	10
56	10
57	10
58	10
59	10
60	10
61	10
62	10
63	10
64	10
65	10
66	10
67	10
68	10
69	10
70	10
71	10
72	10
73	10
74	10
75	10
;
param t:
	0	1	2	3	4	5	6	7	8	9	10	11	12	13	14	15	16	17	18	19	20	21	22	23	24	25	26	27	28	29	30	31	32	33	34	35	36	37	38	39	40	41	42	43	44	45	46	47	48	49	50	51	52	53	54	55	56	57	58	59	60	61	62	63	64	65	66	67	68	69	70	71	72	73	74	75:=
0	0.0	66.13	9.43	47.27	24.08	29.12	52.8	85.44	75.61	43.91	59.03	93.98	95.52	98.98	50.7	51.97	83.41	25.08	25.0	75.03	74.09	99.81	46.75	85.48	94.89	73.76	37.01	13.89	95.34	102.16	66.12	102.0	55.46	56.44	26.68	81.01	28.44	94.89	18.11	31.02	72.8	39.2	51.48	52.35	80.4	38.63	40.31	3.16	101.98	39.12	52.39	2.0	53.08	91.27	40.52	37.74	43.28	70.18	64.9	83.01	67.21	52.24	97.86	44.72	74.63	40.22	85.0	77.82	77.1	29.73	34.71	61.81	42.95	32.8	77.41	55.87
1	66.13	0.0	64.88	90.27	76.22	37.16	14.04	25.08	49.82	72.95	25.18	61.74	32.8	32.98	82.15	42.19	28.28	52.0	41.23	8.94	50.49	70.26	33.24	22.2	33.53	9.49	64.54	58.31	30.07	36.24	19.42	37.54	12.04	30.59	56.08	18.36	38.47	72.12	76.01	38.01	49.37	66.03	19.42	66.31	23.43	27.51	28.43	62.97	73.41	29.07	48.02	64.26	67.23	41.73	53.45	30.15	58.67	24.7	15.26	30.41	70.21	20.59	65.74	45.31	17.03	68.24	21.4	57.56	24.21	42.01	58.41	33.02	23.54	64.54	34.44	28.6
2	9.43	64.88	0.0	39.0	16.28	28.02	52.43	86.05	68.41	34.48	54.33	86.68	95.8	97.17	41.44	57.01	84.86	31.4	24.21	73.82	66.76	92.11	50.25	85.45	91.44	71.69	45.4	7.07	93.05	101.12	62.17	101.79	55.22	51.01	34.01	81.02	26.42	86.76	12.21	27.51	65.52	29.83	48.38	43.14	76.69	38.01	37.34	9.22	94.15	40.31	58.24	8.54	43.84	86.01	47.38	38.9	34.41	72.25	65.86	78.52	58.14	48.76	90.44	50.29	75.29	30.81	84.88	70.01	72.99	33.54	25.81	56.04	42.8	23.43	72.0	58.82
3	47.27	90.27	39.0	0.0	23.19	59.62	81.3	114.62	69.26	19.24	70.29	84.17	123.07	118.34	14.0	94.37	115.43	70.18	57.25	98.49	67.05	86.21	86.02	112.45	107.34	94.05	84.21	40.61	112.93	124.46	79.51	127.48	84.06	64.82	73.01	108.41	56.86	78.01	29.83	54.59	66.41	24.84	70.94	32.28	93.01	68.43	62.68	48.04	87.05	73.54	96.34	47.1	32.02	94.85	86.21	72.24	33.84	104.66	96.38	91.59	44.01	70.09	86.7	88.28	104.56	22.8	111.66	66.29	88.23	70.61	31.89	67.12	73.36	25.81	81.88	93.41
4	24.08	76.22	16.28	23.19	0.0	41.23	65.05	98.99	69.03	24.41	61.1	86.47	108.3	107.19	28.6	73.05	98.6	47.68	38.01	85.0	67.07	90.61	65.74	97.74	99.16	81.84	61.07	19.72	102.47	112.07	69.86	113.7	67.88	56.61	50.16	93.43	38.95	83.93	7.21	38.29	66.03	23.09	57.98	36.77	84.31	50.99	47.8	25.02	92.2	54.64	74.46	24.0	37.16	90.61	63.64	53.25	31.26	86.61	79.4	84.77	51.89	57.8	89.81	66.48	88.41	22.85	97.08	68.73	80.06	49.4	24.02	60.64	55.97	18.11	76.69	73.93
5	29.12	37.16	28.02	59.62	41.23	0.0	24.41	58.14	54.82	46.39	32.57	72.67	67.8	69.89	55.73	37.05	57.38	23.43	4.12	46.1	53.91	79.81	27.17	57.43	66.19	44.64	41.01	21.93	66.22	73.35	38.21	73.78	27.2	31.76	28.43	53.01	3.0	77.08	39.7	7.62	52.5	39.2	23.02	46.69	52.0	10.0	12.37	25.96	82.46	13.93	40.61	27.2	47.68	64.76	35.36	12.65	36.35	45.49	38.21	55.44	57.94	24.19	76.84	32.98	47.42	41.3	56.86	59.4	49.16	16.12	31.06	37.59	14.87	34.93	51.55	33.84
6	52.8	14.04	52.43	81.3	65.05	24.41	0.0	33.94	53.23	65.39	26.4	68.01	43.42	46.87	74.85	31.83	34.13	38.01	28.3	22.56	53.31	76.28	21.4	33.02	46.87	23.09	51.24	46.23	44.1	49.4	25.46	49.4	2.83	30.08	42.19	28.6	26.25	76.48	64.03	27.02	52.0	58.18	15.3	61.19	34.93	14.42	18.79	49.66	79.32	15.03	37.48	50.99	62.17	51.87	40.72	16.12	52.2	24.52	15.23	40.82	68.01	17.46	72.2	33.29	23.43	60.42	32.45	60.17	34.13	28.0	50.09	34.54	9.85	55.57	41.73	20.12
7	85.44	25.08	86.05	114.62	98.99	58.14	33.94	0.0	72.01	97.75	49.73	80.6	10.44	26.63	107.04	46.01	7.81	66.13	61.85	19.1	73.06	89.05	42.45	5.83	39.66	26.02	73.55	80.06	29.0	22.8	42.43	18.11	31.11	55.36	68.96	7.07	60.14	92.66	97.84	60.88	72.11	90.74	44.29	91.39	38.83	48.17	52.01	82.38	92.2	46.32	51.04	83.76	92.31	56.3	61.4	47.71	83.65	19.0	20.59	46.32	94.83	45.62	84.17	52.35	10.82	92.96	6.71	80.02	42.3	57.27	82.93	57.07	43.28	88.81	54.23	33.54
8	75.61	49.82	68.41	69.26	69.03	54.82	53.23	72.01	0.0	50.45	26.83	18.38	75.8	61.47	56.08	84.06	77.16	78.24	57.43	53.01	2.24	25.0	72.95	67.12	45.28	46.0	95.67	61.98	55.15	69.89	30.41	76.4	54.23	24.21	83.24	65.0	53.01	23.32	73.44	48.26	3.0	47.27	38.59	37.0	35.17	53.15	43.84	73.16	27.66	60.44	89.31	73.74	37.34	27.59	88.46	60.31	38.05	74.22	64.29	29.55	29.73	36.36	22.36	83.41	66.48	48.51	66.12	8.06	30.59	70.04	45.1	18.87	54.41	51.0	18.97	73.35
9	43.91	72.95	34.48	19.24	24.41	46.39	65.39	97.75	50.45	0.0	51.62	66.19	105.68	99.72	9.49	83.1	99.28	62.17	45.04	80.8	48.27	69.07	73.55	95.13	88.23	75.93	78.45	32.57	94.18	106.15	60.83	109.64	68.03	46.01	65.97	91.27	43.42	61.52	31.24	40.02	47.54	7.28	53.54	14.0	74.03	53.85	46.62	43.38	70.26	60.02	86.01	42.94	14.04	75.64	77.78	58.86	14.87	89.54	80.62	72.4	28.16	52.43	69.03	78.03	88.12	5.1	94.3	48.17	69.2	60.03	15.52	48.01	58.52	12.17	62.65	79.83
10	59.03	25.18	54.33	70.29	61.1	32.57	26.4	49.73	26.83	51.62	0.0	42.45	55.95	48.1	60.21	57.43	53.46	55.01	36.14	31.02	26.93	50.45	46.4	45.88	38.08	25.06	71.56	47.27	42.64	54.67	9.22	58.83	27.51	5.83	59.94	42.72	31.78	50.12	63.06	28.16	25.63	45.45	12.04	42.72	23.26	28.02	20.25	56.08	53.41	34.71	62.8	57.04	43.57	32.39	63.13	34.83	36.77	48.37	38.33	24.19	45.12	9.9	46.69	57.31	42.19	47.51	44.94	33.84	18.97	45.79	39.12	8.25	28.28	45.79	18.97	46.52
11	93.98	61.74	86.68	84.17	86.47	72.67	68.01	80.6	18.38	66.19	42.45	0.0	82.22	64.28	70.41	99.64	86.83	96.02	75.47	62.64	19.92	8.54	88.73	75.13	46.39	55.66	113.23	80.32	58.14	73.25	43.05	81.02	68.51	41.23	101.02	73.98	71.02	13.93	91.24	66.37	21.19	64.03	54.49	52.24	41.77	70.09	61.22	91.55	11.7	77.08	105.12	92.11	52.35	26.17	105.42	77.1	55.23	86.41	76.92	34.37	41.11	52.35	4.24	99.76	77.16	65.0	74.15	18.03	38.6	87.46	62.8	35.47	70.72	68.36	27.31	87.92
12	95.52	32.8	95.8	123.07	108.3	67.8	43.42	10.44	75.8	105.68	55.95	82.22	0.0	21.63	114.83	56.14	16.12	76.55	71.61	25.06	77.1	90.45	52.89	10.63	37.95	31.02	83.86	89.64	26.0	15.0	47.76	8.06	40.61	61.74	79.4	14.87	69.66	95.01	107.45	70.04	76.3	98.81	52.2	98.41	41.05	57.8	60.83	92.44	93.54	56.44	61.01	93.81	99.3	56.72	71.7	57.8	91.27	29.15	30.87	48.01	100.57	53.25	85.48	62.65	21.02	101.02	11.4	83.86	45.28	67.62	91.21	62.63	53.01	97.31	57.22	43.93
13	98.98	32.98	97.17	118.34	107.19	69.89	46.87	26.63	61.47	99.72	48.1	64.28	21.63	0.0	108.21	69.43	34.41	84.38	74.0	24.33	63.16	72.06	63.13	21.47	18.0	25.5	95.19	90.38	6.32	9.0	38.9	17.46	44.55	53.74	88.14	24.35	70.94	77.78	107.78	69.78	62.65	93.51	49.24	90.14	26.93	60.44	59.93	95.82	75.03	61.81	74.95	97.08	90.91	38.12	83.38	62.97	84.86	43.66	40.31	31.95	89.19	49.4	67.07	74.55	32.28	95.59	21.02	69.29	31.91	74.55	86.83	52.63	56.52	93.41	42.54	55.73
14	50.7	82.15	41.44	14.0	28.6	55.73	74.85	107.04	56.08	9.49	60.21	70.41	114.83	108.21	0.0	92.27	108.69	70.58	54.23	89.87	53.85	72.25	82.87	104.31	96.05	84.81	86.35	40.61	102.53	114.87	69.35	118.6	77.47	54.49	74.15	100.5	52.77	64.01	35.81	49.48	53.31	16.76	62.77	19.24	82.13	63.32	56.08	50.6	73.06	69.43	95.02	49.98	18.79	82.37	86.37	68.25	23.6	99.02	90.08	80.0	30.02	61.59	72.84	87.01	97.49	14.56	103.46	52.63	77.23	69.01	25.0	55.97	68.01	21.02	69.89	89.27
15	51.97	42.19	57.01	94.37	73.05	37.05	31.83	46.01	84.06	83.1	57.43	99.64	56.14	69.43	92.27	0.0	40.45	27.2	38.05	47.54	83.86	107.8	11.18	49.16	75.15	51.48	28.16	53.85	68.96	68.18	57.28	64.07	31.89	60.03	27.59	45.4	40.05	107.38	68.94	44.28	82.49	76.03	45.49	83.6	65.46	32.57	42.38	49.65	110.8	25.0	5.83	51.0	84.59	83.24	16.16	25.71	73.33	27.02	29.41	72.01	93.86	47.71	103.86	7.81	37.34	78.06	49.25	90.43	65.44	23.77	68.0	65.19	29.97	71.25	73.55	13.93
16	83.41	28.28	84.86	115.43	98.6	57.38	34.13	7.81	77.16	99.28	53.46	86.83	16.12	34.41	108.69	40.45	0.0	62.61	60.83	24.33	78.06	95.34	38.48	13.45	47.2	31.4	68.45	79.25	36.77	30.08	47.0	24.19	31.38	58.86	65.0	13.0	59.67	98.48	96.88	61.03	77.03	92.13	46.49	93.92	45.22	47.63	52.84	80.43	98.49	44.6	45.1	81.84	94.87	63.16	56.29	46.01	85.62	13.93	19.21	52.81	98.48	48.08	90.52	47.3	11.4	94.37	14.21	85.09	48.27	54.38	84.12	61.2	42.64	89.69	60.02	29.15
17	25.08	52.0	31.4	70.18	47.68	23.43	38.01	66.13	78.24	62.17	55.01	96.02	76.55	84.38	70.58	27.2	62.61	0.0	21.26	60.13	77.34	103.23	24.19	67.45	84.59	61.07	17.8	30.07	82.02	85.7	59.14	83.82	40.01	54.92	5.0	63.06	25.46	100.45	42.72	30.41	75.93	55.79	44.01	66.31	71.59	27.51	34.99	23.09	105.89	23.09	27.31	24.35	67.23	86.38	16.03	22.2	55.95	48.76	45.88	76.24	79.26	45.69	100.21	19.72	55.66	57.49	67.19	82.76	69.64	10.05	48.7	60.75	29.43	50.01	73.82	33.62
18	25.0	41.23	24.21	57.25	38.01	4.12	28.3	61.85	57.43	45.04	36.14	75.47	71.61	74.0	54.23	38.05	60.83	21.26	0.0	50.16	56.4	82.42	28.86	61.29	70.26	48.76	39.05	18.44	70.34	77.39	42.11	77.7	31.06	34.93	26.17	56.86	4.47	79.31	36.07	9.22	55.0	38.0	27.0	46.57	56.01	13.89	16.12	21.84	85.0	16.64	41.11	23.09	47.54	68.45	34.54	15.26	36.14	48.6	41.73	59.3	58.6	28.07	79.61	33.24	51.09	40.01	60.75	61.62	53.08	15.52	30.07	40.72	18.6	33.24	55.08	36.25
19	75.03	8.94	73.82	98.49	85.0	46.1	22.56	19.1	53.01	80.8	31.02	62.64	25.06	24.33	89.87	47.54	24.33	60.13	50.16	0.0	54.01	71.17	39.81	14.87	27.78	7.07	71.7	67.23	22.09	27.29	23.35	29.0	20.22	36.77	64.01	12.04	47.41	74.15	84.91	46.87	53.04	74.03	27.59	73.36	21.47	36.4	37.2	71.87	74.33	37.48	53.31	73.16	74.24	39.96	60.21	38.64	66.29	25.5	18.36	29.07	75.96	28.43	66.41	51.66	14.76	76.22	13.93	61.0	24.04	50.25	66.6	38.08	32.28	72.86	35.69	33.62
20	74.09	50.49	66.76	67.05	67.07	53.91	53.31	73.06	2.24	48.27	26.93	19.92	77.1	63.16	53.85	83.86	78.06	77.34	56.4	54.01	0.0	26.08	72.72	68.26	47.17	47.04	94.85	60.41	56.86	71.51	31.14	77.88	54.42	23.85	82.33	66.03	52.01	23.6	71.57	47.2	1.41	45.18	38.47	34.79	36.69	52.63	43.19	71.69	28.6	60.0	89.04	72.24	35.11	29.73	87.86	59.82	36.01	74.73	64.76	31.3	27.59	36.24	23.77	83.01	67.27	46.39	67.27	7.07	32.02	69.3	43.19	18.79	54.08	49.01	20.62	73.41
21	99.81	70.26	92.11	86.21	90.61	79.81	76.28	89.05	25.0	69.07	50.45	8.54	90.45	72.06	72.25	107.8	95.34	103.23	82.42	71.17	26.08	0.0	96.83	83.55	54.08	64.2	120.62	86.01	66.01	81.06	51.48	89.01	76.85	48.8	108.23	82.46	78.01	9.43	95.8	73.24	27.46	67.74	62.48	55.08	50.22	77.78	68.68	97.51	3.16	84.9	113.23	97.99	55.04	34.0	113.14	84.86	59.44	94.94	85.43	42.76	42.3	60.31	5.0	107.71	85.7	68.47	82.57	22.14	47.13	94.92	67.45	43.14	78.64	72.57	35.85	96.25
22	46.75	33.24	50.25	86.02	65.74	27.17	21.4	42.45	72.95	73.55	46.4	88.73	52.89	63.13	82.87	11.18	38.48	24.19	28.86	39.81	72.72	96.83	0.0	44.41	66.73	42.72	32.06	46.1	61.81	63.2	46.75	60.42	21.95	48.88	26.57	40.2	30.15	96.25	62.43	34.0	71.34	66.37	34.41	73.17	55.95	21.59	31.32	44.05	99.81	14.14	16.4	45.45	74.17	73.24	20.4	15.03	63.03	24.6	23.02	62.13	82.98	36.62	92.96	12.08	32.39	68.47	44.28	79.26	55.47	17.03	58.22	54.08	18.79	61.98	62.97	9.43
23	85.48	22.2	85.45	112.45	97.74	57.43	33.02	5.83	67.12	95.13	45.88	75.13	10.63	21.47	104.31	49.16	13.45	67.45	61.29	14.87	68.26	83.55	44.41	0.0	33.84	21.38	76.11	79.2	23.35	19.03	38.08	16.55	30.23	51.62	70.61	4.47	59.2	87.37	97.01	59.46	67.36	88.23	41.62	88.1	33.38	47.43	50.21	82.37	86.68	46.52	54.45	83.73	89.0	50.6	64.03	47.85	80.78	22.56	21.59	40.79	90.8	42.72	78.64	55.01	12.04	90.44	1.0	75.17	37.05	58.19	80.6	52.89	42.72	86.68	49.04	36.01
24	94.89	33.53	91.44	107.34	99.16	66.19	46.87	39.66	45.28	88.23	38.08	46.39	37.95	18.0	96.05	75.15	47.2	84.59	70.26	27.78	47.17	54.08	66.73	33.84	0.0	24.04	97.98	84.4	12.17	27.0	29.41	35.23	45.35	42.94	88.96	34.71	66.48	60.02	100.88	64.13	46.87	82.68	43.42	77.23	14.87	58.01	54.59	91.79	57.04	61.52	80.96	92.91	77.9	20.22	86.98	62.39	73.5	52.63	46.14	16.28	74.2	42.76	49.09	78.77	41.11	84.6	33.02	52.77	19.24	74.55	76.94	40.22	55.23	83.65	27.02	61.27
25	73.76	9.49	71.69	94.05	81.84	44.64	23.09	26.02	46.0	75.93	25.06	55.66	31.02	25.5	84.81	51.48	31.4	61.07	48.76	7.07	47.04	64.2	42.72	21.38	24.04	0.0	73.98	64.88	21.59	30.48	16.76	33.84	21.38	30.89	65.28	19.0	45.54	67.08	82.3	44.28	46.1	69.35	23.85	67.74	15.0	35.51	34.44	70.6	67.36	38.01	57.31	71.84	68.6	33.6	62.94	39.0	61.22	31.62	23.35	22.47	69.57	24.21	59.46	54.78	21.54	71.51	20.4	54.01	17.09	51.04	62.24	31.62	32.06	68.68	28.64	37.74
26	37.01	64.54	45.4	84.21	61.07	41.01	51.24	73.55	95.67	78.45	71.56	113.23	83.86	95.19	86.35	28.16	68.45	17.8	39.05	71.7	94.85	120.62	32.06	76.11	97.98	73.98	0.0	45.88	93.77	95.05	74.69	91.66	52.63	72.01	13.04	72.03	43.19	118.09	55.01	48.17	93.43	72.45	60.03	83.63	86.03	43.57	52.01	36.22	123.33	37.58	24.6	37.12	84.53	101.98	12.17	37.12	73.36	54.74	55.01	91.39	96.9	61.91	117.44	21.21	64.07	74.0	76.06	100.41	84.69	25.81	65.8	77.8	44.28	66.41	90.05	40.11
27	13.89	58.31	7.07	40.61	19.72	21.93	46.23	80.06	61.98	32.57	47.27	80.32	89.64	90.38	40.61	53.85	79.25	30.07	18.44	67.23	60.41	86.01	46.1	79.2	84.4	64.88	45.88	0.0	86.16	94.51	55.11	95.44	49.04	44.0	33.54	74.81	20.0	81.01	17.8	20.62	59.14	26.83	41.44	39.2	69.63	31.89	30.46	12.04	88.14	35.0	55.73	12.21	40.0	79.0	46.01	33.6	29.7	67.01	60.11	71.45	53.76	41.76	84.15	47.68	69.35	28.23	78.6	63.98	65.92	30.08	21.26	49.09	36.8	20.62	65.01	54.2
28	95.34	30.07	93.05	112.93	102.47	66.22	44.1	29.0	55.15	94.18	42.64	58.14	26.0	6.32	102.53	68.96	36.77	82.02	70.34	22.09	56.86	66.01	61.81	23.35	12.17	21.59	93.77	86.16	0.0	15.13	33.42	23.09	42.01	48.17	86.01	25.24	67.05	71.57	103.37	65.55	56.36	88.09	44.78	84.29	20.81	57.07	55.71	92.18	69.0	59.14	74.63	93.41	85.04	32.02	82.2	60.21	79.31	44.29	39.56	25.63	83.01	44.72	61.01	73.55	32.65	90.14	22.67	62.97	25.81	72.06	81.61	46.75	53.46	88.23	36.25	55.08
29	102.16	36.24	101.12	124.46	112.07	73.35	49.4	22.8	69.89	106.15	54.67	73.25	15.0	9.0	114.87	68.18	30.08	85.7	77.39	27.29	71.51	81.06	63.2	19.03	27.0	30.48	95.05	94.51	15.13	0.0	45.61	8.94	46.82	60.44	89.11	23.02	74.71	86.7	112.16	74.09	70.94	99.7	54.2	97.2	34.93	63.56	64.35	99.01	84.02	63.89	73.44	100.32	98.01	47.1	83.01	65.15	91.35	41.44	40.2	40.52	97.06	54.67	76.06	74.0	31.0	101.83	19.0	77.79	39.81	76.16	92.7	59.91	59.24	99.16	50.92	55.0
30	66.12	19.42	62.17	79.51	69.86	38.21	25.46	42.43	30.41	60.83	9.22	43.05	47.76	38.9	69.35	57.28	47.0	59.14	42.11	23.35	31.14	51.48	46.75	38.08	29.41	16.76	74.69	55.11	33.42	45.61	0.0	50.12	25.61	14.87	63.91	35.36	38.01	52.81	71.47	35.13	30.07	54.67	15.3	51.61	14.56	31.62	26.02	63.07	54.59	37.12	62.94	64.12	52.43	27.31	65.19	37.58	45.97	43.97	34.18	17.26	52.81	14.04	47.17	58.41	36.12	56.73	37.11	38.21	11.0	49.4	48.26	14.87	30.41	54.92	16.28	45.0
31	102.0	37.54	101.79	127.48	113.7	73.78	49.4	18.11	76.4	109.64	58.83	81.02	8.06	17.46	118.6	64.07	24.19	83.82	77.7	29.0	77.88	89.01	60.42	16.55	35.23	33.84	91.66	95.44	23.09	8.94	50.12	0.0	46.65	64.66	86.83	21.02	75.45	94.26	113.23	75.43	77.2	102.94	56.59	101.55	41.23	63.81	65.95	98.88	92.02	63.07	69.0	100.24	102.4	55.01	79.51	64.4	95.0	37.05	37.95	47.52	102.55	57.38	84.01	70.46	28.16	105.12	17.0	84.4	45.88	74.67	95.59	64.85	59.17	101.86	57.49	51.62
32	55.46	12.04	55.22	84.06	67.88	27.2	2.83	31.11	54.23	68.03	27.51	68.51	40.61	44.55	77.47	31.89	31.38	40.01	31.06	20.22	54.42	76.85	21.95	30.23	45.35	21.38	52.63	49.04	42.01	46.82	25.61	46.65	0.0	31.58	44.05	25.81	29.07	77.39	66.84	29.83	53.14	60.84	17.03	63.56	34.0	17.2	21.47	52.33	79.92	17.26	37.64	53.67	64.54	51.4	41.79	18.44	54.71	22.2	12.65	40.22	70.01	19.1	72.67	34.0	20.62	63.07	29.68	61.35	33.6	30.07	52.77	35.74	12.53	58.31	41.87	19.42
33	56.44	30.59	51.01	64.82	56.61	31.76	30.08	55.36	24.21	46.01	5.83	41.23	61.74	53.74	54.49	60.03	58.86	54.92	34.93	36.77	23.85	48.8	48.88	51.62	42.94	30.89	72.01	44.0	48.17	60.44	14.87	64.66	31.58	0.0	59.91	48.38	30.46	47.43	59.03	26.25	22.47	40.0	14.87	36.89	28.3	29.0	20.0	53.6	51.62	36.24	65.19	54.45	37.74	35.0	64.35	36.12	31.14	53.08	43.05	28.16	39.62	12.65	45.45	59.2	47.52	42.01	50.7	30.41	23.71	46.23	34.0	5.83	30.23	40.71	21.02	49.98
34	26.68	56.08	34.01	73.01	50.16	28.43	42.19	68.96	83.24	65.97	59.94	101.02	79.4	88.14	74.15	27.59	65.0	5.0	26.17	64.01	82.33	108.23	26.57	70.61	88.96	65.28	13.04	33.54	86.01	89.11	63.91	86.83	44.05	59.91	0.0	66.29	30.41	105.42	44.72	35.36	80.92	59.77	48.85	70.68	76.16	32.31	39.96	25.18	110.89	27.46	26.63	26.31	71.59	91.18	13.93	26.68	60.37	51.08	49.03	80.96	83.86	50.57	105.21	19.8	58.69	61.4	70.41	87.73	74.33	14.56	52.92	65.73	33.96	53.85	78.72	35.85
35	81.01	18.36	81.02	108.41	93.43	53.01	28.6	7.07	65.0	91.27	42.72	73.98	14.87	24.35	100.5	45.4	13.0	63.06	56.86	12.04	66.03	82.46	40.2	4.47	34.71	19.0	72.03	74.81	25.24	23.02	35.36	21.02	25.81	48.38	66.29	0.0	54.82	85.84	92.62	55.17	65.07	84.31	37.74	84.58	32.28	43.01	46.01	77.9	85.62	42.05	50.8	79.26	85.49	50.16	60.0	43.38	77.03	19.31	17.26	39.85	87.8	38.95	77.62	51.01	8.06	86.53	4.12	73.01	35.51	53.76	76.61	50.01	38.28	82.62	47.38	32.02
36	28.44	38.47	26.42	56.86	38.95	3.0	26.25	60.14	53.01	43.42	31.78	71.02	69.66	70.94	52.77	40.05	59.67	25.46	4.47	47.41	52.01	78.01	30.15	59.2	66.48	45.54	43.19	20.0	67.05	74.71	38.01	75.45	29.07	30.46	30.41	54.82	0.0	75.01	37.8	5.0	50.61	36.22	23.09	43.74	52.09	12.04	12.0	25.32	80.6	16.76	43.57	26.48	44.72	64.13	38.01	15.52	33.38	48.02	40.46	55.15	55.15	24.0	75.17	35.9	49.5	38.33	58.6	57.31	49.01	18.79	28.07	36.25	17.03	32.02	50.7	36.69
37	94.89	72.12	86.76	78.01	83.93	77.08	76.48	92.66	23.32	61.52	50.12	13.93	95.01	77.78	64.01	107.38	98.48	100.45	79.31	74.15	23.6	9.43	96.25	87.37	60.02	67.08	118.09	81.01	71.57	86.7	52.81	94.26	77.39	47.43	105.42	85.84	75.01	0.0	89.49	70.09	25.0	60.88	61.91	47.68	54.08	76.22	66.71	92.78	9.22	83.6	112.61	93.15	47.52	39.81	111.4	83.41	53.14	96.77	86.98	47.0	34.0	59.68	12.81	106.61	88.29	61.39	86.37	17.69	50.36	92.7	61.47	42.19	77.67	66.1	38.47	96.6
38	18.11	76.01	12.21	29.83	7.21	39.7	64.03	97.84	73.44	31.24	63.06	91.24	107.45	107.78	35.81	68.94	96.88	42.72	36.07	84.91	71.57	95.8	62.43	97.01	100.88	82.3	55.01	17.8	103.37	112.16	71.47	113.23	66.84	59.03	44.72	92.62	37.8	89.49	0.0	38.08	70.46	29.07	58.6	42.94	86.02	49.68	47.89	19.65	97.53	52.4	69.89	18.44	43.42	93.65	58.46	50.99	36.4	84.39	77.79	87.1	58.18	58.69	94.73	62.03	87.11	29.15	96.4	73.76	82.01	45.65	28.44	63.51	54.56	23.41	79.63	71.03
39	31.02	38.01	27.51	54.59	38.29	7.62	27.02	60.88	48.26	40.02	28.16	66.37	70.04	69.78	49.48	44.28	61.03	30.41	9.22	46.87	47.2	73.24	34.0	59.46	64.13	44.28	48.17	20.62	65.55	74.09	35.13	75.43	29.83	26.25	35.36	55.17	5.0	70.09	38.08	0.0	45.8	32.76	20.88	39.32	49.5	13.93	9.85	28.0	75.8	20.1	48.05	29.02	40.31	60.53	42.94	19.03	29.07	50.09	41.88	52.0	50.33	21.38	70.49	40.52	50.45	34.93	58.8	52.4	46.1	23.71	24.52	31.95	18.79	29.15	46.87	39.81
40	72.8	49.37	65.52	66.41	66.03	52.5	52.0	72.11	3.0	47.54	25.63	21.19	76.3	62.65	53.31	82.49	77.03	75.93	55.0	53.04	1.41	27.46	71.34	67.36	46.87	46.1	93.43	59.14	56.36	70.94	30.07	77.2	53.14	22.47	80.92	65.07	50.61	25.0	70.46	45.8	0.0	44.28	37.12	34.18	36.06	51.22	41.77	70.38	30.0	58.6	87.66	70.94	34.54	29.83	86.45	58.41	35.06	73.55	63.56	30.89	27.59	34.89	25.08	81.61	66.19	45.54	66.37	8.25	31.32	67.88	42.11	17.46	52.7	48.0	20.12	72.09
41	39.2	66.03	29.83	24.84	23.09	39.2	58.18	90.74	47.27	7.28	45.45	64.03	98.81	93.51	16.76	76.03	92.13	55.79	38.0	74.03	45.18	67.74	66.37	88.23	82.68	69.35	72.45	26.83	88.09	99.7	54.67	102.94	60.84	40.0	59.77	84.31	36.22	60.88	29.07	32.76	44.28	0.0	46.62	13.89	68.24	46.57	39.4	38.28	69.23	52.77	79.06	38.01	14.42	71.17	71.2	51.62	9.49	82.28	73.41	67.12	29.15	45.61	67.19	71.11	81.01	2.24	87.42	46.1	63.51	53.15	8.25	42.54	51.24	6.4	57.78	72.57
42	51.48	19.42	48.38	70.94	57.98	23.02	15.3	44.29	38.59	53.54	12.04	54.49	52.2	49.24	62.77	45.49	46.49	44.01	27.0	27.59	38.47	62.48	34.41	41.62	43.42	23.85	60.03	41.44	44.78	54.2	15.3	56.59	17.03	14.87	48.85	37.74	23.09	61.91	58.6	20.88	37.12	46.62	0.0	47.43	29.02	16.55	11.18	48.37	65.44	22.8	50.8	49.5	48.38	42.38	51.22	23.02	39.36	39.05	29.15	32.56	53.04	2.24	58.73	45.28	35.11	48.83	40.8	45.19	26.17	34.44	39.05	19.72	16.28	45.28	30.02	35.11
43	52.35	66.31	43.14	32.28	36.77	46.69	61.19	91.39	37.0	14.0	42.72	52.24	98.41	90.14	19.24	83.6	93.92	66.31	46.57	73.36	34.79	55.08	73.17	88.1	77.23	67.74	83.63	39.2	84.29	97.2	51.61	101.55	63.56	36.89	70.68	84.58	43.74	47.68	42.94	39.32	34.18	13.89	47.43	0.0	63.66	52.0	43.19	51.09	56.32	59.08	87.3	50.99	1.0	63.13	80.96	58.14	10.44	85.7	76.16	61.07	15.26	45.88	55.04	79.62	82.54	13.93	87.21	34.23	58.69	62.1	18.03	37.54	56.08	20.0	50.8	78.06
44	80.4	23.43	76.69	93.01	84.31	52.0	34.93	38.83	35.17	74.03	23.26	41.77	41.05	26.93	82.13	65.46	45.22	71.59	56.01	21.47	36.69	50.22	55.95	33.38	14.87	15.0	86.03	69.63	20.81	34.93	14.56	41.23	34.0	28.3	76.16	32.28	52.09	54.08	86.02	49.5	36.06	68.24	29.02	63.66	0.0	44.41	40.11	77.32	53.37	48.76	71.28	78.41	64.38	18.6	75.64	49.48	59.2	46.62	38.21	7.62	62.27	28.16	45.35	68.0	36.24	70.21	32.39	43.17	5.0	61.61	62.27	26.17	42.2	68.96	16.28	52.01
45	38.63	27.51	38.01	68.43	50.99	10.0	14.42	48.17	53.15	53.85	28.02	70.09	57.8	60.44	63.32	32.57	47.63	27.51	13.89	36.4	52.63	77.78	21.59	47.43	58.01	35.51	43.57	31.89	57.07	63.56	31.62	63.81	17.2	29.0	32.31	43.01	12.04	76.22	49.68	13.93	51.22	46.57	16.55	52.0	44.41	0.0	9.85	35.47	80.62	7.62	37.16	36.77	53.0	58.87	35.36	7.21	42.11	36.24	28.43	48.76	61.39	18.36	74.33	30.53	37.48	48.76	46.87	58.82	42.2	17.89	38.33	34.66	5.0	43.08	46.53	26.17
46	40.31	28.43	37.34	62.68	47.8	12.37	18.79	52.01	43.84	46.62	20.25	61.22	60.83	59.93	56.08	42.38	52.84	34.99	16.12	37.2	43.19	68.68	31.32	50.21	54.59	34.44	52.01	30.46	55.71	64.35	26.02	65.95	21.47	20.0	39.96	46.01	12.0	66.71	47.89	9.85	41.77	39.4	11.18	43.19	40.11	9.85	0.0	37.22	71.45	17.46	47.01	38.33	44.18	52.39	44.69	17.0	33.73	43.01	34.01	43.19	51.79	12.0	65.44	40.31	41.88	41.63	49.5	49.2	37.01	26.25	31.3	25.81	13.04	36.89	39.22	35.01
47	3.16	62.97	9.22	48.04	25.02	25.96	49.66	82.38	73.16	43.38	56.08	91.55	92.44	95.82	50.6	49.65	80.43	23.09	21.84	71.87	71.69	97.51	44.05	82.37	91.79	70.6	36.22	12.04	92.18	99.01	63.07	98.88	52.33	53.6	25.18	77.9	25.32	92.78	19.65	28.0	70.38	38.28	48.37	51.09	77.32	35.47	37.22	0.0	99.73	36.06	50.33	1.41	51.86	88.36	38.83	34.67	41.73	67.27	61.85	80.0	65.76	49.16	95.46	42.54	71.56	39.45	81.88	75.59	74.06	27.02	33.24	59.03	39.81	31.91	74.55	53.08
48	101.98	73.41	94.15	87.05	92.2	82.46	79.32	92.2	27.66	70.26	53.41	11.7	93.54	75.03	73.06	110.8	98.49	105.89	85.0	74.33	28.6	3.16	99.81	86.68	57.04	67.36	123.33	88.14	69.0	84.02	54.59	92.02	79.92	51.62	110.89	85.62	80.6	9.22	97.53	75.8	30.0	69.23	65.44	56.32	53.37	80.62	71.45	99.73	0.0	87.78	116.21	100.18	56.22	37.01	115.97	87.73	61.13	98.09	88.57	45.89	43.05	63.25	8.06	110.63	88.87	69.87	85.7	24.17	50.29	97.67	69.26	46.01	81.57	74.22	39.0	99.32
49	39.12	29.07	40.31	73.54	54.64	13.93	15.03	46.32	60.44	60.02	34.71	77.08	56.44	61.81	69.43	25.0	44.6	23.09	16.64	37.48	60.0	84.9	14.14	46.52	61.52	38.01	37.58	35.0	59.14	63.89	37.12	63.07	17.26	36.24	27.46	42.05	16.76	83.6	52.4	20.1	58.6	52.77	22.8	59.08	48.76	7.62	17.46	36.06	87.78	0.0	29.55	37.44	60.07	64.4	28.43	1.41	49.0	32.02	25.81	53.85	68.88	24.84	81.32	23.02	35.51	54.92	46.1	66.29	47.17	13.04	44.55	41.77	6.71	48.76	52.7	19.92
50	52.39	48.02	58.24	96.34	74.46	40.61	37.48	51.04	89.31	86.01	62.8	105.12	61.01	74.95	95.02	5.83	45.1	27.31	41.11	53.31	89.04	113.23	16.4	54.45	80.96	57.31	24.6	55.73	74.63	73.44	62.94	69.0	37.64	65.19	26.63	50.8	43.57	112.61	69.89	48.05	87.66	79.06	50.8	87.3	71.28	37.16	47.01	50.33	116.21	29.55	0.0	51.62	88.28	89.02	13.45	30.08	76.94	32.06	35.11	77.8	98.08	53.01	109.34	8.06	42.76	81.02	54.59	95.52	71.22	26.02	71.18	70.46	34.99	74.01	79.2	19.7
51	2.0	64.26	8.54	47.1	24.0	27.2	50.99	83.76	73.74	42.94	57.04	92.11	93.81	97.08	49.98	51.0	81.84	24.35	23.09	73.16	72.24	97.99	45.45	83.73	92.91	71.84	37.12	12.21	93.41	100.32	64.12	100.24	53.67	54.45	26.31	79.26	26.48	93.15	18.44	29.02	70.94	38.01	49.5	50.99	78.41	36.77	38.33	1.41	100.18	37.44	51.62	0.0	51.74	89.27	40.02	36.06	41.77	68.68	63.25	81.01	65.76	50.25	96.01	43.86	72.95	39.12	83.24	76.03	75.11	28.43	33.24	59.84	41.15	31.62	75.43	54.49
52	53.08	67.23	43.84	32.02	37.16	47.68	62.17	92.31	37.34	14.04	43.57	52.35	99.3	90.91	18.79	84.59	94.87	67.23	47.54	74.24	35.11	55.04	74.17	89.0	77.9	68.6	84.53	40.0	85.04	98.01	52.43	102.4	64.54	37.74	71.59	85.49	44.72	47.52	43.42	40.31	34.54	14.42	48.38	1.0	64.38	53.0	44.18	51.86	56.22	60.07	88.28	51.74	0.0	63.63	81.91	59.14	11.4	86.68	77.13	61.72	14.76	46.82	55.08	80.6	83.49	14.32	88.1	34.37	59.41	63.06	18.87	38.29	57.08	20.62	51.4	79.06
53	91.27	41.73	86.01	94.85	90.61	64.76	51.87	56.3	27.59	75.64	32.39	26.17	56.72	38.12	82.37	83.24	63.16	86.38	68.45	39.96	29.73	34.0	73.24	50.6	20.22	33.6	101.98	79.0	32.02	47.1	27.31	55.01	51.4	35.0	91.18	50.16	64.13	39.81	93.65	60.53	29.83	71.17	42.38	63.13	18.6	58.87	52.39	88.36	37.01	64.4	89.02	89.27	63.63	0.0	92.28	64.88	61.68	65.22	56.73	11.31	57.31	40.8	29.0	85.15	54.71	72.8	49.65	34.21	17.8	76.69	66.94	30.15	57.7	73.5	14.04	70.09
54	40.52	53.45	47.38	86.21	63.64	35.36	40.72	61.4	88.46	77.78	63.13	105.42	71.7	83.38	86.37	16.16	56.29	16.03	34.54	60.21	87.86	113.14	20.4	64.03	86.98	62.94	12.17	46.01	82.2	83.01	65.19	79.51	41.79	64.35	13.93	60.0	38.01	111.4	58.46	42.94	86.45	71.2	51.22	80.96	75.64	35.36	44.69	38.83	115.97	28.43	13.45	40.02	81.91	92.28	0.0	28.32	70.52	42.58	43.1	81.41	93.11	53.26	109.66	9.06	52.01	72.99	64.01	93.86	74.71	19.24	63.79	70.01	35.0	65.62	81.02	28.02
55	37.74	30.15	38.9	72.24	53.25	12.65	16.12	47.71	60.31	58.86	34.83	77.1	57.8	62.97	68.25	25.71	46.01	22.2	15.26	38.64	59.82	84.86	15.03	47.85	62.39	39.0	37.12	33.6	60.21	65.15	37.58	64.4	18.44	36.12	26.68	43.38	15.52	83.41	50.99	19.03	58.41	51.62	23.02	58.14	49.48	7.21	17.0	34.67	87.73	1.41	30.08	36.06	59.14	64.88	28.32	0.0	48.01	33.42	27.2	54.42	68.15	25.0	81.34	23.32	36.89	53.76	47.42	66.03	47.76	12.17	43.42	41.73	7.28	47.54	53.0	21.19
56	43.28	58.67	34.41	33.84	31.26	36.35	52.2	83.65	38.05	14.87	36.77	55.23	91.27	84.86	23.6	73.33	85.62	55.95	36.14	66.29	36.01	59.44	63.03	80.78	73.5	61.22	73.36	29.7	79.31	91.35	45.97	95.0	54.71	31.14	60.37	77.03	33.38	53.14	36.4	29.07	35.06	9.49	39.36	10.44	59.2	42.11	33.73	41.73	61.13	49.0	76.94	41.77	11.4	61.68	70.52	48.01	0.0	76.66	67.36	57.8	24.08	38.08	58.55	69.23	74.32	11.18	79.92	37.48	54.41	51.66	8.6	33.29	46.39	13.15	48.33	68.26
57	70.18	24.7	72.25	104.66	86.61	45.49	24.52	19.0	74.22	89.54	48.37	86.41	29.15	43.66	99.02	27.02	13.93	48.76	48.6	25.5	74.73	94.94	24.6	22.56	52.63	31.62	54.74	67.01	44.29	41.44	43.97	37.05	22.2	53.08	51.08	19.31	48.02	96.77	84.39	50.09	73.55	82.28	39.05	85.7	46.62	36.24	43.01	67.27	98.09	32.02	32.06	68.68	86.68	65.22	42.58	33.42	76.66	0.0	10.05	54.08	92.09	41.01	90.38	33.54	11.66	84.5	22.8	81.79	48.37	40.8	74.09	56.57	31.3	79.2	59.09	15.23
58	64.9	15.26	65.86	96.38	79.4	38.21	15.23	20.59	64.29	80.62	38.33	76.92	30.87	40.31	90.08	29.41	19.21	45.88	41.73	18.36	64.76	85.43	23.02	21.59	46.14	23.35	55.01	60.11	39.56	40.2	34.18	37.95	12.65	43.05	49.03	17.26	40.46	86.98	77.79	41.88	63.56	73.41	29.15	76.16	38.21	28.43	34.01	61.85	88.57	25.81	35.11	63.25	77.13	56.73	43.1	27.2	67.36	10.05	0.0	45.45	82.15	31.06	80.95	34.23	9.85	75.64	21.38	71.81	39.41	36.77	65.31	46.53	23.43	70.71	49.65	15.52
59	83.01	30.41	78.52	91.59	84.77	55.44	40.82	46.32	29.55	72.4	24.19	34.37	48.01	31.95	80.0	72.01	52.81	76.24	59.3	29.07	31.3	42.76	62.13	40.79	16.28	22.47	91.39	71.45	25.63	40.52	17.26	47.52	40.22	28.16	80.96	39.85	55.15	47.0	87.1	52.0	30.89	67.12	32.56	61.07	7.62	48.76	43.19	80.0	45.89	53.85	77.8	81.01	61.72	11.31	81.41	54.42	57.8	54.08	45.45	0.0	58.01	31.26	37.85	74.09	43.83	68.96	39.81	37.34	6.71	66.41	61.85	24.6	47.17	68.54	10.82	58.8
60	67.21	70.21	58.14	44.01	51.89	57.94	68.01	94.83	29.73	28.16	45.12	41.11	100.57	89.19	30.02	93.86	98.48	79.26	58.6	75.96	27.59	42.3	82.98	90.8	74.2	69.57	96.9	53.76	83.01	97.06	52.81	102.55	70.01	39.62	83.86	87.8	55.15	34.0	58.18	50.33	27.59	29.15	53.04	15.26	62.27	61.39	51.79	65.76	43.05	68.88	98.08	65.76	14.76	57.31	93.11	68.15	24.08	92.09	82.15	58.01	0.0	51.09	43.17	90.76	87.13	29.07	89.84	24.19	57.31	73.93	32.53	37.95	64.78	35.23	47.2	86.58
61	52.24	20.59	48.76	70.09	57.8	24.19	17.46	45.62	36.36	52.43	9.9	52.35	53.25	49.4	61.59	47.71	48.08	45.69	28.07	28.43	36.24	60.31	36.62	42.72	42.76	24.21	61.91	41.76	44.72	54.67	14.04	57.38	19.1	12.65	50.57	38.95	24.0	59.68	58.69	21.38	34.89	45.61	2.24	45.88	28.16	18.36	12.0	49.16	63.25	24.84	53.01	50.25	46.82	40.8	53.26	25.0	38.08	41.01	31.06	31.26	51.09	0.0	56.59	47.42	36.69	47.8	41.88	42.95	25.02	36.24	38.21	17.49	18.38	44.55	28.18	37.34
