set K:= 1	2	3	4	5	6	7	8	9;
set C_H:= 1	2	3	4	5	6	7	8	9	10	11	12	13	14	15	16	17	18	19	20	21	22;
set C_S:= 23	24	25	26	27	28	29	30	31	32	33	34	35	36	37	38	39	40	41	42	43;
set C_F:= 44	45	46	47	48	49	50	51	52	53	54	55	56	57	58	59	60	61	62	63	64;
set M:= 65	66	67	68;
set L_B:= 69	70	71	72	73	74	75	76	77	78	79;
set A1:=
(0,*) 1 2 3 4 5 6 7 8 9 10 11 12 13 14 15 16 17 18 19 20 21 22 44 45 46 47 48 49 50 51 52 53 54 55 56 57 58 59 60 61 62 63 64 65 66 67 68 69 70 71 72 73 74 75 76 77 78 79
(1,*) 0 2 3 4 5 6 7 8 9 10 11 12 13 14 15 16 17 18 19 20 21 22 44 45 46 47 48 49 50 51 52 53 54 55 56 57 58 59 60 61 62 63 64 65 66 67 68 69 70 71 72 73 74 75 76 77 78 79
(2,*) 0 1 3 4 5 6 7 8 9 10 11 12 13 14 15 16 17 18 19 20 21 22 44 45 46 47 48 49 50 51 52 53 54 55 56 57 58 59 60 61 62 63 64 65 66 67 68 69 70 71 72 73 74 75 76 77 78 79
(3,*) 0 1 2 4 5 6 7 8 9 10 11 12 13 14 15 16 17 18 19 20 21 22 44 45 46 47 48 49 50 51 52 53 54 55 56 57 58 59 60 61 62 63 64 65 66 67 68 69 70 71 72 73 74 75 76 77 78 79
(4,*) 0 1 2 3 5 6 7 8 9 10 11 12 13 14 15 16 17 18 19 20 21 22 44 45 46 47 48 49 50 51 52 53 54 55 56 57 58 59 60 61 62 63 64 65 66 67 68 69 70 71 72 73 74 75 76 77 78 79
(5,*) 0 1 2 3 4 6 7 8 9 10 11 12 13 14 15 16 17 18 19 20 21 22 44 45 46 47 48 49 50 51 52 53 54 55 56 57 58 59 60 61 62 63 64 65 66 67 68 69 70 71 72 73 74 75 76 77 78 79
(6,*) 0 1 2 3 4 5 7 8 9 10 11 12 13 14 15 16 17 18 19 20 21 22 44 45 46 47 48 49 50 51 52 53 54 55 56 57 58 59 60 61 62 63 64 65 66 67 68 69 70 71 72 73 74 75 76 77 78 79
(7,*) 0 1 2 3 4 5 6 8 9 10 11 12 13 14 15 16 17 18 19 20 21 22 44 45 46 47 48 49 50 51 52 53 54 55 56 57 58 59 60 61 62 63 64 65 66 67 68 69 70 71 72 73 74 75 76 77 78 79
(8,*) 0 1 2 3 4 5 6 7 9 10 11 12 13 14 15 16 17 18 19 20 21 22 44 45 46 47 48 49 50 51 52 53 54 55 56 57 58 59 60 61 62 63 64 65 66 67 68 69 70 71 72 73 74 75 76 77 78 79
(9,*) 0 1 2 3 4 5 6 7 8 10 11 12 13 14 15 16 17 18 19 20 21 22 44 45 46 47 48 49 50 51 52 53 54 55 56 57 58 59 60 61 62 63 64 65 66 67 68 69 70 71 72 73 74 75 76 77 78 79
(10,*) 0 1 2 3 4 5 6 7 8 9 11 12 13 14 15 16 17 18 19 20 21 22 44 45 46 47 48 49 50 51 52 53 54 55 56 57 58 59 60 61 62 63 64 65 66 67 68 69 70 71 72 73 74 75 76 77 78 79
(11,*) 0 1 2 3 4 5 6 7 8 9 10 12 13 14 15 16 17 18 19 20 21 22 44 45 46 47 48 49 50 51 52 53 54 55 56 57 58 59 60 61 62 63 64 65 66 67 68 69 70 71 72 73 74 75 76 77 78 79
(12,*) 0 1 2 3 4 5 6 7 8 9 10 11 13 14 15 16 17 18 19 20 21 22 44 45 46 47 48 49 50 51 52 53 54 55 56 57 58 59 60 61 62 63 64 65 66 67 68 69 70 71 72 73 74 75 76 77 78 79
(13,*) 0 1 2 3 4 5 6 7 8 9 10 11 12 14 15 16 17 18 19 20 21 22 44 45 46 47 48 49 50 51 52 53 54 55 56 57 58 59 60 61 62 63 64 65 66 67 68 69 70 71 72 73 74 75 76 77 78 79
(14,*) 0 1 2 3 4 5 6 7 8 9 10 11 12 13 15 16 17 18 19 20 21 22 44 45 46 47 48 49 50 51 52 53 54 55 56 57 58 59 60 61 62 63 64 65 66 67 68 69 70 71 72 73 74 75 76 77 78 79
(15,*) 0 1 2 3 4 5 6 7 8 9 10 11 12 13 14 16 17 18 19 20 21 22 44 45 46 47 48 49 50 51 52 53 54 55 56 57 58 59 60 61 62 63 64 65 66 67 68 69 70 71 72 73 74 75 76 77 78 79
(16,*) 0 1 2 3 4 5 6 7 8 9 10 11 12 13 14 15 17 18 19 20 21 22 44 45 46 47 48 49 50 51 52 53 54 55 56 57 58 59 60 61 62 63 64 65 66 67 68 69 70 71 72 73 74 75 76 77 78 79
(17,*) 0 1 2 3 4 5 6 7 8 9 10 11 12 13 14 15 16 18 19 20 21 22 44 45 46 47 48 49 50 51 52 53 54 55 56 57 58 59 60 61 62 63 64 65 66 67 68 69 70 71 72 73 74 75 76 77 78 79
(18,*) 0 1 2 3 4 5 6 7 8 9 10 11 12 13 14 15 16 17 19 20 21 22 44 45 46 47 48 49 50 51 52 53 54 55 56 57 58 59 60 61 62 63 64 65 66 67 68 69 70 71 72 73 74 75 76 77 78 79
(19,*) 0 1 2 3 4 5 6 7 8 9 10 11 12 13 14 15 16 17 18 20 21 22 44 45 46 47 48 49 50 51 52 53 54 55 56 57 58 59 60 61 62 63 64 65 66 67 68 69 70 71 72 73 74 75 76 77 78 79
(20,*) 0 1 2 3 4 5 6 7 8 9 10 11 12 13 14 15 16 17 18 19 21 22 44 45 46 47 48 49 50 51 52 53 54 55 56 57 58 59 60 61 62 63 64 65 66 67 68 69 70 71 72 73 74 75 76 77 78 79
(21,*) 0 1 2 3 4 5 6 7 8 9 10 11 12 13 14 15 16 17 18 19 20 22 44 45 46 47 48 49 50 51 52 53 54 55 56 57 58 59 60 61 62 63 64 65 66 67 68 69 70 71 72 73 74 75 76 77 78 79
(22,*) 0 1 2 3 4 5 6 7 8 9 10 11 12 13 14 15 16 17 18 19 20 21 44 45 46 47 48 49 50 51 52 53 54 55 56 57 58 59 60 61 62 63 64 65 66 67 68 69 70 71 72 73 74 75 76 77 78 79
(44,*) 0 1 2 3 4 5 6 7 8 9 10 11 12 13 14 15 16 17 18 19 20 21 22 45 46 47 48 49 50 51 52 53 54 55 56 57 58 59 60 61 62 63 64 65 66 67 68 69 70 71 72 73 74 75 76 77 78 79
(45,*) 0 1 2 3 4 5 6 7 8 9 10 11 12 13 14 15 16 17 18 19 20 21 22 44 46 47 48 49 50 51 52 53 54 55 56 57 58 59 60 61 62 63 64 65 66 67 68 69 70 71 72 73 74 75 76 77 78 79
(46,*) 0 1 2 3 4 5 6 7 8 9 10 11 12 13 14 15 16 17 18 19 20 21 22 44 45 47 48 49 50 51 52 53 54 55 56 57 58 59 60 61 62 63 64 65 66 67 68 69 70 71 72 73 74 75 76 77 78 79
(47,*) 0 1 2 3 4 5 6 7 8 9 10 11 12 13 14 15 16 17 18 19 20 21 22 44 45 46 48 49 50 51 52 53 54 55 56 57 58 59 60 61 62 63 64 65 66 67 68 69 70 71 72 73 74 75 76 77 78 79
(48,*) 0 1 2 3 4 5 6 7 8 9 10 11 12 13 14 15 16 17 18 19 20 21 22 44 45 46 47 49 50 51 52 53 54 55 56 57 58 59 60 61 62 63 64 65 66 67 68 69 70 71 72 73 74 75 76 77 78 79
(49,*) 0 1 2 3 4 5 6 7 8 9 10 11 12 13 14 15 16 17 18 19 20 21 22 44 45 46 47 48 50 51 52 53 54 55 56 57 58 59 60 61 62 63 64 65 66 67 68 69 70 71 72 73 74 75 76 77 78 79
(50,*) 0 1 2 3 4 5 6 7 8 9 10 11 12 13 14 15 16 17 18 19 20 21 22 44 45 46 47 48 49 51 52 53 54 55 56 57 58 59 60 61 62 63 64 65 66 67 68 69 70 71 72 73 74 75 76 77 78 79
(51,*) 0 1 2 3 4 5 6 7 8 9 10 11 12 13 14 15 16 17 18 19 20 21 22 44 45 46 47 48 49 50 52 53 54 55 56 57 58 59 60 61 62 63 64 65 66 67 68 69 70 71 72 73 74 75 76 77 78 79
(52,*) 0 1 2 3 4 5 6 7 8 9 10 11 12 13 14 15 16 17 18 19 20 21 22 44 45 46 47 48 49 50 51 53 54 55 56 57 58 59 60 61 62 63 64 65 66 67 68 69 70 71 72 73 74 75 76 77 78 79
(53,*) 0 1 2 3 4 5 6 7 8 9 10 11 12 13 14 15 16 17 18 19 20 21 22 44 45 46 47 48 49 50 51 52 54 55 56 57 58 59 60 61 62 63 64 65 66 67 68 69 70 71 72 73 74 75 76 77 78 79
(54,*) 0 1 2 3 4 5 6 7 8 9 10 11 12 13 14 15 16 17 18 19 20 21 22 44 45 46 47 48 49 50 51 52 53 55 56 57 58 59 60 61 62 63 64 65 66 67 68 69 70 71 72 73 74 75 76 77 78 79
(55,*) 0 1 2 3 4 5 6 7 8 9 10 11 12 13 14 15 16 17 18 19 20 21 22 44 45 46 47 48 49 50 51 52 53 54 56 57 58 59 60 61 62 63 64 65 66 67 68 69 70 71 72 73 74 75 76 77 78 79
(56,*) 0 1 2 3 4 5 6 7 8 9 10 11 12 13 14 15 16 17 18 19 20 21 22 44 45 46 47 48 49 50 51 52 53 54 55 57 58 59 60 61 62 63 64 65 66 67 68 69 70 71 72 73 74 75 76 77 78 79
(57,*) 0 1 2 3 4 5 6 7 8 9 10 11 12 13 14 15 16 17 18 19 20 21 22 44 45 46 47 48 49 50 51 52 53 54 55 56 58 59 60 61 62 63 64 65 66 67 68 69 70 71 72 73 74 75 76 77 78 79
(58,*) 0 1 2 3 4 5 6 7 8 9 10 11 12 13 14 15 16 17 18 19 20 21 22 44 45 46 47 48 49 50 51 52 53 54 55 56 57 59 60 61 62 63 64 65 66 67 68 69 70 71 72 73 74 75 76 77 78 79
(59,*) 0 1 2 3 4 5 6 7 8 9 10 11 12 13 14 15 16 17 18 19 20 21 22 44 45 46 47 48 49 50 51 52 53 54 55 56 57 58 60 61 62 63 64 65 66 67 68 69 70 71 72 73 74 75 76 77 78 79
(60,*) 0 1 2 3 4 5 6 7 8 9 10 11 12 13 14 15 16 17 18 19 20 21 22 44 45 46 47 48 49 50 51 52 53 54 55 56 57 58 59 61 62 63 64 65 66 67 68 69 70 71 72 73 74 75 76 77 78 79
(61,*) 0 1 2 3 4 5 6 7 8 9 10 11 12 13 14 15 16 17 18 19 20 21 22 44 45 46 47 48 49 50 51 52 53 54 55 56 57 58 59 60 62 63 64 65 66 67 68 69 70 71 72 73 74 75 76 77 78 79
(62,*) 0 1 2 3 4 5 6 7 8 9 10 11 12 13 14 15 16 17 18 19 20 21 22 44 45 46 47 48 49 50 51 52 53 54 55 56 57 58 59 60 61 63 64 65 66 67 68 69 70 71 72 73 74 75 76 77 78 79
(63,*) 0 1 2 3 4 5 6 7 8 9 10 11 12 13 14 15 16 17 18 19 20 21 22 44 45 46 47 48 49 50 51 52 53 54 55 56 57 58 59 60 61 62 64 65 66 67 68 69 70 71 72 73 74 75 76 77 78 79
(64,*) 0 1 2 3 4 5 6 7 8 9 10 11 12 13 14 15 16 17 18 19 20 21 22 44 45 46 47 48 49 50 51 52 53 54 55 56 57 58 59 60 61 62 63 65 66 67 68 69 70 71 72 73 74 75 76 77 78 79
(65,*) 0 1 2 3 4 5 6 7 8 9 10 11 12 13 14 15 16 17 18 19 20 21 22 44 45 46 47 48 49 50 51 52 53 54 55 56 57 58 59 60 61 62 63 64 67 68 69 70 71 72 73 74 75 76 77 78 79
(66,*) 0 1 2 3 4 5 6 7 8 9 10 11 12 13 14 15 16 17 18 19 20 21 22 44 45 46 47 48 49 50 51 52 53 54 55 56 57 58 59 60 61 62 63 64 67 68 69 70 71 72 73 74 75 76 77 78 79
(67,*) 0 1 2 3 4 5 6 7 8 9 10 11 12 13 14 15 16 17 18 19 20 21 22 44 45 46 47 48 49 50 51 52 53 54 55 56 57 58 59 60 61 62 63 64 65 66 69 70 71 72 73 74 75 76 77 78 79
(68,*) 0 1 2 3 4 5 6 7 8 9 10 11 12 13 14 15 16 17 18 19 20 21 22 44 45 46 47 48 49 50 51 52 53 54 55 56 57 58 59 60 61 62 63 64 65 66 69 70 71 72 73 74 75 76 77 78 79
(69,*) 0 1 2 3 4 5 6 7 8 9 10 11 12 13 14 15 16 17 18 19 20 21 22 44 45 46 47 48 49 50 51 52 53 54 55 56 57 58 59 60 61 62 63 64 65 66 67 68 70 71 72 73 74 75 76 77 78 79
(70,*) 0 1 2 3 4 5 6 7 8 9 10 11 12 13 14 15 16 17 18 19 20 21 22 44 45 46 47 48 49 50 51 52 53 54 55 56 57 58 59 60 61 62 63 64 65 66 67 68 69 71 72 73 74 75 76 77 78 79
(71,*) 0 1 2 3 4 5 6 7 8 9 10 11 12 13 14 15 16 17 18 19 20 21 22 44 45 46 47 48 49 50 51 52 53 54 55 56 57 58 59 60 61 62 63 64 65 66 67 68 69 70 72 73 74 75 76 77 78 79
(72,*) 0 1 2 3 4 5 6 7 8 9 10 11 12 13 14 15 16 17 18 19 20 21 22 44 45 46 47 48 49 50 51 52 53 54 55 56 57 58 59 60 61 62 63 64 65 66 67 68 69 70 71 73 74 75 76 77 78 79
(73,*) 0 1 2 3 4 5 6 7 8 9 10 11 12 13 14 15 16 17 18 19 20 21 22 44 45 46 47 48 49 50 51 52 53 54 55 56 57 58 59 60 61 62 63 64 65 66 67 68 69 70 71 72 74 75 76 77 78 79
(74,*) 0 1 2 3 4 5 6 7 8 9 10 11 12 13 14 15 16 17 18 19 20 21 22 44 45 46 47 48 49 50 51 52 53 54 55 56 57 58 59 60 61 62 63 64 65 66 67 68 69 70 71 72 73 75 76 77 78 79
(75,*) 0 1 2 3 4 5 6 7 8 9 10 11 12 13 14 15 16 17 18 19 20 21 22 44 45 46 47 48 49 50 51 52 53 54 55 56 57 58 59 60 61 62 63 64 65 66 67 68 69 70 71 72 73 74 76 77 78 79
(76,*) 0 1 2 3 4 5 6 7 8 9 10 11 12 13 14 15 16 17 18 19 20 21 22 44 45 46 47 48 49 50 51 52 53 54 55 56 57 58 59 60 61 62 63 64 65 66 67 68 69 70 71 72 73 74 75 77 78 79
(77,*) 0 1 2 3 4 5 6 7 8 9 10 11 12 13 14 15 16 17 18 19 20 21 22 44 45 46 47 48 49 50 51 52 53 54 55 56 57 58 59 60 61 62 63 64 65 66 67 68 69 70 71 72 73 74 75 76 78 79
(78,*) 0 1 2 3 4 5 6 7 8 9 10 11 12 13 14 15 16 17 18 19 20 21 22 44 45 46 47 48 49 50 51 52 53 54 55 56 57 58 59 60 61 62 63 64 65 66 67 68 69 70 71 72 73 74 75 76 77 79
(79,*) 0 1 2 3 4 5 6 7 8 9 10 11 12 13 14 15 16 17 18 19 20 21 22 44 45 46 47 48 49 50 51 52 53 54 55 56 57 58 59 60 61 62 63 64 65 66 67 68 69 70 71 72 73 74 75 76 77 78
;
set A2:=
(65,*) 66
(66,*) 65
(67,*) 68
(68,*) 67
;
param BigM:=99999;
param n:= 9;
param d:=
1	24
2	7
3	9
4	20
5	18
6	17
7	11
8	9
9	12
10	7
11	1
12	22
13	14
14	23
15	6
16	8
17	14
18	24
19	24
20	4
21	14
22	16
23	16
24	11
25	23
26	26
27	9
28	2
29	19
30	15
31	8
32	5
33	24
34	25
35	2
36	2
37	6
38	6
39	20
40	19
41	2
42	23
43	14
44	12
45	10
46	26
47	2
48	12
49	10
50	21
51	17
52	2
53	15
54	16
55	24
56	12
57	18
58	5
59	14
60	13
61	13
62	10
63	21
64	23
;
param Q:=100;
param w:=
[65,*] 66 0.5
[66,*] 65 0.5
[67,*] 68 0.5
[68,*] 67 0.5
;
param V:=
[65,*] 66 88
[66,*] 65 88
[67,*] 68 89
[68,*] 67 89
;
param e:
	65	66	67	68	69	70	71	72	73	74	75	76	77	78	79:=
23	0	0	0	0	1	0	0	0	0	0	0	0	0	0	0	
24	0	0	1	0	0	0	0	0	1	0	0	0	0	0	0	
25	0	0	0	0	0	0	0	0	1	0	0	0	0	0	0	
26	0	0	1	0	0	0	0	0	0	0	0	0	0	0	0	
27	0	0	1	0	0	0	0	0	1	0	0	0	0	0	0	
28	0	0	0	0	0	0	1	0	0	0	0	0	0	0	0	
29	0	1	0	0	1	0	0	0	0	0	0	0	0	0	0	
30	0	1	0	0	1	0	0	0	0	0	0	0	0	0	0	
31	0	1	0	0	0	0	0	0	0	0	0	0	0	0	0	
32	0	1	0	0	0	0	0	0	0	0	0	0	0	0	0	
33	0	0	1	0	0	1	0	0	0	0	0	0	0	0	0	
34	0	0	0	0	0	0	1	0	0	0	0	0	0	0	0	
35	0	1	0	0	0	0	0	1	0	0	0	0	0	0	0	
36	0	0	0	1	0	0	0	0	0	0	0	0	0	0	0	
37	0	0	0	0	0	1	0	0	0	0	0	0	0	0	0	
38	1	0	0	0	0	0	0	0	0	0	0	0	0	0	0	
39	1	0	0	1	0	0	1	0	0	0	0	0	0	0	0	
40	0	0	0	0	0	0	1	0	0	0	0	0	0	0	0	
41	0	0	0	0	0	0	1	0	0	0	0	0	0	0	0	
42	0	0	0	1	0	0	0	0	0	0	0	0	0	0	0	
43	0	0	1	0	0	1	0	0	1	0	0	0	0	0	0	
44	1	0	0	1	0	0	1	0	0	0	0	0	0	0	0	
45	0	0	0	1	0	0	0	0	0	0	0	0	0	0	0	
46	0	0	1	0	0	1	0	0	1	0	0	0	0	0	0	
47	0	0	0	1	0	0	0	0	0	0	0	0	0	0	0	
48	0	1	0	0	0	0	0	0	0	0	0	0	0	0	0	
49	1	0	0	1	0	0	1	1	0	0	0	0	0	0	0	
50	1	0	0	0	0	0	1	0	0	0	0	0	0	0	0	
51	1	0	0	0	0	0	1	0	0	0	0	0	0	0	0	
52	0	0	1	0	0	1	0	0	1	0	0	0	0	0	0	
53	0	0	1	0	1	1	0	0	0	0	0	0	0	0	0	
54	1	0	0	1	0	0	0	0	0	0	0	0	0	0	0	
55	0	0	1	0	0	1	0	0	1	0	0	0	0	0	0	
56	1	0	0	1	0	0	1	0	0	0	0	0	0	0	0	
57	0	0	1	0	0	1	0	0	1	0	0	0	0	0	0	
58	0	1	0	0	1	0	0	0	0	0	0	0	0	0	0	
59	0	0	1	0	0	0	0	0	0	0	0	0	0	0	0	
60	0	1	0	0	0	0	0	0	0	0	0	0	0	0	0	
61	0	0	1	0	0	1	0	1	0	0	0	0	0	0	0	
62	0	1	0	0	1	0	0	0	0	0	0	0	0	0	0	
63	0	0	0	1	0	0	0	0	0	0	0	0	0	0	0	
64	0	1	0	0	1	0	0	0	0	0	0	0	0	0	0	
;
param p:=
1	3
2	3
3	3
4	3
5	3
6	3
7	3
8	3
9	3
;
param G:=
65	85
66	88
67	82
68	89
69	90
70	93
71	97
72	73
73	85
74	94
75	85
76	92
77	78
78	88
79	72
;
param s:=
0	0
1	15
2	15
3	15
4	15
5	15
6	15
7	15
8	15
9	15
10	15
11	15
12	15
13	15
14	15
15	15
16	15
17	15
18	15
19	15
20	15
21	15
22	15
44	15
45	15
46	15
47	15
48	15
49	15
50	15
51	15
52	15
53	15
54	15
55	15
56	15
57	15
58	15
59	15
60	15
61	15
62	15
63	15
64	15
65	10
66	10
67	10
68	10
69	10
70	10
71	10
72	10
73	10
74	10
75	10
76	10
77	10
78	10
79	10
;
param t:
	0	1	2	3	4	5	6	7	8	9	10	11	12	13	14	15	16	17	18	19	20	21	22	23	24	25	26	27	28	29	30	31	32	33	34	35	36	37	38	39	40	41	42	43	44	45	46	47	48	49	50	51	52	53	54	55	56	57	58	59	60	61	62	63	64	65	66	67	68	69	70	71	72	73	74	75	76	77	78	79:=
0	0.0	72.11	39.7	26.31	28.84	66.6	70.94	51.92	54.63	46.69	38.83	52.8	38.21	29.73	46.04	17.09	25.06	22.8	50.12	62.13	45.12	63.81	18.0	52.15	32.06	11.31	62.8	40.2	52.95	52.5	47.2	73.76	70.26	18.97	62.13	38.47	45.69	10.2	63.66	31.24	67.08	68.0	35.78	26.08	45.12	32.25	47.07	35.78	64.4	39.7	65.3	45.34	33.94	34.93	30.0	35.38	41.23	30.53	50.91	74.32	61.35	18.44	59.36	37.74	48.37	78.39	37.12	54.49	36.0	63.82	59.82	44.41	52.39	22.47	36.35	51.11	23.09	43.42	23.09	37.2
1	72.11	0.0	42.43	46.52	92.35	70.34	71.39	91.61	87.13	63.91	72.47	75.18	95.02	66.48	30.07	89.2	90.8	82.22	53.67	60.17	103.48	59.67	79.92	44.72	66.48	77.67	34.53	73.76	37.58	37.58	30.27	8.94	18.11	62.29	60.17	34.99	108.41	81.04	74.0	62.23	36.06	24.0	100.96	90.55	89.38	98.79	81.04	100.96	10.77	62.8	78.43	63.81	92.0	60.83	86.83	92.02	86.37	84.02	34.18	54.0	10.77	56.89	19.7	104.31	26.0	63.0	72.18	30.87	90.69	20.62	64.51	73.24	20.22	80.16	87.0	46.52	75.03	71.03	51.97	90.2
2	39.7	42.43	0.0	26.0	51.92	77.79	80.99	80.89	80.1	24.08	62.13	72.25	74.32	52.35	12.65	55.32	51.26	41.76	56.92	69.08	82.29	69.86	54.59	14.14	24.08	40.5	53.81	31.62	47.71	12.81	12.17	48.08	50.12	23.32	69.08	26.83	84.38	45.61	78.1	50.04	58.0	51.61	74.89	50.6	75.71	71.61	39.4	74.89	32.06	56.14	81.58	60.53	50.36	18.44	65.39	50.16	71.81	42.19	11.66	73.24	33.53	21.26	24.08	77.2	17.09	80.78	29.83	15.65	70.94	26.93	70.21	66.0	23.77	39.56	69.26	14.0	33.96	64.01	32.14	48.0
3	26.31	46.52	26.0	0.0	51.42	53.67	57.31	55.32	54.15	45.69	36.22	46.39	51.61	26.68	25.06	43.17	48.66	42.38	33.29	46.04	60.0	47.2	34.06	40.05	36.88	34.23	38.63	46.86	29.53	36.88	26.83	47.54	44.05	24.41	46.04	12.17	63.66	36.06	53.14	24.08	43.08	42.19	55.32	49.03	50.6	52.8	55.32	55.32	40.0	30.27	56.32	34.93	53.85	34.99	42.8	54.63	46.82	47.41	33.53	54.04	35.78	17.2	36.88	58.41	25.61	60.11	43.93	35.85	47.71	42.01	46.07	40.0	27.8	40.85	45.18	40.0	37.59	38.01	6.71	54.59
4	28.84	92.35	51.92	51.42	0.0	95.27	99.64	76.16	80.45	43.86	66.48	80.62	57.58	58.14	62.8	23.41	4.47	10.2	78.89	90.97	61.61	92.65	41.62	59.06	30.53	17.89	89.84	31.24	80.32	62.77	63.15	96.0	94.53	30.07	90.97	62.8	58.31	19.8	92.02	60.0	94.25	93.38	48.66	2.83	68.96	44.72	33.11	48.66	82.87	68.41	93.34	74.03	8.0	36.72	51.88	10.0	65.51	12.81	63.25	102.86	82.1	36.06	75.71	48.17	66.48	107.19	29.7	67.36	57.27	78.85	88.6	72.14	72.17	12.37	59.54	57.31	18.03	71.42	50.33	14.14
5	66.6	70.34	77.79	53.67	95.27	0.0	4.47	36.5	28.64	99.32	30.46	18.11	54.33	37.2	71.02	76.16	91.21	89.11	20.88	10.2	60.0	10.77	56.36	90.71	89.89	77.9	36.06	99.86	34.06	85.51	72.99	63.91	53.85	76.03	10.2	51.42	68.03	75.6	6.32	35.38	35.78	47.54	67.08	92.46	40.0	67.91	108.17	67.08	72.44	26.91	10.0	21.26	100.5	88.59	51.92	101.86	40.2	96.21	81.22	22.8	64.5	69.34	76.0	71.02	68.47	18.68	96.8	81.61	50.64	81.02	7.62	25.3	65.03	88.39	45.71	91.21	87.21	25.08	49.93	103.25
6	70.94	71.39	80.99	57.31	99.64	4.47	0.0	40.2	32.25	102.86	34.93	22.36	58.55	41.62	73.76	80.62	95.6	93.38	24.17	12.17	64.03	12.0	60.83	93.68	93.74	82.22	36.88	103.73	36.06	88.29	75.71	64.56	54.41	80.0	12.17	54.41	72.11	80.0	10.0	39.7	36.06	48.08	71.39	96.83	44.05	72.28	112.07	71.39	74.11	31.24	12.65	25.61	104.8	92.28	56.32	106.15	44.41	100.42	83.95	21.26	66.12	73.24	78.1	75.31	71.02	15.65	100.69	84.17	54.92	83.02	11.4	29.73	67.27	92.63	50.01	94.25	91.35	29.55	53.82	107.48
7	51.92	91.61	80.89	55.32	76.16	36.5	40.2	0.0	8.0	96.19	19.7	19.7	21.63	28.64	79.7	53.25	71.69	73.54	39.7	41.23	24.74	43.08	34.93	95.04	82.87	62.03	62.48	91.78	55.17	92.2	81.61	87.86	79.2	68.47	41.23	60.93	32.98	57.27	30.27	31.62	64.4	73.59	34.99	73.43	7.21	37.2	98.95	34.99	89.55	28.84	28.0	28.28	83.19	84.21	24.41	84.97	10.77	81.71	88.77	57.58	82.68	64.03	89.55	38.47	79.12	55.11	88.65	90.8	19.8	94.94	35.47	18.44	78.72	73.74	16.64	94.76	75.0	20.62	48.84	87.73
8	54.63	87.13	80.1	54.15	80.45	28.64	32.25	8.0	0.0	97.02	18.0	12.81	28.64	28.07	77.67	58.14	76.03	76.94	34.06	34.0	32.56	35.78	38.83	94.19	84.4	65.3	56.57	93.68	50.0	90.8	79.62	82.8	73.76	69.86	34.0	58.24	40.79	61.06	22.36	30.07	58.14	67.94	42.05	77.67	13.42	43.91	101.19	42.05	85.91	25.3	20.0	23.32	87.13	85.16	29.73	88.84	15.62	84.97	87.13	50.16	78.71	64.78	86.65	45.69	76.66	47.3	90.52	88.84	26.08	92.03	28.18	14.56	75.61	76.92	22.02	94.09	77.62	16.76	48.01	91.3
9	46.69	63.91	24.08	45.69	43.86	99.32	102.86	96.19	97.02	0.0	79.25	91.21	84.85	69.05	36.06	57.27	45.34	35.61	78.71	91.3	91.78	92.28	64.5	20.1	15.23	41.23	77.79	13.42	71.22	26.68	34.99	70.68	73.78	28.07	91.3	50.0	91.76	47.54	98.79	67.91	82.02	75.6	81.61	43.86	90.02	77.79	18.0	81.61	53.14	75.29	101.84	80.32	38.83	12.0	76.42	37.74	86.02	31.24	29.73	96.83	56.36	32.25	44.27	82.87	40.5	104.04	14.21	33.24	82.39	44.91	91.71	83.95	47.17	33.6	82.05	18.11	28.3	82.23	50.29	34.0
10	38.83	72.47	62.13	36.22	66.48	30.46	34.93	19.7	18.0	79.25	0.0	14.14	26.68	10.2	60.17	46.04	62.23	61.61	23.41	30.07	34.18	32.06	26.08	76.24	67.05	50.0	45.65	76.55	37.2	72.99	62.1	69.31	61.22	52.5	30.07	41.23	41.23	46.69	26.08	12.17	48.33	56.04	38.0	63.66	16.97	38.21	84.31	38.0	69.97	10.0	26.91	12.17	72.47	67.47	22.09	74.03	14.42	69.34	69.43	46.04	63.25	47.07	69.86	42.0	59.46	46.53	73.39	71.31	22.36	75.24	25.5	5.66	59.03	61.29	17.46	76.11	61.29	5.39	30.02	76.03
11	52.8	75.18	72.25	46.39	80.62	18.11	22.36	19.7	12.81	91.21	14.14	0.0	36.22	23.32	68.26	60.0	76.37	75.6	21.63	21.54	42.05	23.41	40.0	86.09	79.85	64.03	43.86	89.55	37.74	82.02	70.26	70.46	61.22	65.39	21.54	48.37	50.0	60.83	12.65	23.41	45.34	55.32	49.03	77.79	22.09	50.0	97.51	49.03	74.67	16.12	12.81	12.17	86.56	79.7	34.18	88.09	22.09	83.23	78.1	37.95	67.23	59.46	76.16	52.95	66.75	36.12	86.41	79.4	32.56	81.49	15.81	8.49	65.0	75.21	27.66	86.21	74.95	9.43	41.0	90.0
12	38.21	95.02	74.32	51.61	57.58	54.33	58.55	21.63	28.64	84.85	26.68	36.22	0.0	28.84	76.55	34.18	53.14	56.89	50.0	56.14	8.49	58.14	20.4	88.02	70.26	46.17	71.69	78.0	62.61	86.76	78.23	93.23	86.09	56.89	56.14	60.83	14.56	40.45	48.66	33.29	74.67	81.41	13.42	55.03	15.23	15.62	84.21	13.42	90.55	36.06	47.54	38.83	65.15	72.99	8.94	67.05	14.14	65.12	84.12	72.44	84.9	54.41	88.41	17.09	77.2	72.01	75.01	86.95	4.47	93.6	51.01	30.07	78.64	57.56	9.22	87.32	60.07	31.26	45.0	70.34
13	29.73	66.48	52.35	26.68	58.14	37.2	41.62	28.64	28.07	69.05	10.2	23.32	28.84	0.0	51.26	39.4	54.04	52.5	24.08	34.18	37.2	36.06	20.4	66.48	56.92	41.04	43.68	66.48	34.18	63.56	53.14	64.4	57.31	42.38	34.18	33.29	42.94	38.42	33.94	4.47	47.07	52.8	37.36	55.32	24.17	36.5	74.32	37.36	62.8	10.77	35.61	16.12	63.66	57.27	21.54	65.12	20.59	60.0	60.17	48.66	56.64	36.88	61.77	41.23	50.99	50.92	63.32	62.3	24.41	67.12	30.89	15.23	51.31	52.01	20.52	66.27	51.62	13.89	20.22	66.84
14	46.04	30.07	12.65	25.06	62.8	71.02	73.76	79.7	77.67	36.06	60.17	68.26	76.55	51.26	0.0	62.77	61.61	52.61	50.36	61.61	84.88	62.1	58.14	20.59	36.5	49.4	43.27	44.27	38.63	14.56	2.0	35.44	37.74	32.98	61.61	20.0	88.09	53.67	72.25	48.08	47.2	39.7	79.25	61.19	75.39	76.37	52.0	79.25	20.1	52.61	76.11	56.14	62.03	31.05	67.68	62.0	71.69	54.0	10.2	63.53	20.88	28.64	13.42	82.02	4.47	71.59	42.45	11.18	72.72	17.8	63.64	63.15	11.18	50.49	70.24	21.63	45.18	61.0	31.76	60.13
15	17.09	89.2	55.32	43.17	23.41	76.16	80.62	53.25	58.14	57.27	46.04	60.0	34.18	39.4	62.77	0.0	18.97	24.08	62.64	73.54	38.47	75.39	20.0	66.6	42.05	16.12	78.1	47.54	68.12	67.94	63.81	90.71	86.83	32.56	73.54	55.32	36.06	10.0	72.11	42.38	82.22	84.21	26.0	20.88	46.04	22.0	52.35	26.0	81.44	50.16	72.8	55.46	31.05	46.65	28.84	32.98	42.8	32.0	66.84	87.36	78.43	34.41	76.16	26.31	65.3	90.25	44.92	70.6	34.0	80.45	70.21	51.61	69.46	25.32	36.62	65.3	29.41	51.31	39.2	36.5
16	25.06	90.8	51.26	48.66	4.47	91.21	95.6	71.69	76.03	45.34	62.23	76.37	53.14	54.04	61.61	18.97	0.0	10.0	75.18	87.13	57.27	88.84	37.2	59.36	31.24	14.56	86.83	33.29	77.2	62.61	62.1	94.09	92.2	28.64	87.13	60.3	54.15	15.62	87.86	56.04	91.21	90.8	44.41	2.0	64.5	40.45	36.06	44.41	81.58	64.4	89.11	70.0	12.17	37.2	47.41	14.14	61.06	15.23	62.77	99.32	80.4	34.06	74.73	44.05	65.12	103.45	31.4	66.85	52.8	78.11	84.63	67.88	70.58	12.21	55.07	57.69	18.03	67.21	47.13	18.0
17	22.8	82.22	41.76	42.38	10.2	89.11	93.38	73.54	76.94	35.61	61.61	75.6	56.89	52.5	52.61	24.08	10.0	0.0	71.61	84.02	62.13	85.6	38.63	49.4	21.26	11.66	80.99	24.17	71.69	52.8	52.95	86.02	84.85	20.0	84.02	53.37	60.13	16.49	86.37	53.74	85.44	83.95	50.04	8.94	66.48	46.04	28.28	50.04	72.69	62.23	88.09	67.88	11.66	27.2	50.0	12.81	62.77	8.25	53.14	95.02	72.03	26.31	65.51	50.36	56.32	99.86	21.95	57.25	55.79	68.68	82.13	67.2	62.07	2.24	57.25	47.71	8.06	66.22	42.06	14.42
18	50.12	53.67	56.92	33.29	78.89	20.88	24.17	39.7	34.06	78.71	23.41	21.63	50.0	24.08	50.36	62.64	75.18	71.61	0.0	12.81	57.58	14.14	44.41	69.86	70.0	61.06	22.8	80.0	16.12	64.78	52.35	48.83	39.7	56.64	12.81	30.59	64.56	59.93	22.0	20.4	25.06	33.94	60.53	76.16	39.45	60.13	88.41	60.53	53.85	14.14	26.08	11.66	83.23	68.26	44.41	84.4	37.58	78.1	60.53	24.74	46.17	49.68	56.32	64.5	48.04	28.3	77.01	61.13	45.61	61.52	13.34	21.63	45.18	70.6	40.8	70.34	68.68	19.72	30.41	85.28
19	62.13	60.17	69.08	46.04	90.97	10.2	12.17	41.23	34.0	91.3	30.07	21.54	56.14	34.18	61.61	73.54	87.13	84.02	12.81	0.0	62.8	2.0	54.41	81.61	82.8	73.24	26.0	92.8	24.0	76.16	63.56	53.85	43.86	69.43	0.0	42.38	70.46	71.69	14.42	31.3	26.08	37.58	68.03	88.2	43.17	68.26	101.21	68.03	62.29	23.41	18.87	18.44	95.6	80.99	52.15	96.83	42.43	90.69	71.81	16.49	54.33	62.48	66.03	72.03	58.86	16.76	89.81	72.01	52.04	71.0	5.83	26.08	55.15	83.1	47.04	82.22	81.34	25.0	43.19	97.84
20	45.12	103.48	82.29	60.0	61.61	60.0	64.03	24.74	32.56	91.78	34.18	42.05	8.49	37.2	84.88	38.47	57.27	62.13	57.58	62.8	0.0	64.78	27.86	95.85	76.94	52.04	79.62	84.21	70.71	94.83	86.53	101.61	94.34	64.03	62.8	69.31	8.25	46.0	54.04	41.62	82.46	89.55	13.42	59.23	20.0	17.09	90.0	13.42	99.04	43.86	52.35	46.17	69.43	80.05	17.2	71.39	20.4	70.26	92.28	79.25	93.38	62.03	96.83	15.62	85.6	78.16	81.3	95.19	12.81	102.0	57.43	36.88	87.11	63.03	17.0	95.08	66.07	38.33	53.41	74.97
21	63.81	59.67	69.86	47.2	92.65	10.77	12.0	43.08	35.78	92.28	32.06	23.41	58.14	36.06	62.1	75.39	88.84	85.6	14.14	2.0	64.78	0.0	56.32	82.22	84.02	74.89	25.3	94.02	24.08	76.66	64.03	53.14	43.08	70.77	2.0	43.08	72.44	73.43	15.62	33.11	25.06	36.77	70.03	89.89	45.12	70.26	102.45	70.03	62.13	25.3	20.0	20.4	97.2	82.1	54.15	98.41	44.41	92.2	72.28	14.56	54.15	63.78	66.12	74.03	59.23	14.87	91.05	72.37	54.04	71.03	7.62	28.07	55.33	84.65	49.04	82.87	82.81	27.0	44.55	99.36
22	18.0	79.92	54.59	34.06	41.62	56.36	60.83	34.93	38.83	64.5	26.08	40.0	20.4	20.4	58.14	20.0	37.2	38.63	44.41	54.41	27.86	56.32	0.0	68.03	50.04	27.2	62.51	58.14	52.61	67.23	59.67	79.62	74.0	36.5	54.41	44.94	30.0	22.36	52.15	24.08	66.27	70.34	21.26	38.83	27.86	18.87	64.78	21.26	74.03	31.05	52.8	36.06	48.37	52.61	12.0	50.12	24.17	46.82	64.9	69.05	69.34	34.18	70.71	24.41	59.4	71.17	55.08	68.01	18.0	75.69	50.7	31.62	61.85	38.9	18.68	67.23	40.61	31.38	28.02	52.8
23	52.15	44.72	14.14	40.05	59.06	90.71	93.68	95.04	94.19	20.1	76.24	86.09	88.02	66.48	20.59	66.6	59.36	49.4	69.86	81.61	95.85	82.22	68.03	0.0	28.64	50.91	63.81	32.25	59.09	7.21	18.87	52.15	56.64	34.06	81.61	39.29	97.53	56.64	91.41	64.12	67.68	59.46	87.82	58.31	89.82	84.38	38.05	87.82	34.0	70.03	95.04	74.24	55.71	22.36	79.12	55.03	85.91	47.54	11.31	84.12	38.42	34.0	25.06	89.89	24.41	92.14	31.78	13.89	84.76	25.0	83.2	80.02	30.48	47.17	83.24	2.0	41.34	78.01	46.27	51.92
24	32.06	66.48	24.08	36.88	30.53	89.89	93.74	82.87	84.4	15.23	67.05	79.85	70.26	56.92	36.5	42.05	31.24	21.26	70.0	82.8	76.94	84.02	50.04	28.64	0.0	26.0	73.24	10.0	65.3	32.98	36.22	71.81	72.8	14.56	82.8	44.41	76.66	32.31	88.59	56.46	77.67	73.35	66.48	30.0	76.42	62.64	18.44	66.48	56.14	64.4	91.24	69.77	27.2	6.32	62.03	26.68	72.44	18.97	34.23	90.55	57.27	20.59	48.0	67.68	40.79	96.94	7.07	38.33	68.03	50.25	82.38	72.11	47.3	19.1	68.07	26.83	13.45	70.58	39.96	24.08
25	11.31	77.67	40.5	34.23	17.89	77.9	82.22	62.03	65.3	41.23	50.0	64.03	46.17	41.04	49.4	16.12	14.56	11.66	61.06	73.24	52.04	74.89	27.2	50.91	26.0	0.0	72.28	32.25	62.64	52.8	50.16	80.4	78.03	17.2	73.24	46.04	50.99	6.32	74.97	42.52	76.66	76.42	40.79	15.23	55.03	36.88	38.05	40.79	68.96	50.99	76.58	56.64	22.63	30.53	38.83	24.08	51.26	19.7	52.15	84.97	67.08	20.88	62.77	41.76	52.5	89.36	29.43	56.08	44.72	66.64	71.06	55.61	57.49	11.7	45.88	49.52	14.04	54.67	32.57	26.08
26	62.8	34.53	53.81	38.63	89.84	36.06	36.88	62.48	56.57	77.79	45.65	43.86	71.69	43.68	43.27	78.1	86.83	80.99	22.8	26.0	79.62	25.3	62.51	63.81	73.24	72.28	0.0	82.8	10.0	57.31	44.94	27.86	17.89	62.61	26.0	28.84	86.16	72.99	40.25	39.29	4.47	11.66	81.04	87.36	62.13	80.05	91.21	81.04	38.21	35.78	44.72	34.41	92.48	69.66	65.15	93.23	60.03	85.91	52.84	20.88	30.27	55.46	43.68	84.9	39.45	29.61	80.21	51.89	67.23	48.05	30.89	44.41	34.01	79.48	62.65	64.9	76.06	42.44	39.81	93.04
27	40.2	73.76	31.62	46.86	31.24	99.86	103.73	91.78	93.68	13.42	76.55	89.55	78.0	66.48	44.27	47.54	33.29	24.17	80.0	92.8	84.21	94.02	58.14	32.25	10.0	32.25	82.8	0.0	75.07	38.0	43.68	79.7	81.44	24.17	92.8	54.04	83.19	38.47	98.49	66.21	87.2	82.37	72.99	31.62	85.16	69.05	8.49	72.99	63.15	74.24	101.07	79.65	25.61	13.42	70.11	24.41	81.22	18.44	40.2	100.42	65.15	30.53	54.59	73.76	48.7	106.89	3.16	44.1	76.11	56.08	92.36	81.71	55.36	22.47	76.53	30.27	18.25	80.23	49.93	20.59
28	52.95	37.58	47.71	29.53	80.32	34.06	36.06	55.17	50.0	71.22	37.2	37.74	62.61	34.18	38.63	68.12	77.2	71.69	16.12	24.0	70.71	24.08	52.61	59.09	65.3	62.64	10.0	75.07	0.0	53.14	40.5	32.8	24.08	53.85	24.0	21.26	76.97	63.15	36.88	29.73	14.14	18.87	71.47	77.79	54.04	70.34	83.55	71.47	38.47	27.2	41.23	26.91	83.26	62.23	55.71	84.1	51.61	76.94	48.7	25.61	30.59	46.65	42.05	75.29	35.44	33.12	72.35	48.51	58.14	47.0	27.46	36.77	31.26	70.26	53.71	59.93	67.12	34.66	30.08	84.12
29	52.5	37.58	12.81	36.88	62.77	85.51	88.29	92.2	90.8	26.68	72.99	82.02	86.76	63.56	14.56	67.94	62.61	52.8	64.78	76.16	94.83	76.66	67.23	7.21	32.98	52.8	57.31	38.0	53.14	0.0	12.65	44.94	49.52	35.61	76.16	34.23	97.1	58.14	86.58	60.83	61.06	52.5	87.66	61.74	87.36	84.4	44.41	87.66	26.83	66.12	90.35	70.0	60.17	26.68	77.82	59.67	83.52	51.92	4.47	77.82	31.24	34.06	17.89	90.0	17.89	86.01	37.12	6.71	83.26	18.25	78.09	76.42	23.6	50.57	81.34	8.94	44.78	74.33	43.42	56.89
30	47.2	30.27	12.17	26.83	63.15	72.99	75.71	81.61	79.62	34.99	62.1	70.26	78.23	53.14	2.0	63.81	62.1	52.95	52.35	63.56	86.53	64.03	59.67	18.87	36.22	50.16	44.94	43.68	40.5	12.65	0.0	36.06	38.83	33.53	63.56	22.0	89.64	54.59	74.24	50.0	48.83	41.04	80.72	61.61	77.25	77.79	51.26	80.72	20.0	54.59	78.1	58.14	62.13	30.59	69.34	62.03	73.54	54.04	8.25	65.3	21.54	29.53	12.65	83.45	5.66	73.41	41.98	9.22	74.43	16.64	65.62	65.12	12.21	50.8	72.01	20.0	45.4	62.97	33.54	60.03
31	73.76	8.94	48.08	47.54	96.0	63.91	64.56	87.86	82.8	70.68	69.31	70.46	93.23	64.4	35.44	90.71	94.09	86.02	48.83	53.85	101.61	53.14	79.62	52.15	71.81	80.4	27.86	79.7	32.8	44.94	36.06	0.0	10.2	66.03	53.85	35.44	107.07	83.19	68.03	60.0	28.64	16.49	100.24	94.02	86.28	98.39	87.32	100.24	18.44	59.4	72.5	59.67	96.33	66.48	85.44	96.52	83.55	88.57	41.18	46.17	14.56	60.03	27.2	103.77	31.05	55.15	77.88	38.28	88.81	29.0	58.6	69.43	24.52	84.05	84.81	53.85	79.23	67.27	52.2	95.04
32	70.26	18.11	50.12	44.05	94.53	53.85	54.41	79.2	73.76	73.78	61.22	61.22	86.09	57.31	37.74	86.83	92.2	84.85	39.7	43.86	94.34	43.08	74.0	56.64	72.8	78.03	17.89	81.44	24.08	49.52	38.83	10.2	0.0	65.12	43.86	32.0	100.24	80.1	58.14	52.84	18.44	6.32	94.02	92.35	78.1	92.48	89.44	94.02	25.06	51.22	62.61	50.91	95.71	68.03	78.71	96.1	75.6	88.29	45.34	36.06	18.44	58.55	32.8	97.69	33.29	45.04	79.31	43.14	81.63	35.85	48.76	60.83	26.63	83.02	77.39	58.14	78.64	58.73	47.68	95.08
33	18.97	62.29	23.32	24.41	30.07	76.03	80.0	68.47	69.86	28.07	52.5	65.39	56.89	42.38	32.98	32.56	28.64	20.0	56.64	69.43	64.03	70.77	36.5	34.06	14.56	17.2	62.61	24.17	53.85	35.61	33.53	66.03	65.12	0.0	69.43	34.18	64.62	22.63	74.43	42.05	67.08	64.56	54.63	28.28	62.13	50.99	32.25	54.63	52.95	50.12	76.94	55.57	30.59	16.12	48.37	31.05	58.14	23.41	34.99	78.41	52.04	7.21	46.17	56.36	36.5	84.22	21.02	38.95	54.33	49.77	68.6	57.58	42.11	18.03	54.01	32.8	13.6	56.08	26.25	30.46
34	62.13	60.17	69.08	46.04	90.97	10.2	12.17	41.23	34.0	91.3	30.07	21.54	56.14	34.18	61.61	73.54	87.13	84.02	12.81	0.0	62.8	2.0	54.41	81.61	82.8	73.24	26.0	92.8	24.0	76.16	63.56	53.85	43.86	69.43	0.0	42.38	70.46	71.69	14.42	31.3	26.08	37.58	68.03	88.2	43.17	68.26	101.21	68.03	62.29	23.41	18.87	18.44	95.6	80.99	52.15	96.83	42.43	90.69	71.81	16.49	54.33	62.48	66.03	72.03	58.86	16.76	89.81	72.01	52.04	71.0	5.83	26.08	55.15	83.1	47.04	82.22	81.34	25.0	43.19	97.84
35	38.47	34.99	26.83	12.17	62.8	51.42	54.41	60.93	58.24	50.0	41.23	48.37	60.83	33.29	20.0	55.32	60.3	53.37	30.59	42.38	69.31	43.08	44.94	39.29	44.41	46.04	28.84	54.04	21.26	34.23	22.0	35.44	32.0	34.18	42.38	0.0	73.76	48.17	52.35	29.53	33.29	30.59	66.03	60.53	57.31	63.81	62.48	66.03	29.73	32.98	56.14	36.22	64.56	41.04	52.35	65.15	53.85	57.58	30.07	46.86	24.41	27.2	28.64	69.34	18.44	54.08	51.4	31.06	56.64	34.01	43.93	43.68	18.03	51.66	53.41	39.85	47.76	41.48	17.0	64.62
36	45.69	108.41	84.38	63.66	58.31	68.03	72.11	32.98	40.79	91.76	41.23	50.0	14.56	42.94	88.09	36.06	54.15	60.13	64.56	70.46	8.25	72.44	30.0	97.53	76.66	50.99	86.16	83.19	76.97	97.1	89.64	107.07	100.24	64.62	70.46	73.76	0.0	44.72	62.13	47.41	89.2	95.71	10.2	56.14	28.07	14.14	88.36	10.2	103.32	50.6	60.53	53.37	66.27	80.32	21.63	68.26	28.07	68.03	94.87	86.83	98.08	63.53	100.5	10.2	89.2	86.05	80.41	98.01	18.97	105.55	65.19	44.41	91.24	61.29	23.77	96.6	64.94	45.71	57.28	72.11
37	10.2	81.04	45.61	36.06	19.8	75.6	80.0	57.27	61.06	47.54	46.69	60.83	40.45	38.42	53.67	10.0	15.62	16.49	59.93	71.69	46.0	73.43	22.36	56.64	32.31	6.32	72.99	38.47	63.15	58.14	54.59	83.19	80.1	22.63	71.69	48.17	44.72	0.0	72.25	40.5	77.28	78.03	34.53	16.97	50.16	30.59	44.0	34.53	72.8	48.83	73.54	54.41	26.08	36.72	33.53	27.78	46.52	24.74	57.2	84.31	70.34	25.06	67.08	35.44	56.46	88.12	35.69	61.03	39.29	71.2	69.07	52.35	61.03	17.12	40.85	55.32	20.22	51.62	33.24	30.46
38	63.66	74.0	78.1	53.14	92.02	6.32	10.0	30.27	22.36	98.79	26.08	12.65	48.66	33.94	72.25	72.11	87.86	86.37	22.0	14.42	54.04	15.62	52.15	91.41	88.59	74.97	40.25	98.49	36.88	86.58	74.24	68.03	58.14	74.43	14.42	52.35	62.13	72.25	0.0	32.8	40.5	51.88	61.61	89.2	34.06	62.64	106.68	61.61	75.31	24.41	4.47	18.87	97.59	87.73	46.82	99.04	34.53	93.72	82.39	28.84	67.47	68.0	78.23	65.51	70.03	25.0	95.38	83.1	45.12	83.38	9.49	20.59	67.12	85.8	40.26	91.78	85.0	20.81	48.75	100.66
39	31.24	62.23	50.04	24.08	60.0	35.38	39.7	31.62	30.07	67.91	12.17	23.41	33.29	4.47	48.08	42.38	56.04	53.74	20.4	31.3	41.62	33.11	24.08	64.12	56.46	42.52	39.29	66.21	29.73	60.83	50.0	60.0	52.84	42.05	31.3	29.53	47.41	40.5	32.8	0.0	42.76	48.33	41.76	57.2	27.78	40.79	74.24	41.76	58.82	8.49	34.99	14.14	65.12	56.32	26.0	66.48	24.41	60.96	57.27	45.12	52.5	36.06	58.14	45.61	47.54	47.93	63.07	59.2	28.84	63.51	28.6	16.12	47.51	53.08	24.84	64.03	52.2	14.32	18.03	67.94
40	67.08	36.06	58.0	43.08	94.25	35.78	36.06	64.4	58.14	82.02	48.33	45.34	74.67	47.07	47.2	82.22	91.21	85.44	25.06	26.08	82.46	25.06	66.27	67.68	77.67	76.66	4.47	87.2	14.14	61.06	48.83	28.64	18.44	67.08	26.08	33.29	89.2	77.28	40.5	42.76	0.0	12.17	84.4	91.76	64.5	83.55	95.6	84.4	40.79	38.63	44.94	36.72	96.93	74.03	68.41	97.69	62.61	90.38	56.6	18.11	32.98	59.93	46.82	88.29	43.27	27.07	84.63	55.47	70.23	50.96	31.4	46.65	37.59	83.93	65.55	68.82	80.53	44.78	44.15	97.51
41	68.0	24.0	51.61	42.19	93.38	47.54	48.08	73.59	67.94	75.6	56.04	55.32	81.41	52.8	39.7	84.21	90.8	83.95	33.94	37.58	89.55	36.77	70.34	59.46	73.35	76.42	11.66	82.37	18.87	52.5	41.04	16.49	6.32	64.56	37.58	30.59	95.71	78.03	51.88	48.33	12.17	0.0	89.89	91.08	72.8	88.54	90.55	89.89	29.73	46.04	56.36	45.34	95.08	68.96	74.32	95.6	70.46	87.93	48.17	30.0	22.36	57.72	36.72	93.64	35.38	39.0	80.06	46.4	76.94	40.31	42.54	55.32	29.0	82.23	72.56	60.83	78.16	53.26	45.04	94.87
42	35.78	100.96	74.89	55.32	48.66	67.08	71.39	34.99	42.05	81.61	38.0	49.03	13.42	37.36	79.25	26.0	44.41	50.04	60.53	68.03	13.42	70.03	21.26	87.82	66.48	40.79	81.04	72.99	71.47	87.66	80.72	100.24	94.02	54.63	68.03	66.03	10.2	34.53	61.61	41.76	84.4	89.89	0.0	46.39	28.64	4.0	78.23	0.0	95.27	46.39	60.73	50.04	56.57	70.23	16.12	58.55	27.2	58.0	85.6	84.02	90.44	53.85	91.93	4.0	80.62	84.29	70.21	88.87	16.49	96.88	63.2	42.19	83.1	51.16	21.38	86.83	54.74	43.05	49.2	62.29
43	26.08	90.55	50.6	49.03	2.83	92.46	96.83	73.43	77.67	43.86	63.66	77.79	55.03	55.32	61.19	20.88	2.0	8.94	76.16	88.2	59.23	89.89	38.83	58.31	30.0	15.23	87.36	31.62	77.79	61.74	61.61	94.02	92.35	28.28	88.2	60.53	56.14	16.97	89.2	57.2	91.76	91.08	46.39	0.0	66.24	42.43	34.18	46.39	81.22	65.6	90.51	71.22	10.2	36.06	49.19	12.17	62.77	13.42	62.03	100.18	80.22	34.0	74.22	46.04	64.78	104.45	29.83	66.13	54.63	77.49	85.8	69.31	70.35	11.18	56.82	56.6	17.0	68.59	47.76	16.0
44	45.12	89.38	75.71	50.6	68.96	40.0	44.05	7.21	13.42	90.02	16.97	22.09	15.23	24.17	75.39	46.04	64.5	66.48	39.45	43.17	20.0	45.12	27.86	89.82	76.42	55.03	62.13	85.16	54.04	87.36	77.25	86.28	78.1	62.13	43.17	57.31	28.07	50.16	34.06	27.78	64.5	72.8	28.64	66.24	0.0	30.53	92.2	28.64	86.53	26.91	32.56	27.78	76.03	78.03	17.2	77.82	4.0	74.67	84.12	59.67	80.0	58.03	85.88	32.31	75.15	58.22	82.04	86.38	12.81	91.24	37.66	17.89	75.29	66.73	9.43	89.44	68.15	19.72	43.97	80.62
45	32.25	98.79	71.61	52.8	44.72	67.91	72.28	37.2	43.91	77.79	38.21	50.0	15.62	36.5	76.37	22.0	40.45	46.04	60.13	68.26	17.09	70.26	18.87	84.38	62.64	36.88	80.05	69.05	70.34	84.4	77.79	98.39	92.48	50.99	68.26	63.81	14.14	30.59	62.64	40.79	83.55	88.54	4.0	42.43	30.53	0.0	74.24	4.0	92.8	46.04	62.03	50.04	52.61	66.48	16.12	54.59	28.64	54.0	82.46	84.02	88.2	50.48	89.2	5.66	77.9	84.72	66.29	85.8	17.89	94.07	63.64	42.76	80.6	47.17	22.47	83.35	50.8	43.42	46.87	58.31
46	47.07	81.04	39.4	55.32	33.11	108.17	112.07	98.95	101.19	18.0	84.31	97.51	84.21	74.32	52.0	52.35	36.06	28.28	88.41	101.21	90.0	102.45	64.78	38.05	18.44	38.05	91.21	8.49	83.55	44.41	51.26	87.32	89.44	32.25	101.21	62.48	88.36	44.0	106.68	74.24	95.6	90.55	78.23	34.18	92.2	74.24	0.0	78.23	70.34	82.37	109.18	87.82	26.08	21.63	76.66	24.41	88.29	20.88	47.07	108.9	72.8	38.83	61.61	78.64	56.46	115.36	11.4	50.8	82.61	62.65	100.69	89.55	63.16	27.07	83.36	36.06	24.19	88.14	58.25	20.0
47	35.78	100.96	74.89	55.32	48.66	67.08	71.39	34.99	42.05	81.61	38.0	49.03	13.42	37.36	79.25	26.0	44.41	50.04	60.53	68.03	13.42	70.03	21.26	87.82	66.48	40.79	81.04	72.99	71.47	87.66	80.72	100.24	94.02	54.63	68.03	66.03	10.2	34.53	61.61	41.76	84.4	89.89	0.0	46.39	28.64	4.0	78.23	0.0	95.27	46.39	60.73	50.04	56.57	70.23	16.12	58.55	27.2	58.0	85.6	84.02	90.44	53.85	91.93	4.0	80.62	84.29	70.21	88.87	16.49	96.88	63.2	42.19	83.1	51.16	21.38	86.83	54.74	43.05	49.2	62.29
48	64.4	10.77	32.06	40.0	82.87	72.44	74.11	89.55	85.91	53.14	69.97	74.67	90.55	62.8	20.1	81.44	81.58	72.69	53.85	62.29	99.04	62.13	74.03	34.0	56.14	68.96	38.21	63.15	38.47	26.83	20.0	18.44	25.06	52.95	62.29	29.73	103.32	72.8	75.31	58.82	40.79	29.73	95.27	81.22	86.53	92.8	70.34	95.27	0.0	60.83	79.62	62.77	82.1	50.36	82.02	82.02	83.23	74.03	23.41	58.86	8.0	48.08	8.94	98.41	16.49	67.74	61.66	20.12	86.37	10.82	65.92	71.55	12.21	70.58	83.1	35.78	65.28	69.32	46.1	80.02
49	39.7	62.8	56.14	30.27	68.41	26.91	31.24	28.84	25.3	75.29	10.0	16.12	36.06	10.77	52.61	50.16	64.4	62.23	14.14	23.41	43.86	25.3	31.05	70.03	64.4	50.99	35.78	74.24	27.2	66.12	54.59	59.4	51.22	50.12	23.41	32.98	50.6	48.83	24.41	8.49	38.63	46.04	46.39	65.6	26.91	46.04	82.37	46.39	60.83	0.0	26.83	5.66	73.59	63.91	30.27	74.97	24.41	69.43	62.29	38.21	53.85	43.86	61.35	50.36	51.42	40.16	71.12	63.79	31.62	66.73	20.25	10.77	50.33	61.55	26.93	70.11	60.61	8.54	25.0	76.42
50	65.3	78.43	81.58	56.32	93.34	10.0	12.65	28.0	20.0	101.84	26.91	12.81	47.54	35.61	76.11	72.8	89.11	88.09	26.08	18.87	52.35	20.0	52.8	95.04	91.24	76.58	44.72	101.07	41.23	90.35	78.1	72.5	62.61	76.94	18.87	56.14	60.53	73.54	4.47	34.99	44.94	56.36	60.73	90.51	32.56	62.03	109.18	60.73	79.62	26.83	0.0	21.54	99.16	90.62	46.52	100.66	33.53	95.6	86.21	32.8	71.81	70.68	82.39	64.56	74.0	28.23	97.95	87.02	44.27	87.57	13.93	21.26	71.25	87.62	39.56	95.35	87.09	21.93	51.62	102.45
51	45.34	63.81	60.53	34.93	74.03	21.26	25.61	28.28	23.32	80.32	12.17	12.17	38.83	16.12	56.14	55.46	70.0	67.88	11.66	18.44	46.17	20.4	36.06	74.24	69.77	56.64	34.41	79.65	26.91	70.0	58.14	59.67	50.91	55.57	18.44	36.22	53.37	54.41	18.87	14.14	36.72	45.34	50.04	71.22	27.78	50.04	87.82	50.04	62.77	5.66	21.54	0.0	79.25	69.08	34.0	80.62	26.0	75.07	66.03	34.0	55.46	49.19	64.03	54.04	54.59	35.17	76.54	67.27	34.53	69.38	14.76	10.0	52.89	67.21	29.61	74.43	66.22	8.06	30.08	82.07
52	33.94	92.0	50.36	53.85	8.0	100.5	104.8	83.19	87.13	38.83	72.47	86.56	65.15	63.66	62.03	31.05	12.17	11.66	83.23	95.6	69.43	97.2	48.37	55.71	27.2	22.63	92.48	25.61	83.26	60.17	62.13	96.33	95.71	30.59	95.6	64.56	66.27	26.08	97.59	65.12	96.93	95.08	56.57	10.2	76.03	52.61	26.08	56.57	82.1	73.59	99.16	79.25	0.0	33.53	59.09	2.0	72.47	8.25	61.19	106.68	82.1	37.36	74.43	56.14	66.0	111.5	24.7	65.31	64.62	77.1	93.61	78.1	72.06	13.0	66.64	53.85	17.12	77.23	53.71	6.32
53	34.93	60.83	18.44	34.99	36.72	88.59	92.28	84.21	85.16	12.0	67.47	79.7	72.99	57.27	31.05	46.65	37.2	27.2	68.26	80.99	80.05	82.1	52.61	22.36	6.32	30.53	69.66	13.42	62.23	26.68	30.59	66.48	68.03	16.12	80.99	41.04	80.32	36.72	87.73	56.32	74.03	68.96	70.23	36.06	78.03	66.48	21.63	70.23	50.36	63.91	90.62	69.08	33.53	0.0	64.5	32.98	74.03	25.3	28.07	87.73	51.92	20.4	42.05	71.69	35.44	94.49	11.4	32.14	70.46	44.1	81.01	72.28	42.06	25.0	70.06	20.59	19.21	70.6	39.0	30.27
54	30.0	86.83	65.39	42.8	51.88	51.92	56.32	24.41	29.73	76.42	22.09	34.18	8.94	21.54	67.68	28.84	47.41	50.0	44.41	52.15	17.2	54.15	12.0	79.12	62.03	38.83	65.15	70.11	55.71	77.82	69.34	85.44	78.71	48.37	52.15	52.35	21.63	33.53	46.82	26.0	68.41	74.32	16.12	49.19	17.2	16.12	76.66	16.12	82.02	30.27	46.52	34.0	59.09	64.5	0.0	60.93	14.14	58.24	75.18	68.0	76.58	45.61	79.65	20.1	68.41	68.59	67.07	78.03	6.0	84.81	47.52	26.68	70.04	50.45	7.81	78.43	52.47	27.29	36.24	63.91
55	35.38	92.02	50.16	54.63	10.0	101.86	106.15	84.97	88.84	37.74	74.03	88.09	67.05	65.12	62.0	32.98	14.14	12.81	84.4	96.83	71.39	98.41	50.12	55.03	26.68	24.08	93.23	24.41	84.1	59.67	62.03	96.52	96.1	31.05	96.83	65.15	68.26	27.78	99.04	66.48	97.69	95.6	58.55	12.17	77.82	54.59	24.41	58.55	82.02	74.97	100.66	80.62	2.0	32.98	60.93	0.0	74.24	8.0	60.83	107.7	82.22	37.95	74.24	58.14	66.03	112.65	23.71	64.94	66.48	76.79	94.92	79.65	72.17	13.89	68.45	53.14	17.46	78.75	54.71	4.47
56	41.23	86.37	71.81	46.82	65.51	40.2	44.41	10.77	15.62	86.02	14.42	22.09	14.14	20.59	71.69	42.8	61.06	62.77	37.58	42.43	20.4	44.41	24.17	85.91	72.44	51.26	60.03	81.22	51.61	83.52	73.54	83.55	75.6	58.14	42.43	53.85	28.07	46.52	34.53	24.41	62.61	70.46	27.2	62.77	4.0	28.64	88.29	27.2	83.23	24.41	33.53	26.0	72.47	74.03	14.14	74.24	0.0	70.94	80.32	58.86	76.84	54.04	82.37	31.05	71.55	58.01	78.09	82.64	10.77	87.71	37.12	16.49	71.87	62.97	6.4	85.51	64.29	18.03	40.16	76.97
