vehicles
vehicle_idx, capacity, cost_per_unit_distance
1,100,3
2,100,3
3,100,3
4,100,3
5,100,3
6,100,3
7,100,3
8,100,3
9,100,3
depot
node_idx,x,y
0,61,37
home delivery customers
node_idx,x,y,service_time,demand
1,15,67,10,17
2,53,5,10,6
3,47,37,10,24
4,53,35,10,20
5,85,69,10,16
6,77,79,10,9
7,31,75,10,14
8,63,9,10,19
9,49,3,10,18
10,97,35,10,18
11,31,5,10,15
12,19,45,10,72
13,35,63,10,5
14,27,73,10,14
15,31,21,10,11
16,47,9,10,19
17,21,55,10,20
18,97,23,10,16
19,57,85,10,6
20,51,65,10,27
self pickup customers
node_idx,x,y,service_time,demand,locker_idxs
21,93,57,10,23,71-73
22,13,75,10,22,68-72-64
23,29,73,10,3,68-72-70
24,21,49,10,7,72-70
25,93,43,10,12,75-73
26,25,39,10,16,74
27,45,43,10,18,69-62
28,49,99,10,10,61
29,33,47,10,19,72-70-74
30,49,87,10,2,68-61
31,37,91,10,11,68
32,19,33,10,19,74
33,35,95,10,18,68
34,71,39,10,2,75-73
35,1,77,10,3,64
36,65,23,10,7,66
37,23,71,10,23,68-72
38,53,27,10,18,67-69-66
39,89,23,10,12,75-63
40,91,41,10,15,75
flexible customers
node_idx,x,y,service_time,demand,locker_idxs
41,23,43,10,12,74-72-70
42,23,71,10,24,70-72-68
43,67,45,10,11,75-73-69-67
44,67,13,10,8,75-69-66
45,69,25,10,14,69-73-75-66
46,81,27,10,4,75-73-69-66-63
47,47,37,10,22,73-70-69-67-74
48,39,69,10,9,70-72-68-64
49,87,39,10,18,75-73-63
50,35,25,10,4,74-62
51,79,61,10,12,71-73-67
52,73,73,10,8,65-61
53,5,43,10,12,62
54,87,45,10,16,75-67-73
55,1,49,10,19,62
56,63,73,10,12,61-65
57,79,71,10,10,71-65-61
58,65,47,10,13,75-73-67-69
59,5,81,10,22,64
60,13,49,10,9,72-70-74
lockers
node_idx,x,y,service_time,capacity,cost_per_unit_good
61,65,88,10,80
62,25,15,10,81
63,93,12,10,89
64,22,88,10,88
65,77,88,10,88
66,72,14,10,95
67,60,45,10,89
68,28,85,10,77
69,55,29,10,83
70,34,59,10,75
71,101,72,10,76
72,33,63,10,71
73,73,45,10,97
74,33,44,10,73
75,84,28,10,77
mrt lines
start_node_idx,end_node_idx,freight_capacity,cost_per_unit_good
61,62,81,0.1
62,61,81,0.1
63,64,89,0.1
64,63,89,0.1
distance matrix
,0,1,2,3,4,5,6,7,8,9,10,11,12,13,14,15,16,17,18,19,20,21,22,23,24,25,26,27,28,29,30,31,32,33,34,35,36,37,38,39,40,41,42,43,44,45,46,47,48,49,50,51,52,53,54,55,56,57,58,59,60,61,62,63,64,65,66,67,68,69,70,71,72,73,74,75,
0,0.0,54.92,32.98,14.0,8.25,40.0,44.94,48.41,28.07,36.06,36.06,43.86,42.76,36.77,49.52,34.0,31.3,43.86,38.63,48.17,29.73,37.74,61.22,48.17,41.76,32.56,36.06,17.09,63.15,29.73,51.42,59.09,42.19,63.56,10.2,72.11,14.56,50.99,12.81,31.3,30.27,38.47,50.99,10.0,24.74,14.42,22.36,14.0,38.83,26.08,28.64,30.0,37.95,56.32,27.2,61.19,36.06,38.47,10.77,71.22,49.48,51.16,42.19,40.61,64.2,53.45,25.5,8.06,58.25,10.0,34.83,53.15,38.21,14.42,28.86,24.7
1,54.92,0.0,72.72,43.86,49.68,70.03,63.15,17.89,75.29,72.47,88.02,64.03,22.36,20.4,13.42,48.7,66.24,13.42,93.06,45.69,36.06,78.64,8.25,15.23,18.97,81.61,29.73,38.42,46.69,26.91,39.45,32.56,34.23,34.41,62.61,17.2,66.6,8.94,55.17,86.09,80.32,25.3,8.94,56.46,74.97,68.41,77.18,43.86,24.08,77.25,46.52,64.28,58.31,26.0,75.29,22.8,48.37,64.12,53.85,17.2,18.11,54.23,52.95,95.44,22.14,65.46,77.83,50.09,22.2,55.17,20.62,86.15,18.44,62.03,29.21,79.26
2,32.98,72.72,0.0,32.56,30.0,71.55,77.79,73.38,10.77,4.47,53.25,22.0,52.5,60.73,72.8,27.2,7.21,59.36,47.54,80.1,60.03,65.6,80.62,72.11,54.41,55.17,44.05,38.83,94.09,46.52,82.1,87.48,44.05,91.78,38.47,88.81,21.63,72.5,22.0,40.25,52.35,48.41,72.5,42.38,16.12,25.61,35.61,32.56,65.51,48.08,26.91,61.74,70.88,61.22,52.5,68.12,68.73,70.94,43.68,89.89,59.46,83.86,29.73,40.61,88.6,86.4,21.02,40.61,83.82,24.08,57.25,82.42,61.35,44.72,43.83,38.6
3,14.0,43.86,32.56,0.0,6.32,49.68,51.61,41.23,32.25,34.06,50.04,35.78,29.12,28.64,41.18,22.63,28.0,31.62,51.92,49.03,28.28,50.16,50.99,40.25,28.64,46.39,22.09,6.32,62.03,17.2,50.04,54.92,28.28,59.23,24.08,60.96,22.8,41.62,11.66,44.27,44.18,24.74,41.62,21.54,31.24,25.06,35.44,0.0,32.98,40.05,16.97,40.0,44.41,42.43,40.79,47.54,39.4,46.69,20.59,60.83,36.06,54.08,31.11,52.35,56.8,59.17,33.97,15.26,51.62,11.31,25.55,64.35,29.53,27.2,15.65,38.08
4,8.25,49.68,30.0,6.32,0.0,46.69,50.12,45.65,27.86,32.25,44.0,37.2,35.44,33.29,46.04,26.08,26.68,37.74,45.61,50.16,30.07,45.65,56.57,44.94,34.93,40.79,28.28,11.31,64.12,23.32,52.15,58.24,34.06,62.64,18.44,66.84,16.97,46.86,8.0,37.95,38.47,31.05,46.86,17.2,26.08,18.87,29.12,6.32,36.77,34.23,20.59,36.77,42.94,48.66,35.44,53.85,39.29,44.41,16.97,66.48,42.38,54.34,34.41,46.14,61.4,58.18,28.32,12.21,55.9,6.32,30.61,60.61,34.41,22.36,21.93,31.78
5,40.0,70.03,71.55,49.68,46.69,0.0,12.81,54.33,63.91,75.18,36.06,83.74,70.23,50.36,58.14,72.25,71.02,65.51,47.54,32.25,34.23,14.42,72.25,56.14,67.05,27.2,67.08,47.71,46.86,56.46,40.25,52.8,75.18,56.36,33.11,84.38,50.16,62.03,52.8,46.17,28.64,67.23,62.03,30.0,58.82,46.82,42.19,49.68,46.0,30.07,66.6,10.0,12.65,84.12,24.08,86.35,22.36,6.32,29.73,80.89,74.73,27.59,80.72,57.56,65.8,20.62,56.52,34.66,59.2,50.0,51.97,16.28,52.35,26.83,57.7,41.01
6,44.94,63.15,77.79,51.61,50.12,12.81,0.0,46.17,71.39,80.99,48.33,87.13,67.23,44.94,50.36,74.03,76.16,60.93,59.46,20.88,29.53,27.2,64.12,48.37,63.53,39.4,65.6,48.17,34.41,54.41,29.12,41.76,74.03,44.94,40.45,76.03,57.27,54.59,57.27,57.27,40.5,64.9,54.59,35.44,66.75,54.59,52.15,51.61,39.29,41.23,68.41,18.11,7.21,80.5,35.44,81.71,15.23,8.25,34.18,72.03,70.68,15.0,82.46,68.88,55.73,9.0,65.19,38.01,49.37,54.63,47.42,25.0,46.82,34.23,56.22,51.48
7,48.41,17.89,73.38,41.23,45.65,54.33,46.17,0.0,73.35,74.22,77.18,70.0,32.31,12.65,4.47,54.0,67.91,22.36,84.02,27.86,22.36,64.56,18.0,2.83,27.86,69.77,36.5,34.93,30.0,28.07,21.63,17.09,43.68,20.4,53.81,30.07,62.13,8.94,52.8,77.9,68.96,32.98,8.94,46.86,71.69,62.8,69.31,41.23,10.0,66.57,50.16,50.0,42.05,41.23,63.53,39.7,32.06,48.17,44.05,26.68,31.62,36.4,60.3,88.39,15.81,47.8,73.5,41.73,10.44,51.88,16.28,70.06,12.17,51.61,31.06,70.84
8,28.07,75.29,10.77,32.25,27.86,63.91,71.39,73.35,0.0,15.23,42.8,32.25,56.85,60.83,73.43,34.18,16.0,62.29,36.77,76.24,57.27,56.6,82.8,72.47,58.0,45.34,48.41,38.47,91.08,48.41,79.25,86.02,50.12,90.44,31.05,92.02,14.14,73.78,20.59,29.53,42.52,52.5,73.78,36.22,5.66,17.09,25.46,32.25,64.62,38.42,32.25,54.41,64.78,67.23,43.27,73.78,64.0,64.03,38.05,92.46,64.03,79.03,38.47,30.15,89.01,80.23,10.3,36.12,83.67,21.54,57.8,73.57,61.77,37.36,46.1,28.32
9,36.06,72.47,4.47,34.06,32.25,75.18,80.99,74.22,15.23,0.0,57.69,18.11,51.61,61.61,73.38,25.46,6.32,59.06,52.0,82.39,62.03,69.66,80.5,72.8,53.85,59.46,43.27,40.2,96.0,46.82,84.0,88.81,42.43,93.06,42.19,88.2,25.61,72.8,24.33,44.72,56.64,47.71,72.8,45.69,20.59,29.73,40.0,34.06,66.75,52.35,26.08,65.3,74.0,59.46,56.64,66.48,71.39,74.32,46.82,89.55,58.41,86.49,26.83,44.91,89.19,89.49,25.5,43.42,84.65,26.68,57.97,86.4,62.1,48.37,44.01,43.01
10,36.06,88.02,53.25,50.04,44.0,36.06,48.33,77.18,42.8,57.69,0.0,72.5,78.64,68.03,79.65,67.47,56.36,78.59,12.0,64.03,54.92,22.36,93.04,77.9,77.28,8.94,72.11,52.61,80.0,65.12,70.77,82.07,78.03,86.28,26.31,104.79,34.18,82.29,44.72,14.42,8.49,74.43,82.29,31.62,37.2,29.73,17.89,50.04,67.23,10.77,62.8,31.62,44.94,92.35,14.14,97.02,50.99,40.25,34.18,102.86,85.16,61.91,74.73,23.35,91.84,56.65,32.65,38.33,85.21,42.43,67.42,37.22,69.86,26.0,64.63,14.76
11,43.86,64.03,22.0,35.78,37.2,83.74,87.13,70.0,32.25,18.11,72.5,0.0,41.76,58.14,68.12,16.0,16.49,50.99,68.41,84.12,63.25,80.92,72.28,68.03,45.12,72.72,34.53,40.5,95.71,42.05,83.95,86.21,30.46,90.09,52.5,78.0,38.47,66.48,31.11,60.73,69.97,38.83,66.48,53.81,36.88,42.94,54.63,35.78,64.5,65.51,20.4,73.76,79.92,46.04,68.82,53.25,75.15,81.61,54.04,80.32,47.54,89.69,11.66,62.39,83.49,94.89,41.98,49.41,80.06,33.94,54.08,96.9,58.03,58.0,39.05,57.78
12,42.76,22.36,52.5,29.12,35.44,70.23,67.23,32.31,56.85,51.61,78.64,41.76,0.0,24.08,29.12,26.83,45.61,10.2,81.04,55.17,37.74,74.97,30.59,29.73,4.47,74.03,8.49,26.08,61.77,14.14,51.61,49.4,12.0,52.5,52.35,36.72,50.99,26.31,38.47,73.38,72.11,4.47,26.31,48.0,57.69,53.85,64.56,29.12,31.24,68.26,25.61,62.1,60.83,14.14,68.0,18.44,52.15,65.39,46.04,38.63,7.21,62.97,30.59,81.02,43.1,72.2,61.4,41.0,41.0,39.4,20.52,86.33,22.8,54.0,14.04,67.19
13,36.77,20.4,60.73,28.64,33.29,50.36,44.94,12.65,60.83,61.61,68.03,58.14,24.08,0.0,12.81,42.19,55.32,16.12,73.78,31.11,16.12,58.31,25.06,11.66,19.8,61.35,26.0,22.36,38.63,16.12,27.78,28.07,34.0,32.0,43.27,36.77,50.0,14.42,40.25,67.2,60.17,23.32,14.42,36.72,59.36,50.99,58.41,28.64,7.21,57.27,38.0,44.05,39.29,36.06,55.03,36.77,29.73,44.72,34.0,34.99,26.08,39.05,49.03,77.23,28.18,48.88,61.4,30.81,23.09,39.45,4.12,66.61,2.0,42.05,19.1,60.22
14,49.52,13.42,72.8,41.18,46.04,58.14,50.36,4.47,73.43,73.38,79.65,68.12,29.12,12.81,0.0,52.15,67.05,18.97,86.02,32.31,25.3,67.91,14.14,2.0,24.74,72.5,34.06,34.99,34.06,26.68,26.08,20.59,40.79,23.41,55.61,26.31,62.8,4.47,52.84,79.65,71.55,30.27,4.47,48.83,72.11,63.78,70.94,41.18,12.65,68.96,48.66,53.37,46.0,37.2,66.21,35.38,36.0,52.04,46.04,23.41,27.78,40.85,58.03,89.87,15.81,52.2,74.2,43.28,12.04,52.15,15.65,74.01,11.66,53.85,29.61,72.62
15,34.0,48.7,27.2,22.63,26.08,72.25,74.03,54.0,34.18,25.46,67.47,16.0,26.83,42.19,52.15,0.0,20.0,35.44,66.03,69.08,48.33,71.69,56.92,52.04,29.73,65.79,18.97,26.08,80.05,26.08,68.41,70.26,16.97,74.11,43.86,63.53,34.06,50.64,22.8,58.03,63.25,23.41,50.64,43.27,36.88,38.21,50.36,22.63,48.66,58.82,5.66,62.48,66.84,34.06,60.93,41.04,61.06,69.31,42.8,65.39,33.29,75.13,8.49,62.65,67.6,81.27,41.59,37.64,64.07,25.3,38.12,86.61,42.05,48.37,23.09,53.46
16,31.3,66.24,7.21,28.0,26.68,71.02,76.16,67.91,16.0,6.32,56.36,16.49,45.61,55.32,67.05,20.0,0.0,52.84,51.92,76.66,56.14,66.48,74.24,66.48,47.71,57.2,37.2,34.06,90.02,40.5,78.03,82.61,36.88,86.83,38.42,82.1,22.8,66.48,18.97,44.27,54.41,41.62,66.48,41.18,20.4,27.2,38.47,28.0,60.53,50.0,20.0,61.06,69.08,54.04,53.81,60.96,65.97,69.77,42.05,83.35,52.5,81.02,22.8,46.1,82.86,84.5,25.5,38.28,78.34,21.54,51.66,82.98,55.79,44.41,37.7,41.59
17,43.86,13.42,59.36,31.62,37.74,65.51,60.93,22.36,62.29,59.06,78.59,50.99,10.2,16.12,18.97,35.44,52.84,0.0,82.46,46.86,31.62,72.03,21.54,19.7,6.0,72.99,16.49,26.83,52.15,14.42,42.52,39.4,22.09,42.38,52.5,29.73,54.41,16.12,42.52,75.15,71.39,12.17,16.12,47.07,62.29,56.6,66.21,31.62,22.8,67.91,33.11,58.31,55.03,20.0,66.75,20.88,45.69,60.17,44.72,30.53,10.0,55.0,40.2,83.86,33.02,65.0,65.44,40.26,30.81,42.8,13.6,81.79,14.42,52.95,16.28,68.54
18,38.63,93.06,47.54,51.92,45.61,47.54,59.46,84.02,36.77,52.0,12.0,68.41,81.04,73.78,86.02,66.03,51.92,82.46,0.0,73.78,62.29,34.23,98.79,84.4,80.32,20.4,73.76,55.71,89.89,68.35,80.0,90.69,78.64,95.02,30.53,110.15,32.0,88.2,44.18,8.0,18.97,76.66,88.2,37.2,31.62,28.07,16.49,51.92,74.03,18.87,62.03,42.05,55.46,94.15,24.17,99.46,60.46,51.26,40.0,108.76,87.93,72.45,72.44,11.7,99.25,68.01,26.57,43.05,92.76,42.43,72.56,49.16,75.47,32.56,67.36,13.93
19,48.17,45.69,80.1,49.03,50.16,32.25,20.88,27.86,76.24,82.39,64.03,84.12,55.17,31.11,32.31,69.08,76.66,46.86,73.78,0.0,20.88,45.61,45.12,30.46,50.91,55.32,56.04,43.68,16.12,44.94,8.25,20.88,64.4,24.17,48.08,56.57,62.51,36.77,58.14,69.77,55.61,54.04,36.77,41.23,72.69,61.19,62.77,49.03,24.08,54.92,63.91,32.56,20.0,66.84,50.0,66.57,13.42,26.08,38.83,52.15,56.85,8.54,76.97,81.39,35.13,20.22,72.57,40.11,29.0,56.04,34.71,45.88,32.56,43.08,47.51,63.07
20,29.73,36.06,60.03,28.28,30.07,34.23,29.53,22.36,57.27,62.03,54.92,63.25,37.74,16.12,25.3,48.33,56.14,31.62,62.29,20.88,0.0,42.76,39.29,23.41,34.0,47.41,36.77,22.8,34.06,25.46,22.09,29.53,45.25,34.0,32.8,51.42,44.27,28.64,38.05,56.64,46.65,35.61,28.64,25.61,54.41,43.86,48.41,28.28,12.65,44.41,43.08,28.28,23.41,50.99,41.18,52.5,14.42,28.64,22.8,48.7,41.23,26.93,56.36,67.62,37.01,34.71,55.15,21.93,30.48,36.22,18.03,50.49,18.11,29.73,27.66,49.58
21,37.74,78.64,65.6,50.16,45.65,14.42,27.2,64.56,56.6,69.66,22.36,80.92,74.97,58.31,67.91,71.69,66.48,72.03,34.23,45.61,42.76,0.0,82.0,65.97,72.44,14.0,70.34,50.0,60.83,60.83,53.25,65.51,77.79,69.34,28.43,94.15,44.05,71.39,50.0,34.23,16.12,71.39,71.39,28.64,51.11,40.0,32.31,50.16,55.32,18.97,66.24,14.56,25.61,89.11,13.42,92.35,34.0,19.8,29.73,91.21,80.4,41.77,79.92,45.0,77.47,34.89,47.85,35.11,70.77,47.2,59.03,17.0,60.3,23.32,61.39,30.36
22,61.22,8.25,80.62,50.99,56.57,72.25,64.12,18.0,82.8,80.5,93.04,72.28,30.59,25.06,14.14,56.92,74.24,21.54,98.79,45.12,39.29,82.0,0.0,16.12,27.2,86.16,37.95,45.25,43.27,34.41,37.95,28.84,42.43,29.73,68.26,12.17,73.54,10.77,62.48,92.09,85.09,33.53,10.77,61.77,82.22,75.07,83.23,50.99,26.68,82.29,54.63,67.47,60.03,32.98,79.85,28.64,50.04,66.12,59.06,10.0,26.0,53.6,61.19,101.83,15.81,65.31,84.86,55.76,18.03,62.29,26.4,88.05,23.32,67.08,36.89,85.15
23,48.17,15.23,72.11,40.25,44.94,56.14,48.37,2.83,72.47,72.8,77.9,68.03,29.73,11.66,2.0,52.04,66.48,19.7,84.4,30.46,23.41,65.97,16.12,0.0,25.3,70.68,34.23,34.0,32.8,26.31,24.41,19.7,41.23,22.8,54.04,28.28,61.61,6.32,51.88,78.1,69.77,30.59,6.32,47.2,71.02,62.48,69.43,40.25,10.77,67.23,48.37,51.42,44.0,38.42,64.4,36.88,34.0,50.04,44.41,25.3,28.84,39.0,58.14,88.41,16.55,50.29,73.01,41.77,12.04,51.11,14.87,72.01,10.77,52.15,29.27,71.06
24,41.76,18.97,54.41,28.64,34.93,67.05,63.53,27.86,58.0,53.85,77.28,45.12,4.47,19.8,24.74,29.73,47.71,6.0,80.32,50.91,34.0,72.44,27.2,25.3,0.0,72.25,10.77,24.74,57.31,12.17,47.2,44.94,16.12,48.08,50.99,34.41,51.11,22.09,38.83,72.8,70.46,6.32,22.09,46.17,58.41,53.67,63.91,28.64,26.91,66.75,27.78,59.23,57.27,17.09,66.12,20.0,48.37,62.03,44.05,35.78,8.0,58.8,34.23,80.95,39.01,68.24,61.85,39.2,36.67,39.45,16.4,83.24,18.44,52.15,13.0,66.41
25,32.56,81.61,55.17,46.39,40.79,27.2,39.4,69.77,45.34,59.46,8.94,72.72,74.03,61.35,72.5,65.79,57.2,72.99,20.4,55.32,47.41,14.0,86.16,70.68,72.25,0.0,68.12,48.0,71.22,60.13,62.23,73.76,74.67,77.9,22.36,98.08,34.41,75.39,43.08,20.4,2.83,70.0,75.39,26.08,39.7,30.0,20.0,46.39,59.93,7.21,60.73,22.8,36.06,88.0,6.32,92.2,42.43,31.3,28.28,95.85,80.22,53.0,73.54,31.0,84.06,47.76,35.81,33.06,77.39,40.5,61.13,30.08,63.25,20.1,60.01,17.49
26,36.06,29.73,44.05,22.09,28.28,67.08,65.6,36.5,48.41,43.27,72.11,34.53,8.49,26.0,34.06,18.97,37.2,16.49,73.76,56.04,36.77,70.34,37.95,34.23,10.77,68.12,0.0,20.4,64.62,11.31,53.67,53.37,8.49,56.89,46.0,44.94,43.08,32.06,30.46,65.97,66.03,4.47,32.06,42.43,49.4,46.17,57.27,22.09,33.11,62.0,17.2,58.31,58.82,20.4,62.29,26.0,50.99,62.77,40.79,46.52,15.62,63.25,24.0,73.16,49.09,71.45,53.24,35.51,46.1,31.62,21.93,82.86,25.3,48.37,9.43,60.02
27,17.09,38.42,38.83,6.32,11.31,47.71,48.17,34.93,38.47,40.2,52.61,40.5,26.08,22.36,34.99,26.08,34.06,26.83,55.71,43.68,22.8,50.0,45.25,34.0,24.74,48.0,20.4,0.0,56.14,12.65,44.18,48.66,27.86,52.95,26.31,55.61,28.28,35.61,17.89,48.33,46.04,22.0,35.61,22.09,37.2,30.0,39.4,6.32,26.68,42.19,20.59,38.47,41.04,40.0,42.05,44.41,34.99,44.05,20.4,55.17,32.56,49.24,34.41,57.14,50.54,55.22,39.62,15.13,45.31,17.2,19.42,63.06,23.32,28.07,12.04,41.79
28,63.15,46.69,94.09,62.03,64.12,46.86,34.41,30.0,91.08,96.0,80.0,95.71,61.77,38.63,34.06,80.05,90.02,52.15,89.89,16.12,34.06,60.83,43.27,32.8,57.31,71.22,64.62,56.14,0.0,54.41,12.0,14.42,72.5,14.56,63.91,52.8,77.67,38.21,72.11,85.88,71.61,61.74,38.21,56.92,87.86,76.66,78.79,62.03,31.62,71.02,75.31,48.41,35.38,71.22,66.03,69.31,29.53,41.04,54.41,47.54,61.61,19.42,87.36,97.49,29.15,30.08,88.06,55.11,25.24,70.26,42.72,58.59,39.4,59.09,57.28,79.16
29,29.73,26.91,46.52,17.2,23.32,56.46,54.41,28.07,48.41,46.82,65.12,42.05,14.14,16.12,26.68,26.08,40.5,14.42,68.35,44.94,25.46,60.83,34.41,26.31,12.17,60.13,11.31,12.65,54.41,0.0,43.08,44.18,19.8,48.04,38.83,43.86,40.0,26.0,28.28,60.93,58.31,10.77,26.0,34.06,48.08,42.19,52.0,17.2,22.8,54.59,22.09,48.08,47.71,28.28,54.04,32.06,39.7,51.88,32.0,44.05,20.1,52.01,32.98,69.46,42.45,60.14,51.09,27.07,38.33,28.43,12.04,72.45,16.0,40.05,3.0,54.42
30,51.42,39.45,82.1,50.04,52.15,40.25,29.12,21.63,79.25,84.0,70.77,83.95,51.61,27.78,26.08,68.41,78.03,42.52,80.0,8.25,22.09,53.25,37.95,24.41,47.2,62.23,53.67,44.18,12.0,43.08,0.0,12.65,61.77,16.12,52.8,49.03,65.97,30.53,60.13,75.47,62.29,51.11,30.53,45.69,76.16,65.15,68.0,50.04,20.59,61.22,63.56,39.7,27.78,62.23,56.64,61.22,19.8,34.0,43.08,44.41,52.35,16.03,75.89,86.95,27.02,28.02,76.54,43.42,21.1,58.31,31.76,54.12,28.84,48.37,45.88,68.6
31,59.09,32.56,87.48,54.92,58.24,52.8,41.76,17.09,86.02,88.81,82.07,86.21,49.4,28.07,20.59,70.26,82.61,39.4,90.69,20.88,29.53,65.51,28.84,19.7,44.94,73.76,53.37,48.66,14.42,44.18,12.65,0.0,60.73,4.47,62.13,38.63,73.54,24.41,65.97,85.6,73.59,50.0,24.41,54.92,83.57,73.35,77.67,54.92,22.09,72.14,66.03,51.61,40.25,57.69,67.94,55.32,31.62,46.52,52.15,33.53,48.37,28.16,76.94,96.83,15.3,40.11,84.58,51.43,10.82,64.56,32.14,66.76,28.28,58.41,47.17,78.6
32,42.19,34.23,44.05,28.28,34.06,75.18,74.03,43.68,50.12,42.43,78.03,30.46,12.0,34.0,40.79,16.97,36.88,22.09,78.64,64.4,45.25,77.79,42.43,41.23,16.12,74.67,8.49,27.86,72.5,19.8,61.77,60.73,0.0,64.03,52.35,47.54,47.07,38.21,34.53,70.71,72.44,10.77,38.21,49.48,52.0,50.64,62.29,28.28,41.18,68.26,17.89,66.21,67.2,17.2,69.05,24.08,59.46,71.02,48.08,50.0,17.09,71.7,18.97,76.92,55.08,79.93,56.3,42.72,52.77,36.22,30.02,90.8,33.11,55.32,17.8,65.19
33,63.56,34.41,91.78,59.23,62.64,56.36,44.94,20.4,90.44,93.06,86.28,90.09,52.5,32.0,23.41,74.11,86.83,42.38,95.02,24.17,34.0,69.34,29.73,22.8,48.08,77.9,56.89,52.95,14.56,48.04,16.12,4.47,64.03,0.0,66.57,38.47,78.0,26.83,70.34,90.0,77.79,53.37,26.83,59.36,88.02,77.82,82.1,59.23,26.31,76.42,70.0,55.61,43.91,60.03,72.14,57.2,35.61,50.12,56.6,33.11,50.99,30.81,80.62,101.26,14.76,42.58,89.05,55.9,12.21,68.96,36.01,69.89,32.06,62.8,51.04,83.01
34,10.2,62.61,38.47,24.08,18.44,33.11,40.45,53.81,31.05,42.19,26.31,52.5,52.35,43.27,55.61,43.86,38.42,52.5,30.53,48.08,32.8,28.43,68.26,54.04,50.99,22.36,46.0,26.31,63.91,38.83,52.8,62.13,52.35,66.57,0.0,79.65,17.09,57.69,21.63,24.08,20.1,48.17,57.69,7.21,26.31,14.14,15.62,24.08,43.86,16.0,38.63,23.41,34.06,66.12,17.09,70.71,34.93,32.98,10.0,78.23,58.86,49.37,51.88,34.83,69.3,49.37,25.02,12.53,62.97,18.87,42.06,44.6,44.94,6.32,38.33,17.03
35,72.11,17.2,88.81,60.96,66.84,84.38,76.03,30.07,92.02,88.2,104.79,78.0,36.72,36.77,26.31,63.53,82.1,29.73,110.15,56.57,51.42,94.15,12.17,28.28,34.41,98.08,44.94,55.61,52.8,43.86,49.03,38.63,47.54,38.47,79.65,0.0,83.74,22.8,72.14,103.25,96.93,40.5,22.8,73.35,91.93,85.6,94.34,60.96,38.83,94.02,62.13,79.62,72.11,34.23,91.76,28.0,62.13,78.23,70.68,5.66,30.46,64.94,66.48,112.65,23.71,76.79,94.92,67.12,28.16,72.25,37.59,100.12,34.93,78.79,45.97,96.38
36,14.56,66.6,21.63,22.8,16.97,50.16,57.27,62.13,14.14,25.61,34.18,38.47,50.99,50.0,62.8,34.06,22.8,54.41,32.0,62.51,44.27,44.05,73.54,61.61,51.11,34.41,43.08,28.28,77.67,40.0,65.97,73.54,47.07,78.0,17.09,83.74,0.0,63.78,12.65,24.0,31.62,46.52,63.78,22.09,10.2,4.47,16.49,22.8,52.84,27.2,30.07,40.5,50.64,63.25,31.11,69.08,50.04,50.0,24.0,83.45,58.14,65.0,40.79,30.08,77.94,66.1,11.4,22.56,72.2,11.66,47.51,60.8,51.22,23.41,38.28,19.65
37,50.99,8.94,72.5,41.62,46.86,62.03,54.59,8.94,73.78,72.8,82.29,66.48,26.31,14.42,4.47,50.64,66.48,16.12,88.2,36.77,28.64,71.39,10.77,6.32,22.09,75.39,32.06,35.61,38.21,26.0,30.53,24.41,38.21,26.83,57.69,22.8,63.78,0.0,53.25,81.61,74.32,28.0,0.0,51.11,72.8,65.05,72.8,41.62,16.12,71.55,47.54,56.89,50.04,33.29,69.08,31.11,40.05,56.0,48.37,20.59,24.17,45.31,56.04,91.55,17.03,56.61,75.17,45.22,14.87,52.8,16.28,78.01,12.81,56.36,28.79,74.63
38,12.81,55.17,22.0,11.66,8.0,52.8,57.27,52.8,20.59,24.33,44.72,31.11,38.47,40.25,52.84,22.8,18.97,42.52,44.18,58.14,38.05,50.0,62.48,51.88,38.83,43.08,30.46,17.89,72.11,28.28,60.13,65.97,34.53,70.34,21.63,72.14,12.65,53.25,0.0,36.22,40.5,34.0,53.25,22.8,19.8,16.12,28.0,11.66,44.27,36.06,18.11,42.8,50.16,50.6,38.47,56.46,47.07,51.11,23.32,72.25,45.65,62.17,30.46,42.72,68.43,65.55,23.02,19.31,63.16,2.83,37.22,65.8,41.18,26.91,26.25,31.02
39,31.3,86.09,40.25,44.27,37.95,46.17,57.27,77.9,29.53,44.72,14.42,60.73,73.38,67.2,79.65,58.03,44.27,75.15,8.0,69.77,56.64,34.23,92.09,78.1,72.8,20.4,65.97,48.33,85.88,60.93,75.47,85.6,70.71,90.0,24.08,103.25,24.0,81.61,36.22,0.0,18.11,68.96,81.61,31.11,24.17,20.1,8.94,44.27,67.94,16.12,54.04,39.29,52.5,86.35,22.09,91.76,56.36,49.03,33.94,102.08,80.32,69.29,64.5,11.7,93.35,66.1,19.24,36.4,86.98,34.53,65.73,50.45,68.82,27.2,59.81,7.07
40,30.27,80.32,52.35,44.18,38.47,28.64,40.5,68.96,42.52,56.64,8.49,69.97,72.11,60.17,71.55,63.25,54.41,71.39,18.97,55.61,46.65,16.12,85.09,69.77,70.46,2.83,66.03,46.04,71.61,58.31,62.29,73.59,72.44,77.79,20.1,96.93,31.62,74.32,40.5,18.11,0.0,68.03,74.32,24.33,36.88,27.2,17.2,44.18,59.06,4.47,58.24,23.32,36.72,86.02,5.66,90.35,42.52,32.31,26.68,94.85,78.41,53.71,70.94,29.07,83.49,49.04,33.02,31.26,76.84,37.95,59.77,32.57,62.03,18.44,58.08,14.76
41,38.47,25.3,48.41,24.74,31.05,67.23,64.9,32.98,52.5,47.71,74.43,38.83,4.47,23.32,30.27,23.41,41.62,12.17,76.66,54.04,35.61,71.39,33.53,30.59,6.32,70.0,4.47,22.0,61.74,10.77,51.11,50.0,10.77,53.37,48.17,40.5,46.52,28.0,34.0,68.96,68.03,0.0,28.0,44.05,53.25,49.4,60.17,24.74,30.53,64.12,21.63,58.82,58.31,18.0,64.03,22.8,50.0,62.61,42.19,42.05,11.66,61.55,28.07,76.56,45.01,70.29,56.94,37.05,42.3,34.93,19.42,83.22,22.36,50.04,10.05,62.82
42,50.99,8.94,72.5,41.62,46.86,62.03,54.59,8.94,73.78,72.8,82.29,66.48,26.31,14.42,4.47,50.64,66.48,16.12,88.2,36.77,28.64,71.39,10.77,6.32,22.09,75.39,32.06,35.61,38.21,26.0,30.53,24.41,38.21,26.83,57.69,22.8,63.78,0.0,53.25,81.61,74.32,28.0,0.0,51.11,72.8,65.05,72.8,41.62,16.12,71.55,47.54,56.89,50.04,33.29,69.08,31.11,40.05,56.0,48.37,20.59,24.17,45.31,56.04,91.55,17.03,56.61,75.17,45.22,14.87,52.8,16.28,78.01,12.81,56.36,28.79,74.63
43,10.0,56.46,42.38,21.54,17.2,30.0,35.44,46.86,36.22,45.69,31.62,53.81,48.0,36.72,48.83,43.27,41.18,47.07,37.2,41.23,25.61,28.64,61.77,47.2,46.17,26.08,42.43,22.09,56.92,34.06,45.69,54.92,49.48,59.36,7.21,73.35,22.09,51.11,22.8,31.11,24.33,44.05,51.11,0.0,32.0,20.1,22.8,21.54,36.88,20.88,37.74,20.0,28.64,62.03,20.0,66.12,28.28,28.64,2.83,71.69,54.15,43.05,51.61,42.01,62.24,44.15,31.4,7.0,55.87,20.0,35.85,43.42,38.47,6.0,34.01,24.04
44,24.74,74.97,16.12,31.24,26.08,58.82,66.75,71.69,5.66,20.59,37.2,36.88,57.69,59.36,72.11,36.88,20.4,62.29,31.62,72.69,54.41,51.11,82.22,71.02,58.41,39.7,49.4,37.2,87.86,48.08,76.16,83.57,52.0,88.02,26.31,91.93,10.2,72.8,19.8,24.17,36.88,53.25,72.8,32.0,0.0,12.17,19.8,31.24,62.61,32.8,34.18,49.48,60.3,68.88,37.74,75.18,60.13,59.23,34.06,92.02,64.9,75.03,42.05,26.02,87.46,75.66,5.1,32.76,81.88,20.0,56.61,68.1,60.46,32.56,46.01,22.67
45,14.42,68.41,25.61,25.06,18.87,46.82,54.59,62.8,17.09,29.73,29.73,42.94,53.85,50.99,63.78,38.21,27.2,56.6,28.07,61.19,43.86,40.0,75.07,62.48,53.67,30.0,46.17,30.0,76.66,42.19,65.15,73.35,50.64,77.82,14.14,85.6,4.47,65.05,16.12,20.1,27.2,49.4,65.05,20.1,12.17,0.0,12.17,25.06,53.25,22.8,34.0,37.36,48.17,66.48,26.91,72.11,48.37,47.07,22.36,85.04,60.93,63.13,45.12,27.29,78.6,63.51,11.4,21.93,72.67,14.56,48.8,56.86,52.35,20.4,40.71,15.3
46,22.36,77.18,35.61,35.44,29.12,42.19,52.15,69.31,25.46,40.0,17.89,54.63,64.56,58.41,70.94,50.36,38.47,66.21,16.49,62.77,48.41,32.31,83.23,69.43,63.91,20.0,57.27,39.4,78.79,52.0,68.0,77.67,62.29,82.1,15.62,94.34,16.49,72.8,28.0,8.94,17.2,60.17,72.8,22.8,19.8,12.17,0.0,35.44,59.4,13.42,46.04,34.06,46.69,77.67,18.97,82.97,49.4,44.05,25.61,93.23,71.47,63.06,57.27,19.21,84.86,61.13,15.81,27.66,78.57,26.08,56.86,49.24,60.0,19.7,50.92,3.16
47,14.0,43.86,32.56,0.0,6.32,49.68,51.61,41.23,32.25,34.06,50.04,35.78,29.12,28.64,41.18,22.63,28.0,31.62,51.92,49.03,28.28,50.16,50.99,40.25,28.64,46.39,22.09,6.32,62.03,17.2,50.04,54.92,28.28,59.23,24.08,60.96,22.8,41.62,11.66,44.27,44.18,24.74,41.62,21.54,31.24,25.06,35.44,0.0,32.98,40.05,16.97,40.0,44.41,42.43,40.79,47.54,39.4,46.69,20.59,60.83,36.06,54.08,31.11,52.35,56.8,59.17,33.97,15.26,51.62,11.31,25.55,64.35,29.53,27.2,15.65,38.08
48,38.83,24.08,65.51,32.98,36.77,46.0,39.29,10.0,64.62,66.75,67.23,64.5,31.24,7.21,12.65,48.66,60.53,22.8,74.03,24.08,12.65,55.32,26.68,10.77,26.91,59.93,33.11,26.68,31.62,22.8,20.59,22.09,41.18,26.31,43.86,38.83,52.84,16.12,44.27,67.94,59.06,30.53,16.12,36.88,62.61,53.25,59.4,32.98,0.0,56.6,44.18,40.79,34.23,42.8,53.67,42.94,24.33,40.05,34.06,36.06,32.8,32.2,55.79,78.52,25.5,42.49,64.14,31.89,19.42,43.08,11.18,62.07,8.49,41.62,25.71,60.88
49,26.08,77.25,48.08,40.05,34.23,30.07,41.23,66.57,38.42,52.35,10.77,65.51,68.26,57.27,68.96,58.82,50.0,67.91,18.87,54.92,44.41,18.97,82.29,67.23,66.75,7.21,62.0,42.19,71.02,54.59,61.22,72.14,68.26,76.42,16.0,94.02,27.2,71.55,36.06,16.12,4.47,64.12,71.55,20.88,32.8,22.8,13.42,40.05,56.6,0.0,53.85,23.41,36.77,82.1,6.0,86.58,41.62,32.98,23.41,92.13,74.67,53.71,66.48,27.66,81.4,50.01,29.15,27.66,74.81,33.53,56.65,35.85,59.09,15.23,54.23,11.4
50,28.64,46.52,26.91,16.97,20.59,66.6,68.41,50.16,32.25,26.08,62.8,20.4,25.61,38.0,48.66,5.66,20.0,33.11,62.03,63.91,43.08,66.24,54.63,48.37,27.78,60.73,17.2,20.59,75.31,22.09,63.56,66.03,17.89,70.0,38.63,62.13,30.07,47.54,18.11,54.04,58.24,21.63,47.54,37.74,34.18,34.0,46.04,16.97,44.18,53.85,0.0,56.85,61.22,34.99,55.71,41.62,55.57,63.66,37.2,63.53,32.56,69.78,14.14,59.44,64.33,75.72,38.6,32.02,60.41,20.4,34.01,81.02,38.05,42.94,19.1,49.09
51,30.0,64.28,61.74,40.0,36.77,10.0,18.11,50.0,54.41,65.3,31.62,73.76,62.1,44.05,53.37,62.48,61.06,58.31,42.05,32.56,28.28,14.56,67.47,51.42,59.23,22.8,58.31,38.47,48.41,48.08,39.7,51.61,66.21,55.61,23.41,79.62,40.5,56.89,42.8,39.29,23.32,58.82,56.89,20.0,49.48,37.36,34.06,40.0,40.79,23.41,56.85,0.0,13.42,76.16,17.89,78.92,20.0,10.0,19.8,76.66,67.08,30.41,70.94,50.96,63.07,27.07,47.52,24.84,56.36,40.0,45.04,24.6,46.04,17.09,49.04,33.38
52,37.95,58.31,70.88,44.41,42.94,12.65,7.21,42.05,64.78,74.0,44.94,79.92,60.83,39.29,46.0,66.84,69.08,55.03,55.46,20.0,23.41,25.61,60.03,44.0,57.27,36.06,58.82,41.04,35.38,47.71,27.78,40.25,67.2,43.91,34.06,72.11,50.64,50.04,50.16,52.5,36.72,58.31,50.04,28.64,60.3,48.17,46.69,44.41,34.23,36.77,61.22,13.42,0.0,74.32,31.3,75.89,10.0,6.32,27.2,68.47,64.62,17.0,75.29,64.2,53.16,15.52,59.01,30.87,46.57,47.54,41.44,28.02,41.23,28.0,49.41,46.32
53,56.32,26.0,61.22,42.43,48.66,84.12,80.5,41.23,67.23,59.46,92.35,46.04,14.14,36.06,37.2,34.06,54.04,20.0,94.15,66.84,50.99,89.11,32.98,38.42,17.09,88.0,20.4,40.0,71.22,28.28,62.23,57.69,17.2,60.03,66.12,34.23,63.25,33.29,50.6,86.35,86.02,18.0,33.29,62.03,68.88,66.48,77.67,42.43,42.8,82.1,34.99,76.16,74.32,0.0,82.02,7.21,65.3,79.12,60.13,38.0,10.0,75.0,34.41,93.3,48.1,84.91,73.01,55.04,47.89,51.92,33.12,100.28,34.41,68.03,28.02,80.41
54,27.2,75.29,52.5,40.79,35.44,24.08,35.44,63.53,43.27,56.64,14.14,68.82,68.0,55.03,66.21,60.93,53.81,66.75,24.17,50.0,41.18,13.42,79.85,64.4,66.12,6.32,62.29,42.05,66.03,54.04,56.64,67.94,69.05,72.14,17.09,91.76,31.11,69.08,38.47,22.09,5.66,64.03,69.08,20.0,37.74,26.91,18.97,40.79,53.67,6.0,55.71,17.89,31.3,82.02,0.0,86.09,36.88,27.2,22.09,89.55,74.11,48.3,68.88,33.54,77.94,44.15,34.44,27.0,71.28,35.78,54.82,30.41,56.92,14.0,54.01,17.26
55,61.19,22.8,68.12,47.54,53.85,86.35,81.71,39.7,73.78,66.48,97.02,53.25,18.44,36.77,35.38,41.04,60.96,20.88,99.46,66.57,52.5,92.35,28.64,36.88,20.0,92.2,26.0,44.41,69.31,32.06,61.22,55.32,24.08,57.2,70.71,28.0,69.08,31.11,56.46,91.76,90.35,22.8,31.11,66.12,75.18,72.11,82.97,47.54,42.94,86.58,41.62,78.92,75.89,7.21,86.09,0.0,66.48,81.04,64.03,32.25,12.0,74.95,41.62,99.16,44.29,85.42,79.16,59.14,45.0,57.58,34.48,102.61,34.93,72.11,32.39,85.62
56,36.06,48.37,68.73,39.4,39.29,22.36,15.23,32.06,64.0,71.39,50.99,75.15,52.15,29.73,36.0,61.06,65.97,45.69,60.46,13.42,14.42,34.0,50.04,34.0,48.37,42.43,50.99,34.99,29.53,39.7,19.8,31.62,59.46,35.61,34.93,62.13,50.04,40.05,47.07,56.36,42.52,50.0,40.05,28.28,60.13,48.37,49.4,39.4,24.33,41.62,55.57,20.0,10.0,65.3,36.88,66.48,0.0,16.12,26.08,58.55,55.46,15.13,69.34,67.98,43.66,20.52,59.68,28.16,37.0,44.72,32.2,38.01,31.62,29.73,41.73,49.66
57,38.47,64.12,70.94,46.69,44.41,6.32,8.25,48.17,64.03,74.32,40.25,81.61,65.39,44.72,52.04,69.31,69.77,60.17,51.26,26.08,28.64,19.8,66.12,50.04,62.03,31.3,62.77,44.05,41.04,51.88,34.0,46.52,71.02,50.12,32.98,78.23,50.0,56.0,51.11,49.03,32.31,62.61,56.0,28.64,59.23,47.07,44.05,46.69,40.05,32.98,63.66,10.0,6.32,79.12,27.2,81.04,16.12,0.0,27.78,74.67,69.57,22.02,77.79,60.64,59.48,17.12,57.43,32.2,52.89,48.37,46.57,22.02,46.69,26.68,53.34,43.29
58,10.77,53.85,43.68,20.59,16.97,29.73,34.18,44.05,38.05,46.82,34.18,54.04,46.04,34.0,46.04,42.8,42.05,44.72,40.0,38.83,22.8,29.73,59.06,44.41,44.05,28.28,40.79,20.4,54.41,32.0,43.08,52.15,48.08,56.6,10.0,70.68,24.0,48.37,23.32,33.94,26.68,42.19,48.37,2.83,34.06,22.36,25.61,20.59,34.06,23.41,37.2,19.8,27.2,60.13,22.09,64.03,26.08,27.78,0.0,68.96,52.04,41.0,51.22,44.82,59.41,42.72,33.73,5.39,53.04,20.59,33.24,43.83,35.78,8.25,32.14,26.87
59,71.22,17.2,89.89,60.83,66.48,80.89,72.03,26.68,92.46,89.55,102.86,80.32,38.63,34.99,23.41,65.39,83.35,30.53,108.76,52.15,48.7,91.21,10.0,25.3,35.78,95.85,46.52,55.17,47.54,44.05,44.41,33.53,50.0,33.11,78.23,5.66,83.45,20.59,72.25,102.08,94.85,42.05,20.59,71.69,92.02,85.04,93.23,60.83,36.06,92.13,63.53,76.66,68.47,38.0,89.55,32.25,58.55,74.67,68.96,0.0,32.98,60.41,68.96,111.83,18.38,72.34,94.75,65.73,23.35,72.14,36.4,96.42,33.29,76.94,46.4,95.13
60,49.48,18.11,59.46,36.06,42.38,74.73,70.68,31.62,64.03,58.41,85.16,47.54,7.21,26.08,27.78,33.29,52.5,10.0,87.93,56.85,41.23,80.4,26.0,28.84,8.0,80.22,15.62,32.56,61.61,20.1,52.35,48.37,17.09,50.99,58.86,30.46,58.14,24.17,45.65,80.32,78.41,11.66,24.17,54.15,64.9,60.93,71.47,36.06,32.8,74.67,32.56,67.08,64.62,10.0,74.11,12.0,55.46,69.57,52.04,32.98,0.0,65.0,36.06,88.14,40.02,74.95,68.6,47.17,39.0,46.52,23.26,90.96,24.41,60.13,20.62,74.04
61,51.16,54.23,83.86,54.08,54.34,27.59,15.0,36.4,79.03,86.49,61.91,89.69,62.97,39.05,40.85,75.13,81.02,55.0,72.45,8.54,26.93,41.77,53.6,39.0,58.8,53.0,63.25,49.24,19.42,52.01,16.03,28.16,71.7,30.81,49.37,64.94,65.0,45.31,62.17,69.29,53.71,61.55,45.31,43.05,75.03,63.13,63.06,54.08,32.2,53.71,69.78,30.41,17.0,75.0,48.3,74.95,15.13,22.02,41.0,60.41,65.0,0.0,83.24,80.99,43.0,12.0,74.33,43.29,37.12,59.84,42.45,39.4,40.61,43.74,54.41,62.94
62,42.19,52.95,29.73,31.11,34.41,80.72,82.46,60.3,38.47,26.83,74.73,11.66,30.59,49.03,58.03,8.49,22.8,40.2,72.44,76.97,56.36,79.92,61.19,58.14,34.23,73.54,24.0,34.41,87.36,32.98,75.89,76.94,18.97,80.62,51.88,66.48,40.79,56.04,30.46,64.5,70.94,28.07,56.04,51.61,42.05,45.12,57.27,31.11,55.79,66.48,14.14,70.94,75.29,34.41,68.88,41.62,69.34,77.79,51.22,68.96,36.06,83.24,0.0,68.07,73.06,89.63,47.01,46.1,70.06,33.11,44.91,95.0,48.66,56.6,30.08,60.42
63,40.61,95.44,40.61,52.35,46.14,57.56,68.88,88.39,30.15,44.91,23.35,62.39,81.02,77.23,89.87,62.65,46.1,83.86,11.7,81.39,67.62,45.0,101.83,88.41,80.95,31.0,73.16,57.14,97.49,69.46,86.95,96.83,76.92,101.26,34.83,112.65,30.08,91.55,42.72,11.7,29.07,76.56,91.55,42.01,26.02,27.29,19.21,52.35,78.52,27.66,59.44,50.96,64.2,93.3,33.54,99.16,67.98,60.64,44.82,111.83,88.14,80.99,68.07,0.0,104.0,77.67,21.1,46.67,97.74,41.63,75.43,60.53,78.75,38.59,68.0,18.36
64,64.2,22.14,88.6,56.8,61.4,65.8,55.73,15.81,89.01,89.19,91.84,83.49,43.1,28.18,15.81,67.6,82.86,33.02,99.25,35.13,37.01,77.47,15.81,16.55,39.01,84.06,49.09,50.54,29.15,42.45,27.02,15.3,55.08,14.76,69.3,23.71,77.94,17.03,68.43,93.35,83.49,45.01,17.03,62.24,87.46,78.6,84.86,56.8,25.5,81.4,64.33,63.07,53.16,48.1,77.94,44.29,43.66,59.48,59.41,18.38,40.02,43.0,73.06,104.0,0.0,55.0,89.31,57.38,6.71,67.6,31.38,80.6,27.31,66.71,45.35,86.28
65,53.45,65.46,86.4,59.17,58.18,20.62,9.0,47.8,80.23,89.49,56.65,94.89,72.2,48.88,52.2,81.27,84.5,65.0,68.01,20.22,34.71,34.89,65.31,50.29,68.24,47.76,71.45,55.22,30.08,60.14,28.02,40.11,79.93,42.58,49.37,76.79,66.1,56.61,65.55,66.1,49.04,70.29,56.61,44.15,75.66,63.51,61.13,59.17,42.49,50.01,75.72,27.07,15.52,84.91,44.15,85.42,20.52,17.12,42.72,72.34,74.95,12.0,89.63,77.67,55.0,0.0,74.17,46.24,49.09,62.97,51.87,28.84,50.61,43.19,62.23,60.41
66,25.5,77.83,21.02,33.97,28.32,56.52,65.19,73.5,10.3,25.5,32.65,41.98,61.4,61.4,74.2,41.59,25.5,65.44,26.57,72.57,55.15,47.85,84.86,73.01,61.85,35.81,53.24,39.62,88.06,51.09,76.54,84.58,56.3,89.05,25.02,94.92,11.4,75.17,23.02,19.24,33.02,56.94,75.17,31.4,5.1,11.4,15.81,33.97,64.14,29.15,38.6,47.52,59.01,73.01,34.44,79.16,59.68,57.43,33.73,94.75,68.6,74.33,47.01,21.1,89.31,74.17,0.0,33.24,83.53,22.67,58.9,64.85,62.63,31.02,49.2,18.44
67,8.06,50.09,40.61,15.26,12.21,34.66,38.01,41.73,36.12,43.42,38.33,49.41,41.0,30.81,43.28,37.64,38.28,40.26,43.05,40.11,21.93,35.11,55.76,41.77,39.2,33.06,35.51,15.13,55.11,27.07,43.42,51.43,42.72,55.9,12.53,67.12,22.56,45.22,19.31,36.4,31.26,37.05,45.22,7.0,32.76,21.93,27.66,15.26,31.89,27.66,32.02,24.84,30.87,55.04,27.0,59.14,28.16,32.2,5.39,65.73,47.17,43.29,46.1,46.67,57.38,46.24,33.24,0.0,51.22,16.76,29.53,49.09,32.45,13.0,27.02,29.41
68,58.25,22.2,83.82,51.62,55.9,59.2,49.37,10.44,83.67,84.65,85.21,80.06,41.0,23.09,12.04,64.07,78.34,30.81,92.76,29.0,30.48,70.77,18.03,12.04,36.67,77.39,46.1,45.31,25.24,38.33,21.1,10.82,52.77,12.21,62.97,28.16,72.2,14.87,63.16,86.98,76.84,42.3,14.87,55.87,81.88,72.67,78.57,51.62,19.42,74.81,60.41,56.36,46.57,47.89,71.28,45.0,37.0,52.89,53.04,23.35,39.0,37.12,70.06,97.74,6.71,49.09,83.53,51.22,0.0,62.17,26.68,74.15,22.56,60.21,41.3,79.91
69,10.0,55.17,24.08,11.31,6.32,50.0,54.63,51.88,21.54,26.68,42.43,33.94,39.4,39.45,52.15,25.3,21.54,42.8,42.43,56.04,36.22,47.2,62.29,51.11,39.45,40.5,31.62,17.2,70.26,28.43,58.31,64.56,36.22,68.96,18.87,72.25,11.66,52.8,2.83,34.53,37.95,34.93,52.8,20.0,20.0,14.56,26.08,11.31,43.08,33.53,20.4,40.0,47.54,51.92,35.78,57.58,44.72,48.37,20.59,72.14,46.52,59.84,33.11,41.63,67.6,62.97,22.67,16.76,62.17,0.0,36.62,62.97,40.5,24.08,26.63,29.02
70,34.83,20.62,57.25,25.55,30.61,51.97,47.42,16.28,57.8,57.97,67.42,54.08,20.52,4.12,15.65,38.12,51.66,13.6,72.56,34.71,18.03,59.03,26.4,14.87,16.4,61.13,21.93,19.42,42.72,12.04,31.76,32.14,30.02,36.01,42.06,37.59,47.51,16.28,37.22,65.73,59.77,19.42,16.28,35.85,56.61,48.8,56.86,25.55,11.18,56.65,34.01,45.04,41.44,33.12,54.82,34.48,32.2,46.57,33.24,36.4,23.26,42.45,44.91,75.43,31.38,51.87,58.9,29.53,26.68,36.62,0.0,68.25,4.12,41.44,15.03,58.83
71,53.15,86.15,82.42,64.35,60.61,16.28,25.0,70.06,73.57,86.4,37.22,96.9,86.33,66.61,74.01,86.61,82.98,81.79,49.16,45.88,50.49,17.0,88.05,72.01,83.24,30.08,82.86,63.06,58.59,72.45,54.12,66.76,90.8,69.89,44.6,100.12,60.8,78.01,65.8,50.45,32.57,83.22,78.01,43.42,68.1,56.86,49.24,64.35,62.07,35.85,81.02,24.6,28.02,100.28,30.41,102.61,38.01,22.02,43.83,96.42,90.96,39.4,95.0,60.53,80.6,28.84,64.85,49.09,74.15,62.97,68.25,0.0,68.59,38.9,73.54,47.17
72,38.21,18.44,61.35,29.53,34.41,52.35,46.82,12.17,61.77,62.1,69.86,58.03,22.8,2.0,11.66,42.05,55.79,14.42,75.47,32.56,18.11,60.3,23.32,10.77,18.44,63.25,25.3,23.32,39.4,16.0,28.84,28.28,33.11,32.06,44.94,34.93,51.22,12.81,41.18,68.82,62.03,22.36,12.81,38.47,60.46,52.35,60.0,29.53,8.49,59.09,38.05,46.04,41.23,34.41,56.92,34.93,31.62,46.69,35.78,33.29,24.41,40.61,48.66,78.75,27.31,50.61,62.63,32.45,22.56,40.5,4.12,68.59,0.0,43.86,19.0,61.85
73,14.42,62.03,44.72,27.2,22.36,26.83,34.23,51.61,37.36,48.37,26.0,58.0,54.0,42.05,53.85,48.37,44.41,52.95,32.56,43.08,29.73,23.32,67.08,52.15,52.15,20.1,48.37,28.07,59.09,40.05,48.37,58.41,55.32,62.8,6.32,78.79,23.41,56.36,26.91,27.2,18.44,50.04,56.36,6.0,32.56,20.4,19.7,27.2,41.62,15.23,42.94,17.09,28.0,68.03,14.0,72.11,29.73,26.68,8.25,76.94,60.13,43.74,56.6,38.59,66.71,43.19,31.02,13.0,60.21,24.08,41.44,38.9,43.86,0.0,40.01,20.25
74,28.86,29.21,43.83,15.65,21.93,57.7,56.22,31.06,46.1,44.01,64.63,39.05,14.04,19.1,29.61,23.09,37.7,16.28,67.36,47.51,27.66,61.39,36.89,29.27,13.0,60.01,9.43,12.04,57.28,3.0,45.88,47.17,17.8,51.04,38.33,45.97,38.28,28.79,26.25,59.81,58.08,10.05,28.79,34.01,46.01,40.71,50.92,15.65,25.71,54.23,19.1,49.04,49.41,28.02,54.01,32.39,41.73,53.34,32.14,46.4,20.62,54.41,30.08,68.0,45.35,62.23,49.2,27.02,41.3,26.63,15.03,73.54,19.0,40.01,0.0,53.45
75,24.7,79.26,38.6,38.08,31.78,41.01,51.48,70.84,28.32,43.01,14.76,57.78,67.19,60.22,72.62,53.46,41.59,68.54,13.93,63.07,49.58,30.36,85.15,71.06,66.41,17.49,60.02,41.79,79.16,54.42,68.6,78.6,65.19,83.01,17.03,96.38,19.65,74.63,31.02,7.07,14.76,62.82,74.63,24.04,22.67,15.3,3.16,38.08,60.88,11.4,49.09,33.38,46.32,80.41,17.26,85.62,49.66,43.29,26.87,95.13,74.04,62.94,60.42,18.36,86.28,60.41,18.44,29.41,79.91,29.02,58.83,47.17,61.85,20.25,53.45,0.0
