set K:= 1	2	3	4	5	6	7	8;
set C_H:= 1	2	3	4	5	6	7	8	9	10	11	12	13	14	15	16	17	18	19	20	21;
set C_S:= 22	23	24	25	26	27	28	29	30	31	32	33	34	35	36	37	38	39	40	41;
set C_F:= 42	43	44	45	46	47	48	49	50	51	52	53	54	55	56	57	58	59	60	61;
set M:= 62	63	64	65	66	67;
set L_B:= 68	69	70	71	72	73	74	75;
set A1:=
(0,*) 1 2 3 4 5 6 7 8 9 10 11 12 13 14 15 16 17 18 19 20 21 42 43 44 45 46 47 48 49 50 51 52 53 54 55 56 57 58 59 60 61 62 63 64 65 66 67 68 69 70 71 72 73 74 75 76
(1,*) 0 2 3 4 5 6 7 8 9 10 11 12 13 14 15 16 17 18 19 20 21 42 43 44 45 46 47 48 49 50 51 52 53 54 55 56 57 58 59 60 61 62 63 64 65 66 67 68 69 70 71 72 73 74 75 76
(2,*) 0 1 3 4 5 6 7 8 9 10 11 12 13 14 15 16 17 18 19 20 21 42 43 44 45 46 47 48 49 50 51 52 53 54 55 56 57 58 59 60 61 62 63 64 65 66 67 68 69 70 71 72 73 74 75 76
(3,*) 0 1 2 4 5 6 7 8 9 10 11 12 13 14 15 16 17 18 19 20 21 42 43 44 45 46 47 48 49 50 51 52 53 54 55 56 57 58 59 60 61 62 63 64 65 66 67 68 69 70 71 72 73 74 75 76
(4,*) 0 1 2 3 5 6 7 8 9 10 11 12 13 14 15 16 17 18 19 20 21 42 43 44 45 46 47 48 49 50 51 52 53 54 55 56 57 58 59 60 61 62 63 64 65 66 67 68 69 70 71 72 73 74 75 76
(5,*) 0 1 2 3 4 6 7 8 9 10 11 12 13 14 15 16 17 18 19 20 21 42 43 44 45 46 47 48 49 50 51 52 53 54 55 56 57 58 59 60 61 62 63 64 65 66 67 68 69 70 71 72 73 74 75 76
(6,*) 0 1 2 3 4 5 7 8 9 10 11 12 13 14 15 16 17 18 19 20 21 42 43 44 45 46 47 48 49 50 51 52 53 54 55 56 57 58 59 60 61 62 63 64 65 66 67 68 69 70 71 72 73 74 75 76
(7,*) 0 1 2 3 4 5 6 8 9 10 11 12 13 14 15 16 17 18 19 20 21 42 43 44 45 46 47 48 49 50 51 52 53 54 55 56 57 58 59 60 61 62 63 64 65 66 67 68 69 70 71 72 73 74 75 76
(8,*) 0 1 2 3 4 5 6 7 9 10 11 12 13 14 15 16 17 18 19 20 21 42 43 44 45 46 47 48 49 50 51 52 53 54 55 56 57 58 59 60 61 62 63 64 65 66 67 68 69 70 71 72 73 74 75 76
(9,*) 0 1 2 3 4 5 6 7 8 10 11 12 13 14 15 16 17 18 19 20 21 42 43 44 45 46 47 48 49 50 51 52 53 54 55 56 57 58 59 60 61 62 63 64 65 66 67 68 69 70 71 72 73 74 75 76
(10,*) 0 1 2 3 4 5 6 7 8 9 11 12 13 14 15 16 17 18 19 20 21 42 43 44 45 46 47 48 49 50 51 52 53 54 55 56 57 58 59 60 61 62 63 64 65 66 67 68 69 70 71 72 73 74 75 76
(11,*) 0 1 2 3 4 5 6 7 8 9 10 12 13 14 15 16 17 18 19 20 21 42 43 44 45 46 47 48 49 50 51 52 53 54 55 56 57 58 59 60 61 62 63 64 65 66 67 68 69 70 71 72 73 74 75 76
(12,*) 0 1 2 3 4 5 6 7 8 9 10 11 13 14 15 16 17 18 19 20 21 42 43 44 45 46 47 48 49 50 51 52 53 54 55 56 57 58 59 60 61 62 63 64 65 66 67 68 69 70 71 72 73 74 75 76
(13,*) 0 1 2 3 4 5 6 7 8 9 10 11 12 14 15 16 17 18 19 20 21 42 43 44 45 46 47 48 49 50 51 52 53 54 55 56 57 58 59 60 61 62 63 64 65 66 67 68 69 70 71 72 73 74 75 76
(14,*) 0 1 2 3 4 5 6 7 8 9 10 11 12 13 15 16 17 18 19 20 21 42 43 44 45 46 47 48 49 50 51 52 53 54 55 56 57 58 59 60 61 62 63 64 65 66 67 68 69 70 71 72 73 74 75 76
(15,*) 0 1 2 3 4 5 6 7 8 9 10 11 12 13 14 16 17 18 19 20 21 42 43 44 45 46 47 48 49 50 51 52 53 54 55 56 57 58 59 60 61 62 63 64 65 66 67 68 69 70 71 72 73 74 75 76
(16,*) 0 1 2 3 4 5 6 7 8 9 10 11 12 13 14 15 17 18 19 20 21 42 43 44 45 46 47 48 49 50 51 52 53 54 55 56 57 58 59 60 61 62 63 64 65 66 67 68 69 70 71 72 73 74 75 76
(17,*) 0 1 2 3 4 5 6 7 8 9 10 11 12 13 14 15 16 18 19 20 21 42 43 44 45 46 47 48 49 50 51 52 53 54 55 56 57 58 59 60 61 62 63 64 65 66 67 68 69 70 71 72 73 74 75 76
(18,*) 0 1 2 3 4 5 6 7 8 9 10 11 12 13 14 15 16 17 19 20 21 42 43 44 45 46 47 48 49 50 51 52 53 54 55 56 57 58 59 60 61 62 63 64 65 66 67 68 69 70 71 72 73 74 75 76
(19,*) 0 1 2 3 4 5 6 7 8 9 10 11 12 13 14 15 16 17 18 20 21 42 43 44 45 46 47 48 49 50 51 52 53 54 55 56 57 58 59 60 61 62 63 64 65 66 67 68 69 70 71 72 73 74 75 76
(20,*) 0 1 2 3 4 5 6 7 8 9 10 11 12 13 14 15 16 17 18 19 21 42 43 44 45 46 47 48 49 50 51 52 53 54 55 56 57 58 59 60 61 62 63 64 65 66 67 68 69 70 71 72 73 74 75 76
(21,*) 0 1 2 3 4 5 6 7 8 9 10 11 12 13 14 15 16 17 18 19 20 42 43 44 45 46 47 48 49 50 51 52 53 54 55 56 57 58 59 60 61 62 63 64 65 66 67 68 69 70 71 72 73 74 75 76
(42,*) 0 1 2 3 4 5 6 7 8 9 10 11 12 13 14 15 16 17 18 19 20 21 43 44 45 46 47 48 49 50 51 52 53 54 55 56 57 58 59 60 61 62 63 64 65 66 67 68 69 70 71 72 73 74 75 76
(43,*) 0 1 2 3 4 5 6 7 8 9 10 11 12 13 14 15 16 17 18 19 20 21 42 44 45 46 47 48 49 50 51 52 53 54 55 56 57 58 59 60 61 62 63 64 65 66 67 68 69 70 71 72 73 74 75 76
(44,*) 0 1 2 3 4 5 6 7 8 9 10 11 12 13 14 15 16 17 18 19 20 21 42 43 45 46 47 48 49 50 51 52 53 54 55 56 57 58 59 60 61 62 63 64 65 66 67 68 69 70 71 72 73 74 75 76
(45,*) 0 1 2 3 4 5 6 7 8 9 10 11 12 13 14 15 16 17 18 19 20 21 42 43 44 46 47 48 49 50 51 52 53 54 55 56 57 58 59 60 61 62 63 64 65 66 67 68 69 70 71 72 73 74 75 76
(46,*) 0 1 2 3 4 5 6 7 8 9 10 11 12 13 14 15 16 17 18 19 20 21 42 43 44 45 47 48 49 50 51 52 53 54 55 56 57 58 59 60 61 62 63 64 65 66 67 68 69 70 71 72 73 74 75 76
(47,*) 0 1 2 3 4 5 6 7 8 9 10 11 12 13 14 15 16 17 18 19 20 21 42 43 44 45 46 48 49 50 51 52 53 54 55 56 57 58 59 60 61 62 63 64 65 66 67 68 69 70 71 72 73 74 75 76
(48,*) 0 1 2 3 4 5 6 7 8 9 10 11 12 13 14 15 16 17 18 19 20 21 42 43 44 45 46 47 49 50 51 52 53 54 55 56 57 58 59 60 61 62 63 64 65 66 67 68 69 70 71 72 73 74 75 76
(49,*) 0 1 2 3 4 5 6 7 8 9 10 11 12 13 14 15 16 17 18 19 20 21 42 43 44 45 46 47 48 50 51 52 53 54 55 56 57 58 59 60 61 62 63 64 65 66 67 68 69 70 71 72 73 74 75 76
(50,*) 0 1 2 3 4 5 6 7 8 9 10 11 12 13 14 15 16 17 18 19 20 21 42 43 44 45 46 47 48 49 51 52 53 54 55 56 57 58 59 60 61 62 63 64 65 66 67 68 69 70 71 72 73 74 75 76
(51,*) 0 1 2 3 4 5 6 7 8 9 10 11 12 13 14 15 16 17 18 19 20 21 42 43 44 45 46 47 48 49 50 52 53 54 55 56 57 58 59 60 61 62 63 64 65 66 67 68 69 70 71 72 73 74 75 76
(52,*) 0 1 2 3 4 5 6 7 8 9 10 11 12 13 14 15 16 17 18 19 20 21 42 43 44 45 46 47 48 49 50 51 53 54 55 56 57 58 59 60 61 62 63 64 65 66 67 68 69 70 71 72 73 74 75 76
(53,*) 0 1 2 3 4 5 6 7 8 9 10 11 12 13 14 15 16 17 18 19 20 21 42 43 44 45 46 47 48 49 50 51 52 54 55 56 57 58 59 60 61 62 63 64 65 66 67 68 69 70 71 72 73 74 75 76
(54,*) 0 1 2 3 4 5 6 7 8 9 10 11 12 13 14 15 16 17 18 19 20 21 42 43 44 45 46 47 48 49 50 51 52 53 55 56 57 58 59 60 61 62 63 64 65 66 67 68 69 70 71 72 73 74 75 76
(55,*) 0 1 2 3 4 5 6 7 8 9 10 11 12 13 14 15 16 17 18 19 20 21 42 43 44 45 46 47 48 49 50 51 52 53 54 56 57 58 59 60 61 62 63 64 65 66 67 68 69 70 71 72 73 74 75 76
(56,*) 0 1 2 3 4 5 6 7 8 9 10 11 12 13 14 15 16 17 18 19 20 21 42 43 44 45 46 47 48 49 50 51 52 53 54 55 57 58 59 60 61 62 63 64 65 66 67 68 69 70 71 72 73 74 75 76
(57,*) 0 1 2 3 4 5 6 7 8 9 10 11 12 13 14 15 16 17 18 19 20 21 42 43 44 45 46 47 48 49 50 51 52 53 54 55 56 58 59 60 61 62 63 64 65 66 67 68 69 70 71 72 73 74 75 76
(58,*) 0 1 2 3 4 5 6 7 8 9 10 11 12 13 14 15 16 17 18 19 20 21 42 43 44 45 46 47 48 49 50 51 52 53 54 55 56 57 59 60 61 62 63 64 65 66 67 68 69 70 71 72 73 74 75 76
(59,*) 0 1 2 3 4 5 6 7 8 9 10 11 12 13 14 15 16 17 18 19 20 21 42 43 44 45 46 47 48 49 50 51 52 53 54 55 56 57 58 60 61 62 63 64 65 66 67 68 69 70 71 72 73 74 75 76
(60,*) 0 1 2 3 4 5 6 7 8 9 10 11 12 13 14 15 16 17 18 19 20 21 42 43 44 45 46 47 48 49 50 51 52 53 54 55 56 57 58 59 61 62 63 64 65 66 67 68 69 70 71 72 73 74 75 76
(61,*) 0 1 2 3 4 5 6 7 8 9 10 11 12 13 14 15 16 17 18 19 20 21 42 43 44 45 46 47 48 49 50 51 52 53 54 55 56 57 58 59 60 62 63 64 65 66 67 68 69 70 71 72 73 74 75 76
(62,*) 0 1 2 3 4 5 6 7 8 9 10 11 12 13 14 15 16 17 18 19 20 21 42 43 44 45 46 47 48 49 50 51 52 53 54 55 56 57 58 59 60 61 63 64 65 66 67 68 69 70 71 72 73 74 75 76
(63,*) 0 1 2 3 4 5 6 7 8 9 10 11 12 13 14 15 16 17 18 19 20 21 42 43 44 45 46 47 48 49 50 51 52 53 54 55 56 57 58 59 60 61 62 64 65 66 67 68 69 70 71 72 73 74 75 76
(64,*) 0 1 2 3 4 5 6 7 8 9 10 11 12 13 14 15 16 17 18 19 20 21 42 43 44 45 46 47 48 49 50 51 52 53 54 55 56 57 58 59 60 61 62 63 65 66 67 68 69 70 71 72 73 74 75 76
(65,*) 0 1 2 3 4 5 6 7 8 9 10 11 12 13 14 15 16 17 18 19 20 21 42 43 44 45 46 47 48 49 50 51 52 53 54 55 56 57 58 59 60 61 62 63 64 66 67 68 69 70 71 72 73 74 75 76
(66,*) 0 1 2 3 4 5 6 7 8 9 10 11 12 13 14 15 16 17 18 19 20 21 42 43 44 45 46 47 48 49 50 51 52 53 54 55 56 57 58 59 60 61 62 63 64 65 67 68 69 70 71 72 73 74 75 76
(67,*) 0 1 2 3 4 5 6 7 8 9 10 11 12 13 14 15 16 17 18 19 20 21 42 43 44 45 46 47 48 49 50 51 52 53 54 55 56 57 58 59 60 61 62 63 64 65 66 68 69 70 71 72 73 74 75 76
(68,*) 0 1 2 3 4 5 6 7 8 9 10 11 12 13 14 15 16 17 18 19 20 21 42 43 44 45 46 47 48 49 50 51 52 53 54 55 56 57 58 59 60 61 62 63 64 65 66 67 69 70 71 72 73 74 75 76
(69,*) 0 1 2 3 4 5 6 7 8 9 10 11 12 13 14 15 16 17 18 19 20 21 42 43 44 45 46 47 48 49 50 51 52 53 54 55 56 57 58 59 60 61 62 63 64 65 66 67 68 70 71 72 73 74 75 76
(70,*) 0 1 2 3 4 5 6 7 8 9 10 11 12 13 14 15 16 17 18 19 20 21 42 43 44 45 46 47 48 49 50 51 52 53 54 55 56 57 58 59 60 61 62 63 64 65 66 67 68 69 71 72 73 74 75 76
(71,*) 0 1 2 3 4 5 6 7 8 9 10 11 12 13 14 15 16 17 18 19 20 21 42 43 44 45 46 47 48 49 50 51 52 53 54 55 56 57 58 59 60 61 62 63 64 65 66 67 68 69 70 72 73 74 75 76
(72,*) 0 1 2 3 4 5 6 7 8 9 10 11 12 13 14 15 16 17 18 19 20 21 42 43 44 45 46 47 48 49 50 51 52 53 54 55 56 57 58 59 60 61 62 63 64 65 66 67 68 69 70 71 73 74 75 76
(73,*) 0 1 2 3 4 5 6 7 8 9 10 11 12 13 14 15 16 17 18 19 20 21 42 43 44 45 46 47 48 49 50 51 52 53 54 55 56 57 58 59 60 61 62 63 64 65 66 67 68 69 70 71 72 74 75 76
(74,*) 0 1 2 3 4 5 6 7 8 9 10 11 12 13 14 15 16 17 18 19 20 21 42 43 44 45 46 47 48 49 50 51 52 53 54 55 56 57 58 59 60 61 62 63 64 65 66 67 68 69 70 71 72 73 75 76
(75,*) 0 1 2 3 4 5 6 7 8 9 10 11 12 13 14 15 16 17 18 19 20 21 42 43 44 45 46 47 48 49 50 51 52 53 54 55 56 57 58 59 60 61 62 63 64 65 66 67 68 69 70 71 72 73 74 76
(76,*) 0 1 2 3 4 5 6 7 8 9 10 11 12 13 14 15 16 17 18 19 20 21 42 43 44 45 46 47 48 49 50 51 52 53 54 55 56 57 58 59 60 61 62 63 64 65 66 67 68 69 70 71 72 73 74 75
;
set A2:=
(62,*) 63
(63,*) 62
(64,*) 65
(65,*) 64
;
param BigM:=99999;
param n:= 8;
param d:=
1	26
2	18
3	8
4	7
5	1
6	22
7	7
8	1
9	2
10	12
11	2
12	14
13	9
14	20
15	23
16	16
17	9
18	21
19	16
20	2
21	7
22	11
23	4
24	23
25	3
26	22
27	6
28	11
29	12
30	14
31	2
32	2
33	19
34	18
35	4
36	19
37	12
38	6
39	2
40	2
41	23
42	16
43	7
44	9
45	9
46	16
47	6
48	2
49	4
50	20
51	18
52	16
53	26
54	3
55	10
56	24
57	24
58	16
59	2
60	26
61	21
;
param Q:=100;
param w:=
[62,*] 63 0.5
[63,*] 62 0.5
[64,*] 65 0.5
[65,*] 64 0.5
;
param V:=
[62,*] 63 75
[63,*] 62 75
[64,*] 65 100
[65,*] 64 100
;
param e:
	62	63	64	65	66	67	68	69	70	71	72	73	74	75:=
22		0		1		0		0		0		0		0		0		0		0		0		0		0		0	
23		0		0		0		0		0		0		0		0		1		0		0		0		0		0	
24		0		0		0		0		0		0		0		1		0		0		0		0		0		0	
25		0		0		0		0		0		0		0		0		0		0		0		0		0		1	
26		1		0		0		0		1		0		0		0		0		0		0		0		0		0	
27		0		0		0		0		0		0		1		0		0		1		0		0		1		0	
28		0		0		0		0		0		1		0		0		0		1		0		0		0		0	
29		0		0		0		0		1		0		0		0		0		0		0		0		0		0	
30		0		1		0		0		0		0		0		0		1		0		0		0		0		0	
31		0		0		0		0		0		0		0		0		0		0		1		0		0		0	
32		0		0		0		0		0		0		0		0		0		1		0		0		0		0	
33		0		0		0		0		0		0		0		1		0		0		0		0		0		0	
34		0		0		0		1		0		0		0		0		0		0		0		0		0		0	
35		0		0		0		1		0		0		0		0		0		0		0		0		0		0	
36		0		0		0		0		0		0		0		0		0		1		0		0		1		0	
37		0		0		1		0		0		1		0		0		0		0		0		0		0		0	
38		0		0		0		0		0		0		0		1		0		0		0		0		0		1	
39		1		0		0		0		1		0		0		0		0		0		0		0		0		0	
40		0		0		0		0		0		1		0		0		0		1		0		0		0		0	
41		0		0		0		0		0		0		0		0		1		0		1		1		0		1	
42		1		0		0		0		1		0		0		0		0		0		0		0		0		0	
43		0		0		0		0		0		0		1		0		0		0		1		0		0		1	
44		0		1		0		0		0		0		0		0		0		0		0		0		0		0	
45		1		0		0		0		1		0		1		0		0		0		0		0		0		0	
46		0		0		0		0		0		0		0		0		1		0		0		0		0		0	
47		0		0		0		0		0		0		0		0		1		0		1		0		0		1	
48		0		0		0		1		0		0		0		0		0		0		1		1		0		1	
49		0		0		1		0		0		1		0		0		0		0		0		0		0		0	
50		0		0		0		1		0		0		0		0		0		0		1		0		0		1	
51		0		0		0		0		0		0		1		0		0		1		0		0		1		0	
52		1		0		0		0		1		0		0		0		0		0		0		0		0		0	
53		0		1		0		0		0		0		0		0		0		0		0		1		0		0	
54		0		0		0		0		1		0		0		0		0		0		0		0		0		0	
55		0		0		0		1		0		0		0		0		0		0		0		0		0		1	
56		1		0		0		0		1		0		0		0		0		0		0		0		0		0	
57		0		0		0		0		0		0		0		0		1		0		1		1		0		1	
58		0		0		0		0		0		0		0		0		1		0		0		0		0		0	
59		0		0		0		0		0		0		0		1		1		0		1		0		0		1	
60		0		0		1		0		0		1		0		0		0		0		0		0		0		0	
61		0		0		0		0		0		1		0		0		0		1		0		0		0		0	
;
param p:=
1	1
2	1
3	1
4	1
5	1
6	1
7	1
8	1
;
param G:=
62	72
63	75
64	82
65	100
66	70
67	76
68	98
69	89
70	80
71	94
72	92
73	93
74	88
75	73
;
param s:=
0	0
1	10
2	10
3	10
4	10
5	10
6	10
7	10
8	10
9	10
10	10
11	10
12	10
13	10
14	10
15	10
16	10
17	10
18	10
19	10
20	10
21	10
42	10
43	10
44	10
45	10
46	10
47	10
48	10
49	10
50	10
51	10
52	10
53	10
54	10
55	10
56	10
57	10
58	10
59	10
60	10
61	10
62	10
63	10
64	10
65	10
66	10
67	10
68	10
69	10
70	10
71	10
72	10
73	10
74	10
75	10
;
param t:
	0	1	2	3	4	5	6	7	8	9	10	11	12	13	14	15	16	17	18	19	20	21	22	23	24	25	26	27	28	29	30	31	32	33	34	35	36	37	38	39	40	41	42	43	44	45	46	47	48	49	50	51	52	53	54	55	56	57	58	59	60	61	62	63	64	65	66	67	68	69	70	71	72	73	74	75	76:=
0	0.0	66.13	46.75	94.89	80.4	38.63	3.16	13.89	95.34	52.39	102.16	2.0	55.46	53.08	93.98	81.01	50.7	70.18	64.9	67.21	52.24	39.2	52.35	9.43	37.01	52.8	85.44	66.12	75.61	102.0	43.91	59.03	56.44	26.68	40.52	37.74	83.01	94.89	25.08	75.03	74.09	31.02	85.48	51.48	47.27	73.76	24.08	29.12	40.31	101.98	39.12	91.27	95.52	43.28	98.98	51.97	83.41	28.44	18.11	25.0	99.81	72.8	74.63	40.22	97.86	44.72	85.0	77.82	72.34	29.41	30.61	75.54	42.11	40.31	85.02	36.4	0.0
1	66.13	0.0	33.24	33.53	23.43	27.51	62.97	58.31	30.07	48.02	36.24	64.26	12.04	67.23	61.74	18.36	82.15	24.7	15.26	70.21	20.59	66.03	66.31	64.88	64.54	14.04	25.08	19.42	49.82	37.54	72.95	25.18	30.59	56.08	53.45	30.15	30.41	72.12	52.0	8.94	50.49	38.01	22.2	19.42	90.27	9.49	76.22	37.16	28.43	73.41	29.07	41.73	32.8	58.67	32.98	42.19	28.28	38.47	76.01	41.23	70.26	49.37	17.03	68.24	65.74	45.31	21.4	57.56	18.87	53.24	56.64	34.54	28.28	50.77	33.97	33.02	66.13
2	46.75	33.24	0.0	66.73	55.95	21.59	44.05	46.1	61.81	16.4	63.2	45.45	21.95	74.17	88.73	40.2	82.87	24.6	23.02	82.98	36.62	66.37	73.17	50.25	32.06	21.4	42.45	46.75	72.95	60.42	73.55	46.4	48.88	26.57	20.4	15.03	62.13	96.25	24.19	39.81	72.72	34.0	44.41	34.41	86.02	42.72	65.74	27.17	31.32	99.81	14.14	73.24	52.89	63.03	63.13	11.18	38.48	30.15	62.43	28.86	96.83	71.34	32.39	68.47	92.96	12.08	44.28	79.26	49.65	23.09	54.45	62.23	33.84	55.15	65.46	13.15	46.75
3	94.89	33.53	66.73	0.0	14.87	58.01	91.79	84.4	12.17	80.96	27.0	92.91	45.35	77.9	46.39	34.71	96.05	52.63	46.14	74.2	42.76	82.68	77.23	91.44	97.98	46.87	39.66	29.41	45.28	35.23	88.23	38.08	42.94	88.96	86.98	62.39	16.28	60.02	84.59	27.78	47.17	64.13	33.84	43.42	107.34	24.04	99.16	66.19	54.59	57.04	61.52	20.22	37.95	73.5	18.0	75.15	47.2	66.48	100.88	70.26	54.08	46.87	41.11	84.6	49.09	78.77	33.02	52.77	22.8	86.31	76.97	29.07	52.95	67.6	17.49	65.62	94.89
4	80.4	23.43	55.95	14.87	0.0	44.41	77.32	69.63	20.81	71.28	34.93	78.41	34.0	64.38	41.77	32.28	82.13	46.62	38.21	62.27	28.16	68.24	63.66	76.69	86.03	34.93	38.83	14.56	35.17	41.23	74.03	23.26	28.3	76.16	75.64	49.48	7.62	54.08	71.59	21.47	36.69	49.5	33.38	29.02	93.01	15.0	84.31	52.0	40.11	53.37	48.76	18.6	41.05	59.2	26.93	65.46	45.22	52.09	86.02	56.01	50.22	36.06	36.24	70.21	45.35	68.0	32.39	43.17	8.06	73.76	62.17	17.72	38.33	53.0	11.18	52.89	80.4
5	38.63	27.51	21.59	58.01	44.41	0.0	35.47	31.89	57.07	37.16	63.56	36.77	17.2	53.0	70.09	43.01	63.32	36.24	28.43	61.39	18.36	46.57	52.0	38.01	43.57	14.42	48.17	31.62	53.15	63.81	53.85	28.02	29.0	32.31	35.36	7.21	48.76	76.22	27.51	36.4	52.63	13.93	47.43	16.55	68.43	35.51	50.99	10.0	9.85	80.62	7.62	58.87	57.8	42.11	60.44	32.57	47.63	12.04	49.68	13.89	77.78	51.22	37.48	48.76	74.33	30.53	46.87	58.82	36.67	30.41	35.11	45.28	12.53	34.01	51.55	10.63	38.63
6	3.16	62.97	44.05	91.79	77.32	35.47	0.0	12.04	92.18	50.33	99.01	1.41	52.33	51.86	91.55	77.9	50.6	67.27	61.85	65.76	49.16	38.28	51.09	9.22	36.22	49.66	82.38	63.07	73.16	98.88	43.38	56.08	53.6	25.18	38.83	34.67	80.0	92.78	23.09	71.87	71.69	28.0	82.37	48.37	48.04	70.6	25.02	25.96	37.22	99.73	36.06	88.36	92.44	41.73	95.82	49.65	80.43	25.32	19.65	21.84	97.51	70.38	71.56	39.45	95.46	42.54	81.88	75.59	69.26	27.66	29.0	72.69	39.05	38.28	82.05	33.42	3.16
7	13.89	58.31	46.1	84.4	69.63	31.89	12.04	0.0	86.16	55.73	94.51	12.21	49.04	40.0	80.32	74.81	40.61	67.01	60.11	53.76	41.76	26.83	39.2	7.07	45.88	46.23	80.06	55.11	61.98	95.44	32.57	47.27	44.0	33.54	46.01	33.6	71.45	81.01	30.07	67.23	60.41	20.62	79.2	41.44	40.61	64.88	19.72	21.93	30.46	88.14	35.0	79.0	89.64	29.7	90.38	53.85	79.25	20.0	17.8	18.44	86.01	59.14	69.35	28.23	84.15	47.68	78.6	63.98	61.61	35.13	16.97	63.03	31.62	26.42	73.17	33.62	13.89
8	95.34	30.07	61.81	12.17	20.81	57.07	92.18	86.16	0.0	74.63	15.13	93.41	42.01	85.04	58.14	25.24	102.53	44.29	39.56	83.01	44.72	88.09	84.29	93.05	93.77	44.1	29.0	33.42	55.15	23.09	94.18	42.64	48.17	86.01	82.2	60.21	25.63	71.57	82.02	22.09	56.86	65.55	23.35	44.78	112.93	21.59	102.47	66.22	55.71	69.0	59.14	32.02	26.0	79.31	6.32	68.96	36.77	67.05	103.37	70.34	66.01	56.36	32.65	90.14	61.01	73.55	22.67	62.97	26.91	83.05	80.99	38.01	54.63	72.62	27.89	63.07	95.34
9	52.39	48.02	16.4	80.96	71.28	37.16	50.33	55.73	74.63	0.0	73.44	51.62	37.64	88.28	105.12	50.8	95.02	32.06	35.11	98.08	53.01	79.06	87.3	58.24	24.6	37.48	51.04	62.94	89.31	69.0	86.01	62.8	65.19	26.63	13.45	30.08	77.8	112.61	27.31	53.31	89.04	48.05	54.45	50.8	96.34	57.31	74.46	40.61	47.01	116.21	29.55	89.02	61.01	76.94	74.95	5.83	45.1	43.57	69.89	41.11	113.23	87.66	42.76	81.02	109.34	8.06	54.59	95.52	65.44	23.32	67.07	78.52	49.66	69.43	81.22	27.2	52.39
10	102.16	36.24	63.2	27.0	34.93	63.56	99.01	94.51	15.13	73.44	0.0	100.32	46.82	98.01	73.25	23.02	114.87	41.44	40.2	97.06	54.67	99.7	97.2	101.12	95.05	49.4	22.8	45.61	69.89	8.94	106.15	54.67	60.44	89.11	83.01	65.15	40.52	86.7	85.7	27.29	71.51	74.09	19.03	54.2	124.46	30.48	112.07	73.35	64.35	84.02	63.89	47.1	15.0	91.35	9.0	68.18	30.08	74.71	112.16	77.39	81.06	70.94	31.0	101.83	76.06	74.0	19.0	77.79	39.66	85.84	91.55	52.55	63.82	84.15	42.95	67.45	102.16
11	2.0	64.26	45.45	92.91	78.41	36.77	1.41	12.21	93.41	51.62	100.32	0.0	53.67	51.74	92.11	79.26	49.98	68.68	63.25	65.76	50.25	38.01	50.99	8.54	37.12	50.99	83.76	64.12	73.74	100.24	42.94	57.04	54.45	26.31	40.02	36.06	81.01	93.15	24.35	73.16	72.24	29.02	83.73	49.5	47.1	71.84	24.0	27.2	38.33	100.18	37.44	89.27	93.81	41.77	97.08	51.0	81.84	26.48	18.44	23.09	97.99	70.94	72.95	39.12	96.01	43.86	83.24	76.03	70.35	28.86	29.07	73.55	40.11	38.59	83.02	34.83	2.0
12	55.46	12.04	21.95	45.35	34.0	17.2	52.33	49.04	42.01	37.64	46.82	53.67	0.0	64.54	68.51	25.81	77.47	22.2	12.65	70.01	19.1	60.84	63.56	55.22	52.63	2.83	31.11	25.61	54.23	46.65	68.03	27.51	31.58	44.05	41.79	18.44	40.22	77.39	40.01	20.22	54.42	29.83	30.23	17.03	84.06	21.38	67.88	27.2	21.47	79.92	17.26	51.4	40.61	54.71	44.55	31.89	31.38	29.07	66.84	31.06	76.85	53.14	20.62	63.07	72.67	34.0	29.68	61.35	27.8	41.19	50.25	41.4	22.47	46.49	43.6	21.1	55.46
13	53.08	67.23	74.17	77.9	64.38	53.0	51.86	40.0	85.04	88.28	98.01	51.74	64.54	0.0	52.35	85.49	18.79	86.68	77.13	14.76	46.82	14.42	1.0	43.84	84.53	62.17	92.31	52.43	37.34	102.4	14.04	43.57	37.74	71.59	81.91	59.14	61.72	47.52	67.23	74.24	35.11	40.31	89.0	48.38	32.02	68.6	37.16	47.68	44.18	56.22	60.07	63.63	99.3	11.4	90.91	84.59	94.87	44.72	43.42	47.54	55.04	34.54	83.49	14.32	55.08	80.6	88.1	34.37	58.41	72.24	23.32	49.2	42.43	19.03	61.4	61.4	53.08
14	93.98	61.74	88.73	46.39	41.77	70.09	91.55	80.32	58.14	105.12	73.25	92.11	68.51	52.35	0.0	73.98	70.41	86.41	76.92	41.11	52.35	64.03	52.24	86.68	113.23	68.01	80.6	43.05	18.38	81.02	66.19	42.45	41.23	101.02	105.42	77.1	34.37	13.93	96.02	62.64	19.92	66.37	75.13	54.49	84.17	55.66	86.47	72.67	61.22	11.7	77.08	26.17	82.22	55.23	64.28	99.64	86.83	71.02	91.24	75.47	8.54	21.19	77.16	65.0	4.24	99.76	74.15	18.03	43.08	99.81	65.51	27.29	58.41	54.57	31.14	80.66	93.98
15	81.01	18.36	40.2	34.71	32.28	43.01	77.9	74.81	25.24	50.8	23.02	79.26	25.81	85.49	73.98	0.0	100.5	19.31	17.26	87.8	38.95	84.31	84.58	81.02	72.03	28.6	7.07	35.36	65.0	21.02	91.27	42.72	48.38	66.29	60.0	43.38	39.85	85.84	63.06	12.04	66.03	55.17	4.47	37.74	108.41	19.0	93.43	53.01	46.01	85.62	42.05	50.16	14.87	77.03	24.35	45.4	13.0	54.82	92.62	56.86	82.46	65.07	8.06	86.53	77.62	51.01	4.12	73.01	32.02	62.97	74.65	48.17	46.23	69.12	43.32	45.31	81.01
16	50.7	82.15	82.87	96.05	82.13	63.32	50.6	40.61	102.53	95.02	114.87	49.98	77.47	18.79	70.41	100.5	0.0	99.02	90.08	30.02	61.59	16.76	19.24	41.44	86.35	74.85	107.04	69.35	56.08	118.6	9.49	60.21	54.49	74.15	86.37	68.25	80.0	64.01	70.58	89.87	53.85	49.48	104.31	62.77	14.0	84.81	28.6	55.73	56.08	73.06	69.43	82.37	114.83	23.6	108.21	92.27	108.69	52.77	35.81	54.23	72.25	53.31	97.49	14.56	72.84	87.01	103.46	52.63	75.66	75.66	28.44	67.68	55.04	31.38	79.88	69.72	50.7
17	70.18	24.7	24.6	52.63	46.62	36.24	67.27	67.01	44.29	32.06	41.44	68.68	22.2	86.68	86.41	19.31	99.02	0.0	10.05	92.09	41.01	82.28	85.7	72.25	54.74	24.52	19.0	43.97	74.22	37.05	89.54	48.37	53.08	51.08	42.58	33.42	54.08	96.77	48.76	25.5	74.73	50.09	22.56	39.05	104.66	31.62	86.61	45.49	43.01	98.09	32.02	65.22	29.15	76.66	43.66	27.02	13.93	48.02	84.39	48.6	94.94	73.55	11.66	84.5	90.38	33.54	22.8	81.79	43.38	47.54	71.18	59.24	44.38	68.41	57.69	33.94	70.18
18	64.9	15.26	23.02	46.14	38.21	28.43	61.85	60.11	39.56	35.11	40.2	63.25	12.65	77.13	76.92	17.26	90.08	10.05	0.0	82.15	31.06	73.41	76.16	65.86	55.01	15.23	20.59	34.18	64.29	37.95	80.62	38.33	43.05	49.03	43.1	27.2	45.45	86.98	45.88	18.36	64.76	41.88	21.59	29.15	96.38	23.35	79.4	38.21	34.01	88.57	25.81	56.73	30.87	67.36	40.31	29.41	19.21	40.46	77.79	41.73	85.43	63.56	9.85	75.64	80.95	34.23	21.38	71.81	34.13	45.71	62.65	49.66	35.11	59.14	49.04	28.65	64.9
19	67.21	70.21	82.98	74.2	62.27	61.39	65.76	53.76	83.01	98.08	97.06	65.76	70.01	14.76	41.11	87.8	30.02	92.09	82.15	0.0	51.09	29.15	15.26	58.14	96.9	68.01	94.83	52.81	29.73	102.55	28.16	45.12	39.62	83.86	93.11	68.15	58.01	34.0	79.26	75.96	27.59	50.33	90.8	53.04	44.01	69.57	51.89	57.94	51.79	43.05	68.88	57.31	100.57	24.08	89.19	93.86	98.48	55.15	58.18	58.6	42.3	27.59	87.13	29.07	43.17	90.76	89.84	24.19	57.78	84.12	36.8	45.22	49.5	29.53	56.85	70.88	67.21
20	52.24	20.59	36.62	42.76	28.16	18.36	49.16	41.76	44.72	53.01	54.67	50.25	19.1	46.82	52.35	38.95	61.59	41.01	31.06	51.09	0.0	45.61	45.88	48.76	61.91	17.46	45.62	14.04	36.36	57.38	52.43	9.9	12.65	50.57	53.26	25.0	31.26	59.68	45.69	28.43	36.24	21.38	42.72	2.24	70.09	24.21	57.8	24.19	12.0	63.25	24.84	40.8	53.25	38.08	49.4	47.71	48.08	24.0	58.69	28.07	60.31	34.89	36.69	47.8	56.59	47.42	41.88	42.95	20.1	48.76	36.88	26.93	10.2	30.23	33.73	28.6	52.24
21	39.2	66.03	66.37	82.68	68.24	46.57	38.28	26.83	88.09	79.06	99.7	38.01	60.84	14.42	64.03	84.31	16.76	82.28	73.41	29.15	45.61	0.0	13.89	29.83	72.45	58.18	90.74	54.67	47.27	102.94	7.28	45.45	40.0	59.77	71.2	51.62	67.12	60.88	55.79	74.03	45.18	32.76	88.23	46.62	24.84	69.35	23.09	39.2	39.4	69.23	52.77	71.17	98.81	9.49	93.51	76.03	92.13	36.22	29.07	38.0	67.74	44.28	81.01	2.24	67.19	71.11	87.42	46.1	61.22	60.88	12.0	55.54	38.47	15.56	67.54	53.24	39.2
22	52.35	66.31	73.17	77.23	63.66	52.0	51.09	39.2	84.29	87.3	97.2	50.99	63.56	1.0	52.24	84.58	19.24	85.7	76.16	15.26	45.88	13.89	0.0	43.14	83.63	61.19	91.39	51.61	37.0	101.55	14.0	42.72	36.89	70.68	80.96	58.14	61.07	47.68	66.31	73.36	34.79	39.32	88.1	47.43	32.28	67.74	36.77	46.69	43.19	56.32	59.08	63.13	98.41	10.44	90.14	83.6	93.92	43.74	42.94	46.57	55.08	34.18	82.54	13.93	55.04	79.62	87.21	34.23	57.63	71.31	22.47	48.6	41.44	18.03	60.8	60.41	52.35
23	9.43	64.88	50.25	91.44	76.69	38.01	9.22	7.07	93.05	58.24	101.12	8.54	55.22	43.84	86.68	81.02	41.44	72.25	65.86	58.14	48.76	29.83	43.14	0.0	45.4	52.43	86.05	62.17	68.41	101.79	34.48	54.33	51.01	34.01	47.38	38.9	78.52	86.76	31.4	73.82	66.76	27.51	85.45	48.38	39.0	71.69	16.28	28.02	37.34	94.15	40.31	86.01	95.8	34.41	97.17	57.01	84.86	26.42	12.21	24.21	92.11	65.52	75.29	30.81	90.44	50.29	84.88	70.01	68.66	36.22	21.95	70.01	38.6	32.31	80.22	38.42	9.43
24	37.01	64.54	32.06	97.98	86.03	43.57	36.22	45.88	93.77	24.6	95.05	37.12	52.63	84.53	113.23	72.03	86.35	54.74	55.01	96.9	61.91	72.45	83.63	45.4	0.0	51.24	73.55	74.69	95.67	91.66	78.45	71.56	72.01	13.04	12.17	37.12	91.39	118.09	17.8	71.7	94.85	48.17	76.11	60.03	84.21	73.98	61.07	41.01	52.01	123.33	37.58	101.98	83.86	73.36	95.19	28.16	68.45	43.19	55.01	39.05	120.62	93.43	64.07	74.0	117.44	21.21	76.06	100.41	78.92	13.45	61.33	88.84	54.82	67.42	94.43	33.54	37.01
25	52.8	14.04	21.4	46.87	34.93	14.42	49.66	46.23	44.1	37.48	49.4	50.99	2.83	62.17	68.01	28.6	74.85	24.52	15.23	68.01	17.46	58.18	61.19	52.43	51.24	0.0	33.94	25.46	53.23	49.4	65.39	26.4	30.08	42.19	40.72	16.12	40.82	76.48	38.01	22.56	53.31	27.02	33.02	15.3	81.3	23.09	65.05	24.41	18.79	79.32	15.03	51.87	43.42	52.2	46.87	31.83	34.13	26.25	64.03	28.3	76.28	52.0	23.43	60.42	72.2	33.29	32.45	60.17	28.3	39.46	47.51	41.11	19.92	43.97	44.1	19.0	52.8
26	85.44	25.08	42.45	39.66	38.83	48.17	82.38	80.06	29.0	51.04	22.8	83.76	31.11	92.31	80.6	7.07	107.04	19.0	20.59	94.83	45.62	90.74	91.39	86.05	73.55	33.94	0.0	42.43	72.01	18.11	97.75	49.73	55.36	68.96	61.4	47.71	46.32	92.66	66.13	19.1	73.06	60.88	5.83	44.29	114.62	26.02	98.99	58.14	52.01	92.2	46.32	56.3	10.44	83.65	26.63	46.01	7.81	60.14	97.84	61.85	89.05	72.11	10.82	92.96	84.17	52.35	6.71	80.02	39.0	65.52	80.8	55.08	52.43	75.66	49.73	49.24	85.44
27	66.12	19.42	46.75	29.41	14.56	31.62	63.07	55.11	33.42	62.94	45.61	64.12	25.61	52.43	43.05	35.36	69.35	43.97	34.18	52.81	14.04	54.67	51.61	62.17	74.69	25.46	42.43	0.0	30.41	50.12	60.83	9.22	14.87	63.91	65.19	37.58	17.26	52.81	59.14	23.35	31.14	35.13	38.08	15.3	79.51	16.76	69.86	38.21	26.02	54.59	37.12	27.31	47.76	45.97	38.9	57.28	47.0	38.01	71.47	42.11	51.48	30.07	36.12	56.73	47.17	58.41	37.11	38.21	6.71	61.85	47.89	15.81	24.02	39.2	19.92	41.15	66.12
28	75.61	49.82	72.95	45.28	35.17	53.15	73.16	61.98	55.15	89.31	69.89	73.74	54.23	37.34	18.38	65.0	56.08	74.22	64.29	29.73	36.36	47.27	37.0	68.41	95.67	53.23	72.01	30.41	0.0	76.4	50.45	26.83	24.21	83.24	88.46	60.31	29.55	23.32	78.24	53.01	2.24	48.26	67.12	38.59	69.26	46.0	69.03	54.82	43.84	27.66	60.44	27.59	75.8	38.05	61.47	84.06	77.16	53.01	73.44	57.43	25.0	3.0	66.48	48.51	22.36	83.41	66.12	8.06	33.02	82.22	47.52	17.46	41.01	36.5	27.78	63.78	75.61
29	102.0	37.54	60.42	35.23	41.23	63.81	98.88	95.44	23.09	69.0	8.94	100.24	46.65	102.4	81.02	21.02	118.6	37.05	37.95	102.55	57.38	102.94	101.55	101.79	91.66	49.4	18.11	50.12	76.4	0.0	109.64	58.83	64.66	86.83	79.51	64.4	47.52	94.26	83.82	29.0	77.88	75.43	16.55	56.59	127.48	33.84	113.7	73.78	65.95	92.02	63.07	55.01	8.06	95.0	17.46	64.07	24.19	75.45	113.23	77.7	89.01	77.2	28.16	105.12	84.01	70.46	17.0	84.4	44.78	83.43	94.05	58.94	65.8	87.46	50.25	66.31	102.0
30	43.91	72.95	73.55	88.23	74.03	53.85	43.38	32.57	94.18	86.01	106.15	42.94	68.03	14.04	66.19	91.27	9.49	89.54	80.62	28.16	52.43	7.28	14.0	34.48	78.45	65.39	97.75	60.83	50.45	109.64	0.0	51.62	46.01	65.97	77.78	58.86	72.4	61.52	62.17	80.8	48.27	40.02	95.13	53.54	19.24	75.93	24.41	46.39	46.62	70.26	60.02	75.64	105.68	14.87	99.72	83.1	99.28	43.42	31.24	45.04	69.07	47.54	88.12	5.1	69.03	78.03	94.3	48.17	67.27	67.27	19.1	60.42	45.62	22.2	72.56	60.41	43.91
31	59.03	25.18	46.4	38.08	23.26	28.02	56.08	47.27	42.64	62.8	54.67	57.04	27.51	43.57	42.45	42.72	60.21	48.37	38.33	45.12	9.9	45.45	42.72	54.33	71.56	26.4	49.73	9.22	26.83	58.83	51.62	0.0	5.83	59.94	63.13	34.83	24.19	50.12	55.01	31.02	26.93	28.16	45.88	12.04	70.29	25.06	61.1	32.57	20.25	53.41	34.71	32.39	55.95	36.77	48.1	57.43	53.46	31.78	63.06	36.14	50.45	25.63	42.19	47.51	46.69	57.31	44.94	33.84	15.81	58.31	38.91	17.46	17.72	30.0	26.0	38.42	59.03
32	56.44	30.59	48.88	42.94	28.3	29.0	53.6	44.0	48.17	65.19	60.44	54.45	31.58	37.74	41.23	48.38	54.49	53.08	43.05	39.62	12.65	40.0	36.89	51.01	72.01	30.08	55.36	14.87	24.21	64.66	46.01	5.83	0.0	59.91	64.35	36.12	28.16	47.43	54.92	36.77	23.85	26.25	51.62	14.87	64.82	30.89	56.61	31.76	20.0	51.62	36.24	35.0	61.74	31.14	53.74	60.03	58.86	30.46	59.03	34.93	48.8	22.47	47.52	42.01	45.45	59.2	50.7	30.41	21.26	58.6	34.18	19.1	17.2	24.7	29.43	39.62	56.44
33	26.68	56.08	26.57	88.96	76.16	32.31	25.18	33.54	86.01	26.63	89.11	26.31	44.05	71.59	101.02	66.29	74.15	51.08	49.03	83.86	50.57	59.77	70.68	34.01	13.04	42.19	68.96	63.91	83.24	86.83	65.97	59.94	59.91	0.0	13.93	26.68	80.96	105.42	5.0	64.01	82.33	35.36	70.61	48.85	73.01	65.28	50.16	28.43	39.96	110.89	27.46	91.18	79.4	60.37	88.14	27.59	65.0	30.41	44.72	26.17	108.23	80.92	58.69	61.4	105.21	19.8	70.41	87.73	68.68	3.61	48.47	77.37	42.72	54.38	83.82	23.35	26.68
34	40.52	53.45	20.4	86.98	75.64	35.36	38.83	46.01	82.2	13.45	83.01	40.02	41.79	81.91	105.42	60.0	86.37	42.58	43.1	93.11	53.26	71.2	80.96	47.38	12.17	40.72	61.4	65.19	88.46	79.51	77.78	63.13	64.35	13.93	0.0	28.32	81.41	111.4	16.03	60.21	87.86	42.94	64.03	51.22	86.21	62.94	63.64	35.36	44.69	115.97	28.43	92.28	71.7	70.52	83.38	16.16	56.29	38.01	58.46	34.54	113.14	86.45	52.01	72.99	109.66	9.06	64.01	93.86	68.88	11.18	59.44	80.0	47.51	63.69	84.6	24.76	40.52
35	37.74	30.15	15.03	62.39	49.48	7.21	34.67	33.6	60.21	30.08	65.15	36.06	18.44	59.14	77.1	43.38	68.25	33.42	27.2	68.15	25.0	51.62	58.14	38.9	37.12	16.12	47.71	37.58	60.31	64.4	58.86	34.83	36.12	26.68	28.32	0.0	54.42	83.41	22.2	38.64	59.82	19.03	47.85	23.02	72.24	39.0	53.25	12.65	17.0	87.73	1.41	64.88	57.8	48.01	62.97	25.71	46.01	15.52	50.99	15.26	84.86	58.41	36.89	53.76	81.34	23.32	47.42	66.03	42.06	24.35	39.81	51.87	19.72	40.11	57.38	3.61	37.74
36	83.01	30.41	62.13	16.28	7.62	48.76	80.0	71.45	25.63	77.8	40.52	81.01	40.22	61.72	34.37	39.85	80.0	54.08	45.45	58.01	31.26	67.12	61.07	78.52	91.39	40.82	46.32	17.26	29.55	47.52	72.4	24.19	28.16	80.96	81.41	54.42	0.0	47.0	76.24	29.07	31.3	52.0	40.79	32.56	91.59	22.47	84.77	55.44	43.19	45.89	53.85	11.31	48.01	57.8	31.95	72.01	52.81	55.15	87.1	59.3	42.76	30.89	43.83	68.96	37.85	74.09	39.81	37.34	12.53	78.77	62.3	12.81	41.05	52.39	3.61	57.94	83.01
37	94.89	72.12	96.25	60.02	54.08	76.22	92.78	81.01	71.57	112.61	86.7	93.15	77.39	47.52	13.93	85.84	64.01	96.77	86.98	34.0	59.68	60.88	47.68	86.76	118.09	76.48	92.66	52.81	23.32	94.26	61.52	50.12	47.43	105.42	111.4	83.41	47.0	0.0	100.45	74.15	23.6	70.09	87.37	61.91	78.01	67.08	83.93	77.08	66.71	9.22	83.6	39.81	95.01	53.14	77.78	107.38	98.48	75.01	89.49	79.31	9.43	25.0	88.29	61.39	12.81	106.61	86.37	17.69	54.13	104.65	64.88	37.85	63.89	54.59	44.05	86.83	94.89
38	25.08	52.0	24.19	84.59	71.59	27.51	23.09	30.07	82.02	27.31	85.7	24.35	40.01	67.23	96.02	63.06	70.58	48.76	45.88	79.26	45.69	55.79	66.31	31.4	17.8	38.01	66.13	59.14	78.24	83.82	62.17	55.01	54.92	5.0	16.03	22.2	76.24	100.45	0.0	60.13	77.34	30.41	67.45	44.01	70.18	61.07	47.68	23.43	34.99	105.89	23.09	86.38	76.55	55.95	84.38	27.2	62.61	25.46	42.72	21.26	103.23	75.93	55.66	57.49	100.21	19.72	67.19	82.76	64.03	5.1	44.27	72.45	37.74	49.74	79.06	19.03	25.08
39	75.03	8.94	39.81	27.78	21.47	36.4	71.87	67.23	22.09	53.31	27.29	73.16	20.22	74.24	62.64	12.04	89.87	25.5	18.36	75.96	28.43	74.03	73.36	73.82	71.7	22.56	19.1	23.35	53.01	29.0	80.8	31.02	36.77	64.01	60.21	38.64	29.07	74.15	60.13	0.0	54.01	46.87	14.87	27.59	98.49	7.07	85.0	46.1	37.2	74.33	37.48	39.96	25.06	66.29	24.33	47.54	24.33	47.41	84.91	50.16	71.17	53.04	14.76	76.22	66.41	51.66	13.93	61.0	20.1	61.01	65.05	36.35	36.88	58.6	32.65	41.3	75.03
40	74.09	50.49	72.72	47.17	36.69	52.63	71.69	60.41	56.86	89.04	71.51	72.24	54.42	35.11	19.92	66.03	53.85	74.73	64.76	27.59	36.24	45.18	34.79	66.76	94.85	53.31	73.06	31.14	2.24	77.88	48.27	26.93	23.85	82.33	87.86	59.82	31.3	23.6	77.34	54.01	0.0	47.2	68.26	38.47	67.05	47.04	67.07	53.91	43.19	28.6	60.0	29.73	77.1	36.01	63.16	83.86	78.06	52.01	71.57	56.4	26.08	1.41	67.27	46.39	23.77	83.01	67.27	7.07	34.13	81.39	45.71	18.97	40.36	34.71	29.68	63.25	74.09
41	31.02	38.01	34.0	64.13	49.5	13.93	28.0	20.62	65.55	48.05	74.09	29.02	29.83	40.31	66.37	55.17	49.48	50.09	41.88	50.33	21.38	32.76	39.32	27.51	48.17	27.02	60.88	35.13	48.26	75.43	40.02	28.16	26.25	35.36	42.94	19.03	52.0	70.09	30.41	46.87	47.2	0.0	59.46	20.88	54.59	44.28	38.29	7.62	9.85	75.8	20.1	60.53	70.04	29.07	69.78	44.28	61.03	5.0	38.08	9.22	73.24	45.8	50.45	34.93	70.49	40.52	58.8	52.4	41.44	34.83	21.19	45.12	11.18	21.38	54.08	21.1	31.02
42	85.48	22.2	44.41	33.84	33.38	47.43	82.37	79.2	23.35	54.45	19.03	83.73	30.23	89.0	75.13	4.47	104.31	22.56	21.59	90.8	42.72	88.23	88.1	85.45	76.11	33.02	5.83	38.08	67.12	16.55	95.13	45.88	51.62	70.61	64.03	47.85	40.79	87.37	67.45	14.87	68.26	59.46	0.0	41.62	112.45	21.38	97.74	57.43	50.21	86.68	46.52	50.6	10.63	80.78	21.47	49.16	13.45	59.2	97.01	61.29	83.55	67.36	12.04	90.44	78.64	55.01	1.0	75.17	34.13	67.27	78.75	50.0	50.33	72.95	44.15	49.77	85.48
43	51.48	19.42	34.41	43.42	29.02	16.55	48.37	41.44	44.78	50.8	54.2	49.5	17.03	48.38	54.49	37.74	62.77	39.05	29.15	53.04	2.24	46.62	47.43	48.38	60.03	15.3	44.29	15.3	38.59	56.59	53.54	12.04	14.87	48.85	51.22	23.02	32.56	61.91	44.01	27.59	38.47	20.88	41.62	0.0	70.94	23.85	57.98	23.02	11.18	65.44	22.8	42.38	52.2	39.36	49.24	45.49	46.49	23.09	58.6	27.0	62.48	37.12	35.11	48.83	58.73	45.28	40.8	45.19	21.0	46.96	37.48	28.84	9.85	31.38	35.17	26.63	51.48
44	47.27	90.27	86.02	107.34	93.01	68.43	48.04	40.61	112.93	96.34	124.46	47.1	84.06	32.02	84.17	108.41	14.0	104.66	96.38	44.01	70.09	24.84	32.28	39.0	84.21	81.3	114.62	79.51	69.26	127.48	19.24	70.29	64.82	73.01	86.21	72.24	91.59	78.01	70.18	98.49	67.05	54.59	112.45	70.94	0.0	94.05	23.19	59.62	62.68	87.05	73.54	94.85	123.07	33.84	118.34	94.37	115.43	56.86	29.83	57.25	86.21	66.41	104.56	22.8	86.7	88.28	111.66	66.29	86.05	75.11	33.84	79.65	62.2	40.36	91.79	73.05	47.27
45	73.76	9.49	42.72	24.04	15.0	35.51	70.6	64.88	21.59	57.31	30.48	71.84	21.38	68.6	55.66	19.0	84.81	31.62	23.35	69.57	24.21	69.35	67.74	71.69	73.98	23.09	26.02	16.76	46.0	33.84	75.93	25.06	30.89	65.28	62.94	39.0	22.47	67.08	61.07	7.07	47.04	44.28	21.38	23.85	94.05	0.0	81.84	44.64	34.44	67.36	38.01	33.6	31.02	61.22	25.5	51.48	31.4	45.54	82.3	48.76	64.2	46.1	21.54	71.51	59.46	54.78	20.4	54.01	13.04	62.51	61.07	29.27	33.62	53.81	26.08	42.05	73.76
46	24.08	76.22	65.74	99.16	84.31	50.99	25.02	19.72	102.47	74.46	112.07	24.0	67.88	37.16	86.47	93.43	28.6	86.61	79.4	51.89	57.8	23.09	36.77	16.28	61.07	65.05	98.99	69.86	69.03	113.7	24.41	61.1	56.61	50.16	63.64	53.25	84.77	83.93	47.68	85.0	67.07	38.29	97.74	57.98	23.19	81.84	0.0	41.23	47.8	92.2	54.64	90.61	108.3	31.26	107.19	73.05	98.6	38.95	7.21	38.01	90.61	66.03	88.41	22.85	89.81	66.48	97.08	68.73	76.56	52.47	22.56	74.53	48.26	33.24	85.87	53.34	24.08
47	29.12	37.16	27.17	66.19	52.0	10.0	25.96	21.93	66.22	40.61	73.35	27.2	27.2	47.68	72.67	53.01	55.73	45.49	38.21	57.94	24.19	39.2	46.69	28.02	41.01	24.41	58.14	38.21	54.82	73.78	46.39	32.57	31.76	28.43	35.36	12.65	55.44	77.08	23.43	46.1	53.91	7.62	57.43	23.02	59.62	44.64	41.23	0.0	12.37	82.46	13.93	64.76	67.8	36.35	69.89	37.05	57.38	3.0	39.7	4.12	79.81	52.5	47.42	41.3	76.84	32.98	56.86	59.4	44.01	27.59	27.29	49.98	14.87	28.86	57.87	14.04	29.12
48	40.31	28.43	31.32	54.59	40.11	9.85	37.22	30.46	55.71	47.01	64.35	38.33	21.47	44.18	61.22	46.01	56.08	43.01	34.01	51.79	12.0	39.4	43.19	37.34	52.01	18.79	52.01	26.02	43.84	65.95	46.62	20.25	20.0	39.96	44.69	17.0	43.19	66.71	34.99	37.2	43.19	9.85	50.21	11.18	62.68	34.44	47.8	12.37	0.0	71.45	17.46	52.39	60.83	33.73	59.93	42.38	52.84	12.0	47.89	16.12	68.68	41.77	41.88	41.63	65.44	40.31	49.5	49.2	32.06	38.6	28.84	37.7	2.83	25.5	45.54	20.25	40.31
49	101.98	73.41	99.81	57.04	53.37	80.62	99.73	88.14	69.0	116.21	84.02	100.18	79.92	56.22	11.7	85.62	73.06	98.09	88.57	43.05	63.25	69.23	56.32	94.15	123.33	79.32	92.2	54.59	27.66	92.02	70.26	53.41	51.62	110.89	115.97	87.73	45.89	9.22	105.89	74.33	28.6	75.8	86.68	65.44	87.05	67.36	92.2	82.46	71.45	0.0	87.78	37.01	93.54	61.13	75.03	110.8	98.49	80.6	97.53	85.0	3.16	30.0	88.87	69.87	8.06	110.63	85.7	24.17	54.78	109.88	72.45	38.91	68.62	61.85	42.58	91.24	101.98
50	39.12	29.07	14.14	61.52	48.76	7.62	36.06	35.0	59.14	29.55	63.89	37.44	17.26	60.07	77.08	42.05	69.43	32.02	25.81	68.88	24.84	52.77	59.08	40.31	37.58	15.03	46.32	37.12	60.44	63.07	60.02	34.71	36.24	27.46	28.43	1.41	53.85	83.6	23.09	37.48	60.0	20.1	46.52	22.8	73.54	38.01	54.64	13.93	17.46	87.78	0.0	64.4	56.44	49.0	61.81	25.0	44.6	16.76	52.4	16.64	84.9	58.6	35.51	54.92	81.32	23.02	46.1	66.29	41.44	25.0	41.0	51.61	20.12	41.05	56.86	4.12	39.12
51	91.27	41.73	73.24	20.22	18.6	58.87	88.36	79.0	32.02	89.02	47.1	89.27	51.4	63.63	26.17	50.16	82.37	65.22	56.73	57.31	40.8	71.17	63.13	86.01	101.98	51.87	56.3	27.31	27.59	55.01	75.64	32.39	35.0	91.18	92.28	64.88	11.31	39.81	86.38	39.96	29.73	60.53	50.6	42.38	94.85	33.6	90.61	64.76	52.39	37.01	64.4	0.0	56.72	61.68	38.12	83.24	63.16	64.13	93.65	68.45	34.0	29.83	54.71	72.8	29.0	85.15	49.65	34.21	23.6	89.16	68.07	16.12	50.01	57.49	7.81	68.45	91.27
52	95.52	32.8	52.89	37.95	41.05	57.8	92.44	89.64	26.0	61.01	15.0	93.81	40.61	99.3	82.22	14.87	114.83	29.15	30.87	100.57	53.25	98.81	98.41	95.8	83.86	43.42	10.44	47.76	75.8	8.06	105.68	55.95	61.74	79.4	71.7	57.8	48.01	95.01	76.55	25.06	77.1	70.04	10.63	52.2	123.07	31.02	108.3	67.8	60.83	93.54	56.44	56.72	0.0	91.27	21.63	56.14	16.12	69.66	107.45	71.61	90.45	76.3	21.02	101.02	85.48	62.65	11.4	83.86	43.17	75.96	89.38	58.42	60.96	83.49	51.09	59.48	95.52
53	43.28	58.67	63.03	73.5	59.2	42.11	41.73	29.7	79.31	76.94	91.35	41.77	54.71	11.4	55.23	77.03	23.6	76.66	67.36	24.08	38.08	9.49	10.44	34.41	73.36	52.2	83.65	45.97	38.05	95.0	14.87	36.77	31.14	60.37	70.52	48.01	57.8	53.14	55.95	66.29	36.01	29.07	80.78	39.36	33.84	61.22	31.26	36.35	33.73	61.13	49.0	61.68	91.27	0.0	84.86	73.33	85.62	33.38	36.4	36.14	59.44	35.06	74.32	11.18	58.55	69.23	79.92	37.48	52.4	60.93	12.73	46.1	32.28	8.25	58.14	50.16	43.28
54	98.98	32.98	63.13	18.0	26.93	60.44	95.82	90.38	6.32	74.95	9.0	97.08	44.55	90.91	64.28	24.35	108.21	43.66	40.31	89.19	49.4	93.51	90.14	97.17	95.19	46.87	26.63	38.9	61.47	17.46	99.72	48.1	53.74	88.14	83.38	62.97	31.95	77.78	84.38	24.33	63.16	69.78	21.47	49.24	118.34	25.5	107.19	69.89	59.93	75.03	61.81	38.12	21.63	84.86	0.0	69.43	34.41	70.94	107.78	74.0	72.06	62.65	32.28	95.59	67.07	74.55	21.02	69.29	32.56	85.05	86.02	44.28	59.06	77.99	34.21	65.62	98.98
55	51.97	42.19	11.18	75.15	65.46	32.57	49.65	53.85	68.96	5.83	68.18	51.0	31.89	84.59	99.64	45.4	92.27	27.02	29.41	93.86	47.71	76.03	83.6	57.01	28.16	31.83	46.01	57.28	84.06	64.07	83.1	57.43	60.03	27.59	16.16	25.71	72.01	107.38	27.2	47.54	83.86	44.28	49.16	45.49	94.37	51.48	73.05	37.05	42.38	110.8	25.0	83.24	56.14	73.33	69.43	0.0	40.45	40.05	68.94	38.05	107.8	82.49	37.34	78.06	103.86	7.81	49.25	90.43	59.67	24.04	64.03	72.92	44.94	65.62	75.43	23.19	51.97
56	83.41	28.28	38.48	47.2	45.22	47.63	80.43	79.25	36.77	45.1	30.08	81.84	31.38	94.87	86.83	13.0	108.69	13.93	19.21	98.48	48.08	92.13	93.92	84.86	68.45	34.13	7.81	47.0	77.16	24.19	99.28	53.46	58.86	65.0	56.29	46.01	52.81	98.48	62.61	24.33	78.06	61.03	13.45	46.49	115.43	31.4	98.6	57.38	52.84	98.49	44.6	63.16	16.12	85.62	34.41	40.45	0.0	59.67	96.88	60.83	95.34	77.03	11.4	94.37	90.52	47.3	14.21	85.09	44.41	61.47	81.63	60.67	53.67	77.47	56.3	47.01	83.41
57	28.44	38.47	30.15	66.48	52.09	12.04	25.32	20.0	67.05	43.57	74.71	26.48	29.07	44.72	71.02	54.82	52.77	48.02	40.46	55.15	24.0	36.22	43.74	26.42	43.19	26.25	60.14	38.01	53.01	75.45	43.42	31.78	30.46	30.41	38.01	15.52	55.15	75.01	25.46	47.41	52.01	5.0	59.2	23.09	56.86	45.54	38.95	3.0	12.0	80.6	16.76	64.13	69.66	33.38	70.94	40.05	59.67	0.0	37.8	4.47	78.01	50.61	49.5	38.33	75.17	35.9	58.6	57.31	44.05	29.83	24.33	49.04	14.14	25.96	57.43	17.03	28.44
58	18.11	76.01	62.43	100.88	86.02	49.68	19.65	17.8	103.37	69.89	112.16	18.44	66.84	43.42	91.24	92.62	35.81	84.39	77.79	58.18	58.69	29.07	42.94	12.21	55.01	64.03	97.84	71.47	73.44	113.23	31.24	63.06	59.03	44.72	58.46	50.99	87.1	89.49	42.72	84.91	71.57	38.08	97.01	58.6	29.83	82.3	7.21	39.7	47.89	97.53	52.4	93.65	107.45	36.4	107.78	68.94	96.88	37.8	0.0	36.07	95.8	70.46	87.11	29.15	94.73	62.03	96.4	73.76	78.11	47.3	26.02	77.52	48.75	37.05	88.46	50.61	18.11
