vehicles
vehicle_idx, capacity, cost_per_unit_distance
1,100,1
2,100,1
3,100,1
4,100,1
5,100,1
6,100,1
7,100,1
8,100,1
9,100,1
10,100,1
depot
node_idx,x,y
0,76,75
home delivery customers
node_idx,x,y,service_time,demand
1,60,14,10,11
2,46,5,10,20
3,91,14,10,26
4,70,95,10,17
5,86,31,10,5
6,21,15,10,15
7,95,45,10,22
8,16,89,10,2
9,41,1,10,22
10,55,25,10,20
11,71,41,10,20
12,39,35,10,21
13,80,36,10,12
14,100,26,10,5
15,69,50,10,12
16,76,90,10,17
17,1,40,10,26
18,15,91,10,12
19,65,54,10,6
20,60,34,10,17
21,40,96,10,25
22,31,41,10,22
self pickup customers
node_idx,x,y,service_time,demand,locker_idxs
23,20,0,10,17,64
24,46,1,10,16,77-64
25,61,70,10,26,74-63
26,65,85,10,11,63-67
27,19,71,10,21,70
28,36,61,10,12,70-78
29,41,75,10,16,70-66
30,35,100,10,15,74-66
31,79,81,10,16,78-67-63
32,74,99,10,16,67-63
33,100,6,10,6,65
34,25,86,10,11,70-66
35,75,16,10,1,69-68-65
36,75,80,10,21,78-72-67-63
37,56,81,10,1,74-63
38,25,76,10,6,70
39,60,54,10,25,78
40,20,71,10,16,76-70
41,94,45,10,5,75
42,40,49,10,17,76-72-71
flexible customers
node_idx,x,y,service_time,demand,locker_idxs
43,41,55,10,1,71-72-76-78
44,60,94,10,25,74-78-63-67
45,40,51,10,5,78-72-76-71
46,34,50,10,17,76-71
47,61,94,10,15,74-78-63-67
48,19,11,10,21,64
49,51,91,10,12,72-78-74-63-67
50,61,54,10,2,75-73-72-78-76
51,21,11,10,22,64
52,34,36,10,21,69-71-76-64
53,75,14,10,2,77-69-75-68-65
54,55,10,10,2,77-69-73-68
55,99,91,10,10,67
56,30,45,10,63,71-76
57,21,85,10,10,70-66
58,71,35,10,7,69-73-75-68
59,85,76,10,26,67-63
60,41,44,10,10,69-73-71-76
61,6,55,10,25,66
62,56,80,10,6,72-78-74-63-67
lockers
node_idx,x,y,service_time,capacity,cost_per_unit_good
63,65,88,10,91
64,25,15,10,99
65,93,12,10,76
66,22,88,10,83
67,77,88,10,83
68,72,14,10,98
69,59,25,10,98
70,24,84,10,99
71,41,33,10,100
72,59,67,10,86
73,61,30,10,78
74,49,90,10,95
75,75,30,10,73
76,35,63,10,89
77,57,12,10,91
78,56,73,10,75
mrt lines
start_node_idx,end_node_idx,freight_capacity,cost_per_unit_good
63,64,99,1.5
64,63,99,1.5
65,66,83,1.5
66,65,83,1.5
distance matrix
,0,1,2,3,4,5,6,7,8,9,10,11,12,13,14,15,16,17,18,19,20,21,22,23,24,25,26,27,28,29,30,31,32,33,34,35,36,37,38,39,40,41,42,43,44,45,46,47,48,49,50,51,52,53,54,55,56,57,58,59,60,61,62,63,64,65,66,67,68,69,70,71,72,73,74,75,76,77,78,
0,0.0,63.06,76.16,62.82,20.88,45.12,81.39,35.51,61.61,81.86,54.23,34.37,54.49,39.2,54.56,25.96,15.0,82.76,63.06,23.71,44.01,41.68,56.4,93.6,79.85,15.81,14.87,57.14,42.38,35.0,48.02,6.71,24.08,73.05,52.17,59.01,5.1,20.88,51.01,26.4,56.14,34.99,44.41,40.31,24.84,43.27,48.88,24.21,85.7,29.68,25.81,84.39,57.31,61.01,68.31,28.02,54.92,55.9,40.31,9.06,46.75,72.8,20.62,17.03,78.75,65.25,55.54,13.04,61.13,52.81,52.77,54.67,18.79,47.43,30.89,45.01,42.72,65.8,20.1
1,63.06,0.0,16.64,31.0,81.61,31.06,39.01,46.75,86.95,23.02,12.08,29.15,29.7,29.73,41.76,37.11,77.67,64.47,89.19,40.31,20.0,84.4,39.62,42.38,19.1,56.01,71.18,70.21,52.77,63.89,89.56,69.64,86.15,40.79,80.06,15.13,67.68,67.12,71.2,40.0,69.63,46.01,40.31,45.19,80.0,42.06,44.41,80.01,41.11,77.52,40.01,39.12,34.06,15.0,6.4,86.31,43.14,81.01,23.71,66.85,35.51,67.8,66.12,74.17,35.01,33.06,83.19,75.93,12.0,11.05,78.71,26.87,53.01,16.03,76.79,21.93,55.01,3.61,59.14
2,76.16,16.64,0.0,45.89,93.15,47.71,26.93,63.25,89.2,6.4,21.93,43.83,30.81,46.01,57.94,50.54,90.14,57.01,91.42,52.55,32.2,91.2,39.0,26.48,4.0,66.71,82.23,71.31,56.89,70.18,95.63,82.86,98.08,54.01,83.68,31.02,80.41,76.66,74.04,50.96,70.94,62.48,44.41,50.25,90.09,46.39,46.57,90.26,27.66,86.15,51.24,25.71,33.24,30.36,10.3,101.02,43.08,83.82,39.05,81.01,39.32,64.03,75.66,85.15,23.26,47.52,86.4,88.6,27.51,23.85,82.01,28.44,63.35,29.15,85.05,38.29,59.03,13.04,68.73
3,62.82,31.0,45.89,0.0,83.68,17.72,70.01,31.26,106.07,51.66,37.64,33.6,56.08,24.6,15.0,42.19,77.47,93.68,108.19,47.71,36.89,96.57,65.8,72.37,46.84,63.53,75.61,91.83,72.35,78.87,102.63,68.07,86.68,12.04,97.67,16.12,67.91,75.59,90.55,50.61,91.05,31.14,61.85,64.66,85.8,63.01,67.42,85.44,72.06,86.77,50.0,70.06,61.1,16.0,36.22,77.41,68.43,99.7,29.0,62.29,58.31,94.37,74.71,78.43,66.01,2.83,101.18,75.31,19.0,33.84,96.9,53.49,61.91,34.0,86.83,22.63,74.41,34.06,68.6
4,20.88,81.61,93.15,83.68,0.0,65.97,93.81,55.9,54.33,98.37,71.59,54.01,67.54,59.84,75.24,45.01,7.81,88.24,55.15,41.3,61.81,30.02,66.61,107.35,97.02,26.57,11.18,56.36,48.08,35.23,35.36,16.64,5.66,93.92,45.89,79.16,15.81,19.8,48.85,42.2,55.46,55.46,54.92,49.41,10.05,53.25,57.63,9.06,98.27,19.42,41.98,97.25,69.12,81.15,86.31,29.27,64.03,50.01,60.01,24.21,58.67,75.47,20.52,8.6,91.79,86.13,48.51,9.9,81.02,70.86,47.3,68.45,30.08,65.62,21.59,65.19,47.42,84.01,26.08
5,45.12,31.06,47.71,17.72,65.97,0.0,66.94,16.64,90.91,54.08,31.58,18.03,47.17,7.81,14.87,25.5,59.84,85.48,92.96,31.14,26.17,79.63,55.9,72.92,50.0,46.32,57.94,78.03,58.31,62.94,85.8,50.49,69.05,28.65,82.13,18.6,50.22,58.31,75.8,34.71,77.18,16.12,49.4,51.0,68.15,50.16,55.36,67.78,69.92,69.46,33.97,68.01,52.24,20.25,37.44,61.39,57.72,84.5,15.52,45.01,46.84,83.52,57.45,60.75,63.06,20.25,85.7,57.71,22.02,27.66,81.57,45.04,45.0,25.02,69.64,11.05,60.21,34.67,51.61
6,81.39,39.01,26.93,70.01,93.81,66.94,0.0,79.85,74.17,24.41,35.44,56.36,26.91,62.63,79.76,59.41,93.01,32.02,76.24,58.8,43.38,83.2,27.86,15.03,28.65,68.01,82.68,56.04,48.38,63.25,86.15,87.86,99.32,79.51,71.11,54.01,84.5,74.71,61.13,55.15,56.01,78.92,38.95,44.72,88.1,40.71,37.34,88.55,4.47,81.71,55.87,4.0,24.7,54.01,34.37,108.9,31.32,70.0,53.85,88.41,35.23,42.72,73.82,85.23,4.0,72.06,73.01,92.01,51.01,39.29,69.07,26.91,64.4,42.72,80.06,56.04,50.0,36.12,67.74
7,35.51,46.75,63.25,31.26,55.9,16.64,79.85,0.0,90.43,69.66,44.72,24.33,56.89,17.49,19.65,26.48,48.85,94.13,92.28,31.32,36.69,75.01,64.12,87.46,65.86,42.2,50.0,80.32,61.13,61.77,81.39,39.4,57.94,39.32,81.12,35.23,40.31,53.08,76.56,36.14,79.38,1.0,55.15,54.92,60.22,55.33,61.2,59.64,83.26,63.66,35.17,81.44,61.66,36.89,53.15,46.17,65.0,84.12,26.0,32.57,54.01,89.56,52.4,52.43,76.16,33.06,84.72,46.62,38.6,41.18,81.01,55.32,42.19,37.16,64.35,25.0,62.64,50.33,48.01
8,61.61,86.95,89.2,106.07,54.33,90.91,74.17,90.43,0.0,91.48,74.95,73.0,58.69,83.1,105.0,65.8,60.01,51.24,2.24,60.22,70.43,25.0,50.29,89.09,92.97,48.85,49.16,18.25,34.41,28.65,21.95,63.51,58.86,118.09,9.49,93.86,59.68,40.79,15.81,56.22,18.44,89.55,46.65,42.2,44.28,44.94,42.95,45.28,78.06,35.06,57.01,78.16,55.97,95.43,88.1,83.02,46.17,6.4,77.08,70.21,51.48,35.44,41.0,49.01,74.55,108.89,6.08,61.01,93.6,77.1,9.43,61.33,48.3,74.2,33.02,83.44,32.2,87.24,43.08
9,81.86,23.02,6.4,51.66,98.37,54.08,24.41,69.66,91.48,0.0,27.78,50.0,34.06,52.4,64.08,56.44,95.63,55.87,93.68,58.18,38.08,95.01,41.23,21.02,5.0,71.84,87.36,73.38,60.21,74.0,99.18,88.57,103.41,59.21,86.49,37.16,86.01,81.39,76.69,56.3,73.08,68.88,48.01,54.0,94.92,50.01,49.5,95.13,24.17,90.55,56.65,22.36,35.69,36.4,16.64,107.07,45.35,86.35,45.34,86.95,43.0,64.35,80.41,90.25,21.26,53.15,89.05,94.15,33.62,30.0,84.72,32.0,68.41,35.23,89.36,44.69,62.29,19.42,73.55
10,54.23,12.08,21.93,37.64,71.59,31.58,35.44,44.72,74.95,27.78,0.0,22.63,18.87,27.31,45.01,28.65,68.31,56.04,77.18,30.68,10.3,72.57,28.84,43.01,25.63,45.4,60.83,58.41,40.71,51.92,77.62,60.93,76.4,48.85,67.98,21.93,58.52,56.01,59.17,29.43,57.8,43.83,28.3,33.11,69.18,30.02,32.65,69.26,38.63,66.12,29.61,36.77,23.71,22.83,15.0,79.32,32.02,68.96,18.87,59.17,23.6,57.45,55.01,63.79,31.62,40.16,71.12,66.73,20.25,4.0,66.65,16.12,42.19,7.81,65.28,20.62,42.94,13.15,48.01
11,34.37,29.15,43.83,33.6,54.01,18.03,56.36,24.33,73.0,50.0,22.63,0.0,32.56,10.3,32.65,9.22,49.25,70.01,75.07,14.32,13.04,63.13,40.0,65.44,47.17,30.68,44.41,60.03,40.31,45.34,69.12,40.79,58.08,45.45,64.35,25.32,39.2,42.72,57.8,17.03,59.17,23.35,32.02,33.11,54.13,32.57,38.08,53.94,60.03,53.85,16.4,58.31,37.34,27.29,34.89,57.31,41.19,66.6,6.0,37.7,30.15,66.49,41.79,47.38,52.84,36.4,67.9,47.38,27.02,20.0,63.7,31.05,28.64,14.87,53.71,11.7,42.19,32.2,35.34
12,54.49,29.7,30.81,56.08,67.54,47.17,26.91,56.89,58.69,34.06,18.87,32.56,0.0,41.01,61.66,33.54,66.29,38.33,60.93,32.2,21.02,61.01,10.0,39.82,34.71,41.34,56.36,41.18,26.17,40.05,65.12,60.96,72.95,67.54,52.89,40.71,57.63,49.04,43.32,28.32,40.71,55.9,14.04,20.1,62.63,16.03,15.81,62.97,31.24,57.27,29.07,30.0,5.1,41.68,29.68,82.07,13.45,53.14,32.0,61.62,9.22,38.59,48.1,59.03,24.41,58.69,55.66,65.22,39.12,22.36,51.24,2.83,37.74,22.56,55.9,36.35,28.28,29.21,41.63
13,39.2,29.73,46.01,24.6,59.84,7.81,62.63,17.49,83.1,52.4,27.31,10.3,41.01,0.0,22.36,17.8,54.15,79.1,85.15,23.43,20.1,72.11,49.25,69.97,48.8,38.95,51.24,70.33,50.61,55.15,78.24,45.01,63.29,36.06,74.33,20.62,44.28,51.0,68.01,26.91,69.46,16.64,42.06,43.38,61.35,42.72,48.08,61.03,65.92,62.18,26.17,64.08,46.0,22.56,36.07,58.19,50.8,76.69,9.06,40.31,39.81,76.4,50.12,54.12,58.87,27.29,77.9,52.09,23.41,23.71,73.76,39.12,37.44,19.92,62.27,7.81,52.48,33.24,44.1
14,54.56,41.76,57.94,15.0,75.24,14.87,79.76,19.65,105.0,64.08,45.01,32.65,61.66,22.36,0.0,39.2,68.35,99.98,107.0,44.82,40.79,92.2,70.61,84.12,59.51,58.8,68.6,92.66,72.95,76.69,98.49,58.87,77.49,20.0,96.05,26.93,59.51,70.43,90.14,48.83,91.79,19.92,64.26,65.74,78.89,65.0,70.23,78.39,82.38,81.4,48.01,80.41,66.75,27.73,47.76,65.01,72.53,98.6,30.36,52.2,61.68,98.37,69.66,71.2,75.8,15.65,99.64,66.13,30.46,41.01,95.6,59.41,57.98,39.2,81.84,25.32,74.79,45.22,64.38
15,25.96,37.11,50.54,42.19,45.01,25.5,59.41,26.48,65.8,56.44,28.65,9.22,33.54,17.8,39.2,0.0,40.61,68.73,67.8,5.66,18.36,54.38,39.05,70.01,54.13,21.54,35.23,54.23,34.79,37.54,60.46,32.57,49.25,53.82,56.85,34.53,30.59,33.62,51.11,9.85,53.31,25.5,29.02,28.44,44.91,29.02,35.0,44.72,63.41,44.78,8.94,61.85,37.7,36.5,42.38,50.8,39.32,59.41,15.13,30.53,28.64,63.2,32.7,38.21,56.22,44.94,60.44,38.83,36.12,26.93,56.4,32.76,19.72,21.54,44.72,20.88,36.4,39.85,26.42
16,15.0,77.67,90.14,77.47,7.81,59.84,93.01,48.85,60.01,95.63,68.31,49.25,66.29,54.15,68.35,40.61,0.0,90.14,61.01,37.64,58.24,36.5,66.53,106.0,93.92,25.0,12.08,60.08,49.41,38.08,42.2,9.49,9.22,87.36,51.16,74.01,10.05,21.93,52.89,39.4,59.14,48.47,54.56,49.5,16.49,53.08,58.0,15.52,97.42,25.02,39.0,96.26,68.41,76.01,82.71,23.02,64.35,55.23,55.23,16.64,57.8,78.26,22.36,11.18,90.7,79.83,54.04,2.24,76.11,67.19,52.35,66.89,28.6,61.85,27.0,60.01,49.09,80.28,26.25
17,82.76,64.47,57.01,93.68,88.24,85.48,32.02,94.13,51.24,55.87,56.04,70.01,38.33,79.1,99.98,68.73,90.14,0.0,52.89,65.51,59.3,68.24,30.02,44.28,59.55,67.08,78.24,35.85,40.82,53.15,68.96,88.12,93.86,104.68,51.88,77.79,84.12,68.6,43.27,60.64,36.36,93.13,40.02,42.72,79.98,40.52,34.48,80.72,34.13,71.42,61.61,35.23,33.24,78.43,61.77,110.48,29.43,49.24,70.18,91.39,40.2,15.81,68.01,80.0,34.66,96.17,52.39,89.89,75.61,59.91,49.65,40.61,63.98,60.83,69.31,74.67,41.05,62.61,64.14
18,63.06,89.19,91.42,108.19,55.15,92.96,76.24,92.28,2.24,93.68,77.18,75.07,60.93,85.15,107.0,67.8,61.01,52.89,0.0,62.2,72.62,25.5,52.5,91.14,95.19,50.57,50.36,20.4,36.62,30.53,21.93,64.78,59.54,120.21,11.18,96.05,61.0,42.2,18.03,58.26,20.62,91.42,48.88,44.41,45.1,47.17,45.19,46.1,80.1,36.0,59.03,80.22,58.19,97.62,90.34,84.0,48.38,8.49,79.2,71.59,53.71,37.11,42.45,50.09,76.66,111.02,7.62,62.07,95.8,79.32,11.4,63.56,50.12,76.4,34.01,85.56,34.41,89.47,44.78
19,23.71,40.31,52.55,47.71,41.3,31.14,58.8,31.32,60.22,58.18,30.68,14.32,32.2,23.43,44.82,5.66,37.64,65.51,62.2,0.0,20.62,48.88,36.4,70.29,56.3,16.49,31.0,49.04,29.83,31.89,54.92,30.41,45.89,59.41,51.22,39.29,27.86,28.46,45.65,5.0,48.1,30.36,25.5,24.02,40.31,25.18,31.26,40.2,62.97,39.56,4.0,61.52,35.85,41.23,45.12,50.25,36.14,53.82,19.92,29.73,26.0,59.01,27.51,34.0,55.87,50.48,54.82,36.06,40.61,29.61,50.8,31.89,14.32,24.33,39.4,26.0,31.32,42.76,21.02
20,44.01,20.0,32.2,36.89,61.81,26.17,43.38,36.69,70.43,38.08,10.3,13.04,21.02,20.1,40.79,18.36,58.24,59.3,72.62,20.62,0.0,65.15,29.83,52.5,35.85,36.01,51.24,55.23,36.12,45.19,70.58,50.7,66.49,48.83,62.68,23.43,48.38,47.17,54.67,20.0,54.49,35.74,25.0,28.32,60.0,26.25,30.53,60.01,47.01,57.71,20.02,45.28,26.08,25.0,24.52,69.07,31.95,64.2,11.05,48.88,21.47,57.94,46.17,54.23,39.82,39.66,66.03,56.61,23.32,9.06,61.61,19.03,33.02,4.12,57.07,15.52,38.29,22.2,39.2
21,41.68,84.4,91.2,96.57,30.02,79.63,83.2,75.01,25.0,95.01,72.57,63.13,61.01,72.11,92.2,54.38,36.5,68.24,25.5,48.88,65.15,0.0,55.73,98.06,95.19,33.42,27.31,32.65,35.23,21.02,6.4,41.79,34.13,108.17,18.03,87.32,38.48,21.93,25.0,46.52,32.02,74.28,47.0,41.01,20.1,45.0,46.39,21.1,87.56,12.08,46.96,87.1,60.3,89.16,87.3,59.21,51.97,21.95,68.43,49.24,52.01,53.26,22.63,26.25,82.38,99.32,19.7,37.85,88.02,73.5,20.0,63.01,34.67,69.26,10.82,74.71,33.38,85.7,28.02
22,56.4,39.62,39.0,65.8,66.61,55.9,27.86,64.12,50.29,41.23,28.84,40.0,10.0,49.25,70.61,39.05,66.53,30.02,52.5,36.4,29.83,55.73,0.0,42.45,42.72,41.73,55.61,32.31,20.62,35.44,59.14,62.48,72.2,77.37,45.4,50.61,58.8,47.17,35.51,31.78,31.95,63.13,12.04,17.2,60.42,13.45,9.49,60.9,32.31,53.85,32.7,31.62,5.83,51.62,39.2,84.4,4.12,45.12,40.45,64.35,10.44,28.65,46.32,58.01,26.68,68.45,47.85,65.76,49.09,32.25,43.57,12.81,38.21,31.95,52.2,45.35,22.36,38.95,40.61
23,93.6,42.38,26.48,72.37,107.35,72.92,15.03,87.46,89.09,21.02,43.01,65.44,39.82,69.97,84.12,70.01,106.0,44.28,91.14,70.29,52.5,98.06,42.45,0.0,26.02,81.12,96.18,71.01,63.06,77.88,101.12,100.21,112.77,80.22,86.15,57.28,97.08,88.64,76.16,67.2,71.0,86.61,52.92,58.87,102.16,54.78,51.92,102.55,11.05,96.14,67.8,11.05,38.63,56.75,36.4,120.51,46.1,85.01,61.85,100.0,48.75,56.75,87.73,98.84,15.81,73.98,88.02,104.85,53.85,46.32,84.1,39.12,77.52,50.8,94.56,62.65,64.76,38.9,81.39
24,79.85,19.1,4.0,46.84,97.02,50.0,28.65,65.86,92.97,5.0,25.63,47.17,34.71,48.8,59.51,54.13,93.92,59.55,95.19,56.3,35.85,95.19,42.72,26.02,0.0,70.61,86.12,75.03,60.83,74.17,99.61,86.54,101.92,54.23,87.56,32.65,84.15,80.62,77.88,54.82,74.67,65.12,48.37,54.23,94.05,50.36,50.45,94.2,28.79,90.14,55.08,26.93,37.0,31.78,12.73,104.45,46.82,87.64,42.2,84.53,43.29,67.2,79.63,89.05,25.24,48.27,90.25,92.36,29.07,27.29,85.87,32.39,67.27,32.65,89.05,41.01,62.97,15.56,72.69
25,15.81,56.01,66.71,63.53,26.57,46.32,68.01,42.2,48.85,71.84,45.4,30.68,41.34,38.95,58.8,21.54,25.0,67.08,50.57,16.49,36.01,33.42,41.73,81.12,70.61,0.0,15.52,42.01,26.57,20.62,39.7,21.1,31.78,74.95,39.4,55.79,17.2,12.08,36.5,16.03,41.01,41.4,29.7,25.0,24.02,28.32,33.6,24.0,72.42,23.26,16.0,71.28,43.42,57.72,60.3,43.42,39.82,42.72,36.4,24.74,32.8,57.01,11.18,18.44,65.73,66.24,42.95,24.08,57.07,45.04,39.56,42.06,3.61,40.0,23.32,42.38,26.93,58.14,5.83
26,14.87,71.18,82.23,75.61,11.18,57.94,82.68,50.0,49.16,87.36,60.83,44.41,56.36,51.24,68.6,35.23,12.08,78.24,50.36,31.0,51.24,27.31,55.61,96.18,86.12,15.52,0.0,48.08,37.64,26.0,33.54,14.56,16.64,86.41,40.01,69.72,11.18,9.85,41.0,31.4,47.13,49.41,43.83,38.42,10.3,42.2,46.75,9.85,87.13,15.23,31.26,86.09,57.98,71.7,75.66,34.53,53.15,44.0,50.36,21.93,47.51,66.19,10.3,3.0,80.62,78.19,43.1,12.37,71.34,60.3,41.01,57.27,18.97,55.15,16.76,55.9,37.2,73.44,15.0
27,57.14,70.21,71.31,91.83,56.36,78.03,56.04,80.32,18.25,73.38,58.41,60.03,41.18,70.33,92.66,54.23,60.08,35.85,20.4,49.04,55.23,32.65,32.31,71.01,75.03,42.01,48.08,0.0,19.72,22.36,33.12,60.83,61.72,103.86,16.16,78.49,56.72,38.33,7.81,44.38,1.0,79.38,30.41,27.2,47.01,29.0,25.81,47.89,60.0,37.74,45.31,60.03,38.08,79.91,70.83,82.46,28.23,14.14,63.25,66.19,34.83,20.62,38.08,49.04,56.32,94.64,17.26,60.44,77.83,60.96,13.93,43.91,40.2,58.69,35.51,69.4,17.89,70.18,37.05
28,42.38,52.77,56.89,72.35,48.08,58.31,48.38,61.13,34.41,60.21,40.71,40.31,26.17,50.61,72.95,34.79,49.41,40.82,36.62,29.83,36.12,35.23,20.62,63.06,60.83,26.57,37.64,19.72,0.0,14.87,39.01,47.42,53.74,84.39,27.31,59.55,43.38,28.28,18.6,25.0,18.87,60.17,12.65,7.81,40.8,10.77,11.18,41.4,52.81,33.54,25.96,52.2,25.08,61.07,54.42,69.78,17.09,28.3,43.6,51.24,17.72,30.59,27.59,39.62,47.3,75.17,30.41,49.09,59.2,42.72,25.94,28.44,23.77,39.82,31.78,49.82,2.24,53.31,23.32
29,35.0,63.89,70.18,78.87,35.23,62.94,63.25,61.77,28.65,74.0,51.92,45.34,40.05,55.15,76.69,37.54,38.08,53.15,30.53,31.89,45.19,21.02,35.44,77.88,74.17,20.62,26.0,22.36,14.87,0.0,25.71,38.47,40.8,90.79,19.42,68.1,34.37,16.16,16.03,28.32,21.38,60.9,26.02,20.0,26.87,24.02,25.96,27.59,67.68,18.87,29.0,67.05,39.62,69.84,66.49,60.17,31.95,22.36,50.0,44.01,31.0,40.31,15.81,27.29,62.1,81.69,23.02,38.28,68.43,53.14,19.24,42.0,19.7,49.24,17.0,56.4,13.42,65.0,15.13
30,48.02,89.56,95.63,102.63,35.36,85.8,86.15,81.39,21.95,99.18,77.62,69.12,65.12,78.24,98.49,60.46,42.2,68.96,21.93,54.92,70.58,6.4,59.14,101.12,99.61,39.7,33.54,33.12,39.01,25.71,0.0,47.93,39.01,114.28,17.2,93.04,44.72,28.32,26.0,52.35,32.65,80.66,51.24,45.4,25.71,49.25,50.01,26.68,90.43,18.36,52.84,90.09,64.01,94.85,92.2,64.63,55.23,20.52,74.3,55.46,56.32,53.54,29.0,32.31,85.59,105.39,17.69,43.68,93.62,78.75,19.42,67.27,40.8,74.67,17.2,80.62,37.0,90.71,34.21
31,6.71,69.64,82.86,68.07,16.64,50.49,87.86,39.4,63.51,88.57,60.93,40.79,60.96,45.01,58.87,32.57,9.49,88.12,64.78,30.41,50.7,41.79,62.48,100.21,86.54,21.1,14.56,60.83,47.42,38.47,47.93,0.0,18.68,77.88,54.23,65.12,4.12,23.0,54.23,33.02,59.84,39.0,50.45,46.04,23.02,49.2,54.64,22.2,92.2,29.73,32.45,90.91,63.64,67.12,74.95,22.36,60.8,58.14,46.69,7.81,53.04,77.49,23.02,15.65,85.28,70.41,57.43,7.28,67.36,59.46,55.08,61.22,24.41,54.08,31.32,51.16,47.54,72.42,24.35
32,24.08,86.15,98.08,86.68,5.66,69.05,99.32,57.94,58.86,103.41,76.4,58.08,72.95,63.29,77.49,49.25,9.22,93.86,59.54,45.89,66.49,34.13,72.2,112.77,101.92,31.78,16.64,61.72,53.74,40.8,39.01,18.68,0.0,96.57,50.7,83.01,19.03,25.46,54.13,47.13,60.83,57.58,60.46,55.0,14.87,58.82,63.25,13.93,103.77,24.35,46.84,102.73,74.63,85.01,91.01,26.25,69.66,54.82,64.07,25.5,64.14,80.99,26.17,14.21,97.25,89.05,53.15,11.4,85.02,75.5,52.2,73.79,35.34,70.21,26.57,69.01,53.08,88.65,31.62
33,73.05,40.79,54.01,12.04,93.92,28.65,79.51,39.32,118.09,59.21,48.85,45.45,67.54,36.06,20.0,53.82,87.36,104.68,120.21,59.41,48.83,108.17,77.37,80.22,54.23,74.95,86.41,103.86,84.39,90.79,114.28,77.88,96.57,0.0,109.66,26.93,78.11,86.95,102.59,62.48,103.08,39.46,73.82,76.69,96.66,75.0,79.32,96.25,81.15,98.11,61.85,79.16,72.5,26.25,45.18,85.01,80.13,111.72,41.01,71.59,70.18,106.0,86.09,89.16,75.54,9.22,113.17,85.16,29.12,45.19,108.9,64.88,73.5,45.79,98.27,34.66,86.45,43.42,80.16
34,52.17,80.06,83.68,97.67,45.89,82.13,71.11,81.12,9.49,86.49,67.98,64.35,52.89,74.33,96.05,56.85,51.16,51.88,11.18,51.22,62.68,18.03,45.4,86.15,87.56,39.4,40.01,16.16,27.31,19.42,17.2,54.23,50.7,109.66,0.0,86.02,50.36,31.4,10.0,47.42,15.81,80.26,39.92,34.89,35.9,38.08,37.11,36.88,75.24,26.48,48.17,75.11,50.8,87.66,81.71,74.17,41.3,4.12,68.68,60.83,44.94,36.36,31.58,40.05,71.0,100.5,3.61,52.04,85.98,69.84,2.24,55.36,38.95,66.57,24.33,75.07,25.08,80.62,33.62
35,59.01,15.13,31.02,16.12,79.16,18.6,54.01,35.23,93.86,37.16,21.93,25.32,40.71,20.62,26.93,34.53,74.01,77.79,96.05,39.29,23.43,87.32,50.61,57.28,32.65,55.79,69.72,78.49,59.55,68.1,93.04,65.12,83.01,26.93,86.02,0.0,64.0,67.72,78.1,40.85,77.78,34.67,48.1,51.74,79.43,49.5,53.26,79.25,56.22,78.75,40.5,54.23,45.62,2.0,20.88,78.75,53.54,87.62,19.42,60.83,44.05,79.26,66.76,72.69,50.01,18.44,89.4,72.03,3.61,18.36,85.0,38.01,53.45,19.8,78.43,14.0,61.72,18.44,60.08
36,5.1,67.68,80.41,67.91,15.81,50.22,84.5,40.31,59.68,86.01,58.52,39.2,57.63,44.28,59.51,30.59,10.05,84.12,61.0,27.86,48.38,38.48,58.8,97.08,84.15,17.2,11.18,56.72,43.38,34.37,44.72,4.12,19.03,78.11,50.36,64.0,0.0,19.03,50.16,30.02,55.73,39.82,46.75,42.2,20.52,45.45,50.8,19.8,88.87,26.4,29.53,87.62,60.14,66.0,72.8,26.4,57.01,54.23,45.18,10.77,49.52,73.39,19.0,12.81,82.01,70.34,53.6,8.25,66.07,57.28,51.16,58.01,20.62,51.92,27.86,50.0,43.46,70.34,20.25
37,20.88,67.12,76.66,75.59,19.8,58.31,74.71,53.08,40.79,81.39,56.01,42.72,49.04,51.0,70.43,33.62,21.93,68.6,42.2,28.46,47.17,21.93,47.17,88.64,80.62,12.08,9.85,38.33,28.28,16.16,28.32,23.0,25.46,86.95,31.4,67.72,19.03,0.0,31.4,27.29,37.36,52.35,35.78,30.02,13.6,34.0,38.01,13.93,79.18,11.18,27.46,78.26,50.09,69.64,71.01,44.15,44.41,35.23,48.38,29.43,39.92,56.36,1.0,11.4,72.92,78.29,34.71,22.14,68.88,56.08,32.14,50.29,14.32,51.24,11.4,54.42,27.66,69.01,8.0
38,51.01,71.2,74.04,90.55,48.85,75.8,61.13,76.56,15.81,76.69,59.17,57.8,43.32,68.01,90.14,51.11,52.89,43.27,18.03,45.65,54.67,25.0,35.51,76.16,77.88,36.5,41.0,7.81,18.6,16.03,26.0,54.23,54.13,102.59,10.0,78.1,50.16,31.4,0.0,41.34,7.07,75.64,30.89,26.4,39.36,29.15,27.51,40.25,65.28,30.02,42.19,65.12,41.0,79.65,72.5,75.5,31.4,9.85,61.62,60.0,35.78,28.32,31.26,41.76,61.0,93.38,12.37,53.37,77.8,61.29,8.06,45.88,35.17,58.41,27.78,67.94,16.4,71.55,31.14
39,26.4,40.0,50.96,50.61,42.2,34.71,55.15,36.14,56.22,56.3,29.43,17.03,28.32,26.91,48.83,9.85,39.4,60.64,58.26,5.0,20.0,46.52,31.78,67.2,54.82,16.03,31.4,44.38,25.0,28.32,52.35,33.02,47.13,62.48,47.42,40.85,30.02,27.29,41.34,0.0,43.46,35.17,20.62,19.03,40.0,20.22,26.31,40.01,59.41,38.08,1.0,58.05,31.62,42.72,44.28,53.76,31.32,49.82,21.95,33.3,21.47,54.01,26.31,34.37,52.4,53.41,50.99,38.01,41.76,29.02,46.86,28.32,13.04,24.02,37.64,28.3,26.57,42.11,19.42
40,56.14,69.63,70.94,91.05,55.46,77.18,56.01,79.38,18.44,73.08,57.8,59.17,40.71,69.46,91.79,53.31,59.14,36.36,20.62,48.1,54.49,32.02,31.95,71.0,74.67,41.01,47.13,1.0,18.87,21.38,32.65,59.84,60.83,103.08,15.81,77.78,55.73,37.36,7.07,43.46,0.0,78.43,29.73,26.4,46.14,28.28,25.24,47.01,60.01,36.89,44.38,60.01,37.7,79.21,70.33,81.49,27.86,14.04,62.43,65.19,34.21,21.26,37.11,48.1,56.22,93.86,17.12,59.48,77.16,60.31,13.6,43.42,39.2,57.98,34.67,68.6,17.0,69.64,36.06
41,34.99,46.01,62.48,31.14,55.46,16.12,78.92,1.0,89.55,68.88,43.83,23.35,55.9,16.64,19.92,25.5,48.47,93.13,91.42,30.36,35.74,74.28,63.13,86.61,65.12,41.4,49.41,79.38,60.17,60.9,80.66,39.0,57.58,39.46,80.26,34.67,39.82,52.35,75.64,35.17,78.43,0.0,54.15,53.94,59.64,54.33,60.21,59.08,82.35,62.97,34.21,80.53,60.67,36.36,52.4,46.27,64.0,83.24,25.08,32.28,53.01,88.57,51.66,51.87,75.24,33.02,83.86,46.24,38.01,40.31,80.13,54.34,41.34,36.25,63.64,24.21,61.68,49.58,47.2
42,44.41,40.31,44.41,61.85,54.92,49.4,38.95,55.15,46.65,48.01,28.3,32.02,14.04,42.06,64.26,29.02,54.56,40.02,48.88,25.5,25.0,47.0,12.04,52.92,48.37,29.7,43.83,30.41,12.65,26.02,51.24,50.45,60.46,73.82,39.92,48.1,46.75,35.78,30.89,20.62,29.73,54.15,0.0,6.08,49.24,2.0,6.08,49.66,43.42,43.42,21.59,42.49,14.32,49.5,41.79,72.42,10.77,40.71,34.01,52.48,5.1,34.53,34.89,46.32,37.16,64.64,42.95,53.76,47.42,30.61,38.48,16.03,26.17,28.32,41.98,39.82,14.87,40.72,28.84
43,40.31,45.19,50.25,64.66,49.41,51.0,44.72,54.92,42.2,54.0,33.11,33.11,20.1,43.38,65.74,28.44,49.5,42.72,44.41,24.02,28.32,41.01,17.2,58.87,54.23,25.0,38.42,27.2,7.81,20.0,45.4,46.04,55.0,76.69,34.89,51.74,42.2,30.02,26.4,19.03,26.4,53.94,6.08,0.0,43.38,4.12,8.6,43.83,49.19,37.36,20.02,48.33,20.25,53.26,47.13,68.26,14.87,36.06,36.06,48.75,11.0,35.0,29.15,40.8,43.08,67.48,38.08,48.84,51.4,34.99,33.62,22.0,21.63,32.02,35.9,42.2,10.0,45.88,23.43
44,24.84,80.0,90.09,85.8,10.05,68.15,88.1,60.22,44.28,94.92,69.18,54.13,62.63,61.35,78.89,44.91,16.49,79.98,45.1,40.31,60.0,20.1,60.42,102.16,94.05,24.02,10.3,47.01,40.8,26.87,25.71,23.02,14.87,96.66,35.9,79.43,20.52,13.6,39.36,40.0,46.14,59.64,49.24,43.38,0.0,47.42,51.11,1.0,92.57,9.49,40.01,91.71,63.56,81.39,84.15,39.12,57.45,40.02,60.02,30.81,53.49,66.61,14.56,7.81,86.41,88.39,38.47,18.03,80.89,69.01,37.36,63.89,27.02,64.01,11.7,65.73,39.82,82.05,21.38
45,43.27,42.06,46.39,63.01,53.25,50.16,40.71,55.33,44.94,50.01,30.02,32.57,16.03,42.72,65.0,29.02,53.08,40.52,47.17,25.18,26.25,45.0,13.45,54.78,50.36,28.32,42.2,29.0,10.77,24.02,49.25,49.2,58.82,75.0,38.08,49.5,45.45,34.0,29.15,20.22,28.28,54.33,2.0,4.12,47.42,0.0,6.08,47.85,45.18,41.48,21.21,44.28,16.16,50.93,43.66,71.28,11.66,38.95,34.89,51.48,7.07,34.23,33.12,44.65,39.0,65.8,41.15,52.33,48.92,32.2,36.67,18.03,24.84,29.7,40.02,40.82,13.0,42.54,27.2
46,48.88,44.41,46.57,67.42,57.63,55.36,37.34,61.2,42.95,49.5,32.65,38.08,15.81,48.08,70.23,35.0,58.0,34.48,45.19,31.26,30.53,46.39,9.49,51.92,50.45,33.6,46.75,25.81,11.18,25.96,50.01,54.64,63.25,79.32,37.11,53.26,50.8,38.01,27.51,26.31,25.24,60.21,6.08,8.6,51.11,6.08,0.0,51.62,41.79,44.38,27.29,41.11,14.0,54.56,45.18,76.85,6.4,37.34,39.92,57.25,9.22,28.44,37.2,49.04,36.14,70.18,39.85,57.38,52.35,35.36,35.44,18.38,30.23,33.6,42.72,45.62,13.04,44.42,31.83
47,24.21,80.01,90.26,85.44,9.06,67.78,88.55,59.64,45.28,95.13,69.26,53.94,62.97,61.03,78.39,44.72,15.52,80.72,46.1,40.2,60.01,21.1,60.9,102.55,94.2,24.0,9.85,47.89,41.4,27.59,26.68,22.2,13.93,96.25,36.88,79.25,19.8,13.93,40.25,40.01,47.01,59.08,49.66,43.83,1.0,47.85,51.62,0.0,93.02,10.44,40.0,92.14,63.98,81.22,84.21,38.12,57.98,41.0,59.84,30.0,53.85,67.42,14.87,7.21,86.82,88.02,39.46,17.09,80.75,69.03,38.33,64.2,27.07,64.0,12.65,65.51,40.46,82.1,21.59
48,85.7,41.11,27.66,72.06,98.27,69.92,4.47,83.26,78.06,24.17,38.63,60.03,31.24,65.92,82.38,63.41,97.42,34.13,80.1,62.97,47.01,87.56,32.31,11.05,28.79,72.42,87.13,60.0,52.81,67.68,90.43,92.2,103.77,81.15,75.24,56.22,88.87,79.18,65.28,59.41,60.01,82.35,43.42,49.19,92.57,45.18,41.79,93.02,0.0,86.16,60.11,2.0,29.15,56.08,36.01,113.14,35.74,74.03,57.27,92.63,39.66,45.88,78.29,89.69,7.21,74.01,77.06,96.4,53.08,42.38,73.17,31.11,68.82,46.1,84.5,59.14,54.41,38.01,72.2
49,29.68,77.52,86.15,86.77,19.42,69.46,81.71,63.66,35.06,90.55,66.12,53.85,57.27,62.18,81.4,44.78,25.02,71.42,36.0,39.56,57.71,12.08,53.85,96.14,90.14,23.26,15.23,37.74,33.54,18.87,18.36,29.73,24.35,98.11,26.48,78.75,26.4,11.18,30.02,38.08,36.89,62.97,43.42,37.36,9.49,41.48,44.38,10.44,86.16,0.0,38.33,85.44,57.57,80.65,81.1,48.0,50.57,30.59,59.46,37.16,48.05,57.63,12.08,14.32,80.32,89.47,29.15,26.17,79.81,66.48,27.89,58.86,25.3,61.81,2.24,65.55,32.25,79.23,18.68
50,25.81,40.01,51.24,50.0,41.98,33.97,55.87,35.17,57.01,56.65,29.61,16.4,29.07,26.17,48.01,8.94,39.0,61.61,59.03,4.0,20.02,46.96,32.7,67.8,55.08,16.0,31.26,45.31,25.96,29.0,52.84,32.45,46.84,61.85,48.17,40.5,29.53,27.46,42.19,1.0,44.38,34.21,21.59,20.02,40.01,21.21,27.29,40.0,60.11,38.33,0.0,58.73,32.45,42.38,44.41,53.04,32.28,50.61,21.47,32.56,22.36,55.01,26.48,34.23,53.08,52.8,51.74,37.58,41.48,29.07,47.63,29.0,13.15,24.0,37.95,27.78,27.51,42.19,19.65
51,84.39,39.12,25.71,70.06,97.25,68.01,4.0,81.44,78.16,22.36,36.77,58.31,30.0,64.08,80.41,61.85,96.26,35.23,80.22,61.52,45.28,87.1,31.62,11.05,26.93,71.28,86.09,60.03,52.2,67.05,90.09,90.91,102.73,79.16,75.11,54.23,87.62,78.26,65.12,58.05,60.01,80.53,42.49,48.33,91.71,44.28,41.11,92.14,2.0,85.44,58.73,0.0,28.18,54.08,34.01,111.73,35.17,74.0,55.46,91.22,38.59,46.49,77.37,88.68,5.66,72.01,77.01,95.21,51.09,40.5,73.06,29.73,67.68,44.28,83.82,57.25,53.85,36.01,71.2
52,57.31,34.06,33.24,61.1,69.12,52.24,24.7,61.66,55.97,35.69,23.71,37.34,5.1,46.0,66.75,37.7,68.41,33.24,58.19,35.85,26.08,60.3,5.83,38.63,37.0,43.42,57.98,38.08,25.08,39.62,64.01,63.64,74.63,72.5,50.8,45.62,60.14,50.09,41.0,31.62,37.7,60.67,14.32,20.25,63.56,16.16,14.0,63.98,29.15,57.57,32.45,28.18,0.0,46.53,33.42,85.15,9.85,50.7,37.01,64.82,10.63,33.84,49.19,60.54,22.85,63.69,53.37,67.48,43.91,27.31,49.03,7.62,39.82,27.66,56.04,41.44,27.02,33.24,43.05
53,61.01,15.0,30.36,16.0,81.15,20.25,54.01,36.89,95.43,36.4,22.83,27.29,41.68,22.56,27.73,36.5,76.01,78.43,97.62,41.23,25.0,89.16,51.62,56.75,31.78,57.72,71.7,79.91,61.07,69.84,94.85,67.12,85.01,26.25,87.66,2.0,66.0,69.64,79.65,42.72,79.21,36.36,49.5,53.26,81.39,50.93,54.56,81.22,56.08,80.65,42.38,54.08,46.53,0.0,20.4,80.65,54.64,89.2,21.38,62.8,45.34,80.26,68.68,74.67,50.01,18.11,91.02,74.03,3.0,19.42,86.61,38.95,55.36,21.26,80.32,16.0,63.25,18.11,61.98
54,68.31,6.4,10.3,36.22,86.31,37.44,34.37,53.15,88.1,16.64,15.0,34.89,29.68,36.07,47.76,42.38,82.71,61.77,90.34,45.12,24.52,87.3,39.2,36.4,12.73,60.3,75.66,70.83,54.42,66.49,92.2,74.95,91.01,45.18,81.71,20.88,72.8,71.01,72.5,44.28,70.33,52.4,41.79,47.13,84.15,43.66,45.18,84.21,36.01,81.1,44.41,34.01,33.42,20.4,0.0,92.18,43.01,82.35,29.68,72.5,36.77,66.53,70.01,78.64,30.41,38.05,84.69,81.04,17.46,15.52,80.23,26.93,57.14,20.88,80.22,28.28,56.65,2.83,63.01
55,28.02,86.31,101.02,77.41,29.27,61.39,108.9,46.17,83.02,107.07,79.32,57.31,82.07,58.19,65.01,50.8,23.02,110.48,84.0,50.25,69.07,59.21,84.4,120.51,104.45,43.42,34.53,82.46,69.78,60.17,64.63,22.36,26.25,85.01,74.17,78.75,26.4,44.15,75.5,53.76,81.49,46.27,72.42,68.26,39.12,71.28,76.85,38.12,113.14,48.0,53.04,111.73,85.15,80.65,92.18,0.0,82.93,78.23,62.61,20.52,74.65,99.72,44.38,34.13,106.08,79.23,77.06,22.2,81.6,77.18,75.33,82.02,46.65,71.87,50.01,65.55,69.86,89.47,46.62
56,54.92,43.14,43.08,68.43,64.03,57.72,31.32,65.0,46.17,45.35,32.02,41.19,13.45,50.8,72.53,39.32,64.35,29.43,48.38,36.14,31.95,51.97,4.12,46.1,46.82,39.82,53.15,28.23,17.09,31.95,55.23,60.8,69.66,80.13,41.3,53.54,57.01,44.41,31.4,31.32,27.86,64.0,10.77,14.87,57.45,11.66,6.4,57.98,35.74,50.57,32.28,35.17,9.85,54.64,43.01,82.93,0.0,41.0,42.2,63.13,11.05,26.0,43.6,55.44,30.41,71.12,43.74,63.7,52.2,35.23,39.46,16.28,36.4,34.44,48.85,47.43,18.68,42.64,38.21
57,55.9,81.01,83.82,99.7,50.01,84.5,70.0,84.12,6.4,86.35,68.96,66.6,53.14,76.69,98.6,59.41,55.23,49.24,8.49,53.82,64.2,21.95,45.12,85.01,87.64,42.72,44.0,14.14,28.3,22.36,20.52,58.14,54.82,111.72,4.12,87.62,54.23,35.23,9.85,49.82,14.04,83.24,40.71,36.06,40.02,38.95,37.34,41.0,74.03,30.59,50.61,74.0,50.7,89.2,82.35,78.23,41.0,0.0,70.71,64.63,45.62,33.54,35.36,44.1,70.11,102.53,3.16,56.08,87.42,71.02,3.16,55.71,42.05,68.01,28.44,77.08,26.08,81.39,37.0
58,40.31,23.71,39.05,29.0,60.01,15.52,53.85,26.0,77.08,45.34,18.87,6.0,32.0,9.06,30.36,15.13,55.23,70.18,79.2,19.92,11.05,68.43,40.45,61.85,42.2,36.4,50.36,63.25,43.6,50.0,74.3,46.69,64.07,41.01,68.68,19.42,45.18,48.38,61.62,21.95,62.43,25.08,34.01,36.06,60.02,34.89,39.92,59.84,57.27,59.46,21.47,55.46,37.01,21.38,29.68,62.61,42.2,70.71,0.0,43.32,31.32,68.01,47.43,53.34,50.16,31.83,72.18,53.34,21.02,15.62,67.9,30.07,34.18,11.18,59.24,6.4,45.61,26.93,40.85
59,9.06,66.85,81.01,62.29,24.21,45.01,88.41,32.57,70.21,86.95,59.17,37.7,61.62,40.31,52.2,30.53,16.64,91.39,71.59,29.73,48.88,49.24,64.35,100.0,84.53,24.74,21.93,66.19,51.24,44.01,55.46,7.81,25.5,71.59,60.83,60.83,10.77,29.43,60.0,33.3,65.19,32.28,52.48,48.75,30.81,51.48,57.25,30.0,92.63,37.16,32.56,91.22,64.82,62.8,72.5,20.52,63.13,64.63,43.32,0.0,54.41,81.74,29.27,23.32,85.56,64.5,64.13,14.42,63.35,57.25,61.52,61.52,27.51,51.88,38.63,47.07,51.66,69.86,29.15
60,46.75,35.51,39.32,58.31,58.67,46.84,35.23,54.01,51.48,43.0,23.6,30.15,9.22,39.81,61.68,28.64,57.8,40.2,53.71,26.0,21.47,52.01,10.44,48.75,43.29,32.8,47.51,34.83,17.72,31.0,56.32,53.04,64.14,70.18,44.94,44.05,49.52,39.92,35.78,21.47,34.21,53.01,5.1,11.0,53.49,7.07,9.22,53.85,39.66,48.05,22.36,38.59,10.63,45.34,36.77,74.65,11.05,45.62,31.32,54.41,0.0,36.69,39.0,50.12,33.12,61.06,47.93,56.85,43.14,26.17,43.46,11.0,29.21,24.41,46.69,36.77,19.92,35.78,32.65
61,72.8,67.8,64.03,94.37,75.47,83.52,42.72,89.56,35.44,64.35,57.45,66.49,38.59,76.4,98.37,63.2,78.26,15.81,37.11,59.01,57.94,53.26,28.65,56.75,67.2,57.01,66.19,20.62,30.59,40.31,53.54,77.49,80.99,106.0,36.36,79.26,73.39,56.36,28.32,54.01,21.26,88.57,34.53,35.0,66.61,34.23,28.44,67.42,45.88,57.63,55.01,46.49,33.84,80.26,66.53,99.72,26.0,33.54,68.01,81.74,36.69,0.0,55.9,67.6,44.28,97.05,36.67,78.29,77.7,60.9,34.13,41.34,54.34,60.42,55.44,73.39,30.08,66.71,53.14
62,20.62,66.12,75.66,74.71,20.52,57.45,73.82,52.4,41.0,80.41,55.01,41.79,48.1,50.12,69.66,32.7,22.36,68.01,42.45,27.51,46.17,22.63,46.32,87.73,79.63,11.18,10.3,38.08,27.59,15.81,29.0,23.02,26.17,86.09,31.58,66.76,19.0,1.0,31.26,26.31,37.11,51.66,34.89,29.15,14.56,33.12,37.2,14.87,78.29,12.08,26.48,77.37,49.19,68.68,70.01,44.38,43.6,35.36,47.43,29.27,39.0,55.9,0.0,12.04,72.01,77.41,34.93,22.47,67.91,55.08,32.25,49.34,13.34,50.25,12.21,53.49,27.02,68.01,7.0
63,17.03,74.17,85.15,78.43,8.6,60.75,85.23,52.43,49.01,90.25,63.79,47.38,59.03,54.12,71.2,38.21,11.18,80.0,50.09,34.0,54.23,26.25,58.01,98.84,89.05,18.44,3.0,49.04,39.62,27.29,32.31,15.65,14.21,89.16,40.05,72.69,12.81,11.4,41.76,34.37,48.1,51.87,46.32,40.8,7.81,44.65,49.04,7.21,89.69,14.32,34.23,88.68,60.54,74.67,78.64,34.13,55.44,44.1,53.34,23.32,50.12,67.6,12.04,0.0,83.24,80.99,43.0,12.0,74.33,63.29,41.19,60.01,21.84,58.14,16.12,58.86,39.05,76.42,17.49
64,78.75,35.01,23.26,66.01,91.79,63.06,4.0,76.16,74.55,21.26,31.62,52.84,24.41,58.87,75.8,56.22,90.7,34.66,76.66,55.87,39.82,82.38,26.68,15.81,25.24,65.73,80.62,56.32,47.3,62.1,85.59,85.28,97.25,75.54,71.0,50.01,82.01,72.92,61.0,52.4,56.22,75.24,37.16,43.08,86.41,39.0,36.14,86.82,7.21,80.32,53.08,5.66,22.85,50.01,30.41,106.08,30.41,70.11,50.16,85.56,33.12,44.28,72.01,83.24,0.0,68.07,73.06,89.63,47.01,35.44,69.01,24.08,62.13,39.0,78.75,52.2,49.03,32.14,65.76
65,65.25,33.06,47.52,2.83,86.13,20.25,72.06,33.06,108.89,53.15,40.16,36.4,58.69,27.29,15.65,44.94,79.83,96.17,111.02,50.48,39.66,99.32,68.45,73.98,48.27,66.24,78.19,94.64,75.17,81.69,105.39,70.41,89.05,9.22,100.5,18.44,70.34,78.29,93.38,53.41,93.86,33.02,64.64,67.48,88.39,65.8,70.18,88.02,74.01,89.47,52.8,72.01,63.69,18.11,38.05,79.23,71.12,102.53,31.83,64.5,61.06,97.05,77.41,80.99,68.07,0.0,104.0,77.67,21.1,36.4,99.72,56.08,64.66,36.72,89.55,25.46,77.23,36.0,71.34
66,55.54,83.19,86.4,101.18,48.51,85.7,73.01,84.72,6.08,89.05,71.12,67.9,55.66,77.9,99.64,60.44,54.04,52.39,7.62,54.82,66.03,19.7,47.85,88.02,90.25,42.95,43.1,17.26,30.41,23.02,17.69,57.43,53.15,113.17,3.61,89.4,53.6,34.71,12.37,50.99,17.12,83.86,42.95,38.08,38.47,41.15,39.85,39.46,77.06,29.15,51.74,77.01,53.37,91.02,84.69,77.06,43.74,3.16,72.18,64.13,47.93,36.67,34.93,43.0,73.06,104.0,0.0,55.0,89.31,73.06,4.47,58.19,42.54,69.89,27.07,78.57,28.18,83.67,37.16
67,13.04,75.93,88.6,75.31,9.9,57.71,92.01,46.62,61.01,94.15,66.73,47.38,65.22,52.09,66.13,38.83,2.24,89.89,62.07,36.06,56.61,37.85,65.76,104.85,92.36,24.08,12.37,60.44,49.09,38.28,43.68,7.28,11.4,85.16,52.04,72.03,8.25,22.14,53.37,38.01,59.48,46.24,53.76,48.84,18.03,52.33,57.38,17.09,96.4,26.17,37.58,95.21,67.48,74.03,81.04,22.2,63.7,56.08,53.34,14.42,56.85,78.29,22.47,12.0,89.63,77.67,55.0,0.0,74.17,65.52,53.15,65.73,27.66,60.17,28.07,58.03,48.88,78.59,25.81
68,61.13,12.0,27.51,19.0,81.02,22.02,51.01,38.6,93.6,33.62,20.25,27.02,39.12,23.41,30.46,36.12,76.11,75.61,95.8,40.61,23.32,88.02,49.09,53.85,29.07,57.07,71.34,77.83,59.2,68.43,93.62,67.36,85.02,29.12,85.98,3.61,66.07,68.88,77.8,41.76,77.16,38.01,47.42,51.4,80.89,48.92,52.35,80.75,53.08,79.81,41.48,51.09,43.91,3.0,17.46,81.6,52.2,87.42,21.02,63.35,43.14,77.7,67.91,74.33,47.01,21.1,89.31,74.17,0.0,17.03,84.88,36.36,54.57,19.42,79.4,16.28,61.4,15.13,61.13
69,52.81,11.05,23.85,33.84,70.86,27.66,39.29,41.18,77.1,30.0,4.0,20.0,22.36,23.71,41.01,26.93,67.19,59.91,79.32,29.61,9.06,73.5,32.25,46.32,27.29,45.04,60.3,60.96,42.72,53.14,78.75,59.46,75.5,45.19,69.84,18.36,57.28,56.08,61.29,29.02,60.31,40.31,30.61,34.99,69.01,32.2,35.36,69.03,42.38,66.48,29.07,40.5,27.31,19.42,15.52,77.18,35.23,71.02,15.62,57.25,26.17,60.9,55.08,63.29,35.44,36.4,73.06,65.52,17.03,0.0,68.6,19.7,42.0,5.39,65.76,16.76,44.94,13.15,48.09
70,52.77,78.71,82.01,96.9,47.3,81.57,69.07,81.01,9.43,84.72,66.65,63.7,51.24,73.76,95.6,56.4,52.35,49.65,11.4,50.8,61.61,20.0,43.57,84.1,85.87,39.56,41.01,13.93,25.94,19.24,19.42,55.08,52.2,108.9,2.24,85.0,51.16,32.14,8.06,46.86,13.6,80.13,38.48,33.62,37.36,36.67,35.44,38.33,73.17,27.89,47.63,73.06,49.03,86.61,80.23,75.33,39.46,3.16,67.9,61.52,43.46,34.13,32.25,41.19,69.01,99.72,4.47,53.15,84.88,68.6,0.0,53.76,38.91,65.46,25.71,74.28,23.71,79.2,33.84
71,54.67,26.87,28.44,53.49,68.45,45.04,26.91,55.32,61.33,32.0,16.12,31.05,2.83,39.12,59.41,32.76,66.89,40.61,63.56,31.89,19.03,63.01,12.81,39.12,32.39,42.06,57.27,43.91,28.44,42.0,67.27,61.22,73.79,64.88,55.36,38.01,58.01,50.29,45.88,28.32,43.42,54.34,16.03,22.0,63.89,18.03,18.38,64.2,31.11,58.86,29.0,29.73,7.62,38.95,26.93,82.02,16.28,55.71,30.07,61.52,11.0,41.34,49.34,60.01,24.08,56.08,58.19,65.73,36.36,19.7,53.76,0.0,38.47,20.22,57.56,34.13,30.59,26.4,42.72
72,18.79,53.01,63.35,61.91,30.08,45.0,64.4,42.19,48.3,68.41,42.19,28.64,37.74,37.44,57.98,19.72,28.6,63.98,50.12,14.32,33.02,34.67,38.21,77.52,67.27,3.61,18.97,40.2,23.77,19.7,40.8,24.41,35.34,73.5,38.95,53.45,20.62,14.32,35.17,13.04,39.2,41.34,26.17,21.63,27.02,24.84,30.23,27.07,68.82,25.3,13.15,67.68,39.82,55.36,57.14,46.65,36.4,42.05,34.18,27.51,29.21,54.34,13.34,21.84,62.13,64.66,42.54,27.66,54.57,42.0,38.91,38.47,0.0,37.05,25.08,40.31,24.33,55.04,6.71
73,47.43,16.03,29.15,34.0,65.62,25.02,42.72,37.16,74.2,35.23,7.81,14.87,22.56,19.92,39.2,21.54,61.85,60.83,76.4,24.33,4.12,69.26,31.95,50.8,32.65,40.0,55.15,58.69,39.82,49.24,74.67,54.08,70.21,45.79,66.57,19.8,51.92,51.24,58.41,24.02,57.98,36.25,28.32,32.02,64.01,29.7,33.6,64.0,46.1,61.81,24.0,44.28,27.66,21.26,20.88,71.87,34.44,68.01,11.18,51.88,24.41,60.42,50.25,58.14,39.0,36.72,69.89,60.17,19.42,5.39,65.46,20.22,37.05,0.0,61.19,14.0,42.01,18.44,43.29
74,30.89,76.79,85.05,86.83,21.59,69.64,80.06,64.35,33.02,89.36,65.28,53.71,55.9,62.27,81.84,44.72,27.0,69.31,34.01,39.4,57.07,10.82,52.2,94.56,89.05,23.32,16.76,35.51,31.78,17.0,17.2,31.32,26.57,98.27,24.33,78.43,27.86,11.4,27.78,37.64,34.67,63.64,41.98,35.9,11.7,40.02,42.72,12.65,84.5,2.24,37.95,83.82,56.04,80.32,80.22,50.01,48.85,28.44,59.24,38.63,46.69,55.44,12.21,16.12,78.75,89.55,27.07,28.07,79.4,65.76,25.71,57.56,25.08,61.19,0.0,65.39,30.41,78.41,18.38
75,45.01,21.93,38.29,22.63,65.19,11.05,56.04,25.0,83.44,44.69,20.62,11.7,36.35,7.81,25.32,20.88,60.01,74.67,85.56,26.0,15.52,74.71,45.35,62.65,41.01,42.38,55.9,69.4,49.82,56.4,80.62,51.16,69.01,34.66,75.07,14.0,50.0,54.42,67.94,28.3,68.6,24.21,39.82,42.2,65.73,40.82,45.62,65.51,59.14,65.55,27.78,57.25,41.44,16.0,28.28,65.55,47.43,77.08,6.4,47.07,36.77,73.39,53.49,58.86,52.2,25.46,78.57,58.03,16.28,16.76,74.28,34.13,40.31,14.0,65.39,0.0,51.86,25.46,47.01
76,42.72,55.01,59.03,74.41,47.42,60.21,50.0,62.64,32.2,62.29,42.94,42.19,28.28,52.48,74.79,36.4,49.09,41.05,34.41,31.32,38.29,33.38,22.36,64.76,62.97,26.93,37.2,17.89,2.24,13.42,37.0,47.54,53.08,86.45,25.08,61.72,43.46,27.66,16.4,26.57,17.0,61.68,14.87,10.0,39.82,13.0,13.04,40.46,54.41,32.25,27.51,53.85,27.02,63.25,56.65,69.86,18.68,26.08,45.61,51.66,19.92,30.08,27.02,39.05,49.03,77.23,28.18,48.88,61.4,44.94,23.71,30.59,24.33,42.01,30.41,51.86,0.0,55.54,23.26
77,65.8,3.61,13.04,34.06,84.01,34.67,36.12,50.33,87.24,19.42,13.15,32.2,29.21,33.24,45.22,39.85,80.28,62.61,89.47,42.76,22.2,85.7,38.95,38.9,15.56,58.14,73.44,70.18,53.31,65.0,90.71,72.42,88.65,43.42,80.62,18.44,70.34,69.01,71.55,42.11,69.64,49.58,40.72,45.88,82.05,42.54,44.42,82.1,38.01,79.23,42.19,36.01,33.24,18.11,2.83,89.47,42.64,81.39,26.93,69.86,35.78,66.71,68.01,76.42,32.14,36.0,83.67,78.59,15.13,13.15,79.2,26.4,55.04,18.44,78.41,25.46,55.54,0.0,61.01
78,20.1,59.14,68.73,68.6,26.08,51.61,67.74,48.01,43.08,73.55,48.01,35.34,41.63,44.1,64.38,26.42,26.25,64.14,44.78,21.02,39.2,28.02,40.61,81.39,72.69,5.83,15.0,37.05,23.32,15.13,34.21,24.35,31.62,80.16,33.62,60.08,20.25,8.0,31.14,19.42,36.06,47.2,28.84,23.43,21.38,27.2,31.83,21.59,72.2,18.68,19.65,71.2,43.05,61.98,63.01,46.62,38.21,37.0,40.85,29.15,32.65,53.14,7.0,17.49,65.76,71.34,37.16,25.81,61.13,48.09,33.84,42.72,6.71,43.29,18.38,47.01,23.26,61.01,0.0
