set K:= 1	2	3	4	5	6	7	8	9	10;
set C_H:= 1	2	3	4	5	6	7	8	9	10	11	12	13	14	15	16	17	18	19	20	21	22;
set C_S:= 23	24	25	26	27	28	29	30	31	32	33	34	35	36	37	38	39	40	41	42;
set C_F:= 43	44	45	46	47	48	49	50	51	52	53	54	55	56	57	58	59	60	61	62;
set M:= 63	64	65	66	67	68;
set L_B:= 69	70	71	72	73	74	75	76	77	78;
set A1:=
(0,*) 1 2 3 4 5 6 7 8 9 10 11 12 13 14 15 16 17 18 19 20 21 22 43 44 45 46 47 48 49 50 51 52 53 54 55 56 57 58 59 60 61 62 63 64 65 66 67 68 69 70 71 72 73 74 75 76 77 78 79
(1,*) 0 2 3 4 5 6 7 8 9 10 11 12 13 14 15 16 17 18 19 20 21 22 43 44 45 46 47 48 49 50 51 52 53 54 55 56 57 58 59 60 61 62 63 64 65 66 67 68 69 70 71 72 73 74 75 76 77 78 79
(2,*) 0 1 3 4 5 6 7 8 9 10 11 12 13 14 15 16 17 18 19 20 21 22 43 44 45 46 47 48 49 50 51 52 53 54 55 56 57 58 59 60 61 62 63 64 65 66 67 68 69 70 71 72 73 74 75 76 77 78 79
(3,*) 0 1 2 4 5 6 7 8 9 10 11 12 13 14 15 16 17 18 19 20 21 22 43 44 45 46 47 48 49 50 51 52 53 54 55 56 57 58 59 60 61 62 63 64 65 66 67 68 69 70 71 72 73 74 75 76 77 78 79
(4,*) 0 1 2 3 5 6 7 8 9 10 11 12 13 14 15 16 17 18 19 20 21 22 43 44 45 46 47 48 49 50 51 52 53 54 55 56 57 58 59 60 61 62 63 64 65 66 67 68 69 70 71 72 73 74 75 76 77 78 79
(5,*) 0 1 2 3 4 6 7 8 9 10 11 12 13 14 15 16 17 18 19 20 21 22 43 44 45 46 47 48 49 50 51 52 53 54 55 56 57 58 59 60 61 62 63 64 65 66 67 68 69 70 71 72 73 74 75 76 77 78 79
(6,*) 0 1 2 3 4 5 7 8 9 10 11 12 13 14 15 16 17 18 19 20 21 22 43 44 45 46 47 48 49 50 51 52 53 54 55 56 57 58 59 60 61 62 63 64 65 66 67 68 69 70 71 72 73 74 75 76 77 78 79
(7,*) 0 1 2 3 4 5 6 8 9 10 11 12 13 14 15 16 17 18 19 20 21 22 43 44 45 46 47 48 49 50 51 52 53 54 55 56 57 58 59 60 61 62 63 64 65 66 67 68 69 70 71 72 73 74 75 76 77 78 79
(8,*) 0 1 2 3 4 5 6 7 9 10 11 12 13 14 15 16 17 18 19 20 21 22 43 44 45 46 47 48 49 50 51 52 53 54 55 56 57 58 59 60 61 62 63 64 65 66 67 68 69 70 71 72 73 74 75 76 77 78 79
(9,*) 0 1 2 3 4 5 6 7 8 10 11 12 13 14 15 16 17 18 19 20 21 22 43 44 45 46 47 48 49 50 51 52 53 54 55 56 57 58 59 60 61 62 63 64 65 66 67 68 69 70 71 72 73 74 75 76 77 78 79
(10,*) 0 1 2 3 4 5 6 7 8 9 11 12 13 14 15 16 17 18 19 20 21 22 43 44 45 46 47 48 49 50 51 52 53 54 55 56 57 58 59 60 61 62 63 64 65 66 67 68 69 70 71 72 73 74 75 76 77 78 79
(11,*) 0 1 2 3 4 5 6 7 8 9 10 12 13 14 15 16 17 18 19 20 21 22 43 44 45 46 47 48 49 50 51 52 53 54 55 56 57 58 59 60 61 62 63 64 65 66 67 68 69 70 71 72 73 74 75 76 77 78 79
(12,*) 0 1 2 3 4 5 6 7 8 9 10 11 13 14 15 16 17 18 19 20 21 22 43 44 45 46 47 48 49 50 51 52 53 54 55 56 57 58 59 60 61 62 63 64 65 66 67 68 69 70 71 72 73 74 75 76 77 78 79
(13,*) 0 1 2 3 4 5 6 7 8 9 10 11 12 14 15 16 17 18 19 20 21 22 43 44 45 46 47 48 49 50 51 52 53 54 55 56 57 58 59 60 61 62 63 64 65 66 67 68 69 70 71 72 73 74 75 76 77 78 79
(14,*) 0 1 2 3 4 5 6 7 8 9 10 11 12 13 15 16 17 18 19 20 21 22 43 44 45 46 47 48 49 50 51 52 53 54 55 56 57 58 59 60 61 62 63 64 65 66 67 68 69 70 71 72 73 74 75 76 77 78 79
(15,*) 0 1 2 3 4 5 6 7 8 9 10 11 12 13 14 16 17 18 19 20 21 22 43 44 45 46 47 48 49 50 51 52 53 54 55 56 57 58 59 60 61 62 63 64 65 66 67 68 69 70 71 72 73 74 75 76 77 78 79
(16,*) 0 1 2 3 4 5 6 7 8 9 10 11 12 13 14 15 17 18 19 20 21 22 43 44 45 46 47 48 49 50 51 52 53 54 55 56 57 58 59 60 61 62 63 64 65 66 67 68 69 70 71 72 73 74 75 76 77 78 79
(17,*) 0 1 2 3 4 5 6 7 8 9 10 11 12 13 14 15 16 18 19 20 21 22 43 44 45 46 47 48 49 50 51 52 53 54 55 56 57 58 59 60 61 62 63 64 65 66 67 68 69 70 71 72 73 74 75 76 77 78 79
(18,*) 0 1 2 3 4 5 6 7 8 9 10 11 12 13 14 15 16 17 19 20 21 22 43 44 45 46 47 48 49 50 51 52 53 54 55 56 57 58 59 60 61 62 63 64 65 66 67 68 69 70 71 72 73 74 75 76 77 78 79
(19,*) 0 1 2 3 4 5 6 7 8 9 10 11 12 13 14 15 16 17 18 20 21 22 43 44 45 46 47 48 49 50 51 52 53 54 55 56 57 58 59 60 61 62 63 64 65 66 67 68 69 70 71 72 73 74 75 76 77 78 79
(20,*) 0 1 2 3 4 5 6 7 8 9 10 11 12 13 14 15 16 17 18 19 21 22 43 44 45 46 47 48 49 50 51 52 53 54 55 56 57 58 59 60 61 62 63 64 65 66 67 68 69 70 71 72 73 74 75 76 77 78 79
(21,*) 0 1 2 3 4 5 6 7 8 9 10 11 12 13 14 15 16 17 18 19 20 22 43 44 45 46 47 48 49 50 51 52 53 54 55 56 57 58 59 60 61 62 63 64 65 66 67 68 69 70 71 72 73 74 75 76 77 78 79
(22,*) 0 1 2 3 4 5 6 7 8 9 10 11 12 13 14 15 16 17 18 19 20 21 43 44 45 46 47 48 49 50 51 52 53 54 55 56 57 58 59 60 61 62 63 64 65 66 67 68 69 70 71 72 73 74 75 76 77 78 79
(43,*) 0 1 2 3 4 5 6 7 8 9 10 11 12 13 14 15 16 17 18 19 20 21 22 44 45 46 47 48 49 50 51 52 53 54 55 56 57 58 59 60 61 62 63 64 65 66 67 68 69 70 71 72 73 74 75 76 77 78 79
(44,*) 0 1 2 3 4 5 6 7 8 9 10 11 12 13 14 15 16 17 18 19 20 21 22 43 45 46 47 48 49 50 51 52 53 54 55 56 57 58 59 60 61 62 63 64 65 66 67 68 69 70 71 72 73 74 75 76 77 78 79
(45,*) 0 1 2 3 4 5 6 7 8 9 10 11 12 13 14 15 16 17 18 19 20 21 22 43 44 46 47 48 49 50 51 52 53 54 55 56 57 58 59 60 61 62 63 64 65 66 67 68 69 70 71 72 73 74 75 76 77 78 79
(46,*) 0 1 2 3 4 5 6 7 8 9 10 11 12 13 14 15 16 17 18 19 20 21 22 43 44 45 47 48 49 50 51 52 53 54 55 56 57 58 59 60 61 62 63 64 65 66 67 68 69 70 71 72 73 74 75 76 77 78 79
(47,*) 0 1 2 3 4 5 6 7 8 9 10 11 12 13 14 15 16 17 18 19 20 21 22 43 44 45 46 48 49 50 51 52 53 54 55 56 57 58 59 60 61 62 63 64 65 66 67 68 69 70 71 72 73 74 75 76 77 78 79
(48,*) 0 1 2 3 4 5 6 7 8 9 10 11 12 13 14 15 16 17 18 19 20 21 22 43 44 45 46 47 49 50 51 52 53 54 55 56 57 58 59 60 61 62 63 64 65 66 67 68 69 70 71 72 73 74 75 76 77 78 79
(49,*) 0 1 2 3 4 5 6 7 8 9 10 11 12 13 14 15 16 17 18 19 20 21 22 43 44 45 46 47 48 50 51 52 53 54 55 56 57 58 59 60 61 62 63 64 65 66 67 68 69 70 71 72 73 74 75 76 77 78 79
(50,*) 0 1 2 3 4 5 6 7 8 9 10 11 12 13 14 15 16 17 18 19 20 21 22 43 44 45 46 47 48 49 51 52 53 54 55 56 57 58 59 60 61 62 63 64 65 66 67 68 69 70 71 72 73 74 75 76 77 78 79
(51,*) 0 1 2 3 4 5 6 7 8 9 10 11 12 13 14 15 16 17 18 19 20 21 22 43 44 45 46 47 48 49 50 52 53 54 55 56 57 58 59 60 61 62 63 64 65 66 67 68 69 70 71 72 73 74 75 76 77 78 79
(52,*) 0 1 2 3 4 5 6 7 8 9 10 11 12 13 14 15 16 17 18 19 20 21 22 43 44 45 46 47 48 49 50 51 53 54 55 56 57 58 59 60 61 62 63 64 65 66 67 68 69 70 71 72 73 74 75 76 77 78 79
(53,*) 0 1 2 3 4 5 6 7 8 9 10 11 12 13 14 15 16 17 18 19 20 21 22 43 44 45 46 47 48 49 50 51 52 54 55 56 57 58 59 60 61 62 63 64 65 66 67 68 69 70 71 72 73 74 75 76 77 78 79
(54,*) 0 1 2 3 4 5 6 7 8 9 10 11 12 13 14 15 16 17 18 19 20 21 22 43 44 45 46 47 48 49 50 51 52 53 55 56 57 58 59 60 61 62 63 64 65 66 67 68 69 70 71 72 73 74 75 76 77 78 79
(55,*) 0 1 2 3 4 5 6 7 8 9 10 11 12 13 14 15 16 17 18 19 20 21 22 43 44 45 46 47 48 49 50 51 52 53 54 56 57 58 59 60 61 62 63 64 65 66 67 68 69 70 71 72 73 74 75 76 77 78 79
(56,*) 0 1 2 3 4 5 6 7 8 9 10 11 12 13 14 15 16 17 18 19 20 21 22 43 44 45 46 47 48 49 50 51 52 53 54 55 57 58 59 60 61 62 63 64 65 66 67 68 69 70 71 72 73 74 75 76 77 78 79
(57,*) 0 1 2 3 4 5 6 7 8 9 10 11 12 13 14 15 16 17 18 19 20 21 22 43 44 45 46 47 48 49 50 51 52 53 54 55 56 58 59 60 61 62 63 64 65 66 67 68 69 70 71 72 73 74 75 76 77 78 79
(58,*) 0 1 2 3 4 5 6 7 8 9 10 11 12 13 14 15 16 17 18 19 20 21 22 43 44 45 46 47 48 49 50 51 52 53 54 55 56 57 59 60 61 62 63 64 65 66 67 68 69 70 71 72 73 74 75 76 77 78 79
(59,*) 0 1 2 3 4 5 6 7 8 9 10 11 12 13 14 15 16 17 18 19 20 21 22 43 44 45 46 47 48 49 50 51 52 53 54 55 56 57 58 60 61 62 63 64 65 66 67 68 69 70 71 72 73 74 75 76 77 78 79
(60,*) 0 1 2 3 4 5 6 7 8 9 10 11 12 13 14 15 16 17 18 19 20 21 22 43 44 45 46 47 48 49 50 51 52 53 54 55 56 57 58 59 61 62 63 64 65 66 67 68 69 70 71 72 73 74 75 76 77 78 79
(61,*) 0 1 2 3 4 5 6 7 8 9 10 11 12 13 14 15 16 17 18 19 20 21 22 43 44 45 46 47 48 49 50 51 52 53 54 55 56 57 58 59 60 62 63 64 65 66 67 68 69 70 71 72 73 74 75 76 77 78 79
(62,*) 0 1 2 3 4 5 6 7 8 9 10 11 12 13 14 15 16 17 18 19 20 21 22 43 44 45 46 47 48 49 50 51 52 53 54 55 56 57 58 59 60 61 63 64 65 66 67 68 69 70 71 72 73 74 75 76 77 78 79
(63,*) 0 1 2 3 4 5 6 7 8 9 10 11 12 13 14 15 16 17 18 19 20 21 22 43 44 45 46 47 48 49 50 51 52 53 54 55 56 57 58 59 60 61 62 64 65 66 67 68 69 70 71 72 73 74 75 76 77 78 79
(64,*) 0 1 2 3 4 5 6 7 8 9 10 11 12 13 14 15 16 17 18 19 20 21 22 43 44 45 46 47 48 49 50 51 52 53 54 55 56 57 58 59 60 61 62 63 65 66 67 68 69 70 71 72 73 74 75 76 77 78 79
(65,*) 0 1 2 3 4 5 6 7 8 9 10 11 12 13 14 15 16 17 18 19 20 21 22 43 44 45 46 47 48 49 50 51 52 53 54 55 56 57 58 59 60 61 62 63 64 66 67 68 69 70 71 72 73 74 75 76 77 78 79
(66,*) 0 1 2 3 4 5 6 7 8 9 10 11 12 13 14 15 16 17 18 19 20 21 22 43 44 45 46 47 48 49 50 51 52 53 54 55 56 57 58 59 60 61 62 63 64 65 67 68 69 70 71 72 73 74 75 76 77 78 79
(67,*) 0 1 2 3 4 5 6 7 8 9 10 11 12 13 14 15 16 17 18 19 20 21 22 43 44 45 46 47 48 49 50 51 52 53 54 55 56 57 58 59 60 61 62 63 64 65 66 68 69 70 71 72 73 74 75 76 77 78 79
(68,*) 0 1 2 3 4 5 6 7 8 9 10 11 12 13 14 15 16 17 18 19 20 21 22 43 44 45 46 47 48 49 50 51 52 53 54 55 56 57 58 59 60 61 62 63 64 65 66 67 69 70 71 72 73 74 75 76 77 78 79
(69,*) 0 1 2 3 4 5 6 7 8 9 10 11 12 13 14 15 16 17 18 19 20 21 22 43 44 45 46 47 48 49 50 51 52 53 54 55 56 57 58 59 60 61 62 63 64 65 66 67 68 70 71 72 73 74 75 76 77 78 79
(70,*) 0 1 2 3 4 5 6 7 8 9 10 11 12 13 14 15 16 17 18 19 20 21 22 43 44 45 46 47 48 49 50 51 52 53 54 55 56 57 58 59 60 61 62 63 64 65 66 67 68 69 71 72 73 74 75 76 77 78 79
(71,*) 0 1 2 3 4 5 6 7 8 9 10 11 12 13 14 15 16 17 18 19 20 21 22 43 44 45 46 47 48 49 50 51 52 53 54 55 56 57 58 59 60 61 62 63 64 65 66 67 68 69 70 72 73 74 75 76 77 78 79
(72,*) 0 1 2 3 4 5 6 7 8 9 10 11 12 13 14 15 16 17 18 19 20 21 22 43 44 45 46 47 48 49 50 51 52 53 54 55 56 57 58 59 60 61 62 63 64 65 66 67 68 69 70 71 73 74 75 76 77 78 79
(73,*) 0 1 2 3 4 5 6 7 8 9 10 11 12 13 14 15 16 17 18 19 20 21 22 43 44 45 46 47 48 49 50 51 52 53 54 55 56 57 58 59 60 61 62 63 64 65 66 67 68 69 70 71 72 74 75 76 77 78 79
(74,*) 0 1 2 3 4 5 6 7 8 9 10 11 12 13 14 15 16 17 18 19 20 21 22 43 44 45 46 47 48 49 50 51 52 53 54 55 56 57 58 59 60 61 62 63 64 65 66 67 68 69 70 71 72 73 75 76 77 78 79
(75,*) 0 1 2 3 4 5 6 7 8 9 10 11 12 13 14 15 16 17 18 19 20 21 22 43 44 45 46 47 48 49 50 51 52 53 54 55 56 57 58 59 60 61 62 63 64 65 66 67 68 69 70 71 72 73 74 76 77 78 79
(76,*) 0 1 2 3 4 5 6 7 8 9 10 11 12 13 14 15 16 17 18 19 20 21 22 43 44 45 46 47 48 49 50 51 52 53 54 55 56 57 58 59 60 61 62 63 64 65 66 67 68 69 70 71 72 73 74 75 77 78 79
(77,*) 0 1 2 3 4 5 6 7 8 9 10 11 12 13 14 15 16 17 18 19 20 21 22 43 44 45 46 47 48 49 50 51 52 53 54 55 56 57 58 59 60 61 62 63 64 65 66 67 68 69 70 71 72 73 74 75 76 78 79
(78,*) 0 1 2 3 4 5 6 7 8 9 10 11 12 13 14 15 16 17 18 19 20 21 22 43 44 45 46 47 48 49 50 51 52 53 54 55 56 57 58 59 60 61 62 63 64 65 66 67 68 69 70 71 72 73 74 75 76 77 79
(79,*) 0 1 2 3 4 5 6 7 8 9 10 11 12 13 14 15 16 17 18 19 20 21 22 43 44 45 46 47 48 49 50 51 52 53 54 55 56 57 58 59 60 61 62 63 64 65 66 67 68 69 70 71 72 73 74 75 76 77 78
;
set A2:=
(63,*) 64
(64,*) 63
(65,*) 66
(66,*) 65
;
param BigM:=99999;
param n:= 10;
param d:=
1	1
2	22
3	25
4	26
5	5
6	5
7	15
8	12
9	2
10	16
11	16
12	21
13	2
14	6
15	11
16	10
17	1
18	26
19	17
20	10
21	25
22	17
23	11
24	20
25	26
26	17
27	17
28	16
29	22
30	2
31	20
32	20
33	17
34	12
35	21
36	15
37	26
38	10
39	1
40	63
41	21
42	25
43	5
44	15
45	21
46	12
47	11
48	21
49	12
50	17
51	12
52	22
53	16
54	2
55	6
56	7
57	6
58	25
59	16
60	5
61	22
62	6
;
param Q:=100;
param w:=
[63,*] 64 0.1
[64,*] 63 0.1
[65,*] 66 0.1
[66,*] 65 0.1
;
param V:=
[63,*] 64 87
[64,*] 63 87
[65,*] 66 86
[66,*] 65 86
;
param e:
	63	64	65	66	67	68	69	70	71	72	73	74	75	76	77	78:=
23		0		0		0		0		0		1		1		0		0		0		0		0		1		0		0		0	
24		0		1		0		0		0		0		1		0		0		0		0		0		0		0		0		0	
25		0		0		1		0		0		1		0		0		0		0		0		0		0		0		0		0	
26		1		0		0		0		1		0		0		0		0		0		0		0		0		0		0		0	
27		0		1		0		0		0		0		0		0		0		0		0		0		0		0		0		0	
28		0		0		0		0		0		0		0		0		0		0		1		0		0		0		0		0	
29		0		0		1		0		0		0		0		0		0		0		0		0		0		0		0		0	
30		0		0		0		1		0		0		0		0		0		1		0		0		0		0		0		0	
31		0		0		0		0		0		0		0		0		0		0		1		0		0		0		0		0	
32		0		0		0		0		0		0		1		0		0		0		0		0		1		0		0		0	
33		0		0		0		0		0		0		0		0		0		0		1		0		1		0		1		0	
34		0		0		0		0		0		0		0		0		0		0		0		0		0		1		0		0	
35		0		1		0		0		0		0		0		0		0		0		0		0		0		0		0		0	
36		0		0		0		0		0		0		0		0		0		0		0		0		0		0		0		1	
37		0		0		0		0		0		0		0		0		0		0		0		0		0		0		1		0	
38		0		0		0		0		1		0		0		0		0		0		0		0		0		0		0		0	
39		0		0		1		0		0		1		1		0		0		0		0		0		0		0		0		0	
40		0		0		0		0		0		0		0		0		0		1		1		0		1		0		1		0	
41		1		0		0		0		1		0		0		0		0		0		0		0		0		1		0		0	
42		1		0		0		1		0		0		0		0		0		1		0		0		0		0		0		1	
43		0		0		1		0		0		1		1		0		0		0		0		0		0		0		0		0	
44		0		1		0		0		0		0		0		0		0		0		0		0		0		0		1		0	
45		0		1		0		0		0		0		1		0		0		0		1		0		1		0		1		0	
46		0		0		0		0		0		1		1		0		1		0		0		0		0		0		0		0	
47		1		0		0		0		1		0		0		1		0		0		0		0		0		0		0		1	
48		0		0		0		1		0		0		0		0		0		1		0		1		0		0		0		0	
49		0		0		0		1		0		0		0		1		0		1		0		1		0		1		0		0	
50		1		0		0		0		1		0		0		0		0		0		0		0		0		0		0		0	
51		0		0		0		1		0		0		0		0		0		1		0		0		0		0		0		0	
52		0		1		0		0		0		0		0		0		0		0		0		0		0		0		1		0	
53		1		0		0		0		1		0		0		0		0		0		0		0		0		0		0		0	
54		0		0		1		0		0		1		1		0		0		0		0		0		0		0		0		0	
55		1		0		0		0		0		0		0		1		1		0		0		1		0		1		0		0	
56		0		0		0		0		0		1		1		0		1		0		0		0		0		0		0		0	
57		0		0		0		1		0		0		0		0		0		1		0		1		0		0		0		1	
58		0		0		0		0		0		0		1		1		1		0		0		1		1		1		0		0	
59		0		0		0		1		0		0		0		0		0		1		0		0		0		0		0		0	
60		0		0		1		0		0		0		0		0		0		0		0		0		0		0		0		0	
61		0		0		0		0		0		0		0		0		0		0		1		0		1		0		1		0	
62		1		0		0		0		0		0		0		1		0		0		0		1		0		1		0		1	
;
param p:=
1	3
2	3
3	3
4	3
5	3
6	3
7	3
8	3
9	3
10	3
;
param G:=
63	87
64	73
65	86
66	71
67	81
68	92
69	85
70	81
71	73
72	86
73	75
74	87
75	90
76	95
77	88
78	95
;
param s:=
0	0
1	10
2	10
3	10
4	10
5	10
6	10
7	10
8	10
9	10
10	10
11	10
12	10
13	10
14	10
15	10
16	10
17	10
18	10
19	10
20	10
21	10
22	10
43	10
44	10
45	10
46	10
47	10
48	10
49	10
50	10
51	10
52	10
53	10
54	10
55	10
56	10
57	10
58	10
59	10
60	10
61	10
62	10
63	10
64	10
65	10
66	10
67	10
68	10
69	10
70	10
71	10
72	10
73	10
74	10
75	10
76	10
77	10
78	10
;
param t:
	0	1	2	3	4	5	6	7	8	9	10	11	12	13	14	15	16	17	18	19	20	21	22	23	24	25	26	27	28	29	30	31	32	33	34	35	36	37	38	39	40	41	42	43	44	45	46	47	48	49	50	51	52	53	54	55	56	57	58	59	60	61	62	63	64	65	66	67	68	69	70	71	72	73	74	75	76	77	78	79:=
0	0.0	40.31	81.86	24.84	15.81	54.56	43.27	24.21	29.68	25.81	35.0	6.71	57.31	68.31	73.05	52.17	55.9	20.88	9.06	44.01	46.75	72.8	44.41	63.06	76.16	62.82	20.88	93.6	79.85	35.51	61.61	54.23	34.37	48.88	25.96	85.7	48.02	82.76	28.02	59.01	54.92	5.1	41.68	45.12	81.39	54.49	39.2	14.87	57.14	42.38	15.0	63.06	84.39	24.08	61.01	23.71	40.31	51.01	26.4	56.14	34.99	56.4	20.62	17.03	78.75	65.25	55.54	13.04	61.13	51.24	27.46	34.54	49.09	60.75	34.93	53.24	26.0	67.27	36.67	0.0
1	40.31	0.0	54.0	43.38	25.0	65.74	4.12	43.83	37.36	20.02	20.0	46.04	20.25	47.13	76.69	34.89	36.06	30.02	48.75	28.32	11.0	35.0	6.08	45.19	50.25	64.66	49.41	58.87	54.23	54.92	42.2	33.11	33.11	8.6	28.44	49.19	45.4	42.72	68.26	51.74	14.87	42.2	41.01	51.0	44.72	20.1	43.38	38.42	27.2	7.81	49.5	44.41	48.33	55.0	53.26	24.02	36.06	26.4	19.03	26.4	53.94	17.2	29.15	40.8	43.08	67.48	38.08	48.84	51.4	35.23	17.0	25.06	22.02	31.06	12.04	28.79	14.87	29.15	36.06	40.31
2	81.86	54.0	0.0	94.92	71.84	64.08	50.01	95.13	90.55	56.65	74.0	88.57	35.69	16.64	59.21	86.49	86.35	81.39	86.95	38.08	43.0	64.35	48.01	23.02	6.4	51.66	98.37	21.02	5.0	69.66	91.48	27.78	50.0	49.5	56.44	24.17	99.18	55.87	107.07	37.16	45.35	86.01	95.01	54.08	24.41	34.06	52.4	87.36	73.38	60.21	95.63	93.68	22.36	103.41	36.4	58.18	45.34	76.69	56.3	73.08	68.88	41.23	80.41	90.25	21.26	53.15	89.05	94.15	33.62	32.02	69.46	47.41	72.37	23.09	66.01	28.79	64.94	32.65	90.02	81.86
3	24.84	43.38	94.92	0.0	24.02	78.89	47.42	1.0	9.49	40.01	26.87	23.02	63.56	84.15	96.66	35.9	40.02	13.6	30.81	60.0	53.49	66.61	49.24	80.0	90.09	85.8	10.05	102.16	94.05	60.22	44.28	69.18	54.13	51.11	44.91	92.57	25.71	79.98	39.12	79.43	57.45	20.52	20.1	68.15	88.1	62.63	61.35	10.3	47.01	40.8	16.49	45.1	91.71	14.87	81.39	40.31	60.02	39.36	40.0	46.14	59.64	60.42	14.56	7.81	86.41	88.39	38.47	18.03	80.89	68.01	26.4	51.09	39.66	72.03	32.45	66.61	30.08	72.47	17.26	24.84
4	15.81	25.0	71.84	24.02	0.0	58.8	28.32	24.0	23.26	16.0	20.62	21.1	43.42	60.3	74.95	39.4	42.72	12.08	24.74	36.01	32.8	57.01	29.7	56.01	66.71	63.53	26.57	81.12	70.61	42.2	48.85	45.4	30.68	33.6	21.54	72.42	39.7	67.08	43.42	55.79	39.82	17.2	33.42	46.32	68.01	41.34	38.95	15.52	42.01	26.57	25.0	50.57	71.28	31.78	57.72	16.49	36.4	36.5	16.03	41.01	41.4	41.73	11.18	18.44	65.73	66.24	42.95	24.08	57.07	44.0	12.0	27.07	34.06	49.4	19.24	43.17	10.3	53.15	27.66	15.81
5	54.56	65.74	64.08	78.89	58.8	0.0	65.0	78.39	81.4	48.01	76.69	58.87	66.75	47.76	20.0	96.05	98.6	70.43	52.2	40.79	61.68	98.37	64.26	41.76	57.94	15.0	75.24	84.12	59.51	19.65	105.0	45.01	32.65	70.23	39.2	82.38	98.49	99.98	65.01	26.93	72.53	59.51	92.2	14.87	79.76	61.66	22.36	68.6	92.66	72.95	68.35	107.0	80.41	77.49	27.73	44.82	30.36	90.14	48.83	91.79	19.92	70.61	69.66	71.2	75.8	15.65	99.64	66.13	30.46	39.0	67.36	40.72	86.28	57.04	71.03	49.04	61.85	74.11	86.45	54.56
6	43.27	4.12	50.01	47.42	28.32	65.0	0.0	47.85	41.48	21.21	24.02	49.2	16.16	43.66	75.0	38.08	38.95	34.0	51.48	26.25	7.07	34.23	2.0	42.06	46.39	63.01	53.25	54.78	50.36	55.33	44.94	30.02	32.57	6.08	29.02	45.18	49.25	40.52	71.28	49.5	11.66	45.45	45.0	50.16	40.71	16.03	42.72	42.2	29.0	10.77	53.08	47.17	44.28	58.82	50.93	25.18	34.89	29.15	20.22	28.28	54.33	13.45	33.12	44.65	39.0	65.8	41.15	52.33	48.92	32.65	21.02	24.35	24.7	27.17	16.12	25.5	18.44	25.24	40.11	43.27
7	24.21	43.83	95.13	1.0	24.0	78.39	47.85	0.0	10.44	40.0	27.59	22.2	63.98	84.21	96.25	36.88	41.0	13.93	30.0	60.01	53.85	67.42	49.66	80.01	90.26	85.44	9.06	102.55	94.2	59.64	45.28	69.26	53.94	51.62	44.72	93.02	26.68	80.72	38.12	79.25	57.98	19.8	21.1	67.78	88.55	62.97	61.03	9.85	47.89	41.4	15.52	46.1	92.14	13.93	81.22	40.2	59.84	40.25	40.01	47.01	59.08	60.9	14.87	7.21	86.82	88.02	39.46	17.09	80.75	68.0	26.83	51.04	40.5	72.28	33.02	66.75	30.36	72.95	18.25	24.21
8	29.68	37.36	90.55	9.49	23.26	81.4	41.48	10.44	0.0	38.33	18.87	29.73	57.57	81.1	98.11	26.48	30.59	11.18	37.16	57.71	48.05	57.63	43.42	77.52	86.15	86.77	19.42	96.14	90.14	63.66	35.06	66.12	53.85	44.38	44.78	86.16	18.36	71.42	48.0	78.75	50.57	26.4	12.08	69.46	81.71	57.27	62.18	15.23	37.74	33.54	25.02	36.0	85.44	24.35	80.65	39.56	59.46	30.02	38.08	36.89	62.97	53.85	12.08	14.32	80.32	89.47	29.15	26.17	79.81	65.76	21.1	49.48	30.61	67.48	25.63	63.0	26.02	65.92	8.0	29.68
9	25.81	20.02	56.65	40.01	16.0	48.01	21.21	40.0	38.33	0.0	29.0	32.45	32.45	44.41	61.85	48.17	50.61	27.46	32.56	20.02	22.36	55.01	21.59	40.01	51.24	50.0	41.98	67.8	55.08	35.17	57.01	29.61	16.4	27.29	8.94	60.11	52.84	61.61	53.04	40.5	32.28	29.53	46.96	33.97	55.87	29.07	26.17	31.26	45.31	25.96	39.0	59.03	58.73	46.84	42.38	4.0	21.47	42.19	1.0	44.38	34.21	32.7	26.48	34.23	53.08	52.8	51.74	37.58	41.48	28.0	20.0	11.18	38.47	34.99	23.02	27.86	14.21	42.44	41.15	25.81
10	35.0	20.0	74.0	26.87	20.62	76.69	24.02	27.59	18.87	29.0	0.0	38.47	39.62	66.49	90.79	19.42	22.36	16.16	44.01	45.19	31.0	40.31	26.02	63.89	70.18	78.87	35.23	77.88	74.17	61.77	28.65	51.92	45.34	25.96	37.54	67.68	25.71	53.15	60.17	68.1	31.95	34.37	21.02	62.94	63.25	40.05	55.15	26.0	22.36	14.87	38.08	30.53	67.05	40.8	69.84	31.89	50.0	16.03	28.32	21.38	60.9	35.44	15.81	27.29	62.1	81.69	23.02	38.28	68.43	52.92	9.43	38.83	14.32	51.04	8.06	48.05	14.87	47.43	16.12	35.0
11	6.71	46.04	88.57	23.02	21.1	58.87	49.2	22.2	29.73	32.45	38.47	0.0	63.64	74.95	77.88	54.23	58.14	23.0	7.81	50.7	53.04	77.49	50.45	69.64	82.86	68.07	16.64	100.21	86.54	39.4	63.51	60.93	40.79	54.64	32.57	92.2	47.93	88.12	22.36	65.12	60.8	4.12	41.79	50.49	87.86	60.96	45.01	14.56	60.83	47.42	9.49	64.78	90.91	18.68	67.12	30.41	46.69	54.23	33.02	59.84	39.0	62.48	23.02	15.65	85.28	70.41	57.43	7.28	67.36	57.87	31.95	41.23	52.77	67.42	39.56	59.94	31.38	73.55	37.36	6.71
12	57.31	20.25	35.69	63.56	43.42	66.75	16.16	63.98	57.57	32.45	39.62	63.64	0.0	33.42	72.5	50.8	50.7	50.09	64.82	26.08	10.63	33.84	14.32	34.06	33.24	61.1	69.12	38.63	37.0	61.66	55.97	23.71	37.34	14.0	37.7	29.15	64.01	33.24	85.15	45.62	9.85	60.14	60.3	52.24	24.7	5.1	46.0	57.98	38.08	25.08	68.41	58.19	28.18	74.63	46.53	35.85	37.01	41.0	31.62	37.7	60.67	5.83	49.19	60.54	22.85	63.69	53.37	67.48	43.91	28.79	37.16	29.83	36.67	15.0	32.02	18.79	34.13	10.0	55.73	57.31
13	68.31	47.13	16.64	84.15	60.3	47.76	43.66	84.21	81.1	44.41	66.49	74.95	33.42	0.0	45.18	81.71	82.35	71.01	72.5	24.52	36.77	66.53	41.79	6.4	10.3	36.22	86.31	36.4	12.73	53.15	88.1	15.0	34.89	45.18	42.38	36.01	92.2	61.77	92.18	20.88	43.01	72.8	87.3	37.44	34.37	29.68	36.07	75.66	70.83	54.42	82.71	90.34	34.01	91.01	20.4	45.12	29.68	72.5	44.28	70.33	52.4	39.2	70.01	78.64	30.41	38.05	84.69	81.04	17.46	17.09	60.3	33.96	68.03	18.44	58.46	18.44	55.08	35.23	81.88	68.31
14	73.05	76.69	59.21	96.66	74.95	20.0	75.0	96.25	98.11	61.85	90.79	77.88	72.5	45.18	0.0	109.66	111.72	86.95	71.59	48.83	70.18	106.0	73.82	40.79	54.01	12.04	93.92	80.22	54.23	39.32	118.09	48.85	45.45	79.32	53.82	81.15	114.28	104.68	85.01	26.93	80.13	78.11	108.17	28.65	79.51	67.54	36.06	86.41	103.86	84.39	87.36	120.21	79.16	96.57	26.25	59.41	41.01	102.59	62.48	103.08	39.46	77.37	86.09	89.16	75.54	9.22	113.17	85.16	29.12	43.83	81.84	52.33	98.41	59.77	84.17	53.71	76.06	77.79	102.34	73.05
15	52.17	34.89	86.49	35.9	39.4	96.05	38.08	36.88	26.48	48.17	19.42	54.23	50.8	81.71	109.66	0.0	4.12	31.4	60.83	62.68	44.94	36.36	39.92	80.06	83.68	97.67	45.89	86.15	87.56	81.12	9.49	67.98	64.35	37.11	56.85	75.24	17.2	51.88	74.17	86.02	41.3	50.36	18.03	82.13	71.11	52.89	74.33	40.01	16.16	27.31	51.16	11.18	75.11	50.7	87.66	51.22	68.68	10.0	47.42	15.81	80.26	45.4	31.58	40.05	71.0	100.5	3.61	52.04	85.98	69.97	28.84	57.38	14.14	64.56	25.5	63.56	34.21	56.01	18.68	52.17
16	55.9	36.06	86.35	40.02	42.72	98.6	38.95	41.0	30.59	50.61	22.36	58.14	50.7	82.35	111.72	4.12	0.0	35.23	64.63	64.2	45.62	33.54	40.71	81.01	83.82	99.7	50.01	85.01	87.64	84.12	6.4	68.96	66.6	37.34	59.41	74.03	20.52	49.24	78.23	87.62	41.0	54.23	21.95	84.5	70.0	53.14	76.69	44.0	14.14	28.3	55.23	8.49	74.0	54.82	89.2	53.82	70.71	9.85	49.82	14.04	83.24	45.12	35.36	44.1	70.11	102.53	3.16	56.08	87.42	71.28	31.76	59.4	14.32	64.85	27.66	64.41	36.89	55.23	22.8	55.9
17	20.88	30.02	81.39	13.6	12.08	70.43	34.0	13.93	11.18	27.46	16.16	23.0	50.09	71.01	86.95	31.4	35.23	0.0	29.43	47.17	39.92	56.36	35.78	67.12	76.66	75.59	19.8	88.64	80.62	53.08	40.79	56.01	42.72	38.01	33.62	79.18	28.32	68.6	44.15	67.72	44.41	19.03	21.93	58.31	74.71	49.04	51.0	9.85	38.33	28.28	21.93	42.2	78.26	25.46	69.64	28.46	48.38	31.4	27.29	37.36	52.35	47.17	1.0	11.4	72.92	78.29	34.71	22.14	68.88	55.23	13.04	38.64	30.36	58.46	19.8	53.24	16.49	59.17	16.4	20.88
18	9.06	48.75	86.95	30.81	24.74	52.2	51.48	30.0	37.16	32.56	44.01	7.81	64.82	72.5	71.59	60.83	64.63	29.43	0.0	48.88	54.41	81.74	52.48	66.85	81.01	62.29	24.21	100.0	84.53	32.57	70.21	59.17	37.7	57.25	30.53	92.63	55.46	91.39	20.52	60.83	63.13	10.77	49.24	45.01	88.41	61.62	40.31	21.93	66.19	51.24	16.64	71.59	91.22	25.5	62.8	29.73	43.32	60.0	33.3	65.19	32.28	64.35	29.27	23.32	85.56	64.5	64.13	14.42	63.35	55.46	36.5	39.66	58.14	66.84	43.93	58.82	34.79	74.81	44.6	9.06
19	44.01	28.32	38.08	60.0	36.01	40.79	26.25	60.01	57.71	20.02	45.19	50.7	26.08	24.52	48.83	62.68	64.2	47.17	48.88	0.0	21.47	57.94	25.0	20.0	32.2	36.89	61.81	52.5	35.85	36.69	70.43	10.3	13.04	30.53	18.36	47.01	70.58	59.3	69.07	23.43	31.95	48.38	65.15	26.17	43.38	21.02	20.1	51.24	55.23	36.12	58.24	72.62	45.28	66.49	25.0	20.62	11.05	54.67	20.0	54.49	35.74	29.83	46.17	54.23	39.82	39.66	66.03	56.61	23.32	8.06	37.64	9.49	50.33	19.72	37.59	10.82	32.02	34.23	59.48	44.01
20	46.75	11.0	43.0	53.49	32.8	61.68	7.07	53.85	48.05	22.36	31.0	53.04	10.63	36.77	70.18	44.94	45.62	39.92	54.41	21.47	0.0	36.69	5.1	35.51	39.32	58.31	58.67	48.75	43.29	54.01	51.48	23.6	30.15	9.22	28.64	39.66	56.32	40.2	74.65	44.05	11.05	49.52	52.01	46.84	35.23	9.22	39.81	47.51	34.83	17.72	57.8	53.71	38.59	64.14	45.34	26.0	31.32	35.78	21.47	34.21	53.01	10.44	39.0	50.12	33.12	61.06	47.93	56.85	43.14	26.91	27.2	22.02	31.3	20.1	23.02	18.87	23.71	20.52	47.04	46.75
21	72.8	35.0	64.35	66.61	57.01	98.37	34.23	67.42	57.63	55.01	40.31	77.49	33.84	66.53	106.0	36.36	33.54	56.36	81.74	57.94	36.69	0.0	34.53	67.8	64.03	94.37	75.47	56.75	67.2	89.56	35.44	57.45	66.49	28.44	63.2	45.88	53.54	15.81	99.72	79.26	26.0	73.39	53.26	83.52	42.72	38.59	76.4	66.19	20.62	30.59	78.26	37.11	46.49	80.99	80.26	59.01	68.01	28.32	54.01	21.26	88.57	28.65	55.9	67.6	44.28	97.05	36.67	78.29	77.7	62.18	45.54	58.25	27.02	48.27	37.95	52.48	47.07	32.02	51.62	72.8
22	44.41	6.08	48.01	49.24	29.7	64.26	2.0	49.66	43.42	21.59	26.02	50.45	14.32	41.79	73.82	39.92	40.71	35.78	52.48	25.0	5.1	34.53	0.0	40.31	44.41	61.85	54.92	52.92	48.37	55.15	46.65	28.3	32.02	6.08	29.02	43.42	51.24	40.02	72.42	48.1	10.77	46.75	47.0	49.4	38.95	14.04	42.06	43.83	30.41	12.65	54.56	48.88	42.49	60.46	49.5	25.5	34.01	30.89	20.62	29.73	54.15	12.04	34.89	46.32	37.16	64.64	42.95	53.76	47.42	31.14	22.85	23.77	26.42	25.18	18.11	23.71	20.0	23.6	42.11	44.41
23	63.06	45.19	23.02	80.0	56.01	41.76	42.06	80.01	77.52	40.01	63.89	69.64	34.06	6.4	40.79	80.06	81.01	67.12	66.85	20.0	35.51	67.8	40.31	0.0	16.64	31.0	81.61	42.38	19.1	46.75	86.95	12.08	29.15	44.41	37.11	41.11	89.56	64.47	86.31	15.13	43.14	67.68	84.4	31.06	39.01	29.7	29.73	71.18	70.21	52.77	77.67	89.19	39.12	86.15	15.0	40.31	23.71	71.2	40.0	69.63	46.01	39.62	66.12	74.17	35.01	33.06	83.19	75.93	12.0	12.04	57.07	29.15	66.73	19.72	55.97	16.64	51.62	37.58	78.85	63.06
24	76.16	50.25	6.4	90.09	66.71	57.94	46.39	90.26	86.15	51.24	70.18	82.86	33.24	10.3	54.01	83.68	83.82	76.66	81.01	32.2	39.32	64.03	44.41	16.64	0.0	45.89	93.15	26.48	4.0	63.25	89.2	21.93	43.83	46.57	50.54	27.66	95.63	57.01	101.02	31.02	43.08	80.41	91.2	47.71	26.93	30.81	46.01	82.23	71.31	56.89	90.14	91.42	25.71	98.08	30.36	52.55	39.05	74.04	50.96	70.94	62.48	39.0	75.66	85.15	23.26	47.52	86.4	88.6	27.51	25.81	65.07	41.63	69.64	19.24	62.13	23.54	60.3	32.02	86.05	76.16
25	62.82	64.66	51.66	85.8	63.53	15.0	63.01	85.44	86.77	50.0	78.87	68.07	61.1	36.22	12.04	97.67	99.7	75.59	62.29	36.89	58.31	94.37	61.85	31.0	45.89	0.0	83.68	72.37	46.84	31.26	106.07	37.64	33.6	67.42	42.19	72.06	102.63	93.68	77.41	16.12	68.43	67.91	96.57	17.72	70.01	56.08	24.6	75.61	91.83	72.35	77.47	108.19	70.06	86.68	16.0	47.71	29.0	90.55	50.61	91.05	31.14	65.8	74.71	78.43	66.01	2.83	101.18	75.31	19.0	32.31	70.0	40.31	86.37	49.03	72.18	42.38	64.2	66.94	90.74	62.82
26	20.88	49.41	98.37	10.05	26.57	75.24	53.25	9.06	19.42	41.98	35.23	16.64	69.12	86.31	93.92	45.89	50.01	19.8	24.21	61.81	58.67	75.47	54.92	81.61	93.15	83.68	0.0	107.35	97.02	55.9	54.33	71.59	54.01	57.63	45.01	98.27	35.36	88.24	29.27	79.16	64.03	15.81	30.02	65.97	93.81	67.54	59.84	11.18	56.36	48.08	7.81	55.15	97.25	5.66	81.15	41.3	60.01	48.85	42.2	55.46	55.46	66.61	20.52	8.6	91.79	86.13	48.51	9.9	81.02	69.58	32.65	52.47	48.76	75.96	39.6	69.64	34.99	78.49	27.29	20.88
27	93.6	58.87	21.02	102.16	81.12	84.12	54.78	102.55	96.14	67.8	77.88	100.21	38.63	36.4	80.22	86.15	85.01	88.64	100.0	52.5	48.75	56.75	52.92	42.38	26.48	72.37	107.35	0.0	26.02	87.46	89.09	43.01	65.44	51.92	70.01	11.05	101.12	44.28	120.51	57.28	46.1	97.08	98.06	72.92	15.03	39.82	69.97	96.18	71.01	63.06	106.0	91.14	11.05	112.77	56.75	70.29	61.85	76.16	67.2	71.0	86.61	42.45	87.73	98.84	15.81	73.98	88.02	104.85	53.85	48.55	75.77	60.81	72.34	33.24	70.52	41.77	72.45	30.59	93.86	93.6
28	79.85	54.23	5.0	94.05	70.61	59.51	50.36	94.2	90.14	55.08	74.17	86.54	37.0	12.73	54.23	87.56	87.64	80.62	84.53	35.85	43.29	67.2	48.37	19.1	4.0	46.84	97.02	26.02	0.0	65.86	92.97	25.63	47.17	50.45	54.13	28.79	99.61	59.55	104.45	32.65	46.82	84.15	95.19	50.0	28.65	34.71	48.8	86.12	75.03	60.83	93.92	95.19	26.93	101.92	31.78	56.3	42.2	77.88	54.82	74.67	65.12	42.72	79.63	89.05	25.24	48.27	90.25	92.36	29.07	29.15	69.07	45.31	73.5	23.19	66.12	27.46	64.28	35.23	90.05	79.85
29	35.51	54.92	69.66	60.22	42.2	19.65	55.33	59.64	63.66	35.17	61.77	39.4	61.66	53.15	39.32	81.12	84.12	53.08	32.57	36.69	54.01	89.56	55.15	46.75	63.25	31.26	55.9	87.46	65.86	0.0	90.43	44.72	24.33	61.2	26.48	83.26	81.39	94.13	46.17	35.23	65.0	40.31	75.01	16.64	79.85	56.89	17.49	50.0	80.32	61.13	48.85	92.28	81.44	57.94	36.89	31.32	26.0	76.56	36.14	79.38	1.0	64.12	52.4	52.43	76.16	33.06	84.72	46.62	38.6	38.95	52.35	32.06	73.16	56.08	57.38	47.17	47.42	70.61	69.43	35.51
30	61.61	42.2	91.48	44.28	48.85	105.0	44.94	45.28	35.06	57.01	28.65	63.51	55.97	88.1	118.09	9.49	6.4	40.79	70.21	70.43	51.48	35.44	46.65	86.95	89.2	106.07	54.33	89.09	92.97	90.43	0.0	74.95	73.0	42.95	65.8	78.06	21.95	51.24	83.02	93.86	46.17	59.68	25.0	90.91	74.17	58.69	83.1	49.16	18.25	34.41	60.01	2.24	78.16	58.86	95.43	60.22	77.08	15.81	56.22	18.44	89.55	50.29	41.0	49.01	74.55	108.89	6.08	61.01	93.6	77.42	38.08	65.76	20.25	70.38	34.06	70.33	43.27	59.84	27.07	61.61
31	54.23	33.11	27.78	69.18	45.4	45.01	30.02	69.26	66.12	29.61	51.92	60.93	23.71	15.0	48.85	67.98	68.96	56.01	59.17	10.3	23.6	57.45	28.3	12.08	21.93	37.64	71.59	43.01	25.63	44.72	74.95	0.0	22.63	32.65	28.65	38.63	77.62	56.04	79.32	21.93	32.02	58.52	72.57	31.58	35.44	18.87	27.31	60.83	58.41	40.71	68.31	77.18	36.77	76.4	22.83	30.68	18.87	59.17	29.43	57.8	43.83	28.84	55.01	63.79	31.62	40.16	71.12	66.73	20.25	6.08	45.4	19.7	54.71	12.04	43.97	5.0	40.11	29.43	67.08	54.23
32	34.37	33.11	50.0	54.13	30.68	32.65	32.57	53.94	53.85	16.4	45.34	40.79	37.34	34.89	45.45	64.35	66.6	42.72	37.7	13.04	30.15	66.49	32.02	29.15	43.83	33.6	54.01	65.44	47.17	24.33	73.0	22.63	0.0	38.08	9.22	60.03	69.12	70.01	57.31	25.32	41.19	39.2	63.13	18.03	56.36	32.56	10.3	44.41	60.03	40.31	49.25	75.07	58.31	58.08	27.29	14.32	6.0	57.8	17.03	59.17	23.35	40.0	41.79	47.38	52.84	36.4	67.9	47.38	27.02	18.03	36.4	8.25	53.82	32.76	38.95	23.85	30.61	46.32	57.31	34.37
33	48.88	8.6	49.5	51.11	33.6	70.23	6.08	51.62	44.38	27.29	25.96	54.64	14.0	45.18	79.32	37.11	37.34	38.01	57.25	30.53	9.22	28.44	6.08	44.41	46.57	67.42	57.63	51.92	50.45	61.2	42.95	32.65	38.08	0.0	35.0	41.79	50.01	34.48	76.85	53.26	6.4	50.8	46.39	55.36	37.34	15.81	48.08	46.75	25.81	11.18	58.0	45.19	41.11	63.25	54.56	31.26	39.92	27.51	26.31	25.24	60.21	9.49	37.2	49.04	36.14	70.18	39.85	57.38	52.35	36.12	25.0	29.83	23.09	27.51	18.79	27.8	23.43	21.54	41.98	48.88
34	25.96	28.44	56.44	44.91	21.54	39.2	29.02	44.72	44.78	8.94	37.54	32.57	37.7	42.38	53.82	56.85	59.41	33.62	30.53	18.36	28.64	63.2	29.02	37.11	50.54	42.19	45.01	70.01	54.13	26.48	65.8	28.65	9.22	35.0	0.0	63.41	60.46	68.73	50.8	34.53	39.32	30.59	54.38	25.5	59.41	33.54	17.8	35.23	54.23	34.79	40.61	67.8	61.85	49.25	36.5	5.66	15.13	51.11	9.85	53.31	25.5	39.05	32.7	38.21	56.22	44.94	60.44	38.83	36.12	25.3	28.28	9.22	47.41	36.77	31.91	28.43	22.67	47.42	48.55	25.96
35	85.7	49.19	24.17	92.57	72.42	82.38	45.18	93.02	86.16	60.11	67.68	92.2	29.15	36.01	81.15	75.24	74.03	79.18	92.63	47.01	39.66	45.88	43.42	41.11	27.66	72.06	98.27	11.05	28.79	83.26	78.06	38.63	60.03	41.79	63.41	0.0	90.43	34.13	113.14	56.22	35.74	88.87	87.56	69.92	4.47	31.24	65.92	87.13	60.0	52.81	97.42	80.1	2.0	103.77	56.08	62.97	57.27	65.28	59.41	60.01	82.35	32.31	78.29	89.69	7.21	74.01	77.06	96.4	53.08	44.6	66.19	54.41	61.52	27.29	60.54	36.24	63.29	20.25	83.52	85.7
36	48.02	45.4	99.18	25.71	39.7	98.49	49.25	26.68	18.36	52.84	25.71	47.93	64.01	92.2	114.28	17.2	20.52	28.32	55.46	70.58	56.32	53.54	51.24	89.56	95.63	102.63	35.36	101.12	99.61	81.39	21.95	77.62	69.12	50.01	60.46	90.43	0.0	68.96	64.63	93.04	55.23	44.72	6.4	85.8	86.15	65.12	78.24	33.54	33.12	39.01	42.2	21.93	90.09	39.01	94.85	54.92	74.3	26.0	52.35	32.65	80.66	59.14	29.0	32.31	85.59	105.39	17.69	43.68	93.62	78.43	33.11	63.51	29.12	76.42	33.73	73.76	38.91	70.58	12.04	48.02
37	82.76	42.72	55.87	79.98	67.08	99.98	40.52	80.72	71.42	61.61	53.15	88.12	33.24	61.77	104.68	51.88	49.24	68.6	91.39	59.3	40.2	15.81	40.02	64.47	57.01	93.68	88.24	44.28	59.55	94.13	51.24	56.04	70.01	34.48	68.73	34.13	68.96	0.0	110.48	77.79	29.43	84.12	68.24	85.48	32.02	38.33	79.1	78.24	35.85	40.82	90.14	52.89	35.23	93.86	78.43	65.51	70.18	43.27	60.64	36.36	93.13	30.02	68.01	80.0	34.66	96.17	52.39	89.89	75.61	61.61	56.6	62.07	41.23	44.94	49.09	51.42	56.8	26.93	66.07	82.76
38	28.02	68.26	107.07	39.12	43.42	65.01	71.28	38.12	48.0	53.04	60.17	22.36	85.15	92.18	85.01	74.17	78.23	44.15	20.52	69.07	74.65	99.72	72.42	86.31	101.02	77.41	29.27	120.51	104.45	46.17	83.02	79.32	57.31	76.85	50.8	113.14	64.63	110.48	0.0	78.75	82.93	26.4	59.21	61.39	108.9	82.07	58.19	34.53	82.46	69.78	23.02	84.0	111.73	26.25	80.65	50.25	62.61	75.5	53.76	81.49	46.27	84.4	44.38	34.13	106.08	79.23	77.06	22.2	81.6	75.29	54.23	60.0	74.46	87.32	61.85	79.2	53.71	95.13	56.0	28.02
39	59.01	51.74	37.16	79.43	55.79	26.93	49.5	79.25	78.75	40.5	68.1	65.12	45.62	20.88	26.93	86.02	87.62	67.72	60.83	23.43	44.05	79.26	48.1	15.13	31.02	16.12	79.16	57.28	32.65	35.23	93.86	21.93	25.32	53.26	34.53	56.22	93.04	77.79	78.75	0.0	53.54	64.0	87.32	18.6	54.01	40.71	20.62	69.72	78.49	59.55	74.01	96.05	54.23	83.01	2.0	39.29	19.42	78.1	40.85	77.78	34.67	50.61	66.76	72.69	50.01	18.44	89.4	72.03	3.61	17.2	59.93	29.55	73.76	32.98	60.75	26.83	54.13	50.96	81.54	59.01
40	54.92	14.87	45.35	57.45	39.82	72.53	11.66	57.98	50.57	32.28	31.95	60.8	9.85	43.01	80.13	41.3	41.0	44.41	63.13	31.95	11.05	26.0	10.77	43.14	43.08	68.43	64.03	46.1	46.82	65.0	46.17	32.02	41.19	6.4	39.32	35.74	55.23	29.43	82.93	53.54	0.0	57.01	51.97	57.72	31.32	13.45	50.8	53.15	28.23	17.09	64.35	48.38	35.17	69.66	54.64	36.14	42.2	31.4	31.32	27.86	64.0	4.12	43.6	55.44	30.41	71.12	43.74	63.7	52.2	36.36	31.4	33.06	27.17	24.7	25.06	27.02	29.73	15.52	47.8	54.92
41	5.1	42.2	86.01	20.52	17.2	59.51	45.45	19.8	26.4	29.53	34.37	4.12	60.14	72.8	78.11	50.36	54.23	19.03	10.77	48.38	49.52	73.39	46.75	67.68	80.41	67.91	15.81	97.08	84.15	40.31	59.68	58.52	39.2	50.8	30.59	88.87	44.72	84.12	26.4	64.0	57.01	0.0	38.48	50.22	84.5	57.63	44.28	11.18	56.72	43.38	10.05	61.0	87.62	19.03	66.0	27.86	45.18	50.16	30.02	55.73	39.82	58.8	19.0	12.81	82.01	70.34	53.6	8.25	66.07	55.79	27.86	38.9	48.66	64.5	35.47	57.27	27.46	70.01	33.84	5.1
42	41.68	41.01	95.01	20.1	33.42	92.2	45.0	21.1	12.08	46.96	21.02	41.79	60.3	87.3	108.17	18.03	21.95	21.93	49.24	65.15	52.01	53.26	47.0	84.4	91.2	96.57	30.02	98.06	95.19	75.01	25.0	72.57	63.13	46.39	54.38	87.56	6.4	68.24	59.21	87.32	51.97	38.48	0.0	79.63	83.2	61.01	72.11	27.31	32.65	35.23	36.5	25.5	87.1	34.13	89.16	48.88	68.43	25.0	46.52	32.02	74.28	55.73	22.63	26.25	82.38	99.32	19.7	37.85	88.02	73.08	27.51	57.78	27.29	72.06	29.07	68.88	33.24	67.47	5.83	41.68
43	45.12	51.0	54.08	68.15	46.32	14.87	50.16	67.78	69.46	33.97	62.94	50.49	52.24	37.44	28.65	82.13	84.5	58.31	45.01	26.17	46.84	83.52	49.4	31.06	47.71	17.72	65.97	72.92	50.0	16.64	90.91	31.58	18.03	55.36	25.5	69.92	85.8	85.48	61.39	18.6	57.72	50.22	79.63	0.0	66.94	47.17	7.81	57.94	78.03	58.31	59.84	92.96	68.01	69.05	20.25	31.14	15.52	75.8	34.71	77.18	16.12	55.9	57.45	60.75	63.06	20.25	85.7	57.71	22.02	25.5	53.76	25.94	71.85	43.57	56.85	35.13	48.08	60.01	73.82	45.12
44	81.39	44.72	24.41	88.1	68.01	79.76	40.71	88.55	81.71	55.87	63.25	87.86	24.7	34.37	79.51	71.11	70.0	74.71	88.41	43.38	35.23	42.72	38.95	39.01	26.93	70.01	93.81	15.03	28.65	79.85	74.17	35.44	56.36	37.34	59.41	4.47	86.15	32.02	108.9	54.01	31.32	84.5	83.2	66.94	0.0	26.91	62.63	82.68	56.04	48.38	93.01	76.24	4.0	99.32	54.01	58.8	53.85	61.13	55.15	56.01	78.92	27.86	73.82	85.23	4.0	72.06	73.01	92.01	51.01	41.48	61.72	50.48	57.31	23.77	56.08	32.7	58.83	15.81	79.12	81.39
45	54.49	20.1	34.06	62.63	41.34	61.66	16.03	62.97	57.27	29.07	40.05	60.96	5.1	29.68	67.54	52.89	53.14	49.04	61.62	21.02	9.22	38.59	14.04	29.7	30.81	56.08	67.54	39.82	34.71	56.89	58.69	18.87	32.56	15.81	33.54	31.24	65.12	38.33	82.07	40.71	13.45	57.63	61.01	47.17	26.91	0.0	41.01	56.36	41.18	26.17	66.29	60.93	30.0	72.95	41.68	32.2	32.0	43.32	28.32	40.71	55.9	10.0	48.1	59.03	24.41	58.69	55.66	65.22	39.12	23.77	36.4	25.3	38.9	11.7	32.14	13.89	32.7	13.93	56.14	54.49
46	39.2	43.38	52.4	61.35	38.95	22.36	42.72	61.03	62.18	26.17	55.15	45.01	46.0	36.07	36.06	74.33	76.69	51.0	40.31	20.1	39.81	76.4	42.06	29.73	46.01	24.6	59.84	69.97	48.8	17.49	83.1	27.31	10.3	48.08	17.8	65.92	78.24	79.1	58.19	20.62	50.8	44.28	72.11	7.81	62.63	41.01	0.0	51.24	70.33	50.61	54.15	85.15	64.08	63.29	22.56	23.43	9.06	68.01	26.91	69.46	16.64	49.25	50.12	54.12	58.87	27.29	77.9	52.09	23.41	21.47	46.01	18.38	64.07	38.9	49.04	30.08	40.31	54.33	66.29	39.2
47	14.87	38.42	87.36	10.3	15.52	68.6	42.2	9.85	15.23	31.26	26.0	14.56	57.98	75.66	86.41	40.01	44.0	9.85	21.93	51.24	47.51	66.19	43.83	71.18	82.23	75.61	11.18	96.18	86.12	50.0	49.16	60.83	44.41	46.75	35.23	87.13	33.54	78.24	34.53	69.72	53.15	11.18	27.31	57.94	82.68	56.36	51.24	0.0	48.08	37.64	12.08	50.36	86.09	16.64	71.7	31.0	50.36	41.0	31.4	47.13	49.41	55.61	10.3	3.0	80.62	78.19	43.1	12.37	71.34	59.14	21.93	42.05	40.16	64.85	29.21	58.69	23.85	67.42	22.8	14.87
48	57.14	27.2	73.38	47.01	42.01	92.66	29.0	47.89	37.74	45.31	22.36	60.83	38.08	70.83	103.86	16.16	14.14	38.33	66.19	55.23	34.83	20.62	30.41	70.21	71.31	91.83	56.36	71.01	75.03	80.32	18.25	58.41	60.03	25.81	54.23	60.0	33.12	35.85	82.46	78.49	28.23	56.72	32.65	78.03	56.04	41.18	70.33	48.08	0.0	19.72	60.08	20.4	60.03	61.72	79.91	49.04	63.25	7.81	44.38	1.0	79.38	32.31	38.08	49.04	56.32	94.64	17.26	60.44	77.83	61.55	30.02	52.15	8.06	52.77	23.35	53.6	33.54	41.59	31.24	57.14
49	42.38	7.81	60.21	40.8	26.57	72.95	10.77	41.4	33.54	25.96	14.87	47.42	25.08	54.42	84.39	27.31	28.3	28.28	51.24	36.12	17.72	30.59	12.65	52.77	56.89	72.35	48.08	63.06	60.83	61.13	34.41	40.71	40.31	11.18	34.79	52.81	39.01	40.82	69.78	59.55	17.09	43.38	35.23	58.31	48.38	26.17	50.61	37.64	19.72	0.0	49.41	36.62	52.2	53.74	61.07	29.83	43.6	18.6	25.0	18.87	60.17	20.62	27.59	39.62	47.3	75.17	30.41	49.09	59.2	43.01	15.81	32.45	14.21	37.66	8.49	36.25	16.49	32.57	30.81	42.38
50	15.0	49.5	95.63	16.49	25.0	68.35	53.08	15.52	25.02	39.0	38.08	9.49	68.41	82.71	87.36	51.16	55.23	21.93	16.64	58.24	57.8	78.26	54.56	77.67	90.14	77.47	7.81	106.0	93.92	48.85	60.01	68.31	49.25	58.0	40.61	97.42	42.2	90.14	23.02	74.01	64.35	10.05	36.5	59.84	93.01	66.29	54.15	12.08	60.08	49.41	0.0	61.01	96.26	9.22	76.01	37.64	55.23	52.89	39.4	59.14	48.47	66.53	22.36	11.18	90.7	79.83	54.04	2.24	76.11	65.73	33.6	48.76	52.2	73.79	41.05	66.85	34.66	78.1	33.02	15.0
51	63.06	44.41	93.68	45.1	50.57	107.0	47.17	46.1	36.0	59.03	30.53	64.78	58.19	90.34	120.21	11.18	8.49	42.2	71.59	72.62	53.71	37.11	48.88	89.19	91.42	108.19	55.15	91.14	95.19	92.28	2.24	77.18	75.07	45.19	67.8	80.1	21.93	52.89	84.0	96.05	48.38	61.0	25.5	92.96	76.24	60.93	85.15	50.36	20.4	36.62	61.01	0.0	80.22	59.54	97.62	62.2	79.2	18.03	58.26	20.62	91.42	52.5	42.45	50.09	76.66	111.02	7.62	62.07	95.8	79.63	39.96	67.88	22.47	72.62	36.12	72.56	45.22	61.98	28.0	63.06
52	84.39	48.33	22.36	91.71	71.28	80.41	44.28	92.14	85.44	58.73	67.05	90.91	28.18	34.01	79.16	75.11	74.0	78.26	91.22	45.28	38.59	46.49	42.49	39.12	25.71	70.06	97.25	11.05	26.93	81.44	78.16	36.77	58.31	41.11	61.85	2.0	90.09	35.23	111.73	54.23	35.17	87.62	87.1	68.01	4.0	30.0	64.08	86.09	60.03	52.2	96.26	80.22	0.0	102.73	54.08	61.52	55.46	65.12	58.05	60.01	80.53	31.62	77.37	88.68	5.66	72.01	77.01	95.21	51.09	42.72	65.31	52.8	61.29	25.55	59.81	34.48	62.27	19.65	82.97	84.39
53	24.08	55.0	103.41	14.87	31.78	77.49	58.82	13.93	24.35	46.84	40.8	18.68	74.63	91.01	96.57	50.7	54.82	25.46	25.5	66.49	64.14	80.99	60.46	86.15	98.08	86.68	5.66	112.77	101.92	57.94	58.86	76.4	58.08	63.25	49.25	103.77	39.01	93.86	26.25	83.01	69.66	19.03	34.13	69.05	99.32	72.95	63.29	16.64	61.72	53.74	9.22	59.54	102.73	0.0	85.01	45.89	64.07	54.13	47.13	60.83	57.58	72.2	26.17	14.21	97.25	89.05	53.15	11.4	85.02	74.15	38.29	57.07	54.2	81.15	45.25	74.63	40.5	84.05	32.02	24.08
54	61.01	53.26	36.4	81.39	57.72	27.73	50.93	81.22	80.65	42.38	69.84	67.12	46.53	20.4	26.25	87.66	89.2	69.64	62.8	25.0	45.34	80.26	49.5	15.0	30.36	16.0	81.15	56.75	31.78	36.89	95.43	22.83	27.29	54.56	36.5	56.08	94.85	78.43	80.65	2.0	54.64	66.0	89.16	20.25	54.01	41.68	22.56	71.7	79.91	61.07	76.01	97.62	54.08	85.01	0.0	41.23	21.38	79.65	42.72	79.21	36.36	51.62	68.68	74.67	50.01	18.11	91.02	74.03	3.0	18.44	61.74	31.38	75.29	33.53	62.43	27.78	55.95	51.55	83.38	61.01
