vehicles
vehicle_idx, capacity, cost_per_unit_distance
1,100,3
2,100,3
3,100,3
4,100,3
5,100,3
6,100,3
7,100,3
8,100,3
depot
node_idx,x,y
0,2,48
home delivery customers
node_idx,x,y,service_time,demand
1,33,83,10,18
2,38,10,10,11
3,7,1,10,9
4,4,24,10,16
5,82,56,10,7
6,30,56,10,6
7,38,62,10,1
8,42,53,10,2
9,5,49,10,22
10,1,85,10,23
11,14,41,10,7
12,68,52,10,6
13,92,96,10,12
14,38,9,10,9
15,8,74,10,19
16,96,79,10,3
17,0,30,10,16
18,72,75,10,2
19,33,49,10,23
20,54,53,10,2
21,26,17,10,7
self pickup customers
node_idx,x,y,service_time,demand,locker_idxs
22,64,71,10,26,71-62-66
23,77,89,10,16,66-62
24,96,61,10,8,71
25,23,96,10,2,65
26,74,94,10,22,66-62
27,4,48,10,2,69
28,24,10,10,14,63
29,90,15,10,20,64-67
30,58,41,10,2,68
31,93,41,10,18,68-74-71
32,73,87,10,23,66-62
33,21,1,10,16,70
34,56,84,10,21,62-66
35,85,49,10,19,71-68
36,12,71,10,6,65
37,26,55,10,2,69
38,71,21,10,2,67-64
39,51,2,10,16,67
40,93,7,10,26,64-67
41,70,22,10,21,67-64
flexible customers
node_idx,x,y,service_time,demand,locker_idxs
42,53,55,10,7,71-68-74-75
43,7,40,10,4,73-69
44,73,68,10,9,68-74-71-66
45,94,4,10,4,64-67
46,50,70,10,3,75-72
47,35,69,10,20,75-72-65
48,94,73,10,1,66
49,96,88,10,12,66
50,73,22,10,11,67-64
51,52,72,10,14,72-75
52,61,46,10,2,71-74-68
53,13,87,10,18,65
54,34,68,10,4,72-75-65
55,84,97,10,16,66-62
56,35,20,10,26,73-63
57,28,93,10,10,65
58,55,94,10,9,72-62
59,68,99,10,24,62-66
60,30,53,10,24,72-75-69
61,85,2,10,12,64-67
lockers
node_idx,x,y,service_time,capacity,cost_per_unit_good
62,65,88,10,98
63,25,15,10,86
64,93,12,10,99
65,22,88,10,80
66,77,88,10,71
67,72,14,10,93
68,79,48,10,88
69,12,55,10,94
70,18,13,10,89
71,75,57,10,80
72,38,79,10,77
73,26,25,10,73
74,74,52,10,82
75,40,68,10,75
mrt lines
start_node_idx,end_node_idx,freight_capacity,cost_per_unit_good
62,63,98,0.1
63,62,98,0.1
64,65,99,0.1
65,64,99,0.1
66,67,93,0.1
67,66,93,0.1
distance matrix
,0,1,2,3,4,5,6,7,8,9,10,11,12,13,14,15,16,17,18,19,20,21,22,23,24,25,26,27,28,29,30,31,32,33,34,35,36,37,38,39,40,41,42,43,44,45,46,47,48,49,50,51,52,53,54,55,56,57,58,59,60,61,62,63,64,65,66,67,68,69,70,71,72,73,74,75,
0,0.0,46.75,52.35,47.27,24.08,80.4,29.12,38.63,40.31,3.16,37.01,13.89,66.12,102.0,53.08,26.68,98.98,18.11,75.03,31.02,52.24,39.2,66.13,85.48,94.89,52.39,85.44,2.0,43.91,93.98,56.44,91.27,81.01,50.7,64.9,83.01,25.08,25.0,74.09,67.21,99.81,72.8,51.48,9.43,73.76,101.98,52.8,39.12,95.34,102.16,75.61,55.46,59.03,40.52,37.74,95.52,43.28,51.97,70.18,83.41,28.44,94.89,74.63,40.22,97.86,44.72,85.0,77.82,77.0,12.21,38.48,73.55,47.51,33.24,72.11,42.94
1,46.75,0.0,73.17,86.02,65.74,55.95,27.17,21.59,31.32,44.05,32.06,46.1,46.75,60.42,74.17,26.57,63.13,62.43,39.81,34.0,36.62,66.37,33.24,44.41,66.73,16.4,42.45,45.45,73.55,88.73,48.88,73.24,40.2,82.87,23.02,62.13,24.19,28.86,72.72,82.98,96.83,71.34,34.41,50.25,42.72,99.81,21.4,14.14,61.81,63.2,72.95,21.95,46.4,20.4,15.03,52.89,63.03,11.18,24.6,38.48,30.15,96.25,32.39,68.47,92.96,12.08,44.28,79.26,57.8,35.0,71.59,49.4,6.4,58.42,51.4,16.55
2,52.35,73.17,0.0,32.28,36.77,63.66,46.69,52.0,43.19,51.09,83.63,39.2,51.61,101.55,1.0,70.68,90.14,42.94,73.36,39.32,45.88,13.89,66.31,88.1,77.23,87.3,91.39,50.99,14.0,52.24,36.89,63.13,84.58,19.24,76.16,61.07,66.31,46.57,34.79,15.26,55.08,34.18,47.43,43.14,67.74,56.32,61.19,59.08,84.29,97.2,37.0,63.56,42.72,80.96,58.14,98.41,10.44,83.6,85.7,93.92,43.74,47.68,82.54,13.93,55.04,79.62,87.21,34.23,55.9,51.97,20.22,59.82,69.0,19.21,55.32,58.03
3,47.27,86.02,32.28,0.0,23.19,93.01,59.62,68.43,62.68,48.04,84.21,40.61,79.51,127.48,32.02,73.01,118.34,29.83,98.49,54.59,70.09,24.84,90.27,112.45,107.34,96.34,114.62,47.1,19.24,84.17,64.82,94.85,108.41,14.0,96.38,91.59,70.18,57.25,67.05,44.01,86.21,66.41,70.94,39.0,94.05,87.05,81.3,73.54,112.93,124.46,69.26,84.06,70.29,86.21,72.24,123.07,33.84,94.37,104.66,115.43,56.86,78.01,104.56,22.8,86.7,88.28,111.66,66.29,85.98,54.23,16.28,88.09,83.93,30.61,84.2,74.69
4,24.08,65.74,36.77,23.19,0.0,84.31,41.23,50.99,47.8,25.02,61.07,19.72,69.86,113.7,37.16,50.16,107.19,7.21,85.0,38.29,57.8,23.09,76.22,97.74,99.16,74.46,98.99,24.0,24.41,86.47,56.61,90.61,93.43,28.6,79.4,84.77,47.68,38.01,67.07,51.89,90.61,66.03,57.98,16.28,81.84,92.2,65.05,54.64,102.47,112.07,69.03,67.88,61.1,63.64,53.25,108.3,31.26,73.05,86.61,98.6,38.95,83.93,88.41,22.85,89.81,66.48,97.08,68.73,78.75,32.02,17.8,78.29,64.66,22.02,75.39,56.85
5,80.4,55.95,63.66,93.01,84.31,0.0,52.0,44.41,40.11,77.32,86.03,69.63,14.56,41.23,64.38,76.16,26.93,86.02,21.47,49.5,28.16,68.24,23.43,33.38,14.87,71.28,38.83,78.41,74.03,41.77,28.3,18.6,32.28,82.13,38.21,7.62,71.59,56.01,36.69,62.27,50.22,36.06,29.02,76.69,15.0,53.37,34.93,48.76,20.81,34.93,35.17,34.0,23.26,75.64,49.48,41.05,59.2,65.46,46.62,45.22,52.09,54.08,36.24,70.21,45.35,68.0,32.39,43.17,8.54,70.01,77.1,7.07,49.65,64.01,8.94,43.68
6,29.12,27.17,46.69,59.62,41.23,52.0,0.0,10.0,12.37,25.96,41.01,21.93,38.21,73.78,47.68,28.43,69.89,39.7,46.1,7.62,24.19,39.2,37.16,57.43,66.19,40.61,58.14,27.2,46.39,72.67,31.76,64.76,53.01,55.73,38.21,55.44,23.43,4.12,53.91,57.94,79.81,52.5,23.02,28.02,44.64,82.46,24.41,13.93,66.22,73.35,54.82,27.2,32.57,35.36,12.65,67.8,36.35,37.05,45.49,57.38,3.0,77.08,47.42,41.3,76.84,32.98,56.86,59.4,49.65,18.03,44.64,45.01,24.35,31.26,44.18,15.62
7,38.63,21.59,52.0,68.43,50.99,44.41,10.0,0.0,9.85,35.47,43.57,31.89,31.62,63.81,53.0,32.31,60.44,49.68,36.4,13.93,18.36,46.57,27.51,47.43,58.01,37.16,48.17,36.77,53.85,70.09,29.0,58.87,43.01,63.32,28.43,48.76,27.51,13.89,52.63,61.39,77.78,51.22,16.55,38.01,35.51,80.62,14.42,7.62,57.07,63.56,53.15,17.2,28.02,35.36,7.21,57.8,42.11,32.57,36.24,47.63,12.04,76.22,37.48,48.76,74.33,30.53,46.87,58.82,43.32,26.93,52.92,37.34,17.0,38.9,37.36,6.32
8,40.31,31.32,43.19,62.68,47.8,40.11,12.37,9.85,0.0,37.22,52.01,30.46,26.02,65.95,44.18,39.96,59.93,47.89,37.2,9.85,12.0,39.4,28.43,50.21,54.59,47.01,52.01,38.33,46.62,61.22,20.0,52.39,46.01,56.08,34.01,43.19,34.99,16.12,43.19,51.79,68.68,41.77,11.18,37.34,34.44,71.45,18.79,17.46,55.71,64.35,43.84,21.47,20.25,44.69,17.0,60.83,33.73,42.38,43.01,52.84,12.0,66.71,41.88,41.63,65.44,40.31,49.5,49.2,37.34,30.07,46.65,33.24,26.31,32.25,32.02,15.13
9,3.16,44.05,51.09,48.04,25.02,77.32,25.96,35.47,37.22,0.0,36.22,12.04,63.07,98.88,51.86,25.18,95.82,19.65,71.87,28.0,49.16,38.28,62.97,82.37,91.79,50.33,82.38,1.41,43.38,91.55,53.6,88.36,77.9,50.6,61.85,80.0,23.09,21.84,71.69,65.76,97.51,70.38,48.37,9.22,70.6,99.73,49.66,36.06,92.18,99.01,73.16,52.33,56.08,38.83,34.67,92.44,41.73,49.65,67.27,80.43,25.32,92.78,71.56,39.45,95.46,42.54,81.88,75.59,74.01,9.22,38.28,70.46,44.6,31.89,69.07,39.82
10,37.01,32.06,83.63,84.21,61.07,86.03,41.01,43.57,52.01,36.22,0.0,45.88,74.69,91.66,84.53,13.04,95.19,55.01,71.7,48.17,61.91,72.45,64.54,76.11,97.98,24.6,73.55,37.12,78.45,113.23,72.01,101.98,72.03,86.35,55.01,91.39,17.8,39.05,94.85,96.9,120.62,93.43,60.03,45.4,73.98,123.33,51.24,37.58,93.77,95.05,95.67,52.63,71.56,12.17,37.12,83.86,73.36,28.16,54.74,68.45,43.19,118.09,64.07,74.0,117.44,21.21,76.06,100.41,86.33,31.95,73.98,79.12,37.48,65.0,80.11,42.54
11,13.89,46.1,39.2,40.61,19.72,69.63,21.93,31.89,30.46,12.04,45.88,0.0,55.11,95.44,40.0,33.54,90.38,17.8,67.23,20.62,41.76,26.83,58.31,79.2,84.4,55.73,80.06,12.21,32.57,80.32,44.0,79.0,74.81,40.61,60.11,71.45,30.07,18.44,60.41,53.76,86.01,59.14,41.44,7.07,64.88,88.14,46.23,35.0,86.16,94.51,61.98,49.04,47.27,46.01,33.6,89.64,29.7,53.85,67.01,79.25,20.0,81.01,69.35,28.23,84.15,47.68,78.6,63.98,65.38,14.14,28.28,63.06,44.94,20.0,61.0,37.48
12,66.12,46.75,51.61,79.51,69.86,14.56,38.21,31.62,26.02,63.07,74.69,55.11,0.0,50.12,52.43,63.91,38.9,71.47,23.35,35.13,14.04,54.67,19.42,38.08,29.41,62.94,42.43,64.12,60.83,43.05,14.87,27.31,35.36,69.35,34.18,17.26,59.14,42.11,31.14,52.81,51.48,30.07,15.3,62.17,16.76,54.59,25.46,37.12,33.42,45.61,30.41,25.61,9.22,65.19,37.58,47.76,45.97,57.28,43.97,47.0,38.01,52.81,36.12,56.73,47.17,58.41,37.11,38.21,11.7,56.08,63.41,8.6,40.36,49.93,6.0,32.25
13,102.0,60.42,101.55,127.48,113.7,41.23,73.78,63.81,65.95,98.88,91.66,95.44,50.12,0.0,102.4,86.83,17.46,113.23,29.0,75.43,57.38,102.94,37.54,16.55,35.23,69.0,18.11,100.24,109.64,81.02,64.66,55.01,21.02,118.6,37.95,47.52,83.82,77.7,77.88,102.55,89.01,77.2,56.59,101.79,33.84,92.02,49.4,63.07,23.09,8.94,76.4,46.65,58.83,79.51,64.4,8.06,95.0,64.07,37.05,24.19,75.45,94.26,28.16,105.12,84.01,70.46,17.0,84.4,49.73,89.89,111.2,42.54,56.61,96.94,47.54,59.06
14,53.08,74.17,1.0,32.02,37.16,64.38,47.68,53.0,44.18,51.86,84.53,40.0,52.43,102.4,0.0,71.59,90.91,43.42,74.24,40.31,46.82,14.42,67.23,89.0,77.9,88.28,92.31,51.74,14.04,52.35,37.74,63.63,85.49,18.79,77.13,61.72,67.23,47.54,35.11,14.76,55.04,34.54,48.38,43.84,68.6,56.22,62.17,60.07,85.04,98.01,37.34,64.54,43.57,81.91,59.14,99.3,11.4,84.59,86.68,94.87,44.72,47.52,83.49,14.32,55.08,80.6,88.1,34.37,56.59,52.84,20.4,60.61,70.0,20.0,56.08,59.03
15,26.68,26.57,70.68,73.01,50.16,76.16,28.43,32.31,39.96,25.18,13.04,33.54,63.91,86.83,71.59,0.0,88.14,44.72,64.01,35.36,50.57,59.77,56.08,70.61,88.96,26.63,68.96,26.31,65.97,101.02,59.91,91.18,66.29,74.15,49.03,80.96,5.0,26.17,82.33,83.86,108.23,80.92,48.85,34.01,65.28,110.89,42.19,27.46,86.01,89.11,83.24,44.05,59.94,13.93,26.68,79.4,60.37,27.59,51.08,65.0,30.41,105.42,58.69,61.4,105.21,19.8,70.41,87.73,75.61,19.42,61.81,69.12,30.41,52.2,69.57,32.56
16,98.98,63.13,90.14,118.34,107.19,26.93,69.89,60.44,59.93,95.82,95.19,90.38,38.9,17.46,90.91,88.14,0.0,107.78,24.33,69.78,49.4,93.51,32.98,21.47,18.0,74.95,26.63,97.08,99.72,64.28,53.74,38.12,24.35,108.21,40.31,31.95,84.38,74.0,63.16,89.19,72.06,62.65,49.24,97.17,25.5,75.03,46.87,61.81,6.32,9.0,61.47,44.55,48.1,83.38,62.97,21.63,84.86,69.43,43.66,34.41,70.94,77.78,32.28,95.59,67.07,74.55,21.02,69.29,35.36,87.36,102.18,30.41,58.0,88.41,34.83,57.07
17,18.11,62.43,42.94,29.83,7.21,86.02,39.7,49.68,47.89,19.65,55.01,17.8,71.47,113.23,43.42,44.72,107.78,0.0,84.91,38.08,58.69,29.07,76.01,97.01,100.88,69.89,97.84,18.44,31.24,91.24,59.03,93.65,92.62,35.81,77.79,87.1,42.72,36.07,71.57,58.18,95.8,70.46,58.6,12.21,82.3,97.53,64.03,52.4,103.37,112.16,73.44,66.84,63.06,58.46,50.99,107.45,36.4,68.94,84.39,96.88,37.8,89.49,87.11,29.15,94.73,62.03,96.4,73.76,81.02,27.73,24.76,79.71,62.01,26.48,77.2,55.17
18,75.03,39.81,73.36,98.49,85.0,21.47,46.1,36.4,37.2,71.87,71.7,67.23,23.35,29.0,74.24,64.01,24.33,84.91,0.0,46.87,28.43,74.03,8.94,14.87,27.78,53.31,19.1,73.16,80.8,62.64,36.77,39.96,12.04,89.87,18.36,29.07,60.13,50.16,54.01,75.96,71.17,53.04,27.59,73.82,7.07,74.33,22.56,37.48,22.09,27.29,53.01,20.22,31.02,60.21,38.64,25.06,66.29,47.54,25.5,24.33,47.41,74.15,14.76,76.22,66.41,51.66,13.93,61.0,27.89,63.25,82.22,18.25,34.23,67.94,23.09,32.76
19,31.02,34.0,39.32,54.59,38.29,49.5,7.62,13.93,9.85,28.0,48.17,20.62,35.13,75.43,40.31,35.36,69.78,38.08,46.87,0.0,21.38,32.76,38.01,59.46,64.13,48.05,60.88,29.02,40.02,66.37,26.25,60.53,55.17,49.48,41.88,52.0,30.41,9.22,47.2,50.33,73.24,45.8,20.88,27.51,44.28,75.8,27.02,20.1,65.55,74.09,48.26,29.83,28.16,42.94,19.03,70.04,29.07,44.28,50.09,61.03,5.0,70.09,50.45,34.93,70.49,40.52,58.8,52.4,46.01,21.84,39.0,42.76,30.41,25.0,41.11,20.25
20,52.24,36.62,45.88,70.09,57.8,28.16,24.19,18.36,12.0,49.16,61.91,41.76,14.04,57.38,46.82,50.57,49.4,58.69,28.43,21.38,0.0,45.61,20.59,42.72,42.76,53.01,45.62,50.25,52.43,52.35,12.65,40.8,38.95,61.59,31.06,31.26,45.69,28.07,36.24,51.09,60.31,34.89,2.24,48.76,24.21,63.25,17.46,24.84,44.72,54.67,36.36,19.1,9.9,53.26,25.0,53.25,38.08,47.71,41.01,48.08,24.0,59.68,36.69,47.8,56.59,47.42,41.88,42.95,25.5,42.05,53.81,21.38,30.53,39.6,20.02,20.52
21,39.2,66.37,13.89,24.84,23.09,68.24,39.2,46.57,39.4,38.28,72.45,26.83,54.67,102.94,14.42,59.77,93.51,29.07,74.03,32.76,45.61,0.0,66.03,88.23,82.68,79.06,90.74,38.01,7.28,64.03,40.0,71.17,84.31,16.76,73.41,67.12,55.79,38.0,45.18,29.15,67.74,44.28,46.62,29.83,69.35,69.23,58.18,52.77,88.09,99.7,47.27,60.84,45.45,71.2,51.62,98.81,9.49,76.03,82.28,92.13,36.22,60.88,81.01,2.24,67.19,71.11,87.42,46.1,61.4,40.5,8.94,63.25,63.15,8.0,59.41,52.89
22,66.13,33.24,66.31,90.27,76.22,23.43,37.16,27.51,28.43,62.97,64.54,58.31,19.42,37.54,67.23,56.08,32.98,76.01,8.94,38.01,20.59,66.03,0.0,22.2,33.53,48.02,25.08,64.26,72.95,61.74,30.59,41.73,18.36,82.15,15.26,30.41,52.0,41.23,50.49,70.21,70.26,49.37,19.42,64.88,9.49,73.41,14.04,29.07,30.07,36.24,49.82,12.04,25.18,53.45,30.15,32.8,58.67,42.19,24.7,28.28,38.47,72.12,17.03,68.24,65.74,45.31,21.4,57.56,27.46,54.41,74.03,17.8,27.2,59.67,21.47,24.19
23,85.48,44.41,88.1,112.45,97.74,33.38,57.43,47.43,50.21,82.37,76.11,79.2,38.08,16.55,89.0,70.61,21.47,97.01,14.87,59.46,42.72,88.23,22.2,0.0,33.84,54.45,5.83,83.73,95.13,75.13,51.62,50.6,4.47,104.31,21.59,40.79,67.45,61.29,68.26,90.8,83.55,67.36,41.62,85.45,21.38,86.68,33.02,46.52,23.35,19.03,67.12,30.23,45.88,64.03,47.85,10.63,80.78,49.16,22.56,13.45,59.2,87.37,12.04,90.44,78.64,55.01,1.0,75.17,41.05,73.36,96.21,32.06,40.26,81.84,37.12,42.54
24,94.89,66.73,77.23,107.34,99.16,14.87,66.19,58.01,54.59,91.79,97.98,84.4,29.41,35.23,77.9,88.96,18.0,100.88,27.78,64.13,42.76,82.68,33.53,33.84,0.0,80.96,39.66,92.91,88.23,46.39,42.94,20.22,34.71,96.05,46.14,16.28,84.59,70.26,47.17,74.2,54.08,46.87,43.42,91.44,24.04,57.04,46.87,61.52,12.17,27.0,45.28,45.35,38.08,86.98,62.39,37.95,73.5,75.15,52.63,47.2,66.48,60.02,41.11,84.6,49.09,78.77,33.02,52.77,21.4,84.21,91.59,21.38,60.73,78.71,23.77,56.44
25,52.39,16.4,87.3,96.34,74.46,71.28,40.61,37.16,47.01,50.33,24.6,55.73,62.94,69.0,88.28,26.63,74.95,69.89,53.31,48.05,53.01,79.06,48.02,54.45,80.96,0.0,51.04,51.62,86.01,105.12,65.19,89.02,50.8,95.02,35.11,77.8,27.31,41.11,89.04,98.08,113.23,87.66,50.8,58.24,57.31,116.21,37.48,29.55,74.63,73.44,89.31,37.64,62.8,13.45,30.08,61.01,76.94,5.83,32.06,45.1,43.57,112.61,42.76,81.02,109.34,8.06,54.59,95.52,73.76,42.45,83.15,65.0,22.67,71.06,67.36,32.76
26,85.44,42.45,91.39,114.62,98.99,38.83,58.14,48.17,52.01,82.38,73.55,80.06,42.43,18.11,92.31,68.96,26.63,97.84,19.1,60.88,45.62,90.74,25.08,5.83,39.66,51.04,0.0,83.76,97.75,80.6,55.36,56.3,7.07,107.04,20.59,46.32,66.13,61.85,73.06,94.83,89.05,72.11,44.29,86.05,26.02,92.2,33.94,46.32,29.0,22.8,72.01,31.11,49.73,61.4,47.71,10.44,83.65,46.01,19.0,7.81,60.14,92.66,10.82,92.96,84.17,52.35,6.71,80.02,46.27,73.25,98.47,37.01,39.0,84.05,42.0,42.8
27,2.0,45.45,50.99,47.1,24.0,78.41,27.2,36.77,38.33,1.41,37.12,12.21,64.12,100.24,51.74,26.31,97.08,18.44,73.16,29.02,50.25,38.01,64.26,83.73,92.91,51.62,83.76,0.0,42.94,92.11,54.45,89.27,79.26,49.98,63.25,81.01,24.35,23.09,72.24,65.76,97.99,70.94,49.5,8.54,71.84,100.18,50.99,37.44,93.41,100.32,73.74,53.67,57.04,40.02,36.06,93.81,41.77,51.0,68.68,81.84,26.48,93.15,72.95,39.12,96.01,43.86,83.24,76.03,75.0,10.63,37.7,71.57,46.01,31.83,70.11,41.18
28,43.91,73.55,14.0,19.24,24.41,74.03,46.39,53.85,46.62,43.38,78.45,32.57,60.83,109.64,14.04,65.97,99.72,31.24,80.8,40.02,52.43,7.28,72.95,95.13,88.23,86.01,97.75,42.94,0.0,66.19,46.01,75.64,91.27,9.49,80.62,72.4,62.17,45.04,48.27,28.16,69.07,47.54,53.54,34.48,75.93,70.26,65.39,60.02,94.18,106.15,50.45,68.03,51.62,77.78,58.86,105.68,14.87,83.1,89.54,99.28,43.42,61.52,88.12,5.1,69.03,78.03,94.3,48.17,66.85,46.57,6.71,69.35,70.41,15.13,65.3,60.17
29,93.98,88.73,52.24,84.17,86.47,41.77,72.67,70.09,61.22,91.55,113.23,80.32,43.05,81.02,52.35,101.02,64.28,91.24,62.64,66.37,52.35,64.03,61.74,75.13,46.39,105.12,80.6,92.11,66.19,0.0,41.23,26.17,73.98,70.41,76.92,34.37,96.02,75.47,19.92,41.11,8.54,21.19,54.49,86.68,55.66,11.7,68.01,77.08,58.14,73.25,18.38,68.51,42.45,105.42,77.1,82.22,55.23,99.64,86.41,86.83,71.02,13.93,77.16,65.0,4.24,99.76,74.15,18.03,34.79,87.66,72.03,44.6,82.46,64.78,40.31,72.86
30,56.44,48.88,36.89,64.82,56.61,28.3,31.76,29.0,20.0,53.6,72.01,44.0,14.87,64.66,37.74,59.91,53.74,59.03,36.77,26.25,12.65,40.0,30.59,51.62,42.94,65.19,55.36,54.45,46.01,41.23,0.0,35.0,48.38,54.49,43.05,28.16,54.92,34.93,23.85,39.62,48.8,22.47,14.87,51.01,30.89,51.62,30.08,36.24,48.17,60.44,24.21,31.58,5.83,64.35,36.12,61.74,31.14,60.03,53.08,58.86,30.46,47.43,47.52,42.01,45.45,59.2,50.7,30.41,22.14,48.08,48.83,23.35,42.94,35.78,19.42,32.45
31,91.27,73.24,63.13,94.85,90.61,18.6,64.76,58.87,52.39,88.36,101.98,79.0,27.31,55.01,63.63,91.18,38.12,93.65,39.96,60.53,40.8,71.17,41.73,50.6,20.22,89.02,56.3,89.27,75.64,26.17,35.0,0.0,50.16,82.37,56.73,11.31,86.38,68.45,29.73,57.31,34.0,29.83,42.38,86.01,33.6,37.01,51.87,64.4,32.02,47.1,27.59,51.4,32.39,92.28,64.88,56.72,61.68,83.24,65.22,63.16,64.13,39.81,54.71,72.8,29.0,85.15,49.65,34.21,15.65,82.2,80.06,24.08,66.85,68.88,21.95,59.48
32,81.01,40.2,84.58,108.41,93.43,32.28,53.01,43.01,46.01,77.9,72.03,74.81,35.36,21.02,85.49,66.29,24.35,92.62,12.04,55.17,38.95,84.31,18.36,4.47,34.71,50.8,7.07,79.26,91.27,73.98,48.38,50.16,0.0,100.5,17.26,39.85,63.06,56.86,66.03,87.8,82.46,65.07,37.74,81.02,19.0,85.62,28.6,42.05,25.24,23.02,65.0,25.81,42.72,60.0,43.38,14.87,77.03,45.4,19.31,13.0,54.82,85.84,8.06,86.53,77.62,51.01,4.12,73.01,39.46,68.88,92.2,30.07,35.9,77.8,35.01,38.08
33,50.7,82.87,19.24,14.0,28.6,82.13,55.73,63.32,56.08,50.6,86.35,40.61,69.35,118.6,18.79,74.15,108.21,35.81,89.87,49.48,61.59,16.76,82.15,104.31,96.05,95.02,107.04,49.98,9.49,70.41,54.49,82.37,100.5,0.0,90.08,80.0,70.58,54.23,53.85,30.02,72.25,53.31,62.77,41.44,84.81,73.06,74.85,69.43,102.53,114.87,56.08,77.47,60.21,86.37,68.25,114.83,23.6,92.27,99.02,108.69,52.77,64.01,97.49,14.56,72.84,87.01,103.46,52.63,74.65,54.74,12.37,77.79,79.83,24.52,73.55,69.64
34,64.9,23.02,76.16,96.38,79.4,38.21,38.21,28.43,34.01,61.85,55.01,60.11,34.18,37.95,77.13,49.03,40.31,77.79,18.36,41.88,31.06,73.41,15.26,21.59,46.14,35.11,20.59,63.25,80.62,76.92,43.05,56.73,17.26,90.08,0.0,45.45,45.88,41.73,64.76,82.15,85.43,63.56,29.15,65.86,23.35,88.57,15.23,25.81,39.56,40.2,64.29,12.65,38.33,43.1,27.2,30.87,67.36,29.41,10.05,19.21,40.46,86.98,9.85,75.64,80.95,34.23,21.38,71.81,42.72,52.7,80.53,33.02,18.68,66.19,36.72,22.63
35,83.01,62.13,61.07,91.59,84.77,7.62,55.44,48.76,43.19,80.0,91.39,71.45,17.26,47.52,61.72,80.96,31.95,87.1,29.07,52.0,31.26,67.12,30.41,40.79,16.28,77.8,46.32,81.01,72.4,34.37,28.16,11.31,39.85,80.0,45.45,0.0,76.24,59.3,31.3,58.01,42.76,30.89,32.56,78.52,22.47,45.89,40.82,53.85,25.63,40.52,29.55,40.22,24.19,81.41,54.42,48.01,57.8,72.01,54.08,52.81,55.15,47.0,43.83,68.96,37.85,74.09,39.81,37.34,6.08,73.25,76.06,12.81,55.76,63.69,11.4,48.85
36,25.08,24.19,66.31,70.18,47.68,71.59,23.43,27.51,34.99,23.09,17.8,30.07,59.14,83.82,67.23,5.0,84.38,42.72,60.13,30.41,45.69,55.79,52.0,67.45,84.59,27.31,66.13,24.35,62.17,96.02,54.92,86.38,63.06,70.58,45.88,76.24,0.0,21.26,77.34,79.26,103.23,75.93,44.01,31.4,61.07,105.89,38.01,23.09,82.02,85.7,78.24,40.01,55.01,16.03,22.2,76.55,55.95,27.2,48.76,62.61,25.46,100.45,55.66,57.49,100.21,19.72,67.19,82.76,70.84,16.0,58.31,64.54,27.2,48.08,64.85,28.16
37,25.0,28.86,46.57,57.25,38.01,56.01,4.12,13.89,16.12,21.84,39.05,18.44,42.11,77.7,47.54,26.17,74.0,36.07,50.16,9.22,28.07,38.0,41.23,61.29,70.26,41.11,61.85,23.09,45.04,75.47,34.93,68.45,56.86,54.23,41.73,59.3,21.26,0.0,56.4,58.6,82.42,55.0,27.0,24.21,48.76,85.0,28.3,16.64,70.34,77.39,57.43,31.06,36.14,34.54,15.26,71.61,36.14,38.05,48.6,60.83,4.47,79.31,51.09,40.01,79.61,33.24,60.75,61.62,53.46,14.0,42.76,49.04,26.83,30.0,48.09,19.1
38,74.09,72.72,34.79,67.05,67.07,36.69,53.91,52.63,43.19,71.69,94.85,60.41,31.14,77.88,35.11,82.33,63.16,71.57,54.01,47.2,36.24,45.18,50.49,68.26,47.17,89.04,73.06,72.24,48.27,19.92,23.85,29.73,66.03,53.85,64.76,31.3,77.34,56.4,0.0,27.59,26.08,1.41,38.47,66.76,47.04,28.6,53.31,60.0,56.86,71.51,2.24,54.42,26.93,87.86,59.82,77.1,36.01,83.86,74.73,78.06,52.01,23.6,67.27,46.39,23.77,83.01,67.27,7.07,28.16,68.1,53.6,36.22,66.73,45.18,31.14,56.3
39,67.21,82.98,15.26,44.01,51.89,62.27,57.94,61.39,51.79,65.76,96.9,53.76,52.81,102.55,14.76,83.86,89.19,58.18,75.96,50.33,51.09,29.15,70.21,90.8,74.2,98.08,94.83,65.76,28.16,41.11,39.62,57.31,87.8,30.02,82.15,58.01,79.26,58.6,27.59,0.0,42.3,27.59,53.04,58.14,69.57,43.05,68.01,68.88,83.01,97.06,29.73,70.01,45.12,93.11,68.15,100.57,24.08,93.86,92.09,98.48,55.15,34.0,87.13,29.07,43.17,90.76,89.84,24.19,53.85,65.8,34.79,60.01,78.09,33.97,55.04,66.91
40,99.81,96.83,55.08,86.21,90.61,50.22,79.81,77.78,68.68,97.51,120.62,86.01,51.48,89.01,55.04,108.23,72.06,95.8,71.17,73.24,60.31,67.74,70.26,83.55,54.08,113.23,89.05,97.99,69.07,8.54,48.8,34.0,82.46,72.25,85.43,42.76,103.23,82.42,26.08,42.3,0.0,27.46,62.48,92.11,64.2,3.16,76.28,84.9,66.01,81.06,25.0,76.85,50.45,113.14,84.86,90.45,59.44,107.8,94.94,95.34,78.01,9.43,85.7,68.47,5.0,107.71,82.57,22.14,43.32,94.15,75.24,53.14,90.6,69.38,48.85,80.81
41,72.8,71.34,34.18,66.41,66.03,36.06,52.5,51.22,41.77,70.38,93.43,59.14,30.07,77.2,34.54,80.92,62.65,70.46,53.04,45.8,34.89,44.28,49.37,67.36,46.87,87.66,72.11,70.94,47.54,21.19,22.47,29.83,65.07,53.31,63.56,30.89,75.93,55.0,1.41,27.59,27.46,0.0,37.12,65.52,46.1,30.0,52.0,58.6,56.36,70.94,3.0,53.14,25.63,86.45,58.41,76.3,35.06,82.49,73.55,77.03,50.61,25.0,66.19,45.54,25.08,81.61,66.37,8.25,27.51,66.73,52.77,35.36,65.37,44.1,30.27,54.92
42,51.48,34.41,47.43,70.94,57.98,29.02,23.02,16.55,11.18,48.37,60.03,41.44,15.3,56.59,48.38,48.85,49.24,58.6,27.59,20.88,2.24,46.62,19.42,41.62,43.42,50.8,44.29,49.5,53.54,54.49,14.87,42.38,37.74,62.77,29.15,32.56,44.01,27.0,38.47,53.04,62.48,37.12,0.0,48.38,23.85,65.44,15.3,22.8,44.78,54.2,38.59,17.03,12.04,51.22,23.02,52.2,39.36,45.49,39.05,46.49,23.09,61.91,35.11,48.83,58.73,45.28,40.8,45.19,26.93,41.0,54.67,22.09,28.3,40.36,21.21,18.38
43,9.43,50.25,43.14,39.0,16.28,76.69,28.02,38.01,37.34,9.22,45.4,7.07,62.17,101.79,43.84,34.01,97.17,12.21,73.82,27.51,48.76,29.83,64.88,85.45,91.44,58.24,86.05,8.54,34.48,86.68,51.01,86.01,81.02,41.44,65.86,78.52,31.4,24.21,66.76,58.14,92.11,65.52,48.38,0.0,71.69,94.15,52.43,40.31,93.05,101.12,68.41,55.22,54.33,47.38,38.9,95.8,34.41,57.01,72.25,84.86,26.42,86.76,75.29,30.81,90.44,50.29,84.88,70.01,72.44,15.81,29.15,70.09,49.82,24.21,68.07,43.28
44,73.76,42.72,67.74,94.05,81.84,15.0,44.64,35.51,34.44,70.6,73.98,64.88,16.76,33.84,68.6,65.28,25.5,82.3,7.07,44.28,24.21,69.35,9.49,21.38,24.04,57.31,26.02,71.84,75.93,55.66,30.89,33.6,19.0,84.81,23.35,22.47,61.07,48.76,47.04,69.57,64.2,46.1,23.85,71.69,0.0,67.36,23.09,38.01,21.59,30.48,46.0,21.38,25.06,62.94,39.0,31.02,61.22,51.48,31.62,31.4,45.54,67.08,21.54,71.51,59.46,54.78,20.4,54.01,20.88,62.37,77.78,11.18,36.69,63.7,16.03,33.0
45,101.98,99.81,56.32,87.05,92.2,53.37,82.46,80.62,71.45,99.73,123.33,88.14,54.59,92.02,56.22,110.89,75.03,97.53,74.33,75.8,63.25,69.23,73.41,86.68,57.04,116.21,92.2,100.18,70.26,11.7,51.62,37.01,85.62,73.06,88.57,45.89,105.89,85.0,28.6,43.05,3.16,30.0,65.44,94.15,67.36,0.0,79.32,87.78,69.0,84.02,27.66,79.92,53.41,115.97,87.73,93.54,61.13,110.8,98.09,98.49,80.6,9.22,88.87,69.87,8.06,110.63,85.7,24.17,46.49,96.57,76.53,56.3,93.6,71.17,52.0,83.74
46,52.8,21.4,61.19,81.3,65.05,34.93,24.41,14.42,18.79,49.66,51.24,46.23,25.46,49.4,62.17,42.19,46.87,64.03,22.56,27.02,17.46,58.18,14.04,33.02,46.87,37.48,33.94,50.99,65.39,68.01,30.08,51.87,28.6,74.85,15.23,40.82,38.01,28.3,53.31,68.01,76.28,52.0,15.3,52.43,23.09,79.32,0.0,15.03,44.1,49.4,53.23,2.83,26.4,40.72,16.12,43.42,52.2,31.83,24.52,34.13,26.25,76.48,23.43,60.42,72.2,33.29,32.45,60.17,36.4,40.85,65.37,28.18,15.0,51.0,30.0,10.2
47,39.12,14.14,59.08,73.54,54.64,48.76,13.93,7.62,17.46,36.06,37.58,35.0,37.12,63.07,60.07,27.46,61.81,52.4,37.48,20.1,24.84,52.77,29.07,46.52,61.52,29.55,46.32,37.44,60.02,77.08,36.24,64.4,42.05,69.43,25.81,53.85,23.09,16.64,60.0,68.88,84.9,58.6,22.8,40.31,38.01,87.78,15.03,0.0,59.14,63.89,60.44,17.26,34.71,28.43,1.41,56.44,49.0,25.0,32.02,44.6,16.76,83.6,35.51,54.92,81.32,23.02,46.1,66.29,48.75,26.93,58.52,41.76,10.44,44.91,42.54,5.1
48,95.34,61.81,84.29,112.93,102.47,20.81,66.22,57.07,55.71,92.18,93.77,86.16,33.42,23.09,85.04,86.01,6.32,103.37,22.09,65.55,44.72,88.09,30.07,23.35,12.17,74.63,29.0,93.41,94.18,58.14,48.17,32.02,25.24,102.53,39.56,25.63,82.02,70.34,56.86,83.01,66.01,56.36,44.78,93.05,21.59,69.0,44.1,59.14,0.0,15.13,55.15,42.01,42.64,82.2,60.21,26.0,79.31,68.96,44.29,36.77,67.05,71.57,32.65,90.14,61.01,73.55,22.67,62.97,29.15,83.95,96.83,24.84,56.32,83.23,29.0,54.23
49,102.16,63.2,97.2,124.46,112.07,34.93,73.35,63.56,64.35,99.01,95.05,94.51,45.61,8.94,98.01,89.11,9.0,112.16,27.29,74.09,54.67,99.7,36.24,19.03,27.0,73.44,22.8,100.32,106.15,73.25,60.44,47.1,23.02,114.87,40.2,40.52,85.7,77.39,71.51,97.06,81.06,70.94,54.2,101.12,30.48,84.02,49.4,63.89,15.13,0.0,69.89,46.82,54.67,83.01,65.15,15.0,91.35,68.18,41.44,30.08,74.71,86.7,31.0,101.83,76.06,74.0,19.0,77.79,43.46,90.25,108.21,37.44,58.69,94.18,42.19,59.46
50,75.61,72.95,37.0,69.26,69.03,35.17,54.82,53.15,43.84,73.16,95.67,61.98,30.41,76.4,37.34,83.24,61.47,73.44,53.01,48.26,36.36,47.27,49.82,67.12,45.28,89.31,72.01,73.74,50.45,18.38,24.21,27.59,65.0,56.08,64.29,29.55,78.24,57.43,2.24,29.73,25.0,3.0,38.59,68.41,46.0,27.66,53.23,60.44,55.15,69.89,0.0,54.23,26.83,88.46,60.31,75.8,38.05,84.06,74.22,77.16,53.01,23.32,66.48,48.51,22.36,83.41,66.12,8.06,26.68,69.35,55.73,35.06,66.89,47.1,30.02,56.61
51,55.46,21.95,63.56,84.06,67.88,34.0,27.2,17.2,21.47,52.33,52.63,49.04,25.61,46.65,64.54,44.05,44.55,66.84,20.22,29.83,19.1,60.84,12.04,30.23,45.35,37.64,31.11,53.67,68.03,68.51,31.58,51.4,25.81,77.47,12.65,40.22,40.01,31.06,54.42,70.01,76.85,53.14,17.03,55.22,21.38,79.92,2.83,17.26,42.01,46.82,54.23,0.0,27.51,41.79,18.44,40.61,54.71,31.89,22.2,31.38,29.07,77.39,20.62,63.07,72.67,34.0,29.68,61.35,36.12,43.46,68.1,27.46,15.65,53.71,29.73,12.65
52,59.03,46.4,42.72,70.29,61.1,23.26,32.57,28.02,20.25,56.08,71.56,47.27,9.22,58.83,43.57,59.94,48.1,63.06,31.02,28.16,9.9,45.45,25.18,45.88,38.08,62.8,49.73,57.04,51.62,42.45,5.83,32.39,42.72,60.21,38.33,24.19,55.01,36.14,26.93,45.12,50.45,25.63,12.04,54.33,25.06,53.41,26.4,34.71,42.64,54.67,26.83,27.51,0.0,63.13,34.83,55.95,36.77,57.43,48.37,53.46,31.78,50.12,42.19,47.51,46.69,57.31,44.94,33.84,18.11,49.82,54.2,17.8,40.22,40.82,14.32,30.41
53,40.52,20.4,80.96,86.21,63.64,75.64,35.36,35.36,44.69,38.83,12.17,46.01,65.19,79.51,81.91,13.93,83.38,58.46,60.21,42.94,53.26,71.2,53.45,64.03,86.98,13.45,61.4,40.02,77.78,105.42,64.35,92.28,60.0,86.37,43.1,81.41,16.03,34.54,87.86,93.11,113.14,86.45,51.22,47.38,62.94,115.97,40.72,28.43,82.2,83.01,88.46,41.79,63.13,0.0,28.32,71.7,70.52,16.16,42.58,56.29,38.01,111.4,52.01,72.99,109.66,9.06,64.01,93.86,76.66,32.02,74.17,68.88,26.25,63.35,70.33,33.02
54,37.74,15.03,58.14,72.24,53.25,49.48,12.65,7.21,17.0,34.67,37.12,33.6,37.58,64.4,59.14,26.68,62.97,50.99,38.64,19.03,25.0,51.62,30.15,47.85,62.39,30.08,47.71,36.06,58.86,77.1,36.12,64.88,43.38,68.25,27.2,54.42,22.2,15.26,59.82,68.15,84.86,58.41,23.02,38.9,39.0,87.73,16.12,1.41,60.21,65.15,60.31,18.44,34.83,28.32,0.0,57.8,48.01,25.71,33.42,46.01,15.52,83.41,36.89,53.76,81.34,23.32,47.42,66.03,49.24,25.55,57.28,42.45,11.7,43.74,43.08,6.0
55,95.52,52.89,98.41,123.07,108.3,41.05,67.8,57.8,60.83,92.44,83.86,89.64,47.76,8.06,99.3,79.4,21.63,107.45,25.06,70.04,53.25,98.81,32.8,10.63,37.95,61.01,10.44,93.81,105.68,82.22,61.74,56.72,14.87,114.83,30.87,48.01,76.55,71.61,77.1,100.57,90.45,76.3,52.2,95.8,31.02,93.54,43.42,56.44,26.0,15.0,75.8,40.61,55.95,71.7,57.8,0.0,91.27,56.14,29.15,16.12,69.66,95.01,21.02,101.02,85.48,62.65,11.4,83.86,49.25,83.35,106.83,41.0,49.4,92.46,46.1,52.7
56,43.28,63.03,10.44,33.84,31.26,59.2,36.35,42.11,33.73,41.73,73.36,29.7,45.97,95.0,11.4,60.37,84.86,36.4,66.29,29.07,38.08,9.49,58.67,80.78,73.5,76.94,83.65,41.77,14.87,55.23,31.14,61.68,77.03,23.6,67.36,57.8,55.95,36.14,36.01,24.08,59.44,35.06,39.36,34.41,61.22,61.13,52.2,49.0,79.31,91.35,38.05,54.71,36.77,70.52,48.01,91.27,0.0,73.33,76.66,85.62,33.38,53.14,74.32,11.18,58.55,69.23,79.92,37.48,52.15,41.88,18.38,54.49,59.08,10.3,50.45,48.26
57,51.97,11.18,83.6,94.37,73.05,65.46,37.05,32.57,42.38,49.65,28.16,53.85,57.28,64.07,84.59,27.59,69.43,68.94,47.54,44.28,47.71,76.03,42.19,49.16,75.15,5.83,46.01,51.0,83.1,99.64,60.03,83.24,45.4,92.27,29.41,72.01,27.2,38.05,83.86,93.86,107.8,82.49,45.49,57.01,51.48,110.8,31.83,25.0,68.96,68.18,84.06,31.89,57.43,16.16,25.71,56.14,73.33,0.0,27.02,40.45,40.05,107.38,37.34,78.06,103.86,7.81,49.25,90.43,68.01,41.23,80.62,59.2,17.2,68.03,61.62,27.73
58,70.18,24.6,85.7,104.66,86.61,46.62,45.49,36.24,43.01,67.27,54.74,67.01,43.97,37.05,86.68,51.08,43.66,84.39,25.5,50.09,41.01,82.28,24.7,22.56,52.63,32.06,19.0,68.68,89.54,86.41,53.08,65.22,19.31,99.02,10.05,54.08,48.76,48.6,74.73,92.09,94.94,73.55,39.05,72.25,31.62,98.09,24.52,32.02,44.29,41.44,74.22,22.2,48.37,42.58,33.42,29.15,76.66,27.02,0.0,13.93,48.02,96.77,11.66,84.5,90.38,33.54,22.8,81.79,51.88,58.05,89.05,42.06,22.67,74.85,46.1,30.02
59,83.41,38.48,93.92,115.43,98.6,45.22,57.38,47.63,52.84,80.43,68.45,79.25,47.0,24.19,94.87,65.0,34.41,96.88,24.33,61.03,48.08,92.13,28.28,13.45,47.2,45.1,7.81,81.84,99.28,86.83,58.86,63.16,13.0,108.69,19.21,52.81,62.61,60.83,78.06,98.48,95.34,77.03,46.49,84.86,31.4,98.49,34.13,44.6,36.77,30.08,77.16,31.38,53.46,56.29,46.01,16.12,85.62,40.45,13.93,0.0,59.67,98.48,11.4,94.37,90.52,47.3,14.21,85.09,52.17,71.22,99.48,42.58,36.06,85.09,47.38,41.77
60,28.44,30.15,43.74,56.86,38.95,52.09,3.0,12.04,12.0,25.32,43.19,20.0,38.01,75.45,44.72,30.41,70.94,37.8,47.41,5.0,24.0,36.22,38.47,59.2,66.48,43.57,60.14,26.48,43.42,71.02,30.46,64.13,54.82,52.77,40.46,55.15,25.46,4.47,52.01,55.15,78.01,50.61,23.09,26.42,45.54,80.6,26.25,16.76,67.05,74.71,53.01,29.07,31.78,38.01,15.52,69.66,33.38,40.05,48.02,59.67,0.0,75.01,49.5,38.33,75.17,35.9,58.6,57.31,49.25,18.11,41.76,45.18,27.2,28.28,44.01,18.03
61,94.89,96.25,47.68,78.01,83.93,54.08,77.08,76.22,66.71,92.78,118.09,81.01,52.81,94.26,47.52,105.42,77.78,89.49,74.15,70.09,59.68,60.88,72.12,87.37,60.02,112.61,92.66,93.15,61.52,13.93,47.43,39.81,85.84,64.01,86.98,47.0,100.45,79.31,23.6,34.0,9.43,25.0,61.91,86.76,67.08,9.22,76.48,83.6,71.57,86.7,23.32,77.39,50.12,111.4,83.41,95.01,53.14,107.38,96.77,98.48,75.01,0.0,88.29,61.39,12.81,106.61,86.37,17.69,46.39,90.21,67.9,55.9,90.21,63.32,51.2,79.88
62,74.63,32.39,82.54,104.56,88.41,36.24,47.42,37.48,41.88,71.56,64.07,69.35,36.12,28.16,83.49,58.69,32.28,87.11,14.76,50.45,36.69,81.01,17.03,12.04,41.11,42.76,10.82,72.95,88.12,77.16,47.52,54.71,8.06,97.49,9.85,43.83,55.66,51.09,67.27,87.13,85.7,66.19,35.11,75.29,21.54,88.87,23.43,35.51,32.65,31.0,66.48,20.62,42.19,52.01,36.89,21.02,74.32,37.34,11.66,11.4,49.5,88.29,0.0,83.24,80.99,43.0,12.0,74.33,42.38,62.43,88.51,32.57,28.46,74.09,37.11,32.02
63,40.22,68.47,13.93,22.8,22.85,70.21,41.3,48.76,41.63,39.45,74.0,28.23,56.73,105.12,14.32,61.4,95.59,29.15,76.22,34.93,47.8,2.24,68.24,90.44,84.6,81.02,92.96,39.12,5.1,65.0,42.01,72.8,86.53,14.56,75.64,68.96,57.49,40.01,46.39,29.07,68.47,45.54,48.83,30.81,71.51,69.87,60.42,54.92,90.14,101.83,48.51,63.07,47.51,72.99,53.76,101.02,11.18,78.06,84.5,94.37,38.33,61.39,83.24,0.0,68.07,73.06,89.63,47.01,63.29,42.06,7.28,65.3,65.31,10.05,61.4,55.08
64,97.86,92.96,55.04,86.7,89.81,45.35,76.84,74.33,65.44,95.46,117.44,84.15,47.17,84.01,55.08,105.21,67.07,94.73,66.41,70.49,56.59,67.19,65.74,78.64,49.09,109.34,84.17,96.01,69.03,4.24,45.45,29.0,77.62,72.84,80.95,37.85,100.21,79.61,23.77,43.17,5.0,25.08,58.73,90.44,59.46,8.06,72.2,81.32,61.01,76.06,22.36,72.67,46.69,109.66,81.34,85.48,58.55,103.86,90.38,90.52,75.17,12.81,80.99,68.07,0.0,104.0,77.67,21.1,38.63,91.71,75.01,48.47,86.68,68.25,44.28,77.1
65,44.72,12.08,79.62,88.28,66.48,68.0,32.98,30.53,40.31,42.54,21.21,47.68,58.41,70.46,80.6,19.8,74.55,62.03,51.66,40.52,47.42,71.11,45.31,55.01,78.77,8.06,52.35,43.86,78.03,99.76,59.2,85.15,51.01,87.01,34.23,74.09,19.72,33.24,83.01,90.76,107.71,81.61,45.28,50.29,54.78,110.63,33.29,23.02,73.55,74.0,83.41,34.0,57.31,9.06,23.32,62.65,69.23,7.81,33.54,47.3,35.9,106.61,43.0,73.06,104.0,0.0,55.0,89.31,69.63,34.48,75.11,61.4,18.36,63.13,63.25,26.91
66,85.0,44.28,87.21,111.66,97.08,32.39,56.86,46.87,49.5,81.88,76.06,78.6,37.11,17.0,88.1,70.41,21.02,96.4,13.93,58.8,41.88,87.42,21.4,1.0,33.02,54.59,6.71,83.24,94.3,74.15,50.7,49.65,4.12,103.46,21.38,39.81,67.19,60.75,67.27,89.84,82.57,66.37,40.8,84.88,20.4,85.7,32.45,46.1,22.67,19.0,66.12,29.68,44.94,64.01,47.42,11.4,79.92,49.25,22.8,14.21,58.6,86.37,12.0,89.63,77.67,55.0,0.0,74.17,40.05,72.9,95.43,31.06,40.02,81.06,36.12,42.06
67,77.82,79.26,34.23,66.29,68.73,43.17,59.4,58.82,49.2,75.59,100.41,63.98,38.21,84.4,34.37,87.73,69.29,73.76,61.0,52.4,42.95,46.1,57.56,75.17,52.77,95.52,80.02,76.03,48.17,18.03,30.41,34.21,73.01,52.63,71.81,37.34,82.76,61.62,7.07,24.19,22.14,8.25,45.19,70.01,54.01,24.17,60.17,66.29,62.97,77.79,8.06,61.35,33.84,93.86,66.03,83.86,37.48,90.43,81.79,85.09,57.31,17.69,74.33,47.01,21.1,89.31,74.17,0.0,34.71,72.67,54.01,43.1,73.36,47.3,38.05,62.77
68,77.0,57.8,55.9,85.98,78.75,8.54,49.65,43.32,37.34,74.01,86.33,65.38,11.7,49.73,56.59,75.61,35.36,81.02,27.89,46.01,25.5,61.4,27.46,41.05,21.4,73.76,46.27,75.0,66.85,34.79,22.14,15.65,39.46,74.65,42.72,6.08,70.84,53.46,28.16,53.85,43.32,27.51,26.93,72.44,20.88,46.49,36.4,48.75,29.15,43.46,26.68,36.12,18.11,76.66,49.24,49.25,52.15,68.01,51.88,52.17,49.25,46.39,42.38,63.29,38.63,69.63,40.05,34.71,0.0,67.36,70.33,9.85,51.4,57.78,6.4,43.83
69,12.21,35.0,51.97,54.23,32.02,70.01,18.03,26.93,30.07,9.22,31.95,14.14,56.08,89.89,52.84,19.42,87.36,27.73,63.25,21.84,42.05,40.5,54.41,73.36,84.21,42.45,73.25,10.63,46.57,87.66,48.08,82.2,68.88,54.74,52.7,73.25,16.0,14.0,68.1,65.8,94.15,66.73,41.0,15.81,62.37,96.57,40.85,26.93,83.95,90.25,69.35,43.46,49.82,32.02,25.55,83.35,41.88,41.23,58.05,71.22,18.11,90.21,62.43,42.06,91.71,34.48,72.9,72.67,67.36,0.0,42.43,63.03,35.38,33.11,62.07,30.87
70,38.48,71.59,20.22,16.28,17.8,77.1,44.64,52.92,46.65,38.28,73.98,28.28,63.41,111.2,20.4,61.81,102.18,24.76,82.22,39.0,53.81,8.94,74.03,96.21,91.59,83.15,98.47,37.7,6.71,72.03,48.83,80.06,92.2,12.37,80.53,76.06,58.31,42.76,53.6,34.79,75.24,52.77,54.67,29.15,77.78,76.53,65.37,58.52,96.83,108.21,55.73,68.1,54.2,74.17,57.28,106.83,18.38,80.62,89.05,99.48,41.76,67.9,88.51,7.28,75.01,75.11,95.43,54.01,70.33,42.43,0.0,72.01,68.96,14.42,68.24,59.24
71,73.55,49.4,59.82,88.09,78.29,7.07,45.01,37.34,33.24,70.46,79.12,63.06,8.6,42.54,60.61,69.12,30.41,79.71,18.25,42.76,21.38,63.25,17.8,32.06,21.38,65.0,37.01,71.57,69.35,44.6,23.35,24.08,30.07,77.79,33.02,12.81,64.54,49.04,36.22,60.01,53.14,35.36,22.09,70.09,11.18,56.3,28.18,41.76,24.84,37.44,35.06,27.46,17.8,68.88,42.45,41.0,54.49,59.2,42.06,42.58,45.18,55.9,32.57,65.3,48.47,61.4,31.06,43.1,9.85,63.03,72.01,0.0,43.05,58.52,5.1,36.69
72,47.51,6.4,69.0,83.93,64.66,49.65,24.35,17.0,26.31,44.6,37.48,44.94,40.36,56.61,70.0,30.41,58.0,62.01,34.23,30.41,30.53,63.15,27.2,40.26,60.73,22.67,39.0,46.01,70.41,82.46,42.94,66.85,35.9,79.83,18.68,55.76,27.2,26.83,66.73,78.09,90.6,65.37,28.3,49.82,36.69,93.6,15.0,10.44,56.32,58.69,66.89,15.65,40.22,26.25,11.7,49.4,59.08,17.2,22.67,36.06,27.2,90.21,28.46,65.31,86.68,18.36,40.02,73.36,51.4,35.38,68.96,43.05,0.0,55.32,45.0,11.18
73,33.24,58.42,19.21,30.61,22.02,64.01,31.26,38.9,32.25,31.89,65.0,20.0,49.93,96.94,20.0,52.2,88.41,26.48,67.94,25.0,39.6,8.0,59.67,81.84,78.71,71.06,84.05,31.83,15.13,64.78,35.78,68.88,77.8,24.52,66.19,63.69,48.08,30.0,45.18,33.97,69.38,44.1,40.36,24.21,63.7,71.17,51.0,44.91,83.23,94.18,47.1,53.71,40.82,63.35,43.74,92.46,10.3,68.03,74.85,85.09,28.28,63.32,74.09,10.05,68.25,63.13,81.06,47.3,57.78,33.11,14.42,58.52,55.32,0.0,55.07,45.22
74,72.11,51.4,55.32,84.2,75.39,8.94,44.18,37.36,32.02,69.07,80.11,61.0,6.0,47.54,56.08,69.57,34.83,77.2,23.09,41.11,20.02,59.41,21.47,37.12,23.77,67.36,42.0,70.11,65.3,40.31,19.42,21.95,35.01,73.55,36.72,11.4,64.85,48.09,31.14,55.04,48.85,30.27,21.21,68.07,16.03,52.0,30.0,42.54,29.0,42.19,30.02,29.73,14.32,70.33,43.08,46.1,50.45,61.62,46.1,47.38,44.01,51.2,37.11,61.4,44.28,63.25,36.12,38.05,6.4,62.07,68.24,5.1,45.0,55.07,0.0,37.58
75,42.94,16.55,58.03,74.69,56.85,43.68,15.62,6.32,15.13,39.82,42.54,37.48,32.25,59.06,59.03,32.56,57.07,55.17,32.76,20.25,20.52,52.89,24.19,42.54,56.44,32.76,42.8,41.18,60.17,72.86,32.45,59.48,38.08,69.64,22.63,48.85,28.16,19.1,56.3,66.91,80.81,54.92,18.38,43.28,33.0,83.74,10.2,5.1,54.23,59.46,56.61,12.65,30.41,33.02,6.0,52.7,48.26,27.73,30.02,41.77,18.03,79.88,32.02,55.08,77.1,26.91,42.06,62.77,43.83,30.87,59.24,36.69,11.18,45.22,37.58,0.0
