set K:= 1	2	3	4	5	6	7	8;
set C_H:= 1	2	3	4	5	6	7	8	9	10	11	12	13	14	15	16	17	18	19	20	21;
set C_S:= 22	23	24	25	26	27	28	29	30	31	32	33	34	35	36	37	38	39	40	41;
set C_F:= 42	43	44	45	46	47	48	49	50	51	52	53	54	55	56	57	58	59	60	61;
set M:= 62	63	64	65;
set L_B:= 66	67	68	69	70	71	72	73;
set A1:=
(0,*) 1 2 3 4 5 6 7 8 9 10 11 12 13 14 15 16 17 18 19 20 21 42 43 44 45 46 47 48 49 50 51 52 53 54 55 56 57 58 59 60 61 62 63 64 65 66 67 68 69 70 71 72 73
(1,*) 0 2 3 4 5 6 7 8 9 10 11 12 13 14 15 16 17 18 19 20 21 42 43 44 45 46 47 48 49 50 51 52 53 54 55 56 57 58 59 60 61 62 63 64 65 66 67 68 69 70 71 72 73
(2,*) 0 1 3 4 5 6 7 8 9 10 11 12 13 14 15 16 17 18 19 20 21 42 43 44 45 46 47 48 49 50 51 52 53 54 55 56 57 58 59 60 61 62 63 64 65 66 67 68 69 70 71 72 73
(3,*) 0 1 2 4 5 6 7 8 9 10 11 12 13 14 15 16 17 18 19 20 21 42 43 44 45 46 47 48 49 50 51 52 53 54 55 56 57 58 59 60 61 62 63 64 65 66 67 68 69 70 71 72 73
(4,*) 0 1 2 3 5 6 7 8 9 10 11 12 13 14 15 16 17 18 19 20 21 42 43 44 45 46 47 48 49 50 51 52 53 54 55 56 57 58 59 60 61 62 63 64 65 66 67 68 69 70 71 72 73
(5,*) 0 1 2 3 4 6 7 8 9 10 11 12 13 14 15 16 17 18 19 20 21 42 43 44 45 46 47 48 49 50 51 52 53 54 55 56 57 58 59 60 61 62 63 64 65 66 67 68 69 70 71 72 73
(6,*) 0 1 2 3 4 5 7 8 9 10 11 12 13 14 15 16 17 18 19 20 21 42 43 44 45 46 47 48 49 50 51 52 53 54 55 56 57 58 59 60 61 62 63 64 65 66 67 68 69 70 71 72 73
(7,*) 0 1 2 3 4 5 6 8 9 10 11 12 13 14 15 16 17 18 19 20 21 42 43 44 45 46 47 48 49 50 51 52 53 54 55 56 57 58 59 60 61 62 63 64 65 66 67 68 69 70 71 72 73
(8,*) 0 1 2 3 4 5 6 7 9 10 11 12 13 14 15 16 17 18 19 20 21 42 43 44 45 46 47 48 49 50 51 52 53 54 55 56 57 58 59 60 61 62 63 64 65 66 67 68 69 70 71 72 73
(9,*) 0 1 2 3 4 5 6 7 8 10 11 12 13 14 15 16 17 18 19 20 21 42 43 44 45 46 47 48 49 50 51 52 53 54 55 56 57 58 59 60 61 62 63 64 65 66 67 68 69 70 71 72 73
(10,*) 0 1 2 3 4 5 6 7 8 9 11 12 13 14 15 16 17 18 19 20 21 42 43 44 45 46 47 48 49 50 51 52 53 54 55 56 57 58 59 60 61 62 63 64 65 66 67 68 69 70 71 72 73
(11,*) 0 1 2 3 4 5 6 7 8 9 10 12 13 14 15 16 17 18 19 20 21 42 43 44 45 46 47 48 49 50 51 52 53 54 55 56 57 58 59 60 61 62 63 64 65 66 67 68 69 70 71 72 73
(12,*) 0 1 2 3 4 5 6 7 8 9 10 11 13 14 15 16 17 18 19 20 21 42 43 44 45 46 47 48 49 50 51 52 53 54 55 56 57 58 59 60 61 62 63 64 65 66 67 68 69 70 71 72 73
(13,*) 0 1 2 3 4 5 6 7 8 9 10 11 12 14 15 16 17 18 19 20 21 42 43 44 45 46 47 48 49 50 51 52 53 54 55 56 57 58 59 60 61 62 63 64 65 66 67 68 69 70 71 72 73
(14,*) 0 1 2 3 4 5 6 7 8 9 10 11 12 13 15 16 17 18 19 20 21 42 43 44 45 46 47 48 49 50 51 52 53 54 55 56 57 58 59 60 61 62 63 64 65 66 67 68 69 70 71 72 73
(15,*) 0 1 2 3 4 5 6 7 8 9 10 11 12 13 14 16 17 18 19 20 21 42 43 44 45 46 47 48 49 50 51 52 53 54 55 56 57 58 59 60 61 62 63 64 65 66 67 68 69 70 71 72 73
(16,*) 0 1 2 3 4 5 6 7 8 9 10 11 12 13 14 15 17 18 19 20 21 42 43 44 45 46 47 48 49 50 51 52 53 54 55 56 57 58 59 60 61 62 63 64 65 66 67 68 69 70 71 72 73
(17,*) 0 1 2 3 4 5 6 7 8 9 10 11 12 13 14 15 16 18 19 20 21 42 43 44 45 46 47 48 49 50 51 52 53 54 55 56 57 58 59 60 61 62 63 64 65 66 67 68 69 70 71 72 73
(18,*) 0 1 2 3 4 5 6 7 8 9 10 11 12 13 14 15 16 17 19 20 21 42 43 44 45 46 47 48 49 50 51 52 53 54 55 56 57 58 59 60 61 62 63 64 65 66 67 68 69 70 71 72 73
(19,*) 0 1 2 3 4 5 6 7 8 9 10 11 12 13 14 15 16 17 18 20 21 42 43 44 45 46 47 48 49 50 51 52 53 54 55 56 57 58 59 60 61 62 63 64 65 66 67 68 69 70 71 72 73
(20,*) 0 1 2 3 4 5 6 7 8 9 10 11 12 13 14 15 16 17 18 19 21 42 43 44 45 46 47 48 49 50 51 52 53 54 55 56 57 58 59 60 61 62 63 64 65 66 67 68 69 70 71 72 73
(21,*) 0 1 2 3 4 5 6 7 8 9 10 11 12 13 14 15 16 17 18 19 20 42 43 44 45 46 47 48 49 50 51 52 53 54 55 56 57 58 59 60 61 62 63 64 65 66 67 68 69 70 71 72 73
(42,*) 0 1 2 3 4 5 6 7 8 9 10 11 12 13 14 15 16 17 18 19 20 21 43 44 45 46 47 48 49 50 51 52 53 54 55 56 57 58 59 60 61 62 63 64 65 66 67 68 69 70 71 72 73
(43,*) 0 1 2 3 4 5 6 7 8 9 10 11 12 13 14 15 16 17 18 19 20 21 42 44 45 46 47 48 49 50 51 52 53 54 55 56 57 58 59 60 61 62 63 64 65 66 67 68 69 70 71 72 73
(44,*) 0 1 2 3 4 5 6 7 8 9 10 11 12 13 14 15 16 17 18 19 20 21 42 43 45 46 47 48 49 50 51 52 53 54 55 56 57 58 59 60 61 62 63 64 65 66 67 68 69 70 71 72 73
(45,*) 0 1 2 3 4 5 6 7 8 9 10 11 12 13 14 15 16 17 18 19 20 21 42 43 44 46 47 48 49 50 51 52 53 54 55 56 57 58 59 60 61 62 63 64 65 66 67 68 69 70 71 72 73
(46,*) 0 1 2 3 4 5 6 7 8 9 10 11 12 13 14 15 16 17 18 19 20 21 42 43 44 45 47 48 49 50 51 52 53 54 55 56 57 58 59 60 61 62 63 64 65 66 67 68 69 70 71 72 73
(47,*) 0 1 2 3 4 5 6 7 8 9 10 11 12 13 14 15 16 17 18 19 20 21 42 43 44 45 46 48 49 50 51 52 53 54 55 56 57 58 59 60 61 62 63 64 65 66 67 68 69 70 71 72 73
(48,*) 0 1 2 3 4 5 6 7 8 9 10 11 12 13 14 15 16 17 18 19 20 21 42 43 44 45 46 47 49 50 51 52 53 54 55 56 57 58 59 60 61 62 63 64 65 66 67 68 69 70 71 72 73
(49,*) 0 1 2 3 4 5 6 7 8 9 10 11 12 13 14 15 16 17 18 19 20 21 42 43 44 45 46 47 48 50 51 52 53 54 55 56 57 58 59 60 61 62 63 64 65 66 67 68 69 70 71 72 73
(50,*) 0 1 2 3 4 5 6 7 8 9 10 11 12 13 14 15 16 17 18 19 20 21 42 43 44 45 46 47 48 49 51 52 53 54 55 56 57 58 59 60 61 62 63 64 65 66 67 68 69 70 71 72 73
(51,*) 0 1 2 3 4 5 6 7 8 9 10 11 12 13 14 15 16 17 18 19 20 21 42 43 44 45 46 47 48 49 50 52 53 54 55 56 57 58 59 60 61 62 63 64 65 66 67 68 69 70 71 72 73
(52,*) 0 1 2 3 4 5 6 7 8 9 10 11 12 13 14 15 16 17 18 19 20 21 42 43 44 45 46 47 48 49 50 51 53 54 55 56 57 58 59 60 61 62 63 64 65 66 67 68 69 70 71 72 73
(53,*) 0 1 2 3 4 5 6 7 8 9 10 11 12 13 14 15 16 17 18 19 20 21 42 43 44 45 46 47 48 49 50 51 52 54 55 56 57 58 59 60 61 62 63 64 65 66 67 68 69 70 71 72 73
(54,*) 0 1 2 3 4 5 6 7 8 9 10 11 12 13 14 15 16 17 18 19 20 21 42 43 44 45 46 47 48 49 50 51 52 53 55 56 57 58 59 60 61 62 63 64 65 66 67 68 69 70 71 72 73
(55,*) 0 1 2 3 4 5 6 7 8 9 10 11 12 13 14 15 16 17 18 19 20 21 42 43 44 45 46 47 48 49 50 51 52 53 54 56 57 58 59 60 61 62 63 64 65 66 67 68 69 70 71 72 73
(56,*) 0 1 2 3 4 5 6 7 8 9 10 11 12 13 14 15 16 17 18 19 20 21 42 43 44 45 46 47 48 49 50 51 52 53 54 55 57 58 59 60 61 62 63 64 65 66 67 68 69 70 71 72 73
(57,*) 0 1 2 3 4 5 6 7 8 9 10 11 12 13 14 15 16 17 18 19 20 21 42 43 44 45 46 47 48 49 50 51 52 53 54 55 56 58 59 60 61 62 63 64 65 66 67 68 69 70 71 72 73
(58,*) 0 1 2 3 4 5 6 7 8 9 10 11 12 13 14 15 16 17 18 19 20 21 42 43 44 45 46 47 48 49 50 51 52 53 54 55 56 57 59 60 61 62 63 64 65 66 67 68 69 70 71 72 73
(59,*) 0 1 2 3 4 5 6 7 8 9 10 11 12 13 14 15 16 17 18 19 20 21 42 43 44 45 46 47 48 49 50 51 52 53 54 55 56 57 58 60 61 62 63 64 65 66 67 68 69 70 71 72 73
(60,*) 0 1 2 3 4 5 6 7 8 9 10 11 12 13 14 15 16 17 18 19 20 21 42 43 44 45 46 47 48 49 50 51 52 53 54 55 56 57 58 59 61 62 63 64 65 66 67 68 69 70 71 72 73
(61,*) 0 1 2 3 4 5 6 7 8 9 10 11 12 13 14 15 16 17 18 19 20 21 42 43 44 45 46 47 48 49 50 51 52 53 54 55 56 57 58 59 60 62 63 64 65 66 67 68 69 70 71 72 73
(62,*) 0 1 2 3 4 5 6 7 8 9 10 11 12 13 14 15 16 17 18 19 20 21 42 43 44 45 46 47 48 49 50 51 52 53 54 55 56 57 58 59 60 61 64 65 66 67 68 69 70 71 72 73
(63,*) 0 1 2 3 4 5 6 7 8 9 10 11 12 13 14 15 16 17 18 19 20 21 42 43 44 45 46 47 48 49 50 51 52 53 54 55 56 57 58 59 60 61 64 65 66 67 68 69 70 71 72 73
(64,*) 0 1 2 3 4 5 6 7 8 9 10 11 12 13 14 15 16 17 18 19 20 21 42 43 44 45 46 47 48 49 50 51 52 53 54 55 56 57 58 59 60 61 62 63 66 67 68 69 70 71 72 73
(65,*) 0 1 2 3 4 5 6 7 8 9 10 11 12 13 14 15 16 17 18 19 20 21 42 43 44 45 46 47 48 49 50 51 52 53 54 55 56 57 58 59 60 61 62 63 66 67 68 69 70 71 72 73
(66,*) 0 1 2 3 4 5 6 7 8 9 10 11 12 13 14 15 16 17 18 19 20 21 42 43 44 45 46 47 48 49 50 51 52 53 54 55 56 57 58 59 60 61 62 63 64 65 67 68 69 70 71 72 73
(67,*) 0 1 2 3 4 5 6 7 8 9 10 11 12 13 14 15 16 17 18 19 20 21 42 43 44 45 46 47 48 49 50 51 52 53 54 55 56 57 58 59 60 61 62 63 64 65 66 68 69 70 71 72 73
(68,*) 0 1 2 3 4 5 6 7 8 9 10 11 12 13 14 15 16 17 18 19 20 21 42 43 44 45 46 47 48 49 50 51 52 53 54 55 56 57 58 59 60 61 62 63 64 65 66 67 69 70 71 72 73
(69,*) 0 1 2 3 4 5 6 7 8 9 10 11 12 13 14 15 16 17 18 19 20 21 42 43 44 45 46 47 48 49 50 51 52 53 54 55 56 57 58 59 60 61 62 63 64 65 66 67 68 70 71 72 73
(70,*) 0 1 2 3 4 5 6 7 8 9 10 11 12 13 14 15 16 17 18 19 20 21 42 43 44 45 46 47 48 49 50 51 52 53 54 55 56 57 58 59 60 61 62 63 64 65 66 67 68 69 71 72 73
(71,*) 0 1 2 3 4 5 6 7 8 9 10 11 12 13 14 15 16 17 18 19 20 21 42 43 44 45 46 47 48 49 50 51 52 53 54 55 56 57 58 59 60 61 62 63 64 65 66 67 68 69 70 72 73
(72,*) 0 1 2 3 4 5 6 7 8 9 10 11 12 13 14 15 16 17 18 19 20 21 42 43 44 45 46 47 48 49 50 51 52 53 54 55 56 57 58 59 60 61 62 63 64 65 66 67 68 69 70 71 73
(73,*) 0 1 2 3 4 5 6 7 8 9 10 11 12 13 14 15 16 17 18 19 20 21 42 43 44 45 46 47 48 49 50 51 52 53 54 55 56 57 58 59 60 61 62 63 64 65 66 67 68 69 70 71 72
;
set A2:=
(62,*) 63
(63,*) 62
(64,*) 65
(65,*) 64
;
param BigM:=99999;
param n:= 8;
param d:=
1	8
2	4
3	9
4	9
5	16
6	22
7	20
8	7
9	2
10	12
11	22
12	12
13	9
14	2
15	18
16	19
17	18
18	10
19	2
20	26
21	7
22	18
23	16
24	11
25	11
26	2
27	14
28	14
29	2
30	20
31	4
32	16
33	3
34	16
35	21
36	24
37	19
38	12
39	2
40	2
41	2
42	26
43	7
44	7
45	6
46	1
47	2
48	23
49	4
50	3
51	1
52	6
53	26
54	23
55	9
56	24
57	16
58	6
59	23
60	16
61	21
;
param Q:=100;
param w:=
[62,*] 63 0.5
[63,*] 62 0.5
[64,*] 65 0.5
[65,*] 64 0.5
;
param V:=
[62,*] 63 87
[63,*] 62 87
[64,*] 65 87
[65,*] 64 87
;
param e:
	62	63	64	65	66	67	68	69	70	71	72	73:=
22	0	1	0	0	0	1	0	0	0	0	0	0	
23	0	0	1	0	0	0	0	0	0	0	1	0	
24	0	0	0	1	0	0	1	0	0	1	0	0	
25	1	0	0	0	0	0	0	1	0	0	0	0	
26	0	0	0	1	0	0	1	0	0	0	0	0	
27	0	0	0	1	0	0	0	0	0	1	0	0	
28	0	0	1	0	0	0	0	0	0	0	1	0	
29	0	0	1	0	1	0	0	1	0	0	0	0	
30	1	0	0	0	0	1	0	0	0	0	0	0	
31	0	1	0	0	0	1	0	0	1	0	0	1	
32	0	0	1	0	0	0	0	0	0	0	1	0	
33	0	0	1	0	0	0	0	0	0	0	1	0	
34	0	0	0	1	0	0	1	0	0	0	0	0	
35	0	0	1	0	0	0	0	0	0	0	1	0	
36	0	0	1	0	0	0	0	0	0	0	1	0	
37	1	0	0	0	1	0	0	1	0	0	0	0	
38	1	0	0	0	0	1	0	0	0	0	0	0	
39	0	1	0	0	0	0	0	0	1	0	0	0	
40	1	0	0	0	0	0	0	1	0	0	0	0	
41	0	0	1	0	1	0	0	0	1	0	0	1	
42	0	0	1	0	1	0	0	0	1	0	1	0	
43	0	0	1	0	1	0	0	0	1	0	0	1	
44	0	0	1	0	1	0	0	1	0	0	1	0	
45	0	1	0	0	0	0	0	0	1	0	0	1	
46	0	1	0	0	0	1	0	0	1	0	0	1	
47	0	1	0	0	0	0	0	0	1	0	0	1	
48	0	1	1	0	0	1	0	0	0	0	0	0	
49	1	0	0	0	0	0	0	0	1	0	0	0	
50	0	0	1	0	0	0	0	0	1	0	1	1	
51	0	0	1	0	0	0	0	0	0	0	1	0	
52	0	0	1	0	1	0	0	1	0	0	1	0	
53	0	0	0	1	0	0	1	0	0	1	0	0	
54	0	0	1	0	0	0	0	0	0	0	1	0	
55	0	0	1	0	0	0	1	0	0	0	0	0	
56	0	1	0	0	0	0	0	0	1	0	0	1	
57	0	0	0	1	0	0	1	0	0	0	0	0	
58	0	1	0	0	0	1	0	0	0	0	0	1	
59	0	0	0	1	0	0	1	0	1	1	0	1	
60	0	0	0	1	0	0	0	0	0	1	0	0	
61	1	0	0	0	0	0	0	1	0	0	0	0	
;
param p:=
1	3
2	3
3	3
4	3
5	3
6	3
7	3
8	3
;
param G:=
62	87
63	85
64	82
65	87
66	99
67	81
68	83
69	74
70	77
71	88
72	86
73	85
;
param s:=
0	0
1	10
2	10
3	10
4	10
5	10
6	10
7	10
8	10
9	10
10	10
11	10
12	10
13	10
14	10
15	10
16	10
17	10
18	10
19	10
20	10
21	10
42	10
43	10
44	10
45	10
46	10
47	10
48	10
49	10
50	10
51	10
52	10
53	10
54	10
55	10
56	10
57	10
58	10
59	10
60	10
61	10
62	10
63	10
64	10
65	10
66	10
67	10
68	10
69	10
70	10
71	10
72	10
73	10
;
param t:
	0	1	2	3	4	5	6	7	8	9	10	11	12	13	14	15	16	17	18	19	20	21	22	23	24	25	26	27	28	29	30	31	32	33	34	35	36	37	38	39	40	41	42	43	44	45	46	47	48	49	50	51	52	53	54	55	56	57	58	59	60	61	62	63	64	65	66	67	68	69	70	71	72	73:=
0	0.0	94.89	9.43	47.27	73.76	24.08	3.16	39.12	13.89	52.39	102.16	85.44	102.0	53.08	56.44	91.27	26.68	40.52	51.97	75.03	99.81	39.2	46.75	85.48	52.35	75.61	2.0	43.91	55.46	59.03	93.98	37.74	95.52	98.98	50.7	64.9	83.41	83.01	94.89	25.0	74.09	52.24	66.13	51.48	80.4	29.12	38.63	40.31	37.01	101.98	52.8	95.34	66.12	43.28	81.01	70.18	28.44	18.11	25.08	31.02	67.21	72.8	97.86	44.72	74.63	40.22	71.25	40.31	31.11	79.03	40.52	43.27	76.22	35.51
1	94.89	0.0	91.44	107.34	24.04	99.16	91.79	61.52	84.4	80.96	27.0	39.66	35.23	77.9	42.94	20.22	88.96	86.98	75.15	27.78	54.08	82.68	66.73	33.84	77.23	45.28	92.91	88.23	45.35	38.08	46.39	62.39	37.95	18.0	96.05	46.14	47.2	16.28	60.02	70.26	47.17	42.76	33.53	43.42	14.87	66.19	58.01	54.59	97.98	57.04	46.87	12.17	29.41	73.5	34.71	52.63	66.48	100.88	84.59	64.13	74.2	46.87	49.09	78.77	41.11	84.6	24.04	77.2	80.06	21.21	55.04	68.8	25.06	64.28
2	9.43	91.44	0.0	39.0	71.69	16.28	9.22	40.31	7.07	58.24	101.12	86.05	101.79	43.84	51.01	86.01	34.01	47.38	57.01	73.82	92.11	29.83	50.25	85.45	43.14	68.41	8.54	34.48	55.22	54.33	86.68	38.9	95.8	97.17	41.44	65.86	84.86	78.52	86.76	24.21	66.76	48.76	64.88	48.38	76.69	28.02	38.01	37.34	45.4	94.15	52.43	93.05	62.17	34.41	81.02	72.25	26.42	12.21	31.4	27.51	58.14	65.52	90.44	50.29	75.29	30.81	67.47	45.54	22.02	74.24	38.95	34.89	74.69	36.8
3	47.27	107.34	39.0	0.0	94.05	23.19	48.04	73.54	40.61	96.34	124.46	114.62	127.48	32.02	64.82	94.85	73.01	86.21	94.37	98.49	86.21	24.84	86.02	112.45	32.28	69.26	47.1	19.24	84.06	70.29	84.17	72.24	123.07	118.34	14.0	96.38	115.43	91.59	78.01	57.25	67.05	70.09	90.27	70.94	93.01	59.62	68.43	62.68	84.21	87.05	81.3	112.93	79.51	33.84	108.41	104.66	56.86	29.83	70.18	54.59	44.01	66.41	86.7	88.28	104.56	22.8	84.65	83.36	30.23	86.61	67.23	38.6	98.35	70.58
4	73.76	24.04	71.69	94.05	0.0	81.84	70.6	38.01	64.88	57.31	30.48	26.02	33.84	68.6	30.89	33.6	65.28	62.94	51.48	7.07	64.2	69.35	42.72	21.38	67.74	46.0	71.84	75.93	21.38	25.06	55.66	39.0	31.02	25.5	84.81	23.35	31.4	22.47	67.08	48.76	47.04	24.21	9.49	23.85	15.0	44.64	35.51	34.44	73.98	67.36	23.09	21.59	16.76	61.22	19.0	31.62	45.54	82.3	61.07	44.28	69.57	46.1	59.46	54.78	21.54	71.51	14.0	53.16	64.54	23.41	33.24	56.22	5.1	41.01
5	24.08	99.16	16.28	23.19	81.84	0.0	25.02	54.64	19.72	74.46	112.07	98.99	113.7	37.16	56.61	90.61	50.16	63.64	73.05	85.0	90.61	23.09	65.74	97.74	36.77	69.03	24.0	24.41	67.88	61.1	86.47	53.25	108.3	107.19	28.6	79.4	98.6	84.77	83.93	38.01	67.07	57.8	76.22	57.98	84.31	41.23	50.99	47.8	61.07	92.2	65.05	102.47	69.86	31.26	93.43	86.61	38.95	7.21	47.68	38.29	51.89	66.03	89.81	66.48	88.41	22.85	75.24	61.68	20.1	80.08	50.93	34.0	85.45	51.31
6	3.16	91.79	9.22	48.04	70.6	25.02	0.0	36.06	12.04	50.33	99.01	82.38	98.88	51.86	53.6	88.36	25.18	38.83	49.65	71.87	97.51	38.28	44.05	82.37	51.09	73.16	1.41	43.38	52.33	56.08	91.55	34.67	92.44	95.82	50.6	61.85	80.43	80.0	92.78	21.84	71.69	49.16	62.97	48.37	77.32	25.96	35.47	37.22	36.22	99.73	49.66	92.18	63.07	41.73	77.9	67.27	25.32	19.65	23.09	28.0	65.76	70.38	95.46	42.54	71.56	39.45	68.18	38.01	29.83	76.06	37.36	41.4	73.05	32.45
7	39.12	61.52	40.31	73.54	38.01	54.64	36.06	0.0	35.0	29.55	63.89	46.32	63.07	60.07	36.24	64.4	27.46	28.43	25.0	37.48	84.9	52.77	14.14	46.52	59.08	60.44	37.44	60.02	17.26	34.71	77.08	1.41	56.44	61.81	69.43	25.81	44.6	53.85	83.6	16.64	60.0	24.84	29.07	22.8	48.76	13.93	7.62	17.46	37.58	87.78	15.03	59.14	37.12	49.0	42.05	32.02	16.76	52.4	23.09	20.1	68.88	58.6	81.32	23.02	35.51	54.92	40.85	19.1	44.38	51.43	11.66	45.1	39.2	3.61
8	13.89	84.4	7.07	40.61	64.88	19.72	12.04	35.0	0.0	55.73	94.51	80.06	95.44	40.0	44.0	79.0	33.54	46.01	53.85	67.23	86.01	26.83	46.1	79.2	39.2	61.98	12.21	32.57	49.04	47.27	80.32	33.6	89.64	90.38	40.61	60.11	79.25	71.45	81.01	18.44	60.41	41.76	58.31	41.44	69.63	21.93	31.89	30.46	45.88	88.14	46.23	86.16	55.11	29.7	74.81	67.01	20.0	17.8	30.07	20.62	53.76	59.14	84.15	47.68	69.35	28.23	60.42	42.76	18.03	67.19	32.45	29.41	68.0	31.62
9	52.39	80.96	58.24	96.34	57.31	74.46	50.33	29.55	55.73	0.0	73.44	51.04	69.0	88.28	65.19	89.02	26.63	13.45	5.83	53.31	113.23	79.06	16.4	54.45	87.3	89.31	51.62	86.01	37.64	62.8	105.12	30.08	61.01	74.95	95.02	35.11	45.1	77.8	112.61	41.11	89.04	53.01	48.02	50.8	71.28	40.61	37.16	47.01	24.6	116.21	37.48	74.63	62.94	76.94	50.8	32.06	43.57	69.89	27.31	48.05	98.08	87.66	109.34	8.06	42.76	81.02	65.3	13.04	70.01	76.58	41.15	73.55	55.95	30.36
10	102.16	27.0	101.12	124.46	30.48	112.07	99.01	63.89	94.51	73.44	0.0	22.8	8.94	98.01	60.44	47.1	89.11	83.01	68.18	27.29	81.06	99.7	63.2	19.03	97.2	69.89	100.32	106.15	46.82	54.67	73.25	65.15	15.0	9.0	114.87	40.2	30.08	40.52	86.7	77.39	71.51	54.67	36.24	54.2	34.93	73.35	63.56	64.35	95.05	84.02	49.4	15.13	45.61	91.35	23.02	41.44	74.71	112.16	85.7	74.09	97.06	70.94	76.06	74.0	31.0	101.83	41.05	74.17	95.02	44.6	62.18	86.37	26.63	67.36
11	85.44	39.66	86.05	114.62	26.02	98.99	82.38	46.32	80.06	51.04	22.8	0.0	18.11	92.31	55.36	56.3	68.96	61.4	46.01	19.1	89.05	90.74	42.45	5.83	91.39	72.01	83.76	97.75	31.11	49.73	80.6	47.71	10.44	26.63	107.04	20.59	7.81	46.32	92.66	61.85	73.06	45.62	25.08	44.29	38.83	58.14	48.17	52.01	73.55	92.2	33.94	29.0	42.43	83.65	7.07	19.0	60.14	97.84	66.13	60.88	94.83	72.11	84.17	52.35	10.82	92.96	40.01	53.15	84.4	48.51	48.1	78.71	21.0	49.93
12	102.0	35.23	101.79	127.48	33.84	113.7	98.88	63.07	95.44	69.0	8.94	18.11	0.0	102.4	64.66	55.01	86.83	79.51	64.07	29.0	89.01	102.94	60.42	16.55	101.55	76.4	100.24	109.64	46.65	58.83	81.02	64.4	8.06	17.46	118.6	37.95	24.19	47.52	94.26	77.7	77.88	57.38	37.54	56.59	41.23	73.78	63.81	65.95	91.66	92.02	49.4	23.09	50.12	95.0	21.02	37.05	75.45	113.23	83.82	75.43	102.55	77.2	84.01	70.46	28.16	105.12	46.1	71.2	97.59	51.2	63.01	90.0	29.21	66.64
13	53.08	77.9	43.84	32.02	68.6	37.16	51.86	60.07	40.0	88.28	98.01	92.31	102.4	0.0	37.74	63.63	71.59	81.91	84.59	74.24	55.04	14.42	74.17	89.0	1.0	37.34	51.74	14.04	64.54	43.57	52.35	59.14	99.3	90.91	18.79	77.13	94.87	61.72	47.52	47.54	35.11	46.82	67.23	48.38	64.38	47.68	53.0	44.18	84.53	56.22	62.17	85.04	52.43	11.4	85.49	86.68	44.72	43.42	67.23	40.31	14.76	34.54	55.08	80.6	83.49	14.32	57.01	75.71	22.02	56.73	50.09	15.0	73.43	58.31
14	56.44	42.94	51.01	64.82	30.89	56.61	53.6	36.24	44.0	65.19	60.44	55.36	64.66	37.74	0.0	35.0	59.91	64.35	60.03	36.77	48.8	40.0	48.88	51.62	36.89	24.21	54.45	46.01	31.58	5.83	41.23	36.12	61.74	53.74	54.49	43.05	58.86	28.16	47.43	34.93	23.85	12.65	30.59	14.87	28.3	31.76	29.0	20.0	72.01	51.62	30.08	48.17	14.87	31.14	48.38	53.08	30.46	59.03	54.92	26.25	39.62	22.47	45.45	59.2	47.52	42.01	19.85	55.32	37.16	23.54	24.76	26.25	35.78	36.77
15	91.27	20.22	86.01	94.85	33.6	90.61	88.36	64.4	79.0	89.02	47.1	56.3	55.01	63.63	35.0	0.0	91.18	92.28	83.24	39.96	34.0	71.17	73.24	50.6	63.13	27.59	89.27	75.64	51.4	32.39	26.17	64.88	56.72	38.12	82.37	56.73	63.16	11.31	39.81	68.45	29.73	40.8	41.73	42.38	18.6	64.76	58.87	52.39	101.98	37.01	51.87	32.02	27.31	61.68	50.16	65.22	64.13	93.65	86.38	60.53	57.31	29.83	29.0	85.15	54.71	72.8	23.85	82.49	70.61	13.0	55.03	57.57	37.22	66.31
16	26.68	88.96	34.01	73.01	65.28	50.16	25.18	27.46	33.54	26.63	89.11	68.96	86.83	71.59	59.91	91.18	0.0	13.93	27.59	64.01	108.23	59.77	26.57	70.61	70.68	83.24	26.31	65.97	44.05	59.94	101.02	26.68	79.4	88.14	74.15	49.03	65.0	80.96	105.42	26.17	82.33	50.57	56.08	48.85	76.16	28.43	32.31	39.96	13.04	110.89	42.19	86.01	63.91	60.37	66.29	51.08	30.41	44.72	5.0	35.36	83.86	80.92	105.21	19.8	58.69	61.4	68.01	16.64	50.6	78.19	36.25	58.31	66.01	25.0
17	40.52	86.98	47.38	86.21	62.94	63.64	38.83	28.43	46.01	13.45	83.01	61.4	79.51	81.91	64.35	92.28	13.93	0.0	16.16	60.21	113.14	71.2	20.4	64.03	80.96	88.46	40.02	77.78	41.79	63.13	105.42	28.32	71.7	83.38	86.37	43.1	56.29	81.41	111.4	34.54	87.86	53.26	53.45	51.22	75.64	35.36	35.36	44.69	12.17	115.97	40.72	82.2	65.19	70.52	60.0	42.58	38.01	58.46	16.03	42.94	93.11	86.45	109.66	9.06	52.01	72.99	68.48	9.85	61.98	79.4	39.6	67.78	62.59	27.59
18	51.97	75.15	57.01	94.37	51.48	73.05	49.65	25.0	53.85	5.83	68.18	46.01	64.07	84.59	60.03	83.24	27.59	16.16	0.0	47.54	107.8	76.03	11.18	49.16	83.6	84.06	51.0	83.1	31.89	57.43	99.64	25.71	56.14	69.43	92.27	29.41	40.45	72.01	107.38	38.05	83.86	47.71	42.19	45.49	65.46	37.05	32.57	42.38	28.16	110.8	31.83	68.96	57.28	73.33	45.4	27.02	40.05	68.94	27.2	44.28	93.86	82.49	103.86	7.81	37.34	78.06	59.55	11.66	67.12	70.84	36.4	69.72	50.16	26.31
19	75.03	27.78	73.82	98.49	7.07	85.0	71.87	37.48	67.23	53.31	27.29	19.1	29.0	74.24	36.77	39.96	64.01	60.21	47.54	0.0	71.17	74.03	39.81	14.87	73.36	53.01	73.16	80.8	20.22	31.02	62.64	38.64	25.06	24.33	89.87	18.36	24.33	29.07	74.15	50.16	54.01	28.43	8.94	27.59	21.47	46.1	36.4	37.2	71.7	74.33	22.56	22.09	23.35	66.29	12.04	25.5	47.41	84.91	60.13	46.87	75.96	53.04	66.41	51.66	14.76	76.22	21.02	50.64	68.59	30.36	34.89	61.29	2.83	40.79
20	99.81	54.08	92.11	86.21	64.2	90.61	97.51	84.9	86.01	113.23	81.06	89.05	89.01	55.04	48.8	34.0	108.23	113.14	107.8	71.17	0.0	67.74	96.83	83.55	55.08	25.0	97.99	69.07	76.85	50.45	8.54	84.86	90.45	72.06	72.25	85.43	95.34	42.76	9.43	82.42	26.08	60.31	70.26	62.48	50.22	79.81	77.78	68.68	120.62	3.16	76.28	66.01	51.48	59.44	82.46	94.94	78.01	95.8	103.23	73.24	42.3	27.46	5.0	107.71	85.7	68.47	51.08	104.0	71.57	40.8	73.54	57.57	68.68	85.56
21	39.2	82.68	29.83	24.84	69.35	23.09	38.28	52.77	26.83	79.06	99.7	90.74	102.94	14.42	40.0	71.17	59.77	71.2	76.03	74.03	67.74	0.0	66.37	88.23	13.89	47.27	38.01	7.28	60.84	45.45	64.03	51.62	98.81	93.51	16.76	73.41	92.13	67.12	60.88	38.0	45.18	45.61	66.03	46.62	68.24	39.2	46.57	39.4	72.45	69.23	58.18	88.09	54.67	9.49	84.31	82.28	36.22	29.07	55.79	32.76	29.15	44.28	67.19	71.11	81.01	2.24	59.82	66.12	9.22	62.18	44.6	13.89	73.76	50.36
22	46.75	66.73	50.25	86.02	42.72	65.74	44.05	14.14	46.1	16.4	63.2	42.45	60.42	74.17	48.88	73.24	26.57	20.4	11.18	39.81	96.83	66.37	0.0	44.41	73.17	72.95	45.45	73.55	21.95	46.4	88.73	15.03	52.89	63.13	82.87	23.02	38.48	62.13	96.25	28.86	72.72	36.62	33.24	34.41	55.95	27.17	21.59	31.32	32.06	99.81	21.4	61.81	46.75	63.03	40.2	24.6	30.15	62.43	24.19	34.0	82.98	71.34	92.96	12.08	32.39	68.47	49.41	11.0	57.71	60.61	25.3	59.21	42.2	16.03
23	85.48	33.84	85.45	112.45	21.38	97.74	82.37	46.52	79.2	54.45	19.03	5.83	16.55	89.0	51.62	50.6	70.61	64.03	49.16	14.87	83.55	88.23	44.41	0.0	88.1	67.12	83.73	95.13	30.23	45.88	75.13	47.85	10.63	21.47	104.31	21.59	13.45	40.79	87.37	61.29	68.26	42.72	22.2	41.62	33.38	57.43	47.43	50.21	76.11	86.68	33.02	23.35	38.08	80.78	4.47	22.56	59.2	97.01	67.45	59.46	90.8	67.36	78.64	55.01	12.04	90.44	35.23	55.33	82.33	43.19	46.86	75.8	16.28	50.09
24	52.35	77.23	43.14	32.28	67.74	36.77	51.09	59.08	39.2	87.3	97.2	91.39	101.55	1.0	36.89	63.13	70.68	80.96	83.6	73.36	55.08	13.89	73.17	88.1	0.0	37.0	50.99	14.0	63.56	42.72	52.24	58.14	98.41	90.14	19.24	76.16	93.92	61.07	47.68	46.57	34.79	45.88	66.31	47.43	63.66	46.69	52.0	43.19	83.63	56.32	61.19	84.29	51.61	10.44	84.58	85.7	43.74	42.94	66.31	39.32	15.26	34.18	55.04	79.62	82.54	13.93	56.22	74.73	21.26	56.08	49.09	14.0	72.56	57.31
25	75.61	45.28	68.41	69.26	46.0	69.03	73.16	60.44	61.98	89.31	69.89	72.01	76.4	37.34	24.21	27.59	83.24	88.46	84.06	53.01	25.0	47.27	72.95	67.12	37.0	0.0	73.74	50.45	54.23	26.83	18.38	60.31	75.8	61.47	56.08	64.29	77.16	29.55	23.32	57.43	2.24	36.36	49.82	38.59	35.17	54.82	53.15	43.84	95.67	27.66	53.23	55.15	30.41	38.05	65.0	74.22	53.01	73.44	78.24	48.26	29.73	3.0	22.36	83.41	66.48	48.51	32.0	79.51	49.16	25.3	48.92	35.06	51.01	60.88
26	2.0	92.91	8.54	47.1	71.84	24.0	1.41	37.44	12.21	51.62	100.32	83.76	100.24	51.74	54.45	89.27	26.31	40.02	51.0	73.16	97.99	38.01	45.45	83.73	50.99	73.74	0.0	42.94	53.67	57.04	92.11	36.06	93.81	97.08	49.98	63.25	81.84	81.01	93.15	23.09	72.24	50.25	64.26	49.5	78.41	27.2	36.77	38.33	37.12	100.18	50.99	93.41	64.12	41.77	79.26	68.68	26.48	18.44	24.35	29.02	65.76	70.94	96.01	43.86	72.95	39.12	69.26	39.36	29.73	77.03	38.6	41.62	74.33	33.84
27	43.91	88.23	34.48	19.24	75.93	24.41	43.38	60.02	32.57	86.01	106.15	97.75	109.64	14.04	46.01	75.64	65.97	77.78	83.1	80.8	69.07	7.28	73.55	95.13	14.0	50.45	42.94	0.0	68.03	51.62	66.19	58.86	105.68	99.72	9.49	80.62	99.28	72.4	61.52	45.04	48.27	52.43	72.95	53.54	74.03	46.39	53.85	46.62	78.45	70.26	65.39	94.18	60.83	14.87	91.27	89.54	43.42	31.24	62.17	40.02	28.16	47.54	69.03	78.03	88.12	5.1	65.86	73.03	16.0	67.42	51.87	19.8	80.43	57.56
28	55.46	45.35	55.22	84.06	21.38	67.88	52.33	17.26	49.04	37.64	46.82	31.11	46.65	64.54	31.58	51.4	44.05	41.79	31.89	20.22	76.85	60.84	21.95	30.23	63.56	54.23	53.67	68.03	0.0	27.51	68.51	18.44	40.61	44.55	77.47	12.65	31.38	40.22	77.39	31.06	54.42	19.1	12.04	17.03	34.0	27.2	17.2	21.47	52.63	79.92	2.83	42.01	25.61	54.71	25.81	22.2	29.07	66.84	40.01	29.83	70.01	53.14	72.67	34.0	20.62	63.07	27.66	31.95	53.85	38.95	17.03	50.0	22.02	20.62
29	59.03	38.08	54.33	70.29	25.06	61.1	56.08	34.71	47.27	62.8	54.67	49.73	58.83	43.57	5.83	32.39	59.94	63.13	57.43	31.02	50.45	45.45	46.4	45.88	42.72	26.83	57.04	51.62	27.51	0.0	42.45	34.83	55.95	48.1	60.21	38.33	53.46	24.19	50.12	36.14	26.93	9.9	25.18	12.04	23.26	32.57	28.02	20.25	71.56	53.41	26.4	42.64	9.22	36.77	42.72	48.37	31.78	63.06	55.01	28.16	45.12	25.63	46.69	57.31	42.19	47.51	14.42	53.76	42.06	20.0	23.85	31.83	29.97	35.81
30	93.98	46.39	86.68	84.17	55.66	86.47	91.55	77.08	80.32	105.12	73.25	80.6	81.02	52.35	41.23	26.17	101.02	105.42	99.64	62.64	8.54	64.03	88.73	75.13	52.24	18.38	92.11	66.19	68.51	42.45	0.0	77.1	82.22	64.28	70.41	76.92	86.83	34.37	13.93	75.47	19.92	52.35	61.74	54.49	41.77	72.67	70.09	61.22	113.23	11.7	68.01	58.14	43.05	55.23	73.98	86.41	71.02	91.24	96.02	66.37	41.11	21.19	4.24	99.76	77.16	65.0	42.54	96.17	66.91	32.28	65.86	52.77	60.17	77.9
31	37.74	62.39	38.9	72.24	39.0	53.25	34.67	1.41	33.6	30.08	65.15	47.71	64.4	59.14	36.12	64.88	26.68	28.32	25.71	38.64	84.86	51.62	15.03	47.85	58.14	60.31	36.06	58.86	18.44	34.83	77.1	0.0	57.8	62.97	68.25	27.2	46.01	54.42	83.41	15.26	59.82	25.0	30.15	23.02	49.48	12.65	7.21	17.0	37.12	87.73	16.12	60.21	37.58	48.01	43.38	33.42	15.52	50.99	22.2	19.03	68.15	58.41	81.34	23.32	36.89	53.76	41.44	19.21	43.17	51.89	11.4	44.18	40.31	2.24
32	95.52	37.95	95.8	123.07	31.02	108.3	92.44	56.44	89.64	61.01	15.0	10.44	8.06	99.3	61.74	56.72	79.4	71.7	56.14	25.06	90.45	98.81	52.89	10.63	98.41	75.8	93.81	105.68	40.61	55.95	82.22	57.8	0.0	21.63	114.83	30.87	16.12	48.01	95.01	71.61	77.1	53.25	32.8	52.2	41.05	67.8	57.8	60.83	83.86	93.54	43.42	26.0	47.76	91.27	14.87	29.15	69.66	107.45	76.55	70.04	100.57	76.3	85.48	62.65	21.02	101.02	44.38	63.56	92.96	51.09	57.38	86.28	26.0	60.03
33	98.98	18.0	97.17	118.34	25.5	107.19	95.82	61.81	90.38	74.95	9.0	26.63	17.46	90.91	53.74	38.12	88.14	83.38	69.43	24.33	72.06	93.51	63.13	21.47	90.14	61.47	97.08	99.72	44.55	48.1	64.28	62.97	21.63	0.0	108.21	40.31	34.41	31.95	77.78	74.0	63.16	49.4	32.98	49.24	26.93	69.89	60.44	59.93	95.19	75.03	46.87	6.32	38.9	84.86	24.35	43.66	70.94	107.78	84.38	69.78	89.19	62.65	67.07	74.55	32.28	95.59	33.97	74.11	89.4	36.25	58.52	79.93	22.8	65.12
34	50.7	96.05	41.44	14.0	84.81	28.6	50.6	69.43	40.61	95.02	114.87	107.04	118.6	18.79	54.49	82.37	74.15	86.37	92.27	89.87	72.25	16.76	82.87	104.31	19.24	56.08	49.98	9.49	77.47	60.21	70.41	68.25	114.83	108.21	0.0	90.08	108.69	80.0	64.01	54.23	53.85	61.59	82.15	62.77	82.13	55.73	63.32	56.08	86.35	73.06	74.85	102.53	69.35	23.6	100.5	99.02	52.77	35.81	70.58	49.48	30.02	53.31	72.84	87.01	97.49	14.56	74.25	82.01	25.18	75.0	61.35	28.6	89.4	66.91
35	64.9	46.14	65.86	96.38	23.35	79.4	61.85	25.81	60.11	35.11	40.2	20.59	37.95	77.13	43.05	56.73	49.03	43.1	29.41	18.36	85.43	73.41	23.02	21.59	76.16	64.29	63.25	80.62	12.65	38.33	76.92	27.2	30.87	40.31	90.08	0.0	19.21	45.45	86.98	41.73	64.76	31.06	15.26	29.15	38.21	38.21	28.43	34.01	55.01	88.57	15.23	39.56	34.18	67.36	17.26	10.05	40.46	77.79	45.88	41.88	82.15	63.56	80.95	34.23	9.85	75.64	34.48	34.01	66.24	45.49	29.15	62.64	21.1	29.41
36	83.41	47.2	84.86	115.43	31.4	98.6	80.43	44.6	79.25	45.1	30.08	7.81	24.19	94.87	58.86	63.16	65.0	56.29	40.45	24.33	95.34	92.13	38.48	13.45	93.92	77.16	81.84	99.28	31.38	53.46	86.83	46.01	16.12	34.41	108.69	19.21	0.0	52.81	98.48	60.83	78.06	48.08	28.28	46.49	45.22	57.38	47.63	52.84	68.45	98.49	34.13	36.77	47.0	85.62	13.0	13.93	59.67	96.88	62.61	61.03	98.48	77.03	90.52	47.3	11.4	94.37	45.28	48.7	85.23	54.57	48.26	80.78	26.68	48.17
37	83.01	16.28	78.52	91.59	22.47	84.77	80.0	53.85	71.45	77.8	40.52	46.32	47.52	61.72	28.16	11.31	80.96	81.41	72.01	29.07	42.76	67.12	62.13	40.79	61.07	29.55	81.01	72.4	40.22	24.19	34.37	54.42	48.01	31.95	80.0	45.45	52.81	0.0	47.0	59.3	31.3	31.26	30.41	32.56	7.62	55.44	48.76	43.19	91.39	45.89	40.82	25.63	17.26	57.8	39.85	54.08	55.15	87.1	76.24	52.0	58.01	30.89	37.85	74.09	43.83	68.96	13.0	71.59	65.19	5.0	45.12	53.24	26.4	55.97
38	94.89	60.02	86.76	78.01	67.08	83.93	92.78	83.6	81.01	112.61	86.7	92.66	94.26	47.52	47.43	39.81	105.42	111.4	107.38	74.15	9.43	60.88	96.25	87.37	47.68	23.32	93.15	61.52	77.39	50.12	13.93	83.41	95.01	77.78	64.01	86.98	98.48	47.0	0.0	79.31	23.6	59.68	72.12	61.91	54.08	77.08	76.22	66.71	118.09	9.22	76.48	71.57	52.81	53.14	85.84	96.77	75.01	89.49	100.45	70.09	34.0	25.0	12.81	106.61	88.29	61.39	53.37	102.62	65.55	44.18	72.01	51.89	71.85	83.87
39	25.0	70.26	24.21	57.25	48.76	38.01	21.84	16.64	18.44	41.11	77.39	61.85	77.7	47.54	34.93	68.45	26.17	34.54	38.05	50.16	82.42	38.0	28.86	61.29	46.57	57.43	23.09	45.04	31.06	36.14	75.47	15.26	71.61	74.0	54.23	41.73	60.83	59.3	79.31	0.0	56.4	28.07	41.23	27.0	56.01	4.12	13.89	16.12	39.05	85.0	28.3	70.34	42.11	36.14	56.86	48.6	4.47	36.07	21.26	9.22	58.6	55.0	79.61	33.24	51.09	40.01	47.01	28.28	29.07	55.73	15.52	33.24	51.26	13.42
40	74.09	47.17	66.76	67.05	47.04	67.07	71.69	60.0	60.41	89.04	71.51	73.06	77.88	35.11	23.85	29.73	82.33	87.86	83.86	54.01	26.08	45.18	72.72	68.26	34.79	2.24	72.24	48.27	54.42	26.93	19.92	59.82	77.1	63.16	53.85	64.76	78.06	31.3	23.6	56.4	0.0	36.24	50.49	38.47	36.69	53.91	52.63	43.19	94.85	28.6	53.31	56.86	31.14	36.01	66.03	74.73	52.01	71.57	77.34	47.2	27.59	1.41	23.77	83.01	67.27	46.39	33.06	79.03	47.27	26.93	48.41	33.14	52.09	60.31
41	52.24	42.76	48.76	70.09	24.21	57.8	49.16	24.84	41.76	53.01	54.67	45.62	57.38	46.82	12.65	40.8	50.57	53.26	47.71	28.43	60.31	45.61	36.62	42.72	45.88	36.36	50.25	52.43	19.1	9.9	52.35	25.0	53.25	49.4	61.59	31.06	48.08	31.26	59.68	28.07	36.24	0.0	20.59	2.24	28.16	24.19	18.36	12.0	61.91	63.25	17.46	44.72	14.04	38.08	38.95	41.01	24.0	58.69	45.69	21.38	51.09	34.89	56.59	47.42	36.69	47.8	19.03	43.86	40.36	27.89	14.32	33.12	28.28	26.08
42	66.13	33.53	64.88	90.27	9.49	76.22	62.97	29.07	58.31	48.02	36.24	25.08	37.54	67.23	30.59	41.73	56.08	53.45	42.19	8.94	70.26	66.03	33.24	22.2	66.31	49.82	64.26	72.95	12.04	25.18	61.74	30.15	32.8	32.98	82.15	15.26	28.28	30.41	72.12	41.23	50.49	20.59	0.0	19.42	23.43	37.16	27.51	28.43	64.54	73.41	14.04	30.07	19.42	58.67	18.36	24.7	38.47	76.01	52.0	38.01	70.21	49.37	65.74	45.31	17.03	68.24	19.24	43.68	60.21	30.23	25.94	53.71	10.2	32.25
43	51.48	43.42	48.38	70.94	23.85	57.98	48.37	22.8	41.44	50.8	54.2	44.29	56.59	48.38	14.87	42.38	48.85	51.22	45.49	27.59	62.48	46.62	34.41	41.62	47.43	38.59	49.5	53.54	17.03	12.04	54.49	23.02	52.2	49.24	62.77	29.15	46.49	32.56	61.91	27.0	38.47	2.24	19.42	0.0	29.02	23.02	16.55	11.18	60.03	65.44	15.3	44.78	15.3	39.36	37.74	39.05	23.09	58.6	44.01	20.88	53.04	37.12	58.73	45.28	35.11	48.83	20.02	41.77	41.01	29.41	12.65	34.44	27.66	24.19
44	80.4	14.87	76.69	93.01	15.0	84.31	77.32	48.76	69.63	71.28	34.93	38.83	41.23	64.38	28.3	18.6	76.16	75.64	65.46	21.47	50.22	68.24	55.95	33.38	63.66	35.17	78.41	74.03	34.0	23.26	41.77	49.48	41.05	26.93	82.13	38.21	45.22	7.62	54.08	56.01	36.69	28.16	23.43	29.02	0.0	52.0	44.41	40.11	86.03	53.37	34.93	20.81	14.56	59.2	32.28	46.62	52.09	86.02	71.59	49.5	62.27	36.06	45.35	68.0	36.24	70.21	9.22	65.8	65.3	10.05	41.11	54.41	18.79	51.2
45	29.12	66.19	28.02	59.62	44.64	41.23	25.96	13.93	21.93	40.61	73.35	58.14	73.78	47.68	31.76	64.76	28.43	35.36	37.05	46.1	79.81	39.2	27.17	57.43	46.69	54.82	27.2	46.39	27.2	32.57	72.67	12.65	67.8	69.89	55.73	38.21	57.38	55.44	77.08	4.12	53.91	24.19	37.16	23.02	52.0	0.0	10.0	12.37	41.01	82.46	24.41	66.22	38.21	36.35	53.01	45.49	3.0	39.7	23.43	7.62	57.94	52.5	76.84	32.98	47.42	41.3	43.05	28.16	30.59	51.97	11.4	32.98	47.17	11.18
46	38.63	58.01	38.01	68.43	35.51	50.99	35.47	7.62	31.89	37.16	63.56	48.17	63.81	53.0	29.0	58.87	32.31	35.36	32.57	36.4	77.78	46.57	21.59	47.43	52.0	53.15	36.77	53.85	17.2	28.02	70.09	7.21	57.8	60.44	63.32	28.43	47.63	48.76	76.22	13.89	52.63	18.36	27.51	16.55	44.41	10.0	0.0	9.85	43.57	80.62	14.42	57.07	31.62	42.11	43.01	36.24	12.04	49.68	27.51	13.93	61.39	51.22	74.33	30.53	37.48	48.76	35.9	26.4	38.63	45.88	4.24	38.0	37.64	7.81
47	40.31	54.59	37.34	62.68	34.44	47.8	37.22	17.46	30.46	47.01	64.35	52.01	65.95	44.18	20.0	52.39	39.96	44.69	42.38	37.2	68.68	39.4	31.32	50.21	43.19	43.84	38.33	46.62	21.47	20.25	61.22	17.0	60.83	59.93	56.08	34.01	52.84	43.19	66.71	16.12	43.19	12.0	28.43	11.18	40.11	12.37	9.85	0.0	52.01	71.45	18.79	55.71	26.02	33.73	46.01	43.01	12.0	47.89	34.99	9.85	51.79	41.77	65.44	40.31	41.88	41.63	31.02	36.06	32.45	39.62	6.08	29.27	37.74	17.2
48	37.01	97.98	45.4	84.21	73.98	61.07	36.22	37.58	45.88	24.6	95.05	73.55	91.66	84.53	72.01	101.98	13.04	12.17	28.16	71.7	120.62	72.45	32.06	76.11	83.63	95.67	37.12	78.45	52.63	71.56	113.23	37.12	83.86	95.19	86.35	55.01	68.45	91.39	118.09	39.05	94.85	61.91	64.54	60.03	86.03	41.01	43.57	52.01	0.0	123.33	51.24	93.77	74.69	73.36	72.03	54.74	43.19	55.01	17.8	48.17	96.9	93.43	117.44	21.21	64.07	74.0	78.39	21.1	63.32	89.0	47.71	71.34	73.98	35.85
49	101.98	57.04	94.15	87.05	67.36	92.2	99.73	87.78	88.14	116.21	84.02	92.2	92.02	56.22	51.62	37.01	110.89	115.97	110.8	74.33	3.16	69.23	99.81	86.68	56.32	27.66	100.18	70.26	79.92	53.41	11.7	87.73	93.54	75.03	73.06	88.57	98.49	45.89	9.22	85.0	28.6	63.25	73.41	65.44	53.37	82.46	80.62	71.45	123.33	0.0	79.32	69.0	54.59	61.13	85.62	98.09	80.6	97.53	105.89	75.8	43.05	30.0	8.06	110.63	88.87	69.87	54.23	106.89	73.38	43.97	76.38	59.46	71.84	88.39
50	52.8	46.87	52.43	81.3	23.09	65.05	49.66	15.03	46.23	37.48	49.4	33.94	49.4	62.17	30.08	51.87	42.19	40.72	31.83	22.56	76.28	58.18	21.4	33.02	61.19	53.23	50.99	65.39	2.83	26.4	68.01	16.12	43.42	46.87	74.85	15.23	34.13	40.82	76.48	28.3	53.31	17.46	14.04	15.3	34.93	24.41	14.42	18.79	51.24	79.32	0.0	44.1	25.46	52.2	28.6	24.52	26.25	64.03	38.01	27.02	68.01	52.0	72.2	33.29	23.43	60.42	28.02	30.87	51.11	39.2	14.21	47.54	24.19	18.25
51	95.34	12.17	93.05	112.93	21.59	102.47	92.18	59.14	86.16	74.63	15.13	29.0	23.09	85.04	48.17	32.02	86.01	82.2	68.96	22.09	66.01	88.09	61.81	23.35	84.29	55.15	93.41	94.18	42.01	42.64	58.14	60.21	26.0	6.32	102.53	39.56	36.77	25.63	71.57	70.34	56.86	44.72	30.07	44.78	20.81	66.22	57.07	55.71	93.77	69.0	44.1	0.0	33.42	79.31	25.24	44.29	67.05	103.37	82.02	65.55	83.01	56.36	61.01	73.55	32.65	90.14	28.32	72.69	84.31	29.97	54.82	74.41	20.0	62.29
52	66.12	29.41	62.17	79.51	16.76	69.86	63.07	37.12	55.11	62.94	45.61	42.43	50.12	52.43	14.87	27.31	63.91	65.19	57.28	23.35	51.48	54.67	46.75	38.08	51.61	30.41	64.12	60.83	25.61	9.22	43.05	37.58	47.76	38.9	69.35	34.18	47.0	17.26	52.81	42.11	31.14	14.04	19.42	15.3	14.56	38.21	31.62	26.02	74.69	54.59	25.46	33.42	0.0	45.97	35.36	43.97	38.01	71.47	59.14	35.13	52.81	30.07	47.17	58.41	36.12	56.73	5.39	55.47	51.11	14.32	27.89	41.04	21.84	39.0
53	43.28	73.5	34.41	33.84	61.22	31.26	41.73	49.0	29.7	76.94	91.35	83.65	95.0	11.4	31.14	61.68	60.37	70.52	73.33	66.29	59.44	9.49	63.03	80.78	10.44	38.05	41.77	14.87	54.71	36.77	55.23	48.01	91.27	84.86	23.6	67.36	85.62	57.8	53.14	36.14	36.01	38.08	58.67	39.36	59.2	36.35	42.11	33.73	73.36	61.13	52.2	79.31	45.97	0.0	77.03	76.66	33.38	36.4	55.95	29.07	24.08	35.06	58.55	69.23	74.32	11.18	50.99	64.33	12.53	52.84	39.46	5.0	65.8	47.1
54	81.01	34.71	81.02	108.41	19.0	93.43	77.9	42.05	74.81	50.8	23.02	7.07	21.02	85.49	48.38	50.16	66.29	60.0	45.4	12.04	82.46	84.31	40.2	4.47	84.58	65.0	79.26	91.27	25.81	42.72	73.98	43.38	14.87	24.35	100.5	17.26	13.0	39.85	85.84	56.86	66.03	38.95	18.36	37.74	32.28	53.01	43.01	46.01	72.03	85.62	28.6	25.24	35.36	77.03	0.0	19.31	54.82	92.62	63.06	55.17	87.8	65.07	77.62	51.01	8.06	86.53	33.0	51.16	78.24	41.77	42.52	72.07	14.04	45.62
55	70.18	52.63	72.25	104.66	31.62	86.61	67.27	32.02	67.01	32.06	41.44	19.0	37.05	86.68	53.08	65.22	51.08	42.58	27.02	25.5	94.94	82.28	24.6	22.56	85.7	74.22	68.68	89.54	22.2	48.37	86.41	33.42	29.15	43.66	99.02	10.05	13.93	54.08	96.77	48.6	74.73	41.01	24.7	39.05	46.62	45.49	36.24	43.01	54.74	98.09	24.52	44.29	43.97	76.66	19.31	0.0	48.02	84.39	48.76	50.09	92.09	73.55	90.38	33.54	11.66	84.5	43.86	34.79	74.73	54.59	37.7	72.03	28.32	35.47
56	28.44	66.48	26.42	56.86	45.54	38.95	25.32	16.76	20.0	43.57	74.71	60.14	75.45	44.72	30.46	64.13	30.41	38.01	40.05	47.41	78.01	36.22	30.15	59.2	43.74	53.01	26.48	43.42	29.07	31.78	71.02	15.52	69.66	70.94	52.77	40.46	59.67	55.15	75.01	4.47	52.01	24.0	38.47	23.09	52.09	3.0	12.04	12.0	43.19	80.6	26.25	67.05	38.01	33.38	54.82	48.02	0.0	37.8	25.46	5.0	55.15	50.61	75.17	35.9	49.5	38.33	43.01	31.05	27.66	51.48	12.53	30.08	48.33	14.14
57	18.11	100.88	12.21	29.83	82.3	7.21	19.65	52.4	17.8	69.89	112.16	97.84	113.23	43.42	59.03	93.65	44.72	58.46	68.94	84.91	95.8	29.07	62.43	97.01	42.94	73.44	18.44	31.24	66.84	63.06	91.24	50.99	107.45	107.78	35.81	77.79	96.88	87.1	89.49	36.07	71.57	58.69	76.01	58.6	86.02	39.7	49.68	47.89	55.01	97.53	64.03	103.37	71.47	36.4	92.62	84.39	37.8	0.0	42.72	38.08	58.18	70.46	94.73	62.03	87.11	29.15	76.84	57.38	24.33	82.57	50.22	38.47	85.59	48.92
58	25.08	84.59	31.4	70.18	61.07	47.68	23.09	23.09	30.07	27.31	85.7	66.13	83.82	67.23	54.92	86.38	5.0	16.03	27.2	60.13	103.23	55.79	24.19	67.45	66.31	78.24	24.35	62.17	40.01	55.01	96.02	22.2	76.55	84.38	70.58	45.88	62.61	76.24	100.45	21.26	77.34	45.69	52.0	44.01	71.59	23.43	27.51	34.99	17.8	105.89	38.01	82.02	59.14	55.95	63.06	48.76	25.46	42.72	0.0	30.41	79.26	75.93	100.21	19.72	55.66	57.49	63.32	15.62	46.57	73.39	31.38	53.71	62.03	20.4
59	31.02	64.13	27.51	54.59	44.28	38.29	28.0	20.1	20.62	48.05	74.09	60.88	75.43	40.31	26.25	60.53	35.36	42.94	44.28	46.87	73.24	32.76	34.0	59.46	39.32	48.26	29.02	40.02	29.83	28.16	66.37	19.03	70.04	69.78	49.48	41.88	61.03	52.0	70.09	9.22	47.2	21.38	38.01	20.88	49.5	7.62	13.93	9.85	48.17	75.8	27.02	65.55	35.13	29.07	55.17	50.09	5.0	38.08	30.41	0.0	50.33	45.8	70.49	40.52	50.45	34.93	40.31	35.74	24.7	48.09	12.81	25.5	47.51	18.03
60	67.21	74.2	58.14	44.01	69.57	51.89	65.76	68.88	53.76	98.08	97.06	94.83	102.55	14.76	39.62	57.31	83.86	93.11	93.86	75.96	42.3	29.15	82.98	90.8	15.26	29.73	65.76	28.16	70.01	45.12	41.11	68.15	100.57	89.19	30.02	82.15	98.48	58.01	34.0	58.6	27.59	51.09	70.21	53.04	62.27	57.94	61.39	51.79	96.9	43.05	68.01	83.01	52.81	24.08	87.8	92.09	55.15	58.18	79.26	50.33	0.0	27.59	43.17	90.76	87.13	29.07	56.46	86.03	36.12	53.25	57.87	25.55	74.63	67.72
61	72.8	46.87	65.52	66.41	46.1	66.03	70.38	58.6	59.14	87.66	70.94	72.11	77.2	34.54	22.47	29.83	80.92	86.45	82.49	53.04	27.46	44.28	71.34	67.36	34.18	3.0	70.94	47.54	53.14	25.63	21.19	58.41	76.3	62.65	53.31	63.56	77.03	30.89	25.0	55.0	1.41	34.89	49.37	37.12	36.06	52.5	51.22	41.77	93.43	30.0	52.0	56.36	30.07	35.06	65.07	73.55	50.61	70.46	75.93	45.8	27.59	0.0	25.08	81.61	66.19	45.54	32.14	77.62	46.17	26.4	47.01	32.06	51.16	58.9
62	97.86	49.09	90.44	86.7	59.46	89.81	95.46	81.32	84.15	109.34	76.06	84.17	84.01	55.08	45.45	29.0	105.21	109.66	103.86	66.41	5.0	67.19	92.96	78.64	55.04	22.36	96.01	69.03	72.67	46.69	4.24	81.34	85.48	67.07	72.84	80.95	90.52	37.85	12.81	79.61	23.77	56.59	65.74	58.73	45.35	76.84	74.33	65.44	117.44	8.06	72.2	61.01	47.17	58.55	77.62	90.38	75.17	94.73	100.21	70.49	43.17	25.08	0.0	104.0	80.99	68.07	46.52	100.41	70.41	36.06	70.09	56.29	63.89	82.13
63	44.72	78.77	50.29	88.28	54.78	66.48	42.54	23.02	47.68	8.06	74.0	52.35	70.46	80.6	59.2	85.15	19.8	9.06	7.81	51.66	107.71	71.11	12.08	55.01	79.62	83.41	43.86	78.03	34.0	57.31	99.76	23.32	62.65	74.55	87.01	34.23	47.3	74.09	106.61	33.24	83.01	47.42	45.31	45.28	68.0	32.98	30.53	40.31	21.21	110.63	33.29	73.55	58.41	69.23	51.01	33.54	35.9	62.03	19.72	40.52	90.76	81.61	104.0	0.0	43.0	73.06	61.29	5.0	62.03	72.42	34.67	65.97	54.12	23.26
64	74.63	41.11	75.29	104.56	21.54	88.41	71.56	35.51	69.35	42.76	31.0	10.82	28.16	83.49	47.52	54.71	58.69	52.01	37.34	14.76	85.7	81.01	32.39	12.04	82.54	66.48	72.95	88.12	20.62	42.19	77.16	36.89	21.02	32.28	97.49	9.85	11.4	43.83	88.29	51.09	67.27	36.69	17.03	35.11	36.24	47.42	37.48	41.88	64.07	88.87	23.43	32.65	36.12	74.32	8.06	11.66	49.5	87.11	55.66	50.45	87.13	66.19	80.99	43.0	0.0	83.24	34.93	43.29	74.33	44.94	37.64	69.46	17.49	39.12
65	40.22	84.6	30.81	22.8	71.51	22.85	39.45	54.92	28.23	81.02	101.83	92.96	105.12	14.32	42.01	72.8	61.4	72.99	78.06	76.22	68.47	2.24	68.47	90.44	13.93	48.51	39.12	5.1	63.07	47.51	65.0	53.76	101.02	95.59	14.56	75.64	94.37	68.96	61.39	40.01	46.39	47.8	68.24	48.83	70.21	41.3	48.76	41.63	74.0	69.87	60.42	90.14	56.73	11.18	86.53	84.5	38.33	29.15	57.49	34.93	29.07	45.54	68.07	73.06	83.24	0.0	61.85	68.07	11.05	64.01	46.82	15.81	75.93	52.47
