set K:= 1	2;
set C_H:= 1	2;
set C_S:= 3	4;
set C_F:= 5	6;
set M:= 7	8	9	10	11	12;
set L_B:= 13	14;
set A1:=
(0,*) 1 2 5 6 7 8 9 10 11 12 13 14
(1,*) 0 2 5 6 7 8 9 10 11 12 13 14
(2,*) 0 1 5 6 7 8 9 10 11 12 13 14
(5,*) 0 1 2 6 7 8 9 10 11 12 13 14
(6,*) 0 1 2 5 7 8 9 10 11 12 13 14
(7,*) 0 1 2 5 6 8 9 10 11 12 13 14
(8,*) 0 1 2 5 6 7 9 10 11 12 13 14
(9,*) 0 1 2 5 6 7 8 10 11 12 13 14
(10,*) 0 1 2 5 6 7 8 9 11 12 13 14
(11,*) 0 1 2 5 6 7 8 9 10 12 13 14
(12,*) 0 1 2 5 6 7 8 9 10 11 13 14
(13,*) 0 1 2 5 6 7 8 9 10 11 12 14
(14,*) 0 1 2 5 6 7 8 9 10 11 12 13
;
set A2:=
(7,*) 8
(8,*) 7
(9,*) 10
(10,*) 9
(11,*) 12
(12,*) 11
;
param BigM:=99999;
param n:= 2;
param d:=
1	7
2	13
3	12
4	9
5	23
6	9
;
param Q:=100;
param w:=
[7,*] 8 0.1
[8,*] 7 0.1
[9,*] 10 0.1
[10,*] 9 0.1
[11,*] 12 0.1
[12,*] 11 0.1
;
param V:=
[7,*] 8 95
[8,*] 7 95
[9,*] 10 95
[10,*] 9 95
[11,*] 12 97
[12,*] 11 97
;
param e:
	7	8	9	10	11	12	13	14:=
3		1		0		0		0		1		0		0		1	
4		0		0		1		0		0		1		1		0	
5		0		0		1		0		0		1		1		0	
6		0		0		1		0		0		1		1		0	
;
param p:=
1	3
2	3
;
param G:=
7	72
8	95
9	92
10	95
11	76
12	97
13	76
14	76
;
param s:=
0	0
1	10
2	10
5	10
6	10
7	10
8	10
9	10
10	10
11	10
12	10
13	10
14	10
;
param t:
	0	1	2	3	4	5	6	7	8	9	10	11	12	13	14:=
0	0.0	56.01	39.81	30.36	74.25	75.03	95.86	27.29	102.07	80.01	70.11	15.52	80.52	63.25	70.6
1	56.01	0.0	26.91	28.79	72.11	76.69	93.86	29.43	78.77	99.05	14.87	41.3	86.82	70.83	23.32
2	39.81	26.91	0.0	10.63	50.16	53.76	73.06	15.81	67.54	73.06	36.4	24.7	63.06	45.88	32.06
3	30.36	28.79	10.63	0.0	58.08	61.03	81.1	5.39	77.9	77.08	41.3	14.87	69.58	51.79	40.26
4	74.25	72.11	50.16	58.08	0.0	5.83	23.02	63.2	36.4	35.47	73.57	65.25	16.28	13.89	60.0
5	75.03	76.69	53.76	61.03	5.83	0.0	20.88	66.0	40.61	29.73	78.77	67.08	10.63	12.21	65.44
6	95.86	93.86	73.06	81.1	23.02	20.88	0.0	86.21	36.4	35.44	93.62	87.86	17.69	32.7	79.16
7	27.29	29.43	15.81	5.39	63.2	66.0	86.21	0.0	83.24	80.99	43.0	12.0	74.33	56.44	43.66
8	102.07	78.77	67.54	77.9	36.4	40.61	36.4	83.24	0.0	68.07	73.06	89.63	47.01	49.98	58.01
9	80.01	99.05	73.06	77.08	35.47	29.73	35.44	80.99	68.07	0.0	104.0	77.67	21.1	29.0	92.1
10	70.11	14.87	36.4	41.3	73.57	78.77	93.62	43.0	73.06	104.0	0.0	55.0	89.31	75.07	15.13
11	15.52	41.3	24.7	14.87	65.25	67.08	87.86	12.0	89.63	77.67	55.0	0.0	74.17	56.22	55.08
12	80.52	86.82	63.06	69.58	16.28	10.63	17.69	74.33	47.01	21.1	89.31	74.17	0.0	18.0	76.06
13	63.25	70.83	45.88	51.79	13.89	12.21	32.7	56.44	49.98	29.0	75.07	56.22	18.0	0.0	63.13
14	70.6	23.32	32.06	40.26	60.0	65.44	79.16	43.66	58.01	92.1	15.13	55.08	76.06	63.13	0.0
;
